[name]
unknown

[dist]
# distance from previous block
# <min> <max>
0	53

[block]
# block no. 0 follows, 45 sequences, length 21
# corresponding to MSA columns:
# 53-59,64-77
name=unknown_A
#
# <colnr> <probs for GDERKNQSTAVLIFYWHMCP>
#	G	D	E	R	K	N	Q	S	T	A	V	L	I	F	Y	W	H	M	C	P
0	0.04756	0.01207	0.01254	0.01107	0.02918	0.09314	0.01978	0.18814	0.17965	0.10317	0.08144	0.03442	0.01713	0.06906	0.00740	0.00201	0.01776	0.06233	0.00488	0.00728
1	0.12828	0.00890	0.01018	0.00859	0.01156	0.04681	0.00680	0.01885	0.01381	0.38118	0.17193	0.10971	0.02189	0.00832	0.00541	0.00169	0.00418	0.00689	0.00558	0.02944
2	0.00754	0.00549	0.00704	0.00794	0.00874	0.00527	0.00579	0.04301	0.01152	0.01513	0.03086	0.57020	0.10072	0.01569	0.00684	0.00217	0.00353	0.14285	0.00499	0.00470
3	0.02020	0.01220	0.01517	0.01364	0.09801	0.05062	0.03622	0.23751	0.04097	0.35696	0.01690	0.01758	0.01195	0.00665	0.00548	0.00167	0.00558	0.03866	0.00539	0.00864
4	0.01990	0.01527	0.01580	0.01309	0.05147	0.08236	0.01021	0.60617	0.02290	0.06494	0.01288	0.01309	0.00924	0.00629	0.00527	0.00158	0.00609	0.00474	0.02998	0.00873
5	0.00654	0.00467	0.00623	0.00747	0.00779	0.00436	0.00498	0.00747	0.01028	0.01370	0.02959	0.80785	0.03550	0.01682	0.00685	0.00218	0.00311	0.01526	0.00498	0.00436
6	0.01579	0.00923	0.01089	0.00939	0.01249	0.00934	0.00749	0.02295	0.31040	0.29997	0.06148	0.02688	0.12619	0.00850	0.00570	0.00179	0.00410	0.04377	0.00582	0.00783
7	0.05558	0.05646	0.10217	0.00964	0.01361	0.00938	0.00878	0.06618	0.02742	0.39211	0.15436	0.02126	0.04493	0.00729	0.00536	0.00165	0.00466	0.00593	0.00545	0.00781
8	0.01096	0.00918	0.01147	0.01051	0.01251	0.04864	0.04805	0.01691	0.23165	0.03996	0.01729	0.02269	0.01493	0.02235	0.35512	0.00488	0.02978	0.06524	0.02163	0.00626
9	0.14906	0.03846	0.01019	0.00862	0.01088	0.00843	0.00695	0.01488	0.01044	0.20175	0.01464	0.01791	0.01190	0.02495	0.44042	0.00551	0.00999	0.00509	0.00384	0.00610
10	0.08329	0.09661	0.19970	0.01161	0.01613	0.01413	0.01123	0.09155	0.37685	0.02135	0.01542	0.01517	0.01156	0.00622	0.00498	0.00169	0.00543	0.00486	0.00419	0.00803
11	0.01383	0.72271	0.08856	0.00966	0.01440	0.02002	0.00996	0.01592	0.01086	0.01298	0.00788	0.00927	0.00711	0.00588	0.03102	0.00145	0.00622	0.00306	0.00231	0.00690
12	0.01911	0.01556	0.06384	0.01267	0.01685	0.01637	0.01093	0.65335	0.02300	0.03109	0.01221	0.01270	0.00882	0.00660	0.00634	0.00168	0.07040	0.00477	0.00493	0.00879
13	0.01198	0.12296	0.62908	0.01431	0.02154	0.01388	0.01775	0.07699	0.01241	0.01783	0.00963	0.01113	0.00700	0.00515	0.00492	0.00163	0.00750	0.00390	0.00252	0.00790
14	0.21048	0.14810	0.04394	0.00936	0.01352	0.10144	0.02930	0.01609	0.01149	0.05297	0.03658	0.01144	0.00889	0.00493	0.00409	0.00126	0.00525	0.00355	0.00323	0.28408
15	0.01247	0.19205	0.54939	0.01372	0.02060	0.01472	0.01665	0.08963	0.01261	0.01773	0.00950	0.01091	0.00705	0.00512	0.00478	0.00158	0.00727	0.00382	0.00258	0.00783
16	0.05973	0.22459	0.26851	0.01175	0.01707	0.01526	0.01242	0.22113	0.01505	0.03848	0.01250	0.02642	0.04307	0.00595	0.00474	0.00154	0.00621	0.00443	0.00346	0.00769
17	0.05577	0.38814	0.20219	0.01364	0.07872	0.01692	0.06201	0.04993	0.04086	0.01626	0.00920	0.01072	0.00750	0.00503	0.00463	0.00146	0.02323	0.00376	0.00266	0.00737
18	0.08553	0.01488	0.15077	0.02459	0.02756	0.05998	0.01056	0.18351	0.08382	0.06774	0.06879	0.04432	0.01328	0.00680	0.00570	0.00164	0.04170	0.01633	0.00414	0.08837
19	0.03443	0.15933	0.34583	0.02398	0.02736	0.03411	0.02531	0.02924	0.05850	0.02664	0.02238	0.02308	0.00921	0.03427	0.00572	0.00163	0.01957	0.00424	0.00288	0.11229
20	0.03549	0.10294	0.11302	0.02622	0.01617	0.02527	0.03697	0.21823	0.10645	0.13607	0.07198	0.01579	0.01300	0.00627	0.00511	0.00157	0.00554	0.00501	0.00452	0.05436

[dist]
# distance from previous block
# <min> <max>
1	65

[block]
# block no. 1 follows, 45 sequences, length 13
# corresponding to MSA columns:
# 164-176
name=unknown_B
#
# <colnr> <probs for GDERKNQSTAVLIFYWHMCP>
#	G	D	E	R	K	N	Q	S	T	A	V	L	I	F	Y	W	H	M	C	P
0	0.23749	0.02589	0.01444	0.12930	0.21003	0.07517	0.01070	0.06064	0.01234	0.04625	0.05878	0.01433	0.02530	0.00581	0.00510	0.00163	0.02726	0.00455	0.00336	0.03162
1	0.29184	0.00986	0.01096	0.00964	0.03465	0.02873	0.04781	0.05344	0.06667	0.09553	0.18076	0.05118	0.01897	0.00709	0.00490	0.00163	0.00434	0.00576	0.00446	0.07177
2	0.10398	0.01001	0.03941	0.03724	0.08893	0.02816	0.04966	0.06459	0.07006	0.10043	0.04597	0.27220	0.01946	0.00944	0.00565	0.00181	0.00477	0.00829	0.00442	0.03553
3	0.06935	0.00918	0.01315	0.31002	0.06035	0.02654	0.04330	0.01388	0.05330	0.01738	0.18898	0.07167	0.01968	0.00732	0.00547	0.00169	0.00529	0.00645	0.00371	0.07329
4	0.00983	0.00713	0.00858	0.00856	0.00986	0.00726	0.00620	0.18218	0.01407	0.01888	0.07443	0.57329	0.03038	0.01403	0.00647	0.00202	0.00372	0.01248	0.00513	0.00551
5	0.00942	0.03654	0.06140	0.00859	0.03480	0.00671	0.00689	0.01212	0.01427	0.07437	0.56736	0.03335	0.03964	0.01175	0.05726	0.00212	0.00406	0.00835	0.00528	0.00571
6	0.14807	0.01302	0.01404	0.01092	0.01504	0.01400	0.00902	0.48351	0.02059	0.19799	0.01390	0.01344	0.00954	0.00626	0.00506	0.00163	0.00534	0.00466	0.00534	0.00862
7	0.00767	0.00575	0.00863	0.00863	0.00959	0.00671	0.00671	0.00959	0.00863	0.01246	0.01438	0.02109	0.01342	0.04026	0.79008	0.00863	0.01438	0.00575	0.00288	0.00479
8	0.31412	0.06895	0.01393	0.03900	0.01404	0.06065	0.06307	0.05582	0.01102	0.04577	0.03263	0.01389	0.02179	0.05811	0.00841	0.00199	0.16294	0.00446	0.00327	0.00613
9	0.07527	0.40518	0.14125	0.01003	0.01463	0.04091	0.01010	0.01668	0.01133	0.09657	0.01051	0.03692	0.00883	0.00726	0.04707	0.00176	0.00627	0.00391	0.00301	0.05253
10	0.04299	0.58565	0.09702	0.00978	0.01429	0.04025	0.00984	0.01577	0.01117	0.01417	0.04971	0.01083	0.00929	0.00514	0.00423	0.00127	0.02877	0.00343	0.00258	0.04381
11	0.01403	0.42962	0.13977	0.01078	0.01539	0.04737	0.01066	0.01996	0.20946	0.03732	0.01198	0.01233	0.00954	0.00547	0.00434	0.00143	0.00581	0.00397	0.00326	0.00751
12	0.03024	0.10602	0.10801	0.00846	0.01129	0.00899	0.00772	0.06506	0.01279	0.04212	0.14507	0.05581	0.20526	0.09844	0.02219	0.00223	0.00467	0.05563	0.00428	0.00572

[dist]
# distance from previous block
# <min> <max>
0	2

[block]
# block no. 2 follows, 45 sequences, length 9
# corresponding to MSA columns:
# 179-185,196,197
name=unknown_C
#
# <colnr> <probs for GDERKNQSTAVLIFYWHMCP>
#	G	D	E	R	K	N	Q	S	T	A	V	L	I	F	Y	W	H	M	C	P
0	0.01324	0.11792	0.08360	0.00977	0.01291	0.03123	0.00867	0.16146	0.03431	0.08119	0.15041	0.02472	0.11406	0.06006	0.00758	0.00190	0.05369	0.02219	0.00443	0.00668
1	0.01376	0.08539	0.11718	0.18494	0.04265	0.01358	0.01193	0.24748	0.01556	0.02114	0.06041	0.04344	0.01163	0.00651	0.00588	0.00164	0.05078	0.00512	0.00367	0.05731
2	0.01230	0.27899	0.08911	0.01206	0.08190	0.01410	0.01000	0.07019	0.07633	0.01693	0.07099	0.08831	0.05199	0.00762	0.00578	0.00160	0.05654	0.02725	0.00356	0.02445
3	0.05630	0.27126	0.28897	0.01333	0.06028	0.01481	0.05753	0.01545	0.01093	0.01537	0.01178	0.01401	0.05453	0.03573	0.00628	0.00170	0.05779	0.00439	0.00259	0.00696
4	0.14551	0.15638	0.37914	0.01265	0.01813	0.01365	0.05825	0.01589	0.01109	0.01749	0.06690	0.01284	0.01008	0.00567	0.00547	0.00164	0.05521	0.00423	0.00275	0.00703
5	0.15103	0.21792	0.20168	0.02787	0.05905	0.04550	0.02544	0.04049	0.05253	0.05082	0.01245	0.01342	0.05013	0.00562	0.00450	0.00153	0.00596	0.00419	0.00313	0.02675
6	0.04267	0.15019	0.27833	0.01279	0.05913	0.04576	0.01251	0.07171	0.02571	0.04047	0.08907	0.04908	0.02570	0.00794	0.03576	0.00189	0.03569	0.00519	0.00333	0.00708
7	0.02568	0.22275	0.18545	0.05581	0.01663	0.06299	0.01123	0.07161	0.06137	0.01714	0.06621	0.01603	0.01228	0.00858	0.06280	0.00203	0.00671	0.03309	0.00324	0.05838
8	0.17365	0.09590	0.14306	0.07286	0.05798	0.06993	0.02385	0.04073	0.01184	0.03331	0.07216	0.01629	0.03993	0.02054	0.00594	0.00169	0.05455	0.02042	0.00325	0.04211

[dist]
# distance from previous block
# <min> <max>
5	59

[block]
# block no. 3 follows, 45 sequences, length 18
# corresponding to MSA columns:
# 291-308
name=unknown_D
#
# <colnr> <probs for GDERKNQSTAVLIFYWHMCP>
#	G	D	E	R	K	N	Q	S	T	A	V	L	I	F	Y	W	H	M	C	P
0	0.01232	0.05684	0.14410	0.05685	0.01597	0.03506	0.03144	0.12787	0.05366	0.03896	0.14385	0.06708	0.04826	0.00759	0.00599	0.00163	0.04509	0.00619	0.00405	0.09720
1	0.06188	0.08163	0.14973	0.05491	0.05715	0.03665	0.04676	0.06980	0.04249	0.13806	0.11081	0.01654	0.01426	0.00610	0.00506	0.00154	0.00561	0.00503	0.00398	0.09201
2	0.01371	0.04510	0.09795	0.06775	0.09685	0.01194	0.08954	0.19605	0.03885	0.05907	0.09645	0.04653	0.05353	0.00689	0.00549	0.00163	0.00572	0.00601	0.00411	0.05680
3	0.01146	0.03402	0.07935	0.01190	0.09092	0.00975	0.02995	0.13464	0.06240	0.01902	0.09152	0.11999	0.05862	0.12538	0.00871	0.00215	0.00496	0.00720	0.00411	0.09397
4	0.01359	0.04588	0.11283	0.01401	0.09773	0.01233	0.05051	0.19315	0.01471	0.04243	0.05499	0.03826	0.04090	0.00764	0.02829	0.00180	0.09215	0.00532	0.00374	0.12973
5	0.01195	0.07365	0.22992	0.06587	0.06696	0.01137	0.03617	0.04586	0.06981	0.06490	0.10548	0.08145	0.01594	0.00714	0.00586	0.00168	0.03935	0.00596	0.00367	0.05701
6	0.05761	0.01378	0.14343	0.09089	0.19679	0.04249	0.03633	0.10658	0.01311	0.01858	0.03618	0.05945	0.05001	0.06866	0.00699	0.00194	0.00603	0.00581	0.03843	0.00690
7	0.01259	0.09947	0.05295	0.01106	0.06488	0.05238	0.00858	0.05435	0.04214	0.10503	0.16464	0.12292	0.05942	0.00972	0.02876	0.00188	0.05982	0.00718	0.00436	0.03787
8	0.03406	0.04855	0.11040	0.12858	0.04864	0.01160	0.02974	0.11152	0.05460	0.06107	0.01647	0.12900	0.05710	0.00798	0.00656	0.00176	0.07957	0.00648	0.00377	0.05255
9	0.05861	0.14449	0.16651	0.12869	0.12395	0.12317	0.01286	0.01687	0.04077	0.03434	0.03481	0.01307	0.00929	0.00694	0.03693	0.00187	0.03273	0.00429	0.00284	0.00697
10	0.01115	0.09072	0.09034	0.01053	0.03211	0.04071	0.03040	0.01428	0.05470	0.06896	0.09312	0.08094	0.07858	0.03515	0.08532	0.00255	0.03933	0.09188	0.00400	0.04524
11	0.07429	0.13736	0.07152	0.04567	0.08059	0.03752	0.01009	0.20402	0.07147	0.07764	0.01355	0.07470	0.01144	0.03876	0.00585	0.00173	0.00560	0.00529	0.00402	0.02886
12	0.07149	0.05250	0.13775	0.01175	0.06615	0.01001	0.03126	0.01520	0.03549	0.07438	0.01339	0.05345	0.01205	0.06797	0.00726	0.00181	0.04590	0.05926	0.00346	0.22946
13	0.04333	0.34525	0.07849	0.00954	0.01292	0.06651	0.00878	0.01456	0.03803	0.01391	0.01146	0.05587	0.01081	0.05356	0.17710	0.00313	0.00771	0.00466	0.00283	0.04156
14	0.41706	0.19421	0.12052	0.04304	0.04333	0.03905	0.00946	0.01604	0.01030	0.01922	0.00807	0.00959	0.00647	0.00489	0.00383	0.00151	0.00541	0.00322	0.00286	0.04191
15	0.00779	0.04915	0.03673	0.00693	0.00847	0.00610	0.00545	0.00963	0.01249	0.01671	0.33616	0.09200	0.20535	0.14305	0.00966	0.00233	0.00352	0.03886	0.00483	0.00480
16	0.01197	0.06306	0.11593	0.08725	0.09663	0.04145	0.08634	0.09532	0.06167	0.01810	0.08285	0.09025	0.05348	0.04119	0.00683	0.00187	0.02877	0.00659	0.00367	0.00677
17	0.00666	0.00506	0.00618	0.00701	0.00790	0.00457	0.00500	0.00787	0.01111	0.01417	0.03771	0.49249	0.28062	0.01558	0.00673	0.00208	0.00314	0.07669	0.00498	0.00447

[dist]
# distance from previous block
# <min> <max>
0	1

[block]
# block no. 4 follows, 45 sequences, length 20
# corresponding to MSA columns:
# 310,311,313-327,345-347
name=unknown_E
#
# <colnr> <probs for GDERKNQSTAVLIFYWHMCP>
#	G	D	E	R	K	N	Q	S	T	A	V	L	I	F	Y	W	H	M	C	P
0	0.01203	0.03317	0.01171	0.00809	0.01281	0.00762	0.00654	0.01438	0.01139	0.06493	0.01020	0.01150	0.00825	0.00416	0.00405	0.00086	0.00406	0.00331	0.00337	0.76757
1	0.01144	0.02761	0.72771	0.01519	0.02275	0.06895	0.01915	0.01732	0.01161	0.01672	0.00954	0.01121	0.00681	0.00513	0.00508	0.00168	0.00806	0.00393	0.00230	0.00781
2	0.01113	0.00954	0.01113	0.00795	0.01272	0.00716	0.00636	0.01352	0.01113	0.01749	0.00954	0.01113	0.00795	0.00398	0.00398	0.00080	0.00398	0.00318	0.00318	0.84417
3	0.01360	0.01230	0.04833	0.01631	0.19618	0.01138	0.06396	0.12200	0.13287	0.04444	0.02340	0.02850	0.02189	0.00566	0.00510	0.00145	0.00536	0.00499	0.00385	0.23843
4	0.73773	0.01080	0.00876	0.00769	0.01106	0.01247	0.00630	0.07297	0.05454	0.02473	0.00872	0.00969	0.00668	0.00523	0.00360	0.00167	0.00429	0.00324	0.00360	0.00622
5	0.01165	0.01134	0.01950	0.30438	0.31991	0.01262	0.08852	0.01479	0.01120	0.01545	0.01040	0.04494	0.00888	0.00596	0.00689	0.00179	0.09681	0.00534	0.00262	0.00700
6	0.01011	0.00586	0.00627	0.00569	0.00757	0.00547	0.00435	0.01257	0.01112	0.01924	0.01593	0.01845	0.01269	0.00727	0.03691	0.00148	0.00327	0.00470	0.65381	0.15726
7	0.01733	0.01456	0.01426	0.01118	0.01523	0.11728	0.00899	0.43200	0.01954	0.02589	0.01208	0.04492	0.00961	0.00610	0.00499	0.00139	0.00579	0.00464	0.00442	0.22980
8	0.02840	0.05922	0.01398	0.01203	0.07597	0.14697	0.02993	0.05005	0.06432	0.12380	0.04688	0.08366	0.01397	0.02169	0.00547	0.00153	0.00552	0.02068	0.00404	0.19188
9	0.01235	0.11374	0.35326	0.01588	0.08609	0.01421	0.06248	0.03181	0.02295	0.04188	0.00998	0.02668	0.00805	0.00619	0.00763	0.00177	0.17047	0.00452	0.00266	0.00740
10	0.00666	0.00478	0.00633	0.00743	0.00787	0.00446	0.00505	0.00776	0.01073	0.01434	0.08434	0.71636	0.05481	0.01627	0.00681	0.00214	0.00310	0.03128	0.00505	0.00443
11	0.01264	0.01331	0.02777	0.02010	0.02501	0.01253	0.62730	0.01729	0.04422	0.04791	0.06202	0.01758	0.03373	0.00540	0.00626	0.00180	0.00807	0.00665	0.00326	0.00715
12	0.01242	0.24164	0.50208	0.01443	0.06420	0.01471	0.01625	0.01707	0.01143	0.04581	0.00952	0.01097	0.00718	0.00500	0.00467	0.00154	0.00711	0.00377	0.00247	0.00773
13	0.01378	0.01355	0.02067	0.08961	0.63938	0.07175	0.01569	0.03995	0.01274	0.01742	0.01001	0.01308	0.00830	0.00494	0.00528	0.00159	0.00667	0.00468	0.00273	0.00815
14	0.00657	0.00543	0.00565	0.00560	0.00724	0.00463	0.00413	0.00796	0.01227	0.01498	0.12766	0.04942	0.65253	0.06300	0.00765	0.00201	0.00285	0.01094	0.00497	0.00451
15	0.01557	0.01241	0.01553	0.01480	0.11955	0.08274	0.08691	0.13720	0.14699	0.13902	0.03015	0.08210	0.04404	0.01767	0.01875	0.00188	0.01608	0.00640	0.00456	0.00765
16	0.01350	0.01442	0.09373	0.18663	0.34338	0.07908	0.04559	0.01760	0.05925	0.05869	0.01108	0.01371	0.00862	0.00536	0.00563	0.00167	0.02670	0.00476	0.00296	0.00764
17	0.00704	0.00518	0.00698	0.00769	0.00829	0.00495	0.02028	0.00815	0.01023	0.01354	0.02848	0.53113	0.08738	0.11577	0.05815	0.00294	0.00431	0.07055	0.00459	0.00437
18	0.00887	0.00719	0.00979	0.00938	0.01031	0.00863	0.00724	0.01196	0.09634	0.01359	0.01547	0.07798	0.01495	0.09860	0.45879	0.00613	0.12979	0.00650	0.00328	0.00521
19	0.01224	0.14453	0.32187	0.03608	0.09650	0.08274	0.07055	0.01652	0.04125	0.01558	0.01220	0.01504	0.04079	0.06402	0.00662	0.00185	0.00709	0.00470	0.00270	0.00711

[dist]
# distance from previous block
# <min> <max>
0	5

[block]
# block no. 5 follows, 45 sequences, length 6
# corresponding to MSA columns:
# 353-358
name=unknown_F
#
# <colnr> <probs for GDERKNQSTAVLIFYWHMCP>
#	G	D	E	R	K	N	Q	S	T	A	V	L	I	F	Y	W	H	M	C	P
0	0.17712	0.06058	0.13130	0.03450	0.06145	0.14134	0.04248	0.04676	0.03686	0.01805	0.03536	0.01821	0.13100	0.00667	0.00490	0.00159	0.00598	0.00518	0.00339	0.03727
1	0.47293	0.07379	0.01192	0.03313	0.01302	0.12580	0.03970	0.01648	0.01130	0.05483	0.09211	0.01312	0.01142	0.00575	0.00417	0.00159	0.00523	0.00404	0.00354	0.00609
2	0.01031	0.13586	0.01211	0.03366	0.03298	0.00952	0.00735	0.09228	0.01205	0.01581	0.03817	0.20492	0.02173	0.15171	0.06079	0.00291	0.00547	0.14293	0.00403	0.00541
3	0.01551	0.65875	0.02569	0.00993	0.01434	0.08761	0.00940	0.09765	0.01284	0.01499	0.00813	0.00917	0.00714	0.00488	0.00378	0.00122	0.00610	0.00314	0.00267	0.00707
4	0.00923	0.00741	0.00971	0.01003	0.01107	0.00833	0.00809	0.01288	0.11937	0.01582	0.02440	0.25651	0.02630	0.01344	0.00860	0.00228	0.13143	0.31505	0.00461	0.00544
5	0.01790	0.02225	0.01378	0.01281	0.01519	0.66448	0.00951	0.01921	0.01442	0.01323	0.01169	0.13703	0.01148	0.00733	0.00516	0.00151	0.00863	0.00534	0.00312	0.00593

[dist]
# distance from previous block
# <min> <max>
0	3

[block]
# block no. 6 follows, 45 sequences, length 34
# corresponding to MSA columns:
# 362-395
name=unknown_G
#
# <colnr> <probs for GDERKNQSTAVLIFYWHMCP>
#	G	D	E	R	K	N	Q	S	T	A	V	L	I	F	Y	W	H	M	C	P
0	0.06276	0.01272	0.08334	0.14151	0.12110	0.08725	0.03467	0.05806	0.01229	0.09974	0.01316	0.05584	0.01126	0.04990	0.10223	0.00273	0.02157	0.01973	0.00343	0.00669
1	0.00879	0.00804	0.02666	0.06164	0.01210	0.03438	0.04353	0.03024	0.01260	0.01644	0.20243	0.09262	0.25060	0.05531	0.00824	0.00206	0.06045	0.06419	0.00450	0.00518
2	0.00641	0.00544	0.00553	0.00551	0.00729	0.00456	0.00413	0.00784	0.01240	0.01489	0.09407	0.05102	0.73575	0.01345	0.00634	0.00181	0.00271	0.01124	0.00504	0.00456
3	0.01258	0.01520	0.07575	0.02255	0.05384	0.01348	0.68894	0.01716	0.01258	0.01719	0.01076	0.01425	0.00808	0.00457	0.00623	0.00180	0.00889	0.00614	0.00269	0.00732
4	0.02870	0.11680	0.04985	0.19910	0.13732	0.10252	0.18221	0.05110	0.03248	0.01627	0.01012	0.01327	0.00809	0.02281	0.00571	0.00170	0.00737	0.00478	0.00278	0.00701
5	0.01186	0.01169	0.01845	0.46469	0.29854	0.05511	0.03333	0.01520	0.01156	0.01512	0.00970	0.01370	0.00764	0.00515	0.00534	0.00170	0.00706	0.00474	0.00251	0.00691
6	0.01329	0.01275	0.02179	0.03295	0.77787	0.01275	0.01647	0.01647	0.01222	0.01754	0.01010	0.01329	0.00850	0.00478	0.00531	0.00159	0.00638	0.00478	0.00266	0.00850
7	0.01390	0.29386	0.28959	0.01231	0.01753	0.08091	0.01311	0.05908	0.08424	0.03382	0.01026	0.01135	0.00804	0.00549	0.00518	0.00152	0.04557	0.00386	0.00290	0.00748
8	0.00781	0.00520	0.00585	0.00585	0.00585	0.00520	0.00325	0.00781	0.00781	0.01041	0.01691	0.03513	0.01952	0.81135	0.02732	0.00520	0.00520	0.00781	0.00325	0.00325
9	0.01032	0.00973	0.01644	0.75322	0.08074	0.01197	0.01500	0.01388	0.01082	0.01394	0.00957	0.01425	0.00724	0.00533	0.00536	0.00178	0.00711	0.00477	0.00240	0.00611
10	0.02005	0.02558	0.01521	0.01383	0.01659	0.78980	0.01037	0.02143	0.01521	0.01314	0.00830	0.00968	0.00691	0.00553	0.00484	0.00138	0.00968	0.00346	0.00277	0.00622
11	0.01113	0.00954	0.01113	0.00795	0.01272	0.00716	0.00636	0.01352	0.01113	0.01749	0.00954	0.01113	0.00795	0.00398	0.00398	0.00080	0.00398	0.00318	0.00318	0.84417
12	0.02041	0.01504	0.01611	0.01235	0.01665	0.01665	0.01020	0.75997	0.02524	0.03383	0.01289	0.01289	0.00913	0.00644	0.00537	0.00161	0.00591	0.00483	0.00537	0.00913
13	0.00634	0.00544	0.00544	0.00544	0.00725	0.00453	0.00408	0.00770	0.01224	0.01450	0.05438	0.05166	0.77569	0.01359	0.00634	0.00181	0.00272	0.01133	0.00498	0.00453
14	0.00767	0.00575	0.00863	0.00863	0.00959	0.00671	0.00671	0.00959	0.00863	0.01246	0.01438	0.02109	0.01342	0.04026	0.79008	0.00863	0.01438	0.00575	0.00288	0.00479
15	0.01160	0.08605	0.68152	0.01467	0.02213	0.01337	0.01847	0.06082	0.01212	0.01767	0.00966	0.01122	0.00694	0.00514	0.00499	0.00165	0.00765	0.00394	0.00245	0.00793
16	0.01329	0.01275	0.02179	0.03295	0.77787	0.01275	0.01647	0.01647	0.01222	0.01754	0.01010	0.01329	0.00850	0.00478	0.00531	0.00159	0.00638	0.00478	0.00266	0.00850
17	0.00654	0.00467	0.00623	0.00747	0.00779	0.00436	0.00498	0.00747	0.01028	0.01370	0.02959	0.80785	0.03550	0.01682	0.00685	0.00218	0.00311	0.01526	0.00498	0.00436
18	0.00648	0.00539	0.00566	0.00570	0.00736	0.00457	0.00424	0.00793	0.01240	0.01514	0.12409	0.10130	0.65416	0.01355	0.00638	0.00182	0.00273	0.01143	0.00508	0.00457
19	0.01365	0.07563	0.05257	0.01814	0.02285	0.01395	0.46825	0.11309	0.01413	0.03920	0.06221	0.01539	0.01106	0.00554	0.00651	0.00175	0.04953	0.00591	0.00331	0.00731
20	0.00847	0.00638	0.00796	0.00755	0.00765	0.00728	0.00507	0.00887	0.00796	0.01105	0.01496	0.02966	0.01674	0.59353	0.10539	0.00507	0.14242	0.00706	0.00306	0.00386
21	0.00965	0.00499	0.00510	0.00519	0.00639	0.00494	0.00385	0.01201	0.01122	0.01940	0.01950	0.07538	0.03921	0.00721	0.00405	0.00133	0.00255	0.00591	0.75716	0.00494
22	0.25953	0.18557	0.11691	0.01086	0.03198	0.05550	0.00996	0.17907	0.01414	0.07651	0.01002	0.01079	0.00755	0.00538	0.00430	0.00153	0.00574	0.00371	0.00361	0.00736
23	0.00644	0.00541	0.00559	0.00562	0.00733	0.00456	0.00419	0.00786	0.01234	0.01494	0.10161	0.08644	0.69220	0.01357	0.00637	0.00182	0.00272	0.01140	0.00505	0.00456
24	0.01704	0.38043	0.05857	0.01181	0.01565	0.40626	0.01030	0.01881	0.01309	0.01310	0.00799	0.00928	0.00690	0.00509	0.00423	0.00129	0.00782	0.00322	0.00253	0.00661
25	0.01077	0.02777	0.78354	0.01530	0.02323	0.01247	0.01983	0.01700	0.01133	0.01700	0.00963	0.01133	0.00680	0.00510	0.00510	0.00170	0.00793	0.00397	0.00227	0.00793
26	0.00750	0.00583	0.00716	0.00840	0.03478	0.02962	0.00551	0.00853	0.01032	0.01350	0.02723	0.55332	0.06679	0.12275	0.03351	0.00273	0.00413	0.04939	0.00453	0.00447
27	0.82472	0.03402	0.00848	0.00712	0.01048	0.01231	0.00591	0.01579	0.00919	0.02375	0.00747	0.00872	0.00584	0.00497	0.00333	0.00165	0.00420	0.00291	0.00329	0.00584
28	0.01383	0.01177	0.01240	0.01102	0.01414	0.01357	0.00861	0.07765	0.71828	0.02322	0.02125	0.01955	0.01590	0.00723	0.00546	0.00181	0.00436	0.00599	0.00546	0.00854
29	0.02005	0.02558	0.01521	0.01383	0.01659	0.78980	0.01037	0.02143	0.01521	0.01314	0.00830	0.00968	0.00691	0.00553	0.00484	0.00138	0.00968	0.00346	0.00277	0.00622
30	0.00769	0.00567	0.00820	0.00820	0.00901	0.00648	0.00618	0.00931	0.00850	0.01215	0.01477	0.02323	0.01435	0.15818	0.67343	0.00810	0.01298	0.00607	0.00293	0.00456
31	0.03860	0.02998	0.03385	0.00886	0.01359	0.00925	0.00740	0.12740	0.01330	0.03628	0.01019	0.01142	0.00812	0.00448	0.00422	0.00100	0.00444	0.00348	0.00354	0.63059
32	0.01318	0.01040	0.01432	0.05859	0.21901	0.00954	0.00986	0.06550	0.02975	0.09072	0.01350	0.06087	0.02792	0.00574	0.00490	0.00133	0.00491	0.00498	0.00367	0.35133
33	0.01342	0.34953	0.32228	0.01236	0.01800	0.03432	0.03849	0.03474	0.02527	0.05295	0.02445	0.01138	0.00829	0.00526	0.00485	0.00148	0.02895	0.00384	0.00272	0.00742

[dist]
# distance from previous block
# <min> <max>
0	4

[block]
# block no. 7 follows, 45 sequences, length 29
# corresponding to MSA columns:
# 400-428
name=unknown_H
#
# <colnr> <probs for GDERKNQSTAVLIFYWHMCP>
#	G	D	E	R	K	N	Q	S	T	A	V	L	I	F	Y	W	H	M	C	P
0	0.01039	0.00891	0.01213	0.01089	0.01168	0.01075	0.03682	0.08875	0.01078	0.01517	0.01642	0.26490	0.01808	0.11605	0.04283	0.00280	0.30506	0.00853	0.00364	0.00541
1	0.18594	0.01086	0.01699	0.10770	0.19611	0.01108	0.15361	0.01591	0.01167	0.07492	0.01368	0.01811	0.03934	0.00607	0.00521	0.00171	0.00594	0.05937	0.02481	0.04097
2	0.00909	0.00477	0.00693	0.00693	0.00696	0.00480	0.00458	0.00719	0.00715	0.00957	0.01039	0.01866	0.01065	0.11057	0.05128	0.71534	0.00510	0.00507	0.00246	0.00253
3	0.50560	0.05742	0.01173	0.06738	0.01418	0.04299	0.00784	0.16118	0.05042	0.02406	0.00942	0.01054	0.00719	0.00541	0.00404	0.00163	0.00502	0.00360	0.00368	0.00668
4	0.01210	0.01690	0.25314	0.02248	0.36106	0.01175	0.06843	0.01617	0.01179	0.01734	0.00991	0.01240	0.00786	0.00472	0.00509	0.00150	0.00662	0.00436	0.00263	0.15374
5	0.01230	0.20483	0.53154	0.01354	0.02029	0.01476	0.01634	0.06443	0.04339	0.01730	0.00985	0.01117	0.00736	0.00516	0.00476	0.00157	0.00715	0.00386	0.00260	0.00780
6	0.01996	0.07437	0.01700	0.01212	0.01643	0.01699	0.01013	0.70477	0.02417	0.03226	0.01249	0.01257	0.00896	0.00631	0.00523	0.00158	0.00589	0.00469	0.00514	0.00896
7	0.00781	0.00582	0.00833	0.00827	0.00902	0.00670	0.00621	0.00935	0.00846	0.01209	0.01464	0.02342	0.01437	0.18190	0.62747	0.00782	0.03474	0.00610	0.00293	0.00454
8	0.00767	0.00573	0.00850	0.00850	0.00941	0.00664	0.00655	0.00950	0.00859	0.01237	0.01449	0.02173	0.01370	0.07561	0.75511	0.00847	0.01396	0.00585	0.00289	0.00472
9	0.01160	0.21161	0.60704	0.01387	0.02102	0.01452	0.01734	0.01678	0.01123	0.01598	0.00913	0.01070	0.00682	0.00498	0.00471	0.00157	0.00742	0.00371	0.00227	0.00769
10	0.01481	0.03947	0.51490	0.01363	0.02021	0.04114	0.01594	0.06844	0.01329	0.18917	0.01234	0.01287	0.00841	0.00554	0.00514	0.00166	0.00706	0.00430	0.00347	0.00820
11	0.00654	0.00467	0.00623	0.00747	0.00779	0.00436	0.00498	0.00747	0.01028	0.01370	0.02959	0.80785	0.03550	0.01682	0.00685	0.00218	0.00311	0.01526	0.00498	0.00436
12	0.08185	0.02850	0.01311	0.00984	0.01397	0.00998	0.00817	0.15015	0.01650	0.58300	0.01848	0.01646	0.01190	0.00645	0.00520	0.00164	0.00479	0.00507	0.00609	0.00885
13	0.01294	0.01261	0.05132	0.14165	0.59656	0.01228	0.01583	0.01626	0.01214	0.04190	0.02873	0.01416	0.00941	0.00509	0.00534	0.00163	0.00640	0.00489	0.00281	0.00805
14	0.01423	0.00804	0.01050	0.08727	0.01366	0.00791	0.00746	0.04516	0.09381	0.27068	0.26626	0.05969	0.07477	0.00884	0.00582	0.00173	0.00400	0.00757	0.00563	0.00694
15	0.01267	0.01448	0.03167	0.02262	0.02805	0.01357	0.75837	0.01719	0.01267	0.01719	0.01086	0.01448	0.00814	0.00452	0.00633	0.00181	0.00905	0.00633	0.00271	0.00724
16	0.01325	0.06949	0.02131	0.05842	0.63905	0.01337	0.01531	0.01724	0.06817	0.01741	0.01076	0.01349	0.00892	0.00498	0.00519	0.00159	0.00620	0.00474	0.00283	0.00829
17	0.01423	0.01302	0.16681	0.01016	0.01397	0.04811	0.00955	0.04656	0.10360	0.22138	0.15417	0.04996	0.10887	0.00825	0.00564	0.00171	0.00490	0.00684	0.00500	0.00726
18	0.03419	0.11715	0.54791	0.01351	0.03309	0.01263	0.01612	0.01721	0.01153	0.07363	0.01074	0.01211	0.00779	0.00523	0.00479	0.00160	0.00691	0.00400	0.06221	0.00764
19	0.00887	0.00642	0.00881	0.00993	0.01125	0.00651	0.00864	0.01192	0.04701	0.01636	0.02812	0.05869	0.03023	0.01448	0.00732	0.00244	0.00491	0.70801	0.00497	0.00511
20	0.01312	0.40253	0.24823	0.01122	0.01611	0.01604	0.01210	0.01614	0.01123	0.06427	0.03504	0.05149	0.01015	0.00605	0.00538	0.00150	0.06513	0.00434	0.00283	0.00708
21	0.01283	0.01183	0.02033	0.23566	0.52047	0.01238	0.04638	0.01614	0.01196	0.04546	0.01040	0.01380	0.00831	0.00500	0.00537	0.00166	0.00663	0.00487	0.00274	0.00780
22	0.00891	0.00786	0.01245	0.45044	0.03904	0.00924	0.01100	0.01143	0.01066	0.01399	0.03926	0.28443	0.02979	0.00968	0.00638	0.00194	0.03611	0.00857	0.00341	0.00542
23	0.04277	0.04134	0.59139	0.01556	0.02268	0.01307	0.10962	0.06973	0.01240	0.01839	0.00989	0.01168	0.00710	0.00511	0.00517	0.00169	0.00774	0.00426	0.00258	0.00783
24	0.01316	0.01263	0.02157	0.06232	0.74944	0.01272	0.01641	0.01637	0.01217	0.01739	0.01008	0.01332	0.00845	0.00481	0.00532	0.00160	0.00641	0.00478	0.00265	0.00841
25	0.01431	0.04734	0.49238	0.01527	0.07444	0.01173	0.04480	0.01912	0.01239	0.19894	0.01239	0.01316	0.00852	0.00541	0.00518	0.00167	0.00699	0.00442	0.00335	0.00820
26	0.01187	0.01089	0.01774	0.45527	0.28445	0.01233	0.01487	0.06755	0.01233	0.01652	0.01066	0.01557	0.00863	0.00560	0.00542	0.00174	0.00672	0.03204	0.00278	0.00701
27	0.01292	0.01233	0.02073	0.12184	0.65987	0.01268	0.01597	0.01664	0.04282	0.01729	0.01051	0.01368	0.00867	0.00495	0.00533	0.00163	0.00638	0.00483	0.00274	0.00820
28	0.01323	0.21502	0.42901	0.01443	0.07564	0.01448	0.01533	0.04513	0.04335	0.07113	0.01058	0.01173	0.00789	0.00520	0.00476	0.00156	0.00682	0.00398	0.00286	0.00787

[dist]
# distance from previous block
# <min> <max>
6	58

[block]
# block no. 8 follows, 45 sequences, length 17
# corresponding to MSA columns:
# 501-517
name=unknown_I
#
# <colnr> <probs for GDERKNQSTAVLIFYWHMCP>
#	G	D	E	R	K	N	Q	S	T	A	V	L	I	F	Y	W	H	M	C	P
0	0.07579	0.30987	0.14272	0.01011	0.01457	0.01435	0.00999	0.01910	0.11300	0.15005	0.07927	0.01502	0.01300	0.00598	0.00457	0.00150	0.00530	0.00452	0.00386	0.00743
1	0.06301	0.43372	0.18870	0.01336	0.10444	0.05009	0.01213	0.01699	0.01143	0.04958	0.00889	0.01023	0.00728	0.00488	0.00416	0.00138	0.00631	0.00347	0.00261	0.00731
2	0.05538	0.01448	0.14110	0.01184	0.04062	0.05593	0.01046	0.15211	0.09980	0.26836	0.01677	0.03346	0.03121	0.00653	0.00523	0.00164	0.00556	0.00518	0.00485	0.03949
3	0.05536	0.01207	0.02016	0.12285	0.33548	0.03726	0.16594	0.01664	0.01226	0.08394	0.01253	0.05142	0.01055	0.00592	0.00557	0.00172	0.00666	0.03302	0.00321	0.00744
4	0.01233	0.01176	0.01980	0.15317	0.60893	0.01208	0.01541	0.01546	0.01199	0.01673	0.01293	0.01598	0.05889	0.00546	0.00539	0.00164	0.00626	0.00521	0.00277	0.00784
5	0.01067	0.01008	0.01705	0.66999	0.16130	0.01207	0.01517	0.01418	0.01098	0.01436	0.00963	0.01414	0.00738	0.00527	0.00536	0.00176	0.00702	0.00477	0.00243	0.00639
6	0.01258	0.01201	0.02012	0.03015	0.69938	0.01192	0.01521	0.01558	0.01222	0.01723	0.01461	0.01719	0.08664	0.00568	0.00542	0.00162	0.00600	0.00545	0.00289	0.00810
7	0.10483	0.01456	0.01527	0.01181	0.01601	0.01618	0.00976	0.68417	0.02360	0.03284	0.01234	0.01246	0.00879	0.00630	0.00516	0.00162	0.00573	0.00464	0.00516	0.00879
8	0.01329	0.01275	0.02179	0.03295	0.77787	0.01275	0.01647	0.01647	0.01222	0.01754	0.01010	0.01329	0.00850	0.00478	0.00531	0.00159	0.00638	0.00478	0.00266	0.00850
9	0.00932	0.00466	0.00699	0.00699	0.00699	0.00466	0.00466	0.00699	0.00699	0.00932	0.00932	0.01632	0.00932	0.01865	0.02098	0.84382	0.00466	0.00466	0.00233	0.00233
10	0.01435	0.81458	0.02813	0.00918	0.01378	0.02124	0.00918	0.01607	0.01091	0.01263	0.00746	0.00861	0.00689	0.00459	0.00344	0.00115	0.00574	0.00287	0.00230	0.00689
11	0.01396	0.01352	0.02482	0.01814	0.02278	0.01329	0.48102	0.20025	0.01609	0.02184	0.10479	0.01722	0.01359	0.00579	0.00610	0.00175	0.00747	0.00638	0.00376	0.00744
12	0.12903	0.00864	0.01081	0.00883	0.01187	0.00823	0.04411	0.06278	0.03039	0.18789	0.26888	0.05659	0.02453	0.00784	0.00534	0.00159	0.00399	0.00665	0.00511	0.11688
13	0.25289	0.01001	0.01021	0.00857	0.01178	0.01056	0.00690	0.16505	0.09158	0.11382	0.09871	0.02154	0.12656	0.00756	0.00498	0.00166	0.00417	0.00587	0.00485	0.04274
14	0.08553	0.00999	0.01181	0.00968	0.01312	0.00992	0.03931	0.07588	0.21105	0.10006	0.07704	0.06940	0.01601	0.00774	0.02482	0.00169	0.00458	0.00579	0.00463	0.22195
15	0.05323	0.05003	0.01301	0.01026	0.01287	0.06654	0.08920	0.04650	0.04556	0.10099	0.29684	0.07085	0.02727	0.00877	0.00603	0.00171	0.02243	0.04574	0.00481	0.02735
16	0.10262	0.01232	0.01159	0.01006	0.01308	0.11941	0.00790	0.10275	0.26369	0.12318	0.11486	0.02073	0.06014	0.00745	0.00529	0.00168	0.00491	0.00591	0.00504	0.00739

[dist]
# distance from previous block
# <min> <max>
2	38

[block]
# block no. 9 follows, 45 sequences, length 12
# corresponding to MSA columns:
# 566-577
name=unknown_J
#
# <colnr> <probs for GDERKNQSTAVLIFYWHMCP>
#	G	D	E	R	K	N	Q	S	T	A	V	L	I	F	Y	W	H	M	C	P
0	0.07167	0.01077	0.01111	0.00954	0.01242	0.05508	0.00749	0.13609	0.24513	0.05615	0.24201	0.02280	0.02344	0.00773	0.00541	0.00163	0.00430	0.00636	0.00517	0.06571
1	0.00940	0.00713	0.00853	0.00836	0.00989	0.00717	0.00611	0.09258	0.11358	0.01867	0.15963	0.43400	0.03127	0.01265	0.00625	0.00190	0.00351	0.01123	0.00515	0.05300
2	0.01462	0.01147	0.01432	0.01179	0.01516	0.01242	0.08950	0.14670	0.40478	0.08693	0.11412	0.02062	0.01835	0.00726	0.00565	0.00175	0.00485	0.00629	0.00530	0.00809
3	0.01702	0.01274	0.01346	0.01123	0.01475	0.04072	0.00896	0.26832	0.38977	0.11475	0.03771	0.01763	0.01418	0.00697	0.00542	0.00171	0.00498	0.00559	0.00549	0.00861
4	0.01648	0.01168	0.01269	0.01055	0.01393	0.04838	0.00848	0.26169	0.16665	0.14716	0.06114	0.06466	0.01642	0.00782	0.00553	0.00168	0.00496	0.05716	0.00527	0.07767
5	0.01710	0.01024	0.01156	0.00960	0.01290	0.07324	0.00780	0.09912	0.01540	0.32105	0.12131	0.02528	0.03347	0.00800	0.00558	0.00164	0.00480	0.10348	0.00539	0.11304
6	0.01625	0.01440	0.01368	0.01172	0.01508	0.11751	0.00923	0.23625	0.45612	0.02446	0.01749	0.01661	0.01306	0.00681	0.00535	0.00170	0.00544	0.00537	0.00508	0.00837
7	0.57885	0.11789	0.01182	0.00824	0.01181	0.01387	0.00696	0.09747	0.07438	0.02348	0.00926	0.01010	0.00720	0.00528	0.00374	0.00160	0.00456	0.00337	0.00359	0.00654
8	0.08467	0.01228	0.01455	0.01601	0.19821	0.03911	0.01034	0.08055	0.37712	0.08519	0.01661	0.01641	0.01247	0.00631	0.00521	0.00171	0.00509	0.00526	0.00461	0.00830
9	0.01317	0.01250	0.02053	0.05976	0.66689	0.01279	0.01555	0.01767	0.09403	0.01792	0.01135	0.01405	0.00931	0.00508	0.00533	0.00163	0.00618	0.00492	0.00295	0.00841
10	0.15774	0.00993	0.01046	0.00901	0.01217	0.01052	0.00721	0.07502	0.26796	0.09838	0.01689	0.01857	0.01314	0.00664	0.00478	0.00159	0.00416	0.04696	0.11598	0.11290
11	0.01335	0.01096	0.01290	0.01332	0.11489	0.01213	0.00916	0.02490	0.55031	0.06495	0.07365	0.02134	0.03948	0.00735	0.00552	0.00177	0.00439	0.00626	0.00517	0.00818

[dist]
# distance from previous block
# <min> <max>
0	1

[block]
# block no. 10 follows, 45 sequences, length 10
# corresponding to MSA columns:
# 579,581,590-597
name=unknown_K
#
# <colnr> <probs for GDERKNQSTAVLIFYWHMCP>
#	G	D	E	R	K	N	Q	S	T	A	V	L	I	F	Y	W	H	M	C	P
0	0.00670	0.00552	0.00629	0.00629	0.00787	0.00511	0.00478	0.00821	0.01127	0.01396	0.04372	0.04351	0.57259	0.02070	0.21516	0.00363	0.00583	0.00984	0.00442	0.00460
1	0.01805	0.01362	0.01554	0.01193	0.01599	0.01463	0.04415	0.59501	0.02263	0.03064	0.09425	0.01576	0.01345	0.00667	0.00542	0.00157	0.00556	0.00531	0.00516	0.06464
2	0.01838	0.00798	0.01107	0.06703	0.01384	0.00725	0.00763	0.02027	0.01367	0.52051	0.02256	0.22836	0.01876	0.00926	0.00578	0.00181	0.00437	0.00798	0.00589	0.00763
3	0.00912	0.00725	0.01047	0.01343	0.21226	0.00712	0.00738	0.01070	0.01109	0.01545	0.21398	0.08744	0.02589	0.32902	0.01447	0.00310	0.00467	0.00805	0.00391	0.00521
4	0.62653	0.01101	0.01159	0.01396	0.21487	0.01223	0.00865	0.01596	0.00996	0.02234	0.00817	0.00994	0.00653	0.00493	0.00385	0.00164	0.00475	0.00341	0.00314	0.00653
5	0.01664	0.01310	0.01473	0.01221	0.01495	0.05025	0.00993	0.25788	0.21270	0.10448	0.01434	0.01487	0.01081	0.00743	0.00864	0.00186	0.21749	0.00512	0.00461	0.00796
6	0.00660	0.00497	0.00611	0.00684	0.00766	0.00448	0.00474	0.00782	0.01134	0.01476	0.11631	0.51705	0.24124	0.01530	0.00666	0.00203	0.00294	0.01358	0.00508	0.00448
7	0.00956	0.00842	0.01041	0.09398	0.06607	0.02312	0.00746	0.01253	0.05775	0.01673	0.11775	0.06523	0.21955	0.00857	0.00567	0.00151	0.02039	0.00724	0.00408	0.24398
8	0.23603	0.01212	0.01809	0.02605	0.57338	0.01256	0.01363	0.01629	0.01140	0.01928	0.00940	0.01207	0.00779	0.00484	0.00478	0.00161	0.00578	0.00428	0.00283	0.00779
9	0.01078	0.00973	0.01539	0.12087	0.36844	0.00961	0.01177	0.01330	0.01136	0.01602	0.01514	0.22482	0.01545	0.00795	0.00554	0.00166	0.00527	0.00734	0.00332	0.12626

[dist]
# distance from previous block
# <min> <max>
2	24

# created by:
# /home/cegg/simao/soft/augustus-3.2.1/scripts/msa2prfl.pl ./align_prep/EOG091G0RRE.fa
