[name]
unknown

[dist]
# distance from previous block
# <min> <max>
31	483

[block]
# block no. 0 follows, 42 sequences, length 6
# corresponding to MSA columns:
# 706-711
name=unknown_A
#
# <colnr> <probs for GDERKNQSTAVLIFYWHMCP>
#	G	D	E	R	K	N	Q	S	T	A	V	L	I	F	Y	W	H	M	C	P
0	0.04308	0.03586	0.05757	0.03831	0.04587	0.01057	0.10827	0.08009	0.05568	0.11330	0.05178	0.06501	0.01458	0.00691	0.00542	0.00161	0.00544	0.02747	0.06850	0.16468
1	0.10403	0.01235	0.06759	0.05958	0.03821	0.08333	0.03022	0.06343	0.04772	0.10890	0.06219	0.11034	0.01691	0.05626	0.00692	0.00198	0.00558	0.03132	0.03208	0.06107
2	0.03563	0.07101	0.04025	0.00978	0.01261	0.10026	0.00801	0.09166	0.07635	0.03919	0.08055	0.13039	0.09069	0.00990	0.00635	0.03465	0.00510	0.05260	0.02889	0.07612
3	0.04102	0.01213	0.02981	0.04022	0.05037	0.10300	0.08818	0.03637	0.03901	0.03971	0.05834	0.11986	0.04930	0.02648	0.00704	0.00183	0.05064	0.05544	0.00397	0.14728
4	0.04778	0.12045	0.05847	0.04052	0.04660	0.08562	0.09449	0.07458	0.05663	0.09253	0.03402	0.03377	0.02779	0.00701	0.02403	0.00172	0.00645	0.00513	0.00384	0.13857
5	0.01145	0.00830	0.01076	0.03511	0.01240	0.00895	0.00766	0.14875	0.01332	0.04522	0.06797	0.05160	0.01653	0.06226	0.40688	0.00564	0.01023	0.00638	0.00398	0.06662

[dist]
# distance from previous block
# <min> <max>
30	65

[block]
# block no. 1 follows, 42 sequences, length 11
# corresponding to MSA columns:
# 785-795
name=unknown_B
#
# <colnr> <probs for GDERKNQSTAVLIFYWHMCP>
#	G	D	E	R	K	N	Q	S	T	A	V	L	I	F	Y	W	H	M	C	P
0	0.14304	0.07109	0.12417	0.05476	0.14474	0.11592	0.04825	0.07951	0.01383	0.03422	0.06369	0.01410	0.01106	0.00580	0.00507	0.00162	0.00664	0.00463	0.00341	0.05445
1	0.10255	0.06558	0.04138	0.10163	0.21143	0.11087	0.01168	0.03366	0.01284	0.07125	0.01241	0.01548	0.02219	0.00729	0.03586	0.00189	0.00671	0.02480	0.03330	0.07718
2	0.15086	0.06065	0.09048	0.06488	0.13322	0.09155	0.06019	0.05570	0.03955	0.01914	0.03518	0.01381	0.00980	0.02392	0.00647	0.00176	0.06108	0.00461	0.00324	0.07392
3	0.07569	0.01411	0.01805	0.16449	0.27295	0.11672	0.03812	0.04626	0.08280	0.06944	0.01198	0.01425	0.00929	0.00586	0.00590	0.00175	0.03618	0.00490	0.00345	0.00781
4	0.01423	0.01334	0.03598	0.14066	0.28415	0.10090	0.01276	0.04091	0.04113	0.06994	0.04154	0.04247	0.02799	0.02752	0.00613	0.00175	0.00642	0.00556	0.00356	0.08304
5	0.01317	0.01276	0.03348	0.19778	0.24107	0.08858	0.01265	0.05671	0.03602	0.03129	0.01479	0.03944	0.05568	0.03604	0.04127	0.00214	0.00694	0.00566	0.00334	0.07117
6	0.07704	0.03104	0.06654	0.04450	0.16847	0.01091	0.06379	0.05097	0.01233	0.03184	0.05278	0.01814	0.02588	0.07841	0.05682	0.00240	0.03518	0.00538	0.03642	0.13117
7	0.06242	0.01378	0.05615	0.01286	0.06414	0.11529	0.06661	0.06240	0.03451	0.08136	0.04486	0.01513	0.01140	0.00740	0.04021	0.00179	0.02131	0.00472	0.05616	0.22752
8	0.01150	0.01056	0.01098	0.01019	0.04790	0.08997	0.00737	0.04306	0.05765	0.01763	0.07500	0.09259	0.15067	0.05092	0.00729	0.00177	0.03485	0.02482	0.00421	0.25105
9	0.01195	0.01170	0.04343	0.20445	0.36807	0.01181	0.04180	0.01592	0.04752	0.01751	0.06200	0.04890	0.01411	0.00804	0.03458	0.00209	0.00678	0.03856	0.00328	0.00751
10	0.01253	0.01034	0.01159	0.01125	0.05404	0.03811	0.00828	0.04517	0.32909	0.04026	0.15561	0.02780	0.05660	0.01004	0.03554	0.00208	0.00484	0.05952	0.03187	0.05546

[dist]
# distance from previous block
# <min> <max>
2	7

[block]
# block no. 2 follows, 42 sequences, length 16
# corresponding to MSA columns:
# 809-818,822-827
name=unknown_C
#
# <colnr> <probs for GDERKNQSTAVLIFYWHMCP>
#	G	D	E	R	K	N	Q	S	T	A	V	L	I	F	Y	W	H	M	C	P
0	0.00785	0.00663	0.02299	0.00887	0.05017	0.00576	0.00609	0.00941	0.01149	0.01524	0.05609	0.34854	0.23914	0.05028	0.06263	0.00261	0.00443	0.01168	0.00467	0.07541
1	0.01318	0.24927	0.28988	0.06165	0.06658	0.05935	0.05427	0.01720	0.02431	0.03073	0.01106	0.04724	0.00938	0.02087	0.02078	0.00183	0.00739	0.00473	0.00278	0.00748
2	0.01450	0.49138	0.20465	0.01229	0.03669	0.07569	0.01254	0.01834	0.05919	0.01516	0.00946	0.01068	0.00788	0.00520	0.00432	0.00142	0.00679	0.00359	0.00266	0.00758
3	0.00742	0.00550	0.00714	0.00789	0.00877	0.00492	0.00539	0.00858	0.01088	0.01483	0.02854	0.70578	0.03382	0.01604	0.00683	0.00211	0.00337	0.01451	0.00500	0.10267
4	0.01170	0.00938	0.01113	0.00835	0.01277	0.00719	0.00657	0.01401	0.01176	0.05121	0.01302	0.10477	0.01199	0.00588	0.00459	0.00104	0.00409	0.00493	0.00372	0.70190
5	0.01311	0.01146	0.06378	0.00986	0.01470	0.00865	0.03676	0.05174	0.02890	0.08418	0.01287	0.06155	0.01079	0.00555	0.00477	0.00117	0.00476	0.00466	0.00385	0.56690
6	0.00774	0.00733	0.05439	0.00726	0.00935	0.00561	0.00593	0.00994	0.01356	0.01810	0.30236	0.13523	0.32746	0.01251	0.00648	0.00183	0.00325	0.01077	0.00528	0.05562
7	0.06243	0.11954	0.48703	0.01556	0.06101	0.01404	0.05178	0.01723	0.01168	0.01763	0.00967	0.01163	0.00732	0.00531	0.00548	0.00167	0.03501	0.00409	0.00255	0.05932
8	0.01492	0.38148	0.24527	0.01320	0.03522	0.10765	0.02990	0.01817	0.01226	0.04845	0.00936	0.01083	0.00757	0.00539	0.00511	0.00150	0.03971	0.00374	0.00268	0.00757
9	0.00769	0.00578	0.00727	0.00797	0.00894	0.00546	0.00566	0.00992	0.05684	0.01600	0.09343	0.53905	0.10609	0.01553	0.00692	0.00215	0.00340	0.05926	0.00526	0.03739
10	0.01428	0.09573	0.04887	0.04036	0.11037	0.05118	0.15046	0.05882	0.11347	0.07332	0.03361	0.03984	0.05140	0.00735	0.00645	0.00182	0.04565	0.04544	0.00397	0.00760
11	0.00732	0.00605	0.00651	0.00626	0.00821	0.00508	0.00463	0.00884	0.01255	0.01575	0.09548	0.11168	0.54902	0.04643	0.00737	0.00197	0.00311	0.01111	0.00503	0.08761
12	0.01439	0.01231	0.03115	0.01301	0.07546	0.04031	0.06649	0.25937	0.09143	0.02405	0.05915	0.02534	0.18285	0.00838	0.00583	0.00174	0.00532	0.00703	0.06886	0.00754
13	0.00802	0.00543	0.00714	0.00758	0.00849	0.00500	0.00535	0.00967	0.01295	0.04868	0.30045	0.46464	0.06570	0.01483	0.00690	0.00206	0.00309	0.01330	0.00565	0.00505
14	0.01286	0.07538	0.05529	0.03244	0.06164	0.00985	0.00877	0.03989	0.01238	0.04627	0.01044	0.01204	0.00844	0.00457	0.00442	0.00106	0.00488	0.00365	0.00336	0.59237
15	0.04695	0.09088	0.45294	0.01449	0.04818	0.03431	0.03255	0.01795	0.03505	0.04194	0.01058	0.01211	0.00790	0.00523	0.00500	0.00158	0.00714	0.00408	0.00285	0.12828

[dist]
# distance from previous block
# <min> <max>
1	2

[block]
# block no. 3 follows, 42 sequences, length 37
# corresponding to MSA columns:
# 830-866
name=unknown_D
#
# <colnr> <probs for GDERKNQSTAVLIFYWHMCP>
#	G	D	E	R	K	N	Q	S	T	A	V	L	I	F	Y	W	H	M	C	P
0	0.01185	0.02066	0.42606	0.01611	0.08711	0.03283	0.05754	0.01641	0.01205	0.04968	0.01396	0.13871	0.01256	0.00743	0.00612	0.00183	0.03285	0.00631	0.00316	0.04677
1	0.00884	0.00566	0.00669	0.00724	0.00829	0.00559	0.00531	0.01153	0.05512	0.01792	0.05964	0.34025	0.05527	0.01245	0.00594	0.00190	0.00324	0.07981	0.30415	0.00517
2	0.01192	0.04343	0.10175	0.01571	0.13604	0.03837	0.11108	0.09028	0.01462	0.01964	0.15252	0.09680	0.11160	0.00887	0.00612	0.00181	0.00577	0.02251	0.00421	0.00696
3	0.01114	0.01424	0.18195	0.01229	0.06968	0.03082	0.01073	0.01424	0.01171	0.01711	0.01575	0.10272	0.06825	0.00716	0.00600	0.00147	0.05560	0.00580	0.00337	0.35998
4	0.00729	0.00567	0.00653	0.00696	0.00815	0.00518	0.00497	0.00911	0.03881	0.01546	0.09130	0.30794	0.35197	0.07527	0.00853	0.00232	0.00333	0.04124	0.00517	0.00479
5	0.84197	0.01088	0.00827	0.00740	0.01088	0.01262	0.00609	0.01654	0.00958	0.02525	0.00784	0.00914	0.00609	0.00522	0.00348	0.00174	0.00435	0.00305	0.00348	0.00609
6	0.01212	0.01349	0.11397	0.05755	0.15154	0.03315	0.04993	0.03823	0.16531	0.01921	0.11560	0.03713	0.04452	0.02571	0.02280	0.00209	0.05939	0.02682	0.00405	0.00738
7	0.00754	0.00574	0.00693	0.00663	0.00815	0.00513	0.00498	0.00980	0.01493	0.02018	0.53524	0.04596	0.28349	0.01239	0.00664	0.00181	0.00272	0.01073	0.00588	0.00513
8	0.03664	0.01310	0.06345	0.01210	0.01545	0.01327	0.03271	0.28526	0.05944	0.13779	0.01607	0.09209	0.01340	0.04736	0.00867	0.00207	0.11694	0.00637	0.01985	0.00796
9	0.09358	0.01368	0.01558	0.01346	0.06460	0.01536	0.01029	0.47386	0.02023	0.04837	0.01208	0.01349	0.00912	0.00797	0.00820	0.07633	0.08604	0.00487	0.00468	0.00823
10	0.00820	0.00659	0.00765	0.00717	0.00914	0.00597	0.03095	0.01077	0.06316	0.03647	0.09997	0.04771	0.52473	0.07631	0.00837	0.00220	0.00354	0.04074	0.00515	0.00521
11	0.00750	0.00573	0.00687	0.00659	0.00812	0.00511	0.00494	0.00971	0.01482	0.01994	0.51214	0.04636	0.30675	0.01248	0.00664	0.00182	0.00272	0.01078	0.00585	0.00511
12	0.08075	0.35659	0.30250	0.01272	0.03830	0.05246	0.01366	0.01771	0.01184	0.03778	0.00924	0.01062	0.00736	0.00515	0.00444	0.00149	0.00688	0.00360	0.00266	0.02426
13	0.01321	0.01505	0.07950	0.06298	0.07788	0.04021	0.38518	0.01924	0.12494	0.01855	0.01290	0.01552	0.00984	0.00547	0.00624	0.00180	0.02375	0.00585	0.03319	0.04870
14	0.00714	0.00512	0.00676	0.00792	0.00840	0.00481	0.00549	0.00830	0.01112	0.01478	0.05688	0.65585	0.05748	0.04537	0.00798	0.00240	0.00349	0.08091	0.00519	0.00462
15	0.00862	0.00612	0.00787	0.00737	0.00883	0.00577	0.00555	0.01184	0.05078	0.03953	0.69230	0.06101	0.05008	0.01138	0.00659	0.00179	0.00281	0.01005	0.00616	0.00556
16	0.00791	0.00579	0.00678	0.00662	0.00824	0.00509	0.00493	0.00980	0.01395	0.04773	0.32669	0.12260	0.38701	0.01324	0.00666	0.00188	0.00289	0.01139	0.00567	0.00514
17	0.00748	0.00573	0.00685	0.00657	0.00811	0.00510	0.00493	0.00968	0.01479	0.01985	0.50344	0.04651	0.31550	0.01252	0.00664	0.00182	0.00273	0.01080	0.00584	0.00510
18	0.01330	0.02046	0.32757	0.05410	0.15210	0.03464	0.17065	0.07596	0.03118	0.01907	0.01088	0.01338	0.00819	0.00553	0.00621	0.00180	0.03889	0.00500	0.00291	0.00816
19	0.04282	0.01302	0.01474	0.01129	0.01569	0.01336	0.00928	0.42989	0.02118	0.22035	0.03832	0.01548	0.01178	0.00659	0.00543	0.00160	0.00542	0.00510	0.00564	0.11300
20	0.01073	0.01045	0.03165	0.01213	0.08067	0.11686	0.02330	0.01315	0.03642	0.01581	0.08083	0.22203	0.03503	0.04997	0.14253	0.00332	0.02526	0.04738	0.03673	0.00574
21	0.01378	0.01277	0.04775	0.07129	0.22715	0.03617	0.03804	0.03458	0.08064	0.06124	0.01212	0.01393	0.00951	0.00516	0.00509	0.00141	0.00577	0.00453	0.00353	0.31554
22	0.17037	0.30478	0.01992	0.01136	0.01521	0.22293	0.04722	0.03388	0.01276	0.03410	0.00941	0.03221	0.00817	0.00570	0.00469	0.00148	0.02480	0.00389	0.00305	0.03407
23	0.01388	0.01195	0.04037	0.01471	0.09627	0.02812	0.10126	0.11532	0.17481	0.07156	0.04185	0.12995	0.05579	0.00880	0.00635	0.00189	0.02369	0.02672	0.02910	0.00761
24	0.01286	0.01041	0.03409	0.00943	0.01408	0.00802	0.03853	0.03222	0.01265	0.09180	0.02831	0.03720	0.03176	0.00569	0.00479	0.00115	0.00456	0.02689	0.00391	0.59166
25	0.01526	0.00941	0.01137	0.00919	0.01295	0.00839	0.00725	0.01983	0.14418	0.24032	0.04453	0.10125	0.04329	0.00763	0.00537	0.00151	0.00421	0.00642	0.00519	0.30244
26	0.00713	0.00512	0.00670	0.00756	0.00814	0.00476	0.00516	0.00844	0.01185	0.01602	0.18658	0.59299	0.06144	0.04047	0.00771	0.00226	0.00319	0.01440	0.00537	0.00470
27	0.05030	0.35114	0.02130	0.01271	0.04457	0.38249	0.01023	0.01944	0.01358	0.01437	0.00862	0.01007	0.00744	0.00535	0.00439	0.00136	0.00786	0.00344	0.02447	0.00686
28	0.00891	0.05940	0.26584	0.01044	0.01402	0.00857	0.01071	0.01199	0.01176	0.01597	0.05227	0.32196	0.13653	0.01195	0.00628	0.00199	0.00511	0.03611	0.00414	0.00606
29	0.08233	0.50890	0.22187	0.01130	0.01685	0.04638	0.01231	0.01728	0.01156	0.01545	0.00845	0.00982	0.00711	0.00502	0.00411	0.00141	0.00663	0.00334	0.00251	0.00739
30	0.01746	0.01381	0.01468	0.01215	0.01595	0.01562	0.00975	0.36671	0.41450	0.02913	0.01850	0.01749	0.01361	0.00722	0.00568	0.00181	0.00527	0.00576	0.00568	0.00922
31	0.00867	0.00637	0.00828	0.00783	0.00906	0.00635	0.00595	0.01086	0.01429	0.04194	0.51115	0.10493	0.10859	0.03414	0.00832	0.00201	0.07127	0.02902	0.00562	0.00534
32	0.00686	0.00504	0.00639	0.00744	0.00801	0.00463	0.00502	0.00788	0.01103	0.01440	0.03482	0.65709	0.15373	0.03951	0.00771	0.00231	0.00326	0.01511	0.00517	0.00457
33	0.00826	0.00543	0.00619	0.00619	0.00619	0.00543	0.00348	0.00814	0.00814	0.01086	0.01736	0.03590	0.01996	0.76527	0.02833	0.04468	0.00543	0.00803	0.00336	0.00336
34	0.01101	0.00917	0.01140	0.01377	0.15788	0.06425	0.00844	0.05716	0.01325	0.04692	0.08847	0.37251	0.07528	0.01317	0.02856	0.00217	0.00493	0.01081	0.00469	0.00615
35	0.01400	0.25298	0.34485	0.01629	0.12456	0.01634	0.01559	0.10313	0.02955	0.01874	0.01017	0.01172	0.00791	0.00536	0.00491	0.00159	0.00708	0.00409	0.00289	0.00824
36	0.06406	0.24171	0.07224	0.08656	0.18378	0.12150	0.01269	0.01769	0.01233	0.05095	0.01005	0.01295	0.00845	0.00582	0.00575	0.00162	0.06089	0.02065	0.00291	0.00741

[dist]
# distance from previous block
# <min> <max>
0	1

[block]
# block no. 4 follows, 42 sequences, length 29
# corresponding to MSA columns:
# 868-896
name=unknown_E
#
# <colnr> <probs for GDERKNQSTAVLIFYWHMCP>
#	G	D	E	R	K	N	Q	S	T	A	V	L	I	F	Y	W	H	M	C	P
0	0.11146	0.03048	0.01824	0.39356	0.16629	0.01283	0.07878	0.03586	0.01217	0.05149	0.01078	0.01428	0.00820	0.00548	0.00536	0.00178	0.00683	0.00491	0.02415	0.00708
1	0.01264	0.01373	0.08501	0.18088	0.14276	0.04736	0.09619	0.05688	0.09608	0.01791	0.01540	0.06988	0.04274	0.00743	0.00697	0.00191	0.07317	0.02229	0.00347	0.00730
2	0.03384	0.00886	0.01079	0.00905	0.01204	0.00858	0.00714	0.08570	0.08159	0.24002	0.13101	0.06461	0.02044	0.03157	0.07382	0.00239	0.00515	0.00667	0.07122	0.09552
3	0.00924	0.00575	0.00730	0.00756	0.00879	0.00518	0.00538	0.01065	0.01243	0.10745	0.13485	0.44231	0.16977	0.03664	0.00742	0.00217	0.00335	0.01297	0.00552	0.00528
4	0.84197	0.01088	0.00827	0.00740	0.01088	0.01262	0.00609	0.01654	0.00958	0.02525	0.00784	0.00914	0.00609	0.00522	0.00348	0.00174	0.00435	0.00305	0.00348	0.00609
5	0.01283	0.01508	0.12037	0.09501	0.40505	0.01321	0.15924	0.01674	0.01239	0.01753	0.01109	0.03254	0.00921	0.00627	0.02200	0.00194	0.03317	0.00550	0.00277	0.00807
6	0.00706	0.00566	0.00631	0.00626	0.00788	0.00491	0.00465	0.00883	0.01363	0.01739	0.27023	0.09969	0.50040	0.01364	0.00668	0.00189	0.00282	0.01163	0.00552	0.00491
7	0.00818	0.00546	0.00614	0.00614	0.00614	0.00546	0.00341	0.00818	0.00818	0.01091	0.01773	0.03683	0.02046	0.80222	0.02864	0.00546	0.00546	0.00818	0.00341	0.00341
8	0.01307	0.39828	0.41955	0.01299	0.01964	0.01744	0.01549	0.01736	0.01167	0.01564	0.00902	0.01052	0.00717	0.00509	0.00452	0.00151	0.00722	0.00361	0.00239	0.00780
9	0.00853	0.00669	0.00783	0.00738	0.00914	0.00647	0.00558	0.01286	0.12670	0.02081	0.46945	0.04201	0.23198	0.01163	0.00650	0.00182	0.00298	0.01004	0.00587	0.00571
10	0.00783	0.00547	0.00618	0.00633	0.00671	0.00528	0.00386	0.00822	0.00932	0.01209	0.02581	0.10911	0.14670	0.57951	0.02250	0.00450	0.00482	0.02805	0.00392	0.00378
11	0.84197	0.01088	0.00827	0.00740	0.01088	0.01262	0.00609	0.01654	0.00958	0.02525	0.00784	0.00914	0.00609	0.00522	0.00348	0.00174	0.00435	0.00305	0.00348	0.00609
12	0.01259	0.01225	0.01743	0.01262	0.01768	0.05135	0.19672	0.01561	0.01232	0.01801	0.01029	0.01249	0.00833	0.00440	0.00485	0.00114	0.00586	0.00420	0.00319	0.57867
13	0.00829	0.00610	0.00781	0.00732	0.00875	0.00578	0.00551	0.01167	0.05636	0.02262	0.72371	0.04089	0.05114	0.01129	0.00659	0.00178	0.00275	0.00997	0.00617	0.00551
14	0.05075	0.01259	0.01602	0.01555	0.14205	0.04689	0.07004	0.21249	0.07199	0.12861	0.04824	0.03211	0.06513	0.03793	0.00659	0.00188	0.00580	0.00619	0.02108	0.00806
15	0.01417	0.12432	0.19655	0.01730	0.12696	0.01506	0.08943	0.08338	0.01305	0.06071	0.01170	0.01392	0.02553	0.00648	0.00785	0.00181	0.15826	0.00489	0.02082	0.00780
16	0.01167	0.01000	0.01167	0.00834	0.01334	0.00750	0.00667	0.01417	0.01167	0.01834	0.01000	0.01167	0.00834	0.00417	0.00417	0.00083	0.00417	0.00333	0.00333	0.83663
17	0.00875	0.00649	0.00843	0.02916	0.00948	0.00710	0.00603	0.02729	0.00996	0.01359	0.04789	0.14692	0.03755	0.33580	0.14765	0.02206	0.07330	0.05425	0.00380	0.00451
18	0.00804	0.00603	0.00904	0.00904	0.01005	0.00703	0.00703	0.01005	0.00904	0.01306	0.01507	0.02211	0.01407	0.04221	0.77992	0.00904	0.01507	0.00603	0.00301	0.00502
19	0.01351	0.00822	0.00951	0.00833	0.01071	0.00833	0.00655	0.11335	0.10201	0.12702	0.24107	0.02778	0.04154	0.00862	0.00556	0.00167	0.00369	0.02575	0.22993	0.00685
20	0.00728	0.00546	0.00677	0.00708	0.00820	0.00494	0.00511	0.00905	0.01331	0.01779	0.32091	0.31004	0.21922	0.01440	0.00686	0.00200	0.00297	0.02810	0.00560	0.00491
21	0.01056	0.00996	0.01695	0.73822	0.03736	0.01225	0.03559	0.01424	0.01129	0.01448	0.01083	0.04429	0.00864	0.00605	0.00571	0.00189	0.00740	0.00546	0.00261	0.00623
22	0.00819	0.00550	0.00635	0.00648	0.00658	0.00549	0.00385	0.00840	0.00860	0.01144	0.01903	0.06756	0.02189	0.72037	0.02645	0.00515	0.00535	0.05615	0.00360	0.00357
23	0.02106	0.02576	0.01604	0.01435	0.01740	0.70662	0.01086	0.09200	0.01695	0.01585	0.00916	0.01047	0.00747	0.00589	0.00513	0.00147	0.00977	0.00376	0.00316	0.00682
24	0.01923	0.03762	0.01563	0.01229	0.01615	0.14635	0.00992	0.47231	0.08549	0.02837	0.01636	0.01637	0.05984	0.00710	0.00551	0.00166	0.00639	0.00533	0.02962	0.00848
25	0.01554	0.09946	0.07189	0.04251	0.07481	0.08038	0.01099	0.15061	0.07148	0.08780	0.02877	0.05253	0.03339	0.00884	0.03599	0.00203	0.07105	0.02704	0.00414	0.03074
26	0.01312	0.10173	0.40661	0.03324	0.10206	0.05915	0.12691	0.03947	0.01271	0.01756	0.01006	0.01233	0.00763	0.00536	0.00575	0.00173	0.02941	0.00454	0.00262	0.00800
27	0.01333	0.19678	0.19337	0.01396	0.01729	0.03651	0.03067	0.01602	0.01052	0.03705	0.00867	0.01168	0.00751	0.00737	0.01109	0.00196	0.37225	0.00434	0.00258	0.00704
28	0.00839	0.00734	0.03595	0.00683	0.00913	0.00603	0.00552	0.05805	0.01390	0.03758	0.09075	0.06835	0.60569	0.01316	0.00652	0.00188	0.00333	0.01098	0.00525	0.00536

[dist]
# distance from previous block
# <min> <max>
0	4

[block]
# block no. 5 follows, 42 sequences, length 15
# corresponding to MSA columns:
# 901-915
name=unknown_F
#
# <colnr> <probs for GDERKNQSTAVLIFYWHMCP>
#	G	D	E	R	K	N	Q	S	T	A	V	L	I	F	Y	W	H	M	C	P
0	0.04436	0.01275	0.04907	0.11059	0.38449	0.01293	0.05033	0.03630	0.05208	0.03588	0.01245	0.01712	0.01047	0.00717	0.02530	0.00201	0.06705	0.04267	0.01913	0.00788
1	0.45982	0.15777	0.01405	0.00974	0.02760	0.08869	0.00797	0.03823	0.06845	0.02142	0.00948	0.01070	0.00763	0.00564	0.00453	0.00164	0.03644	0.00356	0.01994	0.00669
2	0.00750	0.00631	0.00665	0.00683	0.00827	0.03388	0.00496	0.00906	0.01305	0.01639	0.18799	0.23360	0.41698	0.01423	0.00672	0.00195	0.00319	0.01225	0.00533	0.00488
3	0.01429	0.05672	0.10253	0.03726	0.25806	0.06609	0.03979	0.04845	0.05996	0.07503	0.04390	0.01890	0.05112	0.00654	0.00554	0.00166	0.00629	0.03250	0.00373	0.07161
4	0.01076	0.00845	0.02721	0.01146	0.11297	0.00736	0.00772	0.01370	0.04193	0.07443	0.22685	0.09785	0.14188	0.00969	0.00594	0.00167	0.00394	0.02302	0.02780	0.14537
5	0.50835	0.04715	0.01357	0.06437	0.10490	0.04487	0.03514	0.05462	0.01138	0.02245	0.00874	0.01073	0.00695	0.00550	0.00484	0.00174	0.04089	0.00375	0.00331	0.00675
6	0.01179	0.24612	0.06339	0.01243	0.07165	0.01227	0.05497	0.01433	0.01250	0.04483	0.06561	0.11514	0.05921	0.00986	0.00588	0.00186	0.00550	0.18216	0.00400	0.00650
7	0.01256	0.08069	0.10890	0.01721	0.22586	0.01232	0.01185	0.04415	0.17489	0.01956	0.06589	0.05524	0.06560	0.00730	0.00551	0.00170	0.00539	0.00626	0.03240	0.04673
8	0.00781	0.00577	0.00734	0.00725	0.00860	0.00530	0.00553	0.01017	0.01484	0.02035	0.53535	0.09066	0.16088	0.01271	0.00679	0.00191	0.00298	0.08473	0.00588	0.00517
9	0.00809	0.00584	0.00806	0.00806	0.00872	0.00650	0.00581	0.00942	0.00875	0.01233	0.01597	0.02710	0.01623	0.29977	0.52532	0.00783	0.01181	0.00676	0.00315	0.00448
10	0.00916	0.00615	0.00732	0.00710	0.00818	0.00640	0.00510	0.04828	0.01095	0.01589	0.04360	0.03000	0.10327	0.25073	0.23467	0.00485	0.00724	0.00723	0.18906	0.00481
11	0.02279	0.00892	0.01193	0.00935	0.01322	0.00779	0.00765	0.02503	0.01563	0.65224	0.05864	0.02049	0.01593	0.00715	0.00552	0.00170	0.00445	0.00584	0.09684	0.00889
12	0.01159	0.00999	0.01225	0.01032	0.07093	0.00780	0.00741	0.01407	0.01171	0.01813	0.01116	0.05368	0.00992	0.00495	0.00444	0.00098	0.00431	0.00414	0.00339	0.72883
13	0.03248	0.15888	0.09362	0.10225	0.10146	0.09436	0.04989	0.22833	0.04867	0.02174	0.01115	0.01274	0.00858	0.00576	0.00519	0.00163	0.00703	0.00454	0.00362	0.00808
14	0.01287	0.05204	0.07151	0.01164	0.03312	0.06143	0.02167	0.10104	0.21165	0.02120	0.16085	0.07958	0.05128	0.00917	0.00647	0.00186	0.03624	0.04428	0.00487	0.00723

[dist]
# distance from previous block
# <min> <max>
0	1

[block]
# block no. 6 follows, 42 sequences, length 10
# corresponding to MSA columns:
# 917-926
name=unknown_G
#
# <colnr> <probs for GDERKNQSTAVLIFYWHMCP>
#	G	D	E	R	K	N	Q	S	T	A	V	L	I	F	Y	W	H	M	C	P
0	0.01468	0.29075	0.18765	0.04061	0.04036	0.07374	0.03539	0.09324	0.01362	0.03459	0.01161	0.01301	0.03701	0.00576	0.00519	0.00151	0.03058	0.00425	0.00308	0.06336
1	0.00905	0.00729	0.00972	0.00924	0.00969	0.00872	0.00690	0.01018	0.00915	0.01309	0.01771	0.10650	0.05310	0.24551	0.22826	0.00504	0.20579	0.00766	0.03261	0.00480
2	0.01390	0.01180	0.01265	0.01134	0.01441	0.01362	0.00885	0.06526	0.65986	0.02332	0.02180	0.02070	0.01654	0.01034	0.06735	0.00247	0.00539	0.00627	0.00551	0.00863
3	0.04520	0.03777	0.03274	0.04025	0.10538	0.10209	0.15072	0.20790	0.08762	0.06129	0.01365	0.03524	0.01081	0.03619	0.00653	0.00188	0.00700	0.00560	0.00413	0.00804
4	0.00847	0.00625	0.00822	0.00819	0.00904	0.00685	0.00590	0.01097	0.06888	0.01394	0.06332	0.08173	0.02017	0.25686	0.39866	0.00652	0.00985	0.00763	0.00369	0.00485
5	0.00748	0.00573	0.00685	0.00657	0.00811	0.00510	0.00493	0.00968	0.01478	0.01984	0.50217	0.04653	0.31678	0.01252	0.00664	0.00182	0.00273	0.01081	0.00584	0.00510
6	0.00785	0.00542	0.00613	0.00628	0.00654	0.00527	0.00372	0.00813	0.00904	0.01182	0.02395	0.12550	0.11166	0.61851	0.02357	0.00467	0.00489	0.00952	0.00383	0.00370
7	0.01099	0.00834	0.03819	0.00992	0.03559	0.00769	0.00750	0.01565	0.15432	0.09796	0.14490	0.29660	0.05551	0.01216	0.00648	0.00201	0.00399	0.05999	0.00542	0.02678
8	0.03418	0.12202	0.29956	0.01517	0.04829	0.04437	0.08461	0.14573	0.02862	0.06389	0.01145	0.01296	0.00854	0.00680	0.02845	0.00192	0.02726	0.00459	0.00340	0.00816
9	0.01377	0.06663	0.21998	0.06546	0.13299	0.03642	0.19372	0.05543	0.01295	0.04463	0.01060	0.01334	0.00816	0.00578	0.00709	0.00182	0.09541	0.00504	0.00292	0.00786

[dist]
# distance from previous block
# <min> <max>
2	7

[block]
# block no. 7 follows, 42 sequences, length 10
# corresponding to MSA columns:
# 934-943
name=unknown_H
#
# <colnr> <probs for GDERKNQSTAVLIFYWHMCP>
#	G	D	E	R	K	N	Q	S	T	A	V	L	I	F	Y	W	H	M	C	P
0	0.02401	0.05345	0.07609	0.00986	0.01253	0.02312	0.03513	0.08296	0.01382	0.04309	0.06526	0.08227	0.11400	0.02227	0.00665	0.00196	0.02583	0.16322	0.13831	0.00617
1	0.01341	0.14045	0.02265	0.19050	0.49120	0.01462	0.01569	0.01659	0.01226	0.01671	0.01002	0.01337	0.00834	0.00511	0.00527	0.00164	0.00675	0.00469	0.00266	0.00808
2	0.46264	0.00962	0.00953	0.00821	0.01149	0.01026	0.00665	0.01690	0.01076	0.15195	0.01176	0.01344	0.00906	0.01180	0.12970	0.02669	0.00616	0.00406	0.00397	0.08535
3	0.01597	0.01199	0.01306	0.01032	0.01407	0.01241	0.00835	0.40885	0.04393	0.02791	0.08992	0.02132	0.10202	0.00768	0.00552	0.00157	0.00488	0.00612	0.05236	0.14175
4	0.01505	0.80561	0.02949	0.00963	0.01444	0.02227	0.00963	0.01685	0.01143	0.01324	0.00782	0.00903	0.00722	0.00481	0.00361	0.00120	0.00602	0.00301	0.00241	0.00722
5	0.02104	0.13379	0.06148	0.01426	0.13639	0.01153	0.01066	0.02360	0.01461	0.48911	0.01741	0.01633	0.01169	0.00623	0.00531	0.00165	0.00549	0.00506	0.00532	0.00903
6	0.01753	0.01536	0.01401	0.01183	0.01497	0.18099	0.00927	0.39047	0.02053	0.02598	0.10162	0.13683	0.01833	0.00877	0.00586	0.00174	0.00620	0.00702	0.00503	0.00764
7	0.15551	0.00876	0.08087	0.00881	0.01067	0.00746	0.00748	0.01179	0.00957	0.05829	0.01342	0.02282	0.01277	0.01434	0.01395	0.42912	0.00516	0.12139	0.00332	0.00449
8	0.01238	0.15467	0.25671	0.15862	0.23911	0.01426	0.01620	0.01642	0.01191	0.01641	0.01078	0.04833	0.00910	0.00577	0.00524	0.00169	0.00707	0.00490	0.00265	0.00776
9	0.01556	0.36860	0.03773	0.01120	0.03099	0.22911	0.00954	0.01752	0.01260	0.01487	0.01005	0.01192	0.00861	0.00657	0.02468	0.00157	0.04182	0.00377	0.13663	0.00667

[dist]
# distance from previous block
# <min> <max>
0	7

[block]
# block no. 8 follows, 42 sequences, length 18
# corresponding to MSA columns:
# 951-968
name=unknown_I
#
# <colnr> <probs for GDERKNQSTAVLIFYWHMCP>
#	G	D	E	R	K	N	Q	S	T	A	V	L	I	F	Y	W	H	M	C	P
0	0.01242	0.00852	0.02588	0.13256	0.01540	0.00869	0.00843	0.03307	0.01201	0.13877	0.05041	0.08334	0.03765	0.09844	0.08357	0.00289	0.07187	0.02376	0.08447	0.06787
1	0.00915	0.00735	0.01108	0.00955	0.01174	0.00664	0.11797	0.01148	0.01253	0.01795	0.15290	0.25560	0.10306	0.01091	0.00608	0.00177	0.00407	0.00994	0.13614	0.10409
2	0.01406	0.57864	0.20586	0.01191	0.01761	0.01965	0.05237	0.01715	0.01164	0.01459	0.00856	0.01004	0.00727	0.00494	0.00419	0.00138	0.00675	0.00348	0.00242	0.00750
3	0.00842	0.00621	0.00831	0.00806	0.00885	0.00677	0.00578	0.00964	0.00883	0.01251	0.01560	0.02699	0.01605	0.33477	0.42401	0.00702	0.03596	0.00670	0.00317	0.04635
4	0.01985	0.01485	0.01606	0.01222	0.01680	0.01587	0.01006	0.63194	0.02411	0.03275	0.01295	0.01322	0.00937	0.00635	0.00540	0.00155	0.00587	0.00479	0.00527	0.14071
5	0.01505	0.80561	0.02949	0.00963	0.01444	0.02227	0.00963	0.01685	0.01143	0.01324	0.00782	0.00903	0.00722	0.00481	0.00361	0.00120	0.00602	0.00301	0.00241	0.00722
6	0.01487	0.67999	0.02844	0.01358	0.13379	0.02086	0.01084	0.01692	0.01165	0.01406	0.00826	0.00980	0.00749	0.00485	0.00392	0.00128	0.00612	0.00333	0.00247	0.00749
7	0.01307	0.07822	0.60564	0.01539	0.02262	0.13521	0.01851	0.01850	0.01250	0.01689	0.00973	0.01142	0.00715	0.00538	0.00519	0.00169	0.00846	0.00400	0.00246	0.00796
8	0.01234	0.01831	0.30271	0.01905	0.15666	0.02535	0.14134	0.03397	0.01299	0.03435	0.01511	0.02235	0.02880	0.00711	0.00599	0.00189	0.00735	0.11996	0.02670	0.00766
9	0.01118	0.02608	0.65316	0.13856	0.02664	0.01298	0.01997	0.01728	0.01178	0.01728	0.01008	0.01238	0.00719	0.00539	0.00539	0.00180	0.00819	0.00429	0.00240	0.00799
10	0.01118	0.01000	0.01616	0.39161	0.12744	0.02684	0.07299	0.01456	0.01193	0.01661	0.05247	0.01763	0.01175	0.00827	0.05481	0.00220	0.00706	0.00549	0.13457	0.00644
11	0.03746	0.16068	0.13194	0.10641	0.04716	0.10008	0.02932	0.01767	0.02552	0.12320	0.02529	0.11593	0.01386	0.00762	0.00541	0.00174	0.00645	0.03334	0.00375	0.00715
12	0.03959	0.00888	0.02975	0.04894	0.01394	0.00843	0.00835	0.03633	0.02949	0.35671	0.01890	0.02299	0.01475	0.06777	0.22189	0.00406	0.00794	0.04889	0.00505	0.00735
13	0.01296	0.01157	0.01839	0.14360	0.34308	0.02654	0.05991	0.01601	0.01229	0.05501	0.01240	0.05721	0.01067	0.00815	0.05534	0.00209	0.00692	0.00552	0.00319	0.13916
14	0.07054	0.13949	0.05483	0.15017	0.13858	0.06284	0.10218	0.05827	0.01351	0.12642	0.01199	0.02634	0.00920	0.00572	0.00526	0.00168	0.00685	0.00491	0.00352	0.00772
15	0.01476	0.01410	0.05863	0.11219	0.36530	0.04693	0.05199	0.08633	0.09047	0.05328	0.01280	0.01503	0.00991	0.00570	0.00556	0.00172	0.00665	0.00517	0.03514	0.00835
16	0.06782	0.04242	0.01424	0.09518	0.12460	0.14348	0.03372	0.04518	0.01275	0.01665	0.03316	0.21148	0.05083	0.01145	0.05536	0.00230	0.02150	0.00784	0.00373	0.00631
17	0.03058	0.01211	0.01781	0.18664	0.35630	0.06264	0.01421	0.01673	0.01278	0.07060	0.01408	0.02200	0.01249	0.00712	0.00617	0.00187	0.02515	0.11976	0.00342	0.00752

[dist]
# distance from previous block
# <min> <max>
0	1

[block]
# block no. 9 follows, 42 sequences, length 7
# corresponding to MSA columns:
# 970-976
name=unknown_J
#
# <colnr> <probs for GDERKNQSTAVLIFYWHMCP>
#	G	D	E	R	K	N	Q	S	T	A	V	L	I	F	Y	W	H	M	C	P
0	0.09860	0.01448	0.05169	0.04743	0.09958	0.11888	0.11165	0.09101	0.06676	0.06294	0.04799	0.03611	0.01257	0.04516	0.03066	0.00214	0.02391	0.00560	0.00385	0.02899
1	0.05229	0.01413	0.05556	0.09713	0.24581	0.07717	0.12663	0.05117	0.01290	0.01833	0.01097	0.01417	0.00885	0.00679	0.03014	0.00194	0.06442	0.00500	0.06802	0.03858
2	0.09352	0.06243	0.07768	0.14009	0.10957	0.07438	0.07568	0.13812	0.01467	0.03728	0.02685	0.04571	0.04292	0.00650	0.00540	0.00171	0.00663	0.00546	0.00361	0.03180
3	0.01450	0.01444	0.05499	0.17895	0.09384	0.10696	0.13829	0.07931	0.04290	0.06498	0.04254	0.01708	0.01148	0.00795	0.03858	0.00213	0.05520	0.02501	0.00354	0.00733
4	0.13065	0.07621	0.07481	0.10206	0.14116	0.10150	0.06771	0.04445	0.01299	0.06162	0.01267	0.01449	0.04427	0.00573	0.00506	0.00160	0.00658	0.00468	0.00332	0.08843
5	0.06360	0.09076	0.04210	0.21761	0.14525	0.09065	0.04716	0.06337	0.03667	0.03728	0.04724	0.04578	0.01229	0.00661	0.00546	0.00174	0.00671	0.02911	0.00343	0.00717
6	0.06871	0.05551	0.08642	0.08879	0.19110	0.04662	0.06165	0.04704	0.05997	0.05157	0.04887	0.05394	0.03225	0.00684	0.00608	0.00176	0.04336	0.00578	0.02101	0.02272

[dist]
# distance from previous block
# <min> <max>
39	439

# created by:
# /home/cegg/simao/soft/augustus-3.2.1/scripts/msa2prfl.pl ./align_prep/EOG091G0GBB.fa
