[name]
unknown

[dist]
# distance from previous block
# <min> <max>
1	388

[block]
# block no. 0 follows, 47 sequences, length 71
# corresponding to MSA columns:
# 401-437,442-472,475-477
name=unknown_A
#
# <colnr> <probs for GDERKNQSTAVLIFYWHMCP>
#	G	D	E	R	K	N	Q	S	T	A	V	L	I	F	Y	W	H	M	C	P
0	0.05081	0.03104	0.04242	0.08492	0.03014	0.02676	0.08383	0.02806	0.05297	0.25265	0.01808	0.05778	0.06234	0.00749	0.00647	0.00175	0.08130	0.04401	0.03026	0.00691
1	0.01718	0.22168	0.04230	0.01098	0.05453	0.11335	0.00894	0.03332	0.02740	0.29160	0.01459	0.01737	0.01150	0.05763	0.00614	0.00172	0.00565	0.05274	0.00416	0.00722
2	0.01026	0.06036	0.01256	0.35352	0.04633	0.00954	0.03273	0.01314	0.01069	0.01599	0.01234	0.01574	0.00966	0.00556	0.00472	0.00148	0.02236	0.00465	0.35280	0.00558
3	0.00945	0.00822	0.01155	0.12271	0.01460	0.01010	0.00935	0.01181	0.04844	0.01385	0.01725	0.15378	0.01834	0.06116	0.01122	0.00235	0.27163	0.19543	0.00354	0.00522
4	0.11612	0.01190	0.01233	0.01034	0.01369	0.01333	0.00834	0.32845	0.29991	0.02581	0.01820	0.01854	0.06199	0.00710	0.00513	0.00168	0.00470	0.02966	0.00497	0.00782
5	0.02306	0.00935	0.01239	0.00950	0.01354	0.00838	0.00785	0.08919	0.01573	0.72313	0.01985	0.01728	0.01254	0.00643	0.00523	0.00161	0.00454	0.00519	0.00634	0.00886
6	0.26185	0.01012	0.01144	0.04410	0.03931	0.01086	0.02418	0.07386	0.18451	0.21107	0.01569	0.06628	0.01203	0.00658	0.00477	0.00168	0.00451	0.00523	0.00466	0.00728
7	0.01769	0.07226	0.01460	0.05290	0.01541	0.02763	0.05750	0.07821	0.17815	0.35570	0.06150	0.01759	0.01408	0.00643	0.00520	0.00161	0.00496	0.00538	0.00520	0.00799
8	0.01259	0.01207	0.02060	0.10736	0.71143	0.01229	0.01583	0.01572	0.01172	0.01665	0.00974	0.01299	0.00812	0.00470	0.00516	0.00157	0.00626	0.00464	0.00255	0.00801
9	0.07517	0.00929	0.01374	0.57421	0.02849	0.01120	0.01206	0.08298	0.01158	0.01640	0.01032	0.01434	0.00792	0.02374	0.00539	0.00173	0.00612	0.00458	0.08484	0.00591
10	0.00872	0.00693	0.01055	0.00960	0.01092	0.00781	0.06586	0.03591	0.04198	0.01329	0.01356	0.01993	0.01253	0.08209	0.55259	0.05077	0.04343	0.00564	0.00294	0.00495
11	0.01212	0.01164	0.02011	0.10759	0.61830	0.01181	0.05509	0.01518	0.01161	0.01638	0.01101	0.06503	0.00980	0.00544	0.00531	0.00161	0.00620	0.00538	0.00270	0.00767
12	0.00746	0.00551	0.00802	0.00802	0.00883	0.00632	0.00608	0.00908	0.00827	0.01183	0.01427	0.02222	0.01378	0.13956	0.69689	0.00794	0.01280	0.00584	0.00284	0.00446
13	0.00642	0.00465	0.00593	0.00691	0.00735	0.00431	0.00461	0.00730	0.00999	0.01312	0.03033	0.66969	0.11388	0.07920	0.00816	0.00231	0.00314	0.01382	0.00470	0.00416
14	0.01034	0.00990	0.01711	0.66754	0.12765	0.01175	0.05472	0.01382	0.01069	0.01394	0.00939	0.01377	0.00715	0.00509	0.00525	0.00171	0.00695	0.00471	0.00236	0.00615
15	0.01020	0.00963	0.01628	0.71173	0.12574	0.01167	0.01465	0.01363	0.01059	0.01375	0.00932	0.01376	0.00710	0.00514	0.00520	0.00171	0.00685	0.00463	0.00235	0.00608
16	0.00643	0.00472	0.00597	0.00689	0.00746	0.00434	0.00469	0.00742	0.01032	0.01348	0.04688	0.62333	0.15813	0.04968	0.00741	0.00218	0.00307	0.02859	0.00478	0.00424
17	0.00687	0.00486	0.00584	0.00635	0.00672	0.00461	0.00404	0.00750	0.00934	0.01230	0.05146	0.37839	0.11167	0.34894	0.01484	0.00328	0.00380	0.01119	0.00417	0.00382
18	0.01204	0.01165	0.01895	0.14385	0.46998	0.01319	0.01455	0.01468	0.01062	0.01528	0.00894	0.01265	0.00768	0.00590	0.00828	0.00177	0.21571	0.00462	0.00246	0.00721
19	0.00778	0.00515	0.00596	0.00585	0.00612	0.00506	0.00349	0.00818	0.00876	0.02456	0.12292	0.03473	0.03531	0.67905	0.02301	0.00447	0.00464	0.00784	0.00359	0.00351
20	0.01171	0.12940	0.10205	0.35667	0.15274	0.05254	0.07869	0.01507	0.01107	0.01435	0.00907	0.01236	0.00715	0.00499	0.00518	0.00160	0.02199	0.00435	0.00238	0.00664
21	0.01219	0.01411	0.06790	0.01967	0.02397	0.01359	0.55915	0.01597	0.01138	0.02853	0.00988	0.01340	0.00770	0.00542	0.00830	0.00185	0.17188	0.00568	0.00260	0.00682
22	0.00839	0.00599	0.00839	0.00959	0.01079	0.00599	0.00839	0.01079	0.01199	0.01558	0.02757	0.05874	0.02997	0.01439	0.00719	0.00240	0.00480	0.74945	0.00480	0.00480
23	0.01392	0.82012	0.02729	0.00891	0.01337	0.02061	0.00891	0.01559	0.01058	0.01225	0.00724	0.00835	0.00668	0.00446	0.00334	0.00111	0.00557	0.00278	0.00223	0.00668
24	0.00757	0.00505	0.00568	0.00568	0.00568	0.00505	0.00316	0.00757	0.00757	0.01010	0.01641	0.03408	0.01893	0.81698	0.02651	0.00505	0.00505	0.00757	0.00316	0.00316
25	0.01065	0.04163	0.71692	0.01527	0.02272	0.01234	0.07605	0.01649	0.01109	0.01642	0.00939	0.01118	0.00670	0.00490	0.00501	0.00165	0.00774	0.00400	0.00223	0.00762
26	0.00756	0.00510	0.00595	0.00595	0.00604	0.00519	0.00349	0.00774	0.00765	0.01029	0.01617	0.03273	0.01835	0.74018	0.10251	0.00538	0.00593	0.00738	0.00312	0.00330
27	0.02336	0.00886	0.01209	0.00927	0.01329	0.00765	0.00765	0.02538	0.01491	0.78810	0.02055	0.01773	0.01289	0.00645	0.00524	0.00161	0.00443	0.00524	0.00645	0.00886
28	0.00946	0.00615	0.00775	0.00789	0.00908	0.00603	0.00586	0.04000	0.05874	0.08647	0.10598	0.32177	0.04372	0.12760	0.00924	0.00244	0.00385	0.13798	0.00488	0.00510
29	0.00905	0.00452	0.00678	0.00678	0.00678	0.00452	0.00452	0.00678	0.00678	0.00905	0.00905	0.01583	0.00905	0.01809	0.02035	0.84848	0.00452	0.00452	0.00226	0.00226
30	0.01229	0.01405	0.03073	0.02195	0.02722	0.01317	0.76558	0.01668	0.01229	0.01668	0.01054	0.01405	0.00790	0.00439	0.00615	0.00176	0.00878	0.00615	0.00263	0.00702
31	0.00836	0.00597	0.00835	0.00950	0.01070	0.00596	0.00828	0.01076	0.01207	0.01575	0.05081	0.05813	0.03056	0.01427	0.00716	0.00237	0.00472	0.72664	0.00482	0.00480
32	0.00733	0.00513	0.00639	0.00697	0.00790	0.00471	0.00493	0.00879	0.02546	0.04744	0.08504	0.49621	0.20013	0.03070	0.00684	0.00204	0.00309	0.04135	0.00494	0.00459
33	0.00798	0.00593	0.00847	0.00832	0.00931	0.00681	0.00640	0.04170	0.00900	0.01282	0.01408	0.02117	0.01330	0.09791	0.70274	0.00782	0.01291	0.00570	0.00292	0.00471
34	0.00634	0.00453	0.00604	0.00725	0.00755	0.00423	0.00483	0.00725	0.00997	0.01329	0.02870	0.81358	0.03444	0.01632	0.00665	0.00211	0.00302	0.01480	0.00483	0.00423
35	0.00770	0.00501	0.00561	0.00567	0.00584	0.00497	0.00330	0.00802	0.00812	0.01128	0.01784	0.07137	0.03525	0.67867	0.02279	0.00445	0.00463	0.00773	0.08836	0.00341
36	0.00926	0.00732	0.00821	0.00763	0.00964	0.00751	0.00585	0.01531	0.26079	0.03990	0.25707	0.03463	0.26050	0.01137	0.03977	0.00200	0.00360	0.00847	0.00521	0.00594
37	0.02099	0.01267	0.01444	0.01107	0.01519	0.01331	0.00915	0.51904	0.02128	0.28544	0.01519	0.01425	0.01021	0.00632	0.00522	0.00158	0.00530	0.00487	0.00562	0.00886
38	0.01080	0.00926	0.01080	0.00771	0.01234	0.00694	0.00617	0.01311	0.01080	0.01697	0.00926	0.01080	0.00771	0.00386	0.00386	0.00077	0.00386	0.00309	0.00309	0.84882
39	0.01222	0.01361	0.02889	0.06477	0.10902	0.01300	0.64500	0.01643	0.01214	0.01654	0.01039	0.01391	0.00789	0.00446	0.00599	0.00173	0.00840	0.00590	0.00261	0.00709
40	0.01198	0.01141	0.01941	0.23733	0.56943	0.01203	0.01542	0.01516	0.01148	0.01600	0.01001	0.01408	0.00834	0.00499	0.00521	0.00161	0.00636	0.01966	0.00255	0.00752
41	0.00732	0.00532	0.00690	0.00650	0.00775	0.00489	0.00488	0.00974	0.01463	0.02062	0.75347	0.03934	0.07758	0.01074	0.00614	0.00164	0.00246	0.00948	0.00570	0.00489
42	0.00744	0.00558	0.00837	0.00837	0.00930	0.00651	0.00651	0.00930	0.00837	0.01209	0.01395	0.02046	0.01302	0.03906	0.79635	0.00837	0.01395	0.00558	0.00279	0.00465
43	0.00983	0.00926	0.01562	0.80447	0.03587	0.01157	0.01446	0.01331	0.01041	0.01331	0.00926	0.01388	0.00694	0.00521	0.00521	0.00174	0.00694	0.00463	0.00231	0.00579
44	0.01945	0.02482	0.01476	0.01342	0.01610	0.79608	0.01006	0.02079	0.01476	0.01275	0.00805	0.00939	0.00671	0.00537	0.00470	0.00134	0.00939	0.00335	0.00268	0.00604
45	0.00757	0.00505	0.00568	0.00568	0.00568	0.00505	0.00316	0.00757	0.00757	0.01010	0.01641	0.03408	0.01893	0.81698	0.02651	0.00505	0.00505	0.00757	0.00316	0.00316
46	0.01340	0.01357	0.02023	0.03222	0.03611	0.08680	0.24273	0.08711	0.01180	0.03225	0.00917	0.01252	0.00762	0.00737	0.02529	0.00204	0.34544	0.00498	0.00281	0.00654
47	0.00890	0.00723	0.00919	0.00888	0.01012	0.05139	0.00693	0.05844	0.00976	0.01345	0.01353	0.01933	0.01240	0.03507	0.70134	0.00754	0.01317	0.00540	0.00294	0.00500
48	0.00999	0.00946	0.01565	0.72729	0.03370	0.01200	0.01416	0.01323	0.01018	0.01323	0.00902	0.01364	0.00693	0.00559	0.00637	0.00179	0.08507	0.00462	0.00231	0.00578
49	0.01277	0.01243	0.02148	0.03034	0.69422	0.01262	0.06440	0.01584	0.01168	0.01675	0.00969	0.01288	0.00815	0.00486	0.00586	0.00160	0.04910	0.00473	0.00257	0.00803
50	0.01215	0.01482	0.07964	0.02128	0.02657	0.01317	0.69781	0.01656	0.01210	0.01656	0.01036	0.01378	0.00779	0.00455	0.00635	0.00176	0.02917	0.00596	0.00260	0.00703
51	0.01278	0.01099	0.01164	0.01056	0.01344	0.01268	0.00825	0.02702	0.74549	0.02154	0.02144	0.02095	0.01644	0.00735	0.00537	0.00179	0.00415	0.03473	0.00528	0.00811
52	0.01289	0.01237	0.02114	0.03196	0.78450	0.01237	0.01598	0.01598	0.01186	0.01701	0.00980	0.01289	0.00825	0.00464	0.00516	0.00155	0.00619	0.00464	0.00258	0.00825
53	0.01580	0.39078	0.02140	0.06238	0.01625	0.05863	0.03066	0.25368	0.01518	0.03289	0.00939	0.01057	0.00754	0.00540	0.00497	0.00140	0.04875	0.00377	0.00329	0.00727
54	0.01229	0.01405	0.03073	0.02195	0.02722	0.01317	0.76558	0.01668	0.01229	0.01668	0.01054	0.01405	0.00790	0.00439	0.00615	0.00176	0.00878	0.00615	0.00263	0.00702
55	0.00837	0.00476	0.00628	0.00628	0.00628	0.00476	0.00389	0.00715	0.00715	0.00953	0.01243	0.02423	0.01360	0.38573	0.02318	0.46035	0.00476	0.00593	0.00267	0.00267
56	0.02313	0.00923	0.01232	0.00944	0.01348	0.00821	0.00780	0.07353	0.01553	0.73907	0.02002	0.01739	0.01263	0.00643	0.00524	0.00161	0.00452	0.00520	0.00637	0.00886
57	0.00983	0.00926	0.01562	0.80447	0.03587	0.01157	0.01446	0.01331	0.01041	0.01331	0.00926	0.01388	0.00694	0.00521	0.00521	0.00174	0.00694	0.00463	0.00231	0.00579
58	0.01392	0.82012	0.02729	0.00891	0.01337	0.02061	0.00891	0.01559	0.01058	0.01225	0.00724	0.00835	0.00668	0.00446	0.00334	0.00111	0.00557	0.00278	0.00223	0.00668
59	0.01392	0.82012	0.02729	0.00891	0.01337	0.02061	0.00891	0.01559	0.01058	0.01225	0.00724	0.00835	0.00668	0.00446	0.00334	0.00111	0.00557	0.00278	0.00223	0.00668
60	0.01080	0.00926	0.01080	0.00771	0.01234	0.00694	0.00617	0.01311	0.01080	0.01697	0.00926	0.01080	0.00771	0.00386	0.00386	0.00077	0.00386	0.00309	0.00309	0.84882
61	0.02336	0.00886	0.01209	0.00927	0.01329	0.00765	0.00765	0.02538	0.01491	0.78810	0.02055	0.01773	0.01289	0.00645	0.00524	0.00161	0.00443	0.00524	0.00645	0.00886
62	0.00757	0.00505	0.00568	0.00568	0.00568	0.00505	0.00316	0.00757	0.00757	0.01010	0.01641	0.03408	0.01893	0.81698	0.02651	0.00505	0.00505	0.00757	0.00316	0.00316
63	0.00639	0.00455	0.00603	0.00719	0.00748	0.00426	0.00477	0.00726	0.00988	0.01317	0.02823	0.78335	0.03384	0.04737	0.00742	0.00223	0.00310	0.01452	0.00477	0.00419
64	0.00737	0.00532	0.00696	0.00655	0.00778	0.00491	0.00491	0.00983	0.01474	0.02088	0.78175	0.03890	0.04914	0.01065	0.00614	0.00164	0.00246	0.00942	0.00573	0.00491
65	0.00638	0.00457	0.00607	0.00726	0.00760	0.00427	0.00488	0.00732	0.01004	0.01335	0.02913	0.78547	0.04840	0.01622	0.00665	0.00211	0.00305	0.02815	0.00483	0.00424
66	0.00647	0.00459	0.00604	0.00711	0.00741	0.00431	0.00471	0.00735	0.00992	0.01326	0.04915	0.73081	0.03365	0.07855	0.00818	0.00233	0.00316	0.01409	0.00473	0.00417
67	0.05674	0.01137	0.01268	0.01025	0.01363	0.01215	0.00831	0.41023	0.07854	0.14610	0.10250	0.06664	0.01645	0.00756	0.00536	0.00165	0.00477	0.02188	0.00534	0.00784
68	0.06783	0.00583	0.00665	0.00660	0.00811	0.00547	0.00497	0.01045	0.01151	0.08144	0.12220	0.15643	0.26259	0.08766	0.00779	0.00211	0.00335	0.08066	0.06350	0.00485
69	0.00996	0.00483	0.00663	0.00648	0.00697	0.00477	0.00449	0.00900	0.00816	0.05297	0.01147	0.01675	0.01023	0.01472	0.01573	0.60987	0.00404	0.00464	0.19509	0.00321
70	0.00642	0.00463	0.00611	0.00727	0.00767	0.00431	0.00495	0.00741	0.01014	0.01343	0.02969	0.74833	0.06643	0.01610	0.00665	0.00211	0.00308	0.04618	0.00483	0.00426

[dist]
# distance from previous block
# <min> <max>
0	12

[block]
# block no. 1 follows, 47 sequences, length 40
# corresponding to MSA columns:
# 490-498,500,522-551
name=unknown_B
#
# <colnr> <probs for GDERKNQSTAVLIFYWHMCP>
#	G	D	E	R	K	N	Q	S	T	A	V	L	I	F	Y	W	H	M	C	P
0	0.00932	0.00511	0.00546	0.00536	0.00655	0.00493	0.00388	0.01124	0.01094	0.04766	0.06980	0.04692	0.10207	0.11884	0.00736	0.00187	0.00291	0.00647	0.52860	0.00471
1	0.04262	0.00587	0.00724	0.00663	0.00831	0.00538	0.00507	0.01125	0.01406	0.09797	0.55609	0.03733	0.16164	0.01040	0.00594	0.00165	0.00275	0.00898	0.00556	0.00526
2	0.01858	0.01363	0.01468	0.01157	0.01549	0.01510	0.00946	0.58231	0.17562	0.06672	0.01464	0.01415	0.01047	0.00643	0.00523	0.00161	0.00534	0.00496	0.00529	0.00873
3	0.01766	0.01332	0.01421	0.01133	0.01507	0.01487	0.00922	0.55098	0.21030	0.02950	0.01485	0.01452	0.01080	0.00645	0.00516	0.00160	0.00519	0.00499	0.04144	0.00853
4	0.00777	0.00574	0.00669	0.00645	0.00799	0.00522	0.00482	0.04503	0.01335	0.03931	0.31425	0.14834	0.35157	0.01216	0.00615	0.00175	0.00282	0.01047	0.00523	0.00490
5	0.68603	0.00928	0.00766	0.00685	0.00982	0.01043	0.00557	0.01478	0.00990	0.05559	0.09378	0.01414	0.04769	0.00593	0.00377	0.00162	0.00381	0.00403	0.00371	0.00564
6	0.00748	0.00503	0.00581	0.00590	0.00596	0.00505	0.00341	0.00762	0.00778	0.01041	0.01721	0.09054	0.01983	0.72787	0.05530	0.00496	0.00525	0.00802	0.00326	0.00329
7	0.17856	0.00981	0.01129	0.00910	0.01268	0.00987	0.00742	0.11674	0.09581	0.41052	0.07144	0.01699	0.01391	0.00648	0.00492	0.00162	0.00435	0.00508	0.00550	0.00790
8	0.00709	0.00505	0.00603	0.00612	0.00696	0.00468	0.00420	0.00785	0.01048	0.01366	0.16667	0.14532	0.26657	0.19556	0.03144	0.10083	0.00369	0.00958	0.00427	0.00395
9	0.00832	0.00570	0.00736	0.00688	0.00827	0.00534	0.00518	0.01118	0.04538	0.05717	0.68218	0.07047	0.04543	0.01055	0.00609	0.00166	0.00264	0.00931	0.00571	0.00521
10	0.00696	0.00499	0.00651	0.00753	0.00802	0.00477	0.00518	0.03723	0.01062	0.01415	0.02802	0.75152	0.03326	0.01584	0.00661	0.00210	0.00320	0.04420	0.00485	0.00443
11	0.29886	0.13813	0.06728	0.12599	0.07705	0.01389	0.06690	0.12299	0.01222	0.02010	0.00887	0.01073	0.00688	0.00499	0.00429	0.00155	0.00570	0.00380	0.00306	0.00672
12	0.00673	0.00487	0.00644	0.00756	0.00815	0.00458	0.00546	0.00796	0.01050	0.01379	0.03020	0.61227	0.08700	0.01572	0.00672	0.00214	0.00334	0.15739	0.00483	0.00435
13	0.39864	0.04530	0.01223	0.03570	0.01345	0.11649	0.00823	0.13665	0.04223	0.02114	0.00875	0.01024	0.00695	0.00581	0.00582	0.00165	0.11739	0.00361	0.00335	0.00636
14	0.00733	0.00511	0.00575	0.00571	0.00611	0.00493	0.00346	0.00779	0.00898	0.01183	0.10175	0.03705	0.13976	0.60908	0.02125	0.00419	0.00441	0.00829	0.00368	0.00353
15	0.07330	0.00573	0.00682	0.00700	0.00794	0.00568	0.00489	0.01009	0.04677	0.04534	0.14383	0.31944	0.05325	0.16708	0.01081	0.05342	0.00362	0.02601	0.00446	0.00451
16	0.26640	0.01477	0.17667	0.04696	0.01953	0.01196	0.24092	0.04700	0.01168	0.10158	0.01040	0.01206	0.00748	0.00497	0.00485	0.00167	0.00646	0.00445	0.00322	0.00696
17	0.01007	0.00743	0.00825	0.00771	0.00888	0.00796	0.00536	0.10003	0.16556	0.01558	0.01817	0.06733	0.01853	0.47338	0.01765	0.00368	0.00483	0.05060	0.00400	0.00500
18	0.00677	0.00515	0.00603	0.00628	0.00730	0.00470	0.00440	0.00830	0.02657	0.01489	0.18910	0.27314	0.29929	0.11349	0.00881	0.00225	0.00304	0.01128	0.00482	0.00437
19	0.01330	0.01257	0.01963	0.02693	0.58674	0.04299	0.04571	0.08200	0.02322	0.01820	0.03234	0.03281	0.01021	0.00606	0.02326	0.00172	0.00635	0.00507	0.00300	0.00789
20	0.00714	0.00487	0.00581	0.00623	0.00634	0.00476	0.00374	0.00746	0.00841	0.01122	0.02071	0.30680	0.02436	0.53686	0.01956	0.00402	0.00434	0.01010	0.00374	0.00353
21	0.00693	0.00512	0.00627	0.00700	0.00759	0.00493	0.00469	0.00863	0.05859	0.01343	0.02900	0.55718	0.11428	0.13927	0.00958	0.00251	0.00336	0.01269	0.00460	0.00434
22	0.00671	0.00474	0.00603	0.00679	0.00714	0.00448	0.00444	0.00756	0.00990	0.01327	0.09406	0.55100	0.04981	0.19568	0.01105	0.00272	0.00342	0.01261	0.00454	0.00405
23	0.00821	0.00506	0.00751	0.00751	0.00797	0.00551	0.00544	0.00804	0.00759	0.01057	0.01172	0.01880	0.01137	0.05969	0.39862	0.40609	0.00914	0.00516	0.00255	0.00346
24	0.00845	0.00598	0.00756	0.00716	0.00864	0.00573	0.00548	0.01184	0.07890	0.05022	0.58371	0.05865	0.07833	0.01069	0.00612	0.00172	0.00285	0.05709	0.00560	0.00530
25	0.00681	0.00529	0.00621	0.00613	0.00756	0.00469	0.00462	0.00868	0.01310	0.01721	0.38347	0.08187	0.38024	0.01223	0.00622	0.00175	0.00266	0.04138	0.00524	0.00464
26	0.00752	0.00503	0.00566	0.00571	0.00582	0.00498	0.00327	0.00766	0.00792	0.01061	0.01838	0.06660	0.04995	0.73289	0.02434	0.00471	0.00481	0.00795	0.02292	0.00329
27	0.00683	0.00527	0.00624	0.00606	0.00747	0.00467	0.00452	0.00876	0.01337	0.01779	0.45307	0.07592	0.34740	0.01192	0.00617	0.00171	0.00255	0.01028	0.00533	0.00467
28	0.01392	0.82012	0.02729	0.00891	0.01337	0.02061	0.00891	0.01559	0.01058	0.01225	0.00724	0.00835	0.00668	0.00446	0.00334	0.00111	0.00557	0.00278	0.00223	0.00668
29	0.00956	0.00490	0.00508	0.00508	0.00628	0.00496	0.00383	0.01195	0.01076	0.01894	0.01679	0.01948	0.01333	0.00820	0.05497	0.00168	0.00317	0.00490	0.79130	0.00484
30	0.00638	0.00526	0.00560	0.00557	0.00718	0.00448	0.00415	0.00788	0.01232	0.01525	0.18123	0.07270	0.62831	0.01284	0.00617	0.00175	0.00262	0.01083	0.00499	0.00448
31	0.50162	0.00891	0.00820	0.00737	0.01002	0.00978	0.00575	0.03294	0.04662	0.11789	0.01309	0.10103	0.01176	0.09731	0.00660	0.00206	0.00413	0.00516	0.00395	0.00582
32	0.01026	0.00590	0.00768	0.00697	0.00861	0.00542	0.00534	0.01252	0.01407	0.14903	0.53872	0.03460	0.03854	0.04823	0.00684	0.00180	0.00300	0.03661	0.06037	0.00549
33	0.85377	0.01007	0.00765	0.00685	0.01007	0.01168	0.00564	0.01531	0.00886	0.02336	0.00725	0.00846	0.00564	0.00483	0.00322	0.00161	0.00403	0.00282	0.00322	0.00564
34	0.00653	0.00482	0.00613	0.00696	0.00766	0.00442	0.00488	0.00775	0.01092	0.01437	0.11510	0.55936	0.16354	0.01506	0.00654	0.00202	0.00299	0.05165	0.00493	0.00436
35	0.00785	0.00508	0.00604	0.00637	0.00749	0.00465	0.00460	0.00940	0.01141	0.04945	0.11500	0.33672	0.21450	0.01248	0.00584	0.00179	0.00285	0.02686	0.16694	0.00468
36	0.00706	0.00563	0.00637	0.00616	0.00776	0.00511	0.00466	0.00960	0.05526	0.01728	0.34530	0.04403	0.43046	0.01184	0.00612	0.00172	0.00268	0.02290	0.00522	0.00483
37	0.04405	0.00967	0.01245	0.00957	0.01360	0.00890	0.00791	0.12527	0.01604	0.66664	0.01912	0.01678	0.01216	0.00638	0.00518	0.00160	0.00460	0.00510	0.00620	0.00878
38	0.05400	0.01161	0.01212	0.01061	0.01374	0.01334	0.00835	0.13118	0.63289	0.02341	0.01931	0.01793	0.01442	0.00684	0.00519	0.00173	0.00434	0.00557	0.00519	0.00821
39	0.00842	0.00576	0.00691	0.00697	0.00808	0.00546	0.00494	0.05690	0.01169	0.05504	0.11075	0.32812	0.18255	0.15157	0.00976	0.00244	0.00353	0.03167	0.00475	0.00470

[dist]
# distance from previous block
# <min> <max>
0	14

[block]
# block no. 2 follows, 47 sequences, length 12
# corresponding to MSA columns:
# 566-577
name=unknown_C
#
# <colnr> <probs for GDERKNQSTAVLIFYWHMCP>
#	G	D	E	R	K	N	Q	S	T	A	V	L	I	F	Y	W	H	M	C	P
0	0.00790	0.00586	0.00770	0.00823	0.00882	0.00615	0.00617	0.02776	0.01043	0.01401	0.04782	0.36543	0.02806	0.15433	0.01108	0.00269	0.07157	0.20718	0.00435	0.00445
1	0.00982	0.00558	0.00811	0.07424	0.00984	0.00588	0.00571	0.05716	0.00825	0.01096	0.00929	0.01545	0.00886	0.01623	0.01809	0.72175	0.00481	0.00454	0.00246	0.00299
2	0.02520	0.00536	0.00646	0.00640	0.00708	0.00528	0.00429	0.00885	0.00986	0.03426	0.16955	0.09294	0.08119	0.41005	0.09313	0.00403	0.00504	0.02300	0.00400	0.00405
3	0.00677	0.00525	0.00601	0.00598	0.00731	0.00467	0.00439	0.00836	0.01235	0.01601	0.29246	0.08896	0.40269	0.08412	0.00802	0.00205	0.00288	0.03229	0.00499	0.00446
4	0.01505	0.01100	0.01202	0.01014	0.01319	0.01210	0.00805	0.28321	0.31220	0.07658	0.06817	0.07054	0.01647	0.00752	0.00530	0.00166	0.00442	0.00618	0.05839	0.00780
5	0.01945	0.02482	0.01476	0.01342	0.01610	0.79608	0.01006	0.02079	0.01476	0.01275	0.00805	0.00939	0.00671	0.00537	0.00470	0.00134	0.00939	0.00335	0.00268	0.00604
6	0.01172	0.01121	0.01890	0.30750	0.47678	0.01227	0.01520	0.01485	0.01114	0.01546	0.00945	0.01317	0.00771	0.00507	0.00579	0.00165	0.04781	0.00463	0.00247	0.00724
7	0.00770	0.00565	0.00838	0.00831	0.00911	0.00658	0.00639	0.00913	0.00820	0.01179	0.01340	0.02022	0.01268	0.06030	0.68398	0.07877	0.03673	0.00552	0.00274	0.00443
8	0.00678	0.00480	0.00635	0.00743	0.00783	0.00458	0.00518	0.00781	0.01001	0.01329	0.02720	0.61761	0.03210	0.10280	0.00888	0.00247	0.00350	0.12253	0.00465	0.00420
9	0.00850	0.00742	0.01155	0.32325	0.06656	0.00808	0.02986	0.01098	0.01128	0.01476	0.11009	0.17785	0.13189	0.00967	0.00588	0.00183	0.00491	0.05660	0.00375	0.00530
10	0.01184	0.05135	0.03809	0.08457	0.30768	0.04318	0.01119	0.06553	0.07136	0.01704	0.05133	0.05124	0.07761	0.05970	0.00661	0.00180	0.00545	0.00588	0.00340	0.03514
11	0.01342	0.08285	0.01746	0.10442	0.04074	0.05858	0.12222	0.09905	0.01264	0.05340	0.00985	0.01198	0.00780	0.00521	0.00602	0.00140	0.09120	0.00419	0.00312	0.25444

[dist]
# distance from previous block
# <min> <max>
1	5

[block]
# block no. 3 follows, 47 sequences, length 33
# corresponding to MSA columns:
# 583-615
name=unknown_D
#
# <colnr> <probs for GDERKNQSTAVLIFYWHMCP>
#	G	D	E	R	K	N	Q	S	T	A	V	L	I	F	Y	W	H	M	C	P
0	0.09996	0.32155	0.16214	0.04364	0.01650	0.02877	0.05512	0.04834	0.10764	0.01686	0.02634	0.01171	0.00882	0.00515	0.00429	0.00143	0.00583	0.00389	0.00297	0.02906
1	0.01038	0.01193	0.09849	0.01512	0.01898	0.01007	0.37091	0.01381	0.01078	0.01534	0.01216	0.03152	0.01037	0.05921	0.18853	0.00337	0.00890	0.00578	0.04984	0.05451
2	0.04000	0.67913	0.03997	0.05605	0.01495	0.01934	0.00940	0.06473	0.01144	0.01409	0.00774	0.00901	0.00681	0.00464	0.00360	0.00121	0.00565	0.00304	0.00246	0.00676
3	0.00728	0.00534	0.00683	0.00650	0.00778	0.00489	0.00491	0.00962	0.01438	0.02007	0.68958	0.04053	0.12178	0.01100	0.00617	0.00167	0.00254	0.02867	0.00562	0.00486
4	0.01045	0.02694	0.79000	0.01484	0.02254	0.01209	0.01924	0.01649	0.01099	0.01649	0.00935	0.01099	0.00660	0.00495	0.00495	0.00165	0.00770	0.00385	0.00220	0.00770
5	0.00896	0.00455	0.00672	0.00672	0.00672	0.00455	0.00444	0.00683	0.00683	0.00911	0.00948	0.01691	0.00963	0.06517	0.02072	0.79878	0.00455	0.00470	0.00231	0.00231
6	0.76405	0.00966	0.00773	0.00697	0.01004	0.01103	0.00567	0.01519	0.00918	0.05418	0.00920	0.06161	0.00783	0.00565	0.00353	0.00164	0.00398	0.00370	0.00346	0.00568
7	0.00745	0.00554	0.00818	0.00818	0.00905	0.00641	0.00628	0.00918	0.00831	0.01195	0.01412	0.02140	0.01343	0.09287	0.74310	0.00814	0.01333	0.00572	0.00282	0.00455
8	0.02159	0.00904	0.01172	0.00912	0.01288	0.00824	0.00749	0.08853	0.03074	0.63662	0.01953	0.01746	0.01264	0.00641	0.00509	0.00157	0.00435	0.00517	0.08330	0.00848
9	0.00757	0.00505	0.00568	0.00568	0.00568	0.00505	0.00316	0.00757	0.00757	0.01010	0.01641	0.03408	0.01893	0.81698	0.02651	0.00505	0.00505	0.00757	0.00316	0.00316
10	0.01392	0.82012	0.02729	0.00891	0.01337	0.02061	0.00891	0.01559	0.01058	0.01225	0.00724	0.00835	0.00668	0.00446	0.00334	0.00111	0.00557	0.00278	0.00223	0.00668
11	0.00715	0.00531	0.00665	0.00632	0.00764	0.00482	0.00474	0.00940	0.01422	0.01964	0.64845	0.04095	0.18321	0.01111	0.00614	0.00166	0.00249	0.00971	0.00557	0.00482
12	0.01139	0.01139	0.01595	0.01367	0.01367	0.01595	0.01139	0.01253	0.00798	0.01253	0.00684	0.01139	0.00684	0.00911	0.01709	0.00228	0.80745	0.00456	0.00228	0.00570
13	0.00634	0.00453	0.00604	0.00725	0.00755	0.00423	0.00483	0.00725	0.00997	0.01329	0.02870	0.81358	0.03444	0.01632	0.00665	0.00211	0.00302	0.01480	0.00483	0.00423
14	0.01945	0.02482	0.01476	0.01342	0.01610	0.79608	0.01006	0.02079	0.01476	0.01275	0.00805	0.00939	0.00671	0.00537	0.00470	0.00134	0.00939	0.00335	0.00268	0.00604
15	0.02336	0.00886	0.01209	0.00927	0.01329	0.00765	0.00765	0.02538	0.01491	0.78810	0.02055	0.01773	0.01289	0.00645	0.00524	0.00161	0.00443	0.00524	0.00645	0.00886
16	0.00757	0.00506	0.00573	0.00571	0.00576	0.00504	0.00322	0.00766	0.00784	0.01049	0.04456	0.03426	0.02004	0.78732	0.02576	0.00492	0.00495	0.00764	0.00325	0.00322
17	0.00748	0.00517	0.00644	0.00649	0.00676	0.00542	0.00415	0.00804	0.00790	0.01078	0.01626	0.06380	0.01797	0.56791	0.23810	0.00584	0.00742	0.00733	0.00313	0.00361
18	0.01080	0.00926	0.01080	0.00771	0.01234	0.00694	0.00617	0.01311	0.01080	0.01697	0.00926	0.01080	0.00771	0.00386	0.00386	0.00077	0.00386	0.00309	0.00309	0.84882
19	0.00843	0.00632	0.00783	0.00749	0.00933	0.00540	0.00540	0.02546	0.01071	0.03551	0.02284	0.51105	0.04464	0.01196	0.00572	0.00167	0.00336	0.01067	0.00435	0.26185
20	0.00634	0.00453	0.00604	0.00725	0.00755	0.00423	0.00483	0.00725	0.00997	0.01329	0.02870	0.81358	0.03444	0.01632	0.00665	0.00211	0.00302	0.01480	0.00483	0.00423
21	0.00717	0.00556	0.00655	0.00655	0.00797	0.00511	0.00499	0.00952	0.04415	0.01695	0.31786	0.09022	0.33761	0.03037	0.00671	0.00188	0.00294	0.08800	0.00515	0.00475
22	0.00626	0.00519	0.00548	0.00560	0.00715	0.00441	0.00413	0.00760	0.01182	0.01442	0.09757	0.14348	0.64214	0.01341	0.00621	0.00179	0.00267	0.01136	0.00489	0.00441
23	0.00634	0.00453	0.00604	0.00725	0.00755	0.00423	0.00483	0.00725	0.00997	0.01329	0.02870	0.81358	0.03444	0.01632	0.00665	0.00211	0.00302	0.01480	0.00483	0.00423
24	0.01195	0.01232	0.01587	0.01365	0.01384	0.06959	0.01130	0.01310	0.00844	0.01255	0.00692	0.01126	0.00683	0.00886	0.01624	0.00221	0.75258	0.00447	0.00231	0.00572
25	0.00737	0.00513	0.00608	0.00601	0.00652	0.00493	0.00384	0.00828	0.01023	0.01393	0.26443	0.07186	0.07298	0.47621	0.01791	0.00363	0.00399	0.00869	0.00415	0.00384
26	0.00694	0.00506	0.00591	0.00608	0.00700	0.00464	0.00420	0.00821	0.01118	0.01491	0.21201	0.21158	0.24754	0.18309	0.01046	0.00248	0.00318	0.01047	0.04082	0.00424
27	0.01229	0.01405	0.03073	0.02195	0.02722	0.01317	0.76558	0.01668	0.01229	0.01668	0.01054	0.01405	0.00790	0.00439	0.00615	0.00176	0.00878	0.00615	0.00263	0.00702
28	0.00648	0.00463	0.00620	0.00740	0.00777	0.00435	0.00507	0.00748	0.01010	0.01344	0.02863	0.76411	0.03415	0.01619	0.00668	0.00213	0.00314	0.06296	0.00483	0.00427
29	0.00754	0.00535	0.00596	0.00578	0.00636	0.00506	0.00351	0.00791	0.00848	0.01121	0.02166	0.05095	0.13341	0.62674	0.02156	0.00422	0.00457	0.00794	0.00344	0.05837
30	0.00748	0.00503	0.00593	0.00604	0.00625	0.00503	0.00367	0.00792	0.00844	0.01154	0.06556	0.12030	0.02204	0.60602	0.06767	0.00458	0.00510	0.00830	0.02957	0.00353
31	0.00708	0.00537	0.00700	0.00723	0.00826	0.00546	0.00546	0.00859	0.00994	0.01317	0.05207	0.12102	0.22114	0.10131	0.32600	0.00483	0.00766	0.08012	0.00388	0.00442
32	0.01548	0.04681	0.01529	0.04369	0.05062	0.42446	0.03344	0.02926	0.01271	0.01374	0.00991	0.05896	0.00918	0.00665	0.00681	0.00156	0.13352	0.02380	0.00283	0.06127

[dist]
# distance from previous block
# <min> <max>
1	5

[block]
# block no. 4 follows, 47 sequences, length 31
# corresponding to MSA columns:
# 648-678
name=unknown_E
#
# <colnr> <probs for GDERKNQSTAVLIFYWHMCP>
#	G	D	E	R	K	N	Q	S	T	A	V	L	I	F	Y	W	H	M	C	P
0	0.03042	0.05643	0.01346	0.04735	0.02651	0.21416	0.01927	0.23296	0.03231	0.03858	0.03532	0.09447	0.11017	0.00789	0.00527	0.00159	0.00594	0.01719	0.00411	0.00661
1	0.01391	0.01293	0.03915	0.04606	0.08971	0.03876	0.10987	0.23311	0.06562	0.02018	0.01255	0.01477	0.03700	0.00881	0.05943	0.00221	0.18008	0.00515	0.00354	0.00715
2	0.03606	0.45237	0.11136	0.00977	0.01420	0.06862	0.00960	0.01630	0.03368	0.05463	0.00925	0.01049	0.00771	0.00663	0.04790	0.00162	0.00621	0.00336	0.00272	0.09752
3	0.06451	0.00814	0.00959	0.00861	0.01023	0.00890	0.00645	0.17104	0.13686	0.01729	0.01234	0.03252	0.01068	0.01408	0.05596	0.41415	0.00517	0.00495	0.00352	0.00502
4	0.00785	0.00537	0.00598	0.00586	0.00614	0.00534	0.00346	0.03111	0.00855	0.01130	0.03434	0.03466	0.07398	0.71798	0.02398	0.00464	0.00484	0.00777	0.00339	0.00346
5	0.00742	0.00580	0.00647	0.00644	0.00789	0.00537	0.00475	0.04732	0.03057	0.01570	0.13608	0.16221	0.41636	0.08137	0.00794	0.00210	0.00317	0.04353	0.00484	0.00467
6	0.27833	0.01209	0.01233	0.00992	0.01363	0.01325	0.00821	0.41028	0.01779	0.09240	0.01231	0.01422	0.00934	0.00622	0.00467	0.00161	0.00499	0.04550	0.00462	0.02828
7	0.00918	0.00775	0.01117	0.35173	0.02060	0.02426	0.00958	0.01250	0.05573	0.01431	0.02889	0.03966	0.05873	0.01561	0.22323	0.00351	0.00782	0.00570	0.09466	0.00538
8	0.00715	0.00491	0.00581	0.00616	0.00634	0.00478	0.00373	0.00753	0.00861	0.01146	0.04082	0.26954	0.04800	0.53027	0.01937	0.00398	0.00430	0.00990	0.00378	0.00356
9	0.00724	0.00508	0.00611	0.00615	0.00694	0.00477	0.00419	0.00858	0.01130	0.01556	0.30132	0.16128	0.13037	0.24772	0.01205	0.00270	0.00333	0.00968	0.05140	0.00422
10	0.80743	0.01032	0.00810	0.00713	0.01041	0.01193	0.00588	0.05708	0.00973	0.02389	0.00754	0.00868	0.00582	0.00491	0.00333	0.00161	0.00412	0.00292	0.00333	0.00582
11	0.01908	0.07860	0.01561	0.01311	0.01591	0.74363	0.00998	0.02044	0.01448	0.01271	0.00799	0.00932	0.00671	0.00530	0.00460	0.00133	0.00913	0.00332	0.00265	0.00608
12	0.01406	0.01166	0.01233	0.01073	0.01383	0.01334	0.00842	0.16132	0.62042	0.02350	0.01950	0.01853	0.01469	0.02645	0.00579	0.00181	0.00444	0.00571	0.00523	0.00823
13	0.00680	0.00484	0.00601	0.00667	0.00711	0.00457	0.00441	0.00765	0.00988	0.01310	0.08105	0.45774	0.09516	0.23419	0.01201	0.00286	0.00355	0.03396	0.00444	0.00402
14	0.00898	0.00455	0.00673	0.00673	0.00673	0.00455	0.00446	0.00682	0.00682	0.00909	0.00938	0.01667	0.00950	0.05474	0.02064	0.80979	0.00455	0.00466	0.00230	0.00230
15	0.00688	0.00470	0.00618	0.00715	0.00753	0.00440	0.00476	0.00777	0.00999	0.03177	0.04436	0.70881	0.03290	0.08607	0.00834	0.00235	0.00322	0.01382	0.00475	0.00426
16	0.00684	0.00532	0.00581	0.00581	0.00740	0.00459	0.00436	0.00838	0.01222	0.03110	0.16040	0.10011	0.56524	0.01277	0.00615	0.00177	0.00273	0.03268	0.02173	0.00458
17	0.08723	0.00939	0.01201	0.00928	0.01326	0.00861	0.00767	0.08065	0.01516	0.67197	0.01891	0.01661	0.01203	0.00631	0.00508	0.00161	0.00450	0.00501	0.00610	0.00861
18	0.00701	0.00530	0.00614	0.00631	0.00752	0.00486	0.00458	0.00893	0.03625	0.01578	0.21060	0.21332	0.31976	0.06053	0.00736	0.00200	0.00293	0.03273	0.04354	0.00456
19	0.47317	0.00944	0.00865	0.00751	0.01038	0.01037	0.00600	0.12258	0.01198	0.07606	0.04222	0.04454	0.06894	0.05979	0.00564	0.00185	0.00413	0.00491	0.02587	0.00597
20	0.00744	0.00558	0.00837	0.00837	0.00930	0.00651	0.00651	0.00930	0.00837	0.01209	0.01395	0.02046	0.01302	0.03906	0.79635	0.00837	0.01395	0.00558	0.00279	0.00465
21	0.00744	0.00558	0.00837	0.00837	0.00930	0.00651	0.00651	0.00930	0.00837	0.01209	0.01395	0.02046	0.01302	0.03906	0.79635	0.00837	0.01395	0.00558	0.00279	0.00465
22	0.00713	0.00608	0.00626	0.00636	0.00780	0.03900	0.00473	0.00861	0.01211	0.01501	0.16490	0.14335	0.46688	0.03582	0.00679	0.00190	0.00315	0.05476	0.00484	0.00452
23	0.00744	0.00556	0.00827	0.00827	0.00917	0.00646	0.00639	0.00924	0.00834	0.01202	0.01404	0.02094	0.01323	0.06672	0.76897	0.00825	0.01363	0.00565	0.00280	0.00460
24	0.00640	0.00529	0.00562	0.00553	0.00719	0.00450	0.00415	0.00795	0.01245	0.01545	0.20028	0.04785	0.63399	0.01267	0.00615	0.00173	0.00260	0.01067	0.00502	0.00450
25	0.01295	0.01119	0.01178	0.01060	0.01354	0.01295	0.00824	0.02767	0.77509	0.02178	0.02120	0.01943	0.01590	0.00707	0.00530	0.00177	0.00412	0.00589	0.00530	0.00824
26	0.00757	0.00505	0.00568	0.00568	0.00568	0.00505	0.00316	0.00757	0.00757	0.01010	0.01641	0.03408	0.01893	0.81698	0.02651	0.00505	0.00505	0.00757	0.00316	0.00316
27	0.00642	0.00459	0.00613	0.00734	0.00767	0.00430	0.00497	0.00738	0.01005	0.01338	0.02866	0.78551	0.03428	0.01624	0.00667	0.00213	0.00309	0.04212	0.00483	0.00425
28	0.85377	0.01007	0.00765	0.00685	0.01007	0.01168	0.00564	0.01531	0.00886	0.02336	0.00725	0.00846	0.00564	0.00483	0.00322	0.00161	0.00403	0.00282	0.00322	0.00564
29	0.00744	0.00558	0.00837	0.00837	0.00930	0.00651	0.00651	0.00930	0.00837	0.01209	0.01395	0.02046	0.01302	0.03906	0.79635	0.00837	0.01395	0.00558	0.00279	0.00465
30	0.04131	0.01610	0.01484	0.01191	0.01568	0.17984	0.00960	0.50951	0.05387	0.07745	0.01233	0.01238	0.00889	0.00608	0.00506	0.00153	0.00630	0.00445	0.00471	0.00815

[dist]
# distance from previous block
# <min> <max>
0	1

[block]
# block no. 5 follows, 47 sequences, length 11
# corresponding to MSA columns:
# 680-690
name=unknown_F
#
# <colnr> <probs for GDERKNQSTAVLIFYWHMCP>
#	G	D	E	R	K	N	Q	S	T	A	V	L	I	F	Y	W	H	M	C	P
0	0.00661	0.00482	0.00625	0.00704	0.00769	0.00445	0.00493	0.00792	0.01115	0.01491	0.17396	0.55988	0.10823	0.01485	0.00653	0.00200	0.00296	0.04641	0.00500	0.00440
1	0.01104	0.04801	0.12940	0.01031	0.01545	0.00896	0.08738	0.01410	0.01097	0.01666	0.00931	0.01106	0.00752	0.00410	0.00423	0.00102	0.00502	0.00350	0.00287	0.59909
2	0.00804	0.00673	0.00698	0.00663	0.00773	0.03518	0.00470	0.03430	0.01056	0.01312	0.03305	0.03849	0.39223	0.29946	0.01422	0.00295	0.06865	0.00876	0.00396	0.00427
3	0.00634	0.00453	0.00604	0.00725	0.00755	0.00423	0.00483	0.00725	0.00997	0.01329	0.02870	0.81358	0.03444	0.01632	0.00665	0.00211	0.00302	0.01480	0.00483	0.00423
4	0.01210	0.01263	0.04714	0.13415	0.38835	0.04106	0.06533	0.01493	0.01084	0.01521	0.00917	0.01280	0.00775	0.00661	0.02880	0.00192	0.17697	0.00467	0.00248	0.00708
5	0.04345	0.01839	0.01592	0.18134	0.16159	0.43857	0.01196	0.01791	0.01292	0.01399	0.00856	0.01100	0.00701	0.00530	0.00522	0.00150	0.03253	0.00388	0.00259	0.00637
6	0.01345	0.01143	0.01205	0.01070	0.01373	0.01318	0.00836	0.08102	0.72093	0.02258	0.02057	0.01893	0.01539	0.00701	0.00529	0.00175	0.00424	0.00580	0.00529	0.00829
7	0.01163	0.01042	0.01537	0.16180	0.04935	0.06376	0.12191	0.01422	0.01214	0.07577	0.22832	0.02045	0.01950	0.00747	0.00790	0.00177	0.16232	0.00616	0.00368	0.00606
8	0.04121	0.00604	0.00701	0.00691	0.00844	0.00578	0.00516	0.01115	0.08462	0.04650	0.27053	0.19964	0.24531	0.01191	0.00605	0.00180	0.00298	0.02869	0.00516	0.00512
9	0.00641	0.00487	0.00571	0.00633	0.00715	0.00438	0.00431	0.00737	0.01042	0.01323	0.03641	0.43759	0.31521	0.10513	0.00869	0.00231	0.00310	0.01255	0.00465	0.00417
10	0.00634	0.00453	0.00604	0.00725	0.00755	0.00423	0.00483	0.00725	0.00997	0.01329	0.02870	0.81358	0.03444	0.01632	0.00665	0.00211	0.00302	0.01480	0.00483	0.00423

[dist]
# distance from previous block
# <min> <max>
3	4

[block]
# block no. 6 follows, 47 sequences, length 30
# corresponding to MSA columns:
# 726-755
name=unknown_G
#
# <colnr> <probs for GDERKNQSTAVLIFYWHMCP>
#	G	D	E	R	K	N	Q	S	T	A	V	L	I	F	Y	W	H	M	C	P
0	0.01351	0.00837	0.01021	0.00847	0.01160	0.00751	0.00659	0.05472	0.09233	0.21380	0.05285	0.19851	0.01793	0.00813	0.00517	0.00148	0.00387	0.00697	0.00480	0.27318
1	0.05185	0.00662	0.00779	0.00708	0.00923	0.00598	0.00536	0.01264	0.04166	0.13864	0.12755	0.20091	0.19146	0.02394	0.00589	0.00170	0.00329	0.00882	0.03993	0.10966
2	0.00844	0.00592	0.00727	0.00750	0.00868	0.00571	0.00549	0.05776	0.03878	0.04817	0.11785	0.40753	0.14655	0.04253	0.00707	0.00206	0.00338	0.06936	0.00498	0.00497
3	0.08072	0.00580	0.00657	0.00649	0.00770	0.00555	0.00454	0.01019	0.01032	0.09110	0.06255	0.21510	0.17458	0.24878	0.01186	0.00277	0.00375	0.01965	0.02739	0.00459
4	0.00716	0.00516	0.00649	0.00715	0.00784	0.00494	0.00495	0.02809	0.02882	0.01489	0.11234	0.55352	0.07948	0.06574	0.00770	0.00219	0.00319	0.03091	0.02495	0.00449
5	0.00695	0.00523	0.00632	0.00669	0.00763	0.00494	0.00478	0.00849	0.02795	0.01418	0.11874	0.27408	0.24088	0.13502	0.05973	0.00281	0.00400	0.06265	0.00457	0.00435
6	0.00746	0.00551	0.00800	0.00800	0.00880	0.00631	0.00605	0.00906	0.00826	0.01182	0.01429	0.02232	0.01383	0.14544	0.69107	0.00792	0.01273	0.00585	0.00284	0.00445
7	0.05133	0.00554	0.00625	0.00633	0.00768	0.00516	0.00462	0.00909	0.03489	0.01641	0.24440	0.21800	0.32870	0.02997	0.00652	0.00187	0.00285	0.01077	0.00498	0.00466
8	0.00827	0.00591	0.00721	0.00728	0.00851	0.00568	0.00532	0.05770	0.03785	0.03951	0.21248	0.34489	0.15245	0.04201	0.00701	0.00200	0.00322	0.04265	0.00508	0.00497
9	0.01589	0.01216	0.01311	0.01079	0.01405	0.01353	0.00860	0.43619	0.24647	0.02686	0.04699	0.06757	0.01461	0.04108	0.00625	0.00181	0.00492	0.00600	0.00515	0.00798
10	0.00681	0.00497	0.00633	0.00711	0.00768	0.00473	0.00483	0.00843	0.04105	0.01445	0.12661	0.59762	0.06781	0.06609	0.00777	0.00221	0.00310	0.01312	0.00486	0.00442
11	0.04975	0.00718	0.00832	0.00721	0.00963	0.00672	0.00560	0.04507	0.05211	0.23108	0.10465	0.04992	0.22507	0.06045	0.00669	0.00183	0.00355	0.00743	0.09192	0.02584
12	0.04822	0.00638	0.00770	0.00733	0.00920	0.00585	0.00551	0.01267	0.03391	0.16668	0.04543	0.29051	0.15601	0.04040	0.00650	0.00190	0.00348	0.04602	0.04710	0.05920
13	0.56377	0.01236	0.00996	0.03937	0.01261	0.12507	0.00717	0.05049	0.03333	0.07026	0.00892	0.00997	0.00678	0.00527	0.00415	0.00160	0.02599	0.00334	0.00344	0.00613
14	0.00806	0.00473	0.00631	0.00641	0.00684	0.00450	0.00434	0.00703	0.00828	0.01063	0.02126	0.09254	0.19093	0.06232	0.01625	0.53241	0.00399	0.00707	0.00313	0.00297
15	0.01945	0.02482	0.01476	0.01342	0.01610	0.79608	0.01006	0.02079	0.01476	0.01275	0.00805	0.00939	0.00671	0.00537	0.00470	0.00134	0.00939	0.00335	0.00268	0.00604
16	0.00769	0.00526	0.00617	0.00620	0.00704	0.00490	0.00419	0.00865	0.01040	0.04426	0.13654	0.14580	0.20853	0.33898	0.01447	0.00314	0.00379	0.03550	0.00434	0.00414
17	0.04601	0.04187	0.01345	0.01077	0.01416	0.03999	0.00866	0.30903	0.37273	0.02532	0.01623	0.01565	0.01208	0.00648	0.00502	0.00162	0.00488	0.00508	0.04287	0.00810
18	0.01137	0.01182	0.05221	0.10945	0.23168	0.01204	0.17078	0.03905	0.01157	0.01617	0.06001	0.01695	0.05590	0.00749	0.03372	0.00199	0.14256	0.00561	0.00292	0.00672
19	0.19001	0.01181	0.08804	0.00998	0.01328	0.01125	0.02177	0.18641	0.14853	0.03611	0.03323	0.07832	0.04226	0.02673	0.00565	0.00183	0.00483	0.07878	0.00437	0.00681
20	0.00690	0.00500	0.00641	0.00700	0.00768	0.00472	0.00487	0.00848	0.02715	0.01524	0.21679	0.47640	0.07564	0.07681	0.00803	0.00221	0.00310	0.03821	0.00494	0.00443
21	0.00880	0.00579	0.00715	0.00759	0.00895	0.00571	0.00631	0.03346	0.01228	0.01751	0.09217	0.04341	0.10271	0.01130	0.00591	0.00190	0.00372	0.37297	0.24745	0.00490
22	0.01291	0.20177	0.05645	0.03840	0.01432	0.08260	0.04359	0.11044	0.07711	0.01579	0.01140	0.04774	0.01011	0.02752	0.07721	0.10626	0.05233	0.00479	0.00312	0.00612
23	0.00752	0.00504	0.00577	0.00582	0.00586	0.00505	0.00332	0.00761	0.00769	0.01029	0.01685	0.06617	0.01942	0.76238	0.04672	0.00502	0.00521	0.00782	0.00322	0.00324
24	0.00744	0.00558	0.00837	0.00837	0.00930	0.00651	0.00651	0.00930	0.00837	0.01209	0.01395	0.02046	0.01302	0.03906	0.79635	0.00837	0.01395	0.00558	0.00279	0.00465
25	0.01185	0.01281	0.08395	0.19848	0.31269	0.01312	0.04627	0.03745	0.02485	0.01569	0.00930	0.01278	0.00765	0.00586	0.00783	0.00177	0.18341	0.00464	0.00255	0.00705
26	0.00880	0.02736	0.05429	0.00908	0.01045	0.06051	0.00743	0.01062	0.00889	0.01220	0.01302	0.01989	0.01239	0.11772	0.55286	0.00665	0.05482	0.00543	0.00275	0.00486
27	0.00983	0.00926	0.01562	0.80447	0.03587	0.01157	0.01446	0.01331	0.01041	0.01331	0.00926	0.01388	0.00694	0.00521	0.00521	0.00174	0.00694	0.00463	0.00231	0.00579
28	0.00806	0.00565	0.00724	0.00674	0.00814	0.00528	0.00509	0.01090	0.04215	0.04609	0.70272	0.03790	0.07318	0.01047	0.00608	0.00165	0.00259	0.00921	0.00571	0.00515
29	0.02994	0.00895	0.02445	0.02641	0.10237	0.02747	0.06920	0.09108	0.03170	0.01702	0.07643	0.28530	0.02152	0.01282	0.06821	0.02070	0.03450	0.04211	0.00403	0.00579

[dist]
# distance from previous block
# <min> <max>
0	6

# created by:
# /home/cegg/simao/soft/augustus-3.2.1/scripts/msa2prfl.pl ./align_prep/EOG091G0DXP.fa
