[name]
unknown

[dist]
# distance from previous block
# <min> <max>
2	188

[block]
# block no. 0 follows, 48 sequences, length 10
# corresponding to MSA columns:
# 311-314,318-323
name=unknown_A
#
# <colnr> <probs for GDERKNQSTAVLIFYWHMCP>
#	G	D	E	R	K	N	Q	S	T	A	V	L	I	F	Y	W	H	M	C	P
0	0.03138	0.01105	0.08220	0.33766	0.09890	0.01061	0.13993	0.03613	0.01114	0.02944	0.01293	0.15083	0.01187	0.00684	0.00545	0.00174	0.00632	0.00644	0.00296	0.00618
1	0.02033	0.12705	0.01494	0.01057	0.01412	0.29827	0.00858	0.02202	0.01404	0.39920	0.01394	0.01319	0.00963	0.00569	0.00471	0.00142	0.00631	0.00415	0.00442	0.00742
2	0.01516	0.01360	0.01252	0.01107	0.02968	0.17389	0.00847	0.19709	0.27834	0.05094	0.12224	0.01857	0.03183	0.00696	0.00520	0.00158	0.00530	0.00554	0.00471	0.00731
3	0.01242	0.01685	0.17757	0.01480	0.01750	0.13927	0.11741	0.01501	0.01012	0.01375	0.00794	0.01119	0.00681	0.00690	0.01094	0.00190	0.40665	0.00437	0.00234	0.00625
4	0.01803	0.01394	0.17340	0.01103	0.01560	0.01102	0.01045	0.17950	0.13746	0.35041	0.01642	0.01529	0.01106	0.00610	0.00511	0.00161	0.00525	0.00487	0.00505	0.00840
5	0.40946	0.01286	0.17015	0.00911	0.01293	0.03102	0.00884	0.01590	0.01006	0.12582	0.01045	0.01202	0.00792	0.01039	0.13060	0.00265	0.00646	0.00376	0.00332	0.00627
6	0.01724	0.01669	0.17528	0.01231	0.01707	0.01492	0.01156	0.57471	0.06256	0.02843	0.01215	0.01239	0.00865	0.00594	0.00508	0.00157	0.00596	0.00451	0.00453	0.00846
7	0.01157	0.00550	0.00801	0.00744	0.00840	0.00540	0.00540	0.01085	0.00858	0.17043	0.01201	0.01671	0.01032	0.01875	0.14106	0.54179	0.00592	0.00477	0.00316	0.00394
8	0.00957	0.00891	0.00969	0.11901	0.01312	0.13301	0.00737	0.01116	0.00937	0.01178	0.01268	0.02029	0.01221	0.18940	0.40380	0.00557	0.01027	0.00542	0.00274	0.00465
9	0.01446	0.17938	0.03130	0.01372	0.14644	0.03746	0.00985	0.17470	0.17008	0.03951	0.01211	0.01271	0.00944	0.00532	0.00456	0.00138	0.00522	0.00421	0.00372	0.12445

[dist]
# distance from previous block
# <min> <max>
0	2

[block]
# block no. 1 follows, 48 sequences, length 18
# corresponding to MSA columns:
# 326-328,356,357,359-371
name=unknown_B
#
# <colnr> <probs for GDERKNQSTAVLIFYWHMCP>
#	G	D	E	R	K	N	Q	S	T	A	V	L	I	F	Y	W	H	M	C	P
0	0.12365	0.28091	0.06989	0.00991	0.01399	0.08429	0.00904	0.16199	0.01395	0.15159	0.01108	0.02965	0.00855	0.00550	0.00425	0.00141	0.00555	0.00392	0.00369	0.00719
1	0.01734	0.05714	0.04161	0.01455	0.12730	0.11619	0.01069	0.44155	0.01895	0.04253	0.01228	0.01296	0.03232	0.00597	0.00526	0.00151	0.02525	0.00452	0.00413	0.00792
2	0.48095	0.01083	0.05657	0.00814	0.01170	0.01071	0.00709	0.10199	0.01197	0.14894	0.04619	0.01224	0.00943	0.00546	0.00399	0.00155	0.00431	0.00381	0.03149	0.03266
3	0.01323	0.08538	0.07660	0.10506	0.20361	0.06312	0.01138	0.11566	0.07852	0.04130	0.03327	0.02748	0.01045	0.03484	0.01757	0.00171	0.00592	0.00470	0.00333	0.06688
4	0.04404	0.11821	0.47547	0.01530	0.04623	0.01314	0.15453	0.01653	0.04000	0.01626	0.00955	0.01135	0.00711	0.00478	0.00486	0.00158	0.00721	0.00414	0.00242	0.00730
5	0.00625	0.00447	0.00595	0.00714	0.00744	0.00417	0.00476	0.00714	0.00982	0.01310	0.02828	0.81633	0.03394	0.01608	0.00655	0.00208	0.00298	0.01459	0.00476	0.00417
6	0.07134	0.04962	0.03565	0.06563	0.04109	0.34327	0.04113	0.23016	0.04116	0.01949	0.00977	0.01097	0.00754	0.00544	0.00475	0.00146	0.00726	0.00395	0.00340	0.00693
7	0.04694	0.01345	0.05279	0.15619	0.18787	0.13569	0.03638	0.09059	0.01334	0.14173	0.01197	0.01483	0.00925	0.00666	0.02964	0.00179	0.00666	0.03365	0.00348	0.00711
8	0.01205	0.05352	0.08858	0.02047	0.02581	0.01325	0.67516	0.01637	0.01193	0.01621	0.01014	0.01334	0.00763	0.00437	0.00583	0.00169	0.00842	0.00572	0.00254	0.00696
9	0.00624	0.00450	0.00592	0.00706	0.00742	0.00417	0.00473	0.00715	0.00990	0.01313	0.02925	0.78483	0.06480	0.01595	0.00653	0.00207	0.00296	0.01443	0.00476	0.00417
10	0.14051	0.28842	0.30425	0.01124	0.01655	0.04165	0.03162	0.04578	0.01124	0.05347	0.00884	0.00998	0.00681	0.00482	0.00413	0.00143	0.00619	0.00343	0.00267	0.00697
11	0.38420	0.04912	0.04748	0.03704	0.07340	0.12641	0.02550	0.02694	0.08136	0.01874	0.01009	0.03426	0.00851	0.03909	0.01720	0.00180	0.00553	0.00404	0.00317	0.00612
12	0.00891	0.00446	0.00668	0.00668	0.00668	0.00446	0.00446	0.00668	0.00668	0.00891	0.00891	0.01560	0.00891	0.01783	0.02005	0.85071	0.00446	0.00446	0.00223	0.00223
13	0.00624	0.00450	0.00592	0.00705	0.00742	0.00418	0.00472	0.00716	0.00991	0.01314	0.02943	0.77914	0.07038	0.01593	0.00653	0.00207	0.00296	0.01440	0.00476	0.00418
14	0.15434	0.01596	0.10318	0.01218	0.01627	0.12201	0.07789	0.35904	0.01711	0.02405	0.01099	0.04398	0.00861	0.00590	0.00485	0.00157	0.00625	0.00458	0.00389	0.00735
15	0.01529	0.10955	0.03730	0.01762	0.21477	0.04166	0.16403	0.04878	0.02684	0.20277	0.03544	0.04010	0.01104	0.00561	0.00514	0.00155	0.00601	0.00521	0.00374	0.00755
16	0.01873	0.00789	0.01062	0.00842	0.01173	0.00685	0.00683	0.02083	0.01451	0.57554	0.20779	0.02236	0.02130	0.00728	0.00533	0.00157	0.00387	0.00610	0.00607	0.03638
17	0.06634	0.21646	0.18019	0.01370	0.06537	0.04527	0.13341	0.06790	0.04788	0.03095	0.00968	0.01116	0.00756	0.00478	0.00451	0.00141	0.00630	0.00397	0.00284	0.08030

[dist]
# distance from previous block
# <min> <max>
1	4

[block]
# block no. 2 follows, 48 sequences, length 46
# corresponding to MSA columns:
# 376-383,386-423
name=unknown_C
#
# <colnr> <probs for GDERKNQSTAVLIFYWHMCP>
#	G	D	E	R	K	N	Q	S	T	A	V	L	I	F	Y	W	H	M	C	P
0	0.06160	0.01191	0.01263	0.01145	0.06095	0.05271	0.00850	0.30425	0.20654	0.05847	0.04136	0.05810	0.02598	0.03450	0.00581	0.00172	0.00492	0.00564	0.02546	0.00750
1	0.07278	0.02384	0.01386	0.02575	0.09354	0.03273	0.00971	0.05871	0.00980	0.02723	0.01085	0.01567	0.03946	0.09946	0.04760	0.00256	0.40291	0.00496	0.00281	0.00576
2	0.38667	0.01085	0.03436	0.19264	0.02987	0.03102	0.00895	0.08390	0.05137	0.04632	0.00943	0.01140	0.00720	0.00588	0.00531	0.03951	0.03219	0.00380	0.00324	0.00609
3	0.01086	0.00930	0.01090	0.00787	0.01228	0.00731	0.00632	0.02993	0.01086	0.01694	0.00912	0.01070	0.00760	0.00401	0.00422	0.00082	0.02777	0.00312	0.00306	0.80703
4	0.02302	0.00873	0.01191	0.00913	0.01310	0.00754	0.00754	0.02501	0.01469	0.79122	0.02024	0.01746	0.01270	0.00635	0.00516	0.00159	0.00437	0.00516	0.00635	0.00873
5	0.01002	0.00946	0.01599	0.72104	0.11903	0.01149	0.01442	0.01340	0.01042	0.01352	0.00918	0.01357	0.00698	0.00507	0.00512	0.00169	0.00676	0.00456	0.00231	0.00597
6	0.02302	0.00873	0.01191	0.00913	0.01310	0.00754	0.00754	0.02501	0.01469	0.79122	0.02024	0.01746	0.01270	0.00635	0.00516	0.00159	0.00437	0.00516	0.00635	0.00873
7	0.00619	0.00516	0.00540	0.00543	0.00703	0.00437	0.00404	0.00757	0.01185	0.01445	0.12009	0.09464	0.67026	0.01294	0.00609	0.00174	0.00260	0.01091	0.00485	0.00437
8	0.00606	0.00520	0.00520	0.00520	0.00693	0.00433	0.00390	0.00736	0.01170	0.01386	0.05198	0.04938	0.78558	0.01299	0.00606	0.00173	0.00260	0.01083	0.00476	0.00433
9	0.05984	0.00932	0.01204	0.00928	0.01322	0.00851	0.00766	0.09503	0.01531	0.68523	0.01891	0.01657	0.01201	0.00626	0.00507	0.00158	0.00447	0.00500	0.00609	0.00859
10	0.01064	0.00912	0.01064	0.00760	0.01216	0.00684	0.00608	0.01292	0.01064	0.01672	0.00912	0.01064	0.00760	0.00380	0.00380	0.00076	0.00380	0.00304	0.00304	0.85104
11	0.01123	0.01123	0.01572	0.01347	0.01347	0.01572	0.01123	0.01235	0.00786	0.01235	0.00674	0.01123	0.00674	0.00898	0.01684	0.00225	0.81028	0.00449	0.00225	0.00561
12	0.02302	0.00873	0.01191	0.00913	0.01310	0.00754	0.00754	0.02501	0.01469	0.79122	0.02024	0.01746	0.01270	0.00635	0.00516	0.00159	0.00437	0.00516	0.00635	0.00873
13	0.85592	0.00992	0.00754	0.00675	0.00992	0.01151	0.00556	0.01508	0.00873	0.02302	0.00714	0.00834	0.00556	0.00476	0.00318	0.00159	0.00397	0.00278	0.00318	0.00556
14	0.00733	0.00550	0.00825	0.00825	0.00916	0.00641	0.00641	0.00916	0.00825	0.01191	0.01374	0.02016	0.01283	0.03848	0.79934	0.00825	0.01374	0.00550	0.00275	0.00458
15	0.01462	0.01211	0.01701	0.08397	0.04417	0.01307	0.16368	0.23277	0.25052	0.06286	0.01465	0.01539	0.01083	0.00699	0.03204	0.00188	0.00609	0.00532	0.00429	0.00775
16	0.00733	0.00550	0.00825	0.00825	0.00916	0.00641	0.00641	0.00916	0.00825	0.01191	0.01374	0.02016	0.01283	0.03848	0.79934	0.00825	0.01374	0.00550	0.00275	0.00458
17	0.01085	0.00602	0.00616	0.00569	0.00726	0.00622	0.00438	0.11016	0.01249	0.02084	0.01617	0.01825	0.01258	0.00600	0.00379	0.00124	0.00281	0.00476	0.73902	0.00529
18	0.85592	0.00992	0.00754	0.00675	0.00992	0.01151	0.00556	0.01508	0.00873	0.02302	0.00714	0.00834	0.00556	0.00476	0.00318	0.00159	0.00397	0.00278	0.00318	0.00556
19	0.03730	0.01097	0.03434	0.00991	0.01405	0.01019	0.00836	0.24669	0.01697	0.46626	0.01643	0.01502	0.01080	0.00602	0.00500	0.00151	0.00479	0.00475	0.00555	0.07511
20	0.00973	0.00510	0.00513	0.00507	0.00635	0.00519	0.00382	0.01273	0.04955	0.01925	0.01695	0.01913	0.01328	0.00603	0.00367	0.00122	0.00248	0.00483	0.80556	0.00495
21	0.14103	0.00988	0.01189	0.00925	0.01313	0.00955	0.00764	0.15254	0.01547	0.55056	0.01701	0.01527	0.01100	0.00609	0.00487	0.00158	0.00453	0.00473	0.00569	0.00828
22	0.11366	0.00886	0.01143	0.00887	0.01275	0.00797	0.00733	0.02393	0.01404	0.70762	0.01882	0.01647	0.01192	0.00618	0.00494	0.00159	0.00432	0.00490	0.00601	0.00839
23	0.00896	0.00745	0.01027	0.00942	0.00968	0.00942	0.00723	0.00974	0.00777	0.01134	0.01134	0.01991	0.01173	0.22875	0.24158	0.07007	0.31278	0.00555	0.00261	0.00441
24	0.02302	0.00873	0.01191	0.00913	0.01310	0.00754	0.00754	0.02501	0.01469	0.79122	0.02024	0.01746	0.01270	0.00635	0.00516	0.00159	0.00437	0.00516	0.00635	0.00873
25	0.00733	0.00548	0.00815	0.00815	0.00904	0.00636	0.00630	0.00910	0.00822	0.01184	0.01383	0.02063	0.01303	0.06625	0.77185	0.00813	0.01343	0.00557	0.00276	0.00453
26	0.01217	0.01168	0.01863	0.28533	0.48632	0.03907	0.01484	0.04187	0.01176	0.01597	0.00951	0.01289	0.00767	0.00484	0.00508	0.00158	0.00643	0.00453	0.00255	0.00728
27	0.01208	0.01375	0.02979	0.02135	0.02637	0.01307	0.74356	0.01630	0.01197	0.01630	0.01026	0.01375	0.00775	0.00448	0.00642	0.00175	0.03559	0.00600	0.00258	0.00688
28	0.00668	0.00522	0.00605	0.00584	0.00731	0.00459	0.00438	0.00855	0.01314	0.01729	0.42611	0.04374	0.40931	0.01172	0.00606	0.00167	0.00251	0.01004	0.00522	0.00459
29	0.01511	0.51031	0.02182	0.00971	0.01374	0.05528	0.00891	0.22004	0.01443	0.01776	0.01078	0.01244	0.03466	0.00553	0.00408	0.00129	0.00559	0.02834	0.00319	0.00700
30	0.01064	0.00912	0.01064	0.00760	0.01216	0.00684	0.00608	0.01292	0.01064	0.01672	0.00912	0.01064	0.00760	0.00380	0.00380	0.00076	0.00380	0.00304	0.00304	0.85104
31	0.01589	0.14389	0.04072	0.03036	0.01420	0.06262	0.00888	0.25012	0.05723	0.14253	0.10710	0.01772	0.02996	0.00678	0.00532	0.00153	0.02785	0.02550	0.00449	0.00730
32	0.06040	0.00904	0.00949	0.07712	0.01215	0.09056	0.00709	0.01322	0.08159	0.03428	0.24266	0.02913	0.17819	0.00913	0.00657	0.00170	0.08056	0.03180	0.01990	0.00542
33	0.00824	0.00648	0.00759	0.00709	0.00876	0.00646	0.00538	0.01306	0.17852	0.01958	0.49098	0.03615	0.17154	0.01017	0.00588	0.00166	0.00281	0.00880	0.00540	0.00546
34	0.01100	0.01216	0.09577	0.39468	0.33339	0.01190	0.01523	0.01445	0.01081	0.01486	0.00927	0.01293	0.00732	0.00500	0.00543	0.00164	0.03046	0.00449	0.00237	0.00685
35	0.01022	0.00962	0.01536	0.58044	0.15937	0.03029	0.01334	0.01320	0.01034	0.01341	0.00985	0.01529	0.00817	0.08232	0.00710	0.00198	0.00660	0.00481	0.00241	0.00587
36	0.00671	0.00520	0.00595	0.00577	0.00712	0.00461	0.00423	0.00836	0.01250	0.01636	0.36168	0.04316	0.39794	0.08846	0.00796	0.00199	0.00275	0.00985	0.00499	0.00443
37	0.00746	0.00497	0.00560	0.00560	0.00560	0.00497	0.00311	0.00746	0.00746	0.00995	0.01617	0.03358	0.01865	0.81967	0.02612	0.00497	0.00497	0.00746	0.00311	0.00311
38	0.00623	0.00515	0.00531	0.00535	0.00684	0.00440	0.00388	0.00742	0.01127	0.01361	0.06398	0.08184	0.66275	0.08961	0.00799	0.00205	0.00284	0.01064	0.00463	0.00422
39	0.00639	0.00456	0.00603	0.00703	0.00740	0.00426	0.00471	0.00740	0.01019	0.01370	0.09966	0.71597	0.03479	0.04280	0.00717	0.00214	0.00299	0.01384	0.00479	0.00420
40	0.77550	0.00954	0.00761	0.00700	0.00999	0.01098	0.00581	0.01466	0.00902	0.02229	0.00904	0.01304	0.00783	0.00566	0.00355	0.00166	0.00404	0.07397	0.00332	0.00548
41	0.01084	0.00930	0.01073	0.00787	0.01227	0.00740	0.00627	0.01428	0.08348	0.01717	0.01024	0.01145	0.00836	0.00410	0.00393	0.00085	0.00382	0.00330	0.00325	0.77107
42	0.01840	0.01318	0.01435	0.01124	0.01498	0.01442	0.00918	0.66488	0.02235	0.06436	0.01419	0.08883	0.01130	0.00711	0.00527	0.00159	0.00534	0.00559	0.00515	0.00829
43	0.01146	0.08822	0.01678	0.01303	0.01344	0.01615	0.01099	0.01263	0.00810	0.01232	0.00677	0.01094	0.00672	0.00855	0.01555	0.00214	0.73393	0.00432	0.00224	0.00571
44	0.01108	0.01113	0.01438	0.01259	0.01277	0.05936	0.01026	0.01216	0.00842	0.01235	0.00917	0.08825	0.00971	0.03694	0.01547	0.00227	0.66026	0.00548	0.00254	0.00541
45	0.00841	0.00586	0.00766	0.00764	0.03482	0.00558	0.00540	0.03583	0.01343	0.05177	0.50845	0.10886	0.07206	0.06732	0.04205	0.00218	0.00347	0.00907	0.00513	0.00504

[dist]
# distance from previous block
# <min> <max>
0	2

[block]
# block no. 3 follows, 48 sequences, length 6
# corresponding to MSA columns:
# 426-431
name=unknown_D
#
# <colnr> <probs for GDERKNQSTAVLIFYWHMCP>
#	G	D	E	R	K	N	Q	S	T	A	V	L	I	F	Y	W	H	M	C	P
0	0.01486	0.03246	0.03255	0.07961	0.05934	0.10545	0.00930	0.23235	0.06105	0.07837	0.01360	0.10423	0.01159	0.00663	0.00498	0.00148	0.00547	0.00539	0.00403	0.13725
1	0.48975	0.04517	0.05585	0.20596	0.08633	0.01194	0.00949	0.01474	0.00956	0.01919	0.00797	0.01017	0.00620	0.00483	0.00393	0.00159	0.00513	0.00343	0.00280	0.00598
2	0.00956	0.00478	0.00478	0.00478	0.00598	0.00478	0.00359	0.01196	0.01076	0.01913	0.01674	0.01913	0.01315	0.00598	0.00359	0.00120	0.00239	0.00478	0.84816	0.00478
3	0.11315	0.00829	0.01066	0.00863	0.01200	0.00760	0.00699	0.02137	0.01323	0.59122	0.01926	0.09491	0.01400	0.00871	0.04415	0.00196	0.00465	0.00584	0.00566	0.00773
4	0.00645	0.00470	0.00611	0.00710	0.00766	0.00436	0.00496	0.00758	0.01042	0.01376	0.07165	0.63720	0.10890	0.01531	0.00652	0.00205	0.00305	0.07313	0.00481	0.00427
5	0.01596	0.01224	0.01322	0.01078	0.01421	0.01347	0.00865	0.45892	0.22466	0.02676	0.01603	0.09290	0.01301	0.00723	0.00523	0.00161	0.00487	0.00584	0.00502	0.04941

[dist]
# distance from previous block
# <min> <max>
0	1

[block]
# block no. 4 follows, 48 sequences, length 55
# corresponding to MSA columns:
# 433-449,458-495
name=unknown_E
#
# <colnr> <probs for GDERKNQSTAVLIFYWHMCP>
#	G	D	E	R	K	N	Q	S	T	A	V	L	I	F	Y	W	H	M	C	P
0	0.03203	0.01249	0.03955	0.02625	0.03944	0.09282	0.04076	0.17272	0.15848	0.07864	0.05878	0.02797	0.04029	0.00662	0.00508	0.00152	0.00521	0.03509	0.00431	0.12194
1	0.01755	0.01000	0.01074	0.00896	0.01191	0.10575	0.00708	0.02086	0.09744	0.41297	0.14377	0.02056	0.01830	0.02747	0.00567	0.00163	0.00450	0.00571	0.06182	0.00728
2	0.01525	0.10816	0.12452	0.01353	0.09561	0.01272	0.05532	0.13614	0.17432	0.16453	0.01466	0.03906	0.01103	0.00601	0.00500	0.00158	0.00547	0.00502	0.00420	0.00788
3	0.01096	0.01041	0.01408	0.04061	0.28632	0.06823	0.04032	0.03294	0.06992	0.01625	0.09377	0.02344	0.15552	0.04352	0.04818	0.00210	0.02710	0.00640	0.00355	0.00638
4	0.00772	0.00568	0.00837	0.06731	0.01071	0.00659	0.00663	0.00967	0.00861	0.01262	0.01375	0.01998	0.01259	0.05610	0.64258	0.00700	0.01190	0.00542	0.08212	0.00464
5	0.01170	0.01293	0.10839	0.23606	0.13829	0.06033	0.16806	0.01516	0.01157	0.05000	0.02768	0.01547	0.03900	0.00540	0.00518	0.00160	0.00660	0.00508	0.07495	0.00654
6	0.01326	0.01127	0.01188	0.01054	0.01353	0.01300	0.00824	0.08258	0.72226	0.02227	0.02025	0.01864	0.01515	0.00690	0.00521	0.00173	0.00418	0.00571	0.00521	0.00817
7	0.01156	0.00909	0.01073	0.00771	0.01223	0.00689	0.00619	0.01382	0.01094	0.07436	0.00995	0.01115	0.00798	0.00399	0.00390	0.00082	0.00384	0.00320	0.00329	0.78836
8	0.00680	0.00621	0.06446	0.00739	0.00817	0.00491	0.00548	0.00789	0.00942	0.01270	0.02441	0.59806	0.02880	0.17778	0.01038	0.00263	0.00372	0.01234	0.00424	0.00421
9	0.00736	0.00551	0.00825	0.00828	0.00920	0.00640	0.00646	0.00920	0.00834	0.01201	0.01411	0.02119	0.01328	0.03782	0.77773	0.00809	0.01350	0.02589	0.00280	0.00459
10	0.01428	0.68936	0.02468	0.00929	0.01347	0.11812	0.00881	0.01591	0.01095	0.01232	0.00731	0.00846	0.00663	0.00448	0.00348	0.00111	0.00590	0.00283	0.00229	0.04031
11	0.00749	0.00481	0.00636	0.00721	0.00784	0.00443	0.00493	0.00848	0.01027	0.07104	0.02869	0.72427	0.06431	0.01522	0.00643	0.00203	0.00306	0.01373	0.00488	0.00451
12	0.01065	0.02697	0.06040	0.14732	0.12526	0.01123	0.05508	0.01614	0.18991	0.01655	0.08612	0.07573	0.04589	0.00745	0.00676	0.00176	0.10039	0.00625	0.00360	0.00655
13	0.00752	0.00599	0.00654	0.00618	0.00794	0.00550	0.00469	0.06517	0.02940	0.01711	0.23748	0.06595	0.49833	0.01180	0.00599	0.00170	0.00282	0.00997	0.00503	0.00487
14	0.01324	0.76192	0.02540	0.00861	0.01276	0.01915	0.00849	0.01494	0.01073	0.01270	0.06502	0.01047	0.00970	0.00484	0.00350	0.00114	0.00526	0.00323	0.00245	0.00645
15	0.01275	0.01267	0.05306	0.05407	0.06579	0.03177	0.30385	0.08830	0.13096	0.04868	0.07045	0.04335	0.01304	0.00614	0.00609	0.00171	0.04065	0.00598	0.00363	0.00706
16	0.01200	0.06138	0.17152	0.03323	0.21542	0.02235	0.24713	0.01571	0.01152	0.04100	0.01084	0.05228	0.00897	0.00513	0.00521	0.00156	0.00681	0.00516	0.00273	0.07004
17	0.00665	0.00522	0.00601	0.00582	0.00729	0.00458	0.00436	0.00850	0.01309	0.01716	0.41218	0.04395	0.42333	0.01176	0.00606	0.00167	0.00251	0.01007	0.00520	0.00458
18	0.01086	0.01073	0.01032	0.02529	0.02582	0.20238	0.00761	0.03177	0.01063	0.01323	0.02884	0.01805	0.03782	0.02464	0.45611	0.00531	0.03580	0.00510	0.03453	0.00515
19	0.09556	0.05336	0.13604	0.05560	0.09192	0.06291	0.09054	0.08396	0.01316	0.22777	0.01219	0.01295	0.00861	0.00542	0.00520	0.00158	0.02755	0.00443	0.00378	0.00748
20	0.01133	0.18408	0.57165	0.01383	0.02053	0.01376	0.06389	0.03621	0.01119	0.01586	0.00895	0.01054	0.00666	0.00478	0.00464	0.00152	0.00718	0.00375	0.00228	0.00737
21	0.00625	0.00447	0.00595	0.00714	0.00744	0.00417	0.00476	0.00714	0.00982	0.01310	0.02828	0.81633	0.03394	0.01608	0.00655	0.00208	0.00298	0.01459	0.00476	0.00417
22	0.00983	0.02657	0.15176	0.04465	0.05211	0.00799	0.03159	0.01170	0.00973	0.05972	0.02858	0.09608	0.01452	0.07461	0.12099	0.15255	0.03051	0.06816	0.00314	0.00519
23	0.09791	0.04295	0.11453	0.04024	0.23553	0.03926	0.01199	0.19546	0.01465	0.12646	0.01160	0.01320	0.00870	0.00546	0.00485	0.00155	0.00582	0.01837	0.00371	0.00777
24	0.01290	0.01095	0.01155	0.01031	0.01315	0.01260	0.00800	0.06658	0.70487	0.02156	0.02022	0.01939	0.01542	0.04147	0.00610	0.00187	0.00419	0.00581	0.00513	0.00794
25	0.64408	0.01047	0.00974	0.08030	0.07029	0.02743	0.00739	0.03490	0.04232	0.02164	0.00824	0.00971	0.00639	0.00492	0.00366	0.00159	0.00453	0.00326	0.00317	0.00596
26	0.01161	0.01103	0.08821	0.03493	0.11189	0.01019	0.12795	0.02926	0.01131	0.08942	0.01552	0.07833	0.01466	0.03454	0.00819	0.00200	0.13120	0.15485	0.02865	0.00629
27	0.00746	0.00497	0.00560	0.00560	0.00560	0.00497	0.00311	0.00746	0.00746	0.00995	0.01617	0.03358	0.01865	0.81967	0.02612	0.00497	0.00497	0.00746	0.00311	0.00311
28	0.04762	0.11633	0.54619	0.02925	0.03789	0.03754	0.03125	0.06704	0.01174	0.01698	0.00908	0.01063	0.00669	0.00490	0.00466	0.00155	0.00708	0.00375	0.00245	0.00737
29	0.00994	0.01026	0.11681	0.18171	0.08309	0.00879	0.05284	0.03776	0.04052	0.01439	0.05188	0.07394	0.03165	0.00982	0.00933	0.23157	0.00549	0.00569	0.01922	0.00528
30	0.00803	0.00577	0.00796	0.00893	0.01011	0.00569	0.00766	0.01033	0.01204	0.01581	0.11012	0.07785	0.05412	0.01380	0.00693	0.00225	0.00436	0.62870	0.00483	0.00471
31	0.07882	0.21365	0.03276	0.03136	0.02888	0.10021	0.00965	0.38803	0.01747	0.02311	0.00990	0.01069	0.00760	0.00550	0.00470	0.00143	0.02109	0.00386	0.00377	0.00750
32	0.00862	0.00738	0.01100	0.01113	0.06179	0.02690	0.10385	0.03474	0.01167	0.01539	0.07917	0.35954	0.08283	0.01225	0.00633	0.00196	0.00441	0.15157	0.00436	0.00513
33	0.03727	0.07590	0.09618	0.03856	0.12780	0.14366	0.20917	0.09866	0.01312	0.03658	0.00959	0.01179	0.00749	0.00521	0.00594	0.00159	0.06710	0.00450	0.00288	0.00704
34	0.01045	0.00912	0.02936	0.00893	0.01131	0.00957	0.00709	0.01984	0.45398	0.02045	0.26484	0.02765	0.07518	0.00854	0.00556	0.00171	0.00355	0.02087	0.00524	0.00676
35	0.01372	0.82276	0.02689	0.00878	0.01317	0.02030	0.00878	0.01536	0.01043	0.01207	0.00713	0.00823	0.00658	0.00439	0.00329	0.00110	0.00549	0.00274	0.00219	0.00658
36	0.01029	0.02654	0.79309	0.01462	0.02221	0.01192	0.01896	0.01625	0.01083	0.01625	0.00921	0.01083	0.00650	0.00487	0.00487	0.00162	0.00758	0.00379	0.00217	0.00758
37	0.01458	0.55722	0.08032	0.01067	0.03710	0.14560	0.00986	0.01698	0.03743	0.03706	0.00836	0.00938	0.00713	0.00473	0.00380	0.00122	0.00619	0.00315	0.00251	0.00672
38	0.01029	0.02654	0.79309	0.01462	0.02221	0.01192	0.01896	0.01625	0.01083	0.01625	0.00921	0.01083	0.00650	0.00487	0.00487	0.00162	0.00758	0.00379	0.00217	0.00758
39	0.01123	0.01123	0.01572	0.01347	0.01347	0.01572	0.01123	0.01235	0.00786	0.01235	0.00674	0.01123	0.00674	0.00898	0.01684	0.00225	0.81028	0.00449	0.00225	0.00561
40	0.01951	0.01437	0.01540	0.01181	0.01591	0.01591	0.00975	0.77056	0.02412	0.03234	0.01232	0.01232	0.00873	0.00616	0.00513	0.00154	0.00565	0.00462	0.00513	0.00873
41	0.00610	0.00507	0.00533	0.00553	0.00702	0.00430	0.00405	0.00733	0.01138	0.01373	0.04792	0.18062	0.65697	0.01352	0.00615	0.00179	0.00266	0.01147	0.00476	0.00430
42	0.01029	0.02654	0.79309	0.01462	0.02221	0.01192	0.01896	0.01625	0.01083	0.01625	0.00921	0.01083	0.00650	0.00487	0.00487	0.00162	0.00758	0.00379	0.00217	0.00758
43	0.00820	0.00586	0.00819	0.00938	0.01053	0.00585	0.00816	0.01052	0.01175	0.01528	0.02720	0.08237	0.02967	0.01424	0.00707	0.00235	0.00467	0.72928	0.00473	0.00471
44	0.01142	0.01180	0.01890	0.01526	0.01639	0.01512	0.17706	0.01324	0.00879	0.01324	0.00753	0.01180	0.00697	0.00796	0.01448	0.00213	0.63486	0.00483	0.00232	0.00590
45	0.00625	0.00447	0.00595	0.00714	0.00744	0.00417	0.00476	0.00714	0.00982	0.01310	0.02828	0.81633	0.03394	0.01608	0.00655	0.00208	0.00298	0.01459	0.00476	0.00417
46	0.01064	0.00912	0.01064	0.00760	0.01216	0.00684	0.00608	0.01292	0.01064	0.01672	0.00912	0.01064	0.00760	0.00380	0.00380	0.00076	0.00380	0.00304	0.00304	0.85104
47	0.00735	0.00542	0.00784	0.00784	0.00861	0.00619	0.00590	0.00890	0.00813	0.01161	0.01412	0.02222	0.01372	0.15877	0.68028	0.00774	0.01239	0.00580	0.00280	0.00435
48	0.00737	0.00623	0.00651	0.00626	0.00814	0.00587	0.00474	0.01112	0.14712	0.01592	0.12544	0.04286	0.57051	0.01166	0.00591	0.00172	0.00284	0.00978	0.00494	0.00505
49	0.02302	0.00873	0.01191	0.00913	0.01310	0.00754	0.00754	0.02501	0.01469	0.79122	0.02024	0.01746	0.01270	0.00635	0.00516	0.00159	0.00437	0.00516	0.00635	0.00873
50	0.01260	0.01218	0.02107	0.05013	0.73875	0.01220	0.04587	0.01571	0.01167	0.01666	0.00967	0.01277	0.00808	0.00458	0.00512	0.00154	0.00622	0.00463	0.00254	0.00802
51	0.01012	0.00596	0.00775	0.00693	0.00869	0.00542	0.00533	0.01260	0.02634	0.15899	0.59697	0.03485	0.08006	0.00982	0.00588	0.00162	0.00281	0.00856	0.00572	0.00557
52	0.00824	0.00588	0.00819	0.00933	0.01048	0.00588	0.00811	0.01054	0.01168	0.01519	0.02684	0.05716	0.02921	0.03815	0.00765	0.00244	0.00473	0.73094	0.00468	0.00468
53	0.01135	0.02483	0.70307	0.01441	0.02161	0.01188	0.03719	0.04689	0.01159	0.05597	0.00992	0.01130	0.00693	0.00499	0.00493	0.00162	0.00737	0.00395	0.00251	0.00767
54	0.04682	0.23836	0.06096	0.03273	0.01552	0.17569	0.00982	0.29861	0.01635	0.02061	0.00969	0.01059	0.00755	0.00534	0.00439	0.00138	0.00632	0.00373	0.02835	0.00720

[dist]
# distance from previous block
# <min> <max>
1	18

[block]
# block no. 5 follows, 48 sequences, length 58
# corresponding to MSA columns:
# 516-560,569-581
name=unknown_F
#
# <colnr> <probs for GDERKNQSTAVLIFYWHMCP>
#	G	D	E	R	K	N	Q	S	T	A	V	L	I	F	Y	W	H	M	C	P
0	0.01353	0.06645	0.18073	0.01523	0.03955	0.03406	0.24915	0.15699	0.01391	0.04947	0.02424	0.01283	0.00859	0.00577	0.02226	0.00168	0.02058	0.00473	0.00319	0.07706
1	0.00740	0.00500	0.00573	0.00573	0.00585	0.00499	0.00333	0.00759	0.00788	0.01055	0.04587	0.04603	0.03651	0.73328	0.05016	0.00484	0.00509	0.00765	0.00325	0.00327
2	0.01365	0.01151	0.01248	0.01149	0.04548	0.01315	0.00865	0.12474	0.64751	0.02270	0.01929	0.01798	0.01444	0.00676	0.00520	0.00171	0.00435	0.00559	0.00510	0.00820
3	0.00622	0.00517	0.00543	0.00543	0.00704	0.00439	0.00405	0.00764	0.01196	0.01465	0.14008	0.07954	0.66513	0.01282	0.00608	0.00173	0.00259	0.01080	0.00487	0.00439
4	0.00703	0.00534	0.00648	0.00618	0.00756	0.00484	0.00464	0.00936	0.02773	0.01872	0.56626	0.04106	0.25368	0.01112	0.00604	0.00165	0.00250	0.00965	0.00539	0.00476
5	0.01064	0.00912	0.01064	0.00760	0.01216	0.00684	0.00608	0.01292	0.01064	0.01672	0.00912	0.01064	0.00760	0.00380	0.00380	0.00076	0.00380	0.00304	0.00304	0.85104
6	0.00657	0.00522	0.00590	0.00573	0.00724	0.00455	0.00430	0.00834	0.01289	0.01669	0.36117	0.04472	0.47463	0.01194	0.00606	0.00168	0.00252	0.01018	0.00514	0.00455
7	0.00649	0.00466	0.00621	0.00736	0.00781	0.00438	0.00516	0.00757	0.01013	0.01340	0.02894	0.69933	0.05865	0.01574	0.00660	0.00211	0.00317	0.10331	0.00476	0.00424
8	0.00721	0.00524	0.00679	0.00640	0.00763	0.00482	0.00480	0.00958	0.01440	0.02028	0.75292	0.03881	0.08063	0.01060	0.00605	0.00162	0.00243	0.00935	0.00561	0.00482
9	0.85592	0.00992	0.00754	0.00675	0.00992	0.01151	0.00556	0.01508	0.00873	0.02302	0.00714	0.00834	0.00556	0.00476	0.00318	0.00159	0.00397	0.00278	0.00318	0.00556
10	0.02037	0.01278	0.01405	0.01092	0.01487	0.04517	0.00896	0.46124	0.05294	0.28212	0.01513	0.01419	0.01025	0.00622	0.00512	0.00156	0.00530	0.00480	0.00544	0.00859
11	0.00655	0.00483	0.00618	0.00718	0.00769	0.00459	0.00487	0.00813	0.04712	0.01355	0.02948	0.72728	0.08254	0.01543	0.00645	0.00204	0.00300	0.01391	0.00479	0.00437
12	0.04343	0.06185	0.01516	0.01186	0.03541	0.09033	0.00942	0.46741	0.16761	0.02645	0.01302	0.01299	0.00963	0.00604	0.00493	0.00153	0.00564	0.00455	0.00461	0.00810
13	0.01202	0.02315	0.14919	0.01013	0.01425	0.04163	0.04555	0.01534	0.05427	0.10313	0.03215	0.04727	0.03068	0.00725	0.03014	0.03675	0.02709	0.00472	0.00345	0.31186
14	0.01323	0.11976	0.40438	0.03808	0.05899	0.03341	0.01437	0.12758	0.04558	0.06665	0.01133	0.01231	0.02133	0.00533	0.00478	0.00154	0.00654	0.00413	0.00308	0.00759
15	0.01251	0.01328	0.06000	0.15685	0.41671	0.07067	0.10142	0.04024	0.01200	0.01616	0.02431	0.01319	0.00848	0.00519	0.00554	0.02222	0.00670	0.00469	0.00263	0.00720
16	0.01033	0.02588	0.75977	0.01458	0.02183	0.01208	0.01863	0.01608	0.01071	0.01608	0.00910	0.01085	0.00651	0.00505	0.00539	0.00165	0.04199	0.00382	0.00217	0.00750
17	0.01558	0.01209	0.10711	0.03584	0.06871	0.00984	0.20059	0.04191	0.02982	0.30698	0.04608	0.07494	0.01321	0.00641	0.00548	0.00167	0.00585	0.00603	0.00436	0.00752
18	0.00995	0.03975	0.20762	0.01112	0.03902	0.06296	0.02393	0.01346	0.06518	0.02795	0.01963	0.22685	0.06484	0.03688	0.00678	0.00192	0.03938	0.08029	0.01661	0.00587
19	0.00735	0.00540	0.00777	0.00777	0.00852	0.00615	0.00582	0.00886	0.00810	0.01156	0.01418	0.02258	0.01388	0.17968	0.65959	0.00765	0.01216	0.00585	0.00281	0.00432
20	0.85592	0.00992	0.00754	0.00675	0.00992	0.01151	0.00556	0.01508	0.00873	0.02302	0.00714	0.00834	0.00556	0.00476	0.00318	0.00159	0.00397	0.00278	0.00318	0.00556
21	0.01172	0.03058	0.10616	0.27163	0.32175	0.01203	0.07641	0.04486	0.01176	0.02745	0.03068	0.01354	0.00866	0.00501	0.00514	0.00161	0.00655	0.00470	0.00266	0.00711
22	0.00697	0.00494	0.00605	0.00668	0.00764	0.00443	0.00474	0.00810	0.01072	0.04575	0.03568	0.50042	0.27944	0.01458	0.00635	0.00196	0.00298	0.04330	0.00483	0.00443
23	0.00686	0.00472	0.00578	0.00637	0.00652	0.00457	0.00394	0.00730	0.00865	0.01153	0.02224	0.42580	0.02631	0.41700	0.01631	0.00353	0.00397	0.01103	0.00394	0.00364
24	0.01991	0.01181	0.01372	0.01063	0.01444	0.01237	0.00876	0.43668	0.03307	0.30420	0.04829	0.01538	0.01193	0.00650	0.00549	0.00158	0.02624	0.00503	0.00552	0.00847
25	0.01281	0.01240	0.01739	0.11956	0.38455	0.07621	0.03593	0.05243	0.05715	0.01688	0.01011	0.01257	0.00819	0.00488	0.00514	0.00144	0.02355	0.00434	0.00287	0.14158
26	0.00733	0.00550	0.00825	0.00825	0.00916	0.00641	0.00641	0.00916	0.00825	0.01191	0.01374	0.02016	0.01283	0.03848	0.79934	0.00825	0.01374	0.00550	0.00275	0.00458
27	0.00646	0.00462	0.00612	0.00724	0.00763	0.00435	0.00497	0.00745	0.00993	0.01318	0.02818	0.70712	0.04775	0.04744	0.00735	0.00221	0.00319	0.07593	0.00469	0.00418
28	0.05266	0.00920	0.01192	0.01090	0.06671	0.03414	0.02452	0.04826	0.04382	0.44096	0.04299	0.09858	0.01629	0.00781	0.00540	0.00169	0.00459	0.06669	0.00535	0.00751
29	0.01402	0.67632	0.05081	0.04261	0.01468	0.10347	0.00947	0.01585	0.01088	0.01231	0.00737	0.00865	0.00660	0.00453	0.00357	0.00116	0.00602	0.00291	0.00225	0.00651
30	0.01089	0.01046	0.06391	0.00821	0.01296	0.00746	0.00707	0.03639	0.01107	0.01717	0.00922	0.01070	0.00756	0.00395	0.00391	0.00084	0.00411	0.00314	0.00304	0.76793
31	0.01442	0.07713	0.15112	0.06483	0.02051	0.09610	0.21643	0.16622	0.06330	0.05078	0.01116	0.01269	0.00827	0.00521	0.00513	0.00157	0.00703	0.00468	0.01612	0.00730
32	0.01835	0.02205	0.01396	0.01260	0.01527	0.67212	0.00951	0.03611	0.06745	0.03710	0.04155	0.01145	0.00919	0.00567	0.00475	0.00138	0.00839	0.00381	0.00311	0.00619
33	0.00649	0.00453	0.00589	0.00691	0.00734	0.00423	0.00467	0.00754	0.01009	0.01375	0.05313	0.71747	0.05548	0.01516	0.00633	0.00200	0.00291	0.01368	0.05816	0.00423
34	0.00744	0.00496	0.00560	0.00563	0.00564	0.00496	0.00315	0.00745	0.00751	0.01002	0.01643	0.05075	0.01899	0.80205	0.02569	0.00491	0.00493	0.00762	0.00315	0.00313
35	0.00698	0.00523	0.00646	0.00615	0.00749	0.00472	0.00462	0.00913	0.01385	0.01897	0.60946	0.04097	0.22491	0.01109	0.00605	0.00164	0.00246	0.00965	0.00544	0.00472
36	0.00630	0.00521	0.00552	0.00544	0.00707	0.00443	0.00408	0.00781	0.01224	0.01516	0.19410	0.04724	0.64265	0.01251	0.00606	0.00171	0.00256	0.01053	0.00494	0.00443
37	0.01951	0.01437	0.01540	0.01181	0.01591	0.01591	0.00975	0.77056	0.02412	0.03234	0.01232	0.01232	0.00873	0.00616	0.00513	0.00154	0.00565	0.00462	0.00513	0.00873
38	0.01951	0.01437	0.01540	0.01181	0.01591	0.01591	0.00975	0.77056	0.02412	0.03234	0.01232	0.01232	0.00873	0.00616	0.00513	0.00154	0.00565	0.00462	0.00513	0.00873
39	0.01372	0.82276	0.02689	0.00878	0.01317	0.02030	0.00878	0.01536	0.01043	0.01207	0.00713	0.00823	0.00658	0.00439	0.00329	0.00110	0.00549	0.00274	0.00219	0.00658
40	0.00746	0.00497	0.00560	0.00560	0.00560	0.00497	0.00311	0.00746	0.00746	0.00995	0.01617	0.03358	0.01865	0.81967	0.02612	0.00497	0.00497	0.00746	0.00311	0.00311
41	0.00956	0.00478	0.00478	0.00478	0.00598	0.00478	0.00359	0.01196	0.01076	0.01913	0.01674	0.01913	0.01315	0.00598	0.00359	0.00120	0.00239	0.00478	0.84816	0.00478
42	0.01123	0.01123	0.01572	0.01347	0.01347	0.01572	0.01123	0.01235	0.00786	0.01235	0.00674	0.01123	0.00674	0.00898	0.01684	0.00225	0.81028	0.00449	0.00225	0.00561
43	0.00891	0.00446	0.00668	0.00668	0.00668	0.00446	0.00446	0.00668	0.00668	0.00891	0.00891	0.01560	0.00891	0.01783	0.02005	0.85071	0.00446	0.00446	0.00223	0.00223
44	0.85592	0.00992	0.00754	0.00675	0.00992	0.01151	0.00556	0.01508	0.00873	0.02302	0.00714	0.00834	0.00556	0.00476	0.00318	0.00159	0.00397	0.00278	0.00318	0.00556
45	0.01335	0.01325	0.04594	0.06229	0.15557	0.01331	0.34430	0.12485	0.01318	0.04411	0.01030	0.01312	0.00792	0.00535	0.00700	0.00172	0.10896	0.00521	0.00300	0.00724
46	0.00979	0.00932	0.01603	0.77367	0.03497	0.01147	0.04660	0.01325	0.01034	0.01325	0.00917	0.01369	0.00688	0.00510	0.00517	0.00171	0.00692	0.00462	0.00229	0.00575
47	0.00746	0.00497	0.00560	0.00560	0.00560	0.00497	0.00311	0.00746	0.00746	0.00995	0.01617	0.03358	0.01865	0.81967	0.02612	0.00497	0.00497	0.00746	0.00311	0.00311
48	0.01101	0.01062	0.01666	0.58285	0.08749	0.04301	0.05849	0.05083	0.01117	0.01445	0.00919	0.01322	0.00707	0.00534	0.00590	0.00171	0.05783	0.00460	0.00247	0.00610
49	0.00735	0.00541	0.00779	0.00779	0.00854	0.00616	0.00584	0.00887	0.00811	0.01157	0.01416	0.02249	0.01384	0.17417	0.66504	0.00768	0.01222	0.00584	0.00281	0.00433
50	0.01308	0.01132	0.01320	0.01132	0.01442	0.01282	0.06534	0.08581	0.63456	0.02165	0.01917	0.01823	0.01442	0.00774	0.03151	0.00194	0.00485	0.00571	0.00494	0.00796
51	0.00802	0.02303	0.00925	0.03454	0.01025	0.00733	0.00669	0.00975	0.00857	0.01233	0.02972	0.02002	0.01303	0.09798	0.57034	0.00657	0.06209	0.00543	0.00280	0.06228
52	0.00763	0.00594	0.00883	0.00865	0.00950	0.00714	0.00679	0.00941	0.00822	0.01195	0.01320	0.01946	0.01235	0.03618	0.73829	0.00778	0.07589	0.00542	0.00271	0.00466
53	0.01345	0.76141	0.08592	0.00923	0.01387	0.01966	0.00956	0.01543	0.01046	0.01239	0.00729	0.00843	0.00658	0.00443	0.00341	0.00114	0.00565	0.00282	0.00219	0.00666
54	0.01186	0.02847	0.24396	0.18007	0.25607	0.03636	0.08064	0.05423	0.01187	0.01645	0.00951	0.01222	0.00732	0.00484	0.00505	0.00158	0.00691	0.00437	0.00253	0.02569
55	0.03863	0.01430	0.03612	0.03922	0.05559	0.04907	0.03513	0.54488	0.04721	0.07003	0.01235	0.01268	0.00883	0.00592	0.00509	0.00155	0.00585	0.00461	0.00466	0.00829
56	0.01182	0.00947	0.01556	0.01304	0.04851	0.02511	0.21176	0.04308	0.01084	0.07871	0.01218	0.01608	0.01004	0.03596	0.12127	0.09309	0.10411	0.00522	0.12839	0.00575
57	0.71861	0.03757	0.00967	0.00833	0.03484	0.04550	0.02960	0.01533	0.00928	0.02165	0.00741	0.00873	0.00584	0.00473	0.00340	0.00154	0.00445	0.00296	0.00308	0.02747

[dist]
# distance from previous block
# <min> <max>
0	1

[block]
# block no. 6 follows, 48 sequences, length 52
# corresponding to MSA columns:
# 583-593,598-621,625-641
name=unknown_G
#
# <colnr> <probs for GDERKNQSTAVLIFYWHMCP>
#	G	D	E	R	K	N	Q	S	T	A	V	L	I	F	Y	W	H	M	C	P
0	0.01223	0.05875	0.38450	0.03728	0.04091	0.02640	0.10428	0.05873	0.01192	0.06209	0.00998	0.01162	0.00737	0.00489	0.00511	0.00149	0.02581	0.00408	0.00278	0.12979
1	0.00612	0.00520	0.00528	0.00526	0.00697	0.00436	0.00394	0.00747	0.01183	0.01418	0.08670	0.04886	0.75067	0.01288	0.00606	0.00173	0.00259	0.01076	0.00481	0.00436
2	0.00873	0.00703	0.01002	0.00934	0.00977	0.00881	0.00727	0.00962	0.00784	0.01144	0.01122	0.01820	0.01105	0.10555	0.37948	0.12034	0.25206	0.00525	0.00256	0.00443
3	0.01199	0.01445	0.14800	0.19633	0.17442	0.01232	0.28026	0.05214	0.01205	0.03337	0.01008	0.01310	0.00758	0.00477	0.00540	0.00166	0.00734	0.00498	0.00265	0.00712
4	0.01887	0.01377	0.01480	0.01143	0.01532	0.01521	0.00940	0.72324	0.02316	0.03119	0.01234	0.01263	0.00886	0.00653	0.00557	0.02908	0.00551	0.00462	0.03008	0.00840
5	0.00610	0.00520	0.00525	0.00524	0.00695	0.00435	0.00393	0.00744	0.01178	0.01407	0.07449	0.04904	0.76294	0.01292	0.00606	0.00173	0.00259	0.01078	0.00479	0.00435
6	0.01123	0.02164	0.51963	0.04547	0.05294	0.01245	0.13641	0.05492	0.03441	0.01701	0.00982	0.01183	0.00718	0.00507	0.00557	0.00166	0.03849	0.00434	0.00250	0.00743
7	0.03104	0.03541	0.01609	0.06756	0.15410	0.16136	0.04588	0.04117	0.06101	0.18936	0.01192	0.01320	0.00895	0.00602	0.00684	0.00164	0.13315	0.00452	0.00360	0.00717
8	0.00628	0.00449	0.00598	0.00713	0.00745	0.00419	0.00477	0.00721	0.00995	0.01330	0.04893	0.79509	0.03433	0.01592	0.00654	0.00207	0.00296	0.01444	0.00479	0.00419
9	0.01372	0.82276	0.02689	0.00878	0.01317	0.02030	0.00878	0.01536	0.01043	0.01207	0.00713	0.00823	0.00658	0.00439	0.00329	0.00110	0.00549	0.00274	0.00219	0.00658
10	0.01147	0.01105	0.01906	0.26189	0.46172	0.01180	0.06141	0.01457	0.01110	0.01537	0.01017	0.04408	0.00868	0.00530	0.00556	0.00164	0.03046	0.00504	0.00254	0.00710
11	0.01032	0.05023	0.01367	0.01363	0.11123	0.00864	0.09878	0.01351	0.04962	0.04602	0.02138	0.05700	0.02182	0.01067	0.00634	0.00205	0.00532	0.44979	0.00415	0.00582
12	0.78718	0.00982	0.00790	0.00694	0.01019	0.01118	0.00572	0.01590	0.00922	0.08642	0.00823	0.00909	0.00615	0.00489	0.00334	0.00159	0.00400	0.00297	0.00344	0.00582
13	0.00827	0.00591	0.00827	0.00945	0.01063	0.00591	0.00827	0.01063	0.01181	0.01536	0.02717	0.05788	0.02953	0.01417	0.00709	0.00236	0.00472	0.75313	0.00472	0.00472
14	0.10216	0.38539	0.02085	0.01300	0.12271	0.09222	0.02960	0.13154	0.01306	0.03408	0.00873	0.00994	0.00719	0.00485	0.00405	0.00132	0.00586	0.00348	0.00294	0.00702
15	0.00702	0.00556	0.00606	0.00617	0.00761	0.00512	0.00451	0.03511	0.04108	0.01462	0.04064	0.22514	0.48455	0.03733	0.02815	0.00206	0.00322	0.01087	0.03060	0.00458
16	0.00609	0.00520	0.00524	0.00523	0.00695	0.00434	0.00392	0.00742	0.01177	0.01403	0.07011	0.04911	0.76735	0.01293	0.00606	0.00173	0.00259	0.01079	0.00479	0.00434
17	0.01029	0.02654	0.79309	0.01462	0.02221	0.01192	0.01896	0.01625	0.01083	0.01625	0.00921	0.01083	0.00650	0.00487	0.00487	0.00162	0.00758	0.00379	0.00217	0.00758
18	0.01401	0.06413	0.08497	0.03941	0.09557	0.10317	0.20683	0.10600	0.16032	0.03743	0.01255	0.01451	0.00970	0.00552	0.00524	0.00161	0.00671	0.02151	0.00346	0.00736
19	0.00650	0.00465	0.00623	0.00735	0.00778	0.00437	0.00512	0.00761	0.01024	0.01367	0.06324	0.70355	0.03416	0.01562	0.00658	0.00209	0.00313	0.08903	0.00480	0.00426
20	0.01582	0.38428	0.02085	0.01218	0.05629	0.29399	0.03624	0.06706	0.02815	0.01430	0.00846	0.00972	0.00716	0.00491	0.00412	0.00127	0.00689	0.00338	0.01836	0.00659
21	0.01185	0.00931	0.01100	0.00815	0.01237	0.00766	0.00654	0.01497	0.06758	0.08146	0.01083	0.01186	0.00859	0.00444	0.00450	0.00096	0.03376	0.00347	0.00345	0.68724
22	0.01277	0.03931	0.10415	0.01263	0.06268	0.06766	0.08844	0.07822	0.12646	0.06657	0.07527	0.04604	0.03157	0.01875	0.00570	0.00160	0.02050	0.03202	0.00386	0.10582
23	0.22265	0.01275	0.06794	0.01196	0.07857	0.02892	0.01962	0.26444	0.04849	0.13584	0.01278	0.02968	0.00970	0.00606	0.00473	0.00161	0.00519	0.02728	0.00430	0.00750
24	0.00746	0.00497	0.00560	0.00560	0.00560	0.00497	0.00311	0.00746	0.00746	0.00995	0.01617	0.03358	0.01865	0.81967	0.02612	0.00497	0.00497	0.00746	0.00311	0.00311
25	0.05352	0.01112	0.01268	0.02958	0.01416	0.01250	0.02706	0.23737	0.32503	0.06703	0.01678	0.06779	0.01333	0.00883	0.04802	0.00205	0.03504	0.00577	0.00476	0.00759
26	0.01477	0.20382	0.22351	0.01390	0.07988	0.16697	0.04817	0.05671	0.04819	0.08277	0.01023	0.01126	0.00781	0.00508	0.00459	0.00144	0.00682	0.00388	0.00297	0.00723
27	0.00747	0.00570	0.00851	0.00843	0.00931	0.00674	0.00658	0.00927	0.00823	0.01193	0.01350	0.01984	0.01261	0.03745	0.77183	0.00804	0.04175	0.00546	0.00273	0.00462
28	0.00625	0.00447	0.00595	0.00714	0.00744	0.00417	0.00476	0.00714	0.00982	0.01310	0.02828	0.81633	0.03394	0.01608	0.00655	0.00208	0.00298	0.01459	0.00476	0.00417
29	0.01227	0.03215	0.07790	0.15376	0.46746	0.04097	0.04908	0.01551	0.01169	0.03634	0.04644	0.01388	0.00971	0.00502	0.00511	0.00156	0.00633	0.00473	0.00271	0.00738
30	0.01310	0.05150	0.06541	0.02578	0.55313	0.03181	0.05816	0.03893	0.03090	0.03737	0.01039	0.01286	0.00840	0.00479	0.00498	0.00151	0.00614	0.00455	0.03248	0.00781
31	0.00770	0.00584	0.00836	0.00828	0.00929	0.00678	0.00638	0.01030	0.05984	0.01247	0.01433	0.02068	0.01327	0.07060	0.71222	0.00767	0.01271	0.00560	0.00293	0.00475
32	0.34496	0.03743	0.01408	0.05730	0.03533	0.09805	0.07885	0.07894	0.01114	0.03429	0.00833	0.01042	0.00668	0.00573	0.00654	0.00168	0.15724	0.00381	0.00302	0.00617
33	0.01917	0.02445	0.01454	0.01322	0.01586	0.79907	0.00991	0.02049	0.01454	0.01256	0.00793	0.00925	0.00661	0.00529	0.00463	0.00132	0.00925	0.00330	0.00264	0.00595
34	0.01276	0.01102	0.01160	0.01044	0.01334	0.01276	0.00812	0.02727	0.77840	0.02146	0.02088	0.01914	0.01566	0.00696	0.00522	0.00174	0.00406	0.00580	0.00522	0.00812
35	0.00606	0.00520	0.00520	0.00520	0.00693	0.00433	0.00390	0.00736	0.01170	0.01386	0.05198	0.04938	0.78558	0.01299	0.00606	0.00173	0.00260	0.01083	0.00476	0.00433
36	0.00956	0.00478	0.00478	0.00478	0.00598	0.00478	0.00359	0.01196	0.01076	0.01913	0.01674	0.01913	0.01315	0.00598	0.00359	0.00120	0.00239	0.00478	0.84816	0.00478
37	0.85592	0.00992	0.00754	0.00675	0.00992	0.01151	0.00556	0.01508	0.00873	0.02302	0.00714	0.00834	0.00556	0.00476	0.00318	0.00159	0.00397	0.00278	0.00318	0.00556
38	0.00969	0.00912	0.01539	0.80734	0.03534	0.01140	0.01425	0.01311	0.01026	0.01311	0.00912	0.01368	0.00684	0.00513	0.00513	0.00171	0.00684	0.00456	0.00228	0.00570
39	0.01159	0.01184	0.01566	0.01346	0.01358	0.05203	0.01117	0.01273	0.00817	0.01236	0.00679	0.01113	0.00673	0.00881	0.01627	0.00220	0.77315	0.00444	0.00226	0.00563
40	0.01051	0.00897	0.01049	0.00756	0.01199	0.00676	0.00603	0.01279	0.01079	0.01687	0.03911	0.01171	0.00918	0.00406	0.00389	0.00079	0.00375	0.00328	0.00314	0.81833
