[name]
unknown

[dist]
# distance from previous block
# <min> <max>
9	293

[block]
# block no. 0 follows, 45 sequences, length 25
# corresponding to MSA columns:
# 371-395
name=unknown_A
#
# <colnr> <probs for GDERKNQSTAVLIFYWHMCP>
#	G	D	E	R	K	N	Q	S	T	A	V	L	I	F	Y	W	H	M	C	P
0	0.01477	0.36187	0.15466	0.02823	0.03451	0.04464	0.01109	0.05418	0.03780	0.10994	0.02517	0.01279	0.00941	0.02807	0.01773	0.00167	0.03888	0.00407	0.00322	0.00730
1	0.23245	0.34797	0.09911	0.02577	0.04946	0.04002	0.00987	0.06636	0.01149	0.01773	0.00849	0.01037	0.00717	0.02675	0.00491	0.00155	0.02746	0.00345	0.00283	0.00678
2	0.05635	0.02447	0.03440	0.00766	0.00900	0.00605	0.00577	0.01017	0.04641	0.03568	0.08041	0.50471	0.13118	0.01391	0.00630	0.00200	0.00340	0.01228	0.00486	0.00502
3	0.01167	0.08564	0.03939	0.00823	0.01281	0.00850	0.00701	0.01406	0.01147	0.05264	0.02955	0.01422	0.05335	0.00491	0.00422	0.00098	0.00420	0.00390	0.00339	0.62986
4	0.01623	0.39347	0.02096	0.01068	0.01457	0.16481	0.00936	0.10458	0.01351	0.06010	0.00922	0.01032	0.00764	0.00538	0.00506	0.00133	0.06027	0.00351	0.00308	0.08593
5	0.04230	0.04233	0.17943	0.07882	0.01869	0.07689	0.03224	0.23779	0.11727	0.04027	0.03511	0.03435	0.02788	0.00649	0.00526	0.00167	0.00629	0.00516	0.00404	0.00772
6	0.01025	0.00905	0.01448	0.17723	0.29417	0.00955	0.01183	0.01323	0.03483	0.01563	0.01743	0.20403	0.01786	0.01053	0.03807	0.00218	0.00585	0.10384	0.00354	0.00641
7	0.02218	0.05285	0.04069	0.01012	0.01437	0.01000	0.00868	0.13188	0.01627	0.58722	0.01868	0.01680	0.01212	0.00725	0.02392	0.00179	0.00518	0.00514	0.00599	0.00887
8	0.00932	0.00466	0.00699	0.00699	0.00699	0.00466	0.00466	0.00699	0.00699	0.00932	0.00932	0.01632	0.00932	0.01865	0.02098	0.84382	0.00466	0.00466	0.00233	0.00233
9	0.84927	0.01038	0.00789	0.00706	0.01038	0.01204	0.00581	0.01578	0.00914	0.02408	0.00747	0.00872	0.00581	0.00498	0.00332	0.00166	0.00415	0.00291	0.00332	0.00581
10	0.01427	0.03861	0.02223	0.04946	0.35591	0.06290	0.18540	0.07505	0.01327	0.04764	0.01085	0.02714	0.00884	0.00550	0.00630	0.00169	0.05895	0.00520	0.00305	0.00776
11	0.03129	0.02900	0.01901	0.28379	0.41701	0.01297	0.01484	0.07510	0.03331	0.01774	0.01034	0.01358	0.00823	0.00518	0.00526	0.00166	0.00648	0.00474	0.00287	0.00762
12	0.01429	0.01182	0.01926	0.18222	0.49983	0.01224	0.01483	0.05780	0.01300	0.10578	0.01142	0.01404	0.00882	0.00521	0.00534	0.00164	0.00630	0.00485	0.00321	0.00810
13	0.07172	0.01339	0.01925	0.11727	0.31587	0.06479	0.10105	0.13509	0.02961	0.06398	0.01114	0.01336	0.00854	0.00531	0.00529	0.00165	0.00663	0.00482	0.00340	0.00784
14	0.01442	0.04959	0.01310	0.01236	0.09249	0.10533	0.02468	0.04810	0.07084	0.16824	0.02083	0.16370	0.05965	0.00915	0.00571	0.00175	0.00522	0.08427	0.00458	0.04598
15	0.00773	0.00553	0.00748	0.00748	0.00804	0.00609	0.00528	0.00885	0.00829	0.01161	0.01543	0.02689	0.01594	0.35899	0.47479	0.00721	0.01059	0.00660	0.00303	0.00416
16	0.00767	0.00575	0.00863	0.00863	0.00959	0.00671	0.00671	0.00959	0.00863	0.01246	0.01438	0.02109	0.01342	0.04026	0.79008	0.00863	0.01438	0.00575	0.00288	0.00479
17	0.18065	0.31206	0.03459	0.01049	0.01418	0.15627	0.00923	0.11813	0.01322	0.03109	0.00892	0.01061	0.00747	0.00559	0.00496	0.00147	0.05656	0.01458	0.00312	0.00683
18	0.09728	0.01150	0.01189	0.03152	0.01406	0.03787	0.00826	0.06771	0.49672	0.09575	0.01884	0.01854	0.01421	0.04441	0.00624	0.00192	0.00467	0.00558	0.00509	0.00794
19	0.04816	0.70391	0.10196	0.00970	0.01457	0.02000	0.01010	0.01615	0.01088	0.01353	0.00768	0.00888	0.00684	0.00466	0.00360	0.00122	0.00589	0.00298	0.00234	0.00695
20	0.00881	0.09052	0.01040	0.00830	0.00968	0.00827	0.00650	0.04071	0.00966	0.01323	0.01621	0.04542	0.04936	0.13168	0.51923	0.00662	0.01109	0.00621	0.00312	0.00497
21	0.11081	0.07584	0.08074	0.03060	0.04359	0.00984	0.00836	0.07465	0.03172	0.03499	0.33446	0.05786	0.02777	0.00859	0.00574	0.00170	0.02173	0.03026	0.00456	0.00620
22	0.01546	0.46453	0.08450	0.01005	0.01462	0.01692	0.00973	0.09133	0.06802	0.11055	0.03608	0.01237	0.01004	0.00545	0.00427	0.00136	0.00553	0.00393	0.00350	0.03175
23	0.04798	0.17621	0.15523	0.04850	0.14903	0.05016	0.10431	0.03690	0.04321	0.05375	0.01050	0.01235	0.00822	0.00569	0.01962	0.00164	0.00675	0.00430	0.00296	0.06267
24	0.07609	0.36338	0.06760	0.01256	0.10331	0.04283	0.01011	0.08029	0.01247	0.05599	0.01199	0.08138	0.02558	0.00637	0.00484	0.00149	0.02866	0.00480	0.00321	0.00705

[dist]
# distance from previous block
# <min> <max>
7	15

[block]
# block no. 1 follows, 45 sequences, length 22
# corresponding to MSA columns:
# 413-434
name=unknown_B
#
# <colnr> <probs for GDERKNQSTAVLIFYWHMCP>
#	G	D	E	R	K	N	Q	S	T	A	V	L	I	F	Y	W	H	M	C	P
0	0.01398	0.03982	0.21122	0.03155	0.01606	0.04625	0.05082	0.01707	0.01273	0.22894	0.03557	0.13972	0.06661	0.00861	0.00572	0.00180	0.00567	0.05644	0.00438	0.00704
1	0.01995	0.07033	0.15150	0.03240	0.01636	0.00989	0.03312	0.02287	0.01411	0.53059	0.03279	0.01656	0.01211	0.00621	0.00525	0.00164	0.00542	0.00506	0.00530	0.00853
2	0.01119	0.08884	0.30604	0.14441	0.07532	0.01188	0.09282	0.01523	0.01153	0.04424	0.01493	0.08188	0.06545	0.00667	0.00539	0.00172	0.00671	0.00584	0.00295	0.00698
3	0.01006	0.06712	0.32821	0.02479	0.01573	0.00933	0.01209	0.01352	0.01135	0.05805	0.01980	0.26048	0.04349	0.01011	0.00585	0.00190	0.00561	0.09242	0.00373	0.00636
4	0.01077	0.02777	0.78354	0.01530	0.02323	0.01247	0.01983	0.01700	0.01133	0.01700	0.00963	0.01133	0.00680	0.00510	0.00510	0.00170	0.00793	0.00397	0.00227	0.00793
5	0.04335	0.02709	0.75340	0.01498	0.02273	0.01245	0.01929	0.01695	0.01125	0.01727	0.00955	0.01123	0.00676	0.00510	0.00503	0.00170	0.00779	0.00393	0.00231	0.00785
6	0.01116	0.01958	0.39346	0.09184	0.13023	0.01212	0.17020	0.01603	0.01175	0.01675	0.02768	0.03476	0.02874	0.00561	0.00551	0.00173	0.00750	0.00525	0.00264	0.00745
7	0.01077	0.02777	0.78354	0.01530	0.02323	0.01247	0.01983	0.01700	0.01133	0.01700	0.00963	0.01133	0.00680	0.00510	0.00510	0.00170	0.00793	0.00397	0.00227	0.00793
8	0.02408	0.00914	0.01246	0.00955	0.01370	0.00789	0.00789	0.02616	0.01536	0.78158	0.02118	0.01827	0.01329	0.00664	0.00540	0.00166	0.00457	0.00540	0.00664	0.00914
9	0.01062	0.04494	0.01781	0.13564	0.23273	0.01041	0.14438	0.01342	0.01156	0.01560	0.01670	0.21222	0.01709	0.00880	0.00602	0.00188	0.00600	0.08432	0.00342	0.00645
10	0.01629	0.03162	0.08455	0.03627	0.05580	0.19612	0.03393	0.04973	0.01407	0.21962	0.05263	0.11964	0.05072	0.00782	0.00550	0.00167	0.00613	0.00646	0.00437	0.00706
11	0.00656	0.00533	0.00571	0.00596	0.00740	0.00461	0.00435	0.00781	0.01165	0.01417	0.04709	0.16818	0.58259	0.06577	0.00782	0.00212	0.00303	0.04054	0.00487	0.00444
12	0.01267	0.01448	0.03167	0.02262	0.02805	0.01357	0.75837	0.01719	0.01267	0.01719	0.01086	0.01448	0.00814	0.00452	0.00633	0.00181	0.00905	0.00633	0.00271	0.00724
13	0.01160	0.01333	0.10405	0.24322	0.28508	0.04880	0.08025	0.01504	0.01170	0.01574	0.01226	0.09117	0.01105	0.00644	0.00558	0.00175	0.00681	0.02631	0.00283	0.00700
14	0.01065	0.01038	0.01851	0.65183	0.07677	0.01219	0.11491	0.01434	0.01108	0.01439	0.00975	0.01428	0.00736	0.00522	0.00549	0.00178	0.00737	0.00498	0.00244	0.00628
15	0.00728	0.00555	0.00827	0.00884	0.00964	0.00525	0.05433	0.00869	0.01077	0.01431	0.02819	0.63566	0.03299	0.01570	0.00691	0.00220	0.00379	0.13216	0.00483	0.00464
16	0.01792	0.00979	0.01123	0.03032	0.01309	0.08185	0.00768	0.02068	0.05374	0.42516	0.13977	0.04025	0.06321	0.00830	0.00570	0.00172	0.00468	0.05167	0.00576	0.00750
17	0.02819	0.01797	0.29983	0.03342	0.14096	0.01212	0.18947	0.05048	0.01295	0.12873	0.01262	0.01423	0.02305	0.00536	0.00548	0.00170	0.00720	0.00503	0.00328	0.00795
18	0.11292	0.06548	0.12600	0.06434	0.02104	0.10621	0.24952	0.01838	0.04718	0.08694	0.01098	0.01290	0.00820	0.00537	0.00576	0.00169	0.04205	0.00478	0.00315	0.00712
19	0.00676	0.00486	0.00645	0.00762	0.00808	0.00455	0.00530	0.00789	0.01066	0.01415	0.04958	0.69577	0.05797	0.01638	0.00687	0.00218	0.00326	0.08223	0.00500	0.00444
20	0.13269	0.22365	0.08008	0.02773	0.06806	0.06119	0.12316	0.09594	0.05574	0.06819	0.01067	0.01192	0.00822	0.00524	0.00468	0.00154	0.00635	0.00423	0.00334	0.00739
21	0.04911	0.18781	0.52897	0.01330	0.02003	0.01420	0.01610	0.04496	0.01186	0.05305	0.00976	0.01104	0.00717	0.00511	0.00471	0.00158	0.00708	0.00379	0.00264	0.00773

[dist]
# distance from previous block
# <min> <max>
0	1

[block]
# block no. 2 follows, 45 sequences, length 14
# corresponding to MSA columns:
# 438-451
name=unknown_C
#
# <colnr> <probs for GDERKNQSTAVLIFYWHMCP>
#	G	D	E	R	K	N	Q	S	T	A	V	L	I	F	Y	W	H	M	C	P
0	0.03870	0.20353	0.24284	0.01127	0.01625	0.03332	0.01171	0.05109	0.08939	0.16301	0.03671	0.01609	0.03183	0.00622	0.00489	0.00159	0.00588	0.02416	0.00386	0.00767
1	0.01419	0.69760	0.05367	0.01015	0.01482	0.01998	0.04879	0.04201	0.01162	0.01398	0.02660	0.00993	0.00810	0.00483	0.00379	0.00123	0.00592	0.00333	0.00251	0.00698
2	0.00772	0.00529	0.00622	0.00622	0.00644	0.00539	0.00377	0.00805	0.00811	0.01087	0.01817	0.03388	0.05116	0.66947	0.13286	0.00554	0.00638	0.00767	0.00327	0.00352
3	0.37667	0.06350	0.08445	0.00988	0.01351	0.01283	0.03159	0.11238	0.08214	0.03999	0.01161	0.05404	0.00960	0.00779	0.04080	0.00201	0.03218	0.00456	0.00371	0.00676
4	0.00704	0.00519	0.00701	0.00850	0.04302	0.00489	0.00548	0.00817	0.01062	0.01423	0.07288	0.63303	0.05759	0.06568	0.00804	0.00231	0.00340	0.03356	0.00482	0.00454
5	0.04144	0.42950	0.14515	0.01029	0.01484	0.05179	0.01039	0.06618	0.03470	0.03870	0.01196	0.01285	0.04811	0.00563	0.00444	0.00139	0.02032	0.00395	0.04134	0.00703
6	0.03128	0.13760	0.07677	0.00903	0.01130	0.03312	0.02793	0.01192	0.03715	0.01446	0.05154	0.16750	0.08718	0.10098	0.00937	0.06895	0.00492	0.10997	0.00380	0.00522
7	0.00877	0.00643	0.02823	0.00726	0.00865	0.00557	0.00534	0.01048	0.03105	0.06876	0.12984	0.26429	0.13146	0.19385	0.01103	0.00262	0.00381	0.02904	0.00468	0.04884
8	0.01242	0.04038	0.13820	0.01565	0.07384	0.03777	0.22395	0.01749	0.11114	0.06591	0.06995	0.09020	0.01520	0.02794	0.00627	0.00181	0.00639	0.00655	0.00371	0.03524
9	0.04952	0.01405	0.10523	0.01491	0.13545	0.07154	0.05007	0.12287	0.04578	0.14679	0.05583	0.04530	0.03134	0.00654	0.00551	0.00161	0.01988	0.00545	0.00416	0.06816
10	0.01094	0.03006	0.09705	0.03371	0.06543	0.02917	0.11169	0.02749	0.01147	0.05748	0.04325	0.06307	0.09364	0.15325	0.05231	0.00270	0.02580	0.02828	0.00356	0.05966
11	0.04041	0.04695	0.14483	0.01173	0.07805	0.03063	0.00986	0.04076	0.04361	0.17431	0.08818	0.06092	0.05168	0.00699	0.00514	0.00154	0.00499	0.00578	0.03237	0.12125
12	0.04076	0.08523	0.11143	0.05378	0.21767	0.04684	0.03452	0.01668	0.03934	0.10490	0.08679	0.03985	0.01437	0.04847	0.00632	0.00179	0.00576	0.00549	0.03286	0.00716
13	0.03938	0.14622	0.20794	0.01680	0.17786	0.01290	0.08407	0.03189	0.01227	0.09371	0.03098	0.01299	0.00926	0.00511	0.00488	0.00149	0.00629	0.00438	0.00312	0.09846

[dist]
# distance from previous block
# <min> <max>
1	27

[block]
# block no. 3 follows, 45 sequences, length 46
# corresponding to MSA columns:
# 479-524
name=unknown_D
#
# <colnr> <probs for GDERKNQSTAVLIFYWHMCP>
#	G	D	E	R	K	N	Q	S	T	A	V	L	I	F	Y	W	H	M	C	P
0	0.02460	0.07256	0.23918	0.01368	0.08697	0.07058	0.02393	0.07701	0.06658	0.08049	0.05450	0.05698	0.04735	0.00680	0.00524	0.00162	0.00605	0.01490	0.00372	0.04725
1	0.03724	0.11571	0.31314	0.01500	0.10949	0.02969	0.04176	0.07377	0.03905	0.04358	0.05940	0.03152	0.01125	0.00579	0.00501	0.00157	0.00639	0.00474	0.00321	0.05270
2	0.01413	0.09932	0.10555	0.01500	0.15049	0.02577	0.03310	0.14158	0.08776	0.06881	0.06092	0.01687	0.01281	0.07501	0.00747	0.00190	0.03398	0.00518	0.00383	0.04051
3	0.13311	0.06263	0.33270	0.01336	0.06221	0.01168	0.05950	0.05130	0.01213	0.03244	0.06917	0.05101	0.03896	0.00632	0.00502	0.00165	0.00611	0.00518	0.00323	0.04228
4	0.04697	0.02987	0.33418	0.01491	0.05223	0.04286	0.12941	0.04314	0.13138	0.01831	0.01626	0.01722	0.08698	0.00626	0.00539	0.00172	0.00674	0.00540	0.00330	0.00746
5	0.01108	0.01047	0.01597	0.16108	0.30944	0.03682	0.04328	0.01432	0.04253	0.01660	0.11174	0.05823	0.08359	0.02704	0.00660	0.00181	0.03261	0.00662	0.00346	0.00671
6	0.00699	0.00638	0.03959	0.00643	0.00824	0.00506	0.00515	0.00896	0.01316	0.01707	0.30810	0.08209	0.44867	0.01245	0.00631	0.00178	0.00290	0.01062	0.00520	0.00486
7	0.01201	0.04625	0.03960	0.04948	0.29755	0.01038	0.06371	0.01554	0.05128	0.06988	0.15695	0.02236	0.09024	0.00699	0.00554	0.00162	0.00521	0.00635	0.00388	0.04516
8	0.04359	0.01105	0.01502	0.05313	0.26099	0.01165	0.01092	0.10049	0.19925	0.10299	0.06295	0.07465	0.01542	0.00707	0.00547	0.00172	0.00509	0.00617	0.00445	0.00792
9	0.01476	0.75812	0.02720	0.00952	0.01398	0.07624	0.00927	0.01646	0.01122	0.01267	0.00752	0.00869	0.00689	0.00466	0.00354	0.00116	0.00602	0.00291	0.00233	0.00684
10	0.00676	0.00485	0.00629	0.00721	0.00763	0.00458	0.00482	0.00774	0.01034	0.01381	0.07205	0.62190	0.06755	0.09994	0.03545	0.00267	0.00366	0.01366	0.00478	0.00431
11	0.01946	0.03884	0.01709	0.02722	0.06524	0.02768	0.04577	0.53635	0.03800	0.11000	0.01339	0.01356	0.00950	0.00620	0.00535	0.00161	0.00598	0.00490	0.00502	0.00882
12	0.11324	0.06167	0.02976	0.02356	0.41435	0.07507	0.09976	0.02783	0.01223	0.04184	0.01016	0.01314	0.00837	0.00521	0.00544	0.00162	0.03007	0.01612	0.00292	0.00765
13	0.00691	0.00497	0.00661	0.00773	0.00829	0.00468	0.00551	0.00817	0.01091	0.01447	0.06549	0.62510	0.06661	0.01610	0.00689	0.00219	0.00335	0.12651	0.00502	0.00449
14	0.01902	0.01413	0.01522	0.01184	0.01600	0.01546	0.00970	0.60503	0.11953	0.04757	0.01401	0.01381	0.01008	0.00641	0.00530	0.00159	0.00555	0.00490	0.00528	0.05958
15	0.01264	0.01375	0.10470	0.05842	0.45972	0.01211	0.05844	0.05170	0.04261	0.01846	0.05784	0.02515	0.01148	0.00550	0.00538	0.00161	0.00625	0.00520	0.00310	0.04593
16	0.01205	0.06066	0.01891	0.38689	0.32824	0.01281	0.01468	0.04113	0.01186	0.01602	0.00975	0.01338	0.00777	0.00507	0.00517	0.00163	0.00659	0.00460	0.00262	0.04018
17	0.01206	0.05591	0.48854	0.01752	0.05623	0.01296	0.21529	0.01735	0.01187	0.04703	0.01034	0.01241	0.00749	0.00497	0.00538	0.00170	0.00794	0.00464	0.00258	0.00778
18	0.01227	0.01189	0.02105	0.10043	0.51764	0.01197	0.12386	0.01540	0.01179	0.01652	0.01142	0.04911	0.01017	0.05506	0.00689	0.00189	0.00663	0.00565	0.00278	0.00758
19	0.00738	0.00565	0.00802	0.06830	0.01087	0.00563	0.02457	0.00868	0.01064	0.01401	0.04031	0.53057	0.09836	0.01499	0.00751	0.03530	0.02099	0.07905	0.00458	0.00459
20	0.01284	0.14077	0.20393	0.08688	0.27732	0.01341	0.07923	0.01656	0.01194	0.05746	0.02440	0.01395	0.02746	0.00528	0.00511	0.00160	0.00669	0.00470	0.00282	0.00767
21	0.00679	0.00498	0.00643	0.00750	0.00815	0.00462	0.00534	0.00799	0.01083	0.01413	0.03301	0.59997	0.14181	0.01609	0.00685	0.00217	0.00330	0.11059	0.00498	0.00446
22	0.00715	0.00506	0.00655	0.00740	0.00789	0.00483	0.00515	0.00826	0.01055	0.01408	0.08917	0.48033	0.04969	0.16451	0.01070	0.00274	0.00370	0.11322	0.00473	0.00430
23	0.01274	0.01460	0.13544	0.18674	0.27864	0.03121	0.06431	0.08914	0.03548	0.01828	0.04513	0.01452	0.01005	0.00564	0.00584	0.00170	0.03495	0.00499	0.00303	0.00755
24	0.01356	0.01448	0.10854	0.07570	0.54151	0.02383	0.05121	0.04323	0.01268	0.04848	0.01056	0.01332	0.00840	0.00499	0.00534	0.00163	0.00669	0.00477	0.00286	0.00824
25	0.01164	0.16908	0.57411	0.01553	0.06822	0.01411	0.04270	0.01681	0.01136	0.01625	0.00931	0.01107	0.00697	0.00497	0.00485	0.00160	0.00748	0.00390	0.00231	0.00776
26	0.02099	0.01471	0.01545	0.01198	0.01616	0.06288	0.00983	0.59295	0.02299	0.15634	0.01398	0.01358	0.00968	0.00642	0.00534	0.00161	0.00592	0.00484	0.00542	0.00895
27	0.01136	0.00968	0.01126	0.00806	0.01282	0.00739	0.00646	0.03217	0.01148	0.01790	0.00962	0.01117	0.00798	0.00404	0.00401	0.00082	0.00402	0.00322	0.00324	0.82329
28	0.01077	0.02777	0.78354	0.01530	0.02323	0.01247	0.01983	0.01700	0.01133	0.01700	0.00963	0.01133	0.00680	0.00510	0.00510	0.00170	0.00793	0.00397	0.00227	0.00793
29	0.00723	0.00505	0.00622	0.00689	0.00721	0.00487	0.00450	0.00791	0.00949	0.01253	0.02527	0.38869	0.06197	0.35201	0.01552	0.00346	0.00412	0.06887	0.00425	0.00395
30	0.00961	0.05539	0.02847	0.00941	0.04028	0.00724	0.03872	0.03641	0.01130	0.06448	0.02544	0.32696	0.10382	0.15083	0.00991	0.00252	0.00442	0.06516	0.00439	0.00523
31	0.23313	0.05938	0.22480	0.01084	0.01582	0.01127	0.05733	0.01662	0.04549	0.06632	0.03060	0.01361	0.03601	0.00545	0.00453	0.00151	0.00550	0.00422	0.00334	0.15423
32	0.00652	0.00474	0.00616	0.00729	0.00774	0.00438	0.00490	0.00750	0.01046	0.01378	0.03186	0.73841	0.10347	0.01652	0.00680	0.00215	0.00308	0.01490	0.00498	0.00438
33	0.00716	0.00580	0.00641	0.00629	0.00799	0.00521	0.00480	0.00960	0.05151	0.01691	0.24958	0.04730	0.50152	0.01261	0.00635	0.00181	0.00285	0.04613	0.00526	0.00490
34	0.07960	0.07400	0.30613	0.01643	0.10050	0.10789	0.11988	0.03997	0.02866	0.02928	0.01006	0.01195	0.00766	0.00521	0.00523	0.00163	0.02157	0.00430	0.02266	0.00741
35	0.01385	0.66956	0.11949	0.01139	0.06205	0.01965	0.01093	0.01621	0.01104	0.01346	0.00789	0.00923	0.00698	0.00467	0.00376	0.00124	0.00605	0.00312	0.00231	0.00712
36	0.03799	0.00577	0.00653	0.00645	0.00701	0.00595	0.00415	0.03907	0.00925	0.01347	0.01727	0.09230	0.01862	0.51476	0.09354	0.00453	0.00557	0.00758	0.10618	0.00403
37	0.01243	0.01466	0.13728	0.08467	0.52978	0.01244	0.06810	0.01618	0.01211	0.01729	0.03688	0.01409	0.00960	0.00507	0.00539	0.00164	0.00672	0.00494	0.00270	0.00802
38	0.03299	0.13697	0.20181	0.03061	0.01600	0.01181	0.03733	0.06158	0.07787	0.13902	0.07755	0.06244	0.03171	0.03093	0.00590	0.00177	0.00557	0.02683	0.00408	0.00723
39	0.01216	0.01177	0.01861	0.13831	0.45823	0.04446	0.03617	0.01504	0.01162	0.01596	0.01201	0.03994	0.02285	0.00833	0.05738	0.00217	0.05469	0.03020	0.00281	0.00729
40	0.00724	0.00521	0.00691	0.00794	0.00864	0.00496	0.00591	0.00869	0.01116	0.01473	0.07237	0.47828	0.07651	0.04770	0.00778	0.00234	0.00366	0.22051	0.00495	0.00453
41	0.03990	0.04274	0.09855	0.08944	0.10996	0.09439	0.01130	0.08565	0.18006	0.09880	0.01673	0.01814	0.05466	0.00666	0.00529	0.00169	0.00593	0.02843	0.00409	0.00760
42	0.01057	0.02499	0.67805	0.01442	0.02150	0.01189	0.01806	0.01677	0.04175	0.01709	0.03671	0.01327	0.00910	0.00756	0.05357	0.00213	0.00800	0.00436	0.00256	0.00766
43	0.00935	0.00558	0.00711	0.00720	0.00849	0.00506	0.00521	0.01094	0.01235	0.12083	0.19382	0.39054	0.12682	0.01311	0.00629	0.00190	0.00310	0.01159	0.05548	0.00523
44	0.05130	0.01398	0.09831	0.10020	0.33544	0.05336	0.09002	0.01664	0.01212	0.07645	0.01322	0.01551	0.05385	0.00576	0.00588	0.00169	0.04054	0.00513	0.00307	0.00752
45	0.01469	0.36260	0.13376	0.04887	0.03063	0.16386	0.10048	0.04271	0.02885	0.01496	0.00897	0.01063	0.00735	0.00499	0.00452	0.00142	0.00725	0.00380	0.00261	0.00705

[dist]
# distance from previous block
# <min> <max>
0	1

[block]
# block no. 4 follows, 45 sequences, length 15
# corresponding to MSA columns:
# 526-540
name=unknown_E
#
# <colnr> <probs for GDERKNQSTAVLIFYWHMCP>
#	G	D	E	R	K	N	Q	S	T	A	V	L	I	F	Y	W	H	M	C	P
0	0.00703	0.00509	0.00659	0.00726	0.00779	0.00492	0.00499	0.00792	0.01038	0.01381	0.08418	0.50887	0.11872	0.07427	0.04137	0.05065	0.02466	0.01258	0.00462	0.00429
1	0.05168	0.01449	0.13951	0.01599	0.08400	0.03134	0.18152	0.08262	0.02991	0.09469	0.04159	0.03859	0.03441	0.00691	0.00707	0.00182	0.10087	0.03207	0.00364	0.00727
2	0.01145	0.00921	0.01088	0.00800	0.01245	0.00701	0.00634	0.01372	0.01128	0.05319	0.01138	0.06269	0.00997	0.00493	0.00423	0.00092	0.00395	0.00406	0.00346	0.75089
3	0.00745	0.00521	0.00674	0.00726	0.00811	0.00488	0.00518	0.00889	0.01159	0.03598	0.18925	0.42330	0.11731	0.05560	0.04331	0.00248	0.00371	0.05406	0.00504	0.00465
4	0.00873	0.00653	0.00891	0.01047	0.08463	0.00639	0.00701	0.03715	0.01197	0.03861	0.08069	0.41104	0.11186	0.01371	0.00688	0.00206	0.02527	0.11801	0.00481	0.00528
5	0.01413	0.09132	0.14560	0.04588	0.13197	0.15658	0.14398	0.08241	0.03398	0.01721	0.01145	0.06804	0.00981	0.00606	0.00550	0.00164	0.01888	0.00527	0.00305	0.00725
6	0.00806	0.00651	0.00766	0.00850	0.00924	0.05562	0.00629	0.00946	0.01068	0.01384	0.02518	0.45406	0.02874	0.04799	0.12831	0.00329	0.00572	0.16179	0.00444	0.00463
7	0.01038	0.00651	0.00841	0.00751	0.00927	0.00604	0.02285	0.04248	0.01394	0.12778	0.37916	0.08736	0.13510	0.10866	0.00876	0.00216	0.00350	0.00917	0.00541	0.00552
8	0.01319	0.04453	0.15100	0.10044	0.24735	0.02574	0.10791	0.07878	0.14124	0.01892	0.01215	0.01409	0.00933	0.00543	0.00537	0.00168	0.00669	0.00497	0.00325	0.00794
9	0.05240	0.12689	0.20138	0.07216	0.11648	0.13002	0.03363	0.07400	0.06167	0.03656	0.01073	0.01231	0.00827	0.00537	0.00484	0.00156	0.00683	0.00419	0.03331	0.00740
10	0.41363	0.05718	0.06241	0.03203	0.10362	0.14573	0.00952	0.01721	0.01105	0.05404	0.00872	0.01030	0.00687	0.00533	0.00475	0.00162	0.04282	0.00353	0.00311	0.00655
11	0.13446	0.04916	0.03238	0.10311	0.20117	0.09022	0.02803	0.01571	0.06237	0.01751	0.04573	0.04773	0.07681	0.00696	0.00512	0.00167	0.00561	0.03197	0.03770	0.00658
12	0.00745	0.00576	0.00714	0.00798	0.05415	0.00523	0.00542	0.00912	0.01241	0.01637	0.21286	0.16780	0.34554	0.01285	0.00673	0.02716	0.00311	0.04507	0.04299	0.00484
13	0.01274	0.04459	0.01430	0.01281	0.11614	0.07791	0.03577	0.06265	0.07151	0.01802	0.01307	0.06147	0.03112	0.00572	0.00474	0.00125	0.00511	0.00480	0.00350	0.40278
14	0.06620	0.11778	0.09571	0.05933	0.06583	0.02924	0.07003	0.22328	0.02648	0.06233	0.01191	0.01462	0.00939	0.00584	0.00500	0.00155	0.00609	0.03989	0.00377	0.08574

[dist]
# distance from previous block
# <min> <max>
0	3

[block]
# block no. 5 follows, 45 sequences, length 30
# corresponding to MSA columns:
# 544-573
name=unknown_F
#
# <colnr> <probs for GDERKNQSTAVLIFYWHMCP>
#	G	D	E	R	K	N	Q	S	T	A	V	L	I	F	Y	W	H	M	C	P
0	0.04338	0.01219	0.03064	0.02705	0.22970	0.04352	0.08981	0.06964	0.01267	0.03298	0.01226	0.04202	0.03465	0.00568	0.00565	0.00145	0.04574	0.00494	0.00326	0.25277
1	0.32523	0.00853	0.00908	0.00786	0.01076	0.00865	0.00624	0.01744	0.02510	0.27257	0.10999	0.09332	0.04457	0.03148	0.00556	0.00183	0.00398	0.00622	0.00499	0.00661
2	0.04955	0.02713	0.08469	0.03419	0.01283	0.00869	0.00807	0.11321	0.02862	0.16503	0.05116	0.15730	0.17003	0.00980	0.00571	0.00178	0.00442	0.02968	0.03153	0.00660
3	0.04294	0.14218	0.16846	0.03082	0.04034	0.06655	0.16857	0.08372	0.02262	0.01729	0.01243	0.03973	0.04102	0.00637	0.00638	0.00170	0.08138	0.01746	0.00303	0.00702
4	0.00756	0.00540	0.00727	0.00745	0.00797	0.00583	0.00520	0.00864	0.00856	0.01189	0.01746	0.13798	0.01878	0.31837	0.40041	0.00646	0.00943	0.00785	0.00331	0.00417
5	0.00857	0.00549	0.00700	0.00712	0.00835	0.00495	0.00514	0.01018	0.01261	0.09240	0.25988	0.36802	0.16298	0.01348	0.00646	0.00192	0.00301	0.01193	0.00543	0.00508
6	0.04329	0.01435	0.15531	0.14873	0.18341	0.04424	0.11633	0.01494	0.01155	0.01625	0.04575	0.04690	0.04101	0.00762	0.03482	0.00201	0.05815	0.00563	0.00289	0.00683
7	0.01283	0.00994	0.01190	0.01198	0.07387	0.01103	0.00859	0.02223	0.43809	0.08522	0.02103	0.11326	0.01781	0.01039	0.05068	0.00225	0.03143	0.03807	0.02187	0.00755
8	0.01233	0.01243	0.04517	0.13563	0.45052	0.05930	0.01399	0.01521	0.01151	0.01591	0.01071	0.01506	0.00923	0.05318	0.05487	0.00226	0.03595	0.00491	0.03461	0.00723
9	0.00895	0.00779	0.01235	0.03759	0.01290	0.00915	0.08292	0.01090	0.00926	0.01328	0.03111	0.07770	0.01421	0.05953	0.43014	0.00574	0.16186	0.00646	0.00298	0.00519
10	0.01372	0.05391	0.08101	0.01865	0.11407	0.12106	0.24982	0.04093	0.05429	0.01639	0.01031	0.02245	0.00846	0.00606	0.00792	0.00179	0.16405	0.00512	0.00285	0.00712
11	0.00655	0.00483	0.00613	0.00711	0.00771	0.00442	0.00483	0.00761	0.01079	0.01413	0.06215	0.65200	0.15999	0.01605	0.00675	0.00210	0.00303	0.01439	0.00502	0.00442
12	0.03367	0.00657	0.00817	0.00792	0.00941	0.00683	0.00604	0.02630	0.05426	0.06221	0.08212	0.17611	0.21376	0.02000	0.22284	0.00376	0.04121	0.00908	0.00444	0.00531
13	0.00829	0.00678	0.00764	0.00840	0.00926	0.04524	0.00592	0.01136	0.11960	0.01504	0.02735	0.62176	0.03111	0.01479	0.00658	0.00210	0.00369	0.04509	0.00494	0.00507
14	0.01829	0.02041	0.01507	0.01324	0.01596	0.50147	0.02774	0.09674	0.06913	0.04823	0.01116	0.04628	0.00938	0.00661	0.00621	0.00158	0.07778	0.00456	0.00345	0.00672
15	0.00767	0.00575	0.00863	0.00863	0.00959	0.00671	0.00671	0.00959	0.00863	0.01246	0.01438	0.02109	0.01342	0.04026	0.79008	0.00863	0.01438	0.00575	0.00288	0.00479
16	0.01151	0.00552	0.00615	0.00590	0.00743	0.00532	0.00445	0.01378	0.01170	0.12199	0.01938	0.10952	0.01617	0.00751	0.00433	0.00141	0.00285	0.00622	0.63337	0.00549
17	0.01294	0.01005	0.01088	0.00960	0.01222	0.03324	0.00759	0.15195	0.27340	0.05532	0.21173	0.02857	0.08176	0.00896	0.00582	0.00177	0.00420	0.05732	0.01557	0.00712
18	0.01953	0.02475	0.01580	0.01413	0.01690	0.73804	0.03550	0.02101	0.01489	0.01327	0.00834	0.00991	0.00696	0.00563	0.00532	0.00143	0.03601	0.00359	0.00275	0.00625
19	0.00687	0.00545	0.00620	0.00620	0.00772	0.00478	0.00467	0.00864	0.01308	0.01678	0.28224	0.09089	0.46468	0.01300	0.00642	0.00183	0.00279	0.04777	0.00528	0.00471
20	0.17674	0.01202	0.01275	0.01022	0.01394	0.02398	0.00834	0.36167	0.03619	0.19900	0.01496	0.05884	0.01121	0.00680	0.00502	0.00166	0.00503	0.00520	0.02835	0.00806
21	0.00763	0.00521	0.00609	0.00620	0.00637	0.00522	0.00371	0.00791	0.00825	0.01101	0.01920	0.10289	0.04796	0.65167	0.08456	0.00508	0.00565	0.00843	0.00344	0.00352
22	0.00767	0.00575	0.00863	0.00863	0.00959	0.00671	0.00671	0.00959	0.00863	0.01246	0.01438	0.02109	0.01342	0.04026	0.79008	0.00863	0.01438	0.00575	0.00288	0.00479
23	0.00692	0.00496	0.00655	0.00755	0.00810	0.00467	0.00531	0.00816	0.01098	0.01467	0.10479	0.59799	0.05954	0.04255	0.00753	0.00225	0.00332	0.09469	0.00501	0.00446
24	0.00962	0.00683	0.00831	0.00827	0.00954	0.02793	0.00622	0.04209	0.01255	0.08109	0.15635	0.35131	0.11455	0.01368	0.02083	0.00211	0.04914	0.06926	0.00505	0.00530
25	0.00665	0.00475	0.00636	0.00760	0.00796	0.00446	0.00518	0.00767	0.01039	0.01383	0.02952	0.76845	0.03526	0.01671	0.00688	0.00220	0.00321	0.05356	0.00498	0.00439
26	0.01370	0.01240	0.02101	0.07022	0.70032	0.01246	0.01594	0.01685	0.01231	0.05762	0.01065	0.01360	0.00869	0.00491	0.00532	0.00161	0.00632	0.00481	0.00285	0.00841
27	0.04474	0.01235	0.05745	0.01082	0.01519	0.01146	0.00934	0.28300	0.03444	0.43842	0.01724	0.01576	0.01132	0.00645	0.00531	0.00165	0.00521	0.00506	0.00583	0.00896
28	0.01269	0.01237	0.02020	0.15654	0.44915	0.03841	0.08497	0.03930	0.01221	0.01678	0.01105	0.05854	0.00967	0.00586	0.00614	0.00171	0.04859	0.00548	0.00282	0.00753
29	0.05859	0.01115	0.05703	0.42871	0.20576	0.01181	0.03115	0.01441	0.01098	0.01563	0.01060	0.04694	0.00879	0.00582	0.00568	0.00175	0.03421	0.00511	0.02931	0.00658

[dist]
# distance from previous block
# <min> <max>
0	6

[block]
# block no. 6 follows, 45 sequences, length 27
# corresponding to MSA columns:
# 580,581,583-607
name=unknown_G
#
# <colnr> <probs for GDERKNQSTAVLIFYWHMCP>
#	G	D	E	R	K	N	Q	S	T	A	V	L	I	F	Y	W	H	M	C	P
0	0.00901	0.00727	0.02575	0.00747	0.00952	0.00665	0.00596	0.05060	0.09565	0.04393	0.23313	0.07285	0.34151	0.01163	0.00622	0.00182	0.00334	0.05678	0.00529	0.00559
1	0.01436	0.07260	0.01398	0.06575	0.04595	0.06386	0.00835	0.11071	0.01348	0.09743	0.01134	0.01338	0.00908	0.04748	0.00570	0.00139	0.00520	0.00404	0.00365	0.39228
2	0.00939	0.00622	0.00756	0.00709	0.00884	0.00575	0.00535	0.01230	0.06699	0.10301	0.37768	0.11533	0.23088	0.01149	0.00622	0.00178	0.00298	0.00995	0.00563	0.00555
3	0.03097	0.01242	0.01954	0.10285	0.18817	0.02992	0.14883	0.06864	0.03937	0.05951	0.02982	0.01421	0.00948	0.00648	0.00870	0.00186	0.21369	0.00518	0.00317	0.00720
4	0.11780	0.09455	0.05129	0.02375	0.05217	0.29849	0.01029	0.13010	0.06489	0.05583	0.01044	0.01145	0.00813	0.00580	0.00530	0.00155	0.04358	0.00397	0.00349	0.00713
5	0.01174	0.01174	0.01644	0.01409	0.01409	0.01644	0.01174	0.01292	0.00822	0.01292	0.00705	0.01174	0.00705	0.00940	0.01762	0.00235	0.80153	0.00470	0.00235	0.00587
6	0.01178	0.00993	0.01148	0.00826	0.01300	0.00782	0.00663	0.06609	0.01212	0.01864	0.00978	0.01125	0.00803	0.00415	0.00407	0.00085	0.00411	0.00330	0.00333	0.78536
7	0.00732	0.00544	0.00681	0.00655	0.00787	0.00493	0.00488	0.00956	0.01442	0.01986	0.60700	0.07896	0.18309	0.01173	0.00636	0.00173	0.00259	0.01027	0.00569	0.00493
8	0.00685	0.00555	0.00600	0.00596	0.00753	0.00489	0.00439	0.00869	0.03208	0.01577	0.18577	0.08956	0.53876	0.05523	0.00745	0.00199	0.00288	0.01092	0.00508	0.00466
9	0.05137	0.01649	0.17306	0.07133	0.42164	0.06643	0.03872	0.05108	0.01256	0.01785	0.00982	0.01249	0.00784	0.00510	0.00542	0.00164	0.02207	0.00449	0.00272	0.00790
10	0.01142	0.00983	0.01572	0.68959	0.03388	0.01196	0.01406	0.04428	0.04659	0.05545	0.01086	0.01473	0.00798	0.00556	0.00537	0.00178	0.00684	0.00487	0.00287	0.00637
11	0.00661	0.00478	0.00627	0.00744	0.00789	0.00444	0.00507	0.00764	0.01049	0.01385	0.03116	0.72826	0.08365	0.01653	0.00684	0.00217	0.00316	0.04438	0.00498	0.00439
12	0.03209	0.06272	0.00894	0.00748	0.00897	0.00668	0.00574	0.01125	0.01252	0.07058	0.33744	0.18386	0.03351	0.04582	0.09550	0.00268	0.00458	0.03180	0.03260	0.00525
13	0.07275	0.01416	0.07512	0.01831	0.05222	0.01296	0.43051	0.04248	0.12623	0.08071	0.01305	0.01490	0.00959	0.00525	0.00576	0.00177	0.00735	0.00571	0.00354	0.00764
14	0.00765	0.00573	0.00802	0.00827	0.00888	0.00638	0.00611	0.00903	0.00906	0.01265	0.01882	0.22546	0.02032	0.14353	0.40660	0.00590	0.05134	0.03819	0.00353	0.00452
15	0.03852	0.01168	0.01773	0.49809	0.22232	0.06698	0.03928	0.01514	0.01144	0.01509	0.00957	0.01355	0.00747	0.00519	0.00528	0.00171	0.00710	0.00467	0.00252	0.00666
16	0.01416	0.03995	0.08665	0.05568	0.10908	0.21653	0.23496	0.03494	0.02871	0.01592	0.01125	0.06846	0.00974	0.00610	0.00611	0.00169	0.04470	0.00554	0.00292	0.00691
17	0.00662	0.00475	0.00631	0.00753	0.00791	0.00444	0.00511	0.00763	0.01041	0.01382	0.03012	0.75888	0.05282	0.01666	0.00686	0.00218	0.00318	0.04538	0.00498	0.00439
18	0.00658	0.00516	0.00598	0.00652	0.00767	0.00455	0.00469	0.00787	0.01158	0.01457	0.07762	0.36170	0.40645	0.01484	0.00660	0.00198	0.00296	0.04315	0.00503	0.00450
19	0.09153	0.01685	0.03886	0.01655	0.13896	0.26694	0.10295	0.08193	0.03479	0.09028	0.01168	0.04450	0.00943	0.00600	0.00547	0.00162	0.02605	0.00487	0.00352	0.00723
20	0.01262	0.10364	0.31933	0.01956	0.14864	0.01398	0.23183	0.05565	0.01255	0.01756	0.01001	0.01236	0.00760	0.00490	0.00533	0.00165	0.00766	0.00472	0.00263	0.00778
21	0.00716	0.00511	0.00694	0.00818	0.00876	0.00489	0.00606	0.00854	0.01089	0.01439	0.02925	0.58919	0.03415	0.01624	0.00702	0.00227	0.00365	0.22782	0.00497	0.00453
22	0.06244	0.12323	0.25233	0.01413	0.05420	0.08939	0.07120	0.09392	0.02467	0.06819	0.01062	0.01229	0.00813	0.00734	0.04694	0.00198	0.04418	0.00428	0.00313	0.00743
23	0.01198	0.05813	0.10681	0.01066	0.01472	0.04930	0.07483	0.04239	0.02357	0.05364	0.16499	0.01900	0.04370	0.00646	0.00548	0.00140	0.03167	0.00540	0.00381	0.27206
24	0.05099	0.00710	0.00969	0.03326	0.12112	0.00681	0.00715	0.01231	0.01308	0.09283	0.30223	0.16419	0.11811	0.01040	0.00595	0.00176	0.00362	0.00913	0.02445	0.00584
25	0.06140	0.34825	0.07604	0.08759	0.01659	0.01510	0.06185	0.03901	0.01081	0.01465	0.00982	0.01320	0.00864	0.03842	0.15018	0.00289	0.03237	0.00420	0.00263	0.00637
26	0.09338	0.04953	0.22356	0.05309	0.15033	0.02679	0.11159	0.04153	0.02267	0.05158	0.01329	0.07458	0.02327	0.00650	0.00533	0.00173	0.00652	0.03427	0.00321	0.00723

[dist]
# distance from previous block
# <min> <max>
0	1

[block]
# block no. 7 follows, 45 sequences, length 26
# corresponding to MSA columns:
# 609-634
name=unknown_H
#
# <colnr> <probs for GDERKNQSTAVLIFYWHMCP>
#	G	D	E	R	K	N	Q	S	T	A	V	L	I	F	Y	W	H	M	C	P
0	0.01213	0.04881	0.04184	0.15481	0.25663	0.05072	0.04094	0.05100	0.02952	0.03836	0.07977	0.10471	0.03890	0.00786	0.01923	0.00182	0.00602	0.00651	0.00351	0.00691
1	0.04782	0.00553	0.00672	0.00720	0.00835	0.00513	0.00521	0.00945	0.01148	0.06079	0.09461	0.45106	0.19714	0.01435	0.00647	0.00202	0.00322	0.05354	0.00508	0.00484
2	0.01618	0.02731	0.05956	0.04030	0.11691	0.01173	0.05478	0.23725	0.04317	0.17572	0.01813	0.10413	0.05532	0.00757	0.00559	0.00171	0.00550	0.00650	0.00471	0.00792
3	0.04181	0.09878	0.09173	0.01102	0.01581	0.03078	0.06711	0.16804	0.01433	0.05313	0.01099	0.03038	0.00876	0.00519	0.00463	0.00128	0.00549	0.00418	0.00359	0.33297
4	0.01162	0.02146	0.43198	0.01840	0.02496	0.01309	0.33680	0.01693	0.01179	0.01693	0.01006	0.01270	0.00739	0.00501	0.00610	0.00177	0.03796	0.00501	0.00246	0.00756
5	0.00745	0.00548	0.00645	0.00665	0.00803	0.00488	0.00497	0.00901	0.01234	0.04059	0.17163	0.20223	0.37966	0.03726	0.00714	0.00202	0.00311	0.08121	0.00515	0.00474
6	0.05210	0.20054	0.15757	0.20102	0.06644	0.03292	0.07784	0.01603	0.02993	0.03650	0.03563	0.01393	0.02696	0.00557	0.00520	0.00161	0.02595	0.00456	0.00281	0.00687
7	0.01274	0.02951	0.15740	0.03291	0.06202	0.02666	0.11243	0.09577	0.05248	0.07240	0.03236	0.06325	0.06378	0.02311	0.01682	0.00191	0.03855	0.05016	0.02722	0.02853
8	0.00658	0.00496	0.00610	0.00693	0.00774	0.00448	0.00483	0.00772	0.01105	0.01422	0.05748	0.54318	0.25216	0.01565	0.00671	0.00207	0.00304	0.03565	0.00501	0.00445
9	0.00691	0.00505	0.00661	0.00758	0.00825	0.00464	0.00528	0.00805	0.01057	0.01410	0.02972	0.67790	0.06887	0.01590	0.00673	0.00212	0.00327	0.06920	0.00489	0.04435
10	0.03653	0.01675	0.19628	0.03011	0.09869	0.05238	0.03687	0.23027	0.11217	0.07985	0.02707	0.03519	0.01092	0.00626	0.00532	0.00168	0.00626	0.00512	0.00413	0.00815
11	0.09273	0.01283	0.13041	0.11859	0.09653	0.03796	0.06422	0.01687	0.01210	0.17494	0.03362	0.07551	0.03024	0.00811	0.03162	0.00199	0.02623	0.02467	0.00382	0.00702
12	0.01185	0.06253	0.07652	0.01120	0.07796	0.04998	0.00864	0.03272	0.05748	0.09818	0.10377	0.04510	0.13370	0.08036	0.07917	0.00264	0.03678	0.02100	0.00414	0.00627
13	0.03793	0.09965	0.12265	0.10071	0.12832	0.03102	0.09298	0.05220	0.01246	0.08232	0.06604	0.01544	0.01156	0.02252	0.03429	0.00196	0.05513	0.00501	0.00328	0.02453
14	0.02794	0.10516	0.15776	0.07111	0.07143	0.20696	0.04045	0.04888	0.08793	0.03595	0.04202	0.01453	0.01059	0.00605	0.00548	0.00161	0.03334	0.02248	0.00323	0.00711
15	0.39553	0.07895	0.05600	0.01083	0.07451	0.05094	0.00847	0.06751	0.04788	0.06247	0.05036	0.03463	0.01058	0.00589	0.00429	0.00160	0.00498	0.00427	0.00369	0.02662
16	0.07314	0.08754	0.21576	0.08953	0.11349	0.03402	0.06413	0.04427	0.05165	0.05434	0.03495	0.07170	0.01191	0.00649	0.00521	0.00170	0.00631	0.02334	0.00331	0.00719
17	0.03209	0.03530	0.24379	0.04324	0.18191	0.04786	0.01310	0.01670	0.07039	0.06183	0.09324	0.06149	0.01466	0.00693	0.00574	0.02466	0.00598	0.00559	0.00347	0.03200
18	0.03069	0.02297	0.05348	0.01061	0.05306	0.05728	0.05753	0.02902	0.07364	0.03915	0.08834	0.19309	0.17823	0.04912	0.00692	0.00194	0.00463	0.00888	0.00435	0.03706
19	0.08607	0.03552	0.10876	0.01453	0.13215	0.04737	0.05936	0.06619	0.06771	0.06957	0.09251	0.05419	0.01481	0.00837	0.04412	0.00200	0.03194	0.00564	0.02019	0.03900
20	0.09169	0.00996	0.01133	0.01106	0.07667	0.07210	0.03632	0.06652	0.02914	0.08330	0.10694	0.10606	0.10800	0.04680	0.00657	0.00185	0.00476	0.04615	0.00440	0.08038
21	0.03060	0.05789	0.07637	0.08105	0.07207	0.07775	0.06154	0.06301	0.04519	0.08764	0.06744	0.09348	0.04745	0.00739	0.00564	0.00165	0.02605	0.00623	0.04370	0.04787
22	0.08689	0.11950	0.17116	0.01321	0.09363	0.06443	0.01128	0.08265	0.07772	0.06585	0.03769	0.05759	0.01205	0.00645	0.00494	0.00158	0.00581	0.02534	0.00365	0.05857
23	0.01313	0.05686	0.15531	0.06575	0.10575	0.08069	0.06039	0.11702	0.07257	0.01898	0.05962	0.03793	0.03770	0.02342	0.00577	0.00168	0.00627	0.01671	0.00356	0.06089
24	0.09355	0.01293	0.09493	0.05596	0.13536	0.03875	0.04072	0.09354	0.06953	0.11008	0.06955	0.01855	0.02863	0.02205	0.00602	0.00175	0.02666	0.03442	0.00403	0.04299
25	0.01355	0.08756	0.07280	0.05201	0.19617	0.03017	0.05460	0.13380	0.03330	0.05588	0.08628	0.06054	0.02976	0.02555	0.00585	0.00168	0.00573	0.00585	0.00380	0.04512

[dist]
# distance from previous block
# <min> <max>
25	123

[block]
# block no. 8 follows, 45 sequences, length 26
# corresponding to MSA columns:
# 790-815
name=unknown_I
#
# <colnr> <probs for GDERKNQSTAVLIFYWHMCP>
#	G	D	E	R	K	N	Q	S	T	A	V	L	I	F	Y	W	H	M	C	P
0	0.09844	0.15138	0.28432	0.01104	0.01602	0.02836	0.02740	0.01619	0.01185	0.09669	0.08109	0.03958	0.04093	0.00694	0.01926	0.00169	0.00596	0.00498	0.00343	0.05446
1	0.03607	0.10692	0.23312	0.01305	0.05080	0.04260	0.07223	0.06459	0.01269	0.06674	0.03979	0.04761	0.05836	0.02867	0.00616	0.00174	0.02852	0.03373	0.00343	0.05319
2	0.04087	0.17389	0.37005	0.01268	0.04051	0.03035	0.01364	0.03729	0.04190	0.07534	0.02335	0.05448	0.02824	0.00610	0.00487	0.00158	0.00636	0.00477	0.00316	0.03056
3	0.07421	0.13060	0.25095	0.01296	0.06403	0.03026	0.05587	0.01637	0.01191	0.10758	0.06720	0.06219	0.01330	0.02119	0.02709	0.00187	0.00627	0.01555	0.00345	0.02714
4	0.11678	0.09323	0.37164	0.01156	0.01674	0.01136	0.01291	0.01646	0.02366	0.10319	0.03486	0.07870	0.01262	0.03181	0.00573	0.00182	0.00605	0.04036	0.00342	0.00706
5	0.01256	0.38023	0.20068	0.01095	0.02711	0.03268	0.01116	0.05172	0.03273	0.01596	0.08093	0.03201	0.04637	0.00702	0.02232	0.00162	0.01929	0.00471	0.00306	0.00691
6	0.14777	0.12142	0.15003	0.01053	0.01505	0.01180	0.05600	0.07650	0.02858	0.05892	0.05440	0.05072	0.03230	0.00610	0.00469	0.00148	0.00529	0.00488	0.00358	0.15995
7	0.11413	0.33886	0.15601	0.01115	0.01561	0.14024	0.03174	0.03400	0.01209	0.01601	0.03988	0.01333	0.00975	0.00568	0.00438	0.00146	0.00650	0.03959	0.00285	0.00673
8	0.22151	0.17029	0.09693	0.02662	0.07071	0.01319	0.03752	0.05426	0.04658	0.16350	0.01244	0.04373	0.00967	0.00585	0.00456	0.00159	0.00539	0.00451	0.00381	0.00735
9	0.01274	0.01220	0.02081	0.16515	0.64991	0.01261	0.01620	0.01600	0.01197	0.01688	0.01000	0.01346	0.00827	0.00488	0.00532	0.00163	0.00651	0.00478	0.00261	0.00806
10	0.01014	0.00954	0.01610	0.79845	0.03697	0.01193	0.01491	0.01371	0.01073	0.01371	0.00954	0.01431	0.00716	0.00537	0.00537	0.00179	0.00716	0.00477	0.00239	0.00596
11	0.28330	0.01086	0.04886	0.01162	0.10065	0.00994	0.00869	0.02055	0.01258	0.37056	0.01430	0.01390	0.00973	0.00567	0.00463	0.00160	0.00477	0.00433	0.00471	0.05874
12	0.00715	0.00558	0.00590	0.00575	0.00758	0.00472	0.00434	0.00867	0.01270	0.04379	0.13811	0.04906	0.66192	0.01303	0.00631	0.00179	0.00277	0.01092	0.00516	0.00477
13	0.01488	0.01404	0.01288	0.01149	0.01455	0.14010	0.00891	0.07262	0.59949	0.02164	0.01909	0.01790	0.01439	0.00695	0.00535	0.00174	0.00524	0.00557	0.00502	0.00817
14	0.00800	0.00604	0.00910	0.00964	0.04678	0.00688	0.00697	0.00976	0.00872	0.01252	0.01413	0.02119	0.01333	0.07237	0.69463	0.03320	0.01329	0.00576	0.00287	0.00483
15	0.01300	0.01560	0.11588	0.02056	0.02608	0.01318	0.59884	0.01820	0.05430	0.05165	0.01179	0.01459	0.00868	0.00484	0.00610	0.00179	0.00846	0.00601	0.00299	0.00747
16	0.00748	0.00580	0.00703	0.00764	0.00917	0.00535	0.00634	0.00939	0.01230	0.01527	0.04154	0.05606	0.40729	0.01420	0.00687	0.00214	0.00382	0.37261	0.00496	0.00473
17	0.02053	0.00982	0.02835	0.00968	0.01343	0.00884	0.00802	0.13836	0.01627	0.52928	0.04445	0.08399	0.04827	0.00784	0.00558	0.00170	0.00459	0.00647	0.00612	0.00840
18	0.01329	0.01275	0.02179	0.03295	0.77787	0.01275	0.01647	0.01647	0.01222	0.01754	0.01010	0.01329	0.00850	0.00478	0.00531	0.00159	0.00638	0.00478	0.00266	0.00850
19	0.02005	0.02558	0.01521	0.01383	0.01659	0.78980	0.01037	0.02143	0.01521	0.01314	0.00830	0.00968	0.00691	0.00553	0.00484	0.00138	0.00968	0.00346	0.00277	0.00622
20	0.01287	0.01233	0.02104	0.13409	0.67997	0.01264	0.01627	0.01611	0.01203	0.01703	0.01002	0.01342	0.00832	0.00486	0.00532	0.00162	0.00648	0.00478	0.00262	0.00817
21	0.84927	0.01038	0.00789	0.00706	0.01038	0.01204	0.00581	0.01578	0.00914	0.02408	0.00747	0.00872	0.00581	0.00498	0.00332	0.00166	0.00415	0.00291	0.00332	0.00581
22	0.00781	0.00540	0.00781	0.00833	0.00910	0.00500	0.04186	0.00898	0.01067	0.05622	0.02821	0.72564	0.03294	0.01566	0.00675	0.00213	0.00348	0.01428	0.00496	0.00476
23	0.01335	0.01115	0.01210	0.01082	0.01362	0.01288	0.00846	0.04891	0.63108	0.04459	0.02188	0.05125	0.03592	0.00789	0.00621	0.00185	0.04819	0.00643	0.00529	0.00812
24	0.01176	0.00950	0.01140	0.05066	0.01400	0.00773	0.00698	0.01491	0.05320	0.05743	0.03457	0.01306	0.00998	0.00459	0.00428	0.00098	0.00415	0.00374	0.00353	0.68356
25	0.01215	0.01133	0.01847	0.21582	0.32972	0.01305	0.03496	0.01489	0.01081	0.03630	0.00974	0.01370	0.00817	0.00776	0.04519	0.00216	0.20124	0.00486	0.00264	0.00704

[dist]
# distance from previous block
# <min> <max>
0	1

[block]
