[name]
unknown

[dist]
# distance from previous block
# <min> <max>
9	63

[block]
# block no. 0 follows, 53 sequences, length 6
# corresponding to MSA columns:
# 66-71
name=unknown_A
#
# <colnr> <probs for GDERKNQSTAVLIFYWHMCP>
#	G	D	E	R	K	N	Q	S	T	A	V	L	I	F	Y	W	H	M	C	P
0	0.04501	0.00568	0.00688	0.00677	0.00782	0.00557	0.00489	0.03948	0.00971	0.11787	0.02003	0.18509	0.04582	0.33696	0.01305	0.00294	0.00407	0.13402	0.00397	0.00436
1	0.17111	0.00569	0.00544	0.00525	0.00707	0.00538	0.00403	0.00849	0.01067	0.01527	0.12701	0.03746	0.56038	0.01036	0.00513	0.00158	0.00265	0.00848	0.00425	0.00431
2	0.01724	0.01079	0.01245	0.01002	0.01336	0.01136	0.00835	0.47024	0.01841	0.21813	0.01558	0.01968	0.01225	0.00702	0.00509	0.00157	0.00482	0.13112	0.00500	0.00751
3	0.00621	0.00477	0.00550	0.00548	0.00660	0.00426	0.00394	0.00761	0.01120	0.01463	0.30824	0.11817	0.36667	0.10610	0.00784	0.00196	0.00265	0.00956	0.00455	0.00406
4	0.01026	0.00644	0.00888	0.01065	0.16017	0.00630	0.00662	0.01207	0.01023	0.10843	0.04228	0.02599	0.01604	0.18708	0.00898	0.00218	0.00399	0.13181	0.23644	0.00514
5	0.01189	0.01130	0.01041	0.00944	0.01180	0.14299	0.00725	0.02121	0.51458	0.01846	0.16743	0.01974	0.01906	0.00686	0.00492	0.00153	0.00429	0.00564	0.00454	0.00664

[dist]
# distance from previous block
# <min> <max>
0	23

[block]
# block no. 1 follows, 53 sequences, length 28
# corresponding to MSA columns:
# 95-122
name=unknown_B
#
# <colnr> <probs for GDERKNQSTAVLIFYWHMCP>
#	G	D	E	R	K	N	Q	S	T	A	V	L	I	F	Y	W	H	M	C	P
0	0.01953	0.00805	0.01153	0.00893	0.01241	0.00703	0.04799	0.02145	0.01330	0.69215	0.04616	0.06180	0.01385	0.00645	0.00495	0.00151	0.00414	0.00547	0.00563	0.00768
1	0.00657	0.00441	0.00581	0.00658	0.00697	0.00420	0.00440	0.00738	0.00894	0.03956	0.02386	0.65095	0.02798	0.12492	0.05123	0.00259	0.00360	0.01194	0.00418	0.00392
2	0.00615	0.00445	0.00580	0.00658	0.00709	0.00409	0.00443	0.00706	0.00925	0.01251	0.05583	0.70942	0.03004	0.05740	0.00691	0.00200	0.00289	0.01244	0.00430	0.05136
3	0.36697	0.00904	0.00913	0.00757	0.01064	0.00952	0.00617	0.15401	0.01251	0.22919	0.01596	0.04361	0.09456	0.00626	0.00418	0.00150	0.00390	0.00468	0.00428	0.00632
4	0.00986	0.02301	0.72087	0.01311	0.01963	0.01092	0.01648	0.05741	0.01073	0.01581	0.00968	0.05353	0.00752	0.00516	0.00464	0.00153	0.00674	0.00411	0.00230	0.00695
5	0.86579	0.00924	0.00702	0.00629	0.00924	0.01072	0.00518	0.01405	0.00813	0.02144	0.00666	0.00776	0.00518	0.00444	0.00296	0.00148	0.00370	0.00259	0.00296	0.00518
6	0.00584	0.00446	0.00537	0.00596	0.00678	0.00399	0.00416	0.00693	0.01014	0.01304	0.09901	0.48512	0.30496	0.01352	0.00590	0.00179	0.00260	0.01193	0.00451	0.00399
7	0.01277	0.01070	0.01130	0.00990	0.01276	0.01230	0.00778	0.13172	0.68582	0.02141	0.01834	0.01694	0.01369	0.00638	0.00485	0.00160	0.00399	0.00525	0.00485	0.00764
8	0.00789	0.00441	0.00658	0.00658	0.00680	0.00463	0.00459	0.00684	0.00662	0.00904	0.00962	0.01601	0.00945	0.04029	0.22369	0.62122	0.00639	0.00447	0.00222	0.00266
9	0.00622	0.00457	0.00583	0.00613	0.00696	0.00418	0.00436	0.00773	0.01133	0.01539	0.37320	0.37182	0.14005	0.01228	0.00583	0.00170	0.00250	0.01092	0.00480	0.00418
10	0.00659	0.00478	0.00635	0.00737	0.00798	0.00465	0.00547	0.00831	0.04118	0.01310	0.02578	0.58181	0.02979	0.01414	0.00619	0.00200	0.00326	0.22264	0.00444	0.00417
11	0.00662	0.00483	0.00622	0.00597	0.00708	0.00443	0.00444	0.00870	0.01305	0.01825	0.69325	0.08890	0.09981	0.01029	0.00567	0.00154	0.00230	0.00908	0.00515	0.00443
12	0.00683	0.00512	0.00768	0.00768	0.00853	0.00597	0.00597	0.00853	0.00768	0.01110	0.01280	0.01878	0.01195	0.03585	0.81308	0.00768	0.01280	0.00512	0.00256	0.00427
13	0.00916	0.00864	0.01458	0.78187	0.07052	0.01066	0.01334	0.01233	0.00962	0.01238	0.00852	0.01270	0.00643	0.00475	0.00478	0.00158	0.00634	0.00425	0.00214	0.00542
14	0.01189	0.01027	0.01081	0.00973	0.01243	0.01189	0.00757	0.02540	0.79357	0.01999	0.01945	0.01783	0.01459	0.00648	0.00486	0.00162	0.00378	0.00540	0.00486	0.00757
15	0.01063	0.17964	0.60122	0.01268	0.01898	0.01252	0.04633	0.01523	0.01018	0.03845	0.00856	0.00993	0.00629	0.00448	0.00431	0.00142	0.00664	0.00347	0.00216	0.00689
16	0.06819	0.01109	0.01776	0.02549	0.64789	0.01159	0.01334	0.01499	0.05381	0.01594	0.00922	0.01179	0.00771	0.00470	0.00543	0.00148	0.06564	0.00421	0.00252	0.00724
17	0.00683	0.00510	0.00756	0.00756	0.00837	0.00591	0.00582	0.00846	0.00765	0.01101	0.01291	0.01939	0.01221	0.07486	0.77444	0.00753	0.01240	0.00521	0.00258	0.00420
18	0.01137	0.01181	0.02281	0.02439	0.42843	0.01143	0.35709	0.01468	0.01106	0.01538	0.01067	0.01350	0.03516	0.00443	0.00517	0.00151	0.00662	0.00508	0.00246	0.00695
19	0.01091	0.01028	0.01724	0.34242	0.47329	0.01117	0.01395	0.03717	0.01071	0.01471	0.00887	0.01218	0.00711	0.00451	0.00475	0.00149	0.00594	0.00426	0.00234	0.00669
20	0.00582	0.00416	0.00555	0.00666	0.00693	0.00388	0.00444	0.00666	0.00915	0.01220	0.02634	0.82891	0.03161	0.01497	0.00610	0.00194	0.00277	0.01359	0.00444	0.00388
21	0.01230	0.01151	0.01903	0.02799	0.74423	0.01161	0.01426	0.07148	0.01174	0.01668	0.00917	0.01180	0.00761	0.00437	0.00474	0.00142	0.00565	0.00426	0.00254	0.00761
22	0.05840	0.06317	0.01158	0.00845	0.01178	0.00889	0.00698	0.08735	0.09287	0.48548	0.09938	0.01709	0.01461	0.00617	0.00469	0.00146	0.00400	0.00497	0.00524	0.00742
23	0.00940	0.02341	0.75432	0.01312	0.01979	0.01066	0.01679	0.01473	0.01032	0.01540	0.06088	0.01178	0.00864	0.00489	0.00461	0.00151	0.00675	0.00387	0.00223	0.00689
24	0.00665	0.00488	0.00623	0.00589	0.00707	0.00446	0.00442	0.00880	0.01326	0.01853	0.72310	0.03675	0.12208	0.01001	0.00564	0.00151	0.00227	0.00879	0.00518	0.00446
25	0.00983	0.08753	0.74662	0.01320	0.02003	0.01171	0.01692	0.01507	0.01006	0.01483	0.00843	0.00990	0.00606	0.00451	0.00443	0.00148	0.00691	0.00346	0.00202	0.00699
26	0.01122	0.01074	0.01830	0.20075	0.63554	0.01120	0.01437	0.01414	0.01060	0.01488	0.00888	0.01203	0.00731	0.00437	0.00474	0.00146	0.00583	0.00426	0.00231	0.00708
27	0.01181	0.03645	0.02704	0.01924	0.02388	0.07124	0.70618	0.01556	0.01140	0.01493	0.00942	0.01243	0.00714	0.00410	0.00547	0.00157	0.00802	0.00537	0.00241	0.00637

[dist]
# distance from previous block
# <min> <max>
0	3

[block]
# block no. 2 follows, 53 sequences, length 9
# corresponding to MSA columns:
# 126-134
name=unknown_C
#
# <colnr> <probs for GDERKNQSTAVLIFYWHMCP>
#	G	D	E	R	K	N	Q	S	T	A	V	L	I	F	Y	W	H	M	C	P
0	0.00601	0.00430	0.00575	0.00676	0.00715	0.00403	0.00467	0.00703	0.00955	0.01278	0.07449	0.72568	0.03217	0.01453	0.00611	0.00193	0.00285	0.06576	0.00449	0.00396
1	0.00959	0.02472	0.80726	0.01362	0.02069	0.01110	0.01766	0.01514	0.01009	0.01514	0.00858	0.01009	0.00605	0.00454	0.00454	0.00151	0.00706	0.00353	0.00202	0.00706
2	0.01124	0.01075	0.01833	0.19679	0.63940	0.01120	0.01437	0.01415	0.01060	0.01489	0.00889	0.01202	0.00732	0.00437	0.00474	0.00146	0.00582	0.00426	0.00231	0.00709
3	0.01092	0.00990	0.01661	0.29769	0.39160	0.01056	0.05105	0.01419	0.03897	0.04944	0.01186	0.01451	0.05167	0.00502	0.00485	0.00151	0.00571	0.00471	0.00265	0.00657
4	0.01183	0.01136	0.01940	0.02934	0.80221	0.01136	0.01467	0.01467	0.01088	0.01562	0.00899	0.01183	0.00757	0.00426	0.00473	0.00142	0.00568	0.00426	0.00237	0.00757
5	0.00959	0.02472	0.80726	0.01362	0.02069	0.01110	0.01766	0.01514	0.01009	0.01514	0.00858	0.01009	0.00605	0.00454	0.00454	0.00151	0.00706	0.00353	0.00202	0.00706
6	0.05255	0.00984	0.01019	0.00882	0.01154	0.07629	0.00692	0.06257	0.29845	0.23020	0.06440	0.06918	0.06385	0.00713	0.00488	0.00155	0.00411	0.00585	0.00483	0.00685
7	0.08950	0.00718	0.00876	0.00802	0.00913	0.00834	0.00634	0.02766	0.00969	0.04928	0.06840	0.14461	0.20482	0.01043	0.03103	0.00192	0.25170	0.00722	0.05115	0.00481
8	0.49001	0.01074	0.04458	0.00796	0.01107	0.04129	0.00670	0.06007	0.18785	0.05948	0.01164	0.01181	0.02870	0.00527	0.00378	0.00150	0.00413	0.00369	0.00362	0.00610

[dist]
# distance from previous block
# <min> <max>
0	54

[block]
# block no. 3 follows, 53 sequences, length 95
# corresponding to MSA columns:
# 189-212,214-277,279-285
name=unknown_D
#
# <colnr> <probs for GDERKNQSTAVLIFYWHMCP>
#	G	D	E	R	K	N	Q	S	T	A	V	L	I	F	Y	W	H	M	C	P
0	0.27063	0.44546	0.01845	0.00866	0.01225	0.05791	0.06494	0.01433	0.00959	0.01481	0.02264	0.00894	0.00683	0.00507	0.02171	0.00138	0.00521	0.00300	0.00245	0.00576
1	0.04088	0.01027	0.01640	0.25856	0.44781	0.01108	0.01299	0.04484	0.05654	0.01575	0.03285	0.01300	0.00868	0.00477	0.00472	0.00149	0.00558	0.00440	0.00264	0.00675
2	0.09590	0.01322	0.02070	0.01551	0.01944	0.11605	0.43538	0.05613	0.04946	0.08800	0.01036	0.01223	0.00769	0.00471	0.00538	0.00154	0.03401	0.00481	0.00302	0.00646
3	0.01161	0.01216	0.02312	0.01793	0.06650	0.03554	0.51748	0.04647	0.01138	0.03363	0.04339	0.03149	0.00941	0.00522	0.00679	0.00164	0.11167	0.00553	0.00272	0.00630
4	0.01167	0.01119	0.01911	0.07544	0.75739	0.01131	0.01459	0.01453	0.01081	0.01542	0.00896	0.01188	0.00750	0.00429	0.00473	0.00143	0.00572	0.00426	0.00235	0.00744
5	0.01158	0.01110	0.01894	0.10079	0.73273	0.01129	0.01454	0.01445	0.01076	0.01531	0.00895	0.01191	0.00746	0.00431	0.00474	0.00144	0.00574	0.00426	0.00234	0.00737
6	0.01168	0.01120	0.01913	0.07175	0.76098	0.01132	0.01459	0.01454	0.01081	0.01543	0.00896	0.01188	0.00751	0.00429	0.00473	0.00143	0.00572	0.00426	0.00235	0.00745
7	0.00573	0.00468	0.00510	0.00538	0.00664	0.00405	0.00390	0.00686	0.01036	0.01268	0.04185	0.24070	0.58501	0.01352	0.02964	0.00188	0.00282	0.01081	0.00438	0.00400
8	0.00966	0.04270	0.78990	0.01350	0.02050	0.01127	0.01745	0.01512	0.01008	0.01505	0.00853	0.01004	0.00606	0.00453	0.00451	0.00150	0.00702	0.00351	0.00202	0.00704
9	0.00907	0.00848	0.01425	0.71638	0.09038	0.01031	0.01291	0.01210	0.00964	0.01247	0.00949	0.05642	0.00782	0.00529	0.00485	0.00160	0.00613	0.00475	0.00227	0.00541
10	0.01062	0.12962	0.27283	0.01538	0.02054	0.01215	0.37660	0.01465	0.01085	0.01498	0.06763	0.01298	0.00953	0.00463	0.00494	0.00149	0.00690	0.00477	0.00245	0.00645
11	0.00959	0.02472	0.80726	0.01362	0.02069	0.01110	0.01766	0.01514	0.01009	0.01514	0.00858	0.01009	0.00605	0.00454	0.00454	0.00151	0.00706	0.00353	0.00202	0.00706
12	0.00959	0.02472	0.80726	0.01362	0.02069	0.01110	0.01766	0.01514	0.01009	0.01514	0.00858	0.01009	0.00605	0.00454	0.00454	0.00151	0.00706	0.00353	0.00202	0.00706
13	0.01099	0.01062	0.01845	0.25769	0.53438	0.01119	0.05914	0.01400	0.01052	0.01461	0.00889	0.01216	0.00721	0.00440	0.00480	0.00148	0.00602	0.00434	0.00230	0.00685
14	0.00582	0.00416	0.00555	0.00666	0.00693	0.00388	0.00444	0.00666	0.00915	0.01220	0.02634	0.82891	0.03161	0.01497	0.00610	0.00194	0.00277	0.01359	0.00444	0.00388
15	0.01171	0.01124	0.01919	0.06202	0.77043	0.01133	0.01461	0.01457	0.01083	0.01547	0.00897	0.01187	0.00752	0.00428	0.00473	0.00143	0.00571	0.00426	0.00236	0.00748
16	0.01706	0.02082	0.01347	0.01204	0.01461	0.68118	0.02331	0.06030	0.06823	0.01336	0.00942	0.01034	0.02487	0.00522	0.00443	0.00129	0.00795	0.00351	0.00280	0.00580
17	0.01653	0.02066	0.01384	0.01237	0.01469	0.68864	0.03973	0.01789	0.01276	0.01179	0.00773	0.00948	0.00654	0.00689	0.05213	0.00167	0.05536	0.00336	0.00245	0.00548
18	0.01787	0.02219	0.01359	0.01223	0.01478	0.76279	0.00923	0.06720	0.01410	0.01285	0.00764	0.00880	0.00628	0.00498	0.00434	0.00124	0.00841	0.00316	0.00261	0.00570
19	0.00919	0.00866	0.01463	0.77444	0.07774	0.01066	0.01336	0.01236	0.00963	0.01241	0.00852	0.01269	0.00644	0.00475	0.00478	0.00158	0.00633	0.00425	0.00214	0.00544
20	0.01270	0.81482	0.04443	0.00831	0.01248	0.01872	0.00841	0.01433	0.00972	0.01134	0.00669	0.00773	0.00613	0.00410	0.00310	0.00103	0.00516	0.00258	0.00204	0.00616
21	0.00582	0.00418	0.00553	0.00661	0.00692	0.00389	0.00442	0.00666	0.00919	0.01222	0.02689	0.80950	0.05066	0.01490	0.00609	0.00193	0.00276	0.01350	0.00444	0.00389
22	0.01816	0.01378	0.01431	0.01105	0.01482	0.04779	0.00909	0.75458	0.02210	0.02936	0.01131	0.01136	0.00805	0.00570	0.00476	0.00143	0.00540	0.00425	0.00469	0.00802
23	0.00765	0.00504	0.00679	0.00757	0.00838	0.00488	0.00590	0.00907	0.00999	0.05535	0.02420	0.34077	0.02707	0.10583	0.00832	0.00234	0.00380	0.35851	0.00433	0.00424
24	0.00676	0.00489	0.00639	0.00601	0.00714	0.00451	0.00451	0.00902	0.01353	0.01917	0.79969	0.03570	0.04510	0.00977	0.00564	0.00150	0.00225	0.00864	0.00526	0.00451
25	0.01106	0.01057	0.01801	0.24669	0.59088	0.01115	0.01429	0.01399	0.01052	0.01468	0.00885	0.01208	0.00724	0.00440	0.00474	0.00147	0.00587	0.00426	0.00230	0.00695
26	0.00770	0.00550	0.00770	0.00880	0.00990	0.00550	0.00770	0.00990	0.01100	0.01430	0.02531	0.05391	0.02751	0.01320	0.00660	0.00220	0.00440	0.77004	0.00440	0.00440
27	0.01183	0.01136	0.01940	0.02934	0.80221	0.01136	0.01467	0.01467	0.01088	0.01562	0.00899	0.01183	0.00757	0.00426	0.00473	0.00142	0.00568	0.00426	0.00237	0.00757
28	0.01804	0.01333	0.01427	0.01097	0.01477	0.01476	0.00905	0.77116	0.03779	0.02992	0.01163	0.01160	0.00826	0.00575	0.00478	0.00144	0.00523	0.00433	0.00478	0.00812
29	0.00763	0.00548	0.00760	0.00866	0.00978	0.00545	0.00756	0.00980	0.01100	0.01426	0.02611	0.05364	0.05445	0.01317	0.00657	0.00218	0.00433	0.74354	0.00440	0.00439
30	0.00686	0.00465	0.00527	0.00528	0.00541	0.00459	0.00305	0.00706	0.00754	0.01006	0.06236	0.04982	0.05066	0.73315	0.02209	0.00427	0.00437	0.00732	0.00313	0.00306
31	0.01950	0.00774	0.01046	0.00825	0.01156	0.00678	0.00670	0.02147	0.02693	0.69850	0.05050	0.06471	0.01447	0.02275	0.00530	0.00157	0.00393	0.00552	0.00573	0.00763
32	0.00617	0.00529	0.00534	0.00525	0.00695	0.00469	0.00396	0.00840	0.07603	0.01350	0.04601	0.04365	0.73488	0.01164	0.00558	0.00161	0.00253	0.00970	0.00447	0.00433
33	0.83197	0.00920	0.00719	0.00637	0.00936	0.01057	0.00525	0.01442	0.00836	0.05284	0.00714	0.00810	0.00544	0.00450	0.00303	0.00148	0.00371	0.00268	0.00308	0.00529
34	0.00685	0.00462	0.00527	0.00532	0.00542	0.00457	0.00307	0.00702	0.00744	0.00993	0.04890	0.07827	0.03738	0.73157	0.02206	0.00428	0.00438	0.00748	0.00312	0.00305
35	0.01542	0.00733	0.00888	0.00743	0.01008	0.00710	0.00593	0.01961	0.16085	0.39467	0.03594	0.01749	0.01325	0.00601	0.00438	0.00139	0.00340	0.00490	0.26914	0.00681
36	0.00695	0.00463	0.00521	0.00521	0.00521	0.00463	0.00290	0.00695	0.00695	0.00927	0.01506	0.03128	0.01738	0.83203	0.02433	0.00463	0.00463	0.00695	0.00290	0.00290
37	0.01189	0.01027	0.01081	0.00973	0.01243	0.01189	0.00757	0.02540	0.79357	0.01999	0.01945	0.01783	0.01459	0.00648	0.00486	0.00162	0.00378	0.00540	0.00486	0.00757
38	0.02131	0.00834	0.01122	0.00860	0.01231	0.00734	0.00711	0.05385	0.01403	0.77447	0.01856	0.01608	0.01168	0.00591	0.00481	0.00148	0.00411	0.00479	0.00587	0.00813
39	0.00582	0.00416	0.00555	0.00666	0.00693	0.00388	0.00444	0.00666	0.00915	0.01220	0.02634	0.82891	0.03161	0.01497	0.00610	0.00194	0.00277	0.01359	0.00444	0.00388
40	0.00645	0.00463	0.00624	0.00731	0.00791	0.00443	0.00550	0.00775	0.00983	0.01293	0.02677	0.54208	0.05704	0.01428	0.00625	0.00202	0.00331	0.26679	0.00442	0.00406
41	0.39580	0.01154	0.01108	0.00890	0.01234	0.01300	0.00734	0.44224	0.01608	0.02626	0.00933	0.00982	0.00681	0.00516	0.00397	0.00145	0.00456	0.00354	0.00397	0.00681
42	0.00808	0.00583	0.00781	0.00870	0.00992	0.00596	0.00751	0.01117	0.07231	0.01490	0.02445	0.04959	0.02586	0.01236	0.00633	0.00211	0.00426	0.67847	0.03973	0.00465
43	0.00689	0.00461	0.00523	0.00529	0.00531	0.00459	0.00298	0.00693	0.00707	0.00942	0.01566	0.07403	0.01814	0.78823	0.02335	0.00449	0.00453	0.00731	0.00298	0.00295
44	0.01788	0.02206	0.01361	0.01221	0.01478	0.75169	0.00922	0.07787	0.01423	0.01311	0.00770	0.00884	0.00631	0.00499	0.00435	0.00125	0.00836	0.00317	0.00264	0.00574
45	0.01777	0.01423	0.01405	0.01107	0.01468	0.10191	0.00901	0.65805	0.06642	0.02752	0.01149	0.01153	0.00829	0.00569	0.00473	0.00142	0.00554	0.00423	0.00453	0.00781
46	0.00571	0.00484	0.00492	0.00490	0.00649	0.00406	0.00368	0.00698	0.01104	0.01325	0.08869	0.04545	0.75979	0.01198	0.00565	0.00161	0.00241	0.01001	0.00448	0.00406
47	0.00695	0.00463	0.00521	0.00521	0.00521	0.00463	0.00290	0.00695	0.00695	0.00927	0.01506	0.03128	0.01738	0.83203	0.02433	0.00463	0.00463	0.00695	0.00290	0.00290
48	0.01261	0.79148	0.06697	0.00847	0.01272	0.01849	0.00869	0.01436	0.00973	0.01145	0.00675	0.00780	0.00613	0.00411	0.00315	0.00105	0.00522	0.00261	0.00204	0.00618
49	0.86579	0.00924	0.00702	0.00629	0.00924	0.01072	0.00518	0.01405	0.00813	0.02144	0.00666	0.00776	0.00518	0.00444	0.00296	0.00148	0.00370	0.00259	0.00296	0.00518
50	0.00919	0.00866	0.01463	0.77413	0.07804	0.01066	0.01336	0.01236	0.00963	0.01241	0.00852	0.01269	0.00644	0.00475	0.00478	0.00158	0.00633	0.00425	0.00214	0.00544
51	0.00662	0.00488	0.00618	0.00586	0.00705	0.00445	0.00439	0.00873	0.01318	0.01834	0.70042	0.03706	0.14488	0.01008	0.00564	0.00152	0.00228	0.00883	0.00515	0.00445
52	0.00676	0.00489	0.00639	0.00601	0.00714	0.00451	0.00451	0.00902	0.01353	0.01917	0.79969	0.03570	0.04510	0.00977	0.00564	0.00150	0.00225	0.00864	0.00526	0.00451
53	0.02144	0.00813	0.01109	0.00850	0.01220	0.00702	0.00702	0.02329	0.01368	0.80552	0.01886	0.01627	0.01183	0.00592	0.00481	0.00148	0.00407	0.00481	0.00592	0.00813
54	0.01120	0.01091	0.01917	0.19249	0.57067	0.01127	0.08580	0.01422	0.01065	0.01488	0.00895	0.01212	0.00729	0.00435	0.00483	0.00147	0.00604	0.00438	0.00232	0.00700
55	0.00587	0.00419	0.00559	0.00670	0.00700	0.00392	0.00451	0.00673	0.00919	0.01225	0.02632	0.81167	0.03152	0.01493	0.00611	0.00195	0.00281	0.03041	0.00444	0.00389
56	0.00991	0.00850	0.00991	0.00708	0.01133	0.00637	0.00566	0.01203	0.00991	0.01557	0.00850	0.00991	0.00708	0.00354	0.00354	0.00071	0.00354	0.00283	0.00283	0.86124
57	0.00695	0.00463	0.00521	0.00521	0.00521	0.00463	0.00290	0.00695	0.00695	0.00927	0.01506	0.03128	0.01738	0.83203	0.02433	0.00463	0.00463	0.00695	0.00290	0.00290
58	0.00871	0.00752	0.03587	0.00762	0.00951	0.00738	0.00610	0.04437	0.23773	0.01854	0.38080	0.05856	0.10465	0.00928	0.01612	0.00166	0.01463	0.02057	0.00481	0.00556
59	0.00991	0.00850	0.00991	0.00708	0.01133	0.00637	0.00566	0.01203	0.00991	0.01557	0.00850	0.00991	0.00708	0.00354	0.00354	0.00071	0.00354	0.00283	0.00283	0.86124
60	0.00601	0.00482	0.00548	0.00572	0.00674	0.00442	0.00409	0.00705	0.01005	0.01260	0.06574	0.27648	0.45564	0.07547	0.00756	0.00195	0.03131	0.01063	0.00427	0.00396
61	0.12443	0.01240	0.01305	0.01017	0.01380	0.01370	0.00838	0.62712	0.03327	0.06065	0.02918	0.01186	0.00886	0.00569	0.00457	0.00145	0.00492	0.00423	0.00461	0.00767
62	0.00749	0.00442	0.00636	0.00650	0.00682	0.00452	0.00453	0.00684	0.00720	0.00969	0.01400	0.11834	0.05832	0.03687	0.19213	0.49869	0.00580	0.00593	0.00263	0.00291
63	0.00587	0.00463	0.00516	0.00546	0.00653	0.00407	0.00385	0.00693	0.01023	0.01278	0.08289	0.26796	0.47366	0.07903	0.00729	0.00195	0.00269	0.01075	0.00436	0.00393
64	0.01120	0.01266	0.02689	0.01941	0.02377	0.01233	0.70972	0.01494	0.01090	0.01494	0.00934	0.01266	0.00716	0.00445	0.00662	0.00166	0.08715	0.00550	0.00239	0.00633
65	0.84071	0.00964	0.00722	0.00646	0.00941	0.03444	0.00530	0.01420	0.00829	0.02116	0.00668	0.00779	0.00521	0.00445	0.00300	0.00147	0.00384	0.00260	0.00294	0.00519
66	0.00578	0.00432	0.00538	0.00624	0.00682	0.00392	0.00425	0.00670	0.00955	0.01236	0.03143	0.64847	0.20877	0.01431	0.00600	0.00187	0.00269	0.01278	0.00444	0.00392
67	0.01817	0.01339	0.01434	0.01100	0.01482	0.01482	0.00908	0.78627	0.02247	0.03012	0.01148	0.01148	0.00813	0.00574	0.00478	0.00143	0.00526	0.00430	0.00478	0.00813
68	0.01046	0.01046	0.01464	0.01255	0.01255	0.01464	0.01046	0.01150	0.00732	0.01150	0.00627	0.01046	0.00627	0.00837	0.01569	0.00209	0.82328	0.00418	0.00209	0.00523
69	0.00903	0.00850	0.01434	0.82054	0.03292	0.01062	0.01327	0.01221	0.00956	0.01221	0.00850	0.01274	0.00637	0.00478	0.00478	0.00159	0.00637	0.00425	0.00212	0.00531
70	0.08044	0.02160	0.01308	0.01184	0.01437	0.73864	0.00893	0.03313	0.01331	0.01276	0.00741	0.00861	0.00612	0.00490	0.00422	0.00125	0.00819	0.00307	0.00254	0.00556
71	0.00581	0.00420	0.00551	0.00655	0.00691	0.00389	0.00439	0.00667	0.00925	0.01224	0.02757	0.78547	0.07426	0.01482	0.00608	0.00192	0.00275	0.01339	0.00444	0.00389
72	0.05445	0.00723	0.00884	0.04004	0.01097	0.00711	0.00660	0.09415	0.03697	0.08028	0.01926	0.23699	0.04029	0.00953	0.00539	0.00164	0.01549	0.16958	0.00413	0.15107
73	0.86579	0.00924	0.00702	0.00629	0.00924	0.01072	0.00518	0.01405	0.00813	0.02144	0.00666	0.00776	0.00518	0.00444	0.00296	0.00148	0.00370	0.00259	0.00296	0.00518
74	0.01216	0.34215	0.32878	0.01114	0.01617	0.08948	0.02726	0.04912	0.05647	0.01422	0.00849	0.00956	0.00671	0.00455	0.00399	0.00130	0.00619	0.00329	0.00236	0.00662
75	0.01278	0.83490	0.02505	0.00818	0.01227	0.01891	0.00818	0.01431	0.00971	0.01125	0.00664	0.00767	0.00613	0.00409	0.00307	0.00102	0.00511	0.00256	0.00204	0.00613
76	0.00711	0.00521	0.00714	0.00716	0.00787	0.00581	0.00531	0.00884	0.03791	0.01113	0.01439	0.02415	0.01442	0.24757	0.52283	0.00631	0.00977	0.05019	0.00285	0.00403
77	0.01211	0.01028	0.01092	0.00974	0.01244	0.01187	0.00761	0.07343	0.71636	0.02033	0.01871	0.01746	0.01408	0.00748	0.03358	0.00182	0.00420	0.00532	0.00478	0.00748
78	0.01204	0.64618	0.20725	0.00945	0.01423	0.01709	0.01039	0.01450	0.00980	0.01215	0.00710	0.00823	0.00612	0.00419	0.00341	0.00114	0.00557	0.00278	0.00204	0.00635
79	0.00928	0.00481	0.00485	0.00472	0.00594	0.00487	0.00357	0.04218	0.01052	0.01831	0.01543	0.01757	0.01209	0.00558	0.00340	0.00113	0.00235	0.00445	0.82437	0.00460
80	0.01817	0.01339	0.01434	0.01100	0.01482	0.01482	0.00908	0.78627	0.02247	0.03012	0.01148	0.01148	0.00813	0.00574	0.00478	0.00143	0.00526	0.00430	0.00478	0.00813
81	0.00695	0.00463	0.00521	0.00521	0.00521	0.00463	0.00290	0.00695	0.00695	0.00927	0.01506	0.03128	0.01738	0.83203	0.02433	0.00463	0.00463	0.00695	0.00290	0.00290
82	0.00565	0.00483	0.00485	0.00488	0.00646	0.00403	0.00365	0.00686	0.01086	0.01290	0.04802	0.06031	0.78622	0.01216	0.00566	0.00162	0.00243	0.01015	0.00444	0.00403
83	0.00695	0.00463	0.00521	0.00521	0.00521	0.00463	0.00290	0.00695	0.00695	0.00927	0.01506	0.03128	0.01738	0.83203	0.02433	0.00463	0.00463	0.00695	0.00290	0.00290
84	0.00587	0.00418	0.00553	0.00660	0.00686	0.00391	0.00438	0.00667	0.00906	0.01209	0.02590	0.79742	0.03105	0.04722	0.00682	0.00205	0.00285	0.01333	0.00438	0.00384
85	0.00683	0.00512	0.00768	0.00768	0.00853	0.00597	0.00597	0.00853	0.00768	0.01110	0.01280	0.01878	0.01195	0.03585	0.81308	0.00768	0.01280	0.00512	0.00256	0.00427
86	0.00567	0.00484	0.00485	0.00485	0.00643	0.00405	0.00362	0.00686	0.01082	0.01284	0.04777	0.04571	0.78498	0.02812	0.00601	0.00167	0.00246	0.01003	0.00441	0.00401
87	0.00582	0.00419	0.00552	0.00658	0.00691	0.00389	0.00441	0.00666	0.00922	0.01223	0.02721	0.79800	0.06195	0.01486	0.00608	0.00193	0.00276	0.01345	0.00444	0.00389
88	0.00929	0.00482	0.00486	0.00473	0.00595	0.00488	0.00358	0.04316	0.01054	0.01833	0.01542	0.01756	0.01208	0.00558	0.00340	0.00113	0.00235	0.00445	0.82329	0.00461
89	0.01189	0.01027	0.01081	0.00973	0.01243	0.01189	0.00757	0.02540	0.79357	0.01999	0.01945	0.01783	0.01459	0.00648	0.00486	0.00162	0.00378	0.00540	0.00486	0.00757
90	0.00770	0.00550	0.00770	0.00880	0.00990	0.00550	0.00770	0.00990	0.01100	0.01430	0.02531	0.05391	0.02751	0.01320	0.00660	0.00220	0.00440	0.77004	0.00440	0.00440
91	0.01841	0.01300	0.01410	0.01081	0.01463	0.01424	0.00893	0.72955	0.02182	0.08776	0.01202	0.01183	0.00840	0.00575	0.00478	0.00144	0.00517	0.00434	0.00487	0.00813
92	0.00572	0.00484	0.00494	0.00492	0.00650	0.00407	0.00369	0.00700	0.01106	0.01331	0.09683	0.04533	0.75161	0.01195	0.00565	0.00161	0.00241	0.00999	0.00449	0.00407
93	0.00903	0.00850	0.01434	0.82054	0.03292	0.01062	0.01327	0.01221	0.00956	0.01221	0.00850	0.01274	0.00637	0.00478	0.00478	0.00159	0.00637	0.00425	0.00212	0.00531
94	0.01118	0.01358	0.07359	0.01977	0.02473	0.01203	0.74015	0.01530	0.01121	0.01530	0.00961	0.01273	0.00718	0.00406	0.00558	0.00161	0.00800	0.00552	0.00239	0.00648

[dist]
# distance from previous block
# <min> <max>
0	3

[block]
# block no. 4 follows, 53 sequences, length 18
# corresponding to MSA columns:
# 289-306
name=unknown_E
#
# <colnr> <probs for GDERKNQSTAVLIFYWHMCP>
#	G	D	E	R	K	N	Q	S	T	A	V	L	I	F	Y	W	H	M	C	P
0	0.01785	0.02278	0.01354	0.01231	0.01478	0.81284	0.00924	0.01909	0.01354	0.01170	0.00739	0.00862	0.00616	0.00493	0.00431	0.00123	0.00862	0.00308	0.00246	0.00554
1	0.00603	0.00499	0.00532	0.00539	0.00683	0.00439	0.00398	0.00780	0.04449	0.01363	0.10537	0.14904	0.60188	0.01206	0.00567	0.00165	0.00251	0.01024	0.00452	0.00420
2	0.01128	0.01289	0.02820	0.02015	0.02498	0.01209	0.78485	0.01531	0.01128	0.01531	0.00967	0.01289	0.00725	0.00403	0.00564	0.00161	0.00806	0.00564	0.00242	0.00645
3	0.01183	0.01136	0.01940	0.02934	0.80221	0.01136	0.01467	0.01467	0.01088	0.01562	0.00899	0.01183	0.00757	0.00426	0.00473	0.00142	0.00568	0.00426	0.00237	0.00757
4	0.00686	0.00475	0.00624	0.00704	0.00784	0.00445	0.00528	0.00817	0.01011	0.04094	0.04727	0.48345	0.12450	0.01372	0.00612	0.00194	0.00319	0.20944	0.00450	0.00420
5	0.00806	0.00578	0.00725	0.00825	0.00881	0.00528	0.00574	0.00857	0.01061	0.01429	0.02756	0.70366	0.03212	0.01568	0.00692	0.00230	0.00367	0.11545	0.00502	0.00497
6	0.86579	0.00924	0.00702	0.00629	0.00924	0.01072	0.00518	0.01405	0.00813	0.02144	0.00666	0.00776	0.00518	0.00444	0.00296	0.00148	0.00370	0.00259	0.00296	0.00518
7	0.00662	0.00454	0.00546	0.00571	0.00594	0.00441	0.00353	0.00715	0.00843	0.01139	0.12343	0.24755	0.02495	0.50073	0.01689	0.00349	0.00381	0.00897	0.00363	0.00338
8	0.13384	0.00824	0.01039	0.00826	0.01171	0.00762	0.00683	0.02154	0.04016	0.63797	0.01752	0.01684	0.01172	0.00606	0.00464	0.00152	0.00402	0.03815	0.00542	0.00755
9	0.00949	0.00801	0.00944	0.00694	0.01077	0.00612	0.00551	0.01163	0.01040	0.01606	0.11469	0.01337	0.01218	0.00438	0.00382	0.00081	0.00337	0.00361	0.00316	0.74625
10	0.01817	0.01339	0.01434	0.01100	0.01482	0.01482	0.00908	0.78627	0.02247	0.03012	0.01148	0.01148	0.00813	0.00574	0.00478	0.00143	0.00526	0.00430	0.00478	0.00813
11	0.00903	0.00850	0.01434	0.82054	0.03292	0.01062	0.01327	0.01221	0.00956	0.01221	0.00850	0.01274	0.00637	0.00478	0.00478	0.00159	0.00637	0.00425	0.00212	0.00531
12	0.01903	0.00945	0.01160	0.00917	0.01270	0.00931	0.00748	0.15493	0.16625	0.52001	0.01770	0.01575	0.01173	0.00600	0.00481	0.00150	0.00422	0.00484	0.00552	0.00802
13	0.01840	0.00746	0.01012	0.00799	0.01115	0.00650	0.00650	0.02034	0.01365	0.64256	0.18067	0.02030	0.01873	0.00671	0.00498	0.00148	0.00369	0.00560	0.00578	0.00738
14	0.01688	0.01373	0.01317	0.01073	0.01407	0.13624	0.00861	0.43726	0.20064	0.07913	0.01323	0.01286	0.00959	0.00580	0.00473	0.00145	0.00535	0.00441	0.00452	0.00760
15	0.01181	0.01142	0.01975	0.02897	0.77136	0.01139	0.04524	0.01469	0.01090	0.01560	0.00902	0.01187	0.00756	0.00425	0.00477	0.00143	0.00577	0.00431	0.00237	0.00753
16	0.01119	0.01153	0.02251	0.01667	0.02049	0.03869	0.55613	0.03055	0.01140	0.04984	0.04001	0.12313	0.01201	0.00596	0.00584	0.00164	0.02671	0.00662	0.00299	0.00608
17	0.39295	0.01002	0.01017	0.00819	0.01160	0.01073	0.00676	0.22256	0.01358	0.25307	0.01151	0.01124	0.00791	0.00522	0.00398	0.00147	0.00422	0.00369	0.00431	0.00683

[dist]
# distance from previous block
# <min> <max>
1	2

[block]
# block no. 5 follows, 53 sequences, length 6
# corresponding to MSA columns:
# 309-314
name=unknown_F
#
# <colnr> <probs for GDERKNQSTAVLIFYWHMCP>
#	G	D	E	R	K	N	Q	S	T	A	V	L	I	F	Y	W	H	M	C	P
0	0.06827	0.00484	0.00569	0.00628	0.00695	0.00470	0.00436	0.00758	0.00902	0.01254	0.02544	0.42509	0.13009	0.18507	0.00968	0.00245	0.00333	0.08076	0.00400	0.00384
1	0.00717	0.00496	0.00584	0.00595	0.00629	0.00500	0.00374	0.00839	0.06753	0.01125	0.06849	0.18679	0.02124	0.50529	0.01769	0.05533	0.00402	0.00808	0.00345	0.00350
2	0.42683	0.00950	0.00915	0.00760	0.01066	0.01027	0.00612	0.14744	0.06757	0.11978	0.01067	0.01205	0.00821	0.06465	0.00522	0.00165	0.00407	0.00369	0.00376	0.07109
3	0.01129	0.00952	0.01313	0.00962	0.01377	0.00813	0.12931	0.04498	0.07973	0.06178	0.01036	0.01151	0.00808	0.00410	0.00411	0.00100	0.00437	0.00367	0.00320	0.56835
4	0.04207	0.01015	0.01299	0.00962	0.01369	0.04026	0.11440	0.07797	0.04580	0.07786	0.01007	0.01116	0.00778	0.00419	0.00410	0.00104	0.00457	0.00361	0.00325	0.50543
5	0.06051	0.00924	0.01161	0.00986	0.06381	0.02560	0.04846	0.04394	0.05858	0.14633	0.04509	0.01441	0.01066	0.00498	0.00425	0.00116	0.00419	0.03332	0.00364	0.40036

[dist]
# distance from previous block
# <min> <max>
0	6

# created by:
# /home/cegg/simao/soft/augustus-3.2.1/scripts/msa2prfl.pl ./align_prep/EOG091G0QPG.fa
