[name]
unknown

[dist]
# distance from previous block
# <min> <max>
0	39

[block]
# block no. 0 follows, 52 sequences, length 11
# corresponding to MSA columns:
# 39-49
name=unknown_A
#
# <colnr> <probs for GDERKNQSTAVLIFYWHMCP>
#	G	D	E	R	K	N	Q	S	T	A	V	L	I	F	Y	W	H	M	C	P
0	0.01313	0.48762	0.01910	0.00902	0.01209	0.20289	0.00794	0.01450	0.01058	0.01155	0.00935	0.01434	0.00919	0.09161	0.00596	0.00157	0.00591	0.06560	0.00246	0.00559
1	0.01057	0.01003	0.01698	0.15552	0.50022	0.01026	0.05541	0.01330	0.01078	0.01490	0.04481	0.01683	0.07392	0.03903	0.00578	0.00163	0.00555	0.00517	0.00267	0.00662
2	0.01089	0.00978	0.01627	0.07176	0.43666	0.00978	0.07527	0.04480	0.01195	0.03506	0.15509	0.05095	0.03815	0.00612	0.00513	0.00151	0.00510	0.00581	0.00325	0.00665
3	0.00702	0.07251	0.00757	0.00597	0.00747	0.00561	0.00463	0.00891	0.01253	0.01682	0.50368	0.06065	0.24857	0.01025	0.00552	0.00153	0.00258	0.00881	0.00481	0.00456
4	0.01791	0.01419	0.07976	0.01121	0.01535	0.01421	0.00980	0.67151	0.02118	0.07827	0.01187	0.01183	0.00831	0.00573	0.00483	0.00146	0.00541	0.00433	0.00469	0.00815
5	0.00590	0.00422	0.00562	0.00675	0.00703	0.00394	0.00450	0.00675	0.00928	0.01237	0.02671	0.82653	0.03205	0.01518	0.00619	0.00197	0.00281	0.01378	0.00450	0.00394
6	0.01315	0.01038	0.01115	0.00982	0.01269	0.01178	0.00770	0.06022	0.69126	0.08555	0.01930	0.01765	0.01426	0.00649	0.00492	0.00162	0.00393	0.00538	0.00502	0.00774
7	0.01263	0.01340	0.01988	0.09225	0.47025	0.13965	0.15096	0.01550	0.01142	0.01485	0.00894	0.01174	0.00729	0.00443	0.00490	0.00146	0.00673	0.00438	0.00240	0.00695
8	0.01236	0.01005	0.01078	0.00963	0.01235	0.01145	0.00750	0.02490	0.71364	0.06334	0.05398	0.01879	0.01600	0.00669	0.00496	0.00163	0.00378	0.00559	0.00501	0.00757
9	0.01385	0.08816	0.01575	0.13301	0.26276	0.05081	0.01074	0.04256	0.11399	0.16272	0.01276	0.01374	0.02269	0.00519	0.00464	0.00144	0.00526	0.00441	0.00347	0.03208
10	0.01136	0.01087	0.01853	0.20530	0.62885	0.01135	0.01456	0.01432	0.01073	0.01506	0.00900	0.01220	0.00741	0.00444	0.00481	0.00148	0.00591	0.00432	0.00234	0.00717

[dist]
# distance from previous block
# <min> <max>
0	1

[block]
# block no. 1 follows, 52 sequences, length 44
# corresponding to MSA columns:
# 51-94
name=unknown_B
#
# <colnr> <probs for GDERKNQSTAVLIFYWHMCP>
#	G	D	E	R	K	N	Q	S	T	A	V	L	I	F	Y	W	H	M	C	P
0	0.02977	0.01134	0.01918	0.06332	0.74975	0.01147	0.01461	0.01475	0.01092	0.01581	0.00904	0.01195	0.00757	0.00434	0.00476	0.00145	0.00575	0.00428	0.00240	0.00753
1	0.80854	0.00984	0.03235	0.00663	0.00981	0.01074	0.00566	0.01421	0.00837	0.02134	0.00687	0.00802	0.00534	0.00447	0.00307	0.00147	0.00385	0.00266	0.00296	0.03379
2	0.00652	0.00477	0.00640	0.00771	0.03782	0.00456	0.00498	0.02857	0.00965	0.01291	0.02525	0.74744	0.03000	0.04017	0.00668	0.00202	0.00305	0.01294	0.00438	0.00417
3	0.04342	0.05599	0.38347	0.01254	0.01780	0.01074	0.12648	0.06562	0.01170	0.10807	0.04235	0.03109	0.03979	0.00545	0.00478	0.00151	0.00608	0.00467	0.00308	0.02538
4	0.06463	0.00802	0.00891	0.04812	0.01068	0.06996	0.02546	0.06692	0.06854	0.05477	0.05051	0.29080	0.01929	0.11782	0.00881	0.04928	0.02069	0.00800	0.00386	0.00492
5	0.01199	0.01151	0.01967	0.02974	0.79946	0.01151	0.01487	0.01487	0.01103	0.01583	0.00912	0.01199	0.00768	0.00432	0.00480	0.00144	0.00576	0.00432	0.00240	0.00768
6	0.01206	0.04444	0.02647	0.02048	0.11876	0.01238	0.61299	0.03927	0.01174	0.03766	0.00992	0.01279	0.00750	0.00422	0.00546	0.00158	0.00756	0.00536	0.00260	0.00676
7	0.03957	0.01375	0.01723	0.07116	0.19742	0.19122	0.14100	0.07738	0.01200	0.03248	0.00966	0.04995	0.00827	0.00568	0.00631	0.00156	0.11154	0.00469	0.00277	0.00637
8	0.00621	0.00479	0.00565	0.00619	0.00711	0.00437	0.00435	0.02067	0.02695	0.01330	0.05391	0.48580	0.31589	0.01362	0.00595	0.00182	0.00273	0.01199	0.00454	0.00416
9	0.00638	0.00492	0.00590	0.00585	0.00712	0.00444	0.00440	0.00813	0.01200	0.01589	0.38437	0.09275	0.34217	0.01248	0.04057	0.00190	0.00293	0.03868	0.00479	0.00432
10	0.03843	0.12741	0.45819	0.01381	0.04319	0.01225	0.12491	0.01617	0.04758	0.05967	0.00966	0.01102	0.00708	0.00463	0.00455	0.00148	0.00656	0.00391	0.00251	0.00699
11	0.01126	0.38155	0.42273	0.01213	0.05417	0.01477	0.01351	0.01495	0.01010	0.01363	0.00785	0.00923	0.00625	0.00439	0.00395	0.00131	0.00622	0.00318	0.00207	0.00677
12	0.00625	0.00479	0.00561	0.00568	0.00687	0.00425	0.00415	0.00781	0.01167	0.01538	0.31684	0.18762	0.36331	0.01181	0.00576	0.00165	0.00246	0.01023	0.02364	0.00425
13	0.00983	0.00959	0.01681	0.58477	0.11648	0.01128	0.10548	0.01299	0.00991	0.01310	0.00867	0.01269	0.00670	0.00492	0.00563	0.00163	0.05705	0.00447	0.00221	0.00577
14	0.01289	0.03686	0.13719	0.07520	0.27969	0.08276	0.02391	0.12844	0.05094	0.04136	0.04059	0.01326	0.00948	0.02869	0.00547	0.00156	0.01725	0.00440	0.00305	0.00700
15	0.01041	0.00602	0.00584	0.00545	0.00691	0.03331	0.00417	0.07860	0.01145	0.03468	0.01523	0.01716	0.01184	0.00565	0.00358	0.00117	0.00279	0.00446	0.73634	0.00495
16	0.00890	0.00539	0.00706	0.03140	0.00861	0.00502	0.00513	0.01094	0.01262	0.11942	0.46222	0.12234	0.07106	0.00972	0.00548	0.00157	0.00278	0.03159	0.07377	0.00497
17	0.05005	0.37870	0.34378	0.01102	0.01632	0.01493	0.03689	0.04394	0.03744	0.01464	0.00827	0.00946	0.00655	0.00449	0.00393	0.00132	0.00599	0.00327	0.00232	0.00670
18	0.01193	0.02710	0.11385	0.04439	0.34626	0.07929	0.08612	0.03859	0.11705	0.01617	0.02237	0.01459	0.04189	0.00525	0.00489	0.00150	0.00596	0.01286	0.00292	0.00703
19	0.00693	0.00515	0.00760	0.00760	0.00840	0.00595	0.00582	0.00853	0.00773	0.01111	0.01315	0.02000	0.01253	0.09684	0.75056	0.00755	0.01235	0.00533	0.00262	0.00422
20	0.01461	0.09570	0.08317	0.04626	0.20458	0.06995	0.02057	0.14384	0.03785	0.13915	0.01096	0.01187	0.00818	0.00490	0.00450	0.00135	0.00550	0.00400	0.00342	0.08962
21	0.01224	0.01207	0.01306	0.17780	0.01688	0.17216	0.00976	0.12534	0.01145	0.01447	0.00918	0.01289	0.00792	0.03650	0.14049	0.00275	0.21247	0.00429	0.00270	0.00558
22	0.00612	0.00473	0.00558	0.00578	0.00689	0.00419	0.00418	0.00756	0.01136	0.01480	0.26820	0.25955	0.35894	0.01237	0.00585	0.00169	0.00250	0.01077	0.00475	0.00419
23	0.00694	0.00487	0.00607	0.00607	0.00643	0.00511	0.00398	0.00756	0.00748	0.01017	0.01617	0.02836	0.05360	0.53527	0.27619	0.00554	0.00725	0.00661	0.00290	0.00344
24	0.00665	0.00478	0.00600	0.00612	0.00714	0.00433	0.00443	0.00827	0.01181	0.03228	0.39256	0.28437	0.18947	0.01194	0.00585	0.00168	0.00252	0.01054	0.00492	0.00436
25	0.00686	0.00471	0.00525	0.00528	0.00548	0.00460	0.00307	0.00703	0.00759	0.00992	0.01962	0.05568	0.11105	0.70945	0.02189	0.00426	0.00438	0.00761	0.00317	0.00310
26	0.04235	0.01256	0.01421	0.01117	0.01477	0.01391	0.05123	0.55518	0.15865	0.02694	0.01288	0.01301	0.00941	0.00687	0.03269	0.00172	0.00544	0.00461	0.00460	0.00782
27	0.00695	0.00514	0.00654	0.00620	0.00738	0.00488	0.00464	0.00941	0.03879	0.01805	0.63040	0.03523	0.10539	0.03982	0.05797	0.00205	0.00312	0.00849	0.00499	0.00456
28	0.01267	0.06673	0.26904	0.03597	0.08156	0.01151	0.22165	0.01691	0.04481	0.14502	0.01101	0.01244	0.00795	0.00488	0.00531	0.00155	0.03646	0.00450	0.00297	0.00706
29	0.01771	0.05781	0.01426	0.01231	0.01482	0.75846	0.00934	0.01897	0.01343	0.01184	0.00743	0.00874	0.00624	0.00503	0.00457	0.00126	0.02654	0.00312	0.00247	0.00564
30	0.00819	0.00586	0.00802	0.00892	0.01014	0.00591	0.00776	0.03974	0.01169	0.01528	0.05083	0.05239	0.02773	0.01298	0.00659	0.00218	0.00442	0.71225	0.00451	0.00461
31	0.00915	0.00861	0.01453	0.81804	0.03338	0.01077	0.01346	0.01238	0.00969	0.01238	0.00861	0.01292	0.00646	0.00484	0.00484	0.00161	0.00646	0.00431	0.00215	0.00538
32	0.01812	0.02245	0.01379	0.01239	0.01498	0.75598	0.00935	0.07148	0.01435	0.01313	0.00777	0.00894	0.00638	0.00505	0.00440	0.00126	0.00851	0.00321	0.00266	0.00580
33	0.06618	0.07324	0.06087	0.01068	0.01407	0.24761	0.00895	0.23738	0.12665	0.06145	0.01246	0.01260	0.03561	0.00565	0.00450	0.00141	0.00596	0.00411	0.00375	0.00686
34	0.01170	0.01062	0.01760	0.02560	0.64335	0.01076	0.01328	0.01457	0.03040	0.04267	0.01140	0.07879	0.01036	0.00565	0.00535	0.00153	0.03463	0.02169	0.00279	0.00724
35	0.00619	0.00442	0.00595	0.00708	0.00748	0.00418	0.00500	0.00724	0.00956	0.01269	0.02655	0.71034	0.03142	0.01491	0.00626	0.00201	0.00306	0.12713	0.00449	0.00402
36	0.01174	0.01129	0.01944	0.02854	0.74243	0.01125	0.04079	0.01458	0.01098	0.01569	0.00982	0.04335	0.00860	0.00473	0.00488	0.00147	0.00573	0.00473	0.00248	0.00749
37	0.04573	0.65341	0.09549	0.00889	0.01309	0.05186	0.00899	0.03055	0.01019	0.01253	0.00727	0.00873	0.00650	0.02495	0.00387	0.00121	0.00545	0.00286	0.00220	0.00620
38	0.00674	0.00481	0.00597	0.00610	0.00716	0.00433	0.00442	0.00829	0.01164	0.03975	0.34488	0.29495	0.21893	0.01206	0.00585	0.00169	0.00255	0.01062	0.00488	0.00436
39	0.00915	0.00861	0.01453	0.81804	0.03338	0.01077	0.01346	0.01238	0.00969	0.01238	0.00861	0.01292	0.00646	0.00484	0.00484	0.00161	0.00646	0.00431	0.00215	0.00538
40	0.03124	0.06926	0.17958	0.01345	0.01771	0.15034	0.19404	0.06071	0.12420	0.06292	0.02496	0.01249	0.00885	0.00513	0.00504	0.00150	0.02430	0.00443	0.00311	0.00676
41	0.01308	0.06704	0.42182	0.01442	0.09119	0.01104	0.08819	0.03349	0.01145	0.18581	0.01104	0.01191	0.00772	0.00483	0.00470	0.00150	0.00631	0.00409	0.00303	0.00735
42	0.00835	0.00421	0.00629	0.00633	0.00633	0.00420	0.00422	0.00633	0.00640	0.00853	0.00894	0.03792	0.00909	0.01679	0.01858	0.83452	0.00417	0.00448	0.00217	0.00216
43	0.05286	0.01173	0.01830	0.07031	0.64876	0.03607	0.01383	0.06098	0.01162	0.01668	0.00908	0.01173	0.00748	0.00447	0.00470	0.00145	0.00577	0.00420	0.00256	0.00741

[dist]
# distance from previous block
# <min> <max>
0	1

[block]
# block no. 2 follows, 52 sequences, length 21
# corresponding to MSA columns:
# 96-116
name=unknown_C
#
# <colnr> <probs for GDERKNQSTAVLIFYWHMCP>
#	G	D	E	R	K	N	Q	S	T	A	V	L	I	F	Y	W	H	M	C	P
0	0.10396	0.19238	0.01593	0.01075	0.01275	0.12442	0.02056	0.01476	0.06795	0.01356	0.00777	0.01001	0.00687	0.00625	0.00874	0.00161	0.34158	0.00362	0.00250	0.03404
1	0.01842	0.01357	0.01454	0.01115	0.01503	0.01503	0.00921	0.78330	0.02278	0.03054	0.01163	0.01163	0.00824	0.00582	0.00485	0.00145	0.00533	0.00436	0.00485	0.00824
2	0.00943	0.00890	0.01504	0.73976	0.10946	0.01084	0.01360	0.01263	0.00982	0.01272	0.00866	0.01283	0.00658	0.00479	0.00484	0.00160	0.00639	0.00431	0.00218	0.00561
3	0.00689	0.00472	0.00539	0.00552	0.00574	0.00463	0.00333	0.00716	0.00774	0.01016	0.01952	0.08821	0.08814	0.66412	0.02090	0.00413	0.00436	0.04290	0.00325	0.00318
4	0.00691	0.00473	0.00537	0.00537	0.00558	0.00466	0.00317	0.00717	0.00776	0.01029	0.05714	0.04680	0.08325	0.69169	0.03745	0.00430	0.00453	0.00747	0.00320	0.00316
5	0.00698	0.00473	0.00549	0.00561	0.00574	0.00472	0.00337	0.00722	0.00750	0.00996	0.01717	0.08258	0.03570	0.70032	0.04239	0.00442	0.00473	0.04510	0.00313	0.00314
6	0.86392	0.00937	0.00712	0.00637	0.00937	0.01087	0.00525	0.01425	0.00825	0.02174	0.00675	0.00787	0.00525	0.00450	0.00300	0.00150	0.00375	0.00262	0.00300	0.00525
7	0.01189	0.01211	0.05392	0.02905	0.76549	0.01150	0.01500	0.01489	0.01100	0.01581	0.00910	0.01192	0.00761	0.00433	0.00479	0.00144	0.00582	0.00429	0.00238	0.00765
8	0.01639	0.05575	0.01326	0.01144	0.01390	0.64166	0.00868	0.04468	0.02807	0.01276	0.01142	0.05211	0.05780	0.00598	0.00452	0.00131	0.00768	0.00417	0.00283	0.00559
9	0.01204	0.01069	0.01787	0.18750	0.57371	0.01110	0.01391	0.01521	0.03161	0.06502	0.00993	0.01263	0.00789	0.00459	0.00482	0.00148	0.00575	0.00438	0.00264	0.00725
10	0.00663	0.00492	0.00618	0.00592	0.00711	0.00447	0.00442	0.00869	0.01311	0.01811	0.64322	0.06573	0.17255	0.01049	0.00573	0.00156	0.00233	0.00919	0.00516	0.00447
11	0.00732	0.00538	0.00716	0.00803	0.00920	0.00521	0.00683	0.00931	0.01112	0.01430	0.05290	0.09092	0.16257	0.01318	0.00647	0.00209	0.00397	0.57517	0.00450	0.00437
12	0.05620	0.00899	0.01421	0.01228	0.06401	0.00850	0.16077	0.04875	0.01261	0.32702	0.01785	0.02448	0.02909	0.00729	0.00539	0.00170	0.00511	0.18449	0.00449	0.00676
13	0.00630	0.00472	0.00598	0.00643	0.00710	0.00448	0.00451	0.00750	0.01043	0.01397	0.20823	0.46133	0.15238	0.04926	0.00712	0.00194	0.02819	0.01147	0.00455	0.00411
14	0.34720	0.00868	0.00965	0.00775	0.01121	0.00857	0.00640	0.02000	0.01170	0.50098	0.01434	0.01316	0.00939	0.00542	0.00415	0.00150	0.00398	0.00400	0.00484	0.00709
15	0.00598	0.00427	0.00558	0.00660	0.00689	0.00400	0.00437	0.00677	0.00916	0.01217	0.02643	0.74964	0.04995	0.07413	0.00751	0.00216	0.00294	0.01320	0.00439	0.00387
16	0.75398	0.00946	0.00841	0.05923	0.06272	0.01091	0.00640	0.01417	0.00852	0.02076	0.00702	0.00846	0.00548	0.00451	0.00323	0.00150	0.00405	0.00284	0.00291	0.00542
17	0.01031	0.00994	0.01637	0.37162	0.27999	0.03063	0.07552	0.01350	0.03366	0.01389	0.01054	0.06396	0.00915	0.03377	0.00566	0.00168	0.00606	0.00511	0.00252	0.00613
18	0.20387	0.03306	0.05585	0.02815	0.02519	0.10031	0.01820	0.12709	0.25103	0.01992	0.04067	0.02946	0.03541	0.00600	0.00444	0.00152	0.00482	0.00461	0.00384	0.00656
19	0.01224	0.07149	0.04379	0.02478	0.19847	0.02540	0.07617	0.06520	0.03903	0.07017	0.02478	0.02953	0.00908	0.00470	0.00440	0.00122	0.00499	0.00415	0.00311	0.28729
20	0.01277	0.07139	0.40289	0.01149	0.01669	0.01145	0.01270	0.12637	0.09822	0.11800	0.06136	0.01357	0.01064	0.00547	0.00468	0.00150	0.00571	0.00433	0.00347	0.00728

[dist]
# distance from previous block
# <min> <max>
0	12

[block]
# block no. 3 follows, 52 sequences, length 7
# corresponding to MSA columns:
# 129-135
name=unknown_D
#
# <colnr> <probs for GDERKNQSTAVLIFYWHMCP>
#	G	D	E	R	K	N	Q	S	T	A	V	L	I	F	Y	W	H	M	C	P
0	0.00651	0.06263	0.00700	0.00652	0.00748	0.00516	0.00477	0.00763	0.01002	0.01287	0.06068	0.50792	0.21220	0.01341	0.00587	0.00182	0.00297	0.05598	0.00436	0.00419
1	0.01112	0.01336	0.13879	0.01233	0.01388	0.06019	0.01119	0.05220	0.00913	0.01343	0.00764	0.01105	0.00684	0.00844	0.04120	0.00211	0.54513	0.00412	0.03213	0.00570
2	0.01129	0.01266	0.08501	0.06410	0.45137	0.04175	0.14275	0.01437	0.01090	0.01505	0.01122	0.04187	0.03941	0.00518	0.00536	0.00153	0.03177	0.00501	0.00252	0.00690
3	0.00610	0.00450	0.00570	0.00629	0.00700	0.00411	0.00438	0.00734	0.01061	0.01413	0.20924	0.51196	0.16392	0.01347	0.00600	0.00181	0.00263	0.01202	0.00469	0.00411
4	0.05579	0.01099	0.01260	0.08068	0.01505	0.01194	0.00851	0.39533	0.11475	0.16443	0.06861	0.01497	0.01207	0.00608	0.00484	0.00151	0.00474	0.00482	0.00478	0.00752
5	0.03144	0.08684	0.09706	0.07533	0.36855	0.05066	0.04834	0.08404	0.03211	0.04608	0.01001	0.03027	0.00813	0.00490	0.00466	0.00145	0.00589	0.00433	0.00281	0.00712
6	0.01056	0.01072	0.06699	0.24113	0.09774	0.04188	0.12554	0.01347	0.02465	0.04717	0.04064	0.03265	0.01023	0.06045	0.02857	0.00198	0.09915	0.00505	0.03565	0.00578

[dist]
# distance from previous block
# <min> <max>
0	5

[block]
# block no. 4 follows, 52 sequences, length 49
# corresponding to MSA columns:
# 141-158,160-184,204-209
name=unknown_E
#
# <colnr> <probs for GDERKNQSTAVLIFYWHMCP>
#	G	D	E	R	K	N	Q	S	T	A	V	L	I	F	Y	W	H	M	C	P
0	0.00603	0.00433	0.00575	0.00685	0.00722	0.00405	0.00470	0.00698	0.00945	0.01254	0.02722	0.75326	0.05170	0.01498	0.00621	0.00198	0.00292	0.06536	0.00450	0.00398
1	0.01049	0.00969	0.03521	0.26573	0.26584	0.00998	0.05635	0.02415	0.04236	0.04957	0.05811	0.04943	0.07321	0.00612	0.00528	0.00157	0.02208	0.00554	0.00302	0.00626
2	0.81788	0.03170	0.00779	0.00659	0.00961	0.03317	0.00544	0.01439	0.00844	0.02119	0.00677	0.00789	0.00530	0.00450	0.00304	0.00148	0.00392	0.00264	0.00296	0.00528
3	0.01165	0.01718	0.22873	0.01792	0.02317	0.09100	0.50690	0.01586	0.01135	0.01511	0.00929	0.01190	0.00693	0.00431	0.00530	0.00157	0.00796	0.00491	0.00235	0.00661
4	0.00853	0.00544	0.00654	0.06757	0.00887	0.00554	0.00492	0.03191	0.03688	0.01858	0.32545	0.02470	0.02515	0.00731	0.00451	0.00135	0.00272	0.00621	0.40299	0.00481
5	0.83763	0.00934	0.00725	0.00644	0.00947	0.01075	0.00531	0.01454	0.00842	0.04613	0.00713	0.00814	0.00546	0.00455	0.00306	0.00150	0.00376	0.00269	0.00309	0.00534
6	0.00596	0.00437	0.00560	0.00646	0.00698	0.00401	0.00440	0.00697	0.00986	0.01303	0.09098	0.66247	0.13235	0.01438	0.00609	0.00189	0.00272	0.01292	0.00457	0.00401
7	0.00602	0.00431	0.00568	0.00669	0.00704	0.00403	0.00452	0.00692	0.00940	0.01252	0.04587	0.73615	0.05074	0.04492	0.00686	0.00206	0.00291	0.03497	0.00446	0.00393
8	0.00704	0.00472	0.00541	0.00551	0.00557	0.00471	0.00322	0.00717	0.00732	0.00974	0.01619	0.06457	0.01865	0.76073	0.02313	0.00448	0.00461	0.04114	0.00307	0.00304
9	0.01256	0.01066	0.01124	0.00996	0.01279	0.01229	0.00779	0.08553	0.73011	0.02108	0.01909	0.01757	0.01428	0.00651	0.00492	0.00163	0.00395	0.00539	0.00492	0.00772
10	0.01713	0.11859	0.03724	0.01183	0.01479	0.59704	0.00942	0.09192	0.03380	0.01390	0.00814	0.00918	0.00665	0.00500	0.00429	0.00126	0.00782	0.00325	0.00272	0.00604
11	0.01097	0.01280	0.14308	0.26526	0.28982	0.01144	0.06249	0.05472	0.03600	0.01553	0.00947	0.01232	0.00736	0.00479	0.00510	0.00154	0.02693	0.00433	0.01932	0.00673
12	0.03085	0.09068	0.04590	0.01100	0.06133	0.01270	0.00869	0.21873	0.31905	0.02107	0.01357	0.01347	0.01029	0.00550	0.00450	0.00140	0.00457	0.00437	0.00406	0.11830
13	0.01174	0.01257	0.08350	0.05471	0.58808	0.03209	0.03616	0.03266	0.02125	0.01611	0.04430	0.01294	0.00925	0.00467	0.00482	0.00145	0.00582	0.00446	0.00259	0.02084
14	0.01234	0.20083	0.24215	0.01589	0.19001	0.06514	0.06911	0.05562	0.02622	0.02872	0.00889	0.01050	0.00701	0.00450	0.00436	0.00135	0.00621	0.00372	0.00249	0.04494
15	0.01021	0.11878	0.56439	0.01324	0.04741	0.01191	0.03559	0.01553	0.06292	0.01527	0.03239	0.03271	0.00864	0.00509	0.00456	0.00149	0.00642	0.00409	0.00243	0.00693
16	0.00709	0.00519	0.00668	0.00626	0.00748	0.00490	0.00471	0.00988	0.04797	0.01947	0.76265	0.03540	0.04436	0.00976	0.00568	0.00153	0.00235	0.00862	0.00532	0.00471
17	0.00849	0.03078	0.01957	0.00979	0.06174	0.07274	0.07585	0.01074	0.04817	0.01425	0.10694	0.31910	0.16019	0.01047	0.00554	0.00167	0.00401	0.00933	0.02570	0.00494
18	0.05883	0.08291	0.34244	0.01625	0.19382	0.02832	0.04999	0.09221	0.01187	0.06518	0.00949	0.01093	0.00707	0.00469	0.00453	0.00146	0.00621	0.00386	0.00273	0.00721
19	0.00811	0.00439	0.00652	0.00652	0.00666	0.00454	0.00447	0.00673	0.00659	0.00893	0.00945	0.01613	0.00940	0.05279	0.15116	0.68269	0.00569	0.00449	0.00222	0.00251
20	0.00809	0.00500	0.00587	0.00578	0.00611	0.00493	0.00357	0.00838	0.00781	0.06293	0.01629	0.03238	0.01800	0.71451	0.02202	0.00430	0.00464	0.06275	0.00325	0.00340
21	0.03987	0.15663	0.31932	0.07916	0.12696	0.03060	0.02551	0.08220	0.03524	0.03784	0.00941	0.01125	0.00724	0.00481	0.00442	0.00144	0.00614	0.01240	0.00262	0.00693
22	0.06629	0.08259	0.14775	0.04235	0.13606	0.14217	0.06313	0.15885	0.06363	0.01789	0.00956	0.01097	0.00739	0.00500	0.00480	0.00145	0.02633	0.00393	0.00297	0.00688
23	0.00703	0.00512	0.00701	0.00698	0.00750	0.00573	0.00501	0.00810	0.00755	0.01062	0.01397	0.04294	0.01444	0.32062	0.48859	0.00640	0.02974	0.00604	0.00275	0.00384
24	0.06800	0.01179	0.07597	0.08159	0.14373	0.01167	0.02910	0.26563	0.08725	0.02055	0.03708	0.01424	0.02914	0.00771	0.04757	0.03643	0.01755	0.00464	0.00357	0.00682
25	0.01184	0.07676	0.45559	0.01279	0.07567	0.01055	0.01348	0.03521	0.01102	0.13089	0.03215	0.01321	0.00907	0.04196	0.02133	0.00173	0.00614	0.00413	0.02955	0.00692
26	0.03111	0.06812	0.13306	0.00945	0.02846	0.01973	0.00863	0.06113	0.06493	0.10431	0.11235	0.03789	0.04906	0.00751	0.00499	0.00153	0.00449	0.14001	0.00396	0.10929
27	0.01223	0.65172	0.19993	0.00953	0.01435	0.01740	0.01045	0.01470	0.00993	0.01229	0.00718	0.00832	0.00620	0.00425	0.00344	0.00115	0.00563	0.00281	0.00207	0.00643
28	0.00714	0.00522	0.00701	0.00692	0.00737	0.00586	0.00490	0.00809	0.00745	0.01046	0.01368	0.02416	0.01425	0.37927	0.43457	0.00620	0.04500	0.00595	0.00272	0.00377
29	0.02123	0.00826	0.01119	0.00856	0.01233	0.00709	0.00706	0.02311	0.01370	0.76812	0.01866	0.01621	0.01178	0.00589	0.00482	0.00147	0.00410	0.00479	0.00586	0.04577
30	0.00915	0.00861	0.01453	0.81804	0.03338	0.01077	0.01346	0.01238	0.00969	0.01238	0.00861	0.01292	0.00646	0.00484	0.00484	0.00161	0.00646	0.00431	0.00215	0.00538
31	0.04047	0.01138	0.01307	0.01004	0.01384	0.01182	0.00829	0.46577	0.01892	0.33394	0.01446	0.01345	0.00964	0.00586	0.00481	0.00147	0.00482	0.00452	0.00525	0.00817
32	0.86392	0.00937	0.00712	0.00637	0.00937	0.01087	0.00525	0.01425	0.00825	0.02174	0.00675	0.00787	0.00525	0.00450	0.00300	0.00150	0.00375	0.00262	0.00300	0.00525
33	0.01303	0.03479	0.01013	0.00906	0.01051	0.42302	0.00643	0.01384	0.01075	0.01117	0.01105	0.01849	0.01116	0.33870	0.01250	0.00263	0.00668	0.00477	0.04679	0.00449
34	0.00984	0.00981	0.04627	0.08887	0.25353	0.04705	0.05138	0.01317	0.05759	0.01650	0.26225	0.04150	0.05118	0.00687	0.00517	0.00151	0.00469	0.00622	0.00359	0.02299
35	0.01952	0.00811	0.01073	0.00840	0.01184	0.00724	0.00687	0.03816	0.05040	0.65420	0.07859	0.01791	0.01457	0.00627	0.00488	0.00148	0.00393	0.00515	0.02888	0.02285
36	0.01210	0.05240	0.04262	0.02682	0.03438	0.01102	0.07372	0.04507	0.39734	0.07365	0.01756	0.03925	0.05310	0.00630	0.00499	0.00152	0.01605	0.00538	0.00416	0.08258
37	0.00967	0.03970	0.30504	0.01474	0.12896	0.00999	0.10717	0.01319	0.01002	0.01433	0.01176	0.02743	0.01060	0.06657	0.08331	0.00242	0.03302	0.08367	0.02228	0.00613
38	0.02777	0.07776	0.02908	0.03080	0.01328	0.01212	0.00802	0.03890	0.58132	0.09988	0.01769	0.01647	0.01311	0.00618	0.00473	0.00157	0.00414	0.00504	0.00464	0.00751
39	0.00664	0.00494	0.00614	0.00584	0.00706	0.00448	0.00436	0.00866	0.01303	0.01793	0.62943	0.03818	0.19530	0.02931	0.00616	0.00162	0.00238	0.00902	0.00511	0.00444
40	0.01057	0.01031	0.09315	0.03890	0.08274	0.00933	0.02648	0.08060	0.23441	0.03936	0.20806	0.02367	0.08638	0.00745	0.00520	0.00158	0.00420	0.02688	0.00432	0.00643
41	0.00590	0.00425	0.00559	0.00666	0.00700	0.00394	0.00446	0.00676	0.00937	0.01241	0.02783	0.78756	0.07030	0.01504	0.00616	0.00195	0.00279	0.01360	0.00450	0.00394
42	0.01152	0.32290	0.05051	0.02623	0.07827	0.02824	0.06805	0.01381	0.01024	0.01400	0.00818	0.00980	0.00692	0.00404	0.00375	0.00104	0.00500	0.00320	0.02229	0.31204
43	0.01280	0.01755	0.42959	0.01254	0.03928	0.00983	0.06101	0.01732	0.04275	0.20132	0.02514	0.01268	0.00876	0.00497	0.00468	0.00146	0.00593	0.00414	0.00326	0.08499
44	0.83005	0.00992	0.00739	0.00662	0.00960	0.04289	0.00541	0.01445	0.00847	0.02135	0.00678	0.00791	0.00529	0.00452	0.00305	0.00149	0.00395	0.00264	0.00298	0.00526
45	0.01080	0.04159	0.01073	0.00730	0.01157	0.00701	0.00592	0.01292	0.01025	0.05849	0.00911	0.01031	0.00740	0.00374	0.00364	0.00077	0.00368	0.00297	0.00301	0.77879
46	0.00597	0.00429	0.00567	0.00672	0.00708	0.00399	0.00454	0.00689	0.00950	0.01266	0.05197	0.76538	0.05316	0.01490	0.00617	0.00195	0.00282	0.02786	0.00452	0.00397
47	0.01165	0.15610	0.25868	0.01134	0.06468	0.01143	0.01092	0.09749	0.02644	0.03319	0.00958	0.03156	0.00773	0.00469	0.00415	0.00122	0.00529	0.00367	0.00281	0.24737
48	0.01184	0.19892	0.17292	0.01567	0.02072	0.01376	0.40200	0.05642	0.03298	0.01550	0.00928	0.01141	0.00712	0.00436	0.00486	0.00147	0.00704	0.00454	0.00249	0.00671

[dist]
# distance from previous block
# <min> <max>
0	2

[block]
# block no. 5 follows, 52 sequences, length 66
# corresponding to MSA columns:
# 212-253,365-388
name=unknown_F
#
# <colnr> <probs for GDERKNQSTAVLIFYWHMCP>
#	G	D	E	R	K	N	Q	S	T	A	V	L	I	F	Y	W	H	M	C	P
0	0.00701	0.00468	0.00530	0.00534	0.00535	0.00467	0.00299	0.00704	0.00713	0.00950	0.01568	0.06005	0.01813	0.80065	0.02401	0.00460	0.00463	0.00729	0.00299	0.00297
1	0.01370	0.01062	0.01317	0.00993	0.01385	0.01025	0.07944	0.27575	0.07387	0.07208	0.01349	0.01390	0.05167	0.00525	0.00452	0.00122	0.00460	0.00437	0.00395	0.32437
2	0.05679	0.00977	0.01326	0.01149	0.01169	0.01334	0.00942	0.01126	0.00745	0.01199	0.00747	0.01275	0.00757	0.08595	0.04687	0.00255	0.66864	0.00445	0.00226	0.00504
3	0.01825	0.01299	0.01387	0.01081	0.01454	0.03465	0.00886	0.61905	0.08444	0.11292	0.01300	0.01261	0.00913	0.00588	0.00484	0.00147	0.00517	0.00448	0.00492	0.00813
4	0.00717	0.00541	0.00687	0.00761	0.00880	0.00523	0.00625	0.00944	0.04481	0.01407	0.03153	0.16868	0.22403	0.01308	0.00629	0.00201	0.00367	0.42611	0.00450	0.00443
5	0.00972	0.02507	0.80458	0.01381	0.02097	0.01125	0.01790	0.01535	0.01023	0.01535	0.00870	0.01023	0.00614	0.00460	0.00460	0.00153	0.00716	0.00358	0.00205	0.00716
6	0.01005	0.00861	0.01005	0.00718	0.01148	0.00646	0.00574	0.01220	0.01005	0.01579	0.00861	0.01005	0.00718	0.00359	0.00359	0.00072	0.00359	0.00287	0.00287	0.85932
7	0.01082	0.01150	0.01893	0.01483	0.01711	0.06785	0.31480	0.01322	0.00975	0.01345	0.03939	0.01358	0.00905	0.01031	0.11774	0.00261	0.30189	0.00505	0.00247	0.00565
8	0.00598	0.00425	0.00560	0.00665	0.00691	0.00399	0.00439	0.00677	0.00913	0.01217	0.02595	0.77363	0.03109	0.06939	0.00742	0.00215	0.00294	0.01333	0.00439	0.00387
9	0.00915	0.00861	0.01453	0.81804	0.03338	0.01077	0.01346	0.01238	0.00969	0.01238	0.00861	0.01292	0.00646	0.00484	0.00484	0.00161	0.00646	0.00431	0.00215	0.00538
10	0.01257	0.01240	0.02402	0.08742	0.10782	0.01219	0.50810	0.11063	0.01275	0.04772	0.01022	0.01290	0.00760	0.00446	0.00540	0.00158	0.00726	0.00525	0.00285	0.00684
11	0.00590	0.00422	0.00562	0.00675	0.00703	0.00394	0.00450	0.00675	0.00928	0.01237	0.02671	0.82653	0.03205	0.01518	0.00619	0.00197	0.00281	0.01378	0.00450	0.00394
12	0.86392	0.00937	0.00712	0.00637	0.00937	0.01087	0.00525	0.01425	0.00825	0.02174	0.00675	0.00787	0.00525	0.00450	0.00300	0.00150	0.00375	0.00262	0.00300	0.00525
13	0.00646	0.00461	0.00626	0.00738	0.00790	0.00441	0.00546	0.00770	0.00982	0.01299	0.02640	0.60288	0.03085	0.01466	0.00633	0.00204	0.00329	0.23198	0.00449	0.00409
14	0.01005	0.00861	0.01005	0.00718	0.01148	0.00646	0.00574	0.01220	0.01005	0.01579	0.00861	0.01005	0.00718	0.00359	0.00359	0.00072	0.00359	0.00287	0.00287	0.85932
15	0.01165	0.01002	0.01059	0.00956	0.01220	0.01151	0.00742	0.02451	0.73592	0.02001	0.05083	0.01969	0.04070	0.00688	0.00499	0.00164	0.00373	0.00576	0.00493	0.00744
16	0.01587	0.01031	0.01327	0.04677	0.15661	0.01065	0.00915	0.25385	0.08631	0.23006	0.05825	0.01645	0.04243	0.00609	0.00491	0.00149	0.00466	0.00506	0.02025	0.00754
17	0.00589	0.00426	0.00558	0.00665	0.00700	0.00394	0.00445	0.00676	0.00937	0.01241	0.02793	0.78388	0.07391	0.01502	0.00616	0.00195	0.00279	0.01358	0.00450	0.00394
18	0.01124	0.04765	0.15452	0.02193	0.33180	0.01175	0.28363	0.01493	0.01110	0.01561	0.04206	0.01291	0.00883	0.00451	0.00506	0.00151	0.00667	0.00480	0.00247	0.00700
19	0.01139	0.01119	0.01765	0.28905	0.50365	0.05495	0.01410	0.01429	0.01074	0.01448	0.00886	0.01212	0.00720	0.00453	0.00479	0.00149	0.00615	0.00425	0.00232	0.00681
20	0.83734	0.00934	0.00725	0.00644	0.00947	0.01075	0.00531	0.01454	0.00842	0.04640	0.00714	0.00814	0.00546	0.00455	0.00306	0.00150	0.00376	0.00270	0.00309	0.00534
21	0.00727	0.00574	0.00778	0.00874	0.10306	0.00532	0.00565	0.00943	0.01289	0.01781	0.56207	0.03521	0.18128	0.00967	0.00561	0.00153	0.00274	0.00850	0.00482	0.00486
22	0.00658	0.00494	0.00610	0.00581	0.00707	0.00446	0.00436	0.00861	0.01307	0.01790	0.61555	0.03873	0.22804	0.01048	0.00572	0.00155	0.00233	0.00912	0.00513	0.00446
23	0.01171	0.01057	0.01205	0.01056	0.01296	0.02823	0.04026	0.02252	0.60302	0.01854	0.03124	0.01768	0.03302	0.00690	0.00648	0.00170	0.11562	0.00545	0.00439	0.00712
24	0.00595	0.00425	0.00568	0.00680	0.00710	0.00398	0.00458	0.00683	0.00932	0.01242	0.02668	0.80728	0.03195	0.01514	0.00620	0.00197	0.00285	0.03256	0.00450	0.00395
25	0.00742	0.00598	0.00734	0.05148	0.00964	0.00623	0.00564	0.01106	0.15718	0.01445	0.08538	0.36111	0.16896	0.01326	0.05612	0.00216	0.01743	0.00996	0.00436	0.00484
26	0.01379	0.01341	0.03724	0.02131	0.39360	0.08288	0.09340	0.18853	0.03068	0.01862	0.00968	0.01175	0.00769	0.00497	0.00547	0.00149	0.05074	0.00437	0.00300	0.00736
27	0.01175	0.44980	0.34617	0.01070	0.01604	0.04560	0.01224	0.01499	0.01016	0.01315	0.00762	0.00888	0.00621	0.00435	0.00378	0.00124	0.00610	0.00303	0.00210	0.02610
28	0.00781	0.00635	0.00890	0.00840	0.00887	0.00782	0.00644	0.00901	0.00754	0.01094	0.01193	0.01982	0.01196	0.20240	0.45325	0.00579	0.20058	0.00537	0.00256	0.00425
29	0.01092	0.05679	0.20749	0.03125	0.05562	0.02057	0.05290	0.01924	0.36468	0.01733	0.04459	0.01693	0.05591	0.00605	0.00484	0.00155	0.00504	0.00511	0.00367	0.01952
30	0.00679	0.00493	0.00640	0.00609	0.00721	0.00454	0.00454	0.00900	0.01348	0.01900	0.74825	0.06467	0.06654	0.01016	0.00573	0.00154	0.00231	0.00898	0.00528	0.00454
31	0.00903	0.00452	0.00452	0.00452	0.00565	0.00452	0.00339	0.01129	0.01016	0.01807	0.01581	0.01807	0.01242	0.00565	0.00339	0.00113	0.00226	0.00452	0.85659	0.00452
32	0.01248	0.01415	0.10915	0.07084	0.51758	0.08866	0.03174	0.05616	0.02395	0.01603	0.00920	0.01163	0.00742	0.00456	0.00476	0.00145	0.00625	0.00417	0.00252	0.00729
33	0.01169	0.01698	0.37381	0.01731	0.24669	0.01060	0.02840	0.05734	0.01164	0.08298	0.05103	0.02870	0.00980	0.00515	0.00478	0.00149	0.00599	0.00444	0.00288	0.02830
34	0.77694	0.07581	0.00874	0.00666	0.00974	0.02913	0.00558	0.01438	0.00850	0.02069	0.00676	0.00788	0.00535	0.00448	0.00304	0.00146	0.00397	0.00263	0.00291	0.00533
35	0.03802	0.41520	0.04678	0.01318	0.10979	0.07562	0.11405	0.03134	0.04378	0.04194	0.00864	0.01003	0.00713	0.00453	0.00423	0.00128	0.02178	0.00357	0.00254	0.00655
36	0.01009	0.00801	0.03681	0.00768	0.01002	0.02276	0.00623	0.03636	0.17595	0.08962	0.32558	0.02820	0.11849	0.00834	0.00525	0.00151	0.00335	0.02900	0.00481	0.07194
37	0.00590	0.00424	0.00560	0.00669	0.00701	0.00394	0.00447	0.00675	0.00933	0.01239	0.02740	0.80230	0.05583	0.01509	0.00617	0.00196	0.00280	0.01367	0.00450	0.00394
38	0.01278	0.01135	0.01155	0.01059	0.03251	0.05774	0.00804	0.07099	0.68045	0.02030	0.01827	0.01701	0.01373	0.00638	0.00489	0.00160	0.00425	0.00525	0.00472	0.00759
39	0.01005	0.00861	0.01005	0.00718	0.01148	0.00646	0.00574	0.01220	0.01005	0.01579	0.00861	0.01005	0.00718	0.00359	0.00359	0.00072	0.00359	0.00287	0.00287	0.85932
40	0.01048	0.03951	0.72755	0.01358	0.02044	0.01121	0.03539	0.01579	0.01045	0.05834	0.00926	0.01059	0.00649	0.00466	0.00462	0.00153	0.00698	0.00368	0.00227	0.00719
41	0.01125	0.01302	0.04759	0.01956	0.02432	0.01195	0.71402	0.01550	0.02714	0.01557	0.01064	0.01483	0.00833	0.00454	0.00571	0.00166	0.00790	0.03742	0.00257	0.00649
42	0.02089	0.00800	0.01079	0.00835	0.01192	0.00695	0.00687	0.02279	0.01362	0.75011	0.01890	0.01660	0.01202	0.00597	0.00477	0.00147	0.00400	0.00485	0.06313	0.00800
43	0.01049	0.04405	0.01665	0.56266	0.12286	0.01163	0.07266	0.06479	0.02108	0.01432	0.00904	0.01259	0.00689	0.00478	0.00484	0.00156	0.00634	0.00437	0.00242	0.00601
44	0.00607	0.00498	0.00536	0.00538	0.00684	0.00434	0.00399	0.00772	0.02911	0.01420	0.16602	0.11488	0.59011	0.01203	0.00575	0.00165	0.00249	0.01021	0.00464	0.00424
45	0.00590	0.00422	0.00562	0.00675	0.00703	0.00394	0.00450	0.00675	0.00928	0.01237	0.02671	0.82653	0.03205	0.01518	0.00619	0.00197	0.00281	0.01378	0.00450	0.00394
46	0.01186	0.01233	0.06689	0.02879	0.75263	0.01150	0.01505	0.01490	0.01099	0.01580	0.00909	0.01189	0.00758	0.00434	0.00479	0.00145	0.00584	0.00427	0.00238	0.00765
47	0.00613	0.00450	0.00600	0.00695	0.00722	0.00441	0.00471	0.00696	0.00914	0.01225	0.02553	0.76936	0.03056	0.03860	0.00713	0.00205	0.03700	0.01318	0.00435	0.00396
48	0.00657	0.00476	0.00615	0.00718	0.03961	0.00455	0.00448	0.00735	0.00900	0.01200	0.05586	0.46288	0.06904	0.25933	0.01165	0.00274	0.00349	0.02555	0.00398	0.00384
49	0.57584	0.07932	0.03454	0.00751	0.01080	0.03737	0.00648	0.08210	0.01038	0.08323	0.00848	0.00925	0.00637	0.00475	0.00342	0.00144	0.00427	0.00305	0.02552	0.00588
50	0.00931	0.00968	0.05496	0.07731	0.15875	0.06527	0.02196	0.01122	0.00962	0.01272	0.01712	0.03479	0.14554	0.10078	0.14606	0.00301	0.10801	0.00583	0.00282	0.00524
51	0.01051	0.01328	0.17788	0.06431	0.14134	0.00994	0.18887	0.01397	0.01048	0.01546	0.00932	0.01171	0.00731	0.00434	0.00486	0.00132	0.02711	0.00411	0.04916	0.23473
52	0.00719	0.00513	0.00709	0.00821	0.00906	0.00504	0.00673	0.00896	0.01054	0.01381	0.02600	0.30696	0.02925	0.01397	0.00653	0.00215	0.00392	0.52069	0.00447	0.00429
53	0.02145	0.00871	0.01153	0.00884	0.01260	0.00781	0.00730	0.08942	0.01464	0.73593	0.01847	0.01607	0.01167	0.00598	0.00487	0.00150	0.00423	0.00483	0.00590	0.00825
54	0.01048	0.06465	0.34831	0.01598	0.17579	0.02666	0.08216	0.01527	0.07376	0.01592	0.09320	0.03356	0.01206	0.00545	0.00483	0.00151	0.00600	0.00480	0.00280	0.00682
55	0.00705	0.00470	0.00529	0.00529	0.00529	0.00470	0.00294	0.00705	0.00705	0.00940	0.01527	0.03171	0.01762	0.82969	0.02467	0.00470	0.00470	0.00705	0.00294	0.00294
56	0.01161	0.01131	0.03765	0.11500	0.49573	0.01181	0.04919	0.02919	0.01056	0.03035	0.00903	0.01234	0.00757	0.02020	0.00685	0.00163	0.12620	0.00441	0.00245	0.00693
57	0.00630	0.00473	0.00579	0.00594	0.00695	0.00427	0.00427	0.00784	0.01161	0.01553	0.36456	0.25814	0.24154	0.03235	0.00632	0.00176	0.00254	0.01050	0.00482	0.00423
58	0.01172	0.03498	0.03680	0.03116	0.06879	0.06626	0.03692	0.06802	0.39728	0.01832	0.05241	0.03760	0.08480	0.00682	0.00494	0.00156	0.00452	0.00574	0.02458	0.00679
59	0.00651	0.00510	0.00607	0.00625	0.00759	0.00446	0.00466	0.00791	0.01065	0.01386	0.10623	0.29357	0.32562	0.01232	0.00578	0.00171	0.00287	0.09260	0.00443	0.08179
60	0.01026	0.01328	0.19607	0.05120	0.35215	0.03660	0.01265	0.02652	0.02619	0.01504	0.01467	0.14902	0.06197	0.00681	0.00503	0.00157	0.00546	0.00608	0.00289	0.00656
61	0.14050	0.00616	0.00641	0.00581	0.00763	0.00635	0.00453	0.04533	0.01065	0.12101	0.01452	0.01658	0.01127	0.03636	0.04705	0.00173	0.00351	0.00440	0.50500	0.00520
62	0.00846	0.00612	0.00801	0.02013	0.00931	0.00640	0.00639	0.04222	0.01188	0.03924	0.26834	0.08734	0.06990	0.02874	0.00724	0.00188	0.08192	0.24005	0.05165	0.00478
63	0.00817	0.00435	0.00643	0.00643	0.00653	0.00445	0.00436	0.00662	0.00652	0.00880	0.00931	0.01613	0.00933	0.06231	0.11094	0.71498	0.00525	0.00447	0.00221	0.00241
64	0.01404	0.08823	0.01436	0.01159	0.04641	0.16341	0.03805	0.20224	0.18357	0.01862	0.01394	0.03341	0.03360	0.00724	0.02527	0.00167	0.04760	0.04635	0.00374	0.00668
65	0.01474	0.01330	0.01733	0.02182	0.45764	0.12165	0.02787	0.16662	0.02535	0.07159	0.01023	0.01189	0.00798	0.00485	0.00477	0.00143	0.00599	0.00425	0.00317	0.00752

[dist]
# distance from previous block
# <min> <max>
0	2

[block]
# block no. 6 follows, 52 sequences, length 7
# corresponding to MSA columns:
# 391-397
name=unknown_G
#
# <colnr> <probs for GDERKNQSTAVLIFYWHMCP>
#	G	D	E	R	K	N	Q	S	T	A	V	L	I	F	Y	W	H	M	C	P
0	0.50392	0.09809	0.03982	0.01048	0.09227	0.03434	0.04456	0.05104	0.00978	0.01923	0.00764	0.00914	0.00610	0.00467	0.00396	0.00146	0.03300	0.00317	0.02148	0.00587
1	0.37535	0.07662	0.06964	0.04757	0.06385	0.02958	0.02438	0.10302	0.06923	0.05730	0.02190	0.01076	0.00771	0.00502	0.00413	0.00148	0.01927	0.00360	0.00328	0.00632
2	0.05905	0.00546	0.00667	0.00723	0.05466	0.00562	0.00434	0.00821	0.00778	0.01119	0.04207	0.02733	0.03854	0.54193	0.12290	0.03843	0.00561	0.00641	0.00296	0.00360
3	0.01028	0.01607	0.34611	0.03902	0.10511	0.01052	0.10984	0.01492	0.07511	0.03872	0.01329	0.03527	0.05709	0.05544	0.00674	0.00179	0.05035	0.00505	0.00277	0.00654
4	0.01119	0.05047	0.12672	0.05843	0.21771	0.02885	0.08274	0.05063	0.02380	0.04686	0.06825	0.07623	0.02562	0.00643	0.00592	0.00158	0.07446	0.02138	0.00306	0.01969
5	0.00802	0.05087	0.00899	0.00874	0.05671	0.00678	0.02178	0.05521	0.01023	0.01358	0.04643	0.37704	0.09271	0.13809	0.00910	0.00224	0.04022	0.04477	0.00389	0.00457
6	0.12329	0.05762	0.06121	0.03383	0.04407	0.05133	0.00765	0.09270	0.06415	0.15107	0.07052	0.08952	0.05188	0.05779	0.02102	0.00183	0.00469	0.00569	0.00399	0.00614

[dist]
# distance from previous block
# <min> <max>
0	247

# created by:
# /home/cegg/simao/soft/augustus-3.2.1/scripts/msa2prfl.pl ./align_prep/EOG091G0MDD.fa
