[name]
unknown

[dist]
# distance from previous block
# <min> <max>
0	215

[block]
# block no. 0 follows, 48 sequences, length 8
# corresponding to MSA columns:
# 235-242
name=unknown_A
#
# <colnr> <probs for GDERKNQSTAVLIFYWHMCP>
#	G	D	E	R	K	N	Q	S	T	A	V	L	I	F	Y	W	H	M	C	P
0	0.07072	0.04899	0.03898	0.04741	0.10730	0.03256	0.02581	0.14741	0.01418	0.12789	0.09290	0.02060	0.04273	0.00746	0.01932	0.00169	0.00512	0.06739	0.02889	0.05268
1	0.03023	0.01128	0.01284	0.06802	0.08794	0.09152	0.02906	0.11367	0.14498	0.08425	0.11225	0.04013	0.03339	0.00677	0.00531	0.00154	0.01893	0.00562	0.03328	0.06901
2	0.03912	0.00681	0.00842	0.02440	0.06450	0.02855	0.00603	0.03924	0.02908	0.04455	0.10904	0.21325	0.04805	0.12802	0.05336	0.10548	0.00461	0.00815	0.03458	0.00477
3	0.01182	0.02750	0.03961	0.07595	0.12813	0.06318	0.03660	0.09167	0.07723	0.05389	0.13483	0.10987	0.07374	0.00796	0.00538	0.00163	0.00488	0.00690	0.04282	0.00641
4	0.09551	0.00649	0.00739	0.00697	0.00878	0.00650	0.00535	0.01394	0.06738	0.14010	0.08086	0.13810	0.06941	0.03713	0.04847	0.00208	0.00387	0.03604	0.22006	0.00555
5	0.01063	0.01382	0.27952	0.01102	0.01480	0.00878	0.06681	0.03294	0.01130	0.09112	0.10077	0.08550	0.01640	0.09478	0.08528	0.00266	0.02518	0.00623	0.03628	0.00617
6	0.01135	0.03383	0.05431	0.14366	0.07880	0.04425	0.07518	0.06080	0.01190	0.03700	0.07638	0.10258	0.01400	0.00691	0.00616	0.00157	0.07736	0.00584	0.03073	0.12739
7	0.00669	0.00491	0.00641	0.00713	0.00785	0.00444	0.00488	0.00781	0.01024	0.01395	0.08207	0.69231	0.03280	0.01464	0.00628	0.00194	0.00300	0.01324	0.00468	0.07472

[dist]
# distance from previous block
# <min> <max>
0	1

[block]
# block no. 1 follows, 48 sequences, length 10
# corresponding to MSA columns:
# 244-253
name=unknown_B
#
# <colnr> <probs for GDERKNQSTAVLIFYWHMCP>
#	G	D	E	R	K	N	Q	S	T	A	V	L	I	F	Y	W	H	M	C	P
0	0.09654	0.09087	0.10064	0.01279	0.05383	0.16577	0.05169	0.06231	0.04424	0.05232	0.00993	0.01280	0.00834	0.06586	0.00831	0.00187	0.14822	0.00426	0.00299	0.00643
1	0.00995	0.00938	0.01586	0.74090	0.09976	0.01147	0.01438	0.01334	0.01038	0.01342	0.00917	0.01360	0.00695	0.00508	0.00513	0.00169	0.00678	0.00456	0.00230	0.00591
2	0.06452	0.04535	0.03253	0.01264	0.10372	0.03063	0.02745	0.23301	0.14209	0.13305	0.03549	0.01726	0.06828	0.00649	0.00502	0.00157	0.00498	0.00526	0.02301	0.00764
3	0.00721	0.00495	0.00630	0.00673	0.00759	0.00452	0.00472	0.00854	0.01134	0.04710	0.21407	0.46070	0.14096	0.04173	0.00698	0.00200	0.00292	0.01214	0.00499	0.00451
4	0.00647	0.00479	0.00605	0.00662	0.00741	0.00437	0.00463	0.00782	0.01134	0.01512	0.22324	0.48382	0.17125	0.01412	0.00634	0.00190	0.00277	0.01258	0.00499	0.00437
5	0.05348	0.02922	0.03567	0.46707	0.10869	0.02948	0.04221	0.04576	0.06763	0.01555	0.01053	0.03563	0.00841	0.00557	0.00531	0.00168	0.02418	0.00481	0.00277	0.00633
6	0.00804	0.00530	0.00682	0.00668	0.00793	0.00482	0.00492	0.00993	0.01307	0.07479	0.46112	0.22976	0.12367	0.01184	0.00611	0.00174	0.00272	0.01046	0.00538	0.00491
7	0.06047	0.01121	0.01594	0.16774	0.12309	0.01244	0.07907	0.18730	0.06926	0.06931	0.06843	0.01518	0.01152	0.00615	0.00624	0.00168	0.07902	0.00508	0.00376	0.00711
8	0.85592	0.00992	0.00754	0.00675	0.00992	0.01151	0.00556	0.01508	0.00873	0.02302	0.00714	0.00834	0.00556	0.00476	0.00318	0.00159	0.00397	0.00278	0.00318	0.00556
9	0.09315	0.03927	0.06312	0.08802	0.09213	0.07810	0.04869	0.11445	0.04651	0.07865	0.01062	0.01203	0.00808	0.00511	0.00491	0.00141	0.02662	0.00405	0.00340	0.18169

[dist]
# distance from previous block
# <min> <max>
2	29

[block]
# block no. 2 follows, 48 sequences, length 16
# corresponding to MSA columns:
# 284-299
name=unknown_C
#
# <colnr> <probs for GDERKNQSTAVLIFYWHMCP>
#	G	D	E	R	K	N	Q	S	T	A	V	L	I	F	Y	W	H	M	C	P
0	0.03766	0.02911	0.03108	0.03132	0.01192	0.02327	0.00723	0.13699	0.10531	0.12731	0.11347	0.21270	0.04068	0.00989	0.02269	0.00184	0.00432	0.00783	0.02912	0.01627
1	0.03288	0.14044	0.05151	0.01038	0.04082	0.03257	0.00863	0.22136	0.05107	0.07688	0.04231	0.02801	0.02306	0.00564	0.00453	0.00131	0.00494	0.00438	0.00392	0.21538
2	0.00799	0.00611	0.00780	0.00752	0.00767	0.00700	0.00517	0.00853	0.00788	0.01097	0.01541	0.10847	0.01732	0.48707	0.12642	0.00463	0.14971	0.00740	0.00308	0.00386
3	0.00643	0.00463	0.00609	0.00696	0.00747	0.00429	0.00475	0.00760	0.01072	0.01445	0.16363	0.65313	0.06084	0.01498	0.00645	0.00199	0.00287	0.01352	0.00492	0.00429
4	0.01115	0.01217	0.02554	0.14050	0.02616	0.01184	0.57614	0.01499	0.01160	0.01559	0.01200	0.09497	0.01029	0.00564	0.00596	0.00176	0.00780	0.00669	0.00277	0.00646
5	0.65795	0.00944	0.00809	0.00774	0.03965	0.01072	0.00575	0.04587	0.00930	0.02117	0.00884	0.01254	0.00780	0.12962	0.00685	0.00210	0.00428	0.00364	0.00322	0.00542
6	0.00681	0.00463	0.00620	0.00707	0.00750	0.00435	0.00488	0.00740	0.00976	0.01294	0.05699	0.57182	0.07407	0.01582	0.00860	0.13203	0.00327	0.05751	0.00441	0.00394
7	0.00759	0.00565	0.00655	0.00644	0.00797	0.00514	0.00487	0.03245	0.02600	0.04009	0.25126	0.14151	0.38183	0.01223	0.00611	0.00177	0.00288	0.04978	0.00508	0.00481
8	0.01195	0.01010	0.01068	0.00970	0.01216	0.01157	0.00735	0.02423	0.66033	0.01970	0.02016	0.02135	0.01612	0.13143	0.00842	0.00224	0.00420	0.00606	0.00490	0.00735
9	0.01810	0.02244	0.01698	0.01445	0.01754	0.64862	0.12617	0.04866	0.01454	0.01391	0.00847	0.01007	0.00687	0.00517	0.00486	0.00139	0.00902	0.00378	0.00273	0.00620
10	0.01239	0.58905	0.10062	0.00898	0.01322	0.04430	0.00910	0.01441	0.01081	0.01279	0.01424	0.01483	0.12588	0.00579	0.00392	0.00126	0.00539	0.00411	0.00260	0.00632
11	0.00773	0.00564	0.00701	0.00716	0.00850	0.00532	0.00556	0.01026	0.05149	0.03688	0.28865	0.16136	0.20748	0.01238	0.00628	0.00187	0.00315	0.16329	0.00512	0.00487
12	0.02795	0.01256	0.09288	0.12825	0.10469	0.08428	0.01042	0.06505	0.11705	0.04150	0.13020	0.01726	0.01509	0.00743	0.03691	0.00178	0.00577	0.00513	0.00367	0.09212
13	0.00972	0.00900	0.01180	0.07863	0.04328	0.04298	0.03841	0.04165	0.02741	0.01438	0.02103	0.22477	0.14399	0.01034	0.00886	0.00190	0.22727	0.00817	0.01553	0.02088
14	0.00944	0.00775	0.03975	0.00820	0.00993	0.00711	0.00629	0.14888	0.02958	0.01750	0.07143	0.43915	0.04877	0.06333	0.00720	0.00201	0.00381	0.01041	0.00457	0.06489
15	0.06616	0.07506	0.15806	0.01310	0.08190	0.04200	0.06471	0.05618	0.14944	0.07085	0.05784	0.05465	0.01279	0.00634	0.00536	0.00160	0.03369	0.00523	0.01653	0.02850

[dist]
# distance from previous block
# <min> <max>
0	13

[block]
# block no. 3 follows, 48 sequences, length 24
# corresponding to MSA columns:
# 313-336
name=unknown_D
#
# <colnr> <probs for GDERKNQSTAVLIFYWHMCP>
#	G	D	E	R	K	N	Q	S	T	A	V	L	I	F	Y	W	H	M	C	P
0	0.07385	0.01077	0.01426	0.18099	0.16767	0.02837	0.01059	0.14714	0.02998	0.11087	0.01215	0.03452	0.00959	0.00625	0.01863	0.00163	0.00558	0.02101	0.00366	0.11248
1	0.01810	0.01032	0.01175	0.00941	0.01275	0.02538	0.00763	0.27156	0.07821	0.30398	0.05543	0.01703	0.01336	0.00647	0.00495	0.00152	0.00446	0.00514	0.13473	0.00783
2	0.04047	0.00606	0.00802	0.00835	0.00965	0.00596	0.02586	0.02832	0.01174	0.02763	0.10496	0.24271	0.12386	0.01314	0.00660	0.00206	0.01522	0.30984	0.00472	0.00480
3	0.00734	0.00545	0.00799	0.00799	0.00882	0.00628	0.00610	0.00900	0.00817	0.01172	0.01397	0.02144	0.01338	0.11286	0.72572	0.00793	0.01291	0.00568	0.00278	0.00444
4	0.01841	0.00974	0.01156	0.00935	0.01275	0.00984	0.00756	0.15645	0.18568	0.38714	0.01853	0.01713	0.01271	0.00641	0.00497	0.00156	0.00428	0.00516	0.11267	0.00809
5	0.00875	0.00717	0.00995	0.00995	0.01067	0.00841	0.00825	0.01055	0.01053	0.01454	0.09253	0.12280	0.02456	0.02859	0.03569	0.00247	0.23391	0.35178	0.00402	0.00489
6	0.00829	0.00531	0.00660	0.00687	0.00741	0.00520	0.00475	0.00910	0.00929	0.05347	0.03752	0.14878	0.02355	0.46752	0.01760	0.00374	0.00455	0.17256	0.00393	0.00395
7	0.00625	0.00447	0.00595	0.00714	0.00744	0.00417	0.00476	0.00714	0.00982	0.01310	0.02828	0.81633	0.03394	0.01608	0.00655	0.00208	0.00298	0.01459	0.00476	0.00417
8	0.01859	0.06692	0.01551	0.01377	0.05044	0.70208	0.01011	0.03857	0.01443	0.01321	0.00807	0.00943	0.00673	0.00523	0.00459	0.00132	0.00882	0.00336	0.00268	0.00615
9	0.01300	0.04008	0.01200	0.01021	0.04640	0.00970	0.03450	0.10186	0.20761	0.13298	0.25581	0.04097	0.03668	0.00780	0.00542	0.00161	0.00403	0.00670	0.00511	0.02755
10	0.01330	0.01294	0.02364	0.11982	0.21142	0.04759	0.38110	0.03290	0.01235	0.07775	0.01076	0.01359	0.00811	0.00473	0.00555	0.00164	0.00743	0.00528	0.00290	0.00720
11	0.85592	0.00992	0.00754	0.00675	0.00992	0.01151	0.00556	0.01508	0.00873	0.02302	0.00714	0.00834	0.00556	0.00476	0.00318	0.00159	0.00397	0.00278	0.00318	0.00556
12	0.00991	0.00934	0.01579	0.75073	0.09023	0.01146	0.01436	0.01330	0.01036	0.01338	0.00916	0.01361	0.00693	0.00509	0.00513	0.00170	0.00679	0.00456	0.00230	0.00588
13	0.00861	0.00653	0.00766	0.00712	0.00877	0.00655	0.00541	0.03722	0.15157	0.02009	0.47910	0.04927	0.12761	0.00988	0.00575	0.00164	0.00285	0.00855	0.05034	0.00548
14	0.00697	0.05625	0.00744	0.00725	0.00797	0.00540	0.00520	0.00807	0.01018	0.01337	0.05204	0.59825	0.07235	0.05098	0.00723	0.00214	0.00334	0.07666	0.00455	0.00435
15	0.00782	0.00593	0.00844	0.00828	0.00901	0.00701	0.00636	0.00942	0.00839	0.01233	0.01421	0.06342	0.01385	0.09523	0.56358	0.00659	0.09228	0.00600	0.05729	0.00456
16	0.01406	0.77245	0.02611	0.00906	0.01334	0.06938	0.00885	0.01569	0.01069	0.01210	0.00718	0.00830	0.00659	0.00445	0.00338	0.00111	0.00572	0.00278	0.00222	0.00654
17	0.01358	0.00815	0.00964	0.00835	0.01081	0.00812	0.00650	0.14539	0.10010	0.20752	0.13211	0.14964	0.11405	0.02523	0.00597	0.00175	0.00379	0.00792	0.03475	0.00662
18	0.00621	0.00512	0.00538	0.00555	0.00701	0.00438	0.00407	0.00742	0.01127	0.01362	0.04681	0.14113	0.64029	0.05239	0.00712	0.00195	0.00281	0.02854	0.00468	0.00426
19	0.00648	0.00497	0.00593	0.00636	0.00741	0.00445	0.00459	0.00786	0.01142	0.01476	0.17021	0.33160	0.32416	0.02978	0.00669	0.00194	0.00286	0.04929	0.00488	0.00436
20	0.00790	0.00609	0.00891	0.00867	0.00961	0.00725	0.00681	0.02946	0.00864	0.01248	0.01326	0.01939	0.01234	0.03577	0.72906	0.00769	0.06373	0.00541	0.00278	0.00476
21	0.04997	0.01084	0.01619	0.33259	0.26113	0.03902	0.02455	0.08044	0.01170	0.01610	0.00950	0.01309	0.00763	0.00676	0.02650	0.05531	0.02503	0.00448	0.00268	0.00649
22	0.01113	0.03075	0.01028	0.04503	0.02516	0.08930	0.00715	0.07659	0.10416	0.05022	0.10375	0.21864	0.06836	0.02176	0.03609	0.00198	0.00479	0.03401	0.00437	0.05647
23	0.07225	0.11125	0.04486	0.04304	0.10802	0.09209	0.05518	0.06841	0.02377	0.01618	0.00940	0.02531	0.00815	0.02899	0.02088	0.00171	0.13343	0.00421	0.00284	0.13002

[dist]
# distance from previous block
# <min> <max>
0	10

[block]
# block no. 4 follows, 48 sequences, length 32
# corresponding to MSA columns:
# 347-378
name=unknown_E
#
# <colnr> <probs for GDERKNQSTAVLIFYWHMCP>
#	G	D	E	R	K	N	Q	S	T	A	V	L	I	F	Y	W	H	M	C	P
0	0.09267	0.15668	0.08462	0.01062	0.02779	0.15548	0.02399	0.09935	0.01313	0.08969	0.03460	0.01198	0.00911	0.00529	0.00455	0.00135	0.02113	0.00384	0.04404	0.11008
1	0.06937	0.08640	0.11329	0.01027	0.01349	0.04635	0.00923	0.09678	0.19885	0.05429	0.09118	0.04651	0.01484	0.00807	0.03402	0.00187	0.06696	0.00534	0.02604	0.00685
2	0.00724	0.00521	0.00674	0.00667	0.00740	0.00532	0.00470	0.00855	0.00990	0.01368	0.21765	0.05716	0.07582	0.28559	0.26098	0.00482	0.00683	0.00777	0.00382	0.00413
3	0.00666	0.00467	0.00624	0.00707	0.00740	0.00459	0.00475	0.00744	0.00917	0.01235	0.02393	0.57124	0.02804	0.12896	0.11747	0.03506	0.00477	0.01200	0.00417	0.00401
4	0.00655	0.00490	0.00609	0.00645	0.00740	0.00444	0.00459	0.00806	0.01187	0.01583	0.29250	0.37111	0.21456	0.01345	0.00627	0.00184	0.00270	0.01189	0.00507	0.00444
5	0.01049	0.07382	0.74759	0.01428	0.02167	0.01241	0.01835	0.01620	0.01081	0.01600	0.00908	0.01068	0.00650	0.00485	0.00478	0.00159	0.00746	0.00373	0.00217	0.00752
6	0.00940	0.00509	0.00536	0.00527	0.00653	0.00515	0.00397	0.01225	0.04124	0.01913	0.09071	0.02101	0.01663	0.00747	0.02886	0.00148	0.00282	0.00528	0.70743	0.00491
7	0.01376	0.75729	0.06232	0.00916	0.01369	0.01976	0.00929	0.04178	0.01092	0.01298	0.00741	0.00850	0.00666	0.00447	0.00343	0.00114	0.00559	0.00286	0.00230	0.00671
8	0.04587	0.01272	0.05823	0.06671	0.04842	0.05050	0.02478	0.28437	0.09413	0.16719	0.05310	0.04505	0.01259	0.00652	0.00515	0.00160	0.00538	0.00529	0.00467	0.00772
9	0.02553	0.06604	0.11344	0.07503	0.02960	0.04741	0.06914	0.15816	0.15714	0.12821	0.03415	0.03132	0.01155	0.02366	0.00553	0.00167	0.00573	0.00510	0.00412	0.00746
10	0.04330	0.00686	0.02158	0.03398	0.01029	0.00626	0.00611	0.02548	0.02769	0.18980	0.26956	0.11984	0.13093	0.00986	0.00565	0.00169	0.00341	0.03844	0.04350	0.00578
11	0.01322	0.01038	0.05464	0.03700	0.07936	0.03717	0.03307	0.16923	0.02457	0.13114	0.14611	0.16211	0.04602	0.00858	0.00554	0.00167	0.00467	0.00742	0.02142	0.00667
12	0.07199	0.25030	0.13655	0.01116	0.01570	0.06070	0.06885	0.12667	0.04027	0.06085	0.01048	0.03309	0.00841	0.00527	0.00439	0.00139	0.00586	0.00406	0.00323	0.08078
13	0.03199	0.05577	0.15374	0.02564	0.06730	0.02730	0.04013	0.16537	0.05054	0.16779	0.01475	0.01529	0.04746	0.00776	0.05173	0.00191	0.00608	0.00478	0.00399	0.06066
14	0.00643	0.00471	0.00586	0.00660	0.00718	0.00434	0.00445	0.00742	0.01026	0.01350	0.09263	0.54154	0.15813	0.10149	0.00853	0.00230	0.00308	0.01276	0.00466	0.00414
15	0.01003	0.00987	0.05569	0.06812	0.07134	0.00916	0.18785	0.04101	0.04707	0.03147	0.08020	0.20765	0.06056	0.00921	0.00630	0.00183	0.03061	0.06223	0.00384	0.00597
16	0.01254	0.03430	0.01881	0.19347	0.43756	0.06319	0.05663	0.01566	0.02407	0.04255	0.01180	0.01450	0.04191	0.00519	0.00512	0.00157	0.00634	0.00483	0.00276	0.00721
17	0.01053	0.01017	0.01405	0.01233	0.01252	0.01380	0.01009	0.01218	0.03718	0.01310	0.04045	0.10882	0.01196	0.00981	0.01475	0.00218	0.65185	0.00593	0.00279	0.00550
18	0.00652	0.00460	0.00601	0.00707	0.00750	0.00432	0.00484	0.00754	0.00997	0.01337	0.02830	0.69038	0.06057	0.04122	0.00708	0.00215	0.00311	0.05659	0.03467	0.00419
19	0.01310	0.01245	0.01835	0.06076	0.54654	0.08303	0.02582	0.03866	0.01227	0.03903	0.01171	0.05511	0.01047	0.00583	0.00524	0.00159	0.00617	0.04347	0.00295	0.00746
20	0.00783	0.00604	0.00839	0.03614	0.06582	0.00609	0.00691	0.00979	0.02863	0.01478	0.10932	0.32607	0.05922	0.06570	0.00799	0.00222	0.02609	0.20374	0.00444	0.00479
21	0.00735	0.00540	0.00776	0.00776	0.00851	0.00615	0.00581	0.00885	0.00810	0.01155	0.01419	0.02261	0.01389	0.18148	0.65780	0.00765	0.01214	0.00586	0.00281	0.00431
22	0.01161	0.01108	0.01886	0.31218	0.51549	0.01191	0.01521	0.01479	0.01117	0.01544	0.00946	0.01305	0.00766	0.00477	0.00510	0.00159	0.00636	0.00457	0.00245	0.00725
23	0.04366	0.00519	0.00616	0.00647	0.00760	0.00480	0.00471	0.00842	0.01173	0.01597	0.25044	0.31180	0.24924	0.01304	0.00614	0.00184	0.00282	0.04054	0.00495	0.00449
24	0.04671	0.00923	0.01519	0.75237	0.05365	0.01143	0.01391	0.01326	0.01023	0.01364	0.00905	0.01342	0.00682	0.00510	0.00504	0.00170	0.00670	0.00448	0.00233	0.00576
25	0.01142	0.01057	0.01736	0.47502	0.30596	0.01198	0.01450	0.06351	0.01168	0.01569	0.00952	0.01324	0.00743	0.00500	0.00511	0.00163	0.00649	0.00457	0.00256	0.00677
26	0.01337	0.06455	0.02024	0.07746	0.55140	0.08014	0.04021	0.04590	0.02778	0.01656	0.00967	0.01234	0.00798	0.00476	0.00497	0.00150	0.00640	0.00442	0.00267	0.00767
27	0.00744	0.00532	0.00662	0.00627	0.00766	0.00479	0.00471	0.00957	0.01381	0.04186	0.58393	0.05552	0.21135	0.01104	0.00604	0.00165	0.00253	0.00961	0.00545	0.00483
28	0.01405	0.31027	0.12087	0.03763	0.04069	0.11634	0.05478	0.09436	0.11743	0.01661	0.02476	0.01181	0.00894	0.00524	0.00445	0.00141	0.00625	0.00399	0.00306	0.00707
29	0.00637	0.00514	0.00567	0.00569	0.00716	0.00444	0.00421	0.00789	0.01218	0.01538	0.22348	0.12414	0.53486	0.01271	0.00611	0.00174	0.00259	0.01084	0.00497	0.00444
30	0.02949	0.12611	0.18526	0.01232	0.04940	0.01283	0.05002	0.15193	0.12598	0.06783	0.05407	0.07216	0.01295	0.00657	0.00520	0.00160	0.01974	0.00539	0.00384	0.00733
31	0.01284	0.08146	0.04038	0.01148	0.05653	0.10696	0.04088	0.06861	0.07603	0.03375	0.05590	0.04711	0.01166	0.00593	0.00559	0.00135	0.06932	0.00463	0.00340	0.26619

[dist]
# distance from previous block
# <min> <max>
1	3

[block]
# block no. 5 follows, 48 sequences, length 12
# corresponding to MSA columns:
# 382-393
name=unknown_F
#
# <colnr> <probs for GDERKNQSTAVLIFYWHMCP>
#	G	D	E	R	K	N	Q	S	T	A	V	L	I	F	Y	W	H	M	C	P
0	0.03814	0.24670	0.30758	0.01272	0.06263	0.03365	0.01283	0.07470	0.05335	0.03046	0.00956	0.01078	0.00744	0.00500	0.00465	0.00142	0.02524	0.00367	0.00276	0.05671
1	0.00762	0.00606	0.00764	0.00847	0.03044	0.02667	0.00597	0.00941	0.04040	0.01334	0.02441	0.39692	0.07726	0.07283	0.15300	0.00336	0.02659	0.08092	0.00411	0.00459
2	0.01473	0.07266	0.03448	0.10180	0.13589	0.08851	0.01053	0.17057	0.09556	0.08224	0.03588	0.01542	0.01100	0.00611	0.00539	0.00156	0.03619	0.02567	0.04859	0.00722
3	0.00856	0.00578	0.00722	0.00666	0.00838	0.00507	0.00501	0.01051	0.01301	0.08321	0.41082	0.14511	0.17098	0.01074	0.00584	0.00162	0.00282	0.00937	0.00518	0.08410
4	0.00877	0.00459	0.00675	0.00675	0.00692	0.00470	0.00463	0.00727	0.00710	0.00985	0.00991	0.01632	0.00960	0.01945	0.10657	0.70639	0.00538	0.00459	0.05182	0.00264
5	0.01734	0.00867	0.01138	0.00913	0.01230	0.00823	0.03206	0.09393	0.07888	0.42031	0.15846	0.02151	0.03724	0.00763	0.00587	0.03204	0.00416	0.00604	0.02734	0.00747
6	0.01192	0.00782	0.03851	0.00820	0.01038	0.00703	0.00663	0.11180	0.01431	0.17006	0.27340	0.15854	0.05560	0.04787	0.00679	0.00188	0.00378	0.05428	0.00524	0.00600
7	0.00837	0.00586	0.00797	0.00806	0.03588	0.00587	0.03478	0.02322	0.00923	0.03439	0.03493	0.15111	0.04435	0.37520	0.12810	0.03205	0.00585	0.01966	0.03092	0.00420
8	0.13428	0.16879	0.03432	0.05009	0.03573	0.09614	0.02794	0.09773	0.02862	0.01752	0.00947	0.01155	0.00786	0.02907	0.03342	0.00165	0.01905	0.00370	0.02153	0.17153
9	0.03022	0.03259	0.13203	0.03003	0.09201	0.03819	0.07331	0.06686	0.02925	0.05530	0.05963	0.06203	0.01208	0.00583	0.00502	0.00139	0.01856	0.00499	0.01674	0.23392
10	0.08605	0.16707	0.07121	0.01142	0.07598	0.03120	0.03443	0.08612	0.10257	0.03917	0.05336	0.08410	0.01342	0.04098	0.03133	0.00185	0.00534	0.00537	0.00359	0.05544
11	0.08835	0.10130	0.04734	0.07519	0.05281	0.05903	0.02617	0.03746	0.04685	0.07022	0.03797	0.05791	0.09694	0.02560	0.02760	0.00173	0.00512	0.00549	0.04529	0.09163

[dist]
# distance from previous block
# <min> <max>
1	46

[block]
# block no. 6 follows, 48 sequences, length 23
# corresponding to MSA columns:
# 440-446,454-462,469-475
name=unknown_G
#
# <colnr> <probs for GDERKNQSTAVLIFYWHMCP>
#	G	D	E	R	K	N	Q	S	T	A	V	L	I	F	Y	W	H	M	C	P
0	0.09330	0.14880	0.10051	0.02789	0.02896	0.09017	0.02078	0.03093	0.02385	0.15639	0.05752	0.01480	0.02659	0.02355	0.02842	0.00171	0.03037	0.00441	0.02066	0.07038
1	0.00940	0.00730	0.00842	0.05320	0.01079	0.02750	0.00623	0.05536	0.12975	0.04305	0.17392	0.19902	0.17444	0.02596	0.00666	0.02654	0.00367	0.02861	0.00478	0.00542
2	0.00834	0.02747	0.00784	0.00728	0.00866	0.00647	0.00555	0.07149	0.02966	0.01658	0.17486	0.19607	0.20263	0.06669	0.03125	0.00221	0.02163	0.07979	0.03061	0.00491
3	0.01024	0.05465	0.00871	0.02654	0.00958	0.02213	0.00563	0.06211	0.01237	0.10636	0.09123	0.17956	0.27328	0.01114	0.00639	0.04806	0.00356	0.00885	0.05434	0.00526
4	0.06115	0.00988	0.07828	0.00882	0.01127	0.03287	0.00742	0.05140	0.14430	0.09883	0.09848	0.04775	0.06048	0.10607	0.11696	0.00294	0.02204	0.00627	0.02875	0.00605
5	0.03443	0.01156	0.07529	0.16986	0.17302	0.03838	0.01096	0.04068	0.01177	0.08653	0.02726	0.01414	0.03146	0.00524	0.00493	0.00139	0.02026	0.00438	0.02507	0.21338
6	0.01372	0.82276	0.02689	0.00878	0.01317	0.02030	0.00878	0.01536	0.01043	0.01207	0.00713	0.00823	0.00658	0.00439	0.00329	0.00110	0.00549	0.00274	0.00219	0.00658
7	0.01107	0.00911	0.01068	0.00765	0.01219	0.00686	0.00613	0.01334	0.01078	0.04376	0.00951	0.01088	0.00778	0.00389	0.00385	0.00079	0.00382	0.00311	0.00316	0.82163
8	0.00969	0.00912	0.01539	0.80734	0.03534	0.01140	0.01425	0.01311	0.01026	0.01311	0.00912	0.01368	0.00684	0.00513	0.00513	0.00171	0.00684	0.00456	0.00228	0.00570
9	0.00859	0.00632	0.00766	0.00779	0.00905	0.00643	0.00572	0.01230	0.15239	0.05470	0.10415	0.39850	0.13309	0.01265	0.00646	0.00191	0.02892	0.03315	0.00493	0.00528
10	0.01290	0.04161	0.11698	0.02607	0.07583	0.02440	0.04217	0.10019	0.03994	0.09197	0.03642	0.02970	0.01069	0.03127	0.04234	0.00179	0.03315	0.00461	0.00352	0.23446
11	0.03858	0.09239	0.11467	0.06332	0.04850	0.02281	0.07927	0.09331	0.05544	0.04957	0.07339	0.13266	0.02986	0.00762	0.00520	0.00164	0.00522	0.02869	0.05144	0.00643
12	0.00694	0.00494	0.00668	0.00782	0.00839	0.00475	0.00582	0.00826	0.01037	0.01370	0.02749	0.54724	0.03198	0.04468	0.00743	0.00228	0.00360	0.24866	0.00469	0.00431
13	0.81920	0.00987	0.00773	0.00685	0.01006	0.01134	0.00564	0.01552	0.00899	0.05689	0.00772	0.00874	0.00587	0.00483	0.00326	0.00159	0.00399	0.00288	0.00332	0.00570
14	0.00889	0.00675	0.02766	0.03727	0.01013	0.00701	0.00664	0.04651	0.03821	0.01369	0.08226	0.13198	0.04477	0.01782	0.15022	0.25513	0.06752	0.03974	0.00342	0.00437
15	0.00987	0.00930	0.01571	0.76165	0.07965	0.01145	0.01434	0.01327	0.01034	0.01333	0.00915	0.01362	0.00692	0.00510	0.00513	0.00170	0.00680	0.00456	0.00230	0.00584
16	0.00783	0.00573	0.00695	0.00699	0.00824	0.00544	0.00517	0.05346	0.01244	0.03643	0.21125	0.31242	0.23977	0.01287	0.00641	0.00185	0.01920	0.03777	0.00498	0.00481
17	0.00637	0.00489	0.00584	0.00628	0.00729	0.00436	0.00445	0.00771	0.01143	0.01482	0.18223	0.37721	0.32096	0.01384	0.00627	0.00186	0.00273	0.01215	0.00493	0.00436
18	0.03662	0.00806	0.00950	0.05525	0.01193	0.00843	0.00679	0.07315	0.19786	0.13371	0.14493	0.12627	0.08432	0.00880	0.00539	0.00168	0.00373	0.00748	0.06966	0.00644
19	0.04114	0.15354	0.05250	0.01176	0.07593	0.05016	0.06743	0.02983	0.06646	0.01629	0.01070	0.04694	0.00921	0.00522	0.00475	0.00126	0.03292	0.00423	0.02900	0.29073
20	0.01527	0.08783	0.03554	0.06365	0.19925	0.04493	0.08134	0.23422	0.04134	0.08035	0.01237	0.01541	0.00982	0.00584	0.00513	0.00157	0.00607	0.04866	0.00376	0.00765
21	0.06435	0.20503	0.07908	0.01306	0.06735	0.06786	0.10123	0.13067	0.06141	0.03354	0.01293	0.03181	0.05429	0.00601	0.00536	0.00153	0.04953	0.00475	0.00329	0.00693
22	0.12145	0.07308	0.12388	0.03136	0.05776	0.01023	0.02380	0.03939	0.11016	0.05431	0.12652	0.03694	0.08623	0.00829	0.03324	0.00183	0.00497	0.02028	0.00390	0.03239

[dist]
# distance from previous block
# <min> <max>
5	20

[block]
# block no. 7 follows, 48 sequences, length 57
# corresponding to MSA columns:
# 501-550,552-558
name=unknown_H
#
# <colnr> <probs for GDERKNQSTAVLIFYWHMCP>
#	G	D	E	R	K	N	Q	S	T	A	V	L	I	F	Y	W	H	M	C	P
0	0.16545	0.04537	0.06449	0.04053	0.03813	0.05442	0.03801	0.19170	0.08623	0.06860	0.04211	0.04016	0.01131	0.00613	0.00473	0.00154	0.00524	0.02166	0.00398	0.07023
1	0.03810	0.14737	0.10695	0.05119	0.03096	0.12447	0.13225	0.10388	0.02730	0.04386	0.03175	0.04122	0.03553	0.00588	0.00512	0.00151	0.02353	0.00487	0.01528	0.02897
2	0.03957	0.10265	0.07548	0.15462	0.02756	0.04033	0.00977	0.12464	0.07189	0.05802	0.04143	0.06048	0.04454	0.00793	0.03551	0.00180	0.00566	0.02672	0.00366	0.06772
3	0.10803	0.07964	0.09419	0.02420	0.05703	0.25452	0.09739	0.06475	0.01264	0.01630	0.03578	0.03310	0.01911	0.02093	0.01649	0.01320	0.02522	0.00449	0.01673	0.00627
4	0.01531	0.17787	0.09207	0.05264	0.02907	0.14815	0.01008	0.22309	0.01496	0.04989	0.01089	0.03505	0.00891	0.02742	0.01768	0.00162	0.01984	0.00429	0.03271	0.02846
5	0.00788	0.00628	0.00920	0.00888	0.00964	0.00766	0.00697	0.00955	0.00816	0.01190	0.01285	0.01940	0.01219	0.06303	0.66135	0.00729	0.12499	0.00543	0.00269	0.00467
6	0.01099	0.01170	0.06385	0.15258	0.08428	0.01238	0.15820	0.01545	0.11129	0.01567	0.05726	0.02852	0.01189	0.00691	0.00838	0.00185	0.20809	0.03120	0.00305	0.00644
7	0.01101	0.04267	0.13015	0.10939	0.08008	0.02201	0.04814	0.05473	0.05490	0.06992	0.02057	0.09638	0.14245	0.04237	0.00669	0.02427	0.00530	0.02913	0.00366	0.00619
8	0.00855	0.03826	0.00996	0.00903	0.00942	0.00873	0.00686	0.00947	0.00882	0.01249	0.01736	0.32629	0.01969	0.11311	0.05823	0.02641	0.25956	0.02061	0.03257	0.00459
9	0.00969	0.00912	0.01539	0.80734	0.03534	0.01140	0.01425	0.01311	0.01026	0.01311	0.00912	0.01368	0.00684	0.00513	0.00513	0.00171	0.00684	0.00456	0.00228	0.00570
10	0.00791	0.00580	0.00860	0.00850	0.00947	0.00674	0.00668	0.00975	0.00854	0.03260	0.01419	0.02123	0.01326	0.03568	0.72092	0.00764	0.04063	0.03423	0.00290	0.00473
11	0.01224	0.01161	0.02929	0.32185	0.21901	0.04366	0.07715	0.09216	0.05666	0.02818	0.01197	0.03587	0.02642	0.00562	0.00524	0.00164	0.00640	0.00513	0.00303	0.00688
12	0.00727	0.00607	0.00947	0.00935	0.02651	0.00575	0.09996	0.00874	0.01047	0.01394	0.06121	0.55465	0.10745	0.02675	0.00694	0.00202	0.02204	0.01234	0.00440	0.00466
13	0.85592	0.00992	0.00754	0.00675	0.00992	0.01151	0.00556	0.01508	0.00873	0.02302	0.00714	0.00834	0.00556	0.00476	0.00318	0.00159	0.00397	0.00278	0.00318	0.00556
14	0.00676	0.00516	0.00621	0.00608	0.00739	0.00461	0.00451	0.00866	0.01314	0.01760	0.46572	0.11035	0.30149	0.01184	0.00610	0.00170	0.00253	0.01028	0.00527	0.00461
15	0.36737	0.00928	0.00928	0.00746	0.01103	0.00920	0.00607	0.05439	0.01121	0.14864	0.01096	0.01163	0.00813	0.00494	0.00381	0.00132	0.00394	0.00351	0.07773	0.24008
16	0.01055	0.02476	0.68625	0.01561	0.02285	0.01206	0.12401	0.01628	0.01101	0.01628	0.00937	0.01125	0.00668	0.00480	0.00504	0.00164	0.00773	0.00411	0.00223	0.00749
17	0.83244	0.00995	0.00765	0.00685	0.01002	0.01155	0.00563	0.01542	0.03016	0.02298	0.00753	0.00864	0.00584	0.00482	0.00323	0.00159	0.00397	0.00286	0.00323	0.00563
18	0.00849	0.02984	0.04874	0.00758	0.00941	0.00653	0.00615	0.02837	0.05721	0.03243	0.38791	0.17650	0.08337	0.01051	0.00599	0.00168	0.01733	0.02063	0.02011	0.04121
19	0.04064	0.01324	0.11288	0.06597	0.09307	0.09947	0.07609	0.07908	0.03272	0.04374	0.15945	0.04690	0.05428	0.00710	0.00579	0.00163	0.03962	0.00599	0.01588	0.00643
20	0.01280	0.51374	0.28815	0.01098	0.01638	0.05346	0.01231	0.01590	0.01076	0.01352	0.00788	0.00917	0.00656	0.00460	0.00389	0.00129	0.00638	0.00313	0.00221	0.00690
21	0.00672	0.00521	0.00657	0.00714	0.00782	0.00513	0.00510	0.00781	0.01031	0.01350	0.06100	0.49154	0.20794	0.04229	0.00782	0.00211	0.05871	0.04437	0.00457	0.00432
22	0.03470	0.00905	0.01090	0.00798	0.01226	0.00713	0.03229	0.01303	0.02464	0.01700	0.03814	0.01330	0.03907	0.00449	0.00405	0.00090	0.00388	0.00370	0.00323	0.72024
23	0.00993	0.02879	0.00974	0.00762	0.01085	0.00718	0.00592	0.03594	0.07674	0.01679	0.03470	0.16046	0.07218	0.00728	0.00466	0.00122	0.00360	0.00618	0.03307	0.46714
24	0.78021	0.02619	0.02858	0.00710	0.01045	0.01152	0.00606	0.01556	0.00909	0.05696	0.00778	0.00881	0.00592	0.00483	0.00331	0.00158	0.00411	0.00291	0.00327	0.00577
25	0.01250	0.02698	0.11005	0.12827	0.22184	0.12534	0.03837	0.05051	0.04505	0.03129	0.13303	0.01713	0.01461	0.00606	0.00519	0.00157	0.00618	0.01591	0.00330	0.00681
26	0.01610	0.00829	0.01001	0.00810	0.01095	0.00813	0.02573	0.16510	0.01473	0.28020	0.01675	0.01695	0.01190	0.00606	0.00448	0.00140	0.00388	0.00488	0.36422	0.02215
27	0.00865	0.00612	0.00717	0.00717	0.00795	0.00619	0.00486	0.11430	0.01097	0.01460	0.02178	0.34390	0.04567	0.34083	0.01430	0.00318	0.00420	0.02965	0.00414	0.00440
28	0.01064	0.00912	0.01064	0.00760	0.01216	0.00684	0.00608	0.01292	0.01064	0.01672	0.00912	0.01064	0.00760	0.00380	0.00380	0.00076	0.00380	0.00304	0.00304	0.85104
29	0.00726	0.00544	0.00679	0.00761	0.00829	0.00544	0.00527	0.01006	0.11744	0.01422	0.02680	0.65777	0.03073	0.04261	0.00706	0.00214	0.00324	0.03235	0.00477	0.00470
30	0.01029	0.02654	0.79309	0.01462	0.02221	0.01192	0.01896	0.01625	0.01083	0.01625	0.00921	0.01083	0.00650	0.00487	0.00487	0.00162	0.00758	0.00379	0.00217	0.00758
31	0.01433	0.00962	0.01096	0.00941	0.01211	0.02615	0.00768	0.27913	0.04289	0.12777	0.06613	0.02615	0.08332	0.01152	0.08544	0.00235	0.00552	0.12050	0.05222	0.00678
32	0.01917	0.02445	0.01454	0.01322	0.01586	0.79907	0.00991	0.02049	0.01454	0.01256	0.00793	0.00925	0.00661	0.00529	0.00463	0.00132	0.00925	0.00330	0.00264	0.00595
33	0.08491	0.00589	0.00689	0.00671	0.00828	0.00568	0.00499	0.01288	0.01112	0.16502	0.04744	0.31067	0.02124	0.00980	0.00502	0.00164	0.00312	0.00843	0.27488	0.00538
34	0.01326	0.61997	0.02234	0.00846	0.01228	0.01681	0.00805	0.01533	0.02771	0.06445	0.13429	0.01394	0.01395	0.00556	0.00390	0.00123	0.00489	0.00403	0.00309	0.00648
35	0.00732	0.00525	0.00705	0.00708	0.00763	0.00573	0.00499	0.00838	0.00806	0.01121	0.01606	0.04655	0.03545	0.34981	0.44951	0.00661	0.00968	0.00665	0.00300	0.00398
36	0.00683	0.00488	0.00662	0.00781	0.00836	0.00467	0.00578	0.00815	0.01040	0.01375	0.02796	0.59696	0.03266	0.01553	0.00670	0.00216	0.00348	0.22819	0.00475	0.00433
37	0.01556	0.04786	0.01639	0.01360	0.02864	0.29796	0.04345	0.13573	0.01319	0.01583	0.00827	0.01071	0.00707	0.00675	0.00939	0.00172	0.31456	0.00409	0.00286	0.00636
38	0.71535	0.00972	0.00828	0.00715	0.01046	0.01084	0.00589	0.01676	0.00974	0.15267	0.00936	0.00988	0.00676	0.00503	0.00351	0.00159	0.00404	0.00318	0.00371	0.00609
39	0.00682	0.00523	0.00625	0.00599	0.00740	0.00465	0.00450	0.00883	0.01349	0.01811	0.51593	0.04238	0.31899	0.01141	0.00606	0.00166	0.00249	0.00985	0.00532	0.00465
40	0.01783	0.01355	0.01407	0.01167	0.04422	0.06154	0.00913	0.58993	0.02119	0.02869	0.01257	0.01310	0.00919	0.00602	0.00488	0.00148	0.00543	0.00456	0.12296	0.00798
41	0.00791	0.00556	0.00630	0.00588	0.00652	0.00524	0.00353	0.00823	0.00791	0.01090	0.01518	0.03037	0.01711	0.70540	0.02299	0.00438	0.00481	0.00684	0.00310	0.12187
42	0.01297	0.10841	0.01690	0.01467	0.12209	0.03517	0.01079	0.09449	0.13544	0.01648	0.01022	0.01258	0.00867	0.00763	0.02424	0.00194	0.35290	0.00451	0.00308	0.00680
43	0.01270	0.01219	0.02083	0.03149	0.78767	0.01219	0.01575	0.01575	0.01168	0.01676	0.00965	0.01270	0.00813	0.00457	0.00508	0.00152	0.00610	0.00457	0.00254	0.00813
44	0.73783	0.01008	0.00811	0.00727	0.01040	0.01169	0.00592	0.01679	0.11653	0.02280	0.00907	0.00985	0.00697	0.00507	0.00346	0.00161	0.00398	0.00320	0.00346	0.00592
45	0.01091	0.00754	0.00615	0.00596	0.00736	0.11603	0.00447	0.01315	0.01129	0.01821	0.01550	0.01775	0.01224	0.00588	0.00373	0.00121	0.00335	0.00458	0.72974	0.00495
46	0.00735	0.00542	0.00788	0.00788	0.00866	0.00621	0.00595	0.00892	0.00814	0.01164	0.01408	0.02204	0.01364	0.14790	0.69104	0.00779	0.01252	0.00577	0.00280	0.00438
47	0.00640	0.00512	0.00572	0.00577	0.00719	0.00444	0.00425	0.00794	0.01220	0.01552	0.24061	0.14071	0.50061	0.01272	0.00612	0.00174	0.00260	0.01089	0.00500	0.00444
48	0.85592	0.00992	0.00754	0.00675	0.00992	0.01151	0.00556	0.01508	0.00873	0.02302	0.00714	0.00834	0.00556	0.00476	0.00318	0.00159	0.00397	0.00278	0.00318	0.00556
49	0.01166	0.01253	0.02697	0.01953	0.02400	0.01178	0.66194	0.01507	0.01135	0.01538	0.01018	0.01409	0.00794	0.00622	0.00802	0.12064	0.00806	0.00583	0.00254	0.00626
50	0.01042	0.02440	0.68421	0.01446	0.02098	0.01245	0.01787	0.01570	0.01042	0.01570	0.00886	0.01089	0.00653	0.00545	0.00655	0.00171	0.12001	0.00389	0.00218	0.00731
51	0.00687	0.00512	0.00661	0.00721	0.00810	0.00454	0.00495	0.00795	0.00994	0.01361	0.02560	0.70348	0.03025	0.01436	0.00616	0.00190	0.00309	0.01297	0.00452	0.12278
52	0.01366	0.01290	0.01201	0.01083	0.01370	0.12289	0.00837	0.02632	0.67141	0.02022	0.01907	0.01776	0.01440	0.00673	0.00514	0.00168	0.00479	0.00545	0.00486	0.00782
53	0.02067	0.00813	0.01107	0.00885	0.01231	0.00707	0.00715	0.02250	0.01401	0.68224	0.02137	0.12935	0.01568	0.00771	0.00535	0.00166	0.00417	0.00648	0.00613	0.00809
54	0.00929	0.00868	0.01415	0.66809	0.05745	0.01044	0.01285	0.01240	0.01051	0.01334	0.01514	0.01865	0.11596	0.00621	0.00526	0.00171	0.00622	0.00544	0.00264	0.00559
55	0.01373	0.01071	0.01160	0.01009	0.01305	0.01199	0.00794	0.12925	0.54025	0.07156	0.09088	0.02039	0.03101	0.00724	0.00530	0.00169	0.00412	0.00600	0.00531	0.00788
56	0.01033	0.00994	0.01438	0.01243	0.01281	0.01335	0.03782	0.01168	0.00808	0.01233	0.00863	0.01392	0.00843	0.04280	0.17644	0.00355	0.59049	0.00486	0.00239	0.00536

[dist]
# distance from previous block
# <min> <max>
0	3

[block]
# block no. 8 follows, 48 sequences, length 16
# corresponding to MSA columns:
# 562-577
name=unknown_I
#
# <colnr> <probs for GDERKNQSTAVLIFYWHMCP>
#	G	D	E	R	K	N	Q	S	T	A	V	L	I	F	Y	W	H	M	C	P
0	0.00885	0.00652	0.00797	0.00718	0.00881	0.00641	0.00550	0.09945	0.04285	0.02177	0.64290	0.03496	0.06689	0.00994	0.00591	0.00161	0.00286	0.00866	0.00554	0.00540
1	0.00683	0.00533	0.00622	0.00615	0.00753	0.00482	0.00455	0.00902	0.03933	0.01691	0.36139	0.13353	0.35564	0.01208	0.00609	0.00172	0.00262	0.01043	0.00516	0.00466
2	0.01005	0.00934	0.01495	0.71391	0.03276	0.01156	0.01353	0.01477	0.10032	0.01409	0.01050	0.01432	0.00787	0.00534	0.00514	0.00171	0.00651	0.00471	0.00262	0.00598
3	0.01235	0.01183	0.02019	0.12246	0.69946	0.01210	0.01557	0.01544	0.01152	0.01633	0.00959	0.01281	0.00798	0.00464	0.00509	0.00155	0.00618	0.00457	0.00251	0.00784
4	0.00969	0.00912	0.01539	0.80734	0.03534	0.01140	0.01425	0.01311	0.01026	0.01311	0.00912	0.01368	0.00684	0.00513	0.00513	0.00171	0.00684	0.00456	0.00228	0.00570
5	0.00656	0.00490	0.00632	0.00699	0.00759	0.00470	0.00486	0.00770	0.01044	0.01393	0.11859	0.55162	0.13127	0.03642	0.03791	0.00230	0.02626	0.01265	0.00467	0.00430
6	0.00790	0.00561	0.00750	0.00843	0.00935	0.00555	0.00692	0.00968	0.01087	0.01415	0.02616	0.10669	0.05597	0.16135	0.01049	0.00280	0.00457	0.53722	0.00443	0.00438
7	0.01064	0.00912	0.01064	0.00760	0.01216	0.00684	0.00608	0.01292	0.01064	0.01672	0.00912	0.01064	0.00760	0.00380	0.00380	0.00076	0.00380	0.00304	0.00304	0.85104
8	0.00660	0.00483	0.00612	0.00661	0.00736	0.00444	0.00460	0.00798	0.01142	0.01537	0.26613	0.43848	0.13473	0.05179	0.00725	0.00203	0.00285	0.01212	0.00496	0.00435
9	0.01082	0.01111	0.06453	0.14909	0.05312	0.04888	0.05121	0.06816	0.08860	0.01650	0.09570	0.05111	0.09406	0.02214	0.03363	0.00202	0.12341	0.00625	0.00354	0.00609
10	0.00689	0.00484	0.00586	0.00635	0.00667	0.00468	0.00406	0.00746	0.00887	0.01170	0.02409	0.33997	0.08931	0.39262	0.04244	0.00362	0.00429	0.02864	0.00392	0.00371
11	0.01345	0.06486	0.14089	0.01173	0.04964	0.05259	0.02321	0.17238	0.06837	0.05563	0.01307	0.10175	0.01129	0.00652	0.00528	0.00147	0.03335	0.00524	0.00370	0.16558
12	0.07122	0.04034	0.10037	0.04005	0.09227	0.07047	0.03335	0.23731	0.05535	0.13248	0.03546	0.01363	0.01008	0.00571	0.00488	0.00153	0.00572	0.00454	0.02024	0.02502
13	0.07170	0.15567	0.08556	0.02317	0.01308	0.04742	0.00798	0.02944	0.02347	0.04418	0.02894	0.01504	0.06507	0.00606	0.01952	0.00134	0.00488	0.01566	0.03171	0.31012
14	0.02720	0.00966	0.03848	0.02456	0.06780	0.07287	0.04825	0.02737	0.01237	0.06821	0.20227	0.14985	0.04718	0.00915	0.02196	0.00170	0.01772	0.01959	0.00414	0.12966
15	0.03360	0.13960	0.13177	0.05742	0.07832	0.04976	0.03806	0.05268	0.05680	0.03225	0.06889	0.04529	0.04895	0.00631	0.00481	0.00146	0.00540	0.02625	0.00334	0.11906

[dist]
# distance from previous block
# <min> <max>
7	15

[block]
# block no. 9 follows, 48 sequences, length 14
# corresponding to MSA columns:
# 595-608
name=unknown_J
#
# <colnr> <probs for GDERKNQSTAVLIFYWHMCP>
#	G	D	E	R	K	N	Q	S	T	A	V	L	I	F	Y	W	H	M	C	P
0	0.14364	0.06236	0.01279	0.01028	0.01335	0.21121	0.00816	0.13949	0.21543	0.04433	0.05220	0.01519	0.03779	0.00628	0.00470	0.00153	0.00557	0.00466	0.00411	0.00692
1	0.04756	0.10934	0.28194	0.01324	0.05122	0.02752	0.10580	0.04367	0.02871	0.08574	0.03941	0.04115	0.04211	0.00603	0.00497	0.00157	0.00613	0.02287	0.00324	0.03780
2	0.07660	0.04102	0.06379	0.05213	0.12334	0.11545	0.01030	0.13188	0.08909	0.17235	0.01344	0.04784	0.01034	0.00614	0.00517	0.00158	0.02323	0.00484	0.00405	0.00744
3	0.56236	0.04668	0.05515	0.01076	0.09431	0.10053	0.00811	0.01623	0.03431	0.02029	0.00805	0.00938	0.00637	0.00486	0.00371	0.00154	0.00506	0.00318	0.00301	0.00611
4	0.02964	0.01223	0.03769	0.05085	0.40200	0.03568	0.08105	0.08245	0.04934	0.09074	0.06719	0.01517	0.01165	0.00545	0.00520	0.00157	0.00589	0.00507	0.00347	0.00767
5	0.01620	0.01243	0.01331	0.05318	0.11110	0.15041	0.00907	0.09269	0.04243	0.21708	0.01498	0.03810	0.04317	0.00599	0.00489	0.00141	0.00548	0.00483	0.00413	0.15911
6	0.01118	0.00627	0.00797	0.00723	0.00912	0.00574	0.00557	0.03965	0.01370	0.19685	0.33800	0.13708	0.12288	0.01035	0.00581	0.00169	0.00315	0.03226	0.03977	0.00572
7	0.85592	0.00992	0.00754	0.00675	0.00992	0.01151	0.00556	0.01508	0.00873	0.02302	0.00714	0.00834	0.00556	0.00476	0.00318	0.00159	0.00397	0.00278	0.00318	0.00556
8	0.01233	0.01187	0.01836	0.12966	0.55225	0.05413	0.01411	0.03601	0.01201	0.01649	0.05118	0.01430	0.01024	0.00642	0.03741	0.00182	0.00647	0.00479	0.00276	0.00739
9	0.00711	0.00528	0.00666	0.00694	0.00756	0.00533	0.00481	0.00856	0.03222	0.01360	0.13063	0.32950	0.09939	0.19619	0.09249	0.00326	0.03161	0.01038	0.00424	0.00425
10	0.00971	0.00866	0.01416	0.59046	0.10444	0.01031	0.01254	0.01271	0.01024	0.01373	0.01088	0.04350	0.00915	0.05751	0.00640	0.00187	0.00617	0.00512	0.06677	0.00565
11	0.46074	0.01048	0.01000	0.00937	0.05895	0.05425	0.00700	0.05110	0.02634	0.18575	0.04466	0.01369	0.03702	0.00575	0.00415	0.00158	0.00444	0.00412	0.00407	0.00653
12	0.17828	0.00822	0.00948	0.01946	0.01054	0.00910	0.01937	0.10704	0.01217	0.04003	0.15466	0.11392	0.07287	0.07009	0.02713	0.00216	0.09882	0.02328	0.01792	0.00547
13	0.02996	0.01414	0.19112	0.04689	0.09550	0.06067	0.06376	0.05044	0.02677	0.05590	0.08865	0.04975	0.06967	0.03281	0.00706	0.00181	0.07988	0.02534	0.00343	0.00647

[dist]
# distance from previous block
# <min> <max>
0	4

[block]
# block no. 10 follows, 48 sequences, length 17
# corresponding to MSA columns:
# 615-631
name=unknown_K
#
# <colnr> <probs for GDERKNQSTAVLIFYWHMCP>
#	G	D	E	R	K	N	Q	S	T	A	V	L	I	F	Y	W	H	M	C	P
0	0.49418	0.04980	0.05164	0.01111	0.08327	0.06049	0.05361	0.01583	0.03074	0.03859	0.02507	0.02975	0.00813	0.00532	0.00426	0.00158	0.02350	0.00382	0.00315	0.00615
1	0.02606	0.14784	0.09305	0.05919	0.12849	0.12085	0.10089	0.03056	0.07577	0.01569	0.02962	0.03560	0.06304	0.00602	0.00508	0.00152	0.01981	0.00506	0.02923	0.00664
2	0.00867	0.00719	0.00987	0.08186	0.03233	0.02761	0.02555	0.02473	0.01061	0.01465	0.15642	0.12464	0.03447	0.08825	0.18876	0.00357	0.08595	0.04359	0.02636	0.00492
3	0.77096	0.00980	0.00799	0.00699	0.01025	0.01111	0.00576	0.01610	0.00934	0.10138	0.00848	0.00927	0.00629	0.00492	0.00338	0.00159	0.00401	0.00302	0.00350	0.00588
4	0.00629	0.00461	0.00592	0.00684	0.00739	0.00423	0.00466	0.00734	0.01038	0.01370	0.08198	0.66435	0.13284	0.01530	0.00645	0.00201	0.00289	0.01374	0.00482	0.00423
5	0.39881	0.00967	0.01019	0.00824	0.01187	0.00993	0.00680	0.07371	0.01267	0.39026	0.01376	0.01298	0.00919	0.00562	0.00426	0.00158	0.00428	0.00405	0.00483	0.00730
6	0.00681	0.00488	0.00639	0.00741	0.00788	0.00466	0.00509	0.03469	0.01042	0.01388	0.02766	0.75647	0.03285	0.01564	0.00652	0.00208	0.00314	0.04441	0.00477	0.00435
7	0.00661	0.00488	0.00624	0.00704	0.00782	0.00451	0.00510	0.00794	0.01094	0.01435	0.11286	0.48748	0.17203	0.01465	0.00648	0.00201	0.00309	0.11675	0.00485	0.00435
8	0.01033	0.00936	0.01594	0.68854	0.08656	0.01124	0.03716	0.01358	0.01046	0.03497	0.00950	0.01376	0.00717	0.00539	0.00549	0.02087	0.00672	0.00462	0.00242	0.00591
9	0.00766	0.00593	0.00681	0.00673	0.00820	0.00560	0.00501	0.07017	0.02962	0.01661	0.18062	0.22563	0.34952	0.01323	0.02596	0.00196	0.00326	0.02771	0.00492	0.00484
10	0.01712	0.06469	0.22126	0.02570	0.01673	0.02970	0.04998	0.06758	0.04751	0.36583	0.01576	0.01516	0.02765	0.00585	0.00502	0.00158	0.00570	0.00476	0.00447	0.00795
11	0.01158	0.06209	0.29902	0.05886	0.15159	0.05701	0.06596	0.01563	0.03571	0.01511	0.00937	0.01203	0.00752	0.00702	0.04261	0.00197	0.13323	0.00429	0.00243	0.00696
12	0.01488	0.00896	0.04524	0.00855	0.01156	0.00796	0.00714	0.11818	0.05698	0.29931	0.18420	0.05792	0.12416	0.00845	0.00548	0.00163	0.00393	0.00707	0.02143	0.00698
13	0.04735	0.00832	0.01076	0.03766	0.17644	0.06310	0.02239	0.02389	0.01108	0.01507	0.05885	0.44291	0.03932	0.01127	0.00583	0.00183	0.00437	0.01013	0.00400	0.00542
14	0.21609	0.03484	0.19563	0.01413	0.12992	0.04781	0.04561	0.09704	0.01260	0.12383	0.01054	0.01156	0.00768	0.00509	0.00454	0.00154	0.00584	0.00397	0.00340	0.02833
15	0.08294	0.01017	0.04128	0.00943	0.03136	0.00929	0.02192	0.14421	0.06631	0.15687	0.06775	0.01867	0.07682	0.03555	0.00556	0.00154	0.00436	0.00522	0.01973	0.19102
