[name]
unknown

[dist]
# distance from previous block
# <min> <max>
0	164

[block]
# block no. 0 follows, 48 sequences, length 25
# corresponding to MSA columns:
# 246-270
name=unknown_A
#
# <colnr> <probs for GDERKNQSTAVLIFYWHMCP>
#	G	D	E	R	K	N	Q	S	T	A	V	L	I	F	Y	W	H	M	C	P
0	0.00921	0.00596	0.00795	0.00855	0.01002	0.00568	0.00721	0.01125	0.01192	0.09149	0.03054	0.11372	0.14920	0.01337	0.00669	0.00216	0.00421	0.50096	0.00489	0.00501
1	0.00951	0.00879	0.01460	0.74266	0.03294	0.01088	0.01335	0.01265	0.01003	0.01285	0.00969	0.01529	0.00779	0.07084	0.00682	0.00197	0.00669	0.00479	0.00235	0.00549
2	0.00707	0.00491	0.00620	0.00675	0.00735	0.00465	0.00465	0.00794	0.00985	0.02554	0.06490	0.39249	0.13066	0.17438	0.04467	0.03785	0.00394	0.05783	0.00431	0.00406
3	0.01275	0.65732	0.06916	0.00929	0.01325	0.01821	0.00921	0.01456	0.01023	0.01242	0.00893	0.07377	0.00880	0.00566	0.00453	0.00128	0.05795	0.00387	0.00240	0.00638
4	0.01129	0.01075	0.01851	0.27257	0.43848	0.01141	0.06343	0.01429	0.01092	0.01504	0.01006	0.01477	0.00855	0.07049	0.00686	0.00187	0.00641	0.00490	0.00251	0.00688
5	0.01049	0.00887	0.01037	0.00766	0.01187	0.00684	0.00606	0.03024	0.01089	0.01679	0.01074	0.07568	0.00975	0.00485	0.00405	0.00089	0.00378	0.00401	0.00323	0.76295
6	0.00751	0.00556	0.00606	0.00590	0.00765	0.00484	0.00443	0.00935	0.03583	0.06545	0.12002	0.10713	0.57718	0.01237	0.00602	0.00174	0.00277	0.01045	0.00497	0.00477
7	0.85592	0.00992	0.00754	0.00675	0.00992	0.01151	0.00556	0.01508	0.00873	0.02302	0.00714	0.00834	0.00556	0.00476	0.00318	0.00159	0.00397	0.00278	0.00318	0.00556
8	0.01304	0.01080	0.01145	0.01002	0.01295	0.01218	0.00787	0.14802	0.55129	0.02253	0.05383	0.02158	0.08663	0.00753	0.00532	0.00170	0.00412	0.00621	0.00518	0.00774
9	0.00861	0.00484	0.00704	0.00708	0.00734	0.00502	0.00490	0.00778	0.03272	0.01008	0.01139	0.07150	0.01146	0.02055	0.13945	0.63359	0.00578	0.00536	0.00258	0.00292
10	0.00625	0.00447	0.00595	0.00714	0.00744	0.00417	0.00476	0.00714	0.00982	0.01310	0.02828	0.81633	0.03394	0.01608	0.00655	0.00208	0.00298	0.01459	0.00476	0.00417
11	0.00666	0.00487	0.00631	0.00732	0.00779	0.00469	0.00496	0.00839	0.05479	0.01380	0.04980	0.74725	0.03329	0.01538	0.00646	0.00205	0.00302	0.01392	0.00482	0.00442
12	0.00713	0.00511	0.00692	0.00718	0.00768	0.00547	0.00502	0.00819	0.00835	0.01157	0.01772	0.20122	0.01932	0.27529	0.38386	0.00586	0.00864	0.00813	0.00331	0.00403
13	0.00772	0.00450	0.00644	0.00694	0.00711	0.00441	0.00467	0.00698	0.00808	0.01081	0.01730	0.35435	0.01965	0.01793	0.04622	0.45744	0.00421	0.00878	0.00332	0.00314
14	0.01064	0.00912	0.01064	0.00760	0.01216	0.00684	0.00608	0.01292	0.01064	0.01672	0.00912	0.01064	0.00760	0.00380	0.00380	0.00076	0.00380	0.00304	0.00304	0.85104
15	0.09385	0.00587	0.00568	0.00550	0.00705	0.00618	0.00420	0.01367	0.08112	0.01973	0.01617	0.01806	0.01263	0.00595	0.00370	0.00128	0.00270	0.00468	0.68682	0.00517
16	0.16175	0.00957	0.01032	0.00909	0.01179	0.01046	0.00712	0.12650	0.26157	0.12520	0.01756	0.13571	0.01488	0.00917	0.03030	0.03664	0.00447	0.00627	0.00473	0.00690
17	0.00891	0.00446	0.00668	0.00668	0.00668	0.00446	0.00446	0.00668	0.00668	0.00891	0.00891	0.01560	0.00891	0.01783	0.02005	0.85071	0.00446	0.00446	0.00223	0.00223
18	0.05548	0.01366	0.01474	0.01134	0.01540	0.01496	0.00937	0.66983	0.02260	0.10170	0.01283	0.01262	0.00896	0.00612	0.00505	0.00155	0.00546	0.00459	0.00516	0.00859
19	0.00616	0.00505	0.00543	0.00565	0.00707	0.00432	0.00412	0.00743	0.01145	0.01402	0.08170	0.20202	0.60083	0.01349	0.00616	0.00180	0.00267	0.01151	0.00481	0.00432
20	0.24142	0.00961	0.01057	0.00872	0.01192	0.01002	0.00703	0.12923	0.09699	0.29449	0.03997	0.01498	0.01138	0.00716	0.00603	0.07965	0.00436	0.00459	0.00480	0.00709
21	0.04831	0.00554	0.00704	0.00789	0.00874	0.00548	0.00591	0.04101	0.01100	0.01516	0.04527	0.53070	0.03074	0.01448	0.00645	0.00210	0.00357	0.20132	0.00471	0.00459
22	0.02245	0.00965	0.01247	0.00956	0.01355	0.00890	0.00790	0.14582	0.01622	0.66824	0.01896	0.01663	0.01206	0.00632	0.00516	0.00158	0.00457	0.00507	0.00615	0.00873
23	0.02104	0.01003	0.01248	0.00977	0.01362	0.00970	0.00801	0.15620	0.11770	0.55582	0.01894	0.01678	0.01240	0.00640	0.00516	0.00160	0.00455	0.00515	0.00599	0.00865
24	0.02914	0.16384	0.19043	0.01152	0.01635	0.03795	0.08336	0.10108	0.02711	0.09355	0.04280	0.02574	0.01000	0.00531	0.00463	0.00139	0.00580	0.00433	0.00337	0.14230

[dist]
# distance from previous block
# <min> <max>
4	9

[block]
# block no. 1 follows, 48 sequences, length 65
# corresponding to MSA columns:
# 281-326,331-349
name=unknown_B
#
# <colnr> <probs for GDERKNQSTAVLIFYWHMCP>
#	G	D	E	R	K	N	Q	S	T	A	V	L	I	F	Y	W	H	M	C	P
0	0.06695	0.00604	0.00746	0.00720	0.00873	0.00552	0.00520	0.01048	0.00999	0.09951	0.02128	0.36100	0.06253	0.04433	0.00848	0.12412	0.00361	0.02042	0.00416	0.12299
1	0.06799	0.01973	0.01365	0.06483	0.14922	0.02320	0.04770	0.08655	0.02324	0.08163	0.06448	0.01724	0.01253	0.02684	0.15704	0.04009	0.06596	0.01753	0.01427	0.00627
2	0.00907	0.00747	0.00849	0.00904	0.01038	0.05840	0.00726	0.01275	0.12149	0.01587	0.07720	0.21912	0.04080	0.01272	0.00645	0.00208	0.00434	0.36718	0.00473	0.00517
3	0.00676	0.00464	0.00612	0.00710	0.00759	0.00429	0.00481	0.00774	0.01016	0.03603	0.04688	0.74043	0.06728	0.01552	0.00648	0.00204	0.00299	0.01402	0.00483	0.00432
4	0.08016	0.00879	0.01055	0.00868	0.01163	0.00868	0.00685	0.11248	0.08881	0.37461	0.03996	0.04138	0.03735	0.08006	0.00798	0.05966	0.00438	0.00569	0.00517	0.00712
5	0.00651	0.00476	0.00614	0.00704	0.00759	0.00447	0.00480	0.00793	0.03109	0.01406	0.09889	0.67334	0.08405	0.01512	0.00644	0.00201	0.00293	0.01362	0.00486	0.00435
6	0.00748	0.00500	0.00567	0.00571	0.00574	0.00500	0.00326	0.00755	0.00759	0.01010	0.01648	0.03428	0.01897	0.79655	0.02557	0.00490	0.00497	0.02887	0.00316	0.00316
7	0.65097	0.00892	0.00747	0.00677	0.00959	0.00996	0.00545	0.01425	0.00968	0.06069	0.06308	0.06035	0.06342	0.00643	0.00386	0.00163	0.00374	0.00456	0.00370	0.00551
8	0.04973	0.00761	0.00902	0.00825	0.01042	0.00770	0.00638	0.04370	0.18197	0.16955	0.18887	0.17894	0.06627	0.00985	0.00567	0.00176	0.00356	0.03911	0.00531	0.00633
9	0.85592	0.00992	0.00754	0.00675	0.00992	0.01151	0.00556	0.01508	0.00873	0.02302	0.00714	0.00834	0.00556	0.00476	0.00318	0.00159	0.00397	0.00278	0.00318	0.00556
10	0.02088	0.00932	0.01196	0.00936	0.01309	0.00870	0.00766	0.11122	0.06771	0.59973	0.06950	0.01835	0.01478	0.00664	0.00522	0.00159	0.00437	0.00541	0.00609	0.00843
11	0.03175	0.00503	0.00603	0.00628	0.00686	0.00483	0.00415	0.00805	0.01006	0.01388	0.19038	0.27142	0.08736	0.29578	0.01347	0.02278	0.00359	0.01006	0.00427	0.00395
12	0.00657	0.00484	0.00599	0.00650	0.00726	0.00445	0.00450	0.00779	0.01094	0.01448	0.18436	0.41576	0.18477	0.09448	0.00831	0.00221	0.00302	0.02474	0.00478	0.00424
13	0.00821	0.00587	0.00820	0.00939	0.01054	0.00586	0.00817	0.01053	0.01176	0.01529	0.02720	0.07896	0.02965	0.01423	0.00707	0.00235	0.00468	0.73261	0.00473	0.00471
14	0.00969	0.00912	0.01539	0.80734	0.03534	0.01140	0.01425	0.01311	0.01026	0.01311	0.00912	0.01368	0.00684	0.00513	0.00513	0.00171	0.00684	0.00456	0.00228	0.00570
15	0.74443	0.01015	0.00836	0.00725	0.01054	0.01155	0.00597	0.06711	0.01017	0.07402	0.00836	0.00920	0.00624	0.00496	0.00344	0.00158	0.00411	0.00306	0.00352	0.00598
16	0.02233	0.00856	0.01163	0.00897	0.01276	0.00743	0.00734	0.02422	0.01436	0.75628	0.02006	0.01819	0.01297	0.04273	0.00610	0.00174	0.00439	0.00526	0.00621	0.00848
17	0.85592	0.00992	0.00754	0.00675	0.00992	0.01151	0.00556	0.01508	0.00873	0.02302	0.00714	0.00834	0.00556	0.00476	0.00318	0.00159	0.00397	0.00278	0.00318	0.00556
18	0.00956	0.00478	0.00478	0.00478	0.00598	0.00478	0.00359	0.01196	0.01076	0.01913	0.01674	0.01913	0.01315	0.00598	0.00359	0.00120	0.00239	0.00478	0.84816	0.00478
19	0.01132	0.00963	0.01029	0.00935	0.01190	0.01081	0.00724	0.02280	0.59498	0.02054	0.12624	0.02492	0.10176	0.00807	0.00542	0.00172	0.00369	0.00680	0.00523	0.00728
20	0.00606	0.00520	0.00520	0.00520	0.00693	0.00433	0.00390	0.00736	0.01170	0.01386	0.05198	0.04938	0.78558	0.01299	0.00606	0.00173	0.00260	0.01083	0.00476	0.00433
21	0.01917	0.02445	0.01454	0.01322	0.01586	0.79907	0.00991	0.02049	0.01454	0.01256	0.00793	0.00925	0.00661	0.00529	0.00463	0.00132	0.00925	0.00330	0.00264	0.00595
22	0.01372	0.82276	0.02689	0.00878	0.01317	0.02030	0.00878	0.01536	0.01043	0.01207	0.00713	0.00823	0.00658	0.00439	0.00329	0.00110	0.00549	0.00274	0.00219	0.00658
23	0.00785	0.00564	0.00793	0.00896	0.00998	0.00572	0.00752	0.00993	0.01105	0.01457	0.02553	0.16199	0.02793	0.01769	0.11283	0.00311	0.00568	0.54698	0.00447	0.00463
24	0.01080	0.00503	0.00738	0.00701	0.00754	0.00487	0.00487	0.00913	0.00775	0.11340	0.01043	0.01585	0.00942	0.01629	0.01806	0.73730	0.00444	0.00455	0.00278	0.00310
25	0.01372	0.82276	0.02689	0.00878	0.01317	0.02030	0.00878	0.01536	0.01043	0.01207	0.00713	0.00823	0.00658	0.00439	0.00329	0.00110	0.00549	0.00274	0.00219	0.00658
26	0.01149	0.01103	0.01910	0.37083	0.37581	0.01200	0.07773	0.03240	0.01139	0.01550	0.00954	0.01322	0.00755	0.00483	0.00518	0.00162	0.00662	0.00469	0.00249	0.00698
27	0.02788	0.66051	0.03685	0.01063	0.05733	0.10814	0.00941	0.01598	0.01094	0.01264	0.00740	0.00864	0.00666	0.00452	0.00357	0.00116	0.00596	0.00293	0.00228	0.00660
28	0.00679	0.00513	0.00587	0.00591	0.00682	0.00487	0.00405	0.00772	0.00967	0.01233	0.05383	0.07682	0.34015	0.30656	0.12773	0.00385	0.00507	0.00899	0.00390	0.00394
29	0.01372	0.82276	0.02689	0.00878	0.01317	0.02030	0.00878	0.01536	0.01043	0.01207	0.00713	0.00823	0.00658	0.00439	0.00329	0.00110	0.00549	0.00274	0.00219	0.00658
30	0.14104	0.02338	0.02819	0.09692	0.33643	0.01163	0.03356	0.08759	0.01280	0.16296	0.01142	0.01293	0.00847	0.00513	0.00482	0.00157	0.00557	0.00442	0.00355	0.00761
31	0.01252	0.01191	0.02041	0.02675	0.56100	0.01240	0.08989	0.01539	0.01129	0.03418	0.01024	0.01442	0.00882	0.00554	0.00683	0.00167	0.11367	0.03284	0.00268	0.00756
32	0.00726	0.00524	0.00686	0.00646	0.00767	0.00484	0.00484	0.00968	0.01452	0.02058	0.78496	0.03833	0.04841	0.01049	0.00605	0.00161	0.00242	0.00928	0.00565	0.00484
33	0.01385	0.01620	0.29441	0.01178	0.01653	0.01118	0.03726	0.16947	0.10231	0.13143	0.05863	0.03261	0.02626	0.04738	0.00624	0.00180	0.00575	0.00530	0.00408	0.00751
34	0.00969	0.00912	0.01539	0.80734	0.03534	0.01140	0.01425	0.01311	0.01026	0.01311	0.00912	0.01368	0.00684	0.00513	0.00513	0.00171	0.00684	0.00456	0.00228	0.00570
35	0.01295	0.01112	0.01171	0.01048	0.01342	0.01285	0.00817	0.04823	0.75713	0.02177	0.02064	0.01895	0.01547	0.00694	0.00522	0.00173	0.00411	0.00577	0.00522	0.00814
36	0.02865	0.01103	0.01775	0.16418	0.34457	0.01130	0.07073	0.08053	0.01311	0.16056	0.03877	0.01463	0.01012	0.00533	0.00518	0.00159	0.00591	0.00493	0.00354	0.00760
37	0.01573	0.15614	0.10946	0.01167	0.01552	0.20488	0.04621	0.12060	0.08910	0.10257	0.01276	0.07040	0.01048	0.00622	0.00482	0.00149	0.00638	0.00484	0.00366	0.00707
38	0.00969	0.00912	0.01539	0.80734	0.03534	0.01140	0.01425	0.01311	0.01026	0.01311	0.00912	0.01368	0.00684	0.00513	0.00513	0.00171	0.00684	0.00456	0.00228	0.00570
39	0.01064	0.00912	0.01064	0.00760	0.01216	0.00684	0.00608	0.01292	0.01064	0.01672	0.00912	0.01064	0.00760	0.00380	0.00380	0.00076	0.00380	0.00304	0.00304	0.85104
40	0.00625	0.00474	0.00578	0.00659	0.00737	0.00427	0.00458	0.00731	0.01047	0.01340	0.03576	0.55243	0.27210	0.01505	0.00641	0.00198	0.00290	0.03361	0.00476	0.00423
41	0.01771	0.00787	0.01038	0.00841	0.01152	0.00710	0.00677	0.02064	0.06650	0.51453	0.22396	0.02393	0.04217	0.00766	0.00542	0.00161	0.00378	0.00644	0.00605	0.00755
42	0.01871	0.01183	0.01302	0.01035	0.01399	0.03598	0.00842	0.36594	0.12744	0.25120	0.01705	0.01607	0.03293	0.00649	0.00509	0.00156	0.00491	0.00509	0.04566	0.00825
43	0.74016	0.01133	0.02170	0.04050	0.01165	0.07408	0.00649	0.01545	0.00929	0.02167	0.00732	0.00867	0.00571	0.00482	0.00340	0.00157	0.00457	0.00291	0.00308	0.00563
44	0.01243	0.17896	0.34223	0.01640	0.13644	0.01355	0.11116	0.01707	0.04898	0.06084	0.01023	0.01178	0.00774	0.00485	0.00478	0.00152	0.00672	0.00417	0.00268	0.00748
45	0.00656	0.00511	0.00596	0.00604	0.00735	0.00452	0.00446	0.00821	0.01239	0.01612	0.30376	0.16900	0.39114	0.01264	0.00616	0.00176	0.00264	0.02663	0.00507	0.00449
46	0.01669	0.02970	0.01473	0.01301	0.08527	0.02878	0.00966	0.39876	0.26936	0.05703	0.01501	0.01466	0.01102	0.00623	0.00511	0.00159	0.00518	0.00496	0.00487	0.00838
47	0.01181	0.01032	0.03183	0.11619	0.03071	0.01012	0.18358	0.04002	0.07434	0.08132	0.03057	0.02115	0.03864	0.00760	0.02646	0.00184	0.05226	0.09831	0.00360	0.12934
48	0.00897	0.00671	0.00907	0.11570	0.07397	0.00711	0.00666	0.03181	0.05145	0.02556	0.01656	0.14016	0.01760	0.37387	0.03402	0.04135	0.00516	0.02628	0.00341	0.00457
49	0.03744	0.19079	0.17037	0.03127	0.10445	0.08912	0.27374	0.01638	0.01156	0.01526	0.00903	0.01134	0.00713	0.00459	0.00490	0.00151	0.00738	0.00437	0.00244	0.00695
50	0.06779	0.00957	0.01215	0.00937	0.01331	0.00890	0.00774	0.12655	0.01566	0.64558	0.01845	0.01626	0.01177	0.00624	0.00505	0.00158	0.00452	0.00496	0.00601	0.00856
51	0.00693	0.00476	0.00618	0.00693	0.00733	0.00456	0.00464	0.00780	0.03189	0.01281	0.05340	0.55365	0.06265	0.08810	0.01002	0.11471	0.00335	0.01198	0.00432	0.00396
52	0.02854	0.00592	0.00742	0.00695	0.00848	0.00559	0.01671	0.01113	0.04783	0.06830	0.38934	0.06604	0.16228	0.04126	0.00727	0.03979	0.00311	0.04833	0.03072	0.00499
53	0.00741	0.00490	0.00560	0.00576	0.00586	0.00486	0.00335	0.00765	0.00794	0.01084	0.01781	0.13739	0.02042	0.67096	0.02236	0.00440	0.00458	0.00828	0.04630	0.00334
54	0.00701	0.00498	0.00633	0.00715	0.00757	0.00480	0.00477	0.04133	0.01015	0.01354	0.02595	0.67581	0.03077	0.12297	0.00910	0.00245	0.00336	0.01319	0.00456	0.00423
55	0.40782	0.00987	0.01025	0.00831	0.01192	0.01025	0.00686	0.09857	0.01292	0.35642	0.01336	0.01270	0.00898	0.00560	0.00424	0.00158	0.00432	0.00400	0.00475	0.00726
56	0.41150	0.00859	0.00866	0.00740	0.01036	0.00894	0.00598	0.03271	0.01178	0.23695	0.13289	0.03594	0.03878	0.00666	0.00439	0.00160	0.00378	0.00505	0.02173	0.00632
57	0.01132	0.01287	0.04660	0.01851	0.02292	0.03258	0.58161	0.01503	0.01178	0.01586	0.01309	0.12193	0.01180	0.00619	0.00601	0.00175	0.00762	0.02741	0.00295	0.03217
58	0.00797	0.00538	0.00692	0.00751	0.00829	0.00516	0.00523	0.06002	0.01132	0.04970	0.07645	0.67491	0.03222	0.01460	0.00636	0.00199	0.00318	0.01314	0.00492	0.00473
59	0.16916	0.01218	0.01272	0.01026	0.01381	0.01345	0.00835	0.45781	0.09642	0.07800	0.01386	0.06731	0.01083	0.00668	0.00489	0.00161	0.00492	0.00512	0.00484	0.00778
60	0.00786	0.00504	0.00648	0.00691	0.00782	0.00467	0.00494	0.00930	0.01130	0.06520	0.17706	0.45432	0.08577	0.02993	0.00655	0.00195	0.00301	0.04489	0.06236	0.00465
61	0.35525	0.01023	0.01079	0.00866	0.01234	0.01064	0.00715	0.15598	0.01401	0.34686	0.01357	0.01288	0.00913	0.00568	0.00436	0.00158	0.00444	0.00411	0.00486	0.00746
62	0.00660	0.00456	0.00584	0.00679	0.00707	0.00433	0.00444	0.00741	0.00948	0.01285	0.02578	0.65230	0.03050	0.14741	0.00963	0.00252	0.00328	0.01298	0.04221	0.00402
63	0.17188	0.00729	0.00800	0.00756	0.00948	0.00750	0.00579	0.10215	0.01236	0.10010	0.07041	0.29410	0.04102	0.01008	0.00524	0.00174	0.00359	0.03751	0.09859	0.00559
64	0.00655	0.00512	0.00593	0.00594	0.00728	0.00450	0.00437	0.00822	0.01253	0.01632	0.32874	0.14760	0.40366	0.01245	0.00612	0.00173	0.00258	0.01074	0.00510	0.00450

[dist]
# distance from previous block
# <min> <max>
5	8

[block]
# block no. 2 follows, 48 sequences, length 31
# corresponding to MSA columns:
# 358-381,384-390
name=unknown_C
#
# <colnr> <probs for GDERKNQSTAVLIFYWHMCP>
#	G	D	E	R	K	N	Q	S	T	A	V	L	I	F	Y	W	H	M	C	P
0	0.01707	0.01248	0.01349	0.01071	0.01424	0.01373	0.00872	0.54890	0.11993	0.04529	0.08234	0.01600	0.01347	0.00664	0.00514	0.00155	0.00495	0.00521	0.05208	0.00808
1	0.00635	0.00523	0.00559	0.00556	0.00718	0.00447	0.00420	0.00788	0.01221	0.01511	0.18254	0.04767	0.62984	0.01258	0.00609	0.00173	0.00263	0.03379	0.00492	0.00444
2	0.03858	0.00617	0.00829	0.00746	0.00901	0.00575	0.03438	0.01179	0.01113	0.16492	0.17075	0.11026	0.10648	0.13511	0.01111	0.13455	0.00391	0.02100	0.00446	0.00490
3	0.00632	0.00451	0.00603	0.00722	0.00754	0.00422	0.00488	0.00726	0.00989	0.01317	0.02824	0.79196	0.03380	0.01601	0.00657	0.00209	0.00303	0.03831	0.00476	0.00419
4	0.72554	0.01062	0.00877	0.00754	0.01086	0.01220	0.00621	0.13284	0.01113	0.02447	0.00795	0.00896	0.00605	0.00498	0.00348	0.00158	0.00423	0.00307	0.00348	0.00605
5	0.03447	0.00828	0.01072	0.00860	0.01180	0.00760	0.00689	0.04576	0.05765	0.53685	0.13762	0.02153	0.01852	0.06166	0.00667	0.00183	0.00412	0.00592	0.00586	0.00766
6	0.09046	0.01042	0.01171	0.00919	0.01280	0.01058	0.00752	0.29126	0.03104	0.26270	0.01480	0.01447	0.01031	0.00588	0.00465	0.00145	0.00447	0.00453	0.11918	0.08258
7	0.07604	0.01357	0.01456	0.01123	0.01526	0.01487	0.00927	0.65368	0.02225	0.09899	0.01267	0.01251	0.00887	0.00608	0.00500	0.00155	0.00542	0.00454	0.00511	0.00851
8	0.00656	0.00473	0.00625	0.00711	0.00768	0.00441	0.00498	0.00784	0.01086	0.01461	0.16430	0.60094	0.06089	0.01485	0.00648	0.00201	0.00298	0.06327	0.00492	0.00433
9	0.25495	0.00879	0.00916	0.00812	0.01077	0.00918	0.00638	0.12467	0.06402	0.08158	0.04693	0.19851	0.03908	0.00848	0.00490	0.00166	0.00393	0.02966	0.00439	0.08484
10	0.00658	0.00481	0.00620	0.00701	0.00761	0.00438	0.00472	0.00753	0.00981	0.01318	0.02732	0.69394	0.05993	0.05958	0.00744	0.00215	0.00312	0.01333	0.00456	0.05677
11	0.00982	0.00576	0.00746	0.00673	0.00838	0.00524	0.00515	0.01214	0.01422	0.14039	0.59395	0.03424	0.06484	0.00965	0.00576	0.00159	0.00273	0.00841	0.05812	0.00543
12	0.00977	0.00587	0.00712	0.00647	0.00840	0.00513	0.00497	0.01159	0.01325	0.16561	0.31320	0.06321	0.34400	0.01090	0.00590	0.00167	0.00289	0.00929	0.00539	0.00536
13	0.01231	0.00893	0.00981	0.00869	0.01121	0.00951	0.00677	0.11598	0.31691	0.08952	0.08577	0.08035	0.14877	0.00868	0.00540	0.00168	0.00373	0.00726	0.06190	0.00685
14	0.00733	0.00550	0.00825	0.00825	0.00916	0.00641	0.00641	0.00916	0.00825	0.01191	0.01374	0.02016	0.01283	0.03848	0.79934	0.00825	0.01374	0.00550	0.00275	0.00458
15	0.01064	0.00912	0.01064	0.00760	0.01216	0.00684	0.00608	0.01292	0.01064	0.01672	0.00912	0.01064	0.00760	0.00380	0.00380	0.00076	0.00380	0.00304	0.00304	0.85104
16	0.00646	0.00458	0.00589	0.00683	0.00714	0.00431	0.00448	0.00726	0.00961	0.01279	0.04346	0.65399	0.05492	0.14112	0.00957	0.00251	0.00326	0.01325	0.00452	0.00402
17	0.01071	0.00631	0.00874	0.00913	0.01077	0.00607	0.00781	0.01296	0.01243	0.15063	0.07510	0.07284	0.02796	0.01263	0.00667	0.00217	0.00446	0.55213	0.00507	0.00541
18	0.01270	0.01219	0.02083	0.03149	0.78767	0.01219	0.01575	0.01575	0.01168	0.01676	0.00965	0.01270	0.00813	0.00457	0.00508	0.00152	0.00610	0.00457	0.00254	0.00813
19	0.00969	0.00912	0.01539	0.80734	0.03534	0.01140	0.01425	0.01311	0.01026	0.01311	0.00912	0.01368	0.00684	0.00513	0.00513	0.00171	0.00684	0.00456	0.00228	0.00570
20	0.00679	0.00515	0.00595	0.00591	0.00697	0.00477	0.00416	0.00804	0.01090	0.01417	0.19900	0.06961	0.34094	0.21311	0.07945	0.00308	0.00412	0.00935	0.00438	0.00416
21	0.01264	0.01066	0.01127	0.01008	0.01279	0.01223	0.00776	0.06393	0.67106	0.02101	0.02002	0.02007	0.01557	0.07897	0.00707	0.00202	0.00422	0.00589	0.00503	0.00771
22	0.01001	0.00769	0.00905	0.00857	0.00970	0.07786	0.00649	0.01145	0.00922	0.08073	0.01386	0.02088	0.01298	0.17163	0.47716	0.00613	0.05304	0.00557	0.00310	0.00486
23	0.00850	0.00458	0.00680	0.00690	0.00703	0.00465	0.00471	0.00701	0.00714	0.00962	0.01118	0.08710	0.01158	0.02002	0.10733	0.67983	0.00538	0.00547	0.00251	0.00267
24	0.01064	0.00912	0.01064	0.00760	0.01216	0.00684	0.00608	0.01292	0.01064	0.01672	0.00912	0.01064	0.00760	0.00380	0.00380	0.00076	0.00380	0.00304	0.00304	0.85104
25	0.01211	0.01384	0.03028	0.02163	0.02682	0.01298	0.76903	0.01644	0.01211	0.01644	0.01038	0.01384	0.00779	0.00433	0.00606	0.00173	0.00865	0.00606	0.00260	0.00692
26	0.00977	0.00548	0.00717	0.00724	0.00845	0.00498	0.00517	0.01103	0.01131	0.16869	0.11482	0.47217	0.07810	0.06127	0.00735	0.00208	0.00328	0.01143	0.00508	0.00510
27	0.00859	0.00567	0.00687	0.00665	0.00779	0.00539	0.00480	0.01046	0.04044	0.07268	0.25607	0.06178	0.14123	0.26573	0.01239	0.00278	0.00369	0.07777	0.00464	0.00460
28	0.00625	0.00447	0.00595	0.00714	0.00744	0.00417	0.00476	0.00714	0.00982	0.01310	0.02828	0.81633	0.03394	0.01608	0.00655	0.00208	0.00298	0.01459	0.00476	0.00417
29	0.82391	0.00988	0.00771	0.00684	0.01005	0.01136	0.00563	0.01546	0.00896	0.05254	0.00765	0.00869	0.00583	0.00482	0.00325	0.00159	0.00398	0.00287	0.00330	0.00568
30	0.00895	0.00561	0.00754	0.00817	0.02576	0.00526	0.00605	0.01058	0.01153	0.10155	0.12367	0.35230	0.07279	0.03608	0.00691	0.00207	0.00357	0.18845	0.01818	0.00497

[dist]
# distance from previous block
# <min> <max>
0	23

[block]
# block no. 3 follows, 48 sequences, length 16
# corresponding to MSA columns:
# 414-429
name=unknown_D
#
# <colnr> <probs for GDERKNQSTAVLIFYWHMCP>
#	G	D	E	R	K	N	Q	S	T	A	V	L	I	F	Y	W	H	M	C	P
0	0.01512	0.01002	0.01136	0.00982	0.01289	0.01084	0.00775	0.02548	0.52387	0.22594	0.07232	0.01999	0.01709	0.00704	0.00526	0.00169	0.00403	0.00587	0.00555	0.00806
1	0.00794	0.00589	0.00814	0.00725	0.00778	0.00580	0.08199	0.00839	0.00794	0.01062	0.01557	0.03155	0.01754	0.73571	0.02405	0.00464	0.00535	0.00732	0.00306	0.00350
2	0.18273	0.02085	0.01324	0.01185	0.01471	0.58550	0.00905	0.07656	0.01414	0.01611	0.00811	0.00931	0.00656	0.00525	0.00438	0.00139	0.00795	0.00330	0.00294	0.00608
3	0.00873	0.00454	0.00663	0.00663	0.00666	0.00456	0.00439	0.00683	0.00680	0.00910	0.00973	0.01740	0.00993	0.09259	0.04428	0.74693	0.00479	0.00477	0.00233	0.00238
4	0.85592	0.00992	0.00754	0.00675	0.00992	0.01151	0.00556	0.01508	0.00873	0.02302	0.00714	0.00834	0.00556	0.00476	0.00318	0.00159	0.00397	0.00278	0.00318	0.00556
5	0.01667	0.00797	0.01007	0.00836	0.01141	0.00730	0.00680	0.06487	0.04702	0.43721	0.07657	0.02793	0.16727	0.00852	0.00552	0.00167	0.00395	0.06350	0.02017	0.00722
6	0.00714	0.00536	0.00690	0.00728	0.00839	0.00473	0.00514	0.00842	0.01033	0.01426	0.07122	0.60032	0.03019	0.01358	0.00608	0.00184	0.00316	0.04408	0.00452	0.14704
7	0.00677	0.00496	0.00648	0.00750	0.00824	0.00466	0.00560	0.00812	0.01063	0.01382	0.03129	0.50256	0.13773	0.01513	0.00663	0.00211	0.00340	0.21527	0.00475	0.00434
8	0.62970	0.00960	0.00873	0.00739	0.01079	0.01043	0.00610	0.01778	0.01035	0.23167	0.01070	0.01081	0.00750	0.00519	0.00371	0.00159	0.00408	0.00343	0.00404	0.00642
9	0.00841	0.00472	0.00680	0.00680	0.00697	0.00489	0.00461	0.00725	0.00709	0.00961	0.01089	0.01915	0.01110	0.14303	0.16228	0.56984	0.00622	0.00510	0.00246	0.00279
10	0.01874	0.01267	0.01386	0.01081	0.01459	0.01375	0.00887	0.56805	0.06791	0.12821	0.01422	0.01395	0.01002	0.00622	0.00502	0.00153	0.00512	0.00477	0.07332	0.00837
11	0.02171	0.01057	0.09236	0.00970	0.01404	0.00799	0.00872	0.02410	0.01429	0.71141	0.01911	0.01678	0.01206	0.00620	0.00513	0.00159	0.00470	0.00502	0.00592	0.00861
12	0.00763	0.00619	0.00748	0.00704	0.00839	0.00626	0.00538	0.01042	0.07043	0.01747	0.39443	0.07128	0.27118	0.01111	0.00701	0.00174	0.07732	0.00929	0.00499	0.00497
13	0.01145	0.01090	0.01671	0.04123	0.11041	0.04782	0.17929	0.01597	0.13936	0.03427	0.01428	0.09063	0.01283	0.01097	0.09934	0.00257	0.11885	0.03334	0.00336	0.00644
14	0.77914	0.01049	0.00806	0.00714	0.01033	0.04497	0.00584	0.01580	0.00927	0.06041	0.00782	0.00882	0.00595	0.00486	0.00334	0.00158	0.00421	0.00292	0.00331	0.00573
15	0.06815	0.03517	0.07410	0.01154	0.01552	0.01445	0.03006	0.52142	0.05253	0.02735	0.02948	0.01320	0.00968	0.00788	0.04988	0.00194	0.02060	0.00464	0.00447	0.00794

[dist]
# distance from previous block
# <min> <max>
6	61

[block]
# block no. 4 follows, 48 sequences, length 115
# corresponding to MSA columns:
# 492-527,530-538,562-631
name=unknown_E
#
# <colnr> <probs for GDERKNQSTAVLIFYWHMCP>
#	G	D	E	R	K	N	Q	S	T	A	V	L	I	F	Y	W	H	M	C	P
0	0.01049	0.00855	0.01011	0.00765	0.01146	0.00678	0.00598	0.04156	0.01076	0.01637	0.01074	0.07464	0.00983	0.00607	0.00548	0.07446	0.00386	0.00413	0.00319	0.67788
1	0.00633	0.00452	0.00604	0.00723	0.00757	0.00424	0.00490	0.00728	0.00990	0.01319	0.02824	0.78666	0.03376	0.01600	0.00657	0.00209	0.00305	0.04347	0.00476	0.00419
2	0.00724	0.00541	0.00805	0.00815	0.00901	0.00622	0.00627	0.00899	0.00838	0.01201	0.01500	0.08907	0.01465	0.03654	0.73072	0.00771	0.01281	0.00628	0.00292	0.00455
3	0.02668	0.00627	0.00740	0.00714	0.00856	0.00608	0.00513	0.03774	0.07434	0.11138	0.09166	0.26838	0.15454	0.15951	0.00960	0.00239	0.00360	0.00972	0.00475	0.00513
4	0.05588	0.01104	0.01306	0.01011	0.01406	0.01113	0.00833	0.31151	0.04794	0.43723	0.01668	0.01517	0.01099	0.00624	0.00507	0.00158	0.00483	0.00488	0.00571	0.00857
5	0.51717	0.01227	0.00940	0.00824	0.01125	0.14146	0.00659	0.09963	0.01176	0.04190	0.00916	0.01026	0.00704	0.00517	0.00373	0.00150	0.00488	0.00334	0.08927	0.00598
6	0.00661	0.00509	0.00596	0.00601	0.00723	0.00453	0.00436	0.00820	0.01226	0.01608	0.32211	0.17029	0.35026	0.04919	0.00705	0.00189	0.00270	0.01071	0.00502	0.00444
7	0.01247	0.00718	0.00859	0.00795	0.00985	0.00722	0.00633	0.13291	0.01333	0.14065	0.01990	0.09127	0.01845	0.09345	0.00748	0.00205	0.00408	0.18230	0.22875	0.00579
8	0.00891	0.00446	0.00668	0.00668	0.00668	0.00446	0.00446	0.00668	0.00668	0.00891	0.00891	0.01560	0.00891	0.01783	0.02005	0.85071	0.00446	0.00446	0.00223	0.00223
9	0.01365	0.01082	0.01163	0.01033	0.01332	0.01231	0.00807	0.02707	0.71229	0.08809	0.02083	0.01900	0.01541	0.00691	0.00522	0.00173	0.00409	0.00575	0.00532	0.00817
10	0.00666	0.00495	0.00625	0.00686	0.00775	0.00455	0.00501	0.00812	0.01142	0.01507	0.18975	0.40437	0.19544	0.01405	0.00641	0.00194	0.00299	0.09906	0.00494	0.00441
11	0.00945	0.00570	0.00701	0.00658	0.00816	0.00510	0.00489	0.01105	0.01243	0.14407	0.27180	0.12975	0.24444	0.09494	0.00806	0.00206	0.00316	0.02114	0.00513	0.00508
12	0.00733	0.00550	0.00825	0.00825	0.00916	0.00641	0.00641	0.00916	0.00825	0.01191	0.01374	0.02016	0.01283	0.03848	0.79934	0.00825	0.01374	0.00550	0.00275	0.00458
13	0.01372	0.82276	0.02689	0.00878	0.01317	0.02030	0.00878	0.01536	0.01043	0.01207	0.00713	0.00823	0.00658	0.00439	0.00329	0.00110	0.00549	0.00274	0.00219	0.00658
14	0.01276	0.01102	0.01160	0.01044	0.01334	0.01276	0.00812	0.02727	0.77840	0.02146	0.02088	0.01914	0.01566	0.00696	0.00522	0.00174	0.00406	0.00580	0.00522	0.00812
15	0.00657	0.00707	0.07369	0.00630	0.00845	0.00517	0.00543	0.00836	0.01145	0.01415	0.07084	0.04335	0.63152	0.01421	0.06849	0.00223	0.00390	0.00975	0.00441	0.00465
16	0.00733	0.00550	0.00825	0.00825	0.00916	0.00641	0.00641	0.00916	0.00825	0.01191	0.01374	0.02016	0.01283	0.03848	0.79934	0.00825	0.01374	0.00550	0.00275	0.00458
17	0.02302	0.00873	0.01191	0.00913	0.01310	0.00754	0.00754	0.02501	0.01469	0.79122	0.02024	0.01746	0.01270	0.00635	0.00516	0.00159	0.00437	0.00516	0.00635	0.00873
18	0.01038	0.00979	0.01369	0.01222	0.01246	0.01317	0.01016	0.01170	0.00852	0.01273	0.01086	0.02030	0.01130	0.04314	0.05787	0.00270	0.60252	0.12847	0.00272	0.00531
19	0.01255	0.01269	0.02680	0.01933	0.02408	0.01184	0.64286	0.01653	0.01252	0.07787	0.07820	0.01625	0.01169	0.00502	0.00598	0.00171	0.00777	0.00626	0.00316	0.00688
20	0.01372	0.82276	0.02689	0.00878	0.01317	0.02030	0.00878	0.01536	0.01043	0.01207	0.00713	0.00823	0.00658	0.00439	0.00329	0.00110	0.00549	0.00274	0.00219	0.00658
21	0.01141	0.01073	0.01757	0.19828	0.49808	0.01126	0.01381	0.01504	0.05430	0.01622	0.04713	0.01659	0.05609	0.00559	0.00520	0.00159	0.00578	0.00522	0.00290	0.00722
22	0.01183	0.08496	0.23335	0.05637	0.11591	0.01058	0.01178	0.03026	0.03230	0.10729	0.14428	0.02788	0.02857	0.01816	0.04201	0.00193	0.02676	0.00540	0.00356	0.00683
23	0.01361	0.79859	0.05015	0.00896	0.01344	0.02005	0.00909	0.01539	0.01044	0.01220	0.00720	0.00831	0.00658	0.00440	0.00334	0.00111	0.00555	0.00278	0.00219	0.00662
24	0.01372	0.82276	0.02689	0.00878	0.01317	0.02030	0.00878	0.01536	0.01043	0.01207	0.00713	0.00823	0.00658	0.00439	0.00329	0.00110	0.00549	0.00274	0.00219	0.00658
25	0.00877	0.00553	0.00727	0.03122	0.00917	0.00512	0.00553	0.01045	0.01213	0.10880	0.24687	0.32897	0.12627	0.01247	0.00617	0.00185	0.00317	0.06008	0.00513	0.00501
26	0.00919	0.00795	0.01237	0.08464	0.23867	0.00796	0.03716	0.02975	0.01130	0.01521	0.05168	0.27230	0.09843	0.03463	0.00651	0.00192	0.00463	0.06617	0.00381	0.00572
27	0.00647	0.00506	0.00587	0.00600	0.00727	0.00445	0.00437	0.00803	0.01217	0.01578	0.27352	0.20783	0.39911	0.01287	0.00616	0.00177	0.00262	0.01114	0.00504	0.00445
28	0.79565	0.01050	0.00820	0.00758	0.02703	0.03536	0.00599	0.03045	0.00928	0.02276	0.00733	0.00854	0.00571	0.00480	0.00330	0.00158	0.00421	0.00287	0.00318	0.00569
29	0.00722	0.00526	0.00641	0.00630	0.00765	0.00472	0.00472	0.00910	0.01303	0.03749	0.42293	0.12115	0.28455	0.01190	0.00612	0.00173	0.00267	0.03709	0.00526	0.00470
30	0.01246	0.01195	0.02040	0.09265	0.72836	0.01213	0.01563	0.01554	0.01157	0.01648	0.00961	0.01278	0.00803	0.00462	0.00508	0.00154	0.00615	0.00457	0.00252	0.00794
31	0.01892	0.01408	0.01507	0.01169	0.01569	0.01564	0.00961	0.70622	0.08941	0.03140	0.01306	0.01291	0.00933	0.00623	0.00514	0.00156	0.00551	0.00472	0.00514	0.00867
32	0.01335	0.01131	0.01193	0.01056	0.01357	0.01304	0.00826	0.09160	0.71311	0.02241	0.02014	0.01855	0.01506	0.00689	0.00521	0.00172	0.00420	0.00570	0.00521	0.00817
33	0.02302	0.00873	0.01191	0.00913	0.01310	0.00754	0.00754	0.02501	0.01469	0.79122	0.02024	0.01746	0.01270	0.00635	0.00516	0.00159	0.00437	0.00516	0.00635	0.00873
34	0.00618	0.00475	0.00566	0.00638	0.00724	0.00423	0.00442	0.00723	0.01056	0.01340	0.03760	0.51460	0.32964	0.01486	0.00636	0.00195	0.00283	0.01311	0.00476	0.00423
35	0.01069	0.00973	0.01529	0.25355	0.27447	0.01061	0.03391	0.01532	0.12951	0.01587	0.01458	0.12974	0.01334	0.00707	0.00540	0.00172	0.00553	0.03056	0.01647	0.00665
36	0.00742	0.00496	0.00561	0.00564	0.00565	0.00495	0.00316	0.00745	0.00754	0.01005	0.01655	0.05814	0.01913	0.79445	0.02550	0.00488	0.00491	0.00769	0.00316	0.00314
37	0.67831	0.01097	0.01087	0.02307	0.04473	0.04199	0.08219	0.01538	0.00943	0.02138	0.00763	0.00923	0.00596	0.00480	0.00383	0.00160	0.01651	0.00325	0.00304	0.00582
38	0.01208	0.26882	0.36032	0.09638	0.05111	0.02599	0.01414	0.05437	0.04331	0.01563	0.00920	0.01080	0.00712	0.00490	0.00444	0.00146	0.00658	0.00370	0.00249	0.00716
39	0.01534	0.13075	0.01765	0.06770	0.08895	0.26818	0.09634	0.06639	0.01298	0.07579	0.01046	0.01349	0.00872	0.07648	0.02764	0.00192	0.00732	0.00439	0.00304	0.00646
40	0.03793	0.14518	0.01402	0.01003	0.01321	0.01384	0.00814	0.02488	0.60995	0.03895	0.01819	0.01698	0.01379	0.00646	0.00484	0.00163	0.00430	0.00519	0.00469	0.00781
41	0.01197	0.01126	0.01824	0.15254	0.54691	0.02350	0.01406	0.03470	0.01205	0.01685	0.07670	0.01496	0.01139	0.00521	0.00513	0.00154	0.00587	0.00492	0.00285	0.02935
42	0.01080	0.00821	0.01226	0.02249	0.04734	0.02342	0.11054	0.01308	0.02457	0.11425	0.06712	0.19356	0.06314	0.02791	0.11077	0.00258	0.03010	0.00768	0.00398	0.10618
43	0.01032	0.00518	0.00741	0.00705	0.00780	0.00506	0.00503	0.00936	0.00828	0.10986	0.01430	0.01901	0.07105	0.01827	0.10370	0.58132	0.00533	0.00516	0.00301	0.00349
44	0.00632	0.00459	0.00597	0.00693	0.00742	0.00424	0.00470	0.00738	0.01038	0.01381	0.09564	0.68853	0.09444	0.01535	0.00647	0.00202	0.00290	0.01383	0.00484	0.00424
45	0.03800	0.01122	0.01249	0.01033	0.01359	0.01212	0.00846	0.38355	0.14728	0.10960	0.07787	0.02186	0.03134	0.00766	0.00541	0.00168	0.00478	0.08984	0.00522	0.00770
46	0.48129	0.00824	0.00763	0.00704	0.00957	0.00888	0.00553	0.02643	0.01020	0.11250	0.01695	0.18244	0.07405	0.00802	0.00439	0.00170	0.00370	0.00624	0.01961	0.00559
47	0.00777	0.00517	0.00580	0.00585	0.00610	0.00522	0.00349	0.00865	0.03997	0.01147	0.01737	0.09343	0.01926	0.65213	0.02176	0.00429	0.00456	0.00772	0.07647	0.00355
48	0.17235	0.01081	0.01286	0.01043	0.01377	0.01161	0.06766	0.23580	0.12750	0.14215	0.02747	0.04802	0.01177	0.00918	0.07367	0.00220	0.00568	0.00522	0.00456	0.00729
49	0.16228	0.00936	0.01027	0.00878	0.01169	0.00990	0.00698	0.11587	0.19900	0.19560	0.12808	0.07293	0.03263	0.00757	0.00506	0.00166	0.00398	0.00616	0.00513	0.00708
50	0.04650	0.00830	0.00986	0.00831	0.01111	0.00808	0.00659	0.12198	0.07420	0.29849	0.10763	0.10126	0.13202	0.00868	0.00540	0.00165	0.00384	0.00724	0.03193	0.00692
51	0.01055	0.00730	0.00922	0.00937	0.01118	0.00752	0.00788	0.04601	0.14475	0.07833	0.05513	0.04462	0.04920	0.02733	0.00683	0.00216	0.00447	0.46744	0.00496	0.00575
52	0.00911	0.00626	0.00737	0.00733	0.00880	0.02019	0.00544	0.03331	0.05521	0.09285	0.15137	0.32744	0.19892	0.01246	0.00610	0.00184	0.00327	0.04249	0.00506	0.00518
53	0.15819	0.01078	0.01163	0.00970	0.01293	0.01165	0.00782	0.28929	0.13922	0.15853	0.01636	0.10161	0.01333	0.00739	0.00503	0.00167	0.00457	0.02782	0.00498	0.00749
54	0.37638	0.00999	0.00875	0.00771	0.01040	0.06146	0.00610	0.13071	0.01235	0.06162	0.01536	0.07054	0.07715	0.02435	0.00470	0.00164	0.00424	0.00507	0.10558	0.00589
55	0.00632	0.00456	0.00586	0.00687	0.00727	0.00424	0.00458	0.00719	0.00983	0.01295	0.02951	0.69678	0.09796	0.07039	0.00784	0.00225	0.00308	0.01378	0.00465	0.00411
56	0.09709	0.00720	0.00788	0.00753	0.00937	0.00744	0.00570	0.06195	0.14033	0.05067	0.12827	0.22887	0.13805	0.01041	0.00550	0.00175	0.00335	0.02067	0.06236	0.00562
57	0.03670	0.00630	0.00773	0.00757	0.00903	0.00621	0.00555	0.01322	0.11781	0.12632	0.11760	0.33609	0.05733	0.01198	0.00702	0.07529	0.00338	0.00956	0.03994	0.00536
58	0.01761	0.00946	0.01146	0.00930	0.01257	0.00943	0.00750	0.14962	0.15832	0.37448	0.14688	0.02042	0.01856	0.00712	0.00528	0.00160	0.00416	0.00587	0.02247	0.00789
59	0.79026	0.00983	0.00789	0.00694	0.01017	0.01120	0.00571	0.01587	0.00920	0.08358	0.00818	0.00905	0.00612	0.00489	0.00333	0.00159	0.00400	0.00297	0.00343	0.00581
60	0.00955	0.00580	0.00758	0.00750	0.02366	0.00536	0.00557	0.01098	0.01186	0.12979	0.20537	0.11541	0.21217	0.01408	0.06743	0.08607	0.00412	0.06796	0.00476	0.00500
61	0.01394	0.01295	0.01293	0.07391	0.01540	0.22004	0.06666	0.09012	0.08005	0.07754	0.04969	0.11640	0.03111	0.00806	0.00544	0.00167	0.00597	0.07694	0.03497	0.00623
62	0.01525	0.00833	0.00956	0.00811	0.01062	0.01902	0.00633	0.13845	0.07928	0.25736	0.01829	0.08753	0.01466	0.07121	0.00650	0.00179	0.00401	0.00600	0.23094	0.00675
63	0.11413	0.27266	0.22904	0.08007	0.01766	0.05090	0.02181	0.06735	0.02573	0.02743	0.00873	0.01029	0.00689	0.00508	0.00477	0.00147	0.04300	0.00356	0.00266	0.00679
64	0.01062	0.01145	0.02408	0.01794	0.02188	0.01073	0.57436	0.01407	0.01153	0.01559	0.01494	0.21825	0.01445	0.00732	0.00618	0.00182	0.00721	0.00823	0.00315	0.00622
65	0.15278	0.01109	0.01126	0.00985	0.01298	0.01263	0.00778	0.09700	0.54770	0.02259	0.01732	0.01636	0.01300	0.00640	0.00482	0.00166	0.00419	0.00508	0.00479	0.04072
66	0.00877	0.00505	0.00701	0.00708	0.00740	0.00508	0.00483	0.00817	0.00837	0.05006	0.04535	0.23410	0.01841	0.10984	0.01570	0.41272	0.03752	0.00776	0.00335	0.00342
67	0.01192	0.00849	0.01030	0.00778	0.01172	0.00675	0.00620	0.01407	0.01099	0.12520	0.01199	0.04407	0.00990	0.00743	0.06680	0.00153	0.00460	0.00403	0.02440	0.61183
68	0.00736	0.00538	0.00767	0.00767	0.00838	0.00610	0.00569	0.00879	0.00807	0.01148	0.01427	0.02309	0.01410	0.20908	0.63049	0.00753	0.01183	0.00593	0.00283	0.00426
69	0.00815	0.00628	0.00893	0.00860	0.00951	0.00743	0.00668	0.04093	0.00882	0.01264	0.01332	0.02015	0.01262	0.09449	0.64559	0.00724	0.07553	0.00553	0.00284	0.00472
70	0.06253	0.00807	0.00965	0.00856	0.01109	0.00802	0.00672	0.06793	0.13473	0.27516	0.03600	0.17875	0.07110	0.02936	0.00603	0.00185	0.00397	0.05846	0.01528	0.00674
71	0.24238	0.01036	0.01142	0.00914	0.01283	0.01069	0.00750	0.17018	0.07864	0.37304	0.01525	0.01416	0.01027	0.00594	0.00463	0.00159	0.00449	0.00447	0.00517	0.00784
72	0.00688	0.00499	0.00649	0.00662	0.00756	0.00460	0.00477	0.00875	0.01287	0.01783	0.50465	0.29071	0.07929	0.01242	0.00621	0.00177	0.00261	0.01107	0.00532	0.00460
73	0.25786	0.00930	0.00999	0.00851	0.01148	0.00976	0.00682	0.13781	0.07133	0.22002	0.08250	0.11084	0.01610	0.00754	0.00486	0.00166	0.00411	0.01780	0.00488	0.00683
74	0.07148	0.00678	0.00853	0.00770	0.00985	0.00636	0.00591	0.01527	0.03807	0.28908	0.16527	0.23384	0.06050	0.01092	0.03050	0.00194	0.00378	0.00855	0.01952	0.00616
75	0.03770	0.00741	0.00883	0.00763	0.00987	0.00723	0.00591	0.08011	0.08049	0.18887	0.30693	0.02994	0.12310	0.07432	0.00724	0.00190	0.00354	0.00752	0.00533	0.00613
76	0.29159	0.00990	0.01058	0.00863	0.01211	0.03044	0.00704	0.08252	0.03723	0.39628	0.01505	0.01518	0.01049	0.03048	0.00517	0.00170	0.00449	0.01880	0.00496	0.00736
77	0.23358	0.00911	0.01032	0.00844	0.01183	0.00909	0.00686	0.05600	0.07752	0.41755	0.03959	0.03616	0.02459	0.00644	0.00468	0.00160	0.00412	0.00501	0.03002	0.00746
78	0.01016	0.00962	0.01322	0.03213	0.01250	0.01269	0.02019	0.01151	0.00885	0.01321	0.01510	0.03525	0.12824	0.00935	0.01345	0.00206	0.57203	0.00574	0.06937	0.00534
79	0.00650	0.00472	0.00604	0.00699	0.00751	0.00440	0.00484	0.00750	0.01003	0.01313	0.03000	0.59945	0.12010	0.07890	0.00808	0.00229	0.00324	0.07751	0.00463	0.00415
80	0.15694	0.00868	0.01023	0.00844	0.01160	0.00846	0.00678	0.07266	0.05581	0.41066	0.07291	0.08076	0.04534	0.02086	0.00538	0.00169	0.00407	0.00604	0.00539	0.00728
81	0.01134	0.01080	0.01448	0.03884	0.02732	0.07771	0.08435	0.03999	0.03626	0.01377	0.01114	0.03687	0.01063	0.01193	0.07903	0.09436	0.32317	0.06973	0.00284	0.00545
82	0.01189	0.01462	0.08915	0.02037	0.02530	0.01313	0.64432	0.01607	0.01164	0.01607	0.00997	0.01338	0.00759	0.00477	0.00690	0.00177	0.07795	0.00574	0.00253	0.00686
83	0.00645	0.00513	0.00578	0.00586	0.00717	0.00461	0.00427	0.00779	0.01121	0.01414	0.13516	0.12792	0.48379	0.07881	0.07636	0.00258	0.00377	0.01032	0.00457	0.00430
84	0.00952	0.00727	0.00974	0.00939	0.02929	0.00834	0.00711	0.06803	0.07653	0.02957	0.03613	0.03383	0.05639	0.03723	0.42063	0.06333	0.08320	0.00585	0.00335	0.00526
85	0.01489	0.01122	0.01289	0.01202	0.07443	0.01240	0.00877	0.21213	0.40364	0.08023	0.01675	0.01648	0.01251	0.00747	0.00647	0.07514	0.00468	0.00524	0.00481	0.00781
86	0.00693	0.00518	0.00649	0.00712	0.00790	0.00498	0.00497	0.00919	0.07139	0.01513	0.16223	0.55089	0.10009	0.01411	0.00632	0.00194	0.00293	0.01264	0.00495	0.00461
87	0.01448	0.42170	0.02130	0.14294	0.03822	0.23464	0.02192	0.01640	0.01156	0.01257	0.00779	0.00966	0.00669	0.00483	0.00424	0.00130	0.01780	0.00332	0.00235	0.00629
88	0.08115	0.00743	0.00669	0.00657	0.00840	0.06816	0.00492	0.01043	0.06329	0.01510	0.05337	0.13189	0.50126	0.01159	0.00570	0.00173	0.00338	0.00962	0.00451	0.00481
89	0.01495	0.12630	0.04912	0.14447	0.04876	0.27732	0.02378	0.08718	0.01295	0.03542	0.00938	0.03456	0.00790	0.00594	0.00612	0.00154	0.10088	0.00419	0.00284	0.00641
90	0.01478	0.20209	0.09891	0.08043	0.17490	0.25784	0.03084	0.05533	0.01272	0.01483	0.00861	0.01051	0.00706	0.00490	0.00454	0.00140	0.00719	0.00372	0.00257	0.00685
91	0.06130	0.00940	0.01140	0.11222	0.01531	0.00830	0.00744	0.04449	0.03449	0.08058	0.01039	0.01178	0.00809	0.00443	0.00414	0.00106	0.00433	0.00354	0.00337	0.56395
92	0.02495	0.12063	0.23910	0.02888	0.05267	0.05757	0.05975	0.05388	0.13249	0.03932	0.04809	0.01815	0.03128	0.00640	0.00505	0.00162	0.00602	0.06369	0.00342	0.00702
93	0.01578	0.49851	0.05496	0.01034	0.01476	0.04049	0.06115	0.07639	0.01253	0.15611	0.01026	0.01076	0.00795	0.00493	0.00407	0.00129	0.00571	0.00362	0.00322	0.00719
94	0.00956	0.00478	0.00478	0.00478	0.00598	0.00478	0.00359	0.01196	0.01076	0.01913	0.01674	0.01913	0.01315	0.00598	0.00359	0.00120	0.00239	0.00478	0.84816	0.00478
95	0.08870	0.00752	0.00916	0.00850	0.03024	0.02277	0.00612	0.07748	0.01116	0.21152	0.01522	0.12727	0.01380	0.08132	0.01146	0.25780	0.00447	0.00614	0.00405	0.00530
96	0.01457	0.04727	0.07350	0.04415	0.41033	0.11181	0.03348	0.07865	0.03198	0.07368	0.01052	0.01246	0.00826	0.00509	0.00521	0.00152	0.02236	0.00440	0.00306	0.00770
97	0.01430	0.01104	0.01764	0.02432	0.53989	0.01093	0.01301	0.01794	0.07055	0.16196	0.03635	0.03604	0.01145	0.00557	0.00517	0.00157	0.00542	0.00518	0.00361	0.00804
98	0.00746	0.00497	0.00560	0.00560	0.00560	0.00497	0.00311	0.00746	0.00746	0.00995	0.01617	0.03358	0.01865	0.81967	0.02612	0.00497	0.00497	0.00746	0.00311	0.00311
99	0.02352	0.00823	0.02396	0.09863	0.12907	0.00798	0.05826	0.02359	0.05246	0.07771	0.10143	0.17121	0.16385	0.02927	0.00620	0.00181	0.00445	0.00831	0.00416	0.00589
