[name]
unknown

[dist]
# distance from previous block
# <min> <max>
0	65

[block]
# block no. 0 follows, 44 sequences, length 32
# corresponding to MSA columns:
# 414-445
name=unknown_A
#
# <colnr> <probs for GDERKNQSTAVLIFYWHMCP>
#	G	D	E	R	K	N	Q	S	T	A	V	L	I	F	Y	W	H	M	C	P
0	0.14537	0.00819	0.00978	0.03424	0.04340	0.00850	0.02369	0.07523	0.03143	0.06920	0.08777	0.07007	0.09829	0.04884	0.02860	0.00217	0.00460	0.10237	0.10229	0.00597
1	0.03436	0.01182	0.03468	0.34183	0.23787	0.03658	0.04484	0.03617	0.05195	0.03906	0.03005	0.03062	0.01006	0.00574	0.00542	0.00171	0.00658	0.00518	0.00309	0.03240
2	0.01030	0.00969	0.01635	0.79530	0.03755	0.01211	0.01514	0.01393	0.01090	0.01393	0.00969	0.01453	0.00727	0.00545	0.00545	0.00182	0.00727	0.00484	0.00242	0.00606
3	0.84691	0.01054	0.00801	0.00717	0.01054	0.01223	0.00590	0.01603	0.00928	0.02446	0.00759	0.00886	0.00590	0.00506	0.00337	0.00169	0.00422	0.00295	0.00337	0.00590
4	0.02202	0.00873	0.01189	0.00945	0.01320	0.00761	0.00774	0.02412	0.01525	0.66734	0.06866	0.05461	0.01754	0.00780	0.00569	0.00175	0.00447	0.03693	0.00656	0.00864
5	0.00690	0.00485	0.00625	0.00726	0.00751	0.00460	0.00471	0.00766	0.00993	0.01324	0.02744	0.64916	0.03277	0.17725	0.01117	0.00284	0.00359	0.01397	0.00471	0.00420
6	0.00659	0.00551	0.00574	0.00573	0.00746	0.00466	0.00428	0.00809	0.01270	0.01549	0.13320	0.07144	0.67322	0.01360	0.00646	0.00184	0.00275	0.01143	0.00517	0.00466
7	0.00769	0.00556	0.00710	0.00671	0.00804	0.00510	0.00503	0.01018	0.01510	0.02130	0.69899	0.04101	0.10240	0.01120	0.00636	0.00171	0.00258	0.00985	0.02897	0.00510
8	0.00690	0.00492	0.00626	0.00716	0.00755	0.00462	0.00471	0.00778	0.01035	0.01375	0.06208	0.59633	0.07772	0.15048	0.01042	0.00269	0.00347	0.01373	0.00481	0.00428
9	0.01093	0.02820	0.78016	0.01554	0.02360	0.01266	0.02014	0.01727	0.01151	0.01727	0.00978	0.01151	0.00691	0.00518	0.00518	0.00173	0.00806	0.00403	0.00230	0.00806
10	0.84691	0.01054	0.00801	0.00717	0.01054	0.01223	0.00590	0.01603	0.00928	0.02446	0.00759	0.00886	0.00590	0.00506	0.00337	0.00169	0.00422	0.00295	0.00337	0.00590
11	0.03582	0.00563	0.00641	0.00617	0.00761	0.00540	0.00462	0.01183	0.01281	0.03557	0.29043	0.09014	0.02884	0.00884	0.00504	0.00151	0.00274	0.00753	0.40260	0.03045
12	0.01458	0.81168	0.02857	0.00933	0.01399	0.02157	0.00933	0.01632	0.01108	0.01283	0.00758	0.00875	0.00700	0.00466	0.00350	0.00117	0.00583	0.00292	0.00233	0.00700
13	0.04562	0.00991	0.01633	0.71875	0.07843	0.01217	0.01484	0.01418	0.01092	0.01459	0.00963	0.01424	0.00729	0.00540	0.00536	0.00180	0.00709	0.00477	0.00248	0.00620
14	0.01972	0.01009	0.01223	0.00981	0.01342	0.00998	0.00796	0.15577	0.12839	0.41185	0.07425	0.01960	0.01600	0.00709	0.00541	0.00167	0.00450	0.00576	0.07798	0.00852
15	0.84691	0.01054	0.00801	0.00717	0.01054	0.01223	0.00590	0.01603	0.00928	0.02446	0.00759	0.00886	0.00590	0.00506	0.00337	0.00169	0.00422	0.00295	0.00337	0.00590
16	0.01349	0.01295	0.02213	0.03346	0.77440	0.01295	0.01673	0.01673	0.01241	0.01781	0.01025	0.01349	0.00864	0.00486	0.00540	0.00162	0.00648	0.00486	0.00270	0.00864
17	0.01784	0.01384	0.01474	0.01196	0.01581	0.01556	0.00966	0.46349	0.32305	0.02971	0.01675	0.01601	0.01224	0.00689	0.00549	0.00172	0.00532	0.00541	0.00549	0.00901
18	0.01386	0.01186	0.01249	0.01115	0.01429	0.01370	0.00870	0.05896	0.73407	0.02328	0.02181	0.02004	0.01634	0.00736	0.00554	0.00184	0.00438	0.00611	0.00554	0.00866
19	0.01283	0.01461	0.03163	0.02267	0.02799	0.01389	0.72851	0.01731	0.01271	0.01731	0.01089	0.01461	0.00823	0.00477	0.00684	0.00186	0.03691	0.00638	0.00274	0.00730
20	0.05481	0.00838	0.00926	0.00783	0.01040	0.00852	0.00623	0.17926	0.01567	0.15054	0.10470	0.02155	0.04845	0.00726	0.00484	0.00152	0.00375	0.00582	0.34446	0.00674
21	0.03161	0.01190	0.01886	0.32411	0.33061	0.03239	0.05017	0.05270	0.03076	0.03296	0.01101	0.02916	0.00884	0.00552	0.00545	0.00172	0.00677	0.00510	0.00295	0.00742
22	0.01116	0.01020	0.01562	0.12967	0.35732	0.03164	0.01242	0.01438	0.04755	0.01633	0.01722	0.20192	0.01750	0.00898	0.00598	0.00188	0.00566	0.08411	0.00359	0.00686
23	0.00663	0.00478	0.00628	0.00748	0.00788	0.00444	0.00501	0.00760	0.01054	0.01396	0.03134	0.76615	0.07392	0.01691	0.00693	0.00219	0.00314	0.01529	0.00506	0.00444
24	0.00837	0.00623	0.00798	0.00749	0.00879	0.00615	0.00569	0.04130	0.01469	0.02054	0.57387	0.06653	0.08180	0.03649	0.03496	0.00214	0.03615	0.03005	0.00553	0.00523
25	0.01287	0.17493	0.38498	0.01559	0.04030	0.01486	0.14202	0.05358	0.04654	0.02963	0.01043	0.01217	0.00787	0.00527	0.00542	0.00165	0.02690	0.00443	0.00277	0.00780
26	0.04320	0.01023	0.01292	0.04194	0.04691	0.02903	0.00862	0.11811	0.03115	0.46198	0.03282	0.03414	0.01363	0.04163	0.04633	0.00220	0.00558	0.00566	0.00563	0.00829
27	0.00672	0.00481	0.00636	0.00757	0.00793	0.00450	0.00509	0.00769	0.01047	0.01391	0.03025	0.75194	0.05151	0.03613	0.00746	0.00229	0.00325	0.03268	0.00502	0.00442
28	0.01342	0.01400	0.03499	0.10678	0.18329	0.17046	0.11117	0.04675	0.01309	0.01676	0.02876	0.09317	0.01264	0.00712	0.00598	0.01459	0.02043	0.02233	0.07758	0.00668
29	0.01604	0.07267	0.19235	0.04284	0.06361	0.05234	0.12611	0.16484	0.04691	0.13271	0.01310	0.02983	0.00968	0.00590	0.00541	0.00168	0.00688	0.00508	0.00390	0.00812
30	0.04391	0.04901	0.05420	0.14409	0.12714	0.06233	0.02383	0.08076	0.06193	0.09339	0.04992	0.09289	0.01445	0.00745	0.00584	0.00175	0.02978	0.02667	0.02353	0.00711
31	0.54171	0.07178	0.03161	0.00931	0.01299	0.12576	0.02856	0.05661	0.01143	0.02187	0.00825	0.00955	0.00651	0.00514	0.00388	0.00157	0.00548	0.00327	0.00328	0.04143

[dist]
# distance from previous block
# <min> <max>
0	11

[block]
# block no. 1 follows, 44 sequences, length 63
# corresponding to MSA columns:
# 457-470,508-518,520-557
name=unknown_B
#
# <colnr> <probs for GDERKNQSTAVLIFYWHMCP>
#	G	D	E	R	K	N	Q	S	T	A	V	L	I	F	Y	W	H	M	C	P
0	0.00940	0.00858	0.01188	0.06901	0.05979	0.00951	0.04468	0.01239	0.06819	0.01605	0.11454	0.04961	0.28393	0.01106	0.02227	0.00207	0.17404	0.02308	0.00414	0.00576
1	0.01321	0.01241	0.06150	0.16861	0.16766	0.05544	0.03416	0.01657	0.03545	0.08534	0.01188	0.03640	0.00953	0.00557	0.00542	0.00149	0.02851	0.00475	0.01685	0.22926
2	0.01929	0.00887	0.01144	0.00928	0.01273	0.00824	0.00748	0.02348	0.12910	0.50595	0.15864	0.02375	0.04110	0.00783	0.00569	0.00172	0.00416	0.00654	0.00639	0.00830
3	0.01180	0.04709	0.48532	0.04484	0.16295	0.01249	0.03845	0.01678	0.01176	0.04074	0.01134	0.03816	0.00911	0.00587	0.00554	0.00174	0.01941	0.02607	0.00270	0.00785
4	0.02371	0.00771	0.03356	0.02809	0.01155	0.00755	0.03637	0.01221	0.07971	0.04152	0.02323	0.33009	0.05590	0.05703	0.11357	0.00312	0.04748	0.05203	0.00432	0.03124
5	0.00865	0.00647	0.00927	0.08296	0.01265	0.00654	0.02901	0.03186	0.01209	0.01593	0.10082	0.23069	0.08147	0.01394	0.00806	0.07186	0.00450	0.26368	0.00461	0.00493
6	0.01510	0.01265	0.01568	0.27914	0.12527	0.13288	0.02869	0.04049	0.03682	0.14774	0.03181	0.01634	0.03222	0.00621	0.00571	0.00169	0.02719	0.00514	0.03209	0.00711
7	0.00793	0.00529	0.00595	0.00595	0.00595	0.00529	0.00330	0.00793	0.00793	0.01057	0.01718	0.03568	0.01982	0.80840	0.02775	0.00529	0.00529	0.00793	0.00330	0.00330
8	0.01130	0.00969	0.01130	0.00807	0.01292	0.00727	0.00646	0.01373	0.01130	0.01776	0.00969	0.01130	0.00807	0.00404	0.00404	0.00081	0.00404	0.00323	0.00323	0.84173
9	0.01464	0.50239	0.20352	0.01154	0.01671	0.14093	0.01207	0.01741	0.01187	0.01395	0.00823	0.00957	0.00698	0.00494	0.00412	0.00134	0.00699	0.00327	0.00240	0.00714
10	0.01030	0.00969	0.01635	0.79530	0.03755	0.01211	0.01514	0.01393	0.01090	0.01393	0.00969	0.01453	0.00727	0.00545	0.00545	0.00182	0.00727	0.00484	0.00242	0.00606
11	0.03108	0.06101	0.01532	0.03238	0.04215	0.04147	0.00979	0.30620	0.34077	0.03746	0.01636	0.01590	0.01216	0.00666	0.00532	0.00170	0.00539	0.00525	0.00503	0.00860
12	0.01435	0.01210	0.01277	0.01125	0.01448	0.01393	0.00882	0.10869	0.68355	0.02407	0.02119	0.01955	0.01583	0.00730	0.00554	0.00183	0.00450	0.00603	0.00554	0.00870
13	0.01499	0.03869	0.18979	0.01405	0.07089	0.01168	0.08288	0.08072	0.13097	0.16227	0.04741	0.01688	0.01264	0.00619	0.00537	0.00165	0.00589	0.01514	0.02963	0.06226
14	0.00781	0.00639	0.00660	0.00644	0.00833	0.00599	0.00483	0.01134	0.12411	0.01638	0.07119	0.06782	0.54920	0.03195	0.00669	0.00190	0.00305	0.01031	0.05447	0.00521
15	0.84691	0.01054	0.00801	0.00717	0.01054	0.01223	0.00590	0.01603	0.00928	0.02446	0.00759	0.00886	0.00590	0.00506	0.00337	0.00169	0.00422	0.00295	0.00337	0.00590
16	0.08829	0.01379	0.05225	0.06885	0.26715	0.03042	0.25580	0.03710	0.04151	0.06349	0.01133	0.01391	0.00868	0.00518	0.00573	0.00173	0.01865	0.00523	0.00316	0.00776
17	0.00727	0.00541	0.00666	0.00722	0.00818	0.00508	0.00513	0.00935	0.04657	0.01618	0.17074	0.44420	0.17796	0.01458	0.00663	0.00202	0.00306	0.03145	0.02749	0.00482
18	0.00702	0.00551	0.00587	0.00599	0.00765	0.00468	0.00441	0.00835	0.01220	0.03772	0.05008	0.17472	0.62859	0.01413	0.00650	0.00190	0.00288	0.01198	0.00511	0.00472
19	0.09359	0.20847	0.01811	0.01195	0.01562	0.35287	0.00979	0.19398	0.01627	0.01920	0.00926	0.01026	0.00745	0.00556	0.00457	0.00143	0.00747	0.00365	0.00337	0.00714
20	0.04164	0.10080	0.10542	0.01411	0.08114	0.04614	0.01171	0.41634	0.01940	0.07026	0.01186	0.01252	0.00871	0.00607	0.00549	0.00161	0.02940	0.00451	0.00435	0.00853
21	0.00780	0.00580	0.00858	0.00858	0.00949	0.00671	0.00658	0.00962	0.00871	0.01252	0.01477	0.02235	0.01404	0.09132	0.73692	0.00853	0.01399	0.00598	0.00295	0.00476
22	0.00664	0.00477	0.00630	0.00753	0.00789	0.00443	0.00503	0.00760	0.01050	0.01394	0.03079	0.78257	0.05786	0.01698	0.00694	0.00220	0.00315	0.01538	0.00506	0.00443
23	0.07312	0.01646	0.21108	0.03854	0.16625	0.01302	0.11050	0.09478	0.13516	0.03877	0.04017	0.01502	0.01095	0.00579	0.00540	0.00173	0.00651	0.00513	0.00361	0.00801
24	0.05634	0.01560	0.01916	0.10260	0.36896	0.19736	0.05589	0.03610	0.01318	0.04606	0.01009	0.01271	0.00812	0.00534	0.00561	0.00163	0.03018	0.00455	0.00295	0.00758
25	0.01491	0.01503	0.09404	0.02531	0.47443	0.03977	0.01496	0.13158	0.07662	0.04250	0.01189	0.01382	0.00931	0.00544	0.00538	0.00165	0.00644	0.00486	0.00344	0.00862
26	0.01413	0.05380	0.01518	0.03654	0.12116	0.03317	0.04831	0.20944	0.12339	0.04465	0.02093	0.07520	0.11985	0.00881	0.02557	0.00189	0.00555	0.00673	0.02823	0.00747
27	0.01493	0.30279	0.27385	0.01289	0.01800	0.23643	0.01334	0.01809	0.01238	0.01446	0.00854	0.01007	0.00698	0.00526	0.00491	0.00146	0.03252	0.00351	0.00246	0.00712
28	0.00702	0.00499	0.00656	0.00754	0.00799	0.00471	0.00518	0.00816	0.01085	0.01457	0.10217	0.60488	0.03575	0.08923	0.00886	0.00247	0.00343	0.06622	0.00499	0.00444
29	0.01334	0.11002	0.31998	0.01252	0.01811	0.05941	0.02820	0.06920	0.11768	0.03677	0.01195	0.01291	0.00902	0.00545	0.00487	0.00151	0.00643	0.00423	0.02943	0.12899
30	0.01372	0.68327	0.02544	0.00903	0.01345	0.01909	0.00874	0.01549	0.01111	0.01337	0.01012	0.04158	0.03189	0.00538	0.00377	0.00120	0.00547	0.00370	0.00260	0.08156
31	0.01181	0.01812	0.29233	0.05478	0.08165	0.03028	0.03472	0.01524	0.01021	0.01515	0.00861	0.01206	0.00722	0.00718	0.01112	0.00202	0.37358	0.00453	0.00240	0.00698
32	0.06482	0.01020	0.01216	0.00998	0.01363	0.01028	0.00804	0.05959	0.25774	0.41541	0.06322	0.01961	0.01606	0.00711	0.00544	0.00174	0.00446	0.00579	0.00607	0.00865
33	0.00881	0.00596	0.00693	0.00653	0.00842	0.00518	0.00501	0.01068	0.01372	0.09704	0.27842	0.04546	0.44068	0.01226	0.00637	0.00181	0.00297	0.03294	0.00554	0.00528
34	0.01193	0.01193	0.01670	0.01431	0.01431	0.01670	0.01193	0.01312	0.00835	0.01312	0.00716	0.01193	0.00716	0.00954	0.01789	0.00239	0.79843	0.00477	0.00239	0.00596
35	0.00673	0.00480	0.00642	0.00769	0.00804	0.00450	0.00521	0.00774	0.01052	0.01401	0.03000	0.77566	0.03587	0.01700	0.00698	0.00223	0.00324	0.04385	0.00506	0.00445
36	0.00677	0.00486	0.00645	0.00768	0.00810	0.00455	0.00526	0.00783	0.01063	0.01409	0.03074	0.73585	0.05806	0.01686	0.00698	0.00222	0.00327	0.06028	0.00506	0.00447
37	0.00793	0.00529	0.00595	0.00595	0.00595	0.00529	0.00330	0.00793	0.00793	0.01057	0.01718	0.03568	0.01982	0.80840	0.02775	0.00529	0.00529	0.00793	0.00330	0.00330
38	0.01989	0.01450	0.01563	0.01221	0.01639	0.01603	0.01001	0.62087	0.12878	0.06676	0.01475	0.01436	0.01050	0.00667	0.00547	0.00167	0.00570	0.00511	0.00553	0.00918
39	0.04754	0.00886	0.01187	0.00935	0.01317	0.00779	0.00763	0.02431	0.01513	0.67150	0.06457	0.06108	0.01663	0.00749	0.00555	0.00172	0.00443	0.00619	0.00651	0.00868
40	0.02037	0.02598	0.01545	0.01404	0.01685	0.78652	0.01053	0.02177	0.01545	0.01334	0.00843	0.00983	0.00702	0.00562	0.00492	0.00140	0.00983	0.00351	0.00281	0.00632
41	0.01030	0.00969	0.01635	0.79530	0.03755	0.01211	0.01514	0.01393	0.01090	0.01393	0.00969	0.01453	0.00727	0.00545	0.00545	0.00182	0.00727	0.00484	0.00242	0.00606
42	0.00947	0.00473	0.00710	0.00710	0.00710	0.00473	0.00473	0.00710	0.00710	0.00947	0.00947	0.01657	0.00947	0.01894	0.02131	0.84138	0.00473	0.00473	0.00237	0.00237
43	0.01093	0.02820	0.78016	0.01554	0.02360	0.01266	0.02014	0.01727	0.01151	0.01727	0.00978	0.01151	0.00691	0.00518	0.00518	0.00173	0.00806	0.00403	0.00230	0.00806
44	0.01280	0.00975	0.01547	0.05107	0.14706	0.01013	0.11569	0.04945	0.01234	0.10456	0.01639	0.11907	0.01507	0.05371	0.00827	0.00204	0.08958	0.04950	0.11139	0.00665
45	0.01041	0.00983	0.07549	0.07159	0.21356	0.00846	0.01034	0.01348	0.01366	0.04832	0.34954	0.02906	0.05218	0.00853	0.00592	0.00172	0.00458	0.03802	0.02883	0.00650
46	0.06473	0.10925	0.04146	0.01111	0.05555	0.12007	0.00878	0.08457	0.01326	0.04228	0.00985	0.01116	0.00794	0.00480	0.00435	0.00117	0.00555	0.00356	0.00333	0.39725
47	0.03202	0.04244	0.21980	0.03005	0.10042	0.01122	0.05441	0.08863	0.03213	0.05100	0.02740	0.12396	0.02771	0.03101	0.03086	0.00211	0.02975	0.03061	0.02742	0.00707
48	0.00751	0.00577	0.00707	0.00772	0.00914	0.00532	0.00627	0.00938	0.01238	0.01555	0.06348	0.12965	0.35773	0.01459	0.00696	0.00216	0.00377	0.32568	0.00507	0.00478
49	0.01024	0.01266	0.16106	0.13916	0.25052	0.00996	0.01319	0.01348	0.01159	0.01605	0.03933	0.17779	0.06101	0.00957	0.02999	0.00205	0.00611	0.02616	0.00336	0.00672
50	0.01346	0.06622	0.26638	0.12694	0.20688	0.05022	0.05257	0.08666	0.03253	0.03189	0.01059	0.01282	0.00805	0.00531	0.00526	0.00166	0.00722	0.00453	0.00292	0.00789
51	0.01173	0.02708	0.06198	0.04238	0.29403	0.01038	0.03310	0.04430	0.08051	0.04126	0.01861	0.22515	0.04040	0.00880	0.00579	0.00181	0.00526	0.00798	0.03231	0.00714
52	0.00668	0.00477	0.00636	0.00757	0.00792	0.00445	0.00506	0.00768	0.01061	0.01419	0.05529	0.77883	0.03658	0.01688	0.00694	0.00220	0.00314	0.01531	0.00509	0.00445
53	0.01507	0.03116	0.21435	0.07598	0.10653	0.22027	0.04134	0.07117	0.01367	0.05942	0.01111	0.03699	0.00893	0.00735	0.03636	0.00193	0.03324	0.00471	0.00310	0.00731
54	0.01584	0.04804	0.09527	0.04768	0.10572	0.08776	0.20868	0.15602	0.05723	0.08148	0.01212	0.01379	0.00901	0.00566	0.00594	0.00170	0.03137	0.00512	0.00365	0.00794
55	0.81525	0.01113	0.00830	0.00743	0.01078	0.04189	0.00608	0.01625	0.00951	0.02403	0.00762	0.00889	0.00595	0.00508	0.00343	0.00168	0.00443	0.00297	0.00335	0.00592
56	0.00991	0.00816	0.00903	0.00835	0.01052	0.00859	0.00640	0.01765	0.33191	0.02067	0.29484	0.03471	0.19714	0.01015	0.00606	0.00180	0.00335	0.00866	0.00560	0.00650
57	0.01525	0.01352	0.01322	0.01158	0.01483	0.08266	0.00906	0.13904	0.58558	0.02372	0.01958	0.01830	0.01467	0.00711	0.00548	0.00178	0.00506	0.00574	0.00529	0.00852
58	0.00678	0.00490	0.00642	0.00738	0.00791	0.00454	0.00502	0.00799	0.01125	0.01509	0.13639	0.65666	0.07735	0.01607	0.00686	0.00212	0.00306	0.01449	0.00519	0.00454
59	0.00720	0.00555	0.00657	0.00632	0.00783	0.00492	0.00474	0.00929	0.01421	0.01897	0.48127	0.04548	0.34350	0.01222	0.00644	0.00177	0.00265	0.01053	0.00562	0.00492
60	0.00824	0.00574	0.00734	0.00701	0.00846	0.00524	0.00535	0.01060	0.01477	0.04941	0.58849	0.05643	0.14318	0.01168	0.00647	0.00179	0.00284	0.05592	0.00583	0.00521
61	0.01458	0.81168	0.02857	0.00933	0.01399	0.02157	0.00933	0.01632	0.01108	0.01283	0.00758	0.00875	0.00700	0.00466	0.00350	0.00117	0.00583	0.00292	0.00233	0.00700
62	0.01030	0.00969	0.01635	0.79530	0.03755	0.01211	0.01514	0.01393	0.01090	0.01393	0.00969	0.01453	0.00727	0.00545	0.00545	0.00182	0.00727	0.00484	0.00242	0.00606

[dist]
# distance from previous block
# <min> <max>
0	10

[block]
# block no. 2 follows, 44 sequences, length 11
# corresponding to MSA columns:
# 568-578
name=unknown_C
#
# <colnr> <probs for GDERKNQSTAVLIFYWHMCP>
#	G	D	E	R	K	N	Q	S	T	A	V	L	I	F	Y	W	H	M	C	P
0	0.00779	0.00584	0.00876	0.00876	0.00974	0.00681	0.00681	0.00974	0.00876	0.01266	0.01460	0.02142	0.01363	0.04089	0.78680	0.00876	0.01460	0.00584	0.00292	0.00487
1	0.02146	0.01014	0.01269	0.00996	0.01383	0.00970	0.00814	0.15970	0.06409	0.51635	0.07001	0.01920	0.01547	0.00703	0.00549	0.00167	0.00466	0.00570	0.03590	0.00881
2	0.04455	0.00647	0.00842	0.00784	0.00915	0.00669	0.00571	0.01246	0.00975	0.15499	0.01656	0.02563	0.01558	0.31585	0.33022	0.00588	0.00890	0.00643	0.00379	0.00515
3	0.02072	0.01527	0.01636	0.01254	0.01691	0.01691	0.01036	0.75622	0.02563	0.03436	0.01309	0.01309	0.00927	0.00654	0.00545	0.00164	0.00600	0.00491	0.00545	0.00927
4	0.84691	0.01054	0.00801	0.00717	0.01054	0.01223	0.00590	0.01603	0.00928	0.02446	0.00759	0.00886	0.00590	0.00506	0.00337	0.00169	0.00422	0.00295	0.00337	0.00590
5	0.01215	0.00654	0.00857	0.00758	0.00966	0.00585	0.00585	0.01441	0.01496	0.22828	0.46836	0.08170	0.09308	0.01049	0.00620	0.00175	0.00319	0.00912	0.00608	0.00619
6	0.02248	0.00884	0.01202	0.00936	0.01324	0.00767	0.00767	0.02465	0.01558	0.68882	0.11011	0.02117	0.01798	0.00727	0.00559	0.00169	0.00439	0.00600	0.00666	0.00879
7	0.00787	0.00552	0.00711	0.00711	0.00752	0.00592	0.00476	0.00868	0.00827	0.01144	0.01611	0.02976	0.01725	0.49007	0.34257	0.00673	0.00915	0.00706	0.00314	0.00395
8	0.01765	0.01399	0.01426	0.01182	0.01549	0.06297	0.00945	0.33849	0.36099	0.06917	0.01741	0.01649	0.01272	0.00689	0.00546	0.00172	0.00540	0.00542	0.00540	0.00879
9	0.09234	0.01123	0.01314	0.01031	0.01422	0.01140	0.00847	0.28983	0.01849	0.37062	0.06430	0.01722	0.01370	0.00788	0.02995	0.00189	0.00528	0.00534	0.00582	0.00859
10	0.02167	0.00912	0.01208	0.00950	0.01329	0.00821	0.00775	0.05040	0.04970	0.62012	0.11810	0.02131	0.01839	0.00734	0.00561	0.00170	0.00441	0.00606	0.00655	0.00871

[dist]
# distance from previous block
# <min> <max>
1	34

[block]
# block no. 3 follows, 44 sequences, length 33
# corresponding to MSA columns:
# 613-630,638-652
name=unknown_D
#
# <colnr> <probs for GDERKNQSTAVLIFYWHMCP>
#	G	D	E	R	K	N	Q	S	T	A	V	L	I	F	Y	W	H	M	C	P
0	0.57023	0.02773	0.03375	0.01066	0.06333	0.14869	0.00812	0.05039	0.01140	0.02210	0.00823	0.00960	0.00648	0.00521	0.00393	0.00162	0.00557	0.00330	0.00327	0.00639
1	0.00808	0.00603	0.00823	0.13452	0.01257	0.00632	0.00670	0.00941	0.01003	0.01315	0.02247	0.24537	0.04230	0.30283	0.01437	0.00331	0.00492	0.14100	0.00399	0.00439
2	0.04080	0.26972	0.03561	0.01012	0.01416	0.04472	0.00892	0.26755	0.04962	0.02238	0.01165	0.01252	0.00914	0.00565	0.00442	0.00138	0.00542	0.00409	0.11048	0.07167
3	0.00745	0.00567	0.00785	0.02579	0.03311	0.00545	0.02629	0.00869	0.01059	0.01405	0.05452	0.47323	0.09619	0.13637	0.03513	0.00282	0.00424	0.04343	0.00456	0.00459
4	0.01387	0.25455	0.24025	0.04958	0.06993	0.07860	0.05893	0.07653	0.03494	0.01672	0.00971	0.01160	0.00773	0.00577	0.00558	0.03282	0.01867	0.00407	0.00277	0.00738
5	0.00959	0.00509	0.00800	0.00767	0.00787	0.00506	0.03166	0.00747	0.00731	0.00976	0.00953	0.01650	0.00943	0.01842	0.02077	0.81124	0.00489	0.00480	0.00238	0.00255
6	0.01016	0.00508	0.00508	0.00508	0.00635	0.00508	0.00381	0.01270	0.01143	0.02033	0.01778	0.02033	0.01397	0.00635	0.00381	0.00127	0.00254	0.00508	0.83867	0.00508
7	0.01239	0.01174	0.02061	0.04770	0.47122	0.01175	0.12810	0.01585	0.03178	0.01716	0.01321	0.02050	0.01190	0.00783	0.03149	0.02852	0.00688	0.10074	0.00307	0.00758
8	0.02982	0.01379	0.04775	0.05642	0.04071	0.07949	0.29201	0.07770	0.01426	0.14875	0.04193	0.01881	0.03447	0.00650	0.00636	0.00179	0.03634	0.04177	0.00392	0.00739
9	0.01352	0.00989	0.01157	0.00853	0.01306	0.00810	0.00686	0.06922	0.03096	0.10773	0.01198	0.01290	0.00926	0.00472	0.00433	0.00102	0.00419	0.00377	0.04141	0.62698
10	0.01365	0.61211	0.22001	0.01091	0.01644	0.01930	0.01208	0.01656	0.01119	0.01396	0.00814	0.00945	0.00697	0.00480	0.00393	0.00131	0.00640	0.00320	0.00232	0.00727
11	0.01061	0.00918	0.01244	0.12450	0.07987	0.03649	0.05026	0.07072	0.06827	0.02007	0.33873	0.05778	0.08072	0.00901	0.00603	0.00175	0.00463	0.00797	0.00474	0.00624
12	0.84691	0.01054	0.00801	0.00717	0.01054	0.01223	0.00590	0.01603	0.00928	0.02446	0.00759	0.00886	0.00590	0.00506	0.00337	0.00169	0.00422	0.00295	0.00337	0.00590
13	0.00663	0.00479	0.00628	0.00747	0.00788	0.00444	0.00501	0.00760	0.01055	0.01396	0.03153	0.76053	0.07941	0.01689	0.00693	0.00219	0.00314	0.01526	0.00506	0.00444
14	0.01046	0.00888	0.01035	0.00780	0.01198	0.00678	0.00613	0.01266	0.01133	0.01716	0.01561	0.08314	0.08050	0.00605	0.00451	0.00102	0.00385	0.00504	0.00355	0.69320
15	0.01411	0.01351	0.09113	0.11945	0.45543	0.01219	0.05019	0.03614	0.01282	0.10465	0.01201	0.03303	0.00952	0.00550	0.00548	0.00169	0.00655	0.00518	0.00322	0.00820
16	0.01130	0.00969	0.01130	0.00807	0.01292	0.00727	0.00646	0.01373	0.01130	0.01776	0.00969	0.01130	0.00807	0.00404	0.00404	0.00081	0.00404	0.00323	0.00323	0.84173
17	0.01458	0.81168	0.02857	0.00933	0.01399	0.02157	0.00933	0.01632	0.01108	0.01283	0.00758	0.00875	0.00700	0.00466	0.00350	0.00117	0.00583	0.00292	0.00233	0.00700
18	0.00989	0.00594	0.00786	0.00844	0.02831	0.00556	0.00585	0.01163	0.02984	0.12615	0.09039	0.49263	0.04770	0.04315	0.00728	0.00215	0.00354	0.03197	0.03633	0.00540
19	0.00756	0.00557	0.00707	0.00669	0.00805	0.00508	0.00502	0.00998	0.01506	0.02097	0.68213	0.04219	0.14139	0.01148	0.00643	0.00173	0.00260	0.01006	0.00588	0.00508
20	0.03810	0.00535	0.00653	0.00714	0.00784	0.00512	0.00493	0.00858	0.01084	0.01483	0.11650	0.40372	0.10644	0.17233	0.01088	0.00273	0.00365	0.06532	0.00476	0.00440
21	0.00766	0.00537	0.00694	0.00716	0.00753	0.00564	0.00476	0.00846	0.00864	0.01184	0.01857	0.16507	0.02061	0.41803	0.27376	0.00589	0.00798	0.00856	0.00348	0.00401
22	0.00674	0.00481	0.00644	0.00770	0.00806	0.00451	0.00523	0.00776	0.01053	0.01402	0.02999	0.77143	0.03585	0.01699	0.00698	0.00223	0.00325	0.04796	0.00506	0.00445
23	0.01478	0.06715	0.03820	0.04382	0.17491	0.10011	0.17852	0.07514	0.15671	0.04710	0.03995	0.01545	0.01145	0.00580	0.00552	0.00167	0.00683	0.00537	0.00370	0.00783
24	0.00880	0.00570	0.00731	0.00756	0.00875	0.00529	0.00546	0.01079	0.03612	0.08671	0.21323	0.42396	0.11307	0.01398	0.00661	0.00200	0.00320	0.03078	0.00546	0.00522
25	0.05385	0.06623	0.01612	0.02636	0.05131	0.10721	0.03028	0.32062	0.09756	0.02446	0.01209	0.01279	0.00920	0.00577	0.00497	0.00147	0.00600	0.00442	0.00423	0.14504
26	0.01190	0.04094	0.09196	0.03280	0.06217	0.00948	0.02943	0.07226	0.04037	0.04689	0.07802	0.08559	0.04000	0.00711	0.00519	0.00145	0.00488	0.03193	0.00393	0.30369
27	0.01451	0.12228	0.39104	0.01339	0.01932	0.05013	0.04213	0.09794	0.01370	0.11819	0.01257	0.05883	0.00981	0.00616	0.00517	0.00166	0.00694	0.00491	0.00343	0.00789
28	0.01476	0.12174	0.16279	0.01133	0.01551	0.02928	0.03243	0.04021	0.14934	0.17828	0.11550	0.01858	0.01634	0.00813	0.03481	0.00194	0.03138	0.00552	0.00446	0.00768
29	0.01592	0.00850	0.01294	0.01090	0.01382	0.00779	0.10038	0.04122	0.01375	0.34885	0.02326	0.24147	0.02129	0.01042	0.00628	0.00196	0.00489	0.10371	0.00552	0.00714
30	0.01805	0.01152	0.06873	0.01275	0.06453	0.01025	0.05262	0.08758	0.08898	0.35665	0.04545	0.02158	0.01509	0.00738	0.00602	0.00179	0.02699	0.06928	0.02650	0.00826
31	0.02943	0.01398	0.09583	0.07803	0.19679	0.04838	0.11244	0.06984	0.05865	0.13873	0.02709	0.05573	0.01159	0.00640	0.00599	0.00175	0.03197	0.00570	0.00383	0.00783
32	0.01030	0.00969	0.01635	0.79530	0.03755	0.01211	0.01514	0.01393	0.01090	0.01393	0.00969	0.01453	0.00727	0.00545	0.00545	0.00182	0.00727	0.00484	0.00242	0.00606

[dist]
# distance from previous block
# <min> <max>
0	9

[block]
# block no. 4 follows, 44 sequences, length 26
# corresponding to MSA columns:
# 662-687
name=unknown_E
#
# <colnr> <probs for GDERKNQSTAVLIFYWHMCP>
#	G	D	E	R	K	N	Q	S	T	A	V	L	I	F	Y	W	H	M	C	P
0	0.54046	0.03594	0.01051	0.00848	0.01208	0.03188	0.00702	0.11739	0.01237	0.06452	0.01022	0.01253	0.00814	0.00572	0.00405	0.00162	0.00470	0.03637	0.00385	0.07214
1	0.32096	0.12321	0.12938	0.01163	0.01587	0.10574	0.09763	0.01691	0.01150	0.03586	0.04359	0.01317	0.00954	0.00569	0.00474	0.00164	0.01919	0.02400	0.00316	0.00661
2	0.00813	0.00533	0.00677	0.00677	0.00699	0.00555	0.00433	0.00821	0.00799	0.01088	0.01540	0.02947	0.01681	0.51132	0.20016	0.13501	0.00733	0.00696	0.00307	0.00352
3	0.78146	0.01028	0.00806	0.00718	0.01051	0.01175	0.00590	0.01601	0.00963	0.04943	0.01020	0.01114	0.04055	0.00551	0.00358	0.00169	0.00417	0.00342	0.00356	0.00596
4	0.09359	0.05903	0.17602	0.06528	0.06556	0.17080	0.04975	0.04598	0.06962	0.07027	0.01134	0.02694	0.00887	0.00602	0.00588	0.00169	0.05825	0.00454	0.00329	0.00729
5	0.01093	0.02820	0.78016	0.01554	0.02360	0.01266	0.02014	0.01727	0.01151	0.01727	0.00978	0.01151	0.00691	0.00518	0.00518	0.00173	0.00806	0.00403	0.00230	0.00806
6	0.00994	0.00931	0.01536	0.72306	0.03479	0.01143	0.01413	0.01337	0.01104	0.01400	0.01386	0.01800	0.07724	0.00621	0.00554	0.00182	0.00686	0.00545	0.00266	0.00592
7	0.00781	0.00577	0.00841	0.00841	0.00926	0.00662	0.00637	0.00951	0.00866	0.01239	0.01493	0.02321	0.01441	0.13744	0.69132	0.00832	0.01343	0.00610	0.00297	0.00467
8	0.01093	0.02820	0.78016	0.01554	0.02360	0.01266	0.02014	0.01727	0.01151	0.01727	0.00978	0.01151	0.00691	0.00518	0.00518	0.00173	0.00806	0.00403	0.00230	0.00806
9	0.01440	0.02645	0.01540	0.05975	0.15345	0.18554	0.02823	0.06855	0.20044	0.01886	0.08905	0.01815	0.03312	0.00778	0.02720	0.00188	0.03490	0.00557	0.00397	0.00732
10	0.06612	0.07576	0.05961	0.07943	0.05482	0.06991	0.03541	0.19100	0.11432	0.08224	0.08087	0.01617	0.01339	0.00638	0.00521	0.00163	0.00582	0.00513	0.00432	0.03247
11	0.03371	0.15687	0.28713	0.01264	0.01794	0.03381	0.03586	0.12738	0.07979	0.08226	0.05456	0.01425	0.01119	0.00603	0.00532	0.00163	0.02341	0.00465	0.00368	0.00788
12	0.00812	0.00569	0.00639	0.00640	0.00677	0.00571	0.00392	0.00922	0.05107	0.01190	0.02126	0.05989	0.07970	0.64832	0.02347	0.00463	0.00496	0.03511	0.00368	0.00380
13	0.01261	0.01429	0.03109	0.02233	0.02763	0.01340	0.72327	0.01705	0.01277	0.01732	0.01182	0.04772	0.00943	0.00512	0.00646	0.00185	0.00894	0.00681	0.00285	0.00723
14	0.03511	0.01756	0.20831	0.18238	0.20472	0.09624	0.07120	0.05622	0.03049	0.03150	0.01045	0.01303	0.00796	0.00531	0.00534	0.00169	0.00743	0.00462	0.00286	0.00758
15	0.01347	0.01294	0.03614	0.20950	0.38015	0.04152	0.07750	0.03554	0.05226	0.04871	0.01119	0.01418	0.00878	0.00540	0.00584	0.00172	0.02935	0.00501	0.00301	0.00778
16	0.00940	0.00594	0.00783	0.00714	0.00872	0.00543	0.00543	0.01192	0.01545	0.09782	0.69619	0.03850	0.04763	0.01070	0.00633	0.00171	0.00278	0.00942	0.00608	0.00556
17	0.04132	0.03789	0.01498	0.05881	0.05395	0.00916	0.12588	0.03389	0.01303	0.25515	0.04278	0.17908	0.03505	0.00926	0.00656	0.03692	0.00528	0.02937	0.00472	0.00693
18	0.02725	0.08103	0.12398	0.08508	0.11510	0.05658	0.17553	0.08145	0.01374	0.11037	0.01386	0.04235	0.03691	0.00605	0.00549	0.00169	0.00695	0.00551	0.00352	0.00759
19	0.01453	0.01600	0.06267	0.17093	0.05220	0.27663	0.02695	0.03797	0.03424	0.04437	0.08580	0.01784	0.02985	0.00667	0.00548	0.00162	0.01814	0.02237	0.06925	0.00647
20	0.00787	0.00551	0.00707	0.00707	0.00746	0.00590	0.00471	0.00865	0.00826	0.01141	0.01615	0.02996	0.01734	0.50085	0.33191	0.00668	0.00902	0.00709	0.00315	0.00393
21	0.11571	0.04355	0.16216	0.08481	0.03694	0.08003	0.07712	0.02893	0.01143	0.03404	0.01308	0.09006	0.02673	0.00931	0.05131	0.00223	0.09875	0.02418	0.00314	0.00650
22	0.02702	0.07331	0.12994	0.07561	0.20514	0.05163	0.14841	0.03217	0.03469	0.04880	0.01213	0.04981	0.01020	0.00613	0.00602	0.00173	0.04185	0.02218	0.01579	0.00745
23	0.00674	0.00491	0.00638	0.00752	0.00804	0.00455	0.00518	0.00782	0.01076	0.01413	0.03255	0.68637	0.11100	0.01663	0.00694	0.00219	0.00323	0.05552	0.00506	0.00448
24	0.01168	0.01004	0.05100	0.09780	0.17075	0.00955	0.04342	0.06096	0.01314	0.05436	0.01971	0.03405	0.03468	0.01025	0.02449	0.00216	0.00597	0.29350	0.04592	0.00658
25	0.01387	0.25348	0.22438	0.01616	0.15128	0.03402	0.04072	0.04921	0.06361	0.05118	0.01159	0.01434	0.00945	0.00568	0.00492	0.00158	0.00657	0.03710	0.00309	0.00779

[dist]
# distance from previous block
# <min> <max>
1	6

[block]
# block no. 5 follows, 44 sequences, length 7
# corresponding to MSA columns:
# 694-700
name=unknown_F
#
# <colnr> <probs for GDERKNQSTAVLIFYWHMCP>
#	G	D	E	R	K	N	Q	S	T	A	V	L	I	F	Y	W	H	M	C	P
0	0.01516	0.03932	0.02830	0.06138	0.05788	0.29233	0.01011	0.06382	0.18045	0.01690	0.01355	0.04060	0.01141	0.02937	0.09813	0.00256	0.02314	0.00512	0.00361	0.00686
1	0.00922	0.00482	0.00691	0.00691	0.00691	0.00482	0.00450	0.00724	0.00724	0.00965	0.01073	0.01970	0.01116	0.14814	0.02236	0.70455	0.00482	0.00526	0.00252	0.00252
2	0.01222	0.03702	0.07630	0.05995	0.29469	0.01242	0.09506	0.01564	0.03691	0.04175	0.03532	0.01846	0.08774	0.00776	0.02856	0.00199	0.12195	0.00580	0.00317	0.00730
3	0.00955	0.00833	0.04084	0.02979	0.01204	0.00755	0.06731	0.03958	0.08738	0.03891	0.31165	0.06466	0.17943	0.05151	0.00736	0.00199	0.00406	0.02718	0.00507	0.00583
4	0.00706	0.00549	0.00637	0.00641	0.00776	0.00496	0.00472	0.00866	0.01244	0.01605	0.22650	0.11059	0.39834	0.07959	0.05291	0.00254	0.00371	0.03622	0.00503	0.00465
5	0.01360	0.46307	0.07880	0.01055	0.01455	0.08013	0.04683	0.04750	0.01217	0.01476	0.04717	0.07818	0.01241	0.05219	0.00579	0.00163	0.00609	0.00497	0.00298	0.00662
6	0.09153	0.00886	0.01108	0.00899	0.01248	0.00837	0.00730	0.02304	0.07602	0.50981	0.05048	0.01909	0.01471	0.00843	0.04256	0.00200	0.00476	0.00548	0.08685	0.00815

[dist]
# distance from previous block
# <min> <max>
1	5

[block]
# block no. 6 follows, 44 sequences, length 8
# corresponding to MSA columns:
# 707-714
name=unknown_G
#
# <colnr> <probs for GDERKNQSTAVLIFYWHMCP>
#	G	D	E	R	K	N	Q	S	T	A	V	L	I	F	Y	W	H	M	C	P
0	0.09990	0.05997	0.02023	0.12038	0.22077	0.01249	0.19926	0.01617	0.05674	0.01735	0.01144	0.03705	0.00950	0.00634	0.00636	0.05577	0.00652	0.00532	0.03150	0.00694
1	0.03771	0.16144	0.03346	0.01291	0.04397	0.09265	0.06914	0.28605	0.07891	0.02306	0.01176	0.01264	0.00905	0.00569	0.00490	0.00148	0.00622	0.00443	0.02913	0.07540
2	0.01003	0.00929	0.07168	0.04705	0.11187	0.00766	0.03488	0.01262	0.01268	0.06563	0.12230	0.03688	0.23680	0.04199	0.00704	0.00199	0.00469	0.12595	0.00443	0.03454
3	0.01234	0.20757	0.28580	0.01223	0.03211	0.01314	0.03401	0.06019	0.01206	0.04726	0.01247	0.08842	0.01111	0.02858	0.06777	0.00222	0.00701	0.00525	0.00309	0.05736
4	0.04613	0.22495	0.18871	0.06187	0.06184	0.01283	0.01108	0.01620	0.03814	0.06384	0.06551	0.01662	0.04268	0.00613	0.00467	0.00152	0.00547	0.00481	0.12010	0.00694
5	0.00815	0.00615	0.00729	0.00709	0.00857	0.00577	0.00525	0.06842	0.01428	0.01905	0.34136	0.20962	0.25299	0.01285	0.00647	0.00185	0.00303	0.01118	0.00548	0.00516
6	0.01358	0.01160	0.01601	0.04813	0.01565	0.01452	0.05346	0.11615	0.04163	0.06570	0.01084	0.01552	0.00958	0.08882	0.01467	0.00245	0.44650	0.00531	0.00333	0.00655
7	0.01415	0.11361	0.12077	0.04936	0.15475	0.03576	0.09144	0.06178	0.03943	0.10481	0.01322	0.07774	0.01117	0.00728	0.00670	0.05222	0.02935	0.00561	0.00350	0.00736

[dist]
# distance from previous block
# <min> <max>
0	51

# created by:
# /home/cegg/simao/soft/augustus-3.2.1/scripts/msa2prfl.pl ./align_prep/EOG091G0M12.fa
