[name]
unknown

[dist]
# distance from previous block
# <min> <max>
6	20

[block]
# block no. 0 follows, 37 sequences, length 12
# corresponding to MSA columns:
# 21-32
name=unknown_A
#
# <colnr> <probs for GDERKNQSTAVLIFYWHMCP>
#	G	D	E	R	K	N	Q	S	T	A	V	L	I	F	Y	W	H	M	C	P
0	0.04204	0.00885	0.01216	0.01254	0.08868	0.00820	0.00874	0.01907	0.01478	0.31000	0.06676	0.17156	0.06102	0.05338	0.00813	0.00234	0.00496	0.09300	0.00605	0.00775
1	0.01746	0.01306	0.01986	0.12745	0.36116	0.01347	0.01483	0.08804	0.06741	0.15855	0.04621	0.01818	0.01326	0.00663	0.00615	0.00189	0.00660	0.00593	0.00452	0.00934
2	0.01540	0.03976	0.02199	0.16385	0.47084	0.01410	0.01649	0.05630	0.01450	0.06785	0.01342	0.05412	0.01131	0.00650	0.00610	0.00188	0.00705	0.00603	0.00356	0.00896
3	0.13190	0.01168	0.01425	0.01175	0.01551	0.01218	0.06516	0.09673	0.20598	0.18445	0.10631	0.04703	0.05344	0.00859	0.00615	0.00198	0.00519	0.00721	0.00594	0.00857
4	0.08273	0.00823	0.01013	0.01004	0.04784	0.00806	0.00715	0.03638	0.05432	0.11079	0.35197	0.12336	0.08357	0.02932	0.00727	0.00209	0.00393	0.00995	0.00609	0.00677
5	0.01557	0.11586	0.25197	0.09334	0.24794	0.01572	0.01751	0.09356	0.01502	0.05979	0.01193	0.01416	0.00908	0.00592	0.00574	0.00182	0.00765	0.00493	0.00338	0.00910
6	0.01468	0.01406	0.02399	0.13395	0.65401	0.01442	0.01855	0.01837	0.01371	0.01942	0.01143	0.01530	0.00949	0.00554	0.00607	0.00185	0.00739	0.00545	0.00299	0.00932
7	0.00982	0.00725	0.00919	0.00924	0.04958	0.00644	0.00640	0.01218	0.01526	0.05190	0.37647	0.08200	0.20379	0.04648	0.00795	0.00206	0.00360	0.01051	0.00584	0.08402
8	0.01460	0.10755	0.13279	0.01357	0.03068	0.18611	0.06770	0.01852	0.06058	0.03341	0.08712	0.02610	0.14150	0.03100	0.00684	0.00195	0.00720	0.02139	0.00411	0.00729
9	0.04983	0.01182	0.01641	0.01371	0.01543	0.01425	0.05737	0.01650	0.05023	0.06986	0.07200	0.04475	0.01515	0.05161	0.01451	0.00246	0.39339	0.00644	0.00387	0.08040
10	0.27340	0.01311	0.01377	0.01172	0.03423	0.01427	0.00924	0.17617	0.13426	0.10621	0.01457	0.01491	0.01079	0.00682	0.00598	0.00184	0.04696	0.00490	0.00501	0.10185
11	0.25074	0.01849	0.01476	0.01312	0.03875	0.24711	0.01000	0.16990	0.08514	0.02499	0.01191	0.01285	0.00921	0.00639	0.00517	0.00173	0.00719	0.00440	0.00428	0.06386

[dist]
# distance from previous block
# <min> <max>
0	1

[block]
# block no. 1 follows, 37 sequences, length 54
# corresponding to MSA columns:
# 34-38,42-54,56-59,75-106
name=unknown_B
#
# <colnr> <probs for GDERKNQSTAVLIFYWHMCP>
#	G	D	E	R	K	N	Q	S	T	A	V	L	I	F	Y	W	H	M	C	P
0	0.00756	0.00576	0.00687	0.00768	0.00869	0.00519	0.00537	0.00882	0.01248	0.01586	0.04325	0.44163	0.29810	0.06203	0.00898	0.00255	0.00361	0.04501	0.00557	0.00500
1	0.01298	0.01250	0.03951	0.53145	0.18995	0.01396	0.01696	0.05853	0.01372	0.01823	0.02759	0.01654	0.00972	0.00619	0.00612	0.00198	0.00779	0.00555	0.00307	0.00767
2	0.01617	0.01164	0.01307	0.01162	0.01492	0.01276	0.00913	0.04429	0.48539	0.13651	0.09565	0.04986	0.02317	0.00929	0.00646	0.00207	0.00475	0.03770	0.00644	0.00911
3	0.01355	0.09094	0.01332	0.01056	0.01320	0.18591	0.00826	0.01794	0.13312	0.01773	0.06920	0.04394	0.19698	0.01533	0.11833	0.00302	0.00756	0.00770	0.02671	0.00672
4	0.00782	0.00624	0.00704	0.00709	0.00887	0.00546	0.00539	0.00980	0.01474	0.01872	0.23563	0.08748	0.48010	0.01499	0.00735	0.00211	0.00326	0.06659	0.00595	0.00535
5	0.04929	0.01127	0.01530	0.19244	0.09873	0.01044	0.01092	0.01725	0.01306	0.08608	0.01206	0.01444	0.00937	0.00533	0.00519	0.00140	0.00575	0.00447	0.00372	0.43349
6	0.02701	0.01115	0.01466	0.01124	0.01599	0.01009	0.00928	0.10588	0.01875	0.67315	0.02312	0.02016	0.01463	0.00755	0.00615	0.00189	0.00538	0.00609	0.00742	0.01042
7	0.73557	0.01218	0.01142	0.00962	0.01364	0.01373	0.06666	0.01849	0.01097	0.04902	0.00933	0.01083	0.00711	0.00570	0.00415	0.00191	0.00522	0.00373	0.00385	0.00688
8	0.07639	0.01189	0.03895	0.03974	0.03933	0.01154	0.19409	0.09479	0.01529	0.02144	0.02166	0.08741	0.02158	0.01113	0.00726	0.00234	0.00698	0.28643	0.00465	0.00712
9	0.02746	0.01042	0.01421	0.01089	0.01563	0.00900	0.00900	0.02983	0.01752	0.75093	0.02415	0.02083	0.01515	0.00758	0.00616	0.00189	0.00521	0.00616	0.00758	0.01042
10	0.01850	0.01217	0.01427	0.01197	0.01546	0.06440	0.04018	0.18876	0.01928	0.21632	0.14202	0.03265	0.05725	0.01011	0.00677	0.00204	0.00581	0.12763	0.00616	0.00825
11	0.05364	0.01128	0.01340	0.01013	0.01509	0.00979	0.00820	0.05861	0.07130	0.25552	0.01631	0.01607	0.01173	0.00600	0.00524	0.00141	0.00490	0.00478	0.00523	0.42138
12	0.62452	0.01229	0.01113	0.01010	0.04092	0.01372	0.00786	0.08871	0.01318	0.11315	0.01107	0.01188	0.00812	0.00606	0.00438	0.00189	0.00508	0.00394	0.00443	0.00756
13	0.01269	0.01088	0.01269	0.00907	0.01451	0.00816	0.00725	0.01541	0.01269	0.01995	0.01088	0.01269	0.00907	0.00453	0.00453	0.00091	0.00453	0.00363	0.00363	0.82229
14	0.01269	0.01088	0.01269	0.00907	0.01451	0.00816	0.00725	0.01541	0.01269	0.01995	0.01088	0.01269	0.00907	0.00453	0.00453	0.00091	0.00453	0.00363	0.00363	0.82229
15	0.00744	0.00540	0.00703	0.00834	0.00883	0.00499	0.00560	0.00854	0.01189	0.01570	0.03594	0.72463	0.09531	0.01889	0.00777	0.00245	0.00352	0.01705	0.00568	0.00499
16	0.82811	0.01184	0.00900	0.00805	0.01184	0.01373	0.00663	0.01799	0.01042	0.02746	0.00852	0.00994	0.00663	0.00568	0.00379	0.00189	0.00474	0.00331	0.00379	0.00663
17	0.01362	0.01148	0.01317	0.00966	0.01492	0.00942	0.00773	0.06660	0.06538	0.02166	0.01215	0.01356	0.00985	0.00500	0.00477	0.00106	0.00471	0.00399	0.00399	0.70728
18	0.01108	0.01038	0.01792	0.01460	0.01791	0.00991	0.24698	0.01555	0.07090	0.01992	0.14293	0.04211	0.17707	0.01133	0.00742	0.00221	0.00618	0.16383	0.00502	0.00675
19	0.00744	0.00540	0.00703	0.00834	0.00883	0.00499	0.00560	0.00854	0.01189	0.01570	0.03594	0.72463	0.09531	0.01889	0.00777	0.00245	0.00352	0.01705	0.00568	0.00499
20	0.82811	0.01184	0.00900	0.00805	0.01184	0.01373	0.00663	0.01799	0.01042	0.02746	0.00852	0.00994	0.00663	0.00568	0.00379	0.00189	0.00474	0.00331	0.00379	0.00663
21	0.01533	0.01615	0.03395	0.02546	0.07222	0.01525	0.62999	0.04232	0.01500	0.05204	0.01292	0.01656	0.00960	0.00535	0.00708	0.00204	0.00981	0.00702	0.00338	0.00850
22	0.01203	0.01127	0.01861	0.57287	0.13610	0.01364	0.01623	0.01562	0.01209	0.01596	0.01126	0.01733	0.00918	0.05140	0.00851	0.00228	0.06014	0.00564	0.00282	0.00702
23	0.57344	0.01594	0.01149	0.01017	0.01389	0.18795	0.00811	0.03832	0.01291	0.06640	0.00980	0.01095	0.00751	0.00598	0.00439	0.00182	0.00629	0.00368	0.00392	0.00705
24	0.00758	0.00602	0.00680	0.00701	0.00858	0.00525	0.00510	0.00930	0.01416	0.01799	0.19601	0.21210	0.45111	0.01568	0.00736	0.00213	0.00315	0.01351	0.00590	0.00525
25	0.02006	0.02191	0.01725	0.01431	0.01845	0.42666	0.05286	0.08573	0.01705	0.05160	0.01112	0.01255	0.00882	0.00595	0.00546	0.00148	0.00871	0.00430	0.00374	0.21201
26	0.00734	0.00621	0.00634	0.00631	0.00833	0.00521	0.00473	0.00898	0.01419	0.01711	0.11078	0.05797	0.69508	0.01529	0.00723	0.00206	0.00309	0.01279	0.00576	0.00521
27	0.20634	0.01303	0.03698	0.01078	0.01513	0.05858	0.00903	0.09877	0.01672	0.35163	0.07369	0.01841	0.01506	0.00724	0.00557	0.00183	0.00555	0.00552	0.00588	0.04425
28	0.02224	0.01487	0.02162	0.01780	0.07762	0.10803	0.21192	0.02539	0.01635	0.39292	0.01795	0.01791	0.01214	0.00657	0.00637	0.00190	0.00756	0.00612	0.00539	0.00932
29	0.00890	0.00593	0.00668	0.00668	0.00668	0.00593	0.00371	0.00890	0.00890	0.01187	0.01929	0.04006	0.02225	0.78487	0.03116	0.00593	0.00593	0.00890	0.00371	0.00371
30	0.01088	0.00580	0.00607	0.00601	0.00746	0.00570	0.00450	0.01369	0.01351	0.02286	0.12425	0.02729	0.04612	0.00818	0.00480	0.00152	0.00287	0.00671	0.67610	0.00570
31	0.01484	0.01579	0.08142	0.05432	0.67297	0.01449	0.01904	0.01875	0.01382	0.01984	0.01146	0.01501	0.00951	0.00550	0.00604	0.00183	0.00743	0.00538	0.00299	0.00957
32	0.01597	0.60115	0.16791	0.01210	0.01794	0.06492	0.01285	0.01888	0.01281	0.01538	0.00903	0.01048	0.00784	0.00541	0.00438	0.00144	0.00728	0.00355	0.00264	0.00804
33	0.00890	0.00593	0.00668	0.00668	0.00668	0.00593	0.00371	0.00890	0.00890	0.01187	0.01929	0.04006	0.02225	0.78487	0.03116	0.00593	0.00593	0.00890	0.00371	0.00371
34	0.02287	0.02917	0.01735	0.01577	0.01892	0.76030	0.01183	0.02444	0.01735	0.01498	0.00946	0.01104	0.00788	0.00631	0.00552	0.00158	0.01104	0.00394	0.00315	0.00710
35	0.01474	0.09607	0.50606	0.01656	0.04671	0.07299	0.01874	0.02130	0.06726	0.06528	0.01253	0.01381	0.00912	0.00609	0.00568	0.00186	0.00837	0.00468	0.00323	0.00894
36	0.01302	0.01249	0.02175	0.33405	0.34164	0.01349	0.07562	0.01677	0.01311	0.01784	0.01306	0.07540	0.01143	0.00677	0.00632	0.00198	0.00760	0.00653	0.00312	0.00802
37	0.01523	0.01315	0.01384	0.01246	0.01592	0.01523	0.00969	0.03253	0.73563	0.02561	0.02491	0.02284	0.01869	0.00830	0.00623	0.00208	0.00484	0.00692	0.00623	0.00969
38	0.04852	0.01381	0.02241	0.03061	0.54632	0.01365	0.03441	0.04075	0.01489	0.15438	0.01382	0.01601	0.01059	0.00590	0.00602	0.00184	0.00686	0.00555	0.00398	0.00969
39	0.01665	0.37877	0.11631	0.01394	0.03836	0.14883	0.01282	0.03568	0.05521	0.01651	0.01009	0.01189	0.00861	0.00643	0.00676	0.00168	0.10636	0.00414	0.00301	0.00794
40	0.00811	0.00669	0.00785	0.00799	0.00956	0.00643	0.00617	0.00982	0.01323	0.01660	0.07020	0.13727	0.46199	0.01784	0.06168	0.00279	0.05430	0.09080	0.00535	0.00534
41	0.01493	0.01432	0.02434	0.03672	0.72653	0.01429	0.01840	0.01851	0.01394	0.01990	0.01289	0.01635	0.02975	0.00573	0.00609	0.00182	0.00716	0.00566	0.00310	0.00957
42	0.01288	0.06485	0.49664	0.01636	0.04039	0.01380	0.05928	0.01921	0.04421	0.01952	0.01153	0.01341	0.00859	0.00562	0.00560	0.00174	0.00798	0.00458	0.00297	0.15083
43	0.82811	0.01184	0.00900	0.00805	0.01184	0.01373	0.00663	0.01799	0.01042	0.02746	0.00852	0.00994	0.00663	0.00568	0.00379	0.00189	0.00474	0.00331	0.00379	0.00663
44	0.00863	0.00734	0.00757	0.00732	0.00957	0.00685	0.00554	0.01283	0.13178	0.01853	0.09984	0.05218	0.58178	0.01414	0.00707	0.00206	0.00337	0.01182	0.00584	0.00594
45	0.01269	0.01088	0.01269	0.00907	0.01451	0.00816	0.00725	0.01541	0.01269	0.01995	0.01088	0.01269	0.00907	0.00453	0.00453	0.00091	0.00453	0.00363	0.00363	0.82229
46	0.00740	0.00555	0.00687	0.00793	0.00872	0.00502	0.00542	0.00859	0.01229	0.01586	0.04094	0.59695	0.21977	0.01824	0.00767	0.00238	0.00344	0.01626	0.00568	0.00502
47	0.01269	0.01088	0.01269	0.00907	0.01451	0.00816	0.00725	0.01541	0.01269	0.01995	0.01088	0.01269	0.00907	0.00453	0.00453	0.00091	0.00453	0.00363	0.00363	0.82229
48	0.01297	0.00928	0.00992	0.00905	0.01148	0.01003	0.00699	0.06770	0.27673	0.02490	0.13970	0.02747	0.05336	0.00879	0.00570	0.00180	0.00385	0.00730	0.30555	0.00745
49	0.01273	0.01198	0.01964	0.45950	0.26381	0.01363	0.01661	0.01732	0.05471	0.01765	0.01412	0.01818	0.04128	0.00644	0.00616	0.00197	0.00746	0.00586	0.00315	0.00782
50	0.00779	0.00620	0.00699	0.00684	0.00862	0.00540	0.00511	0.00984	0.01519	0.01959	0.32329	0.07200	0.46260	0.01445	0.00724	0.00202	0.00303	0.01232	0.00609	0.00540
51	0.01564	0.01443	0.04837	0.06030	0.12443	0.08267	0.01215	0.10888	0.08328	0.06419	0.01575	0.03504	0.02841	0.08049	0.06882	0.00299	0.13596	0.00625	0.00411	0.00784
52	0.00878	0.00630	0.00787	0.00751	0.00911	0.00569	0.00562	0.01128	0.01633	0.04104	0.54472	0.08744	0.19883	0.01337	0.00723	0.00198	0.00303	0.01167	0.00648	0.00572
53	0.01774	0.07972	0.02197	0.05414	0.36023	0.27532	0.01515	0.02095	0.04000	0.01767	0.01090	0.01356	0.00912	0.00603	0.00617	0.00174	0.03321	0.00480	0.00313	0.00844

[dist]
# distance from previous block
# <min> <max>
0	1

[block]
# block no. 2 follows, 37 sequences, length 30
# corresponding to MSA columns:
# 108-113,115-137,153
name=unknown_C
#
# <colnr> <probs for GDERKNQSTAVLIFYWHMCP>
#	G	D	E	R	K	N	Q	S	T	A	V	L	I	F	Y	W	H	M	C	P
0	0.09285	0.71537	0.02990	0.01025	0.01535	0.02323	0.01011	0.01830	0.01225	0.01563	0.00851	0.00983	0.00774	0.00528	0.00391	0.00136	0.00638	0.00328	0.00273	0.00774
1	0.01216	0.01149	0.01944	0.64833	0.15933	0.01376	0.01730	0.01616	0.01252	0.01636	0.01099	0.01613	0.00842	0.00601	0.00611	0.00200	0.00801	0.00544	0.00277	0.00728
2	0.01947	0.01517	0.01711	0.01558	0.08627	0.01685	0.01148	0.37149	0.30305	0.04945	0.01862	0.01807	0.01369	0.00755	0.00616	0.00193	0.00601	0.00607	0.00591	0.01006
3	0.00878	0.00640	0.00904	0.00904	0.00985	0.00722	0.00665	0.01042	0.00960	0.01362	0.01713	0.02811	0.01707	0.23340	0.57554	0.00885	0.01374	0.00715	0.00339	0.00502
4	0.01538	0.17623	0.19505	0.01576	0.07208	0.12208	0.04381	0.04277	0.13676	0.01911	0.01672	0.01765	0.06694	0.00706	0.00603	0.00181	0.02726	0.00548	0.00370	0.00833
5	0.00745	0.00566	0.00688	0.00784	0.00878	0.00509	0.00546	0.00872	0.01251	0.01599	0.04286	0.52832	0.26836	0.01793	0.00764	0.00236	0.00346	0.03396	0.00568	0.00505
6	0.01308	0.01451	0.11351	0.01869	0.17990	0.03567	0.09561	0.01899	0.12572	0.03992	0.18909	0.02708	0.08463	0.00849	0.00655	0.00194	0.00618	0.00768	0.00468	0.00808
7	0.00811	0.00647	0.00721	0.00751	0.00913	0.00590	0.00559	0.01041	0.04842	0.01692	0.07010	0.17372	0.44363	0.07254	0.00918	0.00250	0.00374	0.08800	0.00559	0.00532
8	0.14666	0.01301	0.01552	0.01358	0.01504	0.06274	0.03719	0.03178	0.03476	0.01820	0.01497	0.08963	0.04805	0.01050	0.01305	0.00238	0.39126	0.03138	0.00363	0.00668
9	0.01670	0.01767	0.09132	0.02132	0.17324	0.09516	0.16394	0.13042	0.07328	0.04628	0.01447	0.05625	0.01181	0.00694	0.00665	0.00191	0.02734	0.00630	0.00405	0.03494
10	0.01269	0.01088	0.01269	0.00907	0.01451	0.00816	0.00725	0.01541	0.01269	0.01995	0.01088	0.01269	0.00907	0.00453	0.00453	0.00091	0.00453	0.00363	0.00363	0.82229
11	0.01314	0.01327	0.08268	0.01051	0.01591	0.01009	0.00917	0.01908	0.15163	0.02098	0.01359	0.01466	0.01079	0.00538	0.00498	0.00123	0.00502	0.00434	0.00403	0.58952
12	0.01584	0.00915	0.01116	0.00957	0.01256	0.00879	0.00760	0.08572	0.08644	0.23129	0.27065	0.03642	0.14167	0.01084	0.00677	0.00198	0.00423	0.03485	0.00667	0.00781
13	0.01889	0.01458	0.01716	0.01445	0.05142	0.01574	0.04535	0.38935	0.17842	0.04976	0.09372	0.01993	0.01719	0.00781	0.00625	0.00188	0.00600	0.00643	0.00586	0.03981
14	0.00900	0.00660	0.00943	0.00934	0.01015	0.00757	0.00697	0.01053	0.00957	0.01363	0.01646	0.02659	0.01623	0.18662	0.56616	0.04250	0.03739	0.00692	0.00332	0.00505
15	0.00857	0.00591	0.00730	0.00759	0.00785	0.00602	0.00479	0.00917	0.00965	0.01305	0.02181	0.19176	0.02488	0.50062	0.14935	0.00587	0.00720	0.01028	0.00405	0.00427
16	0.00754	0.00549	0.00711	0.00824	0.00884	0.00506	0.00559	0.00880	0.01240	0.01646	0.09607	0.65104	0.10825	0.01827	0.00771	0.00240	0.00345	0.01645	0.00577	0.00506
17	0.01328	0.01183	0.01929	0.02805	0.49965	0.01181	0.01491	0.01635	0.01343	0.01900	0.01695	0.05174	0.01653	0.07315	0.00857	0.00235	0.00657	0.13095	0.03743	0.00815
18	0.01665	0.01507	0.03103	0.02320	0.05811	0.01403	0.54967	0.02114	0.01491	0.15078	0.01497	0.03547	0.01110	0.00594	0.00700	0.00203	0.00911	0.00720	0.00396	0.00863
19	0.02746	0.01042	0.01421	0.01089	0.01563	0.00900	0.00900	0.02983	0.01752	0.75093	0.02415	0.02083	0.01515	0.00758	0.00616	0.00189	0.00521	0.00616	0.00758	0.01042
20	0.02746	0.01042	0.01421	0.01089	0.01563	0.00900	0.00900	0.02983	0.01752	0.75093	0.02415	0.02083	0.01515	0.00758	0.00616	0.00189	0.00521	0.00616	0.00758	0.01042
21	0.82811	0.01184	0.00900	0.00805	0.01184	0.01373	0.00663	0.01799	0.01042	0.02746	0.00852	0.00994	0.00663	0.00568	0.00379	0.00189	0.00474	0.00331	0.00379	0.00663
22	0.00790	0.00626	0.00673	0.00677	0.00869	0.00535	0.00509	0.00958	0.01413	0.03341	0.11271	0.11482	0.59399	0.01543	0.00730	0.00211	0.00325	0.03536	0.00581	0.00533
23	0.01589	0.06552	0.18476	0.02006	0.07804	0.05023	0.26095	0.12150	0.05641	0.03519	0.01388	0.01595	0.02474	0.00612	0.00627	0.00189	0.00846	0.00589	0.00371	0.02454
24	0.01350	0.01286	0.02186	0.37463	0.42255	0.01411	0.01796	0.01734	0.01316	0.01799	0.01122	0.01569	0.00899	0.00576	0.00609	0.00192	0.00768	0.00545	0.00289	0.00836
25	0.71268	0.01163	0.00975	0.00846	0.01238	0.01305	0.00697	0.01970	0.01144	0.13176	0.01078	0.01151	0.00786	0.00596	0.00413	0.00189	0.00480	0.00372	0.00433	0.00718
26	0.02477	0.01176	0.01573	0.03852	0.07791	0.01118	0.01044	0.11550	0.05516	0.53984	0.02152	0.01955	0.01406	0.00736	0.00615	0.00189	0.00565	0.00603	0.00679	0.01020
27	0.05181	0.00939	0.01303	0.15452	0.01909	0.02958	0.04524	0.03739	0.01423	0.05032	0.05865	0.06363	0.06089	0.01348	0.03164	0.00262	0.00650	0.32671	0.00488	0.00639
28	0.01542	0.01782	0.16017	0.05899	0.17410	0.02892	0.17162	0.12128	0.05339	0.04064	0.01353	0.01731	0.01075	0.06400	0.00842	0.00224	0.02300	0.00600	0.00372	0.00868
29	0.05168	0.01196	0.01341	0.01156	0.03883	0.03733	0.00891	0.01992	0.17703	0.03942	0.01615	0.02044	0.01368	0.00708	0.00614	0.00156	0.04245	0.07071	0.00443	0.40730

[dist]
# distance from previous block
# <min> <max>
0	29

[block]
# block no. 3 follows, 37 sequences, length 25
# corresponding to MSA columns:
# 191-210,212-216
name=unknown_D
#
# <colnr> <probs for GDERKNQSTAVLIFYWHMCP>
#	G	D	E	R	K	N	Q	S	T	A	V	L	I	F	Y	W	H	M	C	P
0	0.06813	0.06904	0.02177	0.13654	0.21471	0.03220	0.06095	0.01896	0.05725	0.01994	0.03687	0.01768	0.01224	0.00810	0.00953	0.00229	0.17442	0.00592	0.00379	0.02965
1	0.01382	0.02857	0.60611	0.01759	0.02547	0.01449	0.05272	0.02037	0.05751	0.02057	0.01398	0.01768	0.01097	0.06185	0.00833	0.00251	0.00905	0.00559	0.00344	0.00939
2	0.01002	0.01002	0.07783	0.01007	0.03770	0.00782	0.00822	0.01414	0.07109	0.02155	0.33645	0.05456	0.16305	0.01111	0.00668	0.00187	0.00413	0.03465	0.00553	0.11352
3	0.02357	0.01048	0.01346	0.01058	0.01466	0.00970	0.00858	0.11681	0.01837	0.52356	0.09176	0.02339	0.01898	0.04338	0.00731	0.00205	0.00511	0.00665	0.04210	0.00946
4	0.82811	0.01184	0.00900	0.00805	0.01184	0.01373	0.00663	0.01799	0.01042	0.02746	0.00852	0.00994	0.00663	0.00568	0.00379	0.00189	0.00474	0.00331	0.00379	0.00663
5	0.01216	0.01067	0.01707	0.02418	0.39806	0.01055	0.01337	0.01509	0.01389	0.01923	0.08743	0.11438	0.04880	0.03376	0.00765	0.00224	0.00594	0.15358	0.00431	0.00764
6	0.00791	0.00623	0.00714	0.00691	0.00868	0.00545	0.00518	0.01009	0.01555	0.02032	0.38403	0.05268	0.41983	0.01409	0.00723	0.00200	0.00300	0.01205	0.00618	0.00545
7	0.01858	0.01482	0.01573	0.01314	0.01720	0.01679	0.01050	0.32222	0.44047	0.03102	0.02065	0.01944	0.01523	0.00791	0.00618	0.00198	0.00563	0.00633	0.00618	0.00999
8	0.00826	0.00628	0.00854	0.04066	0.01075	0.00645	0.00666	0.00971	0.01232	0.01677	0.13410	0.56806	0.03889	0.03733	0.00914	0.00249	0.05799	0.01491	0.00545	0.00525
9	0.01520	0.01433	0.02396	0.10292	0.64915	0.01466	0.01829	0.05121	0.01447	0.02046	0.01160	0.01524	0.00959	0.00560	0.00607	0.00184	0.00733	0.00546	0.00314	0.00947
10	0.01516	0.01326	0.01945	0.01615	0.01716	0.01734	0.06396	0.01690	0.01072	0.10367	0.01029	0.01451	0.00898	0.00994	0.01749	0.00254	0.62635	0.00559	0.00330	0.00726
11	0.00913	0.00623	0.00778	0.00779	0.00926	0.00560	0.00569	0.01115	0.01494	0.06423	0.33747	0.26119	0.20704	0.01484	0.00733	0.00212	0.00327	0.01304	0.00624	0.00568
12	0.00874	0.00656	0.00984	0.00984	0.01093	0.00765	0.00765	0.01093	0.00984	0.01421	0.01640	0.02405	0.01530	0.04591	0.76062	0.00984	0.01640	0.00656	0.00328	0.00547
13	0.01228	0.03166	0.75316	0.01745	0.02649	0.01422	0.02262	0.01939	0.01292	0.01939	0.01099	0.01292	0.00775	0.00582	0.00582	0.00194	0.00905	0.00452	0.00258	0.00905
14	0.00723	0.00620	0.00620	0.00620	0.00827	0.00517	0.00465	0.00878	0.01395	0.01654	0.06201	0.05891	0.74421	0.01550	0.00723	0.00207	0.00310	0.01292	0.00568	0.00517
15	0.02746	0.01042	0.01421	0.01089	0.01563	0.00900	0.00900	0.02983	0.01752	0.75093	0.02415	0.02083	0.01515	0.00758	0.00616	0.00189	0.00521	0.00616	0.00758	0.01042
16	0.01504	0.01300	0.02153	0.10703	0.33229	0.03724	0.12705	0.01852	0.01424	0.09084	0.05014	0.07228	0.01478	0.00712	0.00633	0.00191	0.00706	0.00689	0.04831	0.00839
17	0.00772	0.00619	0.00689	0.00678	0.00858	0.00536	0.00506	0.00970	0.01500	0.01918	0.28883	0.07930	0.49058	0.01463	0.00725	0.00203	0.00304	0.01245	0.00604	0.00536
18	0.01515	0.01454	0.02485	0.03757	0.74669	0.01454	0.01879	0.01879	0.01394	0.02000	0.01151	0.01515	0.00970	0.00545	0.00606	0.00182	0.00727	0.00545	0.00303	0.00970
19	0.01887	0.01227	0.01466	0.01189	0.01547	0.01284	0.02660	0.31439	0.02053	0.18185	0.05125	0.10904	0.11578	0.01017	0.00738	0.00201	0.05208	0.00822	0.00606	0.00865
20	0.01442	0.02181	0.29557	0.02057	0.04695	0.05925	0.32154	0.01970	0.01422	0.05573	0.03800	0.03870	0.01153	0.00627	0.00653	0.00198	0.00910	0.00636	0.00333	0.00844
21	0.01623	0.73414	0.03236	0.01155	0.01686	0.02360	0.06080	0.01842	0.01258	0.01477	0.00878	0.01029	0.00796	0.00523	0.00416	0.00136	0.00681	0.00355	0.00265	0.00788
22	0.01299	0.05466	0.24971	0.01269	0.03703	0.01145	0.01271	0.03612	0.03851	0.02008	0.01311	0.01464	0.03340	0.00557	0.00514	0.00138	0.00616	0.00442	0.00346	0.42679
23	0.05325	0.01169	0.01184	0.03503	0.01422	0.09600	0.00796	0.01961	0.08318	0.13386	0.05695	0.02013	0.03427	0.00935	0.05117	0.00205	0.00586	0.00559	0.14078	0.20723
24	0.01102	0.01088	0.05498	0.01016	0.01168	0.10558	0.02488	0.01250	0.01196	0.01518	0.07109	0.14113	0.02439	0.26346	0.08697	0.04620	0.00727	0.08128	0.00416	0.00523

[dist]
# distance from previous block
# <min> <max>
0	2

[block]
# block no. 4 follows, 37 sequences, length 57
# corresponding to MSA columns:
# 219-262,264-276
name=unknown_E
#
# <colnr> <probs for GDERKNQSTAVLIFYWHMCP>
#	G	D	E	R	K	N	Q	S	T	A	V	L	I	F	Y	W	H	M	C	P
0	0.03511	0.04756	0.17139	0.18303	0.04943	0.01384	0.19033	0.03767	0.02754	0.14613	0.02977	0.01674	0.01089	0.00622	0.00622	0.00195	0.00798	0.00583	0.00389	0.00849
1	0.10339	0.16010	0.05125	0.01021	0.01299	0.09396	0.00853	0.01606	0.04372	0.03999	0.01954	0.23183	0.03631	0.02959	0.00721	0.02296	0.02855	0.00832	0.06898	0.00654
2	0.01157	0.00937	0.04859	0.02780	0.07780	0.00842	0.02292	0.03605	0.04598	0.06962	0.14364	0.21991	0.03173	0.07016	0.00903	0.00253	0.00512	0.14777	0.00537	0.00661
3	0.04892	0.05211	0.01549	0.01128	0.01611	0.01385	0.00920	0.24001	0.15034	0.02680	0.01443	0.01493	0.01109	0.00618	0.00528	0.00147	0.00538	0.00479	0.00484	0.34749
4	0.00807	0.00576	0.00780	0.00922	0.00984	0.00550	0.00674	0.00958	0.01232	0.01631	0.03340	0.60086	0.03916	0.01860	0.00798	0.00257	0.00408	0.19141	0.00567	0.00514
5	0.01487	0.07578	0.27684	0.04605	0.11765	0.03809	0.23841	0.08198	0.01501	0.02063	0.01159	0.01431	0.00874	0.00569	0.00618	0.00190	0.00887	0.00549	0.00314	0.00879
6	0.01511	0.15117	0.16476	0.05500	0.02359	0.04986	0.19739	0.08177	0.05051	0.01957	0.01271	0.01520	0.02634	0.00668	0.00772	0.00195	0.10361	0.00553	0.00333	0.00821
7	0.00832	0.00634	0.00775	0.00793	0.00953	0.00577	0.00619	0.01061	0.01513	0.01989	0.31394	0.09898	0.29821	0.01487	0.00751	0.00219	0.00356	0.15174	0.00608	0.00548
8	0.01096	0.00631	0.00706	0.00677	0.00836	0.00621	0.00511	0.01445	0.04622	0.03743	0.26355	0.03049	0.02996	0.00900	0.00539	0.00163	0.00300	0.00757	0.49454	0.00599
9	0.05450	0.03518	0.13337	0.17406	0.24673	0.02653	0.16589	0.01858	0.03179	0.01916	0.01210	0.03290	0.00973	0.00599	0.00615	0.00194	0.00812	0.00582	0.00309	0.00837
10	0.01507	0.01218	0.04314	0.06596	0.01735	0.03436	0.02819	0.23051	0.01838	0.05110	0.02404	0.09439	0.05043	0.01165	0.00704	0.00224	0.00620	0.24859	0.03165	0.00752
11	0.00876	0.00614	0.00740	0.00755	0.00897	0.00549	0.00542	0.01045	0.01403	0.05485	0.21881	0.27674	0.28291	0.05346	0.00854	0.00234	0.00343	0.01331	0.00594	0.00545
12	0.00917	0.00641	0.00747	0.00742	0.00924	0.00567	0.00564	0.01116	0.01463	0.06301	0.20369	0.13242	0.38791	0.01451	0.00719	0.00210	0.00340	0.06218	0.04113	0.00566
13	0.59073	0.01339	0.05509	0.03957	0.01433	0.04287	0.00837	0.05054	0.01197	0.04394	0.01107	0.05033	0.00937	0.03026	0.00528	0.00204	0.00546	0.00454	0.00394	0.00690
14	0.01489	0.01168	0.01397	0.01150	0.01485	0.01228	0.05172	0.28471	0.08872	0.02725	0.15861	0.03127	0.17571	0.01269	0.05959	0.00250	0.00598	0.00841	0.00577	0.00791
15	0.02746	0.01042	0.01421	0.01089	0.01563	0.00900	0.00900	0.02983	0.01752	0.75093	0.02415	0.02083	0.01515	0.00758	0.00616	0.00189	0.00521	0.00616	0.00758	0.01042
16	0.01160	0.01080	0.01732	0.50986	0.05586	0.01362	0.01497	0.01484	0.01143	0.01533	0.01130	0.01750	0.00946	0.04185	0.08512	0.00308	0.14094	0.00568	0.00282	0.00662
17	0.01938	0.01539	0.01816	0.09009	0.02111	0.01734	0.04734	0.42796	0.19920	0.03142	0.01650	0.01691	0.01209	0.00745	0.00663	0.00195	0.02995	0.00593	0.00555	0.00965
18	0.01046	0.00692	0.00725	0.00774	0.00892	0.04329	0.00573	0.01268	0.01303	0.01978	0.05687	0.26768	0.02695	0.01212	0.00601	0.00193	0.00376	0.07965	0.40371	0.00554
19	0.82811	0.01184	0.00900	0.00805	0.01184	0.01373	0.00663	0.01799	0.01042	0.02746	0.00852	0.00994	0.00663	0.00568	0.00379	0.00189	0.00474	0.00331	0.00379	0.00663
20	0.00739	0.00617	0.00644	0.00644	0.00838	0.00522	0.00480	0.00905	0.01420	0.01730	0.12917	0.08617	0.64756	0.01535	0.00726	0.00207	0.00310	0.01291	0.00579	0.00522
21	0.01382	0.06831	0.33610	0.11884	0.18435	0.01483	0.11675	0.01906	0.01338	0.04104	0.01153	0.01439	0.00867	0.00570	0.00600	0.00190	0.00846	0.00519	0.00292	0.00876
22	0.00835	0.00624	0.00774	0.00737	0.00895	0.00564	0.00553	0.01094	0.01658	0.02276	0.59164	0.04866	0.21069	0.01318	0.00722	0.00196	0.00294	0.01148	0.00650	0.00564
23	0.00899	0.00660	0.00846	0.00794	0.00948	0.00625	0.00597	0.01260	0.05319	0.02460	0.70759	0.04458	0.05581	0.01230	0.00717	0.00193	0.00299	0.01086	0.00671	0.00597
24	0.01416	0.03429	0.04206	0.25034	0.28231	0.07401	0.01552	0.01756	0.01319	0.01782	0.01078	0.01449	0.00879	0.00587	0.00650	0.00176	0.04911	0.00496	0.00300	0.13347
25	0.01455	0.28264	0.29962	0.08435	0.09010	0.06287	0.01660	0.01874	0.01290	0.01695	0.00997	0.01229	0.00803	0.00586	0.00584	0.00173	0.04171	0.00427	0.00269	0.00828
26	0.00742	0.00547	0.00696	0.00815	0.00878	0.00500	0.00552	0.00857	0.01208	0.01577	0.03830	0.66440	0.15402	0.01858	0.00772	0.00242	0.00348	0.01668	0.00568	0.00500
27	0.01763	0.44516	0.07515	0.01268	0.03085	0.06925	0.01166	0.15066	0.09657	0.02058	0.01176	0.01256	0.00956	0.00608	0.00486	0.00156	0.00687	0.00426	0.00371	0.00860
28	0.01832	0.01256	0.07266	0.01066	0.01585	0.00960	0.00932	0.07389	0.01588	0.27481	0.06182	0.01776	0.01423	0.00640	0.00549	0.00147	0.00519	0.00518	0.00529	0.36361
29	0.01502	0.08471	0.45768	0.01752	0.07290	0.10884	0.03566	0.02057	0.02901	0.06168	0.03302	0.01431	0.01006	0.00614	0.00576	0.00184	0.00853	0.00482	0.00319	0.00873
30	0.01286	0.06135	0.62383	0.01739	0.02567	0.01439	0.08016	0.01927	0.01301	0.03492	0.01153	0.01408	0.00848	0.02910	0.00662	0.00204	0.00887	0.00486	0.00277	0.00880
31	0.00908	0.00675	0.00959	0.00964	0.01070	0.00770	0.00750	0.01118	0.01060	0.01534	0.02040	0.09411	0.04718	0.03598	0.52789	0.00749	0.05231	0.04270	0.06838	0.00550
32	0.22533	0.06131	0.09764	0.12161	0.08409	0.01401	0.06021	0.02162	0.09853	0.13825	0.01408	0.01532	0.01027	0.00629	0.00544	0.00191	0.00648	0.00507	0.00422	0.00833
33	0.03439	0.04997	0.13261	0.01923	0.12090	0.01404	0.18078	0.05841	0.10745	0.17518	0.03475	0.01773	0.01273	0.00652	0.00623	0.00193	0.00729	0.00607	0.00459	0.00920
34	0.00914	0.00631	0.00756	0.00806	0.03632	0.00636	0.00451	0.00940	0.00915	0.01231	0.01883	0.03826	0.02141	0.71682	0.06674	0.00597	0.00651	0.00865	0.00366	0.00404
35	0.00912	0.00775	0.01268	0.04180	0.01433	0.00765	0.11760	0.01109	0.01231	0.01644	0.02907	0.52943	0.04907	0.01590	0.00818	0.00243	0.03554	0.06889	0.00504	0.00568
36	0.01340	0.02288	0.41136	0.05372	0.17298	0.01376	0.04682	0.03647	0.05765	0.03513	0.06602	0.01688	0.01277	0.00644	0.00608	0.00193	0.00786	0.00554	0.00341	0.00891
37	0.01415	0.12471	0.47063	0.04757	0.05413	0.01577	0.08638	0.06211	0.01410	0.03871	0.01138	0.01340	0.00836	0.00581	0.00576	0.00186	0.00850	0.00479	0.00300	0.00887
38	0.01216	0.01114	0.01819	0.64985	0.08193	0.01350	0.01627	0.05111	0.01315	0.01705	0.01225	0.05441	0.00998	0.00679	0.00620	0.00204	0.00780	0.00604	0.00306	0.00706
39	0.01629	0.05473	0.15386	0.12608	0.22640	0.01362	0.02832	0.04243	0.06552	0.14901	0.01487	0.01745	0.01128	0.04515	0.00722	0.00209	0.00712	0.00561	0.00405	0.00890
40	0.01416	0.07733	0.21287	0.02994	0.04117	0.01150	0.08926	0.01806	0.01430	0.13731	0.10992	0.10041	0.04997	0.00882	0.00634	0.00193	0.00645	0.02538	0.00455	0.04031
41	0.01010	0.01074	0.08470	0.10623	0.05295	0.02984	0.00942	0.03317	0.01417	0.01851	0.17182	0.03807	0.26362	0.08145	0.04654	0.00272	0.00575	0.00925	0.00472	0.00620
42	0.00887	0.00814	0.05404	0.04813	0.04854	0.00682	0.00784	0.01138	0.01446	0.01989	0.33613	0.26656	0.10222	0.02940	0.00769	0.00219	0.00403	0.01216	0.00563	0.00588
43	0.01706	0.02131	0.35413	0.03797	0.09493	0.01297	0.10369	0.02245	0.03147	0.22121	0.01516	0.01608	0.01044	0.00625	0.00612	0.00194	0.00785	0.00547	0.00416	0.00935
44	0.01836	0.03400	0.24782	0.01735	0.07798	0.04222	0.12036	0.03940	0.01523	0.26113	0.01670	0.05457	0.01228	0.00699	0.00622	0.00193	0.00753	0.00616	0.00461	0.00916
45	0.01356	0.03600	0.11880	0.01965	0.02476	0.03090	0.42086	0.01770	0.01333	0.04152	0.01456	0.05756	0.01275	0.11570	0.03213	0.00280	0.00914	0.00739	0.00339	0.00751
46	0.01541	0.05163	0.07347	0.14117	0.23375	0.01224	0.05700	0.01874	0.01390	0.15564	0.01753	0.13086	0.01550	0.00831	0.00636	0.00199	0.00671	0.02723	0.00425	0.00833
47	0.01599	0.01838	0.22310	0.11208	0.23135	0.03245	0.08071	0.02042	0.01415	0.14701	0.01420	0.03861	0.01077	0.00641	0.00616	0.00193	0.00776	0.00580	0.00376	0.00896
48	0.01759	0.05774	0.33648	0.01702	0.06628	0.01298	0.10038	0.02235	0.01457	0.25064	0.01581	0.03546	0.01124	0.00659	0.00607	0.00192	0.00762	0.00569	0.00433	0.00926
49	0.01114	0.07664	0.01256	0.04910	0.05724	0.00855	0.03103	0.01301	0.01306	0.08633	0.03187	0.37970	0.14294	0.01420	0.00704	0.00220	0.00468	0.04722	0.00520	0.00629
50	0.01516	0.01819	0.22039	0.01954	0.06761	0.01300	0.27246	0.02054	0.05039	0.12799	0.01666	0.08419	0.01357	0.00737	0.00665	0.00205	0.00806	0.02354	0.00406	0.00860
51	0.01649	0.06296	0.49375	0.01505	0.02248	0.01302	0.01780	0.02187	0.01412	0.21866	0.01511	0.03724	0.01073	0.00666	0.00587	0.00191	0.00771	0.00528	0.00404	0.00924
52	0.01889	0.06183	0.09324	0.04048	0.27529	0.05008	0.01410	0.02256	0.03563	0.25933	0.03370	0.04016	0.01337	0.00689	0.00600	0.00185	0.00666	0.00592	0.00471	0.00932
53	0.01565	0.01417	0.08122	0.25708	0.29911	0.01324	0.05276	0.01956	0.01389	0.13378	0.01329	0.01623	0.00988	0.00599	0.00609	0.00190	0.00745	0.00553	0.00363	0.02956
54	0.01699	0.01905	0.32377	0.01457	0.02058	0.01115	0.07125	0.02144	0.01454	0.26925	0.01918	0.10356	0.01540	0.00840	0.00640	0.00204	0.00706	0.04172	0.00483	0.00883
55	0.07124	0.01296	0.07959	0.01161	0.01658	0.01077	0.01027	0.06653	0.07370	0.54834	0.02162	0.01933	0.01402	0.00736	0.00599	0.00191	0.00558	0.00587	0.00673	0.01002
56	0.01605	0.01278	0.02066	0.07447	0.49011	0.01279	0.01550	0.04179	0.01444	0.11938	0.01527	0.05778	0.01311	0.04578	0.00747	0.00210	0.00674	0.02082	0.00396	0.00901

[dist]
# distance from previous block
# <min> <max>
0	8

# created by:
# /home/cegg/simao/soft/augustus-3.2.1/scripts/msa2prfl.pl ./align_prep/EOG091G0L5X.fa
