[name]
unknown

[dist]
# distance from previous block
# <min> <max>
0	171

[block]
# block no. 0 follows, 52 sequences, length 40
# corresponding to MSA columns:
# 195-234
name=unknown_A
#
# <colnr> <probs for GDERKNQSTAVLIFYWHMCP>
#	G	D	E	R	K	N	Q	S	T	A	V	L	I	F	Y	W	H	M	C	P
0	0.01010	0.00879	0.01328	0.16151	0.19418	0.00950	0.04624	0.05720	0.04377	0.01631	0.12870	0.05217	0.04254	0.00673	0.00594	0.00155	0.07667	0.01697	0.07317	0.03469
1	0.01056	0.01146	0.10985	0.02009	0.43579	0.00982	0.01200	0.04260	0.05020	0.01688	0.14449	0.04712	0.05567	0.00626	0.00503	0.00150	0.00496	0.00568	0.00325	0.00680
2	0.01085	0.00883	0.01144	0.11355	0.08600	0.00813	0.00779	0.06122	0.03602	0.04450	0.06730	0.01342	0.01062	0.00476	0.00437	0.00110	0.01731	0.00395	0.03836	0.45049
3	0.86392	0.00937	0.00712	0.00637	0.00937	0.01087	0.00525	0.01425	0.00825	0.02174	0.00675	0.00787	0.00525	0.00450	0.00300	0.00150	0.00375	0.00262	0.00300	0.00525
4	0.00600	0.00492	0.00529	0.00520	0.00671	0.00421	0.00390	0.00749	0.01170	0.01464	0.23126	0.04409	0.61436	0.01170	0.00572	0.00161	0.00241	0.00987	0.00470	0.00421
5	0.00618	0.00490	0.00555	0.00543	0.00683	0.00427	0.00406	0.00781	0.01204	0.01555	0.34111	0.06709	0.47914	0.01144	0.00574	0.00160	0.00240	0.00977	0.00483	0.00427
6	0.00685	0.00512	0.00763	0.00771	0.00854	0.00590	0.00594	0.00851	0.00790	0.01133	0.01398	0.07790	0.01357	0.03480	0.75186	0.00736	0.01224	0.00582	0.00273	0.00430
7	0.00587	0.00445	0.00542	0.00616	0.00688	0.00400	0.00425	0.00688	0.00995	0.01278	0.05399	0.56194	0.27167	0.01413	0.00603	0.00185	0.00269	0.01254	0.00452	0.00400
8	0.21539	0.01320	0.01276	0.01012	0.01371	0.06446	0.00830	0.55571	0.01882	0.02731	0.01023	0.01057	0.00742	0.00546	0.00439	0.00145	0.00518	0.00388	0.00427	0.00738
9	0.01214	0.01158	0.01282	0.15513	0.03358	0.13164	0.00952	0.07409	0.17483	0.02929	0.01137	0.01418	0.00939	0.04754	0.07140	0.00229	0.18551	0.00457	0.00313	0.00600
10	0.00582	0.00487	0.00507	0.00518	0.00669	0.00412	0.00387	0.00706	0.01096	0.01319	0.06097	0.10948	0.70221	0.01249	0.00579	0.00168	0.00253	0.02943	0.00451	0.00410
11	0.01005	0.00861	0.01005	0.00718	0.01148	0.00646	0.00574	0.01220	0.01005	0.01579	0.00861	0.01005	0.00718	0.00359	0.00359	0.00072	0.00359	0.00287	0.00287	0.85932
12	0.01098	0.00993	0.03253	0.03768	0.20249	0.00861	0.00874	0.01481	0.10383	0.03380	0.01030	0.01171	0.00827	0.00424	0.00413	0.00107	0.00433	0.00364	0.00303	0.48588
13	0.09068	0.06806	0.01178	0.17376	0.04163	0.01023	0.00843	0.02934	0.07248	0.01394	0.01160	0.04546	0.01068	0.08121	0.16732	0.00312	0.11450	0.02363	0.01691	0.00524
14	0.00746	0.00530	0.00729	0.00832	0.00923	0.00526	0.00694	0.00931	0.01057	0.01380	0.02508	0.17383	0.02781	0.07192	0.00790	0.00237	0.00422	0.59477	0.00436	0.00427
15	0.01444	0.07628	0.01467	0.20089	0.05930	0.40861	0.01028	0.01807	0.12517	0.01338	0.00956	0.01117	0.00761	0.00509	0.00449	0.00139	0.00708	0.00376	0.00273	0.00601
16	0.07059	0.00676	0.00791	0.00651	0.00909	0.00578	0.00506	0.01067	0.01172	0.01786	0.38807	0.02395	0.05853	0.00705	0.00465	0.00120	0.00293	0.00599	0.00413	0.35158
17	0.01197	0.06994	0.01399	0.10671	0.16389	0.05758	0.03835	0.01708	0.21132	0.09065	0.01624	0.12978	0.03785	0.00692	0.00496	0.00157	0.00489	0.00605	0.00371	0.00655
18	0.01066	0.00965	0.01394	0.06410	0.27376	0.02238	0.02213	0.04297	0.07812	0.01548	0.03355	0.03682	0.07204	0.00756	0.02525	0.00178	0.16938	0.02896	0.06527	0.00619
19	0.00656	0.00497	0.00593	0.00606	0.00717	0.00458	0.00443	0.00850	0.03724	0.01538	0.30054	0.21200	0.26783	0.04307	0.00652	0.00180	0.00268	0.04043	0.01998	0.00432
20	0.00984	0.00934	0.01582	0.62248	0.18061	0.01099	0.03476	0.01330	0.03057	0.01334	0.00904	0.01288	0.00694	0.00477	0.00486	0.00158	0.00630	0.00438	0.00228	0.00592
21	0.01176	0.04885	0.40242	0.06671	0.04132	0.13661	0.05535	0.05787	0.04939	0.01535	0.01003	0.02538	0.01896	0.00522	0.00506	0.00151	0.03493	0.00409	0.00253	0.00667
22	0.00676	0.00557	0.00636	0.00662	0.00768	0.01962	0.00497	0.00818	0.02509	0.01299	0.04555	0.24651	0.36897	0.06064	0.00764	0.00200	0.05096	0.10545	0.00425	0.00420
23	0.00664	0.00460	0.00577	0.00641	0.00668	0.00448	0.00427	0.00731	0.00858	0.01139	0.02170	0.38645	0.02536	0.36154	0.01412	0.00316	0.00383	0.11029	0.00383	0.00358
24	0.20153	0.01395	0.08089	0.01022	0.01395	0.07131	0.00889	0.45222	0.02981	0.02519	0.01054	0.02866	0.00796	0.00558	0.00440	0.00147	0.00527	0.00405	0.01698	0.00714
25	0.02368	0.06938	0.08509	0.06701	0.10663	0.02300	0.18002	0.04865	0.01174	0.13074	0.05577	0.09762	0.02598	0.00616	0.00500	0.00151	0.00553	0.00572	0.00342	0.04735
26	0.00764	0.00602	0.00827	0.00788	0.00830	0.00723	0.00588	0.00868	0.00748	0.01072	0.01251	0.02161	0.01285	0.28900	0.40960	0.00575	0.15829	0.00562	0.00262	0.00405
27	0.76457	0.00963	0.00785	0.00682	0.00992	0.01101	0.00562	0.07073	0.00956	0.05736	0.00766	0.00853	0.00577	0.00466	0.00322	0.00150	0.00388	0.00285	0.00327	0.00560
28	0.01043	0.14070	0.42742	0.04541	0.10986	0.01206	0.07240	0.01491	0.03265	0.01515	0.06630	0.01250	0.00956	0.00491	0.00459	0.00146	0.00630	0.00414	0.00245	0.00679
29	0.00644	0.00504	0.00585	0.00578	0.00710	0.00455	0.00428	0.00849	0.03918	0.01588	0.35471	0.12777	0.37456	0.01142	0.00575	0.00163	0.00247	0.00985	0.00486	0.00440
30	0.70619	0.03105	0.05950	0.03177	0.01120	0.03318	0.00659	0.01485	0.03852	0.02046	0.00745	0.00859	0.00576	0.00460	0.00327	0.00149	0.00423	0.00286	0.00295	0.00550
31	0.00965	0.00933	0.01476	0.72279	0.06725	0.03888	0.01327	0.01271	0.00981	0.01249	0.00851	0.01264	0.00650	0.00496	0.00525	0.00161	0.03764	0.00426	0.00218	0.00549
32	0.00681	0.00513	0.00605	0.00591	0.00726	0.00467	0.00449	0.02675	0.01244	0.01667	0.38956	0.07882	0.31931	0.01098	0.00569	0.00161	0.00257	0.05336	0.03747	0.00444
33	0.00700	0.00490	0.00632	0.00632	0.00668	0.00526	0.00423	0.00771	0.00735	0.01016	0.01432	0.02647	0.01534	0.50160	0.34965	0.00598	0.00812	0.00628	0.00280	0.00351
34	0.00609	0.00432	0.00565	0.00655	0.00686	0.00406	0.00434	0.00695	0.00937	0.01257	0.08165	0.68485	0.03152	0.10095	0.00811	0.00222	0.00297	0.01270	0.00439	0.00388
35	0.01157	0.01359	0.05337	0.02063	0.07542	0.03011	0.68920	0.01556	0.01142	0.01545	0.00967	0.01281	0.00731	0.00414	0.00559	0.00161	0.00799	0.00550	0.00244	0.00661
36	0.01104	0.00832	0.00989	0.00740	0.01126	0.00655	0.00586	0.03651	0.01073	0.09131	0.01140	0.08706	0.01000	0.00497	0.00399	0.00093	0.00362	0.00413	0.00338	0.67163
37	0.02479	0.10757	0.41110	0.01162	0.03142	0.06548	0.01274	0.04812	0.01159	0.14222	0.01359	0.01400	0.07402	0.00550	0.00455	0.00146	0.00601	0.00424	0.00306	0.00690
38	0.03598	0.23205	0.20055	0.02499	0.13711	0.07735	0.02491	0.04650	0.06803	0.04132	0.01052	0.01162	0.02972	0.00488	0.00424	0.00135	0.00579	0.00379	0.00273	0.03657
39	0.04585	0.01056	0.03153	0.14869	0.24551	0.04594	0.02534	0.07751	0.06519	0.01605	0.01288	0.09565	0.03716	0.00716	0.02765	0.00172	0.04856	0.00539	0.00306	0.04862

[dist]
# distance from previous block
# <min> <max>
2	20

[block]
# block no. 1 follows, 52 sequences, length 73
# corresponding to MSA columns:
# 255-260,263-271,289-346
name=unknown_B
#
# <colnr> <probs for GDERKNQSTAVLIFYWHMCP>
#	G	D	E	R	K	N	Q	S	T	A	V	L	I	F	Y	W	H	M	C	P
0	0.02828	0.01138	0.02545	0.13381	0.32364	0.06220	0.01151	0.11364	0.07313	0.01705	0.02219	0.02739	0.02393	0.00660	0.03519	0.00173	0.04023	0.00464	0.01574	0.02229
1	0.03861	0.01143	0.04578	0.11607	0.12897	0.11088	0.00932	0.07285	0.06517	0.07146	0.04106	0.03977	0.03595	0.02214	0.04416	0.00175	0.00564	0.00473	0.00332	0.13095
2	0.07479	0.02314	0.01279	0.04126	0.13227	0.06137	0.00889	0.18269	0.08828	0.14799	0.05870	0.01743	0.01265	0.00622	0.00480	0.00150	0.00487	0.06588	0.00415	0.05033
3	0.04309	0.01058	0.01573	0.14444	0.36568	0.04845	0.04769	0.05112	0.02236	0.03032	0.01269	0.05795	0.05424	0.00642	0.02110	0.00166	0.03743	0.00516	0.01741	0.00650
4	0.02312	0.09666	0.01449	0.08875	0.09671	0.14352	0.03618	0.08620	0.05759	0.02838	0.03704	0.08701	0.02162	0.02866	0.04483	0.00191	0.09304	0.00523	0.00311	0.00594
5	0.00707	0.00488	0.00605	0.00613	0.00641	0.00508	0.00401	0.00763	0.00750	0.01018	0.01544	0.03029	0.01702	0.58636	0.20915	0.00526	0.00664	0.05858	0.00296	0.00337
6	0.01296	0.01113	0.02742	0.08767	0.04043	0.01239	0.00891	0.18147	0.50407	0.02131	0.01689	0.01635	0.02462	0.00623	0.00491	0.00159	0.00450	0.00514	0.00451	0.00751
7	0.00988	0.02414	0.75089	0.01490	0.07422	0.01127	0.01770	0.01531	0.01029	0.01538	0.00873	0.01035	0.00624	0.00458	0.00462	0.00153	0.00707	0.00363	0.00207	0.00720
8	0.86392	0.00937	0.00712	0.00637	0.00937	0.01087	0.00525	0.01425	0.00825	0.02174	0.00675	0.00787	0.00525	0.00450	0.00300	0.00150	0.00375	0.00262	0.00300	0.00525
9	0.00842	0.00421	0.00631	0.00631	0.00631	0.00421	0.00421	0.00631	0.00631	0.00842	0.00842	0.01473	0.00842	0.01684	0.01894	0.85901	0.00421	0.00421	0.00210	0.00210
10	0.00657	0.00494	0.00608	0.00579	0.00706	0.00445	0.00434	0.00858	0.01303	0.01781	0.60541	0.03887	0.23823	0.01051	0.00572	0.00155	0.00233	0.00914	0.00512	0.00445
11	0.00972	0.02507	0.80458	0.01381	0.02097	0.01125	0.01790	0.01535	0.01023	0.01535	0.00870	0.01023	0.00614	0.00460	0.00460	0.00153	0.00716	0.00358	0.00205	0.00716
12	0.00707	0.00475	0.00549	0.00553	0.00561	0.00479	0.00325	0.00723	0.00723	0.00966	0.01556	0.03203	0.01777	0.76558	0.05744	0.00474	0.00504	0.03521	0.00298	0.00305
13	0.04215	0.01087	0.11762	0.19647	0.19266	0.00939	0.05737	0.01337	0.01052	0.07741	0.01517	0.10293	0.07459	0.00668	0.00519	0.00160	0.01764	0.02430	0.00306	0.02101
14	0.01391	0.39541	0.02024	0.11145	0.11469	0.03159	0.01002	0.21782	0.01348	0.01715	0.00858	0.00998	0.00697	0.00471	0.00402	0.00127	0.00552	0.00350	0.00287	0.00682
15	0.01199	0.01151	0.01967	0.02974	0.79946	0.01151	0.01487	0.01487	0.01103	0.01583	0.00912	0.01199	0.00768	0.00432	0.00480	0.00144	0.00576	0.00432	0.00240	0.00768
16	0.01140	0.01029	0.01607	0.41352	0.28618	0.01161	0.01311	0.10911	0.05167	0.01618	0.00972	0.01272	0.00751	0.00488	0.00483	0.00154	0.00595	0.00438	0.00271	0.00662
17	0.06559	0.04317	0.00730	0.03915	0.00858	0.00590	0.00494	0.00946	0.02619	0.01688	0.41745	0.05423	0.26400	0.00985	0.00538	0.00155	0.00278	0.00838	0.00462	0.00462
18	0.02174	0.00825	0.01125	0.00862	0.01237	0.00712	0.00712	0.02362	0.01387	0.80282	0.01912	0.01649	0.01200	0.00600	0.00487	0.00150	0.00412	0.00487	0.00600	0.00825
19	0.01199	0.01151	0.01967	0.02974	0.79946	0.01151	0.01487	0.01487	0.01103	0.01583	0.00912	0.01199	0.00768	0.00432	0.00480	0.00144	0.00576	0.00432	0.00240	0.00768
20	0.01083	0.00965	0.04635	0.28653	0.10108	0.02166	0.07581	0.09077	0.01144	0.05967	0.01304	0.11033	0.01182	0.04708	0.03758	0.00201	0.00595	0.03618	0.01636	0.00587
21	0.00697	0.00499	0.00631	0.00599	0.00724	0.00453	0.00449	0.00903	0.01314	0.03524	0.63598	0.06676	0.16047	0.01038	0.00572	0.00156	0.00237	0.00909	0.00519	0.00455
22	0.02007	0.00786	0.01066	0.00830	0.01175	0.00683	0.00681	0.02199	0.01379	0.71251	0.09452	0.01843	0.01528	0.00637	0.00493	0.00150	0.00391	0.00524	0.02144	0.00782
23	0.01259	0.00969	0.07876	0.02364	0.01319	0.02051	0.08733	0.05817	0.07403	0.20915	0.04719	0.16587	0.03037	0.04280	0.00654	0.01816	0.01952	0.03501	0.00424	0.04325
24	0.01335	0.01180	0.06620	0.02262	0.02629	0.05425	0.01754	0.28422	0.11487	0.04658	0.04781	0.09391	0.02505	0.00761	0.00596	0.00163	0.06922	0.05887	0.02554	0.00668
25	0.00593	0.00425	0.00559	0.00665	0.00697	0.00396	0.00443	0.00676	0.00928	0.01232	0.02715	0.78213	0.05630	0.03491	0.00662	0.00202	0.00285	0.01350	0.00446	0.00392
26	0.01651	0.02045	0.01397	0.01253	0.01450	0.64152	0.00963	0.01772	0.01239	0.01182	0.00725	0.00913	0.00627	0.00573	0.00682	0.00143	0.18100	0.00336	0.00242	0.00555
27	0.08634	0.01998	0.01255	0.01138	0.01389	0.64268	0.00864	0.03074	0.02607	0.03460	0.00883	0.01064	0.00730	0.00526	0.00430	0.00131	0.00769	0.02250	0.03965	0.00566
28	0.01237	0.01080	0.01441	0.01449	0.15462	0.01178	0.09142	0.02263	0.53645	0.05104	0.01675	0.01639	0.01261	0.00588	0.00499	0.00160	0.00465	0.00527	0.00426	0.00757
29	0.01075	0.01099	0.03191	0.05254	0.08744	0.04709	0.24073	0.01354	0.01065	0.01511	0.01004	0.05265	0.00866	0.00472	0.00481	0.00124	0.01787	0.01368	0.00272	0.36287
30	0.00646	0.00506	0.00593	0.00613	0.00752	0.00454	0.00485	0.00813	0.01161	0.01476	0.20222	0.06032	0.44474	0.01208	0.00596	0.00176	0.00289	0.18611	0.00467	0.00428
31	0.55939	0.01042	0.00945	0.00827	0.02612	0.01185	0.00658	0.18161	0.09714	0.03501	0.00945	0.01001	0.00709	0.00503	0.00367	0.00150	0.00414	0.00338	0.00364	0.00625
32	0.27370	0.09820	0.03072	0.04315	0.01302	0.09589	0.03235	0.05307	0.17646	0.05652	0.03794	0.01259	0.00978	0.00608	0.02388	0.00161	0.00502	0.00397	0.01983	0.00622
33	0.10065	0.01002	0.01621	0.38030	0.35816	0.01113	0.02773	0.01370	0.01015	0.01490	0.00865	0.01199	0.00687	0.00457	0.00465	0.00153	0.00591	0.00416	0.00235	0.00637
34	0.01180	0.01155	0.01861	0.15334	0.64554	0.04510	0.01442	0.01467	0.01094	0.01512	0.00897	0.01200	0.00742	0.00443	0.00479	0.00146	0.00599	0.00427	0.00236	0.00723
35	0.03892	0.01035	0.01592	0.39339	0.26849	0.01180	0.01289	0.12591	0.01188	0.01639	0.00906	0.01218	0.00706	0.00497	0.00524	0.00155	0.04057	0.00426	0.00265	0.00651
36	0.05345	0.01338	0.01398	0.01103	0.01446	0.07998	0.02207	0.54296	0.03072	0.08808	0.01148	0.01182	0.00829	0.00641	0.02041	0.00161	0.05356	0.00427	0.00442	0.00761
37	0.01030	0.02223	0.01496	0.28283	0.20684	0.03535	0.06361	0.01300	0.01039	0.03118	0.04334	0.01468	0.02850	0.00829	0.09065	0.00210	0.00649	0.00461	0.00265	0.10800
38	0.00728	0.00516	0.00685	0.00663	0.00699	0.00553	0.01984	0.00780	0.00733	0.01009	0.01382	0.02590	0.01489	0.50128	0.26354	0.05387	0.03079	0.00621	0.00275	0.00345
39	0.00969	0.04273	0.01188	0.14001	0.02892	0.01019	0.00865	0.06425	0.00952	0.02624	0.02226	0.01564	0.02217	0.03332	0.28154	0.00384	0.21496	0.00475	0.04424	0.00520
40	0.07101	0.48729	0.06521	0.00890	0.01254	0.01558	0.00852	0.08991	0.01083	0.04187	0.00849	0.01006	0.00725	0.00842	0.09949	0.00200	0.04051	0.00328	0.00261	0.00621
41	0.01101	0.29765	0.07863	0.00829	0.01116	0.02170	0.00767	0.05626	0.01069	0.05642	0.02742	0.07279	0.07992	0.03759	0.08325	0.00211	0.03571	0.02994	0.06614	0.00563
42	0.00636	0.00483	0.00584	0.00649	0.00728	0.00455	0.00454	0.00809	0.05580	0.01307	0.04326	0.51522	0.21667	0.04819	0.00679	0.00199	0.00292	0.03946	0.00447	0.00418
43	0.00842	0.00421	0.00631	0.00631	0.00631	0.00421	0.00421	0.00631	0.00631	0.00842	0.00842	0.01473	0.00842	0.01684	0.01894	0.85901	0.00421	0.00421	0.00210	0.00210
44	0.01767	0.01935	0.01415	0.01313	0.06845	0.52897	0.00956	0.21099	0.01576	0.02976	0.00897	0.00997	0.00704	0.00518	0.00451	0.00132	0.00749	0.00357	0.01771	0.00644
45	0.00628	0.00488	0.00579	0.00626	0.00743	0.00439	0.00479	0.00770	0.01084	0.01369	0.09564	0.23592	0.39818	0.01302	0.00603	0.00183	0.00294	0.16564	0.00456	0.00417
46	0.01199	0.01151	0.01967	0.02974	0.79946	0.01151	0.01487	0.01487	0.01103	0.01583	0.00912	0.01199	0.00768	0.00432	0.00480	0.00144	0.00576	0.00432	0.00240	0.00768
47	0.00693	0.00516	0.00762	0.00762	0.00842	0.00596	0.00584	0.00854	0.00774	0.01112	0.01314	0.01990	0.01249	0.09061	0.75674	0.00758	0.01241	0.00532	0.00262	0.00423
48	0.00590	0.00424	0.00560	0.00669	0.00701	0.00394	0.00447	0.00675	0.00934	0.01239	0.02744	0.80111	0.05700	0.01509	0.00617	0.00196	0.00280	0.01366	0.00450	0.00394
49	0.01182	0.01071	0.01281	0.04423	0.01354	0.04546	0.00851	0.12903	0.01117	0.01622	0.00821	0.01055	0.00697	0.00581	0.00833	0.00140	0.30020	0.00366	0.00285	0.34851
50	0.07764	0.00976	0.01492	0.57118	0.18017	0.03968	0.01294	0.01327	0.00998	0.01378	0.00852	0.01219	0.00659	0.00472	0.00467	0.00156	0.00619	0.00413	0.00228	0.00583
51	0.00704	0.00471	0.00535	0.00535	0.00538	0.00473	0.00302	0.00709	0.00707	0.00945	0.01521	0.03137	0.01747	0.80847	0.04569	0.00478	0.00492	0.00700	0.00293	0.00297
52	0.01193	0.01169	0.01875	0.13510	0.47684	0.04755	0.09913	0.04370	0.04926	0.01577	0.00991	0.02617	0.00816	0.00482	0.00511	0.00151	0.02030	0.00464	0.00262	0.00705
53	0.00842	0.00421	0.00631	0.00631	0.00631	0.00421	0.00421	0.00631	0.00631	0.00842	0.00842	0.01473	0.00842	0.01684	0.01894	0.85901	0.00421	0.00421	0.00210	0.00210
54	0.07783	0.00783	0.00862	0.03753	0.01050	0.00829	0.00607	0.13727	0.13816	0.04068	0.12313	0.02468	0.18264	0.02998	0.06047	0.00202	0.00420	0.00634	0.07208	0.02169
55	0.01055	0.01059	0.01460	0.01253	0.01274	0.03411	0.02502	0.01172	0.00768	0.01171	0.00691	0.01118	0.00677	0.01022	0.06977	0.00248	0.72968	0.00431	0.00217	0.00527
56	0.00590	0.00425	0.00559	0.00666	0.00701	0.00394	0.00446	0.00676	0.00936	0.01240	0.02777	0.78952	0.06838	0.01504	0.00616	0.00195	0.00279	0.01361	0.00450	0.00394
57	0.01664	0.01483	0.01336	0.01103	0.01419	0.20045	0.00879	0.42605	0.15101	0.02353	0.03113	0.01275	0.00984	0.00590	0.00497	0.00145	0.02213	0.00437	0.02027	0.00731
58	0.00994	0.08030	0.75129	0.01343	0.02039	0.01180	0.01725	0.01529	0.01020	0.01508	0.00856	0.01006	0.00614	0.00457	0.00450	0.00150	0.00703	0.00351	0.00205	0.00710
59	0.00964	0.00918	0.01543	0.65181	0.12818	0.01116	0.02586	0.01270	0.00973	0.01282	0.00854	0.01265	0.00662	0.00501	0.00560	0.00163	0.06123	0.00433	0.00219	0.00568
60	0.00695	0.00479	0.00644	0.00756	0.02745	0.00448	0.00523	0.00809	0.00987	0.04613	0.02727	0.62369	0.07976	0.01411	0.00613	0.00195	0.00313	0.10819	0.00450	0.00429
61	0.01914	0.06649	0.06048	0.00912	0.01288	0.05268	0.00793	0.02189	0.05910	0.58475	0.04315	0.01584	0.01222	0.00590	0.00474	0.00147	0.00456	0.00471	0.00521	0.00774
62	0.00731	0.00566	0.00826	0.00807	0.00877	0.00677	0.00624	0.00877	0.00770	0.01113	0.01261	0.03182	0.01215	0.08491	0.65269	0.02287	0.09206	0.00534	0.00259	0.00428
63	0.00985	0.04773	0.74880	0.01361	0.02038	0.01163	0.01732	0.01517	0.01010	0.01508	0.00854	0.01018	0.00615	0.00475	0.00504	0.00155	0.04144	0.00358	0.00205	0.00706
64	0.01066	0.01042	0.01686	0.35057	0.23641	0.04463	0.10321	0.03549	0.01070	0.01419	0.01031	0.06862	0.00899	0.00563	0.00551	0.00160	0.04151	0.01600	0.00254	0.00612
65	0.01810	0.00955	0.04267	0.01034	0.01405	0.00839	0.10339	0.02152	0.08768	0.54488	0.05843	0.01692	0.01314	0.00602	0.00523	0.00154	0.02007	0.00518	0.00520	0.00769
66	0.00918	0.00561	0.00736	0.02687	0.00874	0.00520	0.00519	0.01151	0.02845	0.13884	0.55424	0.08159	0.07898	0.00957	0.00558	0.00156	0.00274	0.00838	0.00525	0.00515
67	0.00974	0.00866	0.01370	0.31012	0.07529	0.01052	0.04979	0.01203	0.00930	0.03287	0.01083	0.07655	0.00979	0.00873	0.05893	0.00213	0.21709	0.01756	0.06097	0.00540
68	0.01125	0.06696	0.13266	0.14126	0.27732	0.01223	0.17111	0.01455	0.01045	0.02925	0.00891	0.01179	0.00707	0.00478	0.00585	0.00156	0.07955	0.00439	0.00234	0.00673
69	0.01108	0.01282	0.04664	0.01928	0.02398	0.01170	0.70944	0.01508	0.01156	0.01579	0.06361	0.01458	0.00995	0.00450	0.00569	0.00162	0.00774	0.00587	0.00264	0.00642
70	0.00958	0.00905	0.01530	0.70031	0.14779	0.01088	0.01367	0.01275	0.00989	0.01290	0.00869	0.01278	0.00664	0.00477	0.00484	0.00159	0.00635	0.00431	0.00219	0.00573
71	0.00677	0.00495	0.00681	0.00806	0.03343	0.00475	0.00584	0.00824	0.01035	0.01377	0.09362	0.47388	0.04981	0.01375	0.00625	0.00199	0.00336	0.24563	0.00449	0.00428
72	0.00921	0.00845	0.01413	0.66114	0.02919	0.01037	0.03706	0.01208	0.01960	0.01232	0.00927	0.02649	0.00752	0.00615	0.00641	0.06030	0.04448	0.01838	0.00227	0.00518

[dist]
# distance from previous block
# <min> <max>
0	3

[block]
# block no. 2 follows, 52 sequences, length 10
# corresponding to MSA columns:
# 350-359
name=unknown_C
#
# <colnr> <probs for GDERKNQSTAVLIFYWHMCP>
#	G	D	E	R	K	N	Q	S	T	A	V	L	I	F	Y	W	H	M	C	P
0	0.05020	0.01187	0.04044	0.01116	0.01507	0.01181	0.09246	0.37784	0.05082	0.24613	0.03351	0.01388	0.01026	0.00573	0.00490	0.00150	0.00516	0.00472	0.00477	0.00779
1	0.01045	0.01092	0.02276	0.01779	0.06991	0.01030	0.55275	0.01340	0.01060	0.01440	0.01179	0.11796	0.01067	0.00685	0.00709	0.09043	0.00692	0.00651	0.00268	0.00581
2	0.01794	0.00746	0.01007	0.00820	0.01130	0.00654	0.00675	0.01986	0.01343	0.59972	0.10139	0.02403	0.05775	0.00749	0.00519	0.00158	0.00388	0.08444	0.00569	0.00726
3	0.01123	0.01073	0.01829	0.24228	0.59292	0.01131	0.01449	0.01420	0.01067	0.01490	0.00898	0.01224	0.00735	0.00446	0.00481	0.00149	0.00595	0.00431	0.00233	0.00706
4	0.01098	0.01048	0.01784	0.31038	0.52673	0.01125	0.01437	0.01399	0.01056	0.01460	0.00894	0.01232	0.00724	0.00451	0.00481	0.00150	0.00601	0.00431	0.00231	0.00686
5	0.00994	0.04106	0.59239	0.04463	0.06525	0.01122	0.09578	0.01490	0.01054	0.01539	0.04741	0.01194	0.00831	0.00479	0.00476	0.00153	0.00687	0.00410	0.00227	0.00691
6	0.01672	0.01051	0.01115	0.00930	0.01239	0.09208	0.00740	0.08034	0.24629	0.35143	0.06795	0.01808	0.04114	0.00652	0.00492	0.00152	0.00443	0.00527	0.00514	0.00743
7	0.03483	0.08506	0.01409	0.01113	0.01402	0.38705	0.00878	0.14378	0.16209	0.05138	0.01088	0.01128	0.00842	0.00550	0.00480	0.00138	0.03167	0.00383	0.00346	0.00658
8	0.00963	0.00603	0.00778	0.00713	0.00783	0.00654	0.00504	0.01034	0.00823	0.12698	0.01434	0.02466	0.01444	0.46882	0.15766	0.00445	0.10656	0.00606	0.00323	0.00425
9	0.00725	0.00546	0.00712	0.00699	0.00734	0.00614	0.00491	0.00802	0.00766	0.01062	0.01584	0.09324	0.04545	0.39184	0.26820	0.00504	0.09536	0.00685	0.00293	0.00376

[dist]
# distance from previous block
# <min> <max>
0	9

[block]
# block no. 3 follows, 52 sequences, length 15
# corresponding to MSA columns:
# 369-383
name=unknown_D
#
# <colnr> <probs for GDERKNQSTAVLIFYWHMCP>
#	G	D	E	R	K	N	Q	S	T	A	V	L	I	F	Y	W	H	M	C	P
0	0.01114	0.00900	0.05567	0.01029	0.04280	0.00820	0.07838	0.12067	0.08760	0.11009	0.04136	0.25963	0.10274	0.00942	0.00549	0.00170	0.00427	0.03116	0.00438	0.00602
1	0.03209	0.02635	0.07863	0.07590	0.16790	0.07551	0.11834	0.07476	0.05558	0.07620	0.02622	0.03601	0.00957	0.00736	0.05214	0.00192	0.07102	0.00480	0.00309	0.00660
2	0.04571	0.01735	0.01411	0.01275	0.05878	0.41690	0.03937	0.17693	0.05889	0.05177	0.03629	0.01150	0.00881	0.00545	0.00486	0.00139	0.02533	0.00396	0.00337	0.00649
3	0.00699	0.00501	0.00632	0.00615	0.00729	0.00462	0.00453	0.00910	0.02758	0.03298	0.54941	0.14998	0.13036	0.03024	0.00620	0.00168	0.00250	0.00947	0.00506	0.00452
4	0.02711	0.29044	0.41566	0.01253	0.04788	0.01420	0.03526	0.03317	0.01027	0.01434	0.00800	0.00958	0.00631	0.00467	0.00476	0.00140	0.05215	0.00338	0.00217	0.00674
5	0.01113	0.01093	0.04640	0.15300	0.46021	0.01097	0.05401	0.01426	0.03003	0.03253	0.01077	0.05193	0.00943	0.00554	0.00561	0.00158	0.05165	0.03055	0.00264	0.00682
6	0.11954	0.01228	0.03244	0.01330	0.14386	0.03675	0.00951	0.41669	0.01702	0.05389	0.01292	0.01515	0.03798	0.00605	0.00474	0.00151	0.00515	0.04983	0.00409	0.00730
7	0.01156	0.03914	0.17548	0.09827	0.33351	0.04940	0.12037	0.01494	0.01090	0.03889	0.01052	0.01287	0.03382	0.00484	0.00511	0.00151	0.02504	0.00447	0.00248	0.00689
8	0.01172	0.01019	0.01556	0.18281	0.33560	0.03738	0.03500	0.03969	0.03799	0.07068	0.07418	0.01614	0.01175	0.01778	0.02367	0.00173	0.04220	0.02628	0.00307	0.00658
9	0.03009	0.00665	0.02006	0.03576	0.04063	0.00631	0.02467	0.06302	0.01102	0.05914	0.07000	0.29242	0.08368	0.09991	0.00771	0.00208	0.00389	0.10145	0.00414	0.03737
10	0.01185	0.09971	0.08523	0.12268	0.30182	0.01129	0.02424	0.05429	0.05893	0.07074	0.01222	0.10353	0.01072	0.00594	0.00479	0.00151	0.00536	0.00526	0.00307	0.00681
11	0.01270	0.03093	0.03867	0.10584	0.43144	0.01026	0.02716	0.03246	0.01152	0.13326	0.03703	0.04370	0.02051	0.00531	0.00483	0.00146	0.00531	0.00488	0.00317	0.03959
12	0.01105	0.00919	0.02250	0.11077	0.17239	0.05351	0.02634	0.04849	0.04137	0.09119	0.06559	0.10471	0.10646	0.02029	0.00582	0.00169	0.02159	0.07738	0.00375	0.00593
13	0.02782	0.03633	0.20845	0.11603	0.16984	0.06770	0.03909	0.03239	0.01149	0.10812	0.06229	0.03384	0.01084	0.00546	0.00477	0.00148	0.00583	0.01603	0.00306	0.03914
14	0.14164	0.07904	0.08963	0.05620	0.28420	0.04750	0.03585	0.02936	0.03044	0.07229	0.03126	0.01437	0.02790	0.00530	0.00451	0.00148	0.00540	0.03398	0.00299	0.00666

[dist]
# distance from previous block
# <min> <max>
3	88

# created by:
# /home/cegg/simao/soft/augustus-3.2.1/scripts/msa2prfl.pl ./align_prep/EOG091G0G6C.fa
