[name]
unknown

[dist]
# distance from previous block
# <min> <max>
0	63

[block]
# block no. 0 follows, 41 sequences, length 15
# corresponding to MSA columns:
# 68-82
name=unknown_A
#
# <colnr> <probs for GDERKNQSTAVLIFYWHMCP>
#	G	D	E	R	K	N	Q	S	T	A	V	L	I	F	Y	W	H	M	C	P
0	0.01589	0.06378	0.02145	0.02181	0.27903	0.02843	0.12509	0.19631	0.04972	0.04410	0.01423	0.04988	0.01204	0.00678	0.00591	0.00179	0.00675	0.04448	0.00402	0.00849
1	0.12112	0.01690	0.22824	0.01407	0.07698	0.03031	0.04290	0.06622	0.04537	0.13480	0.01481	0.01550	0.04282	0.00606	0.00524	0.00166	0.00621	0.00487	0.00396	0.12196
2	0.53872	0.04541	0.01112	0.05059	0.01370	0.07306	0.00762	0.06963	0.01204	0.05663	0.01096	0.06847	0.00936	0.00648	0.00432	0.00177	0.00521	0.00449	0.00384	0.00658
3	0.05103	0.14516	0.02507	0.05878	0.03740	0.15993	0.29929	0.03836	0.01387	0.07718	0.01103	0.01333	0.00849	0.00550	0.00599	0.00171	0.03201	0.00511	0.00324	0.00751
4	0.01417	0.01397	0.04813	0.13466	0.30107	0.05390	0.06309	0.10434	0.05506	0.01932	0.01250	0.03706	0.01065	0.05597	0.00795	0.00205	0.04916	0.00568	0.00339	0.00788
5	0.00901	0.00670	0.00832	0.00779	0.00937	0.00652	0.00587	0.04017	0.07526	0.02282	0.61021	0.08520	0.06742	0.01164	0.00667	0.00184	0.00302	0.01023	0.00615	0.00580
6	0.01034	0.00590	0.00784	0.00823	0.00941	0.00536	0.00583	0.01166	0.01228	0.14875	0.07027	0.58714	0.06358	0.01552	0.00697	0.00218	0.00354	0.01391	0.00568	0.00560
7	0.00763	0.00562	0.00726	0.00744	0.00848	0.00535	0.00538	0.00949	0.01308	0.01790	0.33912	0.25094	0.13359	0.05287	0.10621	0.00307	0.00464	0.01158	0.00536	0.00499
8	0.00750	0.00567	0.00691	0.00728	0.00842	0.00520	0.00523	0.00946	0.02888	0.01743	0.24896	0.31934	0.23435	0.03614	0.00758	0.00216	0.00318	0.03576	0.00556	0.00499
9	0.01020	0.00541	0.00767	0.00761	0.00787	0.00545	0.00518	0.03598	0.00865	0.01178	0.01204	0.07391	0.01216	0.01864	0.01980	0.70416	0.00480	0.00581	0.03982	0.00305
10	0.18900	0.19158	0.01764	0.01233	0.06182	0.07537	0.00970	0.12731	0.09853	0.10422	0.01239	0.01297	0.00948	0.00620	0.00547	0.00167	0.04794	0.00434	0.00412	0.00791
11	0.20269	0.05944	0.05854	0.02841	0.07608	0.01417	0.12524	0.16380	0.04130	0.05489	0.03062	0.01378	0.00983	0.00592	0.00559	0.00172	0.03133	0.00483	0.00394	0.06790
12	0.14927	0.06544	0.01525	0.01133	0.01533	0.07198	0.04799	0.20999	0.07708	0.08826	0.01444	0.03232	0.02622	0.00809	0.03957	0.00195	0.00621	0.00504	0.00449	0.10974
13	0.06936	0.01393	0.09607	0.01191	0.01615	0.01265	0.06072	0.28739	0.05479	0.06707	0.12603	0.01979	0.03668	0.00730	0.00564	0.00171	0.00555	0.00600	0.04945	0.05185
14	0.03954	0.06073	0.03634	0.01240	0.03550	0.13271	0.02751	0.21671	0.07571	0.07176	0.01414	0.06785	0.01163	0.00677	0.00530	0.00155	0.00618	0.00533	0.00442	0.16791

[dist]
# distance from previous block
# <min> <max>
0	3

[block]
# block no. 1 follows, 41 sequences, length 11
# corresponding to MSA columns:
# 88-98
name=unknown_B
#
# <colnr> <probs for GDERKNQSTAVLIFYWHMCP>
#	G	D	E	R	K	N	Q	S	T	A	V	L	I	F	Y	W	H	M	C	P
0	0.00952	0.00656	0.00884	0.00880	0.01017	0.00619	0.03500	0.04818	0.01301	0.06867	0.09947	0.45660	0.11354	0.03846	0.00767	0.00226	0.00390	0.05228	0.00539	0.00547
1	0.01415	0.04113	0.15462	0.02336	0.25256	0.01342	0.24900	0.01903	0.05020	0.07508	0.04198	0.01593	0.01115	0.00560	0.00597	0.00180	0.00756	0.00574	0.00337	0.00837
2	0.04123	0.13808	0.13438	0.05691	0.15618	0.05470	0.07183	0.05659	0.06515	0.08345	0.01281	0.01550	0.01012	0.00596	0.00535	0.00168	0.00679	0.03051	0.00357	0.04922
3	0.00939	0.03560	0.04646	0.03382	0.02506	0.00770	0.04054	0.03033	0.03862	0.01675	0.16501	0.22132	0.02908	0.22152	0.01255	0.00294	0.00480	0.03432	0.01885	0.00535
4	0.01085	0.00733	0.00885	0.00805	0.01002	0.00710	0.00612	0.05150	0.09028	0.09222	0.41915	0.07580	0.13882	0.03925	0.00733	0.00198	0.00343	0.00971	0.00601	0.00622
5	0.10907	0.14323	0.23545	0.03625	0.01996	0.11565	0.08241	0.07522	0.05065	0.06451	0.01123	0.01252	0.00842	0.00567	0.00510	0.00168	0.00739	0.00438	0.00337	0.00786
6	0.01553	0.07300	0.19880	0.06579	0.10818	0.04191	0.05379	0.20293	0.06668	0.04303	0.01300	0.04041	0.01018	0.00631	0.00555	0.00172	0.00694	0.00523	0.00385	0.03717
7	0.00852	0.00574	0.00704	0.00733	0.00864	0.00511	0.00526	0.01001	0.01284	0.07410	0.15230	0.38382	0.26804	0.01503	0.00692	0.00207	0.00321	0.01320	0.00560	0.00521
8	0.11183	0.01500	0.06124	0.08417	0.26509	0.04925	0.21781	0.05562	0.03268	0.03650	0.01123	0.01402	0.00869	0.00535	0.00569	0.00179	0.00750	0.00526	0.00321	0.00804
9	0.03284	0.05553	0.17304	0.01714	0.16105	0.05305	0.04637	0.02193	0.13118	0.18758	0.03688	0.03197	0.01277	0.00650	0.00561	0.00177	0.00639	0.00551	0.00433	0.00856
10	0.01282	0.01087	0.05243	0.08791	0.18833	0.01013	0.04862	0.05342	0.05202	0.09635	0.09442	0.12227	0.08174	0.02636	0.00674	0.00198	0.00550	0.03630	0.00450	0.00727

[dist]
# distance from previous block
# <min> <max>
0	6

[block]
# block no. 2 follows, 41 sequences, length 13
# corresponding to MSA columns:
# 108-120
name=unknown_C
#
# <colnr> <probs for GDERKNQSTAVLIFYWHMCP>
#	G	D	E	R	K	N	Q	S	T	A	V	L	I	F	Y	W	H	M	C	P
0	0.14687	0.08284	0.08877	0.01329	0.05169	0.10090	0.05657	0.19327	0.04689	0.06769	0.01303	0.04163	0.01026	0.00643	0.00513	0.00169	0.00640	0.00500	0.05377	0.00786
1	0.54031	0.01279	0.03884	0.01172	0.09362	0.04048	0.00864	0.09062	0.01268	0.05001	0.04631	0.01238	0.00955	0.00584	0.00435	0.00175	0.00516	0.00403	0.00388	0.00704
2	0.01187	0.06541	0.14174	0.21228	0.11464	0.01320	0.12628	0.01637	0.05524	0.01687	0.03195	0.09431	0.01268	0.00718	0.00668	0.00190	0.05458	0.00641	0.00317	0.00725
3	0.00947	0.00636	0.00791	0.00752	0.00914	0.00597	0.00563	0.01257	0.05887	0.07236	0.46141	0.13370	0.13111	0.01205	0.00659	0.00187	0.00306	0.01054	0.03813	0.00575
4	0.01556	0.01172	0.01567	0.10570	0.01866	0.04886	0.10432	0.17552	0.04286	0.13173	0.03682	0.11389	0.04490	0.04598	0.00752	0.00208	0.02290	0.03143	0.01646	0.00740
5	0.00753	0.00553	0.00708	0.00743	0.00846	0.00508	0.00536	0.00941	0.01368	0.01859	0.36612	0.33333	0.13766	0.01458	0.00700	0.00205	0.00305	0.03730	0.00576	0.00503
6	0.01255	0.02467	0.59926	0.01457	0.02176	0.01183	0.01792	0.01826	0.01302	0.09682	0.10138	0.01652	0.01356	0.00636	0.00562	0.00181	0.00739	0.00512	0.00337	0.00822
7	0.10545	0.02281	0.01564	0.01393	0.01662	0.54376	0.01074	0.06439	0.01513	0.01651	0.00886	0.01072	0.00741	0.00647	0.00694	0.00166	0.11921	0.00390	0.00311	0.00672
8	0.01228	0.00807	0.00959	0.00871	0.01090	0.00790	0.00674	0.14910	0.01618	0.10624	0.19376	0.16879	0.17249	0.04256	0.00749	0.00210	0.00406	0.06090	0.00573	0.00638
9	0.03627	0.21772	0.19859	0.01374	0.03064	0.10463	0.05948	0.07316	0.08343	0.09656	0.01225	0.01309	0.00924	0.00589	0.00535	0.00164	0.02215	0.00447	0.00360	0.00811
10	0.01219	0.09547	0.06564	0.40894	0.03004	0.05887	0.13847	0.01571	0.01196	0.01512	0.01115	0.01692	0.00928	0.06047	0.00730	0.00208	0.00782	0.02323	0.00274	0.00661
11	0.00721	0.00513	0.00675	0.00774	0.00819	0.00481	0.00519	0.00837	0.01148	0.01549	0.12910	0.64123	0.03884	0.07098	0.00873	0.00247	0.00339	0.01491	0.00532	0.00467
12	0.04444	0.01120	0.02701	0.03577	0.19580	0.02943	0.07851	0.07313	0.03121	0.03140	0.06942	0.20420	0.04800	0.00959	0.00715	0.00194	0.06483	0.00843	0.00414	0.02441

[dist]
# distance from previous block
# <min> <max>
0	4

[block]
# block no. 3 follows, 41 sequences, length 15
# corresponding to MSA columns:
# 125-139
name=unknown_D
#
# <colnr> <probs for GDERKNQSTAVLIFYWHMCP>
#	G	D	E	R	K	N	Q	S	T	A	V	L	I	F	Y	W	H	M	C	P
0	0.08447	0.00958	0.01349	0.01199	0.01295	0.01212	0.04364	0.01246	0.00933	0.01482	0.01230	0.06336	0.01214	0.05354	0.27801	0.00483	0.33615	0.00611	0.00301	0.00571
1	0.09790	0.06693	0.04744	0.12206	0.05966	0.03215	0.06034	0.07584	0.07077	0.19191	0.01402	0.01485	0.01011	0.00590	0.00524	0.00165	0.00602	0.00485	0.00432	0.10804
2	0.05449	0.10027	0.22824	0.01420	0.04283	0.08210	0.06425	0.12756	0.03894	0.07857	0.04157	0.01521	0.01106	0.00617	0.00535	0.00167	0.00695	0.02008	0.00380	0.05668
3	0.02064	0.01679	0.08404	0.01324	0.01810	0.01678	0.01160	0.61562	0.05928	0.06462	0.01424	0.01418	0.01006	0.00679	0.00570	0.00174	0.00634	0.00515	0.00549	0.00958
4	0.01717	0.01392	0.01571	0.01272	0.01633	0.04582	0.05478	0.38689	0.16914	0.02732	0.01732	0.01858	0.04283	0.04010	0.07586	0.00260	0.02350	0.00594	0.00505	0.00842
5	0.00839	0.00569	0.00690	0.00694	0.00725	0.00586	0.00442	0.00901	0.00899	0.01235	0.03857	0.03558	0.02088	0.58844	0.15939	0.00585	0.00711	0.03730	0.02715	0.00394
6	0.01487	0.70895	0.09568	0.01053	0.01559	0.02164	0.01089	0.01711	0.01157	0.01388	0.00815	0.00954	0.00734	0.00510	0.00429	0.00132	0.03048	0.00322	0.00245	0.00741
7	0.00980	0.00604	0.00785	0.00745	0.00892	0.00557	0.00554	0.01157	0.01401	0.09230	0.40420	0.11085	0.12819	0.01414	0.03840	0.08938	0.00373	0.00982	0.02686	0.00536
8	0.00976	0.00629	0.00774	0.00712	0.00901	0.00558	0.00543	0.01202	0.01525	0.10833	0.45950	0.04374	0.26458	0.01200	0.00663	0.00184	0.00301	0.01033	0.00609	0.00573
9	0.00817	0.00565	0.00711	0.00774	0.00857	0.00532	0.00532	0.00990	0.03939	0.04463	0.10293	0.52062	0.10954	0.08599	0.00903	0.00248	0.00352	0.01378	0.00533	0.00499
10	0.01755	0.01185	0.01313	0.01062	0.01408	0.01252	0.00856	0.42374	0.02121	0.10538	0.08730	0.07661	0.08928	0.00882	0.00589	0.00176	0.00500	0.00714	0.07139	0.00816
11	0.60275	0.01379	0.08343	0.00937	0.01331	0.06319	0.03161	0.03203	0.01107	0.02359	0.01085	0.01216	0.03785	0.00579	0.00413	0.00175	0.00530	0.00384	0.02772	0.00648
12	0.01134	0.00803	0.00895	0.00857	0.01014	0.05876	0.00632	0.04160	0.02983	0.09877	0.21403	0.22655	0.05871	0.08544	0.06989	0.00284	0.00509	0.02027	0.02909	0.00578
13	0.03518	0.00756	0.00929	0.00921	0.04111	0.00727	0.00651	0.01514	0.09889	0.13105	0.17899	0.18645	0.12984	0.06607	0.00789	0.00215	0.00385	0.00976	0.02309	0.03071
14	0.04600	0.01334	0.04694	0.01331	0.01760	0.02907	0.15666	0.12866	0.19250	0.02207	0.01626	0.03383	0.03396	0.04533	0.00675	0.00184	0.00602	0.00586	0.00428	0.17974

[dist]
# distance from previous block
# <min> <max>
0	6

[block]
# block no. 4 follows, 41 sequences, length 25
# corresponding to MSA columns:
# 146-170
name=unknown_E
#
# <colnr> <probs for GDERKNQSTAVLIFYWHMCP>
#	G	D	E	R	K	N	Q	S	T	A	V	L	I	F	Y	W	H	M	C	P
0	0.05749	0.09351	0.01606	0.01194	0.01564	0.12943	0.00965	0.33280	0.13000	0.02567	0.01531	0.09283	0.01295	0.00765	0.00547	0.00171	0.00618	0.00591	0.00480	0.02498
1	0.03576	0.06385	0.06074	0.01133	0.01525	0.05509	0.00963	0.24293	0.16293	0.07755	0.05665	0.03527	0.04044	0.03487	0.00638	0.00184	0.00560	0.01701	0.00500	0.06189
2	0.01371	0.33547	0.34269	0.01274	0.01898	0.01691	0.01443	0.06506	0.04310	0.01780	0.02913	0.01217	0.00910	0.00551	0.00475	0.00153	0.00689	0.00403	0.00292	0.04307
3	0.01045	0.00874	0.05885	0.00949	0.01165	0.00749	0.04064	0.05556	0.05968	0.06440	0.07577	0.31313	0.12440	0.04370	0.00747	0.00218	0.00434	0.04505	0.05100	0.00602
4	0.00804	0.00528	0.00701	0.00783	0.00832	0.00502	0.00527	0.00885	0.01076	0.03987	0.05735	0.57370	0.03306	0.10441	0.04094	0.05692	0.00417	0.01365	0.00493	0.00460
5	0.16909	0.03709	0.06104	0.01193	0.06363	0.01186	0.00954	0.13958	0.06424	0.25530	0.10390	0.01841	0.01593	0.00701	0.00537	0.00176	0.00513	0.00554	0.00532	0.00833
6	0.01281	0.05094	0.42985	0.01999	0.18866	0.01381	0.05110	0.06081	0.02527	0.01897	0.01155	0.04472	0.00929	0.00609	0.00600	0.00181	0.03196	0.00510	0.00290	0.00838
7	0.00859	0.00611	0.00745	0.00763	0.00896	0.00573	0.00567	0.03682	0.01346	0.03621	0.20169	0.25738	0.21088	0.04809	0.02301	0.00234	0.00372	0.07987	0.03119	0.00521
8	0.02768	0.00768	0.00982	0.00895	0.01095	0.00751	0.00681	0.05037	0.01366	0.24305	0.08121	0.29280	0.06711	0.04086	0.00800	0.00213	0.05494	0.01006	0.04981	0.00661
9	0.01308	0.01198	0.01878	0.45683	0.24817	0.03645	0.01565	0.04278	0.01268	0.04241	0.01075	0.01476	0.00833	0.00580	0.00620	0.00184	0.03812	0.00507	0.00291	0.00739
10	0.00830	0.00628	0.00750	0.00766	0.00909	0.00589	0.00572	0.05684	0.01400	0.01832	0.19950	0.28065	0.26931	0.01455	0.00695	0.00207	0.00341	0.07317	0.00555	0.00525
11	0.00719	0.00514	0.00688	0.00812	0.00857	0.00483	0.00561	0.00840	0.01138	0.01522	0.06872	0.70224	0.03829	0.01744	0.00732	0.00232	0.00343	0.06881	0.00536	0.00473
12	0.01379	0.01322	0.02256	0.11608	0.68516	0.01350	0.01737	0.01724	0.01285	0.01825	0.01070	0.01427	0.00891	0.00516	0.00567	0.00172	0.00688	0.00509	0.00280	0.00877
13	0.01156	0.00985	0.01140	0.00861	0.01312	0.00788	0.00679	0.01509	0.07308	0.01870	0.01428	0.06503	0.03699	0.00577	0.00465	0.00107	0.00415	0.00478	0.00378	0.68339
14	0.23723	0.06492	0.04513	0.01569	0.11703	0.16479	0.07354	0.14677	0.04653	0.02253	0.01057	0.01206	0.00823	0.00571	0.00498	0.00168	0.00693	0.00434	0.00364	0.00769
15	0.76250	0.01074	0.00850	0.00755	0.01103	0.01228	0.00620	0.01719	0.01016	0.06108	0.00915	0.01033	0.00696	0.00546	0.00367	0.00175	0.00437	0.00333	0.04144	0.00633
16	0.05302	0.01173	0.01645	0.08201	0.31143	0.02468	0.02277	0.05896	0.15173	0.03040	0.03919	0.07238	0.05397	0.00742	0.00574	0.00181	0.00564	0.00657	0.03616	0.00791
17	0.00798	0.00538	0.00683	0.00753	0.00834	0.00500	0.00527	0.00946	0.01209	0.03403	0.13791	0.49502	0.09673	0.03807	0.00751	0.00222	0.00330	0.03572	0.07668	0.00493
18	0.01012	0.00753	0.00946	0.00880	0.01016	0.00798	0.00670	0.07277	0.01379	0.04626	0.24679	0.15220	0.12992	0.08172	0.05905	0.00278	0.09987	0.02339	0.00506	0.00565
19	0.03669	0.00571	0.00715	0.00773	0.00867	0.00546	0.00548	0.00953	0.01167	0.03753	0.10651	0.43144	0.12754	0.07603	0.05863	0.00289	0.00432	0.04698	0.00512	0.00492
20	0.03017	0.01360	0.07612	0.22475	0.21899	0.04509	0.06456	0.06360	0.01337	0.04183	0.04138	0.03948	0.01142	0.00734	0.02526	0.00201	0.04527	0.00564	0.02262	0.00750
21	0.01305	0.11907	0.50499	0.01450	0.02130	0.03679	0.01702	0.07037	0.08387	0.01913	0.01221	0.04126	0.00953	0.00616	0.00534	0.00175	0.00751	0.00479	0.00310	0.00827
22	0.01372	0.12127	0.01462	0.01038	0.03941	0.03346	0.00812	0.04841	0.11559	0.07522	0.01704	0.04587	0.06101	0.00910	0.05889	0.00191	0.00559	0.00533	0.00411	0.31094
23	0.04698	0.00926	0.01011	0.00954	0.03830	0.03137	0.00700	0.15324	0.06732	0.02310	0.25105	0.07248	0.14284	0.03487	0.00677	0.00191	0.00411	0.00849	0.07478	0.00649
24	0.11306	0.12563	0.06448	0.01056	0.01466	0.02789	0.00927	0.14512	0.11421	0.15296	0.09780	0.03296	0.01598	0.00708	0.00524	0.00167	0.00523	0.00552	0.00493	0.04576

[dist]
# distance from previous block
# <min> <max>
0	13

[block]
# block no. 5 follows, 41 sequences, length 15
# corresponding to MSA columns:
# 224-228,232-241
name=unknown_F
#
# <colnr> <probs for GDERKNQSTAVLIFYWHMCP>
#	G	D	E	R	K	N	Q	S	T	A	V	L	I	F	Y	W	H	M	C	P
0	0.05335	0.05791	0.05381	0.06860	0.30729	0.08013	0.12270	0.10687	0.01489	0.03952	0.03346	0.01444	0.01003	0.00564	0.00561	0.00172	0.00726	0.00516	0.00339	0.00823
1	0.00964	0.00721	0.01089	0.05171	0.01300	0.00695	0.08692	0.01207	0.04687	0.07016	0.05107	0.46289	0.09569	0.03743	0.00756	0.00224	0.00442	0.01260	0.00502	0.00565
2	0.01322	0.00934	0.01203	0.08656	0.05205	0.00957	0.03029	0.12379	0.07511	0.09746	0.10136	0.07803	0.14307	0.00937	0.00599	0.00182	0.00466	0.02847	0.09688	0.02093
3	0.01790	0.01331	0.01738	0.03488	0.05219	0.01414	0.10069	0.39080	0.05952	0.09026	0.01626	0.08443	0.01309	0.00879	0.03277	0.00207	0.00649	0.00648	0.02998	0.00858
4	0.04060	0.04349	0.14919	0.05744	0.13173	0.07929	0.01279	0.13134	0.07126	0.13091	0.04749	0.03605	0.02961	0.00684	0.00560	0.00175	0.00646	0.00556	0.00432	0.00829
5	0.00719	0.00522	0.00680	0.00778	0.00842	0.00483	0.00539	0.00851	0.01191	0.01587	0.13013	0.60508	0.10105	0.01672	0.00720	0.00223	0.00328	0.04216	0.00544	0.00478
6	0.01287	0.01188	0.01904	0.07127	0.51053	0.01217	0.01462	0.01736	0.08917	0.01879	0.04726	0.06092	0.03196	0.00721	0.00597	0.00183	0.00607	0.04927	0.00360	0.00819
7	0.00725	0.00532	0.00719	0.04104	0.00974	0.00510	0.00587	0.00850	0.01132	0.01502	0.05695	0.67900	0.06523	0.01697	0.00722	0.00228	0.00354	0.04246	0.00522	0.00478
8	0.02124	0.01472	0.01673	0.01296	0.01732	0.04992	0.05385	0.46684	0.05914	0.17568	0.01575	0.01544	0.01098	0.00678	0.00571	0.00173	0.00619	0.00537	0.03439	0.00928
9	0.83938	0.01106	0.00841	0.00752	0.01106	0.01283	0.00619	0.01681	0.00973	0.02566	0.00796	0.00929	0.00619	0.00531	0.00354	0.00177	0.00442	0.00310	0.00354	0.00619
10	0.00801	0.00546	0.00651	0.00687	0.00702	0.00541	0.00419	0.00839	0.00911	0.01217	0.02149	0.21928	0.02497	0.56498	0.04934	0.00482	0.00534	0.02885	0.00394	0.00385
11	0.00931	0.00747	0.00893	0.00941	0.05035	0.00745	0.00660	0.01428	0.16682	0.01958	0.23548	0.14499	0.22239	0.01207	0.00652	0.00194	0.00352	0.03283	0.03398	0.00609
12	0.01592	0.11952	0.16137	0.01420	0.05172	0.22077	0.03358	0.14276	0.01587	0.01940	0.05302	0.09917	0.01371	0.00741	0.00551	0.00168	0.00738	0.00585	0.00369	0.00746
13	0.00950	0.00771	0.01116	0.01033	0.05177	0.00705	0.08669	0.02776	0.01464	0.03838	0.33114	0.05655	0.25532	0.01099	0.00651	0.00182	0.00393	0.00975	0.02956	0.02944
14	0.01577	0.11892	0.06190	0.03650	0.09304	0.01439	0.01087	0.21733	0.15548	0.06773	0.03804	0.06187	0.05268	0.00780	0.00566	0.00177	0.00562	0.02157	0.00476	0.00830

[dist]
# distance from previous block
# <min> <max>
2	50

[block]
# block no. 6 follows, 41 sequences, length 12
# corresponding to MSA columns:
# 292-303
name=unknown_G
#
# <colnr> <probs for GDERKNQSTAVLIFYWHMCP>
#	G	D	E	R	K	N	Q	S	T	A	V	L	I	F	Y	W	H	M	C	P
0	0.07842	0.03700	0.06157	0.07716	0.04459	0.01060	0.02925	0.12617	0.04994	0.02139	0.14417	0.07314	0.12508	0.02361	0.00637	0.00190	0.00503	0.04218	0.00463	0.03778
1	0.03963	0.04001	0.01135	0.00954	0.01180	0.12186	0.03726	0.01535	0.04412	0.07812	0.34345	0.06502	0.06241	0.01054	0.02406	0.00194	0.00494	0.02569	0.04672	0.00619
2	0.01334	0.04729	0.21722	0.12451	0.09145	0.01324	0.11209	0.07732	0.09904	0.04792	0.05695	0.01803	0.04306	0.00651	0.00581	0.00182	0.00694	0.00578	0.00371	0.00797
3	0.00768	0.00572	0.00684	0.00705	0.00813	0.00531	0.00507	0.00916	0.01233	0.01615	0.19665	0.15718	0.25490	0.17841	0.03708	0.00301	0.00409	0.07548	0.00507	0.00469
4	0.01367	0.01305	0.08096	0.01294	0.06002	0.03133	0.04977	0.17897	0.17401	0.02384	0.14777	0.06800	0.07174	0.00866	0.00603	0.00183	0.00526	0.00740	0.03707	0.00770
5	0.17869	0.01008	0.01174	0.00936	0.01324	0.00983	0.00768	0.09829	0.01564	0.45484	0.01836	0.01717	0.01224	0.00667	0.00510	0.00171	0.00465	0.00513	0.11107	0.00850
6	0.01499	0.01776	0.18241	0.06855	0.19168	0.05132	0.16785	0.13370	0.01524	0.05105	0.01245	0.04427	0.00985	0.00605	0.00590	0.00180	0.00768	0.00565	0.00347	0.00832
7	0.01416	0.01351	0.02255	0.03359	0.71477	0.01363	0.01700	0.01839	0.06100	0.01903	0.01157	0.01462	0.00960	0.00527	0.00567	0.00171	0.00665	0.00519	0.00303	0.00906
8	0.01186	0.01017	0.01186	0.00847	0.01356	0.00762	0.00678	0.01440	0.01186	0.01864	0.01017	0.01186	0.00847	0.00424	0.00424	0.00085	0.00424	0.00339	0.00339	0.83395
9	0.09090	0.10920	0.01670	0.01272	0.01612	0.41880	0.01007	0.10749	0.01557	0.01796	0.00949	0.01106	0.00783	0.00692	0.02701	0.00171	0.04063	0.00384	0.00330	0.07267
10	0.00825	0.00583	0.00769	0.00769	0.00819	0.00633	0.00527	0.00925	0.00875	0.01216	0.01670	0.03011	0.01761	0.42874	0.39500	0.00733	0.01033	0.00725	0.00327	0.00427
11	0.01174	0.02790	0.68655	0.01780	0.06724	0.01337	0.06031	0.01809	0.01221	0.01816	0.01036	0.01238	0.00743	0.00538	0.00552	0.00181	0.00842	0.00441	0.00247	0.00845

[dist]
# distance from previous block
# <min> <max>
0	6

[block]
# block no. 7 follows, 41 sequences, length 9
# corresponding to MSA columns:
# 310-318
name=unknown_H
#
# <colnr> <probs for GDERKNQSTAVLIFYWHMCP>
#	G	D	E	R	K	N	Q	S	T	A	V	L	I	F	Y	W	H	M	C	P
0	0.00830	0.00635	0.00771	0.00766	0.00911	0.00608	0.00571	0.01180	0.08789	0.01992	0.39653	0.18093	0.17566	0.01311	0.00680	0.00197	0.00313	0.03996	0.00585	0.00552
1	0.83938	0.01106	0.00841	0.00752	0.01106	0.01283	0.00619	0.01681	0.00973	0.02566	0.00796	0.00929	0.00619	0.00531	0.00354	0.00177	0.00442	0.00310	0.00354	0.00619
2	0.02273	0.01444	0.01619	0.01241	0.01695	0.01540	0.01025	0.56440	0.02425	0.21961	0.01595	0.01517	0.01084	0.00692	0.00573	0.00173	0.00594	0.00530	0.00606	0.00973
3	0.02120	0.01493	0.01686	0.01416	0.06567	0.01622	0.01092	0.57261	0.07162	0.11416	0.01512	0.01488	0.01067	0.00683	0.00573	0.00174	0.00606	0.00530	0.00569	0.00964
4	0.01794	0.01180	0.01354	0.04252	0.01563	0.01258	0.00917	0.27598	0.18187	0.17648	0.07106	0.02256	0.05429	0.00805	0.00588	0.00182	0.00509	0.02875	0.03641	0.00860
5	0.01463	0.01293	0.02269	0.06481	0.20293	0.01255	0.26433	0.09014	0.01448	0.08095	0.01395	0.08008	0.01168	0.00637	0.00606	0.00177	0.00710	0.00650	0.00373	0.08229
6	0.00693	0.00514	0.00647	0.00754	0.00818	0.00468	0.00512	0.00801	0.01136	0.01477	0.03673	0.64953	0.18019	0.01724	0.00719	0.00225	0.00324	0.01544	0.00531	0.00468
7	0.10063	0.01528	0.01767	0.01826	0.20803	0.08751	0.03398	0.30541	0.03715	0.04971	0.01215	0.01337	0.00920	0.00596	0.00537	0.00165	0.00650	0.00478	0.00430	0.06308
8	0.00892	0.00748	0.00739	0.00783	0.00840	0.08221	0.00510	0.00961	0.01058	0.01323	0.02569	0.37315	0.07472	0.32141	0.01557	0.00347	0.00486	0.01163	0.00435	0.00440

[dist]
# distance from previous block
# <min> <max>
0	20

[block]
# block no. 8 follows, 41 sequences, length 6
# corresponding to MSA columns:
# 340-345
name=unknown_I
#
# <colnr> <probs for GDERKNQSTAVLIFYWHMCP>
#	G	D	E	R	K	N	Q	S	T	A	V	L	I	F	Y	W	H	M	C	P
0	0.04880	0.01098	0.01603	0.01518	0.13649	0.01036	0.07382	0.05079	0.06354	0.36733	0.08625	0.01952	0.01597	0.00680	0.00576	0.00173	0.00538	0.00596	0.00549	0.05381
1	0.01810	0.01499	0.01916	0.02145	0.29087	0.12027	0.06532	0.09603	0.11051	0.16328	0.01471	0.01560	0.01091	0.00609	0.00571	0.00173	0.00678	0.00532	0.00434	0.00882
2	0.00914	0.00639	0.00855	0.00894	0.04348	0.00601	0.00639	0.01142	0.01423	0.06134	0.39382	0.12527	0.13786	0.01522	0.07413	0.00257	0.00438	0.05965	0.00559	0.00561
3	0.00994	0.00497	0.00745	0.00745	0.00745	0.00497	0.00497	0.00745	0.00745	0.00994	0.00994	0.01739	0.00994	0.01987	0.02235	0.83358	0.00497	0.00497	0.00248	0.00248
4	0.01507	0.01353	0.01674	0.01984	0.27389	0.05930	0.01205	0.12539	0.28423	0.02243	0.01744	0.08483	0.01463	0.00749	0.00584	0.00183	0.00580	0.00650	0.00456	0.00862
5	0.00706	0.00515	0.00665	0.00765	0.00826	0.00474	0.00522	0.00828	0.01171	0.01554	0.10861	0.63969	0.11652	0.01692	0.00719	0.00223	0.00321	0.01521	0.00541	0.00474

[dist]
# distance from previous block
# <min> <max>
3	10

[block]
# block no. 9 follows, 41 sequences, length 24
# corresponding to MSA columns:
# 362-366,369-387
name=unknown_J
#
# <colnr> <probs for GDERKNQSTAVLIFYWHMCP>
#	G	D	E	R	K	N	Q	S	T	A	V	L	I	F	Y	W	H	M	C	P
0	0.01371	0.48186	0.33665	0.01249	0.01886	0.01875	0.01449	0.01754	0.01181	0.01539	0.00891	0.01038	0.00730	0.00512	0.00440	0.00147	0.00709	0.00354	0.00243	0.00780
1	0.00759	0.00578	0.00754	0.05950	0.01057	0.00569	0.00604	0.00952	0.04693	0.01505	0.03214	0.60831	0.11057	0.03669	0.00764	0.00232	0.00368	0.01440	0.00510	0.00496
2	0.00709	0.00572	0.00634	0.00656	0.00815	0.00497	0.00490	0.00869	0.01311	0.01632	0.13696	0.16719	0.52397	0.01475	0.00691	0.00202	0.00307	0.05298	0.00543	0.00489
3	0.01634	0.66928	0.02761	0.01064	0.01520	0.15203	0.01000	0.01811	0.01241	0.01355	0.00810	0.00937	0.00735	0.00507	0.00393	0.00127	0.00684	0.00317	0.00253	0.00722
4	0.01675	0.19472	0.22371	0.01275	0.01842	0.01637	0.01296	0.27370	0.04631	0.05977	0.01206	0.01271	0.00895	0.00591	0.00509	0.00159	0.00657	0.00440	0.00401	0.06326
5	0.01529	0.70281	0.08808	0.01055	0.01563	0.05898	0.01075	0.01749	0.01188	0.01385	0.00818	0.00946	0.00733	0.00499	0.00388	0.00128	0.00651	0.00318	0.00247	0.00739
6	0.01504	0.18663	0.26214	0.01490	0.02075	0.03788	0.14243	0.03516	0.11238	0.09903	0.01310	0.01407	0.00969	0.00574	0.00537	0.00171	0.00727	0.00489	0.00355	0.00828
7	0.00702	0.00502	0.00674	0.00801	0.00837	0.00474	0.00538	0.00805	0.01088	0.01455	0.03089	0.76506	0.03691	0.01890	0.03734	0.00259	0.00379	0.01586	0.00522	0.00466
8	0.00695	0.00504	0.00657	0.00779	0.00825	0.00466	0.00523	0.00798	0.01112	0.01467	0.03370	0.73447	0.09721	0.01764	0.00726	0.00229	0.00328	0.01592	0.00531	0.00466
9	0.01531	0.56037	0.09667	0.01140	0.01599	0.05771	0.01127	0.06017	0.01248	0.01529	0.00851	0.01013	0.00749	0.00566	0.00566	0.00146	0.09079	0.00353	0.00267	0.00743
10	0.01403	0.05281	0.50271	0.01473	0.02188	0.01342	0.03600	0.11599	0.01436	0.07060	0.01150	0.01276	0.00819	0.00559	0.00536	0.00169	0.00749	0.00440	0.00327	0.08322
11	0.01412	0.32013	0.40089	0.01352	0.02012	0.04217	0.01564	0.08031	0.01331	0.01776	0.00964	0.01107	0.00750	0.00537	0.00478	0.00157	0.00745	0.00385	0.00273	0.00808
12	0.01529	0.80242	0.02997	0.00979	0.01468	0.02263	0.00979	0.01713	0.01162	0.01346	0.00795	0.00918	0.00734	0.00489	0.00367	0.00122	0.00612	0.00306	0.00245	0.00734
13	0.00854	0.00631	0.00859	0.01089	0.10847	0.00607	0.00644	0.00989	0.01103	0.01534	0.02671	0.43791	0.07191	0.14419	0.01031	0.00264	0.00406	0.01203	0.09354	0.00512
14	0.01253	0.01044	0.01711	0.05097	0.39374	0.01027	0.03924	0.01545	0.01364	0.07051	0.17892	0.12283	0.02296	0.00837	0.00616	0.00182	0.00544	0.00781	0.00420	0.00758
15	0.10257	0.01281	0.02063	0.06723	0.61348	0.01310	0.01571	0.01703	0.01273	0.01943	0.04395	0.01496	0.01069	0.00544	0.00549	0.00172	0.00640	0.00512	0.00305	0.00846
16	0.01146	0.00970	0.01141	0.00833	0.01302	0.00738	0.00663	0.01401	0.01233	0.01910	0.09093	0.01518	0.01337	0.00504	0.00451	0.00095	0.00407	0.00414	0.00370	0.74474
17	0.01474	0.64361	0.06531	0.01102	0.01594	0.02067	0.05400	0.01796	0.06112	0.01492	0.02893	0.01138	0.00930	0.00528	0.00417	0.00136	0.00625	0.00375	0.00280	0.00748
18	0.01519	0.01097	0.04461	0.00933	0.01433	0.00829	0.00786	0.01833	0.04026	0.19537	0.01358	0.01401	0.01009	0.00509	0.00470	0.00115	0.00458	0.00410	0.00431	0.57386
19	0.02023	0.03517	0.13791	0.01250	0.01749	0.01388	0.01154	0.33057	0.07498	0.24615	0.01668	0.03057	0.01168	0.00693	0.00567	0.00176	0.00603	0.00544	0.00550	0.00932
20	0.05022	0.01520	0.01707	0.01516	0.09747	0.01676	0.01124	0.56708	0.09818	0.03257	0.01417	0.01438	0.01031	0.00671	0.00565	0.00174	0.00610	0.00520	0.00534	0.00946
21	0.00898	0.00549	0.00735	0.00820	0.00898	0.00505	0.00564	0.01011	0.01153	0.09564	0.03056	0.71172	0.03528	0.01675	0.00713	0.00226	0.00349	0.01513	0.00550	0.00519
22	0.01190	0.01114	0.01880	0.39212	0.33499	0.01247	0.01563	0.01535	0.01185	0.01615	0.01097	0.01558	0.00894	0.00946	0.08866	0.00261	0.00811	0.00520	0.00272	0.00734
23	0.05335	0.00845	0.01069	0.00888	0.01181	0.00793	0.00707	0.07762	0.01685	0.31934	0.37320	0.02964	0.03244	0.00918	0.00613	0.00178	0.00393	0.00778	0.00644	0.00751

[dist]
# distance from previous block
# <min> <max>
4	8

[block]
# block no. 10 follows, 41 sequences, length 22
# corresponding to MSA columns:
# 402-423
name=unknown_K
#
# <colnr> <probs for GDERKNQSTAVLIFYWHMCP>
#	G	D	E	R	K	N	Q	S	T	A	V	L	I	F	Y	W	H	M	C	P
0	0.47769	0.01205	0.01396	0.01748	0.27268	0.01322	0.01040	0.01831	0.07850	0.02308	0.01033	0.01208	0.00821	0.00546	0.00448	0.00176	0.00526	0.00410	0.00350	0.00745
1	0.01340	0.01261	0.02068	0.08007	0.58393	0.01241	0.01551	0.01668	0.01287	0.01856	0.03737	0.01493	0.01049	0.00525	0.00551	0.00160	0.00635	0.00504	0.00301	0.12375
2	0.01235	0.01174	0.01994	0.44006	0.37250	0.01311	0.01665	0.01597	0.01217	0.01649	0.01044	0.01475	0.00829	0.00543	0.00569	0.00181	0.00724	0.00509	0.00267	0.00760
3	0.01416	0.01359	0.02322	0.03511	0.76330	0.01359	0.01755	0.01755	0.01302	0.01869	0.01076	0.01416	0.00906	0.00510	0.00566	0.00170	0.00680	0.00510	0.00283	0.00906
4	0.02376	0.00937	0.01281	0.01022	0.01428	0.00820	0.00850	0.02602	0.01600	0.68063	0.02346	0.02467	0.01633	0.00809	0.00600	0.00187	0.00491	0.08880	0.00687	0.00922
5	0.01066	0.00533	0.00533	0.00533	0.00666	0.00533	0.00400	0.01333	0.01200	0.02132	0.01866	0.02132	0.01466	0.00666	0.00400	0.00133	0.00267	0.00533	0.83073	0.00533
6	0.01416	0.01359	0.02322	0.03511	0.76330	0.01359	0.01755	0.01755	0.01302	0.01869	0.01076	0.01416	0.00906	0.00510	0.00566	0.00170	0.00680	0.00510	0.00283	0.00906
7	0.01994	0.20941	0.01944	0.01357	0.01698	0.59898	0.01075	0.02150	0.01513	0.01387	0.00863	0.01005	0.00736	0.00566	0.00481	0.00141	0.00933	0.00354	0.00283	0.00680
8	0.01066	0.00533	0.00533	0.00533	0.00666	0.00533	0.00400	0.01333	0.01200	0.02132	0.01866	0.02132	0.01466	0.00666	0.00400	0.00133	0.00267	0.00533	0.83073	0.00533
9	0.01738	0.01385	0.01471	0.01228	0.01607	0.01570	0.00982	0.32957	0.44866	0.02901	0.01928	0.01815	0.01422	0.00739	0.00578	0.00185	0.00527	0.00591	0.00578	0.00934
10	0.01066	0.00533	0.00533	0.00533	0.00666	0.00533	0.00400	0.01333	0.01200	0.02132	0.01866	0.02132	0.01466	0.00666	0.00400	0.00133	0.00267	0.00533	0.83073	0.00533
11	0.74339	0.01049	0.00850	0.00771	0.01096	0.01218	0.00630	0.01605	0.00967	0.02423	0.00881	0.01081	0.00713	0.00965	0.09279	0.00263	0.00568	0.00345	0.00348	0.00607
12	0.00697	0.00498	0.00664	0.00796	0.00830	0.00465	0.00531	0.00796	0.01095	0.01460	0.03153	0.79525	0.03783	0.01792	0.00730	0.00232	0.00332	0.01626	0.00531	0.00465
13	0.02510	0.01064	0.01383	0.01061	0.01505	0.00975	0.00876	0.13089	0.01788	0.66211	0.02130	0.01864	0.01352	0.00705	0.00575	0.00176	0.00507	0.00567	0.00688	0.00973
14	0.01247	0.16669	0.55024	0.01730	0.10824	0.01500	0.01868	0.01787	0.01210	0.01734	0.00991	0.01179	0.00747	0.00530	0.00514	0.00169	0.00784	0.00412	0.00247	0.00832
15	0.01202	0.11808	0.64422	0.01597	0.02387	0.01443	0.05879	0.01801	0.01210	0.01759	0.01007	0.01192	0.00733	0.00534	0.00530	0.00175	0.00825	0.00423	0.00244	0.00828
16	0.00721	0.00633	0.04781	0.00834	0.00917	0.00512	0.00613	0.00852	0.01108	0.01482	0.03126	0.72812	0.06043	0.01713	0.00718	0.00228	0.00358	0.01547	0.00515	0.00486
17	0.01374	0.11549	0.50321	0.03517	0.03901	0.05505	0.01730	0.03976	0.01298	0.07492	0.01162	0.03636	0.00885	0.00595	0.00532	0.00173	0.00773	0.00462	0.00300	0.00820
18	0.14270	0.05398	0.03418	0.03345	0.15268	0.04461	0.14808	0.04502	0.06974	0.17583	0.03535	0.01567	0.01134	0.00598	0.00548	0.00176	0.00642	0.00531	0.00423	0.00817
19	0.10161	0.09734	0.46403	0.01422	0.04208	0.01343	0.01610	0.01923	0.03367	0.10519	0.01161	0.01268	0.00833	0.00558	0.00508	0.00172	0.00710	0.00424	0.00322	0.03356
20	0.04738	0.04602	0.01976	0.02190	0.32784	0.03001	0.05835	0.11492	0.06249	0.19270	0.01444	0.01539	0.01061	0.00595	0.00560	0.00172	0.00629	0.00526	0.00438	0.00899
21	0.07486	0.04425	0.01688	0.03683	0.22926	0.01188	0.05685	0.06858	0.08355	0.13055	0.03382	0.04071	0.09873	0.00728	0.00566	0.00175	0.00554	0.00633	0.00441	0.04229

[dist]
# distance from previous block
# <min> <max>
1	12

[block]
# block no. 11 follows, 41 sequences, length 40
# corresponding to MSA columns:
# 441-480
name=unknown_L
#
# <colnr> <probs for GDERKNQSTAVLIFYWHMCP>
#	G	D	E	R	K	N	Q	S	T	A	V	L	I	F	Y	W	H	M	C	P
0	0.05557	0.01609	0.10494	0.05088	0.15132	0.01445	0.02962	0.27526	0.03653	0.06553	0.03443	0.01640	0.01178	0.00695	0.00603	0.00190	0.00665	0.00540	0.00475	0.10553
1	0.01728	0.01585	0.03726	0.01804	0.06780	0.10518	0.25874	0.06464	0.08855	0.10891	0.01574	0.04974	0.01256	0.00705	0.00646	0.00196	0.00771	0.00638	0.00446	0.10570
2	0.01715	0.01060	0.01347	0.01204	0.07455	0.00895	0.00860	0.03663	0.01481	0.25026	0.07799	0.08439	0.01771	0.00791	0.00591	0.00169	0.00496	0.00640	0.00539	0.34061
3	0.01611	0.01376	0.01968	0.04344	0.42657	0.01410	0.01435	0.06776	0.20326	0.05191	0.03446	0.01866	0.01377	0.00703	0.00627	0.00200	0.00638	0.00599	0.00450	0.03002
4	0.02287	0.01683	0.01796	0.01398	0.01860	0.01831	0.01137	0.72954	0.02740	0.03686	0.01500	0.01555	0.01097	0.00773	0.00629	0.00196	0.00672	0.00557	0.00613	0.01035
5	0.02499	0.01342	0.01585	0.01237	0.01690	0.01326	0.01003	0.34137	0.02170	0.43309	0.01979	0.01866	0.01337	0.00785	0.00630	0.00199	0.00595	0.00590	0.00686	0.01035
6	0.01202	0.00636	0.00638	0.00632	0.00776	0.00617	0.00464	0.01427	0.01282	0.02246	0.01982	0.02298	0.01580	0.00753	0.00460	0.00159	0.00317	0.00575	0.81350	0.00605
7	0.82302	0.01197	0.00939	0.00847	0.01206	0.01351	0.00679	0.01768	0.01061	0.02670	0.00936	0.01121	0.00752	0.00621	0.00415	0.00201	0.00489	0.00356	0.00399	0.00689
8	0.02125	0.02096	0.01648	0.01373	0.01750	0.36556	0.01081	0.39733	0.02169	0.02549	0.01243	0.01305	0.02471	0.00658	0.00549	0.00161	0.00807	0.00462	0.00444	0.00820
9	0.01066	0.00533	0.00533	0.00533	0.00666	0.00533	0.00400	0.01333	0.01200	0.02132	0.01866	0.02132	0.01466	0.00666	0.00400	0.00133	0.00267	0.00533	0.83073	0.00533
10	0.00817	0.00613	0.00919	0.00919	0.01021	0.00715	0.00715	0.01021	0.00919	0.01328	0.01532	0.02247	0.01430	0.04290	0.77631	0.00919	0.01532	0.00613	0.00306	0.00511
11	0.00697	0.00498	0.00664	0.00796	0.00830	0.00465	0.00531	0.00796	0.01095	0.01460	0.03153	0.79525	0.03783	0.01792	0.00730	0.00232	0.00332	0.01626	0.00531	0.00465
12	0.83938	0.01106	0.00841	0.00752	0.01106	0.01283	0.00619	0.01681	0.00973	0.02566	0.00796	0.00929	0.00619	0.00531	0.00354	0.00177	0.00442	0.00310	0.00354	0.00619
13	0.01529	0.80242	0.02997	0.00979	0.01468	0.02263	0.00979	0.01713	0.01162	0.01346	0.00795	0.00918	0.00734	0.00489	0.00367	0.00122	0.00612	0.00306	0.00245	0.00734
14	0.02566	0.00973	0.01327	0.01018	0.01460	0.00841	0.00841	0.02788	0.01637	0.76726	0.02257	0.01947	0.01416	0.00708	0.00575	0.00177	0.00487	0.00575	0.00708	0.00973
15	0.00831	0.00558	0.00641	0.00641	0.00648	0.00564	0.00369	0.00843	0.00837	0.01122	0.01786	0.03654	0.02041	0.75397	0.07359	0.00576	0.00613	0.00819	0.00344	0.00356
16	0.01080	0.01017	0.01716	0.78523	0.03940	0.01271	0.01589	0.01461	0.01144	0.01461	0.01017	0.01525	0.00762	0.00572	0.00572	0.00191	0.00762	0.00508	0.00254	0.00635
17	0.01066	0.00533	0.00533	0.00533	0.00666	0.00533	0.00400	0.01333	0.01200	0.02132	0.01866	0.02132	0.01466	0.00666	0.00400	0.00133	0.00267	0.00533	0.83073	0.00533
18	0.04561	0.01066	0.01371	0.01053	0.01496	0.00985	0.00870	0.12964	0.01770	0.64442	0.02094	0.01840	0.01333	0.00700	0.00569	0.00176	0.00506	0.00560	0.00680	0.00964
19	0.02013	0.01662	0.06136	0.01319	0.01778	0.03638	0.01125	0.58829	0.12164	0.03282	0.01466	0.01455	0.01054	0.00687	0.00570	0.00175	0.00629	0.00523	0.00547	0.00948
20	0.01066	0.00533	0.00533	0.00533	0.00666	0.00533	0.00400	0.01333	0.01200	0.02132	0.01866	0.02132	0.01466	0.00666	0.00400	0.00133	0.00267	0.00533	0.83073	0.00533
21	0.01186	0.01017	0.01186	0.00847	0.01356	0.00762	0.00678	0.01440	0.01186	0.01864	0.01017	0.01186	0.00847	0.00424	0.00424	0.00085	0.00424	0.00339	0.00339	0.83395
22	0.00835	0.00640	0.00954	0.00944	0.01042	0.00759	0.00738	0.01036	0.00917	0.01330	0.01499	0.02205	0.01401	0.04152	0.74450	0.00891	0.04779	0.00608	0.00304	0.00516
23	0.00776	0.00587	0.00826	0.07355	0.03208	0.00581	0.00698	0.00927	0.01138	0.01505	0.02979	0.59740	0.05477	0.01619	0.00718	0.00230	0.00400	0.10238	0.00501	0.00499
24	0.83938	0.01106	0.00841	0.00752	0.01106	0.01283	0.00619	0.01681	0.00973	0.02566	0.00796	0.00929	0.00619	0.00531	0.00354	0.00177	0.00442	0.00310	0.00354	0.00619
25	0.00913	0.00667	0.00947	0.01123	0.04295	0.00663	0.00906	0.01158	0.01287	0.01686	0.02963	0.15778	0.03256	0.01563	0.00773	0.00255	0.00508	0.60210	0.00517	0.00535
26	0.01186	0.01017	0.01186	0.00847	0.01356	0.00762	0.00678	0.01440	0.01186	0.01864	0.01017	0.01186	0.00847	0.00424	0.00424	0.00085	0.00424	0.00339	0.00339	0.83395
27	0.02428	0.01014	0.01339	0.01021	0.01470	0.00890	0.00842	0.06940	0.01662	0.66159	0.02101	0.01850	0.01342	0.00683	0.00562	0.00169	0.00490	0.00552	0.00669	0.07815
28	0.00832	0.00555	0.00624	0.00624	0.00624	0.00555	0.00347	0.00832	0.00832	0.01109	0.01802	0.03743	0.02080	0.79898	0.02911	0.00555	0.00555	0.00832	0.00347	0.00347
29	0.01404	0.01356	0.02345	0.05558	0.71528	0.01360	0.04505	0.01750	0.01300	0.01856	0.01077	0.01424	0.00901	0.00510	0.00571	0.00171	0.00693	0.00516	0.00283	0.00893
30	0.01229	0.01042	0.01209	0.00868	0.01374	0.00806	0.00696	0.04613	0.01251	0.01940	0.01032	0.01194	0.00853	0.00435	0.00430	0.00088	0.00433	0.00347	0.00349	0.79812
31	0.83938	0.01106	0.00841	0.00752	0.01106	0.01283	0.00619	0.01681	0.00973	0.02566	0.00796	0.00929	0.00619	0.00531	0.00354	0.00177	0.00442	0.00310	0.00354	0.00619
32	0.01155	0.02905	0.74122	0.01660	0.02495	0.01333	0.04872	0.01812	0.01213	0.01812	0.01031	0.01220	0.00730	0.00541	0.00548	0.00182	0.00850	0.00432	0.00243	0.00843
33	0.01445	0.01506	0.05150	0.03170	0.62308	0.05904	0.05569	0.01842	0.04131	0.01857	0.01115	0.01419	0.00919	0.00524	0.00569	0.00171	0.00713	0.00512	0.00294	0.00882
34	0.00743	0.00582	0.00672	0.00650	0.00814	0.00511	0.00487	0.00951	0.01462	0.01921	0.41095	0.04885	0.40563	0.01308	0.00675	0.00186	0.00280	0.01120	0.00581	0.00511
35	0.01224	0.01002	0.03588	0.04194	0.04403	0.00959	0.11391	0.06101	0.11794	0.08465	0.18600	0.21001	0.02749	0.01030	0.00648	0.00196	0.00502	0.00942	0.00515	0.00697
36	0.00696	0.00501	0.00660	0.00788	0.00827	0.00465	0.00527	0.00797	0.01103	0.01464	0.03257	0.76598	0.06642	0.01778	0.00728	0.00231	0.00330	0.01610	0.00531	0.00465
37	0.01865	0.11135	0.01776	0.01260	0.03118	0.03414	0.04086	0.29574	0.16594	0.12357	0.01551	0.01528	0.01133	0.00647	0.00540	0.00164	0.00582	0.00512	0.00508	0.07656
38	0.07343	0.27879	0.16616	0.04220	0.03480	0.14279	0.02990	0.07028	0.01353	0.01765	0.00938	0.01098	0.00759	0.00531	0.00464	0.00147	0.00716	0.00378	0.00294	0.07720
39	0.03205	0.08385	0.01736	0.18625	0.03562	0.16894	0.04316	0.10787	0.16462	0.04924	0.02950	0.01647	0.01162	0.00658	0.00552	0.00175	0.00700	0.02094	0.00402	0.00764

[dist]
# distance from previous block
# <min> <max>
0	6

# created by:
# /home/cegg/simao/soft/augustus-3.2.1/scripts/msa2prfl.pl ./align_prep/EOG091G0OTI.fa
