[name]
unknown

[dist]
# distance from previous block
# <min> <max>
3	249

[block]
# block no. 0 follows, 40 sequences, length 19
# corresponding to MSA columns:
# 874,875,887-898,909-913
name=unknown_A
#
# <colnr> <probs for GDERKNQSTAVLIFYWHMCP>
#	G	D	E	R	K	N	Q	S	T	A	V	L	I	F	Y	W	H	M	C	P
0	0.07294	0.02799	0.00803	0.00688	0.00889	0.00788	0.00535	0.08731	0.01348	0.02257	0.05012	0.02106	0.01540	0.04039	0.03437	0.00191	0.00397	0.00549	0.53412	0.03184
1	0.00925	0.00817	0.03778	0.00961	0.01099	0.03721	0.00762	0.01189	0.04291	0.01395	0.01580	0.02363	0.01488	0.12379	0.59604	0.00801	0.01351	0.00633	0.00326	0.00537
2	0.01206	0.03739	0.00800	0.00668	0.00862	0.00751	0.00523	0.08511	0.01354	0.02237	0.01758	0.02013	0.01387	0.00829	0.03882	0.00173	0.00385	0.00528	0.64707	0.03686
3	0.01166	0.03008	0.76550	0.01657	0.02517	0.01351	0.02149	0.01842	0.01228	0.01842	0.01044	0.01228	0.00737	0.00552	0.00552	0.00184	0.00859	0.00430	0.00246	0.00859
4	0.01166	0.03008	0.76550	0.01657	0.02517	0.01351	0.02149	0.01842	0.01228	0.01842	0.01044	0.01228	0.00737	0.00552	0.00552	0.00184	0.00859	0.00430	0.00246	0.00859
5	0.02172	0.02772	0.01648	0.01498	0.01798	0.77228	0.01124	0.02322	0.01648	0.01423	0.00899	0.01049	0.00749	0.00599	0.00524	0.00150	0.01049	0.00375	0.00300	0.00674
6	0.00792	0.00593	0.00735	0.00699	0.00850	0.00536	0.00524	0.01038	0.01573	0.02159	0.59794	0.04628	0.21429	0.01253	0.00686	0.00186	0.00279	0.01092	0.00617	0.00536
7	0.00990	0.00518	0.00778	0.00778	0.00789	0.00530	0.00530	0.00789	0.00778	0.01049	0.01072	0.01826	0.01060	0.02286	0.10785	0.73756	0.00625	0.00518	0.00259	0.00283
8	0.01429	0.01375	0.02324	0.03441	0.71252	0.01407	0.01752	0.01760	0.01297	0.01868	0.01073	0.01429	0.00911	0.00550	0.00660	0.00178	0.05588	0.00518	0.00286	0.00903
9	0.00715	0.00521	0.00675	0.00796	0.00851	0.00481	0.00544	0.00827	0.01144	0.01503	0.03479	0.68895	0.11283	0.01778	0.00739	0.00233	0.00340	0.04179	0.00540	0.00477
10	0.01084	0.00542	0.00542	0.00542	0.00678	0.00542	0.00407	0.01355	0.01220	0.02168	0.01897	0.02168	0.01491	0.00678	0.00407	0.00136	0.00271	0.00542	0.82791	0.00542
11	0.01318	0.06172	0.50783	0.01773	0.02523	0.01460	0.17692	0.07947	0.01385	0.01978	0.01092	0.01303	0.00790	0.00549	0.00576	0.00183	0.00856	0.00488	0.00285	0.00849
12	0.01229	0.20032	0.05905	0.04351	0.05244	0.03637	0.14187	0.01504	0.01135	0.01508	0.01212	0.03825	0.01100	0.03306	0.22670	0.00401	0.07234	0.00559	0.00289	0.00671
13	0.00818	0.00642	0.00746	0.00712	0.00886	0.00594	0.00536	0.01148	0.07044	0.02051	0.43624	0.04656	0.31871	0.01267	0.00679	0.00189	0.00296	0.01089	0.00598	0.00555
14	0.01533	0.01459	0.06769	0.21002	0.24102	0.04379	0.07970	0.13056	0.03049	0.06748	0.01364	0.01613	0.03104	0.00611	0.00589	0.00182	0.00726	0.00550	0.00366	0.00830
15	0.06822	0.06642	0.03818	0.03083	0.11958	0.15242	0.10079	0.07566	0.17890	0.05723	0.01480	0.04610	0.01186	0.00667	0.00564	0.00178	0.00699	0.00564	0.00412	0.00814
16	0.01451	0.01382	0.01945	0.19589	0.12027	0.07860	0.11318	0.06491	0.11541	0.04049	0.01353	0.01780	0.01097	0.00710	0.00784	0.00198	0.11403	0.03892	0.00363	0.00767
17	0.01284	0.07623	0.05966	0.10887	0.01850	0.06625	0.03067	0.04232	0.02560	0.01586	0.02700	0.06628	0.02634	0.01093	0.05759	0.00254	0.31968	0.00592	0.00314	0.02378
18	0.06929	0.01196	0.01687	0.05088	0.04619	0.01117	0.13860	0.07444	0.06008	0.02063	0.01263	0.01490	0.02377	0.02057	0.00588	0.00149	0.02024	0.00482	0.00367	0.39191

[dist]
# distance from previous block
# <min> <max>
0	1

[block]
# block no. 1 follows, 40 sequences, length 27
# corresponding to MSA columns:
# 915-922,934-952
name=unknown_B
#
# <colnr> <probs for GDERKNQSTAVLIFYWHMCP>
#	G	D	E	R	K	N	Q	S	T	A	V	L	I	F	Y	W	H	M	C	P
0	0.09084	0.06611	0.10560	0.01103	0.01457	0.02443	0.00992	0.09659	0.09436	0.12563	0.03542	0.07714	0.01466	0.01265	0.10782	0.00284	0.04951	0.00614	0.04720	0.00755
1	0.01105	0.01677	0.30359	0.01147	0.01658	0.00972	0.01218	0.06159	0.01332	0.01921	0.05028	0.13354	0.09815	0.00857	0.00572	0.00170	0.00570	0.00717	0.03357	0.18011
2	0.00710	0.00515	0.00671	0.00790	0.00840	0.00476	0.00533	0.00821	0.01146	0.01518	0.05665	0.71169	0.09450	0.01775	0.00736	0.00231	0.00332	0.01602	0.00543	0.00476
3	0.01564	0.09101	0.17013	0.01859	0.10817	0.08011	0.18067	0.10795	0.01494	0.05054	0.01130	0.01340	0.00864	0.00567	0.00614	0.00171	0.03726	0.00498	0.00335	0.06980
4	0.01314	0.07807	0.31108	0.04673	0.15890	0.01503	0.06488	0.05297	0.01258	0.01806	0.01034	0.01333	0.00826	0.00761	0.03561	0.00217	0.13556	0.00482	0.00278	0.00807
5	0.01001	0.00553	0.00601	0.00600	0.00712	0.00552	0.00431	0.01227	0.01200	0.01988	0.10281	0.04595	0.02091	0.12116	0.03969	0.00237	0.00368	0.00674	0.56291	0.00513
6	0.00976	0.00744	0.01009	0.03100	0.01116	0.00864	0.00730	0.06252	0.01044	0.01469	0.01536	0.02494	0.01509	0.22241	0.45322	0.00714	0.07362	0.00659	0.00335	0.00525
7	0.01693	0.00804	0.01056	0.00882	0.01176	0.00727	0.00700	0.01995	0.04532	0.37131	0.34096	0.03107	0.05072	0.00943	0.00626	0.00181	0.00386	0.00804	0.03320	0.00769
8	0.01089	0.00679	0.00879	0.00794	0.00982	0.00634	0.00607	0.01425	0.05289	0.12084	0.62329	0.03924	0.04769	0.01107	0.00668	0.00183	0.00313	0.00971	0.00648	0.00625
9	0.00846	0.00564	0.00634	0.00634	0.00634	0.00564	0.00352	0.00846	0.00846	0.01128	0.01832	0.03805	0.02114	0.79563	0.02960	0.00564	0.00564	0.00846	0.00352	0.00352
10	0.00736	0.00591	0.00656	0.00640	0.00815	0.00512	0.00480	0.00929	0.01440	0.01843	0.30851	0.05148	0.50570	0.01371	0.00687	0.00192	0.00287	0.01164	0.00576	0.00512
11	0.02211	0.01629	0.01745	0.01338	0.01803	0.01803	0.01105	0.73997	0.02734	0.03665	0.01396	0.01396	0.00989	0.00698	0.00582	0.00175	0.00640	0.00524	0.00582	0.00989
12	0.02172	0.02772	0.01648	0.01498	0.01798	0.77228	0.01124	0.02322	0.01648	0.01423	0.00899	0.01049	0.00749	0.00599	0.00524	0.00150	0.01049	0.00375	0.00300	0.00674
13	0.01298	0.18304	0.34839	0.04796	0.10527	0.01474	0.04215	0.03502	0.01263	0.01775	0.01082	0.03730	0.00886	0.00568	0.00518	0.00162	0.00724	0.00461	0.00282	0.09595
14	0.06535	0.06639	0.01726	0.26982	0.11829	0.11942	0.04102	0.04146	0.01316	0.03437	0.03962	0.01577	0.01068	0.00823	0.04395	0.02250	0.00752	0.00506	0.05323	0.00690
15	0.01190	0.01222	0.04862	0.54325	0.17647	0.01327	0.07990	0.01590	0.01215	0.01612	0.01058	0.01518	0.00811	0.00560	0.00588	0.00190	0.00780	0.00529	0.00267	0.00719
16	0.01394	0.01095	0.01361	0.06350	0.08114	0.01200	0.01053	0.10143	0.29676	0.05305	0.04313	0.03281	0.02085	0.00982	0.00651	0.00211	0.00538	0.20919	0.00533	0.00793
17	0.00773	0.00592	0.00708	0.00679	0.00838	0.00527	0.00509	0.01001	0.01528	0.02052	0.49964	0.04805	0.31326	0.01293	0.00686	0.00188	0.00282	0.01116	0.00603	0.00527
18	0.01249	0.01016	0.01196	0.00867	0.01366	0.00769	0.00691	0.01501	0.01222	0.04951	0.01152	0.03606	0.00976	0.00485	0.00446	0.00095	0.00430	0.00394	0.00366	0.77222
19	0.00703	0.00529	0.00652	0.00750	0.00828	0.00477	0.00513	0.00816	0.01171	0.01508	0.03934	0.59201	0.23358	0.01727	0.00727	0.00225	0.00326	0.01538	0.00540	0.00477
20	0.01010	0.00505	0.00758	0.00758	0.00758	0.00505	0.00505	0.00758	0.00758	0.01010	0.01010	0.01768	0.01010	0.02020	0.02273	0.83081	0.00505	0.00505	0.00253	0.00253
21	0.01343	0.01224	0.01845	0.33063	0.29776	0.04289	0.01502	0.07117	0.01372	0.01861	0.01225	0.01729	0.01002	0.00617	0.00573	0.00182	0.00698	0.03454	0.06364	0.00762
22	0.01373	0.01569	0.03431	0.02451	0.03039	0.01471	0.73824	0.01863	0.01373	0.01863	0.01176	0.01569	0.00882	0.00490	0.00686	0.00196	0.00980	0.00686	0.00294	0.00784
23	0.01311	0.01288	0.02289	0.22701	0.36789	0.01345	0.15346	0.01751	0.04940	0.01796	0.01234	0.04351	0.01024	0.00590	0.00605	0.00186	0.00744	0.00598	0.00306	0.00807
24	0.02356	0.01270	0.03562	0.01206	0.01673	0.01201	0.03967	0.24190	0.04734	0.46622	0.01947	0.01774	0.01275	0.00702	0.00587	0.00180	0.00567	0.00569	0.00643	0.00975
25	0.49898	0.01272	0.02915	0.07899	0.01579	0.01408	0.00871	0.20708	0.01478	0.02752	0.01029	0.01169	0.00771	0.00590	0.00444	0.00178	0.00532	0.00399	0.03379	0.00728
26	0.01359	0.11447	0.03691	0.25662	0.22274	0.04298	0.01405	0.04615	0.01283	0.01732	0.01032	0.01365	0.00840	0.00569	0.00607	0.00167	0.05225	0.00464	0.01875	0.10092

[dist]
# distance from previous block
# <min> <max>
7	39

[block]
# block no. 2 follows, 40 sequences, length 9
# corresponding to MSA columns:
# 1002-1010
name=unknown_C
#
# <colnr> <probs for GDERKNQSTAVLIFYWHMCP>
#	G	D	E	R	K	N	Q	S	T	A	V	L	I	F	Y	W	H	M	C	P
0	0.01555	0.79913	0.03047	0.00995	0.01493	0.02301	0.00995	0.01741	0.01182	0.01368	0.00808	0.00933	0.00746	0.00498	0.00373	0.00124	0.00622	0.00311	0.00249	0.00746
1	0.00832	0.00619	0.00913	0.00913	0.01010	0.00715	0.00700	0.01025	0.00928	0.01334	0.01577	0.02392	0.01501	0.09695	0.71989	0.00908	0.01487	0.00639	0.00314	0.00507
2	0.01272	0.01272	0.01781	0.01527	0.01527	0.01781	0.01272	0.01399	0.00891	0.01399	0.00763	0.01272	0.00763	0.01018	0.01908	0.00254	0.78499	0.00509	0.00254	0.00636
3	0.00995	0.00674	0.00860	0.00788	0.00962	0.00641	0.00599	0.01376	0.07499	0.07418	0.64744	0.04008	0.04913	0.01125	0.00671	0.00184	0.00304	0.00988	0.00642	0.00609
4	0.00755	0.00585	0.00660	0.00677	0.00813	0.00524	0.00492	0.00903	0.01279	0.01621	0.15329	0.11966	0.40922	0.13951	0.01065	0.00262	0.00358	0.06835	0.00525	0.00479
5	0.00755	0.00526	0.00661	0.00750	0.00772	0.00504	0.00476	0.00822	0.01022	0.01363	0.02737	0.53460	0.03255	0.28352	0.01499	0.00348	0.00415	0.01378	0.00476	0.00431
6	0.00772	0.00592	0.00717	0.00783	0.00900	0.00553	0.00573	0.00995	0.04876	0.01653	0.09766	0.39308	0.25535	0.01592	0.00720	0.00221	0.00347	0.09033	0.00550	0.00513
7	0.01066	0.00981	0.01512	0.04626	0.01523	0.01242	0.06705	0.01270	0.00961	0.01416	0.01179	0.01781	0.01096	0.02523	0.37027	0.00566	0.33070	0.00577	0.00284	0.00593
8	0.01597	0.03465	0.01540	0.04009	0.13055	0.12285	0.02678	0.04683	0.03130	0.15891	0.13227	0.04249	0.02000	0.01009	0.04152	0.00221	0.05256	0.06339	0.00468	0.00748

[dist]
# distance from previous block
# <min> <max>
2	5

[block]
# block no. 3 follows, 40 sequences, length 61
# corresponding to MSA columns:
# 1016-1027,1067-1097,1117,1119-1135
name=unknown_D
#
# <colnr> <probs for GDERKNQSTAVLIFYWHMCP>
#	G	D	E	R	K	N	Q	S	T	A	V	L	I	F	Y	W	H	M	C	P
0	0.26867	0.08664	0.15761	0.07835	0.07389	0.15200	0.01224	0.03750	0.01268	0.01986	0.00936	0.01129	0.00736	0.00550	0.00471	0.00166	0.00701	0.00386	0.00309	0.04671
1	0.01228	0.03407	0.07403	0.24608	0.12367	0.01253	0.13520	0.01644	0.03985	0.01736	0.01200	0.04964	0.01001	0.00603	0.00613	0.00173	0.03240	0.00558	0.00308	0.16192
2	0.03812	0.01037	0.01055	0.00882	0.01179	0.05794	0.00699	0.17108	0.01642	0.12477	0.05015	0.01889	0.01433	0.00681	0.00489	0.00150	0.00448	0.00533	0.35855	0.07822
3	0.00986	0.03709	0.01113	0.01031	0.03935	0.03260	0.05001	0.04397	0.01264	0.01700	0.16642	0.24732	0.02937	0.16614	0.09700	0.00352	0.00604	0.01020	0.00457	0.00546
4	0.00786	0.00593	0.00726	0.00693	0.00846	0.00533	0.00520	0.01026	0.01559	0.02126	0.56737	0.04683	0.24507	0.01266	0.00686	0.00187	0.00280	0.01099	0.00613	0.00533
5	0.00834	0.00612	0.00878	0.00878	0.00963	0.00696	0.00657	0.01002	0.00918	0.01308	0.01609	0.02570	0.01578	0.18464	0.63326	0.00865	0.01371	0.00665	0.00319	0.00488
6	0.01555	0.79913	0.03047	0.00995	0.01493	0.02301	0.00995	0.01741	0.01182	0.01368	0.00808	0.00933	0.00746	0.00498	0.00373	0.00124	0.00622	0.00311	0.00249	0.00746
7	0.00725	0.00515	0.00677	0.00801	0.00834	0.00485	0.00533	0.00822	0.01096	0.01460	0.03087	0.71177	0.03689	0.08371	0.00931	0.00265	0.00361	0.03185	0.00524	0.00464
8	0.01535	0.76104	0.06688	0.01028	0.01543	0.02254	0.01052	0.01746	0.01184	0.01392	0.00820	0.00947	0.00746	0.00500	0.00382	0.00127	0.00634	0.00317	0.00249	0.00752
9	0.01780	0.01415	0.01503	0.01251	0.01639	0.01602	0.01001	0.34064	0.43367	0.02971	0.01943	0.01832	0.01432	0.00749	0.00587	0.00187	0.00539	0.00599	0.00587	0.00950
10	0.01253	0.01467	0.18225	0.01291	0.04371	0.01143	0.04414	0.02126	0.28482	0.05244	0.17798	0.02507	0.05388	0.00821	0.00606	0.00188	0.00532	0.00705	0.02645	0.00796
11	0.00722	0.00516	0.00691	0.00826	0.00865	0.00484	0.00564	0.00834	0.01127	0.01500	0.03197	0.74775	0.03816	0.01809	0.00746	0.00238	0.00349	0.05924	0.00540	0.00476
12	0.01367	0.10616	0.01554	0.00997	0.01486	0.04006	0.04072	0.04356	0.01300	0.04622	0.01139	0.03763	0.00968	0.00514	0.00461	0.00110	0.00510	0.00416	0.00358	0.57385
13	0.00845	0.00566	0.00644	0.00644	0.00647	0.00569	0.00365	0.00852	0.00849	0.01135	0.01823	0.03756	0.02093	0.77110	0.05384	0.00576	0.00596	0.00838	0.00351	0.00358
14	0.01206	0.01034	0.01206	0.00861	0.01378	0.00775	0.00689	0.01464	0.01206	0.01895	0.01034	0.01206	0.00861	0.00431	0.00431	0.00086	0.00431	0.00345	0.00345	0.83118
15	0.01295	0.00834	0.00891	0.00820	0.01047	0.00896	0.00632	0.02071	0.28518	0.06778	0.06487	0.02287	0.01831	0.00752	0.00502	0.00164	0.00355	0.00618	0.42514	0.00710
16	0.01317	0.10609	0.04389	0.01050	0.01379	0.03221	0.00884	0.09373	0.04615	0.03456	0.01310	0.02910	0.01166	0.07774	0.16142	0.00338	0.07702	0.00515	0.00362	0.21487
17	0.00813	0.00556	0.00644	0.00666	0.00686	0.00544	0.00396	0.00848	0.00943	0.01252	0.04810	0.17037	0.06053	0.59586	0.02387	0.00476	0.00501	0.01012	0.00404	0.00387
18	0.03363	0.25133	0.06542	0.01336	0.06366	0.01635	0.01115	0.06825	0.01197	0.06061	0.01017	0.01321	0.00879	0.01007	0.04514	0.09231	0.20995	0.00451	0.00311	0.00701
19	0.01293	0.04997	0.12598	0.02025	0.29033	0.04154	0.01341	0.01787	0.09693	0.03594	0.13628	0.04215	0.04895	0.00781	0.00598	0.00182	0.00598	0.03389	0.00407	0.00793
20	0.00831	0.00623	0.00935	0.00935	0.01038	0.00727	0.00727	0.01038	0.00935	0.01350	0.01558	0.02285	0.01454	0.04361	0.77259	0.00935	0.01558	0.00623	0.00312	0.00519
21	0.03336	0.00815	0.02796	0.03690	0.01169	0.00751	0.00696	0.06846	0.03184	0.10292	0.39846	0.06614	0.15466	0.01107	0.00652	0.00187	0.00373	0.00949	0.00592	0.00639
22	0.01440	0.08282	0.15099	0.03444	0.07535	0.01306	0.01195	0.02267	0.29042	0.09570	0.03648	0.02100	0.01514	0.00822	0.00681	0.05220	0.00579	0.04978	0.00457	0.00820
23	0.01290	0.09958	0.42925	0.01798	0.11364	0.01485	0.04530	0.05191	0.01273	0.01830	0.01104	0.04293	0.00902	0.00646	0.00694	0.00186	0.08929	0.00499	0.00281	0.00821
24	0.05687	0.01142	0.01313	0.01092	0.01475	0.01195	0.00876	0.08646	0.33230	0.32350	0.02169	0.01974	0.01513	0.00738	0.00570	0.00185	0.00481	0.00597	0.03840	0.00926
25	0.00808	0.00560	0.00634	0.00651	0.00680	0.00543	0.00388	0.00840	0.00940	0.01229	0.02516	0.13663	0.11546	0.59854	0.02392	0.00476	0.00501	0.00997	0.00400	0.00385
26	0.04273	0.01161	0.01886	0.46760	0.21434	0.01355	0.03289	0.01649	0.04712	0.01679	0.01091	0.01514	0.00856	0.00598	0.00654	0.00192	0.05361	0.00520	0.00286	0.00729
27	0.01779	0.01441	0.01547	0.07401	0.01834	0.05104	0.01031	0.38231	0.15150	0.02815	0.01502	0.03450	0.01151	0.00684	0.00560	0.00166	0.00596	0.00539	0.00504	0.14517
28	0.01483	0.63112	0.14668	0.01186	0.01746	0.02102	0.05515	0.01764	0.01200	0.01472	0.00867	0.01017	0.00753	0.00506	0.00420	0.00138	0.00681	0.00352	0.00251	0.00766
29	0.01284	0.22991	0.14012	0.01364	0.03492	0.01503	0.10065	0.03332	0.05630	0.01748	0.05806	0.05194	0.01408	0.00947	0.05205	0.00223	0.08286	0.02482	0.04302	0.00725
30	0.05361	0.09021	0.04803	0.04733	0.01508	0.11515	0.00913	0.03640	0.04129	0.16294	0.07858	0.04741	0.10349	0.02934	0.00690	0.00184	0.04504	0.00644	0.00458	0.05720
31	0.00715	0.00534	0.00655	0.00741	0.00820	0.00485	0.00506	0.00830	0.01178	0.01527	0.06987	0.53340	0.22365	0.05424	0.00832	0.00239	0.00334	0.01479	0.00535	0.00475
32	0.01503	0.03355	0.02061	0.15001	0.25013	0.09781	0.08661	0.09094	0.06651	0.01929	0.01205	0.03163	0.00988	0.00637	0.00681	0.00183	0.06660	0.00545	0.00339	0.02549
33	0.01307	0.01271	0.04820	0.04240	0.07804	0.04649	0.00961	0.04313	0.04000	0.01903	0.01120	0.02737	0.00940	0.00542	0.00566	0.00126	0.05261	0.00424	0.00346	0.52671
34	0.03324	0.18001	0.28508	0.03252	0.03656	0.01479	0.15757	0.03629	0.01314	0.07628	0.01210	0.01452	0.00922	0.00571	0.00537	0.00172	0.00745	0.01721	0.05320	0.00801
35	0.00889	0.00663	0.00866	0.00843	0.00875	0.00753	0.00587	0.00965	0.00891	0.01244	0.01687	0.07503	0.01838	0.41926	0.24216	0.02365	0.10331	0.00781	0.00338	0.00440
36	0.01227	0.01038	0.01564	0.15266	0.05390	0.01273	0.04400	0.01403	0.01061	0.05919	0.05644	0.01931	0.01299	0.10424	0.03117	0.06074	0.31440	0.00599	0.00322	0.00611
37	0.01105	0.01034	0.01712	0.73561	0.03849	0.01261	0.01560	0.01485	0.01165	0.01510	0.01034	0.01530	0.00780	0.00572	0.00572	0.00187	0.00755	0.00507	0.00264	0.05558
38	0.01150	0.00980	0.01489	0.07021	0.25825	0.01062	0.01138	0.04028	0.01189	0.01678	0.01614	0.09525	0.01613	0.11335	0.11325	0.00346	0.07994	0.06456	0.03568	0.00665
39	0.00822	0.00561	0.00662	0.00693	0.00715	0.00551	0.00428	0.00866	0.00953	0.01267	0.03958	0.17549	0.04422	0.57216	0.02324	0.00469	0.00508	0.05234	0.00408	0.00393
40	0.01098	0.01034	0.01744	0.78165	0.04005	0.01292	0.01615	0.01486	0.01163	0.01486	0.01034	0.01550	0.00775	0.00581	0.00581	0.00194	0.00775	0.00517	0.00258	0.00646
41	0.00871	0.00595	0.00762	0.00736	0.00875	0.00549	0.00551	0.01121	0.01545	0.04169	0.56691	0.11296	0.08836	0.01231	0.00675	0.00188	0.00294	0.02855	0.05611	0.00549
42	0.00739	0.00586	0.00665	0.00656	0.00820	0.00511	0.00488	0.00931	0.01433	0.01850	0.31822	0.09594	0.45067	0.01388	0.00690	0.00194	0.00290	0.01187	0.00577	0.00511
43	0.06368	0.05812	0.01508	0.13196	0.05395	0.01138	0.00966	0.07727	0.01325	0.04825	0.01078	0.01287	0.00859	0.00526	0.00530	0.00133	0.03577	0.00407	0.00355	0.42989
44	0.09424	0.00993	0.01296	0.01005	0.01441	0.00886	0.00829	0.02702	0.01607	0.68530	0.03729	0.01942	0.01457	0.00715	0.00568	0.00180	0.00486	0.00572	0.00688	0.00950
45	0.03781	0.26722	0.10524	0.09633	0.04720	0.05918	0.02752	0.11373	0.01471	0.09973	0.01238	0.04799	0.01006	0.00629	0.00508	0.00161	0.00665	0.00486	0.00369	0.03274
46	0.01334	0.15979	0.10989	0.01377	0.04551	0.01401	0.11007	0.08265	0.15148	0.02071	0.11335	0.08789	0.01901	0.00789	0.00580	0.00179	0.00595	0.00690	0.02250	0.00771
47	0.00835	0.00605	0.00845	0.00845	0.00918	0.00678	0.00615	0.00981	0.00908	0.01284	0.01639	0.02737	0.01650	0.26739	0.55149	0.00824	0.01262	0.00689	0.00324	0.00470
48	0.00709	0.00506	0.00675	0.00810	0.00843	0.00472	0.00540	0.00810	0.01113	0.01484	0.03205	0.79184	0.03846	0.01822	0.00742	0.00236	0.00337	0.01653	0.00540	0.00472
49	0.01660	0.06209	0.09190	0.06469	0.25785	0.02979	0.13666	0.10354	0.01528	0.13225	0.01370	0.01551	0.02143	0.00587	0.00583	0.00177	0.00722	0.00545	0.00384	0.00873
50	0.01577	0.04521	0.11036	0.03165	0.05949	0.16616	0.03132	0.06775	0.28030	0.02014	0.01481	0.01566	0.01149	0.00705	0.00718	0.00187	0.09625	0.00525	0.00407	0.00820
51	0.00842	0.00562	0.00635	0.00640	0.00641	0.00561	0.00358	0.00845	0.00854	0.01138	0.01874	0.06074	0.02166	0.77223	0.02893	0.00554	0.00557	0.00870	0.00358	0.00356
52	0.02552	0.01081	0.01406	0.01078	0.01530	0.00990	0.00891	0.13015	0.01817	0.65941	0.02166	0.01896	0.01375	0.00717	0.00584	0.00179	0.00516	0.00576	0.00700	0.00990
53	0.02188	0.01617	0.01732	0.01333	0.01795	0.01793	0.01100	0.71862	0.04906	0.03628	0.01425	0.01419	0.01013	0.00701	0.00582	0.00175	0.00634	0.00528	0.00582	0.00987
54	0.01635	0.69858	0.02865	0.01061	0.01532	0.12068	0.01012	0.01817	0.01242	0.01375	0.00820	0.00948	0.00747	0.00511	0.00393	0.00128	0.00678	0.00319	0.00255	0.00737
55	0.01098	0.01034	0.01744	0.78165	0.04005	0.01292	0.01615	0.01486	0.01163	0.01486	0.01034	0.01550	0.00775	0.00581	0.00581	0.00194	0.00775	0.00517	0.00258	0.00646
56	0.01774	0.01423	0.01893	0.21508	0.02474	0.01599	0.08654	0.40218	0.04750	0.04472	0.01308	0.01491	0.00952	0.00664	0.00651	0.00186	0.04121	0.00544	0.00457	0.00860
57	0.01251	0.01244	0.01777	0.10743	0.01825	0.01722	0.01313	0.01410	0.00923	0.01410	0.00796	0.01306	0.00765	0.00965	0.01749	0.00247	0.69152	0.00510	0.00255	0.00637
58	0.00939	0.00665	0.00933	0.01063	0.01194	0.00665	0.00927	0.01194	0.01325	0.01723	0.03029	0.06445	0.03291	0.01616	0.00838	0.02250	0.00535	0.70309	0.00529	0.00529
59	0.01266	0.01198	0.01999	0.20923	0.49603	0.01250	0.01583	0.01596	0.01278	0.01758	0.01567	0.04796	0.07344	0.00664	0.00593	0.00182	0.00664	0.00621	0.00312	0.00802
60	0.01413	0.24550	0.02149	0.32689	0.09914	0.03637	0.01335	0.01761	0.04548	0.05986	0.01087	0.01378	0.00864	0.00597	0.00606	0.00173	0.05814	0.00462	0.00302	0.00736

[dist]
# distance from previous block
# <min> <max>
0	3

[block]
# block no. 4 follows, 40 sequences, length 17
# corresponding to MSA columns:
# 1139-1155
name=unknown_E
#
# <colnr> <probs for GDERKNQSTAVLIFYWHMCP>
#	G	D	E	R	K	N	Q	S	T	A	V	L	I	F	Y	W	H	M	C	P
0	0.01691	0.48435	0.02436	0.01099	0.01546	0.06878	0.00998	0.17763	0.05955	0.01997	0.05334	0.01312	0.01133	0.00605	0.00460	0.00145	0.00624	0.00425	0.00368	0.00794
1	0.75723	0.01285	0.00932	0.00836	0.01190	0.08708	0.00678	0.01769	0.01054	0.02493	0.00818	0.00955	0.00641	0.00546	0.00376	0.00177	0.00508	0.00321	0.00354	0.00634
2	0.01853	0.06388	0.04592	0.01516	0.08002	0.14895	0.01162	0.27008	0.17629	0.04461	0.01431	0.01480	0.01085	0.00687	0.00636	0.00177	0.05153	0.00510	0.00462	0.00874
3	0.00982	0.00523	0.00785	0.00785	0.00801	0.00539	0.00539	0.00801	0.00785	0.01063	0.01095	0.01848	0.01079	0.02382	0.13863	0.70384	0.00668	0.00523	0.00262	0.00294
4	0.00948	0.00828	0.01248	0.22093	0.03882	0.00862	0.06505	0.01186	0.01242	0.03524	0.03341	0.16206	0.30718	0.01151	0.00706	0.00203	0.03340	0.01001	0.00432	0.00583
5	0.01386	0.01369	0.08408	0.02647	0.46547	0.01232	0.01562	0.05979	0.01413	0.04184	0.01579	0.02559	0.01457	0.00777	0.00624	0.00195	0.00662	0.16213	0.00369	0.00837
6	0.01322	0.01051	0.01215	0.00932	0.01386	0.00896	0.00738	0.03680	0.12929	0.06269	0.01451	0.05887	0.01214	0.00591	0.00487	0.00120	0.00439	0.00488	0.00423	0.58483
7	0.01206	0.01034	0.01206	0.00861	0.01378	0.00775	0.00689	0.01464	0.01206	0.01895	0.01034	0.01206	0.00861	0.00431	0.00431	0.00086	0.00431	0.00345	0.00345	0.83118
8	0.01206	0.01034	0.01206	0.00861	0.01378	0.00775	0.00689	0.01464	0.01206	0.01895	0.01034	0.01206	0.00861	0.00431	0.00431	0.00086	0.00431	0.00345	0.00345	0.83118
9	0.01637	0.15257	0.03447	0.02681	0.06091	0.04014	0.05138	0.23946	0.01731	0.04721	0.03338	0.03801	0.03077	0.00643	0.00526	0.00151	0.00603	0.00518	0.00420	0.18260
10	0.00831	0.00623	0.00935	0.00935	0.01038	0.00727	0.00727	0.01038	0.00935	0.01350	0.01558	0.02285	0.01454	0.04361	0.77259	0.00935	0.01558	0.00623	0.00312	0.00519
11	0.01301	0.01102	0.01238	0.00899	0.01406	0.03141	0.00718	0.03535	0.01274	0.03957	0.01074	0.01227	0.00877	0.00451	0.00442	0.00093	0.00457	0.00357	0.00360	0.76091
12	0.01223	0.00867	0.03427	0.00761	0.01104	0.00688	0.00622	0.01493	0.01238	0.06796	0.01569	0.04801	0.01282	0.00614	0.00447	0.00122	0.00378	0.00499	0.35406	0.36662
13	0.00689	0.00582	0.00597	0.00609	0.00791	0.00489	0.00451	0.00832	0.01306	0.01563	0.05650	0.12204	0.69247	0.01504	0.00692	0.00200	0.00298	0.01266	0.00540	0.00489
14	0.04145	0.01710	0.21276	0.04452	0.04312	0.01337	0.13512	0.16719	0.05703	0.02210	0.02869	0.03445	0.01234	0.07302	0.00824	0.00220	0.02770	0.02153	0.03023	0.00783
15	0.01595	0.01342	0.01365	0.01197	0.01542	0.05126	0.00938	0.11210	0.58579	0.05189	0.02263	0.02099	0.03356	0.00783	0.00589	0.00192	0.00507	0.00639	0.00580	0.00909
16	0.08921	0.01269	0.01392	0.01197	0.05752	0.05289	0.00902	0.15026	0.10483	0.18183	0.01523	0.01523	0.01108	0.00612	0.00517	0.00153	0.00532	0.00479	0.02206	0.22932

[dist]
# distance from previous block
# <min> <max>
1	2

[block]
# block no. 5 follows, 40 sequences, length 16
# corresponding to MSA columns:
# 1158-1173
name=unknown_F
#
# <colnr> <probs for GDERKNQSTAVLIFYWHMCP>
#	G	D	E	R	K	N	Q	S	T	A	V	L	I	F	Y	W	H	M	C	P
0	0.01872	0.01554	0.04281	0.01174	0.01536	0.14327	0.00964	0.31789	0.06812	0.08509	0.01536	0.01642	0.01153	0.02343	0.03091	0.00198	0.00657	0.00521	0.15222	0.00818
1	0.01697	0.01269	0.01638	0.06378	0.17079	0.01338	0.01157	0.19259	0.17506	0.11725	0.03200	0.01886	0.01353	0.00703	0.00602	0.00179	0.01830	0.03159	0.00496	0.07546
2	0.01427	0.14267	0.01723	0.01307	0.01492	0.18520	0.01100	0.01608	0.01233	0.01495	0.01446	0.02639	0.01477	0.01003	0.01039	0.00213	0.26674	0.20360	0.00342	0.00635
3	0.02061	0.02502	0.01607	0.05138	0.01855	0.64625	0.01114	0.05958	0.03860	0.01599	0.01011	0.01165	0.00820	0.00612	0.00528	0.00154	0.00969	0.00404	0.03326	0.00692
4	0.00721	0.00523	0.00684	0.00809	0.00861	0.00486	0.00557	0.00836	0.01144	0.01507	0.03408	0.68927	0.09452	0.01781	0.00742	0.00235	0.00346	0.05965	0.00540	0.00478
5	0.08491	0.47956	0.08675	0.04077	0.01685	0.05339	0.03961	0.01711	0.01184	0.01568	0.00914	0.01110	0.00792	0.00747	0.05129	0.00188	0.00714	0.00368	0.00271	0.05120
6	0.01565	0.30915	0.20995	0.01374	0.01939	0.01709	0.09653	0.12386	0.01461	0.06469	0.01143	0.01364	0.00904	0.00631	0.00573	0.03061	0.00711	0.02003	0.00337	0.00807
7	0.00843	0.00574	0.00688	0.00688	0.00706	0.00593	0.00419	0.00880	0.00861	0.01167	0.01783	0.03535	0.01997	0.66192	0.16170	0.00630	0.00740	0.00806	0.00345	0.00382
8	0.00705	0.00590	0.00613	0.00607	0.00796	0.00498	0.00455	0.00868	0.01366	0.01668	0.14773	0.05437	0.66757	0.01437	0.00687	0.00195	0.00292	0.01205	0.00553	0.00498
9	0.01771	0.15098	0.04287	0.01353	0.05583	0.17779	0.04570	0.23431	0.01771	0.02280	0.01241	0.01387	0.00970	0.00614	0.00506	0.00155	0.00684	0.00463	0.15276	0.00781
10	0.00930	0.00664	0.00927	0.01049	0.01183	0.00661	0.00912	0.01198	0.01359	0.01779	0.07839	0.06414	0.03487	0.01579	0.00796	0.00262	0.00518	0.67365	0.00542	0.00536
11	0.01598	0.36089	0.12096	0.01505	0.09444	0.11579	0.03788	0.06770	0.08722	0.01768	0.01087	0.01215	0.00887	0.00562	0.00483	0.00154	0.00712	0.00418	0.00317	0.00805
12	0.01445	0.01275	0.06331	0.01202	0.04509	0.05612	0.05394	0.05219	0.04441	0.10993	0.03211	0.08890	0.01390	0.02991	0.00608	0.00157	0.00552	0.00586	0.00423	0.34772
13	0.30969	0.07971	0.06261	0.02376	0.05012	0.11233	0.02526	0.10837	0.06322	0.06769	0.01124	0.01232	0.00857	0.00609	0.00530	0.00175	0.03622	0.00422	0.00390	0.00762
14	0.01462	0.01305	0.03393	0.01941	0.26208	0.06853	0.03968	0.10063	0.07972	0.06147	0.15411	0.04500	0.03553	0.03802	0.00698	0.00194	0.00595	0.00689	0.00452	0.00794
15	0.70295	0.06003	0.01023	0.00812	0.01166	0.04982	0.00672	0.01708	0.01068	0.02461	0.04804	0.01130	0.00902	0.00575	0.00386	0.00175	0.00480	0.00357	0.00365	0.00635

[dist]
# distance from previous block
# <min> <max>
1	4

[block]
# block no. 6 follows, 40 sequences, length 15
# corresponding to MSA columns:
# 1180-1194
name=unknown_G
#
# <colnr> <probs for GDERKNQSTAVLIFYWHMCP>
#	G	D	E	R	K	N	Q	S	T	A	V	L	I	F	Y	W	H	M	C	P
0	0.83671	0.01125	0.00855	0.00765	0.01125	0.01305	0.00630	0.01709	0.00990	0.02609	0.00810	0.00945	0.00630	0.00540	0.00360	0.00180	0.00450	0.00315	0.00360	0.00630
1	0.01515	0.03074	0.09384	0.06170	0.08062	0.05462	0.15526	0.06531	0.08272	0.12019	0.10365	0.02196	0.01712	0.03204	0.00690	0.00198	0.00677	0.03712	0.00442	0.00789
2	0.00807	0.00594	0.00755	0.00715	0.00859	0.00542	0.00536	0.01067	0.01609	0.02243	0.67483	0.04490	0.13688	0.01222	0.00686	0.00184	0.00277	0.01072	0.00628	0.00542
3	0.00854	0.00642	0.00935	0.01068	0.05440	0.00678	0.00760	0.01042	0.01077	0.01481	0.02273	0.24089	0.02454	0.06424	0.34299	0.00559	0.00939	0.14047	0.00416	0.00525
4	0.01828	0.10919	0.01809	0.01515	0.09152	0.23049	0.01108	0.18512	0.19521	0.02230	0.01380	0.01429	0.01072	0.00642	0.00538	0.00164	0.00708	0.00483	0.00428	0.03510
5	0.00765	0.00589	0.00861	0.00921	0.00986	0.00574	0.04325	0.00893	0.01111	0.01494	0.02945	0.68923	0.03480	0.01865	0.04816	0.00272	0.02662	0.01517	0.00507	0.00495
6	0.01458	0.07344	0.10923	0.05728	0.10232	0.04400	0.01151	0.12178	0.10147	0.05302	0.01565	0.07245	0.02554	0.04742	0.00674	0.00187	0.00607	0.00592	0.00409	0.12561
7	0.06325	0.15950	0.20248	0.05224	0.02320	0.11633	0.22306	0.01844	0.01281	0.01712	0.00991	0.01250	0.00779	0.00558	0.00623	0.00177	0.05272	0.00477	0.00275	0.00757
8	0.00815	0.00554	0.00640	0.00665	0.00678	0.00545	0.00390	0.00839	0.00911	0.01208	0.02224	0.17566	0.05014	0.62692	0.02477	0.00491	0.00513	0.01006	0.00393	0.00379
9	0.00906	0.00607	0.00761	0.00731	0.00864	0.00570	0.00534	0.01160	0.03015	0.04838	0.49159	0.11473	0.07532	0.08284	0.00871	0.00220	0.00319	0.01038	0.06573	0.00545
10	0.01642	0.07179	0.04162	0.09073	0.18798	0.07507	0.22942	0.01918	0.01391	0.04921	0.01252	0.01654	0.01031	0.00727	0.00872	0.00222	0.12887	0.00598	0.00359	0.00866
11	0.01397	0.01326	0.04260	0.34314	0.09447	0.04246	0.08872	0.01687	0.02929	0.03436	0.01371	0.02011	0.01174	0.08536	0.05552	0.00307	0.07387	0.00624	0.00359	0.00762
12	0.01024	0.00704	0.00805	0.00805	0.00836	0.00687	0.00489	0.01003	0.00991	0.01350	0.02036	0.08038	0.02275	0.65142	0.10685	0.00606	0.00715	0.00914	0.00419	0.00477
13	0.22616	0.05625	0.01466	0.07263	0.01669	0.05203	0.04089	0.06571	0.04694	0.02093	0.01399	0.01834	0.01204	0.02005	0.26865	0.00470	0.03236	0.00553	0.00406	0.00739
14	0.06796	0.01579	0.10844	0.14778	0.14768	0.03766	0.06831	0.12938	0.03527	0.02275	0.03273	0.02189	0.09419	0.00813	0.00652	0.00214	0.00719	0.00652	0.03107	0.00858

[dist]
# distance from previous block
# <min> <max>
0	168

# created by:
# /home/cegg/simao/soft/augustus-3.2.1/scripts/msa2prfl.pl ./align_prep/EOG091G0K1H.fa
