[name]
unknown

[dist]
# distance from previous block
# <min> <max>
0	63

[block]
# block no. 0 follows, 54 sequences, length 22
# corresponding to MSA columns:
# 69-90
name=unknown_A
#
# <colnr> <probs for GDERKNQSTAVLIFYWHMCP>
#	G	D	E	R	K	N	Q	S	T	A	V	L	I	F	Y	W	H	M	C	P
0	0.03422	0.03217	0.01141	0.01065	0.08014	0.04755	0.00790	0.12141	0.14659	0.20903	0.02576	0.05848	0.03184	0.00736	0.00498	0.00157	0.00442	0.13301	0.00444	0.02707
1	0.04377	0.03137	0.00998	0.00805	0.01060	0.00897	0.00638	0.23942	0.07041	0.07005	0.05842	0.08576	0.07960	0.05184	0.05415	0.01879	0.00448	0.02354	0.01678	0.10764
2	0.00752	0.00558	0.00662	0.00667	0.00767	0.00560	0.00478	0.04672	0.10109	0.01495	0.18388	0.28730	0.08934	0.14895	0.00867	0.00218	0.00321	0.04511	0.01972	0.00446
3	0.08629	0.02391	0.01090	0.00910	0.01077	0.06715	0.02812	0.11570	0.01043	0.03825	0.01315	0.01551	0.10170	0.00996	0.04502	0.16192	0.19880	0.00462	0.00297	0.04575
4	0.01095	0.01046	0.01748	0.21761	0.56024	0.01120	0.01375	0.01404	0.03215	0.01453	0.00891	0.01199	0.00732	0.00458	0.00520	0.00148	0.04474	0.00423	0.00233	0.00682
5	0.16699	0.00652	0.00850	0.00750	0.00924	0.00652	0.09720	0.01024	0.02416	0.03207	0.06677	0.15128	0.15491	0.09978	0.03156	0.03694	0.00398	0.00714	0.07423	0.00447
6	0.00690	0.00498	0.00623	0.00648	0.00745	0.00474	0.01749	0.00887	0.05539	0.02806	0.12325	0.38012	0.16860	0.05391	0.00654	0.00186	0.00292	0.04911	0.06283	0.00427
7	0.00846	0.00745	0.00740	0.00720	0.00842	0.10149	0.00528	0.01141	0.10944	0.01538	0.32315	0.16078	0.06493	0.10627	0.00758	0.00193	0.00361	0.04084	0.00433	0.00463
8	0.16019	0.00709	0.00828	0.00914	0.10253	0.00745	0.00592	0.03359	0.10426	0.03046	0.06212	0.10666	0.09069	0.12610	0.02695	0.05327	0.00393	0.00623	0.05016	0.00496
9	0.00790	0.00511	0.00615	0.00603	0.00722	0.00474	0.00438	0.02007	0.02508	0.08275	0.21287	0.20077	0.20187	0.11419	0.00777	0.00198	0.00294	0.02840	0.05538	0.00442
10	0.71670	0.00923	0.00783	0.00674	0.00979	0.01038	0.00555	0.06100	0.00951	0.11503	0.00828	0.00887	0.00606	0.00463	0.00324	0.00146	0.00378	0.00291	0.00337	0.00563
11	0.00634	0.00450	0.00549	0.00588	0.00634	0.00427	0.00390	0.00716	0.00911	0.01213	0.13445	0.31744	0.10582	0.30803	0.01239	0.00279	0.00336	0.04305	0.00395	0.00361
12	0.00681	0.00464	0.00565	0.00597	0.00679	0.00424	0.00413	0.00780	0.00975	0.05437	0.09722	0.37735	0.22069	0.14697	0.00875	0.00221	0.00300	0.02539	0.00428	0.00399
13	0.06725	0.01088	0.01207	0.00947	0.01288	0.01153	0.00774	0.47385	0.03381	0.21447	0.01493	0.03852	0.04191	0.02239	0.00507	0.00152	0.00459	0.00484	0.00482	0.00745
14	0.00591	0.00428	0.00540	0.00622	0.00666	0.00398	0.00418	0.00671	0.00904	0.01184	0.02745	0.61343	0.12894	0.11158	0.00811	0.00220	0.00295	0.03317	0.00420	0.00375
15	0.01033	0.00580	0.00742	0.00691	0.00830	0.00560	0.00506	0.04291	0.02586	0.19660	0.09227	0.22656	0.05652	0.17986	0.10527	0.00294	0.00463	0.00795	0.00428	0.00495
16	0.01032	0.01032	0.01444	0.01238	0.01238	0.01444	0.01032	0.01135	0.00722	0.01135	0.00619	0.01032	0.00619	0.00825	0.01547	0.00206	0.82567	0.00413	0.00206	0.00516
17	0.01818	0.00908	0.01284	0.00980	0.01335	0.00855	0.09956	0.13364	0.03407	0.51093	0.01619	0.01513	0.01070	0.00557	0.00471	0.00144	0.00449	0.00475	0.07952	0.00750
18	0.11202	0.00857	0.01147	0.01062	0.10578	0.00796	0.00764	0.02103	0.03250	0.60828	0.01615	0.01465	0.01053	0.00550	0.00454	0.00146	0.00415	0.00445	0.00508	0.00763
19	0.00668	0.00481	0.00645	0.00652	0.00703	0.00521	0.00459	0.00767	0.00750	0.01040	0.01541	0.07229	0.04086	0.33187	0.44522	0.00592	0.00870	0.00638	0.00282	0.00367
20	0.01646	0.01221	0.01304	0.01013	0.01364	0.01336	0.00832	0.69634	0.02081	0.02770	0.01564	0.01536	0.10233	0.00641	0.00482	0.00144	0.00486	0.00492	0.00468	0.00754
21	0.01945	0.00814	0.01072	0.00843	0.01186	0.00740	0.00689	0.02265	0.10636	0.68266	0.05041	0.01701	0.01332	0.00606	0.00478	0.00148	0.00391	0.00496	0.00569	0.00781

[dist]
# distance from previous block
# <min> <max>
0	3

[block]
# block no. 1 follows, 54 sequences, length 49
# corresponding to MSA columns:
# 94-142
name=unknown_B
#
# <colnr> <probs for GDERKNQSTAVLIFYWHMCP>
#	G	D	E	R	K	N	Q	S	T	A	V	L	I	F	Y	W	H	M	C	P
0	0.01757	0.00748	0.00986	0.00787	0.01093	0.00668	0.00636	0.02004	0.05937	0.59896	0.11544	0.02048	0.05786	0.03205	0.00548	0.00157	0.00371	0.00558	0.00553	0.00718
1	0.01128	0.01257	0.02651	0.01909	0.02351	0.01218	0.71182	0.03858	0.01121	0.01530	0.00937	0.01251	0.00712	0.00431	0.00620	0.00162	0.06262	0.00543	0.00243	0.00633
2	0.00989	0.03473	0.01334	0.01118	0.01141	0.01301	0.00924	0.01098	0.00742	0.01149	0.00752	0.01218	0.00740	0.05145	0.07187	0.00250	0.66369	0.00429	0.04146	0.00497
3	0.00910	0.00860	0.01441	0.75257	0.07094	0.01066	0.01306	0.01214	0.00941	0.01219	0.00832	0.01244	0.00634	0.00482	0.00511	0.00158	0.03667	0.00419	0.00211	0.00535
4	0.01652	0.01151	0.01262	0.01011	0.01353	0.01261	0.00821	0.44460	0.25546	0.14155	0.01478	0.01392	0.01049	0.00591	0.00474	0.00148	0.00457	0.00465	0.00491	0.00785
5	0.00692	0.00533	0.00794	0.00783	0.00863	0.00634	0.00613	0.00857	0.00756	0.01097	0.01229	0.01809	0.01149	0.03394	0.77358	0.00729	0.05533	0.00500	0.00250	0.00426
6	0.00656	0.00450	0.00611	0.00704	0.00759	0.00431	0.00510	0.00771	0.00947	0.03422	0.03604	0.61967	0.02922	0.01508	0.04315	0.00220	0.00351	0.15012	0.00434	0.00406
7	0.00918	0.00866	0.01464	0.74458	0.10872	0.01055	0.01323	0.01229	0.00956	0.01238	0.00843	0.01248	0.00640	0.00466	0.00471	0.00155	0.00622	0.00419	0.00212	0.00546
8	0.00575	0.00434	0.00533	0.00610	0.00678	0.00392	0.00423	0.00671	0.00958	0.01230	0.03234	0.57958	0.25707	0.01389	0.00590	0.00183	0.00268	0.03341	0.00438	0.00389
9	0.01235	0.01066	0.01077	0.00952	0.01217	0.05248	0.00742	0.13598	0.56414	0.02006	0.01924	0.05494	0.05551	0.00689	0.00485	0.00157	0.00407	0.00567	0.00462	0.00709
10	0.03036	0.03841	0.73911	0.01322	0.01990	0.01120	0.03139	0.03649	0.01026	0.01543	0.00848	0.00995	0.00603	0.00449	0.00444	0.00148	0.00682	0.00350	0.00210	0.00692
11	0.01067	0.01282	0.10112	0.02041	0.21422	0.01101	0.46010	0.01426	0.01075	0.01492	0.01057	0.07688	0.00901	0.00493	0.00527	0.00156	0.00686	0.00564	0.00249	0.00649
12	0.07674	0.07697	0.59389	0.01351	0.07747	0.01159	0.01514	0.03769	0.02740	0.01573	0.00853	0.00995	0.00627	0.00450	0.00429	0.00145	0.00635	0.00346	0.00223	0.00684
13	0.03132	0.06633	0.00789	0.00640	0.00716	0.06362	0.00432	0.04820	0.00832	0.01087	0.01281	0.02444	0.01400	0.56959	0.05162	0.04577	0.01511	0.00579	0.00280	0.00364
14	0.01116	0.08530	0.17808	0.01001	0.01352	0.02729	0.00941	0.05858	0.40746	0.01799	0.09199	0.01657	0.02428	0.00615	0.00485	0.00151	0.02017	0.00495	0.00390	0.00684
15	0.05834	0.01058	0.01163	0.04590	0.02750	0.04805	0.02224	0.28070	0.17596	0.05180	0.01437	0.02658	0.04734	0.04931	0.02823	0.03377	0.02895	0.00486	0.00397	0.02993
16	0.00584	0.00418	0.00556	0.00650	0.00686	0.00389	0.00438	0.00681	0.00948	0.01275	0.10647	0.74870	0.03256	0.01424	0.00597	0.00187	0.00268	0.01290	0.00446	0.00389
17	0.00978	0.00838	0.00978	0.00698	0.01117	0.00629	0.00559	0.01187	0.00978	0.01536	0.00838	0.00978	0.00698	0.00349	0.00349	0.00070	0.00349	0.00279	0.00279	0.86312
18	0.01605	0.00518	0.00621	0.02763	0.00805	0.00485	0.00474	0.03080	0.02262	0.05215	0.09131	0.32382	0.32565	0.01250	0.02335	0.00183	0.00307	0.03138	0.00441	0.00439
19	0.01274	0.81526	0.02440	0.00818	0.01217	0.04005	0.00810	0.01425	0.00968	0.01111	0.00657	0.00759	0.00605	0.00406	0.00306	0.00101	0.00514	0.00254	0.00203	0.00604
20	0.00564	0.00478	0.00487	0.00484	0.00641	0.00401	0.00363	0.00689	0.01090	0.01310	0.09191	0.04478	0.75860	0.01181	0.00557	0.00159	0.00238	0.00987	0.00443	0.00401
21	0.00723	0.00552	0.00653	0.00640	0.00769	0.00538	0.00479	0.04832	0.07030	0.01582	0.27037	0.17794	0.23356	0.03578	0.04320	0.00198	0.00324	0.03745	0.01395	0.00456
22	0.00671	0.00477	0.00573	0.00597	0.00698	0.00435	0.00423	0.00818	0.02986	0.04702	0.15936	0.35378	0.26900	0.06336	0.00684	0.00188	0.00274	0.01056	0.00449	0.00418
23	0.01113	0.01272	0.02782	0.01987	0.02464	0.01192	0.78776	0.01510	0.01113	0.01510	0.00954	0.01272	0.00715	0.00397	0.00556	0.00159	0.00795	0.00556	0.00238	0.00636
24	0.17725	0.00848	0.00882	0.00775	0.01030	0.00928	0.00613	0.03862	0.33757	0.13885	0.05729	0.01622	0.01325	0.00593	0.00422	0.00146	0.00346	0.00470	0.14398	0.00645
25	0.00589	0.00452	0.00531	0.00566	0.00659	0.00403	0.00399	0.00705	0.01033	0.01331	0.16300	0.33770	0.34746	0.05479	0.00668	0.00185	0.00260	0.01085	0.00443	0.00394
26	0.00676	0.00467	0.00588	0.00608	0.00699	0.00427	0.00434	0.00812	0.01080	0.04593	0.28287	0.33052	0.16268	0.07019	0.00703	0.00190	0.00273	0.02949	0.00459	0.00417
27	0.10750	0.01145	0.01246	0.00967	0.01326	0.01230	0.00798	0.52478	0.01853	0.19466	0.01248	0.01210	0.00859	0.00556	0.00450	0.00142	0.00470	0.00418	0.02624	0.00762
28	0.00622	0.00435	0.00555	0.00625	0.00654	0.00417	0.00413	0.00696	0.00874	0.01169	0.06380	0.51254	0.02761	0.25024	0.01120	0.00267	0.00333	0.05641	0.00398	0.00361
29	0.00885	0.00532	0.00656	0.00628	0.00735	0.00501	0.00439	0.03845	0.01044	0.12501	0.16580	0.23141	0.09355	0.25718	0.01105	0.00252	0.00343	0.00869	0.00429	0.00441
30	0.00709	0.00494	0.00614	0.00613	0.00731	0.00453	0.00453	0.00894	0.02864	0.05774	0.34025	0.23246	0.21641	0.01174	0.02074	0.00175	0.00276	0.02872	0.00475	0.00444
31	0.05091	0.00841	0.00923	0.00812	0.01060	0.00900	0.00637	0.05970	0.38570	0.12562	0.14131	0.02313	0.12699	0.00745	0.00492	0.00155	0.00343	0.00619	0.00485	0.00652
32	0.00739	0.00486	0.00574	0.00613	0.00727	0.00465	0.00492	0.00923	0.01046	0.01489	0.06590	0.05899	0.19938	0.04078	0.00588	0.00175	0.00309	0.27231	0.27218	0.00421
33	0.00698	0.00489	0.00711	0.00709	0.00783	0.00551	0.00537	0.00822	0.00775	0.01119	0.04857	0.01946	0.01320	0.07325	0.61994	0.09712	0.01041	0.00518	0.03702	0.00393
34	0.69339	0.01092	0.00833	0.00729	0.01024	0.09466	0.00591	0.09270	0.01001	0.02102	0.00712	0.00812	0.00550	0.00456	0.00324	0.00143	0.00431	0.00277	0.00305	0.00544
35	0.00638	0.00505	0.00577	0.00558	0.00698	0.00458	0.00419	0.00863	0.05172	0.01580	0.37916	0.06240	0.40525	0.01073	0.00554	0.00155	0.00239	0.00919	0.00476	0.00436
36	0.00679	0.00497	0.00615	0.00641	0.00748	0.00469	0.00482	0.00894	0.04878	0.02403	0.26819	0.25664	0.18546	0.01164	0.00571	0.00171	0.00277	0.11211	0.02834	0.00436
37	0.01010	0.01010	0.02886	0.11956	0.03710	0.08597	0.09510	0.01243	0.03332	0.01293	0.01058	0.05158	0.00962	0.03177	0.08975	0.00234	0.24385	0.02108	0.08876	0.00519
38	0.00654	0.00522	0.00600	0.00605	0.02221	0.00474	0.00438	0.02862	0.03316	0.01527	0.27681	0.11409	0.43776	0.01103	0.00555	0.00158	0.00254	0.00945	0.00461	0.00438
39	0.01780	0.00785	0.01065	0.00909	0.05108	0.00707	0.00695	0.05874	0.01377	0.58107	0.16451	0.01918	0.01742	0.00646	0.00489	0.00146	0.00382	0.00540	0.00548	0.00733
40	0.82489	0.00932	0.00729	0.00643	0.00940	0.01078	0.00530	0.05283	0.00874	0.02159	0.00680	0.00784	0.00525	0.00444	0.00301	0.00146	0.00372	0.00264	0.00301	0.00525
41	0.01217	0.39022	0.26486	0.01188	0.05112	0.07937	0.06205	0.05328	0.01078	0.01369	0.00773	0.00908	0.00626	0.00432	0.00389	0.00125	0.00613	0.00322	0.00221	0.00647
42	0.00683	0.00451	0.00522	0.00531	0.00533	0.00449	0.00304	0.00680	0.00700	0.00933	0.01542	0.09470	0.01783	0.72696	0.02227	0.04750	0.00440	0.00725	0.00294	0.00289
43	0.01095	0.01039	0.01763	0.17420	0.62222	0.01078	0.01387	0.01379	0.01050	0.01472	0.00960	0.01394	0.00825	0.00474	0.00477	0.00147	0.00566	0.04323	0.00239	0.00690
44	0.01037	0.22629	0.54346	0.01165	0.01743	0.01266	0.01411	0.04305	0.01027	0.01437	0.00897	0.05069	0.00734	0.00493	0.00420	0.00139	0.00621	0.00377	0.00222	0.00662
45	0.00606	0.00496	0.00560	0.02788	0.00767	0.00441	0.00455	0.00753	0.01088	0.01338	0.09984	0.06557	0.58345	0.01181	0.00571	0.00168	0.00279	0.12774	0.00437	0.00410
46	0.01051	0.18186	0.01675	0.38804	0.13839	0.03605	0.01142	0.01293	0.00956	0.01247	0.00797	0.01108	0.00654	0.00485	0.00539	0.00143	0.09036	0.00377	0.02098	0.02965
47	0.02089	0.00844	0.01120	0.00859	0.01225	0.00755	0.00709	0.08512	0.01420	0.74501	0.01801	0.01566	0.01138	0.00582	0.00474	0.00146	0.00411	0.00470	0.00575	0.00802
48	0.05789	0.00984	0.01071	0.00907	0.01199	0.02734	0.00721	0.13038	0.38522	0.20093	0.08367	0.01716	0.01478	0.00631	0.00473	0.00152	0.00397	0.00513	0.00491	0.00725

[dist]
# distance from previous block
# <min> <max>
0	1

[block]
# block no. 2 follows, 54 sequences, length 28
# corresponding to MSA columns:
# 144-146,157-181
name=unknown_C
#
# <colnr> <probs for GDERKNQSTAVLIFYWHMCP>
#	G	D	E	R	K	N	Q	S	T	A	V	L	I	F	Y	W	H	M	C	P
0	0.02717	0.29117	0.41708	0.01304	0.06541	0.01360	0.08255	0.01463	0.00995	0.01382	0.00792	0.00947	0.00618	0.00427	0.00408	0.00134	0.00627	0.00338	0.00207	0.00661
1	0.00591	0.00426	0.00564	0.00669	0.00710	0.00399	0.00465	0.00688	0.00928	0.01227	0.02687	0.72162	0.06560	0.01448	0.00605	0.00192	0.00287	0.08567	0.00437	0.00389
2	0.04994	0.01791	0.37979	0.02838	0.15365	0.05977	0.17248	0.01544	0.01062	0.05474	0.00910	0.01096	0.00672	0.00442	0.00467	0.00148	0.00672	0.00403	0.00239	0.00678
3	0.02942	0.06964	0.03182	0.01311	0.10162	0.42097	0.02327	0.12083	0.01349	0.05728	0.00974	0.05960	0.00831	0.00550	0.00455	0.00133	0.01629	0.00408	0.00299	0.00615
4	0.01071	0.01008	0.01660	0.13573	0.57306	0.01039	0.01295	0.01390	0.04598	0.01491	0.01245	0.01622	0.05688	0.00529	0.00483	0.00148	0.00535	0.04375	0.00264	0.00679
5	0.01446	0.01198	0.01269	0.01138	0.06139	0.04908	0.00856	0.32834	0.40518	0.02307	0.01489	0.01433	0.01106	0.00590	0.00473	0.00150	0.00464	0.00473	0.00451	0.00759
6	0.00764	0.00435	0.00583	0.00589	0.00595	0.00435	0.00380	0.00662	0.00668	0.00888	0.01170	0.02288	0.01271	0.33493	0.01995	0.48164	0.00429	0.04693	0.00249	0.00249
7	0.01104	0.41122	0.40742	0.01143	0.04452	0.01463	0.01286	0.01453	0.00980	0.01312	0.00757	0.00888	0.00606	0.00426	0.00379	0.00126	0.00600	0.00305	0.00202	0.00655
8	0.01298	0.01160	0.01116	0.00995	0.01263	0.10655	0.00780	0.09889	0.57120	0.03339	0.01731	0.01779	0.01342	0.00649	0.00482	0.00156	0.00448	0.04635	0.00450	0.00712
9	0.00743	0.00541	0.00805	0.00784	0.00889	0.00510	0.07454	0.00905	0.02704	0.05341	0.11342	0.48930	0.04378	0.06688	0.00705	0.00199	0.00344	0.05872	0.00427	0.00439
10	0.25841	0.00990	0.01127	0.35231	0.01997	0.07319	0.00932	0.09565	0.01084	0.02795	0.00944	0.01337	0.00763	0.00527	0.00423	0.00152	0.00531	0.05030	0.02865	0.00547
11	0.01763	0.02208	0.01339	0.01209	0.01458	0.78156	0.00910	0.05135	0.01373	0.01231	0.00746	0.00862	0.00616	0.00489	0.00427	0.00122	0.00836	0.00309	0.00253	0.00557
12	0.00808	0.00700	0.00986	0.29636	0.01664	0.01850	0.00819	0.00996	0.00933	0.01267	0.03909	0.15314	0.13225	0.03639	0.00729	0.00176	0.13392	0.00677	0.08818	0.00462
13	0.01099	0.00916	0.01192	0.00867	0.01280	0.00761	0.08338	0.06040	0.04404	0.05174	0.00959	0.01077	0.00759	0.00390	0.00388	0.00090	0.00407	0.00335	0.00309	0.65216
14	0.01811	0.01368	0.01386	0.01080	0.01444	0.08545	0.00884	0.66897	0.02080	0.08047	0.01145	0.01139	0.00809	0.00560	0.00468	0.00140	0.00540	0.00417	0.00459	0.00779
15	0.00685	0.00459	0.00524	0.00524	0.00528	0.00462	0.00298	0.00692	0.00689	0.00922	0.01477	0.03035	0.01692	0.80186	0.05614	0.00469	0.00490	0.00678	0.00284	0.00291
16	0.00707	0.00552	0.00874	0.00822	0.00930	0.00621	0.05642	0.00887	0.00784	0.01132	0.01256	0.01851	0.01166	0.05729	0.71897	0.00694	0.01182	0.00512	0.02330	0.00431
17	0.00992	0.00781	0.00864	0.00789	0.00991	0.00842	0.00614	0.10253	0.32252	0.01901	0.18723	0.07771	0.10719	0.00842	0.00511	0.00157	0.00331	0.04527	0.05547	0.00594
18	0.00686	0.00457	0.00514	0.00514	0.00514	0.00457	0.00286	0.00686	0.00686	0.00914	0.01486	0.03086	0.01714	0.83430	0.02400	0.00457	0.00457	0.00686	0.00286	0.00286
19	0.01559	0.01788	0.01253	0.01126	0.01353	0.52953	0.00866	0.07688	0.10728	0.01427	0.01003	0.01217	0.00836	0.00571	0.00522	0.00137	0.06657	0.03481	0.04257	0.00578
20	0.08663	0.01011	0.01376	0.05310	0.01311	0.01390	0.00999	0.01161	0.00740	0.01226	0.00633	0.01019	0.00610	0.00773	0.01381	0.00198	0.71070	0.00399	0.00214	0.00516
21	0.00961	0.00888	0.01459	0.71086	0.10039	0.01075	0.01301	0.05183	0.01019	0.01325	0.00857	0.01243	0.00648	0.00472	0.00471	0.00155	0.00617	0.00419	0.00225	0.00558
22	0.79186	0.01031	0.00750	0.00673	0.00960	0.08229	0.00546	0.01430	0.00850	0.02030	0.00663	0.00773	0.00519	0.00442	0.00304	0.00144	0.00408	0.00260	0.00287	0.00514
23	0.00990	0.00940	0.01609	0.37303	0.30633	0.01045	0.06006	0.01277	0.00991	0.01347	0.00968	0.01473	0.00820	0.00663	0.04652	0.00187	0.03567	0.04694	0.00234	0.00600
24	0.06514	0.00775	0.01023	0.05014	0.04517	0.00739	0.03072	0.06549	0.02763	0.27232	0.20920	0.02029	0.04657	0.02035	0.00506	0.00145	0.00379	0.00554	0.02315	0.08262
25	0.00599	0.00428	0.00560	0.00645	0.00686	0.00402	0.00440	0.00695	0.00940	0.01256	0.09507	0.64110	0.05708	0.07201	0.00726	0.00207	0.00288	0.04785	0.00434	0.00385
26	0.01247	0.00978	0.01007	0.08090	0.01204	0.11172	0.00676	0.19895	0.01224	0.08674	0.01244	0.01919	0.01151	0.32141	0.04672	0.00289	0.03037	0.00515	0.00341	0.00524
27	0.01163	0.01137	0.03084	0.13905	0.01678	0.13354	0.11196	0.09025	0.01155	0.03038	0.01951	0.01250	0.00822	0.02129	0.08112	0.00188	0.00637	0.00403	0.03763	0.22008

[dist]
# distance from previous block
# <min> <max>
0	33

# created by:
# /home/cegg/simao/soft/augustus-3.2.1/scripts/msa2prfl.pl ./align_prep/EOG091G0Y35.fa
