[name]
unknown

[dist]
# distance from previous block
# <min> <max>
0	137

[block]
# block no. 0 follows, 44 sequences, length 6
# corresponding to MSA columns:
# 180-185
name=unknown_A
#
# <colnr> <probs for GDERKNQSTAVLIFYWHMCP>
#	G	D	E	R	K	N	Q	S	T	A	V	L	I	F	Y	W	H	M	C	P
0	0.10742	0.07613	0.03297	0.00878	0.01215	0.00975	0.00740	0.08663	0.04056	0.12610	0.23184	0.02296	0.02237	0.00749	0.00518	0.00153	0.00422	0.03763	0.00480	0.15408
1	0.05296	0.07739	0.01610	0.08692	0.18675	0.01172	0.01054	0.11916	0.01438	0.16357	0.06109	0.01559	0.01208	0.00694	0.03013	0.00175	0.00567	0.00487	0.00411	0.11829
2	0.01357	0.01058	0.05970	0.01074	0.05073	0.00979	0.00847	0.19912	0.07203	0.10698	0.27027	0.07505	0.07160	0.00908	0.00592	0.00174	0.00437	0.00771	0.00540	0.00716
3	0.08445	0.21377	0.05211	0.01201	0.06709	0.01497	0.00974	0.18869	0.12838	0.06242	0.01368	0.05322	0.01123	0.00863	0.05479	0.00204	0.00601	0.00501	0.00406	0.00770
4	0.00994	0.10659	0.00996	0.00767	0.00936	0.00716	0.00585	0.01150	0.01237	0.10581	0.17884	0.36981	0.11913	0.01272	0.00618	0.00188	0.00351	0.01113	0.00511	0.00549
5	0.00995	0.08734	0.10691	0.00891	0.01149	0.06581	0.00793	0.01298	0.04863	0.01742	0.30448	0.03114	0.14827	0.07579	0.00805	0.00199	0.03504	0.00773	0.00442	0.00573

[dist]
# distance from previous block
# <min> <max>
0	1

[block]
# block no. 1 follows, 44 sequences, length 13
# corresponding to MSA columns:
# 187-199
name=unknown_B
#
# <colnr> <probs for GDERKNQSTAVLIFYWHMCP>
#	G	D	E	R	K	N	Q	S	T	A	V	L	I	F	Y	W	H	M	C	P
0	0.01248	0.01148	0.08205	0.01195	0.10621	0.00837	0.00901	0.01525	0.01180	0.08485	0.01180	0.05070	0.00987	0.00511	0.00458	0.00114	0.00471	0.00429	0.00348	0.55086
1	0.01029	0.00841	0.00995	0.00785	0.01134	0.00676	0.00600	0.03041	0.01165	0.01745	0.08217	0.12967	0.01693	0.06724	0.00649	0.00145	0.00392	0.00598	0.00380	0.56223
2	0.01079	0.00919	0.01120	0.06726	0.01420	0.00737	0.00695	0.01332	0.01178	0.01797	0.10221	0.01512	0.01328	0.00501	0.00443	0.00099	0.00410	0.00416	0.00351	0.67714
3	0.11691	0.01140	0.06941	0.01127	0.08173	0.03633	0.00872	0.08305	0.01409	0.24214	0.02301	0.02237	0.16972	0.00751	0.00524	0.00164	0.00482	0.00602	0.03141	0.05321
4	0.01744	0.05934	0.01458	0.01233	0.01502	0.51565	0.00947	0.08377	0.01553	0.01614	0.10203	0.01487	0.01321	0.00951	0.07581	0.00212	0.00885	0.00459	0.00342	0.00634
5	0.11914	0.01351	0.01410	0.01140	0.01527	0.01513	0.00926	0.43903	0.23301	0.05124	0.01525	0.01479	0.01107	0.00661	0.00523	0.00170	0.00527	0.00504	0.00526	0.00868
6	0.01384	0.01259	0.02108	0.08555	0.42642	0.01299	0.12055	0.08219	0.02811	0.04673	0.04846	0.01529	0.01090	0.00567	0.00622	0.00172	0.04503	0.00538	0.00328	0.00803
7	0.01287	0.01471	0.03217	0.02298	0.02849	0.01379	0.75460	0.01746	0.01287	0.01746	0.01103	0.01471	0.00827	0.00460	0.00643	0.00184	0.00919	0.00643	0.00276	0.00735
8	0.00987	0.00981	0.07785	0.00851	0.01227	0.00690	0.00723	0.01231	0.01150	0.01720	0.08333	0.19776	0.01838	0.00780	0.00503	0.00130	0.00406	0.00674	0.00382	0.49834
9	0.84691	0.01054	0.00801	0.00717	0.01054	0.01223	0.00590	0.01603	0.00928	0.02446	0.00759	0.00886	0.00590	0.00506	0.00337	0.00169	0.00422	0.00295	0.00337	0.00590
10	0.00779	0.00560	0.00676	0.00659	0.00790	0.00508	0.00483	0.00961	0.01329	0.03766	0.38975	0.08554	0.25144	0.10908	0.00906	0.00224	0.00312	0.03449	0.00534	0.00483
11	0.01495	0.01088	0.01213	0.07926	0.01534	0.06813	0.00832	0.03481	0.20612	0.17731	0.08378	0.01846	0.01544	0.00750	0.02755	0.00173	0.00513	0.00536	0.02338	0.18442
12	0.01377	0.01525	0.08299	0.12113	0.12075	0.16506	0.05237	0.02022	0.21387	0.01798	0.01393	0.01546	0.01075	0.00596	0.00519	0.00164	0.00648	0.00498	0.10494	0.00727

[dist]
# distance from previous block
# <min> <max>
0	1

[block]
# block no. 2 follows, 44 sequences, length 19
# corresponding to MSA columns:
# 201-219
name=unknown_C
#
# <colnr> <probs for GDERKNQSTAVLIFYWHMCP>
#	G	D	E	R	K	N	Q	S	T	A	V	L	I	F	Y	W	H	M	C	P
0	0.00727	0.00537	0.00700	0.00776	0.00863	0.00484	0.00539	0.00846	0.01063	0.01446	0.02769	0.68054	0.03268	0.01551	0.00665	0.00207	0.00335	0.04773	0.00485	0.09911
1	0.00679	0.00481	0.00628	0.00741	0.00769	0.00453	0.00486	0.00763	0.01015	0.01354	0.02859	0.71790	0.03422	0.10653	0.00931	0.00256	0.00340	0.01464	0.00486	0.00430
2	0.00807	0.00628	0.00962	0.09768	0.01288	0.00741	0.00776	0.01021	0.00900	0.01280	0.01405	0.02064	0.01291	0.03688	0.69847	0.00798	0.01377	0.00573	0.00286	0.00500
3	0.02019	0.01921	0.01601	0.04297	0.01767	0.31518	0.01061	0.44310	0.02112	0.02543	0.01115	0.01188	0.00832	0.00614	0.00524	0.00155	0.00753	0.00436	0.00431	0.00800
4	0.84691	0.01054	0.00801	0.00717	0.01054	0.01223	0.00590	0.01603	0.00928	0.02446	0.00759	0.00886	0.00590	0.00506	0.00337	0.00169	0.00422	0.00295	0.00337	0.00590
5	0.02109	0.01469	0.01600	0.01227	0.01662	0.01605	0.01013	0.68564	0.02466	0.10630	0.01390	0.01362	0.00968	0.00656	0.00546	0.00164	0.00587	0.00496	0.00558	0.00927
6	0.01221	0.01178	0.02045	0.32982	0.44452	0.01267	0.05831	0.01568	0.01185	0.01628	0.01008	0.01397	0.00808	0.00507	0.00548	0.00171	0.00694	0.00494	0.00259	0.00756
7	0.00793	0.00529	0.00595	0.00595	0.00595	0.00529	0.00330	0.00793	0.00793	0.01057	0.01718	0.03568	0.01982	0.80840	0.02775	0.00529	0.00529	0.00793	0.00330	0.00330
8	0.01176	0.01182	0.02174	0.33464	0.19431	0.01275	0.22591	0.01568	0.02955	0.01597	0.01102	0.03877	0.00896	0.00564	0.00625	0.00181	0.03803	0.00566	0.00273	0.00700
9	0.84691	0.01054	0.00801	0.00717	0.01054	0.01223	0.00590	0.01603	0.00928	0.02446	0.00759	0.00886	0.00590	0.00506	0.00337	0.00169	0.00422	0.00295	0.00337	0.00590
10	0.01177	0.01067	0.01470	0.01239	0.01355	0.03162	0.08096	0.09325	0.01087	0.01529	0.01191	0.04858	0.01194	0.19066	0.07675	0.00337	0.34679	0.00612	0.00312	0.00573
11	0.01287	0.01471	0.03217	0.02298	0.02849	0.01379	0.75460	0.01746	0.01287	0.01746	0.01103	0.01471	0.00827	0.00460	0.00643	0.00184	0.00919	0.00643	0.00276	0.00735
12	0.01311	0.01284	0.02270	0.10597	0.61880	0.01297	0.09999	0.01654	0.01232	0.01740	0.01029	0.01373	0.00846	0.00489	0.00552	0.00166	0.00686	0.00503	0.00268	0.00824
13	0.02072	0.01527	0.01636	0.01254	0.01691	0.01691	0.01036	0.75622	0.02563	0.03436	0.01309	0.01309	0.00927	0.00654	0.00545	0.00164	0.00600	0.00491	0.00545	0.00927
14	0.01344	0.01310	0.02295	0.03261	0.71365	0.01302	0.07682	0.01679	0.01245	0.01778	0.01032	0.01359	0.00861	0.00484	0.00548	0.00164	0.00670	0.00499	0.00270	0.00853
15	0.84691	0.01054	0.00801	0.00717	0.01054	0.01223	0.00590	0.01603	0.00928	0.02446	0.00759	0.00886	0.00590	0.00506	0.00337	0.00169	0.00422	0.00295	0.00337	0.00590
16	0.02014	0.02493	0.01574	0.01464	0.04354	0.71626	0.01074	0.06264	0.01591	0.01467	0.00875	0.01014	0.00720	0.00564	0.00496	0.00143	0.00950	0.00364	0.00295	0.00657
17	0.01840	0.01258	0.01481	0.03282	0.10104	0.01346	0.00990	0.45350	0.02038	0.11453	0.01439	0.01494	0.01037	0.00632	0.00519	0.00159	0.00538	0.00499	0.13696	0.00846
18	0.00807	0.03896	0.00958	0.00878	0.00991	0.00742	0.00692	0.01001	0.00886	0.01266	0.01431	0.02090	0.01336	0.03940	0.75461	0.00845	0.01424	0.00572	0.00290	0.00496

[dist]
# distance from previous block
# <min> <max>
0	2

[block]
# block no. 3 follows, 44 sequences, length 42
# corresponding to MSA columns:
# 222-248,251-253,256-267
name=unknown_D
#
# <colnr> <probs for GDERKNQSTAVLIFYWHMCP>
#	G	D	E	R	K	N	Q	S	T	A	V	L	I	F	Y	W	H	M	C	P
0	0.01331	0.45904	0.24260	0.01250	0.01811	0.01775	0.08214	0.01756	0.06235	0.01520	0.00952	0.01088	0.00774	0.00499	0.00439	0.00144	0.00668	0.00378	0.00258	0.00744
1	0.00857	0.00695	0.00784	0.00734	0.00873	0.05801	0.00551	0.01106	0.01543	0.02129	0.71989	0.03863	0.04843	0.01077	0.00633	0.00169	0.00306	0.00943	0.00579	0.00522
2	0.01107	0.02729	0.72955	0.01604	0.02393	0.01274	0.06984	0.01728	0.01160	0.01728	0.00987	0.01173	0.00700	0.00514	0.00526	0.00173	0.00813	0.00419	0.00233	0.00801
3	0.00793	0.00710	0.05958	0.00745	0.00919	0.00565	0.00616	0.01076	0.01517	0.02155	0.71998	0.03875	0.04843	0.01074	0.00635	0.00172	0.00294	0.00946	0.00575	0.00534
4	0.00789	0.00651	0.02478	0.03616	0.00970	0.00585	0.00580	0.01094	0.04987	0.02002	0.54133	0.04059	0.19772	0.01118	0.00633	0.00175	0.00299	0.00971	0.00557	0.00529
5	0.00673	0.00492	0.00635	0.00745	0.00801	0.00454	0.00513	0.00781	0.01080	0.01414	0.03328	0.66881	0.13198	0.01655	0.00692	0.00218	0.00320	0.05166	0.00506	0.00448
6	0.01274	0.01562	0.08278	0.02247	0.02816	0.01371	0.70490	0.01745	0.01278	0.01745	0.01095	0.01449	0.00818	0.00464	0.00635	0.00183	0.00911	0.00627	0.00273	0.00740
7	0.01173	0.01172	0.01550	0.01350	0.01378	0.05157	0.01113	0.01304	0.00874	0.01306	0.00828	0.01319	0.00808	0.01385	0.12761	0.00325	0.64878	0.00487	0.00248	0.00582
8	0.00764	0.00555	0.00701	0.00664	0.00799	0.00508	0.00498	0.01007	0.01495	0.02096	0.66190	0.04148	0.13650	0.01131	0.00635	0.00172	0.00259	0.00990	0.03230	0.00508
9	0.01447	0.72710	0.02685	0.00952	0.01401	0.02072	0.00925	0.01766	0.09074	0.01388	0.00912	0.00997	0.00802	0.00495	0.00371	0.00124	0.00567	0.00326	0.00267	0.00717
10	0.00999	0.01584	0.31730	0.01283	0.01678	0.01010	0.03949	0.01425	0.03848	0.01638	0.01851	0.12363	0.01859	0.01021	0.00739	0.00210	0.08040	0.23766	0.00364	0.00646
11	0.04306	0.06155	0.56956	0.01443	0.02146	0.01315	0.03645	0.08704	0.01307	0.07490	0.01081	0.01203	0.00762	0.00538	0.00512	0.00169	0.00740	0.00419	0.00298	0.00811
12	0.01957	0.10770	0.01713	0.01403	0.04058	0.61367	0.01059	0.08539	0.01578	0.01527	0.00880	0.01012	0.00727	0.00557	0.00483	0.00141	0.00897	0.00361	0.00299	0.00672
13	0.02005	0.08898	0.01680	0.01175	0.01601	0.01621	0.00984	0.60265	0.02296	0.08971	0.01340	0.01338	0.00956	0.00638	0.00521	0.00158	0.00575	0.00477	0.03610	0.00890
14	0.00770	0.00566	0.00812	0.00824	0.00900	0.00637	0.00613	0.00927	0.00880	0.01247	0.01643	0.09686	0.01664	0.15200	0.60170	0.00764	0.01216	0.00705	0.00318	0.00460
15	0.00668	0.00478	0.00636	0.00756	0.00792	0.00445	0.00506	0.00769	0.01062	0.01421	0.05777	0.77627	0.03663	0.01686	0.00694	0.00220	0.00314	0.01529	0.00510	0.00445
16	0.01115	0.00604	0.00614	0.00578	0.00734	0.00619	0.00442	0.08230	0.01276	0.02164	0.01735	0.01965	0.01353	0.00637	0.00396	0.00130	0.00286	0.00507	0.76067	0.00547
17	0.84691	0.01054	0.00801	0.00717	0.01054	0.01223	0.00590	0.01603	0.00928	0.02446	0.00759	0.00886	0.00590	0.00506	0.00337	0.00169	0.00422	0.00295	0.00337	0.00590
18	0.00779	0.00584	0.00876	0.00876	0.00974	0.00681	0.00681	0.00974	0.00876	0.01266	0.01460	0.02142	0.01363	0.04089	0.78680	0.00876	0.01460	0.00584	0.00292	0.00487
19	0.00664	0.00474	0.00633	0.00759	0.00791	0.00443	0.00506	0.00759	0.01044	0.01392	0.03005	0.80485	0.03606	0.01708	0.00696	0.00221	0.00316	0.01550	0.00506	0.00443
20	0.03009	0.01295	0.02202	0.03153	0.69031	0.01301	0.05619	0.01721	0.04050	0.01811	0.01069	0.01372	0.00886	0.00494	0.00542	0.00164	0.00650	0.00495	0.00282	0.00851
21	0.00644	0.00552	0.00552	0.00552	0.00736	0.00460	0.00414	0.00782	0.01243	0.01473	0.05523	0.05247	0.77218	0.01381	0.00644	0.00184	0.00276	0.01151	0.00506	0.00460
22	0.01453	0.01456	0.02134	0.02772	0.52989	0.09812	0.08423	0.05312	0.06869	0.01844	0.01114	0.01369	0.00904	0.00518	0.00546	0.00163	0.00692	0.00496	0.00306	0.00829
23	0.84691	0.01054	0.00801	0.00717	0.01054	0.01223	0.00590	0.01603	0.00928	0.02446	0.00759	0.00886	0.00590	0.00506	0.00337	0.00169	0.00422	0.00295	0.00337	0.00590
24	0.00664	0.00474	0.00633	0.00759	0.00791	0.00443	0.00506	0.00759	0.01044	0.01392	0.03005	0.80485	0.03606	0.01708	0.00696	0.00221	0.00316	0.01550	0.00506	0.00443
25	0.01356	0.01171	0.01233	0.01109	0.01418	0.01356	0.00863	0.02897	0.76455	0.02281	0.02219	0.02034	0.01664	0.00740	0.00555	0.00185	0.00431	0.00616	0.00555	0.00863
26	0.01107	0.11912	0.61368	0.01384	0.02070	0.01299	0.01718	0.01622	0.01110	0.01607	0.01026	0.01359	0.00820	0.08508	0.00723	0.00201	0.00752	0.00428	0.00241	0.00746
27	0.01093	0.02820	0.78016	0.01554	0.02360	0.01266	0.02014	0.01727	0.01151	0.01727	0.00978	0.01151	0.00691	0.00518	0.00518	0.00173	0.00806	0.00403	0.00230	0.00806
28	0.00786	0.00557	0.00737	0.00737	0.00786	0.00606	0.00507	0.00884	0.00835	0.01162	0.01588	0.02848	0.01670	0.42125	0.41063	0.00704	0.00999	0.00688	0.00311	0.00409
29	0.01130	0.00969	0.01130	0.00807	0.01292	0.00727	0.00646	0.01373	0.01130	0.01776	0.00969	0.01130	0.00807	0.00404	0.00404	0.00081	0.00404	0.00323	0.00323	0.84173
30	0.01393	0.01224	0.01249	0.01123	0.01430	0.04242	0.00875	0.04977	0.69992	0.02266	0.02154	0.02055	0.01636	0.00746	0.00556	0.00184	0.00458	0.02048	0.00543	0.00849
31	0.00681	0.00486	0.00651	0.00778	0.00817	0.00457	0.00535	0.00787	0.01060	0.01410	0.02996	0.74790	0.03570	0.01693	0.00700	0.00224	0.00331	0.07082	0.00506	0.00447
32	0.01269	0.01091	0.01151	0.01042	0.01333	0.01242	0.00809	0.02633	0.66768	0.02202	0.05175	0.02407	0.08860	0.00813	0.00566	0.00184	0.00411	0.00679	0.00552	0.00813
33	0.01356	0.01171	0.01233	0.01109	0.01418	0.01356	0.00863	0.02897	0.76455	0.02281	0.02219	0.02034	0.01664	0.00740	0.00555	0.00185	0.00431	0.00616	0.00555	0.00863
34	0.00792	0.00532	0.00613	0.00613	0.00619	0.00539	0.00353	0.00805	0.00798	0.01071	0.01701	0.03475	0.01942	0.75832	0.07728	0.00551	0.00589	0.00779	0.00328	0.00341
35	0.00793	0.00529	0.00595	0.00595	0.00595	0.00529	0.00330	0.00793	0.00793	0.01057	0.01718	0.03568	0.01982	0.80840	0.02775	0.00529	0.00529	0.00793	0.00330	0.00330
36	0.01450	0.48532	0.25858	0.01128	0.01694	0.01739	0.01252	0.01770	0.01169	0.09511	0.00973	0.01063	0.00766	0.00504	0.00423	0.00139	0.00639	0.00353	0.00279	0.00756
37	0.77770	0.01044	0.00840	0.00738	0.01083	0.01188	0.00608	0.01691	0.00981	0.08789	0.00876	0.00967	0.00654	0.00520	0.00355	0.00169	0.00425	0.00317	0.00366	0.00619
38	0.01093	0.02820	0.78016	0.01554	0.02360	0.01266	0.02014	0.01727	0.01151	0.01727	0.00978	0.01151	0.00691	0.00518	0.00518	0.00173	0.00806	0.00403	0.00230	0.00806
39	0.00656	0.00553	0.00569	0.00565	0.00744	0.00465	0.00424	0.00805	0.01271	0.01540	0.12228	0.05137	0.70471	0.01356	0.00644	0.00183	0.00274	0.01135	0.00515	0.00465
40	0.00644	0.00552	0.00552	0.00552	0.00736	0.00460	0.00414	0.00782	0.01243	0.01473	0.05523	0.05247	0.77218	0.01381	0.00644	0.00184	0.00276	0.01151	0.00506	0.00460
41	0.12279	0.01469	0.01533	0.01188	0.01612	0.01633	0.00981	0.66477	0.02361	0.03314	0.01241	0.01257	0.00886	0.00636	0.00520	0.00164	0.00578	0.00467	0.00520	0.00886

[dist]
# distance from previous block
# <min> <max>
0	39

[block]
# block no. 4 follows, 44 sequences, length 55
# corresponding to MSA columns:
# 307-337,356-376,379-381
name=unknown_E
#
# <colnr> <probs for GDERKNQSTAVLIFYWHMCP>
#	G	D	E	R	K	N	Q	S	T	A	V	L	I	F	Y	W	H	M	C	P
0	0.04066	0.07000	0.05742	0.08825	0.45312	0.01307	0.10104	0.01684	0.01222	0.05755	0.01113	0.03454	0.00919	0.00531	0.00536	0.00166	0.00662	0.00512	0.00294	0.00797
1	0.01306	0.01251	0.02134	0.13725	0.67401	0.01284	0.01651	0.01635	0.01221	0.01728	0.01018	0.01364	0.00845	0.00494	0.00540	0.00165	0.00658	0.00486	0.00266	0.00828
2	0.00932	0.00798	0.01163	0.07705	0.01329	0.01017	0.00889	0.01115	0.00887	0.01305	0.01209	0.01833	0.01131	0.04904	0.44518	0.00594	0.25094	0.00547	0.02505	0.00526
3	0.01135	0.00985	0.01169	0.00852	0.01302	0.00794	0.00685	0.01368	0.01109	0.01743	0.00951	0.01135	0.00801	0.00443	0.00502	0.00092	0.06061	0.00334	0.00317	0.78221
4	0.00793	0.00529	0.00595	0.00595	0.00595	0.00529	0.00330	0.00793	0.00793	0.01057	0.01718	0.03568	0.01982	0.80840	0.02775	0.00529	0.00529	0.00793	0.00330	0.00330
5	0.00664	0.00474	0.00633	0.00759	0.00791	0.00443	0.00506	0.00759	0.01044	0.01392	0.03005	0.80485	0.03606	0.01708	0.00696	0.00221	0.00316	0.01550	0.00506	0.00443
6	0.01356	0.01171	0.01233	0.01109	0.01418	0.01356	0.00863	0.02897	0.76455	0.02281	0.02219	0.02034	0.01664	0.00740	0.00555	0.00185	0.00431	0.00616	0.00555	0.00863
7	0.01030	0.00969	0.01635	0.79530	0.03755	0.01211	0.01514	0.01393	0.01090	0.01393	0.00969	0.01453	0.00727	0.00545	0.00545	0.00182	0.00727	0.00484	0.00242	0.00606
8	0.01349	0.01295	0.02213	0.03346	0.77440	0.01295	0.01673	0.01673	0.01241	0.01781	0.01025	0.01349	0.00864	0.00486	0.00540	0.00162	0.00648	0.00486	0.00270	0.00864
9	0.00947	0.00473	0.00710	0.00710	0.00710	0.00473	0.00473	0.00710	0.00710	0.00947	0.00947	0.01657	0.00947	0.01894	0.02131	0.84138	0.00473	0.00473	0.00237	0.00237
10	0.01416	0.72160	0.11499	0.01004	0.01510	0.02055	0.01057	0.01643	0.01113	0.01334	0.00783	0.00906	0.00699	0.00472	0.00369	0.00123	0.00609	0.00304	0.00233	0.00712
11	0.02434	0.00948	0.01277	0.00979	0.01402	0.00831	0.00809	0.05056	0.01593	0.75371	0.02123	0.01838	0.01336	0.00674	0.00548	0.00169	0.00468	0.00546	0.00671	0.00928
12	0.01450	0.75471	0.02741	0.00945	0.01401	0.02100	0.00928	0.01723	0.06474	0.01354	0.00862	0.00957	0.00768	0.00486	0.00364	0.00121	0.00572	0.00315	0.00256	0.00711
13	0.01093	0.02820	0.78016	0.01554	0.02360	0.01266	0.02014	0.01727	0.01151	0.01727	0.00978	0.01151	0.00691	0.00518	0.00518	0.00173	0.00806	0.00403	0.00230	0.00806
14	0.01404	0.69604	0.13951	0.01025	0.01541	0.02026	0.01092	0.01646	0.01114	0.01348	0.00790	0.00915	0.00698	0.00474	0.00375	0.00125	0.00616	0.00308	0.00233	0.00715
15	0.00763	0.00557	0.00716	0.00676	0.00809	0.00511	0.00507	0.01011	0.01522	0.02135	0.72051	0.04156	0.10277	0.01133	0.00643	0.00172	0.00259	0.00998	0.00593	0.00511
16	0.01458	0.81168	0.02857	0.00933	0.01399	0.02157	0.00933	0.01632	0.01108	0.01283	0.00758	0.00875	0.00700	0.00466	0.00350	0.00117	0.00583	0.00292	0.00233	0.00700
17	0.01123	0.01063	0.01786	0.49257	0.29315	0.01205	0.01518	0.01462	0.01150	0.01532	0.01202	0.01595	0.04358	0.00564	0.00548	0.00175	0.00678	0.00516	0.00264	0.00689
18	0.05210	0.01284	0.02147	0.03224	0.73901	0.01292	0.01623	0.01670	0.01227	0.01812	0.01013	0.01328	0.00851	0.00487	0.00530	0.00162	0.00637	0.00477	0.00273	0.00851
19	0.01193	0.01193	0.01670	0.01431	0.01431	0.01670	0.01193	0.01312	0.00835	0.01312	0.00716	0.01193	0.00716	0.00954	0.01789	0.00239	0.79843	0.00477	0.00239	0.00596
20	0.00939	0.00476	0.00705	0.00705	0.00705	0.00476	0.00466	0.00714	0.00714	0.00952	0.00985	0.01751	0.00998	0.05777	0.02162	0.80026	0.00476	0.00489	0.00241	0.00241
21	0.49483	0.01245	0.01184	0.01044	0.04874	0.01404	0.00810	0.29651	0.01562	0.02790	0.00980	0.01068	0.00731	0.00561	0.00426	0.00166	0.00500	0.00378	0.00413	0.00731
22	0.01349	0.01295	0.02213	0.03346	0.77440	0.01295	0.01673	0.01673	0.01241	0.01781	0.01025	0.01349	0.00864	0.00486	0.00540	0.00162	0.00648	0.00486	0.00270	0.00864
23	0.00793	0.00529	0.00595	0.00595	0.00595	0.00529	0.00330	0.00793	0.00793	0.01057	0.01718	0.03568	0.01982	0.80840	0.02775	0.00529	0.00529	0.00793	0.00330	0.00330
24	0.07191	0.04669	0.05502	0.01230	0.01564	0.01124	0.14137	0.13509	0.06758	0.10460	0.01818	0.22631	0.01715	0.00908	0.00617	0.00187	0.02666	0.02165	0.00448	0.00702
25	0.02148	0.01165	0.01389	0.01074	0.01491	0.01160	0.00881	0.31961	0.03817	0.39705	0.01773	0.03790	0.01221	0.00682	0.00544	0.00164	0.00511	0.00543	0.00596	0.05387
26	0.00793	0.00529	0.00595	0.00595	0.00595	0.00529	0.00330	0.00793	0.00793	0.01057	0.01718	0.03568	0.01982	0.80840	0.02775	0.00529	0.00529	0.00793	0.00330	0.00330
27	0.01025	0.02374	0.01038	0.07769	0.01269	0.00859	0.00758	0.09243	0.01166	0.03788	0.05738	0.02212	0.04211	0.06272	0.41643	0.00556	0.02925	0.00603	0.05990	0.00559
28	0.01232	0.05950	0.11036	0.01949	0.04456	0.01299	0.50375	0.01653	0.01234	0.01706	0.01144	0.05068	0.00934	0.00520	0.00589	0.00170	0.00801	0.00604	0.00284	0.08996
29	0.00782	0.00570	0.00803	0.00803	0.00875	0.00642	0.00590	0.00926	0.00854	0.01211	0.01527	0.02513	0.01524	0.24081	0.58908	0.00786	0.01218	0.00638	0.00302	0.00446
30	0.02178	0.01093	0.04978	0.01115	0.01549	0.00934	0.06657	0.09140	0.01597	0.58019	0.03384	0.03974	0.01375	0.00686	0.00560	0.00171	0.00519	0.00580	0.00605	0.00886
31	0.01337	0.01366	0.05724	0.03263	0.73962	0.01294	0.01689	0.01676	0.01237	0.01779	0.01023	0.01340	0.00856	0.00487	0.00539	0.00162	0.00655	0.00482	0.00268	0.00861
32	0.01512	0.01314	0.01352	0.01231	0.04226	0.05709	0.00932	0.14876	0.57312	0.02402	0.01948	0.01831	0.01459	0.00706	0.00549	0.00178	0.00498	0.00576	0.00528	0.00861
33	0.00793	0.00529	0.00595	0.00595	0.00595	0.00529	0.00330	0.00793	0.00793	0.01057	0.01718	0.03568	0.01982	0.80840	0.02775	0.00529	0.00529	0.00793	0.00330	0.00330
34	0.02037	0.02598	0.01545	0.01404	0.01685	0.78652	0.01053	0.02177	0.01545	0.01334	0.00843	0.00983	0.00702	0.00562	0.00492	0.00140	0.00983	0.00351	0.00281	0.00632
35	0.02030	0.05226	0.01667	0.01225	0.01657	0.01671	0.01017	0.67150	0.05133	0.05716	0.01343	0.01333	0.00957	0.00649	0.00537	0.00162	0.00589	0.00488	0.00535	0.00914
36	0.01458	0.81168	0.02857	0.00933	0.01399	0.02157	0.00933	0.01632	0.01108	0.01283	0.00758	0.00875	0.00700	0.00466	0.00350	0.00117	0.00583	0.00292	0.00233	0.00700
37	0.01600	0.26789	0.06881	0.01156	0.01562	0.14819	0.01020	0.13752	0.23392	0.01951	0.01300	0.01318	0.01017	0.00595	0.00476	0.00152	0.00624	0.00435	0.00384	0.00779
38	0.00793	0.00529	0.00595	0.00595	0.00595	0.00529	0.00330	0.00793	0.00793	0.01057	0.01718	0.03568	0.01982	0.80840	0.02775	0.00529	0.00529	0.00793	0.00330	0.00330
39	0.01487	0.72886	0.02708	0.00964	0.01417	0.04599	0.00936	0.03507	0.04727	0.01384	0.00843	0.00944	0.00751	0.00487	0.00369	0.00122	0.00589	0.00314	0.00258	0.00711
40	0.00780	0.00580	0.00854	0.00854	0.00944	0.00669	0.00654	0.00959	0.00870	0.01249	0.01481	0.02255	0.01412	0.10168	0.72668	0.00849	0.01386	0.00601	0.00295	0.00474
41	0.01285	0.20179	0.39324	0.01701	0.15482	0.05089	0.01600	0.03644	0.01216	0.01659	0.01001	0.01283	0.00810	0.00538	0.00491	0.00159	0.00720	0.02782	0.00258	0.00777
42	0.04444	0.12166	0.28724	0.01260	0.01804	0.06769	0.03249	0.10753	0.01422	0.19400	0.01263	0.01320	0.00897	0.00694	0.03327	0.00187	0.00700	0.00438	0.00381	0.00802
43	0.00669	0.00484	0.00634	0.00751	0.00796	0.00449	0.00510	0.00771	0.01064	0.01404	0.03181	0.73036	0.08835	0.01679	0.00694	0.00220	0.00319	0.03552	0.00506	0.00446
44	0.03108	0.03419	0.04200	0.05105	0.48624	0.02951	0.05545	0.04278	0.03330	0.12346	0.01207	0.01411	0.00930	0.00527	0.00537	0.00164	0.00638	0.00493	0.00341	0.00843
45	0.09948	0.10722	0.07330	0.01490	0.11476	0.33331	0.01109	0.03357	0.09038	0.01680	0.02356	0.01261	0.02151	0.00582	0.00503	0.00154	0.02078	0.00416	0.00317	0.00702
46	0.11984	0.01241	0.01317	0.01146	0.03359	0.01391	0.00892	0.25651	0.35890	0.06568	0.01736	0.03702	0.01312	0.00699	0.00528	0.00176	0.00488	0.00554	0.00523	0.00842
47	0.01499	0.75573	0.02763	0.00966	0.01420	0.07605	0.00941	0.01671	0.01139	0.01286	0.00764	0.00882	0.00700	0.00473	0.00360	0.00118	0.00612	0.00296	0.00237	0.00695
48	0.00795	0.00561	0.00753	0.00753	0.00827	0.00615	0.00545	0.00933	0.00883	0.01265	0.01707	0.02675	0.04293	0.26850	0.47433	0.00693	0.01051	0.00662	0.06263	0.00440
49	0.00764	0.00557	0.00718	0.00678	0.00810	0.00511	0.00508	0.01014	0.01525	0.02143	0.72861	0.04143	0.09462	0.01130	0.00643	0.00172	0.00258	0.00996	0.00595	0.00511
50	0.00793	0.00529	0.00595	0.00595	0.00595	0.00529	0.00330	0.00793	0.00793	0.01057	0.01718	0.03568	0.01982	0.80840	0.02775	0.00529	0.00529	0.00793	0.00330	0.00330
51	0.00879	0.00628	0.00879	0.01004	0.01130	0.00628	0.00879	0.01130	0.01255	0.01632	0.02887	0.06150	0.03138	0.01506	0.00753	0.00251	0.00502	0.73770	0.00502	0.00502
52	0.01030	0.00969	0.01635	0.79530	0.03755	0.01211	0.01514	0.01393	0.01090	0.01393	0.00969	0.01453	0.00727	0.00545	0.00545	0.00182	0.00727	0.00484	0.00242	0.00606
53	0.00947	0.00473	0.00710	0.00710	0.00710	0.00473	0.00473	0.00710	0.00710	0.00947	0.00947	0.01657	0.00947	0.01894	0.02131	0.84138	0.00473	0.00473	0.00237	0.00237
54	0.01349	0.01295	0.02213	0.03346	0.77440	0.01295	0.01673	0.01673	0.01241	0.01781	0.01025	0.01349	0.00864	0.00486	0.00540	0.00162	0.00648	0.00486	0.00270	0.00864

[dist]
# distance from previous block
# <min> <max>
0	2

[block]
# block no. 5 follows, 44 sequences, length 14
# corresponding to MSA columns:
# 389-394,416-423
name=unknown_F
#
# <colnr> <probs for GDERKNQSTAVLIFYWHMCP>
#	G	D	E	R	K	N	Q	S	T	A	V	L	I	F	Y	W	H	M	C	P
0	0.01093	0.02820	0.78016	0.01554	0.02360	0.01266	0.02014	0.01727	0.01151	0.01727	0.00978	0.01151	0.00691	0.00518	0.00518	0.00173	0.00806	0.00403	0.00230	0.00806
1	0.01171	0.01207	0.02058	0.09036	0.02031	0.01460	0.23240	0.01413	0.01007	0.01454	0.01004	0.06472	0.00938	0.00818	0.01260	0.00216	0.43723	0.00597	0.00267	0.00629
2	0.00793	0.00529	0.00595	0.00595	0.00595	0.00529	0.00330	0.00793	0.00793	0.01057	0.01718	0.03568	0.01982	0.80840	0.02775	0.00529	0.00529	0.00793	0.00330	0.00330
3	0.00664	0.00474	0.00633	0.00759	0.00791	0.00443	0.00506	0.00759	0.01044	0.01392	0.03005	0.80485	0.03606	0.01708	0.00696	0.00221	0.00316	0.01550	0.00506	0.00443
4	0.00761	0.00549	0.00720	0.00693	0.00812	0.00508	0.00514	0.01003	0.01496	0.02111	0.70135	0.11303	0.04998	0.01171	0.00648	0.00176	0.00263	0.01039	0.00591	0.00508
5	0.01130	0.00969	0.01130	0.00807	0.01292	0.00727	0.00646	0.01373	0.01130	0.01776	0.00969	0.01130	0.00807	0.00404	0.00404	0.00081	0.00404	0.00323	0.00323	0.84173
6	0.01525	0.71964	0.02703	0.00988	0.01433	0.11118	0.00947	0.01696	0.01159	0.01289	0.00768	0.00887	0.00700	0.00478	0.00366	0.00119	0.00630	0.00298	0.00239	0.00692
7	0.01193	0.01193	0.01670	0.01431	0.01431	0.01670	0.01193	0.01312	0.00835	0.01312	0.00716	0.01193	0.00716	0.00954	0.01789	0.00239	0.79843	0.00477	0.00239	0.00596
8	0.01333	0.01192	0.01526	0.06835	0.22305	0.01330	0.01126	0.02465	0.51025	0.02086	0.01812	0.01809	0.01385	0.00658	0.00550	0.00178	0.00510	0.00572	0.00457	0.00846
9	0.00644	0.00552	0.00552	0.00552	0.00736	0.00460	0.00414	0.00782	0.01243	0.01473	0.05523	0.05247	0.77218	0.01381	0.00644	0.00184	0.00276	0.01151	0.00506	0.00460
10	0.01313	0.01379	0.08057	0.06981	0.55313	0.01298	0.01562	0.01858	0.13249	0.01836	0.01209	0.01449	0.00970	0.00532	0.00541	0.00168	0.00630	0.00500	0.00311	0.00845
11	0.01538	0.70276	0.02675	0.00998	0.01439	0.12762	0.00950	0.01708	0.01168	0.01290	0.00770	0.00890	0.00700	0.00480	0.00369	0.00120	0.00638	0.00300	0.00240	0.00690
12	0.00644	0.00552	0.00552	0.00552	0.00736	0.00460	0.00414	0.00782	0.01243	0.01473	0.05523	0.05247	0.77218	0.01381	0.00644	0.00184	0.00276	0.01151	0.00506	0.00460
13	0.01907	0.09504	0.01702	0.01301	0.01632	0.36057	0.01041	0.27759	0.04050	0.02091	0.01029	0.01135	0.00811	0.00622	0.00602	0.00155	0.07070	0.00412	0.00374	0.00746

[dist]
# distance from previous block
# <min> <max>
0	1

[block]
# block no. 6 follows, 44 sequences, length 29
# corresponding to MSA columns:
# 425-453
name=unknown_G
#
# <colnr> <probs for GDERKNQSTAVLIFYWHMCP>
#	G	D	E	R	K	N	Q	S	T	A	V	L	I	F	Y	W	H	M	C	P
0	0.02446	0.00928	0.01265	0.00970	0.01392	0.00801	0.00801	0.02657	0.01560	0.77817	0.02151	0.01856	0.01350	0.00675	0.00548	0.00169	0.00464	0.00548	0.00675	0.00928
1	0.02072	0.01527	0.01636	0.01254	0.01691	0.01691	0.01036	0.75622	0.02563	0.03436	0.01309	0.01309	0.00927	0.00654	0.00545	0.00164	0.00600	0.00491	0.00545	0.00927
2	0.00774	0.00522	0.00607	0.00625	0.00632	0.00521	0.00364	0.00793	0.00830	0.01109	0.01891	0.14306	0.02193	0.67742	0.04474	0.00495	0.00523	0.00893	0.00354	0.00350
3	0.02446	0.00928	0.01265	0.00970	0.01392	0.00801	0.00801	0.02657	0.01560	0.77817	0.02151	0.01856	0.01350	0.00675	0.00548	0.00169	0.00464	0.00548	0.00675	0.00928
4	0.84691	0.01054	0.00801	0.00717	0.01054	0.01223	0.00590	0.01603	0.00928	0.02446	0.00759	0.00886	0.00590	0.00506	0.00337	0.00169	0.00422	0.00295	0.00337	0.00590
5	0.00793	0.00529	0.00595	0.00595	0.00595	0.00529	0.00330	0.00793	0.00793	0.01057	0.01718	0.03568	0.01982	0.80840	0.02775	0.00529	0.00529	0.00793	0.00330	0.00330
6	0.00779	0.00584	0.00876	0.00876	0.00974	0.00681	0.00681	0.00974	0.00876	0.01266	0.01460	0.02142	0.01363	0.04089	0.78680	0.00876	0.01460	0.00584	0.00292	0.00487
7	0.00779	0.00584	0.00876	0.00876	0.00974	0.00681	0.00681	0.00974	0.00876	0.01266	0.01460	0.02142	0.01363	0.04089	0.78680	0.00876	0.01460	0.00584	0.00292	0.00487
8	0.00644	0.00552	0.00552	0.00552	0.00736	0.00460	0.00414	0.00782	0.01243	0.01473	0.05523	0.05247	0.77218	0.01381	0.00644	0.00184	0.00276	0.01151	0.00506	0.00460
9	0.01016	0.00508	0.00508	0.00508	0.00635	0.00508	0.00381	0.01270	0.01143	0.02033	0.01778	0.02033	0.01397	0.00635	0.00381	0.00127	0.00254	0.00508	0.83867	0.00508
10	0.00771	0.00519	0.00601	0.00622	0.00628	0.00514	0.00360	0.00787	0.00835	0.01113	0.01935	0.16534	0.02256	0.67501	0.02424	0.00477	0.00493	0.00920	0.00360	0.00349
11	0.01252	0.12556	0.04216	0.03378	0.04158	0.01417	0.49537	0.01670	0.03785	0.01657	0.01420	0.01684	0.06829	0.00562	0.00631	0.00176	0.03451	0.00616	0.00294	0.00710
12	0.01251	0.01186	0.02024	0.02950	0.64259	0.01179	0.03926	0.01547	0.01215	0.01725	0.01305	0.12440	0.01247	0.00656	0.00565	0.00171	0.00610	0.00640	0.00303	0.00800
13	0.01972	0.01477	0.01580	0.01234	0.01652	0.01644	0.01012	0.65433	0.12915	0.03274	0.01436	0.01410	0.01030	0.00666	0.00547	0.00167	0.00576	0.00508	0.00547	0.00918
14	0.01726	0.03042	0.03917	0.03398	0.06071	0.01168	0.02861	0.02599	0.37071	0.29042	0.01985	0.01843	0.01402	0.00675	0.00547	0.00176	0.00492	0.00567	0.00546	0.00870
15	0.05944	0.00966	0.01302	0.11978	0.01715	0.00928	0.00900	0.04026	0.05616	0.57884	0.01907	0.01753	0.01236	0.00652	0.00538	0.00171	0.00500	0.00530	0.00589	0.00864
16	0.01595	0.01422	0.01388	0.01261	0.04961	0.12204	0.00946	0.22131	0.36765	0.02408	0.05737	0.03750	0.01529	0.00725	0.00551	0.00172	0.00552	0.00583	0.00502	0.00819
17	0.00672	0.00559	0.00591	0.00598	0.00773	0.00477	0.00458	0.00828	0.01266	0.01538	0.10635	0.05230	0.66051	0.01371	0.00653	0.00188	0.00292	0.06840	0.00513	0.00468
18	0.01144	0.13796	0.67486	0.01467	0.02225	0.01391	0.01863	0.01713	0.01145	0.01664	0.00947	0.01112	0.00692	0.00511	0.00494	0.00165	0.00775	0.00387	0.00231	0.00791
19	0.81794	0.01071	0.00831	0.00736	0.01077	0.01239	0.00606	0.04198	0.00985	0.02481	0.00778	0.00900	0.00602	0.00511	0.00345	0.00169	0.00428	0.00302	0.00345	0.00602
20	0.00783	0.00569	0.00802	0.00802	0.00873	0.00641	0.00589	0.00926	0.00854	0.01210	0.01528	0.02519	0.01527	0.24388	0.58604	0.00784	0.01214	0.00639	0.00302	0.00445
21	0.00779	0.00584	0.00876	0.00876	0.00974	0.00681	0.00681	0.00974	0.00876	0.01266	0.01460	0.02142	0.01363	0.04089	0.78680	0.00876	0.01460	0.00584	0.00292	0.00487
22	0.00781	0.00576	0.00837	0.00837	0.00920	0.00660	0.00632	0.00948	0.00864	0.01236	0.01496	0.02342	0.01450	0.14841	0.68046	0.00827	0.01330	0.00613	0.00297	0.00465
23	0.01176	0.01167	0.01637	0.01408	0.01412	0.01629	0.01172	0.01298	0.00837	0.01310	0.00747	0.01232	0.00743	0.01084	0.04981	0.00265	0.76589	0.00482	0.00241	0.00592
24	0.01030	0.00969	0.01635	0.79530	0.03755	0.01211	0.01514	0.01393	0.01090	0.01393	0.00969	0.01453	0.00727	0.00545	0.00545	0.00182	0.00727	0.00484	0.00242	0.00606
25	0.01797	0.01375	0.01449	0.01174	0.01535	0.03876	0.00944	0.55044	0.10247	0.02960	0.01630	0.12469	0.01374	0.00808	0.00566	0.00173	0.00554	0.00648	0.00533	0.00843
26	0.02072	0.01527	0.01636	0.01254	0.01691	0.01691	0.01036	0.75622	0.02563	0.03436	0.01309	0.01309	0.00927	0.00654	0.00545	0.00164	0.00600	0.00491	0.00545	0.00927
27	0.01144	0.13796	0.67486	0.01467	0.02225	0.01391	0.01863	0.01713	0.01145	0.01664	0.00947	0.01112	0.00692	0.00511	0.00494	0.00165	0.00775	0.00387	0.00231	0.00791
28	0.00929	0.00485	0.00719	0.00734	0.00744	0.00483	0.00504	0.00743	0.00765	0.01017	0.01182	0.05592	0.01228	0.01857	0.01965	0.74202	0.00468	0.05848	0.00268	0.00265

[dist]
# distance from previous block
# <min> <max>
1	16

[block]
# block no. 7 follows, 44 sequences, length 18
# corresponding to MSA columns:
# 470-487
name=unknown_H
#
# <colnr> <probs for GDERKNQSTAVLIFYWHMCP>
#	G	D	E	R	K	N	Q	S	T	A	V	L	I	F	Y	W	H	M	C	P
0	0.01287	0.01471	0.03217	0.02298	0.02849	0.01379	0.75460	0.01746	0.01287	0.01746	0.01103	0.01471	0.00827	0.00460	0.00643	0.00184	0.00919	0.00643	0.00276	0.00735
1	0.02042	0.01512	0.01619	0.01248	0.01679	0.01676	0.01029	0.72538	0.05696	0.03387	0.01347	0.01340	0.00958	0.00658	0.00546	0.00165	0.00593	0.00496	0.00546	0.00924
2	0.00661	0.00489	0.00618	0.00721	0.00781	0.00446	0.00489	0.00763	0.01080	0.01407	0.03467	0.66683	0.17109	0.01648	0.00686	0.00215	0.00309	0.01477	0.00506	0.00446
3	0.01671	0.01984	0.06197	0.01281	0.01602	0.40562	0.01027	0.02411	0.31850	0.01741	0.01424	0.01448	0.01108	0.00718	0.02449	0.00179	0.00760	0.00468	0.00389	0.00733
4	0.00664	0.00474	0.00633	0.00759	0.00791	0.00443	0.00506	0.00759	0.01044	0.01392	0.03005	0.80485	0.03606	0.01708	0.00696	0.00221	0.00316	0.01550	0.00506	0.00443
5	0.01293	0.01362	0.11405	0.06805	0.03074	0.01264	0.11957	0.09981	0.27418	0.02121	0.06941	0.01819	0.01449	0.00671	0.00605	0.00177	0.03829	0.00581	0.06483	0.00764
6	0.01181	0.01389	0.10888	0.01446	0.01543	0.01621	0.01292	0.01362	0.00873	0.01362	0.00747	0.01188	0.00713	0.00902	0.01636	0.00231	0.70300	0.00468	0.00238	0.00622
7	0.00907	0.00682	0.00892	0.00792	0.00970	0.00652	0.03916	0.07887	0.01557	0.02168	0.53155	0.06818	0.11922	0.01075	0.00626	0.00173	0.00323	0.00945	0.03987	0.00553
8	0.01211	0.01049	0.01488	0.06808	0.03068	0.00907	0.11461	0.01583	0.06539	0.04970	0.01171	0.02985	0.00949	0.00486	0.00474	0.00118	0.00508	0.00440	0.00345	0.53439
9	0.01203	0.17937	0.51122	0.01679	0.11256	0.01449	0.04719	0.01702	0.01159	0.01647	0.00946	0.01134	0.00719	0.00502	0.00493	0.00161	0.00748	0.00401	0.00237	0.00789
10	0.01395	0.05028	0.01726	0.04790	0.10747	0.14534	0.01182	0.04971	0.01128	0.01507	0.00833	0.01174	0.00747	0.00739	0.01146	0.00190	0.40735	0.00438	0.00270	0.06722
11	0.01815	0.01299	0.01481	0.10610	0.01801	0.01438	0.01002	0.49364	0.07532	0.08237	0.01434	0.01553	0.01056	0.04253	0.00639	0.00182	0.00574	0.00518	0.04375	0.00837
12	0.01185	0.00813	0.00936	0.00797	0.01080	0.00755	0.02057	0.11343	0.04500	0.12926	0.06347	0.03704	0.41727	0.01060	0.00599	0.00173	0.00379	0.02510	0.00524	0.06585
13	0.01520	0.01352	0.06752	0.01450	0.01960	0.01169	0.25449	0.15932	0.01510	0.11288	0.01222	0.01366	0.00895	0.00510	0.00534	0.00147	0.00644	0.00493	0.00387	0.25419
14	0.00807	0.00672	0.00718	0.00686	0.00883	0.00643	0.00521	0.01238	0.15747	0.01771	0.19301	0.04393	0.48207	0.01204	0.00627	0.00182	0.00302	0.01015	0.00534	0.00548
15	0.00782	0.00573	0.00822	0.00822	0.00901	0.00652	0.00614	0.00939	0.00860	0.01226	0.01510	0.02416	0.01482	0.18828	0.64103	0.00809	0.01281	0.00624	0.00299	0.00457
16	0.01113	0.02414	0.58746	0.01650	0.02360	0.01240	0.15355	0.01687	0.01183	0.01723	0.01140	0.01572	0.00893	0.00579	0.00558	0.00180	0.00804	0.05773	0.00258	0.00771
17	0.00793	0.00529	0.00595	0.00595	0.00595	0.00529	0.00330	0.00793	0.00793	0.01057	0.01718	0.03568	0.01982	0.80840	0.02775	0.00529	0.00529	0.00793	0.00330	0.00330

[dist]
# distance from previous block
# <min> <max>
0	1

# created by:
# /home/cegg/simao/soft/augustus-3.2.1/scripts/msa2prfl.pl ./align_prep/EOG091G0L5Z.fa
