[name]
unknown

[dist]
# distance from previous block
# <min> <max>
0	2331

[block]
# block no. 0 follows, 53 sequences, length 16
# corresponding to MSA columns:
# 2441-2456
name=unknown_A
#
# <colnr> <probs for GDERKNQSTAVLIFYWHMCP>
#	G	D	E	R	K	N	Q	S	T	A	V	L	I	F	Y	W	H	M	C	P
0	0.00749	0.01896	0.02693	0.00752	0.00877	0.00575	0.00615	0.00928	0.00952	0.02887	0.07049	0.06413	0.08361	0.07909	0.31030	0.00423	0.00722	0.20977	0.02011	0.02184
1	0.01052	0.00818	0.00972	0.00710	0.01106	0.00627	0.00567	0.01263	0.01048	0.07460	0.07205	0.01243	0.01045	0.00421	0.00380	0.00083	0.00348	0.00344	0.00325	0.72982
2	0.02912	0.21426	0.04896	0.02691	0.07935	0.15869	0.00858	0.09310	0.05311	0.02412	0.08506	0.03055	0.08598	0.00615	0.00458	0.00134	0.01964	0.00472	0.00321	0.02257
3	0.00701	0.00535	0.00667	0.00656	0.00780	0.00503	0.02175	0.05208	0.01156	0.01535	0.22453	0.25766	0.25194	0.02809	0.02752	0.00190	0.00316	0.04060	0.02104	0.00440
4	0.02531	0.00891	0.03545	0.01141	0.10889	0.03714	0.02281	0.07550	0.08087	0.04483	0.07375	0.12700	0.04372	0.03633	0.13508	0.03189	0.08573	0.00632	0.00350	0.00556
5	0.03127	0.00841	0.01410	0.61522	0.04272	0.01010	0.05901	0.01186	0.00940	0.01253	0.02850	0.01391	0.00790	0.03655	0.00664	0.05056	0.02944	0.00449	0.00227	0.00512
6	0.01069	0.04902	0.01184	0.02380	0.01116	0.01105	0.00784	0.11050	0.05048	0.03870	0.01111	0.03480	0.01035	0.12378	0.15167	0.00319	0.30451	0.00497	0.02525	0.00532
7	0.02471	0.10732	0.39993	0.03762	0.25410	0.01215	0.01479	0.03767	0.03990	0.01550	0.00895	0.01071	0.00689	0.00452	0.00444	0.00144	0.00619	0.00374	0.00233	0.00709
8	0.01261	0.06397	0.30843	0.01660	0.21404	0.04423	0.03842	0.14372	0.05787	0.04029	0.00996	0.01127	0.00748	0.00479	0.00460	0.00145	0.00613	0.00398	0.00287	0.00729
9	0.00971	0.02396	0.76248	0.01452	0.06511	0.01111	0.01749	0.01511	0.01014	0.01516	0.00860	0.01019	0.00614	0.00452	0.00455	0.00151	0.00698	0.00357	0.00204	0.00709
10	0.01208	0.01413	0.10455	0.05616	0.48202	0.12402	0.06652	0.01505	0.01115	0.01479	0.00955	0.01336	0.00811	0.00483	0.00481	0.00146	0.00637	0.04171	0.00244	0.00690
11	0.00912	0.00734	0.02159	0.00829	0.00964	0.00787	0.04601	0.09210	0.09738	0.01393	0.01372	0.02135	0.01312	0.29864	0.25508	0.00447	0.04538	0.00564	0.02457	0.00478
12	0.00694	0.00470	0.00552	0.00552	0.00563	0.00480	0.00328	0.00715	0.00704	0.00950	0.01478	0.02970	0.01669	0.73173	0.12368	0.00502	0.00566	0.00672	0.00285	0.00307
13	0.00737	0.00585	0.00829	0.03141	0.09906	0.00578	0.01863	0.02706	0.02061	0.01364	0.06767	0.41118	0.09689	0.02912	0.09823	0.00246	0.00448	0.00972	0.02131	0.02125
14	0.01431	0.40807	0.01839	0.00969	0.01296	0.27032	0.00831	0.03941	0.12526	0.01340	0.00915	0.00986	0.00761	0.00479	0.00378	0.00119	0.00595	0.00324	0.02813	0.00616
15	0.06393	0.03036	0.02467	0.00814	0.02120	0.00801	0.00664	0.07513	0.04588	0.18532	0.04153	0.01392	0.01044	0.00498	0.00411	0.00112	0.00389	0.02569	0.01659	0.40847

[dist]
# distance from previous block
# <min> <max>
0	4

[block]
# block no. 1 follows, 53 sequences, length 44
# corresponding to MSA columns:
# 2461-2504
name=unknown_B
#
# <colnr> <probs for GDERKNQSTAVLIFYWHMCP>
#	G	D	E	R	K	N	Q	S	T	A	V	L	I	F	Y	W	H	M	C	P
0	0.02418	0.07299	0.14784	0.09050	0.18363	0.04327	0.09976	0.02833	0.12772	0.05188	0.01279	0.02849	0.04380	0.00550	0.00494	0.01433	0.00571	0.00472	0.00298	0.00666
1	0.01124	0.01112	0.03208	0.22309	0.33305	0.07430	0.01190	0.04387	0.08286	0.01555	0.06534	0.01479	0.03088	0.00528	0.00478	0.00146	0.00556	0.00467	0.00289	0.02527
2	0.00948	0.02604	0.30422	0.05791	0.12248	0.02745	0.03259	0.02524	0.02867	0.01486	0.06870	0.06444	0.08318	0.00748	0.02649	0.00173	0.05532	0.02333	0.01429	0.00609
3	0.01062	0.03661	0.09954	0.07315	0.10077	0.00905	0.02557	0.09451	0.07229	0.04489	0.04050	0.17535	0.01411	0.01818	0.00505	0.00147	0.00456	0.00604	0.00348	0.16427
4	0.00682	0.00459	0.00531	0.00541	0.00550	0.00454	0.00315	0.00702	0.00753	0.01010	0.05615	0.12009	0.02037	0.69953	0.02135	0.00418	0.00431	0.00777	0.00319	0.00309
5	0.00991	0.00850	0.00991	0.00708	0.01133	0.00637	0.00566	0.01203	0.00991	0.01557	0.00850	0.00991	0.00708	0.00354	0.00354	0.00071	0.00354	0.00283	0.00283	0.86124
6	0.01548	0.01168	0.01296	0.01080	0.03641	0.01298	0.00846	0.55437	0.10110	0.02545	0.01305	0.05106	0.01046	0.04705	0.04588	0.00195	0.02407	0.00501	0.00444	0.00735
7	0.00643	0.00545	0.00565	0.00602	0.00713	0.04250	0.00433	0.00747	0.01033	0.01265	0.05136	0.33366	0.42610	0.01291	0.00606	0.02014	0.00293	0.03056	0.00431	0.00403
8	0.01226	0.12569	0.15265	0.04112	0.03017	0.07157	0.09877	0.11995	0.01152	0.03919	0.00944	0.01266	0.00786	0.01875	0.03697	0.04305	0.13285	0.02669	0.00272	0.00612
9	0.01228	0.66149	0.11815	0.00993	0.03238	0.01732	0.04640	0.01471	0.02724	0.01220	0.00736	0.00853	0.00640	0.00420	0.00344	0.00113	0.00547	0.00292	0.00213	0.00633
10	0.01211	0.02501	0.11761	0.01212	0.11773	0.04536	0.03560	0.10843	0.01201	0.06951	0.01065	0.05953	0.00886	0.00496	0.00432	0.00118	0.00489	0.00417	0.00316	0.34279
11	0.07483	0.00829	0.02310	0.00752	0.01068	0.00723	0.00605	0.05629	0.01049	0.15308	0.01088	0.01303	0.00873	0.05533	0.02477	0.08305	0.02800	0.00375	0.02172	0.39316
12	0.01513	0.01223	0.03584	0.01040	0.01379	0.01327	0.00858	0.43403	0.33712	0.02525	0.01475	0.01419	0.01081	0.00600	0.00477	0.00151	0.00464	0.00473	0.02520	0.00778
13	0.00759	0.00621	0.00887	0.03496	0.17198	0.00593	0.00668	0.00960	0.01167	0.01606	0.34848	0.14865	0.16679	0.00957	0.00544	0.00156	0.00319	0.00850	0.02326	0.00499
14	0.01214	0.23023	0.14600	0.02385	0.08423	0.07503	0.09249	0.05140	0.03354	0.03345	0.00921	0.03600	0.00791	0.02432	0.00635	0.00153	0.11932	0.00414	0.00255	0.00630
15	0.00585	0.00424	0.00554	0.00650	0.00691	0.00392	0.00438	0.00678	0.00948	0.01257	0.06371	0.73679	0.08661	0.01453	0.00605	0.00190	0.00272	0.01311	0.00448	0.00392
16	0.01761	0.01311	0.01403	0.01088	0.01461	0.01456	0.00895	0.71805	0.09161	0.02921	0.01219	0.01205	0.00871	0.00580	0.00479	0.00145	0.00513	0.00440	0.00479	0.00808
17	0.00667	0.00485	0.00628	0.00599	0.00710	0.00446	0.00447	0.00881	0.01321	0.01856	0.72931	0.07269	0.07944	0.01012	0.00566	0.00153	0.00229	0.00894	0.00519	0.00446
18	0.00611	0.00486	0.00548	0.00532	0.00674	0.00423	0.00399	0.00775	0.01198	0.01549	0.35822	0.04175	0.48886	0.01114	0.00564	0.00157	0.00235	0.00949	0.00478	0.00423
19	0.00654	0.00488	0.00608	0.00578	0.00700	0.00442	0.00434	0.00859	0.01301	0.01792	0.65051	0.03775	0.19505	0.01023	0.00564	0.00153	0.00229	0.00893	0.00510	0.00442
20	0.00991	0.00850	0.00991	0.00708	0.01133	0.00637	0.00566	0.01203	0.00991	0.01557	0.00850	0.00991	0.00708	0.00354	0.00354	0.00071	0.00354	0.00283	0.00283	0.86124
21	0.02034	0.00990	0.01218	0.00934	0.01308	0.00964	0.00772	0.27951	0.01663	0.54513	0.01638	0.01466	0.01059	0.00586	0.00480	0.00146	0.00447	0.00464	0.00553	0.00813
22	0.00683	0.00511	0.00762	0.00762	0.00845	0.00594	0.00590	0.00850	0.00766	0.01105	0.01286	0.01909	0.01209	0.05586	0.79325	0.00760	0.01260	0.00517	0.00257	0.00423
23	0.01682	0.11738	0.03170	0.01168	0.01437	0.68289	0.00914	0.01814	0.01286	0.01166	0.00752	0.00910	0.00643	0.02517	0.00466	0.00130	0.00808	0.00312	0.00241	0.00558
24	0.00959	0.02472	0.80726	0.01362	0.02069	0.01110	0.01766	0.01514	0.01009	0.01514	0.00858	0.01009	0.00605	0.00454	0.00454	0.00151	0.00706	0.00353	0.00202	0.00706
25	0.01036	0.02299	0.70990	0.01378	0.02051	0.01094	0.06920	0.01560	0.01037	0.05924	0.00923	0.01063	0.00646	0.00458	0.00463	0.00152	0.00696	0.00375	0.00226	0.00708
26	0.01135	0.11074	0.23134	0.01760	0.26439	0.04932	0.08102	0.05134	0.03269	0.01539	0.02281	0.07098	0.00947	0.00533	0.00467	0.00145	0.00600	0.00472	0.00262	0.00678
27	0.00903	0.00850	0.01434	0.82054	0.03292	0.01062	0.01327	0.01221	0.00956	0.01221	0.00850	0.01274	0.00637	0.00478	0.00478	0.00159	0.00637	0.00425	0.00212	0.00531
28	0.00598	0.00426	0.00565	0.00671	0.00702	0.00401	0.00455	0.00685	0.00916	0.01219	0.02576	0.74779	0.03072	0.05248	0.00697	0.00208	0.00295	0.05663	0.00436	0.00387
29	0.02684	0.00856	0.01002	0.00769	0.03220	0.00675	0.00591	0.01262	0.03886	0.01590	0.00903	0.01039	0.00745	0.00373	0.00360	0.00078	0.00358	0.00300	0.02191	0.77116
30	0.02646	0.00714	0.00851	0.00785	0.04412	0.00647	0.00571	0.07146	0.04215	0.03532	0.17714	0.12541	0.15701	0.00824	0.00491	0.00136	0.00326	0.01717	0.00411	0.24621
31	0.00770	0.00550	0.00770	0.00880	0.00990	0.00550	0.00770	0.00990	0.01100	0.01430	0.02531	0.05391	0.02751	0.01320	0.00660	0.00220	0.00440	0.77004	0.00440	0.00440
32	0.00638	0.00460	0.00617	0.00722	0.00781	0.00438	0.00539	0.00765	0.00979	0.01287	0.02705	0.55809	0.06575	0.01431	0.00623	0.00200	0.00325	0.24259	0.00443	0.00405
33	0.01212	0.58195	0.19846	0.01089	0.06661	0.03431	0.01074	0.01463	0.00996	0.01241	0.00725	0.00850	0.00621	0.00422	0.00353	0.00116	0.00566	0.00290	0.00207	0.00642
34	0.01015	0.02393	0.76939	0.01338	0.02028	0.01091	0.01715	0.01552	0.01026	0.05274	0.00907	0.01038	0.00633	0.00461	0.00455	0.00151	0.00692	0.00359	0.00220	0.00711
35	0.01419	0.00684	0.00805	0.00689	0.00925	0.00669	0.00546	0.01817	0.14325	0.31844	0.01749	0.01723	0.01248	0.00586	0.00416	0.00134	0.00319	0.00475	0.38991	0.00638
36	0.00643	0.00474	0.00608	0.00693	0.00758	0.00456	0.00498	0.00814	0.04851	0.01307	0.04607	0.57400	0.09602	0.02850	0.00639	0.00197	0.00305	0.12437	0.00445	0.00415
37	0.05514	0.12239	0.44720	0.03078	0.01782	0.06672	0.04652	0.05727	0.01104	0.05558	0.00957	0.04207	0.00749	0.00503	0.00440	0.00145	0.00636	0.00394	0.00256	0.00667
38	0.00686	0.00498	0.00699	0.00699	0.00760	0.00560	0.00511	0.00809	0.00748	0.01058	0.01344	0.02228	0.01347	0.25920	0.59182	0.00683	0.01051	0.00563	0.00265	0.00388
39	0.00588	0.00418	0.00553	0.00659	0.00685	0.00392	0.00437	0.00667	0.00905	0.01207	0.02582	0.79197	0.03095	0.05281	0.00694	0.00207	0.00286	0.01328	0.00437	0.00384
40	0.00975	0.02064	0.60988	0.05028	0.03336	0.01072	0.01536	0.04461	0.01043	0.01543	0.01036	0.03276	0.02669	0.00528	0.00509	0.00153	0.04405	0.00410	0.04301	0.00667
41	0.04732	0.03096	0.14322	0.01817	0.30202	0.10408	0.07597	0.04651	0.02314	0.08017	0.01040	0.02816	0.00831	0.00493	0.00462	0.00143	0.00597	0.01424	0.02245	0.02793
42	0.00977	0.00921	0.01556	0.64691	0.16221	0.01088	0.03390	0.03065	0.01013	0.01328	0.00868	0.01256	0.00664	0.00469	0.00479	0.00156	0.00627	0.00429	0.00223	0.00579
43	0.01150	0.01067	0.03140	0.06886	0.20156	0.01035	0.29527	0.06807	0.02959	0.05147	0.02920	0.05762	0.01047	0.02364	0.00549	0.00159	0.00593	0.00548	0.07541	0.00644

[dist]
# distance from previous block
# <min> <max>
0	3

[block]
# block no. 2 follows, 53 sequences, length 24
# corresponding to MSA columns:
# 2508-2531
name=unknown_C
#
# <colnr> <probs for GDERKNQSTAVLIFYWHMCP>
#	G	D	E	R	K	N	Q	S	T	A	V	L	I	F	Y	W	H	M	C	P
0	0.04414	0.07248	0.01253	0.02236	0.07269	0.02896	0.00742	0.14887	0.06251	0.04391	0.02331	0.01140	0.00850	0.00452	0.00398	0.00107	0.00428	0.00355	0.02082	0.40267
1	0.08886	0.04713	0.05302	0.03521	0.06939	0.11270	0.00896	0.27791	0.08386	0.08012	0.02878	0.07049	0.01065	0.00609	0.00460	0.00146	0.00523	0.00477	0.00391	0.00686
2	0.00705	0.00477	0.00585	0.00579	0.00603	0.00476	0.02056	0.00739	0.00747	0.01025	0.01596	0.11545	0.01799	0.62829	0.05769	0.02030	0.00475	0.00737	0.04906	0.00321
3	0.01293	0.01078	0.01209	0.01187	0.09558	0.02615	0.00843	0.14259	0.52445	0.03853	0.01718	0.05144	0.01337	0.00646	0.00488	0.00157	0.00426	0.00541	0.00455	0.00747
4	0.00713	0.00529	0.00763	0.00755	0.00840	0.00608	0.00578	0.02866	0.00800	0.01143	0.01297	0.01971	0.01234	0.10674	0.72101	0.00724	0.01187	0.00526	0.00265	0.00424
5	0.00959	0.02472	0.80726	0.01362	0.02069	0.01110	0.01766	0.01514	0.01009	0.01514	0.00858	0.01009	0.00605	0.00454	0.00454	0.00151	0.00706	0.00353	0.00202	0.00706
6	0.00638	0.00484	0.00588	0.00569	0.00692	0.00434	0.00424	0.00825	0.01252	0.01695	0.53599	0.07818	0.27089	0.01073	0.00566	0.00156	0.00233	0.00932	0.00497	0.00434
7	0.00567	0.00477	0.00491	0.00502	0.00650	0.00402	0.00371	0.00684	0.01072	0.01284	0.04624	0.12332	0.72436	0.01239	0.00569	0.00165	0.00246	0.01043	0.00444	0.00402
8	0.00649	0.00487	0.00601	0.00573	0.00697	0.00439	0.00430	0.00849	0.01289	0.01764	0.61644	0.03821	0.22930	0.01034	0.00564	0.00153	0.00230	0.00900	0.00506	0.00439
9	0.00676	0.00489	0.00639	0.00601	0.00714	0.00451	0.00451	0.00902	0.01353	0.01917	0.79969	0.03570	0.04510	0.00977	0.00564	0.00150	0.00225	0.00864	0.00526	0.00451
10	0.01532	0.44339	0.01985	0.00966	0.01348	0.10162	0.00863	0.30175	0.01486	0.01831	0.00852	0.00918	0.00688	0.00479	0.00384	0.00120	0.00554	0.00326	0.00311	0.00681
11	0.01278	0.83490	0.02505	0.00818	0.01227	0.01891	0.00818	0.01431	0.00971	0.01125	0.00664	0.00767	0.00613	0.00409	0.00307	0.00102	0.00511	0.00256	0.00204	0.00613
12	0.86579	0.00924	0.00702	0.00629	0.00924	0.01072	0.00518	0.01405	0.00813	0.02144	0.00666	0.00776	0.00518	0.00444	0.00296	0.00148	0.00370	0.00259	0.00296	0.00518
13	0.06577	0.01316	0.01393	0.01073	0.01451	0.01459	0.00887	0.74291	0.02167	0.02964	0.01120	0.01127	0.00796	0.00566	0.00468	0.00144	0.00517	0.00421	0.00468	0.00796
14	0.01225	0.01175	0.03347	0.12304	0.44614	0.03571	0.04866	0.09620	0.11295	0.01712	0.01051	0.01260	0.00830	0.00478	0.00479	0.00147	0.00570	0.00442	0.00291	0.00722
15	0.01278	0.83490	0.02505	0.00818	0.01227	0.01891	0.00818	0.01431	0.00971	0.01125	0.00664	0.00767	0.00613	0.00409	0.00307	0.00102	0.00511	0.00256	0.00204	0.00613
16	0.12540	0.01213	0.02985	0.12769	0.38896	0.08626	0.09572	0.03344	0.01096	0.03271	0.00880	0.01129	0.00701	0.00446	0.00456	0.00146	0.00602	0.00408	0.00255	0.00666
17	0.01189	0.01027	0.01081	0.00973	0.01243	0.01189	0.00757	0.02540	0.79357	0.01999	0.01945	0.01783	0.01459	0.00648	0.00486	0.00162	0.00378	0.00540	0.00486	0.00757
18	0.01136	0.00874	0.00982	0.00845	0.01088	0.00931	0.00662	0.17078	0.28774	0.04105	0.28758	0.04064	0.02376	0.00749	0.00507	0.00150	0.00352	0.00633	0.00489	0.05449
19	0.02487	0.08946	0.27594	0.03678	0.19641	0.01217	0.16878	0.07740	0.01158	0.04817	0.00934	0.01122	0.00704	0.00449	0.00469	0.00146	0.00644	0.00415	0.00258	0.00703
20	0.00706	0.00504	0.00645	0.00618	0.00735	0.00470	0.00460	0.00945	0.03752	0.03375	0.63702	0.11547	0.08680	0.01025	0.00564	0.00156	0.00240	0.00905	0.00513	0.00459
21	0.12211	0.00834	0.01042	0.00824	0.01166	0.00780	0.00675	0.03901	0.05700	0.60928	0.05665	0.01620	0.01278	0.00596	0.00463	0.00149	0.00394	0.00475	0.00544	0.00756
22	0.00842	0.00769	0.02856	0.03012	0.01161	0.03837	0.11781	0.02735	0.00965	0.01294	0.01785	0.35319	0.01967	0.05982	0.02014	0.05033	0.08444	0.07313	0.02433	0.00455
23	0.04179	0.03065	0.13488	0.08029	0.27804	0.04511	0.10830	0.17756	0.01310	0.01819	0.00926	0.01132	0.00714	0.00472	0.00489	0.00147	0.01919	0.00419	0.00283	0.00707

[dist]
# distance from previous block
# <min> <max>
4	8

[block]
# block no. 3 follows, 53 sequences, length 18
# corresponding to MSA columns:
# 2540-2557
name=unknown_D
#
# <colnr> <probs for GDERKNQSTAVLIFYWHMCP>
#	G	D	E	R	K	N	Q	S	T	A	V	L	I	F	Y	W	H	M	C	P
0	0.01178	0.01111	0.01756	0.05138	0.57721	0.02711	0.03722	0.04530	0.07322	0.01620	0.01115	0.01406	0.02478	0.00499	0.00502	0.00147	0.02181	0.02236	0.01910	0.00719
1	0.00660	0.00480	0.00591	0.00587	0.00688	0.00442	0.00430	0.00829	0.01170	0.01602	0.44103	0.11535	0.17771	0.09594	0.00760	0.00191	0.00269	0.04729	0.03152	0.00419
2	0.00903	0.00850	0.01434	0.82054	0.03292	0.01062	0.01327	0.01221	0.00956	0.01221	0.00850	0.01274	0.00637	0.00478	0.00478	0.00159	0.00637	0.00425	0.00212	0.00531
3	0.00687	0.00497	0.00635	0.00606	0.00720	0.00464	0.00452	0.00930	0.03257	0.01859	0.69429	0.07902	0.06352	0.00992	0.00558	0.00152	0.00233	0.00876	0.02945	0.00454
4	0.00580	0.00425	0.00545	0.00642	0.00687	0.00390	0.00433	0.00668	0.00938	0.01229	0.02923	0.72638	0.13227	0.01460	0.00604	0.00190	0.00273	0.01313	0.00444	0.00390
5	0.01285	0.17356	0.12229	0.01005	0.01369	0.06008	0.00915	0.03656	0.42197	0.06851	0.01457	0.01403	0.01097	0.00561	0.00443	0.00145	0.00482	0.00440	0.00385	0.00715
6	0.00600	0.00426	0.00561	0.00662	0.00691	0.00402	0.00444	0.00682	0.00904	0.01203	0.02532	0.72715	0.03020	0.08587	0.00770	0.00219	0.00300	0.04471	0.00430	0.00382
7	0.00901	0.02952	0.12974	0.03606	0.07402	0.00770	0.06684	0.02413	0.01188	0.05048	0.34378	0.05424	0.06012	0.02823	0.00607	0.00163	0.02858	0.02851	0.00394	0.00549
8	0.01093	0.02942	0.08290	0.09831	0.39085	0.01105	0.07818	0.01497	0.08509	0.01519	0.01000	0.01255	0.00810	0.00623	0.04687	0.00177	0.03044	0.00434	0.00258	0.06025
9	0.01785	0.02278	0.01354	0.01231	0.01478	0.81284	0.00924	0.01909	0.01354	0.01170	0.00739	0.00862	0.00616	0.00493	0.00431	0.00123	0.00862	0.00308	0.00246	0.00554
10	0.00919	0.00868	0.01453	0.75626	0.05863	0.01083	0.01319	0.01226	0.00950	0.01230	0.00841	0.01261	0.00641	0.00492	0.00527	0.00161	0.04363	0.00425	0.00213	0.00538
11	0.86579	0.00924	0.00702	0.00629	0.00924	0.01072	0.00518	0.01405	0.00813	0.02144	0.00666	0.00776	0.00518	0.00444	0.00296	0.00148	0.00370	0.00259	0.00296	0.00518
12	0.01183	0.01136	0.01940	0.02934	0.80221	0.01136	0.01467	0.01467	0.01088	0.01562	0.00899	0.01183	0.00757	0.00426	0.00473	0.00142	0.00568	0.00426	0.00237	0.00757
13	0.86579	0.00924	0.00702	0.00629	0.00924	0.01072	0.00518	0.01405	0.00813	0.02144	0.00666	0.00776	0.00518	0.00444	0.00296	0.00148	0.00370	0.00259	0.00296	0.00518
14	0.86579	0.00924	0.00702	0.00629	0.00924	0.01072	0.00518	0.01405	0.00813	0.02144	0.00666	0.00776	0.00518	0.00444	0.00296	0.00148	0.00370	0.00259	0.00296	0.00518
15	0.02144	0.00813	0.01109	0.00850	0.01220	0.00702	0.00702	0.02329	0.01368	0.80552	0.01886	0.01627	0.01183	0.00592	0.00481	0.00148	0.00407	0.00481	0.00592	0.00813
16	0.00654	0.00488	0.00608	0.00578	0.00700	0.00441	0.00433	0.00858	0.01300	0.01790	0.64756	0.03779	0.19802	0.01024	0.00564	0.00153	0.00229	0.00894	0.00509	0.00441
17	0.00925	0.00860	0.01444	0.73169	0.09414	0.01049	0.01308	0.01238	0.00968	0.01266	0.00875	0.01282	0.00665	0.00476	0.00473	0.00156	0.00619	0.00425	0.02840	0.00547

[dist]
# distance from previous block
# <min> <max>
0	36

[block]
# block no. 4 follows, 53 sequences, length 37
# corresponding to MSA columns:
# 2594-2630
name=unknown_E
#
# <colnr> <probs for GDERKNQSTAVLIFYWHMCP>
#	G	D	E	R	K	N	Q	S	T	A	V	L	I	F	Y	W	H	M	C	P
0	0.00769	0.00512	0.00703	0.00809	0.02927	0.00487	0.00603	0.00914	0.01022	0.06558	0.02569	0.45116	0.05167	0.01337	0.00615	0.00198	0.00351	0.28453	0.00447	0.00445
1	0.86579	0.00924	0.00702	0.00629	0.00924	0.01072	0.00518	0.01405	0.00813	0.02144	0.00666	0.00776	0.00518	0.00444	0.00296	0.00148	0.00370	0.00259	0.00296	0.00518
2	0.00816	0.00555	0.00711	0.00728	0.00862	0.00540	0.00592	0.01092	0.05950	0.05407	0.26568	0.07079	0.09564	0.01085	0.00580	0.00178	0.00331	0.30755	0.06131	0.00476
3	0.00739	0.00655	0.02455	0.00937	0.01063	0.00611	0.15939	0.00882	0.00915	0.01231	0.01982	0.43641	0.02257	0.18549	0.01009	0.00245	0.02366	0.03736	0.00361	0.00429
4	0.01712	0.01287	0.01345	0.01050	0.01401	0.04121	0.00860	0.67733	0.03361	0.02827	0.04593	0.01283	0.00997	0.00589	0.00474	0.00142	0.00508	0.00447	0.04500	0.00770
5	0.08049	0.00993	0.01150	0.00900	0.01247	0.01010	0.00739	0.29855	0.04137	0.38615	0.01508	0.01407	0.01012	0.00574	0.00456	0.00144	0.00433	0.00446	0.06560	0.00764
6	0.00903	0.00850	0.01434	0.82054	0.03292	0.01062	0.01327	0.01221	0.00956	0.01221	0.00850	0.01274	0.00637	0.00478	0.00478	0.00159	0.00637	0.00425	0.00212	0.00531
7	0.86579	0.00924	0.00702	0.00629	0.00924	0.01072	0.00518	0.01405	0.00813	0.02144	0.00666	0.00776	0.00518	0.00444	0.00296	0.00148	0.00370	0.00259	0.00296	0.00518
8	0.01298	0.01208	0.12123	0.21644	0.26237	0.01077	0.02829	0.10740	0.01225	0.13611	0.01075	0.01260	0.00787	0.00487	0.00472	0.00148	0.00572	0.00428	0.02078	0.00701
9	0.00926	0.02525	0.02272	0.07873	0.11887	0.03574	0.05427	0.02902	0.01048	0.04222	0.14179	0.15571	0.01877	0.04052	0.15554	0.00283	0.04285	0.00681	0.00339	0.00525
10	0.00581	0.00460	0.00525	0.00575	0.00680	0.00404	0.00414	0.00691	0.01020	0.01269	0.03852	0.36070	0.45701	0.01331	0.00587	0.00177	0.00265	0.04555	0.00444	0.00399
11	0.00591	0.00422	0.00564	0.00675	0.00707	0.00395	0.00458	0.00680	0.00923	0.01230	0.02630	0.79417	0.03143	0.01489	0.00612	0.00195	0.00285	0.04749	0.00444	0.00391
12	0.00717	0.00488	0.00593	0.00625	0.00656	0.00488	0.00428	0.00780	0.00812	0.01072	0.01801	0.03779	0.02029	0.59646	0.01923	0.00393	0.00457	0.22648	0.00333	0.00333
13	0.01955	0.00768	0.01045	0.00824	0.01156	0.00667	0.00671	0.02136	0.01337	0.70703	0.06501	0.07119	0.01509	0.00674	0.00494	0.00151	0.00388	0.00561	0.00578	0.00764
14	0.01278	0.83490	0.02505	0.00818	0.01227	0.01891	0.00818	0.01431	0.00971	0.01125	0.00664	0.00767	0.00613	0.00409	0.00307	0.00102	0.00511	0.00256	0.00204	0.00613
15	0.02144	0.00813	0.01109	0.00850	0.01220	0.00702	0.00702	0.02329	0.01368	0.80552	0.01886	0.01627	0.01183	0.00592	0.00481	0.00148	0.00407	0.00481	0.00592	0.00813
16	0.01278	0.83490	0.02505	0.00818	0.01227	0.01891	0.00818	0.01431	0.00971	0.01125	0.00664	0.00767	0.00613	0.00409	0.00307	0.00102	0.00511	0.00256	0.00204	0.00613
17	0.83357	0.00920	0.00718	0.00637	0.00936	0.01058	0.00525	0.01440	0.00835	0.05136	0.00712	0.00809	0.00543	0.00449	0.00303	0.00148	0.00371	0.00267	0.00307	0.00529
18	0.02144	0.00813	0.01109	0.00850	0.01220	0.00702	0.00702	0.02329	0.01368	0.80552	0.01886	0.01627	0.01183	0.00592	0.00481	0.00148	0.00407	0.00481	0.00592	0.00813
19	0.01231	0.01048	0.01105	0.00981	0.01259	0.01209	0.00767	0.07673	0.74156	0.02068	0.01892	0.01740	0.01415	0.00643	0.00486	0.00161	0.00388	0.00533	0.00486	0.00760
20	0.01185	0.06589	0.01883	0.04395	0.61423	0.02884	0.02931	0.01529	0.06484	0.01534	0.00971	0.01255	0.00817	0.00465	0.00492	0.00144	0.02455	0.01585	0.00254	0.00725
21	0.00686	0.00465	0.00519	0.00519	0.00530	0.00459	0.00294	0.00694	0.00721	0.00951	0.01727	0.03225	0.06919	0.77776	0.02309	0.00443	0.00449	0.00716	0.00300	0.00297
22	0.01620	0.01227	0.09864	0.02826	0.07972	0.02482	0.00946	0.28004	0.02761	0.24023	0.01270	0.01267	0.00886	0.00525	0.00458	0.00136	0.00496	0.00418	0.01743	0.11075
23	0.06924	0.78025	0.02385	0.00805	0.01207	0.01837	0.00798	0.01429	0.00961	0.01192	0.00665	0.00767	0.00607	0.00411	0.00306	0.00105	0.00502	0.00256	0.00211	0.00607
24	0.00602	0.00455	0.00564	0.00612	0.00690	0.00425	0.00430	0.00714	0.00975	0.01272	0.09652	0.40823	0.24845	0.05796	0.09596	0.00258	0.00383	0.01090	0.00422	0.00397
25	0.02892	0.19767	0.34744	0.01192	0.06649	0.01244	0.01213	0.05714	0.09166	0.05798	0.02781	0.01269	0.02791	0.02234	0.00472	0.00147	0.00561	0.00399	0.00286	0.00680
26	0.01161	0.01248	0.07058	0.07438	0.61502	0.05537	0.03018	0.01452	0.01087	0.01504	0.00988	0.02745	0.02181	0.00468	0.00476	0.00144	0.00591	0.00445	0.00241	0.00713
27	0.00602	0.00431	0.00572	0.00652	0.00698	0.00401	0.00445	0.00715	0.01008	0.01367	0.18961	0.66145	0.03446	0.01388	0.00600	0.00185	0.00266	0.01254	0.00461	0.00401
28	0.01003	0.09730	0.66867	0.01348	0.02004	0.01189	0.06750	0.01528	0.02568	0.01489	0.00869	0.01021	0.00631	0.00450	0.00449	0.00148	0.00689	0.00362	0.00210	0.00695
29	0.01239	0.08778	0.15048	0.06853	0.24500	0.04704	0.01164	0.04327	0.05902	0.10535	0.06191	0.03948	0.01112	0.00555	0.00499	0.00146	0.03038	0.00464	0.00315	0.00681
30	0.22143	0.01194	0.11165	0.01007	0.04954	0.02764	0.00860	0.20328	0.01364	0.21064	0.03071	0.04339	0.00982	0.00567	0.00435	0.00148	0.00469	0.00434	0.02025	0.00688
31	0.00675	0.00462	0.00615	0.00706	0.00767	0.00437	0.00515	0.00790	0.00969	0.03681	0.02633	0.57049	0.06015	0.04536	0.00685	0.00207	0.00323	0.18082	0.00442	0.00410
32	0.03247	0.04996	0.12861	0.05164	0.23997	0.12089	0.04994	0.04168	0.02531	0.06378	0.02788	0.01532	0.02658	0.02856	0.00545	0.00156	0.02164	0.04322	0.01908	0.00646
33	0.01346	0.14759	0.16694	0.04966	0.09933	0.13568	0.05720	0.12456	0.01261	0.06358	0.02494	0.03835	0.00858	0.00530	0.00484	0.00141	0.03223	0.00418	0.00293	0.00662
34	0.00667	0.00491	0.00611	0.00670	0.02223	0.00451	0.00466	0.02567	0.01075	0.02923	0.14997	0.43317	0.23436	0.01279	0.00584	0.00176	0.00278	0.02905	0.00456	0.00428
35	0.01191	0.02696	0.02405	0.05843	0.05804	0.15929	0.08774	0.11833	0.07720	0.02837	0.11429	0.09526	0.09047	0.00732	0.00526	0.00152	0.01976	0.00623	0.00370	0.00588
36	0.13421	0.01140	0.02614	0.01376	0.19596	0.07740	0.03091	0.08796	0.07632	0.04562	0.02812	0.01166	0.00859	0.00474	0.00441	0.00128	0.01932	0.00382	0.00319	0.21519

[dist]
# distance from previous block
# <min> <max>
0	72

[block]
# block no. 5 follows, 53 sequences, length 36
# corresponding to MSA columns:
# 2703-2738
name=unknown_F
#
# <colnr> <probs for GDERKNQSTAVLIFYWHMCP>
#	G	D	E	R	K	N	Q	S	T	A	V	L	I	F	Y	W	H	M	C	P
0	0.05356	0.21383	0.10167	0.02865	0.06043	0.14207	0.02593	0.08917	0.05061	0.03776	0.03558	0.03769	0.00911	0.00562	0.00537	0.00141	0.08835	0.00405	0.00288	0.00627
1	0.10252	0.05604	0.05151	0.03111	0.13227	0.13562	0.10630	0.12946	0.01275	0.06970	0.01105	0.01295	0.02348	0.00512	0.00444	0.00140	0.00572	0.01948	0.06921	0.01988
2	0.00923	0.11523	0.02665	0.06349	0.06061	0.03794	0.02997	0.01120	0.01019	0.01339	0.03009	0.14156	0.01817	0.03366	0.00643	0.00179	0.04785	0.26398	0.00338	0.07520
3	0.12145	0.00854	0.01077	0.00879	0.03193	0.00795	0.00700	0.05901	0.02677	0.61392	0.01776	0.01590	0.03650	0.00590	0.00461	0.00148	0.00406	0.00468	0.00535	0.00762
4	0.00597	0.00479	0.00534	0.00542	0.00676	0.00416	0.00403	0.00739	0.01127	0.01424	0.21081	0.13668	0.52209	0.01196	0.00573	0.00164	0.00248	0.03049	0.00462	0.00413
5	0.01118	0.00697	0.00843	0.00724	0.00936	0.00678	0.00568	0.12003	0.06093	0.16192	0.42031	0.02891	0.11544	0.00858	0.00532	0.00151	0.00311	0.00732	0.00520	0.00579
6	0.00843	0.00471	0.00504	0.00490	0.00618	0.00448	0.00370	0.01048	0.01085	0.04290	0.14614	0.02533	0.14910	0.00734	0.00414	0.00127	0.00232	0.00607	0.55210	0.00451
7	0.82812	0.00919	0.00721	0.00638	0.00938	0.01056	0.00526	0.01446	0.00838	0.05643	0.00720	0.00814	0.00547	0.00450	0.00304	0.00148	0.00371	0.00269	0.00309	0.00531
8	0.01817	0.01339	0.01434	0.01100	0.01482	0.01482	0.00908	0.78627	0.02247	0.03012	0.01148	0.01148	0.00813	0.00574	0.00478	0.00143	0.00526	0.00430	0.00478	0.00813
9	0.00903	0.00850	0.01434	0.82054	0.03292	0.01062	0.01327	0.01221	0.00956	0.01221	0.00850	0.01274	0.00637	0.00478	0.00478	0.00159	0.00637	0.00425	0.00212	0.00531
10	0.02114	0.00862	0.01139	0.00873	0.01244	0.00774	0.00721	0.09364	0.01449	0.73403	0.01818	0.01583	0.01149	0.00590	0.00480	0.00147	0.00418	0.00476	0.00581	0.00813
11	0.01046	0.01046	0.01464	0.01255	0.01255	0.01464	0.01046	0.01150	0.00732	0.01150	0.00627	0.01046	0.00627	0.00837	0.01569	0.00209	0.82328	0.00418	0.00209	0.00523
12	0.00582	0.00416	0.00555	0.00666	0.00693	0.00388	0.00444	0.00666	0.00915	0.01220	0.02634	0.82891	0.03161	0.01497	0.00610	0.00194	0.00277	0.01359	0.00444	0.00388
13	0.00981	0.02314	0.70323	0.01449	0.02126	0.01123	0.12010	0.01516	0.01025	0.01516	0.00872	0.01047	0.00621	0.00447	0.00469	0.00153	0.00720	0.00381	0.00207	0.00698
14	0.01155	0.10404	0.25253	0.02027	0.34071	0.02900	0.12471	0.01516	0.01071	0.03411	0.00892	0.01106	0.00700	0.00435	0.00462	0.00143	0.00639	0.00405	0.00233	0.00708
15	0.01057	0.14712	0.59295	0.01324	0.01948	0.04737	0.07544	0.01520	0.01028	0.01441	0.00832	0.00988	0.00616	0.00445	0.00439	0.00143	0.00691	0.00353	0.00207	0.00681
16	0.01877	0.01178	0.06928	0.00999	0.01394	0.01103	0.00870	0.39064	0.01759	0.35920	0.01450	0.01355	0.00964	0.00572	0.00475	0.00145	0.00482	0.00447	0.02221	0.00798
17	0.00731	0.00613	0.00785	0.00781	0.04761	0.00581	0.03989	0.01042	0.09766	0.01588	0.27093	0.05877	0.36072	0.01014	0.00556	0.00160	0.00301	0.03352	0.00454	0.00486
18	0.02094	0.00819	0.01105	0.00851	0.01213	0.00718	0.00701	0.04462	0.01393	0.76141	0.04053	0.01668	0.01266	0.00602	0.00483	0.00148	0.00405	0.00490	0.00587	0.00803
19	0.01281	0.01392	0.11415	0.01702	0.15610	0.03787	0.24078	0.17591	0.13302	0.01895	0.01149	0.02601	0.00883	0.00507	0.00502	0.00152	0.00622	0.00488	0.00326	0.00717
20	0.00903	0.00850	0.01434	0.82054	0.03292	0.01062	0.01327	0.01221	0.00956	0.01221	0.00850	0.01274	0.00637	0.00478	0.00478	0.00159	0.00637	0.00425	0.00212	0.00531
21	0.01741	0.01301	0.01392	0.01084	0.01453	0.01447	0.00890	0.69464	0.11534	0.02890	0.01244	0.01224	0.00891	0.00583	0.00479	0.00146	0.00508	0.00444	0.00479	0.00806
22	0.00701	0.00486	0.00626	0.00648	0.00725	0.00479	0.00466	0.00819	0.00937	0.03902	0.10979	0.22169	0.12214	0.19118	0.17679	0.00361	0.00530	0.06371	0.00386	0.00402
23	0.00695	0.00464	0.00525	0.00524	0.00527	0.00463	0.00294	0.00701	0.00714	0.00955	0.03713	0.03140	0.01816	0.80890	0.02380	0.00455	0.00457	0.00700	0.00296	0.00294
24	0.00903	0.00850	0.01434	0.82054	0.03292	0.01062	0.01327	0.01221	0.00956	0.01221	0.00850	0.01274	0.00637	0.00478	0.00478	0.00159	0.00637	0.00425	0.00212	0.00531
25	0.01203	0.01106	0.01062	0.00969	0.01214	0.09938	0.00744	0.03688	0.60881	0.01856	0.03382	0.08860	0.01564	0.00711	0.00493	0.00160	0.00422	0.00591	0.00457	0.00697
26	0.00627	0.00462	0.00527	0.00547	0.00615	0.00427	0.00361	0.00703	0.00926	0.01193	0.09536	0.20908	0.27600	0.31972	0.01274	0.00281	0.00331	0.00955	0.00393	0.00362
27	0.00582	0.00416	0.00555	0.00666	0.00693	0.00388	0.00444	0.00666	0.00915	0.01220	0.02634	0.82891	0.03161	0.01497	0.00610	0.00194	0.00277	0.01359	0.00444	0.00388
28	0.00770	0.00550	0.00770	0.00880	0.00990	0.00550	0.00770	0.00990	0.01100	0.01430	0.02531	0.05391	0.02751	0.01320	0.00660	0.00220	0.00440	0.77004	0.00440	0.00440
29	0.00855	0.00749	0.01106	0.01118	0.07706	0.00941	0.00823	0.01003	0.00779	0.01155	0.01009	0.01519	0.00951	0.02312	0.44734	0.02598	0.29452	0.00470	0.00237	0.00483
30	0.79071	0.00898	0.00709	0.00630	0.00921	0.01028	0.00518	0.01434	0.00846	0.05627	0.00759	0.00858	0.00578	0.00455	0.00306	0.00146	0.00365	0.00277	0.04044	0.00528
31	0.00695	0.00463	0.00521	0.00521	0.00521	0.00463	0.00290	0.00695	0.00695	0.00927	0.01506	0.03128	0.01738	0.83203	0.02433	0.00463	0.00463	0.00695	0.00290	0.00290
32	0.01046	0.01046	0.01464	0.01255	0.01255	0.01464	0.01046	0.01150	0.00732	0.01150	0.00627	0.01046	0.00627	0.00837	0.01569	0.00209	0.82328	0.00418	0.00209	0.00523
33	0.00693	0.00476	0.00558	0.00581	0.00600	0.00476	0.00358	0.00761	0.03093	0.01040	0.01782	0.17758	0.02045	0.61295	0.01944	0.00392	0.00426	0.05059	0.00332	0.00330
34	0.00623	0.00431	0.00568	0.00661	0.00705	0.00398	0.00447	0.00714	0.00944	0.03261	0.04421	0.75648	0.06496	0.01450	0.00604	0.00191	0.00278	0.01310	0.00449	0.00401
35	0.00676	0.00489	0.00639	0.00601	0.00714	0.00451	0.00451	0.00902	0.01353	0.01917	0.79969	0.03570	0.04510	0.00977	0.00564	0.00150	0.00225	0.00864	0.00526	0.00451

[dist]
# distance from previous block
# <min> <max>
3	5

[block]
# block no. 6 follows, 53 sequences, length 67
# corresponding to MSA columns:
# 2744-2810
name=unknown_G
#
# <colnr> <probs for GDERKNQSTAVLIFYWHMCP>
#	G	D	E	R	K	N	Q	S	T	A	V	L	I	F	Y	W	H	M	C	P
0	0.00771	0.00510	0.00669	0.00617	0.00747	0.00467	0.00467	0.00994	0.01354	0.07002	0.74919	0.03445	0.04295	0.00952	0.00558	0.00150	0.00237	0.00840	0.00530	0.00474
1	0.01017	0.00968	0.01632	0.48188	0.33246	0.01106	0.01371	0.01314	0.00999	0.01351	0.00861	0.01230	0.00684	0.00471	0.00516	0.00154	0.03625	0.00425	0.00222	0.00619
2	0.51964	0.05009	0.05751	0.02092	0.02705	0.02715	0.00728	0.13895	0.07825	0.02141	0.00873	0.00953	0.00664	0.00482	0.00360	0.00146	0.00440	0.00323	0.00328	0.00607
3	0.00602	0.00481	0.00539	0.00534	0.00671	0.00418	0.00397	0.00755	0.01164	0.01491	0.29231	0.09243	0.50481	0.01153	0.00567	0.00160	0.00239	0.00984	0.00471	0.00418
4	0.01071	0.00980	0.01618	0.44737	0.31992	0.01112	0.01341	0.03963	0.01050	0.03109	0.00892	0.01234	0.00699	0.00478	0.00518	0.00154	0.03756	0.00426	0.00239	0.00631
5	0.01278	0.83490	0.02505	0.00818	0.01227	0.01891	0.00818	0.01431	0.00971	0.01125	0.00664	0.00767	0.00613	0.00409	0.00307	0.00102	0.00511	0.00256	0.00204	0.00613
6	0.01208	0.01036	0.01092	0.00977	0.01250	0.01198	0.00761	0.04904	0.76962	0.02031	0.01921	0.01764	0.01439	0.00646	0.00486	0.00162	0.00383	0.00537	0.00486	0.00758
7	0.01128	0.01289	0.02820	0.02015	0.02498	0.01209	0.78485	0.01531	0.01128	0.01531	0.00967	0.01289	0.00725	0.00403	0.00564	0.00161	0.00806	0.00564	0.00242	0.00645
8	0.00891	0.00445	0.00445	0.00445	0.00557	0.00445	0.00334	0.01114	0.01002	0.01782	0.01559	0.01782	0.01225	0.00557	0.00334	0.00111	0.00223	0.00445	0.85856	0.00445
9	0.86579	0.00924	0.00702	0.00629	0.00924	0.01072	0.00518	0.01405	0.00813	0.02144	0.00666	0.00776	0.00518	0.00444	0.00296	0.00148	0.00370	0.00259	0.00296	0.00518
10	0.00695	0.00463	0.00521	0.00521	0.00521	0.00463	0.00290	0.00695	0.00695	0.00927	0.01506	0.03128	0.01738	0.83203	0.02433	0.00463	0.00463	0.00695	0.00290	0.00290
11	0.01183	0.01136	0.01940	0.02934	0.80221	0.01136	0.01467	0.01467	0.01088	0.01562	0.00899	0.01183	0.00757	0.00426	0.00473	0.00142	0.00568	0.00426	0.00237	0.00757
12	0.00593	0.00424	0.00566	0.00673	0.00707	0.00397	0.00458	0.00685	0.00934	0.01246	0.04484	0.77602	0.03176	0.01477	0.00611	0.00194	0.00283	0.04652	0.00446	0.00392
13	0.00642	0.00445	0.00544	0.00596	0.00617	0.00430	0.00375	0.00692	0.00826	0.01099	0.03637	0.39331	0.04297	0.40792	0.01486	0.00323	0.00369	0.02784	0.00371	0.00344
14	0.01242	0.01080	0.01109	0.00987	0.01264	0.03423	0.00770	0.07021	0.72640	0.02036	0.01865	0.01720	0.01397	0.00640	0.00484	0.00160	0.00400	0.00527	0.00479	0.00754
15	0.00911	0.00858	0.01449	0.79642	0.05637	0.01064	0.01332	0.01229	0.00960	0.01232	0.00851	0.01272	0.00641	0.00476	0.00478	0.00159	0.00635	0.00425	0.00213	0.00538
16	0.01215	0.05106	0.37413	0.03324	0.11157	0.06613	0.02308	0.13388	0.05055	0.03316	0.03155	0.01161	0.00823	0.00493	0.00456	0.00143	0.00617	0.00394	0.00286	0.03577
17	0.01945	0.00934	0.01160	0.00911	0.01268	0.00908	0.00745	0.15251	0.13316	0.55567	0.01770	0.01570	0.01162	0.00597	0.00481	0.00149	0.00423	0.00481	0.00556	0.00805
18	0.02088	0.00831	0.01112	0.00857	0.01221	0.00735	0.00706	0.05122	0.02789	0.74817	0.03324	0.01648	0.01237	0.00599	0.00482	0.00148	0.00407	0.00487	0.00584	0.00806
19	0.00991	0.04705	0.02995	0.37806	0.03202	0.02851	0.04524	0.06821	0.01080	0.04368	0.03048	0.15258	0.04430	0.04095	0.00594	0.00173	0.01592	0.00623	0.00306	0.00538
20	0.00822	0.00721	0.01060	0.14553	0.12863	0.00746	0.04281	0.01149	0.09720	0.01435	0.07445	0.22546	0.17031	0.00935	0.00542	0.00167	0.00408	0.02674	0.00376	0.00526
21	0.00847	0.00629	0.00706	0.00698	0.00839	0.00658	0.00516	0.02742	0.23567	0.01674	0.12024	0.26580	0.08799	0.00972	0.00511	0.00160	0.00291	0.00846	0.16419	0.00522
22	0.00695	0.00463	0.00521	0.00521	0.00521	0.00463	0.00290	0.00695	0.00695	0.00927	0.01506	0.03128	0.01738	0.83203	0.02433	0.00463	0.00463	0.00695	0.00290	0.00290
23	0.05535	0.02620	0.06098	0.08787	0.01654	0.04179	0.07962	0.29644	0.08489	0.03614	0.01076	0.01199	0.00809	0.00597	0.02231	0.00158	0.05365	0.00421	0.01387	0.08175
24	0.01664	0.01354	0.01213	0.01006	0.01305	0.22244	0.00797	0.30163	0.05467	0.15419	0.08384	0.02555	0.03339	0.00624	0.00475	0.00141	0.00544	0.00478	0.02142	0.00686
25	0.00613	0.00441	0.00588	0.00695	0.00742	0.00416	0.00496	0.00721	0.00952	0.01258	0.02694	0.67108	0.05761	0.01458	0.00617	0.00197	0.00304	0.14098	0.00443	0.00397
26	0.01046	0.01046	0.01464	0.01255	0.01255	0.01464	0.01046	0.01150	0.00732	0.01150	0.00627	0.01046	0.00627	0.00837	0.01569	0.00209	0.82328	0.00418	0.00209	0.00523
27	0.00657	0.00488	0.00612	0.00581	0.00702	0.00443	0.00436	0.00864	0.01307	0.01808	0.66896	0.03749	0.17651	0.01018	0.00564	0.00152	0.00228	0.00890	0.00512	0.00443
28	0.01060	0.10449	0.62914	0.01334	0.01965	0.07070	0.05763	0.01535	0.01037	0.01451	0.00836	0.00989	0.00613	0.00450	0.00444	0.00145	0.00704	0.00352	0.00208	0.00683
29	0.03281	0.00858	0.01425	0.77902	0.05071	0.01064	0.01308	0.01232	0.00955	0.01255	0.00846	0.01258	0.00637	0.00476	0.00473	0.00159	0.00628	0.00420	0.00215	0.00536
30	0.00830	0.00415	0.00623	0.00623	0.00623	0.00415	0.00415	0.00623	0.00623	0.00830	0.00830	0.01453	0.00830	0.01660	0.01868	0.86094	0.00415	0.00415	0.00208	0.00208
31	0.02144	0.00813	0.01109	0.00850	0.01220	0.00702	0.00702	0.02329	0.01368	0.80552	0.01886	0.01627	0.01183	0.00592	0.00481	0.00148	0.00407	0.00481	0.00592	0.00813
32	0.00695	0.00463	0.00521	0.00521	0.00521	0.00463	0.00290	0.00695	0.00695	0.00927	0.01506	0.03128	0.01738	0.83203	0.02433	0.00463	0.00463	0.00695	0.00290	0.00290
33	0.01278	0.83490	0.02505	0.00818	0.01227	0.01891	0.00818	0.01431	0.00971	0.01125	0.00664	0.00767	0.00613	0.00409	0.00307	0.00102	0.00511	0.00256	0.00204	0.00613
34	0.00748	0.00504	0.00662	0.00613	0.00739	0.00463	0.00463	0.00972	0.01354	0.05749	0.76164	0.03476	0.04348	0.00958	0.00560	0.00150	0.00234	0.00846	0.00529	0.00469
35	0.00984	0.08891	0.74529	0.01319	0.02002	0.01172	0.01691	0.01507	0.01006	0.01483	0.00842	0.00990	0.00606	0.00451	0.00442	0.00147	0.00691	0.00345	0.00202	0.00699
36	0.00610	0.00436	0.00587	0.00697	0.00737	0.00412	0.00492	0.00714	0.00943	0.01251	0.02619	0.71351	0.03100	0.01471	0.00618	0.00198	0.00302	0.12622	0.00443	0.00396
37	0.00582	0.00418	0.00552	0.00659	0.00692	0.00389	0.00441	0.00666	0.00921	0.01223	0.02709	0.80260	0.05744	0.01488	0.00609	0.00193	0.00276	0.01347	0.00444	0.00389
38	0.00704	0.00536	0.00786	0.00798	0.02202	0.00622	0.00597	0.00856	0.00769	0.01105	0.01302	0.03837	0.01262	0.10685	0.67857	0.00695	0.04160	0.00544	0.00261	0.00423
39	0.00614	0.00484	0.00520	0.00524	0.00671	0.00413	0.00388	0.00740	0.01097	0.03226	0.10628	0.13857	0.62751	0.01211	0.00568	0.00164	0.00249	0.01026	0.00454	0.00415
40	0.02105	0.00805	0.01097	0.00844	0.01207	0.00696	0.00696	0.02291	0.01368	0.78452	0.03970	0.01679	0.01272	0.00602	0.00483	0.00148	0.00402	0.00491	0.00590	0.00804
41	0.01065	0.01691	0.30097	0.03684	0.04033	0.01169	0.48110	0.01516	0.01081	0.01518	0.00924	0.01188	0.00682	0.00423	0.00522	0.00157	0.00762	0.00484	0.00227	0.00666
42	0.01005	0.00903	0.03743	0.08429	0.11567	0.02347	0.11212	0.04658	0.07056	0.01563	0.02839	0.01662	0.02919	0.04635	0.10060	0.00232	0.04610	0.00497	0.19498	0.00564
43	0.00623	0.00445	0.00588	0.02283	0.00736	0.00434	0.00455	0.00710	0.00890	0.01193	0.04686	0.58221	0.02787	0.15356	0.05454	0.00271	0.00376	0.03707	0.00405	0.00380
44	0.14122	0.05147	0.03463	0.14307	0.26942	0.18938	0.04984	0.02699	0.01092	0.01502	0.00812	0.01044	0.00658	0.00459	0.00453	0.00142	0.01997	0.00372	0.00245	0.00624
45	0.00611	0.00491	0.00546	0.00570	0.00707	0.00433	0.00440	0.00747	0.01077	0.01322	0.07032	0.09088	0.56255	0.04255	0.00653	0.00184	0.00287	0.14453	0.00441	0.00407
46	0.01034	0.00858	0.00996	0.00724	0.01136	0.00671	0.00579	0.02900	0.03689	0.03438	0.00997	0.01108	0.02336	0.00391	0.00368	0.00079	0.00357	0.00314	0.00305	0.77718
47	0.00632	0.00518	0.00565	0.00560	0.00712	0.00462	0.00419	0.00839	0.05591	0.01428	0.15753	0.12193	0.53138	0.01156	0.00562	0.00162	0.00257	0.02358	0.00455	0.02241
48	0.11437	0.01071	0.05571	0.03183	0.05585	0.02375	0.00832	0.20703	0.04150	0.31287	0.05991	0.01518	0.02989	0.00588	0.00463	0.00147	0.00456	0.00465	0.00462	0.00726
49	0.00959	0.02472	0.80726	0.01362	0.02069	0.01110	0.01766	0.01514	0.01009	0.01514	0.00858	0.01009	0.00605	0.00454	0.00454	0.00151	0.00706	0.00353	0.00202	0.00706
50	0.00671	0.00503	0.00645	0.00638	0.02601	0.00460	0.00461	0.00881	0.01305	0.01808	0.66106	0.03677	0.16458	0.01001	0.00562	0.00152	0.00236	0.00877	0.00506	0.00451
51	0.06155	0.00832	0.01068	0.00826	0.01183	0.00749	0.00680	0.06536	0.01354	0.64473	0.01717	0.01535	0.01109	0.00570	0.00458	0.00142	0.00400	0.00456	0.04906	0.04850
52	0.03588	0.00503	0.00634	0.00597	0.00718	0.00470	0.00449	0.00909	0.01323	0.01896	0.73883	0.03522	0.07786	0.00970	0.00555	0.00151	0.00231	0.00850	0.00515	0.00451
53	0.01530	0.01871	0.04424	0.09009	0.06608	0.52243	0.01006	0.01881	0.12843	0.01335	0.00941	0.01067	0.00752	0.00514	0.00467	0.00136	0.02134	0.00365	0.00276	0.00600
54	0.00830	0.00415	0.00623	0.00623	0.00623	0.00415	0.00415	0.00623	0.00623	0.00830	0.00830	0.01453	0.00830	0.01660	0.01868	0.86094	0.00415	0.00415	0.00208	0.00208
55	0.01155	0.01098	0.04035	0.01140	0.01444	0.01173	0.12054	0.02277	0.61057	0.01878	0.01758	0.01791	0.01349	0.00633	0.00525	0.00165	0.02206	0.03104	0.00434	0.00723
56	0.00959	0.02472	0.80726	0.01362	0.02069	0.01110	0.01766	0.01514	0.01009	0.01514	0.00858	0.01009	0.00605	0.00454	0.00454	0.00151	0.00706	0.00353	0.00202	0.00706
57	0.00565	0.00484	0.00484	0.00484	0.00646	0.00403	0.00363	0.00686	0.01089	0.01291	0.04842	0.04600	0.80027	0.01210	0.00565	0.00161	0.00242	0.01009	0.00444	0.00403
58	0.01044	0.24099	0.59846	0.01217	0.01844	0.01319	0.01513	0.01492	0.00999	0.01410	0.00806	0.00944	0.00608	0.00442	0.00415	0.00138	0.00654	0.00327	0.00203	0.00682
