[name]
unknown

[dist]
# distance from previous block
# <min> <max>
0	60

[block]
# block no. 0 follows, 53 sequences, length 35
# corresponding to MSA columns:
# 62-96
name=unknown_A
#
# <colnr> <probs for GDERKNQSTAVLIFYWHMCP>
#	G	D	E	R	K	N	Q	S	T	A	V	L	I	F	Y	W	H	M	C	P
0	0.01002	0.11849	0.68743	0.01323	0.01987	0.01205	0.04499	0.01505	0.01009	0.01469	0.00839	0.00991	0.00611	0.00447	0.00441	0.00146	0.00687	0.00350	0.00204	0.00693
1	0.00631	0.00487	0.00576	0.00554	0.00686	0.00432	0.00415	0.00814	0.01246	0.01662	0.49357	0.03990	0.35281	0.01072	0.00564	0.00155	0.00232	0.00923	0.00493	0.00432
2	0.00608	0.00510	0.00515	0.00504	0.00668	0.00439	0.00378	0.03097	0.01113	0.01333	0.04628	0.04449	0.75231	0.03648	0.00618	0.00170	0.00258	0.00981	0.00440	0.00413
3	0.00999	0.00947	0.01607	0.54984	0.29612	0.01087	0.01375	0.01305	0.01001	0.01338	0.00866	0.01243	0.00678	0.00460	0.00476	0.00153	0.00613	0.00425	0.00221	0.00608
4	0.00990	0.00946	0.01628	0.56816	0.24875	0.01088	0.04267	0.01302	0.00999	0.01328	0.00868	0.01249	0.00674	0.00460	0.00480	0.00154	0.00624	0.00430	0.00220	0.00599
5	0.01006	0.00935	0.01547	0.60744	0.20390	0.01097	0.01340	0.04757	0.01043	0.01378	0.00874	0.01248	0.00672	0.00471	0.00477	0.00155	0.00617	0.00425	0.00230	0.00594
6	0.00582	0.00416	0.00555	0.00666	0.00693	0.00388	0.00444	0.00666	0.00915	0.01220	0.02634	0.82891	0.03161	0.01497	0.00610	0.00194	0.00277	0.01359	0.00444	0.00388
7	0.00616	0.00474	0.00696	0.00744	0.00806	0.00441	0.05402	0.00721	0.00935	0.01243	0.02614	0.74647	0.06006	0.01417	0.00605	0.00191	0.00310	0.01295	0.00431	0.00405
8	0.00594	0.00488	0.00518	0.00524	0.00666	0.00425	0.00392	0.00716	0.01055	0.01281	0.06203	0.04414	0.64596	0.07746	0.03450	0.00209	0.00306	0.05592	0.00427	0.00399
9	0.01225	0.70034	0.15496	0.00908	0.01367	0.01761	0.00975	0.01445	0.00977	0.01189	0.00697	0.00807	0.00612	0.00416	0.00331	0.00110	0.00544	0.00272	0.00204	0.00629
10	0.83915	0.00909	0.00695	0.00623	0.00913	0.01053	0.00512	0.01396	0.00819	0.02133	0.00693	0.00808	0.00540	0.00447	0.00297	0.00147	0.00365	0.00265	0.02955	0.00515
11	0.01233	0.63032	0.18846	0.00950	0.01414	0.05130	0.01021	0.01469	0.00996	0.01208	0.00708	0.00822	0.00612	0.00422	0.00343	0.00113	0.00567	0.00278	0.00206	0.00630
12	0.80942	0.00952	0.00751	0.00660	0.00961	0.01099	0.00544	0.06540	0.00909	0.02202	0.00698	0.00801	0.00537	0.00452	0.00308	0.00148	0.00380	0.00270	0.00308	0.00537
13	0.20445	0.00854	0.00911	0.00822	0.01081	0.00925	0.00663	0.01880	0.30932	0.15031	0.05996	0.02219	0.04852	0.00722	0.00473	0.00164	0.00375	0.10560	0.00455	0.00640
14	0.70987	0.01102	0.00882	0.00765	0.01066	0.09973	0.03618	0.04079	0.00934	0.02042	0.00702	0.00818	0.00547	0.00452	0.00327	0.00146	0.00447	0.00282	0.00294	0.00537
15	0.01250	0.76405	0.09345	0.00865	0.01300	0.01823	0.00901	0.01438	0.00974	0.01159	0.00681	0.00788	0.00613	0.00413	0.00320	0.00107	0.00528	0.00264	0.00204	0.00622
16	0.01253	0.67727	0.14145	0.00918	0.01364	0.05345	0.00964	0.01465	0.00994	0.01185	0.00697	0.00807	0.00612	0.00419	0.00334	0.00111	0.00556	0.00273	0.00206	0.00625
17	0.00937	0.00884	0.01495	0.72427	0.12652	0.01071	0.01344	0.01251	0.00972	0.01263	0.00856	0.01263	0.00652	0.00472	0.00477	0.00157	0.00629	0.00425	0.00215	0.00558
18	0.00921	0.00868	0.01467	0.76875	0.08327	0.01067	0.01337	0.01237	0.00964	0.01243	0.00853	0.01268	0.00645	0.00474	0.00478	0.00158	0.00633	0.00425	0.00214	0.00546
19	0.00603	0.00484	0.00542	0.00581	0.00695	0.00437	0.00415	0.00770	0.04922	0.01298	0.03811	0.35902	0.45239	0.01298	0.00579	0.00175	0.00263	0.01126	0.00446	0.00415
20	0.01659	0.03986	0.01306	0.01139	0.01393	0.60135	0.00868	0.04031	0.09868	0.04739	0.03919	0.01124	0.00896	0.00599	0.02178	0.00143	0.00757	0.00368	0.00303	0.00589
21	0.01003	0.03033	0.00865	0.00794	0.00953	0.13045	0.00613	0.05532	0.02504	0.06013	0.23037	0.20111	0.08563	0.01012	0.00548	0.00164	0.00402	0.10870	0.00439	0.00499
22	0.00584	0.00420	0.00550	0.00653	0.00687	0.00391	0.00436	0.00667	0.00918	0.01217	0.02713	0.77283	0.06780	0.03417	0.00651	0.00199	0.00280	0.01326	0.00440	0.00387
23	0.00665	0.00468	0.00644	0.00712	0.00778	0.00439	0.02032	0.00785	0.00987	0.03367	0.07991	0.60253	0.05460	0.02554	0.00634	0.00195	0.00310	0.10864	0.00447	0.00414
24	0.01138	0.01090	0.01859	0.15574	0.67931	0.01124	0.01445	0.01428	0.01067	0.01507	0.00891	0.01198	0.00738	0.00434	0.00474	0.00145	0.00579	0.00426	0.00233	0.00721
25	0.03822	0.01076	0.01306	0.01174	0.06395	0.02257	0.06338	0.25230	0.26937	0.05780	0.02717	0.04578	0.01343	0.00683	0.00504	0.00160	0.00474	0.08074	0.00441	0.00711
26	0.00683	0.00463	0.00525	0.00530	0.00542	0.00456	0.00306	0.00700	0.00745	0.00989	0.04207	0.07366	0.05302	0.72761	0.02197	0.00426	0.00436	0.00749	0.00312	0.00305
27	0.00714	0.00603	0.00675	0.02776	0.00838	0.03054	0.00510	0.00923	0.06057	0.01376	0.13312	0.17827	0.32942	0.06810	0.00746	0.00191	0.04404	0.05382	0.00423	0.00438
28	0.01151	0.01099	0.01857	0.12046	0.69028	0.01129	0.01430	0.01469	0.03331	0.01535	0.00923	0.01211	0.00763	0.00438	0.00474	0.00145	0.00570	0.00429	0.00241	0.00731
29	0.00826	0.00417	0.00619	0.00619	0.00619	0.00417	0.00411	0.00625	0.00625	0.00833	0.00852	0.01506	0.00859	0.04256	0.01886	0.83369	0.00417	0.00424	0.00210	0.00210
30	0.02508	0.00582	0.00638	0.00581	0.00752	0.00583	0.00452	0.04868	0.05883	0.12022	0.06957	0.01936	0.02415	0.00616	0.00392	0.00126	0.00276	0.01836	0.56047	0.00530
31	0.01503	0.11006	0.05022	0.01148	0.01411	0.47328	0.02692	0.05397	0.03919	0.01309	0.00931	0.03656	0.00830	0.01920	0.01970	0.00153	0.06206	0.02757	0.00269	0.00572
32	0.05497	0.04349	0.04259	0.01075	0.03345	0.04703	0.00880	0.44004	0.13338	0.04006	0.01339	0.04919	0.01075	0.00638	0.00476	0.00150	0.00501	0.04283	0.00433	0.00730
33	0.08459	0.10977	0.04059	0.01163	0.11766	0.07252	0.00852	0.13083	0.12290	0.03113	0.03404	0.01268	0.02793	0.00508	0.00419	0.00127	0.00477	0.00397	0.00337	0.17257
34	0.02180	0.22372	0.24458	0.01067	0.01514	0.08678	0.03195	0.09958	0.05210	0.06166	0.01899	0.04161	0.00869	0.01497	0.00447	0.00137	0.00575	0.00399	0.00294	0.04925

[dist]
# distance from previous block
# <min> <max>
1	7

[block]
# block no. 1 follows, 53 sequences, length 131
# corresponding to MSA columns:
# 192-232,235-324
name=unknown_B
#
# <colnr> <probs for GDERKNQSTAVLIFYWHMCP>
#	G	D	E	R	K	N	Q	S	T	A	V	L	I	F	Y	W	H	M	C	P
0	0.01279	0.02992	0.01050	0.00856	0.01114	0.04451	0.02086	0.20793	0.10223	0.12958	0.13295	0.11227	0.12113	0.00814	0.00510	0.00152	0.00400	0.00681	0.00468	0.02536
1	0.06940	0.00910	0.01214	0.01007	0.01280	0.00942	0.12999	0.15072	0.16270	0.05327	0.05250	0.09880	0.13312	0.00809	0.00524	0.00164	0.00442	0.06622	0.00425	0.00611
2	0.00773	0.00655	0.01017	0.00967	0.03000	0.00763	0.06041	0.00933	0.00814	0.01167	0.01343	0.13430	0.01358	0.05026	0.46264	0.00525	0.14568	0.00626	0.00275	0.00456
3	0.01249	0.35733	0.15160	0.01309	0.01773	0.09048	0.24559	0.01541	0.01071	0.03192	0.00824	0.00994	0.00660	0.00427	0.00425	0.00131	0.00663	0.00375	0.00228	0.00637
4	0.01009	0.00958	0.01634	0.57920	0.13435	0.01116	0.08627	0.04978	0.01046	0.01380	0.00876	0.01252	0.00670	0.00477	0.00513	0.00158	0.02697	0.00438	0.00231	0.00585
5	0.00701	0.00513	0.00682	0.00780	0.00863	0.01288	0.00625	0.00867	0.01047	0.01371	0.06517	0.33640	0.05128	0.01357	0.00632	0.00204	0.00368	0.42550	0.00444	0.00422
6	0.00711	0.00622	0.04541	0.00810	0.02621	0.00539	0.02547	0.04259	0.01056	0.01418	0.09842	0.51241	0.07663	0.01266	0.00598	0.00184	0.01038	0.08164	0.00430	0.00450
7	0.06421	0.01078	0.01276	0.01013	0.01346	0.04874	0.06133	0.29187	0.03763	0.27464	0.01465	0.01684	0.01098	0.04079	0.00566	0.00164	0.00498	0.05851	0.01320	0.00719
8	0.01157	0.01131	0.01954	0.01488	0.01846	0.01158	0.40114	0.08551	0.23180	0.01749	0.01380	0.05656	0.01129	0.02978	0.00618	0.00173	0.02634	0.02098	0.00346	0.00661
9	0.00596	0.00434	0.00559	0.00652	0.00700	0.00403	0.00449	0.00689	0.00940	0.01232	0.02853	0.66026	0.12260	0.04198	0.00669	0.00201	0.00290	0.06021	0.00438	0.00390
10	0.05461	0.04908	0.02851	0.00890	0.01253	0.00961	0.00752	0.19735	0.03325	0.48161	0.01570	0.01438	0.01039	0.00569	0.00456	0.00143	0.00434	0.00446	0.04838	0.00769
11	0.05168	0.01178	0.02331	0.01711	0.02118	0.03333	0.60307	0.01463	0.02811	0.01559	0.03403	0.07105	0.01028	0.00512	0.00541	0.00160	0.00702	0.00602	0.03358	0.00608
12	0.03466	0.00556	0.00569	0.00529	0.00674	0.00573	0.00407	0.09253	0.01149	0.01930	0.06331	0.01796	0.01364	0.00581	0.00362	0.00118	0.00259	0.00464	0.69129	0.00487
13	0.00965	0.05914	0.69374	0.01369	0.04600	0.01113	0.03023	0.01468	0.01008	0.01484	0.00937	0.04920	0.00735	0.00500	0.00458	0.00151	0.00674	0.00403	0.00215	0.00688
14	0.00706	0.00489	0.00595	0.00602	0.00622	0.00511	0.00388	0.00753	0.00752	0.01030	0.01596	0.09788	0.01792	0.58045	0.10775	0.00442	0.03479	0.04358	0.02940	0.00334
15	0.01874	0.02847	0.01233	0.00942	0.01297	0.01035	0.00774	0.28321	0.09457	0.42235	0.01633	0.03732	0.01127	0.00612	0.00480	0.00148	0.00443	0.00489	0.00530	0.00791
16	0.00873	0.00592	0.00847	0.00821	0.00965	0.00572	0.05149	0.01081	0.02633	0.08798	0.12730	0.10648	0.07577	0.09712	0.04858	0.00246	0.00446	0.30548	0.00431	0.00472
17	0.12992	0.00960	0.06800	0.09882	0.11458	0.00906	0.00859	0.06936	0.09213	0.11195	0.01772	0.11036	0.10240	0.03029	0.00532	0.00165	0.00442	0.00597	0.00375	0.00610
18	0.01137	0.01088	0.01856	0.15995	0.67521	0.01123	0.01444	0.01426	0.01066	0.01505	0.00891	0.01198	0.00737	0.00434	0.00474	0.00145	0.00579	0.00426	0.00233	0.00720
19	0.01662	0.01277	0.01333	0.01065	0.01414	0.04069	0.00865	0.54574	0.22046	0.04608	0.01357	0.01313	0.00982	0.00591	0.00479	0.00148	0.00496	0.00456	0.00475	0.00790
20	0.00966	0.05921	0.13674	0.17511	0.02040	0.01036	0.24375	0.03524	0.02277	0.01439	0.03895	0.16795	0.01285	0.00672	0.00542	0.00162	0.02382	0.00640	0.00286	0.00578
21	0.00796	0.00695	0.01032	0.07524	0.04972	0.03538	0.10900	0.00989	0.02697	0.01309	0.02042	0.39732	0.05554	0.06742	0.02153	0.00205	0.00446	0.03535	0.04672	0.00465
22	0.04683	0.00644	0.00759	0.00691	0.00860	0.00646	0.00530	0.07877	0.08699	0.06094	0.43621	0.08709	0.08597	0.00969	0.02331	0.00167	0.00310	0.00777	0.02510	0.00525
23	0.01263	0.00919	0.04688	0.05073	0.01331	0.00932	0.04752	0.14175	0.03262	0.17158	0.01438	0.06187	0.01223	0.03051	0.15665	0.00284	0.09726	0.05858	0.02401	0.00611
24	0.01268	0.11234	0.08047	0.07329	0.08832	0.10421	0.12728	0.10379	0.04915	0.05777	0.02713	0.04114	0.05005	0.00567	0.00486	0.00144	0.01856	0.00485	0.03062	0.00638
25	0.00849	0.00603	0.00804	0.00870	0.01005	0.00614	0.00745	0.01184	0.09143	0.03960	0.07678	0.04783	0.02689	0.01206	0.00630	0.00207	0.00418	0.61672	0.00455	0.00485
26	0.01507	0.01616	0.01165	0.01046	0.01293	0.43760	0.00807	0.11326	0.09351	0.03979	0.01560	0.01772	0.09956	0.00661	0.00472	0.00141	0.00640	0.05611	0.02752	0.00587
27	0.01166	0.06358	0.16771	0.02277	0.07509	0.02993	0.13386	0.05304	0.04152	0.12091	0.01530	0.15347	0.03518	0.00767	0.02284	0.00171	0.00560	0.02836	0.00345	0.00634
28	0.04250	0.01157	0.10732	0.17047	0.12538	0.01029	0.07397	0.12899	0.01279	0.20181	0.01329	0.03178	0.03723	0.00550	0.00482	0.00152	0.00548	0.00478	0.00361	0.00691
29	0.00972	0.02379	0.74583	0.01414	0.02103	0.01118	0.07816	0.01515	0.01018	0.01515	0.00866	0.01031	0.00615	0.00450	0.00463	0.00152	0.00714	0.00370	0.00205	0.00702
30	0.00759	0.00611	0.00965	0.03695	0.04403	0.00598	0.09603	0.00967	0.02476	0.01401	0.06302	0.38561	0.02536	0.01158	0.00588	0.00186	0.00399	0.19615	0.04712	0.00464
31	0.02681	0.06820	0.28825	0.01645	0.19875	0.03608	0.10420	0.06683	0.03352	0.01653	0.08231	0.01996	0.01073	0.00510	0.00472	0.00146	0.00603	0.00451	0.00276	0.00679
32	0.01693	0.02071	0.01459	0.01334	0.04777	0.65851	0.04656	0.05842	0.01347	0.01299	0.00772	0.00920	0.00638	0.00507	0.00500	0.00131	0.05033	0.00337	0.00256	0.00579
33	0.00683	0.00512	0.00768	0.00768	0.00853	0.00597	0.00597	0.00853	0.00768	0.01110	0.01280	0.01878	0.01195	0.03585	0.81308	0.00768	0.01280	0.00512	0.00256	0.00427
34	0.01162	0.05906	0.42688	0.01675	0.19567	0.06162	0.05642	0.01606	0.03707	0.06061	0.00952	0.01104	0.00709	0.00460	0.00458	0.00146	0.00652	0.00387	0.00247	0.00708
35	0.01970	0.07547	0.09154	0.05468	0.27142	0.05895	0.10880	0.06076	0.09189	0.08431	0.01169	0.01306	0.02627	0.00494	0.00471	0.00145	0.00582	0.00445	0.00306	0.00703
36	0.00702	0.01105	0.00599	0.00638	0.00723	0.00428	0.00447	0.00800	0.00995	0.06724	0.06413	0.54719	0.19112	0.01347	0.00618	0.02306	0.00282	0.01171	0.00450	0.00421
37	0.01225	0.00959	0.01235	0.01089	0.05215	0.03251	0.06618	0.29537	0.01428	0.03886	0.07141	0.01655	0.01245	0.03729	0.29131	0.00374	0.00798	0.00506	0.00365	0.00613
38	0.01242	0.14144	0.10738	0.02477	0.18360	0.03121	0.11256	0.13055	0.03618	0.04118	0.02361	0.05209	0.00994	0.00558	0.00492	0.00146	0.02364	0.02756	0.02319	0.00672
39	0.02265	0.10582	0.18374	0.02705	0.12080	0.07492	0.11190	0.10859	0.07264	0.01676	0.05089	0.01340	0.03151	0.00532	0.00503	0.00146	0.03345	0.00446	0.00296	0.00667
40	0.00602	0.00501	0.00545	0.00550	0.00687	0.00449	0.00415	0.00726	0.01068	0.01310	0.08041	0.10242	0.61978	0.03364	0.00656	0.00176	0.03018	0.04829	0.00436	0.00408
41	0.01832	0.09683	0.55831	0.05435	0.07121	0.03172	0.01527	0.01556	0.01041	0.07187	0.00912	0.01051	0.00659	0.00460	0.00443	0.00146	0.00655	0.00360	0.00235	0.00695
42	0.01144	0.03706	0.17882	0.01442	0.11330	0.07304	0.14732	0.05994	0.07715	0.03908	0.05991	0.02613	0.03743	0.00666	0.02427	0.00168	0.02223	0.04350	0.02020	0.00643
43	0.13745	0.13779	0.10531	0.08445	0.09320	0.10383	0.06626	0.15170	0.01250	0.03195	0.00910	0.02947	0.00729	0.00494	0.00427	0.00140	0.00586	0.00388	0.00290	0.00646
44	0.00577	0.00482	0.00504	0.00511	0.00661	0.00409	0.00383	0.00703	0.01093	0.01322	0.08471	0.09323	0.69569	0.01219	0.00570	0.00164	0.00248	0.02937	0.00448	0.00406
45	0.01238	0.05561	0.25984	0.01203	0.04969	0.01027	0.08725	0.07208	0.10136	0.14232	0.05822	0.05793	0.01215	0.00588	0.00478	0.00150	0.00531	0.00506	0.03948	0.00686
46	0.03498	0.08369	0.19576	0.04924	0.14218	0.02775	0.01110	0.10015	0.08568	0.08807	0.04323	0.07883	0.01146	0.00603	0.00487	0.00150	0.02041	0.00497	0.00336	0.00678
47	0.01807	0.00846	0.03909	0.00844	0.01181	0.00725	0.00710	0.02116	0.08350	0.59486	0.12945	0.01895	0.01660	0.00646	0.00492	0.00150	0.00389	0.00536	0.00559	0.00753
48	0.03581	0.01112	0.01794	0.06004	0.36988	0.01206	0.11864	0.08986	0.03506	0.01622	0.00931	0.01238	0.00775	0.02378	0.02206	0.00176	0.14242	0.00450	0.00266	0.00674
49	0.02415	0.04737	0.20789	0.02447	0.17181	0.02469	0.08804	0.03489	0.06522	0.11986	0.02289	0.04877	0.04968	0.00569	0.00475	0.00149	0.00543	0.00500	0.04115	0.00676
50	0.07456	0.15878	0.16475	0.01486	0.19098	0.06341	0.05702	0.04320	0.02935	0.05524	0.01118	0.04617	0.03669	0.00536	0.00471	0.00143	0.02862	0.00436	0.00278	0.00655
51	0.00628	0.00527	0.00532	0.00515	0.00688	0.00458	0.00391	0.04613	0.01148	0.01378	0.04656	0.04426	0.76036	0.01178	0.00561	0.00160	0.00256	0.00980	0.00446	0.00424
52	0.01204	0.07498	0.40680	0.01157	0.03675	0.02638	0.01246	0.05140	0.07508	0.13515	0.06006	0.03679	0.02830	0.00570	0.00465	0.00148	0.00561	0.00459	0.00330	0.00692
53	0.01272	0.06317	0.25920	0.02719	0.18687	0.01176	0.08316	0.09035	0.08174	0.10159	0.01095	0.01211	0.00808	0.00494	0.00494	0.00149	0.02517	0.00423	0.00307	0.00726
54	0.01293	0.00973	0.01021	0.02390	0.03345	0.04756	0.00699	0.27193	0.15958	0.04099	0.01741	0.06875	0.06964	0.00680	0.00459	0.00144	0.00409	0.00551	0.19805	0.00643
55	0.01139	0.01087	0.01851	0.10171	0.70665	0.01106	0.01422	0.01419	0.01071	0.01520	0.00948	0.03710	0.00820	0.00464	0.00478	0.00145	0.00565	0.00455	0.00241	0.00725
56	0.04824	0.03370	0.11993	0.03018	0.22976	0.04091	0.05731	0.04365	0.06440	0.12540	0.07184	0.02562	0.06133	0.00585	0.00499	0.00149	0.02016	0.00504	0.00345	0.00674
57	0.01190	0.12732	0.43116	0.01343	0.05097	0.09849	0.07066	0.01575	0.01069	0.06631	0.01864	0.01063	0.00710	0.00480	0.00494	0.00145	0.04291	0.00372	0.00241	0.00671
58	0.00593	0.00430	0.00542	0.00626	0.00667	0.00399	0.00416	0.00672	0.00912	0.01196	0.02789	0.63683	0.12895	0.10810	0.00813	0.00221	0.00294	0.01238	0.00426	0.00379
59	0.01112	0.00940	0.03323	0.01292	0.07176	0.00873	0.23905	0.08933	0.02394	0.09901	0.17882	0.08841	0.08001	0.00739	0.00543	0.00158	0.00495	0.02489	0.00399	0.00605
60	0.01082	0.05940	0.15155	0.10174	0.07659	0.03140	0.30111	0.01589	0.12304	0.01515	0.01146	0.05972	0.00935	0.00522	0.00504	0.00156	0.00647	0.00523	0.00276	0.00648
61	0.02135	0.00828	0.01118	0.00857	0.01227	0.00724	0.00708	0.04463	0.01393	0.78384	0.01865	0.01613	0.01173	0.00591	0.00481	0.00148	0.00410	0.00479	0.00588	0.00813
62	0.01113	0.05215	0.01869	0.18316	0.55399	0.01141	0.04792	0.01397	0.01053	0.01461	0.00929	0.03481	0.00792	0.00464	0.00474	0.00146	0.00581	0.00449	0.00236	0.00690
63	0.00985	0.01156	0.11069	0.26459	0.05157	0.07249	0.10925	0.02937	0.06115	0.01444	0.06687	0.09487	0.06963	0.00662	0.00507	0.00158	0.00572	0.00594	0.00302	0.00570
64	0.00623	0.00521	0.02143	0.00566	0.00708	0.00442	0.00437	0.00779	0.01138	0.01476	0.29029	0.07595	0.44068	0.01264	0.04667	0.02444	0.00304	0.00924	0.00450	0.00420
65	0.00932	0.00889	0.01529	0.72957	0.08838	0.01073	0.04575	0.01252	0.00973	0.01259	0.00858	0.01268	0.00650	0.00471	0.00481	0.00158	0.00639	0.00431	0.00215	0.00552
66	0.01118	0.01074	0.01888	0.15458	0.55123	0.01099	0.10208	0.01418	0.01067	0.01514	0.00930	0.01238	0.00756	0.00438	0.00478	0.00145	0.00590	0.00442	0.04322	0.00693
67	0.01650	0.02062	0.01360	0.01221	0.01452	0.69345	0.03294	0.01785	0.01277	0.01176	0.00782	0.00960	0.00663	0.00739	0.06618	0.00177	0.04311	0.00336	0.00245	0.00546
68	0.01036	0.01010	0.01575	0.49034	0.27384	0.05126	0.01331	0.01326	0.01015	0.01329	0.00892	0.01312	0.00722	0.00491	0.00507	0.00155	0.02765	0.02161	0.00227	0.00601
69	0.00871	0.00946	0.07523	0.01291	0.03818	0.00800	0.27996	0.01154	0.01087	0.01448	0.04491	0.12639	0.11403	0.00904	0.00585	0.00179	0.00542	0.21442	0.00350	0.00531
70	0.00966	0.02205	0.66592	0.03866	0.02067	0.01090	0.07489	0.01504	0.02866	0.01513	0.00973	0.01271	0.00741	0.00498	0.00474	0.00156	0.00691	0.04130	0.00224	0.00684
71	0.00690	0.00510	0.00757	0.00757	0.00843	0.00592	0.00588	0.00863	0.00777	0.01134	0.01290	0.01874	0.01196	0.03476	0.78390	0.00744	0.01242	0.00510	0.03341	0.00427
72	0.01282	0.67358	0.08285	0.00905	0.01311	0.04169	0.00908	0.04860	0.01031	0.01240	0.00701	0.00818	0.00622	0.00443	0.00389	0.00114	0.04444	0.00280	0.00218	0.00623
73	0.01607	0.00735	0.00993	0.00826	0.01100	0.00668	0.02035	0.05205	0.02857	0.48650	0.10981	0.15542	0.01941	0.00814	0.00521	0.00159	0.00377	0.03768	0.00540	0.00681
74	0.00600	0.00433	0.00573	0.00678	0.00721	0.00405	0.00472	0.00699	0.00942	0.01245	0.02735	0.71196	0.06993	0.01465	0.00613	0.00195	0.00292	0.08905	0.00443	0.00394
75	0.05172	0.00843	0.01110	0.00854	0.01222	0.00753	0.00706	0.05940	0.01390	0.74023	0.01806	0.01573	0.01141	0.00585	0.00474	0.00148	0.00411	0.00470	0.00575	0.00803
76	0.09831	0.01126	0.02381	0.13954	0.42859	0.04007	0.06840	0.06423	0.01141	0.03522	0.02862	0.01217	0.00813	0.00463	0.00464	0.00146	0.00572	0.00426	0.00271	0.00681
77	0.00869	0.00717	0.02225	0.00701	0.00857	0.06508	0.00542	0.04849	0.03078	0.04646	0.53032	0.09346	0.08873	0.00947	0.00547	0.00152	0.00311	0.00820	0.00486	0.00493
78	0.00568	0.00484	0.00489	0.00488	0.00648	0.00405	0.00366	0.00692	0.01097	0.01309	0.07026	0.04570	0.77831	0.01204	0.00565	0.00161	0.00242	0.01005	0.00446	0.00405
79	0.03136	0.01341	0.03510	0.01620	0.14453	0.15644	0.23096	0.10575	0.04172	0.07496	0.01195	0.06191	0.01003	0.00571	0.00505	0.00152	0.00642	0.03716	0.00325	0.00658
80	0.01128	0.04417	0.28507	0.01706	0.12247	0.04795	0.26916	0.01540	0.02710	0.03942	0.03574	0.01232	0.00832	0.00475	0.00536	0.00153	0.03914	0.00455	0.00251	0.00671
81	0.01082	0.01286	0.08819	0.01658	0.01996	0.01264	0.43580	0.01442	0.04273	0.01424	0.00903	0.01225	0.00727	0.00619	0.02616	0.00188	0.25547	0.00500	0.00239	0.00613
82	0.01006	0.00868	0.01039	0.00822	0.04913	0.00676	0.00615	0.01254	0.03198	0.01570	0.00883	0.01023	0.00731	0.00366	0.00363	0.00077	0.00365	0.00297	0.00287	0.79649
83	0.01371	0.72522	0.03795	0.00832	0.01242	0.01741	0.00822	0.01536	0.01017	0.10225	0.00808	0.00870	0.00678	0.00431	0.00329	0.00108	0.00503	0.00283	0.00249	0.00638
84	0.00903	0.00850	0.01434	0.82054	0.03292	0.01062	0.01327	0.01221	0.00956	0.01221	0.00850	0.01274	0.00637	0.00478	0.00478	0.00159	0.00637	0.00425	0.00212	0.00531
85	0.03524	0.01119	0.03560	0.09263	0.42235	0.01158	0.11977	0.03975	0.01065	0.01533	0.01877	0.03108	0.00842	0.00528	0.00628	0.00157	0.11117	0.01410	0.00251	0.00670
86	0.04736	0.09338	0.51589	0.01380	0.03685	0.04551	0.11728	0.01559	0.02887	0.02955	0.00887	0.01042	0.00653	0.00451	0.00450	0.00147	0.00678	0.00375	0.00228	0.00680
87	0.01181	0.01013	0.01055	0.00953	0.01210	0.03012	0.00746	0.07722	0.62308	0.01969	0.02038	0.04307	0.04990	0.00723	0.00500	0.00164	0.00395	0.04525	0.00475	0.00713
88	0.04147	0.04739	0.03579	0.01048	0.01283	0.11775	0.12643	0.01445	0.13832	0.03888	0.03524	0.20984	0.06431	0.00851	0.00581	0.01503	0.03795	0.03035	0.00363	0.00554
89	0.05505	0.01443	0.19998	0.10231	0.35430	0.04590	0.03713	0.06612	0.01136	0.01625	0.02674	0.02191	0.01783	0.00485	0.00466	0.00147	0.00599	0.00428	0.00257	0.00686
90	0.01090	0.05201	0.11356	0.17505	0.27318	0.02635	0.18256	0.01418	0.01040	0.01441	0.00892	0.01189	0.00707	0.00460	0.00535	0.00151	0.04853	0.00437	0.02865	0.00651
91	0.00600	0.00455	0.00584	0.00663	0.00711	0.00438	0.00458	0.00690	0.00935	0.01228	0.02897	0.66796	0.15289	0.01422	0.00645	0.00190	0.03908	0.01261	0.00433	0.00397
92	0.02467	0.04686	0.31903	0.01327	0.07545	0.04446	0.07276	0.11224	0.02678	0.13096	0.01977	0.05397	0.00967	0.00564	0.00477	0.00151	0.00594	0.02199	0.00328	0.00698
93	0.05257	0.03091	0.10632	0.01406	0.09346	0.05237	0.17301	0.10919	0.13413	0.12261	0.01297	0.05505	0.01008	0.00558	0.00487	0.00152	0.00568	0.00503	0.00362	0.00698
94	0.00655	0.00443	0.00573	0.00653	0.00713	0.00405	0.00447	0.00747	0.00957	0.05017	0.02857	0.69863	0.12047	0.01421	0.00599	0.00188	0.00279	0.01276	0.00451	0.00410
95	0.08445	0.13112	0.14245	0.08311	0.27455	0.03020	0.07288	0.01425	0.00999	0.01467	0.00819	0.01064	0.00670	0.00473	0.00538	0.00147	0.08232	0.00383	0.01254	0.00651
96	0.01261	0.01228	0.12843	0.06124	0.28120	0.03873	0.07751	0.01602	0.04542	0.15303	0.01428	0.01583	0.06519	0.00549	0.00497	0.00150	0.01560	0.01567	0.02811	0.00689
97	0.05139	0.18996	0.55788	0.01240	0.01846	0.03061	0.04712	0.01501	0.01005	0.01457	0.00811	0.00957	0.00608	0.00443	0.00420	0.00141	0.00658	0.00336	0.00210	0.00672
98	0.00593	0.00436	0.00559	0.00650	0.00705	0.00402	0.00453	0.00693	0.00961	0.01255	0.04122	0.64559	0.15046	0.01434	0.00606	0.00190	0.00282	0.06214	0.00445	0.00395
99	0.11817	0.08644	0.08273	0.07223	0.11208	0.02550	0.10088	0.07914	0.01148	0.10427	0.03476	0.05295	0.04494	0.00723	0.04532	0.00179	0.00565	0.00491	0.00325	0.00629
100	0.04975	0.04257	0.18410	0.01391	0.07553	0.08420	0.14718	0.10280	0.03273	0.14492	0.01106	0.02833	0.00827	0.00526	0.00529	0.00151	0.04801	0.00442	0.00326	0.00689
101	0.00647	0.00485	0.00691	0.00743	0.00804	0.00466	0.03926	0.02563	0.00949	0.01271	0.02437	0.70327	0.02868	0.02802	0.04701	0.00225	0.00364	0.02897	0.00424	0.00411
102	0.01288	0.03301	0.21329	0.03428	0.17985	0.11558	0.06186	0.11498	0.03924	0.04986	0.03649	0.01283	0.00898	0.00530	0.00528	0.00149	0.04694	0.01809	0.00295	0.00685
103	0.02352	0.06640	0.35344	0.07621	0.07849	0.03566	0.06608	0.05884	0.01102	0.05792	0.04220	0.01192	0.00836	0.00521	0.00567	0.00153	0.08419	0.00409	0.00262	0.00663
104	0.01150	0.01218	0.10632	0.04900	0.26270	0.07007	0.02234	0.01663	0.18129	0.05431	0.01641	0.01803	0.09234	0.00606	0.00483	0.00151	0.00513	0.02848	0.03418	0.00670
105	0.01069	0.01056	0.05639	0.20002	0.35959	0.01036	0.06381	0.06754	0.01105	0.01531	0.01101	0.08406	0.00988	0.04213	0.00575	0.00166	0.00565	0.00525	0.02290	0.00640
106	0.01127	0.03411	0.34055	0.03313	0.08042	0.01048	0.17594	0.01508	0.01066	0.10758	0.01204	0.06433	0.02353	0.00567	0.00541	0.00158	0.04007	0.01867	0.00283	0.00666
107	0.01261	0.07198	0.06006	0.03907	0.17599	0.08527	0.11978	0.15212	0.01290	0.03327	0.02531	0.07748	0.01113	0.00631	0.00546	0.00154	0.04384	0.05619	0.00317	0.00648
108	0.00617	0.00461	0.00633	0.00686	0.00753	0.00427	0.02642	0.00738	0.01007	0.01347	0.14420	0.59743	0.09460	0.01359	0.00600	0.00185	0.00287	0.03776	0.00450	0.00408
109	0.01083	0.11680	0.46844	0.03578	0.05774	0.04683	0.05237	0.01496	0.01076	0.05258	0.07973	0.01263	0.00999	0.00501	0.00454	0.00144	0.00629	0.00408	0.00256	0.00665
110	0.01245	0.14387	0.11008	0.16432	0.06717	0.03120	0.12366	0.09065	0.02892	0.08527	0.01060	0.01381	0.00841	0.00534	0.00520	0.00151	0.04447	0.04366	0.00294	0.00648
111	0.01156	0.01103	0.01853	0.10477	0.69302	0.01131	0.01422	0.01491	0.04545	0.01548	0.00941	0.01218	0.00777	0.00441	0.00474	0.00145	0.00566	0.00431	0.00245	0.00735
112	0.00589	0.00425	0.00546	0.00640	0.00677	0.00395	0.00426	0.00669	0.00914	0.01206	0.02741	0.70774	0.09503	0.07164	0.00733	0.00210	0.00287	0.01283	0.00433	0.00383
113	0.01099	0.22682	0.47238	0.01201	0.01769	0.01294	0.05368	0.05801	0.01076	0.02576	0.00909	0.03929	0.00727	0.00485	0.00428	0.00139	0.00627	0.00381	0.00235	0.02034
114	0.00938	0.02508	0.01219	0.01351	0.17403	0.07859	0.07965	0.01180	0.04172	0.01410	0.04386	0.24380	0.06696	0.00965	0.00556	0.00173	0.00474	0.15468	0.00364	0.00534
115	0.00924	0.00874	0.01446	0.70385	0.06114	0.01093	0.01299	0.01221	0.00943	0.01232	0.00858	0.01316	0.00675	0.00521	0.00578	0.00164	0.07961	0.01642	0.00217	0.00538
116	0.00960	0.00912	0.01545	0.62035	0.17800	0.01082	0.02715	0.01266	0.00975	0.01288	0.00862	0.01260	0.00670	0.00526	0.01795	0.00167	0.02922	0.00429	0.00218	0.00574
117	0.01183	0.01169	0.01885	0.08196	0.66809	0.05270	0.04189	0.01462	0.01092	0.01511	0.00917	0.02476	0.00779	0.00449	0.00477	0.00144	0.00592	0.00440	0.00239	0.00721
118	0.01144	0.13895	0.02730	0.04226	0.02327	0.01309	0.64253	0.01506	0.01099	0.01459	0.00917	0.01209	0.00705	0.00406	0.00522	0.00152	0.00756	0.00513	0.00235	0.00636
119	0.04295	0.00483	0.00536	0.00534	0.00553	0.00486	0.00312	0.00734	0.00740	0.01037	0.05458	0.05438	0.01869	0.73141	0.02194	0.00426	0.00442	0.00705	0.00306	0.00310
120	0.01130	0.01010	0.01450	0.05324	0.03624	0.01272	0.06378	0.07567	0.06363	0.04918	0.00948	0.02513	0.00825	0.00985	0.08253	0.00239	0.45879	0.00464	0.00278	0.00580
121	0.02333	0.00502	0.00639	0.00617	0.00737	0.00465	0.00458	0.00960	0.01236	0.06877	0.52116	0.17780	0.07635	0.01030	0.00552	0.00157	0.00250	0.00907	0.04289	0.00462
122	0.00603	0.00428	0.00561	0.00653	0.00684	0.00403	0.00436	0.00689	0.00919	0.01230	0.06411	0.68701	0.03071	0.09944	0.00798	0.00220	0.00298	0.03136	0.00432	0.00382
123	0.00762	0.00616	0.00684	0.00709	0.00826	0.04218	0.00538	0.04162	0.03937	0.01449	0.12163	0.25967	0.20072	0.05299	0.00677	0.00194	0.00347	0.16496	0.00439	0.00444
124	0.01468	0.01143	0.01193	0.04188	0.01346	0.08129	0.00808	0.38118	0.10456	0.06523	0.06519	0.01714	0.01281	0.04309	0.06199	0.00205	0.00560	0.03874	0.01286	0.00680
125	0.01769	0.01157	0.01291	0.01053	0.01392	0.01221	0.00840	0.36431	0.21725	0.21181	0.01691	0.05186	0.01265	0.00704	0.00530	0.00170	0.00482	0.00544	0.00537	0.00828
126	0.00821	0.00520	0.00600	0.00574	0.00737	0.00452	0.00432	0.00964	0.01135	0.12518	0.13954	0.14812	0.44186	0.01099	0.00547	0.00160	0.00267	0.00936	0.04818	0.00467
127	0.01139	0.01143	0.01614	0.04227	0.01547	0.08936	0.16780	0.03372	0.03306	0.03098	0.02240	0.01270	0.00823	0.02170	0.06289	0.00222	0.38775	0.00462	0.02030	0.00559
128	0.03108	0.04244	0.37314	0.03830	0.04177	0.01203	0.27896	0.05995	0.01105	0.01587	0.00892	0.01114	0.00663	0.00459	0.00536	0.00155	0.04382	0.00432	0.00235	0.00672
129	0.00590	0.00420	0.00558	0.00666	0.00695	0.00394	0.00446	0.00674	0.00913	0.01216	0.02598	0.78798	0.03110	0.03939	0.00666	0.00203	0.00286	0.03003	0.00439	0.00386
130	0.01087	0.01278	0.09233	0.04621	0.04021	0.01123	0.51485	0.05363	0.04927	0.01587	0.01271	0.06332	0.04227	0.00531	0.00544	0.00161	0.00695	0.00596	0.00281	0.00637

[dist]
# distance from previous block
# <min> <max>
0	115

# created by:
# /home/cegg/simao/soft/augustus-3.2.1/scripts/msa2prfl.pl ./align_prep/EOG091G0QNR.fa
