[name]
unknown

[dist]
# distance from previous block
# <min> <max>
0	114

[block]
# block no. 0 follows, 53 sequences, length 27
# corresponding to MSA columns:
# 145-149,165-185,187
name=unknown_A
#
# <colnr> <probs for GDERKNQSTAVLIFYWHMCP>
#	G	D	E	R	K	N	Q	S	T	A	V	L	I	F	Y	W	H	M	C	P
0	0.01127	0.00844	0.00985	0.07773	0.05612	0.05148	0.00693	0.11130	0.02906	0.09999	0.01885	0.09195	0.12635	0.11699	0.00799	0.01616	0.02701	0.01925	0.03224	0.08104
1	0.03507	0.00724	0.00873	0.07321	0.01096	0.03664	0.00639	0.08512	0.02734	0.05478	0.01538	0.16086	0.03727	0.05648	0.09798	0.12520	0.04258	0.02951	0.04961	0.03965
2	0.04537	0.02338	0.01028	0.02690	0.03886	0.02425	0.01796	0.11076	0.06761	0.03191	0.04296	0.18158	0.03767	0.09754	0.01945	0.00199	0.10388	0.00662	0.01931	0.09172
3	0.03606	0.00858	0.02554	0.10617	0.04049	0.02392	0.02745	0.04664	0.09182	0.03893	0.06913	0.09813	0.04759	0.02069	0.00516	0.01773	0.00413	0.00548	0.03309	0.25327
4	0.12010	0.00859	0.02468	0.05524	0.01153	0.02403	0.01998	0.16243	0.05001	0.01779	0.06631	0.19088	0.09347	0.03102	0.01893	0.02005	0.04389	0.00698	0.01390	0.02019
5	0.03539	0.02991	0.00881	0.06008	0.02399	0.01989	0.02246	0.05858	0.01134	0.09186	0.16075	0.27690	0.07420	0.04295	0.04278	0.00202	0.00404	0.00848	0.02055	0.00501
6	0.16664	0.00830	0.00979	0.04164	0.01153	0.03706	0.07559	0.01387	0.13978	0.03916	0.06805	0.11119	0.08179	0.04507	0.02839	0.00182	0.00430	0.00615	0.04971	0.06015
7	0.03315	0.00936	0.04426	0.01171	0.03860	0.02205	0.23938	0.02771	0.03246	0.03107	0.06839	0.08444	0.12168	0.04585	0.04433	0.00195	0.00543	0.02812	0.01964	0.09044
8	0.00959	0.00806	0.01077	0.14703	0.05128	0.07165	0.05431	0.01192	0.01167	0.06733	0.30307	0.04117	0.03985	0.01050	0.08884	0.00215	0.00531	0.03412	0.00383	0.02754
9	0.07227	0.00898	0.01281	0.41026	0.08124	0.04189	0.03478	0.01345	0.04958	0.05706	0.02536	0.05783	0.00996	0.06281	0.00605	0.00174	0.00551	0.00492	0.00284	0.04066
10	0.02334	0.00736	0.00989	0.02629	0.01070	0.06000	0.06496	0.01054	0.02952	0.03248	0.01315	0.03615	0.01274	0.05278	0.25565	0.17900	0.05582	0.11247	0.00287	0.00431
11	0.05576	0.01260	0.01383	0.03530	0.03786	0.02996	0.00914	0.55758	0.07304	0.04773	0.01138	0.01179	0.00830	0.00584	0.00551	0.00150	0.06669	0.00428	0.00434	0.00758
12	0.01037	0.00853	0.01378	0.26112	0.03445	0.00901	0.13616	0.09201	0.01247	0.06478	0.19375	0.04401	0.04121	0.00694	0.00529	0.00159	0.00511	0.05007	0.00366	0.00569
13	0.00770	0.00566	0.00774	0.00749	0.00841	0.00640	0.00566	0.06674	0.00866	0.01220	0.01311	0.02047	0.01264	0.17648	0.61073	0.00666	0.01077	0.00539	0.00279	0.00431
14	0.06569	0.05613	0.01296	0.00981	0.02910	0.08538	0.03933	0.13091	0.07123	0.09297	0.01037	0.01117	0.00797	0.00484	0.00476	0.00120	0.05133	0.00365	0.00343	0.30780
15	0.01246	0.04899	0.01274	0.02737	0.07749	0.00950	0.01832	0.16992	0.04417	0.05350	0.00997	0.01098	0.00779	0.00433	0.00403	0.00103	0.00429	0.00349	0.00335	0.47630
16	0.03240	0.02181	0.06577	0.03475	0.02652	0.04957	0.08538	0.05237	0.04225	0.01361	0.01968	0.03972	0.02620	0.06227	0.24677	0.02736	0.14051	0.00510	0.00275	0.00522
17	0.00698	0.00510	0.00694	0.00686	0.00739	0.00569	0.00493	0.00807	0.00764	0.01077	0.04572	0.02377	0.01511	0.32370	0.46863	0.00615	0.03405	0.00590	0.00278	0.00381
18	0.00808	0.00664	0.00949	0.08782	0.06702	0.00659	0.05104	0.06771	0.01220	0.01641	0.28221	0.18163	0.16494	0.00967	0.00552	0.00161	0.00358	0.00861	0.00425	0.00498
19	0.01171	0.14426	0.38878	0.01365	0.06669	0.07299	0.08629	0.03262	0.06974	0.03828	0.00950	0.01077	0.00716	0.00463	0.00443	0.00141	0.00645	0.00377	0.00252	0.02438
20	0.01083	0.00956	0.01022	0.00751	0.01161	0.06704	0.00597	0.01288	0.01029	0.03711	0.00870	0.00999	0.00714	0.00371	0.00363	0.00077	0.00394	0.00290	0.00289	0.77332
21	0.00829	0.00888	0.09708	0.00959	0.07002	0.00722	0.04685	0.03481	0.11214	0.01644	0.22104	0.05338	0.27753	0.00886	0.00534	0.00157	0.00369	0.00767	0.00418	0.00545
22	0.00742	0.00546	0.00674	0.00645	0.00743	0.00551	0.00459	0.03044	0.04831	0.01389	0.21734	0.07701	0.06179	0.27041	0.17807	0.00375	0.00542	0.00725	0.00375	0.03898
23	0.01214	0.21866	0.03445	0.17655	0.13204	0.09583	0.02723	0.08307	0.06140	0.01461	0.01026	0.07239	0.00905	0.00558	0.00470	0.00141	0.02715	0.00450	0.00276	0.00622
24	0.01163	0.01076	0.01725	0.13004	0.56480	0.01110	0.01316	0.07230	0.03476	0.01628	0.01103	0.01345	0.04019	0.00481	0.00475	0.00144	0.00549	0.00450	0.00269	0.02958
25	0.02706	0.19847	0.31632	0.01304	0.09033	0.09015	0.03904	0.01599	0.03143	0.07928	0.00930	0.01053	0.00711	0.00525	0.02186	0.00148	0.00632	0.00357	0.00256	0.03091
26	0.01097	0.09288	0.17787	0.01341	0.16079	0.00972	0.03101	0.04078	0.02698	0.09086	0.09236	0.03958	0.02212	0.02302	0.07986	0.00214	0.00585	0.07021	0.00330	0.00628

[dist]
# distance from previous block
# <min> <max>
7	22

[block]
# block no. 1 follows, 53 sequences, length 23
# corresponding to MSA columns:
# 211-233
name=unknown_B
#
# <colnr> <probs for GDERKNQSTAVLIFYWHMCP>
#	G	D	E	R	K	N	Q	S	T	A	V	L	I	F	Y	W	H	M	C	P
0	0.00948	0.04434	0.13842	0.03359	0.30211	0.02144	0.01075	0.01200	0.01018	0.01425	0.04740	0.21835	0.01522	0.03218	0.01992	0.00172	0.00503	0.00660	0.00298	0.05403
1	0.00822	0.04961	0.01105	0.14456	0.17847	0.00760	0.00824	0.01033	0.02358	0.01387	0.11023	0.26070	0.10457	0.02490	0.00567	0.00169	0.00408	0.02391	0.00357	0.00515
2	0.01393	0.01038	0.09568	0.05254	0.13630	0.00891	0.01928	0.05668	0.10575	0.27492	0.02832	0.05468	0.06286	0.00746	0.03005	0.00174	0.00491	0.02440	0.00423	0.00699
3	0.01033	0.00880	0.01168	0.01118	0.07198	0.01065	0.00822	0.07116	0.09479	0.03280	0.12876	0.03169	0.01530	0.09906	0.05836	0.00244	0.31846	0.00552	0.00333	0.00551
4	0.00872	0.00740	0.01155	0.10961	0.09826	0.01772	0.10089	0.01140	0.03780	0.03598	0.24871	0.13442	0.06452	0.03569	0.00607	0.00172	0.00427	0.04516	0.01490	0.00521
5	0.00979	0.00876	0.01019	0.00819	0.03723	0.04298	0.02652	0.01179	0.01019	0.01503	0.03022	0.05679	0.05398	0.02019	0.00436	0.00099	0.00385	0.00416	0.00302	0.64179
6	0.00673	0.00552	0.00632	0.05139	0.00859	0.00523	0.00472	0.00933	0.07858	0.01501	0.24371	0.03836	0.45412	0.04378	0.00629	0.00171	0.00280	0.00884	0.00450	0.00449
7	0.01079	0.01023	0.01717	0.13244	0.61242	0.01045	0.01332	0.01348	0.01061	0.01483	0.01206	0.05738	0.05320	0.00534	0.00486	0.00148	0.00543	0.00508	0.00256	0.00687
8	0.01787	0.00825	0.01073	0.00806	0.01193	0.00682	0.00660	0.01981	0.01251	0.56078	0.01565	0.01430	0.01036	0.00518	0.00441	0.00124	0.00390	0.00419	0.00496	0.27244
9	0.01939	0.00847	0.01104	0.00848	0.01220	0.00748	0.00696	0.04724	0.05865	0.63896	0.01739	0.01543	0.01129	0.00566	0.00466	0.00139	0.00403	0.00459	0.00544	0.11123
10	0.00974	0.00793	0.01155	0.11747	0.13763	0.00793	0.04240	0.03356	0.07675	0.04750	0.08021	0.17141	0.01688	0.03842	0.02105	0.00173	0.00450	0.02875	0.01594	0.12863
11	0.04439	0.01395	0.01185	0.01046	0.03568	0.26838	0.00791	0.17957	0.11721	0.09929	0.04155	0.01384	0.02004	0.02753	0.00501	0.00144	0.00559	0.00428	0.04461	0.04741
12	0.06818	0.27172	0.09797	0.01007	0.03754	0.06583	0.00896	0.12486	0.07941	0.05871	0.01011	0.01150	0.00816	0.02591	0.06869	0.00189	0.02337	0.00370	0.00305	0.02037
13	0.01055	0.11151	0.23737	0.02433	0.05050	0.02430	0.12126	0.03751	0.02163	0.05544	0.06894	0.06470	0.06394	0.05262	0.00628	0.00168	0.03290	0.00547	0.00301	0.00607
14	0.01368	0.01157	0.01183	0.01012	0.01300	0.05443	0.00801	0.23277	0.49203	0.02211	0.04790	0.01616	0.01342	0.00637	0.00509	0.00156	0.02275	0.00508	0.00467	0.00744
15	0.01481	0.03686	0.03120	0.00917	0.01217	0.05249	0.00759	0.42880	0.05705	0.04335	0.02653	0.03773	0.01063	0.00596	0.00442	0.00137	0.00453	0.00462	0.20387	0.00683
16	0.01801	0.01269	0.01380	0.01068	0.01442	0.01391	0.00879	0.66319	0.07681	0.09919	0.01271	0.01236	0.00892	0.00581	0.00479	0.00145	0.00505	0.00443	0.00489	0.00809
17	0.02343	0.00771	0.09609	0.00724	0.00912	0.00610	0.00628	0.04105	0.01238	0.02727	0.46638	0.08429	0.11553	0.03727	0.00647	0.00167	0.03435	0.00800	0.00450	0.00488
18	0.00768	0.00555	0.00638	0.00622	0.00674	0.00590	0.00401	0.00994	0.12558	0.01113	0.01542	0.02760	0.01624	0.60248	0.12557	0.00458	0.00558	0.00648	0.00315	0.00378
19	0.01012	0.03243	0.07277	0.01026	0.01196	0.05581	0.03555	0.07911	0.00974	0.02803	0.01087	0.04739	0.01004	0.04194	0.31372	0.00407	0.21329	0.00491	0.00272	0.00528
20	0.01280	0.77236	0.04199	0.00853	0.01254	0.04215	0.00848	0.01440	0.00977	0.01135	0.00670	0.00782	0.00614	0.00423	0.00345	0.00107	0.02541	0.00263	0.00206	0.00611
21	0.01060	0.10573	0.09363	0.00937	0.04856	0.00899	0.02206	0.02669	0.01029	0.03287	0.03021	0.02180	0.00835	0.00432	0.00422	0.00099	0.03147	0.00341	0.00280	0.52364
22	0.00739	0.04714	0.02262	0.03864	0.00965	0.00649	0.02248	0.00987	0.07105	0.01425	0.15644	0.34754	0.12374	0.01134	0.00606	0.00175	0.03751	0.05717	0.00422	0.00466

[dist]
# distance from previous block
# <min> <max>
0	2

[block]
# block no. 2 follows, 53 sequences, length 38
# corresponding to MSA columns:
# 236-273
name=unknown_C
#
# <colnr> <probs for GDERKNQSTAVLIFYWHMCP>
#	G	D	E	R	K	N	Q	S	T	A	V	L	I	F	Y	W	H	M	C	P
0	0.01149	0.01102	0.01880	0.04247	0.70348	0.01106	0.04269	0.01457	0.03091	0.01550	0.01004	0.04793	0.00877	0.00479	0.00483	0.00146	0.00560	0.00475	0.00252	0.00732
1	0.00690	0.00468	0.00552	0.00568	0.00586	0.00463	0.00352	0.00729	0.00786	0.01051	0.06219	0.10327	0.02106	0.64504	0.02018	0.00402	0.00431	0.07097	0.00329	0.00320
2	0.00835	0.00661	0.00709	0.00660	0.00857	0.00656	0.00506	0.01337	0.24430	0.05113	0.13045	0.03503	0.43882	0.00987	0.00538	0.00160	0.00288	0.00828	0.00473	0.00533
3	0.01717	0.02166	0.01362	0.05531	0.01568	0.74696	0.00949	0.01850	0.01315	0.01172	0.00741	0.00889	0.00617	0.00502	0.00467	0.00128	0.03219	0.00317	0.00243	0.00552
4	0.00777	0.00607	0.00882	0.02750	0.01026	0.00658	0.03700	0.02581	0.02531	0.01353	0.06896	0.07883	0.04234	0.04605	0.27282	0.00394	0.04785	0.26243	0.00358	0.00456
5	0.00664	0.00494	0.00630	0.00674	0.00782	0.00460	0.00530	0.00838	0.01134	0.01496	0.24563	0.18728	0.20837	0.01232	0.00603	0.00183	0.00306	0.24956	0.00465	0.00425
6	0.00866	0.00684	0.00832	0.00897	0.01037	0.03484	0.00762	0.01259	0.13543	0.01506	0.02417	0.05756	0.03842	0.01185	0.00622	0.00206	0.00439	0.59728	0.00441	0.00493
7	0.01036	0.01068	0.06384	0.23542	0.42605	0.01048	0.03091	0.01352	0.02254	0.01434	0.01038	0.01451	0.01876	0.00712	0.06261	0.00196	0.00639	0.03119	0.00243	0.00652
8	0.19840	0.13232	0.10425	0.02659	0.23814	0.03478	0.03377	0.03522	0.02366	0.01608	0.00866	0.01106	0.00719	0.00574	0.02167	0.03161	0.02704	0.01306	0.02453	0.00623
9	0.81851	0.00947	0.00743	0.00655	0.00955	0.01095	0.00539	0.05712	0.00893	0.02193	0.00692	0.00797	0.00534	0.00451	0.00306	0.00148	0.00378	0.00268	0.00306	0.00534
10	0.01420	0.06562	0.03610	0.07104	0.20457	0.38626	0.07477	0.01628	0.01182	0.01303	0.00853	0.03378	0.00734	0.00502	0.00489	0.00137	0.03290	0.00397	0.00242	0.00610
11	0.01187	0.01124	0.01881	0.02800	0.75227	0.01126	0.01416	0.04070	0.01128	0.01603	0.01022	0.01281	0.03064	0.00454	0.00476	0.00143	0.00557	0.00443	0.00251	0.00749
12	0.01085	0.04304	0.13046	0.01244	0.10899	0.00904	0.09754	0.02617	0.08632	0.10551	0.14712	0.04386	0.10265	0.00697	0.00525	0.00153	0.01890	0.01853	0.00379	0.02105
13	0.00716	0.00542	0.00782	0.05328	0.04700	0.00529	0.03287	0.00886	0.03724	0.03566	0.04865	0.60940	0.05740	0.01269	0.00583	0.00183	0.00334	0.01152	0.00422	0.00450
14	0.02047	0.00839	0.01111	0.00860	0.01218	0.00753	0.00707	0.06760	0.03630	0.71014	0.04588	0.01671	0.01286	0.00606	0.00484	0.00148	0.00407	0.00493	0.00580	0.00799
15	0.00967	0.00888	0.01424	0.68525	0.04084	0.01081	0.02779	0.04059	0.07495	0.01368	0.00965	0.01319	0.00724	0.00494	0.00478	0.00158	0.00608	0.00438	0.01583	0.00564
16	0.05541	0.05219	0.23081	0.09483	0.10067	0.07051	0.03899	0.15929	0.05750	0.01770	0.01082	0.05543	0.00892	0.00558	0.00465	0.00150	0.00593	0.01959	0.00302	0.00668
17	0.00619	0.00497	0.00563	0.00630	0.00705	0.02951	0.00437	0.00720	0.00995	0.01266	0.06204	0.55233	0.24713	0.01365	0.00590	0.00181	0.00284	0.01208	0.00441	0.00400
18	0.00671	0.00487	0.00639	0.00689	0.00780	0.00461	0.00532	0.00840	0.01116	0.01497	0.26839	0.24871	0.10416	0.04004	0.00668	0.00194	0.00314	0.24096	0.00463	0.00422
19	0.02460	0.12312	0.31099	0.02603	0.04826	0.08503	0.01195	0.06363	0.13086	0.03130	0.01158	0.03942	0.01941	0.00564	0.00488	0.00148	0.03447	0.01774	0.00293	0.00667
20	0.04745	0.04352	0.18436	0.06390	0.26786	0.05360	0.17277	0.03951	0.03563	0.01568	0.00950	0.02756	0.00761	0.00466	0.00476	0.00148	0.00642	0.00442	0.00250	0.00679
21	0.03795	0.00970	0.01090	0.00931	0.01229	0.01049	0.00742	0.09622	0.45307	0.22333	0.04048	0.01809	0.01424	0.00650	0.00486	0.00158	0.00397	0.02701	0.00507	0.00752
22	0.00653	0.00452	0.00548	0.00590	0.00612	0.00442	0.00372	0.00699	0.00803	0.01066	0.02058	0.31117	0.05299	0.46181	0.04141	0.00359	0.00415	0.03501	0.00354	0.00338
23	0.01010	0.02172	0.66458	0.01272	0.01890	0.01059	0.01572	0.03084	0.04495	0.04308	0.01048	0.01345	0.00806	0.03126	0.00529	0.00165	0.00657	0.04066	0.00248	0.00688
24	0.01320	0.01351	0.04905	0.12064	0.11930	0.25881	0.02161	0.03437	0.04978	0.08444	0.01459	0.05555	0.07841	0.00614	0.00469	0.00143	0.00589	0.00497	0.05765	0.00597
25	0.00593	0.00484	0.00525	0.00527	0.00671	0.00416	0.00396	0.00734	0.01130	0.01408	0.18589	0.08356	0.59854	0.01185	0.00570	0.00163	0.00247	0.03282	0.00459	0.00413
26	0.01183	0.01136	0.01940	0.02934	0.80221	0.01136	0.01467	0.01467	0.01088	0.01562	0.00899	0.01183	0.00757	0.00426	0.00473	0.00142	0.00568	0.00426	0.00237	0.00757
27	0.00950	0.00888	0.01488	0.59848	0.07086	0.01048	0.06674	0.03943	0.01028	0.01337	0.01105	0.01614	0.03620	0.00556	0.00523	0.00163	0.02519	0.04815	0.00246	0.00551
28	0.00933	0.00762	0.01062	0.01339	0.24235	0.00749	0.00801	0.03191	0.07644	0.04765	0.08036	0.05178	0.24861	0.04131	0.02208	0.00185	0.00413	0.08553	0.00389	0.00567
29	0.01130	0.01284	0.02789	0.02047	0.05282	0.01206	0.75726	0.01529	0.01127	0.01532	0.00965	0.01285	0.00726	0.00404	0.00561	0.00160	0.00797	0.00559	0.00242	0.00649
30	0.00628	0.00466	0.00576	0.00624	0.00696	0.00436	0.00432	0.00783	0.03685	0.01378	0.18587	0.45783	0.15344	0.07396	0.00725	0.00199	0.00279	0.01126	0.00450	0.00409
31	0.01094	0.02036	0.54743	0.04868	0.07646	0.03953	0.06499	0.01590	0.03537	0.06764	0.02259	0.01153	0.00755	0.00475	0.00467	0.00151	0.00667	0.00396	0.00249	0.00698
32	0.01138	0.01142	0.04600	0.17943	0.51316	0.03388	0.03356	0.01450	0.02781	0.02791	0.00943	0.02485	0.00779	0.00477	0.00514	0.00149	0.03372	0.00441	0.00245	0.00690
33	0.00685	0.00511	0.00747	0.00754	0.00840	0.00582	0.00586	0.00849	0.00797	0.01128	0.01491	0.02252	0.03972	0.07047	0.69772	0.00699	0.01154	0.05439	0.00276	0.00420
34	0.01173	0.01267	0.01360	0.03092	0.01309	0.19874	0.00974	0.01295	0.00886	0.01152	0.00732	0.01102	0.00688	0.01056	0.10206	0.00251	0.52439	0.00403	0.00223	0.00520
35	0.02291	0.01049	0.04155	0.07241	0.37007	0.03857	0.01116	0.07749	0.01167	0.09484	0.01321	0.15021	0.01223	0.00671	0.00528	0.00156	0.02851	0.02117	0.00328	0.00665
36	0.05726	0.01158	0.13315	0.00947	0.01345	0.03283	0.00872	0.09169	0.04590	0.48562	0.01585	0.03523	0.01075	0.00584	0.00467	0.00148	0.00468	0.00465	0.01963	0.00756
37	0.04743	0.04423	0.07111	0.01340	0.14818	0.07758	0.04732	0.13084	0.11657	0.04494	0.01066	0.01162	0.00822	0.00473	0.00434	0.00127	0.00517	0.00389	0.00328	0.20521

[dist]
# distance from previous block
# <min> <max>
0	5

[block]
# block no. 3 follows, 53 sequences, length 35
# corresponding to MSA columns:
# 279-313
name=unknown_D
#
# <colnr> <probs for GDERKNQSTAVLIFYWHMCP>
#	G	D	E	R	K	N	Q	S	T	A	V	L	I	F	Y	W	H	M	C	P
0	0.04696	0.10560	0.24257	0.01023	0.01452	0.04155	0.02531	0.07394	0.04243	0.23068	0.06127	0.05098	0.01193	0.00593	0.00459	0.00146	0.00520	0.01418	0.00379	0.00687
1	0.04202	0.03728	0.09820	0.03341	0.18070	0.13127	0.02289	0.11266	0.11468	0.06839	0.01333	0.05740	0.03078	0.00603	0.00474	0.00149	0.00556	0.02900	0.00343	0.00674
2	0.00625	0.00490	0.00525	0.00520	0.00673	0.00417	0.00388	0.00758	0.01119	0.03646	0.13628	0.09067	0.64114	0.01182	0.00565	0.00162	0.00247	0.00997	0.00458	0.00420
3	0.00965	0.03677	0.49082	0.01122	0.01636	0.06873	0.01296	0.01398	0.03324	0.01504	0.08236	0.04284	0.07696	0.00599	0.00468	0.00145	0.00585	0.00482	0.00276	0.06353
4	0.00886	0.00604	0.00745	0.06259	0.03024	0.00629	0.00570	0.01262	0.15107	0.05445	0.03364	0.33216	0.03553	0.00950	0.00497	0.00160	0.00319	0.00834	0.22065	0.00511
5	0.01594	0.23786	0.05892	0.01141	0.01465	0.51179	0.02642	0.04671	0.01263	0.01254	0.00746	0.00865	0.00624	0.00469	0.00404	0.00121	0.00747	0.00307	0.00242	0.00590
6	0.01015	0.00864	0.01004	0.00719	0.01143	0.00661	0.00576	0.03426	0.01027	0.01599	0.00858	0.00996	0.00711	0.00360	0.00358	0.00073	0.00359	0.00287	0.00289	0.83676
7	0.00796	0.00742	0.04256	0.08143	0.12425	0.02572	0.00778	0.01017	0.02975	0.01298	0.06292	0.18143	0.06696	0.05252	0.26022	0.00367	0.00702	0.00710	0.00320	0.00493
8	0.01169	0.03247	0.09522	0.03428	0.12044	0.02482	0.05443	0.05651	0.13041	0.12107	0.19215	0.06117	0.03085	0.00685	0.00504	0.00152	0.00453	0.00601	0.00408	0.00648
9	0.00581	0.00478	0.00511	0.00517	0.00659	0.00408	0.00382	0.00712	0.01106	0.01365	0.14305	0.12252	0.62651	0.01209	0.00569	0.00163	0.00243	0.01025	0.00454	0.00408
10	0.00656	0.00454	0.00546	0.00581	0.00604	0.00446	0.00364	0.00699	0.00794	0.01053	0.02032	0.26986	0.06301	0.49209	0.05162	0.00375	0.00431	0.02627	0.00346	0.00334
11	0.01003	0.02790	0.01356	0.02359	0.02878	0.01228	0.03186	0.01161	0.02230	0.03252	0.00988	0.03737	0.02504	0.01229	0.12955	0.00281	0.53796	0.02295	0.00249	0.00523
12	0.03883	0.01218	0.05084	0.09350	0.19855	0.02475	0.34167	0.06840	0.03174	0.03028	0.01015	0.01331	0.00795	0.00471	0.00528	0.00155	0.02144	0.02129	0.01695	0.00664
13	0.02144	0.00813	0.01109	0.00850	0.01220	0.00702	0.00702	0.02329	0.01368	0.80552	0.01886	0.01627	0.01183	0.00592	0.00481	0.00148	0.00407	0.00481	0.00592	0.00813
14	0.00618	0.00466	0.00572	0.00593	0.00693	0.00420	0.00429	0.00770	0.01140	0.01518	0.33713	0.28250	0.25383	0.01209	0.00580	0.00168	0.00250	0.02336	0.00476	0.00418
15	0.01151	0.06529	0.45868	0.01546	0.14910	0.06999	0.03294	0.05277	0.01119	0.04234	0.00996	0.01141	0.02705	0.00484	0.00471	0.00146	0.01803	0.00387	0.00245	0.00696
16	0.01785	0.02278	0.01354	0.01231	0.01478	0.81284	0.00924	0.01909	0.01354	0.01170	0.00739	0.00862	0.00616	0.00493	0.00431	0.00123	0.00862	0.00308	0.00246	0.00554
17	0.01012	0.00590	0.00616	0.00569	0.00720	0.00609	0.00436	0.13715	0.01201	0.01931	0.01647	0.07609	0.03142	0.00643	0.00383	0.00124	0.00277	0.00522	0.63755	0.00500
18	0.01108	0.01149	0.07147	0.15083	0.39568	0.01113	0.06345	0.02993	0.13935	0.01588	0.01141	0.03692	0.00937	0.00517	0.00487	0.00153	0.00562	0.01502	0.00285	0.00696
19	0.00991	0.00850	0.00991	0.00708	0.01133	0.00637	0.00566	0.01203	0.00991	0.01557	0.00850	0.00991	0.00708	0.00354	0.00354	0.00071	0.00354	0.00283	0.00283	0.86124
20	0.00782	0.00539	0.00668	0.00655	0.00779	0.00507	0.00484	0.06075	0.01229	0.05645	0.33061	0.28664	0.15420	0.01138	0.00570	0.00167	0.00278	0.02387	0.00486	0.00466
21	0.00598	0.00447	0.00559	0.00637	0.00708	0.00408	0.00453	0.00707	0.00990	0.01281	0.05937	0.53973	0.22147	0.01393	0.00602	0.00187	0.00281	0.07848	0.00446	0.00399
22	0.25159	0.01154	0.09202	0.01207	0.01571	0.02327	0.25728	0.01500	0.08767	0.03133	0.01286	0.01586	0.05070	0.00737	0.05537	0.00197	0.00606	0.04338	0.00305	0.00591
23	0.00587	0.00426	0.00554	0.00646	0.00691	0.00394	0.00438	0.00683	0.00958	0.01272	0.07930	0.71230	0.09548	0.01440	0.00603	0.00189	0.00271	0.01297	0.00449	0.00394
24	0.01151	0.00938	0.02225	0.03966	0.03797	0.00999	0.04870	0.04999	0.43041	0.07587	0.09994	0.03462	0.05694	0.00721	0.00511	0.00162	0.00407	0.04339	0.00458	0.00677
25	0.02712	0.01017	0.01230	0.02584	0.10143	0.02853	0.00800	0.14815	0.05595	0.10784	0.01068	0.01157	0.00816	0.00476	0.00478	0.00117	0.04767	0.00371	0.00352	0.37866
26	0.00679	0.00505	0.00550	0.00537	0.00700	0.00433	0.00411	0.00824	0.01136	0.05578	0.13891	0.04294	0.60982	0.01140	0.00560	0.00161	0.00258	0.04675	0.02254	0.00434
27	0.01066	0.01025	0.01682	0.12207	0.45818	0.02889	0.07900	0.01386	0.04852	0.01498	0.03702	0.10237	0.02442	0.00589	0.00501	0.00153	0.00547	0.00565	0.00281	0.00659
28	0.00992	0.00940	0.01594	0.56951	0.27700	0.01085	0.01372	0.01299	0.00998	0.01329	0.00865	0.01245	0.00675	0.00461	0.00476	0.00154	0.00615	0.00425	0.00220	0.00603
29	0.82912	0.00942	0.00734	0.00649	0.00948	0.01090	0.00535	0.04745	0.00875	0.02182	0.00686	0.00792	0.00530	0.00449	0.00304	0.00148	0.00376	0.00266	0.00304	0.00530
30	0.86579	0.00924	0.00702	0.00629	0.00924	0.01072	0.00518	0.01405	0.00813	0.02144	0.00666	0.00776	0.00518	0.00444	0.00296	0.00148	0.00370	0.00259	0.00296	0.00518
31	0.00979	0.00809	0.01129	0.02712	0.17066	0.00845	0.02599	0.07322	0.06907	0.03934	0.29369	0.02530	0.12845	0.00796	0.00619	0.00156	0.07722	0.00672	0.00411	0.00580
32	0.03785	0.00919	0.01082	0.09827	0.08763	0.04573	0.00804	0.07453	0.26185	0.01674	0.06689	0.02085	0.01486	0.10483	0.02575	0.03926	0.00483	0.06245	0.00375	0.00590
33	0.00683	0.00512	0.00768	0.00768	0.00853	0.00597	0.00597	0.00853	0.00768	0.01110	0.01280	0.01878	0.01195	0.03585	0.81308	0.00768	0.01280	0.00512	0.00256	0.00427
34	0.01094	0.01209	0.02563	0.08295	0.05998	0.01159	0.64818	0.01475	0.01111	0.01503	0.01037	0.01500	0.00827	0.00458	0.00558	0.00163	0.00762	0.04589	0.00250	0.00630

[dist]
# distance from previous block
# <min> <max>
0	132

[block]
# block no. 4 follows, 53 sequences, length 25
# corresponding to MSA columns:
# 446-470
name=unknown_E
#
# <colnr> <probs for GDERKNQSTAVLIFYWHMCP>
#	G	D	E	R	K	N	Q	S	T	A	V	L	I	F	Y	W	H	M	C	P
0	0.00664	0.00488	0.00621	0.00588	0.00706	0.00446	0.00441	0.00877	0.01323	0.01845	0.71415	0.03688	0.13108	0.01004	0.00564	0.00152	0.00227	0.00881	0.00517	0.00446
1	0.00991	0.00850	0.00991	0.00708	0.01133	0.00637	0.00566	0.01203	0.00991	0.01557	0.00850	0.00991	0.00708	0.00354	0.00354	0.00071	0.00354	0.00283	0.00283	0.86124
2	0.04125	0.00609	0.00723	0.00678	0.00839	0.00603	0.00527	0.03163	0.10876	0.04473	0.45977	0.03410	0.13688	0.00954	0.00547	0.00159	0.00284	0.07366	0.00495	0.00505
3	0.04900	0.00902	0.03338	0.00757	0.01154	0.00719	0.00627	0.05649	0.01056	0.05110	0.00935	0.01083	0.00759	0.00618	0.06236	0.00135	0.00444	0.00318	0.00304	0.64956
4	0.00638	0.00460	0.00538	0.00574	0.00675	0.00417	0.00417	0.00779	0.01059	0.01429	0.14632	0.30464	0.29606	0.01193	0.00554	0.00167	0.00257	0.04226	0.11505	0.00412
5	0.01240	0.06587	0.01441	0.01452	0.20962	0.03271	0.00949	0.09850	0.26465	0.02736	0.01262	0.02821	0.01011	0.00556	0.00533	0.00142	0.06399	0.00448	0.00353	0.11524
6	0.01111	0.25874	0.27839	0.01028	0.03457	0.02558	0.01071	0.01446	0.03025	0.03474	0.00927	0.01038	0.02163	0.00437	0.00388	0.00115	0.00531	0.00328	0.00247	0.22944
7	0.05144	0.01428	0.01524	0.16263	0.23532	0.24300	0.02289	0.12177	0.04729	0.01625	0.00911	0.01110	0.00720	0.00491	0.00472	0.00142	0.01817	0.00392	0.00281	0.00650
8	0.00956	0.00947	0.04967	0.57526	0.09898	0.01057	0.01270	0.03636	0.03309	0.01346	0.00981	0.01464	0.00791	0.00649	0.03724	0.00185	0.02690	0.03795	0.00242	0.00566
9	0.05289	0.01034	0.01518	0.21646	0.03555	0.01086	0.12122	0.20945	0.01419	0.24717	0.01234	0.01323	0.00849	0.00521	0.00483	0.00151	0.00554	0.00455	0.00397	0.00703
10	0.00939	0.00891	0.01483	0.32570	0.07024	0.02456	0.15184	0.02348	0.06932	0.01370	0.01290	0.14525	0.01187	0.00948	0.08521	0.00224	0.00652	0.00616	0.00286	0.00554
11	0.00734	0.00537	0.00686	0.10071	0.00900	0.00587	0.00465	0.00788	0.00732	0.00984	0.01375	0.02732	0.01522	0.64344	0.07714	0.00438	0.04140	0.00639	0.00275	0.00338
12	0.00726	0.00582	0.00873	0.09531	0.12176	0.00589	0.00713	0.00887	0.00987	0.01333	0.07758	0.47925	0.02559	0.01253	0.03135	0.00200	0.00398	0.07518	0.00390	0.00465
13	0.10813	0.00878	0.01084	0.00847	0.01196	0.00832	0.00697	0.12477	0.01428	0.57418	0.06099	0.01584	0.01253	0.00596	0.00466	0.00147	0.00409	0.00473	0.00542	0.00762
14	0.00723	0.00526	0.00686	0.00757	0.00870	0.00513	0.00634	0.00909	0.01062	0.01380	0.04379	0.04803	0.18087	0.06025	0.04280	0.00242	0.00428	0.50235	0.03038	0.00424
15	0.01271	0.04595	0.01819	0.02361	0.54212	0.16122	0.04735	0.01532	0.02286	0.01461	0.00955	0.04712	0.00840	0.00487	0.00469	0.00140	0.00616	0.00446	0.00250	0.00692
16	0.00820	0.00419	0.00615	0.00615	0.00615	0.00419	0.00406	0.00628	0.00628	0.00837	0.00879	0.01574	0.00896	0.07572	0.01909	0.79886	0.00419	0.00435	0.00214	0.00214
17	0.00606	0.00447	0.00573	0.00664	0.00728	0.00414	0.00476	0.00716	0.00973	0.01263	0.03013	0.57739	0.16818	0.01421	0.00609	0.00192	0.00295	0.12210	0.00443	0.00398
18	0.00587	0.00468	0.00526	0.00547	0.00668	0.00408	0.00397	0.00716	0.01090	0.01376	0.16569	0.23281	0.49199	0.01241	0.00576	0.00167	0.00248	0.01069	0.00457	0.00408
19	0.02139	0.09056	0.23063	0.05849	0.07467	0.02558	0.13615	0.01651	0.16968	0.02656	0.02168	0.03249	0.01954	0.00569	0.00483	0.00155	0.00583	0.04856	0.00302	0.00660
20	0.01573	0.01292	0.21794	0.01036	0.01459	0.00919	0.02792	0.06482	0.10370	0.38464	0.01580	0.06059	0.01135	0.00613	0.00505	0.00154	0.02078	0.00502	0.00448	0.00745
21	0.09312	0.00906	0.00935	0.00779	0.01048	0.05420	0.00624	0.16977	0.06338	0.22923	0.01544	0.01542	0.03051	0.00578	0.00419	0.00136	0.00392	0.00447	0.25981	0.00648
22	0.01080	0.10900	0.03713	0.39539	0.11303	0.08522	0.06940	0.01403	0.04142	0.01313	0.00959	0.01376	0.00790	0.00562	0.01989	0.00161	0.00642	0.03840	0.00241	0.00585
23	0.06458	0.20842	0.45719	0.03028	0.03776	0.02708	0.01351	0.01573	0.07596	0.01493	0.00892	0.01012	0.00679	0.00460	0.00414	0.00140	0.00610	0.00343	0.00234	0.00672
24	0.03154	0.01269	0.03524	0.14982	0.44703	0.12158	0.01305	0.02954	0.01085	0.01456	0.00842	0.01127	0.00699	0.00485	0.00566	0.00149	0.08236	0.00403	0.00237	0.00666

[dist]
# distance from previous block
# <min> <max>
1	6

[block]
# block no. 5 follows, 53 sequences, length 16
# corresponding to MSA columns:
# 477-492
name=unknown_F
#
# <colnr> <probs for GDERKNQSTAVLIFYWHMCP>
#	G	D	E	R	K	N	Q	S	T	A	V	L	I	F	Y	W	H	M	C	P
0	0.06099	0.00931	0.01393	0.42040	0.11578	0.03059	0.04787	0.01368	0.07715	0.01416	0.01067	0.04672	0.00896	0.00610	0.02133	0.00168	0.02169	0.02686	0.00266	0.04947
1	0.03259	0.06073	0.03803	0.23529	0.26104	0.03559	0.04430	0.03141	0.12803	0.01545	0.04137	0.01435	0.03097	0.00520	0.00470	0.00149	0.00550	0.00461	0.00288	0.00649
2	0.00915	0.00847	0.04372	0.00805	0.01017	0.05583	0.03014	0.01396	0.19543	0.03844	0.29942	0.03058	0.17293	0.00885	0.00537	0.00158	0.00360	0.05427	0.00458	0.00546
3	0.00962	0.00845	0.01194	0.17926	0.07356	0.00980	0.00907	0.07024	0.01010	0.01420	0.04786	0.14523	0.01342	0.04575	0.02068	0.00190	0.21446	0.01962	0.00301	0.09185
4	0.00702	0.00483	0.00614	0.00662	0.00712	0.00474	0.00479	0.00791	0.00901	0.01193	0.06818	0.15879	0.04667	0.34516	0.01417	0.04232	0.00405	0.24322	0.00374	0.00360
5	0.01087	0.00955	0.05661	0.00842	0.01162	0.00840	0.00709	0.14875	0.04232	0.01711	0.03206	0.01275	0.00924	0.00920	0.09370	0.07894	0.04156	0.00385	0.01595	0.38199
6	0.01014	0.14857	0.44923	0.01325	0.07823	0.01176	0.04893	0.01484	0.05960	0.01475	0.03478	0.03326	0.02629	0.00609	0.02897	0.00164	0.00630	0.00425	0.00248	0.00665
7	0.01151	0.06078	0.01986	0.09181	0.43312	0.01122	0.17591	0.01447	0.01109	0.04529	0.06945	0.01386	0.01033	0.00473	0.00490	0.00146	0.00589	0.00480	0.00269	0.00684
8	0.00618	0.00439	0.00584	0.00687	0.00725	0.00418	0.00481	0.00716	0.00927	0.01230	0.02538	0.65596	0.02998	0.07336	0.00748	0.00217	0.00315	0.12603	0.00432	0.00389
9	0.02043	0.00976	0.01210	0.00927	0.01301	0.00943	0.00766	0.25904	0.01640	0.56593	0.01658	0.01479	0.01069	0.00586	0.00480	0.00147	0.00444	0.00465	0.00557	0.00813
10	0.01007	0.05237	0.01582	0.11955	0.12483	0.03253	0.16220	0.01214	0.02777	0.01267	0.01029	0.03951	0.00938	0.02332	0.07044	0.13490	0.09939	0.03512	0.00248	0.00524
11	0.01008	0.05602	0.73458	0.01371	0.04143	0.01131	0.01693	0.01530	0.01019	0.03509	0.00877	0.01020	0.00625	0.00455	0.00449	0.00149	0.00687	0.00355	0.00213	0.00707
12	0.00596	0.00440	0.00545	0.00612	0.00672	0.00403	0.00416	0.00692	0.00970	0.01271	0.09597	0.54203	0.18487	0.07849	0.00741	0.00205	0.00281	0.01194	0.00439	0.00389
13	0.00603	0.00457	0.00561	0.00624	0.00709	0.00414	0.00451	0.00723	0.01024	0.01321	0.09697	0.44072	0.27425	0.01347	0.00597	0.00183	0.00278	0.08661	0.00450	0.00403
14	0.01479	0.39438	0.10867	0.00962	0.01375	0.05006	0.04453	0.03059	0.01130	0.23075	0.01123	0.04198	0.00875	0.00512	0.00403	0.00128	0.00525	0.00390	0.00328	0.00673
15	0.02144	0.00813	0.01109	0.00850	0.01220	0.00702	0.00702	0.02329	0.01368	0.80552	0.01886	0.01627	0.01183	0.00592	0.00481	0.00148	0.00407	0.00481	0.00592	0.00813

[dist]
# distance from previous block
# <min> <max>
0	1

[block]
# block no. 6 follows, 53 sequences, length 28
# corresponding to MSA columns:
# 494-521
name=unknown_G
#
# <colnr> <probs for GDERKNQSTAVLIFYWHMCP>
#	G	D	E	R	K	N	Q	S	T	A	V	L	I	F	Y	W	H	M	C	P
0	0.02473	0.05255	0.08209	0.03520	0.06302	0.29118	0.05408	0.04933	0.01159	0.05762	0.03703	0.01143	0.00829	0.00661	0.03040	0.00169	0.17049	0.00397	0.00272	0.00598
1	0.07650	0.03152	0.01403	0.01327	0.07910	0.54342	0.02347	0.02969	0.04082	0.01334	0.00789	0.00945	0.00657	0.00521	0.00539	0.00137	0.08720	0.00339	0.00257	0.00579
2	0.01071	0.05605	0.27671	0.09376	0.07042	0.02605	0.24080	0.01604	0.10831	0.01527	0.01064	0.01336	0.00822	0.00487	0.00492	0.00155	0.00665	0.02641	0.00260	0.00666
3	0.86579	0.00924	0.00702	0.00629	0.00924	0.01072	0.00518	0.01405	0.00813	0.02144	0.00666	0.00776	0.00518	0.00444	0.00296	0.00148	0.00370	0.00259	0.00296	0.00518
4	0.03023	0.04219	0.02942	0.24442	0.23652	0.14379	0.02801	0.01443	0.01073	0.02735	0.00854	0.01107	0.00685	0.00443	0.00440	0.00132	0.00600	0.00376	0.00244	0.14410
5	0.00961	0.00566	0.00729	0.00652	0.00817	0.00525	0.00502	0.01224	0.04582	0.15690	0.58474	0.03110	0.05308	0.00885	0.00537	0.00149	0.00264	0.00771	0.03727	0.00526
6	0.00633	0.00487	0.00570	0.00556	0.00682	0.00435	0.00414	0.00799	0.01186	0.01564	0.39583	0.04051	0.36660	0.06596	0.00693	0.00179	0.00257	0.03764	0.00472	0.00419
7	0.05469	0.01181	0.01802	0.08505	0.65347	0.06494	0.01373	0.01475	0.01083	0.01539	0.00873	0.01148	0.00727	0.00435	0.00462	0.00142	0.00583	0.00410	0.00238	0.00715
8	0.01064	0.00991	0.01684	0.29736	0.46982	0.01062	0.02727	0.01343	0.01025	0.01429	0.00905	0.01247	0.00735	0.00489	0.00518	0.03019	0.00578	0.00428	0.03390	0.00648
9	0.01183	0.01136	0.01940	0.02934	0.80221	0.01136	0.01467	0.01467	0.01088	0.01562	0.00899	0.01183	0.00757	0.00426	0.00473	0.00142	0.00568	0.00426	0.00237	0.00757
10	0.01019	0.02518	0.03405	0.01428	0.01661	0.03505	0.31143	0.01255	0.00958	0.01331	0.02858	0.07874	0.03953	0.00862	0.05301	0.00211	0.29323	0.00580	0.00260	0.00554
11	0.01147	0.37864	0.34844	0.01121	0.01636	0.06262	0.05085	0.01480	0.01032	0.01338	0.03637	0.01001	0.00757	0.00453	0.00398	0.00129	0.00618	0.00337	0.00219	0.00644
12	0.00596	0.00428	0.00569	0.00677	0.00715	0.00401	0.00466	0.00691	0.00935	0.01238	0.02692	0.74571	0.05431	0.01475	0.00613	0.00195	0.00289	0.07181	0.00443	0.00393
13	0.00966	0.00934	0.01310	0.01152	0.01162	0.01278	0.00945	0.01074	0.00754	0.01154	0.00893	0.09659	0.00940	0.01140	0.08265	0.00255	0.66856	0.00524	0.00238	0.00501
14	0.01099	0.01057	0.01821	0.26025	0.55142	0.01117	0.03999	0.01397	0.01051	0.01461	0.00887	0.01213	0.00721	0.00440	0.00478	0.00148	0.00596	0.00430	0.00230	0.00687
15	0.00928	0.00968	0.05512	0.01298	0.01575	0.03236	0.29295	0.01251	0.03980	0.01454	0.01861	0.13530	0.03509	0.00912	0.00593	0.00185	0.00572	0.28454	0.00352	0.00536
16	0.01329	0.00574	0.00677	0.00587	0.00789	0.00535	0.00463	0.01539	0.01130	0.29310	0.01673	0.01728	0.01210	0.00569	0.00385	0.00124	0.00287	0.00458	0.56058	0.00574
17	0.00977	0.05383	0.74996	0.01367	0.02054	0.01142	0.04565	0.01511	0.01012	0.01500	0.00855	0.01011	0.00610	0.00451	0.00453	0.00150	0.00703	0.00357	0.00203	0.00701
18	0.04418	0.00856	0.01119	0.00863	0.01230	0.00774	0.00712	0.07432	0.02870	0.71727	0.01804	0.01574	0.01145	0.00587	0.00476	0.00148	0.00413	0.00472	0.00574	0.00804
19	0.01753	0.02229	0.01428	0.01270	0.01529	0.77283	0.04798	0.01890	0.01343	0.01188	0.00750	0.00883	0.00621	0.00488	0.00438	0.00125	0.00859	0.00321	0.00246	0.00559
20	0.00937	0.00885	0.01496	0.72341	0.12736	0.01071	0.01345	0.01251	0.00972	0.01263	0.00856	0.01263	0.00652	0.00471	0.00477	0.00157	0.00629	0.00425	0.00215	0.00559
21	0.02106	0.00876	0.01148	0.00880	0.01251	0.00795	0.00727	0.11392	0.01472	0.71341	0.01798	0.01570	0.01139	0.00589	0.00480	0.00147	0.00421	0.00475	0.00578	0.00813
22	0.00672	0.00490	0.00664	0.00671	0.00733	0.00533	0.00482	0.00785	0.00777	0.01075	0.01666	0.07297	0.06751	0.26627	0.47940	0.00604	0.00911	0.00650	0.00290	0.00383
23	0.02144	0.00813	0.01109	0.00850	0.01220	0.00702	0.00702	0.02329	0.01368	0.80552	0.01886	0.01627	0.01183	0.00592	0.00481	0.00148	0.00407	0.00481	0.00592	0.00813
24	0.01046	0.01046	0.01464	0.01255	0.01255	0.01464	0.01046	0.01150	0.00732	0.01150	0.00627	0.01046	0.00627	0.00837	0.01569	0.00209	0.82328	0.00418	0.00209	0.00523
25	0.00686	0.00499	0.00703	0.00703	0.00766	0.00562	0.00516	0.00812	0.00749	0.01061	0.01340	0.02206	0.01338	0.24521	0.60567	0.00688	0.01065	0.00560	0.00265	0.00391
26	0.00924	0.00869	0.01456	0.74582	0.08385	0.01055	0.01316	0.01237	0.00966	0.01253	0.00853	0.01261	0.00647	0.00471	0.00474	0.00156	0.00625	0.00421	0.00216	0.02834
27	0.00830	0.00415	0.00623	0.00623	0.00623	0.00415	0.00415	0.00623	0.00623	0.00830	0.00830	0.01453	0.00830	0.01660	0.01868	0.86094	0.00415	0.00415	0.00208	0.00208

[dist]
# distance from previous block
# <min> <max>
0	2

# created by:
# /home/cegg/simao/soft/augustus-3.2.1/scripts/msa2prfl.pl ./align_prep/EOG091G0JWC.fa
