[name]
unknown

[dist]
# distance from previous block
# <min> <max>
0	508

[block]
# block no. 0 follows, 52 sequences, length 7
# corresponding to MSA columns:
# 539-545
name=unknown_A
#
# <colnr> <probs for GDERKNQSTAVLIFYWHMCP>
#	G	D	E	R	K	N	Q	S	T	A	V	L	I	F	Y	W	H	M	C	P
0	0.05532	0.00871	0.02792	0.02379	0.02586	0.04350	0.06815	0.08673	0.04901	0.08740	0.08957	0.09767	0.09483	0.08098	0.03131	0.00206	0.00470	0.06555	0.02553	0.03141
1	0.03091	0.00859	0.03161	0.00910	0.03450	0.05987	0.05036	0.01331	0.07661	0.10394	0.07629	0.08630	0.13548	0.08960	0.02380	0.00202	0.02527	0.06666	0.02599	0.04980
2	0.03118	0.00881	0.01206	0.08999	0.04239	0.03051	0.10460	0.10467	0.05782	0.03662	0.06010	0.08184	0.11104	0.04390	0.00637	0.00173	0.03254	0.04880	0.07036	0.02466
3	0.07856	0.01081	0.06982	0.07297	0.06133	0.01060	0.11181	0.15897	0.04807	0.04784	0.03356	0.05683	0.03208	0.02928	0.02166	0.01709	0.06717	0.00526	0.06008	0.00620
4	0.01122	0.06838	0.01535	0.36596	0.05187	0.05734	0.07843	0.07048	0.01124	0.03915	0.05030	0.01430	0.00959	0.03507	0.00615	0.00165	0.05727	0.00460	0.04589	0.00577
5	0.15612	0.00979	0.01146	0.00971	0.01202	0.06958	0.07571	0.08986	0.04063	0.08154	0.01250	0.07848	0.01109	0.00899	0.04660	0.06275	0.08888	0.04428	0.04141	0.04860
6	0.00709	0.06345	0.00686	0.00576	0.00648	0.00551	0.00386	0.00779	0.00901	0.01180	0.12221	0.14821	0.13439	0.42956	0.01528	0.00319	0.00382	0.00839	0.00364	0.00369

[dist]
# distance from previous block
# <min> <max>
0	1

[block]
# block no. 1 follows, 52 sequences, length 24
# corresponding to MSA columns:
# 547-570
name=unknown_B
#
# <colnr> <probs for GDERKNQSTAVLIFYWHMCP>
#	G	D	E	R	K	N	Q	S	T	A	V	L	I	F	Y	W	H	M	C	P
0	0.01212	0.00968	0.01100	0.00960	0.01218	0.01068	0.02853	0.17135	0.41015	0.03504	0.10095	0.09273	0.03020	0.00781	0.00521	0.00164	0.00400	0.03535	0.00485	0.00693
1	0.01509	0.01150	0.01236	0.01017	0.01329	0.01280	0.00815	0.46513	0.24696	0.02544	0.01557	0.09161	0.01256	0.00693	0.00496	0.00155	0.00457	0.00560	0.02820	0.00756
2	0.08729	0.00973	0.01139	0.01991	0.01259	0.06011	0.06985	0.10096	0.08187	0.18206	0.01786	0.09982	0.08696	0.00689	0.00477	0.00146	0.00446	0.00579	0.01974	0.11650
3	0.01327	0.00973	0.01167	0.00940	0.01225	0.08462	0.08607	0.09774	0.04178	0.17150	0.14771	0.03885	0.05866	0.00668	0.00506	0.00141	0.01912	0.00566	0.07952	0.09929
4	0.00957	0.00648	0.00880	0.11898	0.01208	0.01943	0.04129	0.03521	0.01115	0.07800	0.13838	0.18812	0.02028	0.00908	0.02822	0.00171	0.01879	0.00715	0.24223	0.00505
5	0.07012	0.01247	0.01360	0.19107	0.01823	0.17555	0.06770	0.15491	0.02425	0.07969	0.01130	0.06429	0.00923	0.00642	0.01789	0.00162	0.03666	0.00476	0.03409	0.00615
6	0.01501	0.01336	0.17276	0.02746	0.01585	0.01138	0.06784	0.16900	0.01323	0.23593	0.01202	0.01289	0.00855	0.00646	0.01958	0.00172	0.16268	0.00444	0.02271	0.00713
7	0.00598	0.00486	0.00529	0.00530	0.00673	0.00418	0.00393	0.00739	0.01146	0.01435	0.20253	0.10650	0.58058	0.01201	0.00576	0.00164	0.00245	0.01021	0.00467	0.00418
8	0.00878	0.00873	0.01600	0.11979	0.01777	0.00843	0.32358	0.01138	0.01063	0.01379	0.02300	0.02658	0.25530	0.08596	0.00739	0.00193	0.00559	0.02842	0.02179	0.00517
9	0.01067	0.00990	0.01634	0.04144	0.59105	0.00994	0.01244	0.01350	0.03746	0.01519	0.01313	0.18149	0.01296	0.00666	0.00509	0.00156	0.00509	0.00632	0.00292	0.00685
10	0.00663	0.00479	0.00670	0.00756	0.00819	0.00458	0.02414	0.00796	0.00984	0.01319	0.02566	0.58236	0.02972	0.01413	0.00621	0.00200	0.00334	0.20512	0.03375	0.00415
11	0.01389	0.01069	0.01152	0.00994	0.01294	0.01205	0.00785	0.13927	0.60515	0.09262	0.01845	0.01697	0.01356	0.00641	0.00491	0.00160	0.00409	0.00526	0.00502	0.00781
12	0.00950	0.01039	0.09036	0.64174	0.11026	0.01075	0.01380	0.01290	0.00989	0.01315	0.00884	0.01268	0.00669	0.00479	0.00478	0.00158	0.00636	0.00424	0.02153	0.00577
13	0.00632	0.00449	0.00587	0.00648	0.00699	0.00422	0.00445	0.00750	0.01031	0.01405	0.23438	0.51809	0.03428	0.09158	0.00784	0.00211	0.00289	0.02953	0.00457	0.00403
14	0.00978	0.00965	0.01377	0.65780	0.02908	0.08671	0.01231	0.01266	0.00988	0.01222	0.00895	0.01315	0.00702	0.00810	0.08756	0.00221	0.00735	0.00428	0.00223	0.00530
15	0.00713	0.00488	0.00612	0.00583	0.00685	0.00458	0.00427	0.00918	0.01261	0.01824	0.62490	0.03361	0.03893	0.09362	0.00739	0.00180	0.00253	0.00809	0.10503	0.00440
16	0.00826	0.00522	0.00684	0.00638	0.00773	0.00476	0.00480	0.01034	0.01323	0.09906	0.62237	0.11002	0.06207	0.01008	0.00567	0.00157	0.00253	0.00888	0.00530	0.00488
17	0.01296	0.83261	0.02539	0.00829	0.01244	0.01917	0.00829	0.01451	0.00985	0.01140	0.00674	0.00777	0.00622	0.00415	0.00311	0.00104	0.00518	0.00259	0.00207	0.00622
18	0.01810	0.02310	0.01373	0.01248	0.01498	0.81024	0.00936	0.01935	0.01373	0.01186	0.00749	0.00874	0.00624	0.00499	0.00437	0.00125	0.00874	0.00312	0.00250	0.00562
19	0.01842	0.01357	0.01454	0.01115	0.01503	0.01503	0.00921	0.78330	0.02278	0.03054	0.01163	0.01163	0.00824	0.00582	0.00485	0.00145	0.00533	0.00436	0.00485	0.00824
20	0.01249	0.04935	0.29276	0.01098	0.04194	0.02722	0.01097	0.06769	0.07244	0.15309	0.01618	0.03100	0.09020	0.00607	0.00471	0.00145	0.00522	0.01577	0.00358	0.08691
21	0.00725	0.00661	0.00674	0.00703	0.00812	0.08703	0.02136	0.00836	0.01043	0.01267	0.03213	0.44040	0.29453	0.01286	0.00584	0.00178	0.00344	0.02495	0.00425	0.00423
22	0.77741	0.00926	0.00755	0.00660	0.00968	0.01049	0.00544	0.01521	0.00882	0.10198	0.00802	0.00876	0.00594	0.00465	0.00319	0.00150	0.00379	0.00286	0.00331	0.00556
23	0.01354	0.01364	0.01803	0.06593	0.42848	0.17427	0.08615	0.03674	0.03927	0.04825	0.00997	0.01263	0.00809	0.00481	0.00484	0.00145	0.00646	0.01769	0.00275	0.00700

[dist]
# distance from previous block
# <min> <max>
1	3

[block]
# block no. 2 follows, 52 sequences, length 14
# corresponding to MSA columns:
# 574-587
name=unknown_C
#
# <colnr> <probs for GDERKNQSTAVLIFYWHMCP>
#	G	D	E	R	K	N	Q	S	T	A	V	L	I	F	Y	W	H	M	C	P
0	0.01179	0.00824	0.01004	0.00867	0.01122	0.00818	0.02006	0.11427	0.14168	0.12058	0.07500	0.15644	0.03084	0.00838	0.00540	0.00156	0.02199	0.08733	0.00450	0.15383
1	0.00997	0.03636	0.26979	0.12034	0.01678	0.00927	0.02259	0.05932	0.01046	0.06476	0.01310	0.14772	0.01200	0.01195	0.13375	0.02226	0.02492	0.00579	0.00299	0.00588
2	0.40817	0.00931	0.00973	0.02539	0.01112	0.01128	0.00709	0.01523	0.13776	0.04019	0.00988	0.01169	0.00802	0.00917	0.09321	0.00234	0.17780	0.00381	0.00316	0.00565
3	0.01110	0.14651	0.01932	0.30858	0.34717	0.01256	0.05986	0.01396	0.01038	0.01384	0.00858	0.01169	0.00698	0.00446	0.00459	0.00145	0.00606	0.00411	0.00226	0.00654
4	0.01073	0.00891	0.01189	0.14394	0.10012	0.00775	0.00808	0.01312	0.01030	0.05668	0.00922	0.01107	0.00737	0.00400	0.00399	0.00099	0.00433	0.00337	0.00287	0.58129
5	0.04045	0.00862	0.01002	0.00724	0.01146	0.00665	0.00581	0.01297	0.01022	0.06380	0.00919	0.01036	0.00740	0.00377	0.00365	0.00079	0.00363	0.00298	0.00307	0.77793
6	0.00916	0.00821	0.01356	0.31239	0.23895	0.00928	0.01121	0.01178	0.00957	0.01318	0.03272	0.01530	0.00975	0.01502	0.26526	0.00356	0.00825	0.00472	0.00246	0.00566
7	0.00804	0.00487	0.00530	0.00531	0.00649	0.00475	0.00394	0.01054	0.04609	0.01713	0.15083	0.11195	0.12185	0.00828	0.00445	0.00137	0.00242	0.00700	0.47482	0.00455
8	0.00579	0.00490	0.00493	0.00493	0.00648	0.00412	0.00364	0.00696	0.01085	0.01291	0.04741	0.04589	0.75863	0.05301	0.00667	0.00179	0.00257	0.01007	0.00442	0.00403
9	0.10444	0.01000	0.01350	0.01135	0.01243	0.01284	0.02729	0.01400	0.00874	0.14397	0.00881	0.01151	0.00734	0.00747	0.01216	0.00192	0.55967	0.00421	0.02256	0.00579
10	0.00659	0.00480	0.00603	0.00598	0.00692	0.00443	0.00428	0.00828	0.01196	0.01647	0.50143	0.16773	0.12455	0.09944	0.00784	0.00195	0.00265	0.00957	0.00484	0.00424
11	0.00744	0.00576	0.00816	0.00769	0.00912	0.00612	0.00601	0.00924	0.00816	0.01200	0.01226	0.01755	0.01130	0.03092	0.67690	0.00662	0.01143	0.00481	0.00264	0.14588
12	0.01489	0.01710	0.01475	0.10284	0.19269	0.42939	0.01080	0.01852	0.12500	0.01402	0.00974	0.01127	0.00782	0.00505	0.00460	0.00139	0.00712	0.00386	0.00279	0.00635
13	0.01288	0.01330	0.01845	0.06256	0.63491	0.14372	0.01390	0.01550	0.01142	0.01502	0.00882	0.01150	0.00738	0.00445	0.00473	0.00142	0.00628	0.00412	0.00240	0.00723

[dist]
# distance from previous block
# <min> <max>
0	3

[block]
# block no. 3 follows, 52 sequences, length 6
# corresponding to MSA columns:
# 591-596
name=unknown_D
#
# <colnr> <probs for GDERKNQSTAVLIFYWHMCP>
#	G	D	E	R	K	N	Q	S	T	A	V	L	I	F	Y	W	H	M	C	P
0	0.01274	0.01340	0.01617	0.14006	0.15612	0.19934	0.12628	0.04549	0.14104	0.01547	0.03439	0.01362	0.00967	0.00678	0.04670	0.00182	0.00687	0.00462	0.00300	0.00642
1	0.47344	0.00955	0.01061	0.14838	0.08538	0.01100	0.00823	0.05628	0.00988	0.05980	0.00879	0.01146	0.00700	0.00521	0.00454	0.00157	0.05158	0.02846	0.00305	0.00579
2	0.00743	0.00587	0.00740	0.00781	0.06443	0.00561	0.00530	0.01039	0.07958	0.01733	0.46662	0.03506	0.20976	0.04831	0.00648	0.00170	0.00282	0.00841	0.00479	0.00488
3	0.60470	0.00903	0.00839	0.00707	0.01029	0.00972	0.00583	0.01713	0.00998	0.26215	0.01056	0.01053	0.00733	0.00496	0.00358	0.00150	0.00386	0.00332	0.00392	0.00617
4	0.08767	0.11020	0.01343	0.03188	0.19435	0.03547	0.00874	0.01561	0.19483	0.01558	0.01382	0.07736	0.01260	0.05718	0.07448	0.00225	0.00543	0.03963	0.00331	0.00617
5	0.00647	0.00504	0.00576	0.00575	0.00695	0.00460	0.00415	0.00836	0.04326	0.01485	0.26509	0.14523	0.36834	0.08540	0.00746	0.00192	0.00271	0.00978	0.00463	0.00426

[dist]
# distance from previous block
# <min> <max>
0	7

[block]
# block no. 4 follows, 52 sequences, length 23
# corresponding to MSA columns:
# 606-628
name=unknown_E
#
# <colnr> <probs for GDERKNQSTAVLIFYWHMCP>
#	G	D	E	R	K	N	Q	S	T	A	V	L	I	F	Y	W	H	M	C	P
0	0.83206	0.00934	0.00740	0.03663	0.01027	0.01087	0.00555	0.01418	0.00830	0.02139	0.00682	0.00806	0.00529	0.00451	0.00307	0.00150	0.00385	0.00269	0.00297	0.00525
1	0.01296	0.83261	0.02539	0.00829	0.01244	0.01917	0.00829	0.01451	0.00985	0.01140	0.00674	0.00777	0.00622	0.00415	0.00311	0.00104	0.00518	0.00259	0.00207	0.00622
2	0.00971	0.00923	0.01513	0.19684	0.35771	0.00947	0.06210	0.01252	0.02427	0.01451	0.03191	0.02127	0.20192	0.00650	0.00511	0.00154	0.00517	0.00595	0.00296	0.00616
3	0.00638	0.00493	0.00581	0.00559	0.00695	0.00437	0.00420	0.00822	0.01259	0.01675	0.48083	0.04061	0.36347	0.01091	0.00572	0.00157	0.00236	0.00938	0.00498	0.00437
4	0.00703	0.00553	0.00816	0.07329	0.10248	0.00550	0.00670	0.00842	0.00967	0.01296	0.02313	0.60206	0.02683	0.01294	0.00596	0.00190	0.00358	0.07525	0.00406	0.00453
5	0.00647	0.00467	0.00594	0.00622	0.00710	0.00430	0.00449	0.00809	0.01154	0.01585	0.36963	0.33378	0.12722	0.01211	0.00584	0.00171	0.00256	0.03217	0.03603	0.00427
6	0.02174	0.00825	0.01125	0.00862	0.01237	0.00712	0.00712	0.02362	0.01387	0.80282	0.01912	0.01649	0.01200	0.00600	0.00487	0.00150	0.00412	0.00487	0.00600	0.00825
7	0.00644	0.00558	0.00627	0.00598	0.00736	0.00542	0.00461	0.00778	0.01096	0.01372	0.13800	0.04109	0.61009	0.01153	0.00692	0.00168	0.09861	0.00934	0.00433	0.00429
8	0.01075	0.01018	0.01736	0.22393	0.51545	0.01068	0.03280	0.01359	0.01059	0.01470	0.01062	0.06860	0.00953	0.00541	0.00497	0.00154	0.00576	0.02425	0.00253	0.00674
9	0.86392	0.00937	0.00712	0.00637	0.00937	0.01087	0.00525	0.01425	0.00825	0.02174	0.00675	0.00787	0.00525	0.00450	0.00300	0.00150	0.00375	0.00262	0.00300	0.00525
10	0.02628	0.01543	0.22296	0.01982	0.17498	0.01153	0.39483	0.01501	0.01092	0.01554	0.00995	0.04180	0.00797	0.00468	0.00522	0.00158	0.00716	0.00514	0.00242	0.00680
11	0.01107	0.01027	0.01688	0.02434	0.61202	0.01006	0.01265	0.01379	0.01128	0.01620	0.10234	0.01644	0.01294	0.00529	0.00489	0.00143	0.00513	0.03614	0.00287	0.07400
12	0.01160	0.01086	0.01791	0.02576	0.64472	0.01136	0.01347	0.01421	0.01054	0.01552	0.00932	0.01231	0.00789	0.00491	0.00599	0.00149	0.10127	0.00432	0.06938	0.00715
13	0.01246	0.01265	0.01873	0.06657	0.62752	0.10523	0.03762	0.01519	0.01130	0.01515	0.00929	0.01263	0.00788	0.00462	0.00482	0.00145	0.00619	0.02104	0.00245	0.00721
14	0.33455	0.00866	0.00971	0.00779	0.01126	0.00851	0.00643	0.02014	0.01178	0.51271	0.01452	0.01329	0.00949	0.00544	0.00418	0.00150	0.00398	0.00404	0.00488	0.00713
15	0.00636	0.00477	0.00596	0.00643	0.00732	0.00448	0.00472	0.00768	0.01028	0.01344	0.12847	0.30778	0.23826	0.06278	0.07694	0.00252	0.00383	0.09954	0.00434	0.00410
16	0.00595	0.00475	0.00532	0.00553	0.00677	0.00413	0.00402	0.00725	0.01104	0.01390	0.15984	0.23153	0.49772	0.01260	0.00584	0.00170	0.00251	0.01085	0.00463	0.00413
17	0.00679	0.00493	0.00639	0.00607	0.00721	0.00454	0.00454	0.00899	0.01348	0.01898	0.74578	0.06108	0.07270	0.01016	0.00573	0.00154	0.00231	0.00897	0.00528	0.00454
18	0.69697	0.00958	0.00787	0.00706	0.01000	0.01110	0.00572	0.01650	0.16159	0.02145	0.00929	0.00987	0.00712	0.00491	0.00338	0.00153	0.00377	0.00318	0.00338	0.00572
19	0.01010	0.00879	0.00946	0.00873	0.00986	0.10221	0.00674	0.01258	0.07207	0.04766	0.20678	0.15914	0.03582	0.00912	0.00769	0.00168	0.19364	0.00711	0.08569	0.00514
20	0.01142	0.01070	0.01737	0.17077	0.54953	0.01129	0.01351	0.01562	0.10240	0.01577	0.01042	0.01301	0.00840	0.00471	0.00479	0.00149	0.00558	0.00446	0.02159	0.00719
21	0.01059	0.00997	0.01850	0.13955	0.13719	0.01022	0.28528	0.01361	0.01082	0.04331	0.01337	0.02270	0.01225	0.02192	0.00659	0.00182	0.05458	0.17878	0.00298	0.00598
22	0.01142	0.01176	0.02800	0.06859	0.14462	0.11650	0.09796	0.01382	0.01069	0.01461	0.00963	0.01246	0.02098	0.01693	0.00531	0.00126	0.04972	0.01662	0.00265	0.34647

[dist]
# distance from previous block
# <min> <max>
0	2

[block]
# block no. 5 follows, 52 sequences, length 36
# corresponding to MSA columns:
# 631-666
name=unknown_F
#
# <colnr> <probs for GDERKNQSTAVLIFYWHMCP>
#	G	D	E	R	K	N	Q	S	T	A	V	L	I	F	Y	W	H	M	C	P
0	0.01278	0.02768	0.07344	0.04063	0.21429	0.04047	0.06657	0.15464	0.03099	0.05783	0.02730	0.06352	0.01013	0.00544	0.00472	0.00137	0.00532	0.00479	0.00333	0.15475
1	0.01168	0.06878	0.01325	0.19202	0.09919	0.00951	0.00904	0.04238	0.03258	0.10758	0.06624	0.02614	0.01130	0.00542	0.00486	0.00132	0.03279	0.01863	0.01413	0.23317
2	0.00957	0.09481	0.01195	0.04661	0.14177	0.07155	0.00872	0.01152	0.01072	0.01362	0.01870	0.16758	0.02010	0.02929	0.00607	0.00188	0.00490	0.32187	0.00359	0.00518
3	0.00865	0.00709	0.00846	0.04309	0.03476	0.01798	0.01688	0.03992	0.17856	0.02720	0.18426	0.15182	0.22061	0.00995	0.00552	0.00166	0.00339	0.03023	0.00457	0.00537
4	0.01054	0.00860	0.01010	0.00724	0.01152	0.00649	0.00580	0.01268	0.01021	0.04901	0.00906	0.01032	0.00738	0.00369	0.00364	0.00075	0.00361	0.00296	0.00300	0.82339
5	0.00997	0.00931	0.01560	0.43897	0.31603	0.01039	0.01305	0.01297	0.01061	0.01441	0.09171	0.01502	0.01104	0.00518	0.00492	0.00154	0.00576	0.00478	0.00258	0.00615
6	0.00735	0.00509	0.00608	0.00599	0.00630	0.00533	0.00378	0.02278	0.02494	0.01041	0.01485	0.02852	0.01629	0.63910	0.17870	0.00518	0.00632	0.00659	0.00295	0.00342
7	0.01296	0.83261	0.02539	0.00829	0.01244	0.01917	0.00829	0.01451	0.00985	0.01140	0.00674	0.00777	0.00622	0.00415	0.00311	0.00104	0.00518	0.00259	0.00207	0.00622
8	0.01633	0.01263	0.01467	0.07175	0.09859	0.01400	0.00994	0.55862	0.10949	0.02648	0.01209	0.01251	0.00881	0.00568	0.00485	0.00149	0.00529	0.00448	0.00440	0.00791
9	0.01708	0.02111	0.01295	0.01184	0.01407	0.72546	0.00882	0.01798	0.01295	0.01150	0.00759	0.00937	0.00647	0.00624	0.00590	0.09146	0.00826	0.00324	0.00246	0.00525
10	0.01693	0.02121	0.01311	0.01199	0.01432	0.72566	0.00902	0.01823	0.01311	0.01180	0.00807	0.00982	0.00686	0.00829	0.08915	0.00194	0.00919	0.00334	0.00251	0.00548
11	0.00626	0.00484	0.00570	0.00568	0.00692	0.00429	0.00419	0.00791	0.01201	0.01583	0.38023	0.14446	0.36106	0.01160	0.00578	0.00163	0.00243	0.01004	0.00487	0.00429
12	0.00688	0.00493	0.00632	0.00597	0.00714	0.00454	0.00448	0.00911	0.01344	0.01904	0.72653	0.03604	0.08420	0.00986	0.00562	0.00151	0.00229	0.00867	0.03886	0.00454
13	0.00590	0.00422	0.00562	0.00675	0.00703	0.00394	0.00450	0.00675	0.00928	0.01237	0.02671	0.82653	0.03205	0.01518	0.00619	0.00197	0.00281	0.01378	0.00450	0.00394
14	0.00590	0.00469	0.00530	0.00563	0.00677	0.00409	0.00404	0.00711	0.01075	0.01351	0.11886	0.29923	0.47106	0.01298	0.00588	0.00173	0.00255	0.01123	0.00459	0.00409
15	0.01236	0.38164	0.34589	0.01118	0.01634	0.13029	0.01242	0.01556	0.01057	0.01310	0.00766	0.00893	0.00619	0.00446	0.00391	0.00127	0.00652	0.00308	0.00212	0.00652
16	0.01240	0.69332	0.15979	0.00924	0.01391	0.01781	0.00995	0.01465	0.00991	0.01208	0.00708	0.00820	0.00621	0.00422	0.00337	0.00112	0.00552	0.00276	0.00207	0.00638
17	0.01667	0.05205	0.01474	0.01390	0.09713	0.57797	0.00983	0.07509	0.02498	0.01375	0.00821	0.00970	0.00681	0.00583	0.02367	0.00146	0.03606	0.00344	0.00267	0.00604
18	0.71245	0.01044	0.00771	0.00704	0.00979	0.09444	0.00563	0.01424	0.00890	0.02002	0.00828	0.06761	0.00731	0.00533	0.00338	0.00151	0.00421	0.00349	0.00306	0.00519
19	0.01502	0.01699	0.09557	0.01113	0.01427	0.34503	0.00932	0.08127	0.22136	0.06173	0.06939	0.01406	0.01188	0.00586	0.00471	0.00143	0.00626	0.00441	0.00369	0.00661
20	0.01005	0.00861	0.01005	0.00718	0.01148	0.00646	0.00574	0.01220	0.01005	0.01579	0.00861	0.01005	0.00718	0.00359	0.00359	0.00072	0.00359	0.00287	0.00287	0.85932
21	0.00763	0.00593	0.00713	0.00736	0.00853	0.00605	0.00542	0.01183	0.18937	0.01579	0.18034	0.37495	0.08236	0.01183	0.00581	0.00180	0.00304	0.06509	0.00476	0.00497
22	0.86392	0.00937	0.00712	0.00637	0.00937	0.01087	0.00525	0.01425	0.00825	0.02174	0.00675	0.00787	0.00525	0.00450	0.00300	0.00150	0.00375	0.00262	0.00300	0.00525
23	0.07473	0.01161	0.01096	0.00987	0.01261	0.09247	0.00766	0.02427	0.65534	0.01953	0.01754	0.01639	0.01324	0.00626	0.00473	0.00159	0.00432	0.00503	0.00454	0.00729
24	0.00943	0.00890	0.01504	0.74009	0.10913	0.01084	0.01360	0.01263	0.00982	0.01272	0.00866	0.01283	0.00658	0.00479	0.00484	0.00160	0.00639	0.00431	0.00218	0.00561
25	0.00577	0.00491	0.00496	0.00495	0.00657	0.00411	0.00371	0.00703	0.01114	0.01331	0.07488	0.04628	0.77157	0.01219	0.00573	0.00163	0.00245	0.01018	0.00453	0.00411
26	0.01144	0.01037	0.01517	0.05791	0.28583	0.01188	0.02169	0.09481	0.08443	0.01617	0.02858	0.07003	0.01078	0.01893	0.02651	0.00188	0.21880	0.00525	0.00303	0.00651
27	0.07014	0.00587	0.00693	0.00649	0.00805	0.00574	0.00499	0.01119	0.07963	0.04439	0.52838	0.03389	0.12710	0.00952	0.00546	0.00157	0.00269	0.03797	0.00502	0.00495
28	0.01005	0.00861	0.01005	0.00718	0.01148	0.00646	0.00574	0.01220	0.01005	0.01579	0.00861	0.01005	0.00718	0.00359	0.00359	0.00072	0.00359	0.00287	0.00287	0.85932
29	0.00597	0.00472	0.00537	0.00562	0.00680	0.00413	0.00406	0.00727	0.01101	0.01397	0.16975	0.26163	0.45720	0.01268	0.00585	0.00171	0.00253	0.01097	0.00464	0.00413
30	0.01066	0.00897	0.01038	0.00747	0.01174	0.00708	0.00599	0.06838	0.01098	0.01687	0.00883	0.01016	0.00726	0.00375	0.00368	0.00077	0.00372	0.00298	0.00302	0.79731
31	0.01369	0.01133	0.01263	0.01068	0.01338	0.02476	0.02130	0.26792	0.37844	0.02192	0.01535	0.02908	0.01200	0.00762	0.02925	0.00182	0.09463	0.02244	0.00443	0.00731
32	0.01001	0.03564	0.08709	0.01112	0.09408	0.02427	0.01854	0.10287	0.03652	0.01629	0.08122	0.07005	0.16439	0.03675	0.00719	0.00175	0.10574	0.05195	0.03886	0.00567
33	0.00616	0.00440	0.00592	0.00704	0.00744	0.00416	0.00495	0.00720	0.00953	0.01266	0.02657	0.72132	0.03148	0.01494	0.00625	0.00200	0.00304	0.11643	0.00449	0.00401
34	0.00915	0.00861	0.01453	0.81804	0.03338	0.01077	0.01346	0.01238	0.00969	0.01238	0.00861	0.01292	0.00646	0.00484	0.00484	0.00161	0.00646	0.00431	0.00215	0.00538
35	0.07539	0.01010	0.01350	0.08192	0.17477	0.02553	0.05568	0.05442	0.25596	0.09109	0.01514	0.09975	0.01257	0.00645	0.00491	0.00159	0.00478	0.00567	0.00389	0.00688

[dist]
# distance from previous block
# <min> <max>
0	9

[block]
# block no. 6 follows, 52 sequences, length 15
# corresponding to MSA columns:
# 676-690
name=unknown_G
#
# <colnr> <probs for GDERKNQSTAVLIFYWHMCP>
#	G	D	E	R	K	N	Q	S	T	A	V	L	I	F	Y	W	H	M	C	P
0	0.21768	0.03015	0.30138	0.07209	0.19918	0.01127	0.05793	0.01462	0.00991	0.01664	0.00846	0.01074	0.00657	0.01851	0.00466	0.00156	0.00594	0.00374	0.00241	0.00657
1	0.25570	0.07345	0.07275	0.00871	0.04970	0.00910	0.00722	0.01525	0.02356	0.19246	0.15143	0.01765	0.06054	0.00621	0.00433	0.00145	0.00397	0.00486	0.00401	0.03766
2	0.01188	0.38960	0.17695	0.03928	0.23305	0.01497	0.04329	0.01475	0.01031	0.01360	0.00796	0.00979	0.00666	0.00430	0.00403	0.00129	0.00589	0.00344	0.00218	0.00680
3	0.00683	0.00497	0.00662	0.00658	0.00730	0.00522	0.00474	0.00815	0.00897	0.01246	0.16502	0.05355	0.07128	0.24012	0.37092	0.00519	0.00774	0.00697	0.00339	0.00398
4	0.01358	0.01107	0.01176	0.00988	0.01284	0.04383	0.00787	0.29069	0.29964	0.02178	0.01440	0.01494	0.01109	0.01079	0.13409	0.00247	0.00601	0.00474	0.00427	0.07426
5	0.01142	0.01034	0.01753	0.02598	0.67214	0.01034	0.01316	0.01350	0.01028	0.01464	0.00900	0.01243	0.00780	0.00633	0.00707	0.13910	0.00551	0.00430	0.00235	0.00678
6	0.00716	0.00558	0.00661	0.00669	0.00790	0.00547	0.00487	0.01060	0.13646	0.01601	0.27362	0.29737	0.18011	0.01157	0.00575	0.00171	0.00274	0.01018	0.00483	0.00477
7	0.00649	0.00444	0.00565	0.00627	0.00672	0.00416	0.00423	0.00687	0.00887	0.01154	0.02588	0.43980	0.15015	0.12039	0.01057	0.13985	0.00328	0.03737	0.00391	0.00356
8	0.04539	0.00962	0.01280	0.01214	0.13890	0.00901	0.00845	0.12988	0.01408	0.45065	0.01484	0.01406	0.01000	0.00538	0.00465	0.00139	0.00449	0.00441	0.00480	0.10505
9	0.00895	0.00599	0.00800	0.00716	0.00914	0.00526	0.06574	0.01051	0.01122	0.14014	0.03570	0.16549	0.43288	0.01094	0.00563	0.00168	0.00330	0.03783	0.02949	0.00495
10	0.01732	0.00794	0.01086	0.13803	0.01485	0.00756	0.00765	0.04806	0.01302	0.52198	0.01924	0.01824	0.07280	0.00627	0.00482	0.00150	0.00426	0.00516	0.07330	0.00716
11	0.06270	0.01151	0.01352	0.03284	0.07578	0.07730	0.09053	0.19246	0.20444	0.01915	0.01306	0.01617	0.01082	0.13775	0.00797	0.00202	0.00539	0.00498	0.00372	0.01789
12	0.01129	0.01345	0.14201	0.36595	0.18298	0.08537	0.01345	0.06087	0.03220	0.01494	0.00926	0.01209	0.00710	0.00484	0.00472	0.00151	0.00641	0.00412	0.02108	0.00637
13	0.00732	0.00510	0.00594	0.00588	0.00615	0.00530	0.00362	0.00835	0.05283	0.01027	0.01523	0.02927	0.01674	0.67858	0.12566	0.00492	0.00572	0.00671	0.00301	0.00339
14	0.00895	0.00636	0.00768	0.00692	0.00855	0.00622	0.00530	0.13341	0.01453	0.04278	0.50759	0.10153	0.11147	0.00983	0.00559	0.00156	0.00289	0.00852	0.00512	0.00517

[dist]
# distance from previous block
# <min> <max>
0	11

# created by:
# /home/cegg/simao/soft/augustus-3.2.1/scripts/msa2prfl.pl ./align_prep/EOG091G1144.fa
