[name]
unknown

[dist]
# distance from previous block
# <min> <max>
24	458

[block]
# block no. 0 follows, 50 sequences, length 17
# corresponding to MSA columns:
# 572-588
name=unknown_A
#
# <colnr> <probs for GDERKNQSTAVLIFYWHMCP>
#	G	D	E	R	K	N	Q	S	T	A	V	L	I	F	Y	W	H	M	C	P
0	0.01423	0.05843	0.07199	0.01281	0.07801	0.11805	0.09416	0.08911	0.11148	0.13617	0.05461	0.03949	0.06510	0.00636	0.00502	0.00151	0.00558	0.00540	0.00394	0.02853
1	0.01306	0.06200	0.03126	0.01101	0.05915	0.16258	0.00822	0.08620	0.18921	0.06431	0.01844	0.17920	0.05296	0.00830	0.00518	0.00162	0.00510	0.03169	0.00412	0.00641
2	0.05314	0.08622	0.07077	0.01241	0.08314	0.11311	0.04714	0.19011	0.10177	0.01934	0.03199	0.04611	0.05818	0.00617	0.00476	0.00145	0.00552	0.00497	0.00364	0.06005
3	0.03850	0.01195	0.01180	0.01060	0.04491	0.13020	0.00796	0.08380	0.26543	0.10969	0.03213	0.04052	0.03995	0.00641	0.00513	0.00147	0.02788	0.00507	0.00426	0.12233
4	0.03811	0.13130	0.13583	0.01155	0.06097	0.14671	0.00989	0.08466	0.11656	0.07766	0.06826	0.01550	0.05245	0.00599	0.00465	0.00144	0.00561	0.00463	0.00359	0.02466
5	0.07900	0.03469	0.05730	0.14333	0.04788	0.11232	0.03036	0.12460	0.11369	0.14683	0.02967	0.03639	0.01049	0.00588	0.00481	0.00155	0.00565	0.00473	0.00388	0.00695
6	0.06208	0.01303	0.07625	0.01359	0.14628	0.11551	0.00976	0.08925	0.17408	0.11462	0.06599	0.04796	0.02759	0.00649	0.00496	0.00156	0.00524	0.01464	0.00407	0.00709
7	0.01320	0.07141	0.04372	0.03959	0.21618	0.16922	0.03583	0.06179	0.10421	0.01619	0.01198	0.01346	0.03898	0.00622	0.03006	0.00158	0.00621	0.00432	0.00306	0.11280
8	0.01345	0.01035	0.01302	0.05166	0.09949	0.03442	0.04670	0.17049	0.11966	0.10177	0.02960	0.05839	0.03816	0.07545	0.00670	0.00176	0.00493	0.00554	0.00407	0.11438
9	0.01064	0.00939	0.01132	0.03483	0.11174	0.03717	0.00786	0.06641	0.12511	0.01692	0.05674	0.07114	0.11685	0.00821	0.03344	0.00165	0.04754	0.00589	0.00371	0.22341
10	0.01042	0.03163	0.01526	0.13880	0.36269	0.01021	0.01164	0.01310	0.02898	0.01457	0.01286	0.08712	0.01246	0.04870	0.03226	0.00201	0.05327	0.07456	0.00290	0.03655
11	0.00734	0.00533	0.00663	0.00641	0.00753	0.00506	0.00474	0.03304	0.01240	0.01695	0.44136	0.07318	0.14578	0.10842	0.04151	0.02549	0.00341	0.04624	0.00477	0.00444
12	0.01557	0.03486	0.03131	0.03818	0.16061	0.27806	0.05082	0.14852	0.07392	0.04680	0.01092	0.03367	0.00877	0.00546	0.00480	0.00143	0.00665	0.00437	0.00333	0.04193
13	0.00929	0.00465	0.00465	0.00465	0.00581	0.00465	0.00348	0.01161	0.01045	0.01858	0.01626	0.01858	0.01278	0.00581	0.00348	0.00116	0.00232	0.00465	0.85250	0.00465
14	0.03406	0.06491	0.10051	0.01079	0.07961	0.04006	0.00847	0.05345	0.10469	0.09342	0.09816	0.21831	0.05559	0.00877	0.00525	0.00164	0.00441	0.00752	0.00418	0.00622
15	0.06017	0.01247	0.14152	0.04534	0.06990	0.04023	0.04763	0.03140	0.08273	0.08859	0.03428	0.06529	0.02790	0.00579	0.00466	0.00138	0.00503	0.00489	0.00346	0.22732
16	0.03337	0.13032	0.04653	0.29924	0.04273	0.05621	0.00979	0.03558	0.01066	0.01386	0.03544	0.09106	0.05671	0.06219	0.00615	0.00173	0.00548	0.00552	0.00289	0.05455

[dist]
# distance from previous block
# <min> <max>
1	8

[block]
# block no. 1 follows, 50 sequences, length 15
# corresponding to MSA columns:
# 597-611
name=unknown_B
#
# <colnr> <probs for GDERKNQSTAVLIFYWHMCP>
#	G	D	E	R	K	N	Q	S	T	A	V	L	I	F	Y	W	H	M	C	P
0	0.13100	0.07671	0.24720	0.02673	0.01486	0.10917	0.01043	0.05491	0.07021	0.01713	0.07211	0.01547	0.05772	0.02919	0.00510	0.00156	0.00562	0.00450	0.00316	0.04723
1	0.04976	0.06037	0.06440	0.02533	0.01344	0.26455	0.00857	0.08526	0.07494	0.03276	0.05154	0.04219	0.03606	0.04765	0.05272	0.00199	0.02325	0.01827	0.00338	0.04356
2	0.15085	0.01155	0.01070	0.00891	0.01175	0.15356	0.02365	0.09179	0.01173	0.05197	0.01114	0.06233	0.01018	0.11497	0.00740	0.00177	0.02857	0.00457	0.00334	0.22928
3	0.01251	0.01351	0.17277	0.06683	0.01644	0.01131	0.03112	0.11574	0.26493	0.06263	0.05770	0.01547	0.01230	0.00596	0.00526	0.00154	0.03028	0.00485	0.00396	0.09486
4	0.00674	0.00490	0.00630	0.00633	0.00729	0.00451	0.00457	0.00858	0.01259	0.01744	0.52824	0.23325	0.09417	0.03425	0.00654	0.00178	0.00257	0.01035	0.00515	0.00446
5	0.00933	0.01342	0.22937	0.05680	0.07351	0.00953	0.17466	0.01269	0.01075	0.01484	0.05479	0.08119	0.12381	0.03582	0.02653	0.00196	0.04183	0.02015	0.00303	0.00598
6	0.00628	0.00503	0.00563	0.00576	0.00717	0.00439	0.00434	0.00777	0.01169	0.01469	0.18267	0.12581	0.52273	0.01256	0.00601	0.00174	0.00268	0.06394	0.00478	0.00431
7	0.00721	0.00510	0.00648	0.00660	0.00770	0.00471	0.00496	0.00898	0.01214	0.03660	0.37149	0.18770	0.16068	0.05122	0.00702	0.00192	0.00294	0.10707	0.00497	0.00450
8	0.01737	0.06574	0.01522	0.04550	0.01627	0.61307	0.03608	0.06016	0.05919	0.01386	0.00876	0.00999	0.00709	0.00519	0.00455	0.00134	0.00819	0.00353	0.00280	0.00610
9	0.07613	0.04435	0.03529	0.01004	0.01346	0.07490	0.00842	0.33051	0.03288	0.17376	0.06683	0.01637	0.03376	0.00703	0.01868	0.00163	0.01902	0.02500	0.00462	0.00732
10	0.01450	0.04949	0.05617	0.01036	0.01362	0.01263	0.00873	0.33070	0.22751	0.05533	0.05720	0.09032	0.01455	0.00725	0.00540	0.00161	0.02664	0.00583	0.00469	0.00746
11	0.01253	0.01206	0.08995	0.16668	0.10635	0.01107	0.22866	0.03825	0.07412	0.11450	0.03814	0.01464	0.00991	0.00568	0.00601	0.02954	0.02679	0.00510	0.00324	0.00680
12	0.00940	0.24361	0.08117	0.00814	0.01046	0.00948	0.00720	0.01112	0.01045	0.04946	0.08133	0.39019	0.02304	0.01046	0.00523	0.00166	0.00406	0.03443	0.00383	0.00529
13	0.00907	0.00587	0.00728	0.00734	0.00871	0.00555	0.00554	0.06556	0.01188	0.09816	0.07430	0.35335	0.17552	0.03453	0.00658	0.00196	0.00341	0.11560	0.00482	0.00496
14	0.04031	0.05053	0.06688	0.04678	0.08056	0.05078	0.08568	0.12917	0.04912	0.01856	0.13501	0.02533	0.04412	0.00774	0.00541	0.00167	0.00528	0.14696	0.00388	0.00623

[dist]
# distance from previous block
# <min> <max>
5	30

[block]
# block no. 2 follows, 50 sequences, length 44
# corresponding to MSA columns:
# 646-687,692,693
name=unknown_C
#
# <colnr> <probs for GDERKNQSTAVLIFYWHMCP>
#	G	D	E	R	K	N	Q	S	T	A	V	L	I	F	Y	W	H	M	C	P
0	0.09780	0.03339	0.11955	0.05606	0.01469	0.00980	0.00874	0.08320	0.09693	0.09434	0.03353	0.01271	0.00954	0.00499	0.00429	0.00127	0.00463	0.00391	0.00358	0.30706
1	0.40383	0.03704	0.01128	0.02386	0.04185	0.12902	0.00756	0.12308	0.05085	0.11410	0.01006	0.01060	0.00744	0.00517	0.00399	0.00149	0.00506	0.00354	0.00367	0.00650
2	0.08510	0.20053	0.14272	0.01015	0.01400	0.11559	0.00956	0.09987	0.06203	0.04979	0.05578	0.04644	0.01089	0.00583	0.00466	0.00141	0.02692	0.00431	0.00328	0.05114
3	0.00929	0.00465	0.00465	0.00465	0.00581	0.00465	0.00348	0.01161	0.01045	0.01858	0.01626	0.01858	0.01278	0.00581	0.00348	0.00116	0.00232	0.00465	0.85250	0.00465
4	0.01063	0.00758	0.00901	0.00797	0.00990	0.00790	0.00617	0.11607	0.14307	0.07503	0.37091	0.06074	0.06817	0.03304	0.02752	0.00188	0.02582	0.00757	0.00508	0.00592
5	0.02687	0.00498	0.00630	0.00657	0.00750	0.00463	0.00468	0.00871	0.01144	0.04443	0.30247	0.38802	0.10366	0.03953	0.00666	0.00190	0.00282	0.01949	0.00490	0.00446
6	0.00688	0.00502	0.00649	0.00642	0.00751	0.00463	0.00480	0.00894	0.01313	0.01822	0.58885	0.14699	0.10113	0.01131	0.00600	0.00168	0.00256	0.04959	0.00526	0.00457
7	0.00684	0.00518	0.00673	0.00740	0.00792	0.00527	0.00527	0.00832	0.03682	0.01316	0.04711	0.55807	0.07378	0.06147	0.02653	0.00231	0.05269	0.06648	0.00438	0.00429
8	0.00725	0.00483	0.00544	0.00544	0.00544	0.00483	0.00302	0.00725	0.00725	0.00966	0.01571	0.03262	0.01812	0.82483	0.02537	0.00483	0.00483	0.00725	0.00302	0.00302
9	0.00728	0.00518	0.00718	0.00718	0.00787	0.00580	0.00529	0.00867	0.00797	0.01153	0.01410	0.02268	0.01385	0.22620	0.56757	0.00683	0.01062	0.00576	0.05432	0.00412
10	0.01637	0.01083	0.01216	0.01006	0.01338	0.01172	0.00807	0.21761	0.37892	0.21395	0.03997	0.01703	0.01369	0.00652	0.00506	0.00160	0.00437	0.00529	0.00533	0.00809
11	0.01182	0.00990	0.04011	0.16120	0.08370	0.00882	0.00901	0.03602	0.07213	0.09089	0.02340	0.01282	0.00900	0.00468	0.00438	0.00119	0.00467	0.00393	0.00331	0.40901
12	0.01148	0.00788	0.00998	0.00878	0.01022	0.00872	0.01863	0.18390	0.08505	0.02940	0.01157	0.01593	0.01012	0.05307	0.12195	0.34713	0.05324	0.00480	0.00327	0.00486
13	0.01037	0.00569	0.00580	0.00541	0.00689	0.00586	0.00416	0.09746	0.01191	0.02002	0.01578	0.01784	0.01229	0.00583	0.00365	0.00120	0.00268	0.00463	0.75745	0.00508
14	0.00911	0.00875	0.04054	0.17286	0.02468	0.03555	0.04456	0.01179	0.03130	0.01502	0.10306	0.14414	0.07124	0.00805	0.00544	0.00154	0.02240	0.05069	0.01352	0.18574
15	0.08670	0.00687	0.05429	0.00648	0.00721	0.00638	0.00459	0.00870	0.00758	0.01134	0.01400	0.02785	0.01561	0.65580	0.02157	0.00419	0.04781	0.00646	0.00293	0.00363
16	0.01660	0.01169	0.01245	0.00981	0.01311	0.01283	0.00802	0.59079	0.02028	0.02829	0.01301	0.01358	0.00952	0.00594	0.00462	0.00141	0.00472	0.00453	0.21127	0.00754
17	0.01897	0.00907	0.01136	0.00899	0.01237	0.00867	0.00731	0.17761	0.03368	0.49421	0.08444	0.05189	0.01547	0.00688	0.00509	0.00155	0.00421	0.00564	0.03478	0.00782
18	0.02182	0.02589	0.01439	0.19946	0.04226	0.06678	0.10550	0.07916	0.01200	0.08231	0.01529	0.12641	0.03055	0.00854	0.02552	0.00189	0.04856	0.08425	0.00350	0.00594
19	0.01239	0.00709	0.00890	0.00811	0.01020	0.00688	0.00634	0.05975	0.10311	0.23098	0.17723	0.20189	0.05476	0.01006	0.00570	0.00174	0.00357	0.07985	0.00529	0.00616
20	0.03840	0.00883	0.01168	0.00898	0.01282	0.00788	0.00741	0.06805	0.01469	0.73746	0.01897	0.01650	0.01198	0.00613	0.00497	0.00154	0.00431	0.00494	0.00604	0.00842
21	0.05972	0.00921	0.01044	0.00758	0.01191	0.00744	0.00609	0.05907	0.01102	0.01751	0.00894	0.01031	0.00734	0.00388	0.00374	0.00083	0.00381	0.00303	0.00308	0.75504
22	0.01018	0.00942	0.01294	0.01138	0.01195	0.01228	0.00937	0.03303	0.00868	0.01296	0.01038	0.04708	0.01061	0.04038	0.08823	0.00272	0.53806	0.07356	0.00269	0.05410
23	0.00754	0.00501	0.00614	0.00612	0.00663	0.00496	0.00399	0.00827	0.00886	0.03939	0.10720	0.11775	0.06659	0.46798	0.11855	0.00426	0.00527	0.00807	0.00364	0.00377
24	0.01795	0.02268	0.01370	0.01246	0.01495	0.75881	0.00935	0.01930	0.01412	0.01265	0.05275	0.01061	0.00876	0.00543	0.00457	0.00130	0.00861	0.00354	0.00274	0.00572
25	0.06831	0.00958	0.05627	0.00901	0.01269	0.00818	0.00780	0.07916	0.02332	0.54133	0.07969	0.01874	0.01468	0.00658	0.00500	0.00157	0.00433	0.03170	0.01430	0.00775
26	0.00618	0.00451	0.00571	0.00655	0.00705	0.00416	0.00441	0.00713	0.00988	0.01302	0.07233	0.62077	0.13318	0.07093	0.00759	0.00215	0.00295	0.01292	0.00456	0.00404
27	0.11941	0.00897	0.01032	0.00769	0.01181	0.00753	0.00623	0.02989	0.01122	0.19059	0.01108	0.01156	0.00826	0.00440	0.00393	0.00103	0.00387	0.00341	0.00372	0.54509
28	0.00968	0.00893	0.01440	0.63513	0.05550	0.01099	0.01277	0.03917	0.01028	0.01342	0.01057	0.01465	0.03475	0.00736	0.05171	0.00205	0.05592	0.00470	0.00243	0.00561
29	0.03819	0.00770	0.01001	0.00847	0.01086	0.00764	0.00671	0.08113	0.01285	0.35652	0.10509	0.09960	0.01781	0.05386	0.11485	0.00267	0.04819	0.00639	0.00491	0.00654
30	0.00725	0.00499	0.00617	0.00622	0.00648	0.00521	0.00400	0.00777	0.00760	0.01034	0.01554	0.03033	0.01714	0.59961	0.21634	0.00551	0.00692	0.03614	0.00300	0.00343
31	0.01115	0.00963	0.01113	0.00919	0.05691	0.03164	0.00677	0.07484	0.01153	0.01715	0.01019	0.05790	0.00897	0.00466	0.00405	0.00093	0.00408	0.00383	0.00318	0.66226
32	0.04396	0.14540	0.01469	0.01048	0.01336	0.13506	0.03019	0.08383	0.23566	0.08033	0.01420	0.04561	0.01173	0.00716	0.01963	0.00168	0.05721	0.03916	0.00388	0.00679
33	0.00658	0.00495	0.00611	0.00673	0.00760	0.00462	0.00487	0.00822	0.03400	0.01401	0.10756	0.42374	0.21106	0.04121	0.00687	0.00201	0.00304	0.09785	0.00467	0.00429
34	0.01957	0.04253	0.01541	0.09758	0.19201	0.03395	0.03738	0.07876	0.01131	0.01597	0.01027	0.03989	0.00924	0.00640	0.01449	0.00158	0.15003	0.04250	0.00288	0.17827
35	0.00778	0.00523	0.00646	0.00638	0.00736	0.00491	0.00462	0.00920	0.01118	0.05235	0.29661	0.06878	0.13075	0.25705	0.01187	0.00268	0.00352	0.10450	0.00452	0.00427
36	0.01037	0.00590	0.00768	0.00733	0.00887	0.00556	0.00546	0.01256	0.05252	0.19124	0.18239	0.30549	0.07849	0.03119	0.06875	0.00231	0.00398	0.00951	0.00499	0.00540
37	0.02144	0.00829	0.01135	0.00882	0.01249	0.00726	0.00726	0.02336	0.01389	0.74951	0.01928	0.01712	0.01235	0.00806	0.05356	0.00193	0.00479	0.00503	0.00596	0.00824
38	0.00630	0.00483	0.00571	0.00596	0.00702	0.00431	0.00425	0.00768	0.01136	0.01478	0.23388	0.28161	0.33623	0.04458	0.00679	0.00188	0.00268	0.01112	0.00479	0.00424
39	0.01376	0.70056	0.02512	0.00968	0.01383	0.09715	0.05342	0.01548	0.01062	0.01202	0.00719	0.00841	0.00647	0.00435	0.00348	0.00112	0.00587	0.00291	0.00220	0.00635
40	0.02008	0.00826	0.01090	0.00852	0.01207	0.00728	0.00698	0.05403	0.01437	0.66113	0.04940	0.02048	0.08928	0.00693	0.00513	0.00155	0.00406	0.00567	0.00595	0.00793
41	0.01201	0.00966	0.01083	0.00961	0.01170	0.08613	0.03619	0.18218	0.01361	0.06030	0.04587	0.05355	0.08438	0.06263	0.14762	0.00302	0.02972	0.13126	0.00403	0.00572
42	0.01252	0.01476	0.12709	0.02112	0.26411	0.05406	0.28622	0.06513	0.01220	0.02966	0.01052	0.01324	0.02041	0.01825	0.00588	0.00163	0.02841	0.00494	0.00270	0.00714
43	0.01031	0.00839	0.01055	0.00931	0.01015	0.01018	0.00713	0.12430	0.03913	0.01435	0.01209	0.02018	0.01207	0.29336	0.14111	0.00389	0.25987	0.00557	0.00307	0.00500

[dist]
# distance from previous block
# <min> <max>
0	57

[block]
# block no. 3 follows, 50 sequences, length 30
# corresponding to MSA columns:
# 751-780
name=unknown_D
#
# <colnr> <probs for GDERKNQSTAVLIFYWHMCP>
#	G	D	E	R	K	N	Q	S	T	A	V	L	I	F	Y	W	H	M	C	P
0	0.09422	0.01338	0.01535	0.04618	0.01611	0.12821	0.11601	0.24637	0.01447	0.01981	0.01106	0.01278	0.03917	0.00661	0.02270	0.00170	0.12828	0.00447	0.00338	0.05976
1	0.13545	0.01334	0.01311	0.09481	0.01602	0.14006	0.02984	0.32700	0.06790	0.02227	0.01187	0.04980	0.00973	0.02303	0.00519	0.00162	0.00576	0.02247	0.00391	0.00681
2	0.00666	0.00470	0.00584	0.00644	0.00684	0.00449	0.00429	0.00745	0.00930	0.01233	0.06901	0.40455	0.07750	0.28635	0.01272	0.00294	0.00361	0.06704	0.00414	0.00379
3	0.01800	0.01979	0.01422	0.01232	0.01517	0.51173	0.00954	0.22267	0.06311	0.01786	0.00956	0.01045	0.00751	0.00561	0.00517	0.00140	0.04215	0.00375	0.00335	0.00662
4	0.01483	0.00970	0.01112	0.00965	0.01261	0.01042	0.00771	0.06812	0.44728	0.22369	0.05297	0.02143	0.01645	0.00724	0.00522	0.00168	0.00409	0.06275	0.00533	0.00769
5	0.01010	0.01233	0.13044	0.34711	0.08015	0.01098	0.21904	0.01382	0.01070	0.01442	0.01112	0.05102	0.00943	0.00570	0.00536	0.00170	0.00688	0.05101	0.00255	0.00616
6	0.00806	0.00661	0.00865	0.00806	0.00883	0.04252	0.05181	0.00914	0.00826	0.01113	0.01439	0.06624	0.01515	0.36606	0.31760	0.00544	0.03858	0.00652	0.00289	0.00406
7	0.86003	0.00964	0.00733	0.00655	0.00964	0.01118	0.00540	0.01465	0.00848	0.02236	0.00694	0.00810	0.00540	0.00463	0.00308	0.00154	0.00386	0.00270	0.00308	0.00540
8	0.00767	0.00636	0.00688	0.00662	0.00839	0.00624	0.00499	0.01217	0.19664	0.01636	0.17572	0.09316	0.41814	0.01099	0.00573	0.00169	0.00286	0.00933	0.00489	0.00517
9	0.00754	0.00526	0.00671	0.00638	0.00773	0.00480	0.00488	0.00972	0.01357	0.04885	0.61066	0.03911	0.14932	0.01059	0.00591	0.00163	0.00258	0.05466	0.00534	0.00477
10	0.36129	0.00930	0.00999	0.00812	0.01155	0.00956	0.00669	0.08589	0.01246	0.38200	0.01356	0.01304	0.00919	0.00686	0.03835	0.00181	0.00458	0.00404	0.00466	0.00706
11	0.00737	0.00559	0.00687	0.00666	0.00794	0.00539	0.00494	0.01067	0.09641	0.01838	0.52372	0.14840	0.11699	0.01084	0.00586	0.00166	0.00262	0.00954	0.00523	0.00490
12	0.01034	0.00886	0.01034	0.00738	0.01181	0.00664	0.00591	0.01255	0.01034	0.01624	0.00886	0.01034	0.00738	0.00369	0.00369	0.00074	0.00369	0.00295	0.00295	0.85530
13	0.01513	0.01487	0.01262	0.01110	0.01402	0.23611	0.00862	0.13632	0.45434	0.01998	0.01550	0.01490	0.01173	0.00619	0.00490	0.00155	0.00560	0.00478	0.00435	0.00738
14	0.00625	0.00485	0.00567	0.00603	0.00712	0.00431	0.00436	0.00757	0.01112	0.01423	0.15889	0.29547	0.37988	0.03242	0.00654	0.00187	0.00275	0.04170	0.00472	0.00422
15	0.00705	0.00524	0.00699	0.00816	0.03736	0.00499	0.00591	0.00856	0.01066	0.01403	0.08904	0.34555	0.12295	0.06294	0.00753	0.00218	0.00357	0.24841	0.00451	0.00437
16	0.00618	0.00447	0.00579	0.00680	0.00723	0.00416	0.00462	0.00710	0.00967	0.01274	0.02885	0.69511	0.09532	0.04972	0.00715	0.00213	0.00301	0.04137	0.00456	0.00404
17	0.00717	0.00486	0.00571	0.00574	0.00590	0.00487	0.00343	0.00751	0.00798	0.01079	0.08112	0.07044	0.02092	0.66955	0.07014	0.00462	0.00505	0.00762	0.00328	0.00330
18	0.01082	0.01100	0.01733	0.01418	0.01513	0.01421	0.14725	0.01251	0.00840	0.01268	0.00761	0.01191	0.00710	0.00975	0.06502	0.00247	0.62004	0.00470	0.00227	0.00562
19	0.16799	0.01863	0.01536	0.01286	0.01603	0.47414	0.13412	0.04918	0.01311	0.04221	0.00854	0.00995	0.00671	0.00496	0.00451	0.00141	0.00767	0.00367	0.00287	0.00607
20	0.55059	0.00956	0.00903	0.00767	0.01070	0.01064	0.00629	0.06642	0.02464	0.16428	0.05054	0.01181	0.00927	0.00552	0.00439	0.00157	0.04330	0.00370	0.00389	0.00618
21	0.01103	0.01050	0.01786	0.38152	0.45305	0.01150	0.01464	0.01415	0.01073	0.01469	0.00914	0.01276	0.00733	0.00468	0.00496	0.00156	0.00625	0.00444	0.00235	0.00684
22	0.01336	0.00861	0.01051	0.00776	0.01190	0.00674	0.00624	0.01546	0.01134	0.22151	0.01230	0.03829	0.00951	0.00473	0.00413	0.00099	0.00381	0.00386	0.00385	0.60509
23	0.00972	0.00586	0.00750	0.00728	0.00889	0.00543	0.00573	0.01185	0.03191	0.14908	0.23397	0.12051	0.16034	0.04592	0.00681	0.00193	0.00340	0.17365	0.00506	0.00518
24	0.05223	0.00774	0.01009	0.00815	0.01128	0.00694	0.00658	0.02014	0.03563	0.55286	0.15188	0.04883	0.05044	0.00739	0.00517	0.00157	0.00378	0.00615	0.00578	0.00737
25	0.01111	0.01059	0.01802	0.35823	0.47566	0.01152	0.01469	0.01422	0.01077	0.01480	0.00916	0.01274	0.00737	0.00467	0.00496	0.00156	0.00622	0.00444	0.00236	0.00691
26	0.00717	0.00491	0.00595	0.00600	0.00619	0.00506	0.00371	0.00755	0.00751	0.01018	0.01582	0.06835	0.01775	0.63448	0.17410	0.00531	0.00637	0.00722	0.00303	0.00334
27	0.01762	0.02280	0.04589	0.03818	0.01606	0.72268	0.01002	0.01917	0.01366	0.01234	0.00797	0.00951	0.00661	0.00611	0.02922	0.00152	0.00898	0.00333	0.00254	0.00579
28	0.14647	0.09552	0.22416	0.02924	0.03649	0.01293	0.04542	0.05397	0.01035	0.05191	0.00865	0.01072	0.00686	0.00616	0.01961	0.00173	0.19227	0.00381	0.00269	0.04101
29	0.04833	0.03654	0.01288	0.01050	0.01364	0.01302	0.03248	0.22221	0.47003	0.02290	0.01713	0.05124	0.01331	0.00670	0.00499	0.00163	0.00449	0.00551	0.00478	0.00769

[dist]
# distance from previous block
# <min> <max>
0	5

[block]
# block no. 4 follows, 50 sequences, length 12
# corresponding to MSA columns:
# 786-797
name=unknown_E
#
# <colnr> <probs for GDERKNQSTAVLIFYWHMCP>
#	G	D	E	R	K	N	Q	S	T	A	V	L	I	F	Y	W	H	M	C	P
0	0.06678	0.09884	0.41250	0.01424	0.08214	0.01232	0.07079	0.04496	0.03069	0.03107	0.00959	0.02544	0.00744	0.00503	0.00497	0.00152	0.03288	0.00403	0.00258	0.04220
1	0.03373	0.03778	0.01266	0.03775	0.01378	0.07725	0.03031	0.14866	0.21427	0.13987	0.06709	0.06430	0.01516	0.00727	0.00565	0.00164	0.04284	0.03846	0.00455	0.00700
2	0.00691	0.00477	0.00593	0.00653	0.00680	0.00466	0.00433	0.00756	0.00871	0.01156	0.02168	0.33557	0.02524	0.40354	0.01555	0.00341	0.00406	0.11567	0.00385	0.00363
3	0.03800	0.01077	0.01359	0.03971	0.14610	0.02896	0.00951	0.19782	0.09959	0.19865	0.07416	0.01719	0.01337	0.00653	0.00578	0.00160	0.05545	0.03126	0.00449	0.00746
4	0.03320	0.04476	0.01577	0.05955	0.26663	0.04937	0.03772	0.14071	0.09399	0.09650	0.02387	0.01526	0.03666	0.01982	0.04272	0.00187	0.00585	0.00487	0.00365	0.00726
5	0.00725	0.00483	0.00544	0.00544	0.00544	0.00483	0.00302	0.00725	0.00725	0.00966	0.01571	0.03262	0.01812	0.82483	0.02537	0.00483	0.00483	0.00725	0.00302	0.00302
6	0.00640	0.00503	0.00579	0.00580	0.00716	0.00443	0.00434	0.00804	0.01217	0.01573	0.30587	0.10987	0.43819	0.01207	0.00597	0.00170	0.00258	0.03956	0.00493	0.00438
7	0.04317	0.01044	0.03299	0.01215	0.10412	0.01109	0.00875	0.16700	0.19873	0.07866	0.03351	0.01958	0.01335	0.11234	0.02145	0.00218	0.07199	0.04757	0.00412	0.00681
8	0.01381	0.07681	0.01649	0.13644	0.17639	0.28815	0.04475	0.03686	0.03340	0.01408	0.01148	0.01346	0.05882	0.00563	0.00542	0.00148	0.05319	0.00437	0.00271	0.00627
9	0.01080	0.01033	0.01515	0.01241	0.01431	0.04820	0.17274	0.08211	0.03310	0.01484	0.01416	0.08122	0.06069	0.05971	0.11685	0.00285	0.23566	0.00616	0.00308	0.00562
10	0.01228	0.01043	0.01108	0.00999	0.01270	0.01199	0.00775	0.05909	0.69931	0.02079	0.02038	0.07117	0.01608	0.00731	0.00515	0.00170	0.00394	0.00615	0.00504	0.00766
11	0.58852	0.03610	0.00979	0.00811	0.01127	0.11382	0.00659	0.09324	0.03755	0.04387	0.00837	0.00922	0.00641	0.00494	0.00359	0.00150	0.00474	0.00311	0.00334	0.00596

[dist]
# distance from previous block
# <min> <max>
5	17

[block]
# block no. 5 follows, 50 sequences, length 31
# corresponding to MSA columns:
# 819-830,834-851,858
name=unknown_F
#
# <colnr> <probs for GDERKNQSTAVLIFYWHMCP>
#	G	D	E	R	K	N	Q	S	T	A	V	L	I	F	Y	W	H	M	C	P
0	0.00726	0.00549	0.00710	0.02883	0.00859	0.00506	0.00511	0.00946	0.01298	0.01820	0.56765	0.06107	0.10454	0.01126	0.04252	0.00184	0.00316	0.02467	0.00495	0.07026
1	0.03601	0.00984	0.01079	0.01019	0.03934	0.01094	0.00761	0.06575	0.52748	0.01989	0.02022	0.10554	0.03705	0.00772	0.00515	0.00167	0.00395	0.02667	0.00474	0.04944
2	0.01360	0.09732	0.22230	0.01254	0.05500	0.01317	0.03635	0.26749	0.10325	0.02133	0.04438	0.01364	0.01027	0.00561	0.00477	0.00148	0.00567	0.01540	0.00365	0.05279
3	0.05398	0.09110	0.24702	0.04504	0.02617	0.01068	0.02742	0.07436	0.02188	0.23886	0.01292	0.04861	0.00962	0.00599	0.00508	0.02448	0.00548	0.00455	0.00373	0.04304
4	0.01315	0.70279	0.07189	0.00881	0.01305	0.01792	0.00889	0.01498	0.01030	0.04543	0.00862	0.04903	0.00797	0.00494	0.00353	0.00117	0.00529	0.00340	0.00243	0.00643
5	0.00906	0.00815	0.04419	0.05689	0.01217	0.01667	0.08973	0.04259	0.00962	0.01339	0.04063	0.06635	0.01480	0.27350	0.10749	0.02987	0.06192	0.02092	0.03512	0.04696
6	0.03962	0.07343	0.11885	0.01230	0.08362	0.05837	0.04082	0.11195	0.05857	0.07574	0.01591	0.09810	0.05156	0.03633	0.00637	0.00176	0.04570	0.06087	0.00366	0.00648
7	0.75024	0.01070	0.04166	0.00731	0.01066	0.01157	0.00631	0.08146	0.00988	0.02288	0.00747	0.00854	0.00571	0.00475	0.00332	0.00154	0.00415	0.00290	0.00321	0.00575
8	0.01034	0.00886	0.01034	0.00738	0.01181	0.00664	0.00591	0.01255	0.01034	0.01624	0.00886	0.01034	0.00738	0.00369	0.00369	0.00074	0.00369	0.00295	0.00295	0.85530
9	0.00645	0.00466	0.00612	0.00676	0.00741	0.00433	0.00476	0.00785	0.01110	0.01508	0.26336	0.51808	0.06629	0.01375	0.00622	0.00188	0.00278	0.04396	0.00489	0.00428
10	0.01243	0.01010	0.01171	0.00869	0.01282	0.00904	0.02139	0.20620	0.03431	0.02038	0.04891	0.01236	0.00984	0.00469	0.00421	0.00101	0.00417	0.00377	0.00364	0.56031
11	0.02756	0.04745	0.01330	0.01031	0.01354	0.09237	0.00831	0.45920	0.09656	0.02460	0.01487	0.04321	0.04920	0.03803	0.00566	0.00162	0.00527	0.00513	0.03652	0.00730
12	0.01110	0.00882	0.01123	0.01125	0.10629	0.00909	0.03423	0.11846	0.19120	0.04953	0.24657	0.02652	0.13840	0.00814	0.00543	0.00160	0.00388	0.00703	0.00475	0.00647
13	0.01040	0.00730	0.00896	0.00743	0.01028	0.00613	0.00577	0.01291	0.04533	0.10770	0.17784	0.14697	0.02131	0.00767	0.00489	0.00130	0.00339	0.02977	0.00427	0.38039
14	0.01024	0.07502	0.06921	0.00860	0.02422	0.00883	0.00722	0.11615	0.09996	0.03935	0.24507	0.09630	0.14497	0.00908	0.00539	0.00160	0.00380	0.02449	0.00459	0.00592
15	0.01180	0.04055	0.17976	0.05712	0.30263	0.11589	0.03977	0.01497	0.01158	0.01548	0.08322	0.01451	0.02882	0.00542	0.00519	0.00148	0.02801	0.00463	0.00273	0.03643
16	0.16507	0.01557	0.24260	0.07646	0.04610	0.01217	0.10753	0.17750	0.03973	0.02001	0.01006	0.01226	0.00766	0.03964	0.00555	0.00171	0.00613	0.00426	0.00311	0.00688
17	0.01028	0.00813	0.00890	0.00786	0.01029	0.01964	0.00609	0.01630	0.28022	0.06430	0.12292	0.02749	0.20686	0.02988	0.00594	0.00162	0.01974	0.01740	0.01568	0.12045
18	0.01356	0.79269	0.02560	0.00872	0.01291	0.05403	0.00858	0.01514	0.01030	0.01175	0.00696	0.00804	0.00640	0.00430	0.00325	0.00108	0.00549	0.00269	0.00215	0.00637
19	0.00794	0.00545	0.00817	0.00779	0.00858	0.00589	0.02690	0.00835	0.00778	0.01088	0.01292	0.01880	0.04381	0.04151	0.41445	0.30229	0.03075	0.00516	0.00258	0.03002
20	0.00710	0.00473	0.00616	0.00649	0.00707	0.00463	0.00453	0.00799	0.00967	0.01343	0.15087	0.28208	0.06569	0.11984	0.10010	0.10935	0.00438	0.02607	0.06591	0.00390
21	0.00611	0.00435	0.00577	0.00690	0.00718	0.00407	0.00458	0.00695	0.00948	0.01264	0.02713	0.79894	0.03254	0.03883	0.00691	0.00210	0.00295	0.01397	0.00458	0.00402
22	0.07714	0.00552	0.00661	0.00631	0.00766	0.00527	0.00469	0.00964	0.01141	0.06168	0.32582	0.08533	0.18952	0.03950	0.04462	0.09867	0.00347	0.00817	0.00451	0.00448
23	0.00798	0.00547	0.00653	0.00663	0.00740	0.00533	0.00448	0.06588	0.01047	0.03796	0.07670	0.35126	0.09806	0.27830	0.01235	0.00282	0.00369	0.01020	0.00424	0.00424
24	0.01984	0.01186	0.01359	0.01045	0.01432	0.01240	0.00862	0.49952	0.02006	0.29470	0.03338	0.01430	0.01073	0.00615	0.00502	0.00151	0.00498	0.00478	0.00541	0.00839
25	0.00878	0.00556	0.00703	0.00690	0.00755	0.02347	0.00486	0.04169	0.03290	0.01233	0.08862	0.10590	0.07120	0.01549	0.04418	0.48381	0.00430	0.00634	0.02564	0.00344
26	0.02552	0.00571	0.00709	0.00691	0.00832	0.00533	0.00504	0.01145	0.04771	0.14637	0.17645	0.31947	0.13335	0.06890	0.00719	0.00198	0.00317	0.01002	0.00493	0.00508
27	0.00723	0.00487	0.00562	0.00559	0.00571	0.00488	0.00326	0.00747	0.00777	0.01047	0.07105	0.03246	0.01997	0.73684	0.05343	0.00472	0.00498	0.00730	0.00318	0.00319
28	0.00671	0.00540	0.00605	0.00620	0.00755	0.00501	0.00452	0.00923	0.08467	0.01483	0.13985	0.25133	0.41545	0.01255	0.00594	0.00176	0.00274	0.01084	0.00478	0.00458
29	0.01074	0.00639	0.00770	0.00719	0.00887	0.00609	0.00529	0.04394	0.07780	0.17886	0.06634	0.24976	0.17226	0.12518	0.00846	0.00218	0.00354	0.00918	0.00482	0.00541
30	0.11903	0.00730	0.00819	0.00742	0.00938	0.00742	0.00563	0.10857	0.05102	0.11816	0.14307	0.17818	0.09769	0.06361	0.00705	0.03021	0.00361	0.00775	0.02118	0.00554

[dist]
# distance from previous block
# <min> <max>
6	7

[block]
# block no. 6 follows, 50 sequences, length 7
# corresponding to MSA columns:
# 866-872
name=unknown_G
#
# <colnr> <probs for GDERKNQSTAVLIFYWHMCP>
#	G	D	E	R	K	N	Q	S	T	A	V	L	I	F	Y	W	H	M	C	P
0	0.01073	0.01027	0.01854	0.28289	0.27347	0.01087	0.17627	0.01396	0.01074	0.01500	0.01013	0.01378	0.00805	0.00637	0.04597	0.00189	0.00677	0.00481	0.07307	0.00642
1	0.08623	0.01234	0.01431	0.01245	0.07121	0.01354	0.04759	0.45608	0.13987	0.02601	0.01350	0.06078	0.01065	0.00636	0.00496	0.00157	0.00513	0.00516	0.00451	0.00774
2	0.04200	0.09734	0.12775	0.04905	0.10094	0.06576	0.03293	0.13723	0.13932	0.03561	0.08656	0.01476	0.01238	0.00588	0.00514	0.00152	0.03054	0.00470	0.00358	0.00702
3	0.07155	0.00679	0.00840	0.05527	0.01032	0.00734	0.00604	0.12082	0.01064	0.03749	0.01493	0.16506	0.01498	0.12166	0.17262	0.12390	0.00616	0.00666	0.03466	0.00471
4	0.13343	0.00614	0.00692	0.00641	0.00793	0.00618	0.00478	0.03776	0.00989	0.08997	0.03688	0.02336	0.17260	0.07142	0.05751	0.21713	0.00423	0.00585	0.09719	0.00442
5	0.05017	0.05026	0.01511	0.22548	0.10521	0.01025	0.09668	0.01456	0.03142	0.11656	0.07676	0.06317	0.01291	0.00668	0.00616	0.02853	0.05339	0.00549	0.02510	0.00612
6	0.01052	0.01061	0.08050	0.12856	0.05396	0.00994	0.17580	0.05278	0.09666	0.01553	0.06842	0.04385	0.01267	0.00834	0.00834	0.15622	0.03338	0.02509	0.00311	0.00572

[dist]
# distance from previous block
# <min> <max>
2	13

[block]
# block no. 7 follows, 50 sequences, length 9
# corresponding to MSA columns:
# 890-898
name=unknown_H
#
# <colnr> <probs for GDERKNQSTAVLIFYWHMCP>
#	G	D	E	R	K	N	Q	S	T	A	V	L	I	F	Y	W	H	M	C	P
0	0.01187	0.10210	0.01200	0.06171	0.01275	0.12375	0.00718	0.01535	0.13613	0.05245	0.08714	0.04009	0.04038	0.03831	0.00665	0.07414	0.00481	0.00502	0.00353	0.16464
1	0.20149	0.00588	0.00711	0.00671	0.00773	0.00613	0.00482	0.00985	0.00760	0.07888	0.00921	0.01372	0.00824	0.01351	0.01456	0.59018	0.00422	0.00402	0.00271	0.00343
2	0.01054	0.01211	0.08414	0.27915	0.05107	0.06330	0.20295	0.01403	0.02489	0.01486	0.09780	0.03181	0.01258	0.00601	0.00601	0.00167	0.05508	0.02320	0.00283	0.00598
3	0.01100	0.06772	0.47278	0.10203	0.01984	0.01108	0.01436	0.01616	0.06739	0.08146	0.01409	0.01501	0.07438	0.00568	0.00482	0.00157	0.00624	0.00454	0.00289	0.00697
4	0.07738	0.01050	0.01396	0.01136	0.01396	0.01174	0.06781	0.18655	0.01365	0.21558	0.01359	0.01775	0.01092	0.00739	0.00812	0.00179	0.21745	0.08943	0.00418	0.00689
5	0.02937	0.04413	0.43567	0.04170	0.01948	0.07159	0.05884	0.10227	0.06342	0.04087	0.01014	0.01146	0.00741	0.00520	0.00522	0.00157	0.03760	0.00404	0.00283	0.00720
6	0.01365	0.01104	0.08619	0.01187	0.01428	0.01092	0.09547	0.01576	0.01064	0.23582	0.06341	0.01620	0.01180	0.06685	0.01087	0.00204	0.30798	0.00517	0.00362	0.00640
7	0.01087	0.00967	0.03352	0.03647	0.01627	0.00968	0.26733	0.01340	0.03661	0.07878	0.02731	0.10196	0.03441	0.01057	0.06713	0.09805	0.11933	0.00631	0.00316	0.01917
8	0.01095	0.16805	0.20706	0.04995	0.01645	0.01295	0.08009	0.01375	0.01008	0.04404	0.01365	0.01632	0.09561	0.00682	0.00768	0.00168	0.20925	0.02679	0.00269	0.00617

[dist]
# distance from previous block
# <min> <max>
0	20

# created by:
# /home/cegg/simao/soft/augustus-3.2.1/scripts/msa2prfl.pl ./align_prep/EOG091G0YYA.fa
