[name]
unknown

[dist]
# distance from previous block
# <min> <max>
0	216

[block]
# block no. 0 follows, 53 sequences, length 30
# corresponding to MSA columns:
# 230-259
name=unknown_A
#
# <colnr> <probs for GDERKNQSTAVLIFYWHMCP>
#	G	D	E	R	K	N	Q	S	T	A	V	L	I	F	Y	W	H	M	C	P
0	0.01719	0.01254	0.01351	0.01054	0.01410	0.01384	0.00871	0.70893	0.02128	0.02874	0.01233	0.01375	0.00923	0.00607	0.00479	0.00145	0.00506	0.03912	0.05108	0.00776
1	0.04555	0.00526	0.00597	0.00587	0.00724	0.00493	0.00437	0.00901	0.05404	0.01605	0.33756	0.14252	0.32249	0.01091	0.00554	0.00161	0.00253	0.00939	0.00472	0.00444
2	0.63614	0.03952	0.00914	0.04476	0.04056	0.01098	0.00647	0.07080	0.00969	0.03807	0.00846	0.01110	0.00693	0.00504	0.00348	0.00150	0.00411	0.04454	0.00314	0.00555
3	0.01124	0.07020	0.40843	0.01304	0.05823	0.02362	0.07446	0.10039	0.02383	0.02966	0.01000	0.03324	0.00775	0.00490	0.00449	0.00140	0.00606	0.00406	0.04156	0.07343
4	0.05795	0.13329	0.16287	0.01091	0.01505	0.16120	0.05190	0.11427	0.01311	0.20247	0.02587	0.01162	0.00847	0.00509	0.00438	0.00138	0.00594	0.00387	0.00350	0.00686
5	0.00891	0.00445	0.00445	0.00445	0.00557	0.00445	0.00334	0.01114	0.01002	0.01782	0.01559	0.01782	0.01225	0.00557	0.00334	0.00111	0.00223	0.00445	0.85856	0.00445
6	0.03362	0.01570	0.01367	0.05661	0.06906	0.35025	0.04885	0.08168	0.22255	0.01613	0.01183	0.03827	0.00954	0.00562	0.00465	0.00143	0.00640	0.00440	0.00334	0.00640
7	0.04043	0.24549	0.48011	0.01258	0.01844	0.01334	0.09775	0.01489	0.01005	0.01431	0.00810	0.00965	0.00618	0.00436	0.00420	0.00139	0.00652	0.00346	0.00210	0.00668
8	0.00609	0.00435	0.00572	0.00668	0.00707	0.00410	0.00460	0.00704	0.00935	0.01242	0.04975	0.66078	0.05149	0.07002	0.00736	0.00212	0.00302	0.07980	0.00435	0.00388
9	0.01183	0.01136	0.01940	0.02934	0.80221	0.01136	0.01467	0.01467	0.01088	0.01562	0.00899	0.01183	0.00757	0.00426	0.00473	0.00142	0.00568	0.00426	0.00237	0.00757
10	0.01074	0.01242	0.10038	0.32574	0.21916	0.06819	0.09548	0.02504	0.01050	0.01389	0.00920	0.03802	0.00755	0.00504	0.00527	0.00155	0.03876	0.00454	0.00234	0.00619
11	0.01108	0.06267	0.33106	0.04644	0.13370	0.06331	0.19986	0.01517	0.02175	0.01459	0.00875	0.01102	0.00672	0.00461	0.00533	0.00151	0.04937	0.00415	0.00224	0.00669
12	0.00683	0.00512	0.00768	0.00768	0.00853	0.00597	0.00597	0.00853	0.00768	0.01110	0.01280	0.01878	0.01195	0.03585	0.81308	0.00768	0.01280	0.00512	0.00256	0.00427
13	0.01250	0.76328	0.09420	0.00866	0.01301	0.01822	0.00902	0.01438	0.00975	0.01159	0.00682	0.00788	0.00613	0.00413	0.00320	0.00107	0.00528	0.00264	0.00204	0.00622
14	0.01535	0.08519	0.06774	0.01333	0.06863	0.06764	0.18398	0.05808	0.04196	0.27664	0.01323	0.02675	0.00976	0.00546	0.00509	0.00149	0.02346	0.02537	0.00381	0.00703
15	0.00891	0.00445	0.00445	0.00445	0.00557	0.00445	0.00334	0.01114	0.01002	0.01782	0.01559	0.01782	0.01225	0.00557	0.00334	0.00111	0.00223	0.00445	0.85856	0.00445
16	0.00695	0.00463	0.00521	0.00521	0.00521	0.00463	0.00290	0.00695	0.00695	0.00927	0.01506	0.03128	0.01738	0.83203	0.02433	0.00463	0.00463	0.00695	0.00290	0.00290
17	0.01675	0.02102	0.01476	0.01335	0.03949	0.69249	0.07210	0.01825	0.01308	0.01212	0.00801	0.02685	0.00684	0.00511	0.00466	0.00130	0.02212	0.00357	0.00249	0.00564
18	0.01237	0.01012	0.01291	0.17312	0.11148	0.04539	0.02138	0.14007	0.17573	0.07427	0.07948	0.07058	0.01385	0.00652	0.00528	0.00156	0.02994	0.00551	0.00386	0.00657
19	0.00830	0.00415	0.00623	0.00623	0.00623	0.00415	0.00415	0.00623	0.00623	0.00830	0.00830	0.01453	0.00830	0.01660	0.01868	0.86094	0.00415	0.00415	0.00208	0.00208
20	0.00694	0.00467	0.00540	0.00540	0.00546	0.00473	0.00313	0.00707	0.00701	0.00940	0.01489	0.03034	0.01697	0.77243	0.08336	0.00486	0.00525	0.00681	0.00287	0.00300
21	0.03858	0.01078	0.01249	0.03846	0.03492	0.01150	0.00830	0.33456	0.17842	0.23961	0.03248	0.01461	0.01116	0.00593	0.00478	0.00149	0.00457	0.00472	0.00492	0.00774
22	0.01090	0.20664	0.52525	0.01258	0.01849	0.05615	0.05643	0.01543	0.03018	0.01421	0.00841	0.00981	0.00636	0.00448	0.00426	0.00140	0.00668	0.00345	0.00214	0.00675
23	0.04284	0.01110	0.01735	0.15282	0.43713	0.03337	0.05352	0.06269	0.01095	0.01554	0.00878	0.01180	0.00724	0.00559	0.02440	0.00167	0.08975	0.00425	0.00248	0.00672
24	0.00694	0.00467	0.00540	0.00540	0.00547	0.00474	0.00313	0.00707	0.00701	0.00941	0.01488	0.03031	0.01696	0.77030	0.08548	0.00487	0.00527	0.00681	0.00287	0.00300
25	0.00582	0.00416	0.00555	0.00666	0.00693	0.00388	0.00444	0.00666	0.00915	0.01220	0.02634	0.82891	0.03161	0.01497	0.00610	0.00194	0.00277	0.01359	0.00444	0.00388
26	0.01172	0.01125	0.01921	0.05889	0.77347	0.01133	0.01462	0.01458	0.01083	0.01549	0.00897	0.01186	0.00753	0.00428	0.00473	0.00143	0.00570	0.00426	0.00236	0.00749
27	0.80345	0.00993	0.00752	0.02403	0.01004	0.05233	0.00556	0.01427	0.00845	0.02074	0.00673	0.00792	0.00525	0.00447	0.00307	0.00147	0.00401	0.00265	0.00291	0.00520
28	0.01255	0.46941	0.14330	0.03537	0.05572	0.09566	0.03286	0.04154	0.01079	0.01318	0.03288	0.00973	0.00756	0.00457	0.00396	0.00122	0.01784	0.00327	0.00231	0.00628
29	0.05699	0.05504	0.01263	0.15899	0.05700	0.08372	0.00903	0.05781	0.17675	0.03663	0.03382	0.05672	0.01140	0.00819	0.05402	0.00194	0.09281	0.01638	0.01415	0.00600

[dist]
# distance from previous block
# <min> <max>
0	3

[block]
# block no. 1 follows, 53 sequences, length 17
# corresponding to MSA columns:
# 264-280
name=unknown_B
#
# <colnr> <probs for GDERKNQSTAVLIFYWHMCP>
#	G	D	E	R	K	N	Q	S	T	A	V	L	I	F	Y	W	H	M	C	P
0	0.20265	0.31443	0.08810	0.04521	0.03075	0.03039	0.02582	0.02745	0.06002	0.04582	0.00972	0.02894	0.00835	0.00527	0.00408	0.00138	0.02183	0.04091	0.00281	0.00604
1	0.01406	0.43522	0.10489	0.00975	0.01398	0.01632	0.00944	0.25659	0.06657	0.01816	0.00923	0.00980	0.00732	0.00481	0.00388	0.00124	0.00528	0.00340	0.00309	0.00695
2	0.01018	0.00825	0.04438	0.02554	0.01146	0.00684	0.00693	0.06244	0.02825	0.07108	0.11119	0.04568	0.03641	0.00735	0.00485	0.00136	0.00389	0.17119	0.00388	0.33883
3	0.00892	0.00467	0.00498	0.04789	0.00702	0.00478	0.00387	0.01119	0.01000	0.01752	0.01521	0.01755	0.01194	0.00553	0.00342	0.00114	0.00245	0.00444	0.81298	0.00450
4	0.07262	0.04575	0.05187	0.04155	0.10170	0.01013	0.03278	0.09485	0.13619	0.28619	0.06592	0.01535	0.01229	0.00571	0.00467	0.00148	0.00458	0.00474	0.00439	0.00725
5	0.04018	0.06686	0.19565	0.01124	0.04601	0.01019	0.07780	0.05872	0.04234	0.03286	0.00919	0.01064	0.00718	0.00441	0.00463	0.00120	0.04054	0.00356	0.00277	0.33403
6	0.00664	0.00506	0.00681	0.00724	0.00807	0.00482	0.03360	0.02483	0.02773	0.01308	0.02758	0.55408	0.12850	0.04412	0.00670	0.00199	0.00323	0.08742	0.00432	0.00419
7	0.00683	0.00458	0.00525	0.00537	0.00540	0.00455	0.00306	0.00692	0.00718	0.00958	0.01626	0.11595	0.01889	0.74529	0.02239	0.00435	0.00444	0.00766	0.00306	0.00300
8	0.01187	0.01275	0.06917	0.07630	0.49547	0.04298	0.13403	0.04584	0.01127	0.01562	0.00899	0.01176	0.00728	0.00449	0.00519	0.00148	0.03161	0.00438	0.00243	0.00709
9	0.00980	0.00945	0.05175	0.16582	0.13564	0.02950	0.07830	0.05941	0.03280	0.02894	0.18126	0.07362	0.07431	0.00714	0.00517	0.00154	0.00484	0.02248	0.00353	0.02469
10	0.00683	0.00512	0.00768	0.00768	0.00853	0.00597	0.00597	0.00853	0.00768	0.01110	0.01280	0.01878	0.01195	0.03585	0.81308	0.00768	0.01280	0.00512	0.00256	0.00427
11	0.01133	0.01239	0.02382	0.08119	0.08037	0.04125	0.54316	0.01538	0.04842	0.01511	0.00977	0.01267	0.00749	0.00433	0.00555	0.00155	0.02666	0.00514	0.00252	0.05192
12	0.03286	0.07294	0.24187	0.03275	0.07742	0.01138	0.19347	0.03794	0.10356	0.01591	0.02280	0.05825	0.00959	0.00530	0.00493	0.00150	0.01774	0.00487	0.00281	0.05211
13	0.00891	0.00445	0.00445	0.00445	0.00557	0.00445	0.00334	0.01114	0.01002	0.01782	0.01559	0.01782	0.01225	0.00557	0.00334	0.00111	0.00223	0.00445	0.85856	0.00445
14	0.00665	0.00485	0.00625	0.00597	0.00709	0.00445	0.00445	0.00877	0.01315	0.01844	0.71501	0.07511	0.09157	0.01017	0.00566	0.00153	0.00229	0.00898	0.00517	0.00445
15	0.01123	0.01136	0.02134	0.09767	0.44590	0.01129	0.26588	0.01446	0.01090	0.01515	0.00983	0.01397	0.00817	0.00459	0.00511	0.00153	0.00647	0.03585	0.00244	0.00687
16	0.01144	0.02650	0.07743	0.08836	0.49363	0.07762	0.01286	0.01456	0.03469	0.01495	0.01179	0.01399	0.05708	0.00499	0.00466	0.00142	0.00568	0.00448	0.03707	0.00681

[dist]
# distance from previous block
# <min> <max>
0	54

[block]
# block no. 2 follows, 53 sequences, length 13
# corresponding to MSA columns:
# 335-347
name=unknown_C
#
# <colnr> <probs for GDERKNQSTAVLIFYWHMCP>
#	G	D	E	R	K	N	Q	S	T	A	V	L	I	F	Y	W	H	M	C	P
0	0.02055	0.00849	0.01118	0.00869	0.01231	0.00769	0.00714	0.05008	0.07777	0.71424	0.01865	0.01623	0.01193	0.00596	0.00481	0.00149	0.00409	0.00484	0.00579	0.00809
1	0.00653	0.00497	0.00616	0.00678	0.00791	0.00460	0.00540	0.00810	0.01073	0.01363	0.07291	0.19858	0.31640	0.01296	0.00610	0.00190	0.00325	0.30445	0.00446	0.00417
2	0.01153	0.01204	0.05943	0.06188	0.59467	0.01143	0.10906	0.01518	0.04881	0.01561	0.00954	0.01221	0.00774	0.00438	0.00484	0.00147	0.00598	0.00445	0.00247	0.00731
3	0.01156	0.12288	0.43798	0.05506	0.03370	0.05631	0.04581	0.01573	0.03000	0.09085	0.01044	0.05051	0.00818	0.00518	0.00451	0.00146	0.00630	0.00418	0.00264	0.00671
4	0.01192	0.01277	0.01965	0.03810	0.27728	0.11072	0.22619	0.01445	0.01045	0.01397	0.00870	0.02779	0.00747	0.00544	0.00745	0.00162	0.19265	0.00467	0.00237	0.00635
5	0.12118	0.11952	0.05466	0.01585	0.17848	0.19209	0.13078	0.01530	0.01060	0.01439	0.00782	0.00999	0.00650	0.00485	0.00557	0.00144	0.09868	0.00374	0.00238	0.00617
6	0.00567	0.00476	0.00493	0.00506	0.00651	0.00402	0.00373	0.00684	0.01069	0.01283	0.04579	0.13935	0.70862	0.01245	0.00570	0.00165	0.00246	0.01050	0.00444	0.00402
7	0.01175	0.26229	0.29764	0.01127	0.05087	0.05061	0.01150	0.07438	0.01111	0.01508	0.00817	0.00945	0.00649	0.00433	0.00394	0.00120	0.00573	0.00319	0.00242	0.15858
8	0.00635	0.00612	0.07111	0.00675	0.00790	0.00468	0.00532	0.00771	0.00974	0.01289	0.08815	0.44437	0.17659	0.09568	0.00771	0.00209	0.00326	0.03531	0.00415	0.00414
9	0.03942	0.08471	0.13299	0.04810	0.27255	0.01085	0.03495	0.05457	0.01050	0.07930	0.00935	0.01183	0.00751	0.00659	0.00718	0.13194	0.04468	0.00402	0.00266	0.00630
10	0.19059	0.18824	0.39097	0.01048	0.01552	0.01213	0.03084	0.01424	0.00991	0.01599	0.07253	0.01126	0.00911	0.00484	0.00402	0.00141	0.00558	0.00360	0.00250	0.00625
11	0.04553	0.00529	0.00618	0.00628	0.00756	0.00500	0.00467	0.00932	0.05233	0.03967	0.22688	0.25224	0.25788	0.01152	0.00563	0.00170	0.00276	0.05041	0.00465	0.00450
12	0.01112	0.17352	0.43296	0.01328	0.05568	0.03323	0.04073	0.05527	0.01049	0.01468	0.00810	0.00990	0.00632	0.00498	0.00573	0.00148	0.11005	0.00357	0.00222	0.00668

[dist]
# distance from previous block
# <min> <max>
1	3

[block]
# block no. 3 follows, 53 sequences, length 6
# corresponding to MSA columns:
# 351-356
name=unknown_D
#
# <colnr> <probs for GDERKNQSTAVLIFYWHMCP>
#	G	D	E	R	K	N	Q	S	T	A	V	L	I	F	Y	W	H	M	C	P
0	0.00878	0.00833	0.05149	0.00984	0.06903	0.06804	0.00735	0.06970	0.01130	0.01453	0.02323	0.34266	0.09292	0.01145	0.00575	0.00182	0.00422	0.19064	0.00402	0.00492
1	0.42303	0.08529	0.03596	0.00838	0.01153	0.03678	0.00712	0.11712	0.17349	0.02056	0.01001	0.01051	0.00769	0.00514	0.00407	0.00147	0.02870	0.00349	0.00344	0.00622
2	0.26675	0.07230	0.01165	0.00887	0.01195	0.05596	0.02981	0.05492	0.24779	0.03678	0.01139	0.01177	0.00880	0.00521	0.00447	0.00141	0.04072	0.00379	0.00353	0.11218
3	0.08909	0.12398	0.19747	0.01085	0.03204	0.07330	0.01024	0.14027	0.08262	0.03967	0.02604	0.05520	0.00947	0.00583	0.00518	0.00147	0.06657	0.00431	0.00318	0.02324
4	0.01135	0.11782	0.19991	0.01786	0.29873	0.05489	0.02972	0.03927	0.01048	0.01441	0.00883	0.01160	0.00743	0.02530	0.06821	0.00199	0.06927	0.00397	0.00234	0.00662
5	0.05760	0.05201	0.47435	0.01345	0.06139	0.07295	0.07299	0.03514	0.01042	0.01497	0.00907	0.01201	0.00727	0.07905	0.00626	0.00175	0.00665	0.00394	0.00231	0.00644

[dist]
# distance from previous block
# <min> <max>
0	22

# created by:
# /home/cegg/simao/soft/augustus-3.2.1/scripts/msa2prfl.pl ./align_prep/EOG091G0Z43.fa
