[name]
unknown

[dist]
# distance from previous block
# <min> <max>
0	15

[block]
# block no. 0 follows, 43 sequences, length 18
# corresponding to MSA columns:
# 548-564,566
name=unknown_A
#
# <colnr> <probs for GDERKNQSTAVLIFYWHMCP>
#	G	D	E	R	K	N	Q	S	T	A	V	L	I	F	Y	W	H	M	C	P
0	0.13478	0.01215	0.06154	0.01146	0.03969	0.05827	0.02569	0.04941	0.12232	0.01927	0.06793	0.06889	0.03976	0.00856	0.00742	0.02852	0.09975	0.04942	0.00398	0.09118
1	0.09360	0.01485	0.09773	0.01576	0.02055	0.04049	0.30442	0.08281	0.01339	0.01984	0.03671	0.01401	0.00962	0.00543	0.00610	0.00164	0.04847	0.00515	0.02099	0.14842
2	0.04045	0.00944	0.01212	0.11725	0.08565	0.02571	0.00888	0.06369	0.07777	0.14231	0.11149	0.11335	0.07349	0.03805	0.00659	0.00189	0.00483	0.00744	0.00474	0.05485
3	0.00845	0.03152	0.00898	0.00835	0.00941	0.00702	0.00636	0.01013	0.03637	0.01291	0.01813	0.05061	0.07592	0.05733	0.50339	0.12963	0.01100	0.00656	0.00323	0.00469
4	0.01745	0.02035	0.13500	0.01613	0.09296	0.29652	0.05509	0.13507	0.03757	0.06234	0.01127	0.01268	0.00860	0.00597	0.00587	0.00163	0.04331	0.00448	0.03006	0.00764
5	0.00740	0.00552	0.00682	0.00675	0.00800	0.00500	0.00493	0.00943	0.01403	0.01909	0.48063	0.15575	0.20647	0.03636	0.00726	0.00195	0.00283	0.01117	0.00567	0.00494
6	0.06179	0.01142	0.01265	0.02583	0.01451	0.05875	0.02792	0.05990	0.01280	0.06266	0.01057	0.01194	0.00838	0.00462	0.00439	0.00106	0.00486	0.00364	0.00357	0.59871
7	0.00725	0.00544	0.00667	0.00708	0.00808	0.00503	0.00499	0.00914	0.03314	0.01669	0.24106	0.37480	0.20124	0.04375	0.00754	0.00213	0.00307	0.01271	0.00536	0.00482
8	0.00674	0.00550	0.00596	0.00610	0.00766	0.00472	0.00448	0.00824	0.01272	0.01578	0.14443	0.16191	0.56817	0.01417	0.00662	0.00191	0.00284	0.01207	0.00527	0.00472
9	0.01513	0.01448	0.01860	0.01486	0.04877	0.14096	0.20330	0.09171	0.03844	0.06249	0.01238	0.04865	0.01010	0.00567	0.00536	0.00146	0.00677	0.00521	0.00365	0.25200
10	0.01268	0.04037	0.01457	0.01117	0.01466	0.07048	0.10001	0.05725	0.08017	0.04579	0.02000	0.08532	0.12339	0.00779	0.00620	0.00156	0.05372	0.00652	0.00400	0.24437
11	0.01458	0.56394	0.02358	0.00994	0.01378	0.11704	0.00903	0.04000	0.01221	0.01397	0.01135	0.12586	0.01153	0.00678	0.00432	0.00139	0.00605	0.00499	0.00294	0.00671
12	0.00931	0.00677	0.00827	0.00861	0.00975	0.00678	0.00620	0.13669	0.01345	0.01787	0.02852	0.60198	0.06122	0.01527	0.00681	0.00215	0.00378	0.04598	0.00521	0.00538
13	0.04311	0.01150	0.01869	0.50294	0.03167	0.01347	0.12243	0.11153	0.01312	0.01775	0.01027	0.01423	0.00774	0.00578	0.00633	0.00185	0.05278	0.00509	0.00295	0.00676
14	0.01159	0.01134	0.01875	0.36577	0.07571	0.01364	0.11619	0.01556	0.06236	0.01557	0.03355	0.01528	0.00962	0.00672	0.00884	0.00198	0.20267	0.00538	0.00285	0.00663
15	0.01101	0.02588	0.66480	0.13004	0.02606	0.01278	0.01971	0.01704	0.01160	0.01704	0.00992	0.01215	0.00707	0.00530	0.00530	0.00177	0.00807	0.00421	0.00236	0.00789
16	0.01161	0.09999	0.59414	0.01501	0.02166	0.01432	0.01820	0.01683	0.01118	0.01649	0.00933	0.01149	0.00706	0.00586	0.00700	0.00180	0.12381	0.00410	0.00235	0.00777
17	0.01513	0.01142	0.01346	0.12609	0.01798	0.01293	0.00982	0.11342	0.43354	0.10907	0.01932	0.01955	0.01441	0.00845	0.03440	0.00210	0.00547	0.01994	0.00519	0.00832

[dist]
# distance from previous block
# <min> <max>
0	16

[block]
# block no. 1 follows, 43 sequences, length 53
# corresponding to MSA columns:
# 586-638
name=unknown_B
#
# <colnr> <probs for GDERKNQSTAVLIFYWHMCP>
#	G	D	E	R	K	N	Q	S	T	A	V	L	I	F	Y	W	H	M	C	P
0	0.00689	0.00558	0.00613	0.00618	0.00780	0.00482	0.00462	0.00854	0.01308	0.01640	0.19658	0.10991	0.54542	0.01378	0.00662	0.00189	0.00287	0.03276	0.00533	0.00478
1	0.01003	0.00893	0.01229	0.06205	0.02732	0.03822	0.08150	0.05879	0.01303	0.01738	0.16929	0.22594	0.11782	0.03192	0.00836	0.00206	0.09524	0.00970	0.00446	0.00568
2	0.01331	0.05292	0.02973	0.02097	0.02605	0.01415	0.61170	0.06414	0.01359	0.01833	0.01212	0.05669	0.00990	0.00559	0.00660	0.00185	0.02521	0.00672	0.00307	0.00739
3	0.00900	0.00649	0.00728	0.00677	0.00897	0.00568	0.00521	0.01130	0.04455	0.08272	0.12522	0.06384	0.48948	0.01291	0.02343	0.00196	0.00343	0.02768	0.00525	0.05883
4	0.07397	0.00971	0.01200	0.00964	0.01347	0.00923	0.00784	0.04295	0.13233	0.52375	0.04053	0.02112	0.06330	0.00741	0.00553	0.00175	0.00450	0.00600	0.00628	0.00870
5	0.01361	0.48018	0.16989	0.01124	0.01629	0.05475	0.03998	0.01636	0.01144	0.01434	0.00906	0.01134	0.00793	0.03529	0.03311	0.00174	0.00687	0.00366	0.00252	0.06042
6	0.07349	0.01049	0.01245	0.01000	0.01378	0.01048	0.00813	0.14018	0.13758	0.41542	0.05092	0.01868	0.01470	0.00699	0.00539	0.00171	0.00465	0.00559	0.05068	0.00869
7	0.00716	0.00531	0.00708	0.00807	0.00835	0.00534	0.00550	0.00809	0.01034	0.01392	0.02840	0.71396	0.03395	0.05512	0.00881	0.00241	0.05408	0.01467	0.00488	0.00454
8	0.01387	0.38130	0.14143	0.01343	0.01859	0.05615	0.16292	0.01698	0.01205	0.03191	0.01025	0.03409	0.00881	0.00539	0.00475	0.00147	0.00695	0.01631	0.00276	0.06059
9	0.01261	0.03266	0.01288	0.01121	0.01303	0.16417	0.03022	0.08773	0.01228	0.01576	0.01301	0.04506	0.01186	0.02319	0.36641	0.00504	0.09582	0.00551	0.03561	0.00593
10	0.00724	0.00531	0.00686	0.00791	0.00845	0.00512	0.00538	0.00922	0.05890	0.01506	0.06107	0.71966	0.03602	0.01647	0.00695	0.00220	0.00326	0.01490	0.00521	0.00480
11	0.03912	0.12427	0.22588	0.05681	0.02120	0.15377	0.12769	0.10320	0.01393	0.01804	0.00974	0.01182	0.00755	0.00564	0.00602	0.00167	0.05889	0.00439	0.00292	0.00745
12	0.11965	0.07295	0.01782	0.06554	0.25083	0.08641	0.06554	0.03730	0.09098	0.03601	0.01270	0.04369	0.01095	0.04844	0.00642	0.00189	0.00632	0.01578	0.00343	0.00735
13	0.01216	0.00710	0.00884	0.00775	0.01002	0.00655	0.00603	0.04122	0.04452	0.19168	0.41311	0.03663	0.17117	0.01049	0.00625	0.00176	0.00332	0.00899	0.00606	0.00636
14	0.01467	0.00957	0.01105	0.00927	0.01201	0.00987	0.00728	0.21757	0.10271	0.13411	0.26090	0.02733	0.05512	0.05976	0.00730	0.00195	0.00425	0.00730	0.04074	0.00724
15	0.11833	0.10262	0.10929	0.01344	0.05708	0.26225	0.01119	0.11746	0.07390	0.06797	0.01122	0.01201	0.00856	0.00578	0.00487	0.00157	0.00717	0.00410	0.00363	0.00756
16	0.01410	0.53933	0.02339	0.00999	0.01350	0.04635	0.00920	0.04395	0.01132	0.01398	0.00880	0.01109	0.00801	0.00841	0.04975	0.05547	0.09057	0.00363	0.03260	0.00657
17	0.00741	0.00584	0.00651	0.00633	0.00798	0.00522	0.00472	0.00951	0.04464	0.01700	0.25159	0.04624	0.48711	0.01333	0.00747	0.05548	0.00295	0.01055	0.00526	0.00486
18	0.00831	0.00580	0.00674	0.00659	0.00659	0.00611	0.00392	0.00839	0.00808	0.01090	0.01680	0.03470	0.01931	0.75436	0.02755	0.00518	0.05600	0.00785	0.00330	0.00353
19	0.08988	0.11427	0.09002	0.10505	0.11110	0.09188	0.05167	0.13404	0.07708	0.03863	0.01148	0.01323	0.00888	0.00686	0.03137	0.00189	0.00700	0.00455	0.00349	0.00764
20	0.05686	0.01138	0.01692	0.50784	0.09823	0.04061	0.04074	0.07349	0.01246	0.01699	0.01019	0.01414	0.00782	0.00573	0.00592	0.00180	0.04025	0.00484	0.02712	0.00667
21	0.00693	0.00555	0.00620	0.00620	0.00776	0.00482	0.00459	0.00864	0.01330	0.01695	0.25696	0.12159	0.49386	0.01357	0.00659	0.00187	0.00279	0.01160	0.00542	0.00482
22	0.03429	0.14594	0.06334	0.03477	0.01653	0.11051	0.01057	0.30230	0.08347	0.02354	0.04455	0.02732	0.01203	0.00691	0.00569	0.00166	0.03500	0.02949	0.00426	0.00785
23	0.01564	0.07811	0.07495	0.04773	0.09983	0.09542	0.20245	0.08207	0.01434	0.12266	0.03505	0.03569	0.01136	0.02470	0.00610	0.00176	0.00709	0.00558	0.03185	0.00759
24	0.01228	0.01218	0.03745	0.54545	0.12357	0.05098	0.04159	0.06973	0.01265	0.01634	0.01012	0.01418	0.00772	0.00557	0.00571	0.00179	0.01822	0.00490	0.00275	0.00682
25	0.00725	0.00550	0.00668	0.00667	0.00799	0.00493	0.00489	0.00921	0.01388	0.01860	0.42291	0.17198	0.27299	0.01317	0.00663	0.00187	0.00277	0.01149	0.00564	0.00493
26	0.07362	0.06922	0.37452	0.03678	0.05799	0.03883	0.01463	0.07141	0.04247	0.10869	0.03064	0.01415	0.00987	0.02687	0.00574	0.00179	0.00680	0.00457	0.00347	0.00793
27	0.05793	0.06020	0.19730	0.09420	0.11404	0.01254	0.09458	0.08927	0.03100	0.07003	0.01470	0.08110	0.03341	0.00687	0.00555	0.00178	0.00654	0.01782	0.00357	0.00756
28	0.04842	0.04378	0.01500	0.01307	0.03497	0.42477	0.00986	0.17793	0.02706	0.01910	0.04284	0.03390	0.01106	0.02519	0.04740	0.00201	0.00833	0.00472	0.00369	0.00692
29	0.06659	0.01119	0.01692	0.38488	0.18366	0.03304	0.04471	0.01683	0.08000	0.04010	0.03416	0.01710	0.01082	0.00607	0.00553	0.00180	0.00660	0.02975	0.00323	0.00703
30	0.01634	0.07767	0.10561	0.04090	0.11255	0.01402	0.08199	0.19693	0.11396	0.12300	0.01504	0.02942	0.02260	0.00639	0.00569	0.00172	0.01800	0.00540	0.00434	0.00843
31	0.01203	0.01199	0.02160	0.30376	0.24458	0.01315	0.17766	0.01553	0.01164	0.01596	0.01026	0.01452	0.00824	0.00689	0.03581	0.00211	0.07919	0.00531	0.00263	0.00715
32	0.00726	0.00532	0.00687	0.00789	0.00845	0.00513	0.00537	0.00925	0.05819	0.01522	0.07659	0.70452	0.03637	0.01635	0.00694	0.00219	0.00325	0.01479	0.00523	0.00481
33	0.03752	0.05064	0.18550	0.07504	0.02286	0.05332	0.23214	0.13076	0.03660	0.08405	0.01305	0.01470	0.02650	0.00572	0.00564	0.00174	0.00751	0.00528	0.00358	0.00785
34	0.04583	0.09331	0.01735	0.01504	0.13642	0.07309	0.04437	0.13301	0.09055	0.24240	0.04286	0.01599	0.01233	0.00629	0.00532	0.00164	0.00584	0.00515	0.00478	0.00843
35	0.00677	0.00539	0.00608	0.00640	0.00774	0.00470	0.00461	0.00820	0.01243	0.01566	0.14086	0.26965	0.46268	0.01464	0.00670	0.00196	0.00290	0.01265	0.00527	0.00470
36	0.13764	0.06469	0.05086	0.01749	0.15244	0.18991	0.11139	0.06034	0.06860	0.01863	0.01033	0.01232	0.00829	0.00576	0.00609	0.00169	0.06849	0.00449	0.00318	0.00735
37	0.07991	0.17573	0.23812	0.05578	0.06623	0.09692	0.11462	0.01839	0.03258	0.05745	0.01035	0.01210	0.00791	0.00526	0.00498	0.00162	0.00735	0.00429	0.00291	0.00752
38	0.01054	0.00992	0.01675	0.77367	0.05591	0.01233	0.01542	0.01422	0.01111	0.01425	0.00986	0.01474	0.00742	0.00552	0.00554	0.00184	0.00736	0.00492	0.00247	0.00622
39	0.01142	0.00722	0.00857	0.00779	0.00998	0.00696	0.00605	0.01575	0.13256	0.14021	0.29500	0.03635	0.19502	0.01039	0.00609	0.00178	0.00335	0.03319	0.06600	0.00632
40	0.03797	0.05320	0.07937	0.06142	0.14773	0.13286	0.01207	0.19849	0.10832	0.05475	0.01418	0.01508	0.03713	0.00632	0.00549	0.00167	0.01690	0.00496	0.00401	0.00806
41	0.00999	0.00851	0.01202	0.04409	0.15785	0.03560	0.04432	0.01259	0.03909	0.03655	0.17085	0.26989	0.09378	0.03079	0.00688	0.00199	0.00454	0.01008	0.00458	0.00601
42	0.02030	0.00858	0.01141	0.00920	0.01269	0.00758	0.00741	0.04365	0.01552	0.56263	0.11023	0.08784	0.06042	0.00862	0.00586	0.00177	0.00428	0.00723	0.00650	0.00828
43	0.01346	0.03421	0.14458	0.04542	0.15926	0.03737	0.41062	0.05325	0.01339	0.01827	0.01077	0.01385	0.00821	0.00496	0.00596	0.00177	0.00840	0.00558	0.00283	0.00783
44	0.06393	0.05509	0.06050	0.05201	0.01551	0.00995	0.00917	0.03900	0.06158	0.48004	0.02013	0.04291	0.03300	0.00723	0.00545	0.00174	0.00504	0.02361	0.00566	0.00844
45	0.01347	0.01280	0.02174	0.16253	0.56864	0.01325	0.05576	0.05225	0.01302	0.01821	0.01050	0.01394	0.00855	0.00511	0.00555	0.00169	0.00684	0.00502	0.00283	0.00828
46	0.00703	0.00548	0.00638	0.00648	0.00786	0.00483	0.00474	0.00877	0.01329	0.01730	0.29639	0.19248	0.38170	0.01373	0.00664	0.00190	0.00282	0.01189	0.00547	0.00483
47	0.01468	0.27194	0.25407	0.05203	0.05112	0.06333	0.05813	0.10607	0.01369	0.03988	0.00995	0.01153	0.00771	0.00537	0.00504	0.00156	0.01910	0.00408	0.00295	0.00777
48	0.01366	0.01282	0.02022	0.06761	0.50684	0.05366	0.05771	0.01706	0.03178	0.04655	0.01153	0.01487	0.00952	0.00917	0.09017	0.00246	0.01823	0.00512	0.00299	0.00801
49	0.00666	0.00517	0.00606	0.00677	0.00779	0.00458	0.00472	0.00782	0.01150	0.01451	0.04193	0.46799	0.36302	0.01587	0.00684	0.00208	0.00303	0.01394	0.00514	0.00458
50	0.01393	0.01331	0.06035	0.08961	0.32313	0.01311	0.09394	0.06269	0.12585	0.05789	0.04232	0.01611	0.01165	0.00604	0.00628	0.00177	0.04472	0.00549	0.00363	0.00817
51	0.61535	0.01271	0.04672	0.00880	0.01241	0.05410	0.00748	0.03587	0.12349	0.02387	0.01023	0.01104	0.00783	0.00557	0.00398	0.00172	0.00484	0.00362	0.00373	0.00662
52	0.01766	0.01475	0.03067	0.01168	0.01538	0.09760	0.00951	0.41387	0.13499	0.04995	0.01986	0.04542	0.09806	0.00786	0.00566	0.00172	0.00578	0.00616	0.00517	0.00826

[dist]
# distance from previous block
# <min> <max>
0	2

[block]
# block no. 2 follows, 43 sequences, length 16
# corresponding to MSA columns:
# 641-656
name=unknown_C
#
# <colnr> <probs for GDERKNQSTAVLIFYWHMCP>
#	G	D	E	R	K	N	Q	S	T	A	V	L	I	F	Y	W	H	M	C	P
0	0.01461	0.01493	0.01731	0.04305	0.29517	0.18976	0.04325	0.05368	0.10374	0.01789	0.01475	0.08186	0.01346	0.00735	0.00574	0.00176	0.00682	0.06377	0.00363	0.00749
1	0.01341	0.01300	0.02262	0.09481	0.66657	0.01314	0.06122	0.01681	0.01251	0.01775	0.01042	0.01387	0.00864	0.00497	0.00555	0.00167	0.00681	0.00503	0.00272	0.00848
2	0.02438	0.01018	0.01332	0.01021	0.01452	0.00927	0.00844	0.11732	0.01712	0.68252	0.02078	0.01816	0.01318	0.00683	0.00557	0.00171	0.00488	0.00550	0.00669	0.00942
3	0.00925	0.00772	0.00833	0.00793	0.01003	0.00788	0.00601	0.01571	0.26987	0.01889	0.15739	0.09564	0.34079	0.01160	0.00627	0.00188	0.00335	0.00986	0.00547	0.00616
4	0.01267	0.01236	0.02160	0.07517	0.47852	0.01237	0.14011	0.01666	0.04814	0.01805	0.05205	0.01810	0.05713	0.00592	0.00579	0.00172	0.00657	0.00593	0.00319	0.00796
5	0.00767	0.00571	0.00719	0.00712	0.00850	0.00523	0.00548	0.00996	0.01449	0.01970	0.50022	0.07329	0.19878	0.01260	0.00669	0.00189	0.00299	0.10169	0.00574	0.00507
6	0.00827	0.00604	0.00749	0.00734	0.00772	0.00657	0.00495	0.00897	0.00881	0.01212	0.01957	0.06843	0.07390	0.47231	0.16861	0.00527	0.07473	0.00792	0.02688	0.00410
7	0.02042	0.01400	0.01522	0.01178	0.01591	0.01523	0.00969	0.61682	0.02377	0.10272	0.01453	0.01449	0.01026	0.00665	0.00539	0.00163	0.00564	0.00506	0.08177	0.00903
8	0.01971	0.04921	0.01561	0.01153	0.01586	0.04100	0.00950	0.43447	0.07608	0.15165	0.01456	0.01423	0.01035	0.00633	0.00527	0.00156	0.00563	0.00484	0.00526	0.10735
9	0.02196	0.01232	0.01350	0.01064	0.01472	0.10347	0.00862	0.13368	0.01672	0.47533	0.01761	0.01637	0.01177	0.00763	0.03228	0.00184	0.00586	0.00504	0.00571	0.08494
10	0.01322	0.01267	0.02161	0.14657	0.66201	0.01303	0.01676	0.01657	0.01238	0.01751	0.01033	0.01386	0.00857	0.00502	0.00549	0.00167	0.00670	0.00493	0.00270	0.00838
11	0.00793	0.00586	0.00852	0.00852	0.00938	0.00672	0.00645	0.00965	0.00879	0.01258	0.01518	0.02366	0.01467	0.14206	0.68402	0.00844	0.01359	0.00621	0.00302	0.00474
12	0.01148	0.00984	0.01148	0.00820	0.01312	0.00738	0.00656	0.01395	0.01148	0.01805	0.00984	0.01148	0.00820	0.00410	0.00410	0.00082	0.00410	0.00328	0.00328	0.83922
13	0.06707	0.00925	0.01205	0.00953	0.01323	0.00853	0.00780	0.04244	0.01536	0.58577	0.09444	0.02134	0.04355	0.00755	0.00604	0.00175	0.03338	0.00604	0.00633	0.00853
14	0.01756	0.01149	0.01335	0.06804	0.01608	0.04975	0.00870	0.17183	0.01596	0.24284	0.03085	0.01530	0.01117	0.00745	0.03968	0.00174	0.00569	0.00471	0.00477	0.26306
15	0.03810	0.36603	0.15207	0.01160	0.01611	0.03343	0.03212	0.04943	0.05307	0.01620	0.01135	0.01277	0.03963	0.00603	0.00602	0.00154	0.09826	0.00414	0.00291	0.04919

[dist]
# distance from previous block
# <min> <max>
0	1

[block]
# block no. 3 follows, 43 sequences, length 10
# corresponding to MSA columns:
# 658-663,667-670
name=unknown_D
#
# <colnr> <probs for GDERKNQSTAVLIFYWHMCP>
#	G	D	E	R	K	N	Q	S	T	A	V	L	I	F	Y	W	H	M	C	P
0	0.01245	0.01317	0.07759	0.07640	0.08658	0.07223	0.12549	0.03608	0.14495	0.03715	0.13819	0.06150	0.05718	0.00783	0.00627	0.00181	0.02693	0.00697	0.00416	0.00709
1	0.01086	0.12084	0.01446	0.03125	0.01349	0.10551	0.07909	0.01263	0.01125	0.01405	0.01844	0.29021	0.02002	0.03998	0.11801	0.00302	0.04466	0.04300	0.00368	0.00556
2	0.01365	0.05461	0.10837	0.05242	0.13983	0.01162	0.16979	0.03532	0.05077	0.11303	0.07392	0.07397	0.01482	0.00671	0.00572	0.00171	0.00630	0.00631	0.00388	0.05727
3	0.09825	0.14991	0.19348	0.01137	0.03639	0.04889	0.01073	0.03541	0.05595	0.01688	0.01235	0.01635	0.03021	0.12737	0.00892	0.00214	0.04900	0.00471	0.00310	0.08860
4	0.00851	0.00672	0.01023	0.00946	0.01086	0.00722	0.06179	0.02990	0.01045	0.01458	0.07764	0.06516	0.06301	0.08823	0.50249	0.00660	0.01123	0.00727	0.00354	0.00512
5	0.03767	0.04090	0.20670	0.06376	0.11848	0.03928	0.11772	0.05640	0.05147	0.02728	0.01278	0.01519	0.03061	0.00856	0.06733	0.00226	0.02735	0.00505	0.02145	0.04975
6	0.07888	0.07067	0.01472	0.01097	0.01478	0.01441	0.00896	0.34680	0.18364	0.06499	0.01605	0.07413	0.01286	0.00726	0.00529	0.00168	0.00516	0.00571	0.00507	0.05798
7	0.01112	0.00809	0.00930	0.00843	0.01053	0.00830	0.00652	0.06907	0.12346	0.09437	0.08888	0.11466	0.32033	0.03000	0.00772	0.00200	0.06634	0.00945	0.00523	0.00621
8	0.00962	0.06652	0.06965	0.00764	0.00919	0.00803	0.00593	0.06500	0.01057	0.01403	0.04350	0.03176	0.08045	0.51042	0.04211	0.00419	0.00566	0.00745	0.00359	0.00468
9	0.06666	0.04210	0.03250	0.01246	0.06933	0.01162	0.05167	0.09469	0.15823	0.12337	0.01507	0.01731	0.01190	0.06526	0.02785	0.00206	0.02674	0.01442	0.00434	0.15244

[dist]
# distance from previous block
# <min> <max>
8	30

[block]
# block no. 4 follows, 43 sequences, length 6
# corresponding to MSA columns:
# 703-708
name=unknown_E
#
# <colnr> <probs for GDERKNQSTAVLIFYWHMCP>
#	G	D	E	R	K	N	Q	S	T	A	V	L	I	F	Y	W	H	M	C	P
0	0.01394	0.06023	0.01730	0.09841	0.16002	0.06027	0.08585	0.09289	0.01350	0.06325	0.01329	0.07157	0.01166	0.05776	0.00713	0.00185	0.02626	0.00575	0.04748	0.09158
1	0.04629	0.05618	0.01188	0.09322	0.10170	0.00945	0.00825	0.06560	0.06595	0.01833	0.13199	0.11397	0.20364	0.04128	0.00677	0.00194	0.00444	0.00849	0.00447	0.00615
2	0.12504	0.01218	0.01653	0.03842	0.16862	0.04046	0.10931	0.06945	0.17411	0.02070	0.06281	0.07731	0.01493	0.00721	0.00607	0.00182	0.03729	0.00629	0.00404	0.00744
3	0.05102	0.01421	0.10298	0.06396	0.10089	0.07305	0.01115	0.21260	0.04042	0.03868	0.05744	0.04030	0.01307	0.01065	0.09338	0.00249	0.00710	0.00547	0.05371	0.00743
4	0.01572	0.12491	0.02089	0.13121	0.31909	0.08430	0.03987	0.10917	0.01440	0.07259	0.01099	0.01321	0.00862	0.00540	0.00523	0.00160	0.00682	0.00464	0.00330	0.00804
5	0.10993	0.03723	0.04583	0.01371	0.06374	0.07478	0.10352	0.06860	0.01209	0.01765	0.01352	0.08347	0.04023	0.06491	0.00931	0.00206	0.15166	0.00597	0.00335	0.07843

[dist]
# distance from previous block
# <min> <max>
0	2

[block]
# block no. 5 follows, 43 sequences, length 14
# corresponding to MSA columns:
# 711-724
name=unknown_F
#
# <colnr> <probs for GDERKNQSTAVLIFYWHMCP>
#	G	D	E	R	K	N	Q	S	T	A	V	L	I	F	Y	W	H	M	C	P
0	0.01229	0.00831	0.00927	0.00847	0.01043	0.05442	0.00619	0.03284	0.05662	0.14571	0.13108	0.23883	0.02589	0.14287	0.00971	0.00238	0.00438	0.00911	0.00500	0.08620
1	0.01621	0.28177	0.07337	0.01204	0.04721	0.11123	0.01031	0.10612	0.11427	0.08277	0.04588	0.01393	0.01138	0.00594	0.00478	0.00148	0.00610	0.00443	0.00384	0.04695
2	0.03784	0.20251	0.27759	0.01692	0.17931	0.04241	0.01439	0.06255	0.01271	0.01776	0.01085	0.04513	0.00910	0.00573	0.00488	0.00158	0.00668	0.00455	0.03978	0.00772
3	0.04841	0.10604	0.06626	0.12276	0.26582	0.04232	0.06156	0.04818	0.03910	0.03340	0.01275	0.05059	0.02482	0.00645	0.00582	0.01109	0.02392	0.02008	0.00317	0.00747
4	0.03030	0.08274	0.09396	0.01225	0.06410	0.09037	0.00996	0.07473	0.10595	0.16992	0.05779	0.09260	0.03000	0.00756	0.00540	0.00167	0.00555	0.00617	0.01443	0.04456
5	0.00829	0.00665	0.00841	0.00803	0.00989	0.00589	0.02871	0.01033	0.03516	0.01571	0.05344	0.31696	0.18934	0.05514	0.00750	0.00205	0.00377	0.06935	0.00467	0.16071
6	0.01334	0.12143	0.02517	0.07850	0.10268	0.04706	0.35190	0.06165	0.01361	0.01790	0.06585	0.05060	0.01261	0.00598	0.00584	0.00173	0.00750	0.00620	0.00322	0.00724
7	0.01194	0.20313	0.60943	0.01437	0.02179	0.01489	0.01801	0.01733	0.01159	0.01653	0.00944	0.01106	0.00704	0.00514	0.00488	0.00163	0.00768	0.00384	0.00235	0.00794
8	0.01445	0.01245	0.01992	0.07539	0.55579	0.01270	0.01497	0.06916	0.04690	0.06866	0.01277	0.04934	0.01065	0.00588	0.00557	0.00170	0.00623	0.00552	0.00343	0.00851
9	0.01030	0.05915	0.00999	0.00935	0.04261	0.00708	0.00662	0.03480	0.01205	0.09357	0.02687	0.47423	0.07509	0.01334	0.00635	0.00197	0.00390	0.04376	0.00491	0.06406
10	0.01220	0.01432	0.10212	0.02309	0.25216	0.01248	0.30333	0.01604	0.01247	0.01729	0.01514	0.03473	0.06021	0.00660	0.00672	0.00187	0.04514	0.05357	0.00306	0.00748
11	0.00833	0.02071	0.00824	0.06359	0.00982	0.00687	0.00555	0.00926	0.00887	0.01193	0.01847	0.03104	0.06947	0.46269	0.21257	0.00558	0.03215	0.00736	0.00327	0.00420
12	0.00844	0.00779	0.06250	0.00903	0.01018	0.00759	0.00729	0.01014	0.00891	0.01272	0.01510	0.04827	0.01519	0.22888	0.45893	0.00684	0.06775	0.00657	0.00305	0.00484
13	0.01230	0.01217	0.01504	0.06858	0.01611	0.08931	0.04191	0.02987	0.01078	0.01509	0.01056	0.06809	0.01005	0.01017	0.06209	0.00232	0.33437	0.00530	0.00296	0.18293

[dist]
# distance from previous block
# <min> <max>
0	3

[block]
# block no. 6 follows, 43 sequences, length 7
# corresponding to MSA columns:
# 728-734
name=unknown_G
#
# <colnr> <probs for GDERKNQSTAVLIFYWHMCP>
#	G	D	E	R	K	N	Q	S	T	A	V	L	I	F	Y	W	H	M	C	P
0	0.00807	0.00594	0.00772	0.00740	0.00887	0.00539	0.00560	0.01046	0.01449	0.02044	0.55981	0.13622	0.04527	0.01180	0.00649	0.00179	0.00299	0.06414	0.00568	0.07143
1	0.04587	0.01252	0.01512	0.10197	0.22233	0.11649	0.01144	0.03924	0.04384	0.01751	0.01233	0.01664	0.01048	0.02200	0.03099	0.00201	0.10670	0.02980	0.13591	0.00682
2	0.06690	0.06219	0.01125	0.00942	0.03420	0.00929	0.00707	0.11507	0.04597	0.09616	0.22147	0.11593	0.02597	0.05528	0.00832	0.06712	0.00431	0.03288	0.00496	0.00624
3	0.03830	0.05517	0.07280	0.07795	0.15210	0.16594	0.01197	0.15136	0.06095	0.07087	0.05450	0.01473	0.01143	0.00608	0.00527	0.00161	0.00670	0.00482	0.00387	0.03359
4	0.01439	0.07628	0.06201	0.07189	0.01636	0.04542	0.00998	0.12093	0.20727	0.07139	0.05829	0.01929	0.03259	0.03812	0.00729	0.00188	0.06824	0.01966	0.00440	0.05431
5	0.03773	0.01464	0.06535	0.14133	0.24431	0.10345	0.07855	0.07966	0.05923	0.01850	0.01258	0.07384	0.01081	0.00635	0.00555	0.00172	0.00688	0.00567	0.00332	0.03052
6	0.01250	0.01107	0.01787	0.05004	0.27314	0.01104	0.11945	0.06286	0.03532	0.04456	0.05758	0.06617	0.08847	0.00783	0.00635	0.00180	0.03001	0.05192	0.00385	0.04817

[dist]
# distance from previous block
# <min> <max>
1	12

[block]
# block no. 7 follows, 43 sequences, length 9
# corresponding to MSA columns:
# 750-758
name=unknown_H
#
# <colnr> <probs for GDERKNQSTAVLIFYWHMCP>
#	G	D	E	R	K	N	Q	S	T	A	V	L	I	F	Y	W	H	M	C	P
0	0.02597	0.15310	0.11490	0.06741	0.13886	0.09302	0.02507	0.02829	0.04634	0.03493	0.02526	0.01420	0.00996	0.01067	0.11890	0.00258	0.00787	0.00452	0.00305	0.07511
1	0.02363	0.04778	0.04881	0.04540	0.03364	0.08396	0.07339	0.07744	0.16103	0.08910	0.02787	0.08259	0.02502	0.02369	0.06814	0.00233	0.00660	0.00621	0.00425	0.06913
2	0.09495	0.21259	0.32090	0.05946	0.01913	0.01474	0.01368	0.04273	0.06925	0.05105	0.01099	0.01243	0.00839	0.00703	0.03904	0.00194	0.00698	0.00410	0.00305	0.00758
3	0.01273	0.05768	0.38581	0.01497	0.08765	0.08384	0.01479	0.04428	0.01278	0.04952	0.07174	0.01627	0.01233	0.04844	0.06155	0.00237	0.00776	0.00497	0.00313	0.00741
4	0.45825	0.19968	0.01492	0.06439	0.01451	0.08697	0.00822	0.06638	0.01168	0.02094	0.00832	0.00976	0.00669	0.00523	0.00390	0.00157	0.00554	0.00331	0.00320	0.00654
5	0.00916	0.00886	0.08110	0.00980	0.01172	0.00725	0.05019	0.08772	0.01311	0.01787	0.11925	0.50325	0.03136	0.01360	0.00664	0.00205	0.00426	0.01227	0.00491	0.00562
6	0.49696	0.07599	0.01152	0.00891	0.01199	0.10569	0.00731	0.01688	0.01122	0.06480	0.07963	0.01291	0.01108	0.00616	0.00503	0.00169	0.05831	0.00399	0.00365	0.00627
7	0.09863	0.01294	0.05017	0.09344	0.11291	0.01285	0.09501	0.16124	0.12224	0.07574	0.01517	0.01621	0.04211	0.00617	0.00538	0.00170	0.00595	0.00531	0.00416	0.06269
8	0.00866	0.00553	0.00706	0.00743	0.00832	0.00514	0.00518	0.00988	0.01154	0.07568	0.13252	0.40861	0.09114	0.15247	0.01053	0.00266	0.00368	0.04404	0.00510	0.00484

[dist]
# distance from previous block
# <min> <max>
0	4

[block]
# block no. 8 follows, 43 sequences, length 8
# corresponding to MSA columns:
# 764-771
name=unknown_I
#
# <colnr> <probs for GDERKNQSTAVLIFYWHMCP>
#	G	D	E	R	K	N	Q	S	T	A	V	L	I	F	Y	W	H	M	C	P
0	0.06160	0.13875	0.04031	0.01329	0.03631	0.39870	0.02928	0.04628	0.01389	0.03326	0.01081	0.07757	0.00989	0.00679	0.00586	0.00159	0.06123	0.00479	0.00315	0.00664
1	0.07790	0.00583	0.00628	0.00647	0.00797	0.00539	0.00473	0.00918	0.01227	0.01693	0.15232	0.23352	0.38100	0.01338	0.00630	0.00191	0.00299	0.01144	0.03933	0.00485
2	0.01447	0.06253	0.24099	0.07896	0.06163	0.04783	0.03221	0.19091	0.06597	0.02131	0.01138	0.01288	0.00857	0.00568	0.00546	0.00160	0.02394	0.00446	0.00350	0.10572
3	0.01822	0.01478	0.01440	0.01168	0.01508	0.10403	0.00920	0.48092	0.08581	0.02739	0.01424	0.01736	0.01158	0.13919	0.00924	0.00227	0.00628	0.00544	0.00487	0.00801
4	0.00738	0.00550	0.00671	0.00667	0.00786	0.00499	0.00481	0.00923	0.01355	0.01830	0.42235	0.15749	0.22276	0.07745	0.00838	0.00214	0.00297	0.01112	0.00550	0.00483
5	0.10906	0.10116	0.01562	0.01123	0.01506	0.12814	0.00922	0.35063	0.07937	0.02580	0.01232	0.01288	0.00934	0.00610	0.00486	0.00154	0.00601	0.00439	0.05923	0.03803
6	0.01859	0.20180	0.05932	0.01171	0.01625	0.01685	0.01040	0.39288	0.10311	0.09511	0.01362	0.01351	0.00998	0.00624	0.00507	0.00158	0.00585	0.00466	0.00475	0.00874
7	0.00687	0.00492	0.00654	0.00763	0.00806	0.00458	0.00515	0.00803	0.01119	0.01508	0.11631	0.71328	0.03845	0.01665	0.00701	0.00219	0.00314	0.01508	0.00525	0.00458

[dist]
# distance from previous block
# <min> <max>
7	11

[block]
# block no. 9 follows, 43 sequences, length 6
# corresponding to MSA columns:
# 783-788
name=unknown_J
#
# <colnr> <probs for GDERKNQSTAVLIFYWHMCP>
#	G	D	E	R	K	N	Q	S	T	A	V	L	I	F	Y	W	H	M	C	P
0	0.00917	0.00682	0.00944	0.00917	0.01045	0.00774	0.00711	0.08813	0.01090	0.01533	0.01641	0.10747	0.01591	0.03516	0.61499	0.00740	0.01262	0.00692	0.00348	0.00537
1	0.08138	0.01461	0.13708	0.16927	0.23878	0.03749	0.12320	0.01583	0.01174	0.01703	0.01142	0.05333	0.00986	0.04769	0.00670	0.00196	0.00708	0.00553	0.00285	0.00718
2	0.15298	0.06585	0.08248	0.04399	0.25297	0.09477	0.10790	0.05481	0.01295	0.01889	0.01238	0.01447	0.05091	0.00565	0.00515	0.00166	0.00679	0.00486	0.00309	0.00746
3	0.01138	0.07588	0.01402	0.05070	0.01449	0.01094	0.05669	0.09445	0.08257	0.01745	0.01777	0.02061	0.09126	0.01870	0.26641	0.00405	0.04427	0.00587	0.00365	0.09885
4	0.01111	0.06033	0.01146	0.03642	0.06322	0.00888	0.00746	0.09191	0.05773	0.05528	0.36768	0.09554	0.09086	0.01006	0.00608	0.00175	0.00389	0.00869	0.00530	0.00636
5	0.01366	0.01308	0.01236	0.01290	0.09452	0.19369	0.00888	0.09751	0.08698	0.01778	0.05337	0.06104	0.09377	0.06924	0.00861	0.05681	0.00604	0.08934	0.00415	0.00628

[dist]
# distance from previous block
# <min> <max>
4	23

[block]
# block no. 10 follows, 43 sequences, length 13
# corresponding to MSA columns:
# 822-834
name=unknown_K
#
# <colnr> <probs for GDERKNQSTAVLIFYWHMCP>
#	G	D	E	R	K	N	Q	S	T	A	V	L	I	F	Y	W	H	M	C	P
0	0.06481	0.10833	0.40109	0.01638	0.13482	0.01344	0.01571	0.01864	0.06978	0.06855	0.03067	0.01345	0.00959	0.00558	0.00507	0.00168	0.00678	0.00444	0.00312	0.00807
1	0.04869	0.09002	0.33952	0.01584	0.09121	0.05487	0.05459	0.08410	0.01313	0.03831	0.01117	0.05048	0.00911	0.00612	0.00586	0.00170	0.04724	0.00484	0.00305	0.03014
2	0.08703	0.02862	0.11690	0.04914	0.31322	0.03457	0.09334	0.04751	0.01287	0.04337	0.03815	0.08580	0.01233	0.00649	0.00552	0.00174	0.00647	0.00593	0.00333	0.00766
3	0.00749	0.00574	0.00704	0.00728	0.00867	0.00511	0.00541	0.00920	0.01250	0.01657	0.18771	0.30136	0.23961	0.01402	0.00666	0.00197	0.00325	0.09077	0.00520	0.06443
4	0.17969	0.07485	0.21787	0.01063	0.01449	0.01087	0.03630	0.01493	0.01075	0.07832	0.01443	0.13155	0.01380	0.13131	0.00909	0.00236	0.03253	0.00634	0.00352	0.00637
5	0.01614	0.34132	0.07778	0.01019	0.01487	0.01521	0.00958	0.12564	0.01436	0.14026	0.03697	0.03355	0.01092	0.00586	0.00457	0.00138	0.00548	0.00438	0.00388	0.12766
6	0.02429	0.01032	0.01341	0.01028	0.01458	0.00947	0.00849	0.13358	0.01735	0.66594	0.02059	0.01803	0.01308	0.00682	0.00557	0.00171	0.00492	0.00548	0.00666	0.00942
7	0.01289	0.01068	0.01224	0.00887	0.01372	0.00882	0.00715	0.12245	0.01362	0.02052	0.01035	0.01175	0.00838	0.00448	0.00431	0.00094	0.00439	0.00353	0.00361	0.71728
8	0.01396	0.08998	0.01315	0.00976	0.01257	0.01139	0.00788	0.20681	0.05971	0.09105	0.06814	0.16370	0.10394	0.01079	0.03148	0.00201	0.04862	0.00789	0.00491	0.04225
9	0.01879	0.01425	0.01538	0.01190	0.01625	0.01534	0.00974	0.55860	0.11054	0.03104	0.01388	0.01390	0.01012	0.00638	0.00534	0.00156	0.00560	0.00489	0.00522	0.13128
10	0.00668	0.00557	0.00585	0.00603	0.00773	0.00474	0.00453	0.00810	0.01244	0.01496	0.05236	0.12509	0.66288	0.01441	0.00665	0.00194	0.00296	0.04728	0.00514	0.00468
11	0.04391	0.05689	0.01211	0.00959	0.01266	0.01105	0.00771	0.13893	0.21548	0.13865	0.07041	0.07599	0.14174	0.00920	0.00577	0.00181	0.00438	0.03077	0.00544	0.00750
12	0.01411	0.03794	0.05164	0.13484	0.17522	0.07002	0.22268	0.09610	0.02632	0.01831	0.01051	0.01363	0.00828	0.00574	0.00702	0.00180	0.09004	0.00522	0.00302	0.00756

[dist]
# distance from previous block
# <min> <max>
8	19

[block]
# block no. 11 follows, 43 sequences, length 7
# corresponding to MSA columns:
# 855-861
name=unknown_L
#
# <colnr> <probs for GDERKNQSTAVLIFYWHMCP>
#	G	D	E	R	K	N	Q	S	T	A	V	L	I	F	Y	W	H	M	C	P
0	0.05283	0.13305	0.05627	0.01685	0.16894	0.22696	0.01196	0.20255	0.04405	0.02076	0.01054	0.01184	0.00834	0.00567	0.00499	0.00154	0.00720	0.00421	0.00353	0.00790
1	0.00819	0.00622	0.00856	0.00856	0.00962	0.00699	0.00648	0.01088	0.06330	0.01363	0.01907	0.07950	0.05932	0.09972	0.56529	0.00723	0.01179	0.00715	0.00347	0.00504
2	0.00877	0.00676	0.00793	0.06242	0.01021	0.03150	0.00573	0.03331	0.01163	0.01533	0.17351	0.14504	0.08195	0.31675	0.01485	0.00326	0.00462	0.05744	0.00440	0.00460
3	0.00794	0.00582	0.00832	0.00832	0.00911	0.00661	0.00620	0.00952	0.00873	0.01243	0.01536	0.02468	0.01512	0.19585	0.63084	0.00819	0.01292	0.00636	0.00305	0.00462
4	0.01332	0.01049	0.01260	0.02792	0.01394	0.08832	0.07806	0.07873	0.08300	0.11599	0.14263	0.21508	0.04229	0.01039	0.00625	0.00189	0.00511	0.04233	0.00508	0.00661
5	0.01216	0.17123	0.01503	0.00846	0.01335	0.01032	0.00715	0.01448	0.01144	0.01703	0.00941	0.01096	0.00798	0.00423	0.00399	0.00089	0.00447	0.00322	0.00310	0.67111
6	0.17957	0.17000	0.01458	0.00912	0.01291	0.03322	0.00772	0.05935	0.06419	0.10078	0.06733	0.01630	0.02902	0.00629	0.00484	0.00147	0.02134	0.02270	0.00406	0.17521

[dist]
# distance from previous block
# <min> <max>
0	1

[block]
# block no. 12 follows, 43 sequences, length 9
# corresponding to MSA columns:
# 863-871
name=unknown_M
#
# <colnr> <probs for GDERKNQSTAVLIFYWHMCP>
#	G	D	E	R	K	N	Q	S	T	A	V	L	I	F	Y	W	H	M	C	P
0	0.01199	0.00845	0.01138	0.01044	0.01256	0.00845	0.06114	0.16291	0.01487	0.07964	0.02579	0.34274	0.05795	0.01286	0.00669	0.00210	0.00472	0.15391	0.00518	0.00624
1	0.56816	0.01226	0.01060	0.00916	0.01252	0.10172	0.05083	0.01619	0.01063	0.02173	0.01000	0.07270	0.00888	0.00607	0.00414	0.00166	0.00515	0.00431	0.00345	0.06984
2	0.01552	0.29029	0.14062	0.01198	0.01670	0.01411	0.09143	0.01845	0.01278	0.19929	0.03857	0.04609	0.02617	0.00666	0.00534	0.00162	0.02043	0.03249	0.00387	0.00758
3	0.00987	0.00606	0.00801	0.00738	0.00898	0.00553	0.00558	0.01230	0.01531	0.11505	0.61874	0.09682	0.04627	0.01123	0.00645	0.00178	0.00292	0.00990	0.00612	0.00569
4	0.01182	0.01014	0.01163	0.00865	0.01331	0.00831	0.00688	0.01619	0.12004	0.01879	0.01168	0.01281	0.00946	0.00460	0.00432	0.00097	0.00414	0.00371	0.00362	0.71891
5	0.01359	0.13582	0.34912	0.01795	0.16281	0.01384	0.06831	0.03962	0.02796	0.07773	0.01172	0.03673	0.00917	0.00566	0.00524	0.00167	0.00707	0.00480	0.00306	0.00812
6	0.00782	0.00636	0.00700	0.00720	0.00880	0.00606	0.00533	0.01120	0.12040	0.01592	0.04246	0.22999	0.42030	0.03662	0.00722	0.00210	0.00333	0.05150	0.00516	0.00521
7	0.01451	0.41644	0.15921	0.01252	0.01708	0.07287	0.05595	0.01720	0.01155	0.04717	0.00892	0.01072	0.00748	0.00571	0.00634	0.00155	0.12112	0.00381	0.00263	0.00722
8	0.01001	0.00689	0.00865	0.00804	0.00983	0.00676	0.00623	0.01447	0.12342	0.07638	0.55045	0.03833	0.04282	0.01075	0.00642	0.00182	0.00321	0.06349	0.00601	0.00603

[dist]
# distance from previous block
# <min> <max>
0	27

[block]
# block no. 13 follows, 43 sequences, length 11
# corresponding to MSA columns:
# 899-909
name=unknown_N
#
# <colnr> <probs for GDERKNQSTAVLIFYWHMCP>
#	G	D	E	R	K	N	Q	S	T	A	V	L	I	F	Y	W	H	M	C	P
0	0.01091	0.00921	0.01107	0.00832	0.01260	0.00731	0.00662	0.01329	0.01107	0.01721	0.01065	0.01314	0.00911	0.01015	0.12999	0.00213	0.00584	0.00371	0.00323	0.70446
1	0.01201	0.06048	0.01122	0.00924	0.01145	0.00945	0.00735	0.18889	0.03705	0.04682	0.20243	0.21212	0.05913	0.01152	0.00630	0.00191	0.00423	0.09665	0.00535	0.00638
2	0.01187	0.19406	0.01383	0.00868	0.01094	0.01137	0.00697	0.09401	0.04579	0.04602	0.01662	0.02317	0.05578	0.22196	0.21123	0.00440	0.00780	0.00601	0.00361	0.00587
3	0.00675	0.00482	0.00643	0.00771	0.00803	0.00450	0.00514	0.00771	0.01060	0.01414	0.03053	0.80175	0.03663	0.01735	0.00707	0.00225	0.00321	0.01574	0.00514	0.00450
4	0.01202	0.13888	0.01432	0.00841	0.01330	0.00973	0.00703	0.01437	0.01145	0.01724	0.00950	0.01106	0.00803	0.00420	0.00401	0.00088	0.00440	0.00323	0.00313	0.70481
5	0.01388	0.45917	0.02153	0.00975	0.01350	0.09104	0.00869	0.01555	0.01119	0.01371	0.00916	0.01238	0.00863	0.07588	0.02947	0.00182	0.05729	0.00372	0.00267	0.14100
6	0.00675	0.00482	0.00643	0.00771	0.00803	0.00450	0.00514	0.00771	0.01060	0.01414	0.03053	0.80175	0.03663	0.01735	0.00707	0.00225	0.00321	0.01574	0.00514	0.00450
7	0.01404	0.01121	0.01269	0.00953	0.01401	0.01013	0.00766	0.23466	0.01579	0.02284	0.01222	0.06347	0.01042	0.00573	0.00473	0.00117	0.00464	0.00460	0.00408	0.53639
8	0.77196	0.01083	0.00891	0.00792	0.01104	0.01282	0.00653	0.01602	0.00934	0.02384	0.00767	0.00927	0.00611	0.00554	0.00471	0.00178	0.07320	0.00316	0.00334	0.00600
9	0.00983	0.00624	0.00723	0.00664	0.00876	0.00537	0.00510	0.01166	0.01392	0.13951	0.23029	0.04472	0.46577	0.01219	0.00638	0.00181	0.00306	0.01028	0.00566	0.00558
10	0.01927	0.00819	0.01107	0.00891	0.01222	0.00718	0.00718	0.02157	0.01579	0.52798	0.26642	0.02623	0.02635	0.00832	0.00589	0.00172	0.00402	0.00703	0.00661	0.00805

[dist]
# distance from previous block
# <min> <max>
0	1

[block]
# block no. 14 follows, 43 sequences, length 8
# corresponding to MSA columns:
# 911-918
name=unknown_O
#
# <colnr> <probs for GDERKNQSTAVLIFYWHMCP>
#	G	D	E	R	K	N	Q	S	T	A	V	L	I	F	Y	W	H	M	C	P
0	0.01511	0.64445	0.02715	0.01307	0.11406	0.07865	0.01056	0.01706	0.01177	0.01374	0.00812	0.00960	0.00733	0.00484	0.00392	0.00126	0.00632	0.00327	0.00245	0.00727
1	0.00833	0.00848	0.08613	0.00872	0.01060	0.00678	0.00723	0.01214	0.11056	0.01700	0.13256	0.37967	0.13352	0.01345	0.00657	0.00204	0.00382	0.04176	0.00505	0.00559
2	0.01425	0.01344	0.04142	0.15076	0.07175	0.07175	0.13088	0.09515	0.07261	0.06470	0.01367	0.01919	0.01139	0.00730	0.00773	0.00193	0.12336	0.07782	0.00366	0.00725
3	0.00872	0.00657	0.00860	0.00844	0.00944	0.00740	0.00620	0.01196	0.10767	0.01364	0.01656	0.02555	0.01596	0.24462	0.47578	0.00702	0.01089	0.00655	0.00342	0.00502
4	0.01481	0.09661	0.09920	0.01086	0.01468	0.01332	0.00975	0.32067	0.07058	0.02545	0.16635	0.05999	0.03553	0.00799	0.00556	0.00168	0.00518	0.00647	0.02765	0.00769
5	0.13420	0.05410	0.03463	0.00866	0.01150	0.00850	0.00713	0.03607	0.01304	0.21209	0.09780	0.20551	0.06025	0.01000	0.00567	0.00182	0.00420	0.04441	0.00510	0.04533
6	0.01493	0.41666	0.13661	0.01111	0.01566	0.15637	0.01087	0.01798	0.04471	0.03992	0.04672	0.01373	0.04203	0.00588	0.00449	0.00142	0.00661	0.00417	0.00303	0.00710
7	0.04813	0.01188	0.07178	0.03709	0.02912	0.07085	0.00869	0.11747	0.11243	0.04251	0.04213	0.23272	0.07426	0.03257	0.00649	0.00194	0.00505	0.00847	0.00459	0.04183

[dist]
# distance from previous block
# <min> <max>
3	24

[block]
# block no. 15 follows, 43 sequences, length 8
# corresponding to MSA columns:
# 948-955
name=unknown_P
#
# <colnr> <probs for GDERKNQSTAVLIFYWHMCP>
#	G	D	E	R	K	N	Q	S	T	A	V	L	I	F	Y	W	H	M	C	P
0	0.01194	0.01261	0.09357	0.01210	0.08012	0.06549	0.03419	0.01462	0.01202	0.04179	0.01494	0.12973	0.03949	0.00683	0.00506	0.00135	0.00520	0.00585	0.00354	0.40955
1	0.01264	0.19121	0.39637	0.04308	0.02033	0.01399	0.04624	0.03883	0.01204	0.04728	0.01039	0.01230	0.00797	0.00745	0.05422	0.00202	0.00763	0.00413	0.00276	0.06911
2	0.00892	0.00696	0.00888	0.09604	0.01266	0.00686	0.00680	0.07975	0.01248	0.01657	0.02823	0.46526	0.12869	0.01337	0.00642	0.00197	0.00398	0.01184	0.00471	0.07962
3	0.01163	0.01220	0.08654	0.01062	0.01593	0.00865	0.09146	0.01471	0.01168	0.01796	0.01001	0.01189	0.00811	0.00428	0.00449	0.00103	0.00508	0.00372	0.00314	0.66687
4	0.05648	0.12203	0.03366	0.09718	0.10161	0.04798	0.01033	0.10128	0.15311	0.03820	0.01447	0.08869	0.01244	0.00684	0.00514	0.00162	0.00556	0.00561	0.00393	0.09385
5	0.00974	0.00757	0.00900	0.00809	0.01021	0.00717	0.00596	0.05857	0.06711	0.01709	0.07958	0.18565	0.07064	0.13741	0.09655	0.00300	0.00527	0.00831	0.00430	0.20879
6	0.05962	0.08758	0.08015	0.06760	0.01485	0.07015	0.00910	0.03853	0.05888	0.07265	0.15712	0.08426	0.06263	0.00877	0.01686	0.00179	0.03630	0.00669	0.00424	0.06223
7	0.02996	0.04400	0.04783	0.06706	0.01409	0.01013	0.00808	0.08312	0.17474	0.04359	0.02156	0.13158	0.09176	0.09822	0.00810	0.00213	0.00477	0.00742	0.00443	0.10742

[dist]
# distance from previous block
# <min> <max>
27	115

[block]
# block no. 16 follows, 43 sequences, length 26
# corresponding to MSA columns:
# 1119-1144
name=unknown_Q
#
# <colnr> <probs for GDERKNQSTAVLIFYWHMCP>
#	G	D	E	R	K	N	Q	S	T	A	V	L	I	F	Y	W	H	M	C	P
0	0.04265	0.01327	0.08990	0.01708	0.15732	0.02994	0.14909	0.07111	0.06124	0.01906	0.05477	0.06509	0.10773	0.00757	0.00637	0.00177	0.04248	0.00675	0.00375	0.05305
1	0.23787	0.02737	0.01290	0.04047	0.08763	0.03902	0.03501	0.07028	0.04842	0.08644	0.05219	0.02054	0.05700	0.00706	0.00508	0.00169	0.00510	0.06622	0.00417	0.09553
2	0.04589	0.03372	0.05370	0.01454	0.14057	0.06568	0.03278	0.03818	0.05475	0.23576	0.05437	0.01779	0.01331	0.00631	0.00529	0.00157	0.00556	0.03153	0.00450	0.14420
3	0.10044	0.05354	0.03996	0.03744	0.03654	0.01020	0.00830	0.07823	0.05225	0.09202	0.01463	0.05763	0.03244	0.00635	0.00481	0.00140	0.00474	0.02710	0.00403	0.33795
4	0.06004	0.05443	0.03482	0.02899	0.16825	0.01180	0.07051	0.10330	0.07719	0.07645	0.05037	0.06976	0.01350	0.00652	0.00529	0.00158	0.00546	0.00571	0.00405	0.15196
5	0.03916	0.03809	0.21201	0.01147	0.03115	0.03562	0.01096	0.07925	0.03988	0.11968	0.03600	0.10831	0.03470	0.00726	0.00528	0.00159	0.00555	0.00596	0.00409	0.17400
6	0.02908	0.00998	0.05672	0.01211	0.10626	0.00827	0.03011	0.01554	0.04898	0.11104	0.25267	0.04270	0.05057	0.00774	0.00557	0.00154	0.00436	0.00675	0.00469	0.19532
7	0.03677	0.01063	0.07013	0.00950	0.03064	0.03615	0.00786	0.03096	0.04020	0.13677	0.22338	0.02477	0.08793	0.00774	0.00543	0.00150	0.00432	0.00646	0.00480	0.22406
8	0.07319	0.10737	0.01563	0.02312	0.02586	0.09460	0.07026	0.07785	0.07380	0.11159	0.11066	0.01912	0.05774	0.00679	0.00519	0.00154	0.00549	0.00556	0.00434	0.11030
9	0.01435	0.03974	0.01250	0.00991	0.03785	0.05042	0.00760	0.05239	0.08382	0.14282	0.09142	0.01914	0.06220	0.00647	0.00502	0.00134	0.00456	0.00527	0.00452	0.34867
10	0.17493	0.11267	0.06905	0.01020	0.01443	0.01341	0.00909	0.22744	0.03774	0.07531	0.06893	0.01579	0.01257	0.00636	0.00483	0.00156	0.00520	0.02679	0.00435	0.10935
11	0.08895	0.50856	0.02323	0.01033	0.01460	0.11114	0.00940	0.10167	0.05686	0.01721	0.00930	0.01021	0.00785	0.00527	0.00406	0.00135	0.00620	0.00346	0.00307	0.00729
12	0.37001	0.08384	0.01220	0.00891	0.01259	0.03877	0.00747	0.05993	0.01293	0.22401	0.03803	0.01601	0.01142	0.00639	0.00455	0.00167	0.00483	0.04443	0.00452	0.03751
13	0.01074	0.01023	0.01667	0.65888	0.03410	0.01310	0.01482	0.01401	0.01063	0.01401	0.00940	0.01431	0.00736	0.00625	0.00770	0.00194	0.14233	0.00491	0.00245	0.00614
14	0.04721	0.01157	0.01360	0.01059	0.01469	0.03715	0.00865	0.22535	0.01818	0.49583	0.01847	0.01735	0.01231	0.03517	0.00628	0.00182	0.00528	0.00535	0.00613	0.00900
15	0.01815	0.06480	0.04365	0.01297	0.01648	0.32618	0.01051	0.18995	0.20164	0.02091	0.01306	0.01344	0.01007	0.00640	0.00555	0.00162	0.02818	0.00458	0.00410	0.00778
