[name]
unknown

[dist]
# distance from previous block
# <min> <max>
2	78

[block]
# block no. 0 follows, 40 sequences, length 9
# corresponding to MSA columns:
# 181-189
name=unknown_A
#
# <colnr> <probs for GDERKNQSTAVLIFYWHMCP>
#	G	D	E	R	K	N	Q	S	T	A	V	L	I	F	Y	W	H	M	C	P
0	0.01284	0.00689	0.00845	0.00958	0.09852	0.00676	0.00619	0.01559	0.01278	0.09760	0.01841	0.02061	0.01416	0.00663	0.00445	0.00145	0.00345	0.00544	0.64387	0.00634
1	0.04350	0.00985	0.01277	0.01467	0.17845	0.00996	0.00919	0.06835	0.12933	0.05865	0.21542	0.03157	0.17553	0.00952	0.00622	0.00185	0.00444	0.00818	0.00523	0.00734
2	0.00829	0.00646	0.00900	0.01099	0.09917	0.00607	0.00683	0.01015	0.01317	0.01793	0.24606	0.40605	0.10885	0.01444	0.00700	0.00209	0.00357	0.01297	0.00539	0.00551
3	0.01108	0.00681	0.00815	0.08641	0.01122	0.00769	0.00635	0.01374	0.01174	0.02005	0.01671	0.01996	0.01329	0.00709	0.00606	0.00156	0.09774	0.00535	0.64335	0.00564
4	0.07060	0.06507	0.04757	0.06567	0.10780	0.28359	0.02682	0.11791	0.01589	0.04769	0.01066	0.01231	0.00836	0.00575	0.00520	0.00156	0.00776	0.00427	0.00353	0.09198
5	0.09845	0.01193	0.04820	0.01057	0.01392	0.01208	0.00879	0.15870	0.25466	0.05421	0.17872	0.02616	0.06046	0.00877	0.00595	0.00189	0.00468	0.02836	0.00560	0.00790
6	0.03286	0.01141	0.09059	0.03054	0.01560	0.00900	0.10254	0.03252	0.04220	0.04108	0.24838	0.02811	0.11176	0.00844	0.00602	0.00168	0.00498	0.00747	0.00466	0.17016
7	0.00936	0.00695	0.00839	0.00773	0.00949	0.00663	0.00587	0.08493	0.01676	0.02297	0.52565	0.07964	0.16911	0.01218	0.00678	0.00187	0.00318	0.01057	0.00612	0.00580
8	0.01206	0.01141	0.01897	0.37433	0.35303	0.01250	0.01570	0.01551	0.01250	0.01677	0.01557	0.01915	0.08501	0.00645	0.00590	0.00185	0.00689	0.00590	0.00300	0.00751

[dist]
# distance from previous block
# <min> <max>
0	4

[block]
# block no. 1 follows, 40 sequences, length 9
# corresponding to MSA columns:
# 194-202
name=unknown_B
#
# <colnr> <probs for GDERKNQSTAVLIFYWHMCP>
#	G	D	E	R	K	N	Q	S	T	A	V	L	I	F	Y	W	H	M	C	P
0	0.01569	0.01416	0.14654	0.01318	0.07262	0.07083	0.01091	0.01986	0.08741	0.22606	0.02272	0.19892	0.05655	0.00967	0.00616	0.00193	0.00569	0.00824	0.00504	0.00783
1	0.00944	0.01162	0.14306	0.00977	0.01222	0.06586	0.00871	0.01215	0.01375	0.01852	0.28830	0.29345	0.06533	0.01259	0.00669	0.00199	0.00461	0.01103	0.00505	0.00585
2	0.01010	0.00505	0.00758	0.00758	0.00758	0.00505	0.00505	0.00758	0.00758	0.01010	0.01010	0.01768	0.01010	0.02020	0.02273	0.83081	0.00505	0.00505	0.00253	0.00253
3	0.04107	0.01768	0.15299	0.01735	0.09404	0.08506	0.16677	0.09114	0.07762	0.02072	0.01323	0.01497	0.02783	0.00577	0.00563	0.00166	0.00729	0.00518	0.00357	0.15044
4	0.01449	0.00942	0.01277	0.01380	0.14499	0.00924	0.00900	0.01960	0.14531	0.19336	0.28839	0.02960	0.06707	0.00905	0.00626	0.00184	0.00433	0.00788	0.00582	0.00780
5	0.01196	0.01146	0.01577	0.01368	0.01368	0.01564	0.01108	0.01301	0.00883	0.01351	0.00954	0.01724	0.01004	0.15016	0.02096	0.00310	0.64609	0.00569	0.00272	0.00586
6	0.00956	0.00839	0.01391	0.01146	0.01411	0.00761	0.19240	0.01208	0.01369	0.04300	0.16753	0.17582	0.28260	0.01208	0.00693	0.00201	0.00481	0.01113	0.00501	0.00590
7	0.01558	0.01622	0.01501	0.01632	0.14716	0.29473	0.02977	0.03717	0.01441	0.05494	0.01955	0.20046	0.07349	0.00959	0.00645	0.00184	0.02851	0.00796	0.00401	0.00683
8	0.26333	0.01646	0.14744	0.01177	0.01668	0.01471	0.01109	0.32605	0.01825	0.07445	0.01231	0.01295	0.00882	0.00625	0.00504	0.00177	0.00600	0.00449	0.03370	0.00843

[dist]
# distance from previous block
# <min> <max>
0	1

[block]
# block no. 2 follows, 40 sequences, length 16
# corresponding to MSA columns:
# 210-225
name=unknown_C
#
# <colnr> <probs for GDERKNQSTAVLIFYWHMCP>
#	G	D	E	R	K	N	Q	S	T	A	V	L	I	F	Y	W	H	M	C	P
0	0.01494	0.01368	0.02348	0.06992	0.61097	0.01372	0.07290	0.03921	0.01377	0.05409	0.01162	0.01479	0.00937	0.00534	0.00585	0.00176	0.00707	0.00534	0.00316	0.00902
1	0.05598	0.01521	0.05732	0.01927	0.07901	0.06247	0.34515	0.04857	0.09198	0.08641	0.01613	0.04058	0.04111	0.00644	0.00624	0.00189	0.00772	0.00656	0.00393	0.00803
2	0.01280	0.01295	0.01909	0.01598	0.01644	0.01757	0.06889	0.01435	0.00928	0.01435	0.00795	0.01295	0.00773	0.00977	0.01814	0.00250	0.72497	0.00523	0.00258	0.00648
3	0.01337	0.01291	0.02251	0.17396	0.53368	0.01331	0.07274	0.01690	0.01288	0.01800	0.01184	0.04978	0.01023	0.00587	0.00593	0.00181	0.00713	0.00582	0.00294	0.00839
4	0.01335	0.14492	0.44101	0.05195	0.02398	0.03561	0.12017	0.01847	0.01267	0.05096	0.01126	0.03008	0.00862	0.00574	0.00550	0.00177	0.00813	0.00485	0.00283	0.00813
5	0.01921	0.02335	0.01764	0.12213	0.12765	0.55997	0.01285	0.02131	0.01535	0.01500	0.00945	0.01173	0.00777	0.00585	0.00539	0.00159	0.00960	0.00415	0.00292	0.00706
6	0.00798	0.00647	0.00720	0.00714	0.00863	0.02888	0.00526	0.00996	0.01450	0.01900	0.37056	0.15678	0.30914	0.01368	0.00690	0.00195	0.00315	0.01184	0.00578	0.00520
7	0.05728	0.01294	0.14459	0.01138	0.01554	0.00966	0.04412	0.05309	0.01491	0.29463	0.11198	0.09801	0.06617	0.00891	0.00645	0.00190	0.02766	0.00746	0.00540	0.00793
8	0.01470	0.01344	0.11682	0.10424	0.08872	0.03594	0.03743	0.11720	0.01511	0.13716	0.02066	0.18139	0.05937	0.00939	0.00624	0.00195	0.00608	0.02196	0.00461	0.00761
9	0.01531	0.00861	0.01309	0.06412	0.06323	0.00804	0.06341	0.01744	0.01363	0.29083	0.02561	0.31138	0.05750	0.01131	0.00656	0.00204	0.00494	0.01016	0.00552	0.00728
10	0.01399	0.01331	0.02258	0.03385	0.71070	0.01328	0.01705	0.01740	0.01345	0.01928	0.05925	0.01628	0.01217	0.00562	0.00583	0.00173	0.00664	0.00553	0.00311	0.00897
11	0.14182	0.05097	0.09876	0.04257	0.25297	0.05021	0.09180	0.04004	0.10440	0.02041	0.01281	0.04540	0.01058	0.00618	0.00549	0.00181	0.00675	0.00542	0.00350	0.00811
12	0.17230	0.01048	0.01354	0.03959	0.14053	0.01069	0.02921	0.05587	0.07014	0.17324	0.02027	0.15016	0.05714	0.00869	0.00573	0.00189	0.00508	0.00739	0.00486	0.02320
13	0.01413	0.01277	0.02120	0.08496	0.52322	0.01282	0.05131	0.03524	0.03061	0.04895	0.01414	0.05256	0.03239	0.00626	0.00589	0.00177	0.00660	0.00600	0.00339	0.03579
14	0.06718	0.05998	0.20457	0.01440	0.01939	0.01300	0.15256	0.10562	0.06791	0.05663	0.03802	0.09475	0.04387	0.00861	0.02584	0.00208	0.00696	0.00678	0.00406	0.00779
15	0.04338	0.03634	0.07586	0.02585	0.06302	0.05504	0.02222	0.12993	0.06850	0.21701	0.01707	0.04408	0.01336	0.00730	0.00567	0.00174	0.00592	0.05293	0.00497	0.10981

[dist]
# distance from previous block
# <min> <max>
2	117

[block]
# block no. 3 follows, 40 sequences, length 9
# corresponding to MSA columns:
# 425-433
name=unknown_D
#
# <colnr> <probs for GDERKNQSTAVLIFYWHMCP>
#	G	D	E	R	K	N	Q	S	T	A	V	L	I	F	Y	W	H	M	C	P
0	0.01419	0.01404	0.09753	0.01031	0.01563	0.06353	0.00915	0.04959	0.01343	0.07392	0.01134	0.01262	0.00887	0.00490	0.00469	0.00113	0.00537	0.00382	0.00368	0.58225
1	0.05529	0.04531	0.03413	0.01288	0.08849	0.06312	0.00950	0.10982	0.11273	0.12653	0.02411	0.02369	0.16573	0.00818	0.00609	0.00175	0.02910	0.00649	0.00484	0.07221
2	0.18817	0.36569	0.06373	0.01163	0.06736	0.04456	0.00989	0.05351	0.01288	0.01887	0.05803	0.01519	0.05731	0.00629	0.00450	0.00155	0.00579	0.00450	0.00336	0.00722
3	0.01249	0.03469	0.01208	0.01078	0.05432	0.06255	0.05991	0.01378	0.01125	0.10253	0.01903	0.02936	0.06186	0.40283	0.05246	0.00400	0.00653	0.00727	0.00390	0.03837
4	0.01155	0.01014	0.06422	0.00888	0.01061	0.06209	0.00680	0.07683	0.01224	0.05867	0.02181	0.15090	0.07021	0.37264	0.03419	0.00381	0.00591	0.00886	0.00424	0.00538
5	0.01452	0.33660	0.22736	0.01571	0.11047	0.04804	0.01428	0.03879	0.06250	0.01704	0.01031	0.01199	0.00843	0.00577	0.00570	0.00162	0.05578	0.00413	0.00288	0.00808
6	0.03591	0.03994	0.02899	0.01593	0.11630	0.17432	0.03442	0.11968	0.17741	0.03420	0.06490	0.04193	0.01476	0.00743	0.00655	0.00181	0.05536	0.00586	0.01631	0.00799
7	0.03919	0.06382	0.03946	0.06011	0.12269	0.07764	0.11397	0.16630	0.02710	0.04434	0.03066	0.05945	0.01187	0.00671	0.00603	0.00172	0.02772	0.00577	0.01497	0.08050
8	0.01526	0.01451	0.10915	0.01573	0.12767	0.03439	0.06071	0.12440	0.07455	0.10582	0.02056	0.02155	0.11321	0.00733	0.00582	0.00171	0.00602	0.01894	0.00446	0.11820

[dist]
# distance from previous block
# <min> <max>
5	64

[block]
# block no. 4 follows, 40 sequences, length 29
# corresponding to MSA columns:
# 550-574,580-583
name=unknown_E
#
# <colnr> <probs for GDERKNQSTAVLIFYWHMCP>
#	G	D	E	R	K	N	Q	S	T	A	V	L	I	F	Y	W	H	M	C	P
0	0.09532	0.11579	0.25335	0.04182	0.19681	0.01480	0.03339	0.06817	0.04840	0.06232	0.01164	0.01331	0.00882	0.00566	0.00527	0.00174	0.00696	0.00460	0.00335	0.00848
1	0.13702	0.09617	0.16121	0.01765	0.19768	0.01380	0.03334	0.03677	0.09553	0.05310	0.05047	0.01518	0.01175	0.00598	0.00522	0.00171	0.00617	0.00491	0.00368	0.05268
2	0.03807	0.05494	0.03869	0.01533	0.13591	0.04970	0.05168	0.09339	0.15432	0.03219	0.11731	0.04764	0.04865	0.00761	0.00576	0.00172	0.00556	0.00653	0.00454	0.09046
3	0.06647	0.05608	0.17622	0.01664	0.15755	0.06339	0.03132	0.07965	0.04893	0.05636	0.14296	0.03637	0.02889	0.00728	0.00572	0.00177	0.00629	0.00609	0.00413	0.00788
4	0.01394	0.07219	0.19372	0.03035	0.08097	0.05034	0.05510	0.06047	0.13880	0.05554	0.12532	0.02071	0.01777	0.00724	0.00582	0.00179	0.00637	0.02734	0.00425	0.03197
5	0.01570	0.04067	0.14739	0.14100	0.06199	0.05029	0.12174	0.13401	0.01569	0.10748	0.04596	0.03854	0.01202	0.00650	0.00587	0.00179	0.00723	0.00574	0.00398	0.03638
6	0.03514	0.14787	0.07853	0.11556	0.15300	0.05207	0.01205	0.05690	0.03222	0.07512	0.05728	0.08588	0.05928	0.00771	0.00561	0.00176	0.00615	0.00643	0.00390	0.00754
7	0.05833	0.15844	0.16868	0.01654	0.14528	0.05064	0.03428	0.11684	0.01483	0.05223	0.03402	0.04153	0.01152	0.00646	0.00533	0.00167	0.00668	0.02319	0.00364	0.04988
8	0.01859	0.05542	0.07293	0.03127	0.01709	0.20987	0.02873	0.03843	0.11939	0.20820	0.04749	0.03778	0.01371	0.00711	0.00602	0.00173	0.03104	0.00551	0.00468	0.04501
9	0.01686	0.07307	0.01654	0.03357	0.01693	0.13223	0.04904	0.19324	0.18883	0.04914	0.09245	0.01934	0.01635	0.00732	0.00573	0.00172	0.00625	0.02191	0.00488	0.05460
10	0.03731	0.09798	0.09559	0.01364	0.03615	0.14767	0.07533	0.03734	0.04666	0.24492	0.01593	0.01618	0.03219	0.00730	0.02257	0.00187	0.02604	0.00516	0.00444	0.03572
11	0.01428	0.19684	0.35030	0.01335	0.01946	0.04746	0.01477	0.06754	0.06425	0.04914	0.03543	0.01539	0.01100	0.00625	0.00524	0.00167	0.00707	0.02901	0.00341	0.04814
12	0.03726	0.04348	0.01355	0.01108	0.05196	0.00935	0.02882	0.01994	0.07703	0.26201	0.09864	0.07264	0.03994	0.00773	0.00561	0.00162	0.00465	0.00656	0.00531	0.20285
13	0.00706	0.00516	0.00665	0.00784	0.00837	0.00474	0.00529	0.00813	0.01138	0.01494	0.03515	0.70702	0.12127	0.01782	0.00736	0.00232	0.00332	0.01604	0.00540	0.00474
14	0.01206	0.01034	0.01206	0.00861	0.01378	0.00775	0.00689	0.01464	0.01206	0.01895	0.01034	0.01206	0.00861	0.00431	0.00431	0.00086	0.00431	0.00345	0.00345	0.83118
15	0.01382	0.02707	0.65321	0.01564	0.02363	0.01276	0.01955	0.01990	0.01293	0.12966	0.01230	0.01340	0.00842	0.00577	0.00557	0.00184	0.00805	0.00453	0.00316	0.00879
16	0.67455	0.01418	0.12229	0.01031	0.04876	0.01315	0.00911	0.01733	0.01041	0.02461	0.00858	0.01010	0.00660	0.00541	0.00399	0.00180	0.00522	0.00342	0.00339	0.00678
17	0.00846	0.00564	0.00634	0.00634	0.00634	0.00564	0.00352	0.00846	0.00846	0.01128	0.01832	0.03805	0.02114	0.79563	0.02960	0.00564	0.00564	0.00846	0.00352	0.00352
18	0.00846	0.00564	0.00634	0.00634	0.00634	0.00564	0.00352	0.00846	0.00846	0.01128	0.01832	0.03805	0.02114	0.79563	0.02960	0.00564	0.00564	0.00846	0.00352	0.00352
19	0.01555	0.79913	0.03047	0.00995	0.01493	0.02301	0.00995	0.01741	0.01182	0.01368	0.00808	0.00933	0.00746	0.00498	0.00373	0.00124	0.00622	0.00311	0.00249	0.00746
20	0.01679	0.64927	0.02793	0.01068	0.01552	0.05428	0.01017	0.12556	0.01433	0.01713	0.00900	0.01007	0.00783	0.00532	0.00411	0.00133	0.00643	0.00345	0.00301	0.00779
21	0.01350	0.01293	0.01272	0.00956	0.01441	0.12192	0.00754	0.01592	0.01272	0.01824	0.01013	0.01182	0.00845	0.00456	0.00445	0.00096	0.00523	0.00349	0.00338	0.70807
22	0.01051	0.01127	0.10396	0.01431	0.15125	0.00925	0.01018	0.01568	0.12403	0.02072	0.29670	0.08290	0.10563	0.00998	0.00639	0.00188	0.00458	0.00876	0.00502	0.00700
23	0.01176	0.00927	0.01348	0.04907	0.14156	0.00944	0.04634	0.01668	0.14176	0.06599	0.08299	0.21521	0.04679	0.01134	0.00670	0.00210	0.00504	0.11248	0.00500	0.00700
24	0.01497	0.68429	0.14023	0.01094	0.01645	0.02159	0.01167	0.01756	0.01188	0.01439	0.00844	0.00977	0.00745	0.00506	0.00400	0.00133	0.00657	0.00329	0.00248	0.00763
25	0.02435	0.01028	0.01344	0.01057	0.01489	0.00943	0.00865	0.02872	0.12598	0.65302	0.02305	0.02008	0.01490	0.00730	0.00586	0.00183	0.00490	0.00596	0.00701	0.00979
26	0.01405	0.01346	0.02298	0.11147	0.68629	0.01373	0.01767	0.01754	0.01308	0.01858	0.01088	0.01451	0.00906	0.00525	0.00576	0.00175	0.00699	0.00518	0.00285	0.00893
27	0.13830	0.00816	0.00986	0.00839	0.01125	0.00769	0.00666	0.01801	0.01539	0.28959	0.34773	0.03045	0.06632	0.00937	0.00601	0.00182	0.00381	0.00782	0.00622	0.00717
28	0.01139	0.01113	0.01996	0.66859	0.03861	0.01319	0.12397	0.01542	0.01194	0.01542	0.01055	0.01553	0.00791	0.00568	0.00597	0.00194	0.00806	0.00542	0.00264	0.00667

[dist]
# distance from previous block
# <min> <max>
2	14

[block]
# block no. 5 follows, 40 sequences, length 66
# corresponding to MSA columns:
# 599-615,659-692,701-715
name=unknown_F
#
# <colnr> <probs for GDERKNQSTAVLIFYWHMCP>
#	G	D	E	R	K	N	Q	S	T	A	V	L	I	F	Y	W	H	M	C	P
0	0.01597	0.64540	0.08819	0.01108	0.01612	0.11121	0.01103	0.01818	0.01241	0.01413	0.00838	0.00970	0.00746	0.00514	0.00406	0.00132	0.00692	0.00328	0.00255	0.00747
1	0.01313	0.01264	0.01717	0.01272	0.01768	0.05333	0.16649	0.01754	0.08680	0.01910	0.01266	0.01441	0.02108	0.00505	0.00512	0.00127	0.00586	0.00466	0.00359	0.50971
2	0.03889	0.03421	0.05494	0.06620	0.05359	0.03996	0.04946	0.01308	0.01341	0.01762	0.09609	0.04336	0.20069	0.01174	0.00676	0.00212	0.00543	0.24183	0.00459	0.00601
3	0.01366	0.27834	0.43225	0.01399	0.02078	0.01604	0.03327	0.01834	0.01245	0.05775	0.01133	0.01428	0.00903	0.00591	0.00511	0.00169	0.00750	0.03727	0.00287	0.00813
4	0.01294	0.06570	0.45940	0.03757	0.17679	0.01325	0.01816	0.01815	0.01296	0.05724	0.06380	0.01523	0.01149	0.00597	0.00559	0.00178	0.00749	0.00496	0.00307	0.00846
5	0.01166	0.03008	0.76550	0.01657	0.02517	0.01351	0.02149	0.01842	0.01228	0.01842	0.01044	0.01228	0.00737	0.00552	0.00552	0.00184	0.00859	0.00430	0.00246	0.00859
6	0.01010	0.00505	0.00758	0.00758	0.00758	0.00505	0.00505	0.00758	0.00758	0.01010	0.01010	0.01768	0.01010	0.02020	0.02273	0.83081	0.00505	0.00505	0.00253	0.00253
7	0.01311	0.20340	0.53386	0.01533	0.02282	0.01558	0.05919	0.01850	0.01239	0.04021	0.01036	0.01203	0.00769	0.00542	0.00520	0.00171	0.00801	0.00422	0.00264	0.00833
8	0.01182	0.01539	0.19239	0.24900	0.26348	0.01227	0.01663	0.01593	0.01238	0.01720	0.01368	0.07806	0.01233	0.00723	0.00601	0.00193	0.00717	0.05641	0.00306	0.00763
9	0.00846	0.00564	0.00634	0.00634	0.00634	0.00564	0.00352	0.00846	0.00846	0.01128	0.01832	0.03805	0.02114	0.79563	0.02960	0.00564	0.00564	0.00846	0.00352	0.00352
10	0.01376	0.01560	0.03382	0.02503	0.06421	0.01466	0.70481	0.01859	0.01370	0.01864	0.01173	0.01563	0.00884	0.00491	0.00681	0.00195	0.00967	0.00678	0.00294	0.00791
11	0.01384	0.01326	0.02261	0.15574	0.64359	0.01367	0.01757	0.01737	0.01298	0.01833	0.01084	0.01457	0.00898	0.00528	0.00577	0.00176	0.00704	0.00518	0.00283	0.00877
12	0.01526	0.02509	0.56878	0.01508	0.02261	0.01265	0.01821	0.05403	0.01392	0.17976	0.01329	0.01397	0.00900	0.00595	0.00561	0.00183	0.00771	0.00467	0.00363	0.00893
13	0.00764	0.00607	0.00699	0.00749	0.00915	0.00543	0.00597	0.00944	0.01314	0.01616	0.04858	0.11089	0.48938	0.01537	0.00726	0.00221	0.00370	0.22471	0.00539	0.00503
14	0.01347	0.01226	0.02106	0.34809	0.38647	0.01324	0.05174	0.01711	0.01274	0.05177	0.01128	0.01517	0.00882	0.00553	0.00584	0.00183	0.00731	0.00529	0.00296	0.00802
15	0.01204	0.04782	0.49223	0.01718	0.02419	0.01343	0.16921	0.01830	0.04835	0.01838	0.01300	0.05893	0.01057	0.00647	0.00594	0.00190	0.00821	0.02276	0.00296	0.00813
16	0.01382	0.01795	0.33967	0.01318	0.01868	0.01026	0.06589	0.01834	0.01443	0.17533	0.21364	0.02319	0.03466	0.00769	0.00607	0.00184	0.00626	0.00661	0.00459	0.00792
17	0.07686	0.05371	0.03874	0.01261	0.01646	0.20260	0.04522	0.08845	0.18015	0.15923	0.05589	0.01700	0.01382	0.00689	0.00554	0.00174	0.00664	0.00536	0.00487	0.00821
18	0.01787	0.01505	0.07173	0.01311	0.01738	0.04269	0.04606	0.21485	0.32773	0.12144	0.01908	0.01912	0.01406	0.00738	0.00593	0.00188	0.00591	0.02405	0.00553	0.00917
19	0.01269	0.01094	0.07214	0.01510	0.13693	0.00910	0.09776	0.01605	0.02926	0.13061	0.21942	0.05743	0.14906	0.00937	0.00643	0.00187	0.00515	0.00845	0.00501	0.00723
20	0.02221	0.01613	0.01735	0.01330	0.01795	0.01779	0.01099	0.72182	0.02707	0.05518	0.01419	0.01411	0.01000	0.00699	0.00582	0.00175	0.00636	0.00525	0.00585	0.00989
21	0.01539	0.06346	0.31446	0.01416	0.04187	0.01199	0.04922	0.03400	0.05699	0.19727	0.05632	0.03393	0.01400	0.00882	0.04561	0.00222	0.00718	0.02046	0.00427	0.00839
22	0.01954	0.01386	0.07410	0.06916	0.02196	0.04810	0.22819	0.02300	0.01509	0.37557	0.03964	0.01800	0.01266	0.00638	0.00613	0.00185	0.00706	0.00603	0.00503	0.00866
23	0.00713	0.00587	0.00629	0.00645	0.00820	0.00504	0.00486	0.00872	0.01331	0.01627	0.10438	0.11734	0.60598	0.01490	0.00698	0.00203	0.00310	0.05273	0.00547	0.00496
24	0.00876	0.00657	0.00836	0.00765	0.00959	0.00584	0.03915	0.01082	0.01428	0.05462	0.28800	0.04750	0.38472	0.05356	0.00804	0.00213	0.00352	0.03585	0.00561	0.00543
25	0.05678	0.01762	0.26554	0.01278	0.01834	0.04950	0.02957	0.03752	0.01493	0.35394	0.05518	0.01838	0.01363	0.00688	0.00573	0.00182	0.00647	0.02163	0.00502	0.00875
26	0.09375	0.15237	0.43255	0.01299	0.01939	0.01372	0.01528	0.01750	0.01250	0.05717	0.05627	0.01676	0.06335	0.00652	0.00522	0.00174	0.00687	0.00498	0.00325	0.00781
27	0.01376	0.44530	0.36865	0.01300	0.01964	0.01864	0.01526	0.01787	0.01203	0.01586	0.00917	0.01069	0.00742	0.00523	0.00456	0.00152	0.00731	0.00366	0.00247	0.00798
28	0.01432	0.31767	0.08169	0.04326	0.02259	0.01765	0.30305	0.04331	0.03030	0.01703	0.01068	0.01370	0.00876	0.02951	0.00640	0.00179	0.02262	0.00513	0.00290	0.00765
29	0.07080	0.08119	0.55291	0.01592	0.06051	0.01363	0.01828	0.01822	0.01234	0.04451	0.01168	0.01517	0.00907	0.00610	0.00542	0.00183	0.00774	0.04356	0.00288	0.00825
30	0.01324	0.04024	0.63806	0.01589	0.02365	0.06710	0.01952	0.01966	0.03872	0.05449	0.01137	0.01280	0.00808	0.00571	0.00551	0.00181	0.00837	0.00440	0.00285	0.00853
31	0.18489	0.06601	0.01337	0.04544	0.01471	0.01111	0.00833	0.09037	0.01538	0.35287	0.07136	0.05861	0.02795	0.00763	0.00541	0.00180	0.00494	0.00602	0.00561	0.00817
32	0.01505	0.01165	0.01713	0.19280	0.02293	0.01259	0.12139	0.04773	0.25946	0.13410	0.01961	0.02267	0.03124	0.00755	0.00619	0.00198	0.00626	0.05673	0.00483	0.00812
33	0.01469	0.00924	0.01145	0.10001	0.01541	0.02583	0.00833	0.01990	0.17632	0.21557	0.08820	0.17268	0.05285	0.05331	0.00758	0.00218	0.00478	0.00875	0.00559	0.00734
34	0.01267	0.22849	0.57587	0.01487	0.02253	0.01596	0.01851	0.01816	0.01216	0.01719	0.00983	0.01152	0.00739	0.00538	0.00506	0.00169	0.00798	0.00399	0.00246	0.00830
35	0.01116	0.01052	0.01776	0.74290	0.07742	0.01297	0.01624	0.01501	0.01171	0.01507	0.01037	0.01545	0.00783	0.00578	0.00581	0.00193	0.00771	0.00517	0.00260	0.00660
36	0.01384	0.06189	0.16446	0.02182	0.02800	0.05179	0.53423	0.01875	0.01349	0.01810	0.01119	0.01447	0.00842	0.00507	0.00637	0.00188	0.00942	0.00604	0.00283	0.00790
37	0.00693	0.00565	0.00614	0.00653	0.00802	0.00486	0.00470	0.00827	0.01264	0.01546	0.05119	0.26751	0.55043	0.01573	0.00703	0.00208	0.00307	0.01350	0.00540	0.00486
38	0.12049	0.35149	0.08911	0.01072	0.01467	0.01701	0.01022	0.03187	0.05418	0.03369	0.10950	0.01558	0.01443	0.00686	0.00630	0.00166	0.09673	0.00474	0.00352	0.00722
39	0.01165	0.02912	0.73065	0.01625	0.02456	0.01334	0.02083	0.01853	0.02929	0.01867	0.02804	0.01322	0.00871	0.00573	0.00556	0.00184	0.00837	0.00449	0.00263	0.00854
40	0.00829	0.00612	0.00655	0.00641	0.00842	0.00517	0.00482	0.00983	0.01346	0.06879	0.07905	0.10438	0.62955	0.01434	0.00684	0.00198	0.00311	0.01205	0.00556	0.00527
41	0.01523	0.62733	0.15340	0.01134	0.01682	0.06257	0.01196	0.01790	0.01215	0.01451	0.00853	0.00989	0.00745	0.00512	0.00412	0.00136	0.00685	0.00334	0.00251	0.00761
42	0.01223	0.14277	0.65779	0.01560	0.02367	0.01490	0.01980	0.01827	0.01221	0.01772	0.01009	0.01185	0.00738	0.00544	0.00526	0.00175	0.00825	0.00412	0.00246	0.00843
43	0.01342	0.01505	0.03255	0.02353	0.02909	0.01414	0.68669	0.01816	0.01370	0.01854	0.01311	0.01922	0.01057	0.00569	0.00695	0.00201	0.00949	0.05731	0.00311	0.00767
44	0.00733	0.00586	0.00663	0.00711	0.00866	0.00517	0.00542	0.00891	0.01286	0.01582	0.04906	0.20072	0.49813	0.01563	0.00717	0.00216	0.00343	0.12961	0.00539	0.00495
45	0.03011	0.01654	0.19319	0.27554	0.11024	0.01449	0.05149	0.08441	0.01308	0.01849	0.01037	0.01393	0.00803	0.00641	0.00780	0.00197	0.12835	0.00500	0.00292	0.00764
46	0.01514	0.01546	0.01385	0.05741	0.08376	0.27245	0.01002	0.01719	0.01297	0.01663	0.01225	0.01597	0.01041	0.04351	0.00859	0.00188	0.14595	0.00489	0.23530	0.00636
47	0.00923	0.00533	0.00770	0.00787	0.00811	0.00549	0.00538	0.00826	0.00844	0.01145	0.01464	0.11740	0.01549	0.09420	0.16523	0.49536	0.00691	0.00702	0.00309	0.00340
48	0.01795	0.01568	0.07186	0.18224	0.03573	0.02996	0.08789	0.37922	0.03891	0.06309	0.01324	0.01478	0.00950	0.00640	0.00590	0.00182	0.00717	0.00536	0.00455	0.00875
49	0.01192	0.01129	0.01913	0.57688	0.23750	0.01317	0.01662	0.01568	0.01207	0.01599	0.01050	0.01520	0.00815	0.00564	0.00580	0.00188	0.00752	0.00517	0.00266	0.00722
50	0.00812	0.00596	0.00770	0.00730	0.00871	0.00553	0.00549	0.01071	0.01579	0.02212	0.65472	0.04340	0.11395	0.01388	0.04892	0.00225	0.00347	0.01043	0.00613	0.00542
51	0.00955	0.01543	0.30002	0.06637	0.01772	0.00907	0.01300	0.01336	0.01232	0.01702	0.04903	0.24035	0.06539	0.01165	0.00663	0.00215	0.00599	0.13437	0.00409	0.00648
52	0.01380	0.24050	0.19214	0.01384	0.05634	0.05740	0.03717	0.03406	0.14347	0.01816	0.04817	0.03903	0.04208	0.00698	0.00575	0.00171	0.03249	0.00546	0.00360	0.00784
53	0.00745	0.00532	0.00716	0.00844	0.00896	0.00503	0.00597	0.00876	0.01164	0.01550	0.05707	0.66237	0.03832	0.01769	0.00749	0.00239	0.00363	0.11654	0.00543	0.00484
54	0.01188	0.01983	0.40254	0.22870	0.02627	0.01186	0.01689	0.01673	0.01253	0.05982	0.08424	0.01692	0.01266	0.00704	0.00659	0.04218	0.00741	0.00528	0.00315	0.00747
55	0.01495	0.24575	0.06085	0.07161	0.24727	0.06523	0.02955	0.01772	0.01308	0.07514	0.01503	0.04439	0.06273	0.00654	0.00529	0.00164	0.00659	0.00544	0.00334	0.00787
56	0.01278	0.01231	0.02136	0.34898	0.39775	0.01333	0.06113	0.01646	0.01255	0.01715	0.01112	0.02903	0.00910	0.00567	0.00588	0.00184	0.00738	0.00548	0.00280	0.00789
57	0.01319	0.01299	0.02350	0.15130	0.44001	0.01319	0.16051	0.01685	0.01296	0.01799	0.01262	0.06006	0.01106	0.00619	0.00613	0.00186	0.00739	0.02100	0.00304	0.00816
58	0.05813	0.21263	0.48951	0.01536	0.05982	0.01581	0.01738	0.01839	0.03085	0.01788	0.01011	0.01176	0.00769	0.00543	0.00501	0.00169	0.00761	0.00405	0.00264	0.00824
59	0.01286	0.01645	0.22918	0.03407	0.11800	0.03815	0.06630	0.01717	0.04270	0.07998	0.09066	0.08053	0.06471	0.00839	0.00706	0.00194	0.06155	0.01876	0.00396	0.00759
60	0.00879	0.00608	0.00755	0.00761	0.00906	0.00555	0.00564	0.01100	0.02879	0.06098	0.30209	0.24914	0.21397	0.01414	0.00699	0.00205	0.00325	0.04597	0.00588	0.00546
61	0.01481	0.01695	0.11299	0.06645	0.32947	0.08982	0.10052	0.09090	0.01480	0.01977	0.02552	0.01632	0.04494	0.00617	0.00619	0.00179	0.02542	0.00555	0.00330	0.00831
62	0.03235	0.05377	0.06414	0.09641	0.09668	0.04296	0.06777	0.11016	0.16319	0.07598	0.07294	0.01926	0.01502	0.00703	0.00600	0.00182	0.01689	0.02399	0.00446	0.02918
63	0.02865	0.01191	0.03494	0.11041	0.31248	0.01184	0.03174	0.03736	0.05824	0.14033	0.09590	0.02011	0.01592	0.00690	0.00620	0.00183	0.02311	0.02080	0.02304	0.00828
64	0.03067	0.05897	0.10869	0.05614	0.08457	0.02786	0.01014	0.01537	0.04451	0.08070	0.17738	0.18968	0.04056	0.00997	0.00613	0.00187	0.00506	0.00865	0.00467	0.03840
65	0.03099	0.05607	0.09151	0.07121	0.18175	0.03092	0.02671	0.03400	0.07597	0.09789	0.12505	0.05091	0.01967	0.00804	0.00598	0.00186	0.00586	0.05990	0.01796	0.00773

[dist]
# distance from previous block
# <min> <max>
6	29

[block]
# block no. 6 follows, 40 sequences, length 11
# corresponding to MSA columns:
# 780-790
name=unknown_G
#
# <colnr> <probs for GDERKNQSTAVLIFYWHMCP>
#	G	D	E	R	K	N	Q	S	T	A	V	L	I	F	Y	W	H	M	C	P
0	0.04365	0.18502	0.24496	0.01360	0.01920	0.04272	0.04257	0.22110	0.05258	0.02274	0.01219	0.01451	0.00961	0.02710	0.00592	0.00181	0.00710	0.02149	0.00375	0.00837
1	0.06045	0.20427	0.19851	0.01254	0.01788	0.04486	0.01255	0.24033	0.03610	0.05560	0.03737	0.01450	0.02794	0.00641	0.00518	0.00166	0.00662	0.00474	0.00407	0.00842
2	0.08114	0.30713	0.08914	0.01134	0.01586	0.10616	0.01058	0.12384	0.01521	0.08825	0.03357	0.01623	0.03599	0.00666	0.00494	0.00160	0.00648	0.03426	0.00388	0.00774
3	0.07291	0.27483	0.18914	0.01129	0.01620	0.06338	0.01148	0.05020	0.01359	0.08868	0.05710	0.04600	0.06850	0.00712	0.00507	0.00164	0.00625	0.00539	0.00374	0.00753
4	0.18977	0.27495	0.22620	0.01162	0.01688	0.04214	0.01229	0.01836	0.04269	0.04307	0.01156	0.01515	0.00973	0.00625	0.00473	0.00169	0.00649	0.05570	0.00324	0.00750
5	0.01672	0.14555	0.22813	0.01261	0.01795	0.01473	0.01278	0.20049	0.06502	0.12653	0.06407	0.04220	0.01389	0.00704	0.00553	0.00174	0.00632	0.00553	0.00455	0.00862
6	0.01435	0.42212	0.30839	0.01262	0.01884	0.01827	0.01424	0.01915	0.06560	0.04215	0.01062	0.01171	0.00841	0.00547	0.00465	0.00154	0.00696	0.00391	0.00289	0.00810
7	0.03987	0.25550	0.06682	0.00865	0.01151	0.01202	0.00755	0.01384	0.01128	0.06866	0.05427	0.04384	0.07601	0.26778	0.03709	0.00316	0.00583	0.00666	0.00372	0.00595
8	0.01474	0.36048	0.33663	0.01295	0.01941	0.01755	0.01471	0.07061	0.01335	0.04991	0.01021	0.01144	0.00793	0.00543	0.00474	0.00154	0.00711	0.00389	0.00295	0.03440
9	0.12625	0.02746	0.66037	0.01533	0.02324	0.01344	0.01938	0.01823	0.01195	0.01948	0.01011	0.01188	0.00722	0.00551	0.00526	0.00184	0.00803	0.00414	0.00261	0.00828
10	0.00977	0.01390	0.24694	0.01079	0.03207	0.00880	0.01017	0.01291	0.03972	0.01467	0.01760	0.02813	0.05183	0.38672	0.08827	0.00436	0.00735	0.00697	0.00332	0.00572

[dist]
# distance from previous block
# <min> <max>
0	6

[block]
# block no. 7 follows, 40 sequences, length 8
# corresponding to MSA columns:
# 797-804
name=unknown_H
#
# <colnr> <probs for GDERKNQSTAVLIFYWHMCP>
#	G	D	E	R	K	N	Q	S	T	A	V	L	I	F	Y	W	H	M	C	P
0	0.03261	0.00906	0.01390	0.06597	0.06208	0.00904	0.11664	0.08304	0.01346	0.01849	0.05944	0.36231	0.04505	0.04956	0.00780	0.00224	0.00527	0.01098	0.00458	0.02848
1	0.01645	0.68628	0.02843	0.01069	0.01537	0.13262	0.01014	0.01826	0.01250	0.01376	0.00822	0.00950	0.00747	0.00512	0.00395	0.00128	0.00684	0.00320	0.00256	0.00736
2	0.01010	0.00505	0.00758	0.00758	0.00758	0.00505	0.00505	0.00758	0.00758	0.01010	0.01010	0.01768	0.01010	0.02020	0.02273	0.83081	0.00505	0.00505	0.00253	0.00253
3	0.01098	0.01034	0.01744	0.78165	0.04005	0.01292	0.01615	0.01486	0.01163	0.01486	0.01034	0.01550	0.00775	0.00581	0.00581	0.00194	0.00775	0.00517	0.00258	0.00646
4	0.02002	0.06064	0.01597	0.01160	0.01548	0.01184	0.05876	0.17594	0.01788	0.34248	0.12328	0.02069	0.01808	0.00766	0.00653	0.00179	0.04423	0.00623	0.03226	0.00865
5	0.01439	0.01382	0.02360	0.03569	0.75936	0.01382	0.01785	0.01785	0.01324	0.01900	0.01094	0.01439	0.00921	0.00518	0.00576	0.00173	0.00691	0.00518	0.00288	0.00921
6	0.33190	0.01363	0.03859	0.06138	0.22165	0.04534	0.06311	0.05067	0.03348	0.07314	0.01109	0.01297	0.00848	0.00562	0.00499	0.00179	0.00621	0.00452	0.00365	0.00779
7	0.02118	0.01183	0.01397	0.01105	0.01494	0.01203	0.00891	0.28875	0.07123	0.33241	0.06952	0.02085	0.01627	0.07032	0.00780	0.00210	0.00536	0.00620	0.00625	0.00904

[dist]
# distance from previous block
# <min> <max>
0	16

# created by:
# /home/cegg/simao/soft/augustus-3.2.1/scripts/msa2prfl.pl ./align_prep/EOG091G0MBX.fa
