[name]
unknown

[dist]
# distance from previous block
# <min> <max>
0	117

[block]
# block no. 0 follows, 50 sequences, length 12
# corresponding to MSA columns:
# 117-128
name=unknown_A
#
# <colnr> <probs for GDERKNQSTAVLIFYWHMCP>
#	G	D	E	R	K	N	Q	S	T	A	V	L	I	F	Y	W	H	M	C	P
0	0.03474	0.28571	0.06933	0.00937	0.01353	0.05704	0.00860	0.14296	0.01293	0.06397	0.01013	0.01232	0.00839	0.00508	0.00408	0.00120	0.00516	0.03988	0.00322	0.21236
1	0.00911	0.00722	0.00822	0.00763	0.00892	0.02719	0.02195	0.04921	0.16244	0.01469	0.08383	0.02919	0.07926	0.34168	0.09208	0.00358	0.00531	0.03978	0.00386	0.00483
2	0.00685	0.00501	0.00643	0.00624	0.00736	0.00459	0.00462	0.00894	0.01336	0.01862	0.64241	0.12669	0.10827	0.01101	0.00593	0.00163	0.00243	0.00972	0.00532	0.00459
3	0.01579	0.04270	0.01525	0.04227	0.12498	0.31227	0.03342	0.15193	0.12875	0.03442	0.01165	0.03155	0.00943	0.00577	0.00484	0.00147	0.00667	0.01648	0.00348	0.00690
4	0.00683	0.00506	0.00630	0.00635	0.00736	0.00472	0.00457	0.00890	0.03588	0.01677	0.43584	0.23219	0.14109	0.05676	0.00705	0.00188	0.00269	0.01029	0.00501	0.00448
5	0.03584	0.01070	0.01352	0.14930	0.07183	0.10120	0.08749	0.04003	0.10144	0.01548	0.06747	0.07645	0.07277	0.04855	0.00716	0.00184	0.06953	0.02017	0.00341	0.00581
6	0.00637	0.00502	0.00576	0.00577	0.00713	0.00441	0.00430	0.00801	0.01216	0.01572	0.30629	0.11524	0.44066	0.01208	0.00596	0.00169	0.00256	0.03156	0.00493	0.00438
7	0.01526	0.01211	0.01315	0.05150	0.01519	0.01374	0.00892	0.37096	0.39532	0.02530	0.01588	0.01528	0.01168	0.00631	0.00503	0.00160	0.00479	0.00505	0.00489	0.00804
8	0.01707	0.01525	0.01419	0.01239	0.05259	0.18677	0.00943	0.40424	0.19404	0.02409	0.01280	0.01284	0.00953	0.00590	0.00490	0.00149	0.00592	0.00447	0.00436	0.00773
9	0.01730	0.01467	0.07230	0.01139	0.01532	0.07082	0.00975	0.49278	0.15505	0.06933	0.01332	0.01309	0.00957	0.00598	0.00495	0.00152	0.00554	0.00457	0.00468	0.00810
10	0.16910	0.02990	0.00985	0.01008	0.08988	0.08035	0.02059	0.02672	0.01106	0.04482	0.08945	0.21980	0.11658	0.00911	0.00534	0.00165	0.02518	0.00761	0.02758	0.00534
11	0.05091	0.06548	0.01475	0.01149	0.01471	0.24472	0.05462	0.23049	0.15378	0.03477	0.01348	0.01378	0.04665	0.00599	0.00500	0.00148	0.02258	0.00452	0.00384	0.00696

[dist]
# distance from previous block
# <min> <max>
1	3

[block]
# block no. 1 follows, 50 sequences, length 38
# corresponding to MSA columns:
# 132-154,162-169,176-182
name=unknown_B
#
# <colnr> <probs for GDERKNQSTAVLIFYWHMCP>
#	G	D	E	R	K	N	Q	S	T	A	V	L	I	F	Y	W	H	M	C	P
0	0.03875	0.00653	0.00717	0.00681	0.00785	0.03571	0.00482	0.05256	0.01025	0.04191	0.09934	0.09031	0.09607	0.31049	0.11325	0.00359	0.02064	0.00734	0.04224	0.00438
1	0.08731	0.02560	0.09629	0.05275	0.01390	0.01027	0.00857	0.14750	0.11641	0.14926	0.07133	0.01629	0.01275	0.04934	0.00661	0.03342	0.02341	0.00484	0.02022	0.05393
2	0.01263	0.00949	0.02375	0.00857	0.01087	0.04283	0.00670	0.23766	0.08416	0.07653	0.15483	0.08710	0.06480	0.12130	0.00807	0.00203	0.00432	0.00687	0.03136	0.00615
3	0.01124	0.08626	0.59489	0.01405	0.03384	0.08426	0.04607	0.01649	0.03966	0.01535	0.00915	0.01064	0.00674	0.00478	0.00466	0.00152	0.00724	0.00373	0.00228	0.00715
4	0.01054	0.01017	0.01595	0.43763	0.29520	0.04352	0.01334	0.01350	0.01079	0.01419	0.03384	0.03041	0.03896	0.00545	0.00503	0.00159	0.00613	0.00494	0.00255	0.00626
5	0.01059	0.00958	0.01586	0.58195	0.20019	0.01118	0.01371	0.01423	0.04239	0.03854	0.00978	0.01341	0.00745	0.00497	0.00498	0.00162	0.00630	0.00450	0.00251	0.00625
6	0.00717	0.00491	0.00594	0.00599	0.00617	0.00506	0.00370	0.00755	0.00750	0.01017	0.01581	0.06676	0.01774	0.63890	0.17142	0.00530	0.00635	0.00721	0.00303	0.00334
7	0.03216	0.13889	0.01589	0.04161	0.07209	0.15766	0.04251	0.13455	0.03130	0.08513	0.01050	0.02881	0.00837	0.00509	0.00439	0.00127	0.00572	0.00397	0.00336	0.17674
8	0.01076	0.01011	0.01693	0.25345	0.47631	0.01069	0.01352	0.01365	0.01102	0.01522	0.05192	0.04843	0.03527	0.00562	0.00509	0.00157	0.00571	0.00527	0.00271	0.00677
9	0.32002	0.17593	0.03004	0.00997	0.04347	0.06581	0.00819	0.23673	0.03345	0.02179	0.00892	0.00974	0.00692	0.00503	0.00391	0.00142	0.00511	0.00341	0.00342	0.00672
10	0.00676	0.02637	0.00721	0.00673	0.00816	0.00530	0.03478	0.00870	0.04652	0.01413	0.09785	0.30426	0.38978	0.01262	0.00594	0.00177	0.00300	0.01102	0.00457	0.00452
11	0.01302	0.01090	0.01172	0.02358	0.03783	0.02468	0.00816	0.09092	0.60581	0.03403	0.01835	0.01732	0.01376	0.00643	0.00495	0.00161	0.00420	0.00532	0.03568	0.03174
12	0.00626	0.00503	0.00558	0.00551	0.00697	0.00435	0.00411	0.00784	0.01212	0.01543	0.27671	0.07937	0.52918	0.01201	0.00591	0.00166	0.00249	0.01022	0.00489	0.00435
13	0.17651	0.03661	0.02807	0.04840	0.01397	0.00991	0.05106	0.09475	0.01286	0.33777	0.01531	0.03028	0.04199	0.00661	0.01896	0.00166	0.03495	0.00477	0.00446	0.03108
14	0.01206	0.15321	0.50443	0.01346	0.01969	0.01256	0.09870	0.01658	0.01100	0.09874	0.00989	0.01112	0.00711	0.00475	0.00464	0.00150	0.00681	0.00390	0.00259	0.00726
15	0.00644	0.00451	0.00565	0.00641	0.00665	0.00430	0.00409	0.00704	0.00887	0.01178	0.02440	0.55002	0.04974	0.27161	0.01236	0.00290	0.00350	0.01188	0.00412	0.00373
16	0.01222	0.01173	0.02002	0.06133	0.76389	0.01181	0.01524	0.01520	0.01130	0.01614	0.00936	0.01237	0.00785	0.00446	0.00494	0.00149	0.00595	0.00444	0.00246	0.00780
17	0.27330	0.02769	0.02685	0.02290	0.01307	0.05657	0.08028	0.06889	0.08999	0.15453	0.02815	0.01417	0.01014	0.00559	0.00433	0.00152	0.00474	0.01755	0.09325	0.00649
18	0.01240	0.01211	0.01970	0.07530	0.72077	0.04127	0.01500	0.01532	0.01137	0.01593	0.00928	0.01227	0.00777	0.00450	0.00492	0.00148	0.00608	0.00439	0.00246	0.00768
19	0.00617	0.00440	0.00584	0.00697	0.00727	0.00413	0.00469	0.00706	0.00954	0.01270	0.02709	0.77390	0.03239	0.03974	0.00695	0.00212	0.00300	0.03744	0.00458	0.00403
20	0.01007	0.02531	0.76939	0.01447	0.02175	0.01162	0.04755	0.01579	0.01057	0.01579	0.00899	0.01064	0.00636	0.00472	0.00478	0.00158	0.00741	0.00377	0.00212	0.00734
21	0.00637	0.00468	0.00606	0.00693	0.00757	0.00429	0.00485	0.00748	0.01005	0.01334	0.05821	0.64117	0.09904	0.01463	0.00626	0.00196	0.00299	0.06861	0.00460	0.03091
22	0.00646	0.00517	0.00648	0.00650	0.00780	0.00460	0.02870	0.00797	0.01143	0.01468	0.18496	0.25162	0.38152	0.01275	0.00607	0.00178	0.00288	0.04956	0.00473	0.00436
23	0.01104	0.00931	0.01009	0.00915	0.01157	0.01047	0.00708	0.02218	0.59242	0.02051	0.19844	0.02345	0.03738	0.00766	0.00527	0.00166	0.00355	0.00651	0.00516	0.00709
24	0.86003	0.00964	0.00733	0.00655	0.00964	0.01118	0.00540	0.01465	0.00848	0.02236	0.00694	0.00810	0.00540	0.00463	0.00308	0.00154	0.00386	0.00270	0.00308	0.00540
25	0.36048	0.00887	0.00885	0.00750	0.01044	0.00948	0.00608	0.09188	0.05873	0.19790	0.02980	0.01416	0.02240	0.00634	0.02070	0.00163	0.00403	0.00418	0.13017	0.00639
26	0.03415	0.01380	0.01347	0.01133	0.04155	0.18263	0.03740	0.26876	0.03203	0.06010	0.01147	0.02622	0.00912	0.00556	0.00463	0.00133	0.00570	0.02550	0.02865	0.18659
27	0.03052	0.00931	0.01195	0.02048	0.01309	0.00902	0.03749	0.16184	0.05379	0.39650	0.06021	0.01675	0.01311	0.00709	0.03006	0.00168	0.00467	0.00503	0.06220	0.05521
28	0.13777	0.06582	0.01399	0.02418	0.03036	0.07217	0.06144	0.18622	0.02925	0.24353	0.02904	0.03185	0.01094	0.00610	0.00475	0.00153	0.00521	0.03427	0.00440	0.00718
29	0.04142	0.01040	0.01113	0.04481	0.01312	0.02759	0.00773	0.21239	0.32291	0.04539	0.01603	0.02961	0.01223	0.00704	0.02173	0.00168	0.01875	0.00508	0.14384	0.00711
30	0.00812	0.00586	0.00806	0.00907	0.01027	0.00589	0.00787	0.01077	0.03471	0.01533	0.06209	0.05421	0.02914	0.01339	0.00678	0.00224	0.00447	0.70239	0.00465	0.00469
31	0.02942	0.14816	0.12585	0.05315	0.28656	0.01276	0.12488	0.03915	0.04019	0.01609	0.04269	0.02638	0.02280	0.00513	0.00481	0.00149	0.00603	0.00471	0.00274	0.00701
32	0.00617	0.00453	0.00579	0.00659	0.00719	0.00415	0.00452	0.00728	0.01037	0.01373	0.12597	0.61550	0.14085	0.01452	0.00624	0.00192	0.00277	0.01302	0.00473	0.00415
33	0.01091	0.03420	0.55915	0.01607	0.06417	0.01208	0.15473	0.04739	0.02474	0.01652	0.00947	0.01131	0.00687	0.00470	0.00495	0.00158	0.00731	0.00417	0.00237	0.00732
34	0.02362	0.00486	0.00624	0.00670	0.00752	0.00451	0.00471	0.00848	0.01108	0.04685	0.23531	0.50669	0.08811	0.01334	0.00608	0.00185	0.00279	0.01192	0.00489	0.00444
35	0.00738	0.00557	0.00811	0.08804	0.01064	0.00639	0.00625	0.00890	0.00803	0.01124	0.01345	0.02198	0.01319	0.21717	0.54368	0.00664	0.01070	0.00569	0.00271	0.00423
36	0.09640	0.25844	0.03472	0.01165	0.06682	0.15221	0.00934	0.24201	0.05147	0.01948	0.00940	0.01021	0.00744	0.00510	0.00418	0.00135	0.00589	0.00359	0.00330	0.00700
37	0.14707	0.04202	0.01561	0.03121	0.31430	0.06523	0.04208	0.07070	0.06179	0.05972	0.04292	0.01345	0.02202	0.00519	0.00460	0.00146	0.00534	0.00440	0.00328	0.04759

[dist]
# distance from previous block
# <min> <max>
5	10

[block]
# block no. 2 follows, 50 sequences, length 12
# corresponding to MSA columns:
# 196-207
name=unknown_C
#
# <colnr> <probs for GDERKNQSTAVLIFYWHMCP>
#	G	D	E	R	K	N	Q	S	T	A	V	L	I	F	Y	W	H	M	C	P
0	0.00741	0.00640	0.04357	0.00760	0.00882	0.00556	0.00578	0.03686	0.05822	0.01428	0.02627	0.54972	0.08612	0.03505	0.00656	0.00198	0.00341	0.05451	0.00444	0.03746
1	0.11043	0.38226	0.06936	0.00971	0.01339	0.05616	0.03282	0.06640	0.03249	0.05511	0.01048	0.04194	0.00934	0.00584	0.00458	0.00141	0.03843	0.05049	0.00300	0.00637
2	0.08786	0.28200	0.08916	0.01105	0.01484	0.26678	0.05125	0.01718	0.05922	0.01417	0.00844	0.00966	0.00697	0.00482	0.00425	0.00130	0.02011	0.00333	0.00259	0.04502
3	0.04613	0.52842	0.06226	0.00986	0.01377	0.20888	0.00917	0.01662	0.04149	0.01281	0.00775	0.00879	0.00671	0.00461	0.00366	0.00119	0.00621	0.00297	0.00239	0.00632
4	0.11798	0.19696	0.18475	0.01164	0.01620	0.05920	0.09343	0.13887	0.06856	0.03923	0.01056	0.01148	0.02019	0.00509	0.00439	0.00145	0.00598	0.00396	0.00313	0.00694
5	0.01714	0.00982	0.04409	0.06621	0.12101	0.00890	0.02900	0.06663	0.03480	0.42586	0.04842	0.01940	0.01354	0.00652	0.00519	0.00161	0.00488	0.06446	0.00489	0.00764
6	0.00931	0.00830	0.02612	0.04655	0.01192	0.05645	0.03955	0.05285	0.11247	0.01563	0.04577	0.36083	0.02392	0.01131	0.00589	0.00186	0.00433	0.13564	0.00430	0.02699
7	0.00613	0.00439	0.00578	0.00682	0.00717	0.00409	0.00456	0.00703	0.00967	0.01288	0.05052	0.75439	0.05481	0.03753	0.00685	0.00208	0.00292	0.01372	0.00461	0.00404
8	0.69092	0.04874	0.05850	0.04839	0.04339	0.01162	0.00718	0.01467	0.00888	0.02073	0.00726	0.00867	0.00566	0.00463	0.00336	0.00153	0.00437	0.00292	0.00291	0.00568
9	0.01749	0.09697	0.01554	0.01093	0.01463	0.05395	0.02636	0.53007	0.01945	0.07970	0.01190	0.01271	0.00886	0.02709	0.04983	0.00189	0.00605	0.00442	0.00442	0.00773
10	0.00721	0.00512	0.00709	0.00717	0.00784	0.00568	0.00525	0.00858	0.00810	0.01168	0.01503	0.07812	0.01513	0.20475	0.53035	0.00648	0.01009	0.00633	0.05591	0.00412
11	0.06531	0.01016	0.01117	0.00845	0.01248	0.04799	0.01978	0.06077	0.05932	0.07346	0.01033	0.01127	0.00811	0.00441	0.00419	0.00102	0.01685	0.00343	0.00341	0.56811

[dist]
# distance from previous block
# <min> <max>
0	1

[block]
# block no. 3 follows, 50 sequences, length 13
# corresponding to MSA columns:
# 209-221
name=unknown_D
#
# <colnr> <probs for GDERKNQSTAVLIFYWHMCP>
#	G	D	E	R	K	N	Q	S	T	A	V	L	I	F	Y	W	H	M	C	P
0	0.00733	0.00583	0.00639	0.00609	0.00770	0.02739	0.00455	0.00901	0.01227	0.03495	0.30637	0.10513	0.37948	0.01115	0.00574	0.00160	0.00279	0.00953	0.00482	0.05187
1	0.03886	0.37650	0.22396	0.05865	0.01723	0.04644	0.06880	0.05148	0.01127	0.01483	0.04346	0.01093	0.00838	0.00482	0.00416	0.00135	0.00614	0.00367	0.00249	0.00659
2	0.01361	0.66638	0.04811	0.00913	0.01330	0.09881	0.00882	0.01562	0.02808	0.01231	0.00746	0.00852	0.00664	0.00440	0.00344	0.00110	0.00566	0.00283	0.00228	0.04350
3	0.63828	0.09608	0.03089	0.00780	0.01105	0.11812	0.00663	0.01541	0.00946	0.01974	0.00709	0.00827	0.00566	0.00466	0.00333	0.00146	0.00479	0.00279	0.00289	0.00560
4	0.00803	0.00531	0.00698	0.00780	0.00876	0.00529	0.00636	0.01007	0.02709	0.01497	0.02361	0.18734	0.02514	0.01269	0.00682	0.04947	0.00383	0.42515	0.16087	0.00444
5	0.00913	0.00840	0.01331	0.58417	0.06643	0.00997	0.01186	0.01268	0.05596	0.01347	0.01515	0.07772	0.08829	0.00663	0.00518	0.00168	0.00575	0.00585	0.00282	0.00555
6	0.00621	0.00482	0.00559	0.00596	0.00702	0.00428	0.00425	0.00745	0.01092	0.01393	0.13804	0.31168	0.38316	0.04885	0.00692	0.00194	0.00277	0.02736	0.00467	0.00417
7	0.01079	0.01075	0.01524	0.07311	0.01468	0.01495	0.01113	0.01205	0.00781	0.01205	0.00672	0.01108	0.00655	0.00844	0.01550	0.00214	0.75498	0.00437	0.00218	0.00546
8	0.00855	0.00568	0.00727	0.00672	0.00815	0.00515	0.00505	0.01068	0.01425	0.07455	0.69459	0.03680	0.08219	0.01030	0.00601	0.00166	0.00267	0.00892	0.00563	0.00519
9	0.00906	0.00821	0.02505	0.00743	0.00937	0.05871	0.00580	0.05642	0.07692	0.01738	0.25394	0.03650	0.37606	0.01055	0.00608	0.00171	0.02195	0.00867	0.00483	0.00535
10	0.05085	0.72697	0.02430	0.00879	0.01286	0.04808	0.00845	0.01512	0.01054	0.01272	0.00900	0.01013	0.03501	0.00492	0.00355	0.00120	0.00545	0.00313	0.00244	0.00648
11	0.01399	0.08410	0.01677	0.12163	0.18615	0.09348	0.03752	0.11956	0.05095	0.04555	0.01046	0.01245	0.00833	0.00531	0.00526	0.00147	0.03918	0.00420	0.00324	0.14039
12	0.01390	0.07096	0.01242	0.00957	0.01193	0.09945	0.02266	0.27611	0.04409	0.03068	0.05174	0.06728	0.01487	0.23912	0.01093	0.00252	0.00551	0.00601	0.00407	0.00619

[dist]
# distance from previous block
# <min> <max>
2	10

[block]
# block no. 4 follows, 50 sequences, length 18
# corresponding to MSA columns:
# 233-250
name=unknown_E
#
# <colnr> <probs for GDERKNQSTAVLIFYWHMCP>
#	G	D	E	R	K	N	Q	S	T	A	V	L	I	F	Y	W	H	M	C	P
0	0.03362	0.04306	0.05463	0.00830	0.01039	0.00772	0.03645	0.05838	0.10509	0.01720	0.21538	0.22175	0.05872	0.06322	0.00677	0.00186	0.00379	0.00842	0.00437	0.04089
1	0.07154	0.12800	0.08714	0.01087	0.01506	0.02483	0.03591	0.41103	0.03844	0.05256	0.03431	0.01209	0.00916	0.00552	0.00459	0.00143	0.00542	0.00419	0.00406	0.04384
2	0.03366	0.07625	0.04104	0.04864	0.24973	0.17574	0.11313	0.04574	0.04236	0.07691	0.01049	0.01274	0.00832	0.00502	0.00482	0.00146	0.00656	0.01872	0.00300	0.02567
3	0.00834	0.00533	0.00693	0.00638	0.00776	0.00490	0.00484	0.01066	0.01392	0.07914	0.69002	0.03467	0.04252	0.00964	0.00568	0.00154	0.00249	0.00847	0.05177	0.00499
4	0.01074	0.02161	0.59477	0.03259	0.06592	0.01095	0.03778	0.01589	0.02437	0.05323	0.01064	0.01205	0.02451	0.00492	0.00476	0.00153	0.00675	0.00401	0.00250	0.06050
5	0.01189	0.01133	0.01925	0.08917	0.70226	0.01148	0.01473	0.01485	0.01136	0.01617	0.04274	0.01347	0.00947	0.00473	0.00498	0.00150	0.00582	0.00464	0.00258	0.00758
6	0.00713	0.00495	0.00622	0.00628	0.00658	0.00517	0.00407	0.00776	0.00784	0.01074	0.04180	0.07944	0.01846	0.52678	0.24048	0.00543	0.00700	0.00722	0.00311	0.00354
7	0.01134	0.04349	0.51386	0.07534	0.05409	0.06398	0.04271	0.06431	0.02490	0.01635	0.02545	0.01154	0.00760	0.00503	0.00498	0.00156	0.01992	0.00400	0.00248	0.00709
8	0.00618	0.00470	0.00572	0.00648	0.00733	0.00425	0.00463	0.00731	0.01034	0.01317	0.03534	0.48777	0.29509	0.01442	0.00624	0.00193	0.00291	0.07741	0.00462	0.00415
9	0.03063	0.03356	0.01419	0.01113	0.03845	0.01359	0.00885	0.51937	0.09022	0.05950	0.01235	0.01242	0.00899	0.00564	0.00474	0.00140	0.00504	0.00433	0.00459	0.12100
10	0.01180	0.30027	0.26566	0.01358	0.06354	0.04137	0.13148	0.01521	0.01072	0.01427	0.00882	0.02862	0.00731	0.00466	0.00435	0.00135	0.00644	0.00389	0.00233	0.06432
11	0.01073	0.14969	0.60746	0.01325	0.01977	0.01278	0.04236	0.03547	0.01095	0.01569	0.03212	0.01107	0.00764	0.00484	0.00458	0.00150	0.00689	0.00378	0.00230	0.00714
12	0.01285	0.05415	0.39425	0.06385	0.01935	0.05405	0.07961	0.01707	0.02631	0.16096	0.02371	0.05069	0.00961	0.00561	0.00492	0.00157	0.00647	0.00471	0.00316	0.00709
13	0.00712	0.00534	0.00801	0.00801	0.00890	0.00623	0.00623	0.00890	0.00801	0.01157	0.01335	0.01958	0.01246	0.03738	0.80507	0.00801	0.01335	0.00534	0.00267	0.00445
14	0.01507	0.16539	0.27103	0.01159	0.01649	0.09739	0.02762	0.10278	0.06237	0.16631	0.01158	0.01187	0.00833	0.00522	0.00456	0.00145	0.00617	0.00396	0.00345	0.00738
15	0.01300	0.01272	0.02021	0.06395	0.52060	0.05650	0.11975	0.07745	0.03570	0.01720	0.00989	0.01251	0.00797	0.00467	0.00505	0.00151	0.00638	0.00461	0.00275	0.00755
16	0.01028	0.00973	0.01630	0.46840	0.31696	0.01092	0.01375	0.01334	0.01057	0.01411	0.01171	0.01514	0.05716	0.00527	0.00502	0.00159	0.00611	0.00482	0.00246	0.00634
17	0.07905	0.03696	0.07811	0.05629	0.01776	0.05270	0.16549	0.17581	0.12399	0.09470	0.01216	0.01299	0.00888	0.00526	0.00486	0.00152	0.00589	0.00457	0.00376	0.05925

[dist]
# distance from previous block
# <min> <max>
0	6

[block]
# block no. 5 follows, 50 sequences, length 18
# corresponding to MSA columns:
# 257-274
name=unknown_F
#
# <colnr> <probs for GDERKNQSTAVLIFYWHMCP>
#	G	D	E	R	K	N	Q	S	T	A	V	L	I	F	Y	W	H	M	C	P
0	0.01706	0.01409	0.01383	0.01124	0.01475	0.09890	0.00904	0.48406	0.23764	0.02638	0.01386	0.01352	0.01016	0.00611	0.00496	0.00153	0.00542	0.00468	0.00475	0.00802
1	0.00794	0.00522	0.00685	0.00662	0.00785	0.00479	0.00495	0.00998	0.01319	0.07159	0.56255	0.16702	0.06481	0.01101	0.00593	0.00167	0.00265	0.03520	0.00533	0.00483
2	0.00964	0.00911	0.01558	0.64494	0.11773	0.01080	0.04419	0.01281	0.01017	0.01326	0.01008	0.06137	0.00839	0.00552	0.00510	0.00166	0.00641	0.00507	0.00240	0.00576
3	0.01926	0.02712	0.01318	0.01017	0.01377	0.08706	0.00830	0.34600	0.01810	0.32234	0.07102	0.01536	0.01252	0.00625	0.00498	0.00149	0.00511	0.00486	0.00519	0.00791
4	0.00727	0.00494	0.00614	0.00614	0.00637	0.00517	0.00389	0.00764	0.00742	0.01012	0.01483	0.02861	0.01631	0.59192	0.22523	0.03812	0.00700	0.00665	0.00290	0.00335
5	0.00816	0.00663	0.01010	0.01370	0.21677	0.00648	0.00819	0.00989	0.01044	0.01414	0.02243	0.44231	0.02539	0.01225	0.00610	0.00194	0.00406	0.17179	0.00405	0.00519
6	0.01170	0.01380	0.15059	0.02324	0.41574	0.01121	0.16779	0.01526	0.01142	0.03998	0.02728	0.02912	0.01003	0.00529	0.00524	0.00159	0.00641	0.04427	0.00274	0.00728
7	0.01179	0.01234	0.04351	0.25785	0.44714	0.08587	0.01409	0.01474	0.01118	0.01475	0.01032	0.01334	0.03152	0.00493	0.00493	0.00152	0.00637	0.00448	0.00246	0.00687
8	0.01444	0.01576	0.01310	0.01223	0.03495	0.38325	0.03290	0.09194	0.01328	0.01480	0.01239	0.01992	0.01166	0.01054	0.09142	0.00230	0.06598	0.15021	0.00318	0.00574
9	0.13141	0.01127	0.01807	0.10595	0.59065	0.01169	0.02963	0.01496	0.01082	0.01678	0.00900	0.01186	0.00741	0.00452	0.00470	0.00151	0.00576	0.00422	0.00253	0.00728
10	0.00769	0.00628	0.00946	0.00965	0.03475	0.00651	0.06221	0.00928	0.01032	0.01407	0.10487	0.40728	0.02782	0.03654	0.00795	0.00208	0.09050	0.14391	0.00418	0.00465
11	0.70740	0.00927	0.00770	0.00683	0.00992	0.01030	0.00564	0.01411	0.00890	0.02117	0.00856	0.01183	0.00730	0.00519	0.00343	0.00151	0.00389	0.05775	0.00318	0.09611
12	0.01090	0.01068	0.01905	0.24090	0.35190	0.01116	0.15218	0.01397	0.01081	0.01490	0.01060	0.07133	0.00926	0.00544	0.00545	0.00160	0.02474	0.00537	0.00257	0.02720
13	0.00752	0.00580	0.00854	0.00798	0.00873	0.00620	0.06082	0.00865	0.00813	0.01127	0.01534	0.10968	0.01635	0.34393	0.32728	0.00546	0.03424	0.00705	0.00299	0.00404
14	0.01717	0.06073	0.01415	0.02921	0.04049	0.50180	0.00946	0.07928	0.01421	0.08399	0.01114	0.01513	0.00954	0.00615	0.00479	0.00144	0.00748	0.08436	0.00326	0.00620
15	0.01144	0.04806	0.56726	0.01474	0.05168	0.09641	0.07149	0.01622	0.01107	0.02691	0.00901	0.01066	0.00661	0.00470	0.00472	0.00151	0.00733	0.00379	0.00229	0.03412
16	0.01093	0.06471	0.43530	0.09941	0.08876	0.01148	0.01460	0.07025	0.02215	0.03301	0.06964	0.01430	0.03302	0.00550	0.00484	0.00155	0.00628	0.00449	0.00281	0.00698
17	0.05879	0.07910	0.29678	0.01392	0.09991	0.07677	0.03715	0.10746	0.01275	0.11693	0.01093	0.03117	0.00829	0.00595	0.02139	0.00164	0.00643	0.00422	0.00318	0.00723

[dist]
# distance from previous block
# <min> <max>
2	12

[block]
# block no. 6 follows, 50 sequences, length 26
# corresponding to MSA columns:
# 287-312
name=unknown_G
#
# <colnr> <probs for GDERKNQSTAVLIFYWHMCP>
#	G	D	E	R	K	N	Q	S	T	A	V	L	I	F	Y	W	H	M	C	P
0	0.01200	0.01389	0.18550	0.13508	0.18990	0.01094	0.17494	0.03254	0.02724	0.09336	0.01191	0.06892	0.00964	0.00556	0.00521	0.00162	0.00643	0.00534	0.00299	0.00699
1	0.01129	0.02911	0.17064	0.12903	0.22408	0.03471	0.12663	0.04676	0.01160	0.03680	0.01377	0.06451	0.06700	0.00596	0.00516	0.00159	0.00625	0.00550	0.00287	0.00673
2	0.01051	0.02954	0.40567	0.03592	0.09595	0.00943	0.01329	0.01430	0.01080	0.09022	0.01531	0.17462	0.03331	0.00750	0.00519	0.00167	0.00576	0.03118	0.00318	0.00663
3	0.01324	0.03366	0.30148	0.07103	0.12446	0.03402	0.10459	0.05260	0.03220	0.14506	0.03214	0.01326	0.00911	0.00514	0.00497	0.00156	0.00642	0.00451	0.00320	0.00735
4	0.01145	0.01995	0.47570	0.01493	0.10377	0.07201	0.04303	0.01576	0.01131	0.06962	0.04431	0.06082	0.01064	0.00584	0.00498	0.00158	0.00663	0.01784	0.00281	0.00700
5	0.01019	0.06721	0.66132	0.01375	0.02056	0.01168	0.05869	0.01539	0.01058	0.01554	0.00994	0.01148	0.02623	0.00484	0.00470	0.00152	0.00704	0.00389	0.00223	0.04323
6	0.01171	0.01454	0.22367	0.13420	0.24600	0.01086	0.12618	0.01543	0.01121	0.08620	0.01233	0.03479	0.03957	0.00533	0.00511	0.00159	0.00640	0.00500	0.00282	0.00705
7	0.01378	0.03127	0.21117	0.10791	0.14284	0.01032	0.08605	0.01758	0.03772	0.22739	0.02388	0.04582	0.01027	0.00562	0.00504	0.00158	0.00590	0.00499	0.00356	0.00731
8	0.01121	0.05513	0.03309	0.07827	0.11843	0.00824	0.06677	0.01331	0.01131	0.15502	0.07899	0.26053	0.05832	0.00906	0.00564	0.00169	0.01680	0.00812	0.00408	0.00599
9	0.06394	0.00746	0.00952	0.00800	0.01083	0.00683	0.00638	0.01891	0.04340	0.48099	0.06146	0.13681	0.05049	0.00809	0.00514	0.00162	0.00375	0.02033	0.04906	0.00700
10	0.01330	0.10492	0.26498	0.06170	0.15628	0.04722	0.06824	0.08360	0.01237	0.10249	0.01077	0.03336	0.00828	0.00518	0.00479	0.00151	0.00636	0.00438	0.00300	0.00727
11	0.04413	0.03338	0.02712	0.01241	0.08492	0.06356	0.07256	0.15707	0.06425	0.25786	0.04720	0.08615	0.01338	0.00666	0.00508	0.00156	0.00514	0.00567	0.00456	0.00734
12	0.00742	0.00540	0.00591	0.00584	0.00734	0.00494	0.00436	0.00946	0.04976	0.04352	0.08511	0.08739	0.46160	0.06601	0.02752	0.00203	0.00315	0.03429	0.08440	0.00455
13	0.01355	0.01194	0.04670	0.01296	0.11374	0.06566	0.02908	0.13336	0.19281	0.08252	0.07699	0.03144	0.02826	0.00642	0.00565	0.00153	0.05291	0.00522	0.00410	0.08517
14	0.00742	0.00559	0.00692	0.00657	0.00788	0.00534	0.00496	0.03399	0.03437	0.01862	0.54858	0.09122	0.15996	0.01076	0.00607	0.00164	0.01679	0.02335	0.00519	0.00480
15	0.77422	0.03519	0.00838	0.00707	0.01015	0.06843	0.00580	0.01504	0.00894	0.02131	0.00699	0.00816	0.00550	0.00465	0.00319	0.00151	0.00427	0.00273	0.00302	0.00546
16	0.05438	0.14319	0.03349	0.01215	0.05728	0.13800	0.05070	0.28214	0.01615	0.13548	0.02360	0.01191	0.00875	0.00541	0.00460	0.00142	0.00593	0.00413	0.00392	0.00738
17	0.00941	0.00886	0.01495	0.81285	0.03433	0.01107	0.01384	0.01274	0.00997	0.01274	0.00886	0.01329	0.00664	0.00498	0.00498	0.00166	0.00664	0.00443	0.00221	0.00554
18	0.00929	0.00465	0.00465	0.00465	0.00581	0.00465	0.00348	0.01161	0.01045	0.01858	0.01626	0.01858	0.01278	0.00581	0.00348	0.00116	0.00232	0.00465	0.85250	0.00465
19	0.01040	0.02119	0.54748	0.04326	0.11559	0.01153	0.12492	0.01540	0.01075	0.01568	0.00968	0.03409	0.00744	0.00494	0.00498	0.00160	0.00719	0.00441	0.00228	0.00719
20	0.00705	0.00510	0.00666	0.00627	0.00745	0.00470	0.00470	0.00941	0.01411	0.01999	0.79110	0.03723	0.04703	0.01019	0.00588	0.00157	0.00235	0.00901	0.00549	0.00470
21	0.01225	0.01142	0.03369	0.16991	0.07437	0.05479	0.09660	0.14316	0.18103	0.01876	0.04669	0.05859	0.03838	0.00646	0.00516	0.00161	0.00552	0.00569	0.02920	0.00671
22	0.04438	0.00675	0.00782	0.00714	0.00893	0.02105	0.00547	0.01349	0.12859	0.08963	0.48929	0.04881	0.09046	0.00929	0.00555	0.00160	0.00297	0.00800	0.00525	0.00552
23	0.01194	0.00919	0.02826	0.03136	0.14530	0.00772	0.00806	0.03367	0.01162	0.12539	0.05114	0.04256	0.06023	0.00569	0.00455	0.00120	0.00420	0.01685	0.00364	0.39744
24	0.56417	0.02609	0.01062	0.01009	0.07505	0.14323	0.02161	0.03636	0.01038	0.05195	0.00798	0.00916	0.00620	0.00478	0.00365	0.00149	0.00505	0.00313	0.00310	0.00592
25	0.04897	0.03579	0.01985	0.01512	0.03735	0.11094	0.33971	0.04897	0.01217	0.13254	0.01161	0.03032	0.00916	0.04673	0.00694	0.00176	0.05852	0.00521	0.02179	0.00654

[dist]
# distance from previous block
# <min> <max>
1	2

[block]
# block no. 7 follows, 50 sequences, length 18
# corresponding to MSA columns:
# 315-332
name=unknown_H
#
# <colnr> <probs for GDERKNQSTAVLIFYWHMCP>
#	G	D	E	R	K	N	Q	S	T	A	V	L	I	F	Y	W	H	M	C	P
0	0.01020	0.00850	0.01062	0.04629	0.11070	0.00876	0.00759	0.01663	0.27783	0.01857	0.19979	0.03383	0.04709	0.00706	0.00500	0.00148	0.00373	0.00610	0.06142	0.11881
1	0.01027	0.00986	0.01708	0.57473	0.22088	0.01135	0.05794	0.01355	0.01041	0.01379	0.00906	0.01306	0.00701	0.00480	0.00502	0.00162	0.00657	0.00452	0.00229	0.00619
2	0.00854	0.00777	0.01255	0.60713	0.02737	0.00930	0.01142	0.01128	0.01002	0.01280	0.01570	0.14919	0.08226	0.00742	0.00529	0.00172	0.00565	0.00658	0.00283	0.00517
3	0.71491	0.00944	0.00806	0.00696	0.01017	0.01051	0.00573	0.01632	0.00948	0.15660	0.00914	0.00963	0.00660	0.00489	0.00342	0.00154	0.00392	0.00310	0.00362	0.00593
4	0.01283	0.01187	0.10614	0.01011	0.01344	0.01123	0.00882	0.04690	0.52707	0.08579	0.01839	0.01793	0.01373	0.00649	0.00493	0.00163	0.00431	0.01835	0.07247	0.00758
5	0.00681	0.00509	0.00632	0.00601	0.00729	0.00460	0.00451	0.00892	0.01352	0.01859	0.63255	0.03953	0.20645	0.01071	0.00588	0.00159	0.00239	0.00934	0.00530	0.00460
6	0.00934	0.00735	0.01106	0.11328	0.14802	0.00765	0.00977	0.01224	0.04138	0.03407	0.02094	0.08987	0.02170	0.01073	0.00616	0.00202	0.00493	0.44004	0.00399	0.00547
7	0.00715	0.00521	0.00737	0.00737	0.00804	0.00588	0.00543	0.00849	0.00782	0.01109	0.01394	0.02284	0.01388	0.23415	0.61024	0.00722	0.01122	0.00582	0.00276	0.00409
8	0.00913	0.00825	0.00921	0.01023	0.11250	0.08644	0.00666	0.03249	0.04191	0.01718	0.34895	0.08970	0.18877	0.00958	0.00560	0.00159	0.00371	0.00827	0.00452	0.00531
9	0.86003	0.00964	0.00733	0.00655	0.00964	0.01118	0.00540	0.01465	0.00848	0.02236	0.00694	0.00810	0.00540	0.00463	0.00308	0.00154	0.00386	0.00270	0.00308	0.00540
10	0.01069	0.01313	0.18826	0.01391	0.14672	0.01008	0.02632	0.03951	0.16272	0.01673	0.01344	0.09379	0.01173	0.01902	0.04572	0.00187	0.02735	0.00533	0.00328	0.15040
11	0.00997	0.00754	0.00856	0.00801	0.01000	0.00791	0.00613	0.01678	0.33066	0.06868	0.19556	0.13187	0.13964	0.00967	0.00558	0.00171	0.00328	0.02724	0.00510	0.00610
12	0.01179	0.29406	0.37357	0.01264	0.06143	0.03793	0.01336	0.01535	0.01043	0.02955	0.00860	0.01019	0.00682	0.00489	0.00491	0.00141	0.05732	0.00347	0.03545	0.00682
13	0.22752	0.00704	0.03422	0.00624	0.00745	0.00699	0.00443	0.01026	0.03702	0.01398	0.04366	0.02517	0.01544	0.52187	0.01737	0.00362	0.00454	0.00596	0.00318	0.00403
14	0.01272	0.01166	0.01792	0.02573	0.61293	0.05646	0.01348	0.03001	0.01177	0.05389	0.01170	0.06823	0.01053	0.00571	0.00509	0.00154	0.00575	0.03454	0.00293	0.00743
15	0.01250	0.04953	0.05294	0.03310	0.11508	0.07223	0.00878	0.10898	0.01250	0.03316	0.01083	0.01214	0.03520	0.00467	0.00425	0.00110	0.00493	0.00373	0.00314	0.42121
16	0.81769	0.01035	0.00767	0.00687	0.00993	0.05112	0.00561	0.01492	0.00877	0.02185	0.00698	0.00814	0.00545	0.00465	0.00316	0.00153	0.00411	0.00272	0.00306	0.00542
17	0.00813	0.00623	0.00773	0.00769	0.00845	0.03710	0.00570	0.02934	0.00953	0.01277	0.08391	0.16704	0.06481	0.09014	0.22037	0.13062	0.05402	0.04881	0.00346	0.00415

[dist]
# distance from previous block
# <min> <max>
0	1

[block]
# block no. 8 follows, 50 sequences, length 52
# corresponding to MSA columns:
# 334-349,372-407
name=unknown_I
#
# <colnr> <probs for GDERKNQSTAVLIFYWHMCP>
#	G	D	E	R	K	N	Q	S	T	A	V	L	I	F	Y	W	H	M	C	P
0	0.00838	0.00443	0.00629	0.00629	0.00629	0.00443	0.00407	0.00664	0.00664	0.00886	0.01004	0.01859	0.01052	0.17609	0.02064	0.68782	0.00443	0.00490	0.00233	0.00233
1	0.00651	0.00504	0.00588	0.00573	0.00706	0.00447	0.00424	0.00826	0.01252	0.01653	0.41310	0.06979	0.37317	0.03769	0.00653	0.00174	0.00253	0.00980	0.00500	0.00441
2	0.86003	0.00964	0.00733	0.00655	0.00964	0.01118	0.00540	0.01465	0.00848	0.02236	0.00694	0.00810	0.00540	0.00463	0.00308	0.00154	0.00386	0.00270	0.00308	0.00540
3	0.00685	0.00507	0.00639	0.00610	0.00733	0.00461	0.00456	0.00899	0.01356	0.01877	0.65479	0.05999	0.16309	0.01072	0.00589	0.00160	0.00239	0.00939	0.00533	0.00461
4	0.01197	0.01239	0.05864	0.11147	0.47933	0.01192	0.16031	0.01525	0.01116	0.03337	0.00956	0.01261	0.00767	0.00467	0.00556	0.00157	0.03804	0.00469	0.00251	0.00731
5	0.00709	0.00523	0.00760	0.00765	0.00841	0.00596	0.00577	0.00861	0.00799	0.01139	0.01429	0.05845	0.01410	0.13122	0.67401	0.00735	0.01184	0.00598	0.00280	0.00426
6	0.01333	0.82783	0.02612	0.00853	0.01279	0.01972	0.00853	0.01493	0.01013	0.01173	0.00693	0.00800	0.00640	0.00426	0.00320	0.00107	0.00533	0.00267	0.00213	0.00640
7	0.00981	0.02478	0.76189	0.01387	0.02090	0.01122	0.01777	0.01537	0.01048	0.01564	0.00981	0.04847	0.00756	0.00524	0.00481	0.00160	0.00716	0.00417	0.00222	0.00721
8	0.01034	0.00886	0.01034	0.00738	0.01181	0.00664	0.00591	0.01255	0.01034	0.01624	0.00886	0.01034	0.00738	0.00369	0.00369	0.00074	0.00369	0.00295	0.00295	0.85530
9	0.00652	0.00477	0.00641	0.03300	0.00823	0.00470	0.00508	0.00755	0.00968	0.01299	0.07139	0.63568	0.03101	0.07915	0.00805	0.00222	0.02165	0.04337	0.00442	0.00411
10	0.86003	0.00964	0.00733	0.00655	0.00964	0.01118	0.00540	0.01465	0.00848	0.02236	0.00694	0.00810	0.00540	0.00463	0.00308	0.00154	0.00386	0.00270	0.00308	0.00540
11	0.01190	0.01128	0.01910	0.02856	0.72804	0.01125	0.01441	0.01481	0.01158	0.01659	0.07469	0.01442	0.01117	0.00492	0.00501	0.00149	0.00562	0.00482	0.00272	0.00763
12	0.01695	0.02098	0.01437	0.01289	0.01491	0.63413	0.00991	0.01819	0.01272	0.01216	0.00745	0.00940	0.00645	0.00591	0.00706	0.00148	0.18339	0.00346	0.00248	0.00571
13	0.01422	0.69238	0.02410	0.00926	0.01323	0.15197	0.00871	0.01576	0.01080	0.01181	0.00706	0.00816	0.00640	0.00441	0.00342	0.00110	0.00595	0.00276	0.00221	0.00629
14	0.86003	0.00964	0.00733	0.00655	0.00964	0.01118	0.00540	0.01465	0.00848	0.02236	0.00694	0.00810	0.00540	0.00463	0.00308	0.00154	0.00386	0.00270	0.00308	0.00540
15	0.01690	0.01313	0.02876	0.01101	0.01470	0.01434	0.00909	0.55634	0.21113	0.02816	0.01408	0.01376	0.01022	0.00615	0.00496	0.00154	0.00506	0.00476	0.02772	0.00821
16	0.00821	0.00537	0.00698	0.00650	0.00786	0.00495	0.00493	0.01037	0.01349	0.07861	0.62130	0.03627	0.07946	0.04440	0.02352	0.00187	0.00291	0.03283	0.00531	0.00489
17	0.10858	0.14438	0.10463	0.01345	0.11946	0.22809	0.02431	0.04838	0.01235	0.11886	0.01010	0.02844	0.00796	0.00519	0.00438	0.00140	0.00634	0.00387	0.00311	0.00674
18	0.80519	0.02465	0.00827	0.00771	0.04616	0.01137	0.00592	0.01469	0.00865	0.02189	0.00705	0.00829	0.00553	0.00461	0.00317	0.00153	0.00398	0.00278	0.00304	0.00553
19	0.01195	0.01178	0.03845	0.04781	0.67402	0.01152	0.02901	0.01542	0.04155	0.01653	0.04615	0.01374	0.00992	0.00482	0.00500	0.00150	0.00578	0.00471	0.00269	0.00765
20	0.01065	0.00958	0.01551	0.61050	0.09857	0.01136	0.03644	0.04360	0.06710	0.03380	0.01016	0.01364	0.00762	0.00511	0.00501	0.00164	0.00633	0.00458	0.00266	0.00614
21	0.00712	0.00534	0.00801	0.00801	0.00890	0.00623	0.00623	0.00890	0.00801	0.01157	0.01335	0.01958	0.01246	0.03738	0.80507	0.00801	0.01335	0.00534	0.00267	0.00445
22	0.00725	0.00483	0.00544	0.00544	0.00544	0.00483	0.00302	0.00725	0.00725	0.00966	0.01571	0.03262	0.01812	0.82483	0.02537	0.00483	0.00483	0.00725	0.00302	0.00302
23	0.01100	0.11339	0.49007	0.01252	0.01826	0.01253	0.02911	0.03554	0.16587	0.01686	0.04004	0.01293	0.00969	0.00531	0.00470	0.00154	0.00624	0.00422	0.00290	0.00728
24	0.00929	0.00465	0.00465	0.00465	0.00581	0.00465	0.00348	0.01161	0.01045	0.01858	0.01626	0.01858	0.01278	0.00581	0.00348	0.00116	0.00232	0.00465	0.85250	0.00465
25	0.03834	0.01180	0.13589	0.04782	0.01577	0.00846	0.09978	0.01416	0.02230	0.06673	0.01081	0.04893	0.00894	0.01923	0.00477	0.00125	0.00499	0.00424	0.00306	0.43274
26	0.01207	0.06963	0.01199	0.00844	0.01223	0.05790	0.01727	0.01415	0.01106	0.09428	0.02354	0.01531	0.01025	0.00521	0.00453	0.00108	0.02614	0.07065	0.00335	0.53093
27	0.01343	0.01403	0.01854	0.05688	0.58711	0.17056	0.01385	0.01605	0.01182	0.01533	0.00901	0.01165	0.00754	0.00458	0.00481	0.00143	0.00650	0.00415	0.00249	0.03024
28	0.00712	0.00534	0.00801	0.00801	0.00890	0.00623	0.00623	0.00890	0.00801	0.01157	0.01335	0.01958	0.01246	0.03738	0.80507	0.00801	0.01335	0.00534	0.00267	0.00445
29	0.86003	0.00964	0.00733	0.00655	0.00964	0.01118	0.00540	0.01465	0.00848	0.02236	0.00694	0.00810	0.00540	0.00463	0.00308	0.00154	0.00386	0.00270	0.00308	0.00540
30	0.41988	0.00945	0.00968	0.00792	0.01130	0.00989	0.00651	0.09791	0.01247	0.31210	0.04868	0.01316	0.01024	0.00560	0.00413	0.00154	0.00410	0.00404	0.00455	0.00684
31	0.00725	0.00483	0.00544	0.00544	0.00544	0.00483	0.00302	0.00725	0.00725	0.00966	0.01571	0.03262	0.01812	0.82483	0.02537	0.00483	0.00483	0.00725	0.00302	0.00302
32	0.00712	0.00520	0.00671	0.00634	0.00754	0.00485	0.00475	0.00968	0.03064	0.01972	0.74239	0.05081	0.06488	0.01027	0.00587	0.00158	0.00240	0.00907	0.00544	0.00475
33	0.01253	0.01094	0.01803	0.14400	0.56313	0.01125	0.01386	0.04781	0.01176	0.06508	0.01086	0.04888	0.00913	0.00520	0.00501	0.00154	0.00577	0.00491	0.00287	0.00743
34	0.01094	0.00895	0.01046	0.00755	0.01188	0.00694	0.00605	0.04012	0.01100	0.04055	0.02623	0.01118	0.00843	0.00399	0.00383	0.00081	0.00374	0.00320	0.00318	0.78098
35	0.03073	0.01025	0.03563	0.01326	0.09579	0.01004	0.13484	0.12157	0.10385	0.11474	0.07648	0.10082	0.06358	0.00764	0.00576	0.00168	0.02886	0.03350	0.00424	0.00674
36	0.01356	0.12217	0.01424	0.01020	0.01266	0.09567	0.04608	0.09855	0.08967	0.10863	0.06007	0.01602	0.01225	0.05566	0.09454	0.01801	0.10233	0.00486	0.01858	0.00625
37	0.00687	0.00505	0.00643	0.00616	0.00735	0.00461	0.00459	0.00902	0.01357	0.01888	0.66765	0.07520	0.13458	0.01073	0.00590	0.00160	0.00240	0.00943	0.00535	0.00461
38	0.01124	0.01405	0.20794	0.01333	0.09614	0.04143	0.04469	0.01844	0.27556	0.03576	0.05674	0.04800	0.01507	0.02489	0.00568	0.00175	0.00536	0.07320	0.00380	0.00694
39	0.00820	0.00551	0.00689	0.00648	0.00793	0.00514	0.00495	0.01084	0.04522	0.06615	0.53716	0.05156	0.13186	0.01012	0.00572	0.00160	0.00265	0.03795	0.04908	0.00498
40	0.86003	0.00964	0.00733	0.00655	0.00964	0.01118	0.00540	0.01465	0.00848	0.02236	0.00694	0.00810	0.00540	0.00463	0.00308	0.00154	0.00386	0.00270	0.00308	0.00540
41	0.01330	0.77075	0.06177	0.00890	0.01327	0.03865	0.00902	0.01509	0.01024	0.01193	0.00704	0.00814	0.00639	0.00431	0.00330	0.00110	0.00552	0.00273	0.00214	0.00643
42	0.00723	0.00490	0.00580	0.00580	0.00592	0.00503	0.00347	0.00748	0.00736	0.00993	0.01537	0.03078	0.01732	0.71401	0.13510	0.00528	0.00603	0.00698	0.00297	0.00322
43	0.01034	0.00886	0.01034	0.00738	0.01181	0.00664	0.00591	0.01255	0.01034	0.01624	0.00886	0.01034	0.00738	0.00369	0.00369	0.00074	0.00369	0.00295	0.00295	0.85530
44	0.00985	0.02290	0.67447	0.01311	0.01982	0.01068	0.01638	0.01501	0.01046	0.01569	0.00980	0.04845	0.00768	0.00513	0.00470	0.00151	0.00675	0.00409	0.00232	0.10119
45	0.00931	0.06390	0.58542	0.01221	0.01796	0.01038	0.01484	0.01383	0.01040	0.01495	0.01431	0.13814	0.05965	0.00689	0.00498	0.00163	0.00626	0.00568	0.00265	0.00660
46	0.05732	0.45302	0.12772	0.01024	0.03739	0.07207	0.00969	0.07980	0.01141	0.01466	0.00906	0.04770	0.00825	0.03705	0.00471	0.00142	0.00569	0.00377	0.00261	0.00642
47	0.00831	0.15157	0.01024	0.00711	0.00864	0.00808	0.00549	0.01003	0.04212	0.01213	0.01924	0.12513	0.11148	0.19442	0.23020	0.00401	0.00666	0.00697	0.00325	0.03491
48	0.27957	0.19568	0.11668	0.00912	0.02464	0.08447	0.00833	0.05551	0.02878	0.01716	0.00939	0.02484	0.00812	0.07301	0.00555	0.00168	0.00523	0.00372	0.04260	0.00592
49	0.00804	0.16586	0.04117	0.00815	0.02756	0.00777	0.00635	0.00942	0.00998	0.01308	0.05737	0.47832	0.02574	0.05417	0.00665	0.00195	0.00381	0.06594	0.00395	0.00474
50	0.04854	0.49032	0.18673	0.01039	0.01497	0.09939	0.02677	0.01546	0.01065	0.01330	0.00826	0.01063	0.00723	0.00484	0.00385	0.00128	0.00612	0.03251	0.00232	0.00643
51	0.05078	0.37450	0.33287	0.01045	0.01551	0.01428	0.01187	0.01436	0.01022	0.01400	0.01107	0.06776	0.04223	0.00563	0.00415	0.00139	0.00579	0.00422	0.00245	0.00648

[dist]
# distance from previous block
# <min> <max>
0	8

# created by:
# /home/cegg/simao/soft/augustus-3.2.1/scripts/msa2prfl.pl ./align_prep/EOG091G0M22.fa
