[name]
unknown

[dist]
# distance from previous block
# <min> <max>
0	164

[block]
# block no. 0 follows, 44 sequences, length 6
# corresponding to MSA columns:
# 190-195
name=unknown_A
#
# <colnr> <probs for GDERKNQSTAVLIFYWHMCP>
#	G	D	E	R	K	N	Q	S	T	A	V	L	I	F	Y	W	H	M	C	P
0	0.01169	0.11121	0.14857	0.05833	0.03325	0.01121	0.05397	0.03902	0.10862	0.04001	0.09353	0.07959	0.01684	0.02432	0.00667	0.04589	0.00546	0.02788	0.02386	0.06009
1	0.03361	0.01429	0.15477	0.15836	0.07161	0.05619	0.09327	0.03768	0.01223	0.08507	0.03591	0.01713	0.02889	0.06887	0.03324	0.00220	0.03084	0.00529	0.00329	0.05728
2	0.10152	0.08885	0.14370	0.04740	0.09740	0.07388	0.01088	0.03476	0.06748	0.05276	0.01469	0.10208	0.03886	0.00691	0.00501	0.00160	0.00573	0.00560	0.00354	0.09736
3	0.04585	0.10973	0.12077	0.04088	0.03495	0.08777	0.04208	0.06122	0.06533	0.15472	0.01462	0.06334	0.01201	0.00954	0.06584	0.00224	0.03102	0.02684	0.00394	0.00731
4	0.00881	0.03311	0.00761	0.00707	0.00858	0.00599	0.00526	0.01105	0.05158	0.06199	0.11134	0.25718	0.25555	0.05039	0.00723	0.00205	0.00334	0.03736	0.06934	0.00517
5	0.06532	0.10344	0.01729	0.26678	0.15768	0.01265	0.04509	0.01606	0.05183	0.05644	0.01216	0.04888	0.01005	0.00614	0.00566	0.00170	0.04338	0.00516	0.06748	0.00683

[dist]
# distance from previous block
# <min> <max>
0	1

[block]
# block no. 1 follows, 44 sequences, length 16
# corresponding to MSA columns:
# 197-212
name=unknown_B
#
# <colnr> <probs for GDERKNQSTAVLIFYWHMCP>
#	G	D	E	R	K	N	Q	S	T	A	V	L	I	F	Y	W	H	M	C	P
0	0.03699	0.34830	0.40621	0.03612	0.03990	0.01630	0.01505	0.01673	0.01127	0.01557	0.00882	0.01044	0.00697	0.00496	0.00445	0.00150	0.00696	0.00359	0.00236	0.00752
1	0.00866	0.06869	0.10931	0.00970	0.01190	0.00797	0.04178	0.01166	0.06456	0.01516	0.02522	0.46608	0.06491	0.01373	0.02600	0.00219	0.00468	0.03788	0.00438	0.00556
2	0.01793	0.01383	0.01510	0.01400	0.10865	0.07108	0.00992	0.44650	0.01994	0.07183	0.01475	0.01738	0.03469	0.10974	0.00831	0.00210	0.00607	0.00543	0.00471	0.00806
3	0.06366	0.08920	0.11137	0.01300	0.04357	0.13473	0.04567	0.09483	0.11661	0.03055	0.10933	0.01633	0.01443	0.00683	0.00646	0.00169	0.08561	0.00515	0.00380	0.00719
4	0.00836	0.00626	0.00884	0.00929	0.01052	0.00608	0.04113	0.01035	0.01181	0.01538	0.05286	0.13976	0.10158	0.11670	0.00988	0.00271	0.00474	0.43422	0.00474	0.00480
5	0.12545	0.01374	0.01440	0.01121	0.01542	0.01490	0.00920	0.52107	0.07199	0.03028	0.01259	0.01282	0.00919	0.00611	0.00502	0.00156	0.00542	0.00454	0.00492	0.11020
6	0.00808	0.06506	0.00762	0.00634	0.00696	0.00630	0.00407	0.00850	0.00904	0.01168	0.02291	0.12830	0.11768	0.55137	0.02071	0.00417	0.00475	0.00893	0.00367	0.00388
7	0.09766	0.02162	0.52545	0.01296	0.01921	0.01137	0.03049	0.01703	0.02908	0.04329	0.01146	0.01307	0.00834	0.00543	0.00483	0.00166	0.00665	0.00422	0.12876	0.00742
8	0.01247	0.30912	0.42224	0.01416	0.02070	0.01600	0.10160	0.01695	0.01151	0.01569	0.00913	0.01088	0.00710	0.00493	0.00472	0.00154	0.00739	0.00391	0.00237	0.00759
9	0.00780	0.00611	0.00745	0.03262	0.00983	0.00605	0.00596	0.01093	0.10819	0.01547	0.03409	0.43837	0.20182	0.01453	0.00666	0.00210	0.00352	0.07835	0.00504	0.00511
10	0.01051	0.11286	0.01969	0.01408	0.01713	0.01078	0.29306	0.01328	0.01208	0.01609	0.08454	0.22969	0.02182	0.00977	0.00659	0.00193	0.02485	0.09137	0.00384	0.00604
11	0.01439	0.16400	0.05826	0.06276	0.31691	0.01396	0.11064	0.05094	0.01292	0.08642	0.01165	0.03462	0.00945	0.00544	0.00518	0.00159	0.00646	0.00501	0.02150	0.00789
12	0.00675	0.00501	0.00633	0.00726	0.00797	0.00459	0.00506	0.00794	0.01117	0.01456	0.06881	0.58144	0.18590	0.01605	0.00686	0.00213	0.00314	0.04941	0.00510	0.00452
13	0.01261	0.01224	0.02164	0.13529	0.29983	0.01256	0.22572	0.01781	0.10908	0.01798	0.01249	0.01538	0.00976	0.00531	0.00560	0.00171	0.00680	0.00549	0.06505	0.00763
14	0.03500	0.19729	0.21836	0.01654	0.13505	0.16652	0.05247	0.08636	0.01365	0.01736	0.00942	0.01112	0.00748	0.00519	0.00484	0.00152	0.00744	0.00399	0.00281	0.00759
15	0.01424	0.05152	0.10796	0.06455	0.35028	0.01411	0.14893	0.14571	0.01456	0.02014	0.01069	0.01326	0.00834	0.00516	0.00549	0.00166	0.00707	0.00497	0.00311	0.00824

[dist]
# distance from previous block
# <min> <max>
0	9

[block]
# block no. 2 follows, 44 sequences, length 16
# corresponding to MSA columns:
# 247-262
name=unknown_C
#
# <colnr> <probs for GDERKNQSTAVLIFYWHMCP>
#	G	D	E	R	K	N	Q	S	T	A	V	L	I	F	Y	W	H	M	C	P
0	0.04797	0.00584	0.00674	0.00679	0.00810	0.00554	0.00492	0.01003	0.04381	0.01775	0.29492	0.21473	0.22234	0.05771	0.00752	0.00206	0.00306	0.01085	0.02441	0.00492
1	0.70022	0.01186	0.03212	0.07855	0.01371	0.05604	0.00742	0.01620	0.00984	0.02267	0.00789	0.00950	0.00612	0.00513	0.00370	0.00168	0.00492	0.00319	0.00322	0.00601
2	0.01523	0.02376	0.01349	0.01114	0.01446	0.01172	0.05055	0.14566	0.31217	0.13216	0.02012	0.08872	0.01649	0.00811	0.00568	0.00179	0.00484	0.05374	0.02187	0.04828
3	0.01290	0.01235	0.02107	0.17368	0.63878	0.01280	0.01644	0.01622	0.01214	0.01710	0.01015	0.01368	0.00838	0.00497	0.00541	0.00166	0.00662	0.00486	0.00265	0.00816
4	0.01362	0.00886	0.01223	0.07505	0.13076	0.00883	0.00898	0.04376	0.09382	0.19421	0.18208	0.07541	0.08623	0.00888	0.00592	0.00178	0.00447	0.03285	0.00514	0.00713
5	0.00815	0.00595	0.00827	0.00817	0.00894	0.00678	0.00612	0.00975	0.00908	0.01323	0.04471	0.04407	0.01648	0.17129	0.51076	0.00688	0.04919	0.00651	0.06103	0.00466
6	0.01708	0.06891	0.01955	0.02067	0.26417	0.41895	0.06117	0.01931	0.01386	0.01503	0.00911	0.01133	0.00763	0.00534	0.00539	0.00151	0.02695	0.00413	0.00273	0.00718
7	0.01334	0.01859	0.24516	0.03818	0.10631	0.07952	0.25762	0.04453	0.04917	0.04016	0.01208	0.04846	0.00960	0.00573	0.00571	0.00175	0.00782	0.00557	0.00306	0.00764
8	0.01415	0.00877	0.03982	0.00907	0.01185	0.00787	0.00749	0.04451	0.11706	0.25489	0.15437	0.10344	0.11537	0.01011	0.00609	0.00186	0.00410	0.07644	0.00571	0.00702
9	0.01055	0.00667	0.00829	0.00803	0.00975	0.00639	0.00613	0.01380	0.09339	0.12985	0.20539	0.19531	0.13538	0.04998	0.00745	0.00211	0.00363	0.09659	0.00550	0.00580
10	0.08583	0.00790	0.00976	0.00878	0.01031	0.02700	0.04141	0.03956	0.02578	0.08589	0.01624	0.08355	0.01593	0.27695	0.18408	0.00447	0.03652	0.00686	0.02795	0.00526
11	0.57405	0.01150	0.03250	0.03357	0.10394	0.01237	0.02365	0.07715	0.01125	0.02334	0.00964	0.04840	0.00808	0.00574	0.00413	0.00171	0.00488	0.00410	0.00348	0.00653
12	0.03511	0.06947	0.05213	0.02811	0.13962	0.10694	0.01050	0.09680	0.12761	0.07001	0.09041	0.01831	0.05114	0.00691	0.00588	0.00164	0.04331	0.00548	0.00412	0.03652
13	0.01486	0.07510	0.01902	0.07208	0.26189	0.05294	0.06493	0.17212	0.06255	0.03540	0.01289	0.05214	0.01086	0.00624	0.00539	0.00163	0.00626	0.02271	0.00369	0.04729
14	0.03459	0.05772	0.04915	0.07404	0.18012	0.02601	0.03765	0.14799	0.09668	0.04815	0.04969	0.04436	0.01284	0.03752	0.00637	0.00177	0.01831	0.00550	0.00391	0.06764
15	0.05396	0.03877	0.08241	0.09847	0.18678	0.03101	0.06282	0.06917	0.02440	0.10636	0.07213	0.02814	0.02320	0.02950	0.00601	0.00175	0.00596	0.01703	0.00377	0.05835

[dist]
# distance from previous block
# <min> <max>
1	30

[block]
# block no. 3 follows, 44 sequences, length 24
# corresponding to MSA columns:
# 297-316,332-335
name=unknown_D
#
# <colnr> <probs for GDERKNQSTAVLIFYWHMCP>
#	G	D	E	R	K	N	Q	S	T	A	V	L	I	F	Y	W	H	M	C	P
0	0.01375	0.05997	0.06570	0.04390	0.23074	0.05388	0.08368	0.01741	0.05733	0.10239	0.03225	0.03175	0.06615	0.01890	0.00570	0.00163	0.00598	0.00557	0.00363	0.09970
1	0.01432	0.03537	0.03978	0.01822	0.22313	0.10402	0.06875	0.08504	0.17313	0.04273	0.02686	0.08891	0.01419	0.00726	0.00564	0.00174	0.00614	0.03302	0.00402	0.00771
2	0.02588	0.12073	0.16789	0.01335	0.07777	0.09370	0.04381	0.04457	0.05267	0.06642	0.11401	0.01737	0.01488	0.04688	0.00652	0.00175	0.02236	0.00517	0.00361	0.06064
3	0.01049	0.00762	0.00941	0.03388	0.06032	0.00791	0.00651	0.04894	0.11975	0.04684	0.05600	0.08365	0.02077	0.38063	0.01610	0.00346	0.00498	0.05983	0.00418	0.01873
4	0.01295	0.03636	0.01905	0.04103	0.45956	0.02789	0.06334	0.05126	0.01318	0.01884	0.08518	0.01673	0.01326	0.00580	0.00555	0.00161	0.02011	0.00539	0.09526	0.00765
5	0.01195	0.00984	0.01592	0.52175	0.08347	0.01132	0.04043	0.05057	0.01256	0.07358	0.07843	0.01719	0.01208	0.00606	0.00552	0.00176	0.00646	0.00541	0.02912	0.00657
6	0.01313	0.06592	0.17292	0.02762	0.08669	0.01044	0.03829	0.05411	0.06652	0.14154	0.03229	0.22048	0.02892	0.00891	0.00573	0.00181	0.00541	0.00776	0.00430	0.00723
7	0.04888	0.06792	0.01682	0.01414	0.04720	0.45682	0.04983	0.13422	0.01569	0.01725	0.00969	0.01202	0.00811	0.04639	0.00651	0.00170	0.03266	0.00415	0.00322	0.00679
8	0.01346	0.05141	0.02095	0.02919	0.64031	0.04417	0.01507	0.01636	0.01220	0.01702	0.01038	0.01416	0.00904	0.04555	0.00637	0.00174	0.00643	0.00481	0.00274	0.03862
9	0.01821	0.02071	0.01578	0.01503	0.07470	0.48564	0.01087	0.12648	0.01562	0.01675	0.01019	0.05110	0.00896	0.00673	0.00664	0.00161	0.10036	0.00457	0.00325	0.00679
10	0.11604	0.00971	0.01493	0.59941	0.05164	0.01167	0.01336	0.01483	0.01106	0.05617	0.01092	0.01608	0.00853	0.00588	0.00528	0.00182	0.00662	0.03693	0.00289	0.00623
11	0.01130	0.00969	0.01130	0.00807	0.01292	0.00727	0.00646	0.01373	0.01130	0.01776	0.00969	0.01130	0.00807	0.00404	0.00404	0.00081	0.00404	0.00323	0.00323	0.84173
12	0.00971	0.01094	0.10378	0.33972	0.04796	0.00995	0.08657	0.01307	0.01161	0.01561	0.08112	0.17223	0.01811	0.00859	0.00601	0.00191	0.00620	0.04745	0.00342	0.00605
13	0.01093	0.02820	0.78016	0.01554	0.02360	0.01266	0.02014	0.01727	0.01151	0.01727	0.00978	0.01151	0.00691	0.00518	0.00518	0.00173	0.00806	0.00403	0.00230	0.00806
14	0.00877	0.00834	0.06247	0.01090	0.05225	0.00706	0.04410	0.01155	0.03528	0.01584	0.03066	0.12433	0.18481	0.05323	0.00788	0.00232	0.00483	0.32545	0.00454	0.00541
15	0.01940	0.01457	0.01563	0.01216	0.01638	0.01606	0.00997	0.63116	0.11883	0.03216	0.01409	0.01393	0.01015	0.00654	0.00540	0.00163	0.00570	0.00499	0.00537	0.04586
16	0.02178	0.01287	0.01479	0.01141	0.01566	0.01343	0.00940	0.44952	0.05710	0.31114	0.01666	0.01547	0.01120	0.00666	0.00547	0.00167	0.00541	0.00518	0.00594	0.00924
17	0.01334	0.01280	0.02185	0.06976	0.73929	0.01291	0.01666	0.01660	0.01234	0.01763	0.01023	0.01354	0.00857	0.00489	0.00540	0.00163	0.00651	0.00486	0.00269	0.00851
18	0.01172	0.01118	0.01691	0.17156	0.23403	0.05012	0.09583	0.04181	0.03444	0.01743	0.08644	0.02297	0.11218	0.00728	0.00599	0.00175	0.02024	0.02900	0.02230	0.00681
19	0.01182	0.01075	0.01697	0.24543	0.09313	0.01036	0.11883	0.01496	0.01159	0.03820	0.01023	0.01317	0.00806	0.00479	0.00522	0.00138	0.02008	0.00442	0.00296	0.35767
20	0.03331	0.00724	0.00840	0.03623	0.01018	0.04742	0.00602	0.01201	0.01485	0.05825	0.58730	0.03627	0.06836	0.01026	0.00615	0.00170	0.00337	0.02290	0.00555	0.02424
21	0.01295	0.01092	0.01202	0.02365	0.02932	0.04433	0.00742	0.10390	0.06964	0.03493	0.01329	0.01518	0.03746	0.04796	0.00579	0.00134	0.00470	0.00432	0.00377	0.51709
22	0.02964	0.00860	0.03840	0.11464	0.06596	0.00829	0.00779	0.06098	0.02611	0.10619	0.04099	0.06312	0.06651	0.32312	0.01434	0.00315	0.00531	0.00718	0.00398	0.00566
23	0.02364	0.04504	0.02302	0.00963	0.06263	0.00691	0.00652	0.01060	0.03809	0.03115	0.05016	0.41365	0.04345	0.11495	0.06971	0.00294	0.00486	0.02377	0.01413	0.00514

[dist]
# distance from previous block
# <min> <max>
4	10

[block]
# block no. 4 follows, 44 sequences, length 15
# corresponding to MSA columns:
# 348-362
name=unknown_E
#
# <colnr> <probs for GDERKNQSTAVLIFYWHMCP>
#	G	D	E	R	K	N	Q	S	T	A	V	L	I	F	Y	W	H	M	C	P
0	0.01385	0.01367	0.05568	0.05781	0.52003	0.05900	0.01488	0.01750	0.04959	0.05629	0.01201	0.04886	0.01020	0.00591	0.00598	0.00169	0.04052	0.00530	0.00312	0.00810
1	0.01253	0.04032	0.08068	0.06099	0.24984	0.01118	0.04883	0.01741	0.11318	0.05879	0.09441	0.01870	0.01497	0.00727	0.02859	0.00182	0.00588	0.02586	0.00372	0.10502
2	0.01108	0.03758	0.05397	0.08449	0.07912	0.00879	0.09192	0.01412	0.02640	0.09132	0.24862	0.08727	0.05700	0.03585	0.00679	0.00192	0.00498	0.04798	0.00452	0.00630
3	0.02780	0.01083	0.01233	0.14321	0.01674	0.08193	0.00882	0.06209	0.05644	0.08475	0.04130	0.07868	0.02934	0.06040	0.02561	0.00200	0.06455	0.00585	0.00386	0.18348
4	0.01196	0.00996	0.01654	0.63168	0.03334	0.01178	0.05124	0.04001	0.01197	0.08200	0.01163	0.01662	0.00884	0.00592	0.00558	0.00183	0.00701	0.03261	0.00302	0.00647
5	0.01458	0.81168	0.02857	0.00933	0.01399	0.02157	0.00933	0.01632	0.01108	0.01283	0.00758	0.00875	0.00700	0.00466	0.00350	0.00117	0.00583	0.00292	0.00233	0.00700
6	0.01130	0.00969	0.01130	0.00807	0.01292	0.00727	0.00646	0.01373	0.01130	0.01776	0.00969	0.01130	0.00807	0.00404	0.00404	0.00081	0.00404	0.00323	0.00323	0.84173
7	0.01030	0.00969	0.01635	0.79530	0.03755	0.01211	0.01514	0.01393	0.01090	0.01393	0.00969	0.01453	0.00727	0.00545	0.00545	0.00182	0.00727	0.00484	0.00242	0.00606
8	0.00792	0.00532	0.00613	0.00613	0.00619	0.00539	0.00353	0.00805	0.00798	0.01071	0.01701	0.03475	0.01942	0.75828	0.07732	0.00551	0.00589	0.00779	0.00328	0.00341
9	0.04167	0.64293	0.12564	0.01023	0.01528	0.01987	0.01068	0.05359	0.01181	0.01487	0.00814	0.00933	0.00706	0.00484	0.00381	0.00128	0.00608	0.00316	0.00252	0.00721
10	0.03754	0.26633	0.18757	0.01126	0.01614	0.08020	0.01121	0.14954	0.01393	0.01845	0.00999	0.01227	0.00831	0.05763	0.00598	0.00164	0.00641	0.00393	0.00312	0.09852
11	0.08216	0.00769	0.01070	0.14156	0.03822	0.03081	0.05646	0.01090	0.01087	0.01528	0.02212	0.47102	0.02487	0.01246	0.00627	0.00205	0.00472	0.04242	0.00418	0.00523
12	0.01473	0.00919	0.01066	0.00876	0.01137	0.00957	0.03956	0.25468	0.01615	0.08861	0.01623	0.01893	0.01267	0.07680	0.00670	0.00180	0.00438	0.00537	0.38710	0.00674
13	0.77382	0.08090	0.00982	0.00736	0.01085	0.01305	0.00620	0.01605	0.00944	0.02344	0.00759	0.00885	0.00600	0.00503	0.00338	0.00164	0.00436	0.00295	0.00328	0.00600
14	0.01280	0.12228	0.29205	0.01503	0.10450	0.03099	0.01385	0.06407	0.16281	0.01838	0.01367	0.01487	0.03223	0.00762	0.04027	0.00199	0.03668	0.00478	0.00332	0.00781

[dist]
# distance from previous block
# <min> <max>
5	15

[block]
# block no. 5 follows, 44 sequences, length 25
# corresponding to MSA columns:
# 379-403
name=unknown_F
#
# <colnr> <probs for GDERKNQSTAVLIFYWHMCP>
#	G	D	E	R	K	N	Q	S	T	A	V	L	I	F	Y	W	H	M	C	P
0	0.00804	0.00550	0.00645	0.04384	0.00746	0.00561	0.00387	0.00822	0.00807	0.01073	0.01682	0.03466	0.01922	0.76986	0.02668	0.00512	0.00538	0.00778	0.00326	0.00344
1	0.01351	0.07233	0.14853	0.12674	0.27780	0.05301	0.01467	0.10531	0.01335	0.01812	0.01054	0.01389	0.00860	0.00723	0.04042	0.00199	0.04527	0.01807	0.00294	0.00767
2	0.01425	0.04230	0.07912	0.14327	0.31659	0.12910	0.07047	0.06899	0.01328	0.01724	0.00987	0.01278	0.00794	0.00541	0.00596	0.00167	0.04670	0.00464	0.00281	0.00761
3	0.01806	0.03570	0.05176	0.03231	0.01675	0.21405	0.01036	0.25427	0.21927	0.07042	0.01448	0.01439	0.01071	0.00641	0.00528	0.00163	0.00658	0.00483	0.00458	0.00814
4	0.00791	0.00599	0.00886	0.00879	0.00969	0.00702	0.00680	0.00975	0.00871	0.01258	0.01451	0.02179	0.01373	0.07442	0.73130	0.00843	0.03608	0.00590	0.00292	0.00483
5	0.03530	0.03263	0.04395	0.06164	0.16492	0.03180	0.07957	0.25674	0.02949	0.14754	0.01363	0.01546	0.01014	0.00702	0.02674	0.00188	0.00653	0.02236	0.00434	0.00832
6	0.00793	0.00529	0.00595	0.00595	0.00595	0.00529	0.00330	0.00793	0.00793	0.01057	0.01718	0.03568	0.01982	0.80840	0.02775	0.00529	0.00529	0.00793	0.00330	0.00330
7	0.00690	0.00511	0.00645	0.00702	0.00788	0.00466	0.00492	0.00837	0.01216	0.01624	0.23762	0.46151	0.17142	0.01487	0.00672	0.00201	0.00293	0.01324	0.00532	0.00466
8	0.05957	0.18035	0.09041	0.01429	0.08145	0.28254	0.03207	0.10549	0.01423	0.01709	0.00946	0.01149	0.00786	0.02371	0.02798	0.00178	0.02620	0.00396	0.00300	0.00706
9	0.01427	0.39537	0.16165	0.05014	0.09261	0.09294	0.02907	0.04687	0.01229	0.01530	0.00876	0.01051	0.00730	0.00507	0.00467	0.00142	0.02286	0.00366	0.00257	0.02269
10	0.00707	0.00556	0.00653	0.00685	0.00828	0.00502	0.00527	0.00875	0.01237	0.01566	0.13477	0.15460	0.42595	0.01540	0.04332	0.00231	0.00371	0.12877	0.00507	0.00473
11	0.01173	0.01127	0.01951	0.44598	0.33654	0.01254	0.05381	0.01525	0.01162	0.01569	0.00999	0.01412	0.00788	0.00517	0.00548	0.00174	0.00704	0.00493	0.00255	0.00717
12	0.03128	0.03749	0.22947	0.05637	0.19417	0.03353	0.10802	0.03239	0.03769	0.10927	0.04145	0.01467	0.01039	0.00571	0.00586	0.00172	0.03430	0.00501	0.00334	0.00789
13	0.01391	0.05778	0.07417	0.12716	0.37032	0.12857	0.09439	0.01755	0.03379	0.01643	0.01015	0.01302	0.00819	0.00510	0.00533	0.00163	0.00739	0.00470	0.00272	0.00768
14	0.01148	0.14468	0.66842	0.01462	0.02217	0.01399	0.01853	0.01713	0.01145	0.01661	0.00946	0.01110	0.00692	0.00510	0.00493	0.00164	0.00773	0.00386	0.00231	0.00790
15	0.01127	0.00963	0.01565	0.10839	0.34958	0.00968	0.03629	0.01387	0.01210	0.05399	0.07013	0.15274	0.07683	0.02516	0.02875	0.00205	0.00566	0.00769	0.00370	0.00685
16	0.04521	0.01691	0.25264	0.01841	0.19849	0.04715	0.09350	0.01721	0.04547	0.06859	0.03448	0.05746	0.02722	0.02199	0.00598	0.00182	0.00668	0.02991	0.00336	0.00754
17	0.01208	0.01408	0.15220	0.03788	0.10921	0.03052	0.20205	0.02768	0.05873	0.05825	0.04044	0.09325	0.03732	0.02897	0.02095	0.00206	0.00680	0.05683	0.00365	0.00705
18	0.00705	0.00513	0.00667	0.00742	0.00818	0.00476	0.00529	0.00854	0.01197	0.01606	0.20847	0.49834	0.10478	0.01522	0.00683	0.00209	0.00313	0.07012	0.00528	0.00466
19	0.01285	0.01565	0.16441	0.08187	0.39406	0.03240	0.11906	0.01673	0.01241	0.03858	0.03335	0.03260	0.01015	0.00547	0.00556	0.00170	0.00705	0.00530	0.00288	0.00792
20	0.01345	0.01655	0.18326	0.04817	0.46038	0.05448	0.01603	0.03524	0.04644	0.03484	0.01212	0.01437	0.02940	0.00543	0.00536	0.00165	0.00677	0.00486	0.00296	0.00823
21	0.01363	0.01679	0.20421	0.03471	0.17148	0.03746	0.24759	0.05061	0.01321	0.07794	0.01274	0.03821	0.01026	0.00593	0.00581	0.00177	0.00750	0.03915	0.00324	0.00777
22	0.00775	0.00517	0.00690	0.00772	0.00841	0.00487	0.00543	0.00888	0.01092	0.04850	0.06428	0.58630	0.07144	0.01745	0.05097	0.02975	0.00397	0.05163	0.00497	0.00468
23	0.01328	0.03151	0.07941	0.16386	0.41288	0.04072	0.04846	0.01661	0.01219	0.05314	0.02842	0.01415	0.00932	0.00548	0.00604	0.00170	0.04728	0.00491	0.00287	0.00776
24	0.01360	0.01639	0.16330	0.02446	0.42993	0.07255	0.03248	0.01852	0.09367	0.03744	0.01226	0.03940	0.01005	0.00569	0.00541	0.00167	0.00671	0.00514	0.00312	0.00820

[dist]
# distance from previous block
# <min> <max>
0	7

[block]
# block no. 6 follows, 44 sequences, length 31
# corresponding to MSA columns:
# 412-442
name=unknown_G
#
# <colnr> <probs for GDERKNQSTAVLIFYWHMCP>
#	G	D	E	R	K	N	Q	S	T	A	V	L	I	F	Y	W	H	M	C	P
0	0.01264	0.01173	0.02009	0.14454	0.38666	0.01230	0.10973	0.01571	0.01200	0.05049	0.01428	0.01771	0.06805	0.00630	0.00683	0.00178	0.08094	0.01770	0.00304	0.00748
1	0.03328	0.03633	0.18448	0.08978	0.21278	0.02759	0.08350	0.08329	0.02887	0.09825	0.01225	0.03985	0.00956	0.00592	0.00579	0.00172	0.03029	0.00515	0.00340	0.00791
2	0.03564	0.07438	0.17563	0.03420	0.34286	0.09536	0.06170	0.01746	0.03872	0.01694	0.01102	0.01335	0.02430	0.00541	0.00558	0.00164	0.03061	0.00464	0.00276	0.00780
3	0.00758	0.00542	0.00647	0.00692	0.00816	0.00478	0.00494	0.00883	0.01156	0.05174	0.03939	0.42781	0.33301	0.01493	0.00663	0.00201	0.00313	0.02909	0.00510	0.02250
4	0.01370	0.01475	0.06244	0.05382	0.38700	0.05446	0.26121	0.01739	0.01265	0.03916	0.01064	0.01376	0.00841	0.00499	0.00594	0.00171	0.02196	0.00528	0.00281	0.00794
5	0.04078	0.05915	0.01522	0.04025	0.13145	0.01061	0.09538	0.06094	0.07054	0.03005	0.03439	0.07858	0.01481	0.12415	0.16606	0.00364	0.00759	0.00652	0.00356	0.00635
6	0.00974	0.00710	0.02861	0.00892	0.01005	0.00627	0.00642	0.01135	0.04849	0.06121	0.04183	0.59918	0.05376	0.01659	0.03307	0.00255	0.00426	0.01349	0.03133	0.00580
7	0.00905	0.00634	0.00760	0.00810	0.00921	0.00567	0.00570	0.00995	0.01239	0.04964	0.08978	0.43663	0.22344	0.04970	0.00818	0.00244	0.00376	0.05145	0.00554	0.00545
8	0.01391	0.01605	0.05090	0.06627	0.14102	0.13193	0.41927	0.03361	0.01318	0.01688	0.01056	0.01384	0.00823	0.00611	0.03184	0.00196	0.00883	0.00552	0.00279	0.00730
9	0.01104	0.04447	0.01775	0.58268	0.18418	0.01246	0.01489	0.01448	0.01136	0.01492	0.03428	0.01492	0.00896	0.00548	0.00539	0.00175	0.00690	0.00493	0.00259	0.00659
10	0.00828	0.00609	0.00816	0.00913	0.01027	0.00610	0.00747	0.01089	0.04545	0.01569	0.02966	0.22494	0.08200	0.01692	0.06244	0.00281	0.00509	0.43871	0.00491	0.00501
11	0.01218	0.07117	0.39381	0.05424	0.11009	0.05218	0.04160	0.01756	0.06697	0.03685	0.04481	0.01578	0.04721	0.00599	0.00529	0.00168	0.00697	0.00495	0.00304	0.00763
12	0.01765	0.02093	0.01999	0.04962	0.02078	0.46456	0.21409	0.07869	0.01522	0.01616	0.00969	0.01186	0.00769	0.00613	0.02155	0.00171	0.00934	0.00453	0.00299	0.00680
13	0.01246	0.01366	0.02858	0.08524	0.11633	0.01314	0.57541	0.01666	0.01255	0.01707	0.01167	0.04937	0.00946	0.00524	0.00626	0.00183	0.00845	0.00652	0.00283	0.00727
14	0.01195	0.08133	0.41237	0.01354	0.04349	0.10289	0.02728	0.01601	0.01207	0.03779	0.01662	0.07426	0.09645	0.02359	0.00580	0.00176	0.00695	0.00576	0.00305	0.00706
15	0.01118	0.06073	0.04176	0.41054	0.08150	0.02719	0.02555	0.02825	0.01235	0.04282	0.11868	0.03817	0.03213	0.00707	0.00561	0.00177	0.00617	0.03881	0.00339	0.00634
16	0.01706	0.01889	0.34159	0.01294	0.01875	0.01240	0.01377	0.18676	0.06973	0.23161	0.01465	0.01444	0.00995	0.00608	0.00535	0.00170	0.00638	0.00478	0.00447	0.00871
17	0.01232	0.05800	0.22666	0.16797	0.09386	0.01342	0.16374	0.08005	0.01276	0.01766	0.02349	0.01388	0.00870	0.00707	0.04100	0.00206	0.04221	0.00498	0.00282	0.00735
18	0.01378	0.03585	0.11261	0.12965	0.27338	0.05612	0.13797	0.04702	0.04962	0.05157	0.01119	0.01377	0.00864	0.00538	0.00585	0.00171	0.03006	0.00498	0.00304	0.00780
19	0.01253	0.02497	0.05410	0.21926	0.32034	0.02617	0.09889	0.06027	0.02195	0.01766	0.03772	0.01706	0.03705	0.00588	0.00560	0.00172	0.00676	0.02156	0.00306	0.00745
20	0.01160	0.01118	0.05829	0.27363	0.23848	0.01121	0.06632	0.01442	0.01131	0.03994	0.04356	0.04203	0.01120	0.02380	0.00804	0.07796	0.04194	0.00556	0.00291	0.00661
21	0.01266	0.06189	0.22342	0.08672	0.21334	0.05847	0.09074	0.04222	0.01235	0.01682	0.01215	0.01533	0.04186	0.00603	0.00635	0.00174	0.06682	0.02083	0.00279	0.00747
22	0.03987	0.02690	0.15543	0.07101	0.15227	0.01102	0.13644	0.01648	0.05957	0.07575	0.01868	0.06860	0.09346	0.00742	0.00576	0.00181	0.00624	0.04245	0.00364	0.00720
23	0.01246	0.01289	0.07214	0.12328	0.34646	0.01198	0.15935	0.01649	0.04530	0.04229	0.01322	0.09496	0.01159	0.00633	0.00576	0.00177	0.00672	0.00627	0.00315	0.00761
24	0.01281	0.05065	0.14918	0.21339	0.13740	0.05747	0.10309	0.03668	0.04933	0.05218	0.03879	0.05158	0.01120	0.00611	0.00551	0.00173	0.00694	0.00550	0.00319	0.00725
25	0.01286	0.12945	0.31910	0.05478	0.07042	0.01283	0.08641	0.04926	0.01278	0.08027	0.06478	0.05831	0.01254	0.00631	0.00532	0.00168	0.00669	0.00540	0.00330	0.00753
26	0.01167	0.04808	0.10882	0.10216	0.20356	0.02544	0.06954	0.03827	0.01245	0.05353	0.03536	0.16679	0.08454	0.00836	0.00578	0.00178	0.00584	0.00752	0.00363	0.00688
27	0.01155	0.05717	0.34776	0.07560	0.08855	0.01209	0.07725	0.05410	0.01218	0.03150	0.01345	0.14253	0.01225	0.00729	0.00596	0.00180	0.03231	0.00629	0.00309	0.00727
28	0.01157	0.01208	0.07911	0.16442	0.22066	0.04463	0.08407	0.02969	0.01211	0.03651	0.01570	0.18952	0.01538	0.00875	0.01717	0.00195	0.00643	0.04005	0.00342	0.00677
29	0.01420	0.03530	0.25260	0.05380	0.15973	0.03026	0.15933	0.07511	0.01352	0.10543	0.01236	0.04202	0.00950	0.00573	0.00555	0.00172	0.00722	0.00530	0.00333	0.00798
30	0.00979	0.01457	0.29702	0.01124	0.01489	0.00886	0.04581	0.01260	0.01025	0.03471	0.01664	0.08200	0.06969	0.12617	0.10253	0.09611	0.03176	0.00650	0.00309	0.00577

[dist]
# distance from previous block
# <min> <max>
1	4

[block]
# block no. 7 follows, 44 sequences, length 7
# corresponding to MSA columns:
# 447-453
name=unknown_H
#
# <colnr> <probs for GDERKNQSTAVLIFYWHMCP>
#	G	D	E	R	K	N	Q	S	T	A	V	L	I	F	Y	W	H	M	C	P
0	0.01053	0.00918	0.01536	0.21098	0.15893	0.00940	0.10660	0.01327	0.01202	0.05121	0.05216	0.16166	0.12502	0.00907	0.00608	0.00187	0.00562	0.03098	0.00379	0.00628
1	0.01271	0.04942	0.30960	0.01713	0.15182	0.05126	0.07563	0.01785	0.06933	0.06213	0.11521	0.01698	0.01451	0.00615	0.00546	0.00168	0.00665	0.00534	0.00344	0.00769
2	0.12853	0.00997	0.01488	0.08406	0.10593	0.00999	0.10341	0.04872	0.01304	0.21889	0.01736	0.12951	0.01516	0.00805	0.00568	0.00185	0.00549	0.06782	0.00448	0.00717
3	0.01050	0.00754	0.01012	0.03419	0.04165	0.00805	0.00740	0.01226	0.01221	0.10824	0.18607	0.13558	0.17529	0.04073	0.00931	0.00209	0.15416	0.03419	0.00472	0.00569
4	0.05931	0.05649	0.09048	0.15314	0.34362	0.03276	0.09723	0.01725	0.04237	0.04048	0.01069	0.01345	0.00840	0.00514	0.00529	0.00167	0.00684	0.00478	0.00288	0.00773
5	0.12714	0.04390	0.14734	0.05921	0.06204	0.01319	0.24101	0.10334	0.04394	0.04536	0.01217	0.05525	0.00975	0.00590	0.00544	0.00175	0.00691	0.00552	0.00341	0.00744
6	0.73351	0.11970	0.01081	0.00746	0.01101	0.01350	0.00637	0.01607	0.00952	0.02288	0.00759	0.00884	0.00605	0.00501	0.00339	0.00162	0.00444	0.00295	0.00323	0.00605

[dist]
# distance from previous block
# <min> <max>
0	1

[block]
# block no. 8 follows, 44 sequences, length 27
# corresponding to MSA columns:
# 455-480,483
name=unknown_I
#
# <colnr> <probs for GDERKNQSTAVLIFYWHMCP>
#	G	D	E	R	K	N	Q	S	T	A	V	L	I	F	Y	W	H	M	C	P
0	0.01314	0.01507	0.12397	0.07231	0.38273	0.03714	0.10166	0.03973	0.01237	0.03067	0.01083	0.03909	0.00909	0.00586	0.00671	0.00176	0.08197	0.00524	0.00284	0.00782
1	0.01274	0.01281	0.04475	0.23535	0.41779	0.02717	0.07748	0.04905	0.01260	0.01726	0.01085	0.03777	0.00901	0.00547	0.00553	0.00171	0.00691	0.00526	0.00281	0.00767
2	0.01084	0.00920	0.01077	0.00789	0.01233	0.00700	0.00627	0.01324	0.01170	0.01803	0.07821	0.01516	0.03543	0.00496	0.00432	0.00092	0.00387	0.00407	0.00353	0.74225
3	0.00884	0.00709	0.00974	0.01027	0.06939	0.00799	0.00686	0.01011	0.00953	0.01343	0.08998	0.05166	0.04644	0.29530	0.21196	0.00485	0.13113	0.00722	0.00340	0.00480
4	0.00800	0.00570	0.00734	0.00726	0.00763	0.00622	0.00489	0.00877	0.00825	0.01143	0.01590	0.02960	0.01711	0.49642	0.31106	0.00649	0.03378	0.00705	0.00313	0.00397
5	0.00945	0.00813	0.04055	0.08775	0.14451	0.00742	0.02152	0.01148	0.01131	0.04930	0.02354	0.43607	0.05407	0.01214	0.00631	0.00198	0.00455	0.03413	0.00428	0.03153
6	0.01381	0.01308	0.01833	0.15877	0.39660	0.06193	0.01401	0.06221	0.16927	0.01886	0.01268	0.01484	0.01000	0.00563	0.00541	0.00169	0.00635	0.00504	0.00341	0.00808
7	0.01424	0.01426	0.02131	0.05829	0.63648	0.09228	0.03160	0.03454	0.01299	0.01759	0.01013	0.01317	0.00843	0.00499	0.00537	0.00161	0.00690	0.00475	0.00277	0.00829
8	0.03983	0.01370	0.01578	0.01384	0.08920	0.01480	0.01031	0.53174	0.04503	0.11121	0.01371	0.01400	0.00982	0.00695	0.00612	0.03933	0.00575	0.00495	0.00514	0.00880
9	0.02868	0.15209	0.38591	0.01240	0.01803	0.01307	0.01394	0.01858	0.11784	0.07559	0.04140	0.03830	0.02241	0.00654	0.00514	0.00169	0.00631	0.03097	0.00347	0.00765
10	0.01252	0.01232	0.03248	0.18999	0.41933	0.01249	0.12264	0.04205	0.01266	0.01747	0.02797	0.02700	0.02463	0.00564	0.00565	0.00172	0.00682	0.01604	0.00292	0.00766
11	0.01263	0.01281	0.01892	0.37799	0.29375	0.09203	0.04337	0.01582	0.01185	0.01533	0.00968	0.01356	0.00776	0.00543	0.00604	0.00173	0.04690	0.00477	0.00257	0.00704
12	0.01328	0.01199	0.07566	0.03169	0.37922	0.01056	0.05402	0.01665	0.03249	0.11792	0.05923	0.09122	0.05145	0.00732	0.00575	0.00175	0.00573	0.02252	0.00384	0.00772
13	0.01011	0.02931	0.06325	0.07721	0.08668	0.03146	0.03560	0.01239	0.01188	0.06099	0.05246	0.32314	0.06274	0.01175	0.00634	0.00200	0.00493	0.10756	0.00434	0.00584
14	0.06375	0.09607	0.34098	0.01239	0.01752	0.06485	0.04101	0.02875	0.01265	0.07718	0.11349	0.03894	0.03746	0.00677	0.00552	0.00168	0.02502	0.00538	0.00348	0.00715
15	0.00847	0.00521	0.00697	0.00781	0.00852	0.00480	0.00536	0.00954	0.01097	0.09221	0.02917	0.72430	0.03375	0.01602	0.00681	0.00216	0.00331	0.01447	0.00523	0.00492
16	0.01453	0.00963	0.08895	0.00985	0.04621	0.00729	0.00817	0.01719	0.01458	0.30870	0.28183	0.02956	0.12255	0.00892	0.00590	0.00172	0.00412	0.00758	0.00564	0.00711
17	0.01361	0.10832	0.37167	0.01389	0.04013	0.02602	0.04408	0.13242	0.02933	0.06580	0.01314	0.09349	0.01098	0.00667	0.00530	0.00170	0.00673	0.00546	0.00346	0.00780
18	0.01264	0.01263	0.02316	0.20065	0.43810	0.01296	0.18677	0.01628	0.01218	0.01687	0.01031	0.01401	0.00825	0.00493	0.00565	0.00171	0.00728	0.00522	0.00265	0.00777
19	0.00912	0.00772	0.00853	0.00839	0.00923	0.08619	0.00606	0.01038	0.00918	0.01205	0.01481	0.02486	0.01496	0.28641	0.46032	0.00688	0.01109	0.00628	0.00303	0.00451
20	0.01287	0.04964	0.32186	0.06285	0.33715	0.02805	0.03014	0.03382	0.02476	0.03314	0.01041	0.01274	0.00803	0.00514	0.00526	0.00166	0.00715	0.00449	0.00271	0.00817
21	0.01258	0.15077	0.45884	0.03551	0.13109	0.01430	0.04372	0.05025	0.01230	0.02787	0.00985	0.01171	0.00743	0.00512	0.00501	0.00162	0.00735	0.00413	0.00259	0.00797
22	0.09272	0.00534	0.00650	0.00755	0.00818	0.00523	0.00515	0.00846	0.01032	0.01500	0.02775	0.72330	0.03297	0.01585	0.00659	0.00216	0.00327	0.01421	0.00489	0.00458
23	0.01450	0.01259	0.02156	0.04912	0.63795	0.01247	0.05585	0.01771	0.01273	0.09559	0.01144	0.01410	0.00908	0.00505	0.00546	0.00164	0.00646	0.00501	0.00311	0.00857
24	0.01518	0.04585	0.11945	0.11556	0.33591	0.07116	0.03407	0.06604	0.01356	0.11422	0.01152	0.01355	0.00871	0.00536	0.00531	0.00164	0.00681	0.00470	0.00330	0.00810
25	0.04831	0.06949	0.01678	0.01367	0.07907	0.03518	0.01042	0.45781	0.08996	0.07446	0.01329	0.01355	0.00975	0.00640	0.00571	0.00165	0.03615	0.00481	0.00484	0.00868
26	0.61946	0.01406	0.01043	0.01013	0.05428	0.18205	0.00752	0.01732	0.01081	0.02165	0.00792	0.00933	0.00630	0.00517	0.00382	0.00162	0.00557	0.00318	0.00321	0.00615

[dist]
# distance from previous block
# <min> <max>
0	3

[block]
# block no. 9 follows, 44 sequences, length 20
# corresponding to MSA columns:
# 487-506
name=unknown_J
#
# <colnr> <probs for GDERKNQSTAVLIFYWHMCP>
#	G	D	E	R	K	N	Q	S	T	A	V	L	I	F	Y	W	H	M	C	P
0	0.01489	0.01404	0.02083	0.06316	0.55941	0.07290	0.03864	0.09789	0.01411	0.03622	0.01068	0.01337	0.00862	0.00516	0.00540	0.00162	0.00676	0.00482	0.00309	0.00838
1	0.01061	0.00936	0.01186	0.01067	0.01138	0.04193	0.00836	0.05389	0.00998	0.01413	0.04607	0.02043	0.01354	0.16770	0.24412	0.00469	0.30703	0.00586	0.00307	0.00531
2	0.00711	0.00654	0.05066	0.00759	0.00899	0.00519	0.00601	0.00877	0.01168	0.01516	0.08960	0.39747	0.26422	0.01476	0.00671	0.00206	0.00346	0.08425	0.00497	0.00480
3	0.04444	0.03735	0.23036	0.06560	0.09847	0.03098	0.11686	0.12293	0.03115	0.07535	0.01555	0.01678	0.07741	0.00621	0.00546	0.00171	0.00674	0.00538	0.00357	0.00771
4	0.01255	0.01199	0.02042	0.25883	0.55642	0.01270	0.01626	0.01590	0.01197	0.01666	0.01009	0.01380	0.00823	0.00503	0.00541	0.00168	0.00671	0.00485	0.00262	0.00787
5	0.01158	0.01106	0.01883	0.19418	0.39311	0.01173	0.07029	0.01455	0.01163	0.01608	0.01386	0.11322	0.03532	0.00704	0.00644	0.00180	0.05260	0.00650	0.00299	0.00717
6	0.01187	0.01203	0.05984	0.60814	0.05678	0.06731	0.01458	0.03131	0.01181	0.04459	0.01054	0.02882	0.00810	0.00572	0.00542	0.00177	0.00726	0.00493	0.00274	0.00644
7	0.01302	0.01246	0.02110	0.07053	0.70321	0.01254	0.01609	0.01619	0.01234	0.01748	0.01223	0.01528	0.04254	0.00529	0.00545	0.00164	0.00635	0.00515	0.00279	0.00833
8	0.01223	0.01305	0.07470	0.27087	0.43562	0.01282	0.04523	0.01580	0.01176	0.01639	0.00998	0.01368	0.00802	0.00521	0.00583	0.00172	0.03201	0.00485	0.00258	0.00765
9	0.01608	0.01866	0.01571	0.03673	0.01705	0.42984	0.10517	0.05196	0.06126	0.01603	0.05727	0.07337	0.06274	0.00731	0.00552	0.00162	0.00781	0.00590	0.00357	0.00641
10	0.01801	0.01009	0.01380	0.01332	0.11964	0.00977	0.02755	0.13145	0.04986	0.34940	0.10439	0.09330	0.01862	0.00790	0.00574	0.00173	0.00483	0.00680	0.00559	0.00819
11	0.07438	0.01169	0.01730	0.13027	0.06762	0.02406	0.14522	0.12927	0.03224	0.17891	0.04818	0.01732	0.04209	0.00653	0.00624	0.00177	0.04944	0.00564	0.00427	0.00756
12	0.04182	0.01285	0.02049	0.15120	0.60409	0.04207	0.01588	0.01646	0.01218	0.01726	0.01001	0.01336	0.00827	0.00499	0.00532	0.00164	0.00665	0.00474	0.00268	0.00805
13	0.01314	0.46874	0.27010	0.01135	0.01680	0.04810	0.01258	0.01642	0.01170	0.01493	0.06292	0.01197	0.01014	0.00533	0.00431	0.00140	0.00648	0.00380	0.00260	0.00718
14	0.01222	0.01111	0.01791	0.54820	0.14284	0.01293	0.04766	0.11002	0.01311	0.01729	0.01027	0.01420	0.00777	0.00547	0.00549	0.00177	0.00707	0.00493	0.00287	0.00691
15	0.01227	0.01170	0.01884	0.22033	0.43868	0.03189	0.03802	0.01581	0.04036	0.01651	0.03466	0.01639	0.01067	0.06273	0.00707	0.00194	0.00656	0.00529	0.00289	0.00740
16	0.01259	0.01206	0.01878	0.20255	0.39729	0.03834	0.02599	0.04066	0.01229	0.01695	0.05372	0.02888	0.01104	0.00619	0.00695	0.00177	0.09834	0.00530	0.00293	0.00739
17	0.04057	0.00681	0.03422	0.00916	0.01050	0.00605	0.05969	0.00967	0.01113	0.01524	0.04492	0.47370	0.07885	0.03815	0.00739	0.00226	0.00414	0.13795	0.00470	0.00491
18	0.04567	0.05707	0.07092	0.07403	0.01538	0.05730	0.00868	0.02790	0.01157	0.03554	0.01279	0.06012	0.03517	0.00842	0.06229	0.00182	0.02009	0.00471	0.00328	0.38725
19	0.01400	0.01417	0.06371	0.01142	0.03096	0.19724	0.02982	0.11179	0.03356	0.05373	0.06245	0.09109	0.05225	0.07166	0.05998	0.00241	0.00679	0.03190	0.01701	0.04405

[dist]
# distance from previous block
# <min> <max>
0	145

# created by:
# /home/cegg/simao/soft/augustus-3.2.1/scripts/msa2prfl.pl ./align_prep/EOG091G0GA8.fa
