[name]
unknown

[dist]
# distance from previous block
# <min> <max>
0	40

[block]
# block no. 0 follows, 46 sequences, length 12
# corresponding to MSA columns:
# 66-77
name=unknown_A
#
# <colnr> <probs for GDERKNQSTAVLIFYWHMCP>
#	G	D	E	R	K	N	Q	S	T	A	V	L	I	F	Y	W	H	M	C	P
0	0.05911	0.01016	0.01122	0.02992	0.01272	0.05636	0.00798	0.17337	0.07153	0.09320	0.04483	0.18959	0.05276	0.01087	0.03527	0.00210	0.07840	0.04952	0.00461	0.00649
1	0.10969	0.02268	0.03478	0.01175	0.05293	0.05180	0.11281	0.05973	0.08945	0.11184	0.08097	0.02026	0.07440	0.03951	0.03234	0.00198	0.00549	0.00582	0.04985	0.03192
2	0.03590	0.00793	0.01028	0.00904	0.01086	0.03771	0.08823	0.05286	0.01190	0.06192	0.06773	0.20306	0.14275	0.11605	0.02849	0.00239	0.02564	0.00887	0.07308	0.00529
3	0.01302	0.00986	0.01270	0.05972	0.08175	0.04914	0.05060	0.04626	0.12712	0.12413	0.12651	0.02258	0.04171	0.00931	0.05536	0.00205	0.00545	0.04128	0.05090	0.07055
4	0.01030	0.07071	0.01676	0.74137	0.03468	0.01244	0.01425	0.01368	0.01058	0.01343	0.00924	0.01367	0.00703	0.00523	0.00514	0.00171	0.00694	0.00456	0.00234	0.00594
5	0.33673	0.01133	0.01098	0.05873	0.03411	0.07110	0.02427	0.11475	0.09116	0.05197	0.02771	0.01401	0.02440	0.00587	0.00436	0.00159	0.00486	0.00434	0.10116	0.00656
6	0.00654	0.00508	0.00579	0.00619	0.00726	0.00450	0.00433	0.00770	0.01122	0.01418	0.09721	0.31380	0.39702	0.08450	0.00823	0.00219	0.00301	0.01208	0.00483	0.00433
7	0.01492	0.01065	0.01178	0.00962	0.01252	0.01139	0.00768	0.42093	0.03604	0.04114	0.20554	0.04575	0.03740	0.03488	0.00618	0.00172	0.00448	0.00655	0.07361	0.00722
8	0.01197	0.01010	0.01230	0.20253	0.01844	0.01172	0.00944	0.05890	0.43871	0.01905	0.01849	0.04733	0.03818	0.00806	0.00659	0.06587	0.00491	0.00599	0.00437	0.00706
9	0.28343	0.01238	0.01218	0.01011	0.01368	0.01404	0.00820	0.31831	0.22959	0.02711	0.01347	0.01336	0.00996	0.00612	0.00467	0.00166	0.00481	0.00450	0.00467	0.00777
10	0.01830	0.00934	0.01117	0.00899	0.01240	0.03114	0.00725	0.07545	0.08147	0.41888	0.05709	0.01833	0.01438	0.00750	0.02870	0.00172	0.00460	0.00528	0.11057	0.07742
11	0.01297	0.26641	0.01534	0.00830	0.01166	0.01203	0.00715	0.07029	0.07370	0.07980	0.14674	0.01871	0.04071	0.00649	0.00453	0.00133	0.00424	0.00512	0.09458	0.11989

[dist]
# distance from previous block
# <min> <max>
7	15

[block]
# block no. 1 follows, 46 sequences, length 9
# corresponding to MSA columns:
# 97-105
name=unknown_B
#
# <colnr> <probs for GDERKNQSTAVLIFYWHMCP>
#	G	D	E	R	K	N	Q	S	T	A	V	L	I	F	Y	W	H	M	C	P
0	0.01341	0.04107	0.01954	0.09202	0.55219	0.08037	0.01435	0.04530	0.01239	0.01665	0.01014	0.01389	0.00870	0.05027	0.00635	0.00175	0.00652	0.00470	0.00273	0.00765
1	0.01024	0.00966	0.01633	0.73670	0.09917	0.01181	0.01481	0.01374	0.01069	0.01382	0.00944	0.01401	0.00716	0.00524	0.00528	0.00175	0.00698	0.00470	0.00237	0.00608
2	0.85155	0.01022	0.00777	0.00695	0.01022	0.01186	0.00573	0.01554	0.00900	0.02372	0.00736	0.00859	0.00573	0.00491	0.00327	0.00164	0.00409	0.00286	0.00327	0.00573
3	0.05300	0.01129	0.01227	0.00997	0.01366	0.01183	0.00798	0.20553	0.29926	0.08812	0.01594	0.01551	0.01181	0.00609	0.00488	0.00149	0.00448	0.00484	0.03918	0.18286
4	0.01039	0.01172	0.09317	0.46976	0.08158	0.04642	0.01358	0.01369	0.01102	0.01436	0.03572	0.01807	0.05529	0.00721	0.02404	0.00193	0.05229	0.03095	0.00273	0.00608
5	0.01285	0.04864	0.08803	0.01007	0.01309	0.04174	0.00870	0.13728	0.17962	0.06737	0.05859	0.08208	0.12665	0.04551	0.00718	0.00189	0.05241	0.00690	0.00452	0.00686
6	0.00968	0.10193	0.01110	0.00842	0.00925	0.04477	0.00630	0.01052	0.00891	0.01189	0.05060	0.02454	0.01564	0.39140	0.12173	0.00424	0.15538	0.00618	0.00299	0.00452
7	0.01307	0.01355	0.01658	0.12119	0.33116	0.17619	0.01259	0.01580	0.02990	0.01483	0.01038	0.01418	0.00895	0.02983	0.12137	0.00269	0.05360	0.00467	0.00270	0.00678
8	0.03232	0.01435	0.12965	0.06218	0.42735	0.03022	0.09497	0.01625	0.01196	0.04167	0.01124	0.01566	0.00938	0.00540	0.00534	0.00164	0.00663	0.04877	0.00285	0.03215

[dist]
# distance from previous block
# <min> <max>
2	17

[block]
# block no. 2 follows, 46 sequences, length 7
# corresponding to MSA columns:
# 137-143
name=unknown_C
#
# <colnr> <probs for GDERKNQSTAVLIFYWHMCP>
#	G	D	E	R	K	N	Q	S	T	A	V	L	I	F	Y	W	H	M	C	P
0	0.63790	0.00930	0.00792	0.00719	0.01001	0.01061	0.00580	0.01495	0.04576	0.02254	0.11712	0.01426	0.01293	0.00812	0.05545	0.00210	0.00453	0.00414	0.00370	0.00568
1	0.06903	0.00729	0.00911	0.00805	0.01044	0.00691	0.00630	0.01707	0.06222	0.30073	0.21228	0.14965	0.02611	0.00937	0.00561	0.00173	0.00361	0.03111	0.05679	0.00661
2	0.01217	0.01245	0.01737	0.43427	0.22020	0.12184	0.04077	0.01528	0.01170	0.01460	0.01021	0.01518	0.00840	0.00554	0.00532	0.00169	0.00718	0.03671	0.00259	0.00654
3	0.04212	0.10128	0.09478	0.07346	0.07623	0.00944	0.00919	0.01306	0.01174	0.03108	0.15167	0.07558	0.04190	0.02462	0.00562	0.00161	0.00473	0.06374	0.00370	0.16447
4	0.01187	0.00957	0.01023	0.00887	0.01175	0.03639	0.00684	0.01918	0.32914	0.06943	0.09640	0.05136	0.10253	0.03897	0.00612	0.00169	0.00400	0.00659	0.00481	0.17426
5	0.66715	0.00963	0.00800	0.00721	0.01017	0.01099	0.00583	0.01574	0.06940	0.02324	0.11712	0.01381	0.01276	0.00592	0.00385	0.00165	0.00387	0.00405	0.00380	0.00583
6	0.00897	0.00725	0.02520	0.00910	0.03277	0.00746	0.00690	0.01268	0.11781	0.03100	0.11398	0.07588	0.09263	0.07869	0.24831	0.00413	0.03496	0.06507	0.02178	0.00542

[dist]
# distance from previous block
# <min> <max>
0	4

[block]
# block no. 3 follows, 46 sequences, length 23
# corresponding to MSA columns:
# 148-170
name=unknown_D
#
# <colnr> <probs for GDERKNQSTAVLIFYWHMCP>
#	G	D	E	R	K	N	Q	S	T	A	V	L	I	F	Y	W	H	M	C	P
0	0.18930	0.21184	0.08286	0.01212	0.06376	0.14839	0.01014	0.18911	0.01448	0.02034	0.00907	0.01017	0.00717	0.00523	0.00429	0.00145	0.00625	0.00359	0.00327	0.00715
1	0.32303	0.05394	0.02552	0.17149	0.05968	0.15315	0.02714	0.03075	0.04734	0.01815	0.00897	0.01108	0.00710	0.00550	0.00489	0.01558	0.02372	0.00378	0.00297	0.00622
2	0.01367	0.01397	0.05167	0.07787	0.48129	0.06657	0.04948	0.07218	0.05731	0.01798	0.01056	0.01318	0.00854	0.00524	0.00573	0.00163	0.03756	0.00473	0.00294	0.00792
3	0.00810	0.00557	0.00680	0.00710	0.02755	0.00568	0.00426	0.02785	0.00850	0.01147	0.01684	0.09414	0.01895	0.59898	0.09985	0.03767	0.00588	0.00780	0.00331	0.00370
4	0.00825	0.00784	0.05095	0.04248	0.01155	0.00712	0.05486	0.01075	0.01309	0.01815	0.42485	0.04770	0.17141	0.01020	0.00712	0.00176	0.07740	0.00868	0.02054	0.00528
5	0.01196	0.01260	0.11840	0.01397	0.10693	0.04003	0.10108	0.06697	0.05780	0.05910	0.09116	0.11912	0.04712	0.02589	0.00600	0.00170	0.00546	0.00678	0.00390	0.10405
6	0.00675	0.00538	0.00605	0.00588	0.00745	0.00468	0.00441	0.00856	0.01324	0.01710	0.34844	0.04624	0.48245	0.01234	0.00624	0.00174	0.00260	0.01051	0.00528	0.00468
7	0.01306	0.01074	0.01429	0.12256	0.12037	0.04625	0.04252	0.01569	0.01179	0.10421	0.01078	0.01256	0.00836	0.00461	0.00459	0.00119	0.00522	0.00396	0.00330	0.44395
8	0.01196	0.05947	0.67469	0.01434	0.02164	0.01254	0.01797	0.04819	0.01196	0.06460	0.01023	0.01153	0.00719	0.00515	0.00498	0.00164	0.00743	0.00398	0.00263	0.00789
9	0.00927	0.00738	0.01143	0.04536	0.11732	0.00742	0.04185	0.01186	0.01200	0.01586	0.02410	0.08530	0.02574	0.01254	0.00687	0.00225	0.00524	0.54840	0.00437	0.00545
10	0.00711	0.00575	0.00636	0.00614	0.00782	0.00520	0.00462	0.00971	0.06149	0.01713	0.29774	0.04502	0.48273	0.01212	0.00619	0.00174	0.00271	0.01028	0.00525	0.00489
11	0.01178	0.00937	0.01105	0.00793	0.01259	0.00709	0.00636	0.01411	0.01123	0.06619	0.01013	0.01141	0.00817	0.00408	0.00400	0.00084	0.00395	0.00327	0.00335	0.79311
12	0.01093	0.04492	0.67703	0.01518	0.04579	0.01213	0.03715	0.01659	0.01145	0.03109	0.04256	0.01257	0.00875	0.00526	0.00508	0.00166	0.00745	0.00423	0.00249	0.00769
13	0.00675	0.00488	0.00590	0.00657	0.00705	0.00455	0.00428	0.00749	0.00979	0.01274	0.03001	0.46460	0.16144	0.23450	0.01218	0.00290	0.00356	0.01234	0.00444	0.00402
14	0.00686	0.00534	0.00623	0.00608	0.00754	0.00471	0.00453	0.00874	0.01338	0.01762	0.40602	0.08152	0.38791	0.01228	0.00627	0.00174	0.00261	0.01056	0.00535	0.00471
15	0.00748	0.00540	0.00707	0.00665	0.00790	0.00499	0.00499	0.00998	0.01496	0.02120	0.77844	0.03949	0.04988	0.01081	0.00624	0.00166	0.00249	0.00956	0.00582	0.00499
16	0.01096	0.00940	0.01096	0.00783	0.01253	0.00705	0.00626	0.01331	0.01096	0.01723	0.00940	0.01096	0.00783	0.00392	0.00392	0.00078	0.00392	0.00313	0.00313	0.84653
17	0.01527	0.53887	0.06175	0.01054	0.01473	0.18625	0.00986	0.04590	0.01216	0.01368	0.00788	0.00913	0.00690	0.00492	0.00419	0.00125	0.02585	0.00313	0.00250	0.02524
18	0.00658	0.00468	0.00619	0.00734	0.00766	0.00440	0.00492	0.00749	0.01004	0.01338	0.02837	0.74210	0.03390	0.06345	0.00795	0.00233	0.00324	0.03694	0.00481	0.00425
19	0.01323	0.04718	0.24410	0.01466	0.11088	0.03097	0.01272	0.03548	0.35494	0.05762	0.01548	0.01549	0.01153	0.00604	0.00516	0.00168	0.00574	0.00497	0.00398	0.00813
20	0.56887	0.13990	0.01228	0.05486	0.01303	0.10761	0.00732	0.01614	0.01009	0.02003	0.00758	0.00901	0.00610	0.00493	0.00359	0.00153	0.00517	0.00303	0.00299	0.00595
21	0.00814	0.00505	0.00559	0.00566	0.00597	0.00503	0.00342	0.00879	0.00865	0.01272	0.01753	0.07669	0.01878	0.57231	0.02012	0.00401	0.00436	0.00745	0.20605	0.00368
22	0.01283	0.01418	0.08233	0.06881	0.48868	0.04762	0.09903	0.01645	0.02913	0.01666	0.00998	0.01299	0.00815	0.00505	0.00592	0.00163	0.04870	0.00475	0.00264	0.02446

[dist]
# distance from previous block
# <min> <max>
0	8

[block]
# block no. 4 follows, 46 sequences, length 45
# corresponding to MSA columns:
# 186-210,218-223,238-251
name=unknown_E
#
# <colnr> <probs for GDERKNQSTAVLIFYWHMCP>
#	G	D	E	R	K	N	Q	S	T	A	V	L	I	F	Y	W	H	M	C	P
0	0.00742	0.00555	0.00691	0.00774	0.00839	0.00555	0.00529	0.01021	0.11394	0.01449	0.02741	0.66025	0.03153	0.05899	0.00767	0.00226	0.00333	0.01339	0.00488	0.00479
1	0.01296	0.01244	0.02124	0.06280	0.75183	0.01253	0.01616	0.01612	0.01198	0.01712	0.00992	0.01312	0.00832	0.00473	0.00524	0.00158	0.00631	0.00471	0.00261	0.00828
2	0.01156	0.00965	0.01113	0.00827	0.01272	0.00790	0.00659	0.01562	0.11490	0.03565	0.01132	0.01232	0.00909	0.00442	0.00415	0.00094	0.00397	0.00357	0.00352	0.71275
3	0.00737	0.00562	0.00807	0.00807	0.00913	0.00632	0.00625	0.00919	0.00898	0.01255	0.01954	0.02488	0.11776	0.03606	0.68583	0.00758	0.01259	0.00641	0.00312	0.00468
4	0.00782	0.00595	0.00827	0.11515	0.01179	0.00591	0.00631	0.01046	0.01436	0.02015	0.67347	0.03602	0.04403	0.01005	0.00611	0.00168	0.00312	0.00890	0.00535	0.00511
5	0.01817	0.01382	0.01433	0.01131	0.01486	0.04775	0.00907	0.60571	0.04561	0.02895	0.01332	0.01577	0.01052	0.11661	0.00822	0.00207	0.00583	0.00514	0.00490	0.00806
6	0.00740	0.00552	0.00817	0.00834	0.00920	0.00629	0.00638	0.00916	0.00872	0.01244	0.01620	0.12860	0.01618	0.03650	0.68590	0.00763	0.01265	0.00694	0.00312	0.00466
7	0.01243	0.01136	0.01721	0.43555	0.24444	0.03362	0.01415	0.11674	0.01305	0.01727	0.01042	0.03155	0.00832	0.00553	0.00529	0.00168	0.00664	0.00491	0.00289	0.00698
8	0.01867	0.00985	0.01200	0.00961	0.01306	0.00974	0.00778	0.18895	0.09762	0.38671	0.15315	0.02082	0.01901	0.00731	0.00545	0.00164	0.00437	0.00601	0.02010	0.00815
9	0.01345	0.01126	0.02715	0.00942	0.01384	0.03261	0.02297	0.13959	0.07022	0.05578	0.02524	0.01277	0.00959	0.00488	0.00445	0.00110	0.00460	0.00392	0.00382	0.53332
10	0.03138	0.29210	0.17124	0.13269	0.04597	0.03438	0.01180	0.01716	0.02134	0.12626	0.02740	0.01237	0.00887	0.00522	0.00449	0.00145	0.00605	0.00397	0.00309	0.04279
11	0.27801	0.00783	0.00870	0.11538	0.01281	0.00852	0.00668	0.02959	0.02954	0.02084	0.34953	0.02577	0.07151	0.00814	0.00512	0.00168	0.00375	0.00666	0.00446	0.00548
12	0.01235	0.01256	0.06336	0.01124	0.05675	0.13750	0.00873	0.07259	0.16828	0.03440	0.15822	0.02552	0.11026	0.01058	0.06255	0.00217	0.00581	0.03619	0.00441	0.00654
13	0.01195	0.06457	0.25055	0.01704	0.04207	0.03697	0.33536	0.01628	0.01190	0.01663	0.02682	0.01293	0.00843	0.00473	0.00532	0.00155	0.00752	0.00487	0.00265	0.12184
14	0.01468	0.01388	0.14371	0.03140	0.01589	0.01158	0.02260	0.25602	0.10457	0.09757	0.01905	0.01884	0.11475	0.00685	0.00524	0.00157	0.00527	0.00552	0.00448	0.10653
15	0.12648	0.01543	0.26356	0.01159	0.05892	0.00985	0.01118	0.01597	0.03015	0.06837	0.03445	0.01240	0.00908	0.00493	0.00446	0.00134	0.00534	0.00385	0.00319	0.30944
16	0.00740	0.00529	0.00641	0.00673	0.00736	0.00510	0.00460	0.00828	0.00961	0.01265	0.04214	0.19500	0.12767	0.37003	0.05451	0.00373	0.00471	0.10332	0.00403	0.02142
17	0.01318	0.01151	0.01267	0.01123	0.01386	0.01368	0.00886	0.05165	0.64140	0.02122	0.01922	0.01837	0.01463	0.00743	0.00701	0.00186	0.11349	0.00575	0.00496	0.00804
18	0.02000	0.01045	0.01280	0.00973	0.01391	0.00973	0.00799	0.20792	0.01676	0.43201	0.03325	0.01578	0.01186	0.00608	0.00506	0.00146	0.00467	0.00485	0.00556	0.17012
19	0.01195	0.01629	0.22743	0.08242	0.26004	0.01216	0.22218	0.01616	0.01179	0.03397	0.01112	0.04993	0.00906	0.00536	0.00553	0.00170	0.00729	0.00541	0.00270	0.00751
20	0.03308	0.34875	0.04533	0.01361	0.07828	0.03744	0.11408	0.07071	0.11623	0.06054	0.01118	0.01220	0.00885	0.00528	0.00483	0.00147	0.02320	0.00425	0.00326	0.00743
21	0.00736	0.00552	0.00693	0.00782	0.00850	0.00550	0.00538	0.01019	0.11407	0.01467	0.02810	0.70278	0.03240	0.01528	0.00656	0.00210	0.00322	0.01379	0.00497	0.00485
22	0.00752	0.00505	0.00582	0.00598	0.00603	0.00501	0.00344	0.00764	0.00802	0.01069	0.01836	0.14054	0.02137	0.70533	0.02416	0.00472	0.00484	0.00869	0.00344	0.00335
23	0.03893	0.12694	0.05155	0.14829	0.01875	0.19634	0.05318	0.04977	0.02269	0.05702	0.03010	0.02674	0.01140	0.00836	0.04713	0.00199	0.02523	0.07597	0.00324	0.00636
24	0.01569	0.03226	0.23095	0.11967	0.01961	0.01031	0.05076	0.05617	0.01351	0.30028	0.06452	0.03682	0.01283	0.00632	0.00533	0.00167	0.00593	0.00533	0.00432	0.00771
25	0.00951	0.00616	0.00763	0.00725	0.00885	0.00583	0.00546	0.01255	0.07671	0.10182	0.36813	0.15592	0.13105	0.02619	0.00648	0.00183	0.00308	0.02963	0.03043	0.00549
26	0.00835	0.00565	0.00795	0.00783	0.00898	0.00588	0.00595	0.01026	0.01095	0.06242	0.22417	0.13416	0.04301	0.02608	0.40722	0.00521	0.00864	0.00810	0.00420	0.00499
27	0.06128	0.01047	0.01311	0.01038	0.01378	0.01083	0.00856	0.16393	0.03623	0.45526	0.03925	0.01633	0.01228	0.00694	0.00688	0.00172	0.11387	0.00514	0.00551	0.00826
28	0.12722	0.04361	0.10025	0.03236	0.12656	0.03538	0.06976	0.04660	0.01180	0.04112	0.00967	0.01144	0.00763	0.00461	0.00446	0.00130	0.00552	0.00382	0.00307	0.31381
29	0.01353	0.01220	0.02161	0.06369	0.51289	0.01207	0.14884	0.02863	0.01242	0.07612	0.01160	0.04154	0.00955	0.00527	0.00548	0.00164	0.00653	0.00539	0.00304	0.00795
30	0.00660	0.00544	0.00586	0.00604	0.00770	0.00470	0.00468	0.00812	0.01212	0.01470	0.07286	0.06803	0.63745	0.01354	0.00640	0.00188	0.00298	0.11145	0.00493	0.00453
31	0.01003	0.01490	0.27358	0.04800	0.08321	0.02261	0.05769	0.02727	0.03484	0.03390	0.08370	0.02636	0.24586	0.00810	0.00561	0.00170	0.00555	0.00690	0.00365	0.00653
32	0.02557	0.08848	0.15027	0.06907	0.31094	0.06348	0.01395	0.13392	0.01390	0.03954	0.01119	0.02430	0.02138	0.00546	0.00503	0.00156	0.00648	0.00457	0.00312	0.00779
33	0.01431	0.79354	0.02735	0.00914	0.01365	0.02078	0.00908	0.03805	0.01116	0.01306	0.00751	0.00861	0.00685	0.00458	0.00345	0.00114	0.00566	0.00288	0.00235	0.00685
34	0.00746	0.00515	0.00600	0.00604	0.00640	0.00505	0.00373	0.00791	0.00893	0.01187	0.08425	0.08577	0.10286	0.56119	0.05675	0.01990	0.00492	0.00853	0.00368	0.00361
35	0.01282	0.03051	0.13269	0.06988	0.52787	0.05472	0.04925	0.01633	0.01193	0.01657	0.00980	0.01276	0.00800	0.00537	0.01784	0.00170	0.00695	0.00457	0.00255	0.00789
36	0.04894	0.12639	0.24446	0.01451	0.10282	0.16945	0.01286	0.04562	0.01279	0.11446	0.01100	0.03527	0.00863	0.00569	0.00510	0.00155	0.02567	0.00427	0.00317	0.00736
37	0.76188	0.02971	0.00872	0.00736	0.01068	0.03999	0.00606	0.01624	0.00955	0.05985	0.00804	0.00907	0.00614	0.00500	0.00343	0.00161	0.00434	0.00300	0.00339	0.00592
38	0.01373	0.01252	0.02827	0.04157	0.46314	0.02691	0.03279	0.06058	0.18204	0.04593	0.03079	0.01529	0.01117	0.00558	0.00531	0.00163	0.00580	0.00513	0.00358	0.00821
39	0.00688	0.00481	0.00598	0.00675	0.00698	0.00459	0.00428	0.00748	0.00931	0.01237	0.02533	0.51706	0.04791	0.29887	0.01387	0.00319	0.00379	0.01233	0.00430	0.00391
40	0.07646	0.49993	0.02248	0.03164	0.03129	0.12654	0.01944	0.08097	0.04061	0.01567	0.00860	0.00974	0.00730	0.00496	0.00394	0.00130	0.00613	0.00333	0.00279	0.00688
41	0.01155	0.05194	0.34056	0.01308	0.06318	0.01026	0.03751	0.01551	0.01144	0.06255	0.01209	0.04870	0.01020	0.00583	0.00493	0.00147	0.00600	0.04987	0.00305	0.24028
42	0.04459	0.31755	0.12127	0.01273	0.04219	0.26878	0.04057	0.03613	0.01246	0.01440	0.00836	0.01009	0.00707	0.01569	0.00496	0.00143	0.02894	0.00352	0.00256	0.00672
43	0.50179	0.01418	0.03265	0.01030	0.01377	0.17561	0.08040	0.03929	0.01136	0.04723	0.00901	0.02713	0.00718	0.00533	0.00412	0.00160	0.00584	0.00373	0.00328	0.00618
44	0.01240	0.16188	0.10227	0.01083	0.01389	0.13397	0.04176	0.09294	0.04565	0.01619	0.01675	0.29416	0.01744	0.00929	0.00539	0.00169	0.00569	0.00785	0.00374	0.00623

[dist]
# distance from previous block
# <min> <max>
1	5

[block]
# block no. 5 follows, 46 sequences, length 18
# corresponding to MSA columns:
# 294-311
name=unknown_F
#
# <colnr> <probs for GDERKNQSTAVLIFYWHMCP>
#	G	D	E	R	K	N	Q	S	T	A	V	L	I	F	Y	W	H	M	C	P
0	0.01164	0.04739	0.60758	0.01500	0.04521	0.06824	0.01743	0.01771	0.06637	0.01664	0.01014	0.01166	0.00745	0.00531	0.00535	0.00166	0.03099	0.00404	0.00251	0.00766
1	0.01175	0.00997	0.01191	0.00952	0.05565	0.00804	0.00710	0.06847	0.01204	0.01841	0.00967	0.01121	0.00795	0.00414	0.00409	0.00089	0.00419	0.00334	0.00326	0.73843
2	0.01784	0.01466	0.01435	0.01166	0.01522	0.10082	0.00932	0.47748	0.18815	0.02733	0.01436	0.01510	0.01089	0.05058	0.00643	0.00180	0.00583	0.00504	0.00491	0.00822
3	0.01252	0.04164	0.20236	0.01480	0.02022	0.05693	0.26234	0.01638	0.01204	0.05298	0.02892	0.01297	0.00880	0.00476	0.00511	0.00143	0.00689	0.00462	0.00294	0.23135
4	0.01193	0.13907	0.44212	0.01330	0.03641	0.07925	0.01474	0.01609	0.01132	0.03554	0.02148	0.01442	0.00923	0.02921	0.05488	0.00213	0.02554	0.03366	0.00262	0.00704
5	0.20515	0.02255	0.56141	0.01307	0.01950	0.01242	0.01583	0.03815	0.01097	0.01872	0.00901	0.01062	0.00655	0.00516	0.00499	0.00168	0.03063	0.00371	0.00256	0.00730
6	0.01380	0.01286	0.04130	0.04054	0.47183	0.03218	0.06139	0.12123	0.01389	0.03971	0.01245	0.05389	0.01086	0.00609	0.00547	0.00166	0.00625	0.04338	0.00331	0.00790
7	0.00726	0.00563	0.00807	0.02553	0.00986	0.00524	0.04367	0.00866	0.01057	0.01413	0.02756	0.60737	0.06077	0.01470	0.00657	0.00206	0.00365	0.08351	0.00464	0.05056
8	0.03747	0.02815	0.01077	0.00930	0.01158	0.02999	0.00696	0.07767	0.41346	0.04066	0.01835	0.02262	0.01565	0.24094	0.01149	0.00271	0.00475	0.00614	0.00458	0.00677
9	0.01375	0.01143	0.04347	0.03833	0.14628	0.00989	0.10776	0.07031	0.01283	0.12109	0.01158	0.01321	0.00883	0.00579	0.02825	0.00151	0.00572	0.00437	0.00353	0.34206
10	0.00998	0.09486	0.40087	0.01355	0.05316	0.01088	0.06451	0.01392	0.01095	0.01543	0.01508	0.24306	0.01507	0.00827	0.00546	0.00176	0.00623	0.00722	0.00306	0.00667
11	0.01003	0.01989	0.48697	0.01374	0.01919	0.01086	0.08838	0.01456	0.01042	0.01527	0.01101	0.01543	0.00916	0.09490	0.13140	0.00313	0.03162	0.00483	0.00247	0.00672
12	0.02002	0.00911	0.01189	0.00895	0.01321	0.00756	0.00733	0.02215	0.01392	0.56230	0.01753	0.01595	0.01156	0.00578	0.00491	0.00139	0.00433	0.00468	0.00555	0.25185
13	0.01028	0.00919	0.04106	0.14547	0.27879	0.00902	0.01092	0.01242	0.02635	0.01501	0.09649	0.08837	0.01573	0.03065	0.02754	0.16196	0.00555	0.00623	0.00313	0.00584
14	0.01334	0.05771	0.07329	0.05458	0.04525	0.27792	0.02740	0.01542	0.01296	0.05596	0.05237	0.08811	0.17395	0.00820	0.00535	0.00159	0.00625	0.00660	0.01777	0.00598
15	0.01108	0.01090	0.05770	0.12129	0.18524	0.04101	0.10581	0.03531	0.01119	0.03652	0.01376	0.10353	0.01306	0.11386	0.11348	0.00306	0.00742	0.00645	0.00311	0.00621
16	0.01866	0.00830	0.01104	0.00882	0.01210	0.00745	0.00714	0.03797	0.01479	0.52347	0.17819	0.03701	0.04124	0.00776	0.00584	0.00164	0.02642	0.00641	0.00604	0.03971
17	0.01092	0.01090	0.05312	0.52756	0.08527	0.01173	0.07397	0.06763	0.01199	0.01586	0.03335	0.05321	0.00996	0.00595	0.00544	0.00175	0.00676	0.00543	0.00283	0.00637

[dist]
# distance from previous block
# <min> <max>
0	85

# created by:
# /home/cegg/simao/soft/augustus-3.2.1/scripts/msa2prfl.pl ./align_prep/EOG091G0UQ0.fa
