[name]
unknown

[dist]
# distance from previous block
# <min> <max>
0	35

[block]
# block no. 0 follows, 48 sequences, length 47
# corresponding to MSA columns:
# 35-81
name=unknown_A
#
# <colnr> <probs for GDERKNQSTAVLIFYWHMCP>
#	G	D	E	R	K	N	Q	S	T	A	V	L	I	F	Y	W	H	M	C	P
0	0.00625	0.00447	0.00595	0.00714	0.00744	0.00417	0.00476	0.00714	0.00982	0.01310	0.02828	0.81633	0.03394	0.01608	0.00655	0.00208	0.00298	0.01459	0.00476	0.00417
1	0.01211	0.01149	0.01947	0.02928	0.71656	0.01146	0.01475	0.01496	0.01151	0.01643	0.01135	0.08594	0.01048	0.00562	0.00521	0.00157	0.00581	0.00548	0.00274	0.00777
2	0.02302	0.00873	0.01191	0.00913	0.01310	0.00754	0.00754	0.02501	0.01469	0.79122	0.02024	0.01746	0.01270	0.00635	0.00516	0.00159	0.00437	0.00516	0.00635	0.00873
3	0.00746	0.00497	0.00560	0.00560	0.00560	0.00497	0.00311	0.00746	0.00746	0.00995	0.01617	0.03358	0.01865	0.81967	0.02612	0.00497	0.00497	0.00746	0.00311	0.00311
4	0.01029	0.02654	0.79309	0.01462	0.02221	0.01192	0.01896	0.01625	0.01083	0.01625	0.00921	0.01083	0.00650	0.00487	0.00487	0.00162	0.00758	0.00379	0.00217	0.00758
5	0.00969	0.00912	0.01539	0.80734	0.03534	0.01140	0.01425	0.01311	0.01026	0.01311	0.00912	0.01368	0.00684	0.00513	0.00513	0.00171	0.00684	0.00456	0.00228	0.00570
6	0.00969	0.00912	0.01539	0.80734	0.03534	0.01140	0.01425	0.01311	0.01026	0.01311	0.00912	0.01368	0.00684	0.00513	0.00513	0.00171	0.00684	0.00456	0.00228	0.00570
7	0.00623	0.00455	0.00586	0.00691	0.00738	0.00419	0.00466	0.00717	0.01005	0.01319	0.03108	0.72558	0.12287	0.01571	0.00649	0.00204	0.00293	0.01414	0.00476	0.00419
8	0.01278	0.00983	0.01087	0.00978	0.01247	0.01094	0.00767	0.02400	0.57375	0.09119	0.11583	0.02341	0.02018	0.00772	0.00542	0.00174	0.00392	0.04556	0.00535	0.00759
9	0.01029	0.02654	0.79309	0.01462	0.02221	0.01192	0.01896	0.01625	0.01083	0.01625	0.00921	0.01083	0.00650	0.00487	0.00487	0.00162	0.00758	0.00379	0.00217	0.00758
10	0.00711	0.00523	0.00700	0.00686	0.00795	0.00511	0.00514	0.00919	0.01247	0.01749	0.49423	0.10780	0.08071	0.01762	0.18925	0.00320	0.00510	0.00899	0.00485	0.00469
11	0.00651	0.00513	0.00579	0.00578	0.00713	0.00450	0.00422	0.00805	0.01215	0.01561	0.26818	0.11725	0.45449	0.05358	0.00713	0.00189	0.00270	0.01054	0.00495	0.00441
12	0.05205	0.11132	0.01613	0.01118	0.01496	0.10163	0.05198	0.25220	0.01640	0.26720	0.01317	0.01300	0.00923	0.00587	0.00534	0.00152	0.04008	0.00442	0.00454	0.00780
13	0.01223	0.00826	0.00977	0.00879	0.03150	0.00884	0.03037	0.18872	0.08346	0.03942	0.01536	0.01813	0.01231	0.05652	0.10996	0.00250	0.00528	0.00513	0.34733	0.00613
14	0.00670	0.00655	0.07785	0.00790	0.00891	0.00503	0.00617	0.00812	0.00980	0.01330	0.02551	0.68651	0.02994	0.01664	0.06256	0.00248	0.00416	0.01296	0.00438	0.00451
15	0.13355	0.01380	0.02436	0.03503	0.09279	0.07307	0.50221	0.01634	0.01165	0.01696	0.00956	0.01254	0.00737	0.00460	0.00565	0.00167	0.02431	0.00518	0.00266	0.00671
16	0.01055	0.00912	0.01107	0.08049	0.01427	0.00726	0.00682	0.01294	0.01061	0.01639	0.00912	0.01092	0.00753	0.00392	0.00392	0.00085	0.00408	0.00318	0.00297	0.77400
17	0.01798	0.01128	0.01381	0.01068	0.01462	0.01136	0.05072	0.29298	0.11427	0.26841	0.01672	0.01589	0.03522	0.00618	0.00509	0.00151	0.00491	0.00505	0.00515	0.09815
18	0.01464	0.01069	0.01164	0.01010	0.01317	0.01192	0.00796	0.09391	0.56428	0.12948	0.01980	0.01829	0.01449	0.00675	0.00512	0.00167	0.00416	0.00555	0.04827	0.00809
19	0.18494	0.00987	0.00952	0.04144	0.05469	0.10857	0.00711	0.03236	0.09659	0.01715	0.05874	0.22480	0.08264	0.00994	0.02248	0.00187	0.00470	0.02300	0.00400	0.00558
20	0.01005	0.00956	0.01648	0.66800	0.10467	0.01139	0.05696	0.01339	0.01042	0.01356	0.00943	0.01414	0.00734	0.02726	0.00575	0.00178	0.00682	0.00473	0.00234	0.00593
21	0.00893	0.00447	0.00663	0.00663	0.00666	0.00447	0.00443	0.00683	0.00680	0.00920	0.00913	0.01570	0.00903	0.01749	0.01959	0.82670	0.00440	0.00447	0.02614	0.00230
22	0.00997	0.00941	0.01590	0.73451	0.10597	0.01147	0.01439	0.01336	0.01039	0.01345	0.00917	0.01359	0.00696	0.00508	0.00513	0.00169	0.00677	0.00456	0.00230	0.00593
23	0.00696	0.00526	0.00613	0.00636	0.00748	0.00484	0.00474	0.00831	0.01108	0.01414	0.13321	0.08106	0.34266	0.18776	0.01063	0.00256	0.00352	0.15459	0.00451	0.00420
24	0.00758	0.00522	0.00650	0.00658	0.00781	0.00470	0.00483	0.00924	0.01233	0.06026	0.30706	0.27216	0.22901	0.01267	0.00618	0.00180	0.00281	0.03335	0.00517	0.00473
25	0.00640	0.00453	0.00591	0.00695	0.00721	0.00427	0.00456	0.00718	0.00953	0.01271	0.02678	0.71934	0.03204	0.11564	0.00897	0.00244	0.00322	0.01370	0.00456	0.00404
26	0.15506	0.00694	0.00744	0.00678	0.00906	0.00669	0.00524	0.01361	0.05054	0.17919	0.04534	0.11613	0.30286	0.03077	0.00581	0.00178	0.00337	0.00805	0.03971	0.00564
27	0.05816	0.00686	0.00807	0.00727	0.00905	0.00679	0.00550	0.08305	0.04850	0.09006	0.38288	0.08697	0.08923	0.08578	0.00760	0.00197	0.00336	0.00826	0.00514	0.00550
28	0.00820	0.00640	0.00750	0.00708	0.00875	0.00629	0.00545	0.03159	0.13136	0.01915	0.43281	0.03841	0.21377	0.01063	0.00596	0.00170	0.00293	0.05139	0.00531	0.00532
29	0.01706	0.01164	0.01268	0.01002	0.01323	0.01260	0.00802	0.52840	0.01967	0.08687	0.01392	0.01650	0.01092	0.12651	0.00809	0.00202	0.00514	0.00510	0.08407	0.00753
30	0.00837	0.00554	0.00673	0.00649	0.00789	0.00504	0.00477	0.01023	0.02722	0.08684	0.30638	0.14533	0.24607	0.08754	0.00793	0.00204	0.00304	0.02264	0.00508	0.00486
31	0.00925	0.00516	0.00524	0.00517	0.00651	0.00514	0.00389	0.01213	0.05004	0.01867	0.04281	0.02324	0.10544	0.00698	0.00403	0.00130	0.00250	0.00567	0.68192	0.00490
32	0.01457	0.01064	0.01168	0.01011	0.01319	0.01179	0.00797	0.09358	0.54953	0.13825	0.04987	0.01963	0.03173	0.00706	0.00525	0.00169	0.00416	0.00583	0.00539	0.00806
33	0.01901	0.00813	0.01055	0.00845	0.01176	0.00723	0.00682	0.05893	0.01423	0.57021	0.02408	0.06702	0.11082	0.02735	0.00581	0.00170	0.00409	0.00642	0.02970	0.00767
34	0.00941	0.00707	0.00791	0.00731	0.00925	0.00713	0.00554	0.01472	0.23443	0.06161	0.22602	0.03447	0.27229	0.05614	0.00716	0.01719	0.00325	0.00835	0.00507	0.00570
35	0.61716	0.01076	0.00935	0.00800	0.01133	0.01230	0.00655	0.14507	0.08373	0.04032	0.00959	0.01022	0.00719	0.00524	0.00374	0.00159	0.00427	0.00342	0.00377	0.00640
36	0.02302	0.00873	0.01191	0.00913	0.01310	0.00754	0.00754	0.02501	0.01469	0.79122	0.02024	0.01746	0.01270	0.00635	0.00516	0.00159	0.00437	0.00516	0.00635	0.00873
37	0.05836	0.00498	0.00639	0.00638	0.00674	0.00512	0.00427	0.00798	0.00753	0.01120	0.01199	0.04496	0.01224	0.19215	0.06272	0.46400	0.00483	0.00542	0.07968	0.00304
38	0.11544	0.01301	0.01517	0.01361	0.05856	0.17672	0.12471	0.01486	0.03138	0.01475	0.01003	0.03257	0.00890	0.01260	0.16212	0.00300	0.17921	0.00475	0.00275	0.00585
39	0.00891	0.00446	0.00668	0.00668	0.00668	0.00446	0.00446	0.00668	0.00668	0.00891	0.00891	0.01560	0.00891	0.01783	0.02005	0.85071	0.00446	0.00446	0.00223	0.00223
40	0.00639	0.00463	0.00603	0.00690	0.00744	0.00428	0.00471	0.00754	0.01066	0.01426	0.14195	0.64551	0.09068	0.01503	0.00644	0.00199	0.00287	0.01353	0.00489	0.00428
41	0.00976	0.00780	0.00948	0.09716	0.02912	0.00837	0.00733	0.07115	0.17934	0.01642	0.02504	0.05504	0.16822	0.13208	0.00928	0.02548	0.00448	0.13465	0.00424	0.00555
42	0.01372	0.82276	0.02689	0.00878	0.01317	0.02030	0.00878	0.01536	0.01043	0.01207	0.00713	0.00823	0.00658	0.00439	0.00329	0.00110	0.00549	0.00274	0.00219	0.00658
43	0.01236	0.00980	0.01284	0.00927	0.01381	0.00794	0.07802	0.05291	0.01183	0.08807	0.01041	0.01165	0.00814	0.00420	0.00420	0.00097	0.00440	0.00360	0.00341	0.65217
44	0.01201	0.08901	0.20689	0.11274	0.12984	0.09380	0.12605	0.01550	0.01159	0.03177	0.03903	0.03128	0.02986	0.00576	0.00541	0.00160	0.02725	0.02114	0.00274	0.00673
45	0.01177	0.01175	0.08210	0.01026	0.01342	0.01171	0.00864	0.02396	0.61996	0.02010	0.02290	0.03835	0.08750	0.00753	0.00530	0.00174	0.00422	0.00628	0.00489	0.00763
46	0.05853	0.01279	0.01664	0.05962	0.01787	0.01380	0.14452	0.39696	0.12749	0.02511	0.01276	0.01406	0.00956	0.03142	0.00583	0.00170	0.00586	0.00498	0.00429	0.03623

[dist]
# distance from previous block
# <min> <max>
4	5

[block]
# block no. 1 follows, 48 sequences, length 17
# corresponding to MSA columns:
# 87-93,96-105
name=unknown_B
#
# <colnr> <probs for GDERKNQSTAVLIFYWHMCP>
#	G	D	E	R	K	N	Q	S	T	A	V	L	I	F	Y	W	H	M	C	P
0	0.01034	0.00795	0.00887	0.00821	0.00989	0.00847	0.00605	0.09943	0.23033	0.01733	0.05745	0.08634	0.05047	0.27175	0.01226	0.00281	0.00437	0.07033	0.00438	0.03297
1	0.01306	0.07434	0.11099	0.01735	0.02222	0.03020	0.43602	0.10425	0.08440	0.01821	0.01107	0.01325	0.00834	0.00499	0.00579	0.00166	0.02832	0.00527	0.00305	0.00724
2	0.01795	0.01331	0.01422	0.01104	0.01487	0.01457	0.00908	0.68238	0.02269	0.03020	0.01690	0.01660	0.09849	0.00695	0.00524	0.00156	0.00529	0.00534	0.00509	0.00822
3	0.00625	0.00447	0.00595	0.00714	0.00744	0.00417	0.00476	0.00714	0.00982	0.01310	0.02828	0.81633	0.03394	0.01608	0.00655	0.00208	0.00298	0.01459	0.00476	0.00417
4	0.01010	0.00650	0.00823	0.00790	0.00888	0.00681	0.00574	0.13212	0.04637	0.01483	0.01558	0.19027	0.01606	0.04365	0.04596	0.37363	0.00469	0.03940	0.01903	0.00426
5	0.01760	0.02054	0.01403	0.01239	0.01515	0.57603	0.02713	0.12987	0.01551	0.01569	0.01261	0.04495	0.06382	0.00638	0.00491	0.00142	0.00798	0.00455	0.00325	0.00620
6	0.01161	0.01199	0.01736	0.01440	0.01510	0.04287	0.09874	0.01311	0.00858	0.01283	0.00720	0.01146	0.00685	0.00831	0.01516	0.00215	0.68957	0.00463	0.00230	0.00578
7	0.03422	0.00912	0.01087	0.00917	0.04943	0.00786	0.00679	0.09971	0.01196	0.01793	0.01187	0.09739	0.01102	0.00629	0.00510	0.03951	0.00409	0.02085	0.00344	0.54334
8	0.00902	0.00543	0.00641	0.00613	0.00689	0.00518	0.00395	0.00960	0.00928	0.10140	0.05880	0.07163	0.11314	0.53387	0.03481	0.00395	0.00457	0.00800	0.00388	0.00407
9	0.00746	0.00497	0.00560	0.00560	0.00560	0.00497	0.00311	0.00746	0.00746	0.00995	0.01617	0.03358	0.01865	0.81967	0.02612	0.00497	0.00497	0.00746	0.00311	0.00311
10	0.01496	0.01002	0.01124	0.00966	0.01272	0.01074	0.00763	0.09389	0.42918	0.20300	0.02309	0.04889	0.08666	0.00762	0.00532	0.00170	0.00411	0.00632	0.00542	0.00783
11	0.00695	0.00522	0.00597	0.00613	0.00711	0.00482	0.00425	0.02581	0.01090	0.01402	0.12350	0.21276	0.31252	0.20708	0.01099	0.00258	0.00335	0.02738	0.00448	0.00418
12	0.02006	0.01297	0.01447	0.01115	0.01518	0.01389	0.00919	0.57396	0.04935	0.20460	0.01443	0.01374	0.00988	0.00623	0.00514	0.00156	0.00530	0.00479	0.00541	0.00871
13	0.01382	0.00969	0.01054	0.00901	0.01161	0.01051	0.00710	0.29012	0.17614	0.05086	0.05219	0.10958	0.01605	0.00763	0.00500	0.00157	0.00406	0.00629	0.20124	0.00698
14	0.01023	0.00635	0.00739	0.00686	0.00872	0.00585	0.00512	0.03658	0.05663	0.15698	0.08397	0.15637	0.33666	0.08919	0.00782	0.00206	0.00338	0.00945	0.00499	0.00539
15	0.05035	0.00737	0.00796	0.00776	0.00953	0.00783	0.00588	0.01539	0.27739	0.01734	0.05367	0.13295	0.16262	0.07697	0.00723	0.00205	0.00358	0.07244	0.07604	0.00568
16	0.00629	0.00457	0.00585	0.00685	0.00730	0.00422	0.00459	0.00718	0.00993	0.01304	0.03046	0.69141	0.12008	0.05299	0.00740	0.00218	0.00303	0.01382	0.00469	0.00414

[dist]
# distance from previous block
# <min> <max>
0	50

[block]
# block no. 2 follows, 48 sequences, length 43
# corresponding to MSA columns:
# 156-198
name=unknown_C
#
# <colnr> <probs for GDERKNQSTAVLIFYWHMCP>
#	G	D	E	R	K	N	Q	S	T	A	V	L	I	F	Y	W	H	M	C	P
0	0.02402	0.00513	0.00587	0.00590	0.00718	0.00469	0.00434	0.00897	0.01218	0.01702	0.29456	0.15905	0.28445	0.01140	0.00571	0.00166	0.00259	0.00981	0.13088	0.00457
1	0.27351	0.00661	0.00660	0.00648	0.00827	0.00674	0.00488	0.01064	0.01087	0.03855	0.16688	0.21001	0.19778	0.02366	0.00557	0.00180	0.00317	0.00867	0.00444	0.00487
2	0.00634	0.00458	0.00603	0.00715	0.00757	0.00427	0.00489	0.00733	0.01003	0.01326	0.02960	0.73331	0.07738	0.01580	0.00655	0.00208	0.00304	0.05182	0.00476	0.00421
3	0.00780	0.00547	0.00608	0.00598	0.00648	0.00540	0.00370	0.04786	0.00915	0.01195	0.02219	0.09170	0.13367	0.59779	0.02059	0.00410	0.00451	0.00833	0.00358	0.00367
4	0.00813	0.04844	0.00736	0.00664	0.00737	0.00575	0.00460	0.00901	0.00962	0.03950	0.09127	0.21208	0.04157	0.38197	0.01521	0.00329	0.00416	0.07742	0.02254	0.00410
5	0.01326	0.00663	0.00889	0.00820	0.01015	0.00633	0.00645	0.01521	0.02729	0.29524	0.03142	0.12617	0.01951	0.10612	0.12649	0.00315	0.00560	0.13569	0.04224	0.00598
6	0.81449	0.01224	0.01002	0.00913	0.01247	0.01326	0.00707	0.01732	0.01096	0.02573	0.01063	0.01314	0.00887	0.00702	0.00471	0.00220	0.00515	0.00395	0.00431	0.00732
7	0.00655	0.00518	0.00565	0.00555	0.00690	0.00455	0.00400	0.00792	0.01173	0.01485	0.21827	0.04443	0.49854	0.13277	0.00905	0.00219	0.00291	0.00996	0.00472	0.00427
8	0.01241	0.01320	0.01554	0.01343	0.01383	0.13260	0.01103	0.01356	0.00886	0.01238	0.00691	0.01093	0.00672	0.00843	0.01502	0.00211	0.69076	0.00431	0.00230	0.00566
9	0.01207	0.01163	0.01933	0.13325	0.57087	0.01261	0.01487	0.01489	0.01092	0.01561	0.00914	0.01261	0.00775	0.00530	0.00684	0.00166	0.12619	0.00456	0.00246	0.00743
10	0.01132	0.00856	0.01383	0.57467	0.04404	0.00996	0.01212	0.01421	0.01090	0.12928	0.01313	0.11219	0.01105	0.00664	0.00531	0.00173	0.00598	0.00587	0.00320	0.00602
11	0.00802	0.00610	0.00748	0.00699	0.00848	0.00600	0.00528	0.01219	0.12836	0.02037	0.63378	0.03603	0.08091	0.01009	0.00593	0.00164	0.00267	0.00884	0.00554	0.00531
12	0.00768	0.00624	0.00839	0.00990	0.12385	0.00578	0.00623	0.00972	0.01276	0.01717	0.36576	0.07784	0.26914	0.02804	0.00639	0.00175	0.00317	0.03029	0.00479	0.00510
13	0.01966	0.00956	0.01436	0.01097	0.01490	0.00866	0.12113	0.06188	0.02745	0.55621	0.02021	0.01969	0.05158	0.00666	0.00541	0.00164	0.00499	0.03137	0.00557	0.00809
14	0.01200	0.13090	0.01467	0.00984	0.05421	0.00948	0.04577	0.01431	0.01097	0.06101	0.00956	0.01095	0.00778	0.00410	0.00399	0.00095	0.00445	0.00335	0.00306	0.58863
15	0.01704	0.01347	0.01682	0.01293	0.03329	0.01408	0.11200	0.53943	0.02022	0.02752	0.01152	0.01228	0.00842	0.00553	0.00506	0.00145	0.00579	0.00458	0.00442	0.13415
16	0.00835	0.00666	0.00711	0.00672	0.00874	0.00626	0.00533	0.12165	0.01356	0.01681	0.04291	0.04493	0.57376	0.01212	0.00606	0.00178	0.00332	0.10407	0.00481	0.00504
17	0.00622	0.00524	0.00558	0.00558	0.00721	0.00460	0.00422	0.00759	0.01126	0.01361	0.04713	0.04567	0.68755	0.01623	0.10670	0.00256	0.00401	0.01015	0.00451	0.00436
18	0.01290	0.00810	0.00971	0.00850	0.01114	0.00789	0.00656	0.01833	0.23299	0.20798	0.10205	0.18008	0.04757	0.00881	0.00541	0.00163	0.00366	0.00759	0.00516	0.11394
19	0.04318	0.01076	0.01482	0.13026	0.01814	0.01147	0.09178	0.23741	0.06407	0.19699	0.01399	0.01516	0.01011	0.00996	0.10594	0.00246	0.00673	0.00502	0.00435	0.00741
20	0.01060	0.13112	0.01899	0.58851	0.03095	0.01293	0.10919	0.01387	0.01052	0.01338	0.00898	0.01289	0.00692	0.00492	0.00497	0.00162	0.00687	0.00448	0.00231	0.00599
21	0.01169	0.00771	0.00847	0.00780	0.00990	0.00826	0.00605	0.01889	0.32000	0.08682	0.08822	0.03920	0.01831	0.00731	0.00479	0.00155	0.00333	0.03212	0.31312	0.00646
22	0.11759	0.01028	0.01772	0.53002	0.03021	0.01177	0.18198	0.01410	0.01048	0.01511	0.00915	0.01304	0.00689	0.00490	0.00509	0.00170	0.00688	0.00467	0.00246	0.00595
23	0.02247	0.01358	0.17297	0.01061	0.01417	0.04921	0.03235	0.09146	0.25557	0.01909	0.07170	0.08646	0.12241	0.00807	0.00539	0.00169	0.00494	0.00676	0.00427	0.00683
24	0.00733	0.00534	0.00696	0.00682	0.00806	0.00497	0.00529	0.00967	0.01394	0.01936	0.62413	0.04197	0.09363	0.01120	0.00621	0.00173	0.00278	0.12037	0.00545	0.00479
25	0.00641	0.00453	0.00591	0.00695	0.00721	0.00427	0.00455	0.00718	0.00952	0.01270	0.02674	0.71702	0.03200	0.11802	0.00903	0.00245	0.00323	0.01368	0.00455	0.00403
26	0.09329	0.01200	0.03031	0.01064	0.01457	0.04476	0.04697	0.28127	0.02957	0.33107	0.01554	0.01478	0.02258	0.00608	0.00498	0.00156	0.00520	0.00479	0.02200	0.00806
27	0.01315	0.38703	0.21731	0.01071	0.01569	0.12554	0.01112	0.01594	0.01114	0.01389	0.00807	0.00939	0.00672	0.00455	0.00396	0.00121	0.00630	0.00313	0.00238	0.13275
28	0.00726	0.00511	0.00607	0.00607	0.00648	0.00518	0.00387	0.00779	0.00816	0.01084	0.02023	0.03291	0.11479	0.56170	0.17762	0.00522	0.00642	0.00750	0.00325	0.00356
29	0.01780	0.02089	0.01478	0.13153	0.01877	0.58219	0.01054	0.11454	0.01512	0.01515	0.00867	0.01030	0.00691	0.00537	0.00477	0.00141	0.00844	0.00366	0.00291	0.00626
30	0.00762	0.00555	0.00745	0.00849	0.00958	0.00539	0.00707	0.00958	0.01143	0.01475	0.03052	0.19614	0.12625	0.01437	0.00686	0.00223	0.00413	0.52328	0.00474	0.00457
31	0.01944	0.01622	0.01524	0.01207	0.01590	0.15979	0.00978	0.63276	0.02236	0.02870	0.01151	0.01176	0.00834	0.00600	0.00504	0.00150	0.00631	0.00438	0.00468	0.00822
32	0.00860	0.00490	0.00490	0.00490	0.00624	0.00466	0.00367	0.01069	0.01102	0.01768	0.02647	0.02748	0.22640	0.00792	0.00427	0.00134	0.00245	0.00645	0.61532	0.00466
33	0.01474	0.67790	0.02478	0.00940	0.01366	0.06102	0.00896	0.11144	0.01238	0.01467	0.00783	0.00880	0.00686	0.00466	0.00360	0.00117	0.00571	0.00301	0.00259	0.00682
34	0.01478	0.48822	0.13221	0.01065	0.01520	0.13476	0.01052	0.11206	0.01284	0.01531	0.00820	0.00927	0.00685	0.00482	0.00395	0.00126	0.00637	0.00321	0.00263	0.00690
35	0.01193	0.01094	0.01432	0.05310	0.05655	0.04901	0.12185	0.06481	0.34033	0.01913	0.08226	0.11959	0.01786	0.00767	0.00554	0.00173	0.00506	0.00693	0.00439	0.00697
36	0.78504	0.01006	0.00820	0.04323	0.01131	0.01168	0.00611	0.04437	0.00940	0.02293	0.00744	0.00873	0.00574	0.00483	0.00334	0.00159	0.00416	0.00293	0.00321	0.00569
37	0.01136	0.01062	0.01761	0.25063	0.46551	0.01132	0.01413	0.01489	0.04123	0.01600	0.04600	0.01679	0.01101	0.00560	0.00525	0.00163	0.00599	0.04450	0.00283	0.00710
38	0.00686	0.00548	0.00623	0.00711	0.00769	0.04024	0.00482	0.00779	0.01018	0.01305	0.02989	0.65201	0.12746	0.04645	0.00716	0.00212	0.00329	0.01332	0.00460	0.00423
39	0.00619	0.00516	0.00525	0.00528	0.00683	0.00438	0.00385	0.00737	0.01129	0.01351	0.04836	0.06749	0.70195	0.08100	0.00777	0.00201	0.00281	0.01064	0.00463	0.00422
40	0.00671	0.00492	0.00657	0.00796	0.04255	0.00465	0.00502	0.00763	0.00977	0.01303	0.04086	0.63635	0.06033	0.11728	0.00894	0.00240	0.00335	0.01298	0.00447	0.00423
41	0.01042	0.00940	0.01534	0.11737	0.44562	0.00962	0.01183	0.01270	0.01061	0.01474	0.01404	0.17179	0.01433	0.11028	0.00804	0.00209	0.00544	0.00689	0.00301	0.00643
42	0.05592	0.04654	0.01290	0.01157	0.14063	0.00858	0.00778	0.01361	0.01070	0.01685	0.00901	0.01075	0.00753	0.00401	0.00396	0.00095	0.00427	0.00327	0.00293	0.62825

[dist]
# distance from previous block
# <min> <max>
0	24

# created by:
# /home/cegg/simao/soft/augustus-3.2.1/scripts/msa2prfl.pl ./align_prep/EOG091G19Y2.fa
