[name]
unknown

[dist]
# distance from previous block
# <min> <max>
0	113

[block]
# block no. 0 follows, 41 sequences, length 30
# corresponding to MSA columns:
# 274-286,291-303,306-309
name=unknown_A
#
# <colnr> <probs for GDERKNQSTAVLIFYWHMCP>
#	G	D	E	R	K	N	Q	S	T	A	V	L	I	F	Y	W	H	M	C	P
0	0.01311	0.03108	0.08211	0.17051	0.06924	0.10734	0.13171	0.02856	0.02711	0.03948	0.01529	0.06332	0.03352	0.00907	0.04376	0.00219	0.00772	0.06230	0.00343	0.05914
1	0.03591	0.12234	0.18064	0.01463	0.06693	0.10022	0.07623	0.09653	0.01491	0.07802	0.08881	0.05935	0.01478	0.00693	0.00553	0.00170	0.00680	0.00576	0.00387	0.02012
2	0.01245	0.05151	0.03371	0.03103	0.01331	0.05923	0.05064	0.07229	0.04027	0.08837	0.19554	0.21174	0.05055	0.05392	0.00757	0.00209	0.00494	0.00939	0.00505	0.00640
3	0.00853	0.00581	0.00654	0.00652	0.00678	0.00587	0.00386	0.00935	0.03793	0.01215	0.01985	0.05459	0.04566	0.68448	0.04318	0.00517	0.00551	0.00843	0.02594	0.00385
4	0.10727	0.01105	0.05812	0.17455	0.07210	0.01104	0.05135	0.04228	0.08168	0.04502	0.07901	0.11562	0.04913	0.02711	0.02240	0.00216	0.03203	0.00726	0.00407	0.00677
5	0.03966	0.04928	0.11378	0.04530	0.03651	0.08202	0.11205	0.09984	0.06844	0.05992	0.03989	0.03654	0.02985	0.00865	0.03362	0.00211	0.06731	0.04285	0.00392	0.02847
6	0.07836	0.00795	0.00940	0.00818	0.01077	0.00765	0.00648	0.07171	0.01530	0.19729	0.24224	0.03292	0.16694	0.01168	0.04583	0.00218	0.00436	0.02230	0.05177	0.00669
7	0.00978	0.00641	0.00804	0.00742	0.00920	0.00586	0.00563	0.01261	0.03869	0.09540	0.53090	0.05892	0.16573	0.01172	0.00663	0.00183	0.00302	0.01019	0.00617	0.00583
8	0.04806	0.03632	0.18755	0.10513	0.07833	0.01320	0.17817	0.08235	0.05735	0.08261	0.01376	0.05509	0.01080	0.00635	0.00581	0.00184	0.00721	0.00586	0.01625	0.00798
9	0.03469	0.05396	0.01729	0.13065	0.15551	0.06501	0.01202	0.17581	0.03299	0.14295	0.03419	0.03612	0.01208	0.00699	0.00636	0.00179	0.04938	0.01970	0.00436	0.00816
10	0.00870	0.00604	0.00722	0.00699	0.00870	0.00539	0.00525	0.01058	0.01382	0.07387	0.26912	0.12578	0.36332	0.01509	0.05188	0.00235	0.00376	0.01116	0.00562	0.00537
11	0.00795	0.00545	0.00662	0.00701	0.00729	0.00532	0.00443	0.00860	0.01003	0.01349	0.09297	0.25785	0.02938	0.46512	0.01978	0.00413	0.00462	0.04153	0.00434	0.00407
12	0.08032	0.12179	0.07759	0.10947	0.07354	0.26490	0.01240	0.13157	0.01536	0.01897	0.00978	0.01172	0.00779	0.00591	0.00556	0.00164	0.03686	0.00415	0.00324	0.00744
13	0.06242	0.04915	0.04890	0.05970	0.05671	0.28949	0.05387	0.08197	0.07604	0.05893	0.01225	0.01385	0.00953	0.00740	0.03236	0.00191	0.02376	0.00465	0.04971	0.00738
14	0.00994	0.00497	0.00745	0.00745	0.00745	0.00497	0.00497	0.00745	0.00745	0.00994	0.00994	0.01739	0.00994	0.01987	0.02235	0.83358	0.00497	0.00497	0.00248	0.00248
15	0.01448	0.01231	0.01526	0.01226	0.01619	0.01283	0.08824	0.15153	0.33632	0.02439	0.08489	0.01950	0.01675	0.00697	0.00569	0.00168	0.00518	0.00603	0.00507	0.16442
16	0.15403	0.02663	0.01218	0.00961	0.01325	0.04459	0.00781	0.09045	0.01605	0.38352	0.14357	0.02063	0.01876	0.00745	0.00545	0.00173	0.00478	0.00588	0.02550	0.00813
17	0.00722	0.00515	0.00660	0.00757	0.00798	0.00483	0.00500	0.00819	0.01096	0.01461	0.07342	0.60819	0.06729	0.13199	0.01044	0.00275	0.00359	0.01457	0.00510	0.00452
18	0.01327	0.01603	0.09569	0.18515	0.13366	0.05629	0.38000	0.01766	0.01302	0.01733	0.01089	0.01462	0.00830	0.00517	0.00617	0.00186	0.00874	0.00576	0.00277	0.00762
19	0.00805	0.00564	0.00691	0.00756	0.00873	0.00506	0.00547	0.00940	0.01212	0.05400	0.03991	0.44307	0.28119	0.01602	0.00709	0.00219	0.00342	0.07375	0.00540	0.00502
20	0.02408	0.01026	0.01331	0.01028	0.01458	0.00933	0.00847	0.11332	0.01745	0.63477	0.02357	0.02086	0.05743	0.00749	0.00581	0.00177	0.00492	0.00605	0.00681	0.00945
21	0.00787	0.00588	0.00760	0.03417	0.00948	0.00548	0.00561	0.01022	0.01495	0.02059	0.54795	0.13533	0.14831	0.01263	0.00678	0.00189	0.00297	0.01112	0.00591	0.00526
22	0.01449	0.12405	0.48584	0.04028	0.02218	0.01466	0.01707	0.11712	0.01436	0.08130	0.01145	0.01264	0.00817	0.00570	0.00528	0.00172	0.00754	0.00436	0.00325	0.00852
23	0.01543	0.01842	0.05613	0.01506	0.01676	0.28340	0.03667	0.01719	0.01173	0.01421	0.00857	0.01221	0.00776	0.00947	0.04321	0.00235	0.41765	0.00460	0.00269	0.00650
24	0.65497	0.03654	0.01130	0.00922	0.01279	0.02785	0.04601	0.05583	0.01116	0.02458	0.00943	0.01232	0.00775	0.00593	0.00441	0.00181	0.02360	0.03441	0.00363	0.00647
25	0.00989	0.00750	0.03876	0.00891	0.01031	0.00682	0.00723	0.03358	0.01167	0.03604	0.02287	0.06163	0.02429	0.28432	0.04036	0.00364	0.00563	0.30774	0.05046	0.02836
26	0.69747	0.01108	0.00941	0.00810	0.01180	0.01243	0.00668	0.04741	0.01131	0.12560	0.01015	0.01084	0.00740	0.00561	0.00392	0.00177	0.00456	0.00354	0.00410	0.00681
27	0.72458	0.01145	0.00945	0.00817	0.01185	0.01307	0.00673	0.08425	0.01164	0.06272	0.00921	0.01020	0.00691	0.00554	0.00385	0.00176	0.00462	0.00342	0.00391	0.00669
28	0.04673	0.01066	0.01369	0.11301	0.05974	0.01085	0.02681	0.12698	0.08055	0.06817	0.07413	0.05825	0.03939	0.02266	0.00628	0.00175	0.01817	0.03438	0.00448	0.18330
29	0.05328	0.04123	0.05999	0.02668	0.03723	0.16743	0.08777	0.01539	0.01170	0.01540	0.01304	0.11563	0.01272	0.02539	0.12138	0.00304	0.15447	0.00635	0.00317	0.02869

[dist]
# distance from previous block
# <min> <max>
0	5

[block]
# block no. 1 follows, 41 sequences, length 7
# corresponding to MSA columns:
# 315-321
name=unknown_B
#
# <colnr> <probs for GDERKNQSTAVLIFYWHMCP>
#	G	D	E	R	K	N	Q	S	T	A	V	L	I	F	Y	W	H	M	C	P
0	0.01227	0.01085	0.01653	0.02122	0.34838	0.01091	0.04056	0.06481	0.07438	0.02008	0.11744	0.09441	0.09093	0.00885	0.00622	0.00187	0.00540	0.04300	0.00430	0.00759
1	0.02080	0.01134	0.08865	0.01182	0.05975	0.00874	0.00976	0.02361	0.01571	0.53080	0.13602	0.02205	0.01939	0.00752	0.00587	0.00177	0.00500	0.00628	0.00623	0.00889
2	0.01230	0.04757	0.12510	0.07394	0.04614	0.04071	0.07478	0.04240	0.01358	0.09356	0.05420	0.13343	0.16637	0.00986	0.00622	0.00191	0.00576	0.04101	0.00437	0.00679
3	0.05957	0.08392	0.12088	0.03802	0.01534	0.07945	0.06984	0.05820	0.01141	0.01539	0.01100	0.04704	0.00996	0.01236	0.03046	0.31682	0.00675	0.00513	0.00294	0.00551
4	0.00903	0.00594	0.00765	0.00832	0.00929	0.00565	0.00621	0.01044	0.01164	0.06096	0.03056	0.31163	0.10168	0.16727	0.01155	0.00297	0.00438	0.22485	0.00505	0.00493
5	0.05256	0.00720	0.02778	0.00732	0.00951	0.00633	0.00594	0.01273	0.01342	0.06950	0.21042	0.03555	0.18526	0.01125	0.03139	0.00197	0.00382	0.06086	0.19167	0.05554
6	0.13967	0.19339	0.13282	0.06087	0.01711	0.12355	0.01094	0.06746	0.04737	0.01868	0.04191	0.01422	0.01060	0.04555	0.02102	0.00192	0.00679	0.00440	0.00332	0.03839

[dist]
# distance from previous block
# <min> <max>
0	1

[block]
# block no. 2 follows, 41 sequences, length 8
# corresponding to MSA columns:
# 323-330
name=unknown_C
#
# <colnr> <probs for GDERKNQSTAVLIFYWHMCP>
#	G	D	E	R	K	N	Q	S	T	A	V	L	I	F	Y	W	H	M	C	P
0	0.01513	0.03665	0.07831	0.01026	0.01339	0.04508	0.00889	0.07824	0.01415	0.21768	0.10567	0.02234	0.04334	0.01837	0.22640	0.03981	0.00826	0.00622	0.00471	0.00708
1	0.00926	0.00682	0.00814	0.00784	0.00960	0.00658	0.00595	0.01332	0.11602	0.04948	0.35920	0.12179	0.20539	0.01246	0.00670	0.00194	0.00327	0.04450	0.00589	0.00586
2	0.01471	0.03354	0.14173	0.01215	0.01615	0.05304	0.04903	0.02138	0.20907	0.15279	0.07003	0.05943	0.03735	0.01007	0.05455	0.00230	0.02512	0.00653	0.00476	0.02626
3	0.01414	0.12021	0.19777	0.03669	0.06499	0.09300	0.24641	0.03518	0.04666	0.01766	0.01101	0.01349	0.00855	0.00559	0.00623	0.00176	0.04481	0.00508	0.02303	0.00775
4	0.00849	0.00626	0.00827	0.00842	0.00950	0.00661	0.00629	0.01097	0.06547	0.01508	0.08107	0.14330	0.10535	0.07913	0.30689	0.06767	0.00835	0.05366	0.00422	0.00502
5	0.00856	0.00556	0.00655	0.00692	0.00753	0.00544	0.00472	0.00973	0.01058	0.01504	0.05456	0.17161	0.05469	0.35255	0.01613	0.00353	0.00436	0.09801	0.15956	0.00438
6	0.01052	0.00910	0.02439	0.05888	0.08128	0.04524	0.00826	0.01378	0.07195	0.01709	0.06888	0.08947	0.11000	0.07997	0.07487	0.00281	0.05529	0.03803	0.13426	0.00592
7	0.05113	0.09616	0.18767	0.04968	0.07555	0.11407	0.02710	0.06293	0.07029	0.05785	0.01587	0.01850	0.06247	0.00779	0.02248	0.00193	0.03112	0.03620	0.00363	0.00760

[dist]
# distance from previous block
# <min> <max>
1	3

[block]
# block no. 3 follows, 41 sequences, length 41
# corresponding to MSA columns:
# 335,336,343-354,370-388,390-397
name=unknown_D
#
# <colnr> <probs for GDERKNQSTAVLIFYWHMCP>
#	G	D	E	R	K	N	Q	S	T	A	V	L	I	F	Y	W	H	M	C	P
0	0.03952	0.00628	0.00753	0.00750	0.00897	0.00585	0.00548	0.03515	0.01381	0.03580	0.28631	0.29888	0.17982	0.01367	0.00670	0.00198	0.00322	0.01198	0.00559	0.02596
1	0.03136	0.28586	0.21019	0.01310	0.01829	0.04071	0.08411	0.07582	0.07928	0.01799	0.01201	0.03505	0.01018	0.05504	0.00649	0.00186	0.00691	0.00489	0.00322	0.00764
2	0.01494	0.01180	0.03181	0.03408	0.01734	0.02946	0.15247	0.10067	0.04955	0.12485	0.04638	0.04838	0.03331	0.00695	0.00596	0.02026	0.00575	0.00598	0.05955	0.20050
3	0.06501	0.21394	0.12094	0.01170	0.01558	0.05078	0.06159	0.07134	0.03219	0.01719	0.01344	0.05806	0.02733	0.01481	0.17014	0.03205	0.00845	0.00540	0.00326	0.00679
4	0.03626	0.27785	0.50967	0.01396	0.02112	0.01628	0.01706	0.01776	0.01186	0.01683	0.00945	0.01106	0.00725	0.00526	0.00481	0.00162	0.00759	0.00382	0.00246	0.00803
5	0.00750	0.00553	0.00686	0.00717	0.00829	0.00503	0.00517	0.00934	0.01352	0.01826	0.32033	0.30557	0.20190	0.01440	0.00689	0.00201	0.00300	0.02596	0.02826	0.00501
6	0.05175	0.02052	0.41350	0.04821	0.02155	0.01174	0.06520	0.01992	0.03381	0.18789	0.03267	0.01657	0.03846	0.00632	0.00561	0.00182	0.00705	0.00523	0.00385	0.00831
7	0.01515	0.54753	0.17805	0.01128	0.01669	0.04350	0.01197	0.01798	0.01209	0.06153	0.00958	0.01084	0.00795	0.00630	0.02708	0.00162	0.00692	0.00357	0.00276	0.00763
8	0.01006	0.00911	0.08300	0.00941	0.01128	0.00778	0.02698	0.02922	0.03666	0.05568	0.09859	0.12299	0.03798	0.23597	0.17489	0.00448	0.02793	0.00833	0.00413	0.00553
9	0.00714	0.00530	0.00670	0.00775	0.00851	0.00487	0.00547	0.00838	0.01160	0.01502	0.03700	0.56961	0.19040	0.01699	0.00724	0.00227	0.00341	0.08227	0.00531	0.00474
10	0.09467	0.06966	0.32342	0.01274	0.01834	0.01361	0.01374	0.17357	0.01531	0.07503	0.01513	0.01670	0.05549	0.00677	0.00565	0.00177	0.02618	0.02166	0.03249	0.00807
11	0.03293	0.34381	0.28360	0.01212	0.01771	0.01655	0.01335	0.04235	0.03211	0.04318	0.03817	0.01500	0.03815	0.00625	0.00523	0.00161	0.02972	0.01736	0.00312	0.00768
12	0.00813	0.00577	0.00727	0.00770	0.00891	0.00546	0.00573	0.00977	0.01210	0.04007	0.09460	0.28642	0.23522	0.03527	0.11013	0.00314	0.00504	0.08738	0.02685	0.00504
13	0.00835	0.00600	0.00821	0.00948	0.01048	0.00585	0.00770	0.01038	0.01239	0.01619	0.03161	0.31890	0.05820	0.01650	0.00765	0.00250	0.00451	0.45478	0.00528	0.00504
14	0.01558	0.47559	0.06796	0.01069	0.01488	0.12574	0.00993	0.03501	0.04168	0.04131	0.01060	0.01346	0.00947	0.08251	0.02261	0.00193	0.00688	0.00407	0.00300	0.00710
15	0.01620	0.07682	0.14574	0.02794	0.02029	0.22701	0.13690	0.07378	0.08361	0.03876	0.01210	0.03410	0.00970	0.00646	0.00656	0.00177	0.06608	0.00513	0.00342	0.00763
16	0.01213	0.06199	0.61074	0.01656	0.02400	0.03322	0.08130	0.01795	0.01209	0.01757	0.01008	0.01221	0.00739	0.00564	0.00624	0.00183	0.05401	0.00442	0.00248	0.00817
17	0.00828	0.00553	0.00625	0.00629	0.00630	0.00552	0.00352	0.00831	0.00840	0.01119	0.01842	0.05962	0.02129	0.77611	0.02847	0.00545	0.00548	0.00855	0.00352	0.00350
18	0.01546	0.32840	0.12513	0.01335	0.01754	0.18926	0.06284	0.01802	0.01247	0.01489	0.00906	0.01118	0.00772	0.00596	0.00656	0.00159	0.11587	0.00397	0.03359	0.00713
19	0.01378	0.01184	0.01255	0.01141	0.01447	0.01364	0.00882	0.02901	0.70726	0.02335	0.02379	0.06901	0.01872	0.00839	0.00591	0.00196	0.00445	0.00707	0.00579	0.00878
20	0.00872	0.00949	0.10359	0.00890	0.01146	0.00708	0.02778	0.03656	0.03351	0.01856	0.22264	0.14851	0.27547	0.01343	0.03347	0.00220	0.00443	0.02334	0.00508	0.00578
21	0.00916	0.00590	0.00688	0.00676	0.00807	0.00567	0.00497	0.03698	0.01393	0.02067	0.30450	0.14105	0.09566	0.03844	0.00667	0.00186	0.00302	0.00943	0.27509	0.00531
22	0.01225	0.16644	0.59301	0.01536	0.02285	0.01511	0.04196	0.01782	0.01195	0.01717	0.00982	0.01168	0.00732	0.00545	0.00553	0.00173	0.02984	0.00412	0.00244	0.00817
23	0.01529	0.80242	0.02997	0.00979	0.01468	0.02263	0.00979	0.01713	0.01162	0.01346	0.00795	0.00918	0.00734	0.00489	0.00367	0.00122	0.00612	0.00306	0.00245	0.00734
24	0.47559	0.20294	0.04824	0.00944	0.01348	0.11043	0.00839	0.01808	0.01133	0.04663	0.00868	0.00987	0.00694	0.00535	0.00393	0.00160	0.00576	0.00330	0.00328	0.00674
25	0.04996	0.01543	0.01638	0.01279	0.01718	0.01717	0.01050	0.63880	0.10723	0.03433	0.01459	0.01442	0.01046	0.00691	0.00566	0.00174	0.00603	0.00522	0.00566	0.00953
26	0.01032	0.00798	0.02994	0.00871	0.01077	0.00727	0.00671	0.03272	0.09291	0.06114	0.13806	0.32284	0.08017	0.01221	0.00663	0.00191	0.02199	0.01064	0.03615	0.10094
27	0.01424	0.08085	0.08354	0.05859	0.10477	0.04961	0.02678	0.09354	0.03446	0.07601	0.01676	0.05418	0.05586	0.00799	0.02174	0.00179	0.00614	0.04855	0.00397	0.16062
28	0.01164	0.07044	0.35239	0.01621	0.02222	0.01254	0.21348	0.01647	0.01266	0.01792	0.06368	0.07524	0.01405	0.00690	0.00594	0.00183	0.00755	0.03106	0.00317	0.04461
29	0.00790	0.00598	0.00733	0.00714	0.00861	0.00550	0.00535	0.01057	0.03676	0.02038	0.49517	0.10373	0.21943	0.01283	0.00680	0.00190	0.00292	0.03045	0.00594	0.00531
30	0.08340	0.01159	0.01343	0.01051	0.01459	0.01172	0.00864	0.28029	0.01914	0.37041	0.01791	0.01687	0.01204	0.00683	0.00538	0.00170	0.00510	0.00529	0.09617	0.00899
31	0.01467	0.05326	0.12410	0.11044	0.12012	0.06212	0.15681	0.06413	0.07534	0.08082	0.01427	0.07292	0.01168	0.00666	0.00587	0.00182	0.00724	0.00611	0.00371	0.00792
32	0.01264	0.01556	0.15413	0.01707	0.09762	0.05721	0.18813	0.07808	0.02822	0.01976	0.12406	0.09760	0.05182	0.00809	0.00650	0.00187	0.02290	0.00747	0.00393	0.00732
33	0.00727	0.00544	0.00673	0.00757	0.00840	0.00504	0.00529	0.00880	0.02700	0.01535	0.06964	0.51998	0.19961	0.04380	0.00791	0.00233	0.00339	0.04636	0.00530	0.00480
34	0.00978	0.00660	0.00860	0.00801	0.00949	0.00660	0.04615	0.04200	0.01252	0.01866	0.09472	0.16233	0.11313	0.01291	0.04954	0.05458	0.02590	0.00864	0.30452	0.00531
35	0.05132	0.08610	0.06249	0.16632	0.14355	0.07483	0.10864	0.04468	0.07009	0.01779	0.01258	0.04806	0.01074	0.02858	0.00649	0.01524	0.00705	0.01540	0.00327	0.02677
36	0.00980	0.02539	0.00939	0.00879	0.00992	0.01991	0.03211	0.01112	0.01068	0.06571	0.02252	0.21863	0.03728	0.25524	0.15764	0.00451	0.00695	0.08514	0.00426	0.00501
37	0.00962	0.00755	0.01018	0.01060	0.05705	0.00851	0.00717	0.04314	0.01036	0.01447	0.03850	0.14652	0.01976	0.27754	0.20042	0.00497	0.11657	0.00829	0.00367	0.00512
38	0.08095	0.10822	0.06195	0.12841	0.08829	0.04708	0.12656	0.05925	0.05189	0.03259	0.01215	0.05173	0.01025	0.00793	0.03764	0.00209	0.05745	0.00546	0.00332	0.02678
39	0.00941	0.03532	0.01311	0.01227	0.04625	0.00860	0.09711	0.01141	0.01132	0.01529	0.02327	0.31082	0.04039	0.04641	0.10026	0.00321	0.07119	0.13457	0.00423	0.00557
40	0.04548	0.00628	0.00706	0.00693	0.00826	0.00643	0.00509	0.05237	0.01188	0.03632	0.02012	0.14191	0.03787	0.06701	0.07252	0.06322	0.00453	0.00736	0.39413	0.00524

[dist]
# distance from previous block
# <min> <max>
4	11

[block]
# block no. 4 follows, 41 sequences, length 13
# corresponding to MSA columns:
# 410-418,445-448
name=unknown_E
#
# <colnr> <probs for GDERKNQSTAVLIFYWHMCP>
#	G	D	E	R	K	N	Q	S	T	A	V	L	I	F	Y	W	H	M	C	P
0	0.01004	0.00657	0.00903	0.00852	0.01023	0.00600	0.03754	0.01212	0.01394	0.10562	0.28451	0.21074	0.14527	0.03698	0.00754	0.00213	0.00374	0.07811	0.00569	0.00568
1	0.01259	0.04603	0.10610	0.14224	0.13143	0.03875	0.12734	0.01615	0.02660	0.04900	0.06481	0.05638	0.03747	0.04204	0.00810	0.00205	0.07597	0.00643	0.00341	0.00712
2	0.02828	0.10336	0.25618	0.04723	0.01913	0.05223	0.05834	0.07111	0.04901	0.06210	0.01624	0.11606	0.04458	0.00790	0.00626	0.00184	0.04254	0.00644	0.00368	0.00751
3	0.01227	0.01972	0.38213	0.07383	0.10472	0.01206	0.06529	0.01692	0.01225	0.06277	0.01384	0.05412	0.01189	0.03398	0.00726	0.00206	0.04171	0.06229	0.00318	0.00770
4	0.00877	0.00624	0.00757	0.00779	0.00922	0.00595	0.00573	0.01122	0.06177	0.05922	0.06901	0.29794	0.26677	0.03796	0.08433	0.00290	0.00467	0.04235	0.00522	0.00537
5	0.01655	0.03162	0.10702	0.01468	0.05956	0.13750	0.08363	0.18879	0.03171	0.08302	0.01673	0.07309	0.05333	0.00755	0.00616	0.00177	0.03107	0.00619	0.04220	0.00782
6	0.01459	0.01383	0.02173	0.06819	0.33935	0.06711	0.16014	0.03928	0.05421	0.05288	0.01335	0.04435	0.01114	0.00629	0.00630	0.00181	0.02983	0.02033	0.02721	0.00809
7	0.00889	0.00689	0.00891	0.00989	0.04420	0.00709	0.00681	0.03568	0.06259	0.01628	0.04692	0.42368	0.08778	0.07450	0.03712	0.00273	0.04034	0.06935	0.00492	0.00541
8	0.04788	0.01366	0.08407	0.07375	0.08784	0.04260	0.04215	0.07781	0.05674	0.09444	0.03566	0.01476	0.01082	0.00561	0.00515	0.00146	0.00582	0.00467	0.00394	0.29117
9	0.04077	0.01472	0.06087	0.05034	0.08867	0.08084	0.23193	0.07305	0.02966	0.05944	0.04554	0.01677	0.03390	0.00604	0.00598	0.00169	0.02108	0.00567	0.02886	0.10418
10	0.08874	0.01031	0.01310	0.09376	0.14233	0.02818	0.00961	0.04072	0.08792	0.10391	0.06576	0.08486	0.01610	0.00738	0.00537	0.00169	0.00499	0.00626	0.09662	0.09239
11	0.06795	0.06373	0.08621	0.05263	0.21467	0.03681	0.08060	0.13882	0.01544	0.07618	0.06430	0.01562	0.01207	0.00602	0.00550	0.00168	0.00653	0.00522	0.00387	0.04617
12	0.01429	0.02192	0.03387	0.02714	0.05336	0.04140	0.03687	0.09798	0.08625	0.11446	0.10141	0.06156	0.05240	0.00906	0.02146	0.00187	0.00526	0.05072	0.07018	0.09854

[dist]
# distance from previous block
# <min> <max>
19	76

[block]
# block no. 5 follows, 41 sequences, length 20
# corresponding to MSA columns:
# 574-593
name=unknown_F
#
# <colnr> <probs for GDERKNQSTAVLIFYWHMCP>
#	G	D	E	R	K	N	Q	S	T	A	V	L	I	F	Y	W	H	M	C	P
0	0.10567	0.05890	0.11964	0.04903	0.07978	0.13551	0.05808	0.13815	0.07511	0.03326	0.02899	0.01465	0.02719	0.00615	0.00529	0.00168	0.00691	0.00485	0.00378	0.04737
1	0.04711	0.04744	0.08324	0.08084	0.08822	0.08050	0.11431	0.06908	0.07431	0.04208	0.05317	0.05721	0.01370	0.00701	0.00612	0.00177	0.03179	0.02544	0.00379	0.07288
2	0.09824	0.08473	0.06756	0.05966	0.07387	0.03035	0.03408	0.11338	0.09697	0.02122	0.02743	0.05617	0.01211	0.00654	0.00516	0.00159	0.00568	0.01997	0.00391	0.18139
3	0.08371	0.01449	0.10167	0.09046	0.04808	0.08668	0.03826	0.10925	0.07534	0.04085	0.03671	0.03849	0.04452	0.04712	0.00685	0.00199	0.00632	0.06384	0.00407	0.06130
4	0.04659	0.09566	0.09464	0.06380	0.06072	0.05235	0.05708	0.06457	0.03258	0.06906	0.05695	0.06598	0.08765	0.02285	0.00627	0.00177	0.02290	0.00635	0.00396	0.08826
5	0.01263	0.08979	0.14996	0.03511	0.10158	0.01225	0.08758	0.04944	0.06719	0.04827	0.01921	0.05682	0.07932	0.00945	0.03397	0.00213	0.02362	0.08397	0.00385	0.03385
6	0.05535	0.12152	0.22324	0.01296	0.01770	0.13017	0.05008	0.05180	0.01331	0.04052	0.03252	0.01810	0.01175	0.05305	0.00706	0.00191	0.02896	0.05967	0.00334	0.06698
7	0.05778	0.08703	0.31601	0.01312	0.01844	0.03498	0.05576	0.01781	0.08141	0.03616	0.08877	0.03722	0.01598	0.00733	0.00561	0.00180	0.00654	0.06669	0.00369	0.04787
8	0.03255	0.08825	0.21724	0.01157	0.01676	0.01101	0.05026	0.01786	0.04799	0.13323	0.07768	0.01994	0.08312	0.00684	0.00537	0.00159	0.00570	0.00564	0.00411	0.16330
9	0.01363	0.20659	0.19255	0.01086	0.01561	0.01264	0.01103	0.04033	0.03106	0.10425	0.13220	0.04155	0.03299	0.00739	0.00531	0.00161	0.00557	0.03442	0.00411	0.09631
10	0.01440	0.40291	0.26824	0.01266	0.01854	0.05690	0.03973	0.03489	0.01267	0.03335	0.02914	0.01170	0.00883	0.00537	0.00462	0.00148	0.00705	0.00391	0.00279	0.03079
11	0.01506	0.56436	0.04486	0.01070	0.03894	0.01916	0.00982	0.07456	0.01294	0.01650	0.00927	0.01059	0.00802	0.00506	0.00403	0.00125	0.00584	0.00345	0.03600	0.10957
12	0.60017	0.04853	0.19769	0.00979	0.01460	0.01335	0.01004	0.01715	0.01039	0.02329	0.00853	0.00998	0.00650	0.00532	0.00401	0.00176	0.00549	0.00338	0.00322	0.00680
13	0.00985	0.00500	0.00739	0.00739	0.00739	0.00500	0.00489	0.00750	0.00750	0.01000	0.01036	0.01845	0.01051	0.06119	0.02271	0.78967	0.00500	0.00515	0.00254	0.00254
14	0.01358	0.01168	0.03595	0.01198	0.03867	0.01230	0.03079	0.02554	0.51601	0.06227	0.11507	0.02494	0.05935	0.00831	0.00599	0.00190	0.00458	0.00709	0.00563	0.00836
15	0.01137	0.01141	0.09206	0.01243	0.03885	0.00989	0.09627	0.01757	0.18329	0.05151	0.24269	0.10123	0.05852	0.00966	0.00664	0.00193	0.02113	0.02142	0.00507	0.00705
16	0.00803	0.00584	0.00755	0.00712	0.00850	0.00537	0.00534	0.01066	0.01603	0.02255	0.72402	0.04336	0.09048	0.01184	0.00675	0.00181	0.00271	0.01043	0.00625	0.00537
17	0.01358	0.01296	0.04283	0.27039	0.15683	0.03211	0.08647	0.06161	0.13447	0.03936	0.02952	0.01644	0.01101	0.00632	0.00646	0.00187	0.04657	0.00555	0.01791	0.00773
18	0.06834	0.01272	0.01687	0.32875	0.15922	0.05438	0.01347	0.13034	0.08970	0.02026	0.01215	0.01507	0.00937	0.00746	0.03641	0.00210	0.00720	0.00507	0.00353	0.00759
19	0.04788	0.01234	0.01980	0.31606	0.34796	0.01355	0.04173	0.06271	0.04832	0.01876	0.01123	0.01473	0.00882	0.00557	0.00565	0.00180	0.00697	0.00514	0.00308	0.00791

[dist]
# distance from previous block
# <min> <max>
0	110

# created by:
# /home/cegg/simao/soft/augustus-3.2.1/scripts/msa2prfl.pl ./align_prep/EOG091G18BK.fa
