[name]
unknown

[dist]
# distance from previous block
# <min> <max>
4	106

[block]
# block no. 0 follows, 49 sequences, length 46
# corresponding to MSA columns:
# 116-161
name=unknown_A
#
# <colnr> <probs for GDERKNQSTAVLIFYWHMCP>
#	G	D	E	R	K	N	Q	S	T	A	V	L	I	F	Y	W	H	M	C	P
0	0.01344	0.05928	0.04492	0.04257	0.28294	0.05033	0.07637	0.05991	0.18382	0.06024	0.01266	0.01452	0.00996	0.00563	0.00563	0.00160	0.04740	0.01785	0.00343	0.00751
1	0.00741	0.00582	0.00921	0.00879	0.00987	0.00644	0.05659	0.00921	0.00855	0.01212	0.01516	0.11832	0.01503	0.05429	0.63050	0.00687	0.01167	0.00661	0.00295	0.00458
2	0.00912	0.00720	0.02832	0.00693	0.00874	0.05750	0.00535	0.01058	0.01176	0.11008	0.08289	0.23221	0.38657	0.01188	0.00586	0.00174	0.00342	0.01013	0.00473	0.00499
3	0.00855	0.00632	0.01001	0.00955	0.02858	0.00597	0.10824	0.01028	0.01044	0.05895	0.03928	0.47110	0.02466	0.01362	0.05849	0.00226	0.00453	0.02730	0.07386	0.02799
4	0.01207	0.01318	0.05252	0.01826	0.03468	0.01236	0.54463	0.06035	0.10714	0.01728	0.01194	0.01536	0.00935	0.05870	0.00706	0.00190	0.00748	0.00584	0.00304	0.00686
5	0.00708	0.00509	0.00599	0.00601	0.00719	0.00469	0.00438	0.00910	0.02930	0.01679	0.32631	0.17404	0.23642	0.03339	0.00627	0.00174	0.00263	0.00979	0.10924	0.00454
6	0.11538	0.00939	0.01117	0.00881	0.04024	0.00787	0.03226	0.01383	0.03137	0.03287	0.00934	0.01075	0.00758	0.00404	0.00385	0.00095	0.00403	0.00323	0.00310	0.64991
7	0.69735	0.01148	0.10452	0.00753	0.01099	0.01097	0.00695	0.01451	0.00878	0.02101	0.00788	0.01016	0.00644	0.05867	0.00483	0.00179	0.00442	0.00317	0.00300	0.00556
8	0.01217	0.01155	0.01953	0.02935	0.73892	0.01155	0.01470	0.01498	0.01124	0.01608	0.00994	0.01387	0.00869	0.05848	0.00637	0.00173	0.00593	0.00469	0.00254	0.00768
9	0.01223	0.01483	0.08459	0.01779	0.02185	0.08603	0.46318	0.01647	0.06219	0.01549	0.01043	0.02965	0.00836	0.00549	0.00728	0.00174	0.12762	0.00547	0.00269	0.00661
10	0.00709	0.05917	0.00734	0.00621	0.00756	0.00555	0.00467	0.00866	0.01186	0.01555	0.30630	0.15202	0.28355	0.07419	0.00741	0.00194	0.00297	0.02877	0.00471	0.00449
11	0.00942	0.00885	0.01527	0.65921	0.03109	0.01073	0.06314	0.01266	0.00999	0.01299	0.00963	0.01428	0.00753	0.00906	0.10338	0.00248	0.00770	0.00471	0.00232	0.00556
12	0.02656	0.01051	0.04991	0.02078	0.05746	0.01030	0.00843	0.17814	0.20226	0.14192	0.15633	0.04174	0.04668	0.00749	0.00530	0.00163	0.00434	0.01799	0.00497	0.00726
13	0.01240	0.01258	0.04780	0.02936	0.69793	0.01207	0.06277	0.01585	0.02969	0.01659	0.00980	0.01267	0.00811	0.00456	0.00506	0.00152	0.00617	0.00460	0.00256	0.00792
14	0.00621	0.00444	0.00593	0.00710	0.00741	0.00415	0.00478	0.00713	0.00973	0.01296	0.02784	0.79966	0.03333	0.01579	0.00647	0.00206	0.00298	0.03321	0.00469	0.00412
15	0.03560	0.00981	0.01239	0.01008	0.01337	0.00986	0.05811	0.21997	0.07583	0.26019	0.02202	0.02468	0.11752	0.00792	0.00545	0.00169	0.00470	0.09840	0.00513	0.00730
16	0.01083	0.01235	0.08324	0.05673	0.03862	0.04277	0.29198	0.02712	0.02317	0.01528	0.01271	0.15251	0.01197	0.00686	0.00657	0.00166	0.08559	0.00647	0.00298	0.11059
17	0.07593	0.00823	0.01068	0.00841	0.01179	0.00738	0.00676	0.02187	0.01321	0.64663	0.01860	0.01858	0.01278	0.10675	0.00750	0.00198	0.00435	0.00521	0.00566	0.00772
18	0.00731	0.00493	0.00555	0.00557	0.00566	0.00489	0.00319	0.00741	0.00760	0.01006	0.01754	0.03417	0.04918	0.77455	0.02459	0.00473	0.00480	0.02194	0.00316	0.00314
19	0.01871	0.05118	0.01474	0.01288	0.01554	0.77556	0.00973	0.02002	0.01419	0.01236	0.00779	0.00908	0.00651	0.00518	0.00452	0.00130	0.00899	0.00324	0.00259	0.00588
20	0.00994	0.00867	0.01152	0.01034	0.01096	0.02853	0.00831	0.01180	0.03627	0.02845	0.02916	0.01652	0.01096	0.06405	0.25631	0.00405	0.38708	0.00506	0.05687	0.00517
21	0.00878	0.00439	0.00659	0.00659	0.00659	0.00439	0.00439	0.00659	0.00659	0.00878	0.00878	0.01537	0.00878	0.01757	0.01976	0.85288	0.00439	0.00439	0.00220	0.00220
22	0.00622	0.00444	0.00594	0.00711	0.00743	0.00416	0.00480	0.00714	0.00974	0.01298	0.02784	0.79607	0.03331	0.01579	0.00647	0.00206	0.00299	0.03670	0.00469	0.00412
23	0.01415	0.06829	0.06404	0.02149	0.35948	0.25019	0.08711	0.01677	0.01217	0.01477	0.00919	0.02671	0.00780	0.00500	0.00509	0.00146	0.02246	0.00430	0.00253	0.00700
24	0.00632	0.00514	0.00560	0.00549	0.00704	0.00442	0.00411	0.00793	0.01234	0.01560	0.26683	0.04548	0.57188	0.01208	0.00597	0.00167	0.00251	0.01023	0.00495	0.00442
25	0.01273	0.05708	0.01262	0.00873	0.01295	0.00993	0.00715	0.18597	0.03949	0.01976	0.00993	0.01102	0.00793	0.00453	0.00436	0.00101	0.02303	0.00346	0.00347	0.56487
26	0.02851	0.12792	0.31088	0.01180	0.01715	0.02645	0.08038	0.03521	0.02936	0.08450	0.02315	0.01296	0.03424	0.00507	0.00457	0.00139	0.00596	0.00414	0.00300	0.15337
27	0.01256	0.53052	0.24949	0.01114	0.01639	0.03345	0.05537	0.01556	0.01057	0.01335	0.00782	0.00919	0.00653	0.00448	0.00388	0.00127	0.00626	0.00320	0.00219	0.00678
28	0.01203	0.01161	0.01889	0.12512	0.62934	0.03527	0.01455	0.01500	0.01159	0.01617	0.05403	0.01398	0.01008	0.00493	0.00505	0.00152	0.00598	0.00473	0.00265	0.00746
29	0.00679	0.00476	0.00599	0.00691	0.01591	0.00453	0.00459	0.00790	0.01881	0.01315	0.02645	0.54605	0.07864	0.13557	0.00909	0.00239	0.00327	0.03884	0.06625	0.00412
30	0.01353	0.05939	0.02259	0.03253	0.13827	0.05923	0.35343	0.02934	0.01191	0.10053	0.02247	0.02469	0.00897	0.00537	0.00661	0.00165	0.09431	0.00525	0.00301	0.00692
31	0.01230	0.00859	0.02628	0.05693	0.05555	0.00790	0.12805	0.03079	0.03298	0.20188	0.24985	0.02632	0.12487	0.00785	0.00560	0.00162	0.00447	0.00709	0.00471	0.00637
32	0.00612	0.00513	0.00532	0.00527	0.00692	0.00433	0.00395	0.00753	0.01186	0.01446	0.14000	0.04735	0.69942	0.01251	0.00597	0.00169	0.00254	0.01049	0.00480	0.00433
33	0.26121	0.01070	0.04958	0.01127	0.10770	0.03661	0.03539	0.10541	0.01252	0.08239	0.03912	0.02077	0.18184	0.00706	0.00475	0.00159	0.00459	0.01734	0.00388	0.00628
34	0.01156	0.25992	0.53311	0.01263	0.01898	0.03448	0.01531	0.03289	0.01095	0.01507	0.00851	0.00992	0.00648	0.00470	0.00435	0.00144	0.00687	0.00344	0.00222	0.00717
35	0.00653	0.00514	0.00588	0.00570	0.00717	0.00450	0.00427	0.00832	0.01282	0.01674	0.39385	0.04360	0.44415	0.01166	0.00597	0.00165	0.00248	0.00996	0.00510	0.00450
36	0.00860	0.00691	0.00789	0.00734	0.00914	0.00708	0.00559	0.01444	0.24968	0.01932	0.41521	0.03398	0.17548	0.00973	0.00571	0.00165	0.00292	0.00837	0.00528	0.00567
37	0.01220	0.12654	0.19031	0.01781	0.04107	0.01370	0.44770	0.05944	0.01211	0.01648	0.00964	0.01215	0.00731	0.00450	0.00528	0.00158	0.00765	0.00494	0.00256	0.00704
38	0.00766	0.00560	0.00751	0.00850	0.00967	0.00545	0.00722	0.00971	0.01146	0.01473	0.03050	0.11984	0.14233	0.01395	0.00679	0.00221	0.00420	0.58346	0.00467	0.00455
39	0.00623	0.00456	0.00588	0.00691	0.00742	0.00421	0.00475	0.00723	0.01000	0.01311	0.03070	0.68764	0.12634	0.01538	0.00642	0.00202	0.00297	0.04937	0.00469	0.00415
40	0.01106	0.01106	0.01549	0.01328	0.01328	0.01549	0.01106	0.01217	0.00774	0.01217	0.00664	0.01106	0.00664	0.00885	0.01659	0.00221	0.81303	0.00443	0.00221	0.00553
41	0.01776	0.02214	0.01440	0.01298	0.01528	0.68394	0.00988	0.01938	0.03402	0.01258	0.00801	0.00962	0.00677	0.00570	0.00606	0.00143	0.10808	0.00347	0.00262	0.00588
42	0.01955	0.01014	0.01234	0.00960	0.01323	0.01002	0.00787	0.28735	0.01774	0.42963	0.11188	0.01796	0.01547	0.00669	0.00518	0.00155	0.00451	0.00540	0.00575	0.00813
43	0.01774	0.01309	0.01431	0.01120	0.01486	0.01453	0.00921	0.67960	0.02185	0.02939	0.01231	0.01309	0.00910	0.01000	0.10333	0.00233	0.00655	0.00466	0.00477	0.00810
44	0.00614	0.00449	0.00578	0.00680	0.00727	0.00413	0.00459	0.00707	0.00991	0.01300	0.03075	0.72403	0.12654	0.01547	0.00640	0.00201	0.00289	0.01392	0.00469	0.00413
45	0.00613	0.00452	0.00575	0.00674	0.00725	0.00413	0.00456	0.00708	0.00998	0.01303	0.03159	0.69635	0.15369	0.01536	0.00638	0.00200	0.00287	0.01379	0.00469	0.00413

[dist]
# distance from previous block
# <min> <max>
0	4

[block]
# block no. 1 follows, 49 sequences, length 40
# corresponding to MSA columns:
# 188-227
name=unknown_B
#
# <colnr> <probs for GDERKNQSTAVLIFYWHMCP>
#	G	D	E	R	K	N	Q	S	T	A	V	L	I	F	Y	W	H	M	C	P
0	0.01072	0.02213	0.54943	0.01663	0.02335	0.01208	0.26130	0.01607	0.01108	0.01607	0.00945	0.01163	0.00681	0.00463	0.00518	0.00163	0.00781	0.00445	0.00227	0.00726
1	0.01352	0.82533	0.02650	0.00865	0.01298	0.02001	0.00865	0.01514	0.01027	0.01190	0.00703	0.00811	0.00649	0.00433	0.00324	0.00108	0.00541	0.00270	0.00216	0.00649
2	0.01893	0.02288	0.01443	0.01286	0.01564	0.70580	0.00975	0.11239	0.01549	0.01476	0.00835	0.00949	0.00677	0.00532	0.00462	0.00133	0.00868	0.00342	0.00291	0.00620
3	0.10424	0.01372	0.01439	0.01113	0.01508	0.01524	0.00919	0.69695	0.02224	0.03094	0.01162	0.01174	0.00828	0.00593	0.00486	0.00152	0.00540	0.00437	0.00486	0.00828
4	0.01009	0.00908	0.01234	0.01600	0.30871	0.02858	0.00910	0.06857	0.03411	0.01688	0.09645	0.02927	0.32339	0.00854	0.00548	0.00159	0.00430	0.00739	0.00392	0.00622
5	0.00626	0.00448	0.00596	0.00697	0.00736	0.00417	0.00470	0.00729	0.01015	0.01366	0.10492	0.73981	0.03489	0.01528	0.00640	0.00201	0.00288	0.01385	0.00478	0.00417
6	0.00955	0.00899	0.01517	0.81013	0.03483	0.01123	0.01404	0.01292	0.01011	0.01292	0.00899	0.01348	0.00674	0.00506	0.00506	0.00169	0.00674	0.00449	0.00225	0.00562
7	0.00995	0.09173	0.01632	0.72890	0.03261	0.01212	0.01350	0.01315	0.01013	0.01282	0.00879	0.01294	0.00672	0.00498	0.00487	0.00162	0.00661	0.00431	0.00224	0.00571
8	0.85801	0.00978	0.00743	0.00665	0.00978	0.01134	0.00548	0.01486	0.00861	0.02269	0.00704	0.00821	0.00548	0.00469	0.00313	0.00156	0.00391	0.00274	0.00313	0.00548
9	0.00669	0.00505	0.00556	0.00549	0.00648	0.00459	0.00372	0.00770	0.01050	0.01343	0.16903	0.04106	0.37648	0.30746	0.01318	0.00285	0.00338	0.00919	0.00426	0.00392
10	0.01049	0.00899	0.01049	0.00749	0.01198	0.00674	0.00599	0.01273	0.01049	0.01648	0.00899	0.01049	0.00749	0.00374	0.00374	0.00075	0.00374	0.00300	0.00300	0.85320
11	0.00745	0.00548	0.00702	0.00658	0.00786	0.00520	0.00495	0.01049	0.05629	0.02033	0.74609	0.03674	0.04595	0.01015	0.00592	0.00160	0.00247	0.00896	0.00554	0.00495
12	0.02111	0.00826	0.01123	0.00873	0.01237	0.00716	0.00716	0.02311	0.01446	0.71580	0.09780	0.01930	0.01608	0.00667	0.00517	0.00157	0.00411	0.00550	0.00619	0.00822
13	0.01106	0.01106	0.01549	0.01328	0.01328	0.01549	0.01106	0.01217	0.00774	0.01217	0.00664	0.01106	0.00664	0.00885	0.01659	0.00221	0.81303	0.00443	0.00221	0.00553
14	0.01712	0.01401	0.01589	0.09152	0.05718	0.06970	0.03942	0.52942	0.03498	0.02615	0.01124	0.01222	0.00825	0.00591	0.00559	0.00156	0.04320	0.00453	0.00426	0.00787
15	0.00609	0.00513	0.00528	0.00524	0.00690	0.00432	0.00393	0.00748	0.01180	0.01431	0.12356	0.04760	0.71595	0.01256	0.00598	0.00170	0.00254	0.01052	0.00478	0.00432
16	0.00725	0.00531	0.00759	0.00759	0.00830	0.00603	0.00565	0.00868	0.00797	0.01134	0.01404	0.02260	0.01383	0.19997	0.64183	0.00746	0.01176	0.00582	0.00278	0.00422
17	0.85801	0.00978	0.00743	0.00665	0.00978	0.01134	0.00548	0.01486	0.00861	0.02269	0.00704	0.00821	0.00548	0.00469	0.00313	0.00156	0.00391	0.00274	0.00313	0.00548
18	0.00672	0.00521	0.00614	0.00609	0.00741	0.00472	0.00450	0.00883	0.03555	0.01671	0.37374	0.15033	0.33175	0.01196	0.00601	0.00170	0.00258	0.01036	0.00510	0.00458
19	0.01709	0.00933	0.01155	0.00862	0.01279	0.00797	0.00703	0.09546	0.01370	0.38272	0.01445	0.01381	0.00996	0.00516	0.00451	0.00121	0.00419	0.00413	0.00473	0.37158
20	0.01781	0.01378	0.01695	0.01290	0.01679	0.01516	0.10384	0.61299	0.02101	0.04222	0.01166	0.01234	0.00842	0.00605	0.00599	0.00159	0.06305	0.00473	0.00457	0.00816
21	0.01159	0.00927	0.01022	0.00920	0.01167	0.01030	0.00713	0.02221	0.54632	0.05453	0.22255	0.02377	0.02380	0.00775	0.00536	0.00168	0.00359	0.00659	0.00530	0.00718
22	0.00599	0.00508	0.00516	0.00523	0.00686	0.00426	0.00389	0.00725	0.01143	0.01362	0.04995	0.09080	0.74738	0.01297	0.00600	0.00173	0.00258	0.01087	0.00470	0.00426
23	0.01889	0.02410	0.01433	0.01303	0.01563	0.80199	0.00977	0.02019	0.01433	0.01238	0.00782	0.00912	0.00651	0.00521	0.00456	0.00130	0.00912	0.00326	0.00261	0.00586
24	0.01768	0.01005	0.01149	0.00917	0.01245	0.01038	0.00745	0.30605	0.07856	0.27441	0.01629	0.01578	0.01136	0.00616	0.00474	0.00147	0.00433	0.00485	0.18963	0.00771
25	0.05315	0.00881	0.01168	0.00899	0.01288	0.00782	0.00743	0.04663	0.01454	0.74327	0.01924	0.01673	0.01214	0.00620	0.00501	0.00156	0.00433	0.00498	0.00611	0.00849
26	0.01889	0.02410	0.01433	0.01303	0.01563	0.80199	0.00977	0.02019	0.01433	0.01238	0.00782	0.00912	0.00651	0.00521	0.00456	0.00130	0.00912	0.00326	0.00261	0.00586
27	0.00723	0.00541	0.00806	0.00806	0.00894	0.00629	0.00624	0.00899	0.00811	0.01169	0.01360	0.02019	0.01278	0.05727	0.78310	0.00805	0.01333	0.00547	0.00272	0.00448
28	0.03461	0.00580	0.00739	0.00675	0.00842	0.00533	0.00522	0.01163	0.01384	0.12564	0.57167	0.03570	0.09846	0.00995	0.00580	0.00162	0.00280	0.03861	0.00548	0.00527
29	0.00748	0.00603	0.00965	0.00905	0.01027	0.00635	0.08347	0.00931	0.00920	0.01277	0.03855	0.18280	0.04404	0.05504	0.45809	0.00555	0.00962	0.03480	0.00332	0.00462
30	0.00732	0.00510	0.00567	0.00563	0.00595	0.00502	0.00335	0.00794	0.02876	0.01096	0.04862	0.03479	0.11345	0.67199	0.02205	0.00431	0.00450	0.00778	0.00341	0.00341
31	0.00671	0.00531	0.00698	0.00857	0.07597	0.00488	0.00540	0.00796	0.01057	0.01376	0.06601	0.49286	0.24887	0.01374	0.00617	0.00189	0.00307	0.01222	0.00454	0.00453
32	0.41006	0.00887	0.00909	0.00752	0.01080	0.00914	0.00617	0.03352	0.01153	0.34156	0.01344	0.01309	0.00921	0.00549	0.00402	0.00152	0.00395	0.00394	0.09033	0.00675
33	0.00644	0.00457	0.00602	0.00707	0.00741	0.00433	0.00481	0.00735	0.00961	0.01278	0.02657	0.67722	0.03156	0.09743	0.00845	0.00236	0.00327	0.07418	0.00453	0.00405
34	0.03373	0.01975	0.48428	0.01484	0.05101	0.01113	0.11233	0.01585	0.01105	0.06777	0.01161	0.01621	0.00932	0.00590	0.00560	0.00170	0.03761	0.08046	0.00276	0.00707
35	0.01201	0.01276	0.08041	0.11254	0.62633	0.01193	0.01538	0.01562	0.03434	0.01623	0.00975	0.01266	0.00797	0.00466	0.00500	0.00154	0.00614	0.00448	0.00253	0.00771
36	0.00846	0.00581	0.00717	0.00682	0.00822	0.00563	0.00510	0.01187	0.09569	0.05474	0.49254	0.12873	0.06651	0.01021	0.00571	0.00163	0.00272	0.00895	0.06830	0.00519
37	0.00696	0.00561	0.00844	0.00854	0.00941	0.00541	0.07349	0.00827	0.01006	0.01336	0.02710	0.61679	0.08326	0.01423	0.00678	0.00202	0.03315	0.05824	0.00441	0.00445
38	0.04544	0.01373	0.06098	0.01384	0.05888	0.10782	0.15047	0.12899	0.19026	0.08635	0.01497	0.01750	0.02304	0.00627	0.00525	0.00164	0.00604	0.05726	0.00401	0.00725
39	0.00621	0.00442	0.00585	0.00698	0.00726	0.00414	0.00463	0.00705	0.00959	0.01278	0.02739	0.78735	0.03284	0.04830	0.00723	0.00217	0.00301	0.01409	0.00463	0.00407

[dist]
# distance from previous block
# <min> <max>
0	1

[block]
# block no. 2 follows, 49 sequences, length 65
# corresponding to MSA columns:
# 229-231,252-257,265-291,307-335
name=unknown_C
#
# <colnr> <probs for GDERKNQSTAVLIFYWHMCP>
#	G	D	E	R	K	N	Q	S	T	A	V	L	I	F	Y	W	H	M	C	P
0	0.01226	0.01305	0.01531	0.01324	0.01363	0.13531	0.01087	0.01339	0.00875	0.01220	0.00682	0.01077	0.00662	0.00830	0.01476	0.00207	0.69056	0.00425	0.00227	0.00558
1	0.01194	0.00935	0.01092	0.00790	0.01232	0.00746	0.00636	0.07079	0.01175	0.06827	0.00994	0.01105	0.00790	0.00408	0.00393	0.00086	0.00392	0.00325	0.00336	0.73465
2	0.01160	0.30248	0.32070	0.07791	0.05793	0.03664	0.06275	0.01520	0.01068	0.01413	0.00916	0.04251	0.00771	0.00506	0.00442	0.00144	0.00655	0.00403	0.00232	0.00678
3	0.08828	0.00823	0.01065	0.00839	0.01189	0.00740	0.00687	0.02200	0.01381	0.63160	0.08333	0.01829	0.01493	0.00646	0.00493	0.00155	0.00402	0.00522	0.04429	0.00785
4	0.00952	0.00768	0.00928	0.00872	0.01065	0.00815	0.02268	0.01653	0.31196	0.01942	0.31518	0.03374	0.04889	0.00959	0.00583	0.00178	0.00357	0.14566	0.00515	0.00604
5	0.01216	0.01377	0.12088	0.11084	0.35285	0.02354	0.13145	0.02868	0.06386	0.03488	0.01038	0.01297	0.00814	0.00503	0.00574	0.00162	0.04842	0.00470	0.00273	0.00735
6	0.00681	0.00509	0.00633	0.00617	0.00738	0.00460	0.00457	0.00883	0.01329	0.01819	0.56119	0.11481	0.20135	0.01138	0.00601	0.00166	0.00247	0.00996	0.00530	0.00460
7	0.00739	0.00517	0.00666	0.00677	0.00721	0.00546	0.00468	0.00827	0.00819	0.01120	0.03241	0.03135	0.01823	0.46712	0.27591	0.00562	0.00763	0.08382	0.00316	0.00374
8	0.01204	0.01006	0.01076	0.00981	0.01236	0.01146	0.00756	0.06666	0.61875	0.02062	0.02097	0.12432	0.01737	0.00798	0.00528	0.00174	0.00391	0.00677	0.02414	0.00745
9	0.01033	0.02010	0.50579	0.17559	0.04097	0.01154	0.07506	0.02638	0.01083	0.01572	0.00949	0.01189	0.00692	0.00493	0.00506	0.00161	0.01810	0.00414	0.03863	0.00693
10	0.01159	0.01602	0.17542	0.02000	0.02556	0.01259	0.62918	0.01616	0.01170	0.01616	0.01001	0.01308	0.00743	0.00437	0.00575	0.00169	0.00833	0.00554	0.00248	0.00694
11	0.00637	0.00459	0.00607	0.00713	0.00760	0.00430	0.00497	0.00746	0.01012	0.01343	0.05811	0.68421	0.06883	0.01532	0.00646	0.00204	0.00305	0.08103	0.00472	0.00419
12	0.00753	0.00542	0.00684	0.00750	0.00820	0.00531	0.00520	0.08595	0.01123	0.01502	0.04323	0.71857	0.03121	0.01471	0.00630	0.00199	0.00319	0.01325	0.00475	0.00458
13	0.01069	0.02345	0.64343	0.01534	0.04469	0.01186	0.09539	0.04793	0.01136	0.01665	0.00976	0.02915	0.00728	0.00504	0.00498	0.00162	0.00736	0.00426	0.00237	0.00739
14	0.00627	0.00451	0.00610	0.00715	0.00751	0.00433	0.00486	0.00725	0.00952	0.01279	0.02640	0.73681	0.03131	0.01811	0.08829	0.00268	0.00402	0.01345	0.00449	0.00415
15	0.01123	0.09467	0.01646	0.01269	0.01315	0.01576	0.01071	0.01241	0.00801	0.01213	0.00683	0.01095	0.00675	0.00901	0.03220	0.00222	0.71271	0.00427	0.00222	0.00561
16	0.01016	0.01059	0.05080	0.57858	0.08375	0.01143	0.13785	0.01374	0.01054	0.01395	0.00938	0.01343	0.00709	0.00489	0.00516	0.00166	0.00693	0.00471	0.01931	0.00604
17	0.85801	0.00978	0.00743	0.00665	0.00978	0.01134	0.00548	0.01486	0.00861	0.02269	0.00704	0.00821	0.00548	0.00469	0.00313	0.00156	0.00391	0.00274	0.00313	0.00548
18	0.01194	0.01364	0.02984	0.02131	0.02643	0.01279	0.77238	0.01620	0.01194	0.01620	0.01023	0.01364	0.00767	0.00426	0.00597	0.00171	0.00853	0.00597	0.00256	0.00682
19	0.85801	0.00978	0.00743	0.00665	0.00978	0.01134	0.00548	0.01486	0.00861	0.02269	0.00704	0.00821	0.00548	0.00469	0.00313	0.00156	0.00391	0.00274	0.00313	0.00548
20	0.00736	0.00540	0.00743	0.00881	0.03228	0.00523	0.00674	0.00907	0.01085	0.01420	0.02816	0.35780	0.07577	0.01436	0.00665	0.00216	0.00389	0.39472	0.00461	0.00452
21	0.01209	0.48801	0.35133	0.01108	0.01674	0.01652	0.01289	0.01551	0.01044	0.01363	0.00789	0.00919	0.00645	0.00453	0.00390	0.00130	0.00628	0.00314	0.00215	0.00690
22	0.00621	0.00516	0.00547	0.00565	0.00723	0.00442	0.00433	0.00758	0.01145	0.01378	0.04760	0.08631	0.67452	0.01307	0.00610	0.00179	0.00279	0.08756	0.00469	0.00430
23	0.00767	0.00596	0.00879	0.00859	0.00933	0.00717	0.00670	0.00920	0.00807	0.01170	0.01306	0.04513	0.01251	0.03316	0.65715	0.04307	0.09995	0.00556	0.00270	0.00451
24	0.00853	0.00456	0.00683	0.00683	0.00698	0.00470	0.00470	0.00698	0.00683	0.00926	0.00955	0.01609	0.00940	0.02083	0.14501	0.71767	0.00586	0.00456	0.00228	0.00257
25	0.00985	0.00930	0.01572	0.73002	0.11256	0.01131	0.01420	0.01319	0.01026	0.01329	0.00904	0.01338	0.00687	0.00500	0.00505	0.00167	0.00667	0.00450	0.00227	0.00586
26	0.01352	0.82533	0.02650	0.00865	0.01298	0.02001	0.00865	0.01514	0.01027	0.01190	0.00703	0.00811	0.00649	0.00433	0.00324	0.00108	0.00541	0.00270	0.00216	0.00649
27	0.01745	0.01823	0.01361	0.01189	0.01487	0.42324	0.00918	0.15399	0.21769	0.05122	0.01244	0.01255	0.00948	0.00584	0.00482	0.00146	0.00695	0.00421	0.00386	0.00702
28	0.00767	0.00587	0.00765	0.00759	0.00824	0.02178	0.00551	0.00911	0.02444	0.01145	0.01489	0.06904	0.01529	0.26938	0.46564	0.00635	0.03649	0.00644	0.00296	0.00419
29	0.01046	0.02764	0.00981	0.00858	0.01094	0.05075	0.02047	0.03420	0.34635	0.02932	0.07869	0.05827	0.25773	0.00972	0.02267	0.00181	0.00404	0.00757	0.00473	0.00626
30	0.00943	0.00471	0.00471	0.00471	0.00589	0.00471	0.00353	0.01178	0.01060	0.01885	0.01650	0.01885	0.01296	0.00589	0.00353	0.00118	0.00236	0.00471	0.85036	0.00471
31	0.01049	0.00899	0.01049	0.00749	0.01198	0.00674	0.00599	0.01273	0.01049	0.01648	0.00899	0.01049	0.00749	0.00374	0.00374	0.00075	0.00374	0.00300	0.00300	0.85320
32	0.01431	0.01210	0.03062	0.02767	0.01452	0.01340	0.00883	0.23507	0.53579	0.02386	0.01771	0.01668	0.01313	0.00655	0.00511	0.00166	0.00458	0.00532	0.00499	0.00811
33	0.00986	0.02426	0.72532	0.01370	0.02060	0.01111	0.01743	0.01539	0.01092	0.01627	0.06545	0.02694	0.00986	0.00540	0.00492	0.00161	0.00703	0.00431	0.00243	0.00722
34	0.02495	0.07761	0.47559	0.01316	0.01922	0.01234	0.05713	0.10023	0.04682	0.10917	0.01109	0.01192	0.00783	0.00514	0.00481	0.00156	0.00660	0.00411	0.00311	0.00762
35	0.01158	0.09833	0.64154	0.01355	0.02037	0.01216	0.03189	0.01668	0.01099	0.08309	0.00985	0.01106	0.00697	0.00488	0.00471	0.00155	0.00703	0.00380	0.00250	0.00747
36	0.00722	0.00542	0.00813	0.00813	0.00903	0.00632	0.00632	0.00903	0.00813	0.01174	0.01354	0.01987	0.01264	0.03792	0.80225	0.00813	0.01354	0.00542	0.00271	0.00451
37	0.01138	0.01154	0.06230	0.17778	0.47487	0.01116	0.02539	0.03251	0.01151	0.01596	0.01205	0.01789	0.02513	0.00580	0.00524	0.00164	0.00605	0.08195	0.00276	0.00709
38	0.01281	0.08177	0.04898	0.03020	0.02945	0.00940	0.12795	0.03726	0.02370	0.19615	0.13623	0.11798	0.05235	0.00808	0.00592	0.00167	0.03762	0.03173	0.00433	0.00642
39	0.00815	0.00582	0.00815	0.00931	0.01048	0.00582	0.00815	0.01048	0.01164	0.01513	0.02677	0.05704	0.02910	0.01397	0.00698	0.00233	0.00466	0.75671	0.00466	0.00466
40	0.00835	0.00660	0.00769	0.00717	0.00886	0.00667	0.00545	0.01358	0.20830	0.01948	0.47953	0.03467	0.15425	0.00984	0.00576	0.00164	0.00282	0.00851	0.00532	0.00551
41	0.00864	0.00770	0.01063	0.03333	0.23704	0.03314	0.00821	0.01049	0.01125	0.01472	0.07497	0.24757	0.22178	0.01069	0.00581	0.00175	0.00409	0.04875	0.00398	0.00545
42	0.01135	0.01150	0.02157	0.28855	0.30501	0.01199	0.24576	0.01486	0.01117	0.01522	0.00956	0.01318	0.00748	0.00462	0.00532	0.00163	0.00702	0.00495	0.00243	0.00685
43	0.01252	0.01201	0.02053	0.03104	0.79074	0.01201	0.01552	0.01552	0.01151	0.01652	0.00951	0.01252	0.00801	0.00451	0.00501	0.00150	0.00601	0.00451	0.00250	0.00801
44	0.01362	0.01063	0.01147	0.01016	0.01312	0.01205	0.00795	0.02664	0.70272	0.10065	0.02052	0.01870	0.01514	0.00680	0.00514	0.00170	0.00403	0.00565	0.00526	0.00807
45	0.85801	0.00978	0.00743	0.00665	0.00978	0.01134	0.00548	0.01486	0.00861	0.02269	0.00704	0.00821	0.00548	0.00469	0.00313	0.00156	0.00391	0.00274	0.00313	0.00548
46	0.77068	0.00923	0.00735	0.00664	0.00945	0.01063	0.00536	0.01401	0.00840	0.02126	0.00722	0.00895	0.00582	0.00602	0.00484	0.08911	0.00396	0.00291	0.00303	0.00514
47	0.00616	0.00440	0.00587	0.00704	0.00733	0.00411	0.00469	0.00704	0.00968	0.01291	0.02787	0.81899	0.03344	0.01584	0.00645	0.00205	0.00293	0.01438	0.00469	0.00411
48	0.00767	0.00533	0.00608	0.00577	0.00625	0.00512	0.00343	0.00794	0.00769	0.01053	0.01517	0.03050	0.01715	0.72215	0.03928	0.00454	0.00496	0.00687	0.00305	0.09051
49	0.43971	0.01001	0.01049	0.05671	0.09255	0.05915	0.03078	0.01413	0.01018	0.01883	0.01232	0.02098	0.01165	0.00696	0.00454	0.00174	0.00493	0.18539	0.00333	0.00561
50	0.00635	0.00454	0.00605	0.00702	0.00745	0.00424	0.00481	0.00746	0.01033	0.01391	0.12447	0.69725	0.03513	0.01509	0.00641	0.00200	0.00291	0.03557	0.00480	0.00421
51	0.05704	0.00889	0.01152	0.00903	0.01280	0.00813	0.00741	0.02446	0.09311	0.68206	0.01947	0.01700	0.01252	0.00625	0.00501	0.00158	0.00426	0.00505	0.00601	0.00841
52	0.00685	0.00511	0.00619	0.00597	0.00715	0.00464	0.00436	0.00868	0.01278	0.01734	0.50270	0.05783	0.23412	0.09459	0.00801	0.00197	0.00270	0.00947	0.00507	0.00445
53	0.26428	0.03474	0.01436	0.34602	0.19455	0.03785	0.01151	0.01439	0.01012	0.01659	0.00843	0.01139	0.00663	0.00481	0.00440	0.00158	0.00577	0.00388	0.00258	0.00614
54	0.00627	0.00448	0.00600	0.00717	0.00751	0.00421	0.00489	0.00724	0.00979	0.01304	0.02781	0.77538	0.03320	0.01574	0.00648	0.00207	0.00303	0.05686	0.00469	0.00414
55	0.00815	0.00582	0.00815	0.00931	0.01048	0.00582	0.00815	0.01048	0.01164	0.01513	0.02677	0.05704	0.02910	0.01397	0.00698	0.00233	0.00466	0.75671	0.00466	0.00466
56	0.01186	0.01326	0.02833	0.02198	0.10458	0.01251	0.67688	0.01592	0.01184	0.01616	0.01056	0.03206	0.00830	0.00455	0.00588	0.00169	0.00814	0.00601	0.00260	0.00688
57	0.00621	0.00448	0.00589	0.00692	0.00733	0.00415	0.00466	0.00719	0.01002	0.01336	0.07237	0.74164	0.06626	0.01540	0.00641	0.00201	0.00289	0.01392	0.00474	0.00415
58	0.00735	0.00490	0.00552	0.00552	0.00552	0.00490	0.00306	0.00735	0.00735	0.00980	0.01593	0.03309	0.01838	0.82229	0.02574	0.00490	0.00490	0.00735	0.00306	0.00306
59	0.01922	0.01416	0.01518	0.01163	0.01568	0.01568	0.00961	0.77388	0.02378	0.03187	0.01214	0.01214	0.00860	0.00607	0.00506	0.00152	0.00556	0.00455	0.00506	0.00860
60	0.06205	0.23114	0.27210	0.01150	0.01651	0.05319	0.02871	0.12133	0.09189	0.05082	0.01045	0.01117	0.00790	0.00513	0.00439	0.00145	0.00608	0.00381	0.00312	0.00726
61	0.01431	0.03228	0.01184	0.01053	0.01254	0.39404	0.00803	0.08079	0.01252	0.01386	0.01021	0.01328	0.00885	0.01526	0.22201	0.07914	0.00920	0.00411	0.04183	0.00537
62	0.02409	0.04123	0.11746	0.04882	0.53356	0.02226	0.04256	0.01566	0.02864	0.01632	0.00955	0.01213	0.00779	0.00457	0.00486	0.00147	0.00612	0.00430	0.00254	0.05608
63	0.03388	0.01424	0.15322	0.12081	0.20974	0.04847	0.02322	0.16277	0.03133	0.06966	0.02863	0.01338	0.00918	0.00535	0.00488	0.00153	0.00596	0.00448	0.05196	0.00732
64	0.01443	0.72108	0.02478	0.00899	0.01317	0.07542	0.00866	0.01605	0.01081	0.05670	0.00783	0.00870	0.00684	0.00450	0.00344	0.00113	0.00561	0.00288	0.00243	0.00657

[dist]
# distance from previous block
# <min> <max>
7	55

[block]
# block no. 3 follows, 49 sequences, length 46
# corresponding to MSA columns:
# 391-407,423-451
name=unknown_D
#
# <colnr> <probs for GDERKNQSTAVLIFYWHMCP>
#	G	D	E	R	K	N	Q	S	T	A	V	L	I	F	Y	W	H	M	C	P
0	0.00626	0.00457	0.00581	0.00675	0.00724	0.00422	0.00457	0.00718	0.00985	0.01289	0.03032	0.64849	0.13519	0.06233	0.00753	0.00218	0.00304	0.03291	0.00460	0.00408
1	0.82406	0.00996	0.00775	0.00685	0.01002	0.01152	0.00564	0.04558	0.00922	0.02306	0.00725	0.00837	0.00560	0.00475	0.00321	0.00156	0.00398	0.00281	0.00321	0.00560
2	0.00626	0.00448	0.00595	0.00698	0.00736	0.00417	0.00470	0.00728	0.01013	0.01362	0.10152	0.74330	0.03483	0.01531	0.00641	0.00201	0.00288	0.01387	0.00478	0.00417
3	0.00746	0.00536	0.00703	0.00700	0.00761	0.00580	0.00492	0.02526	0.00836	0.01153	0.01648	0.05593	0.04602	0.35128	0.41094	0.00620	0.00906	0.00672	0.00306	0.00400
4	0.00757	0.00530	0.00645	0.08347	0.00836	0.00552	0.00413	0.00789	0.00762	0.01011	0.01526	0.03119	0.01726	0.74311	0.02373	0.00459	0.00508	0.00708	0.00298	0.00331
5	0.01194	0.01364	0.02984	0.02131	0.02643	0.01279	0.77238	0.01620	0.01194	0.01620	0.01023	0.01364	0.00767	0.00426	0.00597	0.00171	0.00853	0.00597	0.00256	0.00682
6	0.00602	0.00512	0.00518	0.00516	0.00685	0.00429	0.00387	0.00733	0.01162	0.01388	0.07590	0.04830	0.76388	0.01272	0.00598	0.00170	0.00256	0.01062	0.00472	0.00429
7	0.04395	0.00910	0.01464	0.67938	0.03101	0.01146	0.01316	0.01277	0.00981	0.01324	0.00918	0.03413	0.00738	0.00569	0.00613	0.00174	0.08465	0.00467	0.00234	0.00556
8	0.01352	0.82533	0.02650	0.00865	0.01298	0.02001	0.00865	0.01514	0.01027	0.01190	0.00703	0.00811	0.00649	0.00433	0.00324	0.00108	0.00541	0.00270	0.00216	0.00649
9	0.01352	0.82533	0.02650	0.00865	0.01298	0.02001	0.00865	0.01514	0.01027	0.01190	0.00703	0.00811	0.00649	0.00433	0.00324	0.00108	0.00541	0.00270	0.00216	0.00649
10	0.00721	0.00537	0.00794	0.00797	0.00881	0.00620	0.00612	0.00890	0.00812	0.01166	0.01394	0.03576	0.01334	0.07926	0.74579	0.00784	0.01288	0.00569	0.00277	0.00443
11	0.04925	0.00778	0.04155	0.00753	0.01039	0.00662	0.00631	0.01836	0.01245	0.41535	0.01830	0.06795	0.01347	0.00662	0.00455	0.00146	0.00366	0.00540	0.29616	0.00681
12	0.01889	0.02410	0.01433	0.01303	0.01563	0.80199	0.00977	0.02019	0.01433	0.01238	0.00782	0.00912	0.00651	0.00521	0.00456	0.00130	0.00912	0.00326	0.00261	0.00586
13	0.00632	0.00452	0.00603	0.00705	0.00746	0.00423	0.00482	0.00740	0.01020	0.01370	0.10149	0.71745	0.03468	0.01525	0.00642	0.00202	0.00294	0.03905	0.00478	0.00419
14	0.01171	0.02897	0.01225	0.06902	0.06168	0.04867	0.03931	0.10651	0.02954	0.05660	0.04773	0.03766	0.03993	0.01152	0.10734	0.00249	0.08582	0.08671	0.11060	0.00594
15	0.01456	0.01068	0.01192	0.00995	0.01274	0.01152	0.00795	0.48787	0.01918	0.02580	0.11172	0.18005	0.01943	0.00895	0.00555	0.00167	0.00460	0.04380	0.00503	0.00703
16	0.01222	0.09121	0.06805	0.06525	0.39359	0.01240	0.10015	0.04122	0.06371	0.02663	0.01181	0.03728	0.02783	0.00526	0.00499	0.00152	0.00598	0.00495	0.00288	0.02308
17	0.01071	0.09860	0.58380	0.01567	0.09543	0.01242	0.06051	0.01573	0.01089	0.01580	0.02939	0.01149	0.00772	0.00484	0.00477	0.00155	0.00706	0.00398	0.00229	0.00732
18	0.00781	0.08481	0.00974	0.00805	0.00923	0.00753	0.00638	0.00950	0.00835	0.01171	0.01339	0.04088	0.01283	0.06478	0.67289	0.00715	0.01213	0.00547	0.00272	0.00464
19	0.01702	0.01292	0.04041	0.01179	0.04485	0.01359	0.00948	0.46245	0.18354	0.08965	0.01488	0.01541	0.01097	0.00638	0.00510	0.00158	0.00513	0.02730	0.01931	0.00823
20	0.01230	0.07945	0.47529	0.03580	0.08319	0.08856	0.03019	0.03699	0.01163	0.06091	0.01014	0.03520	0.00781	0.00523	0.00479	0.00154	0.00699	0.00416	0.00262	0.00722
21	0.01792	0.10093	0.01575	0.01321	0.04126	0.67627	0.00989	0.01931	0.01365	0.01246	0.00776	0.00919	0.00657	0.00521	0.00481	0.00132	0.03268	0.00328	0.00255	0.00599
22	0.01223	0.01172	0.02001	0.10652	0.71751	0.01194	0.01538	0.01527	0.01138	0.01617	0.00946	0.01261	0.00789	0.00456	0.00501	0.00152	0.00608	0.00450	0.00248	0.00778
23	0.06191	0.01380	0.01462	0.01132	0.01527	0.01533	0.00933	0.70380	0.05466	0.03095	0.01223	0.01222	0.00873	0.00603	0.00496	0.00153	0.00541	0.00451	0.00496	0.00841
24	0.00726	0.00509	0.00654	0.00658	0.00694	0.00542	0.00438	0.00799	0.00773	0.01066	0.01541	0.05463	0.01667	0.49113	0.32584	0.00605	0.00818	0.00684	0.00298	0.00366
25	0.01164	0.00536	0.00588	0.00543	0.00706	0.00517	0.00418	0.01393	0.01125	0.14821	0.01707	0.01858	0.01289	0.00595	0.00379	0.00124	0.00268	0.00478	0.70954	0.00536
26	0.01047	0.10359	0.72152	0.01385	0.02102	0.01254	0.01771	0.01593	0.01064	0.01562	0.00888	0.01043	0.00641	0.00476	0.00465	0.00155	0.00727	0.00364	0.00214	0.00738
27	0.01352	0.82533	0.02650	0.00865	0.01298	0.02001	0.00865	0.01514	0.01027	0.01190	0.00703	0.00811	0.00649	0.00433	0.00324	0.00108	0.00541	0.00270	0.00216	0.00649
28	0.00616	0.00442	0.00585	0.00698	0.00732	0.00411	0.00467	0.00705	0.00974	0.01293	0.02856	0.79624	0.05574	0.01575	0.00644	0.00204	0.00292	0.01427	0.00469	0.00411
29	0.01301	0.01108	0.01168	0.01038	0.01331	0.01278	0.00811	0.07498	0.73280	0.02184	0.02004	0.01843	0.01500	0.00681	0.00514	0.00170	0.00410	0.00564	0.00514	0.00804
30	0.01014	0.02616	0.79609	0.01441	0.02189	0.01174	0.01868	0.01601	0.01068	0.01601	0.00907	0.01068	0.00641	0.00480	0.00480	0.00160	0.00747	0.00374	0.00214	0.00747
31	0.85801	0.00978	0.00743	0.00665	0.00978	0.01134	0.00548	0.01486	0.00861	0.02269	0.00704	0.00821	0.00548	0.00469	0.00313	0.00156	0.00391	0.00274	0.00313	0.00548
32	0.01252	0.01201	0.02053	0.03104	0.79074	0.01201	0.01552	0.01552	0.01151	0.01652	0.00951	0.01252	0.00801	0.00451	0.00501	0.00150	0.00601	0.00451	0.00250	0.00801
33	0.00735	0.00490	0.00552	0.00552	0.00552	0.00490	0.00306	0.00735	0.00735	0.00980	0.01593	0.03309	0.01838	0.82229	0.02574	0.00490	0.00490	0.00735	0.00306	0.00306
34	0.14623	0.01350	0.01400	0.01088	0.01479	0.01502	0.00899	0.65895	0.02148	0.03048	0.01137	0.01155	0.00813	0.00586	0.00477	0.00152	0.00531	0.00428	0.00477	0.00813
35	0.00735	0.00492	0.00562	0.00562	0.00566	0.00496	0.00320	0.00742	0.00739	0.00989	0.01583	0.03254	0.01814	0.78952	0.05818	0.00504	0.00526	0.00727	0.00305	0.00312
36	0.01049	0.00899	0.01049	0.00749	0.01198	0.00674	0.00599	0.01273	0.01049	0.01648	0.00899	0.01049	0.00749	0.00374	0.00374	0.00075	0.00374	0.00300	0.00300	0.85320
37	0.00759	0.00636	0.00677	0.00653	0.00835	0.00616	0.00493	0.01187	0.18264	0.01608	0.13203	0.08687	0.48238	0.01137	0.00582	0.00172	0.00288	0.00961	0.00490	0.00515
38	0.00606	0.00515	0.00524	0.00529	0.00697	0.00433	0.00401	0.00738	0.01153	0.01372	0.05027	0.04899	0.75896	0.01285	0.00602	0.00173	0.00264	0.03988	0.00469	0.00428
39	0.01106	0.01106	0.01549	0.01328	0.01328	0.01549	0.01106	0.01217	0.00774	0.01217	0.00664	0.01106	0.00664	0.00885	0.01659	0.00221	0.81303	0.00443	0.00221	0.00553
40	0.12068	0.00874	0.01123	0.00872	0.01254	0.00789	0.00720	0.02350	0.01378	0.70374	0.01844	0.01616	0.01169	0.00608	0.00486	0.00156	0.00426	0.00481	0.00589	0.00824
41	0.00678	0.00525	0.00557	0.00545	0.00716	0.00444	0.00410	0.00818	0.01188	0.04589	0.12316	0.06667	0.66308	0.01237	0.00595	0.00170	0.00262	0.01039	0.00485	0.00449
42	0.01014	0.00874	0.01444	0.20235	0.06835	0.00976	0.12464	0.01277	0.08401	0.01327	0.01134	0.05980	0.01017	0.00962	0.01054	0.23350	0.09208	0.01657	0.00275	0.00515
43	0.03388	0.01412	0.01426	0.01188	0.02770	0.10997	0.02169	0.39746	0.20646	0.04346	0.01338	0.01343	0.00992	0.00624	0.00566	0.00158	0.05185	0.00467	0.00453	0.00784
44	0.01235	0.05514	0.10093	0.21069	0.03709	0.13651	0.16716	0.04086	0.01137	0.01449	0.00913	0.01264	0.00739	0.00563	0.00684	0.00167	0.13216	0.01719	0.01452	0.00624
45	0.01120	0.01036	0.04752	0.01084	0.09434	0.00814	0.02565	0.02546	0.05485	0.03182	0.00999	0.01141	0.00806	0.00414	0.00410	0.00097	0.00431	0.00347	0.00311	0.63027

[dist]
# distance from previous block
# <min> <max>
1	3

[block]
# block no. 4 follows, 49 sequences, length 45
# corresponding to MSA columns:
# 455-458,468-508
name=unknown_E
#
# <colnr> <probs for GDERKNQSTAVLIFYWHMCP>
#	G	D	E	R	K	N	Q	S	T	A	V	L	I	F	Y	W	H	M	C	P
0	0.09608	0.06368	0.01499	0.08096	0.15702	0.13708	0.02438	0.07706	0.22523	0.01833	0.01206	0.01302	0.00939	0.00540	0.00465	0.00150	0.00567	0.00432	0.00349	0.04569
1	0.01179	0.01287	0.02652	0.10049	0.10620	0.01254	0.58133	0.01631	0.04857	0.01614	0.01053	0.01376	0.00799	0.00449	0.00574	0.00168	0.00787	0.00566	0.00264	0.00688
2	0.00672	0.00505	0.00622	0.00614	0.00734	0.00455	0.00453	0.00862	0.01297	0.01759	0.49677	0.14885	0.23266	0.01172	0.00604	0.00168	0.00251	0.01026	0.00523	0.00455
3	0.00798	0.00703	0.01192	0.01062	0.01248	0.00662	0.18371	0.01008	0.01093	0.01429	0.02684	0.30721	0.14527	0.01279	0.02682	0.00214	0.00486	0.18937	0.00414	0.00490
4	0.01734	0.01940	0.01513	0.01301	0.01550	0.47629	0.03049	0.17256	0.01499	0.01642	0.00855	0.01021	0.00699	0.00603	0.00690	0.00152	0.15543	0.00381	0.00303	0.00639
5	0.00598	0.00512	0.00512	0.00512	0.00683	0.00427	0.00384	0.00726	0.01153	0.01366	0.05123	0.04866	0.78869	0.01281	0.00598	0.00171	0.00256	0.01067	0.00470	0.00427
6	0.00629	0.00454	0.00596	0.00686	0.00734	0.00420	0.00467	0.00739	0.01039	0.01395	0.13255	0.67874	0.06845	0.01496	0.00637	0.00198	0.00284	0.01350	0.00481	0.00420
7	0.00975	0.00912	0.01533	0.65327	0.13694	0.01090	0.01367	0.01291	0.01028	0.01341	0.01023	0.06335	0.00857	0.00565	0.00514	0.00168	0.00640	0.00511	0.00243	0.00585
8	0.01127	0.01241	0.02639	0.01994	0.05886	0.01175	0.63675	0.01508	0.01152	0.01571	0.01163	0.07016	0.00979	0.00717	0.05539	0.00212	0.00833	0.00645	0.00271	0.00654
9	0.00979	0.00924	0.01561	0.74595	0.09710	0.01130	0.01416	0.01313	0.01023	0.01322	0.00903	0.01340	0.00685	0.00501	0.00505	0.00167	0.00668	0.00449	0.00227	0.00581
10	0.01299	0.01100	0.01168	0.01019	0.01328	0.01240	0.00799	0.09034	0.65706	0.02172	0.01896	0.01764	0.01424	0.00655	0.00503	0.00162	0.00412	0.00541	0.00497	0.07279
11	0.01232	0.03285	0.21371	0.09303	0.13549	0.02895	0.09615	0.09797	0.13369	0.01782	0.01112	0.01294	0.00850	0.00554	0.00606	0.00165	0.07729	0.00460	0.00305	0.00728
12	0.01530	0.49387	0.02244	0.01097	0.01474	0.29387	0.05646	0.01698	0.01180	0.01233	0.00750	0.00881	0.00657	0.00463	0.00387	0.00120	0.00690	0.00310	0.00234	0.00629
13	0.00939	0.04843	0.05131	0.00786	0.00988	0.12293	0.00647	0.01139	0.01281	0.03245	0.30464	0.07887	0.21835	0.01006	0.00564	0.00162	0.00405	0.05432	0.00448	0.00507
14	0.01228	0.41672	0.29894	0.01140	0.01630	0.05009	0.01254	0.01534	0.01031	0.01341	0.00775	0.00939	0.00648	0.00503	0.00532	0.00140	0.09512	0.00328	0.00218	0.00671
15	0.00674	0.00516	0.00621	0.00615	0.00748	0.00462	0.00466	0.00863	0.01285	0.01709	0.42293	0.08544	0.31754	0.01180	0.00607	0.00171	0.00264	0.06260	0.00514	0.00454
16	0.01252	0.01201	0.02053	0.03104	0.79074	0.01201	0.01552	0.01552	0.01151	0.01652	0.00951	0.01252	0.00801	0.00451	0.00501	0.00150	0.00601	0.00451	0.00250	0.00801
17	0.01159	0.01115	0.01920	0.26700	0.51182	0.01182	0.05120	0.01495	0.02358	0.01549	0.00957	0.01297	0.00773	0.00470	0.00507	0.00157	0.00632	0.00459	0.00247	0.00723
18	0.00739	0.00564	0.00832	0.00822	0.00904	0.00665	0.00637	0.00908	0.00807	0.01166	0.01336	0.02012	0.01266	0.07425	0.73138	0.00772	0.04740	0.00547	0.00270	0.00449
19	0.01059	0.00512	0.00548	0.00520	0.00656	0.00500	0.00389	0.01273	0.01074	0.09551	0.01680	0.01978	0.01333	0.06846	0.00539	0.00150	0.00275	0.00495	0.70126	0.00498
20	0.00688	0.00516	0.00638	0.00608	0.00739	0.00466	0.00456	0.00901	0.01367	0.01875	0.61798	0.04029	0.21876	0.01091	0.00597	0.00162	0.00243	0.00950	0.00537	0.00466
21	0.04062	0.23324	0.13257	0.01250	0.04904	0.02826	0.05560	0.19500	0.09889	0.01905	0.01030	0.01142	0.00808	0.00552	0.00556	0.00151	0.07829	0.00406	0.00325	0.00725
22	0.00712	0.00503	0.00676	0.00718	0.00777	0.00530	0.00516	0.00845	0.00927	0.01324	0.05530	0.36496	0.02347	0.08221	0.25826	0.00407	0.03073	0.00948	0.09195	0.00429
23	0.00630	0.00450	0.00603	0.00720	0.00755	0.00423	0.00494	0.00728	0.00982	0.01306	0.02779	0.76558	0.03314	0.01571	0.00649	0.00207	0.00305	0.06641	0.00469	0.00415
24	0.01090	0.12339	0.53264	0.05757	0.06182	0.01286	0.03888	0.01655	0.06972	0.01576	0.00975	0.01132	0.00725	0.00488	0.00469	0.00155	0.00686	0.00391	0.00241	0.00730
25	0.01332	0.04107	0.07853	0.04261	0.46094	0.05973	0.03469	0.09607	0.06691	0.01779	0.01027	0.01244	0.00825	0.00503	0.00530	0.00153	0.03048	0.00444	0.00291	0.00769
26	0.00691	0.00495	0.00620	0.00636	0.00709	0.00468	0.00442	0.00827	0.01110	0.01515	0.32373	0.22206	0.09262	0.20677	0.03017	0.00268	0.00348	0.03458	0.00460	0.00416
27	0.85801	0.00978	0.00743	0.00665	0.00978	0.01134	0.00548	0.01486	0.00861	0.02269	0.00704	0.00821	0.00548	0.00469	0.00313	0.00156	0.00391	0.00274	0.00313	0.00548
28	0.01922	0.01416	0.01518	0.01163	0.01568	0.01568	0.00961	0.77388	0.02378	0.03187	0.01214	0.01214	0.00860	0.00607	0.00506	0.00152	0.00556	0.00455	0.00506	0.00860
29	0.00720	0.00484	0.00556	0.00571	0.00575	0.00480	0.00328	0.00731	0.00766	0.01021	0.01749	0.13585	0.02035	0.71684	0.02322	0.00453	0.00464	0.00827	0.00328	0.00320
30	0.01420	0.07455	0.28742	0.04934	0.07976	0.01218	0.10222	0.10735	0.04822	0.15793	0.01194	0.01283	0.00847	0.00520	0.00495	0.00156	0.00635	0.00445	0.00345	0.00765
31	0.00753	0.00586	0.00870	0.00853	0.00936	0.00704	0.00669	0.00928	0.00810	0.01177	0.01300	0.01917	0.01217	0.03564	0.74058	0.00766	0.07630	0.00534	0.00267	0.00459
32	0.01234	0.01039	0.01092	0.00986	0.01259	0.01198	0.00766	0.02571	0.72256	0.02098	0.02027	0.01887	0.01525	0.00679	0.00502	0.00167	0.00388	0.00564	0.06988	0.00775
33	0.01030	0.00945	0.01592	0.54714	0.20018	0.01088	0.02747	0.01350	0.01085	0.02784	0.06899	0.01519	0.01028	0.00534	0.00513	0.00164	0.00623	0.00489	0.00263	0.00616
34	0.06238	0.02754	0.19872	0.08045	0.10450	0.08074	0.20696	0.04152	0.06399	0.05885	0.01059	0.01250	0.00790	0.00499	0.00520	0.00160	0.01703	0.00458	0.00291	0.00705
35	0.00941	0.00765	0.00932	0.06471	0.05964	0.00811	0.00690	0.01558	0.26009	0.01880	0.27922	0.02847	0.13024	0.00849	0.00539	0.00162	0.00345	0.00730	0.06960	0.00600
36	0.00640	0.00457	0.00615	0.00732	0.00772	0.00432	0.00512	0.00746	0.00992	0.01318	0.02774	0.72589	0.03291	0.01561	0.00652	0.00209	0.00314	0.10508	0.00469	0.00417
37	0.01080	0.02706	0.26360	0.25060	0.08283	0.02189	0.05946	0.02677	0.01090	0.04574	0.03437	0.04061	0.02403	0.01647	0.00616	0.00171	0.06286	0.00494	0.00269	0.00651
38	0.06151	0.19636	0.34690	0.01324	0.05308	0.04604	0.06443	0.05642	0.02791	0.04829	0.00998	0.01222	0.00783	0.00513	0.00455	0.00150	0.00649	0.02830	0.00273	0.00708
39	0.00621	0.00444	0.00592	0.00710	0.00741	0.00415	0.00478	0.00713	0.00973	0.01296	0.02784	0.80022	0.03334	0.01580	0.00647	0.00206	0.00298	0.03266	0.00469	0.00412
