[name]
unknown

[dist]
# distance from previous block
# <min> <max>
0	150

[block]
# block no. 0 follows, 59 sequences, length 106
# corresponding to MSA columns:
# 153-258
name=unknown_A
#
# <colnr> <probs for GDERKNQSTAVLIFYWHMCP>
#	G	D	E	R	K	N	Q	S	T	A	V	L	I	F	Y	W	H	M	C	P
0	0.01085	0.00937	0.00993	0.00881	0.01141	0.01061	0.00686	0.02256	0.75059	0.01818	0.01723	0.01594	0.01297	0.00579	0.00440	0.00144	0.00348	0.00482	0.00436	0.07040
1	0.02295	0.00828	0.01265	0.08452	0.32955	0.00852	0.04786	0.07285	0.03137	0.02923	0.09745	0.01575	0.01222	0.06654	0.00562	0.00152	0.00437	0.00466	0.13837	0.00571
2	0.01093	0.01049	0.01793	0.02711	0.81723	0.01049	0.01355	0.01355	0.01006	0.01443	0.00831	0.01093	0.00700	0.00394	0.00437	0.00131	0.00525	0.00394	0.00219	0.00700
3	0.00834	0.00785	0.01325	0.83417	0.03042	0.00981	0.01227	0.01128	0.00883	0.01128	0.00785	0.01178	0.00589	0.00442	0.00442	0.00147	0.00589	0.00393	0.00196	0.00491
4	0.00834	0.00778	0.01307	0.81771	0.02992	0.00970	0.01208	0.01126	0.00884	0.01139	0.00798	0.01187	0.00600	0.00443	0.00439	0.00146	0.00581	0.00393	0.01916	0.00489
5	0.01650	0.02105	0.01252	0.01138	0.01365	0.82705	0.00853	0.01764	0.01252	0.01081	0.00683	0.00796	0.00569	0.00455	0.00398	0.00114	0.00796	0.00284	0.00228	0.00512
6	0.36850	0.01309	0.00978	0.00866	0.01101	0.29357	0.00683	0.05214	0.05749	0.03964	0.00776	0.00879	0.00614	0.00480	0.00444	0.00134	0.07791	0.00300	0.01988	0.00523
7	0.87598	0.00854	0.00649	0.00581	0.00854	0.00991	0.00478	0.01298	0.00752	0.01982	0.00615	0.00717	0.00478	0.00410	0.00273	0.00137	0.00342	0.00239	0.00273	0.00478
8	0.00842	0.00796	0.01326	0.78543	0.02930	0.01003	0.01211	0.01125	0.00871	0.01125	0.00773	0.01165	0.00588	0.00461	0.00501	0.00150	0.05511	0.00392	0.00196	0.00490
9	0.01732	0.01174	0.01131	0.00911	0.01217	0.18024	0.00732	0.28146	0.01511	0.33111	0.01272	0.01217	0.00872	0.00520	0.00425	0.00128	0.00489	0.00393	0.06317	0.00678
10	0.01093	0.01049	0.01793	0.02711	0.81723	0.01049	0.01355	0.01355	0.01006	0.01443	0.00831	0.01093	0.00700	0.00394	0.00437	0.00131	0.00525	0.00394	0.00219	0.00700
11	0.01065	0.01068	0.01616	0.01827	0.33449	0.04528	0.06918	0.02874	0.00887	0.01277	0.00717	0.01028	0.00637	0.00574	0.00913	0.00161	0.39267	0.00395	0.00212	0.00585
12	0.80607	0.00956	0.00698	0.00626	0.00896	0.07638	0.00509	0.01336	0.00792	0.01908	0.00620	0.00724	0.00486	0.00414	0.00283	0.00135	0.00379	0.00243	0.00270	0.00481
13	0.00865	0.00819	0.01367	0.71486	0.09810	0.01009	0.01222	0.01144	0.00882	0.01152	0.00777	0.01158	0.00598	0.00457	0.00501	0.00149	0.05506	0.00392	0.00198	0.00508
14	0.82507	0.00877	0.00689	0.00607	0.00885	0.01013	0.00500	0.05976	0.00830	0.02029	0.00641	0.00738	0.00494	0.00417	0.00283	0.00136	0.00350	0.00249	0.00283	0.00494
15	0.00966	0.00966	0.01353	0.01160	0.01160	0.01353	0.00966	0.01063	0.00676	0.01063	0.00580	0.00966	0.00580	0.00773	0.01449	0.00193	0.83670	0.00387	0.00193	0.00483
16	0.00761	0.00496	0.00644	0.00589	0.00719	0.00462	0.00448	0.01005	0.04221	0.08792	0.71547	0.03081	0.03793	0.00860	0.00512	0.00139	0.00228	0.00757	0.00490	0.00457
17	0.01154	0.01257	0.01881	0.10428	0.35983	0.16048	0.24009	0.01424	0.01049	0.01336	0.00817	0.01076	0.00656	0.00404	0.00455	0.00135	0.00645	0.00410	0.00219	0.00614
18	0.01036	0.00740	0.00937	0.07915	0.01184	0.00635	0.00600	0.01221	0.00930	0.13655	0.00992	0.01204	0.00802	0.05483	0.06530	0.00154	0.02072	0.00341	0.00297	0.53271
19	0.00599	0.00450	0.00554	0.00528	0.00644	0.00406	0.00396	0.00783	0.01188	0.01624	0.61852	0.03542	0.23898	0.00958	0.00521	0.00142	0.00212	0.00833	0.00467	0.00406
20	0.00841	0.00763	0.01247	0.71285	0.02709	0.00953	0.01131	0.01116	0.00875	0.01170	0.00830	0.01206	0.00636	0.00468	0.00490	0.00146	0.05478	0.00394	0.07780	0.00483
21	0.00823	0.00412	0.00412	0.00412	0.00515	0.00412	0.00309	0.01029	0.00926	0.01647	0.01441	0.01647	0.01132	0.00515	0.00309	0.00103	0.00206	0.00412	0.86930	0.00412
22	0.01026	0.00994	0.06935	0.05784	0.01274	0.01027	0.00774	0.02073	0.63351	0.01765	0.08632	0.01712	0.01492	0.00603	0.00453	0.00148	0.00374	0.00507	0.00418	0.00659
23	0.01588	0.01867	0.01216	0.01077	0.01321	0.64751	0.00820	0.14314	0.01370	0.01361	0.00968	0.01044	0.05396	0.00507	0.00413	0.00119	0.00713	0.00341	0.00273	0.00542
24	0.00910	0.00519	0.00530	0.00499	0.00633	0.00542	0.00382	0.06953	0.08006	0.01748	0.01444	0.01604	0.01123	0.00523	0.00331	0.00109	0.00239	0.00418	0.73027	0.00462
25	0.13339	0.00783	0.00986	0.00767	0.01100	0.00721	0.00633	0.04863	0.01225	0.68535	0.01568	0.01383	0.00999	0.00528	0.00421	0.00137	0.00375	0.00415	0.00507	0.00715
26	0.00949	0.00816	0.01345	0.65428	0.09670	0.00985	0.01180	0.01219	0.00910	0.07084	0.00847	0.01181	0.00635	0.00465	0.00501	0.00148	0.05490	0.00396	0.00224	0.00528
27	0.00799	0.00437	0.00487	0.06515	0.00711	0.00449	0.00385	0.01000	0.00916	0.01563	0.01480	0.08830	0.01249	0.00585	0.00341	0.00113	0.00238	0.00484	0.73005	0.00413
28	0.00619	0.00450	0.00575	0.00544	0.00652	0.00413	0.00408	0.00819	0.01224	0.01719	0.73524	0.03357	0.10886	0.00916	0.00518	0.00139	0.00210	0.00804	0.01810	0.00413
29	0.00916	0.00785	0.00916	0.00654	0.01047	0.00589	0.00523	0.01112	0.00916	0.01439	0.00785	0.00916	0.00654	0.00327	0.00327	0.00065	0.00327	0.00262	0.00262	0.87178
30	0.01093	0.01049	0.01793	0.02711	0.81723	0.01049	0.01355	0.01355	0.01006	0.01443	0.00831	0.01093	0.00700	0.00394	0.00437	0.00131	0.00525	0.00394	0.00219	0.00700
31	0.01181	0.84744	0.02314	0.00756	0.01134	0.01748	0.00756	0.01323	0.00897	0.01039	0.00614	0.00708	0.00567	0.00378	0.00283	0.00094	0.00472	0.00236	0.00189	0.00567
32	0.01093	0.01049	0.01793	0.02711	0.81723	0.01049	0.01355	0.01355	0.01006	0.01443	0.00831	0.01093	0.00700	0.00394	0.00437	0.00131	0.00525	0.00394	0.00219	0.00700
33	0.01970	0.00769	0.01036	0.00794	0.01136	0.00676	0.00656	0.05021	0.01294	0.79118	0.01717	0.01487	0.01081	0.00546	0.00444	0.00137	0.00380	0.00442	0.00543	0.00752
34	0.00527	0.00448	0.00454	0.00452	0.00599	0.00375	0.00339	0.00643	0.01017	0.01219	0.07868	0.04209	0.78134	0.01109	0.00522	0.00149	0.00223	0.00926	0.00413	0.00375
35	0.01093	0.01048	0.01779	0.02681	0.80379	0.01050	0.01345	0.01372	0.02339	0.01450	0.00847	0.01102	0.00710	0.00397	0.00437	0.00131	0.00522	0.00395	0.00222	0.00700
36	0.01070	0.01026	0.01752	0.09768	0.74843	0.01043	0.01344	0.01336	0.00995	0.01415	0.00827	0.01100	0.00690	0.00398	0.00438	0.00133	0.00530	0.00393	0.00217	0.00681
37	0.00641	0.00431	0.00498	0.00498	0.00504	0.00437	0.00288	0.00653	0.00647	0.00869	0.01376	0.02806	0.01569	0.78527	0.08149	0.00449	0.00484	0.00630	0.00265	0.00277
38	0.00646	0.00481	0.00604	0.00568	0.00684	0.00454	0.00428	0.00908	0.05953	0.01733	0.71122	0.03271	0.09674	0.00901	0.00517	0.00140	0.00218	0.00791	0.00478	0.00430
39	0.00536	0.00448	0.00466	0.00462	0.00605	0.00379	0.00346	0.00660	0.01039	0.01269	0.14602	0.04125	0.71369	0.01090	0.00522	0.00148	0.00222	0.00915	0.00420	0.00379
40	0.00834	0.00785	0.01325	0.83417	0.03042	0.00981	0.01227	0.01128	0.00883	0.01128	0.00785	0.01178	0.00589	0.00442	0.00442	0.00147	0.00589	0.00393	0.00196	0.00491
41	0.01650	0.02105	0.01252	0.01138	0.01365	0.82705	0.00853	0.01764	0.01252	0.01081	0.00683	0.00796	0.00569	0.00455	0.00398	0.00114	0.00796	0.00284	0.00228	0.00512
42	0.00535	0.00451	0.00465	0.00472	0.00618	0.00382	0.00360	0.00652	0.01007	0.01202	0.04333	0.04299	0.76319	0.01125	0.00528	0.00153	0.00236	0.06078	0.00410	0.00375
43	0.00625	0.00451	0.00590	0.00556	0.00660	0.00417	0.00417	0.00833	0.01250	0.01771	0.81490	0.03299	0.04167	0.00903	0.00521	0.00139	0.00208	0.00799	0.00486	0.00417
44	0.00940	0.17361	0.67586	0.01167	0.01769	0.01158	0.01472	0.01385	0.00926	0.01333	0.00760	0.00892	0.00561	0.00412	0.00395	0.00132	0.00620	0.00310	0.00187	0.00637
45	0.01831	0.00784	0.01142	0.00868	0.01211	0.00688	0.07587	0.03127	0.01245	0.70296	0.01779	0.01591	0.04597	0.00556	0.00454	0.00138	0.00403	0.00472	0.00511	0.00721
46	0.01903	0.00806	0.01050	0.00813	0.01150	0.00739	0.00669	0.08993	0.06055	0.70349	0.01686	0.01473	0.01078	0.00548	0.00444	0.00137	0.00384	0.00443	0.00532	0.00748
47	0.08259	0.00759	0.00997	0.00771	0.01107	0.00674	0.00637	0.02090	0.01227	0.76160	0.01660	0.01446	0.01048	0.00537	0.00432	0.00137	0.00373	0.00429	0.00527	0.00732
48	0.00616	0.00455	0.00577	0.00558	0.00669	0.00417	0.00426	0.00809	0.01196	0.01649	0.63859	0.03569	0.15931	0.00959	0.00528	0.00145	0.00225	0.06535	0.00469	0.00409
49	0.00870	0.00843	0.01321	0.79791	0.02968	0.04582	0.01210	0.01156	0.00899	0.01126	0.00780	0.01161	0.00588	0.00442	0.00440	0.00146	0.00598	0.00388	0.00198	0.00492
50	0.01181	0.84744	0.02314	0.00756	0.01134	0.01748	0.00756	0.01323	0.00897	0.01039	0.00614	0.00708	0.00567	0.00378	0.00283	0.00094	0.00472	0.00236	0.00189	0.00567
51	0.00526	0.00430	0.00465	0.00493	0.00609	0.00369	0.00356	0.00629	0.00963	0.01175	0.03919	0.26005	0.60148	0.01191	0.00533	0.00157	0.00233	0.01020	0.00410	0.00369
52	0.01412	0.01130	0.01236	0.04751	0.08382	0.06141	0.00845	0.34714	0.28176	0.06593	0.01289	0.01273	0.00947	0.00534	0.00441	0.00138	0.00461	0.00427	0.00407	0.00703
53	0.00916	0.14158	0.66527	0.01151	0.01736	0.01100	0.01444	0.01359	0.00943	0.01365	0.04795	0.01018	0.00741	0.00438	0.00405	0.00133	0.00604	0.00337	0.00202	0.00628
54	0.01982	0.00752	0.01025	0.00786	0.01127	0.00649	0.00649	0.02152	0.01264	0.82029	0.01742	0.01503	0.01093	0.00547	0.00444	0.00137	0.00376	0.00444	0.00547	0.00752
55	0.01679	0.01237	0.01325	0.01016	0.01370	0.01370	0.00839	0.80251	0.02077	0.02783	0.01060	0.01060	0.00751	0.00530	0.00442	0.00133	0.00486	0.00398	0.00442	0.00751
56	0.00707	0.00467	0.00602	0.00559	0.00676	0.00429	0.00420	0.00904	0.01216	0.06476	0.69281	0.03176	0.07080	0.02970	0.00554	0.00145	0.00224	0.00769	0.02912	0.00431
57	0.00639	0.00459	0.00650	0.00650	0.00706	0.00515	0.00477	0.00745	0.00688	0.00974	0.01216	0.01995	0.01210	0.22685	0.60049	0.04267	0.00969	0.00510	0.00242	0.00355
58	0.03363	0.25082	0.25297	0.00984	0.01412	0.08116	0.02859	0.10489	0.05195	0.04231	0.00855	0.00962	0.00669	0.01861	0.00407	0.00124	0.00536	0.00322	0.00256	0.06980
59	0.03296	0.01057	0.01214	0.00954	0.01276	0.01134	0.03807	0.47596	0.11950	0.12310	0.06507	0.01388	0.01109	0.00562	0.00447	0.00136	0.00439	0.01566	0.00442	0.02811
60	0.00631	0.00472	0.00702	0.00702	0.00778	0.00548	0.00542	0.00784	0.00707	0.01019	0.01190	0.01775	0.01121	0.06100	0.79964	0.00700	0.01157	0.00479	0.00238	0.00390
61	0.06375	0.00769	0.01210	0.00937	0.01229	0.00706	0.17760	0.01492	0.02289	0.30201	0.22043	0.01952	0.02925	0.00607	0.00469	0.00138	0.00406	0.02608	0.00422	0.05462
62	0.00538	0.00384	0.00512	0.00615	0.00641	0.00359	0.00410	0.00615	0.00846	0.01127	0.02434	0.84190	0.02921	0.01384	0.00564	0.00179	0.00256	0.01256	0.00410	0.00359
63	0.00916	0.00785	0.00916	0.00654	0.01047	0.00589	0.00523	0.01112	0.00916	0.01439	0.00785	0.00916	0.00654	0.00327	0.00327	0.00065	0.00327	0.00262	0.00262	0.87178
64	0.01093	0.01049	0.01793	0.02711	0.81723	0.01049	0.01355	0.01355	0.01006	0.01443	0.00831	0.01093	0.00700	0.00394	0.00437	0.00131	0.00525	0.00394	0.00219	0.00700
65	0.00561	0.00408	0.00534	0.00626	0.00674	0.00381	0.00444	0.00659	0.00886	0.01161	0.02629	0.64996	0.10882	0.01334	0.00566	0.00180	0.00274	0.12030	0.00410	0.00367
66	0.00631	0.00473	0.00710	0.00710	0.00789	0.00552	0.00552	0.00789	0.00710	0.01025	0.01183	0.01735	0.01104	0.03312	0.82728	0.00710	0.01183	0.00473	0.00237	0.00394
67	0.01324	0.00617	0.00821	0.00685	0.00907	0.00562	0.00544	0.01489	0.01158	0.43025	0.22591	0.02277	0.08939	0.04595	0.06603	0.00194	0.02025	0.00589	0.00477	0.00579
68	0.01088	0.01046	0.01773	0.02643	0.78173	0.01063	0.01338	0.01343	0.00991	0.01426	0.00820	0.01088	0.00694	0.00410	0.00482	0.00134	0.04188	0.00393	0.00218	0.00690
69	0.00642	0.00540	0.00583	0.00656	0.00705	0.07563	0.00449	0.00731	0.00911	0.01171	0.08078	0.70967	0.02807	0.01267	0.00546	0.00171	0.00300	0.01137	0.00400	0.00376
70	0.00893	0.00841	0.01175	0.01032	0.01061	0.01133	0.00850	0.02633	0.00746	0.01129	0.04330	0.02635	0.00914	0.01257	0.16217	0.00284	0.60197	0.01982	0.00227	0.00466
71	0.00631	0.00473	0.00710	0.00710	0.00789	0.00552	0.00552	0.00789	0.00710	0.01025	0.01183	0.01735	0.01104	0.03312	0.82728	0.00710	0.01183	0.00473	0.00237	0.00394
72	0.00961	0.00544	0.00559	0.00509	0.00652	0.00566	0.00394	0.13765	0.01111	0.01829	0.01380	0.01552	0.01071	0.00517	0.00330	0.00108	0.00251	0.00409	0.73026	0.00466
73	0.00619	0.00451	0.00583	0.00550	0.00656	0.00414	0.00412	0.00823	0.01237	0.01740	0.77289	0.03351	0.08388	0.00915	0.00521	0.00139	0.00209	0.00806	0.00482	0.00414
74	0.01610	0.01329	0.08396	0.01037	0.01417	0.01340	0.00909	0.73356	0.01977	0.02662	0.01037	0.01049	0.00734	0.00521	0.00440	0.00133	0.00501	0.00391	0.00419	0.00742
75	0.01010	0.00466	0.00510	0.00472	0.00613	0.00450	0.00363	0.01210	0.00981	0.14569	0.01489	0.01624	0.01126	0.00520	0.00331	0.00108	0.00233	0.00417	0.73043	0.00466
76	0.01982	0.00752	0.01025	0.00786	0.01127	0.00649	0.00649	0.02152	0.01264	0.82029	0.01742	0.01503	0.01093	0.00547	0.00444	0.00137	0.00376	0.00444	0.00547	0.00752
77	0.00522	0.00447	0.00447	0.00447	0.00597	0.00373	0.00336	0.00634	0.01007	0.01193	0.04474	0.04250	0.81544	0.01119	0.00522	0.00149	0.00224	0.00932	0.00410	0.00373
78	0.00966	0.00966	0.01353	0.01160	0.01160	0.01353	0.00966	0.01063	0.00676	0.01063	0.00580	0.00966	0.00580	0.00773	0.01449	0.00193	0.83670	0.00387	0.00193	0.00483
79	0.01540	0.01171	0.01378	0.01061	0.01398	0.01273	0.07740	0.67518	0.01896	0.02542	0.01147	0.07167	0.00903	0.00579	0.00458	0.00137	0.00492	0.00471	0.00420	0.00709
80	0.01051	0.01007	0.01717	0.15685	0.69074	0.01038	0.01335	0.01319	0.00986	0.01392	0.00823	0.01107	0.00682	0.00401	0.00438	0.00134	0.00535	0.00393	0.00215	0.00666
81	0.00602	0.00446	0.00561	0.00542	0.00648	0.00405	0.00403	0.00784	0.01180	0.01628	0.62928	0.09388	0.16902	0.00974	0.00524	0.00144	0.00214	0.00854	0.00468	0.00405
82	0.00625	0.00451	0.00590	0.00556	0.00660	0.00417	0.00417	0.00833	0.01250	0.01771	0.81490	0.03299	0.04167	0.00903	0.00521	0.00139	0.00208	0.00799	0.00486	0.00417
83	0.00864	0.00816	0.01380	0.73943	0.12278	0.00989	0.01242	0.01155	0.00898	0.01165	0.00790	0.01168	0.00602	0.00436	0.00441	0.00145	0.00581	0.00393	0.00199	0.00515
84	0.09165	0.01996	0.01199	0.01089	0.01321	0.75560	0.00821	0.01723	0.01208	0.01160	0.00677	0.00790	0.00561	0.00451	0.00387	0.00116	0.00757	0.00280	0.00232	0.00509
85	0.00834	0.00785	0.01325	0.83417	0.03042	0.00981	0.01227	0.01128	0.00883	0.01128	0.00785	0.01178	0.00589	0.00442	0.00442	0.00147	0.00589	0.00393	0.00196	0.00491
86	0.01667	0.01233	0.01335	0.01049	0.02945	0.01363	0.00850	0.78704	0.02056	0.02757	0.01056	0.01061	0.00750	0.00528	0.00442	0.00133	0.00487	0.00398	0.00437	0.00750
87	0.00959	0.00886	0.01446	0.26189	0.42733	0.00934	0.01146	0.01246	0.02985	0.01393	0.07905	0.01327	0.00993	0.00456	0.00437	0.00133	0.00493	0.00424	0.02185	0.05730
88	0.01126	0.01663	0.49215	0.01168	0.06203	0.00897	0.01257	0.03063	0.03141	0.18882	0.01199	0.07233	0.01909	0.00532	0.00439	0.00142	0.00540	0.00438	0.00298	0.00655
89	0.01547	0.22377	0.11232	0.00855	0.01233	0.02108	0.00806	0.03051	0.09128	0.41286	0.01321	0.01230	0.00908	0.00492	0.00400	0.00127	0.00439	0.00380	0.00396	0.00684
90	0.00846	0.00809	0.01401	0.78585	0.02998	0.00989	0.05901	0.01145	0.00893	0.01145	0.00791	0.01178	0.00594	0.00437	0.00446	0.00147	0.00598	0.00400	0.00198	0.00497
91	0.00984	0.00938	0.01595	0.36735	0.48553	0.01021	0.01301	0.01260	0.00954	0.01310	0.00811	0.01129	0.00653	0.00414	0.00439	0.00138	0.00552	0.00393	0.00209	0.00611
92	0.01050	0.41247	0.01544	0.00826	0.05171	0.14307	0.00674	0.01183	0.00991	0.01113	0.01792	0.02988	0.24298	0.00622	0.00384	0.00117	0.00451	0.00470	0.00265	0.00505
93	0.00839	0.00785	0.01300	0.78513	0.02924	0.00958	0.01185	0.01127	0.00885	0.01147	0.00785	0.01162	0.00593	0.00435	0.00435	0.00142	0.00573	0.00385	0.00200	0.05627
94	0.01197	0.02570	0.01058	0.00898	0.01159	0.02200	0.02785	0.03452	0.61482	0.11339	0.04409	0.02867	0.01382	0.00601	0.00451	0.00146	0.00368	0.00505	0.00447	0.00684
95	0.00916	0.00785	0.00916	0.00654	0.01047	0.00589	0.00523	0.01112	0.00916	0.01439	0.00785	0.00916	0.00654	0.00327	0.00327	0.00065	0.00327	0.00262	0.00262	0.87178
96	0.00916	0.00785	0.00916	0.00654	0.01047	0.00589	0.00523	0.01112	0.00916	0.01439	0.00785	0.00916	0.00654	0.00327	0.00327	0.00065	0.00327	0.00262	0.00262	0.87178
97	0.01030	0.00752	0.01052	0.00848	0.03865	0.00629	0.08525	0.01227	0.01001	0.13594	0.08987	0.04915	0.01267	0.05476	0.00518	0.00124	0.00377	0.02511	0.00332	0.42970
98	0.00863	0.00801	0.01325	0.80586	0.02984	0.00995	0.01213	0.03846	0.00924	0.01185	0.00794	0.01173	0.00594	0.00445	0.00442	0.00147	0.00585	0.00393	0.00205	0.00500
99	0.01013	0.00898	0.00790	0.00700	0.00848	0.17244	0.00490	0.04128	0.05939	0.04665	0.01187	0.01968	0.01185	0.42955	0.01330	0.00270	0.00483	0.00487	0.00289	0.13133
100	0.02687	0.00725	0.01119	0.31205	0.01745	0.00771	0.09254	0.02432	0.01945	0.05952	0.01060	0.01711	0.00967	0.27069	0.01008	0.00227	0.00506	0.00474	0.00258	0.08884
101	0.06043	0.00747	0.00902	0.10333	0.01207	0.00652	0.00584	0.02494	0.00899	0.03492	0.00907	0.02891	0.00800	0.08919	0.01945	0.00132	0.00386	0.00345	0.00269	0.56053
102	0.15231	0.00874	0.01164	0.33367	0.09102	0.03209	0.00926	0.05587	0.03073	0.17957	0.01020	0.01211	0.00745	0.00472	0.00413	0.00139	0.00483	0.01640	0.00308	0.03081
103	0.23969	0.16706	0.05086	0.07214	0.02566	0.00976	0.00708	0.01406	0.02317	0.16763	0.06871	0.01387	0.01045	0.00514	0.00375	0.00129	0.00404	0.04996	0.00324	0.06244
104	0.06391	0.12150	0.04602	0.01102	0.10379	0.00941	0.07667	0.10140	0.01136	0.11957	0.06062	0.04152	0.03321	0.02065	0.00489	0.00151	0.00450	0.15927	0.00347	0.00572
105	0.06201	0.05639	0.01281	0.13986	0.08514	0.07576	0.07679	0.04055	0.04007	0.19211	0.03359	0.02502	0.02030	0.05189	0.01764	0.00161	0.00502	0.03312	0.00329	0.02704

[dist]
# distance from previous block
# <min> <max>
0	33

# created by:
# /home/cegg/simao/soft/augustus-3.2.1/scripts/msa2prfl.pl ./align_prep/EOG091G19WY.fa
