[name]
unknown

[dist]
# distance from previous block
# <min> <max>
8	254

[block]
# block no. 0 follows, 51 sequences, length 31
# corresponding to MSA columns:
# 367-375,377-380,385-402
name=unknown_A
#
# <colnr> <probs for GDERKNQSTAVLIFYWHMCP>
#	G	D	E	R	K	N	Q	S	T	A	V	L	I	F	Y	W	H	M	C	P
0	0.12855	0.07487	0.12602	0.01003	0.03039	0.04095	0.00888	0.17901	0.02415	0.06750	0.01304	0.10428	0.02648	0.04467	0.00619	0.00169	0.05471	0.00521	0.02536	0.02800
1	0.02548	0.29195	0.21741	0.02850	0.04582	0.05528	0.02082	0.11564	0.04551	0.04368	0.01017	0.04796	0.00842	0.00529	0.00426	0.00137	0.00581	0.00403	0.00291	0.01971
2	0.01037	0.04003	0.04319	0.02729	0.03606	0.00732	0.04180	0.05977	0.01175	0.09903	0.16157	0.14726	0.05774	0.05943	0.02730	0.03142	0.00429	0.01592	0.00405	0.11440
3	0.02957	0.01138	0.03317	0.23388	0.28075	0.04885	0.04472	0.07710	0.04749	0.01605	0.01149	0.01406	0.04428	0.00550	0.00573	0.00158	0.06675	0.00466	0.01640	0.00660
4	0.02978	0.10387	0.37846	0.01515	0.13487	0.01170	0.06721	0.04514	0.02290	0.05211	0.01114	0.05974	0.00931	0.00561	0.00478	0.00154	0.00622	0.03075	0.00275	0.00697
5	0.01044	0.03119	0.25661	0.05198	0.06516	0.11002	0.02438	0.03791	0.01076	0.02337	0.04418	0.08177	0.04711	0.17361	0.00903	0.00220	0.00596	0.00575	0.00293	0.00566
6	0.00698	0.00526	0.00599	0.00603	0.00739	0.00479	0.00447	0.00893	0.04713	0.03737	0.16047	0.15560	0.41640	0.06194	0.00704	0.00191	0.00288	0.05034	0.00466	0.00444
7	0.01053	0.01320	0.18837	0.08551	0.34867	0.01033	0.03133	0.04199	0.01145	0.01619	0.08593	0.06549	0.02922	0.00618	0.00525	0.00157	0.01727	0.02183	0.00292	0.00676
8	0.01353	0.03055	0.07884	0.07891	0.12360	0.05901	0.16216	0.07295	0.03460	0.12677	0.01118	0.02916	0.00874	0.00582	0.00680	0.00164	0.13356	0.01216	0.00319	0.00682
9	0.00940	0.00893	0.04946	0.02899	0.33253	0.00838	0.02732	0.01164	0.01042	0.01482	0.03470	0.28045	0.01794	0.00885	0.00584	0.00170	0.03910	0.04497	0.05867	0.00592
10	0.00713	0.00491	0.00626	0.00626	0.00664	0.00517	0.00416	0.00765	0.00754	0.01028	0.01586	0.02747	0.05133	0.47329	0.28796	0.05781	0.00746	0.00648	0.00288	0.00346
11	0.11681	0.02690	0.01008	0.08102	0.13610	0.03189	0.01985	0.01045	0.00992	0.01455	0.04967	0.41360	0.02127	0.02839	0.00578	0.00181	0.00412	0.00908	0.00367	0.00505
12	0.00731	0.00522	0.00696	0.00743	0.04381	0.00487	0.00508	0.00914	0.01220	0.03550	0.46424	0.22223	0.07729	0.04729	0.00668	0.00180	0.00280	0.02058	0.01495	0.00462
13	0.01202	0.12054	0.24366	0.12477	0.06691	0.01252	0.06092	0.14765	0.04780	0.02924	0.02934	0.05060	0.00952	0.00554	0.00474	0.00150	0.00598	0.00464	0.00304	0.01907
14	0.00761	0.00539	0.00734	0.00830	0.00920	0.00536	0.00689	0.00944	0.01062	0.01390	0.03748	0.12763	0.02763	0.12063	0.00912	0.00255	0.00436	0.57794	0.00434	0.00427
15	0.01096	0.00919	0.01060	0.00764	0.01197	0.00734	0.00614	0.08205	0.01136	0.01737	0.00901	0.01034	0.00738	0.00384	0.00376	0.00080	0.00380	0.00305	0.00309	0.78031
16	0.01176	0.27258	0.35200	0.04329	0.01772	0.06405	0.04378	0.01530	0.01057	0.03053	0.00838	0.00984	0.00655	0.00446	0.00414	0.00130	0.00633	0.00336	0.00230	0.09175
17	0.01277	0.75038	0.04397	0.00828	0.01234	0.01817	0.00830	0.01450	0.01002	0.01215	0.00754	0.00870	0.00676	0.00433	0.00321	0.00107	0.00509	0.00279	0.06343	0.00621
18	0.00704	0.00472	0.00539	0.00549	0.00552	0.00470	0.00312	0.00712	0.00735	0.00980	0.01652	0.10289	0.01917	0.75477	0.02334	0.00452	0.00459	0.00776	0.00312	0.00307
19	0.00727	0.00612	0.03757	0.00789	0.00890	0.00612	0.03243	0.00878	0.00800	0.01130	0.01411	0.05917	0.01421	0.22969	0.51876	0.00639	0.01021	0.00609	0.00278	0.00420
20	0.01338	0.17506	0.06644	0.03318	0.07813	0.01420	0.20492	0.12758	0.01227	0.06857	0.00946	0.01151	0.00743	0.00540	0.00676	0.00157	0.15004	0.00438	0.00291	0.00681
21	0.00710	0.00478	0.00554	0.00569	0.00578	0.00475	0.00339	0.00730	0.00757	0.01007	0.01702	0.09655	0.01964	0.71538	0.02246	0.00440	0.00460	0.05165	0.00319	0.00315
22	0.00815	0.00451	0.00669	0.00669	0.00688	0.00470	0.00463	0.00696	0.00676	0.00921	0.00984	0.01660	0.00974	0.05439	0.19317	0.63529	0.00625	0.00460	0.00228	0.00266
23	0.02549	0.24342	0.21497	0.01476	0.15944	0.04048	0.05123	0.07734	0.01162	0.05171	0.00932	0.01102	0.00740	0.00660	0.05347	0.00177	0.00656	0.00379	0.00265	0.00694
24	0.00717	0.00480	0.00552	0.00552	0.00569	0.00485	0.00328	0.00744	0.00746	0.01014	0.01637	0.03103	0.04102	0.70569	0.08746	0.00478	0.00528	0.00699	0.03629	0.00319
25	0.00957	0.00507	0.00533	0.00522	0.00651	0.00511	0.00393	0.01247	0.05803	0.04541	0.03692	0.06293	0.01468	0.00644	0.00380	0.00125	0.00249	0.00528	0.70469	0.00488
26	0.03415	0.01504	0.16758	0.10302	0.22048	0.07152	0.17564	0.08001	0.01226	0.03429	0.03272	0.01260	0.00840	0.00483	0.00499	0.00153	0.00670	0.00455	0.00275	0.00694
27	0.03876	0.07518	0.21914	0.03602	0.01729	0.03832	0.09114	0.27183	0.06643	0.02095	0.04053	0.01315	0.02082	0.00548	0.00477	0.00149	0.00595	0.00447	0.02110	0.00717
28	0.00758	0.03866	0.00864	0.00843	0.03604	0.05454	0.04534	0.00892	0.01053	0.01338	0.07652	0.46598	0.17088	0.01245	0.00586	0.00179	0.00362	0.02210	0.00421	0.00453
29	0.04792	0.14315	0.01503	0.01287	0.13561	0.26129	0.00896	0.07896	0.01260	0.05658	0.00978	0.01126	0.00789	0.00619	0.03685	0.00153	0.00631	0.00365	0.08517	0.05839
30	0.02401	0.01212	0.14141	0.01096	0.07689	0.02537	0.01765	0.06368	0.01168	0.12347	0.01210	0.04273	0.02893	0.00514	0.00455	0.00121	0.01788	0.00418	0.00338	0.37267

[dist]
# distance from previous block
# <min> <max>
4	15

[block]
# block no. 1 follows, 51 sequences, length 19
# corresponding to MSA columns:
# 419-437
name=unknown_B
#
# <colnr> <probs for GDERKNQSTAVLIFYWHMCP>
#	G	D	E	R	K	N	Q	S	T	A	V	L	I	F	Y	W	H	M	C	P
0	0.01385	0.11090	0.07280	0.01027	0.02298	0.01131	0.06450	0.18677	0.09487	0.13652	0.04842	0.01772	0.07957	0.02462	0.02400	0.00170	0.01691	0.00521	0.04158	0.01551
1	0.00743	0.00492	0.00609	0.00628	0.00726	0.00452	0.00449	0.00882	0.01100	0.05807	0.21844	0.30800	0.16324	0.08663	0.00757	0.00202	0.00293	0.03641	0.05150	0.00438
2	0.53220	0.10034	0.01279	0.02421	0.01277	0.06525	0.09094	0.03023	0.00967	0.03640	0.00763	0.00909	0.00601	0.00475	0.00413	0.00150	0.04023	0.00322	0.00289	0.00573
3	0.00616	0.00440	0.00589	0.00691	0.00730	0.00417	0.00474	0.00707	0.00941	0.01252	0.02674	0.71271	0.05566	0.01625	0.04343	0.02058	0.00341	0.04423	0.00442	0.00400
4	0.01088	0.01213	0.11597	0.08290	0.17106	0.01051	0.22790	0.01465	0.05155	0.05054	0.04647	0.06669	0.02981	0.04171	0.00666	0.00177	0.04350	0.00583	0.00300	0.00645
5	0.00662	0.00445	0.00589	0.00684	0.00724	0.00414	0.00459	0.00748	0.00948	0.04090	0.02628	0.75924	0.03111	0.05160	0.00707	0.00210	0.00299	0.01334	0.00455	0.00410
6	0.04408	0.00546	0.00675	0.00633	0.00766	0.00524	0.00478	0.01018	0.04841	0.01963	0.70063	0.03499	0.06789	0.00974	0.00564	0.00155	0.00246	0.00852	0.00526	0.00479
7	0.86201	0.00950	0.00722	0.00646	0.00950	0.01102	0.00532	0.01445	0.00836	0.02205	0.00684	0.00798	0.00532	0.00456	0.00304	0.00152	0.00380	0.00266	0.00304	0.00532
8	0.01039	0.00855	0.01006	0.00727	0.01147	0.00648	0.00581	0.01257	0.01047	0.03899	0.04517	0.01160	0.00922	0.00401	0.00378	0.00079	0.00359	0.00325	0.00312	0.79342
9	0.00708	0.00501	0.00663	0.00663	0.00706	0.00545	0.00456	0.00796	0.00752	0.01047	0.01433	0.02575	0.01508	0.43311	0.41540	0.00633	0.00895	0.00621	0.00281	0.00368
10	0.01254	0.61261	0.13233	0.00954	0.01378	0.05185	0.00981	0.01467	0.01002	0.01214	0.00741	0.00890	0.00657	0.00593	0.03938	0.00148	0.03965	0.00298	0.00214	0.00629
11	0.00731	0.00590	0.03906	0.00637	0.00782	0.00489	0.00498	0.00906	0.01165	0.04962	0.32812	0.13259	0.24835	0.07766	0.04263	0.00217	0.00339	0.00924	0.00464	0.00455
12	0.00612	0.00438	0.00576	0.00682	0.00717	0.00410	0.00461	0.00701	0.00945	0.01253	0.02721	0.73354	0.05423	0.05047	0.00709	0.00212	0.00300	0.04594	0.00449	0.00398
13	0.01812	0.04663	0.01244	0.04426	0.01348	0.02791	0.00786	0.14918	0.06078	0.43471	0.01635	0.04199	0.01159	0.02176	0.00571	0.00159	0.04038	0.00502	0.03269	0.00755
14	0.57443	0.03189	0.05181	0.05840	0.11797	0.01151	0.04201	0.03318	0.00947	0.02002	0.00763	0.00929	0.00596	0.00457	0.00365	0.00151	0.00469	0.00322	0.00286	0.00592
15	0.04879	0.02982	0.03757	0.08484	0.42192	0.05728	0.06842	0.01487	0.03143	0.04026	0.01125	0.09050	0.01008	0.00574	0.00521	0.00155	0.02557	0.00525	0.00281	0.00683
16	0.00823	0.00683	0.00898	0.00854	0.02150	0.00766	0.02636	0.04228	0.00956	0.01297	0.04809	0.20116	0.13901	0.21760	0.01311	0.00263	0.19162	0.02587	0.00356	0.00443
17	0.01147	0.08406	0.01586	0.04726	0.35334	0.05058	0.01078	0.04175	0.06415	0.01567	0.04018	0.08690	0.04565	0.00629	0.00531	0.00147	0.04084	0.00541	0.00307	0.06994
18	0.05962	0.11799	0.03738	0.03821	0.18654	0.07964	0.08896	0.06157	0.04813	0.09146	0.03581	0.03422	0.02317	0.00568	0.00483	0.00147	0.01627	0.02232	0.04006	0.00668

[dist]
# distance from previous block
# <min> <max>
0	8

[block]
# block no. 2 follows, 51 sequences, length 25
# corresponding to MSA columns:
# 464,485-505,508-510
name=unknown_C
#
# <colnr> <probs for GDERKNQSTAVLIFYWHMCP>
#	G	D	E	R	K	N	Q	S	T	A	V	L	I	F	Y	W	H	M	C	P
0	0.05314	0.06761	0.06688	0.05581	0.15394	0.02681	0.11945	0.12320	0.01239	0.01771	0.01089	0.02781	0.03150	0.00493	0.00454	0.00133	0.00547	0.00435	0.01642	0.19582
1	0.07691	0.08264	0.18368	0.00959	0.01351	0.00981	0.03596	0.05506	0.08654	0.04271	0.08341	0.10642	0.02496	0.00653	0.00462	0.00142	0.00465	0.00542	0.00350	0.16266
2	0.01321	0.15414	0.05873	0.01144	0.04090	0.24467	0.07658	0.05670	0.01213	0.02904	0.07012	0.04047	0.02676	0.07429	0.00667	0.00167	0.03472	0.00481	0.03713	0.00579
3	0.00696	0.00489	0.00670	0.00694	0.00753	0.00524	0.00499	0.00814	0.00839	0.01188	0.04323	0.20082	0.01887	0.17199	0.40126	0.02653	0.00822	0.00760	0.04581	0.00401
4	0.00859	0.00801	0.00896	0.00885	0.00944	0.09401	0.00661	0.00966	0.00951	0.01245	0.04916	0.40124	0.04794	0.03434	0.07693	0.00249	0.19434	0.00932	0.00361	0.00454
5	0.00778	0.00627	0.00892	0.22953	0.01528	0.00687	0.00767	0.01074	0.08010	0.01401	0.06022	0.37194	0.03861	0.01098	0.00574	0.00185	0.00410	0.09087	0.02369	0.00484
6	0.01077	0.01075	0.01559	0.01395	0.05468	0.01458	0.03544	0.01205	0.00786	0.01217	0.00687	0.01111	0.00669	0.00889	0.03363	0.00223	0.73065	0.00438	0.00219	0.00552
7	0.05537	0.00478	0.00670	0.00661	0.00687	0.00502	0.00458	0.00725	0.00673	0.00978	0.00890	0.01485	0.00867	0.01735	0.07420	0.71122	0.02284	0.00426	0.02141	0.00260
8	0.00928	0.00873	0.01474	0.81548	0.03385	0.01092	0.01365	0.01256	0.00983	0.01256	0.00873	0.01310	0.00655	0.00491	0.00491	0.00164	0.00655	0.00437	0.00218	0.00546
9	0.00734	0.00543	0.00731	0.00716	0.00759	0.00617	0.00510	0.00829	0.00755	0.01063	0.01369	0.02424	0.01428	0.37493	0.41567	0.00615	0.06588	0.00601	0.00275	0.00385
10	0.00707	0.00508	0.00698	0.00698	0.00754	0.00564	0.00500	0.00818	0.00763	0.01073	0.01400	0.02397	0.01431	0.32341	0.52403	0.00676	0.01012	0.00595	0.00276	0.00388
11	0.00702	0.00527	0.00790	0.00790	0.00878	0.00614	0.00614	0.00878	0.00790	0.01141	0.01316	0.01931	0.01229	0.03686	0.80782	0.00790	0.01316	0.00527	0.00263	0.00439
12	0.01314	0.83025	0.02575	0.00841	0.01261	0.01945	0.00841	0.01472	0.00999	0.01156	0.00683	0.00788	0.00631	0.00420	0.00315	0.00105	0.00526	0.00263	0.00210	0.00631
13	0.01002	0.00854	0.00991	0.00740	0.01138	0.00676	0.00585	0.01293	0.06458	0.01609	0.01134	0.05619	0.02464	0.00467	0.00392	0.00088	0.00359	0.00385	0.00318	0.73429
14	0.01019	0.00873	0.01019	0.00728	0.01165	0.00655	0.00582	0.01237	0.01019	0.01601	0.00873	0.01019	0.00728	0.00364	0.00364	0.00073	0.00364	0.00291	0.00291	0.85734
15	0.03570	0.02494	0.77773	0.01378	0.02091	0.01140	0.01777	0.01553	0.01031	0.01576	0.00876	0.01030	0.00620	0.00467	0.00462	0.00156	0.00716	0.00360	0.00210	0.00720
16	0.00696	0.00476	0.00555	0.00575	0.00594	0.00470	0.00351	0.00727	0.00787	0.01040	0.01932	0.13564	0.06281	0.62647	0.03387	0.00417	0.00452	0.04388	0.00334	0.00327
17	0.01004	0.01059	0.02144	0.01610	0.01975	0.00997	0.52067	0.01351	0.02969	0.01499	0.01711	0.10988	0.08467	0.03487	0.00656	0.00184	0.00665	0.06269	0.00313	0.00586
18	0.01276	0.01060	0.01125	0.01001	0.01286	0.01217	0.00782	0.05251	0.73657	0.04546	0.01969	0.01805	0.01468	0.00662	0.00500	0.00166	0.00395	0.00550	0.00503	0.00782
19	0.00656	0.00505	0.00602	0.00592	0.00719	0.00456	0.00438	0.00860	0.02959	0.01669	0.43244	0.12528	0.30702	0.01139	0.00583	0.00164	0.00247	0.00989	0.00501	0.00446
20	0.00649	0.00470	0.00573	0.00628	0.00714	0.00425	0.00441	0.00759	0.01033	0.03140	0.08695	0.45447	0.26308	0.05065	0.00693	0.00199	0.00288	0.03598	0.00458	0.00416
21	0.01157	0.00966	0.01469	0.14090	0.22676	0.02086	0.07387	0.01445	0.05328	0.06936	0.15805	0.04018	0.08244	0.00914	0.04980	0.00211	0.00574	0.00650	0.00393	0.00671
22	0.51489	0.01082	0.01095	0.08933	0.04891	0.01203	0.02278	0.13799	0.03046	0.02269	0.01010	0.03032	0.00817	0.00584	0.00428	0.00173	0.00483	0.00400	0.02335	0.00653
23	0.01407	0.39943	0.04397	0.03721	0.10390	0.10793	0.02481	0.04373	0.07233	0.01547	0.05166	0.01320	0.01063	0.00570	0.00449	0.00146	0.00589	0.00410	0.03300	0.00700
24	0.06028	0.36919	0.13367	0.01033	0.01445	0.08292	0.00983	0.07659	0.02708	0.08090	0.05227	0.03874	0.01105	0.00609	0.00453	0.00151	0.00580	0.00428	0.00342	0.00708

[dist]
# distance from previous block
# <min> <max>
0	6

[block]
# block no. 3 follows, 51 sequences, length 8
# corresponding to MSA columns:
# 538-545
name=unknown_D
#
# <colnr> <probs for GDERKNQSTAVLIFYWHMCP>
#	G	D	E	R	K	N	Q	S	T	A	V	L	I	F	Y	W	H	M	C	P
0	0.01444	0.07101	0.08791	0.01435	0.12507	0.01358	0.03597	0.18727	0.32332	0.02154	0.01501	0.01573	0.01161	0.00678	0.00574	0.02773	0.00545	0.00507	0.00433	0.00809
1	0.35386	0.03998	0.04249	0.01351	0.01738	0.01209	0.31451	0.04153	0.01118	0.01949	0.01113	0.05464	0.00957	0.00603	0.00506	0.00181	0.00617	0.02971	0.00333	0.00654
2	0.00720	0.00554	0.00750	0.00742	0.00799	0.00621	0.00545	0.00839	0.00855	0.01193	0.07444	0.14576	0.06088	0.19788	0.33413	0.00493	0.09098	0.00743	0.00326	0.00413
3	0.01075	0.01075	0.01505	0.01290	0.01290	0.01505	0.01075	0.01183	0.00753	0.01183	0.00645	0.01075	0.00645	0.00860	0.01613	0.00215	0.81830	0.00430	0.00215	0.00538
4	0.00687	0.00510	0.00646	0.00687	0.00781	0.00499	0.00526	0.00828	0.00996	0.01297	0.06615	0.12448	0.21276	0.15372	0.13907	0.00338	0.00518	0.21257	0.00402	0.00410
5	0.86201	0.00950	0.00722	0.00646	0.00950	0.01102	0.00532	0.01445	0.00836	0.02205	0.00684	0.00798	0.00532	0.00456	0.00304	0.00152	0.00380	0.00266	0.00304	0.00532
6	0.00702	0.00527	0.00790	0.00790	0.00878	0.00614	0.00614	0.00878	0.00790	0.01141	0.01316	0.01931	0.01229	0.03686	0.80782	0.00790	0.01316	0.00527	0.00263	0.00439
7	0.00745	0.00478	0.00630	0.00630	0.00654	0.00502	0.00415	0.00740	0.00717	0.00979	0.01316	0.02449	0.01409	0.41650	0.23478	0.21341	0.00691	0.00594	0.00268	0.00315

[dist]
# distance from previous block
# <min> <max>
7	11

[block]
# block no. 4 follows, 51 sequences, length 8
# corresponding to MSA columns:
# 564-571
name=unknown_E
#
# <colnr> <probs for GDERKNQSTAVLIFYWHMCP>
#	G	D	E	R	K	N	Q	S	T	A	V	L	I	F	Y	W	H	M	C	P
0	0.05818	0.02969	0.02869	0.00877	0.01111	0.04834	0.06807	0.09851	0.04545	0.06273	0.35869	0.07775	0.04960	0.00825	0.00528	0.00155	0.00395	0.00716	0.02255	0.00568
1	0.00698	0.00474	0.00570	0.00584	0.00618	0.00468	0.00371	0.00748	0.00839	0.01136	0.07821	0.14803	0.07363	0.46771	0.08003	0.04250	0.00471	0.00815	0.02852	0.00345
2	0.00679	0.00497	0.00641	0.00644	0.00753	0.00459	0.00486	0.00877	0.01269	0.01744	0.52205	0.15613	0.12292	0.01146	0.00597	0.00170	0.00264	0.08706	0.00510	0.00448
3	0.33307	0.00827	0.00909	0.00749	0.01060	0.00824	0.00611	0.01812	0.01191	0.38834	0.13527	0.01657	0.01494	0.00613	0.00437	0.00152	0.00375	0.00471	0.00484	0.00665
4	0.01380	0.01252	0.14712	0.07180	0.05990	0.01065	0.01015	0.25309	0.05438	0.11549	0.05870	0.03990	0.02781	0.00675	0.00536	0.02543	0.00508	0.02625	0.04883	0.00699
5	0.01838	0.02272	0.01399	0.01256	0.01520	0.75036	0.00948	0.07454	0.01459	0.01339	0.00790	0.00907	0.00648	0.00512	0.00447	0.00128	0.00861	0.00326	0.00270	0.00589
6	0.01270	0.14927	0.25702	0.02748	0.04109	0.04875	0.02648	0.11593	0.09521	0.04488	0.01055	0.01181	0.00811	0.00613	0.02357	0.00164	0.07872	0.00401	0.02972	0.00693
7	0.11480	0.00982	0.03661	0.00888	0.01249	0.00914	0.00749	0.17400	0.01500	0.43159	0.09203	0.01631	0.01365	0.00615	0.00476	0.00149	0.00429	0.00487	0.00522	0.03141

[dist]
# distance from previous block
# <min> <max>
0	1

[block]
# block no. 5 follows, 51 sequences, length 22
# corresponding to MSA columns:
# 573-578,595-610
name=unknown_F
#
# <colnr> <probs for GDERKNQSTAVLIFYWHMCP>
#	G	D	E	R	K	N	Q	S	T	A	V	L	I	F	Y	W	H	M	C	P
0	0.01060	0.04719	0.08765	0.01965	0.41677	0.04406	0.01162	0.01338	0.01176	0.01629	0.19704	0.04969	0.04069	0.00643	0.00506	0.00149	0.00503	0.00579	0.00324	0.00658
1	0.31028	0.12774	0.04731	0.00975	0.01313	0.25285	0.00824	0.14723	0.01287	0.01884	0.00800	0.00899	0.00632	0.00490	0.00387	0.00137	0.00595	0.00315	0.00304	0.00617
2	0.13562	0.00607	0.00621	0.00579	0.00732	0.00656	0.00453	0.03305	0.01026	0.04859	0.01405	0.01618	0.01104	0.00695	0.03554	0.00154	0.04822	0.00432	0.59318	0.00497
3	0.02238	0.03340	0.11008	0.02925	0.13615	0.04176	0.09241	0.08302	0.10799	0.01798	0.16737	0.02113	0.10232	0.00683	0.00516	0.00154	0.00504	0.00600	0.00374	0.00644
4	0.00623	0.00480	0.00540	0.00568	0.00665	0.00434	0.00396	0.00720	0.00993	0.01245	0.05044	0.21891	0.40724	0.18193	0.03031	0.00255	0.00336	0.03050	0.00420	0.00390
5	0.01274	0.06115	0.04094	0.01322	0.14552	0.01139	0.03475	0.16013	0.22905	0.05723	0.09522	0.04542	0.05817	0.00676	0.00503	0.00155	0.00459	0.00576	0.00424	0.00712
6	0.00945	0.00850	0.01318	0.01121	0.06393	0.00772	0.16173	0.01197	0.02388	0.01556	0.10933	0.06385	0.06425	0.06751	0.00680	0.00160	0.03353	0.01987	0.03576	0.27039
7	0.00801	0.00701	0.02938	0.03989	0.01017	0.04893	0.02956	0.01026	0.02381	0.01585	0.26706	0.16995	0.09590	0.01133	0.02562	0.00188	0.00394	0.13968	0.05705	0.00473
8	0.52389	0.00926	0.00904	0.00748	0.01083	0.00981	0.00617	0.04803	0.01101	0.30483	0.01159	0.01131	0.00793	0.00517	0.00380	0.00152	0.00400	0.00356	0.00422	0.00655
9	0.11223	0.35318	0.27838	0.00999	0.01488	0.01407	0.01098	0.01525	0.02758	0.04862	0.00912	0.03851	0.00758	0.00492	0.00389	0.00133	0.00553	0.00354	0.00256	0.03785
10	0.01809	0.02287	0.01381	0.01255	0.01509	0.77330	0.00942	0.01990	0.04726	0.01239	0.00813	0.00927	0.00670	0.00513	0.00446	0.00128	0.00865	0.00327	0.00264	0.00579
11	0.00664	0.00490	0.00573	0.00594	0.00717	0.00431	0.00433	0.00799	0.01122	0.04042	0.16693	0.27697	0.40017	0.01273	0.00593	0.00175	0.00266	0.02512	0.00476	0.00433
12	0.00715	0.00476	0.00536	0.00536	0.00536	0.00476	0.00298	0.00715	0.00715	0.00953	0.01548	0.03216	0.01787	0.82729	0.02501	0.00476	0.00476	0.00715	0.00298	0.00298
13	0.30545	0.09970	0.01202	0.00828	0.01189	0.01095	0.00700	0.12346	0.01292	0.34419	0.01271	0.01212	0.00868	0.00534	0.00410	0.00146	0.00434	0.00384	0.00445	0.00711
14	0.02155	0.00862	0.01150	0.00887	0.01264	0.00768	0.00731	0.04800	0.04512	0.74467	0.01917	0.01663	0.01216	0.00610	0.00494	0.00152	0.00421	0.00495	0.00600	0.00834
15	0.00679	0.00496	0.00627	0.00615	0.00720	0.00457	0.00453	0.00868	0.01260	0.01738	0.55236	0.10753	0.12969	0.07171	0.00731	0.00187	0.00265	0.03835	0.00502	0.00440
16	0.01162	0.07368	0.01336	0.04105	0.20996	0.16263	0.00901	0.04323	0.01135	0.02755	0.03385	0.16474	0.04211	0.06347	0.04257	0.00202	0.01819	0.00635	0.01750	0.00575
17	0.05240	0.02168	0.01124	0.01035	0.05602	0.03959	0.06545	0.04641	0.06123	0.15307	0.04920	0.23227	0.04226	0.01113	0.06561	0.01705	0.03377	0.00750	0.01793	0.00586
18	0.00801	0.00789	0.08406	0.00849	0.00974	0.00733	0.02646	0.00962	0.00836	0.01202	0.01444	0.05182	0.03128	0.24998	0.26522	0.00457	0.11192	0.03576	0.04859	0.00444
19	0.00669	0.00487	0.00594	0.00650	0.00734	0.00449	0.00457	0.02769	0.01045	0.02699	0.05928	0.50299	0.22918	0.04626	0.00684	0.00199	0.00296	0.03618	0.00456	0.00422
20	0.05738	0.09915	0.19974	0.02759	0.05216	0.07341	0.04304	0.16975	0.05839	0.02868	0.04412	0.03883	0.04095	0.00622	0.00477	0.00152	0.00572	0.03846	0.00340	0.00673
21	0.01270	0.08227	0.15906	0.08380	0.23865	0.13372	0.01245	0.06249	0.02876	0.03503	0.04155	0.01346	0.03687	0.00540	0.00508	0.00147	0.03331	0.00434	0.00282	0.00677

[dist]
# distance from previous block
# <min> <max>
0	1

[block]
# block no. 6 follows, 51 sequences, length 7
# corresponding to MSA columns:
# 612-618
name=unknown_G
#
# <colnr> <probs for GDERKNQSTAVLIFYWHMCP>
#	G	D	E	R	K	N	Q	S	T	A	V	L	I	F	Y	W	H	M	C	P
0	0.00863	0.05109	0.03931	0.08451	0.11701	0.02339	0.02841	0.02561	0.01055	0.02731	0.04189	0.36032	0.10292	0.01131	0.03022	0.00192	0.00451	0.02216	0.00374	0.00519
1	0.01220	0.01188	0.04183	0.09313	0.45856	0.05698	0.05642	0.04580	0.01164	0.03997	0.03815	0.01405	0.00959	0.04822	0.00595	0.00163	0.00592	0.00463	0.00278	0.04069
2	0.07229	0.05660	0.23734	0.04900	0.17958	0.01150	0.04404	0.09625	0.05565	0.06443	0.01223	0.04497	0.02483	0.00568	0.00477	0.00155	0.00573	0.02340	0.00315	0.00704
3	0.08307	0.00974	0.06718	0.08258	0.12378	0.00902	0.00883	0.06385	0.08946	0.11036	0.13051	0.01945	0.03412	0.02767	0.00532	0.00159	0.00441	0.02606	0.06336	0.03964
4	0.08072	0.14470	0.04229	0.04408	0.10804	0.07654	0.00943	0.10162	0.26457	0.06071	0.01282	0.01307	0.00978	0.00545	0.00446	0.00147	0.00513	0.00426	0.00371	0.00717
5	0.03297	0.14360	0.02628	0.05606	0.04940	0.03218	0.03814	0.06762	0.03854	0.04923	0.05454	0.04407	0.01076	0.00512	0.00421	0.00116	0.00461	0.00419	0.00323	0.33409
6	0.01034	0.03817	0.03792	0.06519	0.23825	0.03271	0.06608	0.04214	0.02962	0.01371	0.01221	0.05183	0.01210	0.28299	0.01217	0.00264	0.03780	0.00572	0.00282	0.00558

[dist]
# distance from previous block
# <min> <max>
0	6

[block]
# block no. 7 follows, 51 sequences, length 18
# corresponding to MSA columns:
# 625-642
name=unknown_H
#
# <colnr> <probs for GDERKNQSTAVLIFYWHMCP>
#	G	D	E	R	K	N	Q	S	T	A	V	L	I	F	Y	W	H	M	C	P
0	0.11958	0.01148	0.08672	0.02920	0.13386	0.02057	0.00965	0.15922	0.09259	0.07721	0.04726	0.03669	0.02601	0.00673	0.00491	0.00159	0.00487	0.09150	0.00393	0.03642
1	0.07857	0.01108	0.07709	0.01425	0.18284	0.02186	0.05267	0.09397	0.06284	0.10926	0.06891	0.06592	0.02923	0.00648	0.00517	0.00154	0.02463	0.02224	0.03084	0.04058
2	0.00672	0.00476	0.00590	0.00632	0.00712	0.00439	0.00442	0.00786	0.01030	0.03434	0.13609	0.39396	0.19635	0.10580	0.02993	0.00233	0.00328	0.03151	0.00449	0.00414
3	0.05679	0.01362	0.06973	0.06116	0.20216	0.13521	0.06077	0.11222	0.02716	0.11850	0.01137	0.01397	0.00892	0.02757	0.00534	0.00157	0.00606	0.02876	0.00337	0.03575
4	0.05953	0.09110	0.03570	0.04579	0.24322	0.15285	0.04150	0.09330	0.03679	0.04969	0.01153	0.05552	0.02892	0.00572	0.00498	0.00147	0.02791	0.00467	0.00308	0.00672
5	0.00688	0.00521	0.00630	0.00684	0.00767	0.00510	0.00483	0.00919	0.08925	0.01348	0.04983	0.44402	0.15645	0.09851	0.02487	0.00232	0.00340	0.05706	0.00442	0.00436
6	0.03268	0.10089	0.10584	0.05899	0.13570	0.03887	0.17647	0.03076	0.01103	0.03411	0.02578	0.05865	0.07570	0.03241	0.00609	0.00168	0.03600	0.02925	0.00292	0.00619
7	0.05375	0.01445	0.15584	0.05283	0.18678	0.07504	0.02969	0.13275	0.09913	0.10139	0.02476	0.01311	0.00930	0.00530	0.00475	0.00150	0.00574	0.00438	0.02222	0.00730
8	0.01449	0.02682	0.04947	0.01947	0.34429	0.02560	0.07344	0.16252	0.01375	0.13611	0.01221	0.06026	0.00983	0.00566	0.00524	0.00153	0.02316	0.00506	0.00356	0.00753
9	0.00606	0.00440	0.00572	0.00664	0.00711	0.00406	0.00450	0.00708	0.00995	0.01325	0.09811	0.69243	0.09317	0.01468	0.00619	0.00193	0.00277	0.01323	0.00464	0.00406
10	0.01161	0.01218	0.09314	0.07169	0.27549	0.02768	0.12051	0.03715	0.10913	0.04701	0.07011	0.03125	0.04118	0.00583	0.00537	0.00157	0.02353	0.00538	0.00325	0.00692
11	0.02521	0.07255	0.17892	0.05835	0.20650	0.04759	0.08609	0.05821	0.04379	0.09160	0.01187	0.05299	0.00975	0.00563	0.00489	0.00154	0.00602	0.02838	0.00310	0.00701
12	0.00957	0.00770	0.06156	0.03086	0.09488	0.00692	0.03405	0.01104	0.04654	0.06346	0.01300	0.05705	0.01248	0.19632	0.12105	0.21427	0.00605	0.00563	0.00294	0.00459
13	0.04134	0.00819	0.01056	0.00846	0.01178	0.00748	0.00686	0.04509	0.06265	0.60151	0.02028	0.07392	0.03878	0.00692	0.00497	0.00155	0.00398	0.00570	0.03230	0.00769
14	0.04854	0.01591	0.23288	0.05170	0.29963	0.05018	0.09502	0.06083	0.03220	0.05213	0.00989	0.01184	0.00752	0.00472	0.00482	0.00152	0.00642	0.00425	0.00274	0.00728
15	0.03926	0.10098	0.21109	0.08854	0.19159	0.03755	0.04742	0.10552	0.07402	0.01726	0.01042	0.01297	0.00828	0.00514	0.00469	0.00150	0.00609	0.02773	0.00287	0.00706
16	0.02903	0.02826	0.08357	0.03068	0.09712	0.10377	0.00888	0.03668	0.01039	0.01408	0.01530	0.29328	0.01620	0.01045	0.04193	0.00199	0.11795	0.00745	0.04759	0.00540
17	0.32588	0.18264	0.04033	0.02663	0.06091	0.16740	0.03311	0.04513	0.01067	0.01683	0.00751	0.00902	0.00616	0.00482	0.00433	0.00141	0.04540	0.00317	0.00267	0.00598

[dist]
# distance from previous block
# <min> <max>
7	32

[block]
# block no. 8 follows, 51 sequences, length 21
# corresponding to MSA columns:
# 676-696
name=unknown_I
#
# <colnr> <probs for GDERKNQSTAVLIFYWHMCP>
#	G	D	E	R	K	N	Q	S	T	A	V	L	I	F	Y	W	H	M	C	P
0	0.02803	0.01393	0.09586	0.05529	0.15060	0.03077	0.19773	0.06226	0.01370	0.16680	0.01478	0.06671	0.01202	0.00704	0.00608	0.00196	0.00674	0.00597	0.00423	0.05950
1	0.01241	0.01086	0.01649	0.69584	0.07532	0.01246	0.01422	0.06061	0.01222	0.01614	0.01132	0.01615	0.00900	0.00651	0.00592	0.00205	0.00717	0.00513	0.00319	0.00699
2	0.10444	0.23293	0.11749	0.07834	0.13546	0.12878	0.02684	0.04629	0.01279	0.04783	0.01089	0.01337	0.00905	0.00624	0.00517	0.00180	0.00686	0.00428	0.00342	0.00776
3	0.01559	0.01282	0.01844	0.14324	0.46011	0.05013	0.01369	0.03357	0.01314	0.11612	0.01274	0.01581	0.01029	0.00629	0.00580	0.00188	0.00651	0.00507	0.00376	0.05501
4	0.01622	0.01411	0.03086	0.04276	0.47537	0.10767	0.04414	0.01810	0.01325	0.12561	0.01324	0.03163	0.01095	0.00717	0.02229	0.00204	0.00695	0.00532	0.00381	0.00851
5	0.01090	0.00860	0.01075	0.00952	0.01164	0.00808	0.05685	0.03330	0.12780	0.02096	0.45417	0.03414	0.10486	0.01040	0.00654	0.00198	0.00404	0.02669	0.00562	0.05315
6	0.01026	0.00820	0.01029	0.00985	0.04237	0.03658	0.04862	0.01187	0.01479	0.02061	0.61245	0.06280	0.06678	0.01095	0.00670	0.00199	0.00394	0.00914	0.00568	0.00614
7	0.01888	0.01101	0.01252	0.01054	0.01380	0.01095	0.00820	0.14135	0.24215	0.32262	0.01993	0.01968	0.01452	0.00770	0.00576	0.00194	0.00485	0.00573	0.11904	0.00881
8	0.01468	0.01290	0.01778	0.14203	0.37335	0.07988	0.04484	0.02817	0.03193	0.07091	0.06131	0.01858	0.04427	0.00694	0.00596	0.00192	0.00649	0.00564	0.00385	0.02855
9	0.05026	0.01156	0.01202	0.01080	0.01362	0.01255	0.00822	0.07969	0.56087	0.03960	0.02032	0.02037	0.01572	0.00790	0.00572	0.00201	0.00463	0.00594	0.10970	0.00848
10	0.00936	0.00649	0.00722	0.00732	0.00768	0.00607	0.00445	0.00895	0.00935	0.01263	0.02125	0.17878	0.05710	0.61491	0.02102	0.00444	0.00511	0.00918	0.00414	0.00454
11	0.01474	0.01511	0.01678	0.01457	0.01552	0.18341	0.03969	0.01530	0.01063	0.01432	0.00928	0.01371	0.00874	0.00912	0.01387	0.00235	0.58818	0.00488	0.00307	0.00672
12	0.33105	0.01257	0.03006	0.10234	0.20237	0.04857	0.01061	0.04204	0.04104	0.02012	0.01162	0.04773	0.01010	0.00700	0.00598	0.00201	0.05885	0.00487	0.00370	0.00736
13	0.01906	0.00893	0.01116	0.00942	0.01249	0.00767	0.00727	0.02007	0.01447	0.53210	0.05907	0.10778	0.14576	0.00976	0.00626	0.00203	0.00451	0.00765	0.00634	0.00820
14	0.83061	0.03986	0.00791	0.00653	0.00962	0.01134	0.00544	0.01446	0.00842	0.02166	0.00684	0.00798	0.00536	0.00455	0.00305	0.00150	0.00386	0.00266	0.00301	0.00536
15	0.00659	0.00514	0.00593	0.00632	0.00753	0.00468	0.00471	0.03594	0.01104	0.01385	0.03790	0.31200	0.41727	0.01334	0.00605	0.00184	0.00295	0.09807	0.00457	0.00429
16	0.00796	0.00647	0.00728	0.00684	0.00816	0.05349	0.00513	0.01093	0.06425	0.01909	0.67402	0.05657	0.04151	0.00968	0.00568	0.00155	0.00283	0.00847	0.00519	0.00489
17	0.00821	0.00545	0.00692	0.00639	0.00781	0.00510	0.00485	0.01094	0.04593	0.07032	0.64638	0.03424	0.07155	0.00955	0.00560	0.00154	0.00251	0.00836	0.04337	0.00499
18	0.01031	0.00933	0.03021	0.00894	0.06308	0.00700	0.00673	0.01263	0.01026	0.01601	0.00877	0.01032	0.00729	0.00371	0.00374	0.00080	0.00387	0.00302	0.00286	0.78111
19	0.00691	0.00504	0.00682	0.00670	0.00764	0.00515	0.00499	0.00860	0.01055	0.01476	0.33561	0.06034	0.08320	0.08928	0.30959	0.02228	0.00668	0.00758	0.00400	0.00429
20	0.01408	0.57144	0.07450	0.00995	0.02832	0.14272	0.00931	0.04397	0.01130	0.03337	0.01780	0.00903	0.00708	0.00456	0.00363	0.00116	0.00591	0.00302	0.00242	0.00641

[dist]
# distance from previous block
# <min> <max>
0	2

[block]
# block no. 9 follows, 51 sequences, length 8
# corresponding to MSA columns:
# 699-706
name=unknown_J
#
# <colnr> <probs for GDERKNQSTAVLIFYWHMCP>
#	G	D	E	R	K	N	Q	S	T	A	V	L	I	F	Y	W	H	M	C	P
0	0.01383	0.05156	0.01288	0.01133	0.03668	0.24382	0.00859	0.05059	0.37991	0.01698	0.01495	0.05113	0.01231	0.00666	0.00540	0.00156	0.04605	0.02512	0.00390	0.00675
1	0.09303	0.30873	0.13542	0.01315	0.05508	0.07385	0.17432	0.01614	0.06000	0.01486	0.00880	0.01035	0.00707	0.00452	0.00422	0.00137	0.00627	0.00377	0.00250	0.00654
2	0.00680	0.00522	0.00714	0.00677	0.00799	0.00477	0.03754	0.00876	0.01253	0.01722	0.50462	0.19695	0.14272	0.01120	0.00589	0.00166	0.00270	0.00999	0.00500	0.00453
3	0.86201	0.00950	0.00722	0.00646	0.00950	0.01102	0.00532	0.01445	0.00836	0.02205	0.00684	0.00798	0.00532	0.00456	0.00304	0.00152	0.00380	0.00266	0.00304	0.00532
4	0.00702	0.00527	0.00790	0.00790	0.00878	0.00614	0.00614	0.00878	0.00790	0.01141	0.01316	0.01931	0.01229	0.03686	0.80782	0.00790	0.01316	0.00527	0.00263	0.00439
5	0.00928	0.00873	0.01474	0.81548	0.03385	0.01092	0.01365	0.01256	0.00983	0.01256	0.00873	0.01310	0.00655	0.00491	0.00491	0.00164	0.00655	0.00437	0.00218	0.00546
6	0.01060	0.05186	0.35621	0.01260	0.04153	0.04386	0.09760	0.01446	0.01064	0.01535	0.01000	0.01161	0.03000	0.00451	0.00444	0.00128	0.00605	0.00381	0.00249	0.27111
7	0.00605	0.00442	0.00569	0.00658	0.00709	0.00406	0.00448	0.00707	0.00998	0.01322	0.09323	0.67241	0.11839	0.01462	0.00618	0.00192	0.00277	0.01315	0.00463	0.00406

[dist]
# distance from previous block
# <min> <max>
0	1

[block]
# block no. 10 follows, 51 sequences, length 8
# corresponding to MSA columns:
# 708-711,714,715,731,732
name=unknown_K
#
# <colnr> <probs for GDERKNQSTAVLIFYWHMCP>
#	G	D	E	R	K	N	Q	S	T	A	V	L	I	F	Y	W	H	M	C	P
0	0.00947	0.04425	0.41349	0.01097	0.01538	0.00937	0.01243	0.01336	0.01110	0.03967	0.15632	0.02237	0.04169	0.00729	0.00573	0.00165	0.05052	0.09997	0.02881	0.00616
1	0.06389	0.01221	0.01228	0.01026	0.01353	0.05389	0.00818	0.29415	0.38811	0.02369	0.01507	0.01448	0.01121	0.00603	0.00476	0.00152	0.00467	0.00472	0.00462	0.05273
2	0.01452	0.45191	0.08677	0.01021	0.01419	0.22594	0.00950	0.06860	0.03166	0.01369	0.00792	0.00894	0.00669	0.00463	0.00380	0.00119	0.00631	0.00306	0.00250	0.02796
3	0.05886	0.01214	0.05585	0.06832	0.18320	0.10466	0.01012	0.05862	0.02881	0.29870	0.02875	0.01369	0.00984	0.00534	0.00472	0.00145	0.00540	0.00437	0.00402	0.04315
4	0.07385	0.21384	0.13296	0.01310	0.09076	0.11847	0.08546	0.04665	0.07835	0.04300	0.05122	0.01221	0.00963	0.00507	0.00439	0.00140	0.00597	0.00406	0.00296	0.00666
5	0.00605	0.00444	0.00571	0.00669	0.00721	0.00409	0.00461	0.00703	0.00975	0.01275	0.03022	0.67817	0.13929	0.01489	0.00623	0.00196	0.00288	0.04941	0.00456	0.00404
6	0.04027	0.01024	0.01708	0.09363	0.52164	0.01037	0.05162	0.01370	0.01105	0.01577	0.04557	0.04636	0.04586	0.00594	0.00510	0.00157	0.00548	0.04910	0.00285	0.00682
7	0.01198	0.01128	0.05741	0.07708	0.46273	0.01070	0.04364	0.07428	0.01221	0.05043	0.08109	0.01596	0.02621	0.03685	0.00578	0.00163	0.00554	0.00504	0.00308	0.00709

[dist]
# distance from previous block
# <min> <max>
0	3

[block]
# block no. 11 follows, 51 sequences, length 6
# corresponding to MSA columns:
# 736-741
name=unknown_L
#
# <colnr> <probs for GDERKNQSTAVLIFYWHMCP>
#	G	D	E	R	K	N	Q	S	T	A	V	L	I	F	Y	W	H	M	C	P
0	0.03145	0.03209	0.01503	0.08503	0.26266	0.11089	0.05316	0.03353	0.04147	0.09583	0.02906	0.11157	0.01316	0.00682	0.00511	0.00158	0.00559	0.05601	0.00341	0.00651
1	0.00625	0.00483	0.00542	0.00555	0.00661	0.00431	0.00388	0.00738	0.01061	0.01350	0.15649	0.17595	0.41046	0.15574	0.00926	0.00224	0.00292	0.01019	0.00442	0.00399
2	0.01126	0.08793	0.13474	0.03162	0.03416	0.04734	0.04622	0.03641	0.07793	0.08933	0.24602	0.06039	0.02102	0.00729	0.00563	0.00155	0.04495	0.00609	0.00395	0.00617
3	0.05463	0.16812	0.28176	0.10247	0.14338	0.07424	0.01321	0.05694	0.01134	0.01558	0.02969	0.01105	0.00769	0.00480	0.00439	0.00143	0.00630	0.00375	0.00248	0.00674
4	0.05859	0.00857	0.01067	0.00942	0.05272	0.00836	0.00712	0.15157	0.01410	0.37658	0.01844	0.06501	0.05656	0.00825	0.04366	0.00182	0.00453	0.00553	0.09140	0.00711
5	0.07627	0.16472	0.09400	0.03927	0.20745	0.05966	0.02584	0.08844	0.04089	0.04277	0.04186	0.01194	0.00907	0.00490	0.00434	0.00135	0.00548	0.00394	0.00299	0.07481

[dist]
# distance from previous block
# <min> <max>
0	8

[block]
# block no. 12 follows, 51 sequences, length 43
# corresponding to MSA columns:
# 750-771,774-794
name=unknown_M
#
# <colnr> <probs for GDERKNQSTAVLIFYWHMCP>
#	G	D	E	R	K	N	Q	S	T	A	V	L	I	F	Y	W	H	M	C	P
0	0.03581	0.30747	0.19499	0.01189	0.08228	0.12130	0.01077	0.01522	0.02683	0.01406	0.03383	0.03507	0.00873	0.00498	0.00407	0.00127	0.00587	0.00371	0.00252	0.07932
1	0.01296	0.11662	0.35327	0.01247	0.05763	0.01160	0.02923	0.10185	0.02809	0.13473	0.01313	0.04881	0.03345	0.00584	0.00474	0.00151	0.00584	0.01777	0.00331	0.00717
2	0.01217	0.04576	0.32881	0.03892	0.12446	0.01047	0.06749	0.04049	0.03092	0.13415	0.06074	0.04411	0.02806	0.00577	0.00494	0.00155	0.00587	0.00499	0.00327	0.00706
3	0.01019	0.01006	0.03757	0.44009	0.29318	0.01084	0.03684	0.01327	0.01020	0.01379	0.00935	0.01357	0.00759	0.03140	0.04045	0.00194	0.00661	0.00452	0.00232	0.00622
4	0.01190	0.12122	0.10983	0.01189	0.06831	0.12548	0.06397	0.01513	0.07087	0.07306	0.03846	0.15405	0.03324	0.00780	0.00509	0.00159	0.00547	0.07303	0.00351	0.00608
5	0.01229	0.01210	0.13421	0.04430	0.32205	0.00997	0.02118	0.05438	0.05245	0.11697	0.01601	0.06248	0.06969	0.00652	0.00511	0.00159	0.00529	0.04286	0.00348	0.00708
6	0.01449	0.00952	0.03484	0.07884	0.01363	0.08448	0.02667	0.03370	0.01229	0.31528	0.06941	0.11413	0.05320	0.02630	0.05564	0.00203	0.01939	0.00630	0.00445	0.02542
7	0.00907	0.00726	0.02504	0.06892	0.04904	0.00730	0.01968	0.08357	0.05910	0.01450	0.01913	0.13550	0.05289	0.24719	0.01180	0.03140	0.00465	0.14546	0.00371	0.00479
8	0.04923	0.22137	0.13812	0.04507	0.01530	0.01322	0.00990	0.17883	0.05139	0.21341	0.01203	0.01203	0.00858	0.00526	0.00437	0.00141	0.00526	0.00396	0.00386	0.00739
9	0.01186	0.11459	0.15909	0.04883	0.17669	0.01137	0.08862	0.05943	0.01140	0.03990	0.00924	0.01107	0.00727	0.00436	0.00440	0.00127	0.00565	0.00381	0.00270	0.22846
10	0.00598	0.00445	0.00558	0.00644	0.00703	0.00405	0.00439	0.00697	0.00993	0.01294	0.05750	0.63810	0.18951	0.01461	0.00616	0.00191	0.00276	0.01306	0.00459	0.00405
11	0.03468	0.13972	0.07972	0.01708	0.02182	0.03403	0.52187	0.01568	0.01130	0.03568	0.01000	0.01341	0.00790	0.00458	0.00521	0.00156	0.00742	0.02923	0.00257	0.00654
12	0.01022	0.04031	0.46731	0.01179	0.01752	0.03160	0.02981	0.01435	0.01031	0.01528	0.00921	0.03500	0.00736	0.00482	0.00479	0.00133	0.03334	0.00377	0.00241	0.24946
13	0.00668	0.00500	0.00627	0.00653	0.00765	0.00459	0.00500	0.00846	0.01197	0.01594	0.33385	0.17973	0.22699	0.01222	0.00606	0.00178	0.00286	0.14913	0.00489	0.00438
14	0.00748	0.00518	0.00622	0.00612	0.00749	0.00463	0.00460	0.00909	0.01188	0.06734	0.28137	0.12528	0.32911	0.05108	0.00679	0.00184	0.00284	0.06227	0.00486	0.00454
15	0.01189	0.01073	0.01177	0.14790	0.01642	0.05137	0.00887	0.02296	0.59132	0.01858	0.01765	0.01816	0.01355	0.00651	0.00501	0.00166	0.00461	0.02949	0.00438	0.00717
16	0.03656	0.00654	0.00766	0.02892	0.00897	0.04614	0.00528	0.01130	0.00946	0.15464	0.01752	0.21554	0.01793	0.25376	0.11353	0.04479	0.00546	0.00760	0.00380	0.00462
17	0.01476	0.00677	0.00896	0.00741	0.01000	0.00595	0.00591	0.01676	0.01374	0.42826	0.31836	0.02722	0.09832	0.00819	0.00535	0.00154	0.00331	0.00696	0.00568	0.00655
18	0.01392	0.04980	0.02003	0.01484	0.01859	0.14742	0.32524	0.15722	0.10903	0.01800	0.01185	0.01382	0.02372	0.03052	0.00599	0.00164	0.02333	0.00503	0.00328	0.00673
19	0.00639	0.00487	0.00525	0.00530	0.00621	0.00445	0.00354	0.00713	0.00940	0.01168	0.03393	0.07416	0.42624	0.34009	0.03788	0.00311	0.00374	0.00908	0.00387	0.00368
20	0.02205	0.00836	0.01140	0.00874	0.01254	0.00722	0.00722	0.02395	0.01407	0.80004	0.01939	0.01673	0.01216	0.00608	0.00494	0.00152	0.00418	0.00494	0.00608	0.00836
21	0.06025	0.01594	0.01145	0.01043	0.01278	0.43488	0.00792	0.01811	0.09173	0.09578	0.08902	0.08677	0.01447	0.00689	0.00482	0.00146	0.00634	0.02139	0.00368	0.00588
22	0.01314	0.83025	0.02575	0.00841	0.01261	0.01945	0.00841	0.01472	0.00999	0.01156	0.00683	0.00788	0.00631	0.00420	0.00315	0.00105	0.00526	0.00263	0.00210	0.00631
23	0.00986	0.02542	0.80183	0.01401	0.02127	0.01141	0.01816	0.01556	0.01038	0.01556	0.00882	0.01038	0.00623	0.00467	0.00467	0.00156	0.00726	0.00363	0.00208	0.00726
24	0.02363	0.00540	0.00560	0.00533	0.00662	0.00566	0.00409	0.05606	0.01088	0.01877	0.01528	0.01757	0.01204	0.00649	0.02168	0.00135	0.02752	0.00455	0.74666	0.00483
25	0.01314	0.83025	0.02575	0.00841	0.01261	0.01945	0.00841	0.01472	0.00999	0.01156	0.00683	0.00788	0.00631	0.00420	0.00315	0.00105	0.00526	0.00263	0.00210	0.00631
26	0.00709	0.00499	0.00652	0.00652	0.00693	0.00540	0.00443	0.00789	0.00749	0.01039	0.01442	0.02627	0.01531	0.46502	0.38379	0.00620	0.00861	0.00628	0.00282	0.00362
27	0.83544	0.00947	0.00736	0.00653	0.00960	0.01090	0.00538	0.01475	0.00854	0.04665	0.00724	0.00826	0.00554	0.00461	0.00310	0.00152	0.00381	0.00273	0.00314	0.00542
28	0.03692	0.00956	0.05603	0.00997	0.01252	0.00949	0.02508	0.03963	0.34803	0.05758	0.02076	0.03124	0.01874	0.00900	0.00561	0.00187	0.00447	0.29244	0.00459	0.00646
29	0.50534	0.00893	0.00832	0.00704	0.01007	0.00959	0.00574	0.07022	0.01089	0.13825	0.06175	0.01237	0.00993	0.00528	0.00371	0.00144	0.00375	0.00370	0.06812	0.05556
30	0.00625	0.00455	0.00610	0.00686	0.00736	0.00444	0.00477	0.00736	0.00945	0.01274	0.07292	0.57371	0.06626	0.04016	0.14924	0.00307	0.00468	0.01175	0.00423	0.00408
31	0.00995	0.02486	0.77017	0.01466	0.05267	0.01142	0.01803	0.01554	0.01041	0.01558	0.00884	0.01045	0.00629	0.00466	0.00468	0.00155	0.00721	0.00366	0.00209	0.00728
32	0.00634	0.00438	0.00579	0.00680	0.00713	0.00409	0.00453	0.00717	0.00937	0.02686	0.02633	0.76703	0.03135	0.05851	0.00725	0.00213	0.00298	0.01344	0.00451	0.00402
33	0.77886	0.00939	0.00764	0.00669	0.00980	0.01065	0.00551	0.01539	0.00893	0.09906	0.00808	0.00885	0.00600	0.00471	0.00323	0.00152	0.00384	0.00289	0.00334	0.00562
34	0.00736	0.00581	0.00731	0.00744	0.00835	0.00608	0.00570	0.00898	0.04682	0.01328	0.05736	0.23944	0.25375	0.01295	0.00849	0.07792	0.10319	0.12134	0.00410	0.00433
35	0.01343	0.68638	0.05526	0.00896	0.01301	0.10153	0.00876	0.01516	0.01043	0.01199	0.00729	0.00842	0.00651	0.00436	0.00336	0.00110	0.00562	0.00279	0.02943	0.00623
36	0.00630	0.00449	0.00598	0.00704	0.00744	0.00425	0.00491	0.00733	0.00965	0.01284	0.04311	0.67658	0.03164	0.05036	0.00714	0.00214	0.00313	0.10715	0.00451	0.00403
37	0.00690	0.00470	0.00539	0.00557	0.00570	0.00461	0.00326	0.00709	0.00769	0.01018	0.01895	0.15588	0.05773	0.66177	0.02117	0.00418	0.00436	0.00836	0.00330	0.00319
38	0.01169	0.00670	0.00727	0.00641	0.00820	0.00695	0.00496	0.16258	0.01274	0.07535	0.01526	0.01798	0.01210	0.06654	0.04432	0.00182	0.00374	0.00479	0.52514	0.00546
39	0.01127	0.00913	0.01028	0.02564	0.01098	0.05562	0.00705	0.20554	0.03278	0.01633	0.01294	0.02036	0.01231	0.23035	0.20506	0.00398	0.09094	0.03078	0.00336	0.00532
40	0.86201	0.00950	0.00722	0.00646	0.00950	0.01102	0.00532	0.01445	0.00836	0.02205	0.00684	0.00798	0.00532	0.00456	0.00304	0.00152	0.00380	0.00266	0.00304	0.00532
41	0.15687	0.08023	0.02841	0.02642	0.01233	0.02921	0.00778	0.21495	0.07489	0.03767	0.04871	0.03405	0.08645	0.00738	0.01961	0.00167	0.09558	0.00502	0.02647	0.00631
42	0.01104	0.09593	0.21261	0.03180	0.14204	0.01204	0.03233	0.05082	0.04437	0.01545	0.03097	0.01313	0.02647	0.02436	0.01573	0.00165	0.13871	0.00427	0.00268	0.09359

[dist]
# distance from previous block
# <min> <max>
0	1

[block]
# block no. 13 follows, 51 sequences, length 32
# corresponding to MSA columns:
# 796-827
name=unknown_N
#
