[name]
unknown

[dist]
# distance from previous block
# <min> <max>
0	67

[block]
# block no. 0 follows, 47 sequences, length 21
# corresponding to MSA columns:
# 100-106,109-122
name=unknown_A
#
# <colnr> <probs for GDERKNQSTAVLIFYWHMCP>
#	G	D	E	R	K	N	Q	S	T	A	V	L	I	F	Y	W	H	M	C	P
0	0.38175	0.13160	0.05729	0.00924	0.01237	0.01315	0.00828	0.04239	0.06004	0.05025	0.01073	0.01462	0.00922	0.00643	0.00573	0.00170	0.10635	0.06924	0.00337	0.00626
1	0.09369	0.05094	0.04269	0.02087	0.37657	0.01329	0.01264	0.06795	0.01149	0.01756	0.00895	0.01169	0.00758	0.00564	0.00726	0.00163	0.17201	0.00422	0.00277	0.07056
2	0.02993	0.01216	0.04160	0.41380	0.15222	0.08534	0.04517	0.01544	0.01121	0.06381	0.00977	0.01314	0.00751	0.00547	0.00611	0.00170	0.07187	0.00455	0.00268	0.00651
3	0.00997	0.00843	0.01075	0.01127	0.07410	0.02006	0.02529	0.01546	0.22663	0.01701	0.10004	0.13178	0.04679	0.06342	0.02572	0.00228	0.05575	0.14480	0.00447	0.00599
4	0.00771	0.00541	0.00664	0.00711	0.00773	0.00531	0.00520	0.00874	0.00967	0.01258	0.02437	0.06085	0.09906	0.42552	0.01697	0.00369	0.00467	0.28090	0.00396	0.00390
5	0.00989	0.02165	0.03835	0.03453	0.01214	0.03206	0.04329	0.03657	0.05300	0.02620	0.17233	0.03901	0.11073	0.02498	0.08334	0.05735	0.04640	0.01669	0.00389	0.13761
6	0.00805	0.00611	0.00749	0.05836	0.04678	0.00558	0.00579	0.00977	0.01206	0.06504	0.10023	0.07979	0.50747	0.01222	0.01794	0.00187	0.00347	0.04225	0.00471	0.00501
7	0.01150	0.01137	0.04105	0.09249	0.17727	0.01177	0.14861	0.03997	0.15978	0.01734	0.05536	0.04544	0.03769	0.00824	0.04446	0.00207	0.07919	0.00599	0.00346	0.00694
8	0.01281	0.00921	0.01122	0.00832	0.01244	0.00757	0.00671	0.01501	0.01142	0.14453	0.03464	0.01285	0.00978	0.00483	0.00500	0.00103	0.05531	0.00373	0.00367	0.62991
9	0.01718	0.01323	0.01417	0.01129	0.01513	0.01460	0.00917	0.49900	0.24599	0.02852	0.01487	0.01444	0.01087	0.00634	0.00515	0.00157	0.00513	0.00494	0.00510	0.06331
10	0.05860	0.05801	0.03199	0.36153	0.15680	0.04048	0.07255	0.09926	0.01243	0.01692	0.00987	0.02750	0.00786	0.00537	0.00526	0.00164	0.01973	0.00468	0.00281	0.00671
11	0.00796	0.00505	0.00661	0.00664	0.00687	0.00524	0.00437	0.00782	0.00765	0.01039	0.01425	0.02707	0.01538	0.42014	0.18618	0.22875	0.00677	0.02670	0.00289	0.00328
12	0.01103	0.05052	0.06976	0.01524	0.01878	0.01162	0.33286	0.04747	0.03576	0.01571	0.01202	0.01679	0.01017	0.01517	0.23318	0.00366	0.06158	0.02947	0.00288	0.00633
13	0.01031	0.23994	0.06362	0.00793	0.00976	0.00980	0.00675	0.01017	0.00831	0.01073	0.00947	0.01518	0.00928	0.08106	0.06390	0.42737	0.00567	0.00430	0.00236	0.00411
14	0.01309	0.04852	0.04049	0.18833	0.04463	0.09036	0.05966	0.02929	0.14985	0.05694	0.01135	0.01364	0.00895	0.00654	0.00822	0.00180	0.21372	0.00474	0.00317	0.00670
15	0.01111	0.01008	0.01619	0.29274	0.33958	0.01090	0.01307	0.06156	0.01189	0.01611	0.01390	0.13054	0.03635	0.00690	0.00542	0.00170	0.00585	0.00632	0.00305	0.00673
16	0.00803	0.00563	0.00643	0.00644	0.00682	0.00576	0.00403	0.00958	0.07611	0.01189	0.03872	0.07164	0.02086	0.63909	0.02202	0.00437	0.00479	0.05041	0.00359	0.00380
17	0.01063	0.00963	0.01581	0.02321	0.51113	0.00954	0.01200	0.01292	0.01110	0.01559	0.01599	0.26554	0.01689	0.03854	0.00642	0.00186	0.00515	0.00795	0.00331	0.00680
18	0.01330	0.53583	0.02371	0.14390	0.09167	0.04083	0.01067	0.02863	0.01094	0.01328	0.00792	0.00994	0.00692	0.00485	0.00447	0.00132	0.03942	0.00339	0.00234	0.00666
19	0.00910	0.11170	0.01065	0.00860	0.00983	0.03354	0.00662	0.03402	0.04202	0.01402	0.02174	0.43108	0.03597	0.03017	0.04353	0.01749	0.06872	0.06207	0.00408	0.00504
20	0.00757	0.00529	0.00675	0.00719	0.00796	0.00507	0.00510	0.00940	0.03958	0.03250	0.20854	0.38494	0.05213	0.12743	0.00929	0.00241	0.00339	0.07606	0.00486	0.00455

[dist]
# distance from previous block
# <min> <max>
0	20

[block]
# block no. 1 follows, 47 sequences, length 43
# corresponding to MSA columns:
# 149-157,162-181,183-196
name=unknown_B
#
# <colnr> <probs for GDERKNQSTAVLIFYWHMCP>
#	G	D	E	R	K	N	Q	S	T	A	V	L	I	F	Y	W	H	M	C	P
0	0.01211	0.01140	0.01565	0.11218	0.12872	0.06134	0.01164	0.01366	0.00945	0.04234	0.00848	0.01256	0.00758	0.00900	0.03244	0.05856	0.43984	0.00455	0.00252	0.00597
1	0.00770	0.00540	0.00695	0.00749	0.03615	0.00557	0.00464	0.00828	0.00819	0.01115	0.01677	0.09543	0.01863	0.51826	0.18281	0.02644	0.00675	0.02641	0.00322	0.00377
2	0.00755	0.00551	0.00826	0.00826	0.00913	0.00638	0.00638	0.00913	0.00826	0.01189	0.01362	0.02015	0.01275	0.03766	0.74464	0.06435	0.01332	0.00551	0.00275	0.00449
3	0.00805	0.00617	0.00710	0.00685	0.00823	0.00613	0.00500	0.01176	0.13566	0.01710	0.28151	0.08715	0.20109	0.12534	0.03866	0.00244	0.00360	0.00899	0.03413	0.00503
4	0.00841	0.00551	0.00740	0.00823	0.00914	0.00533	0.00644	0.01001	0.01094	0.05590	0.02621	0.32141	0.02914	0.09911	0.00886	0.00251	0.00412	0.35503	0.02166	0.00464
5	0.00668	0.00480	0.00623	0.00696	0.00753	0.00448	0.00479	0.00791	0.01095	0.01477	0.18688	0.54461	0.07158	0.06828	0.00785	0.00220	0.00306	0.03118	0.00491	0.00432
6	0.42612	0.01000	0.00945	0.00839	0.01137	0.01133	0.00667	0.02003	0.28563	0.08450	0.01349	0.01367	0.01016	0.00665	0.00528	0.05810	0.00413	0.00424	0.00417	0.00662
7	0.30434	0.00763	0.00814	0.00731	0.00965	0.00778	0.00566	0.01469	0.01160	0.19167	0.18563	0.13680	0.02194	0.05789	0.00625	0.00190	0.00369	0.00687	0.00473	0.00584
8	0.00638	0.00526	0.00561	0.00557	0.00719	0.00449	0.00416	0.00790	0.01235	0.01530	0.18650	0.06980	0.62587	0.01281	0.00617	0.00175	0.00262	0.01081	0.00500	0.00449
9	0.01080	0.00926	0.01080	0.00771	0.01234	0.00694	0.00617	0.01311	0.01080	0.01697	0.00926	0.01080	0.00771	0.00386	0.00386	0.00077	0.00386	0.00309	0.00309	0.84882
10	0.00948	0.00592	0.00757	0.00731	0.00882	0.00549	0.00552	0.02583	0.02914	0.11803	0.33892	0.23041	0.11852	0.01186	0.00618	0.00181	0.00311	0.05531	0.00543	0.00534
11	0.29605	0.00916	0.00961	0.00826	0.01119	0.00964	0.00654	0.07416	0.10294	0.22701	0.05196	0.08703	0.02654	0.05078	0.00590	0.00186	0.00415	0.00572	0.00476	0.00674
12	0.04816	0.00633	0.00770	0.00743	0.00913	0.00595	0.00552	0.03829	0.03086	0.16277	0.11376	0.35722	0.16219	0.01216	0.00600	0.00185	0.00332	0.01060	0.00519	0.00554
13	0.07418	0.00581	0.00641	0.00648	0.00771	0.00570	0.00461	0.00956	0.05325	0.01511	0.12124	0.19701	0.26669	0.15209	0.04879	0.00270	0.00387	0.00980	0.00445	0.00454
14	0.00802	0.00615	0.00697	0.00673	0.00847	0.00581	0.00517	0.01145	0.10832	0.03766	0.25554	0.05494	0.37924	0.01152	0.00606	0.00176	0.00297	0.05891	0.01912	0.00518
15	0.06674	0.00801	0.00879	0.00839	0.01011	0.00873	0.00615	0.01721	0.31961	0.05464	0.02063	0.16211	0.01976	0.21619	0.01091	0.00268	0.00421	0.04462	0.00456	0.00593
16	0.00827	0.00579	0.00787	0.00781	0.00873	0.00636	0.00581	0.04321	0.00942	0.02647	0.01639	0.12214	0.01646	0.15162	0.48837	0.00628	0.01007	0.00696	0.04733	0.00464
17	0.01228	0.00696	0.00838	0.00733	0.00960	0.00656	0.00573	0.03677	0.08483	0.21188	0.27451	0.03097	0.17053	0.00910	0.00553	0.00162	0.00323	0.00769	0.10028	0.00622
18	0.01915	0.02462	0.04173	0.01343	0.01632	0.74827	0.01038	0.04031	0.01488	0.01340	0.00821	0.00953	0.00676	0.00538	0.00472	0.00136	0.00924	0.00341	0.00273	0.00617
19	0.00687	0.00522	0.00621	0.00610	0.00736	0.00468	0.00445	0.00864	0.01286	0.01714	0.41185	0.10614	0.30449	0.06574	0.00754	0.00195	0.00274	0.01029	0.00517	0.00456
20	0.00783	0.00537	0.00607	0.00598	0.00621	0.00543	0.00353	0.00872	0.04623	0.01140	0.06764	0.03367	0.02079	0.72296	0.02409	0.00466	0.00483	0.00761	0.00343	0.00353
21	0.00672	0.00559	0.00620	0.00599	0.00751	0.00510	0.00453	0.00826	0.01225	0.01547	0.21538	0.04535	0.56322	0.02719	0.00707	0.00182	0.04268	0.01025	0.00488	0.00456
22	0.85377	0.01007	0.00765	0.00685	0.01007	0.01168	0.00564	0.01531	0.00886	0.02336	0.00725	0.00846	0.00564	0.00483	0.00322	0.00161	0.00403	0.00282	0.00322	0.00564
23	0.01102	0.03620	0.20847	0.01192	0.05457	0.00939	0.07285	0.01446	0.01102	0.01670	0.00936	0.01115	0.00745	0.00423	0.00437	0.00112	0.00539	0.00360	0.00278	0.50396
24	0.02206	0.00878	0.01179	0.00903	0.01303	0.00753	0.00744	0.02411	0.01449	0.71014	0.01961	0.01726	0.01252	0.00624	0.00509	0.00154	0.00433	0.00507	0.02894	0.07099
25	0.01153	0.01922	0.38589	0.04183	0.07328	0.01250	0.15304	0.01909	0.19563	0.01774	0.01245	0.01381	0.00920	0.00534	0.00527	0.00169	0.00691	0.00484	0.00306	0.00768
26	0.00634	0.00453	0.00604	0.00725	0.00755	0.00423	0.00483	0.00725	0.00997	0.01329	0.02870	0.81358	0.03444	0.01632	0.00665	0.00211	0.00302	0.01480	0.00483	0.00423
27	0.01852	0.01108	0.03282	0.01168	0.05266	0.01089	0.03119	0.16512	0.15889	0.36419	0.05132	0.01729	0.01358	0.00660	0.00564	0.00165	0.02770	0.00538	0.00543	0.00837
28	0.01097	0.13670	0.60055	0.01326	0.02017	0.01275	0.01641	0.01601	0.01092	0.01595	0.00904	0.01060	0.00673	0.00476	0.00461	0.00148	0.00699	0.00362	0.00230	0.09619
29	0.00713	0.00611	0.00622	0.00605	0.00796	0.00561	0.00458	0.01036	0.11900	0.01530	0.06389	0.04557	0.65921	0.01228	0.00603	0.00176	0.00284	0.01024	0.00492	0.00495
30	0.01080	0.00926	0.01080	0.00771	0.01234	0.00694	0.00617	0.01311	0.01080	0.01697	0.00926	0.01080	0.00771	0.00386	0.00386	0.00077	0.00386	0.00309	0.00309	0.84882
31	0.01104	0.04114	0.73885	0.01453	0.02199	0.01223	0.01855	0.03322	0.01138	0.03636	0.00966	0.01115	0.00681	0.00501	0.00493	0.00164	0.00753	0.00388	0.00237	0.00773
32	0.75544	0.10491	0.00995	0.00709	0.01046	0.01273	0.00602	0.01534	0.00906	0.02206	0.00725	0.00845	0.00576	0.00479	0.00324	0.00155	0.00421	0.00282	0.00311	0.00576
33	0.00744	0.00558	0.00837	0.00837	0.00930	0.00651	0.00651	0.00930	0.00837	0.01209	0.01395	0.02046	0.01302	0.03906	0.79635	0.00837	0.01395	0.00558	0.00279	0.00465
34	0.00974	0.01635	0.36418	0.01102	0.01560	0.00977	0.01202	0.01616	0.16627	0.01801	0.16731	0.02331	0.11591	0.00825	0.02191	0.00182	0.00544	0.00629	0.00386	0.00678
35	0.01080	0.00926	0.01080	0.00771	0.01234	0.00694	0.00617	0.01311	0.01080	0.01697	0.00926	0.01080	0.00771	0.00386	0.00386	0.00077	0.00386	0.00309	0.00309	0.84882
36	0.01156	0.03841	0.34551	0.04590	0.38846	0.01219	0.01674	0.01583	0.01127	0.01636	0.00970	0.01232	0.00767	0.00623	0.03837	0.00187	0.00716	0.00430	0.00241	0.00775
37	0.01096	0.04140	0.05783	0.01209	0.01339	0.01301	0.02886	0.01269	0.00880	0.03805	0.00924	0.01372	0.00854	0.02994	0.16756	0.00333	0.47071	0.00469	0.00258	0.05262
38	0.00895	0.00486	0.00725	0.00717	0.00727	0.00510	0.00495	0.00723	0.00699	0.00948	0.00949	0.01617	0.00939	0.01999	0.10126	0.73340	0.03149	0.00463	0.00232	0.00262
39	0.01045	0.02694	0.79000	0.01484	0.02254	0.01209	0.01924	0.01649	0.01099	0.01649	0.00935	0.01099	0.00660	0.00495	0.00495	0.00165	0.00770	0.00385	0.00220	0.00770
40	0.00744	0.00558	0.00837	0.00837	0.00930	0.00651	0.00651	0.00930	0.00837	0.01209	0.01395	0.02046	0.01302	0.03906	0.79635	0.00837	0.01395	0.00558	0.00279	0.00465
41	0.00872	0.00745	0.02249	0.00938	0.01005	0.00887	0.00738	0.02330	0.00850	0.01232	0.01290	0.04364	0.01295	0.17014	0.40674	0.00579	0.21590	0.00590	0.00282	0.00476
42	0.01234	0.04255	0.03959	0.25967	0.41766	0.03134	0.03669	0.02780	0.01167	0.03057	0.00974	0.01293	0.00779	0.00486	0.00508	0.00157	0.00647	0.00452	0.00261	0.03457

[dist]
# distance from previous block
# <min> <max>
0	17

[block]
# block no. 2 follows, 47 sequences, length 52
# corresponding to MSA columns:
# 214,215,224-232,234-257,284-300
name=unknown_C
#
# <colnr> <probs for GDERKNQSTAVLIFYWHMCP>
#	G	D	E	R	K	N	Q	S	T	A	V	L	I	F	Y	W	H	M	C	P
0	0.06193	0.01201	0.01540	0.01313	0.01373	0.04205	0.01090	0.07007	0.00951	0.01471	0.00733	0.01124	0.00691	0.00852	0.01496	0.00215	0.67252	0.00442	0.00257	0.00594
1	0.01080	0.00926	0.01080	0.00771	0.01234	0.00694	0.00617	0.01311	0.01080	0.01697	0.00926	0.01080	0.00771	0.00386	0.00386	0.00077	0.00386	0.00309	0.00309	0.84882
2	0.00619	0.00528	0.00533	0.00532	0.00706	0.00441	0.00399	0.00755	0.01196	0.01429	0.07650	0.04975	0.75850	0.01311	0.00615	0.00175	0.00263	0.01094	0.00487	0.00441
3	0.01440	0.01311	0.05995	0.01338	0.08151	0.01362	0.03449	0.20066	0.46201	0.02351	0.01711	0.01656	0.01277	0.00645	0.00527	0.00169	0.00504	0.00538	0.00477	0.00832
4	0.01000	0.00958	0.01666	0.75079	0.03527	0.01168	0.06598	0.01354	0.01054	0.01354	0.00934	0.01390	0.00701	0.00515	0.00527	0.00174	0.00707	0.00473	0.00234	0.00587
5	0.00841	0.00514	0.00680	0.00725	0.03919	0.00514	0.00427	0.00760	0.00743	0.00995	0.01307	0.02559	0.01437	0.45030	0.02304	0.35564	0.00488	0.00618	0.00276	0.00300
6	0.00653	0.00507	0.00564	0.00598	0.00704	0.00452	0.00417	0.00754	0.01061	0.01320	0.03927	0.24041	0.43071	0.16044	0.01002	0.00247	0.00324	0.03447	0.00453	0.00414
7	0.02086	0.01028	0.01359	0.01043	0.01437	0.00982	0.05033	0.19023	0.03316	0.51598	0.04764	0.01724	0.01319	0.00646	0.00529	0.00161	0.00485	0.00533	0.02085	0.00852
8	0.01065	0.01060	0.04175	0.54735	0.20524	0.01172	0.03638	0.01408	0.01079	0.01449	0.00957	0.01367	0.00742	0.00513	0.00537	0.00169	0.01962	0.00465	0.02343	0.00642
9	0.00975	0.00901	0.00984	0.00944	0.01060	0.12745	0.00730	0.01168	0.03057	0.01259	0.03257	0.01842	0.01249	0.02939	0.54784	0.04218	0.06583	0.00524	0.00286	0.00494
10	0.00690	0.00520	0.00599	0.00612	0.00723	0.00473	0.00440	0.00824	0.01139	0.01474	0.18444	0.12874	0.34347	0.16839	0.01018	0.00245	0.00326	0.06306	0.01679	0.00428
11	0.03049	0.00657	0.00894	0.00857	0.00944	0.00729	0.02806	0.03972	0.00974	0.01379	0.05311	0.15881	0.01970	0.20159	0.25171	0.00464	0.08256	0.05711	0.00354	0.00463
12	0.06871	0.28201	0.05220	0.01057	0.04117	0.10548	0.01747	0.03307	0.06423	0.02972	0.00959	0.01097	0.00798	0.00633	0.03799	0.00155	0.02691	0.00354	0.00293	0.18758
13	0.04050	0.05971	0.01503	0.01132	0.01517	0.14376	0.00920	0.43172	0.08950	0.02537	0.01178	0.01210	0.00882	0.00578	0.00483	0.00144	0.00593	0.00425	0.00435	0.09944
14	0.01018	0.04044	0.01128	0.00811	0.01195	0.00744	0.02788	0.01236	0.01042	0.01573	0.01186	0.01449	0.03983	0.03306	0.12300	0.00211	0.00556	0.00398	0.00307	0.60727
15	0.01191	0.01702	0.24510	0.01854	0.02422	0.01217	0.47943	0.01656	0.01216	0.04659	0.05536	0.01476	0.01012	0.00499	0.00577	0.00171	0.00794	0.00565	0.00284	0.00716
16	0.01150	0.01361	0.11227	0.02226	0.28134	0.01156	0.29877	0.01524	0.01173	0.01633	0.01310	0.01806	0.03919	0.00759	0.05229	0.00211	0.00757	0.05555	0.00280	0.00713
17	0.03929	0.31081	0.27244	0.01145	0.03508	0.08287	0.01191	0.04404	0.01182	0.01533	0.03115	0.01460	0.08748	0.00582	0.00445	0.00143	0.00620	0.00430	0.00276	0.00677
18	0.00744	0.00558	0.00837	0.00837	0.00930	0.00651	0.00651	0.00930	0.00837	0.01209	0.01395	0.02046	0.01302	0.03906	0.79635	0.00837	0.01395	0.00558	0.00279	0.00465
19	0.01050	0.02602	0.74440	0.01477	0.02202	0.01232	0.01878	0.01626	0.01082	0.01626	0.00920	0.01102	0.00661	0.00519	0.00566	0.00169	0.05481	0.00389	0.00220	0.00758
20	0.01219	0.01163	0.01997	0.09356	0.63330	0.01178	0.04373	0.01526	0.01169	0.01650	0.01121	0.04346	0.00998	0.00551	0.00534	0.00163	0.00618	0.03666	0.00273	0.00771
21	0.01088	0.02215	0.03829	0.01243	0.11010	0.02371	0.00898	0.08551	0.13441	0.01710	0.01796	0.02952	0.01719	0.10386	0.14500	0.00337	0.00676	0.20272	0.00394	0.00612
22	0.00765	0.00529	0.00709	0.00814	0.00898	0.00515	0.00644	0.00945	0.01118	0.01517	0.05257	0.35783	0.03098	0.01432	0.00663	0.00216	0.00380	0.36514	0.07747	0.00458
23	0.01486	0.01010	0.01362	0.01137	0.01293	0.01222	0.00936	0.05866	0.01118	0.24228	0.01441	0.01661	0.05499	0.03646	0.03298	0.00226	0.42994	0.00527	0.00387	0.00662
24	0.01022	0.00906	0.05684	0.03627	0.08547	0.02010	0.00878	0.01225	0.02049	0.07697	0.07480	0.20403	0.06484	0.04719	0.07063	0.00256	0.16217	0.02784	0.00382	0.00567
25	0.00745	0.00552	0.00679	0.00703	0.00811	0.00526	0.00517	0.00878	0.01131	0.04545	0.11444	0.34959	0.30058	0.01371	0.00700	0.00194	0.05034	0.04203	0.00484	0.00466
26	0.01022	0.06649	0.03414	0.01319	0.10056	0.02374	0.11697	0.01195	0.00969	0.02492	0.01375	0.01911	0.05594	0.09642	0.21383	0.09290	0.08242	0.00558	0.00280	0.00539
27	0.00949	0.09276	0.28187	0.01027	0.01411	0.02326	0.01085	0.01307	0.03231	0.01585	0.14301	0.03601	0.14978	0.02837	0.03175	0.00199	0.04935	0.04633	0.00354	0.00605
28	0.01118	0.04603	0.61935	0.01314	0.01977	0.01114	0.01631	0.01629	0.01134	0.07508	0.01371	0.01471	0.06602	0.00571	0.00496	0.00162	0.00680	0.00450	0.03490	0.00740
29	0.01493	0.13951	0.06747	0.01242	0.03719	0.10456	0.09727	0.09041	0.07817	0.13684	0.01426	0.04691	0.01178	0.00919	0.07036	0.00215	0.00681	0.04887	0.00384	0.00707
30	0.01127	0.08187	0.52318	0.02780	0.03386	0.04417	0.12349	0.01621	0.01114	0.01576	0.00941	0.01159	0.00706	0.00617	0.03347	0.00187	0.02791	0.00418	0.00231	0.00728
31	0.01257	0.01189	0.04608	0.05976	0.58081	0.01145	0.01425	0.04716	0.01243	0.03980	0.05252	0.06430	0.01211	0.00584	0.00530	0.00160	0.00581	0.00552	0.00309	0.00774
32	0.02826	0.00854	0.01250	0.22329	0.01882	0.00885	0.03626	0.04515	0.03691	0.27623	0.04440	0.06966	0.02767	0.00910	0.03578	0.00204	0.00552	0.09968	0.00457	0.00675
33	0.01276	0.09054	0.19849	0.03879	0.31558	0.01291	0.11503	0.01680	0.03594	0.06171	0.01069	0.02318	0.00847	0.00515	0.00548	0.00160	0.03173	0.00469	0.00279	0.00766
34	0.00727	0.00514	0.00674	0.00754	0.00827	0.00496	0.00563	0.00842	0.01054	0.01394	0.05050	0.39525	0.12395	0.02928	0.00825	0.06976	0.01681	0.19596	0.02749	0.00428
35	0.01074	0.00932	0.01521	0.67184	0.05653	0.01129	0.01358	0.04240	0.01110	0.04700	0.01036	0.02639	0.00797	0.00681	0.03692	0.00199	0.00699	0.00485	0.00267	0.00604
36	0.02394	0.05728	0.03406	0.04021	0.17408	0.04819	0.06375	0.01329	0.01162	0.07831	0.03290	0.24650	0.08056	0.00964	0.00574	0.00178	0.00504	0.06308	0.00391	0.00611
37	0.00934	0.00731	0.01061	0.05856	0.12045	0.00729	0.03608	0.01243	0.08727	0.05570	0.06640	0.37803	0.08518	0.01152	0.00607	0.00189	0.00409	0.03162	0.00446	0.00570
38	0.01120	0.04693	0.47980	0.01634	0.10142	0.01225	0.08555	0.01582	0.01106	0.03826	0.01158	0.02896	0.03724	0.00579	0.00615	0.00170	0.07538	0.00470	0.00256	0.00733
39	0.04642	0.05385	0.09136	0.06411	0.17447	0.09601	0.08773	0.03979	0.04803	0.06155	0.01397	0.14931	0.01288	0.00800	0.02792	0.00185	0.00634	0.00626	0.00338	0.00677
40	0.01205	0.05730	0.26785	0.10497	0.29531	0.01207	0.05794	0.01604	0.01154	0.05364	0.01105	0.01508	0.00895	0.00542	0.00518	0.00164	0.00670	0.04705	0.00273	0.00749
41	0.00963	0.00597	0.00754	0.00689	0.00866	0.00541	0.00532	0.01205	0.02915	0.13175	0.49465	0.03816	0.17945	0.01056	0.00603	0.00168	0.00289	0.03314	0.00563	0.00546
42	0.01187	0.04763	0.06783	0.30216	0.28107	0.06978	0.03751	0.01535	0.03738	0.01491	0.00987	0.01326	0.00793	0.00650	0.03219	0.02391	0.00699	0.00453	0.00255	0.00679
43	0.02528	0.11284	0.10935	0.17828	0.06119	0.01243	0.08247	0.09928	0.02966	0.10750	0.01240	0.03707	0.00992	0.00800	0.05410	0.00205	0.02163	0.02618	0.00339	0.00698
44	0.00947	0.00798	0.01273	0.04219	0.22086	0.00813	0.05176	0.01130	0.01062	0.03658	0.01989	0.41594	0.02200	0.02907	0.00728	0.00199	0.05882	0.02377	0.00385	0.00575
45	0.00818	0.00610	0.00854	0.00932	0.01070	0.00596	0.02751	0.01049	0.01198	0.01540	0.03060	0.05639	0.13317	0.01396	0.00702	0.00229	0.00460	0.62822	0.00474	0.00480
46	0.05205	0.03084	0.01440	0.26513	0.06382	0.01062	0.03406	0.09532	0.01311	0.24311	0.01418	0.06183	0.01085	0.00801	0.04534	0.00202	0.01884	0.00538	0.00406	0.00705
47	0.01166	0.05105	0.37887	0.03567	0.08980	0.01245	0.10843	0.02855	0.09800	0.03612	0.02382	0.01432	0.00948	0.00625	0.02045	0.00181	0.04230	0.02063	0.00292	0.00743
48	0.01039	0.01044	0.04035	0.62222	0.13922	0.02835	0.01441	0.01378	0.01065	0.01387	0.00950	0.01382	0.00735	0.00648	0.03687	0.00196	0.00719	0.00462	0.00237	0.00615
49	0.36225	0.05839	0.04653	0.06751	0.03766	0.07874	0.14953	0.03722	0.01091	0.03070	0.00926	0.03679	0.00761	0.00543	0.00497	0.00164	0.04136	0.00426	0.00301	0.00625
50	0.01392	0.82012	0.02729	0.00891	0.01337	0.02061	0.00891	0.01559	0.01058	0.01225	0.00724	0.00835	0.00668	0.00446	0.00334	0.00111	0.00557	0.00278	0.00223	0.00668
51	0.26493	0.00710	0.00807	0.00778	0.00949	0.00821	0.00614	0.01195	0.03596	0.01629	0.01235	0.01671	0.01090	0.02558	0.48049	0.00566	0.00991	0.00471	0.05268	0.00509

[dist]
# distance from previous block
# <min> <max>
0	1

[block]
# block no. 3 follows, 47 sequences, length 11
# corresponding to MSA columns:
# 302-312
name=unknown_D
#
# <colnr> <probs for GDERKNQSTAVLIFYWHMCP>
#	G	D	E	R	K	N	Q	S	T	A	V	L	I	F	Y	W	H	M	C	P
0	0.05705	0.00934	0.01124	0.00899	0.01243	0.00891	0.00724	0.16208	0.01420	0.23839	0.03092	0.05954	0.01243	0.01110	0.12100	0.00241	0.00580	0.00514	0.00457	0.21722
1	0.05583	0.00604	0.00914	0.00849	0.00927	0.00658	0.04923	0.00890	0.00778	0.01142	0.01051	0.01660	0.00997	0.02290	0.26822	0.44331	0.04479	0.00486	0.00251	0.00365
2	0.00824	0.00622	0.00867	0.00838	0.00925	0.00723	0.00638	0.04331	0.00894	0.01272	0.01390	0.02185	0.01347	0.16445	0.59028	0.00718	0.05615	0.00581	0.00293	0.00465
3	0.00926	0.00765	0.01215	0.01052	0.01179	0.00867	0.10764	0.01097	0.00887	0.03693	0.01304	0.02080	0.01252	0.18572	0.38379	0.00561	0.14033	0.00588	0.00288	0.00497
4	0.00931	0.00798	0.01217	0.16025	0.12839	0.00864	0.03608	0.03005	0.05328	0.01489	0.03298	0.08791	0.09083	0.03381	0.21346	0.00359	0.00753	0.05972	0.00343	0.00570
5	0.01046	0.01373	0.22003	0.00955	0.01476	0.00819	0.00960	0.01379	0.01113	0.01712	0.06340	0.01282	0.01032	0.00463	0.00431	0.00107	0.00479	0.00373	0.00303	0.56354
6	0.07562	0.00820	0.00944	0.00846	0.01076	0.00857	0.00664	0.06994	0.17167	0.07831	0.12770	0.02608	0.06173	0.07361	0.12211	0.00290	0.00547	0.06309	0.00454	0.06517
7	0.01129	0.14534	0.08229	0.02234	0.01386	0.03711	0.06140	0.07921	0.09459	0.01715	0.07771	0.08366	0.09317	0.00994	0.06355	0.00204	0.00570	0.01673	0.00376	0.07917
8	0.14324	0.18272	0.05812	0.06564	0.01560	0.02948	0.03778	0.10665	0.06060	0.14843	0.01219	0.03735	0.00941	0.00565	0.00448	0.00148	0.00528	0.00435	0.00381	0.06774
9	0.04498	0.01269	0.07199	0.06413	0.44043	0.01207	0.03707	0.06015	0.10257	0.03764	0.01181	0.01473	0.00961	0.05032	0.00631	0.00180	0.00595	0.00489	0.00317	0.00771
10	0.03151	0.07894	0.15724	0.06870	0.06014	0.08942	0.02744	0.03915	0.01121	0.08181	0.01169	0.01480	0.00955	0.01673	0.27461	0.00386	0.00928	0.00458	0.00298	0.00638

[dist]
# distance from previous block
# <min> <max>
1	3

[block]
# block no. 4 follows, 47 sequences, length 10
# corresponding to MSA columns:
# 316-325
name=unknown_E
#
# <colnr> <probs for GDERKNQSTAVLIFYWHMCP>
#	G	D	E	R	K	N	Q	S	T	A	V	L	I	F	Y	W	H	M	C	P
0	0.01213	0.22699	0.10162	0.38380	0.06283	0.01357	0.01271	0.01517	0.01086	0.07413	0.00985	0.01295	0.00772	0.02901	0.00531	0.00164	0.00637	0.00419	0.00264	0.00651
1	0.01097	0.03627	0.03306	0.05882	0.01300	0.07121	0.03751	0.06837	0.01172	0.06193	0.05471	0.12146	0.07906	0.08170	0.15885	0.00330	0.05828	0.03053	0.00374	0.00553
2	0.06130	0.05266	0.04163	0.15004	0.05288	0.05039	0.02598	0.21498	0.07457	0.08815	0.02859	0.01629	0.04496	0.02853	0.04475	0.00203	0.00612	0.00504	0.00398	0.00711
3	0.01110	0.01308	0.12462	0.16435	0.22514	0.02274	0.09866	0.01461	0.02471	0.01553	0.02217	0.04275	0.02078	0.00707	0.03255	0.00190	0.08044	0.01584	0.00273	0.05923
4	0.04349	0.05197	0.22034	0.06445	0.26934	0.01229	0.06097	0.06340	0.04533	0.07429	0.01156	0.03934	0.00913	0.00546	0.00508	0.00161	0.00633	0.00481	0.00311	0.00767
5	0.01386	0.04660	0.09189	0.01124	0.05155	0.07119	0.03338	0.11474	0.03276	0.15718	0.06741	0.10971	0.13027	0.00842	0.00589	0.00168	0.03410	0.00695	0.00442	0.00678
6	0.04974	0.15268	0.04350	0.06097	0.06543	0.01242	0.04676	0.07292	0.14980	0.21215	0.01524	0.05616	0.01175	0.00689	0.01947	0.00171	0.00535	0.00521	0.00429	0.00756
7	0.01213	0.18048	0.15315	0.06094	0.04986	0.04786	0.04469	0.01499	0.01108	0.04223	0.02833	0.03758	0.00922	0.00540	0.00532	0.00136	0.06057	0.00418	0.00283	0.22782
8	0.01248	0.29394	0.15878	0.10556	0.06631	0.01474	0.07241	0.01543	0.01072	0.05845	0.00951	0.01191	0.00774	0.00773	0.06478	0.00203	0.07407	0.00407	0.00258	0.00677
9	0.01026	0.08194	0.05657	0.06800	0.02664	0.11526	0.01971	0.01269	0.04056	0.01435	0.09616	0.20160	0.02068	0.06529	0.08376	0.00261	0.02136	0.05355	0.00366	0.00538

[dist]
# distance from previous block
# <min> <max>
0	13

# created by:
# /home/cegg/simao/soft/augustus-3.2.1/scripts/msa2prfl.pl ./align_prep/EOG091G0L2T.fa
