[name]
unknown

[dist]
# distance from previous block
# <min> <max>
0	106

[block]
# block no. 0 follows, 52 sequences, length 14
# corresponding to MSA columns:
# 163-176
name=unknown_A
#
# <colnr> <probs for GDERKNQSTAVLIFYWHMCP>
#	G	D	E	R	K	N	Q	S	T	A	V	L	I	F	Y	W	H	M	C	P
0	0.07303	0.16903	0.07706	0.02930	0.04431	0.11145	0.02654	0.06370	0.03873	0.05987	0.05256	0.03649	0.02569	0.01678	0.00532	0.00146	0.05213	0.04329	0.00319	0.07005
1	0.33305	0.05362	0.10717	0.06562	0.04845	0.03642	0.01999	0.03064	0.02634	0.01728	0.02349	0.12088	0.01101	0.02036	0.00454	0.00158	0.00466	0.02297	0.00307	0.04887
2	0.01079	0.03190	0.10965	0.14261	0.09884	0.02847	0.07023	0.04189	0.13375	0.05318	0.08125	0.01890	0.08950	0.02176	0.02429	0.00176	0.02603	0.00549	0.00343	0.00628
3	0.00855	0.00815	0.06381	0.10560	0.03851	0.00743	0.05501	0.07028	0.02723	0.01526	0.08638	0.36338	0.03541	0.01030	0.00581	0.00175	0.01921	0.04717	0.00388	0.02688
4	0.00724	0.00555	0.00642	0.00607	0.00755	0.00515	0.00457	0.06840	0.01303	0.01725	0.38106	0.09700	0.34097	0.01092	0.00569	0.00160	0.00263	0.00937	0.00490	0.00462
5	0.00721	0.00561	0.00834	0.00817	0.00897	0.00674	0.00641	0.00889	0.00776	0.01128	0.01246	0.01838	0.01167	0.03417	0.74859	0.00735	0.07591	0.00512	0.00256	0.00440
6	0.01115	0.03024	0.07375	0.04120	0.08739	0.05704	0.08677	0.06100	0.17183	0.03472	0.08706	0.01664	0.01338	0.01177	0.15901	0.00274	0.03945	0.00513	0.00342	0.00630
7	0.86392	0.00937	0.00712	0.00637	0.00937	0.01087	0.00525	0.01425	0.00825	0.02174	0.00675	0.00787	0.00525	0.00450	0.00300	0.00150	0.00375	0.00262	0.00300	0.00525
8	0.01227	0.03961	0.01217	0.08905	0.01449	0.14248	0.04715	0.08608	0.05645	0.06649	0.01616	0.08739	0.09123	0.00667	0.00474	0.00137	0.00507	0.02463	0.00354	0.19297
9	0.00637	0.04669	0.00669	0.00674	0.00732	0.00480	0.00469	0.00734	0.00956	0.01265	0.06330	0.68316	0.05803	0.03491	0.00647	0.00196	0.00298	0.02789	0.00437	0.00407
10	0.16334	0.01000	0.01133	0.05137	0.05392	0.01086	0.00789	0.13766	0.25707	0.19670	0.01484	0.01438	0.01063	0.00573	0.00451	0.00153	0.00430	0.00452	0.03217	0.00725
11	0.06029	0.01143	0.01352	0.11518	0.20856	0.10117	0.00975	0.07716	0.08355	0.01675	0.01040	0.03987	0.00865	0.00499	0.00441	0.00130	0.00521	0.00416	0.00304	0.22059
12	0.01192	0.01093	0.01870	0.17185	0.05599	0.03664	0.30735	0.04880	0.06273	0.08234	0.02371	0.01691	0.04428	0.00561	0.00552	0.00160	0.02469	0.03918	0.00318	0.02806
13	0.00627	0.00497	0.00567	0.00561	0.00703	0.00436	0.00428	0.00795	0.01202	0.01547	0.31707	0.04341	0.47493	0.01149	0.00579	0.00164	0.00253	0.06042	0.00480	0.00429

[dist]
# distance from previous block
# <min> <max>
0	32

[block]
# block no. 1 follows, 52 sequences, length 13
# corresponding to MSA columns:
# 209-221
name=unknown_B
#
# <colnr> <probs for GDERKNQSTAVLIFYWHMCP>
#	G	D	E	R	K	N	Q	S	T	A	V	L	I	F	Y	W	H	M	C	P
0	0.00956	0.00855	0.02628	0.31898	0.16864	0.00925	0.01048	0.01344	0.10841	0.03063	0.04948	0.15466	0.01457	0.04868	0.00611	0.00179	0.00506	0.00642	0.00321	0.00579
1	0.20554	0.00963	0.08063	0.07900	0.02592	0.03375	0.00780	0.04393	0.02793	0.14159	0.04477	0.18734	0.03157	0.00838	0.01728	0.00174	0.00450	0.03903	0.00390	0.00576
2	0.11516	0.00567	0.00658	0.00628	0.00772	0.00554	0.00473	0.01020	0.03567	0.03918	0.49767	0.12486	0.10316	0.00985	0.00538	0.00159	0.00264	0.00850	0.00487	0.00473
3	0.01255	0.01151	0.01856	0.09834	0.63171	0.01189	0.01403	0.11145	0.01239	0.01737	0.00939	0.01203	0.00764	0.00455	0.00481	0.00146	0.00577	0.00432	0.00269	0.00754
4	0.00712	0.00492	0.00576	0.00592	0.00679	0.00463	0.00411	0.00832	0.02665	0.03538	0.07403	0.20241	0.24101	0.22911	0.02633	0.02136	0.00351	0.04149	0.04717	0.00398
5	0.00694	0.00472	0.00563	0.00571	0.00584	0.00481	0.00345	0.00723	0.00731	0.00986	0.01585	0.09042	0.01802	0.66795	0.12225	0.00488	0.00560	0.00732	0.00301	0.00319
6	0.01558	0.01147	0.01220	0.00969	0.01296	0.01252	0.00789	0.56831	0.06855	0.02657	0.01724	0.01703	0.10845	0.00666	0.00483	0.00146	0.00460	0.00519	0.08146	0.00735
7	0.00635	0.00460	0.00616	0.00680	0.00735	0.00455	0.00481	0.00751	0.00938	0.01270	0.09347	0.46928	0.06350	0.07747	0.16632	0.00327	0.00496	0.04342	0.00408	0.00403
8	0.05511	0.01000	0.01075	0.00891	0.01177	0.01073	0.00718	0.40107	0.07550	0.05830	0.03490	0.07557	0.13052	0.00774	0.00498	0.00154	0.00422	0.02962	0.05483	0.00673
9	0.01458	0.01067	0.01161	0.00985	0.01292	0.01188	0.00782	0.19051	0.50448	0.12103	0.01778	0.01647	0.01295	0.00631	0.00486	0.00157	0.00416	0.00513	0.02762	0.00778
10	0.01770	0.01175	0.01292	0.01009	0.01363	0.01269	0.00827	0.55168	0.06645	0.14734	0.01365	0.01335	0.00959	0.00588	0.00473	0.00144	0.00478	0.00452	0.08168	0.00787
11	0.03612	0.00593	0.00719	0.00704	0.00859	0.00569	0.00547	0.03926	0.04405	0.09344	0.20003	0.17155	0.18697	0.02766	0.00612	0.00181	0.00324	0.14012	0.00478	0.00496
12	0.03618	0.00671	0.00816	0.00747	0.00932	0.00650	0.00564	0.07295	0.05753	0.21955	0.06118	0.24428	0.09318	0.10594	0.00770	0.00205	0.00367	0.04163	0.00475	0.00560

[dist]
# distance from previous block
# <min> <max>
0	2

[block]
# block no. 2 follows, 52 sequences, length 8
# corresponding to MSA columns:
# 224-231
name=unknown_C
#
# <colnr> <probs for GDERKNQSTAVLIFYWHMCP>
#	G	D	E	R	K	N	Q	S	T	A	V	L	I	F	Y	W	H	M	C	P
0	0.09734	0.00835	0.00949	0.00794	0.01063	0.00845	0.00637	0.18565	0.03976	0.24401	0.06722	0.05273	0.08275	0.04183	0.00563	0.00166	0.00390	0.03633	0.08351	0.00646
1	0.03899	0.00603	0.00737	0.00691	0.00856	0.00574	0.00526	0.04054	0.03061	0.16665	0.18739	0.18711	0.10288	0.06301	0.00664	0.00185	0.00326	0.06155	0.06442	0.00522
2	0.00973	0.00869	0.01604	0.01303	0.01565	0.00832	0.32094	0.04477	0.01127	0.04255	0.01832	0.22194	0.01885	0.03566	0.00661	0.00195	0.00560	0.19099	0.00368	0.00542
3	0.00989	0.00842	0.00979	0.00734	0.01124	0.00668	0.00579	0.01278	0.06630	0.01586	0.01075	0.07068	0.00956	0.00466	0.00388	0.00088	0.00355	0.00386	0.00314	0.73497
4	0.07015	0.00569	0.00722	0.00680	0.00813	0.00563	0.02544	0.00883	0.00937	0.01355	0.11990	0.08582	0.14353	0.13639	0.20160	0.05052	0.00578	0.02636	0.00351	0.06577
5	0.00595	0.00462	0.00550	0.00596	0.00692	0.00417	0.00424	0.00712	0.01029	0.01314	0.09232	0.38650	0.36330	0.01470	0.05006	0.00211	0.00318	0.01140	0.00446	0.00407
6	0.00666	0.00482	0.00621	0.00647	0.00720	0.00476	0.00466	0.00783	0.00958	0.01287	0.14789	0.20215	0.13340	0.16877	0.17217	0.02731	0.00524	0.06417	0.00389	0.00394
7	0.02606	0.01013	0.09562	0.04070	0.11096	0.04790	0.03885	0.04104	0.03607	0.04782	0.01466	0.13582	0.01444	0.07106	0.06432	0.06417	0.02925	0.08509	0.00325	0.02281

[dist]
# distance from previous block
# <min> <max>
9	16

[block]
# block no. 3 follows, 52 sequences, length 42
# corresponding to MSA columns:
# 248-289
name=unknown_D
#
# <colnr> <probs for GDERKNQSTAVLIFYWHMCP>
#	G	D	E	R	K	N	Q	S	T	A	V	L	I	F	Y	W	H	M	C	P
0	0.00798	0.00526	0.00640	0.00651	0.00746	0.00503	0.00463	0.02783	0.03085	0.06384	0.11611	0.27842	0.11953	0.20126	0.01015	0.00245	0.00342	0.06695	0.03158	0.00433
1	0.18586	0.00680	0.00740	0.00675	0.00854	0.00729	0.00520	0.06497	0.02711	0.09381	0.03829	0.03561	0.02092	0.10777	0.17565	0.00312	0.00554	0.00500	0.18925	0.00512
2	0.30700	0.00970	0.00971	0.00821	0.01107	0.01066	0.00656	0.21957	0.10876	0.10357	0.02729	0.06725	0.01125	0.04642	0.00525	0.00168	0.00413	0.00479	0.03072	0.00642
3	0.02423	0.00634	0.00674	0.00654	0.00770	0.04467	0.00468	0.01056	0.07234	0.04409	0.21328	0.11444	0.14050	0.22295	0.01045	0.00242	0.00360	0.03415	0.02585	0.00445
4	0.02001	0.00620	0.00735	0.00675	0.00849	0.00589	0.00520	0.07917	0.03195	0.09826	0.30106	0.10021	0.23364	0.03154	0.00608	0.00170	0.00305	0.04339	0.00493	0.00513
5	0.50729	0.00902	0.00839	0.00740	0.01001	0.03480	0.02436	0.06845	0.01059	0.06939	0.09409	0.11242	0.01355	0.00658	0.00404	0.00155	0.00388	0.00500	0.00372	0.00546
6	0.03732	0.00586	0.00657	0.00634	0.00723	0.00598	0.00434	0.06006	0.05892	0.01390	0.11339	0.08571	0.09150	0.42711	0.01524	0.00322	0.00402	0.04537	0.00380	0.00411
7	0.00791	0.00493	0.00582	0.00575	0.00616	0.00481	0.00355	0.00826	0.00799	0.06684	0.01829	0.11430	0.05599	0.61631	0.04967	0.00415	0.00466	0.00768	0.00338	0.00353
8	0.09529	0.00896	0.00950	0.00842	0.01101	0.00979	0.00658	0.04855	0.42908	0.10122	0.07692	0.02204	0.11945	0.02507	0.00532	0.00166	0.00364	0.00599	0.00478	0.00672
9	0.00655	0.00464	0.00548	0.00573	0.00616	0.00444	0.00366	0.00719	0.00883	0.01166	0.09654	0.23467	0.13597	0.41207	0.03258	0.00334	0.00385	0.00932	0.00377	0.00354
10	0.04693	0.00674	0.00768	0.00706	0.00879	0.00675	0.00540	0.14594	0.03386	0.03612	0.27925	0.18023	0.16665	0.01013	0.00545	0.00162	0.00312	0.01817	0.02489	0.00520
11	0.01259	0.01114	0.01177	0.01038	0.01319	0.05101	0.03260	0.07451	0.64723	0.02017	0.01850	0.01844	0.01421	0.00663	0.00499	0.00163	0.00434	0.03452	0.00471	0.00745
12	0.01024	0.00879	0.01014	0.00744	0.01159	0.00701	0.00593	0.01353	0.08639	0.01623	0.00970	0.01083	0.00792	0.00388	0.00372	0.00081	0.00361	0.00313	0.00307	0.77604
13	0.00747	0.00504	0.00623	0.00626	0.00721	0.00467	0.00439	0.00886	0.02124	0.05719	0.22581	0.25950	0.12654	0.18529	0.00979	0.00234	0.00318	0.03160	0.00444	0.02295
14	0.04841	0.00493	0.00599	0.00662	0.00738	0.00474	0.00459	0.01891	0.02880	0.02310	0.07236	0.59847	0.11109	0.03278	0.00632	0.00193	0.00291	0.01197	0.00447	0.00423
15	0.00594	0.00432	0.00557	0.00651	0.00694	0.00399	0.00438	0.00685	0.00954	0.01259	0.05309	0.70437	0.10851	0.03448	0.00657	0.00199	0.00280	0.01310	0.00449	0.00395
16	0.01042	0.01034	0.01450	0.01248	0.01252	0.01441	0.01038	0.01152	0.00744	0.01164	0.00668	0.01101	0.00664	0.00984	0.05473	0.00240	0.78135	0.00429	0.00214	0.00525
17	0.00804	0.00560	0.00801	0.00749	0.00842	0.00544	0.06288	0.03667	0.00924	0.02947	0.04660	0.21016	0.09119	0.19119	0.04603	0.18770	0.00447	0.03407	0.00348	0.00384
18	0.00619	0.00470	0.00552	0.00584	0.00676	0.00424	0.00411	0.00736	0.01046	0.01351	0.16121	0.28179	0.31953	0.11314	0.00822	0.00211	0.00287	0.03397	0.00444	0.00399
19	0.05367	0.00956	0.01026	0.00912	0.01174	0.01074	0.00713	0.04864	0.57115	0.06299	0.13169	0.01991	0.01844	0.00690	0.00494	0.00160	0.00367	0.00575	0.00495	0.00715
20	0.01156	0.01111	0.01795	0.19065	0.57687	0.03609	0.01402	0.02900	0.01096	0.01513	0.00913	0.01230	0.00753	0.00550	0.03054	0.00167	0.00622	0.00431	0.00240	0.00704
21	0.17550	0.01001	0.01417	0.31249	0.25653	0.02548	0.01146	0.05211	0.02788	0.01663	0.04664	0.01276	0.00875	0.00495	0.00451	0.00152	0.00545	0.00421	0.00274	0.00621
22	0.00692	0.00519	0.00779	0.00779	0.00865	0.00606	0.00606	0.00865	0.00779	0.01125	0.01298	0.01904	0.01211	0.03634	0.81049	0.00779	0.01298	0.00519	0.00260	0.00433
23	0.00671	0.00495	0.00627	0.00594	0.00715	0.00451	0.00445	0.00885	0.01336	0.01857	0.69565	0.03761	0.14751	0.01023	0.00572	0.00154	0.00231	0.00896	0.00522	0.00451
24	0.01035	0.00910	0.00951	0.00898	0.02948	0.06896	0.00673	0.01688	0.32913	0.03932	0.16134	0.06181	0.15994	0.00851	0.00591	0.00163	0.05488	0.00699	0.00452	0.00602
25	0.01088	0.06645	0.15413	0.29057	0.08395	0.02652	0.05917	0.06428	0.01102	0.03993	0.04008	0.02706	0.00906	0.00686	0.04411	0.00186	0.05073	0.00453	0.00266	0.00617
26	0.00644	0.00473	0.00613	0.00692	0.00770	0.00442	0.00517	0.00783	0.01048	0.01377	0.11439	0.43616	0.14953	0.01373	0.00619	0.00193	0.00309	0.19266	0.00458	0.00416
27	0.00896	0.03096	0.04757	0.01932	0.01088	0.05074	0.01689	0.03169	0.06696	0.01274	0.01306	0.02925	0.02903	0.06257	0.44804	0.00517	0.10322	0.00515	0.00281	0.00501
28	0.00788	0.00646	0.00907	0.00853	0.00900	0.00801	0.00657	0.00909	0.00754	0.01098	0.01177	0.01949	0.01178	0.19142	0.44829	0.00572	0.21624	0.00533	0.00254	0.00429
29	0.01384	0.32498	0.08365	0.01350	0.13334	0.26209	0.01045	0.01581	0.01108	0.01255	0.00767	0.00941	0.00663	0.00570	0.03010	0.00147	0.04596	0.00326	0.00227	0.00623
30	0.01437	0.03712	0.05342	0.09120	0.03304	0.03741	0.04630	0.12938	0.02234	0.20105	0.02303	0.01263	0.00894	0.00489	0.00444	0.00125	0.00493	0.00403	0.00377	0.26648
31	0.07151	0.06608	0.26781	0.01458	0.14336	0.09909	0.04468	0.03995	0.06549	0.09953	0.01069	0.02186	0.00812	0.00560	0.01982	0.00158	0.00624	0.00407	0.00298	0.00695
32	0.01293	0.01216	0.04844	0.05309	0.13534	0.05749	0.00972	0.14207	0.40183	0.01994	0.02645	0.01593	0.03078	0.00603	0.00488	0.00155	0.00487	0.00501	0.00412	0.00738
33	0.14217	0.38553	0.11349	0.01185	0.11071	0.06542	0.02168	0.03490	0.01059	0.05258	0.00808	0.00926	0.00659	0.00446	0.00373	0.00127	0.00550	0.00316	0.00254	0.00648
34	0.01164	0.01150	0.07643	0.01311	0.10372	0.02959	0.08599	0.06537	0.34913	0.03354	0.08266	0.03349	0.02716	0.00671	0.00515	0.00161	0.00483	0.04729	0.00412	0.00696
35	0.00694	0.00508	0.00723	0.00721	0.00792	0.00571	0.00536	0.00836	0.00794	0.01129	0.05244	0.02240	0.01488	0.19232	0.61465	0.00686	0.01081	0.00574	0.00280	0.00406
36	0.01204	0.00968	0.01148	0.07143	0.04560	0.01077	0.02549	0.09823	0.43755	0.05694	0.03815	0.01942	0.06858	0.02829	0.02667	0.00183	0.00447	0.00563	0.02077	0.00696
37	0.02039	0.00817	0.01098	0.00851	0.01205	0.00721	0.00699	0.05072	0.01419	0.70956	0.08287	0.01794	0.01463	0.00631	0.00494	0.00150	0.00402	0.00517	0.00590	0.00794
38	0.01077	0.03179	0.07342	0.00946	0.03962	0.05995	0.00761	0.06234	0.23433	0.04334	0.18065	0.02398	0.12376	0.04856	0.00635	0.00171	0.02566	0.00633	0.00426	0.00610
39	0.01081	0.00902	0.00968	0.00888	0.01119	0.01019	0.00683	0.02163	0.60221	0.01939	0.10119	0.06887	0.04324	0.00756	0.00504	0.00163	0.00350	0.00641	0.04587	0.00687
40	0.00702	0.00538	0.00727	0.00777	0.03491	0.00568	0.00547	0.00866	0.02948	0.01235	0.06016	0.18523	0.11168	0.13448	0.31323	0.00447	0.02678	0.03222	0.00349	0.00427
41	0.04719	0.05667	0.01330	0.02921	0.01428	0.32017	0.00866	0.15306	0.27299	0.01824	0.01223	0.01236	0.00940	0.00560	0.00454	0.00142	0.00611	0.00410	0.00370	0.00676

[dist]
# distance from previous block
# <min> <max>
0	1

[block]
# block no. 4 follows, 52 sequences, length 19
# corresponding to MSA columns:
# 291-309
name=unknown_E
#
# <colnr> <probs for GDERKNQSTAVLIFYWHMCP>
#	G	D	E	R	K	N	Q	S	T	A	V	L	I	F	Y	W	H	M	C	P
0	0.02229	0.00507	0.00598	0.00593	0.00667	0.00483	0.00396	0.00868	0.00922	0.07078	0.09767	0.13782	0.12574	0.42464	0.01528	0.00323	0.00385	0.04061	0.00388	0.00388
1	0.00665	0.00468	0.00555	0.00575	0.00624	0.00445	0.00374	0.00731	0.00907	0.01198	0.12443	0.19154	0.14509	0.39147	0.01496	0.02547	0.00365	0.03060	0.00382	0.00355
2	0.10712	0.00615	0.00684	0.00698	0.00820	0.02748	0.00509	0.03976	0.01057	0.05284	0.10005	0.43111	0.02533	0.03372	0.00589	0.00181	0.00329	0.04335	0.05988	0.02452
3	0.02324	0.00912	0.01377	0.25050	0.07722	0.00995	0.09567	0.04726	0.16485	0.06454	0.03346	0.05770	0.04656	0.02647	0.00565	0.00173	0.00523	0.05734	0.00357	0.00616
4	0.01069	0.05529	0.32741	0.06295	0.21025	0.03953	0.03461	0.01516	0.06213	0.01537	0.03650	0.04074	0.00944	0.00515	0.00467	0.00146	0.00603	0.00441	0.00260	0.05560
5	0.01120	0.01099	0.03197	0.12602	0.44149	0.03142	0.04374	0.03156	0.10159	0.01580	0.01450	0.01637	0.09098	0.00553	0.00494	0.00151	0.00547	0.00508	0.00293	0.00690
6	0.01097	0.04680	0.13452	0.09397	0.37544	0.01095	0.04411	0.05598	0.02556	0.01596	0.04723	0.06386	0.01113	0.00628	0.02203	0.00165	0.00584	0.01812	0.00280	0.00681
7	0.00957	0.00796	0.00924	0.03364	0.01092	0.00884	0.00679	0.07677	0.26143	0.01705	0.07498	0.14208	0.17767	0.00968	0.00644	0.00175	0.07937	0.05565	0.00442	0.00576
8	0.01083	0.01235	0.16990	0.05761	0.16528	0.02805	0.01062	0.05708	0.11151	0.04951	0.15852	0.01946	0.05860	0.00642	0.00496	0.00149	0.00485	0.01710	0.00363	0.05222
9	0.00705	0.00470	0.00529	0.00529	0.00529	0.00470	0.00294	0.00705	0.00705	0.00940	0.01527	0.03171	0.01762	0.82969	0.02467	0.00470	0.00470	0.00705	0.00294	0.00294
10	0.03549	0.01083	0.01540	0.06624	0.23197	0.01241	0.04701	0.07699	0.19361	0.03574	0.01167	0.02851	0.00949	0.00620	0.00743	0.00168	0.19444	0.00479	0.00325	0.00685
11	0.01106	0.00903	0.01435	0.02915	0.07491	0.00804	0.18125	0.01395	0.03690	0.10189	0.08734	0.08237	0.03987	0.00598	0.00486	0.00132	0.00469	0.00565	0.00355	0.28386
12	0.11616	0.17609	0.14414	0.03302	0.09835	0.12929	0.02367	0.15181	0.03115	0.01770	0.00894	0.01020	0.00700	0.00481	0.00415	0.00136	0.00591	0.00355	0.02606	0.00665
13	0.01214	0.56293	0.22791	0.01024	0.01505	0.03523	0.03049	0.01480	0.01002	0.01255	0.00733	0.00864	0.00623	0.00439	0.00390	0.00121	0.02544	0.00298	0.00209	0.00644
14	0.03069	0.00540	0.00659	0.00626	0.00761	0.00512	0.00476	0.00989	0.04580	0.01815	0.55386	0.03548	0.11740	0.03531	0.00613	0.00165	0.00264	0.05160	0.03062	0.02505
15	0.01120	0.01093	0.08831	0.08795	0.22015	0.01027	0.01071	0.05501	0.18938	0.05075	0.09376	0.01983	0.04904	0.00661	0.00540	0.00160	0.02984	0.04882	0.00369	0.00675
16	0.00734	0.00621	0.02788	0.00773	0.05616	0.00538	0.00557	0.02905	0.01244	0.01691	0.39927	0.09248	0.23603	0.01016	0.00558	0.00157	0.00291	0.03157	0.00465	0.04111
17	0.00963	0.00821	0.00958	0.00706	0.01102	0.00622	0.00558	0.01167	0.01005	0.01548	0.01134	0.05824	0.04168	0.00461	0.00383	0.00083	0.00350	0.00380	0.00303	0.77464
18	0.10972	0.28513	0.27387	0.01091	0.03550	0.05955	0.01125	0.04494	0.07518	0.03929	0.00911	0.01001	0.00708	0.00471	0.00397	0.00135	0.00574	0.00337	0.00266	0.00667

[dist]
# distance from previous block
# <min> <max>
0	3

[block]
# block no. 5 follows, 52 sequences, length 11
# corresponding to MSA columns:
# 313-321,323,324
name=unknown_F
#
# <colnr> <probs for GDERKNQSTAVLIFYWHMCP>
#	G	D	E	R	K	N	Q	S	T	A	V	L	I	F	Y	W	H	M	C	P
0	0.02737	0.01008	0.04952	0.06186	0.03994	0.00878	0.03577	0.10844	0.06617	0.12379	0.01228	0.06100	0.00987	0.00527	0.00440	0.00122	0.00444	0.00443	0.00366	0.36172
1	0.36552	0.01133	0.04884	0.06782	0.09289	0.03239	0.00872	0.13100	0.09580	0.02034	0.00989	0.01194	0.00784	0.00542	0.00471	0.00156	0.04879	0.02560	0.00330	0.00630
2	0.00872	0.00585	0.00763	0.00794	0.00934	0.00562	0.00649	0.04228	0.01146	0.06987	0.06842	0.18023	0.09011	0.03969	0.00676	0.00204	0.00388	0.39328	0.00453	0.03585
3	0.00678	0.00464	0.00531	0.00548	0.00564	0.00454	0.00323	0.00699	0.00768	0.01012	0.01946	0.15497	0.07582	0.64580	0.02046	0.00406	0.00425	0.00831	0.00329	0.00317
4	0.06681	0.01165	0.06396	0.01004	0.01320	0.01223	0.00836	0.10257	0.60955	0.02110	0.01733	0.01624	0.01293	0.00623	0.00478	0.00161	0.00421	0.00506	0.00461	0.00754
5	0.01416	0.01283	0.01240	0.06438	0.01487	0.12744	0.00865	0.19439	0.45413	0.02085	0.01540	0.01494	0.01153	0.00606	0.00483	0.00154	0.00505	0.00481	0.00438	0.00735
6	0.00731	0.00475	0.00550	0.00555	0.00603	0.00466	0.00363	0.00823	0.00903	0.01289	0.14152	0.06157	0.04062	0.46889	0.01603	0.00330	0.00378	0.05199	0.14111	0.00361
7	0.00952	0.00779	0.04731	0.06330	0.04090	0.00753	0.03961	0.03529	0.05893	0.08499	0.02831	0.13684	0.10244	0.03359	0.20469	0.00326	0.03718	0.02985	0.02334	0.00536
8	0.01264	0.00622	0.00818	0.00704	0.00921	0.00551	0.00550	0.01457	0.01325	0.33125	0.36793	0.07963	0.10105	0.00890	0.00541	0.00155	0.00307	0.00767	0.00547	0.00595
9	0.08396	0.01310	0.01728	0.08795	0.48792	0.14875	0.03520	0.01530	0.01105	0.01522	0.00853	0.01115	0.00708	0.00462	0.00497	0.00145	0.03320	0.00401	0.00244	0.00682
10	0.41320	0.08241	0.04963	0.05065	0.08253	0.11535	0.02345	0.01595	0.07888	0.01791	0.00849	0.00976	0.00670	0.00470	0.00375	0.00143	0.00508	0.00328	0.00287	0.02398

[dist]
# distance from previous block
# <min> <max>
0	6

[block]
# block no. 6 follows, 52 sequences, length 10
# corresponding to MSA columns:
# 331-340
name=unknown_G
#
# <colnr> <probs for GDERKNQSTAVLIFYWHMCP>
#	G	D	E	R	K	N	Q	S	T	A	V	L	I	F	Y	W	H	M	C	P
0	0.01037	0.00960	0.01466	0.12771	0.29588	0.03267	0.05710	0.03413	0.04201	0.01568	0.12172	0.01989	0.06676	0.00707	0.01621	0.01439	0.05367	0.03688	0.01746	0.00613
1	0.05209	0.00947	0.01125	0.00944	0.06565	0.00846	0.00700	0.14868	0.01281	0.08556	0.05579	0.01242	0.00996	0.00464	0.00410	0.00105	0.00402	0.00373	0.00360	0.49027
2	0.00707	0.00485	0.00661	0.00730	0.00798	0.00479	0.00542	0.00839	0.00968	0.03650	0.06385	0.41957	0.02728	0.07144	0.13003	0.00305	0.00485	0.17293	0.00419	0.00420
3	0.00671	0.00465	0.00580	0.00624	0.00648	0.00464	0.00406	0.00730	0.00810	0.01086	0.01938	0.28960	0.02237	0.43496	0.09727	0.00397	0.00491	0.05569	0.00350	0.00350
4	0.00671	0.00478	0.00597	0.00609	0.00699	0.00445	0.00441	0.00832	0.01143	0.01577	0.37934	0.20092	0.12625	0.09959	0.00780	0.00199	0.00280	0.05478	0.04740	0.00420
5	0.01330	0.39987	0.09645	0.01030	0.01367	0.22052	0.00957	0.01510	0.01064	0.01202	0.00920	0.01057	0.04588	0.00536	0.00533	0.00131	0.10926	0.00342	0.00231	0.00593
6	0.01303	0.01003	0.04963	0.00898	0.03571	0.04244	0.00718	0.06182	0.06500	0.17672	0.01395	0.05518	0.03291	0.03160	0.00500	0.00129	0.00425	0.00453	0.00383	0.37691
7	0.02489	0.21317	0.02785	0.16558	0.06924	0.10922	0.03199	0.08951	0.04360	0.08120	0.02614	0.01480	0.00974	0.01872	0.00481	0.00148	0.00575	0.05285	0.00313	0.00632
8	0.00938	0.07413	0.00988	0.00804	0.00938	0.00791	0.02511	0.07160	0.01047	0.05981	0.02071	0.28104	0.09314	0.11684	0.03542	0.00233	0.09252	0.04380	0.02361	0.00487
9	0.00778	0.00600	0.00598	0.00592	0.00622	0.05972	0.00362	0.00805	0.00799	0.01018	0.04069	0.03160	0.04472	0.69123	0.02141	0.00417	0.00481	0.03356	0.00309	0.00326

[dist]
# distance from previous block
# <min> <max>
2	6

[block]
# block no. 7 follows, 52 sequences, length 7
# corresponding to MSA columns:
# 347-353
name=unknown_H
#
# <colnr> <probs for GDERKNQSTAVLIFYWHMCP>
#	G	D	E	R	K	N	Q	S	T	A	V	L	I	F	Y	W	H	M	C	P
0	0.05002	0.10471	0.01242	0.04646	0.12299	0.10918	0.00816	0.05331	0.01178	0.07053	0.04579	0.11352	0.12224	0.00823	0.00503	0.00157	0.00480	0.09992	0.00365	0.00570
1	0.01060	0.01037	0.01741	0.13693	0.39005	0.01121	0.09174	0.01317	0.01028	0.01430	0.01309	0.01585	0.09491	0.00595	0.00685	0.00162	0.14157	0.00510	0.00256	0.00643
2	0.00621	0.00476	0.00570	0.00627	0.00726	0.00431	0.00464	0.00745	0.01038	0.01316	0.06379	0.33090	0.34145	0.04239	0.00672	0.00196	0.00298	0.13115	0.00447	0.00407
3	0.00886	0.00551	0.00760	0.00830	0.00949	0.00531	0.00684	0.01067	0.01095	0.10242	0.02521	0.25925	0.02723	0.01304	0.00635	0.00208	0.00398	0.47753	0.00464	0.00474
4	0.54047	0.01133	0.01049	0.11015	0.11337	0.11487	0.00802	0.01476	0.00949	0.01855	0.00737	0.00913	0.00583	0.00458	0.00363	0.00147	0.00499	0.00311	0.00275	0.00562
5	0.00729	0.00549	0.00762	0.00729	0.00840	0.00587	0.00549	0.00878	0.00792	0.01144	0.01288	0.02018	0.01250	0.16743	0.58643	0.00647	0.01052	0.00525	0.00268	0.10007
6	0.01376	0.59104	0.02091	0.00839	0.01207	0.06964	0.00784	0.01541	0.01100	0.10978	0.08973	0.01184	0.01100	0.00503	0.00368	0.00116	0.00499	0.00354	0.00292	0.00626

[dist]
# distance from previous block
# <min> <max>
0	45

# created by:
# /home/cegg/simao/soft/augustus-3.2.1/scripts/msa2prfl.pl ./align_prep/EOG091G184V.fa
