[name]
unknown

[dist]
# distance from previous block
# <min> <max>
0	43

[block]
# block no. 0 follows, 43 sequences, length 24
# corresponding to MSA columns:
# 52-75
name=unknown_A
#
# <colnr> <probs for GDERKNQSTAVLIFYWHMCP>
#	G	D	E	R	K	N	Q	S	T	A	V	L	I	F	Y	W	H	M	C	P
0	0.01242	0.09534	0.52829	0.01558	0.02257	0.01365	0.11263	0.03409	0.03884	0.04332	0.01097	0.01293	0.00809	0.02070	0.00574	0.00179	0.00778	0.00453	0.00276	0.00799
1	0.03125	0.11866	0.22998	0.04181	0.01812	0.03955	0.08285	0.01797	0.09132	0.09811	0.04138	0.08860	0.06209	0.00742	0.00548	0.00174	0.00620	0.00629	0.00382	0.00733
2	0.00784	0.00531	0.00676	0.00744	0.00836	0.00482	0.00522	0.00910	0.01169	0.05695	0.09077	0.55058	0.16867	0.01567	0.00686	0.00212	0.00321	0.02844	0.00531	0.00487
3	0.01060	0.00999	0.10830	0.02907	0.01295	0.00791	0.02709	0.05770	0.06351	0.08466	0.05474	0.33828	0.10184	0.01374	0.05084	0.00238	0.00510	0.01034	0.00478	0.00619
4	0.01429	0.04740	0.10943	0.08161	0.22212	0.03214	0.19867	0.05514	0.01333	0.08986	0.01299	0.02899	0.02830	0.00585	0.00615	0.00176	0.03525	0.00554	0.00330	0.00787
5	0.01144	0.01104	0.01940	0.48089	0.22139	0.01237	0.09433	0.01509	0.01189	0.01591	0.04538	0.01575	0.00993	0.00556	0.00568	0.00179	0.00717	0.00534	0.00274	0.00691
6	0.01218	0.01248	0.01987	0.01609	0.01725	0.01595	0.16579	0.01407	0.00942	0.01416	0.00844	0.01352	0.00794	0.03566	0.01609	0.00241	0.60457	0.00531	0.00253	0.00626
7	0.01158	0.01102	0.01848	0.50843	0.26701	0.01285	0.01570	0.01500	0.01141	0.01534	0.00987	0.01428	0.00781	0.00559	0.00626	0.00182	0.05313	0.00492	0.00255	0.00697
8	0.01219	0.01220	0.03923	0.19811	0.42991	0.02751	0.06400	0.01546	0.01222	0.01680	0.03097	0.09196	0.01217	0.00645	0.00573	0.00176	0.00662	0.00618	0.00299	0.00753
9	0.01121	0.02791	0.73647	0.01619	0.02424	0.01292	0.05991	0.01755	0.01177	0.01755	0.01001	0.01187	0.00709	0.00523	0.00533	0.00176	0.00825	0.00422	0.00236	0.00815
10	0.01217	0.01173	0.02035	0.38421	0.38926	0.01281	0.05826	0.01572	0.01193	0.01625	0.01020	0.01427	0.00811	0.00520	0.00557	0.00175	0.00711	0.00502	0.00262	0.00749
11	0.01414	0.01364	0.02112	0.11659	0.60491	0.05489	0.01611	0.05906	0.01337	0.01837	0.01042	0.01360	0.00857	0.00514	0.00547	0.00166	0.00683	0.00486	0.00288	0.00839
12	0.01301	0.23395	0.50346	0.01357	0.02039	0.01497	0.01635	0.03677	0.01216	0.05764	0.01044	0.02536	0.00799	0.00546	0.00486	0.00161	0.00725	0.00410	0.00272	0.00793
13	0.00681	0.00489	0.00649	0.00774	0.00813	0.00456	0.00524	0.00784	0.01072	0.01424	0.03114	0.75886	0.05527	0.01720	0.00707	0.00225	0.00326	0.03863	0.00514	0.00452
14	0.01255	0.01405	0.03022	0.06486	0.02820	0.01334	0.66538	0.01694	0.01281	0.01733	0.01229	0.06211	0.01004	0.00548	0.00651	0.00189	0.00886	0.00700	0.00292	0.00722
15	0.08227	0.01138	0.05520	0.01038	0.01483	0.00990	0.00898	0.12106	0.01650	0.58190	0.01906	0.01702	0.01222	0.00662	0.00540	0.00171	0.00506	0.00523	0.00619	0.00911
16	0.01303	0.01428	0.08761	0.11983	0.52183	0.01314	0.09943	0.01704	0.02750	0.01765	0.01064	0.01394	0.00858	0.00506	0.00559	0.00171	0.00708	0.00507	0.00274	0.00827
17	0.00684	0.00587	0.00589	0.00584	0.00776	0.00505	0.00439	0.00883	0.04324	0.01530	0.05473	0.05196	0.73781	0.01376	0.00651	0.00187	0.00287	0.01147	0.00516	0.00484
18	0.01225	0.01326	0.02705	0.01994	0.02465	0.01264	0.57505	0.01739	0.07703	0.01780	0.01645	0.06440	0.05362	0.00656	0.00653	0.00192	0.00804	0.03486	0.00339	0.00717
19	0.18654	0.01274	0.03405	0.01388	0.11077	0.01308	0.03789	0.24715	0.07349	0.15731	0.03290	0.01489	0.01104	0.00623	0.00514	0.00170	0.00543	0.00494	0.02256	0.00829
20	0.00740	0.00539	0.00703	0.00810	0.00889	0.00510	0.00605	0.00884	0.01138	0.01482	0.03291	0.46412	0.12695	0.04618	0.00797	0.00241	0.00379	0.22294	0.00506	0.00465
21	0.01351	0.01296	0.02213	0.07945	0.72688	0.01311	0.01690	0.01683	0.01252	0.01786	0.01038	0.01377	0.00869	0.00497	0.00549	0.00166	0.00663	0.00493	0.00272	0.00862
22	0.01456	0.01553	0.01913	0.15398	0.36509	0.19259	0.01457	0.01719	0.01248	0.01570	0.00944	0.01279	0.00794	0.00589	0.00718	0.00174	0.11951	0.00460	0.00268	0.00740
23	0.04943	0.01362	0.01422	0.01148	0.01543	0.07679	0.00928	0.29075	0.17959	0.25464	0.01729	0.01614	0.01202	0.00677	0.00545	0.00171	0.00557	0.00525	0.00566	0.00891

[dist]
# distance from previous block
# <min> <max>
0	2

[block]
# block no. 1 follows, 43 sequences, length 34
# corresponding to MSA columns:
# 78-111
name=unknown_B
#
# <colnr> <probs for GDERKNQSTAVLIFYWHMCP>
#	G	D	E	R	K	N	Q	S	T	A	V	L	I	F	Y	W	H	M	C	P
0	0.01371	0.01316	0.02248	0.03399	0.77081	0.01316	0.01700	0.01700	0.01261	0.01809	0.01042	0.01371	0.00877	0.00493	0.00548	0.00164	0.00658	0.00493	0.00274	0.00877
1	0.51399	0.01463	0.01084	0.00951	0.01287	0.19938	0.00756	0.06723	0.01264	0.07287	0.02821	0.01099	0.00817	0.00565	0.00417	0.00164	0.00578	0.00362	0.00372	0.00654
2	0.01508	0.77355	0.02847	0.00962	0.01435	0.02170	0.00952	0.04918	0.01191	0.01400	0.00795	0.00908	0.00721	0.00482	0.00364	0.00121	0.00593	0.00305	0.00251	0.00721
3	0.01371	0.01316	0.02248	0.03399	0.77081	0.01316	0.01700	0.01700	0.01261	0.01809	0.01042	0.01371	0.00877	0.00493	0.00548	0.00164	0.00658	0.00493	0.00274	0.00877
4	0.01360	0.01302	0.02203	0.05774	0.72722	0.01315	0.01673	0.01724	0.03241	0.01810	0.01072	0.01393	0.00894	0.00502	0.00549	0.00166	0.00655	0.00497	0.00281	0.00869
5	0.03426	0.04700	0.02045	0.31426	0.37339	0.01304	0.06454	0.01570	0.01187	0.01644	0.01060	0.03474	0.00882	0.00547	0.00548	0.00173	0.00689	0.00518	0.00271	0.00745
6	0.01269	0.04754	0.02121	0.22728	0.49458	0.01312	0.04734	0.01602	0.01217	0.01675	0.01148	0.01494	0.02992	0.00533	0.00549	0.00169	0.00677	0.00510	0.00272	0.00785
7	0.01357	0.01318	0.02299	0.05504	0.70016	0.01319	0.06603	0.01697	0.01260	0.01796	0.01045	0.01382	0.00871	0.00493	0.00555	0.00167	0.00679	0.00504	0.00274	0.00861
8	0.01207	0.06472	0.41871	0.01748	0.05626	0.01310	0.21002	0.01703	0.01198	0.03697	0.01150	0.04834	0.00925	0.02310	0.00639	0.00186	0.02542	0.00537	0.00275	0.00768
9	0.00933	0.00624	0.00829	0.00795	0.00948	0.00576	0.02422	0.02931	0.01391	0.08352	0.33368	0.26016	0.12992	0.01290	0.00663	0.00194	0.00335	0.04230	0.00563	0.00546
10	0.03835	0.01306	0.01777	0.01503	0.05125	0.08821	0.20180	0.03732	0.23785	0.10037	0.02880	0.07203	0.02984	0.00747	0.00593	0.00184	0.00629	0.03465	0.00450	0.00765
11	0.01164	0.15657	0.43157	0.01302	0.01895	0.01266	0.04745	0.01599	0.01186	0.05271	0.01650	0.09231	0.08143	0.00722	0.00534	0.00172	0.00670	0.00592	0.00312	0.00734
12	0.01238	0.20418	0.40293	0.01546	0.05432	0.01488	0.09909	0.01786	0.06195	0.01688	0.01125	0.01426	0.00899	0.00564	0.00515	0.00167	0.00734	0.03524	0.00275	0.00779
13	0.00807	0.00588	0.00651	0.00620	0.00811	0.00503	0.00470	0.00979	0.01354	0.06744	0.21667	0.04827	0.55418	0.01293	0.00648	0.00183	0.00289	0.01090	0.00548	0.00512
14	0.01966	0.01010	0.01215	0.00992	0.01340	0.03461	0.00801	0.10821	0.08440	0.43265	0.12272	0.04402	0.01971	0.00799	0.00575	0.00175	0.00465	0.02727	0.02469	0.00834
15	0.01245	0.01326	0.05549	0.30314	0.29047	0.02967	0.16062	0.01660	0.03280	0.01662	0.01064	0.01435	0.00831	0.00520	0.00569	0.00177	0.00750	0.00521	0.00272	0.00749
16	0.00709	0.00510	0.00680	0.00804	0.00857	0.00480	0.00572	0.00832	0.01101	0.01456	0.03118	0.65859	0.06000	0.01691	0.00714	0.00228	0.00350	0.13065	0.00513	0.00460
17	0.01124	0.02773	0.72689	0.01629	0.02430	0.01294	0.06931	0.01755	0.01179	0.01755	0.01002	0.01191	0.00711	0.00522	0.00535	0.00176	0.00826	0.00426	0.00237	0.00814
18	0.03653	0.01365	0.04003	0.02580	0.10118	0.12081	0.02535	0.12243	0.02681	0.35308	0.01662	0.04771	0.01203	0.00753	0.02334	0.00185	0.00627	0.00548	0.00510	0.00841
19	0.01304	0.28607	0.46762	0.01368	0.02041	0.03157	0.03635	0.01763	0.01180	0.04090	0.00960	0.01105	0.00731	0.00513	0.00474	0.00156	0.00739	0.00382	0.00252	0.00781
20	0.00723	0.00535	0.00751	0.00836	0.00897	0.00504	0.03000	0.00844	0.01084	0.01437	0.02979	0.65162	0.05116	0.05043	0.00800	0.00239	0.00369	0.08721	0.00498	0.00461
21	0.01328	0.16382	0.37042	0.01496	0.07901	0.06050	0.01509	0.06949	0.07070	0.01796	0.01268	0.01391	0.04186	0.00594	0.00540	0.00165	0.02794	0.00451	0.00301	0.00785
22	0.01340	0.06881	0.17615	0.03690	0.19200	0.05179	0.18610	0.01910	0.11673	0.03514	0.02416	0.03213	0.01063	0.00575	0.00561	0.00173	0.00721	0.00546	0.00325	0.00793
23	0.01234	0.01176	0.02001	0.35308	0.46241	0.01280	0.01632	0.01580	0.01196	0.01643	0.01018	0.01415	0.00819	0.00519	0.00551	0.00173	0.00692	0.00493	0.00262	0.00767
24	0.01224	0.01242	0.01981	0.01602	0.01727	0.01583	0.16928	0.01425	0.00959	0.01458	0.00857	0.01308	0.00781	0.00848	0.01508	0.00226	0.59364	0.00522	0.03824	0.00632
25	0.01599	0.07853	0.20022	0.04589	0.21106	0.06619	0.04096	0.09638	0.03840	0.13501	0.01242	0.01365	0.00914	0.00562	0.00531	0.00166	0.00687	0.00469	0.00363	0.00837
26	0.01365	0.09992	0.34594	0.03515	0.09039	0.04989	0.06533	0.03269	0.01255	0.09417	0.01282	0.05104	0.02425	0.00630	0.00591	0.00173	0.04221	0.00512	0.00316	0.00776
27	0.01121	0.05069	0.75554	0.01561	0.02369	0.01312	0.02015	0.01751	0.01168	0.01741	0.00988	0.01161	0.00702	0.00525	0.00521	0.00174	0.00812	0.00406	0.00234	0.00815
28	0.00729	0.00648	0.04436	0.00835	0.00945	0.00534	0.03039	0.00876	0.01116	0.01482	0.06507	0.57933	0.11393	0.04162	0.00759	0.00226	0.00370	0.03038	0.00491	0.00480
29	0.03129	0.05183	0.25066	0.05905	0.16415	0.03243	0.05440	0.11148	0.06003	0.07322	0.01368	0.02976	0.03124	0.00608	0.00542	0.00172	0.00677	0.00514	0.00355	0.00812
30	0.01461	0.03792	0.11526	0.03637	0.15391	0.07588	0.18536	0.04898	0.05405	0.10388	0.01499	0.07273	0.03144	0.00666	0.00602	0.00177	0.02264	0.00615	0.00367	0.00772
31	0.00913	0.02650	0.00852	0.00834	0.00931	0.04306	0.01747	0.01026	0.01118	0.04590	0.06942	0.38630	0.06564	0.13751	0.01077	0.03018	0.01812	0.08296	0.00464	0.00480
32	0.01394	0.05157	0.13601	0.04008	0.37678	0.09547	0.07481	0.01743	0.01273	0.03935	0.01135	0.03031	0.00929	0.00547	0.00533	0.00163	0.00701	0.00497	0.05860	0.00788
33	0.01371	0.03912	0.10217	0.01428	0.07228	0.06388	0.12539	0.06795	0.04383	0.11038	0.04345	0.13902	0.06489	0.00940	0.03110	0.00202	0.02145	0.00733	0.00416	0.02417

[dist]
# distance from previous block
# <min> <max>
1	55

[block]
# block no. 2 follows, 43 sequences, length 77
# corresponding to MSA columns:
# 171-184,205-222,227-271
name=unknown_C
#
# <colnr> <probs for GDERKNQSTAVLIFYWHMCP>
#	G	D	E	R	K	N	Q	S	T	A	V	L	I	F	Y	W	H	M	C	P
0	0.05111	0.07089	0.07010	0.01458	0.12101	0.11870	0.05848	0.06525	0.05924	0.05674	0.04937	0.08947	0.04146	0.00742	0.00541	0.00165	0.00601	0.02506	0.02810	0.05994
1	0.06141	0.01301	0.05813	0.01836	0.20140	0.01217	0.14723	0.14976	0.03461	0.03470	0.09688	0.04080	0.02839	0.00650	0.00564	0.00167	0.00606	0.00601	0.00395	0.07334
2	0.02824	0.01252	0.06506	0.03293	0.09188	0.01096	0.20082	0.03717	0.06872	0.09980	0.04361	0.02842	0.04967	0.00615	0.00584	0.00161	0.02392	0.00576	0.00386	0.18307
3	0.08188	0.01160	0.03749	0.02767	0.09704	0.02565	0.09502	0.05362	0.04122	0.08686	0.11158	0.01794	0.03158	0.00656	0.00634	0.00160	0.06996	0.00547	0.00399	0.18693
4	0.02687	0.01131	0.01862	0.48086	0.27173	0.01286	0.02818	0.05356	0.01235	0.01675	0.01019	0.01425	0.00793	0.00538	0.00550	0.00177	0.00704	0.00492	0.00273	0.00718
5	0.00892	0.00751	0.01006	0.01011	0.06872	0.00707	0.04884	0.02572	0.06920	0.01874	0.26840	0.07844	0.28670	0.01121	0.00636	0.00182	0.00372	0.03122	0.00511	0.03215
6	0.06278	0.01448	0.01538	0.01213	0.01628	0.01609	0.00992	0.57122	0.14813	0.05440	0.01481	0.01447	0.01062	0.00672	0.00545	0.00170	0.00567	0.00511	0.00549	0.00913
7	0.01310	0.01254	0.02138	0.17620	0.63337	0.01300	0.01669	0.01646	0.01232	0.01735	0.01031	0.01391	0.00851	0.00505	0.00549	0.00168	0.00673	0.00493	0.00269	0.00828
8	0.02485	0.00943	0.01285	0.00985	0.01414	0.00814	0.00814	0.02699	0.01585	0.77465	0.02185	0.01885	0.01371	0.00685	0.00557	0.00171	0.00471	0.00557	0.00685	0.00943
9	0.03762	0.01587	0.10337	0.02223	0.06601	0.01360	0.59416	0.01795	0.01290	0.04376	0.01130	0.01452	0.00840	0.00483	0.00623	0.00184	0.00878	0.00608	0.00291	0.00763
10	0.01278	0.01221	0.02081	0.25000	0.56204	0.01292	0.01654	0.01619	0.01217	0.01697	0.01025	0.01401	0.00838	0.00511	0.00550	0.00170	0.00681	0.00493	0.00266	0.00803
11	0.01063	0.01002	0.01692	0.75262	0.07626	0.01235	0.01546	0.01430	0.01115	0.01436	0.00987	0.01471	0.00746	0.00551	0.00553	0.00184	0.00734	0.00492	0.00248	0.00629
12	0.01065	0.01009	0.01741	0.72292	0.05221	0.01228	0.05348	0.01428	0.01114	0.01434	0.00992	0.01479	0.00750	0.00572	0.00587	0.01629	0.00742	0.00500	0.00248	0.00621
13	0.01420	0.31417	0.27497	0.01250	0.01783	0.13357	0.03269	0.01764	0.01265	0.04147	0.07082	0.01313	0.01100	0.00567	0.00474	0.00149	0.00708	0.00419	0.00290	0.00730
14	0.01350	0.01313	0.02153	0.12980	0.65525	0.03594	0.01660	0.01679	0.01251	0.01746	0.01029	0.01373	0.00855	0.00503	0.00548	0.00166	0.00678	0.00489	0.00271	0.00837
15	0.01354	0.01307	0.02257	0.06676	0.71344	0.01315	0.04199	0.01690	0.01256	0.01791	0.01042	0.01380	0.00870	0.00495	0.00552	0.00166	0.00671	0.00499	0.00273	0.00861
16	0.01884	0.01238	0.11616	0.04029	0.01685	0.00969	0.06446	0.08428	0.01560	0.41938	0.10020	0.04477	0.01678	0.00724	0.00575	0.00175	0.00546	0.00618	0.00554	0.00838
17	0.03628	0.03766	0.05660	0.05248	0.01808	0.03406	0.14657	0.04193	0.02598	0.34415	0.01843	0.07368	0.02891	0.00741	0.00612	0.00181	0.02597	0.03108	0.00492	0.00790
18	0.01335	0.01536	0.21889	0.03353	0.16037	0.01095	0.11233	0.05386	0.01314	0.12018	0.01621	0.16309	0.01460	0.00787	0.00592	0.00185	0.00645	0.02060	0.00383	0.00764
19	0.01518	0.09221	0.36611	0.01353	0.01934	0.07436	0.04940	0.06550	0.01368	0.15873	0.01410	0.05589	0.02470	0.00642	0.00534	0.00170	0.00703	0.00516	0.00365	0.00796
20	0.01241	0.01203	0.01973	0.31899	0.42485	0.03494	0.03432	0.01575	0.01206	0.01632	0.01091	0.04304	0.00922	0.00564	0.00557	0.00174	0.00693	0.00533	0.00273	0.00752
21	0.01123	0.04669	0.63687	0.03541	0.03371	0.01285	0.07554	0.01713	0.01196	0.01756	0.04311	0.01327	0.00913	0.00547	0.00538	0.00175	0.00793	0.00454	0.00255	0.00793
22	0.01024	0.00963	0.01622	0.66558	0.05375	0.01159	0.03940	0.01370	0.01124	0.01442	0.01336	0.05653	0.04853	0.00653	0.00570	0.00186	0.00698	0.00588	0.00275	0.00610
23	0.01313	0.09602	0.43093	0.01542	0.02171	0.08837	0.11975	0.06910	0.01331	0.01800	0.03037	0.03817	0.00953	0.00582	0.00537	0.00170	0.00786	0.00488	0.00287	0.00770
24	0.01303	0.01787	0.31268	0.01694	0.11068	0.01150	0.13431	0.05225	0.02456	0.09521	0.01617	0.07827	0.04974	0.00695	0.00576	0.00180	0.00685	0.01708	0.02059	0.00776
25	0.01123	0.07066	0.03682	0.57634	0.03173	0.01237	0.03351	0.03085	0.01163	0.03737	0.01211	0.07441	0.01031	0.00660	0.00557	0.00183	0.00688	0.02054	0.00291	0.00634
26	0.00667	0.00558	0.00582	0.00598	0.00770	0.00474	0.00449	0.00808	0.01246	0.01496	0.05284	0.11488	0.67654	0.01435	0.00664	0.00193	0.00294	0.04357	0.00514	0.00468
27	0.01805	0.01147	0.06805	0.03426	0.09455	0.00978	0.08812	0.04057	0.05428	0.38524	0.02101	0.07147	0.06243	0.00747	0.00581	0.00178	0.00550	0.00658	0.00525	0.00831
28	0.01345	0.02279	0.48828	0.01596	0.04176	0.05096	0.11176	0.01852	0.01263	0.11349	0.01322	0.03158	0.02854	0.00590	0.00553	0.00176	0.00769	0.00505	0.00314	0.00800
29	0.09807	0.01274	0.05667	0.01547	0.02040	0.01120	0.31602	0.02168	0.01389	0.35343	0.01552	0.01595	0.01046	0.00571	0.00575	0.00178	0.00675	0.00565	0.00463	0.00823
30	0.01260	0.11039	0.63570	0.01464	0.02214	0.01345	0.01830	0.01819	0.01198	0.07767	0.01065	0.01197	0.00756	0.00533	0.00510	0.00169	0.00767	0.00409	0.00270	0.00817
31	0.04306	0.03359	0.16177	0.01292	0.11275	0.00922	0.01050	0.02970	0.02691	0.14042	0.09770	0.09013	0.15868	0.00918	0.00586	0.00181	0.00501	0.03926	0.00453	0.00701
32	0.01200	0.13646	0.38891	0.01385	0.04087	0.01235	0.05997	0.01627	0.01213	0.06690	0.05258	0.10870	0.01435	0.00735	0.00548	0.00176	0.00666	0.03273	0.00331	0.00738
33	0.02011	0.02311	0.01580	0.01394	0.01696	0.63057	0.04259	0.02178	0.01524	0.09086	0.01035	0.01171	0.00821	0.00764	0.04561	0.00186	0.00968	0.00402	0.00326	0.00669
34	0.00896	0.00808	0.04278	0.01316	0.16420	0.00713	0.00827	0.03012	0.01284	0.01759	0.19937	0.33725	0.10391	0.01230	0.00645	0.00193	0.00400	0.01104	0.00477	0.00584
35	0.01576	0.01571	0.03685	0.02882	0.02872	0.22595	0.05454	0.12628	0.14815	0.05193	0.01547	0.09328	0.01359	0.06698	0.02267	0.00215	0.03571	0.00621	0.00414	0.00710
36	0.48857	0.01191	0.01125	0.00940	0.01287	0.01354	0.00771	0.23210	0.01462	0.06493	0.01088	0.04010	0.00858	0.00635	0.00504	0.00175	0.04478	0.00427	0.00423	0.00712
37	0.01707	0.03783	0.01400	0.01158	0.07298	0.01008	0.02048	0.14380	0.01535	0.25184	0.02844	0.03110	0.03644	0.04117	0.00615	0.00160	0.00494	0.00525	0.00482	0.24505
38	0.01073	0.01012	0.01710	0.72900	0.09909	0.01238	0.01552	0.01439	0.01120	0.01448	0.00989	0.01468	0.00750	0.00549	0.00553	0.00183	0.00732	0.00492	0.00248	0.00637
39	0.01593	0.01533	0.01554	0.04737	0.01625	0.22574	0.02916	0.04628	0.04321	0.10110	0.03214	0.01621	0.03072	0.00808	0.01036	0.00195	0.30804	0.02630	0.00355	0.00673
40	0.00855	0.04196	0.01105	0.01079	0.07020	0.00718	0.06691	0.01084	0.03413	0.01642	0.14479	0.34383	0.16781	0.01291	0.00654	0.00197	0.00401	0.02982	0.00480	0.00548
41	0.01111	0.02865	0.77667	0.01579	0.02397	0.01286	0.02046	0.01754	0.01169	0.01754	0.00994	0.01169	0.00702	0.00526	0.00526	0.00175	0.00818	0.00409	0.00234	0.00818
42	0.10340	0.03376	0.08559	0.01084	0.01429	0.06085	0.04759	0.10344	0.05275	0.12604	0.02150	0.07107	0.10259	0.03045	0.02561	0.00212	0.00577	0.09086	0.00455	0.00693
43	0.01241	0.01568	0.15211	0.08568	0.11008	0.03497	0.31862	0.05332	0.01312	0.01779	0.01411	0.08037	0.03136	0.00659	0.00609	0.00185	0.00772	0.02767	0.00315	0.00731
44	0.01568	0.01340	0.05958	0.02414	0.40507	0.01252	0.08689	0.06533	0.07806	0.14471	0.03037	0.01576	0.01116	0.00571	0.00563	0.00171	0.00632	0.00538	0.00390	0.00868
45	0.00679	0.00526	0.00599	0.00651	0.00754	0.00468	0.00449	0.00786	0.01130	0.01416	0.04151	0.35331	0.39047	0.10297	0.00915	0.00241	0.00325	0.01292	0.00494	0.00446
46	0.01600	0.01360	0.08999	0.03209	0.28419	0.04519	0.09616	0.03043	0.01397	0.21086	0.08035	0.01741	0.01370	0.00609	0.00564	0.00169	0.00628	0.00559	0.02257	0.00821
47	0.01473	0.12691	0.17627	0.04762	0.13391	0.05048	0.15067	0.09380	0.02611	0.06858	0.01171	0.01424	0.00906	0.00563	0.00555	0.00168	0.01772	0.01979	0.01765	0.00791
48	0.00848	0.00773	0.02481	0.03544	0.17516	0.00696	0.00801	0.01046	0.01232	0.01581	0.05948	0.16403	0.39626	0.01214	0.00639	0.00190	0.00402	0.04039	0.00451	0.00568
49	0.00715	0.00535	0.00748	0.00834	0.00891	0.00506	0.03071	0.00862	0.03018	0.01450	0.02966	0.75457	0.03515	0.01666	0.00701	0.00223	0.00345	0.01518	0.00507	0.00471
50	0.01601	0.01130	0.01633	0.05342	0.30340	0.03707	0.02811	0.04851	0.05842	0.20901	0.03909	0.03937	0.01384	0.04700	0.00675	0.00190	0.00573	0.02526	0.03144	0.00803
51	0.01491	0.01941	0.30935	0.02062	0.26109	0.03329	0.02800	0.13343	0.01471	0.08518	0.01187	0.02262	0.00891	0.00566	0.00544	0.00170	0.00705	0.00479	0.00341	0.00857
52	0.01136	0.04034	0.01888	0.48462	0.12382	0.03251	0.10229	0.01483	0.01165	0.01506	0.01205	0.01707	0.03074	0.00710	0.03223	0.00205	0.00759	0.02654	0.00272	0.00656
53	0.28971	0.04365	0.03811	0.02988	0.10993	0.22167	0.10137	0.01792	0.01205	0.01845	0.00878	0.01098	0.00713	0.00553	0.00564	0.00168	0.06379	0.00402	0.00295	0.00674
54	0.00675	0.00482	0.00643	0.00771	0.00803	0.00450	0.00514	0.00771	0.01060	0.01414	0.03053	0.80175	0.03663	0.01735	0.00707	0.00225	0.00321	0.01574	0.00514	0.00450
55	0.02972	0.03438	0.14336	0.03469	0.13750	0.01103	0.16626	0.01669	0.03698	0.08630	0.03774	0.04521	0.04123	0.00798	0.00611	0.00192	0.00653	0.14530	0.00384	0.00726
56	0.00727	0.00579	0.00641	0.00656	0.00809	0.00515	0.00488	0.02826	0.01278	0.01597	0.11235	0.17614	0.49309	0.03982	0.00737	0.00207	0.00316	0.05483	0.00518	0.00481
57	0.01059	0.00940	0.01451	0.04265	0.26770	0.01019	0.02873	0.01253	0.01052	0.01480	0.03715	0.04934	0.05234	0.19266	0.10936	0.00355	0.11805	0.00665	0.00316	0.00611
58	0.01333	0.10679	0.37273	0.01512	0.02112	0.10985	0.11558	0.03419	0.03246	0.01699	0.01000	0.01190	0.00765	0.00536	0.00566	0.00162	0.03951	0.00428	0.00271	0.07317
59	0.00684	0.00565	0.00602	0.00601	0.00777	0.00483	0.00456	0.00847	0.01307	0.01608	0.15835	0.05197	0.63230	0.01369	0.00659	0.00188	0.00288	0.04300	0.00528	0.00477
60	0.01341	0.01131	0.02729	0.01004	0.03279	0.04770	0.02149	0.05210	0.05187	0.07705	0.03236	0.03645	0.01108	0.00533	0.00466	0.00114	0.00473	0.00437	0.00386	0.55097
61	0.01986	0.01316	0.01484	0.01125	0.01576	0.01341	0.00925	0.45981	0.02108	0.17723	0.01428	0.01402	0.01002	0.00617	0.00525	0.00150	0.00542	0.00476	0.00534	0.17757
62	0.01481	0.80869	0.02902	0.00948	0.01421	0.02191	0.00948	0.01658	0.01125	0.01303	0.00770	0.00888	0.00711	0.00474	0.00355	0.00118	0.00592	0.00296	0.00237	0.00711
63	0.84448	0.01071	0.00814	0.00728	0.01071	0.01242	0.00600	0.01628	0.00943	0.02485	0.00771	0.00900	0.00600	0.00514	0.00343	0.00171	0.00428	0.00300	0.00343	0.00600
64	0.01640	0.14503	0.01831	0.01361	0.01565	0.36278	0.01106	0.01780	0.01217	0.01338	0.00792	0.01064	0.00718	0.00711	0.00992	0.00178	0.31628	0.00397	0.00261	0.00639
65	0.01032	0.00516	0.00516	0.00516	0.00645	0.00516	0.00387	0.01290	0.01161	0.02065	0.01807	0.02065	0.01420	0.00645	0.00387	0.00129	0.00258	0.00516	0.83611	0.00516
66	0.00745	0.00532	0.00723	0.00851	0.00914	0.00510	0.00636	0.00892	0.01129	0.01492	0.03014	0.56448	0.03510	0.01669	0.00726	0.00235	0.00382	0.24611	0.00513	0.00469
67	0.00792	0.00591	0.00880	0.00880	0.00975	0.00687	0.00679	0.00982	0.00887	0.01278	0.01493	0.02229	0.01408	0.06965	0.75562	0.00877	0.01449	0.00601	0.00298	0.00489
68	0.02804	0.01635	0.01449	0.18351	0.04926	0.32201	0.01089	0.06425	0.01396	0.04082	0.02780	0.01418	0.00968	0.00826	0.05205	0.00205	0.04905	0.00457	0.08229	0.00648
69	0.02466	0.00973	0.01304	0.01000	0.01429	0.00860	0.00826	0.06366	0.01637	0.73725	0.02142	0.01857	0.01349	0.00684	0.00557	0.00171	0.00478	0.00554	0.00679	0.00942
70	0.00778	0.00585	0.00666	0.00639	0.00813	0.00515	0.00481	0.00989	0.02655	0.04370	0.31957	0.05818	0.45197	0.01271	0.00650	0.00182	0.00283	0.01082	0.00557	0.00511
71	0.01563	0.07816	0.19719	0.09898	0.04018	0.07456	0.06004	0.10870	0.01473	0.14818	0.05682	0.01555	0.01166	0.00610	0.00531	0.00165	0.00663	0.00500	0.04719	0.00774
72	0.01336	0.31317	0.02083	0.01203	0.01397	0.01795	0.01054	0.01476	0.00976	0.03905	0.00844	0.01234	0.00808	0.04795	0.01272	0.00208	0.42960	0.00432	0.00260	0.00643
73	0.01302	0.01445	0.03080	0.02219	0.02749	0.01363	0.68776	0.04229	0.01339	0.01814	0.01225	0.05466	0.00986	0.00538	0.00653	0.00188	0.00892	0.00695	0.00301	0.00739
74	0.00696	0.00499	0.00655	0.00769	0.00812	0.00468	0.00525	0.00803	0.01080	0.01435	0.04990	0.67547	0.05961	0.05680	0.00814	0.00240	0.00340	0.05730	0.00507	0.00450
75	0.04313	0.04145	0.07237	0.04101	0.25850	0.09610	0.04567	0.05653	0.06395	0.08907	0.05601	0.01865	0.03167	0.00727	0.02154	0.00185	0.00656	0.03713	0.00381	0.00775
76	0.05407	0.06950	0.11700	0.09289	0.05844	0.07467	0.07346	0.03749	0.08371	0.01710	0.02863	0.11969	0.04457	0.04301	0.00697	0.00199	0.02686	0.03969	0.00362	0.00664

[dist]
# distance from previous block
# <min> <max>
1	7

[block]
# block no. 3 follows, 43 sequences, length 28
# corresponding to MSA columns:
# 279-306
name=unknown_D
#
# <colnr> <probs for GDERKNQSTAVLIFYWHMCP>
#	G	D	E	R	K	N	Q	S	T	A	V	L	I	F	Y	W	H	M	C	P
0	0.01014	0.06236	0.04237	0.00944	0.01129	0.00853	0.02463	0.04892	0.02674	0.04171	0.06895	0.26468	0.03911	0.01655	0.12258	0.04341	0.05080	0.04818	0.02859	0.03100
1	0.15434	0.12296	0.01575	0.01238	0.06217	0.09797	0.00944	0.15275	0.27494	0.02280	0.01413	0.01421	0.01085	0.00623	0.00489	0.00165	0.00562	0.00467	0.00432	0.00794
2	0.00903	0.00707	0.00836	0.00836	0.00979	0.02530	0.00638	0.01316	0.12646	0.01886	0.30342	0.15740	0.07069	0.03763	0.04792	0.00243	0.00425	0.11595	0.02199	0.00556
3	0.03552	0.05941	0.10531	0.04676	0.15657	0.06447	0.08385	0.07872	0.05145	0.15759	0.01397	0.05569	0.01099	0.00642	0.00584	0.00171	0.03020	0.00546	0.00395	0.02613
4	0.03368	0.16818	0.22815	0.03325	0.06375	0.02641	0.08748	0.15342	0.04888	0.03085	0.01234	0.01600	0.01002	0.00619	0.00528	0.00169	0.00687	0.05624	0.00345	0.00787
5	0.00679	0.00488	0.00644	0.00762	0.00803	0.00453	0.00512	0.00783	0.01087	0.01449	0.06159	0.74811	0.05917	0.01700	0.00703	0.00222	0.00318	0.01539	0.00518	0.00453
6	0.01046	0.00984	0.01661	0.79205	0.03814	0.01230	0.01538	0.01415	0.01107	0.01415	0.00984	0.01477	0.00738	0.00554	0.00554	0.00185	0.00738	0.00492	0.00246	0.00615
7	0.02671	0.02571	0.04398	0.08831	0.28606	0.08313	0.13174	0.08474	0.06248	0.03948	0.01209	0.03798	0.00984	0.00596	0.00610	0.00174	0.03728	0.00542	0.00334	0.00789
8	0.01152	0.01223	0.06895	0.12423	0.13742	0.01131	0.24811	0.03505	0.04027	0.01735	0.01599	0.14597	0.01511	0.00795	0.00621	0.00192	0.00683	0.06384	0.02284	0.00692
9	0.01439	0.01071	0.01174	0.01041	0.01342	0.01191	0.00813	0.02661	0.56813	0.11224	0.08890	0.02230	0.01955	0.00772	0.00562	0.00182	0.00417	0.00646	0.04742	0.00835
10	0.05210	0.01083	0.01353	0.01041	0.01470	0.01031	0.00860	0.18893	0.01791	0.58342	0.01945	0.01727	0.01248	0.00675	0.00549	0.00170	0.00501	0.00535	0.00644	0.00931
11	0.01535	0.26729	0.15252	0.01475	0.07914	0.17045	0.07026	0.09357	0.01407	0.01705	0.01180	0.01318	0.04637	0.00570	0.00489	0.00151	0.00731	0.00437	0.00299	0.00743
12	0.00877	0.00716	0.01034	0.00981	0.01057	0.00881	0.00773	0.01054	0.00917	0.01339	0.05658	0.02157	0.01499	0.06794	0.54794	0.00700	0.17348	0.00604	0.00305	0.00512
13	0.00790	0.00586	0.00761	0.00858	0.00980	0.00557	0.00700	0.00984	0.01226	0.01567	0.03590	0.21810	0.20686	0.01544	0.00726	0.00233	0.00416	0.40986	0.00512	0.00487
14	0.01120	0.01135	0.05090	0.43940	0.15866	0.01211	0.07203	0.03061	0.01187	0.01595	0.03706	0.07024	0.01129	0.00656	0.00622	0.00185	0.03714	0.00594	0.00291	0.00672
15	0.03612	0.12486	0.21371	0.01399	0.03740	0.06889	0.07404	0.21084	0.02648	0.10984	0.01218	0.01298	0.00883	0.00576	0.00517	0.00163	0.00688	0.00456	0.01760	0.00825
16	0.01646	0.01934	0.01632	0.01440	0.01585	0.40480	0.01140	0.01778	0.01213	0.01344	0.00792	0.01104	0.00720	0.00768	0.01150	0.00192	0.39773	0.00420	0.00264	0.00624
17	0.01278	0.01152	0.07898	0.07883	0.21286	0.01022	0.02769	0.06448	0.04678	0.08901	0.09143	0.02548	0.09836	0.02690	0.00635	0.00185	0.00546	0.05853	0.02084	0.03164
18	0.03517	0.50834	0.12982	0.01114	0.01613	0.07993	0.01117	0.12024	0.01369	0.01704	0.00886	0.00998	0.00739	0.00516	0.00418	0.00136	0.00654	0.00345	0.00287	0.00750
19	0.01448	0.41984	0.24370	0.01231	0.01790	0.05244	0.03508	0.08537	0.04172	0.01691	0.00958	0.01079	0.00771	0.00521	0.00447	0.00145	0.00682	0.00374	0.00281	0.00768
20	0.00790	0.00537	0.00637	0.00648	0.00665	0.00540	0.00390	0.00827	0.00871	0.01175	0.05118	0.11304	0.02271	0.63026	0.08501	0.00518	0.00578	0.00875	0.00363	0.00368
21	0.00733	0.00653	0.04537	0.00804	0.00912	0.00551	0.00617	0.00879	0.01120	0.01477	0.05771	0.49984	0.16381	0.04259	0.00796	0.00227	0.02676	0.06656	0.00489	0.00479
22	0.01188	0.00914	0.01066	0.00787	0.01217	0.00710	0.00622	0.01423	0.01157	0.05590	0.01163	0.01388	0.00962	0.03930	0.00520	0.00111	0.00403	0.00380	0.09033	0.67434
23	0.00803	0.00545	0.00646	0.00646	0.00660	0.00559	0.00387	0.00832	0.00818	0.01105	0.01707	0.03414	0.01922	0.69462	0.13768	0.00588	0.00674	0.00775	0.00330	0.00359
24	0.00768	0.00567	0.00715	0.00800	0.00895	0.00538	0.00596	0.03158	0.01190	0.01541	0.03429	0.44472	0.17450	0.03539	0.00758	0.00230	0.00371	0.17993	0.00510	0.00479
25	0.01534	0.04745	0.03097	0.01108	0.01463	0.01363	0.00908	0.23404	0.34668	0.05030	0.05596	0.01917	0.03028	0.00939	0.05403	0.00217	0.00556	0.00584	0.00519	0.03920
26	0.01702	0.04041	0.07183	0.03328	0.04813	0.41730	0.01168	0.05822	0.05937	0.01572	0.01037	0.03825	0.00893	0.00683	0.00734	0.00170	0.13914	0.00454	0.00311	0.00683
27	0.01280	0.09794	0.06488	0.01030	0.01504	0.03451	0.04836	0.07079	0.05300	0.01884	0.02877	0.03581	0.01040	0.00525	0.00461	0.00118	0.00513	0.00429	0.00350	0.47460

[dist]
# distance from previous block
# <min> <max>
1	12

[block]
# block no. 4 follows, 43 sequences, length 11
# corresponding to MSA columns:
# 321-329,331,332
name=unknown_E
#
# <colnr> <probs for GDERKNQSTAVLIFYWHMCP>
#	G	D	E	R	K	N	Q	S	T	A	V	L	I	F	Y	W	H	M	C	P
0	0.00802	0.00551	0.00674	0.00674	0.00698	0.00575	0.00423	0.00850	0.00826	0.01126	0.01681	0.03269	0.01859	0.61827	0.21318	0.00623	0.00769	0.00753	0.00326	0.00375
1	0.03831	0.11355	0.39750	0.03544	0.06364	0.03298	0.01510	0.03314	0.06693	0.03130	0.01286	0.05944	0.01084	0.00761	0.02937	0.00196	0.00715	0.03221	0.00309	0.00759
2	0.01531	0.10814	0.06153	0.02366	0.40542	0.04538	0.03783	0.11780	0.07086	0.04398	0.01169	0.01356	0.00926	0.00544	0.00528	0.00162	0.00652	0.00478	0.00341	0.00852
3	0.00791	0.00593	0.00890	0.00890	0.00989	0.00692	0.00692	0.00989	0.00890	0.01286	0.01483	0.02176	0.01385	0.04154	0.78341	0.00890	0.01483	0.00593	0.00297	0.00494
4	0.01032	0.00516	0.00516	0.00516	0.00645	0.00516	0.00387	0.01290	0.01161	0.02065	0.01807	0.02065	0.01420	0.00645	0.00387	0.00129	0.00258	0.00516	0.83611	0.00516
5	0.01551	0.27939	0.11313	0.03467	0.05120	0.15614	0.05570	0.09984	0.04054	0.01730	0.01002	0.01167	0.00813	0.00564	0.00544	0.00153	0.04970	0.00409	0.03300	0.00737
6	0.01397	0.37109	0.12976	0.05300	0.08078	0.10753	0.07490	0.01681	0.01211	0.01476	0.01048	0.04934	0.00951	0.00589	0.00477	0.00151	0.00699	0.02698	0.00271	0.00711
7	0.00724	0.00557	0.00661	0.00649	0.00794	0.00495	0.00481	0.00923	0.01405	0.01866	0.42435	0.10904	0.33526	0.01289	0.00658	0.00183	0.00274	0.01115	0.00564	0.00495
8	0.01570	0.03316	0.22778	0.06515	0.03911	0.01100	0.04004	0.03613	0.05845	0.26053	0.08270	0.01871	0.03569	0.00691	0.00617	0.00177	0.04284	0.00563	0.00451	0.00801
9	0.01511	0.06188	0.07954	0.04615	0.15487	0.22493	0.03515	0.06449	0.09866	0.01722	0.01205	0.04255	0.01020	0.00839	0.04939	0.00209	0.06168	0.00503	0.00329	0.00733
10	0.01430	0.05182	0.01408	0.01233	0.04966	0.01438	0.00930	0.07588	0.64037	0.02320	0.02063	0.01927	0.01555	0.00720	0.00552	0.00182	0.00467	0.00595	0.00533	0.00873

[dist]
# distance from previous block
# <min> <max>
0	1

[block]
# block no. 5 follows, 43 sequences, length 38
# corresponding to MSA columns:
# 334-341,352-359,363-384
name=unknown_F
#
# <colnr> <probs for GDERKNQSTAVLIFYWHMCP>
#	G	D	E	R	K	N	Q	S	T	A	V	L	I	F	Y	W	H	M	C	P
0	0.04918	0.01210	0.01501	0.01475	0.15196	0.03399	0.01006	0.15917	0.09456	0.27497	0.01583	0.01552	0.01118	0.00609	0.00528	0.00159	0.00534	0.00498	0.00504	0.11341
1	0.01893	0.03846	0.01258	0.01052	0.04427	0.02739	0.00809	0.04860	0.07492	0.43382	0.07510	0.07003	0.04556	0.00817	0.00568	0.00175	0.00461	0.02799	0.03540	0.00814
2	0.00962	0.00481	0.00722	0.00722	0.00722	0.00481	0.00481	0.00722	0.00722	0.00962	0.00962	0.01684	0.00962	0.01924	0.02165	0.83886	0.00481	0.00481	0.00241	0.00241
3	0.81210	0.01066	0.00833	0.00738	0.01085	0.01225	0.00608	0.01670	0.00968	0.05447	0.00827	0.00939	0.00630	0.00521	0.00351	0.00171	0.00430	0.00310	0.00356	0.00613
4	0.77303	0.01113	0.00888	0.00776	0.01127	0.01284	0.00639	0.08016	0.01087	0.02572	0.00820	0.00937	0.00629	0.00527	0.00361	0.00171	0.00444	0.00317	0.00361	0.00629
5	0.01387	0.01480	0.06803	0.02059	0.02546	0.01383	0.54832	0.01794	0.01262	0.08306	0.01154	0.01473	0.00864	0.00557	0.00795	0.00192	0.11447	0.00610	0.00308	0.00749
6	0.00708	0.00549	0.00688	0.00751	0.00828	0.00529	0.00530	0.00829	0.01136	0.01489	0.09001	0.51442	0.21907	0.01565	0.00752	0.00213	0.04738	0.01370	0.00506	0.00468
7	0.01111	0.02865	0.77667	0.01579	0.02397	0.01286	0.02046	0.01754	0.01169	0.01754	0.00994	0.01169	0.00702	0.00526	0.00526	0.00175	0.00818	0.00409	0.00234	0.00818
8	0.00686	0.00510	0.00641	0.00730	0.00805	0.00465	0.00508	0.00808	0.01146	0.01494	0.08499	0.56239	0.19597	0.01616	0.00694	0.00214	0.00315	0.04051	0.00520	0.00461
9	0.01174	0.01172	0.02167	0.38453	0.20776	0.01262	0.20269	0.01547	0.01193	0.01600	0.01118	0.04712	0.00918	0.00566	0.00584	0.00182	0.00752	0.00578	0.00272	0.00704
10	0.02293	0.00900	0.01224	0.00953	0.01348	0.00781	0.00781	0.02512	0.01583	0.68962	0.10615	0.02140	0.01807	0.00736	0.00568	0.00172	0.00448	0.00607	0.00677	0.00895
11	0.00671	0.00495	0.00629	0.00736	0.00794	0.00453	0.00498	0.00775	0.01094	0.01428	0.03482	0.67618	0.15942	0.01679	0.00698	0.00219	0.00314	0.01506	0.00514	0.00453
12	0.02045	0.01458	0.01581	0.01233	0.01659	0.01603	0.01012	0.60446	0.11675	0.09243	0.01513	0.01466	0.01069	0.00677	0.00555	0.00169	0.00577	0.00519	0.00566	0.00934
13	0.01523	0.03812	0.11876	0.01484	0.01815	0.13618	0.10575	0.16415	0.01437	0.01915	0.01006	0.01264	0.00811	0.00695	0.00933	0.00187	0.25165	0.00475	0.04270	0.00723
14	0.01013	0.00762	0.03556	0.03598	0.01077	0.00677	0.00645	0.05406	0.03694	0.07972	0.38301	0.03708	0.20878	0.01055	0.00615	0.00175	0.00344	0.00901	0.05030	0.00590
15	0.00700	0.00504	0.00674	0.00776	0.00823	0.00486	0.00533	0.00813	0.01058	0.01419	0.05119	0.63320	0.05141	0.04850	0.09074	0.00306	0.00455	0.03009	0.00487	0.00454
16	0.03953	0.01545	0.02278	0.08653	0.39527	0.14217	0.18298	0.01778	0.01302	0.01715	0.01016	0.01331	0.00822	0.00506	0.00558	0.00168	0.00777	0.00501	0.00277	0.00779
17	0.01078	0.00827	0.01152	0.04752	0.05813	0.00873	0.07243	0.04062	0.09801	0.01920	0.07514	0.13255	0.04697	0.00891	0.00617	0.00176	0.04682	0.03047	0.26987	0.00613
18	0.01187	0.00974	0.01193	0.04073	0.06331	0.00802	0.00747	0.02649	0.02450	0.02988	0.01111	0.01292	0.00903	0.00458	0.00430	0.00100	0.00430	0.00375	0.08222	0.63285
19	0.00674	0.00559	0.00585	0.00582	0.00754	0.00475	0.00432	0.00824	0.01281	0.01567	0.13706	0.06616	0.65081	0.03529	0.00714	0.00196	0.00286	0.01148	0.00520	0.00470
20	0.01135	0.05650	0.55975	0.01555	0.06715	0.01292	0.01747	0.01758	0.06987	0.01749	0.01390	0.01525	0.05980	0.00615	0.00579	0.00177	0.03617	0.00481	0.00281	0.00790
21	0.00751	0.00565	0.00695	0.00662	0.00807	0.00509	0.00497	0.00982	0.01490	0.02037	0.58741	0.04439	0.23389	0.01201	0.00654	0.00177	0.00266	0.01044	0.00585	0.00509
22	0.00699	0.00555	0.00637	0.00653	0.00796	0.00498	0.00483	0.00855	0.01239	0.01571	0.15359	0.15656	0.45486	0.03688	0.06690	0.00256	0.00390	0.03509	0.00507	0.00473
23	0.01307	0.01494	0.03268	0.02334	0.02894	0.01401	0.75070	0.01774	0.01307	0.01774	0.01120	0.01494	0.00840	0.00467	0.00654	0.00187	0.00934	0.00654	0.00280	0.00747
24	0.07252	0.00977	0.01261	0.00988	0.01396	0.00894	0.00817	0.07788	0.01608	0.63593	0.03201	0.01989	0.01423	0.00713	0.00553	0.00174	0.00477	0.03350	0.00648	0.00899
25	0.04579	0.28404	0.15358	0.01152	0.01618	0.10718	0.01116	0.10368	0.10901	0.04604	0.03249	0.01396	0.03108	0.00604	0.00475	0.00153	0.00635	0.00441	0.00358	0.00762
26	0.56310	0.01187	0.01044	0.00881	0.01244	0.03526	0.00721	0.16239	0.01352	0.09712	0.01065	0.02746	0.00808	0.00587	0.00417	0.00171	0.00483	0.00392	0.00419	0.00698
27	0.01343	0.01025	0.01224	0.05387	0.01485	0.00891	0.00764	0.09761	0.04075	0.08181	0.04390	0.02779	0.01140	0.00535	0.00467	0.00115	0.00449	0.00436	0.00401	0.55152
28	0.01278	0.03773	0.05279	0.00907	0.01312	0.03608	0.00764	0.06640	0.04076	0.07790	0.06698	0.06679	0.06756	0.00682	0.00496	0.00131	0.00451	0.00559	0.02051	0.40071
29	0.00941	0.00666	0.00792	0.00756	0.00949	0.00627	0.00579	0.01252	0.08349	0.08014	0.16321	0.12303	0.30280	0.01481	0.07406	0.00248	0.00433	0.04496	0.00524	0.03581
30	0.00949	0.00888	0.03094	0.01107	0.10224	0.03957	0.00754	0.01351	0.11879	0.01794	0.18171	0.10052	0.29295	0.01119	0.00626	0.00185	0.00399	0.03061	0.00494	0.00603
31	0.00884	0.00831	0.05121	0.00920	0.01145	0.00711	0.07609	0.03314	0.01334	0.02913	0.21149	0.09832	0.29614	0.03992	0.00772	0.00204	0.03276	0.05342	0.00487	0.00549
32	0.79973	0.01094	0.00946	0.00815	0.01169	0.01251	0.04609	0.01636	0.00962	0.02447	0.00790	0.00932	0.00613	0.00512	0.00359	0.00172	0.00456	0.00319	0.00339	0.00608
33	0.05767	0.05646	0.56488	0.01419	0.02118	0.01317	0.01712	0.07752	0.03378	0.06019	0.02691	0.01282	0.00874	0.00562	0.00517	0.00172	0.00730	0.00432	0.00307	0.00814
34	0.07012	0.09094	0.47920	0.03840	0.04113	0.06096	0.04700	0.05701	0.01257	0.01828	0.00975	0.01152	0.00724	0.00526	0.00502	0.00166	0.00760	0.00406	0.00268	0.02959
35	0.00900	0.00900	0.10229	0.00897	0.01062	0.00771	0.00758	0.03673	0.00965	0.01379	0.01495	0.02468	0.01475	0.28384	0.36803	0.00620	0.03055	0.00632	0.03033	0.00502
36	0.01332	0.12441	0.15538	0.03966	0.08609	0.04117	0.02403	0.13584	0.06581	0.01871	0.01391	0.07394	0.01275	0.10413	0.00853	0.00216	0.03206	0.02553	0.00358	0.01900
37	0.21209	0.14574	0.02941	0.05307	0.13847	0.05023	0.01003	0.07047	0.05301	0.05253	0.04177	0.01311	0.01007	0.00566	0.00485	0.00155	0.02171	0.00423	0.00354	0.07843

[dist]
# distance from previous block
# <min> <max>
0	3

[block]
# block no. 6 follows, 43 sequences, length 22
# corresponding to MSA columns:
# 393-414
name=unknown_G
#
# <colnr> <probs for GDERKNQSTAVLIFYWHMCP>
#	G	D	E	R	K	N	Q	S	T	A	V	L	I	F	Y	W	H	M	C	P
0	0.01431	0.04655	0.04008	0.11758	0.15817	0.08029	0.06265	0.08997	0.03514	0.05013	0.01119	0.01384	0.00896	0.02922	0.00628	0.00162	0.03527	0.00461	0.00335	0.19076
1	0.01322	0.01217	0.03565	0.01558	0.18584	0.02711	0.03238	0.06046	0.07472	0.03160	0.01136	0.01307	0.00914	0.00503	0.00522	0.00128	0.03001	0.00422	0.00347	0.42849
2	0.00739	0.00539	0.00648	0.00696	0.00813	0.00480	0.00499	0.00877	0.01213	0.03823	0.11672	0.39071	0.31850	0.01507	0.00678	0.00204	0.00309	0.03371	0.00529	0.00481
3	0.00955	0.00805	0.00942	0.09258	0.01330	0.00854	0.00725	0.01593	0.25353	0.01833	0.11851	0.10458	0.27022	0.01105	0.00623	0.00191	0.00390	0.03579	0.00512	0.00621
4	0.00682	0.00496	0.00643	0.00746	0.00800	0.00457	0.00506	0.00796	0.01121	0.01488	0.09399	0.67018	0.10496	0.01655	0.00698	0.00217	0.00313	0.01490	0.00522	0.00457
5	0.01422	0.01092	0.01201	0.01017	0.01324	0.01178	0.00805	0.23225	0.27916	0.04565	0.20017	0.02528	0.07140	0.00848	0.00583	0.00175	0.00435	0.00703	0.00565	0.03260
6	0.00794	0.00583	0.00837	0.00837	0.00917	0.00663	0.00626	0.00955	0.00874	0.01246	0.01532	0.02445	0.01502	0.18375	0.64280	0.00824	0.01307	0.00633	0.00304	0.00465
7	0.01104	0.01034	0.01448	0.01311	0.01342	0.01378	0.01093	0.01255	0.00951	0.01405	0.01338	0.06367	0.01420	0.01218	0.03689	0.00262	0.56425	0.16069	0.00315	0.00574
8	0.01086	0.01045	0.01808	0.67261	0.06926	0.01264	0.07006	0.01451	0.01120	0.01456	0.00988	0.01463	0.00752	0.00560	0.00607	0.00186	0.03631	0.00504	0.00250	0.00636
9	0.01121	0.01078	0.01529	0.03476	0.01423	0.01477	0.01114	0.01264	0.00864	0.01325	0.00890	0.01417	0.00863	0.01613	0.17533	0.00374	0.61293	0.00507	0.00254	0.00583
10	0.01429	0.00863	0.03440	0.01084	0.01362	0.00754	0.08773	0.01667	0.01343	0.27128	0.05784	0.15929	0.04578	0.03591	0.00723	0.00216	0.00504	0.19623	0.00536	0.00674
11	0.00794	0.00582	0.00835	0.00838	0.00938	0.00658	0.00643	0.00980	0.00925	0.01332	0.01775	0.04657	0.05473	0.06851	0.64916	0.00780	0.01285	0.00657	0.04595	0.00486
12	0.44387	0.01270	0.03490	0.08600	0.09707	0.05223	0.04300	0.07847	0.01233	0.07864	0.00998	0.01153	0.00748	0.00542	0.00445	0.00171	0.00564	0.00396	0.00360	0.00700
13	0.00750	0.00539	0.00697	0.00798	0.00852	0.00517	0.00543	0.04713	0.01142	0.01524	0.02961	0.76001	0.03519	0.01678	0.00699	0.00222	0.00337	0.01517	0.00516	0.00476
14	0.84448	0.01071	0.00814	0.00728	0.01071	0.01242	0.00600	0.01628	0.00943	0.02485	0.00771	0.00900	0.00600	0.00514	0.00343	0.00171	0.00428	0.00300	0.00343	0.00600
15	0.01336	0.02632	0.63427	0.01501	0.02236	0.06966	0.01835	0.01894	0.01246	0.10226	0.01117	0.01237	0.00778	0.00547	0.00528	0.00173	0.00793	0.00422	0.00288	0.00819
16	0.01212	0.01212	0.01696	0.01454	0.01454	0.01696	0.01212	0.01333	0.00848	0.01333	0.00727	0.01212	0.00727	0.00969	0.01818	0.00242	0.79523	0.00485	0.00242	0.00606
17	0.00791	0.00593	0.00890	0.00890	0.00989	0.00692	0.00692	0.00989	0.00890	0.01286	0.01483	0.02176	0.01385	0.04154	0.78341	0.00890	0.01483	0.00593	0.00297	0.00494
18	0.02072	0.02556	0.01577	0.01415	0.01713	0.72455	0.01069	0.07796	0.01649	0.01519	0.00892	0.01024	0.00731	0.00578	0.00504	0.00144	0.00969	0.00368	0.00306	0.00665
19	0.02096	0.01520	0.01637	0.01260	0.01699	0.01677	0.01040	0.70682	0.04750	0.05911	0.01385	0.01370	0.00978	0.00668	0.00554	0.00167	0.00600	0.00504	0.00559	0.00940
20	0.00876	0.00665	0.00820	0.00775	0.00929	0.00662	0.00582	0.01346	0.14135	0.02177	0.58693	0.09445	0.04511	0.01113	0.00642	0.00180	0.00296	0.00981	0.00595	0.00577
21	0.03523	0.01361	0.16341	0.11253	0.10697	0.01100	0.06035	0.05296	0.10988	0.01932	0.12476	0.03843	0.08602	0.00783	0.00583	0.00182	0.00578	0.03319	0.00399	0.00710

[dist]
# distance from previous block
# <min> <max>
0	31

# created by:
