[name]
unknown

[dist]
# distance from previous block
# <min> <max>
0	62

[block]
# block no. 0 follows, 46 sequences, length 8
# corresponding to MSA columns:
# 66-73
name=unknown_A
#
# <colnr> <probs for GDERKNQSTAVLIFYWHMCP>
#	G	D	E	R	K	N	Q	S	T	A	V	L	I	F	Y	W	H	M	C	P
0	0.22847	0.02537	0.01216	0.01042	0.03417	0.04917	0.11232	0.02831	0.01145	0.04014	0.11023	0.04970	0.04179	0.12179	0.00824	0.00220	0.00512	0.07388	0.00381	0.03128
1	0.09035	0.01344	0.03929	0.01243	0.05401	0.12327	0.05884	0.21040	0.01591	0.19074	0.01532	0.12510	0.01277	0.00732	0.00530	0.00166	0.00582	0.00603	0.00456	0.00744
2	0.20031	0.22682	0.09852	0.00983	0.01392	0.04019	0.00916	0.15661	0.01338	0.06862	0.01115	0.06369	0.00942	0.00687	0.02511	0.00168	0.00563	0.00438	0.00355	0.03115
3	0.43814	0.12344	0.06011	0.00775	0.01113	0.01132	0.00694	0.01428	0.01083	0.02071	0.17835	0.01574	0.01585	0.00610	0.00410	0.00152	0.00418	0.00442	0.00362	0.06146
4	0.19910	0.52531	0.02094	0.00841	0.01268	0.01697	0.00792	0.01541	0.01039	0.01561	0.00764	0.00885	0.00670	0.00452	0.00344	0.00119	0.00506	0.00288	0.00261	0.12437
5	0.01240	0.00557	0.00808	0.00744	0.00835	0.00530	0.00530	0.01107	0.00871	0.18093	0.01177	0.01650	0.01005	0.01575	0.01726	0.65920	0.00457	0.00475	0.00324	0.00378
6	0.01176	0.00976	0.10928	0.00840	0.01146	0.00740	0.00750	0.01566	0.11005	0.18668	0.10365	0.05218	0.28612	0.04800	0.00677	0.00190	0.00405	0.00804	0.00499	0.00639
7	0.00890	0.00493	0.00528	0.00545	0.00628	0.00488	0.00376	0.01060	0.01020	0.01674	0.01878	0.13399	0.01781	0.18653	0.00926	0.00222	0.00314	0.00696	0.53983	0.00446

[dist]
# distance from previous block
# <min> <max>
1	4

[block]
# block no. 1 follows, 46 sequences, length 19
# corresponding to MSA columns:
# 78-96
name=unknown_B
#
# <colnr> <probs for GDERKNQSTAVLIFYWHMCP>
#	G	D	E	R	K	N	Q	S	T	A	V	L	I	F	Y	W	H	M	C	P
0	0.01200	0.00700	0.00722	0.00644	0.00830	0.00733	0.00503	0.16973	0.01397	0.02256	0.01629	0.01824	0.01259	0.00620	0.00403	0.00131	0.00317	0.00489	0.66792	0.00578
1	0.38024	0.01055	0.01203	0.27256	0.05147	0.03899	0.00967	0.03156	0.02862	0.10423	0.01011	0.01202	0.00744	0.00531	0.00439	0.00167	0.00544	0.00395	0.00337	0.00639
2	0.01732	0.02116	0.01534	0.01370	0.01561	0.56270	0.01062	0.01862	0.01294	0.01287	0.00781	0.01014	0.00685	0.00658	0.00850	0.00164	0.24522	0.00377	0.00260	0.00603
3	0.01061	0.00601	0.00776	0.00720	0.00895	0.00539	0.00547	0.01240	0.01341	0.17830	0.33747	0.15239	0.16048	0.01159	0.00669	0.03358	0.00317	0.02806	0.00552	0.00553
4	0.01982	0.02302	0.01517	0.01331	0.01635	0.63027	0.01018	0.17668	0.01705	0.01721	0.00912	0.01020	0.00727	0.00564	0.00488	0.00141	0.00875	0.00369	0.00326	0.00673
5	0.00769	0.00513	0.00577	0.00577	0.00577	0.00513	0.00320	0.00769	0.00769	0.01025	0.01666	0.03460	0.01922	0.81421	0.02691	0.00513	0.00513	0.00769	0.00320	0.00320
6	0.22655	0.00947	0.01127	0.00889	0.01278	0.00903	0.00734	0.04502	0.01391	0.57613	0.01731	0.01553	0.01116	0.00614	0.00481	0.00163	0.00444	0.00470	0.00570	0.00819
7	0.01064	0.01040	0.01903	0.56700	0.07346	0.01186	0.17097	0.01412	0.01091	0.01426	0.00969	0.01415	0.00740	0.00557	0.00606	0.03357	0.00730	0.00502	0.00243	0.00614
8	0.00998	0.00940	0.01586	0.80150	0.03641	0.01175	0.01468	0.01351	0.01057	0.01351	0.00940	0.01409	0.00705	0.00529	0.00529	0.00176	0.00705	0.00470	0.00235	0.00587
9	0.01552	0.04183	0.01362	0.02401	0.01466	0.11483	0.00896	0.26485	0.29551	0.02331	0.03656	0.07170	0.01470	0.00751	0.00537	0.00169	0.00541	0.02745	0.00481	0.00771
10	0.01581	0.01435	0.07669	0.04916	0.04384	0.06075	0.08591	0.27806	0.03742	0.07572	0.01170	0.01279	0.00866	0.00549	0.00533	0.00146	0.02466	0.00448	0.00397	0.18376
11	0.01001	0.00962	0.16875	0.00705	0.00966	0.00647	0.00701	0.01325	0.01110	0.01909	0.01562	0.01792	0.01211	0.00592	0.00397	0.00132	0.00358	0.00471	0.66728	0.00553
12	0.01705	0.02084	0.01482	0.17842	0.02018	0.58724	0.01096	0.01889	0.01371	0.01302	0.00875	0.01109	0.00720	0.00724	0.04705	0.00183	0.00926	0.00380	0.00265	0.00600
13	0.01237	0.01081	0.01635	0.56926	0.09697	0.01279	0.01384	0.17090	0.01369	0.01799	0.01013	0.01371	0.00757	0.00546	0.00528	0.00171	0.00672	0.00471	0.00299	0.00674
14	0.01054	0.00627	0.00640	0.00615	0.00775	0.00665	0.00467	0.01562	0.17045	0.02021	0.01814	0.01971	0.01409	0.00637	0.00405	0.00135	0.00282	0.00515	0.66794	0.00565
15	0.60650	0.04511	0.01074	0.04579	0.06193	0.08969	0.00750	0.03130	0.01024	0.02125	0.00796	0.00957	0.00634	0.00574	0.02100	0.00174	0.00523	0.00322	0.00312	0.00603
16	0.19839	0.01133	0.03787	0.19594	0.29765	0.01185	0.01225	0.02990	0.06316	0.04727	0.01204	0.01424	0.03561	0.00547	0.00485	0.00166	0.00567	0.00461	0.00316	0.00710
17	0.22030	0.13208	0.33120	0.02686	0.01716	0.01313	0.01251	0.06733	0.01179	0.07930	0.00976	0.01084	0.00717	0.00510	0.00437	0.00155	0.00604	0.00365	0.00307	0.03678
18	0.18784	0.01060	0.01587	0.35212	0.27549	0.01189	0.01306	0.01528	0.01089	0.04562	0.00958	0.01275	0.00743	0.00506	0.00485	0.00167	0.00608	0.00434	0.00279	0.00678

[dist]
# distance from previous block
# <min> <max>
2	29

[block]
# block no. 2 follows, 46 sequences, length 58
# corresponding to MSA columns:
# 126-183
name=unknown_C
#
# <colnr> <probs for GDERKNQSTAVLIFYWHMCP>
#	G	D	E	R	K	N	Q	S	T	A	V	L	I	F	Y	W	H	M	C	P
0	0.07179	0.03062	0.01548	0.01736	0.24656	0.04267	0.05042	0.07792	0.01332	0.11004	0.03672	0.04830	0.01548	0.00794	0.00596	0.00181	0.02688	0.16968	0.00400	0.00706
1	0.01229	0.00975	0.01441	0.01861	0.31752	0.00993	0.01111	0.03573	0.12084	0.07495	0.06078	0.04746	0.01868	0.03050	0.00647	0.00194	0.00516	0.19257	0.00419	0.00712
2	0.01285	0.01229	0.02094	0.06566	0.73249	0.01239	0.01600	0.01600	0.01198	0.01708	0.01030	0.01410	0.00878	0.00494	0.00528	0.00160	0.00628	0.02021	0.00265	0.00819
3	0.01590	0.04772	0.01889	0.06784	0.49280	0.01157	0.01348	0.01869	0.01275	0.22913	0.01281	0.01429	0.00953	0.00524	0.00518	0.00158	0.00580	0.00479	0.00367	0.00834
4	0.34961	0.00787	0.00882	0.00961	0.07280	0.00835	0.02706	0.01188	0.01029	0.01868	0.08056	0.33415	0.02143	0.01005	0.00516	0.00184	0.00386	0.00856	0.00407	0.00534
5	0.82833	0.01008	0.00769	0.00690	0.01011	0.01167	0.00567	0.01545	0.00905	0.02361	0.00763	0.00889	0.00594	0.00494	0.00328	0.00162	0.00404	0.00292	0.02646	0.00570
6	0.01249	0.01220	0.01585	0.01313	0.01617	0.07610	0.17524	0.02114	0.37968	0.01869	0.04325	0.05629	0.05413	0.00762	0.00638	0.00181	0.05023	0.02809	0.00434	0.00717
7	0.01187	0.02397	0.64461	0.01425	0.02131	0.01148	0.04100	0.01730	0.01167	0.09905	0.01273	0.01378	0.04228	0.00555	0.00515	0.00168	0.00726	0.00446	0.00283	0.00777
8	0.00625	0.00536	0.00536	0.00536	0.00714	0.00446	0.00402	0.00759	0.01205	0.01428	0.05355	0.05088	0.77909	0.01339	0.00625	0.00179	0.00268	0.01116	0.00491	0.00446
9	0.85155	0.01022	0.00777	0.00695	0.01022	0.01186	0.00573	0.01554	0.00900	0.02372	0.00736	0.00859	0.00573	0.00491	0.00327	0.00164	0.00409	0.00286	0.00327	0.00573
10	0.01306	0.01254	0.02112	0.03021	0.68420	0.01265	0.04923	0.01723	0.07444	0.01765	0.01093	0.01368	0.00900	0.00490	0.00529	0.00160	0.00623	0.00488	0.00285	0.00832
11	0.01762	0.03390	0.01448	0.01116	0.01471	0.01082	0.08072	0.07527	0.20607	0.34847	0.07769	0.01881	0.01550	0.00688	0.00598	0.00170	0.04092	0.00576	0.00542	0.00813
12	0.01727	0.00744	0.01012	0.00883	0.01155	0.00659	0.00699	0.01901	0.01339	0.48875	0.02394	0.25608	0.02109	0.01022	0.00592	0.00186	0.00411	0.07371	0.00591	0.00724
13	0.02372	0.00900	0.01227	0.00941	0.01350	0.00777	0.00777	0.02576	0.01513	0.78489	0.02086	0.01799	0.01309	0.00654	0.00532	0.00164	0.00450	0.00532	0.00654	0.00900
14	0.01205	0.10133	0.63135	0.01411	0.02122	0.01333	0.01745	0.07821	0.01235	0.03717	0.00983	0.01120	0.00706	0.00512	0.00490	0.00161	0.00736	0.00391	0.00260	0.00784
15	0.01366	0.01275	0.02100	0.03078	0.71843	0.01288	0.01572	0.07760	0.01309	0.01859	0.01017	0.01305	0.00842	0.00484	0.00524	0.00157	0.00624	0.00471	0.00284	0.00842
16	0.02010	0.01481	0.01587	0.01216	0.01639	0.01639	0.01005	0.76360	0.02486	0.03332	0.01269	0.01269	0.00899	0.00635	0.00529	0.00159	0.00582	0.00476	0.00529	0.00899
17	0.01132	0.01104	0.01725	0.48236	0.21713	0.04174	0.01450	0.01437	0.01079	0.01432	0.00918	0.01335	0.00735	0.00565	0.00678	0.00177	0.10755	0.00464	0.00242	0.00649
18	0.85155	0.01022	0.00777	0.00695	0.01022	0.01186	0.00573	0.01554	0.00900	0.02372	0.00736	0.00859	0.00573	0.00491	0.00327	0.00164	0.00409	0.00286	0.00327	0.00573
19	0.00644	0.00460	0.00613	0.00736	0.00767	0.00429	0.00491	0.00736	0.01012	0.01350	0.02914	0.81076	0.03497	0.01656	0.00675	0.00215	0.00307	0.01503	0.00491	0.00429
20	0.00769	0.00513	0.00577	0.00577	0.00577	0.00513	0.00320	0.00769	0.00769	0.01025	0.01666	0.03460	0.01922	0.81421	0.02691	0.00513	0.00513	0.00769	0.00320	0.00320
21	0.02008	0.01529	0.01582	0.01223	0.01639	0.05226	0.01006	0.72931	0.02440	0.03238	0.01248	0.01255	0.00889	0.00630	0.00526	0.00158	0.00599	0.00470	0.00517	0.00886
22	0.02372	0.00900	0.01227	0.00941	0.01350	0.00777	0.00777	0.02576	0.01513	0.78489	0.02086	0.01799	0.01309	0.00654	0.00532	0.00164	0.00450	0.00532	0.00654	0.00900
23	0.01537	0.52639	0.09329	0.01086	0.01518	0.23365	0.01032	0.01737	0.01195	0.01297	0.00777	0.00902	0.00678	0.00482	0.00392	0.00124	0.00692	0.00308	0.00239	0.00670
24	0.01413	0.81739	0.02770	0.00905	0.01357	0.02092	0.00905	0.01583	0.01074	0.01244	0.00735	0.00848	0.00678	0.00452	0.00339	0.00113	0.00565	0.00283	0.00226	0.00678
25	0.00918	0.00459	0.00689	0.00689	0.00689	0.00459	0.00459	0.00689	0.00689	0.00918	0.00918	0.01607	0.00918	0.01837	0.02066	0.84619	0.00459	0.00459	0.00230	0.00230
26	0.01232	0.01451	0.07150	0.02086	0.02607	0.01294	0.65603	0.03536	0.01270	0.01727	0.01173	0.01680	0.00933	0.00515	0.00621	0.00181	0.00853	0.05095	0.00285	0.00708
27	0.00985	0.00493	0.00493	0.00493	0.00616	0.00493	0.00370	0.01232	0.01109	0.01971	0.01725	0.01971	0.01355	0.00616	0.00370	0.00123	0.00246	0.00493	0.84356	0.00493
28	0.04733	0.01674	0.06043	0.02070	0.32622	0.20139	0.01295	0.17166	0.03726	0.01977	0.01022	0.01203	0.00812	0.00544	0.00536	0.00156	0.02746	0.00433	0.00327	0.00776
29	0.01315	0.01212	0.01842	0.02284	0.40842	0.01269	0.07436	0.05219	0.25318	0.01941	0.01460	0.01737	0.01183	0.00599	0.00546	0.00170	0.00575	0.03867	0.00371	0.00814
30	0.00985	0.00493	0.00493	0.00493	0.00616	0.00493	0.00370	0.01232	0.01109	0.01971	0.01725	0.01971	0.01355	0.00616	0.00370	0.00123	0.00246	0.00493	0.84356	0.00493
31	0.57340	0.00981	0.00899	0.00777	0.01102	0.01074	0.00631	0.06290	0.01123	0.16832	0.01205	0.07650	0.00973	0.00626	0.00407	0.00167	0.00419	0.00445	0.00415	0.00643
32	0.01975	0.02520	0.01498	0.01362	0.01634	0.79299	0.01021	0.02111	0.01498	0.01294	0.00817	0.00953	0.00681	0.00545	0.00477	0.00136	0.00953	0.00340	0.00272	0.00613
33	0.00738	0.00540	0.00693	0.00654	0.00784	0.00495	0.00491	0.00978	0.01473	0.02063	0.71892	0.04042	0.10976	0.01102	0.00624	0.00167	0.00251	0.00969	0.00574	0.00495
34	0.01975	0.02520	0.01498	0.01362	0.01634	0.79299	0.01021	0.02111	0.01498	0.01294	0.00817	0.00953	0.00681	0.00545	0.00477	0.00136	0.00953	0.00340	0.00272	0.00613
35	0.00918	0.00459	0.00689	0.00689	0.00689	0.00459	0.00459	0.00689	0.00689	0.00918	0.00918	0.01607	0.00918	0.01837	0.02066	0.84619	0.00459	0.00459	0.00230	0.00230
36	0.02352	0.00932	0.01247	0.00956	0.01366	0.00825	0.00790	0.06684	0.01567	0.74305	0.02040	0.01770	0.01286	0.00653	0.00531	0.00163	0.00457	0.00529	0.00647	0.00900
37	0.00998	0.00940	0.01586	0.80150	0.03641	0.01175	0.01468	0.01351	0.01057	0.01351	0.00940	0.01409	0.00705	0.00529	0.00529	0.00176	0.00705	0.00470	0.00235	0.00587
38	0.00998	0.00940	0.01586	0.80150	0.03641	0.01175	0.01468	0.01351	0.01057	0.01351	0.00940	0.01409	0.00705	0.00529	0.00529	0.00176	0.00705	0.00470	0.00235	0.00587
39	0.04067	0.01630	0.02056	0.01589	0.01975	0.18604	0.26995	0.24474	0.01637	0.02090	0.01085	0.01362	0.00852	0.00589	0.00638	0.00168	0.06592	0.02516	0.00353	0.00727
40	0.01238	0.04343	0.26832	0.01609	0.02147	0.04237	0.26663	0.02002	0.21826	0.01799	0.01305	0.01439	0.00971	0.00542	0.00547	0.00171	0.00720	0.00520	0.00326	0.00764
41	0.00985	0.00493	0.00493	0.00493	0.00616	0.00493	0.00370	0.01232	0.01109	0.01971	0.01725	0.01971	0.01355	0.00616	0.00370	0.00123	0.00246	0.00493	0.84356	0.00493
42	0.01975	0.02520	0.01498	0.01362	0.01634	0.79299	0.01021	0.02111	0.01498	0.01294	0.00817	0.00953	0.00681	0.00545	0.00477	0.00136	0.00953	0.00340	0.00272	0.00613
43	0.00797	0.00581	0.00777	0.00848	0.00974	0.00561	0.00711	0.01026	0.01275	0.01683	0.20444	0.07402	0.11712	0.01364	0.00692	0.00218	0.00403	0.47538	0.00509	0.00484
44	0.00985	0.00493	0.00493	0.00493	0.00616	0.00493	0.00370	0.01232	0.01109	0.01971	0.01725	0.01971	0.01355	0.00616	0.00370	0.00123	0.00246	0.00493	0.84356	0.00493
45	0.05032	0.02341	0.01482	0.01335	0.01594	0.68859	0.01014	0.04075	0.01455	0.01389	0.00818	0.00973	0.00684	0.00572	0.00560	0.00144	0.06429	0.00351	0.00279	0.00617
46	0.02021	0.01013	0.01242	0.01001	0.01377	0.01003	0.00811	0.07788	0.24891	0.49752	0.02049	0.01816	0.01374	0.00672	0.00533	0.00168	0.00449	0.00548	0.00610	0.00880
47	0.01114	0.00966	0.01182	0.00985	0.07565	0.00750	0.00708	0.01355	0.01105	0.01723	0.00944	0.01114	0.00787	0.00398	0.00402	0.00085	0.00411	0.00326	0.00309	0.77770
48	0.01269	0.01216	0.02074	0.13048	0.68629	0.01246	0.01603	0.01588	0.01185	0.01679	0.00987	0.01321	0.00820	0.00478	0.00524	0.00159	0.00638	0.00471	0.00258	0.00806
49	0.00768	0.00533	0.00683	0.00681	0.00727	0.00556	0.00460	0.00854	0.00889	0.01227	0.10684	0.03117	0.02109	0.44690	0.25353	0.02683	0.00750	0.02504	0.00342	0.00389
50	0.42863	0.00951	0.00964	0.00817	0.01115	0.01040	0.00669	0.04479	0.01158	0.21470	0.05558	0.01477	0.03059	0.00634	0.00528	0.00167	0.06977	0.00439	0.04978	0.00656
51	0.01172	0.12294	0.33390	0.02004	0.30365	0.01287	0.01566	0.01584	0.01177	0.01677	0.07645	0.01400	0.01110	0.00535	0.00499	0.00156	0.00649	0.00456	0.00269	0.00764
52	0.00790	0.00803	0.07223	0.00843	0.01034	0.02611	0.05073	0.01021	0.01284	0.01738	0.35153	0.23131	0.14924	0.01166	0.00623	0.00180	0.00366	0.01036	0.00489	0.00512
53	0.01089	0.09222	0.72448	0.01457	0.02212	0.01299	0.01867	0.01667	0.01113	0.01639	0.00931	0.01094	0.00670	0.00498	0.00489	0.00163	0.00764	0.00382	0.00223	0.00773
54	0.01128	0.02515	0.68300	0.04461	0.02320	0.01211	0.05733	0.01705	0.01139	0.05211	0.01007	0.01175	0.00707	0.00507	0.00511	0.00168	0.00769	0.00412	0.00246	0.00776
55	0.00998	0.00940	0.01586	0.80150	0.03641	0.01175	0.01468	0.01351	0.01057	0.01351	0.00940	0.01409	0.00705	0.00529	0.00529	0.00176	0.00705	0.00470	0.00235	0.00587
56	0.01315	0.01136	0.01195	0.01076	0.01375	0.01315	0.00837	0.02809	0.77168	0.02211	0.02152	0.01972	0.01614	0.00717	0.00538	0.00179	0.00418	0.00598	0.00538	0.00837
57	0.85155	0.01022	0.00777	0.00695	0.01022	0.01186	0.00573	0.01554	0.00900	0.02372	0.00736	0.00859	0.00573	0.00491	0.00327	0.00164	0.00409	0.00286	0.00327	0.00573

[dist]
# distance from previous block
# <min> <max>
0	8

[block]
# block no. 3 follows, 46 sequences, length 9
# corresponding to MSA columns:
# 192-200
name=unknown_D
#
# <colnr> <probs for GDERKNQSTAVLIFYWHMCP>
#	G	D	E	R	K	N	Q	S	T	A	V	L	I	F	Y	W	H	M	C	P
0	0.00739	0.00543	0.00777	0.00797	0.00869	0.00605	0.00591	0.00888	0.00866	0.01221	0.01689	0.14967	0.01747	0.13354	0.57009	0.00705	0.01124	0.00743	0.00321	0.00446
1	0.85155	0.01022	0.00777	0.00695	0.01022	0.01186	0.00573	0.01554	0.00900	0.02372	0.00736	0.00859	0.00573	0.00491	0.00327	0.00164	0.00409	0.00286	0.00327	0.00573
2	0.85155	0.01022	0.00777	0.00695	0.01022	0.01186	0.00573	0.01554	0.00900	0.02372	0.00736	0.00859	0.00573	0.00491	0.00327	0.00164	0.00409	0.00286	0.00327	0.00573
3	0.85155	0.01022	0.00777	0.00695	0.01022	0.01186	0.00573	0.01554	0.00900	0.02372	0.00736	0.00859	0.00573	0.00491	0.00327	0.00164	0.00409	0.00286	0.00327	0.00573
4	0.00762	0.00540	0.00714	0.00714	0.00762	0.00587	0.00492	0.00857	0.00810	0.01127	0.01540	0.02762	0.01619	0.42367	0.41330	0.00682	0.00968	0.00667	0.00302	0.00397
5	0.01841	0.02292	0.01421	0.01316	0.01570	0.69928	0.01001	0.01990	0.01465	0.01328	0.01053	0.01550	0.00962	0.00654	0.00507	0.00149	0.00898	0.09179	0.00298	0.00598
6	0.01175	0.28334	0.54084	0.01312	0.01986	0.01508	0.01613	0.01645	0.01103	0.01535	0.00879	0.01029	0.00673	0.00486	0.00449	0.00150	0.00711	0.00356	0.00224	0.00748
7	0.00998	0.00940	0.01586	0.80150	0.03641	0.01175	0.01468	0.01351	0.01057	0.01351	0.00940	0.01409	0.00705	0.00529	0.00529	0.00176	0.00705	0.00470	0.00235	0.00587
8	0.35622	0.11336	0.31458	0.01123	0.01654	0.01334	0.04466	0.04472	0.01081	0.01973	0.00854	0.00998	0.00645	0.00494	0.00417	0.00160	0.00600	0.00348	0.00280	0.00685

[dist]
# distance from previous block
# <min> <max>
0	1

[block]
# block no. 4 follows, 46 sequences, length 7
# corresponding to MSA columns:
# 202-208
name=unknown_E
#
# <colnr> <probs for GDERKNQSTAVLIFYWHMCP>
#	G	D	E	R	K	N	Q	S	T	A	V	L	I	F	Y	W	H	M	C	P
0	0.03950	0.01528	0.04577	0.01146	0.04916	0.30589	0.00865	0.03758	0.09892	0.01801	0.26740	0.02206	0.04345	0.00760	0.00537	0.00156	0.00591	0.00606	0.00417	0.00620
1	0.00729	0.00526	0.00690	0.00678	0.00786	0.00486	0.00497	0.00950	0.01408	0.01979	0.64125	0.18071	0.04715	0.01186	0.00633	0.00175	0.00260	0.01056	0.00565	0.00486
2	0.01003	0.02333	0.64405	0.01353	0.02014	0.01094	0.01687	0.01550	0.01186	0.01756	0.15028	0.01635	0.01460	0.00608	0.00524	0.00167	0.00684	0.00494	0.00289	0.00730
3	0.00755	0.00566	0.00850	0.00850	0.00944	0.00661	0.00661	0.00944	0.00850	0.01227	0.01416	0.02077	0.01322	0.03965	0.79326	0.00850	0.01416	0.00566	0.00283	0.00472
4	0.01201	0.01240	0.01504	0.13088	0.31788	0.15309	0.01153	0.01443	0.01252	0.01545	0.05813	0.02262	0.18776	0.00723	0.00544	0.00161	0.00596	0.00620	0.00329	0.00654
5	0.08967	0.07688	0.46308	0.06795	0.10940	0.01306	0.03882	0.05152	0.01168	0.01772	0.00938	0.01132	0.00698	0.00500	0.00484	0.00163	0.00703	0.00399	0.00254	0.00752
6	0.01047	0.08455	0.01698	0.67562	0.03279	0.01289	0.01395	0.01367	0.01042	0.01336	0.00904	0.01341	0.00702	0.00548	0.00591	0.00174	0.05989	0.00452	0.00234	0.00595

[dist]
# distance from previous block
# <min> <max>
1	4

[block]
# block no. 5 follows, 46 sequences, length 24
# corresponding to MSA columns:
# 213-236
name=unknown_F
#
# <colnr> <probs for GDERKNQSTAVLIFYWHMCP>
#	G	D	E	R	K	N	Q	S	T	A	V	L	I	F	Y	W	H	M	C	P
0	0.01886	0.18108	0.01832	0.01152	0.01581	0.01733	0.00984	0.60869	0.02193	0.02899	0.01159	0.01182	0.00853	0.00597	0.00490	0.00149	0.00578	0.00436	0.00466	0.00853
1	0.01438	0.74387	0.05162	0.00943	0.01404	0.02037	0.00945	0.06048	0.01160	0.01382	0.00774	0.00882	0.00691	0.00465	0.00356	0.00118	0.00573	0.00298	0.00244	0.00695
2	0.18201	0.52380	0.05083	0.00925	0.01361	0.01820	0.00891	0.11140	0.01221	0.01752	0.00812	0.00914	0.00685	0.00485	0.00367	0.00131	0.00544	0.00312	0.00285	0.00689
3	0.01081	0.07419	0.74181	0.01471	0.02233	0.01279	0.01891	0.01669	0.01114	0.01649	0.00936	0.01100	0.00670	0.00499	0.00493	0.00164	0.00768	0.00384	0.00223	0.00775
4	0.00763	0.00555	0.00805	0.00805	0.00883	0.00633	0.00606	0.00910	0.00833	0.01188	0.01435	0.02258	0.01393	0.14922	0.65798	0.03638	0.01255	0.00592	0.00287	0.00442
5	0.01413	0.81739	0.02770	0.00905	0.01357	0.02092	0.00905	0.01583	0.01074	0.01244	0.00735	0.00848	0.00678	0.00452	0.00339	0.00113	0.00565	0.00283	0.00226	0.00678
6	0.01057	0.04964	0.69216	0.01501	0.05033	0.01212	0.01824	0.01619	0.01123	0.01650	0.01185	0.01332	0.04896	0.00545	0.00505	0.00166	0.00741	0.00430	0.00239	0.00762
7	0.00766	0.00518	0.00605	0.00601	0.00619	0.00519	0.00357	0.00802	0.00849	0.01150	0.09574	0.03435	0.02208	0.68835	0.06662	0.00495	0.00535	0.00777	0.00346	0.00347
8	0.85155	0.01022	0.00777	0.00695	0.01022	0.01186	0.00573	0.01554	0.00900	0.02372	0.00736	0.00859	0.00573	0.00491	0.00327	0.00164	0.00409	0.00286	0.00327	0.00573
9	0.01031	0.00973	0.01644	0.72153	0.11386	0.01183	0.01484	0.01379	0.01072	0.01390	0.00945	0.01399	0.00719	0.00523	0.00528	0.00174	0.00697	0.00470	0.00238	0.00613
10	0.01025	0.00950	0.01540	0.29111	0.32190	0.01015	0.01260	0.01301	0.01132	0.01511	0.01849	0.10589	0.12839	0.00752	0.00557	0.00173	0.00565	0.00681	0.00312	0.00647
11	0.01250	0.01182	0.01996	0.02977	0.70081	0.01177	0.01506	0.01557	0.01234	0.01768	0.08986	0.01583	0.01269	0.00534	0.00534	0.00158	0.00589	0.00521	0.00295	0.00802
12	0.01215	0.01140	0.01914	0.12343	0.60979	0.01169	0.01468	0.01501	0.01141	0.01608	0.01058	0.01544	0.00934	0.08896	0.00749	0.00196	0.00625	0.00502	0.00265	0.00753
13	0.03266	0.01190	0.01802	0.14428	0.51070	0.05410	0.01393	0.01510	0.01188	0.01631	0.01422	0.01682	0.08816	0.00573	0.00525	0.00160	0.00610	0.00523	0.00285	0.02519
14	0.01041	0.09285	0.01547	0.17939	0.20023	0.01071	0.03583	0.01306	0.03403	0.01387	0.01232	0.03446	0.01154	0.15658	0.15388	0.00350	0.00757	0.00552	0.00280	0.00596
15	0.07586	0.01070	0.01557	0.31387	0.13954	0.03143	0.05397	0.08423	0.03674	0.04148	0.09090	0.01759	0.01303	0.00627	0.00559	0.00172	0.02309	0.02833	0.00342	0.00666
16	0.20364	0.01224	0.03251	0.05823	0.20962	0.05003	0.01058	0.09676	0.13587	0.04003	0.01337	0.03052	0.02408	0.00630	0.00525	0.00169	0.02780	0.03049	0.00373	0.00726
17	0.03794	0.12089	0.09216	0.08422	0.18952	0.04265	0.01132	0.10863	0.02870	0.02971	0.11567	0.04135	0.01477	0.02472	0.00554	0.00162	0.00562	0.00531	0.00352	0.03614
18	0.08520	0.11124	0.05990	0.02797	0.11802	0.09755	0.00982	0.10359	0.06704	0.04781	0.02894	0.01299	0.00947	0.00684	0.00656	0.08930	0.02277	0.00421	0.00336	0.08743
19	0.05837	0.07791	0.11937	0.13387	0.14929	0.03704	0.03089	0.10500	0.03286	0.03330	0.11367	0.01803	0.05554	0.00642	0.00517	0.00161	0.00577	0.00538	0.00355	0.00697
20	0.09824	0.09962	0.26804	0.03036	0.10204	0.05013	0.01296	0.12760	0.02751	0.03363	0.01147	0.03267	0.02703	0.00577	0.00506	0.00158	0.02406	0.00442	0.00317	0.03464
21	0.03065	0.11303	0.13749	0.01333	0.08626	0.05590	0.02780	0.21871	0.04061	0.04780	0.03298	0.01381	0.00998	0.00566	0.00485	0.00145	0.00590	0.02200	0.00370	0.12807
22	0.05139	0.12244	0.17110	0.03175	0.14209	0.07193	0.06140	0.08435	0.02429	0.13500	0.03099	0.01317	0.00948	0.00541	0.00491	0.00154	0.00635	0.00443	0.00350	0.02449
23	0.03499	0.12951	0.16065	0.07661	0.04789	0.03218	0.01136	0.23096	0.02919	0.02022	0.01420	0.07380	0.05065	0.00827	0.03920	0.00192	0.02225	0.00540	0.00361	0.00717

[dist]
# distance from previous block
# <min> <max>
5	65

[block]
# block no. 6 follows, 46 sequences, length 7
# corresponding to MSA columns:
# 314-320
name=unknown_G
#
# <colnr> <probs for GDERKNQSTAVLIFYWHMCP>
#	G	D	E	R	K	N	Q	S	T	A	V	L	I	F	Y	W	H	M	C	P
0	0.01237	0.07056	0.25065	0.01209	0.03125	0.11366	0.03693	0.03448	0.07091	0.04471	0.06550	0.07163	0.03593	0.00768	0.02946	0.00176	0.00639	0.00545	0.00342	0.09516
1	0.03553	0.26900	0.16828	0.01165	0.05106	0.03178	0.02894	0.08842	0.01351	0.10518	0.13268	0.01581	0.01463	0.00606	0.00475	0.00148	0.00561	0.00476	0.00366	0.00720
2	0.01357	0.09868	0.18751	0.01431	0.10623	0.14746	0.02981	0.03994	0.11110	0.05528	0.04164	0.10473	0.01337	0.00692	0.00518	0.00162	0.00631	0.00570	0.00353	0.00713
3	0.04183	0.21376	0.33451	0.01176	0.01661	0.03916	0.03078	0.01469	0.01095	0.01512	0.01280	0.10554	0.01214	0.00896	0.05089	0.00204	0.00684	0.06219	0.00285	0.00660
4	0.03792	0.15003	0.28727	0.01487	0.08581	0.01418	0.08318	0.16191	0.01388	0.01958	0.00984	0.01139	0.00749	0.00502	0.00480	0.00149	0.00660	0.00409	0.00301	0.07763
5	0.01169	0.26044	0.31560	0.01137	0.01616	0.08576	0.01231	0.01504	0.01157	0.01502	0.07540	0.12080	0.01416	0.00696	0.00484	0.00154	0.00624	0.00551	0.00295	0.00663
6	0.08856	0.20910	0.32087	0.01440	0.08935	0.01388	0.07596	0.01636	0.01115	0.03733	0.00923	0.01090	0.00716	0.00477	0.00452	0.00147	0.00652	0.00380	0.00259	0.07206

[dist]
# distance from previous block
# <min> <max>
1	2

[block]
# block no. 7 follows, 46 sequences, length 11
# corresponding to MSA columns:
# 323-333
name=unknown_H
#
# <colnr> <probs for GDERKNQSTAVLIFYWHMCP>
#	G	D	E	R	K	N	Q	S	T	A	V	L	I	F	Y	W	H	M	C	P
0	0.01234	0.40609	0.33689	0.01138	0.01727	0.01587	0.01304	0.01593	0.01094	0.01472	0.00845	0.00985	0.00686	0.00466	0.00412	0.00132	0.00635	0.00330	0.00234	0.09828
1	0.01309	0.26810	0.30739	0.01168	0.01728	0.08965	0.01266	0.05167	0.01201	0.01591	0.00883	0.01021	0.00704	0.00478	0.00432	0.00132	0.00655	0.00343	0.00259	0.15149
2	0.25410	0.35139	0.08717	0.01377	0.17082	0.01585	0.01048	0.01591	0.01054	0.01705	0.00807	0.00969	0.00680	0.00472	0.00388	0.00141	0.00552	0.00332	0.00262	0.00690
3	0.09040	0.25620	0.19063	0.00983	0.01375	0.01277	0.00989	0.01510	0.08452	0.01655	0.09657	0.15139	0.01708	0.00768	0.00483	0.00160	0.00507	0.00621	0.00349	0.00645
4	0.04050	0.48647	0.10685	0.01091	0.01526	0.23407	0.01042	0.01739	0.01191	0.01339	0.00781	0.00907	0.00675	0.00485	0.00395	0.00127	0.00692	0.00311	0.00242	0.00668
5	0.45283	0.05984	0.13556	0.00858	0.01280	0.01113	0.00825	0.01527	0.01028	0.03782	0.05452	0.01147	0.00912	0.00512	0.00390	0.00147	0.00467	0.00353	0.00325	0.15061
6	0.01461	0.45761	0.02084	0.00960	0.01337	0.07155	0.00864	0.16851	0.01466	0.01826	0.14098	0.01475	0.01464	0.00604	0.00437	0.00133	0.00542	0.00442	0.00353	0.00688
7	0.00702	0.00514	0.00664	0.00744	0.00807	0.00494	0.00513	0.00905	0.05655	0.01533	0.15742	0.63089	0.03640	0.01501	0.00658	0.00204	0.00304	0.01355	0.00509	0.00466
8	0.01864	0.07041	0.01587	0.01158	0.01561	0.01578	0.00959	0.55244	0.15175	0.06273	0.01419	0.01384	0.01024	0.00637	0.00517	0.00159	0.00547	0.00486	0.00515	0.00873
9	0.01383	0.17738	0.02082	0.15727	0.40564	0.05077	0.01361	0.01658	0.01188	0.06942	0.01000	0.01249	0.00808	0.00493	0.00485	0.00151	0.00631	0.00430	0.00278	0.00756
10	0.10079	0.01177	0.14277	0.00995	0.01250	0.08410	0.00908	0.01248	0.00963	0.01435	0.01204	0.01671	0.01067	0.02663	0.49601	0.00589	0.01153	0.00484	0.00277	0.00550

[dist]
# distance from previous block
# <min> <max>
0	1

[block]
# block no. 8 follows, 46 sequences, length 7
# corresponding to MSA columns:
# 335-341
name=unknown_I
#
# <colnr> <probs for GDERKNQSTAVLIFYWHMCP>
#	G	D	E	R	K	N	Q	S	T	A	V	L	I	F	Y	W	H	M	C	P
0	0.09167	0.00538	0.00661	0.00747	0.00825	0.00529	0.00533	0.00878	0.01069	0.01552	0.10331	0.58236	0.03313	0.01462	0.00640	0.00207	0.00328	0.08043	0.00483	0.00456
1	0.01276	0.22593	0.01411	0.00841	0.01094	0.01189	0.00694	0.19448	0.01371	0.01877	0.01490	0.15289	0.01425	0.04335	0.00683	0.06640	0.00452	0.00617	0.16672	0.00603
2	0.23333	0.17785	0.25266	0.01010	0.01455	0.01267	0.01067	0.04522	0.01086	0.01783	0.04489	0.06348	0.01053	0.00694	0.00556	0.06355	0.00552	0.00448	0.00298	0.00634
3	0.01227	0.20309	0.01662	0.06818	0.01476	0.01187	0.08352	0.12375	0.01202	0.01583	0.01149	0.09405	0.01081	0.00938	0.00869	0.20688	0.00543	0.00530	0.00312	0.08295
4	0.20880	0.20812	0.11954	0.01097	0.06387	0.01352	0.00966	0.08927	0.01206	0.04532	0.00919	0.01038	0.00726	0.00482	0.00406	0.00134	0.00526	0.00344	0.00313	0.16999
5	0.04284	0.25601	0.10836	0.01297	0.09284	0.09221	0.04454	0.01671	0.09365	0.01623	0.10731	0.01555	0.01382	0.00806	0.05580	0.00193	0.00645	0.00473	0.00322	0.00679
6	0.09501	0.17484	0.18019	0.00936	0.01300	0.01090	0.00924	0.04026	0.01160	0.03265	0.10807	0.15780	0.05161	0.03055	0.02133	0.00184	0.00507	0.00672	0.00364	0.03632

[dist]
# distance from previous block
# <min> <max>
0	1206

# created by:
# /home/cegg/simao/soft/augustus-3.2.1/scripts/msa2prfl.pl ./align_prep/EOG091G0MZC.fa
