[name]
unknown

[dist]
# distance from previous block
# <min> <max>
0	72

[block]
# block no. 0 follows, 52 sequences, length 34
# corresponding to MSA columns:
# 77-110
name=unknown_A
#
# <colnr> <probs for GDERKNQSTAVLIFYWHMCP>
#	G	D	E	R	K	N	Q	S	T	A	V	L	I	F	Y	W	H	M	C	P
0	0.11904	0.00995	0.01135	0.03553	0.01316	0.01047	0.00766	0.21337	0.15744	0.29828	0.01565	0.01573	0.01111	0.00608	0.00467	0.00153	0.00437	0.03005	0.02712	0.00746
1	0.61147	0.01006	0.00869	0.00737	0.01056	0.04211	0.00603	0.07737	0.01055	0.14454	0.00915	0.00961	0.00663	0.00484	0.00351	0.00147	0.00413	0.00314	0.00359	0.02518
2	0.06097	0.01214	0.02014	0.01526	0.01857	0.01322	0.35541	0.14876	0.08751	0.01807	0.01013	0.01245	0.00788	0.00564	0.00763	0.00171	0.18991	0.00495	0.00306	0.00659
3	0.00705	0.00470	0.00529	0.00529	0.00529	0.00470	0.00294	0.00705	0.00705	0.00940	0.01527	0.03171	0.01762	0.82969	0.02467	0.00470	0.00470	0.00705	0.00294	0.00294
4	0.00915	0.00861	0.01453	0.81804	0.03338	0.01077	0.01346	0.01238	0.00969	0.01238	0.00861	0.01292	0.00646	0.00484	0.00484	0.00161	0.00646	0.00431	0.00215	0.00538
5	0.01547	0.01369	0.01341	0.01237	0.08511	0.17256	0.00904	0.39166	0.05164	0.02165	0.01194	0.01344	0.02464	0.02464	0.11428	0.00234	0.00695	0.00444	0.00381	0.00693
6	0.01193	0.00964	0.01063	0.00946	0.01159	0.05860	0.00744	0.13434	0.27640	0.05157	0.01459	0.01638	0.01173	0.01664	0.27336	0.03233	0.03829	0.00495	0.00384	0.00627
7	0.00913	0.00775	0.01170	0.00961	0.01196	0.00758	0.15871	0.03498	0.13635	0.03697	0.35551	0.02944	0.13799	0.00842	0.00557	0.00159	0.00389	0.02268	0.00457	0.00557
8	0.00842	0.00421	0.00631	0.00631	0.00631	0.00421	0.00421	0.00631	0.00631	0.00842	0.00842	0.01473	0.00842	0.01684	0.01894	0.85901	0.00421	0.00421	0.00210	0.00210
9	0.01296	0.83261	0.02539	0.00829	0.01244	0.01917	0.00829	0.01451	0.00985	0.01140	0.00674	0.00777	0.00622	0.00415	0.00311	0.00104	0.00518	0.00259	0.00207	0.00622
10	0.01005	0.00861	0.01005	0.00718	0.01148	0.00646	0.00574	0.01220	0.01005	0.01579	0.00861	0.01005	0.00718	0.00359	0.00359	0.00072	0.00359	0.00287	0.00287	0.85932
11	0.02678	0.00597	0.00753	0.00765	0.03816	0.00565	0.00547	0.01065	0.05580	0.07209	0.13869	0.16182	0.15603	0.04918	0.04395	0.07529	0.00381	0.06588	0.00417	0.06540
12	0.00590	0.00422	0.00562	0.00675	0.00703	0.00394	0.00450	0.00675	0.00928	0.01237	0.02671	0.82653	0.03205	0.01518	0.00619	0.00197	0.00281	0.01378	0.00450	0.00394
13	0.00577	0.00473	0.00510	0.00540	0.00667	0.00405	0.00390	0.00690	0.01058	0.01290	0.04315	0.25373	0.59424	0.01305	0.00585	0.00172	0.00255	0.01117	0.00450	0.00405
14	0.00669	0.00512	0.00575	0.00571	0.00711	0.00461	0.00430	0.03163	0.01183	0.01544	0.22429	0.12027	0.43686	0.01145	0.00564	0.00163	0.00261	0.03978	0.05492	0.00436
15	0.01784	0.01130	0.01272	0.00999	0.01346	0.01200	0.00816	0.50822	0.03895	0.20632	0.01471	0.06634	0.01099	0.00648	0.00489	0.00149	0.00473	0.00513	0.03849	0.00780
16	0.01144	0.01307	0.02859	0.02042	0.02533	0.01225	0.78186	0.01552	0.01144	0.01552	0.00980	0.01307	0.00735	0.00408	0.00572	0.00163	0.00817	0.00572	0.00245	0.00654
17	0.00597	0.00499	0.00525	0.00538	0.00696	0.00427	0.00417	0.00732	0.01106	0.01326	0.04633	0.04758	0.70687	0.01240	0.00584	0.00171	0.00269	0.09932	0.00450	0.00413
18	0.00693	0.00508	0.00606	0.00593	0.00728	0.00457	0.00444	0.00886	0.02730	0.04151	0.36981	0.12394	0.33095	0.01127	0.00575	0.00163	0.00255	0.02672	0.00492	0.00450
19	0.01514	0.00781	0.00963	0.00827	0.01083	0.00764	0.00647	0.09429	0.12624	0.35759	0.02005	0.21406	0.01696	0.00828	0.00508	0.00160	0.00373	0.00706	0.07244	0.00682
20	0.00693	0.00503	0.00670	0.00744	0.00838	0.00481	0.00593	0.00870	0.01111	0.01471	0.17132	0.25933	0.10314	0.01312	0.00629	0.00197	0.00343	0.35269	0.00464	0.00431
21	0.01121	0.01275	0.02766	0.01981	0.02458	0.01193	0.75111	0.01518	0.01142	0.01543	0.01136	0.01440	0.03858	0.00441	0.00572	0.00163	0.00794	0.00590	0.00253	0.00644
22	0.01380	0.00816	0.00900	0.00758	0.00999	0.00854	0.00600	0.22045	0.09700	0.14802	0.01582	0.03045	0.01199	0.03126	0.00488	0.00145	0.00363	0.00487	0.36072	0.00639
23	0.03587	0.00603	0.00734	0.00679	0.00841	0.00585	0.03409	0.03668	0.07351	0.01723	0.30314	0.10458	0.24068	0.00997	0.00542	0.00159	0.00292	0.02497	0.07008	0.00484
24	0.00688	0.00488	0.00638	0.00659	0.00712	0.00504	0.00465	0.00793	0.00864	0.01181	0.09115	0.13879	0.03917	0.32349	0.24438	0.00463	0.00653	0.07472	0.00345	0.00379
25	0.00692	0.00519	0.00779	0.00779	0.00865	0.00606	0.00606	0.00865	0.00779	0.01125	0.01298	0.01904	0.01211	0.03634	0.81049	0.00779	0.01298	0.00519	0.00260	0.00433
26	0.09142	0.00721	0.00800	0.00709	0.00880	0.00744	0.00528	0.15861	0.03099	0.05846	0.22838	0.08005	0.07191	0.20395	0.00977	0.00230	0.00376	0.00708	0.00436	0.00514
27	0.13170	0.00954	0.01012	0.00845	0.01108	0.01034	0.00668	0.29288	0.09858	0.09960	0.01408	0.01781	0.01157	0.14153	0.00780	0.00202	0.00442	0.03356	0.08186	0.00641
28	0.00606	0.00430	0.00565	0.00668	0.00696	0.00405	0.00445	0.00686	0.00914	0.01217	0.02568	0.73602	0.03068	0.08616	0.00781	0.00221	0.00302	0.03387	0.00436	0.00386
29	0.86392	0.00937	0.00712	0.00637	0.00937	0.01087	0.00525	0.01425	0.00825	0.02174	0.00675	0.00787	0.00525	0.00450	0.00300	0.00150	0.00375	0.00262	0.00300	0.00525
30	0.00709	0.00496	0.00623	0.00669	0.00743	0.00473	0.00469	0.02522	0.02851	0.03429	0.12749	0.46618	0.09190	0.10840	0.00818	0.00219	0.00314	0.05399	0.00448	0.00424
31	0.00788	0.00431	0.00607	0.00617	0.00642	0.00419	0.00418	0.00665	0.00741	0.00989	0.04066	0.09972	0.08626	0.01569	0.01554	0.63982	0.00378	0.00589	0.02684	0.00262
32	0.00695	0.00540	0.00646	0.00683	0.00797	0.00523	0.00509	0.00977	0.10291	0.01466	0.12871	0.32959	0.23026	0.01251	0.00592	0.00182	0.00298	0.10772	0.00465	0.00457
33	0.01202	0.00652	0.00815	0.00724	0.00903	0.00632	0.00544	0.03918	0.07773	0.23996	0.10346	0.06632	0.07712	0.16391	0.05906	0.06496	0.00437	0.02084	0.02293	0.00544

[dist]
# distance from previous block
# <min> <max>
0	1

[block]
# block no. 1 follows, 52 sequences, length 20
# corresponding to MSA columns:
# 112-131
name=unknown_B
#
# <colnr> <probs for GDERKNQSTAVLIFYWHMCP>
#	G	D	E	R	K	N	Q	S	T	A	V	L	I	F	Y	W	H	M	C	P
0	0.05715	0.00529	0.00612	0.00620	0.00733	0.00502	0.00443	0.00915	0.03061	0.05744	0.14225	0.26474	0.21395	0.13744	0.00857	0.00219	0.00314	0.03027	0.00439	0.00434
1	0.00843	0.00549	0.00704	0.00701	0.00835	0.00517	0.00539	0.01082	0.05148	0.09478	0.31042	0.21649	0.10890	0.01132	0.00585	0.00175	0.00303	0.12841	0.00497	0.00489
2	0.08812	0.49652	0.01971	0.00905	0.01269	0.17807	0.00812	0.01664	0.03223	0.08750	0.00842	0.00909	0.00692	0.00459	0.00357	0.00118	0.00565	0.00300	0.00269	0.00624
3	0.09977	0.00730	0.02589	0.00759	0.02308	0.00724	0.00572	0.10729	0.05566	0.03537	0.13403	0.17334	0.11227	0.09580	0.06052	0.00234	0.00420	0.00765	0.02981	0.00512
4	0.00612	0.00450	0.00553	0.00613	0.00676	0.00415	0.00417	0.00698	0.00957	0.01243	0.06531	0.47175	0.21924	0.09970	0.02989	0.02498	0.00321	0.01149	0.00426	0.00386
5	0.13476	0.00751	0.00839	0.00752	0.00962	0.00775	0.00579	0.10195	0.10052	0.12689	0.20326	0.16179	0.06105	0.03451	0.00570	0.00170	0.00345	0.00735	0.00472	0.00576
6	0.43559	0.05838	0.04131	0.11463	0.03222	0.01180	0.09246	0.06771	0.01022	0.05226	0.00829	0.00999	0.00631	0.00478	0.00433	0.00152	0.03580	0.00352	0.00295	0.00592
7	0.01345	0.06740	0.05565	0.01079	0.01370	0.04004	0.07111	0.18711	0.16985	0.08329	0.01293	0.01514	0.01034	0.08060	0.05088	0.01844	0.08412	0.00480	0.00374	0.00662
8	0.07912	0.08561	0.01301	0.02027	0.01321	0.16494	0.00791	0.22149	0.12091	0.03808	0.01246	0.02873	0.03003	0.00608	0.01410	0.00142	0.00536	0.01847	0.00371	0.11509
9	0.00995	0.00881	0.03322	0.27439	0.07262	0.00927	0.03061	0.03305	0.01006	0.05011	0.03372	0.08927	0.01121	0.03397	0.06510	0.00208	0.09156	0.00529	0.00289	0.13284
10	0.01726	0.01299	0.01407	0.03869	0.01534	0.01449	0.00915	0.65711	0.12342	0.02857	0.01260	0.01253	0.00904	0.00588	0.00486	0.00148	0.00517	0.00451	0.00477	0.00807
11	0.00605	0.00435	0.00576	0.00675	0.00717	0.00406	0.00463	0.00705	0.00969	0.01293	0.07508	0.71971	0.05457	0.01469	0.00617	0.00194	0.00284	0.04802	0.00455	0.00400
12	0.04663	0.72817	0.04893	0.00886	0.01296	0.01828	0.03077	0.01448	0.00977	0.01206	0.00688	0.00809	0.00621	0.00429	0.00358	0.00112	0.02785	0.00276	0.00212	0.00619
13	0.01072	0.01197	0.04279	0.01595	0.01909	0.05513	0.42791	0.01366	0.01013	0.01382	0.00998	0.03539	0.00852	0.01051	0.13828	0.00271	0.15974	0.00538	0.00246	0.00584
14	0.00755	0.00509	0.00621	0.00633	0.00755	0.00461	0.00473	0.00894	0.01099	0.07399	0.16092	0.21229	0.28158	0.08181	0.00750	0.00202	0.00308	0.10580	0.00462	0.00440
15	0.00705	0.00470	0.00529	0.00529	0.00529	0.00470	0.00294	0.00705	0.00705	0.00940	0.01527	0.03171	0.01762	0.82969	0.02467	0.00470	0.00470	0.00705	0.00294	0.00294
16	0.04752	0.05068	0.12420	0.03216	0.09104	0.04104	0.06271	0.23604	0.08310	0.05545	0.03358	0.05394	0.01041	0.00602	0.00540	0.00154	0.04966	0.00486	0.00362	0.00702
17	0.00830	0.05249	0.00993	0.00850	0.00984	0.00724	0.04201	0.01013	0.00859	0.04766	0.01362	0.04426	0.01270	0.02848	0.58968	0.00609	0.03276	0.03759	0.02538	0.00474
18	0.08695	0.04810	0.24427	0.01649	0.15516	0.01246	0.15351	0.04772	0.04646	0.01624	0.00903	0.01122	0.00707	0.00511	0.00623	0.00160	0.11892	0.00419	0.00253	0.00674
19	0.00997	0.10409	0.37168	0.01055	0.01514	0.00965	0.05034	0.01355	0.01091	0.06963	0.09546	0.05831	0.11352	0.00671	0.00480	0.00150	0.00528	0.00559	0.03714	0.00618

[dist]
# distance from previous block
# <min> <max>
0	16

[block]
# block no. 2 follows, 52 sequences, length 30
# corresponding to MSA columns:
# 148-177
name=unknown_C
#
# <colnr> <probs for GDERKNQSTAVLIFYWHMCP>
#	G	D	E	R	K	N	Q	S	T	A	V	L	I	F	Y	W	H	M	C	P
0	0.00594	0.00464	0.00539	0.00579	0.00683	0.00409	0.00412	0.00715	0.01069	0.01362	0.13606	0.35293	0.39926	0.01312	0.00591	0.00175	0.00257	0.01144	0.00461	0.00409
1	0.21759	0.10124	0.03030	0.01067	0.01255	0.08408	0.03736	0.01402	0.04200	0.01490	0.03113	0.01064	0.00764	0.00646	0.00899	0.00171	0.35675	0.00380	0.00259	0.00558
2	0.00668	0.00479	0.00583	0.00590	0.00662	0.00450	0.00407	0.00789	0.01051	0.01420	0.30883	0.15275	0.12948	0.27080	0.01183	0.00264	0.00324	0.04124	0.00431	0.00390
3	0.04110	0.01038	0.01446	0.26274	0.17939	0.01159	0.01111	0.22362	0.04104	0.06152	0.01131	0.04901	0.00904	0.00651	0.02689	0.00172	0.02363	0.00479	0.00339	0.00677
4	0.01381	0.44805	0.08093	0.00959	0.01364	0.03373	0.00909	0.15176	0.14730	0.03405	0.01028	0.01064	0.00818	0.00495	0.00391	0.00127	0.00518	0.00354	0.00315	0.00693
5	0.03557	0.07111	0.02446	0.00725	0.00919	0.00753	0.00567	0.06034	0.04522	0.07527	0.12533	0.11675	0.06018	0.19826	0.00968	0.00223	0.01681	0.03611	0.00393	0.08912
6	0.29787	0.01030	0.01218	0.07177	0.05366	0.02728	0.06601	0.10966	0.02612	0.03602	0.01059	0.01210	0.04388	0.00535	0.00519	0.00147	0.08114	0.00394	0.00316	0.12232
7	0.86392	0.00937	0.00712	0.00637	0.00937	0.01087	0.00525	0.01425	0.00825	0.02174	0.00675	0.00787	0.00525	0.00450	0.00300	0.00150	0.00375	0.00262	0.00300	0.00525
8	0.00936	0.00947	0.04332	0.49656	0.14605	0.01018	0.06968	0.01243	0.01007	0.01326	0.01261	0.01601	0.07759	0.00693	0.04501	0.00190	0.00647	0.00496	0.00244	0.00572
9	0.04745	0.00486	0.00614	0.00679	0.00755	0.00465	0.00483	0.00871	0.00989	0.05716	0.06921	0.57100	0.02864	0.03092	0.00621	0.00192	0.00303	0.06953	0.05717	0.00433
10	0.00981	0.00778	0.00909	0.00795	0.00998	0.03372	0.04032	0.15448	0.05063	0.03607	0.26552	0.11023	0.21186	0.00964	0.00552	0.00160	0.00358	0.02208	0.00472	0.00542
11	0.00740	0.00535	0.00644	0.00649	0.00800	0.00488	0.00519	0.00941	0.02700	0.05185	0.22059	0.04423	0.36814	0.01159	0.00592	0.00176	0.00303	0.20339	0.00477	0.00456
12	0.06357	0.00638	0.00769	0.00724	0.00918	0.00613	0.00577	0.01353	0.06660	0.19375	0.10076	0.09713	0.16176	0.03830	0.00608	0.00181	0.00349	0.15814	0.04724	0.00544
13	0.03377	0.00856	0.01070	0.00850	0.01182	0.00808	0.00695	0.12786	0.04755	0.51801	0.05800	0.01938	0.06371	0.00669	0.00492	0.00151	0.00402	0.01956	0.03286	0.00753
14	0.00721	0.00498	0.00587	0.00583	0.00606	0.00517	0.00358	0.00796	0.03508	0.01006	0.01508	0.02931	0.01668	0.68034	0.14285	0.00506	0.00592	0.00671	0.00296	0.00332
15	0.03476	0.00499	0.00586	0.00590	0.00709	0.00459	0.00437	0.00828	0.01161	0.01585	0.34152	0.15467	0.27769	0.04053	0.00637	0.00176	0.00265	0.04517	0.02205	0.00428
16	0.00613	0.00450	0.00579	0.00674	0.00726	0.00422	0.00466	0.00737	0.02733	0.01274	0.02879	0.68797	0.10984	0.01459	0.00614	0.00194	0.00288	0.05254	0.00451	0.00406
17	0.01810	0.02310	0.01373	0.01248	0.01498	0.81024	0.00936	0.01935	0.01373	0.01186	0.00749	0.00874	0.00624	0.00499	0.00437	0.00125	0.00874	0.00312	0.00250	0.00562
18	0.01986	0.01126	0.01311	0.01005	0.01388	0.01160	0.00830	0.45370	0.01892	0.36561	0.01488	0.01374	0.00987	0.00590	0.00486	0.00147	0.00481	0.00458	0.00535	0.00824
19	0.00620	0.00432	0.00554	0.00642	0.00677	0.00407	0.00426	0.00706	0.00924	0.01252	0.04581	0.66331	0.04776	0.10292	0.00804	0.00221	0.00297	0.01240	0.04433	0.00388
20	0.00969	0.00784	0.00845	0.00780	0.00984	0.00845	0.00598	0.04930	0.37954	0.01819	0.12560	0.04937	0.18230	0.04168	0.00597	0.00173	0.00334	0.02453	0.05438	0.00600
21	0.41414	0.00848	0.00772	0.00668	0.00927	0.00938	0.00540	0.14138	0.01153	0.05818	0.01100	0.01212	0.00833	0.00515	0.00352	0.00137	0.00356	0.00362	0.27354	0.00565
22	0.02074	0.00986	0.01224	0.00939	0.01318	0.00952	0.00775	0.25370	0.01657	0.56892	0.01685	0.01502	0.01086	0.00594	0.00487	0.00149	0.00449	0.00472	0.00565	0.00825
23	0.05544	0.00571	0.00681	0.00692	0.00807	0.00567	0.00505	0.04595	0.05626	0.03956	0.18627	0.37008	0.07795	0.05141	0.00659	0.00190	0.00311	0.04542	0.01716	0.00468
24	0.43356	0.00873	0.00892	0.00745	0.01058	0.00910	0.00608	0.04223	0.02739	0.31748	0.04602	0.04145	0.01076	0.00576	0.00404	0.00152	0.00385	0.00424	0.00439	0.00646
25	0.00590	0.00425	0.00559	0.00667	0.00701	0.00394	0.00446	0.00676	0.00936	0.01240	0.02771	0.79173	0.06621	0.01505	0.00616	0.00195	0.00280	0.01362	0.00450	0.00394
26	0.00798	0.00421	0.00619	0.00639	0.00644	0.00416	0.00426	0.00639	0.00683	0.00910	0.01158	0.15505	0.01250	0.01655	0.01673	0.71087	0.00397	0.00586	0.00252	0.00242
27	0.00774	0.00490	0.00661	0.00659	0.00722	0.00518	0.00470	0.00855	0.00811	0.03676	0.03798	0.08057	0.01543	0.21868	0.33480	0.11856	0.00751	0.00617	0.08011	0.00382
28	0.00634	0.00473	0.00538	0.00552	0.00633	0.00433	0.00372	0.00727	0.00986	0.01272	0.14323	0.17705	0.30661	0.27173	0.01181	0.00265	0.00320	0.00963	0.00413	0.00377
29	0.00656	0.00494	0.00606	0.00578	0.00706	0.00445	0.00434	0.00857	0.01301	0.01775	0.59902	0.03896	0.24466	0.01053	0.00572	0.00155	0.00233	0.00915	0.00511	0.00445

[dist]
# distance from previous block
# <min> <max>
0	49

[block]
# block no. 3 follows, 52 sequences, length 26
# corresponding to MSA columns:
# 227-252
name=unknown_D
#
# <colnr> <probs for GDERKNQSTAVLIFYWHMCP>
#	G	D	E	R	K	N	Q	S	T	A	V	L	I	F	Y	W	H	M	C	P
0	0.09875	0.01147	0.05834	0.32054	0.05039	0.01148	0.30253	0.04403	0.01086	0.03201	0.00923	0.01232	0.00688	0.00456	0.00497	0.00159	0.00675	0.00464	0.00254	0.00614
1	0.00915	0.00861	0.01453	0.81804	0.03338	0.01077	0.01346	0.01238	0.00969	0.01238	0.00861	0.01292	0.00646	0.00484	0.00484	0.00161	0.00646	0.00431	0.00215	0.00538
2	0.20495	0.00976	0.01015	0.00884	0.01183	0.01084	0.00702	0.02276	0.46564	0.17130	0.01670	0.01549	0.01211	0.00600	0.00449	0.00158	0.00387	0.00472	0.00470	0.00724
3	0.01188	0.01140	0.01947	0.06023	0.76984	0.01149	0.01482	0.01478	0.01098	0.01570	0.00910	0.01203	0.00763	0.00434	0.00480	0.00145	0.00578	0.00432	0.00239	0.00759
4	0.00953	0.01002	0.02067	0.01571	0.01902	0.00939	0.51372	0.01250	0.01069	0.01444	0.01564	0.29367	0.01587	0.00791	0.00588	0.00175	0.00632	0.00850	0.00316	0.00564
5	0.00903	0.00452	0.00452	0.00452	0.00565	0.00452	0.00339	0.01129	0.01016	0.01807	0.01581	0.01807	0.01242	0.00565	0.00339	0.00113	0.00226	0.00452	0.85659	0.00452
6	0.00640	0.00452	0.00603	0.00697	0.00742	0.00432	0.00487	0.00759	0.02775	0.01290	0.06302	0.65612	0.03074	0.01464	0.00682	0.04485	0.00303	0.08356	0.00443	0.00401
7	0.01296	0.83261	0.02539	0.00829	0.01244	0.01917	0.00829	0.01451	0.00985	0.01140	0.00674	0.00777	0.00622	0.00415	0.00311	0.00104	0.00518	0.00259	0.00207	0.00622
8	0.00705	0.00470	0.00529	0.00529	0.00529	0.00470	0.00294	0.00705	0.00705	0.00940	0.01527	0.03171	0.01762	0.82969	0.02467	0.00470	0.00470	0.00705	0.00294	0.00294
9	0.01627	0.01126	0.01241	0.01014	0.01351	0.01234	0.00818	0.32158	0.35202	0.16372	0.01645	0.01528	0.01173	0.00618	0.00489	0.00154	0.00447	0.00493	0.00509	0.00800
10	0.01084	0.00645	0.00757	0.00669	0.00856	0.00635	0.00518	0.07537	0.07565	0.13321	0.30001	0.02601	0.07242	0.03195	0.00545	0.00153	0.00300	0.00659	0.21162	0.00556
11	0.01205	0.01041	0.01096	0.00986	0.01260	0.01205	0.00767	0.02575	0.79071	0.02027	0.01972	0.01808	0.01479	0.00657	0.00493	0.00164	0.00384	0.00548	0.00493	0.00767
12	0.01263	0.00646	0.00834	0.00721	0.00926	0.00598	0.00557	0.01509	0.06260	0.30100	0.31613	0.02762	0.05481	0.08906	0.00768	0.03008	0.00341	0.02608	0.00515	0.00584
13	0.00991	0.00957	0.01334	0.01165	0.01173	0.01311	0.00954	0.01095	0.00750	0.01152	0.00819	0.04265	0.00846	0.06125	0.08069	0.00273	0.67505	0.00484	0.00230	0.00503
14	0.00648	0.00453	0.00542	0.00584	0.00618	0.00432	0.00369	0.00696	0.00853	0.01120	0.04261	0.33710	0.11732	0.38079	0.01473	0.02345	0.00364	0.00998	0.00376	0.00348
15	0.00667	0.00489	0.00572	0.00585	0.00651	0.00473	0.00389	0.00784	0.03203	0.01212	0.09738	0.17157	0.19661	0.34772	0.07237	0.00338	0.00423	0.00890	0.00381	0.00376
16	0.01097	0.01121	0.01479	0.01271	0.01283	0.05355	0.01054	0.01204	0.00773	0.01167	0.00642	0.01051	0.00636	0.00831	0.01534	0.00208	0.78130	0.00419	0.00214	0.00532
17	0.00627	0.00445	0.00583	0.00667	0.00707	0.00421	0.00457	0.00726	0.00959	0.01288	0.10131	0.59814	0.03140	0.11009	0.00834	0.00226	0.00310	0.06822	0.00440	0.00392
18	0.00606	0.00469	0.00548	0.00575	0.00681	0.00416	0.00411	0.00735	0.01094	0.01410	0.19926	0.29068	0.37527	0.03484	0.00638	0.00180	0.00259	0.01095	0.00463	0.00411
19	0.24716	0.00677	0.00706	0.00628	0.00840	0.00676	0.00484	0.01304	0.01059	0.17956	0.11900	0.03714	0.14771	0.11176	0.00702	0.00191	0.00341	0.00604	0.07033	0.00522
20	0.00961	0.00507	0.00513	0.00492	0.00622	0.00516	0.00374	0.05854	0.01094	0.01883	0.01555	0.01767	0.01217	0.00566	0.00348	0.00115	0.00245	0.00451	0.80447	0.00474
21	0.00832	0.00424	0.00612	0.00619	0.00630	0.00422	0.00416	0.00676	0.00682	0.00948	0.01016	0.06469	0.01020	0.01578	0.01684	0.73367	0.00396	0.00482	0.07485	0.00242
22	0.03474	0.00588	0.00641	0.00612	0.00752	0.01874	0.00452	0.05684	0.01072	0.03856	0.06382	0.06240	0.36843	0.09225	0.04168	0.11199	0.00375	0.02555	0.03586	0.00422
23	0.00693	0.00515	0.00757	0.00755	0.00837	0.00590	0.00579	0.00858	0.00804	0.01154	0.05235	0.02069	0.01414	0.08480	0.72091	0.00728	0.01193	0.00549	0.00275	0.00425
24	0.01798	0.02127	0.03358	0.01212	0.01491	0.66765	0.00938	0.06788	0.03528	0.06315	0.00885	0.00970	0.00696	0.00514	0.00445	0.00130	0.00806	0.00339	0.00292	0.00604
25	0.33797	0.01096	0.03437	0.05043	0.05248	0.01167	0.00799	0.28797	0.01406	0.07303	0.01055	0.05028	0.00833	0.00587	0.00451	0.02038	0.00464	0.00416	0.00380	0.00656

[dist]
# distance from previous block
# <min> <max>
0	1

[block]
# block no. 4 follows, 52 sequences, length 37
# corresponding to MSA columns:
# 254-290
name=unknown_E
#
# <colnr> <probs for GDERKNQSTAVLIFYWHMCP>
#	G	D	E	R	K	N	Q	S	T	A	V	L	I	F	Y	W	H	M	C	P
0	0.00678	0.00465	0.00537	0.00553	0.00578	0.00453	0.00335	0.00700	0.00782	0.01024	0.02058	0.14162	0.11262	0.57362	0.03422	0.03729	0.00431	0.00821	0.00330	0.00321
1	0.01050	0.00888	0.01029	0.00739	0.01168	0.00692	0.00593	0.05375	0.01074	0.01659	0.00878	0.01013	0.00724	0.00371	0.00366	0.00076	0.00368	0.00295	0.00298	0.81346
2	0.01460	0.01096	0.01362	0.01121	0.02577	0.04492	0.09327	0.24116	0.17384	0.12946	0.02768	0.02848	0.01181	0.04407	0.03805	0.02808	0.03120	0.02059	0.00428	0.00695
3	0.01631	0.01201	0.01249	0.01027	0.01357	0.06249	0.00824	0.31748	0.31287	0.14457	0.02802	0.01504	0.01178	0.00615	0.00487	0.00152	0.00474	0.00486	0.00492	0.00780
4	0.00735	0.00481	0.00597	0.00629	0.00704	0.00441	0.00425	0.00805	0.00926	0.06178	0.02578	0.43580	0.13814	0.18252	0.01034	0.04023	0.00332	0.01055	0.00411	0.03001
5	0.06231	0.01125	0.01211	0.00975	0.01291	0.01234	0.00783	0.45352	0.15607	0.05490	0.03173	0.01455	0.01076	0.05090	0.00656	0.04727	0.00472	0.00468	0.00451	0.03132
6	0.00842	0.00421	0.00631	0.00631	0.00631	0.00421	0.00421	0.00631	0.00631	0.00842	0.00842	0.01473	0.00842	0.01684	0.01894	0.85901	0.00421	0.00421	0.00210	0.00210
7	0.00842	0.00421	0.00631	0.00631	0.00631	0.00421	0.00421	0.00631	0.00631	0.00842	0.00842	0.01473	0.00842	0.01684	0.01894	0.85901	0.00421	0.00421	0.00210	0.00210
8	0.00657	0.00451	0.00569	0.00640	0.00703	0.00419	0.00445	0.00770	0.00991	0.02722	0.07995	0.55334	0.11494	0.04487	0.00661	0.00195	0.00286	0.04132	0.06640	0.00410
9	0.00671	0.00498	0.00633	0.00686	0.00759	0.00484	0.00481	0.00911	0.08202	0.01492	0.22564	0.54768	0.03401	0.01303	0.00595	0.00182	0.00277	0.01172	0.00475	0.00444
10	0.01634	0.02015	0.01556	0.01337	0.01599	0.60323	0.10734	0.01860	0.05481	0.01276	0.00835	0.00994	0.00685	0.00524	0.00548	0.00139	0.07252	0.00367	0.00259	0.00582
11	0.00922	0.00570	0.00682	0.00637	0.00804	0.00524	0.00484	0.01157	0.05691	0.13960	0.23990	0.10175	0.26478	0.04208	0.00622	0.00172	0.00292	0.03044	0.05084	0.00506
12	0.04533	0.00671	0.00831	0.00720	0.00951	0.00623	0.00576	0.04452	0.02928	0.28388	0.26194	0.02947	0.14634	0.00863	0.00527	0.00157	0.00329	0.05958	0.03119	0.00596
13	0.03528	0.00747	0.00709	0.00642	0.00821	0.05028	0.00498	0.12213	0.08334	0.01980	0.01487	0.01637	0.01151	0.00569	0.00378	0.00124	0.00323	0.00445	0.58845	0.00541
14	0.03044	0.00599	0.00722	0.00699	0.00866	0.00568	0.00532	0.01240	0.08513	0.15559	0.10837	0.25112	0.19752	0.01087	0.00556	0.00172	0.00314	0.06412	0.02893	0.00525
15	0.04122	0.00911	0.01070	0.00878	0.01200	0.00918	0.00708	0.09964	0.24481	0.38470	0.02139	0.01945	0.09636	0.00678	0.00492	0.00155	0.00397	0.00551	0.00532	0.00754
16	0.00601	0.00460	0.00543	0.00587	0.00677	0.00411	0.00410	0.00713	0.01038	0.01334	0.12643	0.38326	0.33430	0.05674	0.00693	0.00193	0.00271	0.01143	0.00452	0.00402
17	0.00852	0.00639	0.00834	0.00908	0.01047	0.00667	0.00779	0.01268	0.14225	0.01547	0.02466	0.04851	0.02569	0.01224	0.00640	0.00213	0.00436	0.63881	0.00454	0.00500
18	0.01366	0.00685	0.00791	0.00686	0.00914	0.00681	0.00541	0.01802	0.16280	0.26827	0.01762	0.01757	0.01275	0.00594	0.00416	0.00135	0.00316	0.00482	0.42060	0.00632
19	0.00724	0.00507	0.00639	0.00599	0.00732	0.00459	0.00452	0.00932	0.01326	0.04854	0.63764	0.03724	0.17439	0.01017	0.00569	0.00154	0.00239	0.00887	0.00522	0.00463
20	0.06147	0.00542	0.00573	0.00579	0.00713	0.00533	0.00428	0.04183	0.03312	0.01590	0.02751	0.22930	0.24401	0.01041	0.01751	0.00164	0.00289	0.00842	0.26777	0.00454
21	0.75071	0.00935	0.00776	0.00674	0.00984	0.01056	0.00555	0.03418	0.00922	0.10768	0.00823	0.00891	0.00606	0.00470	0.00325	0.00150	0.00383	0.00291	0.00337	0.00565
22	0.00972	0.02507	0.80458	0.01381	0.02097	0.01125	0.01790	0.01535	0.01023	0.01535	0.00870	0.01023	0.00614	0.00460	0.00460	0.00153	0.00716	0.00358	0.00205	0.00716
23	0.00699	0.00492	0.00639	0.00639	0.00677	0.00530	0.00432	0.00776	0.00737	0.01022	0.01426	0.02611	0.01519	0.47902	0.37201	0.00606	0.00836	0.00623	0.00279	0.00355
24	0.00595	0.00425	0.00566	0.00672	0.00704	0.00396	0.00450	0.00685	0.00947	0.01268	0.06069	0.79166	0.03265	0.01495	0.00616	0.00195	0.00279	0.01356	0.00454	0.00396
25	0.00903	0.00452	0.00452	0.00452	0.00565	0.00452	0.00339	0.01129	0.01016	0.01807	0.01581	0.01807	0.01242	0.00565	0.00339	0.00113	0.00226	0.00452	0.85659	0.00452
26	0.00731	0.00527	0.00721	0.00823	0.00921	0.00516	0.00688	0.00922	0.01085	0.01413	0.04538	0.20328	0.06847	0.01359	0.00652	0.00213	0.00399	0.56432	0.00449	0.00434
27	0.00993	0.00947	0.01638	0.51541	0.23219	0.01073	0.06430	0.01307	0.01037	0.01387	0.05076	0.01393	0.00893	0.00493	0.00494	0.00157	0.00617	0.00464	0.00241	0.00602
28	0.01325	0.01142	0.01163	0.02929	0.01344	0.05474	0.00803	0.16588	0.55727	0.02128	0.01843	0.01736	0.04309	0.00653	0.00491	0.00159	0.00439	0.00530	0.00470	0.00748
29	0.00972	0.02507	0.80458	0.01381	0.02097	0.01125	0.01790	0.01535	0.01023	0.01535	0.00870	0.01023	0.00614	0.00460	0.00460	0.00153	0.00716	0.00358	0.00205	0.00716
30	0.00629	0.00449	0.00606	0.00719	0.00764	0.00427	0.00517	0.00741	0.00966	0.01280	0.02650	0.67052	0.03121	0.01482	0.00629	0.00202	0.00315	0.16599	0.00449	0.00404
31	0.01175	0.01124	0.01908	0.19464	0.48687	0.03030	0.10574	0.01500	0.02677	0.03779	0.00956	0.01250	0.00761	0.00451	0.00491	0.00150	0.00618	0.00449	0.00251	0.00702
32	0.01850	0.04402	0.19005	0.00993	0.01447	0.00901	0.00972	0.06909	0.01346	0.54721	0.01583	0.01445	0.01022	0.00560	0.00474	0.00149	0.00492	0.00446	0.00489	0.00793
33	0.00573	0.00491	0.00491	0.00491	0.00655	0.00409	0.00368	0.00695	0.01105	0.01309	0.04909	0.04664	0.79750	0.01227	0.00573	0.00164	0.00245	0.01023	0.00450	0.00409
34	0.01013	0.00874	0.01047	0.00817	0.04625	0.00668	0.00614	0.01232	0.01009	0.01579	0.00864	0.01013	0.00720	0.00362	0.00364	0.00075	0.00368	0.00293	0.00285	0.82175
35	0.00625	0.00451	0.00592	0.00645	0.00709	0.00418	0.00450	0.00764	0.01098	0.01501	0.31312	0.51070	0.05930	0.01314	0.00600	0.00179	0.00261	0.01181	0.00481	0.00418
36	0.19108	0.01371	0.01149	0.03314	0.01328	0.22431	0.00798	0.24088	0.06715	0.02052	0.05349	0.03900	0.01127	0.00626	0.00453	0.00149	0.00556	0.04483	0.00376	0.00627

[dist]
# distance from previous block
# <min> <max>
6	120

# created by:
# /home/cegg/simao/soft/augustus-3.2.1/scripts/msa2prfl.pl ./align_prep/EOG091G0RM8.fa
