[name]
unknown

[dist]
# distance from previous block
# <min> <max>
38	126

[block]
# block no. 0 follows, 45 sequences, length 59
# corresponding to MSA columns:
# 192-250
name=unknown_A
#
# <colnr> <probs for GDERKNQSTAVLIFYWHMCP>
#	G	D	E	R	K	N	Q	S	T	A	V	L	I	F	Y	W	H	M	C	P
0	0.01429	0.49623	0.03470	0.00968	0.01367	0.06403	0.00886	0.08320	0.05474	0.02869	0.01199	0.08152	0.02440	0.00622	0.00426	0.00135	0.00555	0.00459	0.00318	0.04885
1	0.06268	0.11751	0.04187	0.02584	0.09614	0.18088	0.02286	0.10038	0.10192	0.10813	0.01259	0.03319	0.00990	0.00603	0.00520	0.00155	0.02605	0.00458	0.00382	0.03889
2	0.12792	0.02785	0.01397	0.05828	0.01582	0.02878	0.02242	0.28403	0.16405	0.07680	0.01403	0.03161	0.01066	0.00663	0.00586	0.00170	0.05729	0.00500	0.01808	0.02924
3	0.41936	0.11709	0.04115	0.05006	0.03772	0.13158	0.00870	0.08341	0.03459	0.02080	0.00877	0.01008	0.00691	0.00523	0.00404	0.00156	0.00571	0.00344	0.00325	0.00656
4	0.00659	0.00471	0.00627	0.00744	0.00780	0.00439	0.00499	0.00759	0.01050	0.01406	0.06331	0.77312	0.03619	0.01655	0.00683	0.00216	0.00309	0.01501	0.00502	0.00439
5	0.01364	0.09445	0.08233	0.06930	0.33531	0.08942	0.17454	0.03120	0.01249	0.01651	0.00975	0.01260	0.00788	0.00497	0.00554	0.00161	0.02345	0.00473	0.00264	0.00762
6	0.00658	0.00479	0.00616	0.00721	0.00769	0.00442	0.00485	0.00758	0.01054	0.01391	0.05171	0.69001	0.11070	0.03737	0.00733	0.00221	0.00311	0.01451	0.00496	0.00437
7	0.01206	0.01021	0.01101	0.00998	0.01264	0.01153	0.00772	0.02444	0.60364	0.02207	0.16742	0.02471	0.04291	0.00816	0.00565	0.00180	0.00388	0.00691	0.00554	0.00773
8	0.00659	0.00471	0.00629	0.00754	0.00787	0.00441	0.00508	0.00757	0.01033	0.01376	0.02956	0.78845	0.03538	0.01677	0.00687	0.00219	0.00316	0.03412	0.00498	0.00438
9	0.00774	0.00547	0.00719	0.00719	0.00765	0.00593	0.00492	0.00866	0.00820	0.01140	0.01569	0.02836	0.01658	0.43967	0.39499	0.00685	0.00963	0.00682	0.00307	0.00399
10	0.01267	0.01448	0.03167	0.02262	0.02805	0.01357	0.75837	0.01719	0.01267	0.01719	0.01086	0.01448	0.00814	0.00452	0.00633	0.00181	0.00905	0.00633	0.00271	0.00724
11	0.00769	0.00565	0.00812	0.00812	0.00891	0.00644	0.00608	0.00926	0.00848	0.01209	0.01484	0.02365	0.01453	0.18086	0.65099	0.00800	0.01271	0.00613	0.00294	0.00451
12	0.01238	0.01339	0.05134	0.06381	0.24567	0.01237	0.36696	0.01655	0.03206	0.01740	0.03444	0.01466	0.00967	0.00489	0.00571	0.00165	0.00735	0.00554	0.00288	0.08127
13	0.01334	0.01140	0.01209	0.01074	0.01382	0.01299	0.00837	0.05234	0.69318	0.02264	0.04416	0.02009	0.01689	0.00725	0.00543	0.00177	0.00424	0.00604	0.00539	0.03782
14	0.01001	0.00500	0.00500	0.00500	0.00625	0.00500	0.00375	0.01251	0.01126	0.02001	0.01751	0.02001	0.01376	0.00625	0.00375	0.00125	0.00250	0.00500	0.84115	0.00500
15	0.01113	0.00954	0.01113	0.00795	0.01272	0.00716	0.00636	0.01352	0.01113	0.01749	0.00954	0.01113	0.00795	0.00398	0.00398	0.00080	0.00398	0.00318	0.00318	0.84417
16	0.00781	0.00520	0.00585	0.00585	0.00585	0.00520	0.00325	0.00781	0.00781	0.01041	0.01691	0.03513	0.01952	0.81135	0.02732	0.00520	0.00520	0.00781	0.00325	0.00325
17	0.01001	0.00500	0.00500	0.00500	0.00625	0.00500	0.00375	0.01251	0.01126	0.02001	0.01751	0.02001	0.01376	0.00625	0.00375	0.00125	0.00250	0.00500	0.84115	0.00500
18	0.01317	0.00821	0.00885	0.00814	0.03645	0.00869	0.00609	0.23162	0.01539	0.02397	0.01590	0.01769	0.01222	0.00626	0.00428	0.00137	0.00364	0.00495	0.56679	0.00633
19	0.01329	0.01275	0.02179	0.03295	0.77787	0.01275	0.01647	0.01647	0.01222	0.01754	0.01010	0.01329	0.00850	0.00478	0.00531	0.00159	0.00638	0.00478	0.00266	0.00850
20	0.00778	0.00568	0.00733	0.00688	0.00821	0.00532	0.00517	0.01071	0.03876	0.02155	0.75146	0.03947	0.04958	0.01086	0.00630	0.00169	0.00259	0.00959	0.00590	0.00517
21	0.01014	0.00954	0.01610	0.79845	0.03697	0.01193	0.01491	0.01371	0.01073	0.01371	0.00954	0.01431	0.00716	0.00537	0.00537	0.00179	0.00716	0.00477	0.00239	0.00596
22	0.02265	0.00941	0.01242	0.00962	0.01360	0.00848	0.00791	0.07924	0.03088	0.66793	0.06397	0.01917	0.01519	0.00689	0.00545	0.00166	0.00454	0.00562	0.00648	0.00889
23	0.00778	0.00530	0.00636	0.00641	0.00662	0.00541	0.00397	0.00820	0.00831	0.01123	0.03703	0.05249	0.02024	0.64306	0.12833	0.00542	0.00631	0.03056	0.00336	0.00359
24	0.00654	0.00467	0.00623	0.00747	0.00779	0.00436	0.00498	0.00747	0.01028	0.01370	0.02959	0.80785	0.03550	0.01682	0.00685	0.00218	0.00311	0.01526	0.00498	0.00436
25	0.01467	0.77047	0.02741	0.00944	0.01393	0.06420	0.00925	0.01637	0.01115	0.01266	0.00751	0.00867	0.00689	0.00464	0.00352	0.00116	0.00596	0.00290	0.00232	0.00685
26	0.00870	0.00589	0.00824	0.00803	0.00886	0.00654	0.00593	0.00999	0.00871	0.05202	0.01509	0.02426	0.01475	0.23802	0.51276	0.02935	0.02892	0.00622	0.00314	0.00458
27	0.01121	0.00950	0.01273	0.05289	0.03945	0.03527	0.00951	0.06198	0.01071	0.04181	0.03222	0.02049	0.01289	0.04348	0.26054	0.00427	0.26794	0.06410	0.00322	0.00579
28	0.70710	0.01078	0.02278	0.03495	0.01239	0.01189	0.02902	0.03090	0.01008	0.07691	0.00875	0.00988	0.00654	0.00513	0.00370	0.00167	0.00453	0.00330	0.00353	0.00620
29	0.00668	0.00507	0.00598	0.00651	0.00741	0.00456	0.00448	0.00780	0.01113	0.01428	0.09616	0.39258	0.30641	0.09493	0.00868	0.00231	0.00313	0.01263	0.00488	0.00437
30	0.01671	0.01317	0.01411	0.01065	0.01509	0.03577	0.00868	0.44160	0.01934	0.02673	0.01142	0.01209	0.00860	0.00544	0.00480	0.00128	0.00525	0.00414	0.00442	0.34073
31	0.00779	0.00593	0.00886	0.00879	0.00972	0.00700	0.00686	0.00968	0.00861	0.01247	0.01416	0.02081	0.01323	0.03934	0.76707	0.00844	0.03783	0.00572	0.00286	0.00482
32	0.01428	0.31430	0.24515	0.02909	0.05338	0.07068	0.05246	0.08633	0.03611	0.03732	0.00981	0.01112	0.00768	0.00514	0.00459	0.00147	0.00683	0.00389	0.00286	0.00754
33	0.00720	0.00547	0.00663	0.00634	0.00778	0.00490	0.00475	0.00937	0.01426	0.01932	0.54857	0.04373	0.27849	0.01180	0.00634	0.00173	0.00259	0.01022	0.00562	0.00490
34	0.00749	0.00548	0.00702	0.00664	0.00795	0.00502	0.00498	0.00992	0.01493	0.02091	0.71140	0.04112	0.11467	0.01121	0.00633	0.00170	0.00255	0.00985	0.00583	0.00502
35	0.01077	0.02777	0.78354	0.01530	0.02323	0.01247	0.01983	0.01700	0.01133	0.01700	0.00963	0.01133	0.00680	0.00510	0.00510	0.00170	0.00793	0.00397	0.00227	0.00793
36	0.00760	0.00549	0.00718	0.00675	0.00802	0.00506	0.00506	0.01013	0.01519	0.02153	0.77503	0.04010	0.05065	0.01097	0.00633	0.00169	0.00253	0.00971	0.00591	0.00506
37	0.01793	0.31875	0.02001	0.01210	0.01555	0.50423	0.00993	0.01944	0.01361	0.01295	0.00799	0.00928	0.00690	0.00518	0.00432	0.00130	0.00822	0.00324	0.00259	0.00647
38	0.01509	0.01014	0.01204	0.00885	0.01342	0.00850	0.00717	0.10948	0.01381	0.18469	0.01247	0.01289	0.00925	0.00486	0.00446	0.00108	0.00434	0.00387	0.00420	0.55938
39	0.00752	0.00548	0.00706	0.00667	0.00797	0.00503	0.00500	0.00997	0.01500	0.02107	0.72804	0.04085	0.09793	0.01114	0.00633	0.00170	0.00254	0.00981	0.00585	0.00503
40	0.00874	0.00666	0.00872	0.07951	0.01213	0.00701	0.00723	0.03460	0.11083	0.01578	0.02515	0.41003	0.02756	0.03139	0.00746	0.02616	0.00419	0.16690	0.00470	0.00524
41	0.01050	0.00999	0.01712	0.70597	0.10061	0.01205	0.04036	0.01407	0.01093	0.01416	0.00963	0.01423	0.00731	0.00529	0.00540	0.00177	0.00715	0.00482	0.00242	0.00623
42	0.01340	0.05638	0.02477	0.06450	0.23928	0.02871	0.34675	0.01834	0.09339	0.04296	0.01186	0.01444	0.00916	0.00503	0.00568	0.00170	0.00736	0.00551	0.00309	0.00769
43	0.01315	0.11936	0.37941	0.01612	0.02246	0.01393	0.22810	0.07139	0.01288	0.05766	0.01055	0.01237	0.00770	0.00505	0.00528	0.00165	0.00766	0.00465	0.00285	0.00776
44	0.00670	0.00557	0.00589	0.00604	0.00764	0.00489	0.00444	0.00860	0.04396	0.01487	0.06596	0.17648	0.60261	0.01380	0.00639	0.00187	0.00285	0.01173	0.00503	0.00468
45	0.05776	0.01258	0.02010	0.09017	0.61150	0.01300	0.01523	0.08207	0.01310	0.01902	0.01016	0.01309	0.00831	0.00499	0.00522	0.00161	0.00628	0.00469	0.00291	0.00822
46	0.00882	0.00484	0.00662	0.00662	0.00662	0.00484	0.00420	0.00726	0.00726	0.00968	0.01183	0.02253	0.01269	0.28031	0.02307	0.56701	0.00484	0.00570	0.00264	0.00264
47	0.01954	0.01461	0.01562	0.01218	0.01632	0.01624	0.00999	0.67040	0.11621	0.03244	0.01398	0.01376	0.01002	0.00655	0.00538	0.00164	0.00570	0.00498	0.00538	0.00905
48	0.03518	0.10430	0.13116	0.01376	0.07712	0.03752	0.03481	0.27948	0.10380	0.07053	0.01264	0.01314	0.00935	0.00577	0.00502	0.00156	0.00603	0.00454	0.00413	0.05017
49	0.00867	0.00672	0.01018	0.00949	0.01087	0.00757	0.04665	0.04415	0.02593	0.01405	0.03456	0.02074	0.01391	0.03482	0.65632	0.02835	0.01294	0.00583	0.00310	0.00514
50	0.01190	0.01132	0.01910	0.35301	0.44563	0.01225	0.01553	0.01523	0.01157	0.01593	0.00985	0.01365	0.00792	0.00500	0.00530	0.00165	0.00663	0.00473	0.00256	0.03122
51	0.01329	0.01275	0.02179	0.03295	0.77787	0.01275	0.01647	0.01647	0.01222	0.01754	0.01010	0.01329	0.00850	0.00478	0.00531	0.00159	0.00638	0.00478	0.00266	0.00850
52	0.00760	0.00549	0.00718	0.00675	0.00802	0.00506	0.00506	0.01013	0.01519	0.02153	0.77503	0.04010	0.05065	0.01097	0.00633	0.00169	0.00253	0.00971	0.00591	0.00506
53	0.01113	0.00954	0.01113	0.00795	0.01272	0.00716	0.00636	0.01352	0.01113	0.01749	0.00954	0.01113	0.00795	0.00398	0.00398	0.00080	0.00398	0.00318	0.00318	0.84417
54	0.00660	0.00550	0.00580	0.00587	0.00761	0.00469	0.00450	0.00812	0.01242	0.01505	0.09537	0.05168	0.67290	0.01354	0.00643	0.00186	0.00289	0.06954	0.00504	0.00460
55	0.00667	0.00487	0.00628	0.00716	0.00776	0.00448	0.00490	0.00787	0.01118	0.01489	0.13697	0.62009	0.11579	0.01566	0.00672	0.00207	0.00299	0.01406	0.00511	0.00448
56	0.00738	0.00538	0.00689	0.00753	0.00838	0.00509	0.00542	0.03395	0.01209	0.01616	0.17341	0.49972	0.10356	0.01488	0.00671	0.00206	0.00323	0.07825	0.00517	0.00472
57	0.01622	0.00776	0.01056	0.00867	0.01158	0.00697	0.02956	0.01891	0.04000	0.40305	0.26379	0.04726	0.06661	0.00860	0.00576	0.00169	0.00384	0.00738	0.03454	0.00724
58	0.03073	0.10234	0.06966	0.11315	0.22205	0.14448	0.18812	0.01703	0.01229	0.01571	0.00946	0.01232	0.00762	0.00504	0.00555	0.00161	0.02840	0.00462	0.00260	0.00719

[dist]
# distance from previous block
# <min> <max>
2	7

[block]
# block no. 1 follows, 45 sequences, length 20
# corresponding to MSA columns:
# 261-280
name=unknown_B
#
# <colnr> <probs for GDERKNQSTAVLIFYWHMCP>
#	G	D	E	R	K	N	Q	S	T	A	V	L	I	F	Y	W	H	M	C	P
0	0.00946	0.00847	0.01488	0.04926	0.01565	0.00821	0.22446	0.01271	0.04868	0.01752	0.24921	0.14407	0.04580	0.01032	0.00716	0.04479	0.00514	0.07421	0.00437	0.00564
1	0.01306	0.01379	0.02737	0.01961	0.02485	0.01286	0.58635	0.07614	0.01345	0.01857	0.01083	0.01385	0.00819	0.00460	0.00591	0.00164	0.00804	0.00574	0.00300	0.13214
2	0.00711	0.00674	0.06871	0.00820	0.00933	0.00522	0.00649	0.00869	0.01082	0.01447	0.05078	0.60487	0.07543	0.01533	0.00672	0.00214	0.00364	0.08579	0.00479	0.00473
3	0.01771	0.02149	0.01392	0.01261	0.01537	0.60386	0.00951	0.02009	0.06238	0.01439	0.03110	0.04819	0.01059	0.00638	0.00500	0.00143	0.00829	0.02113	0.00320	0.07334
4	0.01418	0.77744	0.06379	0.00947	0.01422	0.02083	0.00969	0.01612	0.01093	0.01284	0.00757	0.00874	0.00688	0.00462	0.00352	0.00117	0.00584	0.00292	0.00229	0.00694
5	0.02041	0.01504	0.01611	0.01235	0.01665	0.01665	0.01020	0.75997	0.02524	0.03383	0.01289	0.01289	0.00913	0.00644	0.00537	0.00161	0.00591	0.00483	0.00537	0.00913
6	0.01916	0.01442	0.01541	0.01210	0.01617	0.01606	0.00990	0.63058	0.15666	0.03182	0.01447	0.01415	0.01041	0.00659	0.00539	0.00165	0.00561	0.00505	0.00539	0.00902
7	0.00977	0.00609	0.00819	0.00802	0.00958	0.00570	0.00645	0.01218	0.01423	0.10671	0.44651	0.06554	0.04009	0.01179	0.00656	0.00193	0.00350	0.22601	0.00568	0.00547
8	0.00634	0.00544	0.00544	0.00544	0.00725	0.00453	0.00408	0.00770	0.01224	0.01450	0.05438	0.05166	0.77569	0.01359	0.00634	0.00181	0.00272	0.01133	0.00498	0.00453
9	0.00670	0.00550	0.00593	0.00595	0.00764	0.00473	0.00455	0.00832	0.01270	0.01570	0.16456	0.05048	0.61095	0.01327	0.00642	0.00184	0.00285	0.06213	0.00513	0.00464
10	0.08680	0.01466	0.01545	0.01193	0.01614	0.01628	0.00985	0.70036	0.02395	0.03305	0.01245	0.01255	0.00886	0.00633	0.00521	0.00161	0.00577	0.00468	0.00521	0.00886
11	0.01564	0.00774	0.00986	0.00856	0.01119	0.00720	0.00676	0.06742	0.03770	0.34692	0.11030	0.16507	0.07690	0.00985	0.00584	0.00179	0.00393	0.04648	0.05385	0.00702
12	0.00663	0.00485	0.00626	0.00730	0.00787	0.00448	0.00503	0.00773	0.01073	0.01409	0.04993	0.66016	0.13074	0.01618	0.00680	0.00213	0.00313	0.04653	0.00500	0.00442
13	0.01541	0.01500	0.16181	0.04393	0.25346	0.01213	0.09444	0.09703	0.05047	0.16751	0.01343	0.01522	0.00990	0.00568	0.00545	0.00169	0.00645	0.01886	0.00382	0.00830
14	0.01655	0.01312	0.01394	0.01157	0.01518	0.01485	0.00927	0.36019	0.43129	0.02761	0.01778	0.01679	0.01310	0.00690	0.00542	0.00173	0.00500	0.00551	0.00542	0.00878
15	0.00843	0.00632	0.00864	0.00833	0.00909	0.00726	0.00621	0.03245	0.00911	0.01284	0.03447	0.02451	0.03111	0.22192	0.46337	0.03003	0.07190	0.00633	0.00311	0.00457
16	0.00696	0.00517	0.00709	0.07083	0.01021	0.00508	0.00587	0.00816	0.01041	0.01375	0.02844	0.66036	0.05874	0.03840	0.00733	0.00224	0.00357	0.04818	0.00472	0.00449
17	0.01077	0.01074	0.04911	0.08717	0.06114	0.07535	0.05761	0.04764	0.02583	0.03178	0.15793	0.07787	0.17443	0.02517	0.00729	0.00186	0.06943	0.01884	0.00410	0.00594
18	0.01660	0.39975	0.05801	0.01105	0.01542	0.10346	0.01009	0.24428	0.05996	0.01993	0.01015	0.01083	0.00812	0.00544	0.00438	0.00138	0.00624	0.00377	0.00347	0.00764
19	0.11868	0.01139	0.01640	0.19037	0.30166	0.03571	0.03783	0.03438	0.01185	0.03214	0.01136	0.01403	0.03100	0.00524	0.00493	0.00155	0.00592	0.00458	0.02631	0.10466

[dist]
# distance from previous block
# <min> <max>
1	4

[block]
# block no. 2 follows, 45 sequences, length 16
# corresponding to MSA columns:
# 285-300
name=unknown_C
#
# <colnr> <probs for GDERKNQSTAVLIFYWHMCP>
#	G	D	E	R	K	N	Q	S	T	A	V	L	I	F	Y	W	H	M	C	P
0	0.13998	0.19215	0.01804	0.01364	0.12240	0.04745	0.03884	0.16535	0.08532	0.03824	0.01093	0.01193	0.00859	0.00533	0.00453	0.00146	0.00560	0.00408	0.00362	0.08254
1	0.00663	0.00508	0.00595	0.00657	0.00751	0.00456	0.00458	0.00771	0.01094	0.01383	0.03872	0.40516	0.34011	0.08347	0.00841	0.00230	0.00319	0.03609	0.00483	0.00435
2	0.09018	0.14770	0.20493	0.08802	0.06931	0.03339	0.12326	0.07118	0.02607	0.03699	0.01059	0.03580	0.00846	0.00544	0.00494	0.00160	0.00672	0.00461	0.00298	0.02782
3	0.01206	0.15894	0.35615	0.07308	0.18069	0.01420	0.08301	0.01643	0.01146	0.01606	0.00940	0.01177	0.00732	0.00500	0.00524	0.00161	0.02331	0.00423	0.00240	0.00763
4	0.00688	0.00543	0.00639	0.00664	0.00791	0.00501	0.00484	0.00871	0.03181	0.01522	0.13821	0.25269	0.37973	0.01667	0.08618	0.00259	0.00403	0.01148	0.00490	0.00469
5	0.01102	0.00660	0.00841	0.00815	0.02677	0.00609	0.00599	0.03393	0.03199	0.16810	0.24758	0.21312	0.16971	0.01169	0.00622	0.00184	0.00338	0.02797	0.00555	0.00588
6	0.07361	0.01386	0.06403	0.03087	0.19093	0.06513	0.04452	0.17142	0.13017	0.03493	0.05523	0.03769	0.01255	0.00627	0.00525	0.00163	0.00580	0.00529	0.00401	0.04681
7	0.00863	0.00627	0.00724	0.00730	0.00809	0.04225	0.00521	0.01004	0.00941	0.01359	0.01693	0.10403	0.01702	0.23076	0.31766	0.00527	0.00825	0.00700	0.17058	0.00446
8	0.00767	0.00572	0.00849	0.00849	0.00941	0.00664	0.00654	0.00950	0.00859	0.01236	0.01450	0.02177	0.01371	0.07749	0.75325	0.00846	0.01394	0.00585	0.00289	0.00472
9	0.01137	0.05421	0.01235	0.04479	0.01396	0.00845	0.00701	0.01437	0.04640	0.01728	0.01000	0.01155	0.00825	0.00423	0.00408	0.00091	0.00423	0.00337	0.00320	0.72000
10	0.01391	0.01263	0.10586	0.01159	0.04822	0.01069	0.02958	0.16691	0.06491	0.08719	0.05469	0.01773	0.02828	0.02595	0.00616	0.00159	0.03952	0.02721	0.03769	0.20967
11	0.00797	0.00620	0.00750	0.00784	0.00934	0.00603	0.00623	0.01116	0.08707	0.01653	0.13187	0.12977	0.27524	0.01412	0.02894	0.00224	0.00391	0.23785	0.00508	0.00511
12	0.07401	0.06322	0.10483	0.05870	0.29183	0.03285	0.01303	0.14396	0.06752	0.06109	0.01261	0.01403	0.02766	0.00564	0.00507	0.00162	0.00606	0.00470	0.00356	0.00801
13	0.01257	0.00818	0.01023	0.00955	0.03692	0.00851	0.00703	0.12602	0.07214	0.12496	0.13452	0.02694	0.02072	0.17354	0.16125	0.00376	0.00653	0.04579	0.00462	0.00621
14	0.01198	0.01287	0.08771	0.04091	0.21891	0.06221	0.05819	0.01659	0.11434	0.02890	0.15966	0.02080	0.01821	0.04410	0.00753	0.00190	0.06619	0.01827	0.00373	0.00699
15	0.06351	0.34751	0.08536	0.01129	0.01525	0.31256	0.01016	0.01829	0.03617	0.01422	0.01002	0.01109	0.03341	0.00541	0.00427	0.00136	0.00719	0.00358	0.00272	0.00663

[dist]
# distance from previous block
# <min> <max>
0	4

[block]
# block no. 3 follows, 45 sequences, length 22
# corresponding to MSA columns:
# 305-326
name=unknown_D
#
# <colnr> <probs for GDERKNQSTAVLIFYWHMCP>
#	G	D	E	R	K	N	Q	S	T	A	V	L	I	F	Y	W	H	M	C	P
0	0.06055	0.16539	0.05099	0.07066	0.16344	0.07376	0.08439	0.17541	0.01476	0.03317	0.03152	0.01271	0.00910	0.00552	0.00526	0.00156	0.02644	0.00450	0.00334	0.00754
1	0.68566	0.02700	0.01012	0.03709	0.04698	0.01235	0.02281	0.04915	0.01016	0.02315	0.00818	0.00978	0.00642	0.00603	0.02572	0.00185	0.00486	0.00330	0.00330	0.00611
2	0.05993	0.01312	0.01970	0.07040	0.54153	0.04612	0.03267	0.09865	0.01362	0.01938	0.02779	0.01354	0.00924	0.00518	0.00524	0.00161	0.00636	0.00478	0.00306	0.00807
3	0.01084	0.03478	0.28218	0.01582	0.16438	0.01050	0.03697	0.01544	0.06705	0.03466	0.05737	0.04836	0.08703	0.04689	0.02766	0.00210	0.00622	0.04130	0.00343	0.00702
4	0.02566	0.00842	0.01221	0.05190	0.23182	0.00837	0.00906	0.04026	0.03087	0.04044	0.36678	0.02879	0.08241	0.00850	0.00578	0.00166	0.00412	0.00753	0.02899	0.00641
5	0.01196	0.01039	0.03201	0.01096	0.04532	0.03588	0.00839	0.13759	0.20036	0.01986	0.07347	0.07930	0.07578	0.05009	0.08961	0.00272	0.04094	0.06414	0.00456	0.00666
6	0.01181	0.23619	0.54683	0.01403	0.02095	0.01485	0.05236	0.01676	0.01128	0.01585	0.00912	0.01076	0.00689	0.00494	0.00472	0.00156	0.00740	0.00379	0.00230	0.00762
7	0.00732	0.00571	0.00649	0.00639	0.00766	0.00546	0.00458	0.00920	0.04508	0.01436	0.11383	0.04075	0.38084	0.19902	0.12648	0.00358	0.00505	0.00930	0.00440	0.00451
8	0.08242	0.01079	0.05623	0.00974	0.01237	0.09355	0.03025	0.01491	0.06645	0.06082	0.07501	0.09977	0.03873	0.03939	0.03151	0.00211	0.00536	0.15081	0.03058	0.08920
9	0.02005	0.02558	0.01521	0.01383	0.01659	0.78980	0.01037	0.02143	0.01521	0.01314	0.00830	0.00968	0.00691	0.00553	0.00484	0.00138	0.00968	0.00346	0.00277	0.00622
10	0.01261	0.01207	0.02058	0.19608	0.61997	0.01258	0.01614	0.01589	0.01191	0.01672	0.00998	0.01350	0.00822	0.00491	0.00533	0.00164	0.00654	0.00478	0.00260	0.00796
11	0.00823	0.00662	0.00880	0.00874	0.00973	0.04195	0.00672	0.01004	0.00889	0.01240	0.01422	0.02121	0.01340	0.07340	0.72035	0.00815	0.01375	0.00574	0.00289	0.00479
12	0.01015	0.00788	0.00778	0.00744	0.00799	0.09464	0.00485	0.04523	0.00932	0.01165	0.01385	0.02621	0.01495	0.46575	0.04939	0.20386	0.00594	0.00635	0.00307	0.00371
13	0.00673	0.00501	0.00627	0.00690	0.00773	0.00455	0.00481	0.00810	0.01175	0.01557	0.19718	0.48464	0.19137	0.01488	0.00663	0.00200	0.00291	0.01324	0.00519	0.00455
14	0.00861	0.00615	0.00860	0.00977	0.01101	0.00614	0.00852	0.01109	0.01246	0.01626	0.05571	0.05980	0.03161	0.01469	0.00737	0.00244	0.00485	0.71498	0.00498	0.00495
15	0.00804	0.00621	0.00776	0.00797	0.00867	0.02715	0.00573	0.00971	0.03247	0.01361	0.08489	0.24301	0.02436	0.19172	0.24922	0.00472	0.03044	0.03584	0.00393	0.00456
16	0.23393	0.10644	0.04686	0.04217	0.01821	0.13690	0.21584	0.01714	0.02498	0.03875	0.01031	0.04725	0.00860	0.00564	0.00514	0.00165	0.02580	0.00477	0.00306	0.00655
17	0.13069	0.23285	0.27566	0.01179	0.03560	0.06008	0.01224	0.01789	0.01185	0.12341	0.03478	0.01208	0.00904	0.00537	0.00448	0.00152	0.00624	0.00390	0.00319	0.00735
18	0.03779	0.12269	0.01828	0.02607	0.14964	0.09607	0.08529	0.09441	0.04779	0.06646	0.06268	0.01703	0.03087	0.00645	0.00593	0.00161	0.05416	0.03118	0.00365	0.04195
19	0.03660	0.06137	0.14902	0.01420	0.14482	0.02922	0.03462	0.01560	0.07233	0.05460	0.07679	0.10754	0.06135	0.00814	0.02091	0.00175	0.00546	0.00644	0.00373	0.09550
20	0.04943	0.03750	0.03390	0.03398	0.05023	0.00922	0.04628	0.01627	0.12849	0.06805	0.07126	0.07318	0.05698	0.00684	0.00500	0.00143	0.00444	0.00585	0.02071	0.28095
21	0.01337	0.16450	0.04163	0.03438	0.25990	0.03243	0.09616	0.06498	0.04050	0.04370	0.06219	0.06552	0.01338	0.00647	0.00555	0.00162	0.02379	0.01914	0.00339	0.00738

[dist]
# distance from previous block
# <min> <max>
0	6

[block]
# block no. 4 follows, 45 sequences, length 41
# corresponding to MSA columns:
# 340-380
name=unknown_E
#
# <colnr> <probs for GDERKNQSTAVLIFYWHMCP>
#	G	D	E	R	K	N	Q	S	T	A	V	L	I	F	Y	W	H	M	C	P
0	0.02981	0.26060	0.36823	0.03252	0.08670	0.06771	0.01476	0.01735	0.02786	0.03477	0.00944	0.01095	0.00734	0.00504	0.00459	0.00151	0.00700	0.00375	0.00255	0.00751
1	0.01550	0.14435	0.15633	0.01167	0.03296	0.01260	0.02947	0.12037	0.09507	0.18609	0.05551	0.01831	0.03220	0.00771	0.02939	0.00185	0.00584	0.03260	0.00439	0.00780
2	0.00919	0.04015	0.10236	0.24445	0.02081	0.00942	0.10013	0.01217	0.01151	0.01487	0.04208	0.08682	0.22110	0.02793	0.00638	0.00190	0.00567	0.03381	0.00351	0.00574
3	0.01307	0.04581	0.13090	0.01688	0.19822	0.04349	0.06867	0.01775	0.10140	0.09991	0.12352	0.04838	0.01763	0.00714	0.00560	0.00171	0.00575	0.04276	0.00401	0.00741
4	0.01104	0.04422	0.53708	0.03847	0.07992	0.03138	0.03634	0.01654	0.03954	0.01693	0.04257	0.05962	0.01081	0.00607	0.00527	0.00171	0.00716	0.00505	0.00275	0.00753
5	0.01063	0.05503	0.69399	0.01441	0.02167	0.01219	0.01827	0.01637	0.01152	0.01704	0.05513	0.02916	0.00998	0.00567	0.00515	0.00169	0.00744	0.00450	0.00254	0.00765
6	0.00971	0.00887	0.01484	0.45578	0.04462	0.01004	0.07790	0.01290	0.01153	0.01487	0.03856	0.02792	0.08561	0.00813	0.00599	0.00192	0.00631	0.15545	0.00328	0.00577
7	0.01284	0.01262	0.02121	0.16803	0.53611	0.03230	0.08269	0.01652	0.03407	0.01685	0.01036	0.01368	0.00842	0.00496	0.00541	0.00165	0.00678	0.00492	0.00270	0.00788
8	0.00921	0.00469	0.00693	0.00693	0.00700	0.00466	0.00464	0.00702	0.00719	0.00952	0.01102	0.01765	0.03822	0.01846	0.02043	0.81207	0.00459	0.00491	0.00243	0.00241
9	0.01014	0.00954	0.01610	0.79845	0.03697	0.01193	0.01491	0.01371	0.01073	0.01371	0.00954	0.01431	0.00716	0.00537	0.00537	0.00179	0.00716	0.00477	0.00239	0.00596
10	0.01299	0.01348	0.10264	0.04922	0.30436	0.01201	0.11187	0.09557	0.06386	0.03418	0.04191	0.03760	0.01258	0.02732	0.00616	0.00181	0.00630	0.03902	0.01948	0.00766
11	0.00932	0.00466	0.00699	0.00699	0.00699	0.00466	0.00466	0.00699	0.00699	0.00932	0.00932	0.01632	0.00932	0.01865	0.02098	0.84382	0.00466	0.00466	0.00233	0.00233
12	0.02015	0.00899	0.01170	0.00930	0.01286	0.00827	0.00756	0.07197	0.06042	0.54640	0.16033	0.02206	0.02012	0.00747	0.00557	0.00167	0.00426	0.00620	0.00635	0.00834
13	0.01435	0.81458	0.02813	0.00918	0.01378	0.02124	0.00918	0.01607	0.01091	0.01263	0.00746	0.00861	0.00689	0.00459	0.00344	0.00115	0.00574	0.00287	0.00230	0.00689
14	0.03206	0.40929	0.10518	0.01221	0.03693	0.14380	0.04364	0.10013	0.04188	0.01647	0.00920	0.01037	0.00757	0.00512	0.00432	0.00137	0.00671	0.00363	0.00288	0.00724
15	0.00944	0.02835	0.04550	0.00945	0.03090	0.02823	0.00742	0.01080	0.01172	0.01632	0.33798	0.04285	0.02817	0.01202	0.01112	0.18721	0.12316	0.05043	0.00409	0.00486
16	0.00673	0.00475	0.00617	0.00723	0.00749	0.00449	0.00472	0.00752	0.00990	0.01320	0.02767	0.69099	0.03309	0.13698	0.00995	0.00264	0.00343	0.01413	0.00472	0.00419
17	0.00764	0.00551	0.00723	0.00688	0.00814	0.00511	0.00521	0.01017	0.01508	0.02131	0.74509	0.04092	0.04986	0.01113	0.00637	0.00172	0.00263	0.03907	0.00587	0.00506
18	0.01174	0.01174	0.01644	0.01409	0.01409	0.01644	0.01174	0.01292	0.00822	0.01292	0.00705	0.01174	0.00705	0.00940	0.01762	0.00235	0.80153	0.00470	0.00235	0.00587
19	0.00938	0.00787	0.00899	0.05531	0.01171	0.03959	0.00689	0.01464	0.21715	0.01720	0.12255	0.36044	0.05076	0.01215	0.00625	0.00197	0.00392	0.04248	0.00499	0.00578
20	0.00644	0.00507	0.00582	0.00642	0.00751	0.00445	0.00452	0.00759	0.01129	0.01411	0.04238	0.41749	0.41760	0.01515	0.00659	0.00199	0.00291	0.01323	0.00498	0.00445
21	0.01976	0.01456	0.01563	0.01199	0.01622	0.01596	0.00988	0.71059	0.02431	0.03281	0.01287	0.01300	0.00920	0.00634	0.00527	0.00157	0.00574	0.00477	0.02632	0.04322
22	0.01113	0.00954	0.01113	0.00795	0.01272	0.00716	0.00636	0.01352	0.01113	0.01749	0.00954	0.01113	0.00795	0.00398	0.00398	0.00080	0.00398	0.00318	0.00318	0.84417
23	0.02005	0.02558	0.01521	0.01383	0.01659	0.78980	0.01037	0.02143	0.01521	0.01314	0.00830	0.00968	0.00691	0.00553	0.00484	0.00138	0.00968	0.00346	0.00277	0.00622
24	0.00757	0.00543	0.00664	0.00634	0.00771	0.00495	0.00475	0.00987	0.01426	0.02001	0.56596	0.04057	0.18949	0.01107	0.00610	0.00167	0.00257	0.00960	0.08048	0.00495
25	0.00767	0.00575	0.00863	0.00863	0.00959	0.00671	0.00671	0.00959	0.00863	0.01246	0.01438	0.02109	0.01342	0.04026	0.79008	0.00863	0.01438	0.00575	0.00288	0.00479
26	0.01030	0.00986	0.01711	0.74836	0.03640	0.01203	0.06291	0.01394	0.01086	0.01394	0.00963	0.01432	0.00722	0.00531	0.00543	0.00179	0.00728	0.00487	0.00241	0.00605
27	0.01427	0.01199	0.01266	0.01111	0.01431	0.01378	0.00872	0.12420	0.67099	0.02394	0.02068	0.01909	0.01544	0.00717	0.00545	0.00179	0.00447	0.00591	0.00545	0.00858
28	0.01002	0.00827	0.01078	0.10677	0.04199	0.00775	0.00781	0.01320	0.07502	0.01620	0.03484	0.13328	0.01645	0.03391	0.02521	0.03556	0.00473	0.08028	0.00372	0.33420
29	0.16312	0.10499	0.17291	0.06248	0.02905	0.03756	0.03314	0.14007	0.07047	0.05943	0.01211	0.01500	0.00959	0.00614	0.00507	0.00168	0.01851	0.04770	0.00363	0.00734
30	0.01077	0.02777	0.78354	0.01530	0.02323	0.01247	0.01983	0.01700	0.01133	0.01700	0.00963	0.01133	0.00680	0.00510	0.00510	0.00170	0.00793	0.00397	0.00227	0.00793
31	0.02329	0.01041	0.01325	0.01016	0.01434	0.00978	0.00839	0.18471	0.01750	0.62002	0.01939	0.01711	0.01239	0.00660	0.00539	0.00165	0.00486	0.00528	0.00637	0.00913
32	0.00705	0.00516	0.00713	0.04613	0.00946	0.00521	0.00574	0.00825	0.00995	0.01337	0.02540	0.56971	0.02952	0.07574	0.12540	0.00335	0.00521	0.03935	0.00442	0.00445
33	0.01548	0.11867	0.23519	0.01559	0.05670	0.01266	0.20285	0.01961	0.02787	0.22350	0.01306	0.01393	0.00918	0.00533	0.00530	0.00164	0.00688	0.00490	0.00365	0.00799
34	0.01852	0.01199	0.01349	0.01100	0.01474	0.01291	0.00887	0.26023	0.32667	0.23329	0.01882	0.01728	0.01323	0.00684	0.00542	0.00171	0.00486	0.00549	0.00576	0.00887
35	0.00781	0.00520	0.00585	0.00585	0.00585	0.00520	0.00325	0.00781	0.00781	0.01041	0.01691	0.03513	0.01952	0.81135	0.02732	0.00520	0.00520	0.00781	0.00325	0.00325
36	0.03046	0.21025	0.15606	0.10225	0.07349	0.20641	0.08495	0.04789	0.01284	0.01552	0.00902	0.01106	0.00721	0.00509	0.00478	0.00150	0.00760	0.00397	0.00263	0.00702
37	0.00857	0.00518	0.00769	0.00771	0.00820	0.00552	0.00562	0.00832	0.00831	0.01150	0.05719	0.02130	0.01418	0.02621	0.31011	0.44486	0.00822	0.03494	0.00285	0.00353
38	0.00740	0.00527	0.00574	0.00574	0.00625	0.00502	0.00348	0.00778	0.00905	0.01155	0.02741	0.03976	0.23138	0.58783	0.02144	0.00425	0.00451	0.00879	0.00374	0.00361
39	0.01711	0.01299	0.04943	0.01098	0.01472	0.01316	0.00928	0.50273	0.02161	0.07424	0.19556	0.01964	0.01920	0.00748	0.00559	0.00164	0.00511	0.00599	0.00543	0.00810
40	0.01215	0.10359	0.27934	0.16041	0.18263	0.01380	0.07481	0.04646	0.01190	0.01657	0.00960	0.01232	0.00744	0.00522	0.00567	0.00167	0.04196	0.00442	0.00254	0.00749

[dist]
# distance from previous block
# <min> <max>
4	9

[block]
# block no. 5 follows, 45 sequences, length 48
# corresponding to MSA columns:
# 390-408,419-423,426-449
name=unknown_F
#
# <colnr> <probs for GDERKNQSTAVLIFYWHMCP>
#	G	D	E	R	K	N	Q	S	T	A	V	L	I	F	Y	W	H	M	C	P
0	0.06011	0.01171	0.04225	0.03192	0.09544	0.01143	0.00966	0.13149	0.17882	0.23538	0.02942	0.01604	0.01208	0.00626	0.00542	0.00162	0.02184	0.00504	0.00490	0.08918
1	0.00867	0.00513	0.00693	0.00693	0.00726	0.00512	0.00465	0.00835	0.02977	0.01210	0.12352	0.07109	0.01960	0.18277	0.03061	0.44663	0.00452	0.01972	0.00334	0.00329
2	0.01091	0.02638	0.71119	0.01563	0.02308	0.01270	0.05768	0.01683	0.01127	0.01683	0.00958	0.01151	0.00688	0.00526	0.00571	0.00173	0.04260	0.00412	0.00229	0.00781
3	0.20799	0.00987	0.01391	0.48641	0.07686	0.01176	0.01208	0.01519	0.04359	0.02980	0.01011	0.01345	0.00767	0.00537	0.00483	0.00173	0.00606	0.00441	0.03269	0.00622
4	0.01364	0.08320	0.01240	0.00975	0.01188	0.17318	0.03439	0.01547	0.03286	0.13277	0.05256	0.12531	0.01717	0.15753	0.10133	0.00310	0.00688	0.00682	0.00395	0.00582
5	0.00759	0.00553	0.00689	0.00747	0.00824	0.00538	0.00535	0.00954	0.05004	0.01482	0.11175	0.34127	0.09574	0.17324	0.01084	0.00272	0.00379	0.13048	0.00476	0.00454
6	0.01185	0.00663	0.00865	0.00825	0.01034	0.00604	0.00678	0.01400	0.01367	0.20959	0.18551	0.04388	0.18310	0.01172	0.00646	0.00197	0.00390	0.25613	0.00558	0.00594
7	0.00895	0.00765	0.01107	0.01424	0.23852	0.00722	0.00821	0.01135	0.01348	0.01837	0.34448	0.03529	0.24055	0.00985	0.00603	0.00169	0.00374	0.00868	0.00468	0.00595
8	0.00915	0.00820	0.00996	0.00948	0.01080	0.09210	0.03477	0.01101	0.00962	0.01273	0.01542	0.02143	0.04598	0.06127	0.61431	0.00717	0.01284	0.00584	0.00296	0.00497
9	0.00799	0.00555	0.00713	0.00682	0.00811	0.00513	0.00513	0.01032	0.01441	0.03697	0.61876	0.06002	0.08384	0.03985	0.00705	0.00186	0.00281	0.04277	0.03044	0.00504
10	0.84927	0.01038	0.00789	0.00706	0.01038	0.01204	0.00581	0.01578	0.00914	0.02408	0.00747	0.00872	0.00581	0.00498	0.00332	0.00166	0.00415	0.00291	0.00332	0.00581
11	0.06621	0.00955	0.01237	0.00959	0.01367	0.00869	0.00791	0.05771	0.04341	0.68162	0.02013	0.01761	0.01283	0.00657	0.00529	0.00166	0.00459	0.00527	0.00637	0.00894
12	0.01567	0.00833	0.01025	0.00886	0.01135	0.02026	0.00682	0.04510	0.11133	0.32761	0.06634	0.09190	0.01904	0.14464	0.07073	0.00287	0.00529	0.02137	0.00530	0.00694
13	0.06178	0.00878	0.01164	0.00912	0.01290	0.00777	0.00747	0.02386	0.01505	0.65976	0.10534	0.02027	0.01713	0.00705	0.00540	0.00166	0.00432	0.00576	0.00640	0.00852
14	0.00865	0.00618	0.00865	0.00989	0.01112	0.00618	0.00865	0.01112	0.01236	0.01606	0.02842	0.06055	0.03089	0.01483	0.00741	0.00247	0.00494	0.74174	0.00494	0.00494
15	0.00843	0.00520	0.00759	0.00759	0.00801	0.00563	0.00541	0.00823	0.00780	0.01083	0.01239	0.02049	0.01225	0.11504	0.36144	0.38299	0.00901	0.00549	0.00267	0.00352
16	0.05985	0.00560	0.00649	0.00674	0.00763	0.00537	0.00458	0.00924	0.01027	0.05158	0.06089	0.30620	0.14795	0.26230	0.01285	0.00299	0.00385	0.02677	0.00446	0.00441
17	0.00666	0.00545	0.00587	0.00577	0.00744	0.00467	0.00433	0.00831	0.01298	0.01626	0.23480	0.04876	0.59417	0.01294	0.00634	0.00178	0.00267	0.01092	0.00522	0.00467
18	0.41771	0.01204	0.01170	0.00945	0.01327	0.01331	0.00780	0.30851	0.01625	0.12614	0.01137	0.01159	0.00808	0.00577	0.00439	0.00164	0.00489	0.00398	0.00455	0.00754
19	0.01305	0.01248	0.02141	0.03158	0.72193	0.01246	0.03508	0.01624	0.01224	0.01746	0.01099	0.01558	0.00957	0.00526	0.00544	0.00164	0.00638	0.04015	0.00277	0.00830
20	0.01049	0.00987	0.01579	0.51894	0.14634	0.02791	0.02650	0.01372	0.01135	0.01464	0.01443	0.02113	0.05957	0.00675	0.00563	0.00182	0.00661	0.07946	0.00287	0.00619
21	0.00654	0.00467	0.00623	0.00747	0.00779	0.00436	0.00498	0.00747	0.01028	0.01370	0.02959	0.80785	0.03550	0.01682	0.00685	0.00218	0.00311	0.01526	0.00498	0.00436
22	0.01301	0.01254	0.02153	0.03156	0.72274	0.01248	0.04226	0.01617	0.01224	0.01741	0.01177	0.01475	0.03696	0.00510	0.00539	0.00161	0.00634	0.00508	0.00275	0.00831
23	0.01448	0.01293	0.01847	0.20699	0.37878	0.05848	0.01413	0.15589	0.01451	0.04126	0.01079	0.01354	0.00845	0.00603	0.02091	0.00177	0.00677	0.00475	0.00323	0.00783
24	0.01111	0.01053	0.01785	0.56239	0.26544	0.01218	0.01539	0.01457	0.01119	0.01489	0.00971	0.01399	0.00757	0.00519	0.00535	0.00173	0.00692	0.00477	0.00247	0.00675
25	0.01087	0.01046	0.01477	0.01293	0.01313	0.01436	0.01067	0.01221	0.00831	0.01282	0.00861	0.01374	0.00841	0.01598	0.18251	0.00369	0.63350	0.00492	0.00246	0.00564
26	0.08440	0.01746	0.01658	0.03933	0.08963	0.33310	0.06952	0.04406	0.01284	0.03823	0.00938	0.02881	0.00800	0.00648	0.00772	0.00171	0.17879	0.00444	0.00295	0.00655
27	0.00652	0.00474	0.00616	0.00730	0.00774	0.00437	0.00491	0.00749	0.01044	0.01377	0.03166	0.74468	0.09734	0.01655	0.00681	0.00215	0.00308	0.01493	0.00498	0.00437
28	0.01372	0.01306	0.02260	0.04883	0.36371	0.01299	0.22929	0.12614	0.01411	0.01959	0.01140	0.04246	0.00941	0.00538	0.00562	0.00165	0.00688	0.00555	0.00317	0.04445
29	0.01404	0.54570	0.08512	0.03981	0.07380	0.04776	0.02438	0.01667	0.02796	0.02922	0.00869	0.01010	0.00742	0.00478	0.00400	0.00128	0.00608	0.00339	0.00255	0.04726
30	0.01485	0.74517	0.02699	0.00959	0.01403	0.08885	0.00929	0.01655	0.01129	0.01267	0.00754	0.00870	0.00689	0.00468	0.00357	0.00117	0.00609	0.00292	0.00234	0.00683
31	0.00899	0.00579	0.00762	0.00699	0.00850	0.00530	0.00530	0.01148	0.01521	0.08565	0.71143	0.03826	0.04750	0.01061	0.00625	0.00169	0.00270	0.00934	0.00597	0.00541
32	0.01014	0.00954	0.01610	0.79845	0.03697	0.01193	0.01491	0.01371	0.01073	0.01371	0.00954	0.01431	0.00716	0.00537	0.00537	0.00179	0.00716	0.00477	0.00239	0.00596
33	0.01238	0.07805	0.32837	0.01473	0.02020	0.01268	0.17493	0.09876	0.04132	0.03635	0.03705	0.09552	0.01221	0.00660	0.00551	0.00173	0.00690	0.00595	0.00333	0.00743
34	0.01760	0.21584	0.01918	0.01181	0.01555	0.01777	0.01017	0.46216	0.01911	0.02540	0.01066	0.01164	0.00826	0.00641	0.00670	0.00160	0.12358	0.00432	0.00415	0.00808
35	0.00672	0.00484	0.00620	0.00721	0.00763	0.00452	0.00483	0.00764	0.01023	0.01348	0.03020	0.64096	0.09378	0.10218	0.00903	0.00248	0.00336	0.03564	0.00480	0.00427
36	0.00774	0.00587	0.00886	0.03309	0.01043	0.00687	0.00696	0.00971	0.00869	0.01250	0.01423	0.02088	0.01323	0.03918	0.76577	0.00842	0.01415	0.00572	0.00286	0.00483
37	0.01383	0.51059	0.18251	0.01342	0.09870	0.04617	0.02485	0.01668	0.01139	0.02639	0.00850	0.00997	0.00717	0.00478	0.00412	0.00134	0.00644	0.00342	0.00242	0.00730
38	0.06318	0.03621	0.19523	0.01090	0.01592	0.00996	0.01075	0.05697	0.01442	0.50577	0.01698	0.01562	0.01100	0.00613	0.00516	0.00165	0.00544	0.00483	0.00526	0.00862
39	0.05614	0.00639	0.00749	0.00677	0.00881	0.00602	0.00523	0.01508	0.01267	0.21428	0.12021	0.10101	0.06573	0.00838	0.00495	0.00156	0.00319	0.00700	0.34306	0.00602
40	0.01770	0.17258	0.01759	0.05253	0.04495	0.53537	0.01034	0.01958	0.03040	0.01335	0.00883	0.01086	0.00758	0.03032	0.00533	0.00149	0.00843	0.00365	0.00273	0.00638
41	0.01237	0.13000	0.21076	0.03469	0.21912	0.01283	0.05970	0.01602	0.02792	0.05523	0.01190	0.01511	0.02408	0.05403	0.06077	0.00231	0.03821	0.00482	0.00286	0.00729
42	0.00923	0.00470	0.00692	0.00692	0.00692	0.00470	0.00457	0.00705	0.00705	0.00939	0.00982	0.01754	0.00999	0.07028	0.02139	0.78920	0.00470	0.00487	0.00239	0.00239
43	0.00920	0.00667	0.00819	0.00813	0.00971	0.00670	0.00636	0.01365	0.14441	0.04098	0.30529	0.12520	0.08183	0.01162	0.00633	0.00192	0.00347	0.16278	0.04192	0.00564
44	0.04664	0.05169	0.05764	0.15977	0.24936	0.08167	0.01268	0.03508	0.06082	0.17389	0.01267	0.01409	0.00934	0.00555	0.00513	0.00163	0.00627	0.00467	0.00366	0.00778
45	0.01861	0.01313	0.12815	0.01078	0.01495	0.06046	0.02602	0.07661	0.04238	0.41031	0.06738	0.01926	0.03089	0.04836	0.00655	0.00184	0.00545	0.00559	0.00525	0.00803
46	0.00697	0.00528	0.00644	0.00662	0.00780	0.00475	0.00483	0.00873	0.01295	0.01724	0.34623	0.24438	0.26451	0.01338	0.00650	0.00187	0.00280	0.02865	0.00537	0.00472
47	0.35588	0.01369	0.08885	0.01600	0.21449	0.04058	0.02474	0.08182	0.01221	0.06829	0.00977	0.01135	0.00748	0.00531	0.00484	0.00166	0.02845	0.00396	0.00337	0.00726

[dist]
# distance from previous block
# <min> <max>
1	27

[block]
# block no. 6 follows, 45 sequences, length 6
# corresponding to MSA columns:
# 477-482
name=unknown_G
#
# <colnr> <probs for GDERKNQSTAVLIFYWHMCP>
#	G	D	E	R	K	N	Q	S	T	A	V	L	I	F	Y	W	H	M	C	P
0	0.07987	0.01324	0.06581	0.19103	0.13853	0.03790	0.03617	0.11590	0.22749	0.02052	0.01339	0.01481	0.01013	0.00589	0.00522	0.00172	0.00600	0.00496	0.00378	0.00765
1	0.01240	0.01196	0.05878	0.01904	0.29653	0.01096	0.05559	0.03719	0.09260	0.04271	0.01544	0.05634	0.06071	0.00640	0.00584	0.00157	0.04194	0.00564	0.00350	0.16485
2	0.00779	0.00526	0.00614	0.00614	0.00624	0.00536	0.00361	0.00799	0.00789	0.01062	0.01665	0.03368	0.01889	0.73207	0.10575	0.00556	0.00615	0.00759	0.00321	0.00341
3	0.00903	0.00648	0.00897	0.03522	0.01135	0.00681	0.00801	0.01117	0.01168	0.04197	0.04875	0.13842	0.06152	0.01533	0.05884	0.00269	0.06000	0.42874	0.02994	0.00509
4	0.84927	0.01038	0.00789	0.00706	0.01038	0.01204	0.00581	0.01578	0.00914	0.02408	0.00747	0.00872	0.00581	0.00498	0.00332	0.00166	0.00415	0.00291	0.00332	0.00581
5	0.84927	0.01038	0.00789	0.00706	0.01038	0.01204	0.00581	0.01578	0.00914	0.02408	0.00747	0.00872	0.00581	0.00498	0.00332	0.00166	0.00415	0.00291	0.00332	0.00581

[dist]
# distance from previous block
# <min> <max>
0	1

[block]
# block no. 7 follows, 45 sequences, length 20
# corresponding to MSA columns:
# 484-503
name=unknown_H
#
# <colnr> <probs for GDERKNQSTAVLIFYWHMCP>
#	G	D	E	R	K	N	Q	S	T	A	V	L	I	F	Y	W	H	M	C	P
0	0.01470	0.25164	0.19117	0.01579	0.14204	0.05636	0.04644	0.14549	0.01410	0.03814	0.01043	0.03167	0.00847	0.00547	0.00479	0.00151	0.00662	0.00433	0.00310	0.00775
1	0.01242	0.01599	0.17048	0.04818	0.18015	0.06332	0.22179	0.03167	0.06666	0.01794	0.08821	0.01724	0.01321	0.00590	0.00569	0.00171	0.00710	0.02175	0.00322	0.00738
2	0.01113	0.00954	0.01113	0.00795	0.01272	0.00716	0.00636	0.01352	0.01113	0.01749	0.00954	0.01113	0.00795	0.00398	0.00398	0.00080	0.00398	0.00318	0.00318	0.84417
3	0.01933	0.12706	0.01691	0.01318	0.01623	0.66656	0.01021	0.04373	0.01497	0.01372	0.00833	0.00964	0.00698	0.00544	0.00468	0.00136	0.00905	0.00342	0.00279	0.00640
4	0.00654	0.00467	0.00623	0.00747	0.00779	0.00436	0.00498	0.00747	0.01028	0.01370	0.02959	0.80785	0.03550	0.01682	0.00685	0.00218	0.00311	0.01526	0.00498	0.00436
5	0.04879	0.01024	0.01297	0.00998	0.01413	0.00959	0.00824	0.15792	0.01695	0.62371	0.01926	0.01701	0.01231	0.00656	0.00533	0.00165	0.00480	0.00522	0.00631	0.00903
6	0.01435	0.81458	0.02813	0.00918	0.01378	0.02124	0.00918	0.01607	0.01091	0.01263	0.00746	0.00861	0.00689	0.00459	0.00344	0.00115	0.00574	0.00287	0.00230	0.00689
7	0.00653	0.00472	0.00618	0.00734	0.00775	0.00437	0.00492	0.00749	0.01040	0.01375	0.03118	0.75922	0.08310	0.01661	0.00682	0.00216	0.00309	0.01501	0.00498	0.00437
8	0.02272	0.01117	0.01335	0.01038	0.01447	0.04118	0.00852	0.18618	0.04556	0.55950	0.01888	0.01682	0.01224	0.00658	0.00537	0.00164	0.00505	0.00522	0.00617	0.00899
9	0.00766	0.00553	0.00727	0.00695	0.00822	0.00514	0.00529	0.01019	0.01502	0.02118	0.72779	0.04139	0.04940	0.01122	0.00640	0.00174	0.00268	0.05603	0.00585	0.00506
10	0.00771	0.00558	0.00776	0.00776	0.00842	0.00624	0.00563	0.00903	0.00837	0.01182	0.01517	0.02548	0.01533	0.28145	0.55150	0.00756	0.01151	0.00639	0.00299	0.00431
11	0.84927	0.01038	0.00789	0.00706	0.01038	0.01204	0.00581	0.01578	0.00914	0.02408	0.00747	0.00872	0.00581	0.00498	0.00332	0.00166	0.00415	0.00291	0.00332	0.00581
12	0.00840	0.00564	0.00720	0.00685	0.00827	0.00520	0.00524	0.01082	0.01454	0.05087	0.59324	0.03999	0.09824	0.01091	0.00619	0.00172	0.00278	0.05565	0.06309	0.00518
13	0.00659	0.00477	0.00625	0.00741	0.00785	0.00443	0.00503	0.00760	0.01047	0.01383	0.03125	0.73373	0.08612	0.01654	0.00683	0.00216	0.00314	0.03664	0.00498	0.00439
14	0.06415	0.01388	0.01522	0.21626	0.06744	0.10618	0.01123	0.31812	0.06509	0.02340	0.01173	0.01337	0.00875	0.00592	0.00513	0.00163	0.00638	0.00462	0.03394	0.00755
15	0.01710	0.01149	0.01302	0.01035	0.01374	0.01214	0.00840	0.44736	0.02105	0.12407	0.23805	0.02156	0.02186	0.00780	0.00566	0.00164	0.00475	0.00634	0.00569	0.00793
16	0.00759	0.00582	0.00717	0.00780	0.00929	0.00541	0.00649	0.00958	0.01243	0.01562	0.07269	0.05575	0.35872	0.01412	0.00690	0.00215	0.00386	0.38886	0.00500	0.00477
17	0.01101	0.08172	0.73174	0.01488	0.02258	0.01307	0.01910	0.01694	0.01130	0.01670	0.00948	0.01115	0.00681	0.00507	0.00499	0.00166	0.00778	0.00389	0.00227	0.00786
18	0.80097	0.01007	0.00772	0.00694	0.01014	0.01164	0.00569	0.01559	0.00926	0.02385	0.00805	0.00937	0.00627	0.00506	0.00335	0.00164	0.00406	0.00303	0.05153	0.00577
19	0.01016	0.00650	0.00708	0.00702	0.00846	0.00678	0.00520	0.05660	0.12852	0.01944	0.02125	0.23741	0.01991	0.00934	0.00497	0.00162	0.00314	0.00799	0.43301	0.00560

[dist]
# distance from previous block
# <min> <max>
1	2

[block]
# block no. 8 follows, 45 sequences, length 6
# corresponding to MSA columns:
# 506-511
name=unknown_I
