[name]
unknown

[dist]
# distance from previous block
# <min> <max>
0	484

[block]
# block no. 0 follows, 46 sequences, length 43
# corresponding to MSA columns:
# 492-534
name=unknown_A
#
# <colnr> <probs for GDERKNQSTAVLIFYWHMCP>
#	G	D	E	R	K	N	Q	S	T	A	V	L	I	F	Y	W	H	M	C	P
0	0.01314	0.00897	0.01117	0.04529	0.01351	0.00952	0.00870	0.20958	0.04648	0.09787	0.02176	0.13968	0.02142	0.01103	0.00660	0.00203	0.02664	0.29510	0.00499	0.00650
1	0.04448	0.01415	0.04111	0.01195	0.03592	0.04430	0.00960	0.55702	0.03613	0.02828	0.01334	0.04707	0.01076	0.07307	0.00703	0.00190	0.00578	0.00530	0.00476	0.00804
2	0.01201	0.00779	0.01056	0.01007	0.05856	0.00768	0.05082	0.06225	0.06427	0.14422	0.04870	0.12627	0.06289	0.22470	0.03704	0.02021	0.00498	0.00770	0.03346	0.00583
3	0.04563	0.03191	0.01168	0.02860	0.04375	0.04315	0.00786	0.16814	0.09875	0.05944	0.10921	0.08659	0.05964	0.05311	0.05253	0.00228	0.05097	0.00672	0.03353	0.00652
4	0.08411	0.01054	0.01670	0.36542	0.27752	0.01171	0.03076	0.01560	0.04228	0.05016	0.01069	0.01440	0.00846	0.03318	0.00587	0.00180	0.00629	0.00476	0.00286	0.00687
5	0.01626	0.01027	0.01427	0.31529	0.04245	0.01115	0.01091	0.16785	0.03554	0.25451	0.02960	0.01636	0.01085	0.03404	0.00606	0.00180	0.00576	0.00514	0.00441	0.00748
6	0.06896	0.00969	0.01158	0.00941	0.01257	0.03931	0.04082	0.10558	0.05960	0.22314	0.22240	0.04889	0.02201	0.00754	0.00536	0.00157	0.00435	0.00635	0.00518	0.09569
7	0.01236	0.04931	0.02891	0.02142	0.07288	0.01328	0.63137	0.01675	0.03247	0.01675	0.01153	0.04633	0.00930	0.00504	0.00605	0.00176	0.00824	0.00634	0.00281	0.00711
8	0.01363	0.01417	0.02780	0.02014	0.02496	0.01403	0.59445	0.13509	0.01416	0.01926	0.01077	0.01384	0.00811	0.00506	0.00680	0.00179	0.05964	0.00590	0.00307	0.00734
9	0.00902	0.00499	0.00738	0.00796	0.04120	0.00497	0.00502	0.00740	0.00743	0.00996	0.01135	0.07813	0.01194	0.08309	0.01943	0.67511	0.00459	0.00565	0.00258	0.00279
10	0.09061	0.00981	0.01174	0.03846	0.04546	0.04530	0.00794	0.08076	0.01436	0.44010	0.01801	0.08337	0.01331	0.00704	0.00511	0.00163	0.00470	0.00572	0.06884	0.00774
11	0.01324	0.01101	0.01175	0.01051	0.01345	0.01259	0.00819	0.04206	0.69116	0.04258	0.06640	0.02071	0.01792	0.00736	0.00543	0.00178	0.00413	0.00615	0.00543	0.00820
12	0.00863	0.00670	0.00737	0.00704	0.00715	0.03830	0.00447	0.00883	0.00803	0.01065	0.01517	0.03086	0.01727	0.68639	0.02488	0.00464	0.09976	0.00715	0.00308	0.00363
13	0.03631	0.00979	0.01231	0.00965	0.01352	0.00930	0.00791	0.11654	0.08718	0.57592	0.01952	0.01740	0.01276	0.00653	0.00522	0.00163	0.00454	0.00525	0.03999	0.00872
14	0.01038	0.00983	0.01695	0.67244	0.09432	0.01173	0.05983	0.01390	0.01082	0.01418	0.00972	0.01417	0.00738	0.00521	0.00530	0.00173	0.00698	0.00480	0.02422	0.00612
15	0.01079	0.00774	0.00955	0.02461	0.01123	0.00781	0.02411	0.11077	0.10109	0.07384	0.16440	0.19491	0.14557	0.01121	0.00614	0.00186	0.00388	0.07929	0.00519	0.00601
16	0.00918	0.00459	0.00689	0.00689	0.00689	0.00459	0.00459	0.00689	0.00689	0.00918	0.00918	0.01607	0.00918	0.01837	0.02066	0.84619	0.00459	0.00459	0.00230	0.00230
17	0.00993	0.00809	0.01155	0.01050	0.01114	0.01032	0.00842	0.01130	0.00854	0.04652	0.01148	0.01732	0.01078	0.05414	0.39047	0.03997	0.32632	0.00527	0.00278	0.00518
18	0.00657	0.00484	0.00615	0.00694	0.00762	0.00443	0.00478	0.00780	0.01117	0.01480	0.14807	0.57275	0.15432	0.01518	0.00659	0.00202	0.00292	0.01358	0.00505	0.00443
19	0.00703	0.00530	0.00673	0.00693	0.00782	0.00535	0.00497	0.00825	0.00959	0.01265	0.02794	0.16441	0.22776	0.17399	0.30162	0.00496	0.00745	0.00912	0.00382	0.00429
20	0.01435	0.78647	0.02721	0.00922	0.01368	0.05105	0.00909	0.01604	0.01091	0.01246	0.00738	0.00852	0.00679	0.00456	0.00345	0.00114	0.00580	0.00285	0.00228	0.00676
21	0.12666	0.00862	0.01084	0.00870	0.01226	0.00791	0.00712	0.02243	0.01379	0.58536	0.01938	0.05033	0.01345	0.00689	0.00504	0.00164	0.00425	0.02117	0.06615	0.00801
22	0.03001	0.04356	0.01889	0.15332	0.43831	0.03873	0.03114	0.03069	0.09724	0.03801	0.01129	0.01380	0.00900	0.00537	0.00538	0.01360	0.00619	0.00475	0.00304	0.00768
23	0.00991	0.13434	0.01132	0.03921	0.01035	0.00831	0.00691	0.00976	0.00896	0.01161	0.01341	0.03616	0.01388	0.01436	0.01390	0.43560	0.04038	0.17477	0.00292	0.00392
24	0.01248	0.01426	0.03119	0.02228	0.02763	0.01337	0.76203	0.01693	0.01248	0.01693	0.01070	0.01426	0.00802	0.00446	0.00624	0.00178	0.00891	0.00624	0.00267	0.00713
25	0.01429	0.13132	0.01451	0.01085	0.04092	0.30187	0.00834	0.01618	0.01273	0.01502	0.04273	0.01530	0.04242	0.00580	0.00452	0.00124	0.00621	0.03395	0.03756	0.24424
26	0.01101	0.00954	0.01058	0.00785	0.01206	0.03859	0.00622	0.01333	0.01144	0.01746	0.06839	0.01345	0.01124	0.00460	0.00412	0.00089	0.00397	0.00371	0.03846	0.71310
27	0.38214	0.00855	0.00813	0.00774	0.00946	0.00917	0.00551	0.01251	0.00944	0.01804	0.01396	0.04880	0.01416	0.31572	0.11128	0.00409	0.00621	0.00595	0.00374	0.00537
28	0.01419	0.07714	0.15834	0.11671	0.36494	0.06922	0.08046	0.01733	0.01275	0.01735	0.01100	0.01435	0.00904	0.00584	0.00574	0.00185	0.00752	0.00493	0.00301	0.00830
29	0.01540	0.01111	0.01222	0.01057	0.01332	0.01143	0.00812	0.38840	0.01890	0.05073	0.02523	0.25551	0.13173	0.01135	0.00648	0.00205	0.00497	0.00921	0.00561	0.00763
30	0.02489	0.01003	0.01324	0.01038	0.01452	0.00862	0.00838	0.02649	0.01596	0.76845	0.02206	0.01987	0.01436	0.00749	0.00594	0.00190	0.00500	0.00577	0.00696	0.00969
31	0.08410	0.06219	0.09403	0.01404	0.09148	0.03838	0.05562	0.06616	0.11719	0.11478	0.07561	0.06197	0.03341	0.00865	0.02313	0.00210	0.03843	0.00623	0.00457	0.00791
32	0.01071	0.00723	0.00961	0.02613	0.05174	0.00684	0.00739	0.01217	0.01286	0.08544	0.18207	0.24258	0.05761	0.04435	0.07250	0.00289	0.00518	0.15142	0.00529	0.00601
33	0.01117	0.00727	0.00802	0.00750	0.00959	0.00644	0.00560	0.02770	0.03816	0.12213	0.11101	0.09009	0.42953	0.01217	0.00646	0.00198	0.00357	0.00989	0.08556	0.00617
34	0.05324	0.01241	0.03017	0.02792	0.16111	0.03763	0.01043	0.19156	0.01706	0.23217	0.11763	0.02113	0.03148	0.00779	0.00598	0.00190	0.00561	0.02087	0.00535	0.00856
35	0.01290	0.02815	0.01706	0.06833	0.28294	0.05939	0.07319	0.03510	0.03676	0.01818	0.11165	0.05573	0.11302	0.02333	0.00706	0.00201	0.03666	0.00710	0.00404	0.00740
36	0.01012	0.00842	0.01185	0.17174	0.04781	0.00940	0.00932	0.01211	0.02713	0.01528	0.06846	0.05320	0.10963	0.02182	0.31464	0.00471	0.08752	0.00704	0.00375	0.00604
37	0.00801	0.00574	0.00725	0.00839	0.00883	0.00523	0.00558	0.00852	0.01106	0.01490	0.03015	0.79429	0.03573	0.01727	0.00734	0.00240	0.00360	0.01526	0.00536	0.00509
38	0.01348	0.01367	0.08849	0.04485	0.10068	0.01198	0.30254	0.04895	0.05423	0.04838	0.01702	0.07046	0.01539	0.00831	0.00669	0.00213	0.00729	0.13376	0.00404	0.00767
39	0.83357	0.01123	0.00885	0.00799	0.01133	0.01262	0.00638	0.01651	0.00996	0.02489	0.00888	0.01068	0.00717	0.00589	0.00394	0.00190	0.00460	0.00337	0.00377	0.00649
40	0.01020	0.00904	0.01465	0.05122	0.40897	0.00902	0.01147	0.01251	0.01132	0.01566	0.01835	0.29828	0.01972	0.00982	0.00596	0.00186	0.00505	0.07676	0.00362	0.00652
41	0.01179	0.04688	0.01589	0.01290	0.01409	0.02779	0.05575	0.04053	0.09943	0.01466	0.01010	0.01384	0.00901	0.01243	0.11362	0.02093	0.46645	0.00492	0.00287	0.00612
42	0.01333	0.01248	0.02125	0.03192	0.76347	0.01245	0.01603	0.01645	0.01211	0.03503	0.01020	0.01320	0.00848	0.00475	0.00524	0.00157	0.00624	0.00472	0.00271	0.00839

[dist]
# distance from previous block
# <min> <max>
0	19

[block]
# block no. 1 follows, 46 sequences, length 13
# corresponding to MSA columns:
# 554-566
name=unknown_B
#
# <colnr> <probs for GDERKNQSTAVLIFYWHMCP>
#	G	D	E	R	K	N	Q	S	T	A	V	L	I	F	Y	W	H	M	C	P
0	0.01031	0.00884	0.01019	0.00749	0.01179	0.00669	0.00595	0.01252	0.01111	0.01682	0.01548	0.01646	0.11413	0.00522	0.00424	0.00092	0.00374	0.00424	0.00338	0.73047
1	0.00827	0.00805	0.00685	0.00669	0.00842	0.11320	0.00494	0.00961	0.01237	0.01434	0.09327	0.07719	0.55618	0.04875	0.00701	0.00189	0.00374	0.00999	0.00459	0.00466
2	0.00755	0.00586	0.00830	0.00820	0.00918	0.00667	0.00634	0.00926	0.00894	0.01250	0.01937	0.02501	0.11871	0.06222	0.62398	0.00718	0.04648	0.00645	0.00311	0.00468
3	0.01178	0.01170	0.01692	0.01644	0.11964	0.01569	0.01221	0.01321	0.00864	0.01335	0.00735	0.01178	0.00714	0.00863	0.01568	0.00221	0.69452	0.00464	0.00236	0.00614
4	0.01256	0.00934	0.01211	0.00927	0.01286	0.00830	0.05614	0.05202	0.03860	0.10957	0.01258	0.01614	0.01060	0.11797	0.04287	0.00203	0.03623	0.00458	0.00367	0.43257
5	0.01233	0.00936	0.01336	0.01135	0.01375	0.00966	0.12215	0.17500	0.04393	0.07116	0.02043	0.24613	0.03308	0.04700	0.00759	0.00207	0.04033	0.09401	0.02099	0.00632
6	0.01810	0.12669	0.04639	0.01153	0.01542	0.16109	0.00976	0.34697	0.06465	0.08865	0.05040	0.01367	0.01101	0.00616	0.00497	0.00151	0.00619	0.00457	0.00441	0.00787
7	0.01402	0.59437	0.02584	0.03608	0.15058	0.05137	0.03362	0.01609	0.01120	0.01348	0.00800	0.00967	0.00711	0.00461	0.00392	0.00126	0.00607	0.00334	0.00236	0.00702
8	0.00894	0.00527	0.00580	0.00591	0.00708	0.00521	0.00434	0.01170	0.04939	0.01868	0.12222	0.16930	0.05076	0.00901	0.00477	0.00151	0.00267	0.00769	0.50478	0.00497
9	0.72292	0.00948	0.00740	0.00671	0.00975	0.01073	0.00547	0.01433	0.00946	0.02228	0.01439	0.01502	0.12341	0.00620	0.00372	0.00166	0.00387	0.00412	0.00352	0.00553
10	0.01296	0.69371	0.02442	0.00879	0.01267	0.01839	0.00842	0.01454	0.01065	0.01260	0.01067	0.13056	0.01107	0.00635	0.00390	0.00129	0.00526	0.00468	0.00266	0.00641
11	0.01100	0.01060	0.01533	0.01545	0.12959	0.01370	0.01111	0.01253	0.00904	0.01355	0.02650	0.01565	0.04415	0.03469	0.08397	0.00279	0.53657	0.00522	0.00262	0.00593
12	0.00729	0.00540	0.00681	0.00645	0.00778	0.00491	0.00484	0.00961	0.01452	0.02015	0.66814	0.04122	0.16084	0.01120	0.00624	0.00168	0.00252	0.00980	0.00568	0.00491

[dist]
# distance from previous block
# <min> <max>
0	1

[block]
# block no. 2 follows, 46 sequences, length 12
# corresponding to MSA columns:
# 568-570,576-584
name=unknown_C
#
# <colnr> <probs for GDERKNQSTAVLIFYWHMCP>
#	G	D	E	R	K	N	Q	S	T	A	V	L	I	F	Y	W	H	M	C	P
0	0.00720	0.00535	0.00647	0.00624	0.00761	0.00482	0.00466	0.00932	0.01384	0.01896	0.52115	0.06479	0.25323	0.01152	0.00615	0.00169	0.00256	0.00998	0.03964	0.00482
1	0.00716	0.00602	0.00659	0.00686	0.02801	0.00544	0.00505	0.00966	0.06538	0.01547	0.09441	0.04768	0.60085	0.01266	0.00624	0.00182	0.00304	0.06782	0.00494	0.00490
2	0.01975	0.02520	0.01498	0.01362	0.01634	0.79299	0.01021	0.02111	0.01498	0.01294	0.00817	0.00953	0.00681	0.00545	0.00477	0.00136	0.00953	0.00340	0.00272	0.00613
3	0.01450	0.01076	0.01148	0.00990	0.01288	0.01203	0.00782	0.17670	0.43898	0.06228	0.01887	0.01818	0.01403	0.00678	0.00505	0.00164	0.00422	0.00550	0.16052	0.00789
4	0.03961	0.01226	0.01941	0.28003	0.30358	0.05805	0.11287	0.03440	0.01219	0.06190	0.01039	0.01350	0.00801	0.00506	0.00530	0.00166	0.00689	0.00481	0.00286	0.00722
5	0.01212	0.20253	0.24015	0.03787	0.05306	0.03655	0.01355	0.01500	0.01003	0.01405	0.00801	0.01083	0.00690	0.00651	0.00932	0.00178	0.30870	0.00398	0.00230	0.00673
6	0.00657	0.00540	0.00581	0.00581	0.00747	0.00464	0.00442	0.00816	0.01253	0.01550	0.17112	0.04949	0.61852	0.01303	0.00630	0.00180	0.00277	0.05102	0.00506	0.00457
7	0.02061	0.00864	0.01160	0.00917	0.01273	0.00779	0.00749	0.05815	0.01511	0.61014	0.10408	0.02032	0.01698	0.00932	0.06054	0.00212	0.00501	0.00579	0.00614	0.00825
8	0.00738	0.00518	0.00675	0.00757	0.00805	0.00510	0.00543	0.00847	0.00987	0.01311	0.02457	0.36111	0.02827	0.24273	0.05208	0.00338	0.00466	0.19783	0.00431	0.00415
9	0.01355	0.01214	0.05594	0.08992	0.07026	0.01137	0.00980	0.21869	0.08432	0.02145	0.01202	0.03793	0.00964	0.00563	0.00506	0.00137	0.02088	0.00455	0.00380	0.31169
10	0.71948	0.04409	0.04105	0.00737	0.01064	0.01172	0.00636	0.01496	0.00900	0.02189	0.00758	0.00924	0.00606	0.00589	0.00463	0.06392	0.00435	0.00303	0.00311	0.00560
11	0.01446	0.22990	0.09289	0.01307	0.04982	0.26653	0.04580	0.01713	0.04180	0.01387	0.01003	0.04449	0.00894	0.00840	0.06368	0.00200	0.06364	0.00433	0.00272	0.00650

[dist]
# distance from previous block
# <min> <max>
0	1

[block]
# block no. 3 follows, 46 sequences, length 45
# corresponding to MSA columns:
# 595-638,640
name=unknown_D
#
# <colnr> <probs for GDERKNQSTAVLIFYWHMCP>
#	G	D	E	R	K	N	Q	S	T	A	V	L	I	F	Y	W	H	M	C	P
0	0.01138	0.06902	0.34432	0.02064	0.32113	0.01204	0.01586	0.01552	0.01160	0.01668	0.04918	0.06648	0.01141	0.00592	0.00518	0.00163	0.00649	0.00518	0.00274	0.00759
1	0.00918	0.00459	0.00689	0.00689	0.00689	0.00459	0.00459	0.00689	0.00689	0.00918	0.00918	0.01607	0.00918	0.01837	0.02066	0.84619	0.00459	0.00459	0.00230	0.00230
2	0.01189	0.04196	0.28802	0.13467	0.21982	0.06371	0.05820	0.01641	0.03839	0.01610	0.02052	0.01317	0.00846	0.00657	0.03827	0.00192	0.00748	0.00452	0.00259	0.00734
3	0.01200	0.03567	0.07485	0.09083	0.20174	0.03535	0.18359	0.05305	0.06271	0.01680	0.01223	0.02858	0.01024	0.01079	0.12632	0.00273	0.00810	0.02438	0.00302	0.00702
4	0.01121	0.01052	0.01768	0.40526	0.36675	0.01167	0.01460	0.01433	0.01103	0.01497	0.01012	0.01501	0.00845	0.05896	0.00670	0.00190	0.00658	0.00490	0.00253	0.00681
5	0.00959	0.00664	0.00887	0.00941	0.06078	0.00640	0.00674	0.01277	0.06826	0.08095	0.37775	0.11247	0.07337	0.01111	0.00626	0.00185	0.00349	0.13228	0.00534	0.00567
6	0.00749	0.00555	0.00814	0.00822	0.00906	0.00635	0.00625	0.00918	0.00855	0.01221	0.01534	0.07443	0.01510	0.09395	0.68558	0.00783	0.01277	0.00643	0.00300	0.00458
7	0.01146	0.00911	0.01232	0.12520	0.01510	0.01017	0.06103	0.18234	0.01246	0.01681	0.01336	0.02236	0.01294	0.33249	0.07994	0.00367	0.06421	0.00609	0.00342	0.00550
8	0.01413	0.01254	0.01609	0.01336	0.01463	0.01625	0.01111	0.23835	0.01313	0.01891	0.00867	0.01190	0.00756	0.00838	0.01373	0.00209	0.56453	0.00467	0.00321	0.00675
9	0.01215	0.01253	0.01611	0.01386	0.01405	0.07117	0.01147	0.01332	0.00858	0.01274	0.00703	0.01142	0.00693	0.00898	0.01646	0.00225	0.74827	0.00454	0.00234	0.00581
10	0.01398	0.06972	0.01367	0.04418	0.01503	0.08441	0.00892	0.05693	0.58587	0.02071	0.01842	0.01747	0.01395	0.00671	0.00518	0.00170	0.00496	0.00542	0.00479	0.00797
11	0.59311	0.03491	0.00994	0.08230	0.01343	0.01187	0.01798	0.01628	0.08407	0.02160	0.01044	0.01388	0.00868	0.00583	0.00400	0.00171	0.00455	0.05596	0.00346	0.00599
12	0.00800	0.00631	0.00960	0.12179	0.01323	0.00750	0.00772	0.01002	0.00875	0.01237	0.01343	0.02022	0.01246	0.06859	0.62868	0.00724	0.03090	0.00559	0.00277	0.00484
13	0.07243	0.00983	0.01215	0.01031	0.06804	0.00872	0.00764	0.01535	0.01122	0.12369	0.01066	0.01198	0.00837	0.00490	0.00539	0.00116	0.07745	0.00367	0.00350	0.53356
14	0.68015	0.01031	0.00959	0.03816	0.06709	0.01173	0.00710	0.01617	0.00968	0.07647	0.00857	0.00986	0.00652	0.00513	0.00399	0.00165	0.02500	0.00328	0.00340	0.00615
15	0.73817	0.01069	0.00926	0.00910	0.06519	0.01220	0.00675	0.06421	0.01024	0.02389	0.00789	0.00917	0.00612	0.00499	0.00354	0.00163	0.00436	0.00312	0.00336	0.00612
16	0.01476	0.00780	0.01036	0.06632	0.04450	0.00757	0.00704	0.06868	0.01246	0.30286	0.01911	0.14696	0.01735	0.23651	0.01164	0.00271	0.00480	0.00741	0.00478	0.00636
17	0.01553	0.01264	0.01652	0.05824	0.23853	0.01362	0.02467	0.35657	0.09263	0.02452	0.01399	0.08313	0.01166	0.00676	0.00543	0.00166	0.00567	0.00578	0.00429	0.00815
18	0.01096	0.01056	0.12653	0.01189	0.01461	0.00807	0.18016	0.01223	0.00977	0.06433	0.01224	0.01952	0.01106	0.06851	0.01354	0.35357	0.00610	0.05856	0.00291	0.00490
19	0.01050	0.00873	0.00961	0.00897	0.01124	0.00950	0.00697	0.01969	0.43329	0.02019	0.18826	0.04325	0.13587	0.00953	0.00585	0.00182	0.00364	0.06096	0.00536	0.00676
20	0.01089	0.00896	0.01227	0.12119	0.06936	0.00937	0.04608	0.05429	0.18536	0.04105	0.01946	0.28430	0.01906	0.00941	0.00572	0.00178	0.00466	0.00844	0.00429	0.08405
21	0.02358	0.00921	0.01240	0.00951	0.01360	0.00809	0.00786	0.05338	0.01550	0.75676	0.02055	0.01780	0.01293	0.00654	0.00532	0.00163	0.00455	0.00530	0.00650	0.00900
22	0.01255	0.00695	0.01028	0.01127	0.12140	0.00682	0.00709	0.01288	0.03028	0.16710	0.01291	0.01783	0.01108	0.07276	0.07688	0.40285	0.00561	0.00510	0.00339	0.00495
23	0.01161	0.10920	0.47037	0.01732	0.07358	0.01350	0.19778	0.01665	0.01149	0.01636	0.00958	0.01175	0.00714	0.00481	0.00515	0.00163	0.00774	0.00441	0.00237	0.00757
24	0.00676	0.00484	0.00644	0.00726	0.00783	0.00452	0.00504	0.00812	0.01138	0.01547	0.21387	0.59742	0.03850	0.01508	0.00664	0.00204	0.00298	0.03621	0.00513	0.00448
25	0.01140	0.01132	0.01611	0.01372	0.01388	0.01556	0.03315	0.01260	0.00820	0.01272	0.00753	0.01279	0.00758	0.04925	0.01750	0.00244	0.74135	0.00483	0.00237	0.00569
26	0.01357	0.07462	0.14323	0.06729	0.16130	0.13987	0.09466	0.05771	0.02908	0.03812	0.01186	0.08839	0.01042	0.00639	0.00577	0.00165	0.04052	0.00543	0.00306	0.00706
27	0.01311	0.01335	0.07048	0.05342	0.57948	0.05063	0.01492	0.01617	0.01207	0.04887	0.01165	0.07052	0.01025	0.00572	0.00531	0.00162	0.00626	0.00536	0.00292	0.00787
28	0.01483	0.73062	0.02626	0.00946	0.01381	0.08903	0.00912	0.01650	0.01121	0.02835	0.00770	0.00877	0.00692	0.00465	0.00355	0.00116	0.00597	0.00293	0.00239	0.00677
29	0.03778	0.01036	0.01192	0.00911	0.02961	0.04074	0.02377	0.03197	0.01174	0.07194	0.01021	0.01149	0.00814	0.00428	0.00414	0.00095	0.00440	0.00343	0.00339	0.67062
30	0.01225	0.01041	0.01209	0.03463	0.09084	0.01166	0.00869	0.03250	0.53261	0.02116	0.10046	0.02145	0.03185	0.00730	0.00538	0.00173	0.00421	0.00622	0.04684	0.00771
31	0.01340	0.00941	0.03620	0.03985	0.21144	0.00869	0.05840	0.01573	0.01221	0.19120	0.01826	0.09131	0.01682	0.00945	0.00704	0.06275	0.00539	0.18152	0.00420	0.00674
32	0.00664	0.00531	0.00594	0.00591	0.00741	0.00461	0.00438	0.00829	0.01278	0.01631	0.27122	0.10858	0.49825	0.01286	0.00628	0.00178	0.00265	0.01099	0.00518	0.00461
33	0.00713	0.00522	0.00677	0.00730	0.00825	0.00486	0.00546	0.00889	0.01233	0.01658	0.28412	0.33366	0.12452	0.01392	0.00661	0.00199	0.00314	0.13938	0.00521	0.00465
34	0.01141	0.01146	0.08305	0.11508	0.40619	0.01045	0.03256	0.01362	0.01051	0.01477	0.00985	0.01403	0.00843	0.00917	0.03820	0.19107	0.00649	0.00469	0.00249	0.00650
35	0.01100	0.01014	0.01688	0.14324	0.47986	0.01043	0.01324	0.01366	0.01135	0.01578	0.01453	0.20727	0.01464	0.00768	0.00561	0.00174	0.00562	0.00722	0.00313	0.00700
36	0.02122	0.00855	0.01153	0.00909	0.01278	0.00755	0.00745	0.02341	0.02679	0.66538	0.02256	0.02041	0.06422	0.00940	0.06218	0.00214	0.00507	0.00574	0.00615	0.00838
37	0.00719	0.00550	0.00661	0.00631	0.00776	0.00497	0.00474	0.00955	0.02802	0.01901	0.53363	0.04275	0.28146	0.01156	0.00622	0.00170	0.00258	0.01000	0.00552	0.00488
38	0.00850	0.00716	0.00924	0.04832	0.01117	0.05989	0.00717	0.01039	0.00902	0.01233	0.01358	0.02000	0.01262	0.05362	0.68297	0.00760	0.01328	0.00551	0.00281	0.00484
39	0.30452	0.01173	0.01332	0.19298	0.11704	0.05480	0.01018	0.13719	0.01257	0.02058	0.00945	0.01235	0.00757	0.03939	0.00590	0.00180	0.03471	0.00413	0.00324	0.00655
40	0.01545	0.00996	0.01187	0.07874	0.04033	0.07245	0.00910	0.10759	0.01470	0.23659	0.04856	0.03030	0.01834	0.00897	0.00587	0.00186	0.00531	0.24079	0.03636	0.00685
41	0.00730	0.00504	0.00645	0.00741	0.00816	0.00478	0.00548	0.00879	0.01087	0.01484	0.02962	0.47882	0.09823	0.01457	0.00645	0.00207	0.00336	0.17561	0.10765	0.00451
42	0.14940	0.05434	0.04549	0.05040	0.09756	0.01001	0.00860	0.01532	0.03807	0.04952	0.00989	0.01145	0.00790	0.00461	0.00434	0.00121	0.01588	0.00357	0.00318	0.41926
43	0.24591	0.01214	0.01562	0.10451	0.34440	0.05221	0.01174	0.06349	0.01193	0.01945	0.00921	0.01159	0.00742	0.00491	0.00458	0.00154	0.00573	0.00402	0.00298	0.06661
44	0.11332	0.06783	0.01454	0.01198	0.01507	0.45063	0.00932	0.10149	0.13435	0.01779	0.01062	0.01131	0.00839	0.00570	0.00467	0.00147	0.00743	0.00386	0.00345	0.00678

[dist]
# distance from previous block
# <min> <max>
0	4

[block]
# block no. 4 follows, 46 sequences, length 20
# corresponding to MSA columns:
# 645-659,661-665
name=unknown_E
#
# <colnr> <probs for GDERKNQSTAVLIFYWHMCP>
#	G	D	E	R	K	N	Q	S	T	A	V	L	I	F	Y	W	H	M	C	P
0	0.04507	0.00707	0.00757	0.04344	0.01006	0.07570	0.00608	0.00952	0.01081	0.01413	0.02694	0.55955	0.07862	0.01419	0.00636	0.00204	0.00398	0.06969	0.00452	0.00465
1	0.01104	0.01000	0.01640	0.03923	0.04124	0.01068	0.20481	0.09072	0.04345	0.01709	0.05388	0.14931	0.01700	0.03873	0.06986	0.01328	0.10962	0.05387	0.00368	0.00610
2	0.01023	0.00964	0.01629	0.74155	0.09447	0.01181	0.01480	0.01372	0.01069	0.01380	0.00944	0.01402	0.00715	0.00524	0.00528	0.00175	0.00699	0.00470	0.00237	0.00607
3	0.03895	0.00999	0.01486	0.56077	0.06820	0.04612	0.01296	0.01354	0.01058	0.01408	0.01030	0.04875	0.00862	0.00754	0.04437	0.00206	0.04086	0.00501	0.00258	0.03987
4	0.01221	0.01166	0.01230	0.01177	0.04657	0.11077	0.00877	0.01916	0.31648	0.01687	0.01661	0.07158	0.02617	0.01303	0.13397	0.00288	0.12625	0.00596	0.00394	0.03307
5	0.01094	0.03478	0.01256	0.11092	0.04003	0.00937	0.06759	0.01601	0.18536	0.05399	0.01948	0.12671	0.01843	0.04909	0.00748	0.03620	0.00501	0.14362	0.04633	0.00610
6	0.00834	0.00597	0.00815	0.00921	0.01036	0.00593	0.00788	0.01053	0.01181	0.01531	0.02839	0.05724	0.06713	0.07687	0.00878	0.00261	0.00478	0.65126	0.00474	0.00472
7	0.01275	0.01660	0.19940	0.05777	0.11293	0.04667	0.32892	0.03512	0.03820	0.04199	0.01122	0.01373	0.00839	0.00499	0.00552	0.00168	0.00759	0.00518	0.04399	0.00737
8	0.01032	0.00952	0.01593	0.67843	0.11637	0.01150	0.01431	0.01375	0.01076	0.01422	0.00984	0.01426	0.00751	0.00527	0.00520	0.00171	0.00674	0.00471	0.04355	0.00610
9	0.00644	0.00460	0.00613	0.00736	0.00767	0.00429	0.00491	0.00736	0.01012	0.01350	0.02914	0.81076	0.03497	0.01656	0.00675	0.00215	0.00307	0.01503	0.00491	0.00429
10	0.01068	0.01028	0.01440	0.01258	0.01278	0.01405	0.01035	0.01193	0.00824	0.01262	0.00946	0.01459	0.02609	0.03554	0.14524	0.00339	0.63475	0.00503	0.00248	0.00551
11	0.00657	0.00489	0.00611	0.00681	0.00759	0.00444	0.00473	0.00783	0.01131	0.01489	0.15394	0.52274	0.19894	0.01496	0.00656	0.00199	0.00289	0.01332	0.00505	0.00444
12	0.00765	0.00526	0.00644	0.00644	0.00667	0.00549	0.00404	0.00812	0.00789	0.01075	0.01604	0.03118	0.01774	0.62286	0.21623	0.00596	0.00736	0.00719	0.00311	0.00358
13	0.01299	0.02972	0.07844	0.01120	0.08895	0.00844	0.00871	0.01564	0.01155	0.14053	0.01165	0.01306	0.00905	0.00744	0.06870	0.00171	0.00545	0.00390	0.00351	0.46934
14	0.05618	0.62408	0.11463	0.00995	0.01470	0.05694	0.01019	0.03641	0.01129	0.01410	0.00779	0.00896	0.00678	0.00470	0.00370	0.00124	0.00602	0.00304	0.00241	0.00688
15	0.01378	0.36317	0.31279	0.01281	0.05502	0.02954	0.01340	0.07454	0.01235	0.05423	0.00938	0.01054	0.00731	0.00498	0.00437	0.00142	0.00652	0.00361	0.00272	0.00752
16	0.01410	0.06822	0.19161	0.04102	0.11343	0.23848	0.05554	0.06092	0.01337	0.01642	0.07054	0.01418	0.02388	0.00636	0.01606	0.00166	0.03970	0.00463	0.00297	0.00690
17	0.00748	0.00642	0.00772	0.00731	0.00855	0.00666	0.00564	0.00902	0.01185	0.01548	0.20476	0.09816	0.42361	0.01231	0.00826	0.00188	0.14549	0.00993	0.00465	0.00480
18	0.01096	0.00940	0.01096	0.00783	0.01253	0.00705	0.00626	0.01331	0.01096	0.01723	0.00940	0.01096	0.00783	0.00392	0.00392	0.00078	0.00392	0.00313	0.00313	0.84653
19	0.01113	0.16772	0.37775	0.01288	0.05325	0.01232	0.02694	0.01503	0.01069	0.02819	0.01026	0.01324	0.00845	0.04561	0.11082	0.00256	0.00770	0.00415	0.00254	0.07878

[dist]
# distance from previous block
# <min> <max>
0	2

[block]
# block no. 5 follows, 46 sequences, length 19
# corresponding to MSA columns:
# 668-686
name=unknown_F
#
# <colnr> <probs for GDERKNQSTAVLIFYWHMCP>
#	G	D	E	R	K	N	Q	S	T	A	V	L	I	F	Y	W	H	M	C	P
0	0.01220	0.00868	0.02844	0.06852	0.21568	0.00815	0.02491	0.01441	0.01194	0.16754	0.02113	0.27527	0.04698	0.00996	0.00594	0.00186	0.00480	0.06266	0.00435	0.00658
1	0.05056	0.03564	0.18826	0.04701	0.22240	0.11161	0.12498	0.04630	0.04510	0.05013	0.01088	0.02422	0.00850	0.00528	0.00518	0.00162	0.00711	0.00470	0.00299	0.00753
2	0.01932	0.02451	0.01502	0.04786	0.01722	0.75904	0.01041	0.02078	0.01479	0.01296	0.00822	0.00973	0.00682	0.00544	0.00479	0.00138	0.00943	0.00346	0.00271	0.00612
3	0.00657	0.00517	0.00594	0.00616	0.00745	0.00454	0.00446	0.00806	0.01220	0.01561	0.20813	0.24600	0.42365	0.01364	0.00638	0.00185	0.00274	0.01181	0.00511	0.00454
4	0.01334	0.01044	0.01150	0.01000	0.01266	0.01166	0.00782	0.22218	0.33563	0.02319	0.09409	0.05248	0.01813	0.04825	0.07991	0.00250	0.00534	0.00639	0.02714	0.00736
5	0.08025	0.05681	0.15914	0.02580	0.05628	0.16460	0.08840	0.15802	0.01464	0.08767	0.01108	0.01304	0.00850	0.04574	0.00607	0.00174	0.00698	0.00444	0.00348	0.00730
6	0.01124	0.01650	0.24345	0.01858	0.09021	0.01187	0.34753	0.01567	0.01227	0.01738	0.12059	0.01680	0.01366	0.00572	0.00618	0.00173	0.03469	0.00585	0.00298	0.00708
7	0.00633	0.00502	0.00570	0.00624	0.00737	0.00439	0.00441	0.00749	0.01120	0.01394	0.04282	0.38496	0.45193	0.01478	0.00647	0.00194	0.00285	0.01286	0.00491	0.00439
8	0.01175	0.05214	0.06576	0.31188	0.11217	0.01129	0.03773	0.03523	0.04888	0.03859	0.01042	0.01307	0.00807	0.00495	0.00486	0.00145	0.00596	0.00429	0.00293	0.21858
9	0.09705	0.01301	0.02542	0.01841	0.02334	0.01232	0.55300	0.01763	0.03113	0.08630	0.01146	0.01396	0.00843	0.00472	0.00569	0.00169	0.00761	0.00562	0.00317	0.06005
10	0.00879	0.00716	0.00858	0.00740	0.01013	0.00575	0.00553	0.01054	0.01090	0.01578	0.04974	0.30514	0.08526	0.00957	0.00523	0.00140	0.00345	0.00837	0.00403	0.43725
11	0.01080	0.00905	0.01457	0.55328	0.08061	0.01080	0.01288	0.01396	0.01092	0.05038	0.01172	0.01730	0.00942	0.00610	0.00576	0.00175	0.04035	0.04774	0.08657	0.00603
12	0.02578	0.03451	0.04429	0.09113	0.11483	0.01018	0.07309	0.08536	0.02528	0.06060	0.04097	0.03414	0.05060	0.00574	0.00493	0.00138	0.00523	0.00501	0.00355	0.28342
13	0.00822	0.00613	0.00793	0.00715	0.00900	0.00543	0.02233	0.01053	0.01385	0.03933	0.49546	0.03865	0.16881	0.01053	0.00604	0.00164	0.00300	0.05175	0.00529	0.08894
14	0.01126	0.00895	0.01050	0.00770	0.01190	0.00689	0.00603	0.01336	0.01084	0.05427	0.01069	0.01368	0.00923	0.08539	0.00629	0.00126	0.00407	0.00370	0.00331	0.72069
15	0.01182	0.01208	0.06159	0.19190	0.41819	0.01174	0.05987	0.03376	0.02986	0.01710	0.06708	0.03818	0.01198	0.00572	0.00542	0.00166	0.00626	0.00544	0.00297	0.00738
16	0.05314	0.01056	0.01694	0.45179	0.27472	0.01195	0.01419	0.01519	0.04767	0.01576	0.01006	0.01367	0.00787	0.00513	0.00513	0.00167	0.00642	0.00463	0.00265	0.03086
17	0.00642	0.00467	0.00607	0.00719	0.00762	0.00431	0.00483	0.00738	0.01029	0.01356	0.03123	0.74561	0.09876	0.01629	0.00670	0.00212	0.00303	0.01470	0.00491	0.00431
18	0.01415	0.39542	0.10755	0.03605	0.04611	0.09743	0.09820	0.04921	0.01200	0.02913	0.00884	0.01068	0.00736	0.00584	0.02302	0.00158	0.04410	0.00381	0.00260	0.00695

[dist]
# distance from previous block
# <min> <max>
0	3

[block]
# block no. 6 follows, 46 sequences, length 11
# corresponding to MSA columns:
# 690-700
name=unknown_G
#
# <colnr> <probs for GDERKNQSTAVLIFYWHMCP>
#	G	D	E	R	K	N	Q	S	T	A	V	L	I	F	Y	W	H	M	C	P
0	0.01207	0.10098	0.14118	0.01573	0.11018	0.01158	0.20464	0.01553	0.01165	0.03804	0.01166	0.01361	0.03841	0.00484	0.00492	0.00138	0.00626	0.00459	0.00288	0.24987
1	0.01253	0.15593	0.49760	0.01548	0.08835	0.01344	0.04913	0.01726	0.01154	0.07670	0.01012	0.01156	0.00742	0.00501	0.00485	0.00158	0.00710	0.00401	0.00263	0.00775
2	0.01006	0.02223	0.59755	0.01318	0.01938	0.01083	0.01606	0.01567	0.04339	0.01709	0.10372	0.04287	0.01383	0.04397	0.00626	0.00185	0.00673	0.00523	0.00293	0.00716
3	0.00844	0.00640	0.00858	0.13254	0.01297	0.00617	0.02431	0.01047	0.01245	0.06506	0.18913	0.11062	0.35090	0.01125	0.00611	0.00180	0.00369	0.02921	0.00474	0.00514
4	0.01326	0.21231	0.25751	0.07760	0.14619	0.02970	0.03779	0.07715	0.01237	0.03962	0.00954	0.01147	0.00746	0.00520	0.00529	0.00155	0.04173	0.00405	0.00272	0.00749
5	0.01812	0.04565	0.07175	0.03886	0.05061	0.27083	0.08611	0.12373	0.05076	0.17362	0.01243	0.01301	0.00901	0.00568	0.00513	0.00155	0.00721	0.00450	0.00390	0.00754
6	0.00774	0.00522	0.00619	0.00619	0.00652	0.00535	0.00389	0.00830	0.00824	0.01140	0.01782	0.03182	0.05037	0.58690	0.16412	0.00535	0.00650	0.00729	0.05714	0.00364
7	0.01096	0.00940	0.01096	0.00783	0.01253	0.00705	0.00626	0.01331	0.01096	0.01723	0.00940	0.01096	0.00783	0.00392	0.00392	0.00078	0.00392	0.00313	0.00313	0.84653
8	0.01240	0.01269	0.02054	0.19425	0.35232	0.07585	0.15674	0.01563	0.01176	0.01564	0.01016	0.01384	0.00827	0.00760	0.06759	0.00218	0.00784	0.00497	0.00260	0.00712
9	0.00712	0.00553	0.00736	0.00881	0.06865	0.00511	0.00564	0.00858	0.01154	0.01536	0.16927	0.45460	0.18488	0.01394	0.00643	0.00194	0.00314	0.01244	0.00489	0.00478
10	0.00981	0.00716	0.00798	0.03909	0.00967	0.06763	0.00587	0.01046	0.01049	0.05452	0.08343	0.06045	0.10633	0.19970	0.01403	0.17832	0.00480	0.12216	0.00385	0.00425

[dist]
# distance from previous block
# <min> <max>
0	37

# created by:
# /home/cegg/simao/soft/augustus-3.2.1/scripts/msa2prfl.pl ./align_prep/EOG091G0QCX.fa
