[name]
unknown

[dist]
# distance from previous block
# <min> <max>
0	97

[block]
# block no. 0 follows, 45 sequences, length 7
# corresponding to MSA columns:
# 99-105
name=unknown_A
#
# <colnr> <probs for GDERKNQSTAVLIFYWHMCP>
#	G	D	E	R	K	N	Q	S	T	A	V	L	I	F	Y	W	H	M	C	P
0	0.01252	0.09520	0.18279	0.06512	0.05842	0.04007	0.12965	0.08727	0.04586	0.01752	0.01314	0.05787	0.01172	0.00717	0.00661	0.00181	0.07626	0.08072	0.00324	0.00704
1	0.01222	0.05148	0.21102	0.04952	0.16169	0.01289	0.10760	0.08059	0.03252	0.01779	0.01397	0.01869	0.04888	0.00682	0.00681	0.00181	0.08818	0.06710	0.00313	0.00731
2	0.00928	0.00769	0.00897	0.00870	0.00930	0.07238	0.03186	0.00979	0.00939	0.01213	0.01764	0.21370	0.01978	0.27631	0.05239	0.11221	0.07513	0.04569	0.00348	0.00417
3	0.01403	0.00989	0.01123	0.00979	0.01234	0.01048	0.00764	0.31747	0.08387	0.06832	0.04437	0.23805	0.07053	0.01076	0.00658	0.03595	0.00452	0.03205	0.00520	0.00692
4	0.01595	0.07949	0.17910	0.03670	0.13182	0.23541	0.05191	0.08634	0.05393	0.06339	0.01085	0.01220	0.00828	0.00544	0.00507	0.00156	0.00750	0.00428	0.00321	0.00757
5	0.01131	0.01304	0.09516	0.58525	0.09858	0.07755	0.01517	0.01494	0.01130	0.01434	0.00949	0.01353	0.00722	0.00530	0.00529	0.00173	0.00738	0.00458	0.00243	0.00641
6	0.00702	0.00545	0.00616	0.00628	0.00760	0.00488	0.00464	0.00846	0.01198	0.01518	0.16459	0.08933	0.42695	0.13129	0.00958	0.00238	0.00330	0.08560	0.00488	0.00446

[dist]
# distance from previous block
# <min> <max>
0	1

[block]
# block no. 1 follows, 45 sequences, length 9
# corresponding to MSA columns:
# 107-115
name=unknown_B
#
# <colnr> <probs for GDERKNQSTAVLIFYWHMCP>
#	G	D	E	R	K	N	Q	S	T	A	V	L	I	F	Y	W	H	M	C	P
0	0.01334	0.01341	0.02094	0.08551	0.52996	0.07246	0.08601	0.01648	0.01230	0.01688	0.00994	0.01302	0.00820	0.00479	0.00527	0.00155	0.00675	0.00470	0.00269	0.07579
1	0.01255	0.01055	0.01323	0.19265	0.08021	0.01188	0.00996	0.13886	0.26695	0.01998	0.01928	0.02150	0.08589	0.08400	0.00759	0.00208	0.00530	0.00614	0.00426	0.00713
2	0.00654	0.00467	0.00623	0.00747	0.00779	0.00436	0.00498	0.00747	0.01028	0.01370	0.02959	0.80785	0.03550	0.01682	0.00685	0.00218	0.00311	0.01526	0.00498	0.00436
3	0.00949	0.00726	0.00979	0.05578	0.01187	0.00834	0.00734	0.08288	0.06905	0.01515	0.01477	0.02117	0.01345	0.10668	0.53426	0.00669	0.01147	0.00583	0.00332	0.00542
4	0.01032	0.00764	0.01044	0.01106	0.08356	0.00832	0.00759	0.08390	0.05595	0.04494	0.01606	0.08484	0.01521	0.11903	0.40968	0.00568	0.00983	0.00659	0.00361	0.00574
5	0.39702	0.01087	0.01193	0.11873	0.08907	0.01199	0.00882	0.11584	0.03563	0.04007	0.03972	0.01248	0.00913	0.00547	0.00435	0.00160	0.00495	0.00404	0.00364	0.07466
6	0.01235	0.19885	0.13095	0.01297	0.08104	0.01288	0.05640	0.10848	0.01241	0.01666	0.03737	0.11509	0.01285	0.00890	0.00788	0.12257	0.03691	0.00581	0.00321	0.00641
7	0.03839	0.32457	0.03691	0.00877	0.01113	0.01297	0.00760	0.01227	0.01019	0.01357	0.05841	0.14409	0.03273	0.11844	0.06971	0.00263	0.08233	0.00652	0.00320	0.00557
8	0.01344	0.03234	0.01343	0.05797	0.04856	0.04064	0.02031	0.04087	0.18698	0.09094	0.01417	0.03085	0.01151	0.02555	0.00736	0.03595	0.08167	0.01742	0.00394	0.22610

[dist]
# distance from previous block
# <min> <max>
0	8

[block]
# block no. 2 follows, 45 sequences, length 17
# corresponding to MSA columns:
# 128-144
name=unknown_C
#
# <colnr> <probs for GDERKNQSTAVLIFYWHMCP>
#	G	D	E	R	K	N	Q	S	T	A	V	L	I	F	Y	W	H	M	C	P
0	0.01089	0.01024	0.08118	0.01206	0.10138	0.00880	0.00881	0.13907	0.02989	0.01885	0.06874	0.29221	0.02207	0.05557	0.00709	0.00198	0.00466	0.03408	0.00433	0.08809
1	0.09431	0.01375	0.01557	0.01199	0.01605	0.01495	0.05454	0.57202	0.02136	0.02984	0.01192	0.01272	0.00873	0.00678	0.00606	0.04917	0.00578	0.00467	0.00476	0.04504
2	0.00945	0.08025	0.01052	0.09124	0.03680	0.00824	0.00702	0.08190	0.01204	0.01603	0.02445	0.38348	0.10162	0.04730	0.00684	0.00200	0.00416	0.01026	0.06104	0.00536
3	0.01266	0.01139	0.08175	0.00918	0.01370	0.00871	0.00809	0.06707	0.01231	0.07438	0.01099	0.01236	0.00862	0.00486	0.00497	0.00111	0.04553	0.00372	0.05410	0.55449
4	0.00744	0.00566	0.00749	0.00845	0.05438	0.00525	0.00563	0.00922	0.01259	0.01708	0.32341	0.29882	0.14827	0.03988	0.00718	0.00201	0.00315	0.03406	0.00515	0.00489
5	0.01571	0.01213	0.08221	0.01083	0.01448	0.01148	0.00923	0.05587	0.43249	0.21378	0.02066	0.06611	0.01559	0.00746	0.00549	0.00178	0.00466	0.00621	0.00544	0.00838
6	0.05020	0.17083	0.34062	0.12272	0.02144	0.06917	0.01454	0.11854	0.01325	0.01807	0.00947	0.01122	0.00715	0.00525	0.00477	0.00157	0.00709	0.00391	0.00280	0.00741
7	0.00710	0.00716	0.07699	0.00759	0.00914	0.00541	0.00616	0.00885	0.01125	0.01489	0.11445	0.37025	0.23242	0.04016	0.06033	0.00251	0.00421	0.01169	0.00464	0.00480
8	0.02132	0.01021	0.01278	0.01018	0.01406	0.00987	0.00836	0.13713	0.11834	0.52828	0.02036	0.01975	0.01393	0.00710	0.00550	0.00171	0.00475	0.04131	0.00621	0.00884
9	0.01353	0.00784	0.01079	0.00901	0.01155	0.00740	0.05903	0.06548	0.03978	0.22626	0.30840	0.08471	0.04737	0.00904	0.00581	0.00169	0.00387	0.00793	0.07388	0.00663
10	0.01269	0.07091	0.58055	0.01485	0.02183	0.04335	0.05938	0.06968	0.01268	0.05044	0.01025	0.01169	0.00733	0.00522	0.00510	0.00165	0.00765	0.00414	0.00272	0.00790
11	0.00956	0.00637	0.00824	0.00899	0.04651	0.00617	0.00608	0.01209	0.07993	0.10126	0.02865	0.43677	0.11952	0.05356	0.04778	0.00249	0.00417	0.01146	0.00491	0.00547
12	0.00772	0.00512	0.00623	0.00643	0.00656	0.00515	0.00392	0.00783	0.00819	0.01100	0.01806	0.15282	0.02067	0.55930	0.08652	0.07343	0.00559	0.00854	0.00342	0.00348
13	0.01632	0.01308	0.01815	0.08624	0.06265	0.01389	0.15130	0.36854	0.07113	0.06433	0.01601	0.01684	0.06326	0.00646	0.00562	0.00170	0.00623	0.00568	0.00449	0.00808
14	0.01343	0.07155	0.20696	0.02271	0.36163	0.02785	0.08055	0.04871	0.01284	0.05526	0.04023	0.01379	0.00982	0.00524	0.00526	0.00161	0.00675	0.00479	0.00298	0.00802
15	0.01807	0.01093	0.01233	0.00996	0.01343	0.05024	0.00801	0.18948	0.10354	0.30414	0.16043	0.02058	0.01916	0.00730	0.00548	0.00162	0.00469	0.00595	0.00571	0.04896
16	0.01557	0.04997	0.01656	0.02710	0.14689	0.02799	0.09253	0.07782	0.01386	0.21314	0.08689	0.04040	0.01464	0.00689	0.00662	0.00169	0.08512	0.00578	0.06309	0.00745

[dist]
# distance from previous block
# <min> <max>
1	16

[block]
# block no. 3 follows, 45 sequences, length 13
# corresponding to MSA columns:
# 161-173
name=unknown_D
#
# <colnr> <probs for GDERKNQSTAVLIFYWHMCP>
#	G	D	E	R	K	N	Q	S	T	A	V	L	I	F	Y	W	H	M	C	P
0	0.01387	0.03681	0.01500	0.06233	0.10105	0.01269	0.02157	0.21744	0.05004	0.04173	0.01317	0.07662	0.01161	0.04092	0.04353	0.00217	0.13580	0.00567	0.01680	0.08119
1	0.07835	0.01190	0.03796	0.08404	0.06179	0.01213	0.00955	0.26071	0.09397	0.02283	0.01249	0.01460	0.00987	0.03620	0.07732	0.00227	0.00621	0.00466	0.00399	0.15914
2	0.00790	0.08115	0.08001	0.00828	0.00986	0.00723	0.00682	0.00942	0.01050	0.01383	0.02760	0.48660	0.13065	0.05124	0.00773	0.00214	0.03808	0.01174	0.00429	0.00496
3	0.10193	0.15116	0.18371	0.18546	0.14766	0.06140	0.03401	0.01603	0.01119	0.01601	0.00894	0.01156	0.00712	0.00519	0.00524	0.00161	0.03821	0.00404	0.00252	0.00699
4	0.01087	0.01141	0.06327	0.40695	0.15399	0.01148	0.08172	0.01426	0.01111	0.01511	0.01138	0.01549	0.03293	0.03115	0.00639	0.00179	0.02948	0.00503	0.00264	0.08355
5	0.00680	0.00487	0.00632	0.00730	0.00775	0.00457	0.00495	0.00783	0.01052	0.01401	0.07404	0.62592	0.06649	0.08876	0.00869	0.00242	0.00333	0.04620	0.00488	0.00433
6	0.06749	0.28079	0.02124	0.04509	0.08670	0.08692	0.09754	0.08505	0.06168	0.01728	0.01000	0.01181	0.00819	0.00550	0.00551	0.00152	0.06491	0.00418	0.03152	0.00708
7	0.01015	0.00981	0.08138	0.01335	0.14986	0.03211	0.00943	0.01264	0.01199	0.03930	0.12798	0.13845	0.05327	0.03816	0.02925	0.00217	0.04248	0.12252	0.06977	0.00593
8	0.12617	0.08048	0.27185	0.05220	0.12336	0.08183	0.03371	0.01606	0.01164	0.01737	0.07893	0.01377	0.01099	0.00583	0.00564	0.00165	0.05417	0.00447	0.00287	0.00699
9	0.01077	0.06499	0.17135	0.01070	0.04328	0.00930	0.00955	0.04239	0.01050	0.07298	0.01372	0.02010	0.01242	0.17484	0.30432	0.00494	0.00928	0.00549	0.00316	0.00594
10	0.01869	0.00800	0.01071	0.00881	0.01206	0.00702	0.00721	0.02080	0.01478	0.53250	0.13268	0.02833	0.08983	0.00865	0.00580	0.00175	0.00414	0.07426	0.00623	0.00775
11	0.10673	0.01123	0.01292	0.01012	0.01398	0.01147	0.00831	0.30921	0.01855	0.34210	0.08584	0.01719	0.01433	0.00679	0.00526	0.00164	0.00486	0.00532	0.00574	0.00841
12	0.03803	0.16945	0.06079	0.17531	0.10318	0.01490	0.04153	0.09905	0.05818	0.02947	0.01035	0.01293	0.00834	0.00730	0.03802	0.00197	0.11662	0.00449	0.00303	0.00707

[dist]
# distance from previous block
# <min> <max>
0	4

[block]
# block no. 4 follows, 45 sequences, length 47
# corresponding to MSA columns:
# 178-198,202-227
name=unknown_E
#
# <colnr> <probs for GDERKNQSTAVLIFYWHMCP>
#	G	D	E	R	K	N	Q	S	T	A	V	L	I	F	Y	W	H	M	C	P
0	0.09821	0.00877	0.01107	0.00889	0.01241	0.00805	0.00722	0.05220	0.01477	0.53742	0.08925	0.06180	0.05053	0.00771	0.00540	0.00170	0.00424	0.00630	0.00605	0.00800
1	0.01183	0.00830	0.00883	0.05069	0.01069	0.04892	0.00638	0.08848	0.01249	0.01979	0.01459	0.01711	0.01156	0.00644	0.00565	0.00143	0.09437	0.00478	0.53506	0.04261
2	0.00912	0.00587	0.00721	0.00685	0.00856	0.00521	0.00522	0.01106	0.01367	0.11023	0.34567	0.11243	0.28449	0.01201	0.00631	0.00180	0.00299	0.04040	0.00557	0.00531
3	0.01865	0.01416	0.01512	0.01200	0.01598	0.01583	0.00978	0.57764	0.21043	0.03099	0.01512	0.01467	0.01094	0.00665	0.00539	0.00166	0.00549	0.00514	0.00539	0.00897
4	0.01113	0.00954	0.01113	0.00795	0.01272	0.00716	0.00636	0.01352	0.01113	0.01749	0.00954	0.01113	0.00795	0.00398	0.00398	0.00080	0.00398	0.00318	0.00318	0.84417
5	0.01218	0.00588	0.00635	0.00584	0.00757	0.00578	0.00451	0.03989	0.01227	0.11894	0.01783	0.01954	0.01354	0.00631	0.00402	0.00132	0.00289	0.00505	0.70462	0.00568
6	0.02112	0.01197	0.01399	0.01091	0.01494	0.01230	0.00894	0.38048	0.06106	0.35224	0.01749	0.04283	0.01221	0.00693	0.00544	0.00166	0.00515	0.00550	0.00591	0.00893
7	0.00723	0.00514	0.00687	0.00793	0.00851	0.00493	0.00580	0.00857	0.01088	0.01446	0.06664	0.51918	0.03390	0.07548	0.00850	0.00246	0.00371	0.20047	0.00489	0.00446
8	0.00772	0.00570	0.00736	0.00764	0.00896	0.00534	0.00614	0.00999	0.01356	0.01819	0.36897	0.06842	0.17041	0.01293	0.00673	0.00200	0.00342	0.26622	0.00539	0.00491
9	0.00685	0.00494	0.00655	0.00767	0.00821	0.00464	0.00543	0.00807	0.01084	0.01435	0.05826	0.64040	0.07347	0.01617	0.00688	0.00218	0.00332	0.11228	0.00501	0.00447
10	0.07310	0.00945	0.01234	0.00952	0.01363	0.00850	0.00786	0.05579	0.01540	0.70563	0.02002	0.01748	0.01267	0.00654	0.00527	0.00166	0.00460	0.00523	0.00639	0.00894
11	0.00679	0.00492	0.00635	0.00736	0.00791	0.00459	0.00510	0.00788	0.01063	0.01398	0.04812	0.60727	0.11156	0.05956	0.00795	0.00232	0.00333	0.07508	0.00491	0.00438
12	0.00684	0.00522	0.00630	0.00669	0.00782	0.00469	0.00487	0.00839	0.01229	0.01603	0.22122	0.31103	0.30339	0.01413	0.00657	0.00194	0.00292	0.04982	0.00521	0.00462
13	0.00767	0.00575	0.00863	0.00863	0.00959	0.00671	0.00671	0.00959	0.00863	0.01246	0.01438	0.02109	0.01342	0.04026	0.79008	0.00863	0.01438	0.00575	0.00288	0.00479
14	0.00745	0.00522	0.00635	0.00684	0.00793	0.00465	0.00483	0.00871	0.01157	0.05400	0.09309	0.45384	0.28632	0.01477	0.00657	0.00199	0.00301	0.01301	0.00514	0.00472
15	0.01199	0.26975	0.50566	0.01385	0.02060	0.01524	0.06056	0.01673	0.01128	0.01566	0.00904	0.01068	0.00691	0.00491	0.00466	0.00154	0.00732	0.00377	0.00230	0.00757
16	0.01021	0.00968	0.01654	0.77633	0.03672	0.01197	0.03611	0.01381	0.01079	0.01381	0.00958	0.01432	0.00718	0.00534	0.00539	0.00179	0.00721	0.00482	0.00239	0.00600
17	0.00662	0.00477	0.00629	0.00748	0.00790	0.00444	0.00509	0.00764	0.01046	0.01384	0.03073	0.74069	0.07090	0.01658	0.00685	0.00217	0.00317	0.04501	0.00498	0.00439
18	0.01331	0.01326	0.01783	0.27048	0.23660	0.12913	0.06941	0.06057	0.03182	0.01673	0.01140	0.01602	0.00940	0.00580	0.00540	0.00168	0.00703	0.04321	0.03394	0.00697
19	0.01301	0.06053	0.01735	0.09365	0.06320	0.03426	0.11535	0.08017	0.11134	0.05160	0.08162	0.03546	0.03949	0.00743	0.00805	0.00183	0.16906	0.00592	0.00375	0.00691
20	0.01236	0.01029	0.01121	0.18206	0.01683	0.07868	0.00862	0.09800	0.16501	0.01926	0.01752	0.01918	0.06086	0.00855	0.04782	0.00197	0.00554	0.00546	0.22433	0.00643
21	0.01868	0.18075	0.01771	0.04297	0.01672	0.58111	0.01023	0.02024	0.01419	0.03906	0.00862	0.00994	0.00713	0.00538	0.00460	0.00136	0.00863	0.00346	0.00279	0.00644
22	0.01175	0.00997	0.01208	0.09667	0.01574	0.00844	0.00762	0.07234	0.01220	0.01836	0.00980	0.01162	0.00795	0.00433	0.00424	0.00097	0.00448	0.00349	0.00326	0.68469
23	0.04838	0.13990	0.37650	0.01512	0.06115	0.06453	0.09383	0.04589	0.01237	0.05075	0.01058	0.01323	0.00823	0.00543	0.00501	0.00162	0.00727	0.02987	0.00282	0.00753
24	0.00780	0.00569	0.00834	0.00834	0.00927	0.00657	0.00643	0.00967	0.00873	0.01278	0.01464	0.02155	0.01366	0.06699	0.72083	0.00812	0.01342	0.00579	0.04665	0.00475
25	0.00810	0.00587	0.00740	0.00789	0.00881	0.00572	0.00565	0.07897	0.01256	0.01687	0.13637	0.56132	0.05681	0.01480	0.00665	0.00206	0.00338	0.05068	0.00515	0.00495
26	0.01369	0.06272	0.06372	0.08055	0.06007	0.01276	0.24200	0.10567	0.03952	0.08044	0.04411	0.04307	0.01170	0.00681	0.01906	0.00184	0.06047	0.00578	0.03880	0.00722
27	0.01347	0.01308	0.04923	0.23862	0.13773	0.04109	0.16031	0.08465	0.04062	0.05768	0.01092	0.01390	0.00836	0.00582	0.00696	0.00179	0.10036	0.00508	0.00311	0.00722
28	0.00944	0.00624	0.00735	0.00683	0.00875	0.00564	0.00520	0.01207	0.05768	0.11445	0.29235	0.08112	0.34931	0.01162	0.00619	0.00177	0.00300	0.00992	0.00554	0.00552
29	0.01720	0.01321	0.03627	0.01101	0.01489	0.05250	0.00905	0.34572	0.13120	0.11654	0.01568	0.07351	0.01234	0.00695	0.00527	0.00157	0.00528	0.00554	0.00499	0.12126
30	0.01574	0.01227	0.01361	0.01014	0.01467	0.01187	0.00827	0.38447	0.01814	0.02561	0.01120	0.01200	0.00854	0.00520	0.00467	0.00120	0.00494	0.00400	0.00427	0.42919
31	0.01800	0.01337	0.01645	0.01271	0.01674	0.01437	0.09991	0.46892	0.11694	0.08225	0.03235	0.01537	0.01143	0.00643	0.00544	0.00165	0.00573	0.00533	0.04810	0.00851
32	0.04353	0.38070	0.27071	0.01372	0.06126	0.01674	0.06990	0.01630	0.01104	0.01510	0.00855	0.01038	0.00702	0.00504	0.00507	0.00149	0.05012	0.00370	0.00238	0.00725
33	0.00654	0.00467	0.00623	0.00747	0.00779	0.00436	0.00498	0.00747	0.01028	0.01370	0.02959	0.80785	0.03550	0.01682	0.00685	0.00218	0.00311	0.01526	0.00498	0.00436
34	0.00780	0.00523	0.00596	0.00596	0.00600	0.00526	0.00339	0.00787	0.00784	0.01049	0.01682	0.03459	0.01928	0.78167	0.05668	0.00534	0.00556	0.00773	0.00324	0.00331
35	0.00669	0.00486	0.00632	0.00720	0.00778	0.00449	0.00492	0.00792	0.01122	0.01501	0.15044	0.62568	0.09638	0.01563	0.00673	0.00207	0.00299	0.01406	0.00513	0.00449
36	0.00840	0.00603	0.00715	0.00670	0.00842	0.00553	0.00508	0.01126	0.05904	0.06063	0.43826	0.04173	0.29883	0.01143	0.00623	0.00174	0.00281	0.00982	0.00560	0.00531
37	0.01932	0.01429	0.01537	0.01201	0.01602	0.01579	0.00983	0.68826	0.05164	0.03221	0.01421	0.06052	0.01097	0.00709	0.00546	0.00165	0.00568	0.00550	0.00535	0.00882
38	0.00840	0.00573	0.00786	0.00881	0.00985	0.00555	0.00711	0.01036	0.01205	0.04171	0.09691	0.29799	0.03359	0.01484	0.00707	0.00228	0.00412	0.41576	0.00510	0.00491
39	0.00806	0.00581	0.00791	0.00893	0.01004	0.00567	0.00743	0.01021	0.01225	0.01608	0.10012	0.18829	0.07421	0.01475	0.00716	0.00231	0.00428	0.50663	0.00504	0.00483
40	0.00721	0.00547	0.00664	0.00635	0.00778	0.00490	0.00476	0.00938	0.01428	0.01936	0.55333	0.04365	0.27370	0.01178	0.00634	0.00173	0.00259	0.01021	0.00562	0.00490
41	0.07540	0.01044	0.01282	0.00999	0.01405	0.01009	0.00822	0.16084	0.06164	0.55026	0.01882	0.01677	0.01223	0.00654	0.00526	0.00166	0.00477	0.00518	0.00613	0.00888
42	0.01889	0.01485	0.01522	0.01213	0.01607	0.05676	0.00985	0.56613	0.18200	0.03033	0.01454	0.01423	0.01055	0.00657	0.00536	0.00164	0.00575	0.00502	0.00525	0.00884
43	0.01329	0.01275	0.02179	0.03295	0.77787	0.01275	0.01647	0.01647	0.01222	0.01754	0.01010	0.01329	0.00850	0.00478	0.00531	0.00159	0.00638	0.00478	0.00266	0.00850
44	0.00775	0.00541	0.00689	0.00689	0.00724	0.00576	0.00454	0.00847	0.00811	0.01117	0.01597	0.02990	0.01725	0.52421	0.31136	0.00648	0.00862	0.00704	0.00311	0.00383
45	0.00684	0.00492	0.00671	0.00781	0.00827	0.00479	0.00548	0.00802	0.01024	0.01374	0.02765	0.65321	0.03246	0.01950	0.10168	0.00298	0.00462	0.07188	0.00472	0.00446
46	0.01315	0.01190	0.01497	0.01247	0.01488	0.15130	0.14683	0.01527	0.01149	0.10657	0.01498	0.01893	0.05077	0.06079	0.25264	0.00408	0.08387	0.00570	0.00336	0.00604

[dist]
# distance from previous block
# <min> <max>
3	5

[block]
# block no. 5 follows, 45 sequences, length 51
# corresponding to MSA columns:
# 233-279,283-286
name=unknown_F
#
# <colnr> <probs for GDERKNQSTAVLIFYWHMCP>
#	G	D	E	R	K	N	Q	S	T	A	V	L	I	F	Y	W	H	M	C	P
0	0.01313	0.44571	0.34381	0.01198	0.01788	0.05594	0.01370	0.01673	0.01130	0.01448	0.00841	0.00980	0.00685	0.00485	0.00421	0.00139	0.00686	0.00336	0.00231	0.00729
1	0.03036	0.06873	0.56712	0.04597	0.02150	0.01218	0.04603	0.01654	0.01164	0.04976	0.04085	0.01441	0.04037	0.00569	0.00513	0.00168	0.00717	0.00459	0.00275	0.00752
2	0.00737	0.00542	0.00684	0.00667	0.00788	0.00497	0.00493	0.00950	0.01401	0.01933	0.56544	0.10414	0.14899	0.04450	0.00726	0.00191	0.00277	0.02765	0.00557	0.00486
3	0.00796	0.00549	0.00657	0.00660	0.00711	0.00559	0.00430	0.00910	0.04007	0.01253	0.05273	0.09535	0.07398	0.44803	0.12469	0.04661	0.00582	0.00813	0.03539	0.00396
4	0.01756	0.02153	0.01339	0.01240	0.01483	0.63379	0.00929	0.01899	0.01445	0.01363	0.01354	0.06693	0.05808	0.00707	0.00509	0.00149	0.00837	0.02464	0.03903	0.00591
5	0.04436	0.36406	0.07006	0.01230	0.06312	0.01678	0.04098	0.17194	0.05618	0.06518	0.01092	0.01189	0.00862	0.00664	0.03390	0.00170	0.00621	0.00405	0.00347	0.00765
6	0.01127	0.15707	0.62672	0.01407	0.02117	0.01366	0.01761	0.01660	0.01130	0.01624	0.01005	0.01290	0.00780	0.00542	0.00492	0.00164	0.00745	0.03409	0.00238	0.00764
7	0.00932	0.00466	0.00699	0.00699	0.00699	0.00466	0.00466	0.00699	0.00699	0.00932	0.00932	0.01632	0.00932	0.01865	0.02098	0.84382	0.00466	0.00466	0.00233	0.00233
8	0.23780	0.00946	0.01127	0.00891	0.01284	0.00896	0.00735	0.02347	0.01375	0.58540	0.01763	0.01580	0.01135	0.00621	0.00486	0.00166	0.00446	0.00475	0.00578	0.00827
9	0.01753	0.07842	0.13176	0.01272	0.06812	0.04901	0.04061	0.06742	0.03406	0.33370	0.03639	0.07871	0.01350	0.00690	0.00534	0.00166	0.00564	0.00576	0.00474	0.00800
10	0.02021	0.08620	0.01490	0.01043	0.01444	0.01251	0.00870	0.33031	0.01875	0.33551	0.01819	0.04649	0.04461	0.00705	0.00530	0.00162	0.00510	0.00556	0.00557	0.00854
11	0.50136	0.00992	0.00964	0.00815	0.01162	0.01059	0.00665	0.03883	0.04034	0.26228	0.01338	0.04509	0.00987	0.00612	0.00426	0.00169	0.00429	0.00437	0.00457	0.00699
12	0.28112	0.08222	0.01535	0.05707	0.19170	0.10349	0.02751	0.04388	0.01155	0.01880	0.00965	0.03635	0.00824	0.00572	0.00520	0.00162	0.05247	0.00424	0.03715	0.00667
13	0.00734	0.00547	0.00709	0.04131	0.00939	0.00524	0.00575	0.00895	0.01170	0.01546	0.17703	0.30628	0.15235	0.08664	0.00856	0.00233	0.00361	0.13601	0.00489	0.00459
14	0.01553	0.29133	0.13897	0.01123	0.01591	0.01622	0.01087	0.18823	0.13248	0.07169	0.01225	0.01258	0.00933	0.00574	0.00492	0.00150	0.02337	0.00421	0.00380	0.02985
15	0.00946	0.00897	0.08098	0.00990	0.06168	0.00735	0.00765	0.01364	0.11120	0.04883	0.31622	0.13226	0.12797	0.01027	0.00601	0.00176	0.00373	0.00896	0.00501	0.02815
16	0.01451	0.16762	0.02169	0.02780	0.14087	0.01400	0.18657	0.12783	0.03381	0.07061	0.01325	0.02926	0.03932	0.00572	0.00539	0.00155	0.01979	0.00519	0.00352	0.07172
17	0.01265	0.12771	0.06853	0.20947	0.05025	0.04464	0.12009	0.03127	0.19197	0.01673	0.01237	0.01460	0.00968	0.01700	0.00619	0.00175	0.04976	0.00497	0.00323	0.00713
18	0.00716	0.00517	0.00682	0.00740	0.00823	0.00483	0.00539	0.00887	0.01239	0.01686	0.30307	0.41120	0.07128	0.01432	0.00670	0.00202	0.00309	0.09519	0.00532	0.00469
19	0.01743	0.05553	0.01569	0.01538	0.11891	0.56261	0.01051	0.01916	0.01450	0.01438	0.06665	0.01401	0.04058	0.00611	0.00501	0.00144	0.00826	0.00438	0.00305	0.00641
20	0.01452	0.01440	0.11314	0.07755	0.17745	0.02385	0.17781	0.08101	0.10540	0.11168	0.01331	0.01530	0.00994	0.00572	0.00585	0.00173	0.02495	0.01473	0.00368	0.00795
21	0.00793	0.00586	0.03353	0.00782	0.00873	0.00496	0.00571	0.00921	0.01088	0.06351	0.05904	0.64331	0.05239	0.03360	0.00715	0.00218	0.00343	0.03095	0.00499	0.00481
22	0.01077	0.02777	0.78354	0.01530	0.02323	0.01247	0.01983	0.01700	0.01133	0.01700	0.00963	0.01133	0.00680	0.00510	0.00510	0.00170	0.00793	0.00397	0.00227	0.00793
23	0.01028	0.00872	0.01391	0.25560	0.16125	0.00954	0.02897	0.01297	0.01150	0.03946	0.05030	0.10869	0.04939	0.01037	0.03874	0.00221	0.04025	0.13817	0.00359	0.00606
24	0.05849	0.18960	0.33325	0.01379	0.05549	0.14471	0.03310	0.04088	0.01235	0.01626	0.01123	0.01258	0.04537	0.00550	0.00473	0.00153	0.00719	0.00409	0.00268	0.00719
25	0.00781	0.00520	0.00585	0.00585	0.00585	0.00520	0.00325	0.00781	0.00781	0.01041	0.01691	0.03513	0.01952	0.81135	0.02732	0.00520	0.00520	0.00781	0.00325	0.00325
26	0.00654	0.00467	0.00623	0.00747	0.00779	0.00436	0.00498	0.00747	0.01028	0.01370	0.02959	0.80785	0.03550	0.01682	0.00685	0.00218	0.00311	0.01526	0.00498	0.00436
27	0.01686	0.03382	0.04794	0.05011	0.08989	0.17890	0.11575	0.14575	0.03235	0.12368	0.01218	0.01357	0.00908	0.00590	0.00602	0.00163	0.05675	0.00477	0.04756	0.00751
28	0.02339	0.00916	0.01264	0.04894	0.01486	0.00809	0.00824	0.02554	0.01513	0.74325	0.02060	0.01807	0.01298	0.00658	0.00540	0.00167	0.00470	0.00537	0.00643	0.00898
29	0.00757	0.00615	0.00657	0.00675	0.00848	0.00529	0.00515	0.00883	0.01269	0.01548	0.05007	0.08188	0.63444	0.01434	0.00685	0.00207	0.00336	0.11376	0.00524	0.00504
30	0.04813	0.44693	0.15845	0.01329	0.06932	0.09839	0.06687	0.01689	0.01158	0.01459	0.00836	0.00996	0.00704	0.00480	0.00422	0.00137	0.00676	0.00351	0.00244	0.00710
31	0.00932	0.00466	0.00699	0.00699	0.00699	0.00466	0.00466	0.00699	0.00699	0.00932	0.00932	0.01632	0.00932	0.01865	0.02098	0.84382	0.00466	0.00466	0.00233	0.00233
32	0.01509	0.04808	0.08939	0.16036	0.15304	0.18745	0.01281	0.13696	0.08353	0.01864	0.01106	0.01295	0.00857	0.00567	0.00530	0.00160	0.01884	0.00446	0.01879	0.00740
33	0.00691	0.00512	0.00645	0.00683	0.00778	0.00466	0.00485	0.00854	0.01252	0.01686	0.32122	0.37695	0.17357	0.01399	0.00656	0.00192	0.00282	0.01242	0.00534	0.00466
34	0.00798	0.00583	0.00766	0.00762	0.00802	0.00647	0.00533	0.00888	0.00842	0.01168	0.01645	0.07183	0.01778	0.41139	0.29805	0.00598	0.06070	0.03262	0.00321	0.00410
35	0.00892	0.00690	0.00805	0.00749	0.00931	0.00688	0.00570	0.01408	0.18516	0.03219	0.45628	0.03740	0.17963	0.01057	0.00612	0.00174	0.00299	0.00912	0.00564	0.00580
36	0.04227	0.20832	0.11456	0.01428	0.09444	0.08917	0.02908	0.24883	0.01578	0.02082	0.00999	0.01144	0.00790	0.00640	0.02324	0.00169	0.04658	0.00411	0.00339	0.00770
37	0.01345	0.06712	0.13483	0.03060	0.04056	0.12952	0.04273	0.03628	0.05337	0.04295	0.01052	0.01229	0.00840	0.00665	0.03767	0.00166	0.05298	0.00402	0.00310	0.27131
38	0.02440	0.03374	0.18679	0.12631	0.10015	0.04999	0.10636	0.10478	0.01376	0.05709	0.06141	0.01509	0.01111	0.00569	0.00526	0.00162	0.00659	0.00498	0.05112	0.03375
39	0.01236	0.14586	0.37862	0.01328	0.01898	0.01356	0.06963	0.06285	0.11349	0.03536	0.01405	0.04658	0.03989	0.00620	0.00512	0.00165	0.00658	0.00509	0.00324	0.00761
40	0.00762	0.00524	0.00613	0.00621	0.00645	0.00526	0.00377	0.00796	0.00834	0.01110	0.01996	0.08258	0.07090	0.62926	0.10292	0.00514	0.00585	0.00829	0.00344	0.00357
41	0.00972	0.03513	0.04285	0.04290	0.03883	0.00736	0.03001	0.00983	0.00847	0.03114	0.01272	0.02324	0.01321	0.34566	0.02004	0.27090	0.04516	0.00596	0.00285	0.00401
42	0.02858	0.14638	0.25066	0.03625	0.12837	0.07294	0.05897	0.01775	0.08025	0.04900	0.01187	0.04084	0.00980	0.03876	0.00591	0.00175	0.00671	0.00481	0.00303	0.00737
43	0.04548	0.00827	0.01223	0.15287	0.19388	0.00871	0.00965	0.01248	0.03132	0.01668	0.17216	0.05432	0.09023	0.06483	0.07855	0.00261	0.00573	0.03028	0.00380	0.00593
44	0.00708	0.00515	0.00665	0.00748	0.00805	0.00494	0.00510	0.00893	0.04875	0.01516	0.13803	0.62664	0.03616	0.04560	0.00748	0.00220	0.00316	0.01370	0.00508	0.00463
45	0.03507	0.04372	0.07204	0.10500	0.01849	0.07446	0.06927	0.18520	0.05472	0.10472	0.04316	0.01685	0.01175	0.00672	0.00629	0.00172	0.06836	0.03668	0.03845	0.00733
46	0.03219	0.03981	0.06479	0.13353	0.06870	0.04305	0.12895	0.13823	0.01327	0.03795	0.01242	0.01640	0.02925	0.00838	0.00834	0.15919	0.00639	0.02827	0.02455	0.00633
47	0.00710	0.00528	0.00668	0.00744	0.00828	0.00498	0.00533	0.00897	0.03979	0.01537	0.12838	0.50282	0.14212	0.01507	0.00671	0.00208	0.00319	0.08060	0.00512	0.00468
48	0.01077	0.02777	0.78354	0.01530	0.02323	0.01247	0.01983	0.01700	0.01133	0.01700	0.00963	0.01133	0.00680	0.00510	0.00510	0.00170	0.00793	0.00397	0.00227	0.00793
49	0.10395	0.01220	0.07011	0.11868	0.22500	0.01169	0.01177	0.09668	0.07288	0.15071	0.01327	0.01552	0.01013	0.05672	0.00652	0.00189	0.00575	0.00493	0.00390	0.00769
50	0.01282	0.11112	0.06676	0.20605	0.06269	0.03065	0.06500	0.12759	0.01358	0.03822	0.04521	0.01765	0.05871	0.03649	0.00631	0.00176	0.02742	0.00534	0.05992	0.00671

[dist]
# distance from previous block
# <min> <max>
0	2

[block]
# block no. 6 follows, 45 sequences, length 24
# corresponding to MSA columns:
# 317-340
name=unknown_G
#
# <colnr> <probs for GDERKNQSTAVLIFYWHMCP>
#	G	D	E	R	K	N	Q	S	T	A	V	L	I	F	Y	W	H	M	C	P
0	0.00711	0.00530	0.00665	0.00688	0.00800	0.00483	0.00507	0.00896	0.01304	0.01755	0.36974	0.25253	0.19891	0.01338	0.00655	0.00190	0.00289	0.06056	0.00540	0.00475
1	0.02170	0.00953	0.01305	0.01161	0.08496	0.00857	0.00856	0.06166	0.01537	0.62036	0.02194	0.01976	0.06365	0.00692	0.00545	0.00166	0.00468	0.00571	0.00609	0.00877
2	0.00898	0.01254	0.22825	0.05070	0.03605	0.00827	0.04645	0.01242	0.02732	0.01608	0.10064	0.21505	0.04762	0.03673	0.08341	0.00259	0.00614	0.00820	0.04665	0.00592
3	0.01173	0.01208	0.04919	0.26285	0.26444	0.03249	0.11728	0.02548	0.05077	0.01649	0.03715	0.07220	0.01167	0.00618	0.00560	0.00174	0.00666	0.00591	0.00302	0.00705
4	0.01225	0.02101	0.40322	0.01791	0.02428	0.01336	0.30814	0.07058	0.01274	0.01813	0.01025	0.01269	0.00750	0.00514	0.00610	0.00176	0.03962	0.00499	0.00267	0.00767
5	0.48316	0.00989	0.00983	0.06509	0.01310	0.01085	0.00711	0.06712	0.01159	0.17257	0.01208	0.01492	0.00943	0.05976	0.00577	0.00193	0.00467	0.03052	0.00410	0.00650
6	0.01127	0.01105	0.06611	0.22393	0.06481	0.02626	0.07216	0.06140	0.06271	0.03708	0.04095	0.14944	0.02603	0.00861	0.00667	0.00190	0.05842	0.06109	0.00370	0.00641
7	0.01312	0.09705	0.01956	0.12774	0.36063	0.02908	0.06304	0.05360	0.01248	0.04857	0.01290	0.06881	0.03140	0.00650	0.00580	0.02751	0.00619	0.00558	0.00311	0.00733
8	0.01077	0.06821	0.01694	0.71566	0.03463	0.03816	0.01435	0.01414	0.01089	0.01362	0.00935	0.01375	0.00713	0.00532	0.00521	0.00173	0.00714	0.00459	0.00239	0.00604
9	0.66940	0.04537	0.01011	0.00817	0.01162	0.06498	0.00673	0.09664	0.01136	0.02393	0.00811	0.00923	0.00629	0.00516	0.00365	0.00162	0.00478	0.00315	0.00346	0.00624
10	0.00947	0.00521	0.00726	0.00717	0.00739	0.00534	0.00480	0.00863	0.06205	0.01038	0.01096	0.01839	0.01081	0.09399	0.02047	0.70243	0.00468	0.00507	0.00265	0.00286
11	0.00761	0.00505	0.00613	0.00647	0.00665	0.00502	0.00400	0.00794	0.00861	0.01171	0.01990	0.24543	0.02286	0.48268	0.06064	0.04743	0.00499	0.00949	0.03374	0.00365
12	0.01561	0.01265	0.01341	0.01138	0.01482	0.01441	0.00904	0.26244	0.53058	0.02609	0.01898	0.01774	0.01407	0.00701	0.00543	0.00175	0.00478	0.00567	0.00543	0.00870
13	0.00767	0.00575	0.00863	0.00863	0.00959	0.00671	0.00671	0.00959	0.00863	0.01246	0.01438	0.02109	0.01342	0.04026	0.79008	0.00863	0.01438	0.00575	0.00288	0.00479
14	0.05028	0.01173	0.01269	0.03239	0.01482	0.01324	0.00876	0.13657	0.53439	0.09498	0.01951	0.01817	0.01432	0.00695	0.00535	0.00177	0.00460	0.00565	0.00539	0.00847
15	0.01289	0.49434	0.33559	0.01167	0.01763	0.01767	0.01352	0.01645	0.01108	0.01441	0.00835	0.00972	0.00685	0.00480	0.00412	0.00137	0.00663	0.00332	0.00228	0.00731
16	0.00705	0.00514	0.00667	0.00769	0.00828	0.00492	0.00539	0.00873	0.04063	0.01447	0.05242	0.64095	0.06530	0.03019	0.00718	0.00222	0.00333	0.07986	0.00500	0.00458
17	0.03548	0.13743	0.05300	0.01042	0.06314	0.07447	0.00825	0.06384	0.02805	0.14024	0.02912	0.05403	0.01302	0.00664	0.00464	0.00148	0.00485	0.02364	0.24149	0.00676
18	0.01287	0.00918	0.01095	0.00931	0.01176	0.05784	0.05800	0.06601	0.10443	0.12518	0.27555	0.02594	0.04504	0.00910	0.02915	0.00183	0.00450	0.00695	0.12992	0.00649
19	0.00785	0.00507	0.00676	0.00769	0.00835	0.00470	0.00535	0.00895	0.01078	0.06670	0.02952	0.69847	0.05086	0.01594	0.00677	0.00215	0.00330	0.05097	0.00510	0.00472
20	0.04402	0.00653	0.00778	0.00806	0.00934	0.00658	0.00591	0.05200	0.09116	0.03619	0.04867	0.42772	0.10921	0.01393	0.00714	0.04522	0.00363	0.06680	0.00491	0.00522
21	0.03628	0.14210	0.24046	0.06205	0.12101	0.09648	0.08308	0.01752	0.03290	0.04816	0.01008	0.01191	0.00779	0.00503	0.00487	0.00152	0.00701	0.00415	0.00279	0.06480
22	0.06650	0.04621	0.01993	0.01521	0.03892	0.04248	0.27113	0.16225	0.08548	0.08044	0.01437	0.08442	0.01184	0.00746	0.02700	0.00192	0.00677	0.00621	0.00402	0.00744
23	0.02928	0.02007	0.01224	0.02023	0.05548	0.04069	0.02284	0.20761	0.02554	0.11531	0.07827	0.08383	0.09076	0.07085	0.00726	0.00192	0.00491	0.03243	0.00473	0.07576

[dist]
# distance from previous block
# <min> <max>
3	11

[block]
# block no. 7 follows, 45 sequences, length 10
# corresponding to MSA columns:
# 352-361
name=unknown_H
#
# <colnr> <probs for GDERKNQSTAVLIFYWHMCP>
#	G	D	E	R	K	N	Q	S	T	A	V	L	I	F	Y	W	H	M	C	P
0	0.05289	0.07747	0.05136	0.08753	0.16046	0.07352	0.28535	0.01699	0.01218	0.05997	0.01094	0.03700	0.00885	0.00544	0.00592	0.00169	0.03700	0.00532	0.00294	0.00718
1	0.01335	0.01012	0.01614	0.04521	0.01635	0.01083	0.18067	0.04144	0.07186	0.14722	0.01519	0.06681	0.01298	0.09774	0.05851	0.00266	0.14089	0.00638	0.03905	0.00658
2	0.00742	0.00534	0.00640	0.00672	0.00767	0.00503	0.00475	0.00925	0.03421	0.01595	0.19466	0.29198	0.17668	0.11410	0.00898	0.00232	0.00322	0.03529	0.06542	0.00460
3	0.01217	0.00765	0.00909	0.00826	0.01027	0.00765	0.00622	0.08517	0.12558	0.14281	0.14670	0.17734	0.09931	0.06665	0.00806	0.03741	0.00384	0.00874	0.03090	0.00619
4	0.05421	0.01449	0.01852	0.06589	0.31473	0.14011	0.07306	0.08833	0.05538	0.05746	0.01141	0.01407	0.00912	0.00570	0.00580	0.00166	0.04020	0.01885	0.00334	0.00767
5	0.01165	0.00861	0.00936	0.00868	0.01061	0.06409	0.00658	0.04264	0.11222	0.10210	0.34115	0.14940	0.06779	0.01076	0.00621	0.00184	0.00390	0.03063	0.00556	0.00621
6	0.01571	0.01026	0.01176	0.00995	0.01288	0.01068	0.00795	0.26968	0.11296	0.14296	0.09577	0.05396	0.07361	0.00943	0.00672	0.04988	0.00466	0.05978	0.03394	0.00745
7	0.07542	0.00896	0.01001	0.00864	0.01128	0.00919	0.00683	0.16929	0.06691	0.16407	0.08787	0.08297	0.01822	0.00808	0.00521	0.00168	0.00407	0.02917	0.22510	0.00703
8	0.01072	0.00669	0.00837	0.00802	0.00982	0.00625	0.00618	0.01356	0.06826	0.13866	0.28166	0.16016	0.14619	0.01199	0.00647	0.00194	0.00351	0.09997	0.00568	0.00591
9	0.01030	0.00656	0.00757	0.00757	0.00887	0.00661	0.00563	0.11081	0.01301	0.01926	0.04216	0.30225	0.02319	0.01143	0.00618	0.03270	0.00355	0.06245	0.31452	0.00539

[dist]
# distance from previous block
# <min> <max>
0	4

[block]
# block no. 8 follows, 45 sequences, length 25
# corresponding to MSA columns:
# 366-381,384-392
name=unknown_I
#
# <colnr> <probs for GDERKNQSTAVLIFYWHMCP>
#	G	D	E	R	K	N	Q	S	T	A	V	L	I	F	Y	W	H	M	C	P
0	0.07595	0.00707	0.00840	0.00812	0.00996	0.00702	0.00604	0.01511	0.12308	0.16173	0.08198	0.36402	0.06038	0.01166	0.00594	0.00191	0.00355	0.01017	0.03186	0.00606
1	0.01790	0.00998	0.01196	0.00990	0.01330	0.01009	0.00798	0.11205	0.23486	0.35033	0.09597	0.02260	0.03926	0.00769	0.00560	0.00173	0.00439	0.03013	0.00597	0.00828
2	0.28850	0.01126	0.01122	0.00918	0.01259	0.01234	0.00744	0.29541	0.05048	0.08987	0.01282	0.01400	0.00965	0.04171	0.00549	0.00175	0.00472	0.00442	0.09236	0.02480
3	0.00872	0.00568	0.00725	0.00701	0.00830	0.00523	0.00519	0.01065	0.01341	0.07788	0.43936	0.13352	0.10783	0.09607	0.00859	0.00217	0.00319	0.04945	0.00544	0.00505
4	0.01366	0.00729	0.00927	0.00850	0.01076	0.00683	0.00660	0.03318	0.07695	0.27826	0.09124	0.24414	0.10787	0.01129	0.00615	0.00190	0.00383	0.07003	0.00567	0.00657
5	0.13166	0.00986	0.01095	0.00943	0.01256	0.01039	0.00746	0.07079	0.27590	0.24117	0.03862	0.09521	0.04699	0.00799	0.00533	0.00177	0.00422	0.00654	0.00545	0.00771
6	0.00835	0.00565	0.00715	0.00750	0.00861	0.00532	0.00546	0.01044	0.04554	0.06411	0.17641	0.39158	0.12533	0.04406	0.00735	0.00213	0.00332	0.07144	0.00522	0.00501
7	0.00802	0.00546	0.00670	0.00674	0.00789	0.00501	0.00480	0.00947	0.01196	0.06101	0.22592	0.23420	0.22436	0.11672	0.04481	0.00261	0.00373	0.01085	0.00500	0.00475
8	0.37041	0.01011	0.01075	0.00873	0.01250	0.01038	0.00718	0.06663	0.04177	0.38883	0.01494	0.01399	0.01001	0.00596	0.00453	0.00166	0.00446	0.00434	0.00512	0.00771
9	0.03646	0.01368	0.01489	0.01159	0.01563	0.01490	0.00951	0.60331	0.04966	0.11175	0.01451	0.03364	0.01054	0.00672	0.00533	0.00163	0.00551	0.00516	0.02675	0.00882
10	0.05225	0.00931	0.01032	0.00889	0.01149	0.02694	0.00696	0.14615	0.13101	0.15268	0.18096	0.05691	0.05304	0.05610	0.00683	0.00190	0.00420	0.02082	0.05636	0.00689
11	0.01459	0.00776	0.00981	0.00855	0.01099	0.00736	0.00657	0.01746	0.08754	0.30787	0.02363	0.14699	0.08087	0.11586	0.03298	0.00244	0.02679	0.02899	0.00519	0.05774
12	0.00911	0.00648	0.00782	0.00752	0.00908	0.00627	0.00559	0.05692	0.07147	0.05490	0.32577	0.23626	0.15776	0.01215	0.00630	0.00184	0.00315	0.01063	0.00549	0.00550
13	0.01085	0.00612	0.00805	0.00769	0.00936	0.00557	0.00592	0.01257	0.01318	0.17237	0.26933	0.17130	0.12124	0.01236	0.00726	0.05323	0.00349	0.09914	0.00545	0.00552
14	0.01535	0.01346	0.01620	0.03403	0.04991	0.08636	0.05287	0.22109	0.06381	0.05750	0.01187	0.03935	0.00984	0.00886	0.04116	0.00216	0.25996	0.00523	0.00377	0.00723
15	0.02827	0.01307	0.06796	0.06806	0.09859	0.01281	0.29293	0.04204	0.05617	0.05107	0.01166	0.01497	0.00921	0.02337	0.04317	0.00220	0.12311	0.00548	0.02879	0.00707
16	0.01254	0.00792	0.00989	0.00959	0.04474	0.00778	0.00699	0.11987	0.04846	0.15961	0.10335	0.24134	0.12960	0.01235	0.03790	0.00213	0.00437	0.02988	0.00527	0.00642
17	0.02748	0.00889	0.01141	0.00944	0.01234	0.00850	0.06401	0.07682	0.10019	0.01921	0.11022	0.11653	0.04306	0.00848	0.00614	0.03333	0.01921	0.02928	0.05531	0.24017
18	0.23741	0.01020	0.01157	0.05583	0.04840	0.04184	0.03774	0.09110	0.03105	0.05486	0.01332	0.06008	0.01175	0.00862	0.02880	0.05177	0.02280	0.06161	0.05589	0.06536
19	0.01385	0.01294	0.02942	0.01144	0.04728	0.13727	0.00862	0.17380	0.14622	0.02045	0.05841	0.13327	0.03911	0.02653	0.00602	0.00174	0.00538	0.03377	0.00445	0.09000
20	0.01383	0.01158	0.02557	0.13602	0.03368	0.07392	0.00946	0.18972	0.04936	0.06270	0.06121	0.06451	0.06256	0.02366	0.00653	0.00174	0.04976	0.02246	0.03664	0.06511
21	0.05728	0.04850	0.01200	0.02831	0.07142	0.04275	0.00800	0.13609	0.08847	0.07848	0.02000	0.20626	0.06036	0.00944	0.00588	0.02307	0.00465	0.02217	0.03767	0.03919
22	0.04605	0.06188	0.01463	0.07343	0.02855	0.01205	0.05606	0.17073	0.13715	0.03187	0.05868	0.02919	0.04122	0.00874	0.05621	0.00201	0.02590	0.00541	0.00411	0.13613
23	0.01283	0.01082	0.01296	0.07281	0.01547	0.05728	0.05647	0.15686	0.05933	0.03456	0.01518	0.15415	0.01408	0.02322	0.03748	0.00186	0.00556	0.00642	0.02052	0.23214
24	0.06435	0.03067	0.01317	0.03868	0.11972	0.02232	0.00903	0.12522	0.08661	0.09994	0.10338	0.06656	0.01711	0.00747	0.00565	0.00163	0.02781	0.03856	0.02579	0.09633

[dist]
# distance from previous block
# <min> <max>
46	231

# created by:
# /home/cegg/simao/soft/augustus-3.2.1/scripts/msa2prfl.pl ./align_prep/EOG091G09L6.fa
