[name]
unknown

[dist]
# distance from previous block
# <min> <max>
0	2

[block]
# block no. 0 follows, 51 sequences, length 32
# corresponding to MSA columns:
# 2-33
name=unknown_A
#
# <colnr> <probs for GDERKNQSTAVLIFYWHMCP>
#	G	D	E	R	K	N	Q	S	T	A	V	L	I	F	Y	W	H	M	C	P
0	0.17436	0.00872	0.01034	0.05107	0.04681	0.00838	0.00703	0.01348	0.01022	0.08682	0.03790	0.01511	0.03970	0.00554	0.00503	0.00128	0.06635	0.04021	0.00333	0.36832
1	0.01253	0.01078	0.01611	0.12268	0.39472	0.01144	0.01220	0.19315	0.01355	0.01861	0.01167	0.05071	0.01019	0.00763	0.05106	0.00192	0.00605	0.04471	0.00320	0.00709
2	0.34695	0.00921	0.01179	0.42622	0.02241	0.01132	0.01010	0.01324	0.00905	0.01625	0.00779	0.01087	0.00606	0.00509	0.00514	0.00164	0.07527	0.00369	0.00252	0.00540
3	0.09389	0.02218	0.01333	0.01211	0.01468	0.73625	0.00912	0.01916	0.01343	0.01292	0.00753	0.00878	0.00624	0.00502	0.00431	0.00129	0.00841	0.00312	0.00258	0.00566
4	0.23860	0.01632	0.01347	0.01372	0.12845	0.36256	0.02430	0.05041	0.01187	0.01615	0.00777	0.00949	0.00640	0.00515	0.00518	0.00145	0.07654	0.00342	0.00272	0.00601
5	0.00741	0.00539	0.00720	0.00775	0.00894	0.00519	0.00648	0.00958	0.01211	0.01612	0.26723	0.04879	0.11089	0.01236	0.00638	0.00198	0.00363	0.45322	0.00480	0.00452
6	0.00586	0.00494	0.00507	0.00513	0.00669	0.00416	0.00381	0.00711	0.01118	0.01344	0.07293	0.09276	0.72508	0.01254	0.00584	0.00168	0.00250	0.01053	0.00459	0.00416
7	0.05868	0.00828	0.00973	0.00792	0.01083	0.00759	0.00619	0.06627	0.01059	0.01625	0.01294	0.20103	0.01308	0.00705	0.00543	0.00125	0.07652	0.00572	0.00338	0.47125
8	0.01708	0.09411	0.01578	0.01458	0.11762	0.63245	0.01013	0.01859	0.01321	0.01251	0.00774	0.00921	0.00652	0.00490	0.00437	0.00127	0.00814	0.00328	0.00248	0.00603
9	0.34432	0.01133	0.01054	0.00854	0.01205	0.12115	0.03280	0.03831	0.01110	0.15509	0.00983	0.01044	0.00728	0.00471	0.00386	0.00130	0.00474	0.00335	0.00351	0.20577
10	0.01075	0.01075	0.01505	0.01290	0.01290	0.01505	0.01075	0.01183	0.00753	0.01183	0.00645	0.01075	0.00645	0.00860	0.01613	0.00215	0.81830	0.00430	0.00215	0.00538
11	0.00714	0.00478	0.00545	0.00545	0.00548	0.00481	0.00309	0.00720	0.00717	0.00959	0.01541	0.03172	0.01768	0.80039	0.05166	0.00487	0.00505	0.00708	0.00297	0.00303
12	0.01061	0.01050	0.01526	0.13165	0.05711	0.01427	0.01140	0.01210	0.00806	0.01216	0.00693	0.01117	0.00654	0.00784	0.01389	0.00204	0.65647	0.00431	0.00217	0.00551
13	0.01216	0.01168	0.01995	0.03016	0.79664	0.01168	0.01508	0.01508	0.01119	0.01605	0.00924	0.01216	0.00778	0.00438	0.00487	0.00146	0.00584	0.00438	0.00243	0.00778
14	0.01194	0.52654	0.02091	0.00995	0.04196	0.01636	0.00868	0.01317	0.00914	0.01153	0.00731	0.00977	0.00688	0.00780	0.04808	0.07134	0.16744	0.00330	0.00215	0.00574
15	0.00854	0.00427	0.00640	0.00640	0.00640	0.00427	0.00427	0.00640	0.00640	0.00854	0.00854	0.01494	0.00854	0.01707	0.01921	0.85702	0.00427	0.00427	0.00213	0.00213
16	0.01154	0.01375	0.06287	0.02066	0.04534	0.01236	0.72556	0.01572	0.01153	0.01574	0.00987	0.01310	0.00741	0.00417	0.00573	0.00165	0.00818	0.00567	0.00247	0.00669
17	0.01020	0.00988	0.01523	0.64530	0.13029	0.04910	0.01341	0.01374	0.03996	0.01329	0.00918	0.01298	0.00702	0.00492	0.00489	0.00160	0.00647	0.00436	0.00234	0.00586
18	0.00888	0.00785	0.01152	0.38556	0.02041	0.03149	0.00960	0.01078	0.00873	0.01155	0.01042	0.01727	0.00963	0.15614	0.15309	0.04109	0.09393	0.00497	0.00241	0.00468
19	0.00689	0.00500	0.00649	0.00616	0.00731	0.00460	0.00460	0.00914	0.01370	0.01931	0.74920	0.05749	0.07109	0.01027	0.00581	0.00156	0.00234	0.00907	0.00536	0.00460
20	0.01208	0.01011	0.01710	0.35949	0.35151	0.01086	0.04376	0.01508	0.01097	0.10651	0.01025	0.01314	0.00776	0.00480	0.00493	0.00155	0.00604	0.00450	0.00276	0.00682
21	0.01214	0.01040	0.01070	0.00966	0.01232	0.02922	0.00750	0.02490	0.71402	0.02021	0.01944	0.01812	0.01463	0.00656	0.00487	0.00162	0.00388	0.00543	0.06686	0.00750
22	0.00855	0.00428	0.00635	0.00635	0.00638	0.00428	0.00425	0.00654	0.00651	0.00880	0.00874	0.01503	0.00865	0.01677	0.01878	0.83397	0.00421	0.00428	0.02509	0.00220
23	0.00715	0.00476	0.00536	0.00536	0.00536	0.00476	0.00298	0.00715	0.00715	0.00953	0.01548	0.03216	0.01787	0.82729	0.02501	0.00476	0.00476	0.00715	0.00298	0.00298
24	0.01734	0.19714	0.01641	0.01163	0.01456	0.61455	0.00920	0.01869	0.01308	0.03448	0.00777	0.00888	0.00649	0.00491	0.00417	0.00123	0.00795	0.00310	0.00254	0.00590
25	0.01160	0.01326	0.02900	0.02071	0.02568	0.01243	0.77879	0.01574	0.01160	0.01574	0.00994	0.01326	0.00746	0.00414	0.00580	0.00166	0.00829	0.00580	0.00249	0.00663
26	0.01092	0.00889	0.01070	0.00787	0.01181	0.00735	0.00634	0.01299	0.01017	0.06057	0.00914	0.01062	0.00748	0.00422	0.00483	0.00090	0.07660	0.00315	0.00303	0.73241
27	0.09226	0.00873	0.01241	0.00964	0.01332	0.00792	0.07618	0.02156	0.01319	0.61550	0.01787	0.01801	0.01213	0.00623	0.00497	0.00158	0.00454	0.05083	0.00541	0.00771
28	0.00928	0.00873	0.01474	0.81548	0.03385	0.01092	0.01365	0.01256	0.00983	0.01256	0.00873	0.01310	0.00655	0.00491	0.00491	0.00164	0.00655	0.00437	0.00218	0.00546
29	0.01197	0.01153	0.01939	0.04659	0.70901	0.01196	0.01466	0.01473	0.01083	0.01560	0.00898	0.01206	0.00764	0.00477	0.00587	0.00153	0.07859	0.00437	0.00240	0.00752
30	0.00916	0.03185	0.01156	0.03334	0.17042	0.05358	0.04653	0.02121	0.02354	0.01404	0.08257	0.06694	0.20805	0.09546	0.08936	0.00255	0.02408	0.00705	0.00344	0.00528
31	0.00943	0.00889	0.01501	0.77427	0.07388	0.01096	0.01372	0.01269	0.00990	0.01274	0.00876	0.01305	0.00662	0.00489	0.00491	0.00163	0.00651	0.00437	0.00220	0.00558

[dist]
# distance from previous block
# <min> <max>
0	2

[block]
# block no. 1 follows, 51 sequences, length 15
# corresponding to MSA columns:
# 36-50
name=unknown_B
#
# <colnr> <probs for GDERKNQSTAVLIFYWHMCP>
#	G	D	E	R	K	N	Q	S	T	A	V	L	I	F	Y	W	H	M	C	P
0	0.01156	0.03833	0.01842	0.03227	0.24224	0.01079	0.22472	0.01590	0.11465	0.06118	0.01655	0.03876	0.08762	0.00631	0.00552	0.00162	0.02074	0.04271	0.00334	0.00675
1	0.01773	0.01509	0.01405	0.01390	0.13174	0.32520	0.02927	0.04270	0.05295	0.26288	0.01300	0.03808	0.00974	0.00569	0.00479	0.00144	0.00637	0.00447	0.00390	0.00701
2	0.00928	0.00873	0.01474	0.81548	0.03385	0.01092	0.01365	0.01256	0.00983	0.01256	0.00873	0.01310	0.00655	0.00491	0.00491	0.00164	0.00655	0.00437	0.00218	0.00546
3	0.00943	0.00842	0.01370	0.01088	0.01354	0.03500	0.24947	0.01181	0.01197	0.06957	0.17335	0.10238	0.25169	0.00894	0.00574	0.00164	0.00466	0.00835	0.00410	0.00536
4	0.01480	0.03970	0.04030	0.01973	0.38250	0.04030	0.06514	0.01739	0.01216	0.24330	0.03272	0.01533	0.04340	0.00537	0.00493	0.00148	0.00544	0.00488	0.00364	0.00749
5	0.01216	0.01168	0.01995	0.03016	0.79664	0.01168	0.01508	0.01508	0.01119	0.01605	0.00924	0.01216	0.00778	0.00438	0.00487	0.00146	0.00584	0.00438	0.00243	0.00778
6	0.02190	0.00860	0.01155	0.00886	0.01266	0.00757	0.00732	0.05716	0.01446	0.76627	0.01905	0.01651	0.01200	0.00607	0.00494	0.00152	0.00424	0.00492	0.00603	0.00836
7	0.01108	0.00937	0.01561	0.50944	0.23813	0.01061	0.01322	0.01407	0.01055	0.08201	0.01032	0.03609	0.00811	0.00517	0.00494	0.00159	0.00605	0.00469	0.00266	0.00630
8	0.04543	0.00900	0.01298	0.25695	0.10005	0.00941	0.00992	0.03575	0.07552	0.33884	0.01483	0.04685	0.01071	0.00591	0.00491	0.00158	0.00501	0.00502	0.00423	0.00709
9	0.00672	0.00506	0.00572	0.00559	0.00708	0.00439	0.00417	0.00827	0.01198	0.04230	0.26566	0.09498	0.49712	0.01172	0.00581	0.00164	0.00252	0.00999	0.00486	0.00443
10	0.02035	0.00795	0.01071	0.00836	0.01172	0.00694	0.00674	0.02203	0.01328	0.70977	0.01894	0.01849	0.01282	0.09986	0.00723	0.00189	0.00425	0.00519	0.00573	0.00775
11	0.01019	0.00873	0.01019	0.00728	0.01165	0.00655	0.00582	0.01237	0.01019	0.01601	0.00873	0.01019	0.00728	0.00364	0.00364	0.00073	0.00364	0.00291	0.00291	0.85734
12	0.00944	0.00890	0.01503	0.77112	0.07693	0.01096	0.01373	0.01270	0.00990	0.01275	0.00876	0.01305	0.00662	0.00488	0.00491	0.00163	0.00651	0.00437	0.00220	0.00559
13	0.01019	0.00873	0.01019	0.00728	0.01165	0.00655	0.00582	0.01237	0.01019	0.01601	0.00873	0.01019	0.00728	0.00364	0.00364	0.00073	0.00364	0.00291	0.00291	0.85734
14	0.01352	0.00677	0.00882	0.00745	0.00983	0.00619	0.00588	0.01638	0.06461	0.34301	0.39654	0.02759	0.05592	0.00826	0.00539	0.00155	0.00320	0.00708	0.00563	0.00637

[dist]
# distance from previous block
# <min> <max>
0	1

[block]
# block no. 2 follows, 51 sequences, length 78
# corresponding to MSA columns:
# 52-89,97-136
name=unknown_C
#
# <colnr> <probs for GDERKNQSTAVLIFYWHMCP>
#	G	D	E	R	K	N	Q	S	T	A	V	L	I	F	Y	W	H	M	C	P
0	0.68989	0.02595	0.00933	0.00812	0.03018	0.03988	0.02059	0.08066	0.00998	0.02180	0.00741	0.00860	0.00576	0.00475	0.00361	0.00151	0.02021	0.00296	0.00312	0.00570
1	0.02897	0.00843	0.01019	0.02207	0.03344	0.00715	0.00639	0.07079	0.01139	0.09043	0.01302	0.14721	0.01200	0.00607	0.00434	0.00112	0.00381	0.00513	0.00361	0.51444
2	0.00602	0.00443	0.00564	0.00652	0.00707	0.00405	0.00444	0.00702	0.00994	0.01307	0.07514	0.66124	0.14813	0.01464	0.00617	0.00192	0.00277	0.01313	0.00461	0.00405
3	0.00928	0.00873	0.01474	0.81548	0.03385	0.01092	0.01365	0.01256	0.00983	0.01256	0.00873	0.01310	0.00655	0.00491	0.00491	0.00164	0.00655	0.00437	0.00218	0.00546
4	0.01019	0.00873	0.01019	0.00728	0.01165	0.00655	0.00582	0.01237	0.01019	0.01601	0.00873	0.01019	0.00728	0.00364	0.00364	0.00073	0.00364	0.00291	0.00291	0.85734
5	0.00713	0.00545	0.00683	0.00642	0.00803	0.00484	0.03095	0.00897	0.01230	0.04176	0.31573	0.04196	0.40623	0.01118	0.00586	0.00166	0.00285	0.07241	0.00485	0.00458
6	0.00689	0.00502	0.00648	0.00611	0.00730	0.00461	0.00459	0.00915	0.01376	0.01934	0.75166	0.03731	0.08898	0.01018	0.00580	0.00155	0.00233	0.00897	0.00536	0.00461
7	0.00964	0.00912	0.01474	0.66615	0.04548	0.01151	0.01308	0.01304	0.03982	0.01284	0.00889	0.01299	0.00689	0.00544	0.00635	0.00170	0.11004	0.00441	0.00229	0.00558
8	0.00916	0.00458	0.00458	0.00458	0.00573	0.00458	0.00344	0.01145	0.01031	0.01832	0.01603	0.01832	0.01260	0.00573	0.00344	0.00115	0.00229	0.00458	0.85457	0.00458
9	0.01037	0.00884	0.01028	0.00736	0.01172	0.00673	0.00590	0.02832	0.01046	0.01632	0.00880	0.01022	0.00730	0.00369	0.00367	0.00074	0.00368	0.00294	0.00295	0.83971
10	0.01268	0.01078	0.01137	0.01009	0.01295	0.01244	0.00789	0.07978	0.73335	0.02130	0.01942	0.01787	0.01453	0.00661	0.00499	0.00165	0.00400	0.00548	0.00499	0.00782
11	0.00786	0.00570	0.00752	0.02763	0.00855	0.00531	0.05116	0.00917	0.01054	0.05759	0.19092	0.03522	0.25912	0.28836	0.01227	0.00268	0.00378	0.00822	0.00410	0.00427
12	0.01009	0.00956	0.01621	0.59399	0.24899	0.01113	0.01405	0.01327	0.01021	0.01354	0.00888	0.01284	0.00690	0.00476	0.00490	0.00159	0.00635	0.00437	0.00225	0.00611
13	0.00702	0.00527	0.00790	0.00790	0.00878	0.00614	0.00614	0.00878	0.00790	0.01141	0.01316	0.01931	0.01229	0.03686	0.80782	0.00790	0.01316	0.00527	0.00263	0.00439
14	0.01295	0.01418	0.01538	0.01315	0.01413	0.21720	0.04500	0.03539	0.00978	0.01259	0.00705	0.01041	0.00652	0.00742	0.01236	0.00188	0.55260	0.00408	0.00234	0.00560
15	0.01276	0.01082	0.01178	0.01125	0.06220	0.02693	0.00829	0.08424	0.60990	0.03486	0.01932	0.01890	0.03351	0.00674	0.00504	0.00164	0.00421	0.02519	0.00478	0.00762
16	0.01200	0.01154	0.01968	0.06911	0.71808	0.01167	0.03416	0.01526	0.03140	0.01599	0.00952	0.01240	0.00790	0.00446	0.00489	0.00148	0.00589	0.00444	0.00249	0.00764
17	0.00754	0.00565	0.00759	0.06288	0.00979	0.00546	0.02044	0.01011	0.04432	0.03689	0.48927	0.13754	0.12307	0.01031	0.00574	0.00163	0.00293	0.00911	0.00492	0.00481
18	0.00928	0.00873	0.01474	0.81548	0.03385	0.01092	0.01365	0.01256	0.00983	0.01256	0.00873	0.01310	0.00655	0.00491	0.00491	0.00164	0.00655	0.00437	0.00218	0.00546
19	0.01937	0.00814	0.01083	0.00867	0.01201	0.00728	0.00710	0.05958	0.01380	0.62487	0.01947	0.05134	0.01414	0.03698	0.00584	0.00170	0.00423	0.06469	0.00567	0.02430
20	0.86201	0.00950	0.00722	0.00646	0.00950	0.01102	0.00532	0.01445	0.00836	0.02205	0.00684	0.00798	0.00532	0.00456	0.00304	0.00152	0.00380	0.00266	0.00304	0.00532
21	0.00973	0.00919	0.01554	0.69425	0.15160	0.01104	0.01387	0.01295	0.01004	0.01310	0.00881	0.01296	0.00674	0.00483	0.00491	0.00161	0.00644	0.00437	0.00222	0.00582
22	0.86201	0.00950	0.00722	0.00646	0.00950	0.01102	0.00532	0.01445	0.00836	0.02205	0.00684	0.00798	0.00532	0.00456	0.00304	0.00152	0.00380	0.00266	0.00304	0.00532
23	0.00715	0.00476	0.00536	0.00536	0.00536	0.00476	0.00298	0.00715	0.00715	0.00953	0.01548	0.03216	0.01787	0.82729	0.02501	0.00476	0.00476	0.00715	0.00298	0.00298
24	0.01444	0.01166	0.01236	0.01045	0.01362	0.01326	0.00831	0.28455	0.52572	0.02413	0.01719	0.01609	0.01272	0.00640	0.00497	0.00160	0.00441	0.00517	0.00497	0.00798
25	0.00607	0.00435	0.00572	0.00673	0.00706	0.00409	0.00449	0.00691	0.00929	0.01237	0.02674	0.73628	0.05330	0.06184	0.02762	0.00229	0.00321	0.01326	0.00442	0.00395
26	0.01210	0.11105	0.50354	0.04056	0.03905	0.01189	0.06482	0.02953	0.01111	0.11652	0.01009	0.01127	0.00717	0.00479	0.00463	0.00150	0.00662	0.00389	0.00268	0.00723
27	0.00986	0.02542	0.80183	0.01401	0.02127	0.01141	0.01816	0.01556	0.01038	0.01556	0.00882	0.01038	0.00623	0.00467	0.00467	0.00156	0.00726	0.00363	0.00208	0.00726
28	0.00608	0.00440	0.00565	0.00656	0.00706	0.00406	0.00445	0.00708	0.00988	0.01313	0.07198	0.67836	0.11912	0.01460	0.00614	0.00192	0.00277	0.01312	0.01961	0.00406
29	0.01149	0.01099	0.01874	0.21277	0.61927	0.01150	0.01475	0.01449	0.01087	0.01524	0.00913	0.01238	0.00750	0.00450	0.00488	0.00150	0.00600	0.00438	0.00237	0.00724
30	0.14382	0.00851	0.01077	0.00897	0.02663	0.00811	0.02234	0.03576	0.05581	0.50106	0.05632	0.05019	0.01407	0.00662	0.00483	0.00157	0.00411	0.02790	0.00527	0.00736
31	0.02094	0.00860	0.01139	0.00880	0.01246	0.00770	0.00724	0.08176	0.01476	0.69677	0.06213	0.01746	0.01378	0.00629	0.00499	0.00152	0.00417	0.00512	0.00595	0.00815
32	0.74484	0.00997	0.00895	0.00839	0.05134	0.01134	0.02865	0.05813	0.00944	0.02206	0.00734	0.00857	0.00569	0.00462	0.00332	0.00152	0.00413	0.00294	0.00310	0.00566
33	0.00598	0.00470	0.00536	0.00579	0.00683	0.00413	0.00409	0.00709	0.01052	0.01321	0.07863	0.35279	0.43236	0.03716	0.00655	0.00188	0.00269	0.01162	0.00456	0.00408
34	0.03038	0.01700	0.01351	0.01220	0.03688	0.40485	0.00925	0.08512	0.11061	0.01527	0.00957	0.01100	0.00783	0.00646	0.02349	0.00159	0.13725	0.00381	0.00302	0.06089
35	0.01251	0.00978	0.01516	0.11301	0.38015	0.00956	0.01122	0.03415	0.01131	0.12202	0.01194	0.03722	0.02488	0.00607	0.02011	0.02770	0.00527	0.00464	0.00314	0.14018
36	0.09412	0.01139	0.01607	0.14531	0.42166	0.07095	0.01233	0.03488	0.01141	0.08450	0.01024	0.01322	0.00822	0.00557	0.02037	0.00163	0.00594	0.02233	0.00290	0.00695
37	0.00763	0.00643	0.05087	0.00669	0.00762	0.00576	0.00493	0.00956	0.06441	0.01290	0.16397	0.04584	0.02222	0.44498	0.09161	0.02115	0.00511	0.02073	0.00355	0.00404
38	0.02205	0.00836	0.01140	0.00874	0.01254	0.00722	0.00722	0.02395	0.01407	0.80004	0.01939	0.01673	0.01216	0.00608	0.00494	0.00152	0.00418	0.00494	0.00608	0.00836
39	0.00986	0.00894	0.01485	0.53754	0.15432	0.01020	0.02934	0.01285	0.01023	0.02881	0.01078	0.05620	0.00924	0.00571	0.00502	0.00161	0.00601	0.03979	0.00257	0.04614
40	0.03912	0.01097	0.01149	0.01007	0.01302	0.01260	0.00792	0.12940	0.65882	0.02203	0.01847	0.01712	0.01379	0.00650	0.00493	0.00164	0.00410	0.00531	0.00493	0.00778
41	0.00599	0.00497	0.00525	0.00522	0.00676	0.00422	0.00390	0.00740	0.01158	0.01427	0.16614	0.06590	0.65718	0.01215	0.00582	0.00165	0.00247	0.01023	0.00470	0.00422
42	0.86201	0.00950	0.00722	0.00646	0.00950	0.01102	0.00532	0.01445	0.00836	0.02205	0.00684	0.00798	0.00532	0.00456	0.00304	0.00152	0.00380	0.00266	0.00304	0.00532
43	0.00584	0.00498	0.00502	0.00501	0.00666	0.00416	0.00376	0.00711	0.01127	0.01344	0.06862	0.04703	0.77570	0.01239	0.00581	0.00166	0.00248	0.01033	0.00458	0.00416
44	0.02079	0.01038	0.01265	0.00970	0.01355	0.01022	0.00801	0.30675	0.01745	0.51246	0.01655	0.01488	0.01074	0.00601	0.00493	0.00150	0.00464	0.00475	0.00565	0.00836
45	0.00696	0.00502	0.00657	0.00618	0.00734	0.00464	0.00464	0.00927	0.01391	0.01971	0.79405	0.03671	0.04637	0.01005	0.00580	0.00155	0.00232	0.00889	0.00541	0.00464
46	0.01314	0.83025	0.02575	0.00841	0.01261	0.01945	0.00841	0.01472	0.00999	0.01156	0.00683	0.00788	0.00631	0.00420	0.00315	0.00105	0.00526	0.00263	0.00210	0.00631
47	0.00987	0.00891	0.01212	0.06001	0.02775	0.00938	0.03885	0.02285	0.00935	0.01395	0.01060	0.01427	0.03874	0.05759	0.08014	0.00215	0.22905	0.00430	0.00270	0.34740
48	0.00928	0.00873	0.01474	0.81548	0.03385	0.01092	0.01365	0.01256	0.00983	0.01256	0.00873	0.01310	0.00655	0.00491	0.00491	0.00164	0.00655	0.00437	0.00218	0.00546
49	0.00928	0.00873	0.01474	0.81548	0.03385	0.01092	0.01365	0.01256	0.00983	0.01256	0.00873	0.01310	0.00655	0.00491	0.00491	0.00164	0.00655	0.00437	0.00218	0.00546
50	0.00997	0.00946	0.01575	0.60585	0.15281	0.01131	0.03019	0.01352	0.04023	0.01346	0.00918	0.01305	0.00709	0.00505	0.00544	0.00163	0.04328	0.00444	0.00234	0.00594
51	0.01836	0.02342	0.01393	0.01266	0.01519	0.80756	0.00950	0.01962	0.01393	0.01203	0.00760	0.00886	0.00633	0.00506	0.00443	0.00127	0.00886	0.00317	0.00253	0.00570
52	0.01150	0.01100	0.01875	0.21055	0.62142	0.01150	0.01475	0.01450	0.01088	0.01525	0.00913	0.01238	0.00750	0.00450	0.00488	0.00150	0.00600	0.00438	0.00238	0.00725
53	0.01868	0.01376	0.01475	0.01131	0.01524	0.01524	0.00934	0.78025	0.02311	0.03097	0.01180	0.01180	0.00836	0.00590	0.00492	0.00147	0.00541	0.00442	0.00492	0.00836
54	0.00951	0.00741	0.00860	0.00790	0.00972	0.00789	0.00605	0.05108	0.27212	0.03579	0.33538	0.08819	0.08380	0.00988	0.02659	0.00180	0.01964	0.00778	0.00500	0.00587
55	0.00991	0.02513	0.78509	0.01435	0.03787	0.01142	0.01809	0.01555	0.01039	0.01557	0.00883	0.01041	0.00626	0.00466	0.00467	0.00155	0.00723	0.00365	0.00208	0.00727
56	0.06002	0.01336	0.01426	0.01098	0.01486	0.01474	0.00907	0.71523	0.02206	0.05860	0.01183	0.01179	0.00835	0.00584	0.00483	0.00148	0.00528	0.00436	0.00487	0.00821
57	0.00649	0.00497	0.00708	0.08998	0.01018	0.00492	0.02121	0.00768	0.00959	0.01269	0.04069	0.65570	0.05853	0.03746	0.00664	0.00201	0.00337	0.01238	0.00425	0.00419
58	0.01158	0.01320	0.02871	0.02055	0.02542	0.01248	0.76280	0.01566	0.01151	0.01566	0.00987	0.01320	0.00744	0.00424	0.00601	0.00167	0.02515	0.00577	0.00248	0.00660
59	0.01387	0.00955	0.05482	0.10506	0.03111	0.00875	0.11700	0.01741	0.07550	0.28498	0.05535	0.05692	0.04059	0.00704	0.00556	0.00165	0.02560	0.05997	0.02255	0.00671
60	0.01836	0.02342	0.01393	0.01266	0.01519	0.80756	0.00950	0.01962	0.01393	0.01203	0.00760	0.00886	0.00633	0.00506	0.00443	0.00127	0.00886	0.00317	0.00253	0.00570
61	0.00905	0.00578	0.00739	0.00670	0.00829	0.00542	0.00512	0.01204	0.06446	0.11224	0.62578	0.03350	0.06600	0.00944	0.00564	0.00155	0.00265	0.00825	0.00543	0.00527
62	0.01201	0.01307	0.02831	0.02025	0.02517	0.01223	0.74878	0.01606	0.01169	0.04624	0.01031	0.01339	0.00764	0.00422	0.00577	0.00165	0.00813	0.00577	0.00263	0.00670
63	0.00928	0.00873	0.01474	0.81548	0.03385	0.01092	0.01365	0.01256	0.00983	0.01256	0.00873	0.01310	0.00655	0.00491	0.00491	0.00164	0.00655	0.00437	0.00218	0.00546
64	0.00599	0.00428	0.00570	0.00684	0.00713	0.00399	0.00456	0.00684	0.00941	0.01254	0.02709	0.82409	0.03250	0.01540	0.00627	0.00200	0.00285	0.01397	0.00456	0.00399
65	0.01215	0.01172	0.02021	0.02989	0.77412	0.01170	0.03739	0.01510	0.01120	0.01605	0.00926	0.01219	0.00777	0.00437	0.00489	0.00147	0.00591	0.00442	0.00243	0.00775
66	0.01003	0.02445	0.73646	0.01358	0.02041	0.04207	0.01721	0.01539	0.01060	0.01545	0.02524	0.01172	0.02586	0.00498	0.00471	0.00155	0.00711	0.00388	0.00222	0.00708
67	0.00702	0.00527	0.00790	0.00790	0.00878	0.00614	0.00614	0.00878	0.00790	0.01141	0.01316	0.01931	0.01229	0.03686	0.80782	0.00790	0.01316	0.00527	0.00263	0.00439
68	0.01045	0.01003	0.01716	0.48097	0.28124	0.01135	0.05757	0.01390	0.03064	0.01408	0.00923	0.01291	0.00722	0.00480	0.00512	0.00159	0.01856	0.00448	0.00236	0.00634
69	0.01880	0.01299	0.01398	0.01086	0.01466	0.03586	0.00892	0.59390	0.06886	0.15019	0.01338	0.01289	0.00931	0.00595	0.00491	0.00149	0.00522	0.00454	0.00504	0.00825
70	0.01229	0.01206	0.01935	0.07629	0.71363	0.04972	0.01473	0.01515	0.01124	0.01565	0.00913	0.01206	0.00764	0.00444	0.00485	0.00146	0.00603	0.00432	0.00242	0.00755
71	0.00599	0.00428	0.00570	0.00684	0.00713	0.00399	0.00456	0.00684	0.00941	0.01254	0.02709	0.82409	0.03250	0.01540	0.00627	0.00200	0.00285	0.01397	0.00456	0.00399
72	0.00584	0.00498	0.00502	0.00501	0.00665	0.00416	0.00376	0.00711	0.01127	0.01343	0.06757	0.04704	0.77676	0.01239	0.00581	0.00166	0.00249	0.01034	0.00458	0.00416
73	0.00595	0.00441	0.00556	0.00648	0.00703	0.00402	0.00440	0.00688	0.00976	0.01269	0.03147	0.67399	0.17977	0.01483	0.00618	0.00193	0.00278	0.01328	0.00456	0.00402
74	0.00715	0.00476	0.00536	0.00536	0.00536	0.00476	0.00298	0.00715	0.00715	0.00953	0.01548	0.03216	0.01787	0.82729	0.02501	0.00476	0.00476	0.00715	0.00298	0.00298
75	0.01019	0.00873	0.01019	0.00728	0.01165	0.00655	0.00582	0.01237	0.01019	0.01601	0.00873	0.01019	0.00728	0.00364	0.00364	0.00073	0.00364	0.00291	0.00291	0.85734
76	0.00942	0.00859	0.01378	0.31688	0.23218	0.00929	0.03048	0.02648	0.02271	0.01460	0.06684	0.11361	0.10044	0.00720	0.00524	0.00163	0.00518	0.00652	0.00311	0.00584
77	0.04194	0.01389	0.01730	0.03822	0.47015	0.18103	0.01281	0.01584	0.03047	0.01491	0.00871	0.01131	0.00738	0.00513	0.00615	0.00152	0.10976	0.00408	0.00250	0.00691

[dist]
# distance from previous block
# <min> <max>
0	5

[block]
# block no. 3 follows, 51 sequences, length 21
# corresponding to MSA columns:
# 142-162
name=unknown_D
#
# <colnr> <probs for GDERKNQSTAVLIFYWHMCP>
#	G	D	E	R	K	N	Q	S	T	A	V	L	I	F	Y	W	H	M	C	P
0	0.05217	0.01250	0.01628	0.03595	0.38025	0.07237	0.01164	0.22321	0.01474	0.10233	0.01107	0.02612	0.00858	0.00523	0.00480	0.00147	0.00565	0.00445	0.00355	0.00762
1	0.01423	0.01160	0.01731	0.02383	0.55600	0.06765	0.01281	0.01681	0.01198	0.16242	0.02595	0.01452	0.00982	0.00512	0.00492	0.00148	0.00564	0.02706	0.00324	0.00759
2	0.00880	0.00732	0.00865	0.00692	0.01007	0.00573	0.00532	0.01065	0.01037	0.01535	0.06571	0.16974	0.08447	0.00706	0.00447	0.00110	0.00330	0.00605	0.00353	0.56538
3	0.01105	0.01069	0.01747	0.33969	0.38234	0.03611	0.05307	0.02844	0.01091	0.01466	0.00981	0.04581	0.00826	0.00508	0.00498	0.00156	0.00621	0.00480	0.00247	0.00659
4	0.06049	0.01109	0.01798	0.02573	0.64049	0.01098	0.01337	0.01594	0.01132	0.10341	0.01022	0.01237	0.00812	0.00455	0.00473	0.00145	0.00547	0.00430	0.00289	0.03510
5	0.74808	0.08246	0.04544	0.00698	0.01032	0.01178	0.00618	0.01452	0.00860	0.02083	0.00693	0.00808	0.00545	0.00454	0.00313	0.00148	0.00409	0.00270	0.00291	0.00550
6	0.01176	0.49132	0.35257	0.01077	0.01626	0.01606	0.01251	0.01507	0.01015	0.01325	0.00767	0.00893	0.00627	0.00440	0.00379	0.00126	0.00610	0.00305	0.00209	0.00671
7	0.02014	0.01142	0.01330	0.01020	0.01407	0.01177	0.00842	0.45261	0.01919	0.36415	0.01509	0.01393	0.01001	0.00598	0.00493	0.00149	0.00488	0.00465	0.00542	0.00836
8	0.02812	0.07707	0.07817	0.01119	0.03946	0.03167	0.00932	0.22475	0.39191	0.03375	0.01501	0.01451	0.01120	0.00595	0.00476	0.00154	0.00486	0.00472	0.00436	0.00770
9	0.01350	0.01420	0.29502	0.01152	0.05851	0.00863	0.01120	0.03378	0.01186	0.26376	0.03103	0.10644	0.01290	0.00669	0.00497	0.00155	0.00519	0.03248	0.00393	0.07286
10	0.01101	0.05506	0.63784	0.01491	0.08850	0.01183	0.01671	0.05527	0.01120	0.03983	0.00925	0.01070	0.00665	0.00473	0.00465	0.00152	0.00687	0.00374	0.00237	0.00736
11	0.01027	0.02358	0.72433	0.01336	0.02015	0.01087	0.01695	0.01562	0.01073	0.05189	0.04990	0.01203	0.00857	0.00501	0.00474	0.00155	0.00687	0.00396	0.00243	0.00718
12	0.00782	0.00584	0.00821	0.19112	0.04128	0.00615	0.00689	0.00990	0.01060	0.01500	0.12517	0.23811	0.08356	0.00958	0.00525	0.00165	0.00367	0.04645	0.17906	0.00471
13	0.01240	0.01190	0.01885	0.07169	0.66490	0.03751	0.01427	0.03866	0.05171	0.01641	0.00980	0.01242	0.00806	0.00459	0.00486	0.00147	0.00586	0.00440	0.00263	0.00760
14	0.00674	0.00486	0.00649	0.00716	0.00795	0.00460	0.00541	0.00838	0.01121	0.01512	0.24134	0.38390	0.05917	0.01335	0.00626	0.00193	0.00312	0.20391	0.00479	0.00431
15	0.02205	0.00836	0.01140	0.00874	0.01254	0.00722	0.00722	0.02395	0.01407	0.80004	0.01939	0.01673	0.01216	0.00608	0.00494	0.00152	0.00418	0.00494	0.00608	0.00836
16	0.01264	0.01093	0.01294	0.01289	0.11313	0.01225	0.02980	0.09007	0.58315	0.02074	0.03516	0.01725	0.01400	0.00632	0.00502	0.00162	0.00435	0.00539	0.00461	0.00773
17	0.01160	0.01326	0.02900	0.02071	0.02568	0.01243	0.77879	0.01574	0.01160	0.01574	0.00994	0.01326	0.00746	0.00414	0.00580	0.00166	0.00829	0.00580	0.00249	0.00663
18	0.00643	0.00478	0.00633	0.00706	0.00752	0.00472	0.00496	0.00753	0.00986	0.01328	0.10671	0.60193	0.06463	0.03329	0.02648	0.00216	0.04151	0.04223	0.00445	0.00414
19	0.01221	0.01110	0.01677	0.09002	0.38684	0.01174	0.05794	0.08898	0.19156	0.01815	0.02539	0.01559	0.02732	0.00550	0.00503	0.00156	0.00541	0.01814	0.00337	0.00738
20	0.74451	0.00969	0.00804	0.03899	0.01088	0.01125	0.00595	0.04247	0.05801	0.02190	0.00792	0.00897	0.00609	0.00476	0.00331	0.00153	0.00397	0.00297	0.00320	0.00559

[dist]
# distance from previous block
# <min> <max>
10	12

[block]
# block no. 4 follows, 51 sequences, length 45
# corresponding to MSA columns:
# 176-220
name=unknown_E
#
# <colnr> <probs for GDERKNQSTAVLIFYWHMCP>
#	G	D	E	R	K	N	Q	S	T	A	V	L	I	F	Y	W	H	M	C	P
0	0.01048	0.03181	0.01467	0.09856	0.36300	0.00966	0.01071	0.01405	0.07740	0.01646	0.14939	0.05116	0.01604	0.00600	0.00491	0.00143	0.00471	0.00545	0.00329	0.11082
1	0.01141	0.13622	0.27183	0.00994	0.01436	0.01075	0.01039	0.08833	0.04684	0.06609	0.07078	0.04116	0.06053	0.04253	0.00549	0.00155	0.00514	0.00493	0.00334	0.09839
2	0.01206	0.01312	0.13034	0.09223	0.51511	0.01133	0.02398	0.03078	0.03980	0.05196	0.02594	0.01292	0.00871	0.00477	0.00488	0.00150	0.00591	0.00445	0.00273	0.00747
3	0.01818	0.00762	0.01007	0.00799	0.01109	0.00662	0.00633	0.01976	0.01260	0.59081	0.01946	0.04906	0.03759	0.12392	0.00782	0.00196	0.00413	0.00564	0.00536	0.05398
4	0.00939	0.00945	0.04364	0.75224	0.04630	0.01105	0.01377	0.01269	0.00981	0.01271	0.00869	0.01293	0.00656	0.00499	0.00518	0.00164	0.02688	0.00434	0.00218	0.00556
5	0.01313	0.01849	0.05665	0.02916	0.04200	0.00681	0.00725	0.01553	0.01300	0.29090	0.30575	0.02373	0.02406	0.00728	0.00512	0.00146	0.00375	0.02677	0.00490	0.10426
6	0.00655	0.00538	0.00592	0.00553	0.00735	0.00452	0.00418	0.00814	0.01168	0.01504	0.21565	0.05367	0.52515	0.01099	0.00558	0.00154	0.00258	0.00928	0.00458	0.09669
7	0.05937	0.01096	0.01198	0.01109	0.05723	0.01236	0.00827	0.14161	0.54654	0.05928	0.01739	0.01634	0.01291	0.00628	0.00487	0.00161	0.00424	0.00513	0.00479	0.00776
8	0.01233	0.13373	0.42452	0.01418	0.10141	0.01180	0.04900	0.01638	0.01096	0.12252	0.01008	0.01121	0.00733	0.00469	0.00451	0.00143	0.00627	0.00381	0.00273	0.05111
9	0.01396	0.25307	0.37358	0.01103	0.01652	0.01264	0.01252	0.01749	0.01122	0.21735	0.01098	0.01130	0.00779	0.00490	0.00430	0.00140	0.00589	0.00368	0.00312	0.00727
10	0.01006	0.05907	0.74068	0.01401	0.02106	0.01179	0.04557	0.01553	0.01040	0.01540	0.00878	0.01038	0.00627	0.00463	0.00465	0.00154	0.00722	0.00367	0.00209	0.00720
11	0.01167	0.01119	0.01913	0.13106	0.62820	0.01148	0.04534	0.01494	0.03066	0.01567	0.00987	0.01349	0.00827	0.00471	0.00496	0.00151	0.00595	0.02203	0.00252	0.00736
12	0.01308	0.08323	0.01951	0.03975	0.60503	0.11221	0.01369	0.02821	0.01160	0.01535	0.00886	0.01139	0.00746	0.00448	0.00467	0.00140	0.00617	0.00408	0.00245	0.00736
13	0.00818	0.00663	0.04198	0.00667	0.00742	0.00631	0.00471	0.06510	0.00878	0.01184	0.01629	0.04876	0.05253	0.59147	0.06503	0.00423	0.04021	0.00688	0.00314	0.00383
14	0.01615	0.01372	0.01658	0.05321	0.21106	0.08099	0.04784	0.44530	0.01808	0.02391	0.01073	0.01225	0.00814	0.00540	0.00493	0.00148	0.00599	0.01267	0.00385	0.00773
15	0.01932	0.00782	0.01058	0.00829	0.01167	0.00678	0.00677	0.02129	0.01396	0.65538	0.14699	0.01989	0.01771	0.00669	0.00506	0.00151	0.00386	0.00555	0.00591	0.02497
16	0.00710	0.00495	0.00629	0.00629	0.00661	0.00527	0.00414	0.00774	0.00742	0.01022	0.01463	0.02744	0.01582	0.53724	0.31226	0.00591	0.00785	0.00646	0.00285	0.00350
17	0.01416	0.01191	0.05000	0.04952	0.01631	0.10207	0.18062	0.05895	0.10283	0.19048	0.07264	0.01795	0.06183	0.00614	0.00512	0.00154	0.00560	0.00550	0.04012	0.00672
18	0.01705	0.01034	0.01316	0.01045	0.01393	0.01064	0.06494	0.19918	0.21159	0.31576	0.03475	0.01629	0.01244	0.00737	0.03718	0.00181	0.00501	0.00514	0.00512	0.00784
19	0.00614	0.00454	0.00579	0.00672	0.00734	0.00418	0.00474	0.00721	0.00993	0.01289	0.03117	0.60564	0.17258	0.01467	0.00624	0.00196	0.00295	0.08669	0.00456	0.00407
20	0.00916	0.00845	0.01393	0.70677	0.03046	0.01048	0.01265	0.01226	0.01005	0.01318	0.06700	0.01487	0.00962	0.00546	0.00539	0.00164	0.03823	0.00470	0.02031	0.00538
21	0.04439	0.00886	0.01461	0.07629	0.26617	0.00890	0.10627	0.01304	0.01122	0.04008	0.10005	0.02541	0.01695	0.04460	0.00629	0.00182	0.00521	0.16679	0.03703	0.00600
22	0.02124	0.00818	0.01114	0.00861	0.01227	0.00708	0.00708	0.02316	0.01406	0.75809	0.06103	0.01780	0.01400	0.00630	0.00499	0.00152	0.00408	0.00515	0.00605	0.00816
23	0.00941	0.00887	0.01497	0.78060	0.06773	0.01095	0.01371	0.01267	0.00989	0.01271	0.00876	0.01306	0.00661	0.00489	0.00491	0.00163	0.00652	0.00437	0.00219	0.00556
24	0.01798	0.00901	0.01198	0.01072	0.07046	0.00876	0.00807	0.10552	0.05338	0.47865	0.04848	0.04806	0.01426	0.00698	0.00563	0.00161	0.04144	0.04611	0.00528	0.00764
25	0.01485	0.27621	0.07571	0.05395	0.01516	0.28340	0.00971	0.05134	0.01210	0.06497	0.01009	0.01120	0.03838	0.00538	0.00493	0.00134	0.05870	0.00363	0.00274	0.00621
26	0.01832	0.00983	0.07050	0.01096	0.08252	0.00805	0.01825	0.05441	0.01378	0.53856	0.08268	0.01733	0.01401	0.00612	0.00495	0.00151	0.00445	0.00511	0.03089	0.00778
27	0.00953	0.00906	0.01550	0.74225	0.08091	0.01101	0.03734	0.01281	0.00997	0.01287	0.00880	0.01305	0.00666	0.00486	0.00494	0.00163	0.00656	0.00441	0.00221	0.00564
28	0.00651	0.00469	0.00604	0.00689	0.00733	0.00452	0.00470	0.00793	0.04023	0.01297	0.06043	0.62735	0.03060	0.10459	0.00830	0.00228	0.00317	0.05295	0.00444	0.00409
29	0.01031	0.02493	0.00818	0.00689	0.00847	0.00571	0.02517	0.01187	0.01176	0.17812	0.32771	0.05447	0.07310	0.21950	0.01052	0.00238	0.00359	0.00763	0.00470	0.00503
30	0.86201	0.00950	0.00722	0.00646	0.00950	0.01102	0.00532	0.01445	0.00836	0.02205	0.00684	0.00798	0.00532	0.00456	0.00304	0.00152	0.00380	0.00266	0.00304	0.00532
31	0.00863	0.00610	0.00761	0.04178	0.06075	0.00547	0.00554	0.01028	0.01158	0.10438	0.13726	0.07829	0.42266	0.03176	0.00604	0.00167	0.00318	0.00867	0.00449	0.04385
32	0.00904	0.00840	0.01407	0.75555	0.03187	0.01040	0.01297	0.01213	0.00980	0.01256	0.01009	0.07321	0.00847	0.00569	0.00501	0.00166	0.00628	0.00508	0.00236	0.00535
33	0.01858	0.01119	0.06944	0.01200	0.07454	0.06749	0.07471	0.02093	0.01316	0.52535	0.01650	0.04925	0.01143	0.00600	0.00501	0.00153	0.00517	0.00513	0.00488	0.00771
34	0.01216	0.01168	0.01995	0.03016	0.79664	0.01168	0.01508	0.01508	0.01119	0.01605	0.00924	0.01216	0.00778	0.00438	0.00487	0.00146	0.00584	0.00438	0.00243	0.00778
35	0.01027	0.00905	0.01507	0.46278	0.22411	0.01014	0.02863	0.01298	0.01030	0.04448	0.01234	0.01564	0.06562	0.00602	0.00576	0.04757	0.00589	0.00486	0.00258	0.00592
36	0.01710	0.00835	0.01271	0.08541	0.03216	0.00769	0.08084	0.01934	0.01305	0.50662	0.08840	0.06086	0.03114	0.00673	0.00518	0.00157	0.00456	0.00590	0.00512	0.00726
37	0.01230	0.01150	0.01983	0.06633	0.70418	0.01154	0.04713	0.01526	0.01123	0.03952	0.00956	0.01239	0.00784	0.00445	0.00491	0.00148	0.00593	0.00446	0.00253	0.00764
38	0.01118	0.33900	0.40508	0.07151	0.01901	0.01457	0.04779	0.01502	0.01024	0.01378	0.00808	0.00973	0.00634	0.00448	0.00414	0.00137	0.00647	0.00339	0.00211	0.00673
39	0.01912	0.01093	0.07298	0.01330	0.15939	0.04327	0.00961	0.02147	0.01324	0.56021	0.01618	0.01505	0.01064	0.00561	0.00488	0.00150	0.00493	0.00466	0.00494	0.00806
40	0.01886	0.00975	0.08214	0.00914	0.01290	0.00777	0.00809	0.05789	0.01371	0.59186	0.05925	0.01718	0.01329	0.00844	0.06447	0.00200	0.00508	0.00504	0.00537	0.00777
41	0.01195	0.08656	0.59484	0.01279	0.01909	0.04531	0.01548	0.01692	0.03133	0.10607	0.01013	0.01106	0.00715	0.00487	0.00458	0.00150	0.00673	0.00373	0.00264	0.00726
42	0.01574	0.06187	0.13341	0.07268	0.01846	0.33400	0.12331	0.03011	0.01271	0.13689	0.01008	0.01127	0.00744	0.00499	0.00472	0.00143	0.00739	0.00398	0.00300	0.00654
43	0.03555	0.13131	0.14156	0.00892	0.01310	0.00947	0.00849	0.02684	0.02499	0.20756	0.03059	0.08378	0.01136	0.00578	0.00436	0.00128	0.00454	0.00465	0.00370	0.24215
44	0.03491	0.31604	0.09428	0.04717	0.10482	0.05936	0.00954	0.01493	0.01135	0.09670	0.12503	0.03049	0.02476	0.00575	0.00432	0.00135	0.00512	0.00453	0.00318	0.00637

[dist]
# distance from previous block
# <min> <max>
0	24

# created by:
# /home/cegg/simao/soft/augustus-3.2.1/scripts/msa2prfl.pl ./align_prep/EOG091G0KGO.fa
