[name]
unknown

[dist]
# distance from previous block
# <min> <max>
1	124

[block]
# block no. 0 follows, 45 sequences, length 18
# corresponding to MSA columns:
# 170-187
name=unknown_A
#
# <colnr> <probs for GDERKNQSTAVLIFYWHMCP>
#	G	D	E	R	K	N	Q	S	T	A	V	L	I	F	Y	W	H	M	C	P
0	0.01219	0.00968	0.01360	0.01376	0.13162	0.04063	0.09413	0.06178	0.06900	0.07959	0.17780	0.10795	0.05068	0.00855	0.00577	0.00172	0.00480	0.02857	0.08156	0.00662
1	0.00712	0.00516	0.00634	0.00673	0.00756	0.00481	0.00470	0.00847	0.01145	0.01535	0.20040	0.31365	0.17440	0.13407	0.02601	0.00257	0.00350	0.03645	0.02683	0.00443
2	0.01182	0.01129	0.01730	0.44263	0.25817	0.03800	0.01444	0.01664	0.10536	0.01594	0.01120	0.01456	0.00870	0.00543	0.00535	0.00172	0.00664	0.00489	0.00286	0.00706
3	0.03512	0.00683	0.00851	0.00737	0.00979	0.00612	0.00578	0.01567	0.01396	0.29163	0.24572	0.06296	0.16948	0.00955	0.00570	0.00168	0.00336	0.00807	0.08631	0.00640
4	0.01237	0.00810	0.00884	0.00812	0.01029	0.00868	0.00631	0.06116	0.26549	0.07424	0.04750	0.06335	0.01753	0.00772	0.00494	0.00161	0.00356	0.03671	0.34682	0.00666
5	0.01322	0.00708	0.00889	0.00770	0.01006	0.00657	0.00603	0.01656	0.07778	0.25523	0.35121	0.03131	0.10490	0.00923	0.00578	0.00167	0.00332	0.00788	0.06905	0.00655
6	0.01435	0.81458	0.02813	0.00918	0.01378	0.02124	0.00918	0.01607	0.01091	0.01263	0.00746	0.00861	0.00689	0.00459	0.00344	0.00115	0.00574	0.00287	0.00230	0.00689
7	0.84927	0.01038	0.00789	0.00706	0.01038	0.01204	0.00581	0.01578	0.00914	0.02408	0.00747	0.00872	0.00581	0.00498	0.00332	0.00166	0.00415	0.00291	0.00332	0.00581
8	0.69693	0.01015	0.00873	0.00752	0.01099	0.01128	0.00620	0.01770	0.01029	0.16392	0.01000	0.01048	0.00719	0.00529	0.00371	0.00166	0.00423	0.00337	0.00394	0.00643
9	0.01787	0.01085	0.01250	0.01030	0.01384	0.01135	0.00827	0.16391	0.30294	0.28833	0.04878	0.02030	0.05131	0.00734	0.00550	0.00172	0.00454	0.00598	0.00585	0.00852
10	0.03612	0.08754	0.01583	0.01344	0.03790	0.59943	0.01008	0.03809	0.01436	0.01397	0.00928	0.03739	0.00818	0.00705	0.03095	0.00167	0.02559	0.00397	0.00287	0.00629
11	0.01041	0.00988	0.03109	0.36336	0.05318	0.01147	0.05329	0.02966	0.01081	0.01484	0.05160	0.01780	0.04178	0.03081	0.05905	0.01570	0.15246	0.00550	0.03142	0.00588
12	0.00784	0.00471	0.00657	0.00718	0.00737	0.00455	0.00477	0.00736	0.00890	0.01190	0.04296	0.40789	0.02391	0.05046	0.01383	0.36854	0.00386	0.01017	0.00379	0.00345
13	0.00866	0.05052	0.01051	0.04891	0.01111	0.00873	0.00731	0.01009	0.00941	0.01305	0.04153	0.19160	0.03567	0.11688	0.24762	0.00443	0.15202	0.02366	0.00341	0.00489
14	0.05339	0.24814	0.13585	0.06963	0.06655	0.06381	0.05947	0.05861	0.08289	0.01667	0.00998	0.01180	0.00806	0.00565	0.00596	0.00160	0.08773	0.00415	0.00290	0.00718
15	0.00954	0.00672	0.00833	0.00796	0.00899	0.00728	0.00578	0.04957	0.07851	0.03196	0.01942	0.10058	0.07331	0.20825	0.18530	0.09655	0.04625	0.00734	0.04357	0.00482
16	0.00894	0.00737	0.00984	0.01004	0.04693	0.00746	0.05153	0.01346	0.17434	0.01667	0.09855	0.31980	0.10534	0.06779	0.00779	0.00219	0.00399	0.03752	0.00481	0.00565
17	0.10916	0.12096	0.14374	0.03418	0.19799	0.04881	0.04362	0.07589	0.02970	0.05361	0.02862	0.01326	0.00933	0.02860	0.00545	0.00165	0.00618	0.00439	0.00320	0.04167

[dist]
# distance from previous block
# <min> <max>
1	17

[block]
# block no. 1 follows, 45 sequences, length 23
# corresponding to MSA columns:
# 206-228
name=unknown_B
#
# <colnr> <probs for GDERKNQSTAVLIFYWHMCP>
#	G	D	E	R	K	N	Q	S	T	A	V	L	I	F	Y	W	H	M	C	P
0	0.02958	0.00903	0.04016	0.01248	0.13392	0.04492	0.02011	0.03304	0.01052	0.04021	0.03479	0.07944	0.01625	0.23683	0.19204	0.02411	0.00761	0.02616	0.00339	0.00541
1	0.00935	0.00722	0.00890	0.00836	0.01010	0.03439	0.03121	0.01130	0.03009	0.05905	0.09804	0.36794	0.10223	0.01282	0.02967	0.00200	0.02518	0.01039	0.02275	0.11899
2	0.01078	0.00921	0.01074	0.00784	0.01234	0.00695	0.00623	0.01308	0.01114	0.01724	0.01192	0.04283	0.03678	0.00481	0.00417	0.00088	0.00390	0.00393	0.00331	0.78191
3	0.01396	0.61933	0.10103	0.01030	0.01483	0.04250	0.01037	0.01694	0.05879	0.01371	0.00859	0.00980	0.00749	0.00510	0.00454	0.00132	0.04857	0.00330	0.00251	0.00702
4	0.00738	0.00543	0.00725	0.00802	0.03380	0.00540	0.00533	0.00864	0.01027	0.01397	0.12136	0.31130	0.07854	0.18108	0.17317	0.00402	0.00588	0.01044	0.00424	0.00447
5	0.00670	0.00542	0.00596	0.00590	0.00749	0.00467	0.00440	0.00837	0.01296	0.01641	0.25331	0.08432	0.53925	0.01302	0.00636	0.00180	0.00269	0.01107	0.00524	0.00467
6	0.01544	0.01226	0.01267	0.01082	0.01407	0.03883	0.00857	0.22240	0.44916	0.05122	0.01944	0.01844	0.03140	0.00705	0.00532	0.00171	0.00473	0.00568	0.06251	0.00828
7	0.84927	0.01038	0.00789	0.00706	0.01038	0.01204	0.00581	0.01578	0.00914	0.02408	0.00747	0.00872	0.00581	0.00498	0.00332	0.00166	0.00415	0.00291	0.00332	0.00581
8	0.01435	0.81458	0.02813	0.00918	0.01378	0.02124	0.00918	0.01607	0.01091	0.01263	0.00746	0.00861	0.00689	0.00459	0.00344	0.00115	0.00574	0.00287	0.00230	0.00689
9	0.00783	0.00535	0.00651	0.00694	0.00725	0.00531	0.00465	0.00849	0.00912	0.01207	0.02106	0.14059	0.02406	0.53505	0.02034	0.00422	0.00488	0.16869	0.00384	0.00376
10	0.01435	0.81458	0.02813	0.00918	0.01378	0.02124	0.00918	0.01607	0.01091	0.01263	0.00746	0.00861	0.00689	0.00459	0.00344	0.00115	0.00574	0.00287	0.00230	0.00689
11	0.02041	0.01504	0.01611	0.01235	0.01665	0.01665	0.01020	0.75997	0.02524	0.03383	0.01289	0.01289	0.00913	0.00644	0.00537	0.00161	0.00591	0.00483	0.00537	0.00913
12	0.00790	0.00560	0.00591	0.00575	0.00758	0.00481	0.00434	0.00946	0.01238	0.06263	0.07537	0.06712	0.59503	0.01234	0.00601	0.00175	0.00281	0.01031	0.09803	0.00488
13	0.01419	0.04095	0.05838	0.18209	0.14066	0.09916	0.03243	0.12106	0.11375	0.04530	0.01295	0.05320	0.01049	0.00618	0.00527	0.00163	0.00636	0.00521	0.00361	0.04713
14	0.01297	0.08197	0.11066	0.01294	0.07608	0.02792	0.08672	0.07333	0.01268	0.03950	0.01011	0.01176	0.00800	0.00459	0.00458	0.00120	0.00561	0.00390	0.00316	0.41232
15	0.01274	0.15749	0.41137	0.01374	0.04444	0.10055	0.01478	0.05964	0.01252	0.01661	0.02640	0.03654	0.03546	0.00601	0.00530	0.00160	0.03020	0.00453	0.00277	0.00731
16	0.01037	0.00780	0.00889	0.00825	0.01020	0.02593	0.00632	0.03830	0.18427	0.06587	0.31730	0.09106	0.12811	0.01186	0.04325	0.00211	0.00400	0.02462	0.00541	0.00610
17	0.00917	0.00842	0.03618	0.08102	0.20689	0.00794	0.03863	0.01142	0.01139	0.01547	0.05051	0.35811	0.04546	0.01146	0.00629	0.00197	0.00481	0.08496	0.00404	0.00586
18	0.01472	0.11475	0.28953	0.01538	0.08177	0.10630	0.09145	0.04190	0.04275	0.11463	0.01246	0.01350	0.02600	0.00553	0.00511	0.00160	0.00711	0.00455	0.00325	0.00771
19	0.01025	0.03142	0.01228	0.01405	0.18797	0.00900	0.00861	0.01262	0.04556	0.04150	0.01403	0.02157	0.01334	0.20527	0.30662	0.00512	0.04605	0.00587	0.00313	0.00574
20	0.00764	0.00542	0.00729	0.00744	0.00808	0.00575	0.00531	0.00898	0.00944	0.01324	0.09389	0.13030	0.02223	0.25209	0.35103	0.00576	0.00855	0.02737	0.02585	0.00434
21	0.03057	0.01484	0.14120	0.05225	0.36224	0.02750	0.07055	0.06258	0.04730	0.09575	0.01237	0.03736	0.00975	0.00561	0.00537	0.00167	0.00647	0.00514	0.00337	0.00810
22	0.03733	0.13842	0.11682	0.08237	0.10108	0.07821	0.06335	0.10779	0.08284	0.04114	0.06095	0.01474	0.01153	0.00583	0.00501	0.00157	0.00626	0.00480	0.03261	0.00736

[dist]
# distance from previous block
# <min> <max>
0	12

[block]
# block no. 2 follows, 45 sequences, length 25
# corresponding to MSA columns:
# 241-265
name=unknown_C
#
# <colnr> <probs for GDERKNQSTAVLIFYWHMCP>
#	G	D	E	R	K	N	Q	S	T	A	V	L	I	F	Y	W	H	M	C	P
0	0.01234	0.00821	0.00895	0.00795	0.01018	0.00870	0.00619	0.12807	0.18177	0.05469	0.14195	0.03848	0.04132	0.00770	0.00499	0.00155	0.00351	0.00637	0.32052	0.00655
1	0.01092	0.07001	0.18403	0.04189	0.18975	0.01105	0.08915	0.01497	0.05120	0.01655	0.01912	0.06257	0.13024	0.00725	0.00545	0.00168	0.00588	0.02416	0.03259	0.03154
2	0.00711	0.00564	0.00687	0.02678	0.03090	0.00516	0.00515	0.00877	0.01235	0.01603	0.23387	0.16514	0.36972	0.05113	0.02925	0.00218	0.00339	0.01085	0.00495	0.00474
3	0.00765	0.00794	0.07362	0.00859	0.05356	0.00617	0.00670	0.00976	0.01249	0.01622	0.19319	0.06244	0.42791	0.03529	0.00713	0.00191	0.02409	0.03549	0.00469	0.00517
4	0.01278	0.01457	0.16080	0.08294	0.07828	0.03778	0.02250	0.13076	0.01317	0.01894	0.04258	0.01405	0.01001	0.00643	0.00755	0.00167	0.16783	0.00466	0.07995	0.09276
5	0.01286	0.01120	0.01287	0.03605	0.08967	0.01273	0.00927	0.02568	0.62753	0.02121	0.02077	0.06469	0.01644	0.00753	0.00552	0.00182	0.00448	0.00643	0.00507	0.00818
6	0.01246	0.05627	0.01312	0.00921	0.01338	0.00913	0.03535	0.07191	0.01239	0.06180	0.01269	0.02566	0.03293	0.00654	0.03058	0.00137	0.03111	0.02650	0.00358	0.53401
7	0.01458	0.78317	0.02761	0.00937	0.01389	0.05183	0.00923	0.01629	0.01108	0.01265	0.00750	0.00865	0.00689	0.00463	0.00350	0.00116	0.00590	0.00289	0.00231	0.00686
8	0.01233	0.01497	0.08001	0.02147	0.02689	0.01314	0.67813	0.01688	0.01269	0.01736	0.04298	0.01535	0.00985	0.00483	0.00625	0.00180	0.00870	0.00632	0.00282	0.00719
9	0.01592	0.48873	0.04767	0.01093	0.01492	0.25560	0.00990	0.04023	0.01274	0.01372	0.00884	0.01135	0.00797	0.00538	0.00415	0.00131	0.00699	0.03428	0.00264	0.00671
10	0.01224	0.06055	0.18868	0.01194	0.03108	0.07063	0.02905	0.03914	0.01132	0.08384	0.01425	0.12744	0.01351	0.08697	0.09069	0.00284	0.10978	0.00633	0.00337	0.00635
11	0.01379	0.01245	0.01234	0.01111	0.01413	0.06434	0.00862	0.02806	0.71873	0.02184	0.02096	0.01935	0.01576	0.00717	0.00542	0.00179	0.00460	0.00590	0.00528	0.00835
12	0.01435	0.81458	0.02813	0.00918	0.01378	0.02124	0.00918	0.01607	0.01091	0.01263	0.00746	0.00861	0.00689	0.00459	0.00344	0.00115	0.00574	0.00287	0.00230	0.00689
13	0.00775	0.00522	0.00607	0.00611	0.00619	0.00528	0.00356	0.00792	0.00796	0.01068	0.01721	0.06317	0.01968	0.72639	0.08105	0.00533	0.00578	0.00794	0.00329	0.00340
14	0.01383	0.01184	0.01225	0.01093	0.01391	0.03462	0.00850	0.10420	0.61908	0.02282	0.02103	0.07072	0.01661	0.00777	0.00553	0.00181	0.00450	0.00647	0.00535	0.00823
15	0.01329	0.01275	0.02179	0.03295	0.77787	0.01275	0.01647	0.01647	0.01222	0.01754	0.01010	0.01329	0.00850	0.00478	0.00531	0.00159	0.00638	0.00478	0.00266	0.00850
16	0.08501	0.00855	0.01000	0.00815	0.01126	0.00832	0.00660	0.11112	0.01468	0.36904	0.01781	0.01743	0.01234	0.00635	0.00467	0.00151	0.00400	0.00499	0.29071	0.00746
17	0.00711	0.00522	0.00664	0.00752	0.00813	0.00502	0.00517	0.00898	0.05437	0.01462	0.07438	0.61904	0.07114	0.05460	0.00773	0.00227	0.00328	0.03516	0.00498	0.00461
18	0.03403	0.03145	0.04010	0.19194	0.12506	0.07548	0.07275	0.01592	0.05558	0.08385	0.01777	0.11032	0.06729	0.00783	0.00565	0.00178	0.00603	0.04689	0.00368	0.00661
19	0.00885	0.00980	0.12004	0.00991	0.01240	0.00747	0.08934	0.01136	0.01169	0.03108	0.16534	0.14065	0.14806	0.09139	0.04653	0.00250	0.03684	0.01786	0.03344	0.00544
20	0.05627	0.00564	0.00690	0.00742	0.00848	0.00540	0.00536	0.00982	0.03104	0.04287	0.14895	0.46442	0.11564	0.01413	0.00646	0.00202	0.00323	0.05597	0.00510	0.00488
21	0.03234	0.01049	0.01626	0.01580	0.14110	0.03584	0.16307	0.06136	0.01304	0.06372	0.10117	0.16222	0.06288	0.00893	0.00689	0.00185	0.06508	0.02737	0.00405	0.00654
22	0.04646	0.04928	0.17962	0.02556	0.08968	0.03856	0.13236	0.11148	0.09192	0.01971	0.04050	0.03348	0.01089	0.00592	0.00565	0.00163	0.03239	0.00511	0.00344	0.07636
23	0.01111	0.01202	0.10886	0.07243	0.20418	0.01102	0.03265	0.03581	0.08826	0.01716	0.05355	0.01876	0.05621	0.01157	0.11882	0.00272	0.08071	0.00563	0.05167	0.00685
24	0.03974	0.00888	0.06005	0.00916	0.03629	0.00768	0.03329	0.07836	0.02933	0.05554	0.05065	0.07274	0.25288	0.01119	0.04494	0.00205	0.00459	0.04872	0.12245	0.03146

[dist]
# distance from previous block
# <min> <max>
2	28

[block]
# block no. 3 follows, 45 sequences, length 9
# corresponding to MSA columns:
# 298-306
name=unknown_D
#
# <colnr> <probs for GDERKNQSTAVLIFYWHMCP>
#	G	D	E	R	K	N	Q	S	T	A	V	L	I	F	Y	W	H	M	C	P
0	0.01482	0.46657	0.07894	0.03465	0.08015	0.07209	0.03286	0.05126	0.01219	0.05137	0.00900	0.01043	0.00750	0.00507	0.00465	0.00136	0.03417	0.00359	0.00274	0.02658
1	0.07469	0.05855	0.06311	0.04639	0.01369	0.13887	0.00857	0.08369	0.07141	0.02801	0.07496	0.07392	0.04017	0.04935	0.10776	0.00271	0.00681	0.02041	0.03078	0.00615
2	0.00850	0.00618	0.00713	0.00669	0.00849	0.00567	0.00509	0.05412	0.01381	0.05525	0.26746	0.07805	0.40256	0.01338	0.04150	0.00208	0.00348	0.01009	0.00528	0.00520
3	0.00816	0.00619	0.00764	0.00724	0.00860	0.00612	0.00544	0.05388	0.01353	0.01840	0.37829	0.09482	0.19787	0.05317	0.08892	0.00266	0.02945	0.00952	0.00505	0.00505
4	0.01467	0.00804	0.01006	0.00854	0.01121	0.00773	0.00674	0.04714	0.12958	0.28669	0.34939	0.02873	0.05081	0.00881	0.00584	0.00170	0.00364	0.00751	0.00605	0.00714
5	0.00742	0.00560	0.00706	0.00731	0.00800	0.00563	0.00520	0.00864	0.01079	0.01446	0.15129	0.28597	0.14628	0.17398	0.04970	0.00298	0.05402	0.04672	0.00452	0.00443
6	0.24920	0.01005	0.01035	0.00881	0.01156	0.06782	0.03296	0.01695	0.04736	0.14485	0.12785	0.01770	0.01576	0.00667	0.00535	0.00160	0.05000	0.00506	0.12283	0.04727
7	0.18026	0.16828	0.21894	0.04911	0.01756	0.01357	0.06159	0.06028	0.03335	0.09668	0.04499	0.01298	0.00976	0.00551	0.00464	0.00159	0.00600	0.00426	0.00340	0.00725
8	0.01284	0.02869	0.01197	0.01039	0.01258	0.10736	0.03054	0.10254	0.18209	0.04304	0.06719	0.14186	0.05630	0.07620	0.00830	0.00211	0.05244	0.04257	0.00454	0.00644

[dist]
# distance from previous block
# <min> <max>
0	2

[block]
# block no. 4 follows, 45 sequences, length 17
# corresponding to MSA columns:
# 309-325
name=unknown_E
#
# <colnr> <probs for GDERKNQSTAVLIFYWHMCP>
#	G	D	E	R	K	N	Q	S	T	A	V	L	I	F	Y	W	H	M	C	P
0	0.22723	0.01311	0.08140	0.01147	0.03310	0.01290	0.04496	0.25971	0.03197	0.07534	0.01144	0.01277	0.00855	0.00682	0.00656	0.05631	0.05376	0.00439	0.04096	0.00724
1	0.71967	0.05940	0.00990	0.04511	0.01215	0.01281	0.00666	0.05067	0.01008	0.02335	0.00783	0.00918	0.00610	0.00505	0.00352	0.00163	0.00447	0.00308	0.00331	0.00604
2	0.01014	0.00954	0.01610	0.79845	0.03697	0.01193	0.01491	0.01371	0.01073	0.01371	0.00954	0.01431	0.00716	0.00537	0.00537	0.00179	0.00716	0.00477	0.00239	0.00596
3	0.00786	0.00544	0.00635	0.00658	0.00692	0.00537	0.00408	0.03726	0.00943	0.01250	0.02221	0.26784	0.05700	0.50539	0.01937	0.00400	0.00449	0.01009	0.00393	0.00387
4	0.01435	0.81458	0.02813	0.00918	0.01378	0.02124	0.00918	0.01607	0.01091	0.01263	0.00746	0.00861	0.00689	0.00459	0.00344	0.00115	0.00574	0.00287	0.00230	0.00689
5	0.01238	0.01362	0.02688	0.01994	0.02366	0.01448	0.52341	0.01585	0.01127	0.01585	0.00966	0.01362	0.00780	0.00606	0.00988	0.00198	0.25844	0.00582	0.00260	0.00681
6	0.00920	0.00767	0.00912	0.00823	0.01047	0.00758	0.04165	0.05847	0.15873	0.01865	0.16735	0.03999	0.37527	0.01114	0.00618	0.00182	0.00361	0.05390	0.00515	0.00582
7	0.00794	0.00567	0.00746	0.00834	0.00923	0.00554	0.00662	0.00962	0.01123	0.01466	0.04768	0.18683	0.08110	0.15913	0.01082	0.00285	0.00445	0.41164	0.00467	0.00451
8	0.21007	0.01056	0.01213	0.00953	0.01352	0.01053	0.00787	0.16641	0.01587	0.46489	0.01647	0.01506	0.01079	0.00623	0.00492	0.00165	0.00473	0.00472	0.00564	0.00838
9	0.01948	0.02204	0.01594	0.01372	0.01695	0.54443	0.04145	0.18747	0.05552	0.01843	0.01012	0.01113	0.00794	0.00578	0.00505	0.00147	0.00853	0.00402	0.00349	0.00703
10	0.00670	0.00534	0.00601	0.00608	0.00753	0.00465	0.00447	0.00831	0.01274	0.01624	0.24090	0.15681	0.47855	0.01336	0.00641	0.00183	0.00273	0.01146	0.00523	0.00465
11	0.01707	0.02351	0.13889	0.01467	0.01809	0.52027	0.06070	0.01940	0.01357	0.01399	0.00852	0.01051	0.00699	0.00587	0.00655	0.00158	0.10678	0.00388	0.00263	0.00652
12	0.01371	0.01165	0.03974	0.01075	0.01394	0.01250	0.00868	0.04775	0.62120	0.06862	0.07369	0.02080	0.01803	0.00740	0.00550	0.00179	0.00433	0.00617	0.00545	0.00829
13	0.00653	0.00472	0.00617	0.00733	0.00775	0.00437	0.00492	0.00749	0.01041	0.01376	0.03132	0.75506	0.08717	0.01659	0.00682	0.00215	0.00309	0.01499	0.00498	0.00437
14	0.00910	0.00685	0.00909	0.00865	0.00951	0.00789	0.00654	0.06197	0.00977	0.01381	0.01497	0.02518	0.01495	0.23913	0.39786	0.00612	0.08842	0.04070	0.02469	0.00480
15	0.01085	0.01088	0.05451	0.13095	0.19792	0.01133	0.04017	0.01458	0.07565	0.01625	0.06167	0.09293	0.05071	0.00827	0.00793	0.00189	0.15161	0.03544	0.01986	0.00658
16	0.01768	0.00878	0.01119	0.02529	0.01265	0.00846	0.00745	0.07991	0.05167	0.41641	0.08550	0.02484	0.10077	0.04635	0.00714	0.00189	0.03758	0.02276	0.02608	0.00758

[dist]
# distance from previous block
# <min> <max>
1	9

[block]
# block no. 5 follows, 45 sequences, length 19
# corresponding to MSA columns:
# 348-366
name=unknown_F
#
# <colnr> <probs for GDERKNQSTAVLIFYWHMCP>
#	G	D	E	R	K	N	Q	S	T	A	V	L	I	F	Y	W	H	M	C	P
0	0.00964	0.00932	0.06578	0.01244	0.12908	0.00817	0.03513	0.03996	0.09274	0.01803	0.17072	0.16721	0.14638	0.03756	0.00670	0.00190	0.00427	0.00890	0.02997	0.00611
1	0.01179	0.05744	0.02792	0.12729	0.06237	0.04427	0.04771	0.04125	0.03695	0.01657	0.01210	0.01494	0.03827	0.04666	0.00611	0.01665	0.00538	0.00442	0.00314	0.37879
2	0.00740	0.00568	0.00710	0.03719	0.00910	0.00534	0.00530	0.00981	0.03650	0.01829	0.42808	0.16990	0.21593	0.01224	0.00636	0.00181	0.00290	0.01072	0.00539	0.00496
3	0.00769	0.00587	0.00758	0.00803	0.03937	0.00588	0.00554	0.00937	0.02949	0.01412	0.10905	0.07862	0.23670	0.13245	0.24161	0.04467	0.00680	0.00852	0.00401	0.00463
4	0.00764	0.00620	0.00899	0.00858	0.00980	0.00594	0.07645	0.00923	0.01130	0.01513	0.11076	0.38531	0.17854	0.05173	0.00796	0.00214	0.03614	0.02730	0.03607	0.00479
5	0.00725	0.00573	0.00716	0.04473	0.00948	0.00553	0.00565	0.00889	0.01198	0.01559	0.18206	0.23795	0.29608	0.03772	0.00755	0.00206	0.03140	0.07360	0.00489	0.00470
6	0.05922	0.03381	0.01720	0.01305	0.01695	0.01309	0.15868	0.28781	0.09570	0.11365	0.04419	0.01814	0.01287	0.00827	0.04318	0.00205	0.00634	0.04323	0.00469	0.00788
7	0.13115	0.15250	0.13119	0.01134	0.04586	0.03197	0.01018	0.19858	0.06690	0.05299	0.03369	0.01342	0.01014	0.00581	0.00458	0.00153	0.00547	0.00433	0.08090	0.00747
8	0.01469	0.23271	0.13034	0.04069	0.07290	0.19457	0.01126	0.06135	0.07922	0.01665	0.03112	0.01271	0.00963	0.00556	0.00460	0.00145	0.00663	0.00410	0.06275	0.00706
9	0.01972	0.04244	0.04328	0.01231	0.01662	0.05602	0.01041	0.63020	0.04609	0.05011	0.01284	0.01288	0.00918	0.00632	0.00527	0.00159	0.00608	0.00472	0.00506	0.00884
10	0.00717	0.00518	0.00648	0.00712	0.00803	0.00477	0.00509	0.00848	0.01131	0.02950	0.10265	0.43519	0.21187	0.04448	0.02986	0.00235	0.00353	0.06739	0.00497	0.00457
11	0.01510	0.01060	0.01172	0.00998	0.01308	0.01138	0.00796	0.22214	0.27686	0.12042	0.04892	0.05177	0.10403	0.00838	0.00561	0.00175	0.00442	0.03121	0.03689	0.00778
12	0.00901	0.00500	0.00679	0.00681	0.00727	0.00510	0.00478	0.00871	0.00865	0.01263	0.04954	0.02198	0.01431	0.08857	0.11209	0.43860	0.00541	0.03178	0.15951	0.00344
13	0.00670	0.00484	0.00637	0.00741	0.00791	0.00450	0.00509	0.00786	0.01087	0.01449	0.09309	0.67448	0.07457	0.01608	0.00680	0.00213	0.00312	0.04415	0.00506	0.00445
14	0.00656	0.00476	0.00619	0.00728	0.00775	0.00440	0.00491	0.00758	0.01061	0.01403	0.05616	0.71801	0.09928	0.01635	0.00679	0.00213	0.00306	0.01474	0.00501	0.00440
15	0.01303	0.01192	0.01829	0.16403	0.12600	0.03955	0.15829	0.07152	0.04582	0.04978	0.01185	0.04874	0.00973	0.00584	0.00608	0.00161	0.05314	0.00530	0.00329	0.15620
16	0.01301	0.02767	0.07405	0.01085	0.07019	0.00839	0.02296	0.01575	0.01209	0.12660	0.05454	0.01398	0.01106	0.00492	0.00453	0.00113	0.00460	0.00410	0.00369	0.51589
17	0.84927	0.01038	0.00789	0.00706	0.01038	0.01204	0.00581	0.01578	0.00914	0.02408	0.00747	0.00872	0.00581	0.00498	0.00332	0.00166	0.00415	0.00291	0.00332	0.00581
18	0.01319	0.05197	0.11925	0.06923	0.31500	0.03666	0.09053	0.10876	0.01341	0.01838	0.01161	0.06387	0.01000	0.00717	0.03388	0.00192	0.01904	0.00542	0.00307	0.00764

[dist]
# distance from previous block
# <min> <max>
0	1

[block]
# block no. 6 follows, 45 sequences, length 7
# corresponding to MSA columns:
# 368-374
name=unknown_G
#
# <colnr> <probs for GDERKNQSTAVLIFYWHMCP>
#	G	D	E	R	K	N	Q	S	T	A	V	L	I	F	Y	W	H	M	C	P
0	0.01314	0.01382	0.01588	0.01377	0.01446	0.13321	0.01125	0.01558	0.07617	0.01379	0.00854	0.01216	0.00785	0.00862	0.01461	0.00216	0.61151	0.00463	0.00269	0.00616
1	0.01054	0.01046	0.06316	0.16403	0.14960	0.01004	0.05843	0.05078	0.06463	0.01802	0.17207	0.10860	0.05958	0.00831	0.00614	0.00178	0.02596	0.00741	0.00394	0.00650
2	0.00658	0.00528	0.00590	0.00624	0.00761	0.00460	0.00457	0.00796	0.01195	0.01487	0.09888	0.24446	0.50264	0.01428	0.00652	0.00193	0.00290	0.04323	0.00505	0.00454
3	0.01227	0.08744	0.04511	0.03154	0.08293	0.10275	0.05315	0.04764	0.01157	0.01524	0.03632	0.09805	0.05682	0.00977	0.04295	0.00214	0.23260	0.00615	0.01935	0.00623
4	0.00786	0.00627	0.00792	0.00856	0.06474	0.00586	0.00578	0.01065	0.05446	0.01853	0.40042	0.10025	0.26543	0.01157	0.00625	0.00176	0.00301	0.01007	0.00529	0.00529
5	0.03700	0.12729	0.01700	0.01277	0.07411	0.09020	0.05205	0.07058	0.04980	0.03831	0.01003	0.01176	0.00822	0.00545	0.00616	0.00138	0.10732	0.00398	0.00321	0.27335
6	0.03888	0.07543	0.04782	0.08804	0.06129	0.01294	0.03487	0.14409	0.25098	0.02113	0.04237	0.05147	0.01444	0.00712	0.00534	0.00170	0.00528	0.04544	0.00430	0.04705

[dist]
# distance from previous block
# <min> <max>
1	7

[block]
# block no. 7 follows, 45 sequences, length 15
# corresponding to MSA columns:
# 383-397
name=unknown_H
#
# <colnr> <probs for GDERKNQSTAVLIFYWHMCP>
#	G	D	E	R	K	N	Q	S	T	A	V	L	I	F	Y	W	H	M	C	P
0	0.02468	0.04172	0.18117	0.04345	0.11155	0.04702	0.05319	0.06104	0.03206	0.01712	0.03672	0.17254	0.01692	0.00890	0.00638	0.00187	0.04527	0.08821	0.00359	0.00663
1	0.02763	0.01601	0.23662	0.04680	0.20225	0.02734	0.05893	0.08680	0.01319	0.01897	0.07209	0.01724	0.03274	0.00632	0.00589	0.00169	0.04227	0.02222	0.05770	0.00733
2	0.26158	0.07894	0.07486	0.06482	0.16182	0.10732	0.12888	0.01702	0.01154	0.03374	0.00917	0.01133	0.00722	0.00497	0.00467	0.00161	0.00661	0.00411	0.00288	0.00692
3	0.04998	0.05212	0.12621	0.08721	0.08086	0.03249	0.03653	0.09603	0.04769	0.10784	0.03849	0.01868	0.04664	0.00864	0.05343	0.00208	0.00622	0.03086	0.07088	0.00710
4	0.01017	0.00664	0.00881	0.00890	0.03205	0.03375	0.00614	0.00973	0.05455	0.01107	0.01068	0.01749	0.01031	0.01682	0.03724	0.62890	0.06131	0.02934	0.00265	0.00343
5	0.01054	0.00523	0.00539	0.00525	0.00667	0.00513	0.00397	0.01297	0.01151	0.05766	0.01936	0.02136	0.04819	0.00661	0.00395	0.00130	0.00261	0.00531	0.76181	0.00519
6	0.42779	0.01158	0.01135	0.00920	0.01299	0.01265	0.00759	0.24930	0.01538	0.17737	0.01188	0.01191	0.00833	0.00577	0.00437	0.00165	0.00478	0.00400	0.00462	0.00750
7	0.00652	0.00475	0.00615	0.00727	0.00773	0.00438	0.00489	0.00750	0.01047	0.01378	0.03202	0.73349	0.10829	0.01650	0.00680	0.00214	0.00308	0.01487	0.00498	0.00438
8	0.00676	0.00535	0.00611	0.00634	0.00773	0.00470	0.00471	0.00832	0.01243	0.01577	0.18390	0.19318	0.45391	0.01379	0.00650	0.00190	0.00289	0.05593	0.00516	0.00462
9	0.01182	0.00952	0.01120	0.00804	0.01277	0.00719	0.00644	0.01418	0.01135	0.05789	0.01016	0.01151	0.00823	0.00412	0.00405	0.00084	0.00401	0.00330	0.00336	0.80002
10	0.00708	0.00535	0.00626	0.00636	0.00749	0.00486	0.00456	0.00854	0.01208	0.01576	0.24632	0.14208	0.31303	0.14802	0.01000	0.00243	0.00325	0.04712	0.00495	0.00446
11	0.74372	0.01050	0.00913	0.03863	0.03682	0.01230	0.00684	0.01557	0.00925	0.02286	0.00762	0.00925	0.00602	0.00523	0.00425	0.00170	0.04805	0.00314	0.00321	0.00591
12	0.08422	0.08211	0.09308	0.04016	0.01617	0.07468	0.06410	0.17124	0.01477	0.14061	0.01268	0.01399	0.00942	0.01742	0.02765	0.00183	0.03511	0.00458	0.08886	0.00733
13	0.15108	0.01151	0.03069	0.03311	0.06609	0.01111	0.00856	0.17078	0.08369	0.06457	0.03239	0.01333	0.01006	0.00541	0.00459	0.00138	0.00477	0.00421	0.00405	0.28862
14	0.01359	0.00823	0.00885	0.00777	0.01009	0.03147	0.00607	0.08466	0.12347	0.14462	0.11477	0.02236	0.04352	0.00730	0.00486	0.00151	0.00363	0.00596	0.35070	0.00658

[dist]
# distance from previous block
# <min> <max>
0	2

[block]
# block no. 8 follows, 45 sequences, length 12
# corresponding to MSA columns:
# 400-411
name=unknown_I
#
# <colnr> <probs for GDERKNQSTAVLIFYWHMCP>
#	G	D	E	R	K	N	Q	S	T	A	V	L	I	F	Y	W	H	M	C	P
0	0.01058	0.00653	0.00800	0.00732	0.00918	0.00622	0.00559	0.01415	0.09216	0.12826	0.40272	0.07546	0.11124	0.01010	0.00589	0.00169	0.00305	0.00872	0.08725	0.00590
1	0.01376	0.01161	0.01345	0.04027	0.03949	0.01319	0.03335	0.12170	0.52515	0.02231	0.01931	0.01884	0.03113	0.00765	0.00648	0.04079	0.02272	0.00585	0.00493	0.00801
2	0.01429	0.01200	0.01267	0.01111	0.01432	0.01379	0.00872	0.12618	0.66898	0.02397	0.02065	0.01907	0.01542	0.00717	0.00545	0.00179	0.00447	0.00590	0.00545	0.00858
3	0.01482	0.03863	0.01389	0.04364	0.03612	0.07383	0.00939	0.13535	0.52473	0.02263	0.01820	0.01739	0.01369	0.00679	0.00533	0.00173	0.00514	0.00550	0.00494	0.00826
4	0.84927	0.01038	0.00789	0.00706	0.01038	0.01204	0.00581	0.01578	0.00914	0.02408	0.00747	0.00872	0.00581	0.00498	0.00332	0.00166	0.00415	0.00291	0.00332	0.00581
5	0.00654	0.00467	0.00623	0.00747	0.00779	0.00436	0.00498	0.00747	0.01028	0.01370	0.02959	0.80785	0.03550	0.01682	0.00685	0.00218	0.00311	0.01526	0.00498	0.00436
6	0.01257	0.01274	0.05523	0.17706	0.54216	0.01263	0.01571	0.01690	0.07013	0.01716	0.01087	0.01391	0.00877	0.00510	0.00533	0.00165	0.00643	0.00484	0.00280	0.00799
7	0.00905	0.00484	0.00727	0.00727	0.00743	0.00501	0.00501	0.00743	0.00727	0.00985	0.01017	0.01712	0.01001	0.02228	0.15006	0.70365	0.00629	0.00484	0.00242	0.00274
8	0.01946	0.02572	0.06393	0.01392	0.01702	0.74051	0.01097	0.02115	0.01497	0.01338	0.00838	0.00979	0.00691	0.00550	0.00486	0.00140	0.00957	0.00349	0.00273	0.00633
9	0.00690	0.00505	0.00660	0.00757	0.00824	0.00464	0.00528	0.00805	0.01058	0.01410	0.02991	0.67257	0.07390	0.01590	0.00673	0.00212	0.00327	0.07045	0.00490	0.04322
10	0.01507	0.20087	0.06747	0.01390	0.08473	0.18344	0.03815	0.06999	0.16866	0.01727	0.01167	0.01274	0.00936	0.00637	0.02099	0.00165	0.03257	0.00429	0.00335	0.03747
11	0.12190	0.10962	0.03458	0.01429	0.07643	0.31749	0.06354	0.07863	0.04872	0.03380	0.00966	0.01112	0.00774	0.00558	0.00534	0.00154	0.04597	0.00398	0.00316	0.00692

[dist]
# distance from previous block
# <min> <max>
0	2

[block]
# block no. 9 follows, 45 sequences, length 16
# corresponding to MSA columns:
# 430-445
name=unknown_J
#
# <colnr> <probs for GDERKNQSTAVLIFYWHMCP>
#	G	D	E	R	K	N	Q	S	T	A	V	L	I	F	Y	W	H	M	C	P
0	0.03200	0.01173	0.13745	0.04839	0.11418	0.00911	0.02480	0.01500	0.09541	0.01894	0.21360	0.03786	0.04347	0.00738	0.00538	0.00159	0.00473	0.01944	0.04149	0.11804
1	0.00827	0.00598	0.00764	0.00836	0.00925	0.00594	0.00618	0.06626	0.03028	0.01607	0.04872	0.52960	0.03205	0.03782	0.00739	0.00226	0.00378	0.16423	0.00499	0.00493
2	0.03988	0.01812	0.30062	0.01902	0.20388	0.03722	0.10430	0.03890	0.01267	0.12353	0.01189	0.01410	0.00886	0.00620	0.02373	0.00184	0.00721	0.01686	0.00322	0.00794
3	0.00771	0.00525	0.00599	0.00599	0.00616	0.00525	0.00350	0.00790	0.00813	0.01078	0.01909	0.03534	0.06605	0.71742	0.07000	0.00519	0.00558	0.00791	0.00334	0.00342
4	0.79493	0.01069	0.00843	0.00741	0.01079	0.01234	0.00610	0.06456	0.01019	0.02472	0.00783	0.00899	0.00603	0.00508	0.00346	0.00166	0.00427	0.00303	0.00346	0.00603
5	0.32337	0.01438	0.15305	0.01321	0.10848	0.01266	0.02541	0.10040	0.12311	0.02211	0.01135	0.01293	0.00880	0.02703	0.02109	0.00191	0.00566	0.00426	0.00357	0.00723
6	0.00694	0.00507	0.00661	0.00772	0.00828	0.00482	0.00542	0.00847	0.03227	0.01424	0.03055	0.66757	0.07341	0.01617	0.00684	0.00218	0.00332	0.09060	0.00499	0.00455
7	0.00714	0.00547	0.00654	0.00627	0.00774	0.00487	0.00471	0.00925	0.01412	0.01897	0.51293	0.04430	0.31435	0.01193	0.00634	0.00173	0.00260	0.01030	0.00557	0.00487
8	0.02041	0.01504	0.01611	0.01235	0.01665	0.01665	0.01020	0.75997	0.02524	0.03383	0.01289	0.01289	0.00913	0.00644	0.00537	0.00161	0.00591	0.00483	0.00537	0.00913
9	0.01389	0.01154	0.01217	0.01076	0.01383	0.01325	0.00842	0.10237	0.65228	0.02349	0.02070	0.01930	0.01551	0.00714	0.00536	0.00177	0.00433	0.00589	0.04964	0.00838
10	0.01884	0.01353	0.01444	0.01125	0.01509	0.01490	0.00923	0.64773	0.02314	0.03176	0.01358	0.01396	0.00982	0.00642	0.00513	0.00156	0.00540	0.00486	0.13087	0.00851
11	0.02005	0.02558	0.01521	0.01383	0.01659	0.78980	0.01037	0.02143	0.01521	0.01314	0.00830	0.00968	0.00691	0.00553	0.00484	0.00138	0.00968	0.00346	0.00277	0.00622
12	0.03115	0.01068	0.01217	0.01184	0.06331	0.01185	0.00862	0.06657	0.49670	0.07893	0.02127	0.11036	0.01756	0.00826	0.00561	0.00184	0.00439	0.02568	0.00525	0.00796
13	0.00747	0.00552	0.00770	0.00783	0.00864	0.00603	0.00579	0.00897	0.00912	0.01269	0.04033	0.11672	0.06787	0.14704	0.51536	0.00674	0.01065	0.00763	0.00340	0.00451
14	0.01695	0.32073	0.12170	0.01222	0.06298	0.01580	0.01098	0.17044	0.03141	0.17006	0.01205	0.01229	0.00891	0.00551	0.00460	0.00146	0.00584	0.00410	0.00387	0.00806
15	0.30221	0.10330	0.05480	0.01111	0.04127	0.07183	0.02490	0.20841	0.06165	0.02337	0.01019	0.01108	0.00782	0.00544	0.00436	0.00155	0.00557	0.00384	0.00373	0.04357

[dist]
# distance from previous block
# <min> <max>
2	10

[block]
# block no. 10 follows, 45 sequences, length 16
# corresponding to MSA columns:
# 456-471
name=unknown_K
#
# <colnr> <probs for GDERKNQSTAVLIFYWHMCP>
#	G	D	E	R	K	N	Q	S	T	A	V	L	I	F	Y	W	H	M	C	P
0	0.00742	0.00548	0.00694	0.00657	0.00791	0.00499	0.00493	0.00980	0.01479	0.02056	0.67586	0.04169	0.15043	0.01133	0.00633	0.00171	0.00256	0.00993	0.00578	0.00499
1	0.04568	0.01107	0.03620	0.03028	0.06389	0.03512	0.03213	0.02121	0.40704	0.01941	0.04674	0.02333	0.01683	0.03952	0.07829	0.00258	0.00584	0.07311	0.00451	0.00722
2	0.00699	0.00546	0.00633	0.00612	0.00765	0.00481	0.00459	0.00896	0.01376	0.01813	0.42624	0.04569	0.40157	0.01224	0.00634	0.00175	0.00262	0.01049	0.00546	0.00481
3	0.01242	0.05712	0.23173	0.01811	0.21296	0.05474	0.05801	0.03444	0.14397	0.01775	0.01544	0.04933	0.05764	0.00641	0.00535	0.00168	0.00637	0.00555	0.00333	0.00766
4	0.01344	0.01151	0.01129	0.01019	0.01295	0.06472	0.00790	0.04440	0.57469	0.02172	0.01999	0.01914	0.01513	0.00697	0.00514	0.00169	0.00438	0.00569	0.14127	0.00779
5	0.01607	0.42770	0.07921	0.01105	0.01548	0.12167	0.01031	0.17606	0.06415	0.01818	0.00983	0.01061	0.00798	0.00533	0.00430	0.00136	0.00637	0.00366	0.00322	0.00746
6	0.05071	0.06520	0.08451	0.04361	0.12003	0.06918	0.08043	0.13362	0.02957	0.08204	0.01065	0.01268	0.00830	0.00632	0.00783	0.00177	0.17810	0.00463	0.00338	0.00746
7	0.01343	0.04195	0.01422	0.03658	0.11144	0.05044	0.00912	0.07046	0.12988	0.04940	0.01231	0.02697	0.00995	0.00550	0.00531	0.00132	0.04334	0.00437	0.00368	0.36033
8	0.00670	0.00489	0.00630	0.00713	0.00777	0.00450	0.00490	0.00794	0.01132	0.01510	0.15726	0.59664	0.11880	0.01549	0.00671	0.00206	0.00297	0.01390	0.00514	0.00450
9	0.00674	0.00507	0.00624	0.00676	0.00770	0.00457	0.00476	0.00816	0.01196	0.01576	0.21163	0.42417	0.23782	0.01458	0.00659	0.00197	0.00287	0.01290	0.00520	0.00457
10	0.00913	0.00473	0.00685	0.00685	0.00685	0.00473	0.00448	0.00710	0.00710	0.00946	0.01029	0.01871	0.01062	0.11941	0.02179	0.73723	0.00473	0.00506	0.00245	0.00245
11	0.01648	0.01281	0.01361	0.01122	0.01477	0.01437	0.00901	0.38728	0.34949	0.02772	0.01823	0.01745	0.03533	0.00702	0.00537	0.00169	0.00495	0.00557	0.03906	0.00855
12	0.00903	0.00648	0.00864	0.00941	0.01073	0.00650	0.00801	0.04681	0.01285	0.01684	0.07373	0.05506	0.05313	0.06631	0.00852	0.00254	0.00479	0.59070	0.00491	0.00503
13	0.48449	0.03779	0.10066	0.03279	0.01408	0.01288	0.00873	0.12425	0.05893	0.06601	0.01021	0.01101	0.00754	0.00544	0.00414	0.00166	0.00501	0.00369	0.00375	0.00692
14	0.00854	0.00692	0.00824	0.00780	0.00931	0.00724	0.00601	0.01141	0.08671	0.03931	0.12078	0.10846	0.36804	0.01432	0.06957	0.00243	0.10540	0.00952	0.00469	0.00530
15	0.05637	0.03152	0.11721	0.02932	0.28313	0.03736	0.02166	0.05343	0.02933	0.03287	0.01147	0.03185	0.00970	0.03210	0.03106	0.02748	0.05128	0.00484	0.05977	0.04824

[dist]
# distance from previous block
# <min> <max>
0	64

# created by:
# /home/cegg/simao/soft/augustus-3.2.1/scripts/msa2prfl.pl ./align_prep/EOG091G0FS8.fa
