[name]
unknown

[dist]
# distance from previous block
# <min> <max>
0	48

[block]
# block no. 0 follows, 53 sequences, length 44
# corresponding to MSA columns:
# 62-95,101-110
name=unknown_A
#
# <colnr> <probs for GDERKNQSTAVLIFYWHMCP>
#	G	D	E	R	K	N	Q	S	T	A	V	L	I	F	Y	W	H	M	C	P
0	0.03730	0.10286	0.16004	0.01100	0.07583	0.06733	0.02690	0.07914	0.03480	0.03345	0.03183	0.20485	0.05295	0.00779	0.00482	0.00153	0.00489	0.02096	0.03589	0.00586
1	0.00783	0.00826	0.10448	0.00956	0.05273	0.00651	0.05355	0.03493	0.02950	0.01505	0.16566	0.30275	0.06363	0.02910	0.05618	0.00213	0.00444	0.02883	0.01989	0.00499
2	0.05805	0.10903	0.01003	0.00729	0.00949	0.04413	0.00586	0.11632	0.06968	0.01729	0.17159	0.07020	0.23092	0.00852	0.00506	0.00148	0.01763	0.00692	0.03518	0.00535
3	0.05613	0.09467	0.26264	0.01187	0.06850	0.01075	0.04200	0.07101	0.06834	0.14856	0.04857	0.05817	0.01113	0.00571	0.00458	0.00147	0.00526	0.00471	0.00346	0.02249
4	0.02707	0.40173	0.12944	0.02931	0.01513	0.24008	0.03879	0.04427	0.01134	0.01294	0.00746	0.00872	0.00624	0.00447	0.00382	0.00121	0.00649	0.00306	0.00229	0.00615
5	0.67000	0.01185	0.08973	0.00866	0.04133	0.06148	0.02789	0.01454	0.00886	0.01980	0.00707	0.00835	0.00547	0.00446	0.00334	0.00147	0.00454	0.00286	0.00279	0.00552
6	0.01143	0.01062	0.01740	0.15825	0.56928	0.01111	0.01346	0.05528	0.03393	0.01575	0.00984	0.03088	0.00827	0.00561	0.02725	0.00164	0.00585	0.00453	0.00258	0.00705
7	0.01785	0.02278	0.01354	0.01231	0.01478	0.81284	0.00924	0.01909	0.01354	0.01170	0.00739	0.00862	0.00616	0.00493	0.00431	0.00123	0.00862	0.00308	0.00246	0.00554
8	0.02870	0.00981	0.03916	0.10507	0.28386	0.00953	0.01031	0.08387	0.04526	0.17567	0.04019	0.03655	0.06373	0.00591	0.00479	0.00148	0.00478	0.00514	0.03934	0.00687
9	0.01138	0.01054	0.02816	0.08638	0.28699	0.03207	0.08516	0.06695	0.08900	0.03675	0.03564	0.08713	0.01160	0.00690	0.02534	0.00172	0.06794	0.00547	0.01836	0.00652
10	0.01353	0.02566	0.07579	0.03305	0.09484	0.10406	0.00919	0.13600	0.09731	0.12926	0.09078	0.02774	0.03847	0.00691	0.00555	0.02023	0.02951	0.05160	0.00396	0.00654
11	0.00633	0.00478	0.00585	0.00576	0.00692	0.00430	0.00425	0.00811	0.01224	0.01653	0.49100	0.13839	0.25590	0.01108	0.00570	0.00159	0.00237	0.00967	0.00493	0.00430
12	0.03106	0.00826	0.05138	0.12659	0.14207	0.02334	0.00851	0.01148	0.05918	0.01421	0.08852	0.15781	0.06499	0.05943	0.07861	0.00234	0.01931	0.02384	0.02379	0.00524
13	0.00891	0.00445	0.00445	0.00445	0.00557	0.00445	0.00334	0.01114	0.01002	0.01782	0.01559	0.01782	0.01225	0.00557	0.00334	0.00111	0.00223	0.00445	0.85856	0.00445
14	0.04400	0.05655	0.04449	0.03558	0.12840	0.01109	0.29123	0.06153	0.08876	0.04329	0.01299	0.07219	0.02975	0.00564	0.00502	0.00153	0.00584	0.01869	0.00314	0.04029
15	0.00884	0.00804	0.01101	0.33189	0.01849	0.05741	0.02785	0.01098	0.02932	0.01149	0.01134	0.03596	0.01082	0.22406	0.13137	0.00331	0.05542	0.00527	0.00254	0.00459
16	0.00891	0.00445	0.00445	0.00445	0.00557	0.00445	0.00334	0.01114	0.01002	0.01782	0.01559	0.01782	0.01225	0.00557	0.00334	0.00111	0.00223	0.00445	0.85856	0.00445
17	0.26973	0.01109	0.01139	0.02845	0.05861	0.10580	0.04674	0.06526	0.01064	0.01753	0.00818	0.00983	0.00662	0.00532	0.02904	0.00141	0.02286	0.00325	0.00287	0.28537
18	0.01629	0.01157	0.01233	0.00967	0.01294	0.01271	0.00792	0.62858	0.01994	0.02762	0.01231	0.01277	0.00897	0.00570	0.00449	0.00137	0.00464	0.00433	0.17847	0.00738
19	0.00991	0.00889	0.01384	0.13513	0.37574	0.00924	0.01074	0.03691	0.06527	0.01545	0.07764	0.15602	0.05064	0.00717	0.00510	0.00156	0.00472	0.00655	0.00326	0.00622
20	0.00626	0.00494	0.00569	0.00573	0.00713	0.00438	0.00444	0.00792	0.01171	0.01499	0.27257	0.04395	0.46784	0.01155	0.00577	0.00166	0.00264	0.11191	0.00468	0.00423
21	0.00589	0.00423	0.00561	0.00668	0.00703	0.00395	0.00454	0.00679	0.00928	0.01230	0.02699	0.77505	0.05540	0.01482	0.00611	0.00194	0.00282	0.04224	0.00444	0.00391
22	0.01227	0.03262	0.03121	0.10533	0.20575	0.19916	0.06709	0.05607	0.02921	0.01508	0.02954	0.08225	0.01063	0.00577	0.00465	0.00142	0.00587	0.00497	0.09506	0.00602
23	0.01266	0.00973	0.03142	0.01028	0.08585	0.00807	0.02900	0.09339	0.01188	0.13313	0.01040	0.01127	0.00791	0.00422	0.00405	0.00101	0.00420	0.00350	0.00341	0.52462
24	0.45416	0.01102	0.02585	0.01194	0.11930	0.05567	0.09001	0.04763	0.02900	0.05944	0.00886	0.02543	0.00702	0.00490	0.00427	0.00150	0.03124	0.00370	0.00305	0.00600
25	0.01249	0.01016	0.05265	0.01010	0.05116	0.08572	0.00794	0.05604	0.17991	0.14642	0.09772	0.06272	0.01837	0.03339	0.00578	0.00172	0.00454	0.13598	0.02097	0.00623
26	0.36459	0.00848	0.00910	0.00741	0.01065	0.00856	0.00609	0.03718	0.01141	0.41844	0.01350	0.01278	0.00906	0.00529	0.00396	0.00146	0.00383	0.00387	0.05765	0.00670
27	0.01084	0.06674	0.08274	0.04196	0.07121	0.01070	0.05447	0.06283	0.25113	0.03475	0.11331	0.06964	0.02561	0.00779	0.03153	0.00177	0.04696	0.00577	0.00381	0.00643
28	0.00667	0.00483	0.00642	0.00664	0.00707	0.00515	0.00461	0.00758	0.00786	0.01080	0.01753	0.21643	0.03774	0.29529	0.32205	0.00504	0.02355	0.00785	0.00316	0.00373
29	0.01116	0.02870	0.03015	0.02763	0.04973	0.03167	0.03348	0.09900	0.14784	0.09148	0.27242	0.06493	0.05750	0.00788	0.00519	0.00154	0.00392	0.02515	0.00456	0.00607
30	0.01183	0.08266	0.16148	0.10348	0.09934	0.12010	0.12090	0.06608	0.08008	0.01553	0.04232	0.03858	0.02579	0.00541	0.00475	0.00147	0.00621	0.00471	0.00287	0.00640
31	0.01061	0.01038	0.05379	0.08958	0.24784	0.03953	0.04399	0.04473	0.09183	0.03448	0.05247	0.04223	0.10999	0.04305	0.00641	0.00170	0.04561	0.02232	0.00327	0.00617
32	0.01018	0.07089	0.59820	0.01351	0.01969	0.01154	0.09632	0.03995	0.02943	0.01561	0.03036	0.01193	0.00788	0.00484	0.00465	0.00151	0.00674	0.01756	0.00235	0.00687
33	0.00700	0.00509	0.00642	0.00698	0.03797	0.00517	0.00438	0.00763	0.00814	0.01094	0.04133	0.17264	0.06441	0.46695	0.07547	0.00381	0.03024	0.03851	0.00332	0.00360
34	0.01109	0.12792	0.05566	0.00896	0.04532	0.03893	0.02188	0.09771	0.03429	0.06208	0.04981	0.04384	0.01349	0.27465	0.02471	0.00249	0.00499	0.00530	0.00327	0.07360
35	0.00591	0.00422	0.00564	0.00670	0.00703	0.00395	0.00454	0.00682	0.00933	0.01247	0.04863	0.78205	0.03187	0.01477	0.00610	0.00194	0.00281	0.03684	0.00446	0.00392
36	0.00991	0.00850	0.00991	0.00708	0.01133	0.00637	0.00566	0.01203	0.00991	0.01557	0.00850	0.00991	0.00708	0.00354	0.00354	0.00071	0.00354	0.00283	0.00283	0.86124
37	0.01081	0.05970	0.05763	0.00905	0.01101	0.02908	0.00754	0.13456	0.01146	0.07599	0.01631	0.27438	0.03185	0.01223	0.09458	0.00233	0.12086	0.00728	0.00369	0.02966
38	0.02835	0.00590	0.00766	0.00807	0.00955	0.00576	0.00681	0.01099	0.04548	0.05369	0.09213	0.06862	0.09088	0.01163	0.00605	0.00195	0.00391	0.49952	0.00448	0.03856
39	0.03175	0.01047	0.03925	0.23883	0.21605	0.01171	0.05264	0.03299	0.08002	0.01453	0.00993	0.04469	0.00844	0.00594	0.00715	0.00166	0.18044	0.00472	0.00261	0.00618
40	0.01107	0.01078	0.01902	0.09056	0.26080	0.01983	0.26865	0.04551	0.04117	0.01613	0.05392	0.03298	0.01045	0.00495	0.00499	0.00147	0.00594	0.00514	0.04231	0.05433
41	0.01203	0.07331	0.01935	0.04499	0.61696	0.02746	0.04772	0.04882	0.01135	0.01568	0.01001	0.01246	0.02945	0.00455	0.00467	0.00140	0.00571	0.00433	0.00251	0.00724
42	0.08133	0.03607	0.03286	0.10513	0.15751	0.05791	0.04512	0.12302	0.14511	0.05513	0.01123	0.01262	0.00864	0.00632	0.03561	0.00170	0.03089	0.00424	0.00332	0.04623
43	0.05268	0.19041	0.13553	0.06927	0.05389	0.08298	0.05945	0.08200	0.05645	0.13592	0.01147	0.01217	0.02743	0.00505	0.00433	0.00139	0.00567	0.00399	0.00320	0.00671

[dist]
# distance from previous block
# <min> <max>
1	9

[block]
# block no. 1 follows, 53 sequences, length 29
# corresponding to MSA columns:
# 120-148
name=unknown_B
#
# <colnr> <probs for GDERKNQSTAVLIFYWHMCP>
#	G	D	E	R	K	N	Q	S	T	A	V	L	I	F	Y	W	H	M	C	P
0	0.05232	0.12544	0.19112	0.01079	0.04443	0.07762	0.02252	0.08997	0.09280	0.06242	0.06843	0.01448	0.03124	0.00553	0.00441	0.00137	0.00524	0.01811	0.00331	0.07845
1	0.03668	0.17400	0.01179	0.00792	0.03025	0.00933	0.00624	0.07831	0.05479	0.04527	0.10603	0.12442	0.09811	0.05253	0.00568	0.00155	0.00382	0.02751	0.00375	0.12201
2	0.06035	0.20150	0.19897	0.01411	0.10781	0.08160	0.13624	0.04418	0.02172	0.03290	0.00923	0.03710	0.00759	0.00478	0.00435	0.00138	0.00617	0.00404	0.00255	0.02345
3	0.31783	0.02168	0.06732	0.07526	0.05527	0.01023	0.02061	0.07106	0.12164	0.04235	0.05796	0.05762	0.01139	0.00582	0.00416	0.00151	0.00429	0.00457	0.04344	0.00598
4	0.01107	0.23052	0.54340	0.01192	0.01786	0.01296	0.01447	0.01528	0.01012	0.05728	0.00859	0.00982	0.00640	0.00460	0.00447	0.00140	0.02739	0.00337	0.00224	0.00684
5	0.00993	0.01012	0.06547	0.01236	0.15475	0.06218	0.02100	0.02686	0.17915	0.01603	0.12107	0.12869	0.07535	0.03241	0.01972	0.00172	0.00450	0.00668	0.00378	0.04821
6	0.00604	0.00456	0.00563	0.00612	0.00696	0.00419	0.00435	0.00726	0.01022	0.01337	0.14620	0.40679	0.25233	0.03102	0.05043	0.00216	0.00322	0.03069	0.00442	0.00403
7	0.01391	0.01294	0.01528	0.06350	0.14830	0.11992	0.07895	0.21115	0.20516	0.01947	0.01213	0.01339	0.00935	0.00545	0.00500	0.00148	0.02062	0.01419	0.00362	0.02619
8	0.05942	0.30128	0.22399	0.01209	0.07602	0.03853	0.05980	0.01496	0.01016	0.07432	0.00916	0.03029	0.00760	0.02636	0.00501	0.00144	0.03687	0.00377	0.00253	0.00641
9	0.00817	0.00645	0.00848	0.00792	0.00846	0.00771	0.00592	0.03209	0.03364	0.01159	0.01249	0.02108	0.01262	0.30024	0.30678	0.00493	0.17596	0.00552	0.02576	0.00422
10	0.00819	0.00421	0.00626	0.00626	0.00630	0.00425	0.00419	0.00635	0.00632	0.00846	0.00873	0.01527	0.00876	0.04423	0.05479	0.79426	0.00456	0.00429	0.00212	0.00220
11	0.00772	0.00615	0.00897	0.03037	0.06428	0.00626	0.04536	0.02961	0.03128	0.01455	0.12053	0.41269	0.02651	0.01150	0.00623	0.00181	0.04064	0.10029	0.03052	0.00473
12	0.00661	0.00488	0.00617	0.00585	0.00704	0.00444	0.00439	0.00872	0.01316	0.01829	0.69435	0.03715	0.15098	0.01010	0.00564	0.00152	0.00228	0.00885	0.00515	0.00444
13	0.01191	0.29228	0.27363	0.02778	0.07688	0.08245	0.02811	0.04530	0.02263	0.01417	0.02606	0.01016	0.00737	0.00469	0.00445	0.00132	0.03336	0.00346	0.00235	0.03165
14	0.01386	0.58550	0.04995	0.00950	0.01319	0.21445	0.00883	0.01545	0.01061	0.01150	0.00689	0.00806	0.00614	0.00442	0.00373	0.00112	0.02590	0.00276	0.00215	0.00600
15	0.00731	0.00538	0.00716	0.00805	0.00925	0.00522	0.00693	0.00933	0.01098	0.01404	0.02967	0.05242	0.17342	0.01300	0.00642	0.00209	0.00403	0.62654	0.00441	0.00433
16	0.00782	0.00645	0.00750	0.00748	0.00825	0.07113	0.00554	0.00906	0.00819	0.01088	0.01382	0.02369	0.01399	0.24358	0.48214	0.00597	0.00971	0.05800	0.00277	0.00402
17	0.01333	0.03417	0.03059	0.03861	0.01423	0.04054	0.05101	0.12786	0.44609	0.08106	0.01696	0.01631	0.03646	0.00619	0.00508	0.00156	0.02320	0.00509	0.00440	0.00726
18	0.00695	0.00463	0.00521	0.00521	0.00521	0.00463	0.00290	0.00695	0.00695	0.00927	0.01506	0.03128	0.01738	0.83203	0.02433	0.00463	0.00463	0.00695	0.00290	0.00290
19	0.00962	0.04084	0.74941	0.01352	0.02030	0.01115	0.03711	0.01495	0.01005	0.01495	0.00868	0.01034	0.00624	0.00535	0.02600	0.00167	0.00720	0.00361	0.00204	0.00695
20	0.01785	0.02278	0.01354	0.01231	0.01478	0.81284	0.00924	0.01909	0.01354	0.01170	0.00739	0.00862	0.00616	0.00493	0.00431	0.00123	0.00862	0.00308	0.00246	0.00554
21	0.00640	0.00488	0.00590	0.00573	0.00700	0.00437	0.00432	0.00827	0.01246	0.01674	0.50327	0.05768	0.29756	0.01079	0.00569	0.00157	0.00240	0.03570	0.00494	0.00433
22	0.81942	0.00947	0.00743	0.00654	0.00955	0.01095	0.00539	0.05629	0.00892	0.02192	0.00692	0.00797	0.00534	0.00451	0.00306	0.00148	0.00378	0.00268	0.00306	0.00534
23	0.00686	0.00469	0.00539	0.00535	0.00559	0.00462	0.00320	0.00722	0.00792	0.01062	0.10418	0.03223	0.06314	0.67348	0.04317	0.00420	0.00448	0.00726	0.00323	0.00318
24	0.01583	0.01223	0.01303	0.01052	0.01393	0.01373	0.00852	0.50322	0.30933	0.02635	0.01444	0.01384	0.01053	0.00602	0.00481	0.00150	0.00471	0.00471	0.00481	0.00792
25	0.01341	0.01509	0.01477	0.05025	0.23035	0.33701	0.01077	0.01515	0.01099	0.01273	0.00851	0.03016	0.00760	0.00784	0.06508	0.00194	0.15601	0.00405	0.00241	0.00590
26	0.01268	0.12725	0.02621	0.01125	0.07682	0.03723	0.00848	0.08751	0.48424	0.03062	0.01575	0.03677	0.01230	0.00604	0.00460	0.00150	0.00443	0.00493	0.00414	0.00725
27	0.00743	0.00503	0.00660	0.00613	0.00737	0.00462	0.00462	0.00967	0.01354	0.05490	0.76420	0.03482	0.04359	0.00960	0.00560	0.00150	0.00234	0.00847	0.00529	0.00467
28	0.43055	0.26903	0.10834	0.00809	0.01190	0.04811	0.00784	0.01481	0.00929	0.04538	0.00735	0.00836	0.00586	0.00442	0.00331	0.00133	0.00477	0.00279	0.00265	0.00582

[dist]
# distance from previous block
# <min> <max>
0	1

[block]
# block no. 2 follows, 53 sequences, length 25
# corresponding to MSA columns:
# 150-174
name=unknown_C
#
# <colnr> <probs for GDERKNQSTAVLIFYWHMCP>
#	G	D	E	R	K	N	Q	S	T	A	V	L	I	F	Y	W	H	M	C	P
0	0.12902	0.07850	0.02813	0.04517	0.07330	0.38967	0.02387	0.08076	0.08052	0.01564	0.00885	0.00998	0.00705	0.00492	0.00420	0.00134	0.00666	0.00347	0.00287	0.00611
1	0.00848	0.00681	0.00865	0.06784	0.05968	0.02053	0.00641	0.01144	0.08868	0.04728	0.25287	0.05125	0.20054	0.04915	0.05080	0.00206	0.05090	0.00741	0.00414	0.00505
2	0.01183	0.01136	0.01940	0.02934	0.80221	0.01136	0.01467	0.01467	0.01088	0.01562	0.00899	0.01183	0.00757	0.00426	0.00473	0.00142	0.00568	0.00426	0.00237	0.00757
3	0.00685	0.00503	0.00722	0.00722	0.00792	0.00573	0.00540	0.00824	0.00755	0.01076	0.01322	0.02109	0.01295	0.18330	0.66700	0.00712	0.01129	0.00546	0.00262	0.00401
4	0.00582	0.00416	0.00555	0.00666	0.00693	0.00388	0.00444	0.00666	0.00915	0.01220	0.02634	0.82891	0.03161	0.01497	0.00610	0.00194	0.00277	0.01359	0.00444	0.00388
5	0.01094	0.00686	0.00784	0.00687	0.00918	0.00652	0.00538	0.05313	0.13304	0.19439	0.12541	0.03197	0.37080	0.00924	0.00529	0.00156	0.00313	0.00771	0.00495	0.00577
6	0.00891	0.00445	0.00445	0.00445	0.00557	0.00445	0.00334	0.01114	0.01002	0.01782	0.01559	0.01782	0.01225	0.00557	0.00334	0.00111	0.00223	0.00445	0.85856	0.00445
7	0.05152	0.00817	0.01095	0.00842	0.01210	0.00716	0.00696	0.02296	0.01348	0.77759	0.01842	0.01597	0.01159	0.00586	0.00474	0.00148	0.00405	0.00473	0.00581	0.00803
8	0.01278	0.83490	0.02505	0.00818	0.01227	0.01891	0.00818	0.01431	0.00971	0.01125	0.00664	0.00767	0.00613	0.00409	0.00307	0.00102	0.00511	0.00256	0.00204	0.00613
9	0.00891	0.00445	0.00445	0.00445	0.00557	0.00445	0.00334	0.01114	0.01002	0.01782	0.01559	0.01782	0.01225	0.00557	0.00334	0.00111	0.00223	0.00445	0.85856	0.00445
10	0.00996	0.11957	0.71568	0.01299	0.01970	0.01201	0.01655	0.01504	0.01005	0.01468	0.00835	0.00981	0.00606	0.00449	0.00437	0.00146	0.00684	0.00342	0.00202	0.00695
11	0.00891	0.00592	0.00764	0.06264	0.04173	0.00548	0.00588	0.01074	0.01177	0.13026	0.19234	0.03680	0.35318	0.01003	0.00554	0.00163	0.00326	0.09666	0.00458	0.00500
12	0.86579	0.00924	0.00702	0.00629	0.00924	0.01072	0.00518	0.01405	0.00813	0.02144	0.00666	0.00776	0.00518	0.00444	0.00296	0.00148	0.00370	0.00259	0.00296	0.00518
13	0.00991	0.00850	0.00991	0.00708	0.01133	0.00637	0.00566	0.01203	0.00991	0.01557	0.00850	0.00991	0.00708	0.00354	0.00354	0.00071	0.00354	0.00283	0.00283	0.86124
14	0.00602	0.00483	0.00533	0.00526	0.00664	0.00419	0.00389	0.00749	0.01150	0.01462	0.26783	0.06792	0.53065	0.03505	0.00620	0.00168	0.00245	0.00969	0.00464	0.00414
15	0.86579	0.00924	0.00702	0.00629	0.00924	0.01072	0.00518	0.01405	0.00813	0.02144	0.00666	0.00776	0.00518	0.00444	0.00296	0.00148	0.00370	0.00259	0.00296	0.00518
16	0.00761	0.00447	0.00652	0.00658	0.00690	0.00467	0.00463	0.00695	0.00700	0.00951	0.01232	0.05644	0.04407	0.04371	0.24474	0.51683	0.00650	0.00520	0.00245	0.00289
17	0.00996	0.00980	0.01479	0.01245	0.01307	0.01284	0.09133	0.01137	0.00785	0.01183	0.00815	0.01357	0.00797	0.04792	0.09326	0.00271	0.59991	0.02383	0.00227	0.00514
18	0.01216	0.50166	0.03657	0.02817	0.03431	0.04067	0.04037	0.05962	0.01073	0.01390	0.00934	0.03581	0.00816	0.00483	0.00358	0.00116	0.00489	0.00357	0.14456	0.00594
19	0.00745	0.00557	0.00712	0.00733	0.00846	0.00545	0.02472	0.01035	0.11507	0.03892	0.08584	0.45108	0.13250	0.01237	0.00582	0.00182	0.00312	0.06778	0.00455	0.00468
20	0.03776	0.27333	0.09819	0.01104	0.03710	0.08540	0.05703	0.15892	0.09429	0.06905	0.02778	0.01139	0.00870	0.00502	0.00420	0.00133	0.00554	0.00384	0.00326	0.00682
21	0.01344	0.27421	0.01580	0.00973	0.02727	0.09463	0.00800	0.04000	0.36355	0.06708	0.03060	0.01367	0.01123	0.00554	0.00424	0.00137	0.00475	0.00424	0.00375	0.00689
22	0.01146	0.01067	0.01739	0.07501	0.58065	0.01065	0.03191	0.05005	0.01111	0.01577	0.00997	0.01310	0.02155	0.03780	0.00546	0.00151	0.00547	0.00438	0.00256	0.08354
23	0.01207	0.02547	0.05407	0.04871	0.30884	0.10616	0.03563	0.01612	0.12423	0.04075	0.01219	0.02628	0.02948	0.00568	0.00570	0.00151	0.07939	0.01728	0.04384	0.00662
24	0.01565	0.03016	0.08233	0.03593	0.03055	0.03043	0.00921	0.50747	0.03164	0.04828	0.01179	0.01235	0.00856	0.00552	0.00452	0.00139	0.00507	0.00422	0.11757	0.00734

[dist]
# distance from previous block
# <min> <max>
0	1

[block]
# block no. 3 follows, 53 sequences, length 10
# corresponding to MSA columns:
# 176-185
name=unknown_D
#
# <colnr> <probs for GDERKNQSTAVLIFYWHMCP>
#	G	D	E	R	K	N	Q	S	T	A	V	L	I	F	Y	W	H	M	C	P
0	0.00676	0.00497	0.00715	0.00724	0.00792	0.00561	0.00540	0.00815	0.00770	0.01092	0.01425	0.08760	0.01436	0.14911	0.63241	0.00677	0.01079	0.00609	0.00276	0.00404
1	0.00634	0.00482	0.00583	0.00568	0.00691	0.00431	0.00422	0.00816	0.01239	0.01668	0.50553	0.09172	0.28825	0.01087	0.00567	0.00157	0.00234	0.00944	0.00494	0.00431
2	0.02100	0.00885	0.01153	0.00884	0.01256	0.00808	0.00730	0.12700	0.01488	0.70012	0.01785	0.01562	0.01133	0.00589	0.00480	0.00147	0.00423	0.00474	0.00576	0.00813
3	0.00672	0.03632	0.00671	0.00670	0.00749	0.00508	0.00478	0.00863	0.05602	0.01392	0.13951	0.55249	0.06543	0.01281	0.00574	0.00179	0.00285	0.02991	0.03278	0.00431
4	0.01326	0.09634	0.12406	0.02680	0.07278	0.01138	0.06378	0.23376	0.04006	0.07854	0.04273	0.01446	0.03442	0.00552	0.00450	0.00139	0.00499	0.00455	0.11987	0.00678
5	0.00941	0.00888	0.01502	0.71299	0.13748	0.01072	0.01346	0.01255	0.00974	0.01267	0.00856	0.01262	0.00653	0.00471	0.00477	0.00157	0.00628	0.00425	0.00216	0.00562
6	0.00648	0.00487	0.00600	0.00572	0.00697	0.00439	0.00429	0.00847	0.01286	0.01758	0.60885	0.03832	0.23693	0.01036	0.00564	0.00153	0.00230	0.00901	0.00505	0.00439
7	0.01146	0.02540	0.03374	0.10075	0.27228	0.04653	0.03689	0.05417	0.15247	0.02819	0.06346	0.05625	0.01225	0.00611	0.00584	0.00156	0.07762	0.00518	0.00323	0.00661
8	0.00953	0.00920	0.01267	0.01112	0.01169	0.04414	0.03595	0.01092	0.00784	0.01150	0.00869	0.01334	0.00826	0.01757	0.29042	0.00397	0.48142	0.00451	0.00228	0.00495
9	0.07930	0.01193	0.15008	0.02879	0.08000	0.00980	0.06172	0.15716	0.03524	0.12450	0.02787	0.03145	0.02505	0.00585	0.00459	0.00148	0.00490	0.03376	0.11993	0.00661

[dist]
# distance from previous block
# <min> <max>
0	178

# created by:
# /home/cegg/simao/soft/augustus-3.2.1/scripts/msa2prfl.pl ./align_prep/EOG091G0XXM.fa
