[name]
unknown

[dist]
# distance from previous block
# <min> <max>
0	50

[block]
# block no. 0 follows, 48 sequences, length 14
# corresponding to MSA columns:
# 54-67
name=unknown_A
#
# <colnr> <probs for GDERKNQSTAVLIFYWHMCP>
#	G	D	E	R	K	N	Q	S	T	A	V	L	I	F	Y	W	H	M	C	P
0	0.03521	0.15884	0.15797	0.01076	0.02954	0.11726	0.00993	0.05286	0.12415	0.05367	0.03536	0.03042	0.05487	0.02792	0.00530	0.00160	0.00564	0.03390	0.02721	0.02760
1	0.08263	0.11111	0.29296	0.03285	0.03167	0.03184	0.02209	0.09700	0.04499	0.04396	0.09385	0.01666	0.06488	0.00623	0.00482	0.00155	0.00570	0.00491	0.00341	0.00688
2	0.06471	0.17453	0.49030	0.01246	0.01860	0.04384	0.01471	0.03259	0.02867	0.03610	0.00925	0.01051	0.00691	0.00487	0.00445	0.00148	0.00670	0.00359	0.00252	0.03319
3	0.00694	0.00508	0.00685	0.00715	0.00759	0.00485	0.03707	0.00767	0.00912	0.01212	0.02380	0.47441	0.04942	0.30778	0.01363	0.00311	0.00394	0.01152	0.00407	0.00391
4	0.04343	0.08679	0.08928	0.03178	0.02710	0.13661	0.03356	0.18943	0.09721	0.04757	0.07806	0.01428	0.01200	0.00583	0.00479	0.00144	0.00579	0.00455	0.00384	0.08667
5	0.05880	0.01233	0.07963	0.01165	0.07948	0.01048	0.02906	0.19650	0.03304	0.04159	0.01046	0.01159	0.00805	0.00474	0.00442	0.00120	0.00492	0.00380	0.00356	0.39471
6	0.01820	0.01352	0.01478	0.01152	0.01510	0.01522	0.00950	0.66054	0.02194	0.02985	0.01212	0.01264	0.00883	0.00639	0.00602	0.00158	0.07314	0.00462	0.05626	0.00822
7	0.01241	0.07834	0.35407	0.02771	0.08712	0.02708	0.09726	0.03646	0.01214	0.10375	0.06862	0.03026	0.03048	0.00579	0.00509	0.00159	0.00643	0.00499	0.00318	0.00723
8	0.00637	0.00455	0.00609	0.00728	0.00763	0.00427	0.00497	0.00735	0.00994	0.01323	0.02822	0.77232	0.03368	0.01596	0.00658	0.00210	0.00308	0.05744	0.00476	0.00420
9	0.78498	0.01011	0.00866	0.00883	0.07536	0.01157	0.00641	0.01514	0.00898	0.02249	0.00736	0.00870	0.00577	0.00475	0.00334	0.00158	0.00415	0.00293	0.00312	0.00577
10	0.01307	0.01103	0.01227	0.04556	0.03993	0.01262	0.00882	0.10291	0.59678	0.02173	0.01948	0.02023	0.01511	0.00714	0.00531	0.00175	0.00445	0.04894	0.00497	0.00788
11	0.01160	0.01083	0.01871	0.21512	0.46951	0.01132	0.06433	0.01464	0.01119	0.03075	0.01087	0.05284	0.00935	0.00672	0.03873	0.00189	0.00658	0.00521	0.00267	0.00713
12	0.01237	0.14178	0.43891	0.01540	0.10991	0.05072	0.04439	0.04569	0.01186	0.04695	0.02987	0.01175	0.00819	0.00502	0.00475	0.00152	0.00688	0.00402	0.00263	0.00741
13	0.00793	0.00630	0.00908	0.00874	0.00942	0.00766	0.00678	0.00946	0.00810	0.01176	0.01295	0.02027	0.01254	0.11853	0.59822	0.00699	0.13241	0.00556	0.00271	0.00458

[dist]
# distance from previous block
# <min> <max>
0	3

[block]
# block no. 1 follows, 48 sequences, length 30
# corresponding to MSA columns:
# 71-87,93-96,121-129
name=unknown_B
#
# <colnr> <probs for GDERKNQSTAVLIFYWHMCP>
#	G	D	E	R	K	N	Q	S	T	A	V	L	I	F	Y	W	H	M	C	P
0	0.01494	0.00937	0.02960	0.03910	0.04174	0.03250	0.00771	0.09803	0.09488	0.27337	0.10244	0.10970	0.06678	0.02559	0.00585	0.00172	0.00434	0.00692	0.02843	0.00699
1	0.00733	0.00549	0.00819	0.00818	0.00911	0.00635	0.00635	0.00918	0.00848	0.01224	0.04276	0.02084	0.01417	0.03743	0.76949	0.00800	0.01332	0.00564	0.00286	0.00459
2	0.01391	0.02823	0.22725	0.01655	0.12634	0.05654	0.13620	0.12412	0.08218	0.07907	0.01209	0.03188	0.00921	0.00561	0.00550	0.00163	0.02778	0.00490	0.00340	0.00761
3	0.01051	0.03746	0.14872	0.31698	0.09729	0.01150	0.08498	0.01565	0.11466	0.01545	0.01408	0.04193	0.05667	0.00602	0.00523	0.00168	0.00627	0.00539	0.00294	0.00659
4	0.01061	0.09942	0.72295	0.01409	0.02138	0.01268	0.01803	0.01617	0.01080	0.01587	0.00902	0.01059	0.00651	0.00483	0.00473	0.00158	0.00739	0.00370	0.00217	0.00749
5	0.00689	0.00542	0.00697	0.00839	0.06235	0.00499	0.00556	0.00820	0.01072	0.01375	0.03448	0.39822	0.28472	0.03849	0.00693	0.00204	0.00331	0.08947	0.00455	0.00453
6	0.01372	0.09299	0.11744	0.09294	0.13314	0.02475	0.17652	0.08272	0.03208	0.10604	0.01211	0.01386	0.02818	0.00544	0.00570	0.00161	0.04539	0.00486	0.00322	0.00728
7	0.01762	0.02011	0.01376	0.01234	0.01499	0.55462	0.00940	0.03586	0.15250	0.05280	0.02957	0.01227	0.00959	0.00592	0.00526	0.00146	0.03799	0.00406	0.00340	0.00649
8	0.00743	0.00511	0.00629	0.00629	0.00653	0.00535	0.00398	0.00791	0.00767	0.01047	0.01553	0.03005	0.01712	0.61410	0.22959	0.00584	0.00728	0.00694	0.00301	0.00350
9	0.01193	0.08289	0.19152	0.07113	0.25362	0.02866	0.18304	0.03325	0.01155	0.01595	0.00991	0.02781	0.00806	0.00585	0.02624	0.00177	0.02231	0.00477	0.00253	0.00721
10	0.01387	0.36614	0.27401	0.01189	0.02980	0.09088	0.01245	0.11643	0.01279	0.01625	0.00862	0.00980	0.00687	0.00487	0.00421	0.00136	0.00656	0.00342	0.00262	0.00716
11	0.01057	0.01006	0.01161	0.01041	0.01124	0.09059	0.00826	0.03976	0.00972	0.01323	0.01476	0.03416	0.09221	0.08483	0.16360	0.00341	0.34919	0.00570	0.03153	0.00516
12	0.78245	0.01056	0.03659	0.00773	0.03040	0.01144	0.00636	0.01539	0.00903	0.04203	0.00762	0.00877	0.00584	0.00480	0.00334	0.00159	0.00417	0.00292	0.00320	0.00578
13	0.01403	0.79519	0.02638	0.00879	0.01317	0.01987	0.00874	0.01569	0.01057	0.03846	0.00758	0.00854	0.00679	0.00446	0.00336	0.00111	0.00545	0.00283	0.00234	0.00666
14	0.00986	0.00744	0.02365	0.00796	0.02727	0.00695	0.00610	0.07539	0.08451	0.06278	0.41730	0.03209	0.14264	0.00930	0.00565	0.00159	0.00321	0.00798	0.02684	0.04150
15	0.85592	0.00992	0.00754	0.00675	0.00992	0.01151	0.00556	0.01508	0.00873	0.02302	0.00714	0.00834	0.00556	0.00476	0.00318	0.00159	0.00397	0.00278	0.00318	0.00556
16	0.01075	0.08717	0.66054	0.01453	0.02158	0.01266	0.06884	0.01649	0.03166	0.01608	0.00944	0.01106	0.00684	0.00486	0.00484	0.00159	0.00740	0.00392	0.00228	0.00748
17	0.00756	0.00545	0.00613	0.00583	0.00756	0.00470	0.00442	0.00923	0.01271	0.06861	0.26093	0.04403	0.52076	0.01182	0.00600	0.00169	0.00267	0.01000	0.00513	0.00478
18	0.00891	0.00446	0.00668	0.00668	0.00668	0.00446	0.00446	0.00668	0.00668	0.00891	0.00891	0.01560	0.00891	0.01783	0.02005	0.85071	0.00446	0.00446	0.00223	0.00223
19	0.00746	0.00497	0.00560	0.00560	0.00560	0.00497	0.00311	0.00746	0.00746	0.00995	0.01617	0.03358	0.01865	0.81967	0.02612	0.00497	0.00497	0.00746	0.00311	0.00311
20	0.74956	0.11258	0.00998	0.00700	0.01033	0.01262	0.00596	0.01512	0.00895	0.02164	0.00714	0.00832	0.00569	0.00472	0.00319	0.00153	0.00416	0.00277	0.00305	0.00569
21	0.04190	0.04189	0.51611	0.05222	0.03603	0.01194	0.01549	0.06717	0.04122	0.03075	0.01061	0.03305	0.00817	0.00712	0.04460	0.00196	0.02549	0.00432	0.00271	0.00724
22	0.10641	0.30715	0.19686	0.03418	0.06869	0.04579	0.02713	0.07007	0.01190	0.07488	0.00929	0.01043	0.00720	0.00488	0.00419	0.00141	0.00602	0.00357	0.00287	0.00708
23	0.01583	0.01209	0.01199	0.00989	0.01294	0.08501	0.00789	0.40680	0.05126	0.06442	0.01870	0.07213	0.09802	0.00754	0.00512	0.00155	0.00496	0.00597	0.10069	0.00719
24	0.03244	0.00922	0.02937	0.01135	0.01420	0.00884	0.13311	0.07625	0.07964	0.14582	0.10430	0.04540	0.02144	0.00922	0.00602	0.00189	0.00509	0.25525	0.00473	0.00644
25	0.01254	0.07464	0.09149	0.09506	0.03553	0.13123	0.00936	0.03544	0.07972	0.08884	0.10336	0.07843	0.06993	0.00862	0.02613	0.02634	0.01730	0.00606	0.00379	0.00620
26	0.01082	0.06526	0.01657	0.64164	0.09130	0.03399	0.01371	0.04125	0.01101	0.01401	0.00911	0.01306	0.00699	0.00508	0.00499	0.00164	0.00671	0.00440	0.00241	0.00607
27	0.00728	0.00543	0.00643	0.00641	0.00784	0.00492	0.00484	0.00939	0.03473	0.03634	0.30004	0.13572	0.34679	0.01223	0.00614	0.00177	0.00281	0.06102	0.00512	0.00474
28	0.00665	0.00528	0.00599	0.00597	0.00740	0.00470	0.00442	0.00861	0.03244	0.01615	0.28584	0.13528	0.43817	0.01239	0.00610	0.00174	0.00262	0.01064	0.00506	0.00458
29	0.01257	0.05588	0.01686	0.38441	0.20594	0.08576	0.01302	0.08955	0.04024	0.01618	0.00992	0.01292	0.00774	0.00516	0.00494	0.00157	0.00651	0.00440	0.01971	0.00671

[dist]
# distance from previous block
# <min> <max>
0	3

[block]
# block no. 2 follows, 48 sequences, length 6
# corresponding to MSA columns:
# 133-138
name=unknown_C
#
# <colnr> <probs for GDERKNQSTAVLIFYWHMCP>
#	G	D	E	R	K	N	Q	S	T	A	V	L	I	F	Y	W	H	M	C	P
0	0.00871	0.00461	0.00658	0.00658	0.00674	0.00468	0.00444	0.00732	0.00716	0.00996	0.01046	0.01773	0.01035	0.08657	0.08158	0.65235	0.00510	0.00482	0.06161	0.00267
1	0.00675	0.00511	0.00615	0.00663	0.00767	0.00467	0.00492	0.00814	0.01116	0.01432	0.11937	0.25116	0.30615	0.08500	0.00814	0.00221	0.00326	0.14019	0.00471	0.00430
2	0.03550	0.01454	0.18332	0.05613	0.08630	0.06768	0.05156	0.10495	0.07823	0.09886	0.04180	0.05030	0.01211	0.00630	0.00505	0.00160	0.00576	0.01951	0.07341	0.00709
3	0.01333	0.04192	0.13852	0.10582	0.25770	0.05930	0.01311	0.07932	0.14607	0.05380	0.01247	0.01470	0.00974	0.00561	0.00505	0.00160	0.00607	0.02493	0.00336	0.00757
4	0.05928	0.07142	0.07026	0.03722	0.09829	0.11340	0.18094	0.12653	0.01310	0.01792	0.00969	0.01201	0.00768	0.00549	0.00636	0.00160	0.10516	0.00448	0.05235	0.00682
5	0.05297	0.09430	0.06526	0.02831	0.11275	0.08236	0.00877	0.05569	0.05035	0.03744	0.01692	0.23269	0.04215	0.00837	0.00506	0.00159	0.00490	0.00709	0.04305	0.04998

[dist]
# distance from previous block
# <min> <max>
0	3

[block]
# block no. 3 follows, 48 sequences, length 22
# corresponding to MSA columns:
# 142-163
name=unknown_D
#
# <colnr> <probs for GDERKNQSTAVLIFYWHMCP>
#	G	D	E	R	K	N	Q	S	T	A	V	L	I	F	Y	W	H	M	C	P
0	0.01415	0.05194	0.11222	0.01479	0.15774	0.03030	0.03864	0.21505	0.03235	0.04482	0.01062	0.01187	0.00814	0.00493	0.00467	0.00133	0.00559	0.00406	0.00348	0.23331
1	0.01167	0.05884	0.13553	0.08068	0.29300	0.01182	0.04476	0.04860	0.06036	0.02879	0.01262	0.10988	0.01145	0.01844	0.00613	0.00171	0.04984	0.00575	0.00305	0.00707
2	0.01538	0.34045	0.07157	0.01264	0.06470	0.10656	0.06627	0.12649	0.06288	0.07208	0.01033	0.01117	0.00810	0.00509	0.00439	0.00137	0.00618	0.00388	0.00321	0.00726
3	0.01663	0.23103	0.03904	0.00987	0.01367	0.01327	0.02422	0.19384	0.03893	0.22985	0.03731	0.01542	0.04303	0.00687	0.02231	0.00161	0.02667	0.00471	0.02424	0.00750
4	0.01509	0.01160	0.01505	0.14146	0.17688	0.03391	0.01072	0.21377	0.05172	0.11500	0.01195	0.01319	0.00886	0.00529	0.00488	0.00144	0.00548	0.00441	0.00386	0.15543
5	0.00647	0.00521	0.00571	0.00559	0.00711	0.00450	0.00416	0.00807	0.01243	0.01577	0.27192	0.04560	0.54141	0.03532	0.00663	0.00179	0.00261	0.01027	0.00498	0.00445
6	0.00705	0.00494	0.00606	0.00649	0.00747	0.00446	0.00460	0.00842	0.01132	0.03947	0.16806	0.42577	0.22429	0.01357	0.00617	0.00186	0.00280	0.01198	0.04071	0.00450
7	0.01355	0.78319	0.06496	0.00907	0.01362	0.01989	0.00929	0.01541	0.01045	0.01228	0.00724	0.00836	0.00658	0.00441	0.00337	0.00112	0.00559	0.00280	0.00219	0.00663
8	0.00641	0.00491	0.00589	0.00637	0.00737	0.00439	0.00455	0.00776	0.01138	0.01474	0.16935	0.37994	0.31177	0.01392	0.00630	0.00188	0.00279	0.03100	0.00492	0.00436
9	0.85592	0.00992	0.00754	0.00675	0.00992	0.01151	0.00556	0.01508	0.00873	0.02302	0.00714	0.00834	0.00556	0.00476	0.00318	0.00159	0.00397	0.00278	0.00318	0.00556
10	0.01044	0.00650	0.00666	0.00634	0.00800	0.00698	0.00483	0.01617	0.22183	0.01977	0.01788	0.01913	0.01384	0.00625	0.00404	0.00135	0.00285	0.00506	0.61638	0.00570
11	0.85592	0.00992	0.00754	0.00675	0.00992	0.01151	0.00556	0.01508	0.00873	0.02302	0.00714	0.00834	0.00556	0.00476	0.00318	0.00159	0.00397	0.00278	0.00318	0.00556
12	0.01917	0.02445	0.01454	0.01322	0.01586	0.79907	0.00991	0.02049	0.01454	0.01256	0.00793	0.00925	0.00661	0.00529	0.00463	0.00132	0.00925	0.00330	0.00264	0.00595
13	0.82397	0.00988	0.00771	0.00684	0.01004	0.01136	0.00563	0.01546	0.00896	0.05249	0.00765	0.00869	0.00583	0.00482	0.00325	0.00159	0.00398	0.00287	0.00330	0.00568
14	0.00895	0.00621	0.00830	0.00839	0.00967	0.00632	0.00687	0.03207	0.01212	0.05190	0.19361	0.06235	0.09461	0.01395	0.04992	0.05440	0.04791	0.32294	0.00463	0.00489
15	0.00798	0.00597	0.00717	0.00762	0.00847	0.00613	0.00543	0.01127	0.14480	0.01414	0.02444	0.35295	0.04594	0.21312	0.01123	0.00277	0.00390	0.11756	0.00443	0.00469
16	0.00639	0.00448	0.00591	0.00705	0.00738	0.00419	0.00471	0.00734	0.00986	0.01335	0.02781	0.78366	0.03308	0.01566	0.00643	0.00205	0.00295	0.01419	0.03932	0.00419
17	0.00749	0.00573	0.00677	0.00644	0.00790	0.00536	0.00482	0.03342	0.04812	0.01835	0.45174	0.07848	0.26326	0.03131	0.00651	0.00176	0.00274	0.00966	0.00524	0.00488
18	0.02928	0.06938	0.57528	0.01457	0.04875	0.01210	0.06272	0.01641	0.03024	0.03847	0.00988	0.01157	0.00725	0.00594	0.02993	0.00179	0.00734	0.00401	0.00246	0.02263
19	0.00708	0.00473	0.00634	0.00737	0.00787	0.00441	0.00509	0.00811	0.01015	0.04621	0.02787	0.73731	0.03277	0.01555	0.00652	0.00208	0.00314	0.05816	0.00483	0.00439
20	0.03612	0.00893	0.01174	0.00924	0.01284	0.00822	0.00756	0.06664	0.03247	0.64257	0.03295	0.05694	0.01393	0.00695	0.00552	0.00163	0.02583	0.00562	0.00600	0.00828
21	0.01233	0.06567	0.06746	0.13261	0.41716	0.05054	0.08367	0.01574	0.02905	0.01574	0.00975	0.01266	0.00792	0.00489	0.00533	0.00155	0.02961	0.00451	0.02654	0.00728

[dist]
# distance from previous block
# <min> <max>
4	5

[block]
# block no. 4 follows, 48 sequences, length 23
# corresponding to MSA columns:
# 170-192
name=unknown_E
#
# <colnr> <probs for GDERKNQSTAVLIFYWHMCP>
#	G	D	E	R	K	N	Q	S	T	A	V	L	I	F	Y	W	H	M	C	P
0	0.01747	0.17111	0.01765	0.02878	0.05976	0.51357	0.02764	0.07891	0.01424	0.01439	0.00831	0.00969	0.00689	0.00512	0.00449	0.00133	0.00802	0.00346	0.00274	0.00643
1	0.00648	0.00476	0.00611	0.00709	0.00761	0.00449	0.00481	0.00791	0.03621	0.01362	0.04765	0.71230	0.09109	0.01540	0.00646	0.00203	0.00297	0.01388	0.00480	0.00433
2	0.01115	0.00914	0.01014	0.00934	0.01148	0.01030	0.00714	0.06097	0.46059	0.01964	0.08999	0.13049	0.02051	0.04319	0.04502	0.00221	0.02189	0.00726	0.02272	0.00681
3	0.85592	0.00992	0.00754	0.00675	0.00992	0.01151	0.00556	0.01508	0.00873	0.02302	0.00714	0.00834	0.00556	0.00476	0.00318	0.00159	0.00397	0.00278	0.00318	0.00556
4	0.00673	0.00523	0.00602	0.00589	0.00728	0.00464	0.00439	0.00845	0.01263	0.01650	0.35797	0.04402	0.40262	0.06181	0.00733	0.00190	0.00274	0.03432	0.00503	0.00448
5	0.01372	0.82276	0.02689	0.00878	0.01317	0.02030	0.00878	0.01536	0.01043	0.01207	0.00713	0.00823	0.00658	0.00439	0.00329	0.00110	0.00549	0.00274	0.00219	0.00658
6	0.00733	0.00550	0.00825	0.00825	0.00916	0.00641	0.00641	0.00916	0.00825	0.01191	0.01374	0.02016	0.01283	0.03848	0.79934	0.00825	0.01374	0.00550	0.00275	0.00458
7	0.01787	0.01268	0.01371	0.01070	0.01433	0.01387	0.00877	0.62522	0.02192	0.05389	0.06135	0.01478	0.01177	0.00642	0.00504	0.00151	0.00508	0.00494	0.08805	0.00810
8	0.01313	0.03084	0.17042	0.01290	0.03235	0.05068	0.14703	0.05676	0.07683	0.10231	0.01271	0.05726	0.01011	0.00556	0.00497	0.00144	0.00592	0.00496	0.00349	0.20033
9	0.03244	0.04118	0.12136	0.03410	0.11958	0.06555	0.01088	0.20592	0.01493	0.13640	0.02772	0.03232	0.01009	0.00660	0.02249	0.00166	0.03031	0.00465	0.02733	0.05449
10	0.08100	0.00967	0.01213	0.00937	0.01330	0.00909	0.00774	0.13720	0.01570	0.62234	0.01812	0.01604	0.01160	0.00621	0.00502	0.00158	0.00453	0.00491	0.00594	0.00851
11	0.00649	0.00515	0.00583	0.00580	0.00723	0.00449	0.00429	0.00813	0.01249	0.01608	0.29924	0.11273	0.46906	0.01241	0.00610	0.00172	0.00257	0.01063	0.00507	0.00449
12	0.01232	0.18465	0.27860	0.03535	0.06835	0.03871	0.12243	0.04421	0.09259	0.01617	0.01015	0.01183	0.00788	0.00519	0.00543	0.00156	0.05043	0.00424	0.00271	0.00721
13	0.00625	0.00447	0.00595	0.00714	0.00744	0.00417	0.00476	0.00714	0.00982	0.01310	0.02828	0.81633	0.03394	0.01608	0.00655	0.00208	0.00298	0.01459	0.00476	0.00417
14	0.02211	0.00978	0.01250	0.00963	0.01359	0.00915	0.00794	0.15445	0.03873	0.63695	0.01889	0.01662	0.01210	0.00634	0.00516	0.00158	0.00458	0.00509	0.00611	0.00871
15	0.05874	0.01453	0.20697	0.19753	0.22922	0.01147	0.08646	0.01540	0.03663	0.03165	0.01232	0.01470	0.05132	0.00535	0.00509	0.00163	0.00645	0.00482	0.00272	0.00698
16	0.01715	0.03421	0.04272	0.06264	0.14673	0.08610	0.06464	0.20946	0.01573	0.21235	0.03259	0.01405	0.01008	0.00575	0.00535	0.00156	0.02212	0.00476	0.00419	0.00780
17	0.00655	0.00522	0.00587	0.00571	0.00723	0.00454	0.00428	0.00831	0.01285	0.01659	0.35011	0.04489	0.48575	0.01198	0.00606	0.00168	0.00253	0.01020	0.00512	0.00454
18	0.01471	0.00764	0.00992	0.03122	0.03503	0.00724	0.00698	0.06162	0.04878	0.32980	0.04920	0.18025	0.09209	0.00937	0.00557	0.00173	0.00396	0.04836	0.04982	0.00673
19	0.02882	0.05598	0.28558	0.05633	0.15342	0.06905	0.09297	0.03302	0.02759	0.09788	0.01184	0.03152	0.02226	0.00541	0.00502	0.00158	0.00671	0.00467	0.00301	0.00733
20	0.01386	0.18463	0.13128	0.04183	0.31275	0.01425	0.05117	0.12839	0.01324	0.04711	0.00988	0.01170	0.00778	0.00488	0.00474	0.00147	0.00620	0.00418	0.00294	0.00771
21	0.01245	0.02244	0.44675	0.01555	0.02145	0.14824	0.17389	0.04395	0.01214	0.01610	0.00948	0.01153	0.00706	0.00590	0.02922	0.00179	0.00821	0.00426	0.00246	0.00711
22	0.32587	0.09346	0.07588	0.03553	0.12131	0.13507	0.06063	0.03356	0.01095	0.01789	0.00853	0.01091	0.00704	0.03789	0.00504	0.00164	0.00599	0.00369	0.00281	0.00630

[dist]
# distance from previous block
# <min> <max>
2	5

[block]
# block no. 5 follows, 48 sequences, length 11
# corresponding to MSA columns:
# 198-208
name=unknown_F
#
# <colnr> <probs for GDERKNQSTAVLIFYWHMCP>
#	G	D	E	R	K	N	Q	S	T	A	V	L	I	F	Y	W	H	M	C	P
0	0.00705	0.00529	0.00578	0.00560	0.00719	0.00459	0.00417	0.00861	0.01219	0.03930	0.21162	0.04406	0.53305	0.04825	0.00684	0.00183	0.00271	0.00992	0.03740	0.00454
1	0.03360	0.05761	0.08695	0.05887	0.24491	0.11979	0.06726	0.03618	0.05439	0.03602	0.09024	0.01695	0.01315	0.00605	0.00536	0.00158	0.02204	0.03891	0.00323	0.00691
2	0.00703	0.00504	0.00659	0.00687	0.00739	0.00520	0.00473	0.00803	0.00888	0.01210	0.05692	0.22921	0.06323	0.27974	0.27048	0.00497	0.00707	0.00890	0.00362	0.00400
3	0.01172	0.03519	0.16269	0.04130	0.15098	0.01111	0.24329	0.04619	0.01202	0.05173	0.04715	0.04594	0.01237	0.05980	0.00689	0.00190	0.00664	0.04317	0.00312	0.00681
4	0.00914	0.00907	0.09107	0.02912	0.01240	0.00738	0.08404	0.03488	0.05849	0.03542	0.47296	0.03010	0.06661	0.00873	0.00575	0.00163	0.00393	0.00780	0.02577	0.00572
5	0.08619	0.00958	0.07298	0.01090	0.09058	0.02033	0.04395	0.01510	0.06980	0.08731	0.08816	0.02009	0.01526	0.04312	0.00624	0.01459	0.02839	0.03593	0.23544	0.00606
6	0.01407	0.70150	0.02548	0.01078	0.06979	0.08041	0.00938	0.01579	0.01084	0.01245	0.00738	0.00864	0.00670	0.00447	0.00353	0.00115	0.00583	0.00292	0.00226	0.00665
7	0.00704	0.00543	0.00604	0.00626	0.00729	0.00514	0.00435	0.00891	0.06604	0.01329	0.03438	0.20786	0.34058	0.22366	0.01137	0.00268	0.00348	0.03757	0.00436	0.00427
8	0.00866	0.00722	0.00777	0.00813	0.00921	0.06365	0.00585	0.04537	0.09289	0.01565	0.09844	0.51360	0.04703	0.01319	0.00617	0.00193	0.00368	0.04180	0.00476	0.00502
9	0.03212	0.13216	0.08464	0.01249	0.05005	0.18006	0.04212	0.18704	0.06793	0.05579	0.01113	0.01220	0.00860	0.00649	0.02746	0.00166	0.03096	0.00416	0.04583	0.00711
10	0.06235	0.22254	0.08559	0.00928	0.01314	0.06502	0.00845	0.05906	0.05041	0.04816	0.03056	0.06150	0.02894	0.00589	0.00454	0.00131	0.02253	0.00446	0.02096	0.19533

[dist]
# distance from previous block
# <min> <max>
1	8

[block]
# block no. 6 follows, 48 sequences, length 11
# corresponding to MSA columns:
# 219-229
name=unknown_G
#
# <colnr> <probs for GDERKNQSTAVLIFYWHMCP>
#	G	D	E	R	K	N	Q	S	T	A	V	L	I	F	Y	W	H	M	C	P
0	0.06702	0.06412	0.04567	0.01038	0.06434	0.04451	0.04387	0.05702	0.01144	0.04556	0.01934	0.32031	0.05682	0.03267	0.00592	0.00176	0.00449	0.00843	0.02613	0.07019
1	0.19394	0.04374	0.11029	0.07441	0.05838	0.03197	0.02440	0.16662	0.01269	0.03419	0.01113	0.02874	0.02456	0.04971	0.02446	0.04328	0.03679	0.00449	0.00330	0.02292
2	0.11994	0.07806	0.08564	0.08728	0.09588	0.03268	0.12154	0.05053	0.08426	0.04263	0.03557	0.01495	0.04501	0.00564	0.00507	0.00156	0.02309	0.00480	0.01799	0.04790
3	0.00736	0.00511	0.00623	0.00623	0.00654	0.00530	0.00396	0.00788	0.00787	0.01063	0.01735	0.03106	0.05540	0.58733	0.21534	0.00562	0.00701	0.00715	0.00310	0.00353
4	0.05176	0.31584	0.06305	0.09425	0.14539	0.01506	0.05481	0.03210	0.01105	0.06362	0.00954	0.01236	0.00800	0.00538	0.00546	0.00149	0.07572	0.02557	0.00273	0.00682
5	0.00749	0.00525	0.00647	0.00654	0.00782	0.00472	0.00486	0.00918	0.01242	0.05405	0.30807	0.22998	0.25920	0.01258	0.00619	0.00180	0.00283	0.05068	0.00516	0.00471
6	0.00921	0.00529	0.00604	0.00576	0.00725	0.00490	0.00435	0.01129	0.01220	0.08100	0.22285	0.06650	0.17844	0.00904	0.00498	0.00148	0.00263	0.00764	0.35415	0.00500
7	0.00793	0.00685	0.00863	0.00819	0.00908	0.00771	0.00629	0.00972	0.03993	0.01442	0.13540	0.20376	0.26171	0.03444	0.00954	0.00202	0.21590	0.00947	0.00419	0.00482
8	0.01372	0.82276	0.02689	0.00878	0.01317	0.02030	0.00878	0.01536	0.01043	0.01207	0.00713	0.00823	0.00658	0.00439	0.00329	0.00110	0.00549	0.00274	0.00219	0.00658
9	0.01270	0.01219	0.02083	0.03149	0.78767	0.01219	0.01575	0.01575	0.01168	0.01676	0.00965	0.01270	0.00813	0.00457	0.00508	0.00152	0.00610	0.00457	0.00254	0.00813
10	0.85592	0.00992	0.00754	0.00675	0.00992	0.01151	0.00556	0.01508	0.00873	0.02302	0.00714	0.00834	0.00556	0.00476	0.00318	0.00159	0.00397	0.00278	0.00318	0.00556

[dist]
# distance from previous block
# <min> <max>
0	34

[block]
# block no. 7 follows, 48 sequences, length 10
# corresponding to MSA columns:
# 264-273
name=unknown_H
#
# <colnr> <probs for GDERKNQSTAVLIFYWHMCP>
#	G	D	E	R	K	N	Q	S	T	A	V	L	I	F	Y	W	H	M	C	P
0	0.01276	0.01102	0.01160	0.01044	0.01334	0.01276	0.00812	0.02727	0.77840	0.02146	0.02088	0.01914	0.01566	0.00696	0.00522	0.00174	0.00406	0.00580	0.00522	0.00812
1	0.00738	0.00531	0.00732	0.00732	0.00792	0.00591	0.00526	0.00857	0.00797	0.01123	0.01459	0.02485	0.01486	0.31148	0.52912	0.00710	0.01068	0.00618	0.00287	0.00407
2	0.01372	0.82276	0.02689	0.00878	0.01317	0.02030	0.00878	0.01536	0.01043	0.01207	0.00713	0.00823	0.00658	0.00439	0.00329	0.00110	0.00549	0.00274	0.00219	0.00658
3	0.02236	0.00888	0.01189	0.00921	0.01311	0.00788	0.00758	0.02515	0.06359	0.74193	0.02028	0.01757	0.01289	0.00639	0.00516	0.00160	0.00435	0.00520	0.00628	0.00869
4	0.00630	0.00521	0.00552	0.00544	0.00707	0.00443	0.00408	0.00781	0.01224	0.01516	0.19427	0.04724	0.64248	0.01251	0.00606	0.00171	0.00256	0.01053	0.00494	0.00443
5	0.10814	0.01325	0.01384	0.01079	0.01460	0.01469	0.00889	0.63880	0.02158	0.03045	0.01206	0.01235	0.00869	0.00600	0.00482	0.00152	0.00525	0.00443	0.06171	0.00812
6	0.00625	0.00447	0.00595	0.00714	0.00744	0.00417	0.00476	0.00714	0.00982	0.01310	0.02828	0.81633	0.03394	0.01608	0.00655	0.00208	0.00298	0.01459	0.00476	0.00417
7	0.01542	0.07486	0.01398	0.01123	0.01368	0.27258	0.00905	0.20181	0.01502	0.01824	0.01244	0.04693	0.01126	0.00732	0.00636	0.00160	0.10178	0.08741	0.07267	0.00634
8	0.01173	0.03487	0.06791	0.00926	0.03685	0.04143	0.00768	0.03503	0.01133	0.03885	0.00944	0.01083	0.00764	0.00412	0.00401	0.00092	0.00449	0.00325	0.00307	0.65728
9	0.06272	0.37890	0.14353	0.01076	0.01510	0.13502	0.01050	0.08732	0.03912	0.03580	0.00887	0.00990	0.00720	0.00507	0.00445	0.00136	0.03133	0.00340	0.00280	0.00687

[dist]
# distance from previous block
# <min> <max>
0	1

[block]
# block no. 8 follows, 48 sequences, length 17
# corresponding to MSA columns:
# 281-297
name=unknown_I
#
# <colnr> <probs for GDERKNQSTAVLIFYWHMCP>
#	G	D	E	R	K	N	Q	S	T	A	V	L	I	F	Y	W	H	M	C	P
0	0.06982	0.00932	0.01210	0.05260	0.01410	0.00887	0.05457	0.07189	0.07567	0.28295	0.03253	0.01706	0.03118	0.04857	0.00592	0.00162	0.00458	0.00498	0.03171	0.16996
1	0.01322	0.03743	0.05350	0.04673	0.35447	0.03221	0.03034	0.04058	0.02279	0.12424	0.05176	0.06031	0.04389	0.03054	0.00579	0.00165	0.00544	0.00564	0.00355	0.03590
2	0.07557	0.07487	0.27464	0.04665	0.04645	0.01246	0.14486	0.09265	0.04709	0.09885	0.01215	0.01332	0.02691	0.00531	0.00496	0.00160	0.00646	0.00458	0.00327	0.00737
3	0.08955	0.01178	0.01491	0.01899	0.35504	0.10079	0.01096	0.04203	0.01218	0.08436	0.03657	0.01602	0.01097	0.02633	0.00585	0.00164	0.03851	0.03472	0.08187	0.00694
4	0.01034	0.00988	0.01684	0.62824	0.12750	0.01165	0.06148	0.01424	0.04268	0.01412	0.00976	0.01380	0.00743	0.00509	0.00519	0.00169	0.00674	0.00471	0.00246	0.00618
5	0.03324	0.05592	0.21492	0.07104	0.11542	0.06207	0.07504	0.01677	0.10532	0.05019	0.03925	0.07939	0.01192	0.00641	0.00562	0.00166	0.04028	0.00543	0.00321	0.00692
6	0.01202	0.01072	0.01755	0.05197	0.26565	0.02990	0.16959	0.03336	0.04712	0.06510	0.06938	0.05815	0.06752	0.00675	0.00575	0.00166	0.02369	0.02336	0.03394	0.00683
7	0.00733	0.00550	0.00825	0.00825	0.00916	0.00641	0.00641	0.00916	0.00825	0.01191	0.01374	0.02016	0.01283	0.03848	0.79934	0.00825	0.01374	0.00550	0.00275	0.00458
8	0.00815	0.00638	0.00760	0.00819	0.06085	0.02334	0.00561	0.01030	0.03542	0.04870	0.25867	0.12950	0.33569	0.01144	0.00598	0.00173	0.00315	0.02932	0.00491	0.00506
9	0.02596	0.05324	0.24389	0.08310	0.16134	0.04803	0.10831	0.08555	0.01255	0.05362	0.01106	0.04703	0.00895	0.00562	0.00531	0.00162	0.02008	0.01456	0.00295	0.00724
10	0.01779	0.01693	0.01524	0.01350	0.06135	0.31072	0.04091	0.25382	0.04978	0.08241	0.04187	0.01293	0.00995	0.00601	0.00556	0.00151	0.04409	0.00445	0.00392	0.00724
11	0.00815	0.00547	0.00698	0.00693	0.00816	0.00506	0.00513	0.02793	0.01297	0.06591	0.38926	0.27092	0.11719	0.01219	0.00616	0.00179	0.00289	0.03671	0.00529	0.00492
12	0.03496	0.01169	0.05926	0.11122	0.06014	0.06302	0.03026	0.11913	0.04420	0.06272	0.02566	0.03288	0.01044	0.03344	0.06702	0.01477	0.14638	0.00499	0.06145	0.00635
13	0.06270	0.07098	0.09398	0.23445	0.16090	0.04906	0.08993	0.10236	0.03369	0.01732	0.00967	0.01226	0.00749	0.00513	0.00525	0.00160	0.02910	0.00439	0.00282	0.00692
14	0.00891	0.00557	0.00715	0.00727	0.00852	0.00518	0.00542	0.02871	0.01219	0.09954	0.20612	0.35589	0.10347	0.01265	0.00615	0.00187	0.00317	0.08254	0.03468	0.00502
15	0.00666	0.00490	0.00631	0.00731	0.00791	0.00465	0.00514	0.00820	0.03676	0.01368	0.03004	0.64635	0.10036	0.01530	0.00651	0.00207	0.00315	0.08557	0.00478	0.00437
16	0.02752	0.09305	0.10890	0.07303	0.29420	0.08700	0.06933	0.01561	0.01159	0.04718	0.02992	0.06737	0.01039	0.00575	0.00520	0.00155	0.02136	0.00505	0.00286	0.02314

[dist]
# distance from previous block
# <min> <max>
0	4

[block]
# block no. 9 follows, 48 sequences, length 22
# corresponding to MSA columns:
# 302-323
name=unknown_J
#
# <colnr> <probs for GDERKNQSTAVLIFYWHMCP>
#	G	D	E	R	K	N	Q	S	T	A	V	L	I	F	Y	W	H	M	C	P
0	0.01317	0.21095	0.15611	0.01072	0.03239	0.03072	0.03063	0.06483	0.03444	0.08512	0.05192	0.01265	0.01009	0.00512	0.00456	0.00128	0.01825	0.00395	0.00326	0.21984
1	0.15139	0.12043	0.10462	0.01485	0.11696	0.20906	0.08584	0.05696	0.01222	0.02920	0.00868	0.01045	0.00696	0.00510	0.00510	0.00150	0.04741	0.00380	0.00277	0.00671
2	0.75427	0.01006	0.00816	0.00714	0.01034	0.01151	0.00587	0.06533	0.01008	0.04436	0.02948	0.00968	0.00715	0.00506	0.00344	0.00159	0.00405	0.00315	0.00346	0.00583
3	0.00730	0.00531	0.00696	0.00739	0.00787	0.00551	0.00514	0.02876	0.00957	0.01302	0.04666	0.42330	0.02578	0.18660	0.15067	0.00375	0.03386	0.02432	0.00401	0.00423
4	0.00708	0.00482	0.00571	0.00608	0.00617	0.00472	0.00362	0.00736	0.00820	0.01093	0.01994	0.27761	0.02342	0.56914	0.02002	0.00407	0.00435	0.00968	0.00362	0.00344
5	0.00696	0.00510	0.00604	0.00623	0.00746	0.00451	0.00451	0.00842	0.01188	0.04056	0.21639	0.28392	0.35315	0.01314	0.00618	0.00181	0.00273	0.01145	0.00502	0.00454
6	0.00613	0.00493	0.00547	0.00590	0.00712	0.00427	0.00421	0.00728	0.01102	0.01358	0.04339	0.32741	0.51310	0.01411	0.00624	0.00186	0.00274	0.01219	0.00476	0.00427
7	0.01333	0.01141	0.01166	0.01041	0.01330	0.04627	0.00810	0.04778	0.67119	0.04426	0.04976	0.01922	0.01626	0.00698	0.00522	0.00171	0.00428	0.00578	0.00516	0.00794
8	0.01925	0.01424	0.01525	0.01175	0.01581	0.01579	0.00969	0.74213	0.05297	0.03192	0.01265	0.01258	0.00899	0.00619	0.00514	0.00155	0.00559	0.00466	0.00514	0.00870
9	0.00956	0.00478	0.00478	0.00478	0.00598	0.00478	0.00359	0.01196	0.01076	0.01913	0.01674	0.01913	0.01315	0.00598	0.00359	0.00120	0.00239	0.00478	0.84816	0.00478
10	0.01917	0.02445	0.01454	0.01322	0.01586	0.79907	0.00991	0.02049	0.01454	0.01256	0.00793	0.00925	0.00661	0.00529	0.00463	0.00132	0.00925	0.00330	0.00264	0.00595
11	0.00885	0.00448	0.00664	0.00664	0.00664	0.00448	0.00440	0.00672	0.00672	0.00895	0.00920	0.01631	0.00930	0.04975	0.02029	0.81704	0.00448	0.00458	0.00226	0.00226
12	0.01250	0.01080	0.01135	0.01024	0.01309	0.01244	0.00796	0.02649	0.74871	0.02117	0.02209	0.02031	0.04547	0.00719	0.00525	0.00174	0.00400	0.00600	0.00520	0.00797
13	0.01205	0.03635	0.25343	0.08945	0.36017	0.01251	0.08927	0.05565	0.01198	0.01698	0.00962	0.01220	0.00749	0.00477	0.00508	0.00158	0.00682	0.00444	0.00254	0.00764
14	0.01247	0.17450	0.35384	0.01258	0.06084	0.02928	0.01298	0.06119	0.01216	0.07881	0.05146	0.04573	0.01121	0.00592	0.00473	0.00151	0.00603	0.01816	0.03950	0.00710
15	0.01053	0.02490	0.69478	0.01553	0.02280	0.01205	0.11563	0.01627	0.01100	0.01627	0.00936	0.01122	0.00667	0.00480	0.00503	0.00164	0.00772	0.00408	0.00222	0.00750
16	0.00629	0.00453	0.00596	0.00702	0.00743	0.00420	0.00473	0.00726	0.01011	0.01346	0.06198	0.74727	0.06938	0.01569	0.00651	0.00205	0.00294	0.01418	0.00480	0.00420
17	0.00815	0.00820	0.06760	0.02670	0.05780	0.03653	0.00696	0.01088	0.06083	0.01567	0.16366	0.30218	0.17700	0.01149	0.00590	0.00179	0.00373	0.01007	0.01965	0.00519
18	0.01317	0.07346	0.19853	0.01792	0.21287	0.08152	0.09845	0.08441	0.01287	0.04773	0.03328	0.03570	0.03363	0.00574	0.00540	0.00157	0.02852	0.00494	0.00304	0.00726
19	0.01253	0.03709	0.08281	0.01413	0.01688	0.01377	0.17268	0.13551	0.01228	0.03110	0.03282	0.01553	0.04863	0.00735	0.01001	0.00188	0.32572	0.01961	0.00312	0.00654
20	0.00739	0.00494	0.00562	0.00569	0.00571	0.00492	0.00321	0.00744	0.00761	0.01015	0.01692	0.08244	0.01961	0.76951	0.02489	0.00479	0.00485	0.00791	0.00321	0.00318
21	0.10106	0.04454	0.05297	0.09367	0.07652	0.05441	0.10680	0.23816	0.04290	0.08396	0.01186	0.03152	0.00901	0.00566	0.00494	0.00158	0.00599	0.00475	0.02237	0.00733

[dist]
# distance from previous block
# <min> <max>
1	3

[block]
# block no. 10 follows, 48 sequences, length 8
# corresponding to MSA columns:
# 327-334
name=unknown_K
#
# <colnr> <probs for GDERKNQSTAVLIFYWHMCP>
#	G	D	E	R	K	N	Q	S	T	A	V	L	I	F	Y	W	H	M	C	P
0	0.00761	0.00495	0.00599	0.00611	0.00622	0.00496	0.00375	0.00757	0.00774	0.01033	0.01638	0.07568	0.01859	0.60448	0.05276	0.11143	0.00512	0.04399	0.00316	0.00319
1	0.02978	0.12471	0.24562	0.01334	0.09307	0.01248	0.03864	0.13735	0.04876	0.01891	0.08463	0.04501	0.04416	0.00641	0.00514	0.00156	0.01923	0.00523	0.01892	0.00705
2	0.00878	0.00672	0.00843	0.00926	0.06941	0.00681	0.00615	0.04560	0.10822	0.01651	0.16281	0.22591	0.06979	0.14821	0.00935	0.00235	0.00379	0.05797	0.02875	0.00519
3	0.00970	0.05144	0.03055	0.02808	0.11472	0.00796	0.00757	0.03631	0.01196	0.05704	0.24547	0.15993	0.05074	0.07942	0.04677	0.00229	0.04223	0.00807	0.00421	0.00554
4	0.03360	0.12499	0.12487	0.02456	0.03846	0.02409	0.05210	0.07418	0.04032	0.14407	0.02766	0.05646	0.01147	0.00716	0.02618	0.00171	0.05292	0.00503	0.12336	0.00679
5	0.11737	0.01535	0.26279	0.01184	0.04304	0.04306	0.04257	0.04663	0.11688	0.01875	0.13810	0.05081	0.03926	0.00689	0.00533	0.00166	0.02375	0.00564	0.00363	0.00664
6	0.00674	0.00527	0.00579	0.00611	0.00724	0.00463	0.00425	0.00764	0.01088	0.01354	0.04076	0.26919	0.46716	0.11580	0.00890	0.00232	0.00316	0.01158	0.00469	0.00435
7	0.01133	0.00869	0.01058	0.04368	0.01269	0.00709	0.00644	0.03829	0.01079	0.05682	0.00979	0.01182	0.00804	0.00584	0.00603	0.10802	0.00411	0.00345	0.00315	0.63337

[dist]
# distance from previous block
# <min> <max>
0	14

[block]
# block no. 11 follows, 48 sequences, length 20
# corresponding to MSA columns:
# 355-357,359-363,383-390,393-396
name=unknown_L
#
# <colnr> <probs for GDERKNQSTAVLIFYWHMCP>
#	G	D	E	R	K	N	Q	S	T	A	V	L	I	F	Y	W	H	M	C	P
0	0.01537	0.01099	0.01221	0.01037	0.01351	0.01218	0.00824	0.15543	0.46983	0.15055	0.05133	0.01830	0.01514	0.00692	0.00551	0.00169	0.02336	0.00561	0.00534	0.00813
1	0.01196	0.04200	0.01339	0.01054	0.07380	0.00904	0.03799	0.09729	0.01227	0.01826	0.00949	0.01102	0.00773	0.00417	0.00412	0.00096	0.00444	0.00344	0.00318	0.62492
2	0.01395	0.01118	0.01437	0.02780	0.08929	0.03676	0.08853	0.08232	0.35309	0.10604	0.08645	0.01855	0.01568	0.00653	0.00530	0.00165	0.00493	0.00573	0.02424	0.00762
3	0.00874	0.00601	0.00680	0.00652	0.00703	0.00616	0.00413	0.09206	0.00961	0.01282	0.01693	0.08477	0.01895	0.64842	0.02184	0.00431	0.00491	0.03264	0.00350	0.00386
4	0.01289	0.01175	0.01948	0.12524	0.21938	0.01236	0.20308	0.14823	0.03635	0.01885	0.02958	0.01419	0.00938	0.00574	0.00629	0.02607	0.04464	0.00511	0.04433	0.00707
5	0.00743	0.00503	0.00585	0.00580	0.00598	0.00502	0.00344	0.00778	0.00828	0.01121	0.10121	0.03354	0.02171	0.69721	0.05640	0.00474	0.00506	0.00758	0.00338	0.00336
6	0.80123	0.01041	0.00792	0.00705	0.01023	0.03949	0.00577	0.01557	0.00912	0.04555	0.00756	0.00864	0.00581	0.00483	0.00329	0.00158	0.00417	0.00287	0.00325	0.00567
7	0.81590	0.04854	0.00846	0.00684	0.01008	0.01193	0.00571	0.01510	0.00881	0.02250	0.00714	0.00833	0.00561	0.00475	0.00318	0.00156	0.00404	0.00278	0.00313	0.00561
8	0.06981	0.01206	0.01845	0.11667	0.36547	0.03490	0.10435	0.06802	0.09731	0.03114	0.02526	0.01380	0.00940	0.00515	0.00510	0.00160	0.00609	0.00483	0.00315	0.00744
9	0.01259	0.00961	0.01129	0.00971	0.01245	0.01031	0.03725	0.11892	0.35239	0.07805	0.18024	0.02541	0.07930	0.00812	0.00553	0.00170	0.00404	0.03074	0.00523	0.00712
10	0.85592	0.00992	0.00754	0.00675	0.00992	0.01151	0.00556	0.01508	0.00873	0.02302	0.00714	0.00834	0.00556	0.00476	0.00318	0.00159	0.00397	0.00278	0.00318	0.00556
11	0.01704	0.01746	0.01582	0.02777	0.08647	0.34225	0.05751	0.16788	0.11833	0.05100	0.01133	0.01228	0.00872	0.00574	0.00544	0.00152	0.03836	0.00433	0.00360	0.00714
12	0.01377	0.01182	0.01239	0.03156	0.03328	0.09813	0.00859	0.17342	0.21968	0.05309	0.10268	0.06800	0.04569	0.00789	0.00662	0.00170	0.09408	0.00617	0.00450	0.00694
13	0.00913	0.00788	0.02887	0.00806	0.00956	0.04066	0.00637	0.01239	0.08392	0.03771	0.48075	0.03145	0.07454	0.04810	0.00801	0.00185	0.09265	0.00792	0.00487	0.00534
14	0.01367	0.01096	0.01224	0.01062	0.01331	0.01268	0.00843	0.11149	0.51382	0.06759	0.06362	0.01851	0.01563	0.00726	0.00654	0.00176	0.09346	0.00569	0.00497	0.00776
15	0.01842	0.01169	0.01389	0.01088	0.01458	0.03797	0.05380	0.32392	0.08398	0.27061	0.05458	0.01692	0.03220	0.00653	0.00522	0.00158	0.00509	0.00533	0.02475	0.00808
16	0.00684	0.00480	0.00623	0.00670	0.00742	0.00444	0.00471	0.00789	0.01104	0.01482	0.23509	0.40013	0.13293	0.01431	0.00786	0.09590	0.00298	0.02703	0.00472	0.00417
17	0.00704	0.00521	0.00634	0.00606	0.00741	0.00471	0.00454	0.00917	0.01363	0.01876	0.56262	0.04044	0.23958	0.01096	0.00596	0.00163	0.00247	0.00950	0.03925	0.00471
18	0.00707	0.00491	0.00567	0.00590	0.00617	0.00478	0.00358	0.00743	0.00840	0.01102	0.02239	0.18431	0.10639	0.56122	0.03589	0.00413	0.00451	0.00915	0.00360	0.00348
19	0.01098	0.01105	0.05382	0.13433	0.31047	0.01063	0.11744	0.03168	0.04722	0.01592	0.04529	0.05553	0.02832	0.09602	0.00768	0.00201	0.00602	0.00592	0.00302	0.00664

[dist]
# distance from previous block
# <min> <max>
1	43

# created by:
# /home/cegg/simao/soft/augustus-3.2.1/scripts/msa2prfl.pl ./align_prep/EOG091G0T79.fa
