[name]
unknown

[dist]
# distance from previous block
# <min> <max>
0	233

[block]
# block no. 0 follows, 55 sequences, length 27
# corresponding to MSA columns:
# 240-266
name=unknown_A
#
# <colnr> <probs for GDERKNQSTAVLIFYWHMCP>
#	G	D	E	R	K	N	Q	S	T	A	V	L	I	F	Y	W	H	M	C	P
0	0.02365	0.01933	0.54989	0.01168	0.01706	0.04842	0.01376	0.01501	0.07858	0.02772	0.01207	0.01475	0.04209	0.00598	0.01938	0.00159	0.00619	0.05180	0.00258	0.03849
1	0.01318	0.14967	0.04445	0.00931	0.01259	0.06003	0.00791	0.17579	0.29647	0.05294	0.06114	0.01408	0.01193	0.00558	0.00434	0.00134	0.00450	0.00437	0.00394	0.06642
2	0.01115	0.42282	0.23977	0.01003	0.01433	0.01430	0.03951	0.04093	0.00999	0.02528	0.00982	0.04525	0.03819	0.00519	0.00453	0.00129	0.05537	0.00379	0.00234	0.00610
3	0.01191	0.27373	0.33230	0.01040	0.01517	0.04710	0.01140	0.07054	0.05645	0.06403	0.05752	0.01144	0.00920	0.00488	0.00408	0.00131	0.00558	0.00366	0.00277	0.00655
4	0.11314	0.07833	0.03852	0.01424	0.02945	0.01115	0.41843	0.01464	0.05816	0.04168	0.01188	0.04047	0.04615	0.00501	0.00504	0.00149	0.02627	0.00511	0.00280	0.03804
5	0.01322	0.11869	0.08125	0.01429	0.01840	0.14205	0.36512	0.02772	0.02468	0.10451	0.01000	0.01163	0.00747	0.00443	0.00469	0.00139	0.00674	0.00440	0.03300	0.00630
6	0.00990	0.00908	0.01507	0.45192	0.25252	0.01020	0.04127	0.04558	0.01052	0.01430	0.05720	0.01363	0.00913	0.00484	0.00467	0.00147	0.00564	0.00446	0.03271	0.00588
7	0.00797	0.00748	0.00894	0.03608	0.04811	0.09218	0.06331	0.00984	0.03800	0.01304	0.06886	0.38380	0.15940	0.01081	0.00548	0.00167	0.00393	0.03268	0.00386	0.00455
8	0.00879	0.00827	0.01395	0.82532	0.03204	0.01034	0.01292	0.01189	0.00930	0.01189	0.00827	0.01240	0.00620	0.00465	0.00465	0.00155	0.00620	0.00413	0.00207	0.00517
9	0.00683	0.00449	0.00513	0.00513	0.00513	0.00449	0.00288	0.00673	0.00673	0.00897	0.01431	0.02959	0.01645	0.79334	0.02339	0.04977	0.00449	0.00662	0.00278	0.00278
10	0.01029	0.01284	0.10210	0.01759	0.02211	0.01087	0.63317	0.01407	0.01075	0.01463	0.01181	0.05340	0.03937	0.00494	0.00542	0.00158	0.00723	0.01921	0.00252	0.00609
11	0.00738	0.00531	0.00654	0.00627	0.00748	0.00505	0.00464	0.06177	0.02460	0.03231	0.46477	0.19568	0.12487	0.02484	0.00581	0.00161	0.00261	0.00912	0.00480	0.00454
12	0.00933	0.02406	0.81240	0.01326	0.02014	0.01080	0.01719	0.01473	0.00982	0.01473	0.00835	0.00982	0.00589	0.00442	0.00442	0.00147	0.00688	0.00344	0.00196	0.00688
13	0.00567	0.00405	0.00540	0.00648	0.00675	0.00378	0.00432	0.00648	0.00891	0.01188	0.02564	0.83347	0.03077	0.01457	0.00594	0.00189	0.00270	0.01323	0.00432	0.00378
14	0.00933	0.02406	0.81240	0.01326	0.02014	0.01080	0.01719	0.01473	0.00982	0.01473	0.00835	0.00982	0.00589	0.00442	0.00442	0.00147	0.00688	0.00344	0.00196	0.00688
15	0.00677	0.00451	0.00507	0.00507	0.00507	0.00451	0.00282	0.00677	0.00677	0.00902	0.01466	0.03044	0.01691	0.83650	0.02368	0.00451	0.00451	0.00677	0.00282	0.00282
16	0.00655	0.00475	0.00617	0.00582	0.00693	0.00438	0.00436	0.00871	0.01309	0.01847	0.78160	0.03506	0.06744	0.00958	0.00549	0.00147	0.00220	0.00846	0.00510	0.00438
17	0.01098	0.01255	0.02745	0.01961	0.02431	0.01176	0.79059	0.01490	0.01098	0.01490	0.00941	0.01255	0.00706	0.00392	0.00549	0.00157	0.00784	0.00549	0.00235	0.00627
18	0.00980	0.00503	0.00523	0.00491	0.00628	0.00507	0.00376	0.05884	0.01066	0.05593	0.01508	0.01690	0.01166	0.00545	0.00341	0.00112	0.00243	0.00434	0.76938	0.00472
19	0.00570	0.00406	0.00539	0.00644	0.00670	0.00380	0.00427	0.00649	0.00884	0.01179	0.02531	0.80920	0.03035	0.03942	0.00647	0.00197	0.00275	0.01303	0.00427	0.00375
20	0.06470	0.00836	0.01083	0.00835	0.01192	0.00760	0.00690	0.08039	0.01368	0.71058	0.01719	0.01505	0.01091	0.00567	0.00458	0.00144	0.00403	0.00453	0.00552	0.00777
21	0.01738	0.02217	0.01318	0.01199	0.01438	0.81783	0.00899	0.01858	0.01318	0.01139	0.00719	0.00839	0.00599	0.00479	0.00419	0.00120	0.00839	0.00300	0.00240	0.00539
22	0.00965	0.00827	0.00965	0.00689	0.01102	0.00620	0.00551	0.01171	0.00965	0.01516	0.00827	0.00965	0.00689	0.00345	0.00345	0.00069	0.00345	0.00276	0.00276	0.86494
23	0.01557	0.01928	0.01488	0.03287	0.01562	0.60962	0.09399	0.01709	0.01209	0.01176	0.00732	0.00916	0.00613	0.00512	0.00574	0.00135	0.11121	0.00343	0.00234	0.00545
24	0.00665	0.00498	0.00748	0.00748	0.00831	0.00582	0.00582	0.00831	0.00748	0.01080	0.01246	0.01828	0.01163	0.03489	0.81807	0.00748	0.01246	0.00498	0.00249	0.00415
25	0.00566	0.00408	0.00537	0.00640	0.00673	0.00379	0.00429	0.00649	0.00898	0.01191	0.02656	0.79989	0.06376	0.01446	0.00592	0.00188	0.00268	0.01308	0.00432	0.00379
26	0.01575	0.01912	0.01295	0.01167	0.01382	0.61436	0.00891	0.01853	0.11830	0.01245	0.00864	0.00981	0.00711	0.00539	0.00557	0.00135	0.10454	0.00343	0.00267	0.00562

[dist]
# distance from previous block
# <min> <max>
0	2

[block]
# block no. 1 follows, 55 sequences, length 30
# corresponding to MSA columns:
# 269-298
name=unknown_B
#
# <colnr> <probs for GDERKNQSTAVLIFYWHMCP>
#	G	D	E	R	K	N	Q	S	T	A	V	L	I	F	Y	W	H	M	C	P
0	0.05973	0.00813	0.01072	0.00826	0.01183	0.00725	0.00682	0.04717	0.01334	0.74913	0.01758	0.01530	0.01110	0.00569	0.00459	0.00144	0.00398	0.00456	0.00559	0.00778
1	0.01098	0.01255	0.02745	0.01961	0.02431	0.01176	0.79059	0.01490	0.01098	0.01490	0.00941	0.01255	0.00706	0.00392	0.00549	0.00157	0.00784	0.00549	0.00235	0.00627
2	0.00887	0.00838	0.01397	0.77675	0.03086	0.01057	0.01276	0.01185	0.00917	0.01185	0.00814	0.01227	0.00620	0.00486	0.00529	0.00158	0.05529	0.00413	0.00207	0.00516
3	0.83413	0.04314	0.00756	0.00619	0.00912	0.01076	0.00516	0.01369	0.00798	0.02046	0.00648	0.00755	0.00508	0.00430	0.00288	0.00142	0.00366	0.00252	0.00284	0.00508
4	0.00695	0.00541	0.00741	0.00738	0.00818	0.02773	0.00563	0.00845	0.00757	0.01065	0.01252	0.01911	0.01195	0.10641	0.72430	0.00704	0.01163	0.00509	0.00252	0.00407
5	0.00648	0.00441	0.00525	0.00559	0.00570	0.00433	0.00340	0.00678	0.00750	0.00999	0.01807	0.25587	0.02113	0.57835	0.01812	0.00370	0.00400	0.03490	0.00329	0.00314
6	0.01109	0.04074	0.01825	0.16250	0.64743	0.01120	0.01382	0.01386	0.01033	0.01448	0.00859	0.01152	0.00712	0.00422	0.00455	0.00140	0.00562	0.00408	0.00225	0.00695
7	0.01186	0.60854	0.21798	0.00936	0.01405	0.01639	0.01026	0.04246	0.01000	0.01255	0.00710	0.00818	0.00602	0.00415	0.00340	0.00113	0.00545	0.00278	0.00208	0.00626
8	0.01301	0.01107	0.01726	0.03345	0.23640	0.01086	0.18036	0.19346	0.02453	0.06756	0.01010	0.01170	0.00767	0.00444	0.00461	0.00131	0.00546	0.00425	0.00318	0.15931
9	0.01396	0.00933	0.01014	0.00871	0.02874	0.05767	0.00672	0.09336	0.23074	0.21465	0.05275	0.01564	0.01254	0.00567	0.00437	0.00132	0.00392	0.00459	0.11897	0.10621
10	0.00677	0.00451	0.00507	0.00507	0.00507	0.00451	0.00282	0.00677	0.00677	0.00902	0.01466	0.03044	0.01691	0.83650	0.02368	0.00451	0.00451	0.00677	0.00282	0.00282
11	0.00603	0.00471	0.00546	0.00532	0.00662	0.00415	0.00397	0.00769	0.01179	0.01549	0.41272	0.06310	0.41477	0.01077	0.00551	0.00153	0.00229	0.00924	0.00471	0.00415
12	0.01738	0.02217	0.01318	0.01199	0.01438	0.81783	0.00899	0.01858	0.01318	0.01139	0.00719	0.00839	0.00599	0.00479	0.00419	0.00120	0.00839	0.00300	0.00240	0.00539
13	0.00665	0.00498	0.00748	0.00748	0.00831	0.00582	0.00582	0.00831	0.00748	0.01080	0.01246	0.01828	0.01163	0.03489	0.81807	0.00748	0.01246	0.00498	0.00249	0.00415
14	0.00570	0.00409	0.00541	0.00641	0.00674	0.00380	0.00430	0.00656	0.00910	0.01213	0.05339	0.78473	0.05174	0.01432	0.00591	0.00187	0.00267	0.01297	0.00435	0.00380
15	0.01167	0.06114	0.03563	0.02573	0.68180	0.03917	0.01360	0.01428	0.01045	0.01463	0.00844	0.01107	0.00715	0.00434	0.00495	0.00138	0.04120	0.00399	0.00227	0.00711
16	0.00665	0.00498	0.00748	0.00748	0.00831	0.00582	0.00582	0.00831	0.00748	0.01080	0.01246	0.01828	0.01163	0.03489	0.81807	0.00748	0.01246	0.00498	0.00249	0.00415
17	0.00567	0.00405	0.00540	0.00648	0.00675	0.00378	0.00432	0.00648	0.00891	0.01188	0.02564	0.83347	0.03077	0.01457	0.00594	0.00189	0.00270	0.01323	0.00432	0.00378
18	0.00748	0.00697	0.01292	0.01093	0.01274	0.00651	0.27320	0.00936	0.00966	0.01293	0.02061	0.53358	0.04146	0.01086	0.00577	0.00177	0.00445	0.01050	0.00365	0.00464
19	0.00680	0.00519	0.00768	0.00760	0.00836	0.00613	0.00590	0.00838	0.00744	0.01076	0.01227	0.01835	0.01158	0.06119	0.75688	0.00714	0.04673	0.00501	0.00248	0.00415
20	0.00808	0.00404	0.00606	0.00606	0.00606	0.00404	0.00404	0.00606	0.00606	0.00808	0.00808	0.01414	0.00808	0.01616	0.01818	0.86465	0.00404	0.00404	0.00202	0.00202
21	0.01134	0.01088	0.01857	0.07919	0.75821	0.01101	0.01419	0.01413	0.01051	0.01499	0.00872	0.01157	0.00729	0.00418	0.00461	0.00139	0.00557	0.00414	0.00229	0.00723
22	0.01029	0.12076	0.51780	0.03140	0.09076	0.01192	0.07067	0.03039	0.04640	0.01477	0.00877	0.01031	0.00655	0.00442	0.00436	0.00142	0.00639	0.00365	0.00221	0.00677
23	0.01121	0.00884	0.01144	0.00895	0.04863	0.00720	0.05308	0.04919	0.01067	0.08826	0.00941	0.01054	0.00739	0.00382	0.00379	0.00087	0.00393	0.00322	0.00307	0.65649
24	0.01030	0.10421	0.62240	0.01324	0.04110	0.02938	0.05248	0.01510	0.02222	0.03545	0.00862	0.01001	0.00628	0.00442	0.00434	0.00142	0.00660	0.00351	0.00215	0.00677
25	0.00668	0.00500	0.00748	0.00752	0.00836	0.00580	0.00589	0.00836	0.00761	0.01093	0.01298	0.01972	0.01227	0.03396	0.78369	0.00725	0.01211	0.03765	0.00257	0.00416
26	0.01925	0.00797	0.01056	0.00823	0.01160	0.00715	0.00675	0.05695	0.04110	0.68314	0.08170	0.01720	0.01406	0.00607	0.00474	0.00144	0.00386	0.00498	0.00562	0.00761
27	0.01083	0.01029	0.01722	0.17265	0.58303	0.01097	0.01341	0.01351	0.01007	0.01435	0.00864	0.01174	0.00719	0.00457	0.00538	0.00145	0.06749	0.00414	0.02633	0.00671
28	0.00670	0.00479	0.00647	0.00647	0.00696	0.00527	0.00456	0.00766	0.00718	0.01006	0.01338	0.02336	0.01384	0.36997	0.48601	0.00624	0.00914	0.00573	0.00263	0.00360
29	0.00572	0.00412	0.00542	0.00637	0.00674	0.00382	0.00429	0.00662	0.00923	0.01231	0.07308	0.75333	0.06341	0.01416	0.00589	0.00185	0.00265	0.01280	0.00437	0.00382

[dist]
# distance from previous block
# <min> <max>
0	45

[block]
# block no. 2 follows, 55 sequences, length 56
# corresponding to MSA columns:
# 361-403,410-422
name=unknown_C
#
# <colnr> <probs for GDERKNQSTAVLIFYWHMCP>
#	G	D	E	R	K	N	Q	S	T	A	V	L	I	F	Y	W	H	M	C	P
0	0.01119	0.01064	0.01809	0.06623	0.73101	0.01074	0.01388	0.01394	0.01054	0.01498	0.00950	0.01355	0.00826	0.00459	0.00470	0.00143	0.00550	0.04175	0.00239	0.00711
1	0.00665	0.00495	0.00733	0.00733	0.00811	0.00573	0.00563	0.00821	0.00743	0.01069	0.01260	0.01903	0.01196	0.08464	0.76877	0.00729	0.01197	0.00509	0.00251	0.00407
2	0.00965	0.00827	0.00965	0.00689	0.01102	0.00620	0.00551	0.01171	0.00965	0.01516	0.00827	0.00965	0.00689	0.00345	0.00345	0.00069	0.00345	0.00276	0.00276	0.86494
3	0.00946	0.00925	0.01760	0.01413	0.01694	0.00916	0.38509	0.01275	0.03604	0.01442	0.01604	0.02966	0.01567	0.00807	0.00643	0.00184	0.05346	0.33536	0.00324	0.00539
4	0.00901	0.00466	0.00470	0.00458	0.00576	0.00472	0.00346	0.04028	0.01021	0.01780	0.01503	0.01711	0.01177	0.00543	0.00330	0.00110	0.00228	0.00433	0.83001	0.00447
5	0.00567	0.00405	0.00540	0.00648	0.00675	0.00378	0.00432	0.00648	0.00891	0.01188	0.02564	0.83347	0.03077	0.01457	0.00594	0.00189	0.00270	0.01323	0.00432	0.00378
6	0.00877	0.00813	0.01154	0.01034	0.01063	0.01090	0.00843	0.01000	0.00732	0.01109	0.00913	0.04800	0.00906	0.01764	0.29157	0.00390	0.51179	0.00478	0.00229	0.00471
7	0.00698	0.00475	0.00577	0.00608	0.00638	0.00475	0.00416	0.00759	0.00790	0.01043	0.01752	0.03677	0.01974	0.60004	0.01873	0.00383	0.00445	0.22765	0.00324	0.00324
8	0.00569	0.00406	0.00542	0.00646	0.00675	0.00379	0.00432	0.00653	0.00901	0.01203	0.04362	0.81504	0.03107	0.01446	0.00593	0.00188	0.00269	0.01311	0.00434	0.00379
9	0.01096	0.45279	0.39799	0.01047	0.01583	0.01480	0.01234	0.01431	0.00963	0.01274	0.00736	0.00858	0.00593	0.00419	0.00367	0.00122	0.00588	0.00294	0.00198	0.00640
10	0.00579	0.00425	0.00591	0.00678	0.00715	0.00396	0.02249	0.00667	0.00895	0.01195	0.02527	0.81450	0.03022	0.01433	0.00593	0.00188	0.00282	0.01305	0.00427	0.00384
11	0.00567	0.00405	0.00540	0.00648	0.00675	0.00378	0.00432	0.00648	0.00891	0.01188	0.02564	0.83347	0.03077	0.01457	0.00594	0.00189	0.00270	0.01323	0.00432	0.00378
12	0.01098	0.01255	0.02745	0.01961	0.02431	0.01176	0.79059	0.01490	0.01098	0.01490	0.00941	0.01255	0.00706	0.00392	0.00549	0.00157	0.00784	0.00549	0.00235	0.00627
13	0.00849	0.00660	0.00905	0.00840	0.00953	0.00785	0.00667	0.11363	0.00937	0.01332	0.01163	0.01648	0.01056	0.02818	0.62561	0.00610	0.09625	0.00478	0.00273	0.00475
14	0.00941	0.02351	0.77432	0.01357	0.02034	0.01085	0.05470	0.01474	0.00988	0.01474	0.00840	0.00995	0.00595	0.00440	0.00447	0.00148	0.00692	0.00354	0.00198	0.00685
15	0.01169	0.01181	0.07892	0.01189	0.01305	0.04759	0.01036	0.05843	0.00895	0.07532	0.00759	0.01058	0.00661	0.00736	0.01246	0.00187	0.61337	0.00403	0.00249	0.00563
16	0.00677	0.00451	0.00507	0.00507	0.00507	0.00451	0.00282	0.00677	0.00677	0.00902	0.01466	0.03044	0.01691	0.83650	0.02368	0.00451	0.00451	0.00677	0.00282	0.00282
17	0.00879	0.00827	0.01395	0.82532	0.03204	0.01034	0.01292	0.01189	0.00930	0.01189	0.00827	0.01240	0.00620	0.00465	0.00465	0.00155	0.00620	0.00413	0.00207	0.00517
18	0.01060	0.01003	0.01598	0.46051	0.29231	0.04969	0.04172	0.01348	0.01012	0.03883	0.00875	0.01202	0.00679	0.00450	0.00465	0.00147	0.00607	0.00415	0.00229	0.00605
19	0.00940	0.02364	0.78627	0.01376	0.04606	0.01081	0.01709	0.01472	0.00985	0.01475	0.00836	0.00988	0.00594	0.00441	0.00443	0.00147	0.00683	0.00346	0.00198	0.00689
20	0.00591	0.00428	0.00530	0.00594	0.00661	0.00391	0.00411	0.00703	0.00979	0.01312	0.12120	0.53810	0.18448	0.01292	0.00565	0.00173	0.00254	0.01149	0.05198	0.00391
21	0.03571	0.00559	0.00692	0.00637	0.00783	0.00536	0.00493	0.05874	0.01327	0.05382	0.60833	0.03313	0.07870	0.00925	0.00537	0.00150	0.00263	0.05283	0.00496	0.00476
22	0.01695	0.01942	0.01357	0.01226	0.03986	0.59200	0.00918	0.17758	0.01463	0.01520	0.00802	0.00914	0.00644	0.00508	0.00477	0.00128	0.04249	0.00332	0.00284	0.00596
23	0.04227	0.00982	0.01136	0.00891	0.01233	0.05211	0.00728	0.17644	0.04344	0.47608	0.01500	0.01387	0.01002	0.00617	0.02230	0.00152	0.01893	0.00432	0.00491	0.06294
24	0.01103	0.01181	0.02361	0.01697	0.02137	0.01110	0.60577	0.04733	0.01109	0.01542	0.00919	0.01195	0.00703	0.00407	0.00550	0.00144	0.03733	0.00496	0.00250	0.14053
25	0.00919	0.00484	0.00492	0.00488	0.00601	0.00473	0.00361	0.01118	0.01034	0.01797	0.05952	0.01910	0.01424	0.00605	0.00366	0.00122	0.00240	0.00476	0.80670	0.00467
26	0.01635	0.00809	0.00981	0.00800	0.01093	0.00795	0.00645	0.08579	0.17147	0.43334	0.03393	0.01640	0.01250	0.00588	0.00446	0.00140	0.00366	0.00477	0.15170	0.00712
27	0.01133	0.01087	0.01855	0.08186	0.75560	0.01101	0.01419	0.01412	0.01051	0.01498	0.00872	0.01157	0.00729	0.00418	0.00461	0.00139	0.00557	0.00414	0.00229	0.00722
28	0.00677	0.00451	0.00507	0.00507	0.00507	0.00451	0.00282	0.00677	0.00677	0.00902	0.01466	0.03044	0.01691	0.83650	0.02368	0.00451	0.00451	0.00677	0.00282	0.00282
29	0.00561	0.00475	0.00487	0.00493	0.00647	0.00401	0.00375	0.00684	0.01061	0.01264	0.04588	0.04520	0.76242	0.01184	0.00555	0.00160	0.00246	0.05230	0.00432	0.00395
30	0.01175	0.65754	0.20007	0.00914	0.01377	0.01671	0.01002	0.01411	0.00954	0.01179	0.00689	0.00799	0.00595	0.00408	0.00330	0.00110	0.00540	0.00270	0.00198	0.00617
31	0.01137	0.55863	0.29568	0.00978	0.01476	0.01579	0.01114	0.01421	0.00958	0.01225	0.00712	0.00827	0.00594	0.00413	0.00348	0.00116	0.00563	0.00281	0.00198	0.00628
32	0.01098	0.01255	0.02745	0.01961	0.02431	0.01176	0.79059	0.01490	0.01098	0.01490	0.00941	0.01255	0.00706	0.00392	0.00549	0.00157	0.00784	0.00549	0.00235	0.00627
33	0.01250	0.01141	0.02364	0.01714	0.02148	0.01061	0.61878	0.01597	0.01137	0.15073	0.01168	0.01505	0.00878	0.00467	0.00540	0.00157	0.00701	0.04274	0.00303	0.00646
34	0.00564	0.00441	0.00512	0.00559	0.00654	0.00389	0.00394	0.00671	0.00998	0.01261	0.08181	0.40572	0.40567	0.01293	0.00570	0.00171	0.00250	0.01130	0.00437	0.00389
35	0.00567	0.00405	0.00540	0.00648	0.00675	0.00378	0.00432	0.00648	0.00891	0.01188	0.02564	0.83347	0.03077	0.01457	0.00594	0.00189	0.00270	0.01323	0.00432	0.00378
36	0.00863	0.00814	0.01179	0.01056	0.01089	0.01045	0.04613	0.00972	0.00794	0.01161	0.01312	0.29915	0.01481	0.01019	0.01152	0.00196	0.49848	0.00735	0.00285	0.00469
37	0.00808	0.00404	0.00606	0.00606	0.00606	0.00404	0.00404	0.00606	0.00606	0.00808	0.00808	0.01414	0.00808	0.01616	0.01818	0.86465	0.00404	0.00404	0.00202	0.00202
38	0.01094	0.01244	0.02682	0.01926	0.02374	0.01188	0.75347	0.01473	0.01080	0.01473	0.00925	0.01244	0.00701	0.00412	0.00596	0.00159	0.04686	0.00542	0.00234	0.00622
39	0.00930	0.00888	0.01243	0.01093	0.01106	0.01209	0.00893	0.01035	0.00724	0.01107	0.00834	0.05146	0.00858	0.05239	0.12819	0.00291	0.63404	0.00477	0.00225	0.00478
40	0.00722	0.00590	0.00778	0.00772	0.00863	0.04927	0.00598	0.00886	0.00778	0.01083	0.01218	0.01775	0.01133	0.03328	0.77452	0.00714	0.01224	0.00488	0.00249	0.00422
41	0.01269	0.01029	0.01133	0.00978	0.01257	0.01162	0.02448	0.17742	0.56219	0.03879	0.01753	0.04688	0.01361	0.00655	0.00481	0.00156	0.00404	0.02193	0.00466	0.00726
42	0.00913	0.00881	0.01548	0.71003	0.06818	0.01051	0.08768	0.01229	0.00952	0.01233	0.00840	0.01237	0.00634	0.00456	0.00473	0.00154	0.00633	0.00427	0.00211	0.00538
43	0.01086	0.01011	0.01653	0.31464	0.45563	0.01099	0.01324	0.05541	0.03986	0.01492	0.00908	0.01203	0.00723	0.00448	0.00463	0.00145	0.00568	0.00418	0.00243	0.00660
44	0.00893	0.00842	0.01422	0.78269	0.07353	0.01037	0.01299	0.01201	0.00937	0.01206	0.00829	0.01236	0.00626	0.00462	0.00465	0.00154	0.00617	0.00413	0.00208	0.00529
45	0.00964	0.00752	0.00882	0.04302	0.01115	0.00808	0.00695	0.05768	0.29806	0.04229	0.05317	0.04958	0.13791	0.00925	0.00540	0.00173	0.00378	0.23581	0.00446	0.00570
46	0.00978	0.02729	0.01669	0.52538	0.23504	0.01083	0.08325	0.01283	0.00980	0.01301	0.00846	0.01208	0.00658	0.00444	0.00468	0.00150	0.00615	0.00422	0.00215	0.00586
47	0.00739	0.00520	0.00673	0.00712	0.00789	0.00526	0.00513	0.00956	0.07944	0.05610	0.11187	0.55871	0.02844	0.01243	0.00618	0.00181	0.04211	0.03976	0.00441	0.00447
48	0.00833	0.00753	0.01319	0.01150	0.04648	0.00735	0.23613	0.01071	0.03662	0.03135	0.09022	0.33615	0.06379	0.03124	0.00653	0.00177	0.04363	0.00888	0.00363	0.00498
49	0.01142	0.01170	0.03922	0.01573	0.01978	0.03181	0.51941	0.05986	0.04934	0.05674	0.05497	0.02967	0.04799	0.00511	0.00527	0.00152	0.00653	0.00569	0.00305	0.02520
50	0.01370	0.03894	0.12012	0.01002	0.02467	0.05912	0.04183	0.12174	0.06548	0.21202	0.01446	0.10328	0.01199	0.00641	0.00468	0.00142	0.00481	0.04175	0.00395	0.09960
51	0.06850	0.00878	0.02986	0.02863	0.03941	0.00836	0.13459	0.07256	0.02367	0.17615	0.05338	0.16203	0.01489	0.00727	0.00539	0.00154	0.04047	0.04353	0.00387	0.07712
52	0.04462	0.05612	0.04981	0.00896	0.01233	0.05253	0.02113	0.12043	0.06963	0.39046	0.05387	0.05076	0.02290	0.00609	0.00459	0.00142	0.00441	0.00492	0.00466	0.02036
53	0.04571	0.15818	0.32641	0.05579	0.08041	0.01171	0.02928	0.04558	0.06263	0.10059	0.02216	0.01124	0.00786	0.00470	0.00422	0.00138	0.00558	0.00373	0.00280	0.02005
54	0.01169	0.01179	0.03032	0.03245	0.04801	0.07926	0.38070	0.07440	0.04576	0.04558	0.01185	0.08943	0.01019	0.00551	0.00507	0.00148	0.00626	0.02578	0.00302	0.08145
55	0.09104	0.00994	0.01361	0.01122	0.03967	0.06451	0.18184	0.06254	0.06288	0.10757	0.09516	0.04524	0.09319	0.00640	0.00534	0.00148	0.04659	0.00559	0.00364	0.05256

[dist]
# distance from previous block
# <min> <max>
0	141

# created by:
# /home/cegg/simao/soft/augustus-3.2.1/scripts/msa2prfl.pl ./align_prep/EOG091G0VGJ.fa
