[name]
unknown

[dist]
# distance from previous block
# <min> <max>
0	23

[block]
# block no. 0 follows, 54 sequences, length 12
# corresponding to MSA columns:
# 23-27,39-45
name=unknown_A
#
# <colnr> <probs for GDERKNQSTAVLIFYWHMCP>
#	G	D	E	R	K	N	Q	S	T	A	V	L	I	F	Y	W	H	M	C	P
0	0.08060	0.06971	0.13076	0.01125	0.06273	0.01075	0.05182	0.10839	0.09050	0.07355	0.10178	0.01695	0.01339	0.00622	0.00545	0.00151	0.06676	0.05496	0.00355	0.03937
1	0.01065	0.13665	0.53845	0.01370	0.08597	0.05284	0.01478	0.01564	0.06174	0.01457	0.00887	0.01019	0.00667	0.00454	0.00430	0.00141	0.00644	0.00351	0.00223	0.00684
2	0.01720	0.09203	0.01439	0.01171	0.01437	0.69421	0.00901	0.06896	0.01361	0.01269	0.00749	0.00861	0.00620	0.00484	0.00418	0.00121	0.00799	0.00307	0.00254	0.00568
3	0.00587	0.00479	0.00518	0.00509	0.00655	0.00411	0.00381	0.00734	0.01144	0.01439	0.24942	0.04266	0.60029	0.01133	0.00557	0.00156	0.00234	0.00957	0.00460	0.00411
4	0.00691	0.00469	0.00560	0.00569	0.00587	0.00478	0.00357	0.00726	0.00727	0.00975	0.01550	0.03154	0.01746	0.68312	0.10220	0.00467	0.00536	0.07267	0.00295	0.00312
5	0.00590	0.00423	0.00554	0.00646	0.00684	0.00395	0.00437	0.00682	0.00931	0.01241	0.07484	0.69394	0.05783	0.05319	0.00684	0.00201	0.00282	0.03448	0.00435	0.00384
6	0.00686	0.00457	0.00514	0.00514	0.00514	0.00457	0.00286	0.00686	0.00686	0.00914	0.01486	0.03086	0.01714	0.83430	0.02400	0.00457	0.00457	0.00686	0.00286	0.00286
7	0.00634	0.00481	0.00589	0.00572	0.00695	0.00436	0.00431	0.00821	0.01222	0.01652	0.51182	0.06048	0.26972	0.01128	0.02806	0.00172	0.00263	0.02984	0.00483	0.00428
8	0.00978	0.00838	0.00978	0.00698	0.01117	0.00629	0.00559	0.01187	0.00978	0.01536	0.00838	0.00978	0.00698	0.00349	0.00349	0.00070	0.00349	0.00279	0.00279	0.86312
9	0.01761	0.02247	0.01336	0.01215	0.01458	0.81537	0.00911	0.01883	0.01336	0.01154	0.00729	0.00850	0.00607	0.00486	0.00425	0.00121	0.00850	0.00304	0.00243	0.00547
10	0.00576	0.00440	0.00531	0.00601	0.00679	0.00395	0.00422	0.00676	0.00971	0.01237	0.03368	0.52104	0.30523	0.01370	0.00588	0.00181	0.00268	0.04243	0.00438	0.00390
11	0.00557	0.00478	0.00478	0.00478	0.00637	0.00398	0.00358	0.00677	0.01075	0.01274	0.04776	0.04538	0.80297	0.01194	0.00557	0.00159	0.00239	0.00995	0.00438	0.00398

[dist]
# distance from previous block
# <min> <max>
1	32

[block]
# block no. 1 follows, 54 sequences, length 101
# corresponding to MSA columns:
# 90-190
name=unknown_B
#
# <colnr> <probs for GDERKNQSTAVLIFYWHMCP>
#	G	D	E	R	K	N	Q	S	T	A	V	L	I	F	Y	W	H	M	C	P
0	0.00675	0.00501	0.00739	0.00739	0.00817	0.00579	0.00566	0.00830	0.00752	0.01081	0.01280	0.01947	0.01220	0.09700	0.75454	0.00735	0.01201	0.00519	0.00255	0.00411
1	0.17432	0.00779	0.00932	0.00769	0.01059	0.00750	0.00617	0.03386	0.04496	0.47272	0.03826	0.07336	0.01338	0.05847	0.00576	0.00170	0.00386	0.01871	0.00490	0.00668
2	0.00890	0.00838	0.01414	0.82296	0.03247	0.01048	0.01309	0.01205	0.00943	0.01205	0.00838	0.01257	0.00629	0.00471	0.00471	0.00157	0.00629	0.00419	0.00210	0.00524
3	0.00582	0.00479	0.00511	0.00503	0.00652	0.00408	0.00377	0.00724	0.01132	0.01410	0.21475	0.04313	0.63514	0.01143	0.00557	0.00157	0.00235	0.00964	0.00456	0.00408
4	0.00621	0.00474	0.00549	0.00549	0.00673	0.00417	0.00403	0.00769	0.01136	0.02592	0.30054	0.15693	0.40909	0.02297	0.00588	0.00164	0.00244	0.00986	0.00465	0.00416
5	0.00597	0.00417	0.00540	0.00632	0.00658	0.00394	0.00415	0.00673	0.00878	0.01183	0.02427	0.70599	0.02885	0.11882	0.00823	0.00223	0.00295	0.01231	0.02876	0.00372
6	0.03798	0.00818	0.01048	0.00835	0.01165	0.02503	0.00677	0.02155	0.05318	0.67266	0.01867	0.07728	0.01301	0.00649	0.00479	0.00150	0.00399	0.00534	0.00553	0.00756
7	0.00660	0.00463	0.00533	0.00562	0.00659	0.00415	0.00391	0.00756	0.00968	0.04658	0.03291	0.32958	0.35107	0.12304	0.00809	0.00209	0.00287	0.01038	0.03535	0.00396
8	0.02625	0.00512	0.00590	0.00565	0.00719	0.00452	0.00425	0.00902	0.01152	0.08844	0.25849	0.11441	0.42037	0.01082	0.00548	0.00158	0.00255	0.00923	0.00471	0.00450
9	0.01885	0.01171	0.01323	0.01014	0.01388	0.01241	0.00838	0.56835	0.01967	0.25406	0.01342	0.01268	0.00907	0.00571	0.00472	0.00143	0.00485	0.00439	0.00504	0.00802
10	0.00725	0.00466	0.00537	0.00538	0.00555	0.00461	0.00318	0.00745	0.00733	0.03164	0.01585	0.07555	0.01792	0.72700	0.02157	0.00420	0.00440	0.02615	0.02183	0.00312
11	0.00690	0.00492	0.00727	0.00727	0.00797	0.00561	0.00551	0.00807	0.00738	0.01053	0.01227	0.01880	0.01171	0.08153	0.67951	0.10209	0.01120	0.00505	0.00249	0.00389
12	0.00669	0.00468	0.00601	0.00613	0.00646	0.00492	0.00407	0.00739	0.00750	0.01031	0.03495	0.11800	0.01765	0.45696	0.28265	0.00518	0.00696	0.00705	0.00298	0.00345
13	0.00760	0.00543	0.00760	0.00868	0.00977	0.00543	0.00760	0.00977	0.01085	0.01411	0.02496	0.05319	0.02714	0.01303	0.00651	0.00217	0.00434	0.77315	0.00434	0.00434
14	0.01038	0.00872	0.01056	0.04728	0.04174	0.00713	0.00648	0.04746	0.02110	0.02856	0.00884	0.01026	0.00719	0.00375	0.00369	0.00082	0.00379	0.00304	0.00291	0.72629
15	0.01114	0.00881	0.00971	0.00862	0.01084	0.00992	0.01756	0.10679	0.45228	0.01882	0.02600	0.01828	0.01366	0.08260	0.07590	0.00229	0.00459	0.00524	0.11054	0.00640
16	0.01380	0.18808	0.02708	0.04506	0.01315	0.35740	0.00833	0.03638	0.01135	0.01303	0.00858	0.01032	0.00717	0.00516	0.00503	0.00127	0.09129	0.00336	0.14871	0.00546
17	0.00875	0.00740	0.00982	0.00841	0.01005	0.00812	0.00673	0.01032	0.00825	0.01268	0.00975	0.01382	0.00891	0.03425	0.28128	0.01724	0.22204	0.00410	0.04741	0.27069
18	0.05580	0.00664	0.04730	0.00669	0.00837	0.00585	0.00539	0.05660	0.03472	0.02854	0.34217	0.14530	0.16769	0.02118	0.02907	0.01797	0.00326	0.00828	0.00444	0.00473
19	0.00812	0.00641	0.00784	0.04534	0.04462	0.00611	0.00567	0.01142	0.11908	0.04357	0.18048	0.13912	0.24827	0.00926	0.00518	0.00150	0.00309	0.00799	0.00427	0.10268
20	0.05028	0.00827	0.01078	0.00833	0.01187	0.00748	0.00687	0.07294	0.01375	0.70019	0.01758	0.01550	0.01121	0.00576	0.00462	0.00144	0.00401	0.00462	0.03672	0.00779
21	0.12480	0.00904	0.00986	0.00826	0.01097	0.00963	0.00665	0.24041	0.12101	0.14981	0.09516	0.01873	0.02499	0.03961	0.00535	0.00160	0.00396	0.04379	0.06988	0.00648
22	0.04194	0.00687	0.00810	0.00722	0.00873	0.00713	0.00534	0.13299	0.08971	0.08956	0.06291	0.04272	0.06922	0.13920	0.02815	0.24203	0.00418	0.00563	0.00368	0.00470
23	0.00833	0.00471	0.00502	0.00510	0.00603	0.00477	0.00366	0.01062	0.04917	0.01579	0.01675	0.09579	0.01517	0.13313	0.00688	0.00176	0.00275	0.02786	0.58244	0.00426
24	0.00674	0.00505	0.00758	0.00758	0.00842	0.00589	0.00589	0.00842	0.00758	0.01095	0.01263	0.01852	0.01179	0.03536	0.81561	0.00758	0.01263	0.00505	0.00253	0.00421
25	0.06076	0.00498	0.00583	0.00605	0.00723	0.00465	0.00452	0.00820	0.01080	0.02625	0.22514	0.25543	0.27062	0.01167	0.00560	0.00170	0.00272	0.07914	0.00451	0.00422
26	0.00682	0.00519	0.00608	0.00638	0.00749	0.00496	0.00457	0.00943	0.10686	0.02997	0.09503	0.41229	0.26273	0.01229	0.00567	0.00173	0.00274	0.01079	0.00453	0.00446
27	0.06164	0.01277	0.01364	0.01050	0.01423	0.01408	0.00868	0.71626	0.02107	0.06295	0.01139	0.01134	0.00803	0.00560	0.00463	0.00142	0.00506	0.00418	0.00467	0.00787
28	0.37408	0.00900	0.01060	0.00845	0.01172	0.00923	0.07401	0.06895	0.01157	0.29878	0.06981	0.01333	0.01069	0.00533	0.00411	0.00147	0.00415	0.00414	0.00419	0.00639
29	0.03016	0.00449	0.00563	0.00631	0.00670	0.00432	0.00419	0.00731	0.00868	0.02761	0.03293	0.55951	0.02670	0.21360	0.01029	0.00254	0.00328	0.03801	0.00401	0.00374
30	0.00606	0.00418	0.00558	0.00660	0.00694	0.00389	0.00443	0.00690	0.00912	0.02825	0.02584	0.81461	0.03079	0.01459	0.00599	0.00191	0.00276	0.01323	0.00441	0.00392
31	0.01261	0.83713	0.02471	0.00807	0.01210	0.01866	0.00807	0.01412	0.00958	0.01109	0.00656	0.00756	0.00605	0.00403	0.00303	0.00101	0.00504	0.00252	0.00202	0.00605
32	0.02051	0.00801	0.01079	0.00832	0.01186	0.00702	0.00685	0.04147	0.01364	0.75580	0.03551	0.01638	0.01231	0.00591	0.00473	0.00145	0.00397	0.00481	0.02281	0.00787
33	0.00662	0.00460	0.00542	0.00543	0.00585	0.00442	0.00344	0.00727	0.00886	0.01192	0.19672	0.10225	0.09821	0.48523	0.01645	0.01857	0.00367	0.00804	0.00364	0.00339
34	0.01261	0.83713	0.02471	0.00807	0.01210	0.01866	0.00807	0.01412	0.00958	0.01109	0.00656	0.00756	0.00605	0.00403	0.00303	0.00101	0.00504	0.00252	0.00202	0.00605
35	0.86760	0.00912	0.00693	0.00620	0.00912	0.01058	0.00511	0.01386	0.00802	0.02115	0.00657	0.00766	0.00511	0.00438	0.00292	0.00146	0.00365	0.00255	0.00292	0.00511
36	0.00954	0.00921	0.01316	0.01146	0.01171	0.01253	0.02277	0.01075	0.00740	0.01135	0.00792	0.03016	0.00783	0.01352	0.16833	0.00311	0.63755	0.00453	0.00221	0.00497
37	0.01901	0.00777	0.01043	0.00830	0.01154	0.00697	0.00678	0.02135	0.05252	0.67361	0.01855	0.01843	0.01271	0.04150	0.03327	0.00183	0.00433	0.03811	0.00548	0.00749
38	0.02115	0.00802	0.01094	0.00839	0.01204	0.00693	0.00693	0.02298	0.01350	0.80815	0.01860	0.01605	0.01167	0.00584	0.00474	0.00146	0.00401	0.00474	0.00584	0.00802
39	0.00890	0.00838	0.01414	0.82296	0.03247	0.01048	0.01309	0.01205	0.00943	0.01205	0.00838	0.01257	0.00629	0.00471	0.00471	0.00157	0.00629	0.00419	0.00210	0.00524
40	0.01111	0.00660	0.00949	0.00980	0.08057	0.00675	0.00699	0.01284	0.02068	0.21575	0.03871	0.12703	0.03303	0.01653	0.23359	0.03535	0.05446	0.07140	0.00385	0.00546
41	0.00634	0.00437	0.00539	0.00590	0.00605	0.00428	0.00368	0.00678	0.00789	0.01056	0.01995	0.40234	0.02347	0.42329	0.04552	0.00345	0.00402	0.00983	0.00355	0.00336
42	0.11886	0.03225	0.01305	0.01223	0.05388	0.66677	0.00889	0.01794	0.01254	0.01288	0.00727	0.00855	0.00603	0.00476	0.00410	0.00125	0.00772	0.00303	0.00248	0.00553
43	0.01113	0.01272	0.02782	0.01987	0.02464	0.01192	0.78776	0.01510	0.01113	0.01510	0.00954	0.01272	0.00715	0.00397	0.00556	0.00159	0.00795	0.00556	0.00238	0.00636
44	0.28677	0.01134	0.01123	0.00904	0.01236	0.01274	0.00741	0.45422	0.07863	0.02577	0.01058	0.01088	0.00775	0.00531	0.00410	0.00143	0.00448	0.00380	0.03525	0.00692
45	0.01252	0.01052	0.01110	0.00975	0.01256	0.01210	0.00765	0.12215	0.69799	0.02099	0.01819	0.01679	0.01358	0.00630	0.00479	0.00158	0.00392	0.00519	0.00479	0.00753
46	0.01090	0.01033	0.01753	0.19038	0.60660	0.01076	0.01384	0.01374	0.01047	0.01465	0.00958	0.01396	0.00822	0.00475	0.00477	0.00147	0.00568	0.04311	0.00239	0.00685
47	0.00677	0.00455	0.00521	0.00527	0.00533	0.00451	0.00302	0.00691	0.00724	0.00969	0.04337	0.08861	0.01911	0.74630	0.02206	0.00427	0.00436	0.00739	0.00305	0.00298
48	0.86760	0.00912	0.00693	0.00620	0.00912	0.01058	0.00511	0.01386	0.00802	0.02115	0.00657	0.00766	0.00511	0.00438	0.00292	0.00146	0.00365	0.00255	0.00292	0.00511
49	0.04523	0.00800	0.01076	0.00831	0.01188	0.00701	0.00686	0.02243	0.01322	0.76962	0.01814	0.01586	0.01148	0.00638	0.02084	0.00158	0.00417	0.00468	0.00569	0.00786
50	0.00722	0.00522	0.00698	0.00775	0.00879	0.00510	0.00651	0.00912	0.01073	0.01399	0.09415	0.06297	0.10691	0.07315	0.00761	0.00222	0.00395	0.55912	0.00431	0.00420
51	0.00578	0.00413	0.00551	0.00661	0.00689	0.00386	0.00444	0.00663	0.00906	0.01208	0.02597	0.81659	0.03111	0.01474	0.00603	0.00192	0.00277	0.02769	0.00438	0.00384
52	0.01261	0.83713	0.02471	0.00807	0.01210	0.01866	0.00807	0.01412	0.00958	0.01109	0.00656	0.00756	0.00605	0.00403	0.00303	0.00101	0.00504	0.00252	0.00202	0.00605
53	0.00969	0.00975	0.01960	0.01532	0.01859	0.00928	0.47042	0.01293	0.01102	0.01470	0.01581	0.02918	0.01528	0.00766	0.00595	0.00183	0.00648	0.31779	0.00318	0.00554
54	0.00579	0.00414	0.00551	0.00653	0.00685	0.00386	0.00438	0.00668	0.00925	0.01238	0.06528	0.79094	0.03186	0.01451	0.00600	0.00189	0.00271	0.01316	0.00442	0.00386
55	0.01173	0.01013	0.01066	0.00960	0.01226	0.01173	0.00746	0.02505	0.79636	0.01972	0.01919	0.01759	0.01439	0.00640	0.00480	0.00160	0.00373	0.00533	0.00480	0.00746
56	0.01261	0.83713	0.02471	0.00807	0.01210	0.01866	0.00807	0.01412	0.00958	0.01109	0.00656	0.00756	0.00605	0.00403	0.00303	0.00101	0.00504	0.00252	0.00202	0.00605
57	0.00890	0.00838	0.01414	0.82296	0.03247	0.01048	0.01309	0.01205	0.00943	0.01205	0.00838	0.01257	0.00629	0.00471	0.00471	0.00157	0.00629	0.00419	0.00210	0.00524
58	0.00927	0.00485	0.00530	0.00509	0.00641	0.00471	0.00385	0.01158	0.02807	0.07646	0.10657	0.05589	0.05158	0.00669	0.00391	0.00124	0.00240	0.00554	0.60589	0.00470
59	0.38284	0.00929	0.00945	0.00772	0.01089	0.00989	0.00634	0.16283	0.02978	0.25464	0.03461	0.01220	0.00919	0.00529	0.00393	0.00144	0.00395	0.00382	0.03539	0.00652
60	0.01200	0.01026	0.01081	0.00965	0.01236	0.01185	0.00753	0.05811	0.76287	0.02016	0.01885	0.01732	0.01412	0.00637	0.00479	0.00159	0.00379	0.00528	0.00479	0.00749
61	0.00864	0.00595	0.00778	0.00833	0.00966	0.00604	0.00701	0.02382	0.08729	0.05030	0.05179	0.10528	0.02515	0.01160	0.00601	0.00198	0.00398	0.52957	0.04499	0.00483
62	0.21155	0.00577	0.00535	0.00508	0.00672	0.00613	0.00394	0.01240	0.03123	0.04133	0.01350	0.01520	0.01049	0.00527	0.00329	0.00121	0.00263	0.00400	0.61016	0.00475
63	0.00576	0.00411	0.00547	0.00654	0.00681	0.00384	0.00435	0.00657	0.00899	0.01199	0.02580	0.81743	0.03094	0.02889	0.00633	0.00196	0.00277	0.01329	0.00435	0.00381
64	0.00704	0.00501	0.00625	0.00686	0.00765	0.00491	0.00498	0.04761	0.03704	0.01410	0.04658	0.54259	0.06728	0.01281	0.00572	0.00182	0.00301	0.10363	0.07081	0.00430
65	0.03266	0.00528	0.00681	0.00655	0.00791	0.00494	0.00513	0.01016	0.01249	0.08450	0.51835	0.07060	0.07564	0.01004	0.00559	0.00161	0.00278	0.12928	0.00497	0.00470
66	0.01161	0.01105	0.00974	0.00889	0.01096	0.19976	0.00681	0.01756	0.29447	0.04423	0.28312	0.02241	0.02294	0.00731	0.00498	0.00148	0.00438	0.02804	0.00439	0.00589
67	0.00574	0.00410	0.00547	0.00657	0.00684	0.00383	0.00438	0.00657	0.00903	0.01204	0.02599	0.83122	0.03119	0.01477	0.00602	0.00191	0.00274	0.01340	0.00438	0.00383
68	0.08232	0.00972	0.01109	0.00870	0.01202	0.00997	0.00714	0.32837	0.01610	0.33526	0.01436	0.01371	0.00976	0.00561	0.00441	0.00140	0.00423	0.00433	0.11416	0.00734
69	0.00809	0.00665	0.00873	0.00900	0.03813	0.02833	0.01808	0.02587	0.07182	0.01356	0.06710	0.23319	0.02018	0.02868	0.21319	0.00332	0.07896	0.10569	0.01670	0.00473
70	0.00648	0.00441	0.00525	0.00562	0.00572	0.00432	0.00337	0.00676	0.00759	0.01012	0.01862	0.30168	0.02189	0.55699	0.01791	0.00367	0.00395	0.00907	0.00337	0.00319
71	0.00674	0.00505	0.00758	0.00758	0.00842	0.00589	0.00589	0.00842	0.00758	0.01095	0.01263	0.01852	0.01179	0.03536	0.81561	0.00758	0.01263	0.00505	0.00253	0.00421
72	0.00975	0.00886	0.03875	0.00723	0.01136	0.00651	0.00602	0.02518	0.01018	0.01577	0.04862	0.01110	0.00886	0.00388	0.00365	0.00078	0.00358	0.00313	0.00292	0.77386
73	0.01226	0.08234	0.06609	0.21802	0.25426	0.01194	0.06626	0.12739	0.03595	0.05654	0.00973	0.01184	0.00744	0.00467	0.00459	0.00143	0.00575	0.00416	0.00283	0.01653
74	0.00806	0.00521	0.00759	0.00737	0.00828	0.00578	0.00562	0.02074	0.00795	0.06330	0.01248	0.01821	0.01146	0.06609	0.60220	0.12741	0.01039	0.00497	0.00272	0.00415
75	0.01056	0.00738	0.00893	0.00866	0.01059	0.00779	0.00708	0.05548	0.24651	0.10104	0.02263	0.08575	0.05965	0.01077	0.03504	0.00204	0.00426	0.30546	0.00460	0.00580
76	0.00669	0.00470	0.00539	0.00542	0.00584	0.00447	0.00332	0.00709	0.00791	0.01053	0.04637	0.14746	0.09906	0.56847	0.01802	0.00361	0.00396	0.00800	0.00331	0.04038
77	0.00677	0.00439	0.00589	0.00636	0.00675	0.00415	0.00431	0.00692	0.00839	0.01132	0.06608	0.42805	0.02345	0.09768	0.01106	0.23167	0.00334	0.03721	0.00359	0.03262
78	0.00671	0.00455	0.00515	0.00523	0.00534	0.00448	0.00301	0.00683	0.00722	0.00955	0.01738	0.09351	0.05800	0.72928	0.02168	0.00421	0.00432	0.00752	0.00305	0.00299
79	0.01079	0.01216	0.02632	0.01897	0.02347	0.01140	0.73395	0.01458	0.01105	0.01494	0.01098	0.04145	0.02056	0.00464	0.00560	0.00161	0.00762	0.02117	0.00252	0.00620
80	0.00613	0.00442	0.00560	0.00628	0.00680	0.00414	0.00434	0.00711	0.00946	0.01252	0.10025	0.49113	0.11359	0.13230	0.00857	0.00224	0.00305	0.07404	0.00423	0.00381
81	0.05263	0.01150	0.01239	0.00982	0.01303	0.01260	0.00799	0.61711	0.01971	0.02698	0.10074	0.06733	0.01349	0.00665	0.00482	0.00146	0.00463	0.00525	0.00467	0.00722
82	0.00777	0.00547	0.00723	0.00781	0.00907	0.00534	0.00657	0.01015	0.03880	0.04172	0.12272	0.08205	0.11998	0.01208	0.00614	0.00196	0.00375	0.50233	0.00452	0.00452
83	0.01525	0.00844	0.01006	0.00834	0.01114	0.00851	0.00673	0.15508	0.15282	0.31866	0.08952	0.02002	0.02710	0.02507	0.00522	0.00155	0.00385	0.04408	0.08164	0.00691
84	0.00574	0.00448	0.00521	0.00566	0.00663	0.00395	0.00400	0.00685	0.01019	0.01292	0.09869	0.39248	0.40039	0.01301	0.00577	0.00173	0.00253	0.01137	0.00444	0.00395
85	0.01261	0.83713	0.02471	0.00807	0.01210	0.01866	0.00807	0.01412	0.00958	0.01109	0.00656	0.00756	0.00605	0.00403	0.00303	0.00101	0.00504	0.00252	0.00202	0.00605
86	0.00589	0.00479	0.00522	0.00511	0.00656	0.00412	0.00383	0.00738	0.01150	0.01452	0.26618	0.04244	0.58344	0.01127	0.00557	0.00156	0.00234	0.00954	0.00461	0.00412
87	0.01788	0.00903	0.01103	0.00875	0.01204	0.00885	0.00710	0.17399	0.11897	0.47468	0.04697	0.01726	0.03449	0.02996	0.00535	0.00156	0.00411	0.00507	0.00533	0.00756
88	0.03268	0.00942	0.00989	0.00804	0.01067	0.01024	0.00650	0.44528	0.01670	0.02443	0.01292	0.01387	0.00966	0.00556	0.00408	0.00128	0.00390	0.00427	0.36417	0.00643
89	0.01032	0.01032	0.01444	0.01238	0.01238	0.01444	0.01032	0.01135	0.00722	0.01135	0.00619	0.01032	0.00619	0.00825	0.01547	0.00206	0.82567	0.00413	0.00206	0.00516
90	0.00819	0.00410	0.00614	0.00614	0.00614	0.00410	0.00410	0.00614	0.00614	0.00819	0.00819	0.01433	0.00819	0.01638	0.01843	0.86282	0.00410	0.00410	0.00205	0.00205
91	0.00580	0.00446	0.00519	0.00573	0.00656	0.00399	0.00398	0.00675	0.00963	0.01215	0.03443	0.40979	0.36221	0.08087	0.00732	0.00200	0.00277	0.02830	0.00425	0.00383
92	0.00912	0.00860	0.01266	0.01101	0.01152	0.01131	0.04802	0.01047	0.00752	0.01134	0.00866	0.01370	0.00836	0.04495	0.26460	0.00384	0.50264	0.00458	0.00225	0.00484
93	0.00652	0.00475	0.00635	0.00710	0.00773	0.00459	0.01694	0.00814	0.03911	0.01298	0.04746	0.56641	0.04247	0.04239	0.00660	0.00200	0.00316	0.14559	0.02559	0.00410
94	0.01000	0.01004	0.01564	0.01293	0.01376	0.01302	0.12784	0.01156	0.00786	0.01187	0.00748	0.01168	0.00702	0.01091	0.11169	0.00266	0.60219	0.00446	0.00217	0.00522
95	0.01506	0.01078	0.01177	0.00958	0.01262	0.01185	0.00771	0.41696	0.23252	0.07951	0.04988	0.01490	0.01189	0.00651	0.00530	0.03872	0.00437	0.00477	0.04803	0.00726
96	0.01666	0.01195	0.01332	0.01048	0.01400	0.01308	0.02569	0.53346	0.17486	0.10190	0.02683	0.01345	0.01023	0.00585	0.00477	0.00146	0.00480	0.00461	0.00480	0.00781
97	0.00778	0.00601	0.00746	0.00731	0.00860	0.00604	0.02260	0.05511	0.12018	0.01589	0.20227	0.29493	0.11304	0.04102	0.00631	0.00182	0.00317	0.07114	0.00454	0.00479
98	0.00641	0.00462	0.00618	0.00695	0.00766	0.00439	0.00524	0.00788	0.01040	0.01391	0.17069	0.43950	0.06398	0.01323	0.00605	0.00189	0.00306	0.21936	0.00452	0.00409
99	0.03992	0.01059	0.01967	0.07984	0.22174	0.01046	0.34609	0.04601	0.01121	0.01589	0.04706	0.04321	0.03276	0.00511	0.00505	0.00151	0.00607	0.00543	0.04614	0.00624
100	0.83748	0.00919	0.00736	0.00700	0.03712	0.01060	0.00544	0.01388	0.00812	0.02095	0.00665	0.00780	0.00519	0.00437	0.00298	0.00146	0.00372	0.00261	0.00290	0.00519

[dist]
# distance from previous block
# <min> <max>
7	10

[block]
# block no. 2 follows, 54 sequences, length 11
# corresponding to MSA columns:
# 201-211
name=unknown_C
#
# <colnr> <probs for GDERKNQSTAVLIFYWHMCP>
#	G	D	E	R	K	N	Q	S	T	A	V	L	I	F	Y	W	H	M	C	P
0	0.32192	0.11723	0.28052	0.00948	0.01399	0.01180	0.01011	0.06806	0.04647	0.06796	0.00887	0.00966	0.00656	0.00464	0.00378	0.00142	0.00507	0.00324	0.00289	0.00634
1	0.01702	0.02106	0.01349	0.01211	0.01440	0.71408	0.00920	0.05208	0.01324	0.01232	0.00737	0.00878	0.00617	0.00517	0.00520	0.00129	0.07578	0.00318	0.00250	0.00555
2	0.01052	0.00814	0.00993	0.02789	0.04127	0.00699	0.00619	0.07788	0.01104	0.05858	0.06577	0.01448	0.03228	0.04262	0.03500	0.02151	0.00409	0.00399	0.00327	0.51856
3	0.00586	0.00466	0.00514	0.00525	0.00645	0.00407	0.00378	0.00706	0.01058	0.01328	0.15370	0.16480	0.51411	0.07148	0.00697	0.00184	0.00258	0.01005	0.00439	0.00395
4	0.00663	0.00477	0.00646	0.00750	0.00822	0.00460	0.00589	0.00811	0.00998	0.01306	0.02647	0.42284	0.06378	0.01381	0.00624	0.00202	0.00349	0.37769	0.00436	0.00408
5	0.01084	0.00959	0.01476	0.51123	0.14843	0.03027	0.01238	0.05529	0.01042	0.05687	0.00893	0.01223	0.00684	0.00510	0.00576	0.00157	0.08693	0.00419	0.00248	0.00589
6	0.00666	0.00543	0.00691	0.07492	0.00941	0.00556	0.00535	0.00846	0.03670	0.01351	0.15701	0.26311	0.27258	0.03293	0.02519	0.00191	0.05646	0.00950	0.00410	0.00429
7	0.00674	0.00505	0.00758	0.00758	0.00842	0.00589	0.00589	0.00842	0.00758	0.01095	0.01263	0.01852	0.01179	0.03536	0.81561	0.00758	0.01263	0.00505	0.00253	0.00421
8	0.00674	0.00505	0.00758	0.00758	0.00842	0.00589	0.00589	0.00842	0.00758	0.01095	0.01263	0.01852	0.01179	0.03536	0.81561	0.00758	0.01263	0.00505	0.00253	0.00421
9	0.05159	0.01184	0.04805	0.01239	0.09425	0.05987	0.05480	0.05239	0.52106	0.01877	0.01549	0.01511	0.01171	0.00573	0.00469	0.00154	0.00465	0.00484	0.00405	0.00717
10	0.01641	0.07991	0.01554	0.01394	0.14170	0.25653	0.00982	0.37102	0.01668	0.02046	0.00933	0.01023	0.00719	0.00506	0.00444	0.00132	0.00625	0.00374	0.00343	0.00700

[dist]
# distance from previous block
# <min> <max>
2	3

[block]
# block no. 3 follows, 54 sequences, length 25
# corresponding to MSA columns:
# 215-239
name=unknown_D
#
# <colnr> <probs for GDERKNQSTAVLIFYWHMCP>
#	G	D	E	R	K	N	Q	S	T	A	V	L	I	F	Y	W	H	M	C	P
0	0.00574	0.00410	0.00547	0.00657	0.00684	0.00383	0.00438	0.00657	0.00903	0.01204	0.02599	0.83122	0.03119	0.01477	0.00602	0.00191	0.00274	0.01340	0.00438	0.00383
1	0.05041	0.00515	0.00558	0.00548	0.00579	0.00532	0.00326	0.00836	0.05670	0.01041	0.01471	0.02885	0.01636	0.74039	0.02173	0.00423	0.00447	0.00654	0.00298	0.00326
2	0.00737	0.00526	0.00610	0.00605	0.00677	0.00532	0.00408	0.00965	0.10929	0.01304	0.14641	0.12934	0.07225	0.36304	0.01384	0.03699	0.00360	0.01924	0.03841	0.00395
3	0.00742	0.00528	0.00731	0.00834	0.00931	0.00526	0.00711	0.00937	0.01051	0.01370	0.02452	0.11141	0.02693	0.05543	0.00737	0.00227	0.00423	0.67573	0.00427	0.00423
4	0.00879	0.00439	0.00439	0.00439	0.00549	0.00439	0.00330	0.01099	0.00989	0.01758	0.01538	0.01758	0.01209	0.00549	0.00330	0.00110	0.00220	0.00439	0.86047	0.00439
5	0.01576	0.00723	0.00940	0.00796	0.01060	0.00671	0.00645	0.03916	0.06424	0.46694	0.06649	0.06351	0.01691	0.03813	0.00571	0.00167	0.00380	0.10344	0.05922	0.00667
6	0.64679	0.00846	0.00732	0.00647	0.00918	0.00941	0.00521	0.01440	0.02350	0.11435	0.04380	0.03314	0.00908	0.04679	0.00443	0.00163	0.00365	0.00363	0.00344	0.00532
7	0.01761	0.02247	0.01336	0.01215	0.01458	0.81537	0.00911	0.01883	0.01336	0.01154	0.00729	0.00850	0.00607	0.00486	0.00425	0.00121	0.00850	0.00304	0.00243	0.00547
8	0.00946	0.02439	0.80987	0.01344	0.02041	0.01095	0.01742	0.01493	0.00995	0.01493	0.00846	0.00995	0.00597	0.00448	0.00448	0.00149	0.00697	0.00348	0.00199	0.00697
9	0.03793	0.00584	0.00738	0.00719	0.00866	0.00554	0.00531	0.03713	0.04200	0.20701	0.05435	0.45871	0.05024	0.02657	0.00583	0.00179	0.00323	0.02538	0.00472	0.00519
10	0.00693	0.00458	0.00517	0.00517	0.00523	0.00459	0.00294	0.00706	0.00699	0.00952	0.01483	0.03004	0.01682	0.78291	0.04149	0.00450	0.00466	0.00672	0.03690	0.00295
11	0.00693	0.00521	0.00741	0.00731	0.00794	0.00604	0.00549	0.00824	0.00741	0.01059	0.01277	0.02066	0.01261	0.19813	0.61405	0.00669	0.05058	0.00538	0.00257	0.00398
12	0.03103	0.00712	0.00837	0.00713	0.00949	0.00699	0.00570	0.11910	0.04405	0.27093	0.05033	0.05919	0.05298	0.00688	0.00446	0.00141	0.00339	0.03609	0.26924	0.00613
13	0.03851	0.00689	0.00851	0.00799	0.00992	0.00687	0.00646	0.12223	0.02540	0.18891	0.02029	0.20122	0.01961	0.00970	0.00532	0.00172	0.00380	0.22359	0.08744	0.00563
14	0.00655	0.00433	0.00580	0.00671	0.00717	0.00402	0.00459	0.00745	0.00929	0.05087	0.02560	0.77043	0.03012	0.01429	0.00597	0.00190	0.00284	0.03356	0.00445	0.00405
15	0.00674	0.00505	0.00758	0.00758	0.00842	0.00589	0.00589	0.00842	0.00758	0.01095	0.01263	0.01852	0.01179	0.03536	0.81561	0.00758	0.01263	0.00505	0.00253	0.00421
16	0.00663	0.00447	0.00595	0.00672	0.00732	0.00416	0.00475	0.00776	0.00984	0.04554	0.10237	0.63010	0.05155	0.01367	0.00595	0.00187	0.00287	0.07985	0.00451	0.00411
17	0.00677	0.00463	0.00620	0.02965	0.00807	0.00448	0.00514	0.00797	0.00951	0.03136	0.04808	0.53349	0.02800	0.06767	0.00711	0.00207	0.00325	0.15426	0.03826	0.00404
18	0.00970	0.00898	0.01134	0.01018	0.01085	0.06825	0.00823	0.02624	0.00826	0.02484	0.00934	0.01374	0.00867	0.01873	0.33472	0.00417	0.39456	0.00444	0.01988	0.00489
19	0.00689	0.00460	0.00538	0.00538	0.00545	0.00467	0.00315	0.00696	0.00689	0.00926	0.01445	0.02928	0.01640	0.74059	0.09032	0.03272	0.00523	0.00662	0.00280	0.00294
20	0.07096	0.00987	0.02471	0.00875	0.01139	0.03173	0.00699	0.11420	0.42884	0.03561	0.04591	0.02033	0.12729	0.00799	0.03284	0.00175	0.00416	0.00566	0.00444	0.00660
21	0.01011	0.01805	0.46114	0.01152	0.01678	0.04888	0.03858	0.03032	0.05088	0.02784	0.01064	0.01214	0.02951	0.00715	0.06920	0.00185	0.00660	0.00386	0.00252	0.14242
22	0.75033	0.01055	0.09077	0.00695	0.01020	0.01041	0.00636	0.01372	0.00817	0.02009	0.00682	0.00811	0.00530	0.00477	0.00358	0.02916	0.00401	0.00270	0.00279	0.00520
23	0.00957	0.00815	0.00958	0.00696	0.01094	0.00620	0.00555	0.01166	0.00986	0.01539	0.04023	0.01103	0.00861	0.00459	0.02519	0.00091	0.00368	0.00308	0.00288	0.80594
24	0.00906	0.00705	0.02490	0.02006	0.01004	0.00686	0.04100	0.06504	0.11094	0.06906	0.09013	0.23373	0.16571	0.04341	0.02299	0.00192	0.02215	0.04648	0.00430	0.00517

[dist]
# distance from previous block
# <min> <max>
4	13

[block]
# block no. 4 follows, 54 sequences, length 40
# corresponding to MSA columns:
# 253-292
name=unknown_E
#
# <colnr> <probs for GDERKNQSTAVLIFYWHMCP>
#	G	D	E	R	K	N	Q	S	T	A	V	L	I	F	Y	W	H	M	C	P
0	0.00716	0.00467	0.00597	0.00642	0.00726	0.00432	0.00464	0.00816	0.00984	0.06083	0.08170	0.40715	0.16409	0.04968	0.00739	0.05374	0.00304	0.09147	0.01843	0.00407
1	0.10842	0.00507	0.00555	0.00589	0.00700	0.00492	0.00424	0.00843	0.02486	0.01455	0.10017	0.37797	0.22001	0.01140	0.00524	0.00166	0.00268	0.00987	0.07784	0.00419
2	0.01058	0.00581	0.00762	0.00702	0.00859	0.00545	0.02574	0.01264	0.04838	0.20770	0.11820	0.24544	0.04497	0.09404	0.00709	0.00190	0.00333	0.02945	0.11090	0.00516
3	0.09165	0.00525	0.00651	0.00644	0.00732	0.00556	0.00471	0.02109	0.00847	0.01265	0.08595	0.06942	0.07561	0.13277	0.25825	0.15456	0.00633	0.02041	0.02326	0.00378
4	0.00645	0.00466	0.00569	0.00585	0.00688	0.00418	0.00421	0.00786	0.01106	0.03635	0.29143	0.29704	0.26149	0.02733	0.00604	0.00171	0.00253	0.01040	0.00466	0.00418
5	0.04214	0.00997	0.01058	0.00890	0.01164	0.01106	0.00712	0.33504	0.25267	0.03444	0.01520	0.04539	0.01188	0.00629	0.00451	0.00145	0.00403	0.02017	0.16066	0.00687
6	0.09511	0.00737	0.00904	0.00759	0.01019	0.00704	0.00596	0.01818	0.08428	0.44730	0.01763	0.07856	0.01391	0.11946	0.00729	0.00194	0.00388	0.02533	0.03346	0.00647
7	0.00962	0.00819	0.00957	0.00698	0.01092	0.00631	0.00556	0.01202	0.03091	0.01572	0.06243	0.01171	0.00972	0.00399	0.00367	0.00078	0.00341	0.00325	0.00301	0.78225
8	0.00622	0.00471	0.00560	0.00555	0.00664	0.00423	0.00402	0.00776	0.01147	0.01528	0.39891	0.12525	0.29590	0.07886	0.00713	0.00182	0.00253	0.00940	0.00464	0.00409
9	0.05151	0.00747	0.00955	0.00778	0.01076	0.00687	0.00640	0.04512	0.02538	0.54403	0.01790	0.01893	0.01269	0.00633	0.00458	0.00146	0.00377	0.06881	0.14365	0.00700
10	0.00815	0.00507	0.00622	0.00606	0.00739	0.00453	0.00445	0.00952	0.01105	0.12376	0.21233	0.22268	0.26496	0.07010	0.00689	0.00185	0.00285	0.02293	0.00466	0.00454
11	0.00778	0.00492	0.00638	0.00641	0.00743	0.00454	0.00461	0.00943	0.02326	0.09472	0.32789	0.35739	0.07067	0.04428	0.00639	0.00179	0.00274	0.01008	0.00479	0.00452
12	0.01167	0.01120	0.01914	0.02894	0.80488	0.01120	0.01447	0.01447	0.01074	0.01540	0.00887	0.01167	0.00747	0.00420	0.00467	0.00140	0.00560	0.00420	0.00233	0.00747
13	0.01572	0.01115	0.01334	0.01066	0.01399	0.03359	0.07416	0.31950	0.21086	0.17259	0.01526	0.04506	0.01147	0.00622	0.00489	0.00151	0.00482	0.02311	0.00467	0.00743
14	0.14082	0.00552	0.00636	0.00639	0.00754	0.00545	0.00455	0.01000	0.00941	0.10886	0.07874	0.36817	0.03517	0.15686	0.00850	0.00221	0.00332	0.01979	0.01792	0.00442
15	0.00578	0.00469	0.00494	0.00503	0.00643	0.00401	0.00371	0.00704	0.01069	0.01324	0.09199	0.13024	0.63981	0.01186	0.00553	0.00160	0.00241	0.01003	0.03695	0.00401
16	0.01826	0.01321	0.01375	0.01066	0.01434	0.06292	0.00875	0.65863	0.02069	0.11319	0.01186	0.01166	0.00830	0.00563	0.00469	0.00141	0.00526	0.00422	0.00470	0.00786
17	0.05530	0.00470	0.00574	0.00606	0.00688	0.00447	0.00429	0.00794	0.01041	0.01490	0.27843	0.37978	0.09632	0.02598	0.00632	0.03443	0.00265	0.01006	0.04127	0.00406
18	0.00605	0.00451	0.00567	0.00621	0.00701	0.00412	0.00448	0.00736	0.01046	0.01381	0.19515	0.42941	0.20157	0.01293	0.00586	0.00177	0.00268	0.07236	0.00455	0.00403
19	0.01063	0.01125	0.01964	0.01529	0.01715	0.01346	0.31251	0.01281	0.00874	0.01281	0.00749	0.01125	0.00656	0.00659	0.01162	0.00188	0.50781	0.00469	0.00219	0.00562
20	0.24652	0.00589	0.00643	0.00677	0.00809	0.00608	0.00507	0.01005	0.00924	0.06498	0.01982	0.45241	0.02192	0.01096	0.00508	0.00177	0.00323	0.09124	0.01994	0.00451
21	0.08129	0.00560	0.00718	0.00728	0.03795	0.00564	0.02096	0.00884	0.00996	0.01437	0.22208	0.04297	0.18480	0.08802	0.19330	0.02723	0.00534	0.02919	0.00372	0.00429
22	0.07152	0.03189	0.04063	0.00755	0.00988	0.00790	0.00621	0.05526	0.18558	0.10218	0.31562	0.04036	0.09066	0.00786	0.00497	0.00150	0.00330	0.00661	0.00468	0.00582
23	0.02115	0.00802	0.01094	0.00839	0.01204	0.00693	0.00693	0.02298	0.01350	0.80815	0.01860	0.01605	0.01167	0.00584	0.00474	0.00146	0.00401	0.00474	0.00584	0.00802
24	0.03131	0.00878	0.00982	0.00810	0.01067	0.00923	0.00653	0.34145	0.01556	0.13839	0.04053	0.04349	0.01231	0.00673	0.00495	0.03317	0.00393	0.03397	0.23472	0.00637
25	0.00894	0.00807	0.01288	0.18505	0.13235	0.02034	0.11826	0.02719	0.01050	0.01429	0.05797	0.08511	0.13584	0.00846	0.04330	0.00182	0.01849	0.02068	0.08514	0.00529
26	0.04485	0.10391	0.01448	0.06234	0.04432	0.59627	0.00923	0.01775	0.01246	0.04225	0.00774	0.00903	0.00632	0.00476	0.00414	0.00124	0.00757	0.00315	0.00251	0.00567
27	0.00645	0.00478	0.00590	0.00646	0.00740	0.00448	0.00485	0.00818	0.03228	0.01379	0.11512	0.34544	0.22175	0.01257	0.00581	0.00180	0.00291	0.15727	0.03860	0.00416
28	0.19281	0.00835	0.00969	0.00780	0.01091	0.00822	0.00637	0.10301	0.02621	0.42568	0.11365	0.01628	0.01410	0.00599	0.00443	0.00145	0.00378	0.00471	0.02971	0.00686
29	0.03344	0.04011	0.03664	0.04050	0.01173	0.02739	0.00694	0.09750	0.07884	0.27787	0.08826	0.04418	0.15051	0.00837	0.03479	0.00171	0.00429	0.00598	0.00459	0.00637
30	0.00626	0.00476	0.00545	0.00558	0.00686	0.00417	0.00414	0.00762	0.01094	0.03273	0.17635	0.19705	0.46547	0.01198	0.00568	0.00166	0.00255	0.04206	0.00456	0.00415
31	0.01261	0.83713	0.02471	0.00807	0.01210	0.01866	0.00807	0.01412	0.00958	0.01109	0.00656	0.00756	0.00605	0.00403	0.00303	0.00101	0.00504	0.00252	0.00202	0.00605
32	0.01055	0.00769	0.06230	0.00795	0.02802	0.02859	0.00647	0.01322	0.04985	0.18485	0.31327	0.09321	0.08950	0.00880	0.00527	0.00156	0.00344	0.05755	0.02237	0.00553
33	0.01529	0.08673	0.10202	0.09423	0.17846	0.08611	0.01062	0.03950	0.03043	0.29224	0.01214	0.01257	0.00858	0.00499	0.00449	0.00140	0.00543	0.00408	0.00360	0.00709
34	0.01033	0.17899	0.63402	0.01237	0.01863	0.03911	0.01537	0.01491	0.01000	0.01409	0.00806	0.00945	0.00599	0.00441	0.00420	0.00139	0.00665	0.00329	0.00201	0.00674
35	0.00890	0.00838	0.01414	0.82296	0.03247	0.01048	0.01309	0.01205	0.00943	0.01205	0.00838	0.01257	0.00629	0.00471	0.00471	0.00157	0.00629	0.00419	0.00210	0.00524
36	0.01346	0.01450	0.26305	0.03659	0.12141	0.03304	0.07412	0.07410	0.02547	0.21652	0.01281	0.07212	0.00986	0.00563	0.00479	0.00150	0.00565	0.00488	0.00348	0.00702
37	0.01326	0.02598	0.14036	0.10071	0.32967	0.01028	0.04188	0.03765	0.03015	0.19396	0.01182	0.01308	0.01996	0.00486	0.00468	0.00145	0.00550	0.00435	0.00320	0.00719
38	0.03553	0.01033	0.07461	0.09291	0.13158	0.03154	0.04659	0.11538	0.01233	0.17400	0.02641	0.15575	0.01331	0.00698	0.00494	0.00154	0.00491	0.03071	0.00378	0.02686
39	0.04972	0.04186	0.04982	0.17240	0.25335	0.08887	0.04193	0.04035	0.01103	0.09364	0.02150	0.03478	0.00884	0.02458	0.00516	0.00151	0.01849	0.00441	0.03148	0.00631

[dist]
# distance from previous block
# <min> <max>
0	18

# created by:
# /home/cegg/simao/soft/augustus-3.2.1/scripts/msa2prfl.pl ./align_prep/EOG091G0MDT.fa
