[name]
unknown

[dist]
# distance from previous block
# <min> <max>
9	182

[block]
# block no. 0 follows, 41 sequences, length 78
# corresponding to MSA columns:
# 208-242,253-278,289-305
name=unknown_A
#
# <colnr> <probs for GDERKNQSTAVLIFYWHMCP>
#	G	D	E	R	K	N	Q	S	T	A	V	L	I	F	Y	W	H	M	C	P
0	0.03209	0.03433	0.01516	0.03610	0.05414	0.11085	0.02819	0.16700	0.07565	0.12603	0.03225	0.01804	0.04166	0.00837	0.02460	0.03215	0.04511	0.02038	0.00453	0.09338
1	0.01274	0.00879	0.01119	0.09626	0.01461	0.00908	0.02464	0.11297	0.07980	0.10032	0.10389	0.15926	0.07362	0.09810	0.00871	0.00229	0.00476	0.00865	0.04559	0.02472
2	0.01291	0.01142	0.01263	0.05099	0.04312	0.08755	0.02606	0.08303	0.05020	0.03113	0.03678	0.07049	0.10726	0.02353	0.02485	0.02371	0.04224	0.00644	0.03851	0.21715
3	0.06934	0.01372	0.04831	0.06362	0.06791	0.12014	0.08924	0.05842	0.03030	0.14613	0.06066	0.03879	0.01372	0.02874	0.02785	0.02394	0.03479	0.00577	0.03582	0.02281
4	0.01299	0.00978	0.01180	0.02633	0.01308	0.01041	0.02600	0.16899	0.10394	0.06485	0.09298	0.12908	0.14166	0.06200	0.02146	0.00229	0.06265	0.00862	0.00513	0.02596
5	0.03435	0.02522	0.03065	0.07978	0.04588	0.06338	0.03138	0.10702	0.12828	0.10598	0.01910	0.06775	0.07134	0.00922	0.03165	0.02075	0.02701	0.00635	0.00451	0.09041
6	0.07398	0.01142	0.01284	0.04575	0.01497	0.03807	0.02357	0.16287	0.08964	0.05963	0.04926	0.06389	0.03111	0.04955	0.02734	0.00200	0.02393	0.00595	0.00450	0.20975
7	0.01339	0.02713	0.01177	0.06731	0.01394	0.00927	0.02448	0.03670	0.13396	0.15764	0.17392	0.06497	0.06554	0.10515	0.00923	0.00228	0.02791	0.00776	0.00522	0.04244
8	0.03183	0.03520	0.04775	0.01172	0.03153	0.05775	0.05699	0.07603	0.05216	0.04802	0.06900	0.13634	0.05883	0.02566	0.00782	0.00190	0.10031	0.00742	0.06375	0.08002
9	0.01437	0.01319	0.03875	0.05303	0.01985	0.05258	0.23338	0.14736	0.03368	0.05538	0.01552	0.09607	0.01384	0.06785	0.03162	0.00239	0.03933	0.02392	0.02255	0.02536
10	0.03368	0.01032	0.01168	0.04508	0.01353	0.06700	0.04934	0.10241	0.06682	0.03774	0.08081	0.04125	0.07525	0.04964	0.06100	0.00238	0.02138	0.00659	0.17665	0.04745
11	0.01331	0.01152	0.03813	0.37267	0.08424	0.03287	0.01291	0.07608	0.07456	0.06990	0.03104	0.05816	0.01259	0.00699	0.00575	0.00183	0.00644	0.02281	0.02601	0.04219
12	0.06132	0.01093	0.01208	0.01058	0.03225	0.04983	0.02496	0.21236	0.01613	0.10844	0.02978	0.13455	0.04515	0.11622	0.00887	0.00226	0.00526	0.00738	0.05535	0.05628
13	0.00871	0.00727	0.00779	0.00808	0.00885	0.06139	0.00561	0.00982	0.01142	0.01468	0.10269	0.33004	0.11631	0.19810	0.03370	0.00312	0.03468	0.02842	0.00464	0.00470
14	0.01346	0.01270	0.01624	0.01393	0.01481	0.04101	0.01152	0.10138	0.02904	0.01724	0.04288	0.01734	0.03361	0.00988	0.01518	0.00232	0.56448	0.03302	0.00333	0.00663
15	0.01483	0.01180	0.01241	0.01101	0.01410	0.03560	0.00857	0.08243	0.50805	0.07469	0.07070	0.05521	0.03946	0.00843	0.00589	0.00189	0.00461	0.00702	0.02486	0.00846
16	0.01724	0.04068	0.05766	0.01300	0.03700	0.03457	0.01061	0.26301	0.37866	0.05827	0.01817	0.01737	0.01339	0.00709	0.00567	0.00181	0.00560	0.00566	0.00539	0.00915
17	0.03256	0.03598	0.08994	0.05157	0.01593	0.02837	0.05879	0.11897	0.02882	0.11048	0.07779	0.07645	0.04759	0.07847	0.02849	0.00229	0.02225	0.00684	0.04130	0.04712
18	0.01428	0.01284	0.06223	0.05323	0.13706	0.01214	0.04718	0.22368	0.05259	0.02430	0.13511	0.02097	0.05153	0.00725	0.00575	0.00168	0.00556	0.00622	0.04296	0.08346
19	0.01444	0.01455	0.01612	0.31960	0.06044	0.19389	0.03851	0.07592	0.04599	0.01750	0.01238	0.03377	0.01013	0.00718	0.02165	0.00189	0.00764	0.02046	0.05836	0.02958
20	0.01470	0.05904	0.01916	0.17872	0.22297	0.14504	0.04637	0.07546	0.01387	0.01761	0.01180	0.04975	0.01032	0.00673	0.00659	0.00179	0.06545	0.02322	0.02405	0.00739
21	0.34819	0.29611	0.01812	0.03076	0.06102	0.04527	0.00881	0.03118	0.01153	0.03530	0.00880	0.01023	0.00726	0.00517	0.00398	0.00150	0.00552	0.00340	0.00316	0.06470
22	0.00706	0.00507	0.00672	0.00801	0.00843	0.00473	0.00545	0.00814	0.01110	0.01473	0.03218	0.74445	0.05707	0.01774	0.00731	0.00233	0.00339	0.04610	0.00531	0.00468
23	0.03013	0.09922	0.23168	0.01230	0.01618	0.03365	0.01277	0.01514	0.02977	0.01721	0.02032	0.03848	0.02050	0.01080	0.00673	0.00217	0.02275	0.36964	0.00399	0.00658
24	0.01222	0.06026	0.64046	0.01670	0.02461	0.01368	0.09681	0.01835	0.01232	0.03739	0.01062	0.01250	0.00758	0.00539	0.00551	0.00180	0.00839	0.00448	0.00259	0.00836
25	0.00832	0.00555	0.00624	0.00624	0.00624	0.00555	0.00347	0.00832	0.00832	0.01109	0.01802	0.03743	0.02080	0.79898	0.02911	0.00555	0.00555	0.00832	0.00347	0.00347
26	0.00832	0.00555	0.00624	0.00624	0.00624	0.00555	0.00347	0.00832	0.00832	0.01109	0.01802	0.03743	0.02080	0.79898	0.02911	0.00555	0.00555	0.00832	0.00347	0.00347
27	0.01494	0.73140	0.09792	0.01039	0.01561	0.02177	0.01083	0.01722	0.01166	0.01389	0.00816	0.00944	0.00733	0.00494	0.00383	0.00128	0.00633	0.00317	0.00244	0.00744
28	0.01421	0.49059	0.08260	0.01061	0.03597	0.01719	0.00991	0.03335	0.01229	0.05437	0.01412	0.06828	0.05589	0.02242	0.00501	0.00151	0.00575	0.00499	0.00322	0.05771
29	0.01279	0.03638	0.10318	0.01763	0.23920	0.01101	0.01192	0.01710	0.07019	0.01886	0.01132	0.01324	0.00918	0.00493	0.00491	0.00131	0.00556	0.00423	0.00327	0.40380
30	0.03152	0.04103	0.20627	0.02758	0.48754	0.03027	0.03448	0.01753	0.01276	0.01834	0.01183	0.01451	0.03008	0.00546	0.00555	0.00172	0.00716	0.00499	0.00281	0.00859
31	0.02069	0.06709	0.01728	0.01549	0.05453	0.69881	0.01131	0.02228	0.01581	0.01420	0.00889	0.01045	0.00745	0.00580	0.00510	0.00147	0.00992	0.00372	0.00292	0.00679
32	0.00956	0.00503	0.00728	0.00735	0.00746	0.00497	0.00490	0.00755	0.00794	0.01050	0.01376	0.06067	0.04908	0.04934	0.02105	0.71716	0.00480	0.00604	0.00281	0.00275
33	0.60241	0.01339	0.06544	0.00911	0.01311	0.05126	0.00799	0.05222	0.03289	0.07240	0.00988	0.01082	0.00739	0.00558	0.00409	0.00174	0.00513	0.00358	0.00382	0.02775
34	0.01436	0.06083	0.35875	0.01842	0.17363	0.01241	0.04624	0.01891	0.01323	0.14239	0.05688	0.03368	0.01228	0.00624	0.00562	0.00177	0.00699	0.00534	0.00359	0.00843
35	0.09400	0.06014	0.12399	0.03561	0.07194	0.16076	0.06990	0.09531	0.10035	0.05473	0.01458	0.01553	0.04662	0.00633	0.00536	0.00170	0.00704	0.00503	0.00382	0.02724
36	0.01394	0.09494	0.34097	0.03798	0.09164	0.02951	0.01537	0.03752	0.20288	0.05858	0.01412	0.01486	0.01048	0.00608	0.00541	0.00177	0.00684	0.00489	0.00366	0.00856
37	0.00793	0.00584	0.00742	0.00702	0.00844	0.00533	0.00527	0.01047	0.01580	0.02201	0.67305	0.04426	0.14179	0.01204	0.00675	0.00182	0.00272	0.01056	0.00617	0.00533
38	0.01423	0.01289	0.02179	0.09877	0.57130	0.01307	0.05188	0.01815	0.04431	0.05753	0.01245	0.03590	0.01031	0.00570	0.00578	0.00176	0.00672	0.00557	0.00322	0.00867
39	0.01556	0.01170	0.01323	0.01089	0.01383	0.01291	0.00877	0.36164	0.08219	0.02849	0.24848	0.02377	0.02434	0.00868	0.00694	0.00180	0.06328	0.00689	0.04878	0.00782
40	0.83938	0.01106	0.00841	0.00752	0.01106	0.01283	0.00619	0.01681	0.00973	0.02566	0.00796	0.00929	0.00619	0.00531	0.00354	0.00177	0.00442	0.00310	0.00354	0.00619
41	0.01527	0.06335	0.01693	0.51554	0.03077	0.01217	0.01338	0.01851	0.01283	0.22577	0.01350	0.01603	0.00944	0.00605	0.00559	0.00182	0.00675	0.00513	0.00381	0.00737
42	0.03974	0.01294	0.01467	0.01110	0.01576	0.01284	0.00911	0.37254	0.02011	0.19121	0.01456	0.01438	0.01027	0.00616	0.00527	0.00149	0.00538	0.00476	0.00534	0.23235
43	0.00994	0.00497	0.00745	0.00745	0.00745	0.00497	0.00497	0.00745	0.00745	0.00994	0.00994	0.01739	0.00994	0.01987	0.02235	0.83358	0.00497	0.00497	0.00248	0.00248
44	0.01403	0.01360	0.05475	0.15047	0.22531	0.03038	0.03523	0.07219	0.27363	0.02099	0.01548	0.01692	0.01186	0.00634	0.00569	0.00182	0.00621	0.00556	0.03115	0.00840
45	0.01266	0.00879	0.01268	0.06831	0.18587	0.00878	0.00954	0.01590	0.05219	0.12628	0.13650	0.12485	0.07566	0.00944	0.00625	0.00185	0.01762	0.02781	0.09203	0.00699
46	0.05487	0.36145	0.20154	0.01572	0.12635	0.01733	0.05322	0.01802	0.04741	0.01684	0.00990	0.01159	0.00810	0.00518	0.00466	0.00152	0.00674	0.00401	0.00276	0.03278
47	0.01199	0.07535	0.46242	0.01750	0.02443	0.01366	0.22195	0.01743	0.01237	0.01763	0.01190	0.06533	0.00971	0.00606	0.00581	0.00184	0.00829	0.00566	0.00275	0.00792
48	0.00696	0.00500	0.00662	0.00792	0.00828	0.00465	0.00529	0.00797	0.01100	0.01462	0.03209	0.77947	0.05324	0.01785	0.00729	0.00231	0.00331	0.01617	0.00531	0.00465
49	0.01080	0.01017	0.01716	0.78523	0.03940	0.01271	0.01589	0.01461	0.01144	0.01461	0.01017	0.01525	0.00762	0.00572	0.00572	0.00191	0.00762	0.00508	0.00254	0.00635
50	0.06606	0.00859	0.00824	0.00795	0.01003	0.06439	0.00596	0.03120	0.07334	0.05964	0.05756	0.18941	0.35762	0.01255	0.00633	0.00194	0.00396	0.01053	0.01892	0.00578
51	0.01416	0.01359	0.02322	0.03511	0.76330	0.01359	0.01755	0.01755	0.01302	0.01869	0.01076	0.01416	0.00906	0.00510	0.00566	0.00170	0.00680	0.00510	0.00283	0.00906
52	0.02142	0.05505	0.01780	0.01299	0.01759	0.01798	0.01082	0.70815	0.02614	0.03493	0.01345	0.01351	0.00961	0.00677	0.00562	0.00169	0.00629	0.00505	0.00556	0.00961
53	0.02142	0.02574	0.01634	0.01452	0.01769	0.67313	0.01103	0.12072	0.01766	0.01699	0.00951	0.01078	0.00769	0.00603	0.00523	0.00151	0.00977	0.00388	0.00332	0.00705
54	0.03195	0.02096	0.39034	0.01527	0.07340	0.01326	0.01549	0.14088	0.10275	0.02219	0.05142	0.01670	0.04021	0.00654	0.00558	0.00177	0.00678	0.00526	0.00377	0.03550
55	0.01479	0.67295	0.11548	0.01064	0.01587	0.02112	0.01108	0.01790	0.04846	0.01452	0.00898	0.01012	0.00783	0.00510	0.00398	0.00133	0.00631	0.00336	0.00261	0.00756
56	0.00697	0.00498	0.00664	0.00796	0.00830	0.00465	0.00531	0.00796	0.01095	0.01460	0.03153	0.79525	0.03783	0.01792	0.00730	0.00232	0.00332	0.01626	0.00531	0.00465
57	0.01255	0.01263	0.01814	0.01537	0.01559	0.01740	0.04047	0.01394	0.00894	0.01394	0.00766	0.01263	0.00755	0.00981	0.01831	0.00248	0.75868	0.00507	0.00252	0.00631
58	0.01409	0.01377	0.02423	0.03405	0.69277	0.01367	0.08727	0.01763	0.01307	0.01865	0.01084	0.01428	0.00902	0.00507	0.00577	0.00172	0.00707	0.00526	0.00284	0.00893
59	0.00697	0.00498	0.00664	0.00796	0.00830	0.00465	0.00531	0.00796	0.01095	0.01460	0.03153	0.79525	0.03783	0.01792	0.00730	0.00232	0.00332	0.01626	0.00531	0.00465
60	0.00994	0.00497	0.00745	0.00745	0.00745	0.00497	0.00497	0.00745	0.00745	0.00994	0.00994	0.01739	0.00994	0.01987	0.02235	0.83358	0.00497	0.00497	0.00248	0.00248
61	0.00820	0.00601	0.00858	0.00858	0.00939	0.00682	0.00638	0.00982	0.00901	0.01282	0.01588	0.02558	0.01565	0.20011	0.62095	0.00843	0.01329	0.00658	0.00315	0.00477
62	0.00788	0.00582	0.00737	0.00702	0.00843	0.00530	0.00525	0.01037	0.01563	0.02171	0.64612	0.06313	0.15024	0.01223	0.00676	0.00183	0.00274	0.01073	0.00614	0.00530
63	0.00697	0.00498	0.00664	0.00796	0.00830	0.00465	0.00531	0.00796	0.01095	0.01460	0.03153	0.79525	0.03783	0.01792	0.00730	0.00232	0.00332	0.01626	0.00531	0.00465
64	0.00700	0.00501	0.00670	0.00800	0.00835	0.00471	0.00536	0.00802	0.01090	0.01457	0.03110	0.77476	0.03721	0.01858	0.02769	0.00251	0.00364	0.01599	0.00525	0.00466
65	0.01416	0.01359	0.02322	0.03511	0.76330	0.01359	0.01755	0.01755	0.01302	0.01869	0.01076	0.01416	0.00906	0.00510	0.00566	0.00170	0.00680	0.00510	0.00283	0.00906
66	0.01147	0.02959	0.76934	0.01630	0.02476	0.01328	0.02113	0.01811	0.01208	0.01811	0.01026	0.01208	0.00725	0.00543	0.00543	0.00181	0.00845	0.00423	0.00242	0.00845
67	0.01230	0.01169	0.01986	0.45102	0.36192	0.01310	0.01663	0.01592	0.01214	0.01643	0.01043	0.01476	0.00826	0.00544	0.00569	0.00181	0.00726	0.00509	0.00267	0.00756
68	0.02113	0.02687	0.01624	0.01474	0.01761	0.75607	0.01109	0.02260	0.01601	0.01399	0.00881	0.01037	0.00737	0.00600	0.00552	0.00150	0.03078	0.00372	0.00294	0.00662
69	0.00930	0.00677	0.00963	0.05102	0.01329	0.00690	0.00957	0.01200	0.01308	0.01699	0.02923	0.06195	0.03160	0.01527	0.00779	0.00260	0.00539	0.68719	0.00512	0.00532
70	0.00699	0.00505	0.00662	0.00783	0.00827	0.00468	0.00526	0.00806	0.01122	0.01489	0.05456	0.73420	0.07610	0.01756	0.00726	0.00229	0.00328	0.01587	0.00534	0.00468
71	0.00742	0.00530	0.00716	0.00848	0.00901	0.00504	0.00610	0.00875	0.01140	0.01511	0.03128	0.64754	0.03684	0.01749	0.00742	0.00239	0.00371	0.15949	0.00530	0.00477
72	0.01447	0.01241	0.01307	0.01169	0.01497	0.01434	0.00911	0.05379	0.72917	0.02432	0.02297	0.02109	0.01721	0.00773	0.00582	0.00193	0.00458	0.00642	0.00582	0.00908
73	0.00869	0.00635	0.00848	0.00953	0.01074	0.00627	0.00782	0.01142	0.04214	0.01699	0.06830	0.23064	0.07786	0.01569	0.00755	0.00245	0.00452	0.45393	0.00535	0.00525
74	0.01235	0.02692	0.64690	0.01754	0.06135	0.01318	0.07284	0.01851	0.01241	0.04983	0.01090	0.01274	0.00773	0.00544	0.00555	0.00181	0.00831	0.00452	0.00267	0.00848
75	0.01338	0.04762	0.07133	0.01762	0.02105	0.01498	0.29764	0.05413	0.01225	0.03939	0.01156	0.05298	0.01002	0.00887	0.03996	0.00236	0.26839	0.00619	0.00311	0.00717
76	0.01337	0.02456	0.56262	0.01454	0.02158	0.04121	0.01749	0.01899	0.02733	0.11453	0.01518	0.01610	0.05615	0.00713	0.02294	0.00197	0.00779	0.00499	0.00330	0.00826
77	0.01745	0.00974	0.01191	0.00993	0.01281	0.01016	0.00800	0.19198	0.01626	0.25060	0.01823	0.05904	0.01407	0.01278	0.11592	0.00280	0.05130	0.00608	0.17324	0.00771

[dist]
# distance from previous block
# <min> <max>
0	2

[block]
# block no. 1 follows, 41 sequences, length 48
# corresponding to MSA columns:
# 308-349,353-358
name=unknown_B
#
# <colnr> <probs for GDERKNQSTAVLIFYWHMCP>
#	G	D	E	R	K	N	Q	S	T	A	V	L	I	F	Y	W	H	M	C	P
0	0.01444	0.01615	0.12072	0.02261	0.11359	0.01338	0.47521	0.01900	0.01363	0.09511	0.03029	0.01593	0.01019	0.00532	0.00636	0.00187	0.00851	0.00623	0.00334	0.00812
1	0.09664	0.00854	0.01157	0.21169	0.05581	0.00963	0.00945	0.02645	0.04081	0.03780	0.04341	0.02362	0.03027	0.05422	0.07749	0.04753	0.02502	0.06565	0.11845	0.00595
2	0.01060	0.01354	0.16611	0.08560	0.06331	0.03751	0.09127	0.01487	0.06189	0.01771	0.12541	0.21083	0.02283	0.01113	0.03932	0.00226	0.00641	0.00869	0.00405	0.00667
3	0.00984	0.00839	0.01287	0.01074	0.01336	0.00764	0.12811	0.02731	0.01186	0.01660	0.06016	0.22804	0.06542	0.05457	0.10122	0.03056	0.00620	0.00894	0.00407	0.19409
4	0.00880	0.00606	0.00789	0.00864	0.00936	0.00605	0.00666	0.01017	0.01098	0.01441	0.02481	0.07869	0.02754	0.32536	0.01674	0.03147	0.00530	0.39217	0.00446	0.00444
5	0.01284	0.01029	0.01202	0.00879	0.01371	0.00813	0.00703	0.01631	0.06387	0.06289	0.01181	0.01297	0.00943	0.00465	0.00444	0.00098	0.00429	0.00374	0.00377	0.72804
6	0.07549	0.07303	0.01727	0.01289	0.01707	0.18150	0.01052	0.48939	0.02238	0.02902	0.01189	0.01238	0.00882	0.00642	0.00531	0.00163	0.00703	0.00455	0.00475	0.00866
7	0.01264	0.00995	0.01177	0.00857	0.01343	0.00757	0.00684	0.01511	0.01214	0.07076	0.01182	0.04125	0.00995	0.00494	0.00445	0.00097	0.00425	0.00403	0.00372	0.74586
8	0.01137	0.02787	0.71615	0.01568	0.02355	0.01270	0.02000	0.01737	0.01175	0.01754	0.01024	0.01245	0.00743	0.00644	0.00662	0.05989	0.00821	0.00428	0.00242	0.00804
9	0.01080	0.01017	0.01716	0.78523	0.03940	0.01271	0.01589	0.01461	0.01144	0.01461	0.01017	0.01525	0.00762	0.00572	0.00572	0.00191	0.00762	0.00508	0.00254	0.00635
10	0.00711	0.00547	0.00655	0.00731	0.00840	0.00491	0.00528	0.00847	0.01210	0.01534	0.05671	0.41543	0.32894	0.01622	0.00713	0.00218	0.00331	0.07902	0.00533	0.00479
11	0.01368	0.41259	0.20310	0.05954	0.14397	0.01777	0.01404	0.01704	0.01187	0.01550	0.00937	0.01153	0.00787	0.00648	0.03249	0.00177	0.00720	0.00390	0.00253	0.00776
12	0.01416	0.01359	0.02322	0.03511	0.76330	0.01359	0.01755	0.01755	0.01302	0.01869	0.01076	0.01416	0.00906	0.00510	0.00566	0.00170	0.00680	0.00510	0.00283	0.00906
13	0.00785	0.00578	0.00735	0.00708	0.00843	0.00527	0.00526	0.01028	0.01543	0.02143	0.62279	0.09791	0.13889	0.01248	0.00679	0.00185	0.00277	0.01098	0.00611	0.00527
14	0.01182	0.05017	0.51742	0.01808	0.11063	0.01309	0.07962	0.01758	0.02680	0.01828	0.04671	0.01563	0.03691	0.00598	0.00563	0.00179	0.00774	0.00511	0.00285	0.00817
15	0.01156	0.16217	0.29630	0.18656	0.04306	0.01363	0.01476	0.01624	0.04094	0.01682	0.06682	0.01853	0.07619	0.00670	0.00540	0.00174	0.00676	0.00542	0.00311	0.00729
16	0.02174	0.01602	0.01717	0.01316	0.01774	0.01774	0.01087	0.74423	0.02689	0.03605	0.01373	0.01373	0.00973	0.00687	0.00572	0.00172	0.00629	0.00515	0.00572	0.00973
17	0.00913	0.00656	0.00910	0.01037	0.01171	0.00652	0.00905	0.01173	0.01316	0.01706	0.03121	0.06420	0.05736	0.01576	0.00786	0.00261	0.00519	0.70088	0.00527	0.00525
18	0.02685	0.11319	0.25320	0.04281	0.14225	0.03179	0.04841	0.04500	0.06723	0.05934	0.01561	0.04493	0.04927	0.00684	0.00556	0.00177	0.00678	0.02766	0.00351	0.00798
19	0.01790	0.01956	0.01630	0.29405	0.02530	0.43321	0.01258	0.02029	0.01449	0.07871	0.01050	0.01289	0.00804	0.00593	0.00541	0.00166	0.00887	0.00437	0.00315	0.00680
20	0.00712	0.00518	0.00673	0.00775	0.00836	0.00479	0.00533	0.00838	0.01173	0.01559	0.10711	0.63051	0.10730	0.01692	0.00721	0.00224	0.00327	0.03432	0.00541	0.00476
21	0.01251	0.28416	0.37622	0.01289	0.01874	0.04216	0.01470	0.01656	0.01201	0.01599	0.01271	0.09653	0.01182	0.00712	0.00516	0.00170	0.00703	0.04165	0.00290	0.00745
22	0.01456	0.06043	0.11490	0.01733	0.13945	0.03731	0.10027	0.07586	0.24379	0.05215	0.01671	0.07355	0.01362	0.00711	0.00581	0.00183	0.00634	0.00630	0.00427	0.00840
23	0.00854	0.00596	0.00770	0.00720	0.00868	0.00545	0.00542	0.01115	0.01600	0.04496	0.69530	0.04277	0.09575	0.01172	0.00672	0.00181	0.00278	0.01031	0.00626	0.00549
24	0.00788	0.00581	0.00737	0.00704	0.00843	0.00530	0.00526	0.01036	0.01559	0.02166	0.64251	0.07099	0.14598	0.01228	0.00677	0.00183	0.00275	0.01078	0.00613	0.00530
25	0.01214	0.04329	0.11551	0.37405	0.14589	0.01380	0.13111	0.01649	0.02778	0.01639	0.01058	0.01450	0.00816	0.00564	0.00632	0.00187	0.04126	0.00519	0.00269	0.00734
26	0.01147	0.02959	0.76934	0.01630	0.02476	0.01328	0.02113	0.01811	0.01208	0.01811	0.01026	0.01208	0.00725	0.00543	0.00543	0.00181	0.00845	0.00423	0.00242	0.00845
27	0.01080	0.01017	0.01716	0.78523	0.03940	0.01271	0.01589	0.01461	0.01144	0.01461	0.01017	0.01525	0.00762	0.00572	0.00572	0.00191	0.00762	0.00508	0.00254	0.00635
28	0.01685	0.15927	0.28432	0.01445	0.01967	0.37935	0.01440	0.02021	0.01397	0.01536	0.00919	0.01074	0.00732	0.00556	0.00500	0.00155	0.00895	0.00377	0.00267	0.00739
29	0.06818	0.16889	0.07430	0.20353	0.08723	0.03949	0.03432	0.04223	0.05758	0.01778	0.03312	0.01804	0.07794	0.00658	0.00519	0.00169	0.00622	0.00535	0.04530	0.00706
30	0.02566	0.00973	0.01327	0.01018	0.01460	0.00841	0.00841	0.02788	0.01637	0.76726	0.02257	0.01947	0.01416	0.00708	0.00575	0.00177	0.00487	0.00575	0.00708	0.00973
31	0.00761	0.00557	0.00788	0.00845	0.00919	0.00584	0.00615	0.00923	0.01061	0.01473	0.08735	0.38041	0.02858	0.02868	0.35517	0.00539	0.00869	0.01116	0.00438	0.00492
32	0.01146	0.01098	0.01430	0.35314	0.02408	0.09218	0.01175	0.01371	0.01070	0.01365	0.01125	0.01782	0.01009	0.09263	0.13584	0.03913	0.12342	0.00541	0.00275	0.00571
33	0.00890	0.01096	0.15046	0.01204	0.02989	0.00771	0.08425	0.01158	0.01165	0.01595	0.02450	0.45215	0.02736	0.01456	0.03064	0.00242	0.00556	0.08918	0.00440	0.00583
34	0.00697	0.00498	0.00664	0.00796	0.00830	0.00465	0.00531	0.00796	0.01095	0.01460	0.03153	0.79525	0.03783	0.01792	0.00730	0.00232	0.00332	0.01626	0.00531	0.00465
35	0.01220	0.02292	0.44299	0.01982	0.06358	0.01346	0.28082	0.01785	0.01260	0.01811	0.01140	0.03705	0.00878	0.00557	0.00598	0.00186	0.00864	0.00555	0.00270	0.00810
36	0.01383	0.01196	0.01273	0.02975	0.01515	0.01379	0.00901	0.02907	0.70366	0.02334	0.02445	0.02264	0.04909	0.00800	0.00586	0.00194	0.00453	0.00667	0.00572	0.00881
37	0.83938	0.01106	0.00841	0.00752	0.01106	0.01283	0.00619	0.01681	0.00973	0.02566	0.00796	0.00929	0.00619	0.00531	0.00354	0.00177	0.00442	0.00310	0.00354	0.00619
38	0.01218	0.01924	0.29159	0.01970	0.05613	0.01310	0.35095	0.01741	0.02797	0.01817	0.03570	0.06953	0.01177	0.00635	0.00650	0.00191	0.02448	0.00652	0.00305	0.00775
39	0.01340	0.07329	0.34298	0.05299	0.02060	0.01465	0.01493	0.07270	0.27016	0.02076	0.01478	0.01539	0.01100	0.00646	0.00589	0.00184	0.03078	0.00506	0.00384	0.00850
40	0.43917	0.01233	0.05217	0.06562	0.18725	0.01255	0.03746	0.01704	0.01111	0.05373	0.01006	0.01238	0.00791	0.00759	0.05050	0.00221	0.00624	0.00417	0.00335	0.00712
41	0.07021	0.02079	0.42265	0.01313	0.01961	0.01162	0.01495	0.05867	0.01363	0.14546	0.05040	0.01475	0.01098	0.00596	0.00530	0.00168	0.00668	0.00467	0.00377	0.10510
42	0.01165	0.00993	0.01606	0.48553	0.07490	0.01106	0.03894	0.01497	0.01231	0.05438	0.09257	0.01810	0.01328	0.00659	0.00616	0.02412	0.00654	0.00557	0.00330	0.09405
43	0.04145	0.00986	0.01161	0.05596	0.01457	0.00796	0.00712	0.01443	0.01177	0.01883	0.01068	0.01264	0.00877	0.00454	0.00429	0.00098	0.00434	0.00362	0.06111	0.69548
44	0.39767	0.01215	0.06531	0.04519	0.07178	0.01204	0.05910	0.04173	0.03980	0.03857	0.06746	0.01673	0.01252	0.02533	0.00563	0.00190	0.01960	0.02695	0.03372	0.00680
45	0.01425	0.07199	0.14902	0.11420	0.13692	0.01128	0.01242	0.04419	0.01409	0.15353	0.12703	0.02115	0.05446	0.00717	0.00564	0.00173	0.00579	0.00606	0.04140	0.00769
46	0.01026	0.02649	0.04202	0.00960	0.03510	0.00745	0.00709	0.01215	0.09560	0.02748	0.06059	0.11659	0.03089	0.01914	0.11971	0.35808	0.00621	0.00709	0.00367	0.00481
47	0.01255	0.01069	0.04321	0.37084	0.11652	0.01112	0.03735	0.01669	0.05077	0.09702	0.15598	0.02103	0.01789	0.00700	0.00594	0.00185	0.00623	0.00626	0.00395	0.00711

[dist]
# distance from previous block
# <min> <max>
0	21

[block]
# block no. 2 follows, 41 sequences, length 10
# corresponding to MSA columns:
# 380-389
name=unknown_C
#
# <colnr> <probs for GDERKNQSTAVLIFYWHMCP>
#	G	D	E	R	K	N	Q	S	T	A	V	L	I	F	Y	W	H	M	C	P
0	0.01227	0.01263	0.09584	0.14587	0.19123	0.02718	0.02909	0.01664	0.08680	0.05095	0.01652	0.07481	0.04935	0.01122	0.08020	0.02883	0.03339	0.00639	0.00355	0.02726
1	0.09149	0.24717	0.01934	0.01238	0.01593	0.37298	0.01015	0.05536	0.06830	0.01665	0.00975	0.01094	0.00811	0.00588	0.00513	0.00151	0.03487	0.00377	0.00318	0.00711
2	0.01102	0.00908	0.02971	0.15276	0.01675	0.02784	0.03526	0.03299	0.03099	0.06972	0.11085	0.05826	0.17229	0.05134	0.05108	0.00245	0.00566	0.05077	0.02319	0.05800
3	0.00918	0.00569	0.00703	0.00734	0.00804	0.00535	0.00481	0.00994	0.01058	0.08209	0.02742	0.37776	0.08183	0.31826	0.01554	0.00349	0.00429	0.01193	0.00476	0.00467
4	0.76398	0.01117	0.00882	0.00790	0.01141	0.01296	0.00646	0.01805	0.07766	0.02550	0.00936	0.01039	0.00722	0.00553	0.00375	0.00179	0.00443	0.00341	0.00375	0.00646
5	0.00860	0.00770	0.03304	0.13928	0.03996	0.00749	0.03999	0.01049	0.01133	0.01496	0.02705	0.40385	0.11269	0.01450	0.02625	0.03108	0.02787	0.03419	0.00434	0.00534
6	0.02885	0.01140	0.05198	0.17968	0.16744	0.03787	0.03096	0.01607	0.11332	0.01738	0.07655	0.02341	0.09764	0.05338	0.00841	0.06271	0.00594	0.00655	0.00374	0.00672
7	0.01064	0.01106	0.07226	0.07918	0.01504	0.06971	0.04730	0.03826	0.01170	0.01550	0.08195	0.02560	0.06543	0.16921	0.21507	0.00451	0.05161	0.00681	0.00352	0.00566
8	0.01068	0.00914	0.05452	0.03001	0.02972	0.02830	0.07462	0.03145	0.04733	0.01474	0.03741	0.09182	0.01566	0.06782	0.09489	0.29815	0.00671	0.02504	0.02704	0.00495
9	0.00974	0.00838	0.01250	0.07735	0.05111	0.01036	0.00961	0.01185	0.00986	0.01433	0.05508	0.02017	0.01408	0.02810	0.44481	0.00616	0.20179	0.00596	0.00306	0.00570

[dist]
# distance from previous block
# <min> <max>
0	3

[block]
# block no. 3 follows, 41 sequences, length 20
# corresponding to MSA columns:
# 393-412
name=unknown_D
#
# <colnr> <probs for GDERKNQSTAVLIFYWHMCP>
#	G	D	E	R	K	N	Q	S	T	A	V	L	I	F	Y	W	H	M	C	P
0	0.01179	0.01098	0.01790	0.29510	0.23575	0.01205	0.05374	0.02664	0.03214	0.01696	0.03653	0.10754	0.01342	0.00739	0.00674	0.00188	0.05608	0.00661	0.00326	0.04749
1	0.01058	0.00814	0.03310	0.01030	0.04979	0.00777	0.00774	0.04535	0.05942	0.05050	0.02664	0.12232	0.10980	0.13209	0.05125	0.00301	0.01872	0.18260	0.06503	0.00582
2	0.01423	0.05079	0.01821	0.18787	0.26626	0.03887	0.03240	0.08898	0.07366	0.04258	0.03056	0.01653	0.01129	0.02146	0.00594	0.00179	0.00635	0.00533	0.07908	0.00782
3	0.01205	0.02558	0.56127	0.01851	0.02621	0.01362	0.22519	0.01817	0.01248	0.01817	0.01063	0.01302	0.00765	0.00526	0.00581	0.00184	0.00879	0.00494	0.00255	0.00824
4	0.01138	0.01005	0.01478	0.01491	0.10094	0.01280	0.01073	0.01241	0.00913	0.01359	0.00989	0.01556	0.00949	0.01780	0.17175	0.14577	0.40540	0.00524	0.00265	0.00571
5	0.01284	0.01114	0.10074	0.03737	0.05919	0.00865	0.00942	0.04486	0.03345	0.13203	0.15363	0.11237	0.04452	0.01049	0.04810	0.00209	0.00537	0.00734	0.00472	0.16165
6	0.00785	0.00793	0.05626	0.12983	0.01394	0.00665	0.00742	0.01010	0.01289	0.01620	0.11841	0.10400	0.46275	0.01251	0.00655	0.00194	0.00401	0.01063	0.00479	0.00534
7	0.01213	0.01057	0.01320	0.01161	0.10192	0.00833	0.00805	0.01477	0.01200	0.01864	0.01024	0.01213	0.00854	0.00434	0.00440	0.00095	0.00454	0.00359	0.00332	0.73673
8	0.01157	0.00974	0.01600	0.01849	0.24386	0.00967	0.08758	0.02956	0.01147	0.01602	0.01481	0.13591	0.01483	0.01224	0.03514	0.18899	0.03529	0.04199	0.00335	0.06351
9	0.03438	0.06078	0.01589	0.03586	0.13861	0.04272	0.03762	0.01415	0.01054	0.04005	0.01217	0.01836	0.01134	0.10935	0.21444	0.00429	0.18450	0.00557	0.00303	0.00635
10	0.06184	0.00789	0.04629	0.05494	0.04249	0.00719	0.00840	0.01170	0.01183	0.04600	0.03644	0.34791	0.04771	0.01554	0.04908	0.00263	0.00520	0.18660	0.00475	0.00560
11	0.02052	0.02565	0.01704	0.01714	0.10556	0.68616	0.01182	0.02222	0.01583	0.01455	0.00907	0.01077	0.00757	0.00580	0.00522	0.00150	0.00990	0.00385	0.00293	0.00692
12	0.03391	0.01249	0.05561	0.14565	0.23253	0.01213	0.11877	0.06178	0.05615	0.04052	0.09244	0.06745	0.01627	0.00721	0.00604	0.00186	0.00647	0.02125	0.00383	0.00764
13	0.06578	0.01238	0.04149	0.20868	0.38449	0.01264	0.01475	0.03563	0.04312	0.04891	0.05347	0.01685	0.02514	0.00603	0.00563	0.00178	0.00642	0.00544	0.00339	0.00797
14	0.00978	0.05698	0.01101	0.10016	0.01289	0.00838	0.00756	0.01021	0.00924	0.01256	0.03688	0.06212	0.01397	0.06032	0.21491	0.30235	0.05717	0.00612	0.00297	0.00443
15	0.01215	0.01139	0.01516	0.09869	0.18468	0.09678	0.05646	0.01404	0.03039	0.01490	0.01628	0.09549	0.06462	0.06043	0.01112	0.14807	0.05326	0.00683	0.00327	0.00601
16	0.01235	0.01520	0.19441	0.20021	0.20774	0.01195	0.04955	0.01638	0.01281	0.05887	0.10007	0.04191	0.01470	0.00675	0.00628	0.00185	0.03204	0.00597	0.00338	0.00760
17	0.04315	0.01269	0.07675	0.15912	0.24310	0.03735	0.01279	0.04944	0.07705	0.01789	0.01490	0.10665	0.01393	0.10062	0.00853	0.00229	0.00635	0.00668	0.00353	0.00719
18	0.01132	0.06774	0.06276	0.23581	0.04815	0.03784	0.01167	0.01409	0.01131	0.01585	0.05339	0.06176	0.01334	0.01102	0.07986	0.00257	0.14881	0.00588	0.10057	0.00626
19	0.01218	0.00979	0.02757	0.01268	0.09694	0.02789	0.03578	0.08325	0.01320	0.05887	0.03281	0.09950	0.03766	0.16398	0.05980	0.00302	0.00615	0.10610	0.00423	0.10859

[dist]
# distance from previous block
# <min> <max>
3	8

[block]
# block no. 4 follows, 41 sequences, length 12
# corresponding to MSA columns:
# 423-434
name=unknown_E
#
# <colnr> <probs for GDERKNQSTAVLIFYWHMCP>
#	G	D	E	R	K	N	Q	S	T	A	V	L	I	F	Y	W	H	M	C	P
0	0.01461	0.03246	0.04929	0.07234	0.10560	0.10522	0.01042	0.05482	0.02515	0.08369	0.06763	0.01628	0.01277	0.02655	0.02618	0.00176	0.03241	0.00490	0.00380	0.25414
1	0.01354	0.10745	0.01358	0.01001	0.01223	0.03775	0.02647	0.03377	0.12457	0.11405	0.01630	0.04224	0.01449	0.15241	0.14539	0.07640	0.04279	0.00616	0.00404	0.00635
2	0.01097	0.00725	0.00977	0.00878	0.01083	0.00688	0.03445	0.01468	0.07595	0.11393	0.47293	0.06005	0.07546	0.01115	0.00665	0.00189	0.00360	0.06246	0.00607	0.00626
3	0.01349	0.06941	0.10077	0.11617	0.07622	0.08539	0.07190	0.02764	0.05891	0.06645	0.12539	0.01958	0.01654	0.03453	0.03645	0.01405	0.02632	0.00587	0.00379	0.03113
4	0.01274	0.03120	0.05338	0.12061	0.11884	0.06125	0.06617	0.03307	0.04141	0.01834	0.10339	0.01703	0.01421	0.00640	0.00659	0.00161	0.07391	0.00531	0.00349	0.21105
5	0.00867	0.00613	0.00757	0.00743	0.00755	0.00664	0.00477	0.00892	0.00853	0.01165	0.01706	0.06661	0.01921	0.57769	0.10876	0.04629	0.07127	0.00799	0.00338	0.00388
6	0.00883	0.00726	0.01023	0.01101	0.06810	0.00693	0.05434	0.03860	0.03710	0.01682	0.05384	0.41034	0.19440	0.01429	0.00692	0.00213	0.00412	0.04409	0.00502	0.00561
7	0.01026	0.00897	0.01370	0.40443	0.07926	0.01037	0.01168	0.01411	0.07837	0.01532	0.01676	0.17874	0.01646	0.10652	0.00894	0.00243	0.00614	0.00791	0.00354	0.00609
8	0.00881	0.00706	0.01048	0.07043	0.14786	0.00706	0.00824	0.01040	0.01112	0.01501	0.02444	0.47349	0.02806	0.11125	0.00961	0.00259	0.00462	0.03959	0.00442	0.00545
9	0.00936	0.00792	0.02641	0.22428	0.01805	0.00869	0.00919	0.03916	0.01073	0.01449	0.01726	0.08226	0.04824	0.13950	0.31347	0.00535	0.00978	0.00712	0.00334	0.00541
10	0.01178	0.01137	0.05119	0.28105	0.09935	0.04462	0.01190	0.10364	0.01383	0.01791	0.02048	0.15677	0.10116	0.02544	0.00660	0.00200	0.00614	0.02429	0.00386	0.00661
11	0.01089	0.02664	0.67487	0.01500	0.02265	0.01224	0.01906	0.01689	0.01220	0.01778	0.01616	0.01739	0.10051	0.00655	0.00560	0.00183	0.00777	0.00520	0.00277	0.00800

[dist]
# distance from previous block
# <min> <max>
0	13

[block]
# block no. 5 follows, 41 sequences, length 31
# corresponding to MSA columns:
# 448-478
name=unknown_F
#
# <colnr> <probs for GDERKNQSTAVLIFYWHMCP>
#	G	D	E	R	K	N	Q	S	T	A	V	L	I	F	Y	W	H	M	C	P
0	0.01325	0.01282	0.02157	0.04493	0.56007	0.02959	0.07921	0.01651	0.01316	0.01844	0.06257	0.07500	0.01414	0.00651	0.00594	0.00177	0.00660	0.00640	0.00325	0.00825
1	0.01138	0.04921	0.07902	0.10988	0.11504	0.05076	0.02679	0.01390	0.01174	0.04400	0.01848	0.23096	0.03474	0.01337	0.08082	0.00269	0.06440	0.03266	0.00373	0.00644
2	0.01005	0.00725	0.00952	0.11385	0.01366	0.03586	0.00757	0.01153	0.01109	0.06847	0.02258	0.28525	0.04600	0.08027	0.13969	0.06087	0.00672	0.06032	0.00425	0.00521
3	0.01337	0.01352	0.01487	0.28590	0.10479	0.20017	0.01200	0.01594	0.01323	0.03791	0.06464	0.14709	0.01674	0.00844	0.00597	0.00185	0.00701	0.02653	0.00360	0.00644
4	0.01485	0.03269	0.12671	0.06067	0.17566	0.01232	0.08696	0.10612	0.05782	0.11733	0.05390	0.02081	0.09435	0.00711	0.00590	0.00179	0.00629	0.00627	0.00426	0.00818
5	0.03782	0.04186	0.12273	0.13405	0.36395	0.01354	0.06467	0.04457	0.01299	0.04066	0.01164	0.04323	0.00966	0.00595	0.00600	0.00179	0.02827	0.00540	0.00307	0.00816
6	0.01486	0.01328	0.06604	0.25413	0.12232	0.09574	0.01276	0.03333	0.04158	0.14188	0.10215	0.01877	0.01501	0.00803	0.03390	0.00205	0.00696	0.00570	0.00402	0.00746
7	0.04242	0.01087	0.01746	0.38249	0.26391	0.01218	0.01444	0.01605	0.03721	0.04005	0.03974	0.01714	0.01103	0.03713	0.03285	0.00221	0.00705	0.00544	0.00312	0.00722
8	0.01453	0.01308	0.08806	0.12340	0.28646	0.01174	0.07607	0.03753	0.01332	0.13567	0.01453	0.04719	0.01191	0.00918	0.06137	0.00237	0.00740	0.03444	0.00371	0.00805
9	0.01414	0.01510	0.13992	0.15468	0.24843	0.04194	0.09451	0.01783	0.01301	0.10886	0.01486	0.01775	0.05017	0.03605	0.00669	0.00194	0.00716	0.00566	0.00340	0.00789
10	0.01662	0.03705	0.01788	0.17080	0.15863	0.25473	0.03558	0.08424	0.05379	0.05165	0.05487	0.01530	0.01151	0.00623	0.00558	0.00169	0.00766	0.00506	0.00361	0.00754
11	0.02758	0.00915	0.01463	0.36504	0.14605	0.01030	0.01253	0.01363	0.01163	0.03651	0.01658	0.18775	0.01631	0.01130	0.05776	0.00248	0.00681	0.04407	0.00351	0.00638
12	0.01402	0.06217	0.31541	0.07159	0.09113	0.06793	0.08519	0.06471	0.01339	0.05874	0.01133	0.01375	0.00861	0.00823	0.05769	0.00228	0.03801	0.00481	0.00306	0.00795
13	0.01302	0.01247	0.06819	0.24676	0.24656	0.02815	0.03372	0.03403	0.04443	0.06444	0.01376	0.06336	0.01183	0.05937	0.03362	0.00233	0.00707	0.00606	0.00339	0.00743
14	0.04130	0.04013	0.07148	0.09985	0.15753	0.22725	0.05138	0.01891	0.02925	0.07007	0.01218	0.01583	0.00996	0.00869	0.05752	0.00223	0.03009	0.03103	0.01800	0.00733
15	0.01385	0.01529	0.11040	0.07055	0.18933	0.09212	0.08112	0.01747	0.03763	0.06441	0.03769	0.02933	0.01151	0.01052	0.08841	0.00264	0.11137	0.00555	0.00329	0.00748
16	0.01248	0.01313	0.15897	0.04614	0.04602	0.00957	0.14576	0.01624	0.01439	0.12511	0.27548	0.04603	0.04894	0.00833	0.00629	0.00184	0.00576	0.00766	0.00470	0.00716
17	0.01409	0.01168	0.05629	0.07589	0.31147	0.01062	0.05841	0.01721	0.01342	0.14197	0.03500	0.04640	0.09309	0.00772	0.00601	0.00184	0.00596	0.05279	0.03231	0.00784
18	0.04699	0.01061	0.04440	0.18730	0.09691	0.03640	0.02374	0.03972	0.02416	0.01726	0.05074	0.10904	0.07104	0.03882	0.00791	0.00219	0.05378	0.12878	0.00393	0.00629
19	0.00739	0.00567	0.00823	0.00884	0.00961	0.00528	0.04849	0.00867	0.01127	0.01493	0.03186	0.68990	0.07792	0.01691	0.00725	0.00228	0.00371	0.03176	0.00517	0.00485
20	0.01124	0.01064	0.07422	0.03843	0.12896	0.00920	0.12274	0.01388	0.01211	0.06841	0.02088	0.28827	0.02185	0.06221	0.00839	0.00232	0.02327	0.07230	0.00419	0.00650
21	0.01323	0.01633	0.19725	0.20714	0.28583	0.02561	0.05950	0.01738	0.01263	0.06257	0.01201	0.04358	0.00962	0.00592	0.00574	0.00181	0.00737	0.00542	0.00302	0.00802
22	0.01296	0.01257	0.04116	0.26161	0.31789	0.06299	0.01463	0.01620	0.01274	0.04412	0.03872	0.04282	0.02540	0.00806	0.03500	0.00210	0.00722	0.03316	0.00323	0.00743
23	0.00941	0.00743	0.00735	0.00722	0.00756	0.07081	0.00444	0.00972	0.00906	0.01153	0.01700	0.03379	0.01907	0.66374	0.09449	0.00553	0.00683	0.00773	0.00339	0.00388
24	0.06738	0.01043	0.01246	0.00901	0.01401	0.00823	0.03482	0.01471	0.01178	0.01910	0.01007	0.01182	0.00833	0.00433	0.00429	0.00095	0.00446	0.00350	0.00338	0.74694
25	0.01560	0.15535	0.06873	0.03739	0.10777	0.23581	0.06347	0.03940	0.01337	0.01577	0.01246	0.01463	0.05825	0.00677	0.00738	0.00172	0.13117	0.00485	0.00297	0.00715
26	0.01048	0.00746	0.01043	0.01056	0.04001	0.00722	0.04460	0.06075	0.01365	0.06952	0.09392	0.27579	0.10968	0.03337	0.03041	0.00246	0.00481	0.16380	0.00521	0.00587
27	0.01714	0.39130	0.10103	0.01277	0.05654	0.01769	0.02880	0.11485	0.05877	0.13202	0.01231	0.01277	0.00940	0.00572	0.00475	0.00152	0.00622	0.00426	0.00381	0.00833
28	0.01371	0.01166	0.11322	0.06610	0.09490	0.00919	0.05382	0.01703	0.02845	0.18978	0.07282	0.10059	0.09936	0.01999	0.00661	0.00200	0.00555	0.08313	0.00479	0.00729
29	0.01411	0.06412	0.33607	0.01887	0.14207	0.06255	0.09572	0.07690	0.02966	0.04061	0.01193	0.04296	0.00950	0.00610	0.00590	0.00178	0.02455	0.00519	0.00316	0.00825
30	0.01914	0.01029	0.01441	0.02911	0.03777	0.00979	0.07202	0.07014	0.09476	0.40148	0.04164	0.06126	0.08120	0.02195	0.00644	0.00191	0.00517	0.00707	0.00594	0.00849

[dist]
# distance from previous block
# <min> <max>
0	34

# created by:
# /home/cegg/simao/soft/augustus-3.2.1/scripts/msa2prfl.pl ./align_prep/EOG091G0K6O.fa
