[name]
unknown

[dist]
# distance from previous block
# <min> <max>
1	20

[block]
# block no. 0 follows, 38 sequences, length 22
# corresponding to MSA columns:
# 31-52
name=unknown_A
#
# <colnr> <probs for GDERKNQSTAVLIFYWHMCP>
#	G	D	E	R	K	N	Q	S	T	A	V	L	I	F	Y	W	H	M	C	P
0	0.02268	0.01184	0.01878	0.01412	0.01894	0.01086	0.17270	0.04986	0.05737	0.49969	0.04412	0.02021	0.01497	0.00709	0.00632	0.00191	0.00622	0.00646	0.00630	0.00957
1	0.01517	0.01205	0.01333	0.01105	0.01489	0.01252	0.00874	0.14491	0.32964	0.04640	0.12245	0.02195	0.02018	0.00773	0.00586	0.00171	0.00475	0.00639	0.00563	0.19466
2	0.01398	0.01209	0.01805	0.60121	0.03625	0.01457	0.01551	0.17813	0.01573	0.02050	0.01155	0.01568	0.00852	0.00629	0.00602	0.00196	0.00770	0.00536	0.00343	0.00749
3	0.03530	0.01637	0.01681	0.19226	0.02306	0.14920	0.01220	0.33663	0.04335	0.02575	0.01299	0.01514	0.00987	0.01006	0.07214	0.00250	0.00843	0.00521	0.00442	0.00829
4	0.00762	0.00551	0.00759	0.00867	0.00918	0.00549	0.00602	0.00891	0.01110	0.01504	0.02928	0.61158	0.03416	0.02482	0.17986	0.00409	0.00636	0.01468	0.00505	0.00500
5	0.20057	0.01263	0.01252	0.01126	0.01473	0.01463	0.00884	0.02872	0.57418	0.02558	0.02082	0.01956	0.01567	0.00758	0.00558	0.00200	0.00474	0.00600	0.00558	0.00884
6	0.01447	0.48722	0.32240	0.01304	0.01969	0.01986	0.01508	0.01843	0.01241	0.01612	0.00934	0.01087	0.00768	0.00537	0.00460	0.00153	0.00742	0.00371	0.00256	0.00819
7	0.01404	0.00746	0.00949	0.00833	0.01091	0.00653	0.00645	0.01626	0.01575	0.25308	0.28239	0.10398	0.19823	0.01182	0.00676	0.00194	0.00370	0.01013	0.00648	0.02628
8	0.00836	0.00597	0.00686	0.00686	0.00746	0.00588	0.00436	0.00898	0.01000	0.01301	0.02813	0.04153	0.18626	0.51574	0.12101	0.00547	0.00654	0.00935	0.00403	0.00420
9	0.01089	0.00877	0.00978	0.00879	0.01115	0.03250	0.00650	0.07478	0.03341	0.01988	0.15906	0.22568	0.09114	0.08520	0.00870	0.00218	0.00432	0.00997	0.00510	0.19219
10	0.01047	0.00932	0.00932	0.00962	0.01115	0.07911	0.00691	0.01526	0.17806	0.01765	0.03268	0.43997	0.12754	0.01473	0.00703	0.00221	0.00442	0.01291	0.00547	0.00616
11	0.00969	0.01204	0.17912	0.01183	0.01469	0.00806	0.01159	0.01302	0.01305	0.01763	0.02736	0.22116	0.02968	0.01465	0.00757	0.00250	0.00583	0.38953	0.00487	0.00615
12	0.01136	0.01069	0.01804	0.77412	0.04143	0.01337	0.01671	0.01537	0.01203	0.01537	0.01069	0.01604	0.00802	0.00601	0.00601	0.00200	0.00802	0.00535	0.00267	0.00668
13	0.01860	0.02213	0.01504	0.01386	0.01653	0.52133	0.01049	0.02175	0.08383	0.01554	0.01229	0.01485	0.01041	0.01524	0.17818	0.00344	0.01147	0.00474	0.00341	0.00685
14	0.01980	0.02460	0.08890	0.02038	0.18589	0.45764	0.01417	0.08404	0.01686	0.01828	0.01035	0.01226	0.00836	0.00605	0.00562	0.00166	0.00945	0.00440	0.00327	0.00802
15	0.02056	0.01215	0.01893	0.01437	0.01871	0.01179	0.17292	0.09675	0.01665	0.37859	0.02228	0.02179	0.08195	0.00789	0.00758	0.00198	0.07370	0.00678	0.00570	0.00895
16	0.01237	0.00896	0.00995	0.00893	0.01104	0.00908	0.00667	0.20522	0.01653	0.03704	0.07415	0.13374	0.21343	0.18911	0.01225	0.00290	0.00482	0.03217	0.00536	0.00628
17	0.01524	0.01717	0.02496	0.11612	0.09128	0.18479	0.31221	0.01879	0.01387	0.01706	0.01137	0.01534	0.00916	0.00926	0.07333	0.00259	0.05112	0.00584	0.00300	0.00748
18	0.01788	0.01764	0.01790	0.08524	0.18580	0.22235	0.01275	0.18256	0.05712	0.02149	0.01276	0.01645	0.01067	0.08053	0.00858	0.00217	0.03074	0.00536	0.00391	0.00809
19	0.01379	0.01343	0.01811	0.40017	0.16296	0.07951	0.01495	0.02046	0.17838	0.01832	0.01382	0.01683	0.01062	0.00640	0.00598	0.00193	0.00737	0.00555	0.00355	0.00787
20	0.01599	0.01465	0.01904	0.01523	0.01798	0.12912	0.17720	0.07976	0.01390	0.08717	0.01370	0.02028	0.01221	0.18496	0.01456	0.00291	0.16421	0.00636	0.00378	0.00700
21	0.00988	0.00864	0.01232	0.01520	0.17844	0.00897	0.00935	0.01181	0.01224	0.01636	0.03155	0.18939	0.23717	0.03632	0.08078	0.00298	0.09349	0.03449	0.00438	0.00623

[dist]
# distance from previous block
# <min> <max>
7	41

[block]
# block no. 1 follows, 38 sequences, length 8
# corresponding to MSA columns:
# 94-101
name=unknown_B
#
# <colnr> <probs for GDERKNQSTAVLIFYWHMCP>
#	G	D	E	R	K	N	Q	S	T	A	V	L	I	F	Y	W	H	M	C	P
0	0.01287	0.16726	0.16396	0.38444	0.07221	0.01568	0.01614	0.01791	0.06205	0.01676	0.01124	0.01452	0.00868	0.00590	0.00554	0.00184	0.00761	0.00486	0.00288	0.00767
1	0.01461	0.00906	0.01307	0.08229	0.05807	0.00946	0.01059	0.01729	0.01433	0.19810	0.09373	0.04070	0.02535	0.01172	0.00847	0.00232	0.08455	0.29375	0.00540	0.00714
2	0.01936	0.01406	0.15857	0.01220	0.01686	0.01017	0.03312	0.06070	0.01606	0.38549	0.09489	0.09057	0.01939	0.00866	0.00669	0.00195	0.02932	0.00721	0.00588	0.00884
3	0.00835	0.00661	0.00977	0.20140	0.01697	0.00702	0.00839	0.01014	0.01165	0.01536	0.02749	0.59091	0.03178	0.01561	0.00726	0.00233	0.00463	0.01414	0.00485	0.00534
4	0.00883	0.00668	0.00935	0.01075	0.07693	0.00632	0.00712	0.01120	0.01485	0.02065	0.41429	0.26378	0.04574	0.01394	0.00726	0.00211	0.00363	0.06489	0.00590	0.00578
5	0.10424	0.01326	0.05119	0.01230	0.01617	0.01307	0.05879	0.29028	0.04827	0.02670	0.02133	0.11139	0.07503	0.00966	0.00626	0.00198	0.00582	0.07935	0.00514	0.04979
6	0.15287	0.01371	0.01770	0.16435	0.21403	0.07360	0.04819	0.09822	0.01450	0.02134	0.01291	0.08446	0.01140	0.00699	0.00571	0.00186	0.00683	0.00598	0.00367	0.04168
7	0.05620	0.09069	0.04674	0.07036	0.03824	0.18846	0.01070	0.13387	0.01623	0.02053	0.06775	0.03350	0.10397	0.00825	0.00667	0.00181	0.06033	0.00616	0.03227	0.00725

[dist]
# distance from previous block
# <min> <max>
8	17

[block]
# block no. 2 follows, 38 sequences, length 33
# corresponding to MSA columns:
# 120-152
name=unknown_C
#
# <colnr> <probs for GDERKNQSTAVLIFYWHMCP>
#	G	D	E	R	K	N	Q	S	T	A	V	L	I	F	Y	W	H	M	C	P
0	0.08581	0.05990	0.01515	0.27174	0.04353	0.03186	0.01126	0.10816	0.05902	0.02089	0.06139	0.03087	0.05504	0.00996	0.05640	0.00238	0.00683	0.00610	0.05660	0.00712
1	0.05953	0.00881	0.01052	0.01008	0.01231	0.00892	0.00785	0.12404	0.05495	0.11212	0.02774	0.32456	0.05419	0.01360	0.00696	0.00224	0.00466	0.13235	0.00577	0.01881
2	0.01307	0.01105	0.01338	0.00985	0.01486	0.00895	0.03209	0.07383	0.01378	0.02084	0.01244	0.06059	0.01094	0.00560	0.00487	0.00110	0.00477	0.00468	0.00387	0.67946
3	0.01264	0.01084	0.01255	0.00913	0.01435	0.00848	0.00729	0.01627	0.06109	0.01997	0.01161	0.01314	0.00954	0.00470	0.00457	0.00097	0.00448	0.00378	0.00373	0.77085
4	0.06138	0.01436	0.07922	0.02113	0.21559	0.01250	0.17256	0.01996	0.05941	0.10920	0.03161	0.01864	0.01246	0.00632	0.00603	0.00181	0.00691	0.03710	0.00401	0.10979
5	0.01045	0.00522	0.00784	0.00784	0.00784	0.00522	0.00522	0.00784	0.00784	0.01045	0.01045	0.01829	0.01045	0.02090	0.02351	0.82497	0.00522	0.00522	0.00261	0.00261
6	0.01330	0.00952	0.01072	0.00941	0.01218	0.00969	0.00734	0.12983	0.16322	0.08852	0.22079	0.05996	0.21858	0.01121	0.00666	0.00196	0.00410	0.00944	0.00619	0.00739
7	0.01608	0.64047	0.08325	0.01134	0.01645	0.02243	0.01141	0.06553	0.01316	0.01612	0.00892	0.01039	0.00789	0.00563	0.00504	0.00144	0.05016	0.00357	0.00280	0.00791
8	0.31332	0.01356	0.06303	0.01553	0.13015	0.01334	0.06303	0.08556	0.05866	0.08748	0.01294	0.01478	0.00991	0.00999	0.08192	0.00266	0.00710	0.00493	0.00412	0.00799
9	0.00941	0.00658	0.00823	0.00823	0.00955	0.00625	0.00595	0.05668	0.01502	0.04263	0.31185	0.33819	0.10413	0.03895	0.00796	0.00224	0.00352	0.01295	0.00601	0.00568
10	0.01293	0.18114	0.56570	0.01570	0.02327	0.01621	0.01927	0.01855	0.01238	0.01778	0.01013	0.01212	0.00766	0.00591	0.00625	0.00183	0.05784	0.00425	0.00255	0.00851
11	0.02741	0.12156	0.56702	0.01707	0.05648	0.06166	0.03079	0.01919	0.01294	0.01836	0.01041	0.01232	0.00773	0.00565	0.00547	0.00180	0.00858	0.00432	0.00263	0.00861
12	0.01523	0.00870	0.01026	0.00896	0.01191	0.00825	0.00701	0.04466	0.12398	0.24595	0.09717	0.08389	0.25659	0.01118	0.00652	0.00196	0.00407	0.00938	0.03674	0.00757
13	0.01422	0.01579	0.03303	0.02622	0.12131	0.01530	0.59470	0.01887	0.01382	0.01902	0.01180	0.01587	0.00910	0.00545	0.00775	0.00204	0.05775	0.00677	0.00301	0.00820
14	0.00868	0.00626	0.00909	0.00925	0.01013	0.00703	0.00699	0.01031	0.00979	0.01382	0.01790	0.07764	0.01795	0.11089	0.56928	0.05454	0.01321	0.03872	0.00349	0.00503
15	0.01506	0.13529	0.20553	0.01230	0.01733	0.06235	0.01223	0.10294	0.12591	0.06898	0.02345	0.02312	0.15431	0.00818	0.00581	0.00182	0.00637	0.00641	0.00445	0.00819
16	0.00809	0.00600	0.00715	0.00756	0.00898	0.00535	0.00558	0.00977	0.01357	0.03589	0.14477	0.28886	0.34675	0.01590	0.00736	0.00220	0.00342	0.07174	0.00577	0.00527
17	0.07785	0.01537	0.05713	0.01257	0.01708	0.01577	0.01066	0.37496	0.21191	0.05284	0.01829	0.01783	0.03953	0.00745	0.00583	0.00185	0.00584	0.00578	0.00560	0.04588
18	0.01315	0.01295	0.01992	0.50037	0.25651	0.06195	0.01692	0.01687	0.01286	0.01664	0.01079	0.01535	0.00846	0.00583	0.00596	0.00191	0.00793	0.00526	0.00279	0.00757
19	0.00736	0.00585	0.00661	0.00696	0.00841	0.00510	0.00501	0.00891	0.01350	0.01702	0.14251	0.26963	0.45008	0.01591	0.00727	0.00213	0.00315	0.01375	0.00572	0.00510
20	0.02908	0.01566	0.06827	0.21786	0.39064	0.09174	0.01675	0.01896	0.01372	0.06370	0.01163	0.01488	0.00912	0.00577	0.00587	0.00183	0.00770	0.00515	0.00317	0.00850
21	0.04066	0.01454	0.02260	0.03616	0.02255	0.03379	0.28219	0.13305	0.13232	0.12434	0.01573	0.01686	0.01141	0.00624	0.00623	0.00185	0.00735	0.00609	0.00466	0.08137
22	0.01478	0.01419	0.02423	0.05878	0.73002	0.01427	0.01841	0.01837	0.01365	0.01953	0.01130	0.01492	0.00948	0.00538	0.00596	0.00179	0.00717	0.00536	0.00297	0.00944
23	0.00872	0.00688	0.00967	0.00986	0.01150	0.00645	0.05180	0.01095	0.01355	0.01744	0.08251	0.20825	0.22602	0.01573	0.00771	0.00241	0.00457	0.29505	0.00547	0.00545
24	0.01615	0.15290	0.06661	0.07421	0.29108	0.04953	0.11318	0.06369	0.01450	0.06465	0.01163	0.01420	0.00920	0.00576	0.00608	0.00177	0.02769	0.00515	0.00333	0.00869
25	0.01411	0.16488	0.45140	0.01764	0.07238	0.01628	0.07890	0.08116	0.01417	0.01988	0.01083	0.01275	0.00812	0.00567	0.00554	0.00179	0.00824	0.00459	0.00292	0.00877
26	0.00732	0.00528	0.00693	0.00825	0.00869	0.00490	0.00553	0.00839	0.01164	0.01541	0.03468	0.74479	0.07867	0.01865	0.00765	0.00242	0.00347	0.01686	0.00558	0.00490
27	0.09149	0.10696	0.06390	0.01405	0.07577	0.01387	0.05558	0.15361	0.03757	0.23227	0.01956	0.01924	0.07550	0.00724	0.00571	0.00181	0.00603	0.00586	0.00513	0.00886
28	0.01797	0.01570	0.10612	0.01264	0.01678	0.06417	0.01113	0.28605	0.07301	0.11861	0.06415	0.11841	0.01868	0.00929	0.00633	0.00195	0.00618	0.03867	0.00554	0.00862
29	0.00758	0.00558	0.00767	0.05626	0.01077	0.00542	0.00628	0.00881	0.01155	0.01536	0.03175	0.73660	0.03780	0.01804	0.00757	0.00242	0.00377	0.01637	0.00540	0.00500
30	0.01326	0.01345	0.02006	0.01671	0.01729	0.01812	0.08150	0.01493	0.00969	0.01493	0.00830	0.01345	0.00801	0.01001	0.01854	0.00257	0.70433	0.00544	0.00267	0.00673
31	0.08523	0.37032	0.02456	0.01439	0.08958	0.02864	0.05575	0.12087	0.05480	0.08581	0.01201	0.01294	0.00946	0.00588	0.00490	0.00160	0.00647	0.00444	0.00386	0.00849
32	0.01352	0.01299	0.02200	0.29537	0.44126	0.01424	0.03091	0.01714	0.01284	0.01781	0.01090	0.01521	0.00889	0.00591	0.00686	0.00192	0.05569	0.00538	0.00285	0.00831

[dist]
# distance from previous block
# <min> <max>
0	1

[block]
# block no. 3 follows, 38 sequences, length 11
# corresponding to MSA columns:
# 154-164
name=unknown_D
#
# <colnr> <probs for GDERKNQSTAVLIFYWHMCP>
#	G	D	E	R	K	N	Q	S	T	A	V	L	I	F	Y	W	H	M	C	P
0	0.00770	0.00548	0.00726	0.00847	0.00895	0.00518	0.00585	0.00893	0.01182	0.01578	0.06619	0.63356	0.03894	0.06854	0.00921	0.00267	0.00380	0.08128	0.00550	0.00490
1	0.01673	0.01785	0.01591	0.01519	0.06193	0.30088	0.03917	0.09841	0.06574	0.01864	0.01658	0.19304	0.01640	0.00973	0.00761	0.00196	0.08519	0.00769	0.00416	0.00719
2	0.01130	0.01072	0.01850	0.67724	0.03874	0.01296	0.06284	0.01519	0.01214	0.01563	0.01219	0.06391	0.01007	0.00675	0.00619	0.00203	0.00788	0.00619	0.00288	0.00666
3	0.01247	0.01069	0.01247	0.00891	0.01426	0.00802	0.00713	0.01515	0.01247	0.01960	0.01069	0.01247	0.00891	0.00446	0.00446	0.00089	0.00446	0.00356	0.00356	0.82536
4	0.07753	0.01402	0.07801	0.01212	0.01621	0.01387	0.01030	0.02939	0.51674	0.13135	0.02198	0.02036	0.01604	0.00765	0.00590	0.00199	0.00516	0.00622	0.00582	0.00935
5	0.00789	0.00551	0.00701	0.00799	0.00830	0.00529	0.00525	0.00873	0.01083	0.01441	0.02884	0.52050	0.03414	0.24840	0.01456	0.00347	0.00431	0.05503	0.00500	0.00455
6	0.01564	0.68323	0.02854	0.01020	0.01497	0.06154	0.00987	0.01752	0.01261	0.01437	0.01299	0.01391	0.07218	0.00608	0.00423	0.00137	0.00637	0.00408	0.00286	0.00745
7	0.01553	0.53409	0.22136	0.01236	0.01847	0.02083	0.01352	0.07163	0.01355	0.01722	0.00946	0.01081	0.00788	0.00545	0.00451	0.00149	0.00709	0.00370	0.00282	0.00822
8	0.02032	0.04262	0.01965	0.01781	0.12816	0.13922	0.04391	0.39435	0.08541	0.02872	0.01372	0.01455	0.01030	0.00670	0.00590	0.00177	0.00737	0.00528	0.00486	0.00936
9	0.01630	0.01236	0.01490	0.07634	0.04394	0.01339	0.01028	0.27716	0.06538	0.06462	0.05521	0.02124	0.07804	0.01054	0.05687	0.00234	0.06407	0.00632	0.02125	0.08945
10	0.01440	0.13809	0.39995	0.01667	0.02322	0.11099	0.10364	0.01977	0.04011	0.01778	0.01076	0.01284	0.00825	0.00599	0.00641	0.00183	0.05358	0.00465	0.00281	0.00827

[dist]
# distance from previous block
# <min> <max>
0	2

[block]
# block no. 4 follows, 38 sequences, length 28
# corresponding to MSA columns:
# 183-210
name=unknown_E
#
# <colnr> <probs for GDERKNQSTAVLIFYWHMCP>
#	G	D	E	R	K	N	Q	S	T	A	V	L	I	F	Y	W	H	M	C	P
0	0.01214	0.01179	0.01922	0.14411	0.08970	0.01376	0.13700	0.01487	0.01180	0.01666	0.01744	0.05023	0.09849	0.00902	0.01107	0.00219	0.27518	0.00697	0.05154	0.00684
1	0.01644	0.06033	0.11216	0.01587	0.02056	0.01261	0.22493	0.02067	0.05004	0.21271	0.04029	0.10458	0.01570	0.00806	0.00727	0.00201	0.05547	0.00739	0.00464	0.00828
2	0.00753	0.00623	0.00668	0.00690	0.00883	0.00538	0.00540	0.00925	0.01373	0.01653	0.05623	0.05951	0.63306	0.01546	0.00730	0.00215	0.00345	0.12565	0.00558	0.00515
3	0.01207	0.03112	0.75741	0.01715	0.02604	0.01397	0.02223	0.01905	0.01270	0.01905	0.01080	0.01270	0.00762	0.00572	0.00572	0.00191	0.00889	0.00445	0.00254	0.00889
4	0.04112	0.01160	0.01537	0.06016	0.01725	0.07775	0.14704	0.05423	0.01553	0.09774	0.13622	0.03312	0.24804	0.00986	0.00660	0.00193	0.00587	0.00867	0.00500	0.00690
5	0.01049	0.00815	0.00988	0.00998	0.01162	0.00861	0.02456	0.01709	0.24853	0.01946	0.02852	0.40064	0.02953	0.01382	0.00689	0.00223	0.00414	0.05974	0.07954	0.00658
6	0.06215	0.01398	0.01462	0.01246	0.01629	0.01594	0.00991	0.23224	0.49526	0.02893	0.02071	0.01945	0.01537	0.00775	0.00596	0.00196	0.00529	0.00621	0.00596	0.00956
7	0.01436	0.01426	0.02807	0.10190	0.07400	0.01420	0.45131	0.01943	0.05942	0.06265	0.01428	0.05533	0.01145	0.00647	0.00741	0.00205	0.04468	0.00714	0.00356	0.00803
8	0.01218	0.10592	0.64035	0.01581	0.02392	0.01443	0.01999	0.01833	0.01271	0.01840	0.01351	0.01506	0.05134	0.00622	0.00561	0.00185	0.00830	0.00481	0.00272	0.00855
9	0.00724	0.00610	0.00628	0.00623	0.00821	0.00514	0.00468	0.00889	0.01403	0.01700	0.12605	0.05667	0.68305	0.01496	0.00711	0.00202	0.00303	0.01252	0.00568	0.00514
10	0.09797	0.01314	0.01502	0.01256	0.01638	0.01451	0.05226	0.18444	0.35629	0.07348	0.05899	0.02163	0.01721	0.00797	0.00604	0.00197	0.00543	0.02994	0.00577	0.00900
11	0.06221	0.01363	0.02440	0.23208	0.21512	0.01452	0.23912	0.01825	0.04697	0.01879	0.01168	0.01559	0.00914	0.00585	0.00690	0.00198	0.04687	0.00584	0.00309	0.00797
12	0.03590	0.00706	0.00937	0.01005	0.01132	0.00718	0.00806	0.01228	0.01286	0.06714	0.03107	0.30714	0.07088	0.01596	0.00845	0.00252	0.05320	0.31842	0.00545	0.00570
13	0.00844	0.00588	0.00647	0.00647	0.00685	0.00569	0.00382	0.00873	0.00967	0.01252	0.02679	0.04283	0.15753	0.64423	0.02623	0.00512	0.00531	0.00949	0.00401	0.00391
14	0.12610	0.01533	0.01577	0.01359	0.01594	0.10949	0.01098	0.11814	0.18586	0.02192	0.01295	0.01479	0.01049	0.00831	0.01071	0.00214	0.29034	0.00521	0.00412	0.00782
15	0.05931	0.01394	0.04155	0.26408	0.02659	0.04206	0.11645	0.20553	0.01728	0.04223	0.05872	0.01915	0.05250	0.00709	0.00614	0.00192	0.00725	0.00618	0.00420	0.00784
16	0.10747	0.00818	0.00862	0.00780	0.01026	0.00850	0.00609	0.01939	0.13154	0.12878	0.06308	0.02205	0.01727	0.00741	0.00490	0.00165	0.00367	0.00591	0.43043	0.00702
17	0.01330	0.01331	0.02279	0.01787	0.02034	0.01548	0.26209	0.05152	0.01193	0.01711	0.01120	0.01694	0.01000	0.06017	0.08734	0.00326	0.34904	0.00624	0.00307	0.00700
18	0.01424	0.01213	0.01959	0.49609	0.15979	0.03686	0.05426	0.01797	0.01318	0.10010	0.01231	0.01619	0.00911	0.00602	0.00605	0.00194	0.00774	0.00548	0.00330	0.00766
19	0.01658	0.01229	0.01541	0.06078	0.01723	0.09705	0.08091	0.03347	0.05066	0.20279	0.01979	0.18845	0.01782	0.00994	0.00816	0.00207	0.10768	0.00823	0.04320	0.00750
20	0.00798	0.00600	0.00738	0.00731	0.00873	0.00541	0.00538	0.01021	0.01536	0.02081	0.46594	0.15704	0.23238	0.01402	0.00718	0.00201	0.00299	0.01226	0.00620	0.00541
21	0.01401	0.01456	0.02689	0.07529	0.06328	0.04192	0.42963	0.01959	0.09186	0.03246	0.01556	0.06168	0.01314	0.00708	0.00718	0.00207	0.02719	0.04503	0.00369	0.00788
22	0.09232	0.01143	0.04875	0.05318	0.03966	0.01105	0.08197	0.04164	0.14919	0.11942	0.04432	0.02335	0.08747	0.01004	0.05099	0.00234	0.00603	0.00665	0.11249	0.00770
23	0.00753	0.00598	0.00681	0.00721	0.00874	0.00526	0.00538	0.00919	0.01355	0.01697	0.11802	0.22153	0.45631	0.01590	0.00735	0.00218	0.00336	0.07791	0.00568	0.00514
24	0.01503	0.01423	0.02211	0.27610	0.21215	0.06764	0.13782	0.05829	0.02506	0.05325	0.01198	0.01545	0.00920	0.00588	0.00631	0.00187	0.02015	0.00554	0.00334	0.03861
25	0.10671	0.01470	0.01655	0.05264	0.08222	0.05501	0.01132	0.32637	0.04423	0.13142	0.01439	0.01528	0.01051	0.00850	0.03606	0.00218	0.05256	0.00526	0.00508	0.00900
26	0.05963	0.03931	0.02141	0.18383	0.06203	0.01486	0.16996	0.11192	0.01483	0.09347	0.01322	0.01771	0.01045	0.00718	0.00816	0.00205	0.11958	0.03863	0.00387	0.00792
27	0.08611	0.01150	0.01376	0.02495	0.01512	0.01194	0.04803	0.26676	0.01892	0.14569	0.06607	0.07663	0.05984	0.00876	0.00614	0.01230	0.00526	0.00707	0.10704	0.00809

[dist]
# distance from previous block
# <min> <max>
0	2

[block]
# block no. 5 follows, 38 sequences, length 52
# corresponding to MSA columns:
# 214-262,268-270
name=unknown_F
#
# <colnr> <probs for GDERKNQSTAVLIFYWHMCP>
#	G	D	E	R	K	N	Q	S	T	A	V	L	I	F	Y	W	H	M	C	P
0	0.01446	0.10172	0.14503	0.01362	0.02802	0.08180	0.04677	0.05960	0.10990	0.04860	0.09397	0.04024	0.07123	0.00850	0.00779	0.00194	0.10830	0.00655	0.00423	0.00775
1	0.35745	0.01125	0.01048	0.00906	0.01240	0.01259	0.00730	0.14989	0.10785	0.04623	0.01469	0.01562	0.01110	0.00661	0.00463	0.00176	0.00459	0.00475	0.20428	0.00746
2	0.08168	0.01534	0.01620	0.04797	0.07052	0.06382	0.01106	0.31379	0.23239	0.02880	0.01604	0.01622	0.01197	0.00700	0.00576	0.00183	0.00620	0.00547	0.00522	0.04270
3	0.13193	0.03133	0.19026	0.03532	0.16958	0.07505	0.02675	0.01893	0.01322	0.08029	0.01282	0.01712	0.01050	0.00661	0.00605	0.00183	0.03440	0.05344	0.00356	0.08100
4	0.01462	0.01262	0.02279	0.05833	0.17498	0.01236	0.26506	0.01937	0.07442	0.10427	0.01819	0.10683	0.01604	0.00816	0.00677	0.00206	0.00728	0.06345	0.00426	0.00814
5	0.01261	0.09420	0.62854	0.01733	0.02564	0.01492	0.08721	0.01898	0.01280	0.01866	0.01072	0.01277	0.00777	0.00561	0.00569	0.00186	0.00880	0.00459	0.00259	0.00872
6	0.02653	0.01614	0.15140	0.25612	0.10011	0.02328	0.18267	0.01939	0.04869	0.08353	0.01304	0.01604	0.00957	0.00592	0.00614	0.00194	0.00806	0.00569	0.01764	0.00811
7	0.01402	0.01384	0.02100	0.34393	0.14192	0.08237	0.13944	0.06362	0.01445	0.01882	0.04733	0.01697	0.01122	0.00619	0.00612	0.00189	0.00797	0.00580	0.03558	0.00753
8	0.00767	0.00549	0.00733	0.00848	0.00905	0.00515	0.00592	0.00909	0.01243	0.01672	0.12703	0.63098	0.04161	0.01781	0.00765	0.00240	0.00357	0.07086	0.00572	0.00504
9	0.06879	0.00976	0.01127	0.01004	0.01289	0.00996	0.00776	0.11072	0.14490	0.19022	0.06246	0.22966	0.08360	0.01137	0.00648	0.00206	0.00450	0.00968	0.00609	0.00778
10	0.02508	0.01403	0.10720	0.19310	0.11907	0.04836	0.05999	0.01799	0.09270	0.04054	0.09833	0.04510	0.04751	0.00891	0.02361	0.00215	0.00696	0.03778	0.00405	0.00754
11	0.02177	0.02534	0.01734	0.01523	0.01838	0.57357	0.01172	0.14587	0.01835	0.01873	0.01008	0.01166	0.00819	0.00673	0.00671	0.00168	0.07332	0.00426	0.00357	0.00751
12	0.01213	0.00696	0.00911	0.00811	0.01021	0.00627	0.00624	0.01479	0.01687	0.17005	0.56148	0.04082	0.09007	0.01150	0.00689	0.00189	0.00331	0.01002	0.00672	0.00655
13	0.00876	0.00615	0.00794	0.00762	0.00904	0.00579	0.00579	0.01153	0.01613	0.02308	0.60624	0.04363	0.06824	0.01349	0.03794	0.00222	0.00351	0.04364	0.07362	0.00564
14	0.01889	0.01348	0.01653	0.06381	0.07858	0.01483	0.01147	0.33623	0.07882	0.12423	0.01756	0.07916	0.01434	0.00862	0.00734	0.00199	0.06813	0.03156	0.00542	0.00900
15	0.08835	0.01290	0.01448	0.01160	0.01568	0.01361	0.00957	0.36923	0.02126	0.21605	0.01790	0.01997	0.01325	0.00884	0.02800	0.00208	0.00598	0.05131	0.07084	0.00911
16	0.00824	0.00555	0.00746	0.00848	0.00910	0.00522	0.00581	0.00951	0.01201	0.04507	0.07845	0.66941	0.03871	0.01925	0.04435	0.00274	0.00413	0.01574	0.00561	0.00517
17	0.02203	0.00988	0.01271	0.01028	0.01405	0.00915	0.00833	0.10600	0.01756	0.48725	0.06720	0.08345	0.01949	0.00885	0.00615	0.00189	0.00485	0.02768	0.07418	0.00902
18	0.09287	0.04865	0.01978	0.11007	0.02197	0.05695	0.17783	0.13073	0.04187	0.10952	0.03447	0.07867	0.01418	0.00765	0.00616	0.00195	0.00705	0.02719	0.00451	0.00794
19	0.01979	0.01399	0.01830	0.01543	0.06604	0.02730	0.10249	0.29033	0.09653	0.17960	0.02043	0.02139	0.05984	0.00780	0.00631	0.00191	0.00640	0.03118	0.00565	0.00929
20	0.00740	0.00532	0.00702	0.00824	0.00872	0.00494	0.00555	0.00858	0.01195	0.01596	0.08062	0.71094	0.06586	0.01829	0.00762	0.00239	0.00343	0.01654	0.00565	0.00494
21	0.01420	0.01623	0.03550	0.02535	0.03144	0.01521	0.72921	0.01927	0.01420	0.01927	0.01217	0.01623	0.00913	0.00507	0.00710	0.00203	0.01014	0.00710	0.00304	0.00811
22	0.01428	0.31006	0.39324	0.01414	0.02092	0.05343	0.01628	0.01997	0.07271	0.01754	0.01096	0.01229	0.00855	0.00573	0.00505	0.00167	0.00774	0.00416	0.00287	0.00842
23	0.00910	0.00712	0.01059	0.01052	0.01177	0.00687	0.07615	0.05473	0.01296	0.01730	0.02988	0.61916	0.03467	0.01666	0.00756	0.00238	0.00445	0.05720	0.00536	0.00557
24	0.11469	0.01541	0.01604	0.01281	0.01720	0.01727	0.01046	0.49900	0.17842	0.03392	0.01589	0.01561	0.01154	0.00723	0.00577	0.00186	0.00599	0.00546	0.00577	0.00965
25	0.05035	0.01090	0.01100	0.01027	0.01274	0.06820	0.00774	0.02121	0.29564	0.08141	0.09757	0.17359	0.08071	0.04197	0.00740	0.00219	0.00473	0.00927	0.00569	0.00740
26	0.03598	0.01690	0.01790	0.10556	0.13570	0.19409	0.04300	0.12952	0.14193	0.05486	0.01552	0.01821	0.02139	0.00708	0.00599	0.00186	0.00750	0.03429	0.00433	0.00837
27	0.00873	0.00590	0.00692	0.00692	0.00704	0.00603	0.00409	0.00898	0.00885	0.01193	0.01863	0.03755	0.02108	0.70256	0.11556	0.00628	0.00702	0.00848	0.00360	0.00384
28	0.01164	0.01097	0.01854	0.71659	0.09681	0.01344	0.01684	0.01561	0.01216	0.01570	0.01074	0.01595	0.00814	0.00596	0.00601	0.00199	0.00795	0.00535	0.00270	0.00690
29	0.01760	0.01577	0.01828	0.04532	0.15139	0.10773	0.01290	0.19863	0.09596	0.05176	0.01311	0.01522	0.01039	0.00870	0.03128	0.00223	0.18566	0.00539	0.00419	0.00851
30	0.03506	0.01507	0.07697	0.01381	0.05053	0.01438	0.01139	0.27203	0.18410	0.23435	0.01878	0.01775	0.01307	0.00726	0.00598	0.00188	0.00595	0.00579	0.00598	0.00987
31	0.01407	0.01598	0.03471	0.05909	0.03189	0.01513	0.69711	0.01909	0.01410	0.01909	0.01210	0.01622	0.00908	0.00511	0.00705	0.00203	0.01005	0.00702	0.00303	0.00805
32	0.04611	0.02031	0.01851	0.01490	0.01920	0.26756	0.06266	0.39062	0.02248	0.06081	0.01280	0.01350	0.00942	0.00669	0.00583	0.00174	0.00816	0.00499	0.00482	0.00888
33	0.08005	0.16844	0.01796	0.01208	0.01605	0.19702	0.00993	0.14782	0.12100	0.09881	0.03419	0.01657	0.04113	0.00705	0.00537	0.00170	0.00680	0.00515	0.00463	0.00826
34	0.00859	0.00645	0.00967	0.00967	0.01074	0.00752	0.00752	0.01074	0.00967	0.01396	0.01611	0.02363	0.01504	0.04512	0.76474	0.00967	0.01611	0.00645	0.00322	0.00537
35	0.00738	0.00527	0.00702	0.00834	0.00874	0.00492	0.00559	0.00850	0.01174	0.01571	0.06167	0.75515	0.04046	0.01859	0.00766	0.00242	0.00346	0.01685	0.00563	0.00492
36	0.01377	0.01429	0.05693	0.16197	0.48222	0.01385	0.10006	0.01765	0.01333	0.01867	0.01214	0.04553	0.01033	0.00599	0.00616	0.00188	0.00758	0.00598	0.00302	0.00866
37	0.01401	0.01394	0.02533	0.23016	0.27965	0.01451	0.23361	0.04386	0.04853	0.01929	0.01215	0.01595	0.00945	0.00565	0.00633	0.00193	0.00816	0.00596	0.00317	0.00836
38	0.00789	0.00594	0.00743	0.00832	0.00947	0.00548	0.00629	0.00958	0.01298	0.01665	0.07256	0.36196	0.24909	0.01695	0.00764	0.00238	0.00383	0.18480	0.00562	0.00514
39	0.01806	0.05648	0.02263	0.03728	0.28468	0.28392	0.11028	0.02146	0.04087	0.05083	0.01158	0.01391	0.00928	0.00582	0.00583	0.00173	0.00868	0.00504	0.00332	0.00832
40	0.07340	0.01891	0.01811	0.01469	0.01863	0.21844	0.07014	0.36609	0.02119	0.02720	0.01305	0.04995	0.01052	0.00738	0.00654	0.00183	0.04523	0.00555	0.00465	0.00850
41	0.01122	0.01038	0.01735	0.71122	0.03904	0.01283	0.01613	0.01513	0.01218	0.01559	0.01244	0.02031	0.01021	0.00689	0.00620	0.00207	0.00781	0.06348	0.00291	0.00659
42	0.01207	0.03112	0.75741	0.01715	0.02604	0.01397	0.02223	0.01905	0.01270	0.01905	0.01080	0.01270	0.00762	0.00572	0.00572	0.00191	0.00889	0.00445	0.00254	0.00889
43	0.01223	0.06229	0.72769	0.01687	0.02560	0.01437	0.02174	0.01901	0.01268	0.01885	0.01070	0.01258	0.00762	0.00569	0.00564	0.00188	0.00879	0.00439	0.00254	0.00884
44	0.01113	0.01034	0.01735	0.71110	0.03890	0.01288	0.01595	0.01499	0.01183	0.01525	0.01114	0.01666	0.00860	0.00924	0.06856	0.00264	0.00869	0.00544	0.00272	0.00657
45	0.02143	0.01775	0.03629	0.01398	0.01827	0.10411	0.01158	0.49806	0.08358	0.06155	0.01454	0.01481	0.01059	0.00737	0.00684	0.00185	0.05710	0.00534	0.00544	0.00952
46	0.01498	0.01525	0.02263	0.20635	0.25870	0.10291	0.14007	0.06431	0.01443	0.01876	0.01188	0.04192	0.00992	0.00641	0.00684	0.00192	0.04558	0.00590	0.00320	0.00803
47	0.01311	0.01463	0.10023	0.01901	0.11255	0.01403	0.16870	0.01623	0.01214	0.04343	0.01574	0.07259	0.06221	0.00871	0.01084	0.00216	0.25987	0.00690	0.00338	0.04352
48	0.00869	0.00608	0.00781	0.00781	0.00824	0.00651	0.00520	0.00955	0.00912	0.01259	0.01781	0.03306	0.01913	0.49036	0.32510	0.00737	0.00996	0.00782	0.00348	0.00434
49	0.00859	0.00576	0.00661	0.00677	0.00681	0.00573	0.00386	0.00871	0.00906	0.01208	0.02055	0.12335	0.02389	0.70185	0.02803	0.00545	0.00557	0.00969	0.00386	0.00378
50	0.07771	0.53547	0.08035	0.01128	0.01633	0.07366	0.01099	0.05403	0.06058	0.01739	0.00995	0.01103	0.00844	0.00559	0.00435	0.00147	0.00669	0.00370	0.00309	0.00790
51	0.01739	0.12552	0.04999	0.01238	0.01661	0.11956	0.01045	0.21770	0.17600	0.02446	0.05013	0.04359	0.01432	0.00730	0.00560	0.00169	0.00637	0.00564	0.00477	0.09054

[dist]
# distance from previous block
# <min> <max>
10	52

[block]
# block no. 6 follows, 38 sequences, length 7
# corresponding to MSA columns:
# 361-367
name=unknown_G
#
# <colnr> <probs for GDERKNQSTAVLIFYWHMCP>
#	G	D	E	R	K	N	Q	S	T	A	V	L	I	F	Y	W	H	M	C	P
0	0.01825	0.14613	0.08742	0.01463	0.05034	0.12264	0.07032	0.12069	0.10019	0.12037	0.01552	0.01596	0.03089	0.00654	0.00559	0.00170	0.00707	0.00522	0.00439	0.05617
1	0.01351	0.22675	0.17761	0.04165	0.01786	0.05432	0.04394	0.03965	0.01355	0.04507	0.07801	0.16327	0.01848	0.00892	0.00623	0.00185	0.03085	0.00733	0.00384	0.00733
2	0.01071	0.05455	0.04333	0.00909	0.01176	0.00896	0.00744	0.08312	0.01344	0.01818	0.05824	0.08711	0.17671	0.08965	0.18827	0.00399	0.00742	0.00825	0.00436	0.11542
3	0.04371	0.50426	0.02531	0.01122	0.01572	0.11052	0.01020	0.02101	0.07873	0.08950	0.01145	0.01213	0.00936	0.00595	0.00493	0.00150	0.02908	0.00396	0.00348	0.00797
4	0.01549	0.07821	0.09773	0.15053	0.13782	0.01542	0.08179	0.15315	0.03607	0.04840	0.01260	0.01619	0.01006	0.05189	0.00839	0.00213	0.06664	0.00552	0.00370	0.00828
5	0.19562	0.04916	0.01645	0.01303	0.01628	0.12147	0.08005	0.10488	0.01451	0.07802	0.01411	0.01770	0.03359	0.01086	0.07399	0.00263	0.10989	0.03638	0.00403	0.00735
6	0.01013	0.00698	0.00802	0.00783	0.00847	0.00714	0.00512	0.08105	0.01137	0.01514	0.02077	0.09709	0.02324	0.58162	0.02438	0.00489	0.00570	0.07228	0.00420	0.00457

[dist]
# distance from previous block
# <min> <max>
0	9

[block]
# block no. 7 follows, 38 sequences, length 6
# corresponding to MSA columns:
# 379-384
name=unknown_H
#
# <colnr> <probs for GDERKNQSTAVLIFYWHMCP>
#	G	D	E	R	K	N	Q	S	T	A	V	L	I	F	Y	W	H	M	C	P
0	0.01574	0.01476	0.01724	0.11314	0.02099	0.08404	0.07640	0.09275	0.39579	0.02287	0.01809	0.01859	0.01372	0.00750	0.00706	0.00201	0.05966	0.00613	0.00487	0.00866
1	0.01669	0.14970	0.06461	0.02101	0.11491	0.07888	0.29925	0.14330	0.01641	0.02131	0.01151	0.01401	0.00894	0.00562	0.00601	0.00179	0.00852	0.00553	0.00345	0.00854
2	0.01564	0.35440	0.08112	0.06127	0.05075	0.01725	0.13089	0.01922	0.03465	0.09629	0.07244	0.01602	0.01316	0.00616	0.00532	0.00165	0.00688	0.00521	0.00363	0.00804
3	0.01534	0.01600	0.03120	0.02270	0.02796	0.01604	0.55092	0.12115	0.01570	0.02145	0.01205	0.01565	0.00916	0.00595	0.00827	0.00206	0.09005	0.00666	0.00343	0.00826
4	0.00828	0.00614	0.00852	0.07153	0.01195	0.00605	0.00703	0.01027	0.01336	0.01809	0.22721	0.42990	0.04119	0.01572	0.00746	0.00230	0.00394	0.10011	0.00562	0.00533
5	0.01049	0.00824	0.01395	0.05935	0.01579	0.00796	0.14470	0.01292	0.01309	0.06635	0.11569	0.37912	0.03079	0.01536	0.05303	0.00268	0.00589	0.03343	0.00503	0.00612

[dist]
# distance from previous block
# <min> <max>
0	4

[block]
# block no. 8 follows, 38 sequences, length 79
# corresponding to MSA columns:
# 389-421,424-469
name=unknown_I
#
# <colnr> <probs for GDERKNQSTAVLIFYWHMCP>
#	G	D	E	R	K	N	Q	S	T	A	V	L	I	F	Y	W	H	M	C	P
0	0.00941	0.08217	0.03765	0.00894	0.01039	0.00747	0.00694	0.01090	0.01195	0.04305	0.02984	0.48401	0.07215	0.08048	0.00912	0.00258	0.00439	0.07800	0.00509	0.00547
1	0.01034	0.01337	0.20721	0.01075	0.01445	0.00849	0.02773	0.01466	0.04449	0.04862	0.37275	0.07860	0.10298	0.01069	0.00669	0.00195	0.00484	0.00928	0.00531	0.00681
2	0.01229	0.07168	0.64255	0.01692	0.02514	0.01428	0.06584	0.01871	0.01293	0.01898	0.03880	0.01398	0.00959	0.00589	0.00575	0.00188	0.00860	0.00479	0.00273	0.00865
3	0.01410	0.15609	0.26392	0.03274	0.02664	0.04412	0.34001	0.01909	0.01345	0.01808	0.01094	0.01376	0.00833	0.00535	0.00601	0.00184	0.00909	0.00543	0.00280	0.00823
4	0.02192	0.09846	0.01849	0.01486	0.01831	0.62407	0.01148	0.09131	0.01768	0.01690	0.00971	0.01108	0.00798	0.00620	0.00534	0.00155	0.01003	0.00396	0.00333	0.00736
5	0.01632	0.01204	0.01331	0.01166	0.01509	0.01322	0.00929	0.12379	0.43420	0.10948	0.05493	0.02750	0.06016	0.00916	0.00636	0.00204	0.00494	0.06130	0.00620	0.00899
6	0.01103	0.00908	0.01398	0.26869	0.12913	0.00978	0.01170	0.01430	0.03087	0.04437	0.12757	0.15973	0.06555	0.01057	0.00671	0.00209	0.00568	0.06805	0.00446	0.00665
7	0.01065	0.01034	0.07219	0.01080	0.01309	0.04971	0.03558	0.03537	0.01379	0.03531	0.04697	0.19529	0.14187	0.05503	0.00860	0.00251	0.00546	0.24641	0.00506	0.00595
8	0.01500	0.00763	0.00986	0.00846	0.01116	0.00673	0.00664	0.01743	0.01653	0.28903	0.36618	0.03825	0.16033	0.01104	0.00672	0.00190	0.00370	0.00943	0.00674	0.00723
9	0.01291	0.02264	0.46152	0.03401	0.02299	0.01210	0.09063	0.01831	0.01350	0.08569	0.05666	0.06106	0.03775	0.00764	0.00623	0.00198	0.00771	0.03480	0.00365	0.00823
10	0.01384	0.02525	0.46206	0.01874	0.05393	0.06092	0.13168	0.01928	0.01305	0.04638	0.01113	0.01358	0.00825	0.00620	0.00742	0.00197	0.08995	0.00501	0.00287	0.00848
11	0.01136	0.01069	0.01804	0.77412	0.04143	0.01337	0.01671	0.01537	0.01203	0.01537	0.01069	0.01604	0.00802	0.00601	0.00601	0.00200	0.00802	0.00535	0.00267	0.00668
12	0.01231	0.07824	0.71247	0.01672	0.02538	0.01458	0.02149	0.01899	0.01267	0.01875	0.01065	0.01251	0.00763	0.00568	0.00560	0.00187	0.00874	0.00437	0.00254	0.00882
13	0.01363	0.01568	0.11605	0.26601	0.22339	0.01460	0.14235	0.05721	0.01368	0.01886	0.01118	0.01509	0.00868	0.00596	0.00693	0.00196	0.05204	0.00554	0.00299	0.00816
14	0.01238	0.07539	0.69355	0.01731	0.04636	0.01456	0.02142	0.01897	0.01270	0.01878	0.01067	0.01258	0.00768	0.00567	0.00561	0.00187	0.00870	0.00440	0.00255	0.00884
15	0.00779	0.00610	0.00705	0.00686	0.00855	0.00536	0.00513	0.00993	0.01525	0.02001	0.39053	0.06942	0.39867	0.01391	0.00712	0.00197	0.00296	0.01193	0.00608	0.00536
16	0.04353	0.01435	0.08805	0.37753	0.05855	0.06854	0.04027	0.05698	0.07004	0.01853	0.01423	0.07049	0.01214	0.00745	0.00610	0.00200	0.00749	0.03291	0.00352	0.00732
17	0.01624	0.01750	0.07061	0.02243	0.10384	0.08544	0.36860	0.08490	0.01525	0.05658	0.01207	0.01510	0.00921	0.00612	0.00789	0.00198	0.08837	0.00606	0.00346	0.00835
18	0.00726	0.00610	0.00630	0.00625	0.00822	0.00514	0.00469	0.00893	0.01407	0.01710	0.13482	0.05650	0.67421	0.01492	0.00711	0.00202	0.00302	0.01250	0.00570	0.00514
19	0.00978	0.00660	0.00853	0.00787	0.00956	0.00614	0.00596	0.01301	0.03982	0.06700	0.66921	0.04304	0.06642	0.01194	0.00700	0.00190	0.00304	0.01050	0.00663	0.00605
20	0.01471	0.01533	0.03008	0.07968	0.23824	0.01502	0.43351	0.06062	0.01473	0.02021	0.01196	0.01572	0.00923	0.00535	0.00663	0.00194	0.00893	0.00638	0.00317	0.00855
21	0.02311	0.01646	0.01781	0.01366	0.01846	0.01808	0.01128	0.68973	0.02763	0.08010	0.01499	0.01480	0.01050	0.00723	0.00602	0.00181	0.00653	0.00545	0.00610	0.01023
22	0.00711	0.00609	0.00609	0.00609	0.00813	0.00508	0.00457	0.00863	0.01371	0.01625	0.06094	0.05789	0.74862	0.01524	0.00711	0.00203	0.00305	0.01270	0.00559	0.00508
23	0.01820	0.01372	0.01606	0.01294	0.01659	0.05560	0.05931	0.33225	0.05801	0.09822	0.12669	0.04295	0.01911	0.01143	0.06995	0.00253	0.02554	0.00682	0.00556	0.00853
24	0.01545	0.67245	0.14574	0.01137	0.01711	0.02226	0.01217	0.01818	0.01230	0.01492	0.00875	0.01013	0.00770	0.00524	0.00415	0.00138	0.00682	0.00341	0.00257	0.00790
25	0.00733	0.00524	0.00698	0.00838	0.00873	0.00489	0.00558	0.00838	0.01152	0.01536	0.03316	0.78466	0.03979	0.01885	0.00768	0.00244	0.00349	0.01710	0.00558	0.00489
26	0.02134	0.02541	0.01804	0.01581	0.01885	0.60663	0.05142	0.02311	0.01612	0.05626	0.01012	0.01191	0.00824	0.00664	0.00697	0.00170	0.08665	0.00431	0.00329	0.00718
27	0.01441	0.22521	0.40383	0.01538	0.02225	0.05800	0.07252	0.03960	0.01339	0.03664	0.01082	0.01274	0.00831	0.00710	0.03355	0.00202	0.00857	0.00445	0.00287	0.00836
28	0.00736	0.00610	0.00644	0.00636	0.00828	0.00519	0.00477	0.00912	0.01431	0.01766	0.18405	0.05557	0.62462	0.01471	0.00711	0.00201	0.00301	0.01237	0.00577	0.00519
29	0.00874	0.00588	0.00680	0.00680	0.00689	0.00596	0.00395	0.00890	0.00882	0.01184	0.01873	0.03814	0.02134	0.73057	0.08791	0.00613	0.00663	0.00857	0.00361	0.00378
30	0.01394	0.01302	0.02155	0.32641	0.43031	0.01417	0.01738	0.05699	0.01385	0.01898	0.01124	0.01532	0.00897	0.00572	0.00598	0.00187	0.00746	0.00536	0.00303	0.00845
31	0.01515	0.61492	0.20061	0.01189	0.01791	0.02151	0.01307	0.01826	0.01233	0.01529	0.00893	0.01036	0.00770	0.00528	0.00429	0.00143	0.00701	0.00350	0.00257	0.00799
32	0.00739	0.00526	0.00696	0.00830	0.00864	0.00492	0.00551	0.00839	0.01141	0.01521	0.03259	0.75486	0.03907	0.04962	0.00860	0.00258	0.00358	0.01677	0.00551	0.00484
33	0.26346	0.01181	0.01317	0.01043	0.01484	0.01194	0.00861	0.14892	0.01710	0.41463	0.01757	0.01626	0.01160	0.00686	0.00536	0.00185	0.00524	0.00511	0.00610	0.00914
34	0.12355	0.01340	0.01722	0.01377	0.01733	0.07289	0.13548	0.07583	0.07629	0.16136	0.12497	0.02011	0.01765	0.00781	0.00759	0.00197	0.09355	0.00635	0.00495	0.00796
35	0.00946	0.00681	0.00939	0.01070	0.01208	0.00674	0.00925	0.01209	0.01375	0.01780	0.03352	0.09458	0.07465	0.01663	0.00822	0.00272	0.00532	0.64524	0.00554	0.00549
36	0.00816	0.00614	0.00755	0.00720	0.00877	0.00552	0.00540	0.01066	0.01619	0.02213	0.57406	0.04822	0.23183	0.01304	0.00710	0.00193	0.00289	0.01134	0.00636	0.00552
37	0.01320	0.01027	0.04331	0.01232	0.01538	0.00937	0.13728	0.01699	0.04482	0.14088	0.39622	0.03175	0.03503	0.00969	0.00761	0.00196	0.05237	0.00867	0.00569	0.00718
38	0.01367	0.32580	0.44614	0.01443	0.02151	0.01797	0.01723	0.01847	0.01238	0.01697	0.00974	0.01154	0.00767	0.00569	0.00556	0.00169	0.03866	0.00400	0.00256	0.00834
39	0.01420	0.01623	0.03550	0.02535	0.03144	0.01521	0.72921	0.01927	0.01420	0.01927	0.01217	0.01623	0.00913	0.00507	0.00710	0.00203	0.01014	0.00710	0.00304	0.00811
40	0.83108	0.01163	0.00884	0.00791	0.01163	0.01350	0.00651	0.01768	0.01024	0.02699	0.00838	0.00977	0.00651	0.00558	0.00372	0.00186	0.00465	0.00326	0.00372	0.00651
41	0.01550	0.01319	0.01390	0.01235	0.01585	0.01521	0.00965	0.07917	0.69212	0.02603	0.02381	0.02190	0.01781	0.00810	0.00611	0.00202	0.00489	0.00671	0.00611	0.00957
42	0.00790	0.00613	0.00720	0.00693	0.00861	0.00542	0.00520	0.01017	0.01559	0.02071	0.44974	0.05056	0.35704	0.01357	0.00710	0.00195	0.00293	0.01167	0.00617	0.00542
43	0.00733	0.00524	0.00698	0.00838	0.00873	0.00489	0.00558	0.00838	0.01152	0.01536	0.03316	0.78466	0.03979	0.01885	0.00768	0.00244	0.00349	0.01710	0.00558	0.00489
44	0.01608	0.79220	0.03152	0.01029	0.01544	0.02380	0.01029	0.01801	0.01222	0.01415	0.00836	0.00965	0.00772	0.00515	0.00386	0.00129	0.00643	0.00322	0.00257	0.00772
45	0.01136	0.01069	0.01804	0.77412	0.04143	0.01337	0.01671	0.01537	0.01203	0.01537	0.01069	0.01604	0.00802	0.00601	0.00601	0.00200	0.00802	0.00535	0.00267	0.00668
46	0.00711	0.00609	0.00609	0.00609	0.00813	0.00508	0.00457	0.00863	0.01371	0.01625	0.06094	0.05789	0.74862	0.01524	0.00711	0.00203	0.00305	0.01270	0.00559	0.00508
47	0.01608	0.79220	0.03152	0.01029	0.01544	0.02380	0.01029	0.01801	0.01222	0.01415	0.00836	0.00965	0.00772	0.00515	0.00386	0.00129	0.00643	0.00322	0.00257	0.00772
48	0.00861	0.00638	0.00932	0.00932	0.01028	0.00733	0.00709	0.01052	0.00957	0.01371	0.01643	0.02537	0.01579	0.12729	0.68360	0.00924	0.01498	0.00670	0.00327	0.00518
49	0.02250	0.02771	0.01713	0.01536	0.01860	0.70384	0.01161	0.08146	0.01796	0.01661	0.00972	0.01114	0.00795	0.00628	0.00547	0.00157	0.01050	0.00400	0.00334	0.00724
50	0.00813	0.00617	0.00751	0.00729	0.00890	0.00555	0.00554	0.01054	0.01579	0.02125	0.48746	0.05037	0.27782	0.01348	0.00717	0.00199	0.00306	0.05027	0.00623	0.00548
51	0.01218	0.05250	0.73702	0.01695	0.02574	0.01425	0.02189	0.01902	0.01269	0.01891	0.01073	0.01262	0.00762	0.00570	0.00566	0.00189	0.00882	0.00441	0.00254	0.00886
52	0.01522	0.01651	0.03159	0.02446	0.08476	0.05713	0.55355	0.04648	0.01463	0.03324	0.01201	0.01566	0.00916	0.00559	0.00756	0.00200	0.05243	0.00660	0.00321	0.00819
53	0.01985	0.01254	0.01412	0.01165	0.01557	0.01342	0.00935	0.20420	0.30434	0.22492	0.02135	0.01991	0.01514	0.00763	0.00591	0.00188	0.00515	0.00615	0.07735	0.00955
54	0.01442	0.01257	0.05012	0.01536	0.01951	0.01163	0.29635	0.11108	0.01573	0.05058	0.05638	0.01968	0.01419	0.00652	0.00589	0.00177	0.00658	0.00644	0.27765	0.00753
55	0.00953	0.00811	0.03658	0.00846	0.01056	0.00733	0.00681	0.01443	0.12481	0.02245	0.43928	0.04265	0.16208	0.01191	0.00684	0.00196	0.00350	0.03997	0.03647	0.00627
56	0.04043	0.01451	0.02615	0.11971	0.33735	0.01486	0.24789	0.06008	0.01424	0.02012	0.01148	0.01521	0.00910	0.00566	0.00678	0.00193	0.03695	0.00586	0.00315	0.00856
57	0.01103	0.00879	0.01021	0.00939	0.01158	0.00930	0.00718	0.01940	0.29921	0.02453	0.46560	0.03616	0.04178	0.01068	0.00672	0.00195	0.00359	0.00929	0.00643	0.00718
58	0.03398	0.03711	0.38868	0.01635	0.02205	0.01494	0.08315	0.07685	0.01313	0.01943	0.01103	0.01409	0.00865	0.01014	0.07499	0.00271	0.15657	0.00505	0.00299	0.00810
59	0.01370	0.14730	0.43861	0.01783	0.06455	0.01594	0.11090	0.04624	0.05404	0.01938	0.01152	0.01341	0.00864	0.00571	0.00565	0.00182	0.00825	0.00481	0.00296	0.00872
60	0.83108	0.01163	0.00884	0.00791	0.01163	0.01350	0.00651	0.01768	0.01024	0.02699	0.00838	0.00977	0.00651	0.00558	0.00372	0.00186	0.00465	0.00326	0.00372	0.00651
61	0.00806	0.00554	0.00725	0.00812	0.00868	0.00547	0.00558	0.00940	0.01126	0.01575	0.04933	0.50626	0.03257	0.09047	0.12517	0.00374	0.00555	0.01343	0.08344	0.00494
62	0.05961	0.01463	0.05154	0.09213	0.41522	0.01407	0.19659	0.01812	0.01358	0.01975	0.03886	0.01608	0.01083	0.00563	0.00616	0.00188	0.00774	0.00585	0.00313	0.00860
63	0.01405	0.01698	0.07535	0.02466	0.03076	0.01522	0.67228	0.01914	0.01399	0.01914	0.01199	0.01596	0.00901	0.00524	0.00733	0.00204	0.02882	0.00691	0.00300	0.00812
