[name]
unknown

[dist]
# distance from previous block
# <min> <max>
0	25

[block]
# block no. 0 follows, 46 sequences, length 30
# corresponding to MSA columns:
# 25-54
name=unknown_A
#
# <colnr> <probs for GDERKNQSTAVLIFYWHMCP>
#	G	D	E	R	K	N	Q	S	T	A	V	L	I	F	Y	W	H	M	C	P
0	0.04100	0.01486	0.07272	0.04960	0.01528	0.21366	0.00948	0.09008	0.11511	0.08282	0.06634	0.05698	0.02942	0.00745	0.00531	0.00163	0.00602	0.06288	0.00415	0.05523
1	0.04916	0.00634	0.00751	0.00733	0.00832	0.00642	0.01927	0.05410	0.04652	0.03506	0.04138	0.27920	0.04113	0.31733	0.01388	0.00312	0.00421	0.00947	0.04561	0.00465
2	0.01520	0.09378	0.05122	0.01136	0.01480	0.13675	0.00942	0.16806	0.35948	0.02124	0.01609	0.05303	0.01281	0.00683	0.00512	0.00163	0.00561	0.00536	0.00447	0.00776
3	0.07099	0.00889	0.01053	0.00886	0.01172	0.02435	0.02539	0.11930	0.03695	0.23415	0.12096	0.13985	0.10937	0.00906	0.00556	0.00169	0.00415	0.00765	0.00526	0.04533
4	0.01129	0.14324	0.48857	0.01247	0.01828	0.01222	0.01467	0.01597	0.03457	0.05348	0.01252	0.09745	0.01092	0.04470	0.00602	0.00181	0.00658	0.00524	0.00288	0.00714
5	0.01208	0.04472	0.05518	0.04606	0.13253	0.01160	0.21646	0.02891	0.16858	0.03833	0.02764	0.08285	0.01416	0.00695	0.00564	0.00175	0.00601	0.04957	0.04384	0.00712
6	0.05383	0.00804	0.01020	0.00844	0.01159	0.00734	0.00680	0.01968	0.05011	0.43918	0.06150	0.06046	0.08912	0.00950	0.04299	0.00197	0.00448	0.02606	0.03992	0.04879
7	0.01249	0.01103	0.01788	0.23274	0.36410	0.01147	0.05037	0.05889	0.01251	0.05361	0.01399	0.01656	0.07012	0.00569	0.00532	0.00162	0.00610	0.00526	0.00310	0.04715
8	0.04280	0.01147	0.11222	0.01049	0.01441	0.00915	0.06095	0.06998	0.06742	0.32905	0.11286	0.03587	0.05437	0.00722	0.00541	0.00166	0.00485	0.00611	0.03611	0.00761
9	0.01390	0.00686	0.00865	0.00745	0.01001	0.00595	0.00585	0.01571	0.01373	0.34278	0.16507	0.08976	0.27206	0.01026	0.00589	0.00173	0.00345	0.00868	0.00576	0.00647
10	0.00661	0.00462	0.00608	0.00724	0.00759	0.00432	0.00485	0.00760	0.01017	0.01380	0.02856	0.77210	0.03392	0.01605	0.00660	0.00210	0.00304	0.01454	0.04589	0.00432
11	0.04243	0.01527	0.06246	0.08832	0.06532	0.20135	0.03254	0.12848	0.09966	0.10022	0.03176	0.01742	0.06219	0.00660	0.00525	0.00162	0.00640	0.02151	0.00400	0.00718
12	0.01307	0.37295	0.29256	0.01309	0.07835	0.01609	0.01314	0.07447	0.01211	0.01632	0.00920	0.01066	0.00738	0.00493	0.00428	0.00140	0.00632	0.00361	0.04271	0.00736
13	0.00754	0.00589	0.00690	0.00662	0.00820	0.00549	0.00503	0.01062	0.07462	0.01868	0.44069	0.04251	0.30182	0.01154	0.00620	0.00174	0.00277	0.03262	0.00544	0.00507
14	0.00645	0.00494	0.00594	0.00672	0.00761	0.00443	0.00473	0.00759	0.01092	0.01388	0.03809	0.49996	0.30904	0.01531	0.00659	0.00203	0.00300	0.04349	0.00491	0.00438
15	0.01400	0.10550	0.19959	0.05028	0.15844	0.05058	0.08032	0.06006	0.07961	0.09822	0.01261	0.04581	0.00994	0.00579	0.00514	0.00161	0.00647	0.00499	0.00339	0.00767
16	0.02084	0.01129	0.07421	0.00997	0.01406	0.04721	0.00869	0.02437	0.08343	0.57879	0.01920	0.01727	0.01256	0.00641	0.00519	0.00162	0.00489	0.00515	0.04634	0.00851
17	0.00735	0.00510	0.00604	0.00636	0.00697	0.00477	0.00415	0.00812	0.00995	0.03043	0.07644	0.29803	0.16859	0.32697	0.01446	0.00320	0.00379	0.01087	0.00434	0.00405
18	0.09948	0.10518	0.12625	0.01331	0.04794	0.17451	0.07114	0.18174	0.04723	0.01991	0.01125	0.05809	0.00937	0.00604	0.00490	0.00156	0.00671	0.00473	0.00346	0.00719
19	0.01457	0.01242	0.04438	0.01275	0.01623	0.05006	0.16023	0.21215	0.08556	0.09453	0.05850	0.10768	0.05316	0.00780	0.00608	0.00174	0.03104	0.00686	0.01702	0.00724
20	0.01181	0.01209	0.10529	0.00913	0.01416	0.00859	0.00824	0.08658	0.01234	0.01873	0.00973	0.01115	0.00781	0.00429	0.00418	0.00097	0.00457	0.00338	0.00323	0.66374
21	0.05231	0.14986	0.60577	0.01396	0.02095	0.01365	0.04086	0.01655	0.01103	0.01641	0.00909	0.01071	0.00671	0.00492	0.00472	0.00159	0.00733	0.00376	0.00230	0.00753
22	0.01923	0.02367	0.01456	0.01322	0.01589	0.72739	0.00995	0.02064	0.01464	0.03664	0.00888	0.01039	0.00734	0.00728	0.04635	0.00175	0.00962	0.00358	0.00285	0.00614
23	0.01792	0.00990	0.01281	0.01185	0.08628	0.00978	0.00865	0.16781	0.06475	0.35197	0.09548	0.03396	0.01699	0.02239	0.03086	0.00195	0.00502	0.03812	0.00550	0.00799
24	0.01485	0.01176	0.05415	0.01609	0.17058	0.01087	0.10728	0.09622	0.06454	0.17602	0.07049	0.03246	0.03229	0.00641	0.00589	0.00162	0.03817	0.00565	0.00424	0.08041
25	0.01155	0.01093	0.01850	0.31394	0.46192	0.01178	0.01499	0.01471	0.01139	0.01567	0.01087	0.06013	0.00944	0.00562	0.00534	0.00167	0.00637	0.00531	0.00265	0.00721
26	0.00702	0.00513	0.00671	0.00765	0.00843	0.00482	0.00570	0.00850	0.01128	0.01484	0.09776	0.46890	0.12245	0.01520	0.00678	0.00213	0.00341	0.19379	0.00498	0.00452
27	0.06851	0.19071	0.25591	0.01372	0.06871	0.13099	0.03656	0.07795	0.01305	0.08276	0.01000	0.01112	0.00756	0.00517	0.00462	0.00150	0.00686	0.00385	0.00303	0.00742
28	0.01156	0.08160	0.55156	0.05379	0.06637	0.03729	0.04018	0.01662	0.01156	0.03686	0.03801	0.01249	0.00863	0.00523	0.00501	0.00162	0.00733	0.00422	0.00254	0.00753
29	0.02242	0.00917	0.01312	0.01001	0.01409	0.00798	0.05177	0.02458	0.01486	0.71154	0.02147	0.01899	0.04103	0.00667	0.00540	0.00165	0.00469	0.00559	0.00626	0.00872

[dist]
# distance from previous block
# <min> <max>
0	1

[block]
# block no. 1 follows, 46 sequences, length 34
# corresponding to MSA columns:
# 56-89
name=unknown_B
#
# <colnr> <probs for GDERKNQSTAVLIFYWHMCP>
#	G	D	E	R	K	N	Q	S	T	A	V	L	I	F	Y	W	H	M	C	P
0	0.01135	0.01062	0.01771	0.32216	0.40724	0.01161	0.01429	0.01430	0.01098	0.01507	0.01032	0.01550	0.00888	0.08261	0.00759	0.00200	0.02335	0.00499	0.00256	0.00687
1	0.04252	0.33367	0.25170	0.01176	0.01711	0.01564	0.04696	0.07040	0.05927	0.08896	0.01067	0.01144	0.00810	0.00516	0.00445	0.00146	0.00621	0.00387	0.00311	0.00753
2	0.01862	0.01751	0.01397	0.01196	0.01502	0.37764	0.02269	0.19312	0.01683	0.13454	0.04495	0.08321	0.01254	0.00700	0.00523	0.00154	0.00704	0.00534	0.00422	0.00704
3	0.02142	0.01043	0.01293	0.01001	0.01392	0.01010	0.00823	0.24179	0.01798	0.50543	0.07617	0.01807	0.01468	0.00681	0.00538	0.00162	0.00473	0.00548	0.00612	0.00869
4	0.68748	0.00919	0.00722	0.00656	0.00943	0.01051	0.00533	0.01491	0.00940	0.02294	0.00929	0.01076	0.00725	0.00515	0.00335	0.00156	0.00377	0.00327	0.16707	0.00557
5	0.01876	0.02100	0.01566	0.01619	0.14160	0.55731	0.01089	0.02104	0.04579	0.08801	0.01023	0.01135	0.00805	0.00550	0.00492	0.00144	0.00830	0.00391	0.00318	0.00686
6	0.01341	0.45903	0.29787	0.01164	0.01716	0.09182	0.01291	0.01666	0.01130	0.01402	0.00819	0.00954	0.00676	0.00479	0.00411	0.00135	0.00680	0.00327	0.00230	0.00709
7	0.00865	0.00631	0.00853	0.00958	0.01083	0.00641	0.00816	0.01181	0.06536	0.01604	0.02765	0.12882	0.02986	0.01427	0.00711	0.00236	0.00465	0.62363	0.00491	0.00506
8	0.17146	0.00607	0.00663	0.00698	0.00834	0.00604	0.00518	0.00967	0.01116	0.01701	0.14781	0.34166	0.16570	0.01267	0.00594	0.00193	0.00323	0.06306	0.00473	0.00475
9	0.01346	0.01148	0.01905	0.06354	0.59080	0.01160	0.01442	0.01631	0.01204	0.09029	0.01228	0.05761	0.01061	0.00590	0.00576	0.00166	0.03143	0.02069	0.00314	0.00794
10	0.00863	0.00651	0.00869	0.02874	0.01092	0.00683	0.00771	0.01161	0.06757	0.01572	0.07340	0.12153	0.04430	0.07025	0.02506	0.00259	0.03786	0.44243	0.00464	0.00501
11	0.00806	0.00573	0.00786	0.00899	0.00995	0.00567	0.00744	0.01002	0.01146	0.01498	0.02742	0.20429	0.03052	0.07119	0.00857	0.00257	0.00453	0.55136	0.00476	0.00464
12	0.01224	0.01366	0.02833	0.05324	0.02595	0.01372	0.61942	0.01617	0.01175	0.01617	0.01008	0.01385	0.00782	0.00520	0.00785	0.00186	0.12727	0.00594	0.00261	0.00688
13	0.00918	0.00904	0.04217	0.00933	0.01078	0.07612	0.07838	0.01059	0.01017	0.01308	0.05179	0.14385	0.10266	0.28176	0.08190	0.00352	0.04927	0.00822	0.00354	0.00467
14	0.00731	0.00525	0.00685	0.00681	0.00781	0.00488	0.00496	0.00937	0.01361	0.01906	0.57951	0.19268	0.04511	0.04934	0.00732	0.00193	0.00278	0.02516	0.00550	0.00477
15	0.00743	0.00505	0.00596	0.00616	0.00634	0.00495	0.00371	0.00784	0.00886	0.01193	0.09210	0.18636	0.02523	0.58173	0.02100	0.00421	0.00447	0.00930	0.00379	0.00359
16	0.01096	0.00940	0.01096	0.00783	0.01253	0.00705	0.00626	0.01331	0.01096	0.01723	0.00940	0.01096	0.00783	0.00392	0.00392	0.00078	0.00392	0.00313	0.00313	0.84653
17	0.00928	0.00602	0.00730	0.00706	0.00875	0.00549	0.00534	0.01163	0.04959	0.11481	0.22711	0.18726	0.28009	0.01222	0.00623	0.00184	0.00312	0.04615	0.00537	0.00535
18	0.01440	0.00692	0.00926	0.00790	0.01033	0.00616	0.00623	0.01662	0.01473	0.34834	0.39515	0.06281	0.04648	0.00933	0.00588	0.00169	0.00343	0.02161	0.00606	0.00667
19	0.01194	0.00869	0.01023	0.00972	0.01204	0.00933	0.00787	0.02008	0.36226	0.09306	0.11665	0.03466	0.03735	0.00993	0.00608	0.00196	0.00419	0.23170	0.00538	0.00688
20	0.01324	0.01508	0.11703	0.01990	0.02531	0.01252	0.58444	0.01761	0.01257	0.09049	0.01196	0.01538	0.00891	0.00497	0.00603	0.00177	0.00826	0.02416	0.00305	0.00733
21	0.00636	0.00528	0.00557	0.00566	0.00725	0.00449	0.00418	0.00775	0.01208	0.01473	0.10692	0.12668	0.64784	0.01351	0.00630	0.00181	0.00270	0.01142	0.00498	0.00449
22	0.01228	0.01573	0.11967	0.02185	0.05831	0.01321	0.64378	0.01688	0.01230	0.01693	0.01052	0.01385	0.00788	0.00453	0.00605	0.00176	0.00867	0.00590	0.00262	0.00726
23	0.00951	0.00848	0.01473	0.08840	0.01725	0.00845	0.20061	0.01272	0.03235	0.01579	0.02334	0.09352	0.07030	0.01098	0.00668	0.00213	0.00583	0.36928	0.00409	0.00557
24	0.05195	0.26560	0.37562	0.01320	0.01902	0.10709	0.06679	0.01694	0.01148	0.01532	0.00867	0.01025	0.00678	0.00488	0.00450	0.00148	0.00726	0.00363	0.00238	0.00716
25	0.00819	0.00580	0.00735	0.00685	0.00831	0.00544	0.00518	0.01120	0.05151	0.04516	0.66838	0.03862	0.09648	0.01067	0.00617	0.00168	0.00265	0.00936	0.00576	0.00524
26	0.00634	0.00533	0.00550	0.00551	0.00721	0.00449	0.00411	0.00775	0.01219	0.01474	0.10368	0.07572	0.70272	0.01331	0.00626	0.00179	0.00268	0.01118	0.00497	0.00449
27	0.01271	0.01422	0.09061	0.02674	0.46382	0.01279	0.21073	0.01729	0.06547	0.01748	0.01091	0.01369	0.00868	0.00484	0.00549	0.00165	0.00696	0.00513	0.00279	0.00800
28	0.03918	0.08948	0.05230	0.12319	0.20064	0.08608	0.01176	0.04942	0.03354	0.22469	0.01267	0.01369	0.00922	0.00560	0.00528	0.00158	0.02565	0.00452	0.00380	0.00770
29	0.00826	0.00661	0.00949	0.00910	0.00977	0.00808	0.00706	0.00980	0.00833	0.01211	0.01322	0.02083	0.01285	0.12611	0.56945	0.00704	0.14867	0.00573	0.00279	0.00472
30	0.85155	0.01022	0.00777	0.00695	0.01022	0.01186	0.00573	0.01554	0.00900	0.02372	0.00736	0.00859	0.00573	0.00491	0.00327	0.00164	0.00409	0.00286	0.00327	0.00573
31	0.00769	0.00513	0.00577	0.00577	0.00577	0.00513	0.00320	0.00769	0.00769	0.01025	0.01666	0.03460	0.01922	0.81421	0.02691	0.00513	0.00513	0.00769	0.00320	0.00320
32	0.01562	0.01218	0.01282	0.00996	0.01409	0.06643	0.00799	0.21598	0.12016	0.10047	0.01303	0.01325	0.00975	0.00539	0.00468	0.00126	0.00492	0.00420	0.00433	0.36351
33	0.18691	0.09097	0.13733	0.01034	0.01467	0.12053	0.00964	0.11559	0.01342	0.10353	0.01067	0.01147	0.00796	0.00527	0.00435	0.00143	0.00577	0.00374	0.04130	0.10509

[dist]
# distance from previous block
# <min> <max>
3	17

[block]
# block no. 2 follows, 46 sequences, length 41
# corresponding to MSA columns:
# 108-134,137-150
name=unknown_C
#
# <colnr> <probs for GDERKNQSTAVLIFYWHMCP>
#	G	D	E	R	K	N	Q	S	T	A	V	L	I	F	Y	W	H	M	C	P
0	0.00986	0.00623	0.00772	0.00730	0.00907	0.00572	0.00553	0.02353	0.04324	0.12740	0.27889	0.19517	0.19135	0.01170	0.00615	0.00180	0.00317	0.03735	0.00543	0.02339
1	0.00739	0.00523	0.00662	0.00676	0.00786	0.00475	0.00488	0.00915	0.01284	0.03959	0.38122	0.30278	0.16515	0.01307	0.00638	0.00185	0.00278	0.01156	0.00538	0.00478
2	0.01210	0.01259	0.02453	0.11579	0.29030	0.01253	0.36383	0.01575	0.01190	0.01640	0.01106	0.05086	0.00926	0.00531	0.00603	0.00173	0.02413	0.00590	0.00271	0.00726
3	0.00768	0.00515	0.00589	0.00589	0.00594	0.00519	0.00336	0.00777	0.00773	0.01034	0.01654	0.03395	0.01894	0.77814	0.06259	0.00528	0.00555	0.00759	0.00319	0.00327
4	0.03780	0.01109	0.07864	0.01010	0.01387	0.00972	0.00873	0.07236	0.19037	0.39200	0.03391	0.08688	0.01539	0.00746	0.00540	0.00172	0.00463	0.00618	0.00558	0.00819
5	0.01200	0.01331	0.02691	0.17177	0.02831	0.03520	0.57035	0.01607	0.01210	0.01604	0.01100	0.04137	0.00872	0.00506	0.00603	0.00178	0.00837	0.00616	0.00269	0.00676
6	0.00944	0.00616	0.00774	0.00809	0.00937	0.00598	0.00607	0.03704	0.06121	0.08878	0.02886	0.42106	0.09858	0.02996	0.00687	0.00211	0.00368	0.14084	0.02289	0.00528
7	0.00679	0.00531	0.00615	0.00608	0.00751	0.00467	0.00450	0.00858	0.01312	0.01714	0.35827	0.11172	0.40613	0.01257	0.00629	0.00176	0.00263	0.01082	0.00529	0.00467
8	0.01124	0.01094	0.01684	0.50230	0.23673	0.05610	0.01430	0.01448	0.01147	0.01493	0.05267	0.01499	0.00980	0.00545	0.00530	0.00168	0.00672	0.00490	0.00264	0.00652
9	0.01441	0.02977	0.12733	0.01302	0.01693	0.07796	0.12549	0.18134	0.08604	0.07490	0.01553	0.05624	0.01340	0.05326	0.00685	0.00195	0.00637	0.08794	0.00409	0.00719
10	0.00714	0.00517	0.00702	0.00762	0.00822	0.00533	0.00547	0.00838	0.00946	0.01283	0.02319	0.35108	0.05273	0.13835	0.27095	0.00469	0.00717	0.06690	0.00397	0.00433
11	0.01135	0.02630	0.74269	0.01475	0.02235	0.01202	0.01886	0.01726	0.01139	0.06051	0.01013	0.01155	0.00706	0.00511	0.00504	0.00167	0.00762	0.00399	0.00248	0.00788
12	0.01351	0.01213	0.01647	0.28936	0.23939	0.07517	0.01301	0.09654	0.08431	0.05047	0.02754	0.01581	0.01026	0.00586	0.00532	0.00167	0.00637	0.02619	0.00337	0.00725
13	0.01196	0.15744	0.35885	0.01490	0.02071	0.01341	0.19292	0.01689	0.04694	0.03988	0.01171	0.04123	0.00956	0.00572	0.00521	0.00166	0.00715	0.03376	0.00282	0.00730
14	0.01409	0.72269	0.06294	0.00967	0.01413	0.04898	0.00967	0.01596	0.01083	0.01267	0.00747	0.00875	0.00679	0.00474	0.00400	0.00121	0.03341	0.00296	0.00228	0.00677
15	0.05359	0.05680	0.04130	0.01133	0.04324	0.04975	0.09445	0.04170	0.02791	0.10633	0.05464	0.01480	0.01129	0.00527	0.00469	0.00128	0.00518	0.02022	0.00367	0.35257
16	0.01146	0.08416	0.65148	0.01402	0.02110	0.01256	0.01751	0.01727	0.03516	0.05171	0.02940	0.01225	0.00837	0.00527	0.00496	0.00164	0.00726	0.00410	0.00262	0.00774
17	0.00672	0.00534	0.00604	0.00593	0.00745	0.00466	0.00442	0.00849	0.01308	0.01688	0.32789	0.07646	0.47286	0.01253	0.00626	0.00175	0.00262	0.01070	0.00525	0.00466
18	0.06304	0.01018	0.05596	0.00963	0.01366	0.00859	0.00828	0.04905	0.04923	0.59965	0.03582	0.04464	0.01389	0.00683	0.00527	0.00166	0.00461	0.00555	0.00597	0.00849
19	0.01337	0.05728	0.07021	0.26979	0.05532	0.01239	0.12284	0.10269	0.05638	0.09911	0.01299	0.06441	0.01035	0.00624	0.00565	0.00172	0.02311	0.00556	0.00351	0.00708
20	0.00696	0.00497	0.00673	0.00795	0.00849	0.00474	0.00581	0.00826	0.01063	0.01408	0.02885	0.62331	0.03383	0.01607	0.00689	0.00222	0.00352	0.19736	0.00490	0.00444
21	0.04452	0.01397	0.01525	0.11066	0.01754	0.13655	0.01083	0.20358	0.01433	0.08624	0.01012	0.01231	0.00795	0.00705	0.00932	0.00183	0.28302	0.00448	0.00353	0.00693
22	0.19934	0.03643	0.04941	0.01062	0.01446	0.07318	0.04289	0.21235	0.04552	0.18901	0.04300	0.02663	0.02209	0.00627	0.00487	0.00161	0.00540	0.00481	0.00459	0.00754
23	0.01220	0.04169	0.08554	0.06259	0.24399	0.03501	0.34289	0.01597	0.01216	0.01653	0.03184	0.03215	0.03156	0.00533	0.00567	0.00168	0.00740	0.00575	0.00279	0.00725
24	0.00658	0.00500	0.00606	0.00658	0.00754	0.00448	0.00464	0.00793	0.01167	0.01522	0.17964	0.41868	0.27800	0.01444	0.00649	0.00194	0.00283	0.01274	0.00508	0.00448
25	0.01117	0.01061	0.01800	0.50750	0.32115	0.01206	0.01527	0.01455	0.01113	0.01495	0.00961	0.01371	0.00755	0.00507	0.00527	0.00169	0.00675	0.00470	0.00245	0.00683
26	0.02030	0.01297	0.01496	0.01164	0.01569	0.04843	0.04415	0.37664	0.09079	0.28438	0.01598	0.01507	0.01090	0.00636	0.00533	0.00162	0.00553	0.00507	0.00548	0.00872
27	0.00917	0.00813	0.01088	0.01111	0.05472	0.04472	0.03384	0.01092	0.01045	0.01408	0.05485	0.16008	0.07901	0.04057	0.17774	0.00353	0.14650	0.12084	0.00369	0.00516
28	0.00741	0.00518	0.00664	0.00688	0.00722	0.00540	0.00454	0.00814	0.00840	0.01148	0.01834	0.18103	0.02050	0.43051	0.24959	0.00554	0.00740	0.00851	0.00342	0.00386
29	0.00660	0.00479	0.00626	0.00737	0.00789	0.00446	0.00512	0.00768	0.01047	0.01376	0.03127	0.67921	0.10261	0.01611	0.00675	0.00214	0.00318	0.07506	0.00490	0.00436
30	0.01096	0.00940	0.01096	0.00783	0.01253	0.00705	0.00626	0.01331	0.01096	0.01723	0.00940	0.01096	0.00783	0.00392	0.00392	0.00078	0.00392	0.00313	0.00313	0.84653
31	0.01189	0.02950	0.01348	0.00949	0.01416	0.00876	0.07149	0.06846	0.03200	0.01838	0.01002	0.01154	0.00812	0.00424	0.00424	0.00096	0.00453	0.00358	0.00329	0.67188
32	0.00786	0.00562	0.00729	0.00763	0.00892	0.00526	0.00609	0.00996	0.01299	0.03337	0.29943	0.13116	0.16431	0.01309	0.00664	0.00200	0.00345	0.26481	0.00525	0.00487
33	0.01629	0.01384	0.01290	0.01065	0.01417	0.16860	0.00840	0.17710	0.18563	0.10464	0.06661	0.01572	0.01319	0.00622	0.00501	0.00145	0.00547	0.00484	0.00456	0.16468
34	0.01099	0.00802	0.00976	0.00861	0.01091	0.00793	0.03207	0.12627	0.09487	0.07191	0.18401	0.15479	0.18550	0.01058	0.00598	0.00176	0.00378	0.03202	0.00518	0.03505
35	0.07962	0.01351	0.01314	0.01050	0.01438	0.16099	0.04229	0.14644	0.03586	0.01975	0.01119	0.01437	0.00939	0.00552	0.00464	0.00128	0.00564	0.05194	0.00360	0.35594
36	0.03870	0.01180	0.01229	0.00976	0.01358	0.05481	0.00777	0.21112	0.16004	0.06574	0.01462	0.01530	0.03267	0.03345	0.00551	0.00147	0.00482	0.00462	0.00435	0.29760
37	0.05091	0.08061	0.08873	0.01053	0.01371	0.01285	0.00933	0.19301	0.12479	0.02061	0.05297	0.04662	0.11510	0.00796	0.00695	0.00172	0.12062	0.00596	0.00412	0.03291
38	0.18215	0.01180	0.02861	0.00985	0.01325	0.09122	0.05460	0.08327	0.06990	0.11559	0.06629	0.01640	0.01267	0.07942	0.00671	0.00181	0.00520	0.00482	0.00405	0.14238
39	0.06978	0.20620	0.08029	0.01100	0.01526	0.02691	0.03297	0.26491	0.01566	0.06914	0.01176	0.01252	0.03039	0.00581	0.00530	0.00147	0.05115	0.00420	0.00377	0.08152
40	0.08500	0.03275	0.01196	0.00942	0.01263	0.01008	0.02901	0.15147	0.07914	0.18159	0.05046	0.09253	0.09813	0.00796	0.00565	0.00163	0.03191	0.00647	0.00484	0.09738

[dist]
# distance from previous block
# <min> <max>
0	29

# created by:
# /home/cegg/simao/soft/augustus-3.2.1/scripts/msa2prfl.pl ./align_prep/EOG091G1757.fa
