[name]
unknown

[dist]
# distance from previous block
# <min> <max>
0	200

[block]
# block no. 0 follows, 53 sequences, length 158
# corresponding to MSA columns:
# 200-357
name=unknown_A
#
# <colnr> <probs for GDERKNQSTAVLIFYWHMCP>
#	G	D	E	R	K	N	Q	S	T	A	V	L	I	F	Y	W	H	M	C	P
0	0.00725	0.00518	0.00719	0.00829	0.00919	0.00511	0.00692	0.00913	0.01056	0.01380	0.02555	0.23889	0.02849	0.01363	0.00648	0.00214	0.00401	0.58948	0.00441	0.00428
1	0.01115	0.12803	0.56858	0.01291	0.01908	0.01263	0.05347	0.11066	0.01164	0.01650	0.00874	0.01009	0.00638	0.00461	0.00443	0.00144	0.00664	0.00361	0.00238	0.00704
2	0.00860	0.00474	0.00636	0.00627	0.00660	0.00470	0.00416	0.02821	0.00758	0.04921	0.01278	0.10218	0.01353	0.23546	0.01771	0.46634	0.00417	0.01559	0.00283	0.00297
3	0.00584	0.00420	0.00555	0.00659	0.00692	0.00390	0.00442	0.00672	0.00932	0.01241	0.04763	0.78597	0.05331	0.01476	0.00608	0.00192	0.00275	0.01336	0.00446	0.00390
4	0.00708	0.00478	0.00536	0.00533	0.00541	0.00483	0.00302	0.00744	0.02798	0.00955	0.01518	0.03092	0.01730	0.80996	0.02381	0.00455	0.00461	0.00691	0.00295	0.00302
5	0.84296	0.00927	0.00713	0.00638	0.00933	0.01075	0.00524	0.01435	0.02913	0.02141	0.00700	0.00803	0.00543	0.00449	0.00301	0.00148	0.00370	0.00266	0.00301	0.00524
6	0.01113	0.01045	0.01710	0.27545	0.47146	0.01139	0.01359	0.04165	0.04286	0.01509	0.00925	0.01230	0.00745	0.00472	0.00516	0.00151	0.03587	0.00430	0.00247	0.00679
7	0.01029	0.00993	0.01617	0.50833	0.31499	0.03233	0.01368	0.01330	0.01015	0.01345	0.00865	0.01230	0.00681	0.00459	0.00475	0.00152	0.00618	0.00422	0.00222	0.00615
8	0.00968	0.00871	0.01403	0.04773	0.45826	0.00866	0.01098	0.01209	0.01092	0.01503	0.07206	0.08311	0.09142	0.00763	0.00528	0.00161	0.00473	0.12865	0.00324	0.00616
9	0.01239	0.01052	0.01109	0.00983	0.01262	0.01212	0.00769	0.08659	0.73156	0.02081	0.01881	0.01732	0.01407	0.00642	0.00486	0.00161	0.00390	0.00532	0.00486	0.00761
10	0.00991	0.00850	0.00991	0.00708	0.01133	0.00637	0.00566	0.01203	0.00991	0.01557	0.00850	0.00991	0.00708	0.00354	0.00354	0.00071	0.00354	0.00283	0.00283	0.86124
11	0.01097	0.14359	0.58452	0.01291	0.01916	0.01206	0.06772	0.01557	0.01036	0.06733	0.00905	0.01033	0.00653	0.00453	0.00441	0.00144	0.00664	0.00361	0.00231	0.00695
12	0.00984	0.02299	0.69283	0.01458	0.02132	0.01125	0.13034	0.01516	0.01027	0.01516	0.00874	0.01050	0.00623	0.00447	0.00470	0.00153	0.00721	0.00384	0.00208	0.00697
13	0.00745	0.00544	0.00765	0.04988	0.01051	0.00548	0.00735	0.00950	0.01078	0.01409	0.05619	0.15315	0.04187	0.01285	0.00639	0.00210	0.00416	0.58645	0.00432	0.00438
14	0.00589	0.00421	0.00562	0.00673	0.00704	0.00394	0.00455	0.00677	0.00921	0.01227	0.02631	0.80213	0.03147	0.01491	0.00612	0.00195	0.00283	0.03973	0.00444	0.00390
15	0.00945	0.00893	0.01511	0.70006	0.15006	0.01073	0.01349	0.01259	0.00976	0.01273	0.00857	0.01260	0.00655	0.00470	0.00477	0.00157	0.00627	0.00425	0.00216	0.00565
16	0.01127	0.01318	0.08785	0.04607	0.30073	0.01171	0.42691	0.01498	0.01099	0.01531	0.00931	0.01228	0.00724	0.00417	0.00520	0.00153	0.00708	0.00494	0.00236	0.00686
17	0.01735	0.02154	0.01346	0.01215	0.01460	0.72756	0.00918	0.04049	0.05354	0.01263	0.00809	0.00922	0.00665	0.00512	0.00467	0.00128	0.03087	0.00326	0.00264	0.00571
18	0.01121	0.01268	0.02735	0.02035	0.06444	0.01191	0.73195	0.01513	0.01125	0.01528	0.01030	0.01341	0.02095	0.00418	0.00559	0.00160	0.00784	0.00565	0.00245	0.00646
19	0.00903	0.00850	0.01434	0.82054	0.03292	0.01062	0.01327	0.01221	0.00956	0.01221	0.00850	0.01274	0.00637	0.00478	0.00478	0.00159	0.00637	0.00425	0.00212	0.00531
20	0.02060	0.00823	0.01106	0.00863	0.01220	0.00729	0.00715	0.05601	0.01393	0.73107	0.01886	0.01799	0.01247	0.00628	0.00490	0.00151	0.00414	0.04395	0.00579	0.00794
21	0.00582	0.00416	0.00555	0.00666	0.00693	0.00388	0.00444	0.00666	0.00915	0.01220	0.02634	0.82891	0.03161	0.01497	0.00610	0.00194	0.00277	0.01359	0.00444	0.00388
22	0.01717	0.06302	0.01526	0.01262	0.01541	0.67793	0.07345	0.01867	0.01317	0.03940	0.00794	0.00919	0.00644	0.00484	0.00437	0.00126	0.00824	0.00332	0.00256	0.00574
23	0.01077	0.01027	0.01748	0.32868	0.51115	0.01108	0.01414	0.01374	0.01038	0.01433	0.00880	0.01218	0.00712	0.00446	0.00475	0.00149	0.00594	0.00425	0.00227	0.00672
24	0.02032	0.00802	0.01082	0.00841	0.01193	0.00704	0.00690	0.02257	0.03895	0.73664	0.06200	0.01739	0.01376	0.00615	0.00485	0.00148	0.00396	0.00504	0.00585	0.00792
25	0.00796	0.00548	0.00725	0.00789	0.00923	0.00525	0.00674	0.00995	0.01121	0.05469	0.05638	0.04977	0.18281	0.01249	0.00628	0.00202	0.00391	0.55165	0.00452	0.00452
26	0.00903	0.00850	0.01434	0.82054	0.03292	0.01062	0.01327	0.01221	0.00956	0.01221	0.00850	0.01274	0.00637	0.00478	0.00478	0.00159	0.00637	0.00425	0.00212	0.00531
27	0.01209	0.66039	0.19354	0.00935	0.01408	0.01723	0.01022	0.01449	0.00979	0.01208	0.00706	0.00819	0.00612	0.00419	0.00338	0.00113	0.00553	0.00277	0.00204	0.00633
28	0.00584	0.00420	0.00556	0.00663	0.00696	0.00391	0.00446	0.00671	0.00922	0.01225	0.02694	0.79660	0.05289	0.01487	0.00609	0.00194	0.00279	0.02382	0.00444	0.00389
29	0.01260	0.79016	0.06824	0.00848	0.01273	0.01848	0.00870	0.01436	0.00973	0.01146	0.00675	0.00780	0.00613	0.00411	0.00315	0.00105	0.00522	0.00261	0.00204	0.00619
30	0.00923	0.00870	0.01470	0.76326	0.08862	0.01067	0.01337	0.01239	0.00965	0.01246	0.00853	0.01268	0.00646	0.00474	0.00478	0.00158	0.00632	0.00425	0.00214	0.00547
31	0.00959	0.02472	0.80726	0.01362	0.02069	0.01110	0.01766	0.01514	0.01009	0.01514	0.00858	0.01009	0.00605	0.00454	0.00454	0.00151	0.00706	0.00353	0.00202	0.00706
32	0.00969	0.00917	0.01553	0.63321	0.21505	0.01079	0.01360	0.01279	0.00987	0.01302	0.00861	0.01253	0.00666	0.00466	0.00477	0.00155	0.00621	0.00425	0.00218	0.00584
33	0.04073	0.00886	0.01421	0.01160	0.01446	0.00874	0.21699	0.05349	0.10407	0.13753	0.08583	0.06481	0.01814	0.00794	0.00554	0.00173	0.00502	0.19002	0.00420	0.00609
34	0.01182	0.01054	0.01766	0.22740	0.53019	0.01104	0.02584	0.03595	0.01103	0.05877	0.00949	0.01231	0.00751	0.00452	0.00476	0.00147	0.00579	0.00431	0.00257	0.00703
35	0.00703	0.00502	0.00693	0.00803	0.00883	0.00492	0.00653	0.00873	0.01034	0.01355	0.02568	0.33299	0.02899	0.01384	0.00642	0.00211	0.00381	0.49764	0.00441	0.00421
36	0.00959	0.02472	0.80726	0.01362	0.02069	0.01110	0.01766	0.01514	0.01009	0.01514	0.00858	0.01009	0.00605	0.00454	0.00454	0.00151	0.00706	0.00353	0.00202	0.00706
37	0.02702	0.01220	0.02355	0.06190	0.02258	0.03375	0.56700	0.01686	0.08545	0.08333	0.01120	0.01343	0.00822	0.00450	0.00536	0.00159	0.00716	0.00535	0.00294	0.00659
38	0.01139	0.01290	0.02798	0.02000	0.02482	0.01213	0.77262	0.02747	0.01146	0.01554	0.00970	0.01287	0.00727	0.00406	0.00563	0.00161	0.00801	0.00562	0.00245	0.00647
39	0.00959	0.02472	0.80726	0.01362	0.02069	0.01110	0.01766	0.01514	0.01009	0.01514	0.00858	0.01009	0.00605	0.00454	0.00454	0.00151	0.00706	0.00353	0.00202	0.00706
40	0.01207	0.01182	0.01916	0.02865	0.77050	0.04363	0.01445	0.01485	0.01099	0.01546	0.00893	0.01170	0.00751	0.00429	0.00471	0.00141	0.00580	0.00421	0.00237	0.00749
41	0.01183	0.01136	0.01940	0.02934	0.80221	0.01136	0.01467	0.01467	0.01088	0.01562	0.00899	0.01183	0.00757	0.00426	0.00473	0.00142	0.00568	0.00426	0.00237	0.00757
42	0.00595	0.00478	0.00530	0.00532	0.00668	0.00414	0.00394	0.00738	0.01137	0.01441	0.23481	0.12494	0.53055	0.01182	0.00569	0.00162	0.00242	0.01009	0.00464	0.00414
43	0.00590	0.00510	0.00543	0.00583	0.03850	0.00433	0.00408	0.00717	0.01089	0.01302	0.04683	0.04462	0.76835	0.01179	0.00561	0.00161	0.00255	0.00985	0.00435	0.00418
44	0.03259	0.00877	0.01169	0.00943	0.01257	0.04520	0.07907	0.01917	0.06601	0.45805	0.05654	0.03439	0.06799	0.00705	0.00509	0.00157	0.00444	0.06842	0.00502	0.00694
45	0.01268	0.80864	0.05040	0.00835	0.01254	0.01866	0.00849	0.01434	0.00972	0.01137	0.00671	0.00775	0.00613	0.00410	0.00311	0.00104	0.00517	0.00259	0.00204	0.00616
46	0.00565	0.00484	0.00484	0.00484	0.00646	0.00403	0.00363	0.00686	0.01089	0.01291	0.04842	0.04600	0.80027	0.01210	0.00565	0.00161	0.00242	0.01009	0.00444	0.00403
47	0.01177	0.01129	0.01929	0.04636	0.78566	0.01134	0.01464	0.01462	0.01085	0.01554	0.00898	0.01185	0.00755	0.00427	0.00473	0.00142	0.00569	0.00426	0.00236	0.00752
48	0.01179	0.01129	0.01913	0.04174	0.77275	0.01136	0.01449	0.01486	0.02770	0.01565	0.00921	0.01197	0.00770	0.00431	0.00474	0.00143	0.00565	0.00428	0.00242	0.00753
49	0.00754	0.00553	0.00801	0.00884	0.00994	0.00547	0.03048	0.00961	0.01075	0.01404	0.02499	0.16185	0.02748	0.01318	0.00650	0.00215	0.00428	0.64063	0.00435	0.00439
50	0.02144	0.00813	0.01109	0.00850	0.01220	0.00702	0.00702	0.02329	0.01368	0.80552	0.01886	0.01627	0.01183	0.00592	0.00481	0.00148	0.00407	0.00481	0.00592	0.00813
51	0.01207	0.01182	0.01916	0.02865	0.77050	0.04363	0.01445	0.01485	0.01099	0.01546	0.00893	0.01170	0.00751	0.00429	0.00471	0.00141	0.00580	0.00421	0.00237	0.00749
52	0.01144	0.13659	0.31943	0.01516	0.03710	0.01260	0.29078	0.05776	0.01127	0.03470	0.00941	0.01179	0.00717	0.00454	0.00478	0.00148	0.00689	0.01791	0.00246	0.00676
53	0.77152	0.01075	0.00775	0.00696	0.00986	0.09989	0.00563	0.01461	0.00874	0.02036	0.00674	0.00786	0.00529	0.00449	0.00311	0.00145	0.00424	0.00264	0.00290	0.00522
54	0.01123	0.01305	0.04216	0.01982	0.02457	0.01214	0.75019	0.01521	0.01115	0.01521	0.00956	0.01278	0.00720	0.00415	0.00589	0.00162	0.02969	0.00556	0.00240	0.00643
55	0.00770	0.00550	0.00770	0.00880	0.00990	0.00550	0.00770	0.00990	0.01100	0.01430	0.02531	0.05391	0.02751	0.01320	0.00660	0.00220	0.00440	0.77004	0.00440	0.00440
56	0.01250	0.76509	0.09244	0.00865	0.01299	0.01824	0.00900	0.01438	0.00974	0.01158	0.00681	0.00788	0.00613	0.00413	0.00319	0.00106	0.00528	0.00264	0.00204	0.00621
57	0.02110	0.00869	0.01143	0.00877	0.01248	0.00784	0.00724	0.10353	0.01460	0.72398	0.01808	0.01576	0.01144	0.00590	0.00480	0.00147	0.00419	0.00475	0.00580	0.00813
58	0.00689	0.00502	0.00650	0.00610	0.00727	0.00469	0.00458	0.00942	0.03252	0.01919	0.78069	0.03527	0.04436	0.00969	0.00562	0.00151	0.00229	0.00856	0.00525	0.00458
59	0.01156	0.01108	0.01892	0.10467	0.72896	0.01129	0.01454	0.01443	0.01076	0.01529	0.00894	0.01192	0.00746	0.00431	0.00474	0.00144	0.00574	0.00426	0.00234	0.00736
60	0.00573	0.00485	0.00495	0.00492	0.00650	0.00407	0.00369	0.00701	0.01108	0.01335	0.10128	0.04527	0.74714	0.01194	0.00565	0.00161	0.00241	0.00999	0.00450	0.00407
61	0.00765	0.00546	0.00764	0.00874	0.00982	0.00546	0.00761	0.00981	0.01095	0.01425	0.02534	0.07542	0.02762	0.01325	0.00659	0.00219	0.00436	0.74904	0.00440	0.00439
62	0.02144	0.00813	0.01109	0.00850	0.01220	0.00702	0.00702	0.02329	0.01368	0.80552	0.01886	0.01627	0.01183	0.00592	0.00481	0.00148	0.00407	0.00481	0.00592	0.00813
63	0.01125	0.01071	0.01819	0.09497	0.69237	0.01087	0.01397	0.01401	0.01067	0.01514	0.00993	0.05792	0.00882	0.00491	0.00481	0.00146	0.00557	0.00478	0.00246	0.00717
64	0.01278	0.83490	0.02505	0.00818	0.01227	0.01891	0.00818	0.01431	0.00971	0.01125	0.00664	0.00767	0.00613	0.00409	0.00307	0.00102	0.00511	0.00256	0.00204	0.00613
65	0.00582	0.00416	0.00555	0.00666	0.00693	0.00388	0.00444	0.00666	0.00915	0.01220	0.02634	0.82891	0.03161	0.01497	0.00610	0.00194	0.00277	0.01359	0.00444	0.00388
66	0.00676	0.00489	0.00639	0.00601	0.00714	0.00451	0.00451	0.00902	0.01353	0.01917	0.79969	0.03570	0.04510	0.00977	0.00564	0.00150	0.00225	0.00864	0.00526	0.00451
67	0.00903	0.00850	0.01434	0.82054	0.03292	0.01062	0.01327	0.01221	0.00956	0.01221	0.00850	0.01274	0.00637	0.00478	0.00478	0.00159	0.00637	0.00425	0.00212	0.00531
68	0.01189	0.01027	0.01081	0.00973	0.01243	0.01189	0.00757	0.02540	0.79357	0.01999	0.01945	0.01783	0.01459	0.00648	0.00486	0.00162	0.00378	0.00540	0.00486	0.00757
69	0.00903	0.00850	0.01434	0.82054	0.03292	0.01062	0.01327	0.01221	0.00956	0.01221	0.00850	0.01274	0.00637	0.00478	0.00478	0.00159	0.00637	0.00425	0.00212	0.00531
70	0.01061	0.00988	0.01503	0.63211	0.06243	0.06888	0.05215	0.01358	0.01019	0.05628	0.00904	0.01258	0.00675	0.00484	0.00493	0.00156	0.01688	0.00426	0.00238	0.00564
71	0.00714	0.00544	0.00819	0.00790	0.00884	0.00618	0.02964	0.02013	0.00795	0.01135	0.01288	0.01958	0.01222	0.10420	0.70722	0.00714	0.01183	0.00529	0.00262	0.00427
72	0.00689	0.00492	0.00625	0.00589	0.00711	0.00449	0.00443	0.00901	0.01317	0.03024	0.68732	0.03634	0.13284	0.00992	0.00559	0.00151	0.00230	0.00869	0.01859	0.00451
73	0.01135	0.01092	0.01879	0.16029	0.65401	0.01125	0.03489	0.01428	0.01067	0.01504	0.00893	0.01201	0.00736	0.00434	0.00476	0.00145	0.00586	0.00429	0.00233	0.00717
74	0.01174	0.01126	0.01924	0.05498	0.77728	0.01133	0.01462	0.01459	0.01084	0.01550	0.00897	0.01186	0.00753	0.00428	0.00473	0.00143	0.00570	0.00426	0.00236	0.00750
75	0.00695	0.00463	0.00521	0.00521	0.00521	0.00463	0.00290	0.00695	0.00695	0.00927	0.01506	0.03128	0.01738	0.83203	0.02433	0.00463	0.00463	0.00695	0.00290	0.00290
76	0.00652	0.00509	0.00607	0.00653	0.00788	0.00464	0.00532	0.00816	0.01100	0.01371	0.07070	0.07213	0.43651	0.01253	0.00604	0.00185	0.00321	0.31346	0.00446	0.00420
77	0.00709	0.00468	0.00629	0.00711	0.00779	0.00439	0.00519	0.00830	0.00997	0.05737	0.05728	0.58923	0.04488	0.01387	0.00610	0.00194	0.00313	0.15660	0.00455	0.00425
78	0.00770	0.00550	0.00770	0.00880	0.00990	0.00550	0.00770	0.00990	0.01100	0.01430	0.02531	0.05391	0.02751	0.01320	0.00660	0.00220	0.00440	0.77004	0.00440	0.00440
79	0.01097	0.01048	0.01784	0.27279	0.56550	0.01113	0.01424	0.01391	0.01048	0.01457	0.00884	0.01211	0.00720	0.00442	0.00475	0.00147	0.00589	0.00426	0.00229	0.00688
80	0.02096	0.00824	0.01108	0.00857	0.01221	0.00727	0.00705	0.02340	0.05360	0.76531	0.01889	0.01635	0.01197	0.00594	0.00481	0.00149	0.00405	0.00484	0.00586	0.00811
81	0.01785	0.02278	0.01354	0.01231	0.01478	0.81284	0.00924	0.01909	0.01354	0.01170	0.00739	0.00862	0.00616	0.00493	0.00431	0.00123	0.00862	0.00308	0.00246	0.00554
82	0.00570	0.00481	0.00493	0.00498	0.00650	0.00404	0.00370	0.00692	0.01089	0.01309	0.07322	0.08641	0.73415	0.01217	0.00567	0.00163	0.00243	0.01022	0.00447	0.00404
83	0.01128	0.01289	0.02820	0.02015	0.02498	0.01209	0.78485	0.01531	0.01128	0.01531	0.00967	0.01289	0.00725	0.00403	0.00564	0.00161	0.00806	0.00564	0.00242	0.00645
84	0.13575	0.00828	0.01054	0.00820	0.01180	0.00753	0.00677	0.02204	0.01293	0.69937	0.01720	0.01512	0.01093	0.00572	0.00456	0.00148	0.00402	0.00451	0.00552	0.00773
85	0.00668	0.00488	0.00627	0.00593	0.00709	0.00447	0.00444	0.00886	0.01333	0.01870	0.74392	0.03647	0.10116	0.00994	0.00564	0.00151	0.00227	0.00875	0.00520	0.00447
86	0.06183	0.01273	0.01369	0.01055	0.01432	0.01395	0.00871	0.68224	0.02100	0.09524	0.01185	0.01169	0.00829	0.00569	0.00469	0.00144	0.00508	0.00426	0.00478	0.00798
87	0.00582	0.00416	0.00555	0.00666	0.00693	0.00388	0.00444	0.00666	0.00915	0.01220	0.02634	0.82891	0.03161	0.01497	0.00610	0.00194	0.00277	0.01359	0.00444	0.00388
88	0.01173	0.01126	0.01923	0.05667	0.77563	0.01133	0.01462	0.01458	0.01084	0.01550	0.00897	0.01186	0.00753	0.00428	0.00473	0.00143	0.00570	0.00426	0.00236	0.00749
89	0.00585	0.00482	0.00513	0.00511	0.00659	0.00411	0.00381	0.00722	0.01127	0.01394	0.17483	0.07578	0.64136	0.01182	0.00567	0.00161	0.00241	0.00998	0.00458	0.00411
90	0.01163	0.01292	0.02749	0.01968	0.02446	0.01223	0.74514	0.05477	0.01185	0.01607	0.00976	0.01282	0.00730	0.00412	0.00560	0.00160	0.00791	0.00557	0.00254	0.00653
91	0.01189	0.01027	0.01081	0.00973	0.01243	0.01189	0.00757	0.02540	0.79357	0.01999	0.01945	0.01783	0.01459	0.00648	0.00486	0.00162	0.00378	0.00540	0.00486	0.00757
92	0.00582	0.00418	0.00553	0.00661	0.00692	0.00389	0.00442	0.00666	0.00920	0.01222	0.02693	0.80812	0.05202	0.01490	0.00609	0.00193	0.00276	0.01349	0.00444	0.00389
93	0.01072	0.01023	0.01740	0.34140	0.49879	0.01107	0.01412	0.01370	0.01036	0.01427	0.00880	0.01219	0.00710	0.00446	0.00475	0.00149	0.00595	0.00425	0.00227	0.00668
94	0.01780	0.01303	0.01395	0.01073	0.01445	0.01440	0.00885	0.75506	0.02197	0.02963	0.01164	0.01173	0.00829	0.00573	0.00472	0.00142	0.00514	0.00431	0.03916	0.00798
95	0.01356	0.01587	0.02212	0.01679	0.02071	0.26652	0.47154	0.03375	0.06278	0.01478	0.00962	0.01182	0.00740	0.00451	0.00515	0.00149	0.00790	0.00478	0.00264	0.00627
96	0.01748	0.11793	0.01485	0.01149	0.01434	0.60161	0.00897	0.08806	0.01390	0.05715	0.00830	0.00919	0.00665	0.00495	0.00423	0.00124	0.00765	0.00322	0.00281	0.00599
97	0.01803	0.01079	0.03908	0.00972	0.01336	0.01063	0.00815	0.26394	0.17756	0.37189	0.01630	0.01487	0.01104	0.00593	0.00480	0.00150	0.00449	0.00473	0.00521	0.00798
98	0.00770	0.00550	0.00770	0.00880	0.00990	0.00550	0.00770	0.00990	0.01100	0.01430	0.02531	0.05391	0.02751	0.01320	0.00660	0.00220	0.00440	0.77004	0.00440	0.00440
99	0.04992	0.00804	0.01078	0.00844	0.01198	0.00707	0.00700	0.02229	0.01335	0.73793	0.01876	0.01790	0.01240	0.00624	0.00483	0.00152	0.00407	0.04390	0.00574	0.00784
100	0.02246	0.02545	0.10242	0.01742	0.03617	0.03805	0.52051	0.06417	0.07842	0.01651	0.01061	0.01335	0.00809	0.00459	0.00530	0.00158	0.00724	0.01827	0.00277	0.00664
101	0.02144	0.00813	0.01109	0.00850	0.01220	0.00702	0.00702	0.02329	0.01368	0.80552	0.01886	0.01627	0.01183	0.00592	0.00481	0.00148	0.00407	0.00481	0.00592	0.00813
102	0.00770	0.00550	0.00770	0.00880	0.00990	0.00550	0.00770	0.00990	0.01100	0.01430	0.02531	0.05391	0.02751	0.01320	0.00660	0.00220	0.00440	0.77004	0.00440	0.00440
103	0.01139	0.01090	0.01860	0.15442	0.68059	0.01124	0.01445	0.01428	0.01067	0.01508	0.00891	0.01197	0.00738	0.00434	0.00474	0.00145	0.00579	0.00426	0.00233	0.00721
104	0.86579	0.00924	0.00702	0.00629	0.00924	0.01072	0.00518	0.01405	0.00813	0.02144	0.00666	0.00776	0.00518	0.00444	0.00296	0.00148	0.00370	0.00259	0.00296	0.00518
105	0.00682	0.00487	0.00634	0.00597	0.00710	0.00451	0.00448	0.00908	0.01343	0.01913	0.77794	0.03521	0.04419	0.00965	0.00557	0.00149	0.00225	0.00853	0.02893	0.00451
106	0.01278	0.01035	0.01105	0.00974	0.01257	0.01182	0.00763	0.07361	0.70399	0.06155	0.01892	0.01735	0.01404	0.00641	0.00486	0.00160	0.00389	0.00530	0.00491	0.00763
107	0.01129	0.01081	0.01843	0.18026	0.65547	0.01122	0.01440	0.01420	0.01063	0.01497	0.00890	0.01200	0.00734	0.00436	0.00474	0.00145	0.00581	0.00426	0.00232	0.00714
108	0.02118	0.00819	0.01108	0.00854	0.01221	0.00716	0.00704	0.02335	0.03531	0.78373	0.01887	0.01631	0.01191	0.00593	0.00481	0.00148	0.00406	0.00482	0.00589	0.00812
109	0.00749	0.00535	0.00746	0.00856	0.00957	0.00532	0.00734	0.00954	0.01080	0.01407	0.02542	0.14070	0.02797	0.01340	0.00655	0.00217	0.00422	0.68533	0.00441	0.00434
110	0.09701	0.01007	0.01729	0.05571	0.08642	0.00974	0.28051	0.01736	0.03871	0.25910	0.04472	0.01570	0.01085	0.00531	0.00500	0.00155	0.00562	0.02878	0.00379	0.00678
111	0.01520	0.01422	0.01242	0.07510	0.01508	0.26080	0.00868	0.11999	0.31819	0.08993	0.01375	0.01360	0.01023	0.00572	0.00467	0.00146	0.00571	0.00439	0.00398	0.00688
112	0.00770	0.00550	0.00770	0.00880	0.00990	0.00550	0.00770	0.00990	0.01100	0.01430	0.02531	0.05391	0.02751	0.01320	0.00660	0.00220	0.00440	0.77004	0.00440	0.00440
113	0.01785	0.02278	0.01354	0.01231	0.01478	0.81284	0.00924	0.01909	0.01354	0.01170	0.00739	0.00862	0.00616	0.00493	0.00431	0.00123	0.00862	0.00308	0.00246	0.00554
114	0.01069	0.00991	0.01615	0.44851	0.32397	0.01117	0.01339	0.05632	0.03619	0.01475	0.00920	0.01249	0.00719	0.00469	0.00476	0.00152	0.00596	0.00429	0.00245	0.00640
115	0.01145	0.01292	0.02666	0.04199	0.09302	0.03419	0.67536	0.01528	0.01126	0.01515	0.00952	0.01268	0.00723	0.00409	0.00550	0.00158	0.00782	0.00541	0.00241	0.00649
116	0.00625	0.00451	0.00600	0.00705	0.00759	0.00426	0.00514	0.00741	0.00967	0.01273	0.02732	0.60707	0.07311	0.01441	0.00619	0.00198	0.00313	0.18772	0.00443	0.00401
117	0.01489	0.01716	0.01643	0.02069	0.40212	0.41858	0.01191	0.01691	0.01224	0.01362	0.00818	0.01020	0.00685	0.00460	0.00452	0.00132	0.00717	0.00366	0.00242	0.00654
118	0.00597	0.00427	0.00571	0.00679	0.00714	0.00401	0.00466	0.00692	0.00937	0.01249	0.04197	0.75999	0.03161	0.01475	0.00613	0.00195	0.00287	0.06504	0.00445	0.00393
119	0.00991	0.00850	0.00991	0.00708	0.01133	0.00637	0.00566	0.01203	0.00991	0.01557	0.00850	0.00991	0.00708	0.00354	0.00354	0.00071	0.00354	0.00283	0.00283	0.86124
120	0.01161	0.01365	0.04130	0.01960	0.02434	0.05629	0.72833	0.01552	0.01138	0.01511	0.00952	0.01261	0.00717	0.00409	0.00555	0.00159	0.00807	0.00546	0.00241	0.00641
121	0.00566	0.00480	0.00488	0.00494	0.00648	0.00403	0.00368	0.00685	0.01080	0.01287	0.04720	0.08923	0.75782	0.01226	0.00567	0.00163	0.00244	0.01028	0.00444	0.00403
122	0.01128	0.01289	0.02820	0.02015	0.02498	0.01209	0.78485	0.01531	0.01128	0.01531	0.00967	0.01289	0.00725	0.00403	0.00564	0.00161	0.00806	0.00564	0.00242	0.00645
123	0.01139	0.01102	0.01899	0.13435	0.64343	0.01138	0.04893	0.01428	0.01063	0.01504	0.00888	0.01196	0.00736	0.00443	0.00507	0.00147	0.02759	0.00432	0.00233	0.00716
124	0.00565	0.00484	0.00484	0.00484	0.00646	0.00403	0.00363	0.00686	0.01089	0.01291	0.04842	0.04600	0.80027	0.01210	0.00565	0.00161	0.00242	0.01009	0.00444	0.00403
125	0.00695	0.00497	0.00684	0.00795	0.00872	0.00486	0.00640	0.00861	0.01026	0.01346	0.02572	0.36322	0.02915	0.01391	0.00640	0.00210	0.00375	0.46813	0.00442	0.00419
126	0.00907	0.00837	0.01506	0.01282	0.01501	0.00850	0.26469	0.01170	0.01065	0.01426	0.01832	0.07231	0.01892	0.00978	0.00715	0.00198	0.08596	0.40681	0.00352	0.00513
127	0.00995	0.11675	0.71841	0.01300	0.01973	0.01199	0.01658	0.01504	0.01005	0.01469	0.00836	0.00982	0.00606	0.00449	0.00437	0.00146	0.00684	0.00342	0.00202	0.00696
128	0.00695	0.00463	0.00521	0.00521	0.00521	0.00463	0.00290	0.00695	0.00695	0.00927	0.01506	0.03128	0.01738	0.83203	0.02433	0.00463	0.00463	0.00695	0.00290	0.00290
129	0.00965	0.02431	0.78035	0.01385	0.02084	0.01113	0.04416	0.01514	0.01013	0.01514	0.00862	0.01019	0.00610	0.00452	0.00458	0.00152	0.00710	0.00360	0.00203	0.00704
130	0.01101	0.01052	0.01792	0.26076	0.57720	0.01114	0.01426	0.01395	0.01050	0.01462	0.00885	0.01210	0.00722	0.00441	0.00475	0.00147	0.00588	0.00426	0.00230	0.00691
131	0.01113	0.01393	0.09648	0.01957	0.02460	0.01200	0.71762	0.01530	0.01118	0.01530	0.00957	0.01265	0.00715	0.00407	0.00554	0.00160	0.00797	0.00546	0.00238	0.00650
132	0.01806	0.01304	0.01406	0.01084	0.01461	0.01437	0.00894	0.72297	0.05314	0.06292	0.01211	0.01194	0.00855	0.00578	0.00479	0.00144	0.00515	0.00437	0.00483	0.00811
133	0.00953	0.02415	0.78335	0.01348	0.02036	0.01093	0.01736	0.01498	0.01012	0.01511	0.00908	0.01140	0.00670	0.00480	0.00460	0.00153	0.00698	0.02645	0.00209	0.00698
134	0.00603	0.00588	0.04618	0.00567	0.00746	0.00451	0.00469	0.00755	0.01086	0.01325	0.06225	0.07152	0.65943	0.01184	0.00568	0.00166	0.00281	0.06417	0.00433	0.00422
135	0.00761	0.00543	0.00759	0.00869	0.00975	0.00542	0.00753	0.00974	0.01091	0.01420	0.02536	0.09358	0.02772	0.01329	0.00658	0.00219	0.00432	0.73132	0.00440	0.00437
136	0.01243	0.74740	0.10953	0.00877	0.01318	0.01807	0.00920	0.01440	0.00975	0.01167	0.00685	0.00793	0.00613	0.00414	0.00323	0.00108	0.00532	0.00266	0.00204	0.00623
137	0.00800	0.00554	0.00765	0.00857	0.00978	0.00547	0.00746	0.01013	0.01108	0.03788	0.02639	0.05235	0.06971	0.01292	0.00650	0.00215	0.00428	0.70519	0.00445	0.00449
138	0.01183	0.01136	0.01940	0.02934	0.80221	0.01136	0.01467	0.01467	0.01088	0.01562	0.00899	0.01183	0.00757	0.00426	0.00473	0.00142	0.00568	0.00426	0.00237	0.00757
139	0.00970	0.02398	0.76650	0.01342	0.02026	0.01114	0.01714	0.01566	0.05019	0.01539	0.00913	0.01049	0.00649	0.00464	0.00456	0.00152	0.00690	0.00363	0.00216	0.00709
140	0.00968	0.04895	0.78387	0.01346	0.02043	0.01133	0.01738	0.01511	0.01008	0.01502	0.00852	0.01002	0.00606	0.00453	0.00450	0.00150	0.00701	0.00350	0.00202	0.00704
141	0.00749	0.00558	0.00729	0.00809	0.00931	0.00552	0.00685	0.01008	0.05410	0.01427	0.02884	0.09313	0.15390	0.01275	0.00632	0.00206	0.00395	0.56155	0.00443	0.00449
142	0.00746	0.00542	0.00737	0.00834	0.00950	0.00533	0.00723	0.00955	0.01099	0.01414	0.02800	0.05299	0.11757	0.01308	0.00649	0.00213	0.00417	0.68147	0.00441	0.00436
143	0.01711	0.02184	0.05405	0.01219	0.01495	0.69759	0.00957	0.04805	0.05678	0.01302	0.00827	0.00931	0.00669	0.00502	0.00437	0.00127	0.00815	0.00328	0.00266	0.00583
144	0.01251	0.76758	0.09005	0.00863	0.01297	0.01826	0.00897	0.01438	0.00974	0.01157	0.00681	0.00787	0.00613	0.00413	0.00319	0.00106	0.00527	0.00264	0.00204	0.00621
145	0.01955	0.00817	0.01080	0.00845	0.01188	0.00737	0.00692	0.05026	0.05706	0.66668	0.08509	0.01783	0.01468	0.00627	0.00488	0.00149	0.00394	0.00515	0.00576	0.00779
146	0.00603	0.00496	0.00537	0.00557	0.00709	0.00430	0.00438	0.00742	0.01091	0.01317	0.04417	0.04745	0.65820	0.01231	0.00582	0.00172	0.00279	0.14980	0.00443	0.00410
147	0.01278	0.83490	0.02505	0.00818	0.01227	0.01891	0.00818	0.01431	0.00971	0.01125	0.00664	0.00767	0.00613	0.00409	0.00307	0.00102	0.00511	0.00256	0.00204	0.00613
148	0.01266	0.80510	0.05382	0.00838	0.01258	0.01862	0.00853	0.01434	0.00973	0.01139	0.00672	0.00776	0.00613	0.00411	0.00312	0.00104	0.00518	0.00259	0.00204	0.00617
149	0.01840	0.00763	0.01023	0.00810	0.01129	0.00677	0.00659	0.02079	0.04505	0.63156	0.16021	0.01985	0.01796	0.00664	0.00496	0.00149	0.00373	0.00553	0.00575	0.00746
150	0.00734	0.00530	0.00725	0.00827	0.00931	0.00521	0.00703	0.00931	0.01078	0.01396	0.02704	0.14444	0.08202	0.01333	0.00648	0.00213	0.00407	0.62800	0.00441	0.00431
151	0.45427	0.03752	0.33832	0.00946	0.01417	0.01094	0.01049	0.01489	0.00922	0.05115	0.00796	0.00908	0.00584	0.00453	0.00369	0.00148	0.00514	0.00307	0.00267	0.00610
152	0.11427	0.60786	0.11881	0.00864	0.01294	0.01656	0.00895	0.01470	0.00971	0.04068	0.00731	0.00828	0.00621	0.00425	0.00330	0.00115	0.00515	0.00276	0.00229	0.00620
153	0.05767	0.22747	0.56649	0.01185	0.01794	0.01304	0.01459	0.01487	0.00989	0.01451	0.00799	0.00935	0.00603	0.00442	0.00408	0.00139	0.00639	0.00323	0.00208	0.00673
154	0.23477	0.34379	0.19795	0.00943	0.01384	0.04625	0.03018	0.01505	0.00976	0.05004	0.00774	0.00880	0.00615	0.00440	0.00357	0.00130	0.00536	0.00299	0.00247	0.00617
155	0.01244	0.74869	0.10828	0.00876	0.01316	0.01808	0.00919	0.01440	0.00975	0.01166	0.00685	0.00793	0.00613	0.00414	0.00322	0.00107	0.00532	0.00266	0.00204	0.00623
156	0.00981	0.08137	0.75257	0.01324	0.02010	0.01165	0.01700	0.01508	0.01006	0.01486	0.00844	0.00992	0.00606	0.00451	0.00444	0.00148	0.00693	0.00346	0.00202	0.00700
157	0.00984	0.08919	0.74502	0.01319	0.02002	0.01172	0.01690	0.01507	0.01006	0.01483	0.00842	0.00990	0.00606	0.00451	0.00442	0.00147	0.00691	0.00345	0.00202	0.00699

[dist]
# distance from previous block
# <min> <max>
4	35

[block]
# block no. 1 follows, 53 sequences, length 23
# corresponding to MSA columns:
# 398-420
name=unknown_B
#
# <colnr> <probs for GDERKNQSTAVLIFYWHMCP>
#	G	D	E	R	K	N	Q	S	T	A	V	L	I	F	Y	W	H	M	C	P
0	0.00701	0.00531	0.00756	0.00677	0.00809	0.00492	0.04624	0.00936	0.01341	0.01896	0.75744	0.03448	0.04307	0.00946	0.00564	0.00151	0.00257	0.00848	0.00511	0.00461
1	0.07283	0.01312	0.01418	0.01210	0.06918	0.06156	0.02875	0.54078	0.06343	0.05947	0.01146	0.01169	0.00828	0.00551	0.00466	0.00144	0.00532	0.00423	0.00435	0.00767
2	0.05701	0.01262	0.02665	0.01985	0.06170	0.01198	0.70593	0.01521	0.01109	0.01565	0.00948	0.01257	0.00716	0.00406	0.00545	0.00160	0.00771	0.00541	0.00244	0.00643
3	0.00669	0.00488	0.00628	0.00593	0.00709	0.00448	0.00445	0.00887	0.01335	0.01874	0.74851	0.03640	0.09655	0.00993	0.00564	0.00151	0.00227	0.00874	0.00521	0.00448
4	0.00599	0.00427	0.00567	0.00660	0.00690	0.00409	0.00441	0.00681	0.00886	0.01188	0.02445	0.70525	0.02904	0.08543	0.06371	0.00257	0.00363	0.01244	0.00418	0.00383
5	0.01311	0.78171	0.02429	0.00845	0.01243	0.07091	0.00825	0.01462	0.00996	0.01127	0.00669	0.00773	0.00614	0.00414	0.00315	0.00104	0.00534	0.00259	0.00207	0.00609
6	0.00959	0.02472	0.80726	0.01362	0.02069	0.01110	0.01766	0.01514	0.01009	0.01514	0.00858	0.01009	0.00605	0.00454	0.00454	0.00151	0.00706	0.00353	0.00202	0.00706
7	0.00582	0.00416	0.00555	0.00666	0.00693	0.00388	0.00444	0.00666	0.00915	0.01220	0.02634	0.82891	0.03161	0.01497	0.00610	0.00194	0.00277	0.01359	0.00444	0.00388
8	0.86579	0.00924	0.00702	0.00629	0.00924	0.01072	0.00518	0.01405	0.00813	0.02144	0.00666	0.00776	0.00518	0.00444	0.00296	0.00148	0.00370	0.00259	0.00296	0.00518
9	0.00581	0.00421	0.00549	0.00652	0.00690	0.00389	0.00438	0.00667	0.00928	0.01226	0.02802	0.76949	0.08994	0.01476	0.00607	0.00192	0.00275	0.01332	0.00444	0.00389
10	0.02882	0.04050	0.02266	0.01645	0.02064	0.08475	0.48836	0.11588	0.10014	0.01739	0.01063	0.01261	0.00801	0.00461	0.00519	0.00153	0.00709	0.00505	0.00300	0.00667
11	0.00605	0.00430	0.00569	0.00672	0.00704	0.00406	0.00458	0.00693	0.00914	0.01216	0.02548	0.71300	0.03030	0.07161	0.00741	0.00215	0.00303	0.07216	0.00433	0.00385
12	0.11889	0.07420	0.01255	0.01007	0.03853	0.10226	0.00785	0.12363	0.27914	0.16328	0.01404	0.01346	0.01025	0.00560	0.00441	0.00146	0.00473	0.00429	0.00425	0.00712
13	0.01240	0.60025	0.15277	0.01011	0.01473	0.01692	0.06871	0.05183	0.01051	0.01310	0.00742	0.00864	0.00630	0.00424	0.00359	0.00117	0.00566	0.00303	0.00220	0.00641
14	0.01073	0.08731	0.37119	0.01654	0.08851	0.01215	0.27557	0.01558	0.04839	0.01514	0.00934	0.01136	0.00701	0.00440	0.00482	0.00150	0.00696	0.00432	0.00232	0.00684
15	0.00588	0.00421	0.00560	0.00661	0.00695	0.00392	0.00444	0.00681	0.00944	0.01266	0.07699	0.77696	0.03250	0.01463	0.00607	0.00191	0.00274	0.01326	0.00449	0.00392
16	0.11396	0.01227	0.01311	0.01036	0.01387	0.03999	0.03370	0.48532	0.10734	0.08470	0.03006	0.01264	0.00955	0.00570	0.00462	0.00146	0.00496	0.00437	0.00452	0.00750
17	0.38486	0.20771	0.08021	0.00868	0.01223	0.13667	0.00788	0.06865	0.02730	0.01757	0.00753	0.00854	0.00603	0.00457	0.00349	0.00134	0.00518	0.00291	0.00275	0.00587
18	0.00614	0.00460	0.00616	0.00746	0.04294	0.00428	0.00483	0.00720	0.00971	0.01291	0.08147	0.65960	0.10721	0.01384	0.00596	0.00185	0.00283	0.01248	0.00440	0.00411
19	0.01018	0.00863	0.01002	0.00743	0.01139	0.00704	0.00593	0.03704	0.06967	0.01616	0.00962	0.01096	0.00790	0.00530	0.04037	0.00112	0.00403	0.00318	0.00303	0.73102
20	0.07998	0.01183	0.09181	0.01171	0.01575	0.01036	0.20180	0.15605	0.07083	0.07263	0.03407	0.01542	0.07383	0.00547	0.00475	0.00142	0.00526	0.00492	0.00357	0.12855
21	0.08072	0.04755	0.06663	0.00901	0.01262	0.00963	0.00782	0.04078	0.23175	0.36127	0.01620	0.01536	0.01134	0.00577	0.00455	0.00147	0.00422	0.01621	0.00474	0.05239
22	0.39673	0.01001	0.01063	0.00875	0.01176	0.01101	0.06044	0.22207	0.04798	0.05802	0.01118	0.07334	0.00941	0.04322	0.00501	0.00166	0.00441	0.00452	0.00374	0.00610

[dist]
# distance from previous block
# <min> <max>
9	51

[block]
# block no. 2 follows, 53 sequences, length 19
# corresponding to MSA columns:
# 481-499
name=unknown_C
#
# <colnr> <probs for GDERKNQSTAVLIFYWHMCP>
#	G	D	E	R	K	N	Q	S	T	A	V	L	I	F	Y	W	H	M	C	P
0	0.16370	0.01124	0.04740	0.01074	0.01435	0.08506	0.17400	0.01593	0.04585	0.14091	0.09656	0.01421	0.01187	0.00516	0.00449	0.00137	0.00512	0.00450	0.00353	0.14399
1	0.01003	0.00697	0.03973	0.00727	0.00884	0.02351	0.00561	0.04667	0.03385	0.14405	0.15192	0.20895	0.05490	0.18664	0.00953	0.00230	0.00381	0.04608	0.00437	0.00497
2	0.09185	0.06262	0.01087	0.00816	0.01118	0.04195	0.00665	0.21030	0.07080	0.15332	0.04763	0.02032	0.18023	0.00697	0.00464	0.00143	0.00410	0.00548	0.01613	0.04538
3	0.01331	0.53875	0.02096	0.00938	0.01248	0.05069	0.00864	0.03147	0.00996	0.07570	0.00769	0.00908	0.00667	0.00523	0.00601	0.00131	0.18096	0.00315	0.00244	0.00612
4	0.01684	0.00972	0.08886	0.18338	0.01727	0.00816	0.00930	0.01951	0.02666	0.51294	0.01631	0.03327	0.02405	0.00585	0.00482	0.00152	0.00479	0.00486	0.00465	0.00725
5	0.01202	0.59442	0.19195	0.00947	0.01409	0.01667	0.01017	0.01538	0.07293	0.01279	0.00809	0.00901	0.00680	0.00438	0.00353	0.00118	0.00542	0.00299	0.00227	0.00645
6	0.20176	0.11261	0.01198	0.00799	0.01157	0.00932	0.00677	0.02018	0.01199	0.53693	0.01470	0.01336	0.00968	0.00537	0.00419	0.00142	0.00412	0.00405	0.00479	0.00725
7	0.01234	0.59759	0.08213	0.01313	0.18261	0.01671	0.01028	0.01445	0.00999	0.01247	0.00729	0.00874	0.00644	0.00416	0.00353	0.00114	0.00538	0.00299	0.00211	0.00651
8	0.00918	0.00501	0.00674	0.00705	0.00806	0.00456	0.00499	0.01023	0.01012	0.18264	0.02473	0.65431	0.02736	0.01303	0.00582	0.00184	0.00305	0.01170	0.00475	0.00480
9	0.19424	0.01462	0.21625	0.01488	0.01964	0.01116	0.38063	0.01468	0.01029	0.01653	0.00967	0.01351	0.00770	0.00479	0.00485	0.00159	0.00666	0.04956	0.00255	0.00621
10	0.01678	0.01164	0.11551	0.01324	0.05269	0.00910	0.21900	0.01972	0.01246	0.45721	0.01464	0.01438	0.00968	0.00516	0.00500	0.00152	0.00559	0.00485	0.00432	0.00752
11	0.00903	0.00850	0.01434	0.82054	0.03292	0.01062	0.01327	0.01221	0.00956	0.01221	0.00850	0.01274	0.00637	0.00478	0.00478	0.00159	0.00637	0.00425	0.00212	0.00531
12	0.00700	0.00604	0.01041	0.00955	0.01081	0.00564	0.17211	0.00851	0.00961	0.01287	0.02276	0.65359	0.02638	0.01262	0.00600	0.00187	0.00391	0.01188	0.00400	0.00443
13	0.01206	0.32788	0.12617	0.01012	0.06290	0.10653	0.00901	0.04695	0.01095	0.01446	0.01003	0.01259	0.00848	0.00502	0.00380	0.00123	0.00519	0.03436	0.18634	0.00594
14	0.01528	0.01843	0.01437	0.18786	0.10664	0.55095	0.01071	0.01712	0.01239	0.01225	0.00780	0.00986	0.00636	0.00482	0.00446	0.00133	0.00781	0.00346	0.00238	0.00572
15	0.00582	0.00416	0.00555	0.00666	0.00693	0.00388	0.00444	0.00666	0.00915	0.01220	0.02634	0.82891	0.03161	0.01497	0.00610	0.00194	0.00277	0.01359	0.00444	0.00388
16	0.00944	0.00873	0.01379	0.58204	0.09024	0.00977	0.01175	0.01237	0.00974	0.01321	0.00854	0.01206	0.00662	0.00447	0.00451	0.00139	0.00571	0.00394	0.00230	0.18939
17	0.00921	0.00868	0.01467	0.76818	0.08382	0.01067	0.01337	0.01237	0.00964	0.01244	0.00853	0.01268	0.00645	0.00474	0.00478	0.00158	0.00633	0.00425	0.00214	0.00546
18	0.07895	0.25979	0.30877	0.01002	0.01451	0.01201	0.03983	0.01350	0.01060	0.01536	0.17786	0.01479	0.01444	0.00550	0.00425	0.00137	0.00522	0.00434	0.00281	0.00606

[dist]
# distance from previous block
# <min> <max>
0	62

# created by:
# /home/cegg/simao/soft/augustus-3.2.1/scripts/msa2prfl.pl ./align_prep/EOG091G0RT1.fa
