[name]
unknown

[dist]
# distance from previous block
# <min> <max>
0	72

[block]
# block no. 0 follows, 51 sequences, length 52
# corresponding to MSA columns:
# 72-123
name=unknown_A
#
# <colnr> <probs for GDERKNQSTAVLIFYWHMCP>
#	G	D	E	R	K	N	Q	S	T	A	V	L	I	F	Y	W	H	M	C	P
0	0.10297	0.00640	0.00812	0.00809	0.00977	0.00634	0.02087	0.02653	0.01191	0.01739	0.24260	0.04035	0.02884	0.01062	0.00584	0.00185	0.00385	0.38646	0.00449	0.05669
1	0.01921	0.05259	0.01219	0.00892	0.01254	0.00922	0.00739	0.14688	0.05680	0.52755	0.01990	0.01794	0.07307	0.00649	0.00491	0.00151	0.00429	0.00520	0.00550	0.00789
2	0.69167	0.01097	0.05638	0.00746	0.01077	0.02598	0.00652	0.08276	0.01008	0.02219	0.03282	0.00941	0.00699	0.00487	0.00342	0.00151	0.00420	0.00309	0.00322	0.00570
3	0.01077	0.14763	0.59243	0.06169	0.02024	0.01250	0.01581	0.01574	0.02645	0.04018	0.00908	0.01053	0.00663	0.00470	0.00447	0.00148	0.00674	0.00360	0.00228	0.00705
4	0.00791	0.00575	0.00701	0.00642	0.00792	0.00543	0.00489	0.06990	0.01418	0.03105	0.59430	0.03625	0.17015	0.01007	0.00572	0.00156	0.00262	0.00873	0.00524	0.00490
5	0.00689	0.00508	0.00617	0.00625	0.00730	0.00474	0.00448	0.00892	0.04648	0.02589	0.32042	0.25429	0.20135	0.07027	0.00726	0.00193	0.00277	0.01028	0.00481	0.00442
6	0.00692	0.00502	0.00652	0.00615	0.00732	0.00462	0.00461	0.00921	0.01383	0.01952	0.77280	0.03701	0.06773	0.01012	0.00580	0.00155	0.00232	0.00893	0.00539	0.00462
7	0.01314	0.83025	0.02575	0.00841	0.01261	0.01945	0.00841	0.01472	0.00999	0.01156	0.00683	0.00788	0.00631	0.00420	0.00315	0.00105	0.00526	0.00263	0.00210	0.00631
8	0.02151	0.05841	0.01228	0.00872	0.01255	0.00797	0.00730	0.02339	0.01382	0.75203	0.01862	0.01619	0.01181	0.00597	0.00483	0.00149	0.00425	0.00480	0.00584	0.00824
9	0.00599	0.00428	0.00570	0.00684	0.00713	0.00399	0.00456	0.00684	0.00941	0.01254	0.02709	0.82409	0.03250	0.01540	0.00627	0.00200	0.00285	0.01397	0.00456	0.00399
10	0.01019	0.00873	0.01019	0.00728	0.01165	0.00655	0.00582	0.01237	0.01019	0.01601	0.00873	0.01019	0.00728	0.00364	0.00364	0.00073	0.00364	0.00291	0.00291	0.85734
11	0.00702	0.00527	0.00790	0.00790	0.00878	0.00614	0.00614	0.00878	0.00790	0.01141	0.01316	0.01931	0.01229	0.03686	0.80782	0.00790	0.01316	0.00527	0.00263	0.00439
12	0.00651	0.00489	0.00530	0.00528	0.00613	0.00450	0.00349	0.00726	0.00945	0.01191	0.07871	0.03920	0.37873	0.38649	0.02903	0.00319	0.00371	0.00871	0.00385	0.00365
13	0.01314	0.83025	0.02575	0.00841	0.01261	0.01945	0.00841	0.01472	0.00999	0.01156	0.00683	0.00788	0.00631	0.00420	0.00315	0.00105	0.00526	0.00263	0.00210	0.00631
14	0.01119	0.01223	0.02533	0.03182	0.10624	0.01183	0.58588	0.01486	0.01139	0.01566	0.05234	0.03427	0.01014	0.00500	0.00622	0.00166	0.04884	0.00592	0.00267	0.00650
15	0.71544	0.01224	0.14389	0.00776	0.01153	0.01109	0.00753	0.01464	0.00871	0.02093	0.00718	0.00839	0.00548	0.00458	0.00332	0.00153	0.00440	0.00283	0.00288	0.00566
16	0.00703	0.00524	0.00776	0.00776	0.00859	0.00607	0.00597	0.00869	0.00786	0.01131	0.01329	0.02000	0.01259	0.07944	0.76564	0.00773	0.01271	0.00537	0.00265	0.00431
17	0.06411	0.60482	0.19381	0.00951	0.01431	0.01718	0.01035	0.01488	0.00997	0.01307	0.00727	0.00843	0.00623	0.00433	0.00348	0.00119	0.00560	0.00285	0.00215	0.00646
18	0.03029	0.32496	0.25408	0.01016	0.01513	0.01318	0.01092	0.01776	0.01131	0.25157	0.01123	0.01131	0.00804	0.00492	0.00415	0.00135	0.00551	0.00363	0.00332	0.00720
19	0.01121	0.00890	0.01075	0.00790	0.01204	0.00716	0.02451	0.03560	0.04523	0.06864	0.02506	0.02517	0.00913	0.00433	0.00396	0.00090	0.00381	0.00357	0.00334	0.68880
20	0.80994	0.00923	0.00718	0.00645	0.00937	0.01064	0.00528	0.01413	0.00870	0.02191	0.05477	0.00973	0.00782	0.00490	0.00321	0.00152	0.00371	0.00304	0.00319	0.00528
21	0.00675	0.00492	0.00636	0.00621	0.00727	0.00452	0.00458	0.00881	0.01313	0.01834	0.64456	0.14733	0.08698	0.01093	0.00586	0.00161	0.00240	0.00968	0.00524	0.00452
22	0.00959	0.00912	0.01563	0.72663	0.09371	0.01103	0.03970	0.01286	0.00999	0.01294	0.00882	0.01303	0.00668	0.00484	0.00494	0.00162	0.00655	0.00442	0.00221	0.00568
23	0.01018	0.08840	0.71076	0.01382	0.02076	0.01209	0.04680	0.01550	0.01039	0.01525	0.00871	0.01029	0.00628	0.00461	0.00459	0.00152	0.00714	0.00364	0.00209	0.00716
24	0.02066	0.00838	0.01123	0.00884	0.01240	0.00746	0.00729	0.06147	0.01425	0.69584	0.01958	0.04161	0.01342	0.00674	0.00508	0.00157	0.00422	0.04604	0.00590	0.00803
25	0.02006	0.00792	0.01077	0.00841	0.01186	0.00688	0.00688	0.02202	0.01405	0.69737	0.12131	0.01936	0.01667	0.00660	0.00505	0.00152	0.00394	0.00546	0.00599	0.00787
26	0.01141	0.00708	0.00908	0.00835	0.01018	0.00695	0.02807	0.12484	0.04757	0.16378	0.05297	0.39899	0.05386	0.02086	0.00596	0.00182	0.00372	0.03391	0.00487	0.00573
27	0.01914	0.00926	0.04299	0.00972	0.01349	0.00780	0.06829	0.04659	0.01401	0.60488	0.09491	0.01803	0.01483	0.00626	0.00508	0.00153	0.00448	0.00533	0.00554	0.00781
28	0.00689	0.00492	0.00673	0.00787	0.00855	0.00477	0.00613	0.00840	0.01030	0.01355	0.02659	0.46611	0.03054	0.01455	0.00651	0.00212	0.00363	0.36306	0.00454	0.00424
29	0.00686	0.00502	0.00644	0.00609	0.00729	0.00460	0.00457	0.00910	0.01370	0.01920	0.73537	0.03754	0.10536	0.01024	0.00580	0.00155	0.00233	0.00900	0.00534	0.00460
30	0.01072	0.23640	0.59839	0.01254	0.01900	0.01352	0.01560	0.01534	0.01027	0.01451	0.00830	0.00972	0.00625	0.00455	0.00427	0.00142	0.00674	0.00337	0.00208	0.00701
31	0.00986	0.02542	0.80183	0.01401	0.02127	0.01141	0.01816	0.01556	0.01038	0.01556	0.00882	0.01038	0.00623	0.00467	0.00467	0.00156	0.00726	0.00363	0.00208	0.00726
32	0.09448	0.02384	0.72292	0.01326	0.02010	0.01137	0.01688	0.01545	0.01018	0.01621	0.00862	0.01014	0.00614	0.00466	0.00451	0.00155	0.00692	0.00354	0.00217	0.00707
33	0.01120	0.00895	0.00943	0.00867	0.01101	0.01013	0.00674	0.02184	0.57247	0.01962	0.02055	0.02071	0.04511	0.00693	0.00477	0.00158	0.00353	0.03124	0.17865	0.00687
34	0.00951	0.00897	0.01515	0.75357	0.09399	0.01098	0.01376	0.01276	0.00993	0.01283	0.00877	0.01303	0.00665	0.00487	0.00491	0.00162	0.00649	0.00437	0.00220	0.00564
35	0.00934	0.01039	0.09291	0.73589	0.03260	0.01097	0.01410	0.01285	0.00988	0.01285	0.00874	0.01283	0.00652	0.00489	0.00489	0.00163	0.00662	0.00429	0.00217	0.00564
36	0.00818	0.00608	0.00845	0.00810	0.00924	0.00697	0.00630	0.08531	0.00937	0.01325	0.01315	0.01923	0.01219	0.07502	0.68725	0.00710	0.01195	0.00528	0.00288	0.00471
37	0.01034	0.01035	0.01494	0.69344	0.07309	0.09007	0.01331	0.01339	0.01031	0.01269	0.00865	0.01263	0.00660	0.00490	0.00486	0.00159	0.00674	0.00425	0.00223	0.00561
38	0.01103	0.00923	0.01064	0.00768	0.01200	0.00741	0.00617	0.08863	0.01147	0.01750	0.00904	0.01035	0.00739	0.00386	0.00377	0.00080	0.00382	0.00306	0.00311	0.77302
39	0.09730	0.01055	0.01093	0.00968	0.01258	0.01210	0.00760	0.06551	0.64294	0.04769	0.01823	0.01690	0.01359	0.00640	0.00480	0.00164	0.00397	0.00519	0.00484	0.00759
40	0.01147	0.01086	0.01839	0.05001	0.69671	0.01089	0.01400	0.01419	0.01097	0.01561	0.01100	0.09282	0.01020	0.00549	0.00501	0.00152	0.00556	0.00533	0.00264	0.00734
41	0.10214	0.02204	0.01326	0.01204	0.01463	0.72846	0.00908	0.01911	0.01337	0.01302	0.00752	0.00877	0.00623	0.00501	0.00429	0.00129	0.00836	0.00312	0.00258	0.00566
42	0.00703	0.00522	0.00765	0.00765	0.00844	0.00601	0.00583	0.00861	0.00782	0.01122	0.01339	0.02058	0.01284	0.11536	0.73008	0.00759	0.01233	0.00545	0.00267	0.00425
43	0.00597	0.00433	0.00565	0.00670	0.00709	0.00400	0.00450	0.00686	0.00955	0.01260	0.02888	0.76284	0.09259	0.01516	0.00624	0.00197	0.00282	0.01369	0.00456	0.00400
44	0.01278	0.15602	0.40208	0.01405	0.09535	0.03607	0.01407	0.18078	0.01324	0.01817	0.00914	0.01040	0.00686	0.00484	0.00448	0.00144	0.00643	0.00370	0.00274	0.00735
45	0.00988	0.00933	0.01242	0.01295	0.11923	0.06134	0.00908	0.01158	0.01958	0.01225	0.01008	0.01535	0.00956	0.06881	0.29989	0.00423	0.30190	0.00478	0.00248	0.00526
46	0.00696	0.00500	0.00689	0.08722	0.01013	0.00491	0.00572	0.00821	0.00987	0.03838	0.02664	0.60566	0.08603	0.01370	0.00610	0.00194	0.00335	0.06458	0.00437	0.00433
47	0.05438	0.00934	0.01078	0.00794	0.01212	0.00787	0.01741	0.07904	0.04497	0.03991	0.00971	0.01080	0.00775	0.00409	0.00385	0.00091	0.00389	0.00324	0.00326	0.66876
48	0.01338	0.00880	0.01012	0.00832	0.01140	0.03480	0.00655	0.03399	0.15768	0.22322	0.07871	0.08630	0.04567	0.00687	0.00497	0.00138	0.01659	0.00571	0.00456	0.24098
49	0.00924	0.05179	0.03515	0.00753	0.01029	0.00654	0.00600	0.01096	0.01002	0.05079	0.01632	0.33045	0.01733	0.00851	0.00491	0.00133	0.01465	0.00738	0.00363	0.39717
50	0.01404	0.19237	0.06614	0.10327	0.04315	0.23378	0.10237	0.06360	0.05411	0.02936	0.00927	0.01087	0.00735	0.00482	0.00443	0.00135	0.00673	0.00382	0.01506	0.03410
51	0.00836	0.00762	0.07032	0.00805	0.00973	0.00689	0.00661	0.05036	0.09132	0.02798	0.09331	0.18000	0.06873	0.07729	0.26613	0.00393	0.00686	0.00762	0.00380	0.00507

[dist]
# distance from previous block
# <min> <max>
3	6

[block]
# block no. 1 follows, 51 sequences, length 94
# corresponding to MSA columns:
# 130-223
name=unknown_B
#
# <colnr> <probs for GDERKNQSTAVLIFYWHMCP>
#	G	D	E	R	K	N	Q	S	T	A	V	L	I	F	Y	W	H	M	C	P
0	0.01249	0.01069	0.01126	0.01005	0.01288	0.01235	0.00784	0.05731	0.75613	0.02099	0.01966	0.01806	0.01473	0.00664	0.00500	0.00166	0.00395	0.00551	0.00500	0.00780
1	0.01143	0.11633	0.42755	0.01249	0.06388	0.01113	0.01329	0.01576	0.03415	0.07931	0.03013	0.01159	0.00828	0.00475	0.00440	0.00136	0.00588	0.00374	0.00273	0.14181
2	0.00715	0.00508	0.00596	0.00613	0.00750	0.00448	0.00461	0.00854	0.01123	0.06199	0.11517	0.22998	0.42229	0.01262	0.00595	0.00177	0.00284	0.07751	0.00474	0.00445
3	0.00749	0.00537	0.00741	0.00852	0.00950	0.00529	0.00716	0.00945	0.01094	0.01425	0.02684	0.20494	0.04873	0.01390	0.00666	0.00220	0.00415	0.59827	0.00453	0.00441
4	0.01178	0.01019	0.01712	0.34702	0.30617	0.01120	0.06008	0.01501	0.03085	0.08551	0.01013	0.01311	0.00778	0.00501	0.00553	0.00159	0.04797	0.00454	0.00272	0.00669
5	0.01587	0.01682	0.01362	0.06094	0.01557	0.40951	0.03202	0.07363	0.12554	0.07071	0.01232	0.01313	0.04081	0.00598	0.00566	0.00148	0.07248	0.00427	0.00334	0.00630
6	0.00986	0.02542	0.80183	0.01401	0.02127	0.01141	0.01816	0.01556	0.01038	0.01556	0.00882	0.01038	0.00623	0.00467	0.00467	0.00156	0.00726	0.00363	0.00208	0.00726
7	0.00754	0.00540	0.00596	0.00609	0.00631	0.02917	0.00383	0.00784	0.00787	0.01028	0.01663	0.06536	0.01891	0.65682	0.03691	0.01893	0.00494	0.08477	0.00317	0.00327
8	0.01080	0.08391	0.66742	0.01364	0.02040	0.01185	0.05311	0.01593	0.01059	0.05479	0.00926	0.01065	0.00659	0.00468	0.00462	0.00152	0.00701	0.00373	0.00230	0.00722
9	0.00928	0.00873	0.01474	0.81548	0.03385	0.01092	0.01365	0.01256	0.00983	0.01256	0.00873	0.01310	0.00655	0.00491	0.00491	0.00164	0.00655	0.00437	0.00218	0.00546
10	0.00634	0.00467	0.00601	0.00687	0.00757	0.00434	0.00499	0.00759	0.01030	0.01347	0.07754	0.51936	0.15772	0.01428	0.00625	0.00196	0.00304	0.13896	0.00461	0.00415
11	0.02756	0.01336	0.10002	0.01664	0.02139	0.01145	0.47086	0.06193	0.01252	0.17829	0.01176	0.01346	0.00830	0.00480	0.00564	0.00162	0.02470	0.00525	0.00333	0.00710
12	0.01758	0.01409	0.01608	0.01301	0.03161	0.22823	0.16481	0.11640	0.01448	0.27260	0.01342	0.01510	0.00986	0.00573	0.00506	0.00151	0.00650	0.04276	0.00408	0.00708
13	0.09281	0.00874	0.01384	0.69633	0.04609	0.01074	0.01259	0.01262	0.00970	0.01356	0.00910	0.03664	0.00723	0.00518	0.00477	0.00163	0.00616	0.00449	0.00234	0.00545
14	0.00996	0.00919	0.01716	0.01381	0.03211	0.00872	0.35381	0.03178	0.04259	0.05238	0.01898	0.31667	0.05240	0.00894	0.00586	0.00177	0.00551	0.00893	0.00368	0.00573
15	0.01015	0.00873	0.01041	0.04578	0.01270	0.00676	0.00620	0.01238	0.01017	0.01585	0.00873	0.01033	0.00724	0.00370	0.00370	0.00077	0.00378	0.00298	0.00288	0.81676
16	0.00751	0.00542	0.00741	0.00847	0.00952	0.00533	0.00717	0.00951	0.01105	0.01432	0.02783	0.15809	0.08273	0.01374	0.00665	0.00218	0.00416	0.60994	0.00453	0.00443
17	0.01088	0.27526	0.56091	0.01227	0.01858	0.01391	0.01513	0.01530	0.01025	0.01432	0.00820	0.00960	0.00625	0.00452	0.00420	0.00140	0.00664	0.00332	0.00208	0.00697
18	0.00906	0.00680	0.00826	0.00794	0.00968	0.00675	0.00613	0.04919	0.15046	0.03659	0.18394	0.24447	0.02731	0.01050	0.00566	0.00172	0.00344	0.13314	0.00469	0.09428
19	0.00621	0.00447	0.00594	0.00703	0.00747	0.00420	0.00493	0.00725	0.00971	0.01283	0.02788	0.70032	0.06286	0.01506	0.00632	0.00201	0.00304	0.10384	0.00456	0.00406
20	0.01867	0.01422	0.01471	0.01137	0.01524	0.05298	0.00935	0.74402	0.02267	0.03007	0.01160	0.01166	0.00826	0.00586	0.00489	0.00146	0.00557	0.00436	0.00480	0.00823
21	0.00812	0.00589	0.00807	0.00910	0.01031	0.00597	0.00791	0.01094	0.04830	0.01499	0.02573	0.05367	0.02765	0.01325	0.00670	0.00223	0.00449	0.72745	0.00455	0.00468
22	0.01199	0.01150	0.01963	0.07843	0.74975	0.01163	0.01499	0.01493	0.01111	0.01584	0.00921	0.01222	0.00771	0.00441	0.00487	0.00147	0.00588	0.00438	0.00242	0.00764
23	0.00928	0.00873	0.01474	0.81548	0.03385	0.01092	0.01365	0.01256	0.00983	0.01256	0.00873	0.01310	0.00655	0.00491	0.00491	0.00164	0.00655	0.00437	0.00218	0.00546
24	0.00702	0.00527	0.00790	0.00790	0.00878	0.00614	0.00614	0.00878	0.00790	0.01141	0.01316	0.01931	0.01229	0.03686	0.80782	0.00790	0.01316	0.00527	0.00263	0.00439
25	0.00996	0.05050	0.77765	0.01383	0.02100	0.01166	0.01785	0.01554	0.01036	0.01544	0.00876	0.01030	0.00623	0.00465	0.00462	0.00154	0.00720	0.00360	0.00208	0.00723
26	0.00599	0.00428	0.00570	0.00684	0.00713	0.00399	0.00456	0.00684	0.00941	0.01254	0.02709	0.82409	0.03250	0.01540	0.00627	0.00200	0.00285	0.01397	0.00456	0.00399
27	0.01019	0.00873	0.01019	0.00728	0.01165	0.00655	0.00582	0.01237	0.01019	0.01601	0.00873	0.01019	0.00728	0.00364	0.00364	0.00073	0.00364	0.00291	0.00291	0.85734
28	0.01357	0.00907	0.01297	0.00961	0.01366	0.00756	0.11746	0.01614	0.02840	0.24030	0.01404	0.03850	0.03417	0.00511	0.00450	0.00118	0.00441	0.00453	0.00390	0.42093
29	0.01019	0.00873	0.01019	0.00728	0.01165	0.00655	0.00582	0.01237	0.01019	0.01601	0.00873	0.01019	0.00728	0.00364	0.00364	0.00073	0.00364	0.00291	0.00291	0.85734
30	0.01327	0.01023	0.01153	0.00869	0.01265	0.00950	0.00702	0.27432	0.03025	0.04725	0.01187	0.04290	0.02445	0.00517	0.00429	0.00109	0.00421	0.00412	0.00384	0.47335
31	0.04269	0.01069	0.01243	0.00966	0.01318	0.01100	0.00793	0.36225	0.01735	0.26305	0.07717	0.01503	0.01235	0.00616	0.00528	0.00146	0.03749	0.00475	0.00496	0.08514
32	0.80224	0.00958	0.00762	0.00670	0.00980	0.01099	0.00552	0.03756	0.00904	0.05450	0.00751	0.00846	0.00570	0.00466	0.00318	0.00152	0.00386	0.00281	0.00322	0.00554
33	0.01135	0.01152	0.02161	0.20148	0.38751	0.01174	0.25237	0.01473	0.01101	0.01518	0.00935	0.01271	0.00741	0.00442	0.00517	0.00156	0.00676	0.00482	0.00239	0.00691
34	0.00829	0.00690	0.01056	0.08476	0.18580	0.00715	0.00873	0.01015	0.01020	0.01379	0.02041	0.36202	0.02268	0.01132	0.00636	0.00191	0.03725	0.18282	0.00377	0.00514
35	0.06901	0.01894	0.01319	0.01163	0.01446	0.50302	0.00894	0.14252	0.14016	0.01706	0.01023	0.01081	0.00800	0.00543	0.00452	0.00138	0.00719	0.00372	0.00335	0.00644
36	0.01215	0.58751	0.25982	0.01010	0.01522	0.01702	0.01135	0.01497	0.01010	0.01277	0.00743	0.00863	0.00628	0.00434	0.00361	0.00120	0.00586	0.00293	0.00209	0.00659
37	0.00660	0.00564	0.02665	0.00620	0.00776	0.00465	0.00481	0.00826	0.01146	0.01506	0.22966	0.19191	0.35450	0.01172	0.00578	0.00166	0.00280	0.04375	0.00461	0.05652
38	0.09288	0.01098	0.01361	0.01137	0.03459	0.01181	0.09146	0.17212	0.32695	0.14594	0.01580	0.02637	0.01159	0.00602	0.00490	0.00159	0.00474	0.00508	0.00463	0.00758
39	0.02196	0.00850	0.01149	0.00881	0.01261	0.00743	0.00728	0.04354	0.01430	0.78012	0.01919	0.01660	0.01207	0.00608	0.00494	0.00152	0.00421	0.00493	0.00605	0.00836
40	0.00854	0.00427	0.00640	0.00640	0.00640	0.00427	0.00427	0.00640	0.00640	0.00854	0.00854	0.01494	0.00854	0.01707	0.01921	0.85702	0.00427	0.00427	0.00213	0.00213
41	0.01324	0.01264	0.06575	0.01470	0.05682	0.07927	0.27956	0.06379	0.08224	0.11581	0.02483	0.03756	0.02698	0.02727	0.00603	0.00169	0.02248	0.03708	0.02559	0.00667
42	0.01021	0.11215	0.71820	0.01340	0.02034	0.01228	0.01711	0.01547	0.01033	0.01513	0.00860	0.01011	0.00623	0.00462	0.00451	0.00150	0.00705	0.00352	0.00208	0.00716
43	0.01316	0.00765	0.00822	0.00695	0.00917	0.00798	0.00553	0.24009	0.01444	0.09395	0.01509	0.01624	0.01130	0.00581	0.00401	0.00128	0.00339	0.00457	0.52513	0.00605
44	0.00687	0.00502	0.00645	0.00609	0.00729	0.00460	0.00457	0.00911	0.01371	0.01924	0.73952	0.03748	0.10118	0.01022	0.00580	0.00155	0.00233	0.00900	0.00535	0.00460
45	0.01372	0.40036	0.19971	0.01169	0.04945	0.18961	0.01120	0.04767	0.01153	0.01358	0.00776	0.00902	0.00644	0.00458	0.00393	0.00125	0.00654	0.00313	0.00232	0.00654
46	0.01836	0.02342	0.01393	0.01266	0.01519	0.80756	0.00950	0.01962	0.01393	0.01203	0.00760	0.00886	0.00633	0.00506	0.00443	0.00127	0.00886	0.00317	0.00253	0.00570
47	0.01868	0.01376	0.01475	0.01131	0.01524	0.01524	0.00934	0.78025	0.02311	0.03097	0.01180	0.01180	0.00836	0.00590	0.00492	0.00147	0.00541	0.00442	0.00492	0.00836
48	0.00953	0.00884	0.05227	0.01172	0.03634	0.00863	0.12669	0.04333	0.01095	0.01522	0.01773	0.05685	0.01801	0.04861	0.00822	0.00208	0.11318	0.33421	0.07234	0.00527
49	0.02195	0.00853	0.01151	0.00882	0.01263	0.00747	0.00729	0.04686	0.01434	0.77674	0.01916	0.01658	0.01205	0.00608	0.00494	0.00152	0.00422	0.00493	0.00605	0.00836
50	0.01160	0.01326	0.02900	0.02071	0.02568	0.01243	0.77879	0.01574	0.01160	0.01574	0.00994	0.01326	0.00746	0.00414	0.00580	0.00166	0.00829	0.00580	0.00249	0.00663
51	0.00599	0.00428	0.00570	0.00684	0.00713	0.00399	0.00456	0.00684	0.00941	0.01254	0.02709	0.82409	0.03250	0.01540	0.00627	0.00200	0.00285	0.01397	0.00456	0.00399
52	0.01030	0.02330	0.68955	0.01366	0.02034	0.01134	0.04064	0.06202	0.01137	0.01672	0.04859	0.01188	0.00842	0.00500	0.00478	0.00155	0.00693	0.00401	0.00243	0.00718
53	0.01071	0.01054	0.01509	0.01280	0.01306	0.01442	0.04149	0.01197	0.00783	0.01231	0.00707	0.01123	0.00680	0.00828	0.01507	0.00208	0.74440	0.00438	0.04510	0.00539
54	0.01156	0.01313	0.02830	0.02032	0.02504	0.01256	0.74011	0.01554	0.01139	0.01554	0.00977	0.01313	0.00741	0.00437	0.00632	0.00168	0.04908	0.00572	0.00247	0.00656
55	0.03281	0.03484	0.01164	0.00885	0.01223	0.04145	0.00722	0.10808	0.02984	0.53670	0.01789	0.01656	0.04267	0.00701	0.00591	0.06417	0.00448	0.00488	0.00526	0.00750
56	0.00874	0.00773	0.04085	0.00781	0.00974	0.00747	0.00622	0.01503	0.28350	0.01870	0.36528	0.09984	0.09069	0.00930	0.00551	0.00164	0.00313	0.00807	0.00499	0.00575
57	0.00943	0.00888	0.01500	0.77593	0.07227	0.01096	0.01372	0.01268	0.00990	0.01273	0.00876	0.01305	0.00661	0.00489	0.00491	0.00163	0.00652	0.00437	0.00220	0.00558
58	0.00779	0.00550	0.00608	0.00572	0.00755	0.00481	0.00438	0.02474	0.01181	0.08972	0.11241	0.04133	0.59772	0.01264	0.04391	0.00193	0.00320	0.00935	0.00470	0.00470
59	0.00977	0.03583	0.22193	0.00894	0.01191	0.00729	0.00887	0.02733	0.01108	0.09203	0.08164	0.23482	0.02013	0.00911	0.00520	0.00166	0.00433	0.08006	0.12243	0.00564
60	0.01836	0.02342	0.01393	0.01266	0.01519	0.80756	0.00950	0.01962	0.01393	0.01203	0.00760	0.00886	0.00633	0.00506	0.00443	0.00127	0.00886	0.00317	0.00253	0.00570
61	0.00599	0.00428	0.00570	0.00684	0.00713	0.00399	0.00456	0.00684	0.00941	0.01254	0.02709	0.82409	0.03250	0.01540	0.00627	0.00200	0.00285	0.01397	0.00456	0.00399
62	0.01060	0.10846	0.63726	0.01389	0.02051	0.03714	0.07493	0.01561	0.01054	0.01505	0.00866	0.01029	0.00633	0.00459	0.00459	0.00150	0.00718	0.00368	0.00212	0.00707
63	0.00598	0.00429	0.00569	0.00680	0.00712	0.00399	0.00454	0.00685	0.00945	0.01256	0.02758	0.80721	0.04906	0.01533	0.00626	0.00199	0.00284	0.01389	0.00456	0.00399
64	0.00829	0.00662	0.00915	0.00962	0.01093	0.03645	0.05469	0.01045	0.01118	0.01439	0.02447	0.15062	0.02672	0.01291	0.00657	0.00215	0.00470	0.59114	0.00433	0.00463
65	0.02172	0.00867	0.04223	0.00939	0.01162	0.00825	0.04395	0.21213	0.01392	0.08076	0.03874	0.31665	0.03687	0.01061	0.00574	0.00180	0.00431	0.12220	0.00457	0.00585
66	0.01090	0.09454	0.28324	0.01667	0.08895	0.01232	0.28724	0.01516	0.02627	0.01548	0.05835	0.01315	0.00951	0.00496	0.00552	0.00156	0.04215	0.00477	0.00253	0.00675
67	0.00783	0.00646	0.00904	0.00867	0.00940	0.02219	0.00680	0.00939	0.00791	0.01140	0.01209	0.01832	0.01149	0.06756	0.63038	0.00671	0.14211	0.00516	0.00257	0.00451
68	0.73855	0.00942	0.00754	0.00665	0.00961	0.01082	0.00546	0.06721	0.00953	0.02238	0.00789	0.00904	0.00609	0.00474	0.00320	0.00149	0.00380	0.00293	0.06817	0.00548
69	0.01217	0.00765	0.00832	0.00727	0.00935	0.00820	0.00574	0.13983	0.14403	0.08451	0.01771	0.01837	0.05337	0.00641	0.00467	0.00138	0.03436	0.00504	0.42555	0.00605
70	0.01353	0.02334	0.46523	0.01354	0.01894	0.24496	0.01447	0.01709	0.01233	0.01587	0.03967	0.01267	0.00909	0.00575	0.00511	0.00164	0.00764	0.00406	0.00284	0.07221
71	0.01891	0.00967	0.04404	0.00919	0.01285	0.00860	0.00783	0.13664	0.05395	0.52835	0.02003	0.01939	0.06142	0.00675	0.00506	0.00156	0.00439	0.03797	0.00552	0.00786
72	0.00844	0.00427	0.00638	0.00642	0.00643	0.00426	0.00428	0.00642	0.00652	0.00869	0.00924	0.04581	0.00945	0.01701	0.01871	0.82440	0.00421	0.00464	0.00223	0.00220
73	0.01120	0.01082	0.01886	0.21470	0.52686	0.01126	0.07264	0.01422	0.01083	0.01507	0.00986	0.04344	0.00841	0.00491	0.00500	0.00154	0.00608	0.00485	0.00246	0.00700
74	0.04838	0.00961	0.01166	0.07094	0.01376	0.01037	0.02197	0.26929	0.06289	0.13523	0.13381	0.07721	0.03282	0.02064	0.00603	0.00166	0.04542	0.01700	0.00463	0.00669
75	0.00923	0.00687	0.00954	0.00877	0.01007	0.00798	0.00698	0.07231	0.00946	0.05078	0.01240	0.01723	0.01109	0.02833	0.58185	0.00613	0.10550	0.00498	0.00294	0.03755
76	0.01067	0.01154	0.00883	0.00883	0.01022	0.29916	0.00635	0.01177	0.01126	0.01255	0.02129	0.42312	0.09118	0.01089	0.00545	0.00165	0.00506	0.00925	0.00375	0.03719
77	0.01142	0.13409	0.38902	0.04360	0.03404	0.05197	0.07200	0.01629	0.07606	0.04323	0.04936	0.01254	0.00936	0.00520	0.00499	0.00151	0.03162	0.00417	0.00270	0.00683
78	0.01010	0.02835	0.00978	0.00863	0.01037	0.14759	0.03029	0.01399	0.14758	0.01672	0.32962	0.11389	0.05338	0.03367	0.00621	0.00167	0.02088	0.00753	0.00440	0.00535
79	0.00614	0.00439	0.00577	0.00681	0.00716	0.00411	0.00460	0.00704	0.00949	0.01262	0.04010	0.72116	0.04950	0.05582	0.00721	0.00213	0.00300	0.04447	0.00450	0.00398
80	0.01076	0.00739	0.01018	0.00872	0.01086	0.00726	0.06871	0.08062	0.08524	0.11798	0.40116	0.06926	0.03074	0.00891	0.00563	0.00163	0.00363	0.06041	0.00507	0.00584
81	0.05430	0.05385	0.03587	0.04888	0.18563	0.06776	0.09574	0.03915	0.02472	0.15509	0.01120	0.02511	0.00899	0.04898	0.00746	0.00175	0.12097	0.00466	0.00323	0.00668
82	0.00779	0.00604	0.03123	0.00817	0.00936	0.00555	0.00681	0.03782	0.01108	0.01485	0.02563	0.28225	0.05820	0.01303	0.00625	0.00204	0.00391	0.40734	0.05808	0.00458
83	0.00820	0.00856	0.06999	0.00875	0.01098	0.04441	0.09603	0.02981	0.01242	0.01644	0.30945	0.11907	0.21297	0.00983	0.00570	0.00163	0.00392	0.02248	0.00435	0.00502
84	0.03732	0.09620	0.20517	0.04516	0.05723	0.04268	0.07381	0.11493	0.07413	0.16163	0.03621	0.01323	0.00971	0.00533	0.00472	0.00149	0.00579	0.00439	0.00361	0.00726
85	0.02897	0.14008	0.03360	0.07316	0.18433	0.05899	0.13882	0.06620	0.02103	0.01569	0.01213	0.02545	0.04900	0.00563	0.00533	0.00149	0.05022	0.02242	0.06108	0.00638
86	0.01869	0.00924	0.04364	0.00888	0.01242	0.00804	0.00750	0.11177	0.03243	0.54603	0.03070	0.06656	0.05265	0.00695	0.00504	0.00155	0.00422	0.00571	0.02027	0.00771
87	0.01142	0.01313	0.06484	0.01851	0.02314	0.01191	0.61636	0.03552	0.06316	0.01642	0.02708	0.03377	0.00982	0.00500	0.00570	0.00167	0.00753	0.02555	0.00285	0.00662
88	0.05547	0.01195	0.01763	0.02438	0.57046	0.06018	0.01307	0.04657	0.01167	0.06848	0.01002	0.02854	0.00832	0.00504	0.00535	0.00150	0.04666	0.00445	0.00284	0.00740
89	0.01082	0.05549	0.23935	0.08489	0.14373	0.02529	0.25908	0.01474	0.01104	0.01533	0.05737	0.02538	0.00975	0.00502	0.00531	0.00157	0.02173	0.00494	0.00252	0.00667
90	0.00630	0.00475	0.00624	0.00704	0.00745	0.00470	0.00488	0.00725	0.00959	0.01280	0.05332	0.68526	0.09293	0.01456	0.00682	0.00196	0.05268	0.01292	0.00444	0.00411
91	0.01287	0.01252	0.04372	0.05041	0.02221	0.01206	0.50326	0.07117	0.03154	0.09497	0.02638	0.01382	0.00880	0.00502	0.00634	0.00166	0.06794	0.00544	0.00309	0.00679
92	0.06665	0.12585	0.16085	0.04088	0.14264	0.03522	0.07397	0.13415	0.04727	0.07244	0.04628	0.01268	0.00952	0.00515	0.00461	0.00146	0.00577	0.00428	0.00325	0.00709
93	0.00656	0.00479	0.00613	0.00683	0.00750	0.00453	0.00484	0.02536	0.01047	0.01392	0.11503	0.54563	0.10955	0.03454	0.02263	0.00210	0.00319	0.06760	0.00459	0.00420

[dist]
# distance from previous block
# <min> <max>
0	2

[block]
# block no. 2 follows, 51 sequences, length 54
# corresponding to MSA columns:
# 226-250,252-280
name=unknown_C
#
# <colnr> <probs for GDERKNQSTAVLIFYWHMCP>
#	G	D	E	R	K	N	Q	S	T	A	V	L	I	F	Y	W	H	M	C	P
0	0.01042	0.00990	0.01679	0.50560	0.33484	0.01122	0.01421	0.01355	0.01036	0.01394	0.00894	0.01273	0.00704	0.00470	0.00489	0.00157	0.00627	0.00437	0.00228	0.00638
1	0.01234	0.01235	0.02007	0.06578	0.65295	0.05841	0.07561	0.01528	0.01132	0.01563	0.00918	0.01210	0.00761	0.00443	0.00492	0.00147	0.00624	0.00442	0.00243	0.00746
2	0.03546	0.06853	0.14473	0.02689	0.10645	0.02082	0.28680	0.01509	0.01994	0.05572	0.01085	0.04696	0.00903	0.00560	0.00620	0.00163	0.08748	0.02354	0.02176	0.00655
3	0.00596	0.00495	0.00521	0.00522	0.00675	0.00420	0.00389	0.00731	0.01144	0.01403	0.13975	0.08620	0.66357	0.01230	0.00583	0.00166	0.00249	0.01038	0.00467	0.00420
4	0.01261	0.01278	0.02729	0.01955	0.02441	0.01192	0.70412	0.01654	0.01184	0.09164	0.01086	0.01359	0.00791	0.00433	0.00572	0.00164	0.00789	0.00572	0.00283	0.00680
5	0.01263	0.39320	0.32830	0.01122	0.01658	0.03182	0.03634	0.04868	0.01106	0.05642	0.00861	0.00969	0.00671	0.00458	0.00403	0.00132	0.00616	0.00333	0.00245	0.00688
6	0.00671	0.00513	0.00620	0.00619	0.00740	0.00474	0.00458	0.00898	0.04663	0.01657	0.40051	0.18226	0.24854	0.01160	0.00587	0.00168	0.00257	0.02431	0.00499	0.00452
7	0.01800	0.02282	0.01398	0.01267	0.01508	0.76982	0.00956	0.01925	0.01362	0.01202	0.00754	0.00895	0.00634	0.00523	0.00499	0.00131	0.04741	0.00322	0.00251	0.00568
8	0.00846	0.00432	0.00647	0.00647	0.00652	0.00436	0.00436	0.00652	0.00647	0.00867	0.00876	0.01515	0.00871	0.01801	0.05676	0.81658	0.00469	0.00432	0.00216	0.00224
9	0.01164	0.03333	0.19312	0.06340	0.05076	0.01186	0.39905	0.01557	0.01111	0.06671	0.02377	0.01350	0.00832	0.00496	0.00604	0.00164	0.06063	0.01522	0.00266	0.00670
10	0.00928	0.00873	0.01474	0.81548	0.03385	0.01092	0.01365	0.01256	0.00983	0.01256	0.00873	0.01310	0.00655	0.00491	0.00491	0.00164	0.00655	0.00437	0.00218	0.00546
11	0.01216	0.01168	0.01995	0.03016	0.79664	0.01168	0.01508	0.01508	0.01119	0.01605	0.00924	0.01216	0.00778	0.00438	0.00487	0.00146	0.00584	0.00438	0.00243	0.00778
12	0.01566	0.01570	0.01509	0.09095	0.05613	0.27186	0.06093	0.23106	0.14259	0.01919	0.01113	0.01214	0.00849	0.00552	0.00504	0.00148	0.02230	0.00428	0.00355	0.00692
13	0.02823	0.10803	0.15873	0.04981	0.07166	0.01034	0.01036	0.11382	0.01243	0.08805	0.01582	0.11158	0.01505	0.00809	0.00520	0.00169	0.00519	0.17589	0.00369	0.00633
14	0.01160	0.01326	0.02900	0.02071	0.02568	0.01243	0.77879	0.01574	0.01160	0.01574	0.00994	0.01326	0.00746	0.00414	0.00580	0.00166	0.00829	0.00580	0.00249	0.00663
15	0.01065	0.00879	0.00973	0.00925	0.01136	0.00985	0.00713	0.04920	0.50817	0.01859	0.02186	0.20185	0.01996	0.00927	0.00546	0.00179	0.00378	0.08182	0.00485	0.00663
16	0.01385	0.03324	0.12401	0.01626	0.12933	0.05801	0.22408	0.03597	0.12980	0.15231	0.01296	0.02666	0.00963	0.00524	0.00509	0.00156	0.00623	0.00499	0.00351	0.00729
17	0.32499	0.00879	0.00932	0.00775	0.01077	0.00913	0.00629	0.09113	0.04518	0.26897	0.15335	0.01672	0.01557	0.00625	0.00440	0.00153	0.00381	0.00479	0.00469	0.00656
18	0.86201	0.00950	0.00722	0.00646	0.00950	0.01102	0.00532	0.01445	0.00836	0.02205	0.00684	0.00798	0.00532	0.00456	0.00304	0.00152	0.00380	0.00266	0.00304	0.00532
19	0.02556	0.15506	0.32787	0.01124	0.01636	0.04031	0.01208	0.09584	0.07443	0.17740	0.01177	0.01195	0.00836	0.00518	0.00449	0.00145	0.00585	0.00394	0.00345	0.00740
20	0.01135	0.01195	0.05749	0.19646	0.47436	0.01162	0.13541	0.01467	0.01092	0.01523	0.00922	0.01245	0.00739	0.00447	0.00501	0.00153	0.00645	0.00456	0.00237	0.00708
21	0.00598	0.00431	0.00567	0.00675	0.00710	0.00400	0.00452	0.00685	0.00950	0.01258	0.02821	0.78545	0.07041	0.01525	0.00625	0.00198	0.00283	0.01379	0.00456	0.00400
22	0.01035	0.01097	0.06171	0.50987	0.19604	0.04437	0.01361	0.01382	0.03212	0.01370	0.01001	0.01344	0.02485	0.00507	0.00509	0.00159	0.02048	0.00444	0.00238	0.00611
23	0.01364	0.01551	0.26035	0.01290	0.03166	0.04818	0.10202	0.09685	0.04606	0.16739	0.01333	0.05350	0.01055	0.00634	0.00583	0.00164	0.05948	0.04415	0.00359	0.00705
24	0.00627	0.00448	0.00600	0.00708	0.00747	0.00426	0.00494	0.00729	0.00952	0.01268	0.02627	0.69042	0.03107	0.04110	0.02592	0.00225	0.00335	0.10112	0.00446	0.00403
25	0.01066	0.02360	0.64649	0.09143	0.02188	0.09137	0.01685	0.01568	0.01068	0.01492	0.00869	0.01049	0.00627	0.00473	0.00467	0.00154	0.00735	0.00366	0.00213	0.00693
26	0.01842	0.02520	0.04845	0.08818	0.01599	0.09074	0.00917	0.22287	0.05093	0.35743	0.01451	0.01393	0.00979	0.00575	0.00484	0.00150	0.00535	0.00450	0.00475	0.00770
27	0.01323	0.01459	0.09531	0.09190	0.08024	0.13503	0.09260	0.11979	0.19142	0.01767	0.01188	0.01376	0.00927	0.00578	0.00585	0.00160	0.07101	0.01885	0.00333	0.00688
28	0.00854	0.00427	0.00640	0.00640	0.00640	0.00427	0.00427	0.00640	0.00640	0.00854	0.00854	0.01494	0.00854	0.01707	0.01921	0.85702	0.00427	0.00427	0.00213	0.00213
29	0.00848	0.00537	0.00706	0.00656	0.00791	0.00495	0.00500	0.01064	0.01344	0.09442	0.63529	0.03565	0.04058	0.05052	0.00673	0.00175	0.00275	0.05271	0.00530	0.00491
30	0.28053	0.01105	0.01392	0.01138	0.03186	0.03297	0.15320	0.17289	0.05865	0.09651	0.01224	0.05863	0.00990	0.00593	0.00462	0.00159	0.00517	0.02851	0.00383	0.00659
31	0.00599	0.00428	0.00570	0.00684	0.00713	0.00399	0.00456	0.00684	0.00941	0.01254	0.02709	0.82409	0.03250	0.01540	0.00627	0.00200	0.00285	0.01397	0.00456	0.00399
32	0.00690	0.00502	0.00649	0.00612	0.00731	0.00461	0.00459	0.00916	0.01378	0.01939	0.75703	0.03724	0.08358	0.01017	0.00580	0.00155	0.00233	0.00896	0.00537	0.00461
33	0.01786	0.01282	0.01399	0.01090	0.01459	0.01413	0.00896	0.65689	0.05976	0.07057	0.01269	0.01283	0.00912	0.00776	0.05204	0.00186	0.00572	0.00456	0.00485	0.00810
34	0.01187	0.09042	0.01956	0.07192	0.58077	0.01228	0.03505	0.01460	0.01078	0.01528	0.00914	0.01202	0.00769	0.00466	0.00525	0.00146	0.04779	0.00425	0.03800	0.00721
35	0.01836	0.02342	0.01393	0.01266	0.01519	0.80756	0.00950	0.01962	0.01393	0.01203	0.00760	0.00886	0.00633	0.00506	0.00443	0.00127	0.00886	0.00317	0.00253	0.00570
36	0.00703	0.00521	0.00764	0.00764	0.00843	0.00600	0.00582	0.00861	0.00782	0.01122	0.01340	0.02060	0.01285	0.11629	0.72916	0.00758	0.01232	0.00545	0.00267	0.00425
37	0.00999	0.05685	0.66924	0.09155	0.02227	0.01173	0.04112	0.01524	0.01034	0.01511	0.00876	0.01063	0.00630	0.00466	0.00466	0.00155	0.00714	0.00373	0.00210	0.00703
38	0.00583	0.00488	0.00508	0.00524	0.00671	0.00413	0.00385	0.00702	0.01095	0.01317	0.04664	0.15494	0.68903	0.01285	0.00587	0.00171	0.00254	0.01087	0.00456	0.00413
39	0.00986	0.02542	0.80183	0.01401	0.02127	0.01141	0.01816	0.01556	0.01038	0.01556	0.00882	0.01038	0.00623	0.00467	0.00467	0.00156	0.00726	0.00363	0.00208	0.00726
40	0.01052	0.01103	0.04135	0.38349	0.02767	0.01140	0.32053	0.04601	0.02745	0.01486	0.01050	0.05348	0.00845	0.00520	0.00533	0.00165	0.00698	0.00543	0.00259	0.00607
41	0.01964	0.01011	0.07483	0.00990	0.02793	0.00827	0.02118	0.02322	0.09865	0.62437	0.01827	0.01625	0.01184	0.00597	0.00494	0.00154	0.00449	0.00491	0.00552	0.00817
42	0.00798	0.00469	0.00484	0.00488	0.00612	0.00443	0.00363	0.00991	0.01066	0.01669	0.05939	0.07027	0.22890	0.00827	0.00434	0.00135	0.00238	0.00685	0.54000	0.00443
43	0.01108	0.00652	0.00893	0.00848	0.04228	0.00613	0.02427	0.03196	0.03470	0.19329	0.35160	0.13336	0.03005	0.03155	0.00609	0.00171	0.00338	0.04058	0.02836	0.00569
44	0.01135	0.01579	0.23011	0.01731	0.09057	0.04726	0.32300	0.01539	0.02565	0.03713	0.01067	0.03563	0.00866	0.00630	0.03111	0.00184	0.05943	0.02354	0.00261	0.00666
45	0.00749	0.00482	0.00635	0.00692	0.00774	0.00444	0.00493	0.00872	0.01058	0.07644	0.12375	0.56356	0.08350	0.01368	0.00611	0.00189	0.00297	0.05688	0.00479	0.00446
46	0.01005	0.02405	0.71501	0.01476	0.02177	0.01153	0.10361	0.01558	0.01051	0.01558	0.00895	0.01070	0.00636	0.00461	0.00480	0.00157	0.00738	0.00387	0.00212	0.00719
47	0.01230	0.01585	0.16123	0.12054	0.20749	0.19800	0.05357	0.01553	0.02922	0.02964	0.03397	0.01511	0.07509	0.00557	0.00489	0.00149	0.00658	0.00470	0.00275	0.00645
48	0.01030	0.04133	0.42676	0.02732	0.03780	0.01124	0.21006	0.03850	0.01088	0.01548	0.01086	0.03479	0.02442	0.00758	0.06907	0.00208	0.00762	0.00476	0.00244	0.00671
49	0.00771	0.00641	0.00697	0.05003	0.00941	0.05210	0.00545	0.00954	0.02879	0.03568	0.14967	0.19130	0.34029	0.01161	0.00581	0.00173	0.00338	0.07505	0.00449	0.00458
50	0.04234	0.01175	0.11919	0.01256	0.06620	0.02045	0.12001	0.06098	0.06839	0.17409	0.01460	0.03831	0.03511	0.02608	0.08044	0.00222	0.03684	0.01949	0.00369	0.04726
51	0.05245	0.01213	0.06385	0.06161	0.13528	0.05411	0.22053	0.06556	0.07890	0.04661	0.02125	0.06295	0.02819	0.05402	0.00650	0.00179	0.01900	0.00561	0.00320	0.00647
52	0.01035	0.00737	0.03022	0.00914	0.04797	0.02443	0.00675	0.03658	0.04823	0.14263	0.03902	0.35914	0.09954	0.01127	0.00620	0.00182	0.03778	0.07156	0.00454	0.00547
53	0.03593	0.01433	0.10997	0.09210	0.32583	0.08817	0.11534	0.09272	0.01235	0.01682	0.00965	0.01277	0.00779	0.00496	0.00514	0.00153	0.02152	0.02334	0.00270	0.00703

[dist]
# distance from previous block
# <min> <max>
0	153

# created by:
# /home/cegg/simao/soft/augustus-3.2.1/scripts/msa2prfl.pl ./align_prep/EOG091G0NMJ.fa
