[name]
unknown

[dist]
# distance from previous block
# <min> <max>
5	225

[block]
# block no. 0 follows, 52 sequences, length 11
# corresponding to MSA columns:
# 243-253
name=unknown_A
#
# <colnr> <probs for GDERKNQSTAVLIFYWHMCP>
#	G	D	E	R	K	N	Q	S	T	A	V	L	I	F	Y	W	H	M	C	P
0	0.00852	0.05418	0.00930	0.00760	0.00931	0.00687	0.04929	0.07769	0.01245	0.01651	0.24902	0.16293	0.22167	0.05977	0.03060	0.00205	0.00380	0.00893	0.00450	0.00500
1	0.00781	0.00702	0.05354	0.00863	0.00973	0.00627	0.04690	0.02820	0.00985	0.01341	0.03396	0.46129	0.02490	0.12036	0.03007	0.00252	0.05147	0.07545	0.00401	0.00461
2	0.02550	0.12329	0.19665	0.01244	0.01624	0.02505	0.15385	0.01419	0.01028	0.05900	0.01114	0.03873	0.00978	0.04446	0.05471	0.00213	0.10578	0.03837	0.00283	0.05557
3	0.01458	0.00922	0.05238	0.04601	0.04629	0.00828	0.05262	0.12353	0.01318	0.31044	0.01867	0.15264	0.05073	0.03089	0.02663	0.00186	0.00481	0.02598	0.00458	0.00669
4	0.00737	0.00604	0.00713	0.00822	0.05253	0.05128	0.00524	0.00831	0.00924	0.01216	0.02134	0.53271	0.02486	0.14587	0.04461	0.00254	0.00411	0.01067	0.00385	0.04192
5	0.01148	0.12497	0.21388	0.04310	0.08167	0.07270	0.03984	0.01623	0.13293	0.05729	0.05802	0.05112	0.04300	0.00679	0.02490	0.00164	0.00571	0.00500	0.00320	0.00652
6	0.01134	0.48530	0.21274	0.12527	0.01728	0.01545	0.01119	0.01411	0.00997	0.01257	0.00917	0.01065	0.03767	0.00468	0.00383	0.00126	0.00574	0.00338	0.00217	0.00624
7	0.00704	0.00475	0.00553	0.00553	0.00561	0.00483	0.00324	0.00720	0.00712	0.00958	0.01505	0.03049	0.01709	0.75304	0.10059	0.00500	0.00550	0.00687	0.00290	0.00307
8	0.01242	0.09217	0.39092	0.01254	0.01783	0.04560	0.07556	0.11263	0.09124	0.06217	0.03389	0.01227	0.00889	0.00512	0.00466	0.00148	0.00625	0.00416	0.00306	0.00713
9	0.01134	0.01137	0.04836	0.09404	0.65519	0.01100	0.01422	0.01432	0.01106	0.01575	0.05882	0.01353	0.00992	0.00473	0.00485	0.00146	0.00565	0.00457	0.00255	0.00727
10	0.00981	0.00901	0.01518	0.27534	0.22767	0.00962	0.09782	0.03507	0.02414	0.01467	0.02659	0.14598	0.02770	0.00685	0.00520	0.00163	0.00548	0.03013	0.02619	0.00592

[dist]
# distance from previous block
# <min> <max>
1	4

[block]
# block no. 1 follows, 52 sequences, length 45
# corresponding to MSA columns:
# 258-302
name=unknown_B
#
# <colnr> <probs for GDERKNQSTAVLIFYWHMCP>
#	G	D	E	R	K	N	Q	S	T	A	V	L	I	F	Y	W	H	M	C	P
0	0.02581	0.16796	0.47384	0.01144	0.01691	0.02657	0.01337	0.04581	0.02316	0.01543	0.04753	0.05498	0.00971	0.00539	0.00441	0.00142	0.00602	0.00420	0.00256	0.04348
1	0.00741	0.00551	0.00602	0.00568	0.00740	0.00489	0.00428	0.02522	0.03706	0.05978	0.14914	0.05998	0.53913	0.04391	0.00636	0.00172	0.00275	0.00926	0.00463	0.01985
2	0.01089	0.00902	0.00953	0.00735	0.01085	0.05007	0.00581	0.05756	0.05520	0.01711	0.01069	0.01202	0.00860	0.00434	0.00374	0.00092	0.00373	0.00342	0.16190	0.55725
3	0.01182	0.04583	0.01501	0.18311	0.12820	0.05335	0.05984	0.09062	0.02415	0.02645	0.00918	0.01134	0.00729	0.00453	0.00469	0.00125	0.02808	0.00382	0.00282	0.28864
4	0.00843	0.03558	0.29337	0.04372	0.01373	0.00776	0.00993	0.01178	0.02044	0.02979	0.22387	0.11203	0.10004	0.00811	0.00515	0.00155	0.00452	0.02079	0.00363	0.04576
5	0.00590	0.00422	0.00562	0.00675	0.00703	0.00394	0.00450	0.00675	0.00928	0.01237	0.02671	0.82653	0.03205	0.01518	0.00619	0.00197	0.00281	0.01378	0.00450	0.00394
6	0.01124	0.25626	0.52494	0.01214	0.01810	0.07054	0.01454	0.01539	0.01037	0.01397	0.00805	0.00942	0.00617	0.00450	0.00416	0.00137	0.00671	0.00326	0.00209	0.00678
7	0.01128	0.22573	0.27254	0.01525	0.02067	0.01370	0.34374	0.01521	0.01065	0.01442	0.00867	0.01083	0.00668	0.00426	0.00470	0.00145	0.00709	0.00425	0.00223	0.00665
8	0.00683	0.00497	0.00701	0.00714	0.00775	0.00552	0.00522	0.00809	0.00781	0.01099	0.01506	0.11559	0.01559	0.20108	0.55137	0.00646	0.01005	0.00658	0.00289	0.00399
9	0.00592	0.00430	0.00559	0.00657	0.00699	0.00397	0.00443	0.00684	0.00957	0.01266	0.05306	0.73305	0.09967	0.01476	0.00613	0.00192	0.00276	0.01331	0.00453	0.00397
10	0.05127	0.00897	0.01059	0.04075	0.03062	0.06191	0.07632	0.12355	0.02601	0.05800	0.01487	0.01690	0.04820	0.00599	0.00476	0.00139	0.03950	0.01867	0.35604	0.00570
11	0.00941	0.06061	0.01288	0.06891	0.05461	0.01054	0.04394	0.01093	0.02688	0.01164	0.01004	0.01652	0.00984	0.16646	0.14500	0.05012	0.27948	0.00492	0.00245	0.00483
12	0.00651	0.00491	0.00601	0.00581	0.00704	0.00441	0.00433	0.00844	0.01279	0.01739	0.55838	0.07619	0.24846	0.01080	0.00574	0.00158	0.00236	0.00940	0.00507	0.00441
13	0.02174	0.00825	0.01125	0.00862	0.01237	0.00712	0.00712	0.02362	0.01387	0.80282	0.01912	0.01649	0.01200	0.00600	0.00487	0.00150	0.00412	0.00487	0.00600	0.00825
14	0.01213	0.01078	0.01785	0.20778	0.50165	0.01130	0.03750	0.04827	0.03311	0.05805	0.00996	0.01264	0.00784	0.00465	0.00485	0.00150	0.00583	0.00442	0.00271	0.00717
15	0.01236	0.01090	0.01130	0.01010	0.01275	0.03703	0.00789	0.04607	0.71328	0.01995	0.01857	0.01731	0.01400	0.00658	0.00536	0.00165	0.03732	0.00532	0.00474	0.00753
16	0.86392	0.00937	0.00712	0.00637	0.00937	0.01087	0.00525	0.01425	0.00825	0.02174	0.00675	0.00787	0.00525	0.00450	0.00300	0.00150	0.00375	0.00262	0.00300	0.00525
17	0.01107	0.36367	0.39129	0.01158	0.01703	0.01434	0.05481	0.01472	0.01018	0.01365	0.00884	0.01174	0.00741	0.00485	0.00415	0.00137	0.00624	0.04427	0.00221	0.00659
18	0.01135	0.00951	0.01035	0.00868	0.01188	0.00974	0.00682	0.04412	0.45297	0.03306	0.01818	0.01747	0.06988	0.00604	0.00457	0.00135	0.00371	0.00498	0.00428	0.27108
19	0.00692	0.00529	0.00703	0.04145	0.00881	0.00530	0.00551	0.00867	0.01141	0.01557	0.35146	0.23075	0.11157	0.02875	0.00685	0.00183	0.04687	0.09696	0.00459	0.00439
20	0.00678	0.00490	0.00604	0.00601	0.00662	0.00498	0.00409	0.00766	0.00844	0.01132	0.08008	0.03088	0.14845	0.40077	0.24751	0.00484	0.00654	0.00717	0.00328	0.00366
21	0.01132	0.01115	0.01798	0.02994	0.06982	0.03488	0.29471	0.04962	0.01133	0.01619	0.00919	0.01139	0.00728	0.00399	0.00457	0.00117	0.00573	0.00413	0.00275	0.40285
22	0.00842	0.00421	0.00631	0.00631	0.00631	0.00421	0.00421	0.00631	0.00631	0.00842	0.00842	0.01473	0.00842	0.01684	0.01894	0.85901	0.00421	0.00421	0.00210	0.00210
23	0.03419	0.01190	0.04427	0.00997	0.01361	0.03145	0.02236	0.40047	0.06136	0.13768	0.02828	0.01387	0.01009	0.03918	0.00546	0.00152	0.00489	0.00448	0.03094	0.09402
24	0.01059	0.00947	0.01627	0.08881	0.23801	0.00943	0.18168	0.03977	0.04204	0.05230	0.01665	0.18020	0.06464	0.00741	0.00539	0.00164	0.00536	0.02079	0.00334	0.00622
25	0.00637	0.00473	0.00557	0.00570	0.00655	0.00433	0.00393	0.00753	0.01050	0.01383	0.23997	0.20301	0.25807	0.19632	0.01008	0.00236	0.00299	0.00985	0.00437	0.00393
26	0.01186	0.01138	0.01943	0.06682	0.76344	0.01148	0.01481	0.01476	0.01097	0.01567	0.00909	0.01204	0.00762	0.00434	0.00480	0.00145	0.00579	0.00432	0.00239	0.00757
27	0.12775	0.00972	0.02310	0.03479	0.04573	0.01931	0.00726	0.15199	0.11706	0.02868	0.04599	0.01422	0.02493	0.00763	0.06464	0.00177	0.00483	0.00424	0.04603	0.22035
28	0.00629	0.00454	0.00619	0.00686	0.00733	0.00455	0.00479	0.00740	0.00910	0.01242	0.07810	0.52321	0.02728	0.07093	0.20322	0.00352	0.00537	0.01090	0.00400	0.00401
29	0.00680	0.00475	0.00563	0.00580	0.00615	0.00468	0.00370	0.00734	0.00820	0.01087	0.05283	0.12725	0.09420	0.52821	0.07705	0.00407	0.00476	0.04089	0.00341	0.00340
30	0.00877	0.00815	0.01145	0.40503	0.06993	0.05132	0.00988	0.01136	0.02123	0.01355	0.09300	0.10805	0.11832	0.00781	0.00525	0.00164	0.00509	0.04186	0.00320	0.00512
31	0.02998	0.01273	0.25804	0.07009	0.01461	0.00911	0.03168	0.01241	0.02677	0.04496	0.01243	0.05416	0.01172	0.20704	0.01107	0.00242	0.10989	0.03629	0.03921	0.00539
32	0.01199	0.01151	0.01967	0.02974	0.79946	0.01151	0.01487	0.01487	0.01103	0.01583	0.00912	0.01199	0.00768	0.00432	0.00480	0.00144	0.00576	0.00432	0.00240	0.00768
33	0.00603	0.00434	0.00575	0.00682	0.00722	0.00406	0.00470	0.00699	0.00949	0.01255	0.02760	0.73862	0.06481	0.01493	0.00620	0.00197	0.00291	0.06654	0.00450	0.00398
34	0.00969	0.04974	0.41973	0.01078	0.01529	0.05220	0.01201	0.03071	0.03070	0.03629	0.04039	0.16146	0.09575	0.00759	0.00499	0.00159	0.00554	0.00630	0.00311	0.00613
35	0.01312	0.04657	0.01483	0.06802	0.20913	0.26242	0.04336	0.03851	0.03867	0.03552	0.01223	0.15329	0.01168	0.00671	0.00514	0.00150	0.02455	0.00564	0.00302	0.00610
36	0.00749	0.00509	0.00668	0.00620	0.00746	0.00468	0.00468	0.00976	0.01372	0.05287	0.76371	0.03536	0.04429	0.00974	0.00568	0.00152	0.00236	0.00860	0.00536	0.00473
37	0.00676	0.00524	0.00633	0.00681	0.00814	0.00487	0.00552	0.00868	0.02767	0.01409	0.07765	0.10655	0.37771	0.01268	0.00613	0.00189	0.00330	0.31112	0.00454	0.00433
38	0.03574	0.21524	0.14642	0.01070	0.04084	0.04121	0.02885	0.06701	0.20582	0.05394	0.04384	0.01436	0.01113	0.00557	0.00437	0.00142	0.00506	0.02140	0.04029	0.00679
39	0.01182	0.37600	0.35014	0.01232	0.06661	0.06503	0.01285	0.01514	0.01028	0.01337	0.00775	0.00919	0.00628	0.00448	0.00416	0.00130	0.02134	0.00318	0.00211	0.00665
40	0.00698	0.00471	0.00550	0.00556	0.00564	0.00477	0.00326	0.00716	0.00722	0.00969	0.01564	0.06925	0.01787	0.72608	0.08726	0.00482	0.00528	0.00722	0.00298	0.00310
41	0.00991	0.00983	0.01236	0.16643	0.05274	0.12096	0.05045	0.01191	0.00977	0.01265	0.04557	0.05117	0.04316	0.01479	0.22265	0.00329	0.13434	0.00529	0.01761	0.00512
42	0.01232	0.09813	0.35980	0.03183	0.05902	0.01123	0.03362	0.02929	0.09486	0.14186	0.02287	0.01399	0.04283	0.00546	0.00487	0.00151	0.02181	0.00439	0.00322	0.00708
43	0.01454	0.05993	0.05202	0.02257	0.05580	0.06095	0.00893	0.30114	0.15308	0.06790	0.05019	0.01555	0.01187	0.00730	0.03758	0.00173	0.00534	0.02585	0.04059	0.00714
44	0.02903	0.00944	0.00970	0.00837	0.01083	0.07547	0.00658	0.14769	0.14494	0.17398	0.01611	0.06757	0.01263	0.00809	0.04779	0.00177	0.00459	0.00520	0.21375	0.00647

[dist]
# distance from previous block
# <min> <max>
4	6

[block]
# block no. 2 follows, 52 sequences, length 6
# corresponding to MSA columns:
# 310-315
name=unknown_C
#
# <colnr> <probs for GDERKNQSTAVLIFYWHMCP>
#	G	D	E	R	K	N	Q	S	T	A	V	L	I	F	Y	W	H	M	C	P
0	0.01124	0.00788	0.00974	0.00768	0.01095	0.00665	0.02769	0.05001	0.03358	0.13771	0.05617	0.10433	0.10585	0.00674	0.00458	0.00121	0.00361	0.00573	0.00398	0.40465
1	0.01159	0.00950	0.01183	0.02909	0.03168	0.04772	0.04292	0.01409	0.04180	0.10247	0.07640	0.01465	0.03542	0.00561	0.00599	0.00125	0.12138	0.00432	0.00338	0.38893
2	0.01173	0.00970	0.00847	0.00773	0.00951	0.16251	0.00591	0.12699	0.03662	0.01799	0.07768	0.07185	0.01469	0.00888	0.06512	0.00181	0.00487	0.00528	0.34732	0.00533
3	0.01104	0.00920	0.01058	0.00765	0.01190	0.00747	0.00615	0.10304	0.01155	0.01753	0.00897	0.01024	0.00730	0.00385	0.00374	0.00080	0.00379	0.00305	0.00310	0.75905
4	0.01810	0.02310	0.01373	0.01248	0.01498	0.81024	0.00936	0.01935	0.01373	0.01186	0.00749	0.00874	0.00624	0.00499	0.00437	0.00125	0.00874	0.00312	0.00250	0.00562
5	0.00748	0.00602	0.00672	0.00635	0.00751	0.05310	0.00468	0.00946	0.01302	0.01778	0.64142	0.03480	0.08572	0.07635	0.00717	0.00177	0.00288	0.00837	0.00492	0.00447

[dist]
# distance from previous block
# <min> <max>
0	1

[block]
# block no. 3 follows, 52 sequences, length 20
# corresponding to MSA columns:
# 317-336
name=unknown_D
#
# <colnr> <probs for GDERKNQSTAVLIFYWHMCP>
#	G	D	E	R	K	N	Q	S	T	A	V	L	I	F	Y	W	H	M	C	P
0	0.01071	0.23851	0.55323	0.01208	0.01814	0.03379	0.01473	0.01504	0.01033	0.01434	0.03218	0.01033	0.00737	0.00465	0.00424	0.00139	0.00653	0.00346	0.00217	0.00679
1	0.01171	0.01077	0.01092	0.02347	0.01210	0.16499	0.03488	0.05624	0.03863	0.05320	0.03192	0.03220	0.02541	0.06684	0.16095	0.00273	0.02679	0.01712	0.00319	0.21595
2	0.00750	0.00508	0.00596	0.00570	0.00654	0.00473	0.00376	0.00836	0.00949	0.04486	0.17639	0.07709	0.13451	0.43172	0.01535	0.00316	0.00372	0.00793	0.00385	0.04430
3	0.01433	0.01546	0.04055	0.04238	0.13629	0.30948	0.00953	0.11005	0.02643	0.01620	0.00923	0.01075	0.00739	0.00475	0.00431	0.00122	0.00622	0.00358	0.05030	0.18155
4	0.00699	0.00493	0.00648	0.00648	0.00689	0.00534	0.00442	0.00781	0.00740	0.01028	0.01418	0.02568	0.01500	0.45229	0.39849	0.00617	0.00864	0.00616	0.00277	0.00360
5	0.01176	0.30601	0.44205	0.01229	0.05433	0.01377	0.01368	0.01558	0.01038	0.06614	0.00872	0.00987	0.00663	0.00452	0.00411	0.00135	0.00620	0.00335	0.00233	0.00693
6	0.01124	0.08585	0.30589	0.09157	0.03697	0.04941	0.01194	0.08446	0.09121	0.04034	0.04594	0.05039	0.06203	0.00613	0.00475	0.00151	0.00567	0.00496	0.00316	0.00658
7	0.00770	0.00550	0.00768	0.00873	0.00982	0.00548	0.00756	0.00989	0.01120	0.01463	0.05771	0.08109	0.02878	0.01331	0.00663	0.00219	0.00431	0.70885	0.00450	0.00445
8	0.01135	0.01086	0.01851	0.20855	0.62570	0.01134	0.01455	0.01431	0.01073	0.01505	0.00900	0.01220	0.00740	0.00444	0.00481	0.00148	0.00592	0.00432	0.00234	0.00716
9	0.04289	0.16789	0.25171	0.05242	0.11407	0.11509	0.02196	0.06384	0.05464	0.02884	0.01053	0.01176	0.03417	0.00501	0.00437	0.00140	0.00617	0.00386	0.00268	0.00670
10	0.01187	0.01059	0.01397	0.40454	0.10754	0.07299	0.01131	0.14848	0.03759	0.02886	0.02710	0.01513	0.00926	0.05467	0.00606	0.00174	0.00600	0.02322	0.00300	0.00608
11	0.00587	0.00460	0.00532	0.00580	0.00680	0.00405	0.00410	0.00698	0.01040	0.01312	0.08045	0.39604	0.41237	0.01345	0.00593	0.00178	0.00261	0.01174	0.00455	0.00405
12	0.00644	0.00496	0.00732	0.00762	0.00837	0.00463	0.05679	0.00772	0.01003	0.01346	0.11211	0.63809	0.05054	0.01372	0.00611	0.00190	0.00316	0.03838	0.00445	0.00420
13	0.01153	0.07430	0.31148	0.01697	0.21358	0.01209	0.07275	0.08320	0.09087	0.01720	0.04237	0.01270	0.00930	0.00498	0.00473	0.00149	0.00605	0.00433	0.00284	0.00722
14	0.01108	0.00789	0.01173	0.22953	0.07727	0.00807	0.05854	0.04955	0.01164	0.14992	0.02282	0.04183	0.22831	0.00735	0.00508	0.00156	0.00458	0.00638	0.06105	0.00581
15	0.00633	0.00455	0.00586	0.00640	0.00699	0.00425	0.00443	0.00755	0.01044	0.01414	0.23878	0.46424	0.07667	0.09219	0.00783	0.00210	0.00288	0.03577	0.00458	0.00404
16	0.01286	0.34475	0.29119	0.01078	0.01565	0.09428	0.01159	0.01689	0.07940	0.06673	0.00946	0.01021	0.00734	0.00473	0.00403	0.00131	0.00603	0.00339	0.00262	0.00675
17	0.18919	0.01180	0.02741	0.01210	0.08328	0.01262	0.06052	0.35601	0.09997	0.04043	0.01168	0.03218	0.00896	0.00637	0.02496	0.00167	0.00521	0.00447	0.00401	0.00718
18	0.00696	0.00472	0.00560	0.00567	0.00579	0.00480	0.00340	0.00721	0.00728	0.00981	0.01577	0.08362	0.01796	0.68394	0.11363	0.00487	0.00552	0.00729	0.00300	0.00316
19	0.01655	0.01598	0.01296	0.01129	0.02649	0.34413	0.00867	0.18113	0.15733	0.08904	0.03152	0.01259	0.00980	0.00567	0.00486	0.00139	0.02252	0.00415	0.00383	0.04011

[dist]
# distance from previous block
# <min> <max>
0	1

[block]
# block no. 4 follows, 52 sequences, length 16
# corresponding to MSA columns:
# 338-353
name=unknown_E
#
# <colnr> <probs for GDERKNQSTAVLIFYWHMCP>
#	G	D	E	R	K	N	Q	S	T	A	V	L	I	F	Y	W	H	M	C	P
0	0.38117	0.02882	0.01179	0.00934	0.01266	0.10018	0.06236	0.18585	0.01303	0.10999	0.00983	0.01048	0.00719	0.00502	0.00398	0.00145	0.00499	0.00360	0.03189	0.00638
1	0.01623	0.00736	0.00940	0.00754	0.01067	0.00635	0.00609	0.01826	0.03170	0.50940	0.05077	0.02447	0.21366	0.00759	0.00504	0.00149	0.00360	0.00626	0.00538	0.05875
2	0.01005	0.00861	0.01005	0.00718	0.01148	0.00646	0.00574	0.01220	0.01005	0.01579	0.00861	0.01005	0.00718	0.00359	0.00359	0.00072	0.00359	0.00287	0.00287	0.85932
3	0.00705	0.00470	0.00529	0.00529	0.00529	0.00470	0.00294	0.00705	0.00705	0.00940	0.01527	0.03171	0.01762	0.82969	0.02467	0.00470	0.00470	0.00705	0.00294	0.00294
4	0.01205	0.01041	0.01096	0.00986	0.01260	0.01205	0.00767	0.02575	0.79071	0.02027	0.01972	0.01808	0.01479	0.00657	0.00493	0.00164	0.00384	0.00548	0.00493	0.00767
5	0.00611	0.00492	0.00545	0.00542	0.00687	0.00427	0.00409	0.00764	0.01170	0.01479	0.24440	0.06817	0.54845	0.01178	0.00577	0.00164	0.00249	0.03710	0.00472	0.00423
6	0.01144	0.01307	0.02859	0.02042	0.02533	0.01225	0.78186	0.01552	0.01144	0.01552	0.00980	0.01307	0.00735	0.00408	0.00572	0.00163	0.00817	0.00572	0.00245	0.00654
7	0.00915	0.00861	0.01453	0.81804	0.03338	0.01077	0.01346	0.01238	0.00969	0.01238	0.00861	0.01292	0.00646	0.00484	0.00484	0.00161	0.00646	0.00431	0.00215	0.00538
8	0.00585	0.00444	0.00539	0.00615	0.00687	0.00399	0.00423	0.00681	0.00985	0.01260	0.03395	0.57430	0.27960	0.01424	0.00604	0.00186	0.00270	0.01263	0.00450	0.00399
9	0.00981	0.00527	0.00535	0.00507	0.00642	0.00539	0.00387	0.07531	0.01121	0.01910	0.01546	0.01753	0.01207	0.00566	0.00351	0.00116	0.00251	0.00450	0.78597	0.00483
10	0.00972	0.02507	0.80458	0.01381	0.02097	0.01125	0.01790	0.01535	0.01023	0.01535	0.00870	0.01023	0.00614	0.00460	0.00460	0.00153	0.00716	0.00358	0.00205	0.00716
11	0.00597	0.00427	0.00568	0.00670	0.00704	0.00398	0.00450	0.00692	0.00960	0.01288	0.08181	0.76999	0.03303	0.01480	0.00615	0.00194	0.00277	0.01342	0.00456	0.00398
12	0.00613	0.00443	0.00583	0.00673	0.00724	0.00413	0.00470	0.00725	0.00998	0.01332	0.11020	0.64455	0.07468	0.01433	0.00615	0.00192	0.00285	0.06693	0.00459	0.00405
13	0.01124	0.00961	0.00995	0.00898	0.01144	0.02979	0.00696	0.04799	0.57390	0.01959	0.09285	0.02202	0.09200	0.00733	0.00501	0.00160	0.00368	0.00611	0.03306	0.00691
14	0.01343	0.40215	0.13197	0.00971	0.01378	0.07265	0.00949	0.06645	0.10011	0.07389	0.02724	0.01129	0.00882	0.00606	0.03248	0.00150	0.00571	0.00361	0.00299	0.00666
15	0.01003	0.00932	0.04423	0.00746	0.01189	0.00667	0.00627	0.01234	0.01006	0.01577	0.00862	0.01006	0.00713	0.00363	0.00363	0.00075	0.00374	0.00290	0.00284	0.82266

[dist]
# distance from previous block
# <min> <max>
0	2

[block]
# block no. 5 follows, 52 sequences, length 31
# corresponding to MSA columns:
# 356-386
name=unknown_F
#
# <colnr> <probs for GDERKNQSTAVLIFYWHMCP>
#	G	D	E	R	K	N	Q	S	T	A	V	L	I	F	Y	W	H	M	C	P
0	0.01093	0.01050	0.01614	0.44957	0.28939	0.04725	0.01339	0.03969	0.03238	0.01433	0.00909	0.01247	0.00715	0.00483	0.00504	0.00155	0.02326	0.00429	0.00242	0.00632
1	0.01094	0.01044	0.01776	0.32255	0.51491	0.01124	0.01435	0.01395	0.01053	0.01455	0.00893	0.01234	0.00722	0.00451	0.00482	0.00150	0.00602	0.00431	0.00231	0.00682
2	0.01211	0.01746	0.21841	0.01364	0.01707	0.22697	0.14007	0.01497	0.01056	0.01325	0.00861	0.01141	0.00711	0.00909	0.10148	0.00232	0.16307	0.00413	0.00231	0.00595
3	0.00692	0.00519	0.00779	0.00779	0.00865	0.00606	0.00606	0.00865	0.00779	0.01125	0.01298	0.01904	0.01211	0.03634	0.81049	0.00779	0.01298	0.00519	0.00260	0.00433
4	0.01422	0.01438	0.01464	0.07171	0.21990	0.22821	0.01058	0.10880	0.23367	0.01749	0.01194	0.01286	0.00928	0.00535	0.00473	0.00146	0.00602	0.00433	0.00341	0.00703
5	0.23984	0.00900	0.01278	0.54141	0.06080	0.01094	0.01123	0.01298	0.00930	0.01504	0.00807	0.01145	0.00619	0.00483	0.00465	0.00159	0.02821	0.00385	0.00239	0.00545
6	0.01207	0.00857	0.00952	0.00826	0.01087	0.00896	0.00649	0.09390	0.33166	0.13112	0.10996	0.02528	0.18844	0.00797	0.00515	0.00157	0.00355	0.00663	0.00498	0.02508
7	0.01270	0.76812	0.08762	0.00873	0.01312	0.01854	0.00906	0.01458	0.00988	0.01172	0.00689	0.00797	0.00621	0.00418	0.00323	0.00108	0.00534	0.00267	0.00207	0.00629
8	0.01199	0.01151	0.01967	0.02974	0.79946	0.01151	0.01487	0.01487	0.01103	0.01583	0.00912	0.01199	0.00768	0.00432	0.00480	0.00144	0.00576	0.00432	0.00240	0.00768
9	0.00697	0.00473	0.00557	0.00564	0.00574	0.00480	0.00336	0.00720	0.00725	0.00976	0.01564	0.07365	0.01781	0.69953	0.10863	0.00488	0.00549	0.00721	0.00298	0.00314
10	0.00714	0.00510	0.00705	0.00816	0.00899	0.00500	0.00665	0.00889	0.01050	0.01376	0.02603	0.32407	0.02934	0.01401	0.00652	0.00214	0.00389	0.50399	0.00447	0.00428
11	0.00915	0.00861	0.01453	0.81804	0.03338	0.01077	0.01346	0.01238	0.00969	0.01238	0.00861	0.01292	0.00646	0.00484	0.00484	0.00161	0.00646	0.00431	0.00215	0.00538
12	0.48700	0.00887	0.00897	0.00738	0.01071	0.00919	0.00609	0.01844	0.01076	0.37132	0.01228	0.01173	0.00827	0.00517	0.00384	0.00150	0.00392	0.00363	0.00434	0.00659
13	0.00626	0.00481	0.00573	0.00575	0.00694	0.00428	0.00422	0.00789	0.01193	0.01577	0.37619	0.17543	0.33387	0.01172	0.00580	0.00164	0.00244	0.01019	0.00487	0.00428
14	0.00972	0.02507	0.80458	0.01381	0.02097	0.01125	0.01790	0.01535	0.01023	0.01535	0.00870	0.01023	0.00614	0.00460	0.00460	0.00153	0.00716	0.00358	0.00205	0.00716
15	0.01199	0.01151	0.01967	0.02974	0.79946	0.01151	0.01487	0.01487	0.01103	0.01583	0.00912	0.01199	0.00768	0.00432	0.00480	0.00144	0.00576	0.00432	0.00240	0.00768
16	0.01810	0.02310	0.01373	0.01248	0.01498	0.81024	0.00936	0.01935	0.01373	0.01186	0.00749	0.00874	0.00624	0.00499	0.00437	0.00125	0.00874	0.00312	0.00250	0.00562
17	0.00630	0.00486	0.00576	0.00576	0.00700	0.00432	0.00428	0.00796	0.01199	0.01580	0.37136	0.13962	0.35480	0.01163	0.00580	0.00164	0.00248	0.02950	0.00486	0.00429
18	0.00665	0.00489	0.00686	0.00760	0.00832	0.00464	0.02686	0.00796	0.01001	0.01322	0.05368	0.51411	0.06462	0.01411	0.00657	0.02185	0.00340	0.21609	0.00441	0.00414
19	0.00686	0.00495	0.00648	0.00610	0.00724	0.00457	0.00457	0.00914	0.01372	0.01943	0.79691	0.03620	0.04572	0.00991	0.00572	0.00152	0.00229	0.00876	0.00533	0.00457
20	0.00714	0.00525	0.00672	0.00630	0.00753	0.00498	0.00474	0.01005	0.05605	0.01948	0.75456	0.03521	0.04404	0.00973	0.00567	0.00153	0.00237	0.00858	0.00531	0.00474
21	0.01740	0.01307	0.01397	0.01094	0.01464	0.01455	0.00896	0.66207	0.14567	0.02890	0.01293	0.01267	0.00929	0.00594	0.00486	0.00148	0.00509	0.00454	0.00486	0.00815
22	0.01103	0.00864	0.00902	0.00825	0.01052	0.00975	0.00638	0.02122	0.55412	0.01944	0.01965	0.01903	0.04034	0.00651	0.00454	0.00150	0.00336	0.00538	0.23460	0.00670
23	0.00786	0.00655	0.00942	0.21788	0.01495	0.00692	0.03070	0.01115	0.06798	0.01673	0.41313	0.02968	0.11559	0.00851	0.00545	0.00159	0.00372	0.02289	0.00428	0.00501
24	0.00979	0.11022	0.40912	0.03429	0.04407	0.01106	0.01293	0.02744	0.03140	0.01433	0.00989	0.01244	0.00795	0.01147	0.17431	0.00280	0.03683	0.00397	0.02935	0.00631
25	0.04050	0.00864	0.00994	0.00715	0.01141	0.00662	0.00572	0.01227	0.00998	0.01600	0.00855	0.00997	0.00711	0.00362	0.00357	0.00075	0.00359	0.00286	0.00288	0.82886
26	0.40107	0.01003	0.02961	0.06959	0.01260	0.01093	0.00706	0.16143	0.08889	0.02083	0.01040	0.02689	0.00854	0.06463	0.03379	0.00195	0.00472	0.00400	0.00346	0.02959
27	0.14595	0.01128	0.01240	0.17522	0.01705	0.07772	0.02828	0.22839	0.05384	0.06136	0.02489	0.01293	0.02547	0.00545	0.00465	0.00145	0.01932	0.00420	0.02719	0.06295
28	0.05614	0.01407	0.22703	0.16331	0.10015	0.04499	0.05474	0.06264	0.01108	0.04604	0.02319	0.02670	0.02294	0.03453	0.04416	0.00190	0.00636	0.00447	0.00276	0.05279
29	0.05668	0.02913	0.01597	0.24606	0.29741	0.01116	0.04651	0.08121	0.02576	0.02981	0.05334	0.04214	0.01032	0.00547	0.00513	0.00154	0.02808	0.00486	0.00291	0.00650
30	0.01348	0.02813	0.04053	0.16604	0.03447	0.24439	0.06114	0.12144	0.04986	0.03275	0.01355	0.01493	0.08564	0.00589	0.00515	0.00146	0.03453	0.00463	0.01614	0.02585

[dist]
# distance from previous block
# <min> <max>
3	14

[block]
# block no. 6 follows, 52 sequences, length 14
# corresponding to MSA columns:
# 409-422
name=unknown_G
#
# <colnr> <probs for GDERKNQSTAVLIFYWHMCP>
#	G	D	E	R	K	N	Q	S	T	A	V	L	I	F	Y	W	H	M	C	P
0	0.01228	0.16349	0.22038	0.01136	0.03900	0.03886	0.04477	0.14414	0.05134	0.05005	0.05178	0.08997	0.01222	0.00629	0.00467	0.00146	0.00546	0.02123	0.00334	0.02791
1	0.10748	0.01202	0.01113	0.00956	0.03645	0.16404	0.00727	0.15754	0.03423	0.07494	0.05404	0.04330	0.01079	0.00551	0.00428	0.00125	0.00489	0.00422	0.03276	0.22431
2	0.03708	0.00720	0.00913	0.14230	0.01337	0.00764	0.00732	0.14421	0.01293	0.01742	0.14330	0.15652	0.12884	0.00995	0.00558	0.00174	0.00405	0.14200	0.00424	0.00518
3	0.00696	0.00507	0.00663	0.00685	0.00792	0.00474	0.00529	0.00883	0.01180	0.01614	0.37606	0.18515	0.07674	0.03932	0.00662	0.00187	0.00305	0.19612	0.00477	0.03008
4	0.01755	0.10922	0.01497	0.01204	0.01471	0.72608	0.00925	0.01884	0.01332	0.01181	0.00741	0.00864	0.00624	0.00490	0.00424	0.00123	0.00836	0.00306	0.00245	0.00568
5	0.77394	0.01083	0.00783	0.00702	0.00997	0.09591	0.00569	0.01479	0.00883	0.02069	0.00683	0.00796	0.00535	0.00455	0.00314	0.00147	0.00428	0.00268	0.00295	0.00529
6	0.02456	0.08439	0.00959	0.00750	0.00943	0.09288	0.00592	0.10094	0.01308	0.01676	0.24874	0.08933	0.19277	0.03342	0.00583	0.00163	0.00389	0.05001	0.00427	0.00507
7	0.00959	0.06962	0.09345	0.03660	0.01212	0.00883	0.00828	0.03549	0.06058	0.03947	0.10033	0.09581	0.04503	0.03558	0.00703	0.00178	0.09118	0.16265	0.00370	0.08287
8	0.06062	0.24732	0.13060	0.00941	0.01305	0.06012	0.00884	0.16065	0.04481	0.04077	0.01104	0.05901	0.00981	0.09540	0.00639	0.00171	0.00531	0.00443	0.00317	0.02753
9	0.06363	0.10066	0.09825	0.06736	0.01492	0.15459	0.03288	0.10673	0.01239	0.01646	0.07819	0.03721	0.03188	0.00572	0.00479	0.00134	0.03303	0.00439	0.00309	0.13247
10	0.18451	0.12652	0.05037	0.04052	0.03065	0.16590	0.00837	0.10154	0.03480	0.03401	0.04157	0.01109	0.00856	0.00520	0.00462	0.00135	0.04841	0.00360	0.02636	0.07205
11	0.07024	0.03269	0.14921	0.02661	0.01441	0.12121	0.09106	0.06914	0.05033	0.03871	0.12370	0.07876	0.03646	0.00660	0.00481	0.00148	0.00534	0.00557	0.03900	0.03468
12	0.06206	0.12452	0.03788	0.05276	0.01393	0.11452	0.00836	0.19230	0.07227	0.09712	0.04520	0.01409	0.03985	0.00705	0.03911	0.00166	0.01948	0.00434	0.00372	0.04978
13	0.07824	0.06440	0.10097	0.00935	0.01242	0.04440	0.02885	0.12442	0.05826	0.05644	0.09960	0.04647	0.12059	0.00716	0.00568	0.00151	0.07331	0.00559	0.00375	0.05861

[dist]
# distance from previous block
# <min> <max>
5	6

[block]
# block no. 7 follows, 52 sequences, length 6
# corresponding to MSA columns:
# 429-434
name=unknown_H
#
# <colnr> <probs for GDERKNQSTAVLIFYWHMCP>
#	G	D	E	R	K	N	Q	S	T	A	V	L	I	F	Y	W	H	M	C	P
0	0.07182	0.12553	0.06655	0.00886	0.02389	0.07623	0.02840	0.04821	0.03212	0.04468	0.04909	0.01915	0.08259	0.07552	0.02883	0.00182	0.02858	0.03780	0.06434	0.08599
1	0.07739	0.05101	0.09265	0.00954	0.04450	0.06540	0.00793	0.05492	0.06577	0.01660	0.14106	0.04285	0.07573	0.03744	0.00609	0.00157	0.05204	0.03475	0.00355	0.11922
2	0.01398	0.05595	0.09127	0.01030	0.01367	0.18756	0.03968	0.13972	0.03890	0.10223	0.07036	0.08284	0.03754	0.00648	0.00475	0.00140	0.00551	0.00522	0.00374	0.08891
3	0.11954	0.09579	0.05953	0.03950	0.03429	0.05966	0.04171	0.08226	0.05890	0.01616	0.03527	0.04634	0.03302	0.04710	0.00673	0.07186	0.00494	0.08080	0.00325	0.06334
4	0.04374	0.12050	0.10248	0.01023	0.06481	0.08259	0.00855	0.04137	0.04824	0.08687	0.04668	0.01544	0.04495	0.00553	0.00429	0.00127	0.00481	0.03257	0.03782	0.19727
5	0.10770	0.16987	0.09649	0.01077	0.04742	0.10378	0.05259	0.07665	0.04304	0.02730	0.03450	0.05638	0.03906	0.00689	0.02192	0.00157	0.00553	0.05480	0.00316	0.04057

[dist]
# distance from previous block
# <min> <max>
12	61

[block]
# block no. 8 follows, 52 sequences, length 6
# corresponding to MSA columns:
# 528-533
name=unknown_I
#
# <colnr> <probs for GDERKNQSTAVLIFYWHMCP>
#	G	D	E	R	K	N	Q	S	T	A	V	L	I	F	Y	W	H	M	C	P
0	0.05932	0.01737	0.14987	0.01196	0.05572	0.30022	0.01009	0.08758	0.07567	0.05376	0.01108	0.01183	0.03211	0.00519	0.00443	0.00134	0.00637	0.00382	0.00312	0.09914
1	0.27133	0.03480	0.03546	0.01111	0.08641	0.13792	0.03172	0.14945	0.01278	0.05037	0.04086	0.03429	0.05087	0.00570	0.00426	0.00144	0.00515	0.00431	0.00344	0.02832
2	0.00985	0.03756	0.13028	0.04102	0.02609	0.04877	0.00838	0.05553	0.08108	0.03813	0.07643	0.19026	0.08458	0.00882	0.00559	0.00163	0.03676	0.04784	0.04909	0.02230
3	0.01118	0.08350	0.13122	0.01016	0.05652	0.03579	0.00879	0.05155	0.03648	0.04511	0.03363	0.02703	0.05083	0.00526	0.00480	0.00119	0.04722	0.00408	0.00306	0.35261
4	0.01367	0.25212	0.14606	0.01018	0.01431	0.05513	0.02816	0.12477	0.04345	0.10392	0.01189	0.01363	0.03055	0.00550	0.00460	0.00135	0.02691	0.03659	0.00328	0.07392
5	0.01196	0.01175	0.11640	0.05290	0.01423	0.05922	0.03916	0.13398	0.14526	0.07803	0.06374	0.06771	0.08997	0.00844	0.03211	0.00180	0.00517	0.04439	0.01742	0.00637

[dist]
# distance from previous block
# <min> <max>
94	541

# created by:
# /home/cegg/simao/soft/augustus-3.2.1/scripts/msa2prfl.pl ./align_prep/EOG091G0J61.fa
