[name]
unknown

[dist]
# distance from previous block
# <min> <max>
0	66

[block]
# block no. 0 follows, 48 sequences, length 23
# corresponding to MSA columns:
# 138-160
name=unknown_A
#
# <colnr> <probs for GDERKNQSTAVLIFYWHMCP>
#	G	D	E	R	K	N	Q	S	T	A	V	L	I	F	Y	W	H	M	C	P
0	0.00827	0.00591	0.00827	0.00945	0.01063	0.00591	0.00827	0.01063	0.01181	0.01536	0.02717	0.05788	0.02953	0.01417	0.00709	0.00236	0.00472	0.75313	0.00472	0.00472
1	0.00726	0.00524	0.00686	0.00646	0.00767	0.00484	0.00484	0.00968	0.01452	0.02058	0.78496	0.03833	0.04841	0.01049	0.00605	0.00161	0.00242	0.00928	0.00565	0.00484
2	0.00787	0.00542	0.00646	0.00616	0.00685	0.00531	0.00409	0.03612	0.01114	0.01549	0.34111	0.03444	0.03074	0.42701	0.01629	0.00333	0.00385	0.00806	0.02616	0.00409
3	0.00746	0.00497	0.00560	0.00560	0.00560	0.00497	0.00311	0.00746	0.00746	0.00995	0.01617	0.03358	0.01865	0.81967	0.02612	0.00497	0.00497	0.00746	0.00311	0.00311
4	0.01328	0.01145	0.01145	0.01019	0.01308	0.05997	0.00794	0.06594	0.59961	0.04593	0.02227	0.02071	0.08080	0.00731	0.00525	0.00170	0.00435	0.00600	0.00506	0.00772
5	0.00956	0.00478	0.00478	0.00478	0.00598	0.00478	0.00359	0.01196	0.01076	0.01913	0.01674	0.01913	0.01315	0.00598	0.00359	0.00120	0.00239	0.00478	0.84816	0.00478
6	0.05071	0.06963	0.01611	0.01319	0.01622	0.62612	0.06459	0.04324	0.01420	0.02876	0.00840	0.00974	0.00684	0.00519	0.00462	0.00136	0.00858	0.00353	0.00278	0.00618
7	0.06109	0.01228	0.01377	0.01204	0.05226	0.14764	0.03372	0.01960	0.01254	0.35621	0.01479	0.01500	0.03725	0.00674	0.00755	0.00169	0.17960	0.00477	0.00429	0.00716
8	0.00956	0.00478	0.00478	0.00478	0.00598	0.00478	0.00359	0.01196	0.01076	0.01913	0.01674	0.01913	0.01315	0.00598	0.00359	0.00120	0.00239	0.00478	0.84816	0.00478
9	0.81209	0.01068	0.00791	0.00709	0.01023	0.05276	0.00579	0.01537	0.00904	0.02247	0.00719	0.00838	0.00561	0.00479	0.00325	0.00157	0.00425	0.00281	0.00315	0.00558
10	0.01190	0.15020	0.50149	0.01437	0.02082	0.01374	0.11539	0.08343	0.01212	0.01705	0.00931	0.01095	0.00688	0.00484	0.00480	0.00155	0.00722	0.00400	0.00249	0.00744
11	0.01834	0.01314	0.01420	0.01105	0.01492	0.01435	0.00907	0.60750	0.08396	0.06979	0.01356	0.01345	0.00969	0.00615	0.00502	0.00152	0.00522	0.00470	0.04929	0.03509
12	0.00654	0.00478	0.00615	0.00674	0.00746	0.00439	0.00470	0.00794	0.01144	0.01545	0.26116	0.50346	0.11266	0.01407	0.00635	0.00191	0.00277	0.01260	0.00503	0.00439
13	0.01235	0.01219	0.02174	0.08661	0.59925	0.01233	0.12941	0.01558	0.01155	0.01634	0.00965	0.01291	0.00795	0.00468	0.00551	0.00159	0.02534	0.00479	0.00252	0.00771
14	0.01250	0.01199	0.02048	0.08172	0.73897	0.01214	0.01565	0.01558	0.01159	0.01653	0.00962	0.01276	0.00804	0.00461	0.00508	0.00154	0.00614	0.00457	0.00252	0.00797
15	0.07269	0.01315	0.01365	0.01264	0.09921	0.19637	0.06093	0.01729	0.03649	0.13249	0.04401	0.01480	0.04613	0.00552	0.00469	0.00134	0.00568	0.00448	0.00362	0.21482
16	0.01386	0.05882	0.02274	0.04829	0.23151	0.01182	0.32720	0.01716	0.01238	0.14552	0.05013	0.01502	0.01062	0.00507	0.00545	0.00161	0.00668	0.00542	0.00332	0.00739
17	0.00726	0.00524	0.00686	0.00646	0.00767	0.00484	0.00484	0.00968	0.01452	0.02058	0.78496	0.03833	0.04841	0.01049	0.00605	0.00161	0.00242	0.00928	0.00565	0.00484
18	0.05463	0.11341	0.52783	0.01305	0.01945	0.01227	0.04351	0.01734	0.01127	0.12567	0.01047	0.01146	0.00739	0.00500	0.00469	0.00156	0.00675	0.00390	0.00283	0.00751
19	0.01268	0.01143	0.01915	0.05152	0.67051	0.01139	0.01447	0.01560	0.01188	0.05519	0.03638	0.01526	0.04112	0.00521	0.00516	0.00154	0.00577	0.00500	0.00291	0.00783
20	0.01123	0.01123	0.01572	0.01347	0.01347	0.01572	0.01123	0.01235	0.00786	0.01235	0.00674	0.01123	0.00674	0.00898	0.01684	0.00225	0.81028	0.00449	0.00225	0.00561
21	0.04258	0.00613	0.00840	0.02365	0.03379	0.00650	0.00629	0.01135	0.02844	0.07657	0.14602	0.11091	0.02081	0.03719	0.36759	0.00473	0.00814	0.00697	0.04877	0.00515
22	0.03035	0.01420	0.03290	0.04579	0.01762	0.18979	0.21250	0.12710	0.03169	0.05194	0.01229	0.03385	0.01055	0.09264	0.03136	0.01865	0.00729	0.02980	0.00337	0.00632

[dist]
# distance from previous block
# <min> <max>
5	8

[block]
# block no. 1 follows, 48 sequences, length 11
# corresponding to MSA columns:
# 170-172,178-185
name=unknown_B
#
# <colnr> <probs for GDERKNQSTAVLIFYWHMCP>
#	G	D	E	R	K	N	Q	S	T	A	V	L	I	F	Y	W	H	M	C	P
0	0.01280	0.02998	0.01041	0.00868	0.01084	0.12606	0.02443	0.14558	0.03434	0.05873	0.18575	0.02244	0.03620	0.09264	0.02771	0.00200	0.00492	0.00599	0.15466	0.00585
1	0.00645	0.00462	0.00614	0.00701	0.00749	0.00430	0.00478	0.00766	0.01077	0.01460	0.18057	0.65974	0.03685	0.01495	0.00645	0.00199	0.00286	0.01352	0.00494	0.00430
2	0.01684	0.01305	0.01390	0.01127	0.01490	0.01467	0.00911	0.47656	0.32246	0.02804	0.01571	0.01502	0.01147	0.00648	0.00517	0.00162	0.00502	0.00509	0.00517	0.00849
3	0.00956	0.00478	0.00478	0.00478	0.00598	0.00478	0.00359	0.01196	0.01076	0.01913	0.01674	0.01913	0.01315	0.00598	0.00359	0.00120	0.00239	0.00478	0.84816	0.00478
4	0.00706	0.00536	0.00660	0.00681	0.00815	0.00490	0.00538	0.00901	0.01265	0.01660	0.30568	0.08217	0.29778	0.01254	0.00634	0.00187	0.00309	0.19834	0.00507	0.00461
5	0.01372	0.82276	0.02689	0.00878	0.01317	0.02030	0.00878	0.01536	0.01043	0.01207	0.00713	0.00823	0.00658	0.00439	0.00329	0.00110	0.00549	0.00274	0.00219	0.00658
6	0.00956	0.00478	0.00478	0.00478	0.00598	0.00478	0.00359	0.01196	0.01076	0.01913	0.01674	0.01913	0.01315	0.00598	0.00359	0.00120	0.00239	0.00478	0.84816	0.00478
7	0.32718	0.00942	0.01050	0.00994	0.05399	0.03726	0.06595	0.07280	0.01065	0.01853	0.01331	0.15738	0.01334	0.12106	0.00790	0.00215	0.02592	0.00617	0.03111	0.00546
8	0.01290	0.01178	0.01997	0.09647	0.68977	0.01192	0.01526	0.01593	0.01169	0.05039	0.01007	0.01299	0.00822	0.00470	0.00509	0.00154	0.00608	0.00460	0.00268	0.00795
9	0.01329	0.69930	0.10270	0.01007	0.01482	0.01907	0.05196	0.01551	0.01056	0.01273	0.00752	0.00880	0.00664	0.00443	0.00360	0.00118	0.00587	0.00303	0.00221	0.00670
10	0.00746	0.00497	0.00560	0.00560	0.00560	0.00497	0.00311	0.00746	0.00746	0.00995	0.01617	0.03358	0.01865	0.81967	0.02612	0.00497	0.00497	0.00746	0.00311	0.00311

[dist]
# distance from previous block
# <min> <max>
1	2

[block]
# block no. 2 follows, 48 sequences, length 7
# corresponding to MSA columns:
# 188-194
name=unknown_C
#
# <colnr> <probs for GDERKNQSTAVLIFYWHMCP>
#	G	D	E	R	K	N	Q	S	T	A	V	L	I	F	Y	W	H	M	C	P
0	0.01261	0.31719	0.16893	0.01236	0.06303	0.11017	0.05477	0.01609	0.05328	0.01517	0.11750	0.01426	0.01308	0.00559	0.00452	0.00140	0.00606	0.00440	0.00294	0.00665
1	0.05287	0.48610	0.22871	0.01042	0.01544	0.01685	0.01127	0.01684	0.09137	0.01470	0.00914	0.01008	0.00747	0.00481	0.00391	0.00133	0.00582	0.00335	0.00255	0.00696
2	0.00809	0.00623	0.00850	0.00831	0.00947	0.00714	0.00639	0.01163	0.11624	0.01360	0.05549	0.02170	0.01542	0.07511	0.60442	0.00681	0.01132	0.00585	0.00327	0.00501
3	0.01282	0.14381	0.07464	0.04478	0.21861	0.05856	0.03377	0.03189	0.03473	0.08625	0.12586	0.01787	0.05409	0.00616	0.00494	0.00147	0.00538	0.00523	0.00352	0.03561
4	0.09700	0.03325	0.06617	0.01163	0.05586	0.13153	0.04770	0.11491	0.03176	0.13951	0.16401	0.03831	0.01699	0.00679	0.00530	0.00157	0.02120	0.00549	0.00424	0.00678
5	0.01099	0.01032	0.01419	0.01226	0.01242	0.01419	0.01016	0.01229	0.00826	0.01330	0.00813	0.01233	0.00763	0.00856	0.01499	0.00210	0.69730	0.00453	0.12055	0.00550
6	0.01056	0.00929	0.00949	0.00892	0.01097	0.06500	0.00680	0.01839	0.37695	0.01893	0.20247	0.11292	0.08351	0.00937	0.00565	0.00174	0.00384	0.03381	0.00504	0.00636

[dist]
# distance from previous block
# <min> <max>
0	3

[block]
# block no. 3 follows, 48 sequences, length 11
# corresponding to MSA columns:
# 198-208
name=unknown_D
#
# <colnr> <probs for GDERKNQSTAVLIFYWHMCP>
#	G	D	E	R	K	N	Q	S	T	A	V	L	I	F	Y	W	H	M	C	P
0	0.01197	0.01106	0.01841	0.02243	0.42447	0.01104	0.11950	0.07126	0.04460	0.01888	0.17556	0.01856	0.01701	0.00601	0.00543	0.00158	0.00556	0.00584	0.00351	0.00730
1	0.00956	0.00478	0.00478	0.00478	0.00598	0.00478	0.00359	0.01196	0.01076	0.01913	0.01674	0.01913	0.01315	0.00598	0.00359	0.00120	0.00239	0.00478	0.84816	0.00478
2	0.00665	0.00529	0.00633	0.00684	0.03350	0.00470	0.00474	0.00822	0.01204	0.01559	0.24168	0.21283	0.39771	0.01271	0.00613	0.00177	0.00275	0.01102	0.00493	0.00456
3	0.01416	0.01120	0.01225	0.01071	0.01370	0.01256	0.00868	0.26772	0.39351	0.02393	0.01921	0.02387	0.01588	0.00800	0.00553	0.00179	0.00470	0.13980	0.00510	0.00771
4	0.01059	0.12164	0.55606	0.01213	0.01817	0.01168	0.01493	0.01537	0.01077	0.01625	0.01030	0.01200	0.00771	0.00501	0.00445	0.00148	0.00639	0.00384	0.15429	0.00696
5	0.03104	0.37214	0.20275	0.01060	0.01530	0.08531	0.01094	0.03289	0.01176	0.12263	0.01076	0.03516	0.00882	0.00549	0.00427	0.00139	0.00604	0.02270	0.00303	0.00697
6	0.01186	0.14513	0.29172	0.01486	0.02028	0.01372	0.23095	0.01844	0.16942	0.01672	0.01163	0.01300	0.00877	0.00507	0.00504	0.00160	0.00683	0.00469	0.00292	0.00735
7	0.01142	0.15622	0.01856	0.23333	0.34834	0.01254	0.01252	0.01394	0.01055	0.01409	0.00987	0.01476	0.00881	0.10605	0.00739	0.00193	0.00605	0.00460	0.00248	0.00657
8	0.00817	0.00640	0.00981	0.01135	0.10624	0.00704	0.00791	0.01025	0.00931	0.01313	0.01565	0.02601	0.01525	0.02989	0.55811	0.00635	0.01117	0.13982	0.00308	0.00505
9	0.29780	0.00995	0.01013	0.00854	0.01139	0.03108	0.02734	0.19989	0.01342	0.06931	0.01186	0.01345	0.00913	0.00962	0.10297	0.00233	0.00560	0.00418	0.15571	0.00631
10	0.49346	0.00915	0.00875	0.00747	0.01050	0.00986	0.00607	0.06560	0.01189	0.16605	0.14978	0.01569	0.01480	0.00618	0.00419	0.00159	0.00387	0.00451	0.00434	0.00623

[dist]
# distance from previous block
# <min> <max>
6	12

[block]
# block no. 4 follows, 48 sequences, length 18
# corresponding to MSA columns:
# 222-239
name=unknown_E
#
# <colnr> <probs for GDERKNQSTAVLIFYWHMCP>
#	G	D	E	R	K	N	Q	S	T	A	V	L	I	F	Y	W	H	M	C	P
0	0.01315	0.11217	0.02088	0.02677	0.61911	0.01340	0.01425	0.05231	0.04797	0.01715	0.00999	0.01243	0.00832	0.00474	0.00487	0.00148	0.00590	0.00441	0.00275	0.00797
1	0.63676	0.01051	0.00949	0.00817	0.01143	0.03159	0.03848	0.01747	0.10432	0.07582	0.00991	0.01056	0.00742	0.00514	0.00373	0.00161	0.00434	0.00347	0.00361	0.00616
2	0.01263	0.26245	0.35231	0.01350	0.05100	0.01389	0.08380	0.01649	0.01125	0.08386	0.01053	0.01319	0.00834	0.00523	0.00464	0.00150	0.00657	0.03887	0.00272	0.00721
3	0.01086	0.00892	0.01438	0.08994	0.21574	0.00883	0.09226	0.04528	0.01308	0.06918	0.25065	0.07228	0.07104	0.00782	0.00565	0.00164	0.00478	0.00721	0.00411	0.00635
4	0.01231	0.01128	0.01885	0.02820	0.69130	0.01128	0.01425	0.01528	0.01157	0.01705	0.01053	0.01349	0.00875	0.00475	0.00490	0.00148	0.00564	0.00460	0.10679	0.00772
5	0.01151	0.01278	0.02739	0.01976	0.02446	0.01197	0.67482	0.01560	0.01241	0.01695	0.10587	0.01686	0.01279	0.00509	0.00605	0.00172	0.00788	0.00645	0.00297	0.00666
6	0.01185	0.08604	0.20128	0.01556	0.04777	0.08066	0.29269	0.01562	0.01169	0.01601	0.02696	0.03255	0.00979	0.00534	0.00511	0.00156	0.00698	0.01909	0.10685	0.00659
7	0.03596	0.01272	0.11953	0.01446	0.07610	0.02578	0.20241	0.09069	0.01377	0.14993	0.14319	0.06174	0.01676	0.00665	0.00550	0.00165	0.00582	0.00622	0.00407	0.00703
8	0.00894	0.00452	0.00641	0.00641	0.00655	0.00452	0.00430	0.00737	0.00722	0.01021	0.01017	0.01675	0.00982	0.04837	0.01827	0.71223	0.00422	0.00462	0.10655	0.00258
9	0.00756	0.00642	0.00927	0.00852	0.01009	0.00614	0.08669	0.00966	0.02610	0.01551	0.18140	0.21311	0.26532	0.01209	0.00674	0.00187	0.03985	0.08423	0.00460	0.00484
10	0.01193	0.14858	0.26867	0.01467	0.07059	0.04500	0.17092	0.03968	0.02805	0.01640	0.01079	0.02993	0.00858	0.00514	0.00476	0.00150	0.00656	0.00455	0.10681	0.00688
11	0.01041	0.00911	0.01260	0.17191	0.12492	0.03423	0.03753	0.06607	0.05949	0.01687	0.08417	0.02754	0.12834	0.00897	0.02404	0.00189	0.02175	0.11245	0.04175	0.00598
12	0.00669	0.00523	0.00608	0.00598	0.00743	0.00462	0.00453	0.00851	0.01288	0.01682	0.36843	0.06407	0.41290	0.01204	0.00612	0.00172	0.00263	0.04362	0.00515	0.00457
13	0.03074	0.03880	0.02160	0.17064	0.09595	0.08892	0.31313	0.02685	0.02985	0.03354	0.00988	0.01285	0.00767	0.00502	0.00605	0.00163	0.05887	0.00492	0.00271	0.04037
14	0.01464	0.10415	0.28948	0.01386	0.07135	0.10927	0.03034	0.17075	0.04876	0.06355	0.01086	0.01182	0.00804	0.00531	0.00477	0.00150	0.00663	0.00409	0.02325	0.00756
15	0.01226	0.00660	0.00824	0.00743	0.00963	0.00597	0.00577	0.01470	0.05636	0.26791	0.15689	0.15060	0.22841	0.01058	0.00583	0.00174	0.00336	0.03621	0.00545	0.00605
16	0.00824	0.00596	0.00793	0.00778	0.00914	0.00564	0.03339	0.04064	0.02747	0.04798	0.21774	0.32281	0.14572	0.01263	0.00625	0.00188	0.00335	0.08549	0.00499	0.00496
17	0.03410	0.14070	0.11512	0.03171	0.12764	0.14627	0.07115	0.14248	0.01419	0.10003	0.01076	0.01239	0.00825	0.00531	0.00479	0.00148	0.00661	0.01633	0.00334	0.00736

[dist]
# distance from previous block
# <min> <max>
2	8

[block]
# block no. 5 follows, 48 sequences, length 29
# corresponding to MSA columns:
# 248-269,275-281
name=unknown_F
#
# <colnr> <probs for GDERKNQSTAVLIFYWHMCP>
#	G	D	E	R	K	N	Q	S	T	A	V	L	I	F	Y	W	H	M	C	P
0	0.16570	0.11870	0.01488	0.01258	0.08694	0.35178	0.00913	0.07465	0.04454	0.01669	0.01113	0.01212	0.04976	0.00557	0.00439	0.00142	0.00669	0.00387	0.00308	0.00638
1	0.02600	0.00745	0.03057	0.00812	0.00985	0.02529	0.02484	0.07263	0.04089	0.04260	0.11341	0.32062	0.17942	0.01213	0.00605	0.00186	0.00371	0.06459	0.00475	0.00523
2	0.03152	0.11770	0.01542	0.03067	0.06709	0.07339	0.00920	0.28346	0.17048	0.02213	0.01320	0.05162	0.01067	0.00615	0.00479	0.00147	0.00532	0.00483	0.00411	0.07678
3	0.03141	0.01041	0.03081	0.04858	0.08146	0.02079	0.01973	0.09935	0.03459	0.07270	0.02533	0.01466	0.03710	0.03867	0.00569	0.00137	0.02509	0.00431	0.00355	0.39439
4	0.07534	0.05318	0.06198	0.05876	0.17788	0.09210	0.10488	0.08716	0.01314	0.09059	0.05287	0.01353	0.01015	0.00524	0.00487	0.00147	0.00607	0.00454	0.00337	0.08291
5	0.00874	0.00989	0.13013	0.00877	0.01127	0.02709	0.03464	0.04786	0.04193	0.01721	0.23261	0.14773	0.16418	0.04027	0.00657	0.00185	0.00414	0.03769	0.02203	0.00542
6	0.01108	0.01026	0.01681	0.40637	0.24647	0.01157	0.04726	0.04855	0.03980	0.01557	0.01100	0.05662	0.00922	0.00575	0.00553	0.00168	0.02813	0.00522	0.01654	0.00658
7	0.05226	0.08671	0.12927	0.04024	0.06369	0.23915	0.05756	0.13566	0.05119	0.03759	0.02265	0.01168	0.00836	0.00529	0.00473	0.00145	0.00690	0.00405	0.00321	0.03835
8	0.00736	0.00521	0.00639	0.00667	0.00779	0.00469	0.00481	0.00871	0.01121	0.04573	0.14475	0.34096	0.23267	0.06688	0.00755	0.00207	0.00312	0.05999	0.00480	0.02865
9	0.00644	0.00459	0.00585	0.00678	0.00711	0.00431	0.00444	0.00721	0.00955	0.01263	0.02767	0.64518	0.07451	0.14650	0.00970	0.00253	0.00328	0.01321	0.00449	0.00401
10	0.01213	0.03667	0.20136	0.08005	0.07319	0.15956	0.14607	0.03671	0.03026	0.01531	0.01340	0.10737	0.03938	0.00705	0.01740	0.00173	0.00710	0.00581	0.00293	0.00650
11	0.01112	0.01097	0.04507	0.10140	0.06471	0.04021	0.20131	0.06026	0.10852	0.01657	0.06980	0.06262	0.03617	0.03255	0.05074	0.06574	0.00644	0.00623	0.00343	0.00614
12	0.00752	0.00522	0.00626	0.00657	0.00785	0.00468	0.00490	0.00897	0.01150	0.05716	0.10571	0.29033	0.33100	0.01325	0.00619	0.00187	0.00301	0.08837	0.03500	0.00462
13	0.01460	0.01236	0.03848	0.08736	0.08554	0.01279	0.10865	0.33728	0.08383	0.03592	0.03418	0.03567	0.04486	0.00693	0.01910	0.00173	0.00587	0.00554	0.02178	0.00752
14	0.04014	0.12320	0.12220	0.06447	0.24553	0.07515	0.03409	0.10752	0.01331	0.07691	0.04238	0.01292	0.00951	0.00525	0.00480	0.00149	0.00618	0.00436	0.00319	0.00740
15	0.00971	0.00889	0.01144	0.01014	0.01120	0.07041	0.06410	0.01156	0.03119	0.01281	0.04327	0.02031	0.01334	0.18574	0.26789	0.00456	0.18696	0.00569	0.02588	0.00490
16	0.01268	0.27158	0.24148	0.01106	0.01619	0.08782	0.02824	0.03764	0.04187	0.01536	0.00900	0.01026	0.00723	0.00464	0.00417	0.00125	0.00610	0.00341	0.00262	0.18738
17	0.01869	0.02345	0.01432	0.01301	0.01567	0.74018	0.00978	0.02100	0.07175	0.01322	0.00890	0.00999	0.00729	0.00541	0.00467	0.00135	0.00886	0.00349	0.00284	0.00611
18	0.00708	0.00534	0.00626	0.00611	0.00749	0.00488	0.00455	0.00940	0.03860	0.01762	0.40459	0.09877	0.30174	0.01142	0.00593	0.00167	0.00258	0.00986	0.05141	0.00472
19	0.01064	0.00912	0.01064	0.00760	0.01216	0.00684	0.00608	0.01292	0.01064	0.01672	0.00912	0.01064	0.00760	0.00380	0.00380	0.00076	0.00380	0.00304	0.00304	0.85104
20	0.00999	0.07006	0.01625	0.74753	0.03368	0.01207	0.01384	0.01328	0.01027	0.01303	0.00897	0.01327	0.00682	0.00507	0.00499	0.00166	0.00674	0.00442	0.00227	0.00577
21	0.01234	0.01181	0.01997	0.03005	0.74490	0.01176	0.01510	0.01529	0.01168	0.01660	0.01197	0.01471	0.05072	0.00503	0.00513	0.00154	0.00590	0.00491	0.00266	0.00792
22	0.01312	0.01185	0.02081	0.10125	0.56579	0.01187	0.10748	0.01628	0.01183	0.07439	0.01048	0.01329	0.00831	0.00473	0.00521	0.00157	0.00635	0.00480	0.00281	0.00780
23	0.04711	0.01012	0.01468	0.02954	0.22996	0.03187	0.05610	0.03022	0.01316	0.28250	0.10910	0.01807	0.03414	0.00611	0.00514	0.00152	0.00498	0.00539	0.00438	0.06591
24	0.05595	0.01162	0.01881	0.05520	0.63378	0.01153	0.01408	0.01530	0.01136	0.01695	0.00944	0.01228	0.00789	0.00452	0.00484	0.00145	0.00576	0.00431	0.00262	0.10231
25	0.00746	0.00497	0.00560	0.00560	0.00560	0.00497	0.00311	0.00746	0.00746	0.00995	0.01617	0.03358	0.01865	0.81967	0.02612	0.00497	0.00497	0.00746	0.00311	0.00311
26	0.01002	0.01294	0.17096	0.01449	0.06562	0.00990	0.22412	0.01488	0.11072	0.01627	0.04919	0.16346	0.07216	0.02195	0.01798	0.00191	0.00597	0.00752	0.00353	0.00641
27	0.01859	0.02353	0.01417	0.01289	0.01547	0.76071	0.00967	0.01997	0.01454	0.01295	0.04547	0.01066	0.00863	0.00554	0.00470	0.00134	0.00892	0.00359	0.00279	0.00589
28	0.00776	0.00484	0.00595	0.00601	0.00604	0.00484	0.00360	0.00730	0.00740	0.00990	0.01490	0.06662	0.01685	0.56362	0.04331	0.21313	0.00497	0.00702	0.00296	0.00298

[dist]
# distance from previous block
# <min> <max>
0	26

[block]
# block no. 6 follows, 48 sequences, length 6
# corresponding to MSA columns:
# 308-313
name=unknown_G
#
# <colnr> <probs for GDERKNQSTAVLIFYWHMCP>
#	G	D	E	R	K	N	Q	S	T	A	V	L	I	F	Y	W	H	M	C	P
0	0.04637	0.01063	0.01722	0.10746	0.44875	0.01087	0.04456	0.01588	0.04987	0.07817	0.01315	0.07984	0.01157	0.00621	0.00526	0.00165	0.00565	0.03634	0.00325	0.00730
1	0.01840	0.02120	0.01385	0.01228	0.01503	0.60855	0.00935	0.13754	0.01572	0.01622	0.00937	0.01057	0.00750	0.00548	0.00462	0.00135	0.00810	0.00364	0.07494	0.00629
2	0.01653	0.01163	0.01172	0.00982	0.01282	0.10403	0.00785	0.26241	0.08183	0.17952	0.05305	0.05492	0.03519	0.00732	0.00513	0.00157	0.00494	0.03691	0.09557	0.00725
3	0.01020	0.00699	0.00893	0.08922	0.01225	0.00728	0.00712	0.07833	0.06400	0.06830	0.06331	0.19279	0.04922	0.06497	0.00722	0.00208	0.00420	0.17706	0.08110	0.00544
4	0.24754	0.01166	0.01435	0.20892	0.23322	0.07493	0.01128	0.01609	0.07222	0.01749	0.00947	0.01190	0.00753	0.00519	0.00501	0.00162	0.03811	0.00406	0.00287	0.00655
5	0.08563	0.01016	0.01065	0.08958	0.01347	0.12976	0.03370	0.04105	0.01188	0.04547	0.11001	0.06690	0.11488	0.07472	0.03012	0.00217	0.05887	0.06186	0.00379	0.00532

[dist]
# distance from previous block
# <min> <max>
1	4

[block]
# block no. 7 follows, 48 sequences, length 28
# corresponding to MSA columns:
# 320-347
name=unknown_H
#
# <colnr> <probs for GDERKNQSTAVLIFYWHMCP>
#	G	D	E	R	K	N	Q	S	T	A	V	L	I	F	Y	W	H	M	C	P
0	0.03811	0.02689	0.10194	0.06296	0.04327	0.07176	0.07116	0.07298	0.07465	0.07095	0.01421	0.06039	0.02644	0.02388	0.03288	0.00182	0.00591	0.04650	0.00357	0.14972
1	0.01478	0.07053	0.04509	0.12883	0.12551	0.08737	0.09429	0.14893	0.09652	0.08311	0.01177	0.01321	0.00885	0.00548	0.00536	0.00157	0.02896	0.00462	0.00354	0.02170
2	0.01015	0.11177	0.01119	0.00844	0.01041	0.03107	0.03927	0.01353	0.12133	0.06636	0.12331	0.28400	0.08245	0.01058	0.00590	0.02185	0.00389	0.00897	0.02996	0.00559
3	0.00999	0.00710	0.01012	0.00868	0.01076	0.00673	0.08651	0.04497	0.01284	0.11554	0.20855	0.14045	0.24322	0.01136	0.02937	0.00193	0.03245	0.00910	0.00481	0.00551
4	0.01268	0.30161	0.39583	0.01273	0.03968	0.06393	0.01401	0.05919	0.02830	0.01561	0.00885	0.01015	0.00691	0.00484	0.00434	0.00142	0.00673	0.00351	0.00245	0.00723
5	0.03020	0.03586	0.13516	0.07493	0.07113	0.01243	0.27279	0.14835	0.01383	0.09476	0.01136	0.01364	0.00843	0.02846	0.00590	0.00171	0.00686	0.00500	0.00334	0.02585
6	0.01101	0.00602	0.00789	0.00703	0.00884	0.00544	0.00538	0.01314	0.01395	0.20432	0.50245	0.07191	0.05974	0.03426	0.00642	0.00173	0.00300	0.00845	0.02336	0.00567
7	0.00873	0.00454	0.00664	0.00664	0.00668	0.00457	0.00441	0.00684	0.00681	0.00911	0.00972	0.01735	0.00991	0.08949	0.04801	0.74625	0.00483	0.00476	0.00232	0.00239
8	0.05283	0.34539	0.18991	0.01264	0.08266	0.09385	0.01157	0.07524	0.01230	0.06691	0.00915	0.01022	0.00723	0.00488	0.00419	0.00136	0.00624	0.00349	0.00281	0.00713
9	0.00786	0.00659	0.02877	0.00957	0.10592	0.00566	0.00627	0.00954	0.01158	0.04538	0.11648	0.24993	0.35319	0.01203	0.00600	0.00178	0.00332	0.01049	0.00457	0.00508
10	0.00684	0.00502	0.00592	0.00639	0.00711	0.00469	0.00443	0.00775	0.00986	0.01260	0.03106	0.25396	0.24297	0.26982	0.01268	0.00294	0.00372	0.10408	0.00423	0.00395
11	0.01462	0.01856	0.34424	0.01366	0.04864	0.01288	0.03374	0.31499	0.01637	0.06659	0.01220	0.04088	0.00933	0.00605	0.00514	0.00162	0.00638	0.02243	0.00376	0.00792
12	0.05594	0.04816	0.26152	0.01564	0.17319	0.03046	0.01300	0.11242	0.04908	0.13281	0.04969	0.01384	0.01046	0.00555	0.00491	0.00156	0.00593	0.00451	0.00361	0.00772
13	0.03728	0.01208	0.12157	0.01095	0.03145	0.02965	0.00965	0.08404	0.01393	0.36461	0.08085	0.04231	0.01483	0.00811	0.02740	0.00190	0.07480	0.02205	0.00490	0.00762
14	0.01311	0.04572	0.01351	0.03611	0.13164	0.03121	0.02305	0.08483	0.17679	0.08793	0.01617	0.09051	0.01450	0.11751	0.00924	0.02377	0.05076	0.02279	0.00408	0.00676
15	0.05781	0.03707	0.08431	0.08193	0.17310	0.09574	0.01159	0.16498	0.09178	0.05975	0.01281	0.01601	0.01031	0.00618	0.00513	0.00164	0.00607	0.05291	0.00375	0.02712
16	0.03383	0.05368	0.12268	0.01730	0.21212	0.12132	0.05751	0.12724	0.03365	0.11516	0.02951	0.01350	0.00963	0.00582	0.00541	0.01935	0.00646	0.00457	0.00359	0.00766
17	0.02545	0.02467	0.12869	0.02879	0.05394	0.06692	0.04487	0.11076	0.05781	0.12307	0.06459	0.07281	0.03245	0.03091	0.00633	0.00180	0.02691	0.05231	0.00415	0.04276
18	0.05129	0.02825	0.09017	0.01471	0.10121	0.10458	0.11781	0.15603	0.06753	0.04856	0.05231	0.04220	0.01181	0.00724	0.03315	0.00183	0.00651	0.00520	0.00373	0.05590
19	0.03901	0.05889	0.13168	0.01536	0.15234	0.12280	0.07463	0.04883	0.03894	0.08304	0.08387	0.09928	0.01483	0.00695	0.00530	0.00164	0.00608	0.00592	0.00365	0.00698
20	0.04351	0.07566	0.09022	0.01270	0.06781	0.17891	0.04147	0.08919	0.04695	0.15373	0.05966	0.03662	0.01248	0.00635	0.00504	0.00155	0.00612	0.02163	0.00398	0.04643
21	0.03362	0.03349	0.05903	0.03045	0.20376	0.14249	0.07636	0.08286	0.03834	0.09665	0.01233	0.06369	0.01025	0.00608	0.00544	0.00158	0.02709	0.00509	0.00352	0.06787
22	0.02635	0.03198	0.14274	0.01433	0.05034	0.09350	0.16383	0.12603	0.08147	0.09972	0.03417	0.04789	0.03143	0.00653	0.00545	0.00169	0.00647	0.02482	0.00389	0.00737
23	0.06123	0.08206	0.09102	0.05382	0.05445	0.09704	0.15684	0.02854	0.09134	0.08857	0.01353	0.01492	0.03965	0.00641	0.02412	0.00173	0.00648	0.00484	0.02012	0.06328
24	0.06880	0.11315	0.18088	0.03585	0.14846	0.07775	0.09515	0.02808	0.04501	0.04362	0.04021	0.01387	0.02375	0.00544	0.00487	0.00154	0.00632	0.00453	0.02074	0.04197
25	0.03241	0.04488	0.04629	0.03759	0.14551	0.09539	0.06778	0.09703	0.07690	0.03553	0.04295	0.04672	0.01178	0.00610	0.00522	0.00150	0.01826	0.02133	0.00357	0.16325
26	0.03016	0.03109	0.21449	0.05107	0.11798	0.08566	0.07503	0.04780	0.05700	0.07780	0.02557	0.04210	0.01089	0.03790	0.00623	0.00178	0.02056	0.02113	0.00333	0.04244
27	0.04324	0.01469	0.11181	0.05574	0.11390	0.13617	0.08592	0.03344	0.06850	0.10854	0.03035	0.01607	0.06030	0.00595	0.00512	0.00155	0.00620	0.00496	0.00359	0.09395

[dist]
# distance from previous block
# <min> <max>
20	236

[block]
# block no. 8 follows, 48 sequences, length 12
# corresponding to MSA columns:
# 757-768
name=unknown_I
#
# <colnr> <probs for GDERKNQSTAVLIFYWHMCP>
#	G	D	E	R	K	N	Q	S	T	A	V	L	I	F	Y	W	H	M	C	P
0	0.12876	0.08290	0.20961	0.01172	0.05965	0.06994	0.01081	0.09630	0.05981	0.06714	0.05597	0.01662	0.04011	0.00624	0.00474	0.00157	0.00558	0.03767	0.02798	0.00688
1	0.05807	0.05767	0.27324	0.04240	0.06199	0.08068	0.03027	0.07819	0.05922	0.06506	0.03611	0.01542	0.06699	0.00604	0.00521	0.00157	0.02776	0.00473	0.00330	0.02607
2	0.08094	0.04348	0.14211	0.01236	0.07360	0.16224	0.03341	0.03512	0.11396	0.04231	0.07241	0.03748	0.02885	0.02415	0.00533	0.00161	0.00582	0.01815	0.03090	0.03579
3	0.01259	0.03826	0.26774	0.04322	0.11427	0.08151	0.03246	0.04186	0.11178	0.07615	0.03496	0.05926	0.05066	0.00645	0.00513	0.00162	0.00609	0.00539	0.00345	0.00717
4	0.06884	0.12919	0.21055	0.04117	0.06639	0.09668	0.01144	0.08856	0.08621	0.06788	0.01334	0.01406	0.05093	0.00572	0.00465	0.00151	0.00597	0.00438	0.02545	0.00709
5	0.05003	0.16505	0.15282	0.01279	0.07430	0.11084	0.03541	0.05594	0.04427	0.07896	0.06585	0.01500	0.01155	0.00608	0.00552	0.00154	0.05973	0.03037	0.01713	0.00683
6	0.05035	0.08701	0.21478	0.01293	0.08467	0.09506	0.01141	0.10615	0.08892	0.04877	0.08032	0.04671	0.01289	0.00618	0.00487	0.00153	0.00582	0.00492	0.00355	0.03316
7	0.08604	0.07463	0.15189	0.01170	0.04987	0.08124	0.04702	0.07165	0.09022	0.13511	0.03577	0.01651	0.07711	0.00615	0.00484	0.00153	0.00554	0.00492	0.00384	0.04441
8	0.09098	0.01274	0.09802	0.05901	0.13055	0.08214	0.01003	0.08219	0.07809	0.03476	0.10968	0.04463	0.03524	0.00657	0.00521	0.00155	0.02434	0.00534	0.03105	0.05786
9	0.06754	0.08012	0.13125	0.05080	0.06142	0.05204	0.04111	0.11803	0.07272	0.07014	0.05076	0.04088	0.01177	0.01740	0.00585	0.00163	0.05130	0.02124	0.00360	0.05040
10	0.08017	0.02696	0.03523	0.04609	0.29905	0.07978	0.05472	0.05018	0.10097	0.04182	0.05045	0.04653	0.01173	0.00578	0.00497	0.00154	0.00566	0.00508	0.00339	0.04988
11	0.28870	0.08492	0.09101	0.01214	0.11350	0.03079	0.00944	0.12620	0.05262	0.05615	0.01112	0.01214	0.02687	0.00619	0.02550	0.00169	0.00535	0.00394	0.00345	0.03826

[dist]
# distance from previous block
# <min> <max>
0	1

[block]
# block no. 9 follows, 48 sequences, length 7
# corresponding to MSA columns:
# 770-776
name=unknown_J
#
# <colnr> <probs for GDERKNQSTAVLIFYWHMCP>
#	G	D	E	R	K	N	Q	S	T	A	V	L	I	F	Y	W	H	M	C	P
0	0.13302	0.00571	0.00588	0.00577	0.00624	0.00594	0.00347	0.00859	0.00765	0.01188	0.01483	0.02984	0.01672	0.69908	0.02272	0.00447	0.00483	0.00677	0.00312	0.00347
1	0.01471	0.07992	0.04122	0.01604	0.18876	0.15196	0.04453	0.13007	0.12734	0.04183	0.01356	0.01448	0.04785	0.00584	0.00525	0.00150	0.02821	0.00470	0.00354	0.03868
2	0.00870	0.00528	0.00718	0.00691	0.00776	0.00487	0.00486	0.00792	0.00811	0.01109	0.01411	0.09429	0.05132	0.03900	0.01517	0.53216	0.00416	0.04596	0.00287	0.12829
3	0.03164	0.06301	0.15907	0.05993	0.21724	0.05246	0.14830	0.09572	0.03154	0.06065	0.01047	0.01244	0.00796	0.00505	0.00530	0.00158	0.02261	0.00455	0.00301	0.00748
4	0.12294	0.13826	0.12100	0.03177	0.23729	0.05008	0.03761	0.08392	0.05650	0.05916	0.01026	0.01169	0.00797	0.00502	0.00456	0.00150	0.00592	0.00405	0.00311	0.00738
5	0.01189	0.01021	0.03858	0.12845	0.03292	0.02423	0.03845	0.12733	0.19042	0.04862	0.15693	0.02499	0.07164	0.00790	0.00555	0.00171	0.00481	0.06422	0.00451	0.00666
6	0.00791	0.00651	0.00851	0.05282	0.12439	0.00603	0.00658	0.00964	0.01164	0.03917	0.06751	0.11563	0.47917	0.01135	0.00592	0.00174	0.00350	0.03247	0.00438	0.00512

[dist]
# distance from previous block
# <min> <max>
7	11

[block]
# block no. 10 follows, 48 sequences, length 10
# corresponding to MSA columns:
# 789-798
name=unknown_K
#
# <colnr> <probs for GDERKNQSTAVLIFYWHMCP>
#	G	D	E	R	K	N	Q	S	T	A	V	L	I	F	Y	W	H	M	C	P
0	0.17607	0.05940	0.08399	0.07002	0.10471	0.15773	0.05787	0.08146	0.01217	0.01767	0.00868	0.01066	0.00693	0.00515	0.00526	0.00150	0.05947	0.00379	0.00286	0.07462
1	0.11848	0.01830	0.38339	0.05130	0.01923	0.01184	0.06703	0.05326	0.12410	0.08687	0.01186	0.01274	0.00848	0.00533	0.00485	0.00164	0.00628	0.00432	0.00328	0.00742
2	0.00743	0.00726	0.06972	0.00735	0.00924	0.00575	0.00625	0.01016	0.06198	0.01510	0.05775	0.18472	0.35617	0.01229	0.00604	0.00186	0.00349	0.12744	0.04509	0.00491
3	0.01533	0.01176	0.01575	0.01351	0.08839	0.01186	0.10691	0.30687	0.06304	0.09039	0.01347	0.05669	0.01075	0.02763	0.00567	0.00157	0.00541	0.00527	0.00426	0.14548
4	0.00777	0.00568	0.00687	0.00704	0.00817	0.00545	0.00515	0.06958	0.01238	0.01659	0.19301	0.34705	0.16683	0.04425	0.00695	0.00198	0.00318	0.05790	0.02945	0.00472
5	0.01209	0.03842	0.08340	0.08101	0.58283	0.01213	0.05176	0.01540	0.01161	0.01645	0.03930	0.01351	0.00939	0.00484	0.00509	0.00154	0.00623	0.00470	0.00260	0.00768
6	0.01201	0.01148	0.01957	0.21038	0.61421	0.01201	0.01540	0.01514	0.01136	0.01592	0.00953	0.01293	0.00783	0.00470	0.00509	0.00157	0.00627	0.00457	0.00248	0.00757
7	0.00720	0.00560	0.00813	0.01071	0.12181	0.00534	0.00637	0.00841	0.01010	0.01364	0.02555	0.69853	0.03015	0.01439	0.00633	0.00200	0.00343	0.01312	0.00444	0.00475
8	0.03090	0.01195	0.04786	0.25060	0.22782	0.04818	0.13601	0.04295	0.01198	0.05307	0.01372	0.01622	0.07478	0.00561	0.00527	0.00163	0.00649	0.00525	0.00295	0.00676
9	0.01248	0.01220	0.01948	0.07831	0.67049	0.04565	0.01485	0.01539	0.01172	0.01622	0.01153	0.01433	0.04442	0.00503	0.00511	0.00154	0.00611	0.00481	0.00263	0.00770

[dist]
# distance from previous block
# <min> <max>
0	5

[block]
# block no. 11 follows, 48 sequences, length 7
# corresponding to MSA columns:
# 804-810
name=unknown_L
#
# <colnr> <probs for GDERKNQSTAVLIFYWHMCP>
#	G	D	E	R	K	N	Q	S	T	A	V	L	I	F	Y	W	H	M	C	P
0	0.00817	0.00615	0.00787	0.00901	0.06205	0.00607	0.00605	0.04782	0.05275	0.01559	0.06607	0.39890	0.11024	0.05596	0.00718	0.00207	0.00356	0.08274	0.04681	0.00496
1	0.11691	0.03587	0.01415	0.03348	0.13464	0.12785	0.00950	0.12654	0.08118	0.24929	0.01352	0.01350	0.00962	0.00567	0.00478	0.00153	0.00556	0.00441	0.00435	0.00766
2	0.01233	0.01654	0.26876	0.06883	0.23253	0.04293	0.12515	0.01622	0.01162	0.08092	0.01169	0.06819	0.00958	0.00564	0.00525	0.00163	0.00676	0.00523	0.00289	0.00731
3	0.00819	0.00640	0.00942	0.00995	0.06279	0.00746	0.00711	0.00995	0.00854	0.01256	0.01316	0.01967	0.01236	0.08343	0.57798	0.00663	0.08382	0.00543	0.05034	0.00483
4	0.01091	0.06478	0.03052	0.02777	0.06140	0.00941	0.07456	0.07388	0.05807	0.06224	0.06054	0.08773	0.09260	0.02787	0.11831	0.03458	0.02934	0.06571	0.00386	0.00591
5	0.01516	0.01323	0.09009	0.01518	0.13193	0.05067	0.09946	0.17847	0.06346	0.15011	0.01455	0.01664	0.02701	0.00882	0.07315	0.00218	0.00671	0.03160	0.00403	0.00755
6	0.01116	0.00975	0.03070	0.02356	0.03415	0.07710	0.04480	0.07001	0.01215	0.05948	0.15583	0.08831	0.03221	0.08644	0.08446	0.01804	0.08672	0.02339	0.00385	0.04790

[dist]
# distance from previous block
# <min> <max>
5	28

[block]
# block no. 12 follows, 48 sequences, length 12
# corresponding to MSA columns:
# 842-853
name=unknown_M
#
# <colnr> <probs for GDERKNQSTAVLIFYWHMCP>
#	G	D	E	R	K	N	Q	S	T	A	V	L	I	F	Y	W	H	M	C	P
0	0.05846	0.13402	0.30543	0.01534	0.13432	0.06228	0.03144	0.06165	0.04437	0.01694	0.03175	0.01184	0.00849	0.00535	0.00542	0.00155	0.05734	0.00407	0.00274	0.00718
1	0.01172	0.06682	0.31450	0.05024	0.34774	0.01261	0.04358	0.01654	0.05736	0.01642	0.01001	0.01218	0.00781	0.00483	0.00494	0.00156	0.00662	0.00429	0.00253	0.00769
2	0.01022	0.00701	0.00932	0.00874	0.03449	0.00671	0.05150	0.05729	0.04333	0.10858	0.09278	0.16463	0.18285	0.16596	0.00979	0.00239	0.00410	0.03038	0.00455	0.00535
3	0.01088	0.02853	0.04520	0.06525	0.10625	0.03028	0.02950	0.10625	0.03203	0.04526	0.08032	0.17975	0.05541	0.02254	0.07176	0.00234	0.00561	0.07275	0.00404	0.00603
4	0.04734	0.09032	0.03827	0.03208	0.18819	0.06980	0.01012	0.13158	0.03969	0.19665	0.07407	0.01559	0.01253	0.02491	0.00540	0.00159	0.00540	0.00484	0.00414	0.00750
5	0.01129	0.01096	0.06250	0.09567	0.41006	0.01024	0.01255	0.05488	0.01215	0.03222	0.03849	0.09587	0.07904	0.00724	0.00543	0.00167	0.00542	0.04406	0.00331	0.00694
6	0.00768	0.00545	0.00661	0.00724	0.05294	0.00540	0.00408	0.00809	0.00828	0.01107	0.04734	0.03313	0.06750	0.66720	0.04408	0.00452	0.00504	0.00752	0.00327	0.00360
7	0.11200	0.06430	0.10268	0.01304	0.04854	0.27334	0.07542	0.08380	0.01336	0.06344	0.01182	0.01435	0.03655	0.00594	0.00508	0.00154	0.02582	0.03918	0.00322	0.00659
8	0.01269	0.06399	0.06289	0.07206	0.58580	0.01264	0.03898	0.01578	0.01146	0.03779	0.00967	0.01250	0.00794	0.00478	0.00533	0.00154	0.02933	0.00447	0.00258	0.00777
9	0.01255	0.06196	0.09045	0.06815	0.52292	0.02851	0.03504	0.01596	0.02956	0.03875	0.01070	0.04327	0.00907	0.00517	0.00504	0.00155	0.00615	0.00483	0.00273	0.00764
10	0.00666	0.00608	0.05337	0.00711	0.00828	0.00479	0.00548	0.00823	0.01114	0.01488	0.17838	0.47782	0.17126	0.01376	0.00626	0.00190	0.00308	0.01223	0.00478	0.00453
11	0.03835	0.01302	0.01596	0.03303	0.30815	0.12031	0.01144	0.11127	0.04133	0.07084	0.02902	0.01438	0.00993	0.05730	0.00772	0.00182	0.10092	0.00472	0.00333	0.00714

[dist]
# distance from previous block
# <min> <max>
8	17

[block]
# block no. 13 follows, 48 sequences, length 6
# corresponding to MSA columns:
# 873-878
name=unknown_N
#
# <colnr> <probs for GDERKNQSTAVLIFYWHMCP>
#	G	D	E	R	K	N	Q	S	T	A	V	L	I	F	Y	W	H	M	C	P
0	0.12358	0.26497	0.28609	0.01140	0.01646	0.12469	0.01211	0.07758	0.01203	0.01665	0.00838	0.00962	0.00660	0.00487	0.00416	0.00141	0.00655	0.00334	0.00261	0.00688
1	0.01038	0.01020	0.05735	0.16162	0.34887	0.00974	0.01186	0.01356	0.03564	0.01588	0.05380	0.05597	0.09143	0.03476	0.00592	0.00172	0.00526	0.00601	0.06350	0.00652
2	0.01034	0.01097	0.15077	0.00874	0.01150	0.06868	0.00808	0.01327	0.01387	0.09702	0.50587	0.02895	0.03392	0.00864	0.00564	0.00159	0.00409	0.00740	0.00485	0.00582
3	0.01239	0.01079	0.01748	0.09891	0.41511	0.01100	0.06656	0.04171	0.07308	0.06325	0.10018	0.01767	0.03716	0.00588	0.00531	0.00159	0.00555	0.00553	0.00346	0.00737
4	0.00903	0.07385	0.05273	0.08221	0.01229	0.04317	0.00734	0.01071	0.01061	0.04909	0.02236	0.46253	0.04580	0.01191	0.00583	0.00184	0.00426	0.05414	0.00409	0.03621
5	0.01015	0.02891	0.07076	0.00986	0.07211	0.00734	0.00756	0.02782	0.06725	0.07990	0.23190	0.12659	0.06121	0.00955	0.00582	0.01718	0.00383	0.06815	0.08828	0.00581

[dist]
# distance from previous block
# <min> <max>
0	531

# created by:
# /home/cegg/simao/soft/augustus-3.2.1/scripts/msa2prfl.pl ./align_prep/EOG091G0L4Z.fa
