[name]
unknown

[dist]
# distance from previous block
# <min> <max>
0	179

[block]
# block no. 0 follows, 47 sequences, length 58
# corresponding to MSA columns:
# 179-223,229-241
name=unknown_A
#
# <colnr> <probs for GDERKNQSTAVLIFYWHMCP>
#	G	D	E	R	K	N	Q	S	T	A	V	L	I	F	Y	W	H	M	C	P
0	0.07034	0.04867	0.10025	0.02239	0.05006	0.07000	0.03910	0.13397	0.03335	0.07028	0.03259	0.12115	0.03766	0.00759	0.00576	0.00164	0.04615	0.02962	0.00385	0.07558
1	0.02557	0.05135	0.04663	0.03061	0.36874	0.03546	0.02231	0.05311	0.04676	0.09186	0.07245	0.01517	0.01207	0.00557	0.00527	0.00151	0.02339	0.00485	0.01705	0.07027
2	0.01114	0.06171	0.45394	0.01429	0.07936	0.01165	0.03194	0.01670	0.07629	0.01686	0.01029	0.01176	0.00777	0.00485	0.00472	0.00145	0.00644	0.00393	0.00268	0.17221
3	0.00951	0.00898	0.04499	0.11914	0.14699	0.02919	0.00913	0.01314	0.06665	0.01839	0.38842	0.03904	0.04196	0.00887	0.02185	0.00177	0.00450	0.00725	0.00434	0.01588
4	0.01405	0.74199	0.02588	0.00908	0.01345	0.05819	0.00884	0.01573	0.01080	0.01250	0.00738	0.00852	0.00673	0.00447	0.00343	0.00111	0.00568	0.00283	0.00229	0.04706
5	0.04385	0.00647	0.00643	0.00645	0.00801	0.04396	0.00472	0.00909	0.02179	0.01507	0.11854	0.20667	0.42794	0.02719	0.00636	0.00183	0.00319	0.01057	0.00468	0.02718
6	0.00795	0.00612	0.00903	0.00855	0.00957	0.00680	0.04328	0.01008	0.04152	0.01230	0.01463	0.02309	0.01419	0.20658	0.55436	0.00703	0.01132	0.00606	0.00297	0.00459
7	0.00988	0.00936	0.01608	0.71204	0.05402	0.01135	0.05013	0.01328	0.01052	0.01357	0.01017	0.04842	0.00821	0.00563	0.00531	0.00175	0.00684	0.00514	0.00245	0.00584
8	0.01349	0.59480	0.06888	0.05004	0.05212	0.04469	0.01025	0.01610	0.04371	0.01322	0.00819	0.00966	0.00717	0.00490	0.00441	0.00129	0.04464	0.00326	0.00240	0.00677
9	0.01315	0.01093	0.01159	0.01028	0.01317	0.01250	0.00803	0.09166	0.63908	0.02262	0.05674	0.01975	0.01676	0.00712	0.00526	0.00172	0.00411	0.00591	0.04164	0.00799
10	0.01091	0.00801	0.01023	0.00943	0.06331	0.00725	0.00654	0.05595	0.04803	0.02771	0.02154	0.02958	0.01026	0.03284	0.03068	0.27135	0.00462	0.00442	0.00314	0.34422
11	0.00818	0.04121	0.00853	0.00801	0.04554	0.00632	0.00568	0.04695	0.01375	0.01869	0.44330	0.14204	0.17001	0.01109	0.00600	0.00169	0.00304	0.00968	0.00512	0.00516
12	0.01052	0.00961	0.01523	0.69287	0.03281	0.01166	0.01358	0.05115	0.04782	0.01483	0.00999	0.01395	0.00750	0.00529	0.00515	0.00169	0.00661	0.00462	0.00263	0.04248
13	0.04396	0.00650	0.04583	0.00783	0.00887	0.00623	0.00605	0.00913	0.00869	0.01263	0.01702	0.18761	0.01808	0.19292	0.39838	0.00575	0.00908	0.00771	0.00328	0.00444
14	0.04713	0.00498	0.00620	0.00717	0.00784	0.00473	0.00502	0.00791	0.01027	0.01402	0.03034	0.63569	0.11802	0.01527	0.00646	0.00207	0.00315	0.06461	0.00475	0.00436
15	0.73518	0.00956	0.00779	0.04599	0.01098	0.01105	0.00589	0.01492	0.00913	0.02251	0.00824	0.00973	0.00641	0.00496	0.00336	0.00158	0.00403	0.00309	0.08003	0.00558
16	0.00778	0.00799	0.09649	0.00910	0.01079	0.00714	0.00794	0.01011	0.00867	0.01259	0.01343	0.01939	0.01230	0.03521	0.70713	0.00761	0.01324	0.00538	0.00272	0.00499
17	0.02074	0.01044	0.01271	0.00999	0.01384	0.01033	0.00817	0.19849	0.12600	0.48535	0.01868	0.01679	0.01239	0.00648	0.00520	0.00161	0.00465	0.00519	0.02422	0.00869
18	0.01963	0.02410	0.01464	0.01323	0.01597	0.76069	0.00995	0.02100	0.01476	0.04754	0.00861	0.00977	0.00699	0.00541	0.00472	0.00135	0.00917	0.00344	0.00285	0.00616
19	0.01054	0.02416	0.66708	0.01402	0.02085	0.01184	0.01735	0.01734	0.09709	0.01695	0.01155	0.04797	0.00890	0.00570	0.00506	0.00168	0.00708	0.00457	0.00267	0.00760
20	0.00722	0.00531	0.00676	0.00642	0.00769	0.00485	0.00481	0.00953	0.01435	0.02001	0.68893	0.05275	0.12993	0.01102	0.00615	0.00166	0.00249	0.00968	0.00562	0.00485
21	0.75854	0.00945	0.00756	0.00684	0.00970	0.01088	0.00551	0.01435	0.00863	0.02175	0.00745	0.00929	0.00602	0.00633	0.00515	0.09708	0.00408	0.00301	0.00311	0.00526
22	0.01148	0.02590	0.66763	0.01436	0.02136	0.10024	0.01762	0.01683	0.01141	0.01609	0.00920	0.01081	0.00666	0.00495	0.00487	0.00158	0.00772	0.00376	0.00229	0.04526
23	0.02173	0.01137	0.04805	0.01032	0.01456	0.01037	0.00884	0.24490	0.01757	0.52954	0.01766	0.01587	0.01141	0.00632	0.00522	0.00160	0.00496	0.00501	0.00589	0.00881
24	0.00746	0.00504	0.00585	0.00589	0.00605	0.00498	0.00347	0.00780	0.00855	0.01154	0.10356	0.09022	0.02344	0.66898	0.02279	0.00445	0.00461	0.00830	0.00357	0.00343
25	0.00974	0.00890	0.01449	0.64965	0.05952	0.01066	0.01287	0.01275	0.01016	0.01325	0.01008	0.01598	0.00838	0.09664	0.00755	0.00206	0.00656	0.00489	0.00245	0.04342
26	0.08350	0.01071	0.01219	0.02672	0.01370	0.01078	0.00788	0.28252	0.01659	0.22018	0.01799	0.01750	0.09657	0.00665	0.00523	0.00150	0.02290	0.00514	0.00487	0.13691
27	0.00750	0.00554	0.00772	0.04349	0.00967	0.00548	0.02477	0.00883	0.01064	0.03431	0.11050	0.52543	0.06769	0.05677	0.00791	0.00217	0.03365	0.02871	0.00462	0.00459
28	0.00707	0.00533	0.00654	0.00628	0.00765	0.00480	0.00474	0.00921	0.01390	0.01891	0.56563	0.04243	0.24733	0.01143	0.00617	0.00169	0.00256	0.02810	0.00547	0.00477
29	0.05712	0.01088	0.01271	0.02507	0.05320	0.03481	0.00815	0.09854	0.01198	0.01822	0.00913	0.01108	0.00758	0.00510	0.00613	0.00121	0.12795	0.00360	0.00316	0.49439
30	0.01149	0.00831	0.01155	0.07632	0.15566	0.02333	0.00851	0.05030	0.03377	0.11565	0.29756	0.13168	0.02749	0.00885	0.00572	0.00167	0.00419	0.00784	0.00472	0.01538
31	0.13108	0.01257	0.01358	0.09342	0.09127	0.10040	0.01821	0.20157	0.07889	0.11099	0.02791	0.01504	0.04097	0.00636	0.00528	0.02086	0.00559	0.00477	0.00412	0.01712
32	0.00778	0.00508	0.00692	0.00706	0.00781	0.00497	0.00506	0.00867	0.01052	0.03187	0.22873	0.22555	0.06296	0.05159	0.13445	0.16928	0.00501	0.01830	0.00422	0.00417
33	0.00737	0.00533	0.00701	0.00662	0.00784	0.00497	0.00497	0.00981	0.01450	0.02055	0.75292	0.03821	0.04778	0.01171	0.03581	0.00189	0.00289	0.00927	0.00562	0.00490
34	0.05128	0.00854	0.01085	0.18177	0.03535	0.06119	0.00839	0.01218	0.02595	0.03500	0.01048	0.01484	0.00897	0.01175	0.05823	0.25904	0.09922	0.00454	0.09768	0.00475
35	0.08330	0.00693	0.00872	0.00784	0.00994	0.00652	0.00595	0.02729	0.01242	0.29960	0.13713	0.24295	0.02422	0.07263	0.02841	0.00220	0.00403	0.00852	0.00525	0.00615
36	0.05816	0.01302	0.01374	0.01083	0.01453	0.01442	0.00886	0.59030	0.07869	0.03002	0.01341	0.01361	0.00974	0.00622	0.00494	0.00154	0.00516	0.00471	0.09989	0.00820
37	0.00923	0.00595	0.00879	0.00847	0.00975	0.00664	0.00664	0.01111	0.00911	0.09957	0.01469	0.02015	0.01300	0.03538	0.70716	0.00761	0.01288	0.00554	0.00320	0.00512
38	0.29885	0.00768	0.00828	0.00741	0.00973	0.00790	0.00581	0.02820	0.01155	0.17374	0.17194	0.07690	0.01938	0.00898	0.00655	0.09713	0.00378	0.02526	0.02526	0.00567
39	0.00751	0.00548	0.00701	0.00672	0.00798	0.00510	0.00505	0.02578	0.01434	0.01998	0.64060	0.09503	0.09661	0.01124	0.00619	0.00170	0.00265	0.03057	0.00557	0.00491
40	0.02142	0.00906	0.01167	0.00908	0.01280	0.00830	0.00746	0.10772	0.01554	0.61608	0.01924	0.01733	0.01249	0.00638	0.00505	0.00156	0.00435	0.00513	0.10094	0.00841
41	0.03679	0.01135	0.01201	0.01000	0.01306	0.01258	0.00792	0.34925	0.26056	0.02522	0.03201	0.01921	0.05524	0.06695	0.00673	0.00188	0.00467	0.00568	0.06132	0.00757
42	0.22641	0.01030	0.01194	0.01152	0.09925	0.01077	0.00820	0.17135	0.05211	0.21179	0.06251	0.07465	0.01375	0.00683	0.00488	0.00164	0.00455	0.00546	0.00473	0.00736
43	0.00883	0.00659	0.00919	0.00878	0.01007	0.00760	0.00689	0.09473	0.01019	0.01443	0.01379	0.01956	0.01255	0.03536	0.70716	0.00760	0.01302	0.00548	0.00306	0.00512
44	0.00929	0.00572	0.00750	0.00688	0.00842	0.00525	0.00527	0.01169	0.01454	0.10718	0.64703	0.03631	0.04319	0.01010	0.00597	0.00164	0.00274	0.02858	0.03733	0.00535
45	0.00874	0.00593	0.00713	0.00722	0.00839	0.00591	0.00522	0.03759	0.09060	0.03851	0.19337	0.35629	0.04051	0.03004	0.00628	0.00186	0.00309	0.01029	0.13788	0.00516
46	0.02242	0.00952	0.01241	0.00961	0.01358	0.00873	0.00794	0.10882	0.03726	0.66848	0.01977	0.01787	0.01281	0.00657	0.00527	0.00162	0.00458	0.01769	0.00625	0.00878
47	0.01392	0.82012	0.02729	0.00891	0.01337	0.02061	0.00891	0.01559	0.01058	0.01225	0.00724	0.00835	0.00668	0.00446	0.00334	0.00111	0.00557	0.00278	0.00223	0.00668
48	0.01705	0.01010	0.01188	0.00973	0.01332	0.01018	0.00779	0.06272	0.33434	0.32391	0.03549	0.01785	0.01414	0.00649	0.00513	0.00158	0.00426	0.00533	0.00551	0.10321
49	0.02663	0.00731	0.00854	0.02444	0.01016	0.02574	0.00581	0.03002	0.02648	0.15434	0.22332	0.05370	0.16682	0.06424	0.01773	0.00189	0.00379	0.02150	0.02682	0.10072
50	0.01397	0.46466	0.02104	0.00985	0.01307	0.05294	0.00880	0.12407	0.01211	0.01507	0.00902	0.01232	0.00840	0.09699	0.00815	0.00179	0.11464	0.00387	0.00279	0.00644
51	0.01380	0.01287	0.02039	0.02935	0.68286	0.02812	0.01518	0.10076	0.01334	0.01871	0.01007	0.01278	0.00829	0.00484	0.00515	0.00154	0.00620	0.00462	0.00288	0.00827
52	0.41725	0.01022	0.01022	0.00896	0.03075	0.01110	0.00704	0.12396	0.07709	0.16987	0.05460	0.03504	0.01155	0.00615	0.00436	0.00163	0.00429	0.00453	0.00446	0.00691
53	0.04464	0.00938	0.01356	0.04993	0.30200	0.02859	0.01845	0.05403	0.03223	0.02719	0.07043	0.20964	0.01811	0.03592	0.02406	0.03920	0.00516	0.00751	0.00365	0.00630
54	0.01186	0.01231	0.08042	0.07378	0.47386	0.02871	0.01366	0.01509	0.02494	0.01656	0.01153	0.05529	0.01000	0.00577	0.00568	0.00160	0.04880	0.00512	0.09775	0.00727
55	0.01632	0.02689	0.04001	0.00990	0.01321	0.00853	0.05036	0.05606	0.07920	0.37041	0.11828	0.04740	0.04818	0.00815	0.00563	0.00172	0.00453	0.08233	0.00546	0.00740
56	0.10350	0.03301	0.01251	0.10039	0.06309	0.02779	0.02977	0.09170	0.01178	0.12292	0.02653	0.01629	0.01085	0.03638	0.23972	0.03471	0.02441	0.00492	0.00353	0.00618
57	0.01510	0.04502	0.11572	0.04195	0.15993	0.05289	0.11676	0.02974	0.02978	0.22423	0.02446	0.03477	0.03144	0.00643	0.00570	0.02253	0.00610	0.02615	0.00387	0.00744

[dist]
# distance from previous block
# <min> <max>
3	11

[block]
# block no. 1 follows, 47 sequences, length 41
# corresponding to MSA columns:
# 254-294
name=unknown_B
#
# <colnr> <probs for GDERKNQSTAVLIFYWHMCP>
#	G	D	E	R	K	N	Q	S	T	A	V	L	I	F	Y	W	H	M	C	P
0	0.07031	0.03698	0.01615	0.27296	0.19862	0.01241	0.02880	0.08543	0.05727	0.03460	0.01072	0.01369	0.00847	0.00738	0.04889	0.00204	0.06314	0.00463	0.02072	0.00681
1	0.01352	0.04505	0.01409	0.11912	0.07184	0.09764	0.02193	0.10447	0.19331	0.05065	0.08707	0.01711	0.01408	0.02416	0.02463	0.00181	0.02936	0.00521	0.00399	0.06096
2	0.03721	0.01035	0.01533	0.21012	0.25563	0.01149	0.01193	0.06720	0.09355	0.04615	0.05016	0.02737	0.02665	0.00836	0.05782	0.00213	0.05293	0.00530	0.00337	0.00696
3	0.04698	0.01277	0.06185	0.27022	0.18152	0.06388	0.16581	0.03760	0.01173	0.01602	0.01030	0.01434	0.00824	0.00643	0.03515	0.00191	0.00733	0.02114	0.02010	0.00667
4	0.00954	0.00673	0.00819	0.02892	0.00997	0.00655	0.00586	0.01363	0.13532	0.08489	0.35665	0.09598	0.16044	0.01030	0.00589	0.00170	0.00317	0.02005	0.00532	0.03089
5	0.09528	0.00733	0.00905	0.00887	0.04971	0.00718	0.00634	0.01536	0.07303	0.20454	0.18427	0.14700	0.04679	0.06607	0.00695	0.00195	0.00373	0.02231	0.03812	0.00613
6	0.00936	0.00783	0.03866	0.00998	0.08433	0.00728	0.00700	0.06246	0.02971	0.03998	0.25374	0.12276	0.16831	0.06971	0.00827	0.02049	0.04142	0.00867	0.00457	0.00547
7	0.01710	0.01102	0.07241	0.01153	0.06916	0.00978	0.00917	0.09752	0.15182	0.34818	0.10914	0.02017	0.01694	0.00699	0.00537	0.00166	0.00466	0.02396	0.00538	0.00805
8	0.10736	0.00817	0.00924	0.00805	0.01052	0.00832	0.00632	0.08081	0.12152	0.17284	0.20768	0.02719	0.09088	0.06568	0.00686	0.00191	0.00382	0.03264	0.02378	0.00641
9	0.17429	0.00850	0.00928	0.00815	0.01072	0.00891	0.00646	0.06231	0.16468	0.13875	0.25831	0.02468	0.04455	0.00796	0.00518	0.00166	0.00365	0.02672	0.02870	0.00653
10	0.01365	0.75766	0.08735	0.00938	0.01409	0.01994	0.00972	0.01566	0.01061	0.01259	0.00741	0.00856	0.00668	0.00449	0.00347	0.00116	0.00574	0.00287	0.00223	0.00676
11	0.01319	0.00981	0.01092	0.00966	0.01241	0.01079	0.00754	0.03851	0.51907	0.11140	0.17324	0.02299	0.02206	0.00769	0.00546	0.00172	0.00386	0.00649	0.00552	0.00766
12	0.00738	0.00486	0.00615	0.00682	0.00717	0.00462	0.00440	0.00804	0.00939	0.04153	0.02444	0.53283	0.02864	0.27344	0.01298	0.00304	0.00373	0.01212	0.00436	0.00406
13	0.00706	0.00525	0.00639	0.00670	0.00774	0.00489	0.00483	0.00908	0.03891	0.01615	0.25262	0.31266	0.19868	0.04101	0.00696	0.00197	0.00293	0.04040	0.03116	0.00461
14	0.00905	0.00452	0.00678	0.00678	0.00678	0.00452	0.00452	0.00678	0.00678	0.00905	0.00905	0.01583	0.00905	0.01809	0.02035	0.84848	0.00452	0.00452	0.00226	0.00226
15	0.01229	0.01405	0.03073	0.02195	0.02722	0.01317	0.76558	0.01668	0.01229	0.01668	0.01054	0.01405	0.00790	0.00439	0.00615	0.00176	0.00878	0.00615	0.00263	0.00702
16	0.19210	0.01049	0.01133	0.00953	0.01276	0.01121	0.00782	0.24761	0.08819	0.17637	0.01699	0.02109	0.03354	0.03540	0.00583	0.00184	0.00474	0.10098	0.00491	0.00728
17	0.00670	0.00469	0.00598	0.00682	0.00708	0.00447	0.00440	0.00743	0.00952	0.01274	0.05221	0.58476	0.03096	0.22295	0.01176	0.00286	0.00353	0.01275	0.00443	0.00398
18	0.02336	0.00886	0.01209	0.00927	0.01329	0.00765	0.00765	0.02538	0.01491	0.78810	0.02055	0.01773	0.01289	0.00645	0.00524	0.00161	0.00443	0.00524	0.00645	0.00886
19	0.01980	0.01459	0.01563	0.01198	0.01615	0.01615	0.00990	0.76713	0.02448	0.03282	0.01250	0.01250	0.00886	0.00625	0.00521	0.00156	0.00573	0.00469	0.00521	0.00886
20	0.00726	0.00532	0.00681	0.00644	0.00771	0.00487	0.00483	0.00962	0.01449	0.02028	0.71703	0.03990	0.11424	0.01087	0.00614	0.00165	0.00247	0.00956	0.00565	0.00487
21	0.01267	0.00684	0.00823	0.00713	0.00966	0.00601	0.00565	0.04024	0.01368	0.27829	0.12474	0.03675	0.38827	0.01040	0.00584	0.00171	0.00339	0.02886	0.00550	0.00614
22	0.00631	0.00528	0.00549	0.00543	0.00713	0.00446	0.00408	0.00777	0.01223	0.01492	0.14344	0.04872	0.69117	0.01287	0.00615	0.00174	0.00262	0.01080	0.00495	0.00446
23	0.01080	0.00926	0.01080	0.00771	0.01234	0.00694	0.00617	0.01311	0.01080	0.01697	0.00926	0.01080	0.00771	0.00386	0.00386	0.00077	0.00386	0.00309	0.00309	0.84882
24	0.85377	0.01007	0.00765	0.00685	0.01007	0.01168	0.00564	0.01531	0.00886	0.02336	0.00725	0.00846	0.00564	0.00483	0.00322	0.00161	0.00403	0.00282	0.00322	0.00564
25	0.00735	0.00502	0.00592	0.00608	0.00626	0.00499	0.00366	0.00770	0.00832	0.01114	0.04601	0.14513	0.03995	0.61182	0.06531	0.00462	0.00511	0.00864	0.00351	0.00348
26	0.01227	0.01047	0.01119	0.01011	0.01284	0.01197	0.00784	0.02550	0.68259	0.02167	0.11372	0.02180	0.01994	0.00750	0.00540	0.00175	0.00392	0.00632	0.00535	0.00784
27	0.00615	0.00528	0.00528	0.00528	0.00703	0.00440	0.00396	0.00747	0.01187	0.01407	0.05276	0.05012	0.78238	0.01319	0.00615	0.00176	0.00264	0.01099	0.00484	0.00440
28	0.01945	0.02482	0.01476	0.01342	0.01610	0.79608	0.01006	0.02079	0.01476	0.01275	0.00805	0.00939	0.00671	0.00537	0.00470	0.00134	0.00939	0.00335	0.00268	0.00604
29	0.00983	0.00926	0.01562	0.80447	0.03587	0.01157	0.01446	0.01331	0.01041	0.01331	0.00926	0.01388	0.00694	0.00521	0.00521	0.00174	0.00694	0.00463	0.00231	0.00579
30	0.00686	0.00534	0.00603	0.00608	0.00751	0.00478	0.00452	0.00882	0.03112	0.01615	0.23161	0.14025	0.43227	0.01252	0.00612	0.00177	0.00273	0.03135	0.03954	0.00463
31	0.01001	0.00545	0.00550	0.00539	0.00677	0.00561	0.00407	0.01359	0.08228	0.01964	0.01738	0.01942	0.01359	0.00616	0.00380	0.00127	0.00259	0.00495	0.76740	0.00517
32	0.01876	0.00807	0.01121	0.00989	0.05213	0.00729	0.00736	0.02045	0.02973	0.53568	0.04096	0.04837	0.01422	0.02723	0.02911	0.11638	0.00469	0.00567	0.00540	0.00739
33	0.17956	0.00817	0.00947	0.00821	0.01094	0.00804	0.00641	0.03853	0.06096	0.33771	0.03675	0.17984	0.03598	0.04825	0.00622	0.00190	0.00402	0.00709	0.00517	0.00677
34	0.01665	0.01225	0.01305	0.01062	0.01398	0.03608	0.00851	0.39570	0.20269	0.09140	0.07808	0.01832	0.03074	0.04016	0.00619	0.00176	0.00498	0.00562	0.00521	0.00798
35	0.09542	0.02705	0.01241	0.07889	0.09152	0.10288	0.05878	0.01354	0.03385	0.05290	0.01737	0.31584	0.01812	0.01046	0.02912	0.00199	0.02204	0.00831	0.00375	0.00575
36	0.00994	0.00737	0.01009	0.07404	0.04483	0.00829	0.00739	0.07715	0.03404	0.04205	0.03055	0.02143	0.01365	0.18701	0.34235	0.03040	0.04515	0.00580	0.00326	0.00520
37	0.00886	0.00585	0.00773	0.00758	0.00881	0.00552	0.02583	0.01100	0.05247	0.09156	0.19308	0.36907	0.08994	0.08795	0.00813	0.00218	0.00341	0.01100	0.00500	0.00504
38	0.00710	0.00558	0.00860	0.00871	0.00952	0.00525	0.08206	0.00834	0.01011	0.01349	0.02598	0.65547	0.03055	0.06979	0.00797	0.00229	0.00380	0.03645	0.00449	0.00446
39	0.15819	0.02535	0.01478	0.19591	0.19992	0.04556	0.03153	0.05529	0.08701	0.04672	0.01169	0.03577	0.00938	0.00635	0.02230	0.00177	0.00583	0.00474	0.03509	0.00681
40	0.01178	0.03254	0.01767	0.26932	0.29806	0.01182	0.05512	0.03864	0.05151	0.03221	0.01164	0.04742	0.00987	0.00663	0.02434	0.00183	0.03032	0.02054	0.00294	0.02580

[dist]
# distance from previous block
# <min> <max>
0	4

[block]
# block no. 2 follows, 47 sequences, length 41
# corresponding to MSA columns:
# 299-339
name=unknown_C
#
# <colnr> <probs for GDERKNQSTAVLIFYWHMCP>
#	G	D	E	R	K	N	Q	S	T	A	V	L	I	F	Y	W	H	M	C	P
0	0.00898	0.00667	0.00848	0.04951	0.05367	0.03204	0.00625	0.03001	0.01130	0.03642	0.15666	0.25447	0.11536	0.01270	0.00863	0.15781	0.00389	0.00908	0.00418	0.03389
1	0.01232	0.00963	0.01203	0.03348	0.06535	0.00851	0.00765	0.06265	0.03148	0.08019	0.03691	0.04069	0.01069	0.00530	0.00502	0.00114	0.04205	0.00427	0.00360	0.52704
2	0.05937	0.00812	0.01124	0.01258	0.14880	0.00785	0.03249	0.04565	0.03103	0.05886	0.08890	0.23359	0.04980	0.03650	0.00635	0.00184	0.00429	0.06887	0.00423	0.08964
3	0.05123	0.01120	0.01196	0.07827	0.07492	0.12236	0.00841	0.05255	0.05870	0.11498	0.01594	0.10660	0.04934	0.00735	0.00543	0.02462	0.00517	0.01708	0.00388	0.18001
4	0.02656	0.00980	0.01152	0.07477	0.06032	0.07306	0.02826	0.03559	0.15721	0.10679	0.19165	0.06305	0.05196	0.03189	0.00615	0.00177	0.00465	0.03015	0.00462	0.03023
5	0.04704	0.00989	0.01535	0.47513	0.04814	0.01132	0.06852	0.09993	0.01245	0.06352	0.01237	0.03725	0.02936	0.00587	0.00519	0.00169	0.00623	0.00517	0.03922	0.00635
6	0.01315	0.01309	0.01948	0.03898	0.55835	0.07914	0.04940	0.01651	0.04066	0.01675	0.01004	0.01268	0.00831	0.00471	0.00503	0.00147	0.00627	0.00448	0.00274	0.09877
7	0.03407	0.00521	0.00708	0.00700	0.00748	0.00533	0.00486	0.00859	0.05328	0.01132	0.04934	0.03905	0.05662	0.01732	0.05233	0.62500	0.00467	0.00546	0.00287	0.00312
8	0.02812	0.00720	0.00800	0.00774	0.00963	0.00736	0.00589	0.01476	0.24231	0.04298	0.12975	0.16281	0.25602	0.01117	0.00593	0.00183	0.00332	0.04428	0.00511	0.00579
9	0.01373	0.01055	0.01166	0.00980	0.01315	0.01113	0.00774	0.09562	0.44125	0.08802	0.07143	0.01837	0.01577	0.00659	0.00508	0.00154	0.00414	0.00544	0.00501	0.16400
10	0.01205	0.01024	0.01100	0.00994	0.01261	0.01166	0.00771	0.02479	0.65236	0.02164	0.14395	0.02257	0.02126	0.00764	0.00544	0.00175	0.00385	0.00646	0.00537	0.00771
11	0.14570	0.00844	0.01006	0.00831	0.01146	0.00805	0.00668	0.06370	0.02518	0.41539	0.08561	0.08277	0.09057	0.00797	0.00520	0.00167	0.00399	0.00649	0.00552	0.00724
12	0.00675	0.00518	0.00615	0.00624	0.00748	0.00463	0.00458	0.00842	0.01251	0.01644	0.32112	0.17937	0.33337	0.03367	0.00680	0.00188	0.00276	0.03299	0.00513	0.00454
13	0.80011	0.00986	0.00770	0.00686	0.01004	0.01133	0.00564	0.01552	0.00912	0.04729	0.00799	0.00911	0.00612	0.00493	0.00330	0.00160	0.00399	0.00296	0.03081	0.00572
14	0.00634	0.00456	0.00602	0.00719	0.00754	0.00424	0.00481	0.00726	0.01003	0.01332	0.02945	0.78976	0.05778	0.01622	0.00663	0.00210	0.00301	0.01469	0.00483	0.00424
15	0.07413	0.00868	0.01011	0.00870	0.01134	0.00875	0.00679	0.16596	0.06076	0.24744	0.04128	0.20082	0.03962	0.03417	0.00604	0.00182	0.00412	0.00752	0.05508	0.00689
16	0.01558	0.00985	0.01110	0.00927	0.01214	0.01037	0.00743	0.30724	0.08447	0.14376	0.05841	0.08230	0.01598	0.00766	0.00515	0.00160	0.00430	0.03395	0.17216	0.00728
17	0.00615	0.00528	0.00528	0.00528	0.00703	0.00440	0.00396	0.00747	0.01187	0.01407	0.05276	0.05012	0.78238	0.01319	0.00615	0.00176	0.00264	0.01099	0.00484	0.00440
18	0.01080	0.00926	0.01080	0.00771	0.01234	0.00694	0.00617	0.01311	0.01080	0.01697	0.00926	0.01080	0.00771	0.00386	0.00386	0.00077	0.00386	0.00309	0.00309	0.84882
19	0.02067	0.00513	0.00590	0.00602	0.00660	0.00490	0.00387	0.00798	0.00981	0.01317	0.14474	0.16049	0.15246	0.41704	0.01641	0.00345	0.00390	0.00950	0.00411	0.00385
20	0.00615	0.00528	0.00528	0.00528	0.00703	0.00440	0.00396	0.00747	0.01187	0.01407	0.05276	0.05012	0.78238	0.01319	0.00615	0.00176	0.00264	0.01099	0.00484	0.00440
21	0.00644	0.00529	0.00567	0.00557	0.00721	0.00452	0.00418	0.00802	0.01254	0.01566	0.22318	0.04750	0.61096	0.01259	0.00615	0.00173	0.00260	0.01062	0.00505	0.00452
22	0.03732	0.01179	0.01725	0.06629	0.25226	0.01393	0.03481	0.07469	0.06906	0.01682	0.00961	0.01268	0.00814	0.00672	0.00980	0.00185	0.32059	0.00466	0.00289	0.02884
23	0.01080	0.00926	0.01080	0.00771	0.01234	0.00694	0.00617	0.01311	0.01080	0.01697	0.00926	0.01080	0.00771	0.00386	0.00386	0.00077	0.00386	0.00309	0.00309	0.84882
24	0.00615	0.00528	0.00528	0.00528	0.00703	0.00440	0.00396	0.00747	0.01187	0.01407	0.05276	0.05012	0.78238	0.01319	0.00615	0.00176	0.00264	0.01099	0.00484	0.00440
25	0.01392	0.82012	0.02729	0.00891	0.01337	0.02061	0.00891	0.01559	0.01058	0.01225	0.00724	0.00835	0.00668	0.00446	0.00334	0.00111	0.00557	0.00278	0.00223	0.00668
26	0.01292	0.01179	0.01504	0.30954	0.08456	0.09083	0.01185	0.07828	0.07714	0.05470	0.02973	0.03796	0.01006	0.00662	0.00728	0.00177	0.14511	0.00505	0.00322	0.00655
27	0.22327	0.00941	0.00962	0.00845	0.01083	0.01025	0.00650	0.23347	0.04703	0.03884	0.01664	0.13874	0.04035	0.15323	0.00884	0.00232	0.00455	0.02732	0.00430	0.00605
28	0.00759	0.00561	0.00712	0.00669	0.00803	0.00528	0.00503	0.01059	0.05174	0.02060	0.70969	0.03849	0.08263	0.01059	0.00610	0.00165	0.00255	0.00932	0.00567	0.00505
29	0.01309	0.55500	0.13249	0.01039	0.01471	0.01827	0.01057	0.01643	0.07551	0.01369	0.00868	0.00999	0.00747	0.00523	0.00517	0.00137	0.08922	0.00338	0.00249	0.00686
30	0.00955	0.04941	0.03670	0.03196	0.04418	0.03181	0.03551	0.01132	0.03352	0.03249	0.03287	0.08414	0.05221	0.22663	0.16378	0.04081	0.06822	0.00672	0.00324	0.00494
31	0.03940	0.00652	0.00807	0.00790	0.00941	0.00637	0.00592	0.06693	0.03802	0.11291	0.16519	0.35638	0.05022	0.03496	0.00670	0.00199	0.00355	0.06896	0.00514	0.00547
32	0.00786	0.00561	0.00778	0.00898	0.00995	0.00554	0.00747	0.00987	0.01146	0.01499	0.02787	0.25498	0.03113	0.01489	0.00705	0.00232	0.00433	0.55846	0.00481	0.00465
33	0.01427	0.66199	0.08975	0.00993	0.01445	0.10927	0.00991	0.01627	0.01110	0.01266	0.00751	0.00869	0.00668	0.00460	0.00363	0.00118	0.00619	0.00294	0.00228	0.00669
34	0.01585	0.03847	0.04158	0.10349	0.06108	0.20279	0.02470	0.21151	0.01604	0.08275	0.07943	0.04570	0.01325	0.00664	0.00519	0.00157	0.00635	0.02138	0.01526	0.00698
35	0.01481	0.01189	0.01271	0.01078	0.01401	0.01345	0.00858	0.28033	0.45449	0.02485	0.01896	0.01816	0.03989	0.00850	0.04255	0.00201	0.00509	0.00564	0.00513	0.00815
36	0.00686	0.00505	0.00672	0.00717	0.00788	0.00508	0.00510	0.00815	0.00987	0.01335	0.08864	0.35020	0.11009	0.09572	0.25053	0.00422	0.00647	0.01044	0.00413	0.00434
37	0.01034	0.00993	0.01541	0.73737	0.03407	0.04110	0.01400	0.01426	0.04659	0.01368	0.00977	0.01398	0.00735	0.00530	0.00519	0.00172	0.00690	0.00464	0.00247	0.00591
38	0.01250	0.01216	0.04255	0.09949	0.57308	0.01163	0.03484	0.01564	0.01166	0.03201	0.00991	0.01283	0.00810	0.00465	0.00504	0.00149	0.00608	0.00450	0.00268	0.09918
39	0.00889	0.00624	0.04399	0.00751	0.00853	0.00550	0.00570	0.00945	0.03052	0.05248	0.06426	0.17459	0.07060	0.05264	0.10691	0.33181	0.00526	0.00754	0.00354	0.00404
40	0.00920	0.00669	0.00847	0.03787	0.01044	0.00704	0.00637	0.01320	0.14349	0.05945	0.14500	0.10879	0.10261	0.07375	0.19444	0.00360	0.00615	0.05356	0.00445	0.00543

[dist]
# distance from previous block
# <min> <max>
0	29

# created by:
# /home/cegg/simao/soft/augustus-3.2.1/scripts/msa2prfl.pl ./align_prep/EOG091G0PGM.fa
