[name]
unknown

[dist]
# distance from previous block
# <min> <max>
2	424

[block]
# block no. 0 follows, 48 sequences, length 18
# corresponding to MSA columns:
# 719-736
name=unknown_A
#
# <colnr> <probs for GDERKNQSTAVLIFYWHMCP>
#	G	D	E	R	K	N	Q	S	T	A	V	L	I	F	Y	W	H	M	C	P
0	0.08023	0.10988	0.14206	0.01102	0.01546	0.04339	0.04798	0.19761	0.05671	0.12622	0.03205	0.01302	0.00970	0.00551	0.00465	0.00146	0.00555	0.00429	0.02221	0.07100
1	0.01064	0.15077	0.47015	0.01274	0.04037	0.01210	0.03243	0.01530	0.02686	0.01633	0.10087	0.01425	0.01199	0.00549	0.00472	0.00150	0.00626	0.00440	0.03388	0.02896
2	0.01180	0.37691	0.45593	0.01205	0.01823	0.01561	0.01448	0.01586	0.01065	0.01441	0.00830	0.00969	0.00654	0.00466	0.00418	0.00139	0.00666	0.00333	0.00218	0.00714
3	0.00758	0.00500	0.00628	0.00701	0.00771	0.00478	0.00490	0.00918	0.03518	0.03990	0.02663	0.55248	0.05940	0.05867	0.00721	0.00211	0.00318	0.05414	0.10416	0.00450
4	0.01145	0.00909	0.01072	0.00770	0.01222	0.00689	0.00618	0.01371	0.01091	0.06766	0.00985	0.01109	0.00794	0.00397	0.00389	0.00081	0.00384	0.00318	0.00326	0.79565
5	0.00625	0.00447	0.00595	0.00714	0.00744	0.00417	0.00476	0.00714	0.00982	0.01310	0.02828	0.81633	0.03394	0.01608	0.00655	0.00208	0.00298	0.01459	0.00476	0.00417
6	0.01064	0.00912	0.01064	0.00760	0.01216	0.00684	0.00608	0.01292	0.01064	0.01672	0.00912	0.01064	0.00760	0.00380	0.00380	0.00076	0.00380	0.00304	0.00304	0.85104
7	0.03972	0.00890	0.01075	0.02290	0.01251	0.00717	0.02257	0.01348	0.02781	0.05070	0.02456	0.06464	0.01036	0.00497	0.00416	0.00099	0.00392	0.00415	0.00337	0.66236
8	0.85592	0.00992	0.00754	0.00675	0.00992	0.01151	0.00556	0.01508	0.00873	0.02302	0.00714	0.00834	0.00556	0.00476	0.00318	0.00159	0.00397	0.00278	0.00318	0.00556
9	0.00891	0.00446	0.00668	0.00668	0.00668	0.00446	0.00446	0.00668	0.00668	0.00891	0.00891	0.01560	0.00891	0.01783	0.02005	0.85071	0.00446	0.00446	0.00223	0.00223
10	0.01652	0.01414	0.10548	0.01141	0.01548	0.01354	0.01006	0.39588	0.22388	0.09205	0.01540	0.03781	0.01140	0.00653	0.00517	0.00162	0.00526	0.00518	0.00490	0.00830
11	0.00909	0.00588	0.00738	0.00687	0.00852	0.00542	0.00527	0.01172	0.04652	0.10675	0.47671	0.06829	0.16856	0.01067	0.00598	0.00169	0.00286	0.04104	0.00548	0.00531
12	0.01492	0.58289	0.02329	0.00957	0.01361	0.01708	0.04119	0.01672	0.01104	0.14689	0.00976	0.01063	0.00793	0.00616	0.03326	0.00152	0.04024	0.00348	0.00295	0.00686
13	0.00817	0.00544	0.00811	0.10144	0.01084	0.00602	0.00616	0.00843	0.00787	0.01075	0.01224	0.04902	0.01215	0.11869	0.29578	0.31899	0.00805	0.00557	0.00262	0.00365
14	0.01397	0.01075	0.01164	0.01029	0.01331	0.01215	0.00805	0.02700	0.68837	0.11221	0.02081	0.01895	0.01531	0.00689	0.00521	0.00172	0.00410	0.00573	0.00535	0.00819
15	0.00700	0.00540	0.00662	0.00695	0.00826	0.00476	0.00512	0.00840	0.01082	0.01428	0.06156	0.40318	0.22409	0.01339	0.00615	0.00185	0.00316	0.10027	0.00459	0.10414
16	0.01082	0.10606	0.01673	0.60151	0.02978	0.05607	0.01311	0.01372	0.01031	0.01289	0.00862	0.01258	0.00679	0.00538	0.00589	0.00166	0.07573	0.00427	0.00229	0.00581
17	0.71082	0.01159	0.00880	0.05147	0.01202	0.10435	0.00655	0.01561	0.00950	0.02124	0.00735	0.00874	0.00575	0.00485	0.00345	0.00156	0.00475	0.00294	0.00306	0.00561

[dist]
# distance from previous block
# <min> <max>
0	1

[block]
# block no. 1 follows, 48 sequences, length 18
# corresponding to MSA columns:
# 739-745,759-768,776
name=unknown_B
#
# <colnr> <probs for GDERKNQSTAVLIFYWHMCP>
#	G	D	E	R	K	N	Q	S	T	A	V	L	I	F	Y	W	H	M	C	P
0	0.01209	0.01156	0.01955	0.10545	0.67708	0.01174	0.01503	0.01509	0.01155	0.01627	0.01164	0.01456	0.04549	0.00503	0.00513	0.00155	0.00600	0.00487	0.00262	0.00771
1	0.00734	0.00546	0.00805	0.00805	0.00890	0.00631	0.00617	0.00904	0.00819	0.01177	0.01392	0.02115	0.01326	0.09648	0.74194	0.00800	0.01309	0.00564	0.00278	0.00447
2	0.00734	0.00545	0.00802	0.00802	0.00885	0.00629	0.00613	0.00901	0.00818	0.01174	0.01396	0.02133	0.01334	0.10660	0.73192	0.00796	0.01298	0.00567	0.00278	0.00445
3	0.00638	0.00526	0.00563	0.00567	0.00730	0.00451	0.00434	0.00789	0.01205	0.01479	0.13949	0.04867	0.63861	0.01278	0.00614	0.00177	0.00274	0.06667	0.00487	0.00442
4	0.01372	0.82276	0.02689	0.00878	0.01317	0.02030	0.00878	0.01536	0.01043	0.01207	0.00713	0.00823	0.00658	0.00439	0.00329	0.00110	0.00549	0.00274	0.00219	0.00658
5	0.01123	0.01123	0.01572	0.01347	0.01347	0.01572	0.01123	0.01235	0.00786	0.01235	0.00674	0.01123	0.00674	0.00898	0.01684	0.00225	0.81028	0.00449	0.00225	0.00561
6	0.01879	0.02382	0.01460	0.01323	0.01575	0.76155	0.00998	0.02010	0.01422	0.01255	0.00787	0.00935	0.00662	0.00546	0.00521	0.00137	0.04763	0.00336	0.00262	0.00593
7	0.01330	0.01090	0.01162	0.01037	0.01333	0.01249	0.00809	0.02715	0.73861	0.06156	0.02085	0.01906	0.01551	0.00693	0.00522	0.00173	0.00408	0.00577	0.00528	0.00815
8	0.01445	0.01646	0.02008	0.05992	0.23861	0.27817	0.18529	0.01703	0.01229	0.01465	0.00892	0.01170	0.00733	0.00523	0.00633	0.00158	0.08820	0.00447	0.00255	0.00674
9	0.01276	0.01102	0.01160	0.01044	0.01334	0.01276	0.00812	0.02727	0.77840	0.02146	0.02088	0.01914	0.01566	0.00696	0.00522	0.00174	0.00406	0.00580	0.00522	0.00812
10	0.01276	0.01102	0.01160	0.01044	0.01334	0.01276	0.00812	0.02727	0.77840	0.02146	0.02088	0.01914	0.01566	0.00696	0.00522	0.00174	0.00406	0.00580	0.00522	0.00812
11	0.01123	0.01123	0.01572	0.01347	0.01347	0.01572	0.01123	0.01235	0.00786	0.01235	0.00674	0.01123	0.00674	0.00898	0.01684	0.00225	0.81028	0.00449	0.00225	0.00561
12	0.00891	0.00446	0.00668	0.00668	0.00668	0.00446	0.00446	0.00668	0.00668	0.00891	0.00891	0.01560	0.00891	0.01783	0.02005	0.85071	0.00446	0.00446	0.00223	0.00223
13	0.01865	0.01460	0.01532	0.01273	0.05292	0.06111	0.00993	0.63437	0.07990	0.02961	0.01258	0.01267	0.00910	0.00609	0.00511	0.00154	0.00576	0.00463	0.00487	0.00849
14	0.01123	0.01123	0.01572	0.01347	0.01347	0.01572	0.01123	0.01235	0.00786	0.01235	0.00674	0.01123	0.00674	0.00898	0.01684	0.00225	0.81028	0.00449	0.00225	0.00561
15	0.01064	0.00912	0.01064	0.00760	0.01216	0.00684	0.00608	0.01292	0.01064	0.01672	0.00912	0.01064	0.00760	0.00380	0.00380	0.00076	0.00380	0.00304	0.00304	0.85104
16	0.00625	0.00447	0.00595	0.00714	0.00744	0.00417	0.00476	0.00714	0.00982	0.01310	0.02828	0.81633	0.03394	0.01608	0.00655	0.00208	0.00298	0.01459	0.00476	0.00417
17	0.01029	0.02654	0.79309	0.01462	0.02221	0.01192	0.01896	0.01625	0.01083	0.01625	0.00921	0.01083	0.00650	0.00487	0.00487	0.00162	0.00758	0.00379	0.00217	0.00758

[dist]
# distance from previous block
# <min> <max>
0	2

[block]
# block no. 2 follows, 48 sequences, length 37
# corresponding to MSA columns:
# 779,780,782-816
name=unknown_C
#
# <colnr> <probs for GDERKNQSTAVLIFYWHMCP>
#	G	D	E	R	K	N	Q	S	T	A	V	L	I	F	Y	W	H	M	C	P
0	0.63019	0.01194	0.06196	0.00830	0.01196	0.01243	0.00731	0.16767	0.01198	0.02445	0.00833	0.00931	0.00626	0.00505	0.00368	0.00158	0.00455	0.00322	0.00350	0.00633
1	0.00727	0.00523	0.00670	0.00737	0.00804	0.00504	0.00511	0.05881	0.01138	0.01533	0.12247	0.66430	0.03406	0.01471	0.00639	0.00199	0.00309	0.01325	0.00490	0.00456
2	0.01064	0.00912	0.01064	0.00760	0.01216	0.00684	0.00608	0.01292	0.01064	0.01672	0.00912	0.01064	0.00760	0.00380	0.00380	0.00076	0.00380	0.00304	0.00304	0.85104
3	0.01161	0.06444	0.01323	0.06204	0.01469	0.01060	0.05371	0.01895	0.31852	0.03485	0.08054	0.01850	0.01510	0.00623	0.00490	0.00144	0.00444	0.03239	0.00413	0.22969
4	0.74950	0.00982	0.00793	0.00685	0.01020	0.01092	0.00562	0.01481	0.00897	0.02223	0.00739	0.00863	0.00581	0.00464	0.00325	0.00148	0.00395	0.00281	0.00316	0.11200
5	0.00891	0.00446	0.00668	0.00668	0.00668	0.00446	0.00446	0.00668	0.00668	0.00891	0.00891	0.01560	0.00891	0.01783	0.02005	0.85071	0.00446	0.00446	0.00223	0.00223
6	0.01054	0.02239	0.57561	0.08278	0.02336	0.01226	0.11692	0.01575	0.01076	0.01575	0.00919	0.01150	0.00671	0.00509	0.00584	0.00169	0.06022	0.00420	0.00224	0.00721
7	0.01036	0.00960	0.01613	0.56403	0.12496	0.01119	0.06416	0.01423	0.04621	0.01460	0.01036	0.01421	0.00792	0.00515	0.00508	0.00165	0.00642	0.00474	0.06286	0.00613
8	0.00712	0.00558	0.00686	0.00648	0.00778	0.00532	0.00492	0.00912	0.01325	0.01801	0.51139	0.04018	0.27521	0.01118	0.00669	0.00169	0.04984	0.00948	0.00517	0.00473
9	0.01146	0.06427	0.53275	0.01337	0.01939	0.01247	0.03303	0.11043	0.01268	0.01824	0.07526	0.01331	0.01038	0.00567	0.00553	0.00162	0.04556	0.00439	0.00285	0.00733
10	0.01846	0.01455	0.01487	0.01176	0.01554	0.06715	0.00959	0.61192	0.11812	0.02925	0.01299	0.01295	0.00942	0.00626	0.00535	0.00157	0.02224	0.00468	0.00492	0.00840
11	0.01481	0.01071	0.01347	0.03394	0.10280	0.04545	0.03362	0.08184	0.01304	0.18987	0.01192	0.01266	0.00883	0.00478	0.00451	0.00118	0.00485	0.00398	0.00384	0.40389
12	0.01044	0.05742	0.44084	0.01427	0.01958	0.01205	0.13014	0.01483	0.01088	0.01565	0.04755	0.01603	0.04446	0.00627	0.00668	0.00173	0.10814	0.03362	0.00262	0.00680
13	0.00879	0.00738	0.01011	0.00932	0.00966	0.00930	0.00717	0.00988	0.00794	0.01165	0.01197	0.02066	0.01227	0.24278	0.29401	0.00509	0.29458	0.00567	0.01724	0.00455
14	0.85592	0.00992	0.00754	0.00675	0.00992	0.01151	0.00556	0.01508	0.00873	0.02302	0.00714	0.00834	0.00556	0.00476	0.00318	0.00159	0.00397	0.00278	0.00318	0.00556
15	0.00841	0.00665	0.00775	0.00723	0.00893	0.00669	0.00549	0.01360	0.20071	0.01971	0.47972	0.03543	0.15964	0.01003	0.00585	0.00166	0.00285	0.00868	0.00540	0.00556
16	0.00734	0.00545	0.00799	0.00799	0.00882	0.00628	0.00610	0.00900	0.00817	0.01172	0.01397	0.02143	0.01338	0.11283	0.72575	0.00793	0.01291	0.00568	0.00278	0.00444
17	0.00733	0.00550	0.00825	0.00825	0.00916	0.00641	0.00641	0.00916	0.00825	0.01191	0.01374	0.02016	0.01283	0.03848	0.79934	0.00825	0.01374	0.00550	0.00275	0.00458
18	0.00755	0.00703	0.07350	0.00712	0.00867	0.00555	0.00587	0.00987	0.01277	0.01808	0.55664	0.03420	0.03823	0.13505	0.05552	0.00252	0.00391	0.00831	0.00480	0.00479
19	0.01789	0.21220	0.01744	0.01217	0.01523	0.61592	0.00965	0.01928	0.01357	0.01244	0.00774	0.00901	0.00660	0.00508	0.00431	0.00127	0.00837	0.00317	0.00254	0.00610
20	0.01109	0.01300	0.11418	0.01380	0.01526	0.01436	0.07609	0.01316	0.00876	0.01358	0.00794	0.01186	0.00717	0.00789	0.01364	0.00206	0.59379	0.00455	0.05186	0.00592
21	0.00808	0.00617	0.00670	0.00641	0.00821	0.02222	0.00489	0.01025	0.05040	0.06682	0.10437	0.05098	0.50912	0.01508	0.10457	0.00252	0.00431	0.00929	0.00467	0.00493
22	0.01423	0.01353	0.01201	0.01083	0.01357	0.18032	0.00833	0.06455	0.49884	0.03656	0.01820	0.07719	0.01467	0.00724	0.00519	0.00166	0.00518	0.00586	0.00466	0.00740
23	0.18941	0.01090	0.01667	0.23150	0.26395	0.01234	0.07238	0.01453	0.01023	0.01652	0.00867	0.01195	0.00704	0.00530	0.00625	0.00169	0.10730	0.00430	0.00257	0.00652
24	0.01199	0.01195	0.02209	0.15940	0.06828	0.01227	0.38787	0.06682	0.07789	0.02767	0.01327	0.03673	0.03977	0.00567	0.00607	0.00173	0.03468	0.00593	0.00311	0.00680
25	0.02026	0.00921	0.01159	0.00918	0.01279	0.00875	0.00749	0.09409	0.11139	0.55760	0.01928	0.01733	0.01274	0.00638	0.00503	0.00157	0.00428	0.00516	0.07757	0.00832
26	0.01219	0.01349	0.02793	0.02022	0.02512	0.01295	0.67323	0.01780	0.10859	0.01707	0.01170	0.01451	0.00878	0.00466	0.00595	0.00173	0.00807	0.00602	0.00293	0.00707
27	0.00826	0.05416	0.01049	0.12988	0.01347	0.00816	0.00775	0.01081	0.03707	0.01279	0.04332	0.01915	0.01306	0.02915	0.57152	0.00633	0.01141	0.00535	0.00285	0.00501
28	0.01222	0.04826	0.24777	0.17438	0.08737	0.04298	0.10319	0.05992	0.01222	0.06328	0.06079	0.01405	0.01012	0.00551	0.00556	0.00163	0.03610	0.00473	0.00295	0.00695
29	0.01123	0.01123	0.01572	0.01347	0.01347	0.01572	0.01123	0.01235	0.00786	0.01235	0.00674	0.01123	0.00674	0.00898	0.01684	0.00225	0.81028	0.00449	0.00225	0.00561
30	0.01064	0.00912	0.01064	0.00760	0.01216	0.00684	0.00608	0.01292	0.01064	0.01672	0.00912	0.01064	0.00760	0.00380	0.00380	0.00076	0.00380	0.00304	0.00304	0.85104
31	0.01082	0.00607	0.00595	0.00570	0.00714	0.04467	0.00433	0.01310	0.01107	0.07031	0.01636	0.01859	0.01278	0.00787	0.05040	0.00164	0.00353	0.00478	0.69981	0.00509
32	0.01470	0.00771	0.01039	0.01010	0.06310	0.00734	0.00720	0.08845	0.01314	0.32414	0.02125	0.31029	0.01982	0.01210	0.06285	0.00224	0.00477	0.00856	0.00513	0.00672
33	0.01121	0.00923	0.01055	0.00841	0.01192	0.00849	0.00667	0.08160	0.17112	0.01969	0.14474	0.01853	0.01691	0.00608	0.00468	0.00122	0.00380	0.02476	0.00416	0.43622
34	0.12164	0.01258	0.01537	0.05765	0.03802	0.01381	0.07223	0.33358	0.06038	0.02427	0.02743	0.02521	0.01001	0.00659	0.00651	0.00174	0.09599	0.00489	0.00419	0.06791
35	0.11551	0.00823	0.06507	0.00844	0.01046	0.00740	0.03665	0.01163	0.01114	0.01768	0.21665	0.02430	0.04276	0.03496	0.25274	0.00382	0.00706	0.00635	0.11373	0.00543
36	0.06583	0.00763	0.00851	0.00758	0.00984	0.02219	0.00577	0.01184	0.01057	0.03318	0.02916	0.02519	0.06763	0.13537	0.11118	0.00288	0.00545	0.08065	0.11004	0.24949

[dist]
# distance from previous block
# <min> <max>
17	360

[block]
# block no. 3 follows, 48 sequences, length 76
# corresponding to MSA columns:
# 1251-1262,1269,1272-1334
name=unknown_D
#
# <colnr> <probs for GDERKNQSTAVLIFYWHMCP>
#	G	D	E	R	K	N	Q	S	T	A	V	L	I	F	Y	W	H	M	C	P
0	0.01190	0.02483	0.69958	0.01440	0.02148	0.01175	0.01782	0.01717	0.01173	0.07362	0.03788	0.01336	0.00917	0.00570	0.00527	0.00176	0.00740	0.00434	0.00287	0.00796
1	0.00733	0.00609	0.00625	0.00613	0.00794	0.00529	0.00455	0.00916	0.05136	0.01548	0.10410	0.04765	0.68385	0.01293	0.00634	0.00187	0.00295	0.01063	0.00510	0.00499
2	0.01142	0.00967	0.01118	0.00814	0.01272	0.00730	0.00642	0.01347	0.01113	0.01743	0.00991	0.01173	0.00834	0.00434	0.00415	0.00091	0.00408	0.00331	0.00331	0.84103
3	0.01204	0.20223	0.15865	0.03365	0.09634	0.05315	0.04544	0.01462	0.01008	0.01382	0.00816	0.01094	0.00707	0.00692	0.03205	0.00183	0.24502	0.00395	0.00233	0.04170
4	0.00891	0.00446	0.00668	0.00668	0.00668	0.00446	0.00446	0.00668	0.00668	0.00891	0.00891	0.01560	0.00891	0.01783	0.02005	0.85071	0.00446	0.00446	0.00223	0.00223
5	0.00625	0.00447	0.00595	0.00714	0.00744	0.00417	0.00476	0.00714	0.00982	0.01310	0.02828	0.81633	0.03394	0.01608	0.00655	0.00208	0.00298	0.01459	0.00476	0.00417
6	0.02609	0.03550	0.07269	0.01395	0.08984	0.02768	0.20248	0.02665	0.03896	0.03829	0.17345	0.05732	0.08670	0.01013	0.07508	0.00223	0.00622	0.00687	0.00372	0.00617
7	0.00753	0.00549	0.00694	0.00659	0.00773	0.00524	0.00483	0.01027	0.05249	0.01931	0.64483	0.05951	0.04326	0.09389	0.00809	0.00198	0.00278	0.00907	0.00534	0.00481
8	0.00733	0.00548	0.00817	0.00817	0.00906	0.00637	0.00632	0.00911	0.00822	0.01185	0.01382	0.02055	0.01300	0.06152	0.77653	0.00815	0.01349	0.00556	0.00276	0.00454
9	0.01896	0.01093	0.01275	0.01001	0.01350	0.01129	0.00808	0.37173	0.03862	0.30798	0.01592	0.01691	0.01156	0.09432	0.03155	0.00213	0.00531	0.00518	0.00529	0.00798
10	0.01149	0.01187	0.04489	0.41657	0.34146	0.05697	0.01478	0.01472	0.01111	0.01468	0.00927	0.01292	0.00734	0.00490	0.00507	0.00161	0.00670	0.00447	0.00240	0.00677
11	0.05132	0.00918	0.01201	0.00924	0.01319	0.00829	0.00763	0.07903	0.01517	0.70955	0.01922	0.01678	0.01217	0.00628	0.00509	0.00158	0.00445	0.00504	0.00615	0.00862
12	0.01503	0.10526	0.01525	0.01008	0.01432	0.01217	0.03970	0.28397	0.01566	0.07153	0.01073	0.01155	0.00820	0.00504	0.00476	0.00121	0.02719	0.00387	0.00386	0.34062
13	0.01146	0.00933	0.03091	0.03707	0.01358	0.00858	0.08560	0.12569	0.01361	0.06603	0.16332	0.08342	0.06248	0.03684	0.00635	0.00161	0.02609	0.01530	0.00419	0.19855
14	0.03579	0.13549	0.33878	0.01716	0.21707	0.01295	0.01453	0.06833	0.01198	0.04962	0.01048	0.04662	0.00853	0.00537	0.00475	0.00153	0.00632	0.00440	0.00279	0.00750
15	0.00973	0.00883	0.01090	0.01117	0.06438	0.06662	0.00796	0.03216	0.03235	0.01341	0.01539	0.21963	0.01634	0.07532	0.19612	0.00366	0.20012	0.00747	0.00328	0.00518
16	0.01372	0.82276	0.02689	0.00878	0.01317	0.02030	0.00878	0.01536	0.01043	0.01207	0.00713	0.00823	0.00658	0.00439	0.00329	0.00110	0.00549	0.00274	0.00219	0.00658
17	0.01106	0.01093	0.01543	0.08264	0.01532	0.01489	0.01123	0.01244	0.00821	0.01264	0.00707	0.01141	0.00679	0.00838	0.01515	0.00212	0.69898	0.00442	0.00229	0.04860
18	0.01060	0.00982	0.01579	0.04585	0.50988	0.00969	0.01216	0.01314	0.01156	0.01577	0.02060	0.06434	0.17245	0.00759	0.00550	0.00166	0.00514	0.05838	0.00326	0.00683
19	0.00624	0.00450	0.00592	0.00706	0.00742	0.00417	0.00473	0.00715	0.00991	0.01313	0.02932	0.78265	0.06694	0.01594	0.00653	0.00207	0.00296	0.01442	0.00476	0.00417
20	0.01203	0.01180	0.01978	0.18041	0.53267	0.03047	0.06725	0.01511	0.01141	0.01575	0.01051	0.01374	0.02663	0.00499	0.00545	0.00159	0.02570	0.00479	0.00254	0.00737
21	0.00881	0.00449	0.00661	0.00661	0.00661	0.00449	0.00436	0.00674	0.00674	0.00898	0.00942	0.01685	0.00959	0.07353	0.02047	0.79196	0.00449	0.00467	0.00229	0.00229
22	0.01207	0.24149	0.46054	0.01255	0.01837	0.10483	0.01453	0.01610	0.01111	0.01455	0.00933	0.04531	0.00774	0.00528	0.00449	0.00147	0.00700	0.00392	0.00234	0.00697
23	0.00697	0.00498	0.00677	0.00796	0.00857	0.00478	0.00601	0.00838	0.01053	0.01390	0.02789	0.54739	0.03237	0.01540	0.00674	0.00218	0.00360	0.27646	0.00475	0.00437
24	0.00746	0.00497	0.00560	0.00560	0.00560	0.00497	0.00311	0.00746	0.00746	0.00995	0.01617	0.03358	0.01865	0.81967	0.02612	0.00497	0.00497	0.00746	0.00311	0.00311
25	0.01137	0.01114	0.02015	0.44869	0.11191	0.01224	0.22598	0.06694	0.01189	0.01577	0.00975	0.01353	0.00737	0.00492	0.00538	0.00168	0.00719	0.00499	0.00259	0.00651
26	0.00631	0.00452	0.00607	0.00720	0.00753	0.00428	0.00485	0.00725	0.00974	0.01304	0.02754	0.77585	0.03286	0.01721	0.04685	0.00240	0.00352	0.01412	0.00466	0.00419
27	0.02473	0.01249	0.01473	0.01127	0.01531	0.14229	0.13335	0.05128	0.01286	0.12567	0.03627	0.01391	0.01002	0.00507	0.00471	0.00124	0.00567	0.02119	0.00359	0.35435
28	0.01133	0.23679	0.53425	0.01358	0.02015	0.01422	0.07095	0.01603	0.01082	0.01516	0.00874	0.01036	0.00662	0.00471	0.00454	0.00149	0.00711	0.00368	0.00221	0.00727
29	0.00625	0.00449	0.00593	0.00708	0.00742	0.00417	0.00473	0.00715	0.00989	0.01312	0.02909	0.79003	0.05970	0.01597	0.00653	0.00207	0.00296	0.01446	0.00476	0.00417
30	0.01264	0.57268	0.26754	0.01062	0.01601	0.01767	0.01198	0.01564	0.01055	0.01338	0.00779	0.00905	0.00656	0.00454	0.00379	0.00126	0.00615	0.00307	0.00219	0.00690
31	0.01139	0.00722	0.00773	0.00703	0.00890	0.00772	0.00541	0.09146	0.17165	0.04385	0.04345	0.01962	0.01461	0.03703	0.03816	0.00180	0.00369	0.00527	0.46809	0.00593
32	0.00739	0.00515	0.00656	0.00656	0.00701	0.00541	0.00440	0.00802	0.00801	0.01087	0.01755	0.02908	0.07202	0.44446	0.29717	0.04889	0.00787	0.00686	0.00306	0.00367
33	0.01536	0.18174	0.02358	0.01551	0.01975	0.21298	0.33096	0.05263	0.01312	0.07179	0.00991	0.01173	0.00764	0.00481	0.00502	0.00148	0.00770	0.00455	0.00292	0.00682
34	0.33210	0.04791	0.03202	0.00861	0.01226	0.03413	0.00729	0.04717	0.05132	0.34356	0.02796	0.01349	0.01007	0.00570	0.00433	0.00156	0.00450	0.00416	0.00464	0.00723
35	0.00789	0.00572	0.00777	0.00879	0.00997	0.00560	0.00750	0.01005	0.01174	0.01521	0.05246	0.11014	0.10204	0.01409	0.00692	0.00226	0.00433	0.60811	0.00476	0.00465
36	0.00624	0.00450	0.00592	0.00706	0.00742	0.00417	0.00473	0.00715	0.00990	0.01313	0.02927	0.78439	0.06523	0.01595	0.00653	0.00207	0.00296	0.01443	0.00476	0.00417
37	0.01193	0.01056	0.01455	0.05011	0.26008	0.01132	0.03150	0.05221	0.31368	0.01918	0.07103	0.02149	0.05041	0.00698	0.00540	0.00169	0.00488	0.05145	0.00415	0.00741
38	0.00919	0.00838	0.01383	0.58448	0.08440	0.00995	0.01239	0.01206	0.01027	0.01337	0.01314	0.18041	0.01256	0.00736	0.00542	0.00177	0.00598	0.00664	0.00281	0.00556
39	0.00635	0.00457	0.00604	0.00718	0.00758	0.00426	0.00491	0.00733	0.01000	0.01324	0.02921	0.74584	0.06501	0.01585	0.00656	0.00208	0.00305	0.05198	0.00476	0.00420
40	0.00752	0.00549	0.00745	0.00738	0.00790	0.00616	0.00527	0.00860	0.00792	0.01115	0.01446	0.02516	0.01492	0.34646	0.46668	0.00675	0.03758	0.00624	0.00287	0.00403
41	0.01135	0.01040	0.01706	0.14901	0.47926	0.01084	0.01368	0.01484	0.04625	0.01612	0.01355	0.02211	0.01251	0.00667	0.00549	0.00173	0.00585	0.15315	0.00305	0.00707
42	0.01210	0.01472	0.11147	0.02396	0.26595	0.01261	0.44901	0.01620	0.01184	0.01652	0.01002	0.01315	0.00775	0.00446	0.00562	0.00165	0.00773	0.00534	0.00253	0.00737
43	0.01040	0.05076	0.76978	0.01445	0.02193	0.01217	0.01865	0.01622	0.01082	0.01612	0.00914	0.01075	0.00650	0.00486	0.00483	0.00161	0.00752	0.00376	0.00217	0.00755
44	0.00724	0.00475	0.00621	0.00695	0.00757	0.00443	0.00479	0.00849	0.01073	0.04261	0.13315	0.62044	0.03368	0.01421	0.00621	0.00194	0.00291	0.01279	0.06644	0.00447
45	0.06929	0.02135	0.52691	0.07493	0.02229	0.01226	0.11151	0.01567	0.01059	0.01622	0.00903	0.01128	0.00664	0.00512	0.00580	0.00169	0.06594	0.00412	0.00230	0.00707
46	0.01122	0.03761	0.22812	0.14393	0.03513	0.04814	0.10626	0.04338	0.11144	0.01659	0.03389	0.05410	0.01217	0.00662	0.00560	0.00172	0.02485	0.05976	0.01279	0.00669
47	0.00623	0.00517	0.00545	0.00545	0.00705	0.00439	0.00406	0.00767	0.01200	0.01474	0.15025	0.07981	0.65446	0.01278	0.00608	0.00173	0.00259	0.01078	0.00488	0.00439
48	0.00726	0.00524	0.00686	0.00646	0.00767	0.00484	0.00484	0.00968	0.01452	0.02058	0.78496	0.03833	0.04841	0.01049	0.00605	0.00161	0.00242	0.00928	0.00565	0.00484
49	0.06833	0.00807	0.01088	0.01369	0.17194	0.03604	0.00934	0.01219	0.01181	0.01639	0.07673	0.06395	0.02410	0.01099	0.00622	0.00203	0.00490	0.44270	0.00416	0.00553
50	0.01265	0.06460	0.01513	0.28964	0.11278	0.03583	0.01106	0.20780	0.01395	0.01825	0.01240	0.08022	0.01113	0.06302	0.00662	0.00187	0.00592	0.02725	0.00338	0.00650
51	0.00733	0.00550	0.00825	0.00825	0.00916	0.00641	0.00641	0.00916	0.00825	0.01191	0.01374	0.02016	0.01283	0.03848	0.79934	0.00825	0.01374	0.00550	0.00275	0.00458
52	0.01029	0.02654	0.79309	0.01462	0.02221	0.01192	0.01896	0.01625	0.01083	0.01625	0.00921	0.01083	0.00650	0.00487	0.00487	0.00162	0.00758	0.00379	0.00217	0.00758
53	0.04038	0.01191	0.08606	0.14056	0.05316	0.03863	0.02713	0.06138	0.10960	0.35444	0.01557	0.01533	0.01060	0.00587	0.00508	0.00162	0.00543	0.00485	0.00462	0.00780
54	0.00733	0.00629	0.04242	0.00839	0.00952	0.00638	0.00676	0.00922	0.00856	0.01225	0.01534	0.11828	0.01516	0.03423	0.66635	0.00719	0.01214	0.00655	0.00297	0.00466
55	0.00969	0.00912	0.01539	0.80734	0.03534	0.01140	0.01425	0.01311	0.01026	0.01311	0.00912	0.01368	0.00684	0.00513	0.00513	0.00171	0.00684	0.00456	0.00228	0.00570
56	0.01397	0.01203	0.02673	0.06880	0.01864	0.04712	0.23987	0.22957	0.01555	0.07869	0.05017	0.09154	0.06921	0.00710	0.00563	0.00167	0.00612	0.00661	0.00407	0.00691
57	0.04483	0.00943	0.01202	0.00932	0.01319	0.00875	0.00767	0.11843	0.03611	0.63057	0.01983	0.01755	0.03488	0.00650	0.00513	0.00159	0.00446	0.00521	0.00603	0.00850
58	0.00629	0.00459	0.00594	0.00699	0.00748	0.00424	0.00477	0.00728	0.01010	0.01326	0.03102	0.70384	0.12161	0.01566	0.00651	0.00205	0.00299	0.03643	0.00476	0.00420
59	0.00861	0.00709	0.00963	0.10291	0.01286	0.03922	0.06552	0.01028	0.01096	0.05151	0.04986	0.35007	0.17959	0.04007	0.00689	0.00198	0.01286	0.03095	0.00423	0.00491
60	0.01136	0.00963	0.01288	0.23972	0.01912	0.03860	0.06453	0.11088	0.13065	0.01821	0.06470	0.07266	0.01426	0.00883	0.05585	0.00205	0.00581	0.00591	0.10812	0.00621
61	0.01001	0.02418	0.69509	0.03718	0.02158	0.01137	0.03534	0.01551	0.01091	0.01599	0.01235	0.01380	0.06335	0.00546	0.00500	0.00164	0.00722	0.00438	0.00237	0.00728
62	0.00900	0.00693	0.00910	0.01091	0.09597	0.03461	0.00769	0.01091	0.01158	0.04725	0.05135	0.24175	0.10277	0.01271	0.00642	0.00204	0.00429	0.32506	0.00452	0.00514
63	0.01126	0.15397	0.55213	0.04172	0.02010	0.06761	0.01585	0.01590	0.01104	0.01510	0.01066	0.01210	0.04074	0.00519	0.00466	0.00153	0.00711	0.00392	0.00232	0.00710
64	0.01156	0.01236	0.07341	0.38889	0.09889	0.07441	0.09609	0.02281	0.03571	0.04105	0.01908	0.04281	0.01776	0.00578	0.00569	0.00169	0.03779	0.00511	0.00277	0.00635
65	0.01000	0.00942	0.01593	0.61962	0.10915	0.01125	0.04501	0.01313	0.01023	0.01339	0.00962	0.01482	0.00778	0.05843	0.00688	0.00192	0.03041	0.00481	0.00237	0.00583
66	0.01194	0.01038	0.01726	0.11316	0.29505	0.01077	0.11342	0.04855	0.01192	0.06996	0.02938	0.10072	0.05755	0.00710	0.00636	0.00172	0.06554	0.01908	0.00333	0.00680
67	0.01245	0.01314	0.09583	0.07666	0.20950	0.04440	0.19273	0.01630	0.05267	0.07530	0.05360	0.05470	0.01184	0.00607	0.00621	0.00169	0.06104	0.00565	0.00319	0.00702
68	0.01227	0.01535	0.26676	0.20857	0.02375	0.01088	0.15900	0.03355	0.01173	0.12884	0.01249	0.07184	0.00979	0.00589	0.00533	0.00169	0.00676	0.00542	0.00315	0.00694
69	0.03882	0.01259	0.08840	0.05221	0.07161	0.03778	0.23660	0.03873	0.04364	0.14284	0.01479	0.07849	0.03207	0.00658	0.00607	0.00171	0.04716	0.02405	0.00362	0.02221
70	0.01269	0.03141	0.06416	0.07185	0.06000	0.11475	0.30762	0.05962	0.04868	0.01604	0.01094	0.03773	0.00900	0.00797	0.06418	0.00216	0.06638	0.00533	0.00287	0.00661
71	0.03036	0.02669	0.05994	0.07328	0.06096	0.00911	0.08520	0.07481	0.02548	0.03417	0.03905	0.07395	0.02515	0.01123	0.06377	0.17851	0.03030	0.00556	0.02186	0.07063
72	0.01008	0.07414	0.08262	0.03561	0.04247	0.00969	0.13226	0.01362	0.06654	0.03290	0.01808	0.04727	0.11595	0.01349	0.17044	0.00296	0.02490	0.00601	0.04620	0.05478
73	0.01595	0.01311	0.08232	0.05211	0.01660	0.08339	0.08564	0.12026	0.07281	0.22966	0.03234	0.06288	0.01200	0.00683	0.00648	0.00169	0.08883	0.00550	0.00428	0.00731
74	0.03769	0.01376	0.07237	0.03792	0.01885	0.10329	0.27072	0.07534	0.07531	0.08896	0.01346	0.06737	0.01118	0.03153	0.02540	0.00194	0.02476	0.01985	0.00353	0.00676
75	0.07839	0.04247	0.08780	0.03272	0.03803	0.07303	0.20257	0.05825	0.08045	0.01716	0.01363	0.09985	0.02947	0.00664	0.00571	0.00164	0.04127	0.01856	0.00330	0.06908

[dist]
# distance from previous block
# <min> <max>
1	391

# created by:
# /home/cegg/simao/soft/augustus-3.2.1/scripts/msa2prfl.pl ./align_prep/EOG091G09KI.fa
