[name]
unknown

[dist]
# distance from previous block
# <min> <max>
0	28

[block]
# block no. 0 follows, 53 sequences, length 10
# corresponding to MSA columns:
# 28-37
name=unknown_A
#
# <colnr> <probs for GDERKNQSTAVLIFYWHMCP>
#	G	D	E	R	K	N	Q	S	T	A	V	L	I	F	Y	W	H	M	C	P
0	0.16267	0.00755	0.00935	0.00793	0.01080	0.00715	0.00657	0.01801	0.01226	0.45817	0.09490	0.02315	0.01665	0.00729	0.00488	0.00160	0.00388	0.13547	0.00508	0.00663
1	0.03490	0.02012	0.56881	0.01246	0.01843	0.01051	0.03973	0.06252	0.01146	0.12747	0.04153	0.01209	0.00855	0.00499	0.00463	0.00151	0.00628	0.00400	0.00290	0.00711
2	0.01141	0.01161	0.10415	0.10821	0.07363	0.04754	0.03817	0.17434	0.01221	0.03181	0.02196	0.08546	0.02213	0.04496	0.09795	0.00242	0.09757	0.00535	0.00314	0.00599
3	0.60444	0.00899	0.00814	0.00694	0.00995	0.00987	0.00569	0.06190	0.01036	0.16029	0.06551	0.01148	0.00937	0.00516	0.00358	0.00148	0.00375	0.00351	0.00375	0.00583
4	0.10553	0.00891	0.01033	0.00827	0.01152	0.06350	0.00672	0.02049	0.01309	0.58379	0.10259	0.01700	0.01441	0.00612	0.00467	0.00146	0.00415	0.00488	0.00530	0.00725
5	0.01222	0.01453	0.06952	0.09462	0.01563	0.23545	0.01072	0.01382	0.00946	0.01183	0.00719	0.01068	0.00651	0.02743	0.01085	0.00183	0.43620	0.00391	0.00221	0.00539
6	0.00682	0.00529	0.00644	0.00676	0.00760	0.00530	0.00482	0.00916	0.08967	0.01381	0.12427	0.41600	0.16146	0.06445	0.00738	0.00198	0.03467	0.02537	0.00439	0.00436
7	0.01295	0.01023	0.01156	0.10262	0.01480	0.02859	0.00811	0.15815	0.36454	0.07388	0.06521	0.01613	0.01329	0.00599	0.00474	0.00147	0.00435	0.00493	0.00437	0.09411
8	0.05080	0.09424	0.01576	0.04321	0.01534	0.01149	0.15847	0.13251	0.17816	0.14700	0.03368	0.03402	0.01128	0.03004	0.00532	0.00158	0.00507	0.00501	0.00397	0.02306
9	0.03591	0.01144	0.01063	0.00905	0.01199	0.16484	0.00707	0.04708	0.23507	0.17210	0.04240	0.03204	0.06808	0.00625	0.00461	0.00138	0.00463	0.00496	0.00424	0.12622

[dist]
# distance from previous block
# <min> <max>
1	5

[block]
# block no. 1 follows, 53 sequences, length 8
# corresponding to MSA columns:
# 43-50
name=unknown_B
#
# <colnr> <probs for GDERKNQSTAVLIFYWHMCP>
#	G	D	E	R	K	N	Q	S	T	A	V	L	I	F	Y	W	H	M	C	P
0	0.02595	0.16077	0.10884	0.02667	0.01470	0.01128	0.12448	0.03772	0.02690	0.08274	0.02367	0.05478	0.02559	0.03480	0.02203	0.00165	0.09522	0.00470	0.00296	0.11454
1	0.18666	0.17884	0.08782	0.01135	0.08093	0.14313	0.04528	0.05765	0.02626	0.06531	0.04101	0.01198	0.03480	0.00509	0.00407	0.00136	0.00548	0.00381	0.00299	0.00619
2	0.01133	0.01000	0.01447	0.30962	0.18475	0.03616	0.04008	0.12276	0.06483	0.03226	0.04645	0.06816	0.02648	0.00595	0.00493	0.00154	0.00549	0.00528	0.00317	0.00628
3	0.01070	0.00847	0.00999	0.00718	0.01139	0.00642	0.00576	0.01280	0.01017	0.06939	0.00920	0.01034	0.00740	0.00370	0.00363	0.00076	0.00358	0.00297	0.00304	0.80312
4	0.01735	0.01349	0.01385	0.01091	0.01451	0.05746	0.00890	0.64731	0.12091	0.02783	0.01228	0.01214	0.00885	0.00579	0.00477	0.00145	0.00525	0.00438	0.00467	0.00792
5	0.00617	0.00496	0.00561	0.00547	0.00693	0.00431	0.00408	0.00770	0.01137	0.01466	0.25411	0.09369	0.48193	0.01207	0.03110	0.00176	0.00277	0.00948	0.00455	0.03728
6	0.00693	0.00467	0.00536	0.00531	0.00546	0.00462	0.00310	0.00721	0.00779	0.01052	0.11457	0.03184	0.02089	0.72774	0.02196	0.00424	0.00433	0.00717	0.00320	0.00310
7	0.01124	0.02156	0.63645	0.01356	0.02000	0.01067	0.08509	0.01619	0.01065	0.11539	0.00998	0.01113	0.00689	0.00467	0.00467	0.00152	0.00677	0.00388	0.00255	0.00714

[dist]
# distance from previous block
# <min> <max>
0	1

[block]
# block no. 2 follows, 53 sequences, length 20
# corresponding to MSA columns:
# 52-71
name=unknown_C
#
# <colnr> <probs for GDERKNQSTAVLIFYWHMCP>
#	G	D	E	R	K	N	Q	S	T	A	V	L	I	F	Y	W	H	M	C	P
0	0.00678	0.00477	0.00601	0.00608	0.00713	0.00432	0.00441	0.00839	0.01170	0.04324	0.39606	0.28148	0.17850	0.01167	0.00575	0.00166	0.00251	0.01030	0.00488	0.00436
1	0.00773	0.00550	0.00659	0.00649	0.00780	0.00520	0.00478	0.05525	0.04259	0.05189	0.24625	0.29692	0.22183	0.01152	0.00567	0.00167	0.00279	0.01007	0.00477	0.00469
2	0.05666	0.00874	0.01126	0.00867	0.01235	0.00801	0.00716	0.10362	0.01438	0.69046	0.01756	0.01540	0.01116	0.00583	0.00473	0.00147	0.00418	0.00466	0.00567	0.00801
3	0.01187	0.01203	0.04618	0.01687	0.02110	0.01115	0.55558	0.06395	0.01225	0.07108	0.09387	0.01530	0.01157	0.00501	0.00577	0.00159	0.02958	0.00571	0.00309	0.00645
4	0.01080	0.25411	0.40259	0.02920	0.07875	0.01375	0.03278	0.01443	0.00977	0.01362	0.00784	0.00969	0.00625	0.00479	0.00534	0.00143	0.09276	0.00344	0.00207	0.00659
5	0.10537	0.01353	0.01300	0.01043	0.01389	0.10760	0.00846	0.50746	0.09937	0.05645	0.01161	0.01160	0.00840	0.00559	0.00455	0.00144	0.00529	0.00412	0.00437	0.00746
6	0.00639	0.00487	0.00656	0.00730	0.00757	0.00508	0.00513	0.00727	0.00896	0.01212	0.02392	0.70133	0.02847	0.03394	0.00757	0.00203	0.08967	0.03365	0.00415	0.00402
7	0.04564	0.10771	0.01128	0.00877	0.01101	0.12330	0.00730	0.04147	0.06057	0.11456	0.13299	0.02793	0.04231	0.00837	0.00532	0.00162	0.02071	0.21943	0.00410	0.00562
8	0.05563	0.04140	0.02271	0.09597	0.01564	0.04444	0.05176	0.24951	0.10885	0.16634	0.03722	0.01481	0.03845	0.00592	0.00505	0.00150	0.02888	0.00472	0.00420	0.00700
9	0.04914	0.00852	0.00976	0.00845	0.01082	0.00907	0.00655	0.09441	0.27236	0.19721	0.06893	0.08116	0.03475	0.09458	0.00730	0.00191	0.02775	0.00611	0.00471	0.00653
10	0.00612	0.00452	0.00558	0.00600	0.00673	0.00413	0.00415	0.00731	0.01039	0.01380	0.22057	0.40292	0.19020	0.08576	0.00752	0.00201	0.00274	0.01107	0.00450	0.00398
11	0.01089	0.02614	0.08778	0.27606	0.10208	0.01056	0.07720	0.01386	0.02281	0.09690	0.01018	0.01327	0.00796	0.00924	0.11057	0.00240	0.10897	0.00445	0.00266	0.00601
12	0.05847	0.00851	0.00984	0.00715	0.01128	0.00666	0.00574	0.01302	0.01010	0.07722	0.00920	0.01029	0.00734	0.00377	0.00361	0.00081	0.00359	0.00297	0.00308	0.74734
13	0.02024	0.01027	0.01162	0.00920	0.01272	0.09324	0.00747	0.09042	0.05788	0.60923	0.01702	0.01512	0.01106	0.00583	0.00475	0.00146	0.00464	0.00461	0.00539	0.00783
14	0.00898	0.00589	0.00706	0.00693	0.00811	0.00580	0.00497	0.09156	0.03887	0.08041	0.06112	0.37102	0.09443	0.14260	0.00859	0.00220	0.00343	0.02383	0.02949	0.00473
15	0.01174	0.01165	0.03344	0.10231	0.35460	0.04515	0.13517	0.06958	0.03450	0.01603	0.00965	0.02120	0.00785	0.00521	0.02124	0.00153	0.01478	0.00442	0.00267	0.09729
16	0.00945	0.00876	0.01361	0.10085	0.20008	0.01038	0.03275	0.01136	0.00889	0.01277	0.03847	0.01588	0.03291	0.05850	0.17336	0.00311	0.25601	0.00493	0.00249	0.00544
17	0.09951	0.00570	0.00649	0.00613	0.00771	0.00534	0.00454	0.01057	0.01076	0.13929	0.16510	0.16543	0.23840	0.10487	0.00746	0.00196	0.00310	0.00843	0.00448	0.00473
18	0.01054	0.00789	0.09189	0.00732	0.00944	0.00613	0.00617	0.04235	0.02104	0.17832	0.15700	0.12777	0.08460	0.17672	0.00907	0.00218	0.00384	0.00730	0.04518	0.00526
19	0.01233	0.10385	0.07561	0.07948	0.31679	0.03268	0.04693	0.13224	0.07089	0.01709	0.01084	0.04712	0.00914	0.00531	0.00468	0.00145	0.00560	0.01804	0.00297	0.00697

[dist]
# distance from previous block
# <min> <max>
1	19

[block]
# block no. 3 follows, 53 sequences, length 11
# corresponding to MSA columns:
# 98-108
name=unknown_D
#
# <colnr> <probs for GDERKNQSTAVLIFYWHMCP>
#	G	D	E	R	K	N	Q	S	T	A	V	L	I	F	Y	W	H	M	C	P
0	0.09777	0.00850	0.02691	0.00835	0.01131	0.00803	0.00691	0.08206	0.01300	0.44914	0.08186	0.06428	0.05692	0.00705	0.00547	0.00155	0.05341	0.00559	0.00501	0.00689
1	0.01212	0.03821	0.21815	0.05836	0.01714	0.06572	0.12335	0.10380	0.08482	0.08485	0.01347	0.13396	0.01160	0.00649	0.00497	0.00156	0.00581	0.00569	0.00339	0.00653
2	0.06449	0.01070	0.01209	0.10803	0.12549	0.09524	0.00872	0.16872	0.05634	0.06317	0.03581	0.01578	0.02815	0.09040	0.02667	0.00193	0.02918	0.00470	0.04827	0.00613
3	0.01246	0.01342	0.01233	0.07843	0.09297	0.31676	0.03097	0.05057	0.01169	0.01356	0.05843	0.07681	0.01209	0.03967	0.11793	0.00241	0.02809	0.00505	0.02097	0.00538
4	0.01131	0.12322	0.01241	0.00779	0.01179	0.05488	0.00643	0.07706	0.01117	0.01588	0.00969	0.01080	0.03215	0.00415	0.00369	0.00087	0.00415	0.00316	0.00292	0.59648
5	0.05951	0.12100	0.13444	0.01063	0.02858	0.10221	0.06590	0.06283	0.02077	0.12557	0.01216	0.01733	0.01054	0.11933	0.00750	0.00191	0.02252	0.06803	0.00323	0.00602
6	0.01039	0.00952	0.01518	0.21085	0.32884	0.01039	0.03385	0.01345	0.05064	0.03434	0.02949	0.04349	0.07520	0.00609	0.00607	0.00157	0.09269	0.00523	0.00281	0.01990
7	0.00699	0.00493	0.00639	0.00656	0.00720	0.00519	0.00464	0.00864	0.03973	0.01242	0.08232	0.20093	0.02046	0.21800	0.28553	0.00444	0.00660	0.00768	0.06733	0.00402
8	0.38879	0.07954	0.05708	0.00937	0.03990	0.04322	0.04792	0.08495	0.04139	0.06816	0.00999	0.05950	0.00831	0.00579	0.00445	0.03387	0.00463	0.00401	0.00324	0.00588
9	0.11793	0.06871	0.00956	0.03133	0.03620	0.00832	0.00601	0.07426	0.01732	0.01396	0.04835	0.05812	0.02021	0.09737	0.04346	0.25218	0.05938	0.00498	0.02806	0.00430
10	0.00815	0.00551	0.00659	0.00677	0.00792	0.00536	0.00489	0.05347	0.06427	0.06234	0.03816	0.45207	0.15111	0.02424	0.00585	0.00179	0.00301	0.02410	0.06968	0.00470

[dist]
# distance from previous block
# <min> <max>
0	1

[block]
# block no. 4 follows, 53 sequences, length 22
# corresponding to MSA columns:
# 110,115-121,123-127,129-137
name=unknown_E
#
# <colnr> <probs for GDERKNQSTAVLIFYWHMCP>
#	G	D	E	R	K	N	Q	S	T	A	V	L	I	F	Y	W	H	M	C	P
0	0.03099	0.01022	0.03253	0.43405	0.14703	0.03800	0.09689	0.01391	0.04063	0.03693	0.02760	0.02770	0.00842	0.00511	0.00517	0.00157	0.03012	0.00463	0.00255	0.00595
1	0.00807	0.00518	0.00755	0.04814	0.01876	0.00565	0.00550	0.02669	0.00755	0.01030	0.01155	0.04559	0.03082	0.05429	0.23908	0.43390	0.03056	0.00503	0.00246	0.00331
2	0.04983	0.00754	0.00934	0.03019	0.03775	0.01979	0.02612	0.12794	0.02705	0.05379	0.01304	0.02084	0.01251	0.32546	0.19415	0.00408	0.02699	0.00547	0.00322	0.00488
3	0.04225	0.54519	0.23293	0.00976	0.01455	0.03926	0.01066	0.03410	0.01019	0.01313	0.00730	0.00844	0.00613	0.00429	0.00354	0.00119	0.00569	0.00288	0.00215	0.00638
4	0.00959	0.02472	0.80726	0.01362	0.02069	0.01110	0.01766	0.01514	0.01009	0.01514	0.00858	0.01009	0.00605	0.00454	0.00454	0.00151	0.00706	0.00353	0.00202	0.00706
5	0.07695	0.00539	0.00595	0.00584	0.00731	0.00504	0.00433	0.00917	0.03384	0.04914	0.21332	0.16653	0.35350	0.03500	0.00599	0.00171	0.00272	0.00926	0.00454	0.00446
6	0.00794	0.00593	0.00809	0.00756	0.00859	0.00649	0.02772	0.07645	0.00900	0.01246	0.01448	0.02232	0.04108	0.24675	0.47688	0.00592	0.00943	0.00574	0.00291	0.00429
7	0.03286	0.00655	0.00777	0.00747	0.00908	0.00652	0.00548	0.02477	0.17244	0.09124	0.05462	0.37682	0.02252	0.06554	0.00660	0.00187	0.00336	0.01976	0.00442	0.08031
8	0.07726	0.00558	0.00665	0.00629	0.00786	0.00521	0.00472	0.01101	0.01147	0.14572	0.26494	0.19843	0.15397	0.02242	0.00554	0.00163	0.00284	0.00854	0.05502	0.00492
9	0.00685	0.00455	0.00572	0.00612	0.00660	0.00431	0.00405	0.00775	0.00941	0.03729	0.14543	0.41852	0.04165	0.24529	0.01108	0.00259	0.00324	0.01036	0.02534	0.00385
10	0.01404	0.37414	0.01877	0.01106	0.05002	0.28736	0.03136	0.01663	0.07983	0.01255	0.00958	0.01056	0.03299	0.00497	0.00423	0.00123	0.02866	0.00344	0.00254	0.00604
11	0.10276	0.00606	0.00691	0.00678	0.00798	0.00632	0.00493	0.06811	0.05697	0.04127	0.04228	0.27086	0.01856	0.08419	0.03578	0.10549	0.00377	0.01822	0.10824	0.00451
12	0.02326	0.00519	0.00631	0.00653	0.00758	0.00489	0.00466	0.03510	0.02436	0.06676	0.10724	0.43304	0.17154	0.05904	0.00680	0.00193	0.00299	0.02379	0.00452	0.00444
13	0.00603	0.00434	0.00565	0.00639	0.00688	0.00403	0.00435	0.00711	0.00995	0.01340	0.16886	0.61457	0.07036	0.04592	0.00671	0.00195	0.00273	0.01225	0.00453	0.00397
14	0.01113	0.01394	0.09720	0.01957	0.02460	0.01200	0.71690	0.01529	0.01118	0.01529	0.00957	0.01264	0.00715	0.00407	0.00554	0.00160	0.00797	0.00545	0.00238	0.00650
15	0.03604	0.01066	0.01404	0.05083	0.01466	0.11354	0.15010	0.09525	0.01076	0.01438	0.01051	0.04269	0.00932	0.01552	0.25817	0.02182	0.11868	0.00490	0.00274	0.00539
16	0.02449	0.00808	0.01091	0.00985	0.01044	0.02890	0.02362	0.01019	0.00806	0.01185	0.01230	0.06664	0.04188	0.06452	0.23408	0.00369	0.37686	0.02578	0.02316	0.00469
17	0.00743	0.00551	0.00763	0.00745	0.00821	0.00632	0.00560	0.03751	0.00816	0.01162	0.01330	0.04047	0.01310	0.18344	0.56888	0.00640	0.04233	0.00560	0.01686	0.00418
18	0.00581	0.00422	0.00548	0.00649	0.00689	0.00390	0.00436	0.00667	0.00931	0.01227	0.02839	0.75648	0.10272	0.01471	0.00606	0.00191	0.00274	0.01326	0.00444	0.00390
19	0.01285	0.01130	0.01566	0.26976	0.26380	0.04598	0.01206	0.20003	0.05107	0.03113	0.00995	0.01222	0.00764	0.00507	0.00508	0.00150	0.03072	0.00428	0.00305	0.00685
20	0.01239	0.01217	0.01466	0.13540	0.23460	0.16636	0.04431	0.03483	0.10654	0.03924	0.01117	0.04472	0.00932	0.00699	0.04023	0.01639	0.03629	0.00465	0.02345	0.00628
21	0.00968	0.00799	0.01045	0.16366	0.01439	0.03763	0.00811	0.03404	0.10386	0.03900	0.01214	0.01607	0.01032	0.04233	0.29327	0.00386	0.11785	0.00477	0.06534	0.00524

[dist]
# distance from previous block
# <min> <max>
3	42

[block]
# block no. 5 follows, 53 sequences, length 14
# corresponding to MSA columns:
# 202-215
name=unknown_F
#
# <colnr> <probs for GDERKNQSTAVLIFYWHMCP>
#	G	D	E	R	K	N	Q	S	T	A	V	L	I	F	Y	W	H	M	C	P
0	0.00674	0.00458	0.00524	0.00540	0.00551	0.00450	0.00314	0.00691	0.00743	0.00984	0.01809	0.14290	0.05364	0.68244	0.02097	0.00413	0.00428	0.00801	0.00318	0.00308
1	0.07361	0.01108	0.01247	0.00963	0.01335	0.01150	0.00793	0.42666	0.04077	0.26917	0.01350	0.01281	0.00921	0.00559	0.00459	0.00141	0.00463	0.00429	0.00489	0.06292
2	0.00970	0.02396	0.75704	0.01404	0.02096	0.01116	0.06712	0.01515	0.01017	0.01515	0.00865	0.01027	0.00613	0.00451	0.00461	0.00152	0.00713	0.00367	0.00204	0.00702
3	0.01491	0.01443	0.01213	0.01056	0.01308	0.29345	0.00824	0.17588	0.17299	0.05557	0.05380	0.01395	0.01119	0.00887	0.08405	0.00204	0.04029	0.00443	0.00373	0.00641
4	0.00694	0.00467	0.00539	0.00539	0.00545	0.00473	0.00311	0.00706	0.00700	0.00940	0.01490	0.03040	0.01699	0.77601	0.07982	0.00485	0.00521	0.00682	0.00287	0.00299
5	0.00683	0.00512	0.00768	0.00768	0.00853	0.00597	0.00597	0.00853	0.00768	0.01110	0.01280	0.01878	0.01195	0.03585	0.81308	0.00768	0.01280	0.00512	0.00256	0.00427
6	0.67068	0.04617	0.06492	0.00747	0.01082	0.03746	0.00664	0.07911	0.00972	0.02098	0.00722	0.00826	0.00556	0.00455	0.00327	0.00145	0.00429	0.00281	0.00299	0.00561
7	0.00592	0.00423	0.00566	0.00676	0.00708	0.00396	0.00460	0.00682	0.00925	0.01231	0.02629	0.78939	0.03140	0.01488	0.00613	0.00195	0.00286	0.05215	0.00443	0.00391
8	0.01103	0.01135	0.05135	0.10481	0.42126	0.01112	0.13720	0.01513	0.08658	0.01552	0.03030	0.02839	0.00969	0.00509	0.00525	0.00153	0.02683	0.01798	0.00271	0.00688
9	0.00903	0.00850	0.01434	0.82054	0.03292	0.01062	0.01327	0.01221	0.00956	0.01221	0.00850	0.01274	0.00637	0.00478	0.00478	0.00159	0.00637	0.00425	0.00212	0.00531
10	0.00814	0.00631	0.00817	0.00825	0.06403	0.00609	0.02914	0.03005	0.08124	0.03790	0.32423	0.05019	0.20967	0.10635	0.00768	0.00191	0.00326	0.00799	0.00445	0.00493
11	0.05844	0.00874	0.00978	0.00833	0.02633	0.04308	0.00641	0.11379	0.05488	0.08974	0.23026	0.03930	0.01923	0.00754	0.03221	0.00152	0.02264	0.00536	0.00414	0.21830
12	0.02474	0.04312	0.00924	0.00834	0.02563	0.02624	0.00622	0.08337	0.10612	0.06963	0.12306	0.26487	0.09148	0.01020	0.00550	0.00172	0.00368	0.05046	0.02802	0.01837
13	0.22671	0.03713	0.04303	0.11936	0.08425	0.05240	0.05085	0.10089	0.07232	0.03534	0.04026	0.01349	0.01945	0.02194	0.00513	0.00162	0.02560	0.00428	0.01436	0.03160

[dist]
# distance from previous block
# <min> <max>
6	23

[block]
# block no. 6 follows, 53 sequences, length 14
# corresponding to MSA columns:
# 240,241,252-263
name=unknown_G
#
# <colnr> <probs for GDERKNQSTAVLIFYWHMCP>
#	G	D	E	R	K	N	Q	S	T	A	V	L	I	F	Y	W	H	M	C	P
0	0.03454	0.04655	0.13327	0.04275	0.07181	0.02590	0.25871	0.01406	0.01046	0.07197	0.02406	0.05181	0.07071	0.00610	0.00648	0.00162	0.11479	0.00543	0.00285	0.00614
1	0.00948	0.01057	0.10334	0.14707	0.10155	0.03213	0.06875	0.04328	0.01033	0.01413	0.06744	0.14415	0.04323	0.03997	0.02588	0.00193	0.12191	0.00635	0.00298	0.00551
2	0.00862	0.00670	0.00840	0.11262	0.02499	0.04913	0.02107	0.00995	0.03357	0.03301	0.06253	0.12962	0.11879	0.09607	0.02244	0.15582	0.02495	0.02835	0.04916	0.00421
3	0.00941	0.00725	0.01059	0.12229	0.18391	0.02297	0.00824	0.01135	0.01055	0.07318	0.12134	0.15214	0.07266	0.02654	0.07170	0.02575	0.00493	0.02727	0.03260	0.00532
4	0.01723	0.01263	0.01364	0.01062	0.01413	0.01397	0.00868	0.70148	0.05296	0.02821	0.01158	0.01195	0.00841	0.00652	0.00574	0.06051	0.00512	0.00434	0.00460	0.00769
5	0.00723	0.00460	0.00602	0.00659	0.00726	0.00424	0.00453	0.00823	0.00983	0.07707	0.09050	0.61562	0.06409	0.06157	0.00701	0.00201	0.00293	0.01192	0.00454	0.00423
6	0.00828	0.00543	0.00648	0.00649	0.00772	0.00512	0.00473	0.02720	0.04736	0.09283	0.06045	0.26936	0.23173	0.12875	0.00834	0.00215	0.00326	0.06300	0.01677	0.00455
7	0.00782	0.00538	0.00714	0.00682	0.00788	0.00515	0.04797	0.03518	0.01028	0.03855	0.11656	0.28590	0.09068	0.16638	0.00896	0.00220	0.00340	0.02068	0.12879	0.00429
8	0.00717	0.00472	0.00603	0.00668	0.00746	0.00439	0.00470	0.00852	0.02949	0.06722	0.02791	0.61410	0.11787	0.01352	0.00588	0.00185	0.00289	0.04022	0.02506	0.00432
9	0.00832	0.00587	0.00726	0.00667	0.00814	0.00576	0.00507	0.03776	0.10046	0.04975	0.61163	0.05614	0.03789	0.00917	0.00544	0.00152	0.00261	0.00803	0.02743	0.00509
10	0.03750	0.00495	0.00609	0.00627	0.00721	0.00469	0.00446	0.00870	0.02946	0.03736	0.29743	0.35102	0.10718	0.06691	0.00694	0.00190	0.00278	0.01024	0.00462	0.00430
11	0.00733	0.00515	0.00657	0.00675	0.00752	0.00514	0.00484	0.00901	0.05376	0.03528	0.17332	0.31130	0.08523	0.10588	0.03906	0.06137	0.02880	0.04533	0.00418	0.00418
12	0.00996	0.03782	0.01070	0.05272	0.01257	0.00705	0.00618	0.01213	0.00988	0.01523	0.00843	0.00999	0.00701	0.00363	0.00359	0.00077	0.00375	0.00290	0.00276	0.78291
13	0.00683	0.00512	0.00768	0.00768	0.00853	0.00597	0.00597	0.00853	0.00768	0.01110	0.01280	0.01878	0.01195	0.03585	0.81308	0.00768	0.01280	0.00512	0.00256	0.00427

[dist]
# distance from previous block
# <min> <max>
0	1

[block]
# block no. 7 follows, 53 sequences, length 6
# corresponding to MSA columns:
# 265-270
name=unknown_H
#
# <colnr> <probs for GDERKNQSTAVLIFYWHMCP>
#	G	D	E	R	K	N	Q	S	T	A	V	L	I	F	Y	W	H	M	C	P
0	0.01063	0.01118	0.07733	0.15167	0.30781	0.01062	0.11515	0.04404	0.05142	0.01542	0.02645	0.04000	0.01049	0.00663	0.03116	0.00178	0.02265	0.05629	0.00278	0.00650
1	0.03169	0.08976	0.01409	0.16628	0.04090	0.04742	0.08265	0.08123	0.08740	0.07142	0.04557	0.14180	0.03908	0.00709	0.00526	0.00156	0.03124	0.00610	0.00351	0.00594
2	0.01129	0.01087	0.01888	0.02678	0.67955	0.01078	0.06949	0.01405	0.01077	0.01531	0.01049	0.08020	0.00956	0.00514	0.00491	0.00148	0.00561	0.00514	0.00254	0.00718
3	0.00697	0.00459	0.00580	0.00637	0.00711	0.00424	0.00446	0.00807	0.00987	0.05481	0.07147	0.52262	0.13120	0.05729	0.00681	0.00196	0.00290	0.04107	0.04823	0.00416
4	0.01171	0.22350	0.30711	0.03663	0.08398	0.04216	0.05239	0.04727	0.07630	0.03644	0.00996	0.03454	0.00798	0.00495	0.00433	0.00140	0.00599	0.00398	0.00262	0.00676
5	0.01272	0.04582	0.04537	0.06080	0.25720	0.05219	0.14124	0.06006	0.07166	0.09878	0.03811	0.01506	0.05045	0.00538	0.00513	0.00149	0.02353	0.00492	0.00324	0.00684

[dist]
# distance from previous block
# <min> <max>
13	34

[block]
# block no. 8 follows, 53 sequences, length 15
# corresponding to MSA columns:
# 305-319
name=unknown_I
#
# <colnr> <probs for GDERKNQSTAVLIFYWHMCP>
#	G	D	E	R	K	N	Q	S	T	A	V	L	I	F	Y	W	H	M	C	P
0	0.04015	0.00918	0.01268	0.13620	0.16725	0.05128	0.03909	0.04762	0.03097	0.16428	0.04838	0.06227	0.04087	0.04031	0.06561	0.00211	0.00563	0.02638	0.00360	0.00616
1	0.05868	0.00747	0.00880	0.00763	0.00992	0.00742	0.00594	0.11245	0.08913	0.23354	0.14159	0.14491	0.08408	0.03800	0.00577	0.00168	0.00353	0.00711	0.02625	0.00610
2	0.00853	0.00762	0.00951	0.00891	0.00953	0.06328	0.00692	0.00976	0.00815	0.01133	0.03643	0.06190	0.01262	0.10122	0.38297	0.02272	0.22608	0.00546	0.00264	0.00442
3	0.04533	0.01036	0.01290	0.09995	0.09373	0.03396	0.02667	0.16002	0.01241	0.04367	0.00925	0.01089	0.00727	0.00459	0.00476	0.00118	0.04800	0.00361	0.00312	0.36831
4	0.00906	0.00617	0.00761	0.00719	0.00857	0.00639	0.00540	0.06189	0.08576	0.07605	0.07297	0.09243	0.12487	0.14275	0.21172	0.03135	0.00596	0.03513	0.00389	0.00482
5	0.04071	0.00528	0.00630	0.00622	0.00739	0.00511	0.00453	0.03009	0.01047	0.06327	0.15172	0.21585	0.17991	0.10593	0.09244	0.00260	0.00403	0.00868	0.05505	0.00441
6	0.01225	0.03285	0.07766	0.07350	0.07306	0.16906	0.03128	0.06931	0.01894	0.01372	0.00832	0.01177	0.00730	0.05058	0.00970	0.00182	0.30861	0.00410	0.02039	0.00576
7	0.01076	0.00643	0.00806	0.00776	0.00942	0.00632	0.00615	0.04268	0.08365	0.16973	0.05137	0.10700	0.06981	0.13197	0.00845	0.00223	0.00396	0.24906	0.01992	0.00528
8	0.05394	0.00810	0.00919	0.00784	0.01028	0.00833	0.00616	0.15347	0.13996	0.17766	0.12352	0.04272	0.12170	0.05948	0.03169	0.00191	0.00399	0.00626	0.02759	0.00623
9	0.03198	0.00587	0.00856	0.02778	0.09765	0.00620	0.00624	0.04146	0.00815	0.01145	0.01077	0.03719	0.01050	0.05589	0.18886	0.40944	0.00629	0.02942	0.00253	0.00375
10	0.09706	0.08101	0.51338	0.01269	0.04673	0.04221	0.02889	0.01571	0.01030	0.08086	0.00904	0.01026	0.00654	0.00468	0.00453	0.00147	0.02183	0.00353	0.00248	0.00681
11	0.26067	0.00780	0.00797	0.00714	0.00937	0.00827	0.00553	0.09646	0.08750	0.09560	0.10052	0.12551	0.09910	0.06122	0.00588	0.00177	0.00356	0.00640	0.00421	0.00551
12	0.01081	0.00717	0.00889	0.00806	0.00954	0.00766	0.00623	0.12786	0.08164	0.08473	0.08518	0.11615	0.06860	0.01091	0.00929	0.20024	0.07176	0.05876	0.02150	0.00503
13	0.01026	0.00838	0.01076	0.05453	0.09892	0.02066	0.03228	0.07959	0.18935	0.02972	0.19918	0.03222	0.04551	0.08665	0.00715	0.00185	0.01974	0.03026	0.03715	0.00585
14	0.00611	0.00435	0.00546	0.00617	0.00652	0.00409	0.00403	0.00683	0.00895	0.01187	0.05717	0.55972	0.08327	0.20016	0.01019	0.00251	0.00315	0.01163	0.00412	0.00369

[dist]
# distance from previous block
# <min> <max>
0	4

[block]
# block no. 9 follows, 53 sequences, length 27
# corresponding to MSA columns:
# 324-333,342-358
name=unknown_J
#
# <colnr> <probs for GDERKNQSTAVLIFYWHMCP>
#	G	D	E	R	K	N	Q	S	T	A	V	L	I	F	Y	W	H	M	C	P
0	0.03836	0.00809	0.01114	0.10973	0.07640	0.00833	0.03531	0.12405	0.03005	0.17152	0.03409	0.18959	0.01614	0.03456	0.00575	0.00172	0.00443	0.05706	0.03765	0.00604
1	0.00684	0.00508	0.00749	0.00749	0.00827	0.00587	0.00573	0.00841	0.00762	0.01095	0.01298	0.01977	0.01238	0.09913	0.75039	0.00744	0.01215	0.00527	0.00259	0.00416
2	0.00821	0.00546	0.00688	0.00714	0.00845	0.00517	0.00554	0.01048	0.05957	0.08915	0.10549	0.27632	0.17894	0.01207	0.00589	0.00184	0.00325	0.20073	0.00468	0.00474
3	0.03572	0.00788	0.00881	0.00776	0.00967	0.01990	0.00584	0.20648	0.04766	0.11778	0.03725	0.16131	0.08402	0.18008	0.00948	0.02283	0.00413	0.02359	0.00430	0.00551
4	0.55894	0.06880	0.03136	0.00991	0.07486	0.09655	0.04496	0.03860	0.00968	0.01905	0.00726	0.00860	0.00575	0.00447	0.00348	0.00142	0.00482	0.00300	0.00280	0.00567
5	0.01089	0.01011	0.01602	0.24826	0.36207	0.02747	0.04567	0.07206	0.01118	0.01518	0.02640	0.01435	0.02647	0.03203	0.05989	0.00200	0.00631	0.00465	0.00262	0.00637
6	0.05298	0.01041	0.01135	0.00929	0.01245	0.02185	0.00748	0.28855	0.22312	0.19646	0.01742	0.03332	0.05452	0.00645	0.00475	0.00150	0.00428	0.00513	0.03130	0.00739
7	0.04974	0.09628	0.10145	0.14546	0.12408	0.06365	0.09724	0.05464	0.03932	0.04467	0.03016	0.01425	0.03826	0.00521	0.00459	0.00143	0.00574	0.02359	0.00287	0.05739
8	0.01097	0.00874	0.01058	0.00924	0.01095	0.02800	0.01923	0.14800	0.14557	0.04110	0.10951	0.01858	0.01508	0.06730	0.20212	0.01753	0.12268	0.00538	0.00372	0.00573
9	0.01050	0.01046	0.01530	0.01258	0.01359	0.01337	0.08398	0.01224	0.02539	0.01253	0.00715	0.01079	0.00665	0.00735	0.01307	0.00187	0.63167	0.00419	0.00227	0.10505
10	0.01634	0.03812	0.01376	0.04091	0.01474	0.08486	0.00882	0.55078	0.09039	0.02527	0.01245	0.05946	0.00979	0.00619	0.00477	0.00146	0.00532	0.00478	0.00438	0.00743
11	0.00936	0.00787	0.00926	0.00695	0.01064	0.00601	0.00545	0.01123	0.00977	0.01499	0.01137	0.08461	0.03468	0.00520	0.00426	0.02463	0.00345	0.00406	0.00301	0.73323
12	0.00828	0.00652	0.02945	0.00725	0.00861	0.00608	0.00543	0.09682	0.05719	0.03010	0.06002	0.41584	0.10040	0.09521	0.00753	0.00203	0.00344	0.02337	0.00429	0.03212
13	0.00596	0.00430	0.00559	0.00646	0.00686	0.00405	0.00435	0.00684	0.00919	0.01222	0.05038	0.66536	0.08114	0.07054	0.04061	0.00232	0.00327	0.01241	0.00428	0.00386
14	0.02813	0.03859	0.01493	0.30574	0.11410	0.01068	0.08198	0.03309	0.02461	0.03041	0.01032	0.06660	0.00916	0.03391	0.03827	0.03318	0.11313	0.00504	0.00259	0.00555
15	0.00711	0.00459	0.00607	0.00671	0.00737	0.00428	0.00470	0.00807	0.00963	0.06565	0.05825	0.59347	0.07532	0.03541	0.02915	0.02866	0.00325	0.04373	0.00440	0.00415
16	0.01292	0.00711	0.00903	0.00789	0.01013	0.00676	0.02544	0.10259	0.04551	0.27677	0.02371	0.27177	0.11743	0.00945	0.00526	0.00162	0.00359	0.00817	0.04880	0.00604
17	0.45328	0.03688	0.02800	0.04379	0.06677	0.07906	0.04885	0.14515	0.01150	0.02037	0.00796	0.00931	0.00615	0.00474	0.00399	0.00146	0.02036	0.00331	0.00306	0.00601
18	0.00753	0.00574	0.00691	0.00675	0.00804	0.00567	0.00503	0.04002	0.11260	0.01723	0.38407	0.21950	0.12460	0.01076	0.00564	0.00165	0.00275	0.02581	0.00488	0.00484
19	0.07368	0.01144	0.07546	0.15006	0.20989	0.01126	0.07245	0.06706	0.16541	0.05996	0.01159	0.01313	0.00877	0.00512	0.00495	0.00153	0.02575	0.00445	0.02121	0.00684
20	0.00582	0.00418	0.00552	0.00659	0.00692	0.00389	0.00441	0.00666	0.00921	0.01223	0.02713	0.80085	0.05916	0.01487	0.00608	0.00193	0.00276	0.01346	0.00444	0.00389
21	0.04186	0.00890	0.01184	0.09109	0.06634	0.02598	0.07827	0.06684	0.18125	0.08249	0.15103	0.02090	0.06990	0.04074	0.00575	0.00165	0.00439	0.00586	0.03879	0.00611
22	0.00850	0.02811	0.04255	0.15807	0.01430	0.02939	0.00833	0.02602	0.02209	0.01261	0.04513	0.04744	0.04179	0.01946	0.35455	0.00424	0.10479	0.00526	0.00273	0.02465
23	0.03219	0.02234	0.01001	0.00907	0.04302	0.00723	0.03420	0.06798	0.03889	0.20034	0.04885	0.32363	0.04109	0.00937	0.00555	0.00162	0.02856	0.00816	0.00444	0.06347
24	0.03415	0.03454	0.15142	0.01090	0.02996	0.03768	0.00982	0.25240	0.18366	0.05782	0.01297	0.01319	0.02724	0.00568	0.00514	0.00145	0.04751	0.00431	0.00383	0.07632
25	0.06493	0.10565	0.18578	0.03538	0.05858	0.03053	0.03924	0.04749	0.03018	0.08264	0.03298	0.08461	0.01822	0.02494	0.00491	0.00146	0.00506	0.02089	0.00315	0.12339
26	0.02703	0.07017	0.28843	0.04283	0.02613	0.12395	0.10810	0.03465	0.03269	0.02770	0.01009	0.06928	0.00854	0.00549	0.00515	0.00146	0.04731	0.00448	0.00260	0.06392

[dist]
# distance from previous block
# <min> <max>
8	45

[block]
# block no. 10 follows, 53 sequences, length 21
# corresponding to MSA columns:
# 495-508,511-517
name=unknown_K
#
# <colnr> <probs for GDERKNQSTAVLIFYWHMCP>
#	G	D	E	R	K	N	Q	S	T	A	V	L	I	F	Y	W	H	M	C	P
0	0.08059	0.01010	0.01210	0.15732	0.07770	0.06141	0.03042	0.09090	0.22310	0.01683	0.01328	0.09364	0.01139	0.00720	0.00610	0.06160	0.03153	0.00531	0.00346	0.00604
1	0.23229	0.00931	0.00957	0.00824	0.01095	0.01019	0.00657	0.20492	0.16055	0.09537	0.01530	0.09385	0.03302	0.00697	0.00470	0.01778	0.00395	0.01957	0.05055	0.00636
2	0.00610	0.00439	0.00572	0.00654	0.00702	0.00411	0.00452	0.00715	0.00973	0.01298	0.11278	0.60225	0.07425	0.06092	0.00710	0.00205	0.00291	0.06109	0.00444	0.00394
3	0.01187	0.02001	0.51035	0.01243	0.01814	0.01194	0.01425	0.20755	0.05003	0.01902	0.00974	0.01080	0.00703	0.00499	0.00489	0.00148	0.02980	0.00380	0.00288	0.04899
4	0.00734	0.00511	0.00659	0.05849	0.00874	0.00492	0.00495	0.00873	0.01041	0.05497	0.20825	0.21525	0.16383	0.14899	0.03753	0.00240	0.00362	0.04140	0.00423	0.00424
5	0.47688	0.00946	0.00886	0.00760	0.01045	0.01052	0.00610	0.17398	0.04863	0.08672	0.01122	0.07911	0.00944	0.03668	0.00464	0.00163	0.00401	0.00434	0.00379	0.00595
6	0.06121	0.00753	0.00962	0.00787	0.01074	0.00696	0.00640	0.05830	0.02552	0.46983	0.20079	0.02270	0.04107	0.00725	0.00501	0.00152	0.00365	0.04179	0.00542	0.00684
7	0.00694	0.00468	0.00546	0.00546	0.00554	0.00477	0.00320	0.00711	0.00702	0.00945	0.01484	0.03004	0.01684	0.75289	0.10272	0.00494	0.00545	0.00677	0.00286	0.00303
8	0.00798	0.00502	0.00584	0.00566	0.00606	0.00497	0.00345	0.00866	0.03081	0.06158	0.06626	0.05743	0.01921	0.67403	0.02068	0.00405	0.00436	0.00710	0.00335	0.00351
9	0.00610	0.00453	0.00572	0.00646	0.00708	0.00424	0.00445	0.00756	0.03659	0.01326	0.10623	0.61932	0.13320	0.01379	0.00595	0.00184	0.00271	0.01236	0.00453	0.00409
10	0.01131	0.01282	0.02777	0.02059	0.06291	0.01205	0.74726	0.01528	0.01126	0.01533	0.00964	0.01284	0.00727	0.00404	0.00560	0.00160	0.00794	0.00557	0.00241	0.00650
11	0.00698	0.00459	0.00519	0.00527	0.00534	0.00458	0.00302	0.00715	0.00725	0.00990	0.01581	0.08185	0.01802	0.73633	0.02206	0.00428	0.00439	0.00725	0.04770	0.00304
12	0.00606	0.00439	0.00576	0.00663	0.00715	0.00409	0.00464	0.00718	0.00989	0.01318	0.11289	0.62923	0.08476	0.01407	0.00606	0.00189	0.00282	0.07080	0.00452	0.00400
13	0.01147	0.14315	0.28411	0.09528	0.04876	0.03039	0.20580	0.08238	0.01141	0.01548	0.00874	0.01084	0.00664	0.00454	0.00484	0.00146	0.02160	0.00407	0.00240	0.00664
14	0.00879	0.00447	0.00651	0.00638	0.00662	0.00446	0.00435	0.00739	0.02641	0.03623	0.03716	0.01543	0.00989	0.01574	0.01740	0.77945	0.00407	0.00436	0.00239	0.00251
15	0.00822	0.00420	0.00630	0.00630	0.00635	0.00425	0.00425	0.00635	0.00630	0.00845	0.00854	0.01475	0.00849	0.01762	0.06061	0.81590	0.00461	0.00420	0.00210	0.00219
16	0.01009	0.01121	0.09131	0.01069	0.01270	0.10676	0.07623	0.05127	0.02774	0.01303	0.01072	0.01549	0.00968	0.08270	0.32002	0.00420	0.13364	0.00473	0.00260	0.00520
17	0.01581	0.04219	0.05770	0.01193	0.01583	0.04794	0.13890	0.34126	0.08200	0.14110	0.01373	0.01426	0.03219	0.00568	0.00489	0.00148	0.00557	0.01594	0.00420	0.00738
18	0.03106	0.03906	0.22674	0.13030	0.01867	0.08404	0.01187	0.29878	0.03521	0.03621	0.00985	0.01108	0.00721	0.00524	0.00497	0.00148	0.03406	0.00393	0.00327	0.00697
19	0.09355	0.09594	0.29392	0.01362	0.09992	0.04254	0.07004	0.05669	0.01117	0.12216	0.00971	0.01090	0.00713	0.00488	0.00496	0.00147	0.04788	0.00381	0.00287	0.00685
20	0.08259	0.03538	0.01282	0.01073	0.02433	0.23027	0.06170	0.07872	0.05040	0.05698	0.01111	0.05171	0.00975	0.02605	0.06070	0.00193	0.07430	0.03166	0.00316	0.08573

[dist]
# distance from previous block
# <min> <max>
1	5

[block]
# block no. 11 follows, 53 sequences, length 12
# corresponding to MSA columns:
# 524-535
name=unknown_L
#
# <colnr> <probs for GDERKNQSTAVLIFYWHMCP>
#	G	D	E	R	K	N	Q	S	T	A	V	L	I	F	Y	W	H	M	C	P
0	0.06077	0.08603	0.01419	0.01088	0.04144	0.10752	0.07247	0.24147	0.03864	0.08032	0.08417	0.01704	0.07576	0.00635	0.00501	0.00145	0.02618	0.01989	0.00390	0.00650
1	0.17554	0.00564	0.00621	0.00653	0.00769	0.00574	0.00478	0.00949	0.02970	0.02887	0.08690	0.37535	0.07825	0.06571	0.00653	0.00195	0.00317	0.06925	0.02835	0.00436
2	0.13327	0.00965	0.01027	0.00902	0.01144	0.01099	0.00712	0.15240	0.34963	0.03651	0.04367	0.05945	0.01417	0.05203	0.00640	0.00179	0.04979	0.03153	0.00431	0.00654
3	0.01715	0.01189	0.04209	0.01208	0.08007	0.05036	0.04603	0.27677	0.10710	0.27127	0.01421	0.01375	0.00986	0.00559	0.00478	0.00147	0.00506	0.00457	0.01819	0.00771
4	0.00668	0.00540	0.00736	0.00779	0.00843	0.02902	0.04750	0.00778	0.00938	0.01238	0.02394	0.68628	0.02815	0.01464	0.03563	0.00212	0.01987	0.03937	0.00415	0.00413
5	0.00951	0.00814	0.00991	0.00814	0.05249	0.00643	0.00601	0.01161	0.01004	0.01536	0.04459	0.01327	0.04555	0.00600	0.04801	0.00120	0.00405	0.00362	0.00297	0.69309
6	0.01084	0.00946	0.00926	0.00885	0.04261	0.12153	0.00646	0.01577	0.22245	0.07245	0.22577	0.02592	0.16904	0.00797	0.00509	0.00149	0.00390	0.00664	0.00446	0.03004
7	0.00962	0.00816	0.00958	0.00698	0.01094	0.00620	0.00556	0.01176	0.01025	0.01591	0.08187	0.01230	0.01061	0.00412	0.00373	0.00078	0.00342	0.00337	0.00306	0.78179
8	0.01112	0.07061	0.18924	0.01079	0.08038	0.02630	0.00951	0.05114	0.01089	0.04813	0.01010	0.01129	0.02949	0.00434	0.00402	0.00107	0.00480	0.00345	0.00282	0.42052
9	0.01301	0.00853	0.01032	0.00766	0.01161	0.00697	0.00618	0.04272	0.03263	0.21050	0.01158	0.01202	0.00864	0.00526	0.02836	0.00116	0.00402	0.00351	0.00371	0.57163
10	0.00944	0.00783	0.00924	0.00707	0.01065	0.00610	0.00562	0.01143	0.00984	0.01510	0.01092	0.03476	0.01014	0.04843	0.00497	0.00109	0.00363	0.07165	0.02171	0.70040
11	0.01031	0.02786	0.13399	0.01533	0.22192	0.03098	0.05570	0.01318	0.02050	0.02818	0.08615	0.05266	0.03548	0.00617	0.00583	0.00146	0.08468	0.03003	0.00294	0.13665

[dist]
# distance from previous block
# <min> <max>
4	14

[block]
# block no. 12 follows, 53 sequences, length 21
# corresponding to MSA columns:
# 550-556,560-573
name=unknown_M
#
# <colnr> <probs for GDERKNQSTAVLIFYWHMCP>
#	G	D	E	R	K	N	Q	S	T	A	V	L	I	F	Y	W	H	M	C	P
0	0.06738	0.04094	0.01421	0.05525	0.29942	0.04040	0.01003	0.08796	0.06389	0.05820	0.02921	0.03043	0.04078	0.01787	0.00522	0.00148	0.03051	0.02607	0.01511	0.06562
1	0.32211	0.03396	0.01098	0.05352	0.06277	0.10275	0.00760	0.08035	0.12240	0.07432	0.03575	0.02874	0.00945	0.00542	0.00421	0.00146	0.01583	0.00398	0.00351	0.02088
2	0.00905	0.02983	0.04584	0.00921	0.07178	0.03287	0.03879	0.03947	0.01187	0.06491	0.23347	0.13493	0.18520	0.03547	0.00594	0.00166	0.00370	0.01806	0.02280	0.00515
3	0.00891	0.00445	0.00445	0.00445	0.00557	0.00445	0.00334	0.01114	0.01002	0.01782	0.01559	0.01782	0.01225	0.00557	0.00334	0.00111	0.00223	0.00445	0.85856	0.00445
4	0.00991	0.00850	0.00991	0.00708	0.01133	0.00637	0.00566	0.01203	0.00991	0.01557	0.00850	0.00991	0.00708	0.00354	0.00354	0.00071	0.00354	0.00283	0.00283	0.86124
5	0.00584	0.00450	0.00533	0.00586	0.00676	0.00400	0.00411	0.00695	0.01025	0.01311	0.10407	0.43879	0.34662	0.01334	0.00588	0.00177	0.00258	0.01172	0.00451	0.00400
6	0.00891	0.00445	0.00445	0.00445	0.00557	0.00445	0.00334	0.01114	0.01002	0.01782	0.01559	0.01782	0.01225	0.00557	0.00334	0.00111	0.00223	0.00445	0.85856	0.00445
7	0.03924	0.00752	0.01105	0.20529	0.05461	0.03378	0.06635	0.01099	0.00986	0.04626	0.01722	0.29478	0.03491	0.00998	0.03047	0.00191	0.03413	0.05151	0.03516	0.00499
8	0.03494	0.01162	0.05094	0.11626	0.34671	0.03697	0.19790	0.01402	0.01063	0.01483	0.01042	0.04170	0.00913	0.00532	0.00539	0.00157	0.03229	0.05032	0.00254	0.00649
9	0.01072	0.00976	0.04218	0.04803	0.15093	0.02239	0.05727	0.08304	0.07225	0.03858	0.10645	0.07647	0.05263	0.02049	0.00549	0.00146	0.02963	0.00567	0.00353	0.16303
10	0.00856	0.00728	0.01140	0.44913	0.02166	0.00836	0.02258	0.01033	0.00898	0.01176	0.01296	0.04659	0.08180	0.03329	0.00827	0.14972	0.03768	0.00513	0.00249	0.06204
11	0.01130	0.03153	0.01386	0.15192	0.15757	0.03661	0.07392	0.04182	0.14946	0.06792	0.09003	0.03565	0.04118	0.00654	0.00552	0.03976	0.00494	0.00537	0.02889	0.00620
12	0.01294	0.01517	0.01022	0.00946	0.01155	0.45458	0.00710	0.01505	0.06431	0.01316	0.08015	0.04452	0.22751	0.00764	0.00486	0.00140	0.00596	0.00587	0.00343	0.00514
13	0.01133	0.25883	0.21383	0.00972	0.01412	0.01223	0.01000	0.01399	0.00980	0.05349	0.00824	0.00967	0.00669	0.00461	0.00506	0.00119	0.09576	0.00317	0.00247	0.25580
14	0.01186	0.00970	0.01037	0.00931	0.01191	0.01106	0.00724	0.02395	0.69618	0.04906	0.06350	0.01879	0.01614	0.00662	0.00486	0.00159	0.00366	0.00554	0.03134	0.00732
15	0.01452	0.00682	0.00901	0.00752	0.01002	0.00619	0.00596	0.01716	0.05733	0.42076	0.33173	0.05055	0.02595	0.00779	0.00518	0.00151	0.00328	0.00666	0.00555	0.00651
16	0.00614	0.00425	0.00545	0.00634	0.00679	0.00397	0.00430	0.00719	0.00950	0.01306	0.06074	0.68355	0.06447	0.01374	0.00580	0.00183	0.00268	0.01236	0.08384	0.00397
17	0.02825	0.01084	0.01280	0.03496	0.01408	0.01119	0.03910	0.40987	0.04101	0.14131	0.01480	0.03217	0.05292	0.00607	0.00474	0.00140	0.00472	0.01868	0.00447	0.11662
18	0.00962	0.00764	0.00857	0.00778	0.00981	0.00817	0.00600	0.03814	0.36936	0.03592	0.33032	0.02749	0.10484	0.00831	0.00524	0.00157	0.00309	0.00711	0.00500	0.00603
19	0.01778	0.01302	0.01393	0.01072	0.01444	0.01439	0.00885	0.75397	0.02195	0.02961	0.01165	0.01174	0.00830	0.00573	0.00472	0.00142	0.00513	0.00431	0.04036	0.00798
20	0.86579	0.00924	0.00702	0.00629	0.00924	0.01072	0.00518	0.01405	0.00813	0.02144	0.00666	0.00776	0.00518	0.00444	0.00296	0.00148	0.00370	0.00259	0.00296	0.00518

[dist]
# distance from previous block
# <min> <max>
0	42

[block]
# block no. 13 follows, 53 sequences, length 15
# corresponding to MSA columns:
# 624-638
name=unknown_N
#
# <colnr> <probs for GDERKNQSTAVLIFYWHMCP>
#	G	D	E	R	K	N	Q	S	T	A	V	L	I	F	Y	W	H	M	C	P
0	0.00703	0.00530	0.00748	0.00740	0.00799	0.00612	0.00551	0.00829	0.00756	0.01077	0.01345	0.05403	0.01359	0.20586	0.56148	0.00645	0.05919	0.00581	0.00268	0.00401
1	0.00788	0.00514	0.00670	0.00616	0.00751	0.00469	0.00467	0.01006	0.01343	0.08135	0.70581	0.03460	0.07449	0.00956	0.00557	0.00151	0.00241	0.00840	0.00528	0.00478
2	0.00693	0.00473	0.00570	0.00570	0.00587	0.00490	0.00350	0.00726	0.00710	0.00963	0.01461	0.02881	0.01630	0.67472	0.18017	0.00524	0.00625	0.00659	0.00283	0.00317
3	0.00891	0.00445	0.00445	0.00445	0.00557	0.00445	0.00334	0.01114	0.01002	0.01782	0.01559	0.01782	0.01225	0.00557	0.00334	0.00111	0.00223	0.00445	0.85856	0.00445
4	0.00699	0.00498	0.00730	0.00730	0.00799	0.00566	0.00550	0.00815	0.00747	0.01064	0.01255	0.01950	0.01208	0.10764	0.65887	0.09455	0.01116	0.00519	0.00254	0.00392
5	0.00998	0.00917	0.01477	0.35108	0.14151	0.00965	0.09000	0.01346	0.05842	0.02899	0.01190	0.04366	0.04197	0.00522	0.00474	0.00143	0.00546	0.00482	0.00273	0.15103
6	0.00891	0.00445	0.00445	0.00445	0.00557	0.00445	0.00334	0.01114	0.01002	0.01782	0.01559	0.01782	0.01225	0.00557	0.00334	0.00111	0.00223	0.00445	0.85856	0.00445
7	0.00679	0.00506	0.00541	0.00521	0.00690	0.00428	0.00395	0.00816	0.01136	0.06491	0.12753	0.04296	0.66777	0.01145	0.00559	0.00159	0.00251	0.00959	0.00462	0.00435
8	0.00831	0.00613	0.00826	0.04128	0.03825	0.00657	0.00610	0.05600	0.02387	0.04406	0.09350	0.18237	0.07421	0.10232	0.24872	0.00378	0.04043	0.00751	0.00362	0.00470
9	0.02831	0.03970	0.04278	0.10161	0.07641	0.11383	0.06037	0.10962	0.14146	0.05843	0.04419	0.03500	0.01114	0.00628	0.01887	0.00156	0.01788	0.02166	0.00348	0.06742
10	0.00836	0.00825	0.06185	0.03959	0.01118	0.00912	0.00807	0.01032	0.02787	0.01199	0.05108	0.01746	0.01189	0.09973	0.34342	0.00455	0.26287	0.00506	0.00259	0.00475
11	0.00627	0.00464	0.00581	0.00606	0.00696	0.00424	0.00436	0.00777	0.01125	0.01513	0.34381	0.30422	0.18521	0.03979	0.00646	0.00180	0.00261	0.03475	0.00472	0.00415
12	0.03983	0.04138	0.03575	0.27017	0.29512	0.06232	0.12375	0.01394	0.01054	0.01418	0.01027	0.01313	0.03923	0.00476	0.00476	0.00149	0.00623	0.00448	0.00239	0.00629
13	0.05466	0.03870	0.10869	0.08873	0.19598	0.04103	0.05999	0.09422	0.11324	0.10169	0.01211	0.02910	0.00945	0.00541	0.00472	0.00151	0.00550	0.02493	0.00337	0.00696
14	0.01316	0.04024	0.05803	0.03938	0.03578	0.24328	0.02732	0.05546	0.09190	0.01381	0.00859	0.01081	0.00724	0.00638	0.00886	0.00165	0.32561	0.00395	0.00263	0.00593

[dist]
# distance from previous block
# <min> <max>
0	1

[block]
# block no. 14 follows, 53 sequences, length 15
# corresponding to MSA columns:
# 647-661
name=unknown_O
#
# <colnr> <probs for GDERKNQSTAVLIFYWHMCP>
#	G	D	E	R	K	N	Q	S	T	A	V	L	I	F	Y	W	H	M	C	P
0	0.23015	0.01188	0.01646	0.03779	0.04386	0.04867	0.23329	0.16887	0.01230	0.01922	0.00871	0.01069	0.00673	0.00495	0.00556	0.00152	0.08650	0.00412	0.00301	0.04571
1	0.01202	0.00943	0.01346	0.21022	0.22509	0.01026	0.01038	0.08179	0.15555	0.08726	0.01374	0.01522	0.03381	0.00603	0.02022	0.00160	0.00506	0.00473	0.07744	0.00668
2	0.00891	0.00445	0.00445	0.00445	0.00557	0.00445	0.00334	0.01114	0.01002	0.01782	0.01559	0.01782	0.01225	0.00557	0.00334	0.00111	0.00223	0.00445	0.85856	0.00445
3	0.00991	0.00850	0.00991	0.00708	0.01133	0.00637	0.00566	0.01203	0.00991	0.01557	0.00850	0.00991	0.00708	0.00354	0.00354	0.00071	0.00354	0.00283	0.00283	0.86124
4	0.00651	0.00484	0.00608	0.00593	0.00709	0.00441	0.00444	0.00846	0.01263	0.01731	0.57540	0.09724	0.18597	0.01071	0.00571	0.00158	0.00239	0.03392	0.00502	0.00437
5	0.01271	0.01068	0.01127	0.00989	0.01274	0.01227	0.00776	0.12491	0.69272	0.02132	0.01841	0.01700	0.01375	0.00639	0.00485	0.00160	0.00398	0.00526	0.00485	0.00764
