[name]
unknown

[dist]
# distance from previous block
# <min> <max>
0	163

[block]
# block no. 0 follows, 48 sequences, length 12
# corresponding to MSA columns:
# 167-178
name=unknown_A
#
# <colnr> <probs for GDERKNQSTAVLIFYWHMCP>
#	G	D	E	R	K	N	Q	S	T	A	V	L	I	F	Y	W	H	M	C	P
0	0.05869	0.11069	0.12218	0.03831	0.04152	0.03187	0.03752	0.14065	0.05342	0.17254	0.05183	0.01528	0.01147	0.00587	0.00481	0.00150	0.00541	0.02522	0.00404	0.06719
1	0.14116	0.08407	0.11116	0.02596	0.05860	0.07257	0.06592	0.08149	0.06721	0.05892	0.01159	0.02701	0.00947	0.04258	0.08271	0.00231	0.00660	0.00452	0.01689	0.02928
2	0.06165	0.09301	0.13498	0.02987	0.16475	0.08228	0.03219	0.08812	0.04947	0.07066	0.01306	0.01408	0.05468	0.00550	0.00471	0.00145	0.00583	0.00444	0.00331	0.08597
3	0.04572	0.09666	0.07297	0.07080	0.12843	0.04859	0.06084	0.04188	0.08803	0.08797	0.05876	0.04779	0.01218	0.00583	0.00483	0.00147	0.00542	0.00498	0.00354	0.11330
4	0.04236	0.09543	0.17169	0.03791	0.15331	0.05433	0.03889	0.08314	0.06361	0.01715	0.01555	0.10355	0.07271	0.00690	0.00503	0.00159	0.00570	0.00581	0.00330	0.02203
5	0.02721	0.10223	0.15101	0.01486	0.10551	0.10790	0.13863	0.03067	0.06564	0.02827	0.03149	0.04956	0.04943	0.00680	0.02586	0.00170	0.00657	0.00521	0.00308	0.04837
6	0.13244	0.08650	0.20360	0.03461	0.06013	0.02574	0.13525	0.05766	0.02452	0.03968	0.05032	0.01451	0.03464	0.02674	0.00532	0.00162	0.00603	0.00466	0.00308	0.05295
7	0.02864	0.15819	0.23573	0.08600	0.12396	0.03925	0.08603	0.06179	0.04549	0.05134	0.02995	0.01252	0.00876	0.00511	0.00479	0.00152	0.00649	0.00430	0.00290	0.00723
8	0.01308	0.30659	0.11106	0.01323	0.08412	0.08143	0.07372	0.01548	0.01100	0.05207	0.01024	0.07162	0.00925	0.00593	0.00564	0.00146	0.08347	0.00455	0.00273	0.04331
9	0.01049	0.06199	0.03440	0.00974	0.07124	0.00796	0.00693	0.08686	0.01053	0.03973	0.06183	0.04303	0.03824	0.07896	0.12878	0.28974	0.00604	0.00557	0.00320	0.00473
10	0.58114	0.01134	0.05435	0.00814	0.01178	0.01162	0.00708	0.10604	0.04026	0.07123	0.00932	0.01005	0.00692	0.00507	0.00374	0.00155	0.00440	0.00333	0.00362	0.04904
11	0.04567	0.03752	0.00925	0.00817	0.00954	0.00805	0.00635	0.06560	0.04174	0.01438	0.01478	0.02071	0.03628	0.11545	0.48946	0.00599	0.02874	0.00556	0.03175	0.00501

[dist]
# distance from previous block
# <min> <max>
0	1

[block]
# block no. 1 follows, 48 sequences, length 7
# corresponding to MSA columns:
# 180-186
name=unknown_B
#
# <colnr> <probs for GDERKNQSTAVLIFYWHMCP>
#	G	D	E	R	K	N	Q	S	T	A	V	L	I	F	Y	W	H	M	C	P
0	0.05411	0.23580	0.04328	0.04369	0.04651	0.06841	0.21363	0.06394	0.01271	0.01689	0.13855	0.01556	0.01405	0.00564	0.00489	0.00148	0.00616	0.00506	0.00316	0.00648
1	0.10689	0.14286	0.01099	0.03497	0.01045	0.00916	0.00643	0.06301	0.01087	0.01565	0.06345	0.30501	0.02106	0.05214	0.09421	0.00261	0.00515	0.03609	0.00384	0.00516
2	0.00958	0.00773	0.01179	0.00993	0.01160	0.00809	0.13298	0.09762	0.01044	0.01431	0.01389	0.02305	0.01362	0.31142	0.29570	0.00520	0.00879	0.00620	0.00313	0.00492
3	0.01205	0.00990	0.01127	0.00848	0.01263	0.00863	0.00677	0.14017	0.06601	0.01948	0.01143	0.05187	0.00967	0.00503	0.00426	0.00102	0.00409	0.00407	0.00363	0.60957
4	0.03887	0.12268	0.41095	0.01334	0.01890	0.19924	0.03695	0.07254	0.01261	0.01625	0.00885	0.01026	0.00671	0.00499	0.00462	0.00148	0.00750	0.00365	0.00254	0.00708
5	0.00919	0.00846	0.01314	0.58108	0.02792	0.00969	0.01158	0.01213	0.01054	0.01365	0.01628	0.01929	0.13700	0.00629	0.00513	0.00160	0.00578	0.00543	0.00278	0.10302
6	0.07368	0.01228	0.01385	0.14978	0.10607	0.12110	0.03045	0.05461	0.17513	0.01755	0.03066	0.04254	0.01090	0.00599	0.00532	0.00155	0.03606	0.00486	0.00346	0.10417

[dist]
# distance from previous block
# <min> <max>
5	22

[block]
# block no. 2 follows, 48 sequences, length 14
# corresponding to MSA columns:
# 211-224
name=unknown_C
#
# <colnr> <probs for GDERKNQSTAVLIFYWHMCP>
#	G	D	E	R	K	N	Q	S	T	A	V	L	I	F	Y	W	H	M	C	P
0	0.01009	0.06193	0.27417	0.01307	0.10253	0.00984	0.03014	0.06748	0.01168	0.01628	0.04230	0.21989	0.04672	0.03550	0.00604	0.00178	0.00542	0.00725	0.00338	0.03450
1	0.08138	0.03083	0.02343	0.03721	0.06546	0.21331	0.00770	0.07966	0.01219	0.06768	0.01481	0.06864	0.05106	0.21318	0.01026	0.00240	0.00597	0.00576	0.00347	0.00561
2	0.03672	0.00871	0.01105	0.08107	0.05225	0.00949	0.03797	0.05324	0.22296	0.01765	0.07714	0.08917	0.18995	0.00983	0.02716	0.00194	0.04387	0.01934	0.00432	0.00615
3	0.03985	0.26711	0.07717	0.06648	0.01457	0.10464	0.03388	0.06842	0.03333	0.01490	0.01248	0.01591	0.04856	0.10987	0.02993	0.00203	0.00609	0.00454	0.04426	0.00600
4	0.01327	0.04037	0.01821	0.09590	0.30094	0.12592	0.03675	0.05217	0.01146	0.01517	0.00861	0.01176	0.00736	0.00603	0.00829	0.00171	0.23234	0.00436	0.00256	0.00682
5	0.00978	0.00943	0.01163	0.01110	0.04956	0.09121	0.07496	0.01210	0.04962	0.01402	0.04225	0.12824	0.15753	0.06460	0.08426	0.00266	0.11804	0.06013	0.00363	0.00525
6	0.01302	0.01267	0.01690	0.18992	0.35605	0.11215	0.01297	0.07571	0.04188	0.01672	0.04779	0.01396	0.00994	0.00575	0.00583	0.02174	0.03239	0.00468	0.00294	0.00700
7	0.00956	0.00478	0.00478	0.00478	0.00598	0.00478	0.00359	0.01196	0.01076	0.01913	0.01674	0.01913	0.01315	0.00598	0.00359	0.00120	0.00239	0.00478	0.84816	0.00478
8	0.01087	0.01831	0.40214	0.04629	0.02110	0.01076	0.19823	0.01538	0.01134	0.05475	0.01385	0.05626	0.04894	0.00612	0.00538	0.00168	0.00693	0.03390	0.00287	0.03488
9	0.05269	0.02454	0.10043	0.20708	0.13440	0.00980	0.01102	0.07438	0.01223	0.01719	0.11625	0.12369	0.03799	0.00791	0.00540	0.00171	0.00523	0.04835	0.00355	0.00613
10	0.01377	0.01433	0.01285	0.11476	0.06045	0.31238	0.01017	0.02824	0.03458	0.04027	0.01524	0.02645	0.01466	0.00831	0.00590	0.00177	0.02955	0.24698	0.00349	0.00583
11	0.00884	0.00541	0.00711	0.00697	0.00824	0.00493	0.00511	0.01063	0.01280	0.11452	0.39646	0.30408	0.07100	0.01200	0.00611	0.00178	0.00286	0.01066	0.00539	0.00508
12	0.01013	0.04976	0.01480	0.03832	0.07865	0.02132	0.14568	0.01245	0.01035	0.05296	0.03640	0.11522	0.01499	0.01834	0.27395	0.00396	0.04984	0.04396	0.00324	0.00568
13	0.01202	0.01080	0.03529	0.03214	0.17671	0.07225	0.04723	0.12382	0.03746	0.02745	0.04774	0.07154	0.03503	0.10991	0.04915	0.07653	0.00600	0.01940	0.00349	0.00604

[dist]
# distance from previous block
# <min> <max>
0	1

[block]
# block no. 3 follows, 48 sequences, length 15
# corresponding to MSA columns:
# 226-234,236-241
name=unknown_D
#
# <colnr> <probs for GDERKNQSTAVLIFYWHMCP>
#	G	D	E	R	K	N	Q	S	T	A	V	L	I	F	Y	W	H	M	C	P
0	0.00780	0.00563	0.00680	0.00694	0.00807	0.00540	0.00515	0.05491	0.01216	0.01636	0.19987	0.23388	0.17041	0.09454	0.00817	0.00217	0.00335	0.10685	0.04692	0.00462
1	0.04912	0.14481	0.15543	0.06439	0.33363	0.04821	0.05015	0.01533	0.01127	0.01561	0.01158	0.01366	0.05493	0.00517	0.00476	0.00150	0.00626	0.00446	0.00258	0.00715
2	0.01460	0.03760	0.04953	0.04577	0.10318	0.23277	0.03658	0.06705	0.25541	0.01736	0.01256	0.01350	0.00983	0.00603	0.00599	0.00161	0.07540	0.00457	0.00352	0.00714
3	0.03768	0.01724	0.05240	0.01226	0.01595	0.21209	0.01021	0.49383	0.01998	0.02547	0.01069	0.01134	0.00792	0.00598	0.00549	0.00152	0.04380	0.00420	0.00419	0.00776
4	0.01133	0.00996	0.01173	0.03801	0.06073	0.03105	0.00722	0.04256	0.01133	0.01707	0.00924	0.01090	0.00762	0.00403	0.00400	0.00089	0.00428	0.00326	0.00305	0.71174
5	0.00689	0.00522	0.00737	0.00773	0.00860	0.00528	0.02223	0.00838	0.00987	0.01332	0.05980	0.36264	0.10855	0.02280	0.27820	0.00414	0.00683	0.05364	0.00406	0.00445
6	0.01038	0.00597	0.00768	0.00684	0.00870	0.00533	0.00527	0.01256	0.01417	0.18043	0.52378	0.03551	0.14318	0.00997	0.00587	0.00162	0.00285	0.00863	0.00567	0.00558
7	0.01288	0.01279	0.02038	0.08165	0.66629	0.06034	0.03914	0.01588	0.01178	0.01625	0.00953	0.01259	0.00794	0.00464	0.00509	0.00153	0.00642	0.00454	0.00253	0.00779
8	0.00655	0.00480	0.00609	0.00699	0.00751	0.00453	0.00472	0.00794	0.03538	0.01357	0.05859	0.65759	0.09522	0.05543	0.00742	0.00217	0.00306	0.01343	0.00473	0.00428
9	0.00741	0.00529	0.00728	0.00847	0.00927	0.00517	0.00678	0.00915	0.01097	0.01440	0.02764	0.38055	0.03140	0.01498	0.00686	0.00224	0.00398	0.43893	0.00474	0.00449
10	0.00731	0.00543	0.00703	0.00785	0.00877	0.00532	0.00598	0.00962	0.05784	0.01469	0.06573	0.40833	0.10326	0.01500	0.02817	0.00226	0.00380	0.23421	0.00477	0.00464
11	0.35613	0.15351	0.05616	0.00926	0.01305	0.03997	0.03733	0.10218	0.01207	0.12072	0.02280	0.01122	0.00815	0.00628	0.03023	0.00172	0.00533	0.00369	0.00357	0.00664
12	0.02302	0.00873	0.01191	0.00913	0.01310	0.00754	0.00754	0.02501	0.01469	0.79122	0.02024	0.01746	0.01270	0.00635	0.00516	0.00159	0.00437	0.00516	0.00635	0.00873
13	0.00699	0.00499	0.00680	0.00798	0.00860	0.00480	0.00604	0.00841	0.01055	0.01392	0.02788	0.54036	0.03233	0.01538	0.00674	0.00219	0.00361	0.28331	0.00475	0.00437
14	0.01285	0.01339	0.05794	0.14234	0.55585	0.06669	0.01505	0.04496	0.01211	0.01651	0.00954	0.01250	0.00778	0.00478	0.00505	0.00154	0.00648	0.00445	0.00259	0.00762

[dist]
# distance from previous block
# <min> <max>
3	16

[block]
# block no. 4 follows, 48 sequences, length 13
# corresponding to MSA columns:
# 258,259,263-268,278-282
name=unknown_E
#
# <colnr> <probs for GDERKNQSTAVLIFYWHMCP>
#	G	D	E	R	K	N	Q	S	T	A	V	L	I	F	Y	W	H	M	C	P
0	0.01367	0.43820	0.01926	0.00942	0.01251	0.19991	0.00810	0.01550	0.03839	0.01223	0.00949	0.01309	0.00897	0.11503	0.06490	0.00221	0.00686	0.00381	0.00257	0.00588
1	0.00973	0.00923	0.01141	0.03097	0.16520	0.07313	0.03696	0.01206	0.03724	0.01490	0.02572	0.14553	0.24264	0.02438	0.00587	0.00166	0.00454	0.02702	0.00376	0.11805
2	0.07101	0.26366	0.04950	0.37303	0.07547	0.06067	0.01197	0.01468	0.01057	0.01382	0.00833	0.01117	0.00673	0.00484	0.00438	0.00147	0.00634	0.00377	0.00235	0.00622
3	0.00989	0.00925	0.01514	0.75481	0.03389	0.01149	0.01385	0.01404	0.06089	0.01366	0.00990	0.01404	0.00742	0.00525	0.00514	0.00171	0.00666	0.00464	0.00247	0.00586
4	0.01201	0.01253	0.01560	0.01345	0.01371	0.09316	0.01110	0.01315	0.00852	0.01237	0.00685	0.01103	0.00672	0.00862	0.01563	0.00215	0.73109	0.00437	0.00228	0.00565
5	0.00676	0.00512	0.00559	0.00553	0.00654	0.00465	0.00374	0.00774	0.01053	0.01338	0.14579	0.04187	0.39175	0.31350	0.01354	0.00292	0.00346	0.00935	0.00428	0.00395
6	0.01768	0.01169	0.01306	0.01027	0.01378	0.01248	0.00839	0.49520	0.04117	0.14456	0.11740	0.01713	0.01506	0.00678	0.00518	0.00154	0.00480	0.00537	0.05046	0.00798
7	0.00956	0.00478	0.00478	0.00478	0.00598	0.00478	0.00359	0.01196	0.01076	0.01913	0.01674	0.01913	0.01315	0.00598	0.00359	0.00120	0.00239	0.00478	0.84816	0.00478
8	0.01029	0.02654	0.79309	0.01462	0.02221	0.01192	0.01896	0.01625	0.01083	0.01625	0.00921	0.01083	0.00650	0.00487	0.00487	0.00162	0.00758	0.00379	0.00217	0.00758
9	0.01096	0.17041	0.09010	0.00932	0.01271	0.09242	0.03714	0.01375	0.02967	0.01659	0.26311	0.02122	0.03711	0.00686	0.00486	0.00136	0.00481	0.02198	0.00370	0.15191
10	0.00956	0.00478	0.00478	0.00478	0.00598	0.00478	0.00359	0.01196	0.01076	0.01913	0.01674	0.01913	0.01315	0.00598	0.00359	0.00120	0.00239	0.00478	0.84816	0.00478
11	0.01481	0.50012	0.02106	0.00945	0.01315	0.08677	0.00856	0.08978	0.03819	0.06613	0.01024	0.03998	0.00881	0.00550	0.00432	0.00129	0.02989	0.00382	0.04140	0.00673
12	0.23982	0.04836	0.04255	0.01202	0.12059	0.02854	0.00870	0.15817	0.05785	0.02134	0.05770	0.01377	0.02581	0.00673	0.03300	0.00169	0.00512	0.00428	0.00363	0.11032

[dist]
# distance from previous block
# <min> <max>
0	2

[block]
# block no. 5 follows, 48 sequences, length 47
# corresponding to MSA columns:
# 285-331
name=unknown_F
#
# <colnr> <probs for GDERKNQSTAVLIFYWHMCP>
#	G	D	E	R	K	N	Q	S	T	A	V	L	I	F	Y	W	H	M	C	P
0	0.04948	0.03522	0.01279	0.01204	0.10030	0.07043	0.00851	0.19488	0.13938	0.05065	0.05479	0.07664	0.06954	0.00732	0.00535	0.00157	0.02439	0.00593	0.02914	0.05165
1	0.00814	0.00544	0.00714	0.00660	0.00797	0.00499	0.00499	0.01054	0.01453	0.06367	0.74219	0.03716	0.04642	0.01026	0.00600	0.00161	0.00253	0.00905	0.00569	0.00506
2	0.03713	0.01403	0.01346	0.01117	0.01451	0.11624	0.00890	0.40234	0.22624	0.02549	0.03308	0.04834	0.01227	0.00675	0.00513	0.00159	0.00546	0.00526	0.00478	0.00784
3	0.85592	0.00992	0.00754	0.00675	0.00992	0.01151	0.00556	0.01508	0.00873	0.02302	0.00714	0.00834	0.00556	0.00476	0.00318	0.00159	0.00397	0.00278	0.00318	0.00556
4	0.85592	0.00992	0.00754	0.00675	0.00992	0.01151	0.00556	0.01508	0.00873	0.02302	0.00714	0.00834	0.00556	0.00476	0.00318	0.00159	0.00397	0.00278	0.00318	0.00556
5	0.00739	0.00528	0.00713	0.00713	0.00766	0.00581	0.00502	0.00845	0.00792	0.01109	0.01476	0.02580	0.01528	0.36685	0.47432	0.00687	0.01006	0.00632	0.00290	0.00396
6	0.01372	0.82276	0.02689	0.00878	0.01317	0.02030	0.00878	0.01536	0.01043	0.01207	0.00713	0.00823	0.00658	0.00439	0.00329	0.00110	0.00549	0.00274	0.00219	0.00658
7	0.01566	0.00960	0.01241	0.00914	0.01349	0.00805	0.04503	0.07244	0.01310	0.28712	0.01328	0.01330	0.00946	0.00488	0.00448	0.00115	0.00437	0.00404	0.00432	0.45464
8	0.01270	0.03629	0.26035	0.03161	0.02873	0.02198	0.01121	0.12761	0.08196	0.10756	0.12029	0.06613	0.05688	0.00727	0.00526	0.00163	0.00531	0.00600	0.00413	0.00710
9	0.01075	0.00942	0.00939	0.00915	0.01082	0.09120	0.00681	0.05846	0.26133	0.01694	0.04017	0.28633	0.02247	0.07709	0.00747	0.00211	0.00442	0.06520	0.00459	0.00587
10	0.06304	0.01987	0.01492	0.01266	0.01585	0.47607	0.04167	0.24390	0.01693	0.01930	0.00946	0.01049	0.00735	0.00549	0.00474	0.00142	0.00775	0.00381	0.01849	0.00678
11	0.01198	0.01473	0.08391	0.02113	0.02649	0.01290	0.71629	0.01642	0.01202	0.01642	0.01030	0.01363	0.00770	0.00436	0.00597	0.00172	0.00858	0.00590	0.00257	0.00697
12	0.00638	0.00521	0.00564	0.00553	0.00712	0.00447	0.00415	0.00798	0.01244	0.01564	0.24572	0.04646	0.59073	0.01233	0.00606	0.00170	0.00255	0.01042	0.00500	0.00447
13	0.00717	0.00524	0.00673	0.00636	0.00761	0.00480	0.00477	0.00950	0.01430	0.02004	0.72672	0.03921	0.10699	0.01069	0.00605	0.00162	0.00243	0.00940	0.00558	0.00480
14	0.00658	0.00492	0.00611	0.00644	0.00741	0.00445	0.00459	0.00813	0.01198	0.01603	0.31235	0.35402	0.21158	0.01331	0.00625	0.00183	0.00269	0.01177	0.00509	0.00445
15	0.00956	0.00478	0.00478	0.00478	0.00598	0.00478	0.00359	0.01196	0.01076	0.01913	0.01674	0.01913	0.01315	0.00598	0.00359	0.00120	0.00239	0.00478	0.84816	0.00478
16	0.01197	0.01481	0.08873	0.02109	0.02646	0.01289	0.71155	0.01642	0.01201	0.01642	0.01029	0.01361	0.00769	0.00437	0.00596	0.00172	0.00857	0.00588	0.00256	0.00697
17	0.01917	0.02445	0.01454	0.01322	0.01586	0.79907	0.00991	0.02049	0.01454	0.01256	0.00793	0.00925	0.00661	0.00529	0.00463	0.00132	0.00925	0.00330	0.00264	0.00595
18	0.05768	0.01490	0.01215	0.01160	0.05397	0.30916	0.00853	0.09421	0.10683	0.03998	0.13404	0.02066	0.05118	0.00728	0.00516	0.00156	0.00603	0.05470	0.00403	0.00634
19	0.01560	0.00840	0.01008	0.00832	0.01134	0.00793	0.00675	0.15989	0.01543	0.32949	0.07250	0.02933	0.24787	0.00895	0.00558	0.00166	0.00398	0.04443	0.00552	0.00698
20	0.01186	0.01045	0.01556	0.28747	0.17086	0.01222	0.01221	0.04809	0.08156	0.04858	0.02873	0.01400	0.00923	0.00615	0.00754	0.00172	0.17472	0.00472	0.00301	0.05131
21	0.05764	0.05151	0.01792	0.08001	0.09936	0.14107	0.12954	0.25304	0.05488	0.02082	0.01135	0.01284	0.02244	0.00554	0.00522	0.00155	0.01983	0.00462	0.00355	0.00726
22	0.01174	0.03432	0.21234	0.12284	0.11488	0.01258	0.33313	0.04771	0.01195	0.01657	0.00983	0.01269	0.00740	0.00466	0.00538	0.00163	0.00755	0.00493	0.00255	0.02533
23	0.33884	0.01188	0.01160	0.09130	0.01504	0.08003	0.00816	0.18848	0.01401	0.16458	0.01104	0.01159	0.00785	0.00544	0.00432	0.00155	0.00517	0.00387	0.00406	0.02120
24	0.00960	0.00784	0.01110	0.03183	0.04448	0.00895	0.02686	0.01139	0.01066	0.05394	0.06652	0.10951	0.12996	0.01165	0.02397	0.00217	0.23648	0.19388	0.00391	0.00530
25	0.00809	0.00570	0.00745	0.00755	0.00897	0.00531	0.00609	0.01031	0.01280	0.03579	0.34175	0.08485	0.08988	0.01173	0.00625	0.00186	0.00340	0.27606	0.02900	0.04716
26	0.05011	0.03661	0.05917	0.04092	0.02002	0.21126	0.30838	0.05725	0.02409	0.04920	0.01029	0.01246	0.00788	0.00515	0.00564	0.00158	0.04176	0.00473	0.04687	0.00663
27	0.34442	0.01002	0.01142	0.26113	0.01897	0.01166	0.00906	0.10349	0.08475	0.04250	0.04897	0.01328	0.00964	0.00558	0.00442	0.00164	0.00502	0.00424	0.00353	0.00627
28	0.00822	0.00629	0.00731	0.00689	0.00837	0.02877	0.00518	0.01129	0.07227	0.03886	0.54546	0.07810	0.14222	0.01059	0.00595	0.00166	0.00285	0.00922	0.00538	0.00512
29	0.00658	0.00474	0.00625	0.00694	0.00756	0.00440	0.00484	0.00796	0.01128	0.01534	0.24910	0.55451	0.05718	0.01433	0.00640	0.00194	0.00284	0.02839	0.00502	0.00438
30	0.01352	0.00999	0.01108	0.00975	0.01254	0.01101	0.00762	0.08257	0.49787	0.11310	0.10971	0.06336	0.01957	0.00773	0.00537	0.00171	0.00397	0.00651	0.00537	0.00765
31	0.01123	0.01123	0.01572	0.01347	0.01347	0.01572	0.01123	0.01235	0.00786	0.01235	0.00674	0.01123	0.00674	0.00898	0.01684	0.00225	0.81028	0.00449	0.00225	0.00561
32	0.01029	0.02654	0.79309	0.01462	0.02221	0.01192	0.01896	0.01625	0.01083	0.01625	0.00921	0.01083	0.00650	0.00487	0.00487	0.00162	0.00758	0.00379	0.00217	0.00758
33	0.00711	0.00506	0.00686	0.00799	0.00862	0.00489	0.00608	0.00854	0.01050	0.01385	0.02728	0.47932	0.03148	0.05250	0.00767	0.00233	0.00376	0.30715	0.00467	0.00434
34	0.00618	0.00517	0.00538	0.00540	0.00702	0.00437	0.00402	0.00755	0.01185	0.01441	0.11420	0.08347	0.68758	0.01292	0.00609	0.00174	0.00260	0.01087	0.00484	0.00437
35	0.01123	0.01123	0.01572	0.01347	0.01347	0.01572	0.01123	0.01235	0.00786	0.01235	0.00674	0.01123	0.00674	0.00898	0.01684	0.00225	0.81028	0.00449	0.00225	0.00561
36	0.01372	0.00695	0.00961	0.00933	0.01154	0.00651	0.00800	0.01594	0.01287	0.30194	0.02461	0.04295	0.02331	0.01128	0.00638	0.00208	0.00459	0.47685	0.00533	0.00621
37	0.00745	0.00503	0.00587	0.00587	0.00596	0.00512	0.00345	0.00764	0.00754	0.01015	0.01592	0.03220	0.01805	0.73928	0.10569	0.00531	0.00588	0.00726	0.00307	0.00326
38	0.01372	0.82276	0.02689	0.00878	0.01317	0.02030	0.00878	0.01536	0.01043	0.01207	0.00713	0.00823	0.00658	0.00439	0.00329	0.00110	0.00549	0.00274	0.00219	0.00658
39	0.00978	0.00849	0.01226	0.01089	0.01145	0.01094	0.02752	0.01110	0.00822	0.03201	0.01051	0.01653	0.01011	0.08124	0.30430	0.02487	0.39696	0.00514	0.00261	0.00508
40	0.00956	0.00478	0.00478	0.00478	0.00598	0.00478	0.00359	0.01196	0.01076	0.01913	0.01674	0.01913	0.01315	0.00598	0.00359	0.00120	0.00239	0.00478	0.84816	0.00478
41	0.01125	0.01136	0.01521	0.55916	0.06061	0.11540	0.03076	0.01517	0.06787	0.01420	0.04274	0.01451	0.00930	0.00547	0.00513	0.00165	0.00678	0.00472	0.00271	0.00600
42	0.01989	0.01445	0.01378	0.02779	0.07172	0.27426	0.00933	0.02169	0.01385	0.40327	0.01417	0.01385	0.00979	0.00602	0.00579	0.00154	0.06244	0.00444	0.00446	0.00748
43	0.01293	0.13094	0.11336	0.01826	0.23516	0.11229	0.03901	0.01561	0.02319	0.01435	0.00843	0.01114	0.00725	0.00592	0.00803	0.00166	0.22909	0.00411	0.00242	0.00683
44	0.00721	0.00527	0.00675	0.00709	0.00801	0.00504	0.00520	0.00942	0.04441	0.01653	0.32789	0.31302	0.07243	0.05593	0.00738	0.00205	0.00309	0.09363	0.00504	0.00461
45	0.01428	0.71404	0.02526	0.00935	0.01348	0.08709	0.00896	0.03511	0.01107	0.01264	0.00733	0.00849	0.00665	0.00462	0.00378	0.00116	0.02494	0.00288	0.00231	0.00656
46	0.00787	0.00474	0.00607	0.00618	0.00625	0.00470	0.00383	0.00721	0.00764	0.01023	0.03934	0.10646	0.01756	0.41609	0.02125	0.31697	0.00450	0.00713	0.00303	0.00295

[dist]
# distance from previous block
# <min> <max>
0	1

[block]
# block no. 6 follows, 48 sequences, length 17
# corresponding to MSA columns:
# 333-349
name=unknown_G
#
# <colnr> <probs for GDERKNQSTAVLIFYWHMCP>
#	G	D	E	R	K	N	Q	S	T	A	V	L	I	F	Y	W	H	M	C	P
0	0.01404	0.01450	0.01759	0.10838	0.38275	0.18479	0.03029	0.04657	0.11861	0.01667	0.01089	0.01295	0.00871	0.00517	0.00503	0.00154	0.00663	0.00450	0.00300	0.00738
1	0.01815	0.12284	0.01644	0.01361	0.05729	0.63681	0.01008	0.04140	0.01415	0.01330	0.00805	0.00940	0.00675	0.00516	0.00450	0.00131	0.00851	0.00334	0.00265	0.00623
2	0.00772	0.00550	0.00653	0.00635	0.00778	0.00492	0.00464	0.00915	0.01135	0.05520	0.17058	0.15667	0.30861	0.10949	0.04879	0.00244	0.00368	0.02569	0.00461	0.05032
3	0.01183	0.27127	0.20146	0.18775	0.16114	0.03415	0.01358	0.01512	0.01076	0.01414	0.00870	0.01117	0.00706	0.00560	0.02503	0.00162	0.00669	0.00380	0.00230	0.00684
4	0.01123	0.01123	0.01572	0.01347	0.01347	0.01572	0.01123	0.01235	0.00786	0.01235	0.00674	0.01123	0.00674	0.00898	0.01684	0.00225	0.81028	0.00449	0.00225	0.00561
5	0.00635	0.00454	0.00604	0.00708	0.00746	0.00423	0.00477	0.00740	0.01029	0.01384	0.10300	0.73950	0.03537	0.01552	0.00650	0.00204	0.00292	0.01406	0.00485	0.00423
6	0.02225	0.00854	0.01164	0.00904	0.01284	0.00739	0.00741	0.02419	0.01446	0.75562	0.02061	0.05401	0.01367	0.00680	0.00522	0.00161	0.00430	0.00559	0.00628	0.00852
7	0.00956	0.00478	0.00478	0.00478	0.00598	0.00478	0.00359	0.01196	0.01076	0.01913	0.01674	0.01913	0.01315	0.00598	0.00359	0.00120	0.00239	0.00478	0.84816	0.00478
8	0.01571	0.01249	0.01326	0.01104	0.01447	0.01414	0.00884	0.35239	0.44847	0.02622	0.01714	0.01616	0.01263	0.00661	0.00518	0.00165	0.00475	0.00528	0.00518	0.00839
9	0.01029	0.02654	0.79309	0.01462	0.02221	0.01192	0.01896	0.01625	0.01083	0.01625	0.00921	0.01083	0.00650	0.00487	0.00487	0.00162	0.00758	0.00379	0.00217	0.00758
10	0.00627	0.00521	0.00548	0.00541	0.00705	0.00442	0.00406	0.00776	0.01217	0.01500	0.17580	0.04751	0.66106	0.01257	0.00606	0.00171	0.00257	0.01057	0.00491	0.00442
11	0.00969	0.00912	0.01539	0.80734	0.03534	0.01140	0.01425	0.01311	0.01026	0.01311	0.00912	0.01368	0.00684	0.00513	0.00513	0.00171	0.00684	0.00456	0.00228	0.00570
12	0.02302	0.00873	0.01191	0.00913	0.01310	0.00754	0.00754	0.02501	0.01469	0.79122	0.02024	0.01746	0.01270	0.00635	0.00516	0.00159	0.00437	0.00516	0.00635	0.00873
13	0.02186	0.00893	0.01179	0.00910	0.01296	0.00795	0.00750	0.07589	0.01518	0.69639	0.02141	0.01883	0.05425	0.00670	0.00521	0.00159	0.00436	0.00543	0.00618	0.00849
14	0.01877	0.02273	0.01437	0.01293	0.01566	0.69125	0.00983	0.09312	0.01537	0.01459	0.00912	0.01149	0.00773	0.00573	0.00477	0.00138	0.00872	0.03329	0.00297	0.00617
15	0.00650	0.00484	0.00662	0.00734	0.00787	0.00451	0.02796	0.00747	0.00987	0.01304	0.02863	0.68026	0.08751	0.07189	0.00787	0.00225	0.00326	0.01355	0.00458	0.00419
16	0.01565	0.01074	0.01201	0.01010	0.01317	0.01162	0.00813	0.30789	0.22370	0.12602	0.03305	0.06157	0.01521	0.02353	0.00574	0.00174	0.00461	0.06266	0.04520	0.00765

[dist]
# distance from previous block
# <min> <max>
0	1

[block]
# block no. 7 follows, 48 sequences, length 8
# corresponding to MSA columns:
# 351-358
name=unknown_H
#
# <colnr> <probs for GDERKNQSTAVLIFYWHMCP>
#	G	D	E	R	K	N	Q	S	T	A	V	L	I	F	Y	W	H	M	C	P
0	0.01259	0.34418	0.04804	0.01131	0.01366	0.01715	0.01024	0.06030	0.01003	0.01359	0.00758	0.01036	0.00700	0.00781	0.03742	0.00192	0.37438	0.00379	0.00242	0.00624
1	0.00956	0.00478	0.00478	0.00478	0.00598	0.00478	0.00359	0.01196	0.01076	0.01913	0.01674	0.01913	0.01315	0.00598	0.00359	0.00120	0.00239	0.00478	0.84816	0.00478
2	0.01813	0.01366	0.01501	0.06793	0.01703	0.01527	0.00991	0.64185	0.09940	0.02988	0.01296	0.01311	0.00929	0.00617	0.00514	0.00157	0.00557	0.00473	0.00494	0.00845
3	0.00705	0.00486	0.00566	0.00596	0.00617	0.00472	0.00359	0.00737	0.00839	0.01105	0.02201	0.23206	0.08229	0.55429	0.01962	0.00399	0.00429	0.00952	0.00365	0.00347
4	0.05393	0.00691	0.00912	0.00856	0.01035	0.00677	0.04792	0.04449	0.04456	0.09902	0.10703	0.20084	0.10459	0.06851	0.00747	0.00212	0.00405	0.16364	0.00474	0.00537
5	0.05522	0.06607	0.01450	0.01140	0.01474	0.27055	0.00916	0.28140	0.08544	0.08151	0.01249	0.01427	0.00977	0.00621	0.00488	0.00151	0.00645	0.04302	0.00413	0.00728
6	0.01684	0.05983	0.32026	0.01179	0.01723	0.01158	0.01253	0.16740	0.01480	0.29667	0.01366	0.01336	0.00916	0.00563	0.00494	0.00157	0.00594	0.00439	0.00425	0.00817
7	0.00808	0.00586	0.00719	0.00727	0.00821	0.00591	0.00542	0.04856	0.01070	0.01404	0.04936	0.17359	0.20346	0.14199	0.01145	0.09246	0.04570	0.13329	0.02318	0.00427

[dist]
# distance from previous block
# <min> <max>
4	12

[block]
# block no. 8 follows, 48 sequences, length 24
# corresponding to MSA columns:
# 371-373,379-399
name=unknown_I
#
# <colnr> <probs for GDERKNQSTAVLIFYWHMCP>
#	G	D	E	R	K	N	Q	S	T	A	V	L	I	F	Y	W	H	M	C	P
0	0.00805	0.00569	0.00710	0.03638	0.04831	0.00582	0.00464	0.00878	0.03037	0.01101	0.01610	0.04443	0.01792	0.63930	0.02219	0.04051	0.00501	0.04154	0.00317	0.00367
1	0.25970	0.12043	0.01477	0.12624	0.06950	0.22599	0.00957	0.05505	0.01170	0.01691	0.00806	0.00997	0.00655	0.00515	0.00470	0.00149	0.04179	0.00347	0.00279	0.00616
2	0.00642	0.00503	0.00580	0.00606	0.00720	0.00456	0.00433	0.00766	0.01087	0.01378	0.10240	0.23031	0.41853	0.07823	0.07273	0.00259	0.00377	0.01091	0.00455	0.00426
3	0.08891	0.04627	0.01927	0.05478	0.56871	0.01218	0.04113	0.02803	0.01171	0.04662	0.02839	0.01298	0.00892	0.00483	0.00490	0.00153	0.00584	0.00452	0.00284	0.00765
4	0.04398	0.05692	0.13966	0.06871	0.23538	0.07579	0.20908	0.01692	0.01188	0.07800	0.01023	0.01248	0.00778	0.00479	0.00511	0.00157	0.00704	0.00462	0.00280	0.00728
5	0.01321	0.01081	0.01625	0.09252	0.09646	0.01247	0.09735	0.02970	0.14180	0.12367	0.01314	0.01660	0.01059	0.00714	0.00895	0.00188	0.25267	0.04435	0.00357	0.00689
6	0.01123	0.01132	0.01661	0.04190	0.01507	0.01539	0.05870	0.01263	0.00821	0.01263	0.00705	0.01148	0.00680	0.00855	0.01575	0.00219	0.73192	0.00459	0.00227	0.00570
7	0.05422	0.01254	0.02495	0.05620	0.09278	0.01196	0.51796	0.01741	0.01220	0.13041	0.01155	0.01400	0.00839	0.00470	0.00566	0.00168	0.00748	0.00556	0.00316	0.00717
8	0.01268	0.17618	0.25352	0.01249	0.06280	0.09595	0.01182	0.01748	0.11747	0.06045	0.03590	0.05545	0.01130	0.00767	0.04557	0.00186	0.00650	0.00476	0.00318	0.00697
9	0.00956	0.00478	0.00478	0.00478	0.00598	0.00478	0.00359	0.01196	0.01076	0.01913	0.01674	0.01913	0.01315	0.00598	0.00359	0.00120	0.00239	0.00478	0.84816	0.00478
10	0.00726	0.00524	0.00686	0.00646	0.00767	0.00484	0.00484	0.00968	0.01452	0.02058	0.78496	0.03833	0.04841	0.01049	0.00605	0.00161	0.00242	0.00928	0.00565	0.00484
11	0.04119	0.01085	0.01806	0.27908	0.48419	0.01164	0.01458	0.01465	0.01113	0.01575	0.01016	0.01485	0.00857	0.00518	0.00512	0.00162	0.00620	0.03751	0.00257	0.00711
12	0.08466	0.17609	0.08040	0.13234	0.09068	0.04328	0.03841	0.08013	0.16470	0.01767	0.01114	0.01254	0.00871	0.00543	0.00500	0.00155	0.03279	0.00424	0.00320	0.00703
13	0.01150	0.01096	0.01866	0.34129	0.48726	0.01188	0.01515	0.01469	0.01112	0.01530	0.00944	0.01309	0.00761	0.00479	0.00510	0.00160	0.00639	0.00457	0.00244	0.00716
14	0.02302	0.00873	0.01191	0.00913	0.01310	0.00754	0.00754	0.02501	0.01469	0.79122	0.02024	0.01746	0.01270	0.00635	0.00516	0.00159	0.00437	0.00516	0.00635	0.00873
15	0.00763	0.00534	0.00688	0.03384	0.00895	0.00502	0.00539	0.00934	0.02318	0.05484	0.16689	0.38496	0.17744	0.01372	0.01944	0.00201	0.00332	0.06220	0.00489	0.00471
16	0.04451	0.01066	0.02748	0.23960	0.08397	0.03123	0.18284	0.03492	0.05204	0.07469	0.01335	0.08752	0.01142	0.00739	0.02865	0.00192	0.01883	0.02782	0.01472	0.00642
17	0.01951	0.01437	0.01540	0.01181	0.01591	0.01591	0.00975	0.77056	0.02412	0.03234	0.01232	0.01232	0.00873	0.00616	0.00513	0.00154	0.00565	0.00462	0.00513	0.00873
18	0.00748	0.00533	0.00644	0.00626	0.00770	0.00474	0.00470	0.00933	0.01300	0.05287	0.39647	0.11607	0.31037	0.01182	0.00609	0.00172	0.00268	0.02691	0.00526	0.00477
19	0.00658	0.00482	0.00624	0.00720	0.00787	0.00448	0.00518	0.00782	0.01060	0.01389	0.06622	0.56169	0.13571	0.01511	0.00654	0.00206	0.00316	0.12572	0.00480	0.00431
20	0.02112	0.00825	0.01127	0.00893	0.01246	0.00719	0.00729	0.02288	0.01401	0.69505	0.02038	0.05963	0.01413	0.00757	0.00592	0.03788	0.00431	0.02758	0.00605	0.00810
21	0.00954	0.00643	0.00800	0.00720	0.00890	0.00618	0.00551	0.07868	0.03490	0.07668	0.58158	0.06267	0.07343	0.01003	0.00590	0.00163	0.00292	0.00874	0.00557	0.00551
22	0.01087	0.00991	0.01584	0.64676	0.09326	0.01201	0.01386	0.08150	0.01154	0.01511	0.00937	0.01340	0.00711	0.00531	0.00552	0.00170	0.03365	0.00456	0.00256	0.00616
23	0.05071	0.07133	0.01679	0.03121	0.23061	0.36954	0.03303	0.04560	0.01311	0.01512	0.00968	0.05288	0.00856	0.00554	0.00475	0.00143	0.00725	0.00434	0.00281	0.02570

[dist]
# distance from previous block
# <min> <max>
0	1

[block]
# block no. 9 follows, 48 sequences, length 31
# corresponding to MSA columns:
# 401-431
name=unknown_J
#
# <colnr> <probs for GDERKNQSTAVLIFYWHMCP>
#	G	D	E	R	K	N	Q	S	T	A	V	L	I	F	Y	W	H	M	C	P
0	0.00721	0.00548	0.00668	0.00648	0.00780	0.00511	0.00481	0.00991	0.05604	0.01844	0.50949	0.11779	0.20287	0.01139	0.00606	0.00169	0.00261	0.00995	0.00535	0.00485
1	0.03415	0.05585	0.01466	0.01103	0.01482	0.01483	0.00905	0.48638	0.22024	0.04405	0.01428	0.01388	0.01042	0.00619	0.00499	0.00155	0.00512	0.00477	0.00494	0.02881
2	0.01124	0.01326	0.16917	0.19774	0.25466	0.01090	0.03596	0.01489	0.03232	0.04404	0.02778	0.01432	0.00921	0.03164	0.02831	0.02566	0.02614	0.00466	0.00273	0.04535
3	0.01194	0.12332	0.54622	0.01451	0.06288	0.02669	0.04009	0.01669	0.01120	0.07243	0.01010	0.02395	0.00753	0.00507	0.00477	0.00156	0.00699	0.00404	0.00256	0.00747
4	0.01056	0.06170	0.46482	0.01282	0.01830	0.01078	0.06758	0.01552	0.04359	0.04833	0.10163	0.06168	0.01462	0.00664	0.00523	0.00166	0.00629	0.03816	0.00316	0.00692
5	0.05967	0.00843	0.01123	0.00878	0.01241	0.00746	0.00718	0.02301	0.01411	0.68389	0.06186	0.01814	0.01422	0.00694	0.00568	0.03336	0.00424	0.00525	0.00601	0.00813
6	0.03118	0.01465	0.26701	0.03995	0.11303	0.02327	0.05967	0.03465	0.01177	0.04740	0.06949	0.09413	0.10044	0.00779	0.00570	0.00172	0.02375	0.04449	0.00342	0.00650
7	0.01538	0.08140	0.08332	0.06851	0.30092	0.02898	0.05458	0.01827	0.01238	0.24148	0.01300	0.01500	0.00972	0.00543	0.00504	0.00156	0.00588	0.02776	0.00365	0.00775
8	0.01893	0.00811	0.01069	0.00851	0.01185	0.00721	0.00691	0.04126	0.03090	0.57357	0.14665	0.02304	0.07384	0.00751	0.00537	0.00160	0.00395	0.00624	0.00607	0.00777
9	0.00700	0.00521	0.00652	0.00625	0.00752	0.00472	0.00466	0.00916	0.01382	0.01905	0.62007	0.06950	0.18523	0.01117	0.00607	0.00165	0.00247	0.00977	0.00545	0.00472
10	0.01268	0.53477	0.23006	0.02981	0.01604	0.04695	0.01155	0.01549	0.01067	0.01326	0.00842	0.03412	0.00742	0.00493	0.00391	0.00129	0.00615	0.00346	0.00229	0.00673
11	0.06083	0.01639	0.30958	0.31196	0.15072	0.01186	0.01563	0.03605	0.01101	0.01602	0.00921	0.01209	0.00690	0.00495	0.00491	0.00164	0.00680	0.00417	0.00241	0.00688
12	0.00726	0.00524	0.00686	0.00646	0.00767	0.00484	0.00484	0.00968	0.01452	0.02058	0.78496	0.03833	0.04841	0.01049	0.00605	0.00161	0.00242	0.00928	0.00565	0.00484
13	0.00755	0.00494	0.00566	0.00566	0.00566	0.00494	0.00319	0.00742	0.00742	0.00989	0.01574	0.03251	0.01808	0.77215	0.02576	0.05510	0.00494	0.00728	0.00306	0.00306
14	0.01249	0.30528	0.15048	0.01056	0.01511	0.01404	0.04760	0.05387	0.08555	0.03056	0.02713	0.02881	0.00941	0.00524	0.00461	0.00131	0.02795	0.00402	0.00301	0.16297
15	0.01398	0.01177	0.01650	0.08578	0.35335	0.01259	0.01207	0.17955	0.16348	0.04192	0.01295	0.01500	0.01020	0.04097	0.00604	0.00174	0.00557	0.00496	0.00373	0.00785
16	0.00956	0.00478	0.00478	0.00478	0.00598	0.00478	0.00359	0.01196	0.01076	0.01913	0.01674	0.01913	0.01315	0.00598	0.00359	0.00120	0.00239	0.00478	0.84816	0.00478
17	0.00739	0.00527	0.00709	0.00709	0.00760	0.00578	0.00497	0.00842	0.00790	0.01105	0.01480	0.02602	0.01537	0.37987	0.46143	0.00682	0.00991	0.00636	0.00291	0.00394
18	0.03647	0.05127	0.03636	0.04858	0.07734	0.55185	0.01043	0.01983	0.01376	0.09432	0.00939	0.01056	0.00735	0.00528	0.00466	0.00139	0.00809	0.00363	0.00299	0.00646
19	0.01372	0.82276	0.02689	0.00878	0.01317	0.02030	0.00878	0.01536	0.01043	0.01207	0.00713	0.00823	0.00658	0.00439	0.00329	0.00110	0.00549	0.00274	0.00219	0.00658
20	0.00809	0.00673	0.00934	0.02685	0.01039	0.00774	0.01971	0.01005	0.04951	0.01353	0.02134	0.44715	0.02413	0.01511	0.06681	0.00256	0.17934	0.07278	0.00400	0.00484
21	0.01267	0.02322	0.64229	0.01362	0.02051	0.01125	0.01680	0.03419	0.01178	0.14938	0.01117	0.01200	0.00761	0.00516	0.00493	0.00162	0.00699	0.00404	0.00295	0.00780
22	0.01064	0.00912	0.01064	0.00760	0.01216	0.00684	0.00608	0.01292	0.01064	0.01672	0.00912	0.01064	0.00760	0.00380	0.00380	0.00076	0.00380	0.00304	0.00304	0.85104
23	0.00689	0.00507	0.00561	0.00561	0.00639	0.00470	0.00366	0.00767	0.00990	0.01271	0.11901	0.06910	0.29858	0.40521	0.01583	0.00331	0.00375	0.00915	0.00406	0.00379
24	0.71555	0.03454	0.02582	0.00757	0.01069	0.01209	0.00641	0.01569	0.05439	0.02186	0.00798	0.00919	0.00627	0.00512	0.00410	0.00162	0.04905	0.00307	0.00319	0.00579
25	0.01004	0.00940	0.01547	0.71686	0.07598	0.01152	0.01397	0.01410	0.05586	0.01381	0.00985	0.01395	0.00743	0.00521	0.00513	0.00170	0.00663	0.00463	0.00247	0.00598
26	0.00796	0.00721	0.01048	0.41720	0.02154	0.00798	0.00924	0.01038	0.01104	0.01367	0.05172	0.03072	0.36376	0.00888	0.00558	0.00172	0.00477	0.00756	0.00351	0.00505
27	0.00861	0.00699	0.00808	0.00673	0.00956	0.00560	0.00515	0.01048	0.01113	0.01603	0.09222	0.13445	0.19617	0.00836	0.00490	0.00127	0.00321	0.00711	0.04773	0.41624
28	0.01028	0.00985	0.01566	0.49971	0.07850	0.01260	0.01325	0.01296	0.00959	0.01310	0.00857	0.01306	0.00705	0.00710	0.02920	0.00203	0.24482	0.00456	0.00230	0.00581
29	0.03611	0.03641	0.01518	0.40831	0.02508	0.07444	0.01183	0.23149	0.03332	0.01907	0.01055	0.01392	0.00816	0.00580	0.00536	0.00164	0.02836	0.02505	0.00329	0.00664
30	0.03886	0.01718	0.01663	0.04952	0.31073	0.36749	0.02861	0.03203	0.01298	0.01498	0.00996	0.05870	0.00885	0.00563	0.00493	0.00148	0.00735	0.00458	0.00278	0.00673

[dist]
# distance from previous block
# <min> <max>
0	1

[block]
# block no. 10 follows, 48 sequences, length 11
# corresponding to MSA columns:
# 433-443
name=unknown_K
#
# <colnr> <probs for GDERKNQSTAVLIFYWHMCP>
#	G	D	E	R	K	N	Q	S	T	A	V	L	I	F	Y	W	H	M	C	P
0	0.01345	0.04132	0.06578	0.02792	0.12745	0.05033	0.00987	0.07830	0.20223	0.09582	0.01560	0.06429	0.01314	0.03078	0.00614	0.00171	0.03218	0.04641	0.00405	0.07322
1	0.01306	0.70900	0.08927	0.00923	0.01368	0.01880	0.00948	0.01507	0.01033	0.01241	0.00769	0.00914	0.00694	0.00642	0.04999	0.00156	0.00614	0.00299	0.00222	0.00655
2	0.03257	0.00759	0.01037	0.00922	0.01180	0.00700	0.03798	0.03474	0.01256	0.27036	0.02193	0.08237	0.03919	0.05040	0.00688	0.00200	0.00454	0.27179	0.00492	0.08178
3	0.01169	0.04565	0.11677	0.07321	0.25137	0.07619	0.12654	0.01472	0.01105	0.01488	0.01114	0.01473	0.03134	0.04484	0.06839	0.00225	0.04630	0.00486	0.00259	0.03152
4	0.01009	0.00859	0.01333	0.30825	0.16267	0.00974	0.01091	0.01326	0.05809	0.03579	0.01313	0.05872	0.01200	0.10723	0.10577	0.00292	0.03175	0.02896	0.00298	0.00583
5	0.02072	0.00940	0.01313	0.01004	0.01393	0.00854	0.06165	0.09645	0.01531	0.60584	0.04567	0.01863	0.04286	0.00658	0.00529	0.00160	0.00466	0.00553	0.00588	0.00830
6	0.00951	0.00928	0.06549	0.00960	0.01116	0.05288	0.02018	0.05846	0.03170	0.01381	0.01415	0.10634	0.01388	0.08890	0.36461	0.02892	0.08662	0.00625	0.00311	0.00514
7	0.01075	0.02559	0.01344	0.29447	0.06961	0.05014	0.03280	0.02875	0.06060	0.04680	0.03143	0.11304	0.04356	0.02667	0.03396	0.00207	0.05628	0.05080	0.00337	0.00585
8	0.03478	0.25010	0.45708	0.01232	0.01802	0.01406	0.01453	0.01536	0.01057	0.01498	0.00971	0.01339	0.00815	0.00561	0.00516	0.00156	0.04854	0.05676	0.00239	0.00694
9	0.25393	0.00810	0.01020	0.10266	0.01342	0.00862	0.05423	0.01404	0.00994	0.15038	0.01375	0.07446	0.01238	0.17425	0.07632	0.00290	0.00563	0.00563	0.00365	0.00553
10	0.03300	0.01142	0.09120	0.01307	0.07015	0.00988	0.14553	0.07793	0.03443	0.05517	0.02886	0.01673	0.03466	0.05701	0.13899	0.00281	0.03077	0.00515	0.00329	0.13994

[dist]
# distance from previous block
# <min> <max>
4	74

# created by:
# /home/cegg/simao/soft/augustus-3.2.1/scripts/msa2prfl.pl ./align_prep/EOG091G0K0H.fa
