[name]
unknown

[dist]
# distance from previous block
# <min> <max>
0	47

[block]
# block no. 0 follows, 51 sequences, length 40
# corresponding to MSA columns:
# 91-93,95-102,106-121,124-136
name=unknown_A
#
# <colnr> <probs for GDERKNQSTAVLIFYWHMCP>
#	G	D	E	R	K	N	Q	S	T	A	V	L	I	F	Y	W	H	M	C	P
0	0.06867	0.00998	0.01361	0.45589	0.08640	0.05557	0.01151	0.06800	0.04331	0.03355	0.01208	0.01630	0.04011	0.00585	0.00506	0.00162	0.01782	0.04584	0.00290	0.00591
1	0.01381	0.02516	0.01164	0.01103	0.04054	0.40793	0.00804	0.01575	0.04383	0.04627	0.01253	0.13020	0.01189	0.01219	0.14641	0.00255	0.00795	0.00531	0.00311	0.04386
2	0.02801	0.00544	0.00707	0.05077	0.00931	0.00513	0.00535	0.00949	0.01053	0.07912	0.13610	0.35112	0.11896	0.02729	0.00699	0.05838	0.00330	0.04037	0.00438	0.04290
3	0.01164	0.00907	0.01107	0.03722	0.01287	0.00792	0.02185	0.08632	0.04342	0.07176	0.06374	0.01401	0.01107	0.00492	0.00442	0.00105	0.01806	0.01931	0.00356	0.54672
4	0.06423	0.00697	0.00830	0.00776	0.00908	0.06038	0.03659	0.00990	0.00978	0.01375	0.15448	0.02486	0.09223	0.11691	0.35778	0.00469	0.00814	0.00632	0.00336	0.00448
5	0.04612	0.00612	0.00774	0.00725	0.00869	0.00592	0.00533	0.01223	0.01054	0.22527	0.06158	0.29918	0.08676	0.13924	0.00920	0.00224	0.04791	0.00891	0.00457	0.00519
6	0.03015	0.00934	0.01554	0.47294	0.09755	0.02966	0.11170	0.01274	0.01055	0.01411	0.08484	0.04997	0.01171	0.00594	0.00539	0.01815	0.00609	0.00533	0.00269	0.00562
7	0.05813	0.01242	0.05166	0.01726	0.02164	0.01143	0.55469	0.04831	0.02824	0.05187	0.01201	0.08687	0.00999	0.00542	0.00556	0.00166	0.00711	0.00619	0.00301	0.00652
8	0.01219	0.01224	0.02421	0.06158	0.02271	0.01253	0.52967	0.03323	0.01121	0.06835	0.00994	0.01300	0.00757	0.00515	0.00752	0.00173	0.15261	0.00536	0.00271	0.00650
9	0.02592	0.00558	0.00631	0.00624	0.00708	0.00550	0.00422	0.06824	0.01009	0.02178	0.05688	0.19333	0.15098	0.36550	0.01408	0.00306	0.00386	0.02815	0.01915	0.00405
10	0.10782	0.00959	0.01064	0.02875	0.01201	0.06040	0.03865	0.21300	0.01446	0.10134	0.13608	0.19047	0.01938	0.00830	0.00511	0.00160	0.00437	0.00700	0.02495	0.00610
11	0.03742	0.00981	0.01184	0.01001	0.04788	0.06226	0.00771	0.09145	0.01451	0.57302	0.04860	0.03685	0.01298	0.00629	0.00493	0.00151	0.00457	0.00509	0.00544	0.00783
12	0.01208	0.00624	0.00799	0.00729	0.00907	0.00573	0.00542	0.04764	0.01194	0.27393	0.10556	0.28748	0.08780	0.09896	0.00771	0.00204	0.00353	0.00898	0.00500	0.00560
13	0.00699	0.00481	0.00614	0.00684	0.00749	0.00455	0.00469	0.00850	0.04330	0.04505	0.06326	0.63476	0.08259	0.04770	0.00688	0.00203	0.00298	0.01248	0.00462	0.00433
14	0.34773	0.01024	0.01177	0.08192	0.05928	0.02575	0.03920	0.12159	0.01206	0.16417	0.01106	0.01311	0.00835	0.00557	0.00472	0.00158	0.03650	0.03518	0.00374	0.00648
15	0.08787	0.05587	0.06756	0.01239	0.04717	0.43403	0.00981	0.16495	0.04599	0.01724	0.00896	0.00993	0.00704	0.00515	0.00441	0.00136	0.00718	0.00352	0.00308	0.00648
16	0.01441	0.01043	0.01130	0.00959	0.01259	0.01154	0.00762	0.20026	0.43982	0.10914	0.01840	0.01733	0.03170	0.00648	0.00486	0.00156	0.00411	0.00526	0.07597	0.00762
17	0.01868	0.01376	0.01475	0.01131	0.01524	0.01524	0.00934	0.78025	0.02311	0.03097	0.01180	0.01180	0.00836	0.00590	0.00492	0.00147	0.00541	0.00442	0.00492	0.00836
18	0.04604	0.00662	0.00792	0.00701	0.00901	0.00629	0.00539	0.04289	0.07530	0.08217	0.43148	0.08247	0.07096	0.00886	0.00532	0.00150	0.00297	0.00765	0.00495	0.09522
19	0.00993	0.00722	0.00851	0.00750	0.00930	0.00729	0.00569	0.16040	0.06698	0.03428	0.41189	0.09059	0.03096	0.08617	0.00732	0.00185	0.00338	0.00773	0.00491	0.03808
20	0.00786	0.00524	0.00673	0.00623	0.00762	0.00476	0.00472	0.01003	0.01364	0.07189	0.66344	0.03647	0.12261	0.01003	0.00574	0.00156	0.00246	0.00878	0.00537	0.00484
21	0.01204	0.01153	0.01943	0.06048	0.69975	0.01170	0.03328	0.01566	0.05787	0.01618	0.00989	0.01260	0.00816	0.00453	0.00490	0.00148	0.00581	0.00448	0.00258	0.00766
22	0.04829	0.00732	0.00839	0.00746	0.00924	0.00745	0.00554	0.16444	0.03033	0.12858	0.07962	0.17703	0.03452	0.19993	0.00978	0.00234	0.00397	0.00741	0.06288	0.00548
23	0.06502	0.00563	0.00616	0.00613	0.00765	0.00525	0.00458	0.04310	0.01151	0.03543	0.12387	0.22241	0.40370	0.01189	0.00569	0.00172	0.00287	0.02824	0.00461	0.00455
24	0.01083	0.00618	0.00672	0.00615	0.00771	0.00635	0.00470	0.13640	0.01233	0.04749	0.03588	0.08261	0.01414	0.00728	0.00488	0.04791	0.00302	0.00542	0.54885	0.00515
25	0.14646	0.00678	0.00782	0.00696	0.00912	0.00654	0.00542	0.04420	0.01244	0.20622	0.23877	0.13404	0.13784	0.00913	0.00518	0.00161	0.00322	0.00767	0.00494	0.00563
26	0.01143	0.00692	0.00846	0.00759	0.00963	0.00675	0.00584	0.04832	0.13768	0.19265	0.28053	0.15176	0.09314	0.00948	0.00551	0.00164	0.00322	0.00820	0.00527	0.00599
27	0.00844	0.00610	0.00734	0.00704	0.00846	0.01949	0.00531	0.01183	0.10648	0.06054	0.45639	0.15328	0.07872	0.01042	0.00574	0.00166	0.00290	0.03959	0.00514	0.00511
28	0.02465	0.00592	0.00666	0.00668	0.00779	0.00595	0.00470	0.06167	0.08843	0.01477	0.05050	0.30579	0.17226	0.17610	0.00955	0.00236	0.00342	0.00965	0.03857	0.00456
29	0.00725	0.00515	0.00614	0.00634	0.00705	0.00498	0.00429	0.05296	0.01038	0.01396	0.12110	0.35170	0.11079	0.23549	0.01112	0.00260	0.00340	0.01022	0.03097	0.00409
30	0.24288	0.00698	0.00712	0.00700	0.00857	0.00750	0.00521	0.08129	0.04312	0.01755	0.01756	0.30496	0.01852	0.08914	0.00677	0.00200	0.00358	0.03672	0.08866	0.00490
31	0.00703	0.00524	0.00780	0.00780	0.00864	0.00609	0.00601	0.00871	0.00787	0.01133	0.01326	0.01983	0.01251	0.06882	0.77616	0.00777	0.01282	0.00534	0.00265	0.00433
32	0.02748	0.00506	0.00608	0.00619	0.00704	0.00482	0.00423	0.00974	0.00965	0.09663	0.05256	0.32068	0.04762	0.23270	0.01066	0.00252	0.00341	0.00910	0.13949	0.00433
33	0.00617	0.00452	0.00582	0.00674	0.00724	0.00424	0.00458	0.00745	0.02845	0.01317	0.06930	0.70461	0.09010	0.01468	0.00618	0.00194	0.00282	0.01323	0.00462	0.00413
34	0.01781	0.01333	0.01426	0.01113	0.01491	0.01483	0.00913	0.67812	0.12666	0.02956	0.01291	0.01268	0.00926	0.00600	0.00493	0.00150	0.00520	0.00458	0.00493	0.00828
35	0.00722	0.00487	0.00615	0.00615	0.00639	0.00511	0.00396	0.00754	0.00730	0.00998	0.01430	0.02725	0.01559	0.54452	0.24309	0.07098	0.00707	0.00640	0.00282	0.00331
36	0.03366	0.01060	0.01153	0.00946	0.01229	0.04486	0.00755	0.38238	0.01711	0.13716	0.07996	0.09882	0.05407	0.00816	0.00611	0.04816	0.02057	0.00603	0.00472	0.00682
37	0.08278	0.05651	0.23701	0.04291	0.03338	0.06265	0.02843	0.01373	0.04571	0.03804	0.16074	0.08981	0.01757	0.06248	0.00623	0.00177	0.00519	0.00585	0.00337	0.00584
38	0.04995	0.24855	0.13754	0.02658	0.01470	0.09373	0.02899	0.08562	0.08320	0.06681	0.04218	0.02700	0.00982	0.00530	0.00425	0.00134	0.00552	0.00402	0.00320	0.06171
39	0.01587	0.00915	0.01047	0.00883	0.01181	0.04143	0.00707	0.05168	0.22956	0.35911	0.07339	0.02252	0.09174	0.00738	0.00515	0.00159	0.00407	0.03654	0.00533	0.00728

[dist]
# distance from previous block
# <min> <max>
0	4

[block]
# block no. 1 follows, 51 sequences, length 14
# corresponding to MSA columns:
# 141-154
name=unknown_B
#
# <colnr> <probs for GDERKNQSTAVLIFYWHMCP>
#	G	D	E	R	K	N	Q	S	T	A	V	L	I	F	Y	W	H	M	C	P
0	0.04758	0.03990	0.02904	0.12733	0.13780	0.06731	0.03316	0.05266	0.01075	0.01482	0.03070	0.16337	0.01318	0.02149	0.06914	0.00211	0.05863	0.00606	0.00305	0.07192
1	0.05102	0.00675	0.00871	0.02119	0.06731	0.00641	0.00612	0.01348	0.03959	0.19262	0.19885	0.09781	0.11987	0.04696	0.03621	0.00194	0.00382	0.00724	0.04171	0.03240
2	0.00614	0.00447	0.00572	0.00649	0.00703	0.00413	0.00442	0.00720	0.01010	0.01344	0.13021	0.60418	0.11519	0.04820	0.00694	0.00202	0.00282	0.01263	0.00461	0.00405
3	0.12769	0.01055	0.01140	0.00916	0.01252	0.01122	0.00747	0.33118	0.10417	0.19981	0.01679	0.01607	0.06771	0.00633	0.00468	0.00151	0.00439	0.00488	0.04506	0.00741
4	0.00684	0.00502	0.00640	0.00606	0.00727	0.00459	0.00454	0.00904	0.01363	0.01903	0.71611	0.03782	0.12473	0.01030	0.00580	0.00156	0.00234	0.00904	0.00532	0.00459
5	0.01199	0.01025	0.01098	0.03921	0.01326	0.01187	0.00782	0.02503	0.72806	0.02018	0.01943	0.01814	0.01460	0.00657	0.00493	0.00164	0.00392	0.00547	0.03908	0.00757
6	0.01019	0.00873	0.01019	0.00728	0.01165	0.00655	0.00582	0.01237	0.01019	0.01601	0.00873	0.01019	0.00728	0.00364	0.00364	0.00073	0.00364	0.00291	0.00291	0.85734
7	0.80011	0.00942	0.00753	0.00663	0.00973	0.01074	0.00546	0.01515	0.00878	0.07938	0.00777	0.00863	0.00583	0.00467	0.00318	0.00152	0.00383	0.00283	0.00327	0.00555
8	0.00751	0.00595	0.00814	0.00863	0.04170	0.03010	0.00616	0.00904	0.00826	0.01152	0.01420	0.08538	0.01414	0.11533	0.60304	0.00662	0.01101	0.00607	0.00281	0.00439
9	0.00616	0.00462	0.00568	0.00629	0.00707	0.00420	0.00442	0.00733	0.01044	0.01361	0.12787	0.46645	0.23832	0.03904	0.00669	0.00194	0.00281	0.03835	0.00462	0.00410
10	0.00656	0.00477	0.00583	0.00644	0.00707	0.00449	0.00453	0.00750	0.00950	0.01228	0.02857	0.34154	0.18262	0.22064	0.01102	0.00267	0.00353	0.13243	0.00415	0.00385
11	0.01073	0.00872	0.01025	0.00735	0.01169	0.00658	0.00589	0.01290	0.01037	0.05196	0.00922	0.01049	0.00750	0.00375	0.00370	0.00076	0.00366	0.00300	0.00306	0.81841
12	0.01133	0.00994	0.01076	0.00804	0.01215	0.04666	0.00640	0.06538	0.07641	0.01720	0.00983	0.01092	0.00795	0.00411	0.00388	0.00088	0.00403	0.00325	0.00320	0.68767
13	0.05422	0.04998	0.01392	0.01285	0.10280	0.31943	0.00913	0.13991	0.05109	0.11804	0.07174	0.01325	0.01105	0.00565	0.00464	0.00140	0.00625	0.00425	0.00370	0.00673

[dist]
# distance from previous block
# <min> <max>
0	1

[block]
# block no. 2 follows, 51 sequences, length 15
# corresponding to MSA columns:
# 156-170
name=unknown_C
#
# <colnr> <probs for GDERKNQSTAVLIFYWHMCP>
#	G	D	E	R	K	N	Q	S	T	A	V	L	I	F	Y	W	H	M	C	P
0	0.00725	0.00488	0.00552	0.00558	0.00571	0.00490	0.00324	0.00777	0.02866	0.01032	0.01652	0.09268	0.01877	0.71789	0.02238	0.00436	0.00452	0.00756	0.02826	0.00323
1	0.00894	0.00587	0.00963	0.18322	0.01363	0.00629	0.05869	0.00869	0.00775	0.01052	0.00915	0.01464	0.00829	0.01283	0.01419	0.55892	0.00491	0.00441	0.05612	0.00332
2	0.00627	0.00488	0.00554	0.00558	0.00676	0.00432	0.00400	0.00763	0.01127	0.01450	0.24134	0.14422	0.41598	0.09627	0.00785	0.00199	0.00273	0.01011	0.00462	0.00414
3	0.00840	0.00436	0.00654	0.00654	0.00662	0.00444	0.00444	0.00662	0.00654	0.00880	0.00896	0.01534	0.00888	0.01890	0.09214	0.77849	0.00509	0.00436	0.00218	0.00234
4	0.01326	0.01107	0.01169	0.01021	0.01317	0.01271	0.00803	0.14692	0.66527	0.02223	0.01869	0.01729	0.01394	0.00654	0.00499	0.00164	0.00413	0.00537	0.00499	0.00787
5	0.01162	0.00621	0.00804	0.00758	0.00937	0.00574	0.00566	0.01382	0.06375	0.26082	0.04238	0.40003	0.06945	0.01199	0.03358	0.00196	0.00369	0.00961	0.00498	0.02973
6	0.00953	0.00542	0.00655	0.00612	0.00714	0.00506	0.00412	0.01033	0.00976	0.15207	0.10442	0.09210	0.11347	0.43473	0.01567	0.00326	0.00398	0.00784	0.00410	0.00433
7	0.01254	0.01071	0.01129	0.01006	0.01290	0.01237	0.00785	0.06300	0.75036	0.02107	0.01960	0.01802	0.01468	0.00663	0.00500	0.00166	0.00396	0.00550	0.00500	0.00781
8	0.04635	0.00819	0.01076	0.00959	0.00992	0.01052	0.00747	0.02673	0.00783	0.01192	0.01027	0.01842	0.01075	0.26601	0.12183	0.00367	0.40740	0.00524	0.00257	0.00456
9	0.21727	0.00710	0.00792	0.00677	0.00906	0.00719	0.03366	0.03314	0.01046	0.14540	0.01300	0.01453	0.00986	0.00638	0.00515	0.07915	0.00351	0.00411	0.34092	0.04542
10	0.00691	0.00473	0.00567	0.00582	0.00606	0.00465	0.00359	0.00746	0.00856	0.01162	0.13249	0.17131	0.02448	0.54087	0.04197	0.00390	0.00432	0.00854	0.00360	0.00344
11	0.00757	0.00540	0.00665	0.00703	0.00795	0.00497	0.00499	0.00898	0.02861	0.03317	0.20836	0.39986	0.14735	0.05625	0.00732	0.00210	0.00316	0.05067	0.00493	0.00469
12	0.01053	0.02571	0.79405	0.01440	0.02165	0.01176	0.01832	0.01600	0.01080	0.01617	0.00949	0.01130	0.00687	0.00511	0.00495	0.00168	0.00746	0.00385	0.00231	0.00759
13	0.00952	0.00936	0.02925	0.07028	0.03272	0.08567	0.09020	0.01175	0.04887	0.01447	0.07636	0.16378	0.22078	0.05553	0.04199	0.00223	0.01962	0.00835	0.00393	0.00534
14	0.01183	0.01154	0.01556	0.10500	0.04503	0.04164	0.01139	0.03972	0.00914	0.01339	0.00773	0.01196	0.00722	0.00821	0.01381	0.00213	0.63175	0.00449	0.00251	0.00594

[dist]
# distance from previous block
# <min> <max>
0	17

[block]
# block no. 3 follows, 51 sequences, length 60
# corresponding to MSA columns:
# 188-247
name=unknown_D
#
# <colnr> <probs for GDERKNQSTAVLIFYWHMCP>
#	G	D	E	R	K	N	Q	S	T	A	V	L	I	F	Y	W	H	M	C	P
0	0.00872	0.00594	0.00683	0.00676	0.00745	0.00549	0.00439	0.00885	0.01014	0.02914	0.14413	0.10676	0.15074	0.39803	0.01651	0.06854	0.00428	0.00870	0.00425	0.00437
1	0.00965	0.00544	0.00732	0.00737	0.00754	0.00520	0.00485	0.00767	0.00777	0.01050	0.01243	0.09582	0.01306	0.09487	0.01882	0.67490	0.00468	0.00594	0.00296	0.00322
2	0.13059	0.11725	0.32488	0.01169	0.01614	0.06736	0.02762	0.01506	0.01155	0.01713	0.07106	0.06006	0.01420	0.00747	0.00527	0.00183	0.00622	0.08441	0.00340	0.00682
3	0.00680	0.00490	0.00644	0.00636	0.00736	0.00454	0.00469	0.00885	0.01303	0.01829	0.63781	0.18117	0.04346	0.01110	0.00590	0.00164	0.00246	0.02544	0.00524	0.00452
4	0.07833	0.00573	0.00683	0.00659	0.00819	0.00539	0.00492	0.01192	0.01106	0.17673	0.10049	0.30840	0.10835	0.01031	0.00522	0.00165	0.00302	0.00890	0.13282	0.00517
5	0.05349	0.00640	0.00759	0.00688	0.00868	0.00632	0.00532	0.01312	0.08853	0.13022	0.34158	0.05755	0.14602	0.00904	0.00563	0.00158	0.02951	0.00760	0.06950	0.00544
6	0.01508	0.53734	0.02162	0.00972	0.01355	0.17226	0.00878	0.14295	0.01293	0.01488	0.00781	0.00872	0.00665	0.00465	0.00370	0.00116	0.00598	0.00303	0.00265	0.00653
7	0.00622	0.00478	0.00558	0.00580	0.00684	0.00426	0.00412	0.00751	0.01102	0.01427	0.21246	0.26007	0.35190	0.07356	0.00737	0.00196	0.00272	0.01079	0.00464	0.00413
8	0.10467	0.00631	0.00748	0.00676	0.00878	0.00591	0.00521	0.01296	0.02288	0.21167	0.25492	0.13812	0.17600	0.00961	0.00534	0.00162	0.00307	0.00816	0.00503	0.00550
9	0.01153	0.00896	0.00993	0.00901	0.01139	0.00993	0.00695	0.02157	0.53945	0.07504	0.15405	0.08347	0.02156	0.00788	0.00523	0.00166	0.00356	0.00674	0.00511	0.00699
10	0.00686	0.00510	0.00642	0.00638	0.00747	0.00478	0.00467	0.00926	0.04698	0.01752	0.51579	0.21379	0.11386	0.01133	0.00587	0.00166	0.00252	0.01002	0.00512	0.00458
11	0.36134	0.00721	0.00700	0.00665	0.00872	0.00768	0.00525	0.01217	0.05036	0.03455	0.20467	0.08683	0.11834	0.00849	0.00471	0.00164	0.00327	0.06187	0.00419	0.00504
12	0.04611	0.00524	0.00678	0.00708	0.00808	0.00504	0.00507	0.00988	0.02102	0.10436	0.12928	0.51621	0.02911	0.01460	0.06574	0.00229	0.00376	0.01097	0.00465	0.00472
13	0.01295	0.00630	0.00718	0.00625	0.00826	0.00619	0.00493	0.08240	0.01224	0.20206	0.01635	0.01740	0.01211	0.00680	0.02925	0.00147	0.00335	0.00467	0.55402	0.00579
14	0.79904	0.00982	0.00778	0.00682	0.00993	0.01134	0.00562	0.07163	0.00946	0.02271	0.00721	0.00827	0.00555	0.00466	0.00318	0.00152	0.00392	0.00279	0.00318	0.00555
15	0.01124	0.01092	0.01918	0.26799	0.49558	0.01151	0.08323	0.01437	0.01081	0.01496	0.00915	0.01255	0.00738	0.00452	0.00496	0.00153	0.00627	0.00450	0.00236	0.00697
16	0.00645	0.00472	0.00628	0.00709	0.00746	0.00467	0.00493	0.00744	0.00963	0.01298	0.08267	0.63930	0.03126	0.06420	0.00785	0.00215	0.03921	0.05324	0.00442	0.00407
17	0.00599	0.00467	0.00546	0.00599	0.00698	0.00413	0.00425	0.00713	0.01050	0.01329	0.07679	0.41023	0.38429	0.01373	0.00604	0.00182	0.00269	0.02729	0.00461	0.00411
18	0.00986	0.02542	0.80183	0.01401	0.02127	0.01141	0.01816	0.01556	0.01038	0.01556	0.00882	0.01038	0.00623	0.00467	0.00467	0.00156	0.00726	0.00363	0.00208	0.00726
19	0.01019	0.00873	0.01019	0.00728	0.01165	0.00655	0.00582	0.01237	0.01019	0.01601	0.00873	0.01019	0.00728	0.00364	0.00364	0.00073	0.00364	0.00291	0.00291	0.85734
20	0.00754	0.00485	0.00638	0.00711	0.00776	0.00455	0.00490	0.02991	0.01014	0.07186	0.02608	0.74091	0.03030	0.01443	0.00613	0.00195	0.00302	0.01303	0.00469	0.00444
21	0.00854	0.00427	0.00640	0.00640	0.00640	0.00427	0.00427	0.00640	0.00640	0.00854	0.00854	0.01494	0.00854	0.01707	0.01921	0.85702	0.00427	0.00427	0.00213	0.00213
22	0.81579	0.00974	0.00764	0.00673	0.00982	0.01126	0.00554	0.05642	0.00917	0.02254	0.00711	0.00819	0.00549	0.00464	0.00314	0.00152	0.00389	0.00276	0.00314	0.00549
23	0.01832	0.01041	0.01514	0.01200	0.03304	0.06516	0.16339	0.03750	0.01349	0.49245	0.01674	0.01815	0.01182	0.00614	0.00521	0.00158	0.00543	0.06161	0.00488	0.00752
24	0.00777	0.00544	0.00724	0.00759	0.00871	0.00509	0.02122	0.00943	0.02748	0.05369	0.02667	0.40540	0.10136	0.05764	0.00716	0.00209	0.00357	0.19571	0.00444	0.04231
25	0.07355	0.04019	0.72711	0.01333	0.02022	0.01154	0.01701	0.01546	0.01022	0.01597	0.00863	0.01015	0.00616	0.00465	0.00452	0.00154	0.00696	0.00354	0.00215	0.00710
26	0.00722	0.00512	0.00690	0.00782	0.00858	0.00502	0.00619	0.00881	0.01040	0.01372	0.06437	0.27179	0.02915	0.11255	0.00880	0.00245	0.00396	0.41857	0.00439	0.00419
27	0.00661	0.00470	0.00617	0.00708	0.00755	0.00451	0.00496	0.02335	0.00991	0.01321	0.05130	0.62795	0.03087	0.07464	0.00767	0.00221	0.00323	0.10552	0.00448	0.00409
28	0.00944	0.00804	0.01013	0.01096	0.11974	0.00820	0.02872	0.07079	0.19814	0.01699	0.06412	0.15046	0.26529	0.00955	0.00549	0.00167	0.00372	0.00829	0.00438	0.00591
29	0.00714	0.00480	0.00553	0.00553	0.00559	0.00486	0.00319	0.00726	0.00720	0.00966	0.01532	0.03128	0.01748	0.77311	0.07867	0.00498	0.00534	0.00702	0.00295	0.00307
30	0.00717	0.00482	0.00564	0.00562	0.00579	0.00489	0.00337	0.00750	0.00761	0.01039	0.05151	0.03082	0.01854	0.69444	0.09843	0.00483	0.00540	0.00699	0.02304	0.00323
31	0.15358	0.00817	0.00973	0.00802	0.01101	0.00791	0.00645	0.06998	0.03036	0.43857	0.03053	0.07995	0.01366	0.04408	0.00563	0.00170	0.00400	0.02110	0.04863	0.00694
32	0.00634	0.00491	0.00573	0.00570	0.00696	0.00435	0.00419	0.00796	0.01205	0.01581	0.35842	0.12982	0.37831	0.02968	0.00628	0.00172	0.00251	0.01008	0.00488	0.00431
33	0.00790	0.00581	0.00719	0.00670	0.00811	0.00564	0.00506	0.03709	0.08128	0.02895	0.62149	0.07114	0.07481	0.00992	0.00571	0.00158	0.00262	0.00870	0.00529	0.00503
34	0.01772	0.02128	0.01369	0.01227	0.01494	0.65972	0.00930	0.08030	0.09771	0.01444	0.00926	0.01011	0.00742	0.00530	0.00453	0.00133	0.00806	0.00352	0.00298	0.00613
35	0.00729	0.00554	0.00657	0.00639	0.00759	0.00538	0.00465	0.01028	0.09989	0.01657	0.38787	0.11260	0.17230	0.11640	0.00825	0.00205	0.00292	0.01802	0.00480	0.00463
36	0.39994	0.01050	0.01014	0.00841	0.01159	0.01162	0.00685	0.30170	0.01444	0.07504	0.01238	0.07216	0.03379	0.00622	0.00420	0.00154	0.00432	0.00456	0.00410	0.00652
37	0.01017	0.02149	0.00866	0.00737	0.00927	0.00701	0.00574	0.09506	0.09048	0.08970	0.55207	0.02996	0.03549	0.00882	0.00550	0.00154	0.00302	0.00762	0.00532	0.00570
38	0.37147	0.00938	0.01000	0.00805	0.01155	0.00961	0.00664	0.09605	0.01260	0.39875	0.01340	0.01259	0.00893	0.00543	0.00415	0.00152	0.00415	0.00394	0.00470	0.00710
39	0.00673	0.00476	0.00574	0.00602	0.00677	0.00438	0.00409	0.00776	0.01018	0.03066	0.16180	0.31683	0.20164	0.19780	0.01031	0.00246	0.00314	0.01054	0.00438	0.00400
40	0.00666	0.00475	0.00603	0.00679	0.00742	0.00448	0.00465	0.00819	0.04390	0.03058	0.05906	0.65034	0.10138	0.03273	0.00655	0.00198	0.00291	0.01271	0.00461	0.00427
41	0.17685	0.01144	0.01184	0.00961	0.01302	0.01263	0.00782	0.38104	0.17587	0.09079	0.01495	0.01448	0.04606	0.00612	0.00462	0.00154	0.00455	0.00464	0.00466	0.00747
42	0.18830	0.00969	0.01056	0.00870	0.01189	0.01022	0.00704	0.16806	0.16468	0.25149	0.08732	0.01683	0.03146	0.00636	0.00466	0.00155	0.00408	0.00498	0.00493	0.00719
43	0.00781	0.00520	0.00626	0.00624	0.00692	0.00504	0.00420	0.02309	0.02213	0.04643	0.15879	0.16835	0.06871	0.39601	0.01491	0.00318	0.00384	0.04486	0.00404	0.00399
44	0.01030	0.00647	0.00801	0.00735	0.00865	0.00674	0.00536	0.09918	0.03511	0.10359	0.05206	0.08483	0.01673	0.27290	0.20863	0.02420	0.00645	0.00653	0.03202	0.00489
45	0.00713	0.00521	0.00761	0.00761	0.00846	0.00600	0.00585	0.00882	0.00797	0.01163	0.01342	0.01992	0.01259	0.07587	0.73030	0.00742	0.01223	0.00533	0.04230	0.00432
46	0.00613	0.00446	0.00576	0.00667	0.00715	0.00418	0.00456	0.00709	0.00958	0.01263	0.04009	0.63875	0.11548	0.05238	0.03457	0.00229	0.00330	0.03649	0.00444	0.00400
47	0.00852	0.00560	0.00682	0.00681	0.00780	0.00542	0.00481	0.06627	0.01085	0.06848	0.09330	0.31868	0.09798	0.22151	0.01083	0.00258	0.00364	0.05128	0.00436	0.00446
48	0.00887	0.00692	0.02330	0.00767	0.00922	0.01755	0.00587	0.01337	0.19849	0.05034	0.06450	0.29317	0.10302	0.01292	0.07147	0.00225	0.00413	0.03361	0.06801	0.00533
49	0.00736	0.00546	0.00787	0.00777	0.00866	0.00628	0.00595	0.03037	0.00826	0.01179	0.01333	0.02023	0.01267	0.10600	0.71586	0.00744	0.01220	0.00541	0.00273	0.00437
50	0.01039	0.00623	0.00825	0.00815	0.00973	0.00606	0.00666	0.04585	0.02650	0.14073	0.13974	0.08941	0.04735	0.03807	0.02237	0.04590	0.00416	0.33457	0.00473	0.00516
51	0.01320	0.00635	0.00781	0.00673	0.00887	0.00582	0.00521	0.03971	0.01228	0.30176	0.10847	0.05709	0.11906	0.06295	0.00651	0.02049	0.00334	0.00649	0.20201	0.00585
52	0.01318	0.01103	0.01165	0.01019	0.01314	0.01267	0.00801	0.13729	0.67504	0.02209	0.01879	0.01737	0.01402	0.00655	0.00499	0.00164	0.00411	0.00539	0.00499	0.00786
53	0.06443	0.03348	0.01103	0.07030	0.08936	0.02455	0.04788	0.08916	0.01044	0.04925	0.03812	0.02176	0.01348	0.36668	0.02896	0.02195	0.00534	0.00567	0.00320	0.00499
54	0.01583	0.24514	0.01840	0.02694	0.01540	0.40013	0.06190	0.08447	0.01301	0.01382	0.00786	0.00935	0.00659	0.00505	0.00495	0.00131	0.05771	0.00340	0.00259	0.00614
55	0.01068	0.00789	0.02452	0.00818	0.01047	0.00753	0.00632	0.04913	0.21416	0.10665	0.02201	0.31085	0.06324	0.00960	0.00530	0.00163	0.00357	0.00835	0.00459	0.12533
56	0.08654	0.30311	0.05449	0.03641	0.01341	0.01360	0.03753	0.09283	0.05013	0.05954	0.05758	0.01436	0.05031	0.00767	0.05327	0.00180	0.05361	0.00434	0.00321	0.00627
57	0.00689	0.00508	0.00663	0.00680	0.00757	0.00525	0.00491	0.02155	0.00917	0.01239	0.06450	0.18918	0.12475	0.17648	0.31756	0.00471	0.00717	0.02175	0.00357	0.00410
58	0.00611	0.00428	0.00573	0.00682	0.00709	0.00400	0.00455	0.00682	0.00927	0.01236	0.02622	0.78642	0.03139	0.01547	0.00687	0.04179	0.00292	0.01352	0.00445	0.00391
59	0.00715	0.00476	0.00536	0.00536	0.00536	0.00476	0.00298	0.00715	0.00715	0.00953	0.01548	0.03216	0.01787	0.82729	0.02501	0.00476	0.00476	0.00715	0.00298	0.00298

[dist]
# distance from previous block
# <min> <max>
0	1

[block]
# block no. 4 follows, 51 sequences, length 28
# corresponding to MSA columns:
# 249-276
name=unknown_E
#
# <colnr> <probs for GDERKNQSTAVLIFYWHMCP>
#	G	D	E	R	K	N	Q	S	T	A	V	L	I	F	Y	W	H	M	C	P
0	0.00809	0.00656	0.02427	0.00675	0.00838	0.00616	0.00521	0.05941	0.09414	0.01812	0.41846	0.03440	0.19213	0.08737	0.00746	0.00188	0.00305	0.00828	0.00486	0.00500
1	0.01077	0.01123	0.04646	0.19894	0.01956	0.01368	0.09671	0.04118	0.00920	0.01328	0.00765	0.01160	0.00665	0.00701	0.01154	0.00193	0.48015	0.00446	0.00230	0.00572
2	0.00610	0.00494	0.00526	0.00525	0.00663	0.00427	0.00382	0.00736	0.01112	0.01377	0.14710	0.07471	0.58919	0.08957	0.00765	0.00195	0.00270	0.01000	0.00453	0.00410
3	0.01113	0.01047	0.01382	0.01187	0.01235	0.02861	0.00973	0.08436	0.00913	0.01346	0.00808	0.01290	0.00783	0.06640	0.07241	0.00266	0.61229	0.00456	0.00251	0.00543
4	0.86201	0.00950	0.00722	0.00646	0.00950	0.01102	0.00532	0.01445	0.00836	0.02205	0.00684	0.00798	0.00532	0.00456	0.00304	0.00152	0.00380	0.00266	0.00304	0.00532
5	0.02336	0.00554	0.00727	0.00768	0.00880	0.00531	0.00582	0.01095	0.03491	0.12899	0.02439	0.42169	0.02651	0.06461	0.00730	0.00215	0.00364	0.20156	0.00466	0.00485
6	0.01645	0.00852	0.01060	0.00862	0.01187	0.00794	0.00687	0.06636	0.13189	0.41458	0.01858	0.12722	0.01449	0.00710	0.00495	0.00149	0.00395	0.00596	0.00519	0.12735
7	0.74490	0.00934	0.00781	0.00678	0.00993	0.01049	0.00559	0.01577	0.00916	0.13052	0.00859	0.00920	0.00628	0.00477	0.00331	0.00152	0.00385	0.00298	0.00347	0.00575
8	0.00698	0.00508	0.00673	0.00677	0.00742	0.00545	0.00486	0.00809	0.00807	0.01104	0.01790	0.02775	0.08906	0.31202	0.42820	0.00601	0.00889	0.03282	0.00300	0.00387
9	0.00874	0.00618	0.00674	0.00665	0.00818	0.03307	0.00491	0.01101	0.06967	0.09826	0.08432	0.27254	0.30989	0.01150	0.00564	0.00170	0.00309	0.00990	0.04307	0.00493
10	0.33559	0.00930	0.01016	0.00813	0.01166	0.00940	0.00671	0.09218	0.01279	0.43635	0.01398	0.01299	0.00925	0.00550	0.00423	0.00152	0.00416	0.00404	0.00484	0.00723
11	0.60065	0.00915	0.00852	0.00717	0.01045	0.00984	0.00591	0.01740	0.01014	0.26413	0.01075	0.01070	0.00745	0.00503	0.00363	0.00152	0.00392	0.00337	0.00399	0.00627
12	0.00687	0.00501	0.00632	0.00625	0.00729	0.00465	0.00465	0.00871	0.01233	0.01691	0.50008	0.08138	0.13517	0.10145	0.00804	0.00201	0.00285	0.08078	0.00490	0.00435
13	0.01109	0.00785	0.00900	0.00833	0.01016	0.00824	0.00631	0.23961	0.08138	0.04630	0.02179	0.39063	0.05075	0.01073	0.00552	0.00173	0.00373	0.02155	0.05949	0.00582
14	0.00686	0.00502	0.00644	0.00608	0.00728	0.00460	0.00456	0.00909	0.01368	0.01917	0.73158	0.03760	0.10917	0.01025	0.00580	0.00156	0.00233	0.00901	0.00534	0.00460
15	0.02205	0.00836	0.01140	0.00874	0.01254	0.00722	0.00722	0.02395	0.01407	0.80004	0.01939	0.01673	0.01216	0.00608	0.00494	0.00152	0.00418	0.00494	0.00608	0.00836
16	0.00699	0.00523	0.00679	0.00687	0.00757	0.00527	0.00492	0.00877	0.03092	0.01562	0.36784	0.32432	0.03522	0.08940	0.00843	0.00206	0.05455	0.01022	0.00465	0.00437
17	0.01161	0.01091	0.01822	0.06922	0.65414	0.01108	0.01407	0.01487	0.03817	0.01590	0.01118	0.01653	0.00992	0.00536	0.00505	0.00155	0.00568	0.07647	0.00271	0.00735
18	0.01160	0.01326	0.02900	0.02071	0.02568	0.01243	0.77879	0.01574	0.01160	0.01574	0.00994	0.01326	0.00746	0.00414	0.00580	0.00166	0.00829	0.00580	0.00249	0.00663
19	0.00885	0.00729	0.00771	0.00722	0.00926	0.00753	0.00555	0.04762	0.28457	0.01710	0.07023	0.06374	0.37662	0.00990	0.00544	0.00166	0.00315	0.02449	0.03642	0.00565
20	0.00969	0.00772	0.00896	0.03928	0.01157	0.08219	0.00808	0.03097	0.01207	0.04428	0.07174	0.04571	0.02544	0.01175	0.00632	0.00205	0.00488	0.56800	0.00437	0.00492
21	0.35796	0.00944	0.02771	0.00710	0.01100	0.00849	0.00591	0.01330	0.00945	0.01847	0.00796	0.00929	0.00645	0.00404	0.00342	0.00107	0.00379	0.00283	0.00294	0.48937
22	0.01301	0.79762	0.05722	0.00864	0.01296	0.01912	0.00880	0.01475	0.01000	0.01172	0.00691	0.00798	0.00630	0.00422	0.00321	0.00107	0.00534	0.00267	0.00210	0.00635
23	0.10271	0.01107	0.01454	0.01202	0.01390	0.04305	0.11046	0.08741	0.10549	0.01667	0.01043	0.03791	0.00893	0.00762	0.02621	0.00193	0.33358	0.00478	0.04527	0.00602
24	0.00844	0.02662	0.11888	0.00903	0.01153	0.00762	0.05628	0.01300	0.15271	0.01635	0.18999	0.18408	0.12994	0.00973	0.00558	0.00170	0.00396	0.04472	0.00430	0.00554
25	0.00731	0.00493	0.00623	0.00638	0.00745	0.00445	0.00460	0.00882	0.01161	0.06514	0.29924	0.35257	0.17808	0.01238	0.00593	0.00175	0.00268	0.01095	0.00496	0.00452
26	0.00802	0.00716	0.05893	0.00818	0.01002	0.00577	0.07881	0.00986	0.01084	0.05174	0.18626	0.26855	0.12179	0.10500	0.00796	0.00204	0.00381	0.00933	0.00420	0.04172
27	0.04368	0.01059	0.01495	0.24381	0.27404	0.04780	0.01159	0.08754	0.02917	0.04675	0.08422	0.01462	0.01128	0.00539	0.00499	0.00150	0.01675	0.00467	0.00312	0.04354

[dist]
# distance from previous block
# <min> <max>
3	8

[block]
# block no. 5 follows, 51 sequences, length 25
# corresponding to MSA columns:
# 285-309
name=unknown_F
#
# <colnr> <probs for GDERKNQSTAVLIFYWHMCP>
#	G	D	E	R	K	N	Q	S	T	A	V	L	I	F	Y	W	H	M	C	P
0	0.01244	0.01384	0.01020	0.00990	0.01164	0.38696	0.00761	0.01405	0.01277	0.01394	0.14117	0.10937	0.05515	0.00910	0.00541	0.00162	0.00597	0.17010	0.00372	0.00503
1	0.01124	0.01055	0.01743	0.36832	0.32451	0.01176	0.05427	0.06296	0.02986	0.01541	0.00937	0.01270	0.00739	0.00492	0.00539	0.00158	0.03869	0.00448	0.00254	0.00665
2	0.01543	0.03549	0.01367	0.01131	0.01356	0.31471	0.04275	0.04291	0.01278	0.14987	0.12161	0.01483	0.01318	0.00662	0.00709	0.00155	0.16836	0.00466	0.00355	0.00609
3	0.00851	0.00543	0.00674	0.00648	0.00799	0.00490	0.00490	0.01045	0.02689	0.11453	0.31807	0.17149	0.24180	0.01119	0.00580	0.00168	0.00281	0.04034	0.00508	0.00492
4	0.01067	0.00902	0.01045	0.00750	0.01185	0.00704	0.00602	0.05542	0.01091	0.01685	0.00891	0.01028	0.00734	0.00377	0.00371	0.00077	0.00374	0.00300	0.00302	0.80974
5	0.00875	0.00599	0.00840	0.00836	0.00967	0.00576	0.04682	0.04424	0.02692	0.07996	0.05614	0.43416	0.06059	0.01270	0.00612	0.00193	0.00370	0.17028	0.00463	0.00491
6	0.00889	0.00664	0.00775	0.00788	0.00902	0.02499	0.00580	0.08486	0.11601	0.01570	0.05511	0.41754	0.02458	0.01251	0.00705	0.08086	0.00361	0.07405	0.03227	0.00488
7	0.00755	0.00574	0.00666	0.00677	0.00781	0.03921	0.00488	0.00939	0.02774	0.04061	0.35813	0.33940	0.10367	0.01192	0.00588	0.00172	0.00291	0.01054	0.00490	0.00457
8	0.00674	0.00479	0.00640	0.00683	0.00739	0.00454	0.01945	0.02050	0.00987	0.01325	0.12313	0.51529	0.06292	0.10275	0.00914	0.06414	0.00323	0.01140	0.00429	0.00396
9	0.02186	0.00511	0.00635	0.00661	0.00759	0.00479	0.00469	0.00925	0.03126	0.07067	0.16184	0.41134	0.13088	0.08100	0.00753	0.00206	0.00304	0.02497	0.00467	0.00449
10	0.04218	0.00638	0.00767	0.00739	0.00893	0.00631	0.00552	0.05696	0.08337	0.12133	0.09047	0.29882	0.09511	0.04025	0.00705	0.04981	0.00345	0.04337	0.02043	0.00520
11	0.03472	0.00848	0.00977	0.00852	0.01081	0.00886	0.00666	0.27748	0.03246	0.10095	0.05450	0.21278	0.10616	0.01235	0.08973	0.00231	0.00494	0.00770	0.00465	0.00616
12	0.00907	0.00566	0.00700	0.00690	0.00834	0.00522	0.00518	0.04327	0.01172	0.12451	0.12526	0.29125	0.21447	0.04461	0.00665	0.00190	0.00322	0.07602	0.00483	0.00491
13	0.00719	0.00498	0.00613	0.00639	0.00741	0.00456	0.00454	0.00877	0.02960	0.05606	0.18965	0.38600	0.21463	0.04238	0.00664	0.00189	0.00282	0.01114	0.00477	0.00445
14	0.00674	0.00452	0.00599	0.00691	0.00734	0.00424	0.00470	0.00763	0.00951	0.04104	0.02598	0.70716	0.03059	0.06959	0.00751	0.00218	0.00310	0.04666	0.00451	0.00411
15	0.00912	0.00684	0.01051	0.35531	0.01888	0.00792	0.00868	0.05048	0.00926	0.01225	0.04441	0.01628	0.01019	0.05801	0.07819	0.28613	0.00600	0.00477	0.00254	0.00424
16	0.00982	0.00561	0.00720	0.00713	0.00849	0.00515	0.00515	0.02138	0.03020	0.17745	0.06998	0.46695	0.09235	0.04480	0.00658	0.00191	0.00322	0.01068	0.00485	0.02111
17	0.01145	0.00683	0.00815	0.00729	0.00937	0.00662	0.00562	0.03884	0.13426	0.19689	0.18733	0.09846	0.16736	0.03434	0.00597	0.00170	0.00327	0.01811	0.05224	0.00590
18	0.58104	0.02642	0.00954	0.02296	0.06719	0.02535	0.00675	0.01660	0.12276	0.05163	0.00952	0.01028	0.00728	0.00491	0.00360	0.00151	0.00414	0.00334	0.00336	0.02183
19	0.00732	0.00475	0.00614	0.00677	0.00746	0.00439	0.00470	0.00832	0.00995	0.06811	0.05707	0.57514	0.09192	0.08192	0.00771	0.00216	0.00313	0.04420	0.00457	0.00427
20	0.00759	0.00602	0.00669	0.00706	0.00796	0.04740	0.00500	0.05143	0.01135	0.01497	0.15513	0.51167	0.10021	0.01289	0.00590	0.00180	0.00318	0.01143	0.02784	0.00446
21	0.03092	0.21476	0.27116	0.04947	0.01731	0.02796	0.06056	0.07785	0.04497	0.03193	0.00926	0.01056	0.00714	0.00461	0.00424	0.00132	0.00590	0.00361	0.00270	0.12376
22	0.42372	0.01082	0.01023	0.03051	0.01234	0.02632	0.00711	0.23486	0.07212	0.02334	0.01030	0.01227	0.00812	0.00546	0.00401	0.00150	0.00446	0.03720	0.00375	0.06155
23	0.01347	0.02652	0.01169	0.05219	0.01364	0.05634	0.00779	0.12028	0.33526	0.09720	0.09361	0.01712	0.01492	0.00624	0.00482	0.00146	0.00438	0.00509	0.00453	0.11344
24	0.01125	0.00776	0.01061	0.00933	0.01105	0.04184	0.05100	0.01300	0.01006	0.17342	0.03019	0.02144	0.06791	0.04938	0.33174	0.00433	0.10501	0.04169	0.00356	0.00545

[dist]
# distance from previous block
# <min> <max>
1	5

[block]
# block no. 6 follows, 51 sequences, length 19
# corresponding to MSA columns:
# 315-331,333,334
name=unknown_G
#
# <colnr> <probs for GDERKNQSTAVLIFYWHMCP>
#	G	D	E	R	K	N	Q	S	T	A	V	L	I	F	Y	W	H	M	C	P
0	0.28619	0.00766	0.00784	0.00729	0.00945	0.00814	0.00561	0.06151	0.07768	0.11889	0.01762	0.25415	0.03371	0.00851	0.00462	0.00164	0.00352	0.00700	0.07334	0.00563
1	0.01437	0.01074	0.01149	0.00953	0.01210	0.04194	0.00745	0.40386	0.08968	0.04399	0.01362	0.03662	0.01158	0.14632	0.08803	0.03676	0.00591	0.00526	0.00420	0.00656
2	0.86201	0.00950	0.00722	0.00646	0.00950	0.01102	0.00532	0.01445	0.00836	0.02205	0.00684	0.00798	0.00532	0.00456	0.00304	0.00152	0.00380	0.00266	0.00304	0.00532
3	0.00882	0.00597	0.00736	0.00738	0.00868	0.00588	0.00545	0.03017	0.11473	0.08362	0.15662	0.36893	0.08390	0.03474	0.00640	0.00189	0.00321	0.05628	0.00486	0.00510
4	0.00697	0.00510	0.00626	0.00699	0.00759	0.00466	0.00471	0.00769	0.01019	0.01349	0.06561	0.57781	0.14727	0.08178	0.02634	0.00242	0.00345	0.01257	0.00468	0.00441
5	0.01058	0.00771	0.00877	0.00765	0.00978	0.00784	0.00597	0.20040	0.07937	0.05142	0.31019	0.07689	0.18473	0.00940	0.00551	0.00159	0.00335	0.00796	0.00506	0.00582
6	0.22976	0.01238	0.01267	0.00995	0.01365	0.01372	0.00821	0.54457	0.01889	0.07367	0.01100	0.01113	0.00782	0.00558	0.00445	0.00149	0.00493	0.00401	0.00452	0.00760
7	0.00854	0.00427	0.00640	0.00640	0.00640	0.00427	0.00427	0.00640	0.00640	0.00854	0.00854	0.01494	0.00854	0.01707	0.01921	0.85702	0.00427	0.00427	0.00213	0.00213
8	0.00740	0.00577	0.00683	0.00662	0.00804	0.00561	0.00497	0.01104	0.12749	0.01751	0.41255	0.12017	0.20715	0.01074	0.00576	0.00165	0.00270	0.02803	0.00505	0.00492
9	0.00702	0.00527	0.00790	0.00790	0.00878	0.00614	0.00614	0.00878	0.00790	0.01141	0.01316	0.01931	0.01229	0.03686	0.80782	0.00790	0.01316	0.00527	0.00263	0.00439
10	0.00599	0.00428	0.00570	0.00684	0.00713	0.00399	0.00456	0.00684	0.00941	0.01254	0.02709	0.82409	0.03250	0.01540	0.00627	0.00200	0.00285	0.01397	0.00456	0.00399
11	0.00928	0.00873	0.01474	0.81548	0.03385	0.01092	0.01365	0.01256	0.00983	0.01256	0.00873	0.01310	0.00655	0.00491	0.00491	0.00164	0.00655	0.00437	0.00218	0.00546
12	0.00715	0.00476	0.00536	0.00536	0.00536	0.00476	0.00298	0.00715	0.00715	0.00953	0.01548	0.03216	0.01787	0.82729	0.02501	0.00476	0.00476	0.00715	0.00298	0.00298
13	0.00716	0.00516	0.00768	0.00768	0.00845	0.00593	0.00587	0.00851	0.00774	0.01110	0.01285	0.01938	0.01216	0.06268	0.71270	0.08085	0.01211	0.00524	0.00260	0.00414
14	0.01160	0.01326	0.02900	0.02071	0.02568	0.01243	0.77879	0.01574	0.01160	0.01574	0.00994	0.01326	0.00746	0.00414	0.00580	0.00166	0.00829	0.00580	0.00249	0.00663
15	0.03586	0.00911	0.01441	0.43594	0.16774	0.01042	0.01195	0.01291	0.00979	0.03479	0.00905	0.01277	0.00724	0.00667	0.03455	0.04060	0.06372	0.00424	0.00243	0.07583
16	0.01074	0.01083	0.01602	0.05150	0.01480	0.01467	0.06510	0.01214	0.00792	0.01214	0.00681	0.01104	0.00653	0.00811	0.01487	0.00209	0.72264	0.00441	0.00218	0.00547
17	0.01763	0.01360	0.01387	0.01089	0.01463	0.07470	0.00886	0.56265	0.09198	0.06397	0.01238	0.01230	0.00892	0.00576	0.00480	0.00143	0.00535	0.00435	0.00466	0.06727
18	0.01495	0.07485	0.01508	0.28277	0.02130	0.43678	0.01081	0.06178	0.01281	0.01329	0.00817	0.01039	0.00652	0.00500	0.00453	0.00139	0.00763	0.00361	0.00252	0.00582

[dist]
# distance from previous block
# <min> <max>
1	2

[block]
# block no. 7 follows, 51 sequences, length 41
# corresponding to MSA columns:
# 337-369,372-379
name=unknown_H
#
# <colnr> <probs for GDERKNQSTAVLIFYWHMCP>
#	G	D	E	R	K	N	Q	S	T	A	V	L	I	F	Y	W	H	M	C	P
0	0.01034	0.00951	0.01556	0.62623	0.16129	0.01113	0.01357	0.03212	0.01082	0.01429	0.04012	0.01441	0.00877	0.00533	0.00512	0.00168	0.00637	0.00468	0.00257	0.00611
1	0.85678	0.00980	0.00754	0.00676	0.00983	0.01125	0.00551	0.01473	0.00864	0.02239	0.00728	0.00859	0.00574	0.00485	0.00323	0.00160	0.00395	0.00281	0.00318	0.00554
2	0.01354	0.82510	0.02594	0.00870	0.01291	0.01961	0.00858	0.01500	0.01026	0.01198	0.00727	0.00849	0.00672	0.00449	0.00335	0.00113	0.00539	0.00278	0.00225	0.00652
3	0.00994	0.00690	0.00888	0.00926	0.01083	0.00691	0.00784	0.09890	0.01292	0.04762	0.02563	0.09216	0.06224	0.01268	0.00659	0.00217	0.00457	0.56390	0.00477	0.00529
4	0.02112	0.01071	0.01296	0.01000	0.01387	0.01051	0.00820	0.31072	0.01773	0.50384	0.01687	0.01540	0.01109	0.00629	0.00511	0.00158	0.00479	0.00488	0.00576	0.00856
5	0.01272	0.62312	0.22070	0.01010	0.01509	0.01760	0.01103	0.01521	0.01035	0.01298	0.00777	0.00911	0.00670	0.00461	0.00373	0.00126	0.00590	0.00303	0.00224	0.00676
6	0.09644	0.01506	0.01368	0.01177	0.01388	0.24766	0.00937	0.18495	0.04608	0.01786	0.00932	0.01145	0.00776	0.00802	0.04418	0.00199	0.24681	0.00407	0.00325	0.00640
7	0.00759	0.00509	0.00569	0.00567	0.00571	0.00503	0.00318	0.00748	0.00744	0.00996	0.01587	0.03260	0.01820	0.82212	0.02506	0.00482	0.00491	0.00726	0.00312	0.00322
8	0.01650	0.01072	0.01218	0.03136	0.01392	0.01149	0.00818	0.18112	0.37552	0.23524	0.01810	0.01694	0.01293	0.00655	0.00511	0.00165	0.00447	0.00523	0.02466	0.00813
9	0.00759	0.00509	0.00569	0.00567	0.00571	0.00503	0.00318	0.00748	0.00744	0.00996	0.01587	0.03260	0.01820	0.82212	0.02506	0.00482	0.00491	0.00726	0.00312	0.00322
10	0.04231	0.10596	0.01362	0.00981	0.04353	0.00950	0.00782	0.05925	0.01401	0.58805	0.04208	0.01622	0.01241	0.00615	0.00488	0.00154	0.00451	0.00482	0.00543	0.00810
11	0.01807	0.01486	0.01437	0.01157	0.01516	0.12120	0.00930	0.56441	0.13267	0.02721	0.01283	0.01293	0.00944	0.00617	0.00504	0.00155	0.00579	0.00456	0.00474	0.00812
12	0.00759	0.00509	0.00569	0.00567	0.00571	0.00503	0.00318	0.00748	0.00744	0.00996	0.01587	0.03260	0.01820	0.82212	0.02506	0.00482	0.00491	0.00726	0.00312	0.00322
13	0.00759	0.00509	0.00569	0.00567	0.00571	0.00503	0.00318	0.00748	0.00744	0.00996	0.01587	0.03260	0.01820	0.82212	0.02506	0.00482	0.00491	0.00726	0.00312	0.00322
14	0.01062	0.00903	0.01048	0.00757	0.01195	0.00680	0.00601	0.01267	0.01046	0.01640	0.00916	0.01078	0.00768	0.00393	0.00383	0.00081	0.00379	0.00306	0.00306	0.85190
15	0.05174	0.04343	0.21795	0.01418	0.09118	0.34377	0.01200	0.03876	0.10944	0.01572	0.01011	0.01136	0.00794	0.00535	0.00470	0.00150	0.00724	0.00384	0.00293	0.00685
16	0.00887	0.00649	0.00882	0.00801	0.02659	0.00578	0.04759	0.01095	0.01307	0.06822	0.44718	0.03465	0.16193	0.00966	0.00578	0.00162	0.00326	0.05079	0.00496	0.07578
17	0.00736	0.00529	0.00669	0.00731	0.00811	0.00501	0.00531	0.03301	0.01109	0.01492	0.12960	0.47610	0.08562	0.03692	0.00685	0.00207	0.00329	0.12764	0.02327	0.00453
18	0.01205	0.04545	0.02835	0.03701	0.05910	0.01285	0.69480	0.01588	0.01174	0.01591	0.01018	0.01356	0.00781	0.00446	0.00581	0.00170	0.00814	0.00571	0.00261	0.00686
19	0.05958	0.00905	0.01041	0.00764	0.01190	0.00711	0.00609	0.01370	0.01066	0.07827	0.00989	0.01117	0.00795	0.00417	0.00390	0.00092	0.00384	0.00320	0.00331	0.73723
20	0.02754	0.00751	0.00896	0.00719	0.01010	0.00621	0.00550	0.01255	0.01147	0.10982	0.20194	0.03511	0.03985	0.09457	0.00689	0.00160	0.00362	0.00557	0.00412	0.39989
21	0.00759	0.00551	0.00646	0.00636	0.00786	0.00487	0.00486	0.00920	0.01246	0.05025	0.30165	0.07395	0.38950	0.01181	0.00606	0.00177	0.00288	0.08715	0.00505	0.00476
22	0.23197	0.01086	0.03585	0.05916	0.01449	0.01084	0.03112	0.21029	0.01458	0.27823	0.01459	0.01450	0.03986	0.00600	0.00468	0.00160	0.00484	0.00453	0.00461	0.00736
23	0.05992	0.00577	0.00654	0.00652	0.00780	0.00550	0.00474	0.00968	0.05534	0.01637	0.28519	0.18697	0.23280	0.07196	0.00729	0.00199	0.00302	0.02310	0.00479	0.00471
24	0.00728	0.00513	0.00623	0.00647	0.00750	0.00461	0.00460	0.00859	0.01153	0.03949	0.25061	0.34665	0.21741	0.02652	0.00639	0.00187	0.00282	0.01106	0.03066	0.00458
25	0.12194	0.00910	0.01035	0.00850	0.01147	0.00913	0.00681	0.20303	0.01503	0.29570	0.08465	0.06668	0.01508	0.00700	0.00485	0.00157	0.00409	0.00552	0.11239	0.00711
26	0.14247	0.01986	0.01336	0.01284	0.06145	0.57766	0.00924	0.01928	0.05683	0.02909	0.00893	0.01021	0.00727	0.00534	0.00448	0.00142	0.00768	0.00348	0.00295	0.00615
27	0.01064	0.00800	0.00911	0.00818	0.01050	0.00785	0.00616	0.05563	0.22560	0.06595	0.06831	0.21592	0.09423	0.03400	0.00597	0.00172	0.00364	0.00786	0.00464	0.15609
28	0.00735	0.00576	0.00663	0.00628	0.00786	0.00521	0.00470	0.00977	0.05822	0.01734	0.41143	0.05224	0.33853	0.01092	0.00587	0.00166	0.00269	0.00927	0.00508	0.03321
29	0.00921	0.00802	0.01103	0.01002	0.01037	0.01024	0.00786	0.01020	0.00787	0.01167	0.01090	0.01829	0.01101	0.17087	0.29289	0.00471	0.38213	0.00530	0.00262	0.00481
30	0.18391	0.01379	0.08008	0.05988	0.02866	0.16014	0.00894	0.17723	0.02547	0.12127	0.02297	0.05519	0.02992	0.00604	0.00454	0.00150	0.00554	0.00457	0.00377	0.00657
