[name]
unknown

[dist]
# distance from previous block
# <min> <max>
0	24

[block]
# block no. 0 follows, 50 sequences, length 15
# corresponding to MSA columns:
# 24-38
name=unknown_A
#
# <colnr> <probs for GDERKNQSTAVLIFYWHMCP>
#	G	D	E	R	K	N	Q	S	T	A	V	L	I	F	Y	W	H	M	C	P
0	0.00803	0.00574	0.00803	0.00918	0.01033	0.00574	0.00803	0.01033	0.01147	0.01492	0.02639	0.05622	0.02869	0.01377	0.00688	0.00229	0.00459	0.76018	0.00459	0.00459
1	0.01284	0.01093	0.01152	0.01023	0.01313	0.01261	0.00800	0.07767	0.73282	0.02157	0.01972	0.01814	0.01476	0.00671	0.00507	0.00168	0.00405	0.00556	0.00507	0.00793
2	0.01277	0.01089	0.01148	0.01022	0.01310	0.01257	0.00798	0.06863	0.74198	0.02144	0.01982	0.01822	0.01484	0.00672	0.00507	0.00168	0.00403	0.00557	0.00507	0.00792
3	0.02236	0.00848	0.01157	0.00887	0.01272	0.00733	0.00733	0.02429	0.01427	0.79719	0.01966	0.01697	0.01234	0.00617	0.00501	0.00154	0.00424	0.00501	0.00617	0.00848
4	0.02059	0.00939	0.01239	0.00967	0.01307	0.00920	0.00800	0.10701	0.01449	0.61651	0.01722	0.01567	0.01121	0.00646	0.00638	0.00161	0.10258	0.00488	0.00555	0.00812
5	0.00941	0.00886	0.01495	0.81285	0.03433	0.01107	0.01384	0.01274	0.00997	0.01274	0.00886	0.01329	0.00664	0.00498	0.00498	0.00166	0.00664	0.00443	0.00221	0.00554
6	0.01179	0.00881	0.01048	0.00756	0.01192	0.00673	0.00608	0.01397	0.01081	0.11074	0.01017	0.01114	0.00798	0.00399	0.00385	0.00084	0.00376	0.00320	0.00334	0.75282
7	0.01240	0.01071	0.01127	0.01014	0.01296	0.01240	0.00789	0.02649	0.78473	0.02085	0.02029	0.01860	0.01522	0.00676	0.00507	0.00169	0.00394	0.00564	0.00507	0.00789
8	0.00737	0.00479	0.00553	0.00553	0.00553	0.00479	0.00313	0.00718	0.00718	0.00958	0.01510	0.03111	0.01730	0.75503	0.02486	0.07831	0.00479	0.00700	0.00295	0.00295
9	0.01322	0.27145	0.42017	0.01150	0.01729	0.01335	0.01339	0.01702	0.01106	0.15261	0.01021	0.01088	0.00740	0.00484	0.00431	0.00141	0.00618	0.00360	0.00283	0.00726
10	0.06847	0.00909	0.01022	0.00758	0.01177	0.00749	0.00606	0.01400	0.08269	0.01709	0.00980	0.01096	0.00798	0.00404	0.00378	0.00088	0.00373	0.00319	0.00316	0.71803
11	0.02236	0.00848	0.01157	0.00887	0.01272	0.00733	0.00733	0.02429	0.01427	0.79719	0.01966	0.01697	0.01234	0.00617	0.00501	0.00154	0.00424	0.00501	0.00617	0.00848
12	0.01002	0.00942	0.01555	0.64894	0.14885	0.01127	0.01373	0.01389	0.05334	0.01373	0.00957	0.01344	0.00731	0.00500	0.00498	0.00164	0.00638	0.00450	0.00241	0.00603
13	0.75867	0.00950	0.00784	0.00683	0.01001	0.01072	0.00563	0.01582	0.00918	0.11613	0.00848	0.00917	0.00624	0.00481	0.00332	0.00154	0.00390	0.00298	0.00346	0.00577
14	0.82132	0.00960	0.00767	0.04325	0.01076	0.01118	0.00578	0.01456	0.00855	0.02193	0.00703	0.00833	0.00545	0.00464	0.00317	0.00155	0.00398	0.00278	0.00305	0.00540

[dist]
# distance from previous block
# <min> <max>
0	4

[block]
# block no. 1 follows, 50 sequences, length 25
# corresponding to MSA columns:
# 43-67
name=unknown_B
#
# <colnr> <probs for GDERKNQSTAVLIFYWHMCP>
#	G	D	E	R	K	N	Q	S	T	A	V	L	I	F	Y	W	H	M	C	P
0	0.01000	0.02578	0.79900	0.01421	0.02157	0.01158	0.01842	0.01579	0.01052	0.01579	0.00895	0.01052	0.00631	0.00474	0.00474	0.00158	0.00737	0.00368	0.00210	0.00737
1	0.34204	0.01220	0.01352	0.01650	0.29516	0.09339	0.00987	0.06288	0.06098	0.03650	0.00934	0.01083	0.00738	0.00487	0.00419	0.00150	0.00525	0.00373	0.00312	0.00676
2	0.01389	0.74446	0.02494	0.00888	0.01307	0.04982	0.00863	0.06406	0.01114	0.01301	0.00728	0.00829	0.00653	0.00441	0.00336	0.00110	0.00548	0.00280	0.00233	0.00651
3	0.00607	0.00434	0.00578	0.00694	0.00723	0.00405	0.00463	0.00694	0.00954	0.01272	0.02747	0.82157	0.03297	0.01562	0.00636	0.00202	0.00289	0.01417	0.00463	0.00405
4	0.10681	0.01338	0.01401	0.01090	0.01475	0.01489	0.00898	0.66718	0.05235	0.03004	0.01177	0.01183	0.00842	0.00587	0.00479	0.00151	0.00525	0.00435	0.00479	0.00813
5	0.01786	0.00964	0.01517	0.01278	0.08112	0.00889	0.14368	0.06885	0.01405	0.46546	0.07750	0.03456	0.01404	0.00618	0.00526	0.00157	0.00502	0.00560	0.00505	0.00773
6	0.00626	0.00466	0.00587	0.00676	0.00747	0.00428	0.00482	0.00738	0.01018	0.01314	0.03261	0.55748	0.20578	0.01472	0.00631	0.00198	0.00300	0.09853	0.00462	0.00415
7	0.01895	0.01396	0.01496	0.01147	0.01546	0.01546	0.00947	0.77711	0.02344	0.03141	0.01197	0.01197	0.00848	0.00598	0.00499	0.00150	0.00548	0.00449	0.00499	0.00848
8	0.01210	0.01160	0.01980	0.09395	0.73223	0.01178	0.01518	0.01509	0.01124	0.01600	0.00933	0.01241	0.00779	0.00449	0.00494	0.00150	0.00598	0.00444	0.00245	0.00770
9	0.01176	0.01345	0.02941	0.02101	0.02605	0.01261	0.77563	0.01597	0.01176	0.01597	0.01008	0.01345	0.00756	0.00420	0.00588	0.00168	0.00840	0.00588	0.00252	0.00672
10	0.00712	0.00534	0.00801	0.00801	0.00890	0.00623	0.00623	0.00890	0.00801	0.01157	0.01335	0.01958	0.01246	0.03738	0.80507	0.00801	0.01335	0.00534	0.00267	0.00445
11	0.01895	0.01396	0.01496	0.01147	0.01546	0.01546	0.00947	0.77711	0.02344	0.03141	0.01197	0.01197	0.00848	0.00598	0.00499	0.00150	0.00548	0.00449	0.00499	0.00848
12	0.01895	0.01396	0.01496	0.01147	0.01546	0.01546	0.00947	0.77711	0.02344	0.03141	0.01197	0.01197	0.00848	0.00598	0.00499	0.00150	0.00548	0.00449	0.00499	0.00848
13	0.00941	0.00886	0.01495	0.81285	0.03433	0.01107	0.01384	0.01274	0.00997	0.01274	0.00886	0.01329	0.00664	0.00498	0.00498	0.00166	0.00664	0.00443	0.00221	0.00554
14	0.01333	0.82783	0.02612	0.00853	0.01279	0.01972	0.00853	0.01493	0.01013	0.01173	0.00693	0.00800	0.00640	0.00426	0.00320	0.00107	0.00533	0.00267	0.00213	0.00640
15	0.00607	0.00434	0.00578	0.00694	0.00723	0.00405	0.00463	0.00694	0.00954	0.01272	0.02747	0.82157	0.03297	0.01562	0.00636	0.00202	0.00289	0.01417	0.00463	0.00405
16	0.01111	0.00884	0.01041	0.00748	0.01187	0.00669	0.00600	0.01330	0.01059	0.06638	0.00955	0.01076	0.00770	0.00385	0.00378	0.00079	0.00373	0.00309	0.00316	0.80093
17	0.26512	0.01244	0.01257	0.00991	0.01363	0.01383	0.00818	0.51922	0.01864	0.06424	0.01085	0.01107	0.00776	0.00560	0.00443	0.00151	0.00495	0.00399	0.00448	0.00758
18	0.01091	0.01091	0.01527	0.01309	0.01309	0.01527	0.01091	0.01200	0.00763	0.01200	0.00654	0.01091	0.00654	0.00872	0.01636	0.00218	0.81570	0.00436	0.00218	0.00545
19	0.01284	0.01171	0.01202	0.01158	0.06074	0.06904	0.00847	0.02533	0.68247	0.01995	0.01872	0.01753	0.01414	0.00650	0.00502	0.00165	0.00443	0.00539	0.00473	0.00774
20	0.01234	0.01177	0.01969	0.02935	0.74613	0.01188	0.01485	0.01598	0.05850	0.01656	0.01004	0.01272	0.00834	0.00458	0.00494	0.00149	0.00580	0.00451	0.00263	0.00790
21	0.00602	0.00455	0.00556	0.00636	0.00708	0.00410	0.00437	0.00701	0.01010	0.01295	0.03450	0.58545	0.26456	0.01470	0.00622	0.00192	0.00278	0.01306	0.00463	0.00410
22	0.01234	0.01184	0.02023	0.03059	0.79373	0.01184	0.01530	0.01530	0.01135	0.01628	0.00938	0.01234	0.00790	0.00444	0.00493	0.00148	0.00592	0.00444	0.00247	0.00790
23	0.00743	0.00566	0.00812	0.00800	0.00890	0.00656	0.00616	0.00958	0.03825	0.01216	0.04472	0.02081	0.01414	0.08239	0.67354	0.00716	0.03341	0.00559	0.00288	0.00453
24	0.01036	0.00951	0.01553	0.80171	0.03468	0.01156	0.01414	0.01339	0.01056	0.01363	0.00980	0.01454	0.00754	0.00560	0.00538	0.00183	0.00693	0.00473	0.00254	0.00602

[dist]
# distance from previous block
# <min> <max>
0	1

[block]
# block no. 2 follows, 50 sequences, length 27
# corresponding to MSA columns:
# 69-95
name=unknown_C
#
# <colnr> <probs for GDERKNQSTAVLIFYWHMCP>
#	G	D	E	R	K	N	Q	S	T	A	V	L	I	F	Y	W	H	M	C	P
0	0.01135	0.08412	0.27636	0.01819	0.05515	0.01283	0.43779	0.01580	0.01121	0.01557	0.00943	0.01201	0.00708	0.00439	0.00525	0.00159	0.00772	0.00485	0.00235	0.00695
1	0.01218	0.05008	0.03698	0.00999	0.01310	0.01100	0.03430	0.09292	0.18252	0.05887	0.02630	0.01529	0.04687	0.00736	0.03620	0.00169	0.13051	0.00467	0.00370	0.22546
2	0.64181	0.00991	0.00834	0.00748	0.01049	0.01149	0.00604	0.01770	0.20833	0.02197	0.01038	0.01080	0.00793	0.00518	0.00360	0.00158	0.00388	0.00346	0.00360	0.00604
3	0.01176	0.01345	0.02941	0.02101	0.02605	0.01261	0.77563	0.01597	0.01176	0.01597	0.01008	0.01345	0.00756	0.00420	0.00588	0.00168	0.00840	0.00588	0.00252	0.00672
4	0.39074	0.28476	0.01518	0.00848	0.01198	0.11609	0.00737	0.08712	0.01116	0.01836	0.00751	0.00854	0.00615	0.00470	0.00348	0.00135	0.00516	0.00292	0.00288	0.00607
5	0.01613	0.01094	0.01214	0.01080	0.04528	0.04870	0.00821	0.09636	0.40579	0.24784	0.03131	0.01709	0.01355	0.00640	0.00503	0.00160	0.00447	0.00524	0.00516	0.00796
6	0.01380	0.01011	0.01200	0.00943	0.01293	0.03035	0.04556	0.18151	0.10509	0.12966	0.08586	0.01738	0.05341	0.00704	0.02927	0.00154	0.00468	0.00506	0.00437	0.24096
7	0.01168	0.25974	0.51067	0.01233	0.01852	0.01427	0.01481	0.07572	0.01143	0.01583	0.00859	0.00990	0.00651	0.00470	0.00431	0.00142	0.00662	0.00345	0.00234	0.00717
8	0.01063	0.17897	0.65138	0.01312	0.01990	0.01313	0.01653	0.01562	0.01045	0.01501	0.00856	0.01004	0.00633	0.00465	0.00444	0.00148	0.00698	0.00349	0.00211	0.00718
9	0.00675	0.00524	0.00623	0.00653	0.00749	0.01944	0.00466	0.00851	0.02853	0.01557	0.29750	0.36792	0.18168	0.01276	0.00604	0.00178	0.00277	0.01129	0.00490	0.00442
10	0.00953	0.00881	0.01474	0.74736	0.06440	0.01084	0.01348	0.01279	0.01004	0.01312	0.00919	0.01347	0.00695	0.00500	0.00492	0.00163	0.00644	0.00444	0.03726	0.00560
11	0.17404	0.03967	0.01317	0.01072	0.01385	0.27064	0.00856	0.24003	0.05655	0.07810	0.01029	0.01084	0.00774	0.00557	0.00490	0.00147	0.03953	0.00378	0.00374	0.00681
12	0.00982	0.00928	0.01569	0.70324	0.14073	0.01118	0.01405	0.01309	0.01016	0.01323	0.00893	0.01316	0.00682	0.00491	0.00498	0.00164	0.00654	0.00443	0.00225	0.00587
13	0.01333	0.82783	0.02612	0.00853	0.01279	0.01972	0.00853	0.01493	0.01013	0.01173	0.00693	0.00800	0.00640	0.00426	0.00320	0.00107	0.00533	0.00267	0.00213	0.00640
14	0.00710	0.00479	0.00560	0.00574	0.00582	0.00480	0.00337	0.00728	0.00757	0.01013	0.01707	0.13083	0.01973	0.68825	0.05789	0.00462	0.00497	0.00803	0.00321	0.00321
15	0.00974	0.00919	0.01553	0.72666	0.11799	0.01116	0.01400	0.01302	0.01012	0.01313	0.00892	0.01318	0.00678	0.00492	0.00498	0.00164	0.00656	0.00443	0.00224	0.00580
16	0.01068	0.01084	0.04510	0.42962	0.31594	0.01159	0.04854	0.01392	0.01050	0.01428	0.00903	0.01276	0.00714	0.00487	0.00540	0.00161	0.03486	0.00447	0.00232	0.00653
17	0.01047	0.13986	0.68907	0.01340	0.02032	0.01273	0.01701	0.01566	0.01047	0.01521	0.00866	0.01016	0.00633	0.00467	0.00452	0.00151	0.00708	0.00354	0.00211	0.00723
18	0.00607	0.00434	0.00578	0.00694	0.00723	0.00405	0.00463	0.00694	0.00954	0.01272	0.02747	0.82157	0.03297	0.01562	0.00636	0.00202	0.00289	0.01417	0.00463	0.00405
19	0.01123	0.07635	0.66477	0.01331	0.02007	0.01181	0.01661	0.01670	0.03409	0.07528	0.00997	0.01109	0.00705	0.00488	0.00467	0.00155	0.00689	0.00378	0.00251	0.00740
20	0.01086	0.21280	0.59098	0.01345	0.04663	0.01349	0.01600	0.01557	0.01046	0.01485	0.00849	0.01000	0.00639	0.00462	0.00438	0.00146	0.00684	0.00347	0.00212	0.00716
21	0.00968	0.00913	0.01542	0.74274	0.10238	0.01114	0.01397	0.01296	0.01009	0.01305	0.00891	0.01320	0.00676	0.00493	0.00498	0.00164	0.00658	0.00443	0.00224	0.00575
22	0.01000	0.02578	0.79900	0.01421	0.02157	0.01158	0.01842	0.01579	0.01052	0.01579	0.00895	0.01052	0.00631	0.00474	0.00474	0.00158	0.00737	0.00368	0.00210	0.00737
23	0.01036	0.00997	0.04136	0.58240	0.12279	0.01137	0.01351	0.03340	0.01047	0.03145	0.00989	0.01363	0.02202	0.00536	0.00576	0.00167	0.06160	0.00453	0.00245	0.00600
24	0.03058	0.04677	0.16587	0.05509	0.01512	0.04840	0.04478	0.06353	0.11764	0.13060	0.17120	0.01916	0.01741	0.04484	0.00599	0.00171	0.00512	0.00550	0.00407	0.00663
25	0.01590	0.02459	0.03801	0.02528	0.06869	0.00875	0.00818	0.10596	0.01400	0.35317	0.13338	0.07470	0.01736	0.00720	0.00566	0.00156	0.04232	0.00594	0.00494	0.04439
26	0.01314	0.02496	0.04120	0.23521	0.17159	0.01013	0.01090	0.05015	0.08670	0.17749	0.11337	0.01721	0.01416	0.00599	0.00506	0.00157	0.00514	0.00520	0.00389	0.00693

[dist]
# distance from previous block
# <min> <max>
9	48

[block]
# block no. 3 follows, 50 sequences, length 7
# corresponding to MSA columns:
# 144-150
name=unknown_D
#
# <colnr> <probs for GDERKNQSTAVLIFYWHMCP>
#	G	D	E	R	K	N	Q	S	T	A	V	L	I	F	Y	W	H	M	C	P
0	0.01710	0.09556	0.01689	0.01318	0.09315	0.01231	0.09338	0.23147	0.04513	0.25340	0.01332	0.01341	0.00942	0.00552	0.00518	0.00148	0.02831	0.00458	0.00436	0.04284
1	0.01234	0.01150	0.01828	0.05701	0.38569	0.01170	0.09619	0.09302	0.01205	0.01723	0.00934	0.01198	0.00764	0.00488	0.00593	0.00145	0.08368	0.00434	0.00278	0.15295
2	0.01213	0.00917	0.01500	0.56884	0.12566	0.01049	0.01284	0.01515	0.01092	0.15552	0.01088	0.01384	0.00783	0.00513	0.00498	0.00162	0.00612	0.00454	0.00296	0.00637
3	0.01221	0.01232	0.09738	0.01521	0.14689	0.01021	0.16036	0.11675	0.01276	0.04839	0.02908	0.06014	0.01015	0.00528	0.00487	0.00136	0.00555	0.00494	0.00325	0.24289
4	0.01146	0.01127	0.09481	0.31054	0.17181	0.01058	0.09653	0.01453	0.01059	0.09465	0.01080	0.01501	0.00864	0.08386	0.00737	0.00193	0.03164	0.00485	0.00277	0.00636
5	0.00998	0.00883	0.08878	0.08800	0.09350	0.00744	0.00856	0.03844	0.04593	0.10096	0.05051	0.35510	0.06314	0.01022	0.00562	0.00177	0.00426	0.00906	0.00415	0.00577
6	0.01434	0.30515	0.10870	0.01109	0.06916	0.01314	0.00972	0.01663	0.01146	0.21495	0.08599	0.01401	0.01194	0.00584	0.00554	0.00144	0.08620	0.00429	0.00352	0.00689

[dist]
# distance from previous block
# <min> <max>
1	6

[block]
# block no. 4 follows, 50 sequences, length 13
# corresponding to MSA columns:
# 157-169
name=unknown_E
#
# <colnr> <probs for GDERKNQSTAVLIFYWHMCP>
#	G	D	E	R	K	N	Q	S	T	A	V	L	I	F	Y	W	H	M	C	P
0	0.06522	0.02036	0.06467	0.01217	0.01543	0.49603	0.00987	0.20219	0.03765	0.01788	0.00913	0.01003	0.00710	0.00533	0.00457	0.00138	0.00761	0.00359	0.00322	0.00657
1	0.00639	0.00463	0.00613	0.00709	0.00763	0.00427	0.00489	0.00740	0.00969	0.01302	0.02654	0.73886	0.03152	0.01495	0.00627	0.00198	0.00303	0.05714	0.00455	0.04406
2	0.01333	0.82783	0.02612	0.00853	0.01279	0.01972	0.00853	0.01493	0.01013	0.01173	0.00693	0.00800	0.00640	0.00426	0.00320	0.00107	0.00533	0.00267	0.00213	0.00640
3	0.02103	0.00863	0.01147	0.00884	0.01268	0.00757	0.00727	0.02366	0.05728	0.70314	0.01900	0.01663	0.01218	0.00604	0.00493	0.00150	0.00419	0.00491	0.00590	0.06315
4	0.01333	0.82783	0.02612	0.00853	0.01279	0.01972	0.00853	0.01493	0.01013	0.01173	0.00693	0.00800	0.00640	0.00426	0.00320	0.00107	0.00533	0.00267	0.00213	0.00640
5	0.01293	0.73156	0.11889	0.00921	0.01385	0.01874	0.00972	0.01503	0.01018	0.01221	0.00717	0.00830	0.00639	0.00432	0.00338	0.00113	0.00557	0.00279	0.00213	0.00651
6	0.01148	0.00857	0.01024	0.00748	0.01163	0.00660	0.00599	0.01367	0.01102	0.10444	0.06071	0.01282	0.01051	0.00439	0.00398	0.00088	0.00367	0.00358	0.00348	0.70486
7	0.00702	0.00480	0.00600	0.00648	0.00731	0.00437	0.00449	0.00814	0.01054	0.05125	0.12477	0.48153	0.18371	0.06628	0.00737	0.00206	0.00294	0.01192	0.00470	0.00431
8	0.01246	0.36666	0.15338	0.09842	0.01687	0.06646	0.01074	0.01773	0.18275	0.01459	0.01051	0.01143	0.00837	0.00504	0.00416	0.00137	0.00575	0.00373	0.00282	0.00676
9	0.03503	0.47830	0.13380	0.01060	0.03348	0.08716	0.01023	0.11505	0.01235	0.03133	0.00826	0.00926	0.00679	0.00469	0.00384	0.00125	0.00592	0.00319	0.00265	0.00681
10	0.01275	0.55625	0.23872	0.01028	0.01538	0.01721	0.01132	0.06221	0.01106	0.01406	0.00780	0.00894	0.00650	0.00450	0.00373	0.00123	0.00590	0.00306	0.00230	0.00679
11	0.01488	0.36574	0.16264	0.01082	0.01543	0.08328	0.01071	0.24765	0.01459	0.01850	0.00890	0.00975	0.00702	0.00495	0.00413	0.00131	0.00606	0.00345	0.00303	0.00715
12	0.03748	0.35434	0.10107	0.01034	0.01476	0.01652	0.00985	0.34124	0.01592	0.04063	0.00962	0.01019	0.00740	0.00511	0.00417	0.00133	0.00554	0.00361	0.00348	0.00741

[dist]
# distance from previous block
# <min> <max>
3	11

[block]
# block no. 5 follows, 50 sequences, length 53
# corresponding to MSA columns:
# 181-198,200-234
name=unknown_F
#
# <colnr> <probs for GDERKNQSTAVLIFYWHMCP>
#	G	D	E	R	K	N	Q	S	T	A	V	L	I	F	Y	W	H	M	C	P
0	0.03871	0.33941	0.07938	0.01012	0.01446	0.01620	0.00945	0.33854	0.02678	0.02108	0.00952	0.01016	0.00743	0.00504	0.00413	0.00129	0.00540	0.00358	0.00346	0.05587
1	0.01446	0.48085	0.09995	0.00999	0.01440	0.01733	0.00974	0.22137	0.05803	0.01797	0.00926	0.00993	0.00745	0.00492	0.00394	0.00127	0.00550	0.00343	0.00307	0.00714
2	0.01158	0.40665	0.43198	0.01151	0.01740	0.01544	0.01372	0.01538	0.01034	0.01386	0.00799	0.00932	0.00635	0.00451	0.00401	0.00134	0.00640	0.00320	0.00212	0.00691
3	0.01323	0.80562	0.04751	0.00869	0.01304	0.01950	0.00880	0.01495	0.01014	0.01184	0.00699	0.00807	0.00639	0.00428	0.00324	0.00108	0.00539	0.00269	0.00213	0.00642
4	0.01349	0.75458	0.04203	0.00889	0.01311	0.05709	0.00878	0.01543	0.02664	0.01203	0.00729	0.00832	0.00658	0.00437	0.00333	0.00110	0.00552	0.00278	0.00221	0.00642
5	0.01319	0.03176	0.01174	0.01005	0.01297	0.01223	0.00793	0.05325	0.67080	0.06958	0.01973	0.01883	0.01486	0.00679	0.00506	0.00167	0.00407	0.02259	0.00505	0.00783
6	0.02093	0.00996	0.08187	0.00929	0.01340	0.00765	0.00826	0.02321	0.01393	0.71042	0.03547	0.01683	0.01255	0.00613	0.00501	0.00155	0.00448	0.00498	0.00579	0.00830
7	0.01689	0.04506	0.30050	0.01107	0.01620	0.00958	0.02754	0.03743	0.01290	0.43254	0.03098	0.01451	0.01045	0.00561	0.00488	0.00154	0.00550	0.00453	0.00442	0.00788
8	0.00607	0.00434	0.00578	0.00694	0.00723	0.00405	0.00463	0.00694	0.00954	0.01272	0.02747	0.82157	0.03297	0.01562	0.00636	0.00202	0.00289	0.01417	0.00463	0.00405
9	0.00681	0.00511	0.00745	0.00815	0.00887	0.00486	0.04245	0.00818	0.01011	0.01340	0.02638	0.60081	0.03073	0.01463	0.00646	0.00207	0.00356	0.19114	0.00452	0.00431
10	0.02209	0.00857	0.01180	0.00945	0.03371	0.00745	0.00754	0.02405	0.01419	0.77620	0.01939	0.01684	0.01222	0.00612	0.00501	0.00154	0.00429	0.00500	0.00607	0.00847
11	0.01000	0.02578	0.79900	0.01421	0.02157	0.01158	0.01842	0.01579	0.01052	0.01579	0.00895	0.01052	0.00631	0.00474	0.00474	0.00158	0.00737	0.00368	0.00210	0.00737
12	0.00607	0.00434	0.00578	0.00694	0.00723	0.00405	0.00463	0.00694	0.00954	0.01272	0.02747	0.82157	0.03297	0.01562	0.00636	0.00202	0.00289	0.01417	0.00463	0.00405
13	0.01360	0.03839	0.19620	0.01488	0.01925	0.24438	0.23825	0.02877	0.03645	0.04365	0.01101	0.03599	0.00906	0.00555	0.00514	0.00156	0.00759	0.04090	0.00284	0.00653
14	0.01111	0.01063	0.01822	0.35620	0.46201	0.01154	0.02999	0.01424	0.01078	0.01480	0.00917	0.01276	0.00737	0.00466	0.00497	0.00156	0.00627	0.00447	0.00236	0.00689
15	0.00589	0.00505	0.00505	0.00505	0.00673	0.00421	0.00379	0.00715	0.01136	0.01347	0.05049	0.04797	0.79171	0.01262	0.00589	0.00168	0.00252	0.01052	0.00463	0.00421
16	0.01227	0.01178	0.02011	0.04826	0.77659	0.01183	0.01526	0.01524	0.01132	0.01620	0.00936	0.01236	0.00787	0.00445	0.00494	0.00148	0.00594	0.00444	0.00246	0.00784
17	0.01234	0.01177	0.01973	0.13637	0.59464	0.03267	0.06676	0.01536	0.01134	0.03724	0.00959	0.01258	0.00778	0.00457	0.00500	0.00152	0.00623	0.00452	0.00254	0.00745
18	0.01020	0.05240	0.73583	0.01434	0.02149	0.01190	0.05444	0.01576	0.01057	0.01566	0.00893	0.01058	0.00638	0.00469	0.00474	0.00157	0.00735	0.00375	0.00213	0.00730
19	0.00941	0.00886	0.01495	0.81285	0.03433	0.01107	0.01384	0.01274	0.00997	0.01274	0.00886	0.01329	0.00664	0.00498	0.00498	0.00166	0.00664	0.00443	0.00221	0.00554
20	0.02050	0.00817	0.01107	0.00880	0.01228	0.00718	0.00722	0.03670	0.01398	0.69143	0.02038	0.07382	0.01446	0.00718	0.00519	0.00161	0.00419	0.04189	0.00597	0.00799
21	0.01328	0.01591	0.31765	0.01303	0.01805	0.01009	0.14783	0.06710	0.01269	0.19316	0.05838	0.03411	0.02309	0.00618	0.00525	0.00163	0.00612	0.04559	0.00370	0.00716
22	0.01035	0.11134	0.71656	0.01360	0.02064	0.01244	0.01736	0.01569	0.01048	0.01535	0.00873	0.01025	0.00632	0.00469	0.00457	0.00152	0.00715	0.00357	0.00211	0.00726
23	0.01173	0.01517	0.15808	0.03315	0.02197	0.06084	0.43412	0.01632	0.06266	0.03194	0.01161	0.04685	0.00944	0.00547	0.00594	0.00169	0.03716	0.02639	0.00282	0.00665
24	0.01877	0.01058	0.11349	0.01070	0.05811	0.00789	0.00909	0.02121	0.01325	0.58004	0.01836	0.06322	0.01304	0.00668	0.00511	0.00160	0.00468	0.03095	0.00529	0.00792
25	0.01065	0.01012	0.01718	0.48222	0.35530	0.01140	0.01446	0.01382	0.01055	0.01424	0.00908	0.01289	0.00717	0.00475	0.00496	0.00158	0.00634	0.00443	0.00232	0.00653
26	0.01147	0.01095	0.01878	0.13003	0.59854	0.01117	0.04554	0.01444	0.01130	0.01593	0.05448	0.03430	0.01059	0.00511	0.00507	0.00153	0.00584	0.00501	0.00266	0.00726
27	0.01055	0.05857	0.76273	0.01422	0.02145	0.01212	0.01812	0.01602	0.01077	0.01600	0.00928	0.01100	0.00672	0.00499	0.00485	0.00163	0.00741	0.00378	0.00225	0.00753
28	0.01230	0.01232	0.13604	0.13449	0.04795	0.01015	0.17677	0.05080	0.04370	0.12008	0.05245	0.04263	0.05508	0.00704	0.00562	0.00176	0.00605	0.07425	0.00375	0.00676
29	0.01048	0.02552	0.76632	0.01470	0.02197	0.01183	0.04589	0.01606	0.01083	0.01617	0.00940	0.01121	0.00676	0.00499	0.00496	0.00166	0.00753	0.00390	0.00227	0.00755
30	0.01184	0.01226	0.04965	0.16442	0.43106	0.01187	0.18815	0.01506	0.01138	0.01585	0.01035	0.03561	0.00863	0.00508	0.00537	0.00165	0.00672	0.00514	0.00263	0.00729
31	0.01148	0.01088	0.01844	0.36488	0.44396	0.01175	0.03494	0.01449	0.01103	0.01514	0.00959	0.01334	0.00774	0.00495	0.00516	0.00164	0.00643	0.00461	0.00251	0.00706
32	0.01502	0.01304	0.11831	0.01541	0.02007	0.01041	0.37341	0.01839	0.01275	0.26878	0.05393	0.03175	0.01187	0.00572	0.00564	0.00170	0.00663	0.00577	0.00399	0.00742
33	0.01075	0.07083	0.68900	0.01467	0.02166	0.01234	0.07794	0.01602	0.01086	0.01595	0.00934	0.01119	0.00682	0.00494	0.00492	0.00163	0.00746	0.00394	0.00229	0.00746
34	0.01105	0.08299	0.69003	0.01450	0.04914	0.01228	0.01741	0.01619	0.01088	0.03556	0.00950	0.01115	0.00693	0.00500	0.00482	0.00161	0.00721	0.00381	0.00237	0.00755
35	0.01042	0.02596	0.79414	0.01445	0.02181	0.01179	0.01852	0.01606	0.01079	0.01617	0.00936	0.01110	0.00672	0.00501	0.00491	0.00165	0.00749	0.00382	0.00225	0.00757
36	0.01017	0.00950	0.01582	0.71764	0.12209	0.01138	0.01414	0.01332	0.01039	0.01355	0.00934	0.01374	0.00719	0.00520	0.00515	0.00172	0.00669	0.00456	0.00239	0.00603
37	0.00649	0.00537	0.00558	0.00551	0.00716	0.00454	0.00410	0.00777	0.01198	0.01471	0.14694	0.04691	0.69016	0.01253	0.00606	0.00174	0.00266	0.01042	0.00487	0.00450
38	0.00984	0.00915	0.01521	0.80788	0.03448	0.01129	0.01397	0.01303	0.01023	0.01314	0.00928	0.01385	0.00704	0.00526	0.00516	0.00174	0.00677	0.00456	0.00236	0.00575
39	0.00959	0.00720	0.00910	0.00965	0.01121	0.00749	0.00814	0.04141	0.14969	0.01690	0.02511	0.06847	0.02592	0.01251	0.00664	0.00222	0.00460	0.57379	0.00482	0.00553
40	0.01042	0.02596	0.79414	0.01445	0.02181	0.01179	0.01852	0.01606	0.01079	0.01617	0.00936	0.01110	0.00672	0.00501	0.00491	0.00165	0.00749	0.00382	0.00225	0.00757
41	0.01898	0.02395	0.01439	0.01309	0.01569	0.79986	0.00979	0.02015	0.01436	0.01260	0.00813	0.00958	0.00682	0.00541	0.00467	0.00136	0.00910	0.00335	0.00271	0.00599
42	0.00646	0.00533	0.00557	0.00558	0.00716	0.00451	0.00412	0.00768	0.01177	0.01443	0.11861	0.09434	0.67110	0.01280	0.00609	0.00177	0.00269	0.01069	0.00484	0.00447
43	0.00669	0.00482	0.00628	0.00737	0.00783	0.00448	0.00511	0.00759	0.01006	0.01336	0.02851	0.71704	0.06066	0.01554	0.00656	0.00211	0.00319	0.08371	0.00475	0.00433
44	0.01827	0.01419	0.01551	0.01339	0.08079	0.04405	0.01012	0.63160	0.04760	0.02876	0.01211	0.01265	0.00891	0.00621	0.00550	0.00159	0.03101	0.00461	0.00473	0.00841
45	0.80703	0.00986	0.00788	0.00698	0.01013	0.01118	0.00570	0.01548	0.00909	0.06699	0.00810	0.00920	0.00620	0.00499	0.00338	0.00162	0.00402	0.00298	0.00340	0.00579
46	0.01898	0.02395	0.01439	0.01309	0.01569	0.79986	0.00979	0.02015	0.01436	0.01260	0.00813	0.00958	0.00682	0.00541	0.00467	0.00136	0.00910	0.00335	0.00271	0.00599
47	0.01075	0.00915	0.01062	0.00767	0.01211	0.00689	0.00609	0.01284	0.01060	0.01662	0.00928	0.01091	0.00778	0.00398	0.00388	0.00082	0.00384	0.00310	0.00309	0.84997
48	0.00652	0.00466	0.00610	0.00723	0.00756	0.00431	0.00482	0.00727	0.00981	0.01313	0.02777	0.81686	0.03320	0.01582	0.00653	0.00210	0.00304	0.01424	0.00476	0.00427
49	0.00662	0.00478	0.00619	0.00725	0.00771	0.00442	0.00497	0.00747	0.01002	0.01329	0.02899	0.73007	0.07518	0.01555	0.00653	0.00209	0.00312	0.05666	0.00476	0.00431
50	0.01736	0.02094	0.01598	0.01434	0.04492	0.59447	0.08759	0.03122	0.07467	0.01410	0.00946	0.01100	0.00772	0.00553	0.00521	0.00147	0.03081	0.00391	0.00293	0.00636
51	0.06673	0.02975	0.05666	0.01023	0.01228	0.03548	0.09556	0.02734	0.00984	0.01426	0.01480	0.18398	0.01497	0.04843	0.27802	0.00403	0.05152	0.00687	0.00323	0.03602
52	0.05759	0.04217	0.03479	0.01125	0.01484	0.08337	0.08780	0.11904	0.15187	0.26420	0.01574	0.01566	0.02082	0.00779	0.04796	0.00196	0.00593	0.00497	0.00463	0.00762

[dist]
# distance from previous block
# <min> <max>
0	19

[block]
# block no. 6 follows, 50 sequences, length 25
# corresponding to MSA columns:
# 314-338
name=unknown_G
#
# <colnr> <probs for GDERKNQSTAVLIFYWHMCP>
#	G	D	E	R	K	N	Q	S	T	A	V	L	I	F	Y	W	H	M	C	P
0	0.16707	0.01141	0.01218	0.01043	0.03807	0.06140	0.02082	0.17836	0.08441	0.25078	0.03156	0.01665	0.03889	0.03440	0.00568	0.00177	0.00500	0.00498	0.00485	0.02129
1	0.01592	0.31477	0.09417	0.01117	0.01503	0.25753	0.00998	0.09674	0.05171	0.04248	0.01122	0.01219	0.03472	0.00572	0.00451	0.00143	0.00670	0.00387	0.00319	0.00696
2	0.00838	0.00609	0.00736	0.03467	0.00851	0.00630	0.00509	0.00937	0.04507	0.01217	0.01894	0.16833	0.02117	0.49576	0.01837	0.00383	0.04276	0.07993	0.00372	0.00418
3	0.01369	0.01268	0.01960	0.06219	0.56179	0.03855	0.05872	0.10507	0.01313	0.01819	0.01059	0.01398	0.00888	0.03310	0.00599	0.00174	0.00635	0.00482	0.00303	0.00791
4	0.00774	0.00565	0.00710	0.00671	0.00798	0.00513	0.00497	0.00980	0.01434	0.02015	0.73059	0.03870	0.09983	0.01079	0.00618	0.00171	0.00264	0.00930	0.00565	0.00506
5	0.01301	0.01212	0.01993	0.10451	0.68412	0.01228	0.01516	0.04388	0.01212	0.01717	0.01015	0.01341	0.00849	0.00504	0.00525	0.00163	0.00621	0.00468	0.00279	0.00805
6	0.01026	0.00948	0.01559	0.77655	0.06137	0.01149	0.01413	0.01334	0.01048	0.01357	0.00961	0.01424	0.00739	0.00545	0.00529	0.00179	0.00684	0.00467	0.00248	0.00600
7	0.01016	0.00937	0.01540	0.80412	0.03460	0.01146	0.01407	0.01325	0.01043	0.01344	0.00959	0.01427	0.00735	0.00547	0.00529	0.00179	0.00687	0.00466	0.00247	0.00592
8	0.00866	0.00433	0.00649	0.00649	0.00649	0.00433	0.00433	0.00649	0.00649	0.00866	0.00866	0.01515	0.00866	0.01732	0.01948	0.85498	0.00433	0.00433	0.00216	0.00216
9	0.01357	0.79016	0.02556	0.00873	0.01292	0.05650	0.00858	0.01516	0.01032	0.01175	0.00697	0.00804	0.00640	0.00431	0.00326	0.00108	0.00550	0.00269	0.00215	0.00637
10	0.01333	0.82783	0.02612	0.00853	0.01279	0.01972	0.00853	0.01493	0.01013	0.01173	0.00693	0.00800	0.00640	0.00426	0.00320	0.00107	0.00533	0.00267	0.00213	0.00640
11	0.01321	0.79985	0.05308	0.00873	0.01310	0.01944	0.00887	0.01496	0.01014	0.01187	0.00700	0.00808	0.00639	0.00428	0.00325	0.00108	0.00540	0.00270	0.00213	0.00643
12	0.00705	0.00510	0.00666	0.00627	0.00745	0.00470	0.00470	0.00941	0.01411	0.01999	0.79110	0.03723	0.04703	0.01019	0.00588	0.00157	0.00235	0.00901	0.00549	0.00470
13	0.00696	0.00509	0.00653	0.00617	0.00739	0.00466	0.00463	0.00922	0.01388	0.01945	0.72980	0.03812	0.10867	0.01039	0.00588	0.00158	0.00237	0.00914	0.00542	0.00466
14	0.00725	0.00483	0.00544	0.00544	0.00544	0.00483	0.00302	0.00725	0.00725	0.00966	0.01571	0.03262	0.01812	0.82483	0.02537	0.00483	0.00483	0.00725	0.00302	0.00302
15	0.01234	0.01184	0.02023	0.03059	0.79373	0.01184	0.01530	0.01530	0.01135	0.01628	0.00938	0.01234	0.00790	0.00444	0.00493	0.00148	0.00592	0.00444	0.00247	0.00790
16	0.01862	0.02376	0.01413	0.01284	0.01541	0.80482	0.00963	0.01990	0.01413	0.01220	0.00770	0.00899	0.00642	0.00514	0.00449	0.00128	0.00899	0.00321	0.00257	0.00578
17	0.00929	0.00465	0.00465	0.00465	0.00581	0.00465	0.00348	0.01161	0.01045	0.01858	0.01626	0.01858	0.01278	0.00581	0.00348	0.00116	0.00232	0.00465	0.85250	0.00465
18	0.02207	0.00895	0.01186	0.00909	0.01296	0.00802	0.00751	0.08893	0.01505	0.73143	0.01900	0.01654	0.01201	0.00615	0.00501	0.00154	0.00435	0.00497	0.00607	0.00848
19	0.01068	0.01015	0.01723	0.47492	0.36239	0.01141	0.01447	0.01384	0.01056	0.01427	0.00908	0.01288	0.00718	0.00475	0.00496	0.00158	0.00633	0.00443	0.00232	0.00656
20	0.40033	0.03885	0.04442	0.00939	0.01308	0.01284	0.03497	0.26689	0.06214	0.05863	0.01018	0.01070	0.00748	0.00525	0.00409	0.00153	0.00477	0.00373	0.00388	0.00686
21	0.00967	0.07315	0.44566	0.01094	0.01592	0.00985	0.01266	0.01421	0.04034	0.03933	0.19990	0.01999	0.07435	0.00671	0.00501	0.00155	0.00545	0.00550	0.00333	0.00648
22	0.01139	0.31870	0.09562	0.00940	0.04511	0.01228	0.00843	0.02794	0.01061	0.01469	0.04515	0.01177	0.00925	0.03839	0.00469	0.00120	0.00479	0.00347	0.00270	0.32442
23	0.04720	0.36618	0.30791	0.01346	0.11598	0.01522	0.01293	0.04234	0.01083	0.01494	0.00816	0.00962	0.00659	0.00454	0.00404	0.00134	0.00610	0.00333	0.00231	0.00698
24	0.04539	0.01132	0.01735	0.05669	0.42267	0.01152	0.05436	0.11729	0.04732	0.09614	0.01167	0.01430	0.00921	0.00521	0.00496	0.00152	0.00559	0.02851	0.00338	0.03560

[dist]
# distance from previous block
# <min> <max>
1	4

[block]
# block no. 7 follows, 50 sequences, length 22
# corresponding to MSA columns:
# 343-364
name=unknown_H
#
# <colnr> <probs for GDERKNQSTAVLIFYWHMCP>
#	G	D	E	R	K	N	Q	S	T	A	V	L	I	F	Y	W	H	M	C	P
0	0.06038	0.10371	0.03669	0.02119	0.39995	0.09303	0.08981	0.01648	0.07691	0.01597	0.01097	0.01290	0.03052	0.00492	0.00472	0.00146	0.00607	0.00443	0.00276	0.00714
1	0.09687	0.01027	0.01407	0.24076	0.07537	0.04029	0.05336	0.05578	0.05777	0.01631	0.09638	0.01565	0.02746	0.00652	0.00726	0.00171	0.17016	0.00498	0.00308	0.00594
2	0.00724	0.00485	0.00553	0.00553	0.00557	0.00488	0.00314	0.00731	0.00728	0.00974	0.01562	0.03213	0.01791	0.79536	0.05455	0.00495	0.00515	0.00718	0.00301	0.00307
3	0.00626	0.00506	0.00556	0.00544	0.00696	0.00436	0.00408	0.00787	0.01223	0.01553	0.28518	0.04457	0.55574	0.01185	0.00589	0.00165	0.00247	0.01004	0.00490	0.00436
4	0.01862	0.02376	0.01413	0.01284	0.01541	0.80482	0.00963	0.01990	0.01413	0.01220	0.00770	0.00899	0.00642	0.00514	0.00449	0.00128	0.00899	0.00321	0.00257	0.00578
5	0.01333	0.82783	0.02612	0.00853	0.01279	0.01972	0.00853	0.01493	0.01013	0.01173	0.00693	0.00800	0.00640	0.00426	0.00320	0.00107	0.00533	0.00267	0.00213	0.00640
6	0.01491	0.01163	0.01250	0.01055	0.01376	0.01310	0.00846	0.29909	0.45472	0.04735	0.01748	0.01760	0.01320	0.00673	0.00511	0.00164	0.00454	0.03458	0.00505	0.00799
7	0.00606	0.00439	0.00573	0.00681	0.00720	0.00406	0.00457	0.00695	0.00966	0.01277	0.02901	0.76995	0.08360	0.01542	0.00633	0.00200	0.00287	0.01393	0.00463	0.00406
8	0.00941	0.00886	0.01495	0.81285	0.03433	0.01107	0.01384	0.01274	0.00997	0.01274	0.00886	0.01329	0.00664	0.00498	0.00498	0.00166	0.00664	0.00443	0.00221	0.00554
9	0.01894	0.01435	0.01493	0.01152	0.01546	0.04645	0.00948	0.74739	0.02307	0.03066	0.01180	0.01185	0.00840	0.00595	0.00497	0.00149	0.00562	0.00444	0.00489	0.00837
10	0.05744	0.18345	0.58214	0.01284	0.01930	0.01320	0.03565	0.01556	0.01037	0.01535	0.00847	0.00997	0.00631	0.00462	0.00437	0.00148	0.00680	0.00349	0.00217	0.00705
11	0.00725	0.00483	0.00544	0.00544	0.00544	0.00483	0.00302	0.00725	0.00725	0.00966	0.01571	0.03262	0.01812	0.82483	0.02537	0.00483	0.00483	0.00725	0.00302	0.00302
12	0.01091	0.01091	0.01527	0.01309	0.01309	0.01527	0.01091	0.01200	0.00763	0.01200	0.00654	0.01091	0.00654	0.00872	0.01636	0.00218	0.81570	0.00436	0.00218	0.00545
13	0.01136	0.01078	0.01799	0.29155	0.49822	0.01161	0.01442	0.01503	0.05163	0.01534	0.00978	0.01299	0.00786	0.00475	0.00496	0.00155	0.00606	0.00450	0.00252	0.00711
14	0.01200	0.01150	0.01963	0.11998	0.70696	0.01176	0.01513	0.01500	0.01119	0.01588	0.00932	0.01245	0.00775	0.00450	0.00494	0.00150	0.00600	0.00444	0.00244	0.00763
15	0.00725	0.00483	0.00544	0.00544	0.00544	0.00483	0.00302	0.00725	0.00725	0.00966	0.01571	0.03262	0.01812	0.82483	0.02537	0.00483	0.00483	0.00725	0.00302	0.00302
16	0.00803	0.00574	0.00803	0.00918	0.01033	0.00574	0.00803	0.01033	0.01147	0.01492	0.02639	0.05622	0.02869	0.01377	0.00688	0.00229	0.00459	0.76018	0.00459	0.00459
17	0.05784	0.21404	0.54443	0.01240	0.01862	0.04249	0.01505	0.01567	0.01045	0.01506	0.00831	0.00974	0.00629	0.00463	0.00427	0.00144	0.00675	0.00337	0.00218	0.00697
18	0.01234	0.01184	0.02023	0.03059	0.79373	0.01184	0.01530	0.01530	0.01135	0.01628	0.00938	0.01234	0.00790	0.00444	0.00493	0.00148	0.00592	0.00444	0.00247	0.00790
19	0.00712	0.00534	0.00801	0.00801	0.00890	0.00623	0.00623	0.00890	0.00801	0.01157	0.01335	0.01958	0.01246	0.03738	0.80507	0.00801	0.01335	0.00534	0.00267	0.00445
20	0.00648	0.00506	0.00579	0.00562	0.00698	0.00446	0.00416	0.00817	0.01238	0.01619	0.38103	0.04234	0.41676	0.05432	0.00691	0.00180	0.00257	0.00967	0.00493	0.00437
21	0.01194	0.01144	0.01951	0.13730	0.69015	0.01174	0.01510	0.01495	0.01116	0.01580	0.00931	0.01247	0.00772	0.00452	0.00494	0.00151	0.00602	0.00444	0.00243	0.00757

[dist]
# distance from previous block
# <min> <max>
0	28

# created by:
# /home/cegg/simao/soft/augustus-3.2.1/scripts/msa2prfl.pl ./align_prep/EOG091G0TA6.fa
