[name]
unknown

[dist]
# distance from previous block
# <min> <max>
0	57

[block]
# block no. 0 follows, 48 sequences, length 13
# corresponding to MSA columns:
# 62-74
name=unknown_A
#
# <colnr> <probs for GDERKNQSTAVLIFYWHMCP>
#	G	D	E	R	K	N	Q	S	T	A	V	L	I	F	Y	W	H	M	C	P
0	0.00946	0.00731	0.00988	0.00958	0.04368	0.00663	0.03869	0.05794	0.01152	0.03722	0.02052	0.36358	0.02230	0.01083	0.00572	0.00170	0.00401	0.11657	0.00420	0.21864
1	0.01416	0.01250	0.01538	0.15371	0.20413	0.07034	0.01143	0.15526	0.25004	0.03976	0.01364	0.01465	0.01034	0.00579	0.00511	0.00161	0.00570	0.00488	0.00389	0.00767
2	0.01357	0.70581	0.02601	0.01206	0.12492	0.01913	0.00978	0.01542	0.01061	0.01275	0.00750	0.00888	0.00681	0.00442	0.00355	0.00116	0.00558	0.00301	0.00224	0.00681
3	0.08035	0.12999	0.04209	0.01300	0.07054	0.05919	0.12161	0.15651	0.04925	0.05345	0.01046	0.01166	0.00807	0.00491	0.00456	0.00136	0.00576	0.00409	0.00341	0.16974
4	0.01012	0.00956	0.01617	0.69540	0.14389	0.01151	0.01447	0.01349	0.01047	0.01364	0.00920	0.01354	0.00703	0.00505	0.00512	0.00168	0.00673	0.00456	0.00232	0.00605
5	0.00671	0.00812	0.11904	0.00697	0.00924	0.00539	0.00625	0.00860	0.01117	0.01404	0.04078	0.20649	0.51374	0.01248	0.00600	0.00179	0.00340	0.01061	0.00439	0.00477
6	0.01265	0.01245	0.01924	0.14059	0.55866	0.06018	0.03295	0.01649	0.06595	0.01630	0.01028	0.01311	0.00837	0.00486	0.00509	0.00156	0.00631	0.00462	0.00270	0.00761
7	0.01308	0.17982	0.31584	0.06960	0.08973	0.01242	0.01326	0.01675	0.01134	0.12968	0.01045	0.01164	0.00772	0.00487	0.00452	0.00142	0.00610	0.00383	0.00292	0.09499
8	0.01393	0.08232	0.08932	0.02122	0.37814	0.04936	0.05346	0.12093	0.03695	0.04938	0.04772	0.01362	0.01019	0.00525	0.00500	0.00151	0.00609	0.00466	0.00323	0.00773
9	0.01270	0.47270	0.08800	0.01194	0.07541	0.07164	0.05205	0.01489	0.01094	0.01328	0.01138	0.06097	0.04350	0.00587	0.00447	0.00136	0.02165	0.01817	0.00259	0.00646
10	0.01015	0.00969	0.01670	0.68075	0.12310	0.01156	0.04871	0.01357	0.01051	0.01369	0.00924	0.01357	0.00703	0.00503	0.00517	0.00169	0.00683	0.00463	0.00232	0.00604
11	0.01360	0.00983	0.07899	0.03203	0.15733	0.00820	0.02112	0.04879	0.01270	0.24758	0.05887	0.21856	0.05252	0.00877	0.00557	0.00171	0.00462	0.00774	0.00457	0.00688
12	0.01226	0.02986	0.08980	0.01803	0.30394	0.01045	0.03866	0.05670	0.03884	0.04242	0.02814	0.01372	0.02971	0.00493	0.00473	0.00132	0.00530	0.00438	0.00313	0.26368

[dist]
# distance from previous block
# <min> <max>
3	55

[block]
# block no. 1 follows, 48 sequences, length 149
# corresponding to MSA columns:
# 130-190,246-333
name=unknown_B
#
# <colnr> <probs for GDERKNQSTAVLIFYWHMCP>
#	G	D	E	R	K	N	Q	S	T	A	V	L	I	F	Y	W	H	M	C	P
0	0.01086	0.05968	0.36870	0.05715	0.15723	0.01136	0.05112	0.01553	0.04714	0.02921	0.01450	0.01591	0.09003	0.00572	0.00500	0.00157	0.00630	0.00486	0.00279	0.04536
1	0.01327	0.62049	0.07551	0.01011	0.03956	0.05853	0.00954	0.01562	0.03082	0.01326	0.04475	0.01158	0.00942	0.00508	0.00380	0.00123	0.00564	0.02267	0.00253	0.00658
2	0.01143	0.03246	0.09164	0.01050	0.06515	0.00859	0.02845	0.03102	0.03042	0.03701	0.00980	0.01124	0.00786	0.00419	0.00414	0.00100	0.00457	0.00345	0.00307	0.60400
3	0.05088	0.03588	0.09701	0.01283	0.01621	0.08980	0.08730	0.24943	0.07787	0.02057	0.01123	0.03169	0.00903	0.00789	0.04307	0.00199	0.14188	0.00478	0.00357	0.00709
4	0.01434	0.01752	0.32523	0.01609	0.13007	0.03394	0.09600	0.05370	0.02944	0.19081	0.03455	0.01391	0.00978	0.00538	0.00514	0.00160	0.00650	0.00468	0.00352	0.00779
5	0.00745	0.04421	0.00762	0.02768	0.00902	0.03212	0.00549	0.00888	0.01118	0.01405	0.07443	0.31056	0.29877	0.01296	0.00608	0.00185	0.00346	0.09320	0.00451	0.02649
6	0.01263	0.01164	0.01919	0.04236	0.56332	0.03423	0.07149	0.01561	0.01224	0.05330	0.10114	0.01594	0.01297	0.00536	0.00526	0.00155	0.00589	0.00523	0.00309	0.00756
7	0.00849	0.01173	0.23842	0.00943	0.03154	0.00707	0.00921	0.01172	0.01274	0.03787	0.37978	0.07306	0.13019	0.00922	0.00569	0.00166	0.00414	0.00793	0.00440	0.00573
8	0.01086	0.01052	0.01513	0.38395	0.13305	0.05304	0.02523	0.01474	0.08458	0.01461	0.02782	0.01713	0.05262	0.00649	0.00673	0.00175	0.10824	0.02445	0.00289	0.00618
9	0.01118	0.06004	0.58130	0.01474	0.02116	0.06418	0.09596	0.01616	0.01101	0.01555	0.00924	0.01151	0.00696	0.02540	0.00584	0.00170	0.03455	0.00407	0.00227	0.00718
10	0.01107	0.00646	0.00888	0.02923	0.05298	0.00597	0.00627	0.01331	0.01388	0.19288	0.47445	0.08727	0.05743	0.00956	0.00581	0.00164	0.00322	0.00839	0.00546	0.00586
11	0.01141	0.01000	0.03779	0.00867	0.01321	0.00769	0.03762	0.01470	0.06218	0.05333	0.01048	0.01166	0.00835	0.00419	0.00409	0.00093	0.00417	0.00347	0.00329	0.69276
12	0.01222	0.01353	0.02849	0.02350	0.17094	0.01283	0.62634	0.01631	0.01203	0.01650	0.01024	0.01362	0.00785	0.00437	0.00587	0.00169	0.00817	0.00577	0.00258	0.00715
13	0.03378	0.00925	0.01498	0.01206	0.01466	0.00974	0.18756	0.03431	0.07125	0.12487	0.11237	0.01912	0.01549	0.01515	0.21626	0.00346	0.08973	0.00590	0.00380	0.00626
14	0.01723	0.01302	0.01418	0.01073	0.01495	0.01358	0.00881	0.57602	0.02066	0.02833	0.01150	0.01189	0.00844	0.00555	0.00479	0.00134	0.00517	0.00421	0.00460	0.22500
15	0.01951	0.01437	0.01540	0.01181	0.01591	0.01591	0.00975	0.77056	0.02412	0.03234	0.01232	0.01232	0.00873	0.00616	0.00513	0.00154	0.00565	0.00462	0.00513	0.00873
16	0.01957	0.00772	0.01008	0.00801	0.01127	0.00683	0.00653	0.02166	0.01368	0.59297	0.01934	0.01789	0.01282	0.00626	0.00476	0.00149	0.00386	0.00506	0.22250	0.00772
17	0.00648	0.00463	0.00622	0.00741	0.00780	0.00436	0.00516	0.00754	0.01005	0.01335	0.02815	0.73025	0.03344	0.01586	0.00661	0.00212	0.00318	0.09840	0.00476	0.00423
18	0.00745	0.00501	0.00577	0.00577	0.00583	0.00507	0.00333	0.00757	0.00751	0.01008	0.01601	0.03270	0.01827	0.76839	0.07688	0.00519	0.00555	0.00733	0.00309	0.00321
19	0.00746	0.00497	0.00560	0.00560	0.00560	0.00497	0.00311	0.00746	0.00746	0.00995	0.01617	0.03358	0.01865	0.81967	0.02612	0.00497	0.00497	0.00746	0.00311	0.00311
20	0.01231	0.01337	0.02763	0.05975	0.14805	0.01286	0.59108	0.03862	0.01231	0.01681	0.01026	0.01361	0.00782	0.00446	0.00583	0.00169	0.00807	0.00571	0.00265	0.00711
21	0.00733	0.00549	0.00818	0.00818	0.00908	0.00638	0.00634	0.00912	0.00823	0.01186	0.01380	0.02048	0.01297	0.05707	0.78095	0.00817	0.01354	0.00554	0.00276	0.00455
22	0.01917	0.02445	0.01454	0.01322	0.01586	0.79907	0.00991	0.02049	0.01454	0.01256	0.00793	0.00925	0.00661	0.00529	0.00463	0.00132	0.00925	0.00330	0.00264	0.00595
23	0.01221	0.01334	0.13739	0.01108	0.01467	0.01238	0.00987	0.02490	0.62757	0.02041	0.01923	0.01918	0.01468	0.00688	0.00523	0.00174	0.00465	0.03196	0.00471	0.00791
24	0.01227	0.01408	0.02993	0.02144	0.02657	0.03036	0.75225	0.01653	0.01216	0.01635	0.01033	0.01374	0.00776	0.00435	0.00602	0.00172	0.00866	0.00599	0.00260	0.00690
25	0.00625	0.00447	0.00595	0.00714	0.00744	0.00417	0.00476	0.00714	0.00982	0.01310	0.02828	0.81633	0.03394	0.01608	0.00655	0.00208	0.00298	0.01459	0.00476	0.00417
26	0.85592	0.00992	0.00754	0.00675	0.00992	0.01151	0.00556	0.01508	0.00873	0.02302	0.00714	0.00834	0.00556	0.00476	0.00318	0.00159	0.00397	0.00278	0.00318	0.00556
27	0.01064	0.00912	0.01064	0.00760	0.01216	0.00684	0.00608	0.01292	0.01064	0.01672	0.00912	0.01064	0.00760	0.00380	0.00380	0.00076	0.00380	0.00304	0.00304	0.85104
28	0.01064	0.00912	0.01064	0.00760	0.01216	0.00684	0.00608	0.01292	0.01064	0.01672	0.00912	0.01064	0.00760	0.00380	0.00380	0.00076	0.00380	0.00304	0.00304	0.85104
29	0.00734	0.00546	0.00804	0.00804	0.00889	0.00630	0.00616	0.00903	0.00819	0.01176	0.01393	0.02120	0.01328	0.09888	0.73956	0.00799	0.01307	0.00565	0.00278	0.00447
30	0.01062	0.01038	0.01465	0.12404	0.01600	0.02700	0.01098	0.01216	0.00836	0.01240	0.00803	0.01274	0.00757	0.01234	0.12007	0.00296	0.57726	0.00462	0.00232	0.00549
31	0.00627	0.00521	0.00549	0.00542	0.00706	0.00442	0.00406	0.00777	0.01219	0.01504	0.18061	0.04744	0.65622	0.01256	0.00606	0.00171	0.00257	0.01056	0.00492	0.00442
32	0.00626	0.00466	0.00583	0.00669	0.00734	0.00423	0.00458	0.00731	0.01044	0.01360	0.06717	0.61537	0.19753	0.01516	0.00642	0.00199	0.00287	0.01354	0.00480	0.00423
33	0.00701	0.00518	0.00658	0.00657	0.00774	0.00475	0.00494	0.00905	0.01324	0.01811	0.50977	0.14483	0.16274	0.01191	0.00620	0.00175	0.00270	0.06692	0.00532	0.00466
34	0.01372	0.82276	0.02689	0.00878	0.01317	0.02030	0.00878	0.01536	0.01043	0.01207	0.00713	0.00823	0.00658	0.00439	0.00329	0.00110	0.00549	0.00274	0.00219	0.00658
35	0.01276	0.01102	0.01160	0.01044	0.01334	0.01276	0.00812	0.02727	0.77840	0.02146	0.02088	0.01914	0.01566	0.00696	0.00522	0.00174	0.00406	0.00580	0.00522	0.00812
36	0.01917	0.02445	0.01454	0.01322	0.01586	0.79907	0.00991	0.02049	0.01454	0.01256	0.00793	0.00925	0.00661	0.00529	0.00463	0.00132	0.00925	0.00330	0.00264	0.00595
37	0.00746	0.00497	0.00560	0.00560	0.00560	0.00497	0.00311	0.00746	0.00746	0.00995	0.01617	0.03358	0.01865	0.81967	0.02612	0.00497	0.00497	0.00746	0.00311	0.00311
38	0.00637	0.00521	0.00562	0.00552	0.00712	0.00446	0.00414	0.00795	0.01241	0.01557	0.23824	0.04657	0.59826	0.01236	0.00606	0.00170	0.00255	0.01044	0.00499	0.00446
39	0.01917	0.02445	0.01454	0.01322	0.01586	0.79907	0.00991	0.02049	0.01454	0.01256	0.00793	0.00925	0.00661	0.00529	0.00463	0.00132	0.00925	0.00330	0.00264	0.00595
40	0.00746	0.00497	0.00560	0.00560	0.00560	0.00497	0.00311	0.00746	0.00746	0.00995	0.01617	0.03358	0.01865	0.81967	0.02612	0.00497	0.00497	0.00746	0.00311	0.00311
41	0.01975	0.01398	0.01515	0.01162	0.01571	0.01533	0.00960	0.71827	0.02346	0.08556	0.01287	0.01268	0.00900	0.00617	0.00513	0.00154	0.00556	0.00466	0.00522	0.00873
42	0.00621	0.00520	0.00541	0.00536	0.00702	0.00440	0.00402	0.00766	0.01205	0.01471	0.14419	0.04799	0.69285	0.01268	0.00606	0.00172	0.00258	0.01063	0.00488	0.00440
43	0.01250	0.01187	0.02016	0.04791	0.68527	0.01193	0.04027	0.03722	0.01194	0.01695	0.01061	0.05043	0.00931	0.00516	0.00518	0.00156	0.00604	0.00509	0.00272	0.00786
44	0.03405	0.01916	0.01362	0.01196	0.01475	0.53150	0.00921	0.02070	0.01394	0.19892	0.01101	0.01167	0.00827	0.00686	0.03305	0.00168	0.04571	0.00387	0.00352	0.00654
45	0.01270	0.01219	0.02083	0.03149	0.78767	0.01219	0.01575	0.01575	0.01168	0.01676	0.00965	0.01270	0.00813	0.00457	0.00508	0.00152	0.00610	0.00457	0.00254	0.00813
46	0.00630	0.00454	0.00599	0.00713	0.00751	0.00423	0.00483	0.00726	0.00996	0.01320	0.02929	0.76044	0.06679	0.01588	0.00654	0.00208	0.00301	0.03608	0.00476	0.00419
47	0.01363	0.80279	0.04611	0.00893	0.01340	0.02009	0.00903	0.01539	0.01044	0.01218	0.00719	0.00830	0.00658	0.00440	0.00333	0.00111	0.00554	0.00277	0.00219	0.00661
48	0.00641	0.00511	0.00577	0.00597	0.00733	0.00447	0.00443	0.00788	0.01184	0.01494	0.17116	0.18673	0.48719	0.01318	0.00620	0.00181	0.00274	0.04753	0.00491	0.00441
49	0.00681	0.00526	0.00617	0.00607	0.00746	0.00469	0.00459	0.00865	0.01286	0.01692	0.38656	0.04431	0.37163	0.03896	0.00680	0.00183	0.00273	0.05805	0.00511	0.00455
50	0.01207	0.01432	0.06636	0.02209	0.08867	0.01286	0.67134	0.01637	0.01201	0.01645	0.01026	0.01360	0.00775	0.00437	0.00592	0.00171	0.00839	0.00582	0.00257	0.00705
51	0.11057	0.01561	0.01400	0.01136	0.01498	0.18263	0.00914	0.45393	0.05903	0.06211	0.01163	0.01182	0.00847	0.00587	0.00482	0.00151	0.00609	0.00422	0.00445	0.00775
52	0.00815	0.00582	0.00813	0.00931	0.01044	0.00580	0.00806	0.01042	0.01169	0.01522	0.02723	0.10269	0.02979	0.01429	0.00706	0.00235	0.00462	0.70949	0.00473	0.00469
53	0.00824	0.00597	0.00837	0.03226	0.01122	0.00601	0.00829	0.01059	0.01176	0.01524	0.02748	0.05632	0.05422	0.01387	0.00700	0.00232	0.00471	0.70671	0.00466	0.00474
54	0.01335	0.72953	0.09382	0.00943	0.01397	0.01943	0.00974	0.01536	0.01039	0.01245	0.00730	0.00855	0.00658	0.00456	0.00382	0.00118	0.02882	0.00289	0.00219	0.00664
55	0.00956	0.00478	0.00478	0.00478	0.00598	0.00478	0.00359	0.01196	0.01076	0.01913	0.01674	0.01913	0.01315	0.00598	0.00359	0.00120	0.00239	0.00478	0.84816	0.00478
56	0.00625	0.00447	0.00595	0.00714	0.00744	0.00417	0.00476	0.00714	0.00982	0.01310	0.02828	0.81633	0.03394	0.01608	0.00655	0.00208	0.00298	0.01459	0.00476	0.00417
57	0.00733	0.00550	0.00825	0.00825	0.00916	0.00641	0.00641	0.00916	0.00825	0.01191	0.01374	0.02016	0.01283	0.03848	0.79934	0.00825	0.01374	0.00550	0.00275	0.00458
58	0.02302	0.00873	0.01191	0.00913	0.01310	0.00754	0.00754	0.02501	0.01469	0.79122	0.02024	0.01746	0.01270	0.00635	0.00516	0.00159	0.00437	0.00516	0.00635	0.00873
59	0.01266	0.01216	0.02068	0.03098	0.76539	0.01229	0.01562	0.01565	0.01157	0.01664	0.00957	0.01266	0.00809	0.00470	0.00542	0.00154	0.02923	0.00457	0.00253	0.00806
60	0.00956	0.00478	0.00478	0.00478	0.00598	0.00478	0.00359	0.01196	0.01076	0.01913	0.01674	0.01913	0.01315	0.00598	0.00359	0.00120	0.00239	0.00478	0.84816	0.00478
61	0.00639	0.00531	0.00555	0.00547	0.00711	0.00458	0.00408	0.00805	0.02682	0.01475	0.14358	0.04692	0.65400	0.03657	0.00664	0.00181	0.00268	0.01043	0.00484	0.00443
62	0.01064	0.00912	0.01064	0.00760	0.01216	0.00684	0.00608	0.01292	0.01064	0.01672	0.00912	0.01064	0.00760	0.00380	0.00380	0.00076	0.00380	0.00304	0.00304	0.85104
63	0.00803	0.00527	0.00716	0.00716	0.00816	0.00590	0.00553	0.01004	0.00904	0.01418	0.01469	0.01983	0.01293	0.02827	0.54922	0.00603	0.01018	0.00527	0.26848	0.00464
64	0.00639	0.00521	0.00565	0.00554	0.00713	0.00447	0.00416	0.00800	0.01247	0.01569	0.25200	0.04636	0.58442	0.01231	0.00606	0.00170	0.00255	0.01041	0.00501	0.00447
65	0.01320	0.01124	0.01185	0.01053	0.01351	0.01297	0.00823	0.07580	0.72914	0.02217	0.02032	0.01870	0.01521	0.00691	0.00522	0.00173	0.00416	0.00572	0.00522	0.00816
66	0.01372	0.82276	0.02689	0.00878	0.01317	0.02030	0.00878	0.01536	0.01043	0.01207	0.00713	0.00823	0.00658	0.00439	0.00329	0.00110	0.00549	0.00274	0.00219	0.00658
67	0.00956	0.00478	0.00478	0.00478	0.00598	0.00478	0.00359	0.01196	0.01076	0.01913	0.01674	0.01913	0.01315	0.00598	0.00359	0.00120	0.00239	0.00478	0.84816	0.00478
68	0.00726	0.00524	0.00686	0.00646	0.00767	0.00484	0.00484	0.00968	0.01452	0.02058	0.78496	0.03833	0.04841	0.01049	0.00605	0.00161	0.00242	0.00928	0.00565	0.00484
69	0.00788	0.00591	0.00828	0.08443	0.01203	0.00599	0.00776	0.01005	0.01157	0.01506	0.07880	0.15425	0.09361	0.01322	0.00667	0.00216	0.00435	0.46870	0.00456	0.00472
70	0.42835	0.00931	0.00978	0.00797	0.01155	0.00947	0.00658	0.02018	0.01179	0.41738	0.01387	0.01302	0.00922	0.00558	0.00419	0.00159	0.00417	0.00400	0.00481	0.00719
71	0.01029	0.02654	0.79309	0.01462	0.02221	0.01192	0.01896	0.01625	0.01083	0.01625	0.00921	0.01083	0.00650	0.00487	0.00487	0.00162	0.00758	0.00379	0.00217	0.00758
72	0.00630	0.00472	0.00588	0.00677	0.00747	0.00429	0.00472	0.00737	0.01039	0.01340	0.03417	0.58729	0.22228	0.01521	0.00645	0.00201	0.00297	0.04932	0.00476	0.00424
73	0.01029	0.02654	0.79309	0.01462	0.02221	0.01192	0.01896	0.01625	0.01083	0.01625	0.00921	0.01083	0.00650	0.00487	0.00487	0.00162	0.00758	0.00379	0.00217	0.00758
74	0.01256	0.01205	0.02057	0.06788	0.75239	0.01215	0.01568	0.01562	0.01162	0.01659	0.00963	0.01275	0.00807	0.00460	0.00508	0.00153	0.00613	0.00457	0.00253	0.00801
75	0.00631	0.00451	0.00602	0.00721	0.00754	0.00422	0.00487	0.00725	0.00988	0.01317	0.02825	0.79375	0.03381	0.01602	0.00657	0.00209	0.00303	0.03657	0.00476	0.00418
76	0.85592	0.00992	0.00754	0.00675	0.00992	0.01151	0.00556	0.01508	0.00873	0.02302	0.00714	0.00834	0.00556	0.00476	0.00318	0.00159	0.00397	0.00278	0.00318	0.00556
77	0.01253	0.01239	0.02074	0.11404	0.06410	0.04688	0.33614	0.10285	0.04908	0.01784	0.01215	0.02988	0.01007	0.00566	0.00554	0.00163	0.00690	0.05804	0.00320	0.09035
78	0.01240	0.01191	0.02021	0.09485	0.69969	0.01224	0.01547	0.01542	0.01144	0.01631	0.00951	0.01273	0.00797	0.00477	0.00548	0.00156	0.03312	0.00457	0.00251	0.00784
79	0.00734	0.00548	0.00814	0.00814	0.00902	0.00635	0.00628	0.00909	0.00821	0.01183	0.01384	0.02071	0.01307	0.07064	0.76751	0.00811	0.01338	0.00558	0.00276	0.00452
80	0.01084	0.01044	0.01700	0.55366	0.26095	0.03198	0.01459	0.01409	0.01080	0.01419	0.00925	0.01327	0.00722	0.00497	0.00510	0.00164	0.00668	0.00453	0.00237	0.00644
81	0.00694	0.00513	0.00650	0.00646	0.00759	0.00468	0.00478	0.00894	0.01326	0.01821	0.53147	0.16984	0.15465	0.01188	0.00616	0.00173	0.00260	0.02920	0.00535	0.00465
82	0.02302	0.00873	0.01191	0.00913	0.01310	0.00754	0.00754	0.02501	0.01469	0.79122	0.02024	0.01746	0.01270	0.00635	0.00516	0.00159	0.00437	0.00516	0.00635	0.00873
83	0.00625	0.00447	0.00595	0.00714	0.00744	0.00417	0.00476	0.00714	0.00982	0.01310	0.02828	0.81633	0.03394	0.01608	0.00655	0.00208	0.00298	0.01459	0.00476	0.00417
84	0.01022	0.00955	0.01609	0.64958	0.16790	0.01137	0.01425	0.01355	0.01052	0.01391	0.00941	0.01364	0.00723	0.00505	0.00508	0.00166	0.00660	0.00457	0.02371	0.00611
85	0.00634	0.00533	0.00552	0.00549	0.00717	0.00459	0.00411	0.00806	0.03168	0.01460	0.11146	0.06797	0.68456	0.01271	0.00605	0.00173	0.00263	0.01067	0.00485	0.00447
86	0.01395	0.00679	0.00858	0.00731	0.00992	0.00589	0.00580	0.01576	0.01346	0.36537	0.15742	0.05273	0.28190	0.00969	0.00569	0.00167	0.00342	0.02262	0.00562	0.00640
87	0.01314	0.01233	0.02047	0.03021	0.73727	0.01243	0.01536	0.06504	0.01250	0.01778	0.00983	0.01267	0.00817	0.00468	0.00508	0.00152	0.00607	0.00457	0.00271	0.00817
88	0.01372	0.82276	0.02689	0.00878	0.01317	0.02030	0.00878	0.01536	0.01043	0.01207	0.00713	0.00823	0.00658	0.00439	0.00329	0.00110	0.00549	0.00274	0.00219	0.00658
89	0.01128	0.01045	0.05644	0.00922	0.03631	0.00770	0.02653	0.03322	0.01118	0.03758	0.00955	0.01102	0.00772	0.00403	0.00403	0.00090	0.00427	0.00330	0.00311	0.71218
90	0.00991	0.00924	0.01539	0.78975	0.03491	0.01150	0.01415	0.02986	0.01057	0.01354	0.00919	0.01365	0.00688	0.00515	0.00513	0.00171	0.00681	0.00456	0.00234	0.00577
91	0.00746	0.00498	0.00563	0.00562	0.00565	0.00497	0.00315	0.00752	0.00764	0.01022	0.03602	0.03370	0.01942	0.79878	0.02560	0.00489	0.00491	0.00751	0.00317	0.00315
92	0.01060	0.07124	0.65936	0.01477	0.02180	0.01235	0.08892	0.01607	0.01101	0.01612	0.02602	0.01156	0.00754	0.00492	0.00492	0.00160	0.00745	0.00406	0.00228	0.00740
93	0.00969	0.00912	0.01539	0.80734	0.03534	0.01140	0.01425	0.01311	0.01026	0.01311	0.00912	0.01368	0.00684	0.00513	0.00513	0.00171	0.00684	0.00456	0.00228	0.00570
94	0.00622	0.00460	0.00582	0.00679	0.00735	0.00420	0.00461	0.00718	0.01016	0.01324	0.03260	0.67655	0.17092	0.01551	0.00646	0.00202	0.00291	0.01390	0.00476	0.00420
95	0.01195	0.01020	0.01222	0.01070	0.08122	0.02435	0.00773	0.03768	0.10684	0.04267	0.01092	0.01216	0.00878	0.00475	0.00497	0.00110	0.05217	0.00373	0.00338	0.55249
96	0.00956	0.00478	0.00478	0.00478	0.00598	0.00478	0.00359	0.01196	0.01076	0.01913	0.01674	0.01913	0.01315	0.00598	0.00359	0.00120	0.00239	0.00478	0.84816	0.00478
97	0.01034	0.00756	0.00921	0.00918	0.01086	0.00793	0.00737	0.12412	0.12352	0.03363	0.05271	0.21640	0.02555	0.03548	0.00688	0.00212	0.00428	0.30226	0.00489	0.00571
98	0.01123	0.01123	0.01572	0.01347	0.01347	0.01572	0.01123	0.01235	0.00786	0.01235	0.00674	0.01123	0.00674	0.00898	0.01684	0.00225	0.81028	0.00449	0.00225	0.00561
99	0.01268	0.01156	0.01891	0.06805	0.62300	0.01164	0.01426	0.01639	0.06190	0.04277	0.01105	0.02876	0.00918	0.00501	0.00507	0.00153	0.00578	0.00480	0.00289	0.04477
100	0.85592	0.00992	0.00754	0.00675	0.00992	0.01151	0.00556	0.01508	0.00873	0.02302	0.00714	0.00834	0.00556	0.00476	0.00318	0.00159	0.00397	0.00278	0.00318	0.00556
101	0.01245	0.01075	0.01130	0.01020	0.01304	0.01237	0.00792	0.02633	0.74244	0.02111	0.02234	0.02056	0.05177	0.00724	0.00526	0.00174	0.00399	0.00604	0.00520	0.00794
102	0.00733	0.00550	0.00825	0.00825	0.00916	0.00641	0.00641	0.00916	0.00825	0.01191	0.01374	0.02016	0.01283	0.03848	0.79934	0.00825	0.01374	0.00550	0.00275	0.00458
103	0.02302	0.00873	0.01191	0.00913	0.01310	0.00754	0.00754	0.02501	0.01469	0.79122	0.02024	0.01746	0.01270	0.00635	0.00516	0.00159	0.00437	0.00516	0.00635	0.00873
104	0.01372	0.82276	0.02689	0.00878	0.01317	0.02030	0.00878	0.01536	0.01043	0.01207	0.00713	0.00823	0.00658	0.00439	0.00329	0.00110	0.00549	0.00274	0.00219	0.00658
105	0.01379	0.78056	0.04484	0.00905	0.01346	0.04271	0.00906	0.01553	0.01055	0.01219	0.00721	0.00832	0.00658	0.00443	0.00337	0.00112	0.00565	0.00278	0.00221	0.00659
106	0.00956	0.00478	0.00478	0.00478	0.00598	0.00478	0.00359	0.01196	0.01076	0.01913	0.01674	0.01913	0.01315	0.00598	0.00359	0.00120	0.00239	0.00478	0.84816	0.00478
107	0.00620	0.00468	0.00574	0.00658	0.00730	0.00421	0.00451	0.00721	0.01036	0.01332	0.03510	0.59576	0.25010	0.01519	0.00641	0.00198	0.00287	0.01351	0.00476	0.00421
108	0.00719	0.00524	0.00676	0.00638	0.00762	0.00481	0.00479	0.00955	0.01436	0.02018	0.74186	0.03898	0.09176	0.01064	0.00605	0.00162	0.00243	0.00937	0.00560	0.00481
109	0.01380	0.04046	0.05808	0.01892	0.02363	0.17257	0.54111	0.01745	0.01257	0.03601	0.01000	0.01271	0.00759	0.00460	0.00561	0.00162	0.00852	0.00528	0.00267	0.00679
110	0.00969	0.00912	0.01539	0.80734	0.03534	0.01140	0.01425	0.01311	0.01026	0.01311	0.00912	0.01368	0.00684	0.00513	0.00513	0.00171	0.00684	0.00456	0.00228	0.00570
111	0.00717	0.00524	0.00673	0.00636	0.00761	0.00480	0.00477	0.00951	0.01431	0.02007	0.72931	0.03917	0.10438	0.01068	0.00605	0.00162	0.00243	0.00940	0.00558	0.00480
112	0.01235	0.01092	0.01192	0.04359	0.01431	0.03290	0.02648	0.02478	0.64596	0.02020	0.02072	0.03490	0.02800	0.00738	0.00535	0.00176	0.00441	0.04148	0.00493	0.00764
113	0.01203	0.01444	0.06605	0.02130	0.02660	0.01293	0.73386	0.01643	0.01205	0.01643	0.01033	0.01370	0.00773	0.00435	0.00600	0.00173	0.00860	0.00595	0.00258	0.00695
114	0.01108	0.01103	0.01543	0.01329	0.01330	0.01538	0.01104	0.01220	0.00792	0.01237	0.00736	0.03460	0.00753	0.00919	0.01654	0.00224	0.78685	0.00478	0.00232	0.00557
115	0.01270	0.01219	0.02083	0.03149	0.78767	0.01219	0.01575	0.01575	0.01168	0.01676	0.00965	0.01270	0.00813	0.00457	0.00508	0.00152	0.00610	0.00457	0.00254	0.00813
116	0.00956	0.00478	0.00478	0.00478	0.00598	0.00478	0.00359	0.01196	0.01076	0.01913	0.01674	0.01913	0.01315	0.00598	0.00359	0.00120	0.00239	0.00478	0.84816	0.00478
117	0.00734	0.00547	0.00812	0.00812	0.00900	0.00635	0.00626	0.00908	0.00821	0.01182	0.01386	0.02079	0.01310	0.07512	0.76308	0.00809	0.01333	0.00559	0.00277	0.00451
118	0.00606	0.00520	0.00520	0.00520	0.00693	0.00433	0.00390	0.00736	0.01170	0.01386	0.05198	0.04938	0.78558	0.01299	0.00606	0.00173	0.00260	0.01083	0.00476	0.00433
119	0.00723	0.00522	0.00683	0.00648	0.00766	0.00482	0.00484	0.00959	0.01436	0.02031	0.75783	0.06622	0.04790	0.01069	0.00607	0.00163	0.00244	0.00947	0.00562	0.00482
120	0.08650	0.00882	0.01157	0.00895	0.01286	0.00784	0.00739	0.02425	0.01423	0.73267	0.01924	0.01677	0.01216	0.00623	0.00501	0.00159	0.00434	0.00498	0.00611	0.00849
121	0.01276	0.01102	0.01160	0.01044	0.01334	0.01276	0.00812	0.02727	0.77840	0.02146	0.02088	0.01914	0.01566	0.00696	0.00522	0.00174	0.00406	0.00580	0.00522	0.00812
122	0.01249	0.01215	0.00889	0.00830	0.01004	0.29763	0.00623	0.01448	0.01308	0.01697	0.19914	0.02059	0.03147	0.00692	0.00460	0.00135	0.00493	0.00542	0.32009	0.00522
123	0.01372	0.82276	0.02689	0.00878	0.01317	0.02030	0.00878	0.01536	0.01043	0.01207	0.00713	0.00823	0.00658	0.00439	0.00329	0.00110	0.00549	0.00274	0.00219	0.00658
124	0.01163	0.01110	0.01889	0.30780	0.51974	0.01191	0.01521	0.01481	0.01118	0.01546	0.00946	0.01305	0.00767	0.00477	0.00510	0.00159	0.00636	0.00457	0.00245	0.00726
125	0.01352	0.77577	0.07211	0.00912	0.01370	0.01981	0.00938	0.01542	0.01045	0.01232	0.00726	0.00838	0.00658	0.00442	0.00339	0.00113	0.00561	0.00281	0.00219	0.00664
126	0.00625	0.00447	0.00595	0.00714	0.00744	0.00417	0.00476	0.00714	0.00982	0.01310	0.02828	0.81633	0.03394	0.01608	0.00655	0.00208	0.00298	0.01459	0.00476	0.00417
127	0.01230	0.01175	0.02001	0.10910	0.69518	0.01198	0.01544	0.01537	0.01154	0.01637	0.00998	0.01377	0.00846	0.00484	0.00513	0.00156	0.00614	0.02072	0.00256	0.00781
128	0.01072	0.01060	0.01531	0.72151	0.03324	0.08283	0.01378	0.02701	0.01089	0.01340	0.00907	0.01326	0.00685	0.00516	0.00508	0.00167	0.00704	0.00445	0.00236	0.00578
129	0.00969	0.00912	0.01539	0.80734	0.03534	0.01140	0.01425	0.01311	0.01026	0.01311	0.00912	0.01368	0.00684	0.00513	0.00513	0.00171	0.00684	0.00456	0.00228	0.00570
130	0.00610	0.00517	0.00526	0.00531	0.00697	0.00433	0.00396	0.00740	0.01167	0.01396	0.06545	0.08297	0.73785	0.01308	0.00609	0.00175	0.00261	0.01096	0.00478	0.00433
131	0.00969	0.00912	0.01539	0.80734	0.03534	0.01140	0.01425	0.01311	0.01026	0.01311	0.00912	0.01368	0.00684	0.00513	0.00513	0.00171	0.00684	0.00456	0.00228	0.00570
132	0.01262	0.01211	0.02068	0.05202	0.76777	0.01217	0.01571	0.01568	0.01165	0.01667	0.00964	0.01273	0.00809	0.00459	0.00508	0.00153	0.00612	0.00457	0.00253	0.00806
133	0.00613	0.00520	0.00529	0.00526	0.00697	0.00436	0.00395	0.00749	0.01184	0.01422	0.09071	0.04880	0.74664	0.01286	0.00606	0.00173	0.00259	0.01075	0.00481	0.00436
134	0.01064	0.00912	0.01064	0.00760	0.01216	0.00684	0.00608	0.01292	0.01064	0.01672	0.00912	0.01064	0.00760	0.00380	0.00380	0.00076	0.00380	0.00304	0.00304	0.85104
135	0.85592	0.00992	0.00754	0.00675	0.00992	0.01151	0.00556	0.01508	0.00873	0.02302	0.00714	0.00834	0.00556	0.00476	0.00318	0.00159	0.00397	0.00278	0.00318	0.00556
136	0.00726	0.00524	0.00686	0.00646	0.00767	0.00484	0.00484	0.00968	0.01452	0.02058	0.78496	0.03833	0.04841	0.01049	0.00605	0.00161	0.00242	0.00928	0.00565	0.00484
137	0.01064	0.00912	0.01064	0.00760	0.01216	0.00684	0.00608	0.01292	0.01064	0.01672	0.00912	0.01064	0.00760	0.00380	0.00380	0.00076	0.00380	0.00304	0.00304	0.85104
138	0.00607	0.00518	0.00522	0.00526	0.00695	0.00433	0.00392	0.00736	0.01164	0.01384	0.05128	0.07187	0.76355	0.01309	0.00608	0.00174	0.00261	0.01094	0.00476	0.00433
139	0.00820	0.00588	0.00817	0.00932	0.01051	0.00586	0.00813	0.01053	0.01181	0.01531	0.02795	0.05761	0.05322	0.01414	0.00706	0.00234	0.00466	0.72987	0.00473	0.00471
140	0.00827	0.00700	0.00847	0.00836	0.00938	0.07091	0.00638	0.00990	0.00881	0.01188	0.01465	0.02118	0.03697	0.09272	0.65249	0.00724	0.01238	0.00563	0.00283	0.00458
141	0.00651	0.00507	0.00592	0.00601	0.00728	0.00448	0.00439	0.00812	0.01231	0.01603	0.29986	0.19320	0.38702	0.01273	0.00615	0.00176	0.00261	0.01102	0.00507	0.00448
142	0.01822	0.03720	0.01396	0.03161	0.01476	0.01284	0.00881	0.44995	0.05362	0.19234	0.05038	0.01525	0.01181	0.00792	0.03757	0.02015	0.00548	0.00498	0.00510	0.00806
143	0.01444	0.06635	0.02289	0.04047	0.02129	0.19106	0.39689	0.04096	0.01301	0.06627	0.03073	0.01435	0.00936	0.00528	0.00570	0.00161	0.02520	0.02446	0.00302	0.00668
144	0.01187	0.01186	0.01573	0.08291	0.05186	0.05568	0.01149	0.03603	0.03322	0.01351	0.00775	0.01169	0.00714	0.00810	0.01393	0.00208	0.61227	0.00448	0.00246	0.00593
145	0.01040	0.00981	0.01639	0.62316	0.18903	0.01161	0.01437	0.01409	0.03462	0.01412	0.00960	0.01365	0.00738	0.00507	0.00512	0.00167	0.00660	0.00460	0.00243	0.00627
146	0.00732	0.00537	0.00772	0.00775	0.00849	0.00609	0.00579	0.00880	0.00816	0.01161	0.01462	0.04743	0.01450	0.17314	0.64051	0.00749	0.01189	0.00612	0.00287	0.00431
147	0.01564	0.01443	0.01278	0.03603	0.01473	0.21431	0.00880	0.12847	0.36275	0.07066	0.05553	0.01636	0.01359	0.00650	0.00509	0.00159	0.00564	0.00509	0.00455	0.00744
148	0.00634	0.00542	0.00578	0.00609	0.03144	0.00461	0.00432	0.00775	0.01185	0.01432	0.09115	0.04762	0.72049	0.01259	0.00603	0.00172	0.00270	0.01055	0.00474	0.00448

[dist]
# distance from previous block
# <min> <max>
0	1

[block]
# block no. 2 follows, 48 sequences, length 8
# corresponding to MSA columns:
# 335-342
name=unknown_C
#
# <colnr> <probs for GDERKNQSTAVLIFYWHMCP>
#	G	D	E	R	K	N	Q	S	T	A	V	L	I	F	Y	W	H	M	C	P
0	0.01029	0.02654	0.79309	0.01462	0.02221	0.01192	0.01896	0.01625	0.01083	0.01625	0.00921	0.01083	0.00650	0.00487	0.00487	0.00162	0.00758	0.00379	0.00217	0.00758
1	0.01080	0.23294	0.01855	0.58767	0.02924	0.01385	0.01275	0.01373	0.01031	0.01282	0.00857	0.01218	0.00677	0.00493	0.00462	0.00154	0.00647	0.00406	0.00226	0.00594
2	0.00766	0.00571	0.00742	0.00828	0.00961	0.00547	0.00707	0.00973	0.01178	0.01494	0.03399	0.05554	0.23751	0.01385	0.00681	0.00219	0.00414	0.54894	0.00474	0.00462
3	0.11265	0.00911	0.01063	0.00792	0.01216	0.00758	0.00642	0.01650	0.01153	0.23051	0.01195	0.01225	0.00876	0.00461	0.00410	0.00108	0.00398	0.00359	0.00397	0.52071
4	0.01318	0.53571	0.08404	0.00970	0.01394	0.01756	0.00941	0.01871	0.22171	0.01499	0.01108	0.01144	0.00908	0.00514	0.00395	0.00132	0.00526	0.00367	0.00303	0.00709
5	0.01753	0.17064	0.01632	0.01057	0.01354	0.01328	0.00906	0.10659	0.01307	0.33476	0.01302	0.01333	0.00939	0.00667	0.00800	0.00167	0.22643	0.00444	0.00426	0.00745
6	0.00737	0.00535	0.00749	0.00749	0.00815	0.00601	0.00548	0.00868	0.00802	0.01135	0.01443	0.02397	0.01448	0.26021	0.57988	0.00732	0.01125	0.00606	0.00285	0.00416
7	0.47467	0.10682	0.06333	0.01155	0.01569	0.01296	0.21676	0.01556	0.00999	0.01953	0.00816	0.00999	0.00635	0.00461	0.00408	0.00157	0.00565	0.00374	0.00284	0.00617

[dist]
# distance from previous block
# <min> <max>
0	17

# created by:
# /home/cegg/simao/soft/augustus-3.2.1/scripts/msa2prfl.pl ./align_prep/EOG091G0KRZ.fa
