[name]
unknown

[dist]
# distance from previous block
# <min> <max>
0	94

[block]
# block no. 0 follows, 54 sequences, length 10
# corresponding to MSA columns:
# 101-110
name=unknown_A
#
# <colnr> <probs for GDERKNQSTAVLIFYWHMCP>
#	G	D	E	R	K	N	Q	S	T	A	V	L	I	F	Y	W	H	M	C	P
0	0.03673	0.01014	0.01249	0.01364	0.21192	0.04422	0.00863	0.10081	0.15785	0.05391	0.04064	0.06905	0.01170	0.00563	0.00449	0.00131	0.00440	0.00480	0.00358	0.20405
1	0.01317	0.01147	0.01489	0.03131	0.05221	0.06791	0.16103	0.13036	0.31387	0.07585	0.01591	0.01656	0.04500	0.00591	0.00496	0.00154	0.00523	0.02185	0.00402	0.00696
2	0.01217	0.01093	0.01520	0.21129	0.27231	0.04378	0.01147	0.17726	0.01265	0.01722	0.03300	0.01215	0.00822	0.00512	0.00555	0.00145	0.07622	0.00419	0.00288	0.06694
3	0.00954	0.03286	0.01231	0.18586	0.15254	0.08634	0.04167	0.01215	0.04582	0.01406	0.15649	0.13485	0.01820	0.06921	0.00644	0.00175	0.00492	0.00645	0.00325	0.00529
4	0.01014	0.00941	0.01484	0.20154	0.42294	0.00986	0.01167	0.03763	0.04822	0.01482	0.01641	0.01828	0.15247	0.00588	0.00485	0.00148	0.00507	0.00530	0.00285	0.00635
5	0.01167	0.01120	0.01914	0.02894	0.80488	0.01120	0.01447	0.01447	0.01074	0.01540	0.00887	0.01167	0.00747	0.00420	0.00467	0.00140	0.00560	0.00420	0.00233	0.00747
6	0.01305	0.01112	0.01109	0.00967	0.01243	0.06184	0.00759	0.16303	0.55982	0.02091	0.01679	0.01588	0.01258	0.00611	0.00466	0.00151	0.00420	0.00493	0.05552	0.00726
7	0.00851	0.00777	0.01295	0.67442	0.02809	0.00964	0.01178	0.01139	0.00909	0.01185	0.00915	0.01366	0.00729	0.01030	0.15243	0.00267	0.00744	0.00435	0.00217	0.00505
8	0.01261	0.01137	0.01788	0.08156	0.60653	0.01177	0.01337	0.15542	0.01273	0.01777	0.00928	0.01167	0.00749	0.00450	0.00468	0.00142	0.00557	0.00421	0.00275	0.00741
9	0.00706	0.00576	0.00808	0.00914	0.05770	0.00632	0.00628	0.00812	0.00891	0.01224	0.02125	0.58440	0.02491	0.01282	0.00769	0.00193	0.15292	0.05632	0.00383	0.00433

[dist]
# distance from previous block
# <min> <max>
0	1

[block]
# block no. 1 follows, 54 sequences, length 78
# corresponding to MSA columns:
# 112-189
name=unknown_B
#
# <colnr> <probs for GDERKNQSTAVLIFYWHMCP>
#	G	D	E	R	K	N	Q	S	T	A	V	L	I	F	Y	W	H	M	C	P
0	0.00985	0.00835	0.01390	0.76009	0.03090	0.01020	0.01262	0.01289	0.00974	0.07350	0.00917	0.01284	0.00670	0.00480	0.00472	0.00156	0.00611	0.00423	0.00238	0.00545
1	0.80154	0.00920	0.00722	0.00646	0.00936	0.01067	0.00529	0.01472	0.06888	0.02104	0.00754	0.00843	0.00582	0.00453	0.00306	0.00147	0.00365	0.00277	0.00306	0.00529
2	0.00995	0.00989	0.01370	0.01179	0.01191	0.01363	0.00980	0.01099	0.00749	0.01145	0.00940	0.01302	0.06769	0.00854	0.01471	0.00203	0.76212	0.00458	0.00224	0.00507
3	0.00660	0.00476	0.00624	0.00598	0.00703	0.00440	0.00444	0.00872	0.01301	0.01838	0.74246	0.09666	0.04346	0.01004	0.00560	0.00152	0.00226	0.00890	0.00513	0.00440
4	0.01731	0.01290	0.01380	0.01072	0.01439	0.01433	0.00881	0.71305	0.09929	0.02872	0.01210	0.01194	0.00865	0.00573	0.00472	0.00143	0.00504	0.00435	0.00472	0.00796
5	0.01119	0.01009	0.01416	0.07462	0.01397	0.01361	0.01025	0.03489	0.00827	0.06807	0.00738	0.01092	0.00664	0.00773	0.01357	0.00196	0.68062	0.00418	0.00241	0.00545
6	0.80201	0.00943	0.00749	0.00656	0.00954	0.01089	0.00540	0.07371	0.00912	0.02182	0.00693	0.00794	0.00533	0.00448	0.00306	0.00146	0.00377	0.00268	0.00306	0.00533
7	0.01109	0.01081	0.01443	0.01285	0.04630	0.03747	0.01025	0.07167	0.00871	0.01293	0.00688	0.01058	0.00651	0.00839	0.03179	0.00208	0.68535	0.00413	0.00230	0.00546
8	0.80115	0.00880	0.00698	0.00631	0.00906	0.01022	0.00517	0.01344	0.00799	0.02037	0.00703	0.00850	0.00562	0.00677	0.06565	0.00193	0.00434	0.00275	0.00289	0.00504
9	0.00912	0.00852	0.01387	0.76018	0.03091	0.01057	0.01266	0.01305	0.07017	0.01264	0.00921	0.01296	0.00691	0.00484	0.00472	0.00157	0.00609	0.00428	0.00230	0.00541
10	0.07235	0.00512	0.00527	0.00514	0.00673	0.00459	0.00389	0.00778	0.01110	0.01472	0.20780	0.04027	0.57734	0.01086	0.00537	0.00156	0.00245	0.00907	0.00444	0.00417
11	0.80201	0.00943	0.00749	0.00656	0.00954	0.01089	0.00540	0.07371	0.00912	0.02182	0.00693	0.00794	0.00533	0.00448	0.00306	0.00146	0.00377	0.00268	0.00306	0.00533
12	0.01167	0.01120	0.01914	0.02894	0.80488	0.01120	0.01447	0.01447	0.01074	0.01540	0.00887	0.01167	0.00747	0.00420	0.00467	0.00140	0.00560	0.00420	0.00233	0.00747
13	0.01032	0.01032	0.01444	0.01238	0.01238	0.01444	0.01032	0.01135	0.00722	0.01135	0.00619	0.01032	0.00619	0.00825	0.01547	0.00206	0.82567	0.00413	0.00206	0.00516
14	0.00890	0.00838	0.01414	0.82296	0.03247	0.01048	0.01309	0.01205	0.00943	0.01205	0.00838	0.01257	0.00629	0.00471	0.00471	0.00157	0.00629	0.00419	0.00210	0.00524
15	0.01167	0.01120	0.01914	0.02894	0.80488	0.01120	0.01447	0.01447	0.01074	0.01540	0.00887	0.01167	0.00747	0.00420	0.00467	0.00140	0.00560	0.00420	0.00233	0.00747
16	0.01032	0.01032	0.01444	0.01238	0.01238	0.01444	0.01032	0.01135	0.00722	0.01135	0.00619	0.01032	0.00619	0.00825	0.01547	0.00206	0.82567	0.00413	0.00206	0.00516
17	0.00978	0.00838	0.00978	0.00698	0.01117	0.00629	0.00559	0.01187	0.00978	0.01536	0.00838	0.00978	0.00698	0.00349	0.00349	0.00070	0.00349	0.00279	0.00279	0.86312
18	0.86760	0.00912	0.00693	0.00620	0.00912	0.01058	0.00511	0.01386	0.00802	0.02115	0.00657	0.00766	0.00511	0.00438	0.00292	0.00146	0.00365	0.00255	0.00292	0.00511
19	0.86760	0.00912	0.00693	0.00620	0.00912	0.01058	0.00511	0.01386	0.00802	0.02115	0.00657	0.00766	0.00511	0.00438	0.00292	0.00146	0.00365	0.00255	0.00292	0.00511
20	0.00890	0.00838	0.01414	0.82296	0.03247	0.01048	0.01309	0.01205	0.00943	0.01205	0.00838	0.01257	0.00629	0.00471	0.00471	0.00157	0.00629	0.00419	0.00210	0.00524
21	0.86760	0.00912	0.00693	0.00620	0.00912	0.01058	0.00511	0.01386	0.00802	0.02115	0.00657	0.00766	0.00511	0.00438	0.00292	0.00146	0.00365	0.00255	0.00292	0.00511
22	0.01721	0.02176	0.01358	0.03166	0.04212	0.76897	0.00939	0.01852	0.01318	0.01168	0.00737	0.00871	0.00613	0.00483	0.00428	0.00123	0.00835	0.00310	0.00242	0.00553
23	0.02115	0.00802	0.01094	0.00839	0.01204	0.00693	0.00693	0.02298	0.01350	0.80815	0.01860	0.01605	0.01167	0.00584	0.00474	0.00146	0.00401	0.00474	0.00584	0.00802
24	0.86760	0.00912	0.00693	0.00620	0.00912	0.01058	0.00511	0.01386	0.00802	0.02115	0.00657	0.00766	0.00511	0.00438	0.00292	0.00146	0.00365	0.00255	0.00292	0.00511
25	0.86760	0.00912	0.00693	0.00620	0.00912	0.01058	0.00511	0.01386	0.00802	0.02115	0.00657	0.00766	0.00511	0.00438	0.00292	0.00146	0.00365	0.00255	0.00292	0.00511
26	0.00856	0.00804	0.04055	0.01177	0.01405	0.00727	0.24317	0.01110	0.01056	0.02737	0.01985	0.20366	0.02097	0.01025	0.00602	0.00191	0.00518	0.34104	0.00370	0.00499
27	0.01002	0.00992	0.01386	0.01200	0.01202	0.01376	0.00993	0.01104	0.00734	0.01139	0.00747	0.06323	0.00780	0.00867	0.01486	0.00205	0.77262	0.00472	0.00221	0.00507
28	0.01032	0.01032	0.01444	0.01238	0.01238	0.01444	0.01032	0.01135	0.00722	0.01135	0.00619	0.01032	0.00619	0.00825	0.01547	0.00206	0.82567	0.00413	0.00206	0.00516
29	0.01098	0.01073	0.01488	0.04211	0.01362	0.01464	0.01068	0.01189	0.00779	0.01208	0.00702	0.01140	0.00689	0.00857	0.01527	0.00217	0.78706	0.00436	0.00232	0.00554
30	0.00964	0.00889	0.01460	0.81427	0.03276	0.01086	0.01333	0.01256	0.00989	0.01275	0.00911	0.01354	0.00698	0.00519	0.00502	0.00170	0.00651	0.00442	0.00235	0.00562
31	0.00691	0.00544	0.00556	0.00544	0.00715	0.00454	0.00405	0.00792	0.01130	0.04217	0.04700	0.04492	0.76610	0.01212	0.00584	0.00172	0.00272	0.00993	0.00466	0.00452
32	0.01755	0.02170	0.01339	0.01230	0.01466	0.75533	0.00918	0.01858	0.01356	0.01234	0.00918	0.03906	0.00824	0.00591	0.00469	0.00140	0.00838	0.02598	0.00280	0.00575
33	0.00767	0.00524	0.00612	0.00618	0.00642	0.00521	0.00388	0.00781	0.00776	0.01046	0.01617	0.03243	0.01809	0.68448	0.09301	0.00473	0.00551	0.07211	0.00320	0.00351
34	0.01330	0.82831	0.02504	0.00856	0.01262	0.01895	0.00836	0.01461	0.01004	0.01180	0.00730	0.00859	0.00675	0.00452	0.00335	0.00115	0.00528	0.00277	0.00227	0.00642
35	0.01237	0.01168	0.01954	0.02920	0.79647	0.01158	0.01469	0.01495	0.01119	0.01607	0.00959	0.01265	0.00815	0.00469	0.00498	0.00153	0.00583	0.00443	0.00259	0.00782
36	0.00750	0.00560	0.00810	0.00807	0.00898	0.00633	0.00621	0.00897	0.00806	0.01166	0.01331	0.01943	0.01242	0.03550	0.80678	0.00764	0.01278	0.00528	0.00277	0.00460
37	0.01032	0.01032	0.01444	0.01238	0.01238	0.01444	0.01032	0.01135	0.00722	0.01135	0.00619	0.01032	0.00619	0.00825	0.01547	0.00206	0.82567	0.00413	0.00206	0.00516
38	0.00978	0.00838	0.00978	0.00698	0.01117	0.00629	0.00559	0.01187	0.00978	0.01536	0.00838	0.00978	0.00698	0.00349	0.00349	0.00070	0.00349	0.00279	0.00279	0.86312
39	0.86760	0.00912	0.00693	0.00620	0.00912	0.01058	0.00511	0.01386	0.00802	0.02115	0.00657	0.00766	0.00511	0.00438	0.00292	0.00146	0.00365	0.00255	0.00292	0.00511
40	0.00674	0.00504	0.00749	0.00749	0.00831	0.00585	0.00579	0.00837	0.00755	0.01088	0.01271	0.01895	0.01197	0.06279	0.78844	0.00747	0.01235	0.00511	0.00254	0.00416
41	0.00686	0.00457	0.00514	0.00514	0.00514	0.00457	0.00286	0.00686	0.00686	0.00914	0.01486	0.03086	0.01714	0.83430	0.02400	0.00457	0.00457	0.00686	0.00286	0.00286
42	0.86760	0.00912	0.00693	0.00620	0.00912	0.01058	0.00511	0.01386	0.00802	0.02115	0.00657	0.00766	0.00511	0.00438	0.00292	0.00146	0.00365	0.00255	0.00292	0.00511
43	0.01167	0.01120	0.01914	0.02894	0.80488	0.01120	0.01447	0.01447	0.01074	0.01540	0.00887	0.01167	0.00747	0.00420	0.00467	0.00140	0.00560	0.00420	0.00233	0.00747
44	0.00651	0.00462	0.00602	0.00604	0.00694	0.00429	0.00439	0.00838	0.01212	0.01711	0.57584	0.23770	0.03992	0.01080	0.00560	0.00158	0.00235	0.00962	0.03588	0.00429
45	0.86760	0.00912	0.00693	0.00620	0.00912	0.01058	0.00511	0.01386	0.00802	0.02115	0.00657	0.00766	0.00511	0.00438	0.00292	0.00146	0.00365	0.00255	0.00292	0.00511
46	0.00758	0.00540	0.00753	0.00858	0.00963	0.00540	0.00746	0.00968	0.01074	0.01397	0.02467	0.05254	0.02684	0.03696	0.00702	0.00224	0.00435	0.75082	0.00430	0.00430
47	0.00896	0.00843	0.01423	0.80825	0.04679	0.01049	0.01312	0.01209	0.00945	0.01211	0.00839	0.01255	0.00631	0.00470	0.00471	0.00157	0.00627	0.00419	0.00210	0.00528
48	0.01303	0.01497	0.01268	0.01139	0.01267	0.38307	0.00894	0.01427	0.01012	0.01136	0.00788	0.01099	0.00717	0.01167	0.15750	0.00269	0.29838	0.00379	0.00232	0.00513
49	0.00677	0.00483	0.00642	0.00642	0.00690	0.00526	0.00448	0.00768	0.00732	0.01017	0.01435	0.02464	0.03038	0.39556	0.44168	0.00610	0.00878	0.00597	0.00271	0.00359
50	0.01032	0.01032	0.01444	0.01238	0.01238	0.01444	0.01032	0.01135	0.00722	0.01135	0.00619	0.01032	0.00619	0.00825	0.01547	0.00206	0.82567	0.00413	0.00206	0.00516
51	0.00641	0.00490	0.00706	0.00849	0.06871	0.00463	0.02087	0.00759	0.00966	0.01309	0.10679	0.66712	0.03029	0.01320	0.00586	0.00182	0.00301	0.01202	0.00427	0.00423
52	0.01104	0.01079	0.01471	0.31549	0.26929	0.08521	0.01181	0.01582	0.16375	0.01455	0.01106	0.03675	0.00895	0.00519	0.00471	0.00150	0.00567	0.00458	0.00280	0.00635
53	0.01002	0.00961	0.01663	0.45497	0.32897	0.01069	0.05596	0.01303	0.01002	0.01351	0.00902	0.03037	0.00734	0.00470	0.00477	0.00151	0.00603	0.00447	0.00225	0.00613
54	0.01688	0.02137	0.01500	0.01302	0.01572	0.72421	0.09746	0.01841	0.01311	0.01194	0.00754	0.00898	0.00620	0.00476	0.00440	0.00126	0.00844	0.00332	0.00242	0.00557
55	0.01158	0.01116	0.01859	0.01748	0.19528	0.01187	0.24561	0.04702	0.13187	0.03167	0.01041	0.01259	0.00827	0.00530	0.00697	0.00157	0.16405	0.00470	0.00287	0.06113
56	0.01085	0.02375	0.02747	0.03558	0.25459	0.02830	0.05898	0.12476	0.04601	0.01590	0.03159	0.03644	0.01119	0.08507	0.16547	0.00294	0.01730	0.01473	0.00300	0.00606
57	0.00782	0.00528	0.00693	0.00664	0.00685	0.00586	0.00455	0.00780	0.00700	0.02605	0.01214	0.02265	0.01298	0.41806	0.14702	0.19080	0.10009	0.00561	0.00260	0.00327
58	0.00946	0.00566	0.00690	0.02517	0.06760	0.00574	0.02741	0.04879	0.01055	0.01769	0.01458	0.03289	0.01165	0.00553	0.00362	0.00118	0.00287	0.00458	0.69326	0.00487
59	0.00982	0.00845	0.01001	0.00753	0.03076	0.00641	0.00581	0.01194	0.00980	0.01537	0.00839	0.00982	0.00700	0.00351	0.00352	0.00072	0.00354	0.00283	0.00278	0.84200
60	0.01233	0.00955	0.02776	0.00890	0.01160	0.01020	0.00714	0.08866	0.49725	0.09694	0.08530	0.01917	0.04296	0.00665	0.00478	0.00153	0.00370	0.00551	0.05304	0.00701
61	0.00594	0.00472	0.00533	0.00534	0.00663	0.00411	0.00394	0.00741	0.01137	0.01460	0.28224	0.12868	0.47995	0.01153	0.00562	0.00159	0.00238	0.00988	0.00463	0.00411
62	0.01761	0.02247	0.01336	0.01215	0.01458	0.81537	0.00911	0.01883	0.01336	0.01154	0.00729	0.00850	0.00607	0.00486	0.00425	0.00121	0.00850	0.00304	0.00243	0.00547
63	0.00600	0.00427	0.00560	0.00635	0.00684	0.00397	0.00435	0.00714	0.00996	0.01357	0.18303	0.63435	0.05021	0.01346	0.00585	0.00180	0.00261	0.01213	0.02453	0.00397
64	0.01250	0.76110	0.08027	0.00851	0.01275	0.01802	0.00875	0.03137	0.00989	0.01178	0.00680	0.00782	0.00609	0.00410	0.00317	0.00105	0.00518	0.00263	0.00207	0.00616
65	0.01159	0.01090	0.01861	0.04371	0.70972	0.01098	0.03581	0.01431	0.01065	0.03144	0.00952	0.03555	0.00818	0.00464	0.00497	0.00144	0.02376	0.00452	0.00246	0.00725
66	0.00573	0.00415	0.00542	0.00644	0.00681	0.00384	0.00432	0.00658	0.00915	0.01208	0.02749	0.77711	0.08432	0.01458	0.00599	0.00189	0.00271	0.01317	0.00438	0.00384
67	0.00819	0.00410	0.00614	0.00614	0.00614	0.00410	0.00410	0.00614	0.00614	0.00819	0.00819	0.01433	0.00819	0.01638	0.01843	0.86282	0.00410	0.00410	0.00205	0.00205
68	0.01385	0.01118	0.01186	0.01003	0.01307	0.01272	0.00798	0.28716	0.53080	0.02315	0.01649	0.01544	0.01221	0.00614	0.00477	0.00154	0.00423	0.00496	0.00477	0.00765
69	0.00574	0.00410	0.00547	0.00657	0.00684	0.00383	0.00438	0.00657	0.00903	0.01204	0.02599	0.83122	0.03119	0.01477	0.00602	0.00191	0.00274	0.01340	0.00438	0.00383
70	0.00698	0.00489	0.00637	0.00596	0.00714	0.00450	0.00449	0.00917	0.01329	0.03687	0.76729	0.03501	0.06095	0.00960	0.00554	0.00148	0.00227	0.00847	0.00519	0.00452
71	0.10631	0.01258	0.03593	0.01012	0.01382	0.01340	0.00849	0.57617	0.09011	0.02675	0.01130	0.01139	0.00818	0.00545	0.00447	0.00140	0.00486	0.00407	0.00436	0.05083
72	0.00998	0.04899	0.63359	0.03610	0.01920	0.01066	0.03290	0.01500	0.02955	0.04689	0.02494	0.02977	0.00781	0.00487	0.00451	0.00147	0.00642	0.00392	0.00237	0.03106
73	0.01116	0.06479	0.07974	0.01962	0.10291	0.01220	0.60829	0.01497	0.01091	0.01487	0.00921	0.01210	0.00704	0.00404	0.00524	0.00153	0.00746	0.00509	0.00233	0.00649
74	0.01186	0.01051	0.01130	0.01110	0.07586	0.04795	0.00800	0.04870	0.61456	0.01918	0.05724	0.01815	0.01504	0.00643	0.00484	0.00157	0.00409	0.02196	0.00450	0.00717
75	0.00913	0.00812	0.01347	0.67738	0.06464	0.00983	0.01210	0.01203	0.00953	0.03477	0.02480	0.02868	0.00818	0.02476	0.04218	0.00191	0.00630	0.00456	0.00235	0.00528
76	0.00836	0.02816	0.16230	0.00908	0.03937	0.02956	0.00783	0.01128	0.06168	0.04737	0.13770	0.37118	0.03477	0.01012	0.00536	0.00167	0.00393	0.02115	0.00395	0.00518
77	0.01286	0.01541	0.10332	0.10177	0.24055	0.24651	0.04600	0.01604	0.05686	0.03035	0.02519	0.01152	0.00792	0.00501	0.00531	0.00144	0.06102	0.00400	0.00256	0.00634

[dist]
# distance from previous block
# <min> <max>
5	9

[block]
# block no. 2 follows, 54 sequences, length 10
# corresponding to MSA columns:
# 199-208
name=unknown_C
#
# <colnr> <probs for GDERKNQSTAVLIFYWHMCP>
#	G	D	E	R	K	N	Q	S	T	A	V	L	I	F	Y	W	H	M	C	P
0	0.47472	0.14856	0.07979	0.00856	0.03513	0.06680	0.00748	0.05050	0.02672	0.03562	0.00764	0.00863	0.00599	0.00447	0.00339	0.00135	0.00463	0.00290	0.00282	0.02429
1	0.01102	0.00956	0.01511	0.02063	0.50547	0.00908	0.01102	0.01348	0.01082	0.05585	0.07736	0.06456	0.01220	0.00527	0.00462	0.00132	0.00468	0.00492	0.00296	0.16008
2	0.01677	0.00707	0.00963	0.00777	0.01063	0.00629	0.00629	0.01867	0.01300	0.56828	0.19498	0.02057	0.01908	0.00898	0.06778	0.00194	0.00428	0.00562	0.00543	0.00692
3	0.00978	0.00838	0.00978	0.00698	0.01117	0.00629	0.00559	0.01187	0.00978	0.01536	0.00838	0.00978	0.00698	0.00349	0.00349	0.00070	0.00349	0.00279	0.00279	0.86312
4	0.00640	0.00481	0.00592	0.00564	0.00688	0.00433	0.00423	0.00837	0.01270	0.01737	0.61469	0.03775	0.23315	0.01021	0.00556	0.00151	0.00227	0.00888	0.00499	0.00433
5	0.00567	0.00473	0.00494	0.00500	0.00645	0.00400	0.00371	0.00691	0.01081	0.01314	0.10175	0.10555	0.68718	0.01199	0.00561	0.00161	0.00240	0.01011	0.00444	0.00400
6	0.01327	0.72833	0.02319	0.00861	0.01243	0.12506	0.00821	0.01475	0.01009	0.01115	0.00665	0.00769	0.00605	0.00414	0.00319	0.00104	0.00550	0.00259	0.00207	0.00597
7	0.00791	0.00485	0.00605	0.00597	0.00714	0.00444	0.00439	0.00959	0.01139	0.08828	0.31797	0.24718	0.12568	0.01037	0.00529	0.00156	0.00254	0.00909	0.12576	0.00454
8	0.00760	0.00589	0.00694	0.00641	0.00774	0.03088	0.00485	0.03860	0.04350	0.01891	0.69396	0.03314	0.06489	0.00929	0.00546	0.00148	0.00260	0.00812	0.00504	0.00471
9	0.01028	0.01026	0.01850	0.36269	0.24903	0.01130	0.17823	0.01333	0.00999	0.01360	0.00860	0.01217	0.00680	0.00469	0.00572	0.00157	0.07045	0.00448	0.00222	0.00611

[dist]
# distance from previous block
# <min> <max>
0	1

[block]
# block no. 3 follows, 54 sequences, length 14
# corresponding to MSA columns:
# 230-243
name=unknown_D
#
# <colnr> <probs for GDERKNQSTAVLIFYWHMCP>
#	G	D	E	R	K	N	Q	S	T	A	V	L	I	F	Y	W	H	M	C	P
0	0.01666	0.00853	0.01163	0.05360	0.01297	0.00857	0.03596	0.10122	0.01255	0.45835	0.01513	0.01671	0.01102	0.12178	0.00856	0.00196	0.08849	0.00492	0.00458	0.00679
1	0.85995	0.00955	0.00739	0.00664	0.00959	0.01091	0.00539	0.01428	0.00844	0.02167	0.00721	0.00854	0.00571	0.00479	0.00320	0.00157	0.00387	0.00277	0.00313	0.00543
2	0.00675	0.00499	0.00724	0.00722	0.00797	0.00568	0.00548	0.00825	0.00770	0.01102	0.04210	0.02062	0.01364	0.13046	0.69048	0.00699	0.01128	0.00540	0.00266	0.00406
3	0.00676	0.00494	0.00699	0.00699	0.00763	0.00558	0.00516	0.00804	0.00740	0.01051	0.01317	0.02149	0.01308	0.22763	0.62510	0.00685	0.01069	0.00549	0.00261	0.00388
4	0.01167	0.01120	0.01914	0.02894	0.80488	0.01120	0.01447	0.01447	0.01074	0.01540	0.00887	0.01167	0.00747	0.00420	0.00467	0.00140	0.00560	0.00420	0.00233	0.00747
5	0.00636	0.00461	0.00600	0.00607	0.00696	0.00425	0.00439	0.00814	0.01199	0.01667	0.54748	0.26616	0.07085	0.01122	0.00569	0.00161	0.00238	0.01000	0.00492	0.00425
6	0.00574	0.00413	0.00544	0.00648	0.00682	0.00384	0.00434	0.00657	0.00911	0.01207	0.02699	0.79498	0.06678	0.01464	0.00600	0.00190	0.00272	0.01324	0.00438	0.00384
7	0.86760	0.00912	0.00693	0.00620	0.00912	0.01058	0.00511	0.01386	0.00802	0.02115	0.00657	0.00766	0.00511	0.00438	0.00292	0.00146	0.00365	0.00255	0.00292	0.00511
8	0.01166	0.01101	0.01815	0.08359	0.66736	0.01140	0.01379	0.04318	0.03892	0.01572	0.00921	0.01189	0.00761	0.00450	0.00502	0.00144	0.03158	0.00424	0.00248	0.00726
9	0.86760	0.00912	0.00693	0.00620	0.00912	0.01058	0.00511	0.01386	0.00802	0.02115	0.00657	0.00766	0.00511	0.00438	0.00292	0.00146	0.00365	0.00255	0.00292	0.00511
10	0.04230	0.01038	0.04290	0.21334	0.20003	0.05132	0.01082	0.05503	0.01037	0.03038	0.04228	0.03685	0.03985	0.04450	0.00746	0.00173	0.14714	0.00482	0.00272	0.00579
11	0.00580	0.00416	0.00542	0.00639	0.00672	0.00388	0.00425	0.00659	0.00900	0.01191	0.02650	0.74680	0.07032	0.05946	0.00698	0.00204	0.00282	0.01287	0.00429	0.00378
12	0.00978	0.00838	0.00978	0.00698	0.01117	0.00629	0.00559	0.01187	0.00978	0.01536	0.00838	0.00978	0.00698	0.00349	0.00349	0.00070	0.00349	0.00279	0.00279	0.86312
13	0.01267	0.01186	0.01861	0.02602	0.66202	0.06761	0.04948	0.01535	0.01112	0.06611	0.00941	0.01178	0.00763	0.00434	0.00468	0.00140	0.00581	0.00422	0.00257	0.00731

[dist]
# distance from previous block
# <min> <max>
0	2

[block]
# block no. 4 follows, 54 sequences, length 29
# corresponding to MSA columns:
# 246-274
name=unknown_E
#
# <colnr> <probs for GDERKNQSTAVLIFYWHMCP>
#	G	D	E	R	K	N	Q	S	T	A	V	L	I	F	Y	W	H	M	C	P
0	0.03844	0.01200	0.02500	0.05983	0.02342	0.01151	0.66275	0.03818	0.01118	0.01545	0.01020	0.05040	0.00818	0.00458	0.00543	0.00159	0.00740	0.00572	0.00255	0.00620
1	0.01041	0.00836	0.00984	0.00706	0.01122	0.00632	0.00566	0.01249	0.00999	0.05971	0.00895	0.01013	0.00725	0.00362	0.00356	0.00074	0.00352	0.00290	0.00296	0.81529
2	0.00651	0.00476	0.00611	0.00589	0.00697	0.00436	0.00437	0.00854	0.01279	0.01786	0.67894	0.10071	0.10409	0.01024	0.00560	0.00153	0.00228	0.00904	0.00506	0.00436
3	0.00563	0.00478	0.00486	0.00484	0.00641	0.00401	0.00363	0.00689	0.01089	0.01308	0.08997	0.04481	0.76055	0.01181	0.00557	0.00159	0.00238	0.00987	0.00442	0.00401
4	0.00664	0.00482	0.00626	0.00590	0.00702	0.00444	0.00442	0.00884	0.01327	0.01873	0.78055	0.03551	0.06645	0.00971	0.00556	0.00149	0.00223	0.00857	0.00517	0.00444
5	0.01151	0.01104	0.01885	0.07544	0.75965	0.01116	0.01439	0.01433	0.01066	0.01521	0.00884	0.01172	0.00740	0.00423	0.00467	0.00141	0.00564	0.00420	0.00232	0.00734
6	0.02115	0.00802	0.01094	0.00839	0.01204	0.00693	0.00693	0.02298	0.01350	0.80815	0.01860	0.01605	0.01167	0.00584	0.00474	0.00146	0.00401	0.00474	0.00584	0.00802
7	0.01136	0.01089	0.01858	0.11695	0.71927	0.01112	0.01432	0.01420	0.01059	0.01503	0.00881	0.01177	0.00734	0.00426	0.00467	0.00142	0.00568	0.00420	0.00231	0.00722
8	0.00691	0.00461	0.00553	0.00553	0.00565	0.00473	0.00334	0.00703	0.00692	0.00934	0.01419	0.02827	0.01593	0.68049	0.13294	0.05069	0.00566	0.00646	0.00277	0.00300
9	0.00686	0.00457	0.00514	0.00514	0.00514	0.00457	0.00286	0.00686	0.00686	0.00914	0.01486	0.03086	0.01714	0.83430	0.02400	0.00457	0.00457	0.00686	0.00286	0.00286
10	0.01764	0.01306	0.01399	0.01079	0.01451	0.01449	0.00889	0.75378	0.05801	0.02925	0.01168	0.01161	0.00831	0.00569	0.00472	0.00142	0.00512	0.00430	0.00472	0.00799
11	0.01038	0.00989	0.01691	0.43004	0.36041	0.01094	0.04977	0.02999	0.01034	0.01400	0.00871	0.01217	0.00687	0.00448	0.00473	0.00150	0.00605	0.00426	0.00227	0.00630
12	0.01129	0.01023	0.02825	0.25391	0.23323	0.01099	0.04614	0.13841	0.11210	0.01694	0.01195	0.08405	0.01012	0.00578	0.00486	0.00153	0.00538	0.00520	0.00313	0.00653
13	0.02115	0.00802	0.01094	0.00839	0.01204	0.00693	0.00693	0.02298	0.01350	0.80815	0.01860	0.01605	0.01167	0.00584	0.00474	0.00146	0.00401	0.00474	0.00584	0.00802
14	0.00946	0.02439	0.80987	0.01344	0.02041	0.01095	0.01742	0.01493	0.00995	0.01493	0.00846	0.00995	0.00597	0.00448	0.00448	0.00149	0.00697	0.00348	0.00199	0.00697
15	0.01088	0.18637	0.41922	0.03826	0.09981	0.04989	0.10311	0.01484	0.01024	0.01398	0.00818	0.00997	0.00629	0.00433	0.00432	0.00139	0.00660	0.00360	0.00210	0.00664
16	0.01152	0.01105	0.01887	0.07089	0.76408	0.01116	0.01440	0.01434	0.01067	0.01523	0.00884	0.01172	0.00741	0.00423	0.00467	0.00141	0.00564	0.00420	0.00232	0.00735
17	0.00557	0.00478	0.00478	0.00478	0.00637	0.00398	0.00358	0.00677	0.01075	0.01274	0.04776	0.04538	0.80297	0.01194	0.00557	0.00159	0.00239	0.00995	0.00438	0.00398
18	0.01158	0.01112	0.01898	0.05348	0.78101	0.01118	0.01443	0.01440	0.01070	0.01530	0.00885	0.01170	0.00743	0.00422	0.00467	0.00141	0.00562	0.00420	0.00233	0.00740
19	0.10091	0.07011	0.10292	0.01205	0.11569	0.02872	0.02459	0.13617	0.01320	0.33060	0.01263	0.01242	0.00867	0.00512	0.00440	0.00141	0.00494	0.00406	0.00408	0.00732
20	0.01160	0.00592	0.00783	0.00673	0.00873	0.00528	0.00526	0.01364	0.01328	0.28987	0.49994	0.02908	0.06647	0.00843	0.00528	0.00148	0.00285	0.00729	0.00538	0.00566
21	0.86760	0.00912	0.00693	0.00620	0.00912	0.01058	0.00511	0.01386	0.00802	0.02115	0.00657	0.00766	0.00511	0.00438	0.00292	0.00146	0.00365	0.00255	0.00292	0.00511
22	0.86760	0.00912	0.00693	0.00620	0.00912	0.01058	0.00511	0.01386	0.00802	0.02115	0.00657	0.00766	0.00511	0.00438	0.00292	0.00146	0.00365	0.00255	0.00292	0.00511
23	0.01680	0.00749	0.00949	0.00765	0.01055	0.00698	0.00619	0.06250	0.06344	0.49802	0.08927	0.01791	0.01472	0.00615	0.00456	0.00140	0.00357	0.00503	0.16130	0.00700
24	0.00879	0.00439	0.00439	0.00439	0.00549	0.00439	0.00330	0.01099	0.00989	0.01758	0.01538	0.01758	0.01209	0.00549	0.00330	0.00110	0.00220	0.00439	0.86047	0.00439
25	0.00638	0.00473	0.00595	0.00580	0.00690	0.00430	0.00429	0.00827	0.01241	0.01707	0.58532	0.12665	0.17324	0.01061	0.00561	0.00155	0.00231	0.00932	0.00496	0.00430
26	0.00577	0.00413	0.00550	0.00654	0.00685	0.00385	0.00438	0.00664	0.00917	0.01226	0.05123	0.80534	0.03162	0.01460	0.00600	0.00190	0.00272	0.01325	0.00440	0.00385
27	0.00998	0.00828	0.01142	0.09201	0.01379	0.00880	0.09208	0.10843	0.18788	0.01893	0.29600	0.02456	0.02359	0.00748	0.00523	0.00156	0.00410	0.05974	0.02030	0.00583
28	0.02066	0.00792	0.01083	0.00836	0.01191	0.00689	0.00689	0.02247	0.01329	0.78056	0.01839	0.01613	0.01168	0.00686	0.03281	0.00167	0.00431	0.00475	0.00572	0.00789

[dist]
# distance from previous block
# <min> <max>
0	195

# created by:
# /home/cegg/simao/soft/augustus-3.2.1/scripts/msa2prfl.pl ./align_prep/EOG091G0TQF.fa
