[name]
unknown

[dist]
# distance from previous block
# <min> <max>
0	272

[block]
# block no. 0 follows, 55 sequences, length 102
# corresponding to MSA columns:
# 297-361,366-377,388-412
name=unknown_A
#
# <colnr> <probs for GDERKNQSTAVLIFYWHMCP>
#	G	D	E	R	K	N	Q	S	T	A	V	L	I	F	Y	W	H	M	C	P
0	0.07973	0.17948	0.13457	0.01084	0.07740	0.03438	0.00937	0.11214	0.02887	0.21885	0.01144	0.01230	0.00847	0.00635	0.04037	0.00162	0.00535	0.01819	0.00350	0.00678
1	0.11676	0.29623	0.10057	0.00997	0.04700	0.02468	0.00894	0.13924	0.04594	0.11854	0.00957	0.01012	0.00729	0.00485	0.00431	0.00131	0.04155	0.00341	0.00314	0.00659
2	0.14995	0.20046	0.12551	0.01586	0.28377	0.03248	0.02905	0.04461	0.01037	0.03813	0.00815	0.00975	0.00656	0.00427	0.00393	0.00130	0.00530	0.00340	0.00248	0.02469
3	0.17171	0.01142	0.07418	0.01721	0.35215	0.01089	0.01062	0.13834	0.04230	0.07405	0.01001	0.01197	0.00789	0.04167	0.00514	0.00155	0.00498	0.00399	0.00312	0.00682
4	0.27033	0.01014	0.02932	0.01445	0.25105	0.02313	0.04368	0.02806	0.04951	0.19758	0.01077	0.01150	0.00788	0.00468	0.00411	0.00141	0.00462	0.00382	0.00342	0.03053
5	0.20154	0.01380	0.17849	0.01440	0.14212	0.04664	0.15010	0.07307	0.01113	0.09897	0.00938	0.01073	0.00690	0.00449	0.00432	0.00143	0.00570	0.00387	0.00291	0.02003
6	0.20714	0.01133	0.05812	0.02189	0.53193	0.01094	0.05192	0.01435	0.02179	0.01652	0.00840	0.01066	0.00685	0.00422	0.00425	0.00141	0.00525	0.00382	0.00246	0.00676
7	0.03251	0.01508	0.31156	0.01358	0.13559	0.00978	0.04773	0.05013	0.06082	0.09993	0.01025	0.01129	0.00755	0.00448	0.00433	0.00131	0.00539	0.00377	0.00290	0.17202
8	0.01256	0.01067	0.01744	0.02194	0.50499	0.01044	0.08817	0.07060	0.02535	0.09467	0.01087	0.01266	0.02429	0.00453	0.00464	0.00136	0.00531	0.00436	0.00293	0.07221
9	0.27731	0.01146	0.01604	0.02221	0.54322	0.01168	0.01191	0.01514	0.01075	0.01839	0.00962	0.01243	0.00813	0.00525	0.00475	0.00169	0.00544	0.00415	0.00303	0.00742
10	0.73458	0.00935	0.00827	0.00713	0.01009	0.01070	0.04030	0.03677	0.07522	0.02073	0.00779	0.00871	0.00598	0.00450	0.00320	0.00146	0.00384	0.00293	0.00306	0.00537
11	0.79509	0.00904	0.00716	0.00639	0.00926	0.01045	0.00523	0.01460	0.06187	0.03557	0.00755	0.00838	0.00578	0.00448	0.00304	0.00145	0.00361	0.00275	0.00306	0.00525
12	0.01465	0.01555	0.04778	0.01076	0.01369	0.30298	0.00865	0.15856	0.34209	0.01809	0.01284	0.01268	0.00975	0.00555	0.00451	0.00140	0.00578	0.00417	0.00375	0.00673
13	0.01878	0.00876	0.01103	0.00870	0.01207	0.00837	0.00709	0.14398	0.09114	0.57422	0.01760	0.05163	0.01206	0.00618	0.00474	0.00147	0.00406	0.00504	0.00542	0.00768
14	0.00643	0.00472	0.00602	0.00576	0.00687	0.00431	0.00430	0.00845	0.01271	0.01771	0.69023	0.07136	0.12383	0.00998	0.00551	0.00149	0.00223	0.00878	0.00500	0.00431
15	0.01149	0.01112	0.01926	0.02816	0.77263	0.01109	0.04883	0.01431	0.01061	0.01519	0.00878	0.01156	0.00736	0.00414	0.00465	0.00139	0.00563	0.00420	0.00231	0.00732
16	0.00656	0.00475	0.00619	0.00583	0.00694	0.00438	0.00437	0.00873	0.01311	0.01853	0.78902	0.03496	0.05999	0.00956	0.00549	0.00147	0.00220	0.00844	0.00510	0.00438
17	0.00879	0.00827	0.01395	0.82532	0.03204	0.01034	0.01292	0.01189	0.00930	0.01189	0.00827	0.01240	0.00620	0.00465	0.00465	0.00155	0.00620	0.00413	0.00207	0.00517
18	0.01018	0.01018	0.01425	0.01221	0.01221	0.01425	0.01018	0.01120	0.00712	0.01120	0.00611	0.01018	0.00611	0.00814	0.01527	0.00204	0.82799	0.00407	0.00204	0.00509
19	0.00550	0.00471	0.00471	0.00471	0.00628	0.00393	0.00353	0.00668	0.01060	0.01257	0.04713	0.04477	0.80560	0.01178	0.00550	0.00157	0.00236	0.00982	0.00432	0.00393
20	0.00567	0.00405	0.00540	0.00648	0.00675	0.00378	0.00432	0.00648	0.00891	0.01188	0.02564	0.83347	0.03077	0.01457	0.00594	0.00189	0.00270	0.01323	0.00432	0.00378
21	0.00867	0.00434	0.00434	0.00434	0.00542	0.00434	0.00325	0.01084	0.00976	0.01734	0.01518	0.01734	0.01192	0.00542	0.00325	0.00108	0.00217	0.00434	0.86233	0.00434
22	0.00933	0.02406	0.81240	0.01326	0.02014	0.01080	0.01719	0.01473	0.00982	0.01473	0.00835	0.00982	0.00589	0.00442	0.00442	0.00147	0.00688	0.00344	0.00196	0.00688
23	0.01151	0.01105	0.01888	0.02855	0.80748	0.01105	0.01428	0.01428	0.01059	0.01520	0.00875	0.01151	0.00737	0.00415	0.00461	0.00138	0.00553	0.00415	0.00230	0.00737
24	0.01054	0.01137	0.02140	0.01620	0.01883	0.01267	0.44257	0.01318	0.00927	0.01324	0.00809	0.01168	0.00677	0.00644	0.02895	0.00191	0.35407	0.00488	0.00222	0.00572
25	0.32911	0.01156	0.01136	0.00903	0.01244	0.01297	0.00745	0.50738	0.01677	0.02623	0.00945	0.00985	0.00686	0.00512	0.00400	0.00141	0.00456	0.00358	0.00400	0.00686
26	0.01132	0.01085	0.01853	0.08615	0.75143	0.01100	0.01418	0.01410	0.01050	0.01496	0.00872	0.01158	0.00728	0.00418	0.00461	0.00139	0.00558	0.00414	0.00229	0.00721
27	0.00896	0.00532	0.00600	0.00549	0.00718	0.00486	0.00423	0.03748	0.01159	0.11885	0.17322	0.03069	0.32303	0.00867	0.00476	0.00140	0.00258	0.00724	0.23367	0.00478
28	0.00669	0.00485	0.00650	0.00748	0.00819	0.00478	0.00578	0.00859	0.04378	0.01306	0.02493	0.47103	0.02838	0.01350	0.00609	0.00198	0.00341	0.33252	0.00432	0.00415
29	0.00940	0.04300	0.79410	0.01314	0.01994	0.01098	0.01697	0.01471	0.00981	0.01464	0.00830	0.00977	0.00589	0.00441	0.00439	0.00146	0.00683	0.00342	0.00196	0.00685
30	0.02087	0.00792	0.01080	0.00828	0.01188	0.00684	0.00684	0.02267	0.01332	0.81071	0.01835	0.01583	0.01152	0.00576	0.00468	0.00144	0.00396	0.00468	0.00576	0.00792
31	0.00673	0.00481	0.00662	0.00769	0.00843	0.00469	0.00616	0.00831	0.00995	0.01306	0.02506	0.38011	0.02845	0.01357	0.00622	0.00204	0.00362	0.45611	0.00430	0.00407
32	0.02747	0.02237	0.72124	0.01296	0.01948	0.01056	0.03774	0.01524	0.01005	0.06762	0.00900	0.01025	0.00628	0.00449	0.00444	0.00147	0.00664	0.00356	0.00225	0.00689
33	0.01116	0.01061	0.01801	0.02710	0.75287	0.01059	0.01367	0.01382	0.01052	0.01502	0.00988	0.04907	0.00887	0.00482	0.00471	0.00142	0.00537	0.02292	0.00244	0.00714
34	0.00565	0.00413	0.00532	0.00627	0.00669	0.00380	0.00423	0.00650	0.00911	0.01196	0.02818	0.74029	0.12231	0.01424	0.00589	0.00185	0.00266	0.01282	0.00432	0.00380
35	0.01151	0.01105	0.01888	0.02855	0.80748	0.01105	0.01428	0.01428	0.01059	0.01520	0.00875	0.01151	0.00737	0.00415	0.00461	0.00138	0.00553	0.00415	0.00230	0.00737
36	0.08391	0.03409	0.07536	0.00925	0.01307	0.02707	0.00815	0.23452	0.01489	0.43092	0.01409	0.01304	0.00930	0.00542	0.00446	0.00141	0.00461	0.00418	0.00475	0.00750
37	0.86937	0.00900	0.00684	0.00612	0.00900	0.01044	0.00504	0.01368	0.00792	0.02087	0.00648	0.00756	0.00504	0.00432	0.00288	0.00144	0.00360	0.00252	0.00288	0.00504
38	0.05382	0.00943	0.08869	0.01221	0.04957	0.00794	0.22860	0.01170	0.01097	0.01547	0.15979	0.04080	0.05055	0.00808	0.00549	0.00170	0.00507	0.23133	0.00351	0.00526
39	0.01108	0.00991	0.01639	0.34221	0.43432	0.01075	0.01321	0.04725	0.01068	0.04661	0.00905	0.01203	0.00710	0.00447	0.00463	0.00145	0.00571	0.00416	0.00245	0.00654
40	0.00677	0.00451	0.00507	0.00507	0.00507	0.00451	0.00282	0.00677	0.00677	0.00902	0.01466	0.03044	0.01691	0.83650	0.02368	0.00451	0.00451	0.00677	0.00282	0.00282
41	0.01554	0.03678	0.01307	0.01061	0.01372	0.42228	0.02081	0.20017	0.01441	0.01653	0.01987	0.00972	0.00719	0.00475	0.00417	0.00115	0.00645	0.00334	0.00303	0.17641
42	0.01001	0.15329	0.60060	0.01258	0.03749	0.01190	0.03180	0.03268	0.01022	0.01463	0.03792	0.01051	0.00743	0.00455	0.00426	0.00139	0.00634	0.00355	0.00217	0.00666
43	0.00681	0.00481	0.00626	0.00587	0.00702	0.00442	0.00441	0.00897	0.01311	0.03247	0.77241	0.03467	0.06217	0.00950	0.00547	0.00147	0.00223	0.00838	0.00511	0.00444
44	0.02087	0.00792	0.01080	0.00828	0.01188	0.00684	0.00684	0.02267	0.01332	0.81071	0.01835	0.01583	0.01152	0.00576	0.00468	0.00144	0.00396	0.00468	0.00576	0.00792
45	0.01638	0.01011	0.03079	0.00968	0.01308	0.01013	0.03809	0.15867	0.29086	0.34499	0.01671	0.01528	0.01152	0.00582	0.00472	0.00149	0.00429	0.00480	0.00498	0.00763
46	0.01317	0.01186	0.02077	0.01641	0.07419	0.05815	0.44599	0.01779	0.12310	0.15139	0.01211	0.01348	0.00879	0.00464	0.00511	0.00151	0.00646	0.00508	0.00327	0.00673
47	0.00665	0.00496	0.00736	0.00736	0.00815	0.00575	0.00567	0.00823	0.00744	0.01071	0.01257	0.01886	0.01188	0.07306	0.78024	0.00734	0.01208	0.00507	0.00251	0.00409
48	0.01768	0.01303	0.01396	0.01070	0.01443	0.01443	0.00884	0.79197	0.02187	0.02932	0.01117	0.01117	0.00791	0.00558	0.00465	0.00140	0.00512	0.00419	0.00465	0.00791
49	0.00933	0.02406	0.81240	0.01326	0.02014	0.01080	0.01719	0.01473	0.00982	0.01473	0.00835	0.00982	0.00589	0.00442	0.00442	0.00147	0.00688	0.00344	0.00196	0.00688
50	0.01244	0.83930	0.02438	0.00796	0.01194	0.01841	0.00796	0.01393	0.00945	0.01095	0.00647	0.00746	0.00597	0.00398	0.00299	0.00100	0.00498	0.00249	0.00199	0.00597
51	0.01151	0.01105	0.01888	0.02855	0.80748	0.01105	0.01428	0.01428	0.01059	0.01520	0.00875	0.01151	0.00737	0.00415	0.00461	0.00138	0.00553	0.00415	0.00230	0.00737
52	0.02087	0.00792	0.01080	0.00828	0.01188	0.00684	0.00684	0.02267	0.01332	0.81071	0.01835	0.01583	0.01152	0.00576	0.00468	0.00144	0.00396	0.00468	0.00576	0.00792
53	0.00879	0.00827	0.01395	0.82532	0.03204	0.01034	0.01292	0.01189	0.00930	0.01189	0.00827	0.01240	0.00620	0.00465	0.00465	0.00155	0.00620	0.00413	0.00207	0.00517
54	0.01258	0.01245	0.02361	0.01713	0.02138	0.01235	0.57105	0.18196	0.01319	0.03387	0.00982	0.01221	0.00729	0.00451	0.00574	0.00155	0.04467	0.00513	0.00290	0.00661
55	0.86937	0.00900	0.00684	0.00612	0.00900	0.01044	0.00504	0.01368	0.00792	0.02087	0.00648	0.00756	0.00504	0.00432	0.00288	0.00144	0.00360	0.00252	0.00288	0.00504
56	0.86937	0.00900	0.00684	0.00612	0.00900	0.01044	0.00504	0.01368	0.00792	0.02087	0.00648	0.00756	0.00504	0.00432	0.00288	0.00144	0.00360	0.00252	0.00288	0.00504
57	0.01244	0.83930	0.02438	0.00796	0.01194	0.01841	0.00796	0.01393	0.00945	0.01095	0.00647	0.00746	0.00597	0.00398	0.00299	0.00100	0.00498	0.00249	0.00199	0.00597
58	0.00567	0.00405	0.00540	0.00648	0.00675	0.00378	0.00432	0.00648	0.00891	0.01188	0.02564	0.83347	0.03077	0.01457	0.00594	0.00189	0.00270	0.01323	0.00432	0.00378
59	0.86937	0.00900	0.00684	0.00612	0.00900	0.01044	0.00504	0.01368	0.00792	0.02087	0.00648	0.00756	0.00504	0.00432	0.00288	0.00144	0.00360	0.00252	0.00288	0.00504
60	0.00808	0.00404	0.00606	0.00606	0.00606	0.00404	0.00404	0.00606	0.00606	0.00808	0.00808	0.01414	0.00808	0.01616	0.01818	0.86465	0.00404	0.00404	0.00202	0.00202
61	0.00789	0.00616	0.00974	0.00981	0.01129	0.00607	0.09536	0.01023	0.01074	0.01403	0.02292	0.04800	0.02456	0.01185	0.00632	0.00208	0.00468	0.68970	0.00407	0.00451
62	0.01028	0.00871	0.00929	0.00835	0.01074	0.00964	0.00648	0.04373	0.55610	0.01853	0.10221	0.02291	0.13725	0.00737	0.00489	0.00154	0.00337	0.00618	0.00466	0.02778
63	0.00879	0.00827	0.01395	0.82532	0.03204	0.01034	0.01292	0.01189	0.00930	0.01189	0.00827	0.01240	0.00620	0.00465	0.00465	0.00155	0.00620	0.00413	0.00207	0.00517
64	0.86937	0.00900	0.00684	0.00612	0.00900	0.01044	0.00504	0.01368	0.00792	0.02087	0.00648	0.00756	0.00504	0.00432	0.00288	0.00144	0.00360	0.00252	0.00288	0.00504
65	0.01804	0.01246	0.01361	0.01043	0.01414	0.01358	0.00862	0.70565	0.02091	0.11699	0.01198	0.01169	0.00832	0.00560	0.00466	0.00140	0.00499	0.00424	0.00478	0.00791
66	0.00750	0.00535	0.00750	0.00857	0.00964	0.00535	0.00750	0.00964	0.01071	0.01392	0.02463	0.05248	0.02677	0.01285	0.00643	0.00214	0.00428	0.77617	0.00428	0.00428
67	0.00669	0.00486	0.00631	0.00593	0.00706	0.00454	0.00445	0.00911	0.02934	0.01867	0.78885	0.03439	0.04328	0.00944	0.00547	0.00147	0.00223	0.00835	0.00511	0.00445
68	0.86937	0.00900	0.00684	0.00612	0.00900	0.01044	0.00504	0.01368	0.00792	0.02087	0.00648	0.00756	0.00504	0.00432	0.00288	0.00144	0.00360	0.00252	0.00288	0.00504
69	0.00997	0.00826	0.00968	0.00693	0.01105	0.00622	0.00555	0.01203	0.00975	0.03776	0.00856	0.00982	0.00702	0.00351	0.00348	0.00071	0.00346	0.00281	0.00284	0.84060
70	0.00677	0.00451	0.00507	0.00507	0.00507	0.00451	0.00282	0.00677	0.00677	0.00902	0.01466	0.03044	0.01691	0.83650	0.02368	0.00451	0.00451	0.00677	0.00282	0.00282
71	0.01098	0.01255	0.02745	0.01961	0.02431	0.01176	0.79059	0.01490	0.01098	0.01490	0.00941	0.01255	0.00706	0.00392	0.00549	0.00157	0.00784	0.00549	0.00235	0.00627
72	0.01130	0.54007	0.31362	0.00991	0.01495	0.01562	0.01135	0.01422	0.00959	0.01234	0.00716	0.00833	0.00594	0.00414	0.00351	0.00117	0.00567	0.00284	0.00198	0.00630
73	0.02087	0.00792	0.01080	0.00828	0.01188	0.00684	0.00684	0.02267	0.01332	0.81071	0.01835	0.01583	0.01152	0.00576	0.00468	0.00144	0.00396	0.00468	0.00576	0.00792
74	0.02087	0.00792	0.01080	0.00828	0.01188	0.00684	0.00684	0.02267	0.01332	0.81071	0.01835	0.01583	0.01152	0.00576	0.00468	0.00144	0.00396	0.00468	0.00576	0.00792
75	0.00677	0.00451	0.00507	0.00507	0.00507	0.00451	0.00282	0.00677	0.00677	0.00902	0.01466	0.03044	0.01691	0.83650	0.02368	0.00451	0.00451	0.00677	0.00282	0.00282
76	0.01959	0.03511	0.02726	0.00920	0.01287	0.04811	0.04311	0.06525	0.01350	0.65090	0.01643	0.01468	0.01056	0.00554	0.00463	0.00142	0.00451	0.00451	0.00519	0.00764
77	0.00567	0.00405	0.00540	0.00648	0.00675	0.00378	0.00432	0.00648	0.00891	0.01188	0.02564	0.83347	0.03077	0.01457	0.00594	0.00189	0.00270	0.01323	0.00432	0.00378
78	0.01035	0.00946	0.04595	0.00843	0.01270	0.00716	0.07428	0.03736	0.01027	0.03968	0.00877	0.01014	0.00704	0.00367	0.00374	0.00084	0.00404	0.00313	0.00284	0.70014
79	0.00776	0.00709	0.00687	0.00624	0.00808	0.08858	0.00473	0.00965	0.02642	0.01511	0.31108	0.03237	0.33059	0.00907	0.00508	0.00138	0.00309	0.00761	0.00422	0.11498
80	0.01768	0.01303	0.01396	0.01070	0.01443	0.01443	0.00884	0.79197	0.02187	0.02932	0.01117	0.01117	0.00791	0.00558	0.00465	0.00140	0.00512	0.00419	0.00465	0.00791
81	0.08619	0.01178	0.01151	0.00977	0.01275	0.07130	0.00776	0.27019	0.42499	0.02216	0.01453	0.01389	0.01081	0.00580	0.00451	0.00148	0.00448	0.00452	0.00438	0.00720
82	0.00693	0.00515	0.00648	0.00678	0.00783	0.00503	0.00519	0.00964	0.08198	0.01534	0.27416	0.25436	0.09869	0.01140	0.00569	0.00173	0.00292	0.17075	0.02554	0.00443
83	0.13900	0.34623	0.02872	0.00905	0.01253	0.15614	0.02994	0.05140	0.04443	0.12953	0.00917	0.00962	0.00711	0.00461	0.00367	0.00123	0.00529	0.00319	0.00298	0.00618
84	0.01514	0.01497	0.01535	0.05002	0.29872	0.27867	0.01092	0.19784	0.01414	0.04684	0.00914	0.01060	0.00715	0.00478	0.00449	0.00133	0.00635	0.00379	0.00300	0.00677
85	0.01016	0.00825	0.00970	0.00695	0.01106	0.00623	0.00557	0.01222	0.00981	0.05159	0.00873	0.00993	0.00710	0.00355	0.00350	0.00072	0.00347	0.00284	0.00289	0.82570
86	0.00689	0.00529	0.00680	0.00705	0.05195	0.00491	0.00493	0.02571	0.01261	0.01728	0.56246	0.03549	0.20396	0.00969	0.00544	0.00150	0.00253	0.02621	0.00476	0.00453
87	0.00666	0.00495	0.00728	0.00728	0.00805	0.00571	0.00557	0.00818	0.00742	0.01066	0.01264	0.01926	0.01206	0.09946	0.75408	0.00724	0.01182	0.00513	0.00252	0.00405
88	0.01157	0.00999	0.01052	0.00947	0.01210	0.01157	0.00736	0.02472	0.79908	0.01946	0.01893	0.01736	0.01420	0.00631	0.00473	0.00158	0.00368	0.00526	0.00473	0.00736
89	0.01244	0.83930	0.02438	0.00796	0.01194	0.01841	0.00796	0.01393	0.00945	0.01095	0.00647	0.00746	0.00597	0.00398	0.00299	0.00100	0.00498	0.00249	0.00199	0.00597
90	0.00969	0.00831	0.00967	0.00695	0.01105	0.00632	0.00555	0.01199	0.02640	0.01525	0.00850	0.00981	0.00705	0.00351	0.00347	0.00071	0.00345	0.00281	0.00280	0.84674
91	0.00965	0.00827	0.00965	0.00689	0.01102	0.00620	0.00551	0.01171	0.00965	0.01516	0.00827	0.00965	0.00689	0.00345	0.00345	0.00069	0.00345	0.00276	0.00276	0.86494
92	0.00665	0.00510	0.00664	0.00691	0.05214	0.00468	0.00478	0.00867	0.01251	0.01725	0.60957	0.03542	0.19296	0.00966	0.00544	0.00148	0.00242	0.00845	0.00480	0.00447
93	0.01113	0.01059	0.01798	0.05772	0.73252	0.01065	0.01367	0.01387	0.01069	0.01527	0.05382	0.01286	0.00939	0.00447	0.00466	0.00139	0.00536	0.00439	0.00245	0.00712
94	0.01145	0.00976	0.01030	0.00925	0.01176	0.01124	0.00714	0.04269	0.73499	0.01911	0.01850	0.01794	0.01420	0.05330	0.00580	0.00174	0.00376	0.00532	0.00462	0.00712
95	0.06035	0.01155	0.01734	0.02510	0.66541	0.06972	0.01301	0.01434	0.01063	0.01525	0.03057	0.01168	0.00812	0.00444	0.00473	0.00139	0.02291	0.00409	0.00241	0.00696
96	0.00761	0.00538	0.00620	0.00588	0.00609	0.00573	0.00366	0.05152	0.00765	0.01032	0.01388	0.02798	0.01567	0.73333	0.02203	0.00417	0.06034	0.00644	0.00287	0.00326
97	0.82046	0.00872	0.00676	0.00614	0.00887	0.01006	0.00500	0.01327	0.00797	0.02036	0.00756	0.05432	0.00650	0.00490	0.00305	0.00146	0.00355	0.00313	0.00296	0.00497
98	0.00677	0.00517	0.00784	0.05378	0.00965	0.00607	0.00622	0.00851	0.00758	0.01086	0.01222	0.01794	0.01132	0.03318	0.77201	0.00714	0.01211	0.00494	0.00247	0.00421
99	0.01013	0.01096	0.05944	0.01227	0.01266	0.01405	0.01058	0.01140	0.00728	0.01140	0.00623	0.01016	0.00609	0.00793	0.01465	0.00200	0.78150	0.00404	0.00203	0.00519
100	0.00576	0.00492	0.00503	0.00486	0.00657	0.00407	0.00367	0.00701	0.01061	0.01286	0.06296	0.04254	0.74225	0.01126	0.00538	0.00152	0.00241	0.00939	0.00425	0.05269
101	0.00556	0.00473	0.00487	0.00487	0.00640	0.00403	0.00366	0.00677	0.01043	0.01247	0.04517	0.04327	0.76064	0.01309	0.05150	0.00191	0.00293	0.00954	0.00422	0.00394

[dist]
# distance from previous block
# <min> <max>
0	14

[block]
# block no. 1 follows, 55 sequences, length 6
# corresponding to MSA columns:
# 427-432
name=unknown_B
#
# <colnr> <probs for GDERKNQSTAVLIFYWHMCP>
#	G	D	E	R	K	N	Q	S	T	A	V	L	I	F	Y	W	H	M	C	P
0	0.00839	0.00697	0.00976	0.00979	0.01050	0.00833	0.00839	0.01016	0.00951	0.01301	0.01843	0.03831	0.01985	0.01127	0.00939	0.00211	0.28012	0.51761	0.00353	0.00455
1	0.00743	0.00593	0.00712	0.00602	0.00821	0.00492	0.00463	0.00942	0.01157	0.01650	0.41527	0.02797	0.15506	0.00785	0.00481	0.00122	0.00264	0.00675	0.00420	0.29249
2	0.01203	0.02343	0.54476	0.01283	0.01821	0.28106	0.01444	0.01602	0.01095	0.01361	0.00796	0.00934	0.00593	0.00455	0.00434	0.00138	0.00738	0.00329	0.00211	0.00638
3	0.79300	0.00890	0.00719	0.00631	0.00926	0.01011	0.00520	0.01448	0.00840	0.09196	0.00755	0.00830	0.00562	0.00445	0.00304	0.00144	0.00363	0.00271	0.00314	0.00530
4	0.01112	0.01028	0.01534	0.14286	0.42366	0.01112	0.01176	0.01741	0.27444	0.01612	0.01209	0.01361	0.00948	0.00495	0.00466	0.00147	0.00501	0.00452	0.00308	0.00703
5	0.00931	0.00874	0.01380	0.07593	0.48531	0.00862	0.01059	0.01157	0.01051	0.01409	0.02157	0.02271	0.27460	0.00674	0.00491	0.00146	0.00451	0.00604	0.00296	0.00606

[dist]
# distance from previous block
# <min> <max>
0	63

# created by:
# /home/cegg/simao/soft/augustus-3.2.1/scripts/msa2prfl.pl ./align_prep/EOG091G0Z6N.fa
