[name]
unknown

[dist]
# distance from previous block
# <min> <max>
0	306

[block]
# block no. 0 follows, 49 sequences, length 45
# corresponding to MSA columns:
# 351-355,358-397
name=unknown_A
#
# <colnr> <probs for GDERKNQSTAVLIFYWHMCP>
#	G	D	E	R	K	N	Q	S	T	A	V	L	I	F	Y	W	H	M	C	P
0	0.00737	0.06617	0.00822	0.02274	0.00905	0.00605	0.00593	0.00897	0.01089	0.01421	0.11224	0.31750	0.14659	0.01453	0.05136	0.00228	0.00407	0.18284	0.00443	0.00456
1	0.00721	0.00585	0.00876	0.06775	0.01099	0.00566	0.07528	0.00868	0.01023	0.01344	0.06847	0.41035	0.12796	0.11042	0.00856	0.00228	0.00396	0.04554	0.00417	0.00442
2	0.01226	0.04248	0.29140	0.02931	0.19417	0.02558	0.17222	0.05790	0.02485	0.04164	0.00999	0.01206	0.00755	0.00480	0.00523	0.00155	0.02038	0.00445	0.00269	0.03951
3	0.00742	0.00603	0.04903	0.00612	0.00655	0.00522	0.00404	0.00781	0.00771	0.01038	0.01644	0.09035	0.01885	0.71730	0.02315	0.00451	0.00490	0.00768	0.00313	0.00338
4	0.00741	0.00679	0.06573	0.05207	0.01058	0.00566	0.00700	0.00920	0.01027	0.01371	0.02525	0.34451	0.07847	0.09022	0.00813	0.00230	0.00412	0.22528	0.02876	0.00453
5	0.01279	0.01482	0.17077	0.14781	0.16839	0.04588	0.06448	0.17525	0.03406	0.01876	0.03048	0.01448	0.00945	0.03081	0.00599	0.00171	0.02402	0.01982	0.00314	0.00710
6	0.00697	0.00745	0.10830	0.00795	0.00927	0.00539	0.00652	0.00878	0.02538	0.01348	0.04231	0.58450	0.04308	0.07645	0.00770	0.00220	0.00372	0.03170	0.00426	0.00457
7	0.00762	0.00521	0.00659	0.00650	0.00776	0.00472	0.00483	0.00948	0.01281	0.06001	0.43637	0.19595	0.17794	0.01178	0.00605	0.00172	0.00270	0.03196	0.00524	0.00475
8	0.67194	0.07135	0.01025	0.00873	0.05341	0.05048	0.00671	0.01506	0.00913	0.02060	0.00720	0.00861	0.00579	0.00486	0.00388	0.00154	0.03886	0.00293	0.00296	0.00571
9	0.01129	0.01286	0.06794	0.24302	0.12951	0.08545	0.23134	0.01494	0.03588	0.01480	0.01277	0.05899	0.04674	0.00578	0.00537	0.00165	0.00693	0.00564	0.00274	0.00636
10	0.00731	0.00600	0.00705	0.00777	0.00821	0.04887	0.00543	0.00830	0.00992	0.01311	0.04249	0.68055	0.02989	0.01441	0.00704	0.00200	0.06355	0.01271	0.02107	0.00434
11	0.01192	0.01134	0.01883	0.02781	0.68956	0.01115	0.01413	0.01475	0.01146	0.01631	0.01259	0.01509	0.06609	0.00508	0.00501	0.00148	0.00563	0.00488	0.00269	0.05422
12	0.01050	0.01021	0.01413	0.29503	0.02040	0.04298	0.01122	0.02927	0.02919	0.01320	0.01161	0.01524	0.06540	0.00879	0.04417	0.00218	0.36338	0.00495	0.00258	0.00557
13	0.00923	0.00822	0.03519	0.04778	0.01234	0.00798	0.06377	0.04624	0.17775	0.01841	0.26900	0.09627	0.12434	0.00951	0.00577	0.00172	0.00390	0.05207	0.00472	0.00578
14	0.01133	0.01044	0.01607	0.06695	0.40081	0.00969	0.02974	0.01408	0.01117	0.01644	0.04247	0.01291	0.00942	0.00449	0.00460	0.00124	0.00511	0.00417	0.00281	0.32606
15	0.00955	0.00899	0.01517	0.81013	0.03483	0.01123	0.01404	0.01292	0.01011	0.01292	0.00899	0.01348	0.00674	0.00506	0.00506	0.00169	0.00674	0.00449	0.00225	0.00562
16	0.01228	0.01147	0.04996	0.10413	0.01618	0.01246	0.00927	0.04444	0.63398	0.02022	0.01844	0.01766	0.01380	0.00653	0.00512	0.00170	0.00453	0.00545	0.00466	0.00771
17	0.85801	0.00978	0.00743	0.00665	0.00978	0.01134	0.00548	0.01486	0.00861	0.02269	0.00704	0.00821	0.00548	0.00469	0.00313	0.00156	0.00391	0.00274	0.00313	0.00548
18	0.00878	0.00439	0.00659	0.00659	0.00659	0.00439	0.00439	0.00659	0.00659	0.00878	0.00878	0.01537	0.00878	0.01757	0.01976	0.85288	0.00439	0.00439	0.00220	0.00220
19	0.00774	0.00688	0.04249	0.04671	0.01088	0.00597	0.06293	0.01044	0.01373	0.01933	0.64759	0.03382	0.05274	0.00943	0.00587	0.00161	0.00327	0.00848	0.00502	0.00507
20	0.00742	0.02594	0.00888	0.13630	0.02566	0.00661	0.00708	0.00907	0.00962	0.01281	0.02194	0.35590	0.08038	0.01845	0.19592	0.00340	0.02198	0.04432	0.00368	0.00464
21	0.01051	0.00955	0.01460	0.62873	0.04481	0.02798	0.01284	0.06913	0.01114	0.01460	0.00985	0.03147	0.00777	0.00558	0.00554	0.00167	0.04382	0.00470	0.03990	0.00581
22	0.33277	0.10016	0.01407	0.01156	0.06365	0.24488	0.03719	0.04069	0.01129	0.03042	0.00790	0.00944	0.00644	0.00516	0.00488	0.00148	0.06574	0.00335	0.00286	0.00607
23	0.00685	0.00507	0.00640	0.00626	0.00742	0.00461	0.00462	0.00889	0.01332	0.01836	0.58228	0.13540	0.15900	0.01139	0.00603	0.00167	0.00248	0.01002	0.00533	0.00461
24	0.04898	0.03191	0.18424	0.01472	0.13827	0.13379	0.04114	0.09607	0.02894	0.03748	0.00993	0.02315	0.00787	0.00505	0.00485	0.00139	0.02210	0.00401	0.00300	0.16312
25	0.06902	0.32419	0.04504	0.05120	0.10299	0.22423	0.05659	0.01668	0.01155	0.03292	0.00818	0.00982	0.00683	0.00476	0.00432	0.00133	0.01791	0.00345	0.00251	0.00648
26	0.01087	0.00813	0.00951	0.00726	0.01088	0.00661	0.00575	0.01371	0.04849	0.06623	0.09396	0.01524	0.01314	0.00502	0.00411	0.00099	0.00348	0.00412	0.10733	0.56520
27	0.01014	0.02616	0.79609	0.01441	0.02189	0.01174	0.01868	0.01601	0.01068	0.01601	0.00907	0.01068	0.00641	0.00480	0.00480	0.00160	0.00747	0.00374	0.00214	0.00747
28	0.01637	0.01246	0.01332	0.01067	0.01425	0.01374	0.00864	0.48271	0.23448	0.02734	0.01456	0.01429	0.01068	0.00615	0.00493	0.00151	0.00486	0.00480	0.04957	0.05468
29	0.00668	0.00515	0.00610	0.00586	0.00726	0.00457	0.00440	0.00862	0.01319	0.01760	0.49044	0.04217	0.34702	0.01133	0.00597	0.00164	0.00246	0.00976	0.00521	0.00457
30	0.02061	0.01193	0.01380	0.01058	0.01457	0.01237	0.00874	0.47337	0.02004	0.33765	0.01527	0.01417	0.01017	0.00615	0.00507	0.00154	0.00506	0.00477	0.00554	0.00860
31	0.42253	0.36361	0.01624	0.00785	0.01157	0.01522	0.00713	0.05603	0.01031	0.04090	0.00768	0.00864	0.00629	0.00465	0.00334	0.00135	0.00466	0.00289	0.00290	0.00617
32	0.01106	0.01106	0.01549	0.01328	0.01328	0.01549	0.01106	0.01217	0.00774	0.01217	0.00664	0.01106	0.00664	0.00885	0.01659	0.00221	0.81303	0.00443	0.00221	0.00553
33	0.00815	0.00582	0.00815	0.00931	0.01048	0.00582	0.00815	0.01048	0.01164	0.01513	0.02677	0.05704	0.02910	0.01397	0.00698	0.00233	0.00466	0.75671	0.00466	0.00466
34	0.00734	0.00559	0.00835	0.00829	0.00916	0.00660	0.00647	0.00913	0.00811	0.01175	0.01333	0.01959	0.01246	0.03702	0.77793	0.00794	0.03829	0.00539	0.00269	0.00455
35	0.01092	0.00930	0.01595	0.67851	0.03221	0.01100	0.06988	0.01423	0.01064	0.08428	0.01008	0.01383	0.00734	0.00511	0.00513	0.00168	0.00665	0.00466	0.00264	0.00598
36	0.00815	0.00582	0.00815	0.00931	0.01048	0.00582	0.00815	0.01048	0.01164	0.01513	0.02677	0.05704	0.02910	0.01397	0.00698	0.00233	0.00466	0.75671	0.00466	0.00466
37	0.22008	0.01038	0.01164	0.00915	0.01291	0.01058	0.00755	0.22360	0.01558	0.40625	0.01479	0.01371	0.00979	0.00584	0.00461	0.00155	0.00455	0.00438	0.00519	0.00786
38	0.00754	0.00543	0.00692	0.00721	0.00854	0.00505	0.00581	0.00953	0.01239	0.03511	0.26617	0.08914	0.22779	0.01247	0.00634	0.00191	0.00333	0.27966	0.00499	0.00466
39	0.00755	0.00546	0.00742	0.00850	0.00951	0.00533	0.00706	0.00948	0.01120	0.01453	0.02887	0.22362	0.08756	0.01429	0.00679	0.00222	0.00412	0.53732	0.00467	0.00451
40	0.01804	0.01033	0.01206	0.00983	0.01332	0.01072	0.00793	0.15831	0.29743	0.35609	0.01871	0.01696	0.01290	0.00644	0.00506	0.00160	0.00437	0.00521	0.02640	0.00829
41	0.00751	0.00518	0.00634	0.00679	0.00721	0.00517	0.00470	0.00859	0.02621	0.01203	0.02064	0.16342	0.02328	0.46142	0.01718	0.00368	0.00447	0.19446	0.01793	0.00376
42	0.00776	0.00539	0.00685	0.00740	0.00826	0.00524	0.00528	0.01012	0.07940	0.04886	0.10355	0.52239	0.05060	0.04942	0.00711	0.00209	0.00324	0.06751	0.00482	0.00472
43	0.00748	0.00552	0.00654	0.00687	0.00798	0.00532	0.00490	0.01022	0.10096	0.03383	0.10842	0.41316	0.20348	0.03067	0.00645	0.00192	0.00298	0.01136	0.02718	0.00477
44	0.06640	0.19607	0.17269	0.03222	0.06846	0.10572	0.04114	0.04289	0.10174	0.01626	0.00986	0.01107	0.00780	0.00487	0.00432	0.00136	0.00601	0.00372	0.00286	0.10454

[dist]
# distance from previous block
# <min> <max>
3	10

[block]
# block no. 1 follows, 49 sequences, length 50
# corresponding to MSA columns:
# 408-457
name=unknown_B
#
# <colnr> <probs for GDERKNQSTAVLIFYWHMCP>
#	G	D	E	R	K	N	Q	S	T	A	V	L	I	F	Y	W	H	M	C	P
0	0.00646	0.00474	0.00632	0.02941	0.00821	0.00450	0.00502	0.00772	0.01052	0.01412	0.14667	0.60232	0.07463	0.01494	0.02274	0.00208	0.00319	0.02742	0.00472	0.00428
1	0.01567	0.45702	0.02061	0.01034	0.01387	0.33240	0.00895	0.03561	0.01224	0.01281	0.00779	0.00898	0.00677	0.00478	0.00383	0.00118	0.00679	0.00304	0.03109	0.00623
2	0.01142	0.01112	0.01809	0.20173	0.43024	0.03351	0.06568	0.01468	0.03227	0.01559	0.04512	0.01554	0.04431	0.00547	0.00555	0.00159	0.03336	0.00507	0.00274	0.00694
3	0.02505	0.26179	0.03815	0.00869	0.01159	0.05629	0.02553	0.06011	0.07178	0.04928	0.05270	0.09139	0.15067	0.05568	0.00618	0.00169	0.01753	0.00631	0.00367	0.00592
4	0.01055	0.01004	0.01684	0.52627	0.26754	0.01170	0.01434	0.01368	0.01042	0.01399	0.00902	0.01305	0.00713	0.00509	0.00566	0.00166	0.04984	0.00449	0.00232	0.00635
5	0.00900	0.00476	0.00492	0.00492	0.00610	0.00468	0.00367	0.01127	0.01090	0.01855	0.07624	0.04270	0.05432	0.00683	0.00391	0.00126	0.00238	0.00559	0.72332	0.00468
6	0.00716	0.00529	0.00686	0.00752	0.00863	0.00500	0.00603	0.00901	0.01172	0.01533	0.16754	0.19933	0.18309	0.01345	0.00650	0.00202	0.00351	0.33268	0.00483	0.00449
7	0.01148	0.01449	0.16421	0.15087	0.35951	0.01201	0.18289	0.01534	0.01123	0.01578	0.00951	0.01258	0.00744	0.00460	0.00519	0.00159	0.00695	0.00469	0.00241	0.00726
8	0.00660	0.00481	0.00632	0.00736	0.00801	0.00452	0.00540	0.00786	0.01034	0.01351	0.03014	0.55906	0.11403	0.01508	0.00653	0.00208	0.00329	0.18613	0.00469	0.00425
9	0.02032	0.00916	0.01152	0.00902	0.01262	0.00866	0.00739	0.14017	0.04917	0.56030	0.01840	0.01667	0.01208	0.00622	0.00492	0.00152	0.00428	0.00499	0.09442	0.00817
10	0.00621	0.00449	0.00587	0.00688	0.00732	0.00416	0.00464	0.00720	0.01007	0.01338	0.07358	0.72460	0.08226	0.01533	0.00640	0.00200	0.00288	0.01384	0.00474	0.00416
11	0.00698	0.00516	0.00651	0.00617	0.00744	0.00469	0.00463	0.00919	0.01389	0.01926	0.67481	0.03945	0.16161	0.01072	0.00597	0.00161	0.00241	0.00938	0.00543	0.00469
12	0.01106	0.01106	0.01549	0.01328	0.01328	0.01549	0.01106	0.01217	0.00774	0.01217	0.00664	0.01106	0.00664	0.00885	0.01659	0.00221	0.81303	0.00443	0.00221	0.00553
13	0.01352	0.82533	0.02650	0.00865	0.01298	0.02001	0.00865	0.01514	0.01027	0.01190	0.00703	0.00811	0.00649	0.00433	0.00324	0.00108	0.00541	0.00270	0.00216	0.00649
14	0.00706	0.00506	0.00688	0.00802	0.00874	0.00489	0.00623	0.00860	0.01062	0.01394	0.02800	0.45357	0.05181	0.01491	0.00668	0.00217	0.00370	0.35008	0.00468	0.00436
15	0.02269	0.00861	0.01174	0.00900	0.01291	0.00743	0.00743	0.02464	0.01447	0.79425	0.01995	0.01721	0.01252	0.00626	0.00509	0.00156	0.00430	0.00509	0.00626	0.00861
16	0.01014	0.02616	0.79609	0.01441	0.02189	0.01174	0.01868	0.01601	0.01068	0.01601	0.00907	0.01068	0.00641	0.00480	0.00480	0.00160	0.00747	0.00374	0.00214	0.00747
17	0.03484	0.00793	0.00834	0.00710	0.00934	0.00838	0.00564	0.24582	0.01478	0.06203	0.01509	0.01644	0.01141	0.00593	0.00407	0.00131	0.00348	0.00463	0.52731	0.00612
18	0.00602	0.00507	0.00522	0.00529	0.00688	0.00427	0.00393	0.00730	0.01147	0.01378	0.06874	0.10251	0.71636	0.01296	0.00601	0.00173	0.00258	0.01089	0.00472	0.00427
19	0.00711	0.00517	0.00669	0.00631	0.00752	0.00475	0.00473	0.00945	0.01420	0.02000	0.75714	0.03823	0.07882	0.01044	0.00596	0.00160	0.00239	0.00921	0.00553	0.00475
20	0.85801	0.00978	0.00743	0.00665	0.00978	0.01134	0.00548	0.01486	0.00861	0.02269	0.00704	0.00821	0.00548	0.00469	0.00313	0.00156	0.00391	0.00274	0.00313	0.00548
21	0.01352	0.82533	0.02650	0.00865	0.01298	0.02001	0.00865	0.01514	0.01027	0.01190	0.00703	0.00811	0.00649	0.00433	0.00324	0.00108	0.00541	0.00270	0.00216	0.00649
22	0.00605	0.00501	0.00525	0.00542	0.00687	0.00426	0.00395	0.00723	0.01112	0.01343	0.04666	0.16327	0.65228	0.03804	0.00665	0.00186	0.00269	0.01112	0.00465	0.00421
23	0.01544	0.01022	0.01152	0.00992	0.01308	0.01112	0.00784	0.02624	0.56457	0.23988	0.02040	0.01840	0.01461	0.00669	0.00513	0.00167	0.00409	0.00554	0.00546	0.00817
24	0.01049	0.00899	0.01049	0.00749	0.01198	0.00674	0.00599	0.01273	0.01049	0.01648	0.00899	0.01049	0.00749	0.00374	0.00374	0.00075	0.00374	0.00300	0.00300	0.85320
25	0.01361	0.00920	0.01200	0.03967	0.03627	0.03517	0.00843	0.06181	0.01118	0.20999	0.03319	0.01809	0.01200	0.09011	0.12442	0.00301	0.23152	0.02352	0.02068	0.00614
26	0.01128	0.37666	0.01459	0.00650	0.00910	0.01165	0.00585	0.01331	0.01045	0.01570	0.01221	0.01398	0.01003	0.00518	0.00340	0.00113	0.00374	0.00380	0.46592	0.00552
27	0.56263	0.04120	0.01063	0.00979	0.05683	0.21675	0.00728	0.01629	0.01032	0.01929	0.00739	0.00870	0.00593	0.00480	0.00361	0.00148	0.00543	0.00297	0.00292	0.00576
28	0.00665	0.00515	0.00605	0.00583	0.00724	0.00455	0.00437	0.00855	0.01311	0.01742	0.46960	0.04248	0.36797	0.01140	0.00597	0.00164	0.00246	0.00981	0.00519	0.00455
29	0.01614	0.07233	0.01447	0.01019	0.01429	0.01329	0.00844	0.45409	0.06927	0.04062	0.01165	0.01195	0.00868	0.00539	0.00459	0.00130	0.00495	0.00410	0.00433	0.22995
30	0.01211	0.01075	0.03268	0.06171	0.40735	0.02473	0.01153	0.01482	0.01167	0.07288	0.06928	0.01538	0.03587	0.00521	0.00482	0.00136	0.00513	0.00471	0.00316	0.19484
31	0.03927	0.12506	0.51404	0.01261	0.01875	0.01197	0.03571	0.01683	0.01111	0.12723	0.01091	0.03603	0.00813	0.00527	0.00467	0.00154	0.00653	0.00415	0.00285	0.00732
32	0.01070	0.10196	0.62515	0.01411	0.05239	0.03734	0.01661	0.01572	0.01097	0.01573	0.04723	0.01179	0.00852	0.00503	0.00471	0.00154	0.00701	0.00392	0.00234	0.00722
33	0.01252	0.01201	0.02053	0.03104	0.79074	0.01201	0.01552	0.01552	0.01151	0.01652	0.00951	0.01252	0.00801	0.00451	0.00501	0.00150	0.00601	0.00451	0.00250	0.00801
34	0.01088	0.01080	0.01502	0.07322	0.06411	0.03565	0.01105	0.01229	0.00846	0.01253	0.00836	0.05393	0.00833	0.00948	0.03912	0.00228	0.61155	0.00496	0.00239	0.00560
35	0.01057	0.01036	0.09531	0.44864	0.10926	0.00994	0.01267	0.01365	0.01064	0.08258	0.01292	0.13730	0.01146	0.00673	0.00524	0.00170	0.00594	0.00599	0.00299	0.00610
36	0.00967	0.00887	0.01506	0.46011	0.13093	0.01006	0.06230	0.01273	0.01069	0.01404	0.01347	0.06163	0.01256	0.00716	0.00555	0.00180	0.00617	0.14854	0.00288	0.00576
37	0.01014	0.02616	0.79609	0.01441	0.02189	0.01174	0.01868	0.01601	0.01068	0.01601	0.00907	0.01068	0.00641	0.00480	0.00480	0.00160	0.00747	0.00374	0.00214	0.00747
38	0.01148	0.25869	0.15091	0.01676	0.26986	0.01326	0.01195	0.01413	0.01050	0.01421	0.02574	0.03235	0.01027	0.08648	0.00693	0.00179	0.02803	0.02744	0.00256	0.00665
39	0.01337	0.06021	0.39339	0.01545	0.14101	0.03860	0.01445	0.08127	0.04403	0.11573	0.02789	0.01265	0.00888	0.00524	0.00484	0.00154	0.00638	0.00423	0.00317	0.00766
40	0.02243	0.00866	0.01173	0.00903	0.01291	0.00756	0.00745	0.02470	0.03419	0.77438	0.01997	0.01725	0.01259	0.00627	0.00509	0.00157	0.00430	0.00510	0.00623	0.00859
41	0.00797	0.00576	0.00790	0.00897	0.01018	0.00569	0.00780	0.01021	0.01163	0.01501	0.02877	0.05635	0.09126	0.01387	0.00690	0.00228	0.00448	0.69566	0.00466	0.00462
42	0.01164	0.06578	0.19110	0.02844	0.23492	0.01143	0.10265	0.03573	0.05014	0.05043	0.02580	0.06601	0.04330	0.00635	0.00551	0.00163	0.02813	0.03085	0.00311	0.00703
43	0.01178	0.14762	0.18902	0.02860	0.10998	0.03542	0.14688	0.01574	0.06309	0.01481	0.00942	0.01189	0.00767	0.00641	0.02888	0.00182	0.15731	0.00436	0.00251	0.00678
44	0.00612	0.00483	0.00553	0.00607	0.00715	0.00424	0.00433	0.00725	0.01074	0.01338	0.04049	0.38051	0.44228	0.01415	0.00621	0.00187	0.00278	0.03317	0.00469	0.00421
45	0.01465	0.00899	0.01072	0.03680	0.05296	0.00944	0.00746	0.08367	0.26158	0.21198	0.03614	0.01783	0.01365	0.00632	0.00475	0.00152	0.00398	0.00520	0.20510	0.00727
46	0.12685	0.12873	0.10814	0.01603	0.17379	0.01318	0.13741	0.10335	0.05163	0.05585	0.01139	0.01277	0.02889	0.00511	0.00468	0.00152	0.00590	0.00443	0.00317	0.00719
47	0.00676	0.00519	0.00632	0.00733	0.00780	0.02537	0.00497	0.00822	0.04221	0.01324	0.02704	0.76418	0.03198	0.01519	0.00635	0.00202	0.00314	0.01372	0.00466	0.00432
48	0.00922	0.00553	0.00707	0.00717	0.00844	0.00509	0.00518	0.01104	0.04121	0.14176	0.13105	0.46171	0.12013	0.01284	0.00606	0.00186	0.00308	0.01139	0.00508	0.00510
49	0.43202	0.06275	0.09817	0.02323	0.01337	0.02341	0.03754	0.07512	0.01073	0.02031	0.00819	0.00952	0.00638	0.00462	0.00375	0.00139	0.00481	0.00320	0.00304	0.15846

[dist]
# distance from previous block
# <min> <max>
3	4

[block]
# block no. 2 follows, 49 sequences, length 40
# corresponding to MSA columns:
# 463-470,478-509
name=unknown_C
#
# <colnr> <probs for GDERKNQSTAVLIFYWHMCP>
#	G	D	E	R	K	N	Q	S	T	A	V	L	I	F	Y	W	H	M	C	P
0	0.01244	0.07800	0.12136	0.01897	0.28589	0.04086	0.11833	0.03613	0.04592	0.04962	0.05339	0.03101	0.01091	0.00530	0.00495	0.00148	0.00598	0.00489	0.02353	0.05103
1	0.01033	0.08403	0.51288	0.08847	0.04613	0.01187	0.01546	0.01581	0.06993	0.01553	0.01093	0.05471	0.00880	0.00641	0.02603	0.00177	0.00685	0.00452	0.00254	0.00702
2	0.00672	0.00522	0.00611	0.00659	0.00776	0.00480	0.00496	0.00841	0.03275	0.01388	0.05327	0.24583	0.37348	0.05774	0.00734	0.00208	0.00321	0.15084	0.00463	0.00435
3	0.00749	0.00582	0.00893	0.00916	0.03281	0.00615	0.04692	0.00918	0.00918	0.01273	0.03211	0.20706	0.01962	0.08288	0.40823	0.00529	0.00896	0.07951	0.00341	0.00456
4	0.03869	0.08359	0.35273	0.01490	0.09019	0.04454	0.09193	0.08557	0.04682	0.06692	0.01061	0.01228	0.00796	0.02515	0.00533	0.00162	0.00664	0.00424	0.00295	0.00734
5	0.00615	0.00445	0.00582	0.00691	0.00730	0.00412	0.00464	0.00706	0.00981	0.01296	0.02944	0.76710	0.08432	0.01564	0.00642	0.00203	0.00291	0.01413	0.00469	0.00412
6	0.00795	0.00481	0.00666	0.00666	0.00690	0.00505	0.00449	0.00745	0.00722	0.00986	0.01217	0.02187	0.01268	0.26531	0.22420	0.37861	0.00692	0.00555	0.00259	0.00306
7	0.01145	0.03966	0.31910	0.09919	0.27108	0.04907	0.08272	0.01557	0.01119	0.01558	0.00972	0.01306	0.00776	0.00497	0.00501	0.00158	0.00696	0.02673	0.00240	0.00722
8	0.01023	0.04774	0.77530	0.01426	0.02165	0.01197	0.01841	0.01599	0.01067	0.01590	0.00902	0.01061	0.00641	0.00479	0.00476	0.00159	0.00742	0.00371	0.00214	0.00745
9	0.00723	0.00540	0.00805	0.00805	0.00893	0.00628	0.00623	0.00898	0.00811	0.01168	0.01361	0.02023	0.01280	0.05982	0.78058	0.00804	0.01330	0.00547	0.00272	0.00447
10	0.01014	0.02616	0.79609	0.01441	0.02189	0.01174	0.01868	0.01601	0.01068	0.01601	0.00907	0.01068	0.00641	0.00480	0.00480	0.00160	0.00747	0.00374	0.00214	0.00747
11	0.01441	0.04659	0.14121	0.01279	0.07011	0.16285	0.02448	0.07173	0.14419	0.11153	0.01322	0.03696	0.01052	0.03518	0.04836	0.00202	0.03844	0.00480	0.00362	0.00698
12	0.10513	0.01285	0.02563	0.04346	0.13327	0.01247	0.55903	0.01586	0.01146	0.01687	0.00974	0.01288	0.00745	0.00437	0.00549	0.00166	0.00761	0.00536	0.00260	0.00681
13	0.01462	0.01490	0.16652	0.02506	0.08670	0.05316	0.02536	0.26513	0.09951	0.07476	0.07281	0.01645	0.01275	0.00628	0.00512	0.00158	0.00566	0.03051	0.01557	0.00756
14	0.01538	0.01226	0.01301	0.01086	0.01422	0.01389	0.00868	0.34208	0.46183	0.02567	0.01702	0.01603	0.01255	0.00653	0.00511	0.00163	0.00466	0.00523	0.00511	0.00826
15	0.01448	0.02361	0.04048	0.00855	0.01274	0.04779	0.00715	0.04938	0.01232	0.22743	0.01314	0.01355	0.02786	0.01736	0.00463	0.00116	0.00440	0.00392	0.00395	0.46614
16	0.01014	0.02616	0.79609	0.01441	0.02189	0.01174	0.01868	0.01601	0.01068	0.01601	0.00907	0.01068	0.00641	0.00480	0.00480	0.00160	0.00747	0.00374	0.00214	0.00747
17	0.02235	0.00914	0.01207	0.00925	0.01318	0.00823	0.00764	0.09731	0.01538	0.72031	0.01919	0.01672	0.01214	0.00624	0.00508	0.00156	0.00443	0.00503	0.00614	0.00861
18	0.03399	0.01091	0.01850	0.17839	0.50888	0.01128	0.06475	0.01449	0.01117	0.01587	0.01185	0.01480	0.05041	0.00509	0.00504	0.00156	0.00598	0.00490	0.02503	0.00711
19	0.00743	0.00500	0.00621	0.00636	0.00674	0.00504	0.00411	0.00806	0.00838	0.03002	0.03750	0.18066	0.04134	0.47013	0.15678	0.00468	0.00591	0.00843	0.00349	0.00372
20	0.00781	0.00531	0.00697	0.00647	0.00778	0.00488	0.00488	0.01017	0.01432	0.05261	0.75599	0.03691	0.04624	0.01017	0.00593	0.00159	0.00247	0.00898	0.00560	0.00493
21	0.01252	0.01201	0.02053	0.03104	0.79074	0.01201	0.01552	0.01552	0.01151	0.01652	0.00951	0.01252	0.00801	0.00451	0.00501	0.00150	0.00601	0.00451	0.00250	0.00801
22	0.01264	0.56217	0.18106	0.01141	0.01647	0.01744	0.10766	0.01545	0.01057	0.01327	0.00785	0.00933	0.00662	0.00441	0.00390	0.00126	0.00622	0.00333	0.00221	0.00673
23	0.00626	0.00445	0.00586	0.00692	0.00722	0.00418	0.00459	0.00712	0.00963	0.01286	0.04383	0.74890	0.03275	0.06996	0.00774	0.00224	0.00305	0.01379	0.00460	0.00405
24	0.01352	0.82533	0.02650	0.00865	0.01298	0.02001	0.00865	0.01514	0.01027	0.01190	0.00703	0.00811	0.00649	0.00433	0.00324	0.00108	0.00541	0.00270	0.00216	0.00649
25	0.01042	0.01011	0.01728	0.50290	0.09226	0.02666	0.14066	0.03927	0.01105	0.01440	0.01091	0.08110	0.00931	0.00582	0.00531	0.00169	0.00667	0.00555	0.00263	0.00600
26	0.00760	0.00486	0.00585	0.00613	0.00659	0.00480	0.00399	0.00843	0.00883	0.02974	0.02029	0.25727	0.04173	0.36557	0.08078	0.00365	0.00461	0.00888	0.12651	0.00388
27	0.01234	0.54525	0.29621	0.01067	0.01610	0.01711	0.01217	0.01545	0.01042	0.01334	0.00775	0.00901	0.00646	0.00449	0.00379	0.00126	0.00613	0.00307	0.00215	0.00683
28	0.00785	0.00559	0.00772	0.00882	0.00981	0.00555	0.00744	0.00987	0.01116	0.01457	0.02634	0.15284	0.02908	0.05724	0.00792	0.00243	0.00445	0.62224	0.00458	0.00450
29	0.00621	0.00508	0.00548	0.00550	0.00700	0.00435	0.00408	0.00766	0.01190	0.01483	0.18588	0.10655	0.59273	0.01259	0.00601	0.00171	0.00256	0.01068	0.00486	0.00435
30	0.00723	0.00522	0.00708	0.00774	0.00845	0.00505	0.02429	0.02384	0.01030	0.01376	0.02578	0.49121	0.04403	0.09625	0.00839	0.00235	0.00369	0.18126	0.02977	0.00431
31	0.01193	0.01384	0.05447	0.02018	0.02520	0.01274	0.68466	0.01706	0.07435	0.01659	0.01103	0.01396	0.00826	0.00449	0.00586	0.00170	0.00812	0.00587	0.00275	0.00694
32	0.02269	0.00861	0.01174	0.00900	0.01291	0.00743	0.00743	0.02464	0.01447	0.79425	0.01995	0.01721	0.01252	0.00626	0.00509	0.00156	0.00430	0.00509	0.00626	0.00861
33	0.00903	0.00705	0.00912	0.02677	0.00942	0.00806	0.02286	0.06434	0.03054	0.01267	0.01392	0.04115	0.01464	0.43189	0.14908	0.00448	0.13113	0.00638	0.00308	0.00438
34	0.01069	0.06769	0.69479	0.01413	0.02109	0.01243	0.03301	0.04172	0.01106	0.01625	0.00904	0.01066	0.00652	0.00490	0.00503	0.00159	0.02601	0.00377	0.00225	0.00740
35	0.00717	0.00536	0.00801	0.00807	0.00894	0.00620	0.00623	0.00892	0.00821	0.01180	0.01431	0.06241	0.01375	0.03675	0.75988	0.00780	0.01298	0.00589	0.00281	0.00449
36	0.01014	0.02616	0.79609	0.01441	0.02189	0.01174	0.01868	0.01601	0.01068	0.01601	0.00907	0.01068	0.00641	0.00480	0.00480	0.00160	0.00747	0.00374	0.00214	0.00747
37	0.01200	0.08113	0.23732	0.02292	0.42256	0.02544	0.06572	0.01616	0.03953	0.01609	0.00962	0.01190	0.00767	0.00466	0.00487	0.00151	0.00651	0.00427	0.00248	0.00762
38	0.05430	0.02872	0.06967	0.24431	0.08083	0.00884	0.00982	0.03217	0.03118	0.02731	0.01790	0.25776	0.05154	0.00901	0.00540	0.00177	0.00491	0.03845	0.02054	0.00558
39	0.07176	0.20618	0.42835	0.07856	0.01951	0.02795	0.02948	0.03549	0.01081	0.01557	0.00899	0.02972	0.00712	0.00500	0.00441	0.00149	0.00657	0.00381	0.00238	0.00686

[dist]
# distance from previous block
# <min> <max>
16	129

# created by:
# /home/cegg/simao/soft/augustus-3.2.1/scripts/msa2prfl.pl ./align_prep/EOG091G0N2F.fa
