[name]
unknown

[dist]
# distance from previous block
# <min> <max>
0	36

[block]
# block no. 0 follows, 48 sequences, length 24
# corresponding to MSA columns:
# 37-60
name=unknown_A
#
# <colnr> <probs for GDERKNQSTAVLIFYWHMCP>
#	G	D	E	R	K	N	Q	S	T	A	V	L	I	F	Y	W	H	M	C	P
0	0.04009	0.08039	0.05097	0.05075	0.04899	0.04732	0.03847	0.10650	0.01343	0.17567	0.01701	0.02480	0.03424	0.04373	0.00626	0.00183	0.00539	0.17096	0.00418	0.03902
1	0.08702	0.07776	0.05624	0.10003	0.07991	0.05163	0.04789	0.08337	0.04864	0.18745	0.06861	0.03231	0.03030	0.00619	0.00492	0.00156	0.00534	0.00511	0.01870	0.00704
2	0.02876	0.07003	0.08597	0.05455	0.16522	0.08261	0.03681	0.05399	0.06335	0.14251	0.03463	0.07248	0.01263	0.00653	0.00508	0.00157	0.00567	0.03505	0.00376	0.03880
3	0.08861	0.11556	0.09057	0.08818	0.14401	0.05361	0.01077	0.10461	0.03556	0.03381	0.08923	0.01449	0.01196	0.00692	0.03354	0.00175	0.03315	0.00455	0.00330	0.03583
4	0.02540	0.01359	0.05942	0.12389	0.36945	0.07187	0.04044	0.12687	0.05515	0.01862	0.02362	0.01314	0.00888	0.00516	0.00506	0.00155	0.00629	0.00458	0.00309	0.02392
5	0.02705	0.00940	0.01273	0.15096	0.08755	0.03709	0.03849	0.04120	0.05894	0.14595	0.15528	0.03644	0.03096	0.00687	0.00523	0.00155	0.00484	0.03126	0.00418	0.11403
6	0.09107	0.01321	0.08763	0.10184	0.40685	0.02784	0.07249	0.04977	0.05139	0.01769	0.01042	0.02852	0.00848	0.00509	0.00499	0.00159	0.00618	0.00469	0.00284	0.00741
7	0.00625	0.00447	0.00595	0.00714	0.00744	0.00417	0.00476	0.00714	0.00982	0.01310	0.02828	0.81633	0.03394	0.01608	0.00655	0.00208	0.00298	0.01459	0.00476	0.00417
8	0.01828	0.01368	0.01473	0.01132	0.01541	0.01486	0.00931	0.65723	0.06320	0.03024	0.01247	0.01252	0.00899	0.00597	0.00501	0.00147	0.00538	0.00453	0.00493	0.09044
9	0.01327	0.01303	0.01924	0.13078	0.57534	0.08411	0.01468	0.05782	0.01245	0.01677	0.00957	0.01249	0.00785	0.00480	0.00505	0.00153	0.00646	0.00446	0.00266	0.00764
10	0.13163	0.01958	0.05568	0.01330	0.06996	0.45196	0.01007	0.11243	0.01455	0.06180	0.00927	0.01031	0.00718	0.00531	0.00457	0.00143	0.00750	0.00362	0.00320	0.00664
11	0.00643	0.00488	0.00593	0.00638	0.00734	0.00438	0.00451	0.00781	0.01152	0.01510	0.21454	0.39414	0.27086	0.01380	0.00628	0.00186	0.00273	0.01216	0.00497	0.00438
12	0.00731	0.00520	0.00690	0.00818	0.03475	0.00502	0.00555	0.03151	0.01059	0.01446	0.02622	0.63316	0.03037	0.01447	0.00630	0.00201	0.00330	0.08567	0.06448	0.00454
13	0.01166	0.11425	0.19382	0.25218	0.05760	0.01228	0.15333	0.01535	0.01110	0.06962	0.01097	0.05560	0.00883	0.00548	0.00509	0.00162	0.00676	0.00502	0.00274	0.00670
14	0.06836	0.00619	0.00822	0.00926	0.01058	0.00630	0.00808	0.01095	0.01159	0.01590	0.02575	0.05437	0.02783	0.01351	0.00681	0.00231	0.00467	0.69994	0.00461	0.00478
15	0.01270	0.01219	0.02083	0.03149	0.78767	0.01219	0.01575	0.01575	0.01168	0.01676	0.00965	0.01270	0.00813	0.00457	0.00508	0.00152	0.00610	0.00457	0.00254	0.00813
16	0.00735	0.00493	0.00563	0.00574	0.00577	0.00490	0.00326	0.00743	0.00768	0.01024	0.01729	0.10624	0.02007	0.74508	0.02430	0.00471	0.00479	0.00812	0.00326	0.00321
17	0.00808	0.00577	0.00805	0.00924	0.01033	0.00574	0.00794	0.01031	0.01163	0.01515	0.02727	0.12828	0.02994	0.01435	0.00704	0.00234	0.00456	0.68457	0.00473	0.00467
18	0.01272	0.08848	0.02669	0.02285	0.24125	0.01355	0.45423	0.04618	0.01231	0.01676	0.00995	0.01294	0.00781	0.00447	0.00548	0.00161	0.00751	0.00527	0.00264	0.00730
19	0.01037	0.00986	0.01638	0.59620	0.16659	0.01194	0.01423	0.01351	0.01029	0.01369	0.00899	0.01328	0.00706	0.00539	0.00621	0.00173	0.08129	0.00456	0.00232	0.00612
20	0.20275	0.01159	0.01211	0.06316	0.07605	0.05614	0.00866	0.16047	0.23907	0.02236	0.08473	0.01579	0.01345	0.00624	0.00477	0.00161	0.00482	0.00491	0.00424	0.00708
21	0.01113	0.00972	0.01341	0.04834	0.27162	0.05314	0.02982	0.04021	0.08304	0.03569	0.05770	0.24371	0.01856	0.00861	0.00549	0.00169	0.00484	0.00778	0.04905	0.00643
22	0.01120	0.29043	0.27936	0.01216	0.06682	0.01317	0.03191	0.01451	0.01129	0.03087	0.11564	0.07516	0.01457	0.00632	0.00468	0.00147	0.00569	0.00514	0.00297	0.00665
23	0.01453	0.01170	0.01846	0.16383	0.29472	0.01212	0.10147	0.15198	0.02955	0.11410	0.01164	0.01361	0.00866	0.00518	0.00520	0.00158	0.00614	0.00481	0.00350	0.02721

[dist]
# distance from previous block
# <min> <max>
2	11

[block]
# block no. 1 follows, 48 sequences, length 10
# corresponding to MSA columns:
# 72-81
name=unknown_B
#
# <colnr> <probs for GDERKNQSTAVLIFYWHMCP>
#	G	D	E	R	K	N	Q	S	T	A	V	L	I	F	Y	W	H	M	C	P
0	0.04739	0.01408	0.11432	0.16414	0.22162	0.07421	0.15581	0.01620	0.04227	0.03587	0.01116	0.01549	0.00910	0.00544	0.00526	0.00166	0.00685	0.04940	0.00283	0.00692
1	0.01452	0.05496	0.12379	0.08974	0.15498	0.15327	0.06896	0.01734	0.01244	0.15874	0.01481	0.03292	0.06901	0.00600	0.00508	0.00155	0.00645	0.00507	0.00340	0.00700
2	0.00865	0.02468	0.00966	0.00900	0.01061	0.00675	0.06120	0.01152	0.07194	0.04448	0.04965	0.22473	0.12506	0.01594	0.11646	0.00285	0.00544	0.19186	0.00439	0.00514
3	0.00748	0.00610	0.00656	0.00659	0.00751	0.04474	0.00460	0.00845	0.00953	0.01202	0.02749	0.09647	0.26064	0.27859	0.19649	0.00430	0.00631	0.00843	0.00366	0.00406
4	0.07054	0.12688	0.09491	0.01134	0.01556	0.12693	0.01013	0.37549	0.01780	0.08642	0.01099	0.01134	0.00803	0.00559	0.00466	0.00146	0.00613	0.00402	0.00405	0.00772
5	0.01549	0.21832	0.11270	0.01188	0.01574	0.24378	0.02924	0.10542	0.11626	0.03453	0.01043	0.01126	0.00822	0.00550	0.00503	0.00144	0.04073	0.00387	0.00317	0.00699
6	0.06236	0.06247	0.45044	0.01319	0.01902	0.03155	0.06794	0.10713	0.05095	0.01855	0.02885	0.01353	0.04065	0.00553	0.00489	0.00160	0.00664	0.00444	0.00297	0.00729
7	0.00869	0.00818	0.01221	0.01042	0.01181	0.00915	0.11290	0.01032	0.01016	0.01371	0.06141	0.10604	0.25742	0.05452	0.04222	0.00235	0.25175	0.00813	0.00356	0.00504
8	0.01273	0.01045	0.01056	0.00956	0.01154	0.09157	0.00719	0.09000	0.36016	0.01722	0.01458	0.01624	0.01173	0.01048	0.01029	0.29602	0.00489	0.00496	0.00391	0.00591
9	0.01045	0.09193	0.07711	0.01172	0.07658	0.04257	0.06420	0.05567	0.03943	0.01620	0.14207	0.06687	0.01774	0.04063	0.18534	0.00315	0.00717	0.00605	0.00347	0.04165

[dist]
# distance from previous block
# <min> <max>
4	30

[block]
# block no. 2 follows, 48 sequences, length 16
# corresponding to MSA columns:
# 112-127
name=unknown_C
#
# <colnr> <probs for GDERKNQSTAVLIFYWHMCP>
#	G	D	E	R	K	N	Q	S	T	A	V	L	I	F	Y	W	H	M	C	P
0	0.07634	0.01531	0.06066	0.01330	0.10300	0.19841	0.00988	0.23795	0.05519	0.05756	0.02478	0.03978	0.04561	0.00675	0.01519	0.00161	0.00618	0.00489	0.02046	0.00714
1	0.01125	0.01142	0.03779	0.09689	0.12127	0.12356	0.05664	0.03238	0.05882	0.01505	0.03474	0.06592	0.07743	0.11130	0.02857	0.00217	0.02053	0.00606	0.03501	0.05321
2	0.00718	0.00565	0.00753	0.00710	0.00835	0.00548	0.04734	0.00859	0.01004	0.01323	0.06822	0.08298	0.29077	0.18081	0.20016	0.00394	0.00609	0.00854	0.03366	0.00432
3	0.00758	0.00862	0.11325	0.03656	0.04604	0.00640	0.00709	0.00961	0.01112	0.01460	0.14021	0.07859	0.33945	0.12844	0.00903	0.00219	0.02354	0.00871	0.00405	0.00491
4	0.00867	0.01114	0.18996	0.00940	0.01240	0.00771	0.02714	0.02525	0.08456	0.01641	0.13637	0.05898	0.18977	0.04795	0.04328	0.00224	0.00500	0.11399	0.00412	0.00566
5	0.04819	0.02268	0.64263	0.01299	0.01948	0.01083	0.01623	0.01508	0.01109	0.01674	0.07355	0.01546	0.06154	0.00586	0.00497	0.00163	0.00668	0.00465	0.00266	0.00706
6	0.01385	0.06510	0.05926	0.10721	0.05124	0.03094	0.06429	0.12454	0.13094	0.08942	0.01225	0.01334	0.00922	0.00546	0.00537	0.00147	0.04373	0.00444	0.00368	0.16426
7	0.10458	0.01371	0.01436	0.01120	0.01514	0.01527	0.00922	0.64738	0.06918	0.03071	0.01232	0.01233	0.00883	0.00607	0.00494	0.00156	0.00538	0.00450	0.00494	0.00836
8	0.00729	0.00520	0.00662	0.00679	0.00733	0.00539	0.00472	0.00822	0.00856	0.01152	0.02006	0.08111	0.08297	0.39575	0.26070	0.00532	0.00734	0.06788	0.00337	0.00386
9	0.02770	0.00687	0.00922	0.00849	0.02811	0.00664	0.04841	0.06758	0.02307	0.06346	0.37660	0.10284	0.09674	0.07794	0.00760	0.00197	0.00362	0.03284	0.00495	0.00535
10	0.01056	0.03715	0.05866	0.03132	0.01256	0.04859	0.00748	0.03089	0.01090	0.03431	0.03227	0.09811	0.04619	0.03379	0.06838	0.00193	0.04670	0.01526	0.00332	0.37162
11	0.00912	0.00479	0.00490	0.00497	0.00609	0.00474	0.00365	0.01126	0.01060	0.01813	0.01903	0.06592	0.05126	0.04370	0.00489	0.00144	0.00255	0.00574	0.72256	0.00465
12	0.01134	0.02019	0.51185	0.05635	0.11935	0.01083	0.01598	0.01597	0.01117	0.08515	0.01199	0.08543	0.00979	0.00600	0.00509	0.00165	0.00664	0.00504	0.00283	0.00735
13	0.10445	0.34508	0.06340	0.05050	0.08658	0.17007	0.05540	0.01630	0.01129	0.01447	0.00799	0.00967	0.00673	0.00466	0.00406	0.00132	0.00643	0.00338	0.00248	0.03572
14	0.00632	0.00449	0.00593	0.00706	0.00734	0.00421	0.00467	0.00716	0.00970	0.01293	0.02762	0.77389	0.03311	0.05964	0.00761	0.00224	0.00309	0.01420	0.00467	0.00411
15	0.00803	0.00672	0.00865	0.07212	0.08753	0.02539	0.00662	0.02810	0.01184	0.01551	0.18455	0.22928	0.22465	0.03995	0.02597	0.00203	0.00393	0.00975	0.00438	0.00499

[dist]
# distance from previous block
# <min> <max>
0	1

[block]
# block no. 3 follows, 48 sequences, length 24
# corresponding to MSA columns:
# 129-152
name=unknown_D
#
# <colnr> <probs for GDERKNQSTAVLIFYWHMCP>
#	G	D	E	R	K	N	Q	S	T	A	V	L	I	F	Y	W	H	M	C	P
0	0.01000	0.07843	0.13267	0.00914	0.01165	0.06877	0.00818	0.05930	0.03359	0.01440	0.04324	0.07165	0.07089	0.15527	0.20655	0.00382	0.00756	0.00622	0.00326	0.00540
1	0.85592	0.00992	0.00754	0.00675	0.00992	0.01151	0.00556	0.01508	0.00873	0.02302	0.00714	0.00834	0.00556	0.00476	0.00318	0.00159	0.00397	0.00278	0.00318	0.00556
2	0.00969	0.00912	0.01539	0.80734	0.03534	0.01140	0.01425	0.01311	0.01026	0.01311	0.00912	0.01368	0.00684	0.00513	0.00513	0.00171	0.00684	0.00456	0.00228	0.00570
3	0.00774	0.00596	0.00875	0.00899	0.01023	0.00572	0.06028	0.00965	0.01122	0.01467	0.06068	0.24074	0.10323	0.05508	0.00771	0.00229	0.00427	0.37360	0.00454	0.00462
4	0.01951	0.01437	0.01540	0.01181	0.01591	0.01591	0.00975	0.77056	0.02412	0.03234	0.01232	0.01232	0.00873	0.00616	0.00513	0.00154	0.00565	0.00462	0.00513	0.00873
5	0.00745	0.00503	0.00590	0.00590	0.00601	0.00514	0.00349	0.00766	0.00755	0.01017	0.01589	0.03204	0.01799	0.72999	0.11489	0.00535	0.00598	0.00724	0.00307	0.00328
6	0.10553	0.01172	0.01726	0.16362	0.29058	0.06171	0.08166	0.01475	0.01084	0.01583	0.01015	0.01540	0.00887	0.00598	0.00659	0.00172	0.10923	0.05927	0.00270	0.00658
7	0.74042	0.01193	0.00851	0.00764	0.01074	0.12022	0.00616	0.01583	0.00953	0.02158	0.00725	0.00846	0.00570	0.00484	0.00338	0.00155	0.00470	0.00285	0.00310	0.00561
8	0.00823	0.00556	0.00719	0.03280	0.00878	0.00566	0.00563	0.00944	0.00951	0.03264	0.03888	0.03968	0.02205	0.40582	0.07417	0.00398	0.00546	0.26129	0.01914	0.00407
9	0.01917	0.02445	0.01454	0.01322	0.01586	0.79907	0.00991	0.02049	0.01454	0.01256	0.00793	0.00925	0.00661	0.00529	0.00463	0.00132	0.00925	0.00330	0.00264	0.00595
10	0.01081	0.00933	0.01117	0.00886	0.05013	0.00728	0.00662	0.01350	0.03409	0.01687	0.00950	0.01100	0.00787	0.00393	0.00391	0.00083	0.00392	0.00320	0.00308	0.78411
11	0.01046	0.09460	0.49884	0.01194	0.01744	0.01075	0.01411	0.01473	0.01126	0.05203	0.11340	0.07371	0.01442	0.00687	0.00550	0.02872	0.00612	0.00530	0.00302	0.00676
12	0.00656	0.00519	0.00590	0.00578	0.00725	0.00453	0.00431	0.00830	0.01279	0.01658	0.35035	0.07136	0.45872	0.01208	0.00608	0.00170	0.00254	0.01033	0.00513	0.00453
13	0.01042	0.02561	0.73719	0.01514	0.02255	0.01199	0.07393	0.01626	0.01093	0.01626	0.00929	0.01105	0.00659	0.00483	0.00496	0.00163	0.00766	0.00396	0.00220	0.00753
14	0.01207	0.01114	0.01839	0.19537	0.53754	0.01170	0.01438	0.05169	0.01189	0.01669	0.01053	0.04084	0.00893	0.00521	0.00510	0.00157	0.00601	0.00492	0.02862	0.00740
15	0.00699	0.00489	0.00616	0.00681	0.00761	0.00446	0.00477	0.00816	0.01079	0.04070	0.10321	0.52138	0.17871	0.03713	0.00693	0.00205	0.00301	0.03699	0.00485	0.00441
16	0.00972	0.00737	0.00906	0.00940	0.01065	0.04555	0.00777	0.03553	0.01173	0.05231	0.03544	0.13730	0.04257	0.04132	0.03212	0.00245	0.06398	0.43626	0.00444	0.00504
17	0.01220	0.03828	0.17854	0.03195	0.14974	0.05508	0.10495	0.06253	0.06344	0.05949	0.06426	0.06369	0.05524	0.03070	0.00592	0.00172	0.00600	0.00589	0.00347	0.00692
18	0.01270	0.01528	0.21441	0.04389	0.01856	0.07736	0.18270	0.06247	0.01270	0.11007	0.03513	0.12571	0.05150	0.00714	0.00550	0.00168	0.00642	0.00648	0.00357	0.00673
19	0.02422	0.07845	0.19459	0.05280	0.01523	0.04344	0.05655	0.01299	0.03042	0.01484	0.02106	0.05453	0.12638	0.05132	0.00670	0.00198	0.00563	0.19966	0.00348	0.00572
20	0.01289	0.02916	0.12963	0.03548	0.09048	0.23994	0.02147	0.03783	0.03658	0.03901	0.07043	0.08614	0.03936	0.01006	0.07767	0.00219	0.00717	0.02496	0.00335	0.00622
21	0.05792	0.06117	0.03822	0.05058	0.07419	0.05862	0.03391	0.15873	0.10257	0.18310	0.03505	0.05477	0.01248	0.00652	0.00503	0.00158	0.00527	0.02391	0.00439	0.03199
22	0.03370	0.05496	0.21954	0.09006	0.25561	0.01111	0.03598	0.01603	0.01145	0.10829	0.01248	0.04122	0.03243	0.00551	0.00495	0.00155	0.00600	0.00480	0.00304	0.05128
23	0.01161	0.10307	0.15403	0.02804	0.18915	0.03727	0.07143	0.05620	0.03524	0.01657	0.06804	0.06689	0.01276	0.00795	0.04689	0.00192	0.04424	0.00537	0.02185	0.02147

[dist]
# distance from previous block
# <min> <max>
1	55

[block]
# block no. 4 follows, 48 sequences, length 16
# corresponding to MSA columns:
# 208-223
name=unknown_E
#
# <colnr> <probs for GDERKNQSTAVLIFYWHMCP>
#	G	D	E	R	K	N	Q	S	T	A	V	L	I	F	Y	W	H	M	C	P
0	0.01190	0.10840	0.27403	0.07065	0.09071	0.01162	0.03741	0.03691	0.07654	0.07394	0.05718	0.05981	0.01251	0.00622	0.00500	0.00158	0.00585	0.02110	0.00331	0.03533
1	0.02381	0.15893	0.21229	0.10611	0.07150	0.05325	0.09357	0.01511	0.02804	0.03835	0.02736	0.09108	0.02450	0.00644	0.00501	0.00160	0.00629	0.02728	0.00292	0.00657
2	0.03672	0.05833	0.13310	0.13448	0.06771	0.10881	0.06428	0.05288	0.01216	0.04720	0.07533	0.06598	0.03339	0.00661	0.00581	0.00161	0.05577	0.00541	0.00320	0.03122
3	0.05951	0.01735	0.32919	0.07970	0.20051	0.01183	0.03334	0.06316	0.06030	0.06123	0.02879	0.01305	0.00892	0.00523	0.00496	0.00161	0.00636	0.00442	0.00302	0.00754
4	0.01212	0.02551	0.03910	0.03448	0.20780	0.07538	0.12070	0.05674	0.01277	0.05014	0.04185	0.06197	0.02912	0.00813	0.00579	0.00179	0.00600	0.20044	0.00365	0.00650
5	0.01082	0.07422	0.33255	0.03397	0.07242	0.01088	0.08220	0.03330	0.01116	0.03513	0.01239	0.05333	0.01095	0.03567	0.05018	0.00210	0.00684	0.06645	0.00287	0.06261
6	0.06117	0.06095	0.08529	0.01303	0.12416	0.04658	0.02385	0.01917	0.17252	0.17213	0.08477	0.04536	0.01521	0.00664	0.00505	0.00159	0.00497	0.02429	0.00427	0.02901
7	0.10346	0.47191	0.16945	0.01029	0.01499	0.01653	0.03625	0.04265	0.02776	0.01528	0.00904	0.01159	0.00782	0.00509	0.00396	0.00136	0.00577	0.03751	0.00260	0.00670
8	0.00682	0.00523	0.00625	0.00599	0.00739	0.00465	0.00449	0.00883	0.01348	0.01810	0.51436	0.04241	0.32056	0.01141	0.00606	0.00166	0.00249	0.00985	0.00532	0.00465
9	0.01716	0.05072	0.01581	0.01180	0.01574	0.03611	0.05169	0.50132	0.15832	0.02724	0.01324	0.01328	0.00972	0.00598	0.00504	0.00152	0.00553	0.00471	0.00470	0.05037
10	0.01421	0.66539	0.09365	0.00955	0.01411	0.05885	0.00968	0.01624	0.01091	0.05598	0.00809	0.00903	0.00692	0.00459	0.00361	0.00118	0.00580	0.00300	0.00245	0.00676
11	0.01140	0.03605	0.38801	0.04077	0.04728	0.04614	0.09082	0.01620	0.05442	0.06600	0.06155	0.03002	0.05716	0.02498	0.00567	0.00170	0.00649	0.00525	0.00312	0.00696
12	0.01083	0.16486	0.52634	0.01373	0.02007	0.01305	0.09069	0.01555	0.01082	0.01529	0.01055	0.01230	0.03294	0.00624	0.03397	0.00179	0.00738	0.00413	0.00232	0.00712
13	0.00802	0.00571	0.00787	0.00890	0.00995	0.00567	0.00753	0.01015	0.01157	0.01518	0.06895	0.11092	0.03030	0.05915	0.00805	0.00245	0.00448	0.61585	0.00469	0.00460
14	0.02151	0.00855	0.01152	0.00897	0.01270	0.00751	0.00736	0.02394	0.03966	0.70877	0.07709	0.01907	0.01545	0.00668	0.00523	0.00159	0.00421	0.00549	0.00626	0.00842
15	0.01201	0.05056	0.09911	0.23833	0.21245	0.06720	0.10568	0.04476	0.03998	0.01574	0.02451	0.02597	0.00886	0.00554	0.00550	0.02281	0.00671	0.00479	0.00271	0.00678

[dist]
# distance from previous block
# <min> <max>
7	15

[block]
# block no. 5 follows, 48 sequences, length 8
# corresponding to MSA columns:
# 239-246
name=unknown_F
#
# <colnr> <probs for GDERKNQSTAVLIFYWHMCP>
#	G	D	E	R	K	N	Q	S	T	A	V	L	I	F	Y	W	H	M	C	P
0	0.01377	0.01372	0.01684	0.14793	0.34325	0.14664	0.01273	0.06726	0.15309	0.01733	0.01150	0.01342	0.00908	0.00532	0.00504	0.00156	0.00635	0.00458	0.00317	0.00740
1	0.01171	0.01274	0.09618	0.10521	0.57121	0.01147	0.01501	0.01503	0.01169	0.01666	0.07410	0.01474	0.01119	0.00515	0.00515	0.00156	0.00601	0.00488	0.00274	0.00756
2	0.00940	0.00825	0.00829	0.00790	0.00846	0.10359	0.00544	0.01047	0.03596	0.01129	0.01448	0.05314	0.01562	0.47618	0.12636	0.00449	0.08694	0.00658	0.00305	0.00412
3	0.03224	0.04879	0.04763	0.08410	0.25312	0.04958	0.06492	0.14362	0.04238	0.08054	0.02216	0.04270	0.02216	0.00599	0.00545	0.00160	0.02778	0.01434	0.00352	0.00739
4	0.03302	0.03371	0.01598	0.10975	0.33109	0.07272	0.01169	0.08800	0.08000	0.01703	0.01141	0.01495	0.00963	0.06137	0.08559	0.00243	0.00683	0.00477	0.00307	0.00695
5	0.10547	0.01250	0.09441	0.11783	0.37375	0.01164	0.04450	0.04660	0.01143	0.01716	0.01216	0.01470	0.05810	0.00628	0.02506	0.00178	0.03200	0.00478	0.00279	0.00705
6	0.04505	0.01116	0.01660	0.31727	0.32741	0.04994	0.01327	0.04611	0.01186	0.03827	0.04110	0.01382	0.00924	0.00516	0.00501	0.00157	0.00616	0.00460	0.00283	0.03357
7	0.01182	0.12713	0.05700	0.03814	0.17903	0.08671	0.05862	0.04059	0.04176	0.01567	0.04549	0.12785	0.04743	0.00704	0.00528	0.00152	0.02280	0.00605	0.00325	0.07681

[dist]
# distance from previous block
# <min> <max>
2	50

# created by:
# /home/cegg/simao/soft/augustus-3.2.1/scripts/msa2prfl.pl ./align_prep/EOG091G0T3X.fa
