[name]
unknown

[dist]
# distance from previous block
# <min> <max>
9	122

[block]
# block no. 0 follows, 49 sequences, length 29
# corresponding to MSA columns:
# 156-184
name=unknown_A
#
# <colnr> <probs for GDERKNQSTAVLIFYWHMCP>
#	G	D	E	R	K	N	Q	S	T	A	V	L	I	F	Y	W	H	M	C	P
0	0.10413	0.21898	0.19996	0.01150	0.05968	0.06075	0.01082	0.08388	0.03057	0.03278	0.02953	0.01596	0.03335	0.00601	0.00449	0.00149	0.00568	0.06604	0.01775	0.00664
1	0.13781	0.16829	0.08553	0.01198	0.07866	0.07127	0.05153	0.11353	0.04090	0.06353	0.06922	0.04574	0.01179	0.00656	0.02156	0.00162	0.00562	0.00467	0.00347	0.00671
2	0.05551	0.14864	0.18589	0.02816	0.08436	0.06140	0.04186	0.09210	0.04958	0.12297	0.07169	0.01390	0.01127	0.00555	0.00469	0.00148	0.00578	0.00444	0.00353	0.00718
3	0.09169	0.19544	0.08977	0.03834	0.02630	0.09795	0.02451	0.12244	0.03092	0.06958	0.08148	0.01473	0.02497	0.00582	0.00446	0.00142	0.00543	0.01512	0.02882	0.03081
4	0.05917	0.12578	0.36156	0.01215	0.03194	0.02894	0.01297	0.18710	0.03017	0.03413	0.02683	0.02348	0.03309	0.00561	0.00466	0.00151	0.00613	0.00427	0.00320	0.00730
5	0.01359	0.20895	0.15935	0.01231	0.05314	0.13863	0.04929	0.05910	0.07693	0.05758	0.05032	0.01517	0.03798	0.00592	0.00488	0.00147	0.01951	0.02588	0.00322	0.00679
6	0.17921	0.11978	0.18868	0.01090	0.03904	0.06916	0.01024	0.09315	0.07022	0.10818	0.02522	0.03183	0.02254	0.00568	0.00443	0.00151	0.00549	0.00425	0.00354	0.00696
7	0.10935	0.17732	0.16838	0.01153	0.03653	0.06440	0.05617	0.08159	0.03042	0.11148	0.05516	0.01269	0.01000	0.00544	0.00485	0.00147	0.03156	0.00414	0.00336	0.02416
8	0.10111	0.14917	0.27415	0.01248	0.06898	0.02612	0.02363	0.07904	0.05798	0.12576	0.02861	0.01227	0.00895	0.00524	0.00451	0.00150	0.00580	0.00404	0.00335	0.00732
9	0.08298	0.15070	0.24531	0.01205	0.03212	0.07435	0.03569	0.17127	0.07339	0.03221	0.02043	0.01146	0.00824	0.00522	0.00451	0.00146	0.00612	0.00393	0.00324	0.02532
10	0.03687	0.07462	0.25946	0.02958	0.14641	0.04148	0.02497	0.05324	0.03482	0.01682	0.06748	0.05645	0.05261	0.00614	0.00485	0.00149	0.00567	0.00512	0.00308	0.07884
11	0.09377	0.09320	0.20616	0.01044	0.01449	0.03252	0.03849	0.10213	0.05701	0.10399	0.06821	0.07761	0.04349	0.03006	0.00546	0.00167	0.00528	0.00553	0.00378	0.00671
12	0.13641	0.06266	0.06943	0.01418	0.15454	0.11746	0.05520	0.04241	0.05880	0.07938	0.03525	0.01658	0.06651	0.00685	0.02330	0.00170	0.02307	0.02621	0.00342	0.00663
13	0.30364	0.01088	0.04233	0.03249	0.04884	0.01098	0.00778	0.11060	0.14815	0.05490	0.02625	0.01258	0.00941	0.00531	0.00418	0.00145	0.00438	0.00397	0.02294	0.13894
14	0.04582	0.01935	0.01469	0.01423	0.09658	0.51916	0.03516	0.05068	0.02482	0.01473	0.00913	0.01151	0.00770	0.00528	0.00463	0.00134	0.00771	0.02732	0.00286	0.08730
15	0.01750	0.01151	0.07194	0.01070	0.03724	0.01047	0.00894	0.20726	0.12418	0.32308	0.03407	0.01717	0.01252	0.02503	0.00555	0.00164	0.00482	0.02532	0.00510	0.04597
16	0.61458	0.01070	0.03779	0.03246	0.08649	0.01130	0.02827	0.03835	0.00997	0.07792	0.00858	0.00978	0.00645	0.00483	0.00370	0.00157	0.00452	0.00330	0.00328	0.00615
17	0.00855	0.00443	0.00657	0.00670	0.00675	0.00441	0.00452	0.00673	0.00697	0.00929	0.01081	0.08162	0.01132	0.01733	0.01835	0.76146	0.00428	0.02504	0.00246	0.00242
18	0.02269	0.00861	0.01174	0.00900	0.01291	0.00743	0.00743	0.02464	0.01447	0.79425	0.01995	0.01721	0.01252	0.00626	0.00509	0.00156	0.00430	0.00509	0.00626	0.00861
19	0.03823	0.56191	0.13441	0.01048	0.04538	0.06215	0.01012	0.01511	0.01053	0.01308	0.00862	0.05360	0.00800	0.00510	0.00379	0.00125	0.00576	0.00360	0.00237	0.00649
20	0.02006	0.00918	0.01166	0.00915	0.01274	0.00864	0.00748	0.13270	0.05820	0.55969	0.08290	0.01831	0.01505	0.00660	0.00513	0.00156	0.00427	0.00537	0.02314	0.00817
21	0.00751	0.00550	0.00732	0.00826	0.00939	0.00531	0.00690	0.00948	0.01143	0.01474	0.05166	0.15783	0.15115	0.01394	0.00672	0.00217	0.00403	0.51744	0.00469	0.00452
22	0.01963	0.01094	0.01570	0.01288	0.06926	0.01057	0.11373	0.21216	0.01627	0.44085	0.01592	0.01511	0.01055	0.00582	0.00519	0.00157	0.00532	0.00503	0.00519	0.00832
23	0.01287	0.01268	0.01992	0.07934	0.65363	0.06242	0.03610	0.03294	0.01189	0.01636	0.00945	0.01238	0.00784	0.00461	0.00501	0.00151	0.00631	0.00447	0.00255	0.00770
24	0.00646	0.00512	0.00581	0.00574	0.00713	0.00455	0.00425	0.00803	0.01193	0.01533	0.26498	0.06885	0.47026	0.04623	0.05085	0.00217	0.00322	0.00992	0.00478	0.00438
25	0.00615	0.00444	0.00583	0.00693	0.00731	0.00412	0.00465	0.00705	0.00978	0.01295	0.02916	0.77635	0.07524	0.01567	0.00643	0.00203	0.00291	0.01417	0.00469	0.00412
26	0.15095	0.01430	0.01517	0.21710	0.15394	0.21870	0.03927	0.09036	0.01258	0.01695	0.00878	0.01116	0.00691	0.00507	0.00482	0.00153	0.01925	0.00395	0.00281	0.00641
27	0.03849	0.01150	0.01611	0.05901	0.37320	0.01231	0.01197	0.14338	0.19179	0.02006	0.01349	0.01662	0.01101	0.00593	0.00512	0.00162	0.00536	0.05166	0.00368	0.00770
28	0.03533	0.04339	0.07286	0.04339	0.27446	0.12188	0.02769	0.18928	0.05335	0.05087	0.01066	0.01208	0.00820	0.00516	0.00483	0.00147	0.00621	0.00425	0.00337	0.03127

[dist]
# distance from previous block
# <min> <max>
1	7

[block]
# block no. 1 follows, 49 sequences, length 16
# corresponding to MSA columns:
# 193-208
name=unknown_B
#
# <colnr> <probs for GDERKNQSTAVLIFYWHMCP>
#	G	D	E	R	K	N	Q	S	T	A	V	L	I	F	Y	W	H	M	C	P
0	0.06141	0.03286	0.01335	0.01136	0.06538	0.02968	0.03132	0.15165	0.20835	0.05774	0.01313	0.02808	0.01026	0.00569	0.00515	0.00141	0.04141	0.00451	0.00399	0.22327
1	0.00969	0.00762	0.00974	0.00993	0.07230	0.00773	0.03363	0.05763	0.16384	0.03825	0.16083	0.15272	0.14678	0.04973	0.00666	0.00187	0.00376	0.03250	0.02901	0.00579
2	0.00643	0.00511	0.00577	0.00568	0.00713	0.00445	0.00423	0.00811	0.01249	0.01611	0.32707	0.07960	0.47590	0.01202	0.00599	0.00168	0.00251	0.01027	0.00502	0.00445
3	0.00627	0.00448	0.00600	0.00717	0.00751	0.00420	0.00489	0.00724	0.00979	0.01303	0.02781	0.77596	0.03320	0.01574	0.00648	0.00207	0.00303	0.05630	0.00469	0.00414
4	0.01717	0.01081	0.01238	0.00991	0.01324	0.01133	0.00802	0.39454	0.07216	0.21082	0.10081	0.07138	0.02941	0.00741	0.00528	0.00159	0.00458	0.00603	0.00538	0.00777
5	0.01182	0.01130	0.01927	0.21399	0.61323	0.01183	0.01517	0.01491	0.01118	0.01567	0.00939	0.01274	0.00771	0.00463	0.00502	0.00154	0.00618	0.00450	0.00244	0.00745
6	0.07478	0.03597	0.01257	0.00989	0.01337	0.18967	0.00798	0.07021	0.01432	0.46809	0.01526	0.01429	0.01027	0.00693	0.03196	0.00171	0.00580	0.00443	0.00491	0.00758
7	0.01185	0.01128	0.03845	0.07780	0.55148	0.01100	0.03967	0.01519	0.03485	0.03708	0.04009	0.01754	0.03769	0.00569	0.00522	0.00159	0.00575	0.04744	0.00296	0.00738
8	0.01205	0.04825	0.15027	0.04445	0.42081	0.01230	0.04059	0.02995	0.14052	0.01709	0.01162	0.02963	0.00940	0.00521	0.00499	0.00156	0.00593	0.00476	0.00295	0.00768
9	0.03793	0.19866	0.03998	0.04878	0.02154	0.00958	0.00704	0.03509	0.01063	0.01414	0.05770	0.32087	0.10242	0.01166	0.04288	0.00198	0.02155	0.00864	0.00371	0.00520
10	0.01404	0.15029	0.15178	0.04200	0.13338	0.05760	0.05134	0.16485	0.03844	0.06503	0.03824	0.01298	0.00958	0.00622	0.02704	0.00165	0.00626	0.00435	0.01763	0.00728
11	0.01323	0.18239	0.11497	0.01786	0.25150	0.01261	0.12275	0.01628	0.01158	0.10735	0.03528	0.01276	0.00922	0.00481	0.00470	0.00141	0.00595	0.00436	0.00297	0.06799
12	0.02972	0.01063	0.16654	0.05315	0.07006	0.00758	0.02332	0.01252	0.02730	0.07737	0.14907	0.14589	0.15339	0.00930	0.00558	0.00172	0.00445	0.04248	0.00409	0.00583
13	0.01251	0.05017	0.13339	0.04957	0.37134	0.01132	0.03756	0.06342	0.02655	0.07257	0.04950	0.04664	0.02787	0.00589	0.00510	0.00157	0.00573	0.01871	0.00322	0.00737
14	0.01180	0.03710	0.24312	0.13385	0.21757	0.01038	0.01335	0.01531	0.01136	0.10862	0.02914	0.03440	0.06985	0.00587	0.00500	0.00156	0.00583	0.00504	0.00310	0.03776
15	0.01166	0.01245	0.10655	0.07402	0.46574	0.01093	0.02954	0.04372	0.02712	0.03326	0.01366	0.05125	0.05903	0.03221	0.00581	0.00168	0.00579	0.00541	0.00293	0.00723

[dist]
# distance from previous block
# <min> <max>
4	77

[block]
# block no. 2 follows, 49 sequences, length 22
# corresponding to MSA columns:
# 349-370
name=unknown_C
#
# <colnr> <probs for GDERKNQSTAVLIFYWHMCP>
#	G	D	E	R	K	N	Q	S	T	A	V	L	I	F	Y	W	H	M	C	P
0	0.01228	0.13159	0.24582	0.01655	0.20634	0.01251	0.04720	0.05854	0.04887	0.05756	0.04881	0.03192	0.02721	0.00568	0.00516	0.00153	0.02737	0.00475	0.00305	0.00726
1	0.04149	0.01257	0.06293	0.08162	0.31471	0.07405	0.03140	0.07171	0.06430	0.04041	0.01411	0.05805	0.05352	0.00638	0.00549	0.00161	0.03177	0.02362	0.00325	0.00699
2	0.04064	0.07175	0.09531	0.14590	0.13051	0.01061	0.03000	0.04912	0.06846	0.07316	0.03202	0.03708	0.06079	0.02984	0.00551	0.00162	0.00529	0.02702	0.00339	0.08198
3	0.01264	0.09515	0.11303	0.03354	0.20298	0.01078	0.08232	0.03948	0.03148	0.12023	0.01471	0.10845	0.03442	0.00658	0.00507	0.00155	0.00547	0.02200	0.00347	0.05665
4	0.01176	0.05432	0.07085	0.08835	0.15997	0.03126	0.15617	0.05346	0.05975	0.03388	0.01320	0.07453	0.02799	0.00619	0.00547	0.00157	0.02738	0.03113	0.00315	0.08963
5	0.01216	0.02263	0.03932	0.10137	0.25918	0.00960	0.04852	0.03219	0.05696	0.12366	0.03936	0.10622	0.07059	0.02773	0.00580	0.00170	0.00510	0.00639	0.00371	0.02781
6	0.01193	0.13908	0.07195	0.14327	0.21708	0.05670	0.11826	0.01526	0.03579	0.03503	0.05965	0.01545	0.04794	0.00547	0.00495	0.00151	0.00616	0.00494	0.00287	0.00671
7	0.01130	0.01253	0.10429	0.15526	0.35855	0.01131	0.07909	0.03627	0.01128	0.01588	0.01070	0.05699	0.00930	0.00557	0.00557	0.00159	0.03721	0.01928	0.00267	0.05536
8	0.01146	0.01179	0.04671	0.26552	0.40912	0.05884	0.01385	0.01447	0.01123	0.01516	0.03613	0.03930	0.00962	0.00527	0.00503	0.00155	0.00619	0.00483	0.00261	0.03135
9	0.01121	0.01115	0.04765	0.23683	0.35394	0.01127	0.08910	0.01423	0.01094	0.03390	0.01235	0.02498	0.05662	0.00572	0.00596	0.01171	0.04789	0.00513	0.00266	0.00676
10	0.01297	0.01635	0.26110	0.01542	0.17123	0.10637	0.01260	0.01652	0.03362	0.12126	0.02844	0.08230	0.03553	0.00645	0.00543	0.00158	0.03334	0.00530	0.00330	0.03088
11	0.00963	0.06702	0.08932	0.01148	0.09461	0.00790	0.07911	0.01033	0.00923	0.01243	0.05275	0.01912	0.06872	0.01186	0.01203	0.39856	0.00510	0.03362	0.00271	0.00446
12	0.01054	0.04000	0.32325	0.01529	0.15310	0.02785	0.05610	0.04715	0.01163	0.01627	0.03901	0.09453	0.06643	0.00678	0.00515	0.00159	0.00595	0.02610	0.00301	0.05024
13	0.01156	0.01144	0.09885	0.01074	0.03924	0.08162	0.02881	0.11400	0.01273	0.05577	0.01835	0.19811	0.04217	0.03490	0.00659	0.00184	0.03575	0.11606	0.02779	0.05367
14	0.12843	0.01043	0.06898	0.10539	0.07281	0.03446	0.03265	0.08518	0.04854	0.01792	0.03916	0.06615	0.02619	0.00859	0.00547	0.00183	0.00524	0.23285	0.00378	0.00594
15	0.17966	0.04868	0.00748	0.00642	0.00821	0.00721	0.00492	0.04556	0.01083	0.03986	0.04157	0.20868	0.14534	0.03237	0.00533	0.00169	0.00327	0.00765	0.19030	0.00499
16	0.00988	0.00935	0.01563	0.70340	0.09733	0.01152	0.01401	0.01310	0.01011	0.01318	0.00891	0.01328	0.00684	0.00521	0.00565	0.00170	0.04833	0.00449	0.00227	0.00581
17	0.00760	0.00673	0.04462	0.00837	0.05634	0.00575	0.00620	0.01029	0.03722	0.01805	0.47869	0.08054	0.15156	0.01117	0.02752	0.00184	0.00333	0.03420	0.00492	0.00507
18	0.01189	0.01150	0.01836	0.07837	0.62917	0.03817	0.01407	0.01470	0.01152	0.01587	0.01328	0.01667	0.07139	0.00551	0.00513	0.00155	0.00584	0.02689	0.00273	0.00738
19	0.01049	0.00899	0.01049	0.00749	0.01198	0.00674	0.00599	0.01273	0.01049	0.01648	0.00899	0.01049	0.00749	0.00374	0.00374	0.00075	0.00374	0.00300	0.00300	0.85320
20	0.01685	0.23464	0.01820	0.01245	0.06757	0.21890	0.00972	0.29066	0.05082	0.01995	0.00985	0.01061	0.00776	0.00531	0.00444	0.00135	0.00640	0.00377	0.00348	0.00726
21	0.00754	0.00604	0.00735	0.00738	0.04836	0.00527	0.00516	0.00915	0.01162	0.01550	0.22048	0.03593	0.35052	0.03560	0.02408	0.04450	0.00333	0.02813	0.00433	0.12973

[dist]
# distance from previous block
# <min> <max>
1	2

[block]
# block no. 3 follows, 49 sequences, length 13
# corresponding to MSA columns:
# 373-385
name=unknown_D
#
# <colnr> <probs for GDERKNQSTAVLIFYWHMCP>
#	G	D	E	R	K	N	Q	S	T	A	V	L	I	F	Y	W	H	M	C	P
0	0.01334	0.56147	0.13581	0.01048	0.01498	0.08546	0.03735	0.01613	0.04091	0.01305	0.00803	0.00925	0.00688	0.00467	0.00406	0.00125	0.02472	0.00317	0.00233	0.00663
1	0.04243	0.00900	0.01420	0.34509	0.21282	0.01014	0.01178	0.01251	0.01022	0.01427	0.01307	0.09851	0.03953	0.00844	0.04863	0.00203	0.04985	0.02261	0.00279	0.03210
2	0.01129	0.29050	0.49112	0.01206	0.01831	0.01417	0.01455	0.01552	0.01053	0.01468	0.00839	0.00981	0.00650	0.00458	0.00422	0.00138	0.00655	0.00335	0.00220	0.06031
3	0.01119	0.00943	0.01389	0.36314	0.14140	0.04298	0.01141	0.01435	0.04386	0.08058	0.03935	0.01635	0.02324	0.02783	0.11279	0.00258	0.03155	0.00500	0.00301	0.00610
4	0.01037	0.08112	0.74316	0.01402	0.02127	0.01231	0.01799	0.01595	0.01065	0.01573	0.00893	0.01050	0.00641	0.00477	0.00470	0.00157	0.00733	0.00367	0.00214	0.00741
5	0.01019	0.00964	0.01632	0.64269	0.19729	0.01140	0.01436	0.01348	0.01041	0.01369	0.00910	0.01327	0.00701	0.00494	0.00504	0.00165	0.00658	0.00450	0.00230	0.00613
6	0.01453	0.02679	0.02849	0.05301	0.06627	0.19009	0.00888	0.10176	0.12771	0.11271	0.01855	0.04419	0.10458	0.00715	0.00510	0.00155	0.00556	0.03748	0.00408	0.04153
7	0.00625	0.00444	0.00584	0.00693	0.00720	0.00417	0.00458	0.00706	0.00951	0.01268	0.02700	0.76162	0.03235	0.07471	0.00786	0.00226	0.00308	0.01386	0.00458	0.00403
8	0.01240	0.01212	0.02122	0.13668	0.05026	0.03295	0.37280	0.13631	0.03041	0.01844	0.06500	0.01766	0.01190	0.00578	0.00566	0.00168	0.00695	0.05178	0.00330	0.00669
9	0.01112	0.01059	0.01801	0.39672	0.43594	0.01165	0.01483	0.01430	0.01086	0.01483	0.00927	0.01297	0.00741	0.00476	0.00503	0.00159	0.00635	0.00450	0.00238	0.00689
10	0.00652	0.00546	0.00572	0.00567	0.00733	0.00484	0.00424	0.00871	0.06086	0.01472	0.11709	0.08561	0.63081	0.01235	0.00595	0.00171	0.00266	0.01040	0.00481	0.00455
11	0.02269	0.00861	0.01174	0.00900	0.01291	0.00743	0.00743	0.02464	0.01447	0.79425	0.01995	0.01721	0.01252	0.00626	0.00509	0.00156	0.00430	0.00509	0.00626	0.00861
12	0.01170	0.01012	0.01118	0.01002	0.01270	0.01145	0.02928	0.02393	0.65329	0.02020	0.05194	0.05408	0.06250	0.00764	0.00530	0.00172	0.00394	0.00650	0.00504	0.00747

[dist]
# distance from previous block
# <min> <max>
0	4

[block]
# block no. 4 follows, 49 sequences, length 21
# corresponding to MSA columns:
# 390-410
name=unknown_E
#
# <colnr> <probs for GDERKNQSTAVLIFYWHMCP>
#	G	D	E	R	K	N	Q	S	T	A	V	L	I	F	Y	W	H	M	C	P
0	0.01135	0.01043	0.01661	0.53042	0.21685	0.04330	0.03156	0.01450	0.01088	0.05223	0.00964	0.01326	0.00735	0.00497	0.00505	0.00162	0.00658	0.00451	0.00253	0.00638
1	0.85801	0.00978	0.00743	0.00665	0.00978	0.01134	0.00548	0.01486	0.00861	0.02269	0.00704	0.00821	0.00548	0.00469	0.00313	0.00156	0.00391	0.00274	0.00313	0.00548
2	0.00737	0.00542	0.00692	0.00650	0.00779	0.00511	0.00489	0.01026	0.04870	0.02013	0.73292	0.03723	0.06706	0.01025	0.00593	0.00160	0.00246	0.00903	0.00552	0.00490
3	0.00716	0.00517	0.00676	0.00636	0.00755	0.00477	0.00477	0.00954	0.01431	0.02028	0.78808	0.03777	0.04771	0.01034	0.00596	0.00159	0.00239	0.00914	0.00557	0.00477
4	0.01190	0.01344	0.02869	0.02112	0.04875	0.01293	0.70346	0.01593	0.01167	0.01596	0.00999	0.01345	0.00762	0.00455	0.00658	0.00173	0.05709	0.00583	0.00254	0.00678
5	0.00621	0.00442	0.00585	0.00698	0.00726	0.00414	0.00463	0.00705	0.00959	0.01279	0.02740	0.78823	0.03286	0.04740	0.00721	0.00217	0.00301	0.01410	0.00463	0.00407
6	0.00735	0.00490	0.00552	0.00552	0.00552	0.00490	0.00306	0.00735	0.00735	0.00980	0.01593	0.03309	0.01838	0.82229	0.02574	0.00490	0.00490	0.00735	0.00306	0.00306
7	0.01889	0.02410	0.01433	0.01303	0.01563	0.80199	0.00977	0.02019	0.01433	0.01238	0.00782	0.00912	0.00651	0.00521	0.00456	0.00130	0.00912	0.00326	0.00261	0.00586
8	0.02230	0.00923	0.01212	0.00929	0.01322	0.00836	0.00768	0.10891	0.01552	0.70850	0.01907	0.01664	0.01208	0.00624	0.00508	0.00156	0.00444	0.00503	0.00612	0.00860
9	0.00708	0.00514	0.00667	0.00634	0.00752	0.00473	0.00474	0.00937	0.01404	0.01977	0.73363	0.06705	0.07367	0.01063	0.00598	0.00161	0.00241	0.00939	0.00550	0.00473
10	0.05330	0.01083	0.01751	0.39511	0.25506	0.01206	0.07210	0.09381	0.01203	0.01671	0.00947	0.01281	0.00732	0.00492	0.00502	0.00161	0.00640	0.00453	0.00268	0.00673
11	0.01239	0.01325	0.05138	0.02135	0.31028	0.07414	0.23534	0.05590	0.03488	0.01674	0.01410	0.01774	0.06842	0.00578	0.00543	0.00162	0.00664	0.04459	0.00300	0.00704
12	0.01212	0.01224	0.02255	0.01712	0.01991	0.01369	0.39620	0.01487	0.01022	0.05582	0.00916	0.01269	0.00747	0.00639	0.01060	0.00192	0.36280	0.00524	0.00260	0.00635
13	0.01210	0.01380	0.02775	0.08861	0.02657	0.05465	0.66668	0.01613	0.01191	0.01571	0.01000	0.01339	0.00753	0.00438	0.00581	0.00168	0.00840	0.00570	0.00253	0.00667
14	0.03590	0.01159	0.01754	0.17017	0.45132	0.04799	0.02666	0.04311	0.04444	0.05808	0.03723	0.01381	0.00957	0.00509	0.00501	0.00155	0.00596	0.00467	0.00299	0.00732
15	0.01372	0.13491	0.13832	0.01167	0.03745	0.22644	0.01019	0.05571	0.19508	0.01665	0.07032	0.02929	0.02683	0.00614	0.00475	0.00147	0.00611	0.00471	0.00348	0.00677
16	0.00698	0.00536	0.00652	0.02077	0.00819	0.00506	0.00499	0.00920	0.04956	0.01577	0.26124	0.22364	0.24834	0.04666	0.00694	0.00193	0.00300	0.06641	0.00486	0.00457
17	0.03779	0.25209	0.19632	0.01281	0.03257	0.23768	0.06943	0.04582	0.02592	0.01462	0.00844	0.00991	0.00681	0.00491	0.00463	0.00139	0.02616	0.00354	0.00251	0.00665
18	0.01342	0.13875	0.22230	0.03384	0.14666	0.04495	0.08335	0.10947	0.05794	0.05572	0.01057	0.01201	0.00804	0.00510	0.00497	0.00150	0.02141	0.00423	0.01839	0.00739
19	0.03831	0.01397	0.11939	0.05458	0.49778	0.01225	0.11076	0.06140	0.01206	0.01740	0.00961	0.01230	0.00767	0.00463	0.00505	0.00155	0.00645	0.00454	0.00263	0.00766
20	0.00748	0.00566	0.00744	0.00849	0.05528	0.00541	0.00571	0.04595	0.01175	0.01576	0.18157	0.43786	0.12226	0.01310	0.00617	0.00188	0.00320	0.05554	0.00475	0.00475

[dist]
# distance from previous block
# <min> <max>
0	6

[block]
# block no. 5 follows, 49 sequences, length 27
# corresponding to MSA columns:
# 419-445
name=unknown_F
#
# <colnr> <probs for GDERKNQSTAVLIFYWHMCP>
#	G	D	E	R	K	N	Q	S	T	A	V	L	I	F	Y	W	H	M	C	P
0	0.01094	0.10550	0.43625	0.01206	0.01734	0.02158	0.03411	0.09540	0.01212	0.01680	0.03424	0.06044	0.05157	0.03515	0.00569	0.00171	0.00626	0.03312	0.00296	0.00676
1	0.06582	0.00917	0.01359	0.44604	0.10301	0.01071	0.01152	0.05437	0.07691	0.01590	0.04328	0.06069	0.02421	0.00737	0.03506	0.00191	0.00598	0.00537	0.00306	0.00603
2	0.01246	0.05651	0.01978	0.16256	0.55706	0.01256	0.02815	0.06097	0.01195	0.01657	0.00946	0.01244	0.00774	0.00468	0.00494	0.00151	0.00612	0.00443	0.00260	0.00753
3	0.01142	0.04883	0.03375	0.40967	0.26343	0.01228	0.07229	0.06019	0.01153	0.01544	0.00935	0.01281	0.00730	0.00485	0.00502	0.00159	0.00653	0.00452	0.00251	0.00670
4	0.01452	0.14628	0.32000	0.01254	0.05945	0.02993	0.01260	0.03185	0.09767	0.20765	0.01275	0.01288	0.00906	0.00533	0.00467	0.00151	0.00590	0.00417	0.00357	0.00767
5	0.01260	0.01176	0.03646	0.05245	0.65626	0.01140	0.03043	0.01557	0.01162	0.05772	0.01199	0.01446	0.04442	0.00500	0.00507	0.00153	0.00586	0.00484	0.00279	0.00776
6	0.00842	0.00535	0.00685	0.00681	0.00813	0.00485	0.00509	0.01014	0.01237	0.10084	0.31592	0.26310	0.16343	0.01211	0.00607	0.00179	0.00292	0.05571	0.00519	0.00491
7	0.00748	0.00669	0.04973	0.01003	0.08808	0.00571	0.00698	0.00909	0.01029	0.01379	0.04198	0.43066	0.07200	0.07919	0.00785	0.00222	0.00392	0.14536	0.00422	0.00472
8	0.01435	0.01366	0.07417	0.02045	0.36115	0.04345	0.03935	0.22959	0.03234	0.04159	0.01295	0.01442	0.05130	0.00564	0.00532	0.00155	0.02262	0.00485	0.00348	0.00777
9	0.01729	0.01550	0.01485	0.03316	0.08059	0.19020	0.00991	0.41784	0.07941	0.02398	0.01135	0.01196	0.00851	0.00564	0.00487	0.00144	0.00619	0.00426	0.00411	0.05894
10	0.00685	0.00596	0.04286	0.00677	0.00808	0.00488	0.00531	0.00868	0.01196	0.01612	0.33169	0.24035	0.19762	0.04246	0.00683	0.00190	0.00301	0.04925	0.00486	0.00455
11	0.01510	0.29698	0.01770	0.01011	0.01372	0.10410	0.00864	0.22840	0.17365	0.01950	0.01377	0.01380	0.05206	0.00590	0.00444	0.00139	0.00542	0.00434	0.00377	0.00719
12	0.01234	0.01183	0.02020	0.07805	0.74513	0.01197	0.01543	0.01536	0.01143	0.01630	0.00948	0.01257	0.00793	0.00454	0.00501	0.00151	0.00605	0.00450	0.00249	0.00787
13	0.11953	0.05079	0.04412	0.24885	0.31364	0.02878	0.03962	0.03420	0.04394	0.01651	0.00944	0.01220	0.00748	0.00484	0.00472	0.00156	0.00603	0.00424	0.00266	0.00683
14	0.01560	0.32550	0.04897	0.01242	0.09311	0.07973	0.03649	0.11240	0.05902	0.13578	0.02817	0.01212	0.00931	0.00523	0.00437	0.00136	0.00566	0.00400	0.00349	0.00728
15	0.00735	0.00490	0.00552	0.00552	0.00552	0.00490	0.00306	0.00735	0.00735	0.00980	0.01593	0.03309	0.01838	0.82229	0.02574	0.00490	0.00490	0.00735	0.00306	0.00306
16	0.00628	0.00474	0.00577	0.00651	0.00730	0.00430	0.00457	0.00737	0.01040	0.01335	0.05421	0.49233	0.26568	0.04257	0.00699	0.00205	0.00297	0.05380	0.00466	0.00417
17	0.06557	0.59579	0.04979	0.00938	0.01360	0.06630	0.00900	0.11245	0.01216	0.01527	0.00780	0.00878	0.00670	0.00464	0.00360	0.00120	0.00563	0.00301	0.00262	0.00669
18	0.00739	0.00558	0.00692	0.00685	0.00812	0.00535	0.00517	0.01042	0.07731	0.01807	0.46327	0.14857	0.13750	0.01142	0.00604	0.00174	0.00280	0.06738	0.00523	0.00487
19	0.00616	0.00440	0.00587	0.00704	0.00733	0.00411	0.00469	0.00704	0.00968	0.01291	0.02787	0.81899	0.03344	0.01584	0.00645	0.00205	0.00293	0.01438	0.00469	0.00411
20	0.00959	0.00830	0.01327	0.22170	0.22694	0.00894	0.01145	0.01224	0.01099	0.01471	0.01723	0.09033	0.01754	0.00916	0.00610	0.00192	0.02095	0.28944	0.00341	0.00578
21	0.64534	0.02374	0.02457	0.04011	0.01200	0.05099	0.00679	0.07733	0.04614	0.02216	0.00824	0.00933	0.00633	0.00494	0.00356	0.00155	0.00451	0.00314	0.00328	0.00593
22	0.25206	0.01137	0.04363	0.01240	0.10750	0.05051	0.03735	0.07514	0.09616	0.05153	0.02449	0.01871	0.02190	0.00675	0.00541	0.00169	0.04958	0.10616	0.00368	0.02400
23	0.01486	0.17065	0.11096	0.01224	0.08065	0.06205	0.01022	0.15034	0.10913	0.10410	0.01174	0.01222	0.00887	0.00531	0.00474	0.00139	0.02123	0.00404	0.00364	0.10162
24	0.18179	0.07916	0.06238	0.17974	0.16972	0.03159	0.02578	0.06095	0.02179	0.06810	0.02331	0.01271	0.02264	0.00514	0.00449	0.00151	0.00554	0.00415	0.00307	0.03645
25	0.05175	0.01204	0.04025	0.03929	0.04350	0.06222	0.02128	0.23701	0.05413	0.19068	0.04072	0.01669	0.01179	0.00640	0.00540	0.00155	0.03362	0.05011	0.00447	0.07708
26	0.02491	0.01168	0.08212	0.05330	0.25146	0.02536	0.01087	0.08938	0.14485	0.03630	0.11521	0.04927	0.04809	0.00669	0.00517	0.00158	0.00498	0.00581	0.00384	0.02912

[dist]
# distance from previous block
# <min> <max>
2	60

[block]
# block no. 6 follows, 49 sequences, length 20
# corresponding to MSA columns:
# 506-525
name=unknown_G
#
# <colnr> <probs for GDERKNQSTAVLIFYWHMCP>
#	G	D	E	R	K	N	Q	S	T	A	V	L	I	F	Y	W	H	M	C	P
0	0.01274	0.15071	0.17823	0.01221	0.07551	0.05402	0.02756	0.10820	0.08103	0.05013	0.08794	0.01689	0.04606	0.00614	0.00480	0.00146	0.00547	0.02277	0.00354	0.05456
1	0.05347	0.06765	0.16798	0.01798	0.27891	0.10809	0.02405	0.05325	0.01216	0.04194	0.04192	0.03544	0.03786	0.00569	0.00505	0.00151	0.02180	0.00470	0.00296	0.01759
2	0.03161	0.12423	0.17194	0.01586	0.16966	0.03811	0.07457	0.17556	0.02444	0.06183	0.04163	0.01339	0.02410	0.00539	0.00483	0.00149	0.00606	0.00451	0.00335	0.00744
3	0.03568	0.08668	0.25234	0.01627	0.18415	0.07160	0.05789	0.07339	0.01253	0.05216	0.06399	0.01313	0.01019	0.00519	0.00478	0.00147	0.00626	0.00435	0.00299	0.04495
4	0.01251	0.17396	0.23293	0.04466	0.19891	0.07436	0.05951	0.03845	0.04748	0.01568	0.00937	0.01118	0.00743	0.00473	0.00458	0.00142	0.00649	0.00392	0.00256	0.04985
5	0.10704	0.07275	0.11677	0.01692	0.24586	0.04622	0.03228	0.14918	0.01320	0.05538	0.00992	0.01159	0.00773	0.00590	0.02673	0.00165	0.02321	0.00405	0.00316	0.05045
6	0.03883	0.01317	0.10364	0.01216	0.09084	0.04489	0.00972	0.18468	0.01391	0.08980	0.01052	0.01159	0.00797	0.00502	0.00504	0.00128	0.04394	0.00384	0.00355	0.30559
7	0.10783	0.01136	0.08092	0.02323	0.08573	0.01073	0.00912	0.12267	0.21157	0.12369	0.07590	0.05637	0.02935	0.00696	0.00504	0.00164	0.00459	0.02157	0.00449	0.00723
8	0.00878	0.00439	0.00659	0.00659	0.00659	0.00439	0.00439	0.00659	0.00659	0.00878	0.00878	0.01537	0.00878	0.01757	0.01976	0.85288	0.00439	0.00439	0.00220	0.00220
9	0.08256	0.09890	0.01607	0.01261	0.06124	0.18965	0.02455	0.37120	0.03612	0.02277	0.01012	0.01094	0.00774	0.00556	0.00495	0.00146	0.02842	0.00399	0.00379	0.00737
10	0.00883	0.00554	0.00705	0.00652	0.00809	0.00498	0.00494	0.01089	0.01361	0.11488	0.52621	0.08071	0.16722	0.01055	0.00588	0.00163	0.00268	0.00919	0.00546	0.00513
11	0.00623	0.00443	0.00585	0.00696	0.00723	0.00415	0.00460	0.00706	0.00955	0.01274	0.02720	0.77507	0.03260	0.06091	0.00753	0.00221	0.00304	0.01398	0.00460	0.00405
12	0.00983	0.00934	0.01599	0.73079	0.08829	0.01134	0.03720	0.01320	0.01027	0.01328	0.00906	0.01342	0.00686	0.00499	0.00508	0.00167	0.00674	0.00454	0.00227	0.00582
13	0.01380	0.64364	0.12452	0.00962	0.01425	0.05480	0.00994	0.01597	0.01073	0.05187	0.00798	0.00895	0.00678	0.00453	0.00360	0.00118	0.00579	0.00298	0.00239	0.00669
14	0.01379	0.78453	0.02588	0.00888	0.01311	0.05983	0.00871	0.01540	0.01048	0.01192	0.00707	0.00816	0.00649	0.00437	0.00331	0.00109	0.00560	0.00273	0.00219	0.00646
15	0.00735	0.00493	0.00565	0.00565	0.00570	0.00498	0.00324	0.00744	0.00739	0.00991	0.01581	0.03239	0.01808	0.78067	0.06694	0.00507	0.00536	0.00725	0.00305	0.00314
16	0.00766	0.00550	0.00755	0.00854	0.00958	0.00539	0.00714	0.00971	0.01154	0.01516	0.09477	0.18536	0.05337	0.01394	0.00677	0.00220	0.00410	0.54242	0.00474	0.00456
17	0.00907	0.00700	0.00873	0.00909	0.01071	0.00728	0.00748	0.01419	0.20146	0.01667	0.06121	0.12895	0.02625	0.01185	0.00630	0.00205	0.00416	0.42405	0.00476	0.03873
18	0.63055	0.06439	0.05646	0.00863	0.03419	0.06805	0.00725	0.05076	0.01003	0.02112	0.00753	0.00873	0.00589	0.00477	0.00348	0.00151	0.00472	0.00297	0.00304	0.00591
19	0.05917	0.00954	0.01265	0.01204	0.11900	0.00913	0.00848	0.06047	0.10182	0.47552	0.04748	0.01672	0.01296	0.00611	0.00499	0.00155	0.00446	0.00505	0.00530	0.02754

[dist]
# distance from previous block
# <min> <max>
0	2

[block]
# block no. 7 follows, 49 sequences, length 10
# corresponding to MSA columns:
# 528-537
name=unknown_H
#
# <colnr> <probs for GDERKNQSTAVLIFYWHMCP>
#	G	D	E	R	K	N	Q	S	T	A	V	L	I	F	Y	W	H	M	C	P
0	0.00838	0.00688	0.00909	0.01126	0.11266	0.03982	0.00769	0.01023	0.01122	0.01466	0.06347	0.30172	0.05984	0.01274	0.00635	0.00202	0.00425	0.30843	0.00434	0.00496
1	0.01257	0.01164	0.01909	0.06271	0.65413	0.01183	0.01439	0.07162	0.01253	0.01772	0.05470	0.01399	0.01029	0.00498	0.00507	0.00152	0.00580	0.00478	0.00286	0.00776
2	0.12501	0.60722	0.02248	0.00901	0.01260	0.01825	0.00856	0.01470	0.00971	0.01336	0.00698	0.00852	0.00638	0.00499	0.00503	0.00130	0.11443	0.00294	0.00230	0.00623
3	0.00878	0.00439	0.00659	0.00659	0.00659	0.00439	0.00439	0.00659	0.00659	0.00878	0.00878	0.01537	0.00878	0.01757	0.01976	0.85288	0.00439	0.00439	0.00220	0.00220
4	0.01403	0.74952	0.02535	0.00907	0.01323	0.09400	0.00876	0.01562	0.01066	0.01194	0.00710	0.00821	0.00649	0.00441	0.00337	0.00110	0.00576	0.00276	0.00220	0.00643
5	0.01191	0.01372	0.12526	0.09696	0.59365	0.01194	0.04220	0.01538	0.01129	0.01612	0.00943	0.01239	0.00767	0.00459	0.00502	0.00154	0.00636	0.00445	0.00243	0.00769
6	0.01234	0.11996	0.40362	0.01445	0.06708	0.04063	0.08008	0.06030	0.03487	0.05068	0.01002	0.01154	0.00749	0.00508	0.00517	0.00154	0.03750	0.00405	0.02637	0.00725
7	0.05880	0.34750	0.06791	0.00990	0.01397	0.04986	0.00912	0.24710	0.04959	0.01946	0.01139	0.02650	0.03615	0.00556	0.00420	0.00134	0.00541	0.00401	0.00341	0.02882
8	0.07828	0.25028	0.23261	0.01055	0.01521	0.04157	0.01093	0.10517	0.06601	0.04090	0.04002	0.01348	0.02546	0.00556	0.00437	0.00143	0.00565	0.02132	0.00317	0.02803
9	0.08690	0.27195	0.17284	0.02350	0.03780	0.05762	0.03167	0.07542	0.02750	0.03520	0.04987	0.01379	0.03153	0.00552	0.00433	0.00140	0.00566	0.02331	0.00302	0.04118

[dist]
# distance from previous block
# <min> <max>
0	28

# created by:
# /home/cegg/simao/soft/augustus-3.2.1/scripts/msa2prfl.pl ./align_prep/EOG091G0LBN.fa
