[name]
unknown

[dist]
# distance from previous block
# <min> <max>
0	23

[block]
# block no. 0 follows, 49 sequences, length 28
# corresponding to MSA columns:
# 35-62
name=unknown_A
#
# <colnr> <probs for GDERKNQSTAVLIFYWHMCP>
#	G	D	E	R	K	N	Q	S	T	A	V	L	I	F	Y	W	H	M	C	P
0	0.00849	0.00715	0.07256	0.00796	0.00957	0.00568	0.00664	0.01028	0.01106	0.08263	0.09748	0.33059	0.13457	0.04125	0.00709	0.00203	0.02210	0.13335	0.00458	0.00495
1	0.01243	0.21325	0.40642	0.01241	0.01795	0.09529	0.03100	0.06602	0.03578	0.01604	0.04201	0.01147	0.00864	0.00510	0.00451	0.00145	0.00673	0.00384	0.00263	0.00703
2	0.03116	0.03968	0.01662	0.01355	0.07897	0.03419	0.18269	0.08613	0.06050	0.21738	0.03875	0.05596	0.01211	0.00594	0.00510	0.00152	0.00544	0.00546	0.02972	0.07915
3	0.00714	0.00488	0.00606	0.00655	0.00729	0.00449	0.00449	0.00816	0.01026	0.04628	0.09333	0.44859	0.15954	0.14085	0.00931	0.00239	0.00323	0.02835	0.00458	0.00423
4	0.03226	0.01447	0.01547	0.01256	0.01571	0.21328	0.12009	0.18574	0.06547	0.12356	0.01262	0.04258	0.00991	0.00820	0.05684	0.00199	0.05349	0.00495	0.00387	0.00694
5	0.01533	0.01322	0.01624	0.05415	0.04067	0.12253	0.14734	0.15148	0.19391	0.11626	0.01431	0.04374	0.01096	0.00617	0.00556	0.00162	0.02975	0.00532	0.00412	0.00733
6	0.11336	0.00909	0.01135	0.00893	0.01267	0.00854	0.00733	0.04739	0.07581	0.62343	0.01834	0.01620	0.01186	0.00613	0.00487	0.00158	0.00428	0.00486	0.00579	0.00821
7	0.00611	0.00461	0.00565	0.00648	0.00719	0.00415	0.00444	0.00710	0.01022	0.01313	0.03471	0.59332	0.25470	0.01495	0.00631	0.00195	0.00282	0.01329	0.00469	0.00415
8	0.05271	0.01502	0.01466	0.06168	0.17720	0.24338	0.01044	0.16211	0.09946	0.05401	0.01201	0.05338	0.00982	0.00597	0.00490	0.00151	0.00633	0.00473	0.00361	0.00707
9	0.03066	0.00947	0.01210	0.01029	0.04034	0.00935	0.02189	0.15264	0.08227	0.41380	0.01844	0.10730	0.01401	0.00729	0.00541	0.00163	0.02050	0.00604	0.02880	0.00777
10	0.00737	0.00590	0.00670	0.00665	0.00813	0.00569	0.00492	0.01093	0.13468	0.01640	0.23090	0.19631	0.32289	0.01184	0.00594	0.00175	0.00282	0.01024	0.00499	0.00496
11	0.01172	0.01215	0.02343	0.16350	0.31929	0.01227	0.33552	0.01528	0.01137	0.01567	0.00967	0.01313	0.00762	0.00458	0.00565	0.00163	0.02288	0.00512	0.00248	0.00704
12	0.01425	0.01129	0.04083	0.01287	0.11375	0.06885	0.04294	0.09808	0.16509	0.16258	0.17868	0.02054	0.01898	0.00693	0.00530	0.00159	0.00486	0.02073	0.00467	0.00720
13	0.00616	0.00440	0.00587	0.00704	0.00733	0.00411	0.00469	0.00704	0.00968	0.01291	0.02787	0.81899	0.03344	0.01584	0.00645	0.00205	0.00293	0.01438	0.00469	0.00411
14	0.00955	0.00899	0.01517	0.81013	0.03483	0.01123	0.01404	0.01292	0.01011	0.01292	0.00899	0.01348	0.00674	0.00506	0.00506	0.00169	0.00674	0.00449	0.00225	0.00562
15	0.01831	0.01295	0.01365	0.01071	0.01440	0.04682	0.00875	0.55722	0.04499	0.12000	0.01534	0.01498	0.04919	0.00642	0.00502	0.00152	0.00522	0.00492	0.04152	0.00808
16	0.01812	0.01564	0.01557	0.01235	0.01609	0.15801	0.05546	0.52367	0.09002	0.02641	0.01201	0.01229	0.00878	0.00588	0.00503	0.00151	0.00625	0.00451	0.00447	0.00794
17	0.00716	0.00517	0.00676	0.00636	0.00755	0.00477	0.00477	0.00954	0.01431	0.02028	0.78808	0.03777	0.04771	0.01034	0.00596	0.00159	0.00239	0.00914	0.00557	0.00477
18	0.29302	0.01170	0.01144	0.08529	0.01471	0.05998	0.00814	0.20788	0.16886	0.05108	0.01231	0.03396	0.00946	0.00590	0.00445	0.00159	0.00491	0.00439	0.00406	0.00688
19	0.01210	0.01360	0.08183	0.20032	0.08070	0.07731	0.23206	0.07233	0.04474	0.01626	0.03182	0.03141	0.00929	0.00560	0.00619	0.00167	0.06819	0.00516	0.00285	0.00657
20	0.00785	0.00545	0.00676	0.00645	0.00770	0.00516	0.00476	0.01050	0.05230	0.04002	0.52877	0.09226	0.09297	0.05929	0.00698	0.00181	0.00272	0.00898	0.05440	0.00485
21	0.00806	0.00548	0.00618	0.00596	0.00624	0.00560	0.00356	0.05359	0.00837	0.01119	0.01563	0.03142	0.01762	0.74891	0.04844	0.00480	0.00521	0.00713	0.00317	0.00344
22	0.01228	0.18635	0.34396	0.03103	0.03870	0.10666	0.03631	0.03073	0.07547	0.01510	0.00962	0.01121	0.00754	0.00624	0.03256	0.00172	0.04119	0.00384	0.00255	0.00691
23	0.04277	0.02910	0.01226	0.01060	0.03584	0.01145	0.03521	0.17781	0.23277	0.04178	0.01630	0.11778	0.01416	0.03800	0.00695	0.00181	0.08360	0.00619	0.07887	0.00677
24	0.00674	0.00492	0.00641	0.00723	0.00783	0.00474	0.00505	0.00862	0.05076	0.01455	0.14016	0.62250	0.03440	0.01446	0.00634	0.00198	0.00300	0.05103	0.00485	0.00444
25	0.17073	0.01000	0.01247	0.03285	0.17400	0.01033	0.00872	0.14038	0.04154	0.20767	0.01517	0.01637	0.05049	0.05507	0.00595	0.00175	0.00473	0.00487	0.02978	0.00713
26	0.01473	0.34687	0.12323	0.01229	0.06193	0.21953	0.01077	0.07362	0.05098	0.01480	0.00870	0.00987	0.00718	0.00497	0.00438	0.00132	0.02199	0.00341	0.00266	0.00676
27	0.81422	0.01001	0.00784	0.00691	0.01009	0.01157	0.00569	0.05448	0.00940	0.02317	0.00731	0.00842	0.00564	0.00477	0.00323	0.00156	0.00400	0.00283	0.00323	0.00564

[dist]
# distance from previous block
# <min> <max>
0	24

[block]
# block no. 1 follows, 49 sequences, length 31
# corresponding to MSA columns:
# 90,93-118,121-124
name=unknown_B
#
# <colnr> <probs for GDERKNQSTAVLIFYWHMCP>
#	G	D	E	R	K	N	Q	S	T	A	V	L	I	F	Y	W	H	M	C	P
0	0.01084	0.18363	0.46093	0.12528	0.04610	0.01306	0.01518	0.01520	0.01053	0.01479	0.00866	0.01060	0.00658	0.00467	0.00447	0.00146	0.00669	0.00362	0.00222	0.05549
1	0.01326	0.03982	0.08381	0.04497	0.33221	0.06992	0.03928	0.09451	0.12658	0.03757	0.01391	0.01520	0.05517	0.00563	0.00502	0.00154	0.00587	0.00491	0.00334	0.00749
2	0.03900	0.05693	0.01729	0.02055	0.40314	0.03468	0.03722	0.09119	0.03507	0.09755	0.08588	0.01623	0.01285	0.00571	0.00503	0.00152	0.00543	0.02368	0.00356	0.00747
3	0.00740	0.00525	0.00680	0.00658	0.00691	0.00527	0.03554	0.00784	0.00788	0.01060	0.01684	0.12051	0.01914	0.62665	0.09188	0.00473	0.00560	0.00792	0.00320	0.00347
4	0.00734	0.00513	0.00640	0.02382	0.00829	0.00467	0.00499	0.00871	0.01116	0.05884	0.11802	0.38806	0.26724	0.01341	0.00617	0.00187	0.00301	0.05348	0.00483	0.00455
5	0.01417	0.01059	0.01278	0.04960	0.03080	0.05689	0.06097	0.24346	0.05505	0.12031	0.06228	0.15193	0.04840	0.04020	0.00640	0.00179	0.01614	0.00697	0.00454	0.00671
6	0.01135	0.07633	0.50636	0.01624	0.09108	0.02254	0.11888	0.01610	0.01094	0.03879	0.00935	0.01126	0.00692	0.00488	0.00533	0.00159	0.03830	0.00410	0.00236	0.00731
7	0.00654	0.00464	0.00579	0.00645	0.00684	0.00438	0.00421	0.00734	0.00956	0.01272	0.08620	0.49695	0.08344	0.22727	0.01145	0.00274	0.00338	0.01186	0.00433	0.00390
8	0.01163	0.01427	0.08843	0.06469	0.02611	0.01271	0.64569	0.01587	0.01160	0.01587	0.00995	0.01331	0.00749	0.00450	0.00618	0.00171	0.03509	0.00566	0.00250	0.00676
9	0.01161	0.16825	0.39168	0.01652	0.15052	0.03671	0.08586	0.01611	0.03363	0.01548	0.02292	0.01147	0.00781	0.00479	0.00468	0.00149	0.00680	0.00403	0.00240	0.00724
10	0.01307	0.05942	0.01323	0.03211	0.01365	0.22420	0.06121	0.11448	0.03566	0.03515	0.01607	0.28932	0.01656	0.00910	0.00588	0.00167	0.04200	0.00762	0.00376	0.00583
11	0.00629	0.00450	0.00586	0.00685	0.00720	0.00424	0.00456	0.00713	0.00951	0.01263	0.02741	0.69632	0.06298	0.08793	0.02887	0.00245	0.00337	0.01336	0.00450	0.00403
12	0.10036	0.01138	0.01289	0.01082	0.01339	0.09562	0.08752	0.10026	0.16373	0.09080	0.04391	0.08445	0.01390	0.07401	0.00771	0.00194	0.07092	0.00588	0.00406	0.00645
13	0.07655	0.03197	0.05636	0.01082	0.03932	0.11271	0.00875	0.15577	0.10626	0.21545	0.02666	0.06132	0.04116	0.00678	0.00524	0.00158	0.02623	0.00529	0.00450	0.00727
14	0.00807	0.00577	0.00716	0.00662	0.00811	0.00540	0.00506	0.05243	0.01439	0.03902	0.60255	0.03784	0.14927	0.01044	0.00592	0.00162	0.00269	0.02723	0.00541	0.00501
15	0.08216	0.01935	0.01423	0.03599	0.01573	0.50520	0.03826	0.11482	0.03362	0.01606	0.00997	0.01123	0.02990	0.00569	0.00524	0.00144	0.04801	0.00386	0.00305	0.00620
16	0.02748	0.03843	0.05971	0.13388	0.06630	0.04713	0.07260	0.17750	0.07656	0.10418	0.04869	0.03705	0.06354	0.00649	0.00531	0.00160	0.01714	0.00547	0.00395	0.00700
17	0.04666	0.25336	0.01849	0.05861	0.01592	0.28296	0.06799	0.05959	0.01235	0.01412	0.01040	0.01194	0.05051	0.00562	0.00534	0.00141	0.07196	0.00394	0.00270	0.00613
18	0.00664	0.00472	0.00598	0.00660	0.00705	0.00450	0.00443	0.00757	0.00974	0.01305	0.10882	0.45458	0.07278	0.20696	0.03805	0.00287	0.00373	0.03361	0.00433	0.00397
19	0.06526	0.01223	0.01456	0.35862	0.12372	0.13505	0.01169	0.09597	0.05576	0.01681	0.05437	0.01390	0.00982	0.00550	0.00491	0.00157	0.00631	0.00453	0.00304	0.00636
20	0.01174	0.40462	0.43164	0.01168	0.01767	0.01566	0.01393	0.01560	0.01049	0.01406	0.00811	0.00946	0.00645	0.00458	0.00407	0.00136	0.00650	0.00325	0.00215	0.00701
21	0.00671	0.00477	0.00618	0.00657	0.00719	0.00448	0.00451	0.00808	0.01123	0.01545	0.33019	0.40515	0.03720	0.11788	0.00875	0.00224	0.00297	0.01138	0.00483	0.00424
22	0.01024	0.02549	0.75550	0.01478	0.02213	0.01180	0.05860	0.01602	0.01074	0.01602	0.00914	0.01083	0.00647	0.00478	0.00487	0.00161	0.00753	0.00385	0.00216	0.00744
23	0.06813	0.01280	0.04848	0.13995	0.22029	0.05145	0.19137	0.04162	0.12359	0.01715	0.01096	0.01328	0.00850	0.00509	0.00538	0.00162	0.02552	0.00482	0.00297	0.00703
24	0.03642	0.00726	0.00871	0.00792	0.01003	0.00710	0.00605	0.10900	0.04951	0.20742	0.02542	0.29650	0.12853	0.01150	0.03270	0.00196	0.00397	0.00896	0.03496	0.00605
25	0.01152	0.00786	0.00893	0.00767	0.00997	0.00789	0.00603	0.19101	0.05965	0.08761	0.28340	0.03006	0.19424	0.00904	0.00547	0.00158	0.00343	0.00757	0.06101	0.00607
26	0.11136	0.01666	0.01222	0.01086	0.01365	0.38385	0.00843	0.11270	0.11474	0.02973	0.01173	0.01413	0.00960	0.00598	0.00460	0.00145	0.00654	0.04695	0.05097	0.03385
27	0.12538	0.04085	0.01223	0.00998	0.01270	0.10593	0.00793	0.29465	0.03460	0.06601	0.01446	0.18168	0.01340	0.00796	0.00559	0.00164	0.04787	0.00622	0.00426	0.00667
28	0.00676	0.00504	0.00668	0.00720	0.00780	0.00496	0.00514	0.00813	0.01100	0.01503	0.23959	0.50728	0.06037	0.01377	0.00686	0.00193	0.04573	0.03753	0.00480	0.00439
29	0.19116	0.04258	0.01312	0.05613	0.01453	0.09275	0.05701	0.04509	0.17301	0.03461	0.01243	0.01348	0.03521	0.00589	0.00576	0.00155	0.09429	0.00433	0.00345	0.10362
30	0.01292	0.00971	0.01338	0.11416	0.09823	0.00917	0.04951	0.11263	0.01313	0.12169	0.05148	0.01649	0.06786	0.00564	0.00479	0.00132	0.00478	0.00485	0.00377	0.28447

[dist]
# distance from previous block
# <min> <max>
3	23

[block]
# block no. 2 follows, 49 sequences, length 22
# corresponding to MSA columns:
# 148-169
name=unknown_C
#
# <colnr> <probs for GDERKNQSTAVLIFYWHMCP>
#	G	D	E	R	K	N	Q	S	T	A	V	L	I	F	Y	W	H	M	C	P
0	0.01080	0.00813	0.00972	0.00989	0.01099	0.00773	0.00696	0.05186	0.01243	0.01711	0.02728	0.58616	0.05881	0.01540	0.00819	0.00248	0.06508	0.02678	0.00538	0.05882
1	0.54995	0.01243	0.01138	0.01023	0.01300	0.05715	0.00795	0.01712	0.01122	0.07616	0.01158	0.01445	0.00970	0.00987	0.06634	0.00268	0.10293	0.00440	0.00421	0.00724
2	0.01995	0.02143	0.01637	0.01430	0.01735	0.50459	0.02835	0.11689	0.01635	0.01836	0.01160	0.01420	0.00987	0.00741	0.00671	0.00191	0.06413	0.00458	0.00399	0.10166
3	0.01700	0.01254	0.01368	0.01197	0.01500	0.01317	0.00914	0.22305	0.34524	0.08339	0.06383	0.07001	0.01862	0.01142	0.06132	0.00266	0.00601	0.00697	0.00597	0.00903
4	0.33601	0.01307	0.01386	0.01162	0.01528	0.01361	0.05004	0.18963	0.13529	0.13730	0.01547	0.01668	0.01185	0.00758	0.00570	0.00214	0.00567	0.00518	0.00532	0.00868
5	0.01137	0.00853	0.01148	0.01090	0.01203	0.00852	0.05977	0.01182	0.01120	0.04523	0.02167	0.33874	0.02320	0.11412	0.18215	0.00419	0.09060	0.01002	0.01822	0.00625
6	0.00615	0.00445	0.00581	0.00690	0.00730	0.00412	0.00463	0.00706	0.00982	0.01296	0.02962	0.76115	0.09015	0.01561	0.00642	0.00203	0.00291	0.01410	0.00469	0.00412
7	0.12671	0.01222	0.01157	0.00950	0.01263	0.10430	0.00764	0.35242	0.01727	0.08403	0.07288	0.01667	0.06517	0.00657	0.00475	0.00149	0.00495	0.00498	0.07727	0.00695
8	0.00877	0.00962	0.06931	0.01287	0.01563	0.00825	0.28856	0.01137	0.01075	0.01444	0.02152	0.31156	0.09987	0.01101	0.03319	0.00208	0.02430	0.03790	0.00361	0.00542
9	0.01231	0.53819	0.30301	0.01072	0.01618	0.01704	0.01226	0.01546	0.01042	0.01338	0.00776	0.00903	0.00646	0.00450	0.00381	0.00127	0.00615	0.00307	0.00215	0.00684
10	0.01135	0.00929	0.01037	0.00822	0.01182	0.00864	0.00651	0.07083	0.21087	0.01879	0.01425	0.01487	0.03449	0.00596	0.02260	0.00129	0.00402	0.00425	0.07378	0.45780
11	0.01249	0.03702	0.01045	0.00878	0.01111	0.08286	0.00684	0.06493	0.21621	0.11408	0.30636	0.06461	0.02653	0.00826	0.00539	0.00159	0.00400	0.00696	0.00507	0.00645
12	0.01070	0.01057	0.01826	0.01416	0.01759	0.01046	0.34198	0.01657	0.20426	0.01668	0.01760	0.13711	0.05591	0.00780	0.02128	0.00182	0.01962	0.00717	0.00367	0.06679
13	0.01310	0.58386	0.20516	0.01030	0.01524	0.07182	0.01107	0.01569	0.01065	0.01289	0.00756	0.00878	0.00647	0.00450	0.00370	0.00122	0.00614	0.00298	0.00219	0.00668
14	0.01172	0.01054	0.01779	0.36684	0.42664	0.01146	0.01449	0.01483	0.01105	0.05223	0.00979	0.01316	0.00768	0.00483	0.00503	0.00158	0.00624	0.00453	0.00257	0.00700
15	0.01276	0.01200	0.01879	0.01555	0.06447	0.01282	0.27041	0.11374	0.28213	0.01945	0.01462	0.05361	0.01168	0.00631	0.00633	0.00173	0.06655	0.00590	0.00385	0.00730
16	0.06376	0.01150	0.01165	0.00905	0.01298	0.12068	0.00725	0.08300	0.01330	0.25762	0.01237	0.01238	0.00889	0.00498	0.00435	0.00119	0.00484	0.00380	0.00413	0.35227
17	0.00700	0.00536	0.00653	0.00723	0.00813	0.00522	0.00516	0.00958	0.09840	0.01414	0.03106	0.53978	0.16366	0.01415	0.00626	0.00197	0.00311	0.06388	0.00474	0.00462
18	0.00771	0.00583	0.00808	0.00786	0.00894	0.00650	0.00596	0.00999	0.05155	0.01225	0.01403	0.02112	0.01331	0.14047	0.61208	0.00696	0.01134	0.00557	0.00291	0.04754
19	0.07945	0.01232	0.05075	0.05883	0.01569	0.02904	0.04758	0.27954	0.18417	0.02273	0.01381	0.06861	0.01114	0.00632	0.00490	0.00154	0.00510	0.00518	0.00419	0.09912
20	0.01236	0.08842	0.06698	0.01842	0.05182	0.01364	0.49768	0.05296	0.07000	0.01671	0.01052	0.01311	0.00808	0.00484	0.00610	0.00165	0.05163	0.00532	0.00279	0.00697
21	0.00870	0.00513	0.00679	0.00728	0.00824	0.00468	0.00517	0.00984	0.01066	0.12950	0.04497	0.61617	0.07148	0.01407	0.00623	0.00196	0.00316	0.03620	0.00495	0.00482

[dist]
# distance from previous block
# <min> <max>
0	1

[block]
# block no. 3 follows, 49 sequences, length 9
# corresponding to MSA columns:
# 171-179
name=unknown_D
#
# <colnr> <probs for GDERKNQSTAVLIFYWHMCP>
#	G	D	E	R	K	N	Q	S	T	A	V	L	I	F	Y	W	H	M	C	P
0	0.01348	0.04015	0.08199	0.01638	0.06192	0.22591	0.29223	0.01722	0.06217	0.01510	0.01041	0.03952	0.00858	0.00530	0.00564	0.00154	0.04079	0.00492	0.00277	0.05397
1	0.08067	0.01160	0.01261	0.01023	0.01374	0.01265	0.00829	0.34375	0.24111	0.15837	0.04317	0.01558	0.01242	0.00638	0.00498	0.00159	0.00466	0.00501	0.00516	0.00806
2	0.00761	0.00599	0.00887	0.00865	0.00946	0.00725	0.00680	0.00935	0.00809	0.01178	0.01284	0.01897	0.01203	0.03497	0.72240	0.00753	0.09480	0.00532	0.00266	0.00462
3	0.01184	0.01295	0.09578	0.14564	0.60257	0.01187	0.01561	0.01518	0.01122	0.01593	0.00939	0.01248	0.00766	0.00462	0.00499	0.00154	0.00626	0.00443	0.00243	0.00760
4	0.00878	0.00439	0.00659	0.00659	0.00659	0.00439	0.00439	0.00659	0.00659	0.00878	0.00878	0.01537	0.00878	0.01757	0.01976	0.85288	0.00439	0.00439	0.00220	0.00220
5	0.01364	0.01102	0.01117	0.00985	0.01233	0.08825	0.00767	0.14199	0.30473	0.08032	0.01803	0.06366	0.03547	0.05454	0.06667	0.00232	0.02673	0.02001	0.02471	0.00688
6	0.01455	0.41348	0.08058	0.01156	0.01571	0.18976	0.08456	0.05961	0.06004	0.01443	0.00880	0.00996	0.00728	0.00481	0.00414	0.00129	0.00661	0.00351	0.00264	0.00667
7	0.01251	0.01237	0.01936	0.14118	0.63229	0.06331	0.01493	0.01545	0.01150	0.01574	0.00933	0.01243	0.00773	0.00463	0.00498	0.00152	0.00631	0.00442	0.00247	0.00753
8	0.00851	0.00571	0.00732	0.00749	0.00875	0.00548	0.00570	0.01117	0.06997	0.07579	0.24000	0.29813	0.08624	0.01237	0.00617	0.00188	0.00323	0.13596	0.00508	0.00503

[dist]
# distance from previous block
# <min> <max>
0	1

[block]
# block no. 4 follows, 49 sequences, length 16
# corresponding to MSA columns:
# 181,183-197
name=unknown_E
#
# <colnr> <probs for GDERKNQSTAVLIFYWHMCP>
#	G	D	E	R	K	N	Q	S	T	A	V	L	I	F	Y	W	H	M	C	P
0	0.01121	0.01081	0.01682	0.16601	0.01912	0.01362	0.11860	0.01441	0.07834	0.03196	0.00933	0.01295	0.00788	0.00797	0.03125	0.00213	0.43416	0.00481	0.00264	0.00600
1	0.01039	0.11873	0.45955	0.01360	0.06375	0.01182	0.03999	0.03120	0.01050	0.01503	0.00986	0.01258	0.00790	0.02273	0.14818	0.00275	0.00818	0.00410	0.00236	0.00679
2	0.00869	0.00885	0.06136	0.01046	0.01177	0.00946	0.05598	0.01052	0.00878	0.01258	0.01530	0.06665	0.08117	0.05404	0.31403	0.00446	0.25191	0.00613	0.00282	0.00505
3	0.08026	0.01148	0.01284	0.01001	0.01375	0.01207	0.00824	0.42464	0.03398	0.26843	0.01464	0.01397	0.00999	0.00603	0.00484	0.00152	0.00483	0.00462	0.05571	0.00813
4	0.13604	0.06054	0.01295	0.00992	0.01314	0.12688	0.03614	0.21214	0.05633	0.13812	0.01611	0.03770	0.07961	0.03575	0.00551	0.00164	0.00531	0.00510	0.00423	0.00683
5	0.00754	0.00601	0.00845	0.02086	0.00948	0.00635	0.03544	0.00896	0.01002	0.02474	0.08751	0.33189	0.13107	0.04679	0.12359	0.00296	0.09459	0.03514	0.00404	0.00457
6	0.01932	0.00866	0.01116	0.00899	0.01230	0.00808	0.00728	0.07290	0.07755	0.55914	0.01955	0.02097	0.01408	0.07995	0.00706	0.00192	0.00444	0.05316	0.00570	0.00781
7	0.08926	0.00969	0.01231	0.01027	0.01267	0.01060	0.05888	0.19558	0.03190	0.12148	0.07137	0.06786	0.01555	0.05893	0.00815	0.00196	0.11854	0.07310	0.02547	0.00641
8	0.07964	0.01351	0.01514	0.01347	0.08471	0.16938	0.10192	0.11073	0.08402	0.18843	0.03093	0.01383	0.01018	0.00566	0.00516	0.00152	0.02397	0.00462	0.01839	0.02479
9	0.00729	0.00614	0.00687	0.00728	0.00816	0.05448	0.02099	0.00837	0.01026	0.01289	0.02983	0.43919	0.19672	0.09874	0.02488	0.00236	0.00388	0.05311	0.00431	0.00424
10	0.00703	0.00509	0.00640	0.00715	0.00776	0.00488	0.00489	0.05589	0.01060	0.01404	0.02787	0.68908	0.07850	0.04621	0.00708	0.00211	0.00315	0.01325	0.00465	0.00436
11	0.14121	0.01505	0.01461	0.01293	0.06355	0.22564	0.08426	0.19038	0.09852	0.02015	0.01122	0.04167	0.00906	0.00570	0.00472	0.00149	0.00625	0.00449	0.00360	0.04548
12	0.05199	0.01426	0.07061	0.01645	0.02082	0.04868	0.40240	0.16122	0.07617	0.01947	0.01146	0.03460	0.00890	0.00538	0.00583	0.00167	0.03428	0.00544	0.00329	0.00708
13	0.01652	0.01986	0.01583	0.08508	0.01810	0.54737	0.08984	0.05234	0.01360	0.01367	0.00859	0.01068	0.00703	0.00676	0.04161	0.00173	0.03887	0.00385	0.00267	0.00599
14	0.01542	0.01188	0.01396	0.01101	0.01447	0.04704	0.08169	0.39138	0.04456	0.07517	0.01734	0.08540	0.08102	0.00719	0.00521	0.00154	0.00519	0.00601	0.02430	0.06022
15	0.00654	0.00456	0.00589	0.00665	0.00708	0.00426	0.00446	0.00721	0.00967	0.01281	0.07567	0.56104	0.09942	0.08335	0.00920	0.07852	0.00316	0.01222	0.00439	0.00390

[dist]
# distance from previous block
# <min> <max>
0	6

[block]
# block no. 5 follows, 49 sequences, length 6
# corresponding to MSA columns:
# 205-210
name=unknown_F
#
# <colnr> <probs for GDERKNQSTAVLIFYWHMCP>
#	G	D	E	R	K	N	Q	S	T	A	V	L	I	F	Y	W	H	M	C	P
0	0.01369	0.01212	0.01854	0.14938	0.43464	0.07085	0.07056	0.01700	0.03927	0.10830	0.01099	0.01328	0.00847	0.00492	0.00507	0.00155	0.00627	0.00463	0.00301	0.00745
1	0.01028	0.01000	0.01772	0.59906	0.14756	0.01154	0.10449	0.01370	0.01054	0.01385	0.00921	0.01336	0.00704	0.00488	0.00516	0.00166	0.00684	0.00467	0.00232	0.00612
2	0.01731	0.01413	0.01404	0.01138	0.01496	0.08575	0.00917	0.49429	0.23758	0.02707	0.01414	0.01377	0.01035	0.00622	0.00504	0.00155	0.00544	0.00477	0.00486	0.00818
3	0.01233	0.01187	0.10500	0.01052	0.01347	0.07478	0.03223	0.09406	0.04943	0.09623	0.01244	0.01515	0.01009	0.01718	0.29001	0.00386	0.06061	0.00466	0.00335	0.08271
4	0.02916	0.00993	0.01162	0.01243	0.12829	0.10047	0.04667	0.05065	0.09142	0.03328	0.07993	0.13433	0.07325	0.10641	0.03487	0.00228	0.00529	0.04008	0.00389	0.00577
5	0.05655	0.01242	0.01344	0.01120	0.01435	0.10868	0.08678	0.13324	0.31416	0.01992	0.01627	0.01660	0.04920	0.00851	0.06276	0.00203	0.00593	0.00517	0.00412	0.05867

[dist]
# distance from previous block
# <min> <max>
7	12

[block]
# block no. 6 follows, 49 sequences, length 10
# corresponding to MSA columns:
# 223-232
name=unknown_G
#
# <colnr> <probs for GDERKNQSTAVLIFYWHMCP>
#	G	D	E	R	K	N	Q	S	T	A	V	L	I	F	Y	W	H	M	C	P
0	0.03711	0.01252	0.06466	0.01451	0.06577	0.09784	0.26315	0.01426	0.01119	0.03238	0.01269	0.13195	0.01186	0.03710	0.03383	0.00187	0.00659	0.00612	0.00304	0.14154
1	0.01161	0.00991	0.01340	0.01136	0.06260	0.00936	0.10005	0.03990	0.20697	0.04304	0.06394	0.01628	0.01292	0.04518	0.00575	0.00146	0.00457	0.00487	0.00380	0.33301
2	0.06614	0.01226	0.01349	0.01183	0.05652	0.04144	0.03654	0.36159	0.20715	0.02449	0.01683	0.05312	0.06221	0.00689	0.00510	0.00160	0.00502	0.00559	0.00460	0.00758
3	0.10780	0.01216	0.01098	0.00934	0.01221	0.14978	0.00733	0.17798	0.12217	0.13709	0.01618	0.01690	0.05773	0.05094	0.00581	0.00168	0.00507	0.00491	0.08717	0.00675
4	0.01113	0.01016	0.01349	0.01171	0.01262	0.06785	0.05943	0.01250	0.00921	0.06163	0.01195	0.12488	0.01201	0.05203	0.10105	0.00284	0.41105	0.00611	0.00296	0.00540
5	0.01625	0.01727	0.01404	0.06051	0.01608	0.43362	0.05903	0.06626	0.06404	0.07968	0.08108	0.04504	0.01255	0.00626	0.00499	0.00147	0.00714	0.00486	0.00355	0.00628
6	0.00936	0.00759	0.00941	0.00840	0.01032	0.04530	0.05402	0.03633	0.06087	0.04694	0.26063	0.10503	0.12789	0.03238	0.07203	0.00226	0.00464	0.04902	0.00453	0.05304
7	0.01252	0.10801	0.01442	0.00965	0.01351	0.01054	0.06580	0.12651	0.07051	0.04827	0.01217	0.08075	0.01054	0.00567	0.00471	0.00122	0.02188	0.00471	0.00358	0.37500
8	0.01218	0.01092	0.05948	0.00913	0.01363	0.00877	0.03319	0.10415	0.07055	0.04947	0.01072	0.01170	0.00836	0.00444	0.00420	0.00103	0.00439	0.00361	0.00346	0.57663
9	0.01314	0.08390	0.06892	0.01674	0.04241	0.09721	0.39390	0.08062	0.01275	0.03081	0.01131	0.04418	0.02414	0.00537	0.00576	0.00159	0.03645	0.00540	0.00291	0.02248

[dist]
# distance from previous block
# <min> <max>
12	20

[block]
# block no. 7 follows, 49 sequences, length 10
# corresponding to MSA columns:
# 255-260,264-267
name=unknown_H
#
# <colnr> <probs for GDERKNQSTAVLIFYWHMCP>
#	G	D	E	R	K	N	Q	S	T	A	V	L	I	F	Y	W	H	M	C	P
0	0.01316	0.47490	0.09606	0.01000	0.01371	0.14169	0.00949	0.01542	0.03391	0.01277	0.00987	0.09169	0.00951	0.00597	0.00460	0.00134	0.04285	0.00425	0.00258	0.00624
1	0.00828	0.00619	0.00802	0.00868	0.00996	0.00631	0.00715	0.01195	0.11349	0.01608	0.10407	0.16055	0.05346	0.01290	0.00653	0.00211	0.00402	0.45041	0.00482	0.00502
2	0.01581	0.01390	0.01519	0.01401	0.10668	0.11060	0.04923	0.34820	0.16681	0.02333	0.01487	0.01519	0.05248	0.00627	0.00536	0.00156	0.02356	0.00502	0.00426	0.00768
3	0.00647	0.00503	0.00596	0.00609	0.00725	0.00464	0.00443	0.00785	0.01095	0.01415	0.16604	0.17693	0.37550	0.07008	0.11272	0.00281	0.00421	0.01014	0.00447	0.00428
4	0.01284	0.03514	0.11578	0.05332	0.19385	0.04214	0.07254	0.08590	0.26333	0.01866	0.01308	0.01415	0.01004	0.00566	0.00554	0.00162	0.04049	0.00483	0.00352	0.00756
5	0.00850	0.00706	0.00802	0.00872	0.06573	0.06156	0.00584	0.01054	0.03243	0.03790	0.30103	0.21313	0.18193	0.02682	0.00625	0.00176	0.00343	0.00964	0.00472	0.00499
6	0.01220	0.00926	0.01009	0.00861	0.01093	0.03758	0.02489	0.24762	0.07652	0.03867	0.09080	0.06412	0.14234	0.09896	0.02994	0.00213	0.00458	0.00689	0.07779	0.00608
7	0.01073	0.01003	0.01683	0.61056	0.11562	0.01175	0.06960	0.06712	0.01136	0.01489	0.00936	0.01329	0.00708	0.00501	0.00512	0.00165	0.00671	0.00461	0.00250	0.00618
8	0.00993	0.00860	0.01074	0.00819	0.01196	0.00701	0.04804	0.01292	0.06204	0.01648	0.04767	0.07448	0.06676	0.00579	0.00441	0.00107	0.00382	0.00498	0.00347	0.59165
9	0.01026	0.00985	0.00890	0.00843	0.00942	0.19392	0.03299	0.01116	0.00981	0.01181	0.01540	0.13368	0.01664	0.36243	0.06694	0.00346	0.02148	0.02395	0.04520	0.00426

[dist]
# distance from previous block
# <min> <max>
4	12

[block]
# block no. 8 follows, 49 sequences, length 30
# corresponding to MSA columns:
# 282-295,301-316
name=unknown_I
#
# <colnr> <probs for GDERKNQSTAVLIFYWHMCP>
#	G	D	E	R	K	N	Q	S	T	A	V	L	I	F	Y	W	H	M	C	P
0	0.01009	0.01138	0.06823	0.01477	0.03533	0.03191	0.30558	0.01273	0.01055	0.01441	0.03039	0.18825	0.05404	0.03267	0.00846	0.00194	0.15280	0.00758	0.00311	0.00577
1	0.00796	0.00542	0.00658	0.00613	0.00772	0.00480	0.00465	0.00993	0.01335	0.07854	0.47022	0.03997	0.30413	0.01088	0.00590	0.00163	0.00260	0.00936	0.00532	0.00490
2	0.06739	0.01129	0.01126	0.01000	0.01282	0.05308	0.00782	0.09075	0.56042	0.02139	0.04195	0.01770	0.01459	0.00756	0.02823	0.00184	0.00459	0.00537	0.02442	0.00750
3	0.00632	0.00467	0.00591	0.00659	0.00729	0.00426	0.00457	0.00755	0.01087	0.01443	0.17602	0.54107	0.16333	0.01429	0.00628	0.00191	0.00277	0.01276	0.00486	0.00426
4	0.52572	0.01057	0.00981	0.00819	0.01159	0.01178	0.00672	0.16879	0.06206	0.12619	0.01063	0.01087	0.00767	0.00531	0.00390	0.00156	0.00430	0.00360	0.00406	0.00668
5	0.01126	0.01118	0.01822	0.32673	0.27687	0.03523	0.07966	0.01413	0.01044	0.01424	0.00883	0.01264	0.00721	0.00547	0.00709	0.00171	0.14567	0.00458	0.00236	0.00650
6	0.00804	0.00626	0.00740	0.00692	0.00849	0.00621	0.00523	0.01252	0.16248	0.01926	0.51530	0.03558	0.14831	0.02801	0.00625	0.00170	0.00278	0.00866	0.00530	0.00529
7	0.00655	0.00465	0.00616	0.00724	0.00763	0.00442	0.00505	0.00756	0.00976	0.01296	0.02669	0.64248	0.03153	0.08464	0.00818	0.00234	0.00335	0.12017	0.00455	0.00410
8	0.01242	0.01186	0.02001	0.09138	0.62484	0.01212	0.05853	0.03504	0.05299	0.01685	0.01017	0.01299	0.00830	0.00470	0.00507	0.00154	0.00609	0.00466	0.00269	0.00776
9	0.08211	0.00810	0.01052	0.00833	0.01173	0.00728	0.00681	0.02145	0.01391	0.60738	0.12560	0.01945	0.01690	0.00670	0.00502	0.00156	0.00395	0.00546	0.03001	0.00773
10	0.00905	0.00561	0.00676	0.00645	0.00817	0.00491	0.00489	0.01063	0.01229	0.14230	0.19391	0.16422	0.36429	0.01175	0.00594	0.00174	0.00294	0.03397	0.00513	0.00507
11	0.00657	0.00502	0.00602	0.00603	0.00726	0.00448	0.00443	0.00831	0.01254	0.01668	0.39765	0.17188	0.31053	0.01214	0.00605	0.00171	0.00254	0.01056	0.00511	0.00448
12	0.01155	0.00651	0.00825	0.00733	0.00939	0.00599	0.00575	0.05536	0.01402	0.21382	0.35177	0.08401	0.14581	0.00999	0.00578	0.00167	0.00323	0.04848	0.00548	0.00582
13	0.00731	0.00498	0.00627	0.00693	0.00738	0.00489	0.00491	0.00830	0.00935	0.01261	0.02241	0.27711	0.02547	0.32413	0.01384	0.00317	0.00411	0.20471	0.04826	0.00388
14	0.01096	0.01042	0.01771	0.44035	0.39361	0.01160	0.01474	0.01415	0.01078	0.01463	0.00924	0.01302	0.00734	0.00479	0.00503	0.00160	0.00639	0.00450	0.00237	0.00675
15	0.60179	0.01148	0.00975	0.03419	0.01220	0.05464	0.00689	0.18131	0.01228	0.02383	0.00826	0.00929	0.00626	0.00503	0.00369	0.00154	0.00464	0.00322	0.00350	0.00619
16	0.00630	0.00457	0.00604	0.00693	0.00743	0.00431	0.00475	0.00739	0.01007	0.01348	0.09016	0.65548	0.08107	0.01662	0.05749	0.00238	0.00355	0.01314	0.00464	0.00420
17	0.00714	0.00508	0.00660	0.00731	0.00799	0.00490	0.00546	0.00851	0.01048	0.01391	0.11580	0.29603	0.06197	0.17292	0.01034	0.00263	0.00379	0.25051	0.00446	0.00416
18	0.00630	0.00520	0.00557	0.00566	0.00727	0.00447	0.00437	0.00778	0.01177	0.01436	0.10919	0.04865	0.64843	0.01273	0.00608	0.00176	0.00277	0.08854	0.00476	0.00435
19	0.01081	0.18318	0.64487	0.01328	0.02014	0.01337	0.01671	0.01584	0.01060	0.01521	0.00867	0.01017	0.00642	0.00471	0.00450	0.00150	0.00707	0.00353	0.00214	0.00728
20	0.00984	0.00755	0.01059	0.26306	0.05819	0.05824	0.00844	0.01001	0.00850	0.01081	0.00895	0.01433	0.00805	0.01262	0.03312	0.46141	0.00576	0.00438	0.00227	0.00389
21	0.00812	0.00628	0.00754	0.00703	0.00859	0.00626	0.00533	0.01275	0.16484	0.01988	0.57390	0.03499	0.10510	0.00987	0.00580	0.00162	0.00272	0.00860	0.00541	0.00536
22	0.00903	0.00708	0.00833	0.00825	0.03367	0.00712	0.00610	0.09435	0.11814	0.01858	0.23779	0.13120	0.21973	0.01080	0.00587	0.00174	0.00335	0.06839	0.00496	0.00551
23	0.00699	0.00516	0.00653	0.00619	0.00745	0.00470	0.00464	0.00922	0.01392	0.01935	0.68487	0.03930	0.15149	0.01068	0.00597	0.00161	0.00241	0.00936	0.00544	0.00470
24	0.01199	0.01148	0.01957	0.16950	0.65640	0.01188	0.01526	0.01506	0.01126	0.01588	0.00942	0.01269	0.00778	0.00460	0.00501	0.00153	0.00614	0.00450	0.00246	0.00758
25	0.68114	0.00953	0.00834	0.00715	0.01044	0.01052	0.00589	0.01693	0.00985	0.18606	0.00977	0.01012	0.00697	0.00503	0.00354	0.00156	0.00399	0.00324	0.00379	0.00614
26	0.00916	0.00623	0.00870	0.00812	0.00899	0.00686	0.02311	0.01034	0.00867	0.08705	0.01525	0.08404	0.01531	0.27258	0.32873	0.00530	0.08712	0.00659	0.00326	0.00458
27	0.13029	0.14018	0.03093	0.01108	0.01399	0.32802	0.00912	0.09757	0.05547	0.01643	0.00954	0.01209	0.00812	0.00590	0.00542	0.00148	0.07723	0.03783	0.00306	0.00626
28	0.01014	0.02616	0.79609	0.01441	0.02189	0.01174	0.01868	0.01601	0.01068	0.01601	0.00907	0.01068	0.00641	0.00480	0.00480	0.00160	0.00747	0.00374	0.00214	0.00747
29	0.01490	0.15931	0.12680	0.01199	0.01613	0.17706	0.05658	0.17620	0.11397	0.01848	0.01060	0.01145	0.00822	0.00532	0.00482	0.00141	0.02249	0.00399	0.00332	0.05696

[dist]
# distance from previous block
# <min> <max>
0	13

[block]
# block no. 9 follows, 49 sequences, length 27
# corresponding to MSA columns:
# 330-333,335-357
name=unknown_J
#
# <colnr> <probs for GDERKNQSTAVLIFYWHMCP>
#	G	D	E	R	K	N	Q	S	T	A	V	L	I	F	Y	W	H	M	C	P
0	0.00826	0.12087	0.00958	0.00745	0.00896	0.04648	0.00569	0.00961	0.01078	0.01383	0.09460	0.41901	0.10969	0.01206	0.00569	0.00174	0.00365	0.05399	0.00421	0.05383
1	0.03552	0.76288	0.06552	0.00890	0.01335	0.01936	0.00908	0.01518	0.01025	0.01239	0.00714	0.00825	0.00646	0.00436	0.00332	0.00112	0.00547	0.00276	0.00219	0.00651
2	0.00674	0.00536	0.00688	0.00715	0.00799	0.00520	0.02401	0.00783	0.01007	0.01300	0.03219	0.40950	0.26046	0.08706	0.00866	0.00222	0.05093	0.04620	0.00435	0.00424
3	0.00959	0.00621	0.00721	0.00709	0.00732	0.07656	0.00478	0.00788	0.00735	0.00919	0.00924	0.01616	0.00931	0.07807	0.01885	0.71094	0.00486	0.00452	0.00230	0.00259
4	0.04410	0.01158	0.01261	0.01045	0.01372	0.01293	0.00841	0.34184	0.31063	0.07858	0.01586	0.01563	0.01174	0.00922	0.07712	0.00220	0.00555	0.00505	0.00490	0.00790
5	0.02376	0.01795	0.40175	0.01649	0.19475	0.01071	0.01454	0.05619	0.01165	0.03782	0.03182	0.08511	0.01064	0.00592	0.00496	0.00156	0.00612	0.00504	0.00288	0.06033
6	0.01922	0.01416	0.01518	0.01163	0.01568	0.01568	0.00961	0.77388	0.02378	0.03187	0.01214	0.01214	0.00860	0.00607	0.00506	0.00152	0.00556	0.00455	0.00506	0.00860
7	0.01183	0.01201	0.01797	0.39794	0.21033	0.09954	0.10969	0.03330	0.01149	0.01473	0.00939	0.01288	0.00733	0.00489	0.00507	0.00159	0.00693	0.00455	0.02215	0.00642
8	0.00819	0.00675	0.00961	0.00907	0.00963	0.00841	0.00708	0.00959	0.00793	0.01160	0.01214	0.01937	0.01189	0.13015	0.50977	0.00626	0.20994	0.00542	0.00263	0.00458
9	0.01195	0.01560	0.23705	0.03771	0.20865	0.01137	0.23589	0.01591	0.01148	0.07223	0.01237	0.01448	0.04411	0.00517	0.00551	0.00162	0.02516	0.00505	0.02149	0.00720
10	0.00758	0.00520	0.00665	0.00625	0.00750	0.00480	0.00470	0.00992	0.01395	0.03417	0.69306	0.03627	0.06637	0.01000	0.00576	0.00156	0.00242	0.00878	0.07024	0.00482
11	0.00741	0.00499	0.00582	0.00591	0.00603	0.00503	0.00358	0.00766	0.00771	0.01029	0.01667	0.03440	0.01898	0.72923	0.05515	0.00483	0.00523	0.06466	0.00317	0.00324
12	0.01103	0.01156	0.02025	0.46336	0.06854	0.05760	0.26557	0.01456	0.01103	0.01416	0.00936	0.01323	0.00710	0.00477	0.00533	0.00166	0.00743	0.00491	0.00238	0.00615
13	0.01224	0.01173	0.02002	0.10405	0.71990	0.01194	0.01538	0.01528	0.01138	0.01618	0.00946	0.01261	0.00789	0.00456	0.00501	0.00152	0.00608	0.00450	0.00248	0.00779
14	0.00686	0.00513	0.00637	0.00619	0.00744	0.00464	0.00463	0.00891	0.01337	0.01827	0.56432	0.08595	0.21098	0.01128	0.00602	0.00166	0.00250	0.02554	0.00530	0.00462
15	0.01335	0.01168	0.01450	0.01201	0.01534	0.01301	0.11528	0.12261	0.57516	0.02185	0.01803	0.01726	0.01346	0.00639	0.00525	0.00169	0.00484	0.00560	0.00477	0.00792
16	0.01230	0.42104	0.29767	0.01268	0.04272	0.03822	0.08151	0.01570	0.01072	0.01390	0.00814	0.00969	0.00662	0.00452	0.00414	0.00134	0.00654	0.00344	0.00221	0.00690
17	0.01318	0.01397	0.01451	0.01271	0.01353	0.21779	0.01024	0.01435	0.00978	0.03772	0.00861	0.05757	0.00835	0.00823	0.01252	0.00195	0.53206	0.00472	0.00259	0.00563
18	0.02042	0.00848	0.01120	0.00879	0.01234	0.00762	0.00719	0.04874	0.04628	0.64656	0.08576	0.01893	0.01555	0.00662	0.00512	0.00156	0.00411	0.00543	0.03119	0.00813
19	0.01266	0.01239	0.01395	0.01358	0.08367	0.11544	0.01012	0.04761	0.22083	0.01612	0.01307	0.01769	0.01146	0.00784	0.00945	0.00188	0.30276	0.07954	0.00345	0.00651
20	0.01815	0.00956	0.01140	0.00923	0.01261	0.00960	0.00746	0.13974	0.19664	0.40405	0.01935	0.01774	0.03185	0.00650	0.00498	0.00156	0.00421	0.00526	0.08211	0.00800
21	0.07079	0.00874	0.01148	0.00890	0.01273	0.00781	0.00734	0.02414	0.03687	0.72663	0.01922	0.01674	0.01220	0.00619	0.00497	0.00157	0.00427	0.00497	0.00604	0.00841
22	0.00821	0.00612	0.00784	0.00841	0.00971	0.00614	0.00689	0.03142	0.07823	0.01614	0.10704	0.17137	0.09869	0.01296	0.00649	0.00208	0.00392	0.40858	0.00481	0.00494
23	0.00646	0.00457	0.00591	0.00681	0.00734	0.00425	0.00469	0.00761	0.01031	0.01398	0.09737	0.64326	0.07735	0.01462	0.00625	0.00196	0.00288	0.03320	0.04697	0.00422
24	0.01179	0.01143	0.01654	0.05657	0.01566	0.01507	0.06939	0.08140	0.00964	0.01430	0.00754	0.01149	0.00690	0.00804	0.01412	0.00208	0.63507	0.00456	0.00250	0.00591
25	0.00730	0.00513	0.00665	0.00665	0.00704	0.00552	0.00448	0.00808	0.00769	0.01064	0.01490	0.02735	0.01589	0.48172	0.36289	0.00630	0.00865	0.00651	0.00291	0.00369
26	0.00995	0.00878	0.01458	0.01191	0.01399	0.00950	0.19818	0.08795	0.01053	0.01469	0.01227	0.01835	0.01116	0.11705	0.36339	0.00497	0.07881	0.00561	0.00291	0.00542

[dist]
# distance from previous block
# <min> <max>
0	2

[block]
# block no. 10 follows, 49 sequences, length 13
# corresponding to MSA columns:
# 360-372
name=unknown_K
#
# <colnr> <probs for GDERKNQSTAVLIFYWHMCP>
#	G	D	E	R	K	N	Q	S	T	A	V	L	I	F	Y	W	H	M	C	P
0	0.01428	0.01151	0.01232	0.01062	0.01286	0.08008	0.00843	0.34316	0.01619	0.04684	0.01596	0.22069	0.01560	0.00927	0.00710	0.00177	0.11986	0.04249	0.00437	0.00659
1	0.01237	0.00948	0.01106	0.00803	0.01243	0.00770	0.00648	0.09086	0.01216	0.08172	0.01020	0.01120	0.00801	0.00419	0.00399	0.00089	0.00398	0.00332	0.00347	0.69843
2	0.01229	0.01221	0.04541	0.01226	0.01512	0.10523	0.14535	0.01916	0.29979	0.05113	0.01757	0.14745	0.01559	0.00791	0.00596	0.00175	0.03878	0.03628	0.00409	0.00667
3	0.00903	0.00705	0.01025	0.01004	0.03095	0.00706	0.08043	0.08710	0.01168	0.01553	0.02214	0.24912	0.03802	0.11752	0.03740	0.00262	0.00500	0.24990	0.00418	0.00498
4	0.01108	0.00923	0.01161	0.00832	0.01282	0.00710	0.04834	0.01343	0.01073	0.04933	0.00952	0.01094	0.00771	0.00388	0.00392	0.00084	0.00403	0.00325	0.00311	0.77081
5	0.01192	0.44624	0.39156	0.01138	0.01720	0.01609	0.01341	0.01556	0.01047	0.01385	0.00800	0.00933	0.00645	0.00455	0.00398	0.00133	0.00639	0.00319	0.00215	0.00696
6	0.00699	0.00491	0.00616	0.00664	0.00755	0.00447	0.00473	0.00830	0.01110	0.04142	0.16866	0.43530	0.19500	0.03390	0.00672	0.00196	0.00293	0.04399	0.00486	0.00441
7	0.04158	0.00868	0.01060	0.00844	0.01171	0.00822	0.00683	0.12282	0.04841	0.38898	0.11887	0.01866	0.01619	0.00651	0.00488	0.00146	0.00395	0.00530	0.09116	0.07674
8	0.00662	0.00491	0.00608	0.00626	0.00722	0.00447	0.00446	0.00819	0.01195	0.01610	0.36224	0.27483	0.19718	0.05732	0.00721	0.00194	0.00273	0.01094	0.00498	0.00437
9	0.01079	0.01026	0.01741	0.48384	0.35141	0.01156	0.01466	0.01401	0.01070	0.01443	0.00921	0.01308	0.00727	0.00483	0.00503	0.00161	0.00643	0.00450	0.00235	0.00662
10	0.01749	0.01386	0.01604	0.01239	0.01622	0.05177	0.08667	0.59884	0.02085	0.02771	0.01186	0.01278	0.00874	0.00845	0.07040	0.00207	0.00669	0.00471	0.00450	0.00796
11	0.00737	0.00504	0.00595	0.00607	0.00632	0.00507	0.00384	0.00779	0.00801	0.01064	0.01827	0.03520	0.04967	0.65264	0.07804	0.00474	0.00540	0.08331	0.00327	0.00338
12	0.00729	0.00526	0.00697	0.00793	0.00878	0.00509	0.00629	0.00889	0.01068	0.01388	0.02839	0.28060	0.09860	0.08445	0.00836	0.00241	0.00398	0.40331	0.00453	0.00432

[dist]
# distance from previous block
# <min> <max>
0	12

[block]
# block no. 11 follows, 49 sequences, length 17
# corresponding to MSA columns:
# 385-397,399-402
name=unknown_L
#
# <colnr> <probs for GDERKNQSTAVLIFYWHMCP>
#	G	D	E	R	K	N	Q	S	T	A	V	L	I	F	Y	W	H	M	C	P
0	0.01068	0.00874	0.00982	0.00899	0.01106	0.00978	0.00691	0.01955	0.45059	0.03696	0.17832	0.08335	0.06091	0.03078	0.00661	0.00182	0.04626	0.00726	0.00499	0.00662
1	0.01091	0.00639	0.00834	0.00762	0.00844	0.00669	0.00546	0.16312	0.01009	0.01349	0.00947	0.01471	0.00875	0.01522	0.01676	0.67920	0.00463	0.00442	0.00278	0.00350
2	0.00713	0.00459	0.00554	0.00618	0.00658	0.00443	0.00405	0.00809	0.00928	0.01334	0.02255	0.45798	0.02548	0.21676	0.01071	0.00259	0.00331	0.01064	0.17680	0.00397
3	0.02754	0.01092	0.01418	0.16104	0.01698	0.09628	0.07258	0.01299	0.00940	0.03867	0.00985	0.01617	0.00930	0.17315	0.01349	0.00249	0.30203	0.00503	0.00262	0.00529
4	0.01796	0.01386	0.01612	0.01555	0.17370	0.04034	0.01075	0.56835	0.02064	0.05476	0.01174	0.01230	0.00855	0.00573	0.00503	0.00151	0.00573	0.00452	0.00450	0.00839
5	0.00775	0.00528	0.00706	0.00705	0.00780	0.00587	0.00523	0.00929	0.00855	0.01291	0.01497	0.05361	0.01441	0.16832	0.45168	0.00576	0.02847	0.00595	0.17576	0.00431
6	0.01200	0.01175	0.01498	0.01351	0.09127	0.13764	0.17616	0.07780	0.03069	0.04276	0.09439	0.04818	0.19675	0.02212	0.00589	0.00166	0.00566	0.00692	0.00382	0.00607
7	0.01314	0.01190	0.01344	0.01456	0.18111	0.09665	0.00949	0.13600	0.23898	0.02047	0.17173	0.01906	0.01817	0.00681	0.00548	0.00158	0.02431	0.00568	0.00430	0.00715
8	0.00888	0.00644	0.00782	0.00794	0.00905	0.00651	0.00570	0.16363	0.01283	0.01721	0.06972	0.60809	0.02922	0.01352	0.00614	0.00192	0.00344	0.01206	0.00482	0.00506
9	0.03121	0.00509	0.00549	0.00547	0.00590	0.00496	0.00329	0.00755	0.00824	0.01096	0.02288	0.03556	0.17516	0.63396	0.02106	0.00416	0.00440	0.00790	0.00340	0.00338
10	0.01367	0.01106	0.01397	0.01142	0.01439	0.03933	0.11792	0.30557	0.10252	0.04549	0.01843	0.22012	0.04607	0.00863	0.00557	0.00170	0.00512	0.00760	0.00455	0.00686
11	0.01617	0.24224	0.09677	0.01081	0.01474	0.17518	0.00978	0.10127	0.11318	0.13955	0.01174	0.01190	0.00883	0.00547	0.00466	0.00141	0.02157	0.00392	0.00360	0.00720
12	0.01067	0.00833	0.01012	0.00800	0.01150	0.00690	0.02003	0.02771	0.06001	0.06347	0.01433	0.17645	0.01362	0.00662	0.00453	0.00116	0.00375	0.00570	0.00371	0.54338
13	0.00943	0.00471	0.00471	0.00471	0.00589	0.00471	0.00353	0.01178	0.01060	0.01885	0.01650	0.01885	0.01296	0.00589	0.00353	0.00118	0.00236	0.00471	0.85036	0.00471
14	0.01410	0.01260	0.01962	0.09363	0.31948	0.01338	0.13498	0.24492	0.01495	0.02054	0.01021	0.01259	0.00794	0.00524	0.00585	0.00160	0.05275	0.00475	0.00325	0.00764
15	0.02958	0.00856	0.01380	0.38858	0.21106	0.00955	0.01169	0.01205	0.01038	0.01406	0.01498	0.19624	0.04358	0.00765	0.00535	0.00172	0.00547	0.00693	0.00298	0.00580
16	0.01006	0.00620	0.00794	0.01008	0.16600	0.00620	0.00598	0.01254	0.01079	0.01838	0.01507	0.01756	0.01195	0.00561	0.00383	0.00124	0.00310	0.00467	0.67740	0.00539

[dist]
# distance from previous block
# <min> <max>
5	7

[block]
# block no. 12 follows, 49 sequences, length 21
# corresponding to MSA columns:
# 415-435
name=unknown_M
#
# <colnr> <probs for GDERKNQSTAVLIFYWHMCP>
#	G	D	E	R	K	N	Q	S	T	A	V	L	I	F	Y	W	H	M	C	P
0	0.22322	0.18022	0.03754	0.00928	0.01224	0.18314	0.00773	0.11144	0.01196	0.01702	0.00926	0.01282	0.00833	0.12978	0.00751	0.00193	0.02387	0.00385	0.00300	0.00586
1	0.25738	0.01120	0.00998	0.00864	0.01129	0.12393	0.00678	0.14643	0.02769	0.09969	0.13034	0.03692	0.01554	0.06246	0.00603	0.00177	0.00479	0.01637	0.01667	0.00611
2	0.00629	0.00464	0.00592	0.00689	0.00750	0.00427	0.00483	0.00736	0.01016	0.01322	0.03187	0.62214	0.16541	0.01516	0.00641	0.00202	0.00301	0.07403	0.00469	0.00418
3	0.01181	0.00835	0.01029	0.00782	0.01164	0.00678	0.00627	0.01395	0.01071	0.13440	0.01141	0.01305	0.00910	0.00971	0.13445	0.00208	0.00543	0.00371	0.00345	0.58561
4	0.01013	0.01089	0.12945	0.00817	0.01258	0.00709	0.00759	0.01276	0.01083	0.04486	0.01644	0.01715	0.13527	0.00552	0.00432	0.00107	0.00412	0.00447	0.01794	0.53935
5	0.01351	0.00930	0.01041	0.00916	0.01172	0.01012	0.00702	0.02280	0.48744	0.16715	0.04914	0.02144	0.01656	0.13132	0.00831	0.00217	0.00413	0.00598	0.00506	0.00724
