[name]
unknown

[dist]
# distance from previous block
# <min> <max>
0	289

[block]
# block no. 0 follows, 52 sequences, length 62
# corresponding to MSA columns:
# 289-350
name=unknown_A
#
# <colnr> <probs for GDERKNQSTAVLIFYWHMCP>
#	G	D	E	R	K	N	Q	S	T	A	V	L	I	F	Y	W	H	M	C	P
0	0.05700	0.01091	0.01310	0.04806	0.05187	0.07100	0.05848	0.17021	0.11123	0.23778	0.02717	0.01835	0.01223	0.00645	0.00500	0.00158	0.00511	0.08290	0.00448	0.00712
1	0.03844	0.01222	0.01538	0.03236	0.16897	0.08961	0.09322	0.14341	0.19585	0.09778	0.01325	0.03505	0.01021	0.00571	0.00517	0.00153	0.02591	0.00489	0.00383	0.00722
2	0.04399	0.01201	0.01422	0.03309	0.12029	0.12598	0.09847	0.08039	0.09638	0.01697	0.02477	0.03034	0.03138	0.00512	0.00452	0.00128	0.00534	0.00441	0.00320	0.24783
3	0.05819	0.01187	0.01509	0.01295	0.08618	0.07947	0.14248	0.15234	0.09975	0.03402	0.02317	0.02837	0.00929	0.00501	0.00459	0.00132	0.00535	0.00441	0.00344	0.22273
4	0.03809	0.01307	0.01939	0.01491	0.03448	0.06627	0.32695	0.23163	0.12227	0.03536	0.02476	0.01330	0.00923	0.00511	0.00512	0.00153	0.00638	0.00500	0.00360	0.02355
5	0.02852	0.00900	0.01072	0.00899	0.01159	0.03130	0.07118	0.18399	0.10890	0.05054	0.08510	0.05724	0.24542	0.00928	0.02662	0.00174	0.00437	0.02916	0.00441	0.02191
6	0.02559	0.00723	0.00824	0.00724	0.00964	0.02618	0.00565	0.03400	0.05140	0.05746	0.14846	0.13331	0.12669	0.00866	0.00504	0.00142	0.00342	0.07758	0.00418	0.25858
7	0.01296	0.83261	0.02539	0.00829	0.01244	0.01917	0.00829	0.01451	0.00985	0.01140	0.00674	0.00777	0.00622	0.00415	0.00311	0.00104	0.00518	0.00259	0.00207	0.00622
8	0.01232	0.00963	0.01038	0.00930	0.01190	0.01083	0.00723	0.05311	0.60864	0.07346	0.02020	0.06886	0.03068	0.00711	0.00495	0.00162	0.00375	0.00596	0.04275	0.00729
9	0.00915	0.00861	0.01453	0.81804	0.03338	0.01077	0.01346	0.01238	0.00969	0.01238	0.00861	0.01292	0.00646	0.00484	0.00484	0.00161	0.00646	0.00431	0.00215	0.00538
10	0.04761	0.00973	0.01410	0.19086	0.06876	0.02542	0.07655	0.06426	0.05782	0.37330	0.01424	0.01445	0.00967	0.00542	0.00486	0.00153	0.00523	0.00467	0.00430	0.00723
11	0.00972	0.02507	0.80458	0.01381	0.02097	0.01125	0.01790	0.01535	0.01023	0.01535	0.00870	0.01023	0.00614	0.00460	0.00460	0.00153	0.00716	0.00358	0.00205	0.00716
12	0.00590	0.00422	0.00562	0.00675	0.00703	0.00394	0.00450	0.00675	0.00928	0.01237	0.02671	0.82653	0.03205	0.01518	0.00619	0.00197	0.00281	0.01378	0.00450	0.00394
13	0.02091	0.00906	0.01169	0.00902	0.01274	0.00840	0.00743	0.12784	0.04496	0.66686	0.01812	0.01589	0.01159	0.00600	0.00487	0.00150	0.00428	0.00483	0.00580	0.00822
14	0.01015	0.13328	0.70017	0.01307	0.01983	0.01232	0.01662	0.01523	0.01018	0.01482	0.00843	0.00990	0.00615	0.00454	0.00440	0.00147	0.00690	0.00345	0.00205	0.00704
15	0.00590	0.00422	0.00562	0.00675	0.00703	0.00394	0.00450	0.00675	0.00928	0.01237	0.02671	0.82653	0.03205	0.01518	0.00619	0.00197	0.00281	0.01378	0.00450	0.00394
16	0.00660	0.00486	0.00618	0.00602	0.00713	0.00444	0.00445	0.00858	0.01285	0.01779	0.61077	0.13094	0.13971	0.01083	0.00577	0.00159	0.00237	0.00954	0.00513	0.00444
17	0.01199	0.01151	0.01967	0.02974	0.79946	0.01151	0.01487	0.01487	0.01103	0.01583	0.00912	0.01199	0.00768	0.00432	0.00480	0.00144	0.00576	0.00432	0.00240	0.00768
18	0.00954	0.00901	0.01523	0.71059	0.13781	0.01087	0.01365	0.01272	0.00987	0.01285	0.00868	0.01279	0.00663	0.00477	0.00484	0.00159	0.00636	0.00431	0.00219	0.00570
19	0.01155	0.01106	0.01887	0.15245	0.68021	0.01140	0.01465	0.01448	0.01083	0.01529	0.00904	0.01214	0.00749	0.00440	0.00480	0.00147	0.00587	0.00432	0.00236	0.00732
20	0.03390	0.01113	0.06296	0.01245	0.01670	0.00968	0.22547	0.08864	0.02891	0.43597	0.01499	0.01460	0.00994	0.00535	0.00506	0.00154	0.00553	0.00496	0.00459	0.00763
21	0.00972	0.02507	0.80458	0.01381	0.02097	0.01125	0.01790	0.01535	0.01023	0.01535	0.00870	0.01023	0.00614	0.00460	0.00460	0.00153	0.00716	0.00358	0.00205	0.00716
22	0.00635	0.00512	0.00572	0.00602	0.00724	0.00471	0.00433	0.00851	0.07506	0.01363	0.06313	0.32404	0.43313	0.01277	0.00583	0.00175	0.00269	0.01106	0.00456	0.00435
23	0.04541	0.00961	0.01195	0.00919	0.01295	0.00920	0.00759	0.21265	0.01593	0.58765	0.01689	0.01503	0.01086	0.00591	0.00481	0.00149	0.00441	0.00468	0.00562	0.00816
24	0.01053	0.12544	0.64417	0.01265	0.01905	0.01182	0.01576	0.01532	0.01031	0.04969	0.00952	0.03775	0.00728	0.00497	0.00448	0.00148	0.00663	0.00386	0.00231	0.00698
25	0.01267	0.04742	0.01341	0.01079	0.01389	0.01268	0.07195	0.09897	0.61596	0.02050	0.01753	0.01657	0.01315	0.00619	0.00491	0.00160	0.00440	0.00526	0.00459	0.00757
26	0.00590	0.00422	0.00562	0.00675	0.00703	0.00394	0.00450	0.00675	0.00928	0.01237	0.02671	0.82653	0.03205	0.01518	0.00619	0.00197	0.00281	0.01378	0.00450	0.00394
27	0.02014	0.00876	0.04610	0.00867	0.01238	0.00712	0.00742	0.02221	0.01370	0.71141	0.07472	0.01764	0.01417	0.00622	0.00492	0.00150	0.00413	0.00510	0.00577	0.00793
28	0.01797	0.02219	0.01371	0.01234	0.01492	0.74090	0.00931	0.06693	0.03374	0.01323	0.00805	0.00915	0.00658	0.00508	0.00441	0.00127	0.00840	0.00326	0.00270	0.00583
29	0.00590	0.00422	0.00562	0.00675	0.00703	0.00394	0.00450	0.00675	0.00928	0.01237	0.02671	0.82653	0.03205	0.01518	0.00619	0.00197	0.00281	0.01378	0.00450	0.00394
30	0.00972	0.02507	0.80458	0.01381	0.02097	0.01125	0.01790	0.01535	0.01023	0.01535	0.00870	0.01023	0.00614	0.00460	0.00460	0.00153	0.00716	0.00358	0.00205	0.00716
31	0.00915	0.00861	0.01453	0.81804	0.03338	0.01077	0.01346	0.01238	0.00969	0.01238	0.00861	0.01292	0.00646	0.00484	0.00484	0.00161	0.00646	0.00431	0.00215	0.00538
32	0.01144	0.01307	0.02859	0.02042	0.02533	0.01225	0.78186	0.01552	0.01144	0.01552	0.00980	0.01307	0.00735	0.00408	0.00572	0.00163	0.00817	0.00572	0.00245	0.00654
33	0.00573	0.00491	0.00491	0.00491	0.00655	0.00409	0.00368	0.00695	0.01105	0.01309	0.04909	0.04664	0.79750	0.01227	0.00573	0.00164	0.00245	0.01023	0.00450	0.00409
34	0.00693	0.00517	0.00768	0.00768	0.00850	0.00600	0.00592	0.00858	0.00776	0.01117	0.01308	0.01960	0.01236	0.07154	0.77562	0.00765	0.01261	0.00527	0.00261	0.00427
35	0.02174	0.00825	0.01125	0.00862	0.01237	0.00712	0.00712	0.02362	0.01387	0.80282	0.01912	0.01649	0.01200	0.00600	0.00487	0.00150	0.00412	0.00487	0.00600	0.00825
36	0.00705	0.00470	0.00529	0.00529	0.00529	0.00470	0.00294	0.00705	0.00705	0.00940	0.01527	0.03171	0.01762	0.82969	0.02467	0.00470	0.00470	0.00705	0.00294	0.00294
37	0.00972	0.02507	0.80458	0.01381	0.02097	0.01125	0.01790	0.01535	0.01023	0.01535	0.00870	0.01023	0.00614	0.00460	0.00460	0.00153	0.00716	0.00358	0.00205	0.00716
38	0.86392	0.00937	0.00712	0.00637	0.00937	0.01087	0.00525	0.01425	0.00825	0.02174	0.00675	0.00787	0.00525	0.00450	0.00300	0.00150	0.00375	0.00262	0.00300	0.00525
39	0.01842	0.01357	0.01454	0.01115	0.01503	0.01503	0.00921	0.78330	0.02278	0.03054	0.01163	0.01163	0.00824	0.00582	0.00485	0.00145	0.00533	0.00436	0.00485	0.00824
40	0.00692	0.00519	0.00779	0.00779	0.00865	0.00606	0.00606	0.00865	0.00779	0.01125	0.01298	0.01904	0.01211	0.03634	0.81049	0.00779	0.01298	0.00519	0.00260	0.00433
41	0.00590	0.00422	0.00562	0.00675	0.00703	0.00394	0.00450	0.00675	0.00928	0.01237	0.02671	0.82653	0.03205	0.01518	0.00619	0.00197	0.00281	0.01378	0.00450	0.00394
42	0.00972	0.02507	0.80458	0.01381	0.02097	0.01125	0.01790	0.01535	0.01023	0.01535	0.00870	0.01023	0.00614	0.00460	0.00460	0.00153	0.00716	0.00358	0.00205	0.00716
43	0.01296	0.83261	0.02539	0.00829	0.01244	0.01917	0.00829	0.01451	0.00985	0.01140	0.00674	0.00777	0.00622	0.00415	0.00311	0.00104	0.00518	0.00259	0.00207	0.00622
44	0.01205	0.01041	0.01096	0.00986	0.01260	0.01205	0.00767	0.02575	0.79071	0.02027	0.01972	0.01808	0.01479	0.00657	0.00493	0.00164	0.00384	0.00548	0.00493	0.00767
45	0.01138	0.01236	0.02660	0.01920	0.02377	0.01157	0.70905	0.01519	0.01137	0.03822	0.01117	0.06578	0.00909	0.00486	0.00572	0.00165	0.00771	0.00622	0.00269	0.00642
46	0.00788	0.00530	0.00739	0.00791	0.00884	0.00506	0.02623	0.02814	0.01046	0.06458	0.02512	0.53119	0.02843	0.01359	0.00619	0.00198	0.00353	0.20911	0.00454	0.00453
47	0.00710	0.00514	0.00752	0.00752	0.00840	0.00593	0.00584	0.00887	0.00798	0.01181	0.01321	0.01896	0.01214	0.03380	0.74366	0.00724	0.01209	0.00514	0.07331	0.00434
48	0.86392	0.00937	0.00712	0.00637	0.00937	0.01087	0.00525	0.01425	0.00825	0.02174	0.00675	0.00787	0.00525	0.00450	0.00300	0.00150	0.00375	0.00262	0.00300	0.00525
49	0.01810	0.02310	0.01373	0.01248	0.01498	0.81024	0.00936	0.01935	0.01373	0.01186	0.00749	0.00874	0.00624	0.00499	0.00437	0.00125	0.00874	0.00312	0.00250	0.00562
50	0.00580	0.00491	0.00501	0.00499	0.00659	0.00412	0.00374	0.00710	0.01122	0.01350	0.09746	0.04596	0.74888	0.01212	0.00573	0.00163	0.00244	0.01013	0.00455	0.00412
51	0.00573	0.00491	0.00491	0.00491	0.00655	0.00409	0.00368	0.00695	0.01105	0.01309	0.04909	0.04664	0.79750	0.01227	0.00573	0.00164	0.00245	0.01023	0.00450	0.00409
52	0.00934	0.00880	0.01487	0.76706	0.08292	0.01081	0.01355	0.01254	0.00978	0.01260	0.00865	0.01286	0.00654	0.00481	0.00484	0.00160	0.00641	0.00431	0.00217	0.00553
53	0.86392	0.00937	0.00712	0.00637	0.00937	0.01087	0.00525	0.01425	0.00825	0.02174	0.00675	0.00787	0.00525	0.00450	0.00300	0.00150	0.00375	0.00262	0.00300	0.00525
54	0.00842	0.00421	0.00631	0.00631	0.00631	0.00421	0.00421	0.00631	0.00631	0.00842	0.00842	0.01473	0.00842	0.01684	0.01894	0.85901	0.00421	0.00421	0.00210	0.00210
55	0.01269	0.76574	0.08991	0.00875	0.01314	0.01852	0.00909	0.01458	0.00988	0.01173	0.00690	0.00798	0.00621	0.00418	0.00323	0.00108	0.00535	0.00267	0.00207	0.00630
56	0.06443	0.00866	0.01406	0.76555	0.03182	0.01077	0.01293	0.01250	0.00960	0.01299	0.00849	0.01259	0.00638	0.00482	0.00473	0.00161	0.00628	0.00420	0.00221	0.00537
57	0.00689	0.00516	0.00772	0.00775	0.00860	0.00599	0.00600	0.00859	0.00784	0.01129	0.01344	0.04629	0.01279	0.03563	0.78334	0.00759	0.01264	0.00548	0.00266	0.00431
58	0.00626	0.00480	0.00709	0.00760	0.00820	0.00448	0.05476	0.00732	0.00945	0.01259	0.02607	0.75827	0.04582	0.01441	0.00615	0.00194	0.00315	0.01318	0.00437	0.00411
59	0.03273	0.01072	0.01110	0.00959	0.01254	0.06248	0.00755	0.07238	0.48096	0.18003	0.03313	0.01761	0.03434	0.00647	0.00487	0.00157	0.00424	0.00526	0.00494	0.00749
60	0.01665	0.01633	0.01528	0.01246	0.01579	0.30507	0.10148	0.27162	0.13118	0.04907	0.01137	0.01188	0.00851	0.00543	0.00479	0.00143	0.00665	0.00425	0.00376	0.00699
61	0.01455	0.01743	0.01734	0.01545	0.08584	0.43692	0.21253	0.01697	0.03175	0.01345	0.01089	0.06429	0.02950	0.00559	0.00493	0.00143	0.00766	0.00485	0.00272	0.00594

[dist]
# distance from previous block
# <min> <max>
0	2

[block]
# block no. 1 follows, 52 sequences, length 10
# corresponding to MSA columns:
# 353-362
name=unknown_B
#
# <colnr> <probs for GDERKNQSTAVLIFYWHMCP>
#	G	D	E	R	K	N	Q	S	T	A	V	L	I	F	Y	W	H	M	C	P
0	0.11115	0.01488	0.01200	0.01026	0.01326	0.31717	0.00803	0.12965	0.07895	0.21018	0.01253	0.03986	0.00943	0.00579	0.00452	0.00142	0.00596	0.00424	0.00402	0.00671
1	0.01364	0.01121	0.01518	0.01193	0.01554	0.01175	0.16719	0.16050	0.35884	0.07994	0.01513	0.01501	0.01115	0.00560	0.00495	0.00151	0.00500	0.00504	0.00429	0.08661
2	0.01676	0.02007	0.01688	0.01399	0.01712	0.56556	0.16846	0.09572	0.01417	0.01450	0.00839	0.00992	0.00667	0.00489	0.00470	0.00135	0.00828	0.00378	0.00272	0.00607
3	0.01671	0.01247	0.01486	0.01155	0.01528	0.01356	0.08043	0.49857	0.17923	0.08544	0.01370	0.01346	0.00979	0.00583	0.00495	0.00151	0.00520	0.00476	0.00473	0.00797
4	0.01199	0.01151	0.01967	0.02974	0.79946	0.01151	0.01487	0.01487	0.01103	0.01583	0.00912	0.01199	0.00768	0.00432	0.00480	0.00144	0.00576	0.00432	0.00240	0.00768
5	0.03809	0.01139	0.01141	0.00957	0.01261	0.12233	0.00759	0.12512	0.23340	0.27419	0.08850	0.01680	0.01442	0.00632	0.00485	0.00150	0.00468	0.00503	0.00491	0.00730
6	0.01189	0.56599	0.28265	0.01011	0.01526	0.01656	0.01147	0.01479	0.00997	0.01270	0.00738	0.00859	0.00619	0.00430	0.00360	0.00120	0.00584	0.00292	0.00206	0.00653
7	0.01075	0.01025	0.01743	0.37402	0.46489	0.01119	0.01425	0.01378	0.01045	0.01433	0.00890	0.01240	0.00714	0.00455	0.00482	0.00152	0.00606	0.00431	0.00229	0.00667
8	0.00974	0.00921	0.01559	0.65568	0.19117	0.01092	0.01375	0.01289	0.00997	0.01309	0.00872	0.01273	0.00671	0.00474	0.00484	0.00158	0.00632	0.00431	0.00220	0.00586
9	0.01626	0.02011	0.01390	0.17841	0.01877	0.64557	0.01021	0.01792	0.01290	0.01197	0.00772	0.00960	0.00629	0.00496	0.00447	0.00132	0.00827	0.00337	0.00243	0.00557

[dist]
# distance from previous block
# <min> <max>
0	1

[block]
# block no. 2 follows, 52 sequences, length 28
# corresponding to MSA columns:
# 364-391
name=unknown_C
#
# <colnr> <probs for GDERKNQSTAVLIFYWHMCP>
#	G	D	E	R	K	N	Q	S	T	A	V	L	I	F	Y	W	H	M	C	P
0	0.00930	0.00871	0.01466	0.69947	0.11121	0.01053	0.01319	0.01238	0.00981	0.01274	0.00950	0.05017	0.00776	0.00527	0.00490	0.00161	0.00622	0.00474	0.00229	0.00555
1	0.01199	0.01151	0.01967	0.02974	0.79946	0.01151	0.01487	0.01487	0.01103	0.01583	0.00912	0.01199	0.00768	0.00432	0.00480	0.00144	0.00576	0.00432	0.00240	0.00768
2	0.00704	0.00471	0.00537	0.00537	0.00539	0.00474	0.00304	0.00710	0.00707	0.00946	0.01519	0.03130	0.01744	0.80401	0.05011	0.00480	0.00497	0.00699	0.00293	0.00298
3	0.01266	0.01173	0.01914	0.02783	0.71852	0.01188	0.01429	0.09416	0.01225	0.01735	0.00938	0.01196	0.00773	0.00447	0.00480	0.00144	0.00571	0.00432	0.00265	0.00773
4	0.01040	0.19423	0.64136	0.01266	0.01919	0.01291	0.01589	0.01517	0.01015	0.01452	0.00829	0.00972	0.00616	0.00451	0.00429	0.00143	0.00675	0.00337	0.00205	0.00696
5	0.02111	0.00960	0.01183	0.00914	0.01287	0.03791	0.00752	0.13770	0.01521	0.65753	0.01756	0.01548	0.01122	0.00593	0.00485	0.00148	0.00448	0.00473	0.00570	0.00815
6	0.01035	0.18205	0.65311	0.01274	0.01931	0.01279	0.01604	0.01518	0.01016	0.01458	0.00832	0.00975	0.00615	0.00451	0.00431	0.00144	0.00678	0.00339	0.00205	0.00698
7	0.00915	0.00861	0.01453	0.81804	0.03338	0.01077	0.01346	0.01238	0.00969	0.01238	0.00861	0.01292	0.00646	0.00484	0.00484	0.00161	0.00646	0.00431	0.00215	0.00538
8	0.00590	0.00422	0.00562	0.00675	0.00703	0.00394	0.00450	0.00675	0.00928	0.01237	0.02671	0.82653	0.03205	0.01518	0.00619	0.00197	0.00281	0.01378	0.00450	0.00394
9	0.00705	0.00470	0.00529	0.00529	0.00529	0.00470	0.00294	0.00705	0.00705	0.00940	0.01527	0.03171	0.01762	0.82969	0.02467	0.00470	0.00470	0.00705	0.00294	0.00294
10	0.01842	0.01357	0.01454	0.01115	0.01503	0.01503	0.00921	0.78330	0.02278	0.03054	0.01163	0.01163	0.00824	0.00582	0.00485	0.00145	0.00533	0.00436	0.00485	0.00824
11	0.01167	0.01119	0.01903	0.11069	0.70211	0.01151	0.01463	0.01454	0.01081	0.01538	0.00900	0.01206	0.00752	0.00447	0.00506	0.00147	0.02480	0.00431	0.00237	0.00738
12	0.01842	0.01357	0.01454	0.01115	0.01503	0.01503	0.00921	0.78330	0.02278	0.03054	0.01163	0.01163	0.00824	0.00582	0.00485	0.00145	0.00533	0.00436	0.00485	0.00824
13	0.01842	0.01357	0.01454	0.01115	0.01503	0.01503	0.00921	0.78330	0.02278	0.03054	0.01163	0.01163	0.00824	0.00582	0.00485	0.00145	0.00533	0.00436	0.00485	0.00824
14	0.00619	0.00493	0.00555	0.00539	0.00683	0.00429	0.00404	0.00785	0.01213	0.01568	0.35379	0.04238	0.49118	0.01131	0.00572	0.00159	0.00239	0.00963	0.00484	0.00429
15	0.01205	0.01041	0.01096	0.00986	0.01260	0.01205	0.00767	0.02575	0.79071	0.02027	0.01972	0.01808	0.01479	0.00657	0.00493	0.00164	0.00384	0.00548	0.00493	0.00767
16	0.01852	0.01341	0.01444	0.01107	0.01495	0.01479	0.00915	0.76038	0.02252	0.05385	0.01186	0.01178	0.00835	0.00582	0.00485	0.00146	0.00530	0.00438	0.00488	0.00824
17	0.03073	0.00785	0.01121	0.00997	0.01212	0.01975	0.08728	0.05827	0.01239	0.15454	0.11137	0.03437	0.04239	0.00963	0.00646	0.00186	0.05380	0.32591	0.00445	0.00565
18	0.02105	0.00852	0.01133	0.00872	0.01240	0.00760	0.00719	0.07623	0.01449	0.72441	0.04288	0.01677	0.01279	0.00611	0.00490	0.00150	0.00415	0.00496	0.00590	0.00813
19	0.01889	0.00962	0.01127	0.00968	0.04915	0.09001	0.00739	0.03615	0.01373	0.56883	0.07345	0.01847	0.05802	0.00644	0.00492	0.00148	0.00448	0.00523	0.00531	0.00746
20	0.00940	0.00638	0.00729	0.00660	0.00819	0.04315	0.00504	0.03557	0.01353	0.09971	0.53543	0.03121	0.08707	0.00893	0.00533	0.00148	0.00289	0.00768	0.08004	0.00508
21	0.01614	0.01333	0.01425	0.01131	0.01470	0.09971	0.06751	0.48378	0.09878	0.02476	0.01220	0.01280	0.00905	0.00684	0.03578	0.00169	0.00586	0.00449	0.05965	0.00738
22	0.40527	0.03260	0.00948	0.00771	0.01068	0.09199	0.00621	0.03829	0.01075	0.18147	0.04744	0.01250	0.00954	0.03234	0.03551	0.00176	0.00473	0.00373	0.00368	0.05431
23	0.00718	0.00668	0.05219	0.00757	0.00867	0.00611	0.00597	0.02048	0.03868	0.01350	0.07318	0.38961	0.16651	0.05901	0.00799	0.00202	0.08761	0.03846	0.00410	0.00449
24	0.08596	0.00731	0.00927	0.16135	0.01383	0.02912	0.00715	0.01336	0.03969	0.15301	0.23146	0.05318	0.07087	0.01022	0.07410	0.00211	0.00476	0.02357	0.00421	0.00549
25	0.18940	0.18270	0.16113	0.09311	0.01592	0.01244	0.03230	0.09534	0.01120	0.09054	0.00949	0.01094	0.00723	0.00698	0.06050	0.00186	0.00593	0.00363	0.00297	0.00638
26	0.03008	0.01010	0.03359	0.01019	0.02384	0.06939	0.09454	0.12346	0.03758	0.01712	0.14490	0.02219	0.06668	0.09313	0.03886	0.00209	0.06100	0.04167	0.00366	0.07593
27	0.05409	0.09850	0.14149	0.03726	0.01655	0.07435	0.15639	0.10627	0.04818	0.02753	0.03089	0.01536	0.07059	0.00557	0.00469	0.00143	0.00582	0.02102	0.00312	0.08090

[dist]
# distance from previous block
# <min> <max>
1	1093

# created by:
# /home/cegg/simao/soft/augustus-3.2.1/scripts/msa2prfl.pl ./align_prep/EOG091G126R.fa
