[name]
unknown

[dist]
# distance from previous block
# <min> <max>
0	236

[block]
# block no. 0 follows, 51 sequences, length 107
# corresponding to MSA columns:
# 310-320,326-405,408-423
name=unknown_A
#
# <colnr> <probs for GDERKNQSTAVLIFYWHMCP>
#	G	D	E	R	K	N	Q	S	T	A	V	L	I	F	Y	W	H	M	C	P
0	0.04351	0.06655	0.03041	0.07323	0.12167	0.16898	0.06530	0.07273	0.02253	0.06557	0.06630	0.06028	0.03976	0.02430	0.00541	0.00160	0.00581	0.05650	0.00342	0.00614
1	0.00835	0.00577	0.00827	0.03703	0.02981	0.00630	0.00605	0.04682	0.00841	0.01175	0.01156	0.01791	0.01095	0.08204	0.41649	0.24594	0.00896	0.00495	0.00262	0.03003
2	0.00915	0.00503	0.00665	0.00653	0.00721	0.00492	0.00452	0.00935	0.04434	0.07621	0.04760	0.13423	0.05363	0.09817	0.01400	0.41007	0.00381	0.00656	0.05442	0.00360
3	0.02192	0.01067	0.04548	0.14233	0.36836	0.02855	0.01184	0.06316	0.03192	0.01592	0.04228	0.01764	0.06340	0.04683	0.03903	0.00196	0.01894	0.02029	0.00295	0.00653
4	0.14589	0.01406	0.01220	0.03251	0.01383	0.24009	0.02463	0.20012	0.07390	0.08494	0.06425	0.03562	0.01162	0.00613	0.00465	0.00148	0.00574	0.01789	0.00394	0.00653
5	0.00656	0.00492	0.00615	0.00681	0.00759	0.00468	0.00482	0.00851	0.05812	0.01407	0.11795	0.53631	0.13942	0.01374	0.00610	0.00189	0.00289	0.05044	0.00468	0.00435
6	0.03086	0.00561	0.00737	0.02912	0.00909	0.00591	0.00579	0.02076	0.04084	0.02918	0.07297	0.30555	0.08270	0.01896	0.22370	0.00350	0.02240	0.06175	0.01933	0.00461
7	0.06226	0.05474	0.01394	0.17980	0.06163	0.04685	0.05390	0.11731	0.04749	0.01648	0.03156	0.07519	0.06506	0.00781	0.02349	0.00179	0.09856	0.03295	0.00328	0.00593
8	0.01303	0.80296	0.05206	0.00860	0.01291	0.01917	0.00874	0.01474	0.01000	0.01170	0.00690	0.00797	0.00630	0.00422	0.00320	0.00107	0.00532	0.00266	0.00210	0.00634
9	0.00702	0.00527	0.00790	0.00790	0.00878	0.00614	0.00614	0.00878	0.00790	0.01141	0.01316	0.01931	0.01229	0.03686	0.80782	0.00790	0.01316	0.00527	0.00263	0.00439
10	0.04481	0.01105	0.04033	0.07037	0.45253	0.01082	0.01233	0.04468	0.07102	0.14492	0.02419	0.01375	0.00956	0.00569	0.02135	0.00164	0.00551	0.00456	0.00336	0.00753
11	0.01244	0.20752	0.39570	0.01203	0.01755	0.01293	0.05917	0.04449	0.06010	0.09985	0.02704	0.01176	0.00844	0.00497	0.00447	0.00145	0.00614	0.00393	0.00289	0.00714
12	0.01330	0.00675	0.00885	0.00752	0.00982	0.00620	0.00596	0.04317	0.02973	0.31884	0.42920	0.02838	0.03069	0.00842	0.00545	0.00156	0.00325	0.03104	0.00561	0.00626
13	0.08969	0.00651	0.00752	0.00667	0.00865	0.00633	0.00509	0.03520	0.02697	0.23551	0.05940	0.08926	0.06239	0.10821	0.02358	0.00201	0.00366	0.00621	0.21154	0.00560
14	0.03258	0.00792	0.01193	0.16059	0.16364	0.00824	0.04574	0.03304	0.04661	0.01653	0.23253	0.08803	0.09069	0.02121	0.00569	0.00166	0.00438	0.01954	0.00382	0.00562
15	0.07514	0.56949	0.21726	0.00966	0.01453	0.01683	0.01060	0.01491	0.00996	0.01333	0.00733	0.00851	0.00621	0.00435	0.00352	0.00121	0.00565	0.00288	0.00216	0.00647
16	0.03409	0.00767	0.00869	0.00772	0.00998	0.00788	0.00601	0.05099	0.24695	0.13063	0.21613	0.02791	0.15443	0.02664	0.00570	0.00167	0.00336	0.01907	0.02831	0.00618
17	0.08897	0.00664	0.00798	0.00704	0.00910	0.00637	0.00546	0.03969	0.03041	0.21122	0.28787	0.07200	0.11728	0.04479	0.04156	0.00199	0.00369	0.00734	0.00496	0.00564
18	0.01195	0.01221	0.10742	0.04805	0.28091	0.04961	0.06892	0.01612	0.09350	0.08712	0.13204	0.03135	0.02690	0.00602	0.00509	0.00154	0.00537	0.00546	0.00351	0.00689
19	0.24394	0.17588	0.11783	0.00926	0.01304	0.03476	0.00871	0.13089	0.06498	0.06673	0.01010	0.01113	0.00783	0.00785	0.07584	0.00200	0.00580	0.00363	0.00328	0.00651
20	0.01335	0.00695	0.00849	0.00743	0.00979	0.00651	0.00597	0.07849	0.02417	0.28640	0.05815	0.05797	0.17408	0.02518	0.00562	0.00167	0.00360	0.09778	0.12230	0.00610
21	0.01021	0.00940	0.01578	0.38756	0.34028	0.01043	0.01306	0.01289	0.01010	0.01369	0.01001	0.01387	0.02374	0.00729	0.04862	0.05365	0.00639	0.00454	0.00235	0.00612
22	0.01352	0.09948	0.26242	0.06698	0.06256	0.05770	0.07795	0.07382	0.09516	0.12589	0.01155	0.01241	0.00838	0.00510	0.00472	0.00150	0.00618	0.00423	0.00325	0.00722
23	0.01063	0.01088	0.04481	0.43500	0.28042	0.03335	0.01390	0.01362	0.01020	0.01373	0.00867	0.01237	0.00693	0.00507	0.00589	0.00161	0.08008	0.00431	0.00227	0.00628
24	0.01019	0.00873	0.01019	0.00728	0.01165	0.00655	0.00582	0.01237	0.01019	0.01601	0.00873	0.01019	0.00728	0.00364	0.00364	0.00073	0.00364	0.00291	0.00291	0.85734
25	0.07739	0.00652	0.00862	0.07140	0.08267	0.00664	0.00653	0.03372	0.01090	0.04977	0.17348	0.20822	0.08233	0.08052	0.04769	0.01487	0.00423	0.02552	0.00404	0.00495
26	0.01082	0.01034	0.01776	0.32804	0.45146	0.01113	0.04005	0.01384	0.01062	0.01458	0.00972	0.04195	0.00820	0.00497	0.00497	0.00155	0.00608	0.00477	0.00242	0.00672
27	0.01914	0.00960	0.01176	0.00925	0.01282	0.00937	0.00752	0.17057	0.12227	0.49033	0.01753	0.01634	0.01187	0.03554	0.00563	0.00162	0.00438	0.00494	0.00550	0.03402
28	0.10657	0.00892	0.01008	0.00848	0.01123	0.00917	0.00672	0.20370	0.07705	0.23391	0.04395	0.10819	0.06521	0.06113	0.00631	0.00181	0.00415	0.02189	0.00486	0.00668
29	0.02875	0.00569	0.00697	0.00665	0.00795	0.00547	0.00483	0.01129	0.05137	0.12106	0.22769	0.16773	0.09131	0.16825	0.03650	0.00247	0.00366	0.02065	0.02687	0.00484
30	0.02667	0.00588	0.00757	0.00757	0.00874	0.02789	0.00587	0.00942	0.00911	0.04077	0.02043	0.08508	0.13343	0.02752	0.51157	0.00563	0.00963	0.04939	0.00331	0.00453
31	0.13288	0.00619	0.00709	0.00675	0.00838	0.00603	0.00497	0.01209	0.03195	0.16463	0.09252	0.26395	0.10611	0.10982	0.00766	0.00207	0.00341	0.00854	0.01987	0.00508
32	0.13820	0.01029	0.01101	0.00921	0.01221	0.01119	0.00736	0.28736	0.18273	0.12176	0.02644	0.09077	0.03660	0.00729	0.00515	0.02076	0.00430	0.00561	0.00471	0.00707
33	0.20049	0.00671	0.00722	0.00702	0.00867	0.00692	0.00522	0.05816	0.04275	0.06716	0.11202	0.33045	0.08259	0.03538	0.00581	0.00182	0.00332	0.00884	0.00441	0.00505
34	0.11647	0.00577	0.00664	0.00680	0.00801	0.00567	0.00489	0.03563	0.01028	0.07919	0.04535	0.43348	0.10748	0.08515	0.00733	0.00208	0.00332	0.02744	0.00439	0.00462
35	0.41873	0.00887	0.00865	0.00747	0.01028	0.00968	0.00602	0.08717	0.07061	0.14291	0.04614	0.03219	0.02444	0.00734	0.03656	0.02095	0.00422	0.00430	0.04743	0.00604
36	0.27289	0.00741	0.00753	0.00682	0.00868	0.00788	0.00504	0.05463	0.05428	0.10265	0.07145	0.08495	0.01584	0.24584	0.01033	0.00250	0.00399	0.00590	0.02630	0.00510
37	0.09645	0.00749	0.00909	0.00780	0.01032	0.00725	0.00619	0.05866	0.04608	0.34397	0.07709	0.08562	0.04503	0.04686	0.02233	0.02104	0.00401	0.04589	0.05244	0.00638
38	0.21396	0.00729	0.00828	0.02474	0.00994	0.00773	0.00592	0.04970	0.04650	0.14327	0.05336	0.09563	0.03600	0.05663	0.13349	0.05510	0.00535	0.02140	0.02034	0.00538
39	0.06306	0.00666	0.00961	0.00846	0.01026	0.00687	0.06464	0.01246	0.03139	0.13633	0.12528	0.03768	0.01721	0.07786	0.34651	0.00447	0.00797	0.00592	0.02211	0.00526
40	0.01154	0.00621	0.00727	0.00665	0.00837	0.00606	0.00507	0.09095	0.01225	0.15815	0.06309	0.16670	0.04200	0.04025	0.00549	0.00160	0.00320	0.02219	0.33751	0.00546
41	0.08402	0.00762	0.00860	0.02379	0.00993	0.03848	0.00601	0.09131	0.03193	0.11386	0.09540	0.02121	0.07343	0.07781	0.18821	0.06005	0.00615	0.00562	0.05130	0.00529
42	0.01243	0.01003	0.03500	0.08424	0.29905	0.02770	0.01085	0.05774	0.02061	0.12642	0.01289	0.08500	0.01110	0.01023	0.10912	0.00240	0.05446	0.00538	0.01867	0.00667
43	0.02416	0.01157	0.01343	0.09279	0.09672	0.10877	0.04841	0.04572	0.28398	0.01662	0.01548	0.06424	0.03855	0.00738	0.01827	0.00176	0.07908	0.02290	0.00365	0.00653
44	0.01745	0.02009	0.01341	0.01216	0.02692	0.63589	0.02232	0.01910	0.02490	0.08157	0.05969	0.01220	0.02204	0.00558	0.00462	0.00133	0.00781	0.00390	0.00309	0.00592
45	0.01019	0.00873	0.01019	0.00728	0.01165	0.00655	0.00582	0.01237	0.01019	0.01601	0.00873	0.01019	0.00728	0.00364	0.00364	0.00073	0.00364	0.00291	0.00291	0.85734
46	0.07368	0.44898	0.05237	0.00931	0.01318	0.07036	0.00862	0.14293	0.08374	0.01674	0.00927	0.00998	0.00756	0.00486	0.00377	0.00125	0.00530	0.00333	0.02811	0.00666
47	0.01029	0.08259	0.52769	0.05397	0.01863	0.01077	0.01451	0.01462	0.01031	0.05327	0.01104	0.02966	0.00917	0.05017	0.02241	0.00186	0.00661	0.05177	0.00255	0.01809
48	0.04123	0.10489	0.09603	0.11304	0.08332	0.07645	0.11444	0.02612	0.11311	0.09719	0.02246	0.02863	0.00984	0.00550	0.00496	0.00152	0.01896	0.02018	0.00323	0.01890
49	0.04687	0.11449	0.01503	0.01082	0.02891	0.06482	0.00882	0.38603	0.08640	0.08686	0.02490	0.01289	0.02199	0.00600	0.00542	0.00148	0.06225	0.00436	0.00421	0.00742
50	0.00709	0.00482	0.00575	0.00579	0.00593	0.00494	0.00350	0.00738	0.00734	0.00992	0.01556	0.05892	0.01757	0.68072	0.14039	0.00513	0.00594	0.00711	0.00298	0.00322
51	0.01007	0.06105	0.18104	0.24789	0.05175	0.04254	0.05011	0.01367	0.04752	0.01403	0.05160	0.03726	0.01096	0.00774	0.03949	0.03089	0.05702	0.03682	0.00268	0.00588
52	0.01453	0.24345	0.14974	0.02706	0.03144	0.07380	0.04263	0.13759	0.07478	0.11011	0.01115	0.01232	0.00854	0.00533	0.00465	0.00141	0.02149	0.01956	0.00335	0.00708
53	0.01431	0.08026	0.11572	0.02579	0.04303	0.01124	0.14896	0.11846	0.07608	0.19231	0.02919	0.04894	0.02220	0.00595	0.00518	0.00154	0.02179	0.00521	0.02670	0.00714
54	0.00711	0.00484	0.00638	0.02837	0.00804	0.00462	0.00489	0.00840	0.01040	0.04241	0.17520	0.45472	0.06019	0.08397	0.02606	0.00223	0.00334	0.04096	0.02358	0.00428
55	0.00687	0.00550	0.00772	0.10559	0.01111	0.00544	0.02936	0.00874	0.02662	0.01417	0.15479	0.40599	0.15368	0.01218	0.00593	0.00181	0.00339	0.03227	0.00436	0.00448
56	0.03157	0.13248	0.24051	0.07391	0.05677	0.05661	0.10284	0.08367	0.03294	0.04428	0.01037	0.04168	0.00844	0.02086	0.02412	0.00171	0.02331	0.00446	0.00280	0.00666
57	0.01590	0.02673	0.01113	0.05012	0.01269	0.07254	0.00746	0.10269	0.03215	0.32736	0.02846	0.01636	0.01151	0.01070	0.11265	0.04198	0.02331	0.01517	0.07447	0.00663
58	0.06062	0.01117	0.03410	0.02735	0.01401	0.01145	0.02642	0.34875	0.09371	0.20134	0.01487	0.02841	0.01097	0.00674	0.01707	0.00163	0.00493	0.03170	0.04719	0.00756
59	0.08638	0.04024	0.01361	0.01167	0.01442	0.53312	0.04152	0.04281	0.04742	0.05309	0.01062	0.02323	0.02394	0.00569	0.00454	0.00139	0.00741	0.02989	0.00306	0.00594
60	0.01247	0.21558	0.19005	0.05577	0.07981	0.02954	0.10385	0.05290	0.08685	0.06784	0.01133	0.05299	0.00922	0.00538	0.00460	0.00146	0.00593	0.00457	0.00299	0.00687
61	0.00685	0.00490	0.00635	0.00696	0.00770	0.00469	0.00505	0.00808	0.01026	0.03415	0.09567	0.48500	0.13883	0.03333	0.02130	0.00210	0.02456	0.09543	0.00454	0.00426
62	0.14036	0.00780	0.00895	0.00806	0.01030	0.00792	0.01887	0.15418	0.01297	0.13639	0.03421	0.24326	0.11703	0.00981	0.00530	0.00172	0.00384	0.06867	0.00460	0.00577
63	0.00788	0.00654	0.02424	0.00929	0.03820	0.00616	0.06690	0.05417	0.04102	0.01477	0.04696	0.56070	0.02649	0.01294	0.02057	0.00197	0.00385	0.02592	0.02656	0.00486
64	0.00650	0.00470	0.00595	0.00625	0.00711	0.00431	0.00445	0.00808	0.01160	0.01593	0.36050	0.36033	0.13095	0.01238	0.00591	0.00173	0.00256	0.01100	0.03545	0.00431
65	0.30245	0.02873	0.01171	0.00915	0.01241	0.01241	0.00756	0.28521	0.02547	0.06506	0.00964	0.01049	0.00727	0.00545	0.00525	0.00147	0.08799	0.00365	0.00377	0.10488
66	0.02958	0.05948	0.26635	0.03701	0.09706	0.05671	0.01144	0.03057	0.02881	0.03349	0.02708	0.01127	0.00802	0.00454	0.00428	0.00124	0.00554	0.00361	0.00273	0.28119
67	0.02594	0.03097	0.02864	0.02680	0.02858	0.00825	0.00709	0.11481	0.06660	0.21879	0.01561	0.10674	0.02534	0.00881	0.00734	0.14781	0.00428	0.01890	0.00418	0.10451
68	0.00851	0.00703	0.00730	0.00696	0.00875	0.02774	0.00525	0.04049	0.20029	0.01658	0.11897	0.12812	0.33460	0.01030	0.00546	0.00164	0.00312	0.00872	0.05489	0.00528
69	0.00956	0.00925	0.01643	0.64967	0.03110	0.01094	0.12490	0.01284	0.01004	0.01310	0.00947	0.03453	0.00746	0.00516	0.00527	0.00165	0.02244	0.00483	0.01579	0.00558
70	0.01806	0.02113	0.01441	0.01343	0.05964	0.62933	0.00979	0.14702	0.01531	0.01544	0.00840	0.00954	0.00675	0.00517	0.00454	0.00131	0.00811	0.00345	0.00293	0.00626
71	0.10595	0.00945	0.02548	0.07358	0.05015	0.00820	0.05454	0.02292	0.02276	0.03424	0.02663	0.01212	0.02510	0.00438	0.00404	0.00107	0.00432	0.00365	0.00302	0.50839
72	0.06161	0.01165	0.08429	0.05270	0.06086	0.06071	0.04612	0.09103	0.15383	0.08172	0.12179	0.03372	0.06243	0.00692	0.00548	0.00159	0.03757	0.01542	0.00402	0.00653
73	0.01845	0.01154	0.01311	0.01016	0.01393	0.01207	0.00834	0.45361	0.07698	0.24645	0.03276	0.01418	0.01077	0.00599	0.00489	0.00147	0.00479	0.00468	0.00516	0.05066
74	0.01221	0.35276	0.17812	0.01074	0.04079	0.03432	0.04997	0.03898	0.01145	0.06580	0.09371	0.01477	0.03320	0.00555	0.00429	0.00134	0.00540	0.01808	0.02205	0.00644
75	0.08641	0.08410	0.04516	0.08105	0.07480	0.11547	0.13433	0.07124	0.02989	0.14646	0.04708	0.02986	0.01037	0.01652	0.00502	0.00153	0.00594	0.00468	0.00347	0.00662
76	0.00941	0.00923	0.03305	0.03220	0.01207	0.01176	0.00926	0.01080	0.00787	0.01179	0.01022	0.01522	0.03673	0.05206	0.21476	0.00367	0.50761	0.00487	0.00239	0.00503
77	0.00673	0.00504	0.00629	0.00659	0.00758	0.00475	0.00481	0.00889	0.04901	0.01579	0.30988	0.32934	0.15763	0.01245	0.00599	0.00178	0.00275	0.05536	0.00489	0.00447
78	0.01111	0.05046	0.09075	0.09334	0.15734	0.02750	0.29829	0.01456	0.02273	0.03260	0.01162	0.08953	0.01006	0.00563	0.00540	0.00159	0.02214	0.00568	0.04324	0.00643
79	0.05260	0.01105	0.07991	0.20946	0.07670	0.08674	0.00970	0.04711	0.06965	0.01415	0.01140	0.03738	0.01026	0.14076	0.06375	0.04502	0.02116	0.00495	0.00282	0.00544
80	0.00630	0.00477	0.00608	0.00679	0.00744	0.00456	0.00483	0.00740	0.01006	0.01320	0.07410	0.55142	0.18150	0.01416	0.00654	0.00193	0.03214	0.05812	0.00452	0.00414
81	0.00927	0.01298	0.25989	0.03199	0.01480	0.02946	0.07713	0.02763	0.01123	0.04329	0.09695	0.18389	0.06439	0.02022	0.00581	0.00178	0.00522	0.09478	0.00360	0.00570
82	0.02946	0.02309	0.06493	0.12236	0.21100	0.06137	0.16276	0.05908	0.02542	0.03140	0.03471	0.01335	0.00892	0.00684	0.03097	0.05931	0.04126	0.00467	0.00274	0.00638
83	0.04051	0.00629	0.00791	0.00776	0.02426	0.00640	0.02201	0.08105	0.01114	0.08229	0.01909	0.32872	0.01919	0.01173	0.05859	0.01712	0.02082	0.00822	0.22179	0.00511
84	0.02360	0.00765	0.01181	0.21857	0.01678	0.00885	0.07546	0.01102	0.03064	0.01287	0.01574	0.05677	0.08864	0.08421	0.17682	0.00331	0.10955	0.02164	0.02114	0.00494
85	0.06215	0.02000	0.04204	0.02911	0.01526	0.57543	0.03537	0.04909	0.05068	0.01421	0.00890	0.01025	0.00717	0.00583	0.02229	0.00148	0.00795	0.00353	0.03335	0.00590
86	0.01208	0.08900	0.29640	0.08475	0.06726	0.04014	0.11601	0.02997	0.04189	0.09297	0.01137	0.01325	0.02592	0.02456	0.00568	0.01515	0.01959	0.00441	0.00283	0.00677
87	0.56583	0.05227	0.03138	0.03897	0.08731	0.12479	0.00764	0.01522	0.00961	0.01902	0.00730	0.00875	0.00582	0.00461	0.00353	0.00146	0.00498	0.00298	0.00281	0.00572
88	0.00887	0.00764	0.01133	0.26322	0.08931	0.00829	0.03074	0.03932	0.06382	0.01549	0.14045	0.12175	0.11422	0.00889	0.02124	0.00178	0.00472	0.02806	0.01541	0.00544
89	0.00606	0.00447	0.00567	0.00646	0.00707	0.00408	0.00443	0.00712	0.01017	0.01339	0.10884	0.61460	0.16090	0.01436	0.00615	0.00189	0.00274	0.01285	0.00465	0.00408
90	0.00966	0.03911	0.04826	0.66936	0.06307	0.01132	0.01340	0.01323	0.03366	0.01306	0.00924	0.01348	0.00715	0.00510	0.00507	0.00162	0.02099	0.01519	0.00231	0.00572
91	0.00858	0.00739	0.01101	0.26276	0.03122	0.00897	0.00901	0.01114	0.03703	0.01321	0.07176	0.05852	0.03380	0.03211	0.21993	0.00343	0.13260	0.00568	0.03680	0.00503
92	0.00804	0.00619	0.00928	0.04224	0.01070	0.00611	0.08783	0.01036	0.06533	0.03577	0.11401	0.35354	0.05120	0.08007	0.02960	0.03969	0.00414	0.02491	0.01631	0.00467
93	0.01795	0.05560	0.01488	0.01170	0.01498	0.31695	0.00936	0.41805	0.03437	0.02211	0.00999	0.01060	0.00757	0.00559	0.00496	0.00140	0.02910	0.00388	0.00380	0.00715
94	0.00613	0.00438	0.00567	0.00661	0.00695	0.00410	0.00438	0.00697	0.00941	0.01253	0.05412	0.69126	0.05850	0.09433	0.00807	0.00224	0.00301	0.01300	0.00444	0.00392
95	0.67874	0.00856	0.00703	0.00647	0.00904	0.00971	0.00516	0.01327	0.02141	0.02044	0.05728	0.06884	0.03133	0.01717	0.00427	0.02501	0.00364	0.00419	0.00334	0.00508
96	0.00647	0.00480	0.00593	0.00617	0.00708	0.00437	0.00437	0.00787	0.01117	0.01500	0.29434	0.31517	0.18559	0.07620	0.00745	0.00198	0.00278	0.02181	0.00471	0.01675
97	0.00875	0.00508	0.00600	0.00583	0.00671	0.00487	0.00402	0.00997	0.00995	0.08144	0.14187	0.08429	0.04662	0.33350	0.01289	0.00279	0.00356	0.03397	0.19369	0.00422
98	0.01809	0.01288	0.01395	0.01085	0.01461	0.01416	0.00891	0.64092	0.09279	0.08224	0.01317	0.01289	0.00933	0.00598	0.00489	0.00149	0.00511	0.00457	0.02495	0.00822
99	0.00628	0.00462	0.00560	0.00607	0.00674	0.00425	0.00411	0.00728	0.01005	0.01318	0.13648	0.40047	0.20513	0.15540	0.00937	0.00234	0.00303	0.01126	0.00440	0.00394
100	0.00768	0.00557	0.00663	0.00662	0.00812	0.00520	0.00513	0.01021	0.06652	0.05457	0.22028	0.12877	0.32096	0.01164	0.00590	0.00175	0.00297	0.12184	0.00487	0.00477
101	0.03870	0.00488	0.00678	0.00680	0.00737	0.00511	0.00494	0.00762	0.00759	0.01059	0.01459	0.02120	0.08396	0.03566	0.23900	0.45086	0.00661	0.04187	0.00266	0.00320
102	0.00939	0.01038	0.14636	0.14158	0.04783	0.00835	0.02646	0.04918	0.05349	0.04374	0.09129	0.15322	0.09114	0.06057	0.01612	0.00193	0.01782	0.00713	0.01839	0.00563
103	0.04673	0.34049	0.06635	0.00955	0.01329	0.04753	0.03202	0.07968	0.05602	0.15398	0.02280	0.04182	0.03619	0.00577	0.00453	0.00137	0.02734	0.00433	0.00348	0.00672
104	0.01326	0.23387	0.04932	0.02767	0.03089	0.22238	0.02628	0.04539	0.01159	0.01396	0.00920	0.06069	0.00834	0.00520	0.00433	0.00119	0.02231	0.00385	0.00269	0.20761
105	0.00833	0.00709	0.03549	0.00833	0.00942	0.03545	0.02697	0.00983	0.00842	0.03553	0.02485	0.03808	0.01356	0.20548	0.45760	0.00584	0.05670	0.00574	0.00284	0.00445
106	0.06315	0.50588	0.04713	0.00931	0.01304	0.08717	0.00868	0.08280	0.02494	0.01436	0.00790	0.00920	0.00683	0.00587	0.03302	0.00145	0.04401	0.00310	0.00254	0.02960

[dist]
# distance from previous block
# <min> <max>
0	1

[block]
# block no. 1 follows, 51 sequences, length 17
# corresponding to MSA columns:
# 425-441
name=unknown_B
#
# <colnr> <probs for GDERKNQSTAVLIFYWHMCP>
#	G	D	E	R	K	N	Q	S	T	A	V	L	I	F	Y	W	H	M	C	P
0	0.07616	0.23385	0.14200	0.03226	0.04396	0.11461	0.05203	0.03251	0.01147	0.06787	0.06978	0.01487	0.04255	0.00624	0.01983	0.00152	0.00589	0.02333	0.00301	0.00625
1	0.01135	0.06440	0.03041	0.00729	0.00940	0.00781	0.00592	0.10740	0.04158	0.09962	0.07901	0.09509	0.01628	0.05208	0.07167	0.00210	0.00438	0.00587	0.26399	0.02436
2	0.10075	0.14649	0.03030	0.10007	0.12856	0.04628	0.00946	0.13376	0.01292	0.15207	0.01143	0.01305	0.00868	0.00528	0.00434	0.00142	0.00515	0.02052	0.06264	0.00683
3	0.00924	0.00755	0.00785	0.00790	0.00922	0.08136	0.00576	0.03190	0.11467	0.05503	0.04135	0.41073	0.10569	0.01386	0.07176	0.00229	0.00449	0.00990	0.00438	0.00506
4	0.00761	0.00529	0.00756	0.00746	0.00829	0.00593	0.00560	0.00904	0.00799	0.04054	0.01382	0.02157	0.01331	0.18101	0.63391	0.00708	0.01128	0.00560	0.00282	0.00428
5	0.08163	0.07713	0.25547	0.01429	0.13879	0.05226	0.06291	0.03172	0.01095	0.04265	0.01025	0.04356	0.00860	0.00520	0.00452	0.00142	0.00586	0.02828	0.00275	0.12175
6	0.01849	0.00954	0.03775	0.01224	0.13286	0.00849	0.00877	0.07056	0.02726	0.52530	0.05013	0.01650	0.01258	0.00720	0.03765	0.00177	0.00489	0.00497	0.00513	0.00791
7	0.01062	0.01233	0.11816	0.14326	0.04117	0.01122	0.24598	0.01527	0.10517	0.03504	0.04327	0.01688	0.07312	0.00610	0.00655	0.00169	0.09933	0.00552	0.00302	0.00632
8	0.00888	0.00461	0.00461	0.00461	0.00580	0.00454	0.00346	0.01109	0.01038	0.01791	0.01881	0.02071	0.07699	0.00628	0.00363	0.00119	0.00231	0.00506	0.78459	0.00454
9	0.02676	0.07346	0.08563	0.04510	0.27459	0.02609	0.01133	0.13855	0.03034	0.01783	0.00946	0.01138	0.00762	0.00538	0.02029	0.00146	0.03865	0.00390	0.00292	0.16924
10	0.00949	0.02571	0.01027	0.00919	0.01051	0.07900	0.03146	0.01176	0.04926	0.04362	0.01281	0.03264	0.01172	0.05984	0.50367	0.00565	0.08036	0.00520	0.00288	0.00497
11	0.00724	0.00524	0.00642	0.00695	0.00774	0.00513	0.00480	0.00965	0.09955	0.03395	0.05850	0.54717	0.09356	0.08053	0.00758	0.00213	0.00311	0.01169	0.00456	0.00450
12	0.03133	0.01356	0.07841	0.06502	0.29610	0.05658	0.21314	0.09815	0.04536	0.01754	0.03041	0.01295	0.00875	0.00482	0.00507	0.00153	0.00653	0.00476	0.00288	0.00712
13	0.00995	0.00855	0.00922	0.00739	0.01040	0.04815	0.00569	0.04354	0.06082	0.01670	0.16120	0.01984	0.06505	0.07358	0.00612	0.00139	0.00377	0.00510	0.00369	0.43984
14	0.10964	0.02725	0.06238	0.24123	0.07589	0.01094	0.06010	0.04979	0.04637	0.01619	0.00909	0.01156	0.00715	0.00489	0.00529	0.00144	0.06756	0.00393	0.00272	0.18659
15	0.00760	0.00472	0.00677	0.00682	0.00722	0.00500	0.00482	0.00746	0.00751	0.01033	0.03577	0.06076	0.03269	0.10956	0.30483	0.36911	0.00738	0.00571	0.00268	0.00326
16	0.03126	0.00835	0.00958	0.08151	0.02125	0.04954	0.00698	0.06969	0.16840	0.07385	0.09551	0.09790	0.03692	0.07088	0.02602	0.10032	0.00459	0.03789	0.00405	0.00550

[dist]
# distance from previous block
# <min> <max>
2	6

[block]
# block no. 2 follows, 51 sequences, length 26
# corresponding to MSA columns:
# 448-464,473-481
name=unknown_C
#
# <colnr> <probs for GDERKNQSTAVLIFYWHMCP>
#	G	D	E	R	K	N	Q	S	T	A	V	L	I	F	Y	W	H	M	C	P
0	0.11642	0.06839	0.30000	0.02995	0.17711	0.01204	0.08240	0.08593	0.01159	0.01751	0.01056	0.01261	0.03427	0.00503	0.00461	0.00152	0.00612	0.01432	0.00269	0.00694
1	0.01064	0.00984	0.01538	0.57836	0.05191	0.04349	0.05833	0.03507	0.01046	0.04289	0.00926	0.01306	0.00708	0.00624	0.03242	0.00185	0.06106	0.00445	0.00246	0.00576
2	0.00646	0.00512	0.00587	0.00568	0.00718	0.00445	0.00427	0.00816	0.01214	0.01587	0.33581	0.07345	0.42978	0.01132	0.00576	0.00160	0.00252	0.02327	0.00483	0.03643
3	0.00705	0.00561	0.03045	0.04806	0.00909	0.00492	0.00545	0.00882	0.01153	0.03599	0.32891	0.34815	0.11363	0.01189	0.00589	0.00174	0.00296	0.01057	0.00474	0.00455
4	0.01301	0.79756	0.05728	0.00864	0.01296	0.01912	0.00880	0.01475	0.01000	0.01172	0.00691	0.00798	0.00630	0.00422	0.00321	0.00107	0.00534	0.00267	0.00210	0.00635
5	0.00666	0.00498	0.00601	0.00579	0.00694	0.00456	0.00422	0.00838	0.01214	0.01641	0.46788	0.03859	0.24942	0.11442	0.03041	0.00216	0.00297	0.00898	0.00479	0.00429
6	0.86201	0.00950	0.00722	0.00646	0.00950	0.01102	0.00532	0.01445	0.00836	0.02205	0.00684	0.00798	0.00532	0.00456	0.00304	0.00152	0.00380	0.00266	0.00304	0.00532
7	0.00741	0.00490	0.00554	0.00550	0.00586	0.00477	0.00335	0.00778	0.00814	0.02890	0.04163	0.03387	0.10331	0.65288	0.02086	0.00410	0.00436	0.02836	0.02511	0.00336
8	0.00834	0.00528	0.00664	0.00699	0.00769	0.02469	0.00497	0.00891	0.00962	0.06862	0.06735	0.37016	0.04378	0.07446	0.00998	0.16837	0.00362	0.08036	0.02617	0.00402
9	0.51760	0.11678	0.02419	0.00871	0.01190	0.19947	0.03008	0.01575	0.01000	0.01808	0.00714	0.00837	0.00576	0.00462	0.00349	0.00141	0.00536	0.00288	0.00277	0.00560
10	0.01092	0.01114	0.03955	0.38010	0.22162	0.06178	0.05575	0.02412	0.04099	0.01408	0.00944	0.01292	0.00751	0.00646	0.03756	0.01924	0.03375	0.00443	0.00244	0.00620
11	0.00828	0.00438	0.00633	0.00633	0.00637	0.00442	0.00418	0.00661	0.00657	0.00880	0.00967	0.01742	0.00995	0.12543	0.05630	0.70490	0.00474	0.00470	0.00227	0.00235
12	0.00827	0.00480	0.00680	0.00679	0.00705	0.00498	0.00471	0.00748	0.03444	0.00986	0.01311	0.09504	0.05327	0.01707	0.05893	0.62433	0.03196	0.00563	0.00263	0.00285
13	0.03154	0.00728	0.00836	0.07982	0.05679	0.07242	0.00642	0.00998	0.01133	0.01491	0.23660	0.14312	0.18432	0.01204	0.05941	0.03201	0.00442	0.02048	0.00404	0.00470
14	0.00609	0.00443	0.00576	0.00679	0.00726	0.00411	0.00468	0.00706	0.00970	0.01275	0.02926	0.70100	0.10758	0.01499	0.00626	0.00198	0.00292	0.05878	0.00456	0.00404
15	0.02659	0.16883	0.24822	0.13999	0.06967	0.08088	0.03436	0.08750	0.01167	0.02774	0.00867	0.01062	0.00673	0.00499	0.00512	0.00147	0.05401	0.00375	0.00252	0.00666
16	0.04801	0.02101	0.05983	0.12513	0.17286	0.05218	0.04433	0.08791	0.05722	0.06014	0.01094	0.01450	0.00896	0.00818	0.03494	0.11631	0.03740	0.03095	0.00303	0.00616
17	0.01305	0.02053	0.06644	0.05525	0.34376	0.02081	0.01129	0.03779	0.02289	0.16674	0.03445	0.01739	0.05741	0.02181	0.04357	0.01616	0.01768	0.02256	0.00347	0.00698
18	0.00776	0.00555	0.00774	0.00887	0.00994	0.00552	0.00765	0.00991	0.01116	0.01453	0.02610	0.11701	0.02862	0.01372	0.00675	0.00224	0.00439	0.70351	0.00453	0.00448
19	0.01011	0.03850	0.06915	0.15046	0.21023	0.02229	0.02662	0.01323	0.05361	0.03484	0.03385	0.07344	0.13616	0.00745	0.00606	0.00165	0.07049	0.03262	0.00318	0.00606
20	0.01389	0.68093	0.04383	0.00923	0.01325	0.14487	0.00883	0.01552	0.01062	0.01174	0.00700	0.00810	0.00631	0.00435	0.00340	0.00110	0.00588	0.00274	0.00217	0.00623
21	0.03978	0.00554	0.00735	0.00720	0.00810	0.00622	0.00539	0.03446	0.00844	0.01259	0.01346	0.02088	0.01289	0.17934	0.52944	0.02075	0.01000	0.00542	0.06848	0.00427
22	0.01314	0.83025	0.02575	0.00841	0.01261	0.01945	0.00841	0.01472	0.00999	0.01156	0.00683	0.00788	0.00631	0.00420	0.00315	0.00105	0.00526	0.00263	0.00210	0.00631
23	0.00700	0.00514	0.00595	0.00567	0.00720	0.00449	0.00428	0.00875	0.01252	0.04955	0.37638	0.04133	0.43173	0.01112	0.00577	0.00160	0.00249	0.00949	0.00500	0.00454
24	0.01824	0.02225	0.01366	0.01233	0.01488	0.74336	0.00926	0.03707	0.01399	0.03961	0.00828	0.00973	0.00684	0.02382	0.00493	0.00136	0.00853	0.00335	0.00272	0.00579
25	0.01054	0.15337	0.23130	0.01015	0.01447	0.02715	0.03559	0.04456	0.01045	0.01474	0.01021	0.05839	0.00906	0.02933	0.08563	0.00201	0.02226	0.00423	0.00266	0.22390

[dist]
# distance from previous block
# <min> <max>
0	122

# created by:
# /home/cegg/simao/soft/augustus-3.2.1/scripts/msa2prfl.pl ./align_prep/EOG091G0ZEJ.fa
