[name]
unknown

[dist]
# distance from previous block
# <min> <max>
0	69

[block]
# block no. 0 follows, 50 sequences, length 29
# corresponding to MSA columns:
# 72-100
name=unknown_A
#
# <colnr> <probs for GDERKNQSTAVLIFYWHMCP>
#	G	D	E	R	K	N	Q	S	T	A	V	L	I	F	Y	W	H	M	C	P
0	0.02922	0.05191	0.08889	0.02759	0.08295	0.04960	0.13039	0.04563	0.03354	0.01503	0.04581	0.03877	0.01259	0.03404	0.00820	0.14541	0.00563	0.08295	0.00303	0.06882
1	0.05739	0.08691	0.06950	0.06419	0.15425	0.09831	0.09302	0.03230	0.03388	0.14553	0.06430	0.01463	0.02171	0.00589	0.00534	0.03222	0.00582	0.00468	0.00341	0.00673
2	0.01088	0.14330	0.13958	0.01078	0.07400	0.02952	0.02837	0.05460	0.04736	0.05957	0.07584	0.08394	0.16120	0.03576	0.00569	0.00163	0.00477	0.00643	0.00365	0.02313
3	0.05483	0.31854	0.16433	0.01040	0.03628	0.05000	0.00997	0.06649	0.06685	0.03431	0.06444	0.01233	0.01033	0.00584	0.02132	0.00146	0.00557	0.00384	0.00300	0.05987
4	0.01206	0.29886	0.20592	0.01179	0.03657	0.06600	0.08306	0.04967	0.03310	0.01465	0.01136	0.01299	0.05162	0.02092	0.03355	0.00165	0.00638	0.00410	0.00262	0.04316
5	0.01143	0.01776	0.34302	0.02104	0.35441	0.03083	0.04825	0.03185	0.01127	0.01622	0.00957	0.02707	0.00766	0.00479	0.00486	0.00150	0.00654	0.00428	0.00244	0.04522
6	0.01038	0.00853	0.00999	0.00847	0.04642	0.02921	0.00626	0.03972	0.01169	0.04373	0.13907	0.03826	0.06495	0.00676	0.02575	0.00126	0.00397	0.00497	0.00366	0.49697
7	0.00721	0.00534	0.00688	0.00711	0.04296	0.00494	0.00494	0.00933	0.01308	0.01831	0.56482	0.05917	0.15184	0.03190	0.00625	0.00166	0.00262	0.00891	0.04800	0.00471
8	0.01217	0.01201	0.01984	0.04492	0.66075	0.04011	0.06687	0.01508	0.01145	0.01591	0.01122	0.01393	0.04345	0.00483	0.00503	0.00150	0.00606	0.00477	0.00257	0.00752
9	0.00632	0.00507	0.00565	0.00550	0.00700	0.00439	0.00413	0.00799	0.01239	0.01590	0.32648	0.04397	0.51421	0.01172	0.00589	0.00164	0.00246	0.00996	0.00495	0.00439
10	0.01593	0.37247	0.05520	0.01103	0.01456	0.42817	0.00955	0.01756	0.01223	0.01216	0.00743	0.00863	0.00641	0.00474	0.00394	0.00120	0.00733	0.00300	0.00236	0.00612
11	0.01234	0.01184	0.02023	0.03059	0.79373	0.01184	0.01530	0.01530	0.01135	0.01628	0.00938	0.01234	0.00790	0.00444	0.00493	0.00148	0.00592	0.00444	0.00247	0.00790
12	0.00866	0.00433	0.00649	0.00649	0.00649	0.00433	0.00433	0.00649	0.00649	0.00866	0.00866	0.01515	0.00866	0.01732	0.01948	0.85498	0.00433	0.00433	0.00216	0.00216
13	0.01359	0.78713	0.02551	0.00875	0.01293	0.05946	0.00858	0.01518	0.01033	0.01175	0.00697	0.00805	0.00640	0.00431	0.00326	0.00108	0.00552	0.00269	0.00215	0.00637
14	0.80762	0.01000	0.00766	0.00681	0.00991	0.03333	0.00558	0.01513	0.00884	0.04870	0.00740	0.00843	0.00567	0.00469	0.00319	0.00154	0.00401	0.00279	0.00318	0.00551
15	0.01836	0.01243	0.01330	0.01056	0.01418	0.05458	0.00859	0.42759	0.12937	0.20587	0.04277	0.01483	0.01161	0.00624	0.00501	0.00153	0.00505	0.00487	0.00516	0.00812
16	0.02185	0.00872	0.01244	0.00946	0.01337	0.00758	0.04478	0.02389	0.01414	0.75910	0.01920	0.01679	0.01211	0.00607	0.00505	0.00155	0.00444	0.00505	0.00599	0.00840
17	0.00818	0.00530	0.00684	0.00635	0.00771	0.00485	0.00480	0.01043	0.01375	0.07497	0.65474	0.05148	0.07327	0.00992	0.00572	0.00156	0.00250	0.00870	0.04401	0.00494
18	0.01213	0.01164	0.01987	0.08459	0.74131	0.01179	0.01520	0.01512	0.01125	0.01604	0.00934	0.01240	0.00781	0.00448	0.00494	0.00149	0.00597	0.00444	0.00245	0.00773
19	0.01734	0.02162	0.01431	0.01288	0.01502	0.67372	0.00984	0.01859	0.01305	0.01217	0.00751	0.00931	0.00644	0.00573	0.00646	0.00143	0.14293	0.00340	0.00250	0.00572
20	0.02150	0.01021	0.01239	0.00957	0.01341	0.03779	0.00787	0.18569	0.01623	0.60459	0.01758	0.01561	0.01130	0.00609	0.00499	0.00152	0.00468	0.00484	0.00579	0.00838
21	0.00607	0.00448	0.00569	0.00660	0.00715	0.00409	0.00449	0.00705	0.00998	0.01306	0.05332	0.66859	0.16129	0.01496	0.00627	0.00195	0.00281	0.01341	0.00465	0.00409
22	0.01333	0.82783	0.02612	0.00853	0.01279	0.01972	0.00853	0.01493	0.01013	0.01173	0.00693	0.00800	0.00640	0.00426	0.00320	0.00107	0.00533	0.00267	0.00213	0.00640
23	0.01333	0.82783	0.02612	0.00853	0.01279	0.01972	0.00853	0.01493	0.01013	0.01173	0.00693	0.00800	0.00640	0.00426	0.00320	0.00107	0.00533	0.00267	0.00213	0.00640
24	0.05054	0.05203	0.04847	0.00946	0.01328	0.03824	0.00811	0.12309	0.04993	0.49628	0.04731	0.01581	0.01229	0.00608	0.00485	0.00151	0.00467	0.00480	0.00530	0.00794
25	0.01018	0.00582	0.00731	0.00652	0.00835	0.00517	0.00499	0.01207	0.01317	0.18994	0.41043	0.03502	0.21107	0.04958	0.00664	0.00175	0.00293	0.00839	0.00532	0.00534
26	0.01185	0.01134	0.01935	0.16176	0.66640	0.01171	0.01505	0.01487	0.01112	0.01569	0.00929	0.01250	0.00769	0.00453	0.00494	0.00151	0.00604	0.00444	0.00242	0.00750
27	0.01266	0.05020	0.21505	0.05919	0.26891	0.13309	0.04861	0.01708	0.08233	0.02996	0.01053	0.01304	0.00840	0.00511	0.00485	0.00152	0.00664	0.02298	0.00273	0.00713
28	0.00911	0.00555	0.00692	0.00640	0.00805	0.00497	0.00491	0.01109	0.01309	0.13110	0.42224	0.06473	0.21278	0.01027	0.00569	0.00161	0.00275	0.02986	0.04379	0.00511

[dist]
# distance from previous block
# <min> <max>
3	6

[block]
# block no. 1 follows, 50 sequences, length 44
# corresponding to MSA columns:
# 108-147,161-164
name=unknown_B
#
# <colnr> <probs for GDERKNQSTAVLIFYWHMCP>
#	G	D	E	R	K	N	Q	S	T	A	V	L	I	F	Y	W	H	M	C	P
0	0.05170	0.02447	0.09673	0.14756	0.47692	0.02724	0.02567	0.01475	0.01093	0.01579	0.03118	0.01265	0.00844	0.00486	0.00519	0.00154	0.03040	0.00438	0.00250	0.00711
1	0.00798	0.00606	0.00809	0.00768	0.00887	0.00650	0.00576	0.03247	0.02977	0.01266	0.01431	0.07725	0.01421	0.16657	0.46893	0.00580	0.02537	0.00601	0.00302	0.09268
2	0.14826	0.01506	0.03877	0.01931	0.32219	0.21950	0.06830	0.04529	0.01197	0.01663	0.00873	0.01087	0.00711	0.00484	0.00489	0.00147	0.02921	0.00393	0.01692	0.00674
3	0.00735	0.00531	0.00766	0.00781	0.00868	0.00601	0.00609	0.00915	0.00861	0.01254	0.01562	0.08198	0.01526	0.03075	0.60135	0.00643	0.02177	0.06751	0.07565	0.00446
4	0.00963	0.03218	0.05111	0.01397	0.21297	0.00839	0.04334	0.03217	0.06122	0.02751	0.31176	0.04667	0.11253	0.00804	0.00543	0.00157	0.00412	0.00717	0.00416	0.00607
5	0.01000	0.02578	0.79900	0.01421	0.02157	0.01158	0.01842	0.01579	0.01052	0.01579	0.00895	0.01052	0.00631	0.00474	0.00474	0.00158	0.00737	0.00368	0.00210	0.00737
6	0.01675	0.07459	0.01598	0.01275	0.01554	0.49064	0.06639	0.11027	0.03203	0.01511	0.00875	0.01024	0.00712	0.00548	0.00559	0.00141	0.07787	0.00372	0.02358	0.00621
7	0.00812	0.00603	0.00725	0.00681	0.00691	0.00677	0.00445	0.02679	0.00771	0.01057	0.01414	0.02862	0.01602	0.67362	0.02342	0.00432	0.13524	0.00672	0.00293	0.00354
8	0.16445	0.01095	0.01298	0.09692	0.04482	0.04125	0.04162	0.19628	0.05954	0.21299	0.03065	0.01370	0.00988	0.00571	0.00489	0.00155	0.02005	0.00448	0.02012	0.00718
9	0.00633	0.00459	0.00603	0.00708	0.00761	0.00429	0.00502	0.00742	0.00997	0.01309	0.02932	0.64954	0.09810	0.01510	0.00639	0.00203	0.00309	0.11623	0.00462	0.00414
10	0.00707	0.00549	0.00660	0.00671	0.00814	0.00505	0.00524	0.00934	0.04225	0.01580	0.23545	0.11703	0.30573	0.01199	0.00604	0.00179	0.00305	0.17026	0.00481	0.03218
11	0.01287	0.65519	0.02274	0.00878	0.01245	0.07622	0.00830	0.01447	0.01013	0.01174	0.00787	0.00966	0.00723	0.00887	0.11334	0.00204	0.00670	0.00307	0.00224	0.00608
12	0.62745	0.00996	0.00885	0.00776	0.01075	0.03335	0.03907	0.02554	0.08480	0.02111	0.02558	0.01310	0.04561	0.00557	0.00375	0.00158	0.00416	0.02293	0.00342	0.00566
13	0.00910	0.00838	0.01400	0.70240	0.03084	0.01041	0.01280	0.01221	0.00970	0.01258	0.00948	0.01415	0.00744	0.00943	0.11478	0.00253	0.00756	0.00455	0.00228	0.00539
14	0.00623	0.00441	0.00574	0.00673	0.00698	0.00416	0.00441	0.00698	0.00923	0.01230	0.02586	0.71330	0.03093	0.12667	0.00897	0.00241	0.00316	0.01322	0.00441	0.00391
15	0.05248	0.00600	0.00733	0.02950	0.00887	0.00576	0.00510	0.01185	0.03526	0.14454	0.24396	0.13687	0.10833	0.15189	0.00895	0.00220	0.00343	0.00825	0.02439	0.00505
16	0.00618	0.00482	0.00559	0.00611	0.00716	0.00429	0.00441	0.00734	0.01059	0.01327	0.04974	0.34506	0.41012	0.03812	0.00673	0.00195	0.00288	0.06691	0.00459	0.00415
17	0.00973	0.00558	0.00567	0.00534	0.00684	0.00560	0.00409	0.08306	0.01180	0.01909	0.02055	0.02199	0.11927	0.00676	0.00396	0.00126	0.00265	0.00544	0.65637	0.00495
18	0.23026	0.01017	0.01248	0.01024	0.01344	0.01091	0.11226	0.06609	0.26271	0.12058	0.01588	0.04195	0.03476	0.03027	0.00533	0.00172	0.00462	0.00524	0.00426	0.00683
19	0.00662	0.00490	0.00590	0.00618	0.00727	0.00438	0.00447	0.00803	0.01140	0.02928	0.21785	0.30784	0.30739	0.02460	0.00634	0.00183	0.00274	0.03378	0.00484	0.00435
20	0.01984	0.01219	0.12045	0.01023	0.01460	0.00988	0.00937	0.20578	0.01598	0.50415	0.01633	0.01487	0.01057	0.00593	0.00497	0.00154	0.00497	0.00470	0.00532	0.00833
21	0.00764	0.00497	0.00608	0.00580	0.00699	0.00468	0.00435	0.00996	0.01306	0.01947	0.56471	0.03240	0.05371	0.00905	0.00523	0.00146	0.00235	0.00786	0.23557	0.00468
22	0.31285	0.00719	0.00739	0.00727	0.00909	0.00764	0.00554	0.04549	0.02383	0.07327	0.01855	0.32558	0.02996	0.04290	0.00581	0.00192	0.00366	0.06281	0.00414	0.00511
23	0.00823	0.00555	0.00687	0.00656	0.00762	0.00549	0.00467	0.01030	0.05595	0.06300	0.25861	0.06602	0.10031	0.25458	0.12123	0.00345	0.00484	0.00791	0.00427	0.00452
24	0.02166	0.00961	0.01227	0.00940	0.01329	0.00900	0.00777	0.17928	0.01615	0.63953	0.01808	0.01594	0.01154	0.00613	0.00501	0.00153	0.00450	0.00490	0.00593	0.00848
25	0.04864	0.00665	0.00980	0.00898	0.01075	0.00633	0.11113	0.02939	0.01142	0.02990	0.10115	0.25712	0.18317	0.01162	0.00604	0.00187	0.00398	0.15282	0.00438	0.00487
26	0.02888	0.00510	0.00614	0.00604	0.00689	0.00500	0.00423	0.00920	0.01039	0.03296	0.25379	0.07930	0.05676	0.25178	0.05883	0.03061	0.00397	0.02541	0.12057	0.00414
27	0.02057	0.00796	0.01062	0.00829	0.01177	0.00696	0.00680	0.02255	0.01374	0.69034	0.01920	0.01719	0.01240	0.00612	0.00480	0.00149	0.00398	0.00496	0.12231	0.00796
28	0.00874	0.00545	0.00735	0.00767	0.00848	0.00539	0.00552	0.00986	0.01028	0.12067	0.05782	0.60527	0.02871	0.01354	0.00691	0.00195	0.06349	0.02341	0.00469	0.00480
29	0.11703	0.00579	0.00677	0.00688	0.00832	0.00562	0.00526	0.01039	0.01123	0.07686	0.17750	0.26095	0.13789	0.01143	0.00566	0.00180	0.00318	0.11255	0.03008	0.00481
30	0.00833	0.00457	0.00676	0.00676	0.00701	0.00477	0.00473	0.00724	0.00699	0.00971	0.01002	0.01629	0.00968	0.02141	0.19669	0.62991	0.00629	0.00457	0.03549	0.00278
31	0.01299	0.71572	0.02463	0.00915	0.01283	0.01911	0.00885	0.01452	0.00979	0.01176	0.00688	0.00840	0.00642	0.00488	0.00500	0.00122	0.11654	0.00290	0.00214	0.00627
32	0.00729	0.00545	0.00821	0.00801	0.00888	0.00618	0.02371	0.00883	0.00797	0.01139	0.01335	0.02056	0.01277	0.11255	0.68519	0.03505	0.01211	0.00551	0.00268	0.00429
33	0.00727	0.00561	0.00799	0.00806	0.00897	0.00565	0.04922	0.00940	0.06700	0.01325	0.03852	0.44576	0.04756	0.06506	0.14250	0.03083	0.00524	0.03359	0.00405	0.00447
34	0.00922	0.00837	0.01221	0.03004	0.05286	0.01087	0.00907	0.01077	0.00806	0.01205	0.00985	0.01500	0.00932	0.02149	0.37546	0.00479	0.38822	0.00481	0.00242	0.00513
35	0.01089	0.00921	0.01063	0.00770	0.01205	0.00732	0.00617	0.05669	0.03387	0.01725	0.00937	0.01067	0.00768	0.00391	0.00381	0.00081	0.00380	0.00312	0.00313	0.78193
36	0.00709	0.00476	0.00548	0.00564	0.00568	0.00472	0.00324	0.00721	0.00756	0.01008	0.01732	0.14089	0.02016	0.71378	0.02276	0.00445	0.00457	0.00820	0.00324	0.00316
37	0.01034	0.00886	0.01034	0.00738	0.01181	0.00664	0.00591	0.01255	0.01034	0.01624	0.00886	0.01034	0.00738	0.00369	0.00369	0.00074	0.00369	0.00295	0.00295	0.85530
38	0.01310	0.04908	0.33635	0.01365	0.03439	0.01098	0.14596	0.05030	0.05574	0.16533	0.01313	0.06730	0.01011	0.00579	0.00507	0.00160	0.00627	0.00515	0.00342	0.00729
39	0.01718	0.01264	0.01370	0.01085	0.01433	0.01389	0.00881	0.67142	0.02153	0.02885	0.01409	0.12307	0.01184	0.00731	0.00518	0.00157	0.00513	0.00582	0.00494	0.00787
40	0.01048	0.00967	0.01592	0.31844	0.37746	0.01043	0.01277	0.01315	0.01024	0.01405	0.01004	0.01541	0.00882	0.11720	0.00772	0.00198	0.00597	0.00478	0.00246	0.03300
41	0.01056	0.01009	0.06074	0.00822	0.01223	0.02311	0.00697	0.05184	0.01085	0.01639	0.01009	0.04324	0.00881	0.01975	0.03925	0.00132	0.02517	0.00376	0.01531	0.62230
42	0.00804	0.04084	0.00749	0.00632	0.00770	0.00570	0.00489	0.01021	0.01301	0.03791	0.54641	0.03296	0.09946	0.00939	0.00574	0.00152	0.02812	0.00802	0.12142	0.00485
43	0.00616	0.00437	0.00576	0.00683	0.00710	0.00411	0.00451	0.00696	0.00937	0.01250	0.02659	0.76267	0.03186	0.07603	0.00778	0.00223	0.00304	0.01365	0.00451	0.00397

[dist]
# distance from previous block
# <min> <max>
0	18

[block]
# block no. 2 follows, 50 sequences, length 27
# corresponding to MSA columns:
# 195-221
name=unknown_C
#
# <colnr> <probs for GDERKNQSTAVLIFYWHMCP>
#	G	D	E	R	K	N	Q	S	T	A	V	L	I	F	Y	W	H	M	C	P
0	0.00726	0.00525	0.00787	0.00787	0.00868	0.00606	0.00606	0.00868	0.00787	0.01131	0.01293	0.01918	0.01212	0.03558	0.73441	0.08420	0.01254	0.00525	0.00262	0.00424
1	0.00830	0.00565	0.00629	0.00598	0.00634	0.00579	0.00360	0.07650	0.00870	0.01162	0.01537	0.03076	0.01725	0.75117	0.02354	0.00453	0.00489	0.00700	0.00320	0.00351
2	0.04319	0.00621	0.00722	0.00663	0.00843	0.00586	0.00499	0.01242	0.07835	0.13916	0.23937	0.08151	0.24778	0.08771	0.00745	0.00195	0.00316	0.00842	0.00493	0.00526
3	0.00696	0.00504	0.00671	0.00769	0.00850	0.00483	0.00600	0.00851	0.01063	0.01389	0.05147	0.37882	0.09945	0.03195	0.00695	0.00216	0.00362	0.33791	0.00460	0.00430
4	0.00956	0.00694	0.00898	0.00944	0.01099	0.00718	0.00810	0.11387	0.03595	0.01724	0.02431	0.07604	0.02572	0.01258	0.00656	0.00216	0.00463	0.60990	0.00466	0.00519
5	0.63259	0.00975	0.00841	0.00736	0.01042	0.01107	0.00599	0.06087	0.09678	0.06456	0.04440	0.01128	0.00891	0.00528	0.00365	0.00156	0.00391	0.00354	0.00369	0.00599
6	0.00681	0.00504	0.00578	0.00584	0.00722	0.00440	0.00429	0.00823	0.01164	0.04549	0.19176	0.20879	0.45181	0.01252	0.00595	0.00173	0.00264	0.01078	0.00486	0.00444
7	0.00606	0.00437	0.00575	0.00686	0.00721	0.00406	0.00459	0.00695	0.00962	0.01276	0.02850	0.78706	0.06682	0.01548	0.00634	0.00201	0.00288	0.01401	0.00463	0.00406
8	0.01234	0.01066	0.01108	0.01001	0.01267	0.03036	0.00774	0.02525	0.72447	0.01999	0.01936	0.01819	0.01465	0.00730	0.00584	0.04812	0.00408	0.00551	0.00486	0.00753
9	0.00638	0.00462	0.00580	0.00657	0.00708	0.00431	0.00448	0.00731	0.00975	0.01280	0.06101	0.52485	0.13143	0.13517	0.00913	0.00239	0.00321	0.05531	0.00442	0.00398
10	0.00745	0.00572	0.00822	0.00804	0.00873	0.00676	0.00614	0.00891	0.00787	0.01132	0.01315	0.02080	0.01281	0.15114	0.62606	0.00707	0.07727	0.00554	0.00268	0.00432
11	0.01322	0.01111	0.01173	0.01031	0.01327	0.01278	0.00809	0.12037	0.68951	0.02217	0.01925	0.01777	0.01437	0.00667	0.00506	0.00167	0.00414	0.00549	0.00506	0.00796
12	0.01511	0.01159	0.01288	0.01137	0.04452	0.01289	0.00882	0.33339	0.34771	0.05411	0.01692	0.01868	0.01316	0.00691	0.00518	0.00165	0.00472	0.06758	0.00494	0.00788
13	0.00720	0.00518	0.00713	0.00718	0.00777	0.00573	0.00520	0.00839	0.00789	0.01105	0.01467	0.02548	0.01503	0.30546	0.50722	0.00670	0.01010	0.03577	0.00287	0.00397
14	0.01009	0.00906	0.01476	0.17350	0.37432	0.00936	0.02646	0.01281	0.01133	0.01582	0.11419	0.05161	0.06290	0.00671	0.00521	0.00158	0.00507	0.03953	0.04939	0.00631
15	0.01000	0.02578	0.79900	0.01421	0.02157	0.01158	0.01842	0.01579	0.01052	0.01579	0.00895	0.01052	0.00631	0.00474	0.00474	0.00158	0.00737	0.00368	0.00210	0.00737
16	0.01209	0.01155	0.01969	0.07272	0.73584	0.01167	0.01506	0.01505	0.01128	0.01606	0.00971	0.01332	0.00827	0.00467	0.00498	0.00151	0.00593	0.02042	0.00250	0.00770
17	0.52333	0.01415	0.01014	0.00891	0.01195	0.23694	0.00707	0.10487	0.01182	0.02053	0.00774	0.00880	0.00605	0.00493	0.00371	0.00146	0.00550	0.00305	0.00316	0.00586
18	0.00695	0.00574	0.00621	0.00601	0.00761	0.00548	0.00458	0.00940	0.07398	0.01460	0.09042	0.04019	0.56211	0.01289	0.05203	0.00203	0.03532	0.00916	0.05066	0.00463
19	0.00714	0.00485	0.00540	0.00540	0.00554	0.00478	0.00308	0.00724	0.00759	0.00998	0.01859	0.03389	0.08235	0.75739	0.02375	0.00457	0.00464	0.00752	0.00315	0.00312
20	0.00949	0.00548	0.00737	0.00742	0.00871	0.00505	0.00562	0.01117	0.01192	0.15278	0.23748	0.35021	0.03261	0.01218	0.00607	0.00185	0.00323	0.12111	0.00513	0.00509
21	0.00764	0.00569	0.00709	0.00667	0.00794	0.00556	0.00496	0.01114	0.09966	0.01933	0.64372	0.05209	0.04151	0.05674	0.00692	0.00178	0.00268	0.00865	0.00528	0.00495
22	0.12208	0.00879	0.01082	0.00865	0.01218	0.00834	0.00709	0.03745	0.08921	0.57456	0.01807	0.01678	0.01204	0.00618	0.00478	0.00156	0.00414	0.01975	0.02966	0.00786
23	0.00880	0.00807	0.00954	0.01001	0.07522	0.06368	0.00702	0.01076	0.03183	0.01507	0.21464	0.12992	0.19024	0.02223	0.00791	0.00181	0.14649	0.03765	0.00407	0.00505
24	0.01140	0.09720	0.16799	0.09486	0.05494	0.01296	0.45695	0.01549	0.01118	0.01521	0.00941	0.01230	0.00714	0.00439	0.00528	0.00159	0.00764	0.00496	0.00237	0.00674
25	0.01170	0.01114	0.01890	0.23522	0.56333	0.01173	0.02878	0.03133	0.01126	0.01568	0.00931	0.01260	0.00757	0.00461	0.00497	0.00153	0.00615	0.00447	0.00246	0.00727
26	0.08944	0.63303	0.02259	0.03052	0.03525	0.05662	0.00852	0.01518	0.02507	0.01325	0.02750	0.00927	0.00757	0.00456	0.00345	0.00117	0.00533	0.00301	0.00239	0.00628

[dist]
# distance from previous block
# <min> <max>
2	5

[block]
# block no. 3 follows, 50 sequences, length 12
# corresponding to MSA columns:
# 227-238
name=unknown_D
#
# <colnr> <probs for GDERKNQSTAVLIFYWHMCP>
#	G	D	E	R	K	N	Q	S	T	A	V	L	I	F	Y	W	H	M	C	P
0	0.03792	0.01048	0.01135	0.03609	0.03615	0.06651	0.00710	0.06081	0.06338	0.04076	0.01001	0.01118	0.00798	0.00431	0.00402	0.00099	0.00439	0.00339	0.00325	0.57992
1	0.01423	0.38155	0.06868	0.00986	0.01376	0.07654	0.03727	0.09750	0.01260	0.09940	0.05285	0.01326	0.04329	0.00553	0.00452	0.00131	0.02798	0.00407	0.00323	0.03256
2	0.01256	0.24155	0.01864	0.15487	0.15608	0.11281	0.03137	0.03303	0.03381	0.01384	0.00987	0.02892	0.02025	0.00559	0.00558	0.00147	0.08369	0.01458	0.01516	0.00631
3	0.00834	0.00698	0.00843	0.05115	0.04393	0.02436	0.00637	0.01246	0.14873	0.01675	0.26848	0.08051	0.19019	0.01206	0.06817	0.00217	0.00418	0.03689	0.00456	0.00530
4	0.00833	0.00443	0.00629	0.00629	0.00643	0.00436	0.00418	0.00661	0.00694	0.00912	0.01251	0.01915	0.07065	0.08299	0.01890	0.71874	0.00423	0.00505	0.00243	0.00239
5	0.01064	0.01590	0.30212	0.03577	0.09249	0.01093	0.17087	0.01639	0.12447	0.01644	0.01184	0.01394	0.00906	0.00754	0.06752	0.00208	0.00697	0.00473	0.07346	0.00686
6	0.01510	0.00672	0.00893	0.00765	0.01009	0.00595	0.00598	0.01690	0.01299	0.43109	0.16327	0.18013	0.04412	0.00892	0.00537	0.00162	0.00346	0.00768	0.05746	0.00656
7	0.01757	0.06319	0.01564	0.09803	0.01734	0.01524	0.00989	0.64776	0.02116	0.02819	0.01132	0.01187	0.00815	0.00577	0.00488	0.00149	0.00560	0.00437	0.00451	0.00803
8	0.01895	0.01396	0.01496	0.01147	0.01546	0.01546	0.00947	0.77711	0.02344	0.03141	0.01197	0.01197	0.00848	0.00598	0.00499	0.00150	0.00548	0.00449	0.00499	0.00848
9	0.01274	0.13708	0.04887	0.01048	0.01362	0.01222	0.07103	0.26824	0.03505	0.01953	0.04195	0.01499	0.01095	0.01495	0.24047	0.00337	0.00785	0.00475	0.02536	0.00652
10	0.00678	0.00485	0.00658	0.00762	0.00826	0.00465	0.00574	0.00823	0.01051	0.01398	0.08369	0.51406	0.03261	0.01461	0.00650	0.00208	0.00341	0.25689	0.00468	0.00427
11	0.01190	0.01288	0.08294	0.08489	0.56550	0.03066	0.04280	0.01507	0.01118	0.01586	0.00925	0.01206	0.00758	0.00445	0.00485	0.00145	0.00609	0.00429	0.00246	0.07383

[dist]
# distance from previous block
# <min> <max>
0	1

[block]
# block no. 4 follows, 50 sequences, length 16
# corresponding to MSA columns:
# 240-255
name=unknown_E
#
# <colnr> <probs for GDERKNQSTAVLIFYWHMCP>
#	G	D	E	R	K	N	Q	S	T	A	V	L	I	F	Y	W	H	M	C	P
0	0.01087	0.01034	0.01757	0.42431	0.41152	0.01146	0.01457	0.01401	0.01065	0.01450	0.00912	0.01282	0.00727	0.00471	0.00496	0.00157	0.00629	0.00444	0.00234	0.00671
1	0.00751	0.00559	0.00747	0.00728	0.00768	0.00638	0.00517	0.00842	0.00763	0.01074	0.01383	0.02477	0.01453	0.39401	0.38108	0.00606	0.07905	0.00613	0.00279	0.00389
2	0.01376	0.76524	0.02526	0.00875	0.01300	0.01939	0.00860	0.07354	0.01115	0.01324	0.00732	0.00830	0.00656	0.00440	0.00334	0.00110	0.00534	0.00281	0.00235	0.00656
3	0.01298	0.72016	0.02442	0.00882	0.01276	0.01866	0.00857	0.01457	0.00995	0.01199	0.00701	0.00835	0.00646	0.00458	0.00424	0.00113	0.06756	0.00281	0.00218	0.05281
4	0.01115	0.01115	0.03765	0.02150	0.42039	0.05351	0.07626	0.01391	0.01147	0.01545	0.01569	0.02454	0.05900	0.00722	0.00573	0.00171	0.02240	0.18157	0.00309	0.00663
5	0.00712	0.00534	0.00801	0.00801	0.00890	0.00623	0.00623	0.00890	0.00801	0.01157	0.01335	0.01958	0.01246	0.03738	0.80507	0.00801	0.01335	0.00534	0.00267	0.00445
6	0.01348	0.01372	0.04768	0.01290	0.07058	0.14870	0.03021	0.09763	0.31912	0.01828	0.01466	0.03286	0.01202	0.00686	0.00635	0.00168	0.09610	0.04628	0.00389	0.00700
7	0.00607	0.00434	0.00578	0.00694	0.00723	0.00405	0.00463	0.00694	0.00954	0.01272	0.02747	0.82157	0.03297	0.01562	0.00636	0.00202	0.00289	0.01417	0.00463	0.00405
8	0.01017	0.03021	0.06057	0.08618	0.10961	0.00994	0.10435	0.03479	0.15388	0.01750	0.21002	0.03690	0.05254	0.00793	0.02624	0.00179	0.03088	0.00636	0.00385	0.00628
9	0.00652	0.00473	0.00604	0.00682	0.00744	0.00444	0.00484	0.00767	0.01016	0.01338	0.08892	0.47586	0.12551	0.09761	0.00829	0.00227	0.00324	0.11764	0.00452	0.00409
10	0.01460	0.01142	0.01427	0.01243	0.07421	0.01217	0.07450	0.36389	0.14622	0.04907	0.11032	0.01865	0.06190	0.00676	0.00524	0.00156	0.00491	0.00573	0.00467	0.00747
11	0.00749	0.00533	0.00685	0.00691	0.00747	0.00559	0.00498	0.00870	0.00944	0.01322	0.14716	0.10137	0.02385	0.31143	0.13250	0.00386	0.04727	0.10197	0.05059	0.00402
12	0.01015	0.00978	0.03497	0.15807	0.22656	0.01007	0.04748	0.03347	0.10566	0.01536	0.01984	0.02200	0.18002	0.04909	0.00694	0.00181	0.05311	0.00610	0.00328	0.00622
13	0.01485	0.54693	0.02197	0.00959	0.01356	0.08632	0.00878	0.16868	0.05901	0.01625	0.00880	0.00950	0.00734	0.00483	0.00378	0.00121	0.00560	0.00325	0.00292	0.00685
14	0.53620	0.01175	0.09065	0.00838	0.01204	0.01144	0.00755	0.09431	0.08223	0.08931	0.00999	0.01047	0.00731	0.00511	0.00380	0.00155	0.00443	0.00345	0.00363	0.00641
15	0.06275	0.01284	0.06012	0.13202	0.36781	0.08141	0.06538	0.04595	0.03008	0.03576	0.05068	0.01345	0.00969	0.00505	0.00490	0.00152	0.00613	0.00457	0.00287	0.00699

[dist]
# distance from previous block
# <min> <max>
1	5

[block]
# block no. 5 follows, 50 sequences, length 37
# corresponding to MSA columns:
# 261-297
name=unknown_F
#
# <colnr> <probs for GDERKNQSTAVLIFYWHMCP>
#	G	D	E	R	K	N	Q	S	T	A	V	L	I	F	Y	W	H	M	C	P
0	0.02796	0.01080	0.08524	0.02964	0.04877	0.01002	0.08314	0.11843	0.16963	0.01847	0.09868	0.05069	0.11765	0.06383	0.01655	0.00194	0.03170	0.00654	0.00402	0.00630
1	0.01127	0.01073	0.01522	0.50451	0.05322	0.09235	0.06851	0.01509	0.07081	0.04792	0.01092	0.04028	0.00864	0.00616	0.02230	0.00176	0.00670	0.00487	0.00277	0.00597
2	0.01062	0.02278	0.64625	0.04876	0.02120	0.01153	0.03860	0.01690	0.08199	0.03981	0.01034	0.01167	0.00737	0.00496	0.00482	0.00159	0.00695	0.00400	0.00252	0.00735
3	0.02885	0.00910	0.01242	0.03225	0.06822	0.00885	0.05079	0.07811	0.11272	0.36798	0.08559	0.04145	0.06701	0.00697	0.00520	0.00159	0.00440	0.00597	0.00512	0.00742
4	0.01416	0.01594	0.23117	0.01266	0.05157	0.01290	0.02905	0.33099	0.15303	0.02336	0.03019	0.01365	0.01008	0.00575	0.00490	0.00154	0.00561	0.00461	0.04107	0.00775
5	0.00861	0.00622	0.00755	0.00773	0.04310	0.00610	0.00522	0.09596	0.01210	0.02860	0.19525	0.20030	0.14001	0.18487	0.00992	0.00236	0.00357	0.00905	0.02872	0.00476
6	0.01189	0.03450	0.13886	0.01174	0.04379	0.06812	0.04413	0.04309	0.37172	0.01837	0.06182	0.01830	0.04767	0.00661	0.00534	0.00162	0.02748	0.01478	0.02315	0.00706
7	0.01195	0.01145	0.01953	0.13384	0.69350	0.01174	0.01511	0.01496	0.01117	0.01582	0.00931	0.01246	0.00773	0.00451	0.00494	0.00150	0.00602	0.00444	0.00243	0.00758
8	0.01895	0.01396	0.01496	0.01147	0.01546	0.01546	0.00947	0.77711	0.02344	0.03141	0.01197	0.01197	0.00848	0.00598	0.00499	0.00150	0.00548	0.00449	0.00499	0.00848
9	0.00697	0.00502	0.00595	0.00573	0.00694	0.00458	0.00421	0.00884	0.01249	0.01729	0.46152	0.03799	0.23837	0.07681	0.00725	0.00183	0.00260	0.00887	0.08230	0.00443
10	0.06814	0.00966	0.03259	0.00920	0.01307	0.00871	0.00776	0.09945	0.05119	0.61919	0.01792	0.01587	0.01154	0.00605	0.00490	0.00155	0.00441	0.00482	0.00572	0.00825
11	0.01584	0.01663	0.06643	0.01288	0.07889	0.34377	0.02684	0.11434	0.01396	0.08538	0.02283	0.03334	0.00952	0.02613	0.00557	0.00151	0.03346	0.00437	0.08189	0.00642
12	0.00754	0.00479	0.00603	0.00603	0.00616	0.00492	0.00376	0.00731	0.00719	0.00971	0.01381	0.02691	0.01523	0.53528	0.13320	0.19407	0.00591	0.00633	0.00278	0.00303
13	0.00677	0.00492	0.00536	0.00534	0.00598	0.00461	0.00336	0.00732	0.00898	0.01145	0.06384	0.03811	0.28552	0.50750	0.01776	0.00360	0.00392	0.00846	0.00369	0.00351
14	0.01333	0.82783	0.02612	0.00853	0.01279	0.01972	0.00853	0.01493	0.01013	0.01173	0.00693	0.00800	0.00640	0.00426	0.00320	0.00107	0.00533	0.00267	0.00213	0.00640
15	0.01216	0.04979	0.30328	0.01157	0.01598	0.05641	0.04465	0.08962	0.07661	0.07823	0.14869	0.01718	0.03009	0.00638	0.00545	0.00157	0.03672	0.00514	0.00363	0.00684
16	0.03948	0.08188	0.11062	0.01285	0.03830	0.53544	0.01060	0.06685	0.01375	0.03432	0.00840	0.00957	0.00670	0.00507	0.00445	0.00134	0.00795	0.00338	0.00274	0.00631
17	0.86003	0.00964	0.00733	0.00655	0.00964	0.01118	0.00540	0.01465	0.00848	0.02236	0.00694	0.00810	0.00540	0.00463	0.00308	0.00154	0.00386	0.00270	0.00308	0.00540
18	0.01092	0.01019	0.03592	0.00891	0.01121	0.08980	0.00706	0.03133	0.32718	0.03819	0.11413	0.07837	0.13524	0.02975	0.02876	0.00192	0.00445	0.02591	0.00457	0.00620
19	0.00649	0.00468	0.00616	0.00672	0.00740	0.00435	0.00475	0.00796	0.01132	0.01546	0.30550	0.48984	0.05861	0.01350	0.00619	0.00186	0.00274	0.03724	0.00494	0.00431
20	0.00731	0.00568	0.00689	0.04183	0.00874	0.02367	0.00522	0.00901	0.01153	0.01581	0.29155	0.26579	0.15646	0.01140	0.00622	0.00171	0.03938	0.00986	0.07742	0.00452
21	0.00980	0.09849	0.01304	0.01064	0.04595	0.03056	0.07018	0.01216	0.03355	0.01387	0.01516	0.02682	0.01514	0.08540	0.12200	0.00288	0.06726	0.21305	0.02153	0.09254
22	0.01267	0.45319	0.27132	0.01119	0.03523	0.04732	0.01188	0.05667	0.01117	0.01435	0.00799	0.00923	0.00655	0.00453	0.00389	0.00126	0.00610	0.00316	0.00233	0.02996
23	0.00937	0.00635	0.00959	0.04738	0.04612	0.00601	0.06643	0.01111	0.02197	0.12500	0.04018	0.48927	0.07713	0.01193	0.00594	0.00185	0.00381	0.01084	0.00449	0.00521
24	0.00682	0.00491	0.00621	0.00631	0.00700	0.00479	0.00437	0.00807	0.01024	0.01398	0.25454	0.18569	0.09777	0.23811	0.12566	0.00348	0.00472	0.00913	0.00417	0.00404
25	0.01122	0.01967	0.52673	0.04748	0.01913	0.01039	0.02824	0.03629	0.02550	0.10219	0.03853	0.01472	0.04687	0.00707	0.04274	0.00189	0.00678	0.00454	0.00296	0.00706
26	0.01499	0.01350	0.01485	0.01389	0.13055	0.20230	0.07957	0.05637	0.03057	0.13309	0.02844	0.01246	0.00911	0.00491	0.00462	0.00127	0.00589	0.00409	0.00344	0.23609
27	0.01094	0.22017	0.39757	0.01133	0.01649	0.01253	0.03226	0.02472	0.04437	0.03311	0.07784	0.01405	0.01118	0.04253	0.01746	0.00169	0.00611	0.00427	0.01473	0.00666
28	0.00674	0.00500	0.00629	0.00613	0.00730	0.00455	0.00454	0.00874	0.01313	0.01806	0.57880	0.12470	0.17516	0.01121	0.00593	0.00164	0.00244	0.00984	0.00524	0.00455
29	0.01501	0.04855	0.03764	0.01255	0.09851	0.09976	0.00934	0.27122	0.10908	0.06498	0.01527	0.01629	0.06285	0.00645	0.00541	0.00152	0.04361	0.02124	0.05354	0.00718
30	0.03037	0.01180	0.03290	0.21809	0.44570	0.04215	0.04803	0.04340	0.01147	0.01593	0.00923	0.01226	0.00743	0.00462	0.00487	0.00149	0.00619	0.00433	0.00254	0.04720
31	0.00619	0.00457	0.00583	0.00674	0.00734	0.00420	0.00470	0.00726	0.01012	0.01322	0.05688	0.61983	0.15969	0.01482	0.00630	0.00197	0.00292	0.05865	0.00465	0.00413
32	0.01012	0.00967	0.01365	0.01254	0.04691	0.01296	0.00980	0.01132	0.00799	0.01216	0.02295	0.03621	0.00946	0.06435	0.10141	0.00294	0.60289	0.00501	0.00243	0.00524
33	0.01534	0.27443	0.06339	0.04653	0.01605	0.30575	0.04960	0.06182	0.07268	0.03700	0.00927	0.01033	0.00745	0.00499	0.00428	0.00132	0.00688	0.00357	0.00282	0.00650
34	0.04474	0.01358	0.03904	0.02959	0.03864	0.01451	0.04600	0.57114	0.06179	0.04546	0.01193	0.01234	0.00860	0.00589	0.00534	0.00155	0.03275	0.00454	0.00453	0.00805
35	0.00624	0.00445	0.00591	0.00689	0.00727	0.00417	0.00467	0.00725	0.00994	0.01335	0.09658	0.71071	0.03374	0.03746	0.00686	0.00207	0.00294	0.03075	0.00466	0.00409
36	0.03632	0.01028	0.01151	0.00993	0.01240	0.10229	0.06590	0.13667	0.07804	0.15679	0.01827	0.26481	0.01714	0.00879	0.00531	0.00166	0.00477	0.00760	0.04516	0.00634

[dist]
# distance from previous block
# <min> <max>
0	12

# created by:
# /home/cegg/simao/soft/augustus-3.2.1/scripts/msa2prfl.pl ./align_prep/EOG091G0N9Z.fa
