[name]
unknown

[dist]
# distance from previous block
# <min> <max>
0	318

[block]
# block no. 0 follows, 40 sequences, length 23
# corresponding to MSA columns:
# 321-343
name=unknown_A
#
# <colnr> <probs for GDERKNQSTAVLIFYWHMCP>
#	G	D	E	R	K	N	Q	S	T	A	V	L	I	F	Y	W	H	M	C	P
0	0.12553	0.01390	0.01499	0.10235	0.05772	0.07612	0.01080	0.30884	0.01868	0.06666	0.01537	0.01994	0.02810	0.00816	0.01891	0.00197	0.00653	0.07828	0.00469	0.02245
1	0.15557	0.01323	0.02109	0.10548	0.34002	0.01361	0.13566	0.06019	0.01343	0.03650	0.01093	0.01387	0.00861	0.00535	0.00552	0.00177	0.00689	0.00506	0.00327	0.04396
2	0.05085	0.14446	0.02188	0.26447	0.35468	0.01491	0.01522	0.01707	0.01243	0.03639	0.01045	0.01381	0.00846	0.00541	0.00534	0.00172	0.00690	0.00475	0.00286	0.00794
3	0.05444	0.03462	0.01766	0.28941	0.02553	0.14022	0.03126	0.20952	0.01628	0.02105	0.01065	0.01352	0.00822	0.00659	0.00710	0.00186	0.09621	0.00484	0.00356	0.00746
4	0.09806	0.20895	0.02263	0.01541	0.03886	0.35450	0.14798	0.02021	0.01411	0.01622	0.00926	0.01119	0.00767	0.00546	0.00504	0.00156	0.00865	0.00416	0.00292	0.00715
5	0.00794	0.00586	0.00709	0.00686	0.00810	0.00536	0.00492	0.00990	0.01427	0.01940	0.45964	0.06515	0.20324	0.14437	0.01070	0.00251	0.00329	0.01072	0.00567	0.00501
6	0.04451	0.01829	0.14256	0.01426	0.03967	0.09227	0.03246	0.33223	0.05067	0.15377	0.01448	0.01457	0.01016	0.00655	0.00568	0.00176	0.00691	0.00507	0.00498	0.00914
7	0.00883	0.00580	0.00834	0.00834	0.00891	0.00637	0.00601	0.00927	0.00870	0.01217	0.01453	0.02404	0.01445	0.16694	0.43620	0.23669	0.01094	0.00629	0.00302	0.00416
8	0.00996	0.00821	0.00895	0.00861	0.01057	0.04161	0.00677	0.04497	0.09653	0.02058	0.30115	0.04534	0.23059	0.01243	0.00684	0.00200	0.00395	0.12926	0.00573	0.00597
9	0.01341	0.01260	0.02042	0.14682	0.50357	0.01251	0.01547	0.01676	0.01276	0.01834	0.01073	0.01412	0.00887	0.00511	0.00549	0.00159	0.00654	0.00484	0.00294	0.16709
10	0.04855	0.00964	0.01118	0.00835	0.01281	0.00761	0.00663	0.01414	0.01270	0.02001	0.13557	0.01721	0.01628	0.00563	0.00470	0.00107	0.00405	0.00462	0.00395	0.65529
11	0.01728	0.06446	0.15855	0.01373	0.01880	0.06053	0.09732	0.05492	0.16567	0.20287	0.03634	0.01706	0.01286	0.00652	0.00570	0.00176	0.00653	0.00551	0.00472	0.04885
12	0.01258	0.24542	0.52032	0.01424	0.02145	0.01578	0.01743	0.01776	0.01236	0.01733	0.04738	0.01302	0.00979	0.00569	0.00509	0.00167	0.00763	0.00428	0.00266	0.00812
13	0.01199	0.01365	0.13866	0.00995	0.01569	0.00872	0.00934	0.01528	0.01210	0.01886	0.01035	0.01210	0.00840	0.00451	0.00451	0.00103	0.00503	0.00359	0.00328	0.69296
14	0.02040	0.04892	0.05721	0.01503	0.09879	0.01500	0.01160	0.36127	0.05513	0.19078	0.01535	0.01528	0.01084	0.00672	0.00603	0.00175	0.02713	0.00523	0.00532	0.03220
15	0.00873	0.00554	0.00655	0.00655	0.00655	0.00554	0.00378	0.00831	0.00831	0.01108	0.01694	0.03463	0.01929	0.66534	0.02844	0.14429	0.00554	0.00788	0.00336	0.00336
16	0.00829	0.00644	0.00769	0.00837	0.00947	0.00639	0.00588	0.01197	0.13543	0.01658	0.03492	0.54537	0.14928	0.01593	0.00708	0.00223	0.00351	0.01418	0.00549	0.00551
17	0.01655	0.01298	0.01853	0.10413	0.25004	0.01379	0.04955	0.11593	0.21251	0.12064	0.01630	0.01719	0.01209	0.00646	0.00588	0.00184	0.00620	0.00573	0.00462	0.00902
18	0.01333	0.03303	0.04586	0.24372	0.29953	0.03581	0.05596	0.01913	0.13643	0.01830	0.01410	0.01682	0.03024	0.00609	0.00582	0.00183	0.00697	0.00557	0.00335	0.00809
19	0.01104	0.00629	0.00785	0.00778	0.00882	0.00592	0.00534	0.01196	0.01115	0.13927	0.02570	0.23791	0.06254	0.36046	0.01700	0.00372	0.00476	0.06250	0.00487	0.00512
20	0.01459	0.14577	0.02476	0.03137	0.63427	0.01536	0.01652	0.01777	0.01300	0.01810	0.01046	0.01354	0.00892	0.00515	0.00542	0.00165	0.00679	0.00483	0.00281	0.00892
21	0.01503	0.05993	0.29302	0.07447	0.10208	0.04965	0.15999	0.07539	0.01434	0.08342	0.01191	0.01396	0.00869	0.00564	0.00578	0.00180	0.00808	0.00508	0.00330	0.00842
22	0.01395	0.14639	0.24077	0.12041	0.07711	0.01521	0.20984	0.03869	0.01321	0.05421	0.01114	0.01370	0.00837	0.00541	0.00567	0.00178	0.00806	0.00507	0.00296	0.00807

[dist]
# distance from previous block
# <min> <max>
0	8

[block]
# block no. 1 follows, 40 sequences, length 8
# corresponding to MSA columns:
# 352-359
name=unknown_B
#
# <colnr> <probs for GDERKNQSTAVLIFYWHMCP>
#	G	D	E	R	K	N	Q	S	T	A	V	L	I	F	Y	W	H	M	C	P
0	0.01671	0.00927	0.01121	0.00923	0.01242	0.00883	0.00739	0.15668	0.01799	0.27615	0.22655	0.03219	0.17076	0.00991	0.00632	0.00183	0.00424	0.00826	0.00636	0.00772
1	0.62779	0.01285	0.01000	0.00898	0.01247	0.07731	0.00721	0.01996	0.13645	0.02479	0.01083	0.01162	0.00835	0.00587	0.00413	0.00180	0.00502	0.00378	0.00394	0.00683
2	0.00875	0.00606	0.00853	0.00853	0.00957	0.00687	0.00654	0.01083	0.00979	0.01479	0.01629	0.02339	0.01492	0.07408	0.60524	0.00780	0.01290	0.00620	0.14377	0.00515
3	0.01442	0.16046	0.02145	0.10587	0.21388	0.01482	0.08093	0.13945	0.01579	0.02124	0.13844	0.01858	0.01661	0.00664	0.00569	0.00170	0.00635	0.00587	0.00388	0.00792
4	0.01354	0.18547	0.50145	0.01469	0.02179	0.09546	0.01737	0.01854	0.01262	0.01703	0.00980	0.01148	0.00746	0.00541	0.00507	0.00164	0.00811	0.00396	0.00257	0.04655
5	0.55014	0.01282	0.07386	0.07268	0.01539	0.01283	0.00874	0.01830	0.08859	0.02379	0.01029	0.01168	0.00789	0.00562	0.00424	0.00176	0.00511	0.00380	0.00365	0.06881
6	0.01523	0.14855	0.01644	0.01040	0.01509	0.15500	0.00854	0.07124	0.01400	0.01849	0.00997	0.01144	0.00830	0.00494	0.00450	0.00111	0.00595	0.00358	0.00338	0.47385
7	0.01393	0.15050	0.01604	0.01107	0.01417	0.05675	0.00907	0.05037	0.28518	0.02068	0.14184	0.02055	0.01956	0.00786	0.00691	0.00175	0.08752	0.00601	0.00467	0.07557

[dist]
# distance from previous block
# <min> <max>
0	4

[block]
# block no. 2 follows, 40 sequences, length 8
# corresponding to MSA columns:
# 364-366,381-385
name=unknown_C
#
# <colnr> <probs for GDERKNQSTAVLIFYWHMCP>
#	G	D	E	R	K	N	Q	S	T	A	V	L	I	F	Y	W	H	M	C	P
0	0.01414	0.01533	0.09255	0.03392	0.69112	0.01379	0.01819	0.01790	0.01315	0.01894	0.01089	0.01420	0.00904	0.00521	0.00574	0.00174	0.00707	0.00510	0.00284	0.00915
1	0.01209	0.01167	0.01732	0.45366	0.19912	0.06461	0.01461	0.01524	0.01206	0.01548	0.01222	0.05999	0.01083	0.06821	0.00771	0.00217	0.00734	0.00596	0.00291	0.00678
2	0.07768	0.07907	0.22567	0.01503	0.01996	0.05451	0.17479	0.01703	0.01257	0.05624	0.01642	0.08867	0.06771	0.00764	0.00675	0.00190	0.06104	0.00653	0.00343	0.00733
3	0.01429	0.05697	0.16292	0.04042	0.12765	0.03211	0.13226	0.03300	0.05370	0.10000	0.03720	0.02132	0.05341	0.00704	0.00596	0.00182	0.00686	0.05517	0.00391	0.05398
4	0.00921	0.00863	0.05016	0.02908	0.01349	0.00731	0.07233	0.01166	0.01220	0.01667	0.05879	0.25583	0.09291	0.01588	0.08486	0.00280	0.00596	0.13446	0.00451	0.11325
5	0.04499	0.07722	0.10070	0.01324	0.05564	0.01253	0.07676	0.12361	0.05495	0.02185	0.05198	0.01473	0.01154	0.00564	0.00513	0.00143	0.00582	0.00472	0.00383	0.31369
6	0.01263	0.05552	0.06828	0.01088	0.01403	0.12078	0.05829	0.01558	0.04652	0.05193	0.11791	0.12996	0.07065	0.08255	0.00813	0.00207	0.00575	0.00783	0.00431	0.11639
7	0.01286	0.13560	0.05529	0.01016	0.01348	0.05166	0.03015	0.01587	0.04803	0.08227	0.07450	0.11878	0.05314	0.03998	0.02766	0.00208	0.00554	0.07336	0.02245	0.12713

[dist]
# distance from previous block
# <min> <max>
2	8

[block]
# block no. 3 follows, 40 sequences, length 11
# corresponding to MSA columns:
# 394-404
name=unknown_D
#
# <colnr> <probs for GDERKNQSTAVLIFYWHMCP>
#	G	D	E	R	K	N	Q	S	T	A	V	L	I	F	Y	W	H	M	C	P
0	0.11247	0.16073	0.19946	0.09594	0.01855	0.01330	0.02703	0.01525	0.01170	0.01758	0.07002	0.08657	0.01457	0.03150	0.03242	0.00214	0.04371	0.00588	0.00330	0.03788
1	0.01547	0.13691	0.24180	0.06491	0.02152	0.01571	0.07060	0.23810	0.01689	0.02303	0.01246	0.01390	0.02705	0.00599	0.00541	0.00166	0.00713	0.00480	0.00369	0.07298
2	0.01384	0.42506	0.27114	0.01230	0.01786	0.01828	0.01353	0.03901	0.01206	0.01581	0.00969	0.01253	0.00842	0.05777	0.00694	0.00182	0.04968	0.00403	0.00265	0.00759
3	0.01270	0.01383	0.10847	0.25674	0.17101	0.04994	0.01435	0.01676	0.04869	0.04874	0.06258	0.08393	0.01452	0.00762	0.00693	0.00193	0.06403	0.00642	0.00350	0.00734
4	0.01312	0.19338	0.44174	0.01342	0.02004	0.01450	0.01580	0.01858	0.04858	0.04957	0.03519	0.01391	0.01016	0.00581	0.00508	0.00165	0.00705	0.00444	0.04826	0.03971
5	0.01515	0.55836	0.20135	0.01177	0.01756	0.02040	0.01273	0.07388	0.01313	0.01658	0.00909	0.01038	0.00763	0.00526	0.00431	0.00142	0.00679	0.00355	0.00274	0.00792
6	0.01195	0.08666	0.71142	0.01609	0.02442	0.01420	0.02064	0.01834	0.01224	0.01807	0.01026	0.01206	0.00737	0.00548	0.00539	0.00180	0.00842	0.00421	0.00246	0.00851
7	0.01416	0.01299	0.02380	0.09946	0.28784	0.01288	0.25183	0.04524	0.01385	0.06797	0.01439	0.07865	0.01244	0.00675	0.00634	0.00191	0.00746	0.03041	0.00355	0.00808
8	0.01206	0.01034	0.01206	0.00861	0.01378	0.00775	0.00689	0.01464	0.01206	0.01895	0.01034	0.01206	0.00861	0.00431	0.00431	0.00086	0.00431	0.00345	0.00345	0.83118
9	0.01200	0.01164	0.02022	0.01568	0.01942	0.01154	0.31659	0.01891	0.19465	0.02101	0.21082	0.05191	0.05218	0.00827	0.00665	0.00194	0.00622	0.00827	0.00475	0.00735
10	0.00809	0.00594	0.00758	0.00717	0.00860	0.00543	0.00538	0.01070	0.01613	0.02254	0.68485	0.04472	0.12679	0.01218	0.00686	0.00184	0.00276	0.01070	0.00630	0.00543

[dist]
# distance from previous block
# <min> <max>
0	1

[block]
# block no. 4 follows, 40 sequences, length 19
# corresponding to MSA columns:
# 406-424
name=unknown_E
#
# <colnr> <probs for GDERKNQSTAVLIFYWHMCP>
#	G	D	E	R	K	N	Q	S	T	A	V	L	I	F	Y	W	H	M	C	P
0	0.00945	0.00661	0.00892	0.00806	0.00977	0.00617	0.02498	0.01267	0.04023	0.05939	0.67709	0.04085	0.05048	0.01135	0.00678	0.00184	0.00310	0.01006	0.00633	0.00589
1	0.00794	0.00574	0.00740	0.00836	0.00900	0.00558	0.00587	0.00991	0.04753	0.01581	0.07841	0.53917	0.03616	0.09738	0.00968	0.00268	0.00386	0.09929	0.00529	0.00495
2	0.05628	0.09647	0.02270	0.08728	0.45533	0.11272	0.05211	0.01826	0.01324	0.01784	0.01024	0.01327	0.00853	0.00531	0.00543	0.00168	0.00739	0.00476	0.00287	0.00828
3	0.03249	0.03469	0.14113	0.02112	0.28165	0.01362	0.04396	0.14170	0.04356	0.02214	0.01166	0.01365	0.00913	0.00548	0.00542	0.00160	0.00657	0.00475	0.00355	0.16214
4	0.70230	0.01264	0.05544	0.01108	0.08940	0.01315	0.00840	0.01725	0.01038	0.02490	0.00853	0.01013	0.00666	0.00538	0.00394	0.00179	0.00499	0.00343	0.00346	0.00674
5	0.01498	0.67254	0.10568	0.01095	0.01600	0.02172	0.01131	0.01731	0.01169	0.01419	0.00830	0.00984	0.00746	0.00534	0.00484	0.00138	0.05311	0.00335	0.00249	0.00751
6	0.00720	0.00515	0.00685	0.00802	0.00846	0.00480	0.00541	0.00839	0.01168	0.01572	0.10690	0.71449	0.04016	0.01756	0.00736	0.00231	0.00331	0.01591	0.00550	0.00480
7	0.01713	0.01382	0.01465	0.01237	0.01614	0.01571	0.00985	0.27849	0.49691	0.02863	0.02028	0.01900	0.01501	0.00757	0.00588	0.00189	0.00523	0.00611	0.00588	0.00944
8	0.01995	0.01330	0.14095	0.01215	0.01707	0.00955	0.08227	0.02329	0.01503	0.44539	0.04052	0.01880	0.01374	0.00670	0.00570	0.00175	0.00573	0.00571	0.09067	0.03172
9	0.01305	0.16308	0.55532	0.01574	0.02334	0.01506	0.06999	0.01864	0.01247	0.04660	0.01061	0.01230	0.00776	0.00545	0.00532	0.00174	0.00812	0.00433	0.00268	0.00839
10	0.01202	0.06251	0.66629	0.01701	0.02520	0.01403	0.08661	0.01839	0.01239	0.01823	0.01045	0.01246	0.00750	0.00544	0.00557	0.00183	0.00860	0.00448	0.00250	0.00848
11	0.02004	0.00857	0.01160	0.00938	0.01281	0.00756	0.00756	0.02244	0.01636	0.51228	0.24874	0.02717	0.02687	0.00976	0.02969	0.00204	0.00459	0.00730	0.00683	0.00839
12	0.01406	0.19026	0.21015	0.03778	0.08575	0.01354	0.03818	0.01796	0.02953	0.10951	0.01567	0.04433	0.01375	0.00928	0.04106	0.00219	0.00709	0.10843	0.00373	0.00775
13	0.01340	0.05256	0.05856	0.15903	0.24984	0.01273	0.05386	0.01687	0.03007	0.07937	0.06044	0.05276	0.05111	0.00742	0.00710	0.00189	0.07531	0.00638	0.00364	0.00768
14	0.01028	0.01100	0.14851	0.00961	0.01233	0.00793	0.00886	0.01262	0.01168	0.07776	0.04143	0.07184	0.20917	0.13216	0.12775	0.02196	0.04271	0.03234	0.00420	0.00588
15	0.03802	0.01452	0.09160	0.02493	0.42128	0.05073	0.03282	0.01833	0.01354	0.10720	0.04787	0.04115	0.01340	0.03718	0.00676	0.00194	0.00665	0.02002	0.00369	0.00839
16	0.06459	0.03214	0.15450	0.04735	0.34966	0.01242	0.04641	0.01810	0.01314	0.10347	0.02945	0.05758	0.03256	0.00659	0.00574	0.00181	0.00660	0.00591	0.00360	0.00838
17	0.03150	0.08888	0.20726	0.07235	0.12429	0.01372	0.17577	0.05226	0.02902	0.01897	0.04696	0.05347	0.04643	0.00673	0.00590	0.00183	0.00731	0.00623	0.00334	0.00779
18	0.02853	0.01121	0.07426	0.03380	0.17286	0.00966	0.06110	0.03924	0.04479	0.08190	0.06213	0.17787	0.15791	0.01025	0.00638	0.00195	0.00529	0.00914	0.00459	0.00715

[dist]
# distance from previous block
# <min> <max>
2	33

[block]
# block no. 5 follows, 40 sequences, length 19
# corresponding to MSA columns:
# 461-464,467-481
name=unknown_F
#
# <colnr> <probs for GDERKNQSTAVLIFYWHMCP>
#	G	D	E	R	K	N	Q	S	T	A	V	L	I	F	Y	W	H	M	C	P
0	0.02970	0.12730	0.17869	0.01732	0.18242	0.01375	0.01355	0.04565	0.09744	0.18355	0.01641	0.01674	0.03932	0.00641	0.00547	0.00174	0.00627	0.00524	0.00424	0.00879
1	0.01385	0.07131	0.08092	0.08851	0.14541	0.01237	0.03444	0.05381	0.03234	0.05106	0.01126	0.01343	0.00895	0.00544	0.00581	0.00146	0.04748	0.00442	0.00340	0.31433
2	0.06432	0.03318	0.11500	0.01087	0.01566	0.00991	0.00996	0.02414	0.05560	0.46545	0.01955	0.05602	0.01376	0.00717	0.00559	0.00175	0.00530	0.00580	0.00578	0.07519
3	0.01356	0.36555	0.05921	0.00971	0.01434	0.01540	0.00905	0.05474	0.05066	0.01768	0.05300	0.01735	0.08439	0.00641	0.00466	0.00135	0.00530	0.00482	0.00356	0.20927
4	0.01277	0.00971	0.06734	0.00996	0.01249	0.00826	0.00819	0.11303	0.03414	0.12835	0.04241	0.38905	0.04968	0.01301	0.00669	0.00209	0.00456	0.04902	0.00546	0.03379
5	0.08093	0.25092	0.03944	0.01293	0.05317	0.15359	0.01052	0.14532	0.11961	0.02089	0.01180	0.01257	0.00940	0.00594	0.00484	0.00154	0.00665	0.00424	0.00380	0.05190
6	0.36055	0.01372	0.04354	0.01804	0.17502	0.01394	0.16342	0.05709	0.06425	0.02320	0.01095	0.01300	0.00848	0.00551	0.00509	0.00183	0.00637	0.00475	0.00355	0.00771
7	0.01304	0.01230	0.02027	0.26645	0.44322	0.01280	0.01599	0.01652	0.01259	0.01769	0.01068	0.01446	0.00868	0.00527	0.00560	0.00169	0.00686	0.00497	0.00285	0.10808
8	0.00742	0.00625	0.00685	0.00663	0.00839	0.00567	0.00504	0.00912	0.01362	0.01703	0.18497	0.05145	0.58925	0.01397	0.00749	0.00197	0.04278	0.01158	0.00544	0.00509
9	0.00882	0.00699	0.00896	0.02970	0.05343	0.00675	0.00680	0.01226	0.07055	0.02014	0.37264	0.09686	0.20759	0.01244	0.00682	0.00197	0.00354	0.06225	0.00568	0.00581
10	0.00844	0.00570	0.00668	0.00668	0.00680	0.00582	0.00394	0.00867	0.00856	0.01152	0.01802	0.03635	0.02040	0.71141	0.11281	0.00605	0.00675	0.00821	0.00348	0.00371
11	0.01313	0.01328	0.04569	0.28346	0.45216	0.01356	0.06068	0.01691	0.01270	0.01758	0.01077	0.01477	0.00864	0.00539	0.00584	0.00182	0.00742	0.00525	0.00277	0.00819
12	0.01541	0.01311	0.02062	0.06789	0.50419	0.01338	0.01527	0.08844	0.01466	0.07344	0.03710	0.01559	0.01102	0.00591	0.00626	0.00174	0.03704	0.00532	0.00359	0.05002
13	0.01273	0.01165	0.01606	0.13712	0.15599	0.03325	0.04703	0.01627	0.03887	0.01845	0.01130	0.01389	0.00914	0.00501	0.00502	0.00132	0.00574	0.00441	0.03563	0.42112
14	0.01529	0.01176	0.03093	0.07259	0.25914	0.01169	0.01210	0.11147	0.04533	0.12825	0.15703	0.02198	0.03877	0.00751	0.00636	0.00179	0.02714	0.00648	0.00472	0.02968
15	0.01572	0.01547	0.06148	0.02760	0.49875	0.07835	0.01553	0.06583	0.03931	0.06016	0.01345	0.01564	0.03212	0.00585	0.00571	0.00171	0.00690	0.00526	0.00348	0.03168
16	0.01405	0.01175	0.01760	0.36134	0.12040	0.01315	0.04204	0.10090	0.08516	0.06483	0.03964	0.01680	0.01132	0.00636	0.00614	0.00184	0.02563	0.00552	0.00379	0.05173
17	0.01703	0.06754	0.08264	0.01536	0.10506	0.09539	0.01187	0.26962	0.07524	0.02456	0.03948	0.02796	0.01167	0.00666	0.00594	0.00165	0.03284	0.00513	0.00431	0.10005
18	0.04192	0.09982	0.11162	0.03896	0.04740	0.08359	0.03139	0.31748	0.04571	0.10649	0.01334	0.01386	0.00966	0.00635	0.00548	0.00171	0.00690	0.00486	0.00460	0.00888

[dist]
# distance from previous block
# <min> <max>
4	39

[block]
# block no. 6 follows, 40 sequences, length 21
# corresponding to MSA columns:
# 522-542
name=unknown_G
#
# <colnr> <probs for GDERKNQSTAVLIFYWHMCP>
#	G	D	E	R	K	N	Q	S	T	A	V	L	I	F	Y	W	H	M	C	P
0	0.01399	0.04852	0.15160	0.05208	0.34103	0.03446	0.01537	0.06210	0.08966	0.01972	0.01337	0.01770	0.01120	0.02568	0.00629	0.00187	0.00682	0.04329	0.00344	0.04182
1	0.03123	0.03277	0.07956	0.07989	0.36403	0.07353	0.05972	0.08884	0.03342	0.05695	0.01183	0.01421	0.00923	0.00561	0.00565	0.00172	0.00721	0.00503	0.00344	0.03612
2	0.01713	0.01500	0.01854	0.05429	0.33157	0.11495	0.01335	0.15879	0.05303	0.08016	0.03287	0.01709	0.03014	0.02974	0.00648	0.00185	0.00681	0.00553	0.00411	0.00858
3	0.01708	0.05745	0.01908	0.03770	0.28926	0.06508	0.01287	0.24566	0.04519	0.04902	0.05335	0.01698	0.03534	0.00661	0.00570	0.00170	0.00642	0.00553	0.00432	0.02566
4	0.06681	0.01340	0.07221	0.02029	0.21575	0.01201	0.16836	0.06329	0.01467	0.13026	0.07625	0.04040	0.01582	0.00721	0.00615	0.00189	0.00664	0.05620	0.00425	0.00815
5	0.03514	0.01334	0.01996	0.05923	0.49459	0.03342	0.01491	0.08655	0.04793	0.02102	0.05868	0.01775	0.01303	0.00624	0.00580	0.00175	0.00644	0.02658	0.00361	0.03401
6	0.01561	0.05992	0.02545	0.02363	0.25222	0.01501	0.26034	0.13640	0.01548	0.04165	0.01171	0.01441	0.00913	0.00558	0.00649	0.00177	0.03955	0.00556	0.00350	0.05660
7	0.01144	0.03028	0.03832	0.01689	0.22744	0.03082	0.04940	0.01433	0.01443	0.04290	0.26794	0.03110	0.15347	0.00911	0.00626	0.00177	0.00497	0.00811	0.00463	0.03638
8	0.01400	0.01385	0.04486	0.08821	0.48141	0.02791	0.09040	0.01757	0.01328	0.03700	0.03500	0.01532	0.01050	0.00541	0.00577	0.00169	0.00698	0.00533	0.00312	0.08239
9	0.01986	0.02253	0.05565	0.01593	0.04233	0.44409	0.08255	0.11970	0.03735	0.05970	0.01202	0.01446	0.00958	0.00645	0.00566	0.00167	0.00901	0.03009	0.00374	0.00764
10	0.01768	0.01491	0.01913	0.07040	0.24602	0.04597	0.03524	0.34438	0.06809	0.02702	0.04369	0.01583	0.01178	0.00651	0.00586	0.00177	0.00664	0.00551	0.00454	0.00904
11	0.01926	0.01554	0.01715	0.01499	0.08054	0.08172	0.03418	0.43716	0.04048	0.05239	0.05753	0.01593	0.01258	0.00699	0.00623	0.00172	0.03422	0.00544	0.02320	0.04275
12	0.00823	0.00634	0.00909	0.01147	0.10420	0.00603	0.00700	0.00988	0.01241	0.01697	0.16610	0.55144	0.03783	0.01536	0.00710	0.00218	0.00371	0.01395	0.00527	0.00544
13	0.00709	0.00506	0.00675	0.00810	0.00843	0.00472	0.00540	0.00810	0.01113	0.01484	0.03205	0.79184	0.03846	0.01822	0.00742	0.00236	0.00337	0.01653	0.00540	0.00472
14	0.02211	0.01629	0.01745	0.01338	0.01803	0.01803	0.01105	0.73997	0.02734	0.03665	0.01396	0.01396	0.00989	0.00698	0.00582	0.00175	0.00640	0.00524	0.00582	0.00989
15	0.00835	0.00559	0.00637	0.00648	0.00651	0.00557	0.00367	0.00843	0.00867	0.01156	0.01940	0.09729	0.02250	0.73454	0.02786	0.00538	0.00546	0.00909	0.00367	0.00362
16	0.17974	0.36337	0.03764	0.01112	0.01529	0.18689	0.03197	0.04093	0.01314	0.01769	0.02468	0.01112	0.00858	0.00556	0.00432	0.00148	0.00682	0.00370	0.02889	0.00708
17	0.08027	0.33410	0.14112	0.01239	0.01730	0.05058	0.08662	0.03054	0.01262	0.07945	0.03097	0.01308	0.00964	0.00674	0.00619	0.06673	0.00673	0.00434	0.00321	0.00736
18	0.04114	0.37016	0.27368	0.01369	0.01971	0.08523	0.07100	0.01858	0.01258	0.03223	0.00956	0.01114	0.00765	0.00530	0.00475	0.00155	0.00759	0.00392	0.00269	0.00782
19	0.04140	0.24249	0.45554	0.01366	0.02033	0.01557	0.01621	0.03475	0.01234	0.01752	0.01148	0.07266	0.00986	0.00640	0.00511	0.00171	0.00732	0.00491	0.00282	0.00792
20	0.01346	0.27357	0.39898	0.01392	0.02009	0.04469	0.01591	0.03533	0.01235	0.01672	0.01025	0.03851	0.00857	0.00621	0.00608	0.00171	0.06868	0.00441	0.00268	0.00789

[dist]
# distance from previous block
# <min> <max>
0	7

# created by:
# /home/cegg/simao/soft/augustus-3.2.1/scripts/msa2prfl.pl ./align_prep/EOG091G0SCV.fa
