[name]
unknown

[dist]
# distance from previous block
# <min> <max>
4	93

[block]
# block no. 0 follows, 47 sequences, length 28
# corresponding to MSA columns:
# 105-113,115-133
name=unknown_A
#
# <colnr> <probs for GDERKNQSTAVLIFYWHMCP>
#	G	D	E	R	K	N	Q	S	T	A	V	L	I	F	Y	W	H	M	C	P
0	0.06614	0.01079	0.01123	0.00952	0.01185	0.15572	0.11315	0.05847	0.01246	0.01855	0.01400	0.04884	0.01146	0.00606	0.00438	0.00140	0.00495	0.00503	0.43034	0.00564
1	0.06708	0.01370	0.01685	0.01313	0.01682	0.11913	0.15112	0.20951	0.01585	0.22397	0.01312	0.01417	0.00944	0.00612	0.00623	0.00166	0.07326	0.01689	0.00434	0.00761
2	0.00615	0.00528	0.00528	0.00528	0.00703	0.00440	0.00396	0.00747	0.01187	0.01407	0.05276	0.05012	0.78238	0.01319	0.00615	0.00176	0.00264	0.01099	0.00484	0.00440
3	0.01262	0.01190	0.01955	0.13791	0.59456	0.01249	0.01504	0.03681	0.05510	0.01708	0.01036	0.01335	0.00848	0.00502	0.00549	0.00161	0.02733	0.00471	0.00276	0.00785
4	0.00687	0.00511	0.00640	0.00649	0.00758	0.00464	0.00471	0.00870	0.01295	0.01760	0.44558	0.24153	0.18747	0.01261	0.00628	0.00178	0.00264	0.01112	0.00533	0.00464
5	0.01134	0.21617	0.58116	0.01367	0.02051	0.01417	0.04277	0.01628	0.01094	0.01548	0.00888	0.01047	0.00666	0.00481	0.00461	0.00152	0.00723	0.00367	0.00222	0.00743
6	0.00633	0.00460	0.00598	0.00708	0.00751	0.00424	0.00476	0.00727	0.01014	0.01336	0.03081	0.74656	0.10011	0.01604	0.00660	0.00208	0.00299	0.01447	0.00483	0.00424
7	0.00785	0.00617	0.00911	0.00842	0.02491	0.00574	0.06569	0.01037	0.01404	0.01960	0.60151	0.05964	0.07969	0.01054	0.00620	0.00171	0.00320	0.05519	0.00530	0.00510
8	0.05544	0.34474	0.08133	0.01219	0.04912	0.33562	0.01038	0.03090	0.01254	0.01388	0.00794	0.00926	0.00674	0.00492	0.00413	0.00130	0.00726	0.00322	0.00253	0.00656
9	0.01300	0.51990	0.28169	0.01109	0.01655	0.05197	0.01241	0.01612	0.01090	0.01369	0.00798	0.00928	0.00666	0.00466	0.00394	0.00130	0.00645	0.00317	0.00224	0.00699
10	0.01820	0.01859	0.01617	0.01424	0.06008	0.35478	0.05705	0.28990	0.08321	0.02124	0.01104	0.01186	0.00843	0.00573	0.00505	0.00150	0.00740	0.00430	0.00381	0.00743
11	0.00767	0.00511	0.00655	0.00659	0.00695	0.00528	0.00436	0.00816	0.00846	0.01170	0.07648	0.07250	0.01957	0.41540	0.20764	0.09782	0.00675	0.00725	0.02212	0.00365
12	0.01334	0.01249	0.05997	0.01074	0.01384	0.05646	0.00880	0.08337	0.52707	0.04137	0.03662	0.08123	0.01638	0.00757	0.00536	0.00174	0.00465	0.00629	0.00495	0.00776
13	0.01159	0.02387	0.61873	0.01548	0.06582	0.01276	0.01762	0.09219	0.01222	0.01793	0.00954	0.01128	0.00694	0.00532	0.00574	0.00167	0.05702	0.00402	0.00253	0.00772
14	0.00634	0.00453	0.00604	0.00725	0.00755	0.00423	0.00483	0.00725	0.00997	0.01329	0.02870	0.81358	0.03444	0.01632	0.00665	0.00211	0.00302	0.01480	0.00483	0.00423
15	0.01094	0.01032	0.01679	0.34672	0.31355	0.01131	0.03519	0.01497	0.07187	0.01555	0.01483	0.01760	0.08627	0.00592	0.00532	0.00167	0.00605	0.00542	0.00291	0.00681
16	0.85377	0.01007	0.00765	0.00685	0.01007	0.01168	0.00564	0.01531	0.00886	0.02336	0.00725	0.00846	0.00564	0.00483	0.00322	0.00161	0.00403	0.00282	0.00322	0.00564
17	0.01046	0.02372	0.65010	0.01511	0.06422	0.01170	0.01756	0.01639	0.04454	0.01641	0.01026	0.01223	0.00761	0.00773	0.06781	0.00218	0.00795	0.00412	0.00240	0.00751
18	0.00615	0.00528	0.00528	0.00528	0.00703	0.00440	0.00396	0.00747	0.01187	0.01407	0.05276	0.05012	0.78238	0.01319	0.00615	0.00176	0.00264	0.01099	0.00484	0.00440
19	0.03641	0.00890	0.01155	0.05545	0.01402	0.00832	0.00773	0.02274	0.10947	0.53381	0.02140	0.03661	0.06076	0.00694	0.00523	0.00162	0.00436	0.00571	0.00572	0.04324
20	0.85377	0.01007	0.00765	0.00685	0.01007	0.01168	0.00564	0.01531	0.00886	0.02336	0.00725	0.00846	0.00564	0.00483	0.00322	0.00161	0.00403	0.00282	0.00322	0.00564
21	0.01080	0.00926	0.01080	0.00771	0.01234	0.00694	0.00617	0.01311	0.01080	0.01697	0.00926	0.01080	0.00771	0.00386	0.00386	0.00077	0.00386	0.00309	0.00309	0.84882
22	0.01134	0.01100	0.07297	0.00855	0.01339	0.00794	0.00745	0.06143	0.01169	0.01794	0.00947	0.01092	0.00770	0.00410	0.00403	0.00089	0.00428	0.00325	0.00315	0.72851
23	0.06558	0.62379	0.10438	0.01123	0.07533	0.01852	0.01034	0.01570	0.01062	0.01376	0.00766	0.00899	0.00673	0.00454	0.00364	0.00123	0.00574	0.00304	0.00231	0.00685
24	0.01295	0.01119	0.01178	0.01060	0.01354	0.01295	0.00824	0.02767	0.77509	0.02178	0.02120	0.01943	0.01590	0.00707	0.00530	0.00177	0.00412	0.00589	0.00530	0.00824
25	0.01167	0.00923	0.01089	0.00782	0.01241	0.00699	0.00627	0.01396	0.01108	0.07053	0.01004	0.01128	0.00807	0.00404	0.00395	0.00083	0.00390	0.00323	0.00332	0.79048
26	0.00745	0.00555	0.00821	0.00821	0.00909	0.00642	0.00631	0.00920	0.00832	0.01197	0.01409	0.02125	0.01336	0.08447	0.75141	0.00818	0.01343	0.00570	0.00281	0.00456
27	0.01136	0.02466	0.67192	0.01522	0.02247	0.01195	0.09137	0.01701	0.01134	0.06018	0.01010	0.01167	0.00708	0.00498	0.00508	0.00166	0.00762	0.00415	0.00248	0.00770

[dist]
# distance from previous block
# <min> <max>
1	8

[block]
# block no. 1 follows, 47 sequences, length 100
# corresponding to MSA columns:
# 142-159,179-196,210-225,228-230,232-276
name=unknown_B
#
# <colnr> <probs for GDERKNQSTAVLIFYWHMCP>
#	G	D	E	R	K	N	Q	S	T	A	V	L	I	F	Y	W	H	M	C	P
0	0.01242	0.01235	0.01501	0.29555	0.16725	0.12301	0.01195	0.01837	0.21197	0.01631	0.02770	0.01624	0.03754	0.00599	0.00520	0.00165	0.00618	0.00509	0.00335	0.00687
1	0.00753	0.00520	0.00645	0.00645	0.00672	0.00547	0.00412	0.00807	0.00780	0.01067	0.01570	0.03016	0.01723	0.59315	0.24801	0.00600	0.00761	0.00700	0.00305	0.00359
2	0.01012	0.00969	0.01561	0.01320	0.05179	0.04011	0.23172	0.04016	0.01286	0.01739	0.22485	0.10563	0.11083	0.00879	0.00677	0.00175	0.06146	0.00809	0.02337	0.00581
3	0.00643	0.00460	0.00612	0.00719	0.00757	0.00429	0.00484	0.00746	0.01037	0.01392	0.09113	0.74936	0.03566	0.01585	0.00661	0.00208	0.00297	0.01436	0.00491	0.00429
4	0.01109	0.09419	0.66386	0.01462	0.02182	0.01299	0.05686	0.03685	0.01139	0.01658	0.00931	0.01097	0.00673	0.00491	0.00488	0.00161	0.00752	0.00390	0.00231	0.00761
5	0.00615	0.00528	0.00528	0.00528	0.00703	0.00440	0.00396	0.00747	0.01187	0.01407	0.05276	0.05012	0.78238	0.01319	0.00615	0.00176	0.00264	0.01099	0.00484	0.00440
6	0.01287	0.01267	0.01901	0.08131	0.57163	0.06862	0.01440	0.01635	0.05154	0.01665	0.04067	0.01401	0.01000	0.00530	0.00571	0.00159	0.04240	0.00480	0.00282	0.00767
7	0.00660	0.00529	0.00589	0.00574	0.00730	0.00458	0.00430	0.00833	0.01291	0.01654	0.31737	0.04605	0.51622	0.01227	0.00615	0.00171	0.00257	0.01042	0.00516	0.00458
8	0.01080	0.00926	0.01080	0.00771	0.01234	0.00694	0.00617	0.01311	0.01080	0.01697	0.00926	0.01080	0.00771	0.00386	0.00386	0.00077	0.00386	0.00309	0.00309	0.84882
9	0.01064	0.07140	0.74725	0.01451	0.02203	0.01257	0.01866	0.01644	0.01097	0.01625	0.00923	0.01085	0.00660	0.00492	0.00486	0.00162	0.00758	0.00379	0.00220	0.00764
10	0.01320	0.01131	0.01192	0.01065	0.01364	0.01307	0.00830	0.05487	0.74748	0.02219	0.02088	0.01917	0.01564	0.00704	0.00530	0.00176	0.00418	0.00584	0.00530	0.00827
11	0.00744	0.00558	0.00837	0.00837	0.00930	0.00651	0.00651	0.00930	0.00837	0.01209	0.01395	0.02046	0.01302	0.03906	0.79635	0.00837	0.01395	0.00558	0.00279	0.00465
12	0.01080	0.00926	0.01080	0.00771	0.01234	0.00694	0.00617	0.01311	0.01080	0.01697	0.00926	0.01080	0.00771	0.00386	0.00386	0.00077	0.00386	0.00309	0.00309	0.84882
13	0.00757	0.00505	0.00568	0.00568	0.00568	0.00505	0.00316	0.00757	0.00757	0.01010	0.01641	0.03408	0.01893	0.81698	0.02651	0.00505	0.00505	0.00757	0.00316	0.00316
14	0.01945	0.02482	0.01476	0.01342	0.01610	0.79608	0.01006	0.02079	0.01476	0.01275	0.00805	0.00939	0.00671	0.00537	0.00470	0.00134	0.00939	0.00335	0.00268	0.00604
15	0.01080	0.00926	0.01080	0.00771	0.01234	0.00694	0.00617	0.01311	0.01080	0.01697	0.00926	0.01080	0.00771	0.00386	0.00386	0.00077	0.00386	0.00309	0.00309	0.84882
16	0.01080	0.00926	0.01080	0.00771	0.01234	0.00694	0.00617	0.01311	0.01080	0.01697	0.00926	0.01080	0.00771	0.00386	0.00386	0.00077	0.00386	0.00309	0.00309	0.84882
17	0.01238	0.01184	0.01995	0.02997	0.72628	0.01178	0.01508	0.01535	0.01186	0.01679	0.01301	0.01568	0.06622	0.00528	0.00523	0.00156	0.00592	0.00512	0.00275	0.00796
18	0.00731	0.00532	0.00687	0.00648	0.00774	0.00489	0.00486	0.00970	0.01459	0.02052	0.74297	0.03950	0.08815	0.01078	0.00614	0.00164	0.00247	0.00950	0.00568	0.00489
19	0.01068	0.01023	0.01765	0.58230	0.21554	0.01184	0.04972	0.01411	0.01085	0.01435	0.00945	0.01365	0.00730	0.00503	0.00524	0.00169	0.00685	0.00470	0.00239	0.00644
20	0.00757	0.00507	0.00578	0.00578	0.00581	0.00510	0.00328	0.00764	0.00760	0.01017	0.01632	0.03358	0.01872	0.78837	0.05483	0.00517	0.00538	0.00750	0.00314	0.00321
21	0.00753	0.00682	0.02869	0.00728	0.00924	0.00601	0.03208	0.01075	0.09780	0.01591	0.12831	0.10849	0.45668	0.01200	0.00612	0.00181	0.00329	0.05126	0.00484	0.00508
22	0.01295	0.01119	0.01178	0.01060	0.01354	0.01295	0.00824	0.02767	0.77509	0.02178	0.02120	0.01943	0.01590	0.00707	0.00530	0.00177	0.00412	0.00589	0.00530	0.00824
23	0.01272	0.01220	0.02083	0.07551	0.74230	0.01233	0.01590	0.01583	0.01178	0.01680	0.00977	0.01295	0.00818	0.00467	0.00516	0.00156	0.00623	0.00464	0.00256	0.00811
24	0.00616	0.00524	0.00532	0.00538	0.00706	0.00439	0.00400	0.00746	0.01177	0.01403	0.05151	0.08977	0.74354	0.01335	0.00618	0.00178	0.00266	0.01119	0.00484	0.00439
25	0.00905	0.00452	0.00678	0.00678	0.00678	0.00452	0.00452	0.00678	0.00678	0.00905	0.00905	0.01583	0.00905	0.01809	0.02035	0.84848	0.00452	0.00452	0.00226	0.00226
26	0.01139	0.01139	0.01595	0.01367	0.01367	0.01595	0.01139	0.01253	0.00798	0.01253	0.00684	0.01139	0.00684	0.00911	0.01709	0.00228	0.80745	0.00456	0.00228	0.00570
27	0.01080	0.00926	0.01080	0.00771	0.01234	0.00694	0.00617	0.01311	0.01080	0.01697	0.00926	0.01080	0.00771	0.00386	0.00386	0.00077	0.00386	0.00309	0.00309	0.84882
28	0.01945	0.02482	0.01476	0.01342	0.01610	0.79608	0.01006	0.02079	0.01476	0.01275	0.00805	0.00939	0.00671	0.00537	0.00470	0.00134	0.00939	0.00335	0.00268	0.00604
29	0.00630	0.00528	0.00547	0.00543	0.00712	0.00446	0.00407	0.00775	0.01221	0.01487	0.13829	0.04880	0.69635	0.01289	0.00615	0.00174	0.00262	0.01081	0.00494	0.00446
30	0.01980	0.01459	0.01563	0.01198	0.01615	0.01615	0.00990	0.76713	0.02448	0.03282	0.01250	0.01250	0.00886	0.00625	0.00521	0.00156	0.00573	0.00469	0.00521	0.00886
31	0.01980	0.01459	0.01563	0.01198	0.01615	0.01615	0.00990	0.76713	0.02448	0.03282	0.01250	0.01250	0.00886	0.00625	0.00521	0.00156	0.00573	0.00469	0.00521	0.00886
32	0.00871	0.00602	0.00854	0.00754	0.00916	0.00553	0.04460	0.01124	0.01463	0.07265	0.69012	0.03617	0.04454	0.01004	0.00608	0.00164	0.00292	0.00896	0.00562	0.00529
33	0.01295	0.01119	0.01178	0.01060	0.01354	0.01295	0.00824	0.02767	0.77509	0.02178	0.02120	0.01943	0.01590	0.00707	0.00530	0.00177	0.00412	0.00589	0.00530	0.00824
34	0.85377	0.01007	0.00765	0.00685	0.01007	0.01168	0.00564	0.01531	0.00886	0.02336	0.00725	0.00846	0.00564	0.00483	0.00322	0.00161	0.00403	0.00282	0.00322	0.00564
35	0.02253	0.00868	0.01182	0.00912	0.01301	0.00751	0.00751	0.02457	0.01490	0.74826	0.06008	0.01882	0.01477	0.00666	0.00528	0.00161	0.00433	0.00545	0.00641	0.00866
36	0.00615	0.00528	0.00528	0.00528	0.00703	0.00440	0.00396	0.00747	0.01187	0.01407	0.05276	0.05012	0.78238	0.01319	0.00615	0.00176	0.00264	0.01099	0.00484	0.00440
37	0.00971	0.00485	0.00485	0.00485	0.00607	0.00485	0.00364	0.01213	0.01092	0.01942	0.01699	0.01942	0.01335	0.00607	0.00364	0.00121	0.00243	0.00485	0.84589	0.00485
38	0.00634	0.00453	0.00604	0.00725	0.00755	0.00423	0.00483	0.00725	0.00997	0.01329	0.02870	0.81358	0.03444	0.01632	0.00665	0.00211	0.00302	0.01480	0.00483	0.00423
39	0.01392	0.82012	0.02729	0.00891	0.01337	0.02061	0.00891	0.01559	0.01058	0.01225	0.00724	0.00835	0.00668	0.00446	0.00334	0.00111	0.00557	0.00278	0.00223	0.00668
40	0.00615	0.00528	0.00528	0.00528	0.00703	0.00440	0.00396	0.00747	0.01187	0.01407	0.05276	0.05012	0.78238	0.01319	0.00615	0.00176	0.00264	0.01099	0.00484	0.00440
41	0.00634	0.00453	0.00604	0.00725	0.00755	0.00423	0.00483	0.00725	0.00997	0.01329	0.02870	0.81358	0.03444	0.01632	0.00665	0.00211	0.00302	0.01480	0.00483	0.00423
42	0.01289	0.01237	0.02114	0.03196	0.78450	0.01237	0.01598	0.01598	0.01186	0.01701	0.00980	0.01289	0.00825	0.00464	0.00516	0.00155	0.00619	0.00464	0.00258	0.00825
43	0.01385	0.79670	0.02696	0.00905	0.01337	0.02047	0.00898	0.01551	0.01051	0.01226	0.00723	0.00844	0.00669	0.00459	0.00374	0.00115	0.02878	0.00284	0.00223	0.00665
44	0.01290	0.01496	0.02937	0.02123	0.02627	0.07955	0.70152	0.01703	0.01250	0.01635	0.01032	0.01365	0.00780	0.00447	0.00602	0.00172	0.00883	0.00591	0.00264	0.00694
45	0.00905	0.00452	0.00678	0.00678	0.00678	0.00452	0.00452	0.00678	0.00678	0.00905	0.00905	0.01583	0.00905	0.01809	0.02035	0.84848	0.00452	0.00452	0.00226	0.00226
46	0.02336	0.00886	0.01209	0.00927	0.01329	0.00765	0.00765	0.02538	0.01491	0.78810	0.02055	0.01773	0.01289	0.00645	0.00524	0.00161	0.00443	0.00524	0.00645	0.00886
47	0.02336	0.00886	0.01209	0.00927	0.01329	0.00765	0.00765	0.02538	0.01491	0.78810	0.02055	0.01773	0.01289	0.00645	0.00524	0.00161	0.00443	0.00524	0.00645	0.00886
48	0.02336	0.00886	0.01209	0.00927	0.01329	0.00765	0.00765	0.02538	0.01491	0.78810	0.02055	0.01773	0.01289	0.00645	0.00524	0.00161	0.00443	0.00524	0.00645	0.00886
49	0.00823	0.00588	0.00820	0.00940	0.01053	0.00585	0.00811	0.01050	0.01183	0.01540	0.02766	0.11944	0.03033	0.01454	0.00715	0.00237	0.00465	0.69037	0.00480	0.00475
50	0.01295	0.01119	0.01178	0.01060	0.01354	0.01295	0.00824	0.02767	0.77509	0.02178	0.02120	0.01943	0.01590	0.00707	0.00530	0.00177	0.00412	0.00589	0.00530	0.00824
51	0.00634	0.00453	0.00604	0.00725	0.00755	0.00423	0.00483	0.00725	0.00997	0.01329	0.02870	0.81358	0.03444	0.01632	0.00665	0.00211	0.00302	0.01480	0.00483	0.00423
52	0.00983	0.00926	0.01562	0.80447	0.03587	0.01157	0.01446	0.01331	0.01041	0.01331	0.00926	0.01388	0.00694	0.00521	0.00521	0.00174	0.00694	0.00463	0.00231	0.00579
53	0.01260	0.01088	0.01144	0.01032	0.01320	0.01251	0.00802	0.02662	0.73545	0.02138	0.02283	0.02102	0.05570	0.00738	0.00534	0.00177	0.00404	0.00615	0.00527	0.00804
54	0.00737	0.00532	0.00696	0.00655	0.00778	0.00491	0.00491	0.00983	0.01474	0.02088	0.78175	0.03890	0.04914	0.01065	0.00614	0.00164	0.00246	0.00942	0.00573	0.00491
55	0.00643	0.00459	0.00614	0.00734	0.00768	0.00430	0.00498	0.00739	0.01005	0.01338	0.02866	0.78369	0.03427	0.01624	0.00667	0.00213	0.00309	0.04390	0.00483	0.00425
56	0.00634	0.00453	0.00604	0.00725	0.00755	0.00423	0.00483	0.00725	0.00997	0.01329	0.02870	0.81358	0.03444	0.01632	0.00665	0.00211	0.00302	0.01480	0.00483	0.00423
57	0.01980	0.01459	0.01563	0.01198	0.01615	0.01615	0.00990	0.76713	0.02448	0.03282	0.01250	0.01250	0.00886	0.00625	0.00521	0.00156	0.00573	0.00469	0.00521	0.00886
58	0.00634	0.00456	0.00601	0.00717	0.00753	0.00424	0.00480	0.00726	0.01005	0.01332	0.02966	0.78335	0.06407	0.01619	0.00663	0.00210	0.00301	0.01465	0.00483	0.00424
59	0.01229	0.01405	0.03073	0.02195	0.02722	0.01317	0.76558	0.01668	0.01229	0.01668	0.01054	0.01405	0.00790	0.00439	0.00615	0.00176	0.00878	0.00615	0.00263	0.00702
60	0.02336	0.00886	0.01209	0.00927	0.01329	0.00765	0.00765	0.02538	0.01491	0.78810	0.02055	0.01773	0.01289	0.00645	0.00524	0.00161	0.00443	0.00524	0.00645	0.00886
61	0.00634	0.00453	0.00604	0.00725	0.00755	0.00423	0.00483	0.00725	0.00997	0.01329	0.02870	0.81358	0.03444	0.01632	0.00665	0.00211	0.00302	0.01480	0.00483	0.00423
62	0.00649	0.00464	0.00621	0.00742	0.00779	0.00436	0.00509	0.00751	0.01012	0.01346	0.02862	0.75926	0.03412	0.01618	0.00669	0.00214	0.00315	0.06768	0.00483	0.00427
63	0.02212	0.01085	0.01332	0.01021	0.01429	0.01061	0.00843	0.28313	0.01823	0.52565	0.01775	0.01591	0.01149	0.00638	0.00523	0.00159	0.00488	0.00505	0.00602	0.00886
64	0.02286	0.00967	0.01258	0.00965	0.01370	0.00885	0.00797	0.12962	0.01625	0.68197	0.01941	0.01699	0.01232	0.00642	0.00523	0.00160	0.00461	0.00516	0.00627	0.00886
65	0.02146	0.00892	0.01189	0.00903	0.01315	0.00755	0.00743	0.02352	0.01428	0.67101	0.01883	0.01667	0.01210	0.00605	0.00503	0.00148	0.00434	0.00491	0.00594	0.13641
66	0.01045	0.02694	0.79000	0.01484	0.02254	0.01209	0.01924	0.01649	0.01099	0.01649	0.00935	0.01099	0.00660	0.00495	0.00495	0.00165	0.00770	0.00385	0.00220	0.00770
67	0.01080	0.00926	0.01080	0.00771	0.01234	0.00694	0.00617	0.01311	0.01080	0.01697	0.00926	0.01080	0.00771	0.00386	0.00386	0.00077	0.00386	0.00309	0.00309	0.84882
68	0.01422	0.77780	0.02662	0.00915	0.01351	0.06186	0.00897	0.01587	0.01080	0.01228	0.00728	0.00841	0.00668	0.00450	0.00341	0.00113	0.00577	0.00281	0.00225	0.00665
69	0.01409	0.79548	0.02690	0.00905	0.01345	0.04463	0.00895	0.01575	0.01071	0.01227	0.00727	0.00839	0.00668	0.00448	0.00338	0.00112	0.00569	0.00280	0.00224	0.00666
70	0.01080	0.00926	0.01080	0.00771	0.01234	0.00694	0.00617	0.01311	0.01080	0.01697	0.00926	0.01080	0.00771	0.00386	0.00386	0.00077	0.00386	0.00309	0.00309	0.84882
71	0.01229	0.01405	0.03073	0.02195	0.02722	0.01317	0.76558	0.01668	0.01229	0.01668	0.01054	0.01405	0.00790	0.00439	0.00615	0.00176	0.00878	0.00615	0.00263	0.00702
72	0.01392	0.82012	0.02729	0.00891	0.01337	0.02061	0.00891	0.01559	0.01058	0.01225	0.00724	0.00835	0.00668	0.00446	0.00334	0.00111	0.00557	0.00278	0.00223	0.00668
73	0.02336	0.00886	0.01209	0.00927	0.01329	0.00765	0.00765	0.02538	0.01491	0.78810	0.02055	0.01773	0.01289	0.00645	0.00524	0.00161	0.00443	0.00524	0.00645	0.00886
74	0.00734	0.00532	0.00692	0.00652	0.00776	0.00490	0.00489	0.00977	0.01467	0.02071	0.76353	0.03918	0.06747	0.01071	0.00614	0.00164	0.00246	0.00946	0.00571	0.00490
75	0.00737	0.00532	0.00696	0.00655	0.00778	0.00491	0.00491	0.00983	0.01474	0.02088	0.78175	0.03890	0.04914	0.01065	0.00614	0.00164	0.00246	0.00942	0.00573	0.00491
76	0.02336	0.00886	0.01209	0.00927	0.01329	0.00765	0.00765	0.02538	0.01491	0.78810	0.02055	0.01773	0.01289	0.00645	0.00524	0.00161	0.00443	0.00524	0.00645	0.00886
77	0.01392	0.01577	0.04598	0.15192	0.30358	0.24776	0.04446	0.01693	0.03135	0.01490	0.00973	0.01260	0.00797	0.00707	0.05237	0.00194	0.00785	0.00437	0.00263	0.00689
78	0.01229	0.01405	0.03073	0.02195	0.02722	0.01317	0.76558	0.01668	0.01229	0.01668	0.01054	0.01405	0.00790	0.00439	0.00615	0.00176	0.00878	0.00615	0.00263	0.00702
79	0.00761	0.00555	0.00783	0.00779	0.00851	0.00632	0.00579	0.00907	0.00826	0.01188	0.01444	0.02320	0.01419	0.20557	0.59261	0.00733	0.02646	0.00597	0.02727	0.00435
80	0.01274	0.01222	0.02087	0.06963	0.74799	0.01233	0.01591	0.01585	0.01179	0.01683	0.00977	0.01294	0.00819	0.00467	0.00516	0.00156	0.00622	0.00464	0.00256	0.00813
81	0.01179	0.14801	0.37283	0.01674	0.07349	0.01380	0.21652	0.01695	0.05102	0.01618	0.00997	0.01196	0.00755	0.00481	0.00504	0.00159	0.00736	0.00445	0.00251	0.00742
82	0.01728	0.04763	0.01557	0.01526	0.12333	0.51128	0.01048	0.05030	0.03346	0.02864	0.00940	0.01146	0.00789	0.03068	0.00605	0.00155	0.04899	0.00389	0.02041	0.00647
83	0.01086	0.00981	0.01214	0.07692	0.01457	0.04442	0.03317	0.03215	0.01078	0.01573	0.01114	0.04256	0.02270	0.00891	0.08553	0.00194	0.09562	0.00439	0.01782	0.44884
84	0.01259	0.15877	0.43871	0.01402	0.02003	0.01443	0.08498	0.12252	0.01280	0.01789	0.00941	0.01106	0.00707	0.00522	0.00546	0.00159	0.04924	0.00404	0.00268	0.00752
85	0.00813	0.00562	0.00749	0.00836	0.00951	0.00537	0.00681	0.00997	0.01155	0.04537	0.03105	0.25635	0.13383	0.01442	0.00683	0.00220	0.00401	0.42348	0.00488	0.00475
86	0.00760	0.00509	0.00596	0.00596	0.00605	0.00517	0.00351	0.00772	0.00763	0.01026	0.01599	0.03234	0.01813	0.72379	0.09910	0.02614	0.00588	0.00731	0.00310	0.00327
87	0.01140	0.01167	0.05441	0.11508	0.32258	0.03289	0.10236	0.03372	0.03528	0.01610	0.02845	0.10701	0.03146	0.00783	0.02763	0.01947	0.02653	0.00623	0.00306	0.00682
88	0.01050	0.01122	0.04515	0.01818	0.10702	0.01022	0.40499	0.01375	0.01160	0.01578	0.01635	0.21775	0.01634	0.00824	0.00621	0.00187	0.00668	0.06850	0.00334	0.00630
89	0.01295	0.01119	0.01178	0.01060	0.01354	0.01295	0.00824	0.02767	0.77509	0.02178	0.02120	0.01943	0.01590	0.00707	0.00530	0.00177	0.00412	0.00589	0.00530	0.00824
90	0.02336	0.00886	0.01209	0.00927	0.01329	0.00765	0.00765	0.02538	0.01491	0.78810	0.02055	0.01773	0.01289	0.00645	0.00524	0.00161	0.00443	0.00524	0.00645	0.00886
91	0.01089	0.01038	0.01753	0.52926	0.22469	0.01192	0.04974	0.01491	0.05135	0.01486	0.01009	0.01393	0.00779	0.00512	0.00524	0.00169	0.00669	0.00477	0.00255	0.00660
92	0.00953	0.00870	0.01191	0.01087	0.01095	0.01134	0.00852	0.01045	0.00845	0.01241	0.01398	0.22912	0.01586	0.12026	0.01557	0.00261	0.48371	0.00771	0.00308	0.00496
93	0.00905	0.00452	0.00678	0.00678	0.00678	0.00452	0.00452	0.00678	0.00678	0.00905	0.00905	0.01583	0.00905	0.01809	0.02035	0.84848	0.00452	0.00452	0.00226	0.00226
94	0.03838	0.01031	0.01209	0.00998	0.01352	0.01067	0.00802	0.07763	0.34995	0.38019	0.01996	0.01789	0.01376	0.00667	0.00521	0.00168	0.00438	0.00543	0.00578	0.00851
95	0.01395	0.01399	0.01734	0.01404	0.01636	0.17358	0.17335	0.08716	0.01216	0.04719	0.01028	0.01443	0.00891	0.07558	0.06604	0.00253	0.23888	0.00502	0.00300	0.00620
96	0.01027	0.00741	0.02746	0.00755	0.00956	0.02649	0.00600	0.03943	0.05400	0.11288	0.47793	0.03387	0.12703	0.01051	0.02477	0.00181	0.00350	0.00837	0.00543	0.00573
97	0.00760	0.00578	0.00853	0.00844	0.00928	0.00681	0.00653	0.00934	0.00831	0.01200	0.01379	0.02081	0.01308	0.07827	0.72550	0.00796	0.04491	0.00564	0.00279	0.00461
98	0.04320	0.00889	0.01198	0.00921	0.01322	0.00775	0.00761	0.02514	0.01476	0.76983	0.02023	0.01750	0.01272	0.00641	0.00519	0.00161	0.00442	0.00518	0.00637	0.00879
99	0.74296	0.01120	0.04879	0.00762	0.01115	0.01190	0.00664	0.06129	0.01004	0.03865	0.00794	0.00902	0.00603	0.00496	0.00347	0.00161	0.00433	0.00303	0.00335	0.00601

[dist]
# distance from previous block
# <min> <max>
5	8

[block]
# block no. 2 follows, 47 sequences, length 16
# corresponding to MSA columns:
# 285-300
name=unknown_C
#
# <colnr> <probs for GDERKNQSTAVLIFYWHMCP>
#	G	D	E	R	K	N	Q	S	T	A	V	L	I	F	Y	W	H	M	C	P
0	0.01189	0.37472	0.30664	0.01083	0.01636	0.01481	0.01217	0.01531	0.01096	0.01488	0.04398	0.01108	0.00875	0.00484	0.00414	0.00129	0.00597	0.00353	0.00250	0.12535
1	0.00765	0.00512	0.00630	0.00651	0.00703	0.00525	0.00443	0.00865	0.00886	0.01258	0.01942	0.13264	0.04770	0.37201	0.18341	0.00462	0.00623	0.04203	0.11559	0.00396
2	0.01250	0.23025	0.12419	0.03026	0.01667	0.04035	0.10109	0.01949	0.26404	0.01674	0.01396	0.01641	0.01137	0.00712	0.03120	0.00181	0.00616	0.04575	0.00347	0.00716
3	0.01399	0.18401	0.04451	0.09925	0.27910	0.03946	0.07016	0.08761	0.02487	0.06464	0.02375	0.02639	0.00926	0.00528	0.00489	0.00151	0.00618	0.00461	0.00310	0.00745
4	0.01255	0.01442	0.12921	0.02956	0.67740	0.01233	0.01644	0.01605	0.01174	0.01694	0.00973	0.01262	0.00802	0.00468	0.00513	0.00156	0.00640	0.00453	0.00252	0.00817
5	0.00696	0.00519	0.00567	0.00564	0.00711	0.00458	0.00419	0.00869	0.01233	0.01644	0.22408	0.08523	0.45426	0.01174	0.00583	0.00167	0.00259	0.00996	0.12327	0.00458
6	0.01376	0.17524	0.11690	0.14032	0.09641	0.12392	0.12934	0.04197	0.03495	0.05102	0.02264	0.01243	0.00839	0.00510	0.00489	0.00152	0.00701	0.00437	0.00284	0.00697
7	0.01229	0.01253	0.01935	0.26999	0.21251	0.07484	0.13255	0.03727	0.01141	0.01515	0.00918	0.01284	0.00743	0.00565	0.00733	0.00175	0.14394	0.00476	0.00254	0.00668
8	0.00656	0.00465	0.00609	0.00704	0.00739	0.00437	0.00468	0.00752	0.01018	0.01369	0.09697	0.66723	0.03431	0.09274	0.00851	0.00235	0.00316	0.01361	0.00476	0.00419
9	0.01043	0.00805	0.01121	0.14993	0.13718	0.00861	0.00900	0.01484	0.13277	0.04251	0.03371	0.12574	0.05297	0.00841	0.00537	0.00172	0.00446	0.07886	0.15810	0.00612
10	0.01449	0.30411	0.16063	0.01036	0.01458	0.07284	0.01015	0.05441	0.02982	0.14459	0.01352	0.12414	0.01193	0.00677	0.00466	0.00149	0.00568	0.00529	0.00355	0.00699
11	0.00791	0.00565	0.00777	0.00878	0.00979	0.00556	0.00728	0.00999	0.01177	0.01553	0.09991	0.18681	0.03225	0.03864	0.00758	0.00236	0.00427	0.52867	0.00484	0.00466
12	0.65485	0.00918	0.00785	0.00714	0.01003	0.01025	0.00572	0.01514	0.00960	0.09544	0.01154	0.12252	0.01039	0.00660	0.00390	0.00168	0.00393	0.00474	0.00376	0.00575
13	0.00801	0.00613	0.00697	0.00619	0.00781	0.00534	0.00427	0.00916	0.01017	0.01396	0.12175	0.03256	0.18047	0.35109	0.01423	0.00290	0.00392	0.00747	0.00383	0.20378
14	0.01174	0.36333	0.17575	0.08637	0.01635	0.01417	0.01076	0.01482	0.03555	0.04423	0.01223	0.12400	0.01149	0.00837	0.04825	0.00186	0.00615	0.00522	0.00289	0.00648
15	0.01241	0.06115	0.30911	0.15911	0.10893	0.01214	0.12082	0.02956	0.01178	0.09018	0.01100	0.01384	0.00824	0.00525	0.00518	0.00165	0.00701	0.02245	0.00285	0.00733

[dist]
# distance from previous block
# <min> <max>
0	31

[block]
# block no. 3 follows, 47 sequences, length 22
# corresponding to MSA columns:
# 332-353
name=unknown_D
#
# <colnr> <probs for GDERKNQSTAVLIFYWHMCP>
#	G	D	E	R	K	N	Q	S	T	A	V	L	I	F	Y	W	H	M	C	P
0	0.01361	0.16357	0.01716	0.01236	0.01393	0.21194	0.01028	0.01497	0.01031	0.01262	0.00822	0.01230	0.00781	0.00883	0.04593	0.00210	0.39716	0.02854	0.00248	0.00589
1	0.01456	0.06580	0.06960	0.10827	0.12120	0.07952	0.08661	0.01854	0.08537	0.16939	0.01438	0.01530	0.04085	0.00562	0.00504	0.00152	0.00598	0.00486	0.00368	0.08391
2	0.01970	0.00893	0.01155	0.00909	0.01258	0.00826	0.00741	0.12248	0.01617	0.53362	0.17073	0.02123	0.01955	0.00725	0.00541	0.00161	0.00421	0.00599	0.00614	0.00808
3	0.00816	0.00700	0.01025	0.38135	0.02057	0.00779	0.00898	0.01043	0.01067	0.01371	0.02523	0.14840	0.23081	0.04229	0.00648	0.00191	0.00481	0.00812	0.04804	0.00500
4	0.01292	0.00841	0.01193	0.08179	0.01434	0.00840	0.07053	0.05642	0.10810	0.19205	0.34294	0.02603	0.02755	0.00802	0.00570	0.00166	0.00421	0.00709	0.00524	0.00667
5	0.02078	0.00910	0.01315	0.01007	0.01392	0.00811	0.07063	0.04762	0.01483	0.62017	0.06627	0.01862	0.01460	0.00651	0.00530	0.00161	0.00463	0.00554	0.04024	0.00830
6	0.00634	0.00453	0.00604	0.00725	0.00755	0.00423	0.00483	0.00725	0.00997	0.01329	0.02870	0.81358	0.03444	0.01632	0.00665	0.00211	0.00302	0.01480	0.00483	0.00423
7	0.01998	0.01428	0.01544	0.01184	0.01600	0.01570	0.00978	0.72792	0.02398	0.07275	0.01293	0.01278	0.00907	0.00626	0.00521	0.00157	0.00566	0.00472	0.00527	0.00886
8	0.01777	0.01403	0.01491	0.04830	0.06374	0.07962	0.01002	0.43198	0.16991	0.07477	0.01404	0.01403	0.01020	0.00620	0.00518	0.00159	0.00572	0.00484	0.00480	0.00833
9	0.01138	0.01211	0.06154	0.01478	0.15425	0.11395	0.02836	0.01337	0.01008	0.01378	0.01089	0.01632	0.01009	0.10724	0.16247	0.00340	0.19131	0.00498	0.05390	0.00582
10	0.04106	0.22318	0.06697	0.01166	0.01566	0.24762	0.01017	0.28667	0.01678	0.02035	0.00950	0.01032	0.00743	0.00541	0.00451	0.00139	0.00685	0.00370	0.00346	0.00731
11	0.00905	0.00452	0.00678	0.00678	0.00678	0.00452	0.00452	0.00678	0.00678	0.00905	0.00905	0.01583	0.00905	0.01809	0.02035	0.84848	0.00452	0.00452	0.00226	0.00226
12	0.01528	0.47487	0.04660	0.01078	0.01446	0.26846	0.00970	0.01699	0.01187	0.01268	0.00826	0.01067	0.00751	0.00532	0.00458	0.00130	0.04267	0.02915	0.00246	0.00640
13	0.00690	0.00516	0.00647	0.00703	0.00793	0.00483	0.00505	0.00880	0.03819	0.01556	0.20027	0.43883	0.16088	0.01409	0.00644	0.00196	0.00298	0.05901	0.00505	0.00459
14	0.01191	0.09147	0.65562	0.01384	0.02093	0.01240	0.01733	0.01723	0.01132	0.08631	0.01019	0.01139	0.00718	0.00504	0.00484	0.00160	0.00722	0.00389	0.00259	0.00772
15	0.01181	0.08409	0.01758	0.37603	0.19301	0.01265	0.04065	0.02791	0.11848	0.03051	0.01136	0.01413	0.00879	0.00531	0.00504	0.00163	0.00615	0.00471	0.02326	0.00688
16	0.02336	0.00886	0.01209	0.00927	0.01329	0.00765	0.00765	0.02538	0.01491	0.78810	0.02055	0.01773	0.01289	0.00645	0.00524	0.00161	0.00443	0.00524	0.00645	0.00886
17	0.01169	0.00980	0.01057	0.00975	0.01227	0.01099	0.00758	0.05576	0.54560	0.02048	0.04293	0.09665	0.08284	0.00889	0.00562	0.00182	0.00397	0.05028	0.00520	0.00730
18	0.01088	0.09826	0.67273	0.01475	0.02200	0.01294	0.06539	0.01642	0.01104	0.01612	0.00923	0.01095	0.00669	0.00487	0.00488	0.00161	0.00757	0.00390	0.00223	0.00756
19	0.03227	0.13034	0.01833	0.03203	0.01639	0.10132	0.20701	0.06114	0.02458	0.02847	0.01426	0.19491	0.01412	0.02486	0.02876	0.00196	0.05280	0.00700	0.00335	0.00611
20	0.00648	0.00473	0.00597	0.00681	0.00745	0.00433	0.00467	0.00761	0.01070	0.01419	0.09520	0.60568	0.15774	0.01510	0.00646	0.00200	0.00290	0.01350	0.02416	0.00433
21	0.08402	0.00542	0.00616	0.00644	0.00707	0.00547	0.00424	0.00832	0.00887	0.01279	0.02237	0.26554	0.09151	0.36511	0.08081	0.00383	0.00487	0.00945	0.00379	0.00394

[dist]
# distance from previous block
# <min> <max>
0	3

# created by:
# /home/cegg/simao/soft/augustus-3.2.1/scripts/msa2prfl.pl ./align_prep/EOG091G0KVW.fa
