[name]
unknown

[dist]
# distance from previous block
# <min> <max>
0	14

[block]
# block no. 0 follows, 44 sequences, length 7
# corresponding to MSA columns:
# 14-20
name=unknown_A
#
# <colnr> <probs for GDERKNQSTAVLIFYWHMCP>
#	G	D	E	R	K	N	Q	S	T	A	V	L	I	F	Y	W	H	M	C	P
0	0.00760	0.00567	0.00715	0.00801	0.00901	0.00543	0.00611	0.00962	0.03905	0.01500	0.03372	0.35284	0.17858	0.05483	0.00802	0.00237	0.00382	0.24345	0.00498	0.00475
1	0.03305	0.00739	0.01005	0.00923	0.01086	0.00814	0.02598	0.07228	0.05462	0.05859	0.04175	0.02139	0.01463	0.08142	0.47479	0.04996	0.01077	0.00593	0.00361	0.00556
2	0.00933	0.00591	0.00750	0.00749	0.00883	0.00550	0.00545	0.02997	0.01258	0.10315	0.18170	0.34961	0.15361	0.03981	0.05114	0.00244	0.00393	0.01151	0.00528	0.00527
3	0.00771	0.00848	0.10550	0.01041	0.07179	0.00618	0.00779	0.00959	0.01100	0.01476	0.02924	0.54016	0.12822	0.01415	0.00654	0.00205	0.00400	0.01265	0.00452	0.00525
4	0.05527	0.01422	0.01525	0.01194	0.01609	0.01569	0.00980	0.58383	0.11785	0.08217	0.01457	0.01419	0.01034	0.00660	0.00538	0.00167	0.00562	0.00502	0.00546	0.00905
5	0.00878	0.00515	0.00702	0.00702	0.00760	0.00529	0.00498	0.00855	0.00861	0.01218	0.01665	0.02273	0.08673	0.06322	0.19969	0.41098	0.00663	0.00588	0.10873	0.00357
6	0.00969	0.00698	0.00832	0.00808	0.00963	0.00697	0.00595	0.07235	0.10884	0.05047	0.22540	0.31189	0.10703	0.03385	0.00696	0.00201	0.00346	0.01096	0.00543	0.00573

[dist]
# distance from previous block
# <min> <max>
2	7

[block]
# block no. 1 follows, 44 sequences, length 103
# corresponding to MSA columns:
# 28-63,69-84,94-109,116,121-125,128-151,156-160
name=unknown_B
#
# <colnr> <probs for GDERKNQSTAVLIFYWHMCP>
#	G	D	E	R	K	N	Q	S	T	A	V	L	I	F	Y	W	H	M	C	P
0	0.04503	0.00653	0.00745	0.00782	0.03843	0.00605	0.00564	0.04256	0.01299	0.03765	0.10728	0.13706	0.44550	0.01281	0.00634	0.00190	0.00337	0.06535	0.00504	0.00521
1	0.01285	0.00752	0.00914	0.00872	0.03959	0.00735	0.00633	0.09080	0.04289	0.15646	0.14971	0.13148	0.07547	0.03774	0.00631	0.00180	0.00370	0.00794	0.19785	0.00636
2	0.00797	0.00537	0.00626	0.00632	0.00670	0.00528	0.00400	0.00865	0.00959	0.01309	0.11912	0.05793	0.05056	0.56923	0.02132	0.00426	0.00465	0.05546	0.04044	0.00381
3	0.04000	0.00597	0.00712	0.03729	0.00927	0.00554	0.00527	0.01010	0.01317	0.05126	0.31390	0.12897	0.30702	0.03251	0.00684	0.00191	0.00312	0.01040	0.00528	0.00506
4	0.01178	0.00998	0.01072	0.00976	0.01240	0.01114	0.00754	0.02346	0.55411	0.02177	0.15461	0.02733	0.10463	0.00874	0.00580	0.00183	0.00385	0.00738	0.00557	0.00759
5	0.00758	0.00524	0.00644	0.00698	0.00786	0.00476	0.00480	0.00869	0.01121	0.04805	0.08156	0.46704	0.20864	0.09403	0.00880	0.00238	0.00331	0.01300	0.00502	0.00462
6	0.02144	0.01108	0.01335	0.01042	0.01432	0.01101	0.00850	0.29659	0.01879	0.42482	0.01846	0.04766	0.01298	0.02753	0.00604	0.00177	0.00503	0.00571	0.03571	0.00878
7	0.00695	0.00550	0.00632	0.00642	0.00788	0.00477	0.00467	0.00851	0.01250	0.01612	0.19608	0.23911	0.40591	0.01370	0.00648	0.00187	0.00287	0.01185	0.00519	0.03729
8	0.02347	0.00925	0.01246	0.00966	0.01373	0.00813	0.00794	0.02611	0.04479	0.72309	0.04697	0.01938	0.01490	0.00692	0.00552	0.00169	0.00456	0.00566	0.00668	0.00911
9	0.02379	0.00939	0.01255	0.00966	0.01378	0.00830	0.00797	0.05809	0.01590	0.71858	0.02101	0.01838	0.01333	0.00672	0.00542	0.00167	0.00462	0.00544	0.03629	0.00913
10	0.82633	0.01051	0.00813	0.00723	0.01063	0.01212	0.00596	0.01629	0.00944	0.04332	0.00794	0.00910	0.00609	0.00510	0.00343	0.00169	0.00423	0.00302	0.00346	0.00599
11	0.00674	0.00481	0.00643	0.00770	0.00806	0.00451	0.00523	0.00775	0.01053	0.01402	0.03000	0.77201	0.03585	0.01699	0.00698	0.00223	0.00324	0.04740	0.00506	0.00445
12	0.00780	0.00579	0.00852	0.00852	0.00941	0.00668	0.00651	0.00958	0.00869	0.01248	0.01482	0.02264	0.01416	0.10652	0.72189	0.00846	0.01381	0.00602	0.00295	0.00473
13	0.00779	0.00582	0.00864	0.00864	0.00957	0.00675	0.00666	0.00966	0.00873	0.01256	0.01472	0.02204	0.01390	0.07448	0.75357	0.00861	0.01419	0.00593	0.00294	0.00480
14	0.00671	0.00489	0.00633	0.00733	0.00787	0.00450	0.00498	0.00783	0.01104	0.01464	0.09286	0.66942	0.10894	0.01628	0.00687	0.00214	0.00308	0.01465	0.00514	0.00450
15	0.02369	0.00933	0.01247	0.00961	0.01370	0.00824	0.00792	0.05476	0.01582	0.71556	0.02101	0.01842	0.01335	0.00672	0.00541	0.00167	0.00460	0.00544	0.04320	0.00909
16	0.01093	0.02820	0.78016	0.01554	0.02360	0.01266	0.02014	0.01727	0.01151	0.01727	0.00978	0.01151	0.00691	0.00518	0.00518	0.00173	0.00806	0.00403	0.00230	0.00806
17	0.00664	0.00477	0.00630	0.00753	0.00789	0.00443	0.00503	0.00760	0.01049	0.01394	0.03077	0.78342	0.05702	0.01699	0.00694	0.00220	0.00315	0.01538	0.00506	0.00443
18	0.00798	0.00569	0.00705	0.00664	0.00816	0.00511	0.00501	0.01026	0.01473	0.04583	0.57737	0.04274	0.21992	0.01162	0.00640	0.00174	0.00269	0.01010	0.00581	0.00516
19	0.01093	0.02820	0.78016	0.01554	0.02360	0.01266	0.02014	0.01727	0.01151	0.01727	0.00978	0.01151	0.00691	0.00518	0.00518	0.00173	0.00806	0.00403	0.00230	0.00806
20	0.01093	0.02820	0.78016	0.01554	0.02360	0.01266	0.02014	0.01727	0.01151	0.01727	0.00978	0.01151	0.00691	0.00518	0.00518	0.00173	0.00806	0.00403	0.00230	0.00806
21	0.00824	0.00645	0.00862	0.00857	0.00948	0.03320	0.00648	0.00991	0.00888	0.01240	0.01473	0.02290	0.01422	0.14084	0.66011	0.00805	0.01321	0.00604	0.00297	0.00471
22	0.01461	0.01223	0.01292	0.01131	0.01458	0.01405	0.00888	0.13549	0.65632	0.02450	0.02086	0.01928	0.01556	0.00727	0.00553	0.00182	0.00456	0.00598	0.00553	0.00872
23	0.01018	0.00824	0.03993	0.00865	0.01085	0.00756	0.02884	0.07002	0.09295	0.04950	0.55752	0.03381	0.04027	0.00982	0.00618	0.00173	0.00350	0.00862	0.00570	0.00614
24	0.01282	0.00769	0.00955	0.00930	0.04080	0.00733	0.00692	0.01659	0.12215	0.21467	0.06629	0.11165	0.22207	0.03812	0.00692	0.00202	0.00399	0.08911	0.00546	0.00657
25	0.01930	0.01102	0.01294	0.01063	0.01437	0.01144	0.00855	0.11166	0.34152	0.36494	0.02083	0.01870	0.01437	0.00701	0.00551	0.00175	0.00466	0.00571	0.00608	0.00900
26	0.06966	0.01242	0.01735	0.11545	0.31066	0.01312	0.01269	0.22468	0.01612	0.11966	0.01240	0.01400	0.00920	0.00569	0.00527	0.00165	0.00598	0.00483	0.02084	0.00833
27	0.01228	0.01162	0.01972	0.22371	0.53401	0.01230	0.01562	0.01552	0.01177	0.01646	0.01042	0.01432	0.00865	0.00758	0.06128	0.00218	0.00726	0.00492	0.00264	0.00772
28	0.00877	0.00587	0.00670	0.00640	0.00825	0.00513	0.00489	0.01058	0.01328	0.09091	0.20391	0.06734	0.45123	0.01224	0.00624	0.00180	0.00297	0.03376	0.05450	0.00521
29	0.00653	0.00551	0.00558	0.00557	0.00732	0.00464	0.00413	0.00788	0.01229	0.01469	0.06771	0.05150	0.72494	0.04862	0.00738	0.00199	0.00287	0.01132	0.00500	0.00456
30	0.01264	0.01057	0.01562	0.17989	0.26794	0.01144	0.01194	0.11652	0.08188	0.01811	0.01306	0.06785	0.01148	0.03555	0.00844	0.11511	0.00588	0.00577	0.00341	0.00688
31	0.04132	0.00641	0.00841	0.00820	0.00928	0.00697	0.00618	0.04265	0.05479	0.01463	0.05107	0.02373	0.03471	0.05072	0.29386	0.25014	0.00812	0.05113	0.03312	0.00456
32	0.00886	0.00637	0.00825	0.00902	0.01030	0.00634	0.00730	0.01196	0.07715	0.03517	0.04519	0.22679	0.09152	0.03513	0.00759	0.00237	0.00429	0.39609	0.00510	0.00523
33	0.00886	0.00816	0.00753	0.00730	0.00926	0.07333	0.00547	0.01241	0.12632	0.01620	0.07534	0.09629	0.49291	0.01210	0.00616	0.00181	0.00362	0.01009	0.02145	0.00538
34	0.03262	0.00710	0.00899	0.00842	0.00998	0.00712	0.03542	0.08162	0.04822	0.01646	0.06816	0.11373	0.18925	0.06538	0.04046	0.16921	0.00471	0.08391	0.00430	0.00493
35	0.11819	0.00671	0.00749	0.00684	0.00851	0.00650	0.00491	0.01271	0.01139	0.14823	0.13431	0.05162	0.13061	0.28241	0.01307	0.00294	0.00411	0.00776	0.03647	0.00523
36	0.01463	0.01220	0.01258	0.01085	0.01396	0.04683	0.00854	0.20348	0.42860	0.02489	0.12380	0.02173	0.03809	0.00779	0.00564	0.00176	0.00469	0.00638	0.00546	0.00810
37	0.01141	0.00812	0.00927	0.00867	0.01074	0.00837	0.00654	0.06903	0.22078	0.08942	0.08022	0.19892	0.15403	0.06609	0.00765	0.00214	0.00392	0.03296	0.00532	0.00641
38	0.12413	0.00720	0.00833	0.00762	0.00964	0.00706	0.00575	0.02882	0.03955	0.17225	0.20062	0.16444	0.06523	0.08663	0.00779	0.00212	0.00371	0.00849	0.04467	0.00595
39	0.00712	0.00537	0.00631	0.00640	0.00769	0.00480	0.00466	0.00887	0.01302	0.01731	0.31023	0.19115	0.32355	0.02865	0.00685	0.00191	0.00281	0.01136	0.03719	0.00476
40	0.00860	0.00710	0.01054	0.00998	0.01079	0.00832	0.03993	0.01021	0.00924	0.01314	0.01661	0.16101	0.01741	0.09379	0.38223	0.00562	0.15174	0.03547	0.00331	0.00497
41	0.03699	0.00616	0.00694	0.00663	0.00837	0.00564	0.00495	0.01938	0.03461	0.06269	0.25397	0.09883	0.37472	0.04707	0.00721	0.00197	0.00309	0.01029	0.00532	0.00518
42	0.50315	0.00848	0.00731	0.00691	0.00939	0.00942	0.00549	0.02401	0.01047	0.02207	0.04374	0.09732	0.03432	0.00737	0.00419	0.00169	0.00373	0.02893	0.16647	0.00554
43	0.00724	0.00521	0.00658	0.00726	0.00752	0.00517	0.00474	0.00792	0.00964	0.01287	0.02600	0.50787	0.05496	0.26471	0.01387	0.00317	0.03414	0.01258	0.00441	0.00414
44	0.00753	0.00531	0.00671	0.00695	0.00777	0.00516	0.00491	0.00822	0.01002	0.01306	0.05536	0.16967	0.22749	0.14117	0.15045	0.13533	0.00568	0.03109	0.00402	0.00410
45	0.00718	0.00511	0.00640	0.00703	0.00755	0.00483	0.00472	0.00820	0.01069	0.01425	0.12257	0.42238	0.09322	0.21401	0.01208	0.00290	0.00367	0.04418	0.00474	0.00428
46	0.00854	0.00594	0.00661	0.00654	0.00692	0.00612	0.00396	0.01030	0.08833	0.01233	0.01830	0.06754	0.02001	0.66266	0.02370	0.00466	0.00500	0.00798	0.03060	0.00397
47	0.01146	0.14104	0.67191	0.01464	0.02221	0.01394	0.01859	0.01713	0.01145	0.01663	0.00947	0.01111	0.00692	0.00511	0.00494	0.00165	0.00774	0.00387	0.00231	0.00790
48	0.16778	0.32670	0.06860	0.06760	0.02492	0.09779	0.01028	0.10771	0.01289	0.01810	0.00865	0.01023	0.00712	0.00541	0.00486	0.00149	0.04638	0.00356	0.00297	0.00697
49	0.00747	0.00513	0.00612	0.00658	0.00677	0.00500	0.00404	0.00788	0.00900	0.01195	0.02285	0.29892	0.04615	0.50012	0.01965	0.00409	0.00449	0.02605	0.00399	0.00376
50	0.01193	0.01006	0.01164	0.00837	0.01319	0.00791	0.00672	0.06310	0.01226	0.01887	0.00992	0.01142	0.00815	0.00420	0.00413	0.00086	0.00417	0.00334	0.00338	0.78638
51	0.04841	0.00706	0.00875	0.00910	0.03973	0.00737	0.00630	0.01342	0.16108	0.03559	0.08361	0.18596	0.05476	0.05825	0.04167	0.20042	0.00453	0.02452	0.00429	0.00518
52	0.01313	0.00985	0.01181	0.01118	0.05451	0.01075	0.00812	0.24080	0.10032	0.04037	0.01946	0.16101	0.05491	0.07548	0.09566	0.03276	0.04099	0.00763	0.00456	0.00671
53	0.00798	0.00593	0.00761	0.00854	0.00955	0.01610	0.00678	0.00981	0.01196	0.01556	0.08293	0.27235	0.10614	0.05002	0.00803	0.00241	0.00417	0.36436	0.00500	0.00476
54	0.00910	0.00803	0.00769	0.00744	0.00919	0.08364	0.00563	0.03624	0.03329	0.01745	0.21728	0.10380	0.34742	0.01193	0.00621	0.00180	0.00370	0.04332	0.04166	0.00520
55	0.18662	0.00728	0.00796	0.00744	0.00949	0.00723	0.00564	0.04106	0.01268	0.12022	0.17744	0.20245	0.14020	0.04230	0.00659	0.00197	0.00359	0.00907	0.00507	0.00570
56	0.01014	0.00603	0.00692	0.00682	0.00824	0.00599	0.00518	0.04078	0.04109	0.04841	0.12900	0.12652	0.04274	0.04106	0.00611	0.00179	0.00324	0.07217	0.39238	0.00537
57	0.77882	0.01101	0.00823	0.00739	0.01066	0.04585	0.00603	0.01615	0.00963	0.02382	0.00802	0.00934	0.00626	0.00513	0.00346	0.00166	0.00440	0.00306	0.03520	0.00589
58	0.00712	0.00510	0.00639	0.00709	0.00788	0.00464	0.00489	0.00832	0.01140	0.03023	0.11496	0.53213	0.18258	0.04114	0.00744	0.00217	0.00312	0.01365	0.00514	0.00460
59	0.06352	0.00566	0.00649	0.00665	0.00753	0.00545	0.00448	0.00916	0.01065	0.03387	0.13273	0.25472	0.14000	0.27929	0.01348	0.00307	0.00384	0.01049	0.00454	0.00440
60	0.03538	0.04002	0.01512	0.01153	0.01531	0.01241	0.06204	0.17851	0.18953	0.28805	0.01760	0.01677	0.01232	0.00670	0.00593	0.00172	0.03988	0.00540	0.03725	0.00854
61	0.01570	0.01887	0.02469	0.01896	0.02306	0.31195	0.41818	0.01883	0.01356	0.01558	0.00977	0.01264	0.00772	0.00532	0.00661	0.00171	0.06204	0.00520	0.00275	0.00686
62	0.10392	0.00603	0.00715	0.00735	0.00866	0.00580	0.00528	0.01071	0.01172	0.08344	0.15605	0.41836	0.10080	0.04047	0.00699	0.00209	0.00335	0.01160	0.00512	0.00512
63	0.01220	0.00742	0.00909	0.00831	0.01025	0.00726	0.00637	0.10422	0.03591	0.14534	0.20543	0.16429	0.06698	0.08892	0.00829	0.00219	0.00396	0.07022	0.03727	0.00609
64	0.01087	0.01043	0.01384	0.01232	0.01276	0.04694	0.01002	0.01229	0.00879	0.01293	0.00984	0.01542	0.00952	0.03645	0.26716	0.00447	0.49266	0.00513	0.00260	0.00557
65	0.07995	0.00635	0.00744	0.00747	0.00848	0.00641	0.00519	0.02958	0.01052	0.07340	0.02472	0.34713	0.08808	0.23552	0.01268	0.00295	0.03433	0.01053	0.00447	0.00481
66	0.18704	0.00733	0.00796	0.00778	0.00951	0.00759	0.00581	0.07286	0.01204	0.07313	0.05399	0.32225	0.02315	0.06538	0.00709	0.00213	0.00386	0.04119	0.08437	0.00553
67	0.00681	0.00527	0.00622	0.00662	0.00779	0.00468	0.00476	0.00830	0.01231	0.01588	0.18709	0.32051	0.35089	0.01448	0.00665	0.00196	0.00291	0.02697	0.00525	0.00465
68	0.00694	0.00496	0.00667	0.00793	0.00838	0.00469	0.00558	0.00811	0.01073	0.01425	0.02988	0.70072	0.03540	0.01680	0.00704	0.00226	0.00342	0.11666	0.00506	0.00451
69	0.03136	0.01325	0.02199	0.20872	0.23085	0.03554	0.21928	0.11586	0.03467	0.01915	0.01093	0.01401	0.00841	0.00525	0.00565	0.00173	0.00734	0.00526	0.00311	0.00762
70	0.04391	0.13219	0.01565	0.01149	0.01480	0.16428	0.00925	0.09299	0.39568	0.02041	0.01567	0.01533	0.01208	0.00655	0.00535	0.00165	0.02558	0.00491	0.00439	0.00785
71	0.00792	0.00531	0.00607	0.00607	0.00611	0.00535	0.00346	0.00801	0.00796	0.01066	0.01706	0.03505	0.01955	0.77473	0.06105	0.00544	0.00569	0.00784	0.00329	0.00337
72	0.01130	0.00969	0.01130	0.00807	0.01292	0.00727	0.00646	0.01373	0.01130	0.01776	0.00969	0.01130	0.00807	0.00404	0.00404	0.00081	0.00404	0.00323	0.00323	0.84173
73	0.00993	0.00751	0.03848	0.00801	0.00926	0.03611	0.00603	0.01132	0.00991	0.08023	0.05861	0.05462	0.01835	0.32095	0.28048	0.00546	0.00840	0.00698	0.02448	0.00485
74	0.00728	0.00549	0.00632	0.00615	0.00736	0.00497	0.00436	0.00883	0.01263	0.01665	0.33198	0.04408	0.31888	0.18845	0.01115	0.00255	0.00324	0.01006	0.00505	0.00453
75	0.01256	0.03933	0.06814	0.13046	0.07671	0.02997	0.03865	0.09411	0.01402	0.08645	0.11523	0.06006	0.05174	0.00947	0.03241	0.00202	0.00579	0.08509	0.04110	0.00667
76	0.00718	0.00512	0.00655	0.00727	0.00784	0.00484	0.00501	0.00835	0.01102	0.01474	0.13790	0.45771	0.07853	0.15251	0.01049	0.00267	0.00356	0.06944	0.00489	0.00440
77	0.01308	0.01020	0.01133	0.01023	0.01280	0.01124	0.00794	0.17273	0.34390	0.03731	0.05207	0.18344	0.04153	0.01067	0.02603	0.00207	0.00461	0.03601	0.00537	0.00743
78	0.02056	0.01547	0.03616	0.01256	0.01701	0.01659	0.01056	0.72016	0.02503	0.05106	0.01320	0.01317	0.00931	0.00651	0.00545	0.00164	0.00602	0.00490	0.00540	0.00924
79	0.01014	0.00832	0.00976	0.00773	0.01118	0.00668	0.00591	0.03043	0.01166	0.01725	0.06895	0.12216	0.06123	0.06606	0.00651	0.00147	0.00388	0.00619	0.00383	0.54066
80	0.06628	0.01479	0.07525	0.01086	0.01490	0.14797	0.03018	0.16429	0.01510	0.05639	0.04982	0.01376	0.01066	0.00614	0.00544	0.03340	0.00586	0.00433	0.03635	0.23823
81	0.00788	0.00527	0.00596	0.00600	0.00601	0.00526	0.00336	0.00792	0.00801	0.01068	0.01761	0.06176	0.02037	0.78157	0.02704	0.00518	0.00521	0.00818	0.00336	0.00334
82	0.00648	0.00537	0.00568	0.00593	0.00747	0.00457	0.00432	0.00778	0.01204	0.01457	0.05029	0.20008	0.62776	0.01445	0.00654	0.00191	0.00284	0.01229	0.00506	0.00457
83	0.18183	0.00755	0.00829	0.00801	0.00997	0.00775	0.00609	0.04893	0.06290	0.08781	0.11769	0.28731	0.09062	0.01142	0.00584	0.00192	0.00370	0.04153	0.00503	0.00581
84	0.21002	0.01153	0.01245	0.00995	0.01381	0.01218	0.00816	0.26194	0.07430	0.27212	0.01546	0.01476	0.01064	0.00633	0.00492	0.00166	0.00487	0.00475	0.04188	0.00827
85	0.00883	0.00603	0.00705	0.00679	0.00818	0.00586	0.00503	0.04507	0.04242	0.02003	0.34996	0.12174	0.11447	0.04108	0.00664	0.00182	0.00298	0.00917	0.19160	0.00524
86	0.08252	0.00646	0.00757	0.00696	0.00890	0.00599	0.00531	0.01224	0.01369	0.12583	0.35768	0.07999	0.22347	0.03137	0.00661	0.00186	0.00316	0.00933	0.00552	0.00557
87	0.00933	0.00653	0.00812	0.00854	0.00965	0.00659	0.00636	0.08183	0.04556	0.03201	0.02609	0.42848	0.02901	0.08659	0.00863	0.00244	0.00408	0.16303	0.03191	0.00522
88	0.00778	0.00528	0.00680	0.00720	0.00810	0.00485	0.00505	0.00926	0.01221	0.04972	0.25034	0.44058	0.10759	0.04953	0.00761	0.00214	0.00311	0.01269	0.00533	0.00482
89	0.04395	0.00563	0.00657	0.00653	0.00781	0.00521	0.00473	0.00925	0.01294	0.01784	0.36342	0.15704	0.24536	0.07968	0.00818	0.00212	0.00301	0.01070	0.00526	0.00476
90	0.03312	0.00622	0.00785	0.00735	0.00907	0.00577	0.00555	0.01235	0.02171	0.13537	0.37162	0.15011	0.14007	0.02307	0.04389	0.00219	0.00368	0.00981	0.00559	0.00562
91	0.01942	0.02465	0.04474	0.01406	0.01693	0.67260	0.01099	0.04901	0.01518	0.01428	0.00857	0.01017	0.00711	0.00592	0.00587	0.00150	0.06600	0.00367	0.00286	0.00647
92	0.01193	0.01193	0.01670	0.01431	0.01431	0.01670	0.01193	0.01312	0.00835	0.01312	0.00716	0.01193	0.00716	0.00954	0.01789	0.00239	0.79843	0.00477	0.00239	0.00596
93	0.00775	0.00576	0.00833	0.00839	0.00931	0.00648	0.00641	0.00954	0.00921	0.01305	0.04566	0.05056	0.03630	0.09722	0.62960	0.00765	0.01246	0.02834	0.00325	0.00474
94	0.00738	0.00537	0.00766	0.00831	0.00895	0.00514	0.03210	0.00854	0.01063	0.01424	0.05984	0.55822	0.03237	0.05714	0.03944	0.03936	0.00418	0.09190	0.00472	0.00450
95	0.02409	0.00936	0.01264	0.00975	0.01393	0.00820	0.00803	0.02665	0.04114	0.75242	0.02153	0.01862	0.01360	0.00677	0.00548	0.00169	0.00463	0.00551	0.00671	0.00926
96	0.00792	0.00531	0.00606	0.00606	0.00610	0.00535	0.00344	0.00800	0.00796	0.01065	0.01708	0.03511	0.01958	0.77811	0.05771	0.00542	0.00565	0.00785	0.00329	0.00337
97	0.01506	0.01406	0.02251	0.08220	0.07687	0.06029	0.32727	0.18388	0.03464	0.05420	0.03456	0.01644	0.03976	0.00589	0.00590	0.00174	0.00741	0.00591	0.00376	0.00766
98	0.00871	0.00715	0.01040	0.00978	0.01054	0.00874	0.01671	0.01041	0.00896	0.01306	0.04667	0.02134	0.01438	0.09184	0.52617	0.00679	0.17441	0.00597	0.00297	0.00502
99	0.00793	0.00529	0.00595	0.00595	0.00595	0.00529	0.00330	0.00793	0.00793	0.01057	0.01718	0.03568	0.01982	0.80840	0.02775	0.00529	0.00529	0.00793	0.00330	0.00330
100	0.13094	0.01232	0.04830	0.01154	0.01566	0.03114	0.08769	0.15014	0.08348	0.29626	0.04269	0.01727	0.03481	0.00658	0.00533	0.00171	0.00543	0.00542	0.00516	0.00815
101	0.03480	0.06674	0.24169	0.02854	0.01833	0.01263	0.08912	0.12305	0.11863	0.06035	0.08141	0.04009	0.01489	0.00696	0.00553	0.00175	0.00618	0.03764	0.00403	0.00765
102	0.00976	0.01298	0.19341	0.01246	0.06693	0.03633	0.05980	0.01309	0.01294	0.01815	0.31330	0.06076	0.04634	0.03436	0.05333	0.00228	0.03601	0.00748	0.00410	0.00618

[dist]
# distance from previous block
# <min> <max>
0	21

[block]
# block no. 2 follows, 44 sequences, length 6
# corresponding to MSA columns:
# 186-191
name=unknown_C
#
# <colnr> <probs for GDERKNQSTAVLIFYWHMCP>
#	G	D	E	R	K	N	Q	S	T	A	V	L	I	F	Y	W	H	M	C	P
0	0.00944	0.00765	0.00980	0.00924	0.01018	0.06425	0.03281	0.01037	0.00919	0.01237	0.03822	0.02104	0.01373	0.10983	0.40970	0.16981	0.04921	0.00577	0.00291	0.00447
1	0.00888	0.00737	0.01049	0.00983	0.01048	0.00915	0.00772	0.01049	0.00903	0.01321	0.06398	0.02154	0.01505	0.10093	0.46299	0.00630	0.21849	0.00602	0.00302	0.00503
2	0.04985	0.01061	0.01153	0.00903	0.01307	0.03895	0.00716	0.07025	0.11304	0.07503	0.05046	0.04490	0.01276	0.00582	0.00468	0.00123	0.00439	0.00470	0.00415	0.46840
3	0.00779	0.00532	0.00608	0.00622	0.00644	0.00523	0.00375	0.00807	0.00864	0.01137	0.02134	0.08432	0.07669	0.66249	0.02391	0.00471	0.00496	0.04550	0.00362	0.00355
4	0.04429	0.01373	0.01530	0.01206	0.01604	0.01505	0.03767	0.51608	0.14443	0.02997	0.03674	0.03795	0.01230	0.00691	0.00546	0.00167	0.00554	0.00550	0.00523	0.03807
5	0.01142	0.07872	0.63705	0.01605	0.02357	0.01339	0.11077	0.01723	0.01165	0.01699	0.00979	0.01172	0.00708	0.00507	0.00522	0.00170	0.00805	0.00425	0.00236	0.00790

[dist]
# distance from previous block
# <min> <max>
0	8

[block]
# block no. 3 follows, 44 sequences, length 32
# corresponding to MSA columns:
# 200-205,212-237
name=unknown_D
#
# <colnr> <probs for GDERKNQSTAVLIFYWHMCP>
#	G	D	E	R	K	N	Q	S	T	A	V	L	I	F	Y	W	H	M	C	P
0	0.00767	0.00560	0.00723	0.00690	0.00822	0.00515	0.00522	0.01016	0.01511	0.02115	0.69196	0.04238	0.10020	0.01149	0.00648	0.00176	0.00268	0.03966	0.00590	0.00510
1	0.00701	0.00505	0.00671	0.00783	0.00840	0.00475	0.00558	0.00829	0.01109	0.01471	0.06862	0.62253	0.06823	0.01634	0.00699	0.00222	0.00339	0.12260	0.00510	0.00456
2	0.13342	0.01006	0.01233	0.00966	0.01373	0.00956	0.00796	0.08726	0.04616	0.58361	0.01896	0.01687	0.01225	0.00653	0.00520	0.00169	0.00469	0.00512	0.00614	0.00880
3	0.00781	0.00577	0.00840	0.00840	0.00925	0.00662	0.00636	0.00950	0.00865	0.01239	0.01493	0.02325	0.01443	0.13969	0.68909	0.00831	0.01340	0.00611	0.00297	0.00467
4	0.00793	0.00529	0.00595	0.00595	0.00595	0.00529	0.00330	0.00793	0.00793	0.01057	0.01718	0.03568	0.01982	0.80840	0.02775	0.00529	0.00529	0.00793	0.00330	0.00330
5	0.01274	0.01088	0.01151	0.01043	0.01323	0.01243	0.00803	0.02626	0.66476	0.02178	0.05003	0.02333	0.05301	0.04850	0.00675	0.00202	0.00423	0.00663	0.00543	0.00805
6	0.00690	0.00526	0.00616	0.00648	0.00754	0.00472	0.00454	0.00822	0.01188	0.01537	0.17666	0.29225	0.32244	0.09570	0.00879	0.00229	0.00311	0.01213	0.00506	0.00451
7	0.01091	0.00630	0.00595	0.00577	0.00716	0.04039	0.00434	0.03481	0.01188	0.02004	0.01693	0.01951	0.01336	0.00677	0.00453	0.03107	0.00305	0.00499	0.74707	0.00516
8	0.00723	0.00628	0.04596	0.00817	0.00905	0.00529	0.00606	0.00913	0.04146	0.01477	0.05328	0.69005	0.03419	0.01584	0.00681	0.00216	0.00348	0.03101	0.00497	0.00482
9	0.00947	0.00473	0.00710	0.00710	0.00710	0.00473	0.00473	0.00710	0.00710	0.00947	0.00947	0.01657	0.00947	0.01894	0.02131	0.84138	0.00473	0.00473	0.00237	0.00237
10	0.00681	0.00517	0.00629	0.00687	0.00787	0.00465	0.00488	0.00821	0.01196	0.01555	0.16014	0.41562	0.27603	0.01499	0.00672	0.00202	0.00299	0.03337	0.00521	0.00462
11	0.00735	0.00556	0.00678	0.00648	0.00792	0.00499	0.00486	0.00958	0.01457	0.01982	0.56599	0.04409	0.25824	0.01191	0.00643	0.00175	0.00263	0.01033	0.00573	0.00499
12	0.01130	0.00969	0.01130	0.00807	0.01292	0.00727	0.00646	0.01373	0.01130	0.01776	0.00969	0.01130	0.00807	0.00404	0.00404	0.00081	0.00404	0.00323	0.00323	0.84173
13	0.00797	0.00525	0.00592	0.00598	0.00605	0.00524	0.00341	0.00813	0.00820	0.01117	0.01778	0.06939	0.02028	0.73587	0.02571	0.00496	0.00506	0.00814	0.04205	0.00344
14	0.06892	0.01074	0.01315	0.01022	0.01431	0.01040	0.00841	0.21096	0.01765	0.52443	0.01884	0.03978	0.01266	0.00691	0.00540	0.00169	0.00492	0.00549	0.00618	0.00895
15	0.00737	0.00505	0.00611	0.00666	0.00680	0.00491	0.00407	0.00778	0.00902	0.01203	0.02278	0.37028	0.02688	0.46416	0.01870	0.00395	0.00436	0.01122	0.00407	0.00379
16	0.00786	0.00527	0.00601	0.00605	0.00612	0.00524	0.00345	0.00800	0.00831	0.01113	0.04471	0.07146	0.02170	0.74331	0.02602	0.00502	0.00509	0.00835	0.00348	0.00342
17	0.00752	0.00557	0.00702	0.00666	0.00803	0.00506	0.00499	0.00991	0.01498	0.02078	0.66287	0.04250	0.16077	0.01155	0.00643	0.00173	0.00260	0.01011	0.00586	0.00506
18	0.02072	0.01527	0.01636	0.01254	0.01691	0.01691	0.01036	0.75622	0.02563	0.03436	0.01309	0.01309	0.00927	0.00654	0.00545	0.00164	0.00600	0.00491	0.00545	0.00927
19	0.00663	0.00479	0.00628	0.00748	0.00788	0.00444	0.00501	0.00760	0.01055	0.01396	0.03145	0.76282	0.07717	0.01690	0.00693	0.00219	0.00314	0.01528	0.00506	0.00444
20	0.02031	0.01545	0.01610	0.01252	0.01675	0.04420	0.01027	0.68937	0.06654	0.03296	0.01343	0.01338	0.00960	0.00656	0.00544	0.00164	0.00604	0.00493	0.00536	0.00913
21	0.02446	0.00928	0.01265	0.00970	0.01392	0.00801	0.00801	0.02657	0.01560	0.77817	0.02151	0.01856	0.01350	0.00675	0.00548	0.00169	0.00464	0.00548	0.00675	0.00928
22	0.21139	0.02143	0.01382	0.01232	0.01540	0.53656	0.00945	0.08823	0.01496	0.01785	0.00866	0.00991	0.00697	0.00557	0.00461	0.00149	0.00818	0.00351	0.00318	0.00650
23	0.01271	0.41097	0.41297	0.01250	0.01890	0.01701	0.01486	0.01681	0.01130	0.01510	0.00871	0.01016	0.00695	0.00493	0.00436	0.00145	0.00697	0.00348	0.00232	0.00754
24	0.01721	0.01948	0.01448	0.01289	0.01554	0.47647	0.03995	0.12189	0.01554	0.01648	0.01260	0.11770	0.01183	0.01021	0.07124	0.00218	0.00878	0.00563	0.00349	0.00640
25	0.00789	0.00589	0.00737	0.00695	0.00838	0.00553	0.00523	0.01102	0.05463	0.02118	0.65867	0.04085	0.12340	0.01122	0.00638	0.00173	0.00268	0.00983	0.00588	0.00527
26	0.00664	0.00474	0.00633	0.00759	0.00791	0.00443	0.00506	0.00759	0.01044	0.01392	0.03005	0.80485	0.03606	0.01708	0.00696	0.00221	0.00316	0.01550	0.00506	0.00443
27	0.01130	0.00969	0.01130	0.00807	0.01292	0.00727	0.00646	0.01373	0.01130	0.01776	0.00969	0.01130	0.00807	0.00404	0.00404	0.00081	0.00404	0.00323	0.00323	0.84173
28	0.01492	0.01228	0.01298	0.01120	0.01453	0.01397	0.00885	0.19615	0.56298	0.02514	0.02144	0.01998	0.04590	0.00746	0.00556	0.00180	0.00464	0.00609	0.00551	0.00861
29	0.01215	0.01005	0.01130	0.01029	0.01262	0.01140	0.00800	0.09220	0.40923	0.02129	0.09025	0.12666	0.04809	0.01059	0.03257	0.00214	0.05344	0.02524	0.00520	0.00730
30	0.06205	0.05586	0.03372	0.01096	0.01429	0.05589	0.07670	0.11662	0.04578	0.16781	0.13411	0.02675	0.06524	0.00841	0.00577	0.00178	0.00528	0.10098	0.00494	0.00709
31	0.03120	0.09447	0.28337	0.01623	0.02203	0.04763	0.24689	0.05119	0.08477	0.05261	0.01172	0.01335	0.00866	0.00531	0.00543	0.00170	0.00760	0.00494	0.00314	0.00778

[dist]
# distance from previous block
# <min> <max>
3	23

[block]
# block no. 4 follows, 44 sequences, length 10
# corresponding to MSA columns:
# 267-276
name=unknown_E
#
# <colnr> <probs for GDERKNQSTAVLIFYWHMCP>
#	G	D	E	R	K	N	Q	S	T	A	V	L	I	F	Y	W	H	M	C	P
0	0.01286	0.01260	0.02217	0.16129	0.50525	0.01296	0.12413	0.01690	0.04572	0.01732	0.01080	0.01415	0.00870	0.00503	0.00556	0.00170	0.00691	0.00514	0.00279	0.00801
1	0.01211	0.01135	0.01817	0.36315	0.34105	0.01267	0.01485	0.01730	0.12188	0.01685	0.01176	0.01495	0.00921	0.00549	0.00544	0.00174	0.00651	0.00504	0.00300	0.00751
2	0.01417	0.01107	0.01457	0.01277	0.05293	0.01200	0.07158	0.34160	0.01703	0.02314	0.01550	0.05837	0.03058	0.01833	0.25879	0.00402	0.00883	0.02329	0.00423	0.00719
3	0.68424	0.01247	0.00957	0.00837	0.01179	0.08478	0.00680	0.09338	0.01155	0.02445	0.00824	0.00939	0.00636	0.00527	0.00373	0.00166	0.00492	0.00321	0.00354	0.00629
4	0.00668	0.00502	0.00606	0.00685	0.00759	0.00455	0.00465	0.00769	0.01083	0.01390	0.03650	0.52207	0.25268	0.07792	0.00843	0.00234	0.00321	0.01373	0.00492	0.00439
5	0.00765	0.00595	0.00864	0.01138	0.12013	0.00568	0.00677	0.00893	0.01073	0.01449	0.02715	0.68898	0.03204	0.01529	0.00673	0.00213	0.00365	0.01394	0.00471	0.00504
6	0.05261	0.01103	0.01205	0.01003	0.01319	0.04968	0.00798	0.24165	0.06470	0.21856	0.07248	0.08477	0.05943	0.02550	0.04902	0.00218	0.00546	0.00668	0.00537	0.00763
7	0.00732	0.00526	0.00645	0.00678	0.00749	0.00494	0.00463	0.00853	0.01134	0.01518	0.21437	0.27655	0.13211	0.23122	0.01246	0.00289	0.00362	0.03971	0.00481	0.00435
8	0.00764	0.00532	0.00600	0.00602	0.00640	0.00514	0.00364	0.00808	0.00927	0.01220	0.08219	0.06969	0.13310	0.59774	0.02212	0.00438	0.00462	0.00891	0.00384	0.00368
9	0.04493	0.20744	0.03664	0.01544	0.13516	0.16164	0.02951	0.24791	0.03570	0.02125	0.01038	0.01155	0.00820	0.00555	0.00483	0.00149	0.00678	0.00415	0.00358	0.00787

[dist]
# distance from previous block
# <min> <max>
2	5

[block]
# block no. 5 follows, 44 sequences, length 12
# corresponding to MSA columns:
# 313-324
name=unknown_F
#
# <colnr> <probs for GDERKNQSTAVLIFYWHMCP>
#	G	D	E	R	K	N	Q	S	T	A	V	L	I	F	Y	W	H	M	C	P
0	0.01257	0.01216	0.02076	0.09124	0.54105	0.01227	0.08690	0.01636	0.04650	0.01742	0.01470	0.01737	0.07465	0.00577	0.00560	0.00169	0.00639	0.00564	0.00301	0.00795
1	0.01364	0.34000	0.38080	0.01273	0.01889	0.05025	0.01456	0.08077	0.01273	0.01679	0.00913	0.01047	0.00715	0.00511	0.00452	0.00148	0.00707	0.00364	0.00261	0.00766
2	0.01895	0.01367	0.01449	0.01221	0.04396	0.07993	0.00947	0.39298	0.08466	0.15612	0.10156	0.01754	0.01523	0.00703	0.00553	0.00165	0.00558	0.00556	0.00541	0.00847
3	0.00882	0.00590	0.00689	0.00660	0.00842	0.00518	0.00498	0.01049	0.01298	0.10320	0.17890	0.12056	0.44430	0.01407	0.04182	0.00215	0.00352	0.01066	0.00533	0.00523
4	0.00781	0.00550	0.00700	0.00771	0.00829	0.00544	0.00529	0.00963	0.07501	0.01410	0.04108	0.50240	0.04410	0.10072	0.01070	0.09851	0.00373	0.04388	0.00462	0.00448
5	0.01090	0.00935	0.01071	0.00799	0.01237	0.00740	0.00634	0.01410	0.06326	0.01776	0.01576	0.01664	0.09608	0.00539	0.00442	0.00100	0.00391	0.00438	0.00360	0.68864
6	0.10784	0.01414	0.04292	0.01510	0.01947	0.01451	0.24453	0.28198	0.11801	0.02484	0.01328	0.01545	0.01010	0.00616	0.00589	0.00178	0.02505	0.02678	0.00421	0.00797
7	0.01095	0.01049	0.01555	0.56618	0.08263	0.05213	0.01343	0.01415	0.01127	0.01460	0.01083	0.05932	0.00910	0.00593	0.00534	0.00169	0.00674	0.00520	0.00271	0.10176
8	0.01455	0.01383	0.01613	0.10271	0.01898	0.14948	0.12584	0.12945	0.15681	0.03897	0.09505	0.02118	0.03629	0.00729	0.00578	0.00175	0.00647	0.04800	0.00429	0.00716
9	0.01422	0.01299	0.02082	0.09719	0.60461	0.01343	0.01571	0.11932	0.01412	0.01977	0.01060	0.01353	0.00860	0.00514	0.00541	0.00164	0.00648	0.00486	0.00306	0.00850
10	0.01206	0.01136	0.01885	0.04635	0.42225	0.01145	0.09801	0.01646	0.09365	0.01764	0.01736	0.06684	0.06220	0.00733	0.00589	0.00180	0.00601	0.07339	0.00351	0.00758
11	0.08890	0.00853	0.01144	0.11852	0.01502	0.00924	0.04178	0.08708	0.02523	0.10412	0.03568	0.02178	0.03572	0.15746	0.21164	0.00418	0.00789	0.00598	0.00383	0.00597

[dist]
# distance from previous block
# <min> <max>
0	100

# created by:
# /home/cegg/simao/soft/augustus-3.2.1/scripts/msa2prfl.pl ./align_prep/EOG091G0S0I.fa
