[name]
unknown

[dist]
# distance from previous block
# <min> <max>
3	144

[block]
# block no. 0 follows, 56 sequences, length 21
# corresponding to MSA columns:
# 188-208
name=unknown_A
#
# <colnr> <probs for GDERKNQSTAVLIFYWHMCP>
#	G	D	E	R	K	N	Q	S	T	A	V	L	I	F	Y	W	H	M	C	P
0	0.49983	0.00880	0.00844	0.00710	0.01011	0.00954	0.00581	0.06698	0.07348	0.22841	0.01099	0.01088	0.00775	0.00490	0.00358	0.00142	0.00371	0.00342	0.02880	0.00606
1	0.01219	0.56287	0.19635	0.00948	0.01385	0.11343	0.00998	0.01447	0.00985	0.01167	0.00688	0.00799	0.00588	0.00412	0.00340	0.00111	0.00573	0.00272	0.00201	0.00602
2	0.01156	0.01185	0.07118	0.12855	0.44461	0.02559	0.13435	0.06298	0.01112	0.04057	0.00907	0.01158	0.00712	0.00429	0.00467	0.00142	0.00596	0.00425	0.00248	0.00680
3	0.11580	0.20151	0.37311	0.01004	0.01496	0.01161	0.01133	0.01569	0.03973	0.13606	0.02413	0.01053	0.00757	0.00462	0.00393	0.00134	0.00533	0.00342	0.00278	0.00650
4	0.00783	0.00470	0.00619	0.00664	0.00736	0.00442	0.00472	0.00878	0.00919	0.10835	0.02246	0.49643	0.02522	0.15348	0.00875	0.00228	0.00332	0.11156	0.00418	0.00413
5	0.04558	0.00846	0.00974	0.00802	0.01059	0.00870	0.00642	0.27922	0.05614	0.17279	0.25155	0.05231	0.05603	0.00730	0.00487	0.00144	0.00363	0.00605	0.00485	0.00631
6	0.01320	0.06305	0.32620	0.01325	0.05023	0.12085	0.13678	0.04656	0.01142	0.15993	0.01007	0.01100	0.00716	0.00458	0.00448	0.00139	0.00639	0.00388	0.00286	0.00669
7	0.00813	0.00597	0.00695	0.00641	0.00706	0.00646	0.00439	0.10236	0.00890	0.01195	0.01605	0.02641	0.08489	0.53118	0.08506	0.00387	0.07086	0.00628	0.00304	0.00377
8	0.00558	0.00405	0.00527	0.00625	0.00662	0.00374	0.00420	0.00641	0.00892	0.01177	0.02700	0.77252	0.09241	0.01416	0.00583	0.00184	0.00264	0.01278	0.00426	0.00374
9	0.01256	0.01241	0.11802	0.01283	0.12636	0.09533	0.05030	0.13422	0.10703	0.10270	0.02824	0.13217	0.01275	0.00664	0.00481	0.00149	0.00511	0.02697	0.00364	0.00644
10	0.01029	0.27818	0.35116	0.01215	0.09788	0.04564	0.01192	0.01341	0.00968	0.01293	0.00971	0.10887	0.00896	0.00542	0.00411	0.00133	0.00562	0.00432	0.00228	0.00612
11	0.00940	0.02237	0.71968	0.01384	0.02037	0.01078	0.11077	0.01456	0.00983	0.01456	0.00837	0.01002	0.00595	0.00430	0.00449	0.00147	0.00690	0.00364	0.00198	0.00671
12	0.00726	0.00501	0.00540	0.00513	0.00688	0.00422	0.00390	0.00849	0.01074	0.10914	0.04247	0.06348	0.68952	0.01099	0.00534	0.00154	0.00253	0.00917	0.00443	0.00435
13	0.01189	0.01256	0.16558	0.01504	0.19231	0.06124	0.11654	0.03920	0.01150	0.13885	0.09186	0.04504	0.02614	0.00590	0.00485	0.00147	0.00540	0.04493	0.00330	0.00638
14	0.01367	0.01145	0.13320	0.00978	0.01298	0.09175	0.06615	0.03562	0.06274	0.28974	0.04902	0.12461	0.01382	0.03938	0.02329	0.00173	0.00505	0.00571	0.00403	0.00627
15	0.00921	0.02375	0.81487	0.01309	0.01987	0.01066	0.01696	0.01454	0.00969	0.01454	0.00824	0.00969	0.00582	0.00436	0.00436	0.00145	0.00678	0.00339	0.00194	0.00678
16	0.01064	0.00996	0.01609	0.12909	0.43818	0.02914	0.07746	0.06467	0.01096	0.01509	0.02936	0.11170	0.01080	0.00564	0.00477	0.00146	0.00530	0.00536	0.01801	0.00633
17	0.01164	0.23741	0.08647	0.02044	0.46696	0.04497	0.04172	0.01423	0.01020	0.01366	0.00796	0.01006	0.00671	0.00409	0.00411	0.00127	0.00562	0.00359	0.00217	0.00674
18	0.02862	0.00906	0.01003	0.00992	0.08159	0.08869	0.00711	0.13689	0.01266	0.17313	0.03369	0.13534	0.14965	0.00831	0.00532	0.00154	0.03037	0.06815	0.00414	0.00579
19	0.07850	0.03754	0.11327	0.09566	0.02700	0.01015	0.27525	0.06181	0.01063	0.01529	0.05237	0.10682	0.01199	0.00620	0.00535	0.00157	0.03977	0.04233	0.00286	0.00565
20	0.01255	0.01053	0.01520	0.05050	0.41546	0.04367	0.03008	0.14024	0.03129	0.08052	0.03037	0.08572	0.01064	0.00557	0.00469	0.00142	0.00507	0.00503	0.00322	0.01822

[dist]
# distance from previous block
# <min> <max>
1	4

[block]
# block no. 1 follows, 56 sequences, length 10
# corresponding to MSA columns:
# 213-222
name=unknown_B
#
# <colnr> <probs for GDERKNQSTAVLIFYWHMCP>
#	G	D	E	R	K	N	Q	S	T	A	V	L	I	F	Y	W	H	M	C	P
0	0.01033	0.00753	0.00960	0.00745	0.01065	0.00619	0.03773	0.03865	0.01065	0.11143	0.08853	0.13037	0.01424	0.00590	0.00421	0.00107	0.00347	0.00511	0.00357	0.49332
1	0.02958	0.01001	0.02657	0.01339	0.21504	0.02756	0.00863	0.09178	0.15581	0.08907	0.01210	0.04943	0.00974	0.00507	0.00428	0.00124	0.00431	0.00431	0.00346	0.23862
2	0.04905	0.02519	0.17640	0.01582	0.24717	0.03457	0.06677	0.03486	0.06017	0.01510	0.02397	0.04375	0.02279	0.00767	0.04928	0.00185	0.00578	0.11083	0.00286	0.00613
3	0.00869	0.00639	0.00727	0.00666	0.00806	0.00644	0.00490	0.18881	0.01255	0.01673	0.19274	0.18463	0.16187	0.16307	0.00863	0.00208	0.00338	0.00820	0.00424	0.00465
4	0.20084	0.15274	0.24878	0.03923	0.09040	0.07041	0.01064	0.04996	0.01019	0.04837	0.00801	0.00926	0.00615	0.00435	0.00379	0.00131	0.00541	0.00316	0.00251	0.03451
5	0.65104	0.07393	0.02663	0.00701	0.00988	0.05514	0.00594	0.04897	0.00889	0.01905	0.00730	0.03537	0.00611	0.00475	0.00343	0.00140	0.02411	0.00299	0.00283	0.00519
6	0.00703	0.00434	0.00539	0.00539	0.00543	0.00438	0.00326	0.00655	0.00652	0.00873	0.01255	0.02496	0.01400	0.56979	0.06021	0.24574	0.00470	0.00584	0.00255	0.00262
7	0.01204	0.07213	0.28926	0.01672	0.23988	0.02842	0.07451	0.11103	0.03767	0.06092	0.00952	0.01092	0.00715	0.00450	0.00445	0.00139	0.00591	0.00389	0.00270	0.00698
8	0.00777	0.00505	0.00641	0.00616	0.00747	0.00466	0.00464	0.00980	0.03369	0.09620	0.41238	0.16660	0.15670	0.01081	0.02481	0.00169	0.00280	0.03301	0.00476	0.00458
9	0.03801	0.03422	0.17303	0.01570	0.20134	0.05581	0.09081	0.18459	0.09194	0.05441	0.01037	0.01146	0.00776	0.00475	0.00451	0.00141	0.00569	0.00408	0.00312	0.00700

[dist]
# distance from previous block
# <min> <max>
0	1

[block]
# block no. 2 follows, 56 sequences, length 30
# corresponding to MSA columns:
# 224-253
name=unknown_C
#
# <colnr> <probs for GDERKNQSTAVLIFYWHMCP>
#	G	D	E	R	K	N	Q	S	T	A	V	L	I	F	Y	W	H	M	C	P
0	0.02987	0.00586	0.00722	0.00694	0.00825	0.00586	0.01543	0.06592	0.06357	0.06170	0.20565	0.30597	0.09410	0.03540	0.00605	0.00172	0.01811	0.03502	0.02262	0.00473
1	0.01384	0.25990	0.08598	0.01170	0.03017	0.30548	0.09266	0.06614	0.04648	0.01331	0.00798	0.00924	0.00652	0.00456	0.00430	0.00124	0.02875	0.00333	0.00244	0.00598
2	0.70610	0.07151	0.03598	0.00725	0.02665	0.02528	0.00608	0.01354	0.00810	0.01895	0.00650	0.00774	0.00518	0.00442	0.00351	0.00141	0.04132	0.00263	0.00269	0.00516
3	0.01640	0.00904	0.01070	0.00870	0.01186	0.00920	0.00702	0.12667	0.27677	0.39420	0.01702	0.01544	0.01169	0.00578	0.00455	0.00143	0.00389	0.00469	0.04024	0.02471
4	0.01018	0.19288	0.52428	0.01182	0.01731	0.05194	0.04450	0.01416	0.00977	0.01342	0.00923	0.01057	0.03648	0.00466	0.00446	0.00137	0.03105	0.00351	0.00207	0.00634
5	0.03099	0.00568	0.00725	0.00636	0.00820	0.00514	0.00491	0.01266	0.01219	0.25878	0.39178	0.06444	0.09996	0.03332	0.00559	0.00154	0.00283	0.00719	0.03589	0.00529
6	0.01070	0.02162	0.09510	0.04754	0.32133	0.04955	0.01058	0.04664	0.13194	0.03057	0.10905	0.01734	0.07657	0.00582	0.00469	0.00142	0.00478	0.00508	0.00325	0.00643
7	0.00575	0.00409	0.00543	0.00639	0.00671	0.00385	0.00433	0.00661	0.00892	0.01192	0.05289	0.73833	0.03005	0.05146	0.00666	0.00198	0.00279	0.04391	0.00422	0.00373
8	0.01003	0.01055	0.12843	0.00875	0.01152	0.01866	0.00776	0.08996	0.33213	0.01840	0.20400	0.03960	0.04587	0.03237	0.00539	0.00158	0.00387	0.00590	0.01908	0.00615
9	0.01013	0.00965	0.01641	0.39374	0.45408	0.01058	0.01348	0.01301	0.00987	0.01350	0.00842	0.01176	0.00675	0.00432	0.00457	0.00144	0.00576	0.00409	0.00217	0.00628
10	0.01189	0.03779	0.04691	0.09403	0.34843	0.11133	0.07655	0.09727	0.01186	0.01551	0.03448	0.03308	0.00959	0.00521	0.00467	0.00142	0.00582	0.04504	0.00273	0.00640
11	0.01900	0.02794	0.04223	0.00830	0.00991	0.05771	0.06864	0.04519	0.04981	0.02946	0.09089	0.21979	0.08052	0.15916	0.00888	0.00213	0.03672	0.03551	0.00360	0.00462
12	0.22541	0.12096	0.08577	0.03929	0.03364	0.14026	0.04390	0.08158	0.01140	0.16338	0.00947	0.01008	0.00692	0.00466	0.00390	0.00133	0.00530	0.00340	0.00317	0.00619
13	0.34978	0.13084	0.01197	0.02677	0.06029	0.23502	0.00721	0.01519	0.04278	0.03161	0.00788	0.00960	0.00657	0.04224	0.00440	0.00143	0.00527	0.00309	0.00266	0.00540
14	0.00939	0.07271	0.76752	0.01277	0.01939	0.01111	0.01642	0.01449	0.00967	0.01432	0.00813	0.00955	0.00582	0.00434	0.00428	0.00143	0.00667	0.00334	0.00194	0.00673
15	0.01037	0.01055	0.07431	0.11643	0.25287	0.01016	0.05708	0.05091	0.21053	0.01619	0.05399	0.01738	0.06422	0.00579	0.00478	0.00149	0.00489	0.02834	0.00326	0.00646
16	0.00595	0.00460	0.00518	0.00508	0.00636	0.00401	0.00376	0.00710	0.01074	0.01363	0.24983	0.03870	0.52625	0.01142	0.00658	0.08151	0.00244	0.00878	0.00427	0.00383
17	0.01034	0.01071	0.11673	0.03082	0.09353	0.00971	0.00878	0.06862	0.32775	0.03059	0.15176	0.01954	0.06821	0.00660	0.00503	0.00150	0.02384	0.00553	0.00399	0.00642
18	0.08605	0.00506	0.00563	0.00537	0.00680	0.00471	0.00407	0.00832	0.01155	0.01633	0.44406	0.03557	0.33063	0.00976	0.00518	0.00148	0.00235	0.00829	0.00455	0.00422
19	0.01178	0.04299	0.13950	0.02806	0.07521	0.04115	0.01978	0.16191	0.25775	0.02741	0.02582	0.08930	0.01188	0.00625	0.00487	0.00148	0.02455	0.00514	0.01852	0.00664
20	0.00725	0.00491	0.00620	0.08152	0.00814	0.00502	0.00426	0.00787	0.00781	0.03723	0.05375	0.10515	0.01855	0.57819	0.01771	0.00358	0.00430	0.04203	0.00313	0.00340
21	0.01603	0.07687	0.01384	0.08701	0.01564	0.69025	0.00916	0.01741	0.01240	0.01125	0.00715	0.00858	0.00593	0.00466	0.00410	0.00120	0.00785	0.00303	0.00231	0.00534
22	0.00625	0.00474	0.00578	0.00568	0.00681	0.00434	0.00419	0.00829	0.03443	0.01603	0.48954	0.14196	0.23400	0.01052	0.00545	0.00153	0.00231	0.00919	0.00474	0.00422
23	0.01662	0.02077	0.01277	0.01160	0.01398	0.74542	0.00872	0.01889	0.08596	0.01197	0.00817	0.00910	0.00666	0.00487	0.00419	0.00122	0.00785	0.00316	0.00258	0.00550
24	0.09252	0.04090	0.03788	0.01108	0.01283	0.19908	0.03884	0.02396	0.00964	0.09693	0.00822	0.02587	0.00698	0.00636	0.00890	0.00162	0.36639	0.00385	0.00264	0.00552
25	0.01426	0.01124	0.01161	0.00948	0.01265	0.06676	0.00759	0.30647	0.27188	0.07768	0.01344	0.01323	0.00996	0.00657	0.03655	0.00157	0.00481	0.00428	0.00422	0.11572
26	0.00686	0.00515	0.00623	0.00594	0.00716	0.00488	0.00441	0.03959	0.04452	0.01682	0.50601	0.10845	0.17819	0.03794	0.00600	0.00161	0.00249	0.00865	0.00473	0.00440
27	0.09116	0.38040	0.13293	0.00860	0.01274	0.08088	0.00848	0.02758	0.00981	0.01352	0.00718	0.00832	0.00603	0.00400	0.00337	0.00105	0.00501	0.00272	0.00229	0.19394
28	0.01199	0.04209	0.04121	0.00831	0.01155	0.02032	0.00697	0.14506	0.12930	0.10234	0.01450	0.05018	0.03567	0.02552	0.00481	0.00133	0.00405	0.06704	0.00381	0.27392
29	0.10218	0.24972	0.21861	0.00925	0.01318	0.04720	0.00943	0.07799	0.05768	0.03940	0.05357	0.07300	0.01048	0.00551	0.00399	0.00133	0.00496	0.00420	0.00290	0.01541

[dist]
# distance from previous block
# <min> <max>
5	17

[block]
# block no. 3 follows, 56 sequences, length 19
# corresponding to MSA columns:
# 271-289
name=unknown_D
#
# <colnr> <probs for GDERKNQSTAVLIFYWHMCP>
#	G	D	E	R	K	N	Q	S	T	A	V	L	I	F	Y	W	H	M	C	P
0	0.05114	0.12409	0.27783	0.00959	0.01430	0.01008	0.03106	0.06983	0.01054	0.04214	0.03108	0.01036	0.00755	0.00445	0.00411	0.01542	0.00495	0.00331	0.00265	0.27552
1	0.06904	0.17866	0.32996	0.01177	0.03186	0.05956	0.09550	0.01568	0.08492	0.04367	0.00915	0.01024	0.00694	0.00443	0.00410	0.00134	0.00586	0.00355	0.00249	0.03127
2	0.00967	0.10271	0.20214	0.06610	0.01439	0.00902	0.08777	0.02690	0.02379	0.06930	0.04314	0.05181	0.07459	0.12738	0.00738	0.00189	0.00510	0.04451	0.00299	0.02942
3	0.29635	0.01034	0.03717	0.00812	0.01150	0.06493	0.03704	0.07297	0.02524	0.07399	0.03300	0.01032	0.00774	0.00450	0.00392	0.00120	0.02422	0.00328	0.00313	0.27105
4	0.01041	0.08856	0.53354	0.03533	0.09004	0.03194	0.03226	0.01460	0.00988	0.04839	0.00846	0.01001	0.00626	0.00447	0.00465	0.00140	0.03566	0.00349	0.00218	0.02849
5	0.00676	0.00504	0.00656	0.00716	0.00830	0.00470	0.00578	0.00838	0.01008	0.01319	0.04301	0.24677	0.14998	0.01224	0.00585	0.00185	0.00343	0.39320	0.00415	0.06355
6	0.00895	0.00798	0.01217	0.11559	0.25414	0.00823	0.04642	0.01249	0.10382	0.01494	0.16383	0.02305	0.10810	0.06415	0.00624	0.00169	0.00434	0.03491	0.00338	0.00559
7	0.01628	0.01139	0.01233	0.00960	0.01284	0.01243	0.00782	0.64039	0.01923	0.07297	0.01195	0.01303	0.00890	0.06299	0.00579	0.00157	0.00474	0.00435	0.06419	0.00722
8	0.00988	0.00906	0.01402	0.18276	0.31778	0.00982	0.03604	0.01461	0.17588	0.01455	0.01277	0.07079	0.02346	0.00821	0.07842	0.00202	0.00566	0.00515	0.00292	0.00621
9	0.00952	0.00816	0.00952	0.00680	0.01088	0.00612	0.00544	0.01156	0.00952	0.01496	0.00816	0.00952	0.00680	0.00340	0.00340	0.00068	0.00340	0.00272	0.00272	0.86672
10	0.01493	0.08627	0.03271	0.04083	0.01526	0.31467	0.08362	0.18807	0.07130	0.04068	0.00936	0.01033	0.00722	0.00492	0.00462	0.00130	0.03022	0.00369	0.00307	0.03690
11	0.00668	0.00445	0.00501	0.00501	0.00501	0.00445	0.00278	0.00668	0.00668	0.00890	0.01447	0.03004	0.01669	0.83866	0.02337	0.00445	0.00445	0.00668	0.00278	0.00278
12	0.00998	0.08121	0.21896	0.02786	0.04035	0.04766	0.00947	0.06750	0.15204	0.01674	0.21691	0.01927	0.04604	0.00645	0.00466	0.00143	0.00457	0.01932	0.00356	0.00600
13	0.00637	0.00469	0.00596	0.00564	0.00678	0.00428	0.00423	0.00842	0.01269	0.01769	0.71695	0.03547	0.13441	0.00965	0.00542	0.00146	0.00218	0.00847	0.00496	0.00428
14	0.01061	0.25824	0.38194	0.01158	0.05771	0.05417	0.01214	0.01490	0.08135	0.01357	0.00959	0.05746	0.00808	0.00499	0.00406	0.00133	0.00572	0.00386	0.00237	0.00634
15	0.00592	0.00457	0.00522	0.00522	0.00632	0.00407	0.00375	0.00722	0.01064	0.01380	0.27673	0.12063	0.40080	0.10570	0.00752	0.00188	0.00255	0.00926	0.00434	0.00388
16	0.01006	0.03505	0.07860	0.01248	0.17318	0.00907	0.03316	0.05602	0.20103	0.04066	0.17165	0.03706	0.10883	0.00684	0.00484	0.00146	0.00406	0.00595	0.00385	0.00616
17	0.01048	0.01003	0.01721	0.23134	0.56416	0.01052	0.03515	0.01326	0.01009	0.01405	0.00906	0.03750	0.00769	0.00454	0.00462	0.00143	0.00560	0.00441	0.00228	0.00658
18	0.37163	0.08161	0.02424	0.01048	0.09368	0.07816	0.05966	0.05662	0.02019	0.01728	0.00793	0.02753	0.00659	0.00455	0.00389	0.00131	0.02585	0.00333	0.00274	0.10274

[dist]
# distance from previous block
# <min> <max>
1	4

[block]
# block no. 4 follows, 56 sequences, length 13
# corresponding to MSA columns:
# 294-306
name=unknown_E
#
# <colnr> <probs for GDERKNQSTAVLIFYWHMCP>
#	G	D	E	R	K	N	Q	S	T	A	V	L	I	F	Y	W	H	M	C	P
0	0.01148	0.01205	0.04898	0.01546	0.17810	0.09387	0.17530	0.06920	0.13917	0.01590	0.04553	0.01475	0.05516	0.00545	0.00544	0.00145	0.06046	0.00484	0.00306	0.04435
1	0.01218	0.00998	0.01185	0.01230	0.14837	0.03391	0.00831	0.13385	0.35631	0.05916	0.13001	0.01725	0.01566	0.00618	0.00495	0.00147	0.02200	0.00518	0.00423	0.00684
2	0.00592	0.00436	0.00552	0.00622	0.00677	0.00411	0.00425	0.00731	0.03852	0.01262	0.10496	0.61912	0.10481	0.04462	0.00639	0.00188	0.00269	0.01172	0.00430	0.00390
3	0.10119	0.00873	0.01025	0.11041	0.01316	0.00961	0.00733	0.28392	0.01429	0.06636	0.17367	0.04573	0.01640	0.02360	0.00536	0.00153	0.03192	0.03089	0.03980	0.00587
4	0.00630	0.00445	0.00523	0.00544	0.00587	0.00425	0.00352	0.00692	0.00841	0.01107	0.09705	0.18631	0.14020	0.44384	0.01492	0.00314	0.00357	0.04260	0.00356	0.00334
5	0.01305	0.16044	0.01365	0.05573	0.01300	0.05426	0.00780	0.24793	0.16228	0.04792	0.06581	0.04524	0.01211	0.04022	0.00559	0.00152	0.03865	0.00470	0.00375	0.00637
6	0.00856	0.00428	0.00428	0.00428	0.00535	0.00428	0.00321	0.01070	0.00963	0.01712	0.01498	0.01712	0.01177	0.00535	0.00321	0.00107	0.00214	0.00428	0.86414	0.00428
7	0.01377	0.01093	0.02991	0.04650	0.01396	0.01207	0.03416	0.41801	0.05815	0.04905	0.07095	0.01509	0.01140	0.00737	0.03396	0.00173	0.12599	0.03640	0.00396	0.00664
8	0.00659	0.00460	0.00570	0.00568	0.00603	0.00477	0.00370	0.00720	0.00737	0.01005	0.06024	0.02753	0.04574	0.54205	0.23884	0.00497	0.00638	0.00640	0.00288	0.00327
9	0.03802	0.04406	0.05537	0.00800	0.01060	0.12402	0.03316	0.02696	0.04033	0.01396	0.06026	0.14069	0.15095	0.02482	0.00495	0.00138	0.00423	0.01903	0.00334	0.19587
10	0.06251	0.05505	0.28546	0.04023	0.04933	0.08750	0.09698	0.05792	0.11521	0.01590	0.03609	0.01162	0.00846	0.00473	0.00435	0.00138	0.00582	0.00393	0.00274	0.05478
11	0.09008	0.27631	0.11440	0.00942	0.01319	0.06098	0.03827	0.13778	0.02795	0.01596	0.02388	0.01001	0.00737	0.02086	0.00457	0.00127	0.03911	0.00333	0.00271	0.10253
12	0.03332	0.14701	0.30066	0.01027	0.01469	0.04450	0.03416	0.04290	0.04738	0.05466	0.03935	0.01132	0.00842	0.00618	0.04518	0.00158	0.03352	0.00363	0.00266	0.11863

[dist]
# distance from previous block
# <min> <max>
2	12

[block]
# block no. 5 follows, 56 sequences, length 16
# corresponding to MSA columns:
# 319-334
name=unknown_F
#
# <colnr> <probs for GDERKNQSTAVLIFYWHMCP>
#	G	D	E	R	K	N	Q	S	T	A	V	L	I	F	Y	W	H	M	C	P
0	0.06373	0.26172	0.32243	0.04587	0.01609	0.05809	0.02346	0.09414	0.01086	0.01499	0.00781	0.00907	0.00607	0.00432	0.00385	0.00126	0.00577	0.00314	0.00234	0.04499
1	0.03853	0.13029	0.45450	0.01097	0.01631	0.01126	0.01262	0.07117	0.03987	0.15697	0.01026	0.01072	0.00722	0.00468	0.00420	0.00138	0.00568	0.00357	0.00292	0.00688
2	0.08644	0.09546	0.17486	0.00934	0.01255	0.00939	0.06162	0.07315	0.00987	0.01472	0.05412	0.01406	0.01020	0.03540	0.26248	0.00330	0.00745	0.00421	0.00267	0.05872
3	0.03548	0.07326	0.13622	0.05556	0.01423	0.24848	0.00915	0.13602	0.03907	0.06304	0.03164	0.01231	0.00866	0.06211	0.00631	0.04986	0.00598	0.00385	0.00297	0.00578
4	0.06011	0.66802	0.11176	0.00851	0.01263	0.05086	0.00876	0.01402	0.00944	0.01179	0.00662	0.00767	0.00583	0.00403	0.00315	0.00107	0.00519	0.00258	0.00203	0.00592
5	0.00752	0.00681	0.00697	0.00758	0.05225	0.09029	0.00516	0.02687	0.01064	0.01327	0.11376	0.27321	0.30429	0.01159	0.03278	0.00177	0.00361	0.00915	0.01813	0.00433
6	0.00657	0.00444	0.00518	0.00528	0.00535	0.00446	0.00309	0.00674	0.00691	0.00926	0.01532	0.10254	0.01762	0.71542	0.06967	0.00439	0.00476	0.00715	0.00290	0.00295
7	0.17040	0.01172	0.10442	0.08133	0.01572	0.04252	0.13010	0.15293	0.05452	0.07946	0.01246	0.07706	0.03614	0.00574	0.00449	0.00148	0.00517	0.00488	0.00336	0.00610
8	0.00558	0.00464	0.00477	0.00475	0.00616	0.00394	0.00349	0.00673	0.01037	0.01255	0.09332	0.04259	0.70528	0.06754	0.00664	0.00174	0.00246	0.00940	0.00421	0.00383
9	0.01092	0.32695	0.11648	0.13719	0.03153	0.06188	0.05535	0.01443	0.09115	0.01287	0.03035	0.01220	0.04253	0.00498	0.00438	0.00131	0.03329	0.00385	0.00248	0.00587
10	0.01162	0.11877	0.48249	0.01241	0.01777	0.14704	0.05714	0.07452	0.01117	0.01465	0.00810	0.00943	0.00606	0.00443	0.00423	0.00135	0.00673	0.00338	0.00224	0.00648
11	0.00633	0.00465	0.00579	0.00568	0.00668	0.00428	0.00418	0.00802	0.01154	0.01579	0.51354	0.08594	0.16372	0.09688	0.00737	0.00183	0.00256	0.04657	0.00460	0.00405
12	0.01403	0.01012	0.01159	0.01041	0.06609	0.01097	0.00777	0.34380	0.22212	0.09464	0.07235	0.05207	0.01349	0.00629	0.00467	0.00144	0.00416	0.00516	0.04180	0.00704
13	0.00618	0.00452	0.00555	0.00575	0.00649	0.00427	0.00405	0.00732	0.00968	0.01289	0.21573	0.20975	0.18490	0.19963	0.05859	0.00263	0.00354	0.05077	0.00401	0.00374
14	0.00837	0.00657	0.01056	0.00912	0.01060	0.00694	0.12767	0.03625	0.00903	0.04831	0.05754	0.04932	0.01432	0.14541	0.36826	0.00460	0.04041	0.03919	0.00297	0.00456
15	0.01148	0.10041	0.20367	0.01354	0.12390	0.07314	0.09769	0.05091	0.09284	0.03035	0.00951	0.01078	0.00737	0.00436	0.00422	0.00126	0.00560	0.00371	0.00267	0.15258

[dist]
# distance from previous block
# <min> <max>
0	5

[block]
# block no. 6 follows, 56 sequences, length 64
# corresponding to MSA columns:
# 340-403
name=unknown_G
#
# <colnr> <probs for GDERKNQSTAVLIFYWHMCP>
#	G	D	E	R	K	N	Q	S	T	A	V	L	I	F	Y	W	H	M	C	P
0	0.08807	0.23730	0.40134	0.01121	0.04754	0.01262	0.01220	0.05509	0.02476	0.05814	0.00847	0.00947	0.00637	0.00439	0.00389	0.00132	0.00564	0.00323	0.00243	0.00652
1	0.08597	0.04746	0.00830	0.00706	0.00804	0.03791	0.00529	0.04972	0.03493	0.01196	0.04358	0.04687	0.06748	0.01174	0.01209	0.43938	0.07122	0.00472	0.00268	0.00360
2	0.01320	0.10468	0.07019	0.02307	0.17986	0.21826	0.03484	0.09901	0.15300	0.01561	0.01059	0.03876	0.00869	0.00513	0.00436	0.00134	0.00583	0.00412	0.00298	0.00647
3	0.01079	0.34855	0.34290	0.01139	0.06697	0.01357	0.01181	0.01495	0.08024	0.01350	0.00845	0.00953	0.00671	0.00430	0.00380	0.00124	0.00553	0.00320	0.00224	0.04032
4	0.04265	0.10987	0.01559	0.01532	0.25366	0.08874	0.03589	0.08917	0.15230	0.12007	0.01136	0.01202	0.00865	0.00492	0.00451	0.00136	0.01964	0.00405	0.00334	0.00689
5	0.01147	0.02665	0.01136	0.00933	0.01173	0.10531	0.07671	0.09302	0.21287	0.06622	0.24133	0.02099	0.06310	0.00692	0.00509	0.00145	0.02044	0.00586	0.00422	0.00593
6	0.00656	0.00491	0.00734	0.00734	0.00815	0.00572	0.00569	0.00817	0.00737	0.01063	0.01233	0.01822	0.01156	0.04673	0.80827	0.00733	0.01218	0.00495	0.00246	0.00408
7	0.01409	0.01083	0.10701	0.04870	0.01357	0.01804	0.00845	0.14063	0.21538	0.25005	0.07845	0.01638	0.02722	0.00659	0.02218	0.00159	0.00453	0.00489	0.00445	0.00697
8	0.00910	0.00514	0.00675	0.00640	0.00778	0.00468	0.00484	0.01082	0.01168	0.17107	0.37500	0.22711	0.05703	0.00993	0.00532	0.00156	0.00271	0.03953	0.03871	0.00484
9	0.14113	0.08732	0.09158	0.00983	0.01351	0.13399	0.03829	0.19133	0.01347	0.22054	0.01080	0.01085	0.00761	0.00494	0.00414	0.00134	0.00529	0.00366	0.00370	0.00669
10	0.39797	0.00950	0.00909	0.00786	0.01076	0.01073	0.00632	0.09019	0.29886	0.09666	0.01242	0.01209	0.00914	0.00523	0.00384	0.00147	0.00375	0.00383	0.00394	0.00634
11	0.01103	0.40775	0.34873	0.01114	0.01626	0.03795	0.08169	0.01429	0.00972	0.01270	0.00742	0.00880	0.00596	0.00412	0.00378	0.00123	0.00603	0.00312	0.00200	0.00627
12	0.00984	0.00863	0.00839	0.00749	0.00939	0.10701	0.00580	0.14987	0.06852	0.01732	0.25964	0.02668	0.21049	0.01068	0.07777	0.00196	0.00447	0.00672	0.00419	0.00515
13	0.00604	0.00443	0.00576	0.00664	0.00731	0.00415	0.00493	0.00724	0.00956	0.01244	0.04201	0.50713	0.14580	0.01346	0.00591	0.00187	0.00300	0.20418	0.00427	0.00389
14	0.01323	0.70655	0.02223	0.00824	0.01208	0.04431	0.00792	0.08391	0.01070	0.04460	0.00729	0.00805	0.00628	0.00417	0.00320	0.00104	0.00500	0.00271	0.00236	0.00612
15	0.45715	0.08366	0.07176	0.00716	0.01000	0.00997	0.00632	0.06248	0.02335	0.03326	0.00763	0.00942	0.00619	0.00643	0.00585	0.15482	0.00410	0.00303	0.00274	0.03469
16	0.01161	0.09679	0.17319	0.00935	0.01248	0.09279	0.02448	0.01444	0.04190	0.15449	0.01169	0.01387	0.00929	0.02922	0.25292	0.00322	0.00761	0.00414	0.03075	0.00576
17	0.00577	0.00412	0.00553	0.00659	0.00694	0.00388	0.00457	0.00670	0.00896	0.01192	0.02521	0.75938	0.02998	0.01422	0.00591	0.00189	0.00282	0.08759	0.00426	0.00378
18	0.00663	0.00495	0.00738	0.00747	0.00832	0.00570	0.00589	0.00832	0.00766	0.01093	0.01337	0.02105	0.01281	0.03249	0.74784	0.00691	0.01158	0.07398	0.00262	0.00411
19	0.01231	0.69644	0.05365	0.03949	0.01302	0.01709	0.00843	0.06346	0.03746	0.01242	0.00724	0.00821	0.00630	0.00415	0.00323	0.00107	0.00499	0.00275	0.00223	0.00607
20	0.00823	0.00663	0.00892	0.00929	0.04072	0.00748	0.00698	0.07871	0.01003	0.01370	0.01908	0.37690	0.02141	0.01146	0.00775	0.00189	0.17798	0.18450	0.00373	0.00462
21	0.00574	0.00414	0.00521	0.00599	0.00636	0.00385	0.00395	0.00646	0.00865	0.01136	0.02594	0.62814	0.11191	0.13935	0.00847	0.00222	0.00290	0.01172	0.00404	0.00360
22	0.00814	0.00677	0.00796	0.00909	0.03641	0.07794	0.00729	0.01000	0.01055	0.01327	0.02268	0.15022	0.03520	0.01189	0.00601	0.00196	0.00440	0.57185	0.00400	0.00436
23	0.01428	0.28844	0.01624	0.01042	0.03611	0.37712	0.00831	0.04315	0.10594	0.01303	0.04027	0.01025	0.00846	0.00484	0.00389	0.00118	0.00618	0.00334	0.00269	0.00584
24	0.00706	0.00532	0.00741	0.00738	0.00827	0.00560	0.03174	0.00915	0.05696	0.01219	0.07317	0.12524	0.01977	0.18768	0.27771	0.00419	0.00668	0.14701	0.00338	0.00409
25	0.00575	0.00411	0.00551	0.00658	0.00691	0.00387	0.00454	0.00667	0.00895	0.01190	0.02521	0.76574	0.03001	0.01423	0.00590	0.00189	0.00280	0.08139	0.00426	0.00377
26	0.01273	0.06654	0.48211	0.01116	0.01654	0.01022	0.01287	0.07849	0.01144	0.21148	0.01130	0.03634	0.00809	0.00506	0.00441	0.00142	0.00570	0.00399	0.00314	0.00697
27	0.01037	0.33322	0.51556	0.01111	0.01681	0.01350	0.01352	0.01424	0.00955	0.01312	0.00754	0.00881	0.00584	0.00420	0.00383	0.00128	0.00608	0.00304	0.00195	0.00645
28	0.00942	0.00893	0.01513	0.60477	0.24861	0.01040	0.01312	0.01239	0.00953	0.01264	0.00829	0.01200	0.00644	0.00445	0.00458	0.00148	0.00593	0.00408	0.00210	0.00571
29	0.72786	0.00922	0.00873	0.00973	0.14235	0.01040	0.00649	0.01359	0.00825	0.01967	0.00677	0.00811	0.00536	0.00423	0.00312	0.00141	0.00387	0.00275	0.00275	0.00536
30	0.00588	0.00464	0.00530	0.00519	0.00649	0.00406	0.00387	0.00745	0.01146	0.01488	0.36276	0.07019	0.45993	0.01080	0.00544	0.00152	0.00227	0.00924	0.00459	0.00406
31	0.04263	0.35093	0.01728	0.00938	0.01283	0.13267	0.00813	0.26252	0.09175	0.01775	0.00917	0.00962	0.00727	0.00478	0.00381	0.00121	0.00527	0.00333	0.00315	0.00652
32	0.05750	0.01864	0.01471	0.01404	0.10358	0.58360	0.08995	0.01737	0.01225	0.03591	0.00778	0.00922	0.00629	0.00458	0.00427	0.00126	0.00755	0.00336	0.00247	0.00568
33	0.01077	0.22962	0.31204	0.04302	0.02333	0.01271	0.01125	0.04350	0.21354	0.01528	0.03495	0.01192	0.00918	0.00493	0.00413	0.00136	0.00525	0.00382	0.00284	0.00658
34	0.00691	0.00450	0.00513	0.00513	0.00521	0.00447	0.00292	0.00698	0.00689	0.02524	0.01497	0.06205	0.01713	0.78881	0.02229	0.00429	0.00437	0.00689	0.00290	0.00292
35	0.05669	0.00670	0.00871	0.00714	0.00975	0.00602	0.00573	0.01694	0.01254	0.48681	0.23652	0.04506	0.03851	0.00701	0.00476	0.00143	0.00328	0.00588	0.03415	0.00639
36	0.02735	0.26552	0.34146	0.01170	0.01655	0.07988	0.09868	0.01489	0.01003	0.05348	0.00809	0.00945	0.00625	0.00440	0.00439	0.00132	0.03467	0.00337	0.00223	0.00629
37	0.01083	0.06669	0.29257	0.01973	0.38868	0.01123	0.04740	0.05195	0.01053	0.01500	0.00848	0.01066	0.00672	0.00464	0.00488	0.03124	0.00591	0.00380	0.00224	0.00682
38	0.00572	0.00415	0.00544	0.00643	0.00685	0.00386	0.00445	0.00666	0.00906	0.01193	0.02681	0.71399	0.08828	0.01404	0.00587	0.00186	0.00276	0.07380	0.00426	0.00378
39	0.01056	0.00846	0.03526	0.00796	0.01020	0.00836	0.00648	0.30189	0.04274	0.01988	0.15826	0.15050	0.16301	0.00901	0.00517	0.00154	0.00366	0.04698	0.00446	0.00563
40	0.01135	0.42286	0.28895	0.01019	0.02458	0.04058	0.02280	0.02540	0.03845	0.03027	0.03998	0.00996	0.00784	0.00446	0.00374	0.00122	0.00553	0.00326	0.00232	0.00625
41	0.00620	0.00427	0.00523	0.00568	0.00588	0.00415	0.00356	0.00658	0.00772	0.01026	0.02006	0.36981	0.05354	0.40870	0.03995	0.02853	0.00384	0.00935	0.00343	0.00324
42	0.01680	0.01038	0.01191	0.00934	0.01256	0.01099	0.00764	0.48054	0.01741	0.23258	0.01319	0.01345	0.00938	0.02602	0.07774	0.00198	0.00529	0.00439	0.03114	0.00726
43	0.01205	0.08432	0.01191	0.00932	0.01214	0.01228	0.00745	0.09436	0.65922	0.01935	0.01688	0.01570	0.01272	0.00596	0.00451	0.00149	0.00388	0.00485	0.00442	0.00719
44	0.05104	0.01053	0.01178	0.00995	0.04628	0.08899	0.01951	0.20342	0.03865	0.38003	0.04457	0.01435	0.02233	0.00568	0.00472	0.00140	0.01984	0.00446	0.01536	0.00711
45	0.00669	0.00513	0.00719	0.02348	0.00826	0.00574	0.00555	0.00806	0.00829	0.01155	0.07556	0.16922	0.04566	0.10394	0.38374	0.00464	0.06641	0.05374	0.00314	0.00401
46	0.00921	0.02375	0.81487	0.01309	0.01987	0.01066	0.01696	0.01454	0.00969	0.01454	0.00824	0.00969	0.00582	0.00436	0.00436	0.00145	0.00678	0.00339	0.00194	0.00678
47	0.01029	0.01050	0.01398	0.08479	0.01391	0.05588	0.01022	0.01149	0.00754	0.01112	0.00627	0.01015	0.00603	0.00756	0.01356	0.00192	0.71375	0.00397	0.00203	0.00504
48	0.06324	0.01122	0.03352	0.06945	0.17835	0.01151	0.22489	0.14223	0.11397	0.04153	0.01079	0.01294	0.00833	0.00494	0.00515	0.00150	0.03785	0.01880	0.00311	0.00665
49	0.01206	0.01269	0.21387	0.03041	0.03039	0.03258	0.15784	0.04744	0.01103	0.19381	0.01376	0.15657	0.01180	0.00652	0.00524	0.00154	0.03388	0.00583	0.01650	0.00624
50	0.00687	0.00537	0.00793	0.00775	0.00848	0.00646	0.00606	0.00842	0.00733	0.01066	0.01178	0.01756	0.01109	0.04809	0.73275	0.00684	0.08511	0.00487	0.00243	0.00416
51	0.00614	0.00510	0.00542	0.00531	0.00683	0.00462	0.00399	0.00850	0.08139	0.01394	0.16415	0.07032	0.58618	0.01089	0.00537	0.00155	0.00243	0.00920	0.00443	0.00425
52	0.19152	0.01248	0.02976	0.05296	0.22112	0.13019	0.12107	0.08656	0.07148	0.02710	0.00911	0.01071	0.00708	0.00453	0.00427	0.00140	0.00566	0.00386	0.00283	0.00630
53	0.00668	0.00462	0.00559	0.00596	0.00625	0.00456	0.00386	0.03255	0.00823	0.01096	0.01911	0.33129	0.02220	0.44424	0.01499	0.00322	0.00379	0.06501	0.00350	0.00340
54	0.00559	0.00400	0.00533	0.00639	0.00666	0.00373	0.00426	0.00639	0.00879	0.01172	0.02530	0.83566	0.03036	0.01438	0.00586	0.00186	0.00266	0.01305	0.00426	0.00373
55	0.00998	0.02053	0.58685	0.01533	0.11749	0.03801	0.08585	0.01501	0.04115	0.01468	0.00875	0.01039	0.00643	0.00437	0.00448	0.00145	0.00663	0.00372	0.00214	0.00676
56	0.16340	0.24188	0.03530	0.01247	0.12951	0.17406	0.06383	0.07910	0.02030	0.02989	0.00784	0.00912	0.00636	0.00436	0.00379	0.00125	0.00564	0.00324	0.00258	0.00607
57	0.00596	0.00451	0.00584	0.00697	0.03861	0.00421	0.00456	0.00706	0.01919	0.01207	0.03615	0.59592	0.16590	0.04571	0.00641	0.00189	0.00283	0.02815	0.00414	0.00392
58	0.05535	0.02221	0.01941	0.02029	0.35472	0.01193	0.23431	0.19221	0.01296	0.01832	0.00923	0.01133	0.00718	0.00436	0.00470	0.00142	0.00591	0.00438	0.00284	0.00695
59	0.18279	0.04376	0.01383	0.02909	0.25340	0.04434	0.00943	0.27752	0.01372	0.03041	0.01043	0.01156	0.03878	0.00501	0.00433	0.00138	0.01637	0.00391	0.00327	0.00667
60	0.00704	0.00517	0.00538	0.00534	0.00552	0.03693	0.00314	0.00718	0.00710	0.00919	0.01539	0.02937	0.04783	0.74742	0.04656	0.00430	0.00476	0.00659	0.00281	0.00297
61	0.01016	0.00622	0.00775	0.00688	0.00872	0.00611	0.00534	0.01413	0.15339	0.17339	0.44524	0.02678	0.04767	0.00906	0.03751	0.00169	0.00317	0.00683	0.02445	0.00551
62	0.04349	0.04378	0.06001	0.01480	0.20532	0.01094	0.09516	0.21463	0.04878	0.09975	0.02717	0.03023	0.04033	0.00651	0.03708	0.00165	0.00538	0.00470	0.00349	0.00680
63	0.21019	0.01119	0.09877	0.01943	0.10480	0.01909	0.02262	0.21326	0.04394	0.03099	0.01027	0.01146	0.00778	0.00494	0.00414	0.00136	0.02104	0.00375	0.15479	0.00620

[dist]
# distance from previous block
# <min> <max>
0	51

# created by:
# /home/cegg/simao/soft/augustus-3.2.1/scripts/msa2prfl.pl ./align_prep/EOG091G0IZD.fa
