[name]
unknown

[dist]
# distance from previous block
# <min> <max>
0	187

[block]
# block no. 0 follows, 55 sequences, length 32
# corresponding to MSA columns:
# 187-218
name=unknown_A
#
# <colnr> <probs for GDERKNQSTAVLIFYWHMCP>
#	G	D	E	R	K	N	Q	S	T	A	V	L	I	F	Y	W	H	M	C	P
0	0.00732	0.00559	0.00754	0.00795	0.00908	0.00554	0.03206	0.02703	0.06690	0.01399	0.04350	0.31169	0.09294	0.01234	0.00597	0.00192	0.00363	0.33627	0.00429	0.00445
1	0.00898	0.00853	0.01461	0.76359	0.06642	0.01041	0.03822	0.01209	0.00941	0.01213	0.00833	0.01237	0.00628	0.00460	0.00468	0.00154	0.00622	0.00418	0.00209	0.00530
2	0.00589	0.00433	0.00554	0.00624	0.00687	0.00398	0.00439	0.00704	0.00992	0.01316	0.15172	0.55176	0.14362	0.01328	0.00583	0.00179	0.00266	0.05360	0.00444	0.00392
3	0.00656	0.00538	0.03229	0.00641	0.00765	0.00461	0.00513	0.00857	0.01190	0.01632	0.48478	0.13194	0.13146	0.01069	0.00564	0.00162	0.00272	0.11730	0.00471	0.00433
4	0.04227	0.00836	0.01095	0.00842	0.01201	0.00754	0.00695	0.08425	0.01387	0.72777	0.01747	0.01525	0.01106	0.00571	0.00463	0.00144	0.00404	0.00458	0.00560	0.00784
5	0.01733	0.01247	0.01292	0.01018	0.01356	0.07335	0.00827	0.57005	0.03354	0.13380	0.01258	0.04093	0.00937	0.02343	0.00507	0.00147	0.00508	0.00456	0.00459	0.00746
6	0.04743	0.01139	0.01273	0.00984	0.01346	0.01213	0.00811	0.52721	0.04971	0.23983	0.01326	0.01255	0.00904	0.00562	0.00460	0.00142	0.00470	0.00431	0.00489	0.00779
7	0.00691	0.00502	0.00650	0.00622	0.00733	0.00494	0.00471	0.00864	0.01098	0.03961	0.39859	0.05912	0.17657	0.04455	0.17264	0.00285	0.02841	0.00784	0.00425	0.00431
8	0.01623	0.01128	0.01248	0.03328	0.03388	0.05658	0.01895	0.37272	0.12038	0.18653	0.02307	0.01391	0.02447	0.00570	0.00461	0.00140	0.00474	0.00451	0.03148	0.02379
9	0.00940	0.00563	0.00681	0.00617	0.00800	0.00507	0.00474	0.01163	0.05223	0.18275	0.28235	0.07709	0.31068	0.00966	0.00531	0.00153	0.00273	0.00824	0.00490	0.00508
10	0.01895	0.00797	0.01051	0.00822	0.01155	0.00720	0.00673	0.06148	0.04716	0.66107	0.09280	0.01745	0.01452	0.00613	0.00476	0.00145	0.00384	0.00503	0.00560	0.00756
11	0.03431	0.08224	0.18986	0.01215	0.04139	0.27423	0.06761	0.01588	0.03586	0.05714	0.07287	0.01197	0.00969	0.00529	0.00523	0.00139	0.07023	0.00395	0.00272	0.00598
12	0.01060	0.00999	0.01660	0.36410	0.35785	0.01115	0.04454	0.05554	0.01048	0.01432	0.00855	0.01184	0.00682	0.00466	0.00528	0.00150	0.05338	0.00419	0.00232	0.00629
13	0.02013	0.00836	0.01099	0.00846	0.01200	0.00755	0.00697	0.10203	0.01420	0.70679	0.04036	0.01590	0.01208	0.00585	0.00470	0.00144	0.00403	0.00474	0.00563	0.00781
14	0.78087	0.00905	0.00784	0.00675	0.00974	0.01024	0.03310	0.01433	0.00839	0.07462	0.00739	0.00830	0.00555	0.00440	0.00309	0.00144	0.00377	0.00277	0.00306	0.00528
15	0.02672	0.03828	0.08306	0.07219	0.18563	0.08150	0.06819	0.11902	0.13970	0.06917	0.01154	0.01356	0.00900	0.00530	0.00496	0.00147	0.03058	0.03011	0.00326	0.00677
16	0.00582	0.00499	0.00534	0.00524	0.00666	0.00451	0.00397	0.00704	0.01051	0.01282	0.08750	0.06460	0.69664	0.01153	0.00604	0.00160	0.04740	0.00952	0.00424	0.00401
17	0.00624	0.00480	0.00540	0.00521	0.00665	0.00416	0.00392	0.00780	0.01160	0.03255	0.32288	0.04047	0.51015	0.01082	0.00548	0.00153	0.00233	0.00919	0.00464	0.00418
18	0.00901	0.00852	0.01428	0.74528	0.08109	0.01052	0.01291	0.01202	0.00931	0.01207	0.00822	0.01227	0.00627	0.00474	0.00503	0.00156	0.03538	0.00413	0.00208	0.00531
19	0.01178	0.40995	0.15282	0.12861	0.08603	0.07512	0.01080	0.03776	0.01026	0.01279	0.00759	0.00927	0.00627	0.00430	0.00375	0.00122	0.00573	0.00315	0.01669	0.00612
20	0.00629	0.00474	0.00581	0.00555	0.00677	0.00427	0.00416	0.00822	0.01248	0.01702	0.60171	0.03744	0.24824	0.01012	0.00549	0.00149	0.00224	0.00879	0.00491	0.00427
21	0.00693	0.00498	0.00673	0.00767	0.00857	0.00485	0.00632	0.00858	0.01014	0.01315	0.02624	0.21722	0.09374	0.02866	0.00681	0.02030	0.00378	0.51702	0.00422	0.00407
22	0.01476	0.03091	0.01595	0.03599	0.18850	0.06760	0.09783	0.24694	0.02597	0.13616	0.01137	0.03999	0.00878	0.00545	0.00531	0.00146	0.05180	0.00459	0.00360	0.00701
23	0.07431	0.01183	0.08374	0.10517	0.26359	0.01142	0.06080	0.15340	0.07211	0.07278	0.01031	0.01188	0.00778	0.00490	0.00494	0.00147	0.03536	0.00418	0.00312	0.00690
24	0.86937	0.00900	0.00684	0.00612	0.00900	0.01044	0.00504	0.01368	0.00792	0.02087	0.00648	0.00756	0.00504	0.00432	0.00288	0.00144	0.00360	0.00252	0.00288	0.00504
25	0.04801	0.34999	0.30525	0.01095	0.01565	0.05796	0.05326	0.04023	0.01009	0.01359	0.00748	0.00891	0.00603	0.00447	0.00442	0.00130	0.05085	0.00316	0.00215	0.00626
26	0.00567	0.00405	0.00540	0.00648	0.00675	0.00378	0.00432	0.00648	0.00891	0.01188	0.02564	0.83347	0.03077	0.01457	0.00594	0.00189	0.00270	0.01323	0.00432	0.00378
27	0.63631	0.03178	0.06662	0.00775	0.01094	0.11407	0.02160	0.01467	0.00898	0.04196	0.00711	0.00816	0.00547	0.00441	0.00326	0.00140	0.00457	0.00277	0.00280	0.00535
28	0.00567	0.00472	0.00495	0.00489	0.00639	0.00400	0.00367	0.00700	0.01100	0.01351	0.16492	0.04321	0.68721	0.01143	0.00550	0.00155	0.00233	0.00960	0.00444	0.00400
29	0.00636	0.00475	0.00591	0.00562	0.00682	0.00430	0.00422	0.00835	0.01265	0.01742	0.65161	0.03678	0.19808	0.00997	0.00549	0.00149	0.00223	0.00870	0.00496	0.00430
30	0.01076	0.30078	0.46363	0.01182	0.01746	0.01358	0.06846	0.03850	0.01015	0.01390	0.00787	0.00925	0.00606	0.00427	0.00401	0.00131	0.00624	0.00328	0.00208	0.00656
31	0.01151	0.01105	0.01888	0.02855	0.80748	0.01105	0.01428	0.01428	0.01059	0.01520	0.00875	0.01151	0.00737	0.00415	0.00461	0.00138	0.00553	0.00415	0.00230	0.00737

[dist]
# distance from previous block
# <min> <max>
2	7

[block]
# block no. 1 follows, 55 sequences, length 34
# corresponding to MSA columns:
# 227-260
name=unknown_B
#
# <colnr> <probs for GDERKNQSTAVLIFYWHMCP>
#	G	D	E	R	K	N	Q	S	T	A	V	L	I	F	Y	W	H	M	C	P
0	0.01483	0.09721	0.02543	0.01223	0.08436	0.50910	0.00881	0.02678	0.03804	0.02455	0.00910	0.01127	0.01775	0.05337	0.04633	0.00173	0.00742	0.00358	0.00256	0.00556
1	0.01277	0.78423	0.02362	0.00823	0.01210	0.07228	0.00803	0.01424	0.00970	0.01097	0.00652	0.00753	0.00597	0.00403	0.00307	0.00101	0.00521	0.00252	0.00202	0.00593
2	0.00671	0.00509	0.00640	0.00647	0.00762	0.00445	0.00450	0.00776	0.00885	0.01235	0.02033	0.55197	0.02356	0.08566	0.02690	0.00198	0.00327	0.01003	0.00378	0.20231
3	0.01098	0.01255	0.02745	0.01961	0.02431	0.01176	0.79059	0.01490	0.01098	0.01490	0.00941	0.01255	0.00706	0.00392	0.00549	0.00157	0.00784	0.00549	0.00235	0.00627
4	0.01157	0.00999	0.01052	0.00947	0.01210	0.01157	0.00736	0.02472	0.79908	0.01946	0.01893	0.01736	0.01420	0.00631	0.00473	0.00158	0.00368	0.00526	0.00473	0.00736
5	0.00994	0.01927	0.54594	0.01619	0.18392	0.01038	0.04718	0.01436	0.01007	0.03534	0.00976	0.05905	0.00786	0.00498	0.00460	0.00148	0.00631	0.00428	0.00229	0.00680
6	0.02087	0.00792	0.01080	0.00828	0.01188	0.00684	0.00684	0.02267	0.01332	0.81071	0.01835	0.01583	0.01152	0.00576	0.00468	0.00144	0.00396	0.00468	0.00576	0.00792
7	0.01244	0.83930	0.02438	0.00796	0.01194	0.01841	0.00796	0.01393	0.00945	0.01095	0.00647	0.00746	0.00597	0.00398	0.00299	0.00100	0.00498	0.00249	0.00199	0.00597
8	0.00897	0.00838	0.01372	0.77034	0.03070	0.01042	0.01255	0.01275	0.06253	0.01240	0.00899	0.01274	0.00674	0.00476	0.00466	0.00155	0.00603	0.00421	0.00225	0.00532
9	0.01322	0.00967	0.01177	0.09436	0.07168	0.01045	0.00827	0.39889	0.01586	0.05966	0.03581	0.19873	0.01412	0.00753	0.00493	0.00152	0.00450	0.00637	0.02618	0.00647
10	0.04865	0.00684	0.00896	0.00728	0.00998	0.00613	0.00586	0.01762	0.01288	0.50601	0.25045	0.02119	0.02087	0.00680	0.00478	0.00143	0.00333	0.00568	0.04868	0.00658
11	0.01087	0.01333	0.08035	0.01918	0.02403	0.01170	0.73847	0.01489	0.01090	0.01489	0.00934	0.01237	0.00698	0.00396	0.00542	0.00156	0.00778	0.00535	0.00233	0.00632
12	0.00979	0.00965	0.03161	0.34120	0.15370	0.03381	0.14613	0.02561	0.01039	0.01387	0.02353	0.02841	0.01027	0.00572	0.00497	0.00157	0.00592	0.10101	0.03720	0.00564
13	0.01059	0.00665	0.00722	0.00649	0.00814	0.00707	0.00511	0.20052	0.01271	0.01958	0.03486	0.07286	0.01361	0.00663	0.00431	0.00130	0.02528	0.04394	0.50793	0.00519
14	0.00550	0.00471	0.00471	0.00471	0.00628	0.00393	0.00353	0.00668	0.01060	0.01257	0.04713	0.04477	0.80560	0.01178	0.00550	0.00157	0.00236	0.00982	0.00432	0.00393
15	0.00763	0.00534	0.00621	0.06068	0.00856	0.00514	0.00471	0.04822	0.01131	0.03336	0.16929	0.07910	0.31845	0.00919	0.00491	0.00146	0.00277	0.02035	0.19885	0.00447
16	0.15963	0.00958	0.02437	0.00878	0.01227	0.00941	0.02279	0.16221	0.08362	0.43713	0.01477	0.01358	0.00984	0.00548	0.00439	0.00145	0.00421	0.00428	0.00486	0.00734
17	0.01737	0.01317	0.01376	0.01068	0.01431	0.03975	0.00877	0.72888	0.06067	0.02826	0.01143	0.01139	0.00817	0.00560	0.00464	0.00140	0.00515	0.00420	0.00459	0.00780
18	0.00566	0.00408	0.00536	0.00639	0.00672	0.00379	0.00428	0.00649	0.00899	0.01191	0.02672	0.79382	0.06972	0.01443	0.00592	0.00187	0.00268	0.01305	0.00432	0.00379
19	0.03395	0.01093	0.01295	0.02433	0.03328	0.06045	0.06020	0.33095	0.02579	0.14475	0.01418	0.11451	0.03246	0.00687	0.00568	0.00152	0.07089	0.00552	0.00413	0.00667
20	0.01170	0.01075	0.01567	0.34953	0.19679	0.05204	0.06413	0.16821	0.01248	0.01647	0.03410	0.01243	0.00804	0.00491	0.00492	0.00147	0.02303	0.00432	0.00277	0.00626
21	0.01063	0.01048	0.01921	0.07876	0.19599	0.01065	0.32379	0.07317	0.01111	0.01522	0.01165	0.11275	0.01069	0.00605	0.00587	0.00160	0.05802	0.03546	0.00279	0.00611
22	0.00676	0.00455	0.00527	0.00527	0.00534	0.00462	0.00307	0.00689	0.00682	0.00917	0.01448	0.02944	0.01648	0.77007	0.08951	0.00476	0.00517	0.00662	0.00279	0.00293
23	0.00974	0.00841	0.01011	0.00798	0.05121	0.00645	0.00595	0.01184	0.00969	0.01516	0.00829	0.00974	0.00691	0.00348	0.00350	0.00072	0.00355	0.00283	0.00273	0.82167
24	0.10281	0.05570	0.08945	0.03252	0.37413	0.13099	0.01153	0.06933	0.02291	0.02803	0.00912	0.03647	0.00764	0.00477	0.00431	0.00137	0.00569	0.00397	0.00264	0.00661
25	0.00704	0.00475	0.00595	0.00610	0.00719	0.00428	0.00448	0.00848	0.01096	0.06938	0.25883	0.31435	0.21981	0.01172	0.00564	0.00167	0.00263	0.04780	0.00465	0.00430
26	0.01285	0.01212	0.01187	0.07795	0.06288	0.15958	0.00852	0.07548	0.43257	0.02983	0.01439	0.01438	0.01093	0.00570	0.00471	0.00147	0.01663	0.00455	0.03688	0.00672
27	0.00568	0.00466	0.00501	0.00505	0.00643	0.00399	0.00374	0.00699	0.01086	0.01347	0.16500	0.11316	0.61648	0.01167	0.00554	0.00158	0.00236	0.00990	0.00445	0.00399
28	0.00561	0.00470	0.00478	0.00477	0.00623	0.00398	0.00352	0.00675	0.01046	0.01255	0.06914	0.04360	0.73472	0.06067	0.00658	0.00174	0.00248	0.00959	0.00426	0.00388
29	0.84412	0.00912	0.00705	0.00625	0.00916	0.01055	0.00515	0.03675	0.00833	0.02112	0.00662	0.00766	0.00512	0.00436	0.00293	0.00144	0.00364	0.00257	0.00293	0.00512
30	0.00933	0.02406	0.81240	0.01326	0.02014	0.01080	0.01719	0.01473	0.00982	0.01473	0.00835	0.00982	0.00589	0.00442	0.00442	0.00147	0.00688	0.00344	0.00196	0.00688
31	0.00933	0.02406	0.81240	0.01326	0.02014	0.01080	0.01719	0.01473	0.00982	0.01473	0.00835	0.00982	0.00589	0.00442	0.00442	0.00147	0.00688	0.00344	0.00196	0.00688
32	0.28473	0.34764	0.22313	0.00871	0.01304	0.01364	0.00936	0.01396	0.00913	0.01523	0.02150	0.00860	0.00634	0.00430	0.00337	0.00127	0.00498	0.00285	0.00232	0.00588
33	0.06012	0.06069	0.17161	0.00973	0.04845	0.02785	0.02970	0.02170	0.03541	0.06160	0.05513	0.27970	0.01710	0.00819	0.00482	0.00152	0.00435	0.02419	0.00344	0.07470

[dist]
# distance from previous block
# <min> <max>
11	15

[block]
# block no. 2 follows, 55 sequences, length 6
# corresponding to MSA columns:
# 279-284
name=unknown_C
#
# <colnr> <probs for GDERKNQSTAVLIFYWHMCP>
#	G	D	E	R	K	N	Q	S	T	A	V	L	I	F	Y	W	H	M	C	P
0	0.01089	0.01000	0.08276	0.01167	0.04091	0.00898	0.18137	0.12402	0.01162	0.07882	0.03790	0.08347	0.02938	0.08999	0.06582	0.00229	0.04127	0.05298	0.03015	0.00570
1	0.01329	0.44537	0.06132	0.00874	0.01218	0.10367	0.00810	0.10187	0.01127	0.06186	0.00861	0.00985	0.00712	0.00632	0.03609	0.04906	0.00553	0.00318	0.04064	0.00593
2	0.04729	0.15296	0.23040	0.01366	0.13100	0.01210	0.08392	0.07945	0.07181	0.01588	0.01048	0.01176	0.03540	0.00479	0.00453	0.00136	0.02613	0.00394	0.00267	0.06047
3	0.01128	0.15176	0.36489	0.01164	0.04812	0.03464	0.03375	0.10730	0.01184	0.04961	0.09430	0.03897	0.01133	0.00540	0.00442	0.00139	0.00561	0.00434	0.00290	0.00649
4	0.00628	0.00471	0.00559	0.00539	0.00646	0.00427	0.00389	0.00784	0.01142	0.01535	0.45610	0.03712	0.26969	0.13594	0.00826	0.00196	0.00260	0.00859	0.00453	0.00401
5	0.00588	0.00426	0.00566	0.00662	0.00707	0.00404	0.00465	0.00688	0.00911	0.01205	0.02616	0.66995	0.07623	0.01530	0.04802	0.00218	0.00333	0.08451	0.00422	0.00385

[dist]
# distance from previous block
# <min> <max>
1	3

[block]
# block no. 3 follows, 55 sequences, length 14
# corresponding to MSA columns:
# 288-301
name=unknown_D
#
# <colnr> <probs for GDERKNQSTAVLIFYWHMCP>
#	G	D	E	R	K	N	Q	S	T	A	V	L	I	F	Y	W	H	M	C	P
0	0.01059	0.00916	0.03773	0.03757	0.19614	0.06190	0.03468	0.02933	0.01059	0.09835	0.05892	0.20863	0.02789	0.00950	0.04561	0.00190	0.06758	0.04482	0.00346	0.00565
1	0.08226	0.03636	0.04237	0.01445	0.18951	0.09921	0.08348	0.12035	0.09621	0.06577	0.03164	0.01215	0.00896	0.00483	0.00438	0.00134	0.00527	0.00409	0.01534	0.08203
2	0.00874	0.00516	0.00602	0.00682	0.07052	0.00518	0.00444	0.03798	0.00997	0.01643	0.01574	0.11566	0.01399	0.05729	0.00498	0.00143	0.00275	0.00553	0.60682	0.00455
3	0.00943	0.00809	0.00961	0.00709	0.01076	0.00648	0.00567	0.01145	0.00980	0.01523	0.07237	0.01170	0.00983	0.00418	0.00424	0.00082	0.04697	0.00328	0.00291	0.75010
4	0.01333	0.11736	0.15973	0.03454	0.04640	0.03892	0.04903	0.10670	0.03310	0.16113	0.02027	0.01148	0.00818	0.00465	0.00420	0.00124	0.00510	0.00374	0.00330	0.17760
5	0.03130	0.10332	0.24570	0.01417	0.05963	0.04555	0.20674	0.08749	0.01121	0.04932	0.00899	0.01090	0.00688	0.00562	0.03017	0.00165	0.06825	0.00407	0.00256	0.00648
6	0.00623	0.00449	0.00616	0.00658	0.00716	0.00460	0.00470	0.00731	0.00861	0.01177	0.08368	0.36468	0.06448	0.07056	0.28983	0.03651	0.00619	0.00906	0.00357	0.00384
7	0.03875	0.01226	0.12004	0.04125	0.12224	0.03328	0.10521	0.15847	0.04560	0.04737	0.04655	0.06312	0.02078	0.00574	0.00524	0.00145	0.04880	0.00491	0.00324	0.07568
8	0.08245	0.10566	0.02921	0.01224	0.08777	0.21057	0.04356	0.25342	0.03801	0.07952	0.00974	0.01041	0.00734	0.00492	0.00425	0.00132	0.00585	0.00369	0.00339	0.00670
9	0.00837	0.00515	0.00627	0.00590	0.00747	0.00452	0.00445	0.00990	0.01157	0.14489	0.26880	0.15417	0.32984	0.01052	0.00543	0.00156	0.00262	0.00906	0.00480	0.00470
10	0.01290	0.05634	0.04407	0.01941	0.41251	0.15793	0.01140	0.03892	0.09387	0.04766	0.01038	0.03718	0.00862	0.00491	0.00447	0.00136	0.00566	0.00422	0.00283	0.02535
11	0.01018	0.14644	0.39668	0.01101	0.01595	0.01075	0.05955	0.02929	0.03787	0.04421	0.01149	0.09193	0.02703	0.00554	0.00437	0.00138	0.00556	0.00458	0.00264	0.08355
12	0.01139	0.09760	0.45045	0.01468	0.12863	0.09248	0.02874	0.07015	0.01102	0.01504	0.00826	0.00985	0.00629	0.00457	0.00466	0.00140	0.03229	0.00351	0.00226	0.00672
13	0.01183	0.52457	0.23410	0.01029	0.01498	0.06493	0.05519	0.01448	0.00987	0.01221	0.00718	0.00844	0.00601	0.00414	0.00358	0.00117	0.00585	0.00294	0.00203	0.00619

[dist]
# distance from previous block
# <min> <max>
9	29

[block]
# block no. 4 follows, 55 sequences, length 6
# corresponding to MSA columns:
# 339-344
name=unknown_E
#
# <colnr> <probs for GDERKNQSTAVLIFYWHMCP>
#	G	D	E	R	K	N	Q	S	T	A	V	L	I	F	Y	W	H	M	C	P
0	0.00968	0.00835	0.00871	0.00799	0.01029	0.00919	0.00617	0.01911	0.55378	0.01732	0.02771	0.02589	0.26041	0.00801	0.00497	0.00158	0.00327	0.00668	0.00461	0.00629
1	0.01325	0.01121	0.01537	0.30244	0.17094	0.08486	0.06344	0.16082	0.01282	0.10484	0.01000	0.01203	0.00737	0.00482	0.00466	0.00145	0.00593	0.00419	0.00306	0.00650
2	0.01001	0.02002	0.56553	0.01802	0.26509	0.01088	0.01628	0.01459	0.01006	0.01488	0.00847	0.01035	0.00635	0.00433	0.00448	0.00144	0.00646	0.00366	0.00207	0.00703
3	0.00637	0.00460	0.00635	0.00669	0.00718	0.00492	0.00475	0.00743	0.00778	0.01078	0.01700	0.27431	0.01864	0.18807	0.40735	0.00515	0.00784	0.00790	0.00313	0.00377
4	0.01147	0.00952	0.01250	0.01480	0.25884	0.01016	0.00905	0.01919	0.40247	0.07029	0.06383	0.01830	0.06663	0.00616	0.00479	0.00150	0.00410	0.00536	0.00404	0.00700
5	0.01245	0.01934	0.28908	0.01580	0.08309	0.26216	0.22186	0.01594	0.01124	0.01377	0.00831	0.01024	0.00636	0.00438	0.00465	0.00141	0.00750	0.00391	0.00223	0.00629

[dist]
# distance from previous block
# <min> <max>
0	35

[block]
# block no. 5 follows, 55 sequences, length 30
# corresponding to MSA columns:
# 380-409
name=unknown_F
#
# <colnr> <probs for GDERKNQSTAVLIFYWHMCP>
#	G	D	E	R	K	N	Q	S	T	A	V	L	I	F	Y	W	H	M	C	P
0	0.81416	0.00880	0.00700	0.02862	0.00952	0.01020	0.00522	0.01335	0.00789	0.02016	0.00659	0.00793	0.00518	0.00476	0.00349	0.03308	0.00369	0.00262	0.00283	0.00493
1	0.00627	0.00464	0.00610	0.00673	0.00696	0.00478	0.00459	0.00699	0.00840	0.01133	0.02189	0.59242	0.02592	0.16168	0.02784	0.00250	0.06535	0.02806	0.00384	0.00372
2	0.00607	0.00446	0.00575	0.00643	0.00703	0.00416	0.00442	0.00746	0.03198	0.01313	0.13220	0.65209	0.05667	0.01324	0.00576	0.00178	0.00267	0.01193	0.00440	0.02838
3	0.01126	0.51481	0.28562	0.01000	0.01468	0.01561	0.01117	0.01402	0.00943	0.01222	0.00707	0.00842	0.00595	0.00440	0.00426	0.00122	0.05876	0.00291	0.00198	0.00621
4	0.01109	0.01171	0.01409	0.05085	0.01345	0.12293	0.01015	0.01223	0.00805	0.01125	0.00636	0.01004	0.00610	0.00752	0.01326	0.00190	0.67787	0.00393	0.00209	0.00513
5	0.00717	0.00489	0.00641	0.00595	0.00715	0.00449	0.00449	0.00935	0.01317	0.05119	0.77272	0.03397	0.04257	0.00936	0.00545	0.00146	0.00227	0.00826	0.00515	0.00453
6	0.01157	0.00999	0.01052	0.00947	0.01210	0.01157	0.00736	0.02472	0.79908	0.01946	0.01893	0.01736	0.01420	0.00631	0.00473	0.00158	0.00368	0.00526	0.00473	0.00736
7	0.00651	0.00475	0.00611	0.00577	0.00690	0.00436	0.00433	0.00863	0.01299	0.01823	0.75254	0.03544	0.09665	0.00967	0.00549	0.00147	0.00221	0.00851	0.00507	0.00436
8	0.00567	0.00405	0.00540	0.00648	0.00675	0.00378	0.00432	0.00648	0.00891	0.01188	0.02564	0.83347	0.03077	0.01457	0.00594	0.00189	0.00270	0.01323	0.00432	0.00378
9	0.00569	0.00472	0.00498	0.00491	0.00640	0.00401	0.00369	0.00705	0.01106	0.01364	0.18116	0.04300	0.67089	0.01138	0.00550	0.00155	0.00233	0.00957	0.00446	0.00401
10	0.86937	0.00900	0.00684	0.00612	0.00900	0.01044	0.00504	0.01368	0.00792	0.02087	0.00648	0.00756	0.00504	0.00432	0.00288	0.00144	0.00360	0.00252	0.00288	0.00504
11	0.00583	0.00468	0.00509	0.00506	0.00636	0.00406	0.00370	0.00712	0.01080	0.01358	0.20537	0.07588	0.55310	0.07052	0.00682	0.00177	0.00249	0.00945	0.00438	0.00394
12	0.02020	0.00900	0.01147	0.00879	0.01242	0.00845	0.00726	0.18577	0.01513	0.64504	0.01683	0.01485	0.01075	0.00572	0.00467	0.00143	0.00420	0.00457	0.00552	0.00792
13	0.00706	0.00535	0.00713	0.00677	0.00780	0.00563	0.00518	0.03415	0.01086	0.01525	0.39184	0.04406	0.08052	0.04131	0.27146	0.00355	0.04666	0.00709	0.00396	0.00437
14	0.28103	0.05118	0.13517	0.05579	0.17397	0.14104	0.02118	0.01523	0.01011	0.06382	0.00819	0.00965	0.00631	0.00446	0.00392	0.00138	0.00554	0.00332	0.00263	0.00609
15	0.53146	0.09979	0.12308	0.00854	0.02981	0.07908	0.00778	0.03105	0.00913	0.01803	0.00695	0.00816	0.00547	0.00444	0.00355	0.00139	0.02135	0.00279	0.00262	0.00554
16	0.01131	0.01126	0.08023	0.21889	0.39699	0.01075	0.05177	0.02977	0.06782	0.06118	0.00998	0.01232	0.00770	0.00456	0.00466	0.00146	0.00568	0.00427	0.00264	0.00678
17	0.01913	0.00828	0.01083	0.00823	0.01191	0.00721	0.00678	0.06788	0.01333	0.65341	0.01652	0.01470	0.01066	0.00543	0.00451	0.00133	0.00396	0.00438	0.00528	0.12625
18	0.00647	0.00481	0.00564	0.00542	0.00678	0.00423	0.00407	0.00816	0.01190	0.03802	0.41983	0.05940	0.38727	0.01056	0.00548	0.00152	0.00233	0.00907	0.00476	0.00426
19	0.45130	0.00846	0.00879	0.00718	0.01042	0.00866	0.00592	0.01811	0.01058	0.41004	0.01233	0.01164	0.00823	0.00503	0.00377	0.00144	0.00378	0.00358	0.00430	0.00646
20	0.86937	0.00900	0.00684	0.00612	0.00900	0.01044	0.00504	0.01368	0.00792	0.02087	0.00648	0.00756	0.00504	0.00432	0.00288	0.00144	0.00360	0.00252	0.00288	0.00504
21	0.00629	0.00474	0.00581	0.00555	0.00677	0.00426	0.00416	0.00821	0.01248	0.01701	0.60046	0.03746	0.24949	0.01012	0.00549	0.00149	0.00224	0.00879	0.00490	0.00426
22	0.00555	0.00471	0.00478	0.00477	0.00631	0.00395	0.00357	0.00677	0.01072	0.01285	0.08226	0.04431	0.77029	0.01168	0.00550	0.00157	0.00235	0.00975	0.00436	0.00395
23	0.01199	0.01325	0.01351	0.01185	0.01258	0.24163	0.00956	0.01310	0.00887	0.01122	0.00682	0.01019	0.00643	0.00890	0.06351	0.00215	0.54333	0.00382	0.00217	0.00512
24	0.01098	0.01255	0.02745	0.01961	0.02431	0.01176	0.79059	0.01490	0.01098	0.01490	0.00941	0.01255	0.00706	0.00392	0.00549	0.00157	0.00784	0.00549	0.00235	0.00627
25	0.00965	0.00827	0.00965	0.00689	0.01102	0.00620	0.00551	0.01171	0.00965	0.01516	0.00827	0.00965	0.00689	0.00345	0.00345	0.00069	0.00345	0.00276	0.00276	0.86494
26	0.00668	0.00484	0.00674	0.00674	0.00732	0.00542	0.00490	0.00784	0.00726	0.01026	0.01313	0.02199	0.01324	0.27975	0.57541	0.00657	0.01003	0.00553	0.00259	0.00375
27	0.00695	0.00506	0.00701	0.00693	0.00761	0.00569	0.00511	0.02705	0.00764	0.01079	0.01300	0.02128	0.01292	0.24323	0.59102	0.00655	0.01021	0.00543	0.00263	0.00390
28	0.09307	0.01739	0.03507	0.01588	0.21901	0.44949	0.03018	0.06034	0.01238	0.01442	0.00784	0.00942	0.00639	0.00460	0.00425	0.00130	0.00698	0.00339	0.00253	0.00607
29	0.00950	0.00900	0.02881	0.00909	0.01071	0.11071	0.04140	0.05473	0.04102	0.01297	0.01137	0.01547	0.01006	0.03307	0.45382	0.00479	0.06447	0.00455	0.04520	0.02926

[dist]
# distance from previous block
# <min> <max>
0	32

[block]
# block no. 6 follows, 55 sequences, length 19
# corresponding to MSA columns:
# 442-452,460-467
name=unknown_G
#
# <colnr> <probs for GDERKNQSTAVLIFYWHMCP>
#	G	D	E	R	K	N	Q	S	T	A	V	L	I	F	Y	W	H	M	C	P
0	0.00714	0.00561	0.00722	0.04672	0.00928	0.02516	0.02716	0.00920	0.06995	0.01276	0.02310	0.47093	0.06490	0.03663	0.00667	0.03385	0.00350	0.10740	0.02861	0.00422
1	0.86937	0.00900	0.00684	0.00612	0.00900	0.01044	0.00504	0.01368	0.00792	0.02087	0.00648	0.00756	0.00504	0.00432	0.00288	0.00144	0.00360	0.00252	0.00288	0.00504
2	0.00879	0.00827	0.01395	0.82532	0.03204	0.01034	0.01292	0.01189	0.00930	0.01189	0.00827	0.01240	0.00620	0.00465	0.00465	0.00155	0.00620	0.00413	0.00207	0.00517
3	0.01136	0.00958	0.01007	0.00909	0.01161	0.01104	0.00706	0.02371	0.74160	0.01931	0.01866	0.01736	0.01404	0.00625	0.00463	0.00154	0.00357	0.00519	0.06718	0.00714
4	0.00588	0.00461	0.00523	0.00557	0.00674	0.00407	0.00415	0.00716	0.01035	0.01304	0.08671	0.23218	0.47695	0.01225	0.00564	0.00168	0.00261	0.08498	0.02624	0.00397
5	0.00802	0.00408	0.00612	0.00612	0.00616	0.00412	0.00412	0.00616	0.00612	0.00820	0.00828	0.01433	0.00824	0.01700	0.05400	0.82626	0.00442	0.00408	0.00204	0.00212
6	0.86937	0.00900	0.00684	0.00612	0.00900	0.01044	0.00504	0.01368	0.00792	0.02087	0.00648	0.00756	0.00504	0.00432	0.00288	0.00144	0.00360	0.00252	0.00288	0.00504
7	0.00622	0.00463	0.00554	0.00576	0.00685	0.00413	0.00423	0.00761	0.01084	0.02951	0.23532	0.26520	0.33785	0.01192	0.00565	0.00166	0.00253	0.04591	0.00455	0.00410
8	0.00876	0.06643	0.03343	0.02240	0.15550	0.03683	0.02637	0.02272	0.01107	0.01512	0.25146	0.16788	0.06546	0.00812	0.00519	0.00145	0.02175	0.00711	0.00365	0.06932
9	0.79789	0.00949	0.03057	0.03182	0.01039	0.01048	0.02435	0.01368	0.00809	0.02028	0.00666	0.00789	0.00515	0.00432	0.00304	0.00145	0.00387	0.00267	0.00282	0.00512
10	0.06082	0.00475	0.00567	0.00603	0.00698	0.00450	0.00434	0.00820	0.01014	0.03392	0.17859	0.41197	0.14210	0.01163	0.00539	0.00167	0.00265	0.03239	0.06409	0.00415
11	0.77466	0.04894	0.00793	0.00634	0.00932	0.01059	0.00529	0.01425	0.00833	0.07011	0.00722	0.00807	0.00549	0.00439	0.00300	0.00142	0.00369	0.00265	0.00302	0.00526
12	0.01319	0.00759	0.00916	0.00771	0.01006	0.00759	0.00604	0.11488	0.14538	0.25733	0.23421	0.02230	0.03894	0.06144	0.00648	0.02319	0.00355	0.00597	0.01876	0.00622
13	0.35492	0.00745	0.03093	0.03016	0.05862	0.00776	0.00538	0.01053	0.00769	0.01458	0.01045	0.01793	0.01047	0.33571	0.07770	0.00315	0.00497	0.00457	0.00274	0.00429
14	0.86937	0.00900	0.00684	0.00612	0.00900	0.01044	0.00504	0.01368	0.00792	0.02087	0.00648	0.00756	0.00504	0.00432	0.00288	0.00144	0.00360	0.00252	0.00288	0.00504
15	0.00668	0.00459	0.00541	0.00551	0.00580	0.00454	0.00348	0.00708	0.00771	0.01023	0.05311	0.06637	0.07996	0.59043	0.06147	0.02111	0.00456	0.05563	0.00316	0.00316
16	0.01105	0.05141	0.11792	0.01211	0.04751	0.05644	0.14166	0.03519	0.28262	0.03062	0.07904	0.04513	0.03256	0.00609	0.00513	0.00151	0.02869	0.00534	0.00355	0.00644
17	0.00845	0.00701	0.00917	0.11397	0.01242	0.00669	0.00650	0.01042	0.02384	0.02684	0.04422	0.21883	0.03447	0.00867	0.04175	0.00159	0.06472	0.00622	0.00321	0.35100
18	0.05208	0.00975	0.01493	0.01575	0.23551	0.02039	0.14476	0.04025	0.14592	0.05798	0.11212	0.05060	0.04324	0.00611	0.00520	0.00151	0.02841	0.00562	0.00351	0.00638

[dist]
# distance from previous block
# <min> <max>
5	13

[block]
# block no. 7 follows, 55 sequences, length 77
# corresponding to MSA columns:
# 481-557
name=unknown_H
#
# <colnr> <probs for GDERKNQSTAVLIFYWHMCP>
#	G	D	E	R	K	N	Q	S	T	A	V	L	I	F	Y	W	H	M	C	P
0	0.00928	0.00865	0.01153	0.38587	0.03464	0.06837	0.00955	0.01185	0.04883	0.01217	0.01117	0.07787	0.01040	0.10726	0.00838	0.00196	0.11332	0.01745	0.04659	0.00488
1	0.00585	0.00494	0.00551	0.06514	0.00819	0.00444	0.00427	0.00717	0.01044	0.01269	0.08306	0.07173	0.64780	0.04078	0.00610	0.00168	0.00272	0.00935	0.00414	0.00400
2	0.00588	0.00470	0.00526	0.00519	0.00653	0.00408	0.00386	0.00739	0.01141	0.01463	0.30634	0.07782	0.50824	0.01113	0.00551	0.00155	0.00232	0.00949	0.00460	0.00408
3	0.01034	0.00854	0.00918	0.00832	0.01063	0.00947	0.00644	0.02013	0.56830	0.03935	0.12754	0.02329	0.12364	0.00745	0.00493	0.00156	0.00331	0.00627	0.00476	0.00652
4	0.01158	0.00983	0.01043	0.00931	0.01190	0.01128	0.00726	0.06305	0.71114	0.01992	0.06667	0.01811	0.01570	0.00647	0.00478	0.00156	0.00366	0.00540	0.00475	0.00721
5	0.01173	0.01007	0.01061	0.00950	0.01216	0.01164	0.00740	0.04439	0.77915	0.01971	0.01874	0.01720	0.01404	0.00629	0.00473	0.00157	0.00372	0.00523	0.00473	0.00738
6	0.00900	0.00836	0.01390	0.73851	0.07050	0.01022	0.01260	0.02779	0.00961	0.01241	0.00897	0.04173	0.00718	0.00500	0.00469	0.00155	0.00602	0.00446	0.00221	0.00529
7	0.01768	0.01303	0.01396	0.01070	0.01443	0.01443	0.00884	0.79197	0.02187	0.02932	0.01117	0.01117	0.00791	0.00558	0.00465	0.00140	0.00512	0.00419	0.00465	0.00791
8	0.01011	0.01008	0.01423	0.05387	0.01323	0.01405	0.01032	0.01123	0.00724	0.01123	0.00622	0.01029	0.00611	0.00796	0.01472	0.00201	0.78589	0.00407	0.00204	0.00509
9	0.03027	0.04111	0.03973	0.00958	0.01281	0.02184	0.00809	0.52380	0.01776	0.02401	0.01446	0.06886	0.05135	0.00675	0.00470	0.00144	0.00469	0.05371	0.03393	0.03112
10	0.01587	0.11702	0.01424	0.01083	0.01371	0.42920	0.00856	0.16999	0.14631	0.01619	0.00985	0.01032	0.00774	0.00510	0.00423	0.00128	0.00655	0.00355	0.00318	0.00629
11	0.04230	0.01139	0.07464	0.05097	0.18921	0.02444	0.12857	0.07825	0.03413	0.18270	0.01105	0.01219	0.00807	0.00475	0.00493	0.00139	0.03361	0.00422	0.00332	0.09989
12	0.00850	0.03462	0.00773	0.00715	0.00855	0.02289	0.00534	0.03936	0.13831	0.05790	0.13453	0.36759	0.10842	0.01083	0.00540	0.00167	0.00314	0.02867	0.00447	0.00495
13	0.00695	0.00496	0.00639	0.00596	0.00714	0.00464	0.00451	0.00902	0.01281	0.03890	0.69998	0.03457	0.10875	0.00958	0.00569	0.00148	0.02088	0.00834	0.00500	0.00446
14	0.01179	0.01397	0.08320	0.07349	0.03677	0.17901	0.24934	0.01709	0.18852	0.01511	0.05496	0.01451	0.03023	0.00524	0.00488	0.00147	0.00632	0.00488	0.00304	0.00617
15	0.02768	0.29728	0.11207	0.01116	0.04415	0.01298	0.10679	0.11783	0.01200	0.14512	0.01090	0.03694	0.00876	0.00516	0.00423	0.00134	0.00532	0.03052	0.00317	0.00660
16	0.01662	0.00760	0.00935	0.00755	0.01042	0.00724	0.00611	0.08903	0.07593	0.46748	0.01691	0.01593	0.01151	0.00570	0.00430	0.00135	0.00357	0.00459	0.23188	0.00693
17	0.00585	0.00448	0.00536	0.00566	0.00663	0.00400	0.00405	0.00717	0.01068	0.01395	0.24241	0.32707	0.32155	0.01218	0.00565	0.00166	0.00244	0.01067	0.00453	0.00400
18	0.02521	0.30566	0.17226	0.01123	0.02916	0.13126	0.07407	0.10433	0.03266	0.06053	0.00876	0.00971	0.00682	0.00453	0.00400	0.00126	0.00599	0.00341	0.00268	0.00647
19	0.01990	0.00871	0.01134	0.00898	0.02679	0.00805	0.00724	0.14238	0.01460	0.65716	0.03382	0.01543	0.01157	0.00578	0.00469	0.00143	0.00413	0.00467	0.00551	0.00783
20	0.00680	0.00474	0.00623	0.00710	0.00787	0.00460	0.00558	0.00831	0.00981	0.01315	0.02514	0.31744	0.07515	0.05465	0.00683	0.00206	0.00346	0.36560	0.07148	0.00402
21	0.01348	0.01665	0.17853	0.01621	0.20914	0.22994	0.05457	0.09865	0.01226	0.04482	0.00896	0.01061	0.00696	0.00482	0.00502	0.00139	0.04852	0.00379	0.02915	0.00654
22	0.01172	0.00840	0.01000	0.00726	0.01129	0.00662	0.00585	0.04389	0.01070	0.14014	0.00996	0.01067	0.00765	0.00389	0.00369	0.00083	0.00359	0.00311	0.00330	0.69744
23	0.01237	0.54657	0.04753	0.00956	0.04346	0.01611	0.00857	0.04245	0.13699	0.03030	0.00902	0.00977	0.00754	0.00474	0.00426	0.00121	0.05736	0.00324	0.00262	0.00633
24	0.01141	0.13342	0.40808	0.01437	0.12888	0.03903	0.04850	0.06024	0.03041	0.04812	0.00917	0.02005	0.00702	0.00465	0.00449	0.00140	0.01775	0.00375	0.00246	0.00680
25	0.00652	0.00486	0.00608	0.00575	0.00696	0.00448	0.00432	0.00880	0.03015	0.01771	0.66790	0.03595	0.16357	0.00980	0.00547	0.00148	0.00225	0.00857	0.00499	0.00438
26	0.00592	0.00502	0.02980	0.00616	0.00713	0.00423	0.00454	0.00732	0.02375	0.01292	0.10306	0.48979	0.25767	0.01284	0.00570	0.00174	0.00270	0.01135	0.00433	0.00404
27	0.00936	0.00880	0.01454	0.59807	0.15811	0.01065	0.01264	0.01219	0.00933	0.01252	0.00834	0.01219	0.00654	0.00490	0.00557	0.00155	0.08022	0.00414	0.02485	0.00550
28	0.00668	0.00499	0.00681	0.00623	0.00745	0.00460	0.02816	0.00889	0.01301	0.01833	0.75490	0.03442	0.06895	0.00942	0.00549	0.00147	0.00237	0.00837	0.00501	0.00443
29	0.86937	0.00900	0.00684	0.00612	0.00900	0.01044	0.00504	0.01368	0.00792	0.02087	0.00648	0.00756	0.00504	0.00432	0.00288	0.00144	0.00360	0.00252	0.00288	0.00504
30	0.86937	0.00900	0.00684	0.00612	0.00900	0.01044	0.00504	0.01368	0.00792	0.02087	0.00648	0.00756	0.00504	0.00432	0.00288	0.00144	0.00360	0.00252	0.00288	0.00504
31	0.01957	0.00798	0.01046	0.00811	0.01150	0.00717	0.00667	0.07797	0.01363	0.68396	0.01755	0.01563	0.01129	0.00572	0.00455	0.00141	0.00389	0.00461	0.08074	0.00760
32	0.86937	0.00900	0.00684	0.00612	0.00900	0.01044	0.00504	0.01368	0.00792	0.02087	0.00648	0.00756	0.00504	0.00432	0.00288	0.00144	0.00360	0.00252	0.00288	0.00504
33	0.01127	0.01216	0.01119	0.01016	0.01114	0.27265	0.00788	0.01238	0.00914	0.01091	0.00900	0.01392	0.00867	0.10986	0.20748	0.00337	0.26752	0.00426	0.00236	0.00470
34	0.01151	0.01105	0.01888	0.02855	0.80748	0.01105	0.01428	0.01428	0.01059	0.01520	0.00875	0.01151	0.00737	0.00415	0.00461	0.00138	0.00553	0.00415	0.00230	0.00737
35	0.00702	0.00511	0.00622	0.00584	0.00721	0.00472	0.00441	0.00952	0.05283	0.04125	0.56256	0.03565	0.22067	0.00977	0.00543	0.00149	0.00236	0.00847	0.00493	0.00454
36	0.00597	0.00449	0.00559	0.00623	0.00705	0.00411	0.00456	0.00721	0.01005	0.01303	0.10902	0.42613	0.24393	0.01306	0.00584	0.00180	0.00278	0.12079	0.00439	0.00395
37	0.00793	0.00756	0.01412	0.03631	0.01426	0.00731	0.29383	0.01005	0.00971	0.01303	0.01877	0.40532	0.04177	0.01075	0.03388	0.00196	0.02590	0.03933	0.00341	0.00481
38	0.00582	0.00417	0.00553	0.00637	0.00678	0.00388	0.00433	0.00686	0.00961	0.01299	0.15430	0.70162	0.03294	0.01374	0.00586	0.00182	0.00262	0.01243	0.00445	0.00388
39	0.00592	0.00452	0.00549	0.00607	0.00699	0.00409	0.00447	0.00715	0.01009	0.01291	0.09056	0.37792	0.31634	0.01294	0.00581	0.00178	0.00275	0.11588	0.00437	0.00395
40	0.00952	0.07472	0.76343	0.01293	0.01963	0.01128	0.01662	0.01468	0.00980	0.01450	0.00823	0.00968	0.00590	0.00439	0.00433	0.00144	0.00676	0.00338	0.00197	0.00682
41	0.86937	0.00900	0.00684	0.00612	0.00900	0.01044	0.00504	0.01368	0.00792	0.02087	0.00648	0.00756	0.00504	0.00432	0.00288	0.00144	0.00360	0.00252	0.00288	0.00504
42	0.01257	0.06303	0.04231	0.04122	0.57144	0.02204	0.03671	0.04304	0.02162	0.08721	0.00967	0.01168	0.00767	0.00438	0.00453	0.00138	0.00548	0.00411	0.00270	0.00723
43	0.02051	0.00784	0.01068	0.00821	0.01175	0.00677	0.00677	0.02232	0.01331	0.79040	0.03853	0.01632	0.01235	0.00585	0.00470	0.00144	0.00391	0.00477	0.00574	0.00783
44	0.01280	0.16928	0.01598	0.01094	0.01280	0.04154	0.00931	0.21163	0.03064	0.01598	0.00781	0.01003	0.00673	0.00654	0.00960	0.00164	0.41415	0.00379	0.00277	0.00604
45	0.04787	0.00760	0.01001	0.00787	0.01112	0.00675	0.00644	0.02069	0.03036	0.66759	0.08103	0.01774	0.03086	0.00614	0.00467	0.00144	0.00372	0.00502	0.02573	0.00736
46	0.00665	0.00498	0.00748	0.00748	0.00831	0.00582	0.00582	0.00831	0.00748	0.01080	0.01246	0.01828	0.01163	0.03489	0.81807	0.00748	0.01246	0.00498	0.00249	0.00415
47	0.00644	0.00470	0.00605	0.00582	0.00689	0.00431	0.00433	0.00845	0.01265	0.01770	0.69117	0.09892	0.09502	0.01007	0.00552	0.00150	0.00225	0.00889	0.00500	0.00431
48	0.00675	0.00455	0.00529	0.00529	0.00537	0.00463	0.00309	0.00690	0.00683	0.00918	0.01446	0.02934	0.01644	0.76409	0.09544	0.00478	0.00523	0.00660	0.00279	0.00294
49	0.02047	0.00793	0.01075	0.00823	0.01185	0.00681	0.00679	0.02228	0.01318	0.78194	0.01799	0.01561	0.01135	0.00567	0.00463	0.00141	0.00394	0.00461	0.00565	0.03891
50	0.01700	0.01300	0.01369	0.03220	0.01472	0.04172	0.00885	0.68984	0.07689	0.02754	0.01151	0.01155	0.00825	0.00558	0.00464	0.00141	0.00516	0.00422	0.00451	0.00771
51	0.05237	0.03076	0.01112	0.02438	0.11188	0.02217	0.00700	0.01362	0.06790	0.06007	0.01042	0.05315	0.00884	0.00455	0.00388	0.00101	0.00390	0.00377	0.00306	0.50614
52	0.86937	0.00900	0.00684	0.00612	0.00900	0.01044	0.00504	0.01368	0.00792	0.02087	0.00648	0.00756	0.00504	0.00432	0.00288	0.00144	0.00360	0.00252	0.00288	0.00504
53	0.00976	0.00576	0.00594	0.00559	0.00710	0.00608	0.00428	0.03972	0.15788	0.03408	0.01581	0.01711	0.01221	0.00560	0.00360	0.00119	0.00259	0.00451	0.65611	0.00509
54	0.01151	0.01105	0.01888	0.02855	0.80748	0.01105	0.01428	0.01428	0.01059	0.01520	0.00875	0.01151	0.00737	0.00415	0.00461	0.00138	0.00553	0.00415	0.00230	0.00737
55	0.01099	0.01047	0.01780	0.13982	0.67131	0.01076	0.01386	0.01378	0.01042	0.01469	0.00922	0.01304	0.00787	0.00451	0.00467	0.00143	0.00558	0.03049	0.00234	0.00695
56	0.00808	0.00404	0.00606	0.00606	0.00606	0.00404	0.00404	0.00606	0.00606	0.00808	0.00808	0.01414	0.00808	0.01616	0.01818	0.86465	0.00404	0.00404	0.00202	0.00202
57	0.01256	0.81959	0.02411	0.00806	0.01200	0.03770	0.00799	0.01404	0.00954	0.01096	0.00649	0.00749	0.00597	0.00400	0.00301	0.00100	0.00506	0.00250	0.00200	0.00596
58	0.01157	0.00999	0.01052	0.00947	0.01210	0.01157	0.00736	0.02472	0.79908	0.01946	0.01893	0.01736	0.01420	0.00631	0.00473	0.00158	0.00368	0.00526	0.00473	0.00736
59	0.00867	0.00434	0.00434	0.00434	0.00542	0.00434	0.00325	0.01084	0.00976	0.01734	0.01518	0.01734	0.01192	0.00542	0.00325	0.00108	0.00217	0.00434	0.86233	0.00434
60	0.05801	0.00796	0.01062	0.00818	0.01175	0.00700	0.00676	0.02228	0.01308	0.77614	0.01783	0.01547	0.01123	0.00569	0.00460	0.00144	0.00394	0.00458	0.00563	0.00779
61	0.01000	0.00785	0.00912	0.00670	0.01046	0.00609	0.00534	0.01222	0.02019	0.04656	0.00956	0.01083	0.00772	0.00379	0.00349	0.00077	0.00333	0.00304	0.09651	0.72642
62	0.00943	0.02335	0.76343	0.01366	0.02040	0.01086	0.06544	0.01474	0.00989	0.01474	0.00842	0.00999	0.00597	0.00439	0.00449	0.00148	0.00694	0.00357	0.00199	0.00684
63	0.01991	0.00770	0.01049	0.00811	0.01154	0.00667	0.00667	0.02174	0.01331	0.75730	0.07140	0.01711	0.01370	0.00601	0.00473	0.00144	0.00384	0.00493	0.00572	0.00768
64	0.00585	0.00464	0.00526	0.00529	0.00655	0.00405	0.00390	0.00730	0.01118	0.01435	0.27747	0.14146	0.47336	0.01144	0.00555	0.00158	0.00235	0.00982	0.00457	0.00405
65	0.00574	0.00414	0.00545	0.00636	0.00675	0.00384	0.00430	0.00669	0.00935	0.01251	0.09681	0.73308	0.05970	0.01402	0.00588	0.00184	0.00264	0.01267	0.00439	0.00384
66	0.01013	0.01345	0.22109	0.08952	0.03190	0.02462	0.01169	0.05736	0.04607	0.01409	0.04200	0.01353	0.00906	0.00727	0.02563	0.00185	0.33807	0.03435	0.00253	0.00580
67	0.01965	0.00849	0.01131	0.00873	0.01226	0.00778	0.02542	0.08686	0.05416	0.66997	0.01751	0.01547	0.01125	0.00572	0.00467	0.00144	0.00410	0.00468	0.02274	0.00778
68	0.00921	0.02571	0.00855	0.00738	0.00914	0.01746	0.04281	0.01137	0.02466	0.12948	0.36775	0.05783	0.13533	0.00935	0.00558	0.00158	0.01640	0.11077	0.00467	0.00500
69	0.85557	0.00906	0.00695	0.00619	0.00908	0.01050	0.00510	0.02628	0.00814	0.02101	0.00655	0.00762	0.00508	0.00434	0.00291	0.00144	0.00362	0.00255	0.00291	0.00508
70	0.86937	0.00900	0.00684	0.00612	0.00900	0.01044	0.00504	0.01368	0.00792	0.02087	0.00648	0.00756	0.00504	0.00432	0.00288	0.00144	0.00360	0.00252	0.00288	0.00504
71	0.01089	0.01007	0.02947	0.09787	0.40105	0.02042	0.05401	0.01527	0.13323	0.03055	0.05255	0.01477	0.01083	0.00511	0.00477	0.00144	0.01579	0.01493	0.07036	0.00661
72	0.00573	0.00412	0.00545	0.00645	0.00679	0.00383	0.00436	0.00662	0.00914	0.01217	0.05411	0.76974	0.05182	0.01429	0.00592	0.00187	0.00270	0.02674	0.00435	0.00381
73	0.01157	0.00999	0.01052	0.00947	0.01210	0.01157	0.00736	0.02472	0.79908	0.01946	0.01893	0.01736	0.01420	0.00631	0.00473	0.00158	0.00368	0.00526	0.00473	0.00736
74	0.01282	0.77596	0.02351	0.00827	0.01213	0.08038	0.00804	0.01429	0.00974	0.01098	0.00652	0.00753	0.00597	0.00404	0.00308	0.00101	0.00524	0.00253	0.00202	0.00593
75	0.00637	0.00486	0.00594	0.00633	0.00750	0.00446	0.00502	0.00797	0.01083	0.01391	0.16787	0.12316	0.33135	0.02890	0.00621	0.00183	0.00303	0.25597	0.00442	0.00408
76	0.00995	0.00908	0.01187	0.08456	0.01270	0.04822	0.00871	0.02348	0.00852	0.03897	0.03622	0.10260	0.01112	0.05118	0.02838	0.00209	0.47008	0.00536	0.03198	0.00492

[dist]
# distance from previous block
# <min> <max>
0	1

[block]
# block no. 8 follows, 55 sequences, length 10
# corresponding to MSA columns:
# 559-568
name=unknown_I
#
# <colnr> <probs for GDERKNQSTAVLIFYWHMCP>
#	G	D	E	R	K	N	Q	S	T	A	V	L	I	F	Y	W	H	M	C	P
0	0.80580	0.00998	0.00731	0.00656	0.00940	0.07067	0.00533	0.01404	0.00831	0.02016	0.00653	0.00762	0.00511	0.00435	0.00298	0.00142	0.00396	0.00255	0.00284	0.00506
1	0.01479	0.07641	0.08634	0.10588	0.04331	0.43487	0.01014	0.11085	0.03194	0.01436	0.02417	0.01010	0.00724	0.00489	0.00429	0.00129	0.00703	0.00348	0.00267	0.00594
2	0.01192	0.10049	0.05677	0.06081	0.08267	0.01069	0.04285	0.09784	0.02461	0.10156	0.02333	0.03912	0.02316	0.04366	0.00678	0.00152	0.12407	0.00441	0.00311	0.14062
3	0.00635	0.00475	0.00639	0.00655	0.00736	0.00498	0.00486	0.00767	0.00852	0.01156	0.06308	0.14126	0.15122	0.11294	0.41539	0.00491	0.00775	0.02726	0.00328	0.00393
4	0.01205	0.01198	0.06805	0.07372	0.05549	0.11409	0.14825	0.14312	0.01264	0.04952	0.07013	0.06974	0.01187	0.00682	0.03151	0.00163	0.02840	0.00515	0.05248	0.03334
5	0.00665	0.00498	0.00748	0.00748	0.00831	0.00582	0.00582	0.00831	0.00748	0.01080	0.01246	0.01828	0.01163	0.03489	0.81807	0.00748	0.01246	0.00498	0.00249	0.00415
6	0.17971	0.22141	0.03626	0.00993	0.01263	0.21528	0.03263	0.01511	0.00994	0.06135	0.00744	0.00895	0.00619	0.00514	0.00578	0.00138	0.15955	0.00317	0.00251	0.00563
7	0.03683	0.00995	0.01422	0.04392	0.32944	0.00999	0.01004	0.14114	0.01247	0.17890	0.01121	0.01306	0.00863	0.04925	0.00580	0.00152	0.02829	0.00422	0.00346	0.08765
8	0.04083	0.28375	0.11720	0.01151	0.08191	0.15975	0.00968	0.05588	0.16840	0.01481	0.00975	0.01044	0.00779	0.00475	0.00395	0.00128	0.00558	0.00348	0.00280	0.00644
9	0.00879	0.00823	0.10592	0.00777	0.01010	0.00641	0.03262	0.01259	0.10130	0.08539	0.48856	0.02789	0.06924	0.00813	0.00520	0.00148	0.00328	0.00710	0.00462	0.00537

[dist]
# distance from previous block
# <min> <max>
0	3

[block]
# block no. 9 follows, 55 sequences, length 10
# corresponding to MSA columns:
# 573-582
name=unknown_J
#
# <colnr> <probs for GDERKNQSTAVLIFYWHMCP>
#	G	D	E	R	K	N	Q	S	T	A	V	L	I	F	Y	W	H	M	C	P
0	0.00888	0.00813	0.01124	0.03063	0.03700	0.01018	0.00802	0.01011	0.00771	0.01145	0.01053	0.01565	0.04647	0.10484	0.16432	0.00315	0.42357	0.00470	0.00239	0.08103
