[name]
unknown

[dist]
# distance from previous block
# <min> <max>
0	22

[block]
# block no. 0 follows, 48 sequences, length 13
# corresponding to MSA columns:
# 23-35
name=unknown_A
#
# <colnr> <probs for GDERKNQSTAVLIFYWHMCP>
#	G	D	E	R	K	N	Q	S	T	A	V	L	I	F	Y	W	H	M	C	P
0	0.09563	0.01078	0.05448	0.07062	0.14616	0.01036	0.06860	0.09646	0.07886	0.07589	0.13800	0.04042	0.01697	0.00686	0.00525	0.00164	0.00506	0.04392	0.00404	0.03000
1	0.08862	0.01064	0.01456	0.17728	0.18823	0.03409	0.01109	0.05399	0.03595	0.11144	0.01392	0.01584	0.06998	0.00653	0.00703	0.00172	0.14404	0.00497	0.00336	0.00671
2	0.12112	0.00940	0.01066	0.04716	0.06900	0.05770	0.00765	0.06904	0.06294	0.19044	0.09994	0.12882	0.03818	0.00807	0.00517	0.00166	0.00442	0.02693	0.03515	0.00652
3	0.01376	0.03530	0.01467	0.09169	0.18949	0.03492	0.04861	0.10674	0.04093	0.14578	0.03556	0.10779	0.02824	0.05671	0.00655	0.00183	0.00530	0.00626	0.02297	0.00690
4	0.00833	0.00586	0.00753	0.00781	0.00880	0.00595	0.00585	0.05699	0.05065	0.01453	0.04471	0.28826	0.09548	0.01688	0.09193	0.14880	0.00481	0.12814	0.00418	0.00449
5	0.00727	0.00509	0.00643	0.00683	0.00780	0.00468	0.00496	0.00873	0.01150	0.04074	0.21019	0.34774	0.17333	0.05869	0.00745	0.00208	0.00310	0.08396	0.00493	0.00450
6	0.00663	0.00484	0.00622	0.00698	0.00767	0.00450	0.00496	0.00791	0.01085	0.01439	0.14062	0.50074	0.12648	0.04655	0.00725	0.00212	0.00311	0.08907	0.00482	0.00430
7	0.80353	0.00985	0.00782	0.00690	0.01012	0.01126	0.00568	0.01571	0.00911	0.07134	0.00797	0.00891	0.00601	0.00486	0.00330	0.00159	0.00399	0.00293	0.00338	0.00576
8	0.01156	0.01197	0.05080	0.16346	0.38970	0.01182	0.13836	0.01547	0.05102	0.01620	0.03579	0.01522	0.03346	0.00533	0.00562	0.00163	0.02745	0.00519	0.00278	0.00719
9	0.00880	0.00494	0.00547	0.00533	0.00653	0.00480	0.00400	0.01121	0.01200	0.01961	0.27023	0.02546	0.02479	0.00747	0.00440	0.00133	0.00240	0.00627	0.57015	0.00480
10	0.00682	0.00520	0.00643	0.00668	0.00789	0.00482	0.00509	0.00854	0.01189	0.01561	0.24160	0.17765	0.29277	0.01502	0.06922	0.00236	0.00378	0.10928	0.00484	0.00451
11	0.15796	0.01026	0.01109	0.00932	0.05255	0.03998	0.00698	0.03979	0.05056	0.07642	0.01030	0.01130	0.00807	0.00449	0.00401	0.00110	0.00428	0.00344	0.00345	0.49466
12	0.01477	0.01069	0.01158	0.00966	0.01267	0.01161	0.00765	0.30291	0.24909	0.06359	0.01674	0.05811	0.01325	0.03621	0.00573	0.00167	0.00442	0.00558	0.11747	0.04660

[dist]
# distance from previous block
# <min> <max>
0	4

[block]
# block no. 1 follows, 48 sequences, length 25
# corresponding to MSA columns:
# 40-64
name=unknown_B
#
# <colnr> <probs for GDERKNQSTAVLIFYWHMCP>
#	G	D	E	R	K	N	Q	S	T	A	V	L	I	F	Y	W	H	M	C	P
0	0.01405	0.07331	0.01346	0.01313	0.16723	0.00970	0.00863	0.10372	0.04812	0.19559	0.13950	0.10889	0.04002	0.00813	0.00578	0.02808	0.00443	0.00666	0.00460	0.00696
1	0.00943	0.00805	0.01258	0.01741	0.32503	0.00790	0.01001	0.01170	0.01157	0.01585	0.09202	0.20272	0.06038	0.01029	0.00601	0.00186	0.00458	0.18269	0.00393	0.00598
2	0.01246	0.01246	0.04704	0.04037	0.18365	0.04530	0.20425	0.06749	0.07234	0.02770	0.02169	0.03017	0.02506	0.00625	0.00679	0.04478	0.05883	0.00520	0.00312	0.08505
3	0.05721	0.01896	0.01775	0.03087	0.22533	0.44448	0.10021	0.01836	0.01314	0.01466	0.00866	0.01074	0.00711	0.00495	0.00485	0.00144	0.00804	0.00396	0.00263	0.00663
4	0.01924	0.00952	0.01179	0.00950	0.01305	0.00932	0.00769	0.08158	0.20579	0.49476	0.06604	0.01875	0.01530	0.00674	0.00523	0.00162	0.00427	0.00553	0.00593	0.00834
5	0.01715	0.00917	0.01127	0.00905	0.01221	0.00900	0.00731	0.20011	0.04985	0.35105	0.24093	0.02237	0.02227	0.00754	0.00542	0.00159	0.00409	0.00626	0.00580	0.00757
6	0.01225	0.01166	0.01945	0.14768	0.62694	0.01211	0.01506	0.01604	0.05783	0.01649	0.01025	0.01324	0.00839	0.00480	0.00510	0.00157	0.00609	0.00464	0.00266	0.00776
7	0.00692	0.00521	0.00626	0.00601	0.00727	0.00470	0.00442	0.00881	0.01309	0.01769	0.50304	0.04120	0.26412	0.07959	0.00775	0.00193	0.00269	0.00958	0.00517	0.00454
8	0.01276	0.01147	0.01749	0.35064	0.09853	0.05015	0.13332	0.13113	0.01331	0.04580	0.03637	0.01429	0.00920	0.00543	0.00543	0.00164	0.02052	0.00493	0.03092	0.00665
9	0.00734	0.00529	0.00656	0.00621	0.00753	0.00480	0.00463	0.00942	0.01364	0.03416	0.58521	0.04000	0.19898	0.04541	0.00689	0.00178	0.00261	0.00944	0.00537	0.00474
10	0.01266	0.01137	0.01539	0.13136	0.18806	0.02532	0.04922	0.09171	0.23557	0.01902	0.01301	0.01431	0.01005	0.00537	0.00495	0.00149	0.00535	0.00471	0.00363	0.15747
11	0.01034	0.00997	0.01547	0.49069	0.09817	0.03590	0.04517	0.01377	0.04327	0.01410	0.03451	0.04358	0.03376	0.00628	0.00637	0.00174	0.08291	0.00532	0.00272	0.00596
12	0.00787	0.00698	0.05550	0.00864	0.00991	0.00606	0.03892	0.03282	0.01047	0.01414	0.04917	0.34254	0.02582	0.14108	0.07832	0.00305	0.00515	0.15481	0.00412	0.00464
13	0.00945	0.05293	0.30963	0.01287	0.10260	0.00929	0.02911	0.01330	0.01255	0.01800	0.34668	0.02295	0.02495	0.00725	0.00536	0.00159	0.00509	0.00627	0.00373	0.00639
14	0.00658	0.00470	0.00630	0.00724	0.00763	0.00459	0.00497	0.00757	0.00951	0.01277	0.02539	0.61664	0.02982	0.09038	0.10452	0.00310	0.00454	0.04524	0.00437	0.00415
15	0.01456	0.69990	0.02499	0.00946	0.01358	0.14016	0.00895	0.01615	0.01106	0.01215	0.00726	0.00839	0.00659	0.00453	0.00350	0.00113	0.00607	0.00283	0.00226	0.00649
16	0.01211	0.10710	0.22614	0.02711	0.09976	0.02161	0.09650	0.01768	0.14081	0.04081	0.01144	0.01268	0.00876	0.00495	0.00473	0.00143	0.00597	0.00427	0.00306	0.15308
17	0.01311	0.01456	0.01225	0.04676	0.05105	0.35019	0.00883	0.01466	0.01114	0.01236	0.01049	0.01514	0.00964	0.07754	0.26635	0.00395	0.06942	0.00454	0.00266	0.00536
18	0.00658	0.00482	0.00622	0.00726	0.00773	0.00461	0.00491	0.00817	0.04896	0.01354	0.02848	0.75702	0.05139	0.01554	0.00647	0.00206	0.00302	0.01405	0.00479	0.00437
19	0.01069	0.01080	0.01014	0.00998	0.01096	0.19380	0.00751	0.01242	0.04438	0.01328	0.01875	0.34624	0.02086	0.04596	0.00873	0.00207	0.14697	0.07768	0.00377	0.00502
20	0.01047	0.00732	0.01080	0.01333	0.16625	0.00716	0.00917	0.01290	0.01214	0.08888	0.06201	0.04205	0.05155	0.01093	0.00626	0.00201	0.00467	0.43564	0.04069	0.00578
21	0.00801	0.00644	0.00932	0.00891	0.00964	0.00786	0.00698	0.00964	0.00844	0.01230	0.05011	0.02024	0.01383	0.07522	0.58311	0.00671	0.15011	0.00562	0.00282	0.00469
22	0.00734	0.00506	0.00597	0.00597	0.00627	0.00511	0.00370	0.00768	0.00798	0.01060	0.01920	0.03276	0.09381	0.60652	0.13588	0.02612	0.00599	0.00744	0.00320	0.00342
23	0.05380	0.01511	0.01619	0.13726	0.23140	0.26530	0.04399	0.01752	0.05850	0.04240	0.01013	0.01247	0.00813	0.00682	0.04367	0.00185	0.02161	0.00428	0.00287	0.00669
24	0.01162	0.04407	0.18986	0.04624	0.38843	0.01201	0.01437	0.03017	0.02816	0.01583	0.01036	0.05132	0.00902	0.00635	0.00683	0.04482	0.07591	0.00483	0.00262	0.00718

[dist]
# distance from previous block
# <min> <max>
0	2

[block]
# block no. 2 follows, 48 sequences, length 66
# corresponding to MSA columns:
# 67-132
name=unknown_C
#
# <colnr> <probs for GDERKNQSTAVLIFYWHMCP>
#	G	D	E	R	K	N	Q	S	T	A	V	L	I	F	Y	W	H	M	C	P
0	0.01034	0.04862	0.07554	0.03773	0.01299	0.01031	0.04140	0.01679	0.28628	0.01588	0.03820	0.04201	0.01543	0.18883	0.08150	0.00303	0.04621	0.01907	0.00377	0.00607
1	0.00734	0.00527	0.00715	0.00717	0.00810	0.00563	0.00537	0.00904	0.00964	0.01377	0.12622	0.07539	0.08420	0.09538	0.44319	0.00555	0.00890	0.00714	0.07108	0.00446
2	0.00806	0.03867	0.07933	0.00780	0.00900	0.00696	0.00629	0.00927	0.00819	0.01140	0.01395	0.04117	0.01449	0.35044	0.30360	0.04805	0.03011	0.00616	0.00283	0.00423
3	0.01894	0.00788	0.01056	0.00842	0.01164	0.00696	0.00679	0.02117	0.02777	0.58442	0.17133	0.02221	0.02003	0.03561	0.00604	0.00171	0.00396	0.00606	0.02078	0.00769
4	0.01092	0.02537	0.01484	0.01238	0.01331	0.03271	0.06768	0.05005	0.00958	0.01384	0.03685	0.05256	0.01092	0.04374	0.11796	0.00300	0.47053	0.00545	0.00276	0.00557
5	0.05072	0.78705	0.02604	0.00869	0.01303	0.01992	0.00864	0.01535	0.01035	0.01255	0.00713	0.00824	0.00654	0.00441	0.00329	0.00112	0.00542	0.00275	0.00224	0.00654
6	0.01459	0.01102	0.07143	0.00930	0.01389	0.02813	0.03433	0.03512	0.01227	0.23579	0.01236	0.01270	0.00897	0.00472	0.00440	0.00113	0.00460	0.00385	0.00393	0.47747
7	0.02405	0.10886	0.15489	0.01281	0.05218	0.18628	0.07231	0.07514	0.03198	0.03565	0.01419	0.16558	0.02976	0.00736	0.00510	0.00159	0.00637	0.00614	0.00331	0.00646
8	0.04913	0.01389	0.09586	0.04075	0.37161	0.03189	0.20936	0.05350	0.01216	0.01732	0.01065	0.05066	0.00896	0.00520	0.00529	0.00162	0.00673	0.00525	0.00278	0.00739
9	0.01023	0.02711	0.08085	0.09400	0.13295	0.00973	0.20387	0.01367	0.03462	0.03551	0.10752	0.08400	0.12849	0.00751	0.00566	0.00169	0.00565	0.00714	0.00352	0.00628
10	0.01082	0.00569	0.00592	0.00557	0.00712	0.00578	0.00427	0.04624	0.04795	0.05859	0.01692	0.01875	0.01306	0.00605	0.00381	0.00126	0.00271	0.00484	0.72933	0.00531
11	0.01281	0.01295	0.05180	0.02402	0.50668	0.05158	0.01343	0.02984	0.17706	0.01782	0.02983	0.01499	0.02328	0.00543	0.00512	0.00157	0.00574	0.00495	0.00325	0.00787
12	0.01037	0.00951	0.05707	0.04362	0.01260	0.00898	0.00764	0.06495	0.25872	0.01972	0.22943	0.08480	0.04852	0.00838	0.00544	0.00162	0.00390	0.02359	0.00473	0.09643
13	0.85592	0.00992	0.00754	0.00675	0.00992	0.01151	0.00556	0.01508	0.00873	0.02302	0.00714	0.00834	0.00556	0.00476	0.00318	0.00159	0.00397	0.00278	0.00318	0.00556
14	0.01372	0.82276	0.02689	0.00878	0.01317	0.02030	0.00878	0.01536	0.01043	0.01207	0.00713	0.00823	0.00658	0.00439	0.00329	0.00110	0.00549	0.00274	0.00219	0.00658
15	0.00715	0.00544	0.00634	0.00623	0.00756	0.00506	0.00461	0.00909	0.05087	0.01534	0.23735	0.06291	0.37148	0.05418	0.04311	0.07506	0.00345	0.02570	0.00463	0.00443
16	0.00720	0.00524	0.00678	0.00639	0.00763	0.00482	0.00480	0.00957	0.01439	0.02025	0.74971	0.03886	0.08387	0.01061	0.00605	0.00162	0.00243	0.00935	0.00561	0.00482
17	0.00624	0.00449	0.00592	0.00707	0.00742	0.00417	0.00473	0.00715	0.00990	0.01313	0.02919	0.78687	0.06281	0.01596	0.00653	0.00207	0.00296	0.01444	0.00476	0.00417
18	0.00628	0.00494	0.00568	0.00606	0.00721	0.00434	0.00433	0.00757	0.01137	0.01441	0.13406	0.32653	0.42142	0.01380	0.00624	0.00185	0.00271	0.01200	0.00487	0.00434
19	0.01154	0.03554	0.20055	0.16787	0.35424	0.01229	0.11345	0.01546	0.01125	0.01581	0.00948	0.01248	0.00743	0.00471	0.00512	0.00160	0.00689	0.00453	0.00240	0.00736
20	0.01478	0.01596	0.29068	0.01445	0.10923	0.01038	0.05651	0.06495	0.02710	0.23962	0.03639	0.03196	0.01076	0.00571	0.00509	0.00157	0.00592	0.00486	0.00388	0.05022
21	0.00634	0.00453	0.00605	0.00724	0.00758	0.00424	0.00492	0.00730	0.00991	0.01320	0.02823	0.78333	0.03374	0.01599	0.00657	0.00210	0.00305	0.04672	0.00476	0.00419
22	0.01247	0.01114	0.06401	0.00868	0.01323	0.04217	0.00743	0.03559	0.03841	0.09039	0.01062	0.01158	0.00828	0.00435	0.00412	0.00098	0.00441	0.00344	0.00341	0.62528
23	0.01073	0.02070	0.49560	0.03213	0.13638	0.01164	0.11909	0.01589	0.02386	0.01666	0.06040	0.01351	0.00982	0.00516	0.00515	0.00163	0.00710	0.00462	0.00256	0.00737
24	0.01223	0.01119	0.01817	0.19759	0.45091	0.01142	0.03532	0.04814	0.01185	0.03040	0.00979	0.01275	0.00787	0.00469	0.00495	0.00147	0.00598	0.00442	0.00273	0.11811
25	0.00843	0.04343	0.04991	0.21183	0.02810	0.00810	0.00909	0.01052	0.01042	0.01380	0.05027	0.28744	0.04116	0.01114	0.00687	0.02625	0.04294	0.13156	0.00369	0.00503
26	0.01537	0.04772	0.01384	0.05084	0.01536	0.01401	0.00903	0.29314	0.41294	0.04675	0.01659	0.01589	0.01224	0.00645	0.00510	0.00163	0.00484	0.00516	0.00494	0.00817
27	0.01111	0.01042	0.01537	0.16888	0.35598	0.03795	0.01195	0.01508	0.09941	0.01584	0.01514	0.12435	0.04601	0.00687	0.00528	0.00163	0.00543	0.00623	0.00322	0.04382
28	0.01031	0.02728	0.03560	0.04729	0.07705	0.02460	0.04737	0.03287	0.04658	0.03300	0.01593	0.28390	0.01682	0.01072	0.02598	0.00209	0.24539	0.00801	0.00347	0.00574
29	0.00655	0.00524	0.00587	0.00577	0.00731	0.00456	0.00437	0.00827	0.01266	0.01620	0.30044	0.04592	0.50840	0.01218	0.00610	0.00171	0.00261	0.03625	0.00506	0.00452
30	0.01434	0.05007	0.01582	0.01687	0.24384	0.02481	0.02993	0.06001	0.36048	0.10486	0.01592	0.01589	0.01198	0.00593	0.00509	0.00161	0.00504	0.00513	0.00429	0.00808
31	0.01104	0.01095	0.01536	0.01322	0.01327	0.01527	0.01100	0.01220	0.00788	0.01233	0.00707	0.01165	0.00702	0.01038	0.05396	0.00253	0.77250	0.00454	0.00227	0.00556
32	0.01202	0.01715	0.31339	0.09050	0.24834	0.02226	0.07699	0.02933	0.02049	0.06287	0.01049	0.01285	0.00795	0.00659	0.04497	0.00194	0.00723	0.00447	0.00270	0.00744
33	0.00688	0.00497	0.00651	0.00666	0.00757	0.00460	0.00479	0.00875	0.01283	0.01782	0.50523	0.30809	0.06112	0.01248	0.00622	0.00178	0.00262	0.01116	0.00532	0.00460
34	0.01244	0.06388	0.14258	0.01383	0.17220	0.00945	0.01035	0.04859	0.01292	0.15099	0.17472	0.06760	0.06284	0.00821	0.02524	0.00176	0.00504	0.00637	0.00413	0.00685
35	0.01176	0.07435	0.47058	0.03491	0.20695	0.03399	0.02996	0.04926	0.01171	0.01664	0.00930	0.01125	0.00703	0.00483	0.00485	0.00156	0.00705	0.00399	0.00241	0.00760
36	0.00661	0.00522	0.00596	0.00577	0.00727	0.00456	0.00433	0.00842	0.01299	0.01692	0.38615	0.04434	0.44950	0.01185	0.00606	0.00168	0.00252	0.01012	0.00517	0.00456
37	0.00691	0.00521	0.00639	0.00614	0.00746	0.00469	0.00459	0.00899	0.01363	0.01856	0.56657	0.06442	0.24499	0.01133	0.00607	0.00166	0.00248	0.00985	0.00539	0.00469
38	0.00747	0.00529	0.00733	0.00736	0.00794	0.00585	0.00531	0.00854	0.00800	0.01122	0.01458	0.02504	0.01486	0.28554	0.49886	0.04704	0.01031	0.02257	0.00288	0.00400
39	0.01144	0.01094	0.04837	0.03414	0.28572	0.00923	0.01041	0.03299	0.01140	0.01696	0.01025	0.01372	0.00879	0.00470	0.00452	0.00118	0.00493	0.03927	0.00294	0.43811
40	0.00812	0.03666	0.00762	0.00722	0.00827	0.00559	0.00532	0.01002	0.03442	0.04963	0.26729	0.35248	0.03405	0.04703	0.00726	0.02003	0.00322	0.06678	0.02421	0.00476
41	0.85592	0.00992	0.00754	0.00675	0.00992	0.01151	0.00556	0.01508	0.00873	0.02302	0.00714	0.00834	0.00556	0.00476	0.00318	0.00159	0.00397	0.00278	0.00318	0.00556
42	0.01460	0.40218	0.02101	0.08980	0.06090	0.23714	0.03114	0.01650	0.01165	0.02338	0.00826	0.01012	0.00710	0.00625	0.03902	0.00158	0.00715	0.00343	0.00244	0.00636
43	0.00676	0.00520	0.00605	0.00585	0.00720	0.00463	0.00431	0.00852	0.01278	0.01690	0.41211	0.04275	0.36424	0.07118	0.00754	0.00191	0.00269	0.00981	0.00508	0.00449
44	0.00892	0.00776	0.02215	0.00762	0.00977	0.00773	0.00597	0.01549	0.29814	0.01832	0.21269	0.03481	0.31052	0.01001	0.00573	0.00171	0.00319	0.00846	0.00510	0.00592
45	0.01346	0.76538	0.06489	0.00899	0.01347	0.01955	0.00918	0.01534	0.01045	0.01243	0.00744	0.00859	0.00672	0.00445	0.00338	0.00113	0.00553	0.00284	0.02018	0.00660
46	0.01064	0.00912	0.01064	0.00760	0.01216	0.00684	0.00608	0.01292	0.01064	0.01672	0.00912	0.01064	0.00760	0.00380	0.00380	0.00076	0.00380	0.00304	0.00304	0.85104
47	0.00652	0.00501	0.00594	0.00613	0.00727	0.00446	0.00441	0.00804	0.01199	0.01569	0.27653	0.25217	0.33304	0.03090	0.00663	0.00186	0.00270	0.01128	0.00501	0.00442
48	0.01321	0.01124	0.01185	0.01053	0.01351	0.01297	0.00823	0.07662	0.72831	0.02219	0.02032	0.01869	0.01520	0.00691	0.00522	0.00173	0.00417	0.00572	0.00522	0.00816
49	0.78026	0.01068	0.00836	0.00779	0.03132	0.04427	0.00610	0.03175	0.00939	0.02262	0.00736	0.00858	0.00574	0.00481	0.00333	0.00157	0.00428	0.00289	0.00318	0.00571
50	0.01200	0.01151	0.01963	0.13057	0.61085	0.01178	0.04383	0.01529	0.02676	0.01622	0.01117	0.03159	0.02555	0.00512	0.00518	0.00158	0.00611	0.00501	0.00266	0.00760
51	0.01223	0.01139	0.03236	0.21243	0.45552	0.01142	0.02540	0.03750	0.01169	0.03987	0.00987	0.01284	0.00789	0.00473	0.00497	0.00150	0.00603	0.00444	0.00272	0.09521
52	0.00894	0.00616	0.00661	0.00627	0.00761	0.04000	0.00472	0.03269	0.01324	0.01972	0.41176	0.04495	0.04894	0.00863	0.00506	0.00146	0.00282	0.00736	0.31810	0.00495
53	0.01291	0.00787	0.04061	0.04818	0.01178	0.00694	0.00704	0.04667	0.03003	0.25314	0.32255	0.02962	0.06593	0.04402	0.00656	0.00180	0.00386	0.04887	0.00532	0.00630
54	0.47331	0.00862	0.00850	0.00844	0.05990	0.00936	0.00608	0.01451	0.02815	0.07893	0.16882	0.01747	0.01625	0.05451	0.00546	0.00178	0.00384	0.00480	0.02554	0.00571
55	0.21551	0.07244	0.02617	0.01000	0.02504	0.05536	0.02042	0.12576	0.27227	0.02118	0.01472	0.01486	0.04005	0.00717	0.03230	0.00180	0.00509	0.00460	0.00405	0.03121
56	0.01176	0.08312	0.13940	0.09912	0.26475	0.02292	0.06816	0.03267	0.04786	0.02811	0.04869	0.02768	0.03289	0.00595	0.00576	0.00162	0.05108	0.01847	0.00294	0.00704
57	0.00734	0.00534	0.00751	0.00753	0.00820	0.00599	0.00552	0.00868	0.00808	0.01143	0.01469	0.04094	0.01481	0.24167	0.58053	0.00726	0.01122	0.00621	0.00289	0.00419
58	0.00851	0.00876	0.07057	0.39070	0.02214	0.00863	0.01045	0.01169	0.04390	0.01407	0.04863	0.23404	0.08941	0.00908	0.00562	0.00180	0.00517	0.00803	0.00343	0.00537
59	0.01184	0.35040	0.42085	0.01314	0.06030	0.01544	0.01446	0.01577	0.01065	0.01449	0.00833	0.00988	0.00663	0.00475	0.00450	0.00142	0.02436	0.00342	0.00220	0.00716
60	0.01264	0.18928	0.20149	0.01172	0.01609	0.09858	0.06631	0.07820	0.02209	0.01622	0.04951	0.04588	0.01054	0.01901	0.00557	0.00149	0.04609	0.00451	0.00295	0.10182
61	0.00776	0.00702	0.02352	0.00835	0.04797	0.03316	0.02173	0.00941	0.01140	0.01471	0.09992	0.22940	0.31455	0.02962	0.00636	0.00180	0.00357	0.04689	0.00437	0.07851
62	0.03101	0.18917	0.21051	0.01278	0.09486	0.05235	0.01134	0.05472	0.10677	0.05119	0.07717	0.03737	0.01271	0.00597	0.00468	0.00149	0.00559	0.00475	0.02850	0.00706
63	0.01284	0.16236	0.19673	0.18293	0.07514	0.03405	0.02845	0.06745	0.02594	0.07846	0.02760	0.01325	0.00892	0.00529	0.00472	0.00150	0.00618	0.01433	0.01443	0.03942
64	0.01255	0.02676	0.09223	0.06469	0.05086	0.04976	0.04080	0.11769	0.13275	0.07998	0.10304	0.07048	0.07380	0.00862	0.03309	0.00187	0.00536	0.00636	0.02257	0.00675
65	0.01537	0.09738	0.10282	0.04553	0.02609	0.20007	0.00998	0.12992	0.09626	0.09939	0.02741	0.05418	0.03301	0.00636	0.00488	0.00149	0.00612	0.00491	0.00380	0.03505

[dist]
# distance from previous block
# <min> <max>
0	69

# created by:
# /home/cegg/simao/soft/augustus-3.2.1/scripts/msa2prfl.pl ./align_prep/EOG091G0QS6.fa
