[name]
unknown

[dist]
# distance from previous block
# <min> <max>
0	150

[block]
# block no. 0 follows, 46 sequences, length 16
# corresponding to MSA columns:
# 150-165
name=unknown_A
#
# <colnr> <probs for GDERKNQSTAVLIFYWHMCP>
#	G	D	E	R	K	N	Q	S	T	A	V	L	I	F	Y	W	H	M	C	P
0	0.01067	0.00673	0.00887	0.00856	0.01033	0.00631	0.02680	0.04105	0.04478	0.14088	0.02768	0.39232	0.09891	0.01270	0.00629	0.00196	0.00384	0.10407	0.00507	0.04219
1	0.00813	0.00638	0.00834	0.04534	0.01023	0.00685	0.00642	0.05192	0.01100	0.01473	0.04284	0.48883	0.09369	0.04879	0.00867	0.00221	0.09659	0.03975	0.00445	0.00481
2	0.01097	0.02655	0.05577	0.03944	0.03726	0.00850	0.00757	0.09888	0.08823	0.06519	0.23272	0.10336	0.10089	0.06072	0.00707	0.00190	0.00413	0.00791	0.00479	0.03813
3	0.00645	0.00479	0.00594	0.00684	0.00747	0.00437	0.00464	0.00743	0.01045	0.01354	0.03411	0.60815	0.20153	0.04859	0.00746	0.00219	0.00306	0.01386	0.00484	0.00429
4	0.01478	0.16092	0.03477	0.14611	0.17984	0.04281	0.01185	0.18391	0.11855	0.03860	0.01177	0.01318	0.00909	0.00555	0.00492	0.00155	0.00601	0.00450	0.00357	0.00773
5	0.11416	0.20438	0.20201	0.04146	0.03572	0.05834	0.06942	0.05191	0.04311	0.04651	0.00983	0.01119	0.00760	0.00499	0.00447	0.00146	0.00627	0.00384	0.00295	0.08039
6	0.01266	0.19984	0.35828	0.01357	0.01922	0.03566	0.10817	0.06478	0.01229	0.04488	0.01132	0.07533	0.00954	0.00592	0.00497	0.00159	0.00688	0.00494	0.00288	0.00729
7	0.01147	0.01316	0.07817	0.01526	0.01737	0.03947	0.19662	0.01391	0.01013	0.01459	0.05346	0.04822	0.01094	0.00846	0.02333	0.00215	0.42871	0.00567	0.00273	0.00616
8	0.01430	0.04312	0.01913	0.10648	0.50947	0.01216	0.01398	0.05973	0.01295	0.11254	0.01273	0.01484	0.03416	0.00537	0.00521	0.00159	0.00597	0.00493	0.00329	0.00804
9	0.01197	0.01855	0.33894	0.04403	0.12711	0.04154	0.10755	0.07658	0.02290	0.01820	0.06949	0.01462	0.01103	0.00675	0.03440	0.00188	0.00724	0.00488	0.00299	0.03934
10	0.01234	0.01230	0.01681	0.04802	0.01573	0.04515	0.04663	0.05638	0.00963	0.01414	0.00760	0.01179	0.00711	0.00855	0.01514	0.00219	0.65726	0.00467	0.00252	0.00605
11	0.00783	0.00500	0.00662	0.00741	0.00808	0.00461	0.00508	0.00890	0.01071	0.07321	0.05924	0.68384	0.05296	0.03070	0.00699	0.00214	0.00318	0.01382	0.00504	0.00467
12	0.08604	0.01379	0.14494	0.01399	0.12377	0.04800	0.02522	0.14259	0.01364	0.05743	0.04624	0.10930	0.01337	0.00731	0.00605	0.00170	0.06534	0.00587	0.06845	0.00696
13	0.00898	0.00750	0.00829	0.00876	0.05237	0.06671	0.00553	0.00982	0.00951	0.01248	0.05268	0.14784	0.03462	0.41248	0.07107	0.00389	0.03515	0.00801	0.00349	0.04086
14	0.00759	0.00548	0.00695	0.00761	0.00835	0.00530	0.00529	0.06589	0.01177	0.01577	0.09923	0.65510	0.05534	0.01514	0.00657	0.00205	0.00321	0.01361	0.00502	0.00473
15	0.01310	0.01048	0.01232	0.09288	0.01535	0.05548	0.03694	0.07992	0.20985	0.09188	0.04955	0.08719	0.05076	0.03809	0.00671	0.00181	0.03945	0.00645	0.02433	0.07748

[dist]
# distance from previous block
# <min> <max>
1	2

[block]
# block no. 1 follows, 46 sequences, length 19
# corresponding to MSA columns:
# 168-186
name=unknown_B
#
# <colnr> <probs for GDERKNQSTAVLIFYWHMCP>
#	G	D	E	R	K	N	Q	S	T	A	V	L	I	F	Y	W	H	M	C	P
0	0.02943	0.32688	0.03339	0.00956	0.01382	0.06007	0.00850	0.14778	0.03461	0.01837	0.04410	0.01171	0.00963	0.00511	0.00416	0.00119	0.00528	0.00369	0.00332	0.22939
1	0.02901	0.04823	0.03697	0.00966	0.03763	0.00966	0.00769	0.14512	0.06953	0.14831	0.10335	0.03496	0.13188	0.00823	0.00610	0.03965	0.01359	0.00624	0.00470	0.10950
2	0.01569	0.18785	0.15291	0.01272	0.01754	0.02970	0.12189	0.13837	0.03140	0.15981	0.02420	0.01530	0.01039	0.00588	0.00505	0.00157	0.00626	0.03799	0.00386	0.02162
3	0.00907	0.06277	0.00902	0.00711	0.00885	0.00670	0.00556	0.04487	0.01498	0.04979	0.62672	0.03584	0.07831	0.01013	0.00596	0.00163	0.00295	0.00879	0.00553	0.00542
4	0.00779	0.00528	0.00683	0.00692	0.00790	0.00489	0.00495	0.00951	0.01265	0.04810	0.40181	0.28315	0.07201	0.07958	0.00810	0.00212	0.00303	0.02533	0.00528	0.00476
5	0.11759	0.04251	0.01588	0.13690	0.08639	0.02583	0.14106	0.06027	0.01294	0.08995	0.12567	0.02029	0.07752	0.01793	0.00563	0.00171	0.00557	0.00598	0.00384	0.00654
6	0.01215	0.18359	0.57740	0.01355	0.02043	0.01400	0.01665	0.04669	0.01176	0.04373	0.00959	0.01093	0.00703	0.00503	0.00472	0.00156	0.00719	0.00378	0.00251	0.00770
7	0.00747	0.00505	0.00589	0.00608	0.00619	0.00498	0.00358	0.00775	0.00846	0.01135	0.05699	0.16584	0.02342	0.63926	0.02247	0.00445	0.00465	0.00902	0.00362	0.00348
8	0.18906	0.00646	0.00611	0.00576	0.00762	0.00680	0.00447	0.01416	0.03604	0.05704	0.01546	0.01727	0.01195	0.00595	0.00374	0.00136	0.00296	0.00454	0.59783	0.00540
9	0.01277	0.01191	0.01986	0.28071	0.39191	0.01277	0.07842	0.09545	0.01297	0.01773	0.01012	0.01347	0.00798	0.00505	0.00534	0.00165	0.00670	0.00484	0.00282	0.00752
10	0.00754	0.00580	0.00671	0.00696	0.00829	0.00539	0.00512	0.06267	0.01242	0.01587	0.08288	0.33822	0.35033	0.01401	0.00643	0.00194	0.00318	0.05646	0.00499	0.00478
11	0.02224	0.00972	0.01256	0.00977	0.01372	0.00901	0.00806	0.12903	0.03458	0.62579	0.03720	0.01873	0.01382	0.00681	0.00538	0.00165	0.00464	0.02221	0.00628	0.00880
12	0.00731	0.00569	0.00655	0.00675	0.00781	0.02398	0.00487	0.00884	0.01213	0.01594	0.27452	0.22797	0.22124	0.09962	0.00862	0.00222	0.00327	0.05320	0.00496	0.00452
13	0.01236	0.28456	0.39775	0.01412	0.02031	0.04222	0.12713	0.01662	0.01135	0.01523	0.00892	0.01069	0.00693	0.00479	0.00466	0.00150	0.00733	0.00388	0.00233	0.00731
14	0.00871	0.00630	0.00819	0.00763	0.00847	0.00661	0.03882	0.04200	0.03961	0.01316	0.01630	0.05483	0.01696	0.45486	0.20052	0.00514	0.00716	0.00705	0.05337	0.00433
15	0.00656	0.00485	0.00616	0.00707	0.00775	0.00445	0.00493	0.00771	0.01082	0.01414	0.07118	0.59489	0.17245	0.01559	0.00666	0.00207	0.00306	0.05033	0.00495	0.00439
16	0.01133	0.01115	0.01656	0.29910	0.12069	0.06604	0.12040	0.01584	0.11227	0.01542	0.01461	0.07061	0.04045	0.05459	0.00682	0.00194	0.00647	0.00612	0.00318	0.00640
17	0.01534	0.01528	0.01761	0.12910	0.34598	0.21812	0.01315	0.08769	0.01383	0.04986	0.01027	0.01273	0.00821	0.00642	0.03237	0.00179	0.00740	0.00443	0.00304	0.00740
18	0.77224	0.01184	0.08125	0.00772	0.01142	0.01190	0.00703	0.01565	0.00920	0.02306	0.00756	0.00883	0.00582	0.00492	0.00344	0.00164	0.00444	0.00296	0.00317	0.00592

[dist]
# distance from previous block
# <min> <max>
0	3

[block]
# block no. 2 follows, 46 sequences, length 12
# corresponding to MSA columns:
# 195-206
name=unknown_C
#
# <colnr> <probs for GDERKNQSTAVLIFYWHMCP>
#	G	D	E	R	K	N	Q	S	T	A	V	L	I	F	Y	W	H	M	C	P
0	0.01266	0.00960	0.01165	0.00895	0.01287	0.00851	0.04132	0.10191	0.07400	0.09479	0.03627	0.01997	0.13820	0.00647	0.00487	0.00127	0.00421	0.00538	0.00423	0.40288
1	0.01844	0.02195	0.03736	0.01441	0.04766	0.58801	0.05476	0.03453	0.02955	0.05898	0.00974	0.01118	0.00777	0.00675	0.03470	0.00170	0.00902	0.00391	0.00303	0.00654
2	0.01122	0.01212	0.13034	0.01072	0.01481	0.00910	0.08138	0.08524	0.05660	0.03096	0.03519	0.13006	0.04500	0.02549	0.00568	0.00155	0.00503	0.01882	0.00377	0.28693
3	0.01325	0.01272	0.02194	0.06338	0.63119	0.01281	0.09365	0.05471	0.01268	0.01790	0.01014	0.01323	0.00831	0.00479	0.00534	0.00160	0.00656	0.00487	0.00275	0.00817
4	0.01099	0.00705	0.00984	0.08670	0.09117	0.00672	0.00737	0.01295	0.01251	0.16507	0.15830	0.18861	0.18032	0.03020	0.00647	0.00187	0.00393	0.00916	0.00486	0.00591
5	0.00773	0.00550	0.00757	0.00757	0.00855	0.00610	0.00576	0.00950	0.00906	0.01321	0.01814	0.02432	0.07996	0.09383	0.56788	0.00676	0.01102	0.00621	0.10674	0.00460
6	0.01367	0.03110	0.25854	0.04614	0.04063	0.09563	0.11169	0.05738	0.06470	0.09715	0.07836	0.02801	0.01256	0.00619	0.00578	0.00167	0.03472	0.00522	0.00354	0.00731
7	0.18768	0.01047	0.01148	0.01035	0.04765	0.03598	0.00795	0.13164	0.07937	0.20397	0.06717	0.02075	0.07430	0.00747	0.00566	0.00172	0.04085	0.04356	0.00482	0.00717
8	0.01952	0.00798	0.01074	0.00879	0.01205	0.00694	0.00702	0.02132	0.01403	0.59799	0.02430	0.16529	0.06229	0.00878	0.00563	0.00174	0.00413	0.00744	0.00615	0.00787
9	0.02329	0.00969	0.01270	0.00973	0.01384	0.00879	0.00804	0.11334	0.01629	0.69568	0.01989	0.01736	0.01260	0.00652	0.00531	0.00163	0.00465	0.00525	0.00639	0.00900
10	0.01240	0.01452	0.11944	0.19338	0.14649	0.01309	0.29926	0.07838	0.01272	0.01744	0.01018	0.01343	0.00774	0.00506	0.00600	0.00173	0.03355	0.00519	0.00274	0.00725
11	0.01246	0.01338	0.08677	0.09097	0.63377	0.01225	0.01605	0.01587	0.01193	0.01704	0.03272	0.01378	0.00936	0.00496	0.00525	0.00160	0.00636	0.00478	0.00266	0.00803

[dist]
# distance from previous block
# <min> <max>
2	4

[block]
# block no. 3 follows, 46 sequences, length 27
# corresponding to MSA columns:
# 225-232,236-254
name=unknown_D
#
# <colnr> <probs for GDERKNQSTAVLIFYWHMCP>
#	G	D	E	R	K	N	Q	S	T	A	V	L	I	F	Y	W	H	M	C	P
0	0.04491	0.00663	0.00788	0.00721	0.00905	0.00645	0.00558	0.04093	0.06368	0.08346	0.42981	0.03500	0.12494	0.02314	0.00617	0.00174	0.00312	0.03771	0.05698	0.00562
1	0.02460	0.19718	0.25960	0.01191	0.01722	0.02620	0.02844	0.15166	0.10205	0.03283	0.01115	0.01194	0.00847	0.00531	0.00464	0.00146	0.00610	0.00404	0.00335	0.09186
2	0.01370	0.03224	0.01106	0.00855	0.01188	0.00854	0.00681	0.09339	0.08402	0.17617	0.10149	0.05256	0.06923	0.03229	0.03374	0.00177	0.00443	0.00597	0.00472	0.24742
3	0.03717	0.14055	0.34334	0.01511	0.07123	0.03087	0.09855	0.07854	0.08146	0.03832	0.01089	0.01221	0.00816	0.00521	0.00493	0.00159	0.00686	0.00431	0.00300	0.00770
4	0.01191	0.04109	0.01192	0.01061	0.05900	0.00966	0.04001	0.06267	0.23037	0.07633	0.23094	0.02730	0.08687	0.00839	0.00560	0.00168	0.00404	0.02908	0.04570	0.00681
5	0.00714	0.00536	0.00661	0.00636	0.00770	0.00483	0.00475	0.00929	0.01406	0.01921	0.57183	0.07263	0.22747	0.01166	0.00626	0.00171	0.00256	0.01017	0.00556	0.00483
6	0.01281	0.01433	0.06083	0.14576	0.11817	0.04251	0.44533	0.06231	0.01292	0.01728	0.01037	0.01368	0.00786	0.00480	0.00580	0.00172	0.00808	0.00551	0.00276	0.00719
7	0.04382	0.05264	0.01923	0.06391	0.04279	0.22951	0.18695	0.01668	0.03423	0.01465	0.00975	0.04329	0.00854	0.00654	0.00823	0.00177	0.20341	0.00498	0.00275	0.00634
8	0.22471	0.00952	0.01045	0.00855	0.01187	0.00969	0.00695	0.15136	0.01473	0.30291	0.05922	0.04389	0.05040	0.00697	0.00483	0.00162	0.00424	0.00542	0.06536	0.00730
9	0.00727	0.00540	0.00680	0.00659	0.00790	0.00492	0.00498	0.00950	0.01413	0.01942	0.58512	0.06993	0.17953	0.01166	0.00631	0.00174	0.00266	0.04568	0.00558	0.00486
10	0.02860	0.02339	0.62502	0.01430	0.02081	0.01174	0.03698	0.01575	0.01087	0.01636	0.01057	0.01416	0.00830	0.00822	0.06484	0.00225	0.03984	0.03826	0.00244	0.00730
11	0.58715	0.00983	0.00921	0.00774	0.01127	0.01055	0.00638	0.01881	0.01096	0.26683	0.01167	0.01159	0.00808	0.00543	0.00392	0.00164	0.00422	0.00365	0.00432	0.00677
12	0.00656	0.00474	0.00623	0.00739	0.00784	0.00441	0.00508	0.00759	0.01036	0.01368	0.03050	0.72001	0.07838	0.01626	0.00675	0.00214	0.00315	0.05967	0.00491	0.00434
13	0.00959	0.00694	0.00846	0.00822	0.01003	0.00685	0.00668	0.07950	0.05994	0.04459	0.25771	0.04381	0.17930	0.01176	0.00641	0.00193	0.00375	0.24370	0.00529	0.00554
14	0.01348	0.01151	0.01364	0.01299	0.08039	0.12004	0.04367	0.07827	0.01190	0.09366	0.01235	0.01672	0.01067	0.08189	0.20404	0.00369	0.15144	0.00514	0.02830	0.00622
15	0.00657	0.00469	0.00606	0.00710	0.00744	0.00439	0.00468	0.00741	0.00994	0.01317	0.02883	0.69286	0.06541	0.10382	0.00893	0.00246	0.00328	0.01406	0.00472	0.00418
16	0.00674	0.00486	0.00619	0.00704	0.00751	0.00461	0.00475	0.00765	0.00991	0.01307	0.02882	0.54929	0.10531	0.14396	0.04800	0.00290	0.00395	0.03671	0.00454	0.00418
17	0.00998	0.00819	0.00923	0.00906	0.03932	0.00850	0.00664	0.07145	0.25144	0.01931	0.14561	0.08982	0.26645	0.01046	0.00593	0.00179	0.00359	0.03183	0.00513	0.00625
18	0.01155	0.11290	0.49377	0.01365	0.01969	0.03507	0.05633	0.06733	0.01212	0.01693	0.01176	0.10327	0.01020	0.00637	0.00511	0.00166	0.00699	0.00524	0.00279	0.00729
19	0.13052	0.01045	0.01159	0.00931	0.01269	0.01086	0.00755	0.29024	0.01706	0.24922	0.04737	0.03806	0.01295	0.02747	0.00548	0.00168	0.00459	0.00524	0.10000	0.00765
20	0.01585	0.00972	0.01091	0.00907	0.01199	0.01022	0.00721	0.21909	0.16648	0.17966	0.06410	0.01928	0.01519	0.03858	0.00586	0.00170	0.00422	0.00556	0.19784	0.00746
21	0.01283	0.01227	0.04982	0.09186	0.58903	0.01191	0.01490	0.01654	0.04359	0.03835	0.01111	0.01391	0.00897	0.00501	0.00514	0.00158	0.00603	0.00476	0.05445	0.00795
22	0.06235	0.00953	0.01257	0.07416	0.03811	0.05751	0.06552	0.03396	0.01072	0.03809	0.01595	0.22993	0.01649	0.03485	0.05585	0.00243	0.16689	0.02966	0.03985	0.00558
23	0.03850	0.06245	0.01554	0.01609	0.18254	0.17383	0.03829	0.03528	0.01277	0.04336	0.04639	0.03513	0.01550	0.00818	0.00653	0.00180	0.06870	0.18913	0.00355	0.00645
24	0.04465	0.00647	0.00759	0.00748	0.00908	0.00621	0.00551	0.05725	0.04738	0.09591	0.08849	0.37087	0.20727	0.01279	0.00614	0.00190	0.00334	0.01114	0.00512	0.00541
25	0.01792	0.04972	0.03881	0.01277	0.05106	0.06884	0.01018	0.51419	0.09079	0.02774	0.01322	0.03933	0.01014	0.00645	0.00519	0.00157	0.00586	0.00497	0.00472	0.02655
26	0.05338	0.12324	0.39842	0.01372	0.06977	0.01286	0.02140	0.08940	0.01271	0.06467	0.02119	0.03075	0.04191	0.00581	0.00488	0.00159	0.00642	0.00457	0.00310	0.02021

[dist]
# distance from previous block
# <min> <max>
6	11

[block]
# block no. 4 follows, 46 sequences, length 6
# corresponding to MSA columns:
# 266-271
name=unknown_E
#
# <colnr> <probs for GDERKNQSTAVLIFYWHMCP>
#	G	D	E	R	K	N	Q	S	T	A	V	L	I	F	Y	W	H	M	C	P
0	0.01084	0.08208	0.06670	0.00867	0.01131	0.00913	0.00726	0.07287	0.12154	0.05435	0.11664	0.18219	0.08639	0.07726	0.00733	0.00196	0.00422	0.00806	0.00449	0.06672
1	0.00903	0.03630	0.13107	0.00875	0.01125	0.00701	0.00772	0.01178	0.04842	0.05712	0.05711	0.40989	0.08996	0.01175	0.00592	0.00183	0.00405	0.01032	0.00440	0.07633
2	0.44565	0.04421	0.07728	0.00991	0.01368	0.04095	0.07300	0.04209	0.07600	0.07616	0.01066	0.01232	0.00826	0.04347	0.00525	0.00180	0.00523	0.00400	0.00355	0.00653
3	0.00731	0.00513	0.00622	0.00660	0.00698	0.00504	0.00432	0.00796	0.00903	0.01193	0.02348	0.22509	0.08850	0.43852	0.07416	0.00417	0.00505	0.06286	0.00386	0.00381
4	0.08660	0.04257	0.01528	0.03409	0.08394	0.08025	0.02983	0.31435	0.07688	0.02392	0.01140	0.01229	0.00868	0.00550	0.00479	0.00144	0.00568	0.00426	0.00403	0.15421
5	0.01258	0.18098	0.39493	0.01330	0.01911	0.09128	0.06408	0.04079	0.03091	0.01642	0.04573	0.01226	0.00921	0.00525	0.00478	0.00150	0.00706	0.00411	0.00270	0.04303

[dist]
# distance from previous block
# <min> <max>
0	1

[block]
# block no. 5 follows, 46 sequences, length 23
# corresponding to MSA columns:
# 273-295
name=unknown_F
#
# <colnr> <probs for GDERKNQSTAVLIFYWHMCP>
#	G	D	E	R	K	N	Q	S	T	A	V	L	I	F	Y	W	H	M	C	P
0	0.00971	0.00925	0.01622	0.01377	0.04747	0.00940	0.24439	0.01289	0.04872	0.01644	0.15502	0.19041	0.06027	0.01099	0.04626	0.00222	0.08811	0.00868	0.00393	0.00586
1	0.01215	0.01489	0.12689	0.03789	0.03429	0.13561	0.20840	0.03643	0.05407	0.01738	0.12758	0.02025	0.04870	0.00776	0.03158	0.00188	0.00692	0.02449	0.04634	0.00649
2	0.01281	0.14145	0.21745	0.09802	0.15039	0.02915	0.08916	0.06064	0.01263	0.05493	0.05154	0.01475	0.03308	0.00558	0.00508	0.00158	0.00657	0.00482	0.00303	0.00732
3	0.00781	0.04889	0.07379	0.00783	0.00987	0.00660	0.02225	0.01807	0.03315	0.01589	0.16430	0.25875	0.27326	0.01228	0.00613	0.00184	0.00359	0.02589	0.00468	0.00513
4	0.00646	0.00476	0.00605	0.00699	0.00759	0.00435	0.00476	0.00752	0.01067	0.01399	0.06823	0.64829	0.15945	0.01577	0.00664	0.00206	0.00298	0.01413	0.00495	0.00435
5	0.01130	0.00931	0.04991	0.04879	0.03404	0.02519	0.03292	0.09916	0.06425	0.07415	0.10442	0.19345	0.05712	0.01280	0.06791	0.04776	0.02178	0.03533	0.00441	0.00601
6	0.05572	0.01477	0.13806	0.02014	0.17165	0.01226	0.33078	0.05292	0.01264	0.05977	0.03237	0.01441	0.00951	0.00666	0.04281	0.00201	0.00766	0.00536	0.00306	0.00742
7	0.00823	0.00692	0.04578	0.00773	0.00864	0.00640	0.00573	0.04844	0.01040	0.01425	0.09939	0.28680	0.02551	0.29737	0.06439	0.00351	0.04229	0.00969	0.00404	0.00450
8	0.00781	0.00601	0.00857	0.00836	0.00920	0.00695	0.00642	0.00950	0.00908	0.01298	0.08344	0.02408	0.04190	0.10792	0.56682	0.00689	0.06992	0.00631	0.00316	0.00467
9	0.01100	0.03651	0.04356	0.01043	0.05292	0.04109	0.02366	0.11302	0.13230	0.01925	0.17171	0.16976	0.09291	0.04947	0.00683	0.00191	0.00440	0.00838	0.00467	0.00623
10	0.03674	0.13190	0.24308	0.01296	0.06672	0.01344	0.01223	0.21104	0.04531	0.02103	0.06821	0.05369	0.01336	0.00677	0.00511	0.00163	0.00588	0.03970	0.00373	0.00746
11	0.05409	0.01645	0.07042	0.07425	0.26752	0.23219	0.01279	0.05362	0.01294	0.01659	0.04957	0.01303	0.00967	0.00586	0.00629	0.00162	0.08877	0.00445	0.00290	0.00699
12	0.04797	0.01382	0.10165	0.28635	0.21546	0.05082	0.06830	0.06734	0.01211	0.01677	0.00955	0.01281	0.00747	0.00539	0.00604	0.00171	0.06217	0.00458	0.00269	0.00702
13	0.03213	0.08511	0.01750	0.01709	0.21510	0.09751	0.05978	0.09857	0.10026	0.06626	0.01335	0.03238	0.02735	0.00622	0.00600	0.00161	0.06806	0.00503	0.04329	0.00741
14	0.08094	0.04709	0.36920	0.05065	0.01767	0.01105	0.02524	0.05081	0.05862	0.03760	0.05437	0.05961	0.04491	0.06200	0.00660	0.00193	0.00606	0.00552	0.00330	0.00682
15	0.00689	0.00550	0.00621	0.00632	0.00774	0.00496	0.00463	0.00905	0.04927	0.01598	0.20221	0.20886	0.42699	0.01321	0.00631	0.00184	0.00279	0.01139	0.00513	0.00473
16	0.01279	0.04015	0.12627	0.32088	0.08796	0.04518	0.06530	0.08116	0.03554	0.06882	0.01235	0.03299	0.02517	0.00581	0.00526	0.00168	0.00667	0.00504	0.01401	0.00696
17	0.07212	0.09540	0.10310	0.09264	0.07516	0.06135	0.10300	0.14597	0.06043	0.07319	0.04385	0.01390	0.01022	0.00571	0.00528	0.00161	0.02134	0.00474	0.00360	0.00739
18	0.01175	0.00875	0.03802	0.00842	0.01091	0.00825	0.00689	0.11501	0.07895	0.12421	0.14755	0.07725	0.27983	0.01023	0.00648	0.00176	0.04591	0.00842	0.00513	0.00629
19	0.04230	0.00497	0.00616	0.00707	0.00773	0.00467	0.00484	0.00787	0.01055	0.01443	0.07052	0.64810	0.12070	0.01540	0.00652	0.00206	0.00304	0.01378	0.00489	0.00441
20	0.11927	0.01248	0.04530	0.09509	0.12519	0.05242	0.01042	0.20838	0.06268	0.10426	0.01360	0.05222	0.01086	0.00721	0.02286	0.00181	0.00579	0.02089	0.02181	0.00745
21	0.08538	0.03439	0.20345	0.04338	0.07154	0.03599	0.10346	0.11429	0.01274	0.04382	0.03066	0.04480	0.00982	0.00687	0.00726	0.04165	0.09539	0.00501	0.00318	0.00694
22	0.00943	0.00668	0.00903	0.04798	0.03896	0.00647	0.03133	0.05110	0.01239	0.06897	0.09581	0.27248	0.17055	0.03608	0.00679	0.00199	0.00390	0.07907	0.04564	0.00534

[dist]
# distance from previous block
# <min> <max>
0	3

[block]
# block no. 6 follows, 46 sequences, length 39
# corresponding to MSA columns:
# 299-321,324-339
name=unknown_G
#
# <colnr> <probs for GDERKNQSTAVLIFYWHMCP>
#	G	D	E	R	K	N	Q	S	T	A	V	L	I	F	Y	W	H	M	C	P
0	0.01444	0.18925	0.04512	0.09678	0.10807	0.07176	0.04395	0.12199	0.07386	0.04716	0.02318	0.01277	0.00912	0.00572	0.00582	0.00154	0.07273	0.00437	0.00331	0.04906
1	0.00986	0.07182	0.10496	0.00903	0.01150	0.00757	0.04038	0.01195	0.01107	0.08235	0.05675	0.35543	0.04408	0.04798	0.02267	0.00206	0.00453	0.00946	0.04597	0.05058
2	0.01051	0.00795	0.00985	0.04247	0.01207	0.00671	0.00636	0.02145	0.01109	0.06433	0.03972	0.09395	0.07692	0.01024	0.07470	0.04386	0.00482	0.00567	0.00367	0.45366
3	0.02858	0.07971	0.03649	0.08212	0.01741	0.01516	0.06188	0.20970	0.06246	0.03660	0.01051	0.01293	0.00846	0.00812	0.03682	0.00208	0.27575	0.00472	0.00343	0.00705
4	0.00781	0.00599	0.00855	0.00846	0.00914	0.00700	0.00640	0.00929	0.00849	0.01213	0.01522	0.09124	0.01544	0.14321	0.55256	0.00695	0.07785	0.00668	0.00302	0.00456
5	0.01279	0.02838	0.03100	0.10156	0.09742	0.03751	0.11318	0.08483	0.02806	0.03943	0.07705	0.01515	0.01157	0.00716	0.00970	0.00188	0.28821	0.00527	0.00318	0.00669
6	0.05805	0.26668	0.01792	0.01111	0.01419	0.35074	0.00909	0.07939	0.01328	0.01478	0.00891	0.01160	0.00797	0.07284	0.00671	0.00168	0.04221	0.00372	0.00284	0.00629
7	0.00681	0.00479	0.00620	0.00714	0.00764	0.00449	0.00489	0.00795	0.01059	0.01437	0.09130	0.62212	0.05899	0.05308	0.00753	0.00221	0.00314	0.04078	0.04164	0.00436
8	0.01068	0.07813	0.53513	0.08044	0.03779	0.01226	0.06265	0.01571	0.01118	0.01600	0.01118	0.05015	0.00925	0.00595	0.00520	0.00171	0.00728	0.03956	0.00253	0.00725
9	0.00905	0.00468	0.00702	0.00702	0.00710	0.00476	0.00476	0.00710	0.00702	0.00944	0.00960	0.01646	0.00952	0.02014	0.08511	0.77631	0.00539	0.00468	0.00234	0.00250
10	0.01080	0.01071	0.01578	0.73578	0.03474	0.07691	0.01431	0.01414	0.01094	0.01346	0.00929	0.01371	0.00703	0.00530	0.00524	0.00173	0.00725	0.00459	0.00238	0.00589
11	0.00713	0.00509	0.00638	0.00717	0.00760	0.00493	0.00483	0.00836	0.03205	0.01311	0.02637	0.49276	0.05592	0.22724	0.01207	0.00294	0.00378	0.07363	0.00447	0.00418
12	0.01210	0.29672	0.42938	0.01199	0.01787	0.01447	0.01409	0.01603	0.01089	0.04544	0.00980	0.01247	0.00803	0.07241	0.00630	0.00177	0.00671	0.00391	0.00250	0.00712
13	0.04089	0.00653	0.00829	0.00730	0.00936	0.00601	0.00567	0.01408	0.02975	0.20057	0.50644	0.03376	0.09082	0.00971	0.00590	0.00167	0.00307	0.00837	0.00583	0.00599
14	0.01166	0.01381	0.09458	0.11593	0.10650	0.03185	0.39499	0.01567	0.02501	0.01613	0.04167	0.01650	0.01054	0.07251	0.00757	0.00201	0.00766	0.00585	0.00280	0.00676
15	0.00704	0.00530	0.00655	0.00691	0.00791	0.00494	0.00492	0.00916	0.04589	0.01649	0.27291	0.38830	0.17664	0.01372	0.00643	0.00191	0.00286	0.01216	0.00522	0.00473
16	0.11128	0.00954	0.01205	0.00934	0.01336	0.00882	0.00772	0.07760	0.01518	0.65024	0.01884	0.01662	0.01201	0.00636	0.00510	0.00163	0.00455	0.00502	0.00611	0.00865
17	0.01852	0.01401	0.01526	0.05121	0.01698	0.01566	0.01002	0.61287	0.13931	0.03060	0.01389	0.01385	0.01000	0.00642	0.00530	0.00163	0.00563	0.00494	0.00516	0.00874
18	0.01024	0.00977	0.01682	0.72973	0.07115	0.01186	0.04879	0.01379	0.01073	0.01384	0.00948	0.01405	0.00715	0.00522	0.00533	0.00175	0.00710	0.00477	0.00238	0.00605
19	0.01959	0.01364	0.01400	0.01114	0.01490	0.08559	0.00904	0.43353	0.07993	0.18608	0.01497	0.01452	0.01051	0.00636	0.00515	0.00157	0.00554	0.00486	0.06068	0.00841
20	0.00752	0.00561	0.00738	0.00871	0.04468	0.00538	0.00579	0.04248	0.01112	0.01472	0.02920	0.60685	0.09496	0.03304	0.00706	0.00215	0.00347	0.06038	0.00478	0.00473
21	0.01048	0.01012	0.03073	0.35513	0.06156	0.04608	0.05891	0.04815	0.01146	0.01501	0.03023	0.16270	0.01422	0.00946	0.04093	0.00214	0.05658	0.02705	0.00317	0.00588
22	0.04646	0.08952	0.05804	0.06536	0.09049	0.01466	0.29067	0.07889	0.01208	0.01709	0.00941	0.01252	0.00758	0.00576	0.00793	0.00179	0.17703	0.00498	0.00276	0.00698
23	0.01185	0.01455	0.09760	0.04367	0.02466	0.01327	0.53071	0.01582	0.01156	0.01606	0.01073	0.04543	0.00879	0.00572	0.00774	0.00186	0.12439	0.00609	0.00266	0.00685
24	0.00941	0.00642	0.00781	0.02884	0.00966	0.00609	0.00574	0.03665	0.05192	0.08528	0.32982	0.07193	0.24129	0.01102	0.00608	0.00176	0.00320	0.05338	0.02824	0.00548
25	0.01260	0.08403	0.08664	0.05633	0.22066	0.05767	0.06827	0.01763	0.13967	0.04956	0.07759	0.01893	0.07474	0.00646	0.00529	0.00162	0.00577	0.00566	0.00362	0.00727
26	0.01062	0.00904	0.01056	0.00768	0.01210	0.00685	0.00612	0.01294	0.01122	0.01735	0.05287	0.01384	0.03565	0.00461	0.00412	0.00086	0.00380	0.00375	0.00334	0.77268
27	0.01163	0.00793	0.01069	0.06334	0.04641	0.00798	0.03289	0.05092	0.11077	0.13349	0.15287	0.16946	0.08684	0.03212	0.00656	0.00192	0.00421	0.05868	0.00499	0.00627
28	0.00692	0.00533	0.00637	0.00637	0.00772	0.00479	0.00476	0.00876	0.01302	0.01719	0.36207	0.12598	0.33858	0.01332	0.02642	0.00197	0.00301	0.03749	0.00525	0.00469
29	0.01282	0.00953	0.01118	0.01057	0.03926	0.01038	0.02272	0.03115	0.43978	0.09486	0.04455	0.11704	0.01895	0.00840	0.00551	0.00178	0.00410	0.03482	0.07519	0.00740
30	0.00745	0.00533	0.00709	0.00814	0.00888	0.00515	0.00626	0.00896	0.01088	0.01424	0.02873	0.37529	0.06947	0.08966	0.00883	0.00253	0.00402	0.32991	0.00473	0.00445
31	0.01337	0.13070	0.02158	0.09766	0.46008	0.08508	0.06593	0.01621	0.01197	0.01571	0.00984	0.03035	0.00845	0.00506	0.00503	0.00153	0.00667	0.00465	0.00261	0.00752
32	0.00666	0.00473	0.00603	0.00698	0.00729	0.00446	0.00455	0.00743	0.00975	0.01293	0.02789	0.63334	0.06464	0.16454	0.01047	0.00268	0.00343	0.01350	0.00459	0.00410
33	0.03696	0.01241	0.05086	0.01404	0.06625	0.05461	0.07340	0.10079	0.03622	0.01736	0.08199	0.01635	0.02946	0.01052	0.07897	0.00249	0.30224	0.00537	0.00328	0.00644
34	0.00779	0.00599	0.00729	0.00800	0.00889	0.00609	0.00559	0.01157	0.16442	0.01526	0.02820	0.63160	0.04970	0.01458	0.00646	0.00207	0.00328	0.01310	0.00500	0.00512
35	0.02338	0.09635	0.19657	0.01716	0.20083	0.05315	0.02626	0.09497	0.04710	0.01778	0.01350	0.01656	0.05551	0.00647	0.00620	0.00168	0.07636	0.03967	0.00313	0.00735
36	0.01426	0.13639	0.04121	0.06845	0.05599	0.09988	0.10477	0.09878	0.26895	0.01902	0.01399	0.01540	0.01095	0.00600	0.00513	0.00162	0.00619	0.02168	0.00381	0.00752
37	0.16996	0.05237	0.17912	0.02084	0.02611	0.12844	0.03234	0.08610	0.02778	0.01904	0.01033	0.02754	0.00826	0.00583	0.01536	0.00155	0.00613	0.00401	0.05767	0.12121
38	0.24005	0.09480	0.07175	0.01196	0.09961	0.09145	0.00917	0.05032	0.03944	0.04193	0.02689	0.03537	0.00954	0.00569	0.00470	0.00149	0.02978	0.00417	0.05157	0.08033

[dist]
# distance from previous block
# <min> <max>
0	42

[block]
# block no. 7 follows, 46 sequences, length 24
# corresponding to MSA columns:
# 382-405
name=unknown_H
#
# <colnr> <probs for GDERKNQSTAVLIFYWHMCP>
#	G	D	E	R	K	N	Q	S	T	A	V	L	I	F	Y	W	H	M	C	P
0	0.01413	0.09863	0.07435	0.04046	0.08795	0.03798	0.01072	0.12821	0.14586	0.07237	0.07710	0.01575	0.01301	0.00680	0.00710	0.00169	0.13689	0.00505	0.00392	0.02202
1	0.00946	0.00853	0.02266	0.05485	0.06710	0.02843	0.06437	0.02043	0.03687	0.01653	0.22720	0.08657	0.10435	0.09734	0.00952	0.00215	0.09732	0.00792	0.03295	0.00545
2	0.00734	0.00528	0.00670	0.00715	0.00801	0.00502	0.00516	0.00931	0.03402	0.01633	0.25618	0.35367	0.08205	0.07067	0.00791	0.00218	0.00320	0.08129	0.03391	0.00463
3	0.00716	0.00487	0.00640	0.00728	0.00788	0.00449	0.00497	0.00827	0.01078	0.04332	0.08728	0.68140	0.07495	0.01557	0.00663	0.00207	0.00306	0.01404	0.00504	0.00453
4	0.01217	0.01638	0.15355	0.02111	0.02686	0.01319	0.64181	0.01690	0.01226	0.01690	0.01050	0.01376	0.00781	0.00455	0.00604	0.00176	0.00873	0.00586	0.00260	0.00724
5	0.01397	0.01017	0.01100	0.00969	0.01260	0.01124	0.00760	0.05954	0.51743	0.11200	0.02222	0.02084	0.05560	0.00727	0.00522	0.00170	0.00402	0.00599	0.10406	0.00786
6	0.01539	0.64445	0.02502	0.00990	0.01418	0.11486	0.00928	0.08739	0.01260	0.01448	0.00796	0.00901	0.00700	0.00481	0.00374	0.00120	0.00614	0.00308	0.00261	0.00691
7	0.01032	0.00838	0.00978	0.00745	0.01133	0.00647	0.00586	0.01245	0.01141	0.04206	0.05340	0.05626	0.12275	0.00630	0.00454	0.00106	0.00365	0.00523	0.00371	0.61758
8	0.01492	0.08671	0.01292	0.04012	0.01342	0.05056	0.00784	0.09801	0.16492	0.17923	0.18355	0.02065	0.01990	0.00712	0.00519	0.00155	0.00451	0.00583	0.02681	0.05623
9	0.04417	0.01990	0.01391	0.01248	0.01537	0.48979	0.00958	0.09198	0.18605	0.01737	0.01233	0.01399	0.00998	0.00625	0.00500	0.00153	0.00763	0.03219	0.00366	0.00684
10	0.00644	0.00460	0.00613	0.00736	0.00767	0.00429	0.00491	0.00736	0.01012	0.01350	0.02914	0.81076	0.03497	0.01656	0.00675	0.00215	0.00307	0.01503	0.00491	0.00429
11	0.00794	0.00651	0.00975	0.08389	0.01263	0.00636	0.07281	0.02197	0.01208	0.01599	0.17298	0.29909	0.14813	0.01244	0.00643	0.00195	0.00404	0.09538	0.00465	0.00499
12	0.01178	0.01179	0.01645	0.01548	0.08658	0.03253	0.01184	0.01315	0.00863	0.01315	0.00745	0.01192	0.00725	0.00959	0.03768	0.00240	0.68932	0.00464	0.00237	0.00601
13	0.00692	0.00513	0.00657	0.00753	0.00838	0.00478	0.00562	0.00831	0.01105	0.01425	0.03405	0.46048	0.19220	0.01540	0.00678	0.00214	0.00344	0.19760	0.00490	0.00447
14	0.01073	0.00877	0.00993	0.08371	0.01340	0.00949	0.00734	0.01891	0.37603	0.05090	0.08574	0.03025	0.25486	0.00917	0.00570	0.00177	0.00388	0.00770	0.00503	0.00670
15	0.04042	0.09130	0.06716	0.05644	0.15193	0.08783	0.30772	0.04741	0.02370	0.04328	0.01028	0.01279	0.00796	0.00497	0.00560	0.00163	0.02446	0.00494	0.00288	0.00728
16	0.01145	0.01238	0.16271	0.02972	0.04565	0.00951	0.08188	0.06949	0.09726	0.06242	0.23733	0.02327	0.04603	0.00742	0.00550	0.00165	0.00494	0.00651	0.07813	0.00676
17	0.00712	0.00538	0.00757	0.00950	0.07564	0.00509	0.00591	0.00839	0.01075	0.01456	0.09851	0.66754	0.03404	0.01498	0.00657	0.00205	0.00330	0.01360	0.00479	0.00472
18	0.01163	0.05432	0.66686	0.01483	0.02213	0.01299	0.04274	0.08232	0.01239	0.01805	0.00973	0.01130	0.00695	0.00510	0.00503	0.00165	0.00760	0.00402	0.00252	0.00786
19	0.04706	0.11830	0.20865	0.03605	0.05349	0.06530	0.21541	0.01847	0.06750	0.09177	0.01148	0.01301	0.00852	0.00514	0.00511	0.00161	0.00706	0.00468	0.01398	0.00740
20	0.02193	0.00886	0.01227	0.07880	0.01520	0.00800	0.00821	0.02412	0.01456	0.68492	0.01970	0.01772	0.01258	0.00642	0.00525	0.00163	0.00464	0.00525	0.04140	0.00855
21	0.00711	0.07604	0.00799	0.00741	0.00816	0.00576	0.00523	0.00812	0.01027	0.01344	0.02841	0.70340	0.06861	0.01535	0.00643	0.00204	0.00328	0.01377	0.00468	0.00452
22	0.06348	0.03717	0.04999	0.02565	0.06801	0.05243	0.11677	0.01602	0.01191	0.19132	0.01726	0.13528	0.02977	0.07943	0.02683	0.00219	0.00579	0.03738	0.00408	0.02922
23	0.01122	0.03642	0.51443	0.01348	0.01948	0.01125	0.04705	0.06162	0.01259	0.03958	0.07946	0.01877	0.01325	0.00655	0.00536	0.00172	0.00676	0.07494	0.01878	0.00729

[dist]
# distance from previous block
# <min> <max>
0	10

[block]
# block no. 8 follows, 46 sequences, length 7
# corresponding to MSA columns:
# 416-422
name=unknown_I
#
# <colnr> <probs for GDERKNQSTAVLIFYWHMCP>
#	G	D	E	R	K	N	Q	S	T	A	V	L	I	F	Y	W	H	M	C	P
0	0.15525	0.00914	0.00983	0.00887	0.01135	0.03790	0.00720	0.14591	0.01478	0.11384	0.17153	0.06992	0.05594	0.00948	0.00564	0.00182	0.00437	0.15599	0.00499	0.00626
1	0.01302	0.01272	0.01768	0.16502	0.41574	0.10402	0.01384	0.05270	0.01265	0.01656	0.01169	0.01766	0.01031	0.00718	0.03309	0.00191	0.00692	0.07714	0.00294	0.00722
2	0.18837	0.01288	0.01258	0.01057	0.01398	0.05238	0.00851	0.32758	0.22411	0.02617	0.01472	0.03896	0.01157	0.00678	0.00498	0.00168	0.00509	0.02659	0.00475	0.00775
3	0.01309	0.01366	0.01927	0.12926	0.03920	0.13196	0.25146	0.04906	0.12130	0.01671	0.01191	0.01461	0.00938	0.00876	0.08295	0.00233	0.03029	0.00520	0.00316	0.04645
4	0.01248	0.01051	0.01507	0.11379	0.01636	0.01385	0.01112	0.01410	0.00928	0.10407	0.00948	0.01339	0.00819	0.01087	0.07693	0.00266	0.54411	0.00480	0.00286	0.00609
5	0.01176	0.00796	0.00914	0.00803	0.00991	0.00854	0.00633	0.14072	0.05215	0.06120	0.13392	0.02591	0.10785	0.04496	0.00730	0.00178	0.08198	0.02522	0.24938	0.00597
6	0.01194	0.01050	0.05193	0.59588	0.10600	0.01138	0.01424	0.01537	0.01128	0.10522	0.01081	0.01432	0.00787	0.00537	0.00527	0.00172	0.00671	0.00474	0.00287	0.00658

[dist]
# distance from previous block
# <min> <max>
0	2

[block]
# block no. 9 follows, 46 sequences, length 6
# corresponding to MSA columns:
# 425-430
name=unknown_J
#
# <colnr> <probs for GDERKNQSTAVLIFYWHMCP>
#	G	D	E	R	K	N	Q	S	T	A	V	L	I	F	Y	W	H	M	C	P
0	0.01216	0.01420	0.08202	0.30565	0.14123	0.18378	0.01271	0.01506	0.01213	0.01484	0.07102	0.08675	0.01304	0.00666	0.00535	0.00166	0.00683	0.00566	0.00297	0.00627
1	0.00699	0.00528	0.00614	0.00623	0.00751	0.00491	0.00458	0.00854	0.01140	0.01506	0.13978	0.12920	0.37940	0.05730	0.12571	0.00295	0.00453	0.00990	0.07008	0.00453
2	0.01090	0.00936	0.01453	0.01231	0.04451	0.00930	0.17970	0.11686	0.06230	0.02004	0.25957	0.06796	0.05758	0.07151	0.00769	0.00202	0.00502	0.03812	0.00454	0.00618
3	0.01291	0.04350	0.01742	0.41913	0.21669	0.01247	0.01377	0.06528	0.01220	0.08550	0.01060	0.01376	0.00804	0.00547	0.00572	0.00169	0.04117	0.00468	0.00299	0.00702
4	0.07619	0.01223	0.01208	0.03120	0.01381	0.14132	0.00832	0.10543	0.09646	0.17805	0.01638	0.04035	0.04215	0.00993	0.07424	0.00223	0.04420	0.03059	0.00437	0.06048
5	0.00764	0.00622	0.00734	0.00738	0.00859	0.00628	0.00559	0.00983	0.05953	0.01469	0.07619	0.16908	0.34577	0.08716	0.00927	0.00227	0.07305	0.09478	0.00460	0.00476

[dist]
# distance from previous block
# <min> <max>
0	186

# created by:
# /home/cegg/simao/soft/augustus-3.2.1/scripts/msa2prfl.pl ./align_prep/EOG091G0UUT.fa
