[name]
unknown

[dist]
# distance from previous block
# <min> <max>
0	339

[block]
# block no. 0 follows, 37 sequences, length 9
# corresponding to MSA columns:
# 340-348
name=unknown_A
#
# <colnr> <probs for GDERKNQSTAVLIFYWHMCP>
#	G	D	E	R	K	N	Q	S	T	A	V	L	I	F	Y	W	H	M	C	P
0	0.01260	0.01005	0.02917	0.01135	0.01356	0.01003	0.00903	0.03870	0.21223	0.03754	0.08345	0.15041	0.05496	0.04733	0.07069	0.00328	0.00617	0.18607	0.00593	0.00745
1	0.01508	0.00854	0.01022	0.03584	0.01195	0.00804	0.00658	0.01680	0.03908	0.18269	0.02222	0.03123	0.04538	0.32988	0.03779	0.00386	0.00582	0.00764	0.11872	0.06263
2	0.70090	0.01178	0.00966	0.00875	0.01225	0.01315	0.00698	0.01777	0.01207	0.02786	0.11212	0.01646	0.01481	0.00735	0.00475	0.00209	0.00485	0.00477	0.00456	0.00706
3	0.00975	0.00629	0.00804	0.00870	0.00899	0.00596	0.00562	0.00931	0.01078	0.01449	0.02516	0.40378	0.02911	0.19512	0.01771	0.21432	0.00494	0.01248	0.00478	0.00467
4	0.01374	0.14452	0.52659	0.01564	0.02280	0.01503	0.01854	0.01828	0.01281	0.01834	0.01162	0.01472	0.00921	0.00859	0.00850	0.11638	0.00844	0.00479	0.00298	0.00848
5	0.00890	0.00648	0.00798	0.00834	0.00936	0.00615	0.00575	0.05024	0.01323	0.01782	0.12621	0.45956	0.08358	0.12360	0.01073	0.00277	0.00398	0.01388	0.00550	0.03593
6	0.00921	0.00686	0.00835	0.00867	0.00977	0.00683	0.00608	0.03447	0.09364	0.01894	0.17813	0.41165	0.06848	0.09752	0.00992	0.00265	0.00389	0.01346	0.00576	0.00571
7	0.01017	0.00795	0.01142	0.01031	0.01142	0.00870	0.06115	0.04349	0.01070	0.01485	0.01727	0.05606	0.01791	0.34265	0.29144	0.00653	0.06128	0.00784	0.00362	0.00524
8	0.01703	0.01528	0.05077	0.08866	0.20549	0.08639	0.03404	0.06279	0.02999	0.11905	0.01314	0.01572	0.01021	0.00730	0.00902	0.00201	0.17401	0.00544	0.04527	0.00840

[dist]
# distance from previous block
# <min> <max>
1	27

[block]
# block no. 1 follows, 37 sequences, length 34
# corresponding to MSA columns:
# 376-396,398-404,408-413
name=unknown_B
#
# <colnr> <probs for GDERKNQSTAVLIFYWHMCP>
#	G	D	E	R	K	N	Q	S	T	A	V	L	I	F	Y	W	H	M	C	P
0	0.03751	0.04980	0.08132	0.04792	0.16806	0.08765	0.01330	0.23976	0.01853	0.05212	0.01241	0.01394	0.00947	0.00611	0.00563	0.00166	0.00705	0.00484	0.00422	0.13871
1	0.03602	0.14809	0.12043	0.01687	0.04892	0.01578	0.19859	0.13568	0.01646	0.15126	0.01415	0.01608	0.01052	0.03585	0.00691	0.00199	0.00762	0.00564	0.00427	0.00887
2	0.00804	0.00641	0.00734	0.00726	0.00911	0.00552	0.00538	0.00992	0.01424	0.01847	0.20684	0.17778	0.40002	0.01472	0.00717	0.00204	0.00329	0.02802	0.00578	0.06265
3	0.03573	0.01392	0.01776	0.04283	0.22050	0.05543	0.03453	0.12319	0.18955	0.05030	0.06434	0.07256	0.01716	0.00810	0.00661	0.00196	0.02492	0.00696	0.00484	0.00881
4	0.01576	0.01299	0.01749	0.13772	0.24621	0.03130	0.01311	0.17775	0.07230	0.02417	0.01477	0.01735	0.01150	0.00760	0.02571	0.00201	0.00663	0.00562	0.15149	0.00851
5	0.01730	0.01527	0.04251	0.04071	0.35785	0.08144	0.01426	0.06659	0.01537	0.11310	0.01298	0.01494	0.01005	0.00577	0.00572	0.00164	0.00686	0.00502	0.00392	0.16872
6	0.03467	0.07418	0.30386	0.01864	0.02517	0.04520	0.25107	0.04392	0.01408	0.05862	0.01210	0.01467	0.00903	0.00738	0.03492	0.00224	0.03304	0.00550	0.00323	0.00848
7	0.01637	0.78856	0.03208	0.01047	0.01571	0.02422	0.01047	0.01833	0.01244	0.01440	0.00851	0.00982	0.00786	0.00524	0.00393	0.00131	0.00655	0.00327	0.00262	0.00786
8	0.04715	0.03215	0.01085	0.00873	0.01174	0.00807	0.00696	0.03755	0.01615	0.29205	0.21101	0.05172	0.12070	0.00997	0.00622	0.00186	0.00407	0.00832	0.10713	0.00760
9	0.00799	0.00566	0.00721	0.00815	0.00896	0.00516	0.00560	0.00929	0.01263	0.03393	0.09024	0.59382	0.15312	0.01783	0.00764	0.00236	0.00347	0.01595	0.00581	0.00519
10	0.00813	0.00621	0.00746	0.00721	0.00883	0.00554	0.00538	0.01049	0.01597	0.02147	0.48308	0.07538	0.29507	0.01378	0.00725	0.00199	0.00298	0.01193	0.00634	0.00554
11	0.01487	0.00747	0.00870	0.00798	0.01022	0.00728	0.00612	0.01875	0.08300	0.19007	0.04460	0.12405	0.02040	0.00911	0.00546	0.00175	0.00368	0.00764	0.42178	0.00708
12	0.03870	0.00637	0.00741	0.00733	0.00794	0.00631	0.00462	0.01054	0.01040	0.05337	0.06384	0.11907	0.04640	0.53477	0.05366	0.00501	0.00576	0.00963	0.00435	0.00454
13	0.00908	0.00662	0.00818	0.00826	0.00967	0.00630	0.00601	0.01238	0.07563	0.03826	0.33681	0.29317	0.13705	0.01468	0.00731	0.00215	0.00336	0.01298	0.00622	0.00587
14	0.01339	0.01339	0.01875	0.01607	0.01607	0.01875	0.01339	0.01473	0.00937	0.01473	0.00804	0.01339	0.00804	0.01071	0.02009	0.00268	0.77367	0.00536	0.00268	0.00670
15	0.01018	0.00543	0.00760	0.00771	0.00782	0.00540	0.00506	0.00848	0.00866	0.01185	0.01415	0.08135	0.01487	0.12788	0.02263	0.59911	0.00513	0.00679	0.04674	0.00315
16	0.01141	0.01705	0.26423	0.01239	0.01635	0.06388	0.01257	0.01563	0.03870	0.01845	0.11510	0.09058	0.03660	0.07532	0.07368	0.00303	0.03465	0.05651	0.03696	0.00688
17	0.00822	0.00582	0.00744	0.00834	0.00921	0.00537	0.00591	0.00965	0.01275	0.03237	0.09560	0.50622	0.14523	0.04503	0.00854	0.00252	0.00374	0.07712	0.00574	0.00520
18	0.00851	0.00677	0.00771	0.00750	0.00932	0.00628	0.00560	0.01193	0.07863	0.02038	0.32129	0.10130	0.36446	0.01397	0.00718	0.00204	0.00320	0.01199	0.00614	0.00579
19	0.01630	0.04697	0.02254	0.10533	0.35261	0.08338	0.06999	0.09197	0.11003	0.02143	0.01328	0.01575	0.01051	0.00613	0.00605	0.00185	0.00754	0.00556	0.00373	0.00904
20	0.01824	0.02073	0.08234	0.06956	0.03597	0.31484	0.01281	0.08518	0.01535	0.05312	0.01131	0.01473	0.00944	0.04507	0.02409	0.02393	0.14746	0.00496	0.00349	0.00739
21	0.72899	0.08737	0.03012	0.00852	0.01258	0.01476	0.00741	0.01806	0.01068	0.02600	0.00858	0.01001	0.00678	0.00564	0.00385	0.00184	0.00502	0.00334	0.00364	0.00681
22	0.00878	0.00606	0.00752	0.00759	0.00789	0.00633	0.00483	0.00941	0.00929	0.01268	0.01931	0.07558	0.02143	0.55287	0.21846	0.00676	0.00851	0.00875	0.00370	0.00423
23	0.01327	0.01227	0.02029	0.25546	0.33290	0.01324	0.05342	0.03585	0.04024	0.01825	0.01297	0.01870	0.01106	0.08027	0.05388	0.00277	0.00803	0.00599	0.00322	0.00794
24	0.04752	0.00669	0.00698	0.00655	0.00841	0.00671	0.00503	0.03964	0.01389	0.06865	0.07035	0.02348	0.01804	0.00748	0.00464	0.00152	0.00321	0.00600	0.64900	0.00620
25	0.00801	0.00595	0.00749	0.00801	0.00910	0.00551	0.00580	0.00978	0.01364	0.01815	0.22372	0.33098	0.18805	0.04638	0.03722	0.00269	0.00402	0.06448	0.00579	0.00524
26	0.74256	0.01190	0.00987	0.00871	0.01227	0.01392	0.00719	0.01818	0.01060	0.05219	0.00904	0.01057	0.00703	0.00610	0.00502	0.00195	0.05874	0.00356	0.00384	0.00677
27	0.03214	0.01059	0.01102	0.01074	0.03485	0.07281	0.00784	0.07738	0.10412	0.03380	0.08475	0.15256	0.19684	0.04398	0.06740	0.00283	0.03467	0.00982	0.00519	0.00667
28	0.68480	0.07112	0.01215	0.01049	0.06394	0.01475	0.00793	0.03976	0.01138	0.02629	0.00892	0.01045	0.00705	0.00568	0.00403	0.00184	0.00511	0.00353	0.00372	0.00705
29	0.04604	0.49205	0.25735	0.01359	0.04649	0.02031	0.01445	0.01867	0.01257	0.01668	0.00940	0.01100	0.00785	0.00544	0.00460	0.00155	0.00729	0.00375	0.00267	0.00825
30	0.07365	0.07252	0.24290	0.01681	0.02299	0.04572	0.17784	0.16733	0.01693	0.05879	0.03825	0.01517	0.01072	0.00628	0.00599	0.00188	0.00806	0.00547	0.00394	0.00877
31	0.01575	0.01205	0.01797	0.04506	0.22606	0.01140	0.06162	0.05076	0.05925	0.12147	0.06638	0.01830	0.01429	0.00714	0.00684	0.04556	0.00598	0.00572	0.00437	0.20401
32	0.11810	0.01207	0.01330	0.10802	0.03208	0.04039	0.00964	0.10613	0.16963	0.03752	0.08720	0.02310	0.05895	0.00800	0.00582	0.00184	0.00543	0.02796	0.02165	0.11318
33	0.03594	0.08213	0.08051	0.01168	0.01545	0.08736	0.03645	0.10358	0.07184	0.03831	0.03927	0.14173	0.06168	0.06127	0.00769	0.00209	0.00611	0.00770	0.00453	0.10468

[dist]
# distance from previous block
# <min> <max>
1	4

[block]
# block no. 2 follows, 37 sequences, length 14
# corresponding to MSA columns:
# 424-437
name=unknown_C
#
# <colnr> <probs for GDERKNQSTAVLIFYWHMCP>
#	G	D	E	R	K	N	Q	S	T	A	V	L	I	F	Y	W	H	M	C	P
0	0.01418	0.19847	0.36629	0.01504	0.02168	0.01616	0.07247	0.09624	0.01518	0.02097	0.09407	0.01642	0.01387	0.00656	0.00569	0.00179	0.00762	0.00530	0.00349	0.00849
1	0.01527	0.05544	0.06403	0.05927	0.30906	0.05339	0.03025	0.10309	0.09794	0.02218	0.07235	0.02030	0.05634	0.00720	0.00612	0.00186	0.00673	0.00628	0.00414	0.00877
2	0.40341	0.01397	0.04108	0.02155	0.32321	0.01435	0.03251	0.04693	0.01284	0.02428	0.01022	0.01261	0.00819	0.00564	0.00500	0.00187	0.00618	0.00445	0.00350	0.00820
3	0.05593	0.01532	0.01645	0.01371	0.03519	0.01711	0.01083	0.44868	0.23803	0.03333	0.03989	0.01788	0.01415	0.00767	0.00608	0.00191	0.00598	0.00600	0.00599	0.00987
4	0.01191	0.02878	0.65820	0.01675	0.02506	0.01345	0.04803	0.01844	0.01308	0.01914	0.01564	0.01721	0.07421	0.00666	0.00600	0.00195	0.00856	0.00538	0.00288	0.00867
5	0.01222	0.00835	0.01007	0.00990	0.01165	0.00842	0.00731	0.15613	0.03432	0.06794	0.03024	0.50000	0.06323	0.01551	0.00732	0.00230	0.00439	0.03821	0.00591	0.00658
6	0.00759	0.00538	0.00706	0.00836	0.00868	0.00506	0.00550	0.00856	0.01147	0.01529	0.03244	0.71408	0.03884	0.08821	0.00992	0.00280	0.00377	0.01664	0.00550	0.00486
7	0.01330	0.01124	0.01302	0.00936	0.01476	0.00878	0.00751	0.05628	0.01362	0.02102	0.01110	0.01281	0.00914	0.00470	0.00462	0.00096	0.00466	0.00373	0.00377	0.77562
8	0.01996	0.03539	0.13860	0.05135	0.03939	0.03113	0.01248	0.17577	0.08102	0.24592	0.01690	0.01666	0.01174	0.00677	0.00586	0.00179	0.00645	0.00538	0.00532	0.09210
9	0.48388	0.06510	0.05711	0.01069	0.02785	0.05325	0.00908	0.04915	0.09761	0.06158	0.01223	0.01376	0.00950	0.00640	0.00465	0.00188	0.00562	0.01884	0.00420	0.00762
10	0.01063	0.00532	0.00797	0.00797	0.00797	0.00532	0.00532	0.00797	0.00797	0.01063	0.01063	0.01861	0.01063	0.02127	0.02392	0.82190	0.00532	0.00532	0.00266	0.00266
11	0.02176	0.02596	0.04524	0.01546	0.01896	0.54917	0.01221	0.13529	0.04454	0.01926	0.01083	0.01224	0.00868	0.00676	0.00641	0.00171	0.04967	0.00439	0.00369	0.00777
12	0.01814	0.15410	0.07975	0.03719	0.09574	0.03715	0.10706	0.14846	0.12719	0.11245	0.01515	0.01592	0.01124	0.00648	0.00585	0.00182	0.00709	0.00551	0.00452	0.00919
13	0.04186	0.02115	0.13056	0.05742	0.07814	0.24265	0.01352	0.16449	0.05414	0.06961	0.01360	0.04124	0.01070	0.00694	0.00585	0.00180	0.00811	0.00530	0.00419	0.02874

[dist]
# distance from previous block
# <min> <max>
0	3

[block]
# block no. 3 follows, 37 sequences, length 8
# corresponding to MSA columns:
# 443-450
name=unknown_D
#
# <colnr> <probs for GDERKNQSTAVLIFYWHMCP>
#	G	D	E	R	K	N	Q	S	T	A	V	L	I	F	Y	W	H	M	C	P
0	0.00856	0.00638	0.00945	0.00965	0.01064	0.00727	0.00737	0.01059	0.01011	0.01441	0.01887	0.13181	0.01889	0.04210	0.65343	0.00879	0.01457	0.00810	0.00362	0.00540
1	0.02006	0.06001	0.04945	0.01276	0.01690	0.04561	0.01082	0.24017	0.15327	0.18836	0.06979	0.01919	0.01586	0.00795	0.00704	0.00192	0.05966	0.00607	0.00578	0.00934
2	0.00756	0.00566	0.00706	0.00811	0.00898	0.00516	0.00570	0.00887	0.01244	0.01604	0.04084	0.55007	0.21917	0.01809	0.00771	0.00240	0.00357	0.06182	0.00568	0.00507
3	0.01207	0.01165	0.02026	0.53580	0.13906	0.01334	0.08923	0.01602	0.01283	0.01673	0.01470	0.01915	0.05995	0.00658	0.00630	0.00201	0.00790	0.00615	0.00301	0.00725
4	0.00874	0.00656	0.00984	0.00984	0.01093	0.00765	0.00765	0.01093	0.00984	0.01421	0.01640	0.02405	0.01530	0.04591	0.76062	0.00984	0.01640	0.00656	0.00328	0.00547
5	0.01244	0.01218	0.07990	0.11516	0.15811	0.01078	0.06331	0.06226	0.01552	0.04723	0.21297	0.08241	0.08310	0.00943	0.00667	0.00198	0.00588	0.00848	0.00472	0.00748
6	0.01477	0.01292	0.06658	0.03835	0.08970	0.01243	0.02811	0.20275	0.04230	0.04130	0.01758	0.13851	0.01601	0.01386	0.10502	0.00296	0.04024	0.00746	0.05210	0.05705
7	0.12041	0.14117	0.07275	0.07443	0.16157	0.09949	0.08658	0.09629	0.05414	0.02140	0.01150	0.01361	0.00908	0.00595	0.00549	0.00179	0.00756	0.00487	0.00354	0.00839

[dist]
# distance from previous block
# <min> <max>
2	5

[block]
# block no. 4 follows, 37 sequences, length 21
# corresponding to MSA columns:
# 460-479,481
name=unknown_E
#
# <colnr> <probs for GDERKNQSTAVLIFYWHMCP>
#	G	D	E	R	K	N	Q	S	T	A	V	L	I	F	Y	W	H	M	C	P
0	0.01329	0.02807	0.04118	0.06270	0.07919	0.13578	0.06323	0.03380	0.04912	0.04137	0.05221	0.32686	0.02431	0.01174	0.00678	0.00210	0.00635	0.01043	0.00462	0.00687
1	0.00886	0.00674	0.00934	0.00952	0.01014	0.00760	0.00700	0.01030	0.01024	0.01433	0.02124	0.23335	0.02318	0.16262	0.34559	0.00636	0.07873	0.02570	0.00401	0.00514
2	0.00871	0.00736	0.00782	0.00839	0.00950	0.05835	0.00591	0.01024	0.01360	0.01737	0.16496	0.44114	0.19145	0.01630	0.00742	0.00223	0.00386	0.01437	0.00569	0.00531
3	0.00792	0.00562	0.00739	0.00850	0.00900	0.00532	0.00585	0.00918	0.01210	0.01621	0.09112	0.57912	0.03954	0.09922	0.01028	0.00283	0.00393	0.07635	0.00556	0.00496
4	0.01388	0.01332	0.02275	0.12516	0.50557	0.01384	0.06030	0.01735	0.01341	0.01881	0.01402	0.05606	0.02803	0.00697	0.00705	0.00197	0.04775	0.02186	0.00323	0.00865
5	0.23117	0.00976	0.01128	0.00937	0.01306	0.00942	0.00756	0.02241	0.01504	0.39697	0.09616	0.07015	0.04099	0.00856	0.00573	0.00193	0.00461	0.00683	0.03069	0.00831
6	0.00968	0.00766	0.00894	0.02636	0.01094	0.00759	0.00646	0.03779	0.11712	0.02163	0.33036	0.06555	0.25918	0.03026	0.03114	0.00234	0.00399	0.01073	0.00602	0.00624
7	0.01380	0.01376	0.04280	0.06668	0.27303	0.06152	0.04320	0.03303	0.12954	0.02039	0.06464	0.04659	0.08553	0.00820	0.00635	0.00191	0.00640	0.03191	0.00426	0.04644
8	0.01376	0.00930	0.01095	0.00954	0.01219	0.00931	0.00755	0.16359	0.05569	0.09421	0.34644	0.03815	0.12571	0.01125	0.00684	0.00197	0.00419	0.04732	0.02474	0.00729
9	0.11693	0.40603	0.25485	0.01269	0.01882	0.06593	0.01389	0.01900	0.01265	0.01764	0.00935	0.01089	0.00767	0.00554	0.00460	0.00160	0.00739	0.00371	0.00279	0.00803
10	0.23270	0.17385	0.07262	0.01200	0.01643	0.10015	0.01074	0.14109	0.03125	0.08990	0.01161	0.01257	0.00888	0.00651	0.00587	0.00179	0.05544	0.00431	0.00412	0.00817
11	0.07820	0.19743	0.06603	0.01330	0.04250	0.03966	0.01130	0.19980	0.21780	0.05197	0.01548	0.01549	0.01174	0.00681	0.00543	0.00178	0.00625	0.00513	0.00479	0.00912
12	0.00854	0.00597	0.00763	0.00859	0.00956	0.00554	0.00625	0.01000	0.01260	0.03973	0.03764	0.47211	0.16376	0.05012	0.00875	0.00260	0.00399	0.13573	0.00565	0.00524
13	0.00921	0.00675	0.00809	0.00813	0.00970	0.00637	0.00613	0.01084	0.01355	0.06318	0.09490	0.24217	0.37861	0.01553	0.00820	0.00224	0.05251	0.05260	0.00568	0.00561
14	0.00799	0.00589	0.00712	0.00745	0.00843	0.00540	0.00513	0.00948	0.01327	0.01762	0.23194	0.28656	0.20156	0.15022	0.01160	0.00284	0.00368	0.01317	0.00563	0.00502
15	0.02128	0.02633	0.01729	0.01560	0.01840	0.62722	0.01187	0.02383	0.06173	0.01562	0.01027	0.01206	0.00858	0.00695	0.00726	0.00174	0.09918	0.00429	0.00329	0.00721
16	0.00873	0.00589	0.00754	0.00793	0.00866	0.00555	0.00536	0.01013	0.01291	0.03911	0.24046	0.37272	0.04072	0.19042	0.01288	0.00308	0.00394	0.01327	0.00560	0.00508
17	0.00967	0.00642	0.00855	0.00942	0.01066	0.00605	0.00733	0.01161	0.01351	0.06404	0.07999	0.36051	0.10207	0.01686	0.00785	0.00250	0.00434	0.26716	0.00585	0.00563
18	0.01375	0.10677	0.11691	0.32167	0.11410	0.09145	0.01568	0.01747	0.01313	0.01681	0.01212	0.01790	0.01018	0.00677	0.00626	0.00192	0.03096	0.04946	0.02919	0.00748
19	0.01312	0.05929	0.01313	0.03799	0.04457	0.01087	0.00847	0.11797	0.08226	0.04529	0.14646	0.12628	0.10352	0.01111	0.02135	0.00204	0.02529	0.00870	0.04959	0.07269
20	0.14331	0.12693	0.09764	0.01739	0.16332	0.01552	0.03870	0.11178	0.03053	0.07964	0.03166	0.01478	0.01077	0.00640	0.00602	0.00180	0.04147	0.00496	0.02431	0.03307

[dist]
# distance from previous block
# <min> <max>
0	1

[block]
# block no. 5 follows, 37 sequences, length 11
# corresponding to MSA columns:
# 483-492,500
name=unknown_F
#
# <colnr> <probs for GDERKNQSTAVLIFYWHMCP>
#	G	D	E	R	K	N	Q	S	T	A	V	L	I	F	Y	W	H	M	C	P
0	0.03750	0.05220	0.19654	0.10655	0.02235	0.10781	0.11111	0.01676	0.01343	0.01786	0.06317	0.16038	0.01748	0.00897	0.00694	0.00203	0.04034	0.00773	0.00364	0.00721
1	0.05127	0.01500	0.06672	0.07397	0.14112	0.04841	0.08357	0.14573	0.10144	0.08768	0.01587	0.03276	0.01211	0.00686	0.00594	0.00187	0.00674	0.00592	0.08830	0.00872
2	0.00998	0.00681	0.00856	0.00802	0.00978	0.00633	0.00604	0.01328	0.05178	0.07096	0.53941	0.08732	0.13283	0.01272	0.00714	0.00198	0.00320	0.01113	0.00658	0.00615
3	0.04486	0.01538	0.04912	0.01288	0.01723	0.01596	0.01086	0.45669	0.08095	0.09700	0.04155	0.01797	0.01349	0.03673	0.00735	0.00203	0.02795	0.00589	0.03661	0.00948
4	0.01764	0.23870	0.01960	0.01232	0.01601	0.22261	0.01026	0.14120	0.05904	0.02016	0.04006	0.05756	0.05372	0.00838	0.00568	0.00175	0.00721	0.05618	0.00424	0.00768
5	0.00800	0.00582	0.00724	0.00769	0.00878	0.00531	0.00546	0.00986	0.01409	0.01915	0.28007	0.36450	0.17404	0.01570	0.00735	0.00217	0.00321	0.01390	0.04233	0.00531
6	0.01620	0.01372	0.01866	0.01598	0.06088	0.04721	0.14120	0.08560	0.24407	0.08932	0.11048	0.02183	0.01896	0.00785	0.00716	0.00197	0.04757	0.00689	0.00522	0.03923
7	0.00819	0.00580	0.00710	0.00752	0.00811	0.00549	0.00492	0.00929	0.01205	0.01618	0.17413	0.31352	0.09531	0.28611	0.01583	0.00355	0.00422	0.01278	0.00520	0.00471
8	0.01838	0.06394	0.07916	0.05054	0.10639	0.28029	0.01274	0.10596	0.04860	0.04408	0.01400	0.01533	0.04032	0.00656	0.00565	0.00166	0.00807	0.00494	0.00384	0.08957
9	0.01096	0.00848	0.00938	0.00883	0.01086	0.03520	0.00665	0.04004	0.11650	0.05267	0.32624	0.14276	0.18196	0.01282	0.00702	0.00203	0.00383	0.01107	0.00619	0.00650
10	0.05905	0.10963	0.23770	0.06928	0.04335	0.11225	0.01467	0.10395	0.03520	0.13872	0.01331	0.01423	0.00961	0.00635	0.00559	0.00181	0.00768	0.00478	0.00406	0.00879

[dist]
# distance from previous block
# <min> <max>
8	10

[block]
# block no. 6 follows, 37 sequences, length 29
# corresponding to MSA columns:
# 514-542
name=unknown_G
#
# <colnr> <probs for GDERKNQSTAVLIFYWHMCP>
#	G	D	E	R	K	N	Q	S	T	A	V	L	I	F	Y	W	H	M	C	P
0	0.00827	0.00585	0.00722	0.00769	0.00836	0.00572	0.00517	0.00941	0.01127	0.01524	0.06846	0.29394	0.12123	0.24828	0.11552	0.00436	0.00586	0.01199	0.04139	0.00477
1	0.06746	0.23107	0.21515	0.04812	0.02067	0.01809	0.03990	0.13876	0.01511	0.04696	0.01096	0.01280	0.00853	0.00652	0.00692	0.00184	0.09465	0.00456	0.00348	0.00845
2	0.01619	0.04631	0.05159	0.17217	0.09285	0.05589	0.05096	0.18850	0.11888	0.04009	0.04248	0.04230	0.03974	0.00757	0.00619	0.00192	0.00694	0.00640	0.00454	0.00851
3	0.01225	0.00800	0.00988	0.00928	0.01144	0.00778	0.00726	0.06261	0.07234	0.10970	0.29318	0.13284	0.12127	0.01299	0.00718	0.00213	0.00404	0.10271	0.00636	0.00676
4	0.00853	0.00628	0.00781	0.00798	0.00900	0.00624	0.00579	0.01000	0.01168	0.01542	0.09155	0.06671	0.19131	0.25911	0.19032	0.00515	0.00736	0.09027	0.00460	0.00489
5	0.01374	0.01261	0.01877	0.07563	0.30778	0.01160	0.03717	0.01756	0.04039	0.01986	0.01171	0.01444	0.00962	0.00518	0.00541	0.00143	0.00609	0.00473	0.00340	0.38288
6	0.04899	0.18576	0.02147	0.01621	0.07887	0.34527	0.03863	0.09623	0.05560	0.01895	0.01085	0.01239	0.00889	0.00630	0.00578	0.00166	0.03226	0.00440	0.00352	0.00798
7	0.01380	0.01197	0.03264	0.01403	0.06999	0.04855	0.01047	0.05814	0.11939	0.06396	0.03650	0.08433	0.01630	0.01884	0.20294	0.00410	0.14472	0.00699	0.00430	0.03805
8	0.03501	0.19157	0.22784	0.01737	0.10666	0.04030	0.09236	0.04058	0.05319	0.04217	0.04667	0.03529	0.03176	0.00671	0.00571	0.00180	0.00739	0.00565	0.00355	0.00841
9	0.06542	0.09648	0.32806	0.01627	0.05424	0.08266	0.05873	0.08697	0.05023	0.06073	0.01302	0.03757	0.01009	0.00652	0.00571	0.00186	0.00792	0.00518	0.00364	0.00870
10	0.00795	0.00576	0.00748	0.00832	0.00911	0.00536	0.00589	0.00956	0.01322	0.01775	0.19244	0.47957	0.09684	0.04494	0.00853	0.00248	0.00362	0.07015	0.00584	0.00517
11	0.01188	0.01010	0.04976	0.15668	0.01871	0.00996	0.02742	0.06188	0.03214	0.05941	0.06408	0.15143	0.10478	0.01348	0.04204	0.02783	0.04846	0.08189	0.02150	0.00659
12	0.01759	0.10572	0.07489	0.06713	0.07777	0.12942	0.07817	0.10612	0.07920	0.09169	0.01433	0.03854	0.01139	0.00843	0.03389	0.00215	0.04537	0.00567	0.00412	0.00843
13	0.01447	0.01297	0.01799	0.13425	0.21548	0.07545	0.06347	0.07101	0.03872	0.05572	0.04062	0.15493	0.04382	0.00922	0.00656	0.00202	0.00674	0.02445	0.00430	0.00781
14	0.00773	0.00601	0.00680	0.00700	0.00837	0.00533	0.00496	0.00926	0.01356	0.01731	0.17751	0.19911	0.39531	0.10193	0.01003	0.00256	0.00347	0.01303	0.00566	0.00508
15	0.01446	0.04129	0.10393	0.12973	0.26038	0.03738	0.14244	0.02993	0.01407	0.04864	0.04517	0.01811	0.03891	0.00659	0.00689	0.00194	0.04224	0.00609	0.00342	0.00839
16	0.04203	0.09254	0.06431	0.08937	0.21358	0.01646	0.01395	0.23288	0.10086	0.02535	0.01532	0.01673	0.03637	0.00678	0.00585	0.00184	0.00672	0.00556	0.00435	0.00917
17	0.22222	0.25972	0.17257	0.01356	0.03429	0.04415	0.06567	0.08780	0.01397	0.02163	0.01001	0.01162	0.00792	0.00571	0.00484	0.00172	0.00707	0.00412	0.00331	0.00808
18	0.00753	0.00558	0.00693	0.00790	0.00865	0.00509	0.00537	0.00872	0.01229	0.01600	0.06786	0.56058	0.19073	0.05548	0.00880	0.00254	0.00354	0.01577	0.00563	0.00498
19	0.00777	0.00599	0.00700	0.00722	0.00859	0.00533	0.00518	0.00950	0.01410	0.01834	0.24400	0.23457	0.34217	0.05170	0.00850	0.00231	0.00329	0.01333	0.00589	0.00522
20	0.01577	0.14700	0.14384	0.01466	0.06294	0.01471	0.06453	0.09074	0.08342	0.09042	0.03533	0.01864	0.06217	0.00704	0.00613	0.00175	0.02927	0.00571	0.00427	0.10166
21	0.01449	0.03113	0.03600	0.01409	0.10281	0.01079	0.04943	0.06802	0.04067	0.05876	0.03644	0.01634	0.03146	0.00577	0.00530	0.00134	0.00546	0.00493	0.00410	0.46268
22	0.00971	0.00701	0.00927	0.00930	0.02856	0.00666	0.02527	0.01244	0.04946	0.04950	0.29542	0.20898	0.11883	0.10835	0.01020	0.00259	0.00402	0.03281	0.00580	0.00582
23	0.04000	0.03161	0.01493	0.03300	0.11124	0.03487	0.03893	0.05542	0.07635	0.04248	0.11673	0.09063	0.04339	0.03967	0.04822	0.00261	0.08922	0.03916	0.04436	0.00719
24	0.05214	0.01511	0.13026	0.03533	0.10669	0.02970	0.03632	0.05409	0.11112	0.06699	0.10253	0.02063	0.04275	0.00718	0.00586	0.00174	0.00597	0.00606	0.00450	0.16503
25	0.20159	0.01651	0.09069	0.04650	0.15384	0.06835	0.09292	0.11454	0.01516	0.02349	0.01245	0.01452	0.02869	0.00603	0.00550	0.00178	0.00705	0.00499	0.00372	0.09168
26	0.01640	0.07127	0.04814	0.03598	0.13817	0.07919	0.04860	0.10946	0.14809	0.06537	0.04944	0.03710	0.03385	0.00820	0.00704	0.04854	0.00656	0.00620	0.00453	0.03788
27	0.09878	0.05297	0.10277	0.03619	0.09654	0.14197	0.03038	0.08983	0.10431	0.09074	0.01509	0.03963	0.01208	0.00712	0.00575	0.00185	0.00714	0.02619	0.00435	0.03636
28	0.08591	0.01429	0.03541	0.08549	0.24132	0.04211	0.08097	0.08001	0.09561	0.05800	0.06108	0.01769	0.01353	0.00675	0.00653	0.00191	0.03442	0.00588	0.00415	0.02894

[dist]
# distance from previous block
# <min> <max>
22	66

[block]
# block no. 7 follows, 37 sequences, length 13
# corresponding to MSA columns:
# 663-675
name=unknown_H
#
# <colnr> <probs for GDERKNQSTAVLIFYWHMCP>
#	G	D	E	R	K	N	Q	S	T	A	V	L	I	F	Y	W	H	M	C	P
0	0.01167	0.00976	0.01165	0.00892	0.01333	0.00763	0.00699	0.01426	0.01297	0.01982	0.08948	0.07778	0.01694	0.00844	0.03988	0.00155	0.00483	0.00564	0.00410	0.63438
1	0.01124	0.00853	0.00976	0.09142	0.01308	0.05343	0.00676	0.01251	0.01159	0.05890	0.05647	0.16709	0.02332	0.35613	0.01747	0.00371	0.00573	0.00923	0.00430	0.07935
2	0.18183	0.09407	0.03778	0.10074	0.01889	0.10404	0.01055	0.08587	0.03844	0.23102	0.03106	0.01566	0.01143	0.00670	0.00539	0.00182	0.00649	0.00497	0.00487	0.00840
3	0.01034	0.00694	0.00861	0.00795	0.00990	0.00642	0.00606	0.01352	0.04859	0.08763	0.47833	0.04456	0.19651	0.01361	0.03176	0.00222	0.00367	0.01069	0.00645	0.00623
4	0.82811	0.01184	0.00900	0.00805	0.01184	0.01373	0.00663	0.01799	0.01042	0.02746	0.00852	0.00994	0.00663	0.00568	0.00379	0.00189	0.00474	0.00331	0.00379	0.00663
5	0.26931	0.01283	0.05192	0.31425	0.02577	0.01418	0.01257	0.04656	0.08450	0.04886	0.01202	0.01473	0.00905	0.00656	0.00622	0.00202	0.05259	0.00490	0.00371	0.00742
6	0.13814	0.06478	0.11933	0.05839	0.01927	0.11575	0.01213	0.20483	0.01774	0.13195	0.01344	0.01444	0.00980	0.00853	0.04361	0.00222	0.00768	0.00485	0.00454	0.00860
7	0.01637	0.78856	0.03208	0.01047	0.01571	0.02422	0.01047	0.01833	0.01244	0.01440	0.00851	0.00982	0.00786	0.00524	0.00393	0.00131	0.00655	0.00327	0.00262	0.00786
8	0.00755	0.00540	0.00718	0.00846	0.00890	0.00503	0.00569	0.00875	0.01214	0.01629	0.08653	0.72620	0.04177	0.01868	0.00777	0.00244	0.00350	0.01693	0.00576	0.00503
9	0.01710	0.59171	0.02843	0.01187	0.01625	0.13994	0.01098	0.01894	0.01291	0.01453	0.00861	0.01037	0.00788	0.00595	0.00578	0.00149	0.08336	0.00359	0.00271	0.00762
10	0.01269	0.01088	0.01269	0.00907	0.01451	0.00816	0.00725	0.01541	0.01269	0.01995	0.01088	0.01269	0.00907	0.00453	0.00453	0.00091	0.00453	0.00363	0.00363	0.82229
11	0.00842	0.00573	0.00682	0.00730	0.00741	0.00561	0.00437	0.00877	0.00985	0.01313	0.02413	0.28856	0.02837	0.52803	0.02333	0.00478	0.00514	0.01175	0.00437	0.00413
12	0.44956	0.01259	0.01272	0.04955	0.01560	0.01422	0.00894	0.14280	0.01483	0.14996	0.01232	0.01320	0.00891	0.00669	0.00594	0.00195	0.06314	0.00444	0.00470	0.00794

[dist]
# distance from previous block
# <min> <max>
2	18

[block]
# block no. 8 follows, 37 sequences, length 12
# corresponding to MSA columns:
# 694-705
name=unknown_I
#
# <colnr> <probs for GDERKNQSTAVLIFYWHMCP>
#	G	D	E	R	K	N	Q	S	T	A	V	L	I	F	Y	W	H	M	C	P
0	0.63278	0.01231	0.01081	0.04337	0.01428	0.01410	0.00785	0.08522	0.05595	0.05938	0.01087	0.01192	0.00814	0.00610	0.00436	0.00191	0.00510	0.00395	0.00427	0.00734
1	0.82811	0.01184	0.00900	0.00805	0.01184	0.01373	0.00663	0.01799	0.01042	0.02746	0.00852	0.00994	0.00663	0.00568	0.00379	0.00189	0.00474	0.00331	0.00379	0.00663
2	0.01068	0.00844	0.01034	0.01156	0.01308	0.05448	0.00999	0.01342	0.01430	0.01811	0.03097	0.06539	0.03351	0.01624	0.00827	0.00274	0.00598	0.66131	0.00548	0.00573
3	0.00753	0.00585	0.00676	0.00742	0.00861	0.00520	0.00524	0.00884	0.01270	0.01594	0.04618	0.36687	0.37183	0.06321	0.00896	0.00251	0.00356	0.04219	0.00556	0.00502
4	0.00896	0.00618	0.00758	0.00775	0.00833	0.00605	0.00529	0.01014	0.01181	0.01601	0.18935	0.06971	0.03323	0.45250	0.02105	0.00437	0.00510	0.12723	0.00480	0.00455
5	0.01615	0.57700	0.06388	0.01264	0.01766	0.07728	0.07212	0.01860	0.01303	0.01544	0.03120	0.01185	0.00949	0.00577	0.00514	0.00149	0.03662	0.00403	0.00282	0.00778
6	0.01269	0.01088	0.01269	0.00907	0.01451	0.00816	0.00725	0.01541	0.01269	0.01995	0.01088	0.01269	0.00907	0.00453	0.00453	0.00091	0.00453	0.00363	0.00363	0.82229
7	0.00998	0.00740	0.00908	0.03778	0.01110	0.00704	0.00631	0.04570	0.01191	0.01632	0.02280	0.25603	0.02553	0.29582	0.01573	0.00347	0.00510	0.07065	0.00453	0.13772
8	0.07546	0.03967	0.04652	0.44530	0.03182	0.03838	0.03164	0.10115	0.01436	0.05252	0.01149	0.01516	0.00861	0.00653	0.00676	0.00200	0.05646	0.00520	0.00343	0.00754
9	0.11591	0.01372	0.01674	0.16134	0.02211	0.03956	0.06011	0.22688	0.07427	0.09982	0.01463	0.01684	0.01099	0.04488	0.00705	0.00206	0.00669	0.00553	0.00476	0.05610
10	0.59863	0.01182	0.01220	0.16119	0.01888	0.01357	0.04027	0.01750	0.01104	0.02447	0.00925	0.01161	0.00714	0.00570	0.00443	0.00189	0.00566	0.00392	0.00354	0.03727
11	0.22264	0.01030	0.01079	0.16201	0.01686	0.06168	0.00837	0.01416	0.01157	0.01821	0.03638	0.02717	0.07946	0.19923	0.04427	0.00326	0.00650	0.03695	0.00381	0.02638

[dist]
# distance from previous block
# <min> <max>
4	17

[block]
# block no. 9 follows, 37 sequences, length 6
# corresponding to MSA columns:
# 725,728-730,733,752
name=unknown_J
#
# <colnr> <probs for GDERKNQSTAVLIFYWHMCP>
#	G	D	E	R	K	N	Q	S	T	A	V	L	I	F	Y	W	H	M	C	P
0	0.39919	0.05246	0.01167	0.03502	0.01349	0.07099	0.00769	0.05004	0.09359	0.02277	0.01408	0.07222	0.01293	0.11089	0.00833	0.00244	0.00561	0.00571	0.00415	0.00674
1	0.39725	0.01206	0.01257	0.18036	0.01960	0.06561	0.03220	0.01720	0.01250	0.04611	0.06112	0.01995	0.05037	0.00741	0.00527	0.00197	0.00599	0.04177	0.00399	0.00669
2	0.00783	0.00572	0.00740	0.00831	0.00914	0.00529	0.00589	0.00942	0.01318	0.01758	0.16850	0.51112	0.12263	0.01736	0.00768	0.00236	0.00353	0.06598	0.00588	0.00519
3	0.01269	0.01088	0.01269	0.00907	0.01451	0.00816	0.00725	0.01541	0.01269	0.01995	0.01088	0.01269	0.00907	0.00453	0.00453	0.00091	0.00453	0.00363	0.00363	0.82229
4	0.10442	0.01139	0.01552	0.22084	0.02311	0.01082	0.06110	0.01607	0.01244	0.01958	0.01072	0.01366	0.00856	0.00515	0.00508	0.00141	0.00597	0.00435	0.00336	0.44646
5	0.71997	0.11532	0.01207	0.00837	0.01235	0.01513	0.00714	0.01804	0.01069	0.02572	0.00852	0.00993	0.00679	0.00562	0.00381	0.00182	0.00498	0.00331	0.00363	0.00679

[dist]
# distance from previous block
# <min> <max>
0	1

[block]
# block no. 10 follows, 37 sequences, length 15
# corresponding to MSA columns:
# 754-768
name=unknown_K
#
# <colnr> <probs for GDERKNQSTAVLIFYWHMCP>
#	G	D	E	R	K	N	Q	S	T	A	V	L	I	F	Y	W	H	M	C	P
0	0.00852	0.00647	0.00840	0.05396	0.01099	0.00610	0.00627	0.01114	0.01608	0.02207	0.53778	0.09506	0.16823	0.01307	0.00719	0.00199	0.00329	0.01146	0.00625	0.00568
1	0.01211	0.01024	0.01206	0.00895	0.01382	0.00781	0.00706	0.01474	0.01291	0.01995	0.05698	0.06402	0.01405	0.00596	0.00491	0.00107	0.00437	0.00496	0.00395	0.72008
2	0.01269	0.01088	0.01269	0.00907	0.01451	0.00816	0.00725	0.01541	0.01269	0.01995	0.01088	0.01269	0.00907	0.00453	0.00453	0.00091	0.00453	0.00363	0.00363	0.82229
3	0.71643	0.06127	0.01031	0.00811	0.01171	0.01384	0.00666	0.01735	0.01044	0.02549	0.00931	0.01213	0.00784	0.06231	0.00579	0.00215	0.00494	0.00372	0.00371	0.00650
4	0.02746	0.01042	0.01421	0.01089	0.01563	0.00900	0.00900	0.02983	0.01752	0.75093	0.02415	0.02083	0.01515	0.00758	0.00616	0.00189	0.00521	0.00616	0.00758	0.01042
5	0.01182	0.01115	0.01883	0.71689	0.09339	0.01367	0.01713	0.01587	0.01236	0.01596	0.01093	0.01623	0.00827	0.00607	0.00612	0.00202	0.00810	0.00544	0.00274	0.00701
6	0.00890	0.00593	0.00668	0.00668	0.00668	0.00593	0.00371	0.00890	0.00890	0.01187	0.01929	0.04006	0.02225	0.78487	0.03116	0.00593	0.00593	0.00890	0.00371	0.00371
7	0.01637	0.78856	0.03208	0.01047	0.01571	0.02422	0.01047	0.01833	0.01244	0.01440	0.00851	0.00982	0.00786	0.00524	0.00393	0.00131	0.00655	0.00327	0.00262	0.00786
8	0.01269	0.01088	0.01269	0.00907	0.01451	0.00816	0.00725	0.01541	0.01269	0.01995	0.01088	0.01269	0.00907	0.00453	0.00453	0.00091	0.00453	0.00363	0.00363	0.82229
9	0.00862	0.00597	0.00675	0.00681	0.00713	0.00586	0.00405	0.00894	0.00970	0.01271	0.02528	0.07288	0.11554	0.62734	0.05341	0.00543	0.00585	0.00969	0.00403	0.00401
10	0.72665	0.01172	0.01016	0.10275	0.01561	0.01372	0.00792	0.01770	0.01064	0.02599	0.00882	0.01074	0.00682	0.00574	0.00408	0.00191	0.00516	0.00358	0.00366	0.00665
11	0.01269	0.01088	0.01269	0.00907	0.01451	0.00816	0.00725	0.01541	0.01269	0.01995	0.01088	0.01269	0.00907	0.00453	0.00453	0.00091	0.00453	0.00363	0.00363	0.82229
12	0.01092	0.00909	0.01067	0.00843	0.01239	0.00713	0.00655	0.01337	0.01351	0.01987	0.13431	0.08569	0.11693	0.00842	0.00558	0.00135	0.00401	0.00713	0.00455	0.52011
13	0.37953	0.25206	0.05278	0.03378	0.01538	0.06344	0.00946	0.01876	0.03826	0.02129	0.01023	0.01281	0.00864	0.00603	0.00438	0.00170	0.00603	0.02658	0.00344	0.03542
14	0.04098	0.03564	0.01149	0.09188	0.01478	0.00949	0.00809	0.01556	0.10690	0.05198	0.15025	0.12792	0.13784	0.04348	0.00807	0.00215	0.03516	0.02449	0.00514	0.07870

[dist]
# distance from previous block
# <min> <max>
5	18

[block]
# block no. 11 follows, 37 sequences, length 10
# corresponding to MSA columns:
# 798-806,808
name=unknown_L
#
# <colnr> <probs for GDERKNQSTAVLIFYWHMCP>
#	G	D	E	R	K	N	Q	S	T	A	V	L	I	F	Y	W	H	M	C	P
0	0.12202	0.06110	0.01263	0.00931	0.01277	0.06961	0.00717	0.01560	0.01188	0.04573	0.01275	0.01902	0.01198	0.19541	0.01161	0.00245	0.03472	0.00503	0.00368	0.33552
1	0.01710	0.63111	0.02913	0.01158	0.01619	0.12840	0.01085	0.01897	0.01294	0.01451	0.00861	0.01022	0.00787	0.00574	0.00519	0.00143	0.05628	0.00350	0.00270	0.00767
2	0.01315	0.06615	0.10530	0.14222	0.02164	0.01772	0.01488	0.01566	0.01047	0.01541	0.00889	0.01359	0.00801	0.00901	0.01502	0.00239	0.50561	0.00514	0.00267	0.00706
3	0.00869	0.00610	0.00797	0.00902	0.00965	0.00596	0.00665	0.01010	0.01182	0.01560	0.02949	0.33480	0.03386	0.21854	0.01414	0.00351	0.00491	0.25918	0.00515	0.00488
4	0.01319	0.14119	0.01651	0.08571	0.01748	0.01140	0.00877	0.01592	0.01260	0.01859	0.01048	0.01258	0.00877	0.00481	0.00459	0.00109	0.00523	0.00375	0.00337	0.60395
5	0.01252	0.01065	0.01252	0.00920	0.01440	0.00809	0.00741	0.01525	0.01278	0.01985	0.01219	0.01613	0.01066	0.00529	0.00477	0.00102	0.00460	0.04637	0.00375	0.77256
6	0.01206	0.01005	0.01168	0.00867	0.01319	0.00779	0.00666	0.01432	0.01206	0.01859	0.01229	0.01728	0.01128	0.13529	0.00899	0.00175	0.00477	0.00451	0.00364	0.68513
7	0.74662	0.08982	0.01131	0.00829	0.01223	0.01479	0.00702	0.01803	0.01062	0.02615	0.00852	0.00993	0.00675	0.00564	0.00380	0.00184	0.00492	0.00331	0.00367	0.00675
8	0.14814	0.00961	0.01004	0.00945	0.01114	0.05979	0.00705	0.06698	0.01164	0.01774	0.01522	0.02420	0.01476	0.22291	0.33857	0.00634	0.01067	0.00636	0.00368	0.00570
9	0.01749	0.54646	0.02657	0.01093	0.01540	0.02014	0.01026	0.01948	0.01288	0.13783	0.01163	0.01290	0.00959	0.00879	0.05650	0.00209	0.06541	0.00414	0.00350	0.00804

[dist]
# distance from previous block
# <min> <max>
3	47

# created by:
# /home/cegg/simao/soft/augustus-3.2.1/scripts/msa2prfl.pl ./align_prep/EOG091G0JIA.fa
