[name]
unknown

[dist]
# distance from previous block
# <min> <max>
6	181

[block]
# block no. 0 follows, 48 sequences, length 15
# corresponding to MSA columns:
# 214-228
name=unknown_A
#
# <colnr> <probs for GDERKNQSTAVLIFYWHMCP>
#	G	D	E	R	K	N	Q	S	T	A	V	L	I	F	Y	W	H	M	C	P
0	0.01692	0.01150	0.01414	0.11829	0.12908	0.07424	0.01004	0.15659	0.05690	0.26348	0.04885	0.02809	0.01199	0.00611	0.00512	0.00156	0.00543	0.00505	0.00452	0.03208
1	0.01417	0.03888	0.22246	0.01366	0.01817	0.04362	0.14137	0.10062	0.04726	0.13444	0.02764	0.01336	0.00926	0.00584	0.00663	0.00165	0.11007	0.00469	0.00347	0.04274
2	0.01689	0.00907	0.01308	0.01131	0.06207	0.00849	0.06818	0.09200	0.01408	0.39304	0.06647	0.08680	0.01553	0.00962	0.06889	0.00213	0.00542	0.00615	0.00507	0.04570
3	0.01659	0.14209	0.01529	0.01056	0.01384	0.24565	0.03426	0.12223	0.01403	0.14250	0.01163	0.01360	0.00930	0.07116	0.02788	0.00181	0.00653	0.00420	0.02425	0.07261
4	0.01196	0.00866	0.01224	0.01393	0.21219	0.00795	0.00853	0.01490	0.05401	0.13299	0.14660	0.12824	0.01953	0.00739	0.00518	0.00146	0.00415	0.00656	0.00421	0.19935
5	0.01378	0.01614	0.18093	0.01572	0.03694	0.03895	0.26012	0.15104	0.16793	0.04663	0.01283	0.01396	0.00940	0.00540	0.00538	0.00165	0.00680	0.00513	0.00361	0.00767
6	0.15014	0.05280	0.04119	0.01371	0.09886	0.28390	0.01012	0.08263	0.07853	0.01723	0.00933	0.01087	0.00758	0.00579	0.00615	0.00157	0.11611	0.00384	0.00306	0.00659
7	0.00800	0.00563	0.00713	0.00669	0.00806	0.00536	0.00502	0.01069	0.04775	0.04790	0.56709	0.03636	0.11268	0.04885	0.05810	0.00221	0.00343	0.00879	0.00527	0.00499
8	0.01051	0.00995	0.01651	0.58759	0.14240	0.01171	0.04768	0.01492	0.07972	0.01454	0.01031	0.01404	0.00786	0.00518	0.00517	0.00169	0.00656	0.00474	0.00260	0.00633
9	0.00956	0.00478	0.00478	0.00478	0.00598	0.00478	0.00359	0.01196	0.01076	0.01913	0.01674	0.01913	0.01315	0.00598	0.00359	0.00120	0.00239	0.00478	0.84816	0.00478
10	0.01136	0.01263	0.02714	0.01976	0.02432	0.01184	0.67056	0.01524	0.01182	0.01601	0.01269	0.11724	0.01115	0.00584	0.00612	0.00178	0.00792	0.00715	0.00287	0.00657
11	0.01251	0.01207	0.02017	0.02917	0.68791	0.01265	0.01516	0.01531	0.01119	0.01619	0.00928	0.01251	0.00795	0.00514	0.00659	0.00162	0.10971	0.00456	0.00250	0.00780
12	0.00956	0.00478	0.00478	0.00478	0.00598	0.00478	0.00359	0.01196	0.01076	0.01913	0.01674	0.01913	0.01315	0.00598	0.00359	0.00120	0.00239	0.00478	0.84816	0.00478
13	0.00720	0.00546	0.00790	0.01026	0.10794	0.00521	0.00617	0.00823	0.00993	0.01339	0.02505	0.67836	0.02954	0.01467	0.00694	0.03850	0.00344	0.01286	0.00437	0.00459
14	0.13914	0.02125	0.51143	0.01533	0.05314	0.01205	0.14466	0.01608	0.01077	0.01733	0.00911	0.01104	0.00664	0.00475	0.00483	0.00163	0.00715	0.00406	0.00241	0.00719

[dist]
# distance from previous block
# <min> <max>
0	1

[block]
# block no. 1 follows, 48 sequences, length 13
# corresponding to MSA columns:
# 230-242
name=unknown_B
#
# <colnr> <probs for GDERKNQSTAVLIFYWHMCP>
#	G	D	E	R	K	N	Q	S	T	A	V	L	I	F	Y	W	H	M	C	P
0	0.67840	0.18125	0.01162	0.00718	0.01061	0.01336	0.00624	0.01514	0.00909	0.02071	0.00714	0.00831	0.00577	0.00468	0.00320	0.00148	0.00429	0.00277	0.00297	0.00577
1	0.01123	0.01123	0.01572	0.01347	0.01347	0.01572	0.01123	0.01235	0.00786	0.01235	0.00674	0.01123	0.00674	0.00898	0.01684	0.00225	0.81028	0.00449	0.00225	0.00561
2	0.00940	0.00652	0.01162	0.00980	0.01093	0.00638	0.16557	0.00891	0.00796	0.01071	0.01005	0.01699	0.00969	0.08630	0.04910	0.56341	0.00576	0.00510	0.00240	0.00339
3	0.01288	0.01044	0.01132	0.00986	0.01263	0.01169	0.00774	0.16466	0.47421	0.02334	0.18031	0.02189	0.02125	0.00755	0.00538	0.00168	0.00402	0.00631	0.00529	0.00754
4	0.00734	0.00544	0.00795	0.00795	0.00876	0.00625	0.00605	0.00897	0.00816	0.01169	0.01401	0.02166	0.01348	0.12565	0.71306	0.00788	0.01277	0.00572	0.00279	0.00442
5	0.01138	0.02224	0.54819	0.01628	0.02304	0.01200	0.22332	0.01671	0.01136	0.05253	0.01004	0.01196	0.00714	0.00479	0.00521	0.00165	0.00772	0.00447	0.00248	0.00746
6	0.00956	0.00478	0.00478	0.00478	0.00598	0.00478	0.00359	0.01196	0.01076	0.01913	0.01674	0.01913	0.01315	0.00598	0.00359	0.00120	0.00239	0.00478	0.84816	0.00478
7	0.01421	0.01515	0.04688	0.01909	0.27834	0.17840	0.05853	0.04845	0.25177	0.01788	0.01292	0.01397	0.01009	0.00552	0.00508	0.00157	0.00633	0.00475	0.00348	0.00759
8	0.53907	0.01338	0.04174	0.00895	0.01244	0.11268	0.00754	0.17505	0.01280	0.02338	0.00842	0.00939	0.00640	0.00513	0.00384	0.00155	0.00514	0.00327	0.00348	0.00636
9	0.01190	0.01083	0.03269	0.02248	0.47921	0.01039	0.04166	0.04328	0.01128	0.03463	0.01137	0.01708	0.01040	0.17643	0.00947	0.00221	0.00578	0.00514	0.00288	0.06088
10	0.01032	0.00977	0.01654	0.64381	0.19391	0.01157	0.01457	0.01367	0.01056	0.01388	0.00923	0.01347	0.00711	0.00501	0.00512	0.00167	0.00668	0.00456	0.00233	0.00621
11	0.01265	0.01506	0.18320	0.02694	0.59179	0.01193	0.01606	0.01627	0.01164	0.05118	0.01003	0.01252	0.00799	0.00471	0.00504	0.00155	0.00633	0.00443	0.00263	0.00804
12	0.00746	0.00573	0.00794	0.00811	0.00901	0.00641	0.00612	0.00985	0.05930	0.01293	0.01941	0.21863	0.05377	0.02895	0.49453	0.00584	0.02979	0.00799	0.00349	0.00473

[dist]
# distance from previous block
# <min> <max>
0	2

[block]
# block no. 2 follows, 48 sequences, length 23
# corresponding to MSA columns:
# 245-267
name=unknown_C
#
# <colnr> <probs for GDERKNQSTAVLIFYWHMCP>
#	G	D	E	R	K	N	Q	S	T	A	V	L	I	F	Y	W	H	M	C	P
0	0.00809	0.00524	0.00687	0.00723	0.00816	0.00491	0.00512	0.00995	0.03755	0.07768	0.23532	0.51162	0.03560	0.01345	0.00626	0.00190	0.00297	0.01208	0.00515	0.00485
1	0.01095	0.03677	0.07660	0.01269	0.04636	0.01319	0.01060	0.06201	0.01018	0.01492	0.08177	0.01573	0.03445	0.01119	0.08706	0.00258	0.45906	0.00512	0.00288	0.00591
2	0.00979	0.00932	0.01603	0.77379	0.03498	0.01147	0.04648	0.01325	0.01034	0.01325	0.00917	0.01369	0.00688	0.00510	0.00517	0.00171	0.00692	0.00462	0.00229	0.00575
3	0.01195	0.03611	0.10362	0.04368	0.01456	0.02699	0.00866	0.14544	0.05550	0.01885	0.01362	0.07756	0.04336	0.00599	0.00461	0.00126	0.00476	0.00487	0.00357	0.37504
4	0.01875	0.01400	0.01497	0.01165	0.01563	0.01556	0.00957	0.68757	0.10834	0.03112	0.01328	0.01308	0.00950	0.00625	0.00514	0.00156	0.00547	0.00475	0.00514	0.00866
5	0.00969	0.00912	0.01539	0.80734	0.03534	0.01140	0.01425	0.01311	0.01026	0.01311	0.00912	0.01368	0.00684	0.00513	0.00513	0.00171	0.00684	0.00456	0.00228	0.00570
6	0.01265	0.01058	0.01132	0.01009	0.01289	0.01201	0.00791	0.09354	0.60645	0.02203	0.08215	0.02192	0.03657	0.00753	0.00535	0.00173	0.00406	0.02825	0.00522	0.00772
7	0.01472	0.03723	0.06407	0.07769	0.11434	0.01168	0.07917	0.15818	0.13268	0.14978	0.09367	0.01699	0.01404	0.00618	0.00525	0.00161	0.00539	0.00538	0.00434	0.00761
8	0.01027	0.07990	0.25768	0.04788	0.01928	0.01105	0.21311	0.01461	0.04460	0.01577	0.04619	0.07367	0.06828	0.00711	0.00551	0.00172	0.00641	0.06736	0.00313	0.00647
9	0.00660	0.00471	0.00631	0.00748	0.00791	0.00446	0.00528	0.00771	0.01009	0.01339	0.02784	0.67852	0.03290	0.03340	0.00706	0.00219	0.00330	0.13191	0.00472	0.00423
10	0.01393	0.01338	0.01804	0.04460	0.53053	0.13234	0.01341	0.04188	0.01258	0.05615	0.01191	0.04782	0.02948	0.00555	0.00511	0.00153	0.00627	0.00500	0.00299	0.00751
11	0.01204	0.01143	0.01939	0.06540	0.69048	0.01151	0.01480	0.01494	0.01147	0.01630	0.01112	0.07703	0.01013	0.00552	0.00520	0.00158	0.00588	0.00537	0.00271	0.00770
12	0.01390	0.01052	0.01392	0.26552	0.15600	0.08181	0.01099	0.01727	0.05963	0.17690	0.01452	0.01739	0.02824	0.00605	0.00507	0.00161	0.00570	0.03696	0.07121	0.00679
13	0.00736	0.04135	0.04228	0.00903	0.03293	0.00598	0.04055	0.00885	0.01029	0.01366	0.02604	0.59571	0.05914	0.01394	0.00629	0.00200	0.00376	0.07175	0.00437	0.00471
14	0.01369	0.06182	0.08344	0.02475	0.49740	0.12723	0.04816	0.01663	0.01196	0.03420	0.00944	0.01192	0.00775	0.00483	0.00522	0.00151	0.02561	0.00430	0.00259	0.00758
15	0.01226	0.04396	0.23946	0.02700	0.08798	0.03337	0.07024	0.03283	0.04787	0.11114	0.01475	0.09131	0.01273	0.04169	0.00605	0.00178	0.00579	0.04193	0.07105	0.00678
16	0.01110	0.03467	0.04936	0.04016	0.26895	0.04977	0.04399	0.01346	0.01144	0.05712	0.07778	0.09358	0.07208	0.07365	0.04092	0.00215	0.00566	0.01900	0.00344	0.03173
17	0.03125	0.06157	0.34921	0.01560	0.11334	0.02916	0.09902	0.01639	0.02930	0.07183	0.02892	0.01290	0.00883	0.00653	0.03932	0.00184	0.02660	0.00438	0.00282	0.05119
18	0.09773	0.01729	0.23457	0.01352	0.08741	0.14930	0.02862	0.07128	0.05477	0.10694	0.01363	0.04805	0.04261	0.00610	0.00490	0.00158	0.00629	0.00482	0.00348	0.00709
19	0.05424	0.06303	0.14771	0.05317	0.22627	0.05908	0.08598	0.10131	0.02501	0.07493	0.01066	0.01236	0.00808	0.00502	0.00486	0.00151	0.00631	0.00434	0.02322	0.03289
20	0.01266	0.02577	0.05260	0.03136	0.09796	0.09863	0.11736	0.03012	0.05277	0.08452	0.01499	0.13715	0.03720	0.00725	0.00618	0.00160	0.07007	0.00623	0.00351	0.11205
21	0.07822	0.01107	0.07841	0.01064	0.03304	0.07436	0.08684	0.05843	0.03100	0.06343	0.06667	0.11779	0.03460	0.09254	0.06620	0.00243	0.00589	0.00649	0.03652	0.04541
22	0.05551	0.03062	0.09511	0.04913	0.04822	0.06847	0.05754	0.08912	0.01322	0.20725	0.03859	0.12414	0.02594	0.00792	0.02045	0.00176	0.01535	0.01518	0.00418	0.03232

[dist]
# distance from previous block
# <min> <max>
20	62

[block]
# block no. 3 follows, 48 sequences, length 10
# corresponding to MSA columns:
# 343-352
name=unknown_D
#
# <colnr> <probs for GDERKNQSTAVLIFYWHMCP>
#	G	D	E	R	K	N	Q	S	T	A	V	L	I	F	Y	W	H	M	C	P
0	0.01593	0.03193	0.08460	0.01106	0.01482	0.07794	0.00960	0.44467	0.07024	0.02581	0.11453	0.01718	0.04505	0.00682	0.00519	0.00155	0.00547	0.00533	0.00465	0.00762
1	0.01509	0.55767	0.08837	0.00962	0.01416	0.01734	0.00954	0.07953	0.03544	0.11605	0.00987	0.01033	0.00783	0.00491	0.00388	0.00126	0.00549	0.00340	0.00307	0.00717
2	0.01945	0.05409	0.01533	0.01137	0.01533	0.07030	0.00938	0.56049	0.04443	0.12863	0.01305	0.01278	0.00920	0.00606	0.00501	0.00151	0.00568	0.00454	0.00497	0.00841
3	0.06237	0.11398	0.16737	0.01053	0.01486	0.01252	0.01015	0.24248	0.04132	0.14700	0.11316	0.01575	0.01390	0.00623	0.00487	0.00153	0.00523	0.00486	0.00435	0.00753
4	0.10192	0.17329	0.05442	0.01210	0.08464	0.01431	0.00963	0.24741	0.11214	0.12281	0.01249	0.01260	0.00921	0.00559	0.00457	0.00149	0.00521	0.00424	0.00414	0.00779
5	0.08270	0.07412	0.01614	0.01148	0.01555	0.01380	0.07796	0.40030	0.05594	0.18077	0.01337	0.01321	0.00938	0.00583	0.00494	0.00155	0.00544	0.00463	0.00478	0.00813
6	0.06777	0.05427	0.04518	0.03741	0.01533	0.14846	0.00930	0.30850	0.05438	0.03898	0.01176	0.01410	0.00935	0.00593	0.00476	0.00145	0.00588	0.04576	0.00396	0.11745
7	0.05781	0.02849	0.05231	0.01126	0.01497	0.05618	0.06257	0.28668	0.13134	0.13590	0.08444	0.02792	0.01384	0.00650	0.00515	0.00159	0.00531	0.00531	0.00475	0.00768
8	0.01506	0.06966	0.01351	0.01006	0.01325	0.01294	0.00821	0.43095	0.10793	0.02624	0.18473	0.05077	0.01918	0.00748	0.00527	0.00157	0.00463	0.00605	0.00503	0.00746
9	0.04209	0.02997	0.01533	0.01188	0.01529	0.01389	0.07806	0.48407	0.06166	0.02607	0.01416	0.11748	0.01207	0.00739	0.00588	0.00167	0.04481	0.00601	0.00459	0.00764

[dist]
# distance from previous block
# <min> <max>
5	367

# created by:
# /home/cegg/simao/soft/augustus-3.2.1/scripts/msa2prfl.pl ./align_prep/EOG091G1CLN.fa
