[name]
unknown

[dist]
# distance from previous block
# <min> <max>
0	254

[block]
# block no. 0 follows, 37 sequences, length 7
# corresponding to MSA columns:
# 474-480
name=unknown_A
#
# <colnr> <probs for GDERKNQSTAVLIFYWHMCP>
#	G	D	E	R	K	N	Q	S	T	A	V	L	I	F	Y	W	H	M	C	P
0	0.00993	0.00744	0.00964	0.01061	0.01220	0.00752	0.00889	0.01400	0.09130	0.01865	0.03479	0.13357	0.10700	0.01607	0.00803	0.00263	0.00508	0.49099	0.00571	0.00596
1	0.05251	0.01397	0.05665	0.01841	0.18969	0.03373	0.06211	0.15240	0.07408	0.06072	0.07021	0.05746	0.11425	0.00861	0.00635	0.00194	0.00615	0.00746	0.00484	0.00844
2	0.04399	0.03872	0.06863	0.01858	0.17763	0.04514	0.11868	0.01856	0.09266	0.04866	0.15382	0.02647	0.10553	0.00834	0.00641	0.00192	0.00626	0.00753	0.00454	0.00792
3	0.01602	0.12989	0.33642	0.01734	0.08417	0.05426	0.06376	0.02211	0.08576	0.11234	0.01376	0.01482	0.01007	0.00616	0.00574	0.00184	0.00783	0.00502	0.00369	0.00902
4	0.04193	0.12967	0.08843	0.04482	0.17425	0.01523	0.01292	0.19042	0.04102	0.02392	0.07987	0.08433	0.01704	0.00810	0.00597	0.00187	0.00632	0.02098	0.00442	0.00849
5	0.03165	0.05195	0.09388	0.01666	0.07882	0.01445	0.12777	0.12154	0.12915	0.02325	0.06609	0.01971	0.01497	0.00729	0.00694	0.00188	0.05258	0.03210	0.00435	0.10497
6	0.01333	0.04783	0.01563	0.04463	0.14432	0.02666	0.03065	0.08480	0.10507	0.03385	0.10462	0.11406	0.05384	0.01278	0.07206	0.00262	0.00650	0.03068	0.00478	0.05128

[dist]
# distance from previous block
# <min> <max>
16	46

[block]
# block no. 1 follows, 37 sequences, length 18
# corresponding to MSA columns:
# 538-545,549-558
name=unknown_B
#
# <colnr> <probs for GDERKNQSTAVLIFYWHMCP>
#	G	D	E	R	K	N	Q	S	T	A	V	L	I	F	Y	W	H	M	C	P
0	0.01578	0.04962	0.04787	0.11248	0.22343	0.07091	0.03870	0.12400	0.01597	0.05151	0.03892	0.04133	0.03310	0.05014	0.00740	0.00202	0.00703	0.00613	0.00397	0.05968
1	0.08322	0.11872	0.11335	0.04465	0.08571	0.09212	0.10273	0.04150	0.03492	0.06453	0.07433	0.01739	0.02340	0.00776	0.02884	0.00201	0.00751	0.00554	0.00384	0.04791
2	0.01352	0.04705	0.29263	0.02979	0.11467	0.03268	0.09308	0.03411	0.05437	0.03743	0.08817	0.01936	0.04295	0.00687	0.00607	0.00184	0.00735	0.00601	0.00373	0.06832
3	0.06008	0.06551	0.07351	0.01578	0.13013	0.07109	0.01160	0.11066	0.09216	0.07641	0.01444	0.04042	0.01165	0.01829	0.00588	0.00170	0.00630	0.00528	0.00432	0.18479
4	0.00956	0.00906	0.07779	0.04187	0.03820	0.00723	0.00828	0.01219	0.03845	0.04800	0.06188	0.38740	0.16047	0.03932	0.02886	0.00256	0.00482	0.01281	0.00519	0.00603
5	0.10931	0.14643	0.18804	0.01402	0.05144	0.08668	0.01308	0.12575	0.01596	0.11465	0.01239	0.01325	0.00918	0.00609	0.00525	0.00169	0.00708	0.00445	0.00404	0.07121
6	0.01496	0.04553	0.10713	0.04354	0.18320	0.01285	0.06300	0.06767	0.05849	0.05331	0.01275	0.01466	0.00994	0.00558	0.00553	0.00155	0.00649	0.00489	0.00377	0.28517
7	0.01596	0.20357	0.23367	0.04506	0.17750	0.10490	0.05300	0.04736	0.01433	0.03484	0.01084	0.01299	0.00857	0.00574	0.00549	0.00173	0.00817	0.00460	0.00304	0.00864
8	0.00804	0.00600	0.00755	0.00843	0.00935	0.00566	0.00596	0.01020	0.04467	0.01737	0.11927	0.52266	0.13900	0.01729	0.00763	0.00236	0.00358	0.05381	0.00583	0.00534
9	0.01177	0.00913	0.02730	0.01430	0.15468	0.00848	0.00905	0.01549	0.06862	0.08089	0.30533	0.12438	0.09794	0.03580	0.00763	0.00212	0.00440	0.00998	0.00564	0.00707
10	0.03768	0.06637	0.08578	0.04952	0.09674	0.03666	0.08144	0.11020	0.09142	0.18895	0.07867	0.01919	0.01555	0.00712	0.00609	0.00188	0.00661	0.00610	0.00505	0.00901
11	0.02539	0.01037	0.01381	0.01082	0.01525	0.00927	0.00885	0.02892	0.07192	0.65169	0.06806	0.02250	0.01802	0.00793	0.00623	0.00191	0.00504	0.00651	0.00742	0.01008
12	0.02205	0.01066	0.01343	0.01088	0.01488	0.01022	0.00878	0.05912	0.16224	0.46617	0.12976	0.02462	0.02192	0.00844	0.00633	0.00193	0.00486	0.00700	0.00712	0.00959
13	0.01601	0.01641	0.10035	0.08416	0.35601	0.01501	0.09103	0.14202	0.04329	0.03891	0.01392	0.01642	0.02577	0.00621	0.00621	0.00189	0.00753	0.00578	0.00378	0.00930
14	0.01846	0.23675	0.09043	0.04132	0.17630	0.04715	0.01307	0.04246	0.01486	0.20425	0.01609	0.01669	0.04342	0.00653	0.00549	0.00171	0.00669	0.00520	0.00423	0.00891
15	0.01084	0.00676	0.00872	0.00794	0.00985	0.00611	0.00606	0.01352	0.01700	0.11334	0.58430	0.04402	0.12343	0.01221	0.00709	0.00194	0.00320	0.01065	0.00673	0.00629
16	0.02711	0.01099	0.01456	0.01116	0.01591	0.00985	0.00922	0.08907	0.01848	0.69034	0.02335	0.02031	0.01475	0.00756	0.00615	0.00189	0.00534	0.00610	0.00745	0.01042
17	0.01727	0.06951	0.22436	0.02109	0.20816	0.08200	0.03496	0.16646	0.04716	0.05239	0.01274	0.01432	0.00961	0.00620	0.00587	0.00182	0.00784	0.00507	0.00385	0.00931

[dist]
# distance from previous block
# <min> <max>
6	10

[block]
# block no. 2 follows, 37 sequences, length 16
# corresponding to MSA columns:
# 573,589-603
name=unknown_C
#
# <colnr> <probs for GDERKNQSTAVLIFYWHMCP>
#	G	D	E	R	K	N	Q	S	T	A	V	L	I	F	Y	W	H	M	C	P
0	0.01577	0.01581	0.10295	0.07186	0.30117	0.01399	0.15004	0.04358	0.08300	0.09445	0.01489	0.03931	0.01165	0.00643	0.00634	0.00194	0.00753	0.00625	0.00392	0.00913
1	0.01524	0.01275	0.01401	0.05197	0.08270	0.07406	0.01011	0.02477	0.36093	0.08874	0.05711	0.08981	0.07261	0.00935	0.00640	0.00202	0.00545	0.00792	0.00557	0.00849
2	0.01333	0.02279	0.41657	0.08944	0.16225	0.01354	0.05148	0.01911	0.02792	0.04899	0.02685	0.01803	0.01119	0.00660	0.00615	0.00198	0.00815	0.04366	0.00323	0.00875
3	0.02074	0.01774	0.08523	0.01470	0.01964	0.08000	0.07690	0.39606	0.02243	0.11943	0.01736	0.04688	0.03876	0.00771	0.00626	0.00189	0.00720	0.00626	0.00542	0.00940
4	0.01508	0.09123	0.43574	0.01656	0.02381	0.01480	0.10657	0.08101	0.01506	0.08765	0.04579	0.01547	0.01113	0.00628	0.00595	0.00189	0.00816	0.00529	0.00360	0.00894
5	0.00810	0.00635	0.00975	0.01010	0.01099	0.00593	0.07129	0.00954	0.01197	0.01599	0.03179	0.71111	0.03764	0.01790	0.00776	0.00245	0.00417	0.01647	0.00545	0.00527
6	0.00744	0.00540	0.00702	0.00832	0.00883	0.00499	0.00559	0.00855	0.01191	0.01570	0.03618	0.71849	0.10130	0.01886	0.00776	0.00245	0.00351	0.01701	0.00568	0.00499
7	0.04747	0.05416	0.07338	0.12846	0.04496	0.04748	0.16376	0.08795	0.02736	0.15893	0.01459	0.04036	0.01107	0.00702	0.00722	0.00198	0.06514	0.00604	0.00425	0.00842
8	0.01395	0.01417	0.02667	0.15149	0.35103	0.01423	0.25661	0.01810	0.01392	0.01918	0.03214	0.01776	0.03005	0.00591	0.00653	0.00195	0.00822	0.00640	0.00317	0.00851
9	0.00754	0.00553	0.00709	0.00815	0.00882	0.00507	0.00556	0.00884	0.01254	0.01658	0.10427	0.61819	0.13316	0.01807	0.00768	0.00238	0.00343	0.01623	0.00578	0.00507
10	0.01089	0.01110	0.07815	0.18227	0.11901	0.01007	0.04104	0.04217	0.01321	0.01794	0.06033	0.30179	0.02388	0.05036	0.00808	0.00235	0.00604	0.01035	0.00427	0.00670
11	0.09403	0.11334	0.05364	0.07588	0.16674	0.07180	0.06235	0.10474	0.01516	0.06109	0.03081	0.01618	0.01119	0.03231	0.06303	0.00252	0.00794	0.00531	0.00378	0.00815
12	0.04793	0.01159	0.01506	0.11671	0.04226	0.01367	0.01109	0.08630	0.10800	0.05748	0.08002	0.07859	0.04668	0.00968	0.01005	0.00216	0.21439	0.00720	0.00452	0.03661
13	0.09642	0.04302	0.21554	0.05727	0.09169	0.01353	0.03003	0.12762	0.03035	0.11976	0.03388	0.08546	0.01375	0.00766	0.00594	0.00194	0.00674	0.00632	0.00443	0.00864
14	0.04791	0.16660	0.13859	0.01337	0.04597	0.01418	0.03367	0.08331	0.05500	0.16365	0.07811	0.02254	0.01690	0.00783	0.00587	0.00186	0.00626	0.06941	0.00481	0.02416
15	0.01408	0.04040	0.32944	0.01624	0.06285	0.04399	0.08274	0.01951	0.04854	0.07389	0.05687	0.01823	0.04563	0.00664	0.00592	0.00178	0.00738	0.00565	0.00374	0.11648

[dist]
# distance from previous block
# <min> <max>
1	69

[block]
# block no. 3 follows, 37 sequences, length 14
# corresponding to MSA columns:
# 691,695-707
name=unknown_D
#
# <colnr> <probs for GDERKNQSTAVLIFYWHMCP>
#	G	D	E	R	K	N	Q	S	T	A	V	L	I	F	Y	W	H	M	C	P
0	0.00740	0.00600	0.00648	0.00677	0.00835	0.00518	0.00487	0.00882	0.01334	0.01637	0.07486	0.21445	0.53701	0.05163	0.00846	0.00233	0.00332	0.01365	0.00563	0.00508
1	0.08020	0.03486	0.05097	0.06919	0.10185	0.04748	0.01207	0.26332	0.08394	0.12595	0.05746	0.01750	0.01371	0.00717	0.00592	0.00187	0.00644	0.00570	0.00522	0.00918
2	0.29265	0.17779	0.07083	0.01228	0.04174	0.10747	0.01046	0.07524	0.09674	0.04591	0.01177	0.01264	0.00917	0.00616	0.00479	0.00175	0.00646	0.00422	0.00393	0.00799
3	0.00943	0.00675	0.00944	0.01076	0.01199	0.00677	0.00909	0.01194	0.01346	0.01765	0.03160	0.17470	0.03477	0.01909	0.05581	0.00321	0.00600	0.55652	0.00549	0.00552
4	0.01510	0.06638	0.02287	0.04591	0.46054	0.01405	0.06670	0.01944	0.06527	0.06267	0.03492	0.07102	0.01398	0.00693	0.00617	0.00188	0.00678	0.00658	0.00379	0.00900
5	0.00914	0.06232	0.01027	0.00928	0.05585	0.00744	0.00655	0.01156	0.01563	0.02085	0.41657	0.04567	0.28137	0.01255	0.00692	0.00192	0.00350	0.01078	0.00586	0.00597
6	0.10397	0.27004	0.21226	0.01635	0.13394	0.01685	0.01425	0.03849	0.01363	0.08141	0.03820	0.01387	0.01051	0.00599	0.00511	0.00170	0.00687	0.00454	0.00347	0.00853
7	0.04854	0.01285	0.04308	0.33254	0.19534	0.01360	0.08922	0.04391	0.03997	0.01885	0.01383	0.01782	0.03386	0.00910	0.05974	0.00253	0.00830	0.00589	0.00327	0.00777
8	0.03611	0.06638	0.13481	0.11122	0.09167	0.06800	0.07296	0.13204	0.03853	0.02155	0.01358	0.01576	0.03644	0.00659	0.00657	0.00182	0.04910	0.00530	0.00367	0.08791
9	0.05031	0.03891	0.07368	0.06782	0.25113	0.01386	0.06646	0.08974	0.04324	0.09613	0.01340	0.01552	0.01026	0.00706	0.02572	0.00198	0.02156	0.00531	0.00397	0.10392
10	0.01618	0.03332	0.06976	0.08845	0.13326	0.05878	0.04492	0.10832	0.10426	0.07512	0.04778	0.01811	0.01340	0.00670	0.00590	0.00174	0.00663	0.01905	0.00439	0.14392
11	0.10369	0.01259	0.01722	0.03596	0.13437	0.01252	0.08434	0.14006	0.04331	0.10043	0.06815	0.02014	0.05151	0.02356	0.00642	0.00185	0.00599	0.00613	0.00474	0.12701
12	0.01480	0.01756	0.15972	0.18089	0.10653	0.07025	0.07591	0.06179	0.01408	0.05381	0.01237	0.04289	0.01003	0.00699	0.00771	0.00197	0.09755	0.00567	0.00339	0.05609
13	0.03556	0.03317	0.09586	0.08065	0.06990	0.03256	0.06003	0.04870	0.07025	0.07585	0.04782	0.06268	0.07932	0.00830	0.00729	0.00190	0.07276	0.00681	0.00428	0.10632

[dist]
# distance from previous block
# <min> <max>
8	55

[block]
# block no. 4 follows, 37 sequences, length 7
# corresponding to MSA columns:
# 776-780,782,783
name=unknown_E
#
# <colnr> <probs for GDERKNQSTAVLIFYWHMCP>
#	G	D	E	R	K	N	Q	S	T	A	V	L	I	F	Y	W	H	M	C	P
0	0.04703	0.05353	0.06724	0.13489	0.07993	0.01283	0.01193	0.07157	0.05484	0.04973	0.06255	0.05912	0.03782	0.00823	0.00722	0.00189	0.07590	0.03367	0.00417	0.12590
1	0.08377	0.03530	0.08461	0.11221	0.13390	0.02820	0.04768	0.12483	0.06148	0.07994	0.04132	0.04209	0.08304	0.00779	0.00607	0.00193	0.00650	0.00657	0.00447	0.00832
2	0.06047	0.05532	0.03520	0.27863	0.11958	0.01372	0.01304	0.08571	0.08674	0.02041	0.01605	0.01912	0.05723	0.03486	0.00670	0.00199	0.00659	0.00578	0.00380	0.07906
3	0.04354	0.01106	0.06151	0.10164	0.21217	0.00996	0.01156	0.01523	0.01441	0.06210	0.21509	0.03093	0.12850	0.04706	0.00767	0.00212	0.00543	0.00809	0.00466	0.00726
4	0.08156	0.15709	0.11950	0.01484	0.04828	0.26059	0.01279	0.12689	0.01645	0.04293	0.01086	0.01241	0.00862	0.00726	0.02344	0.00190	0.03854	0.00434	0.00359	0.00811
5	0.03562	0.00632	0.00765	0.00845	0.00947	0.00606	0.00603	0.03497	0.01275	0.01705	0.03632	0.48721	0.16276	0.06132	0.00892	0.00260	0.00396	0.08176	0.00552	0.00525
6	0.01041	0.00845	0.00929	0.00992	0.04774	0.07229	0.00622	0.01110	0.01024	0.01323	0.01803	0.08581	0.01966	0.43269	0.16904	0.05102	0.00830	0.00825	0.00363	0.00470

[dist]
# distance from previous block
# <min> <max>
0	1

[block]
# block no. 5 follows, 37 sequences, length 14
# corresponding to MSA columns:
# 799-812
name=unknown_F
#
# <colnr> <probs for GDERKNQSTAVLIFYWHMCP>
#	G	D	E	R	K	N	Q	S	T	A	V	L	I	F	Y	W	H	M	C	P
0	0.36820	0.03842	0.05708	0.03017	0.06289	0.04212	0.02928	0.08928	0.08351	0.02524	0.05001	0.03177	0.01216	0.00669	0.00505	0.00184	0.00575	0.00500	0.00422	0.05132
1	0.47443	0.01301	0.04930	0.01128	0.03578	0.01330	0.04421	0.06622	0.01319	0.13316	0.01223	0.01332	0.00896	0.00634	0.00534	0.00191	0.03799	0.00441	0.04796	0.00768
2	0.03201	0.03543	0.13107	0.06796	0.34477	0.04592	0.05622	0.03880	0.07554	0.06572	0.01321	0.01546	0.01021	0.00595	0.00594	0.00184	0.00741	0.00536	0.00361	0.03755
3	0.05780	0.04474	0.01679	0.27559	0.07972	0.01256	0.01208	0.08372	0.01419	0.04589	0.01152	0.01434	0.00896	0.00562	0.00534	0.00156	0.00633	0.00463	0.00361	0.29504
4	0.00960	0.00694	0.00853	0.00908	0.01008	0.00687	0.00633	0.10303	0.01391	0.01850	0.03158	0.61818	0.06155	0.05395	0.00868	0.00255	0.00407	0.01527	0.00565	0.00563
5	0.36004	0.01894	0.01446	0.01263	0.01610	0.29381	0.03648	0.05817	0.05904	0.02228	0.01033	0.01183	0.00822	0.00642	0.00571	0.00183	0.04857	0.00414	0.00374	0.00726
6	0.00742	0.00618	0.00658	0.00663	0.00851	0.00535	0.00495	0.00906	0.01378	0.01680	0.09612	0.09181	0.62549	0.01740	0.05398	0.00256	0.00394	0.01264	0.00559	0.00521
7	0.00890	0.00593	0.00668	0.00668	0.00668	0.00593	0.00371	0.00890	0.00890	0.01187	0.01929	0.04006	0.02225	0.78487	0.03116	0.00593	0.00593	0.00890	0.00371	0.00371
8	0.01579	0.06646	0.07893	0.01885	0.19392	0.01450	0.04302	0.12085	0.16909	0.04281	0.04970	0.01750	0.01375	0.00659	0.00583	0.00174	0.00626	0.00566	0.00446	0.12428
9	0.05588	0.14190	0.01851	0.01492	0.10734	0.11365	0.03280	0.06817	0.07494	0.10839	0.08919	0.03429	0.03042	0.00748	0.00571	0.00173	0.00633	0.01963	0.00460	0.06411
10	0.05262	0.07248	0.10965	0.01533	0.11472	0.01224	0.02745	0.06138	0.07263	0.10384	0.01854	0.10164	0.01677	0.02390	0.00660	0.00200	0.00605	0.08409	0.00458	0.09348
11	0.04618	0.01419	0.06496	0.04971	0.03725	0.04944	0.06661	0.10286	0.10952	0.18605	0.03891	0.02069	0.04616	0.00789	0.00690	0.01887	0.03075	0.02035	0.00512	0.07758
12	0.04450	0.08602	0.10020	0.01314	0.07278	0.01164	0.03882	0.03565	0.06644	0.10636	0.07297	0.04648	0.01673	0.09090	0.00836	0.00213	0.00579	0.00624	0.02687	0.14797
13	0.01433	0.06640	0.17633	0.01414	0.05580	0.03560	0.05374	0.04928	0.08561	0.07372	0.06191	0.06453	0.03866	0.00847	0.02475	0.00194	0.00659	0.00636	0.00428	0.15755

[dist]
# distance from previous block
# <min> <max>
1	7

[block]
# block no. 6 follows, 37 sequences, length 52
# corresponding to MSA columns:
# 821-833,837,839-872,874-877
name=unknown_G
#
# <colnr> <probs for GDERKNQSTAVLIFYWHMCP>
#	G	D	E	R	K	N	Q	S	T	A	V	L	I	F	Y	W	H	M	C	P
0	0.08141	0.05009	0.13219	0.01318	0.05059	0.03967	0.04899	0.04997	0.05793	0.11789	0.09940	0.02062	0.05480	0.00724	0.00573	0.00172	0.00597	0.00597	0.00460	0.15203
1	0.01629	0.11844	0.03276	0.05169	0.01650	0.01333	0.02458	0.17077	0.08516	0.10997	0.10339	0.06801	0.04458	0.00886	0.00607	0.00185	0.00550	0.03741	0.03431	0.05051
2	0.07337	0.01730	0.19450	0.04103	0.07053	0.01342	0.09017	0.16146	0.03869	0.05495	0.03040	0.06387	0.04018	0.02261	0.00654	0.00199	0.00689	0.00647	0.02552	0.04012
3	0.01012	0.00833	0.01018	0.04961	0.01316	0.02342	0.00720	0.01212	0.01253	0.01764	0.04625	0.37956	0.02662	0.01241	0.00646	0.00185	0.00440	0.04285	0.00473	0.31056
4	0.01708	0.05057	0.01870	0.03454	0.13296	0.06421	0.05078	0.18452	0.18264	0.04075	0.01637	0.05638	0.01329	0.00741	0.00637	0.00184	0.02672	0.00617	0.00475	0.08396
5	0.01167	0.00935	0.01039	0.01005	0.01204	0.01012	0.00735	0.05196	0.32010	0.02074	0.04530	0.26646	0.07892	0.10487	0.00979	0.00265	0.00448	0.01092	0.00572	0.00711
6	0.01119	0.00599	0.00844	0.00821	0.00848	0.00609	0.00555	0.04635	0.00915	0.01220	0.01142	0.01981	0.01139	0.07082	0.02345	0.72442	0.00543	0.00556	0.00291	0.00314
7	0.01643	0.38263	0.15030	0.04172	0.05339	0.04475	0.06749	0.08724	0.04795	0.03889	0.01125	0.01273	0.00899	0.00581	0.00510	0.00163	0.00740	0.00444	0.00333	0.00851
8	0.01303	0.01022	0.03782	0.07808	0.07222	0.00977	0.03643	0.10973	0.01580	0.08306	0.10923	0.17430	0.10200	0.02915	0.03664	0.00250	0.00582	0.06187	0.00523	0.00710
9	0.01007	0.07193	0.21373	0.01142	0.01484	0.00939	0.02689	0.01326	0.01264	0.01772	0.05684	0.36782	0.02715	0.01288	0.00673	0.00216	0.00547	0.05137	0.06120	0.00650
10	0.01285	0.03702	0.20534	0.04881	0.04090	0.02866	0.06524	0.07961	0.01355	0.04443	0.01712	0.13892	0.01669	0.16043	0.04489	0.00314	0.02352	0.00785	0.00389	0.00713
11	0.01998	0.09047	0.26627	0.03550	0.06067	0.04725	0.01462	0.02399	0.01515	0.34142	0.01652	0.01626	0.01115	0.00655	0.00580	0.00184	0.00709	0.00518	0.00484	0.00943
12	0.01477	0.01669	0.06855	0.31067	0.18874	0.15291	0.06212	0.03595	0.01414	0.01756	0.01217	0.05560	0.01027	0.00665	0.00614	0.00192	0.00842	0.00586	0.00313	0.00773
13	0.01347	0.08685	0.40303	0.05062	0.04445	0.03520	0.15915	0.04599	0.01399	0.01931	0.01453	0.01664	0.05675	0.00635	0.00606	0.00191	0.00858	0.00560	0.00306	0.00846
14	0.00829	0.00660	0.00868	0.03521	0.02995	0.00659	0.00683	0.00983	0.01256	0.01652	0.08015	0.45388	0.19504	0.01651	0.00837	0.00235	0.05446	0.03741	0.00538	0.00539
15	0.03897	0.01271	0.03557	0.14952	0.23375	0.01249	0.05957	0.06645	0.01559	0.21889	0.03404	0.02105	0.01365	0.00719	0.00630	0.00197	0.00679	0.05193	0.00469	0.00889
16	0.01317	0.01079	0.06172	0.01264	0.03573	0.00962	0.06465	0.09450	0.07448	0.09663	0.02602	0.38021	0.02693	0.01326	0.00713	0.00225	0.00530	0.05226	0.00549	0.00723
17	0.01750	0.01198	0.06292	0.01203	0.01591	0.01055	0.06373	0.13184	0.05585	0.24367	0.13896	0.10225	0.06676	0.00994	0.00667	0.00201	0.00542	0.02747	0.00612	0.00840
18	0.01410	0.01127	0.01122	0.01016	0.01281	0.09283	0.00779	0.03394	0.20914	0.10338	0.22963	0.07363	0.14323	0.01087	0.00666	0.00197	0.00472	0.00914	0.00606	0.00744
19	0.01612	0.03454	0.17685	0.02797	0.03809	0.07161	0.04897	0.09022	0.29325	0.06372	0.01818	0.03729	0.01406	0.03328	0.00694	0.00209	0.00686	0.00620	0.00479	0.00898
20	0.01416	0.01366	0.02347	0.01837	0.02102	0.01572	0.26419	0.03421	0.01239	0.05643	0.01409	0.06699	0.03557	0.00921	0.01321	0.00237	0.36699	0.00711	0.00347	0.00737
21	0.01409	0.01108	0.01287	0.00993	0.01450	0.00952	0.00788	0.13196	0.01538	0.04234	0.01537	0.11477	0.01418	0.00729	0.00536	0.00134	0.00481	0.02273	0.00446	0.54012
22	0.01229	0.01041	0.01218	0.00894	0.01392	0.00792	0.00703	0.01482	0.01249	0.01940	0.01229	0.04908	0.01107	0.03839	0.00582	0.00119	0.00455	0.00448	0.00372	0.75000
23	0.01700	0.01471	0.05470	0.25602	0.02790	0.07659	0.14111	0.08218	0.04138	0.15281	0.01570	0.02013	0.01195	0.00711	0.00642	0.00201	0.00789	0.05189	0.00432	0.00819
24	0.02172	0.06813	0.01794	0.01528	0.01847	0.64902	0.01166	0.02435	0.06415	0.01564	0.01038	0.01182	0.00860	0.00652	0.00593	0.00163	0.03399	0.00415	0.00331	0.00730
25	0.35971	0.00911	0.00928	0.00854	0.01128	0.00991	0.00681	0.01547	0.01183	0.09055	0.06236	0.02391	0.11701	0.01889	0.21635	0.00414	0.00770	0.00630	0.00444	0.00641
26	0.00883	0.00603	0.00713	0.00713	0.00735	0.00617	0.00432	0.00920	0.00919	0.01235	0.02009	0.03824	0.04204	0.65364	0.13813	0.00640	0.00740	0.00867	0.00370	0.00401
27	0.01346	0.05579	0.48948	0.01931	0.02709	0.01492	0.21743	0.01958	0.01337	0.03828	0.01156	0.01402	0.00839	0.00577	0.00646	0.00196	0.02622	0.00529	0.00286	0.00876
28	0.01303	0.02670	0.52668	0.02125	0.09970	0.01452	0.17262	0.01937	0.01335	0.01949	0.01134	0.01392	0.00828	0.00564	0.00614	0.00195	0.00914	0.00520	0.00274	0.00894
29	0.00952	0.00680	0.00947	0.01088	0.01214	0.00675	0.00926	0.01208	0.01375	0.01793	0.03260	0.17135	0.03598	0.01724	0.00836	0.00277	0.00534	0.60660	0.00564	0.00554
30	0.00916	0.00660	0.00727	0.00715	0.00931	0.00566	0.00554	0.01093	0.01432	0.07627	0.08106	0.07439	0.57820	0.01497	0.00727	0.00213	0.00350	0.07474	0.00587	0.00565
31	0.01176	0.03832	0.02396	0.09730	0.02442	0.01192	0.37516	0.01529	0.01330	0.01767	0.02085	0.24955	0.05246	0.00998	0.00717	0.00216	0.00758	0.01025	0.00394	0.00695
32	0.01053	0.00532	0.00795	0.00799	0.00800	0.00531	0.00533	0.00799	0.00809	0.01079	0.01135	0.04220	0.01156	0.02120	0.02342	0.79654	0.00526	0.00569	0.00275	0.00273
33	0.01523	0.01315	0.01384	0.01246	0.01592	0.01523	0.00969	0.03253	0.73563	0.02561	0.02491	0.02284	0.01869	0.00830	0.00623	0.00208	0.00484	0.00692	0.00623	0.00969
34	0.01408	0.09528	0.36698	0.02442	0.30247	0.01552	0.01948	0.03742	0.01359	0.01954	0.01098	0.01355	0.00859	0.00579	0.00610	0.00185	0.02753	0.00481	0.00285	0.00916
35	0.01404	0.03957	0.22777	0.07641	0.05384	0.01512	0.38329	0.05668	0.01464	0.02028	0.03094	0.01597	0.01009	0.00573	0.00658	0.00198	0.00923	0.00621	0.00317	0.00845
36	0.74468	0.01308	0.01014	0.00966	0.03978	0.06293	0.00743	0.01845	0.01101	0.02636	0.00870	0.01021	0.00683	0.00571	0.00399	0.00187	0.00525	0.00344	0.00372	0.00677
37	0.01390	0.01311	0.02177	0.03229	0.61708	0.01298	0.01653	0.01726	0.01406	0.01973	0.04251	0.02275	0.09022	0.00717	0.00631	0.00188	0.00662	0.03136	0.00353	0.00894
38	0.00818	0.00609	0.00769	0.00855	0.00943	0.00583	0.00598	0.01064	0.06040	0.01762	0.12954	0.55127	0.10255	0.01720	0.00760	0.00236	0.00357	0.03424	0.00586	0.00542
39	0.01063	0.00532	0.00797	0.00797	0.00797	0.00532	0.00532	0.00797	0.00797	0.01063	0.01063	0.01861	0.01063	0.02127	0.02392	0.82190	0.00532	0.00532	0.00266	0.00266
40	0.01359	0.01645	0.13623	0.16824	0.22772	0.01459	0.14008	0.01849	0.04785	0.01873	0.01172	0.01533	0.00926	0.00621	0.00758	0.00197	0.08549	0.00558	0.00306	0.05182
41	0.00884	0.00599	0.00709	0.00714	0.00729	0.00612	0.00428	0.00915	0.00911	0.01229	0.01938	0.06188	0.02195	0.66560	0.12379	0.00632	0.00720	0.00888	0.00372	0.00397
42	0.01269	0.01088	0.01269	0.00907	0.01451	0.00816	0.00725	0.01541	0.01269	0.01995	0.01088	0.01269	0.00907	0.00453	0.00453	0.00091	0.00453	0.00363	0.00363	0.82229
43	0.00745	0.00621	0.00650	0.00643	0.00840	0.00526	0.00482	0.00920	0.01446	0.01775	0.16494	0.05692	0.64052	0.01505	0.00723	0.00205	0.00307	0.01264	0.00584	0.00526
44	0.01916	0.46207	0.02574	0.01275	0.01709	0.34069	0.01106	0.02096	0.01455	0.01465	0.00892	0.01034	0.00787	0.00570	0.00461	0.00142	0.00848	0.00356	0.00285	0.00753
45	0.02287	0.02917	0.01735	0.01577	0.01892	0.76030	0.01183	0.02444	0.01735	0.01498	0.00946	0.01104	0.00788	0.00631	0.00552	0.00158	0.01104	0.00394	0.00315	0.00710
46	0.01228	0.03166	0.75316	0.01745	0.02649	0.01422	0.02262	0.01939	0.01292	0.01939	0.01099	0.01292	0.00775	0.00582	0.00582	0.00194	0.00905	0.00452	0.00258	0.00905
47	0.01769	0.01349	0.04318	0.01828	0.02304	0.01244	0.35690	0.02115	0.01449	0.24168	0.02910	0.01859	0.01222	0.00928	0.04340	0.05640	0.04926	0.00664	0.00447	0.00831
48	0.74840	0.08811	0.01126	0.00829	0.01222	0.01476	0.00701	0.01803	0.01062	0.02618	0.00852	0.00993	0.00675	0.00564	0.00380	0.00184	0.00491	0.00331	0.00367	0.00675
49	0.00890	0.00641	0.00919	0.02713	0.01129	0.00626	0.03018	0.01038	0.01218	0.01614	0.04963	0.38316	0.03387	0.08092	0.01109	0.06520	0.00482	0.22302	0.00515	0.00506
50	0.01448	0.30896	0.37884	0.01412	0.02093	0.03404	0.01624	0.04693	0.05214	0.01869	0.03453	0.01339	0.01009	0.00602	0.00519	0.00170	0.00765	0.00443	0.00307	0.00855
51	0.01543	0.20069	0.44484	0.01490	0.02220	0.01589	0.03011	0.04544	0.01405	0.10830	0.02630	0.01394	0.00977	0.00607	0.00549	0.00179	0.00783	0.00465	0.00342	0.00891

[dist]
# distance from previous block
# <min> <max>
1	3

[block]
# block no. 7 follows, 37 sequences, length 16
# corresponding to MSA columns:
# 881-888,891-898
name=unknown_H
#
# <colnr> <probs for GDERKNQSTAVLIFYWHMCP>
#	G	D	E	R	K	N	Q	S	T	A	V	L	I	F	Y	W	H	M	C	P
0	0.01183	0.00812	0.00988	0.00880	0.01101	0.00795	0.00679	0.07901	0.07750	0.07960	0.51558	0.04012	0.09634	0.01155	0.00696	0.00194	0.00359	0.00999	0.00663	0.00682
1	0.12126	0.12280	0.15110	0.01214	0.01681	0.01478	0.01165	0.10660	0.01389	0.04421	0.01142	0.01423	0.00941	0.04066	0.04216	0.00226	0.10073	0.00458	0.00363	0.15565
2	0.00890	0.00593	0.00668	0.00668	0.00668	0.00593	0.00371	0.00890	0.00890	0.01187	0.01929	0.04006	0.02225	0.78487	0.03116	0.00593	0.00593	0.00890	0.00371	0.00371
3	0.01600	0.01482	0.08393	0.01432	0.01705	0.01599	0.01250	0.11984	0.16269	0.08596	0.01516	0.01812	0.01222	0.01068	0.04385	0.00261	0.31657	0.02498	0.00442	0.00830
4	0.01328	0.08363	0.65517	0.01674	0.02525	0.01522	0.02106	0.06509	0.01392	0.02028	0.01105	0.01282	0.00793	0.00587	0.00570	0.00189	0.00872	0.00450	0.00282	0.00905
5	0.01339	0.01339	0.01875	0.01607	0.01607	0.01875	0.01339	0.01473	0.00937	0.01473	0.00804	0.01339	0.00804	0.01071	0.02009	0.00268	0.77367	0.00536	0.00268	0.00670
6	0.00818	0.00624	0.00751	0.00719	0.00885	0.00557	0.00539	0.01061	0.01618	0.02182	0.51152	0.05021	0.29140	0.01353	0.00722	0.00197	0.00296	0.01170	0.00638	0.00557
7	0.00885	0.00595	0.00685	0.00701	0.00710	0.00592	0.00413	0.00905	0.00933	0.01242	0.02084	0.08940	0.02404	0.69921	0.02858	0.00556	0.00577	0.04217	0.00393	0.00388
8	0.00772	0.00552	0.00738	0.00869	0.00919	0.00518	0.00602	0.00903	0.01223	0.01635	0.07458	0.68226	0.04107	0.01861	0.00783	0.00248	0.00368	0.07137	0.00574	0.00507
9	0.01375	0.18133	0.56592	0.01586	0.02390	0.01649	0.01955	0.06134	0.01377	0.01954	0.01071	0.01241	0.00793	0.00579	0.00546	0.00181	0.00841	0.00433	0.00280	0.00889
10	0.01418	0.01401	0.05251	0.16717	0.26959	0.01454	0.06547	0.07817	0.01426	0.01998	0.03473	0.01844	0.01176	0.00725	0.00835	0.00203	0.12325	0.03851	0.00343	0.04237
11	0.01182	0.01126	0.01663	0.01452	0.01514	0.01470	0.05413	0.01351	0.01007	0.01504	0.01318	0.11499	0.01367	0.01802	0.15537	0.00395	0.48718	0.00725	0.00320	0.00634
12	0.00756	0.00557	0.00711	0.00830	0.00900	0.00512	0.00575	0.00881	0.01223	0.01593	0.03833	0.62052	0.15646	0.01844	0.00775	0.00244	0.00360	0.05636	0.00568	0.00504
13	0.03333	0.10975	0.49373	0.01786	0.09827	0.01508	0.01894	0.02058	0.05630	0.06262	0.01232	0.01380	0.00903	0.00596	0.00563	0.00186	0.00801	0.00469	0.00317	0.00905
14	0.22954	0.32969	0.07694	0.01024	0.01529	0.01705	0.00977	0.04498	0.01254	0.02018	0.00961	0.01123	0.00807	0.00656	0.02678	0.00171	0.00619	0.00363	0.00326	0.15673
15	0.07362	0.06077	0.00932	0.00774	0.00840	0.00749	0.00527	0.00977	0.00877	0.01259	0.01308	0.02417	0.01384	0.26264	0.02328	0.44080	0.00555	0.00616	0.00308	0.00366

[dist]
# distance from previous block
# <min> <max>
0	3

[block]
# block no. 8 follows, 37 sequences, length 48
# corresponding to MSA columns:
# 902-949
name=unknown_I
#
# <colnr> <probs for GDERKNQSTAVLIFYWHMCP>
#	G	D	E	R	K	N	Q	S	T	A	V	L	I	F	Y	W	H	M	C	P
0	0.01484	0.04438	0.06630	0.12163	0.30861	0.01461	0.03590	0.07467	0.10687	0.02118	0.01311	0.01562	0.01038	0.00609	0.00623	0.00180	0.02707	0.00534	0.00366	0.10169
1	0.01573	0.01532	0.04100	0.17404	0.22878	0.05069	0.22491	0.06008	0.01481	0.06650	0.01240	0.01581	0.00947	0.00599	0.00693	0.00196	0.03769	0.00592	0.00344	0.00853
2	0.82811	0.01184	0.00900	0.00805	0.01184	0.01373	0.00663	0.01799	0.01042	0.02746	0.00852	0.00994	0.00663	0.00568	0.00379	0.00189	0.00474	0.00331	0.00379	0.00663
3	0.01326	0.01086	0.01275	0.00914	0.01455	0.00819	0.00732	0.01597	0.01288	0.04792	0.01139	0.01300	0.00930	0.00465	0.00460	0.00094	0.00456	0.00372	0.00378	0.79122
4	0.00760	0.00622	0.00671	0.00659	0.00849	0.00532	0.00494	0.00950	0.01482	0.01859	0.23710	0.05552	0.56784	0.01473	0.00723	0.00203	0.00305	0.01244	0.00596	0.00532
5	0.01202	0.01120	0.01863	0.71990	0.07031	0.01378	0.01693	0.03489	0.01275	0.01643	0.01101	0.01623	0.00828	0.00613	0.00612	0.00203	0.00809	0.00544	0.00282	0.00702
6	0.01318	0.01319	0.01907	0.01621	0.01652	0.01798	0.04737	0.01469	0.00972	0.01501	0.00938	0.04758	0.00953	0.01082	0.01892	0.00264	0.70267	0.00598	0.00283	0.00669
7	0.00889	0.00598	0.00688	0.00688	0.00696	0.00605	0.00397	0.00903	0.00896	0.01202	0.01910	0.03901	0.02180	0.73638	0.07902	0.00619	0.00662	0.00875	0.00368	0.00382
8	0.00971	0.00694	0.00969	0.01110	0.01244	0.00691	0.00960	0.01242	0.01394	0.01815	0.03250	0.11469	0.03557	0.01706	0.00841	0.00280	0.00550	0.66137	0.00564	0.00559
9	0.01228	0.03166	0.75316	0.01745	0.02649	0.01422	0.02262	0.01939	0.01292	0.01939	0.01099	0.01292	0.00775	0.00582	0.00582	0.00194	0.00905	0.00452	0.00258	0.00905
10	0.00746	0.00533	0.00710	0.00852	0.00888	0.00497	0.00568	0.00852	0.01172	0.01563	0.03374	0.78088	0.04049	0.01918	0.00781	0.00249	0.00355	0.01740	0.00568	0.00497
11	0.00866	0.00626	0.00818	0.00770	0.00914	0.00578	0.00578	0.01155	0.01733	0.02455	0.74346	0.04572	0.05776	0.01251	0.00722	0.00193	0.00289	0.01107	0.00674	0.00578
12	0.01151	0.00699	0.00742	0.00707	0.00899	0.00699	0.00537	0.01603	0.10845	0.04860	0.10206	0.03112	0.14191	0.00925	0.00540	0.00169	0.00324	0.00764	0.46397	0.00632
13	0.01234	0.00899	0.00957	0.00874	0.01091	0.05070	0.00668	0.03806	0.11513	0.06828	0.35829	0.03514	0.09057	0.01041	0.00638	0.00185	0.00389	0.00883	0.14848	0.00675
14	0.80092	0.01179	0.00917	0.00815	0.01197	0.01357	0.00671	0.01840	0.01066	0.05204	0.00905	0.01031	0.00692	0.00575	0.00387	0.00189	0.00475	0.00341	0.00392	0.00676
15	0.00746	0.00533	0.00710	0.00852	0.00888	0.00497	0.00568	0.00852	0.01172	0.01563	0.03374	0.78088	0.04049	0.01918	0.00781	0.00249	0.00355	0.01740	0.00568	0.00497
16	0.05642	0.01649	0.01772	0.01363	0.01847	0.01812	0.01126	0.65193	0.02730	0.08458	0.01506	0.01490	0.01056	0.00730	0.00603	0.00184	0.00655	0.00546	0.00612	0.01026
17	0.01469	0.01407	0.02401	0.13182	0.65606	0.01442	0.01856	0.01838	0.01372	0.01944	0.01143	0.01530	0.00950	0.00554	0.00607	0.00185	0.00739	0.00545	0.00299	0.00932
18	0.02287	0.02917	0.01735	0.01577	0.01892	0.76030	0.01183	0.02444	0.01735	0.01498	0.00946	0.01104	0.00788	0.00631	0.00552	0.00158	0.01104	0.00394	0.00315	0.00710
19	0.01295	0.01170	0.01353	0.01035	0.01467	0.04030	0.00831	0.01540	0.01225	0.01866	0.01078	0.01345	0.00928	0.00809	0.05495	0.00175	0.11083	0.00406	0.00346	0.62525
20	0.00949	0.00708	0.01029	0.01000	0.01075	0.00840	0.00764	0.01079	0.00947	0.01362	0.01502	0.02357	0.01452	0.10152	0.52673	0.11115	0.09521	0.00647	0.00317	0.00509
21	0.00815	0.00624	0.00856	0.00926	0.01036	0.00585	0.03158	0.00982	0.01262	0.01640	0.03743	0.46420	0.16733	0.01839	0.03047	0.00268	0.00449	0.14543	0.00551	0.00526
22	0.01844	0.01475	0.01565	0.01311	0.01714	0.01673	0.01047	0.30961	0.45331	0.03079	0.02083	0.01959	0.01538	0.00792	0.00619	0.00198	0.00560	0.00636	0.00619	0.00998
23	0.01367	0.00736	0.00979	0.00855	0.01087	0.00663	0.00663	0.01642	0.01738	0.21798	0.55191	0.03910	0.04641	0.01120	0.00694	0.00192	0.00351	0.00976	0.00696	0.00701
24	0.01523	0.01920	0.18516	0.04126	0.21641	0.04066	0.30316	0.02009	0.01424	0.06631	0.01248	0.01546	0.00937	0.00559	0.00646	0.00194	0.00890	0.00596	0.00325	0.00887
25	0.01321	0.03967	0.32529	0.08255	0.02918	0.01486	0.32213	0.01882	0.01344	0.01889	0.01206	0.01632	0.00926	0.00601	0.00690	0.00203	0.03194	0.02622	0.00291	0.00833
26	0.01515	0.01454	0.02485	0.03757	0.74669	0.01454	0.01879	0.01879	0.01394	0.02000	0.01151	0.01515	0.00970	0.00545	0.00606	0.00182	0.00727	0.00545	0.00303	0.00970
27	0.01296	0.01303	0.06598	0.07456	0.29889	0.01238	0.05961	0.01699	0.04616	0.03670	0.14081	0.04596	0.06745	0.00839	0.00764	0.00200	0.07101	0.00738	0.00409	0.00802
28	0.14111	0.17927	0.39115	0.03172	0.02119	0.01557	0.01601	0.02004	0.01294	0.10175	0.01158	0.01280	0.00844	0.00588	0.00516	0.00180	0.00742	0.00429	0.00334	0.00853
29	0.01320	0.01276	0.01757	0.01515	0.01532	0.01759	0.01252	0.01501	0.02993	0.01533	0.00947	0.01502	0.00919	0.03677	0.01931	0.00271	0.68879	0.00554	0.04221	0.00663
30	0.00726	0.00611	0.00629	0.00644	0.00833	0.00515	0.00476	0.00876	0.01372	0.01644	0.05912	0.13278	0.67220	0.01588	0.00729	0.00211	0.00315	0.01338	0.00568	0.00515
31	0.01383	0.04040	0.30863	0.01388	0.03420	0.03181	0.01421	0.03740	0.06845	0.10322	0.01938	0.13689	0.01774	0.04391	0.02489	0.00243	0.00707	0.06932	0.00436	0.00798
32	0.01063	0.00532	0.00797	0.00797	0.00797	0.00532	0.00532	0.00797	0.00797	0.01063	0.01063	0.01861	0.01063	0.02127	0.02392	0.82190	0.00532	0.00532	0.00266	0.00266
33	0.00883	0.00623	0.00816	0.00816	0.00867	0.00674	0.00556	0.00985	0.00934	0.01297	0.01793	0.03255	0.01900	0.43853	0.37305	0.00776	0.01084	0.00780	0.00351	0.00453
34	0.01353	0.01232	0.02073	0.49362	0.22653	0.01401	0.04784	0.04424	0.01357	0.03850	0.01163	0.01608	0.00890	0.00599	0.00615	0.00197	0.00788	0.00554	0.00309	0.00787
35	0.01622	0.43048	0.18475	0.01540	0.07575	0.12345	0.04125	0.01949	0.01342	0.01619	0.00956	0.01133	0.00804	0.00552	0.00485	0.00155	0.00791	0.00396	0.00274	0.00816
36	0.00876	0.00648	0.00943	0.00943	0.01038	0.00743	0.00714	0.01067	0.00972	0.01391	0.01677	0.02612	0.01620	0.14158	0.66618	0.00933	0.01504	0.00686	0.00333	0.00524
37	0.00890	0.00593	0.00668	0.00668	0.00668	0.00593	0.00371	0.00890	0.00890	0.01187	0.01929	0.04006	0.02225	0.78487	0.03116	0.00593	0.00593	0.00890	0.00371	0.00371
38	0.03521	0.02078	0.27152	0.03977	0.02368	0.05465	0.16247	0.06100	0.11709	0.08006	0.01547	0.01685	0.02789	0.00672	0.00678	0.00199	0.03957	0.00581	0.00395	0.00874
39	0.01655	0.16630	0.24564	0.01754	0.04457	0.01651	0.18428	0.10713	0.03226	0.09258	0.01293	0.01448	0.00950	0.00596	0.00588	0.00183	0.00807	0.00529	0.00373	0.00897
40	0.01492	0.01431	0.02443	0.08454	0.70152	0.01448	0.01867	0.01858	0.01383	0.01972	0.01147	0.01523	0.00960	0.00550	0.00606	0.00183	0.00733	0.00545	0.00301	0.00951
41	0.01387	0.03975	0.15842	0.17217	0.33893	0.01473	0.11936	0.01871	0.03008	0.01896	0.01164	0.01518	0.00914	0.00567	0.00613	0.00191	0.00813	0.00550	0.00296	0.00876
42	0.01538	0.37170	0.17642	0.03286	0.11429	0.01888	0.05222	0.07173	0.01402	0.01847	0.01040	0.01244	0.00856	0.00647	0.02243	0.00178	0.00756	0.00433	0.00301	0.03707
43	0.00767	0.00587	0.00689	0.00734	0.00853	0.00525	0.00515	0.00914	0.01331	0.01716	0.15854	0.32407	0.32089	0.07036	0.00913	0.00247	0.00343	0.01401	0.00572	0.00509
44	0.00753	0.00556	0.00706	0.00817	0.00889	0.00510	0.00563	0.00880	0.01238	0.01619	0.06425	0.60773	0.16367	0.01823	0.00771	0.00240	0.00351	0.03642	0.00572	0.00505
45	0.01521	0.07107	0.09056	0.06343	0.41706	0.01508	0.12354	0.04960	0.01449	0.04158	0.01324	0.01617	0.02939	0.00588	0.00610	0.00185	0.00768	0.00571	0.00330	0.00909
46	0.01372	0.15140	0.58371	0.01623	0.02438	0.01560	0.03799	0.01973	0.01311	0.05391	0.01126	0.01290	0.00817	0.00579	0.00557	0.00184	0.00849	0.00447	0.00284	0.00890
47	0.01478	0.01015	0.01087	0.00991	0.01239	0.06732	0.00753	0.08169	0.07624	0.15963	0.14148	0.22740	0.11544	0.01227	0.00680	0.00205	0.00468	0.01051	0.02163	0.00722

[dist]
# distance from previous block
# <min> <max>
0	19

# created by:
# /home/cegg/simao/soft/augustus-3.2.1/scripts/msa2prfl.pl ./align_prep/EOG091G0LP5.fa
