[name]
unknown

[dist]
# distance from previous block
# <min> <max>
9	69

[block]
# block no. 0 follows, 51 sequences, length 22
# corresponding to MSA columns:
# 206-227
name=unknown_A
#
# <colnr> <probs for GDERKNQSTAVLIFYWHMCP>
#	G	D	E	R	K	N	Q	S	T	A	V	L	I	F	Y	W	H	M	C	P
0	0.06224	0.10007	0.08538	0.01099	0.01459	0.02405	0.12673	0.11868	0.04256	0.12044	0.07380	0.05361	0.03166	0.00719	0.02241	0.00167	0.02106	0.04040	0.00381	0.03866
1	0.13934	0.16245	0.14326	0.01000	0.01404	0.05172	0.04353	0.14303	0.02578	0.08324	0.04954	0.03245	0.04531	0.00575	0.00437	0.00142	0.00523	0.00443	0.00347	0.03163
2	0.12361	0.08986	0.15728	0.02505	0.01356	0.07112	0.00914	0.12852	0.03926	0.06597	0.09032	0.02938	0.06851	0.02407	0.00520	0.00157	0.01578	0.01991	0.00363	0.01826
3	0.06485	0.15456	0.20155	0.00991	0.01399	0.01149	0.02923	0.14733	0.02718	0.04786	0.05792	0.09160	0.06712	0.00669	0.00464	0.00146	0.00501	0.00539	0.00349	0.04873
4	0.15577	0.10631	0.23354	0.01002	0.01420	0.05077	0.01017	0.09608	0.03306	0.09687	0.07822	0.02715	0.01171	0.00683	0.03080	0.00170	0.00558	0.02121	0.00344	0.00656
5	0.09111	0.11767	0.17447	0.01082	0.04224	0.03097	0.05652	0.07054	0.02755	0.10875	0.05589	0.07533	0.02772	0.03300	0.00526	0.00157	0.00517	0.00509	0.00345	0.05687
6	0.10121	0.06036	0.11688	0.01223	0.10489	0.06968	0.02746	0.07459	0.06664	0.05380	0.05067	0.07908	0.02228	0.00622	0.00508	0.00146	0.03985	0.00497	0.00337	0.09928
7	0.09497	0.10693	0.05626	0.00910	0.01230	0.10304	0.00778	0.17885	0.08478	0.04612	0.09775	0.02892	0.10519	0.00673	0.00463	0.00144	0.00478	0.00521	0.00395	0.04129
8	0.17974	0.04878	0.01180	0.03720	0.03262	0.03361	0.03987	0.09322	0.17812	0.07204	0.03145	0.01624	0.07052	0.00690	0.02371	0.00167	0.03838	0.00481	0.04228	0.03705
9	0.12129	0.30375	0.21828	0.02808	0.04467	0.03395	0.10247	0.01573	0.01048	0.06715	0.00869	0.01004	0.00675	0.00453	0.00409	0.00137	0.00600	0.00353	0.00255	0.00662
10	0.00979	0.00874	0.04864	0.32481	0.03743	0.00905	0.00962	0.09801	0.05031	0.03274	0.03104	0.20151	0.04070	0.06781	0.00673	0.00192	0.00506	0.00709	0.00346	0.00553
11	0.00772	0.00561	0.00745	0.00722	0.00793	0.00623	0.00523	0.04659	0.00864	0.01209	0.04673	0.02396	0.01535	0.30808	0.44613	0.00611	0.02583	0.00601	0.00297	0.00413
12	0.01215	0.01060	0.03121	0.03120	0.25957	0.01080	0.04140	0.09289	0.24355	0.05093	0.10083	0.01894	0.06130	0.00638	0.00511	0.00156	0.00471	0.00565	0.00403	0.00720
13	0.00590	0.00498	0.00510	0.00507	0.00669	0.00419	0.00380	0.00723	0.01141	0.01378	0.10780	0.04647	0.73632	0.01226	0.00581	0.00165	0.00248	0.01026	0.00463	0.00419
14	0.01103	0.02474	0.69392	0.01377	0.02044	0.08704	0.01696	0.04823	0.01125	0.01588	0.00883	0.01029	0.00633	0.00476	0.00466	0.00153	0.00734	0.00362	0.00224	0.00716
15	0.86201	0.00950	0.00722	0.00646	0.00950	0.01102	0.00532	0.01445	0.00836	0.02205	0.00684	0.00798	0.00532	0.00456	0.00304	0.00152	0.00380	0.00266	0.00304	0.00532
16	0.01090	0.01032	0.01714	0.37354	0.41588	0.01138	0.01402	0.01462	0.05624	0.01478	0.00965	0.01294	0.00767	0.00475	0.00489	0.00155	0.00604	0.00444	0.00247	0.00676
17	0.01063	0.00584	0.00755	0.00671	0.00857	0.00520	0.00517	0.01262	0.01337	0.21887	0.45710	0.07030	0.13919	0.00961	0.00560	0.00158	0.00285	0.00832	0.00543	0.00550
18	0.00922	0.00735	0.05590	0.00730	0.00894	0.00660	0.00577	0.05920	0.05792	0.07074	0.14076	0.02777	0.10214	0.26944	0.14611	0.00363	0.00565	0.00681	0.00388	0.00488
19	0.00863	0.00679	0.00816	0.00671	0.00942	0.00549	0.00516	0.01062	0.01141	0.03471	0.24750	0.10327	0.10336	0.00768	0.00480	0.00121	0.00306	0.00661	0.00406	0.41135
20	0.01022	0.00839	0.01039	0.00810	0.01141	0.00724	0.03842	0.06604	0.05447	0.01608	0.01187	0.09247	0.01101	0.04833	0.02558	0.05250	0.00422	0.00473	0.00326	0.51525
21	0.26791	0.30864	0.15273	0.00934	0.01373	0.01434	0.03006	0.08481	0.01082	0.01751	0.00781	0.00896	0.00626	0.00452	0.00364	0.00132	0.00519	0.00308	0.00269	0.04667

[dist]
# distance from previous block
# <min> <max>
0	19

[block]
# block no. 1 follows, 51 sequences, length 18
# corresponding to MSA columns:
# 247-264
name=unknown_B
#
# <colnr> <probs for GDERKNQSTAVLIFYWHMCP>
#	G	D	E	R	K	N	Q	S	T	A	V	L	I	F	Y	W	H	M	C	P
0	0.07246	0.01220	0.05300	0.01309	0.07381	0.06657	0.16684	0.09524	0.10812	0.04390	0.01316	0.04253	0.04068	0.00547	0.00476	0.00141	0.00547	0.00489	0.00343	0.17297
1	0.05920	0.26192	0.12022	0.01264	0.10632	0.20837	0.01031	0.03426	0.04221	0.04024	0.02273	0.01126	0.02760	0.00501	0.00415	0.00131	0.00616	0.00363	0.00273	0.01972
2	0.03720	0.00475	0.00673	0.00652	0.00694	0.00469	0.00449	0.00793	0.00718	0.06497	0.01075	0.01602	0.03732	0.01572	0.01719	0.73765	0.00418	0.00449	0.00253	0.00275
3	0.00895	0.00843	0.01504	0.01191	0.01440	0.00814	0.29151	0.01123	0.01075	0.03395	0.06278	0.12235	0.20826	0.06726	0.02652	0.00210	0.05847	0.02921	0.00356	0.00519
4	0.04461	0.01035	0.04079	0.00988	0.01312	0.01009	0.06055	0.21823	0.12119	0.14934	0.04192	0.08790	0.09437	0.00736	0.00527	0.00156	0.01812	0.00615	0.00457	0.05462
5	0.04579	0.19597	0.21227	0.01128	0.02750	0.05896	0.04593	0.08331	0.05425	0.08058	0.02475	0.04923	0.01074	0.00612	0.00482	0.00150	0.02076	0.05633	0.00324	0.00667
6	0.01389	0.00973	0.01077	0.00941	0.01233	0.01064	0.00740	0.02441	0.57304	0.18530	0.02182	0.01989	0.06533	0.00692	0.00504	0.00164	0.00386	0.00574	0.00520	0.00767
7	0.01140	0.01219	0.04735	0.36795	0.08303	0.12508	0.06707	0.03973	0.06209	0.01470	0.06676	0.01422	0.01018	0.00556	0.00559	0.00159	0.05206	0.00468	0.00278	0.00601
8	0.00638	0.00486	0.00586	0.00592	0.00706	0.00434	0.00432	0.00804	0.01209	0.01611	0.38986	0.20048	0.29299	0.01194	0.00590	0.00168	0.00248	0.01042	0.00496	0.00434
9	0.00881	0.00684	0.00871	0.00835	0.00965	0.00716	0.02320	0.12675	0.01237	0.01655	0.11059	0.32705	0.11924	0.01191	0.00686	0.00187	0.07345	0.11118	0.00445	0.00500
10	0.02764	0.00558	0.00694	0.00663	0.00812	0.00520	0.00508	0.01078	0.03801	0.08934	0.43922	0.11099	0.15338	0.01057	0.00575	0.00166	0.00281	0.06221	0.00513	0.00495
11	0.01532	0.29913	0.07391	0.01314	0.09690	0.39762	0.01032	0.01718	0.01204	0.01254	0.00759	0.00898	0.00647	0.00467	0.00406	0.00123	0.00719	0.00314	0.00234	0.00624
12	0.77214	0.06329	0.00874	0.00679	0.00994	0.01175	0.00569	0.04571	0.00907	0.02173	0.00704	0.00813	0.00551	0.00459	0.00313	0.00149	0.00396	0.00273	0.00306	0.00551
13	0.69971	0.01254	0.15856	0.00790	0.01174	0.01110	0.00777	0.01466	0.00875	0.02081	0.00722	0.00844	0.00549	0.00458	0.00335	0.00153	0.00446	0.00285	0.00286	0.00569
14	0.00960	0.06588	0.52083	0.02966	0.01814	0.03273	0.04218	0.01390	0.01026	0.01459	0.02641	0.11047	0.01070	0.00838	0.06313	0.00204	0.00701	0.00513	0.00251	0.00645
15	0.00861	0.00754	0.01121	0.03932	0.01136	0.00932	0.05206	0.01000	0.00792	0.01148	0.01107	0.01840	0.01096	0.17517	0.32549	0.00484	0.27282	0.00531	0.00252	0.00461
16	0.00834	0.00722	0.01081	0.11054	0.22096	0.00726	0.00848	0.01050	0.01113	0.01498	0.17397	0.08208	0.19673	0.02811	0.06085	0.00212	0.00471	0.03215	0.00371	0.00537
17	0.74160	0.00972	0.00806	0.00697	0.01013	0.01105	0.00574	0.06915	0.00982	0.07911	0.00810	0.00889	0.00603	0.00477	0.00331	0.00152	0.00394	0.00295	0.00339	0.00576

[dist]
# distance from previous block
# <min> <max>
0	8

[block]
# block no. 2 follows, 51 sequences, length 37
# corresponding to MSA columns:
# 273-309
name=unknown_C
#
# <colnr> <probs for GDERKNQSTAVLIFYWHMCP>
#	G	D	E	R	K	N	Q	S	T	A	V	L	I	F	Y	W	H	M	C	P
0	0.00731	0.00516	0.00611	0.00599	0.00611	0.00546	0.00370	0.00755	0.00735	0.00993	0.01582	0.03036	0.04055	0.69203	0.08581	0.00476	0.05285	0.00693	0.00295	0.00327
1	0.00626	0.00464	0.00581	0.00642	0.00714	0.00421	0.00440	0.00731	0.01001	0.01327	0.09684	0.55930	0.15459	0.05564	0.00702	0.00200	0.00287	0.01219	0.00449	0.03558
2	0.01083	0.01032	0.01754	0.39257	0.44463	0.01133	0.01442	0.01392	0.01056	0.01444	0.00901	0.01260	0.00722	0.00463	0.00489	0.00154	0.00617	0.00437	0.00232	0.00671
3	0.01287	0.09939	0.26400	0.01172	0.05056	0.02487	0.01133	0.12492	0.14624	0.08044	0.03250	0.02785	0.02221	0.00562	0.00463	0.00145	0.00541	0.00447	0.00355	0.06596
4	0.01346	0.78259	0.02511	0.00858	0.01277	0.01920	0.00846	0.05940	0.01075	0.01269	0.00712	0.00811	0.00643	0.00430	0.00326	0.00108	0.00526	0.00273	0.00227	0.00643
5	0.79812	0.00974	0.00746	0.00672	0.00965	0.03521	0.00549	0.01435	0.00851	0.02127	0.00715	0.00851	0.00566	0.00601	0.03889	0.00180	0.00437	0.00279	0.00301	0.00529
6	0.01636	0.06063	0.01477	0.01099	0.01462	0.03098	0.03449	0.51705	0.16839	0.02630	0.02657	0.01411	0.02984	0.00610	0.00489	0.00149	0.00515	0.00478	0.00464	0.00785
7	0.00715	0.00476	0.00536	0.00536	0.00536	0.00476	0.00298	0.00715	0.00715	0.00953	0.01548	0.03216	0.01787	0.82729	0.02501	0.00476	0.00476	0.00715	0.00298	0.00298
8	0.01033	0.00856	0.04471	0.00950	0.05634	0.00827	0.00726	0.06555	0.20213	0.06201	0.28289	0.03876	0.09541	0.00852	0.00563	0.00162	0.02154	0.04467	0.02019	0.00611
9	0.00637	0.00495	0.00564	0.00554	0.00681	0.00438	0.00404	0.00790	0.01181	0.01536	0.32819	0.07068	0.41475	0.08291	0.00750	0.00190	0.00264	0.00966	0.00475	0.00423
10	0.01471	0.01457	0.01421	0.07293	0.01558	0.22389	0.00996	0.21570	0.06056	0.01746	0.00934	0.01141	0.00761	0.00738	0.03151	0.00184	0.25770	0.00414	0.00316	0.00636
11	0.08870	0.24601	0.03547	0.02798	0.01439	0.37654	0.00919	0.07478	0.01250	0.01428	0.00762	0.00897	0.00640	0.00504	0.00469	0.00131	0.05432	0.00317	0.00260	0.00605
12	0.00663	0.00497	0.00616	0.00603	0.00724	0.00450	0.00452	0.00858	0.01283	0.01745	0.53144	0.10051	0.22519	0.01115	0.00587	0.00163	0.00247	0.03325	0.00511	0.00447
13	0.01041	0.00929	0.02835	0.00803	0.01233	0.00712	0.03530	0.04083	0.01089	0.01671	0.04384	0.01155	0.00904	0.00405	0.00389	0.00085	0.00390	0.00336	0.00306	0.73721
14	0.01630	0.01194	0.01316	0.01009	0.01399	0.01244	0.00826	0.50041	0.06662	0.06994	0.01206	0.01226	0.00882	0.00606	0.02069	0.00145	0.00500	0.00420	0.00448	0.20183
15	0.86201	0.00950	0.00722	0.00646	0.00950	0.01102	0.00532	0.01445	0.00836	0.02205	0.00684	0.00798	0.00532	0.00456	0.00304	0.00152	0.00380	0.00266	0.00304	0.00532
16	0.01846	0.01365	0.01462	0.01126	0.01515	0.01513	0.00929	0.75388	0.04984	0.03061	0.01209	0.01203	0.00859	0.00593	0.00492	0.00148	0.00535	0.00446	0.00492	0.00834
17	0.00703	0.00524	0.00775	0.00775	0.00857	0.00606	0.00595	0.00868	0.00785	0.01130	0.01330	0.02007	0.01262	0.08397	0.76116	0.00771	0.01266	0.00538	0.00265	0.00430
18	0.00664	0.00495	0.00618	0.00605	0.00723	0.00449	0.00450	0.00858	0.01284	0.01755	0.54695	0.12024	0.19958	0.01116	0.00587	0.00163	0.00245	0.02353	0.00513	0.00447
19	0.00663	0.00489	0.00619	0.00613	0.00721	0.00446	0.00450	0.00854	0.01275	0.01756	0.55606	0.17442	0.14984	0.01131	0.00588	0.00164	0.00243	0.00998	0.00514	0.00446
20	0.01012	0.05126	0.70839	0.01441	0.02137	0.01177	0.08426	0.01555	0.01047	0.01544	0.00885	0.01054	0.00634	0.00461	0.00472	0.00155	0.00728	0.00379	0.00211	0.00718
21	0.00751	0.00515	0.00653	0.00617	0.00749	0.00466	0.00463	0.00956	0.01324	0.05909	0.59514	0.08324	0.15804	0.01052	0.00578	0.00159	0.00247	0.00920	0.00527	0.00472
22	0.01013	0.00664	0.00814	0.00732	0.00907	0.00654	0.00565	0.08983	0.02956	0.12316	0.31463	0.13995	0.17066	0.01013	0.00613	0.00165	0.04178	0.00858	0.00501	0.00544
23	0.01697	0.01760	0.01432	0.01217	0.01474	0.38009	0.00961	0.27463	0.03842	0.01862	0.00917	0.01045	0.00729	0.00601	0.00664	0.00150	0.14797	0.00386	0.00334	0.00660
24	0.01052	0.00893	0.01037	0.00744	0.01179	0.00689	0.00596	0.04264	0.01070	0.01660	0.00886	0.01025	0.00732	0.00373	0.00369	0.00076	0.00371	0.00297	0.00299	0.82387
25	0.01545	0.16955	0.05793	0.01108	0.04302	0.25727	0.00900	0.06576	0.06176	0.13862	0.04062	0.06875	0.01126	0.00614	0.00479	0.00141	0.02290	0.00463	0.00353	0.00653
26	0.00748	0.00596	0.00787	0.00778	0.00861	0.03125	0.00592	0.00900	0.00846	0.01181	0.04133	0.06067	0.04924	0.09690	0.56759	0.00629	0.04763	0.00607	0.01578	0.00434
27	0.01154	0.00883	0.01159	0.10455	0.10337	0.04394	0.03520	0.07501	0.06991	0.10974	0.09031	0.06452	0.09779	0.05759	0.02963	0.00201	0.00498	0.06949	0.00405	0.00598
28	0.00709	0.00500	0.00655	0.00655	0.00696	0.00541	0.00446	0.00791	0.00750	0.01041	0.01440	0.02615	0.01526	0.45774	0.39100	0.00623	0.00869	0.00627	0.00282	0.00364
29	0.01019	0.10641	0.72373	0.01344	0.02040	0.01222	0.01718	0.01548	0.01034	0.01516	0.00862	0.01012	0.00623	0.00462	0.00452	0.00151	0.00706	0.00353	0.00208	0.00717
30	0.06034	0.00888	0.01009	0.00749	0.01156	0.00728	0.00598	0.04246	0.03937	0.02830	0.00995	0.03898	0.00844	0.00434	0.00381	0.00089	0.00371	0.00347	0.00318	0.70149
31	0.00878	0.00543	0.00719	0.00665	0.00810	0.00498	0.00511	0.01100	0.01367	0.11242	0.64136	0.05806	0.04099	0.00990	0.00576	0.00159	0.00267	0.04589	0.00542	0.00506
32	0.00928	0.00873	0.01474	0.81548	0.03385	0.01092	0.01365	0.01256	0.00983	0.01256	0.00873	0.01310	0.00655	0.00491	0.00491	0.00164	0.00655	0.00437	0.00218	0.00546
33	0.00693	0.00502	0.00653	0.00615	0.00732	0.00462	0.00461	0.00922	0.01384	0.01954	0.77462	0.03698	0.06590	0.01011	0.00580	0.00155	0.00232	0.00893	0.00539	0.00462
34	0.01174	0.48632	0.35740	0.01080	0.01631	0.01601	0.01257	0.01508	0.01015	0.01327	0.00768	0.00895	0.00627	0.00440	0.00380	0.00127	0.00611	0.00306	0.00209	0.00672
35	0.00585	0.00498	0.00504	0.00502	0.00666	0.00417	0.00377	0.00714	0.01130	0.01352	0.07783	0.04690	0.76644	0.01236	0.00581	0.00166	0.00248	0.01032	0.00460	0.00417
36	0.01657	0.01765	0.01324	0.01159	0.01447	0.41264	0.00895	0.17032	0.24922	0.01831	0.01216	0.01229	0.00934	0.00571	0.00470	0.00143	0.00669	0.00413	0.00374	0.00685

[dist]
# distance from previous block
# <min> <max>
0	2

[block]
# block no. 3 follows, 51 sequences, length 71
# corresponding to MSA columns:
# 312-329,331-383
name=unknown_D
#
# <colnr> <probs for GDERKNQSTAVLIFYWHMCP>
#	G	D	E	R	K	N	Q	S	T	A	V	L	I	F	Y	W	H	M	C	P
0	0.01641	0.01248	0.01487	0.04063	0.11768	0.01335	0.02044	0.51916	0.04463	0.05010	0.01165	0.01248	0.00861	0.01891	0.00515	0.00148	0.00530	0.00441	0.00431	0.07795
1	0.06609	0.01160	0.01865	0.04856	0.67343	0.01186	0.01404	0.06691	0.01178	0.01735	0.00925	0.01190	0.00763	0.00451	0.00475	0.00147	0.00570	0.00427	0.00263	0.00761
2	0.86201	0.00950	0.00722	0.00646	0.00950	0.01102	0.00532	0.01445	0.00836	0.02205	0.00684	0.00798	0.00532	0.00456	0.00304	0.00152	0.00380	0.00266	0.00304	0.00532
3	0.01281	0.01188	0.01882	0.02754	0.69321	0.05014	0.01418	0.01557	0.01147	0.05438	0.01023	0.01369	0.00862	0.00481	0.00491	0.00148	0.00586	0.03010	0.00269	0.00760
4	0.00717	0.00540	0.00688	0.00764	0.04617	0.00523	0.00530	0.00848	0.00994	0.01300	0.09037	0.06893	0.20779	0.24849	0.07944	0.00321	0.00466	0.17389	0.00390	0.00413
5	0.00928	0.00873	0.01474	0.81548	0.03385	0.01092	0.01365	0.01256	0.00983	0.01256	0.00873	0.01310	0.00655	0.00491	0.00491	0.00164	0.00655	0.00437	0.00218	0.00546
6	0.02110	0.00815	0.01110	0.00858	0.01222	0.00706	0.00706	0.02302	0.01406	0.75086	0.06821	0.01799	0.01432	0.00633	0.00500	0.00152	0.00406	0.00519	0.00604	0.00813
7	0.00928	0.00873	0.01474	0.81548	0.03385	0.01092	0.01365	0.01256	0.00983	0.01256	0.00873	0.01310	0.00655	0.00491	0.00491	0.00164	0.00655	0.00437	0.00218	0.00546
8	0.01073	0.01006	0.01704	0.14396	0.52501	0.01043	0.02911	0.01347	0.01059	0.01488	0.02168	0.06493	0.01016	0.00852	0.08622	0.00218	0.00650	0.00517	0.00259	0.00678
9	0.00684	0.00493	0.00646	0.00626	0.00732	0.00456	0.00463	0.00898	0.01336	0.01883	0.70036	0.13289	0.04467	0.01070	0.00585	0.00160	0.00238	0.00951	0.00531	0.00456
10	0.01836	0.02342	0.01393	0.01266	0.01519	0.80756	0.00950	0.01962	0.01393	0.01203	0.00760	0.00886	0.00633	0.00506	0.00443	0.00127	0.00886	0.00317	0.00253	0.00570
11	0.00856	0.00752	0.00859	0.00820	0.00924	0.08501	0.00616	0.00990	0.00861	0.01160	0.01321	0.07721	0.01329	0.15187	0.43800	0.00544	0.06682	0.00576	0.00280	0.06223
12	0.00626	0.00488	0.00571	0.00595	0.00715	0.00433	0.00441	0.00773	0.01143	0.01469	0.21485	0.21997	0.39865	0.01263	0.00598	0.00175	0.00267	0.06196	0.00476	0.00425
13	0.01218	0.01269	0.02494	0.03959	0.26901	0.01234	0.47291	0.06365	0.01216	0.01673	0.00981	0.01282	0.00760	0.00434	0.00543	0.00158	0.00729	0.00523	0.00262	0.00708
14	0.01186	0.00990	0.01052	0.00873	0.01197	0.03422	0.00683	0.06178	0.35922	0.04513	0.01709	0.01719	0.06091	0.03374	0.00525	0.00143	0.00400	0.00487	0.00416	0.29119
15	0.07539	0.01405	0.01393	0.01107	0.01456	0.09783	0.00903	0.55961	0.04580	0.05308	0.01129	0.01157	0.00820	0.00589	0.00529	0.00150	0.04556	0.00422	0.00444	0.00771
16	0.01222	0.04214	0.19140	0.01421	0.03110	0.01157	0.24914	0.16771	0.04350	0.04282	0.03393	0.11273	0.01190	0.00632	0.00527	0.00161	0.00622	0.00597	0.00341	0.00684
17	0.00759	0.00615	0.00725	0.00721	0.03444	0.04433	0.00515	0.00979	0.01358	0.01865	0.66431	0.03542	0.10787	0.00982	0.00570	0.00154	0.00277	0.00858	0.00509	0.00475
18	0.00863	0.02639	0.01036	0.00900	0.03173	0.04616	0.09851	0.04808	0.03874	0.01610	0.20663	0.10322	0.30358	0.00989	0.00564	0.00163	0.00387	0.02240	0.00433	0.00510
19	0.01143	0.01117	0.01971	0.17525	0.02235	0.01168	0.34215	0.09308	0.09276	0.01693	0.03275	0.05362	0.01037	0.00565	0.00590	0.00164	0.04643	0.00565	0.00311	0.03840
20	0.00804	0.00546	0.00747	0.00733	0.00851	0.00513	0.02682	0.03032	0.01217	0.06590	0.34409	0.33428	0.04699	0.01184	0.00597	0.00177	0.00305	0.06514	0.00496	0.00477
21	0.01187	0.00932	0.01116	0.00890	0.05039	0.00770	0.00671	0.07875	0.02789	0.07189	0.01000	0.01105	0.00790	0.00410	0.00393	0.00090	0.00394	0.00331	0.00332	0.66698
22	0.00702	0.00527	0.00790	0.00790	0.00878	0.00614	0.00614	0.00878	0.00790	0.01141	0.01316	0.01931	0.01229	0.03686	0.80782	0.00790	0.01316	0.00527	0.00263	0.00439
23	0.01019	0.00873	0.01019	0.00728	0.01165	0.00655	0.00582	0.01237	0.01019	0.01601	0.00873	0.01019	0.00728	0.00364	0.00364	0.00073	0.00364	0.00291	0.00291	0.85734
24	0.00601	0.00437	0.00568	0.00672	0.00715	0.00404	0.00456	0.00693	0.00961	0.01266	0.02908	0.73890	0.10007	0.01510	0.00624	0.00197	0.00285	0.02948	0.00456	0.00402
25	0.01214	0.08028	0.04202	0.16859	0.33373	0.06240	0.18202	0.01523	0.01115	0.03251	0.00922	0.01207	0.00733	0.00450	0.00491	0.00149	0.00665	0.00446	0.00245	0.00685
26	0.00687	0.00492	0.00628	0.00698	0.00765	0.00473	0.00518	0.00807	0.00984	0.01286	0.05125	0.29186	0.11179	0.19729	0.01059	0.00265	0.00376	0.24923	0.00422	0.00397
27	0.01131	0.01058	0.01724	0.17496	0.53182	0.01115	0.01339	0.01510	0.08103	0.01539	0.01052	0.01416	0.00884	0.05655	0.00616	0.00172	0.00573	0.00466	0.00265	0.00704
28	0.01464	0.03789	0.03309	0.00880	0.01257	0.00951	0.00736	0.19807	0.06717	0.18532	0.07980	0.01487	0.01248	0.00554	0.00450	0.00125	0.00420	0.00443	0.02202	0.27649
29	0.00992	0.00790	0.01057	0.10624	0.10599	0.00839	0.00799	0.11097	0.08773	0.03279	0.03978	0.32021	0.05424	0.02153	0.01883	0.00187	0.02085	0.00852	0.00404	0.02165
30	0.47658	0.01145	0.08402	0.00875	0.01223	0.03010	0.03361	0.04191	0.10789	0.09889	0.01107	0.01279	0.00851	0.00543	0.00398	0.00157	0.00453	0.03685	0.00360	0.00624
31	0.00983	0.00894	0.01351	0.19777	0.11392	0.00846	0.07650	0.01255	0.02366	0.01482	0.01152	0.11896	0.01065	0.00567	0.00464	0.00129	0.00489	0.00519	0.00290	0.35431
32	0.01223	0.00813	0.00995	0.00846	0.01028	0.02323	0.00649	0.01483	0.09519	0.18870	0.05224	0.02005	0.01394	0.22483	0.04136	0.00264	0.14861	0.00540	0.00383	0.10959
33	0.07116	0.01162	0.01527	0.22337	0.18956	0.07211	0.04577	0.15780	0.02423	0.06743	0.01085	0.01278	0.02235	0.00511	0.00473	0.00148	0.00584	0.00433	0.00321	0.05097
34	0.00704	0.00517	0.00740	0.00740	0.00811	0.00587	0.00553	0.00846	0.00775	0.01104	0.01362	0.02181	0.01337	0.19112	0.65505	0.00729	0.01152	0.00563	0.00270	0.00411
35	0.00715	0.00476	0.00536	0.00536	0.00536	0.00476	0.00298	0.00715	0.00715	0.00953	0.01548	0.03216	0.01787	0.82729	0.02501	0.00476	0.00476	0.00715	0.00298	0.00298
36	0.01025	0.01343	0.14884	0.01634	0.02087	0.01060	0.47383	0.01429	0.02584	0.01544	0.02899	0.02017	0.10539	0.00646	0.01757	0.00177	0.00707	0.05371	0.00290	0.00625
37	0.01015	0.00921	0.03015	0.01607	0.26160	0.00889	0.08515	0.01437	0.12635	0.03799	0.16885	0.10508	0.07747	0.00773	0.00540	0.00161	0.00452	0.01916	0.00390	0.00635
38	0.00928	0.00873	0.01474	0.81548	0.03385	0.01092	0.01365	0.01256	0.00983	0.01256	0.00873	0.01310	0.00655	0.00491	0.00491	0.00164	0.00655	0.00437	0.00218	0.00546
39	0.00986	0.02542	0.80183	0.01401	0.02127	0.01141	0.01816	0.01556	0.01038	0.01556	0.00882	0.01038	0.00623	0.00467	0.00467	0.00156	0.00726	0.00363	0.00208	0.00726
40	0.07032	0.01304	0.07003	0.01668	0.08190	0.01234	0.36553	0.09522	0.17124	0.03527	0.01205	0.01359	0.00899	0.00496	0.00520	0.00161	0.00644	0.00513	0.00333	0.00712
41	0.00847	0.00429	0.00635	0.00635	0.00635	0.00429	0.00420	0.00644	0.00644	0.00858	0.00888	0.01578	0.00899	0.05666	0.01949	0.81538	0.00429	0.00441	0.00218	0.00218
42	0.19951	0.01146	0.01408	0.31668	0.18255	0.09029	0.01128	0.08947	0.01149	0.01712	0.00861	0.01123	0.00669	0.00484	0.00444	0.00152	0.00591	0.00388	0.00273	0.00622
43	0.00883	0.00524	0.00649	0.00614	0.00754	0.00467	0.00454	0.00957	0.01087	0.12045	0.16163	0.08808	0.33472	0.01239	0.00867	0.19003	0.00311	0.00828	0.00438	0.00435
44	0.01205	0.01023	0.01166	0.01168	0.08608	0.01154	0.00833	0.06709	0.57927	0.01981	0.01870	0.02057	0.01498	0.04697	0.00608	0.00183	0.00425	0.05691	0.00462	0.00736
45	0.01306	0.81073	0.04457	0.00854	0.01282	0.01925	0.00865	0.01474	0.00999	0.01166	0.00688	0.00794	0.00630	0.00422	0.00319	0.00106	0.00530	0.00265	0.00210	0.00633
46	0.00712	0.00485	0.00554	0.00563	0.00583	0.00479	0.00342	0.00738	0.00775	0.01020	0.01865	0.03505	0.07142	0.70700	0.02225	0.00435	0.00459	0.06777	0.00321	0.00318
47	0.00708	0.00464	0.00604	0.00678	0.00745	0.00424	0.00466	0.00808	0.01001	0.06624	0.04733	0.67585	0.10440	0.01435	0.00613	0.00192	0.00289	0.01289	0.00469	0.00432
48	0.00797	0.00586	0.00793	0.00948	0.09933	0.00588	0.00602	0.00907	0.00895	0.01197	0.01803	0.03689	0.01986	0.45602	0.03468	0.00366	0.00500	0.24592	0.00340	0.00406
49	0.01803	0.02151	0.01409	0.01249	0.01509	0.66308	0.00954	0.12052	0.01483	0.01454	0.00810	0.00935	0.00661	0.00535	0.00507	0.00134	0.04822	0.00339	0.00283	0.00604
50	0.01019	0.00873	0.01019	0.00728	0.01165	0.00655	0.00582	0.01237	0.01019	0.01601	0.00873	0.01019	0.00728	0.00364	0.00364	0.00073	0.00364	0.00291	0.00291	0.85734
51	0.00792	0.00566	0.00792	0.00905	0.01018	0.00566	0.00792	0.01018	0.01131	0.01471	0.02602	0.05543	0.02828	0.01358	0.00679	0.00226	0.00453	0.76356	0.00453	0.00453
52	0.00693	0.00502	0.00654	0.00616	0.00733	0.00463	0.00462	0.00923	0.01386	0.01959	0.77997	0.03691	0.06052	0.01009	0.00580	0.00155	0.00232	0.00892	0.00539	0.00463
53	0.00644	0.00458	0.00607	0.00706	0.00760	0.00432	0.00508	0.00743	0.00975	0.01279	0.02787	0.58246	0.09389	0.01491	0.00696	0.04407	0.00319	0.14708	0.00444	0.00401
54	0.00834	0.00614	0.00810	0.00890	0.01014	0.00632	0.00757	0.01173	0.09654	0.01500	0.02464	0.04977	0.02611	0.06805	0.00783	0.00237	0.00447	0.62874	0.00447	0.00478
55	0.00779	0.00556	0.00777	0.00890	0.00997	0.00554	0.00769	0.00995	0.01118	0.01456	0.02609	0.10761	0.02857	0.01370	0.00675	0.00224	0.00441	0.71268	0.00453	0.00449
56	0.04888	0.00524	0.00641	0.00605	0.00736	0.00489	0.00456	0.00926	0.01331	0.01904	0.66530	0.03658	0.13486	0.01007	0.00566	0.00156	0.00241	0.00876	0.00519	0.00461
57	0.00712	0.00458	0.00612	0.00695	0.00750	0.00424	0.00475	0.00810	0.00990	0.06628	0.05642	0.73864	0.03166	0.01456	0.00616	0.00195	0.00292	0.01316	0.00470	0.00431
58	0.01019	0.00873	0.01019	0.00728	0.01165	0.00655	0.00582	0.01237	0.01019	0.01601	0.00873	0.01019	0.00728	0.00364	0.00364	0.00073	0.00364	0.00291	0.00291	0.85734
59	0.00620	0.00441	0.00583	0.00682	0.00718	0.00415	0.00463	0.00714	0.00958	0.01281	0.06403	0.69789	0.03206	0.06621	0.00746	0.00216	0.00303	0.04992	0.00450	0.00399
60	0.02139	0.00451	0.00581	0.00663	0.00714	0.00423	0.00451	0.00732	0.01004	0.01365	0.13108	0.65088	0.06919	0.03084	0.00651	0.00197	0.00282	0.01278	0.00462	0.00409
61	0.00616	0.00460	0.00562	0.00630	0.00701	0.00420	0.00438	0.00718	0.00998	0.01288	0.06119	0.48247	0.23920	0.07874	0.00764	0.00212	0.00297	0.04888	0.00447	0.00400
62	0.00636	0.00494	0.00567	0.00601	0.00716	0.00444	0.00448	0.00763	0.01067	0.01336	0.08203	0.17605	0.43042	0.09540	0.00797	0.00211	0.00308	0.12369	0.00445	0.00409
63	0.00723	0.00512	0.00689	0.00754	0.00839	0.00497	0.00595	0.00896	0.01112	0.01495	0.21300	0.20566	0.03235	0.08065	0.00817	0.01761	0.00366	0.34892	0.00458	0.00427
64	0.00738	0.00499	0.00630	0.00633	0.00747	0.00450	0.00461	0.00901	0.01198	0.06540	0.36116	0.28868	0.17987	0.01195	0.00590	0.00171	0.00264	0.01054	0.00502	0.00457
65	0.00643	0.00447	0.00594	0.00697	0.00742	0.00417	0.00480	0.00741	0.00968	0.02871	0.02753	0.73629	0.05434	0.01500	0.00626	0.00199	0.00297	0.06092	0.00459	0.00412
66	0.01019	0.00873	0.01019	0.00728	0.01165	0.00655	0.00582	0.01237	0.01019	0.01601	0.00873	0.01019	0.00728	0.00364	0.00364	0.00073	0.00364	0.00291	0.00291	0.85734
67	0.01169	0.01120	0.01910	0.15840	0.67208	0.01155	0.01485	0.01467	0.01097	0.01548	0.00916	0.01232	0.00758	0.00447	0.00487	0.00149	0.00595	0.00438	0.00239	0.00740
68	0.00686	0.00500	0.00658	0.00716	0.00811	0.00472	0.00557	0.00861	0.01147	0.01532	0.24425	0.27425	0.11682	0.01300	0.00625	0.00192	0.00320	0.25175	0.00479	0.00436
69	0.00737	0.00536	0.00717	0.00779	0.00894	0.00516	0.00649	0.00948	0.01190	0.01578	0.23012	0.08303	0.11125	0.01261	0.00641	0.00200	0.00367	0.45623	0.00476	0.00449
70	0.01863	0.02139	0.01386	0.01226	0.01503	0.66804	0.00933	0.10542	0.01497	0.06382	0.00881	0.00969	0.00693	0.00522	0.00452	0.00131	0.00818	0.00342	0.00302	0.00616

[dist]
# distance from previous block
# <min> <max>
4	8

[block]
# block no. 4 follows, 51 sequences, length 8
# corresponding to MSA columns:
# 392-399
name=unknown_E
#
# <colnr> <probs for GDERKNQSTAVLIFYWHMCP>
#	G	D	E	R	K	N	Q	S	T	A	V	L	I	F	Y	W	H	M	C	P
0	0.01116	0.01276	0.11746	0.21565	0.48793	0.01149	0.04348	0.01456	0.01078	0.01514	0.00909	0.01220	0.00728	0.00453	0.00489	0.00152	0.00628	0.00433	0.00233	0.00712
1	0.01049	0.18176	0.65107	0.01292	0.01959	0.01297	0.01626	0.01540	0.01030	0.01479	0.00843	0.00989	0.00624	0.00458	0.00437	0.00146	0.00687	0.00344	0.00208	0.00708
2	0.00729	0.00529	0.00713	0.00806	0.00909	0.00513	0.00668	0.00919	0.01111	0.01447	0.07571	0.19648	0.10626	0.01359	0.00653	0.00211	0.00388	0.50302	0.00459	0.00440
3	0.01110	0.07891	0.45459	0.01697	0.11891	0.04540	0.17442	0.01565	0.01085	0.01523	0.00891	0.01096	0.00669	0.00451	0.00481	0.00152	0.00722	0.00408	0.00223	0.00706
4	0.01356	0.01599	0.06975	0.01658	0.02065	0.20077	0.41306	0.09524	0.01305	0.01617	0.01015	0.04714	0.00827	0.00520	0.00565	0.00157	0.03272	0.00521	0.00280	0.00647
5	0.00973	0.00760	0.00984	0.00882	0.01076	0.00763	0.06664	0.19138	0.01353	0.01775	0.05291	0.24774	0.18209	0.04028	0.00654	0.00190	0.00408	0.11101	0.00445	0.00532
6	0.04321	0.01290	0.01622	0.01338	0.01641	0.17429	0.22804	0.13579	0.01369	0.01729	0.01471	0.02523	0.01386	0.00760	0.00559	0.00173	0.00660	0.24390	0.00354	0.00600
7	0.01542	0.01670	0.01328	0.01238	0.05377	0.42057	0.03656	0.15380	0.01432	0.01579	0.01164	0.05391	0.01085	0.08065	0.00673	0.00176	0.00706	0.06566	0.00325	0.00590

[dist]
# distance from previous block
# <min> <max>
3	7

[block]
# block no. 5 follows, 51 sequences, length 20
# corresponding to MSA columns:
# 407-426
name=unknown_F
#
# <colnr> <probs for GDERKNQSTAVLIFYWHMCP>
#	G	D	E	R	K	N	Q	S	T	A	V	L	I	F	Y	W	H	M	C	P
0	0.01265	0.27578	0.28681	0.01190	0.03304	0.05885	0.05651	0.05985	0.04282	0.04714	0.00924	0.01036	0.00715	0.00465	0.00421	0.00133	0.00613	0.00356	0.00264	0.06539
1	0.00759	0.06184	0.00832	0.00798	0.00908	0.00599	0.00654	0.00941	0.01103	0.01456	0.13062	0.26969	0.03047	0.01297	0.00625	0.00200	0.00379	0.39285	0.00449	0.00451
2	0.05671	0.00852	0.00978	0.00716	0.01123	0.00666	0.00571	0.01227	0.01035	0.01660	0.06259	0.01189	0.00986	0.00413	0.00375	0.00083	0.00356	0.00331	0.00309	0.75199
3	0.01242	0.41255	0.33963	0.01100	0.01642	0.01572	0.01247	0.10031	0.01160	0.01535	0.00819	0.00933	0.00650	0.00458	0.00396	0.00130	0.00609	0.00324	0.00240	0.00692
4	0.00703	0.00516	0.00668	0.00715	0.00823	0.00488	0.00569	0.00889	0.01168	0.01549	0.25436	0.14192	0.15860	0.04080	0.00691	0.00201	0.00335	0.30204	0.00474	0.00438
5	0.01788	0.01364	0.04776	0.01115	0.01510	0.01432	0.00944	0.63120	0.09554	0.07401	0.01290	0.01265	0.00913	0.00593	0.00492	0.00150	0.00527	0.00453	0.00487	0.00826
6	0.06007	0.19219	0.59394	0.01240	0.01878	0.01306	0.01538	0.01532	0.01018	0.01511	0.00829	0.00972	0.00619	0.00457	0.00426	0.00145	0.00664	0.00337	0.00214	0.00695
7	0.00763	0.00547	0.00750	0.00859	0.05133	0.00538	0.00619	0.00911	0.01042	0.01399	0.14771	0.13219	0.02754	0.18467	0.01085	0.03979	0.00408	0.31920	0.00413	0.00423
8	0.00683	0.00496	0.00635	0.00702	0.00782	0.00471	0.00531	0.00823	0.01048	0.01374	0.11287	0.28354	0.13956	0.11634	0.00868	0.00233	0.00351	0.24914	0.00444	0.00413
9	0.01450	0.01068	0.01165	0.01000	0.01308	0.01192	0.00791	0.12841	0.57382	0.13269	0.01880	0.01722	0.01369	0.00648	0.00498	0.00162	0.00414	0.00531	0.00514	0.00794
10	0.04750	0.01577	0.01490	0.09078	0.13194	0.26201	0.01046	0.31186	0.03339	0.02054	0.00981	0.01106	0.00750	0.00529	0.00469	0.00143	0.00657	0.00398	0.00348	0.00704
11	0.00758	0.00542	0.00624	0.00658	0.00686	0.03949	0.00433	0.00771	0.00823	0.01070	0.01782	0.25508	0.02039	0.35006	0.04389	0.14596	0.00459	0.05234	0.00335	0.00338
12	0.00680	0.00462	0.00546	0.00581	0.00589	0.00453	0.00346	0.00705	0.00783	0.01044	0.01899	0.27172	0.02229	0.58169	0.01934	0.00393	0.00419	0.00921	0.00346	0.00328
13	0.14002	0.01110	0.01181	0.00955	0.01295	0.01206	0.00772	0.32808	0.19475	0.13493	0.01405	0.01413	0.01029	0.03593	0.00535	0.00162	0.00455	0.00454	0.00468	0.04189
14	0.61261	0.01044	0.00975	0.00803	0.01141	0.01163	0.03759	0.16331	0.01147	0.02317	0.00805	0.00907	0.00612	0.00475	0.00355	0.00147	0.00429	0.00315	0.00338	0.05678
15	0.34691	0.01110	0.01227	0.04557	0.16685	0.07680	0.04012	0.04477	0.04198	0.05383	0.00939	0.01149	0.00754	0.04050	0.00494	0.00158	0.00503	0.00374	0.00310	0.07247
16	0.11622	0.05729	0.11673	0.01374	0.14694	0.04040	0.03601	0.17522	0.07026	0.06129	0.01053	0.01149	0.00796	0.00493	0.00442	0.00139	0.00534	0.00393	0.00340	0.11251
17	0.07260	0.01103	0.02827	0.04677	0.22530	0.01069	0.06666	0.11452	0.09708	0.04590	0.01082	0.01223	0.00840	0.00471	0.00451	0.00132	0.00503	0.00412	0.00331	0.22670
18	0.09964	0.01221	0.03234	0.03231	0.21383	0.06602	0.16584	0.07352	0.02250	0.10731	0.02598	0.01260	0.00862	0.00510	0.00553	0.00152	0.05814	0.00449	0.00321	0.04930
19	0.04892	0.01167	0.03363	0.06337	0.33223	0.01119	0.19515	0.06970	0.01199	0.06571	0.01003	0.01230	0.00776	0.00450	0.00488	0.00144	0.00602	0.00451	0.00291	0.10211

[dist]
# distance from previous block
# <min> <max>
8	28

# created by:
# /home/cegg/simao/soft/augustus-3.2.1/scripts/msa2prfl.pl ./align_prep/EOG091G0MDG.fa
