[name]
unknown

[dist]
# distance from previous block
# <min> <max>
0	1282

[block]
# block no. 0 follows, 54 sequences, length 6
# corresponding to MSA columns:
# 1289-1294
name=unknown_A
#
# <colnr> <probs for GDERKNQSTAVLIFYWHMCP>
#	G	D	E	R	K	N	Q	S	T	A	V	L	I	F	Y	W	H	M	C	P
0	0.11228	0.04723	0.07664	0.00884	0.03899	0.04277	0.00733	0.08567	0.13125	0.03799	0.08099	0.04327	0.07809	0.00658	0.00443	0.00141	0.00408	0.03689	0.07136	0.08394
1	0.07533	0.10155	0.07839	0.03940	0.01330	0.08888	0.04295	0.06591	0.04607	0.04993	0.02552	0.04881	0.03661	0.02567	0.03957	0.00172	0.07012	0.02772	0.00307	0.11947
2	0.07482	0.08003	0.13417	0.07511	0.06919	0.11306	0.00959	0.09605	0.04820	0.03169	0.05553	0.07620	0.05746	0.00634	0.00492	0.00145	0.03536	0.00499	0.00316	0.02268
3	0.01015	0.00854	0.04200	0.04313	0.04292	0.04339	0.05008	0.11546	0.01258	0.06901	0.21606	0.05621	0.12091	0.09099	0.04135	0.00207	0.00459	0.02122	0.00402	0.00532
4	0.01374	0.51399	0.08243	0.00894	0.01281	0.10809	0.00861	0.06066	0.01113	0.07948	0.00858	0.00936	0.00698	0.00449	0.00354	0.00114	0.00535	0.00305	0.05139	0.00624
5	0.08226	0.04747	0.01024	0.00728	0.01093	0.00822	0.00592	0.13420	0.01171	0.01756	0.01400	0.01461	0.11589	0.00509	0.00390	0.00101	0.00369	0.00397	0.00329	0.49873

[dist]
# distance from previous block
# <min> <max>
0	1

[block]
# block no. 1 follows, 54 sequences, length 13
# corresponding to MSA columns:
# 1296-1307,1311
name=unknown_B
#
# <colnr> <probs for GDERKNQSTAVLIFYWHMCP>
#	G	D	E	R	K	N	Q	S	T	A	V	L	I	F	Y	W	H	M	C	P
0	0.01042	0.04676	0.08185	0.09443	0.10897	0.01009	0.13009	0.06260	0.12754	0.03361	0.07335	0.03852	0.11210	0.00637	0.00512	0.00151	0.01974	0.00569	0.00339	0.02784
1	0.04348	0.10160	0.16769	0.00998	0.04687	0.05765	0.00884	0.11923	0.01208	0.05353	0.10425	0.22247	0.01740	0.00788	0.00482	0.00151	0.00466	0.00662	0.00360	0.00584
2	0.00886	0.05639	0.41857	0.01105	0.04355	0.00881	0.02518	0.01220	0.00964	0.03367	0.04400	0.17320	0.01401	0.11163	0.00725	0.00194	0.00545	0.00608	0.00281	0.00573
3	0.03507	0.00972	0.04557	0.32858	0.06742	0.03086	0.02898	0.10116	0.04113	0.01527	0.01112	0.08982	0.00986	0.05085	0.00568	0.00161	0.00529	0.00500	0.00289	0.11412
4	0.01171	0.03202	0.08056	0.01224	0.10285	0.04439	0.06652	0.09378	0.15554	0.06410	0.01312	0.06383	0.01095	0.00912	0.09738	0.00211	0.00587	0.01557	0.00344	0.11489
5	0.53209	0.05182	0.04310	0.00789	0.01125	0.01193	0.00683	0.20127	0.04194	0.04106	0.00856	0.00921	0.00640	0.00479	0.00354	0.00143	0.00424	0.00316	0.00341	0.00609
6	0.04374	0.01084	0.06294	0.06074	0.27294	0.02898	0.04875	0.08510	0.12967	0.01681	0.03636	0.01869	0.12046	0.02444	0.00526	0.00157	0.00494	0.01802	0.00332	0.00646
7	0.00634	0.00484	0.00607	0.00613	0.00702	0.00461	0.00446	0.00783	0.01111	0.01503	0.36375	0.26477	0.19795	0.03447	0.00664	0.00174	0.03850	0.00999	0.00458	0.00416
8	0.00886	0.00795	0.01231	0.59849	0.02583	0.00964	0.01086	0.01269	0.09907	0.01256	0.01104	0.04356	0.00944	0.11018	0.00721	0.00197	0.00565	0.00497	0.00258	0.00514
9	0.01004	0.02169	0.61715	0.01234	0.01805	0.10211	0.01483	0.01461	0.01077	0.01505	0.10874	0.01298	0.01086	0.00518	0.00459	0.00146	0.00654	0.00407	0.00245	0.00648
10	0.00617	0.00480	0.00561	0.00541	0.00674	0.00424	0.00405	0.00793	0.01216	0.01610	0.45867	0.03985	0.38997	0.01069	0.00557	0.00153	0.00230	0.00918	0.00482	0.00424
11	0.66171	0.00912	0.00764	0.00667	0.00936	0.01040	0.00534	0.11112	0.00968	0.02086	0.00811	0.01077	0.00685	0.09944	0.00556	0.00181	0.00395	0.00326	0.00314	0.00522
12	0.05728	0.11005	0.05205	0.00937	0.01201	0.13920	0.00777	0.23008	0.03317	0.04487	0.01223	0.11639	0.01141	0.10125	0.00716	0.00180	0.03929	0.00522	0.00348	0.00593

[dist]
# distance from previous block
# <min> <max>
0	1

[block]
# block no. 2 follows, 54 sequences, length 44
# corresponding to MSA columns:
# 1313-1356
name=unknown_C
#
# <colnr> <probs for GDERKNQSTAVLIFYWHMCP>
#	G	D	E	R	K	N	Q	S	T	A	V	L	I	F	Y	W	H	M	C	P
0	0.01186	0.01260	0.02268	0.01682	0.02063	0.05476	0.52331	0.08231	0.06541	0.01601	0.01023	0.02660	0.00805	0.00541	0.01837	0.00170	0.08887	0.00528	0.00276	0.00634
1	0.01949	0.00955	0.06703	0.00973	0.01370	0.00764	0.07518	0.02175	0.01305	0.68532	0.01712	0.01534	0.01089	0.00558	0.00479	0.00147	0.00455	0.00473	0.00527	0.00781
2	0.00701	0.00491	0.00609	0.00581	0.00710	0.00441	0.00435	0.00887	0.01243	0.05332	0.53127	0.09121	0.22492	0.01037	0.00556	0.00154	0.00238	0.00903	0.00497	0.00446
3	0.00820	0.00464	0.00691	0.00758	0.06077	0.00457	0.00476	0.00677	0.00685	0.00908	0.01166	0.01684	0.07688	0.01516	0.01637	0.72943	0.00405	0.00461	0.00227	0.00259
4	0.01669	0.01233	0.01330	0.01044	0.01388	0.01360	0.00852	0.69917	0.04363	0.02789	0.01282	0.08242	0.01021	0.00647	0.00483	0.00146	0.00493	0.00507	0.00469	0.00764
5	0.00641	0.00483	0.00679	0.00840	0.07590	0.00457	0.00526	0.00762	0.00986	0.01342	0.14836	0.63335	0.03126	0.01304	0.00583	0.00180	0.00290	0.01183	0.00433	0.00424
6	0.01671	0.08388	0.01445	0.01022	0.01376	0.01428	0.00847	0.66864	0.02003	0.02670	0.01115	0.01233	0.00847	0.06217	0.00589	0.00160	0.00513	0.00427	0.00436	0.00750
7	0.01659	0.08382	0.01438	0.01019	0.01371	0.01423	0.00844	0.65388	0.03499	0.02651	0.01130	0.01245	0.00860	0.06219	0.00589	0.00160	0.00511	0.00430	0.00436	0.00748
8	0.00839	0.00438	0.00454	0.00463	0.00559	0.00436	0.00336	0.01032	0.00961	0.01652	0.01626	0.08886	0.01408	0.06296	0.00495	0.00141	0.00241	0.00534	0.72779	0.00424
9	0.01075	0.01010	0.01702	0.02548	0.68130	0.01006	0.01291	0.01325	0.01047	0.01488	0.01152	0.13859	0.01114	0.00584	0.00488	0.00148	0.00516	0.00563	0.00265	0.00691
10	0.00957	0.00793	0.01008	0.00763	0.01122	0.00622	0.04572	0.01156	0.00984	0.03913	0.01148	0.13733	0.01088	0.00534	0.00403	0.00096	0.00362	0.00464	0.00311	0.65971
11	0.84805	0.00921	0.00710	0.00631	0.00925	0.01067	0.00520	0.03169	0.00835	0.02135	0.00667	0.00774	0.00517	0.00441	0.00296	0.00146	0.00368	0.00259	0.00296	0.00517
12	0.00712	0.00504	0.00547	0.00544	0.00554	0.02467	0.00317	0.00723	0.00705	0.00929	0.01455	0.02967	0.01659	0.77266	0.06428	0.00464	0.00508	0.00667	0.00283	0.00299
13	0.86760	0.00912	0.00693	0.00620	0.00912	0.01058	0.00511	0.01386	0.00802	0.02115	0.00657	0.00766	0.00511	0.00438	0.00292	0.00146	0.00365	0.00255	0.00292	0.00511
14	0.00658	0.00482	0.00617	0.00583	0.00698	0.00441	0.00437	0.00871	0.01312	0.01836	0.73574	0.03612	0.11148	0.00984	0.00556	0.00149	0.00224	0.00865	0.00512	0.00441
15	0.03366	0.57566	0.17323	0.00941	0.01388	0.05780	0.00988	0.05560	0.01048	0.01309	0.00721	0.00827	0.00612	0.00426	0.00345	0.00114	0.00556	0.00282	0.00220	0.00628
16	0.01128	0.01314	0.06789	0.05962	0.02430	0.01194	0.66769	0.05481	0.01155	0.01569	0.00952	0.01249	0.00709	0.00413	0.00542	0.00157	0.00767	0.00532	0.00247	0.00642
17	0.00574	0.00410	0.00547	0.00657	0.00684	0.00383	0.00438	0.00657	0.00903	0.01204	0.02599	0.83122	0.03119	0.01477	0.00602	0.00191	0.00274	0.01340	0.00438	0.00383
18	0.00890	0.00838	0.01414	0.82296	0.03247	0.01048	0.01309	0.01205	0.00943	0.01205	0.00838	0.01257	0.00629	0.00471	0.00471	0.00157	0.00629	0.00419	0.00210	0.00524
19	0.01261	0.83713	0.02471	0.00807	0.01210	0.01866	0.00807	0.01412	0.00958	0.01109	0.00656	0.00756	0.00605	0.00403	0.00303	0.00101	0.00504	0.00252	0.00202	0.00605
20	0.06901	0.36573	0.07222	0.08019	0.01507	0.28276	0.00928	0.01580	0.02845	0.01243	0.00737	0.00871	0.00620	0.00447	0.00371	0.00120	0.00632	0.00297	0.00228	0.00582
21	0.01260	0.01123	0.01170	0.05378	0.05492	0.17587	0.07474	0.15917	0.01321	0.03827	0.01550	0.04050	0.08965	0.00618	0.00450	0.00136	0.00507	0.01503	0.21100	0.00571
22	0.00724	0.02101	0.00711	0.00750	0.00843	0.01798	0.00566	0.00995	0.10532	0.01343	0.02475	0.46974	0.05620	0.01343	0.02737	0.00205	0.00362	0.19044	0.00430	0.00447
23	0.01121	0.44408	0.36132	0.01046	0.01568	0.01498	0.01205	0.01505	0.05145	0.01320	0.00804	0.00912	0.00646	0.00435	0.00374	0.00125	0.00580	0.00308	0.00215	0.00652
24	0.01173	0.01013	0.01066	0.00960	0.01226	0.01173	0.00746	0.02505	0.79636	0.01972	0.01919	0.01759	0.01439	0.00640	0.00480	0.00160	0.00373	0.00533	0.00480	0.00746
25	0.00674	0.00505	0.00758	0.00758	0.00842	0.00589	0.00589	0.00842	0.00758	0.01095	0.01263	0.01852	0.01179	0.03536	0.81561	0.00758	0.01263	0.00505	0.00253	0.00421
26	0.00812	0.00412	0.00609	0.00609	0.00609	0.00412	0.00403	0.00618	0.00618	0.00824	0.00854	0.01521	0.00866	0.05974	0.01872	0.81732	0.00412	0.00424	0.00209	0.00209
27	0.01113	0.01272	0.02782	0.01987	0.02464	0.01192	0.78776	0.01510	0.01113	0.01510	0.00954	0.01272	0.00715	0.00397	0.00556	0.00159	0.00795	0.00556	0.00238	0.00636
28	0.01792	0.01321	0.01415	0.01085	0.01462	0.01462	0.00896	0.78916	0.02217	0.02972	0.01132	0.01132	0.00802	0.00566	0.00472	0.00142	0.00519	0.00425	0.00472	0.00802
29	0.01261	0.83713	0.02471	0.00807	0.01210	0.01866	0.00807	0.01412	0.00958	0.01109	0.00656	0.00756	0.00605	0.00403	0.00303	0.00101	0.00504	0.00252	0.00202	0.00605
30	0.86760	0.00912	0.00693	0.00620	0.00912	0.01058	0.00511	0.01386	0.00802	0.02115	0.00657	0.00766	0.00511	0.00438	0.00292	0.00146	0.00365	0.00255	0.00292	0.00511
31	0.01195	0.01155	0.01998	0.01455	0.01883	0.01100	0.41654	0.14827	0.06373	0.01794	0.01080	0.01264	0.01996	0.00444	0.00491	0.00136	0.00612	0.00477	0.00306	0.19760
32	0.00830	0.00820	0.01610	0.01289	0.01530	0.00768	0.37684	0.01062	0.01003	0.01349	0.01817	0.44206	0.01976	0.00964	0.00580	0.00176	0.00521	0.00968	0.00343	0.00503
33	0.00978	0.00838	0.00978	0.00698	0.01117	0.00629	0.00559	0.01187	0.00978	0.01536	0.00838	0.00978	0.00698	0.00349	0.00349	0.00070	0.00349	0.00279	0.00279	0.86312
34	0.01032	0.01032	0.01444	0.01238	0.01238	0.01444	0.01032	0.01135	0.00722	0.01135	0.00619	0.01032	0.00619	0.00825	0.01547	0.00206	0.82567	0.00413	0.00206	0.00516
35	0.00588	0.00420	0.00563	0.00672	0.00706	0.00395	0.00462	0.00680	0.00916	0.01219	0.02591	0.77365	0.03089	0.01464	0.00605	0.00193	0.00285	0.06962	0.00437	0.00387
36	0.00695	0.00490	0.00627	0.00588	0.00711	0.00447	0.00443	0.00905	0.01309	0.03923	0.70482	0.03574	0.12079	0.00977	0.00554	0.00149	0.00229	0.00857	0.00512	0.00450
37	0.01765	0.02140	0.01345	0.01200	0.01458	0.72274	0.00909	0.10794	0.01438	0.01364	0.00775	0.00883	0.00630	0.00495	0.00431	0.00124	0.00812	0.00318	0.00269	0.00576
38	0.00567	0.00478	0.00491	0.00488	0.00643	0.00402	0.00366	0.00696	0.01098	0.01329	0.11484	0.04447	0.73555	0.01174	0.00557	0.00158	0.00237	0.00982	0.00445	0.00402
39	0.01109	0.01262	0.02726	0.01956	0.02412	0.01203	0.75486	0.01494	0.01096	0.01494	0.00940	0.01262	0.00711	0.00416	0.00598	0.00161	0.04255	0.00550	0.00237	0.00631
40	0.04328	0.00476	0.00522	0.00519	0.00531	0.00483	0.00295	0.00715	0.00691	0.00965	0.01451	0.02987	0.01663	0.79918	0.02311	0.00444	0.00453	0.00667	0.00286	0.00295
41	0.01057	0.05551	0.01621	0.43752	0.12469	0.01147	0.07494	0.07988	0.01073	0.01437	0.00855	0.01176	0.00668	0.00477	0.00527	0.00148	0.05683	0.00412	0.00242	0.06224
42	0.00942	0.00883	0.01517	0.60684	0.14597	0.01038	0.05268	0.01224	0.00950	0.01249	0.00847	0.01250	0.00661	0.00527	0.00565	0.04721	0.01890	0.00426	0.00214	0.00546
43	0.01158	0.01107	0.01862	0.05362	0.74654	0.01120	0.01413	0.01484	0.04394	0.01548	0.00929	0.01195	0.00772	0.00431	0.00467	0.00141	0.00554	0.00425	0.00243	0.00740

[dist]
# distance from previous block
# <min> <max>
0	1

[block]
# block no. 3 follows, 54 sequences, length 13
# corresponding to MSA columns:
# 1360-1372
name=unknown_D
#
# <colnr> <probs for GDERKNQSTAVLIFYWHMCP>
#	G	D	E	R	K	N	Q	S	T	A	V	L	I	F	Y	W	H	M	C	P
0	0.16329	0.00977	0.01049	0.00934	0.01204	0.01115	0.03761	0.02176	0.57846	0.01946	0.01692	0.01778	0.01323	0.00634	0.00460	0.00161	0.00392	0.05108	0.00434	0.00681
1	0.01195	0.00970	0.01039	0.03014	0.01235	0.03276	0.00739	0.02262	0.61458	0.07570	0.04875	0.04917	0.01593	0.00691	0.00490	0.00160	0.00387	0.02951	0.00472	0.00704
2	0.00601	0.00476	0.00541	0.00531	0.00666	0.00416	0.00396	0.00760	0.01169	0.01514	0.34392	0.07650	0.46982	0.01116	0.00559	0.00156	0.00234	0.00954	0.00470	0.00416
3	0.01161	0.04086	0.01473	0.09064	0.12010	0.04651	0.10815	0.14411	0.04654	0.04629	0.01304	0.15765	0.01212	0.00867	0.05361	0.00194	0.06803	0.00601	0.00331	0.00607
4	0.01381	0.28426	0.01761	0.04677	0.02931	0.04669	0.05811	0.23777	0.06863	0.04574	0.01061	0.01307	0.00876	0.03779	0.00536	0.00148	0.03083	0.03354	0.00330	0.00655
5	0.00866	0.00524	0.00639	0.00604	0.00764	0.00460	0.00454	0.01017	0.01161	0.15534	0.23725	0.17676	0.32629	0.01075	0.00550	0.00160	0.00269	0.00926	0.00485	0.00479
6	0.03972	0.00593	0.00663	0.00605	0.00759	0.00622	0.00469	0.10404	0.01096	0.06653	0.01413	0.01680	0.01131	0.03210	0.13436	0.02717	0.00450	0.00450	0.49184	0.00494
7	0.00687	0.00568	0.00606	0.00600	0.00754	0.00545	0.00448	0.01019	0.14982	0.01397	0.06382	0.11050	0.49152	0.05967	0.00660	0.00182	0.00286	0.03823	0.00439	0.00455
8	0.00723	0.00843	0.14965	0.00836	0.01020	0.00665	0.00762	0.00941	0.00792	0.01146	0.01212	0.01830	0.01132	0.11360	0.58876	0.00618	0.01078	0.00496	0.00247	0.00456
9	0.01522	0.00901	0.01054	0.00895	0.01190	0.00941	0.00715	0.05043	0.39996	0.32549	0.01939	0.01911	0.02872	0.02248	0.00523	0.00162	0.00391	0.03892	0.00513	0.00741
10	0.01275	0.64238	0.02155	0.00858	0.01228	0.06441	0.00802	0.01634	0.14938	0.01265	0.00884	0.00940	0.00753	0.00450	0.00341	0.00113	0.00501	0.00305	0.00253	0.00627
11	0.00723	0.00842	0.14958	0.00830	0.01011	0.00662	0.00754	0.00937	0.00790	0.01142	0.01218	0.01863	0.01146	0.13518	0.56738	0.00610	0.01056	0.00501	0.00247	0.00452
12	0.01082	0.01003	0.01666	0.02472	0.66301	0.01003	0.01241	0.01312	0.01005	0.01429	0.00993	0.01507	0.00918	0.15146	0.00810	0.00196	0.00542	0.00467	0.00243	0.00665

[dist]
# distance from previous block
# <min> <max>
0	2

[block]
# block no. 4 follows, 54 sequences, length 9
# corresponding to MSA columns:
# 1375-1383
name=unknown_E
#
# <colnr> <probs for GDERKNQSTAVLIFYWHMCP>
#	G	D	E	R	K	N	Q	S	T	A	V	L	I	F	Y	W	H	M	C	P
0	0.00968	0.00651	0.00794	0.00768	0.00905	0.00660	0.00571	0.16528	0.01216	0.08454	0.02322	0.50453	0.07252	0.01177	0.00588	0.00177	0.02512	0.03044	0.00451	0.00509
1	0.01468	0.51608	0.02059	0.00915	0.01308	0.01708	0.00842	0.31612	0.01449	0.01835	0.00841	0.00903	0.00682	0.00467	0.00368	0.00117	0.00510	0.00319	0.00307	0.00682
2	0.01068	0.34108	0.50392	0.01135	0.01717	0.01395	0.01378	0.01462	0.00981	0.01344	0.00772	0.00902	0.00600	0.00431	0.00391	0.00130	0.00622	0.00311	0.00200	0.00661
3	0.01496	0.01208	0.01426	0.01144	0.01375	0.01455	0.00949	0.48608	0.01634	0.02256	0.00932	0.01093	0.00731	0.00667	0.00891	0.00167	0.32490	0.00420	0.00368	0.00690
4	0.01110	0.00823	0.01014	0.00885	0.01084	0.00929	0.00709	0.31264	0.01326	0.01826	0.01212	0.01572	0.01032	0.02379	0.49964	0.00518	0.00973	0.00474	0.00338	0.00569
5	0.01099	0.00984	0.01174	0.01035	0.01188	0.01233	0.00831	0.01883	0.43950	0.01633	0.01389	0.01476	0.01105	0.00706	0.00886	0.00175	0.32391	0.00480	0.05744	0.00637
6	0.01421	0.00824	0.01023	0.00753	0.01151	0.00654	0.00611	0.01620	0.01123	0.32428	0.01236	0.01222	0.00881	0.00441	0.00398	0.00099	0.00369	0.00355	0.00398	0.52992
7	0.01350	0.01118	0.01099	0.00911	0.01166	0.11771	0.00722	0.38214	0.01755	0.02307	0.31903	0.02026	0.02197	0.00710	0.00498	0.00141	0.00448	0.00575	0.00460	0.00629
8	0.00966	0.01517	0.32519	0.35101	0.18002	0.01080	0.01505	0.01365	0.00989	0.01383	0.00851	0.01137	0.00640	0.00452	0.00461	0.00151	0.00642	0.00392	0.00210	0.00635

[dist]
# distance from previous block
# <min> <max>
0	15

[block]
# block no. 5 follows, 54 sequences, length 16
# corresponding to MSA columns:
# 1399-1414
name=unknown_F
#
# <colnr> <probs for GDERKNQSTAVLIFYWHMCP>
#	G	D	E	R	K	N	Q	S	T	A	V	L	I	F	Y	W	H	M	C	P
0	0.00569	0.00468	0.00501	0.00513	0.00649	0.00400	0.00377	0.00692	0.01072	0.01316	0.10890	0.15857	0.62632	0.01216	0.00564	0.00163	0.00242	0.01033	0.00445	0.00400
1	0.01792	0.01321	0.01415	0.01085	0.01462	0.01462	0.00896	0.78916	0.02217	0.02972	0.01132	0.01132	0.00802	0.00566	0.00472	0.00142	0.00519	0.00425	0.00472	0.00802
2	0.00612	0.00477	0.00555	0.00541	0.00672	0.00420	0.00404	0.00780	0.01194	0.01571	0.41395	0.07280	0.40223	0.01094	0.00559	0.00155	0.00232	0.00940	0.00477	0.00420
3	0.00943	0.00866	0.01414	0.77584	0.03144	0.01072	0.01285	0.05714	0.01017	0.01307	0.00855	0.01250	0.00639	0.00477	0.00471	0.00156	0.00622	0.00419	0.00225	0.00540
4	0.01269	0.00656	0.00838	0.00711	0.00934	0.00612	0.00561	0.03607	0.06776	0.30680	0.38650	0.02569	0.04314	0.00776	0.00507	0.00146	0.00306	0.00663	0.04821	0.00604
5	0.86760	0.00912	0.00693	0.00620	0.00912	0.01058	0.00511	0.01386	0.00802	0.02115	0.00657	0.00766	0.00511	0.00438	0.00292	0.00146	0.00365	0.00255	0.00292	0.00511
6	0.01588	0.01659	0.01271	0.01107	0.01388	0.38763	0.00857	0.19529	0.25532	0.01817	0.01185	0.01193	0.00906	0.00551	0.00452	0.00138	0.00629	0.00401	0.00367	0.00666
7	0.04653	0.11565	0.01494	0.01132	0.01340	0.32671	0.00919	0.12453	0.01204	0.01435	0.00740	0.00932	0.00635	0.00591	0.00761	0.00149	0.26141	0.00347	0.00261	0.00579
8	0.00709	0.00503	0.00617	0.00679	0.05597	0.00505	0.00383	0.00744	0.00734	0.00983	0.01590	0.02951	0.05363	0.68947	0.07458	0.00443	0.00507	0.00672	0.00287	0.00329
9	0.01458	0.01699	0.01375	0.01213	0.01365	0.44737	0.00954	0.04479	0.03106	0.01235	0.00730	0.00956	0.00640	0.00627	0.00873	0.00157	0.33246	0.00357	0.00243	0.00549
10	0.01349	0.69299	0.02270	0.00879	0.01254	0.15962	0.00825	0.01495	0.01025	0.01117	0.00668	0.00773	0.00605	0.00418	0.00324	0.00104	0.00565	0.00261	0.00209	0.00595
11	0.00573	0.00415	0.00542	0.00645	0.00681	0.00384	0.00432	0.00658	0.00914	0.01208	0.02744	0.77892	0.08255	0.01458	0.00599	0.00189	0.00271	0.01317	0.00438	0.00384
12	0.01144	0.01223	0.02362	0.01869	0.10064	0.03039	0.55474	0.07107	0.01178	0.01582	0.01188	0.01442	0.05838	0.00482	0.00576	0.00157	0.03821	0.00550	0.00267	0.00637
13	0.00963	0.02321	0.73074	0.01409	0.02084	0.01105	0.09536	0.01495	0.01007	0.01495	0.00857	0.01023	0.00609	0.00443	0.00459	0.00150	0.00707	0.00369	0.00203	0.00691
14	0.00639	0.00514	0.00634	0.00702	0.05723	0.00462	0.00478	0.00799	0.01133	0.01476	0.27225	0.13738	0.39670	0.01114	0.00560	0.00161	0.00266	0.03823	0.00450	0.00434
15	0.00970	0.07573	0.51786	0.18725	0.02279	0.01146	0.08229	0.01427	0.00992	0.01406	0.00841	0.01059	0.00615	0.00446	0.00452	0.00149	0.00677	0.00375	0.00205	0.00648

[dist]
# distance from previous block
# <min> <max>
0	1

[block]
# block no. 6 follows, 54 sequences, length 18
# corresponding to MSA columns:
# 1416-1433
name=unknown_G
#
# <colnr> <probs for GDERKNQSTAVLIFYWHMCP>
#	G	D	E	R	K	N	Q	S	T	A	V	L	I	F	Y	W	H	M	C	P
0	0.00895	0.00815	0.01261	0.01035	0.01252	0.05303	0.21453	0.01180	0.04800	0.03926	0.32477	0.17480	0.04384	0.00859	0.00551	0.00158	0.00434	0.00810	0.00411	0.00514
1	0.00655	0.00520	0.00731	0.00748	0.02653	0.00479	0.04946	0.00815	0.01082	0.01438	0.22837	0.32511	0.19867	0.01183	0.00579	0.00173	0.00303	0.07607	0.00442	0.00429
2	0.01034	0.25725	0.50722	0.01193	0.01765	0.01293	0.04860	0.01444	0.00995	0.01379	0.00881	0.01162	0.00714	0.00477	0.00421	0.00139	0.00632	0.04295	0.00214	0.00654
3	0.00604	0.00429	0.00567	0.00662	0.00698	0.00406	0.00455	0.00698	0.00920	0.01228	0.05697	0.66422	0.03025	0.07941	0.00747	0.00213	0.00301	0.08177	0.00429	0.00382
4	0.04377	0.08187	0.01095	0.00866	0.01071	0.21430	0.00677	0.07082	0.11142	0.01590	0.16542	0.01883	0.05559	0.05440	0.02069	0.00168	0.04282	0.00514	0.05483	0.00542
5	0.00946	0.02439	0.80987	0.01344	0.02041	0.01095	0.01742	0.01493	0.00995	0.01493	0.00846	0.00995	0.00597	0.00448	0.00448	0.00149	0.00697	0.00348	0.00199	0.00697
6	0.00978	0.00838	0.00978	0.00698	0.01117	0.00629	0.00559	0.01187	0.00978	0.01536	0.00838	0.00978	0.00698	0.00349	0.00349	0.00070	0.00349	0.00279	0.00279	0.86312
7	0.01577	0.01262	0.01266	0.01026	0.01349	0.07550	0.00827	0.49764	0.20219	0.02518	0.03433	0.01347	0.01051	0.00587	0.00466	0.00143	0.00490	0.00453	0.03927	0.00745
8	0.86760	0.00912	0.00693	0.00620	0.00912	0.01058	0.00511	0.01386	0.00802	0.02115	0.00657	0.00766	0.00511	0.00438	0.00292	0.00146	0.00365	0.00255	0.00292	0.00511
9	0.00819	0.00410	0.00614	0.00614	0.00614	0.00410	0.00410	0.00614	0.00614	0.00819	0.00819	0.01433	0.00819	0.01638	0.01843	0.86282	0.00410	0.00410	0.00205	0.00205
10	0.00669	0.00570	0.03101	0.00612	0.00758	0.00493	0.00482	0.00916	0.05655	0.01590	0.38351	0.07301	0.29147	0.03976	0.00621	0.00169	0.00272	0.04408	0.00464	0.00445
11	0.01082	0.00873	0.01097	0.02331	0.01132	0.04218	0.03203	0.05225	0.08975	0.08362	0.09132	0.04783	0.08803	0.00863	0.00886	0.03717	0.25583	0.05558	0.03638	0.00540
12	0.00589	0.00479	0.00522	0.00511	0.00656	0.00412	0.00383	0.00738	0.01150	0.01451	0.26492	0.04245	0.58470	0.01128	0.00557	0.00156	0.00234	0.00954	0.00461	0.00412
13	0.01091	0.00962	0.04334	0.02803	0.04505	0.00800	0.00722	0.08612	0.01095	0.04158	0.00923	0.02657	0.00763	0.00437	0.00450	0.00097	0.05089	0.00340	0.00299	0.59863
14	0.00610	0.00470	0.00561	0.00607	0.00698	0.00434	0.00428	0.00782	0.04853	0.01348	0.12865	0.44355	0.27701	0.01283	0.00576	0.00174	0.00261	0.01131	0.00450	0.00413
15	0.01176	0.04531	0.06163	0.05644	0.40598	0.06620	0.03932	0.01557	0.09438	0.04341	0.01114	0.04280	0.00939	0.00513	0.00463	0.00142	0.00544	0.02059	0.01739	0.04209
16	0.01386	0.49782	0.08609	0.00977	0.01356	0.20035	0.00921	0.07625	0.01141	0.01299	0.00725	0.00834	0.00621	0.00449	0.00386	0.00115	0.02604	0.00289	0.00232	0.00613
17	0.12634	0.03903	0.01054	0.02276	0.02591	0.08673	0.05484	0.06994	0.10300	0.08174	0.05699	0.10788	0.16261	0.00827	0.02143	0.00164	0.00445	0.00637	0.00390	0.00562

[dist]
# distance from previous block
# <min> <max>
0	4

[block]
# block no. 7 follows, 54 sequences, length 37
# corresponding to MSA columns:
# 1438-1474
name=unknown_H
#
# <colnr> <probs for GDERKNQSTAVLIFYWHMCP>
#	G	D	E	R	K	N	Q	S	T	A	V	L	I	F	Y	W	H	M	C	P
0	0.11631	0.27523	0.21830	0.01256	0.12993	0.07166	0.01093	0.04352	0.01052	0.01493	0.03403	0.02633	0.00796	0.00473	0.00392	0.00131	0.00556	0.00353	0.00245	0.00631
1	0.02296	0.01116	0.01700	0.24953	0.38814	0.07855	0.07616	0.01426	0.03361	0.01423	0.00998	0.01349	0.02063	0.00481	0.00476	0.00148	0.00606	0.02434	0.00244	0.00641
2	0.01019	0.00842	0.01064	0.00973	0.10532	0.00702	0.00671	0.02527	0.03272	0.03880	0.02933	0.03298	0.00926	0.00571	0.04130	0.00122	0.00414	0.00366	0.01696	0.60062
3	0.00613	0.00499	0.00587	0.00592	0.00725	0.00447	0.01979	0.00785	0.03638	0.01359	0.12262	0.21790	0.47392	0.01203	0.00568	0.00168	0.00269	0.04263	0.00444	0.00417
4	0.00927	0.00858	0.01427	0.72685	0.09067	0.01044	0.01287	0.02553	0.00976	0.01275	0.00865	0.01261	0.00656	0.00471	0.00467	0.00154	0.00611	0.00420	0.02451	0.00543
5	0.01192	0.00960	0.01033	0.00927	0.01189	0.01088	0.00724	0.02364	0.68714	0.06849	0.04367	0.01950	0.03567	0.00674	0.00487	0.00160	0.00368	0.02178	0.00485	0.00725
6	0.00685	0.00461	0.00533	0.00533	0.00540	0.00467	0.00309	0.00698	0.00691	0.00928	0.01468	0.02990	0.01673	0.77226	0.08547	0.00480	0.00520	0.00672	0.00283	0.00296
7	0.00727	0.00518	0.00716	0.00820	0.00911	0.00514	0.00689	0.00914	0.01040	0.01358	0.02470	0.17506	0.02736	0.04761	0.00717	0.00223	0.00410	0.62121	0.00429	0.00420
8	0.00641	0.00470	0.00537	0.00561	0.00683	0.00409	0.00405	0.00755	0.01041	0.05003	0.07352	0.31105	0.46847	0.01251	0.00568	0.00169	0.00258	0.01082	0.00448	0.00414
9	0.01113	0.01272	0.02782	0.01987	0.02464	0.01192	0.78776	0.01510	0.01113	0.01510	0.00954	0.01272	0.00715	0.00397	0.00556	0.00159	0.00795	0.00556	0.00238	0.00636
10	0.00567	0.00465	0.00500	0.00518	0.00650	0.00398	0.00378	0.00685	0.01056	0.01295	0.08591	0.19530	0.61264	0.01235	0.00566	0.00165	0.00245	0.01053	0.00442	0.00398
11	0.01988	0.00852	0.01106	0.00865	0.01218	0.00786	0.00709	0.05911	0.10708	0.67786	0.01833	0.01601	0.01182	0.00589	0.00475	0.00147	0.00403	0.00479	0.00566	0.00796
12	0.00712	0.00721	0.10180	0.00670	0.00863	0.00520	0.00591	0.00957	0.01255	0.03308	0.57675	0.03339	0.15552	0.00930	0.00542	0.00150	0.00285	0.00807	0.00470	0.00475
13	0.10867	0.00521	0.00584	0.00626	0.00731	0.00512	0.00447	0.00862	0.05009	0.01424	0.09375	0.46400	0.18522	0.01209	0.00546	0.00174	0.00278	0.01058	0.00429	0.00425
14	0.04247	0.01295	0.01369	0.01072	0.01430	0.10792	0.04486	0.45071	0.03870	0.19720	0.01243	0.01215	0.00863	0.00551	0.00466	0.00142	0.00537	0.00425	0.00453	0.00754
15	0.01658	0.02079	0.01345	0.10865	0.01671	0.71957	0.00958	0.01802	0.01289	0.01160	0.00742	0.00899	0.00610	0.00484	0.00431	0.00126	0.00824	0.00317	0.00239	0.00544
16	0.01122	0.01066	0.01441	0.01220	0.01265	0.01446	0.01015	0.10392	0.00900	0.01353	0.00680	0.01044	0.00641	0.00794	0.01419	0.00199	0.72802	0.00414	0.00238	0.00550
17	0.01047	0.01177	0.02508	0.01808	0.02247	0.01098	0.69443	0.01411	0.01108	0.01482	0.01409	0.01661	0.10187	0.00492	0.00557	0.00159	0.00729	0.00609	0.00262	0.00608
18	0.01763	0.02204	0.01340	0.01209	0.01458	0.77843	0.00910	0.05436	0.01377	0.01238	0.00747	0.00863	0.00616	0.00490	0.00427	0.00122	0.00835	0.00309	0.00253	0.00558
19	0.86760	0.00912	0.00693	0.00620	0.00912	0.01058	0.00511	0.01386	0.00802	0.02115	0.00657	0.00766	0.00511	0.00438	0.00292	0.00146	0.00365	0.00255	0.00292	0.00511
20	0.00890	0.00838	0.01414	0.82296	0.03247	0.01048	0.01309	0.01205	0.00943	0.01205	0.00838	0.01257	0.00629	0.00471	0.00471	0.00157	0.00629	0.00419	0.00210	0.00524
21	0.01261	0.83713	0.02471	0.00807	0.01210	0.01866	0.00807	0.01412	0.00958	0.01109	0.00656	0.00756	0.00605	0.00403	0.00303	0.00101	0.00504	0.00252	0.00202	0.00605
22	0.01138	0.00945	0.00992	0.00898	0.01146	0.01085	0.00697	0.02338	0.70276	0.01947	0.01874	0.01759	0.01412	0.00629	0.00462	0.00154	0.00355	0.00522	0.10664	0.00710
23	0.01032	0.01032	0.01444	0.01238	0.01238	0.01444	0.01032	0.01135	0.00722	0.01135	0.00619	0.01032	0.00619	0.00825	0.01547	0.00206	0.82567	0.00413	0.00206	0.00516
24	0.00686	0.00504	0.00664	0.00742	0.00846	0.00483	0.00610	0.00863	0.01072	0.01389	0.09007	0.18159	0.16610	0.01286	0.00619	0.00197	0.00356	0.45045	0.00442	0.00420
25	0.00890	0.00838	0.01414	0.82296	0.03247	0.01048	0.01309	0.01205	0.00943	0.01205	0.00838	0.01257	0.00629	0.00471	0.00471	0.00157	0.00629	0.00419	0.00210	0.00524
26	0.01133	0.01295	0.02630	0.04618	0.02408	0.04901	0.70313	0.01506	0.01106	0.01473	0.00930	0.01245	0.00705	0.00417	0.00577	0.00159	0.03189	0.00536	0.00237	0.00625
27	0.00589	0.00486	0.00522	0.00533	0.00682	0.00419	0.00412	0.00728	0.01095	0.01335	0.09975	0.04557	0.65565	0.01190	0.00568	0.00165	0.00261	0.10068	0.00443	0.00406
28	0.01050	0.00989	0.01668	0.15856	0.58122	0.01020	0.01304	0.01313	0.01031	0.01444	0.01082	0.10936	0.01009	0.00554	0.00484	0.00149	0.00537	0.00529	0.00254	0.00666
29	0.00625	0.00480	0.00572	0.00549	0.00679	0.00427	0.00412	0.00809	0.01236	0.01656	0.51486	0.03909	0.33349	0.01052	0.00557	0.00152	0.00229	0.00907	0.00488	0.00427
30	0.00911	0.00848	0.01193	0.03768	0.01140	0.01137	0.00863	0.01024	0.00733	0.01104	0.00861	0.01441	0.00860	0.10392	0.19020	0.00352	0.53192	0.00463	0.00225	0.00470
31	0.01758	0.01153	0.01284	0.01009	0.01364	0.01241	0.00825	0.48785	0.15276	0.20125	0.01429	0.01345	0.00992	0.00583	0.00474	0.00146	0.00468	0.00454	0.00498	0.00792
32	0.01016	0.00861	0.00998	0.00716	0.01134	0.00668	0.00575	0.04827	0.01036	0.01604	0.00852	0.00985	0.00703	0.00359	0.00355	0.00073	0.00357	0.00286	0.00288	0.82307
33	0.01084	0.00672	0.00834	0.00781	0.03199	0.00659	0.00586	0.01507	0.16887	0.18479	0.30862	0.05677	0.09936	0.00843	0.00519	0.00154	0.00311	0.03415	0.03014	0.00582
34	0.01024	0.04981	0.45292	0.03268	0.05543	0.02797	0.11492	0.04987	0.01078	0.01542	0.03297	0.01267	0.03397	0.00502	0.00496	0.00148	0.03378	0.00422	0.04441	0.00650
35	0.09348	0.23559	0.15042	0.01013	0.02434	0.12513	0.05916	0.01483	0.04735	0.02713	0.10291	0.01264	0.01122	0.00505	0.00406	0.00128	0.00538	0.00390	0.01385	0.05213
36	0.01329	0.02706	0.01417	0.05696	0.17023	0.02094	0.05763	0.22235	0.17389	0.07148	0.03080	0.02796	0.03541	0.02521	0.00521	0.00154	0.00487	0.00500	0.02901	0.00698

[dist]
# distance from previous block
# <min> <max>
2	17

[block]
# block no. 8 follows, 54 sequences, length 10
# corresponding to MSA columns:
# 1493-1502
name=unknown_I
#
# <colnr> <probs for GDERKNQSTAVLIFYWHMCP>
#	G	D	E	R	K	N	Q	S	T	A	V	L	I	F	Y	W	H	M	C	P
0	0.01218	0.06228	0.02954	0.12217	0.11056	0.14039	0.12294	0.09080	0.08425	0.01597	0.06336	0.01482	0.01088	0.00546	0.00493	0.00144	0.02225	0.03289	0.02160	0.03129
1	0.00681	0.00446	0.00523	0.00549	0.00571	0.00443	0.00338	0.00731	0.00773	0.01083	0.01744	0.21689	0.01967	0.51860	0.04849	0.00368	0.00419	0.00805	0.09830	0.00331
2	0.03628	0.01056	0.01051	0.00923	0.01166	0.08075	0.00717	0.23310	0.28705	0.02056	0.09659	0.14352	0.01732	0.00764	0.00494	0.00155	0.00424	0.00634	0.00449	0.00650
3	0.03697	0.08383	0.01262	0.00960	0.01263	0.07227	0.00775	0.24629	0.36840	0.02087	0.01646	0.01579	0.06360	0.00618	0.00458	0.00146	0.00454	0.00483	0.00428	0.00706
4	0.00847	0.04694	0.00956	0.03375	0.05180	0.06247	0.03130	0.01048	0.01172	0.01572	0.34397	0.04680	0.15882	0.00797	0.00496	0.00135	0.00353	0.00686	0.00397	0.13955
5	0.01071	0.18593	0.35254	0.01268	0.06909	0.03005	0.08213	0.01472	0.04407	0.03835	0.07851	0.01319	0.01046	0.03195	0.00504	0.00149	0.00588	0.00418	0.00261	0.00642
6	0.00779	0.00470	0.00558	0.00583	0.00644	0.00461	0.00406	0.00887	0.00881	0.04202	0.01846	0.16400	0.01947	0.33875	0.01253	0.00279	0.00361	0.11883	0.21903	0.00381
7	0.01124	0.00916	0.01496	0.03530	0.04905	0.00918	0.23663	0.07006	0.13271	0.08887	0.01648	0.14418	0.01491	0.00741	0.00530	0.00165	0.00508	0.09152	0.05021	0.00610
8	0.01081	0.01152	0.12315	0.08797	0.07144	0.04352	0.21480	0.01396	0.01101	0.08540	0.01476	0.02497	0.01351	0.00715	0.00544	0.00172	0.00605	0.24368	0.00322	0.00590
9	0.00691	0.00497	0.00686	0.00690	0.00746	0.00543	0.00505	0.00798	0.00813	0.01137	0.08677	0.09510	0.01808	0.21455	0.37954	0.05051	0.03449	0.04303	0.00306	0.00381

[dist]
# distance from previous block
# <min> <max>
0	4

# created by:
# /home/cegg/simao/soft/augustus-3.2.1/scripts/msa2prfl.pl ./align_prep/EOG091G0MB2.fa
