[name]
unknown

[dist]
# distance from previous block
# <min> <max>
0	98

[block]
# block no. 0 follows, 53 sequences, length 11
# corresponding to MSA columns:
# 110-120
name=unknown_A
#
# <colnr> <probs for GDERKNQSTAVLIFYWHMCP>
#	G	D	E	R	K	N	Q	S	T	A	V	L	I	F	Y	W	H	M	C	P
0	0.02530	0.00899	0.03517	0.13683	0.09660	0.02218	0.05480	0.06532	0.03071	0.07427	0.09390	0.01660	0.02702	0.02084	0.07176	0.02483	0.03714	0.00490	0.07039	0.08245
1	0.01029	0.00854	0.01379	0.59322	0.06083	0.01005	0.03709	0.04903	0.01054	0.05579	0.00999	0.01337	0.00744	0.00492	0.00465	0.00152	0.00578	0.00435	0.09314	0.00563
2	0.12760	0.00922	0.01202	0.01006	0.03377	0.00948	0.09401	0.15792	0.04455	0.15693	0.01400	0.09888	0.01182	0.04322	0.00592	0.00164	0.03561	0.01728	0.06005	0.05603
3	0.00659	0.00509	0.00636	0.00738	0.06597	0.00473	0.00457	0.00759	0.00961	0.01250	0.09385	0.25983	0.25869	0.22327	0.01052	0.00246	0.00332	0.00971	0.00395	0.00400
4	0.01113	0.01010	0.01436	0.03174	0.01363	0.01277	0.07493	0.11580	0.01022	0.01498	0.00953	0.01481	0.00874	0.00838	0.03048	0.00202	0.48800	0.06177	0.06102	0.00559
5	0.01269	0.01001	0.01029	0.00911	0.01166	0.06463	0.00708	0.07697	0.44441	0.10611	0.08635	0.06955	0.05545	0.00734	0.00499	0.00157	0.00399	0.00611	0.00480	0.00687
6	0.04759	0.01105	0.01191	0.00980	0.01296	0.01224	0.00788	0.35137	0.31987	0.08323	0.06865	0.01581	0.01332	0.00627	0.00480	0.00152	0.00433	0.00500	0.00486	0.00755
7	0.03415	0.00925	0.01092	0.02765	0.01244	0.03643	0.00717	0.13196	0.08250	0.38131	0.01553	0.03336	0.01106	0.00784	0.05968	0.00182	0.00487	0.00468	0.03281	0.09457
8	0.01238	0.00713	0.00839	0.00712	0.00944	0.02844	0.00560	0.06268	0.03603	0.25004	0.28928	0.02634	0.12919	0.00793	0.00504	0.00144	0.00327	0.00667	0.06435	0.03924
9	0.01022	0.00566	0.00693	0.06702	0.00933	0.00566	0.00516	0.05005	0.01128	0.11822	0.09822	0.16202	0.01837	0.00766	0.00443	0.00140	0.00302	0.00652	0.40375	0.00508
10	0.01293	0.01095	0.06011	0.00985	0.01234	0.11351	0.07023	0.10710	0.01205	0.13562	0.01377	0.04992	0.01195	0.10126	0.04474	0.00214	0.05452	0.05379	0.10071	0.02252

[dist]
# distance from previous block
# <min> <max>
0	3

[block]
# block no. 1 follows, 53 sequences, length 8
# corresponding to MSA columns:
# 124-129,135,136
name=unknown_B
#
# <colnr> <probs for GDERKNQSTAVLIFYWHMCP>
#	G	D	E	R	K	N	Q	S	T	A	V	L	I	F	Y	W	H	M	C	P
0	0.01071	0.01020	0.01785	0.31053	0.12750	0.01102	0.21794	0.07665	0.03700	0.01556	0.06295	0.01426	0.00985	0.00539	0.00573	0.02395	0.02913	0.00496	0.00275	0.00608
1	0.01871	0.00912	0.01133	0.00891	0.01233	0.00883	0.00728	0.17468	0.08774	0.51360	0.08123	0.01704	0.01407	0.00625	0.00487	0.00149	0.00413	0.00507	0.00554	0.00778
2	0.55647	0.00884	0.00851	0.00710	0.01033	0.00937	0.00585	0.01744	0.01017	0.30868	0.01112	0.01088	0.00761	0.00498	0.00364	0.00148	0.00383	0.00340	0.00404	0.00626
3	0.00933	0.00862	0.01472	0.57918	0.10628	0.01002	0.06847	0.01242	0.01008	0.01357	0.05635	0.01437	0.00926	0.00502	0.00479	0.00154	0.00590	0.00463	0.05993	0.00551
4	0.00754	0.00611	0.00845	0.00872	0.06183	0.00646	0.00623	0.00970	0.03180	0.01393	0.18874	0.02438	0.11688	0.02071	0.36411	0.00424	0.05464	0.00627	0.00343	0.05583
5	0.01061	0.01011	0.01719	0.37388	0.46721	0.01104	0.01406	0.01360	0.01031	0.01413	0.00877	0.01223	0.00705	0.00449	0.00475	0.00150	0.00598	0.00425	0.00226	0.00659
6	0.00794	0.00644	0.00859	0.13890	0.04206	0.00631	0.00647	0.04379	0.01234	0.01689	0.39154	0.02929	0.16875	0.00837	0.00522	0.00145	0.00334	0.00725	0.00423	0.09082
7	0.18614	0.01062	0.01091	0.00920	0.01220	0.01190	0.00736	0.29850	0.26332	0.05064	0.01451	0.07970	0.01163	0.00647	0.00455	0.00155	0.00423	0.00508	0.00445	0.00701

[dist]
# distance from previous block
# <min> <max>
0	1

[block]
# block no. 2 follows, 53 sequences, length 29
# corresponding to MSA columns:
# 138-166
name=unknown_C
#
# <colnr> <probs for GDERKNQSTAVLIFYWHMCP>
#	G	D	E	R	K	N	Q	S	T	A	V	L	I	F	Y	W	H	M	C	P
0	0.07238	0.03046	0.01667	0.12381	0.48586	0.09162	0.01263	0.01440	0.01065	0.01491	0.00931	0.01337	0.00807	0.00499	0.00497	0.00148	0.03169	0.04359	0.00248	0.00664
1	0.41733	0.00945	0.01150	0.11735	0.19286	0.01076	0.00887	0.01357	0.00906	0.03729	0.00871	0.05227	0.00751	0.00538	0.00496	0.00156	0.07906	0.00395	0.00279	0.00575
2	0.04102	0.43908	0.05294	0.00997	0.02985	0.23595	0.00876	0.06691	0.01167	0.01329	0.00927	0.01018	0.04356	0.00484	0.00374	0.00118	0.00601	0.00325	0.00249	0.00605
3	0.01075	0.01109	0.05464	0.20684	0.47910	0.02263	0.05595	0.01367	0.01042	0.01442	0.00980	0.04889	0.00852	0.02660	0.00535	0.00158	0.00592	0.00477	0.00240	0.00665
4	0.04016	0.00853	0.00987	0.00744	0.01119	0.00711	0.00592	0.03139	0.04687	0.02688	0.01012	0.05783	0.00885	0.00461	0.00416	0.00092	0.02948	0.00367	0.00309	0.68190
5	0.00604	0.00440	0.00570	0.00640	0.00699	0.00406	0.00445	0.00723	0.01026	0.01376	0.19025	0.57834	0.10202	0.01360	0.00597	0.00183	0.00267	0.02738	0.00461	0.00404
6	0.01291	0.01217	0.01129	0.01013	0.01283	0.12927	0.00784	0.04182	0.66174	0.01901	0.01750	0.01634	0.01321	0.00624	0.00478	0.00156	0.00452	0.00504	0.00451	0.00728
7	0.00683	0.00512	0.00768	0.00768	0.00853	0.00597	0.00597	0.00853	0.00768	0.01110	0.01280	0.01878	0.01195	0.03585	0.81308	0.00768	0.01280	0.00512	0.00256	0.00427
8	0.00975	0.06663	0.76680	0.01334	0.02025	0.01150	0.01717	0.01509	0.01007	0.01494	0.00848	0.00997	0.00606	0.00452	0.00446	0.00149	0.00696	0.00348	0.00202	0.00702
9	0.02280	0.01160	0.11677	0.01549	0.05911	0.00955	0.35623	0.01356	0.01102	0.03179	0.01499	0.02649	0.01410	0.00728	0.00573	0.00179	0.00641	0.26626	0.00312	0.00590
10	0.06025	0.00844	0.01091	0.00845	0.01198	0.00769	0.00693	0.07975	0.01381	0.67778	0.01757	0.01612	0.01147	0.03948	0.00551	0.00160	0.00416	0.00475	0.00557	0.00778
11	0.01190	0.01304	0.01149	0.01050	0.01197	0.31806	0.05115	0.01349	0.02939	0.01230	0.01329	0.17493	0.01373	0.06768	0.03998	0.00207	0.12528	0.04479	0.03005	0.00494
12	0.09067	0.00923	0.01188	0.03109	0.13789	0.00871	0.00790	0.01402	0.03068	0.09136	0.00946	0.01096	0.00754	0.00456	0.00509	0.00115	0.08671	0.00346	0.00303	0.43461
13	0.01051	0.00848	0.00997	0.00715	0.01137	0.00641	0.00573	0.01262	0.01011	0.05655	0.00903	0.01024	0.00733	0.00366	0.00361	0.00075	0.00357	0.00293	0.00299	0.81699
14	0.01078	0.01140	0.05402	0.01199	0.01273	0.05485	0.01020	0.04776	0.00851	0.01250	0.00739	0.01141	0.00700	0.02130	0.08501	0.00252	0.61879	0.00422	0.00228	0.00536
15	0.00923	0.07428	0.06965	0.04014	0.03307	0.00914	0.11799	0.01127	0.00907	0.04591	0.01302	0.14442	0.01275	0.05026	0.22965	0.01654	0.09951	0.00612	0.00283	0.00516
16	0.00629	0.00496	0.00518	0.00513	0.00677	0.00418	0.00388	0.00755	0.01099	0.04168	0.05791	0.06561	0.72211	0.01195	0.00565	0.00163	0.00253	0.02732	0.00450	0.00419
17	0.36337	0.00878	0.00965	0.00782	0.01107	0.00898	0.00645	0.03370	0.01134	0.44030	0.01325	0.01249	0.00883	0.00541	0.00450	0.00150	0.03731	0.00387	0.00454	0.00682
18	0.00957	0.00916	0.01290	0.01115	0.01148	0.01217	0.02303	0.01091	0.00873	0.01318	0.17073	0.04107	0.01509	0.00878	0.01313	0.00196	0.61367	0.00542	0.00282	0.00506
19	0.01005	0.00936	0.01360	0.51314	0.11474	0.05184	0.01161	0.01391	0.10112	0.01330	0.01006	0.01366	0.00794	0.02559	0.00598	0.04937	0.00586	0.00439	0.01891	0.00559
20	0.01183	0.01136	0.01940	0.02934	0.80221	0.01136	0.01467	0.01467	0.01088	0.01562	0.00899	0.01183	0.00757	0.00426	0.00473	0.00142	0.00568	0.00426	0.00237	0.00757
21	0.31280	0.01069	0.01097	0.00877	0.01223	0.01158	0.00722	0.32442	0.04143	0.19788	0.01170	0.01146	0.00814	0.00535	0.00416	0.00147	0.00440	0.00386	0.00440	0.00709
22	0.00830	0.00415	0.00623	0.00623	0.00623	0.00415	0.00415	0.00623	0.00623	0.00830	0.00830	0.01453	0.00830	0.01660	0.01868	0.86094	0.00415	0.00415	0.00208	0.00208
23	0.01336	0.01576	0.01092	0.01092	0.04046	0.49664	0.00773	0.01451	0.01189	0.01202	0.01418	0.29998	0.01525	0.00847	0.00496	0.00149	0.00644	0.00685	0.00316	0.00503
24	0.01798	0.01315	0.01413	0.01089	0.01467	0.01454	0.00898	0.73980	0.05370	0.04544	0.01195	0.01183	0.00847	0.00577	0.00479	0.00144	0.00518	0.00436	0.00481	0.00811
25	0.00871	0.00593	0.00995	0.00897	0.02806	0.00587	0.11769	0.00842	0.00796	0.02388	0.05210	0.08054	0.02767	0.05477	0.01451	0.50277	0.03058	0.00561	0.00263	0.00339
26	0.01512	0.01822	0.01395	0.01240	0.01395	0.51764	0.00969	0.01628	0.01124	0.01163	0.00698	0.00930	0.00620	0.00620	0.00852	0.00155	0.30990	0.00349	0.00233	0.00543
27	0.01182	0.01021	0.01078	0.00963	0.01239	0.01169	0.00750	0.02493	0.76609	0.01984	0.01907	0.01755	0.01433	0.00638	0.00482	0.00159	0.00377	0.00531	0.00479	0.03750
28	0.19020	0.01147	0.01181	0.00939	0.01279	0.01268	0.00771	0.48674	0.06618	0.07325	0.01169	0.01180	0.00841	0.00552	0.00432	0.00144	0.00459	0.00406	0.05869	0.00726

[dist]
# distance from previous block
# <min> <max>
0	3

[block]
# block no. 3 follows, 53 sequences, length 7
# corresponding to MSA columns:
# 227-233
name=unknown_D
#
# <colnr> <probs for GDERKNQSTAVLIFYWHMCP>
#	G	D	E	R	K	N	Q	S	T	A	V	L	I	F	Y	W	H	M	C	P
0	0.05202	0.01884	0.01349	0.01358	0.10827	0.55796	0.00938	0.05243	0.07551	0.01425	0.00896	0.01013	0.00724	0.00501	0.00434	0.00130	0.00732	0.00348	0.03048	0.00601
1	0.00609	0.00450	0.00574	0.00657	0.00725	0.00416	0.00473	0.00724	0.00992	0.01293	0.06468	0.54161	0.17648	0.01396	0.00606	0.00190	0.00290	0.11479	0.00447	0.00401
2	0.00999	0.18150	0.07512	0.03265	0.09058	0.02833	0.02745	0.01214	0.04136	0.03165	0.04173	0.14601	0.01422	0.10628	0.00817	0.04181	0.04680	0.01724	0.02249	0.02447
3	0.40158	0.23641	0.08299	0.00807	0.01172	0.01313	0.00756	0.03892	0.10332	0.04469	0.00891	0.00954	0.00695	0.00468	0.00347	0.00137	0.00445	0.00313	0.00301	0.00608
4	0.32142	0.01419	0.29844	0.00950	0.01380	0.00957	0.04581	0.01375	0.00990	0.05314	0.06171	0.01552	0.10347	0.00577	0.00423	0.00152	0.00490	0.00444	0.00304	0.00588
5	0.07335	0.03689	0.07044	0.01999	0.01076	0.07721	0.02095	0.01236	0.07579	0.03248	0.08339	0.19746	0.02956	0.10679	0.00743	0.00190	0.02301	0.02390	0.00356	0.09279
6	0.28517	0.01023	0.04662	0.35766	0.05291	0.01139	0.01029	0.10561	0.01062	0.01755	0.00818	0.01074	0.00623	0.00492	0.00469	0.00155	0.04348	0.00369	0.00271	0.00577

[dist]
# distance from previous block
# <min> <max>
2	3

[block]
# block no. 4 follows, 53 sequences, length 21
# corresponding to MSA columns:
# 237-257
name=unknown_E
#
# <colnr> <probs for GDERKNQSTAVLIFYWHMCP>
#	G	D	E	R	K	N	Q	S	T	A	V	L	I	F	Y	W	H	M	C	P
0	0.01034	0.09394	0.53608	0.01378	0.01975	0.01149	0.15088	0.01491	0.01033	0.03828	0.00979	0.05137	0.00772	0.00497	0.00469	0.00151	0.00676	0.00435	0.00233	0.00674
1	0.00951	0.00801	0.01011	0.22349	0.01605	0.00917	0.00800	0.03261	0.32411	0.01573	0.01814	0.18571	0.03435	0.05238	0.00612	0.00182	0.00426	0.00694	0.02767	0.00580
2	0.01256	0.00723	0.00887	0.00809	0.01022	0.00720	0.00621	0.03229	0.21110	0.26100	0.05940	0.26953	0.04256	0.00943	0.00534	0.00168	0.00350	0.03246	0.00505	0.00627
3	0.00688	0.00491	0.00600	0.00604	0.00689	0.00470	0.00425	0.00838	0.03195	0.02528	0.24372	0.16560	0.15963	0.20835	0.05396	0.02084	0.00367	0.03075	0.00418	0.00401
4	0.01227	0.07810	0.58752	0.01218	0.01834	0.01080	0.01479	0.01677	0.01081	0.17856	0.01057	0.01120	0.00726	0.00479	0.00449	0.00147	0.00631	0.00373	0.00283	0.00722
5	0.01130	0.66299	0.02086	0.00749	0.01106	0.01583	0.00724	0.01277	0.00996	0.01159	0.01530	0.01561	0.17061	0.00575	0.00360	0.00114	0.00455	0.00412	0.00254	0.00570
6	0.00872	0.02320	0.08027	0.00770	0.01012	0.00602	0.00674	0.01096	0.01119	0.06429	0.21461	0.12635	0.05395	0.01952	0.00549	0.00157	0.00365	0.15925	0.00411	0.18230
7	0.00662	0.00465	0.00515	0.00521	0.00556	0.00447	0.00313	0.00692	0.00789	0.01018	0.02258	0.07732	0.18029	0.61817	0.01948	0.00386	0.00408	0.00796	0.00330	0.00319
8	0.00577	0.00480	0.00505	0.00515	0.00661	0.00408	0.00384	0.00702	0.01088	0.01319	0.08317	0.11307	0.67833	0.01226	0.00571	0.00165	0.00249	0.02839	0.00448	0.00405
9	0.00961	0.00909	0.01538	0.65667	0.19225	0.01077	0.01356	0.01272	0.00983	0.01292	0.00860	0.01255	0.00662	0.00467	0.00477	0.00156	0.00623	0.00425	0.00217	0.00578
10	0.01099	0.01035	0.01651	0.25939	0.37628	0.01128	0.04681	0.01619	0.17261	0.01550	0.01104	0.01339	0.00866	0.00486	0.00481	0.00152	0.00560	0.00455	0.00281	0.00685
11	0.00693	0.00473	0.00572	0.00572	0.00590	0.00491	0.00353	0.00728	0.00710	0.00965	0.01459	0.02869	0.01625	0.66713	0.18769	0.00526	0.00633	0.00657	0.00283	0.00318
12	0.00935	0.00680	0.00809	0.00788	0.00955	0.00691	0.00645	0.16986	0.01327	0.01763	0.08589	0.09810	0.15594	0.03008	0.00619	0.00187	0.00384	0.30668	0.05056	0.00505
13	0.01019	0.00886	0.01352	0.01169	0.04805	0.02003	0.18074	0.03788	0.18258	0.04136	0.07228	0.03852	0.03311	0.09908	0.13955	0.01423	0.02283	0.01623	0.00353	0.00574
14	0.68768	0.00819	0.00672	0.00636	0.00876	0.00931	0.00502	0.01252	0.00834	0.01953	0.01073	0.17783	0.01065	0.00662	0.00361	0.00157	0.00351	0.00487	0.00326	0.00491
15	0.01219	0.01065	0.01276	0.01385	0.17612	0.01192	0.00911	0.06110	0.59303	0.01959	0.01689	0.01627	0.01281	0.00599	0.00483	0.00157	0.00425	0.00511	0.00434	0.00759
16	0.00856	0.00581	0.00860	0.01066	0.17072	0.00581	0.00589	0.00823	0.00745	0.01016	0.01083	0.01987	0.01135	0.30148	0.01778	0.38108	0.00464	0.00516	0.00242	0.00350
17	0.00985	0.00942	0.01288	0.01100	0.01159	0.01230	0.00903	0.01103	0.00782	0.01202	0.02416	0.01314	0.02477	0.05046	0.05730	0.00234	0.61132	0.00443	0.00235	0.10279
18	0.22978	0.02303	0.01016	0.11166	0.01349	0.19385	0.00732	0.06960	0.01207	0.05353	0.17265	0.01553	0.01470	0.00591	0.00429	0.00141	0.00495	0.00448	0.04612	0.00546
19	0.00806	0.00586	0.00795	0.17520	0.01282	0.00629	0.00664	0.05780	0.01049	0.01474	0.03776	0.32434	0.03966	0.01073	0.02933	0.00185	0.00398	0.07076	0.17111	0.00463
20	0.00647	0.00455	0.00553	0.00586	0.00627	0.00434	0.00381	0.00723	0.00907	0.01214	0.14325	0.29547	0.08530	0.35789	0.01368	0.00299	0.00348	0.02519	0.00392	0.00359

[dist]
# distance from previous block
# <min> <max>
0	2

[block]
# block no. 5 follows, 53 sequences, length 17
# corresponding to MSA columns:
# 262-278
name=unknown_F
#
# <colnr> <probs for GDERKNQSTAVLIFYWHMCP>
#	G	D	E	R	K	N	Q	S	T	A	V	L	I	F	Y	W	H	M	C	P
0	0.01593	0.15882	0.03417	0.01068	0.01428	0.12234	0.03761	0.37720	0.07863	0.05558	0.04110	0.01208	0.00952	0.00547	0.00448	0.00136	0.00555	0.00414	0.00391	0.00716
1	0.01015	0.08685	0.61321	0.01389	0.02026	0.01188	0.11648	0.01549	0.04025	0.01504	0.00898	0.01056	0.00654	0.00451	0.00458	0.00149	0.00691	0.00380	0.00218	0.00693
2	0.00651	0.00513	0.00596	0.00582	0.00721	0.00461	0.00431	0.00862	0.04529	0.01552	0.31961	0.15003	0.35008	0.01109	0.00560	0.00159	0.00251	0.00958	0.00470	0.03622
3	0.00628	0.00505	0.00563	0.00550	0.00695	0.00451	0.00412	0.00833	0.04351	0.01529	0.30014	0.06812	0.48714	0.01119	0.00563	0.00159	0.00243	0.00953	0.00473	0.00433
4	0.00579	0.00471	0.00512	0.00530	0.00661	0.00405	0.00387	0.00702	0.01080	0.01336	0.11422	0.19734	0.58028	0.01245	0.00574	0.00167	0.00247	0.01063	0.00451	0.00405
5	0.01183	0.01136	0.01940	0.02934	0.80221	0.01136	0.01467	0.01467	0.01088	0.01562	0.00899	0.01183	0.00757	0.00426	0.00473	0.00142	0.00568	0.00426	0.00237	0.00757
6	0.00903	0.00850	0.01434	0.82054	0.03292	0.01062	0.01327	0.01221	0.00956	0.01221	0.00850	0.01274	0.00637	0.00478	0.00478	0.00159	0.00637	0.00425	0.00212	0.00531
7	0.00983	0.01007	0.01815	0.50624	0.02851	0.02949	0.24504	0.01308	0.01015	0.01314	0.01023	0.01386	0.03603	0.00494	0.00539	0.00161	0.03147	0.00485	0.00230	0.00561
8	0.16049	0.00866	0.01103	0.00936	0.01084	0.01026	0.02262	0.01392	0.00903	0.19832	0.01134	0.04152	0.00992	0.13192	0.01174	0.00221	0.32314	0.00481	0.00334	0.00552
9	0.01785	0.02278	0.01354	0.01231	0.01478	0.81284	0.00924	0.01909	0.01354	0.01170	0.00739	0.00862	0.00616	0.00493	0.00431	0.00123	0.00862	0.00308	0.00246	0.00554
10	0.00803	0.00735	0.02916	0.00964	0.01135	0.00718	0.11845	0.01083	0.06225	0.01461	0.11982	0.18071	0.13308	0.01056	0.00676	0.00184	0.07638	0.18312	0.00400	0.00491
11	0.00590	0.00467	0.00532	0.00554	0.00671	0.00408	0.00401	0.00721	0.01093	0.01389	0.18298	0.24937	0.45764	0.01242	0.00577	0.00168	0.00248	0.01074	0.00459	0.00408
12	0.00848	0.02795	0.07169	0.32586	0.01889	0.04284	0.00931	0.01140	0.04208	0.01337	0.08628	0.05454	0.16448	0.03448	0.04061	0.00195	0.00529	0.03229	0.00316	0.00505
13	0.00595	0.00483	0.00528	0.00521	0.00665	0.00416	0.00389	0.00743	0.01155	0.01456	0.24801	0.06643	0.57623	0.01157	0.00566	0.00159	0.00239	0.00981	0.00466	0.00416
14	0.12399	0.00737	0.00847	0.00701	0.00971	0.00720	0.00566	0.05763	0.04042	0.36843	0.01583	0.01552	0.01104	0.00562	0.00407	0.00136	0.00344	0.00440	0.29635	0.00648
15	0.26289	0.00725	0.00810	0.00712	0.00955	0.00718	0.00561	0.01521	0.01077	0.30742	0.05886	0.14279	0.04758	0.05384	0.00570	0.00176	0.00364	0.03438	0.00451	0.00583
16	0.00588	0.00455	0.00537	0.00580	0.00676	0.00403	0.00411	0.00707	0.01050	0.01348	0.14417	0.38567	0.35945	0.01303	0.00584	0.00174	0.00255	0.01141	0.00455	0.00403

[dist]
# distance from previous block
# <min> <max>
0	1

[block]
# block no. 6 follows, 53 sequences, length 38
# corresponding to MSA columns:
# 280,284-320
name=unknown_G
#
# <colnr> <probs for GDERKNQSTAVLIFYWHMCP>
#	G	D	E	R	K	N	Q	S	T	A	V	L	I	F	Y	W	H	M	C	P
0	0.02042	0.02359	0.03945	0.14454	0.07002	0.05326	0.04224	0.06989	0.03277	0.04397	0.05227	0.14827	0.04617	0.06039	0.03377	0.00197	0.04306	0.00639	0.06215	0.00541
1	0.01084	0.01165	0.02079	0.32978	0.06388	0.06635	0.36973	0.01423	0.01070	0.01388	0.00899	0.01239	0.00684	0.00438	0.00510	0.00154	0.00718	0.00476	0.00232	0.03467
2	0.08440	0.03515	0.01542	0.10788	0.16847	0.14027	0.09264	0.06055	0.06593	0.15127	0.02524	0.01266	0.00885	0.00503	0.00462	0.00145	0.00582	0.00428	0.00337	0.00670
3	0.00714	0.00506	0.00652	0.00669	0.00778	0.00468	0.01830	0.00876	0.02444	0.05024	0.17013	0.31777	0.20343	0.04903	0.00670	0.00191	0.00304	0.09945	0.00455	0.00435
4	0.02273	0.06652	0.01244	0.03365	0.01301	0.11390	0.03131	0.16020	0.06418	0.09338	0.08871	0.04097	0.03670	0.00588	0.00449	0.00127	0.00474	0.00473	0.00383	0.19737
5	0.01255	0.00900	0.01124	0.00834	0.01233	0.00763	0.04273	0.06369	0.06536	0.15243	0.02690	0.01229	0.00924	0.00443	0.00407	0.00101	0.00394	0.00369	0.00365	0.54549
6	0.03495	0.01055	0.01555	0.32371	0.03767	0.05566	0.13674	0.07895	0.07332	0.05805	0.01129	0.02366	0.02555	0.00617	0.02352	0.00173	0.06919	0.00475	0.00295	0.00604
7	0.01230	0.01197	0.01960	0.02719	0.67987	0.03982	0.07081	0.05159	0.01156	0.01614	0.00910	0.01178	0.00752	0.00434	0.00479	0.00143	0.00594	0.00432	0.00249	0.00744
8	0.00719	0.00506	0.00643	0.00669	0.00763	0.00491	0.00511	0.00860	0.01005	0.03321	0.12975	0.08782	0.16207	0.19425	0.09322	0.00307	0.00457	0.22226	0.00404	0.00407
9	0.00673	0.00502	0.00746	0.00758	0.00837	0.00576	0.00582	0.00834	0.00783	0.01121	0.01419	0.10165	0.01396	0.03371	0.73053	0.00709	0.01178	0.00599	0.00275	0.00423
10	0.00695	0.00463	0.00521	0.00521	0.00521	0.00463	0.00290	0.00695	0.00695	0.00927	0.01506	0.03128	0.01738	0.83203	0.02433	0.00463	0.00463	0.00695	0.00290	0.00290
11	0.00585	0.00417	0.00554	0.00662	0.00689	0.00390	0.00440	0.00666	0.00910	0.01213	0.02608	0.81013	0.03128	0.03421	0.00653	0.00200	0.00282	0.01343	0.00440	0.00386
12	0.00803	0.00632	0.00777	0.00855	0.08462	0.00610	0.00569	0.01139	0.12777	0.04654	0.17464	0.14728	0.32644	0.01025	0.00547	0.00162	0.00302	0.00885	0.00451	0.00513
13	0.77444	0.00912	0.00746	0.00653	0.00956	0.01032	0.00538	0.01505	0.00873	0.10627	0.00798	0.00868	0.00590	0.00460	0.00316	0.00148	0.00374	0.00283	0.00328	0.00550
14	0.00683	0.00510	0.00756	0.00756	0.00838	0.00591	0.00583	0.00846	0.00765	0.01101	0.01291	0.01937	0.01221	0.07373	0.77555	0.00754	0.01241	0.00521	0.00258	0.00420
15	0.01363	0.01053	0.01124	0.00962	0.01253	0.01187	0.00762	0.20780	0.51902	0.05760	0.01724	0.01623	0.01275	0.00622	0.00474	0.00154	0.00405	0.00505	0.06324	0.00751
16	0.00963	0.02440	0.78598	0.01380	0.02080	0.01113	0.03862	0.01514	0.01012	0.01514	0.00861	0.01017	0.00609	0.00453	0.00457	0.00152	0.00709	0.00359	0.00203	0.00705
17	0.01114	0.01921	0.50860	0.06802	0.01925	0.01113	0.02453	0.05213	0.15542	0.06730	0.01138	0.01220	0.00813	0.00505	0.00466	0.00153	0.00615	0.00407	0.00293	0.00714
18	0.00612	0.00440	0.00586	0.00692	0.00739	0.00415	0.00493	0.00719	0.00952	0.01257	0.02710	0.67137	0.06323	0.01457	0.00616	0.00197	0.00302	0.13512	0.00443	0.00397
19	0.00592	0.00421	0.00559	0.00666	0.00695	0.00396	0.00447	0.00676	0.00911	0.01214	0.02587	0.77621	0.03094	0.04715	0.00683	0.00205	0.00289	0.03406	0.00438	0.00386
20	0.01814	0.01308	0.01411	0.01086	0.01464	0.01441	0.00896	0.73280	0.04338	0.06285	0.01201	0.01185	0.00846	0.00577	0.00478	0.00144	0.00517	0.00436	0.00483	0.00811
21	0.01084	0.00841	0.01023	0.00915	0.01037	0.06190	0.00723	0.03483	0.03710	0.11608	0.02453	0.04039	0.04898	0.07951	0.26275	0.00383	0.22007	0.00535	0.00322	0.00521
22	0.00738	0.00443	0.00582	0.00589	0.00610	0.00438	0.00382	0.00674	0.00731	0.00971	0.04157	0.07920	0.06912	0.28548	0.05555	0.39114	0.00444	0.00633	0.00280	0.00279
23	0.00628	0.00452	0.00617	0.00684	0.00733	0.00459	0.00483	0.00737	0.00866	0.01184	0.02184	0.49640	0.03841	0.07192	0.24531	0.00379	0.00587	0.02630	0.01776	0.00396
24	0.01154	0.01173	0.02157	0.02501	0.49620	0.01188	0.24360	0.01456	0.01067	0.01514	0.00894	0.01202	0.00735	0.00458	0.00604	0.00154	0.08360	0.00466	0.00236	0.00701
25	0.00892	0.00471	0.00508	0.05593	0.00729	0.00484	0.00397	0.01120	0.00999	0.01747	0.01514	0.01750	0.01188	0.00552	0.00343	0.00114	0.00249	0.00444	0.80454	0.00451
26	0.00961	0.00827	0.00986	0.00742	0.01105	0.00676	0.00595	0.01161	0.00986	0.01518	0.02661	0.02774	0.03287	0.00479	0.00463	0.00092	0.05985	0.02919	0.00296	0.71487
27	0.00661	0.00487	0.00619	0.00588	0.00705	0.00444	0.00440	0.00872	0.01313	0.01828	0.69479	0.05048	0.13706	0.01014	0.00565	0.00152	0.00228	0.00890	0.00515	0.00444
28	0.01149	0.01085	0.01774	0.10394	0.62511	0.01124	0.01362	0.01554	0.09773	0.01575	0.01040	0.01335	0.00859	0.00472	0.00478	0.00147	0.00551	0.01823	0.00266	0.00729
29	0.00630	0.00459	0.00603	0.00692	0.00759	0.00432	0.00512	0.00759	0.01006	0.01324	0.08104	0.51488	0.11066	0.01391	0.00614	0.00194	0.00308	0.18806	0.00448	0.00406
30	0.00967	0.02229	0.67497	0.01355	0.01958	0.01143	0.03773	0.01457	0.00975	0.01463	0.00843	0.01040	0.00624	0.00567	0.02374	0.00172	0.10312	0.00370	0.00205	0.00677
31	0.00603	0.00445	0.00559	0.00615	0.00682	0.00407	0.00425	0.00719	0.01028	0.01366	0.19034	0.49637	0.16773	0.04561	0.00664	0.00190	0.00268	0.01169	0.00455	0.00400
32	0.01120	0.01217	0.02551	0.01839	0.02276	0.01153	0.67838	0.04991	0.01155	0.01566	0.02752	0.01459	0.00882	0.06116	0.00689	0.00181	0.00757	0.00574	0.00262	0.00624
33	0.01316	0.01020	0.01157	0.01085	0.06663	0.01129	0.00798	0.14474	0.48869	0.08213	0.06014	0.02948	0.02838	0.00657	0.00491	0.00156	0.00405	0.00548	0.00477	0.00742
34	0.00686	0.00512	0.00642	0.00625	0.00739	0.00485	0.00462	0.00954	0.06271	0.01766	0.57127	0.15330	0.10490	0.01053	0.00566	0.00159	0.00244	0.00929	0.00504	0.00457
35	0.04596	0.14402	0.17381	0.04089	0.08804	0.06650	0.06604	0.06695	0.01151	0.07860	0.03084	0.01123	0.00811	0.00461	0.00424	0.00128	0.00559	0.00373	0.00287	0.14518
36	0.01361	0.26563	0.09350	0.05740	0.09449	0.11829	0.02293	0.11876	0.02946	0.04794	0.00882	0.01015	0.00705	0.00484	0.00468	0.00130	0.04758	0.00352	0.00277	0.04728
37	0.01069	0.01068	0.07026	0.13621	0.44128	0.00989	0.02397	0.01347	0.01044	0.03469	0.03408	0.01557	0.00998	0.05683	0.02060	0.00176	0.00565	0.03467	0.00263	0.05664

[dist]
# distance from previous block
# <min> <max>
0	2

[block]
# block no. 7 follows, 53 sequences, length 6
# corresponding to MSA columns:
# 323-328
name=unknown_H
#
# <colnr> <probs for GDERKNQSTAVLIFYWHMCP>
#	G	D	E	R	K	N	Q	S	T	A	V	L	I	F	Y	W	H	M	C	P
0	0.00911	0.12565	0.00965	0.00682	0.00851	0.02643	0.00536	0.01110	0.03096	0.06541	0.38581	0.04937	0.02882	0.13508	0.00804	0.00194	0.00352	0.05249	0.00425	0.03167
1	0.00766	0.00597	0.00717	0.00686	0.00844	0.00582	0.00536	0.01152	0.13642	0.01745	0.41175	0.03612	0.15741	0.00987	0.00557	0.00161	0.00289	0.11812	0.00484	0.03915
2	0.00765	0.00586	0.00836	0.00989	0.12906	0.00619	0.00591	0.00876	0.00784	0.01096	0.01324	0.02338	0.01374	0.39250	0.33065	0.00533	0.00800	0.00582	0.00268	0.00415
3	0.01012	0.00917	0.01475	0.08046	0.45442	0.00951	0.01127	0.01346	0.06361	0.01555	0.13179	0.01698	0.01436	0.00986	0.12166	0.00236	0.00610	0.00513	0.00299	0.00645
4	0.00721	0.00570	0.00833	0.12486	0.01162	0.00654	0.00665	0.00860	0.00832	0.01138	0.01668	0.16736	0.07327	0.05175	0.35721	0.05733	0.06319	0.00685	0.00293	0.00421
5	0.00875	0.13496	0.00961	0.00695	0.00876	0.12323	0.00543	0.01014	0.01131	0.01354	0.17305	0.15876	0.29850	0.00986	0.00513	0.00150	0.00376	0.00821	0.00394	0.00464

[dist]
# distance from previous block
# <min> <max>
0	2

# created by:
# /home/cegg/simao/soft/augustus-3.2.1/scripts/msa2prfl.pl ./align_prep/EOG091G0TCJ.fa
