[name]
unknown

[dist]
# distance from previous block
# <min> <max>
0	25

[block]
# block no. 0 follows, 50 sequences, length 24
# corresponding to MSA columns:
# 25-48
name=unknown_A
#
# <colnr> <probs for GDERKNQSTAVLIFYWHMCP>
#	G	D	E	R	K	N	Q	S	T	A	V	L	I	F	Y	W	H	M	C	P
0	0.00803	0.00574	0.00803	0.00918	0.01033	0.00574	0.00803	0.01033	0.01147	0.01492	0.02639	0.05622	0.02869	0.01377	0.00688	0.00229	0.00459	0.76018	0.00459	0.00459
1	0.01059	0.00889	0.00994	0.00848	0.01136	0.00901	0.00660	0.01865	0.39065	0.01937	0.19578	0.02062	0.02041	0.00670	0.00487	0.00140	0.00350	0.00567	0.00458	0.24291
2	0.00755	0.00596	0.00906	0.00850	0.00939	0.00660	0.05749	0.00901	0.00822	0.01159	0.01452	0.09078	0.01481	0.19633	0.48228	0.00613	0.04810	0.00649	0.00288	0.00432
3	0.00780	0.00517	0.00652	0.00657	0.00770	0.00490	0.00478	0.00915	0.01046	0.07626	0.11922	0.24322	0.21654	0.08664	0.15289	0.00316	0.00490	0.00954	0.02007	0.00452
4	0.01286	0.05594	0.02141	0.04171	0.32008	0.01253	0.24693	0.07093	0.09414	0.04344	0.02368	0.01366	0.00927	0.00488	0.00517	0.00155	0.00632	0.00501	0.00309	0.00740
5	0.01639	0.01331	0.01309	0.01080	0.01415	0.09784	0.00864	0.37908	0.27541	0.06295	0.01615	0.01550	0.04093	0.00642	0.00500	0.00155	0.00517	0.00499	0.00480	0.00783
6	0.00866	0.00433	0.00649	0.00649	0.00649	0.00433	0.00433	0.00649	0.00649	0.00866	0.00866	0.01515	0.00866	0.01732	0.01948	0.85498	0.00433	0.00433	0.00216	0.00216
7	0.01050	0.14717	0.68203	0.01335	0.02024	0.01281	0.01692	0.01566	0.01046	0.01517	0.00864	0.01014	0.00633	0.00466	0.00450	0.00150	0.00706	0.00353	0.00211	0.00722
8	0.01081	0.22270	0.60924	0.01281	0.01942	0.01358	0.01599	0.01557	0.01043	0.01479	0.00845	0.00990	0.00633	0.00462	0.00436	0.00145	0.00687	0.00343	0.00211	0.00713
9	0.00724	0.00485	0.00554	0.00554	0.00558	0.00489	0.00315	0.00732	0.00728	0.00974	0.01561	0.03207	0.01788	0.79182	0.05805	0.00497	0.00519	0.00717	0.00301	0.00308
10	0.01494	0.01700	0.36011	0.01155	0.01681	0.01069	0.01245	0.14224	0.06143	0.24187	0.01518	0.01488	0.04635	0.00585	0.00493	0.00157	0.00573	0.00464	0.00404	0.00775
11	0.01078	0.00948	0.01527	0.24359	0.38266	0.00987	0.01218	0.01345	0.01112	0.05671	0.01795	0.01993	0.16340	0.00631	0.00514	0.00157	0.00536	0.00568	0.00302	0.00653
12	0.06116	0.00916	0.03058	0.00949	0.03478	0.00798	0.00771	0.05209	0.01407	0.66865	0.01812	0.01611	0.01160	0.00600	0.00487	0.00153	0.00434	0.00482	0.02877	0.00819
13	0.04361	0.00830	0.01089	0.00859	0.01202	0.00747	0.00701	0.06226	0.01442	0.62201	0.10397	0.04603	0.01645	0.00688	0.00510	0.00156	0.00404	0.00567	0.00589	0.00783
14	0.01000	0.02578	0.79900	0.01421	0.02157	0.01158	0.01842	0.01579	0.01052	0.01579	0.00895	0.01052	0.00631	0.00474	0.00474	0.00158	0.00737	0.00368	0.00210	0.00737
15	0.01270	0.01216	0.01624	0.28978	0.29076	0.10714	0.01290	0.11516	0.01282	0.01650	0.01041	0.01496	0.00868	0.00550	0.00503	0.00157	0.00639	0.05173	0.00286	0.00671
16	0.00650	0.00464	0.00626	0.00736	0.00785	0.00441	0.00531	0.00770	0.01009	0.01342	0.05489	0.64124	0.03263	0.01505	0.00645	0.00206	0.00321	0.16210	0.00465	0.00418
17	0.00717	0.00526	0.00774	0.00780	0.00867	0.00604	0.00602	0.00893	0.00821	0.01196	0.01421	0.06035	0.01352	0.03477	0.72624	0.00738	0.01229	0.00576	0.04325	0.00444
18	0.00707	0.00560	0.00833	0.00839	0.00944	0.00531	0.07279	0.00890	0.03017	0.01413	0.08672	0.51455	0.07907	0.01352	0.00629	0.00197	0.00357	0.11515	0.00452	0.00452
19	0.01638	0.03361	0.05659	0.04399	0.03617	0.07703	0.16417	0.13977	0.10357	0.24266	0.02630	0.01450	0.01037	0.00558	0.00510	0.00155	0.00593	0.00493	0.00426	0.00754
20	0.01486	0.46402	0.06951	0.01048	0.01419	0.25679	0.00959	0.02965	0.01154	0.02639	0.00758	0.00883	0.00655	0.00485	0.00442	0.00124	0.04779	0.00305	0.00239	0.00629
21	0.01156	0.00882	0.01046	0.00753	0.01190	0.00671	0.00605	0.01374	0.01073	0.09543	0.00995	0.01101	0.00789	0.00394	0.00383	0.00082	0.00375	0.00316	0.00328	0.76943
22	0.03752	0.06298	0.05092	0.01032	0.04938	0.04120	0.04271	0.03413	0.01148	0.01554	0.06150	0.09424	0.04310	0.01049	0.00623	0.03087	0.00476	0.33633	0.05112	0.00518
23	0.01323	0.01374	0.01928	0.05251	0.57303	0.14130	0.05638	0.01637	0.03725	0.01563	0.00948	0.01209	0.00784	0.00464	0.00492	0.00147	0.00652	0.00436	0.00256	0.00741

[dist]
# distance from previous block
# <min> <max>
0	14

[block]
# block no. 1 follows, 50 sequences, length 51
# corresponding to MSA columns:
# 63-84,97-125
name=unknown_B
#
# <colnr> <probs for GDERKNQSTAVLIFYWHMCP>
#	G	D	E	R	K	N	Q	S	T	A	V	L	I	F	Y	W	H	M	C	P
0	0.01062	0.00595	0.00700	0.00633	0.00804	0.00574	0.00485	0.03160	0.05665	0.13307	0.27466	0.02645	0.06895	0.03207	0.00541	0.00153	0.00287	0.00661	0.30618	0.00543
1	0.00941	0.00886	0.01495	0.81285	0.03433	0.01107	0.01384	0.01274	0.00997	0.01274	0.00886	0.01329	0.00664	0.00498	0.00498	0.00166	0.00664	0.00443	0.00221	0.00554
2	0.00709	0.00507	0.00668	0.00664	0.00726	0.00530	0.00467	0.00831	0.00911	0.01270	0.17593	0.05913	0.03452	0.31193	0.31832	0.00522	0.00747	0.00720	0.00348	0.00397
3	0.01022	0.00823	0.00929	0.02844	0.01097	0.00885	0.00653	0.09025	0.31544	0.02049	0.30887	0.02816	0.11649	0.00860	0.00546	0.00162	0.00341	0.00732	0.00509	0.00628
4	0.00742	0.00536	0.00715	0.00799	0.00895	0.00525	0.00640	0.00952	0.03727	0.01464	0.09261	0.27419	0.07455	0.01380	0.00690	0.02741	0.00376	0.38773	0.00462	0.00446
5	0.01234	0.01184	0.02023	0.03059	0.79373	0.01184	0.01530	0.01530	0.01135	0.01628	0.00938	0.01234	0.00790	0.00444	0.00493	0.00148	0.00592	0.00444	0.00247	0.00790
6	0.00778	0.00639	0.00836	0.00829	0.00927	0.05178	0.00642	0.00953	0.00836	0.01161	0.01303	0.01898	0.01212	0.03554	0.75941	0.00763	0.01310	0.00522	0.00266	0.00453
7	0.01063	0.00909	0.01204	0.39970	0.02208	0.05090	0.01003	0.03488	0.12957	0.04612	0.14187	0.01894	0.03057	0.00639	0.00505	0.00159	0.00518	0.00547	0.05402	0.00588
8	0.01117	0.01135	0.01523	0.01308	0.01317	0.04233	0.01086	0.01227	0.00786	0.01200	0.00658	0.01084	0.00654	0.00860	0.01595	0.00215	0.78805	0.00432	0.00219	0.00546
9	0.01398	0.01138	0.01319	0.01181	0.07717	0.09109	0.08461	0.27105	0.02776	0.03199	0.06865	0.01628	0.02861	0.00600	0.00472	0.00142	0.00503	0.00501	0.22366	0.00662
10	0.01288	0.40056	0.02335	0.05131	0.30260	0.01575	0.07119	0.04201	0.01117	0.01448	0.00834	0.01038	0.00712	0.00442	0.00419	0.00131	0.00585	0.00371	0.00239	0.00701
11	0.70367	0.01070	0.00967	0.02965	0.01194	0.05410	0.06399	0.01532	0.03134	0.02103	0.00765	0.00899	0.00593	0.00469	0.00348	0.00155	0.00455	0.00310	0.00305	0.00559
12	0.01271	0.01143	0.01284	0.05909	0.14447	0.15600	0.02409	0.05885	0.01239	0.08690	0.07768	0.06713	0.09043	0.00836	0.02769	0.00178	0.08755	0.02490	0.02965	0.00607
13	0.00625	0.00454	0.00589	0.00665	0.00723	0.00419	0.00457	0.00744	0.01059	0.01421	0.17883	0.60404	0.09852	0.01431	0.00623	0.00191	0.00276	0.01286	0.00480	0.00419
14	0.00967	0.00712	0.00813	0.00742	0.00894	0.03744	0.02384	0.07515	0.03885	0.02923	0.19191	0.10525	0.09508	0.00981	0.03697	0.00178	0.04999	0.00715	0.25107	0.00517
15	0.00702	0.00497	0.00633	0.00691	0.00779	0.00463	0.00501	0.00865	0.02836	0.03768	0.15167	0.46618	0.14490	0.01365	0.00620	0.00191	0.00298	0.08589	0.00482	0.00445
16	0.01234	0.01184	0.02023	0.03059	0.79373	0.01184	0.01530	0.01530	0.01135	0.01628	0.00938	0.01234	0.00790	0.00444	0.00493	0.00148	0.00592	0.00444	0.00247	0.00790
17	0.00792	0.00532	0.00680	0.00695	0.00819	0.00492	0.00538	0.00968	0.01194	0.06652	0.27000	0.16818	0.17063	0.05338	0.00712	0.00199	0.00323	0.18230	0.00491	0.00464
18	0.01240	0.01071	0.01127	0.01014	0.01296	0.01240	0.00789	0.02649	0.78473	0.02085	0.02029	0.01860	0.01522	0.00676	0.00507	0.00169	0.00394	0.00564	0.00507	0.00789
19	0.01399	0.72763	0.02462	0.00907	0.01312	0.11755	0.00867	0.01555	0.01063	0.01179	0.00703	0.00812	0.00640	0.00437	0.00336	0.00109	0.00579	0.00273	0.00219	0.00632
20	0.01520	0.54390	0.02188	0.01005	0.01372	0.29695	0.00892	0.01668	0.01154	0.01189	0.00720	0.00835	0.00641	0.00457	0.00366	0.00114	0.00662	0.00286	0.00229	0.00618
21	0.01168	0.00883	0.01258	0.05912	0.07656	0.03656	0.08549	0.06583	0.01316	0.12953	0.26866	0.07933	0.05681	0.00815	0.00630	0.00164	0.06230	0.00706	0.00437	0.00604
22	0.00992	0.03300	0.01187	0.02561	0.19078	0.00817	0.02731	0.01389	0.10826	0.05150	0.42721	0.02647	0.02974	0.00786	0.00543	0.00155	0.00376	0.00703	0.00454	0.00611
23	0.00947	0.00499	0.00502	0.00496	0.00622	0.00509	0.00374	0.01246	0.05462	0.01871	0.01649	0.01858	0.01292	0.00586	0.00357	0.00119	0.00242	0.00470	0.80416	0.00483
24	0.00624	0.00460	0.00592	0.00663	0.00728	0.00428	0.00460	0.00741	0.01034	0.01373	0.13136	0.55523	0.14805	0.01569	0.05179	0.00225	0.00336	0.01243	0.00463	0.00418
25	0.01097	0.01192	0.02504	0.01934	0.07299	0.01123	0.59978	0.01466	0.01168	0.01592	0.05645	0.08389	0.01246	0.00574	0.00588	0.00170	0.00735	0.02369	0.00291	0.00641
26	0.00713	0.00529	0.00774	0.00774	0.00853	0.00608	0.00589	0.00872	0.00793	0.01137	0.01360	0.02097	0.01306	0.12133	0.72195	0.00767	0.01244	0.00554	0.00271	0.00430
27	0.01094	0.01029	0.01733	0.24353	0.50319	0.01086	0.01380	0.01387	0.01104	0.01535	0.05467	0.05164	0.01095	0.00544	0.00507	0.00156	0.00578	0.00515	0.00267	0.00689
28	0.01339	0.01061	0.01139	0.01007	0.01300	0.01206	0.00788	0.04522	0.70177	0.08538	0.02003	0.01829	0.01481	0.00669	0.00506	0.00167	0.00401	0.00555	0.00516	0.00795
29	0.01112	0.29677	0.53786	0.01229	0.01861	0.01433	0.01508	0.01549	0.01039	0.01441	0.00826	0.00967	0.00634	0.00458	0.00422	0.00141	0.00668	0.00334	0.00211	0.00704
30	0.00960	0.00997	0.01470	0.01180	0.01415	0.07478	0.22719	0.01180	0.01137	0.01458	0.11457	0.04600	0.26546	0.00872	0.00752	0.00173	0.13972	0.00747	0.00355	0.00532
31	0.01537	0.00851	0.01177	0.00981	0.01266	0.03469	0.08260	0.03598	0.04555	0.37391	0.06405	0.14172	0.04161	0.00861	0.00556	0.00171	0.00451	0.08949	0.00513	0.00677
32	0.01206	0.01280	0.02547	0.01830	0.02306	0.01208	0.59852	0.06900	0.01229	0.01699	0.00996	0.01286	0.00758	0.00438	0.00580	0.00155	0.02858	0.00535	0.00274	0.12064
33	0.01319	0.79435	0.05838	0.00877	0.01316	0.01938	0.00894	0.01496	0.01014	0.01190	0.00701	0.00810	0.00639	0.00428	0.00326	0.00109	0.00542	0.00271	0.00213	0.00644
34	0.00675	0.00489	0.00639	0.00658	0.00750	0.00453	0.00482	0.00859	0.01243	0.01718	0.48088	0.28278	0.07410	0.01217	0.00608	0.00175	0.00265	0.05033	0.00513	0.00447
35	0.01182	0.01131	0.01929	0.17010	0.65830	0.01171	0.01504	0.01484	0.01110	0.01565	0.00928	0.01251	0.00767	0.00454	0.00494	0.00151	0.00605	0.00444	0.00242	0.00747
36	0.01198	0.01148	0.01959	0.12531	0.70179	0.01175	0.01512	0.01499	0.01118	0.01585	0.00931	0.01245	0.00774	0.00451	0.00494	0.00150	0.00601	0.00444	0.00244	0.00761
37	0.00623	0.00503	0.00558	0.00584	0.00724	0.00438	0.00442	0.00762	0.01131	0.01396	0.09485	0.15633	0.55302	0.01300	0.00606	0.00179	0.00279	0.09162	0.00468	0.00426
38	0.01039	0.12141	0.70685	0.01353	0.02053	0.01255	0.01724	0.01568	0.01048	0.01530	0.00870	0.01022	0.00632	0.00468	0.00455	0.00152	0.00712	0.00356	0.00211	0.00725
39	0.01254	0.01251	0.01916	0.11329	0.64730	0.07770	0.01467	0.01540	0.01143	0.01556	0.00918	0.01216	0.00764	0.00456	0.00490	0.00148	0.00625	0.00434	0.00245	0.00747
40	0.00677	0.00466	0.00555	0.00597	0.00614	0.00452	0.00363	0.00713	0.00824	0.01092	0.02132	0.31991	0.05323	0.49957	0.01771	0.00369	0.00404	0.00989	0.00367	0.00344
41	0.01129	0.00995	0.01135	0.00990	0.01194	0.03889	0.02825	0.12615	0.23079	0.01801	0.03782	0.06545	0.18639	0.00889	0.00757	0.00177	0.16253	0.02261	0.00421	0.00624
42	0.25665	0.01478	0.01250	0.01086	0.03673	0.20621	0.00841	0.30145	0.05153	0.04140	0.00999	0.01058	0.00749	0.00539	0.00433	0.00147	0.00579	0.00373	0.00382	0.00690
43	0.01442	0.01680	0.01697	0.01517	0.07639	0.37860	0.18334	0.01765	0.08298	0.01440	0.03203	0.07774	0.01083	0.00613	0.00549	0.00152	0.03514	0.00521	0.00301	0.00617
44	0.00612	0.00438	0.00583	0.00691	0.00724	0.00408	0.00463	0.00707	0.00978	0.01310	0.06670	0.78128	0.03369	0.01534	0.00634	0.00200	0.00286	0.01391	0.00467	0.00408
45	0.00759	0.00551	0.00747	0.00844	0.00956	0.00539	0.00716	0.00965	0.01139	0.01476	0.05832	0.12538	0.10771	0.01369	0.00670	0.00218	0.00414	0.58584	0.00463	0.00451
46	0.08061	0.01000	0.01507	0.58453	0.09260	0.05179	0.04457	0.01343	0.01015	0.01381	0.00873	0.01262	0.00673	0.00524	0.00525	0.02609	0.00648	0.00428	0.00234	0.00568
47	0.01013	0.03670	0.01300	0.01106	0.01183	0.01106	0.04788	0.01144	0.00899	0.05726	0.01421	0.23080	0.01522	0.02126	0.03230	0.00223	0.41752	0.03865	0.00320	0.00525
48	0.00793	0.00567	0.00792	0.00906	0.01017	0.00565	0.00786	0.01015	0.01138	0.01480	0.02645	0.09554	0.02891	0.01386	0.00686	0.00228	0.00450	0.72186	0.00459	0.00456
49	0.01552	0.00720	0.00948	0.00782	0.01054	0.00649	0.00625	0.01821	0.05368	0.43797	0.31025	0.02575	0.05307	0.00794	0.00537	0.00156	0.00346	0.00674	0.00580	0.00688
50	0.01966	0.01282	0.01425	0.01093	0.01489	0.01377	0.00903	0.62071	0.02153	0.19050	0.01357	0.01301	0.00928	0.00602	0.00499	0.00151	0.00523	0.00460	0.00523	0.00848

[dist]
# distance from previous block
# <min> <max>
0	11

# created by:
# /home/cegg/simao/soft/augustus-3.2.1/scripts/msa2prfl.pl ./align_prep/EOG091G15XS.fa
