[name]
unknown

[dist]
# distance from previous block
# <min> <max>
1	266

[block]
# block no. 0 follows, 53 sequences, length 73
# corresponding to MSA columns:
# 373-408,413-436,444-456
name=unknown_A
#
# <colnr> <probs for GDERKNQSTAVLIFYWHMCP>
#	G	D	E	R	K	N	Q	S	T	A	V	L	I	F	Y	W	H	M	C	P
0	0.25780	0.01154	0.01288	0.01067	0.03034	0.06493	0.10222	0.20729	0.13161	0.05879	0.03509	0.02475	0.00965	0.00543	0.00438	0.00149	0.00496	0.00434	0.00382	0.01806
1	0.07112	0.03465	0.01224	0.17228	0.03443	0.07582	0.00868	0.17408	0.09077	0.12443	0.05320	0.01621	0.05057	0.00600	0.00466	0.00147	0.00497	0.02095	0.00388	0.03960
2	0.14384	0.04416	0.01204	0.01887	0.01266	0.11266	0.07855	0.07456	0.08779	0.12020	0.03268	0.11231	0.04134	0.00672	0.00462	0.00147	0.00481	0.02023	0.00381	0.06669
3	0.19788	0.01138	0.01222	0.00981	0.01296	0.05178	0.05097	0.29038	0.08173	0.05466	0.02374	0.02434	0.00907	0.02776	0.00548	0.00153	0.05004	0.00422	0.00384	0.07621
4	0.06776	0.10843	0.08756	0.01015	0.01402	0.07991	0.07457	0.18186	0.01329	0.04696	0.04900	0.02546	0.02682	0.00530	0.00434	0.00128	0.00519	0.01658	0.00334	0.17818
5	0.03191	0.16783	0.31131	0.01293	0.04499	0.09833	0.10666	0.06395	0.01159	0.04986	0.03749	0.01184	0.00840	0.00489	0.00445	0.00141	0.00641	0.01649	0.00265	0.00661
6	0.09484	0.05715	0.09837	0.00998	0.01307	0.13011	0.03151	0.12297	0.04409	0.08014	0.06316	0.01578	0.02757	0.02874	0.01815	0.00165	0.06535	0.03784	0.01737	0.04217
7	0.01416	0.01247	0.02404	0.01018	0.01308	0.16938	0.04118	0.16342	0.15033	0.10358	0.04941	0.05881	0.05148	0.00655	0.00523	0.00145	0.03840	0.00520	0.00403	0.07763
8	0.01139	0.01223	0.03598	0.01917	0.11504	0.01139	0.54748	0.05393	0.01167	0.01607	0.01036	0.01449	0.00832	0.00457	0.00537	0.00154	0.00711	0.04336	0.00265	0.06788
9	0.00636	0.00478	0.00580	0.00596	0.00699	0.00435	0.00439	0.00787	0.01126	0.01491	0.31279	0.18226	0.26509	0.07219	0.00718	0.00190	0.00275	0.07444	0.00462	0.00413
10	0.00581	0.00421	0.00550	0.00653	0.00690	0.00389	0.00438	0.00667	0.00927	0.01225	0.02790	0.77362	0.08590	0.01477	0.00607	0.00192	0.00275	0.01334	0.00444	0.00389
11	0.01401	0.11136	0.01354	0.01018	0.01319	0.14804	0.00816	0.14501	0.44500	0.01918	0.01461	0.01405	0.01112	0.00582	0.00454	0.00145	0.00499	0.00450	0.00411	0.00714
12	0.01118	0.01069	0.01822	0.21357	0.62308	0.01118	0.01434	0.01410	0.01057	0.01482	0.00888	0.01204	0.00729	0.00438	0.00474	0.00146	0.00584	0.00426	0.00231	0.00704
13	0.01186	0.01056	0.01642	0.09833	0.18158	0.01056	0.16143	0.07512	0.14525	0.04768	0.01165	0.01376	0.00909	0.00486	0.00476	0.00139	0.00537	0.01933	0.00323	0.16779
14	0.00961	0.00909	0.01539	0.65556	0.19333	0.01077	0.01356	0.01272	0.00983	0.01292	0.00860	0.01255	0.00662	0.00467	0.00477	0.00156	0.00623	0.00425	0.00217	0.00578
15	0.00592	0.00425	0.00564	0.00672	0.00708	0.00397	0.00459	0.00683	0.00930	0.01233	0.02693	0.76465	0.05387	0.01480	0.00611	0.00195	0.00285	0.05385	0.00443	0.00391
16	0.01185	0.01229	0.02356	0.01734	0.02147	0.04644	0.57909	0.01617	0.07293	0.05758	0.02776	0.03224	0.00974	0.00502	0.00576	0.00162	0.02779	0.02199	0.00294	0.00641
17	0.01180	0.58702	0.26437	0.00984	0.01484	0.01652	0.01108	0.01456	0.00983	0.01244	0.00724	0.00841	0.00611	0.00423	0.00352	0.00117	0.00571	0.00285	0.00204	0.00642
18	0.00582	0.00416	0.00555	0.00666	0.00693	0.00388	0.00444	0.00666	0.00915	0.01220	0.02634	0.82891	0.03161	0.01497	0.00610	0.00194	0.00277	0.01359	0.00444	0.00388
19	0.00746	0.00505	0.00657	0.00610	0.00737	0.00462	0.00460	0.00966	0.01344	0.05823	0.73413	0.03510	0.07012	0.00966	0.00560	0.00151	0.00235	0.00850	0.00527	0.00467
20	0.00953	0.00901	0.01524	0.67862	0.17091	0.01075	0.01352	0.01265	0.00980	0.01282	0.00858	0.01258	0.00659	0.00469	0.00477	0.00156	0.00625	0.00425	0.00217	0.00572
21	0.01006	0.14419	0.69192	0.01282	0.01945	0.01225	0.01626	0.01502	0.01004	0.01456	0.00829	0.00973	0.00607	0.00447	0.00432	0.00144	0.00678	0.00339	0.00202	0.00693
22	0.00690	0.00538	0.00633	0.00600	0.00743	0.00506	0.00453	0.00989	0.08611	0.01731	0.49393	0.03721	0.27577	0.01018	0.00557	0.00155	0.00245	0.00879	0.00497	0.00465
23	0.01278	0.83490	0.02505	0.00818	0.01227	0.01891	0.00818	0.01431	0.00971	0.01125	0.00664	0.00767	0.00613	0.00409	0.00307	0.00102	0.00511	0.00256	0.00204	0.00613
24	0.01081	0.00867	0.01009	0.00743	0.01143	0.00703	0.00594	0.05204	0.05009	0.05161	0.04209	0.01173	0.00928	0.00416	0.00381	0.00086	0.00361	0.00336	0.00327	0.70272
25	0.01440	0.01516	0.01162	0.01064	0.01306	0.36580	0.00817	0.03484	0.31234	0.04349	0.01469	0.05549	0.01238	0.00665	0.00480	0.00150	0.00596	0.05895	0.00378	0.00630
26	0.00920	0.01708	0.48464	0.01097	0.01574	0.00888	0.01265	0.01380	0.05586	0.04920	0.08090	0.13375	0.05658	0.00724	0.00499	0.00160	0.00542	0.02210	0.00315	0.00625
27	0.01166	0.01341	0.02573	0.01874	0.02314	0.08711	0.67031	0.01530	0.01130	0.01475	0.00962	0.01280	0.00740	0.00581	0.04860	0.00190	0.00836	0.00537	0.00243	0.00624
28	0.00609	0.00441	0.00584	0.00679	0.00727	0.00407	0.00466	0.00705	0.00928	0.01245	0.02556	0.75425	0.03040	0.01441	0.00602	0.00190	0.00289	0.05352	0.00437	0.03877
29	0.01215	0.67496	0.17947	0.00925	0.01393	0.01737	0.01005	0.01447	0.00979	0.01201	0.00703	0.00815	0.00612	0.00418	0.00336	0.00112	0.00550	0.00275	0.00204	0.00632
30	0.01042	0.23711	0.60221	0.01220	0.01848	0.01315	0.01517	0.01492	0.00999	0.01412	0.00807	0.00946	0.00608	0.00442	0.00415	0.00138	0.00655	0.00328	0.00203	0.00682
31	0.01149	0.50756	0.34109	0.01038	0.01567	0.01576	0.01201	0.01465	0.00986	0.01282	0.00743	0.00865	0.00610	0.00427	0.00366	0.00122	0.00590	0.00295	0.00203	0.00651
32	0.00676	0.00489	0.00639	0.00601	0.00714	0.00451	0.00451	0.00902	0.01353	0.01917	0.79969	0.03570	0.04510	0.00977	0.00564	0.00150	0.00225	0.00864	0.00526	0.00451
33	0.00959	0.02472	0.80726	0.01362	0.02069	0.01110	0.01766	0.01514	0.01009	0.01514	0.00858	0.01009	0.00605	0.00454	0.00454	0.00151	0.00706	0.00353	0.00202	0.00706
34	0.00972	0.05767	0.77545	0.01340	0.02034	0.01142	0.01727	0.01510	0.01008	0.01498	0.00850	0.00999	0.00606	0.00452	0.00448	0.00149	0.00698	0.00349	0.00202	0.00703
35	0.00699	0.00496	0.00652	0.00724	0.00820	0.00469	0.00571	0.00860	0.01070	0.03050	0.10847	0.30056	0.14320	0.01311	0.00616	0.00194	0.00336	0.32027	0.00454	0.00427
36	0.00587	0.00423	0.00558	0.00663	0.00700	0.00394	0.00449	0.00676	0.00929	0.01230	0.02742	0.76611	0.07017	0.01478	0.00609	0.00193	0.00280	0.03625	0.00444	0.00391
37	0.00598	0.00431	0.00570	0.00675	0.00717	0.00403	0.00468	0.00695	0.00940	0.01242	0.02735	0.72137	0.06965	0.01467	0.00612	0.00195	0.00290	0.08020	0.00443	0.00394
38	0.01224	0.01328	0.02479	0.01813	0.02251	0.06910	0.61539	0.09019	0.01252	0.01644	0.01046	0.01450	0.00827	0.00472	0.00551	0.00160	0.00764	0.04352	0.00275	0.00644
39	0.00597	0.00470	0.00559	0.00592	0.00700	0.00433	0.00433	0.00721	0.01003	0.01275	0.07106	0.27084	0.40905	0.01636	0.12486	0.00261	0.00409	0.02505	0.00420	0.00405
40	0.01801	0.00774	0.01019	0.00814	0.01131	0.00698	0.00660	0.02090	0.08010	0.59982	0.13489	0.02012	0.03960	0.00671	0.00496	0.00150	0.00373	0.00557	0.00569	0.00743
41	0.01265	0.80196	0.05685	0.00840	0.01261	0.01859	0.00856	0.01435	0.00973	0.01140	0.00672	0.00777	0.00613	0.00411	0.00313	0.00104	0.00519	0.00260	0.00204	0.00617
42	0.04965	0.68181	0.13717	0.00888	0.01335	0.01743	0.00942	0.01442	0.00970	0.01225	0.00692	0.00802	0.00608	0.00417	0.00327	0.00111	0.00533	0.00270	0.00208	0.00623
43	0.00695	0.00463	0.00521	0.00521	0.00521	0.00463	0.00290	0.00695	0.00695	0.00927	0.01506	0.03128	0.01738	0.83203	0.02433	0.00463	0.00463	0.00695	0.00290	0.00290
44	0.00618	0.00486	0.00558	0.00540	0.00678	0.00426	0.00405	0.00790	0.01216	0.01591	0.40912	0.04106	0.43769	0.01098	0.00564	0.00156	0.00234	0.00939	0.00483	0.00426
45	0.01070	0.30828	0.53349	0.01172	0.01774	0.01383	0.01434	0.01485	0.00996	0.01377	0.00790	0.00924	0.00608	0.00438	0.00403	0.00134	0.00638	0.00319	0.00203	0.00674
46	0.05277	0.10691	0.01454	0.09456	0.01583	0.21065	0.00907	0.29187	0.12307	0.01984	0.01051	0.01119	0.00800	0.00530	0.00440	0.00138	0.00591	0.00388	0.00356	0.00677
47	0.01019	0.00675	0.00801	0.00714	0.00905	0.00679	0.00553	0.04645	0.18074	0.11378	0.41272	0.02778	0.06861	0.00826	0.00517	0.00150	0.00293	0.00708	0.06577	0.00572
48	0.00697	0.00484	0.00629	0.00615	0.00722	0.00444	0.00453	0.00889	0.01257	0.04127	0.59185	0.18543	0.07997	0.01076	0.00570	0.00159	0.00242	0.00954	0.00508	0.00448
49	0.05685	0.01491	0.01246	0.01190	0.06982	0.30130	0.00866	0.13062	0.24979	0.01801	0.04446	0.01447	0.01127	0.00589	0.00463	0.00144	0.00583	0.02740	0.00371	0.00658
50	0.14449	0.00962	0.01104	0.00876	0.01226	0.02485	0.00718	0.14465	0.08495	0.47876	0.01570	0.01424	0.01040	0.00570	0.00453	0.00148	0.00427	0.00442	0.00514	0.00760
51	0.04478	0.00941	0.01162	0.00904	0.01267	0.00909	0.00744	0.18083	0.07127	0.56602	0.01702	0.01514	0.01107	0.00588	0.00475	0.00148	0.00428	0.00468	0.00552	0.00801
52	0.01092	0.00597	0.00626	0.00563	0.00728	0.00612	0.00438	0.12692	0.01206	0.05929	0.01514	0.01680	0.01162	0.00561	0.00363	0.00118	0.00277	0.00445	0.68879	0.00519
53	0.01019	0.04998	0.04325	0.01177	0.01448	0.00824	0.26552	0.02990	0.01084	0.10359	0.03573	0.35833	0.01886	0.00906	0.00555	0.00170	0.00499	0.00872	0.00375	0.00555
54	0.00590	0.00433	0.00538	0.00618	0.00668	0.00398	0.00414	0.00672	0.00927	0.01206	0.02940	0.60720	0.17380	0.09179	0.00774	0.00213	0.00288	0.01231	0.00429	0.00382
55	0.02144	0.00813	0.01109	0.00850	0.01220	0.00702	0.00702	0.02329	0.01368	0.80552	0.01886	0.01627	0.01183	0.00592	0.00481	0.00148	0.00407	0.00481	0.00592	0.00813
56	0.01124	0.01076	0.01834	0.19506	0.64107	0.01120	0.01438	0.01415	0.01061	0.01490	0.00889	0.01202	0.00732	0.00437	0.00474	0.00146	0.00582	0.00426	0.00232	0.00710
57	0.01120	0.01169	0.01453	0.01252	0.01277	0.09469	0.01033	0.01226	0.00794	0.01152	0.00639	0.01027	0.00626	0.00802	0.01454	0.00201	0.74158	0.00407	0.00213	0.00526
58	0.00903	0.00850	0.01434	0.82054	0.03292	0.01062	0.01327	0.01221	0.00956	0.01221	0.00850	0.01274	0.00637	0.00478	0.00478	0.00159	0.00637	0.00425	0.00212	0.00531
59	0.01143	0.01130	0.01777	0.10354	0.49462	0.04040	0.03059	0.01385	0.01002	0.01416	0.00826	0.01151	0.00709	0.00529	0.00732	0.00159	0.19807	0.00423	0.00228	0.00670
60	0.01627	0.00999	0.01156	0.00913	0.01227	0.01036	0.00743	0.40592	0.01802	0.22237	0.18789	0.01818	0.01733	0.00667	0.00495	0.00145	0.00423	0.00539	0.02334	0.00725
61	0.01723	0.01904	0.01333	0.01158	0.01444	0.53755	0.00891	0.18282	0.07773	0.02950	0.00945	0.01014	0.00738	0.00519	0.00444	0.00129	0.00727	0.00355	0.00322	0.03596
62	0.01312	0.01074	0.01158	0.01147	0.09323	0.07042	0.00811	0.03770	0.49355	0.10984	0.01930	0.01822	0.06846	0.00646	0.00486	0.00155	0.00430	0.00535	0.00452	0.00724
63	0.00611	0.00456	0.00568	0.00603	0.00690	0.00413	0.00428	0.00752	0.01105	0.01477	0.29916	0.38169	0.20553	0.01254	0.00584	0.00172	0.00252	0.01110	0.00472	0.00413
64	0.01008	0.14983	0.68647	0.01278	0.01939	0.01231	0.01620	0.01501	0.01003	0.01454	0.00828	0.00972	0.00607	0.00447	0.00431	0.00144	0.00676	0.00338	0.00202	0.00692
65	0.00679	0.00495	0.00640	0.00608	0.00721	0.00460	0.00454	0.00916	0.02721	0.01875	0.73652	0.06845	0.06132	0.00998	0.00564	0.00153	0.00231	0.00882	0.00520	0.00453
66	0.01149	0.01098	0.01859	0.12496	0.69113	0.01128	0.01434	0.01461	0.02824	0.01530	0.00916	0.01207	0.00758	0.00437	0.00474	0.00145	0.00572	0.00428	0.00239	0.00730
67	0.01278	0.83490	0.02505	0.00818	0.01227	0.01891	0.00818	0.01431	0.00971	0.01125	0.00664	0.00767	0.00613	0.00409	0.00307	0.00102	0.00511	0.00256	0.00204	0.00613
68	0.00653	0.00480	0.00611	0.00593	0.00703	0.00438	0.00439	0.00850	0.01274	0.01765	0.62378	0.12005	0.13912	0.01061	0.00569	0.00156	0.00233	0.00934	0.00507	0.00438
69	0.01114	0.01258	0.02723	0.02008	0.05192	0.01182	0.73481	0.01503	0.01120	0.01523	0.01013	0.03672	0.00798	0.00436	0.00562	0.00161	0.00782	0.00582	0.00247	0.00641
70	0.00676	0.00554	0.00904	0.00879	0.00980	0.00520	0.11974	0.00816	0.00959	0.01281	0.02381	0.65474	0.02774	0.01324	0.00607	0.00191	0.00367	0.06497	0.00414	0.00430
71	0.01003	0.00948	0.01248	0.01084	0.01115	0.02776	0.00876	0.04214	0.00819	0.01199	0.01014	0.01561	0.04786	0.13083	0.04464	0.00260	0.58322	0.00490	0.00246	0.00491
72	0.00585	0.00421	0.00550	0.00652	0.00686	0.00391	0.00435	0.00667	0.00918	0.01215	0.02720	0.76424	0.07222	0.03827	0.00660	0.00200	0.00281	0.01321	0.00439	0.00386

[dist]
# distance from previous block
# <min> <max>
0	4

[block]
# block no. 1 follows, 53 sequences, length 16
# corresponding to MSA columns:
# 461-468,471-478
name=unknown_B
#
# <colnr> <probs for GDERKNQSTAVLIFYWHMCP>
#	G	D	E	R	K	N	Q	S	T	A	V	L	I	F	Y	W	H	M	C	P
0	0.01083	0.06554	0.66583	0.01309	0.01950	0.06262	0.01609	0.06478	0.01108	0.01568	0.00859	0.00996	0.00620	0.00462	0.00447	0.00147	0.00695	0.00350	0.00222	0.00699
1	0.00945	0.00893	0.01510	0.70152	0.14864	0.01073	0.01348	0.01258	0.00976	0.01272	0.00857	0.01261	0.00655	0.00470	0.00477	0.00157	0.00627	0.00425	0.00216	0.00565
2	0.01531	0.01869	0.01818	0.01544	0.05691	0.49660	0.24534	0.01798	0.04473	0.01333	0.00866	0.01046	0.00691	0.00468	0.00476	0.00137	0.00810	0.00401	0.00254	0.00600
3	0.00818	0.00451	0.00661	0.00653	0.00660	0.00474	0.00447	0.00667	0.00644	0.00872	0.00903	0.01580	0.00911	0.07016	0.08509	0.70163	0.03671	0.00441	0.00217	0.00243
4	0.01785	0.02278	0.01354	0.01231	0.01478	0.81284	0.00924	0.01909	0.01354	0.01170	0.00739	0.00862	0.00616	0.00493	0.00431	0.00123	0.00862	0.00308	0.00246	0.00554
5	0.00746	0.00542	0.00737	0.00834	0.00950	0.00533	0.00723	0.00955	0.01099	0.01414	0.02799	0.05300	0.11712	0.01308	0.00649	0.00213	0.00417	0.68192	0.00441	0.00436
6	0.00906	0.00502	0.00698	0.00669	0.00704	0.00524	0.00468	0.06383	0.00764	0.01045	0.00892	0.01447	0.00851	0.01570	0.03925	0.71815	0.02346	0.00420	0.03795	0.00275
7	0.00616	0.00502	0.00548	0.00541	0.00687	0.00444	0.00404	0.00807	0.04115	0.01464	0.22587	0.08852	0.54443	0.01150	0.00564	0.00161	0.00245	0.00977	0.00465	0.00427
8	0.00991	0.00850	0.00991	0.00708	0.01133	0.00637	0.00566	0.01203	0.00991	0.01557	0.00850	0.00991	0.00708	0.00354	0.00354	0.00071	0.00354	0.00283	0.00283	0.86124
9	0.86579	0.00924	0.00702	0.00629	0.00924	0.01072	0.00518	0.01405	0.00813	0.02144	0.00666	0.00776	0.00518	0.00444	0.00296	0.00148	0.00370	0.00259	0.00296	0.00518
10	0.00686	0.00468	0.00564	0.00571	0.00587	0.00480	0.00350	0.00719	0.00721	0.00975	0.01541	0.08036	0.01740	0.64943	0.15216	0.00496	0.00585	0.00708	0.00294	0.00318
11	0.80698	0.01018	0.00748	0.00670	0.00963	0.06635	0.00546	0.01440	0.00851	0.02077	0.00671	0.00782	0.00524	0.00447	0.00305	0.00146	0.00404	0.00262	0.00292	0.00520
12	0.01412	0.01145	0.01184	0.00988	0.01299	0.04426	0.00790	0.30888	0.36556	0.02292	0.01521	0.01546	0.01154	0.00607	0.00470	0.00147	0.00447	0.02448	0.04013	0.06669
13	0.01162	0.54182	0.30801	0.01015	0.01531	0.01609	0.01161	0.01461	0.00985	0.01265	0.00734	0.00854	0.00611	0.00425	0.00360	0.00120	0.00582	0.00291	0.00204	0.00647
14	0.01002	0.13446	0.70131	0.01289	0.01955	0.01216	0.01638	0.01502	0.01004	0.01461	0.00832	0.00976	0.00607	0.00448	0.00434	0.00145	0.00680	0.00340	0.00202	0.00694
15	0.00696	0.00477	0.00574	0.00600	0.00710	0.00424	0.00428	0.00812	0.01050	0.06809	0.10838	0.38196	0.32232	0.03092	0.00620	0.00180	0.00272	0.01103	0.00459	0.00427

[dist]
# distance from previous block
# <min> <max>
0	1

[block]
# block no. 2 follows, 53 sequences, length 25
# corresponding to MSA columns:
# 480,482-505
name=unknown_C
#
# <colnr> <probs for GDERKNQSTAVLIFYWHMCP>
#	G	D	E	R	K	N	Q	S	T	A	V	L	I	F	Y	W	H	M	C	P
0	0.00957	0.00905	0.01532	0.66675	0.18245	0.01076	0.01354	0.01269	0.00981	0.01287	0.00859	0.01257	0.00660	0.00468	0.00477	0.00156	0.00624	0.00425	0.00217	0.00575
1	0.01048	0.00848	0.00997	0.00715	0.01137	0.00640	0.00573	0.01259	0.01010	0.05485	0.00901	0.01023	0.00732	0.00366	0.00360	0.00075	0.00357	0.00293	0.00299	0.81883
2	0.00697	0.00533	0.00768	0.00757	0.00834	0.00620	0.00581	0.00846	0.00775	0.01103	0.01431	0.02074	0.04832	0.10493	0.66553	0.00685	0.05189	0.00547	0.00265	0.00418
3	0.01169	0.01122	0.01916	0.06763	0.76498	0.01132	0.01460	0.01455	0.01082	0.01545	0.00897	0.01187	0.00751	0.00428	0.00473	0.00143	0.00571	0.00426	0.00235	0.00746
4	0.01058	0.01008	0.01714	0.38248	0.45885	0.01103	0.01405	0.01357	0.01029	0.01410	0.00877	0.01224	0.00704	0.00449	0.00475	0.00150	0.00599	0.00425	0.00226	0.00656
5	0.01905	0.00996	0.01206	0.00919	0.01299	0.00959	0.00757	0.28062	0.01624	0.45447	0.01520	0.01393	0.01005	0.00559	0.00466	0.00138	0.00441	0.00442	0.00519	0.10344
6	0.01315	0.00827	0.00952	0.00813	0.01063	0.00867	0.00643	0.06713	0.26681	0.18819	0.03715	0.04136	0.01346	0.00633	0.00497	0.00143	0.04110	0.00509	0.19344	0.06873
7	0.01231	0.00822	0.00960	0.00840	0.01081	0.00861	0.00666	0.09355	0.28754	0.15951	0.23956	0.02508	0.04421	0.00783	0.00520	0.00158	0.00355	0.05611	0.00511	0.00656
8	0.01314	0.00999	0.01084	0.00957	0.01240	0.01125	0.00749	0.02512	0.69136	0.12295	0.01938	0.01763	0.01423	0.00641	0.00486	0.00160	0.00382	0.00533	0.00500	0.00764
9	0.00986	0.09375	0.74062	0.01316	0.01997	0.01177	0.01685	0.01507	0.01006	0.01481	0.00841	0.00988	0.00606	0.00450	0.00442	0.00147	0.00690	0.00345	0.00202	0.00698
10	0.02128	0.00839	0.01125	0.00863	0.01233	0.00741	0.00713	0.06114	0.01412	0.76705	0.01849	0.01603	0.01165	0.00591	0.00481	0.00148	0.00413	0.00478	0.00586	0.00813
11	0.01046	0.01046	0.01464	0.01255	0.01255	0.01464	0.01046	0.01150	0.00732	0.01150	0.00627	0.01046	0.00627	0.00837	0.01569	0.00209	0.82328	0.00418	0.00209	0.00523
12	0.01157	0.01109	0.01893	0.10206	0.73150	0.01129	0.01454	0.01444	0.01076	0.01530	0.00894	0.01191	0.00746	0.00431	0.00474	0.00144	0.00574	0.00426	0.00234	0.00736
13	0.01128	0.01289	0.02820	0.02015	0.02498	0.01209	0.78485	0.01531	0.01128	0.01531	0.00967	0.01289	0.00725	0.00403	0.00564	0.00161	0.00806	0.00564	0.00242	0.00645
14	0.00866	0.00792	0.01306	0.69011	0.02879	0.00964	0.01187	0.01170	0.01019	0.01333	0.13518	0.01642	0.01257	0.00558	0.00492	0.00158	0.00571	0.00495	0.00263	0.00518
15	0.00762	0.00572	0.00733	0.00809	0.00911	0.00587	0.00637	0.01108	0.13557	0.01437	0.02479	0.35983	0.02709	0.01284	0.00612	0.00200	0.00365	0.34337	0.00449	0.00470
16	0.01924	0.14145	0.01351	0.00876	0.01241	0.04638	0.00740	0.04193	0.05910	0.57529	0.01622	0.01451	0.01072	0.00561	0.00451	0.00140	0.00446	0.00439	0.00505	0.00766
17	0.00775	0.00714	0.00683	0.00756	0.00819	0.13341	0.00521	0.00865	0.00985	0.01212	0.02331	0.69756	0.02754	0.01337	0.00581	0.00183	0.00371	0.01190	0.00412	0.00415
18	0.00566	0.00481	0.00487	0.00492	0.00648	0.00403	0.00367	0.00685	0.01082	0.01288	0.04746	0.08007	0.76682	0.01223	0.00567	0.00163	0.00244	0.01024	0.00444	0.00403
19	0.01000	0.14120	0.01672	0.58539	0.13178	0.01204	0.01264	0.01287	0.00976	0.01251	0.00826	0.01181	0.00649	0.00460	0.00450	0.00148	0.00608	0.00398	0.00214	0.00574
20	0.01103	0.01036	0.01752	0.02587	0.67512	0.01049	0.01328	0.01369	0.01037	0.01489	0.00960	0.01294	0.00827	0.00932	0.13417	0.00242	0.00682	0.00440	0.00240	0.00704
21	0.01383	0.01028	0.01281	0.01296	0.13926	0.01111	0.02657	0.06020	0.47714	0.15614	0.01706	0.01618	0.01250	0.00594	0.00485	0.00155	0.00431	0.00507	0.00459	0.00767
22	0.00755	0.00567	0.00669	0.00682	0.00806	0.00567	0.01974	0.01108	0.15118	0.01479	0.02763	0.34496	0.18518	0.01106	0.00535	0.00169	0.00296	0.03796	0.14124	0.00474
23	0.01102	0.01032	0.01732	0.02560	0.67490	0.01026	0.01304	0.01376	0.01131	0.01618	0.13560	0.01565	0.01358	0.00514	0.00488	0.00143	0.00513	0.00496	0.00283	0.00708
24	0.01105	0.01028	0.01713	0.02547	0.67459	0.01028	0.01278	0.01343	0.01025	0.01460	0.00996	0.01494	0.00914	0.13680	0.00787	0.00193	0.00551	0.00469	0.00245	0.00682

[dist]
# distance from previous block
# <min> <max>
0	3

# created by:
# /home/cegg/simao/soft/augustus-3.2.1/scripts/msa2prfl.pl ./align_prep/EOG091G0Q1X.fa
