[name]
unknown

[dist]
# distance from previous block
# <min> <max>
0	111

[block]
# block no. 0 follows, 55 sequences, length 41
# corresponding to MSA columns:
# 120-160
name=unknown_A
#
# <colnr> <probs for GDERKNQSTAVLIFYWHMCP>
#	G	D	E	R	K	N	Q	S	T	A	V	L	I	F	Y	W	H	M	C	P
0	0.01068	0.02277	0.02267	0.01005	0.04839	0.02379	0.02917	0.05878	0.19668	0.08216	0.04352	0.03225	0.03595	0.00897	0.00545	0.00176	0.00433	0.33962	0.00428	0.01875
1	0.03600	0.12383	0.23445	0.00969	0.01368	0.01100	0.00977	0.08595	0.19463	0.09364	0.07805	0.01622	0.04917	0.00592	0.00447	0.00144	0.00472	0.01709	0.00364	0.00663
2	0.02584	0.20258	0.27964	0.04831	0.01599	0.03671	0.03423	0.04081	0.02450	0.16898	0.01010	0.01074	0.00733	0.00458	0.00410	0.00130	0.00550	0.00353	0.00295	0.07229
3	0.04438	0.09989	0.61235	0.01340	0.06948	0.02697	0.02681	0.01456	0.00990	0.01465	0.02211	0.01007	0.00665	0.00445	0.00426	0.00142	0.00644	0.00347	0.00209	0.00667
4	0.00675	0.00501	0.00659	0.00615	0.00720	0.00485	0.00466	0.00889	0.01289	0.01831	0.76783	0.03361	0.04214	0.00945	0.00594	0.00149	0.04065	0.00821	0.00498	0.00442
5	0.01739	0.02167	0.01323	0.01192	0.01438	0.77401	0.00898	0.06076	0.01366	0.01236	0.00741	0.00854	0.00610	0.00484	0.00422	0.00121	0.00821	0.00306	0.00252	0.00553
6	0.01024	0.00862	0.00996	0.00717	0.01127	0.00680	0.00576	0.06889	0.01054	0.01620	0.00848	0.00976	0.00697	0.00360	0.00353	0.00074	0.00357	0.00286	0.00290	0.80214
7	0.01151	0.01105	0.01888	0.02855	0.80748	0.01105	0.01428	0.01428	0.01059	0.01520	0.00875	0.01151	0.00737	0.00415	0.00461	0.00138	0.00553	0.00415	0.00230	0.00737
8	0.02087	0.00792	0.01080	0.00828	0.01188	0.00684	0.00684	0.02267	0.01332	0.81071	0.01835	0.01583	0.01152	0.00576	0.00468	0.00144	0.00396	0.00468	0.00576	0.00792
9	0.00666	0.00495	0.00728	0.00728	0.00804	0.00571	0.00557	0.00818	0.00742	0.01065	0.01264	0.01928	0.01207	0.10108	0.75248	0.00723	0.01180	0.00513	0.00252	0.00404
10	0.00965	0.00827	0.00965	0.00689	0.01102	0.00620	0.00551	0.01171	0.00965	0.01516	0.00827	0.00965	0.00689	0.00345	0.00345	0.00069	0.00345	0.00276	0.00276	0.86494
11	0.00567	0.00405	0.00540	0.00648	0.00675	0.00378	0.00432	0.00648	0.00891	0.01188	0.02564	0.83347	0.03077	0.01457	0.00594	0.00189	0.00270	0.01323	0.00432	0.00378
12	0.02074	0.00812	0.01092	0.00837	0.01198	0.00714	0.00692	0.05351	0.01366	0.77938	0.01807	0.01565	0.01137	0.00575	0.00468	0.00144	0.00401	0.00466	0.00571	0.00792
13	0.01229	0.79952	0.06283	0.00822	0.01234	0.01804	0.00841	0.01397	0.00947	0.01113	0.00656	0.00758	0.00597	0.00400	0.00306	0.00102	0.00507	0.00253	0.00199	0.00601
14	0.05769	0.00835	0.01155	0.00870	0.01244	0.00723	0.06027	0.01975	0.01225	0.57652	0.01538	0.01411	0.01008	0.00515	0.00443	0.00131	0.00412	0.00429	0.00485	0.16153
15	0.01207	0.01253	0.11716	0.01298	0.01677	0.03384	0.25425	0.04614	0.22241	0.10063	0.01440	0.01505	0.04789	0.00550	0.00548	0.00154	0.04963	0.00505	0.00347	0.02320
16	0.00572	0.00409	0.00546	0.00654	0.00683	0.00382	0.00441	0.00657	0.00896	0.01193	0.02561	0.81115	0.03066	0.01453	0.00595	0.00190	0.00274	0.03502	0.00432	0.00379
17	0.01224	0.01032	0.01089	0.00960	0.01235	0.01188	0.00752	0.10829	0.71442	0.02053	0.01809	0.01668	0.01352	0.00623	0.00473	0.00156	0.00384	0.00514	0.00473	0.00742
18	0.01336	0.00955	0.01365	0.01560	0.28446	0.00961	0.03372	0.12191	0.10847	0.17895	0.10924	0.01743	0.05113	0.00592	0.00482	0.00144	0.00446	0.00521	0.00405	0.00700
19	0.01163	0.01110	0.03027	0.02210	0.51529	0.01132	0.04903	0.03774	0.22982	0.01673	0.01167	0.01315	0.00924	0.00478	0.00468	0.00145	0.00514	0.00451	0.00304	0.00732
20	0.00552	0.00462	0.00481	0.00496	0.00635	0.00391	0.00365	0.00665	0.01036	0.01247	0.04406	0.15721	0.69514	0.01218	0.00556	0.00162	0.00241	0.01030	0.00432	0.00391
21	0.00592	0.00423	0.00569	0.00676	0.00714	0.00399	0.00475	0.00691	0.00915	0.01216	0.02550	0.72643	0.03022	0.01434	0.00600	0.00192	0.00292	0.11779	0.00431	0.00385
22	0.01435	0.41051	0.04325	0.00993	0.01323	0.35368	0.00864	0.01669	0.06809	0.01186	0.00773	0.00864	0.00657	0.00450	0.00366	0.00114	0.00638	0.00293	0.00236	0.00586
23	0.00579	0.00414	0.00552	0.00649	0.00684	0.00387	0.00441	0.00674	0.00928	0.01245	0.08485	0.75189	0.03166	0.01414	0.00592	0.00186	0.00270	0.03324	0.00438	0.00384
24	0.00633	0.00467	0.00591	0.00575	0.00683	0.00426	0.00426	0.00823	0.01234	0.01704	0.61108	0.12001	0.15528	0.01038	0.00554	0.00152	0.00227	0.00913	0.00492	0.00426
25	0.01098	0.01255	0.02745	0.01961	0.02431	0.01176	0.79059	0.01490	0.01098	0.01490	0.00941	0.01255	0.00706	0.00392	0.00549	0.00157	0.00784	0.00549	0.00235	0.00627
26	0.01098	0.01255	0.02745	0.01961	0.02431	0.01176	0.79059	0.01490	0.01098	0.01490	0.00941	0.01255	0.00706	0.00392	0.00549	0.00157	0.00784	0.00549	0.00235	0.00627
27	0.02015	0.00852	0.01111	0.00854	0.01210	0.00777	0.00705	0.12262	0.01443	0.69184	0.03435	0.01563	0.01174	0.00582	0.00469	0.00143	0.00407	0.00469	0.00560	0.00784
28	0.01221	0.00728	0.00867	0.00769	0.00978	0.00739	0.00607	0.15316	0.09365	0.18022	0.11237	0.15736	0.01956	0.00825	0.00492	0.00153	0.00348	0.07062	0.12985	0.00592
29	0.01741	0.02123	0.01326	0.01185	0.01439	0.73462	0.00897	0.09868	0.01408	0.01324	0.00760	0.00868	0.00619	0.00488	0.00424	0.00122	0.00805	0.00312	0.00263	0.00565
30	0.00665	0.00498	0.00748	0.00748	0.00831	0.00582	0.00582	0.00831	0.00748	0.01080	0.01246	0.01828	0.01163	0.03489	0.81807	0.00748	0.01246	0.00498	0.00249	0.00415
31	0.03690	0.01174	0.01832	0.02666	0.71796	0.06333	0.02838	0.01455	0.01069	0.01511	0.00860	0.01122	0.00721	0.00419	0.00455	0.00138	0.00570	0.00405	0.00233	0.00715
32	0.01098	0.01255	0.02745	0.01961	0.02431	0.01176	0.79059	0.01490	0.01098	0.01490	0.00941	0.01255	0.00706	0.00392	0.00549	0.00157	0.00784	0.00549	0.00235	0.00627
33	0.00583	0.00419	0.00556	0.00660	0.00699	0.00393	0.00458	0.00677	0.00914	0.01209	0.02641	0.73086	0.06147	0.01431	0.00596	0.00190	0.00283	0.08244	0.00432	0.00383
34	0.00913	0.00860	0.01451	0.67798	0.15374	0.01028	0.01291	0.01212	0.00950	0.01241	0.00880	0.03393	0.00703	0.00483	0.00468	0.00153	0.00600	0.00438	0.00216	0.00548
35	0.01132	0.01085	0.01853	0.08612	0.75146	0.01100	0.01418	0.01410	0.01050	0.01496	0.00872	0.01158	0.00728	0.00418	0.00461	0.00139	0.00558	0.00414	0.00229	0.00721
36	0.86937	0.00900	0.00684	0.00612	0.00900	0.01044	0.00504	0.01368	0.00792	0.02087	0.00648	0.00756	0.00504	0.00432	0.00288	0.00144	0.00360	0.00252	0.00288	0.00504
37	0.02087	0.00792	0.01080	0.00828	0.01188	0.00684	0.00684	0.02267	0.01332	0.81071	0.01835	0.01583	0.01152	0.00576	0.00468	0.00144	0.00396	0.00468	0.00576	0.00792
38	0.01738	0.02217	0.01318	0.01199	0.01438	0.81783	0.00899	0.01858	0.01318	0.01139	0.00719	0.00839	0.00599	0.00479	0.00419	0.00120	0.00839	0.00300	0.00240	0.00539
39	0.00933	0.02406	0.81240	0.01326	0.02014	0.01080	0.01719	0.01473	0.00982	0.01473	0.00835	0.00982	0.00589	0.00442	0.00442	0.00147	0.00688	0.00344	0.00196	0.00688
40	0.04315	0.00810	0.01066	0.00825	0.01171	0.00728	0.00679	0.06879	0.01368	0.70223	0.05643	0.01626	0.01272	0.00589	0.00467	0.00144	0.00393	0.00477	0.00558	0.00766

[dist]
# distance from previous block
# <min> <max>
0	1

[block]
# block no. 1 follows, 55 sequences, length 44
# corresponding to MSA columns:
# 162-205
name=unknown_B
#
# <colnr> <probs for GDERKNQSTAVLIFYWHMCP>
#	G	D	E	R	K	N	Q	S	T	A	V	L	I	F	Y	W	H	M	C	P
0	0.01127	0.01249	0.10659	0.02686	0.72046	0.01103	0.01460	0.01433	0.01051	0.01515	0.00871	0.01133	0.00721	0.00418	0.00459	0.00139	0.00568	0.00407	0.00227	0.00731
1	0.01341	0.00955	0.01052	0.00917	0.01197	0.01059	0.00721	0.03836	0.61978	0.17079	0.01861	0.01695	0.01353	0.00618	0.00469	0.00154	0.00373	0.00511	0.02088	0.00742
2	0.00567	0.00405	0.00540	0.00648	0.00675	0.00378	0.00432	0.00648	0.00891	0.01188	0.02564	0.83347	0.03077	0.01457	0.00594	0.00189	0.00270	0.01323	0.00432	0.00378
3	0.01739	0.02190	0.01321	0.01195	0.01438	0.79417	0.00898	0.04135	0.01344	0.01191	0.00731	0.00847	0.00605	0.00482	0.00421	0.00120	0.00829	0.00303	0.00246	0.00547
4	0.00879	0.00827	0.01395	0.82532	0.03204	0.01034	0.01292	0.01189	0.00930	0.01189	0.00827	0.01240	0.00620	0.00465	0.00465	0.00155	0.00620	0.00413	0.00207	0.00517
5	0.86937	0.00900	0.00684	0.00612	0.00900	0.01044	0.00504	0.01368	0.00792	0.02087	0.00648	0.00756	0.00504	0.00432	0.00288	0.00144	0.00360	0.00252	0.00288	0.00504
6	0.00590	0.00485	0.00634	0.00639	0.00752	0.00431	0.04825	0.00708	0.00988	0.01248	0.04754	0.40717	0.39011	0.01259	0.00570	0.00172	0.00282	0.01113	0.00422	0.00400
7	0.01909	0.01053	0.01239	0.00952	0.01317	0.01075	0.00786	0.41049	0.03249	0.40187	0.01474	0.01351	0.00975	0.00568	0.00467	0.00142	0.00454	0.00444	0.00518	0.00790
8	0.00981	0.09486	0.72888	0.01271	0.01927	0.01139	0.01619	0.01481	0.00985	0.02910	0.00837	0.00973	0.00600	0.00441	0.00430	0.00143	0.00666	0.00338	0.00204	0.00682
9	0.00643	0.00453	0.00511	0.00525	0.00562	0.00435	0.00325	0.00681	0.00785	0.01015	0.02245	0.11211	0.17452	0.56810	0.01783	0.00360	0.00390	0.03166	0.00331	0.00318
10	0.00555	0.00471	0.00478	0.00476	0.00631	0.00395	0.00357	0.00677	0.01071	0.01283	0.07995	0.04434	0.77261	0.01168	0.00550	0.00157	0.00235	0.00976	0.00435	0.00395
11	0.00649	0.00475	0.00608	0.00575	0.00689	0.00435	0.00431	0.00859	0.01293	0.01810	0.73573	0.03567	0.11354	0.00972	0.00549	0.00147	0.00221	0.00854	0.00505	0.00435
12	0.00735	0.00525	0.00733	0.00840	0.00941	0.00523	0.00724	0.00939	0.01057	0.01376	0.02471	0.11489	0.02709	0.01299	0.00639	0.00212	0.00416	0.71520	0.00429	0.00424
13	0.02071	0.00818	0.01096	0.00840	0.01201	0.00723	0.00694	0.06214	0.01375	0.77061	0.01798	0.01560	0.01133	0.00575	0.00468	0.00144	0.00402	0.00465	0.00570	0.00792
14	0.05762	0.00796	0.01062	0.00818	0.01175	0.00699	0.00676	0.02228	0.01308	0.77650	0.01784	0.01548	0.01124	0.00570	0.00460	0.00144	0.00394	0.00458	0.00563	0.00779
15	0.01244	0.83930	0.02438	0.00796	0.01194	0.01841	0.00796	0.01393	0.00945	0.01095	0.00647	0.00746	0.00597	0.00398	0.00299	0.00100	0.00498	0.00249	0.00199	0.00597
16	0.01878	0.00847	0.01079	0.00858	0.01197	0.00801	0.00699	0.03731	0.18545	0.62312	0.01835	0.01608	0.01204	0.00588	0.00469	0.00147	0.00392	0.00480	0.00551	0.00780
17	0.04969	0.01999	0.59116	0.01219	0.01790	0.01067	0.03623	0.01604	0.13611	0.01594	0.04305	0.01203	0.00879	0.00491	0.00447	0.00149	0.00604	0.00395	0.00259	0.00675
18	0.00965	0.00827	0.00965	0.00689	0.01102	0.00620	0.00551	0.01171	0.00965	0.01516	0.00827	0.00965	0.00689	0.00345	0.00345	0.00069	0.00345	0.00276	0.00276	0.86494
19	0.00565	0.00413	0.00532	0.00627	0.00669	0.00380	0.00423	0.00650	0.00911	0.01196	0.02815	0.74130	0.12131	0.01425	0.00589	0.00185	0.00266	0.01283	0.00432	0.00380
20	0.00933	0.02406	0.81240	0.01326	0.02014	0.01080	0.01719	0.01473	0.00982	0.01473	0.00835	0.00982	0.00589	0.00442	0.00442	0.00147	0.00688	0.00344	0.00196	0.00688
21	0.00553	0.00471	0.00475	0.00474	0.00630	0.00394	0.00356	0.00673	0.01067	0.01273	0.06727	0.04451	0.78535	0.01172	0.00550	0.00157	0.00235	0.00978	0.00434	0.00394
22	0.00565	0.00430	0.00521	0.00587	0.00660	0.00386	0.00406	0.00665	0.00966	0.01242	0.06858	0.53692	0.28660	0.01342	0.00577	0.00176	0.00256	0.01188	0.00436	0.00386
23	0.00572	0.00409	0.00546	0.00654	0.00683	0.00382	0.00441	0.00657	0.00896	0.01194	0.02561	0.81075	0.03065	0.01452	0.00595	0.00190	0.00275	0.03542	0.00432	0.00379
24	0.01018	0.01018	0.01425	0.01221	0.01221	0.01425	0.01018	0.01120	0.00712	0.01120	0.00611	0.01018	0.00611	0.00814	0.01527	0.00204	0.82799	0.00407	0.00204	0.00509
25	0.00566	0.00408	0.00537	0.00640	0.00673	0.00379	0.00428	0.00649	0.00898	0.01191	0.02663	0.79718	0.06642	0.01445	0.00592	0.00187	0.00268	0.01307	0.00432	0.00379
26	0.00946	0.00807	0.00945	0.00687	0.01083	0.00609	0.00546	0.01147	0.00961	0.01501	0.00908	0.04802	0.00800	0.00396	0.00356	0.00074	0.00341	0.00324	0.00283	0.82483
27	0.00566	0.00408	0.00537	0.00640	0.00673	0.00379	0.00428	0.00649	0.00898	0.01191	0.02663	0.79718	0.06642	0.01445	0.00592	0.00187	0.00268	0.01307	0.00432	0.00379
28	0.00567	0.00405	0.00540	0.00648	0.00675	0.00378	0.00432	0.00648	0.00891	0.01188	0.02564	0.83347	0.03077	0.01457	0.00594	0.00189	0.00270	0.01323	0.00432	0.00378
29	0.00867	0.00434	0.00434	0.00434	0.00542	0.00434	0.00325	0.01084	0.00976	0.01734	0.01518	0.01734	0.01192	0.00542	0.00325	0.00108	0.00217	0.00434	0.86233	0.00434
30	0.00933	0.02406	0.81240	0.01326	0.02014	0.01080	0.01719	0.01473	0.00982	0.01473	0.00835	0.00982	0.00589	0.00442	0.00442	0.00147	0.00688	0.00344	0.00196	0.00688
31	0.01244	0.83930	0.02438	0.00796	0.01194	0.01841	0.00796	0.01393	0.00945	0.01095	0.00647	0.00746	0.00597	0.00398	0.00299	0.00100	0.00498	0.00249	0.00199	0.00597
32	0.01151	0.01105	0.01888	0.02855	0.80748	0.01105	0.01428	0.01428	0.01059	0.01520	0.00875	0.01151	0.00737	0.00415	0.00461	0.00138	0.00553	0.00415	0.00230	0.00737
33	0.01619	0.02025	0.01241	0.01131	0.01356	0.72792	0.00848	0.01749	0.01318	0.01219	0.09538	0.01130	0.01018	0.00532	0.00434	0.00123	0.00770	0.00360	0.00270	0.00528
34	0.00682	0.00471	0.00601	0.00569	0.00678	0.00438	0.00426	0.00901	0.01279	0.01851	0.71773	0.03283	0.04036	0.00906	0.00524	0.00142	0.00219	0.00796	0.09987	0.00438
35	0.00982	0.00837	0.00974	0.00697	0.01110	0.00638	0.00559	0.02896	0.00992	0.01547	0.00833	0.00968	0.00691	0.00349	0.00347	0.00070	0.00348	0.00279	0.00280	0.84600
36	0.00712	0.00582	0.00968	0.00882	0.01008	0.00647	0.09256	0.00904	0.00786	0.01125	0.01212	0.01764	0.01113	0.03147	0.72825	0.00682	0.01195	0.00504	0.00248	0.00439
37	0.00678	0.00514	0.00700	0.09638	0.00969	0.00503	0.00529	0.00902	0.01262	0.01762	0.68166	0.03275	0.07521	0.00908	0.00540	0.00148	0.00265	0.00801	0.00475	0.00445
38	0.00797	0.00545	0.00606	0.00570	0.00611	0.00561	0.00348	0.09356	0.00844	0.01126	0.01427	0.02831	0.01592	0.74466	0.02158	0.00417	0.00458	0.00648	0.00302	0.00338
39	0.00665	0.00476	0.00615	0.00589	0.00687	0.00445	0.00436	0.00860	0.01235	0.01737	0.68131	0.03510	0.04012	0.10108	0.00754	0.00183	0.00255	0.04400	0.00483	0.00421
40	0.01014	0.00885	0.01359	0.63132	0.05291	0.01058	0.01180	0.12212	0.01115	0.01477	0.00902	0.01238	0.00676	0.00478	0.00456	0.00149	0.00579	0.00413	0.04253	0.02134
41	0.01694	0.01298	0.01545	0.01169	0.01552	0.01413	0.09525	0.70608	0.02067	0.02773	0.01098	0.01132	0.00782	0.00540	0.00475	0.00142	0.00542	0.00433	0.00440	0.00773
42	0.01123	0.01064	0.01764	0.02577	0.70405	0.01041	0.01318	0.01390	0.01049	0.01517	0.00900	0.01210	0.00769	0.00424	0.00451	0.00132	0.00527	0.01889	0.00239	0.10210
43	0.01089	0.01126	0.02342	0.01714	0.02115	0.01068	0.62598	0.01459	0.03503	0.05402	0.01188	0.10355	0.01010	0.00534	0.00566	0.00161	0.02253	0.00627	0.00281	0.00609

[dist]
# distance from previous block
# <min> <max>
0	36

[block]
# block no. 2 follows, 55 sequences, length 41
# corresponding to MSA columns:
# 244-250,254-287
name=unknown_C
#
# <colnr> <probs for GDERKNQSTAVLIFYWHMCP>
#	G	D	E	R	K	N	Q	S	T	A	V	L	I	F	Y	W	H	M	C	P
0	0.02053	0.00808	0.01085	0.00836	0.01193	0.00713	0.00689	0.03826	0.03739	0.77087	0.01823	0.01579	0.01152	0.00577	0.00468	0.00144	0.00397	0.00469	0.00570	0.00790
1	0.00567	0.00405	0.00540	0.00648	0.00675	0.00378	0.00432	0.00648	0.00891	0.01188	0.02564	0.83347	0.03077	0.01457	0.00594	0.00189	0.00270	0.01323	0.00432	0.00378
2	0.86937	0.00900	0.00684	0.00612	0.00900	0.01044	0.00504	0.01368	0.00792	0.02087	0.00648	0.00756	0.00504	0.00432	0.00288	0.00144	0.00360	0.00252	0.00288	0.00504
3	0.00879	0.00827	0.01395	0.82532	0.03204	0.01034	0.01292	0.01189	0.00930	0.01189	0.00827	0.01240	0.00620	0.00465	0.00465	0.00155	0.00620	0.00413	0.00207	0.00517
4	0.02063	0.00797	0.01079	0.00831	0.01188	0.00696	0.00685	0.02273	0.03391	0.78997	0.01837	0.01587	0.01159	0.00577	0.00468	0.00144	0.00395	0.00469	0.00573	0.00790
5	0.00882	0.00463	0.00466	0.00461	0.00577	0.00472	0.00347	0.01157	0.05119	0.01746	0.01537	0.01734	0.01204	0.00547	0.00333	0.00111	0.00225	0.00438	0.81731	0.00449
6	0.83997	0.00945	0.00706	0.00632	0.00918	0.03829	0.00517	0.01384	0.00810	0.02055	0.00650	0.00759	0.00507	0.00433	0.00292	0.00143	0.00376	0.00254	0.00286	0.00505
7	0.00658	0.00476	0.00622	0.00585	0.00695	0.00439	0.00439	0.00878	0.01317	0.01866	0.80503	0.03475	0.04390	0.00951	0.00549	0.00146	0.00219	0.00841	0.00512	0.00439
8	0.01730	0.01284	0.01374	0.01063	0.01428	0.01425	0.00875	0.74333	0.07115	0.02869	0.01166	0.01156	0.00831	0.00563	0.00466	0.00141	0.00503	0.00426	0.00466	0.00788
9	0.00879	0.00827	0.01395	0.82532	0.03204	0.01034	0.01292	0.01189	0.00930	0.01189	0.00827	0.01240	0.00620	0.00465	0.00465	0.00155	0.00620	0.00413	0.00207	0.00517
10	0.01068	0.00865	0.01030	0.00743	0.01152	0.00688	0.01957	0.06492	0.01065	0.04950	0.00891	0.01006	0.00716	0.00370	0.00361	0.00078	0.00366	0.00298	0.00300	0.75603
11	0.00644	0.00475	0.00602	0.00570	0.00686	0.00433	0.00428	0.00850	0.01283	0.01786	0.70597	0.03606	0.14345	0.00981	0.00549	0.00148	0.00222	0.00860	0.00502	0.00433
12	0.00583	0.00473	0.00518	0.00506	0.00649	0.00407	0.00380	0.00732	0.01139	0.01444	0.28054	0.04169	0.57102	0.01108	0.00549	0.00154	0.00231	0.00939	0.00457	0.00407
13	0.02051	0.00849	0.01115	0.00855	0.01216	0.00769	0.00706	0.10940	0.01428	0.72262	0.01754	0.01531	0.01111	0.00574	0.00468	0.00143	0.00409	0.00462	0.00563	0.00792
14	0.01039	0.00563	0.00601	0.00554	0.00712	0.00576	0.00427	0.04305	0.09997	0.08877	0.02914	0.01727	0.01254	0.00563	0.00364	0.00119	0.00261	0.00453	0.64180	0.00513
15	0.01810	0.01236	0.01355	0.01038	0.01409	0.01343	0.00858	0.69078	0.02075	0.13210	0.01211	0.01178	0.00839	0.00561	0.00466	0.00140	0.00497	0.00425	0.00480	0.00791
16	0.00643	0.00475	0.00600	0.00569	0.00685	0.00432	0.00426	0.00847	0.01279	0.01776	0.69412	0.03622	0.15536	0.00984	0.00549	0.00148	0.00222	0.00862	0.00500	0.00432
17	0.01123	0.00965	0.01022	0.00929	0.01179	0.01112	0.00719	0.02366	0.75329	0.01902	0.01932	0.06465	0.01516	0.00679	0.00480	0.00160	0.00362	0.00572	0.00471	0.00716
18	0.00841	0.00611	0.00699	0.00646	0.00824	0.00587	0.00506	0.08221	0.07039	0.06149	0.24905	0.03588	0.35203	0.00993	0.00539	0.00157	0.00292	0.07241	0.00468	0.00493
19	0.01465	0.03200	0.01420	0.01571	0.22373	0.48329	0.00993	0.03324	0.01215	0.01300	0.00899	0.05740	0.00803	0.00527	0.00457	0.00130	0.02225	0.00397	0.03048	0.00585
20	0.00958	0.08845	0.75016	0.01284	0.01949	0.01140	0.01646	0.01467	0.00979	0.01443	0.00820	0.00964	0.00590	0.00439	0.00431	0.00144	0.00673	0.00336	0.00197	0.00680
21	0.86937	0.00900	0.00684	0.00612	0.00900	0.01044	0.00504	0.01368	0.00792	0.02087	0.00648	0.00756	0.00504	0.00432	0.00288	0.00144	0.00360	0.00252	0.00288	0.00504
22	0.01768	0.01303	0.01396	0.01070	0.01443	0.01443	0.00884	0.79197	0.02187	0.02932	0.01117	0.01117	0.00791	0.00558	0.00465	0.00140	0.00512	0.00419	0.00465	0.00791
23	0.01086	0.01233	0.02688	0.01926	0.02386	0.01160	0.76827	0.01471	0.01088	0.01479	0.00950	0.01271	0.00719	0.00480	0.02860	0.00174	0.00797	0.00548	0.00236	0.00621
24	0.00567	0.00405	0.00540	0.00648	0.00675	0.00378	0.00432	0.00648	0.00891	0.01188	0.02564	0.83347	0.03077	0.01457	0.00594	0.00189	0.00270	0.01323	0.00432	0.00378
25	0.01123	0.01069	0.01815	0.02724	0.76109	0.01067	0.01370	0.01396	0.01074	0.01540	0.05489	0.01286	0.00949	0.00446	0.00466	0.00139	0.00533	0.00439	0.00247	0.00720
26	0.01139	0.00973	0.01140	0.00844	0.01240	0.02789	0.04482	0.14636	0.05764	0.01773	0.00941	0.01047	0.00748	0.00403	0.00385	0.00092	0.00408	0.00329	0.00317	0.60553
27	0.01098	0.01255	0.02745	0.01961	0.02431	0.01176	0.79059	0.01490	0.01098	0.01490	0.00941	0.01255	0.00706	0.00392	0.00549	0.00157	0.00784	0.00549	0.00235	0.00627
28	0.00554	0.00471	0.00478	0.00476	0.00631	0.00395	0.00357	0.00676	0.01071	0.01282	0.07893	0.04435	0.77363	0.01169	0.00550	0.00157	0.00235	0.00976	0.00435	0.00395
29	0.01044	0.03891	0.08553	0.01606	0.06496	0.01093	0.44000	0.01552	0.13816	0.01539	0.03869	0.08065	0.01127	0.00542	0.00518	0.00156	0.00625	0.00584	0.00294	0.00629
30	0.08925	0.01113	0.01244	0.01036	0.04499	0.01197	0.00812	0.43307	0.11749	0.19349	0.01320	0.01266	0.00922	0.00555	0.00452	0.00143	0.00458	0.00429	0.00466	0.00758
31	0.00577	0.00459	0.00519	0.00533	0.00653	0.00400	0.00388	0.00710	0.01083	0.01378	0.21148	0.20295	0.47844	0.01184	0.00559	0.00161	0.00239	0.01020	0.00450	0.00400
32	0.01083	0.01219	0.02623	0.07984	0.04504	0.01164	0.71270	0.01466	0.01085	0.01469	0.00931	0.01251	0.00700	0.00398	0.00540	0.00156	0.00766	0.00535	0.00233	0.00622
33	0.03854	0.01246	0.06717	0.02722	0.01990	0.06784	0.49424	0.01403	0.02166	0.01440	0.01188	0.05965	0.03034	0.00561	0.00577	0.00161	0.04531	0.05390	0.00264	0.00583
34	0.01377	0.04712	0.41315	0.03782	0.01717	0.02351	0.01265	0.15711	0.01284	0.20365	0.01112	0.01145	0.00759	0.00494	0.00448	0.00143	0.00581	0.00385	0.00335	0.00720
35	0.00559	0.00474	0.00485	0.00490	0.00645	0.00400	0.00373	0.00682	0.01061	0.01263	0.04604	0.04514	0.76801	0.01183	0.00554	0.00160	0.00245	0.04681	0.00432	0.00394
36	0.00948	0.06242	0.77532	0.01301	0.01975	0.01116	0.01675	0.01470	0.00980	0.01455	0.00826	0.00971	0.00590	0.00440	0.00435	0.00145	0.00679	0.00339	0.00197	0.00683
37	0.00959	0.00909	0.01541	0.58978	0.26128	0.01055	0.01332	0.01259	0.00968	0.01287	0.00841	0.01214	0.00655	0.00450	0.00464	0.00150	0.00600	0.00414	0.00214	0.00582
38	0.00567	0.00405	0.00540	0.00648	0.00675	0.00378	0.00432	0.00648	0.00891	0.01188	0.02564	0.83347	0.03077	0.01457	0.00594	0.00189	0.00270	0.01323	0.00432	0.00378
39	0.00567	0.00405	0.00540	0.00648	0.00675	0.00378	0.00432	0.00648	0.00891	0.01188	0.02564	0.83347	0.03077	0.01457	0.00594	0.00189	0.00270	0.01323	0.00432	0.00378
40	0.00621	0.00474	0.00569	0.00546	0.00672	0.00423	0.00409	0.00805	0.01228	0.01654	0.54141	0.03824	0.30883	0.01030	0.00549	0.00150	0.00225	0.00890	0.00484	0.00423

[dist]
# distance from previous block
# <min> <max>
0	25

# created by:
# /home/cegg/simao/soft/augustus-3.2.1/scripts/msa2prfl.pl ./align_prep/EOG091G0YVI.fa
