[name]
unknown

[dist]
# distance from previous block
# <min> <max>
0	91

[block]
# block no. 0 follows, 52 sequences, length 14
# corresponding to MSA columns:
# 94-107
name=unknown_A
#
# <colnr> <probs for GDERKNQSTAVLIFYWHMCP>
#	G	D	E	R	K	N	Q	S	T	A	V	L	I	F	Y	W	H	M	C	P
0	0.07887	0.06440	0.03952	0.01063	0.04557	0.03715	0.00872	0.27536	0.01524	0.18746	0.01402	0.01829	0.01134	0.00669	0.00524	0.00156	0.03522	0.11667	0.00431	0.02376
1	0.01473	0.01173	0.01445	0.01313	0.10597	0.04184	0.06356	0.26314	0.18786	0.08927	0.03724	0.01411	0.01081	0.00574	0.00529	0.00148	0.03868	0.00472	0.00418	0.07209
2	0.00714	0.00532	0.00761	0.00725	0.00788	0.00554	0.05159	0.00809	0.00783	0.01076	0.01549	0.11984	0.01678	0.40775	0.29444	0.00526	0.00757	0.00711	0.00297	0.00376
3	0.01241	0.06058	0.01201	0.00983	0.01271	0.01263	0.00778	0.06131	0.70646	0.02022	0.01855	0.01714	0.01396	0.00639	0.00482	0.00160	0.00399	0.00525	0.00475	0.00761
4	0.00903	0.00452	0.00452	0.00452	0.00565	0.00452	0.00339	0.01129	0.01016	0.01807	0.01581	0.01807	0.01242	0.00565	0.00339	0.00113	0.00226	0.00452	0.85659	0.00452
5	0.00599	0.00471	0.00533	0.00564	0.00680	0.00412	0.00408	0.00709	0.01058	0.01320	0.09268	0.26254	0.48876	0.01310	0.00632	0.03039	0.00265	0.02753	0.00448	0.00402
6	0.01592	0.01267	0.01238	0.01041	0.01357	0.11467	0.00826	0.24255	0.36898	0.12405	0.01575	0.01482	0.01145	0.00608	0.00483	0.00152	0.00493	0.00478	0.00473	0.00765
7	0.00903	0.00452	0.00452	0.00452	0.00565	0.00452	0.00339	0.01129	0.01016	0.01807	0.01581	0.01807	0.01242	0.00565	0.00339	0.00113	0.00226	0.00452	0.85659	0.00452
8	0.07973	0.04425	0.01539	0.35924	0.10500	0.05003	0.07151	0.07114	0.01086	0.01515	0.00941	0.04207	0.00779	0.00544	0.00552	0.00157	0.06846	0.00451	0.02706	0.00588
9	0.00791	0.00545	0.00694	0.00640	0.00777	0.00511	0.00485	0.04451	0.01386	0.05171	0.66994	0.06402	0.07318	0.00985	0.00566	0.00154	0.00253	0.00865	0.00527	0.00485
10	0.01474	0.00814	0.01175	0.16341	0.08222	0.00803	0.02114	0.03142	0.04190	0.36620	0.07257	0.03913	0.07714	0.03337	0.00568	0.00165	0.00451	0.00573	0.00454	0.00674
11	0.00699	0.00473	0.00539	0.00539	0.00550	0.00474	0.00311	0.00712	0.00723	0.00963	0.01644	0.03167	0.04697	0.76043	0.06180	0.00473	0.00501	0.00708	0.00298	0.00305
12	0.02550	0.01146	0.05248	0.08822	0.20741	0.03922	0.02579	0.14918	0.06304	0.19358	0.01329	0.02404	0.02349	0.01755	0.00523	0.00153	0.01550	0.00467	0.00384	0.03498
13	0.02758	0.36565	0.09840	0.00954	0.01330	0.06656	0.00899	0.10962	0.10590	0.05353	0.01093	0.04757	0.00912	0.00547	0.00425	0.00132	0.02083	0.00400	0.03084	0.00660

[dist]
# distance from previous block
# <min> <max>
0	8

[block]
# block no. 1 follows, 52 sequences, length 43
# corresponding to MSA columns:
# 116-158
name=unknown_B
#
# <colnr> <probs for GDERKNQSTAVLIFYWHMCP>
#	G	D	E	R	K	N	Q	S	T	A	V	L	I	F	Y	W	H	M	C	P
0	0.10550	0.00787	0.00970	0.00798	0.01110	0.00711	0.00646	0.04017	0.01203	0.38665	0.01714	0.11945	0.01412	0.00716	0.00475	0.00147	0.00388	0.06837	0.00475	0.16434
1	0.01171	0.24499	0.43381	0.01152	0.01697	0.02830	0.03170	0.01545	0.01050	0.08699	0.01020	0.05903	0.00829	0.00523	0.00433	0.00142	0.00613	0.00408	0.00259	0.00676
2	0.00696	0.00557	0.00718	0.00758	0.03353	0.00526	0.02502	0.00933	0.06243	0.01487	0.18014	0.26352	0.26257	0.01191	0.00587	0.00176	0.00306	0.08430	0.00456	0.00459
3	0.01097	0.01211	0.02541	0.01845	0.02253	0.01175	0.65225	0.01445	0.01073	0.01467	0.01005	0.01462	0.00823	0.08092	0.00823	0.00195	0.06836	0.00573	0.00247	0.00611
4	0.00940	0.00889	0.01489	0.73205	0.08296	0.01099	0.01343	0.01252	0.00968	0.01258	0.00855	0.01276	0.00654	0.00496	0.00531	0.00162	0.04087	0.00430	0.00217	0.00553
5	0.03529	0.06222	0.16575	0.01192	0.01625	0.05894	0.11547	0.20253	0.02931	0.18593	0.01261	0.02671	0.00931	0.00558	0.00480	0.00150	0.00582	0.02464	0.01822	0.00722
6	0.01060	0.01060	0.01484	0.01272	0.01272	0.01484	0.01060	0.01166	0.00742	0.01166	0.00636	0.01060	0.00636	0.00848	0.01590	0.00212	0.82082	0.00424	0.00212	0.00530
7	0.00718	0.00550	0.00803	0.00789	0.00862	0.00651	0.00608	0.00871	0.00770	0.01111	0.01275	0.01962	0.01223	0.10572	0.68762	0.00714	0.06544	0.00530	0.00260	0.00427
8	0.03712	0.01123	0.01931	0.11660	0.63916	0.01146	0.06494	0.01462	0.01083	0.01560	0.00903	0.01205	0.00745	0.00437	0.00481	0.00147	0.00593	0.00436	0.00239	0.00727
9	0.01415	0.01111	0.01184	0.00999	0.01300	0.01252	0.00794	0.32427	0.41544	0.02387	0.01668	0.05414	0.01292	0.00665	0.00489	0.00156	0.00431	0.00539	0.04174	0.00758
10	0.01244	0.69747	0.13628	0.00919	0.01366	0.01794	0.00972	0.01456	0.00984	0.01197	0.00701	0.00819	0.00621	0.00432	0.00363	0.00113	0.02525	0.00277	0.00207	0.00633
11	0.00834	0.00424	0.00625	0.00625	0.00625	0.00424	0.00413	0.00636	0.00636	0.00848	0.00883	0.01575	0.00897	0.06549	0.01928	0.80787	0.00424	0.00438	0.00215	0.00215
12	0.01060	0.01060	0.01484	0.01272	0.01272	0.01484	0.01060	0.01166	0.00742	0.01166	0.00636	0.01060	0.00636	0.00848	0.01590	0.00212	0.82082	0.00424	0.00212	0.00530
13	0.00915	0.00861	0.01453	0.81804	0.03338	0.01077	0.01346	0.01238	0.00969	0.01238	0.00861	0.01292	0.00646	0.00484	0.00484	0.00161	0.00646	0.00431	0.00215	0.00538
14	0.00693	0.00515	0.00756	0.00756	0.00834	0.00593	0.00577	0.00851	0.00772	0.01108	0.01319	0.02020	0.01262	0.10936	0.73816	0.00750	0.01222	0.00536	0.00263	0.00420
15	0.01810	0.02310	0.01373	0.01248	0.01498	0.81024	0.00936	0.01935	0.01373	0.01186	0.00749	0.00874	0.00624	0.00499	0.00437	0.00125	0.00874	0.00312	0.00250	0.00562
16	0.00590	0.00422	0.00562	0.00675	0.00703	0.00394	0.00450	0.00675	0.00928	0.01237	0.02671	0.82653	0.03205	0.01518	0.00619	0.00197	0.00281	0.01378	0.00450	0.00394
17	0.01216	0.01208	0.01864	0.05666	0.64609	0.06440	0.01406	0.01478	0.01083	0.01505	0.00873	0.01169	0.00741	0.00477	0.00580	0.00150	0.08152	0.00423	0.00237	0.00723
18	0.00885	0.00821	0.01371	0.74286	0.03093	0.01013	0.01263	0.01186	0.00965	0.01238	0.01029	0.08832	0.00883	0.00580	0.00497	0.00165	0.00612	0.00518	0.00237	0.00525
19	0.01172	0.01113	0.01836	0.10552	0.65111	0.01149	0.01407	0.01564	0.08316	0.01590	0.01005	0.01265	0.00822	0.00458	0.00481	0.00148	0.00565	0.00442	0.00261	0.00745
20	0.00788	0.00674	0.05471	0.00694	0.00868	0.00570	0.00569	0.01133	0.08529	0.04223	0.60155	0.05203	0.07353	0.00940	0.00556	0.00155	0.00280	0.00822	0.00506	0.00509
21	0.01993	0.00952	0.01102	0.00874	0.01213	0.08165	0.00709	0.05599	0.01398	0.61926	0.03325	0.01655	0.02521	0.00606	0.00477	0.00145	0.00443	0.00483	0.05650	0.00764
22	0.14695	0.18416	0.39718	0.01104	0.01634	0.03071	0.02494	0.05964	0.01080	0.04562	0.00870	0.00986	0.00651	0.00464	0.00406	0.00141	0.00594	0.00337	0.02148	0.00667
23	0.00663	0.00507	0.00751	0.00797	0.00873	0.00479	0.05625	0.00793	0.00976	0.01293	0.02571	0.60404	0.04642	0.02764	0.00654	0.00203	0.00348	0.14805	0.00433	0.00419
24	0.01116	0.00891	0.01070	0.00790	0.01176	0.00752	0.00639	0.03397	0.01042	0.07198	0.00924	0.01060	0.00747	0.00427	0.00486	0.00092	0.07941	0.00318	0.00308	0.69626
25	0.01216	0.00903	0.01060	0.00771	0.01191	0.00733	0.00622	0.08497	0.01167	0.10730	0.01010	0.01093	0.00783	0.00407	0.00385	0.00088	0.00381	0.00324	0.00341	0.68296
26	0.00704	0.00503	0.00648	0.00631	0.00751	0.00463	0.00482	0.00915	0.01302	0.03151	0.60142	0.07210	0.12136	0.01063	0.00581	0.00162	0.00256	0.07932	0.00514	0.00455
27	0.01425	0.03793	0.01288	0.01069	0.03354	0.01314	0.00836	0.29077	0.45141	0.02334	0.01584	0.01508	0.01179	0.00608	0.00480	0.00152	0.00445	0.00488	0.00468	0.03458
28	0.01500	0.00886	0.07537	0.00957	0.04485	0.00732	0.00777	0.02822	0.01212	0.41368	0.05573	0.18465	0.04961	0.00830	0.00585	0.00164	0.05292	0.00694	0.00487	0.00672
29	0.01018	0.07677	0.68345	0.01359	0.04479	0.01147	0.01648	0.01525	0.01043	0.03296	0.03521	0.01114	0.00765	0.00477	0.00456	0.00150	0.00675	0.00374	0.00226	0.00705
30	0.05207	0.18384	0.35346	0.01271	0.08138	0.12384	0.01258	0.01502	0.01097	0.01482	0.08711	0.01217	0.01022	0.00507	0.00432	0.00138	0.00621	0.00385	0.00252	0.00645
31	0.00705	0.00470	0.00529	0.00529	0.00529	0.00470	0.00294	0.00705	0.00705	0.00940	0.01527	0.03171	0.01762	0.82969	0.02467	0.00470	0.00470	0.00705	0.00294	0.00294
32	0.01182	0.04879	0.11134	0.01575	0.04441	0.10801	0.37724	0.03516	0.01155	0.04153	0.01219	0.13611	0.01099	0.00607	0.00531	0.00159	0.00689	0.00614	0.00289	0.00623
33	0.03271	0.01394	0.22184	0.11696	0.16835	0.01070	0.11548	0.03385	0.10369	0.01606	0.03100	0.04823	0.05425	0.00576	0.00498	0.00157	0.00586	0.00523	0.00293	0.00663
34	0.00964	0.00902	0.01517	0.61056	0.18655	0.01061	0.01341	0.01274	0.01005	0.01320	0.00973	0.01523	0.00799	0.00525	0.00495	0.00162	0.00620	0.04995	0.00234	0.00579
35	0.00989	0.00690	0.02718	0.00853	0.05626	0.00631	0.00620	0.08269	0.01367	0.11035	0.44743	0.13968	0.04653	0.00939	0.00552	0.00157	0.00318	0.00824	0.00498	0.00549
36	0.00973	0.01820	0.03108	0.04802	0.04903	0.02079	0.06776	0.02933	0.01065	0.11996	0.03178	0.37464	0.07596	0.04951	0.03058	0.00206	0.00441	0.01720	0.00408	0.00521
37	0.01436	0.01187	0.06616	0.03193	0.01441	0.14344	0.10547	0.03937	0.05100	0.24467	0.05694	0.13708	0.03562	0.00733	0.00517	0.00157	0.00537	0.01765	0.00419	0.00641
38	0.01290	0.01127	0.02068	0.01644	0.07049	0.01128	0.39783	0.08649	0.01211	0.11733	0.01204	0.03511	0.00980	0.04053	0.00737	0.00180	0.09085	0.03587	0.00324	0.00656
39	0.00954	0.00986	0.06231	0.44234	0.15163	0.01010	0.06806	0.03093	0.01037	0.01380	0.01219	0.11504	0.03087	0.00620	0.00508	0.00162	0.00592	0.00571	0.00263	0.00580
40	0.02896	0.10886	0.17894	0.01142	0.03591	0.08645	0.05342	0.07703	0.07052	0.24549	0.01324	0.04703	0.00986	0.00564	0.00464	0.00146	0.00559	0.00456	0.00382	0.00716
41	0.02267	0.10162	0.12033	0.07868	0.11878	0.04460	0.13407	0.03362	0.01177	0.11946	0.11262	0.01611	0.03700	0.00568	0.00508	0.00148	0.02162	0.00501	0.00329	0.00650
42	0.01413	0.18319	0.07631	0.01307	0.15266	0.02133	0.04227	0.01693	0.03759	0.24288	0.08097	0.02703	0.01349	0.00602	0.00470	0.00145	0.00494	0.05028	0.00383	0.00692

[dist]
# distance from previous block
# <min> <max>
0	10

[block]
# block no. 2 follows, 52 sequences, length 39
# corresponding to MSA columns:
# 169-207
name=unknown_C
#
# <colnr> <probs for GDERKNQSTAVLIFYWHMCP>
#	G	D	E	R	K	N	Q	S	T	A	V	L	I	F	Y	W	H	M	C	P
0	0.05357	0.07808	0.12717	0.01150	0.05940	0.04831	0.05446	0.05739	0.21478	0.03024	0.06497	0.07861	0.03910	0.00691	0.00521	0.00158	0.03006	0.02851	0.00368	0.00647
1	0.07333	0.01044	0.01236	0.01087	0.06820	0.01096	0.02834	0.29067	0.12400	0.16459	0.04745	0.01579	0.03022	0.02720	0.00523	0.00155	0.00452	0.00488	0.03674	0.03266
2	0.03580	0.00861	0.02984	0.00984	0.03163	0.00860	0.08338	0.09277	0.17585	0.04633	0.14969	0.11017	0.04062	0.05816	0.03126	0.00201	0.00446	0.04542	0.02966	0.00589
3	0.02583	0.02013	0.01120	0.06217	0.02372	0.00876	0.05523	0.08689	0.01010	0.03838	0.02690	0.01801	0.04809	0.03933	0.41746	0.00485	0.08956	0.00522	0.00298	0.00519
4	0.00903	0.00452	0.00452	0.00452	0.00565	0.00452	0.00339	0.01129	0.01016	0.01807	0.01581	0.01807	0.01242	0.00565	0.00339	0.00113	0.00226	0.00452	0.85659	0.00452
5	0.05053	0.01398	0.10892	0.03424	0.18334	0.13948	0.04958	0.06728	0.09964	0.09009	0.04195	0.05361	0.01098	0.00585	0.00512	0.00151	0.02886	0.00486	0.00338	0.00678
6	0.01131	0.00746	0.02584	0.00753	0.00978	0.00701	0.00603	0.10366	0.06984	0.16126	0.28173	0.04428	0.12231	0.03177	0.05343	0.00197	0.00395	0.00702	0.01844	0.02535
7	0.00903	0.00452	0.00452	0.00452	0.00565	0.00452	0.00339	0.01129	0.01016	0.01807	0.01581	0.01807	0.01242	0.00565	0.00339	0.00113	0.00226	0.00452	0.85659	0.00452
8	0.09901	0.01186	0.01568	0.21945	0.25555	0.09145	0.04759	0.11538	0.01207	0.01696	0.00899	0.01157	0.00710	0.00494	0.00509	0.00150	0.04178	0.00410	0.02345	0.00649
9	0.01191	0.01143	0.01952	0.05207	0.77777	0.01149	0.01483	0.01480	0.01100	0.01573	0.00910	0.01202	0.00764	0.00433	0.00480	0.00144	0.00578	0.00432	0.00239	0.00761
10	0.01241	0.01226	0.05192	0.09163	0.14634	0.08848	0.08336	0.16767	0.05400	0.01739	0.02569	0.05266	0.02910	0.03216	0.03126	0.00187	0.06735	0.02478	0.00325	0.00642
11	0.00704	0.00471	0.00537	0.00537	0.00539	0.00474	0.00304	0.00710	0.00707	0.00946	0.01520	0.03131	0.01744	0.80442	0.04970	0.00480	0.00496	0.00699	0.00293	0.00298
12	0.11692	0.01364	0.01325	0.01206	0.08679	0.16890	0.00886	0.30213	0.04097	0.17212	0.01171	0.01180	0.00837	0.00542	0.00454	0.00143	0.00558	0.00404	0.00416	0.00731
13	0.01558	0.05204	0.01336	0.01061	0.01379	0.14771	0.00849	0.32585	0.29746	0.02248	0.01373	0.01346	0.01028	0.00587	0.00468	0.00146	0.00528	0.00448	0.02599	0.00740
14	0.04388	0.04534	0.06490	0.05406	0.15541	0.02756	0.22880	0.04559	0.04456	0.06810	0.01261	0.03344	0.03223	0.10271	0.00730	0.00190	0.00599	0.00530	0.01401	0.00629
15	0.01583	0.01839	0.01578	0.01759	0.24623	0.48657	0.03384	0.06133	0.01328	0.01422	0.00873	0.02939	0.00742	0.00506	0.00461	0.00134	0.00751	0.00387	0.00265	0.00636
16	0.01899	0.00976	0.01376	0.01053	0.01432	0.00931	0.10240	0.12028	0.10021	0.52118	0.01708	0.01563	0.01125	0.00580	0.00498	0.00153	0.00474	0.00498	0.00530	0.00797
17	0.00738	0.00572	0.00786	0.00766	0.00811	0.00670	0.00565	0.00844	0.00766	0.01087	0.01394	0.09350	0.01467	0.25879	0.40208	0.00559	0.12219	0.00636	0.00280	0.00403
18	0.01133	0.19064	0.41613	0.01302	0.05680	0.03691	0.06028	0.01580	0.05135	0.04762	0.03009	0.03075	0.00864	0.00502	0.00446	0.00144	0.00626	0.00406	0.00257	0.00683
19	0.01731	0.02152	0.03711	0.01229	0.01486	0.68668	0.00953	0.01931	0.05196	0.03500	0.00841	0.00956	0.00683	0.00525	0.00496	0.00132	0.04623	0.00335	0.00269	0.00583
20	0.01060	0.01060	0.01484	0.01272	0.01272	0.01484	0.01060	0.01166	0.00742	0.01166	0.00636	0.01060	0.00636	0.00848	0.01590	0.00212	0.82082	0.00424	0.00212	0.00530
21	0.00698	0.00521	0.00741	0.00843	0.05044	0.00491	0.02762	0.00833	0.01011	0.03052	0.07952	0.53001	0.09483	0.01395	0.02996	0.00206	0.00353	0.07742	0.00436	0.00442
22	0.04055	0.04007	0.01786	0.04250	0.27320	0.18210	0.14272	0.09222	0.01264	0.03688	0.01044	0.06722	0.00900	0.00538	0.00486	0.00147	0.00646	0.00486	0.00291	0.00666
23	0.01842	0.01357	0.01454	0.01115	0.01503	0.01503	0.00921	0.78330	0.02278	0.03054	0.01163	0.01163	0.00824	0.00582	0.00485	0.00145	0.00533	0.00436	0.00485	0.00824
24	0.01188	0.01185	0.01789	0.13733	0.57649	0.07700	0.01377	0.01456	0.01093	0.01479	0.00984	0.01270	0.02775	0.00482	0.00523	0.00148	0.03791	0.00437	0.00242	0.00700
25	0.01175	0.01121	0.01882	0.09625	0.69720	0.01148	0.01442	0.01517	0.04732	0.01574	0.00957	0.01236	0.00790	0.00447	0.00481	0.00146	0.00573	0.00437	0.00250	0.00748
26	0.01060	0.01060	0.01484	0.01272	0.01272	0.01484	0.01060	0.01166	0.00742	0.01166	0.00636	0.01060	0.00636	0.00848	0.01590	0.00212	0.82082	0.00424	0.00212	0.00530
27	0.01102	0.01060	0.01803	0.04537	0.36537	0.02972	0.17686	0.03171	0.01125	0.02853	0.05520	0.10874	0.03594	0.00635	0.00573	0.00159	0.04239	0.00611	0.00297	0.00652
28	0.01031	0.14552	0.44399	0.01357	0.07279	0.01159	0.07701	0.01433	0.01038	0.03104	0.01181	0.07380	0.03565	0.00574	0.00468	0.00151	0.00623	0.02092	0.00251	0.00662
29	0.01356	0.01066	0.02541	0.06375	0.05430	0.15933	0.03091	0.04584	0.02468	0.20694	0.04518	0.20147	0.03523	0.00908	0.03001	0.00179	0.00533	0.02642	0.00411	0.00602
30	0.05314	0.01331	0.30255	0.01011	0.01385	0.00808	0.04614	0.03049	0.01096	0.08911	0.10908	0.20169	0.03188	0.00876	0.02556	0.00178	0.00507	0.00691	0.02564	0.00592
31	0.01190	0.01102	0.09268	0.04800	0.35567	0.02651	0.04269	0.01453	0.01119	0.13224	0.02852	0.13691	0.05329	0.00676	0.00509	0.00156	0.00517	0.00616	0.00337	0.00674
32	0.04669	0.02471	0.07290	0.12352	0.41789	0.05788	0.04066	0.02982	0.04450	0.03557	0.01050	0.05482	0.00890	0.00518	0.00478	0.00150	0.00583	0.00471	0.00273	0.00689
33	0.02909	0.00928	0.04652	0.01029	0.06677	0.05118	0.03974	0.05438	0.02341	0.21208	0.05480	0.05858	0.05586	0.11343	0.09612	0.00261	0.02430	0.01720	0.00395	0.03039
34	0.01081	0.05478	0.08583	0.01048	0.07682	0.02961	0.00817	0.11702	0.03840	0.05643	0.16051	0.18695	0.03519	0.00830	0.00556	0.00154	0.03913	0.00701	0.00399	0.06347
35	0.02993	0.02337	0.18250	0.07230	0.12616	0.04365	0.07683	0.13221	0.01295	0.13933	0.03181	0.04458	0.00976	0.00556	0.00510	0.00151	0.02525	0.00472	0.00341	0.02906
36	0.05806	0.09015	0.10289	0.04914	0.05106	0.03248	0.05408	0.05911	0.07647	0.18186	0.02642	0.05411	0.04167	0.04498	0.01760	0.00173	0.02078	0.00509	0.00372	0.02859
37	0.08033	0.04169	0.06991	0.03507	0.03005	0.06927	0.05054	0.14621	0.05648	0.11028	0.07388	0.01841	0.07437	0.02848	0.02482	0.00174	0.02769	0.02472	0.01823	0.01784
38	0.04090	0.03119	0.09574	0.01258	0.05831	0.13305	0.09730	0.15225	0.08611	0.07109	0.01348	0.03489	0.04184	0.02962	0.00586	0.00161	0.03817	0.02639	0.00352	0.02611

[dist]
# distance from previous block
# <min> <max>
22	143

[block]
# block no. 3 follows, 52 sequences, length 14
# corresponding to MSA columns:
# 396-409
name=unknown_D
#
# <colnr> <probs for GDERKNQSTAVLIFYWHMCP>
#	G	D	E	R	K	N	Q	S	T	A	V	L	I	F	Y	W	H	M	C	P
0	0.16346	0.11631	0.16771	0.01052	0.01430	0.27554	0.00977	0.06933	0.03444	0.01589	0.00951	0.01061	0.02951	0.00576	0.02352	0.00150	0.00653	0.00346	0.00275	0.02958
1	0.02554	0.01014	0.08263	0.02704	0.05562	0.00792	0.02653	0.05966	0.02203	0.18594	0.02515	0.04990	0.03297	0.00537	0.00439	0.00121	0.00430	0.00449	0.02582	0.34335
2	0.00676	0.00527	0.00588	0.00596	0.00723	0.00483	0.00430	0.05856	0.01126	0.01424	0.08522	0.27211	0.43061	0.05680	0.00683	0.00188	0.00286	0.01062	0.00449	0.00429
3	0.03505	0.07763	0.05080	0.02474	0.09325	0.03341	0.00830	0.03264	0.16274	0.01618	0.01147	0.03631	0.00971	0.02251	0.00516	0.00131	0.04172	0.01481	0.00318	0.31906
4	0.06673	0.01071	0.08768	0.03359	0.04417	0.09901	0.02369	0.03172	0.03412	0.03240	0.15430	0.06516	0.13161	0.00740	0.00504	0.00144	0.02151	0.00609	0.04984	0.09378
5	0.01386	0.09282	0.05808	0.04920	0.05508	0.31054	0.00964	0.03670	0.19897	0.01471	0.01128	0.01298	0.00919	0.00726	0.04861	0.00178	0.04019	0.01971	0.00308	0.00630
6	0.01263	0.42368	0.10505	0.00964	0.01344	0.12062	0.04590	0.02987	0.01125	0.03550	0.08214	0.01292	0.03343	0.00522	0.00398	0.00124	0.00552	0.00389	0.03801	0.00607
7	0.00903	0.00452	0.00452	0.00452	0.00565	0.00452	0.00339	0.01129	0.01016	0.01807	0.01581	0.01807	0.01242	0.00565	0.00339	0.00113	0.00226	0.00452	0.85659	0.00452
8	0.00616	0.00458	0.00585	0.00660	0.00728	0.00412	0.00450	0.00713	0.00950	0.01267	0.02765	0.69758	0.10378	0.01413	0.00597	0.00185	0.00283	0.01271	0.00439	0.06071
9	0.00705	0.00470	0.00529	0.00529	0.00529	0.00470	0.00294	0.00705	0.00705	0.00940	0.01527	0.03171	0.01762	0.82969	0.02467	0.00470	0.00470	0.00705	0.00294	0.00294
10	0.00903	0.00452	0.00452	0.00452	0.00565	0.00452	0.00339	0.01129	0.01016	0.01807	0.01581	0.01807	0.01242	0.00565	0.00339	0.00113	0.00226	0.00452	0.85659	0.00452
11	0.06212	0.11993	0.03330	0.02219	0.05466	0.09534	0.00835	0.20812	0.04859	0.09425	0.01159	0.04955	0.00943	0.00796	0.06204	0.01595	0.00573	0.00434	0.00361	0.08296
12	0.01034	0.01020	0.01354	0.12848	0.01510	0.06267	0.02322	0.01182	0.00847	0.01209	0.02968	0.01340	0.00857	0.05478	0.05627	0.00239	0.50329	0.00455	0.02603	0.00513
13	0.01056	0.01095	0.07169	0.11054	0.07739	0.01202	0.06493	0.04366	0.02557	0.03196	0.07289	0.01549	0.05399	0.00725	0.00989	0.00181	0.36575	0.00505	0.00280	0.00582

[dist]
# distance from previous block
# <min> <max>
0	1

[block]
# block no. 4 follows, 52 sequences, length 25
# corresponding to MSA columns:
# 411-435
name=unknown_E
#
# <colnr> <probs for GDERKNQSTAVLIFYWHMCP>
#	G	D	E	R	K	N	Q	S	T	A	V	L	I	F	Y	W	H	M	C	P
0	0.05519	0.01190	0.01241	0.00989	0.01316	0.03429	0.00807	0.53360	0.04599	0.04058	0.01773	0.01743	0.13835	0.00691	0.00525	0.00151	0.03066	0.00526	0.00458	0.00723
1	0.04040	0.09769	0.08329	0.13019	0.09294	0.01249	0.02868	0.23351	0.04062	0.06559	0.05524	0.01459	0.01058	0.00581	0.00519	0.00151	0.04037	0.03092	0.00354	0.00685
2	0.01460	0.16488	0.01432	0.00966	0.01269	0.15673	0.00793	0.23034	0.12005	0.05332	0.14085	0.01561	0.01478	0.00614	0.00457	0.00137	0.00512	0.00471	0.01567	0.00666
3	0.00668	0.00486	0.00622	0.00694	0.00765	0.00467	0.00501	0.02624	0.02303	0.01377	0.07963	0.53284	0.09630	0.02559	0.02529	0.00209	0.00329	0.10706	0.01862	0.00423
4	0.03630	0.05978	0.17916	0.00945	0.01241	0.00875	0.03397	0.07907	0.04183	0.01627	0.12935	0.10947	0.05175	0.01288	0.13787	0.00264	0.00605	0.06380	0.00357	0.00561
5	0.07386	0.04049	0.09563	0.18454	0.30898	0.07216	0.01271	0.11044	0.01215	0.03113	0.00909	0.01136	0.00709	0.00473	0.00458	0.00146	0.00602	0.00399	0.00272	0.00685
6	0.15660	0.01912	0.01199	0.01086	0.01339	0.59234	0.00825	0.03872	0.01292	0.01436	0.02931	0.01088	0.03480	0.00533	0.00422	0.00131	0.00731	0.00349	0.01929	0.00553
7	0.00620	0.00465	0.00578	0.00633	0.00720	0.00424	0.00458	0.00753	0.01073	0.01406	0.17644	0.40906	0.23409	0.01328	0.00602	0.00182	0.00276	0.07642	0.00465	0.00414
8	0.01216	0.01138	0.09351	0.08949	0.32819	0.02199	0.05067	0.01542	0.03444	0.12001	0.01335	0.01969	0.01147	0.00627	0.00541	0.00163	0.02479	0.13006	0.00323	0.00683
9	0.01083	0.01075	0.01564	0.01553	0.14237	0.01429	0.01131	0.01219	0.00802	0.01235	0.00682	0.01083	0.00658	0.00780	0.01407	0.00201	0.68651	0.00425	0.00217	0.00569
10	0.00803	0.00608	0.00892	0.14226	0.01389	0.00643	0.00874	0.01043	0.01091	0.01415	0.02285	0.04778	0.02436	0.01198	0.00639	0.00213	0.00479	0.64119	0.00408	0.00461
11	0.02788	0.01098	0.01400	0.01143	0.01453	0.03308	0.13523	0.16129	0.35042	0.05427	0.05682	0.01876	0.01420	0.02906	0.00567	0.00170	0.00494	0.04431	0.00440	0.00706
12	0.01024	0.01125	0.11836	0.07403	0.28310	0.00970	0.03097	0.06455	0.04406	0.01670	0.13137	0.05751	0.07951	0.00683	0.00542	0.00156	0.02705	0.01804	0.00334	0.00641
13	0.01317	0.02020	0.12635	0.03623	0.05897	0.00886	0.03030	0.10506	0.03757	0.19190	0.10754	0.01816	0.03656	0.01515	0.00503	0.00144	0.00465	0.03142	0.00407	0.14738
14	0.01060	0.01060	0.01484	0.01272	0.01272	0.01484	0.01060	0.01166	0.00742	0.01166	0.00636	0.01060	0.00636	0.00848	0.01590	0.00212	0.82082	0.00424	0.00212	0.00530
15	0.06707	0.01192	0.01289	0.01046	0.01380	0.01314	0.00870	0.58907	0.04109	0.02709	0.01388	0.01868	0.01148	0.00701	0.00504	0.00159	0.00505	0.12994	0.00468	0.00742
16	0.00787	0.00564	0.00622	0.00604	0.00649	0.00591	0.00372	0.01013	0.13618	0.01119	0.01600	0.02947	0.01715	0.69405	0.02141	0.00419	0.00456	0.00679	0.00327	0.00372
17	0.00763	0.00569	0.00694	0.00659	0.00662	0.00641	0.00430	0.00786	0.00713	0.00983	0.01373	0.02782	0.01559	0.66870	0.04865	0.00437	0.13945	0.00652	0.00279	0.00337
18	0.00589	0.00483	0.00519	0.00528	0.00669	0.00413	0.00389	0.00720	0.01117	0.01380	0.14022	0.13791	0.61235	0.01232	0.00578	0.00166	0.00248	0.01047	0.00460	0.00413
19	0.01005	0.00861	0.01005	0.00718	0.01148	0.00646	0.00574	0.01220	0.01005	0.01579	0.00861	0.01005	0.00718	0.00359	0.00359	0.00072	0.00359	0.00287	0.00287	0.85932
20	0.01212	0.63432	0.02127	0.00816	0.01165	0.06090	0.00769	0.01378	0.01066	0.01275	0.13711	0.01274	0.01285	0.00578	0.01969	0.00126	0.00506	0.00369	0.00264	0.00588
21	0.00860	0.00561	0.00678	0.00642	0.00808	0.00497	0.00476	0.01041	0.03538	0.11633	0.15829	0.24721	0.25740	0.03353	0.00607	0.00170	0.00293	0.00944	0.00467	0.07140
22	0.00946	0.05355	0.61646	0.01240	0.01819	0.01052	0.03997	0.01395	0.00973	0.01421	0.00974	0.01377	0.00807	0.14053	0.00789	0.00204	0.00671	0.00418	0.00221	0.00641
23	0.00693	0.00507	0.00717	0.00711	0.00788	0.00559	0.00531	0.00848	0.00865	0.01230	0.14253	0.02391	0.01854	0.16009	0.55099	0.00626	0.00988	0.00608	0.00310	0.00414
24	0.00705	0.00454	0.00538	0.00570	0.00639	0.00433	0.00391	0.00839	0.00999	0.01458	0.15228	0.30455	0.07508	0.14586	0.00840	0.00211	0.00287	0.00920	0.22534	0.00404

[dist]
# distance from previous block
# <min> <max>
0	1

[block]
# block no. 5 follows, 52 sequences, length 24
# corresponding to MSA columns:
# 437-460
name=unknown_F
#
# <colnr> <probs for GDERKNQSTAVLIFYWHMCP>
#	G	D	E	R	K	N	Q	S	T	A	V	L	I	F	Y	W	H	M	C	P
0	0.00999	0.00801	0.03175	0.00811	0.01026	0.00795	0.01670	0.10927	0.17834	0.04779	0.32087	0.02713	0.09856	0.01107	0.08108	0.00215	0.00432	0.01605	0.00473	0.00585
1	0.01314	0.66830	0.02219	0.00838	0.01207	0.10225	0.00794	0.01472	0.01029	0.01208	0.00767	0.00884	0.00680	0.00438	0.00327	0.00107	0.00529	0.00283	0.08249	0.00599
2	0.00675	0.00517	0.00629	0.00679	0.00776	0.00496	0.00490	0.00911	0.08358	0.01398	0.09069	0.45755	0.17487	0.02461	0.00620	0.00188	0.00296	0.06881	0.00455	0.01857
3	0.03239	0.05579	0.29594	0.08414	0.20678	0.08634	0.02448	0.01467	0.01050	0.01469	0.00898	0.02528	0.00727	0.00535	0.01787	0.00155	0.03410	0.00394	0.01702	0.05294
4	0.65749	0.01020	0.04003	0.02691	0.01213	0.01068	0.07913	0.01519	0.00915	0.08933	0.00824	0.00933	0.00610	0.00460	0.00352	0.00152	0.00439	0.00319	0.00316	0.00571
5	0.00758	0.00471	0.00626	0.00696	0.00760	0.00438	0.00485	0.00855	0.00968	0.08665	0.02521	0.65319	0.02900	0.06588	0.00727	0.00211	0.00315	0.05811	0.00454	0.00431
6	0.00629	0.00456	0.00546	0.00613	0.00697	0.00416	0.00439	0.00749	0.01005	0.01329	0.03260	0.44938	0.26898	0.01324	0.00582	0.00181	0.00277	0.06792	0.08464	0.00408
7	0.02540	0.01102	0.10447	0.06952	0.11106	0.02664	0.02185	0.10988	0.13380	0.05545	0.04042	0.07854	0.03438	0.00738	0.02426	0.00169	0.01609	0.01812	0.10363	0.00643
8	0.00732	0.00553	0.00794	0.00777	0.00851	0.00653	0.00598	0.00886	0.00780	0.01143	0.01282	0.01954	0.01221	0.10736	0.63717	0.00675	0.07360	0.00526	0.04335	0.00428
9	0.00739	0.00460	0.00615	0.00692	0.00753	0.00424	0.00475	0.00833	0.00971	0.08671	0.02600	0.75034	0.03017	0.01432	0.00606	0.00192	0.00293	0.01294	0.00464	0.00434
10	0.66422	0.00974	0.00792	0.00692	0.00991	0.05347	0.00564	0.01565	0.00939	0.12668	0.00888	0.00956	0.00655	0.00478	0.00335	0.00147	0.00400	0.00304	0.04319	0.00564
11	0.01034	0.03752	0.58007	0.05748	0.03681	0.01089	0.07153	0.01514	0.01043	0.05413	0.02487	0.01181	0.00763	0.00624	0.04286	0.00183	0.00716	0.00401	0.00238	0.00688
12	0.01182	0.01134	0.01936	0.07747	0.75308	0.01147	0.01479	0.01472	0.01095	0.01562	0.00908	0.01205	0.00760	0.00435	0.00480	0.00145	0.00580	0.00432	0.00238	0.00754
13	0.00656	0.00491	0.00609	0.00586	0.00708	0.00444	0.00437	0.00854	0.01291	0.01769	0.59394	0.07624	0.21215	0.01068	0.00574	0.00157	0.00235	0.00933	0.00511	0.00444
14	0.43943	0.00924	0.00859	0.00747	0.01005	0.02139	0.00603	0.11595	0.05335	0.05977	0.02781	0.01373	0.02729	0.03613	0.00510	0.00162	0.04288	0.01734	0.09111	0.00572
15	0.03007	0.03236	0.07467	0.04290	0.02966	0.04988	0.11483	0.05050	0.03170	0.07429	0.21830	0.07464	0.08629	0.00828	0.02319	0.00168	0.00481	0.01430	0.03195	0.00570
16	0.55451	0.11079	0.04715	0.00713	0.01011	0.01091	0.00624	0.01369	0.00869	0.04760	0.00876	0.03370	0.00753	0.04267	0.07174	0.00212	0.00489	0.00347	0.00296	0.00536
17	0.01003	0.00916	0.01265	0.05895	0.25536	0.05486	0.00928	0.01165	0.00910	0.01270	0.01076	0.01756	0.01047	0.21446	0.09688	0.00303	0.15042	0.00502	0.04234	0.00533
18	0.00785	0.00640	0.04412	0.00705	0.00890	0.00523	0.02496	0.00973	0.01150	0.07208	0.15835	0.07655	0.35877	0.03001	0.00626	0.00181	0.00337	0.15781	0.00454	0.00472
19	0.00903	0.00452	0.00452	0.00452	0.00565	0.00452	0.00339	0.01129	0.01016	0.01807	0.01581	0.01807	0.01242	0.00565	0.00339	0.00113	0.00226	0.00452	0.85659	0.00452
20	0.00622	0.00462	0.00591	0.00669	0.00740	0.00419	0.00467	0.00727	0.00964	0.01277	0.02824	0.64556	0.11869	0.01411	0.00602	0.00188	0.00291	0.05837	0.00441	0.05043
21	0.00811	0.00431	0.00638	0.00644	0.00653	0.00436	0.00435	0.00656	0.00662	0.00891	0.01000	0.06095	0.01028	0.03790	0.08677	0.71700	0.00490	0.00490	0.00230	0.00242
22	0.00903	0.00452	0.00452	0.00452	0.00565	0.00452	0.00339	0.01129	0.01016	0.01807	0.01581	0.01807	0.01242	0.00565	0.00339	0.00113	0.00226	0.00452	0.85659	0.00452
23	0.06880	0.05634	0.02780	0.02692	0.01498	0.63885	0.00928	0.07606	0.01378	0.01391	0.00777	0.00897	0.00633	0.00498	0.00428	0.00128	0.00796	0.00319	0.00267	0.00584

[dist]
# distance from previous block
# <min> <max>
2	6

[block]
# block no. 6 follows, 52 sequences, length 24
# corresponding to MSA columns:
# 467-490
name=unknown_G
#
# <colnr> <probs for GDERKNQSTAVLIFYWHMCP>
#	G	D	E	R	K	N	Q	S	T	A	V	L	I	F	Y	W	H	M	C	P
0	0.00756	0.00513	0.00589	0.00578	0.00602	0.00523	0.00352	0.04051	0.00790	0.01057	0.01537	0.03107	0.01732	0.72932	0.05946	0.00462	0.00510	0.03331	0.00306	0.00328
1	0.17796	0.03577	0.01230	0.03474	0.03049	0.03382	0.11013	0.01175	0.00875	0.01415	0.01010	0.01416	0.00892	0.01921	0.37055	0.00439	0.07894	0.00445	0.00258	0.01684
2	0.03592	0.04765	0.01377	0.01053	0.01406	0.01423	0.00862	0.50728	0.25019	0.02646	0.01372	0.01330	0.01003	0.00594	0.00476	0.00149	0.00484	0.00458	0.00471	0.00792
3	0.01039	0.00688	0.00860	0.03642	0.02636	0.00695	0.00639	0.02727	0.17496	0.13902	0.13346	0.22752	0.09268	0.01006	0.00556	0.00173	0.00349	0.07171	0.00482	0.00574
4	0.01028	0.12697	0.33976	0.08636	0.09944	0.01206	0.11169	0.01405	0.01027	0.01423	0.01174	0.01365	0.07056	0.00531	0.00533	0.00152	0.05350	0.00444	0.00235	0.00649
5	0.04777	0.00859	0.01131	0.00870	0.01243	0.00769	0.00718	0.06699	0.01421	0.73412	0.01830	0.01595	0.01157	0.00594	0.00481	0.00150	0.00418	0.00477	0.00584	0.00815
6	0.01029	0.00603	0.00770	0.00683	0.00862	0.00569	0.00528	0.01345	0.07883	0.17206	0.54550	0.03003	0.03508	0.00868	0.00538	0.00151	0.00277	0.00754	0.04317	0.00555
7	0.01071	0.01125	0.02224	0.30661	0.14441	0.01161	0.39238	0.01430	0.01075	0.01445	0.00928	0.01286	0.00708	0.00439	0.00527	0.00160	0.00720	0.00500	0.00234	0.00630
8	0.05431	0.06525	0.01746	0.14115	0.14984	0.07569	0.15412	0.07371	0.01232	0.16362	0.01141	0.01391	0.00866	0.00515	0.00483	0.00150	0.00604	0.03095	0.00331	0.00677
9	0.01060	0.01060	0.01484	0.01272	0.01272	0.01484	0.01060	0.01166	0.00742	0.01166	0.00636	0.01060	0.00636	0.00848	0.01590	0.00212	0.82082	0.00424	0.00212	0.00530
10	0.00773	0.00553	0.00770	0.00870	0.00981	0.00550	0.00755	0.00997	0.01136	0.01490	0.08809	0.05317	0.02933	0.01311	0.00661	0.00217	0.00429	0.70548	0.00453	0.00447
11	0.01025	0.00805	0.00928	0.05462	0.02153	0.07625	0.03640	0.01304	0.08271	0.11469	0.10588	0.16003	0.21487	0.00971	0.00565	0.00166	0.01702	0.04864	0.00436	0.00536
12	0.01263	0.75160	0.10356	0.00885	0.01329	0.01838	0.00926	0.01459	0.00989	0.01180	0.00693	0.00802	0.00621	0.00419	0.00326	0.00109	0.00538	0.00269	0.00207	0.00631
13	0.01225	0.01139	0.01872	0.06413	0.68389	0.01160	0.01413	0.07679	0.01189	0.01679	0.00967	0.02919	0.00818	0.00469	0.00483	0.00146	0.00569	0.00452	0.00263	0.00754
14	0.66561	0.01067	0.00884	0.00754	0.01070	0.03817	0.00618	0.16933	0.01136	0.02319	0.00776	0.00866	0.00588	0.00478	0.00342	0.00148	0.00423	0.00299	0.00335	0.00586
15	0.01060	0.01060	0.01484	0.01272	0.01272	0.01484	0.01060	0.01166	0.00742	0.01166	0.00636	0.01060	0.00636	0.00848	0.01590	0.00212	0.82082	0.00424	0.00212	0.00530
16	0.01150	0.00741	0.00720	0.00662	0.00842	0.06071	0.00512	0.04586	0.13683	0.08194	0.01621	0.01793	0.01255	0.00597	0.00396	0.00129	0.00327	0.02274	0.53894	0.00555
17	0.01207	0.01131	0.01855	0.04180	0.64512	0.03529	0.04362	0.01487	0.01120	0.03930	0.01068	0.01543	0.00931	0.00510	0.00497	0.00151	0.00580	0.06410	0.00267	0.00729
18	0.00691	0.00512	0.00657	0.00732	0.00837	0.00486	0.00591	0.00856	0.01070	0.01371	0.05462	0.18527	0.21660	0.04907	0.00713	0.00213	0.00363	0.39486	0.00444	0.00422
19	0.07740	0.06417	0.00831	0.02951	0.00884	0.04241	0.00534	0.04292	0.00937	0.01305	0.01754	0.33804	0.01963	0.19229	0.10664	0.00310	0.00517	0.00844	0.00350	0.00433
20	0.01026	0.04544	0.01252	0.07553	0.01311	0.05131	0.04377	0.01357	0.13204	0.01319	0.01214	0.01753	0.02318	0.15420	0.04681	0.00254	0.27058	0.01630	0.04072	0.00527
21	0.07978	0.25276	0.51911	0.01164	0.01761	0.01347	0.01415	0.01502	0.00996	0.01475	0.00798	0.00934	0.00609	0.00447	0.00405	0.00139	0.00632	0.00322	0.00213	0.00674
22	0.63805	0.01100	0.04370	0.00776	0.01114	0.01181	0.00669	0.18572	0.01157	0.02342	0.00792	0.00881	0.00595	0.00480	0.00348	0.00149	0.00425	0.00305	0.00337	0.00600
23	0.05042	0.29899	0.30217	0.01011	0.01480	0.04818	0.01107	0.01484	0.01055	0.07542	0.03720	0.05051	0.04562	0.00559	0.00419	0.00137	0.00558	0.00423	0.00276	0.00639

[dist]
# distance from previous block
# <min> <max>
0	3

[block]
# block no. 7 follows, 52 sequences, length 18
# corresponding to MSA columns:
# 494-511
name=unknown_H
#
# <colnr> <probs for GDERKNQSTAVLIFYWHMCP>
#	G	D	E	R	K	N	Q	S	T	A	V	L	I	F	Y	W	H	M	C	P
0	0.01071	0.00565	0.00757	0.00749	0.00898	0.00521	0.00576	0.01220	0.01107	0.22748	0.05872	0.35226	0.05065	0.02688	0.02367	0.00201	0.00367	0.14623	0.02856	0.00524
1	0.01020	0.14373	0.69008	0.01300	0.01972	0.01242	0.01649	0.01522	0.01017	0.01477	0.00841	0.00987	0.00615	0.00454	0.00438	0.00146	0.00687	0.00344	0.00205	0.00702
2	0.00696	0.00506	0.00710	0.00710	0.00773	0.00568	0.00520	0.00821	0.00758	0.01074	0.01361	0.02253	0.01363	0.25477	0.59413	0.00694	0.01070	0.00570	0.00269	0.00394
3	0.01844	0.00910	0.01133	0.00900	0.01236	0.00883	0.00737	0.17789	0.07486	0.48383	0.09281	0.01874	0.01520	0.00662	0.00501	0.00153	0.00418	0.02960	0.00557	0.00773
4	0.01293	0.70861	0.05917	0.00867	0.01291	0.04344	0.00864	0.03017	0.01026	0.01222	0.00705	0.00812	0.00631	0.00420	0.00328	0.00106	0.00530	0.00270	0.00219	0.05278
5	0.00700	0.00487	0.00616	0.00616	0.00646	0.00517	0.00403	0.00761	0.00731	0.01004	0.01447	0.02728	0.01569	0.55200	0.29973	0.00578	0.00760	0.00640	0.00282	0.00342
6	0.00692	0.00519	0.00779	0.00779	0.00865	0.00606	0.00606	0.00865	0.00779	0.01125	0.01298	0.01904	0.01211	0.03634	0.81049	0.00779	0.01298	0.00519	0.00260	0.00433
7	0.01371	0.71365	0.02368	0.00891	0.01281	0.13542	0.00845	0.01522	0.01042	0.01147	0.00685	0.00792	0.00622	0.00427	0.00329	0.00107	0.00571	0.00267	0.00214	0.00613
8	0.00697	0.00502	0.00690	0.00690	0.00746	0.00557	0.00495	0.00808	0.00753	0.01059	0.01379	0.02354	0.01407	0.31797	0.53154	0.00669	0.01004	0.00585	0.00272	0.00383
9	0.01427	0.01374	0.13044	0.23151	0.02077	0.01315	0.01156	0.41944	0.05871	0.02280	0.01081	0.01213	0.00780	0.00541	0.00482	0.00152	0.00583	0.00429	0.00371	0.00727
10	0.01679	0.01238	0.01459	0.01304	0.10723	0.01332	0.02361	0.50725	0.10720	0.08742	0.01271	0.01276	0.00916	0.00563	0.00483	0.00146	0.00511	0.00450	0.00455	0.03646
11	0.04376	0.01301	0.01361	0.01064	0.01434	0.05640	0.00871	0.56837	0.06034	0.14223	0.01278	0.01241	0.00894	0.00580	0.00477	0.00146	0.00521	0.00438	0.00484	0.00798
12	0.00951	0.00624	0.00908	0.00846	0.00965	0.00719	0.00672	0.01119	0.00864	0.12761	0.01315	0.01773	0.01146	0.02880	0.60398	0.00624	0.10127	0.00504	0.00304	0.00501
13	0.01048	0.12970	0.01230	0.00734	0.01162	0.00833	0.00612	0.01254	0.01002	0.01515	0.00834	0.00971	0.00704	0.00367	0.00352	0.00076	0.00382	0.00283	0.00275	0.73396
14	0.01404	0.54962	0.06688	0.03340	0.01409	0.03069	0.00914	0.15996	0.02896	0.04087	0.00851	0.00931	0.00697	0.00463	0.00369	0.00119	0.00536	0.00318	0.00279	0.00671
15	0.03769	0.25323	0.03010	0.01009	0.01272	0.07559	0.05095	0.03166	0.01038	0.09667	0.05160	0.01299	0.00987	0.04245	0.04677	0.00190	0.18395	0.00412	0.00291	0.03437
16	0.03514	0.11252	0.17935	0.03141	0.14264	0.06133	0.11594	0.03986	0.01108	0.05452	0.02262	0.13161	0.01149	0.02299	0.00523	0.00158	0.00585	0.00556	0.00293	0.00635
17	0.07267	0.17299	0.21580	0.02393	0.02494	0.09444	0.03466	0.02565	0.03695	0.04247	0.03143	0.01649	0.13515	0.00596	0.00440	0.00139	0.00542	0.00463	0.00297	0.04769

[dist]
# distance from previous block
# <min> <max>
5	27

[block]
# block no. 8 follows, 52 sequences, length 15
# corresponding to MSA columns:
# 547-561
name=unknown_I
#
# <colnr> <probs for GDERKNQSTAVLIFYWHMCP>
#	G	D	E	R	K	N	Q	S	T	A	V	L	I	F	Y	W	H	M	C	P
0	0.01084	0.12646	0.24008	0.03675	0.01514	0.01046	0.05966	0.05899	0.06631	0.06633	0.11213	0.10585	0.03179	0.00679	0.00484	0.00150	0.00510	0.00577	0.00346	0.03176
1	0.00658	0.00511	0.00735	0.00742	0.00836	0.00489	0.05237	0.00798	0.00988	0.01326	0.09624	0.43329	0.13436	0.03107	0.11820	0.00271	0.00453	0.03335	0.01881	0.00424
2	0.01339	0.50067	0.07348	0.00994	0.03673	0.06417	0.00916	0.10258	0.03728	0.03290	0.02315	0.01247	0.00892	0.00521	0.00390	0.00125	0.00540	0.05010	0.00281	0.00648
3	0.23775	0.38905	0.09753	0.00876	0.01274	0.06387	0.00847	0.04720	0.04605	0.01588	0.00784	0.00880	0.00646	0.00450	0.00348	0.00126	0.00512	0.00295	0.00261	0.02966
4	0.07105	0.24576	0.24850	0.01049	0.01510	0.03495	0.01088	0.11434	0.10150	0.01703	0.00956	0.01042	0.00744	0.00490	0.00437	0.00135	0.02680	0.00352	0.00287	0.05917
5	0.17317	0.22799	0.16088	0.00952	0.01342	0.05785	0.00925	0.03135	0.20056	0.01700	0.04760	0.01222	0.01001	0.00524	0.00403	0.00141	0.00501	0.00384	0.00317	0.00649
6	0.00832	0.04717	0.00841	0.00770	0.00861	0.03112	0.00588	0.02742	0.03444	0.01215	0.01656	0.11601	0.01756	0.18323	0.19971	0.08415	0.02805	0.15605	0.00328	0.00418
7	0.01084	0.01649	0.31697	0.01476	0.01977	0.01117	0.29069	0.07477	0.06160	0.01667	0.04762	0.01464	0.00999	0.06445	0.00655	0.00180	0.00676	0.00503	0.00281	0.00663
8	0.00608	0.00435	0.00581	0.00686	0.00724	0.00408	0.00473	0.00709	0.00963	0.01287	0.06494	0.73505	0.03245	0.01480	0.00620	0.00196	0.00290	0.06444	0.00454	0.00400
9	0.00843	0.00677	0.00939	0.00953	0.08471	0.00658	0.05351	0.01204	0.10877	0.03466	0.37484	0.06424	0.16323	0.00902	0.00546	0.00156	0.00326	0.00799	0.03066	0.00534
10	0.00590	0.00422	0.00562	0.00675	0.00703	0.00394	0.00450	0.00675	0.00928	0.01237	0.02671	0.82653	0.03205	0.01518	0.00619	0.00197	0.00281	0.01378	0.00450	0.00394
11	0.01005	0.00861	0.01005	0.00718	0.01148	0.00646	0.00574	0.01220	0.01005	0.01579	0.00861	0.01005	0.00718	0.00359	0.00359	0.00072	0.00359	0.00287	0.00287	0.85932
12	0.01840	0.01418	0.01449	0.01124	0.01503	0.06600	0.00922	0.73434	0.02220	0.02934	0.01137	0.01145	0.00811	0.00576	0.00482	0.00144	0.00555	0.00428	0.00470	0.00807
13	0.86392	0.00937	0.00712	0.00637	0.00937	0.01087	0.00525	0.01425	0.00825	0.02174	0.00675	0.00787	0.00525	0.00450	0.00300	0.00150	0.00375	0.00262	0.00300	0.00525
14	0.01724	0.01034	0.01166	0.01062	0.07733	0.10079	0.00777	0.09913	0.04641	0.40501	0.08123	0.01886	0.07842	0.00658	0.00495	0.00148	0.00462	0.00535	0.00495	0.00723

[dist]
# distance from previous block
# <min> <max>
0	4

[block]
# block no. 9 follows, 52 sequences, length 14
# corresponding to MSA columns:
# 566-574,577-581
name=unknown_J
#
# <colnr> <probs for GDERKNQSTAVLIFYWHMCP>
#	G	D	E	R	K	N	Q	S	T	A	V	L	I	F	Y	W	H	M	C	P
0	0.00972	0.00895	0.03918	0.31643	0.09092	0.00948	0.00998	0.06842	0.11534	0.01645	0.16075	0.03586	0.06821	0.02305	0.00548	0.00164	0.00484	0.00590	0.00354	0.00585
1	0.00750	0.00525	0.00580	0.00548	0.00724	0.00447	0.00417	0.00897	0.01178	0.09191	0.17289	0.04190	0.59276	0.01125	0.00564	0.00160	0.00259	0.00945	0.00479	0.00458
2	0.79930	0.00916	0.00735	0.03431	0.01011	0.01061	0.00550	0.01397	0.00852	0.02133	0.03926	0.00921	0.00695	0.00473	0.00317	0.00150	0.00378	0.00293	0.00307	0.00523
3	0.01060	0.01060	0.01484	0.01272	0.01272	0.01484	0.01060	0.01166	0.00742	0.01166	0.00636	0.01060	0.00636	0.00848	0.01590	0.00212	0.82082	0.00424	0.00212	0.00530
4	0.00915	0.00861	0.01453	0.81804	0.03338	0.01077	0.01346	0.01238	0.00969	0.01238	0.00861	0.01292	0.00646	0.00484	0.00484	0.00161	0.00646	0.00431	0.00215	0.00538
5	0.01764	0.01358	0.06939	0.01122	0.01525	0.01360	0.03080	0.61124	0.02034	0.10723	0.01253	0.03312	0.00907	0.00595	0.00489	0.00148	0.00535	0.00464	0.00469	0.00801
6	0.00590	0.00422	0.00562	0.00675	0.00703	0.00394	0.00450	0.00675	0.00928	0.01237	0.02671	0.82653	0.03205	0.01518	0.00619	0.00197	0.00281	0.01378	0.00450	0.00394
7	0.01042	0.00736	0.01075	0.09625	0.05799	0.02331	0.05676	0.03375	0.01121	0.12080	0.01995	0.17844	0.02029	0.05058	0.00678	0.00202	0.00476	0.27916	0.00408	0.00534
8	0.00896	0.00810	0.01311	0.50424	0.11193	0.00952	0.01142	0.01170	0.01016	0.01357	0.08373	0.07819	0.03213	0.00659	0.00552	0.00164	0.03950	0.02452	0.02010	0.00538
9	0.00693	0.00516	0.00763	0.00763	0.00844	0.00597	0.00586	0.00855	0.00774	0.01113	0.01313	0.01985	0.01247	0.08745	0.75987	0.00759	0.01245	0.00531	0.00262	0.00424
10	0.00700	0.00512	0.00758	0.00758	0.00835	0.00590	0.00579	0.00846	0.00768	0.01102	0.01291	0.01957	0.01226	0.08110	0.72956	0.04603	0.01211	0.00525	0.00259	0.00415
11	0.01160	0.01148	0.01828	0.22818	0.53941	0.05662	0.03555	0.01451	0.01086	0.01472	0.00892	0.01207	0.00728	0.00448	0.00481	0.00148	0.00617	0.00429	0.00234	0.00695
12	0.01144	0.01307	0.02859	0.02042	0.02533	0.01225	0.78186	0.01552	0.01144	0.01552	0.00980	0.01307	0.00735	0.00408	0.00572	0.00163	0.00817	0.00572	0.00245	0.00654
13	0.01445	0.01552	0.01596	0.20483	0.14384	0.30963	0.06097	0.12561	0.01333	0.01551	0.00872	0.01098	0.00688	0.00501	0.00502	0.00144	0.02931	0.00396	0.00272	0.00631

[dist]
