[name]
unknown

[dist]
# distance from previous block
# <min> <max>
0	70

[block]
# block no. 0 follows, 53 sequences, length 24
# corresponding to MSA columns:
# 90-94,96-114
name=unknown_A
#
# <colnr> <probs for GDERKNQSTAVLIFYWHMCP>
#	G	D	E	R	K	N	Q	S	T	A	V	L	I	F	Y	W	H	M	C	P
0	0.02622	0.01823	0.09673	0.12548	0.06177	0.02991	0.00915	0.06556	0.06350	0.11094	0.06530	0.06278	0.01396	0.00659	0.00478	0.00147	0.00470	0.07767	0.03880	0.11648
1	0.02845	0.03203	0.08486	0.13435	0.19117	0.03228	0.05407	0.14162	0.08478	0.03223	0.06250	0.05520	0.02605	0.00591	0.00495	0.00151	0.01293	0.00514	0.00333	0.00663
2	0.00702	0.00623	0.03086	0.03938	0.05075	0.00545	0.00561	0.00940	0.04632	0.01548	0.28571	0.10789	0.32588	0.01016	0.00547	0.00157	0.00296	0.00877	0.00441	0.03067
3	0.00985	0.04505	0.05373	0.03128	0.02423	0.03983	0.02563	0.09567	0.04804	0.04700	0.12247	0.14985	0.19801	0.00916	0.00616	0.00162	0.07547	0.00755	0.00399	0.00541
4	0.00738	0.00586	0.00788	0.04000	0.03434	0.00569	0.02684	0.02271	0.01208	0.01663	0.46807	0.03281	0.16315	0.07773	0.00741	0.00179	0.03123	0.00797	0.00445	0.02598
5	0.03120	0.00740	0.07347	0.01869	0.05446	0.00628	0.00622	0.02958	0.02311	0.05817	0.16586	0.11685	0.04811	0.24448	0.07779	0.00295	0.00476	0.00714	0.01881	0.00470
6	0.01280	0.06942	0.08349	0.07912	0.09020	0.03425	0.04947	0.13664	0.03279	0.09363	0.01097	0.04654	0.00877	0.00505	0.00440	0.00127	0.00508	0.00423	0.00330	0.22861
7	0.01580	0.20339	0.01598	0.03771	0.01426	0.15726	0.00868	0.33679	0.06368	0.04926	0.04477	0.01175	0.00940	0.00541	0.00435	0.00132	0.00560	0.00396	0.00371	0.00692
8	0.09971	0.08491	0.32979	0.02803	0.03772	0.01065	0.03922	0.05061	0.03253	0.08274	0.04159	0.01180	0.00863	0.00517	0.00471	0.02696	0.00547	0.00381	0.00289	0.09305
9	0.06777	0.11472	0.08815	0.02688	0.09912	0.01114	0.11294	0.05870	0.09816	0.20013	0.05108	0.01387	0.01067	0.00522	0.00457	0.00144	0.00513	0.00450	0.00371	0.02210
10	0.09294	0.16280	0.32740	0.01172	0.01679	0.01223	0.10311	0.06065	0.03771	0.09624	0.01071	0.01160	0.02606	0.00485	0.00434	0.00143	0.00588	0.00391	0.00287	0.00676
11	0.00621	0.00461	0.00580	0.00613	0.00701	0.00420	0.00441	0.00771	0.01123	0.01509	0.32969	0.35083	0.18211	0.01237	0.00585	0.00172	0.00255	0.03355	0.00476	0.00417
12	0.25675	0.00740	0.00794	0.00692	0.00920	0.00760	0.03627	0.08590	0.01158	0.03765	0.16375	0.06814	0.16795	0.00769	0.00453	0.00148	0.00334	0.00627	0.07512	0.03454
13	0.01362	0.10013	0.04535	0.02801	0.02829	0.07482	0.14118	0.14187	0.08911	0.10095	0.03774	0.01421	0.01023	0.02825	0.00541	0.00148	0.02175	0.01977	0.00354	0.09432
14	0.01348	0.03616	0.20210	0.07270	0.13517	0.01051	0.05245	0.09309	0.04810	0.18805	0.04159	0.01369	0.00990	0.00531	0.00500	0.00149	0.02709	0.00446	0.03258	0.00708
15	0.00598	0.00432	0.00557	0.00637	0.00682	0.00401	0.00430	0.00696	0.00964	0.01287	0.11530	0.63768	0.08587	0.06165	0.00708	0.00202	0.00280	0.01240	0.00444	0.00391
16	0.05272	0.00830	0.03337	0.00811	0.01091	0.00775	0.02999	0.11356	0.05265	0.31168	0.04248	0.08366	0.01374	0.00656	0.00454	0.00144	0.00380	0.00544	0.20274	0.00656
17	0.08470	0.06135	0.07527	0.07358	0.08894	0.09729	0.12016	0.17258	0.03630	0.06037	0.00996	0.02408	0.00773	0.00527	0.00534	0.00149	0.06155	0.00425	0.00314	0.00663
18	0.00679	0.00546	0.03124	0.02330	0.00818	0.00504	0.00524	0.00812	0.02368	0.02684	0.04285	0.50368	0.07474	0.11216	0.05666	0.00255	0.02829	0.02705	0.00400	0.00414
19	0.00626	0.00478	0.00576	0.00589	0.00697	0.00434	0.00427	0.00802	0.02686	0.01533	0.33922	0.25275	0.27841	0.01185	0.00575	0.00166	0.00248	0.01037	0.00477	0.00425
20	0.01251	0.01614	0.37900	0.01176	0.01676	0.00962	0.08656	0.05977	0.03666	0.19036	0.06752	0.02417	0.04332	0.00572	0.00485	0.00152	0.00566	0.00486	0.01630	0.00694
21	0.01248	0.05639	0.22810	0.05723	0.16046	0.08105	0.12014	0.10100	0.03883	0.04731	0.01043	0.01326	0.00821	0.00507	0.00479	0.00149	0.00641	0.03764	0.00284	0.00686
22	0.00996	0.00810	0.01090	0.21407	0.13542	0.03299	0.00860	0.03894	0.06584	0.05958	0.03604	0.05635	0.16647	0.04015	0.02065	0.00175	0.00466	0.00611	0.07787	0.00556
23	0.02024	0.01002	0.02896	0.00934	0.01315	0.00939	0.00785	0.24581	0.01617	0.56241	0.01648	0.01474	0.01063	0.00583	0.00479	0.00147	0.00448	0.00463	0.00550	0.00811

[dist]
# distance from previous block
# <min> <max>
0	13

[block]
# block no. 1 follows, 53 sequences, length 23
# corresponding to MSA columns:
# 140-162
name=unknown_B
#
# <colnr> <probs for GDERKNQSTAVLIFYWHMCP>
#	G	D	E	R	K	N	Q	S	T	A	V	L	I	F	Y	W	H	M	C	P
0	0.42688	0.24514	0.01368	0.04604	0.02836	0.05018	0.00712	0.05096	0.02791	0.05507	0.00792	0.00890	0.00627	0.00455	0.00339	0.00134	0.00459	0.00296	0.00289	0.00585
1	0.00867	0.00747	0.01078	0.19140	0.06896	0.02198	0.05128	0.02219	0.04019	0.01474	0.17801	0.02411	0.10016	0.08442	0.03984	0.00209	0.04511	0.02336	0.06023	0.00501
2	0.00695	0.00463	0.00521	0.00521	0.00521	0.00463	0.00290	0.00695	0.00695	0.00927	0.01506	0.03128	0.01738	0.83203	0.02433	0.00463	0.00463	0.00695	0.00290	0.00290
3	0.01364	0.01049	0.01320	0.10602	0.18315	0.05879	0.00956	0.13413	0.15101	0.13690	0.03778	0.01556	0.01123	0.05279	0.04289	0.00194	0.00545	0.00480	0.00382	0.00685
4	0.00626	0.00473	0.00575	0.00586	0.00693	0.00426	0.00429	0.00783	0.01154	0.01536	0.36027	0.21121	0.27045	0.03192	0.00623	0.00173	0.00254	0.03391	0.00475	0.00419
5	0.77395	0.00912	0.00747	0.00653	0.00957	0.01032	0.00538	0.01506	0.00874	0.10673	0.00798	0.00869	0.00590	0.00460	0.00316	0.00148	0.00374	0.00283	0.00328	0.00550
6	0.00628	0.00445	0.00574	0.00624	0.00672	0.00419	0.00421	0.00740	0.01010	0.01380	0.25363	0.46751	0.03335	0.14296	0.00885	0.00224	0.00291	0.01107	0.00444	0.00391
7	0.01793	0.01327	0.01421	0.01095	0.01473	0.01471	0.00903	0.75763	0.05150	0.02974	0.01178	0.01171	0.00837	0.00577	0.00478	0.00144	0.00520	0.00434	0.00478	0.00811
8	0.86579	0.00924	0.00702	0.00629	0.00924	0.01072	0.00518	0.01405	0.00813	0.02144	0.00666	0.00776	0.00518	0.00444	0.00296	0.00148	0.00370	0.00259	0.00296	0.00518
9	0.86579	0.00924	0.00702	0.00629	0.00924	0.01072	0.00518	0.01405	0.00813	0.02144	0.00666	0.00776	0.00518	0.00444	0.00296	0.00148	0.00370	0.00259	0.00296	0.00518
10	0.01817	0.01339	0.01434	0.01100	0.01482	0.01482	0.00908	0.78627	0.02247	0.03012	0.01148	0.01148	0.00813	0.00574	0.00478	0.00143	0.00526	0.00430	0.00478	0.00813
11	0.00836	0.00537	0.00687	0.00707	0.00815	0.00514	0.00514	0.03759	0.04747	0.09515	0.14937	0.49384	0.05479	0.01233	0.00580	0.00179	0.00302	0.04323	0.00475	0.00477
12	0.03436	0.00619	0.00767	0.00676	0.00869	0.00582	0.00524	0.01333	0.07803	0.17164	0.45740	0.04458	0.06721	0.00846	0.00520	0.00148	0.00284	0.00728	0.03182	0.03600
13	0.03298	0.03016	0.03540	0.03902	0.32102	0.07592	0.12275	0.14595	0.08722	0.03471	0.01045	0.01210	0.00811	0.00478	0.00475	0.00144	0.00593	0.00438	0.00310	0.01985
14	0.00651	0.00476	0.00582	0.00621	0.00692	0.00457	0.00443	0.00751	0.00923	0.01197	0.05196	0.20612	0.20508	0.25135	0.07747	0.00314	0.00428	0.12507	0.00386	0.00376
15	0.00598	0.00426	0.00562	0.00652	0.00688	0.00399	0.00437	0.00693	0.00954	0.01284	0.11208	0.70326	0.03245	0.05246	0.00690	0.00202	0.00280	0.01273	0.00446	0.00391
16	0.04488	0.00928	0.03643	0.00846	0.02749	0.02378	0.00682	0.20454	0.08363	0.18951	0.02984	0.01537	0.01132	0.00573	0.00426	0.00136	0.00391	0.00453	0.28224	0.00662
17	0.02786	0.06451	0.20507	0.09445	0.21340	0.08700	0.08052	0.01516	0.02657	0.04552	0.00951	0.01164	0.01840	0.00498	0.00554	0.00150	0.07521	0.00408	0.00246	0.00659
18	0.34247	0.04239	0.22219	0.00890	0.01303	0.01048	0.00908	0.09009	0.01100	0.11983	0.01090	0.01150	0.02940	0.00505	0.00390	0.00145	0.00472	0.00361	0.05372	0.00630
19	0.00607	0.00443	0.00570	0.00663	0.00716	0.00413	0.00467	0.00708	0.00950	0.01243	0.02853	0.60539	0.12687	0.04722	0.00684	0.00204	0.00300	0.10402	0.00437	0.00392
20	0.01138	0.00885	0.01172	0.02781	0.06086	0.00763	0.04918	0.04812	0.01106	0.09891	0.03947	0.02470	0.03338	0.00479	0.00451	0.00105	0.03051	0.00400	0.00331	0.51876
21	0.05643	0.09053	0.01570	0.07081	0.18968	0.06285	0.06846	0.09114	0.08019	0.12872	0.01234	0.03885	0.00998	0.00559	0.00465	0.00146	0.00532	0.03808	0.00348	0.02575
22	0.00972	0.00588	0.00749	0.07492	0.01024	0.00551	0.00556	0.03156	0.01152	0.17563	0.11522	0.21786	0.27166	0.01033	0.00544	0.00163	0.00322	0.00891	0.02258	0.00511

[dist]
# distance from previous block
# <min> <max>
0	5

[block]
# block no. 2 follows, 53 sequences, length 31
# corresponding to MSA columns:
# 174-204
name=unknown_C
#
# <colnr> <probs for GDERKNQSTAVLIFYWHMCP>
#	G	D	E	R	K	N	Q	S	T	A	V	L	I	F	Y	W	H	M	C	P
0	0.04947	0.13912	0.05019	0.04894	0.16001	0.11501	0.04486	0.07820	0.07572	0.08074	0.02262	0.01163	0.00844	0.00480	0.00430	0.00131	0.00550	0.00387	0.00311	0.09215
1	0.01188	0.00854	0.02187	0.00843	0.01074	0.02297	0.00663	0.07086	0.31145	0.13722	0.10709	0.14264	0.05331	0.00827	0.00511	0.00160	0.00364	0.02240	0.03892	0.00641
2	0.06509	0.59918	0.03497	0.00883	0.03248	0.01650	0.00814	0.06143	0.04180	0.05315	0.00844	0.00921	0.00705	0.00446	0.00340	0.00114	0.00488	0.00301	0.03049	0.00635
3	0.00838	0.00509	0.00668	0.00634	0.00713	0.00490	0.00440	0.01869	0.02781	0.01107	0.01155	0.08201	0.01158	0.09821	0.04630	0.46174	0.00421	0.00513	0.06877	0.11000
4	0.08898	0.06754	0.03042	0.00965	0.01317	0.01228	0.02197	0.39524	0.06412	0.14951	0.01248	0.01337	0.00928	0.06216	0.00584	0.00163	0.00484	0.00434	0.00434	0.02884
5	0.03192	0.01079	0.01808	0.15830	0.58976	0.01145	0.02599	0.01404	0.01036	0.01491	0.00868	0.01181	0.00722	0.00463	0.00546	0.00150	0.06158	0.00423	0.00232	0.00696
6	0.00830	0.00415	0.00623	0.00623	0.00623	0.00415	0.00415	0.00623	0.00623	0.00830	0.00830	0.01453	0.00830	0.01660	0.01868	0.86094	0.00415	0.00415	0.00208	0.00208
7	0.00909	0.00819	0.01316	0.23301	0.14248	0.00882	0.08800	0.01274	0.09766	0.01440	0.09409	0.13819	0.01624	0.06474	0.03648	0.00205	0.00531	0.00657	0.00323	0.00554
8	0.00662	0.00471	0.00575	0.00584	0.00668	0.00434	0.00406	0.00790	0.01072	0.02823	0.30759	0.22746	0.17900	0.16846	0.00931	0.00223	0.00290	0.00972	0.00447	0.00402
9	0.16086	0.00590	0.00635	0.00593	0.00701	0.00601	0.00398	0.01035	0.00824	0.11509	0.01531	0.05707	0.03471	0.50761	0.03391	0.00355	0.00444	0.00620	0.00339	0.00408
10	0.00687	0.00465	0.00533	0.00545	0.00558	0.00461	0.00324	0.00707	0.00742	0.00982	0.01753	0.07892	0.05023	0.71398	0.02170	0.00424	0.00443	0.04275	0.00312	0.00307
11	0.00942	0.00464	0.00482	0.00469	0.00593	0.00458	0.00355	0.01163	0.01031	0.05430	0.04130	0.01833	0.01330	0.00572	0.00348	0.00114	0.00231	0.00461	0.79131	0.00463
12	0.01278	0.83490	0.02505	0.00818	0.01227	0.01891	0.00818	0.01431	0.00971	0.01125	0.00664	0.00767	0.00613	0.00409	0.00307	0.00102	0.00511	0.00256	0.00204	0.00613
13	0.00959	0.02472	0.80726	0.01362	0.02069	0.01110	0.01766	0.01514	0.01009	0.01514	0.00858	0.01009	0.00605	0.00454	0.00454	0.00151	0.00706	0.00353	0.00202	0.00706
14	0.00903	0.00850	0.01434	0.82054	0.03292	0.01062	0.01327	0.01221	0.00956	0.01221	0.00850	0.01274	0.00637	0.00478	0.00478	0.00159	0.00637	0.00425	0.00212	0.00531
15	0.00654	0.00502	0.00667	0.03312	0.00822	0.00510	0.00509	0.00802	0.01022	0.01389	0.23319	0.28731	0.14090	0.03669	0.14179	0.00280	0.03761	0.00948	0.00414	0.00421
16	0.00719	0.00494	0.00649	0.00614	0.00730	0.00455	0.00459	0.00934	0.01323	0.04508	0.72043	0.08947	0.04306	0.01000	0.00564	0.00153	0.00235	0.00885	0.00523	0.00459
17	0.03030	0.06577	0.01176	0.02876	0.01251	0.00897	0.00664	0.14328	0.02784	0.01787	0.00905	0.01021	0.00728	0.00406	0.00376	0.00091	0.00402	0.00314	0.00313	0.60072
18	0.00798	0.00763	0.08393	0.00781	0.00945	0.00611	0.05890	0.02751	0.02802	0.02659	0.05199	0.21787	0.04649	0.33567	0.01288	0.00282	0.00439	0.00794	0.00345	0.05257
19	0.01292	0.40325	0.15611	0.00959	0.01375	0.07739	0.00957	0.07949	0.07139	0.05179	0.01186	0.01229	0.06168	0.00519	0.00396	0.00127	0.00540	0.00375	0.00286	0.00647
20	0.01363	0.41508	0.02021	0.01046	0.01358	0.08119	0.04481	0.15440	0.01193	0.01495	0.00765	0.00924	0.00658	0.00532	0.00615	0.00136	0.17119	0.00339	0.00260	0.00628
21	0.04098	0.02188	0.10090	0.01150	0.09918	0.04904	0.03855	0.05400	0.01145	0.12724	0.01123	0.01408	0.00903	0.00496	0.00433	0.00121	0.00484	0.05616	0.00329	0.33616
22	0.01096	0.37299	0.47102	0.01128	0.01707	0.01446	0.01358	0.01478	0.00993	0.01346	0.00775	0.00905	0.00609	0.00435	0.00391	0.00130	0.00622	0.00311	0.00203	0.00666
23	0.01657	0.01205	0.01293	0.01000	0.01355	0.01308	0.00821	0.64639	0.02022	0.02775	0.01173	0.01208	0.00852	0.00557	0.00453	0.00135	0.00480	0.00422	0.10022	0.06624
24	0.01288	0.01280	0.01109	0.01013	0.01260	0.20010	0.00774	0.02262	0.55593	0.01750	0.01708	0.07130	0.01377	0.00670	0.00482	0.00155	0.00485	0.00542	0.00427	0.00684
25	0.00777	0.00545	0.00753	0.00728	0.00792	0.00617	0.00536	0.00883	0.00766	0.04432	0.01317	0.02172	0.01308	0.26959	0.46831	0.02811	0.06537	0.00556	0.00276	0.00403
26	0.56487	0.01056	0.01063	0.01205	0.18625	0.04316	0.00777	0.06878	0.02631	0.02034	0.00781	0.00917	0.00615	0.00455	0.00357	0.00146	0.00445	0.00316	0.00297	0.00598
27	0.05039	0.00702	0.02761	0.00770	0.00972	0.00642	0.03346	0.05773	0.03971	0.18730	0.14537	0.24847	0.10185	0.04723	0.00621	0.00178	0.00354	0.00838	0.00465	0.00548
28	0.00678	0.00508	0.00742	0.00740	0.00826	0.00579	0.00570	0.00841	0.00798	0.01136	0.04075	0.02099	0.04508	0.06864	0.71912	0.00710	0.01167	0.00552	0.00274	0.00421
29	0.01073	0.01184	0.09810	0.21038	0.48969	0.01096	0.03648	0.01392	0.01038	0.01458	0.00901	0.01218	0.00731	0.00568	0.03734	0.00173	0.00634	0.00426	0.00228	0.00683
30	0.01379	0.12519	0.02822	0.09264	0.10013	0.16895	0.05116	0.10035	0.16337	0.05564	0.01133	0.01238	0.00876	0.00590	0.02489	0.00155	0.00602	0.00414	0.01897	0.00663

[dist]
# distance from previous block
# <min> <max>
5	7

[block]
# block no. 3 follows, 53 sequences, length 14
# corresponding to MSA columns:
# 212-225
name=unknown_D
#
# <colnr> <probs for GDERKNQSTAVLIFYWHMCP>
#	G	D	E	R	K	N	Q	S	T	A	V	L	I	F	Y	W	H	M	C	P
0	0.01265	0.01241	0.05961	0.00968	0.04615	0.15853	0.00763	0.09095	0.01194	0.05313	0.00967	0.01151	0.00787	0.04258	0.00493	0.00119	0.00499	0.00347	0.03611	0.41500
1	0.00668	0.00533	0.00601	0.00606	0.00738	0.00492	0.00436	0.00896	0.08312	0.01366	0.08287	0.27414	0.35067	0.06823	0.00688	0.00186	0.00286	0.00999	0.00434	0.05168
2	0.01150	0.00977	0.01347	0.01248	0.12375	0.02499	0.09921	0.05914	0.12302	0.06211	0.01284	0.09586	0.01107	0.00558	0.00456	0.00127	0.00456	0.00503	0.00345	0.31634
3	0.09778	0.09159	0.35430	0.03010	0.05482	0.02695	0.05539	0.02613	0.01051	0.05334	0.04925	0.03495	0.00922	0.00502	0.00434	0.00140	0.00570	0.00406	0.00270	0.08244
4	0.05538	0.13367	0.29256	0.01180	0.02855	0.06272	0.05930	0.12725	0.06361	0.01717	0.00929	0.01044	0.00708	0.00474	0.00447	0.00136	0.02017	0.00364	0.00279	0.08402
5	0.07927	0.01239	0.02012	0.10437	0.05708	0.10659	0.39911	0.01523	0.01109	0.05238	0.02786	0.01274	0.00815	0.00468	0.00531	0.00153	0.03206	0.00481	0.03916	0.00608
6	0.00717	0.00599	0.04616	0.00594	0.00701	0.00516	0.00439	0.00893	0.04583	0.01348	0.20865	0.03223	0.14663	0.37951	0.01383	0.00291	0.00366	0.00747	0.05108	0.00398
7	0.00625	0.00472	0.00558	0.00576	0.00671	0.00432	0.00411	0.00748	0.01043	0.01357	0.20037	0.19277	0.30983	0.13951	0.03356	0.00233	0.00320	0.04124	0.00432	0.00396
8	0.01194	0.00945	0.01202	0.07072	0.13713	0.02846	0.02117	0.08568	0.17484	0.08548	0.03999	0.01718	0.08414	0.00651	0.00547	0.04892	0.00442	0.00498	0.00374	0.14777
9	0.00715	0.00507	0.00582	0.00572	0.00725	0.00441	0.00435	0.00863	0.01144	0.07249	0.18499	0.11523	0.48442	0.01154	0.00568	0.00165	0.00265	0.05237	0.00470	0.00443
10	0.01453	0.32265	0.01859	0.05691	0.08131	0.35802	0.02790	0.01622	0.01149	0.01211	0.00740	0.00891	0.00634	0.00448	0.00391	0.00118	0.00675	0.00310	0.00229	0.03590
11	0.01037	0.00894	0.02677	0.00956	0.05629	0.00767	0.05711	0.05353	0.05687	0.03452	0.03425	0.01392	0.03561	0.00751	0.07947	0.00165	0.00488	0.00405	0.03074	0.46628
12	0.13624	0.11928	0.09530	0.00987	0.01332	0.07336	0.01833	0.27586	0.03398	0.04015	0.01071	0.05648	0.00875	0.00579	0.00476	0.00143	0.04257	0.00424	0.04301	0.00657
13	0.00712	0.03256	0.00769	0.00743	0.00831	0.00543	0.03504	0.05130	0.01046	0.01402	0.10479	0.60886	0.02957	0.02753	0.00619	0.00188	0.00321	0.02989	0.00436	0.00435

[dist]
# distance from previous block
# <min> <max>
1	20

[block]
# block no. 4 follows, 53 sequences, length 12
# corresponding to MSA columns:
# 247-258
name=unknown_E
#
# <colnr> <probs for GDERKNQSTAVLIFYWHMCP>
#	G	D	E	R	K	N	Q	S	T	A	V	L	I	F	Y	W	H	M	C	P
0	0.01161	0.08386	0.43231	0.01259	0.04293	0.05915	0.04555	0.03876	0.02669	0.08929	0.02844	0.06659	0.00954	0.00562	0.00491	0.00150	0.02659	0.00453	0.00282	0.00671
1	0.03463	0.15978	0.41582	0.01328	0.08402	0.02789	0.04451	0.01626	0.01071	0.13548	0.00982	0.01079	0.00711	0.00463	0.00434	0.00141	0.00613	0.00367	0.00270	0.00701
2	0.01776	0.00776	0.00991	0.00787	0.01093	0.00714	0.00640	0.09455	0.01394	0.53092	0.09071	0.01787	0.01465	0.00620	0.00465	0.00142	0.00372	0.00506	0.14132	0.00721
3	0.02122	0.00849	0.01131	0.00867	0.01238	0.00755	0.00716	0.07478	0.01427	0.75320	0.01836	0.01594	0.01158	0.00590	0.00480	0.00148	0.00415	0.00477	0.00584	0.00813
4	0.01283	0.04732	0.18134	0.04580	0.19847	0.02820	0.05063	0.06243	0.06335	0.15148	0.06428	0.02949	0.03181	0.00561	0.00479	0.00148	0.00537	0.00485	0.00347	0.00699
5	0.01321	0.71495	0.07957	0.00859	0.01286	0.01746	0.00876	0.01505	0.01004	0.07145	0.00770	0.00849	0.00656	0.00426	0.00330	0.00109	0.00517	0.00279	0.00233	0.00635
6	0.00683	0.00512	0.00768	0.00768	0.00853	0.00597	0.00597	0.00853	0.00768	0.01110	0.01280	0.01878	0.01195	0.03585	0.81308	0.00768	0.01280	0.00512	0.00256	0.00427
7	0.01207	0.01186	0.21847	0.00991	0.05269	0.00788	0.00923	0.04489	0.05028	0.22674	0.06900	0.02360	0.22825	0.00741	0.00501	0.00153	0.00441	0.00613	0.00418	0.00646
8	0.01254	0.03066	0.11292	0.13323	0.23029	0.03183	0.14162	0.10809	0.03983	0.06481	0.01006	0.01215	0.00762	0.00486	0.00527	0.00151	0.03849	0.00441	0.00288	0.00693
9	0.01128	0.01096	0.01907	0.06057	0.60629	0.01097	0.10220	0.01446	0.03044	0.01540	0.01137	0.01465	0.04106	0.00487	0.00493	0.00148	0.00577	0.02457	0.00256	0.00711
10	0.00627	0.00468	0.00592	0.00665	0.00750	0.00433	0.00498	0.00760	0.01029	0.01331	0.08235	0.40661	0.22214	0.01352	0.00607	0.00189	0.00302	0.18430	0.00448	0.00408
11	0.01373	0.03005	0.04487	0.25515	0.15532	0.04179	0.01095	0.10069	0.01224	0.19807	0.01204	0.05414	0.00928	0.00568	0.00516	0.00152	0.03441	0.00474	0.00346	0.00668

[dist]
# distance from previous block
# <min> <max>
2	16

[block]
# block no. 5 follows, 53 sequences, length 24
# corresponding to MSA columns:
# 277-300
name=unknown_F
#
# <colnr> <probs for GDERKNQSTAVLIFYWHMCP>
#	G	D	E	R	K	N	Q	S	T	A	V	L	I	F	Y	W	H	M	C	P
0	0.00709	0.02559	0.02529	0.00675	0.02089	0.00544	0.00498	0.00927	0.05731	0.01457	0.23557	0.19916	0.18876	0.11871	0.00801	0.00202	0.00314	0.03199	0.00428	0.03119
1	0.00987	0.03706	0.01022	0.00703	0.01107	0.00673	0.00562	0.01188	0.00977	0.01513	0.00874	0.01084	0.00753	0.04252	0.00450	0.00090	0.00365	0.00302	0.00281	0.79114
2	0.01009	0.00964	0.07374	0.24877	0.10711	0.00919	0.05824	0.09531	0.01244	0.03118	0.22965	0.01903	0.01791	0.00621	0.00497	0.00150	0.00493	0.00553	0.04872	0.00585
3	0.00689	0.00461	0.00523	0.00529	0.00531	0.00459	0.00298	0.00693	0.00707	0.00943	0.01567	0.07436	0.01815	0.78789	0.02334	0.00449	0.00453	0.00731	0.00298	0.00295
4	0.01244	0.71560	0.02354	0.00881	0.01231	0.01829	0.00851	0.01391	0.00937	0.01128	0.00659	0.00807	0.00615	0.00471	0.00489	0.00118	0.12350	0.00279	0.00205	0.00600
5	0.00674	0.00454	0.00584	0.00649	0.00716	0.00427	0.00464	0.00805	0.01014	0.02801	0.13803	0.48918	0.06307	0.03727	0.00633	0.00189	0.00288	0.08794	0.08337	0.00413
6	0.00584	0.00422	0.00554	0.00655	0.00692	0.00391	0.00440	0.00674	0.00937	0.01245	0.05103	0.76610	0.06992	0.01467	0.00606	0.00191	0.00274	0.01326	0.00446	0.00391
7	0.00593	0.00438	0.00556	0.00635	0.00696	0.00401	0.00440	0.00698	0.00987	0.01296	0.09369	0.60598	0.16473	0.01400	0.00600	0.00186	0.00272	0.03516	0.00450	0.00398
8	0.00582	0.00416	0.00555	0.00666	0.00693	0.00388	0.00444	0.00666	0.00915	0.01220	0.02634	0.82891	0.03161	0.01497	0.00610	0.00194	0.00277	0.01359	0.00444	0.00388
9	0.86579	0.00924	0.00702	0.00629	0.00924	0.01072	0.00518	0.01405	0.00813	0.02144	0.00666	0.00776	0.00518	0.00444	0.00296	0.00148	0.00370	0.00259	0.00296	0.00518
10	0.00742	0.00526	0.00701	0.00763	0.00879	0.00505	0.00635	0.00940	0.01138	0.03121	0.17197	0.10365	0.12840	0.01240	0.00623	0.00196	0.00363	0.46324	0.00460	0.00442
11	0.86579	0.00924	0.00702	0.00629	0.00924	0.01072	0.00518	0.01405	0.00813	0.02144	0.00666	0.00776	0.00518	0.00444	0.00296	0.00148	0.00370	0.00259	0.00296	0.00518
12	0.00991	0.03406	0.01069	0.00742	0.01156	0.00682	0.02483	0.01202	0.00992	0.01533	0.00902	0.03520	0.00781	0.00392	0.00366	0.00078	0.00368	0.00322	0.00285	0.78732
13	0.01278	0.83490	0.02505	0.00818	0.01227	0.01891	0.00818	0.01431	0.00971	0.01125	0.00664	0.00767	0.00613	0.00409	0.00307	0.00102	0.00511	0.00256	0.00204	0.00613
14	0.86579	0.00924	0.00702	0.00629	0.00924	0.01072	0.00518	0.01405	0.00813	0.02144	0.00666	0.00776	0.00518	0.00444	0.00296	0.00148	0.00370	0.00259	0.00296	0.00518
15	0.01046	0.01046	0.01464	0.01255	0.01255	0.01464	0.01046	0.01150	0.00732	0.01150	0.00627	0.01046	0.00627	0.00837	0.01569	0.00209	0.82328	0.00418	0.00209	0.00523
16	0.01090	0.00938	0.00987	0.00896	0.01147	0.01061	0.00695	0.02242	0.66499	0.01902	0.04742	0.02214	0.12043	0.00734	0.00499	0.00162	0.00355	0.00613	0.00482	0.00700
17	0.03504	0.00490	0.00509	0.00485	0.00623	0.00485	0.00371	0.01225	0.01028	0.08428	0.01561	0.01739	0.01201	0.00556	0.00345	0.00116	0.00243	0.00443	0.76170	0.00479
18	0.01817	0.01339	0.01434	0.01100	0.01482	0.01482	0.00908	0.78627	0.02247	0.03012	0.01148	0.01148	0.00813	0.00574	0.00478	0.00143	0.00526	0.00430	0.00478	0.00813
19	0.00582	0.00416	0.00555	0.00666	0.00693	0.00388	0.00444	0.00666	0.00915	0.01220	0.02634	0.82891	0.03161	0.01497	0.00610	0.00194	0.00277	0.01359	0.00444	0.00388
20	0.00695	0.00463	0.00521	0.00521	0.00521	0.00463	0.00290	0.00695	0.00695	0.00927	0.01506	0.03128	0.01738	0.83203	0.02433	0.00463	0.00463	0.00695	0.00290	0.00290
21	0.00991	0.00850	0.00991	0.00708	0.01133	0.00637	0.00566	0.01203	0.00991	0.01557	0.00850	0.00991	0.00708	0.00354	0.00354	0.00071	0.00354	0.00283	0.00283	0.86124
22	0.46614	0.18925	0.06673	0.00828	0.01171	0.13789	0.00743	0.03888	0.00989	0.01758	0.00705	0.00815	0.00569	0.00449	0.00336	0.00134	0.00505	0.00278	0.00268	0.00566
23	0.01062	0.05124	0.01595	0.01278	0.01327	0.01470	0.05588	0.01187	0.00767	0.01171	0.00649	0.01046	0.00632	0.00790	0.01447	0.00201	0.73501	0.00419	0.00211	0.00534

[dist]
# distance from previous block
# <min> <max>
0	1

[block]
# block no. 6 follows, 53 sequences, length 57
# corresponding to MSA columns:
# 302-358
name=unknown_G
#
# <colnr> <probs for GDERKNQSTAVLIFYWHMCP>
#	G	D	E	R	K	N	Q	S	T	A	V	L	I	F	Y	W	H	M	C	P
0	0.01143	0.00992	0.03813	0.19763	0.14711	0.02279	0.01977	0.03329	0.01066	0.08601	0.00952	0.01152	0.00738	0.00441	0.00458	0.00120	0.02818	0.00371	0.00286	0.34990
1	0.00681	0.00464	0.00598	0.00666	0.00733	0.00434	0.00460	0.00821	0.03427	0.05065	0.08077	0.65080	0.08952	0.01370	0.00593	0.00185	0.00280	0.01231	0.00458	0.00425
2	0.00589	0.00417	0.00552	0.00660	0.00690	0.00390	0.00441	0.00676	0.00917	0.01233	0.02610	0.81020	0.03117	0.01476	0.00604	0.00192	0.00276	0.01338	0.02413	0.00390
3	0.03321	0.17889	0.14509	0.01564	0.11925	0.08960	0.22032	0.04711	0.06239	0.01515	0.00917	0.01096	0.00722	0.00456	0.00475	0.00142	0.02200	0.00410	0.00254	0.00663
4	0.00955	0.06170	0.70919	0.01285	0.01932	0.01099	0.01628	0.01465	0.01028	0.01514	0.05052	0.01235	0.00862	0.00500	0.00458	0.00151	0.00666	0.02175	0.00225	0.00682
5	0.01274	0.03821	0.10550	0.08407	0.10704	0.06795	0.04651	0.08789	0.29052	0.06526	0.01441	0.01475	0.03252	0.00562	0.00476	0.00151	0.00530	0.00471	0.00368	0.00706
6	0.01383	0.06808	0.19692	0.01515	0.14989	0.05101	0.07050	0.26815	0.07418	0.03064	0.01046	0.01150	0.00782	0.00500	0.00466	0.00144	0.00597	0.00414	0.00330	0.00737
7	0.00961	0.02731	0.01245	0.11466	0.26905	0.00834	0.00947	0.03154	0.03365	0.03889	0.18123	0.15231	0.02101	0.00801	0.00525	0.00160	0.00435	0.06180	0.00366	0.00582
8	0.00807	0.00506	0.00652	0.00651	0.00726	0.00498	0.00460	0.02451	0.04994	0.03799	0.03616	0.19882	0.17306	0.01396	0.01155	0.37916	0.01724	0.00757	0.00345	0.00358
9	0.00658	0.00488	0.00613	0.00582	0.00703	0.00443	0.00436	0.00866	0.01309	0.01812	0.67436	0.03742	0.17107	0.01016	0.00564	0.00152	0.00228	0.00888	0.00512	0.00443
10	0.04427	0.00858	0.01079	0.00846	0.01190	0.00804	0.00694	0.10980	0.05128	0.59029	0.01843	0.01655	0.03596	0.00605	0.00470	0.00147	0.00403	0.00486	0.04989	0.00770
11	0.01156	0.00845	0.00996	0.00759	0.01104	0.00731	0.00598	0.10458	0.03354	0.08406	0.01053	0.01266	0.00863	0.05132	0.03149	0.06661	0.00419	0.00365	0.00332	0.52351
12	0.00597	0.00573	0.04317	0.00554	0.00725	0.00441	0.00446	0.00747	0.01099	0.01363	0.12585	0.11127	0.61405	0.01174	0.00563	0.00163	0.00265	0.00992	0.00441	0.00422
13	0.02317	0.07207	0.07104	0.03526	0.01378	0.08728	0.00872	0.26911	0.16729	0.03418	0.07110	0.05503	0.02711	0.00670	0.00480	0.00150	0.00499	0.03604	0.00409	0.00675
14	0.01400	0.63956	0.02228	0.00917	0.01287	0.20987	0.00843	0.01546	0.01063	0.01135	0.00682	0.00790	0.00614	0.00429	0.00337	0.00107	0.00596	0.00268	0.00215	0.00599
15	0.01853	0.01280	0.01398	0.01072	0.01453	0.01396	0.00886	0.70159	0.02150	0.11619	0.01229	0.01201	0.00854	0.00576	0.00478	0.00144	0.00513	0.00436	0.00491	0.00813
16	0.00991	0.00850	0.00991	0.00708	0.01133	0.00637	0.00566	0.01203	0.00991	0.01557	0.00850	0.00991	0.00708	0.00354	0.00354	0.00071	0.00354	0.00283	0.00283	0.86124
17	0.01183	0.01136	0.01940	0.02934	0.80221	0.01136	0.01467	0.01467	0.01088	0.01562	0.00899	0.01183	0.00757	0.00426	0.00473	0.00142	0.00568	0.00426	0.00237	0.00757
18	0.00993	0.00856	0.01006	0.00725	0.01136	0.00663	0.00581	0.01202	0.00983	0.01545	0.00843	0.00993	0.00705	0.00369	0.00391	0.00075	0.02870	0.00287	0.00281	0.83497
19	0.00991	0.00850	0.00991	0.00708	0.01133	0.00637	0.00566	0.01203	0.00991	0.01557	0.00850	0.00991	0.00708	0.00354	0.00354	0.00071	0.00354	0.00283	0.00283	0.86124
20	0.01043	0.00856	0.00999	0.00727	0.01138	0.00668	0.00581	0.03486	0.02521	0.03921	0.00950	0.02876	0.00794	0.00399	0.00370	0.00080	0.00359	0.00322	0.00305	0.77604
21	0.01314	0.01285	0.10088	0.03822	0.09276	0.02991	0.21465	0.24184	0.02832	0.03652	0.01118	0.01286	0.00833	0.00496	0.00476	0.00144	0.00584	0.00459	0.13013	0.00682
22	0.00903	0.00850	0.01434	0.82054	0.03292	0.01062	0.01327	0.01221	0.00956	0.01221	0.00850	0.01274	0.00637	0.00478	0.00478	0.00159	0.00637	0.00425	0.00212	0.00531
23	0.00614	0.00486	0.00552	0.00535	0.00676	0.00424	0.00402	0.00781	0.01205	0.01565	0.37731	0.04149	0.46967	0.01108	0.00564	0.00157	0.00235	0.00946	0.00480	0.00424
24	0.01219	0.01042	0.01098	0.00979	0.01254	0.01203	0.00764	0.06153	0.75696	0.02047	0.01907	0.01753	0.01428	0.00645	0.00486	0.00161	0.00385	0.00535	0.00486	0.00759
25	0.00630	0.00447	0.00597	0.00699	0.00742	0.00427	0.00499	0.00735	0.00937	0.01241	0.02528	0.60904	0.02969	0.07605	0.00757	0.00220	0.00325	0.16915	0.00431	0.00392
26	0.01210	0.01037	0.01093	0.00977	0.01251	0.01199	0.00762	0.05077	0.76786	0.02033	0.01919	0.01762	0.01437	0.00646	0.00486	0.00161	0.00383	0.00537	0.00486	0.00758
27	0.00650	0.00454	0.00577	0.00629	0.00657	0.00452	0.00415	0.00716	0.00816	0.01096	0.02002	0.36640	0.02318	0.35206	0.11224	0.00376	0.00484	0.04575	0.00357	0.00355
28	0.01054	0.00907	0.01033	0.00784	0.02975	0.03190	0.00606	0.02369	0.01030	0.03084	0.00871	0.01006	0.00717	0.00368	0.00363	0.00077	0.00378	0.00293	0.00290	0.78604
29	0.00665	0.00486	0.00626	0.00621	0.00724	0.00452	0.00461	0.00876	0.02419	0.01743	0.58145	0.17132	0.08881	0.01088	0.00574	0.00161	0.00246	0.03756	0.00503	0.00442
30	0.00593	0.00462	0.00539	0.00568	0.00675	0.00408	0.00407	0.00722	0.01084	0.01392	0.19106	0.30463	0.39356	0.01259	0.00580	0.00170	0.00251	0.01096	0.00460	0.00408
31	0.01785	0.02278	0.01354	0.01231	0.01478	0.81284	0.00924	0.01909	0.01354	0.01170	0.00739	0.00862	0.00616	0.00493	0.00431	0.00123	0.00862	0.00308	0.00246	0.00554
32	0.01806	0.01780	0.02842	0.04574	0.03957	0.50458	0.00917	0.04901	0.01360	0.21325	0.01056	0.01096	0.00772	0.00517	0.00449	0.00133	0.00712	0.00366	0.00340	0.00638
33	0.02050	0.00820	0.01089	0.00844	0.01200	0.00730	0.00695	0.04458	0.03979	0.72389	0.01853	0.01625	0.01184	0.00591	0.00475	0.00147	0.00401	0.00480	0.04194	0.00796
34	0.01018	0.01128	0.12351	0.46163	0.14502	0.01075	0.02458	0.03740	0.01028	0.03857	0.00961	0.04368	0.00772	0.00527	0.00526	0.00158	0.04068	0.00455	0.00244	0.00603
35	0.01220	0.00929	0.00879	0.02618	0.01029	0.13290	0.00630	0.11161	0.05466	0.07803	0.05961	0.02041	0.01427	0.04125	0.03986	0.00179	0.00469	0.07807	0.28431	0.00549
36	0.01032	0.00544	0.00645	0.00582	0.00742	0.00516	0.00449	0.03425	0.01218	0.14072	0.28983	0.02405	0.03504	0.00719	0.00444	0.00132	0.00261	0.00605	0.39209	0.00514
37	0.00763	0.00505	0.00616	0.00598	0.00732	0.00453	0.00447	0.00929	0.01180	0.08170	0.33444	0.14343	0.26513	0.03242	0.00609	0.00169	0.00266	0.03464	0.03106	0.00454
38	0.00686	0.00466	0.00524	0.00524	0.00537	0.00462	0.00301	0.00698	0.00724	0.00956	0.01734	0.03204	0.07193	0.75809	0.03955	0.00449	0.00465	0.00713	0.00300	0.00300
39	0.05026	0.00668	0.00847	0.00718	0.00942	0.00627	0.00567	0.04602	0.03587	0.28827	0.44402	0.02635	0.02962	0.00796	0.00518	0.00149	0.00310	0.00680	0.00535	0.00601
40	0.01339	0.00766	0.00912	0.00767	0.01013	0.00747	0.00608	0.17937	0.02753	0.24498	0.15917	0.07553	0.14036	0.02815	0.00559	0.00160	0.00359	0.02008	0.04630	0.00622
41	0.01291	0.00957	0.01133	0.00999	0.03641	0.01034	0.04147	0.09094	0.43580	0.11190	0.04263	0.01757	0.01386	0.03952	0.00554	0.00164	0.00406	0.00523	0.06793	0.03137
42	0.86579	0.00924	0.00702	0.00629	0.00924	0.01072	0.00518	0.01405	0.00813	0.02144	0.00666	0.00776	0.00518	0.00444	0.00296	0.00148	0.00370	0.00259	0.00296	0.00518
43	0.11170	0.03421	0.22860	0.03146	0.06274	0.01011	0.04253	0.09390	0.01227	0.26311	0.01247	0.01365	0.00890	0.00600	0.02279	0.00164	0.00551	0.02758	0.00374	0.00708
44	0.37744	0.03697	0.05456	0.00873	0.01232	0.03472	0.00758	0.26032	0.01379	0.13685	0.01008	0.01032	0.00718	0.00507	0.00393	0.00145	0.00461	0.00352	0.00387	0.00668
45	0.01183	0.01136	0.01940	0.02934	0.80221	0.01136	0.01467	0.01467	0.01088	0.01562	0.00899	0.01183	0.00757	0.00426	0.00473	0.00142	0.00568	0.00426	0.00237	0.00757
46	0.02099	0.00846	0.01151	0.00931	0.03910	0.00749	0.00737	0.05387	0.01394	0.74736	0.01822	0.01592	0.01154	0.00585	0.00480	0.00148	0.00417	0.00477	0.00575	0.00811
47	0.03176	0.21910	0.32211	0.01088	0.03617	0.01213	0.01152	0.04020	0.04643	0.12224	0.01004	0.01070	0.00744	0.00463	0.00410	0.00130	0.00548	0.00350	0.00289	0.09740
48	0.00807	0.00598	0.00726	0.00759	0.03324	0.02385	0.00580	0.01027	0.03414	0.05938	0.24794	0.05982	0.24605	0.01091	0.00579	0.00173	0.00331	0.21949	0.00464	0.00474
49	0.00626	0.00464	0.00582	0.00601	0.00692	0.00422	0.00431	0.00783	0.01152	0.01563	0.40198	0.29753	0.17183	0.02569	0.00611	0.00172	0.00249	0.01049	0.00481	0.00419
50	0.01171	0.01130	0.01951	0.05787	0.74825	0.01135	0.04030	0.01460	0.01085	0.01548	0.00900	0.01190	0.00752	0.00427	0.00476	0.00143	0.00578	0.00430	0.00236	0.00745
51	0.01028	0.03285	0.08451	0.48973	0.14757	0.02984	0.06574	0.03740	0.01037	0.01370	0.00862	0.01206	0.00663	0.00473	0.00503	0.00154	0.02692	0.00421	0.00226	0.00600
52	0.00643	0.00507	0.00573	0.00552	0.00696	0.00451	0.00415	0.02819	0.01222	0.01588	0.35117	0.05983	0.45508	0.01106	0.00563	0.00157	0.00244	0.00944	0.00478	0.00433
53	0.00604	0.00429	0.00553	0.00636	0.00668	0.00403	0.00419	0.00684	0.00911	0.01217	0.06838	0.64675	0.04964	0.13564	0.00876	0.00231	0.00301	0.01224	0.00425	0.00378
54	0.04473	0.03075	0.39626	0.01576	0.20847	0.01009	0.03105	0.01418	0.01081	0.03543	0.12310	0.01448	0.01235	0.00526	0.00466	0.00147	0.00569	0.00449	0.02432	0.00667
55	0.31760	0.39458	0.03058	0.00794	0.01149	0.07767	0.00724	0.04230	0.00995	0.01582	0.00775	0.00874	0.02086	0.00448	0.00328	0.00123	0.00483	0.00284	0.00257	0.02824
56	0.07957	0.06902	0.04627	0.12482	0.29901	0.16069	0.07142	0.01483	0.01082	0.01445	0.00885	0.03620	0.00752	0.00476	0.00448	0.00140	0.00620	0.00412	0.00245	0.03314

[dist]
# distance from previous block
# <min> <max>
0	3

[block]
# block no. 7 follows, 53 sequences, length 10
# corresponding to MSA columns:
# 363-372
name=unknown_H
#
# <colnr> <probs for GDERKNQSTAVLIFYWHMCP>
#	G	D	E	R	K	N	Q	S	T	A	V	L	I	F	Y	W	H	M	C	P
0	0.01377	0.17689	0.01473	0.01006	0.05410	0.06800	0.02264	0.17341	0.05273	0.09032	0.01142	0.05721	0.00942	0.00532	0.00418	0.00121	0.00475	0.00419	0.02782	0.19782
1	0.00601	0.00428	0.00545	0.00631	0.00661	0.00402	0.00413	0.00672	0.00887	0.01173	0.02559	0.64914	0.07068	0.15564	0.00922	0.00239	0.00307	0.01225	0.00417	0.00372
2	0.00991	0.00850	0.00991	0.00708	0.01133	0.00637	0.00566	0.01203	0.00991	0.01557	0.00850	0.00991	0.00708	0.00354	0.00354	0.00071	0.00354	0.00283	0.00283	0.86124
3	0.02051	0.00833	0.01108	0.00855	0.01213	0.00743	0.00704	0.07458	0.01427	0.71437	0.05641	0.01689	0.01320	0.00609	0.00485	0.00148	0.00406	0.00496	0.00581	0.00796
4	0.17035	0.00921	0.01070	0.00856	0.01200	0.00922	0.00700	0.10816	0.11907	0.47192	0.01593	0.01442	0.01060	0.00571	0.00448	0.00149	0.00410	0.00443	0.00512	0.00753
5	0.00858	0.00759	0.01240	0.46017	0.12920	0.00870	0.01084	0.01093	0.00957	0.01261	0.01337	0.20287	0.01331	0.00787	0.00569	0.03497	0.00528	0.03813	0.00278	0.00512
6	0.00664	0.00485	0.00625	0.00597	0.00709	0.00445	0.00445	0.00876	0.01314	0.01841	0.71168	0.07674	0.09331	0.01019	0.00566	0.00153	0.00229	0.00899	0.00517	0.00445
7	0.01216	0.08503	0.04162	0.07536	0.26075	0.12344	0.18956	0.03246	0.01144	0.02917	0.03819	0.05905	0.00986	0.00520	0.00485	0.00145	0.00635	0.00494	0.00268	0.00643
8	0.00988	0.00826	0.00964	0.00724	0.01100	0.00654	0.00571	0.05327	0.01050	0.01597	0.01073	0.10530	0.00999	0.00499	0.00390	0.00089	0.00354	0.00416	0.00312	0.71535
9	0.01219	0.04072	0.01333	0.06585	0.13971	0.03418	0.02139	0.06548	0.32108	0.06612	0.03337	0.02981	0.05440	0.00644	0.00574	0.00157	0.07265	0.00523	0.00388	0.00685

[dist]
# distance from previous block
# <min> <max>
0	2

[block]
# block no. 8 follows, 53 sequences, length 12
# corresponding to MSA columns:
# 375-386
name=unknown_I
#
# <colnr> <probs for GDERKNQSTAVLIFYWHMCP>
#	G	D	E	R	K	N	Q	S	T	A	V	L	I	F	Y	W	H	M	C	P
0	0.01079	0.06381	0.26300	0.06691	0.13237	0.03772	0.06035	0.03339	0.08063	0.02720	0.03427	0.01700	0.01082	0.00602	0.00545	0.00159	0.04906	0.09027	0.00286	0.00650
1	0.00633	0.00471	0.00615	0.00693	0.00738	0.00465	0.00478	0.00789	0.04588	0.01315	0.09330	0.69555	0.03120	0.01391	0.00631	0.00189	0.02889	0.01247	0.00445	0.00415
2	0.00792	0.00670	0.00872	0.03737	0.00952	0.00791	0.00638	0.00963	0.03644	0.01283	0.08271	0.07989	0.17872	0.10068	0.11494	0.00284	0.23636	0.00689	0.04902	0.00450
3	0.00772	0.00420	0.00600	0.00620	0.00625	0.00415	0.00408	0.00638	0.00682	0.00910	0.01220	0.16202	0.01338	0.09714	0.01699	0.62224	0.00395	0.00612	0.00258	0.00248
4	0.00618	0.00468	0.00540	0.00563	0.00651	0.00428	0.00392	0.00720	0.00986	0.01264	0.11842	0.21390	0.33551	0.19021	0.03379	0.00252	0.00331	0.02808	0.00414	0.00382
5	0.00765	0.00486	0.00621	0.00648	0.00745	0.00443	0.00464	0.00888	0.01054	0.09203	0.15702	0.42518	0.14245	0.05780	0.00686	0.00193	0.00294	0.04361	0.00463	0.00440
6	0.01223	0.66020	0.02336	0.00915	0.01303	0.01671	0.09499	0.01411	0.00992	0.01235	0.00787	0.00926	0.00687	0.00423	0.00338	0.00110	0.00516	0.00309	0.08698	0.00600
7	0.03037	0.14506	0.22150	0.04908	0.09709	0.12134	0.09247	0.05721	0.05956	0.06792	0.00973	0.01101	0.00737	0.00472	0.00444	0.00140	0.00634	0.00386	0.00276	0.00674
8	0.27579	0.08683	0.14937	0.00874	0.01286	0.03269	0.00841	0.04513	0.01095	0.22797	0.01062	0.01080	0.00751	0.00479	0.00390	0.00136	0.00469	0.00344	0.00354	0.09061
9	0.01944	0.00808	0.01071	0.00848	0.01180	0.00725	0.00689	0.07826	0.01383	0.65860	0.01915	0.10724	0.01378	0.00692	0.00495	0.00153	0.00401	0.00576	0.00567	0.00766
10	0.12940	0.00803	0.01006	0.00810	0.01132	0.00745	0.00657	0.04922	0.01278	0.58490	0.01783	0.10631	0.01305	0.00673	0.00471	0.00153	0.00392	0.00549	0.00532	0.00727
11	0.03636	0.01227	0.01414	0.06990	0.15464	0.10153	0.02535	0.29557	0.02917	0.12501	0.03395	0.01360	0.03199	0.00552	0.00471	0.00142	0.00541	0.00447	0.00392	0.03106

[dist]
# distance from previous block
# <min> <max>
0	29

# created by:
# /home/cegg/simao/soft/augustus-3.2.1/scripts/msa2prfl.pl ./align_prep/EOG091G0NKD.fa
