[name]
unknown

[dist]
# distance from previous block
# <min> <max>
14	561

[block]
# block no. 0 follows, 53 sequences, length 31
# corresponding to MSA columns:
# 703-733
name=unknown_A
#
# <colnr> <probs for GDERKNQSTAVLIFYWHMCP>
#	G	D	E	R	K	N	Q	S	T	A	V	L	I	F	Y	W	H	M	C	P
0	0.05961	0.03431	0.05865	0.02774	0.12361	0.03124	0.05581	0.05733	0.01151	0.08149	0.08462	0.01390	0.02533	0.00492	0.00430	0.00119	0.00457	0.00418	0.00327	0.31243
1	0.01573	0.01132	0.01241	0.00994	0.01333	0.01227	0.00805	0.42024	0.23352	0.10120	0.05311	0.01480	0.01204	0.00604	0.00478	0.00145	0.00449	0.00479	0.00483	0.05567
2	0.00859	0.03522	0.00753	0.00667	0.00760	0.03642	0.00467	0.03892	0.03688	0.03315	0.03106	0.04966	0.03713	0.45660	0.12274	0.00402	0.00567	0.04922	0.00324	0.02500
3	0.01594	0.01639	0.01269	0.01091	0.01383	0.37083	0.00847	0.21148	0.18588	0.01850	0.01133	0.01167	0.00871	0.00541	0.00448	0.00133	0.00626	0.00392	0.02735	0.05462
4	0.00631	0.00441	0.00544	0.00599	0.00626	0.00422	0.00381	0.00692	0.00864	0.01152	0.06950	0.44159	0.05911	0.32881	0.01306	0.00294	0.00344	0.01059	0.00389	0.00355
5	0.01773	0.00904	0.04203	0.16607	0.03737	0.00841	0.00902	0.01996	0.01232	0.55747	0.01551	0.01491	0.01014	0.00574	0.00540	0.00154	0.05064	0.00460	0.00473	0.00737
6	0.01661	0.21269	0.05977	0.00987	0.05039	0.01123	0.00837	0.08378	0.05170	0.36695	0.01347	0.01281	0.00939	0.00515	0.00427	0.00131	0.00462	0.00400	0.00421	0.06942
7	0.00663	0.00489	0.00705	0.00728	0.00794	0.00544	0.00542	0.00802	0.00792	0.01118	0.01576	0.18571	0.01641	0.09469	0.58525	0.00626	0.01010	0.00700	0.00297	0.00408
8	0.01070	0.00577	0.00756	0.00660	0.00847	0.00516	0.00513	0.01276	0.01337	0.23423	0.52710	0.03118	0.09483	0.00890	0.00541	0.00151	0.00276	0.00770	0.00538	0.00547
9	0.01561	0.30528	0.06320	0.01095	0.01424	0.49067	0.00935	0.01720	0.01201	0.01174	0.00720	0.00837	0.00614	0.00461	0.00389	0.00117	0.00731	0.00292	0.00229	0.00583
10	0.01110	0.05561	0.06800	0.10680	0.31639	0.03852	0.09749	0.01374	0.01007	0.01405	0.03590	0.01215	0.00822	0.00541	0.00715	0.00159	0.18468	0.00437	0.00235	0.00641
11	0.01813	0.01442	0.01426	0.01114	0.01482	0.10224	0.00910	0.70223	0.02149	0.02810	0.01103	0.01116	0.00791	0.00565	0.00473	0.00141	0.00563	0.00417	0.00453	0.00784
12	0.01008	0.02804	0.48876	0.03432	0.11207	0.01073	0.01441	0.03655	0.06537	0.01579	0.03774	0.04288	0.00929	0.00531	0.00492	0.00150	0.02725	0.00432	0.00259	0.04810
13	0.01065	0.00884	0.00998	0.00984	0.05527	0.00984	0.00710	0.03962	0.51619	0.01893	0.10596	0.11071	0.01922	0.00762	0.00500	0.00160	0.00357	0.00655	0.04682	0.00667
14	0.00579	0.00428	0.00543	0.00635	0.00685	0.00391	0.00430	0.00669	0.00945	0.01232	0.03010	0.69573	0.16237	0.01449	0.00602	0.00189	0.00271	0.01299	0.00444	0.00391
15	0.01196	0.01189	0.02269	0.11676	0.12766	0.01184	0.45713	0.09177	0.03575	0.03594	0.02228	0.01317	0.00819	0.00453	0.00529	0.00156	0.00694	0.00517	0.00281	0.00667
16	0.01202	0.01560	0.18119	0.02032	0.33389	0.11774	0.13592	0.03587	0.03878	0.01535	0.00991	0.04342	0.00822	0.00491	0.00484	0.00147	0.00654	0.00458	0.00255	0.00689
17	0.00603	0.00429	0.00571	0.00668	0.00699	0.00410	0.00452	0.00689	0.00899	0.01201	0.02481	0.70022	0.02945	0.07758	0.04545	0.00242	0.00345	0.04232	0.00423	0.00385
18	0.00644	0.00482	0.00597	0.00580	0.00697	0.00435	0.00431	0.00834	0.01258	0.01720	0.56826	0.10345	0.21248	0.01072	0.00568	0.00156	0.00233	0.00937	0.00501	0.00435
19	0.06294	0.02860	0.02721	0.03888	0.32212	0.01029	0.12108	0.03526	0.01077	0.07623	0.01253	0.12797	0.01163	0.00650	0.00570	0.00160	0.05871	0.03247	0.00308	0.00645
20	0.00605	0.00436	0.00572	0.00672	0.00716	0.00409	0.00468	0.00702	0.00938	0.01237	0.02721	0.66972	0.07837	0.04322	0.00676	0.00204	0.00299	0.09384	0.00438	0.00391
21	0.79993	0.00980	0.00825	0.00714	0.01017	0.03322	0.04375	0.01425	0.00844	0.02087	0.00682	0.00804	0.00531	0.00443	0.00313	0.00148	0.00405	0.00275	0.00292	0.00525
22	0.00678	0.00491	0.00641	0.00611	0.00725	0.00454	0.00463	0.00900	0.01335	0.01878	0.74483	0.03679	0.06470	0.00999	0.00568	0.00154	0.00236	0.04267	0.00520	0.00449
23	0.03212	0.48264	0.10299	0.01056	0.04218	0.11158	0.03000	0.09195	0.01163	0.03385	0.00788	0.00891	0.00653	0.00446	0.00371	0.00119	0.00579	0.00309	0.00250	0.00645
24	0.00587	0.00423	0.00557	0.00655	0.00693	0.00393	0.00441	0.00681	0.00948	0.01265	0.07378	0.75047	0.06253	0.01455	0.00606	0.00190	0.00273	0.01315	0.00449	0.00393
25	0.01366	0.00984	0.01182	0.00982	0.01204	0.01123	0.00793	0.36404	0.03448	0.06759	0.01136	0.01368	0.00910	0.01377	0.18251	0.09214	0.12053	0.00451	0.00372	0.00625
26	0.01177	0.02707	0.01765	0.09012	0.47127	0.01127	0.06166	0.05521	0.01139	0.04557	0.07032	0.01377	0.01040	0.00520	0.00578	0.00151	0.07568	0.00467	0.00280	0.00689
27	0.00643	0.00456	0.00565	0.00585	0.00667	0.00416	0.00412	0.00727	0.01025	0.01349	0.22883	0.24455	0.25177	0.04678	0.00849	0.13067	0.00282	0.00962	0.00423	0.00378
28	0.01079	0.10169	0.58341	0.01366	0.01995	0.01177	0.11703	0.01554	0.01041	0.05914	0.00911	0.01057	0.00654	0.00451	0.00456	0.00148	0.00683	0.00379	0.00229	0.00695
29	0.09111	0.01290	0.12159	0.11089	0.33606	0.03366	0.10492	0.04101	0.03090	0.03654	0.00940	0.01179	0.00735	0.00531	0.02513	0.00164	0.00620	0.00420	0.00260	0.00678
30	0.01060	0.02924	0.03621	0.40578	0.15490	0.10090	0.02384	0.01348	0.03176	0.01289	0.00950	0.04326	0.00813	0.03641	0.00622	0.00167	0.06254	0.00456	0.00239	0.00571

[dist]
# distance from previous block
# <min> <max>
0	2

[block]
# block no. 1 follows, 53 sequences, length 12
# corresponding to MSA columns:
# 736-747
name=unknown_B
#
# <colnr> <probs for GDERKNQSTAVLIFYWHMCP>
#	G	D	E	R	K	N	Q	S	T	A	V	L	I	F	Y	W	H	M	C	P
0	0.28373	0.19582	0.05727	0.04650	0.03038	0.10480	0.00815	0.05993	0.07610	0.01668	0.00866	0.01021	0.00709	0.02218	0.02679	0.00162	0.03202	0.00335	0.00282	0.00590
1	0.00991	0.03868	0.00858	0.00759	0.03149	0.00635	0.00571	0.01165	0.01175	0.15655	0.30646	0.08732	0.13256	0.04524	0.00687	0.00172	0.05889	0.03976	0.02774	0.00517
2	0.13265	0.00751	0.00936	0.00873	0.04483	0.00726	0.00667	0.01499	0.02265	0.26320	0.04947	0.06926	0.01579	0.06025	0.00644	0.00177	0.03062	0.14422	0.00429	0.10003
3	0.01230	0.06232	0.20165	0.07083	0.12040	0.10220	0.17889	0.08904	0.07172	0.01623	0.00972	0.01151	0.00741	0.00467	0.00474	0.00146	0.00664	0.00423	0.00270	0.02135
4	0.00919	0.00685	0.00841	0.04026	0.03140	0.04178	0.00624	0.01113	0.05932	0.06626	0.05225	0.08840	0.01789	0.23930	0.11006	0.03124	0.05287	0.11911	0.00350	0.00454
5	0.00613	0.00456	0.00572	0.00629	0.00704	0.00423	0.00447	0.00733	0.01010	0.01329	0.13929	0.42987	0.19715	0.05155	0.03935	0.00218	0.00322	0.05982	0.00441	0.00401
6	0.00706	0.00470	0.00617	0.00668	0.00750	0.00434	0.00482	0.00839	0.01058	0.05973	0.18167	0.49449	0.09379	0.01303	0.00594	0.00182	0.00286	0.07742	0.00468	0.00431
7	0.04101	0.04489	0.01594	0.17777	0.26731	0.01103	0.06391	0.08475	0.08159	0.09808	0.01194	0.06001	0.00968	0.00547	0.00478	0.00151	0.00535	0.00493	0.00325	0.00680
8	0.00794	0.00541	0.00732	0.00846	0.05531	0.00521	0.00573	0.04364	0.01049	0.05971	0.05124	0.56757	0.02758	0.01281	0.00586	0.00185	0.00327	0.09184	0.02411	0.00463
9	0.01312	0.65365	0.07277	0.00903	0.01309	0.09022	0.00887	0.03229	0.04637	0.01235	0.00753	0.00846	0.00656	0.00434	0.00339	0.00111	0.00550	0.00283	0.00227	0.00625
10	0.00697	0.00458	0.00559	0.00577	0.00589	0.00460	0.00357	0.00704	0.00733	0.00981	0.01598	0.12856	0.01823	0.57061	0.06793	0.09285	0.00483	0.03375	0.00303	0.00307
11	0.01060	0.15265	0.45801	0.01411	0.09056	0.04192	0.05108	0.01454	0.01007	0.01408	0.00888	0.04299	0.00731	0.00510	0.00514	0.00147	0.05870	0.00397	0.00219	0.00663

[dist]
# distance from previous block
# <min> <max>
0	1

[block]
# block no. 2 follows, 53 sequences, length 10
# corresponding to MSA columns:
# 749-758
name=unknown_C
#
# <colnr> <probs for GDERKNQSTAVLIFYWHMCP>
#	G	D	E	R	K	N	Q	S	T	A	V	L	I	F	Y	W	H	M	C	P
0	0.01275	0.61017	0.08448	0.00974	0.01366	0.08738	0.03922	0.01463	0.00997	0.01176	0.00695	0.00834	0.00618	0.00450	0.00429	0.00118	0.06369	0.00291	0.00210	0.00610
1	0.00660	0.00488	0.00585	0.00600	0.00719	0.00446	0.00461	0.00830	0.01141	0.01523	0.27430	0.10410	0.29874	0.03858	0.00632	0.00177	0.00279	0.13681	0.05784	0.00422
2	0.01182	0.00998	0.01602	0.06663	0.46437	0.00994	0.03805	0.01496	0.04938	0.09036	0.05323	0.01592	0.04405	0.00536	0.00504	0.00145	0.02100	0.01845	0.00311	0.06090
3	0.01050	0.04957	0.04987	0.03003	0.12018	0.03691	0.05272	0.02578	0.01055	0.01542	0.03505	0.01261	0.03347	0.00450	0.00428	0.00106	0.02022	0.00378	0.04117	0.44232
4	0.00868	0.00783	0.01205	0.13515	0.11620	0.00915	0.03895	0.01067	0.00910	0.01275	0.03664	0.03263	0.09872	0.01506	0.22349	0.00331	0.18372	0.01917	0.02160	0.00513
5	0.00582	0.00455	0.00528	0.00573	0.00672	0.00401	0.00406	0.00695	0.01034	0.01311	0.10011	0.38923	0.40075	0.01318	0.00585	0.00175	0.00256	0.01151	0.00450	0.00401
6	0.00860	0.02516	0.06981	0.12081	0.01543	0.00783	0.14407	0.02594	0.03744	0.02886	0.01889	0.29504	0.05076	0.03345	0.02045	0.00195	0.00503	0.08185	0.00351	0.00513
7	0.00694	0.00468	0.00544	0.00544	0.00552	0.00476	0.00318	0.00710	0.00702	0.00943	0.01485	0.03014	0.01688	0.75936	0.09632	0.00491	0.00538	0.00678	0.00287	0.00302
8	0.00592	0.00420	0.00552	0.00653	0.00678	0.00395	0.00430	0.00668	0.00896	0.01194	0.02535	0.75896	0.03036	0.08663	0.00770	0.00218	0.00294	0.01301	0.00430	0.00380
9	0.01130	0.00986	0.01471	0.04052	0.19983	0.01137	0.05455	0.04242	0.07431	0.06611	0.08381	0.03286	0.03818	0.00702	0.00874	0.00171	0.28809	0.00523	0.00317	0.00621

[dist]
# distance from previous block
# <min> <max>
2	5

[block]
# block no. 3 follows, 53 sequences, length 18
# corresponding to MSA columns:
# 764-781
name=unknown_D
#
# <colnr> <probs for GDERKNQSTAVLIFYWHMCP>
#	G	D	E	R	K	N	Q	S	T	A	V	L	I	F	Y	W	H	M	C	P
0	0.06875	0.09239	0.28974	0.01138	0.06023	0.02382	0.02542	0.05389	0.03930	0.04120	0.01022	0.04957	0.00842	0.00665	0.04772	0.00167	0.00579	0.00404	0.00278	0.15704
1	0.02582	0.23247	0.04346	0.00867	0.01238	0.04580	0.02323	0.08678	0.02554	0.13811	0.08111	0.01393	0.01158	0.00522	0.00411	0.00118	0.00456	0.02255	0.00352	0.20998
2	0.05666	0.31040	0.19782	0.01089	0.03852	0.07847	0.01057	0.09558	0.05775	0.05037	0.00899	0.00993	0.00708	0.00487	0.00449	0.00133	0.04348	0.00340	0.00275	0.00663
3	0.03397	0.08456	0.16919	0.07894	0.06497	0.11229	0.16699	0.07107	0.01153	0.02736	0.02595	0.05888	0.00917	0.01512	0.00531	0.00152	0.03358	0.00473	0.01864	0.00621
4	0.00606	0.00443	0.00557	0.00632	0.00686	0.00414	0.00434	0.00698	0.00933	0.01220	0.04398	0.54003	0.15294	0.10528	0.02942	0.00234	0.00326	0.04845	0.00423	0.00385
5	0.71192	0.00904	0.00777	0.00669	0.00978	0.01005	0.00551	0.01573	0.00914	0.16433	0.00888	0.00931	0.00639	0.00471	0.00329	0.00148	0.00376	0.00299	0.00350	0.00572
6	0.03144	0.13494	0.09072	0.09829	0.05503	0.06373	0.07107	0.03978	0.03421	0.07997	0.01086	0.03000	0.00915	0.03651	0.07931	0.02937	0.01616	0.02216	0.00288	0.06443
7	0.00727	0.00488	0.00600	0.00595	0.00661	0.00475	0.00405	0.00823	0.00932	0.04144	0.18630	0.09006	0.09029	0.39008	0.09063	0.00359	0.00455	0.03841	0.00378	0.00379
8	0.00596	0.00450	0.00523	0.00573	0.00645	0.00407	0.00387	0.00678	0.00941	0.01195	0.03252	0.39806	0.31361	0.15840	0.00916	0.00230	0.00297	0.01112	0.00416	0.00376
9	0.01261	0.01061	0.01144	0.04499	0.01364	0.01223	0.00802	0.12784	0.65525	0.02103	0.01790	0.01675	0.01336	0.00631	0.00485	0.00159	0.00409	0.00520	0.00473	0.00754
10	0.01152	0.03277	0.05849	0.15176	0.50413	0.02463	0.01346	0.01482	0.04350	0.03886	0.01014	0.01267	0.02175	0.00480	0.00511	0.00148	0.03625	0.00432	0.00254	0.00698
11	0.01723	0.02145	0.01323	0.01200	0.01442	0.73986	0.00904	0.04402	0.01350	0.01228	0.00784	0.00930	0.00656	0.00673	0.05085	0.00161	0.00875	0.00324	0.00255	0.00555
12	0.00984	0.00849	0.00984	0.00749	0.01121	0.02074	0.00601	0.01235	0.04036	0.01528	0.01000	0.01304	0.00870	0.00616	0.05127	0.00126	0.01810	0.04353	0.00296	0.70335
13	0.00927	0.04941	0.00871	0.02103	0.07216	0.00633	0.00580	0.01044	0.00924	0.10417	0.01772	0.18587	0.02992	0.24571	0.09297	0.01559	0.00500	0.06547	0.04058	0.00461
14	0.00589	0.00476	0.00513	0.00519	0.00650	0.00412	0.00377	0.00711	0.01077	0.01335	0.13508	0.12298	0.57748	0.06800	0.00697	0.00184	0.00259	0.01005	0.00443	0.00400
15	0.00640	0.00442	0.00544	0.00595	0.00614	0.00427	0.00372	0.00692	0.00836	0.01120	0.06184	0.41509	0.02568	0.39577	0.01458	0.00317	0.00361	0.01023	0.00376	0.00346
16	0.03191	0.03301	0.03383	0.01772	0.32622	0.03063	0.06229	0.09244	0.11191	0.03577	0.01300	0.05772	0.02872	0.03356	0.02571	0.03520	0.00539	0.01511	0.00321	0.00664
17	0.01017	0.05141	0.56645	0.01266	0.04663	0.03186	0.01454	0.03034	0.04114	0.03137	0.03012	0.01367	0.06542	0.00529	0.00459	0.00147	0.00621	0.00420	0.00256	0.02989

[dist]
# distance from previous block
# <min> <max>
0	2

[block]
# block no. 4 follows, 53 sequences, length 16
# corresponding to MSA columns:
# 784-799
name=unknown_E
#
# <colnr> <probs for GDERKNQSTAVLIFYWHMCP>
#	G	D	E	R	K	N	Q	S	T	A	V	L	I	F	Y	W	H	M	C	P
0	0.01314	0.41853	0.06393	0.03529	0.01406	0.08008	0.02249	0.11363	0.06819	0.01516	0.00869	0.00962	0.00714	0.00452	0.00376	0.00115	0.00533	0.00322	0.00273	0.10933
1	0.00639	0.00490	0.00637	0.00749	0.04422	0.00454	0.00515	0.00771	0.01029	0.01341	0.09660	0.42443	0.22394	0.01308	0.00595	0.00183	0.00299	0.11210	0.00441	0.00421
2	0.04793	0.27242	0.36524	0.02716	0.01776	0.05324	0.09974	0.01524	0.01030	0.03805	0.00827	0.00972	0.00636	0.00440	0.00414	0.00136	0.00640	0.00346	0.00225	0.00655
3	0.01486	0.27521	0.05721	0.01231	0.07742	0.33877	0.00979	0.04406	0.01175	0.03641	0.00774	0.00914	0.00651	0.00494	0.00496	0.00128	0.07586	0.00322	0.00246	0.00611
4	0.00606	0.00436	0.00579	0.00685	0.00729	0.00410	0.00482	0.00708	0.00947	0.01250	0.02724	0.69316	0.06684	0.01461	0.00614	0.00196	0.00297	0.11037	0.00443	0.00396
5	0.01081	0.01561	0.25963	0.10422	0.14998	0.01178	0.26701	0.04225	0.01082	0.01526	0.00895	0.01165	0.00682	0.00464	0.00569	0.00157	0.05982	0.00449	0.00232	0.00668
6	0.01200	0.00940	0.05457	0.00911	0.03405	0.03293	0.00726	0.05584	0.26272	0.15114	0.22866	0.04252	0.06420	0.00753	0.00509	0.00154	0.00378	0.00636	0.00480	0.00650
7	0.00872	0.00811	0.01341	0.73422	0.03015	0.00995	0.01230	0.01175	0.00983	0.01260	0.04998	0.01575	0.05299	0.00544	0.00487	0.00159	0.00594	0.00479	0.00241	0.00520
8	0.00663	0.00506	0.00612	0.00604	0.00724	0.00471	0.00445	0.00902	0.05608	0.01654	0.44458	0.16767	0.22611	0.01101	0.00567	0.00161	0.00247	0.00963	0.00490	0.00446
9	0.10536	0.05942	0.10587	0.08912	0.02839	0.29887	0.00994	0.07791	0.01228	0.10348	0.00921	0.01046	0.00699	0.00568	0.02044	0.00152	0.04236	0.00356	0.00296	0.00618
10	0.00684	0.00509	0.00751	0.00751	0.00831	0.00588	0.00576	0.00843	0.00763	0.01097	0.01296	0.01964	0.01232	0.09070	0.75874	0.00747	0.01224	0.00525	0.00258	0.00417
11	0.00589	0.00419	0.00553	0.00657	0.00683	0.00393	0.00434	0.00667	0.00901	0.01202	0.02564	0.77910	0.03072	0.06600	0.00724	0.00211	0.00289	0.01317	0.00434	0.00382
12	0.01048	0.01255	0.13328	0.17416	0.30505	0.04092	0.07008	0.01385	0.03421	0.01430	0.01109	0.07655	0.02386	0.00570	0.00552	0.00156	0.05282	0.00508	0.00254	0.00641
13	0.01750	0.01253	0.01377	0.01075	0.01427	0.06769	0.04231	0.52113	0.01902	0.14942	0.02858	0.03145	0.01002	0.01872	0.01891	0.00160	0.00543	0.00471	0.00463	0.00757
14	0.01191	0.01175	0.01887	0.04810	0.67542	0.04659	0.03082	0.01459	0.01072	0.01506	0.00873	0.01164	0.00738	0.00458	0.00550	0.00147	0.06305	0.00423	0.00235	0.00723
15	0.11199	0.02979	0.01743	0.05047	0.37173	0.16214	0.10882	0.01518	0.01092	0.01512	0.00874	0.01182	0.00735	0.00476	0.00497	0.00146	0.03563	0.02270	0.00248	0.00649

[dist]
# distance from previous block
# <min> <max>
0	4

[block]
# block no. 5 follows, 53 sequences, length 14
# corresponding to MSA columns:
# 804-817
name=unknown_F
#
# <colnr> <probs for GDERKNQSTAVLIFYWHMCP>
#	G	D	E	R	K	N	Q	S	T	A	V	L	I	F	Y	W	H	M	C	P
0	0.00688	0.00463	0.00534	0.00540	0.00546	0.00465	0.00312	0.00700	0.00711	0.00952	0.01562	0.07709	0.01797	0.74998	0.05751	0.00461	0.00488	0.00726	0.00297	0.00301
1	0.03663	0.05617	0.04722	0.05731	0.01462	0.10110	0.00881	0.28740	0.19927	0.04025	0.01342	0.05353	0.01077	0.00619	0.00468	0.00148	0.00516	0.02446	0.00403	0.02751
2	0.01170	0.09825	0.05709	0.09211	0.15946	0.01074	0.06315	0.11756	0.03092	0.04635	0.03006	0.05039	0.02966	0.00611	0.02540	0.00149	0.00527	0.00464	0.00311	0.15653
3	0.01253	0.10499	0.37312	0.01292	0.05133	0.04016	0.08657	0.04045	0.03549	0.13534	0.03699	0.01220	0.00878	0.00491	0.00456	0.00143	0.00610	0.00408	0.00298	0.02506
4	0.03223	0.18423	0.04689	0.01161	0.01505	0.01154	0.18529	0.09011	0.03325	0.11233	0.01419	0.03285	0.01265	0.00682	0.00516	0.00159	0.01797	0.17645	0.00353	0.00626
5	0.00616	0.00509	0.00586	0.05812	0.00835	0.00459	0.00449	0.00777	0.01150	0.01450	0.24253	0.04114	0.55099	0.01102	0.00559	0.00158	0.00263	0.00933	0.00450	0.00424
6	0.08167	0.00984	0.01308	0.01092	0.04774	0.03017	0.10423	0.16516	0.04546	0.27959	0.07992	0.06570	0.03189	0.00647	0.00491	0.00152	0.00468	0.00557	0.00457	0.00693
7	0.01025	0.00968	0.03130	0.42820	0.07752	0.01081	0.11487	0.05124	0.02738	0.03579	0.01046	0.06860	0.00879	0.00625	0.01880	0.00173	0.07478	0.00511	0.00264	0.00579
8	0.00635	0.00500	0.00584	0.00616	0.00752	0.00449	0.00490	0.00792	0.01111	0.01390	0.11704	0.08425	0.47017	0.01231	0.00594	0.00178	0.00298	0.22365	0.00451	0.00418
9	0.00668	0.00482	0.00593	0.00587	0.00698	0.00435	0.00428	0.00834	0.01188	0.03450	0.43402	0.17461	0.22587	0.04236	0.00641	0.00172	0.00252	0.00970	0.00484	0.00431
10	0.01357	0.01195	0.03286	0.04855	0.02659	0.08124	0.02613	0.26507	0.28193	0.02134	0.05219	0.01620	0.03488	0.01858	0.00507	0.00153	0.00484	0.00500	0.04550	0.00696
11	0.09689	0.03058	0.03215	0.24042	0.27011	0.11384	0.03241	0.01474	0.02466	0.04887	0.01030	0.02739	0.02755	0.00501	0.00455	0.00147	0.00589	0.00428	0.00265	0.00624
12	0.05392	0.05653	0.05891	0.01064	0.03374	0.28048	0.00860	0.06313	0.01279	0.25600	0.03052	0.01302	0.00946	0.04462	0.00593	0.00155	0.04593	0.00406	0.00369	0.00647
13	0.01105	0.00888	0.01052	0.04256	0.01258	0.00727	0.00633	0.07577	0.01109	0.05108	0.00919	0.01044	0.00734	0.00388	0.00375	0.00084	0.00383	0.00310	0.00310	0.71742

[dist]
# distance from previous block
# <min> <max>
0	1

[block]
# block no. 6 follows, 53 sequences, length 18
# corresponding to MSA columns:
# 819-826,828-837
name=unknown_G
#
# <colnr> <probs for GDERKNQSTAVLIFYWHMCP>
#	G	D	E	R	K	N	Q	S	T	A	V	L	I	F	Y	W	H	M	C	P
0	0.00733	0.00439	0.00601	0.00628	0.00657	0.00427	0.00429	0.00692	0.00807	0.01079	0.08879	0.19676	0.04417	0.11956	0.01434	0.40732	0.00370	0.05425	0.00320	0.00300
1	0.00605	0.00423	0.00566	0.00667	0.00700	0.00397	0.00454	0.00677	0.00910	0.01207	0.02578	0.72507	0.05056	0.01492	0.00688	0.05479	0.00292	0.04494	0.00429	0.00380
2	0.02907	0.01207	0.01069	0.00976	0.01205	0.21539	0.00774	0.17648	0.08447	0.06255	0.01784	0.10737	0.05461	0.00846	0.00521	0.00163	0.00531	0.16930	0.00409	0.00591
3	0.00783	0.00598	0.00853	0.00793	0.00882	0.00605	0.08037	0.00933	0.04810	0.01169	0.01788	0.08124	0.04198	0.39925	0.01572	0.05691	0.02465	0.16054	0.00332	0.00388
4	0.02810	0.07857	0.05445	0.03123	0.04538	0.03586	0.00939	0.50286	0.05126	0.05434	0.01105	0.01138	0.00806	0.00535	0.00453	0.00137	0.00525	0.00405	0.00412	0.05339
5	0.00929	0.00734	0.00841	0.00777	0.00965	0.00778	0.00591	0.01631	0.35602	0.03497	0.32303	0.11081	0.04299	0.00867	0.00527	0.00158	0.00306	0.00753	0.00493	0.02867
6	0.05324	0.09985	0.23206	0.08034	0.19234	0.01073	0.04509	0.03196	0.01069	0.03635	0.06007	0.08087	0.03467	0.00589	0.00466	0.00148	0.00546	0.00508	0.00281	0.00636
7	0.00995	0.03138	0.10804	0.37262	0.12110	0.04096	0.05091	0.03730	0.01048	0.01393	0.04977	0.01435	0.02787	0.00745	0.06420	0.00198	0.02481	0.00457	0.00250	0.00582
8	0.00626	0.00494	0.00570	0.00599	0.00716	0.00452	0.00439	0.00816	0.05019	0.01392	0.13590	0.28561	0.38805	0.01246	0.00579	0.00173	0.00267	0.04774	0.00456	0.00424
9	0.01240	0.73979	0.11688	0.00882	0.01326	0.01800	0.00929	0.01441	0.00976	0.01170	0.00687	0.00795	0.00612	0.00414	0.00324	0.00108	0.00534	0.00267	0.00204	0.00624
10	0.06685	0.01657	0.10229	0.16084	0.07994	0.31624	0.05917	0.06712	0.01235	0.06193	0.00890	0.01064	0.00677	0.00483	0.00451	0.00141	0.00698	0.00375	0.00273	0.00618
11	0.00968	0.00924	0.01607	0.54923	0.18185	0.01057	0.07690	0.01281	0.01005	0.01326	0.00972	0.01511	0.00798	0.00513	0.00495	0.00160	0.00625	0.05147	0.00234	0.00579
12	0.00584	0.00422	0.00548	0.00648	0.00685	0.00392	0.00433	0.00668	0.00921	0.01217	0.02763	0.74798	0.08745	0.03896	0.00661	0.00200	0.00280	0.01313	0.00439	0.00386
13	0.70072	0.06857	0.00905	0.00688	0.01002	0.01142	0.00577	0.07105	0.00957	0.06035	0.00761	0.00845	0.00579	0.00458	0.00319	0.00144	0.00393	0.00282	0.00317	0.00561
14	0.00746	0.00559	0.00713	0.00689	0.00710	0.00634	0.00478	0.00804	0.00734	0.01018	0.01391	0.02714	0.01531	0.52623	0.16970	0.00472	0.12138	0.04442	0.00280	0.00356
15	0.00668	0.00467	0.00568	0.00583	0.00615	0.00471	0.00372	0.00722	0.00782	0.01049	0.03940	0.14282	0.07141	0.50709	0.15187	0.00448	0.00553	0.00784	0.00322	0.00338
16	0.01113	0.01240	0.02623	0.07914	0.07706	0.01200	0.65583	0.01494	0.01102	0.01500	0.00945	0.01274	0.00718	0.00422	0.00579	0.00161	0.03007	0.00541	0.00238	0.00640
17	0.02410	0.02828	0.06849	0.05057	0.33224	0.21950	0.12238	0.05020	0.03110	0.01515	0.00893	0.01109	0.00716	0.00456	0.00470	0.00141	0.00680	0.00408	0.00254	0.00674

[dist]
# distance from previous block
# <min> <max>
0	8

[block]
# block no. 7 follows, 53 sequences, length 7
# corresponding to MSA columns:
# 846-852
name=unknown_H
#
# <colnr> <probs for GDERKNQSTAVLIFYWHMCP>
#	G	D	E	R	K	N	Q	S	T	A	V	L	I	F	Y	W	H	M	C	P
0	0.01030	0.01334	0.18948	0.04701	0.05404	0.05573	0.08986	0.01598	0.20557	0.01531	0.01545	0.10872	0.04390	0.00715	0.00598	0.00166	0.07423	0.03676	0.00329	0.00624
1	0.00639	0.00452	0.00547	0.00587	0.00621	0.00439	0.00376	0.00695	0.00824	0.01087	0.02275	0.31740	0.11165	0.38786	0.07318	0.00355	0.00431	0.00955	0.00360	0.00348
2	0.25694	0.05220	0.07543	0.10465	0.16848	0.01165	0.03452	0.11437	0.01146	0.08659	0.00922	0.01076	0.00695	0.00485	0.00454	0.00148	0.03259	0.00373	0.00308	0.00653
3	0.00589	0.00425	0.00546	0.00640	0.00677	0.00395	0.00426	0.00669	0.00914	0.01205	0.02737	0.70671	0.09438	0.07336	0.00737	0.00211	0.00288	0.01282	0.00433	0.00382
4	0.01521	0.01478	0.03712	0.01197	0.04875	0.22280	0.04173	0.30956	0.12993	0.02075	0.05521	0.04701	0.01144	0.00607	0.00480	0.00144	0.00585	0.00480	0.00391	0.00686
5	0.45705	0.07783	0.01010	0.00813	0.04671	0.04060	0.00628	0.03578	0.01031	0.10421	0.09624	0.01223	0.01075	0.00515	0.00369	0.00138	0.00401	0.00365	0.00345	0.06245
6	0.04814	0.24286	0.04601	0.03371	0.09273	0.10206	0.05274	0.16938	0.01280	0.05304	0.00898	0.01063	0.00725	0.02382	0.00537	0.00142	0.06058	0.00370	0.00294	0.02183

[dist]
# distance from previous block
# <min> <max>
0	1

[block]
# block no. 8 follows, 53 sequences, length 8
# corresponding to MSA columns:
# 854-861
name=unknown_I
#
# <colnr> <probs for GDERKNQSTAVLIFYWHMCP>
#	G	D	E	R	K	N	Q	S	T	A	V	L	I	F	Y	W	H	M	C	P
0	0.01157	0.09476	0.33683	0.01563	0.14185	0.02959	0.09910	0.07936	0.09427	0.01644	0.00989	0.01136	0.00752	0.00481	0.00488	0.00148	0.02691	0.00406	0.00266	0.00705
1	0.00904	0.00693	0.00807	0.00762	0.00918	0.00727	0.00577	0.09455	0.19589	0.01811	0.27014	0.17894	0.04827	0.06306	0.00672	0.00185	0.00332	0.05515	0.00474	0.00537
2	0.00959	0.01083	0.09943	0.57817	0.06734	0.01091	0.07675	0.01375	0.06058	0.01345	0.00933	0.01276	0.00700	0.00478	0.00483	0.00158	0.00638	0.00436	0.00233	0.00585
3	0.05451	0.09124	0.10392	0.11887	0.08110	0.11257	0.06013	0.08044	0.02583	0.06456	0.01133	0.04257	0.02504	0.03132	0.03674	0.00178	0.01866	0.00451	0.02879	0.00611
4	0.00782	0.00553	0.00677	0.00686	0.00796	0.00535	0.00499	0.09024	0.01172	0.03760	0.16904	0.42120	0.12750	0.03705	0.00635	0.00184	0.00305	0.03993	0.00462	0.00458
5	0.01194	0.00703	0.00857	0.00732	0.00942	0.00684	0.00569	0.12450	0.04708	0.19845	0.35193	0.04518	0.06737	0.05894	0.00640	0.00169	0.00333	0.00700	0.02547	0.00584
6	0.01152	0.00859	0.00925	0.00797	0.01044	0.03727	0.00622	0.10633	0.22801	0.08438	0.16579	0.05247	0.07715	0.00727	0.00482	0.00142	0.00357	0.00606	0.07472	0.09674
7	0.11398	0.01035	0.03329	0.25625	0.25893	0.01083	0.07501	0.07842	0.01123	0.03993	0.01154	0.01387	0.05584	0.00508	0.00467	0.00151	0.00559	0.00453	0.00280	0.00636

[dist]
# distance from previous block
# <min> <max>
5	28

[block]
# block no. 9 follows, 53 sequences, length 9
# corresponding to MSA columns:
# 901-909
name=unknown_J
#
# <colnr> <probs for GDERKNQSTAVLIFYWHMCP>
#	G	D	E	R	K	N	Q	S	T	A	V	L	I	F	Y	W	H	M	C	P
0	0.01213	0.00899	0.00991	0.00873	0.01127	0.00975	0.00680	0.09812	0.43367	0.09303	0.05353	0.09666	0.05167	0.00742	0.00492	0.00156	0.00366	0.00624	0.04403	0.03793
1	0.11489	0.00674	0.00851	0.02020	0.04474	0.00756	0.00634	0.04417	0.04453	0.01478	0.08864	0.05853	0.01565	0.07393	0.23135	0.06624	0.06141	0.05513	0.03196	0.00469
2	0.01341	0.04220	0.04947	0.04152	0.12059	0.15009	0.00959	0.16849	0.10399	0.01777	0.01068	0.01283	0.00867	0.00534	0.00499	0.00134	0.04440	0.03169	0.00326	0.15967
3	0.00851	0.00707	0.00863	0.03452	0.08080	0.04375	0.00668	0.04357	0.04750	0.01443	0.07235	0.26257	0.08095	0.07864	0.00716	0.00198	0.00400	0.14965	0.00397	0.04329
4	0.01128	0.01363	0.18064	0.05642	0.14915	0.06242	0.13424	0.06451	0.05377	0.03739	0.01186	0.01534	0.03253	0.05302	0.03396	0.05270	0.00636	0.02175	0.00281	0.00622
5	0.02898	0.01004	0.01302	0.09916	0.14766	0.05161	0.00950	0.08330	0.03257	0.01494	0.01163	0.10489	0.02877	0.03040	0.00810	0.00169	0.21528	0.00529	0.00293	0.10024
6	0.00631	0.00501	0.00576	0.00558	0.00705	0.00432	0.00414	0.00787	0.01148	0.01503	0.28684	0.13375	0.41209	0.01113	0.00556	0.00156	0.00248	0.00957	0.00460	0.05986
7	0.01139	0.00947	0.01498	0.11326	0.35484	0.00981	0.04331	0.07245	0.01136	0.07111	0.01372	0.04663	0.04735	0.04455	0.04406	0.00199	0.02631	0.05390	0.00310	0.00642
8	0.03179	0.10343	0.33913	0.05028	0.07280	0.01030	0.03505	0.01401	0.04556	0.05144	0.05859	0.11822	0.01277	0.02974	0.00525	0.00161	0.00547	0.00539	0.00292	0.00625

[dist]
# distance from previous block
# <min> <max>
5	6

[block]
# block no. 10 follows, 53 sequences, length 26
# corresponding to MSA columns:
# 917-942
name=unknown_K
#
# <colnr> <probs for GDERKNQSTAVLIFYWHMCP>
#	G	D	E	R	K	N	Q	S	T	A	V	L	I	F	Y	W	H	M	C	P
0	0.01075	0.05998	0.13613	0.12735	0.35294	0.01168	0.09581	0.01389	0.01034	0.01451	0.03049	0.01276	0.02356	0.00498	0.00567	0.00152	0.07421	0.00442	0.00236	0.00665
1	0.03172	0.05528	0.39949	0.04550	0.07977	0.00931	0.01227	0.01243	0.00998	0.01426	0.02936	0.12694	0.08157	0.03892	0.00562	0.00169	0.00548	0.03169	0.00279	0.00594
2	0.00939	0.01891	0.52898	0.01276	0.01818	0.00995	0.10190	0.03972	0.01064	0.01525	0.03384	0.07854	0.04921	0.02913	0.00548	0.00166	0.00630	0.02116	0.00263	0.00639
3	0.00720	0.00488	0.00649	0.00733	0.00802	0.00480	0.00572	0.00855	0.00970	0.01308	0.02284	0.26463	0.02541	0.11017	0.00892	0.04465	0.00380	0.37379	0.06604	0.00397
4	0.76798	0.01045	0.04605	0.03184	0.01072	0.03935	0.00617	0.01423	0.00847	0.02051	0.00683	0.00806	0.00529	0.00447	0.00314	0.00148	0.00412	0.00270	0.00287	0.00528
5	0.00680	0.00459	0.00533	0.00547	0.00553	0.00458	0.00318	0.00696	0.00725	0.00969	0.01642	0.13168	0.01901	0.70481	0.04578	0.00439	0.00464	0.00773	0.00308	0.00306
6	0.01453	0.11724	0.06626	0.06428	0.09857	0.15832	0.05869	0.20515	0.11336	0.04198	0.01062	0.01155	0.00810	0.00509	0.00453	0.00140	0.00603	0.00404	0.00332	0.00693
7	0.06648	0.06708	0.14592	0.06763	0.11452	0.01053	0.04319	0.04633	0.02164	0.05458	0.03022	0.02787	0.03579	0.00709	0.04539	0.00175	0.08620	0.01445	0.00287	0.11047
8	0.02564	0.13745	0.06818	0.01215	0.07544	0.23179	0.04647	0.08359	0.03158	0.03576	0.03360	0.03302	0.00961	0.01909	0.01893	0.03711	0.04555	0.02547	0.00290	0.02669
9	0.01039	0.02164	0.61537	0.01477	0.02125	0.01115	0.17595	0.01549	0.01048	0.04569	0.00920	0.01091	0.00653	0.00449	0.00478	0.00153	0.00715	0.00402	0.00225	0.00698
10	0.00720	0.00553	0.00704	0.09243	0.01037	0.00546	0.00581	0.00938	0.05181	0.03266	0.08098	0.22418	0.27899	0.03674	0.00633	0.00186	0.00341	0.13110	0.00425	0.00447
11	0.01136	0.01133	0.02069	0.15373	0.43200	0.01160	0.21960	0.03360	0.01098	0.01525	0.00909	0.01222	0.00727	0.00442	0.00525	0.00152	0.02622	0.00462	0.00239	0.00686
12	0.01234	0.03163	0.05389	0.03337	0.13626	0.01155	0.14312	0.08735	0.06610	0.09687	0.03183	0.04521	0.02804	0.00633	0.00729	0.00164	0.18100	0.00515	0.01451	0.00653
13	0.00642	0.00481	0.00605	0.00682	0.00774	0.00448	0.00525	0.00779	0.01021	0.01303	0.03200	0.33230	0.24793	0.03217	0.00655	0.00200	0.00325	0.26272	0.00439	0.00407
14	0.00677	0.00466	0.00585	0.00613	0.00693	0.00428	0.00427	0.00800	0.01054	0.04324	0.24583	0.37720	0.13870	0.10546	0.00793	0.00206	0.00284	0.01064	0.00455	0.00413
15	0.00765	0.00591	0.00763	0.00859	0.05214	0.00606	0.00582	0.04547	0.09124	0.01418	0.04256	0.51609	0.04382	0.04549	0.01975	0.00205	0.02323	0.05334	0.00425	0.00471
16	0.01287	0.05727	0.07714	0.10277	0.23948	0.09048	0.03860	0.07459	0.12172	0.07439	0.02947	0.03923	0.01006	0.00540	0.00471	0.00146	0.00562	0.00464	0.00323	0.00687
17	0.01039	0.00824	0.04229	0.04427	0.21130	0.00751	0.04228	0.01299	0.02410	0.11626	0.20263	0.04110	0.10028	0.00870	0.04920	0.00182	0.00458	0.00629	0.05983	0.00593
18	0.00991	0.00850	0.00991	0.00708	0.01133	0.00637	0.00566	0.01203	0.00991	0.01557	0.00850	0.00991	0.00708	0.00354	0.00354	0.00071	0.00354	0.00283	0.00283	0.86124
19	0.03564	0.01133	0.05506	0.16266	0.43952	0.02269	0.04491	0.06795	0.01142	0.04643	0.01023	0.05220	0.00857	0.00506	0.00479	0.00149	0.00572	0.00470	0.00273	0.00689
20	0.00724	0.00526	0.00598	0.00624	0.00739	0.02383	0.00460	0.00855	0.01065	0.05252	0.10464	0.29223	0.30279	0.03504	0.00623	0.00181	0.00298	0.07791	0.03984	0.00429
21	0.00752	0.00445	0.00606	0.00647	0.00681	0.00430	0.00434	0.00744	0.00813	0.04883	0.01848	0.40458	0.02091	0.12370	0.04565	0.26240	0.00391	0.00908	0.00351	0.00343
22	0.00945	0.00749	0.02831	0.00928	0.03856	0.00737	0.03075	0.04580	0.17237	0.05443	0.03361	0.16420	0.07956	0.07771	0.00722	0.00205	0.00409	0.21806	0.00429	0.00540
23	0.01234	0.00929	0.05077	0.12915	0.12202	0.03008	0.00927	0.03618	0.05429	0.20072	0.01892	0.06447	0.10355	0.01859	0.00583	0.00167	0.03860	0.08413	0.00391	0.00622
24	0.16019	0.08434	0.05271	0.02562	0.05237	0.27294	0.02055	0.12782	0.03660	0.05527	0.00898	0.00991	0.00695	0.00482	0.00409	0.00131	0.00603	0.00341	0.00308	0.06301
25	0.04161	0.01035	0.01517	0.16782	0.31651	0.03355	0.03929	0.05567	0.02313	0.01570	0.01004	0.03175	0.02159	0.00482	0.00474	0.00135	0.02239	0.00427	0.00269	0.17755

[dist]
# distance from previous block
# <min> <max>
0	8

[block]
# block no. 11 follows, 53 sequences, length 9
# corresponding to MSA columns:
# 951-959
name=unknown_L
#
# <colnr> <probs for GDERKNQSTAVLIFYWHMCP>
#	G	D	E	R	K	N	Q	S	T	A	V	L	I	F	Y	W	H	M	C	P
0	0.08291	0.04380	0.05914	0.06146	0.21726	0.01003	0.00969	0.04888	0.07681	0.06462	0.06834	0.04931	0.04504	0.00829	0.05977	0.00194	0.04902	0.01665	0.00332	0.02375
1	0.00603	0.00439	0.00565	0.00641	0.00696	0.00406	0.00443	0.00712	0.00993	0.01320	0.13308	0.58574	0.11420	0.03976	0.00658	0.00194	0.00278	0.03925	0.00450	0.00397
2	0.02640	0.00767	0.01129	0.06725	0.03054	0.00807	0.10752	0.03084	0.11221	0.02791	0.12551	0.16026	0.11150	0.00926	0.00622	0.00173	0.05938	0.08715	0.00397	0.00531
3	0.04672	0.07736	0.25161	0.01381	0.09675	0.02873	0.10301	0.10452	0.07773	0.02953	0.03917	0.04882	0.01004	0.00615	0.02171	0.00163	0.02829	0.00468	0.00301	0.00670
4	0.01006	0.00849	0.01138	0.34941	0.03912	0.02389	0.00936	0.04199	0.17808	0.05279	0.06073	0.02147	0.14669	0.00688	0.00501	0.00159	0.00476	0.01889	0.00360	0.00581
5	0.00684	0.00465	0.00552	0.00561	0.00573	0.00472	0.00337	0.00710	0.00722	0.00972	0.01576	0.09708	0.01797	0.67401	0.11114	0.00475	0.00539	0.00730	0.00299	0.00313
6	0.01285	0.45350	0.14819	0.01009	0.01425	0.09351	0.04724	0.05043	0.01095	0.04845	0.00927	0.06433	0.00824	0.00513	0.00391	0.00125	0.00572	0.00384	0.00256	0.00627
7	0.00773	0.00650	0.00754	0.00742	0.00829	0.07355	0.00551	0.00909	0.00846	0.01128	0.05243	0.02218	0.04678	0.17817	0.52645	0.00602	0.01000	0.00566	0.00282	0.00412
8	0.00738	0.00473	0.00597	0.00633	0.00727	0.00435	0.00457	0.00878	0.01063	0.06578	0.16954	0.42124	0.12275	0.01209	0.00563	0.00172	0.00274	0.04694	0.08717	0.00437

[dist]
# distance from previous block
# <min> <max>
0	1

[block]
# block no. 12 follows, 53 sequences, length 33
# corresponding to MSA columns:
# 961-993
name=unknown_M
#
# <colnr> <probs for GDERKNQSTAVLIFYWHMCP>
#	G	D	E	R	K	N	Q	S	T	A	V	L	I	F	Y	W	H	M	C	P
0	0.03159	0.01968	0.04320	0.04502	0.05757	0.60562	0.02278	0.01749	0.02299	0.01253	0.02209	0.03296	0.00792	0.00624	0.03087	0.00152	0.00801	0.00373	0.00257	0.00563
1	0.00975	0.07415	0.10510	0.04155	0.01297	0.00955	0.05343	0.05139	0.22058	0.01768	0.25254	0.03742	0.05743	0.00800	0.02606	0.00168	0.00439	0.00622	0.00409	0.00603
2	0.00740	0.00536	0.00730	0.00825	0.00936	0.00526	0.00708	0.00945	0.01100	0.01425	0.05394	0.08743	0.09798	0.01307	0.00646	0.00211	0.00408	0.64143	0.00444	0.00435
3	0.29482	0.02412	0.11193	0.01454	0.20101	0.11844	0.05291	0.02953	0.01046	0.04730	0.00849	0.01013	0.00663	0.00465	0.00432	0.00144	0.02462	0.00354	0.02486	0.00626
4	0.00605	0.00468	0.00559	0.01926	0.00721	0.00427	0.00429	0.00724	0.01022	0.01309	0.11691	0.31295	0.34989	0.06370	0.02957	0.00209	0.00307	0.03157	0.00434	0.00400
5	0.01260	0.05664	0.01261	0.00947	0.03969	0.01032	0.01712	0.21731	0.12485	0.01978	0.01077	0.01143	0.00839	0.00460	0.00409	0.00108	0.00424	0.00365	0.00357	0.42779
6	0.01059	0.00977	0.01386	0.02640	0.02865	0.01291	0.02152	0.01188	0.00807	0.04762	0.00859	0.04182	0.00835	0.00902	0.03544	0.00214	0.63566	0.02958	0.00247	0.03566
7	0.02890	0.06409	0.27591	0.03065	0.11699	0.02095	0.03580	0.08304	0.07646	0.04475	0.01062	0.05350	0.00873	0.00587	0.00620	0.00158	0.12188	0.00450	0.00286	0.00671
8	0.00952	0.05172	0.07183	0.04759	0.03043	0.00873	0.17078	0.03406	0.08704	0.04335	0.04163	0.20381	0.09607	0.00903	0.01759	0.00176	0.00497	0.06081	0.00366	0.00561
9	0.00591	0.00471	0.00527	0.00559	0.00676	0.00413	0.00408	0.00710	0.01048	0.01302	0.07994	0.23674	0.50144	0.04080	0.00645	0.00183	0.00269	0.05462	0.00443	0.00400
10	0.00964	0.00596	0.00761	0.02352	0.00903	0.00572	0.00541	0.04544	0.05737	0.14271	0.34265	0.24424	0.06117	0.01018	0.00553	0.00163	0.00299	0.00896	0.00500	0.00525
11	0.01152	0.02647	0.09251	0.12767	0.33236	0.03458	0.18857	0.06708	0.01151	0.01573	0.00977	0.04239	0.00807	0.00482	0.00494	0.00150	0.00638	0.00479	0.00255	0.00679
12	0.00971	0.03225	0.03221	0.00953	0.01117	0.08437	0.11950	0.03813	0.04060	0.01251	0.02648	0.02201	0.01325	0.33315	0.08710	0.02148	0.05177	0.03278	0.01744	0.00458
13	0.04592	0.00852	0.00981	0.00719	0.01122	0.00681	0.00577	0.02770	0.02711	0.06481	0.00955	0.01064	0.00762	0.00389	0.00364	0.00083	0.00358	0.00307	0.02773	0.71458
14	0.08261	0.06226	0.14677	0.06937	0.01873	0.02775	0.26735	0.07373	0.01112	0.03751	0.01062	0.05022	0.00903	0.03319	0.00614	0.00169	0.05099	0.03199	0.00279	0.00613
15	0.00796	0.00508	0.00640	0.00607	0.00742	0.00460	0.00455	0.00984	0.01245	0.09150	0.48052	0.12982	0.15692	0.01021	0.00551	0.00155	0.00251	0.00891	0.04347	0.00470
16	0.00621	0.00436	0.00540	0.00607	0.00631	0.00415	0.00386	0.00677	0.00845	0.01120	0.02334	0.51562	0.05974	0.30122	0.01247	0.00287	0.00341	0.01111	0.00390	0.00354
17	0.01229	0.03919	0.02788	0.07223	0.06579	0.17659	0.00823	0.07494	0.15621	0.05974	0.04749	0.18659	0.01556	0.02896	0.00545	0.00162	0.00510	0.00641	0.00376	0.00596
18	0.05890	0.01013	0.01060	0.00919	0.02641	0.04341	0.00711	0.28664	0.16973	0.07236	0.01455	0.05157	0.01161	0.04308	0.03402	0.00180	0.00463	0.00500	0.13262	0.00664
19	0.01070	0.03677	0.01577	0.56793	0.12680	0.02465	0.03849	0.09533	0.01123	0.01461	0.00884	0.01226	0.00673	0.00477	0.00474	0.00153	0.00622	0.00423	0.00245	0.00596
20	0.04881	0.04171	0.08998	0.01124	0.12394	0.01968	0.00812	0.01131	0.02299	0.05240	0.08607	0.31096	0.01991	0.02856	0.02373	0.00187	0.06784	0.00792	0.01762	0.00533
21	0.00989	0.00882	0.05139	0.03210	0.01108	0.02456	0.04165	0.14638	0.02495	0.01531	0.03042	0.17160	0.03223	0.23106	0.01141	0.00245	0.08911	0.00692	0.02437	0.03429
22	0.00965	0.00895	0.01377	0.55543	0.06941	0.03088	0.03685	0.04734	0.04258	0.01371	0.03046	0.05892	0.02628	0.02947	0.00547	0.00167	0.00586	0.00513	0.00266	0.00550
23	0.00608	0.00466	0.00555	0.00596	0.00695	0.00419	0.00433	0.00736	0.01056	0.01360	0.15194	0.31386	0.33334	0.04188	0.00654	0.00186	0.00275	0.07004	0.00451	0.00404
24	0.01128	0.01122	0.05308	0.18296	0.47115	0.01090	0.10286	0.01439	0.01082	0.04300	0.03579	0.01301	0.00864	0.00459	0.00487	0.00149	0.00598	0.00455	0.00253	0.00689
25	0.01095	0.06290	0.31628	0.06162	0.02022	0.08290	0.22645	0.01523	0.03695	0.01464	0.00977	0.01297	0.00774	0.00481	0.00479	0.00147	0.00687	0.03855	0.00243	0.06245
26	0.00903	0.00850	0.01434	0.82054	0.03292	0.01062	0.01327	0.01221	0.00956	0.01221	0.00850	0.01274	0.00637	0.00478	0.00478	0.00159	0.00637	0.00425	0.00212	0.00531
27	0.01041	0.01043	0.01420	0.01225	0.01236	0.03273	0.01016	0.01150	0.00749	0.01148	0.00669	0.01091	0.00661	0.00992	0.06279	0.00240	0.75613	0.00421	0.00213	0.00518
28	0.06166	0.00998	0.12312	0.06105	0.13687	0.00809	0.07418	0.02994	0.01037	0.06263	0.01664	0.31492	0.01719	0.00883	0.00527	0.00170	0.00475	0.04368	0.00347	0.00566
29	0.00693	0.00472	0.00565	0.00565	0.00579	0.00487	0.00344	0.00723	0.00708	0.00959	0.01466	0.02909	0.01643	0.69257	0.16248	0.00517	0.00606	0.00663	0.00284	0.00314
30	0.00582	0.00416	0.00555	0.00666	0.00693	0.00388	0.00444	0.00666	0.00915	0.01220	0.02634	0.82891	0.03161	0.01497	0.00610	0.00194	0.00277	0.01359	0.00444	0.00388
31	0.01210	0.04134	0.06899	0.03712	0.27044	0.00991	0.05973	0.05357	0.08392	0.11648	0.10810	0.03955	0.01410	0.00683	0.03193	0.00168	0.00517	0.00525	0.02704	0.00678
32	0.00978	0.01092	0.13100	0.01234	0.10753	0.02346	0.02730	0.07699	0.02341	0.01411	0.01235	0.10854	0.01220	0.12759	0.11537	0.00291	0.15968	0.01615	0.00288	0.00549

[dist]
# distance from previous block
# <min> <max>
0	6

[block]
# block no. 13 follows, 53 sequences, length 32
# corresponding to MSA columns:
# 1000-1014,1018-1034
name=unknown_N
#
# <colnr> <probs for GDERKNQSTAVLIFYWHMCP>
#	G	D	E	R	K	N	Q	S	T	A	V	L	I	F	Y	W	H	M	C	P
0	0.00633	0.04725	0.00684	0.03387	0.00806	0.00493	0.00487	0.00738	0.00957	0.01259	0.06956	0.65575	0.08826	0.01356	0.00584	0.00183	0.00296	0.01216	0.00428	0.00409
1	0.60424	0.03945	0.03769	0.00994	0.09869	0.11332	0.00729	0.01481	0.00925	0.01899	0.00708	0.00840	0.00563	0.00447	0.00339	0.00143	0.00471	0.00287	0.00277	0.00559
2	0.00959	0.00901	0.01509	0.60416	0.20106	0.01058	0.01318	0.01281	0.02419	0.01310	0.00940	0.04002	0.00763	0.00504	0.00481	0.00157	0.00605	0.00458	0.00230	0.00580
3	0.01760	0.20530	0.01417	0.00844	0.01196	0.03631	0.00723	0.05922	0.03505	0.46086	0.05011	0.01521	0.02599	0.00573	0.00439	0.00136	0.00436	0.00446	0.02500	0.00724
4	0.01068	0.01189	0.02479	0.05975	0.02313	0.01158	0.63246	0.01425	0.01089	0.01471	0.01229	0.01520	0.06676	0.00498	0.00630	0.00164	0.06425	0.00580	0.00253	0.00612
5	0.00685	0.00505	0.00731	0.00731	0.00803	0.00577	0.00551	0.00830	0.00757	0.01082	0.01314	0.02066	0.01277	0.15571	0.69434	0.00722	0.01157	0.00540	0.00261	0.00406
6	0.01395	0.58839	0.02207	0.01027	0.04533	0.21183	0.02301	0.01551	0.01072	0.01161	0.00698	0.00817	0.00622	0.00430	0.00348	0.00110	0.00604	0.00281	0.00217	0.00605
7	0.01036	0.04297	0.03590	0.02945	0.03246	0.00793	0.02968	0.02704	0.03660	0.02595	0.03618	0.01131	0.00863	0.00417	0.00415	0.00093	0.02540	0.00337	0.00294	0.62459
8	0.02209	0.04984	0.08409	0.10736	0.27743	0.01105	0.06669	0.04558	0.13247	0.08750	0.02806	0.03181	0.01006	0.00524	0.00474	0.00149	0.00535	0.00472	0.01746	0.00697
9	0.01073	0.05672	0.06707	0.04368	0.33913	0.01063	0.14480	0.05299	0.01115	0.01541	0.03192	0.13736	0.01242	0.00638	0.00523	0.00155	0.01791	0.02556	0.00289	0.00647
10	0.01047	0.06434	0.10654	0.00795	0.01232	0.00767	0.00726	0.01290	0.01013	0.05811	0.01044	0.03215	0.02828	0.00434	0.00382	0.00092	0.00405	0.00347	0.00293	0.61191
11	0.26279	0.01452	0.01057	0.02935	0.03638	0.35614	0.00757	0.05542	0.01155	0.01577	0.01066	0.13012	0.01025	0.00647	0.00428	0.00146	0.00591	0.02239	0.00305	0.00536
