[name]
unknown

[dist]
# distance from previous block
# <min> <max>
0	253

[block]
# block no. 0 follows, 41 sequences, length 31
# corresponding to MSA columns:
# 283-313
name=unknown_A
#
# <colnr> <probs for GDERKNQSTAVLIFYWHMCP>
#	G	D	E	R	K	N	Q	S	T	A	V	L	I	F	Y	W	H	M	C	P
0	0.10694	0.04873	0.09367	0.01163	0.05558	0.06319	0.00959	0.05177	0.04712	0.14811	0.06970	0.10518	0.04961	0.00875	0.00566	0.00182	0.00534	0.05722	0.03242	0.02799
1	0.04308	0.02689	0.09573	0.04411	0.14138	0.02543	0.04184	0.11492	0.03348	0.03441	0.08289	0.02452	0.16274	0.00792	0.00572	0.00171	0.00548	0.00670	0.03530	0.06575
2	0.13115	0.01298	0.03339	0.05957	0.23795	0.02574	0.01202	0.15374	0.04109	0.07607	0.05332	0.03193	0.01224	0.00668	0.00631	0.00178	0.05879	0.00534	0.00410	0.03582
3	0.29247	0.01177	0.01467	0.03741	0.23208	0.01253	0.01064	0.09553	0.01334	0.09150	0.01254	0.06780	0.01055	0.00659	0.00545	0.00177	0.03135	0.00520	0.00395	0.04285
4	0.01350	0.01025	0.01331	0.06529	0.01558	0.01040	0.06365	0.23159	0.01663	0.05438	0.06336	0.21428	0.07870	0.04016	0.00709	0.00199	0.00516	0.00886	0.00495	0.08088
5	0.00836	0.00599	0.00721	0.00681	0.00851	0.00532	0.00514	0.01058	0.01504	0.05214	0.47136	0.04624	0.31124	0.01252	0.00671	0.00185	0.00286	0.01078	0.00597	0.00538
6	0.00770	0.00530	0.00657	0.00714	0.00755	0.00509	0.00463	0.00815	0.00996	0.01308	0.02770	0.36010	0.11492	0.27480	0.04457	0.07790	0.00460	0.01177	0.00437	0.00410
7	0.00985	0.00923	0.01588	0.04329	0.08700	0.00874	0.20621	0.01246	0.01277	0.01689	0.11840	0.10177	0.20685	0.09950	0.00922	0.00235	0.00563	0.02376	0.00423	0.00598
8	0.02174	0.01602	0.01717	0.01316	0.01774	0.01774	0.01087	0.74423	0.02689	0.03605	0.01373	0.01373	0.00973	0.00687	0.00572	0.00172	0.00629	0.00515	0.00572	0.00973
9	0.01302	0.01082	0.01761	0.04079	0.06350	0.01063	0.20897	0.03733	0.13474	0.09332	0.07330	0.13672	0.07456	0.00893	0.00639	0.00192	0.00583	0.02189	0.00468	0.03506
10	0.02136	0.01542	0.01657	0.01276	0.01719	0.01699	0.01052	0.69659	0.02602	0.05231	0.01415	0.01419	0.01004	0.00686	0.00565	0.00170	0.00611	0.00517	0.04085	0.00954
11	0.01699	0.04435	0.01621	0.01512	0.08255	0.32376	0.02413	0.07962	0.17859	0.01835	0.01331	0.01489	0.01076	0.01063	0.09361	0.00253	0.03842	0.00491	0.00377	0.00749
12	0.03586	0.51906	0.02383	0.01057	0.01463	0.20883	0.00950	0.01821	0.01276	0.01458	0.00913	0.01055	0.00797	0.00531	0.00407	0.00131	0.00682	0.00342	0.07664	0.00696
13	0.00799	0.00629	0.00740	0.00680	0.00877	0.00542	0.00515	0.01020	0.01453	0.01963	0.41241	0.04408	0.31781	0.01195	0.00648	0.00175	0.00294	0.01025	0.00561	0.09454
14	0.00866	0.00627	0.00849	0.00831	0.00878	0.00710	0.00592	0.00952	0.00869	0.01221	0.01546	0.02735	0.01609	0.33942	0.37220	0.06527	0.06593	0.00684	0.00314	0.00435
15	0.01289	0.01652	0.20949	0.07611	0.02130	0.01303	0.14573	0.07338	0.22094	0.02061	0.05962	0.01927	0.01432	0.06231	0.00757	0.00213	0.00680	0.00610	0.00401	0.00788
16	0.02137	0.02726	0.01621	0.01474	0.01768	0.77602	0.01105	0.02284	0.01621	0.01400	0.00884	0.01031	0.00737	0.00589	0.00516	0.00147	0.01031	0.00368	0.00295	0.00663
17	0.00695	0.00505	0.00656	0.00777	0.00825	0.00466	0.00522	0.00799	0.01114	0.01468	0.03389	0.72908	0.10247	0.01761	0.00725	0.00229	0.00328	0.01589	0.00531	0.00466
18	0.02531	0.01030	0.01362	0.01044	0.01488	0.00924	0.00863	0.09191	0.01731	0.70190	0.02178	0.01896	0.01376	0.00706	0.00575	0.00177	0.00499	0.00570	0.00696	0.00973
19	0.00813	0.00551	0.00702	0.00746	0.00824	0.00512	0.00511	0.00947	0.01219	0.04378	0.21375	0.41717	0.08292	0.13446	0.01039	0.00264	0.00353	0.01293	0.00534	0.00485
20	0.01147	0.02959	0.76934	0.01630	0.02476	0.01328	0.02113	0.01811	0.01208	0.01811	0.01026	0.01208	0.00725	0.00543	0.00543	0.00181	0.00845	0.00423	0.00242	0.00845
21	0.01474	0.62742	0.14856	0.01156	0.01702	0.03741	0.04309	0.01746	0.01188	0.01443	0.00850	0.00993	0.00738	0.00500	0.00412	0.00135	0.00674	0.00342	0.00247	0.00752
22	0.01088	0.00541	0.00802	0.00780	0.00820	0.00540	0.00540	0.00914	0.00823	0.06352	0.01131	0.01799	0.01062	0.02103	0.08858	0.70136	0.00589	0.00513	0.00286	0.00323
23	0.00696	0.00560	0.00616	0.00655	0.00798	0.00487	0.00475	0.00828	0.01233	0.01514	0.04862	0.24953	0.51888	0.04207	0.00770	0.00218	0.00318	0.03921	0.00525	0.00475
24	0.00986	0.03480	0.01245	0.01094	0.01168	0.01100	0.00876	0.01149	0.00907	0.01329	0.01266	0.01977	0.01226	0.08388	0.44583	0.00644	0.27165	0.00581	0.00289	0.00545
25	0.01325	0.22299	0.17503	0.24683	0.12436	0.01553	0.06631	0.01708	0.01214	0.04095	0.01020	0.01302	0.00796	0.00534	0.00519	0.00168	0.00734	0.00452	0.00271	0.00761
26	0.01765	0.02109	0.01871	0.04653	0.07576	0.44409	0.08005	0.01962	0.01382	0.01473	0.00899	0.01178	0.00766	0.00667	0.00849	0.00179	0.18850	0.00443	0.00282	0.00682
27	0.00878	0.00737	0.03436	0.00941	0.03028	0.00665	0.03429	0.01135	0.02891	0.01828	0.31672	0.08025	0.07846	0.13886	0.05657	0.00301	0.00495	0.12113	0.00503	0.00534
28	0.01668	0.40843	0.03857	0.01371	0.06806	0.16618	0.03774	0.08417	0.06614	0.01696	0.01008	0.01137	0.00844	0.00562	0.00496	0.00147	0.02670	0.00395	0.00312	0.00766
29	0.00807	0.00579	0.00707	0.00730	0.00804	0.00535	0.00473	0.00889	0.01017	0.01391	0.04828	0.38302	0.02842	0.32872	0.01568	0.00344	0.00429	0.01151	0.00440	0.09293
30	0.01575	0.10908	0.18782	0.01457	0.03258	0.04252	0.10659	0.18080	0.12323	0.06044	0.04617	0.01631	0.02551	0.00647	0.00561	0.00174	0.00680	0.00542	0.00419	0.00841

[dist]
# distance from previous block
# <min> <max>
1	9

[block]
# block no. 1 follows, 41 sequences, length 28
# corresponding to MSA columns:
# 323-350
name=unknown_B
#
# <colnr> <probs for GDERKNQSTAVLIFYWHMCP>
#	G	D	E	R	K	N	Q	S	T	A	V	L	I	F	Y	W	H	M	C	P
0	0.04372	0.03852	0.10407	0.08359	0.01949	0.04917	0.06367	0.09412	0.01237	0.01790	0.00933	0.01268	0.00783	0.00742	0.01102	0.00200	0.33957	0.00474	0.00300	0.07579
1	0.00797	0.00580	0.00705	0.00694	0.00841	0.00518	0.00513	0.00999	0.01439	0.03914	0.40548	0.16000	0.27671	0.01341	0.00681	0.00192	0.00291	0.01167	0.00585	0.00522
2	0.00714	0.00508	0.00671	0.00795	0.00829	0.00478	0.00533	0.00813	0.01086	0.01446	0.03058	0.71709	0.03651	0.07014	0.00878	0.00255	0.00354	0.04231	0.00518	0.00459
3	0.00797	0.00555	0.00707	0.00791	0.00834	0.00542	0.00551	0.00897	0.01048	0.01388	0.02627	0.35067	0.03044	0.30522	0.01547	0.00358	0.00458	0.17367	0.00462	0.00435
4	0.00724	0.00526	0.00678	0.00783	0.00843	0.00490	0.00544	0.00843	0.01141	0.01503	0.06086	0.59038	0.11337	0.05716	0.00839	0.00245	0.00352	0.07318	0.00525	0.00468
5	0.00994	0.00497	0.00745	0.00745	0.00745	0.00497	0.00497	0.00745	0.00745	0.00994	0.00994	0.01739	0.00994	0.01987	0.02235	0.83358	0.00497	0.00497	0.00248	0.00248
6	0.01189	0.01015	0.01716	0.53198	0.05941	0.01158	0.07564	0.01544	0.01251	0.07430	0.07184	0.01974	0.05087	0.00664	0.00594	0.00188	0.00692	0.00605	0.00337	0.00668
7	0.02137	0.02726	0.01621	0.01474	0.01768	0.77602	0.01105	0.02284	0.01621	0.01400	0.00884	0.01031	0.00737	0.00589	0.00516	0.00147	0.01031	0.00368	0.00295	0.00663
8	0.03405	0.16337	0.11129	0.03043	0.06798	0.08639	0.01179	0.25282	0.05286	0.06355	0.03240	0.01407	0.01057	0.00623	0.00517	0.00162	0.00653	0.00471	0.03584	0.00833
9	0.01302	0.01153	0.01313	0.01082	0.06419	0.04490	0.00793	0.05622	0.01299	0.01941	0.01034	0.01205	0.00853	0.00452	0.00446	0.00098	0.00481	0.00362	0.00346	0.69309
10	0.01649	0.00951	0.01069	0.00910	0.01206	0.00988	0.00722	0.11916	0.19482	0.19963	0.03726	0.02037	0.01547	0.00717	0.00515	0.00165	0.00412	0.00580	0.30658	0.00786
11	0.00797	0.00584	0.00748	0.00707	0.00847	0.00535	0.00530	0.01056	0.01590	0.02225	0.69612	0.04385	0.11856	0.01195	0.00675	0.00181	0.00272	0.01050	0.00621	0.00535
12	0.00810	0.00585	0.00765	0.00720	0.00855	0.00540	0.00540	0.01079	0.01619	0.02294	0.76028	0.04273	0.05397	0.01169	0.00675	0.00180	0.00270	0.01034	0.00630	0.00540
13	0.00698	0.00579	0.00604	0.00599	0.00779	0.00492	0.00445	0.00854	0.01330	0.01627	0.14634	0.05294	0.64829	0.03797	0.00744	0.00202	0.00295	0.01174	0.00538	0.00486
14	0.83938	0.01106	0.00841	0.00752	0.01106	0.01283	0.00619	0.01681	0.00973	0.02566	0.00796	0.00929	0.00619	0.00531	0.00354	0.00177	0.00442	0.00310	0.00354	0.00619
15	0.01080	0.01017	0.01716	0.78523	0.03940	0.01271	0.01589	0.01461	0.01144	0.01461	0.01017	0.01525	0.00762	0.00572	0.00572	0.00191	0.00762	0.00508	0.00254	0.00635
16	0.01314	0.01238	0.01732	0.01479	0.01500	0.01709	0.01232	0.01443	0.00912	0.04937	0.00822	0.01284	0.00782	0.00987	0.01816	0.00247	0.75149	0.00504	0.00272	0.00642
17	0.01350	0.01543	0.03375	0.02411	0.02989	0.01446	0.74253	0.01832	0.01350	0.01832	0.01157	0.01543	0.00868	0.00482	0.00675	0.00193	0.00964	0.00675	0.00289	0.00771
18	0.02137	0.02726	0.01621	0.01474	0.01768	0.77602	0.01105	0.02284	0.01621	0.01400	0.00884	0.01031	0.00737	0.00589	0.00516	0.00147	0.01031	0.00368	0.00295	0.00663
19	0.01279	0.01014	0.01196	0.00859	0.01363	0.00768	0.00689	0.01530	0.01216	0.06876	0.01100	0.01237	0.00885	0.00443	0.00434	0.00091	0.00428	0.00355	0.00364	0.77876
20	0.00970	0.00505	0.00727	0.00727	0.00727	0.00505	0.00475	0.00758	0.00758	0.01010	0.01111	0.02031	0.01152	0.13343	0.02334	0.71290	0.00505	0.00546	0.00263	0.00263
21	0.01360	0.01067	0.01776	0.03592	0.07002	0.01042	0.21028	0.07668	0.05696	0.11789	0.07485	0.20369	0.03768	0.00959	0.00654	0.00198	0.00593	0.02752	0.00477	0.00726
22	0.01147	0.02959	0.76934	0.01630	0.02476	0.01328	0.02113	0.01811	0.01208	0.01811	0.01026	0.01208	0.00725	0.00543	0.00543	0.00181	0.00845	0.00423	0.00242	0.00845
23	0.01439	0.00719	0.00832	0.00733	0.00960	0.00699	0.00573	0.04524	0.05297	0.19412	0.11898	0.02347	0.01977	0.00750	0.00493	0.00154	0.00341	0.00615	0.45563	0.00672
24	0.02075	0.07995	0.01740	0.01494	0.03944	0.67406	0.01115	0.04846	0.01619	0.01490	0.00901	0.01047	0.00750	0.00584	0.00509	0.00147	0.00978	0.00374	0.00301	0.00686
25	0.00813	0.00607	0.00767	0.00789	0.00908	0.00576	0.00574	0.01097	0.06272	0.01896	0.33677	0.34389	0.07779	0.01403	0.00689	0.00203	0.00322	0.03974	0.00571	0.02696
26	0.04652	0.01411	0.01778	0.19061	0.11054	0.10494	0.08230	0.14175	0.01494	0.02011	0.01090	0.01397	0.00867	0.02666	0.00627	0.00171	0.02217	0.00479	0.00342	0.15783
27	0.05420	0.01021	0.01396	0.07955	0.15220	0.05604	0.04380	0.01614	0.01305	0.14925	0.07849	0.15065	0.03350	0.04081	0.05245	0.00247	0.00618	0.03568	0.00447	0.00691

[dist]
# distance from previous block
# <min> <max>
0	3

[block]
# block no. 2 follows, 41 sequences, length 38
# corresponding to MSA columns:
# 354,357-393
name=unknown_C
#
# <colnr> <probs for GDERKNQSTAVLIFYWHMCP>
#	G	D	E	R	K	N	Q	S	T	A	V	L	I	F	Y	W	H	M	C	P
0	0.00966	0.00620	0.00815	0.00885	0.01010	0.00587	0.00680	0.01170	0.03171	0.08989	0.03253	0.40950	0.10133	0.01563	0.00724	0.00232	0.00405	0.22753	0.00548	0.00547
1	0.01385	0.03288	0.15053	0.32238	0.05076	0.04207	0.03964	0.13103	0.03310	0.04981	0.04328	0.01724	0.01124	0.00648	0.00576	0.00184	0.00720	0.02978	0.00357	0.00755
2	0.01332	0.11422	0.24380	0.14480	0.05365	0.03181	0.24181	0.05673	0.01328	0.01794	0.01055	0.01341	0.00797	0.00530	0.00569	0.00178	0.00827	0.00508	0.00279	0.00779
3	0.01580	0.05150	0.07073	0.07030	0.16195	0.12745	0.04699	0.06540	0.01400	0.11982	0.01433	0.07663	0.01229	0.05152	0.00748	0.00197	0.03991	0.00596	0.03845	0.00752
4	0.61537	0.05807	0.02918	0.00919	0.01287	0.12814	0.00768	0.04971	0.01162	0.02351	0.00840	0.00970	0.00661	0.00545	0.00393	0.00169	0.00558	0.00330	0.00346	0.00653
5	0.00709	0.00581	0.00625	0.00614	0.00793	0.00497	0.00460	0.00884	0.01381	0.01727	0.22896	0.05205	0.58883	0.01381	0.00676	0.00190	0.00285	0.01165	0.00555	0.00497
6	0.03057	0.12556	0.10098	0.04194	0.22481	0.01332	0.01264	0.01857	0.06787	0.09968	0.01287	0.03442	0.01038	0.00607	0.00590	0.00162	0.05017	0.00491	0.01723	0.12049
7	0.00714	0.00518	0.00676	0.00777	0.00837	0.00480	0.00534	0.00842	0.01180	0.01573	0.12182	0.63105	0.09433	0.01686	0.00721	0.00224	0.00326	0.03175	0.00543	0.00477
8	0.02470	0.00991	0.01313	0.01013	0.01441	0.00883	0.00835	0.07126	0.01681	0.68645	0.02183	0.01920	0.01391	0.00705	0.00567	0.00175	0.00485	0.00569	0.04654	0.00952
9	0.01080	0.01017	0.01716	0.78523	0.03940	0.01271	0.01589	0.01461	0.01144	0.01461	0.01017	0.01525	0.00762	0.00572	0.00572	0.00191	0.00762	0.00508	0.00254	0.00635
10	0.01080	0.01017	0.01716	0.78523	0.03940	0.01271	0.01589	0.01461	0.01144	0.01461	0.01017	0.01525	0.00762	0.00572	0.00572	0.00191	0.00762	0.00508	0.00254	0.00635
11	0.01657	0.01885	0.01675	0.25391	0.08705	0.37951	0.01286	0.05250	0.01455	0.01567	0.01165	0.01428	0.03927	0.00633	0.00598	0.00170	0.03806	0.00471	0.00302	0.00681
12	0.02174	0.01602	0.01717	0.01316	0.01774	0.01774	0.01087	0.74423	0.02689	0.03605	0.01373	0.01373	0.00973	0.00687	0.00572	0.00172	0.00629	0.00515	0.00572	0.00973
13	0.83938	0.01106	0.00841	0.00752	0.01106	0.01283	0.00619	0.01681	0.00973	0.02566	0.00796	0.00929	0.00619	0.00531	0.00354	0.00177	0.00442	0.00310	0.00354	0.00619
14	0.83938	0.01106	0.00841	0.00752	0.01106	0.01283	0.00619	0.01681	0.00973	0.02566	0.00796	0.00929	0.00619	0.00531	0.00354	0.00177	0.00442	0.00310	0.00354	0.00619
15	0.83938	0.01106	0.00841	0.00752	0.01106	0.01283	0.00619	0.01681	0.00973	0.02566	0.00796	0.00929	0.00619	0.00531	0.00354	0.00177	0.00442	0.00310	0.00354	0.00619
16	0.01728	0.01147	0.01285	0.01105	0.01456	0.01248	0.00874	0.05429	0.50702	0.21520	0.02257	0.02059	0.01622	0.00751	0.00572	0.00186	0.00460	0.00619	0.04070	0.00910
17	0.00810	0.00585	0.00765	0.00720	0.00855	0.00540	0.00540	0.01079	0.01619	0.02294	0.76028	0.04273	0.05397	0.01169	0.00675	0.00180	0.00270	0.01034	0.00630	0.00540
18	0.00819	0.00605	0.00879	0.00879	0.00967	0.00693	0.00664	0.00995	0.00907	0.01298	0.01569	0.02452	0.01519	0.14664	0.67379	0.00869	0.01398	0.00643	0.00312	0.00488
19	0.01254	0.01261	0.01803	0.01530	0.01548	0.01742	0.03534	0.01391	0.00891	0.01391	0.00764	0.01261	0.00755	0.00985	0.01840	0.00248	0.76416	0.00506	0.00252	0.00630
20	0.01529	0.80242	0.02997	0.00979	0.01468	0.02263	0.00979	0.01713	0.01162	0.01346	0.00795	0.00918	0.00734	0.00489	0.00367	0.00122	0.00612	0.00306	0.00245	0.00734
21	0.03990	0.00871	0.01167	0.09430	0.01512	0.03634	0.06254	0.05792	0.02731	0.05923	0.02327	0.39703	0.02510	0.03310	0.00719	0.00219	0.00507	0.06059	0.00471	0.02870
22	0.81353	0.01157	0.00865	0.00775	0.01127	0.03696	0.00635	0.01700	0.00994	0.02529	0.00799	0.00932	0.00623	0.00533	0.00359	0.00176	0.00461	0.00312	0.00352	0.00621
23	0.02137	0.02726	0.01621	0.01474	0.01768	0.77602	0.01105	0.02284	0.01621	0.01400	0.00884	0.01031	0.00737	0.00589	0.00516	0.00147	0.01031	0.00368	0.00295	0.00663
24	0.00740	0.00561	0.00680	0.00749	0.00841	0.00523	0.00519	0.00933	0.04637	0.01584	0.10041	0.48895	0.21156	0.04372	0.00783	0.00228	0.00330	0.01400	0.00535	0.00492
25	0.02087	0.02624	0.01570	0.01430	0.01717	0.74012	0.01072	0.02240	0.01601	0.01434	0.00930	0.01083	0.00771	0.00593	0.00510	0.00147	0.00996	0.00376	0.04150	0.00657
26	0.00833	0.00533	0.00647	0.00720	0.00795	0.00512	0.00508	0.00990	0.01144	0.01664	0.05271	0.39579	0.05733	0.08820	0.00848	0.00235	0.00348	0.07328	0.23013	0.00481
27	0.01545	0.01260	0.01331	0.01157	0.01496	0.01439	0.00911	0.16478	0.57368	0.02608	0.02121	0.01990	0.01584	0.00753	0.00570	0.00186	0.00476	0.00615	0.05214	0.00897
28	0.00831	0.00556	0.00631	0.00628	0.00635	0.00554	0.00356	0.00844	0.00870	0.01166	0.05366	0.03769	0.02239	0.76118	0.02804	0.00537	0.00541	0.00842	0.00360	0.00356
29	0.00831	0.00561	0.00657	0.00681	0.00697	0.00558	0.00420	0.00865	0.00902	0.01198	0.02031	0.09804	0.02334	0.65891	0.02527	0.00500	0.00535	0.08254	0.00379	0.00374
30	0.06188	0.01230	0.01342	0.01240	0.04617	0.01387	0.00936	0.08917	0.55403	0.07436	0.02118	0.02049	0.01592	0.00756	0.00572	0.00190	0.00480	0.02092	0.00563	0.00892
31	0.01945	0.01515	0.01615	0.01310	0.01734	0.05084	0.01022	0.24978	0.11553	0.07423	0.01748	0.01907	0.02851	0.00833	0.00722	0.00204	0.05031	0.00578	0.00563	0.27384
32	0.01458	0.01409	0.06256	0.53190	0.20926	0.01443	0.01742	0.01749	0.01368	0.01854	0.01324	0.01871	0.01075	0.00750	0.00692	0.00238	0.00834	0.00596	0.00363	0.00862
33	0.05160	0.11773	0.19078	0.06389	0.20948	0.04777	0.04137	0.03562	0.05128	0.06911	0.01441	0.01735	0.01163	0.00744	0.00648	0.00220	0.00783	0.00552	0.00423	0.04428
34	0.03191	0.05771	0.01912	0.27039	0.20670	0.04431	0.01415	0.01825	0.03949	0.06075	0.03220	0.08980	0.01545	0.02806	0.00805	0.00247	0.04111	0.00708	0.00439	0.00862
35	0.01141	0.00857	0.01153	0.01131	0.01251	0.00924	0.00850	0.01249	0.01109	0.01607	0.01779	0.02607	0.01672	0.06266	0.69251	0.00903	0.04474	0.00702	0.00406	0.00667
36	0.02015	0.35070	0.08357	0.04104	0.01962	0.34155	0.01256	0.02141	0.01542	0.01693	0.01162	0.01428	0.01018	0.00737	0.00584	0.00196	0.00907	0.00450	0.00369	0.00856
37	0.01375	0.01219	0.01889	0.75107	0.04026	0.01419	0.01673	0.01661	0.01327	0.01739	0.01309	0.01915	0.01044	0.00766	0.00695	0.00243	0.00849	0.00601	0.00357	0.00786

[dist]
# distance from previous block
# <min> <max>
0	134

[block]
# block no. 3 follows, 41 sequences, length 12
# corresponding to MSA columns:
# 528-539
name=unknown_D
#
# <colnr> <probs for GDERKNQSTAVLIFYWHMCP>
#	G	D	E	R	K	N	Q	S	T	A	V	L	I	F	Y	W	H	M	C	P
0	0.01422	0.01158	0.01831	0.18457	0.31280	0.03064	0.04585	0.01725	0.01293	0.11742	0.01530	0.02177	0.02773	0.03398	0.00727	0.00202	0.03624	0.07879	0.00365	0.00769
1	0.01217	0.01401	0.14809	0.15677	0.02091	0.05974	0.07786	0.05194	0.01270	0.05882	0.01782	0.02083	0.09694	0.01575	0.19085	0.00361	0.02491	0.00609	0.00344	0.00675
2	0.02141	0.02596	0.01632	0.01455	0.01769	0.68822	0.01103	0.10637	0.01745	0.01655	0.00941	0.01071	0.00764	0.00601	0.00522	0.00150	0.00985	0.00385	0.00327	0.00699
3	0.00781	0.00582	0.00737	0.00839	0.00906	0.00576	0.00574	0.01056	0.09687	0.01568	0.03057	0.70564	0.03547	0.01674	0.00713	0.00228	0.00346	0.01513	0.00537	0.00516
4	0.04645	0.08830	0.17232	0.04522	0.13289	0.19172	0.15056	0.01901	0.03128	0.01698	0.01015	0.01260	0.00806	0.00561	0.00609	0.00173	0.04590	0.00468	0.00283	0.00764
5	0.00805	0.04417	0.00799	0.00741	0.00865	0.00635	0.00530	0.01024	0.05854	0.01587	0.11539	0.33854	0.22927	0.10634	0.00938	0.00246	0.00361	0.01231	0.00510	0.00505
6	0.00733	0.00572	0.00665	0.00662	0.00813	0.00504	0.00489	0.00925	0.01410	0.01844	0.34474	0.13409	0.38707	0.01372	0.00682	0.00192	0.00286	0.01184	0.00572	0.00504
7	0.04010	0.00921	0.00984	0.00927	0.02577	0.03300	0.00695	0.03652	0.24543	0.05814	0.20360	0.05233	0.13107	0.00958	0.00590	0.00181	0.00388	0.00805	0.10267	0.00689
8	0.05881	0.13218	0.08584	0.33371	0.06987	0.05120	0.01364	0.08066	0.04901	0.05639	0.01127	0.01381	0.00853	0.00579	0.00525	0.00173	0.00698	0.00464	0.00327	0.00745
9	0.02338	0.01032	0.01346	0.01050	0.01442	0.00975	0.00856	0.10992	0.01669	0.59320	0.02049	0.01968	0.01377	0.06111	0.00797	0.00206	0.04333	0.00582	0.00645	0.00914
10	0.00704	0.00510	0.00652	0.00762	0.00810	0.00473	0.00508	0.00801	0.01099	0.01445	0.03339	0.66568	0.11285	0.07073	0.00873	0.00250	0.00343	0.01528	0.00518	0.00458
11	0.01420	0.01124	0.01567	0.12535	0.26694	0.06233	0.01176	0.01708	0.03351	0.12870	0.04006	0.02088	0.03665	0.10592	0.08247	0.00292	0.00721	0.00602	0.00381	0.00731

[dist]
# distance from previous block
# <min> <max>
0	2

[block]
# block no. 4 follows, 41 sequences, length 17
# corresponding to MSA columns:
# 542-558
name=unknown_E
#
# <colnr> <probs for GDERKNQSTAVLIFYWHMCP>
#	G	D	E	R	K	N	Q	S	T	A	V	L	I	F	Y	W	H	M	C	P
0	0.01202	0.04573	0.33482	0.19537	0.02576	0.01302	0.09748	0.05674	0.01290	0.01821	0.04964	0.01529	0.01043	0.00636	0.00640	0.02325	0.02815	0.00512	0.03589	0.00742
1	0.00988	0.00683	0.00883	0.00787	0.00965	0.00621	0.00570	0.01035	0.00953	0.01390	0.01337	0.06240	0.01324	0.11256	0.14434	0.26820	0.00641	0.00573	0.02922	0.25577
2	0.34267	0.07813	0.03534	0.01426	0.08514	0.13300	0.10730	0.05374	0.01305	0.07409	0.01021	0.01171	0.00782	0.00549	0.00473	0.00169	0.00661	0.00417	0.00354	0.00730
3	0.00704	0.00533	0.00650	0.00721	0.00815	0.00479	0.00503	0.00837	0.01220	0.01583	0.12435	0.48222	0.26000	0.01615	0.00707	0.00214	0.00312	0.01430	0.00543	0.00479
4	0.01562	0.34868	0.02260	0.03686	0.17915	0.15526	0.01130	0.04240	0.01312	0.01577	0.00995	0.01283	0.00883	0.04944	0.00594	0.00164	0.00688	0.00412	0.02933	0.03029
5	0.01376	0.00820	0.01008	0.00892	0.01130	0.00803	0.00689	0.08898	0.09003	0.18525	0.30018	0.14996	0.05041	0.01071	0.00635	0.00187	0.00381	0.00926	0.02899	0.00701
6	0.01334	0.08241	0.19216	0.04572	0.02042	0.01392	0.15317	0.08250	0.13147	0.03397	0.08540	0.04398	0.01505	0.00710	0.00662	0.00186	0.05303	0.00616	0.00391	0.00781
7	0.01233	0.00698	0.00838	0.00740	0.00994	0.00598	0.00575	0.01422	0.01439	0.22273	0.16882	0.06909	0.38414	0.01180	0.00643	0.00185	0.00346	0.00994	0.00591	0.03048
8	0.01887	0.01869	0.01528	0.01317	0.01667	0.28845	0.01027	0.22531	0.28768	0.02372	0.01546	0.01528	0.01170	0.00684	0.00556	0.00171	0.00709	0.00510	0.00476	0.00837
9	0.06059	0.17099	0.17784	0.01591	0.15097	0.01444	0.01300	0.07573	0.01342	0.07064	0.03140	0.01321	0.00966	0.00574	0.00564	0.00157	0.04679	0.00437	0.00338	0.11470
10	0.01142	0.01079	0.01826	0.64805	0.17178	0.01287	0.01619	0.01515	0.01173	0.01536	0.01027	0.01505	0.00789	0.00560	0.00571	0.00187	0.00747	0.00509	0.00259	0.00685
11	0.01254	0.30411	0.18926	0.01105	0.01507	0.05711	0.01110	0.01518	0.01127	0.01473	0.01242	0.07702	0.01201	0.09875	0.05283	0.00249	0.05096	0.00539	0.04009	0.00662
12	0.01529	0.80242	0.02997	0.00979	0.01468	0.02263	0.00979	0.01713	0.01162	0.01346	0.00795	0.00918	0.00734	0.00489	0.00367	0.00122	0.00612	0.00306	0.00245	0.00734
13	0.00692	0.00552	0.00620	0.00662	0.00797	0.00481	0.00474	0.00830	0.01256	0.01568	0.09741	0.30211	0.47014	0.01544	0.00694	0.00205	0.00302	0.01336	0.00538	0.00481
14	0.00774	0.00584	0.00721	0.00755	0.00867	0.00550	0.00540	0.01029	0.05689	0.01812	0.28223	0.36916	0.16485	0.01463	0.00693	0.00206	0.00311	0.01297	0.00567	0.00519
15	0.00733	0.00531	0.00683	0.00750	0.00821	0.00491	0.00516	0.00878	0.01241	0.01677	0.23267	0.49293	0.09676	0.05644	0.00824	0.00232	0.00323	0.01391	0.00548	0.00480
16	0.01602	0.13642	0.12006	0.05970	0.01973	0.28228	0.08043	0.05223	0.05540	0.01665	0.01224	0.04378	0.01067	0.00680	0.00575	0.00170	0.02551	0.04418	0.00326	0.00718

[dist]
# distance from previous block
# <min> <max>
4	8

[block]
# block no. 5 follows, 41 sequences, length 10
# corresponding to MSA columns:
# 583-592
name=unknown_F
#
# <colnr> <probs for GDERKNQSTAVLIFYWHMCP>
#	G	D	E	R	K	N	Q	S	T	A	V	L	I	F	Y	W	H	M	C	P
0	0.02174	0.01602	0.01717	0.01316	0.01774	0.01774	0.01087	0.74423	0.02689	0.03605	0.01373	0.01373	0.00973	0.00687	0.00572	0.00172	0.00629	0.00515	0.00572	0.00973
1	0.83938	0.01106	0.00841	0.00752	0.01106	0.01283	0.00619	0.01681	0.00973	0.02566	0.00796	0.00929	0.00619	0.00531	0.00354	0.00177	0.00442	0.00310	0.00354	0.00619
2	0.01582	0.01308	0.01383	0.01196	0.01548	0.01497	0.00944	0.18173	0.59904	0.02650	0.02126	0.01973	0.01582	0.00757	0.00580	0.00189	0.00490	0.00619	0.00580	0.00920
3	0.02566	0.00973	0.01327	0.01018	0.01460	0.00841	0.00841	0.02788	0.01637	0.76726	0.02257	0.01947	0.01416	0.00708	0.00575	0.00177	0.00487	0.00575	0.00708	0.00973
4	0.02209	0.01115	0.01390	0.01095	0.01496	0.01107	0.00898	0.24298	0.01859	0.44266	0.01890	0.01814	0.01283	0.01189	0.11059	0.00276	0.00672	0.00562	0.00612	0.00910
5	0.01375	0.01317	0.02248	0.12645	0.67515	0.01348	0.01735	0.01720	0.01283	0.01819	0.01069	0.01429	0.00889	0.00517	0.00567	0.00172	0.00690	0.00509	0.00280	0.00873
6	0.00764	0.00851	0.11037	0.00872	0.01047	0.00590	0.00733	0.00960	0.01181	0.01584	0.08783	0.52363	0.14031	0.01525	0.00693	0.00216	0.00391	0.01356	0.00499	0.00525
7	0.66514	0.01160	0.00969	0.00851	0.01209	0.01339	0.00694	0.07379	0.11216	0.02621	0.01049	0.01127	0.00800	0.00576	0.00402	0.00179	0.00458	0.00371	0.00402	0.00685
8	0.01113	0.01032	0.01582	0.39399	0.05349	0.03136	0.05062	0.04619	0.01196	0.01577	0.01475	0.18027	0.01438	0.00972	0.02734	0.00222	0.09354	0.00753	0.00332	0.00628
9	0.01471	0.13902	0.01822	0.03234	0.03341	0.07127	0.08228	0.04865	0.14943	0.05335	0.03309	0.01483	0.01137	0.00588	0.00555	0.00147	0.03415	0.00477	0.00388	0.24233

[dist]
# distance from previous block
# <min> <max>
0	1

[block]
# block no. 6 follows, 41 sequences, length 22
# corresponding to MSA columns:
# 594-598,603-619
name=unknown_G
#
# <colnr> <probs for GDERKNQSTAVLIFYWHMCP>
#	G	D	E	R	K	N	Q	S	T	A	V	L	I	F	Y	W	H	M	C	P
0	0.08094	0.01040	0.01320	0.01028	0.01459	0.00966	0.00846	0.07824	0.05309	0.62729	0.02097	0.01845	0.01346	0.00698	0.00560	0.00177	0.00492	0.00556	0.00668	0.00946
1	0.00819	0.00606	0.00884	0.00884	0.00974	0.00696	0.00671	0.00999	0.00909	0.01302	0.01564	0.02424	0.01507	0.13244	0.68783	0.00876	0.01416	0.00639	0.00311	0.00491
2	0.01251	0.01251	0.01752	0.01502	0.01502	0.01752	0.01251	0.01377	0.00876	0.01377	0.00751	0.01251	0.00751	0.01001	0.01877	0.00250	0.78851	0.00501	0.00250	0.00626
3	0.01251	0.01251	0.01752	0.01502	0.01502	0.01752	0.01251	0.01377	0.00876	0.01377	0.00751	0.01251	0.00751	0.01001	0.01877	0.00250	0.78851	0.00501	0.00250	0.00626
4	0.06744	0.00576	0.00569	0.00563	0.00690	0.00588	0.00406	0.01275	0.01124	0.01995	0.01782	0.02313	0.01508	0.13626	0.00808	0.00205	0.00326	0.00567	0.63827	0.00509
5	0.01423	0.01229	0.01293	0.01164	0.01487	0.01423	0.00905	0.03039	0.75297	0.02393	0.02328	0.02134	0.01746	0.00776	0.00582	0.00194	0.00453	0.00647	0.00582	0.00905
6	0.00701	0.00506	0.00664	0.00781	0.00828	0.00469	0.00526	0.00811	0.01130	0.01502	0.06594	0.72133	0.07749	0.01745	0.00725	0.00228	0.00327	0.01577	0.00535	0.00469
7	0.00697	0.00498	0.00664	0.00796	0.00830	0.00465	0.00531	0.00796	0.01095	0.01460	0.03153	0.79525	0.03783	0.01792	0.00730	0.00232	0.00332	0.01626	0.00531	0.00465
8	0.01010	0.00631	0.00777	0.00732	0.00862	0.00636	0.00552	0.01239	0.01354	0.06211	0.32898	0.08449	0.05198	0.04588	0.00775	0.00191	0.05997	0.00849	0.26497	0.00553
9	0.04054	0.26486	0.02042	0.03033	0.01700	0.31690	0.01054	0.17762	0.03840	0.01923	0.01006	0.01111	0.00814	0.00583	0.00481	0.00148	0.00775	0.00391	0.00348	0.00758
10	0.01713	0.00920	0.01139	0.00951	0.01263	0.00898	0.00757	0.07388	0.14239	0.31797	0.26938	0.02722	0.02777	0.00872	0.00605	0.00179	0.00412	0.00736	0.02890	0.00804
11	0.01912	0.31561	0.02137	0.01284	0.01657	0.47036	0.01057	0.04454	0.01485	0.01453	0.00867	0.01000	0.00744	0.00555	0.00462	0.00139	0.00862	0.00350	0.00285	0.00700
12	0.02863	0.01071	0.01637	0.13767	0.32643	0.01120	0.01274	0.03723	0.07666	0.01875	0.07330	0.10766	0.01759	0.00834	0.00638	0.02094	0.00575	0.04730	0.00384	0.03249
13	0.01419	0.04962	0.06754	0.04886	0.01612	0.10669	0.03578	0.09752	0.13653	0.05106	0.04132	0.11849	0.03322	0.05444	0.00767	0.00201	0.03995	0.00691	0.00433	0.06776
14	0.01543	0.03105	0.01358	0.01320	0.08080	0.21253	0.00927	0.03437	0.04563	0.11293	0.09551	0.13732	0.03137	0.03750	0.00789	0.00196	0.07796	0.00730	0.02763	0.00679
15	0.00711	0.00508	0.00679	0.00804	0.00846	0.00476	0.00548	0.00825	0.01127	0.01507	0.06310	0.73136	0.03832	0.01756	0.00730	0.00231	0.00337	0.04628	0.00535	0.00471
16	0.10239	0.04904	0.05399	0.04002	0.08551	0.04974	0.01151	0.26490	0.02940	0.09527	0.01205	0.01336	0.00907	0.00675	0.00733	0.00180	0.12639	0.00473	0.00426	0.03248
17	0.01620	0.14682	0.09759	0.01475	0.06627	0.06910	0.08419	0.18317	0.01618	0.08218	0.01501	0.07151	0.01317	0.00768	0.00600	0.00180	0.02328	0.07306	0.00414	0.00789
18	0.01543	0.00899	0.01109	0.00946	0.01218	0.00891	0.00751	0.17431	0.01740	0.20942	0.24888	0.08926	0.04335	0.01219	0.05936	0.00234	0.00502	0.02983	0.02774	0.00732
19	0.00706	0.00504	0.00674	0.00807	0.00844	0.00472	0.00546	0.00812	0.01104	0.01470	0.03148	0.76658	0.03764	0.01784	0.00732	0.00234	0.00339	0.04406	0.00531	0.00467
20	0.04952	0.05234	0.11644	0.05442	0.20576	0.14193	0.05747	0.01779	0.03328	0.03407	0.06991	0.01658	0.03190	0.00658	0.00653	0.00176	0.06762	0.00531	0.02334	0.00748
21	0.07308	0.01354	0.01779	0.07992	0.29205	0.03507	0.01272	0.22996	0.01688	0.04360	0.03432	0.01443	0.01033	0.00586	0.00540	0.00163	0.00620	0.00492	0.00398	0.09831

[dist]
# distance from previous block
# <min> <max>
1	2

[block]
# block no. 7 follows, 41 sequences, length 22
# corresponding to MSA columns:
# 623-644
name=unknown_H
#
# <colnr> <probs for GDERKNQSTAVLIFYWHMCP>
#	G	D	E	R	K	N	Q	S	T	A	V	L	I	F	Y	W	H	M	C	P
0	0.01211	0.13057	0.11179	0.04269	0.09219	0.04295	0.01037	0.01483	0.01137	0.03175	0.01257	0.01716	0.01102	0.08327	0.14648	0.00322	0.02631	0.00493	0.08923	0.10518
1	0.01447	0.11039	0.09702	0.05648	0.15878	0.03945	0.06697	0.07967	0.03715	0.07882	0.05040	0.04768	0.03437	0.00730	0.00620	0.01709	0.02256	0.02632	0.02052	0.02838
2	0.53608	0.01420	0.05727	0.01263	0.08795	0.08925	0.04798	0.01741	0.01115	0.02249	0.02449	0.01119	0.00784	0.00563	0.00481	0.00177	0.03397	0.00384	0.00333	0.00672
3	0.00702	0.00565	0.00630	0.00654	0.00799	0.00501	0.00474	0.00843	0.01235	0.01535	0.08414	0.19641	0.50448	0.04743	0.05943	0.00263	0.00391	0.01226	0.00514	0.00479
4	0.01245	0.04321	0.12375	0.05970	0.17183	0.01335	0.18796	0.01773	0.10179	0.01807	0.03194	0.01973	0.09102	0.00698	0.00711	0.00189	0.07406	0.00631	0.00343	0.00768
5	0.01968	0.01418	0.01540	0.01237	0.01649	0.01567	0.01004	0.44075	0.26254	0.10435	0.01772	0.01678	0.01269	0.00718	0.00576	0.00179	0.00558	0.00564	0.00589	0.00951
6	0.01856	0.02133	0.01836	0.04352	0.25192	0.44666	0.01315	0.05951	0.04248	0.01702	0.01027	0.01225	0.00840	0.00576	0.00539	0.00159	0.00871	0.00435	0.00315	0.00764
7	0.10581	0.01028	0.01305	0.01011	0.01446	0.00946	0.00835	0.07413	0.01641	0.64566	0.02054	0.01808	0.01308	0.00689	0.00553	0.00177	0.00492	0.00545	0.00664	0.00938
8	0.01349	0.01165	0.01223	0.01106	0.01417	0.01330	0.00859	0.02820	0.67985	0.02309	0.02671	0.02467	0.09093	0.00842	0.00591	0.00194	0.00437	0.00702	0.00577	0.00864
9	0.01637	0.01276	0.07493	0.06372	0.06886	0.01084	0.07691	0.04717	0.10878	0.21720	0.01542	0.01587	0.01108	0.00583	0.00541	0.00156	0.00573	0.00507	0.00454	0.23195
10	0.02174	0.01602	0.01717	0.01316	0.01774	0.01774	0.01087	0.74423	0.02689	0.03605	0.01373	0.01373	0.00973	0.00687	0.00572	0.00172	0.00629	0.00515	0.00572	0.00973
11	0.00842	0.00642	0.00781	0.00743	0.00901	0.00612	0.00558	0.01213	0.08658	0.02143	0.54105	0.07794	0.16435	0.01206	0.00669	0.00186	0.00294	0.01053	0.00604	0.00562
12	0.01248	0.01104	0.01543	0.22257	0.14335	0.01051	0.01121	0.05372	0.01273	0.01849	0.01045	0.01325	0.00841	0.00492	0.00495	0.00132	0.00568	0.00422	0.00319	0.43209
13	0.04902	0.01498	0.01634	0.01256	0.01708	0.01627	0.01037	0.62031	0.02486	0.13793	0.01478	0.01439	0.01023	0.00685	0.00565	0.00173	0.00603	0.00517	0.00584	0.00961
14	0.01273	0.01112	0.04063	0.10918	0.03870	0.00992	0.00931	0.07441	0.05102	0.04779	0.01488	0.06340	0.04319	0.00650	0.00563	0.00140	0.03548	0.00530	0.00385	0.41554
15	0.00836	0.00647	0.00770	0.00728	0.00896	0.00613	0.00549	0.01208	0.08862	0.02112	0.50687	0.04376	0.23168	0.01202	0.00666	0.00185	0.00293	0.01040	0.00600	0.00561
16	0.01261	0.01122	0.01776	0.11457	0.42381	0.01159	0.01373	0.01691	0.08595	0.03702	0.04918	0.10549	0.04294	0.00778	0.00601	0.00185	0.00588	0.02407	0.00377	0.00787
17	0.02137	0.02726	0.01621	0.01474	0.01768	0.77602	0.01105	0.02284	0.01621	0.01400	0.00884	0.01031	0.00737	0.00589	0.00516	0.00147	0.01031	0.00368	0.00295	0.00663
18	0.00697	0.00498	0.00664	0.00796	0.00830	0.00465	0.00531	0.00796	0.01095	0.01460	0.03153	0.79525	0.03783	0.01792	0.00730	0.00232	0.00332	0.01626	0.00531	0.00465
19	0.01273	0.01002	0.01330	0.02954	0.20429	0.04311	0.02587	0.06415	0.04103	0.06129	0.07768	0.11771	0.05024	0.09783	0.00847	0.00221	0.00520	0.01809	0.11045	0.00679
20	0.01347	0.31651	0.34985	0.01402	0.02032	0.01640	0.08693	0.01772	0.01206	0.04457	0.01026	0.01215	0.00806	0.00722	0.04584	0.00199	0.00792	0.00420	0.00269	0.00783
21	0.01068	0.01225	0.12621	0.02628	0.03811	0.08830	0.00924	0.01358	0.01361	0.03170	0.26668	0.07870	0.08743	0.01304	0.08250	0.00253	0.02561	0.00799	0.05946	0.00611

[dist]
# distance from previous block
# <min> <max>
0	2

[block]
# block no. 8 follows, 41 sequences, length 19
# corresponding to MSA columns:
# 649-667
name=unknown_I
#
# <colnr> <probs for GDERKNQSTAVLIFYWHMCP>
#	G	D	E	R	K	N	Q	S	T	A	V	L	I	F	Y	W	H	M	C	P
0	0.10747	0.05633	0.08423	0.04301	0.08408	0.06876	0.01154	0.16233	0.24292	0.02340	0.01438	0.01499	0.01096	0.00662	0.00596	0.00180	0.04358	0.00502	0.00431	0.00832
1	0.00738	0.00551	0.00674	0.00726	0.00825	0.00503	0.00516	0.00886	0.01249	0.01639	0.18418	0.34593	0.23136	0.07513	0.00874	0.00238	0.00337	0.05568	0.00537	0.00479
2	0.01595	0.23150	0.04854	0.02822	0.03940	0.11051	0.04622	0.09624	0.28547	0.02024	0.01465	0.01491	0.01141	0.00631	0.00516	0.00165	0.00638	0.00492	0.00411	0.00821
3	0.01141	0.00756	0.00900	0.00806	0.00981	0.00765	0.00606	0.05554	0.06376	0.07085	0.22518	0.03050	0.05731	0.14244	0.01086	0.02825	0.04442	0.02009	0.14065	0.05060
4	0.03196	0.21648	0.27939	0.01382	0.04395	0.01467	0.05742	0.04813	0.04100	0.08772	0.01214	0.01457	0.00952	0.00643	0.00582	0.03592	0.00680	0.02756	0.00333	0.04338
5	0.01504	0.10325	0.07894	0.02933	0.09366	0.01314	0.08593	0.11379	0.05546	0.11017	0.08721	0.04194	0.02877	0.00750	0.00646	0.00178	0.04855	0.03280	0.00435	0.04194
6	0.00729	0.00528	0.00674	0.00747	0.00814	0.00489	0.00510	0.00861	0.01204	0.01616	0.18586	0.51105	0.10690	0.07580	0.00880	0.00242	0.00332	0.01403	0.00538	0.00473
7	0.03745	0.00662	0.00867	0.02195	0.01065	0.00641	0.02307	0.01203	0.02878	0.06270	0.16305	0.21429	0.13122	0.01423	0.02978	0.00232	0.00428	0.16897	0.04797	0.00554
8	0.05843	0.18181	0.22531	0.01593	0.09796	0.07233	0.05159	0.12530	0.02724	0.01980	0.01135	0.01299	0.02496	0.00596	0.00578	0.00168	0.04585	0.00450	0.00321	0.00801
9	0.04757	0.01159	0.01310	0.01049	0.01442	0.06812	0.00849	0.11543	0.05373	0.47458	0.06754	0.02103	0.05240	0.00759	0.00575	0.00176	0.00520	0.00607	0.00629	0.00884
10	0.00738	0.00568	0.00664	0.00666	0.00804	0.00506	0.00483	0.00915	0.01367	0.01791	0.31630	0.15555	0.35124	0.05636	0.00804	0.00213	0.00303	0.01182	0.00558	0.00494
11	0.37608	0.01039	0.01055	0.00890	0.01251	0.01095	0.00722	0.04320	0.10009	0.25626	0.05776	0.01818	0.05165	0.00702	0.00490	0.00180	0.00446	0.00524	0.00522	0.00763
12	0.02759	0.05433	0.14556	0.04074	0.07203	0.01205	0.04163	0.09585	0.02982	0.07422	0.01248	0.01567	0.01004	0.01249	0.09550	0.12437	0.07926	0.00506	0.04434	0.00694
13	0.01352	0.02011	0.40752	0.04404	0.02162	0.01149	0.10144	0.01822	0.01240	0.14101	0.01346	0.01661	0.01019	0.06922	0.07160	0.00272	0.00832	0.00528	0.00338	0.00784
14	0.00847	0.00637	0.00896	0.00881	0.00951	0.00737	0.00656	0.00996	0.00895	0.01276	0.01553	0.02559	0.01551	0.22876	0.54544	0.00789	0.05908	0.00661	0.00313	0.00477
15	0.01340	0.01057	0.01203	0.01089	0.01286	0.10342	0.05147	0.02871	0.06582	0.12795	0.02292	0.23807	0.05769	0.08553	0.03431	0.00260	0.06542	0.04527	0.00472	0.00631
16	0.04816	0.01020	0.01476	0.30479	0.10739	0.01117	0.01181	0.04776	0.07125	0.15400	0.03362	0.02073	0.08153	0.00904	0.04744	0.00224	0.00648	0.00605	0.00419	0.00739
17	0.01354	0.01594	0.13277	0.07195	0.07526	0.10768	0.03748	0.04626	0.20346	0.01907	0.05470	0.01774	0.01360	0.01067	0.08671	0.00261	0.05897	0.00559	0.01844	0.00758
18	0.01260	0.08103	0.04547	0.01223	0.06111	0.01208	0.00944	0.07247	0.02558	0.05361	0.01396	0.06484	0.01322	0.12417	0.12362	0.00344	0.17628	0.00609	0.02839	0.06038

[dist]
# distance from previous block
# <min> <max>
2	17

[block]
# block no. 9 follows, 41 sequences, length 44
# corresponding to MSA columns:
# 688-731
name=unknown_J
#
# <colnr> <probs for GDERKNQSTAVLIFYWHMCP>
#	G	D	E	R	K	N	Q	S	T	A	V	L	I	F	Y	W	H	M	C	P
0	0.01002	0.01009	0.09400	0.03065	0.01155	0.03156	0.00753	0.01270	0.06096	0.03774	0.04473	0.05415	0.16845	0.28319	0.04600	0.00346	0.05079	0.00809	0.02892	0.00542
1	0.01178	0.06405	0.01790	0.01415	0.04385	0.03041	0.20598	0.06144	0.04547	0.01734	0.03460	0.21342	0.04872	0.07112	0.00914	0.03131	0.03504	0.00880	0.00398	0.03149
2	0.00877	0.00731	0.00752	0.00761	0.00900	0.05558	0.00558	0.01092	0.04039	0.01695	0.18141	0.17927	0.26221	0.08816	0.00881	0.00231	0.00388	0.06052	0.03870	0.00510
3	0.01288	0.23217	0.01555	0.00928	0.01228	0.12086	0.00775	0.08075	0.01457	0.01752	0.13182	0.02820	0.22378	0.01133	0.05558	0.00210	0.00594	0.00709	0.00421	0.00634
4	0.01585	0.04707	0.10339	0.01160	0.01630	0.24513	0.01009	0.01901	0.04119	0.06581	0.01098	0.01216	0.00865	0.00523	0.00480	0.00127	0.00672	0.00383	0.00343	0.36750
5	0.01494	0.03412	0.01550	0.05725	0.04325	0.01146	0.05670	0.12721	0.11661	0.08194	0.01402	0.01572	0.01088	0.00579	0.00517	0.00142	0.00535	0.02142	0.00429	0.35698
6	0.01598	0.25505	0.01884	0.03316	0.01568	0.12780	0.00971	0.09724	0.22542	0.03657	0.07736	0.01662	0.01460	0.00684	0.00544	0.00163	0.02490	0.00512	0.00426	0.00781
7	0.01223	0.06825	0.56838	0.01516	0.02213	0.04627	0.01817	0.01757	0.01190	0.01732	0.00981	0.01187	0.00738	0.00576	0.00648	0.00176	0.08088	0.00415	0.00252	0.07202
8	0.01514	0.08713	0.10798	0.01509	0.10579	0.02915	0.05262	0.13136	0.15454	0.06205	0.01494	0.05670	0.01206	0.00657	0.00543	0.00164	0.00600	0.00553	0.00420	0.12607
9	0.01188	0.00959	0.04666	0.00932	0.01106	0.06446	0.00726	0.09055	0.03387	0.04871	0.07731	0.20143	0.06903	0.01433	0.01133	0.25737	0.00498	0.02125	0.00433	0.00529
10	0.00888	0.00701	0.00737	0.00752	0.00809	0.05566	0.00496	0.00957	0.00988	0.01263	0.02265	0.14315	0.07942	0.45657	0.10651	0.00483	0.00643	0.04078	0.00387	0.00421
11	0.01162	0.00990	0.01169	0.00852	0.01334	0.00759	0.00680	0.01413	0.01169	0.01829	0.01050	0.01255	0.00885	0.00675	0.05441	0.00139	0.00496	0.00357	0.00337	0.78008
12	0.66466	0.03376	0.06849	0.00856	0.01267	0.01300	0.00768	0.04778	0.01084	0.02474	0.00853	0.00986	0.00661	0.00530	0.00383	0.00170	0.00485	0.00329	0.00351	0.06034
13	0.00708	0.00563	0.00621	0.00640	0.00782	0.00492	0.00458	0.00848	0.01266	0.01585	0.13430	0.19000	0.48413	0.07552	0.00859	0.00227	0.00316	0.01235	0.00529	0.00476
14	0.08814	0.13411	0.13117	0.03463	0.01785	0.17288	0.03027	0.14463	0.08607	0.02049	0.01322	0.01424	0.04080	0.00649	0.00573	0.00169	0.04157	0.00468	0.00367	0.00766
15	0.03961	0.12166	0.15703	0.05360	0.20994	0.06128	0.06230	0.03868	0.04298	0.06015	0.01194	0.04251	0.00984	0.00626	0.00626	0.00176	0.05783	0.00513	0.00324	0.00799
16	0.00927	0.00772	0.01083	0.01416	0.18829	0.00743	0.00847	0.01174	0.03968	0.01655	0.03259	0.26388	0.22243	0.02820	0.00711	0.00212	0.00432	0.09115	0.02809	0.00597
17	0.01451	0.01059	0.03482	0.20686	0.13808	0.01091	0.01151	0.01891	0.09980	0.17439	0.07733	0.02069	0.01547	0.06826	0.00811	0.00212	0.03912	0.00606	0.03494	0.00752
18	0.01561	0.12741	0.20127	0.07439	0.11149	0.07388	0.07283	0.07692	0.02599	0.09541	0.01156	0.01337	0.00873	0.00596	0.00630	0.00174	0.06095	0.00472	0.00337	0.00811
19	0.04657	0.05974	0.42757	0.01422	0.01981	0.07667	0.01581	0.04431	0.01249	0.04042	0.01226	0.09032	0.01061	0.00732	0.00698	0.00188	0.09688	0.00545	0.00307	0.00761
20	0.00856	0.00617	0.00904	0.00903	0.00991	0.00588	0.06227	0.00975	0.01080	0.04050	0.02620	0.48764	0.03017	0.19578	0.02746	0.00316	0.00469	0.04344	0.00472	0.00483
21	0.01372	0.01315	0.04631	0.17062	0.15634	0.03605	0.17811	0.10053	0.04088	0.03352	0.02631	0.03670	0.02643	0.00716	0.02379	0.00197	0.00724	0.00602	0.06757	0.00758
22	0.08256	0.04570	0.01619	0.01224	0.01650	0.01511	0.04088	0.35932	0.17249	0.15525	0.01644	0.01583	0.01167	0.00680	0.00554	0.00176	0.00568	0.00535	0.00555	0.00914
23	0.00994	0.00497	0.00745	0.00745	0.00745	0.00497	0.00497	0.00745	0.00745	0.00994	0.00994	0.01739	0.00994	0.01987	0.02235	0.83358	0.00497	0.00497	0.00248	0.00248
24	0.04916	0.20285	0.34587	0.01510	0.02131	0.09810	0.12425	0.01832	0.01263	0.02923	0.01095	0.01268	0.02441	0.00549	0.00515	0.00166	0.00794	0.00443	0.00274	0.00773
25	0.00994	0.00497	0.00745	0.00745	0.00745	0.00497	0.00497	0.00745	0.00745	0.00994	0.00994	0.01739	0.00994	0.01987	0.02235	0.83358	0.00497	0.00497	0.00248	0.00248
26	0.01089	0.01020	0.01105	0.12173	0.05195	0.09827	0.00841	0.02835	0.09443	0.01862	0.22808	0.07055	0.20447	0.01029	0.00627	0.00184	0.00485	0.00873	0.00484	0.00617
27	0.00815	0.00589	0.00798	0.00801	0.00869	0.00645	0.00572	0.00943	0.00906	0.01261	0.01811	0.04400	0.04377	0.30707	0.47118	0.00752	0.01121	0.00731	0.00333	0.00451
28	0.83938	0.01106	0.00841	0.00752	0.01106	0.01283	0.00619	0.01681	0.00973	0.02566	0.00796	0.00929	0.00619	0.00531	0.00354	0.00177	0.00442	0.00310	0.00354	0.00619
29	0.01364	0.01310	0.02145	0.08893	0.55950	0.01418	0.01630	0.01719	0.03959	0.01778	0.01065	0.01424	0.00901	0.00603	0.00778	0.00185	0.13236	0.00513	0.00287	0.00840
30	0.01590	0.01248	0.01340	0.01169	0.01515	0.01414	0.00919	0.10504	0.61982	0.08275	0.02222	0.02040	0.01639	0.00761	0.00580	0.00190	0.00474	0.00627	0.00591	0.00918
