[name]
unknown

[dist]
# distance from previous block
# <min> <max>
0	61

[block]
# block no. 0 follows, 53 sequences, length 17
# corresponding to MSA columns:
# 61-63,67-69,71-81
name=unknown_A
#
# <colnr> <probs for GDERKNQSTAVLIFYWHMCP>
#	G	D	E	R	K	N	Q	S	T	A	V	L	I	F	Y	W	H	M	C	P
0	0.00829	0.00557	0.00776	0.00868	0.00987	0.00550	0.00751	0.01041	0.01104	0.05341	0.02504	0.09023	0.02693	0.01293	0.00649	0.00215	0.00430	0.69485	0.00448	0.00456
1	0.01059	0.00965	0.01502	0.07734	0.44041	0.01014	0.01137	0.06953	0.01111	0.01537	0.01514	0.08562	0.10209	0.00764	0.03377	0.00177	0.06832	0.00576	0.00293	0.00643
2	0.80047	0.00956	0.00759	0.00665	0.00967	0.01104	0.00548	0.07356	0.00924	0.02211	0.00703	0.00805	0.00540	0.00454	0.00310	0.00148	0.00382	0.00272	0.00310	0.00540
3	0.01150	0.01011	0.01534	0.31688	0.27772	0.02904	0.02644	0.08357	0.01160	0.04922	0.02668	0.01337	0.02592	0.00490	0.00470	0.00143	0.00562	0.00438	0.00280	0.07878
4	0.13683	0.00883	0.05524	0.00856	0.01084	0.00850	0.03363	0.04054	0.01010	0.25614	0.01316	0.01776	0.01105	0.22593	0.04013	0.00262	0.10579	0.00493	0.00371	0.00570
5	0.01215	0.00843	0.01014	0.00736	0.01150	0.00650	0.00593	0.01422	0.01064	0.16887	0.01051	0.01114	0.00800	0.00400	0.00379	0.00086	0.00364	0.00321	0.00343	0.69569
6	0.00599	0.00480	0.00527	0.00524	0.00658	0.00417	0.00385	0.00736	0.01123	0.01417	0.22369	0.08691	0.53910	0.05234	0.00660	0.00176	0.00251	0.00979	0.00456	0.00408
7	0.00973	0.00820	0.01338	0.69761	0.02936	0.00986	0.01208	0.01267	0.00997	0.07340	0.01225	0.01547	0.06552	0.00541	0.00485	0.00159	0.00590	0.00472	0.00259	0.00543
8	0.00923	0.00871	0.01471	0.76200	0.08983	0.01067	0.01338	0.01239	0.00966	0.01246	0.00853	0.01268	0.00646	0.00474	0.00478	0.00158	0.00632	0.00425	0.00214	0.00548
9	0.01214	0.01039	0.01095	0.00978	0.01252	0.01201	0.00763	0.05594	0.76262	0.02040	0.01913	0.01758	0.01433	0.00645	0.00486	0.00161	0.00384	0.00536	0.00486	0.00759
10	0.00716	0.00565	0.00787	0.07811	0.09704	0.00546	0.00624	0.00865	0.01024	0.03114	0.08130	0.39216	0.21532	0.01163	0.00567	0.00174	0.00333	0.02258	0.00410	0.00460
11	0.01125	0.04427	0.23680	0.04978	0.18674	0.05474	0.27237	0.01548	0.03898	0.01505	0.00929	0.01161	0.00712	0.00438	0.00489	0.00149	0.00691	0.00442	0.00237	0.02207
12	0.00685	0.00504	0.00726	0.00726	0.00796	0.00574	0.00544	0.00826	0.00756	0.01078	0.01319	0.02093	0.01289	0.17324	0.67697	0.00716	0.01139	0.00544	0.00262	0.00403
13	0.00582	0.00416	0.00555	0.00666	0.00693	0.00388	0.00444	0.00666	0.00915	0.01220	0.02634	0.82891	0.03161	0.01497	0.00610	0.00194	0.00277	0.01359	0.00444	0.00388
14	0.03921	0.14585	0.27334	0.11754	0.04948	0.07266	0.08778	0.11272	0.01190	0.01601	0.00896	0.01131	0.00698	0.00480	0.00446	0.00143	0.00643	0.02002	0.00255	0.00655
15	0.04174	0.01103	0.01781	0.07458	0.19046	0.01102	0.20027	0.15864	0.01363	0.21447	0.01196	0.01307	0.00849	0.00493	0.00493	0.00150	0.00577	0.00469	0.00371	0.00730
16	0.81328	0.00982	0.00745	0.00662	0.00959	0.03809	0.00542	0.03581	0.00872	0.02136	0.00681	0.00790	0.00529	0.00449	0.00305	0.00147	0.00391	0.00265	0.00299	0.00527

[dist]
# distance from previous block
# <min> <max>
0	1

[block]
# block no. 1 follows, 53 sequences, length 17
# corresponding to MSA columns:
# 83-99
name=unknown_B
#
# <colnr> <probs for GDERKNQSTAVLIFYWHMCP>
#	G	D	E	R	K	N	Q	S	T	A	V	L	I	F	Y	W	H	M	C	P
0	0.00591	0.00458	0.00539	0.00576	0.00676	0.00406	0.00410	0.00715	0.01066	0.01371	0.16948	0.35505	0.36459	0.01284	0.00583	0.00172	0.00253	0.01123	0.00458	0.00406
1	0.00710	0.00580	0.02754	0.00657	0.00774	0.00540	0.00510	0.00879	0.01125	0.02941	0.37863	0.09543	0.19420	0.08714	0.03512	0.00211	0.06395	0.01994	0.00440	0.00439
2	0.00629	0.00435	0.00541	0.00606	0.00623	0.00419	0.00380	0.00678	0.00825	0.01100	0.02171	0.50129	0.02577	0.35056	0.01359	0.00305	0.00354	0.01086	0.00380	0.00348
3	0.01158	0.01249	0.06376	0.12396	0.53143	0.07283	0.05603	0.01449	0.01084	0.01473	0.00941	0.03949	0.00803	0.00474	0.00479	0.00146	0.00610	0.00452	0.00240	0.00692
4	0.01271	0.36583	0.19289	0.01213	0.09522	0.11670	0.01092	0.05614	0.01110	0.01392	0.00779	0.00911	0.00644	0.00436	0.00384	0.00120	0.00594	0.00312	0.00233	0.06830
5	0.06620	0.07548	0.02874	0.17260	0.14457	0.09485	0.06056	0.13797	0.01246	0.07190	0.00959	0.01152	0.00735	0.00505	0.00511	0.00146	0.05298	0.00402	0.03113	0.00647
6	0.00628	0.00487	0.00571	0.00550	0.00684	0.00430	0.00413	0.00807	0.01238	0.01643	0.47061	0.04021	0.37588	0.01079	0.00564	0.00155	0.00233	0.00928	0.00490	0.00430
7	0.01148	0.01147	0.02099	0.09165	0.56319	0.01146	0.18937	0.01461	0.01087	0.01527	0.00910	0.01215	0.00740	0.00425	0.00494	0.00148	0.00627	0.00457	0.00236	0.00713
8	0.00599	0.00486	0.00532	0.00520	0.00667	0.00418	0.00390	0.00753	0.01171	0.01485	0.28087	0.04281	0.56662	0.01138	0.00565	0.00158	0.00237	0.00964	0.00469	0.00418
9	0.00702	0.00501	0.00639	0.00701	0.00776	0.00488	0.00541	0.00833	0.00972	0.01265	0.05051	0.13340	0.11251	0.24466	0.01142	0.00277	0.00399	0.35867	0.00401	0.00388
10	0.01397	0.01037	0.01178	0.00999	0.01289	0.01138	0.02519	0.28569	0.32274	0.08313	0.01745	0.08095	0.01437	0.00734	0.00509	0.00162	0.00439	0.06965	0.00479	0.00723
11	0.00653	0.00481	0.00591	0.00586	0.00686	0.00443	0.00427	0.00815	0.01163	0.01576	0.44119	0.10354	0.19111	0.12165	0.00824	0.00202	0.00276	0.04647	0.00467	0.00414
12	0.08268	0.01843	0.01300	0.01146	0.01385	0.53927	0.00886	0.06013	0.01288	0.08442	0.00845	0.00961	0.00671	0.00543	0.00564	0.00139	0.10565	0.00339	0.00289	0.00585
13	0.00686	0.00501	0.00713	0.00713	0.00779	0.00567	0.00528	0.00818	0.00752	0.01068	0.01331	0.02159	0.01317	0.21481	0.63579	0.00700	0.01097	0.00553	0.00264	0.00396
14	0.05838	0.01998	0.01291	0.01169	0.01411	0.63621	0.00886	0.01937	0.11584	0.01326	0.00890	0.00986	0.00722	0.00524	0.00477	0.00133	0.04010	0.00340	0.00279	0.00578
15	0.01094	0.03550	0.01034	0.00881	0.01129	0.04932	0.00687	0.05239	0.44032	0.01789	0.07244	0.05151	0.06610	0.00929	0.06794	0.00198	0.00458	0.00578	0.00430	0.07242
16	0.02349	0.10106	0.01273	0.02667	0.04464	0.02037	0.02977	0.04175	0.03047	0.07687	0.05528	0.09744	0.01374	0.05142	0.11616	0.00259	0.18724	0.03158	0.00322	0.03350

[dist]
# distance from previous block
# <min> <max>
0	7

[block]
# block no. 2 follows, 53 sequences, length 67
# corresponding to MSA columns:
# 107-142,144-174
name=unknown_C
#
# <colnr> <probs for GDERKNQSTAVLIFYWHMCP>
#	G	D	E	R	K	N	Q	S	T	A	V	L	I	F	Y	W	H	M	C	P
0	0.01151	0.17369	0.28974	0.01355	0.11333	0.08923	0.06133	0.01477	0.01064	0.03469	0.01060	0.01193	0.04889	0.00476	0.00430	0.00131	0.00605	0.00384	0.00245	0.09340
1	0.01138	0.01043	0.03800	0.06413	0.01323	0.07250	0.00883	0.11528	0.03903	0.05457	0.02554	0.18318	0.01320	0.00950	0.03520	0.00198	0.28886	0.00624	0.00333	0.00561
2	0.10597	0.01178	0.01367	0.01146	0.01289	0.05997	0.00946	0.20920	0.01162	0.01733	0.00770	0.01032	0.00662	0.00707	0.01088	0.00181	0.47941	0.00398	0.00289	0.00598
3	0.01179	0.09050	0.24794	0.01740	0.23464	0.01214	0.10566	0.08433	0.07846	0.02993	0.02202	0.01268	0.00857	0.00488	0.00469	0.00147	0.00602	0.01695	0.00281	0.00712
4	0.86579	0.00924	0.00702	0.00629	0.00924	0.01072	0.00518	0.01405	0.00813	0.02144	0.00666	0.00776	0.00518	0.00444	0.00296	0.00148	0.00370	0.00259	0.00296	0.00518
5	0.01548	0.00704	0.00919	0.00786	0.01049	0.00635	0.00625	0.01785	0.06295	0.47938	0.02385	0.17150	0.10275	0.00869	0.00524	0.00163	0.00365	0.04786	0.00533	0.00667
6	0.00996	0.00969	0.03853	0.53642	0.17491	0.01080	0.02535	0.04094	0.04374	0.01392	0.00937	0.01292	0.00725	0.00609	0.03917	0.00181	0.00641	0.00434	0.00240	0.00596
7	0.01223	0.33905	0.16749	0.06139	0.19814	0.06487	0.04151	0.02593	0.01059	0.02624	0.00808	0.00982	0.00663	0.00436	0.00405	0.00129	0.00600	0.00344	0.00226	0.00663
8	0.00694	0.00465	0.00528	0.00526	0.00532	0.00463	0.00298	0.00706	0.00730	0.00979	0.05663	0.03151	0.01885	0.78846	0.02334	0.00447	0.00451	0.00704	0.00302	0.00298
9	0.00699	0.00504	0.00635	0.00597	0.00724	0.00463	0.00450	0.00931	0.02817	0.03312	0.66735	0.03640	0.14707	0.00995	0.00561	0.00152	0.00234	0.00871	0.00515	0.00457
10	0.00699	0.00571	0.04800	0.00605	0.00654	0.00507	0.00414	0.00754	0.00737	0.01002	0.01537	0.09264	0.01731	0.63438	0.10937	0.00459	0.00552	0.00710	0.00294	0.00335
11	0.00790	0.00462	0.00664	0.07126	0.00822	0.00480	0.00465	0.00693	0.00684	0.00909	0.01085	0.06131	0.01146	0.19627	0.03306	0.54122	0.00452	0.00530	0.00240	0.00265
12	0.01250	0.10356	0.01416	0.02789	0.04696	0.24790	0.00903	0.02258	0.03597	0.01230	0.00857	0.01175	0.00773	0.03537	0.09512	0.00231	0.26725	0.00392	0.02970	0.00543
13	0.00583	0.00434	0.00543	0.00623	0.00684	0.00394	0.00426	0.00681	0.00973	0.01267	0.06552	0.62132	0.20146	0.01411	0.00598	0.00185	0.00267	0.01260	0.00447	0.00394
14	0.02454	0.00888	0.01014	0.00739	0.01147	0.00725	0.00593	0.09207	0.01118	0.01725	0.00901	0.01030	0.00733	0.00385	0.00365	0.00081	0.00368	0.00303	0.03097	0.73128
15	0.01103	0.01241	0.02668	0.10791	0.02585	0.01193	0.70024	0.01497	0.01109	0.01497	0.00954	0.01288	0.00716	0.00411	0.00555	0.00161	0.00787	0.00549	0.00239	0.00632
16	0.00593	0.00459	0.00532	0.00566	0.00665	0.00408	0.00400	0.00708	0.01042	0.01331	0.14058	0.32155	0.38384	0.05624	0.00680	0.00188	0.00264	0.01097	0.00447	0.00398
17	0.01096	0.01227	0.02628	0.01959	0.05699	0.01153	0.69793	0.01476	0.01121	0.01517	0.01143	0.03023	0.03160	0.00468	0.00563	0.00162	0.00761	0.02162	0.00255	0.00633
18	0.00705	0.00527	0.00738	0.00727	0.00785	0.00607	0.00538	0.00826	0.00746	0.01062	0.01307	0.02172	0.01312	0.25013	0.55711	0.00656	0.05353	0.00557	0.00263	0.00395
19	0.01174	0.01123	0.01893	0.05346	0.74978	0.01135	0.01437	0.01498	0.03887	0.01567	0.00935	0.01207	0.00778	0.00435	0.00474	0.00143	0.00563	0.00430	0.00245	0.00750
20	0.01759	0.02234	0.01358	0.01232	0.01470	0.78425	0.00928	0.01881	0.01332	0.01169	0.00735	0.00869	0.00616	0.00505	0.00472	0.00126	0.03780	0.00312	0.00245	0.00553
21	0.00988	0.00850	0.01005	0.03195	0.01199	0.00650	0.00590	0.01204	0.00990	0.01547	0.00850	0.01000	0.00706	0.00358	0.00358	0.00073	0.00363	0.00288	0.00281	0.83507
22	0.02962	0.22858	0.08904	0.02434	0.05530	0.17669	0.00875	0.02717	0.08281	0.02136	0.00908	0.01122	0.00770	0.00814	0.03580	0.16679	0.00600	0.00359	0.00254	0.00548
23	0.00691	0.00516	0.00698	0.07122	0.00919	0.00498	0.00519	0.00920	0.01309	0.01838	0.70969	0.04511	0.05779	0.00949	0.00558	0.00152	0.00260	0.00839	0.00498	0.00456
24	0.01121	0.01340	0.06150	0.01987	0.02480	0.01204	0.75207	0.01530	0.01123	0.01530	0.00962	0.01277	0.00720	0.00405	0.00559	0.00161	0.00802	0.00555	0.00240	0.00647
25	0.00653	0.00490	0.00572	0.00572	0.00696	0.00444	0.00434	0.00816	0.01146	0.01516	0.29918	0.04093	0.35108	0.07679	0.00715	0.00186	0.00277	0.09890	0.04378	0.00417
26	0.00776	0.00627	0.02263	0.00737	0.00888	0.02169	0.03512	0.01033	0.05142	0.03763	0.33098	0.13133	0.14327	0.01151	0.04017	0.00192	0.00362	0.10264	0.02071	0.00474
27	0.01010	0.00758	0.00858	0.00819	0.01008	0.00823	0.00645	0.02701	0.36656	0.04503	0.09306	0.06627	0.03902	0.03543	0.00581	0.00177	0.00356	0.15213	0.09921	0.00595
28	0.00669	0.00463	0.00538	0.00551	0.00575	0.00457	0.00335	0.00701	0.00763	0.01008	0.01937	0.12797	0.09128	0.60662	0.07090	0.00422	0.00473	0.00792	0.00320	0.00321
29	0.01157	0.01132	0.01823	0.17332	0.62801	0.04532	0.01418	0.01441	0.01075	0.01483	0.00883	0.01186	0.00729	0.00438	0.00472	0.00144	0.00593	0.00421	0.00233	0.00707
30	0.01733	0.06532	0.01440	0.01282	0.04815	0.73667	0.00941	0.01864	0.01323	0.01184	0.00742	0.00871	0.00622	0.00485	0.00426	0.00123	0.00831	0.00310	0.00244	0.00566
31	0.00726	0.00558	0.00788	0.10544	0.02653	0.00567	0.00726	0.00915	0.01037	0.01342	0.02585	0.23170	0.11297	0.01232	0.00612	0.00198	0.00405	0.39793	0.00410	0.00440
32	0.01161	0.01010	0.01093	0.00981	0.01220	0.01187	0.00764	0.02368	0.70494	0.01896	0.01825	0.01768	0.01402	0.03358	0.00637	0.00176	0.06943	0.00536	0.00458	0.00723
33	0.00989	0.00979	0.07376	0.00760	0.01208	0.00675	0.00662	0.01228	0.00993	0.01554	0.00850	0.00993	0.00700	0.00362	0.00362	0.00077	0.00382	0.00289	0.00277	0.79285
34	0.01531	0.01158	0.01243	0.01006	0.01317	0.01287	0.00804	0.51694	0.19675	0.02538	0.01422	0.04929	0.01134	0.07247	0.00642	0.00175	0.00477	0.00516	0.00463	0.00740
35	0.01032	0.00874	0.01013	0.00727	0.01150	0.00679	0.00583	0.05034	0.01053	0.01629	0.00864	0.00999	0.00713	0.00365	0.00360	0.00074	0.00362	0.00290	0.00293	0.81904
36	0.00741	0.00525	0.00714	0.00650	0.00688	0.00519	0.06562	0.00756	0.00724	0.00967	0.01405	0.02838	0.01579	0.69618	0.02235	0.07742	0.00487	0.00661	0.00279	0.00311
37	0.00594	0.00471	0.00527	0.00546	0.00664	0.00412	0.00395	0.00717	0.01070	0.01347	0.14706	0.20626	0.48126	0.05583	0.00675	0.00184	0.00262	0.02247	0.00447	0.00402
38	0.01036	0.00960	0.01525	0.39362	0.21311	0.01087	0.05202	0.01537	0.16663	0.01460	0.01086	0.01362	0.00843	0.00542	0.00538	0.03565	0.00569	0.00455	0.00274	0.00624
39	0.00852	0.00495	0.00549	0.00535	0.00616	0.00494	0.00362	0.01025	0.04248	0.04798	0.06996	0.05352	0.01737	0.34308	0.01228	0.00264	0.00337	0.00614	0.34782	0.00409
40	0.00699	0.00490	0.00684	0.00684	0.00738	0.00543	0.00493	0.00788	0.00735	0.01033	0.01307	0.02202	0.01320	0.26378	0.51733	0.08017	0.00970	0.00557	0.00262	0.00368
41	0.00631	0.00452	0.00611	0.00671	0.00710	0.00462	0.00462	0.00725	0.00835	0.01138	0.02050	0.45837	0.02349	0.15992	0.24323	0.00406	0.00600	0.01000	0.00363	0.00383
42	0.01200	0.38368	0.33941	0.01173	0.04970	0.10231	0.01240	0.01518	0.01033	0.01305	0.00761	0.00893	0.00617	0.00437	0.00387	0.00126	0.00631	0.00308	0.00209	0.00651
43	0.06727	0.36358	0.03268	0.00982	0.01324	0.25256	0.00850	0.08811	0.09613	0.01476	0.00872	0.00944	0.00717	0.00478	0.00381	0.00122	0.00597	0.00320	0.00278	0.00625
44	0.76689	0.07972	0.00874	0.00656	0.00964	0.01144	0.00553	0.02778	0.00859	0.03116	0.00690	0.00793	0.00540	0.00445	0.00302	0.00144	0.00385	0.00265	0.00295	0.00535
45	0.07992	0.06249	0.31651	0.10240	0.15544	0.03656	0.03627	0.09555	0.02644	0.01668	0.00884	0.01070	0.00671	0.00472	0.00466	0.00147	0.02155	0.00378	0.00254	0.00678
46	0.01140	0.08343	0.12054	0.13702	0.10992	0.03695	0.30829	0.04773	0.03485	0.01502	0.00918	0.01181	0.00710	0.00460	0.00538	0.00153	0.04177	0.00455	0.00245	0.00648
47	0.00735	0.00576	0.00831	0.00789	0.00923	0.00550	0.06772	0.00968	0.03540	0.01567	0.31311	0.11918	0.09699	0.07019	0.00726	0.00198	0.00356	0.20623	0.00447	0.00451
48	0.00607	0.00441	0.00584	0.00672	0.00724	0.00417	0.00473	0.00718	0.00961	0.01279	0.07508	0.62093	0.08384	0.01542	0.04883	0.00222	0.00338	0.07316	0.00439	0.00399
49	0.00634	0.00496	0.00580	0.00585	0.00722	0.00442	0.00455	0.00806	0.01180	0.01524	0.29901	0.04373	0.42612	0.01148	0.00579	0.00167	0.00267	0.12632	0.00471	0.00425
50	0.01347	0.76870	0.02393	0.00820	0.01226	0.01796	0.00809	0.01503	0.01003	0.07485	0.00762	0.00836	0.00659	0.00424	0.00321	0.00106	0.00503	0.00274	0.00235	0.00629
51	0.00697	0.00495	0.00592	0.00570	0.00694	0.00461	0.00426	0.00930	0.03545	0.01754	0.49380	0.06050	0.18789	0.00971	0.00531	0.00149	0.00235	0.00841	0.12444	0.00448
52	0.01153	0.54317	0.25304	0.00972	0.01441	0.01588	0.01075	0.01416	0.00965	0.01230	0.00760	0.00953	0.00664	0.04304	0.00473	0.00136	0.02112	0.00308	0.00208	0.00624
53	0.29345	0.05123	0.03646	0.00936	0.01264	0.12079	0.00783	0.31596	0.02970	0.02230	0.00955	0.01110	0.00748	0.02308	0.01402	0.00156	0.00528	0.01816	0.00359	0.00645
54	0.01121	0.01076	0.01847	0.20196	0.61853	0.01121	0.02988	0.01415	0.01060	0.01487	0.00890	0.01205	0.00730	0.00437	0.00476	0.00146	0.00588	0.00428	0.00231	0.00705
55	0.04532	0.09720	0.03811	0.01081	0.03777	0.13562	0.00872	0.27491	0.18759	0.02051	0.01147	0.01175	0.00875	0.00534	0.00454	0.00136	0.01699	0.00398	0.00375	0.07552
56	0.01314	0.01264	0.01617	0.16591	0.29922	0.16973	0.05274	0.03832	0.01142	0.07746	0.00952	0.01201	0.00755	0.00634	0.04290	0.00176	0.04984	0.00418	0.00269	0.00648
57	0.01104	0.28961	0.24900	0.01354	0.13950	0.03520	0.04256	0.01453	0.04268	0.01409	0.05166	0.04602	0.02081	0.00523	0.00427	0.00135	0.00564	0.00425	0.00253	0.00648
58	0.01023	0.17735	0.59983	0.01285	0.01911	0.01252	0.06051	0.01485	0.01007	0.01436	0.00857	0.02358	0.00657	0.00460	0.00435	0.00143	0.00668	0.00364	0.00209	0.00680
59	0.00569	0.00484	0.00490	0.00488	0.00648	0.00405	0.00366	0.00694	0.01099	0.01313	0.07511	0.04563	0.77344	0.01202	0.00565	0.00161	0.00242	0.01004	0.00447	0.00405
60	0.00787	0.00623	0.00820	0.00808	0.00908	0.00676	0.02103	0.02675	0.08965	0.02490	0.07134	0.32844	0.08908	0.02688	0.09440	0.00253	0.09549	0.07453	0.00403	0.00473
61	0.01306	0.13220	0.26188	0.01472	0.10832	0.12219	0.09378	0.14476	0.01272	0.01661	0.00873	0.01029	0.00673	0.00475	0.00480	0.00141	0.02979	0.00379	0.00263	0.00685
62	0.01014	0.01017	0.01535	0.02998	0.01385	0.01342	0.09237	0.01153	0.00793	0.01198	0.00829	0.07630	0.00841	0.00836	0.01362	0.00202	0.65362	0.00509	0.00231	0.00525
63	0.00614	0.00456	0.00574	0.00615	0.00698	0.00416	0.00439	0.00755	0.01096	0.01468	0.28487	0.40224	0.18059	0.01268	0.00588	0.00174	0.00258	0.02928	0.00471	0.00413
64	0.00964	0.01034	0.07743	0.09044	0.22817	0.03522	0.09819	0.03579	0.01998	0.01490	0.04638	0.07768	0.17486	0.00734	0.00518	0.00157	0.00509	0.03893	0.01700	0.00587
65	0.01146	0.02717	0.01650	0.16501	0.44166	0.08297	0.02596	0.02723	0.03881	0.01533	0.09123	0.01433	0.01135	0.00508	0.00479	0.00145	0.00567	0.00464	0.00275	0.00663
66	0.00804	0.00558	0.00653	0.00608	0.00771	0.00518	0.00463	0.01086	0.08072	0.07983	0.36565	0.04497	0.31024	0.00995	0.00544	0.00154	0.00260	0.00850	0.03106	0.00489

[dist]
# distance from previous block
# <min> <max>
0	2

[block]
# block no. 3 follows, 53 sequences, length 9
# corresponding to MSA columns:
# 177-185
name=unknown_D
#
# <colnr> <probs for GDERKNQSTAVLIFYWHMCP>
#	G	D	E	R	K	N	Q	S	T	A	V	L	I	F	Y	W	H	M	C	P
0	0.00866	0.00509	0.00652	0.00658	0.00779	0.00459	0.00478	0.00991	0.01075	0.14851	0.12544	0.41178	0.16138	0.03865	0.00635	0.00184	0.00297	0.02898	0.00474	0.00469
1	0.64742	0.00840	0.00706	0.00624	0.00900	0.00938	0.00509	0.01458	0.00900	0.10297	0.00929	0.01018	0.00695	0.00476	0.00321	0.00142	0.00351	0.00310	0.13305	0.00538
2	0.01118	0.01066	0.01808	0.07737	0.56748	0.01052	0.07024	0.01402	0.01073	0.01529	0.00986	0.01409	0.00852	0.00469	0.00478	0.00141	0.00561	0.04645	0.00251	0.09652
3	0.01479	0.01273	0.01352	0.01193	0.07072	0.09138	0.00898	0.34909	0.15283	0.02182	0.01140	0.01204	0.00871	0.00570	0.00574	0.00143	0.09079	0.00419	0.00388	0.10834
4	0.02529	0.09760	0.15739	0.07058	0.13225	0.02486	0.10344	0.10543	0.07926	0.01696	0.07033	0.04730	0.03700	0.00577	0.00477	0.00148	0.00553	0.00506	0.00313	0.00654
5	0.03220	0.12943	0.41449	0.03550	0.11753	0.01225	0.03102	0.09226	0.01149	0.05179	0.00942	0.02516	0.00720	0.00481	0.00442	0.00144	0.00615	0.00385	0.00260	0.00699
6	0.00981	0.05491	0.06663	0.01107	0.08902	0.00911	0.07018	0.07105	0.15696	0.01782	0.24471	0.04754	0.10356	0.00764	0.00516	0.00153	0.00412	0.01908	0.00412	0.00599
7	0.00732	0.00575	0.00802	0.00894	0.06698	0.00553	0.03674	0.05912	0.01059	0.01409	0.05412	0.56804	0.11096	0.01263	0.00583	0.00180	0.00331	0.01141	0.00426	0.00458
8	0.01303	0.05149	0.19688	0.04776	0.18367	0.01059	0.13742	0.03441	0.01139	0.18451	0.01232	0.03857	0.02463	0.00528	0.00512	0.00151	0.02645	0.00476	0.00319	0.00701

[dist]
# distance from previous block
# <min> <max>
2	8

[block]
# block no. 4 follows, 53 sequences, length 12
# corresponding to MSA columns:
# 194-205
name=unknown_E
#
# <colnr> <probs for GDERKNQSTAVLIFYWHMCP>
#	G	D	E	R	K	N	Q	S	T	A	V	L	I	F	Y	W	H	M	C	P
0	0.08224	0.02918	0.30825	0.01426	0.11415	0.01061	0.10425	0.04824	0.06175	0.04839	0.01209	0.01580	0.02512	0.00555	0.00475	0.00154	0.00585	0.07174	0.00293	0.03331
1	0.03768	0.01226	0.11205	0.15092	0.36352	0.01088	0.13027	0.03073	0.01095	0.03432	0.03451	0.01346	0.02734	0.00478	0.00485	0.00150	0.00602	0.00462	0.00259	0.00675
2	0.01134	0.05055	0.05140	0.10416	0.21785	0.05961	0.03238	0.05464	0.10808	0.04972	0.03052	0.10150	0.04484	0.04182	0.00589	0.00166	0.01874	0.00571	0.00329	0.00628
3	0.01145	0.18643	0.04030	0.05888	0.01282	0.01094	0.03758	0.14999	0.01191	0.06500	0.03369	0.11088	0.06674	0.04828	0.07381	0.02607	0.04038	0.00575	0.00340	0.00570
4	0.01436	0.01747	0.05271	0.06238	0.01613	0.42262	0.06020	0.01769	0.11521	0.01319	0.00906	0.01077	0.00737	0.00567	0.00656	0.00150	0.15471	0.00385	0.00267	0.00587
5	0.00993	0.00862	0.01090	0.00940	0.07725	0.00724	0.03233	0.02916	0.06143	0.01620	0.06085	0.01480	0.06477	0.00483	0.00410	0.00098	0.00376	0.00410	0.00321	0.57612
6	0.05018	0.00918	0.01075	0.00850	0.01194	0.07413	0.00692	0.02155	0.01329	0.66003	0.01938	0.01726	0.06227	0.00618	0.00475	0.00147	0.00433	0.00493	0.00543	0.00755
7	0.01483	0.01729	0.01226	0.01183	0.05103	0.52249	0.00854	0.03791	0.03913	0.01311	0.01082	0.11330	0.01016	0.00649	0.00524	0.00140	0.05838	0.00473	0.05557	0.00548
8	0.00679	0.00466	0.00517	0.00517	0.00536	0.00456	0.00299	0.00694	0.00743	0.00971	0.01913	0.03307	0.11283	0.73206	0.02205	0.00427	0.00436	0.00733	0.00308	0.00303
9	0.86579	0.00924	0.00702	0.00629	0.00924	0.01072	0.00518	0.01405	0.00813	0.02144	0.00666	0.00776	0.00518	0.00444	0.00296	0.00148	0.00370	0.00259	0.00296	0.00518
10	0.00944	0.00927	0.06989	0.06519	0.05059	0.03853	0.00766	0.06156	0.02162	0.01496	0.07366	0.04056	0.04255	0.04788	0.18886	0.00283	0.00640	0.00493	0.00308	0.24054
11	0.32117	0.01273	0.08977	0.06327	0.19614	0.10218	0.05584	0.01477	0.02551	0.01689	0.00855	0.01099	0.00693	0.00594	0.03784	0.00173	0.00585	0.01524	0.00263	0.00603

[dist]
# distance from previous block
# <min> <max>
0	2

[block]
# block no. 5 follows, 53 sequences, length 32
# corresponding to MSA columns:
# 208-239
name=unknown_F
#
# <colnr> <probs for GDERKNQSTAVLIFYWHMCP>
#	G	D	E	R	K	N	Q	S	T	A	V	L	I	F	Y	W	H	M	C	P
0	0.08679	0.00566	0.00588	0.00563	0.00674	0.01599	0.00417	0.03221	0.00936	0.01603	0.01369	0.01841	0.01185	0.13668	0.07301	0.02836	0.03373	0.00469	0.48678	0.00434
1	0.02442	0.11560	0.10756	0.03555	0.07325	0.06557	0.02993	0.05470	0.01074	0.05735	0.01288	0.18242	0.01261	0.00724	0.00567	0.00150	0.07943	0.02346	0.00312	0.09701
2	0.00961	0.00870	0.01441	0.53679	0.21142	0.01006	0.01246	0.01261	0.01002	0.01372	0.03125	0.01363	0.00827	0.00487	0.00466	0.00151	0.00572	0.00439	0.08017	0.00574
3	0.01096	0.01356	0.18639	0.01354	0.11248	0.06083	0.03667	0.07782	0.01014	0.01418	0.00903	0.01327	0.00805	0.09419	0.03325	0.05580	0.21409	0.00432	0.00249	0.02895
4	0.00891	0.00445	0.00445	0.00445	0.00557	0.00445	0.00334	0.01114	0.01002	0.01782	0.01559	0.01782	0.01225	0.00557	0.00334	0.00111	0.00223	0.00445	0.85856	0.00445
5	0.00666	0.00510	0.00562	0.00573	0.00733	0.00443	0.00453	0.00808	0.01102	0.04446	0.04293	0.04630	0.62468	0.01207	0.00579	0.00172	0.00286	0.15195	0.00449	0.00427
6	0.00941	0.00494	0.00499	0.00481	0.00607	0.00502	0.00365	0.05342	0.01070	0.01849	0.01537	0.01747	0.01203	0.00558	0.00342	0.00113	0.00239	0.00445	0.81198	0.00466
7	0.00942	0.02259	0.70675	0.03566	0.02012	0.01079	0.03081	0.01454	0.01013	0.01496	0.02431	0.01210	0.03814	0.00502	0.00488	0.00153	0.02531	0.00396	0.00218	0.00680
8	0.00682	0.00542	0.00705	0.00785	0.07927	0.00496	0.00520	0.00871	0.01213	0.01634	0.42814	0.08927	0.27955	0.01040	0.00560	0.00157	0.00268	0.01979	0.00467	0.00460
9	0.00982	0.02586	0.21973	0.00998	0.01461	0.00848	0.06282	0.01326	0.03349	0.01521	0.00979	0.02254	0.00818	0.00540	0.02633	0.00130	0.02368	0.03068	0.00269	0.45616
10	0.81937	0.03059	0.00770	0.00647	0.00948	0.01105	0.00537	0.03637	0.00859	0.02143	0.00679	0.00787	0.00529	0.00447	0.00301	0.00147	0.00378	0.00264	0.00299	0.00529
11	0.01126	0.01282	0.02782	0.01993	0.02463	0.01216	0.76294	0.01520	0.01117	0.01520	0.00957	0.01282	0.00722	0.00415	0.00592	0.00163	0.03112	0.00560	0.00241	0.00641
12	0.00648	0.00474	0.00603	0.00598	0.00696	0.00435	0.00435	0.00828	0.01221	0.01687	0.54881	0.18458	0.12237	0.03861	0.00635	0.00170	0.00245	0.00966	0.00494	0.00429
13	0.00991	0.00850	0.00991	0.00708	0.01133	0.00637	0.00566	0.01203	0.00991	0.01557	0.00850	0.00991	0.00708	0.00354	0.00354	0.00071	0.00354	0.00283	0.00283	0.86124
14	0.00899	0.00478	0.00501	0.00490	0.00595	0.00501	0.00373	0.01116	0.00988	0.01747	0.01508	0.01742	0.01192	0.00572	0.00401	0.00117	0.04702	0.00444	0.81184	0.00450
15	0.01129	0.00939	0.01063	0.00795	0.01195	0.00823	0.00637	0.11984	0.11067	0.01813	0.01029	0.01113	0.00817	0.00421	0.00388	0.00092	0.00381	0.00336	0.00336	0.63643
16	0.41879	0.00963	0.00970	0.05419	0.03842	0.03411	0.00679	0.11060	0.01134	0.18873	0.01065	0.01211	0.00798	0.06203	0.00526	0.00169	0.00440	0.00374	0.00373	0.00612
17	0.00735	0.00573	0.00747	0.10509	0.02293	0.00583	0.00575	0.00993	0.08488	0.01473	0.24862	0.17099	0.17487	0.04051	0.00721	0.06765	0.00331	0.00848	0.00417	0.00450
18	0.00767	0.06354	0.04892	0.00694	0.00876	0.00628	0.02729	0.01043	0.04055	0.01794	0.57954	0.03096	0.07770	0.00878	0.00528	0.00147	0.00292	0.00766	0.04249	0.00489
19	0.01062	0.09079	0.03473	0.00821	0.03384	0.00787	0.02973	0.01283	0.01013	0.05019	0.00983	0.02755	0.00816	0.00418	0.00371	0.00091	0.00388	0.00340	0.08072	0.56873
20	0.00625	0.00445	0.00592	0.00676	0.00724	0.00421	0.00478	0.00740	0.00988	0.01329	0.13352	0.58125	0.03226	0.05549	0.00702	0.00205	0.00300	0.10678	0.00447	0.00398
21	0.00997	0.00846	0.01052	0.00905	0.08292	0.00667	0.00638	0.01187	0.00975	0.01508	0.00853	0.01040	0.00721	0.00451	0.00469	0.06011	0.00378	0.00305	0.00274	0.72433
22	0.01213	0.05455	0.01714	0.03347	0.52627	0.11924	0.01214	0.01448	0.01081	0.01438	0.00901	0.01211	0.00782	0.03825	0.03811	0.00171	0.00616	0.00405	0.00242	0.06576
23	0.01051	0.01533	0.29785	0.01283	0.06160	0.02295	0.02651	0.09384	0.01064	0.01516	0.01261	0.01492	0.08974	0.02942	0.01956	0.00185	0.25118	0.00468	0.00265	0.00615
24	0.00730	0.00514	0.00712	0.00799	0.00888	0.00508	0.00658	0.00903	0.01054	0.01394	0.09454	0.17414	0.02820	0.02670	0.03152	0.04472	0.00419	0.50592	0.00429	0.00418
25	0.01013	0.01041	0.06878	0.46432	0.12279	0.01106	0.01233	0.01601	0.20510	0.01478	0.01129	0.01371	0.00855	0.00512	0.00478	0.00157	0.00569	0.00449	0.00283	0.00627
26	0.72869	0.00873	0.00746	0.06245	0.01060	0.01012	0.00564	0.01321	0.00806	0.01961	0.00693	0.00872	0.00554	0.00557	0.00451	0.07967	0.00392	0.00284	0.00282	0.00490
27	0.01112	0.01029	0.01728	0.02568	0.67934	0.01024	0.01301	0.01341	0.01046	0.01478	0.01143	0.01424	0.05791	0.00588	0.00606	0.07962	0.00533	0.00462	0.00247	0.00685
28	0.00784	0.00766	0.06498	0.03196	0.01145	0.00745	0.07769	0.01026	0.03925	0.01202	0.01331	0.04752	0.02429	0.11642	0.45704	0.00536	0.05252	0.00558	0.00270	0.00470
29	0.00989	0.00964	0.01347	0.13968	0.31049	0.08166	0.03365	0.01200	0.01051	0.01353	0.01785	0.10981	0.15034	0.00851	0.03727	0.02128	0.00547	0.00630	0.00294	0.00571
30	0.01179	0.00927	0.03770	0.02663	0.15345	0.07283	0.00814	0.02365	0.03109	0.15416	0.03689	0.08283	0.01385	0.12762	0.11404	0.00276	0.02491	0.02881	0.00351	0.03606
31	0.04513	0.06433	0.11631	0.01476	0.16271	0.04176	0.12847	0.01651	0.01855	0.21870	0.01236	0.04097	0.00963	0.02905	0.02621	0.00172	0.01799	0.01244	0.00339	0.01900

[dist]
# distance from previous block
# <min> <max>
0	58

# created by:
# /home/cegg/simao/soft/augustus-3.2.1/scripts/msa2prfl.pl ./align_prep/EOG091G0P9B.fa
