[name]
unknown

[dist]
# distance from previous block
# <min> <max>
0	61

[block]
# block no. 0 follows, 43 sequences, length 81
# corresponding to MSA columns:
# 66-133,137-149
name=unknown_A
#
# <colnr> <probs for GDERKNQSTAVLIFYWHMCP>
#	G	D	E	R	K	N	Q	S	T	A	V	L	I	F	Y	W	H	M	C	P
0	0.06077	0.01093	0.01398	0.32909	0.02363	0.05752	0.01157	0.09986	0.03951	0.07791	0.03548	0.02334	0.01382	0.00777	0.00616	0.00190	0.03127	0.13078	0.00391	0.02080
1	0.09029	0.03212	0.01477	0.13534	0.03156	0.23721	0.01034	0.14588	0.01582	0.16924	0.02553	0.01402	0.00984	0.00747	0.03521	0.00191	0.00729	0.00459	0.00414	0.00743
2	0.08177	0.01410	0.06850	0.17504	0.02085	0.11375	0.06501	0.13143	0.01520	0.14973	0.07024	0.04373	0.01311	0.00670	0.00549	0.00173	0.00652	0.00554	0.00420	0.00735
3	0.30357	0.01050	0.01376	0.24877	0.08710	0.01202	0.04927	0.01580	0.05362	0.01923	0.01118	0.05379	0.00937	0.00618	0.00533	0.00178	0.03612	0.00493	0.02958	0.02810
4	0.75369	0.01061	0.00899	0.07648	0.01320	0.01232	0.00687	0.01632	0.00971	0.03975	0.00820	0.00971	0.00628	0.00521	0.00366	0.00173	0.00457	0.00322	0.00341	0.00608
5	0.00926	0.00698	0.00916	0.00977	0.07612	0.00672	0.00658	0.02775	0.06639	0.04035	0.48168	0.10102	0.11450	0.01106	0.00638	0.00180	0.00328	0.00973	0.00560	0.00586
6	0.01589	0.01750	0.18650	0.01862	0.09121	0.01416	0.25658	0.23067	0.01669	0.07892	0.01225	0.01394	0.00882	0.00556	0.00580	0.00175	0.00755	0.00534	0.00379	0.00845
7	0.01095	0.01034	0.01749	0.67804	0.14833	0.01243	0.01562	0.01458	0.01131	0.01474	0.00993	0.01461	0.00759	0.00545	0.00553	0.00182	0.00726	0.00492	0.00250	0.00655
8	0.00755	0.00555	0.00707	0.00690	0.00815	0.00507	0.00509	0.00982	0.01469	0.02036	0.59263	0.13563	0.13614	0.01238	0.00660	0.00182	0.00271	0.01092	0.00587	0.00507
9	0.00846	0.01273	0.24750	0.01146	0.05252	0.00757	0.01048	0.01127	0.01117	0.01546	0.02465	0.46780	0.07154	0.01273	0.00639	0.00204	0.00491	0.01130	0.00414	0.00588
10	0.22568	0.09601	0.15616	0.01297	0.03526	0.05712	0.11209	0.04235	0.02120	0.15619	0.02808	0.01321	0.00938	0.00560	0.00489	0.00167	0.00634	0.00447	0.00375	0.00754
11	0.01342	0.01287	0.02196	0.10078	0.70626	0.01308	0.01685	0.01675	0.01248	0.01775	0.01037	0.01380	0.00865	0.00499	0.00549	0.00166	0.00665	0.00493	0.00272	0.00854
12	0.00692	0.00491	0.00629	0.00739	0.00790	0.00455	0.00499	0.00800	0.01084	0.01455	0.03217	0.69378	0.10111	0.01648	0.00685	0.00217	0.00314	0.01483	0.04858	0.00455
13	0.01260	0.05217	0.21168	0.21438	0.19172	0.03814	0.09633	0.04177	0.01231	0.01687	0.00998	0.01316	0.00775	0.00549	0.00618	0.00176	0.05276	0.00476	0.00264	0.00755
14	0.02022	0.01226	0.01645	0.01534	0.13057	0.07535	0.08159	0.09233	0.01574	0.40639	0.01767	0.06322	0.01285	0.00686	0.00569	0.00172	0.00593	0.00595	0.00527	0.00859
15	0.01994	0.01444	0.01543	0.01195	0.01606	0.01592	0.00983	0.67536	0.02454	0.03342	0.01379	0.01406	0.00992	0.00663	0.00537	0.00162	0.00573	0.00500	0.09202	0.00898
16	0.00723	0.00555	0.00656	0.00668	0.00800	0.00498	0.00493	0.00898	0.01313	0.01716	0.28763	0.15668	0.33816	0.05470	0.00781	0.00211	0.00308	0.05649	0.00537	0.00479
17	0.01463	0.17290	0.39153	0.01503	0.06693	0.10934	0.01554	0.09264	0.01375	0.04408	0.01013	0.01149	0.00763	0.00539	0.00496	0.00159	0.00755	0.00401	0.00291	0.00797
18	0.11930	0.03573	0.11633	0.08666	0.11762	0.04833	0.01208	0.20152	0.01605	0.17473	0.01283	0.01360	0.00911	0.00590	0.00517	0.00168	0.00623	0.00461	0.00427	0.00825
19	0.68939	0.01256	0.03954	0.01040	0.07900	0.05859	0.00781	0.01674	0.01017	0.02329	0.00809	0.00958	0.00635	0.00516	0.00377	0.00169	0.00498	0.00325	0.00329	0.00635
20	0.01685	0.34186	0.07698	0.06098	0.01797	0.32117	0.02464	0.05263	0.01374	0.01473	0.00866	0.01020	0.00726	0.00530	0.00452	0.00140	0.00786	0.00356	0.00272	0.00697
21	0.00787	0.00576	0.00823	0.00831	0.00907	0.00649	0.00616	0.00942	0.00885	0.01255	0.01625	0.07104	0.01636	0.17988	0.59878	0.00786	0.01241	0.00691	0.00317	0.00463
22	0.00791	0.00593	0.00890	0.00890	0.00989	0.00692	0.00692	0.00989	0.00890	0.01286	0.01483	0.02176	0.01385	0.04154	0.78341	0.00890	0.01483	0.00593	0.00297	0.00494
23	0.01200	0.02759	0.67024	0.01559	0.02288	0.08094	0.01917	0.01772	0.01188	0.01697	0.00968	0.01156	0.00704	0.00553	0.00591	0.00176	0.04915	0.00409	0.00239	0.00792
24	0.02404	0.00993	0.01307	0.01011	0.01434	0.00899	0.00832	0.07230	0.05511	0.68961	0.02135	0.01860	0.01361	0.00688	0.00557	0.00172	0.00478	0.00557	0.00671	0.00939
25	0.01164	0.01147	0.01604	0.01394	0.01397	0.01587	0.01150	0.01283	0.00867	0.01340	0.00932	0.08168	0.00986	0.01037	0.01720	0.00241	0.72545	0.00581	0.00266	0.00592
26	0.01293	0.01464	0.03186	0.02289	0.02834	0.01374	0.72514	0.01752	0.01306	0.01770	0.01183	0.01658	0.00921	0.00503	0.00657	0.00189	0.00919	0.03158	0.00288	0.00739
27	0.00909	0.00667	0.00894	0.00999	0.01131	0.00680	0.00845	0.01260	0.07839	0.01686	0.02887	0.14904	0.03114	0.01486	0.00740	0.00245	0.00481	0.58183	0.00515	0.00535
28	0.00785	0.00583	0.00840	0.00840	0.00943	0.00652	0.00647	0.00949	0.00924	0.01291	0.01946	0.02523	0.10402	0.03685	0.64287	0.05976	0.01277	0.00655	0.00319	0.00475
29	0.01136	0.01113	0.01707	0.67876	0.10144	0.05847	0.01524	0.01488	0.01149	0.01446	0.00982	0.01439	0.00749	0.00549	0.00550	0.00180	0.00747	0.00484	0.00251	0.00640
30	0.01325	0.01126	0.01204	0.01089	0.01383	0.01288	0.00849	0.03977	0.66194	0.02311	0.08823	0.02351	0.02030	0.00805	0.00577	0.00188	0.00428	0.02650	0.00566	0.00837
31	0.00671	0.00496	0.00629	0.00735	0.00794	0.00453	0.00498	0.00775	0.01095	0.01428	0.03491	0.67341	0.16213	0.01678	0.00698	0.00218	0.00314	0.01505	0.00514	0.00453
32	0.00794	0.00581	0.00826	0.00826	0.00903	0.00658	0.00612	0.00948	0.00871	0.01238	0.01542	0.02500	0.01525	0.21253	0.61435	0.00811	0.01272	0.00641	0.00305	0.00459
33	0.00919	0.00630	0.00714	0.00680	0.00725	0.00650	0.00420	0.07374	0.00969	0.01299	0.01693	0.03336	0.01881	0.68932	0.07135	0.00525	0.00600	0.00766	0.00353	0.00398
34	0.01046	0.00984	0.01661	0.79205	0.03814	0.01230	0.01538	0.01415	0.01107	0.01415	0.00984	0.01477	0.00738	0.00554	0.00554	0.00185	0.00738	0.00492	0.00246	0.00615
35	0.00785	0.00584	0.00860	0.00868	0.00957	0.00669	0.00663	0.00966	0.00896	0.01283	0.01595	0.07110	0.01559	0.07963	0.69590	0.00830	0.01362	0.00665	0.00312	0.00483
36	0.01204	0.01091	0.01246	0.01285	0.07496	0.11078	0.05120	0.07420	0.09211	0.01819	0.04139	0.22980	0.02315	0.01118	0.00636	0.00200	0.00547	0.17070	0.03393	0.00629
37	0.22549	0.01227	0.01380	0.05239	0.06275	0.01320	0.00946	0.29429	0.03308	0.19322	0.01396	0.01472	0.00999	0.00635	0.00506	0.00172	0.00538	0.01967	0.00496	0.00826
38	0.01311	0.01483	0.03207	0.02398	0.07330	0.01395	0.70683	0.01770	0.01304	0.01776	0.01116	0.01487	0.00843	0.00468	0.00647	0.00185	0.00917	0.00644	0.00280	0.00755
39	0.16244	0.01666	0.17355	0.03381	0.27440	0.05911	0.05511	0.06689	0.01302	0.06149	0.01051	0.01254	0.00806	0.00541	0.00539	0.00170	0.02433	0.00446	0.00319	0.00792
40	0.01331	0.01275	0.02176	0.12705	0.68088	0.01305	0.01680	0.01665	0.01242	0.01761	0.01035	0.01384	0.00860	0.00501	0.00549	0.00167	0.00668	0.00493	0.00271	0.00845
41	0.01020	0.00842	0.01164	0.01064	0.01163	0.01046	0.00850	0.07615	0.01027	0.01484	0.01277	0.01898	0.01193	0.05917	0.48049	0.00639	0.22324	0.00564	0.00306	0.00558
42	0.01663	0.20409	0.08026	0.01211	0.04473	0.02611	0.05878	0.04810	0.06321	0.23969	0.02355	0.03807	0.02142	0.05623	0.00697	0.00186	0.03076	0.00536	0.00430	0.01777
43	0.01145	0.15268	0.59000	0.01409	0.02116	0.01368	0.01741	0.01670	0.01155	0.01662	0.01081	0.05847	0.00883	0.00587	0.00506	0.00167	0.00742	0.00459	0.00254	0.02941
44	0.01443	0.00677	0.00870	0.00801	0.01010	0.00619	0.00606	0.01649	0.02662	0.30021	0.04393	0.30834	0.02333	0.01077	0.00579	0.00182	0.00364	0.00936	0.18285	0.00658
45	0.00996	0.00747	0.01086	0.18586	0.09848	0.00757	0.00878	0.01200	0.01190	0.08494	0.02903	0.28785	0.20043	0.01159	0.00629	0.00195	0.00455	0.01023	0.00444	0.00583
46	0.01389	0.17945	0.43744	0.01478	0.04030	0.07524	0.03940	0.10446	0.01368	0.01841	0.00984	0.01135	0.00742	0.00533	0.00498	0.00161	0.00763	0.00403	0.00279	0.00797
47	0.00697	0.00509	0.00662	0.00776	0.00837	0.00473	0.00547	0.00817	0.01108	0.01451	0.03331	0.63131	0.11962	0.01674	0.00708	0.00224	0.00338	0.09783	0.00514	0.00459
48	0.00719	0.00516	0.00692	0.00817	0.00873	0.00489	0.00589	0.00849	0.01109	0.01466	0.03089	0.63234	0.05308	0.01685	0.00718	0.00230	0.00359	0.16283	0.00513	0.00463
49	0.00813	0.00604	0.00879	0.00871	0.00956	0.00702	0.00665	0.00980	0.00880	0.01269	0.01478	0.02275	0.01417	0.11469	0.65845	0.02624	0.03829	0.00607	0.01358	0.00477
50	0.01765	0.21135	0.05935	0.01453	0.07557	0.28668	0.02393	0.16296	0.03247	0.01845	0.00980	0.01116	0.00794	0.00576	0.00540	0.00151	0.04072	0.00400	0.00327	0.00750
51	0.84448	0.01071	0.00814	0.00728	0.01071	0.01242	0.00600	0.01628	0.00943	0.02485	0.00771	0.00900	0.00600	0.00514	0.00343	0.00171	0.00428	0.00300	0.00343	0.00600
52	0.02380	0.01062	0.01354	0.01043	0.01470	0.00998	0.00860	0.16050	0.04136	0.61473	0.02030	0.01789	0.01302	0.00684	0.00557	0.00171	0.00496	0.00548	0.00657	0.00940
53	0.01018	0.00916	0.04998	0.01050	0.02763	0.02638	0.04204	0.10835	0.04295	0.01814	0.03920	0.39197	0.08217	0.01320	0.00664	0.00208	0.00461	0.10408	0.00487	0.00588
54	0.02789	0.01051	0.08045	0.05398	0.08754	0.00956	0.08122	0.03384	0.08327	0.01697	0.03828	0.36108	0.02243	0.01116	0.00702	0.00203	0.05234	0.00997	0.00418	0.00629
55	0.00719	0.00502	0.00638	0.00729	0.00754	0.00480	0.00472	0.00791	0.00991	0.01320	0.02665	0.55751	0.03166	0.24865	0.01328	0.00317	0.00390	0.03241	0.00462	0.00418
56	0.00737	0.00535	0.00671	0.00771	0.03020	0.00507	0.00483	0.00818	0.01020	0.01345	0.04467	0.43396	0.11414	0.26618	0.01364	0.00317	0.00394	0.01240	0.00452	0.00430
57	0.01641	0.05177	0.09979	0.03264	0.14955	0.07907	0.14072	0.23099	0.07745	0.04862	0.01243	0.01383	0.00931	0.00576	0.00555	0.00169	0.00711	0.00507	0.00388	0.00838
58	0.01184	0.01095	0.01538	0.05735	0.17539	0.04552	0.01143	0.01387	0.01069	0.03141	0.05846	0.06123	0.01327	0.01270	0.10909	0.00290	0.31672	0.00592	0.02946	0.00642
59	0.08557	0.18378	0.17901	0.02518	0.12156	0.16649	0.10325	0.04343	0.01298	0.01711	0.00935	0.01131	0.00747	0.00516	0.00490	0.00157	0.00758	0.00411	0.00276	0.00744
60	0.01291	0.01631	0.11483	0.02344	0.09375	0.01380	0.60454	0.01765	0.01288	0.01775	0.01099	0.01447	0.00828	0.00476	0.00630	0.00184	0.00897	0.00612	0.00274	0.00766
61	0.01081	0.03309	0.07179	0.01317	0.01564	0.02389	0.17489	0.01379	0.05565	0.01537	0.05852	0.08712	0.03839	0.07818	0.05652	0.07641	0.13745	0.03005	0.00341	0.00586
62	0.12696	0.01593	0.08085	0.01189	0.01565	0.17844	0.05569	0.11813	0.12516	0.08011	0.01642	0.01744	0.05782	0.00677	0.00521	0.00169	0.00629	0.02028	0.05193	0.00736
63	0.02127	0.01516	0.01640	0.01258	0.01700	0.01666	0.01039	0.71076	0.02546	0.07732	0.01379	0.01362	0.00966	0.00666	0.00554	0.00167	0.00602	0.00502	0.00562	0.00942
64	0.54271	0.01047	0.00988	0.00828	0.01190	0.01129	0.00678	0.06123	0.01214	0.23494	0.01228	0.01282	0.00878	0.02969	0.00489	0.00182	0.00454	0.00398	0.00451	0.00707
65	0.02219	0.01070	0.01328	0.01051	0.01459	0.01042	0.00857	0.12245	0.16240	0.53130	0.02086	0.01848	0.01377	0.00696	0.00558	0.00174	0.00483	0.00563	0.00644	0.00930
66	0.01392	0.64630	0.09293	0.01019	0.01475	0.01986	0.01036	0.01612	0.01138	0.01397	0.05146	0.01119	0.00970	0.00546	0.00475	0.00134	0.05313	0.00358	0.00258	0.00703
67	0.00696	0.00521	0.00694	0.05245	0.00971	0.00498	0.00563	0.00816	0.01094	0.01437	0.04557	0.66406	0.11211	0.01621	0.00692	0.00218	0.00340	0.01459	0.00501	0.00463
68	0.16482	0.01094	0.01197	0.00957	0.01324	0.01137	0.00783	0.26209	0.01737	0.27196	0.01591	0.01559	0.01102	0.00642	0.00490	0.00163	0.00473	0.00486	0.14567	0.00810
69	0.00890	0.00694	0.00876	0.01030	0.06872	0.02238	0.00715	0.03289	0.03275	0.01638	0.03037	0.35000	0.13314	0.01396	0.00670	0.00212	0.00410	0.18653	0.05256	0.00534
70	0.00673	0.00489	0.00635	0.00753	0.00798	0.00451	0.00506	0.00773	0.01078	0.01421	0.03278	0.73581	0.10112	0.01706	0.00702	0.00222	0.00318	0.01539	0.00514	0.00451
71	0.00833	0.00553	0.00741	0.00781	0.00869	0.00538	0.00559	0.00979	0.01137	0.05868	0.14793	0.39544	0.05183	0.08011	0.14277	0.00352	0.00542	0.03460	0.00488	0.00491
72	0.00786	0.00594	0.00708	0.00714	0.00847	0.00551	0.00520	0.05136	0.01372	0.01818	0.27493	0.28996	0.25656	0.01381	0.00665	0.00194	0.00306	0.01208	0.00547	0.00507
73	0.01334	0.26966	0.38374	0.01343	0.01939	0.11298	0.03428	0.01739	0.01194	0.01537	0.00938	0.01126	0.00749	0.00722	0.04934	0.00195	0.00812	0.00384	0.00246	0.00742
74	0.01240	0.00944	0.01113	0.00955	0.01188	0.01012	0.00753	0.16534	0.12691	0.03931	0.33180	0.04995	0.02932	0.00918	0.00700	0.00175	0.07356	0.00752	0.03175	0.05456
75	0.00679	0.00484	0.00641	0.00766	0.00797	0.00453	0.00508	0.00772	0.01052	0.01403	0.03011	0.77751	0.03611	0.04230	0.00774	0.00235	0.00328	0.01550	0.00508	0.00446
76	0.01342	0.05338	0.27517	0.01662	0.13280	0.09868	0.04851	0.05668	0.10273	0.01897	0.07168	0.01534	0.01233	0.00597	0.00534	0.00164	0.00686	0.00496	0.00339	0.05554
77	0.01463	0.08421	0.02355	0.02727	0.48763	0.06004	0.12784	0.03332	0.03094	0.04180	0.01090	0.01357	0.00884	0.00508	0.00545	0.00163	0.00703	0.00498	0.00298	0.00832
78	0.08775	0.01341	0.01491	0.07028	0.08328	0.05967	0.01026	0.33167	0.06136	0.13012	0.01397	0.01452	0.01008	0.00634	0.00539	0.00167	0.01550	0.00489	0.05662	0.00831
79	0.15083	0.05058	0.25640	0.01619	0.15271	0.03179	0.01371	0.08630	0.05962	0.02058	0.05580	0.01396	0.01073	0.00606	0.00579	0.00173	0.05156	0.00462	0.00334	0.00770
80	0.01386	0.03655	0.04163	0.01018	0.01293	0.05778	0.00827	0.09550	0.17397	0.10991	0.06411	0.11223	0.08106	0.05879	0.00793	0.00204	0.05213	0.02057	0.00487	0.03571

[dist]
# distance from previous block
# <min> <max>
0	9

[block]
# block no. 1 follows, 43 sequences, length 16
# corresponding to MSA columns:
# 159-174
name=unknown_B
#
# <colnr> <probs for GDERKNQSTAVLIFYWHMCP>
#	G	D	E	R	K	N	Q	S	T	A	V	L	I	F	Y	W	H	M	C	P
0	0.01388	0.20367	0.18747	0.01438	0.08654	0.01500	0.04473	0.09066	0.10687	0.04657	0.01291	0.04724	0.01083	0.04149	0.00686	0.00184	0.05275	0.00513	0.00347	0.00770
1	0.05506	0.16979	0.30559	0.01382	0.06197	0.01378	0.04910	0.07388	0.03599	0.01845	0.03131	0.06947	0.03119	0.00647	0.00509	0.00164	0.00643	0.00526	0.00320	0.04250
2	0.00962	0.01929	0.00832	0.00816	0.00912	0.08530	0.00584	0.01048	0.03474	0.01345	0.04183	0.22014	0.10099	0.03822	0.11198	0.22754	0.00589	0.00859	0.03609	0.00440
3	0.00839	0.00606	0.00719	0.00728	0.00871	0.00557	0.00531	0.01049	0.04800	0.04807	0.10921	0.25992	0.26037	0.09281	0.00875	0.00231	0.00353	0.06287	0.00507	0.04007
4	0.01348	0.06972	0.36468	0.01654	0.07281	0.11314	0.11612	0.04877	0.01302	0.01761	0.00996	0.01193	0.00758	0.00512	0.00520	0.00158	0.00780	0.00430	0.00274	0.09791
5	0.01376	0.01401	0.01943	0.19680	0.40281	0.12021	0.03460	0.03506	0.01289	0.01668	0.01195	0.01507	0.04059	0.00578	0.00599	0.00170	0.03716	0.00507	0.00286	0.00757
6	0.00683	0.00518	0.00632	0.00709	0.00800	0.00467	0.00499	0.00810	0.01164	0.01500	0.08529	0.48883	0.27021	0.01584	0.00689	0.00211	0.00311	0.04009	0.00520	0.00462
7	0.25037	0.01017	0.04375	0.00856	0.01201	0.00970	0.00725	0.06777	0.06108	0.23858	0.03337	0.02020	0.10174	0.00721	0.00488	0.00169	0.00430	0.00554	0.10461	0.00721
8	0.06182	0.08539	0.06009	0.05204	0.27386	0.06457	0.01276	0.17542	0.06216	0.05455	0.01238	0.03880	0.00998	0.00604	0.00523	0.00165	0.00631	0.00499	0.00376	0.00820
9	0.00693	0.00512	0.00652	0.00752	0.00823	0.00471	0.00530	0.00815	0.01130	0.01472	0.05573	0.58023	0.17051	0.01640	0.00701	0.00219	0.00328	0.07637	0.00516	0.00460
10	0.04374	0.00648	0.00763	0.00736	0.00785	0.00704	0.00502	0.00924	0.00917	0.01281	0.04048	0.05954	0.11183	0.48490	0.04345	0.00425	0.10150	0.02994	0.00363	0.00414
11	0.11117	0.01359	0.03296	0.04888	0.11109	0.01476	0.01104	0.33496	0.09301	0.08467	0.01315	0.01396	0.00971	0.00655	0.00640	0.00177	0.07442	0.00489	0.00458	0.00842
12	0.04689	0.00929	0.06066	0.01341	0.12752	0.00815	0.05823	0.03173	0.01208	0.04643	0.02355	0.26879	0.08404	0.01239	0.03906	0.00225	0.00523	0.08067	0.06353	0.00611
13	0.00778	0.00575	0.00747	0.00838	0.00946	0.00552	0.00665	0.00955	0.01181	0.01521	0.03409	0.25134	0.18475	0.04739	0.04247	0.00272	0.00457	0.33535	0.00496	0.00478
14	0.07097	0.23502	0.03514	0.01438	0.13665	0.13175	0.01046	0.08842	0.02957	0.04974	0.01095	0.04487	0.00938	0.00583	0.00486	0.00145	0.01794	0.00438	0.00335	0.09489
15	0.04045	0.01120	0.01475	0.01214	0.06311	0.01040	0.06747	0.12545	0.01399	0.10984	0.01206	0.01410	0.00950	0.04077	0.00657	0.00150	0.04747	0.00446	0.00393	0.39084

[dist]
# distance from previous block
# <min> <max>
2	36

[block]
# block no. 2 follows, 43 sequences, length 16
# corresponding to MSA columns:
# 211-226
name=unknown_C
#
# <colnr> <probs for GDERKNQSTAVLIFYWHMCP>
#	G	D	E	R	K	N	Q	S	T	A	V	L	I	F	Y	W	H	M	C	P
0	0.01071	0.00982	0.04283	0.00847	0.01244	0.00780	0.00700	0.01490	0.10393	0.01912	0.14629	0.02121	0.07910	0.00663	0.00496	0.00123	0.00395	0.00553	0.00417	0.48991
1	0.01229	0.11254	0.63377	0.01498	0.02236	0.07691	0.01848	0.01781	0.01197	0.01673	0.00958	0.01125	0.00704	0.00524	0.00506	0.00167	0.00809	0.00393	0.00238	0.00792
2	0.01024	0.00955	0.01601	0.74548	0.03636	0.01184	0.01477	0.01377	0.01105	0.01415	0.01107	0.06149	0.00912	0.00624	0.00563	0.00187	0.00714	0.00556	0.00262	0.00605
3	0.03360	0.16054	0.25926	0.01280	0.01787	0.01239	0.11522	0.01549	0.01245	0.02826	0.14989	0.01876	0.01658	0.00768	0.03306	0.00187	0.00661	0.02390	0.00336	0.07042
4	0.01444	0.07156	0.06386	0.01103	0.03372	0.03862	0.00900	0.02174	0.29235	0.16016	0.05784	0.12849	0.03615	0.00879	0.00573	0.00183	0.00481	0.02703	0.00515	0.00769
5	0.00785	0.00532	0.00626	0.00645	0.00656	0.00532	0.00383	0.00810	0.00849	0.01137	0.01930	0.15202	0.02230	0.64293	0.06691	0.00509	0.00557	0.00911	0.00361	0.00362
6	0.00831	0.00773	0.05375	0.00947	0.05203	0.00654	0.00710	0.01144	0.06911	0.01750	0.20433	0.24341	0.20327	0.01287	0.00657	0.00198	0.00370	0.07026	0.00510	0.00553
7	0.09529	0.04661	0.01665	0.01430	0.07779	0.13610	0.11025	0.11964	0.07782	0.07405	0.10142	0.01918	0.03431	0.00701	0.00578	0.00172	0.02269	0.02782	0.00425	0.00733
8	0.01673	0.01371	0.07400	0.25937	0.12855	0.07216	0.02812	0.10999	0.01478	0.20827	0.01330	0.01486	0.00939	0.00590	0.00550	0.00172	0.00675	0.00496	0.00401	0.00794
9	0.02165	0.00919	0.01198	0.00946	0.01323	0.00836	0.00772	0.05774	0.05219	0.58601	0.08230	0.02067	0.01686	0.00721	0.00552	0.00169	0.00443	0.00591	0.06914	0.00873
10	0.00699	0.00522	0.00653	0.00727	0.00815	0.00476	0.00517	0.00838	0.01192	0.01561	0.14026	0.47647	0.20771	0.01561	0.00691	0.00211	0.00315	0.05785	0.00527	0.00468
11	0.01292	0.01241	0.02081	0.22345	0.38155	0.01348	0.08948	0.03923	0.05677	0.01749	0.01091	0.01438	0.00877	0.00564	0.00660	0.00179	0.06846	0.00517	0.00291	0.00778
12	0.00929	0.00495	0.00723	0.00723	0.00743	0.00496	0.00493	0.00747	0.00770	0.01022	0.01312	0.01964	0.06059	0.02057	0.07802	0.72048	0.00543	0.00535	0.00263	0.00275
13	0.01966	0.01482	0.01584	0.01246	0.01665	0.01653	0.01019	0.61428	0.16637	0.03266	0.01506	0.01470	0.01085	0.00681	0.00556	0.00170	0.00577	0.00523	0.00556	0.00929
14	0.05137	0.01139	0.01407	0.01203	0.04175	0.01188	0.05114	0.24518	0.12498	0.18414	0.04178	0.03777	0.02867	0.00776	0.00568	0.00179	0.00518	0.06370	0.05158	0.00816
15	0.16509	0.09537	0.03590	0.01595	0.20422	0.05150	0.03043	0.07331	0.03405	0.05298	0.06982	0.09916	0.01470	0.00707	0.00513	0.00167	0.00548	0.00590	0.00383	0.02844

[dist]
# distance from previous block
# <min> <max>
2	9

[block]
# block no. 3 follows, 43 sequences, length 46
# corresponding to MSA columns:
# 238-255,263-290
name=unknown_D
#
# <colnr> <probs for GDERKNQSTAVLIFYWHMCP>
#	G	D	E	R	K	N	Q	S	T	A	V	L	I	F	Y	W	H	M	C	P
0	0.01403	0.01300	0.01947	0.07156	0.43437	0.06102	0.06053	0.05955	0.03350	0.04258	0.01171	0.01524	0.00972	0.03919	0.05437	0.00223	0.00723	0.00513	0.00317	0.04242
1	0.01071	0.00932	0.04150	0.06918	0.06037	0.00914	0.02377	0.07463	0.11950	0.01717	0.03843	0.15290	0.01846	0.17355	0.08572	0.02042	0.00609	0.00771	0.00402	0.05741
2	0.79193	0.01087	0.00905	0.00897	0.05879	0.01247	0.00669	0.01633	0.00963	0.02442	0.00788	0.00929	0.00617	0.00513	0.00356	0.00171	0.00443	0.00312	0.00338	0.00617
3	0.01395	0.07946	0.01783	0.01391	0.01499	0.07511	0.01162	0.09445	0.01116	0.01566	0.00806	0.01182	0.00748	0.00865	0.01460	0.00216	0.58515	0.00461	0.00279	0.00654
4	0.01187	0.01034	0.01247	0.01032	0.05913	0.00875	0.00764	0.01562	0.08454	0.01836	0.01101	0.01254	0.00905	0.00471	0.00491	0.00104	0.03667	0.00374	0.00344	0.67386
5	0.01277	0.17415	0.08569	0.04586	0.14561	0.05777	0.03985	0.01516	0.01200	0.07471	0.04234	0.17479	0.01657	0.07024	0.00722	0.00199	0.00587	0.00710	0.00360	0.00672
6	0.00720	0.00513	0.00690	0.00815	0.00864	0.00488	0.00582	0.00844	0.01095	0.01452	0.02996	0.64032	0.03530	0.03708	0.00772	0.00239	0.00363	0.15330	0.00509	0.00458
7	0.01176	0.01160	0.01644	0.06121	0.01568	0.01606	0.01199	0.01317	0.00866	0.01335	0.00789	0.01287	0.00768	0.01141	0.06463	0.00279	0.69943	0.00492	0.00246	0.00600
8	0.01278	0.01284	0.02366	0.10400	0.37860	0.01302	0.24308	0.01650	0.02654	0.01706	0.01115	0.01563	0.00931	0.05354	0.00766	0.00199	0.03648	0.00564	0.00281	0.00768
9	0.02771	0.00811	0.02700	0.01381	0.17174	0.00764	0.00861	0.04317	0.01219	0.05462	0.02487	0.38174	0.07073	0.02260	0.02511	0.00222	0.00466	0.06610	0.02133	0.00604
10	0.00711	0.00524	0.00616	0.00664	0.00753	0.00478	0.00454	0.00829	0.01137	0.01489	0.10547	0.35343	0.26355	0.13279	0.00988	0.00251	0.00333	0.01240	0.03561	0.00448
11	0.07224	0.00950	0.01258	0.00971	0.01394	0.00839	0.00802	0.02637	0.01548	0.73130	0.02103	0.01828	0.01326	0.00676	0.00545	0.00171	0.00469	0.00542	0.00666	0.00923
12	0.01141	0.01288	0.06382	0.04394	0.06541	0.10448	0.19978	0.01420	0.01251	0.01604	0.05876	0.17976	0.08287	0.00953	0.00703	0.00194	0.05349	0.05220	0.00372	0.00624
13	0.01142	0.01021	0.00982	0.00899	0.01126	0.09863	0.00695	0.08344	0.15897	0.02045	0.25087	0.03516	0.21705	0.01038	0.00614	0.00179	0.00430	0.04259	0.00529	0.00629
14	0.00802	0.00576	0.00774	0.00812	0.00880	0.00608	0.00587	0.02609	0.00992	0.01356	0.02103	0.24285	0.02309	0.20827	0.30722	0.00551	0.00837	0.07520	0.00391	0.00457
15	0.01042	0.00518	0.00757	0.00738	0.00769	0.00514	0.00502	0.00863	0.00788	0.05822	0.01109	0.01834	0.01069	0.06709	0.05261	0.70091	0.00525	0.00510	0.00277	0.00301
16	0.01472	0.03232	0.11044	0.12284	0.19531	0.11218	0.15443	0.06367	0.04051	0.06297	0.01191	0.03251	0.00935	0.00571	0.00561	0.00172	0.00753	0.00527	0.00325	0.00775
17	0.01111	0.02865	0.77667	0.01579	0.02397	0.01286	0.02046	0.01754	0.01169	0.01754	0.00994	0.01169	0.00702	0.00526	0.00526	0.00175	0.00818	0.00409	0.00234	0.00818
18	0.20187	0.03468	0.02060	0.06110	0.32646	0.01342	0.17190	0.01774	0.06580	0.01958	0.01074	0.01333	0.00853	0.00513	0.00520	0.00172	0.00652	0.00488	0.00309	0.00769
19	0.01865	0.05621	0.06174	0.01352	0.01672	0.57700	0.01090	0.06719	0.01575	0.01568	0.04126	0.01472	0.01062	0.00651	0.00521	0.00153	0.00886	0.04807	0.00324	0.00662
20	0.00809	0.00608	0.00835	0.00843	0.00938	0.00677	0.00628	0.01052	0.05555	0.01348	0.01913	0.12574	0.04475	0.12621	0.51702	0.00693	0.01113	0.00769	0.00354	0.00492
21	0.04352	0.01457	0.20228	0.08395	0.01772	0.01133	0.02387	0.11073	0.09078	0.06681	0.07642	0.01955	0.04779	0.04096	0.03107	0.00212	0.03733	0.00570	0.04500	0.02849
22	0.01206	0.08955	0.22455	0.01579	0.06500	0.01192	0.18540	0.04195	0.01274	0.04833	0.03299	0.13601	0.01560	0.00805	0.00596	0.00186	0.00677	0.07478	0.00354	0.00714
23	0.02375	0.01119	0.01395	0.01069	0.01502	0.01076	0.00883	0.23757	0.01881	0.55989	0.01937	0.01724	0.01246	0.00679	0.00556	0.00170	0.00511	0.00540	0.00647	0.00942
24	0.01070	0.01011	0.01694	0.72005	0.07600	0.01254	0.01533	0.01427	0.01105	0.01433	0.00977	0.01460	0.00745	0.00568	0.00605	0.00186	0.03960	0.00492	0.00247	0.00629
25	0.01022	0.00946	0.01575	0.12642	0.06370	0.01116	0.11003	0.01272	0.00991	0.01412	0.01176	0.01730	0.01048	0.02242	0.35739	0.00512	0.17780	0.00558	0.00274	0.00593
26	0.01186	0.01174	0.01647	0.01419	0.01425	0.01634	0.01180	0.01312	0.00851	0.01330	0.00774	0.01271	0.00768	0.01166	0.06539	0.00282	0.74708	0.00491	0.00246	0.00599
27	0.00880	0.00611	0.00732	0.00712	0.00762	0.00641	0.00461	0.05551	0.00945	0.01282	0.01705	0.05604	0.01866	0.56956	0.18456	0.00578	0.00733	0.00766	0.00347	0.00411
28	0.00796	0.00552	0.00708	0.00784	0.00873	0.00518	0.00560	0.00975	0.03592	0.04683	0.08584	0.54669	0.11519	0.01563	0.00691	0.00216	0.00338	0.07353	0.00529	0.00496
29	0.00943	0.00835	0.01212	0.11003	0.01466	0.01056	0.00939	0.01110	0.00947	0.01352	0.01554	0.21787	0.01654	0.01941	0.21265	0.00399	0.28880	0.00794	0.00327	0.00538
30	0.01930	0.01301	0.01416	0.01115	0.01499	0.01412	0.00911	0.51431	0.06855	0.10938	0.01552	0.01550	0.01109	0.00669	0.00529	0.00162	0.00529	0.00515	0.13707	0.00871
31	0.01431	0.14093	0.02011	0.14036	0.18269	0.06589	0.08904	0.08607	0.07522	0.04116	0.01265	0.04763	0.01056	0.02140	0.00574	0.00172	0.00656	0.00535	0.02513	0.00750
32	0.01469	0.71042	0.02681	0.00967	0.01402	0.06901	0.00929	0.01640	0.01149	0.01313	0.00914	0.05707	0.00890	0.00557	0.00386	0.00126	0.00602	0.00378	0.00257	0.00691
33	0.76080	0.01049	0.00837	0.00745	0.01089	0.01188	0.00615	0.01595	0.00968	0.02411	0.00870	0.01127	0.00716	0.00548	0.00364	0.00169	0.00431	0.03198	0.00348	0.05653
34	0.01433	0.10910	0.15236	0.01472	0.07700	0.08135	0.11320	0.10136	0.03845	0.06508	0.04610	0.01812	0.05927	0.05617	0.00683	0.00186	0.00668	0.00553	0.00366	0.02882
35	0.33017	0.01328	0.07634	0.01159	0.05933	0.06684	0.03614	0.11678	0.04350	0.02184	0.01309	0.11142	0.01205	0.05761	0.00633	0.00200	0.00553	0.00569	0.00382	0.00666
36	0.00976	0.00521	0.00549	0.00554	0.00660	0.00524	0.00397	0.01188	0.01095	0.01864	0.01834	0.05391	0.01593	0.12350	0.03942	0.00223	0.00351	0.00603	0.64899	0.00487
37	0.31543	0.00988	0.01118	0.00894	0.01292	0.00966	0.00738	0.02319	0.01357	0.50883	0.01684	0.01536	0.01098	0.00625	0.00481	0.00171	0.00456	0.00466	0.00564	0.00821
38	0.01469	0.01349	0.06309	0.12639	0.12550	0.07328	0.09536	0.10982	0.04805	0.09908	0.01470	0.08351	0.01259	0.04027	0.00719	0.00196	0.03684	0.02290	0.00389	0.00741
39	0.00818	0.00598	0.00797	0.00899	0.01020	0.00577	0.00747	0.01030	0.01249	0.01614	0.06002	0.17870	0.14544	0.01529	0.00735	0.00237	0.00436	0.48289	0.00515	0.00494
40	0.00675	0.00482	0.00643	0.00771	0.00803	0.00450	0.00514	0.00771	0.01060	0.01414	0.03053	0.80175	0.03663	0.01735	0.00707	0.00225	0.00321	0.01574	0.00514	0.00450
41	0.00757	0.00609	0.00745	0.00795	0.05400	0.00544	0.00545	0.00964	0.01402	0.01846	0.37835	0.04546	0.39555	0.01224	0.00648	0.00180	0.00295	0.01052	0.00543	0.00517
42	0.01174	0.07337	0.59667	0.01771	0.09020	0.01354	0.08583	0.01745	0.01187	0.01733	0.00996	0.01200	0.00730	0.00515	0.00529	0.00172	0.00801	0.00432	0.00242	0.00811
43	0.00733	0.00542	0.00680	0.00718	0.00805	0.00536	0.00509	0.00859	0.01029	0.01368	0.03023	0.25989	0.20998	0.14188	0.22350	0.00442	0.00661	0.01054	0.03064	0.00451
44	0.01659	0.01432	0.01852	0.01457	0.01765	0.06282	0.12838	0.31086	0.01740	0.05129	0.05692	0.01492	0.01126	0.00742	0.00928	0.00190	0.22859	0.00543	0.00414	0.00772
45	0.01286	0.01281	0.08982	0.02556	0.03617	0.05946	0.09049	0.07015	0.18618	0.05897	0.07388	0.07862	0.08025	0.01022	0.05302	0.00222	0.00612	0.00707	0.03897	0.00717

[dist]
# distance from previous block
# <min> <max>
0	1

[block]
# block no. 4 follows, 43 sequences, length 17
# corresponding to MSA columns:
# 292-308
name=unknown_E
#
# <colnr> <probs for GDERKNQSTAVLIFYWHMCP>
#	G	D	E	R	K	N	Q	S	T	A	V	L	I	F	Y	W	H	M	C	P
0	0.01265	0.01312	0.08429	0.21541	0.30800	0.01242	0.11499	0.01627	0.01207	0.04653	0.01146	0.03096	0.00921	0.00569	0.00613	0.00177	0.04128	0.00534	0.04490	0.00753
1	0.69506	0.01048	0.00900	0.00775	0.01134	0.01164	0.00639	0.01823	0.01060	0.16154	0.01029	0.01079	0.00740	0.00545	0.00382	0.00171	0.00436	0.00347	0.00405	0.00662
2	0.00840	0.00637	0.00906	0.04936	0.07397	0.00681	0.00669	0.00973	0.00929	0.01282	0.01753	0.14543	0.01878	0.29875	0.29650	0.00568	0.00868	0.00804	0.00339	0.00471
3	0.03019	0.01259	0.01614	0.18401	0.08492	0.08650	0.06938	0.07759	0.01345	0.06779	0.01121	0.01403	0.00881	0.00541	0.00535	0.00146	0.02131	0.01751	0.00342	0.26894
4	0.11190	0.01636	0.05334	0.01226	0.01601	0.12385	0.01034	0.42933	0.01977	0.02734	0.01156	0.01254	0.00865	0.00652	0.00619	0.00168	0.07303	0.00451	0.04676	0.00805
5	0.01111	0.02865	0.77667	0.01579	0.02397	0.01286	0.02046	0.01754	0.01169	0.01754	0.00994	0.01169	0.00702	0.00526	0.00526	0.00175	0.00818	0.00409	0.00234	0.00818
6	0.00881	0.00618	0.00797	0.00748	0.00923	0.00560	0.02335	0.01098	0.01404	0.07161	0.36617	0.06333	0.27277	0.01331	0.03584	0.00213	0.00365	0.06664	0.00555	0.00536
7	0.01449	0.74280	0.09218	0.01001	0.01504	0.02115	0.01040	0.01666	0.01129	0.01341	0.00789	0.00912	0.00710	0.00478	0.00370	0.00123	0.00611	0.00306	0.00237	0.00720
8	0.00771	0.00549	0.00745	0.00868	0.00939	0.00532	0.00665	0.00930	0.01139	0.01501	0.02945	0.45933	0.03392	0.05080	0.00823	0.00251	0.00410	0.31552	0.00505	0.00470
9	0.00791	0.00539	0.00600	0.00600	0.00618	0.00530	0.00344	0.00804	0.00850	0.01115	0.02123	0.03791	0.09336	0.72794	0.02607	0.00503	0.00512	0.00841	0.00353	0.00348
10	0.00698	0.00556	0.00626	0.00622	0.00778	0.00484	0.00462	0.00874	0.01345	0.01725	0.28524	0.11107	0.47557	0.01342	0.00658	0.00186	0.00278	0.01148	0.00545	0.00484
11	0.01908	0.00942	0.01183	0.00972	0.01320	0.00909	0.00780	0.02478	0.20776	0.45195	0.15001	0.02318	0.02115	0.00779	0.00575	0.00176	0.00427	0.00651	0.00641	0.00854
12	0.01303	0.01481	0.03199	0.02295	0.02831	0.01414	0.71811	0.01755	0.01287	0.01755	0.01103	0.01481	0.00835	0.00489	0.00705	0.00189	0.04402	0.00646	0.00278	0.00741
13	0.01828	0.00900	0.01136	0.00938	0.01270	0.00855	0.00750	0.02328	0.16911	0.43226	0.18094	0.02528	0.05095	0.00820	0.00582	0.00176	0.00413	0.00688	0.00638	0.00822
14	0.00778	0.00566	0.00732	0.00690	0.00824	0.00520	0.00518	0.01034	0.01554	0.02187	0.73502	0.04192	0.08534	0.01145	0.00653	0.00175	0.00262	0.01009	0.00605	0.00520
15	0.00690	0.00491	0.00650	0.00772	0.00806	0.00462	0.00519	0.00788	0.01055	0.01405	0.02977	0.73146	0.03555	0.05978	0.00823	0.00243	0.00340	0.04348	0.00504	0.00446
16	0.01382	0.01606	0.03102	0.02245	0.02779	0.08925	0.67830	0.01817	0.01333	0.01733	0.01095	0.01445	0.00828	0.00477	0.00639	0.00182	0.00940	0.00625	0.00281	0.00737

[dist]
# distance from previous block
# <min> <max>
4	14

[block]
# block no. 5 follows, 43 sequences, length 20
# corresponding to MSA columns:
# 324-343
name=unknown_F
#
# <colnr> <probs for GDERKNQSTAVLIFYWHMCP>
#	G	D	E	R	K	N	Q	S	T	A	V	L	I	F	Y	W	H	M	C	P
0	0.01335	0.01461	0.07453	0.18624	0.34439	0.05538	0.13817	0.04486	0.01283	0.01739	0.01029	0.01371	0.00818	0.00533	0.00611	0.00175	0.03728	0.00506	0.00277	0.00776
1	0.01808	0.13230	0.06600	0.01446	0.06878	0.52292	0.01113	0.02008	0.01434	0.01453	0.00930	0.01092	0.00771	0.00554	0.00477	0.00142	0.00858	0.00372	0.05871	0.00671
2	0.01302	0.01452	0.14428	0.09361	0.36114	0.01198	0.03875	0.05010	0.03097	0.04727	0.03336	0.05919	0.01151	0.00608	0.00552	0.00168	0.00640	0.00555	0.00327	0.06180
3	0.01559	0.10465	0.05695	0.07742	0.15792	0.06840	0.01159	0.17962	0.11489	0.06285	0.01469	0.03877	0.02850	0.03667	0.00619	0.00180	0.00616	0.00538	0.00404	0.00793
4	0.01537	0.01103	0.01225	0.01062	0.01372	0.01211	0.00834	0.11395	0.44959	0.13118	0.07298	0.02299	0.01859	0.05306	0.00701	0.00204	0.00459	0.02661	0.00569	0.00828
5	0.02485	0.00943	0.01285	0.00985	0.01414	0.00814	0.00814	0.02699	0.01585	0.77465	0.02185	0.01885	0.01371	0.00685	0.00557	0.00171	0.00471	0.00557	0.00685	0.00943
6	0.01517	0.01699	0.16487	0.01324	0.01734	0.13605	0.07451	0.16394	0.07902	0.06855	0.01563	0.09353	0.01357	0.03151	0.03514	0.00215	0.00715	0.04008	0.00412	0.00745
7	0.01258	0.18430	0.12762	0.01359	0.09620	0.01313	0.05403	0.10792	0.04933	0.01964	0.15577	0.06502	0.05320	0.00771	0.00548	0.00166	0.00554	0.01608	0.00400	0.00719
8	0.01487	0.00874	0.01063	0.00939	0.01211	0.00883	0.00742	0.02136	0.25009	0.24634	0.19673	0.07207	0.02623	0.00925	0.00599	0.00185	0.00400	0.05628	0.03029	0.00754
9	0.00795	0.00537	0.00627	0.00636	0.00645	0.00542	0.00373	0.00816	0.00829	0.01112	0.01818	0.08862	0.02085	0.69736	0.07917	0.00540	0.00588	0.00844	0.00345	0.00355
10	0.01446	0.08748	0.01548	0.01332	0.08759	0.08652	0.03306	0.07301	0.18212	0.07831	0.05221	0.01914	0.03950	0.04633	0.06558	0.02313	0.06565	0.00570	0.00416	0.00724
11	0.01567	0.01332	0.04091	0.01337	0.08436	0.05674	0.00987	0.20844	0.29669	0.05907	0.06523	0.01909	0.01542	0.04471	0.00711	0.02563	0.00543	0.00584	0.00496	0.00815
12	0.00793	0.00585	0.00849	0.00849	0.00934	0.00670	0.00641	0.00963	0.00878	0.01255	0.01521	0.02383	0.01475	0.15099	0.67519	0.00839	0.01348	0.00624	0.00302	0.00472
13	0.01245	0.01023	0.01087	0.00998	0.01262	0.01156	0.00769	0.02468	0.57294	0.02202	0.05862	0.06719	0.04806	0.00838	0.00560	0.00183	0.00398	0.00706	0.09644	0.00781
14	0.01385	0.01693	0.17477	0.16243	0.17301	0.07752	0.12360	0.08708	0.03925	0.03780	0.01172	0.03602	0.00922	0.00579	0.00562	0.00175	0.00748	0.00525	0.00316	0.00774
15	0.01319	0.01431	0.03336	0.12344	0.18752	0.17162	0.12032	0.01576	0.01224	0.01513	0.01360	0.01746	0.06001	0.04138	0.07100	0.02965	0.04501	0.00552	0.00291	0.00659
16	0.01174	0.01168	0.01620	0.01394	0.01407	0.01614	0.01159	0.01297	0.00876	0.01344	0.01055	0.01488	0.05840	0.00998	0.01739	0.00239	0.74200	0.00531	0.00261	0.00597
17	0.01412	0.01078	0.01246	0.00910	0.01389	0.00911	0.00736	0.14096	0.01430	0.07787	0.01134	0.01235	0.00883	0.00474	0.00446	0.00103	0.00449	0.00374	0.00394	0.63513
18	0.01522	0.07548	0.01817	0.05187	0.22871	0.07089	0.05200	0.20922	0.01598	0.04508	0.01468	0.14949	0.01358	0.00765	0.00565	0.00172	0.00620	0.00667	0.00399	0.00773
19	0.00686	0.00554	0.00602	0.00606	0.00760	0.00479	0.00443	0.00837	0.01276	0.01596	0.17636	0.11936	0.54194	0.04989	0.00758	0.00204	0.00293	0.01160	0.00523	0.00470

[dist]
# distance from previous block
# <min> <max>
6	10

[block]
# block no. 6 follows, 43 sequences, length 16
# corresponding to MSA columns:
# 354-369
name=unknown_G
#
# <colnr> <probs for GDERKNQSTAVLIFYWHMCP>
#	G	D	E	R	K	N	Q	S	T	A	V	L	I	F	Y	W	H	M	C	P
0	0.01049	0.01097	0.07184	0.04212	0.01791	0.00994	0.23715	0.05124	0.02977	0.01662	0.01790	0.21144	0.01794	0.03159	0.13648	0.00324	0.02202	0.05143	0.00370	0.00621
1	0.01148	0.00984	0.01148	0.00820	0.01312	0.00738	0.00656	0.01395	0.01148	0.01805	0.00984	0.01148	0.00820	0.00410	0.00410	0.00082	0.00410	0.00328	0.00328	0.83922
2	0.00673	0.00488	0.00637	0.00756	0.00799	0.00451	0.00507	0.00773	0.01075	0.01420	0.03241	0.74659	0.09057	0.01711	0.00703	0.00222	0.00318	0.01545	0.00514	0.00451
3	0.00680	0.00493	0.00642	0.00751	0.00801	0.00455	0.00508	0.00789	0.01105	0.01466	0.07501	0.70266	0.09148	0.01676	0.00700	0.00219	0.00315	0.01511	0.00520	0.00455
4	0.02069	0.02640	0.01569	0.01427	0.01712	0.78313	0.01070	0.02212	0.01569	0.01355	0.00856	0.00999	0.00713	0.00571	0.00499	0.00143	0.00999	0.00357	0.00285	0.00642
5	0.00805	0.00537	0.00604	0.00604	0.00604	0.00537	0.00336	0.00805	0.00805	0.01074	0.01745	0.03624	0.02013	0.80536	0.02819	0.00537	0.00537	0.00805	0.00336	0.00336
6	0.00893	0.00646	0.00759	0.00770	0.00922	0.00617	0.00566	0.03760	0.08208	0.05579	0.09406	0.34289	0.26322	0.01394	0.00662	0.00202	0.00339	0.03585	0.00536	0.00545
7	0.01008	0.00650	0.00887	0.00837	0.00872	0.00728	0.00597	0.04980	0.00875	0.01203	0.01154	0.02014	0.01170	0.16289	0.10472	0.45014	0.10046	0.00554	0.00282	0.00368
8	0.00796	0.00536	0.00622	0.00642	0.00651	0.00533	0.00381	0.00818	0.00855	0.01138	0.01939	0.11775	0.02243	0.68463	0.02498	0.00491	0.00513	0.04387	0.00363	0.00356
9	0.00675	0.00482	0.00643	0.00771	0.00803	0.00450	0.00514	0.00771	0.01060	0.01414	0.03053	0.80175	0.03663	0.01735	0.00707	0.00225	0.00321	0.01574	0.00514	0.00450
10	0.00693	0.00490	0.00637	0.00747	0.00775	0.00462	0.00489	0.00776	0.01024	0.01365	0.02867	0.69293	0.03429	0.12937	0.01007	0.00269	0.00352	0.01465	0.00489	0.00434
11	0.01070	0.00953	0.01418	0.20106	0.12077	0.04901	0.06362	0.01303	0.01159	0.04160	0.01896	0.32052	0.02004	0.01055	0.00681	0.00200	0.04079	0.03536	0.00383	0.00605
12	0.01939	0.00899	0.01142	0.00944	0.01281	0.00840	0.00753	0.05535	0.10185	0.48085	0.02433	0.12662	0.05583	0.00869	0.00576	0.00179	0.00435	0.00730	0.04103	0.00826
13	0.00728	0.00557	0.00648	0.00649	0.00796	0.00495	0.00486	0.00919	0.01354	0.01786	0.31624	0.11827	0.37470	0.01311	0.00654	0.00187	0.00286	0.04191	0.03541	0.00490
14	0.01324	0.39339	0.23720	0.05252	0.09971	0.01708	0.06319	0.01679	0.01164	0.01533	0.00901	0.01094	0.00739	0.00492	0.00455	0.00146	0.00688	0.00383	0.00246	0.02848
15	0.25813	0.01369	0.12364	0.03882	0.01572	0.01231	0.03563	0.14071	0.11137	0.08440	0.01547	0.04067	0.04427	0.03508	0.00583	0.00190	0.00543	0.00528	0.00426	0.00738

[dist]
# distance from previous block
# <min> <max>
1	3

[block]
# block no. 7 follows, 43 sequences, length 23
# corresponding to MSA columns:
# 374-396
name=unknown_H
#
# <colnr> <probs for GDERKNQSTAVLIFYWHMCP>
#	G	D	E	R	K	N	Q	S	T	A	V	L	I	F	Y	W	H	M	C	P
0	0.01457	0.01413	0.01874	0.13869	0.37291	0.10667	0.01418	0.09501	0.04814	0.01864	0.01132	0.01497	0.00938	0.00598	0.00621	0.00171	0.05262	0.02605	0.00320	0.02688
1	0.00801	0.00617	0.00790	0.00836	0.00920	0.00637	0.00604	0.01080	0.08548	0.01637	0.15000	0.48616	0.05883	0.01549	0.03011	0.00233	0.04808	0.03401	0.00513	0.00516
2	0.04084	0.09307	0.05335	0.01065	0.01464	0.01178	0.03348	0.07783	0.19695	0.21274	0.02037	0.02138	0.06562	0.00734	0.00540	0.00169	0.00502	0.04779	0.00502	0.07504
3	0.05655	0.00757	0.00942	0.05373	0.01196	0.00762	0.00698	0.03662	0.08798	0.11617	0.35041	0.07267	0.07783	0.01037	0.00619	0.00186	0.00378	0.07045	0.00558	0.00624
4	0.00805	0.00537	0.00604	0.00604	0.00604	0.00537	0.00336	0.00805	0.00805	0.01074	0.01745	0.03624	0.02013	0.80536	0.02819	0.00537	0.00537	0.00805	0.00336	0.00336
5	0.01378	0.01155	0.01444	0.11491	0.09979	0.01326	0.01067	0.06519	0.41305	0.05375	0.03328	0.04164	0.01479	0.00743	0.00661	0.00188	0.06509	0.00609	0.00471	0.00809
6	0.01072	0.00652	0.00790	0.00719	0.00919	0.00598	0.00552	0.01359	0.05378	0.14117	0.35035	0.05805	0.22398	0.01088	0.00615	0.00176	0.00311	0.00931	0.06893	0.00592
7	0.00675	0.00482	0.00643	0.00771	0.00803	0.00450	0.00514	0.00771	0.01060	0.01414	0.03053	0.80175	0.03663	0.01735	0.00707	0.00225	0.00321	0.01574	0.00514	0.00450
8	0.01026	0.00570	0.00652	0.09365	0.01008	0.00597	0.00521	0.01296	0.01169	0.01997	0.04242	0.02069	0.01471	0.00651	0.00415	0.00137	0.00312	0.00530	0.71445	0.00528
9	0.01272	0.19841	0.41350	0.01561	0.08068	0.01519	0.03776	0.01779	0.04977	0.03350	0.01022	0.01197	0.00789	0.00559	0.00594	0.00168	0.06706	0.00418	0.00267	0.00787
10	0.01156	0.01177	0.03860	0.04639	0.11532	0.04867	0.30002	0.01477	0.01222	0.01696	0.01601	0.18347	0.01524	0.00853	0.02239	0.00197	0.00682	0.00783	0.11489	0.00656
11	0.00791	0.00593	0.00890	0.00890	0.00989	0.00692	0.00692	0.00989	0.00890	0.01286	0.01483	0.02176	0.01385	0.04154	0.78341	0.00890	0.01483	0.00593	0.00297	0.00494
12	0.01296	0.05768	0.10847	0.05910	0.16522	0.01273	0.32960	0.01681	0.01260	0.06083	0.01489	0.01785	0.06660	0.03196	0.00664	0.00188	0.00751	0.00607	0.00313	0.00748
13	0.01230	0.01003	0.01282	0.00974	0.01398	0.00859	0.06329	0.04308	0.08795	0.05772	0.05828	0.05109	0.03641	0.00603	0.00492	0.00123	0.00447	0.00521	0.00405	0.50882
14	0.01993	0.01459	0.05403	0.01204	0.01634	0.01489	0.01022	0.53498	0.06601	0.12977	0.01504	0.01537	0.01079	0.03617	0.00634	0.00182	0.00582	0.00521	0.02163	0.00901
15	0.00668	0.00510	0.00614	0.00697	0.00784	0.00456	0.00481	0.00780	0.01132	0.01443	0.03961	0.53593	0.29658	0.01617	0.00688	0.00211	0.00307	0.01430	0.00514	0.00456
16	0.01577	0.06070	0.09092	0.07379	0.35035	0.13276	0.03015	0.11622	0.01475	0.04700	0.01072	0.01291	0.00843	0.00541	0.00532	0.00162	0.00720	0.00460	0.00321	0.00817
17	0.01061	0.00968	0.01629	0.68236	0.08423	0.01179	0.01469	0.01381	0.01088	0.01407	0.00986	0.01485	0.00764	0.00654	0.00676	0.06537	0.00713	0.00491	0.00248	0.00604
18	0.01481	0.80869	0.02902	0.00948	0.01421	0.02191	0.00948	0.01658	0.01125	0.01303	0.00770	0.00888	0.00711	0.00474	0.00355	0.00118	0.00592	0.00296	0.00237	0.00711
19	0.01227	0.00993	0.01161	0.00845	0.01324	0.00777	0.00676	0.01544	0.05243	0.05593	0.01113	0.01235	0.00895	0.00442	0.00426	0.00092	0.00415	0.00356	0.00359	0.75283
20	0.01522	0.01189	0.03735	0.01072	0.01369	0.05595	0.00894	0.27128	0.09506	0.06249	0.01941	0.08460	0.01732	0.00913	0.00581	0.00185	0.00525	0.14887	0.11783	0.00734
