[name]
unknown

[dist]
# distance from previous block
# <min> <max>
0	100

[block]
# block no. 0 follows, 43 sequences, length 9
# corresponding to MSA columns:
# 186-194
name=unknown_A
#
# <colnr> <probs for GDERKNQSTAVLIFYWHMCP>
#	G	D	E	R	K	N	Q	S	T	A	V	L	I	F	Y	W	H	M	C	P
0	0.09293	0.06787	0.01340	0.06682	0.01498	0.06727	0.00822	0.06674	0.05982	0.01886	0.05351	0.01466	0.01134	0.03907	0.00641	0.00152	0.05547	0.00436	0.00355	0.33321
1	0.07314	0.04931	0.04342	0.00965	0.01237	0.00975	0.03860	0.08529	0.05703	0.09367	0.09535	0.11530	0.11351	0.04728	0.07248	0.00255	0.03843	0.00766	0.00457	0.03064
2	0.01151	0.00785	0.01115	0.01040	0.04862	0.00774	0.05509	0.11030	0.01143	0.01588	0.01297	0.10079	0.01249	0.01352	0.01346	0.41318	0.00501	0.00600	0.04531	0.08731
3	0.00970	0.00766	0.05222	0.00987	0.05740	0.00695	0.00697	0.01076	0.01005	0.05749	0.04542	0.22880	0.02114	0.20721	0.06713	0.10115	0.05372	0.00876	0.03267	0.00491
4	0.05742	0.00665	0.00790	0.00740	0.00914	0.00630	0.00548	0.01280	0.04471	0.10400	0.25650	0.14594	0.10214	0.11176	0.00884	0.00225	0.00359	0.02521	0.04097	0.04099
5	0.05050	0.01018	0.01544	0.08630	0.15808	0.01035	0.10690	0.01586	0.10245	0.01847	0.10591	0.04521	0.01676	0.06867	0.00749	0.00195	0.02103	0.00625	0.05088	0.10133
6	0.01149	0.00993	0.01505	0.16500	0.23551	0.01035	0.03994	0.05189	0.06013	0.01835	0.07958	0.07776	0.05598	0.03379	0.00637	0.00183	0.00542	0.00671	0.07259	0.04230
7	0.08520	0.02922	0.16085	0.05504	0.05839	0.10024	0.07478	0.06437	0.08204	0.01968	0.15473	0.01954	0.01745	0.04704	0.00663	0.00190	0.00631	0.00579	0.00383	0.00696
8	0.01156	0.01001	0.01499	0.49729	0.06594	0.03606	0.01291	0.01514	0.04472	0.06298	0.03381	0.09345	0.02912	0.00736	0.00627	0.00188	0.04051	0.00632	0.00332	0.00639

[dist]
# distance from previous block
# <min> <max>
1	6

[block]
# block no. 1 follows, 43 sequences, length 23
# corresponding to MSA columns:
# 201-223
name=unknown_B
#
# <colnr> <probs for GDERKNQSTAVLIFYWHMCP>
#	G	D	E	R	K	N	Q	S	T	A	V	L	I	F	Y	W	H	M	C	P
0	0.01066	0.05418	0.01216	0.06869	0.08160	0.00891	0.02440	0.03253	0.03979	0.03508	0.04423	0.12290	0.05409	0.06551	0.04312	0.19733	0.04615	0.04978	0.00364	0.00527
1	0.05594	0.00851	0.01183	0.07685	0.04267	0.00980	0.02467	0.06024	0.03229	0.04554	0.01222	0.01827	0.01111	0.09402	0.17503	0.18735	0.11974	0.00540	0.00318	0.00534
2	0.01419	0.36899	0.24030	0.03085	0.03731	0.12052	0.01304	0.01774	0.03289	0.01505	0.00907	0.01060	0.00746	0.00519	0.00470	0.00144	0.02233	0.00361	0.00257	0.04216
3	0.01269	0.24004	0.43785	0.01469	0.04945	0.04807	0.04567	0.01756	0.03198	0.01618	0.00981	0.01159	0.00763	0.00619	0.02685	0.00179	0.00771	0.00400	0.00251	0.00773
4	0.01339	0.10746	0.08539	0.02825	0.04433	0.12553	0.04037	0.04406	0.03181	0.01531	0.01134	0.07169	0.01085	0.04194	0.01044	0.00204	0.26370	0.01926	0.00302	0.02980
5	0.00694	0.00501	0.00651	0.00752	0.00805	0.00466	0.00514	0.00807	0.01109	0.01473	0.08533	0.63609	0.09109	0.04757	0.00784	0.00232	0.00329	0.03908	0.00514	0.00454
6	0.01501	0.01237	0.01314	0.01144	0.01473	0.01412	0.00899	0.17811	0.57993	0.02525	0.02094	0.04924	0.01612	0.00771	0.00567	0.00185	0.00469	0.00636	0.00560	0.00874
7	0.01432	0.05778	0.29235	0.03237	0.13491	0.01296	0.06485	0.07592	0.08479	0.09995	0.01271	0.01387	0.00931	0.00556	0.00531	0.00165	0.00671	0.00472	0.00354	0.06639
8	0.01242	0.27777	0.46034	0.04431	0.05085	0.01579	0.03357	0.01709	0.01160	0.01599	0.00926	0.01106	0.00716	0.00508	0.00476	0.00157	0.00739	0.00385	0.00238	0.00777
9	0.02069	0.02640	0.01569	0.01427	0.01712	0.78313	0.01070	0.02212	0.01569	0.01355	0.00856	0.00999	0.00713	0.00571	0.00499	0.00143	0.00999	0.00357	0.00285	0.00642
10	0.01277	0.01134	0.01843	0.05800	0.27526	0.02759	0.14150	0.01683	0.07569	0.06759	0.10184	0.04779	0.04537	0.03986	0.02205	0.00206	0.01813	0.00670	0.00384	0.00736
11	0.03644	0.04983	0.26906	0.06164	0.05661	0.01311	0.07581	0.17605	0.01537	0.08604	0.04202	0.01567	0.01086	0.00611	0.00544	0.00170	0.00674	0.02624	0.00378	0.04147
12	0.00804	0.00541	0.00627	0.00627	0.00635	0.00549	0.00364	0.00820	0.00812	0.01091	0.01724	0.03509	0.01963	0.74458	0.08829	0.00565	0.00612	0.00789	0.00332	0.00348
13	0.00712	0.00533	0.00666	0.00728	0.00827	0.00487	0.00529	0.00867	0.01232	0.01619	0.18412	0.39469	0.22024	0.01513	0.00689	0.00208	0.00317	0.08162	0.00533	0.00474
14	0.01413	0.06010	0.02225	0.18528	0.32985	0.11385	0.13686	0.04082	0.01312	0.01688	0.01012	0.01336	0.00813	0.00516	0.00550	0.00167	0.00759	0.00491	0.00278	0.00763
15	0.01243	0.07274	0.43222	0.04853	0.13920	0.04345	0.12210	0.01773	0.02859	0.01721	0.01027	0.01253	0.00773	0.00517	0.00538	0.00171	0.00791	0.00456	0.00257	0.00797
16	0.00916	0.00700	0.00912	0.00833	0.01003	0.00681	0.03586	0.07001	0.04683	0.02092	0.44509	0.12578	0.10635	0.03715	0.00722	0.00196	0.00351	0.03770	0.00558	0.00560
17	0.03908	0.00776	0.00916	0.00883	0.03990	0.00758	0.00649	0.08752	0.06078	0.07940	0.26918	0.07173	0.24957	0.01099	0.00621	0.00182	0.00360	0.02875	0.00550	0.00616
18	0.03684	0.01516	0.08812	0.07918	0.11124	0.08491	0.15094	0.10714	0.05065	0.08765	0.01284	0.04739	0.01020	0.00634	0.00639	0.00176	0.05602	0.00550	0.00368	0.03807
19	0.01414	0.36529	0.26178	0.04478	0.07686	0.05722	0.03103	0.03632	0.01229	0.04008	0.00942	0.01100	0.00752	0.00512	0.00458	0.00148	0.00700	0.00380	0.00265	0.00764
20	0.03590	0.07829	0.23521	0.09115	0.17527	0.06370	0.08031	0.01680	0.04159	0.01690	0.01367	0.04680	0.03995	0.00644	0.00547	0.00174	0.00705	0.03336	0.00300	0.00741
21	0.00956	0.02096	0.00972	0.02946	0.01075	0.08278	0.00698	0.01111	0.00976	0.01297	0.01619	0.04625	0.04397	0.16050	0.43246	0.00625	0.05260	0.00642	0.02638	0.00493
22	0.21614	0.03729	0.04345	0.03547	0.16207	0.07326	0.03173	0.05752	0.01271	0.09676	0.01442	0.10594	0.03303	0.00711	0.00529	0.00171	0.01861	0.00577	0.00382	0.03787

[dist]
# distance from previous block
# <min> <max>
10	26

[block]
# block no. 2 follows, 43 sequences, length 6
# corresponding to MSA columns:
# 256-261
name=unknown_C
#
# <colnr> <probs for GDERKNQSTAVLIFYWHMCP>
#	G	D	E	R	K	N	Q	S	T	A	V	L	I	F	Y	W	H	M	C	P
0	0.01177	0.03612	0.03431	0.28763	0.05777	0.03823	0.01096	0.05830	0.09369	0.04067	0.05166	0.07061	0.11373	0.00793	0.00591	0.00177	0.02137	0.00668	0.00386	0.04702
1	0.21307	0.01209	0.04810	0.01241	0.06545	0.07087	0.06192	0.01634	0.05232	0.07321	0.09864	0.05090	0.07097	0.00802	0.00689	0.00185	0.10185	0.02451	0.00401	0.00656
2	0.01199	0.04746	0.26913	0.01371	0.03957	0.01157	0.10307	0.05867	0.08040	0.01964	0.11597	0.01699	0.01474	0.00605	0.00536	0.00157	0.00617	0.00528	0.00359	0.16907
3	0.00940	0.00495	0.00743	0.00743	0.00755	0.00508	0.00508	0.00755	0.00743	0.01003	0.01028	0.01746	0.01015	0.02205	0.11765	0.73427	0.00607	0.00495	0.00248	0.00273
4	0.01302	0.03786	0.12079	0.06384	0.08369	0.01277	0.09872	0.04389	0.23997	0.05128	0.04929	0.01881	0.01386	0.07156	0.00822	0.00211	0.05284	0.00586	0.00399	0.00761
5	0.03775	0.01264	0.11738	0.01251	0.10612	0.00914	0.00979	0.01568	0.04611	0.04411	0.01203	0.05730	0.01025	0.00540	0.00470	0.00124	0.00495	0.00451	0.00343	0.48497

[dist]
# distance from previous block
# <min> <max>
1	2

[block]
# block no. 3 follows, 43 sequences, length 31
# corresponding to MSA columns:
# 264-293,304
name=unknown_D
#
# <colnr> <probs for GDERKNQSTAVLIFYWHMCP>
#	G	D	E	R	K	N	Q	S	T	A	V	L	I	F	Y	W	H	M	C	P
0	0.01563	0.01133	0.01269	0.01097	0.02673	0.01227	0.00863	0.37251	0.10434	0.05123	0.02048	0.10139	0.06473	0.01072	0.04917	0.00219	0.00553	0.04747	0.06426	0.00773
1	0.01161	0.01088	0.01758	0.33214	0.20810	0.02634	0.07839	0.04059	0.03029	0.01665	0.04323	0.04180	0.03546	0.03029	0.02504	0.00209	0.00688	0.03261	0.00319	0.00681
2	0.01046	0.00984	0.01661	0.79205	0.03814	0.01230	0.01538	0.01415	0.01107	0.01415	0.00984	0.01477	0.00738	0.00554	0.00554	0.00185	0.00738	0.00492	0.00246	0.00615
3	0.04267	0.00913	0.01000	0.00896	0.01139	0.00991	0.00696	0.07521	0.31702	0.04141	0.25445	0.02613	0.02656	0.00839	0.00557	0.00172	0.00370	0.00705	0.12667	0.00709
4	0.80494	0.01094	0.00855	0.00755	0.01102	0.01265	0.00622	0.05163	0.01022	0.02533	0.00798	0.00920	0.00616	0.00521	0.00353	0.00171	0.00437	0.00309	0.00353	0.00616
5	0.00835	0.00575	0.00730	0.00754	0.00867	0.00539	0.00541	0.01068	0.04883	0.05545	0.28552	0.39322	0.10891	0.01397	0.00669	0.00199	0.00310	0.01243	0.00558	0.00522
6	0.00681	0.00555	0.00602	0.00606	0.00768	0.00476	0.00448	0.00840	0.01302	0.01625	0.18759	0.11862	0.56785	0.01382	0.00659	0.00188	0.00281	0.01174	0.00532	0.00476
7	0.11704	0.00981	0.01241	0.00969	0.01384	0.00905	0.00798	0.04466	0.04019	0.64570	0.02005	0.01765	0.01283	0.00668	0.00533	0.00172	0.00469	0.00529	0.00639	0.00902
8	0.01011	0.00896	0.01433	0.32928	0.15718	0.00967	0.03428	0.01300	0.01226	0.02962	0.11363	0.09851	0.12966	0.00854	0.00598	0.00184	0.00558	0.00766	0.00371	0.00623
9	0.01424	0.01416	0.02197	0.03250	0.71380	0.07140	0.01652	0.01738	0.01284	0.01775	0.01028	0.01343	0.00865	0.00499	0.00545	0.00163	0.00684	0.00483	0.00275	0.00859
10	0.00663	0.00527	0.00596	0.00651	0.00772	0.00460	0.00461	0.00785	0.01176	0.01461	0.04516	0.37359	0.45534	0.01545	0.00677	0.00203	0.00298	0.01342	0.00514	0.00460
11	0.84448	0.01071	0.00814	0.00728	0.01071	0.01242	0.00600	0.01628	0.00943	0.02485	0.00771	0.00900	0.00600	0.00514	0.00343	0.00171	0.00428	0.00300	0.00343	0.00600
12	0.00969	0.00861	0.01090	0.01000	0.01206	0.06490	0.08700	0.01261	0.04085	0.01761	0.18841	0.04235	0.19473	0.01245	0.03041	0.00219	0.00505	0.20544	0.03921	0.00552
13	0.00965	0.00735	0.01156	0.01059	0.01226	0.00776	0.08206	0.01202	0.01139	0.05542	0.10793	0.05413	0.04355	0.02411	0.33458	0.00498	0.04870	0.15238	0.00405	0.00553
14	0.01152	0.00996	0.01177	0.00854	0.01320	0.00789	0.00685	0.01391	0.01133	0.01780	0.00971	0.01152	0.00815	0.00439	0.00484	0.00090	0.04561	0.00336	0.00324	0.79550
15	0.00819	0.00647	0.00973	0.00979	0.01119	0.00614	0.07446	0.01024	0.01218	0.01597	0.07639	0.31888	0.11660	0.01467	0.00715	0.00225	0.00440	0.28525	0.00497	0.00506
16	0.00962	0.00481	0.00722	0.00722	0.00722	0.00481	0.00481	0.00722	0.00722	0.00962	0.00962	0.01684	0.00962	0.01924	0.02165	0.83886	0.00481	0.00481	0.00241	0.00241
17	0.01152	0.07515	0.05192	0.01012	0.01265	0.01109	0.00826	0.05392	0.33236	0.01906	0.02262	0.23834	0.02181	0.05024	0.00710	0.00213	0.00456	0.05531	0.00491	0.00695
18	0.01421	0.01382	0.02181	0.03209	0.70187	0.05024	0.01638	0.03371	0.02903	0.01835	0.01065	0.01367	0.00888	0.00506	0.00546	0.00164	0.00669	0.00490	0.00287	0.00867
19	0.01611	0.49504	0.05610	0.01073	0.01515	0.09343	0.01006	0.10061	0.05589	0.05288	0.01088	0.01287	0.00921	0.00574	0.00437	0.00140	0.00626	0.03251	0.00328	0.00747
20	0.84448	0.01071	0.00814	0.00728	0.01071	0.01242	0.00600	0.01628	0.00943	0.02485	0.00771	0.00900	0.00600	0.00514	0.00343	0.00171	0.00428	0.00300	0.00343	0.00600
21	0.04133	0.06189	0.15252	0.04952	0.28261	0.03762	0.07410	0.04998	0.15868	0.01930	0.01255	0.01428	0.00976	0.00559	0.00537	0.00170	0.00666	0.00496	0.00335	0.00823
22	0.01173	0.01106	0.01871	0.33432	0.37627	0.01204	0.03073	0.01506	0.01182	0.01610	0.01250	0.01730	0.03443	0.00760	0.04452	0.00213	0.00720	0.02644	0.00279	0.00726
23	0.00930	0.00731	0.00960	0.03125	0.01059	0.00778	0.02398	0.01102	0.01231	0.05428	0.24244	0.05456	0.24458	0.09966	0.01102	0.00232	0.14902	0.00902	0.00467	0.00528
24	0.03460	0.00836	0.00917	0.06691	0.01196	0.07402	0.00689	0.02415	0.05080	0.04297	0.20254	0.21574	0.02893	0.07343	0.00841	0.03002	0.00449	0.05661	0.03024	0.01976
25	0.01265	0.00935	0.01034	0.00930	0.01182	0.01019	0.00721	0.04046	0.40775	0.06712	0.20815	0.02555	0.02500	0.00826	0.00561	0.00175	0.00375	0.00698	0.12136	0.00743
26	0.01405	0.01203	0.01268	0.01133	0.01451	0.01390	0.00883	0.05667	0.73312	0.02361	0.02219	0.02039	0.01662	0.00748	0.00563	0.00187	0.00445	0.00621	0.00563	0.00879
27	0.00740	0.00529	0.00715	0.00825	0.00891	0.00504	0.00609	0.00894	0.01168	0.01560	0.10917	0.53745	0.03713	0.01620	0.00716	0.00227	0.00362	0.19271	0.00523	0.00473
28	0.00681	0.00491	0.00635	0.00747	0.00788	0.00456	0.00497	0.00775	0.01061	0.01401	0.03165	0.70490	0.08865	0.06108	0.00821	0.00240	0.00330	0.01502	0.00504	0.00445
29	0.01288	0.01493	0.05191	0.02187	0.02674	0.01440	0.62401	0.01710	0.01238	0.01710	0.01061	0.01444	0.00820	0.00540	0.00816	0.00194	0.12167	0.00622	0.00273	0.00729
30	0.00753	0.00565	0.00698	0.00665	0.00809	0.00510	0.00498	0.00986	0.01495	0.02049	0.59936	0.04419	0.22186	0.01196	0.00654	0.00177	0.00266	0.01041	0.00587	0.00510

[dist]
# distance from previous block
# <min> <max>
0	1

[block]
# block no. 4 follows, 43 sequences, length 15
# corresponding to MSA columns:
# 306-320
name=unknown_E
#
# <colnr> <probs for GDERKNQSTAVLIFYWHMCP>
#	G	D	E	R	K	N	Q	S	T	A	V	L	I	F	Y	W	H	M	C	P
0	0.01059	0.00885	0.01439	0.02645	0.05698	0.00850	0.17825	0.05676	0.01366	0.03103	0.17705	0.13687	0.09783	0.00999	0.02314	0.00193	0.00511	0.00860	0.11135	0.02266
1	0.01427	0.69509	0.13791	0.01040	0.01564	0.02060	0.01108	0.01672	0.01132	0.01369	0.00803	0.00929	0.00709	0.00481	0.00380	0.00127	0.00625	0.00313	0.00236	0.00726
2	0.01650	0.01826	0.01410	0.01229	0.01493	0.44747	0.08828	0.01865	0.01409	0.01631	0.01193	0.01398	0.00956	0.00584	0.00480	0.00143	0.00751	0.00441	0.27352	0.00612
3	0.01302	0.01480	0.06439	0.01497	0.01602	0.09921	0.04431	0.01473	0.00966	0.01380	0.00774	0.01198	0.00729	0.00877	0.01546	0.00225	0.62810	0.00473	0.00248	0.00629
4	0.00784	0.00566	0.00740	0.00697	0.00827	0.00523	0.00523	0.01045	0.01568	0.02221	0.76789	0.04137	0.05226	0.01132	0.00653	0.00174	0.00261	0.01002	0.00610	0.00523
5	0.00689	0.00552	0.00616	0.00622	0.00775	0.00479	0.00458	0.00853	0.01311	0.01663	0.22751	0.14896	0.49627	0.01380	0.00661	0.00189	0.00281	0.01181	0.00538	0.00479
6	0.01387	0.01275	0.02006	0.13919	0.51889	0.01345	0.01532	0.08092	0.09422	0.01951	0.01189	0.01458	0.00950	0.00545	0.00551	0.00170	0.00642	0.00508	0.00325	0.00845
7	0.00830	0.00623	0.00912	0.00898	0.00994	0.00738	0.00702	0.01027	0.00905	0.01337	0.01461	0.02114	0.01350	0.03755	0.69147	0.00806	0.05807	0.00582	0.05509	0.00502
8	0.01012	0.00851	0.01088	0.00997	0.01213	0.04073	0.07684	0.01414	0.12058	0.04519	0.05351	0.10825	0.22725	0.02861	0.08377	0.00275	0.00568	0.13051	0.00474	0.00586
9	0.01421	0.09744	0.01464	0.00959	0.01427	0.01163	0.00794	0.18724	0.06127	0.02175	0.01120	0.01219	0.00891	0.00498	0.00447	0.00112	0.00478	0.00383	0.00386	0.50469
10	0.01231	0.01085	0.01473	0.01588	0.23300	0.00930	0.00978	0.03580	0.01227	0.01849	0.01079	0.01395	0.00922	0.00480	0.00467	0.00114	0.00491	0.02917	0.00325	0.54567
11	0.09280	0.05964	0.64859	0.01452	0.02199	0.01307	0.01824	0.01764	0.01157	0.03923	0.00996	0.01151	0.00711	0.00527	0.00502	0.00172	0.00761	0.00398	0.00257	0.00796
12	0.01260	0.06012	0.42637	0.01513	0.02126	0.06126	0.11107	0.05019	0.09369	0.01864	0.05177	0.02973	0.01133	0.00604	0.00548	0.00174	0.00745	0.00513	0.00318	0.00782
13	0.00933	0.00706	0.00900	0.00863	0.00948	0.02770	0.00641	0.01115	0.03543	0.03006	0.04726	0.02497	0.01641	0.23015	0.38409	0.02342	0.07616	0.00646	0.03195	0.00487
14	0.01763	0.15210	0.01715	0.02967	0.07987	0.29399	0.02186	0.04112	0.02943	0.14271	0.03757	0.02772	0.05445	0.02447	0.00564	0.00162	0.00699	0.00503	0.00383	0.00716

[dist]
# distance from previous block
# <min> <max>
0	15

[block]
# block no. 5 follows, 43 sequences, length 92
# corresponding to MSA columns:
# 336-354,440-512
name=unknown_F
#
# <colnr> <probs for GDERKNQSTAVLIFYWHMCP>
#	G	D	E	R	K	N	Q	S	T	A	V	L	I	F	Y	W	H	M	C	P
0	0.33401	0.03922	0.01350	0.07785	0.13450	0.15242	0.00969	0.01742	0.05701	0.01939	0.02748	0.04115	0.00990	0.02078	0.00534	0.00176	0.02410	0.00452	0.00333	0.00661
1	0.07288	0.01257	0.01858	0.14822	0.42435	0.04012	0.01418	0.02936	0.04025	0.03316	0.01058	0.01353	0.00859	0.00545	0.00595	0.00167	0.05043	0.00470	0.00301	0.06244
2	0.01169	0.01015	0.01333	0.09655	0.13876	0.02832	0.01011	0.05643	0.20219	0.01788	0.01789	0.09677	0.02913	0.04902	0.13658	0.00322	0.03931	0.03179	0.00401	0.00687
3	0.55079	0.01042	0.00986	0.00825	0.01197	0.01115	0.00679	0.03296	0.02600	0.24938	0.01237	0.01230	0.00862	0.00570	0.00416	0.00170	0.00444	0.00387	0.00453	0.02472
4	0.01596	0.00820	0.00941	0.00796	0.01061	0.00816	0.00632	0.12994	0.04599	0.23029	0.03836	0.03575	0.01490	0.00699	0.00480	0.00152	0.00379	0.00564	0.40828	0.00712
5	0.00732	0.00508	0.00669	0.00765	0.00826	0.00471	0.00527	0.00853	0.01135	0.03316	0.10002	0.65781	0.07329	0.01633	0.00697	0.00218	0.00322	0.03218	0.00527	0.00471
6	0.00823	0.00630	0.00758	0.00779	0.00905	0.00624	0.00563	0.02506	0.11192	0.01722	0.16964	0.35661	0.16843	0.01512	0.03779	0.02129	0.00373	0.01184	0.00524	0.00530
7	0.00757	0.00558	0.00709	0.00687	0.00815	0.00509	0.00509	0.00988	0.01482	0.02055	0.60974	0.11472	0.13980	0.01223	0.00658	0.00181	0.00269	0.01077	0.00589	0.00509
8	0.84448	0.01071	0.00814	0.00728	0.01071	0.01242	0.00600	0.01628	0.00943	0.02485	0.00771	0.00900	0.00600	0.00514	0.00343	0.00171	0.00428	0.00300	0.00343	0.00600
9	0.33460	0.01029	0.01131	0.00906	0.01303	0.01033	0.00748	0.06837	0.01406	0.44474	0.01597	0.01478	0.01052	0.00619	0.00476	0.00171	0.00464	0.00456	0.00548	0.00813
10	0.09194	0.04526	0.29088	0.02065	0.30050	0.01231	0.02820	0.01611	0.01190	0.01812	0.02995	0.05584	0.04249	0.00624	0.00531	0.00172	0.00654	0.00537	0.00295	0.00774
11	0.03431	0.03441	0.06451	0.01327	0.01715	0.28673	0.02704	0.26879	0.10335	0.06076	0.01251	0.01299	0.00935	0.00630	0.00556	0.00162	0.02458	0.00456	0.00424	0.00798
12	0.05159	0.00865	0.01125	0.04121	0.01321	0.00844	0.03632	0.03401	0.10777	0.27929	0.22299	0.02664	0.07333	0.00837	0.00575	0.00174	0.00417	0.00712	0.05084	0.00731
13	0.01744	0.47268	0.02371	0.01094	0.01547	0.05779	0.00993	0.29265	0.01702	0.02126	0.00984	0.01059	0.00797	0.00550	0.00437	0.00138	0.00619	0.00375	0.00358	0.00794
14	0.01159	0.01035	0.02808	0.06189	0.01514	0.00802	0.00753	0.02818	0.01174	0.01809	0.00991	0.01175	0.00815	0.00427	0.00425	0.00093	0.00445	0.00344	0.00325	0.74899
15	0.01263	0.03203	0.01643	0.03769	0.01611	0.04130	0.20270	0.12082	0.04371	0.03469	0.01595	0.02502	0.03230	0.30587	0.01431	0.00313	0.00666	0.02887	0.00372	0.00607
16	0.01005	0.00992	0.04487	0.12264	0.05658	0.05662	0.02123	0.01337	0.07359	0.01493	0.01873	0.20548	0.04728	0.01809	0.20094	0.00371	0.06440	0.00804	0.00364	0.00588
17	0.00960	0.00787	0.01180	0.10367	0.20948	0.00814	0.00881	0.01123	0.01033	0.01414	0.04900	0.13662	0.01912	0.31720	0.05657	0.00358	0.00600	0.00795	0.00345	0.00542
18	0.01542	0.01341	0.01397	0.04448	0.05488	0.08467	0.00961	0.12819	0.40421	0.04854	0.01727	0.01688	0.01299	0.00658	0.00537	0.00166	0.00536	0.00533	0.00485	0.10632
19	0.01357	0.05034	0.24472	0.07625	0.29769	0.01273	0.06016	0.01813	0.03828	0.08592	0.02527	0.01421	0.00956	0.00541	0.00541	0.00168	0.00688	0.00486	0.00313	0.02579
20	0.04373	0.04042	0.34444	0.01619	0.06671	0.06098	0.09894	0.18883	0.01545	0.03176	0.01084	0.01238	0.00794	0.00549	0.00533	0.00167	0.00748	0.00453	0.00332	0.03357
21	0.00974	0.00718	0.02455	0.03949	0.01187	0.00757	0.01997	0.02602	0.02439	0.07190	0.04470	0.03628	0.04121	0.04718	0.55364	0.00687	0.01195	0.00639	0.00356	0.00556
22	0.01057	0.00737	0.00830	0.00841	0.00964	0.05010	0.00663	0.01262	0.01176	0.05088	0.02219	0.16826	0.03558	0.01225	0.03909	0.00219	0.06882	0.17306	0.29693	0.00535
23	0.40546	0.05057	0.29403	0.03557	0.03296	0.03064	0.02503	0.03638	0.01110	0.02109	0.00888	0.01050	0.00668	0.00522	0.00436	0.00170	0.00620	0.00363	0.00297	0.00704
24	0.00755	0.00569	0.00777	0.00854	0.02352	0.00537	0.02946	0.00882	0.01094	0.01439	0.04555	0.45651	0.11406	0.13252	0.01015	0.00267	0.00397	0.10314	0.00477	0.00462
25	0.00816	0.00548	0.00662	0.00662	0.00692	0.00570	0.00418	0.00876	0.00846	0.01181	0.01691	0.03207	0.01838	0.58699	0.19468	0.00591	0.00731	0.00741	0.05382	0.00382
26	0.01349	0.01364	0.03406	0.33564	0.19740	0.11212	0.06159	0.04779	0.03781	0.03309	0.01134	0.03934	0.00920	0.00597	0.00584	0.00176	0.02451	0.00524	0.00301	0.00715
27	0.01318	0.22990	0.43253	0.01336	0.01952	0.10287	0.01532	0.03508	0.01231	0.01609	0.01068	0.02732	0.02215	0.02093	0.00529	0.00165	0.00750	0.00420	0.00261	0.00750
28	0.02007	0.01129	0.01339	0.01068	0.01441	0.01147	0.00865	0.31283	0.05306	0.32738	0.06996	0.08815	0.01681	0.00804	0.00576	0.00175	0.00497	0.00658	0.00607	0.00867
29	0.84448	0.01071	0.00814	0.00728	0.01071	0.01242	0.00600	0.01628	0.00943	0.02485	0.00771	0.00900	0.00600	0.00514	0.00343	0.00171	0.00428	0.00300	0.00343	0.00600
30	0.00756	0.00549	0.00713	0.00713	0.00826	0.00507	0.00524	0.00974	0.01433	0.01992	0.55060	0.20833	0.08719	0.01288	0.00668	0.00188	0.00281	0.02890	0.00581	0.00503
31	0.01087	0.00820	0.01046	0.00898	0.01213	0.00690	0.02463	0.01335	0.02877	0.06517	0.01993	0.17998	0.03576	0.00945	0.00564	0.00158	0.00427	0.15193	0.00432	0.39767
32	0.01132	0.00964	0.01126	0.00820	0.01286	0.00740	0.00653	0.01410	0.02965	0.01842	0.05616	0.01352	0.01109	0.00462	0.00429	0.00090	0.00402	0.00376	0.00351	0.76875
33	0.01371	0.01308	0.02186	0.03258	0.72371	0.01320	0.01648	0.01777	0.05920	0.01841	0.01117	0.01414	0.00928	0.00510	0.00549	0.00166	0.00644	0.00502	0.00292	0.00877
34	0.01324	0.01266	0.02403	0.24149	0.24377	0.01293	0.28830	0.01708	0.01255	0.06278	0.01124	0.01477	0.00854	0.00512	0.00589	0.00179	0.00772	0.00556	0.00293	0.00759
35	0.01237	0.01178	0.01757	0.07466	0.41571	0.04245	0.01333	0.01590	0.05948	0.01745	0.07796	0.05942	0.04532	0.00741	0.00708	0.00181	0.08979	0.01962	0.00342	0.00746
36	0.00713	0.00525	0.00642	0.00707	0.00791	0.00489	0.00494	0.00844	0.01154	0.01540	0.10287	0.47487	0.21437	0.02874	0.00726	0.00211	0.01729	0.01326	0.05559	0.00466
37	0.07282	0.01096	0.01261	0.02660	0.06532	0.01184	0.00871	0.15236	0.26375	0.13923	0.03078	0.01992	0.01451	0.05547	0.00673	0.00196	0.00484	0.02205	0.07156	0.00799
38	0.01057	0.00981	0.01512	0.49707	0.07742	0.01150	0.02711	0.01538	0.10609	0.01572	0.01848	0.02125	0.12416	0.00709	0.00593	0.00185	0.01956	0.00615	0.00329	0.00645
39	0.00805	0.00537	0.00604	0.00604	0.00604	0.00537	0.00336	0.00805	0.00805	0.01074	0.01745	0.03624	0.02013	0.80536	0.02819	0.00537	0.00537	0.00805	0.00336	0.00336
40	0.00912	0.00796	0.01040	0.06967	0.11351	0.03689	0.00806	0.01083	0.01135	0.01487	0.04397	0.25470	0.17634	0.07036	0.03694	0.00249	0.05855	0.03946	0.01915	0.00540
41	0.00741	0.00564	0.00681	0.00652	0.00801	0.00504	0.00489	0.00962	0.01466	0.01981	0.53194	0.04532	0.28971	0.01222	0.00654	0.00178	0.00268	0.01057	0.00578	0.00504
42	0.01815	0.01411	0.01520	0.01230	0.01610	0.01598	0.00997	0.47014	0.28237	0.02994	0.01629	0.01583	0.01195	0.00707	0.00607	0.00177	0.03681	0.00543	0.00545	0.00906
43	0.01280	0.25304	0.06395	0.00957	0.01464	0.01234	0.03226	0.01535	0.01157	0.03216	0.00949	0.01097	0.00792	0.00444	0.00411	0.00104	0.00508	0.00339	0.00301	0.49287
44	0.01684	0.15440	0.22443	0.01424	0.01895	0.42070	0.04164	0.01980	0.01379	0.01471	0.00889	0.01046	0.00715	0.00539	0.00489	0.00149	0.00881	0.00372	0.00263	0.00705
45	0.06090	0.00940	0.01249	0.00965	0.01383	0.00827	0.00796	0.02623	0.01548	0.72628	0.02115	0.01845	0.01338	0.00677	0.00544	0.00171	0.00465	0.00545	0.02333	0.00919
46	0.01664	0.00817	0.01128	0.00912	0.01238	0.00712	0.05272	0.01875	0.01461	0.41230	0.10902	0.04970	0.23520	0.00950	0.00605	0.00178	0.00420	0.00810	0.00599	0.00738
47	0.00670	0.00523	0.00610	0.00677	0.00785	0.00462	0.00479	0.00791	0.01161	0.01458	0.04259	0.43121	0.38256	0.01573	0.00683	0.00208	0.00306	0.03004	0.00514	0.00460
48	0.01317	0.01291	0.02341	0.02355	0.30294	0.01207	0.28572	0.01694	0.02505	0.03534	0.01141	0.02760	0.00925	0.00497	0.00563	0.00158	0.00697	0.00542	0.00305	0.17301
49	0.01192	0.00989	0.01145	0.00838	0.01304	0.00783	0.00670	0.04609	0.03047	0.03144	0.02514	0.01407	0.03947	0.00486	0.00436	0.00095	0.00413	0.00391	0.00362	0.72227
50	0.77122	0.01048	0.00836	0.00739	0.01081	0.01196	0.00608	0.01686	0.00988	0.07153	0.00887	0.00992	0.00670	0.00528	0.00357	0.00170	0.00427	0.00322	0.02572	0.00619
51	0.01347	0.01155	0.01230	0.01120	0.01422	0.01331	0.00878	0.02831	0.71413	0.02276	0.02296	0.02327	0.01784	0.00800	0.00576	0.00192	0.00443	0.05165	0.00560	0.00854
52	0.01232	0.01133	0.05839	0.02678	0.01462	0.00845	0.00788	0.05992	0.01248	0.03546	0.01032	0.01184	0.00831	0.00442	0.00433	0.00097	0.00456	0.00352	0.00342	0.70067
53	0.00679	0.00499	0.00626	0.00725	0.00781	0.00458	0.00487	0.00777	0.01079	0.01407	0.03412	0.62496	0.16177	0.06595	0.00830	0.00238	0.00328	0.01457	0.00503	0.00446
54	0.03404	0.01138	0.01073	0.02760	0.01224	0.15102	0.00753	0.06890	0.12940	0.01632	0.01538	0.03631	0.01412	0.17521	0.24213	0.00456	0.00885	0.00598	0.02243	0.00588
55	0.02193	0.00879	0.01189	0.00933	0.01312	0.00763	0.00762	0.02413	0.01575	0.64686	0.13127	0.02296	0.03747	0.00768	0.00573	0.00172	0.00436	0.00636	0.00670	0.00870
56	0.09901	0.02993	0.01224	0.02535	0.01387	0.06311	0.00840	0.08362	0.09895	0.29946	0.02009	0.09115	0.01666	0.00864	0.00569	0.00186	0.00512	0.10376	0.00542	0.00768
57	0.01205	0.01315	0.06437	0.01462	0.01513	0.01671	0.01264	0.01359	0.00868	0.01359	0.00744	0.01209	0.00725	0.00942	0.01737	0.00238	0.74611	0.00480	0.00242	0.00619
58	0.00803	0.00546	0.00652	0.00652	0.00669	0.00563	0.00396	0.00836	0.00820	0.01110	0.01701	0.03380	0.01907	0.67659	0.15551	0.00596	0.00697	0.00770	0.00329	0.00362
59	0.01150	0.01137	0.03369	0.44281	0.20873	0.01261	0.07917	0.01503	0.01160	0.01577	0.03022	0.01514	0.00913	0.00575	0.00638	0.00182	0.05631	0.00518	0.02091	0.00688
60	0.01001	0.00770	0.00947	0.00777	0.01072	0.00651	0.00604	0.01277	0.02976	0.04269	0.34855	0.02660	0.04240	0.00999	0.05394	0.00180	0.00411	0.00673	0.00471	0.35775
61	0.79334	0.01063	0.00843	0.00744	0.01092	0.01216	0.00613	0.01695	0.00983	0.07164	0.00859	0.00961	0.00648	0.00525	0.00356	0.00171	0.00431	0.00316	0.00364	0.00621
62	0.01433	0.31109	0.05936	0.06483	0.02251	0.10365	0.31575	0.01757	0.01251	0.01529	0.00947	0.01199	0.00766	0.00489	0.00514	0.00156	0.00797	0.00467	0.00261	0.00716
63	0.06076	0.00645	0.00850	0.00823	0.00921	0.00724	0.00614	0.01046	0.00938	0.03394	0.06165	0.02566	0.03129	0.21440	0.43927	0.00656	0.04610	0.00655	0.00340	0.00482
64	0.00763	0.00560	0.00715	0.00687	0.00817	0.00512	0.00511	0.01001	0.01503	0.02092	0.64479	0.09011	0.12886	0.01199	0.00657	0.00179	0.00267	0.01055	0.00593	0.00512
65	0.01502	0.70298	0.02698	0.00974	0.01435	0.07537	0.00938	0.01681	0.01158	0.01338	0.00789	0.00913	0.00718	0.00477	0.00369	0.00118	0.00610	0.00302	0.00246	0.05898
66	0.00824	0.00567	0.00692	0.00656	0.00804	0.00517	0.00494	0.01061	0.01462	0.03669	0.52844	0.04079	0.18478	0.01118	0.00621	0.00171	0.00269	0.00968	0.10186	0.00520
67	0.01225	0.01053	0.01351	0.23805	0.02068	0.02488	0.02514	0.08844	0.27716	0.01929	0.03354	0.05004	0.02794	0.01175	0.09991	0.02270	0.00677	0.00620	0.00418	0.00707
68	0.44140	0.00985	0.01011	0.00836	0.01203	0.01014	0.00687	0.02050	0.01257	0.34567	0.06120	0.01524	0.01219	0.00626	0.00454	0.00172	0.00436	0.00454	0.00506	0.00742
69	0.01324	0.06231	0.02233	0.04668	0.61287	0.01319	0.06022	0.01636	0.01234	0.01734	0.01131	0.04842	0.01008	0.02254	0.00598	0.00174	0.00655	0.00545	0.00283	0.00823
70	0.01408	0.01174	0.01251	0.01113	0.01417	0.01348	0.00866	0.08409	0.65681	0.02323	0.02102	0.01985	0.01587	0.00818	0.00663	0.05409	0.00454	0.00607	0.00543	0.00842
71	0.00701	0.00578	0.00642	0.03003	0.00872	0.00508	0.00493	0.00876	0.01318	0.01642	0.19279	0.05015	0.57708	0.01329	0.00655	0.00187	0.00300	0.03887	0.00525	0.00484
72	0.40229	0.34569	0.01771	0.00883	0.01258	0.01624	0.02354	0.01594	0.01020	0.01862	0.00823	0.01017	0.00712	0.02012	0.03720	0.00188	0.03099	0.00333	0.00292	0.00641
73	0.01170	0.01121	0.01849	0.29719	0.26068	0.01312	0.04366	0.01465	0.01092	0.01525	0.00999	0.01451	0.00840	0.00930	0.07597	0.00252	0.16788	0.00506	0.00260	0.00690
74	0.84448	0.01071	0.00814	0.00728	0.01071	0.01242	0.00600	0.01628	0.00943	0.02485	0.00771	0.00900	0.00600	0.00514	0.00343	0.00171	0.00428	0.00300	0.00343	0.00600
75	0.00812	0.00535	0.00609	0.00609	0.00609	0.00535	0.00341	0.00802	0.00802	0.01069	0.01714	0.03547	0.01972	0.77417	0.02793	0.03844	0.00535	0.00793	0.00332	0.00332
76	0.01281	0.01453	0.03161	0.02270	0.02809	0.01362	0.72019	0.01733	0.01297	0.01759	0.01200	0.04714	0.00956	0.00519	0.00656	0.00188	0.00909	0.00691	0.00290	0.00735
77	0.84448	0.01071	0.00814	0.00728	0.01071	0.01242	0.00600	0.01628	0.00943	0.02485	0.00771	0.00900	0.00600	0.00514	0.00343	0.00171	0.00428	0.00300	0.00343	0.00600
78	0.00908	0.00594	0.00780	0.00718	0.00870	0.00544	0.00544	0.01166	0.01569	0.07721	0.71336	0.03972	0.04944	0.01100	0.00646	0.00174	0.00277	0.00969	0.00615	0.00553
79	0.00864	0.00642	0.00881	0.01000	0.04145	0.00623	0.00797	0.01112	0.01337	0.01771	0.19346	0.05492	0.10935	0.01387	0.00720	0.00227	0.00438	0.47235	0.00523	0.00524
80	0.01354	0.01310	0.02263	0.06386	0.67871	0.01319	0.06128	0.01721	0.02948	0.01803	0.01072	0.01398	0.00888	0.00500	0.00555	0.00167	0.00673	0.00506	0.00280	0.00859
81	0.01046	0.00984	0.01661	0.79205	0.03814	0.01230	0.01538	0.01415	0.01107	0.01415	0.00984	0.01477	0.00738	0.00554	0.00554	0.00185	0.00738	0.00492	0.00246	0.00615
82	0.00997	0.00608	0.00891	0.00851	0.00854	0.00693	0.00611	0.00834	0.00749	0.01036	0.00942	0.01623	0.00939	0.01848	0.04987	0.66728	0.13767	0.00486	0.00243	0.00311
83	0.76863	0.01087	0.00911	0.00854	0.03411	0.01272	0.00670	0.01612	0.00947	0.02394	0.00777	0.00933	0.00616	0.00541	0.00439	0.00175	0.05236	0.00317	0.00335	0.00609
84	0.00811	0.00548	0.00642	0.00652	0.00667	0.00554	0.00398	0.00841	0.00844	0.01129	0.01813	0.03721	0.02058	0.70128	0.07385	0.00539	0.00594	0.05973	0.00346	0.00358
85	0.01488	0.01287	0.02084	0.04349	0.59518	0.01326	0.01550	0.06307	0.01338	0.07933	0.01127	0.01400	0.00907	0.00555	0.00641	0.00171	0.06336	0.00498	0.00322	0.00862
86	0.84448	0.01071	0.00814	0.00728	0.01071	0.01242	0.00600	0.01628	0.00943	0.02485	0.00771	0.00900	0.00600	0.00514	0.00343	0.00171	0.00428	0.00300	0.00343	0.00600
87	0.25051	0.01044	0.01659	0.01369	0.01700	0.01061	0.25680	0.01484	0.01183	0.01927	0.01707	0.05493	0.01671	0.00888	0.00604	0.00207	0.00623	0.25650	0.00385	0.00613
88	0.01148	0.00998	0.01203	0.04067	0.01423	0.00817	0.00726	0.01392	0.01129	0.01760	0.00969	0.01166	0.00811	0.00450	0.00501	0.00096	0.05226	0.00344	0.00320	0.75455
89	0.02353	0.00975	0.01376	0.03227	0.07867	0.00867	0.00908	0.02581	0.01545	0.69094	0.02057	0.01831	0.01313	0.00666	0.00556	0.00171	0.00494	0.00550	0.00639	0.00928
90	0.01821	0.01407	0.01538	0.05960	0.01761	0.01585	0.01029	0.48855	0.24771	0.03009	0.01589	0.01562	0.01156	0.00684	0.00557	0.00174	0.00565	0.00537	0.00538	0.00902
91	0.01221	0.01218	0.01730	0.01572	0.06045	0.01673	0.01241	0.01355	0.00873	0.01362	0.00746	0.01221	0.00736	0.00940	0.01740	0.00238	0.74736	0.00485	0.00244	0.00622

[dist]
# distance from previous block
# <min> <max>
0	1

[block]
# block no. 6 follows, 43 sequences, length 13
# corresponding to MSA columns:
# 514-526
name=unknown_G
#
# <colnr> <probs for GDERKNQSTAVLIFYWHMCP>
#	G	D	E	R	K	N	Q	S	T	A	V	L	I	F	Y	W	H	M	C	P
0	0.01232	0.08575	0.01770	0.01271	0.01615	0.01159	0.19755	0.01844	0.19217	0.05010	0.20766	0.02264	0.02194	0.00730	0.00604	0.00170	0.02373	0.00672	0.03778	0.05001
1	0.01377	0.01202	0.01346	0.01341	0.08573	0.01372	0.00954	0.02826	0.69025	0.02269	0.02140	0.02001	0.01614	0.00727	0.00562	0.00186	0.00459	0.00614	0.00536	0.00877
2	0.01371	0.01316	0.02248	0.03399	0.77081	0.01316	0.01700	0.01700	0.01261	0.01809	0.01042	0.01371	0.00877	0.00493	0.00548	0.00164	0.00658	0.00493	0.00274	0.00877
3	0.01445	0.01247	0.01276	0.01243	0.06824	0.09845	0.00879	0.06610	0.41325	0.04667	0.01784	0.01953	0.01427	0.08127	0.00912	0.08104	0.00541	0.00579	0.00464	0.00747
4	0.01187	0.01172	0.01702	0.01458	0.01499	0.01581	0.04990	0.01338	0.00912	0.01386	0.00955	0.01701	0.00965	0.00996	0.01658	0.00241	0.68019	0.07365	0.00270	0.00604
5	0.01128	0.01117	0.01654	0.72987	0.03646	0.07393	0.01501	0.01479	0.01144	0.01410	0.00974	0.01438	0.00736	0.00555	0.00549	0.00181	0.00759	0.00481	0.00249	0.00617
6	0.01135	0.01038	0.01684	0.70628	0.06493	0.01269	0.01509	0.06776	0.01222	0.01581	0.01012	0.01462	0.00758	0.00559	0.00554	0.00182	0.00726	0.00493	0.00269	0.00649
7	0.11857	0.00918	0.01042	0.00819	0.01218	0.00772	0.00658	0.01401	0.01174	0.04452	0.06720	0.04570	0.01420	0.00622	0.00463	0.00122	0.00409	0.06264	0.00384	0.54714
8	0.84448	0.01071	0.00814	0.00728	0.01071	0.01242	0.00600	0.01628	0.00943	0.02485	0.00771	0.00900	0.00600	0.00514	0.00343	0.00171	0.00428	0.00300	0.00343	0.00600
9	0.08124	0.01527	0.01383	0.01137	0.01509	0.20897	0.00907	0.20072	0.04750	0.28566	0.01522	0.01466	0.01057	0.00640	0.00519	0.00162	0.00627	0.00474	0.03837	0.00821
10	0.00816	0.00658	0.00707	0.00689	0.00883	0.00606	0.00531	0.06904	0.03215	0.01717	0.07978	0.09842	0.54993	0.01347	0.00656	0.00193	0.00331	0.06892	0.00523	0.00521
11	0.71236	0.01101	0.00921	0.00793	0.01151	0.01248	0.00654	0.07783	0.01130	0.08442	0.00928	0.01012	0.00688	0.00540	0.00377	0.00171	0.00447	0.00336	0.00387	0.00655
12	0.36270	0.01164	0.01144	0.00941	0.01325	0.01257	0.00765	0.16820	0.13440	0.10522	0.01296	0.01307	0.00951	0.00589	0.00451	0.00163	0.00469	0.00423	0.00456	0.10248

[dist]
# distance from previous block
# <min> <max>
0	2

[block]
# block no. 7 follows, 43 sequences, length 26
# corresponding to MSA columns:
# 529-550,560-563
name=unknown_H
#
# <colnr> <probs for GDERKNQSTAVLIFYWHMCP>
#	G	D	E	R	K	N	Q	S	T	A	V	L	I	F	Y	W	H	M	C	P
0	0.09007	0.21585	0.17216	0.04042	0.07588	0.03298	0.05143	0.01813	0.08999	0.04399	0.01202	0.01325	0.02606	0.00546	0.00471	0.00152	0.00615	0.00429	0.00318	0.09246
1	0.04055	0.01039	0.01551	0.09909	0.34266	0.01023	0.01170	0.01476	0.03834	0.01793	0.07381	0.02254	0.11451	0.00701	0.00550	0.00162	0.00527	0.03026	0.00357	0.13472
2	0.29494	0.01028	0.01154	0.00929	0.01305	0.01046	0.00765	0.07817	0.01424	0.41654	0.04206	0.01571	0.01195	0.00653	0.00533	0.00174	0.03227	0.00480	0.00544	0.00803
3	0.01102	0.01001	0.01637	0.59137	0.12760	0.01184	0.01435	0.03965	0.01165	0.01517	0.01208	0.01640	0.04153	0.00661	0.00644	0.04674	0.00689	0.00522	0.00272	0.00633
4	0.00762	0.00565	0.00710	0.00674	0.00814	0.00513	0.00505	0.01003	0.01516	0.02099	0.64847	0.04337	0.17244	0.01178	0.00653	0.00176	0.00265	0.01030	0.00594	0.00513
5	0.00887	0.00524	0.00725	0.00764	0.00793	0.00521	0.00539	0.00830	0.00885	0.01172	0.01731	0.11009	0.01899	0.17491	0.01862	0.41760	0.00482	0.15449	0.00342	0.00336
6	0.01221	0.01097	0.01541	0.04417	0.27227	0.00952	0.01043	0.01499	0.01185	0.01793	0.01004	0.01236	0.00837	0.00444	0.00462	0.00114	0.00506	0.00390	0.00307	0.52726
7	0.84448	0.01071	0.00814	0.00728	0.01071	0.01242	0.00600	0.01628	0.00943	0.02485	0.00771	0.00900	0.00600	0.00514	0.00343	0.00171	0.00428	0.00300	0.00343	0.00600
8	0.01369	0.01269	0.01850	0.02235	0.35413	0.01352	0.06840	0.02298	0.36947	0.02049	0.01626	0.01712	0.01262	0.00614	0.00564	0.00177	0.00574	0.00569	0.00413	0.00867
9	0.01342	0.01287	0.02197	0.10041	0.70663	0.01308	0.01686	0.01675	0.01248	0.01775	0.01037	0.01380	0.00865	0.00499	0.00549	0.00166	0.00665	0.00493	0.00272	0.00854
10	0.00857	0.00616	0.00850	0.00972	0.01091	0.00609	0.00829	0.01089	0.01250	0.01623	0.03061	0.14705	0.06390	0.01548	0.00754	0.00249	0.00478	0.62019	0.00511	0.00501
11	0.06026	0.00987	0.01136	0.00824	0.01304	0.00771	0.00661	0.01478	0.01160	0.05904	0.01037	0.01174	0.00837	0.00431	0.00414	0.00092	0.00414	0.00339	0.00348	0.74661
12	0.84448	0.01071	0.00814	0.00728	0.01071	0.01242	0.00600	0.01628	0.00943	0.02485	0.00771	0.00900	0.00600	0.00514	0.00343	0.00171	0.00428	0.00300	0.00343	0.00600
13	0.01213	0.01224	0.01858	0.08763	0.08492	0.04389	0.12094	0.01432	0.01043	0.01480	0.03625	0.01678	0.01062	0.04226	0.01331	0.00229	0.41670	0.03276	0.00280	0.00635
14	0.00909	0.05254	0.00989	0.00996	0.01136	0.00712	0.00866	0.01147	0.01249	0.01618	0.02817	0.11792	0.03082	0.01485	0.00737	0.00245	0.00500	0.63455	0.00495	0.00517
15	0.84448	0.01071	0.00814	0.00728	0.01071	0.01242	0.00600	0.01628	0.00943	0.02485	0.00771	0.00900	0.00600	0.00514	0.00343	0.00171	0.00428	0.00300	0.00343	0.00600
16	0.12109	0.02169	0.01690	0.01444	0.01776	0.51953	0.11125	0.05594	0.01497	0.01666	0.00974	0.01246	0.00810	0.00586	0.00513	0.00157	0.00884	0.02834	0.00312	0.00661
17	0.01150	0.04103	0.17142	0.28543	0.08870	0.04113	0.02626	0.03294	0.05229	0.01662	0.06779	0.01785	0.03872	0.02758	0.02268	0.00202	0.04062	0.00545	0.00311	0.00685
18	0.01034	0.03127	0.01109	0.15401	0.01507	0.07257	0.00820	0.02262	0.00988	0.01268	0.01368	0.02010	0.04341	0.08842	0.23944	0.19773	0.03633	0.00558	0.00286	0.00473
19	0.01134	0.04364	0.07398	0.61867	0.03388	0.06358	0.02908	0.01501	0.01158	0.01458	0.02753	0.01462	0.00840	0.00562	0.00545	0.00178	0.00748	0.00484	0.00257	0.00636
20	0.01039	0.00882	0.00947	0.00896	0.01114	0.02097	0.00680	0.01852	0.36360	0.01884	0.07204	0.11010	0.21065	0.03277	0.06907	0.00255	0.00472	0.00879	0.00517	0.00662
21	0.01266	0.00887	0.03213	0.00960	0.01160	0.03640	0.02426	0.03946	0.06451	0.16722	0.07281	0.32917	0.04628	0.02614	0.00744	0.00203	0.05699	0.00997	0.03613	0.00634
22	0.01063	0.00980	0.01477	0.33172	0.14195	0.03158	0.01215	0.01333	0.01135	0.01525	0.08971	0.03695	0.03073	0.06463	0.05817	0.00257	0.09196	0.02349	0.00315	0.00611
23	0.74020	0.01055	0.00874	0.00761	0.01115	0.01188	0.00627	0.01764	0.01024	0.12025	0.00951	0.01025	0.00698	0.00536	0.00370	0.00171	0.00434	0.00333	0.00386	0.00643
24	0.00732	0.00558	0.00824	0.00866	0.00945	0.00525	0.05081	0.00874	0.01129	0.01522	0.10643	0.64147	0.03593	0.01646	0.02478	0.00233	0.00383	0.02839	0.00505	0.00478
25	0.01321	0.01339	0.05040	0.12336	0.63557	0.01307	0.03659	0.01670	0.01241	0.01759	0.01035	0.01379	0.00853	0.00501	0.00551	0.00168	0.00681	0.00494	0.00269	0.00840

[dist]
# distance from previous block
# <min> <max>
0	16

[block]
# block no. 8 follows, 43 sequences, length 15
# corresponding to MSA columns:
# 580-594
name=unknown_I
#
# <colnr> <probs for GDERKNQSTAVLIFYWHMCP>
#	G	D	E	R	K	N	Q	S	T	A	V	L	I	F	Y	W	H	M	C	P
0	0.00689	0.00559	0.00612	0.00606	0.00771	0.00481	0.00452	0.00859	0.01333	0.01682	0.24111	0.08462	0.54752	0.01347	0.00657	0.00185	0.00277	0.01144	0.00539	0.00481
1	0.00850	0.00487	0.00696	0.00737	0.00757	0.00473	0.00495	0.00762	0.00899	0.01208	0.07082	0.28972	0.02199	0.01802	0.01553	0.49027	0.00410	0.00896	0.00361	0.00333
2	0.01060	0.01013	0.01751	0.74930	0.03763	0.01240	0.05628	0.01435	0.01119	0.01435	0.00992	0.01478	0.00744	0.00549	0.00559	0.00185	0.00749	0.00501	0.00248	0.00623
3	0.00703	0.00565	0.00628	0.00619	0.00787	0.00491	0.00469	0.00885	0.01358	0.01727	0.27653	0.04991	0.51987	0.01323	0.00658	0.00185	0.00283	0.03657	0.00544	0.00486
4	0.02036	0.07052	0.01645	0.01400	0.01696	0.74020	0.01063	0.02180	0.01544	0.01352	0.00851	0.00993	0.00713	0.00565	0.00491	0.00141	0.00976	0.00353	0.00283	0.00646
5	0.01294	0.01158	0.01262	0.06646	0.01554	0.04799	0.00914	0.02402	0.50367	0.02061	0.06089	0.02122	0.01710	0.00925	0.04196	0.00217	0.04985	0.02564	0.00489	0.04245
6	0.01321	0.01334	0.04650	0.12266	0.62916	0.01308	0.04749	0.01671	0.01242	0.01759	0.01037	0.01382	0.00854	0.00501	0.00553	0.00168	0.00684	0.00497	0.00270	0.00839
7	0.00976	0.00931	0.04971	0.01110	0.01214	0.01069	0.00925	0.02987	0.00938	0.01380	0.01279	0.05302	0.01238	0.04777	0.41343	0.00580	0.27538	0.00595	0.00293	0.00553
8	0.05812	0.06321	0.01599	0.01372	0.01669	0.71132	0.01043	0.02158	0.01519	0.01405	0.00848	0.00989	0.00708	0.00563	0.00485	0.00143	0.00953	0.00351	0.00286	0.00643
9	0.00751	0.00562	0.00667	0.00641	0.00791	0.00503	0.00481	0.00971	0.01442	0.01963	0.48454	0.04447	0.29808	0.01202	0.00640	0.00176	0.00268	0.01035	0.04696	0.00503
10	0.00692	0.00538	0.00636	0.00704	0.00820	0.00481	0.00518	0.00829	0.01181	0.01483	0.04231	0.36044	0.37761	0.01554	0.00690	0.00211	0.00326	0.10321	0.00514	0.00466
11	0.00866	0.00542	0.00803	0.00803	0.00854	0.00593	0.00583	0.00864	0.00813	0.01135	0.01272	0.02037	0.01234	0.07080	0.41604	0.36709	0.01002	0.00556	0.00274	0.00377
12	0.00812	0.00596	0.00765	0.00717	0.00856	0.00563	0.00539	0.01135	0.05098	0.02225	0.73258	0.04039	0.05058	0.01114	0.00649	0.00175	0.00270	0.00984	0.00607	0.00539
13	0.01370	0.01388	0.01631	0.06837	0.09097	0.16972	0.09474	0.07481	0.05779	0.01714	0.01558	0.13890	0.01518	0.00891	0.00757	0.00193	0.10606	0.07807	0.00371	0.00666
14	0.84448	0.01071	0.00814	0.00728	0.01071	0.01242	0.00600	0.01628	0.00943	0.02485	0.00771	0.00900	0.00600	0.00514	0.00343	0.00171	0.00428	0.00300	0.00343	0.00600

[dist]
# distance from previous block
# <min> <max>
2	3

[block]
# block no. 9 follows, 43 sequences, length 18
# corresponding to MSA columns:
# 605-622
name=unknown_J
#
# <colnr> <probs for GDERKNQSTAVLIFYWHMCP>
