[name]
unknown

[dist]
# distance from previous block
# <min> <max>
5	526

[block]
# block no. 0 follows, 48 sequences, length 38
# corresponding to MSA columns:
# 833-870
name=unknown_A
#
# <colnr> <probs for GDERKNQSTAVLIFYWHMCP>
#	G	D	E	R	K	N	Q	S	T	A	V	L	I	F	Y	W	H	M	C	P
0	0.06635	0.04045	0.07415	0.08317	0.10755	0.03671	0.05129	0.18307	0.05987	0.11440	0.07018	0.01485	0.01175	0.00576	0.00495	0.00153	0.00551	0.00479	0.00398	0.05967
1	0.05509	0.03962	0.02622	0.03899	0.08859	0.03753	0.06438	0.20475	0.15815	0.05601	0.04720	0.03587	0.01199	0.00684	0.00626	0.03839	0.04275	0.00516	0.00405	0.03213
2	0.07749	0.04117	0.08179	0.08855	0.03622	0.01007	0.02444	0.09881	0.06816	0.03074	0.04906	0.02566	0.03106	0.02133	0.00495	0.00139	0.00480	0.00451	0.01373	0.28607
3	0.16752	0.05570	0.02597	0.14798	0.07279	0.03361	0.02976	0.17563	0.03745	0.05927	0.06505	0.02789	0.01134	0.01835	0.02159	0.00176	0.01675	0.00474	0.00369	0.02315
4	0.05006	0.02456	0.04250	0.06665	0.15362	0.06711	0.03043	0.26801	0.06058	0.03452	0.01192	0.01416	0.01841	0.01859	0.01825	0.00173	0.05074	0.01922	0.00372	0.04522
5	0.04666	0.02420	0.01418	0.30569	0.04677	0.01129	0.04130	0.13401	0.09916	0.08311	0.03426	0.03135	0.03330	0.00605	0.00505	0.00160	0.00548	0.00515	0.02027	0.05113
6	0.05439	0.03989	0.07275	0.03826	0.03003	0.06410	0.03374	0.19390	0.05524	0.05717	0.01374	0.07903	0.03488	0.00634	0.00496	0.00143	0.01597	0.00511	0.00383	0.19522
7	0.36209	0.01215	0.02391	0.01153	0.09858	0.08823	0.02296	0.09250	0.05580	0.05166	0.01161	0.01256	0.04296	0.00553	0.00455	0.00153	0.02641	0.00400	0.00351	0.06793
8	0.05112	0.09634	0.15679	0.06344	0.02710	0.07014	0.04325	0.10228	0.03944	0.05064	0.02827	0.03117	0.02377	0.02840	0.00600	0.00175	0.02788	0.11922	0.00349	0.02950
9	0.07073	0.01138	0.01426	0.01177	0.04866	0.04705	0.10152	0.16086	0.08365	0.12729	0.01386	0.01588	0.02366	0.04278	0.00584	0.00160	0.00527	0.02406	0.00409	0.18578
10	0.12284	0.01159	0.05629	0.11022	0.10773	0.01154	0.02316	0.19279	0.05597	0.06702	0.01300	0.07463	0.02077	0.00635	0.00523	0.00158	0.02891	0.00515	0.00379	0.08142
11	0.22481	0.01055	0.01226	0.05899	0.08681	0.05543	0.05391	0.10161	0.05879	0.05133	0.01385	0.16001	0.01283	0.00785	0.02124	0.00177	0.00515	0.00602	0.00375	0.05306
12	0.02497	0.01114	0.07620	0.09624	0.08297	0.01033	0.11281	0.10936	0.01257	0.06387	0.09351	0.01865	0.01388	0.13064	0.00916	0.00212	0.05638	0.00555	0.00349	0.06614
13	0.07069	0.01223	0.06110	0.04444	0.13642	0.01146	0.23332	0.10039	0.04565	0.03050	0.05382	0.04089	0.01143	0.02729	0.00604	0.00168	0.02316	0.00543	0.00333	0.08074
14	0.01235	0.01068	0.01497	0.42896	0.06083	0.01251	0.01208	0.17168	0.10028	0.01837	0.01101	0.01367	0.00833	0.00566	0.00571	0.00165	0.05020	0.00463	0.00326	0.05320
15	0.01531	0.02137	0.19497	0.13487	0.02016	0.41843	0.01250	0.05948	0.01339	0.01477	0.00870	0.01053	0.00678	0.00515	0.00475	0.00144	0.00806	0.00367	0.00263	0.04305
16	0.04593	0.00606	0.00846	0.00794	0.00945	0.00633	0.04745	0.00930	0.00969	0.01349	0.04540	0.02862	0.24760	0.02659	0.45766	0.00543	0.00934	0.00712	0.00345	0.00469
17	0.01459	0.01176	0.01921	0.02717	0.63380	0.01165	0.01422	0.05161	0.01271	0.13611	0.01140	0.01341	0.00886	0.00492	0.00509	0.00153	0.00581	0.00466	0.00324	0.00825
18	0.03225	0.05234	0.01261	0.01032	0.01322	0.33889	0.00807	0.08628	0.04779	0.15322	0.06043	0.01909	0.12987	0.00704	0.00500	0.00148	0.00617	0.00530	0.00411	0.00650
19	0.00853	0.00622	0.00794	0.00851	0.00975	0.00619	0.00684	0.08561	0.01245	0.01629	0.04115	0.29600	0.09730	0.01381	0.00661	0.00212	0.00402	0.36093	0.00480	0.00491
20	0.01254	0.01405	0.13572	0.01365	0.01778	0.01257	0.18610	0.08889	0.38044	0.02009	0.01623	0.05241	0.01264	0.00637	0.00541	0.00172	0.00576	0.00585	0.00412	0.00763
21	0.13963	0.00994	0.01640	0.48135	0.04813	0.01133	0.14585	0.01375	0.01047	0.01535	0.01141	0.01482	0.04961	0.00535	0.00504	0.00169	0.00647	0.00490	0.00262	0.00588
22	0.01153	0.05181	0.32013	0.01306	0.01789	0.01154	0.11418	0.07098	0.14762	0.04044	0.01481	0.13628	0.01284	0.00700	0.00531	0.00170	0.00607	0.00616	0.00350	0.00714
23	0.00982	0.00925	0.01563	0.77373	0.06793	0.01143	0.01431	0.01322	0.01032	0.01327	0.00914	0.01364	0.00690	0.00511	0.00513	0.00170	0.00681	0.00456	0.00229	0.00581
24	0.00978	0.01179	0.13452	0.68591	0.03333	0.01148	0.01497	0.01359	0.01035	0.01359	0.00913	0.01324	0.00679	0.00509	0.00509	0.00170	0.00695	0.00444	0.00226	0.00599
25	0.00643	0.00507	0.00582	0.00609	0.00737	0.00447	0.00449	0.00788	0.01175	0.01491	0.17000	0.22568	0.44520	0.01335	0.00623	0.00183	0.00277	0.05134	0.00491	0.00440
26	0.00953	0.01672	0.39737	0.01156	0.01610	0.00961	0.02852	0.01532	0.12883	0.01716	0.13344	0.15882	0.01921	0.00803	0.00543	0.00172	0.00546	0.00690	0.00364	0.00663
27	0.02144	0.00926	0.01327	0.01256	0.13175	0.00825	0.00880	0.02359	0.01423	0.67258	0.01862	0.01673	0.01200	0.00608	0.00515	0.00158	0.00463	0.00507	0.00577	0.00864
28	0.01819	0.02240	0.01409	0.01279	0.01548	0.67862	0.00964	0.02153	0.13155	0.01392	0.00992	0.01077	0.00800	0.00554	0.00472	0.00139	0.00846	0.00369	0.00304	0.00628
29	0.02302	0.00873	0.01191	0.00913	0.01310	0.00754	0.00754	0.02501	0.01469	0.79122	0.02024	0.01746	0.01270	0.00635	0.00516	0.00159	0.00437	0.00516	0.00635	0.00873
30	0.00969	0.00912	0.01539	0.80734	0.03534	0.01140	0.01425	0.01311	0.01026	0.01311	0.00912	0.01368	0.00684	0.00513	0.00513	0.00171	0.00684	0.00456	0.00228	0.00570
31	0.01170	0.02468	0.67396	0.01419	0.02124	0.01253	0.01755	0.13180	0.01287	0.01871	0.00968	0.01106	0.00684	0.00507	0.00491	0.00161	0.00729	0.00392	0.00262	0.00776
32	0.00969	0.00912	0.01539	0.80734	0.03534	0.01140	0.01425	0.01311	0.01026	0.01311	0.00912	0.01368	0.00684	0.00513	0.00513	0.00171	0.00684	0.00456	0.00228	0.00570
33	0.01604	0.01209	0.01257	0.01067	0.01396	0.05602	0.00846	0.17583	0.46773	0.14107	0.01835	0.01697	0.01332	0.00661	0.00516	0.00165	0.00471	0.00533	0.00523	0.00822
34	0.00984	0.00912	0.01466	0.68483	0.03179	0.01070	0.01300	0.01308	0.01032	0.01366	0.00912	0.01321	0.00696	0.00493	0.00493	0.00156	0.00637	0.00433	0.00240	0.13519
35	0.00708	0.00524	0.00660	0.00626	0.00755	0.00476	0.00470	0.00933	0.01409	0.01955	0.67268	0.04002	0.16134	0.01087	0.00605	0.00163	0.00245	0.00952	0.00551	0.00476
36	0.01046	0.01019	0.01422	0.01250	0.01255	0.01395	0.01024	0.01155	0.00816	0.01246	0.01004	0.13456	0.01090	0.01007	0.01526	0.00222	0.68662	0.00604	0.00263	0.00539
37	0.01333	0.01090	0.01162	0.01037	0.01333	0.01248	0.00809	0.02714	0.73646	0.06373	0.02085	0.01905	0.01550	0.00693	0.00522	0.00173	0.00408	0.00577	0.00528	0.00816

[dist]
# distance from previous block
# <min> <max>
0	1

[block]
# block no. 1 follows, 48 sequences, length 44
# corresponding to MSA columns:
# 872-915
name=unknown_B
#
# <colnr> <probs for GDERKNQSTAVLIFYWHMCP>
#	G	D	E	R	K	N	Q	S	T	A	V	L	I	F	Y	W	H	M	C	P
0	0.00618	0.00513	0.00528	0.00537	0.00687	0.00437	0.00390	0.00735	0.01124	0.01352	0.04756	0.10566	0.67263	0.07281	0.00758	0.00200	0.00280	0.01086	0.00464	0.00423
1	0.06699	0.01412	0.01495	0.01152	0.01557	0.01566	0.00951	0.72766	0.02325	0.03181	0.01203	0.01209	0.00855	0.00608	0.00502	0.00154	0.00555	0.00452	0.00502	0.00855
2	0.08409	0.01027	0.01195	0.00939	0.01321	0.06753	0.00768	0.05984	0.01469	0.63959	0.01797	0.01593	0.01153	0.00614	0.00497	0.00157	0.00476	0.00482	0.00578	0.00829
3	0.02211	0.00876	0.01181	0.00902	0.01303	0.00749	0.00743	0.02411	0.01439	0.73401	0.01942	0.01696	0.01232	0.00616	0.00506	0.00153	0.00432	0.00500	0.00611	0.07095
4	0.00768	0.00534	0.00625	0.00603	0.00647	0.00527	0.00369	0.00805	0.00778	0.01066	0.01538	0.03043	0.01721	0.67507	0.10795	0.00502	0.00583	0.00692	0.00307	0.06590
5	0.01217	0.30201	0.41049	0.01197	0.01785	0.07342	0.01379	0.01601	0.01095	0.01455	0.00838	0.00980	0.00662	0.00466	0.00423	0.00135	0.00670	0.00334	0.00228	0.06942
6	0.04175	0.01082	0.01154	0.01056	0.04003	0.07897	0.00791	0.06832	0.29554	0.22559	0.01933	0.13545	0.01579	0.00781	0.00528	0.00169	0.00460	0.00651	0.00507	0.00746
7	0.00655	0.00610	0.06410	0.00770	0.00853	0.00474	0.00581	0.00782	0.00990	0.01333	0.02687	0.75682	0.03191	0.01525	0.00643	0.00205	0.00332	0.01379	0.00457	0.00442
8	0.01041	0.00951	0.01539	0.74858	0.03390	0.01173	0.01392	0.06906	0.01128	0.01453	0.00936	0.01358	0.00698	0.00521	0.00513	0.00170	0.00675	0.00456	0.00249	0.00592
9	0.01119	0.01088	0.01865	0.37763	0.24988	0.01217	0.11261	0.01533	0.06833	0.01519	0.01019	0.01370	0.00799	0.00520	0.00586	0.00169	0.04929	0.00485	0.00262	0.00674
10	0.01908	0.01069	0.01644	0.01229	0.01642	0.01012	0.18726	0.15136	0.01549	0.43326	0.01635	0.01581	0.01088	0.00582	0.00528	0.00159	0.00549	0.00526	0.05305	0.00808
11	0.00693	0.00523	0.00640	0.00611	0.00746	0.00470	0.00458	0.00904	0.01374	0.01872	0.58261	0.04138	0.25192	0.01118	0.00606	0.00165	0.00247	0.00971	0.00540	0.00470
12	0.01064	0.00912	0.01064	0.00760	0.01216	0.00684	0.00608	0.01292	0.01064	0.01672	0.00912	0.01064	0.00760	0.00380	0.00380	0.00076	0.00380	0.00304	0.00304	0.85104
13	0.01816	0.01006	0.01157	0.00918	0.01252	0.01030	0.00748	0.31076	0.04160	0.29086	0.01637	0.01592	0.01136	0.00621	0.00478	0.00148	0.00439	0.00488	0.20434	0.00778
14	0.00801	0.00656	0.00852	0.00845	0.00943	0.05137	0.00651	0.00975	0.00858	0.01189	0.01349	0.01996	0.01266	0.06086	0.73020	0.00775	0.01322	0.00543	0.00275	0.00461
15	0.01914	0.01306	0.01427	0.01105	0.01494	0.01420	0.00909	0.61692	0.04615	0.11983	0.01377	0.01352	0.00966	0.00620	0.00505	0.00153	0.00526	0.00473	0.05314	0.00848
16	0.01131	0.10481	0.01479	0.01105	0.01272	0.05300	0.03295	0.05767	0.00997	0.01397	0.00956	0.01346	0.00870	0.01556	0.22622	0.00352	0.31000	0.00446	0.01729	0.06900
17	0.24144	0.01805	0.07162	0.01161	0.01508	0.36473	0.05228	0.05070	0.04275	0.07303	0.00953	0.01049	0.00727	0.00524	0.00442	0.00148	0.00698	0.00364	0.00322	0.00642
18	0.01211	0.01384	0.03028	0.02163	0.02682	0.01298	0.76903	0.01644	0.01211	0.01644	0.01038	0.01384	0.00779	0.00433	0.00606	0.00173	0.00865	0.00606	0.00260	0.00692
19	0.01240	0.01189	0.02029	0.10802	0.71346	0.01211	0.01560	0.01549	0.01154	0.01640	0.00960	0.01280	0.00800	0.00463	0.00508	0.00154	0.00617	0.00457	0.00251	0.00789
20	0.00625	0.00447	0.00595	0.00714	0.00744	0.00417	0.00476	0.00714	0.00982	0.01310	0.02828	0.81633	0.03394	0.01608	0.00655	0.00208	0.00298	0.01459	0.00476	0.00417
21	0.01951	0.01437	0.01540	0.01181	0.01591	0.01591	0.00975	0.77056	0.02412	0.03234	0.01232	0.01232	0.00873	0.00616	0.00513	0.00154	0.00565	0.00462	0.00513	0.00873
22	0.01270	0.01219	0.02083	0.03149	0.78767	0.01219	0.01575	0.01575	0.01168	0.01676	0.00965	0.01270	0.00813	0.00457	0.00508	0.00152	0.00610	0.00457	0.00254	0.00813
23	0.00625	0.00447	0.00595	0.00714	0.00744	0.00417	0.00476	0.00714	0.00982	0.01310	0.02828	0.81633	0.03394	0.01608	0.00655	0.00208	0.00298	0.01459	0.00476	0.00417
24	0.02066	0.01146	0.01347	0.01044	0.01439	0.01173	0.00859	0.36335	0.07618	0.38933	0.01670	0.01526	0.01112	0.00631	0.00515	0.00158	0.00492	0.00496	0.00571	0.00868
25	0.00648	0.00521	0.00578	0.00564	0.00719	0.00451	0.00423	0.00818	0.01269	0.01622	0.30914	0.04550	0.52696	0.01212	0.00606	0.00169	0.00254	0.01029	0.00507	0.00451
26	0.00625	0.00447	0.00595	0.00714	0.00744	0.00417	0.00476	0.00714	0.00982	0.01310	0.02828	0.81633	0.03394	0.01608	0.00655	0.00208	0.00298	0.01459	0.00476	0.00417
27	0.00969	0.00912	0.01539	0.80734	0.03534	0.01140	0.01425	0.01311	0.01026	0.01311	0.00912	0.01368	0.00684	0.00513	0.00513	0.00171	0.00684	0.00456	0.00228	0.00570
28	0.00631	0.00521	0.00553	0.00545	0.00708	0.00443	0.00409	0.00783	0.01226	0.01521	0.19956	0.04716	0.63716	0.01249	0.00606	0.00171	0.00256	0.01052	0.00494	0.00443
29	0.02302	0.00873	0.01191	0.00913	0.01310	0.00754	0.00754	0.02501	0.01469	0.79122	0.02024	0.01746	0.01270	0.00635	0.00516	0.00159	0.00437	0.00516	0.00635	0.00873
30	0.01165	0.00626	0.00666	0.00600	0.00782	0.00626	0.00467	0.09893	0.01270	0.09009	0.01919	0.02047	0.07047	0.00656	0.00409	0.00131	0.00296	0.00525	0.61309	0.00555
31	0.01995	0.01627	0.01432	0.01166	0.01526	0.25746	0.00931	0.36667	0.03782	0.18116	0.01279	0.01259	0.00905	0.00595	0.00498	0.00149	0.00647	0.00435	0.00461	0.00785
32	0.00733	0.00550	0.00825	0.00825	0.00916	0.00641	0.00641	0.00916	0.00825	0.01191	0.01374	0.02016	0.01283	0.03848	0.79934	0.00825	0.01374	0.00550	0.00275	0.00458
33	0.00606	0.00520	0.00520	0.00520	0.00693	0.00433	0.00390	0.00736	0.01170	0.01386	0.05198	0.04938	0.78558	0.01299	0.00606	0.00173	0.00260	0.01083	0.00476	0.00433
34	0.00970	0.00638	0.00835	0.05345	0.01083	0.00638	0.00648	0.06786	0.04141	0.09424	0.09295	0.44449	0.02848	0.01267	0.00619	0.00195	0.00372	0.09423	0.00490	0.00533
35	0.01860	0.01098	0.01271	0.01028	0.01391	0.01151	0.00832	0.21996	0.27838	0.33026	0.01840	0.01670	0.01268	0.00651	0.00517	0.00163	0.00460	0.00524	0.00565	0.00852
36	0.00625	0.00447	0.00595	0.00714	0.00744	0.00417	0.00476	0.00714	0.00982	0.01310	0.02828	0.81633	0.03394	0.01608	0.00655	0.00208	0.00298	0.01459	0.00476	0.00417
37	0.08004	0.01274	0.07171	0.01060	0.01484	0.01199	0.00927	0.36541	0.01830	0.33034	0.01485	0.01396	0.00990	0.00604	0.00498	0.00157	0.00517	0.00464	0.00525	0.00842
38	0.01223	0.01192	0.07488	0.39195	0.10827	0.03149	0.08856	0.10014	0.01254	0.05092	0.01060	0.01362	0.00790	0.00520	0.00509	0.00162	0.00654	0.00467	0.05523	0.00665
39	0.00729	0.00503	0.00644	0.00706	0.00798	0.00461	0.00512	0.00864	0.01112	0.04865	0.11763	0.47511	0.16657	0.01426	0.00640	0.00198	0.00310	0.09354	0.00493	0.00453
40	0.01759	0.00965	0.01068	0.00905	0.01194	0.09734	0.00710	0.03400	0.04704	0.44471	0.07038	0.15447	0.04631	0.00841	0.00543	0.00165	0.00451	0.00704	0.00548	0.00720
41	0.25480	0.28520	0.15626	0.01041	0.01478	0.12291	0.04030	0.01649	0.03003	0.01643	0.00809	0.00937	0.00656	0.00477	0.00388	0.00140	0.00604	0.00323	0.00262	0.00643
42	0.02561	0.14872	0.12763	0.01119	0.05433	0.02166	0.06076	0.01348	0.05535	0.03726	0.03254	0.23902	0.04160	0.00983	0.03243	0.00188	0.00528	0.03454	0.00357	0.04330
43	0.03440	0.64402	0.02423	0.01041	0.05732	0.07732	0.00913	0.03497	0.01120	0.02952	0.00778	0.00891	0.00685	0.00455	0.00359	0.00116	0.00571	0.00299	0.00245	0.02346

[dist]
# distance from previous block
# <min> <max>
0	18

[block]
# block no. 2 follows, 48 sequences, length 23
# corresponding to MSA columns:
# 934-956
name=unknown_C
#
# <colnr> <probs for GDERKNQSTAVLIFYWHMCP>
#	G	D	E	R	K	N	Q	S	T	A	V	L	I	F	Y	W	H	M	C	P
0	0.03542	0.00827	0.00997	0.00864	0.01123	0.02001	0.00696	0.04646	0.01155	0.09876	0.01718	0.13342	0.02960	0.00853	0.00617	0.00156	0.07586	0.14040	0.04220	0.28783
1	0.03417	0.14136	0.06844	0.01176	0.01583	0.09508	0.04424	0.35930	0.06857	0.05823	0.01139	0.01189	0.00849	0.00569	0.00508	0.00148	0.02780	0.00424	0.00402	0.02294
2	0.00729	0.00494	0.00589	0.00622	0.00669	0.00467	0.00397	0.00790	0.00924	0.03409	0.04595	0.31486	0.12185	0.38543	0.01545	0.00334	0.00387	0.01042	0.00407	0.00385
3	0.12055	0.02437	0.04217	0.03516	0.01438	0.01050	0.00845	0.18660	0.03909	0.42607	0.01574	0.01463	0.01044	0.00596	0.00485	0.00156	0.00480	0.00462	0.00524	0.02481
4	0.08654	0.16107	0.33658	0.01175	0.01674	0.01247	0.06352	0.03145	0.06970	0.02976	0.01206	0.09073	0.01034	0.00610	0.00467	0.00157	0.00593	0.00496	0.03724	0.00681
5	0.09301	0.00544	0.00540	0.00523	0.00659	0.00555	0.00389	0.01221	0.01049	0.04247	0.03575	0.01980	0.01379	0.07849	0.00567	0.00159	0.00284	0.00495	0.64200	0.00483
6	0.00722	0.00521	0.00675	0.00641	0.00756	0.00482	0.00475	0.00947	0.01404	0.01979	0.71687	0.06070	0.06133	0.04424	0.00690	0.00177	0.00255	0.00939	0.00550	0.00474
7	0.01251	0.50919	0.25145	0.01136	0.01651	0.01725	0.04921	0.01553	0.01050	0.01353	0.00788	0.00942	0.00663	0.00476	0.00456	0.00134	0.04603	0.00330	0.00221	0.00685
8	0.01121	0.01191	0.08578	0.08924	0.05427	0.07124	0.22155	0.02426	0.01178	0.06070	0.03482	0.21697	0.01677	0.00842	0.00583	0.00179	0.00619	0.05764	0.00354	0.00609
9	0.00837	0.00497	0.00577	0.00564	0.00680	0.00478	0.00420	0.01071	0.01239	0.01948	0.35964	0.06708	0.02989	0.00849	0.00483	0.00143	0.00243	0.00727	0.43104	0.00478
10	0.01364	0.01146	0.01210	0.01062	0.01368	0.01317	0.00833	0.12398	0.68025	0.02288	0.01977	0.01826	0.01476	0.00686	0.00521	0.00171	0.00427	0.00565	0.00521	0.00820
11	0.01136	0.01183	0.08208	0.37913	0.12368	0.03774	0.08755	0.03619	0.01123	0.03397	0.01018	0.01358	0.00781	0.00532	0.00570	0.00164	0.05210	0.00463	0.07789	0.00637
12	0.01318	0.01028	0.01106	0.00985	0.01275	0.01150	0.00769	0.02527	0.63493	0.09653	0.02359	0.02167	0.08397	0.00744	0.00529	0.00172	0.00396	0.00619	0.00529	0.00784
13	0.00615	0.00487	0.00553	0.00606	0.00716	0.00426	0.00428	0.00727	0.01086	0.01352	0.04146	0.38981	0.45194	0.01436	0.00628	0.00189	0.00277	0.01250	0.00476	0.00426
14	0.01120	0.01219	0.02527	0.05097	0.02360	0.01192	0.57610	0.01484	0.01150	0.01564	0.01260	0.09461	0.01123	0.00628	0.00686	0.00183	0.06358	0.04051	0.00287	0.00641
15	0.01413	0.04266	0.01196	0.04440	0.03549	0.02604	0.00815	0.02206	0.37886	0.19253	0.02027	0.11239	0.01665	0.00795	0.00535	0.00173	0.00437	0.04257	0.00502	0.00743
16	0.01063	0.10489	0.71769	0.01405	0.02132	0.01274	0.01796	0.01616	0.01079	0.01584	0.00900	0.01058	0.00651	0.00483	0.00472	0.00157	0.00738	0.00369	0.00217	0.00748
17	0.73897	0.00975	0.00799	0.00713	0.01015	0.01127	0.00584	0.05189	0.00945	0.02249	0.00799	0.00959	0.00636	0.00784	0.07421	0.00218	0.00492	0.00311	0.00323	0.00563
18	0.08633	0.01054	0.01705	0.23747	0.40232	0.01118	0.04733	0.01418	0.01105	0.01603	0.01348	0.01624	0.08404	0.00556	0.00506	0.00161	0.00588	0.00509	0.00275	0.00681
19	0.01113	0.00784	0.01016	0.15806	0.01488	0.00828	0.00773	0.13227	0.05471	0.09592	0.10960	0.26223	0.08598	0.01009	0.00575	0.00178	0.00423	0.00879	0.00464	0.00594
20	0.01217	0.01070	0.01640	0.41744	0.22878	0.01213	0.01337	0.15556	0.01322	0.01768	0.01073	0.04946	0.00876	0.00567	0.00518	0.00165	0.00625	0.00503	0.00300	0.00684
21	0.01205	0.01140	0.01916	0.24687	0.55672	0.01208	0.01516	0.03610	0.01163	0.01618	0.00958	0.01296	0.00779	0.00477	0.00510	0.00158	0.00629	0.00457	0.00254	0.00747
22	0.01069	0.00966	0.01569	0.35807	0.28814	0.01079	0.01282	0.04387	0.01086	0.01475	0.01052	0.01570	0.00900	0.08084	0.08514	0.00257	0.00705	0.00492	0.00261	0.00632

[dist]
# distance from previous block
# <min> <max>
0	73

# created by:
# /home/cegg/simao/soft/augustus-3.2.1/scripts/msa2prfl.pl ./align_prep/EOG091G167Y.fa
