[name]
unknown

[dist]
# distance from previous block
# <min> <max>
2	32

[block]
# block no. 0 follows, 47 sequences, length 120
# corresponding to MSA columns:
# 119-128,130-153,171-219,230-266
name=unknown_A
#
# <colnr> <probs for GDERKNQSTAVLIFYWHMCP>
#	G	D	E	R	K	N	Q	S	T	A	V	L	I	F	Y	W	H	M	C	P
0	0.18944	0.01409	0.10661	0.02829	0.17811	0.07931	0.01081	0.10599	0.05411	0.09573	0.02504	0.01336	0.02529	0.00553	0.00469	0.00155	0.00562	0.00433	0.00363	0.04847
1	0.09656	0.01119	0.01514	0.01699	0.26107	0.03790	0.03974	0.10792	0.01364	0.17344	0.02725	0.04415	0.01156	0.02277	0.00550	0.00163	0.00535	0.03208	0.00401	0.07210
2	0.08269	0.03256	0.01612	0.01785	0.28192	0.03547	0.03371	0.15413	0.08446	0.08520	0.02715	0.04157	0.01079	0.00580	0.00497	0.00153	0.00540	0.00496	0.00386	0.06986
3	0.05808	0.07220	0.01937	0.01940	0.27877	0.06190	0.12154	0.16564	0.04185	0.04365	0.04730	0.01379	0.01032	0.00538	0.00509	0.00154	0.00618	0.00483	0.00349	0.01966
4	0.08686	0.04420	0.04945	0.03229	0.31705	0.03894	0.02971	0.10098	0.07997	0.03247	0.03415	0.02988	0.01033	0.00546	0.00487	0.00150	0.00556	0.00469	0.00339	0.08825
5	0.26578	0.02562	0.04613	0.01475	0.20331	0.03474	0.02040	0.07457	0.06480	0.09222	0.01209	0.03352	0.02159	0.00557	0.00452	0.00155	0.00508	0.00442	0.00363	0.06570
6	0.02387	0.00821	0.01211	0.01572	0.26862	0.00786	0.00908	0.01202	0.02956	0.01609	0.07700	0.26215	0.04386	0.01037	0.02626	0.00187	0.00457	0.05466	0.00386	0.11227
7	0.01660	0.01324	0.01367	0.04038	0.01546	0.06988	0.00922	0.36949	0.27143	0.05471	0.01581	0.03189	0.01204	0.00698	0.00553	0.01603	0.00536	0.01929	0.00493	0.00806
8	0.01628	0.01422	0.01930	0.01517	0.04666	0.16299	0.26859	0.05209	0.02800	0.18740	0.01235	0.01349	0.00895	0.00510	0.00524	0.00149	0.00692	0.00484	0.00371	0.12720
9	0.02337	0.04581	0.68806	0.05816	0.02253	0.01231	0.01811	0.01667	0.03774	0.01650	0.00967	0.01134	0.00693	0.00502	0.00491	0.00164	0.00742	0.00392	0.00233	0.00755
10	0.01213	0.08866	0.37635	0.01755	0.06560	0.03869	0.27385	0.01682	0.01167	0.03562	0.00984	0.01204	0.00731	0.00475	0.00523	0.00162	0.00778	0.00461	0.00250	0.00739
11	0.00656	0.00529	0.00583	0.00570	0.00728	0.00457	0.00427	0.00825	0.01282	0.01632	0.29392	0.04641	0.53981	0.01235	0.00615	0.00172	0.00258	0.01047	0.00513	0.00457
12	0.00767	0.00530	0.00663	0.00661	0.00769	0.00497	0.00474	0.00917	0.01161	0.04999	0.27093	0.19306	0.18429	0.12624	0.08473	0.00287	0.00415	0.01000	0.00477	0.00458
13	0.04749	0.01408	0.08599	0.01205	0.01620	0.11955	0.09116	0.10897	0.06522	0.33992	0.01554	0.01587	0.01087	0.00612	0.00522	0.00162	0.00602	0.02546	0.00475	0.00790
14	0.45887	0.01326	0.10360	0.08249	0.03556	0.04875	0.08180	0.04390	0.02937	0.04618	0.00907	0.01066	0.00681	0.00502	0.00419	0.00163	0.00556	0.00372	0.00315	0.00640
15	0.00757	0.00505	0.00568	0.00568	0.00568	0.00505	0.00316	0.00757	0.00757	0.01010	0.01641	0.03408	0.01893	0.81698	0.02651	0.00505	0.00505	0.00757	0.00316	0.00316
16	0.01520	0.01842	0.02424	0.01848	0.02270	0.33127	0.45861	0.01835	0.01329	0.01508	0.00953	0.01216	0.00742	0.00479	0.00556	0.00159	0.00903	0.00501	0.00265	0.00662
17	0.01301	0.03673	0.05635	0.18154	0.07269	0.03542	0.27638	0.03012	0.07770	0.09031	0.03319	0.01573	0.01029	0.00557	0.00583	0.00171	0.02780	0.01933	0.00329	0.00701
18	0.00661	0.00470	0.00625	0.00739	0.00776	0.00445	0.00509	0.00761	0.01003	0.01334	0.02791	0.69692	0.03315	0.06048	0.00780	0.00230	0.00331	0.08592	0.00474	0.00423
19	0.00983	0.00926	0.01562	0.80447	0.03587	0.01157	0.01446	0.01331	0.01041	0.01331	0.00926	0.01388	0.00694	0.00521	0.00521	0.00174	0.00694	0.00463	0.00231	0.00579
20	0.03256	0.01670	0.03479	0.04465	0.04435	0.29557	0.24233	0.04862	0.03937	0.06102	0.01207	0.08148	0.01027	0.00612	0.00539	0.00161	0.00769	0.00554	0.00325	0.00663
21	0.01093	0.07669	0.63470	0.01545	0.02259	0.01280	0.12250	0.01646	0.01115	0.01624	0.00937	0.01125	0.00678	0.00484	0.00501	0.00163	0.00771	0.00410	0.00226	0.00754
22	0.01226	0.01396	0.03025	0.02168	0.02677	0.01326	0.74096	0.01655	0.01215	0.01655	0.01041	0.01396	0.00787	0.00454	0.00650	0.00177	0.03486	0.00609	0.00262	0.00698
23	0.01018	0.00939	0.01547	0.72628	0.05657	0.01152	0.01403	0.04086	0.01096	0.01413	0.01003	0.03991	0.00795	0.00559	0.00525	0.00174	0.00675	0.00496	0.00251	0.00592
24	0.13920	0.01356	0.01386	0.01208	0.03717	0.19161	0.09118	0.09384	0.06215	0.06904	0.07631	0.03406	0.03269	0.02934	0.00634	0.00175	0.04870	0.03683	0.00386	0.00645
25	0.00687	0.00508	0.00647	0.00738	0.00813	0.00480	0.00534	0.00845	0.03015	0.01410	0.04725	0.52069	0.14638	0.03176	0.00703	0.00215	0.00332	0.13539	0.00482	0.00444
26	0.10066	0.00819	0.00989	0.00820	0.01122	0.00780	0.00658	0.03962	0.07737	0.37979	0.18622	0.02478	0.10160	0.00795	0.00533	0.00164	0.00379	0.00654	0.00567	0.00716
27	0.01766	0.01755	0.01406	0.01212	0.01524	0.33433	0.00951	0.28621	0.13852	0.02148	0.01323	0.03179	0.01080	0.00668	0.00515	0.00156	0.00687	0.04580	0.00416	0.00728
28	0.01365	0.01363	0.02012	0.05759	0.65672	0.09518	0.01515	0.03539	0.01243	0.01683	0.00966	0.01255	0.00805	0.00478	0.00511	0.00153	0.00654	0.00451	0.00265	0.00794
29	0.00971	0.00563	0.00705	0.00702	0.00851	0.00500	0.00513	0.01110	0.01182	0.16262	0.09593	0.38389	0.22337	0.01294	0.00615	0.00187	0.00313	0.01134	0.02257	0.00523
30	0.06227	0.04249	0.01369	0.01047	0.01411	0.09593	0.00849	0.30661	0.05212	0.27129	0.01477	0.01501	0.01056	0.05103	0.00618	0.00174	0.00550	0.00477	0.00502	0.00797
31	0.01084	0.02441	0.66055	0.01455	0.02153	0.01225	0.04494	0.01796	0.11104	0.01719	0.01094	0.01221	0.00786	0.00520	0.00504	0.00167	0.00727	0.00420	0.00262	0.00774
32	0.00685	0.00490	0.00639	0.00733	0.00785	0.00464	0.00518	0.00800	0.01038	0.01377	0.07028	0.53238	0.06506	0.10312	0.00886	0.00244	0.00348	0.13015	0.00469	0.00425
33	0.01059	0.04676	0.74684	0.01491	0.02245	0.01234	0.04229	0.01648	0.01102	0.01639	0.00933	0.01102	0.00664	0.00492	0.00494	0.00164	0.00768	0.00389	0.00221	0.00765
34	0.00949	0.00653	0.00942	0.00954	0.01099	0.00637	0.04916	0.03859	0.01202	0.06986	0.03776	0.24717	0.02785	0.04288	0.00747	0.00229	0.00453	0.39816	0.00477	0.00515
35	0.01213	0.41231	0.41943	0.01196	0.01808	0.01623	0.01422	0.01606	0.01079	0.01443	0.00832	0.00971	0.00664	0.00471	0.00417	0.00139	0.00666	0.00333	0.00221	0.00720
36	0.00775	0.00674	0.03217	0.03336	0.07736	0.01710	0.00656	0.02952	0.01074	0.01416	0.02731	0.52680	0.11777	0.05815	0.00739	0.00213	0.00379	0.01197	0.00437	0.00485
37	0.04777	0.01937	0.01629	0.03663	0.15614	0.44733	0.03207	0.10970	0.01466	0.01646	0.00891	0.01072	0.00726	0.00549	0.00550	0.00149	0.05057	0.00390	0.00296	0.00677
38	0.02469	0.02617	0.75917	0.01452	0.02200	0.01193	0.01869	0.01632	0.01104	0.01671	0.02662	0.01158	0.00753	0.00507	0.00495	0.00165	0.00752	0.00396	0.00230	0.00760
39	0.01139	0.01139	0.01595	0.01367	0.01367	0.01595	0.01139	0.01253	0.00798	0.01253	0.00684	0.01139	0.00684	0.00911	0.01709	0.00228	0.80745	0.00456	0.00228	0.00570
40	0.06316	0.03824	0.09712	0.07530	0.43661	0.02965	0.01417	0.13846	0.02439	0.01950	0.01005	0.01232	0.00797	0.00503	0.00497	0.00156	0.00621	0.00439	0.00302	0.00788
41	0.00747	0.00586	0.00692	0.00741	0.00865	0.00569	0.00553	0.01056	0.11108	0.01516	0.05361	0.35196	0.25668	0.01374	0.00639	0.00199	0.00329	0.11817	0.00491	0.00490
42	0.00773	0.00540	0.00708	0.00661	0.00790	0.00498	0.00498	0.01018	0.01474	0.03808	0.76469	0.03843	0.04832	0.01055	0.00612	0.00164	0.00250	0.00932	0.00575	0.00500
43	0.00636	0.00522	0.00562	0.00574	0.00728	0.00448	0.00428	0.00778	0.01195	0.01470	0.12142	0.13056	0.60788	0.01331	0.00624	0.00180	0.00273	0.03329	0.00492	0.00444
44	0.01295	0.39777	0.36809	0.01175	0.01763	0.01619	0.01356	0.05789	0.01166	0.03653	0.00884	0.01002	0.00693	0.00483	0.00422	0.00139	0.00650	0.00343	0.00250	0.00732
45	0.01540	0.01082	0.01198	0.01037	0.01359	0.01195	0.00818	0.05433	0.58721	0.18382	0.02074	0.01882	0.01500	0.00690	0.00528	0.00173	0.00425	0.00571	0.00554	0.00840
46	0.00640	0.00457	0.00611	0.00732	0.00764	0.00428	0.00493	0.00735	0.01003	0.01336	0.02867	0.79296	0.03432	0.01626	0.00666	0.00212	0.00307	0.03487	0.00483	0.00425
47	0.01261	0.03926	0.10707	0.12432	0.48525	0.01277	0.06838	0.05735	0.01227	0.01719	0.00980	0.01272	0.00786	0.00481	0.00515	0.00158	0.00659	0.00460	0.00264	0.00778
48	0.03964	0.15048	0.24687	0.01534	0.11841	0.11009	0.06370	0.01883	0.13589	0.03601	0.01112	0.01228	0.00857	0.00522	0.00477	0.00153	0.00665	0.00421	0.00299	0.00741
49	0.00890	0.00564	0.00736	0.00681	0.00830	0.00513	0.00515	0.01117	0.01435	0.09922	0.62594	0.08193	0.07865	0.01066	0.00608	0.00167	0.00270	0.00937	0.00571	0.00526
50	0.01385	0.56519	0.13614	0.05434	0.01627	0.09216	0.01085	0.03413	0.01136	0.01347	0.00786	0.00924	0.00674	0.00470	0.00385	0.00126	0.00632	0.00314	0.00234	0.00677
51	0.27481	0.04808	0.10592	0.00881	0.01331	0.01002	0.01870	0.03238	0.01093	0.09259	0.00972	0.01073	0.00741	0.00463	0.00396	0.00127	0.00462	0.00337	0.00334	0.33540
52	0.09178	0.33367	0.06631	0.01234	0.09139	0.07120	0.01004	0.11206	0.12418	0.02592	0.01051	0.01128	0.00842	0.00523	0.00424	0.00141	0.00568	0.00379	0.00325	0.00728
53	0.00997	0.00952	0.01646	0.76112	0.03539	0.01166	0.05607	0.01349	0.01052	0.01349	0.00933	0.01389	0.00700	0.00516	0.00526	0.00174	0.00704	0.00471	0.00233	0.00585
54	0.01246	0.01189	0.02007	0.14081	0.65454	0.01228	0.01553	0.01596	0.03525	0.01664	0.01007	0.01323	0.00830	0.00480	0.00517	0.00158	0.00623	0.00468	0.00262	0.00790
55	0.00971	0.00485	0.00485	0.00485	0.00607	0.00485	0.00364	0.01213	0.01092	0.01942	0.01699	0.01942	0.01335	0.00607	0.00364	0.00121	0.00243	0.00485	0.84589	0.00485
56	0.00752	0.00525	0.00669	0.00669	0.00704	0.00560	0.00442	0.00822	0.00787	0.01085	0.01548	0.02896	0.01671	0.52482	0.31563	0.00630	0.00839	0.00682	0.00302	0.00372
57	0.01028	0.00996	0.01612	0.74136	0.05040	0.03724	0.03487	0.01370	0.01064	0.01346	0.00926	0.01372	0.00699	0.00518	0.00521	0.00172	0.00706	0.00463	0.00234	0.00588
58	0.00766	0.00560	0.00800	0.00895	0.00989	0.00546	0.02609	0.00950	0.01117	0.01468	0.02760	0.36510	0.03123	0.01492	0.00694	0.00227	0.00417	0.43139	0.00476	0.00462
59	0.00696	0.00541	0.00633	0.00608	0.00757	0.00484	0.00457	0.00916	0.02781	0.01800	0.45697	0.04331	0.36080	0.01166	0.00613	0.00169	0.00257	0.01002	0.00534	0.00476
60	0.77315	0.01052	0.00830	0.00736	0.01048	0.03500	0.00604	0.01568	0.00919	0.04588	0.00766	0.00888	0.00594	0.00505	0.00383	0.00163	0.03342	0.00297	0.00327	0.00575
61	0.80725	0.05494	0.00874	0.00696	0.01025	0.01218	0.00582	0.01532	0.00896	0.02275	0.00725	0.00845	0.00570	0.00481	0.00323	0.00158	0.00411	0.00282	0.00317	0.00570
62	0.00746	0.00563	0.00694	0.00658	0.00797	0.00526	0.00494	0.01039	0.05631	0.01969	0.60796	0.05280	0.16661	0.01096	0.00611	0.00167	0.00259	0.00957	0.00555	0.00500
63	0.00634	0.00453	0.00604	0.00725	0.00755	0.00423	0.00483	0.00725	0.00997	0.01329	0.02870	0.81358	0.03444	0.01632	0.00665	0.00211	0.00302	0.01480	0.00483	0.00423
64	0.00910	0.00588	0.00700	0.00658	0.00805	0.00578	0.00503	0.03093	0.06247	0.03608	0.44490	0.03131	0.03390	0.00896	0.00533	0.00154	0.00275	0.03049	0.25864	0.00528
65	0.01090	0.04180	0.71217	0.01504	0.02244	0.01224	0.06402	0.01667	0.01115	0.03269	0.00961	0.01127	0.00681	0.00494	0.00499	0.00164	0.00765	0.00400	0.00232	0.00766
66	0.01024	0.00986	0.01727	0.68913	0.08099	0.01176	0.07983	0.01376	0.01066	0.01383	0.00940	0.01384	0.00711	0.00510	0.00529	0.00173	0.00706	0.00476	0.00236	0.00604
67	0.01336	0.01117	0.01235	0.01176	0.05843	0.01269	0.00866	0.04864	0.66963	0.04509	0.03573	0.01919	0.01583	0.00695	0.00530	0.00174	0.00427	0.00583	0.00518	0.00821
68	0.00826	0.00552	0.00725	0.00670	0.00809	0.00507	0.00507	0.01070	0.01475	0.06378	0.73919	0.03772	0.04711	0.01041	0.00609	0.00164	0.00257	0.00918	0.00577	0.00513
69	0.08142	0.01345	0.09385	0.02629	0.56126	0.01208	0.05079	0.02659	0.01188	0.04185	0.02567	0.01308	0.00885	0.00487	0.00505	0.00158	0.00614	0.00460	0.00282	0.00788
70	0.01127	0.24907	0.54217	0.01280	0.01932	0.01417	0.01571	0.01591	0.01098	0.01535	0.02688	0.01167	0.02324	0.00510	0.00455	0.00150	0.00688	0.00382	0.00234	0.00728
71	0.00740	0.00546	0.00693	0.00654	0.00785	0.00506	0.00491	0.01005	0.03275	0.02032	0.70072	0.03940	0.11147	0.01078	0.00612	0.00165	0.00251	0.00947	0.00565	0.00495
72	0.00664	0.00487	0.00659	0.00805	0.03078	0.00457	0.00533	0.00771	0.01019	0.01355	0.02881	0.72609	0.05614	0.01577	0.00662	0.00210	0.00320	0.05384	0.00477	0.00438
73	0.01080	0.00926	0.01080	0.00771	0.01234	0.00694	0.00617	0.01311	0.01080	0.01697	0.00926	0.01080	0.00771	0.00386	0.00386	0.00077	0.00386	0.00309	0.00309	0.84882
74	0.01760	0.01103	0.06661	0.01113	0.01502	0.04346	0.10983	0.02080	0.05074	0.43210	0.08554	0.02111	0.06157	0.00698	0.00549	0.00166	0.00517	0.02124	0.00523	0.00769
75	0.00647	0.00463	0.00615	0.00717	0.00758	0.00431	0.00484	0.00755	0.01053	0.01419	0.11725	0.72249	0.03617	0.01565	0.00659	0.00206	0.00295	0.01417	0.00494	0.00431
76	0.01050	0.01457	0.24924	0.01405	0.08512	0.00979	0.13569	0.04170	0.04134	0.04083	0.11777	0.03778	0.16401	0.00753	0.00561	0.00169	0.00570	0.00674	0.00367	0.00668
77	0.03053	0.01550	0.09362	0.01301	0.01648	0.16791	0.11270	0.11643	0.17938	0.03988	0.02788	0.05805	0.01232	0.00765	0.02606	0.00186	0.04407	0.02576	0.00385	0.00705
78	0.01903	0.02408	0.01497	0.01393	0.03702	0.75137	0.01026	0.02042	0.01448	0.01286	0.00806	0.00955	0.00675	0.00546	0.00508	0.00138	0.03313	0.00343	0.00267	0.00609
79	0.01174	0.01153	0.04056	0.13257	0.48889	0.01137	0.08160	0.01493	0.01147	0.01632	0.01119	0.03653	0.00959	0.00633	0.02887	0.00181	0.00647	0.02044	0.05049	0.00731
80	0.04862	0.18478	0.49645	0.01316	0.03467	0.01387	0.01525	0.03596	0.06293	0.03394	0.00997	0.01115	0.00743	0.00505	0.00459	0.00154	0.00671	0.00379	0.00264	0.00750
81	0.01268	0.01347	0.02593	0.02136	0.13837	0.03447	0.51729	0.05889	0.01256	0.01700	0.01074	0.01487	0.00865	0.05697	0.00754	0.00193	0.03171	0.00580	0.00280	0.00700
82	0.00640	0.00490	0.00590	0.00666	0.00756	0.00440	0.00473	0.00756	0.01081	0.01373	0.03767	0.47891	0.31529	0.01502	0.00650	0.00200	0.00299	0.05981	0.00483	0.00433
83	0.07489	0.01403	0.14710	0.01210	0.03679	0.04388	0.06544	0.13445	0.12533	0.14527	0.03749	0.01841	0.04654	0.00661	0.00521	0.00165	0.00556	0.04115	0.00431	0.03380
84	0.01299	0.01441	0.13362	0.05146	0.56250	0.01233	0.03451	0.04384	0.02835	0.04090	0.01040	0.01294	0.00828	0.00486	0.00516	0.00158	0.00638	0.00461	0.00279	0.00810
85	0.00829	0.00586	0.00695	0.00689	0.00832	0.00557	0.00507	0.01110	0.08373	0.06051	0.20354	0.22899	0.24689	0.02968	0.03521	0.00210	0.00339	0.01030	0.03252	0.00509
86	0.00877	0.00690	0.00846	0.00753	0.00963	0.00645	0.04726	0.08160	0.03350	0.04092	0.17271	0.07462	0.43889	0.01140	0.00606	0.00175	0.00341	0.02988	0.00497	0.00530
87	0.03429	0.06255	0.56502	0.04059	0.09721	0.01249	0.03610	0.01689	0.04092	0.03234	0.00995	0.01162	0.00727	0.00500	0.00490	0.00162	0.00714	0.00404	0.00249	0.00761
88	0.04186	0.03499	0.07400	0.02902	0.09890	0.04689	0.01013	0.18146	0.22347	0.07117	0.03007	0.03413	0.04136	0.00707	0.00527	0.00168	0.00526	0.05123	0.00444	0.00761
89	0.06306	0.00516	0.00646	0.00717	0.00785	0.00509	0.00501	0.00833	0.01017	0.01447	0.09755	0.52890	0.04975	0.06832	0.07297	0.00274	0.00411	0.03398	0.00453	0.00438
90	0.02796	0.01838	0.03990	0.03550	0.10867	0.37431	0.03559	0.07782	0.12049	0.02711	0.01065	0.01204	0.00847	0.00586	0.00598	0.00156	0.07535	0.00423	0.00323	0.00691
91	0.04046	0.08762	0.31700	0.03725	0.08302	0.07641	0.09719	0.05803	0.10449	0.03346	0.01099	0.01237	0.00825	0.00521	0.00495	0.00159	0.00690	0.00434	0.00298	0.00748
92	0.01200	0.06501	0.02753	0.04081	0.06678	0.01313	0.58072	0.01583	0.01196	0.01621	0.03583	0.03807	0.00991	0.00516	0.00630	0.00173	0.03732	0.00611	0.00275	0.00684
93	0.00666	0.00492	0.00622	0.00705	0.00779	0.00454	0.00504	0.00790	0.01082	0.01413	0.08397	0.50233	0.17707	0.03986	0.00720	0.00214	0.00318	0.10001	0.00484	0.00434
94	0.03343	0.01123	0.05009	0.01180	0.01486	0.03621	0.15284	0.06017	0.25150	0.01967	0.18679	0.02276	0.06380	0.00783	0.00636	0.02789	0.02507	0.00661	0.00440	0.00667
95	0.01483	0.04187	0.07905	0.03585	0.34307	0.01179	0.01245	0.05106	0.14807	0.16669	0.02362	0.02541	0.01115	0.00574	0.00515	0.00160	0.00549	0.00504	0.00393	0.00815
96	0.01289	0.01237	0.02114	0.03196	0.78450	0.01237	0.01598	0.01598	0.01186	0.01701	0.00980	0.01289	0.00825	0.00464	0.00516	0.00155	0.00619	0.00464	0.00258	0.00825
97	0.79606	0.01017	0.00808	0.00710	0.01039	0.01168	0.00585	0.04022	0.00959	0.05174	0.00791	0.00893	0.00601	0.00494	0.00336	0.00161	0.00410	0.00297	0.00341	0.00586
98	0.01119	0.01262	0.11953	0.14114	0.17940	0.01114	0.12016	0.06985	0.04165	0.01727	0.05919	0.06743	0.06001	0.00700	0.00600	0.00174	0.03550	0.02911	0.00331	0.00678
99	0.01099	0.02578	0.73208	0.01492	0.02239	0.01197	0.04795	0.01682	0.01119	0.04456	0.00980	0.01136	0.00688	0.00498	0.00500	0.00165	0.00762	0.00399	0.00237	0.00771
100	0.00630	0.00494	0.00570	0.00622	0.00730	0.00435	0.00440	0.00749	0.01116	0.01407	0.07876	0.39150	0.41040	0.01446	0.00637	0.00191	0.00280	0.01262	0.00488	0.00435
101	0.01784	0.02188	0.01482	0.01319	0.01593	0.63886	0.04484	0.03058	0.06950	0.01408	0.03331	0.01169	0.00900	0.00686	0.03392	0.00166	0.00888	0.00395	0.00300	0.00620
102	0.01257	0.10591	0.37391	0.06165	0.18390	0.03609	0.06731	0.01685	0.01157	0.06803	0.01001	0.01189	0.00749	0.00492	0.00493	0.00157	0.00701	0.00418	0.00262	0.00758
103	0.00751	0.00532	0.00704	0.00704	0.00752	0.00579	0.00486	0.00845	0.00798	0.01111	0.01516	0.02717	0.01593	0.42217	0.41721	0.00673	0.00957	0.00656	0.00297	0.00391
104	0.01147	0.01092	0.01847	0.33566	0.46509	0.01181	0.01501	0.01466	0.01129	0.01546	0.01092	0.01444	0.03191	0.00513	0.00521	0.00163	0.00637	0.00483	0.00254	0.00716
105	0.01065	0.05845	0.66121	0.01410	0.02103	0.01206	0.03697	0.03473	0.01162	0.01705	0.06580	0.01304	0.00980	0.00536	0.00500	0.00163	0.00720	0.00429	0.00254	0.00746
106	0.01196	0.03765	0.19878	0.08895	0.46806	0.01233	0.03140	0.01569	0.01140	0.01643	0.00975	0.01260	0.00784	0.00489	0.00530	0.00158	0.02447	0.00444	0.02879	0.00769
107	0.01075	0.01054	0.01323	0.01178	0.01227	0.07626	0.00952	0.01206	0.00862	0.01232	0.00940	0.01482	0.00913	0.05217	0.24099	0.00408	0.47939	0.00488	0.00250	0.00531
108	0.06551	0.04853	0.01478	0.01287	0.01568	0.70472	0.00978	0.04299	0.01460	0.01393	0.00812	0.00940	0.00671	0.00534	0.00459	0.00136	0.00886	0.00335	0.00278	0.00612
109	0.00625	0.00519	0.00547	0.00558	0.00714	0.00441	0.00412	0.00760	0.01184	0.01442	0.09670	0.13695	0.64963	0.01338	0.00621	0.00179	0.00267	0.01133	0.00489	0.00441
110	0.03715	0.01085	0.01798	0.40737	0.25117	0.01214	0.07370	0.06236	0.01190	0.01638	0.02892	0.01393	0.00854	0.00524	0.00544	0.00167	0.02094	0.00482	0.00271	0.00677
111	0.00654	0.00513	0.00586	0.00600	0.00729	0.00451	0.00435	0.00802	0.01209	0.01551	0.22950	0.19972	0.42813	0.03518	0.00681	0.00189	0.00274	0.01127	0.00501	0.00446
112	0.03609	0.00930	0.01522	0.45346	0.10568	0.01086	0.05165	0.01319	0.01103	0.01510	0.08932	0.02003	0.01344	0.00673	0.00626	0.00180	0.05991	0.07206	0.00295	0.00592
113	0.70554	0.05570	0.02829	0.03248	0.01169	0.02572	0.00675	0.03117	0.00946	0.02199	0.00748	0.00887	0.00588	0.00499	0.00378	0.00160	0.02667	0.00300	0.00312	0.00583
114	0.01174	0.06311	0.36022	0.01526	0.02107	0.01188	0.24086	0.01657	0.03547	0.06263	0.01324	0.03628	0.04575	0.00558	0.00531	0.00164	0.00709	0.00524	0.00291	0.03814
115	0.07356	0.42188	0.08371	0.03220	0.03513	0.05849	0.07064	0.05405	0.05398	0.03849	0.00925	0.01052	0.00755	0.00500	0.00446	0.00139	0.02632	0.00365	0.00281	0.00693
116	0.04314	0.23427	0.29777	0.03650	0.03290	0.03485	0.01247	0.06119	0.01188	0.05474	0.01170	0.07732	0.01027	0.00624	0.00469	0.00154	0.00612	0.03364	0.00300	0.02578
117	0.02399	0.07541	0.05547	0.05640	0.11534	0.00993	0.03001	0.07455	0.02812	0.08596	0.04964	0.15402	0.03721	0.03309	0.00621	0.00174	0.02141	0.04270	0.00389	0.09492
118	0.07163	0.05397	0.07856	0.01377	0.11011	0.06884	0.09184	0.08992	0.01328	0.10961	0.05399	0.03051	0.01102	0.00549	0.00483	0.00141	0.00565	0.00467	0.00363	0.17727
119	0.10058	0.09096	0.13727	0.04263	0.03299	0.04891	0.10796	0.07404	0.03116	0.18482	0.01255	0.02994	0.00943	0.02620	0.00540	0.00164	0.00599	0.00466	0.00374	0.04914

[dist]
# distance from previous block
# <min> <max>
6	18

[block]
# block no. 1 follows, 47 sequences, length 8
# corresponding to MSA columns:
# 285-292
name=unknown_B
#
# <colnr> <probs for GDERKNQSTAVLIFYWHMCP>
#	G	D	E	R	K	N	Q	S	T	A	V	L	I	F	Y	W	H	M	C	P
0	0.20226	0.13349	0.05722	0.02958	0.01504	0.01366	0.05145	0.23409	0.01488	0.13430	0.01181	0.04035	0.00905	0.00592	0.00487	0.00157	0.02458	0.00446	0.00404	0.00734
1	0.15607	0.01403	0.01424	0.10191	0.16415	0.17673	0.01037	0.10769	0.10987	0.04225	0.01118	0.01291	0.00877	0.02466	0.00525	0.00163	0.00614	0.00428	0.00348	0.02441
2	0.09915	0.01150	0.03763	0.18797	0.12233	0.01157	0.05047	0.14953	0.04205	0.09369	0.01130	0.01298	0.00839	0.00521	0.00484	0.00151	0.00563	0.00438	0.00359	0.13629
3	0.30716	0.01437	0.01161	0.01116	0.05338	0.24274	0.00838	0.11274	0.01304	0.01947	0.01082	0.01538	0.00948	0.00875	0.06576	0.00212	0.00679	0.07730	0.00341	0.00615
4	0.01024	0.00688	0.00975	0.08812	0.08674	0.00663	0.00722	0.01269	0.01380	0.12448	0.46101	0.03199	0.10128	0.00917	0.00583	0.00165	0.00355	0.00805	0.00511	0.00582
5	0.00778	0.00675	0.00697	0.00763	0.00850	0.08137	0.00542	0.00898	0.01117	0.01401	0.08268	0.52346	0.14576	0.01427	0.00638	0.00197	0.00364	0.05406	0.00469	0.00451
6	0.00803	0.08452	0.00901	0.00714	0.00860	0.00649	0.00564	0.01028	0.01370	0.01893	0.57370	0.09782	0.04198	0.01085	0.00601	0.00170	0.00303	0.08231	0.00523	0.00502
7	0.03743	0.05008	0.07764	0.00924	0.01238	0.01047	0.00803	0.19766	0.11783	0.08075	0.20441	0.02237	0.05006	0.02696	0.00571	0.00166	0.00433	0.00616	0.06995	0.00689

[dist]
# distance from previous block
# <min> <max>
0	31

# created by:
# /home/cegg/simao/soft/augustus-3.2.1/scripts/msa2prfl.pl ./align_prep/EOG091G11OU.fa
