[name]
unknown

[dist]
# distance from previous block
# <min> <max>
0	139

[block]
# block no. 0 follows, 51 sequences, length 11
# corresponding to MSA columns:
# 190-200
name=unknown_A
#
# <colnr> <probs for GDERKNQSTAVLIFYWHMCP>
#	G	D	E	R	K	N	Q	S	T	A	V	L	I	F	Y	W	H	M	C	P
0	0.03839	0.00864	0.01164	0.03799	0.06176	0.03719	0.08321	0.06953	0.05041	0.07326	0.07940	0.10965	0.01714	0.09154	0.03280	0.00213	0.03129	0.06484	0.05234	0.04686
1	0.01149	0.03701	0.01308	0.01193	0.10173	0.02165	0.08247	0.10318	0.09441	0.06876	0.12816	0.06609	0.09033	0.05238	0.00685	0.00174	0.04781	0.00644	0.01694	0.03754
2	0.01149	0.05033	0.01435	0.01096	0.01363	0.02974	0.13975	0.12926	0.12158	0.01757	0.07715	0.06220	0.03392	0.03147	0.03166	0.04166	0.07914	0.00572	0.02275	0.07567
3	0.01100	0.03499	0.02422	0.00919	0.05488	0.00820	0.00685	0.08904	0.10319	0.11074	0.13853	0.08093	0.13324	0.03567	0.09742	0.00240	0.02445	0.00694	0.02221	0.00592
4	0.01063	0.00883	0.01340	0.58478	0.02740	0.01051	0.01168	0.06084	0.07444	0.05947	0.01287	0.01565	0.04982	0.00561	0.00492	0.00161	0.00577	0.00483	0.03104	0.00589
5	0.07356	0.07925	0.02395	0.03657	0.05717	0.11545	0.03423	0.05241	0.02354	0.04117	0.07549	0.05916	0.01293	0.04872	0.03695	0.00192	0.11960	0.00507	0.07981	0.02305
6	0.00793	0.00593	0.00823	0.00865	0.04848	0.00634	0.00611	0.05285	0.00960	0.01361	0.05236	0.17244	0.01748	0.07681	0.42957	0.00514	0.00869	0.00702	0.03053	0.03224
7	0.07145	0.00974	0.01211	0.04904	0.01387	0.00987	0.00801	0.20404	0.01535	0.45644	0.04655	0.01531	0.01162	0.00617	0.00542	0.00155	0.04576	0.00477	0.00519	0.00773
8	0.01401	0.01311	0.01577	0.01957	0.36917	0.13496	0.01141	0.06018	0.23348	0.05924	0.01273	0.01363	0.00988	0.00531	0.00484	0.00149	0.00564	0.00456	0.00351	0.00752
9	0.21841	0.01101	0.01441	0.03885	0.36423	0.03435	0.01060	0.12104	0.01231	0.04588	0.03588	0.05196	0.00982	0.00545	0.00452	0.00151	0.00507	0.00457	0.00325	0.00688
10	0.04247	0.09935	0.01896	0.06178	0.57038	0.01214	0.01314	0.03577	0.01142	0.04778	0.03463	0.01256	0.00892	0.00468	0.00465	0.00143	0.00555	0.00430	0.00272	0.00737

[dist]
# distance from previous block
# <min> <max>
3	16

[block]
# block no. 1 follows, 51 sequences, length 42
# corresponding to MSA columns:
# 217-221,242-278
name=unknown_B
#
# <colnr> <probs for GDERKNQSTAVLIFYWHMCP>
#	G	D	E	R	K	N	Q	S	T	A	V	L	I	F	Y	W	H	M	C	P
0	0.12287	0.01164	0.08992	0.01434	0.20904	0.01022	0.00996	0.10880	0.05134	0.16872	0.01356	0.01405	0.04618	0.00535	0.00454	0.00143	0.00484	0.00438	0.00376	0.10505
1	0.03427	0.04393	0.01627	0.17160	0.36648	0.01097	0.02516	0.01462	0.05933	0.02987	0.07350	0.01433	0.01099	0.00522	0.00520	0.00147	0.03701	0.00462	0.00288	0.07227
2	0.04606	0.00869	0.07861	0.00989	0.05528	0.00719	0.07851	0.04365	0.01315	0.07421	0.43106	0.04099	0.07610	0.00826	0.00544	0.00156	0.00384	0.00734	0.00454	0.00563
3	0.01221	0.06437	0.10835	0.01293	0.07580	0.14771	0.08941	0.07714	0.03103	0.02789	0.08612	0.06204	0.04199	0.00676	0.00578	0.00153	0.06345	0.03443	0.00327	0.04780
4	0.00708	0.00620	0.03903	0.00655	0.00811	0.00521	0.00518	0.05133	0.01192	0.01550	0.18939	0.21341	0.35146	0.02607	0.00619	0.00178	0.00302	0.04338	0.00462	0.00457
5	0.01529	0.19950	0.01769	0.08129	0.06255	0.34377	0.05293	0.10274	0.03341	0.01494	0.02683	0.01067	0.00787	0.00502	0.00439	0.00132	0.00698	0.00370	0.00280	0.00632
6	0.03174	0.14472	0.25250	0.01948	0.01452	0.01072	0.01038	0.04497	0.04474	0.12477	0.01386	0.10768	0.03259	0.00728	0.02706	0.00164	0.02198	0.00515	0.00335	0.08088
7	0.01596	0.06854	0.14715	0.06412	0.01637	0.15407	0.02245	0.11744	0.07082	0.21696	0.01269	0.02856	0.00925	0.00570	0.00503	0.00149	0.02805	0.00437	0.00383	0.00714
8	0.03259	0.05359	0.32434	0.04423	0.01591	0.00919	0.07097	0.02211	0.01042	0.04430	0.02886	0.18255	0.04794	0.05381	0.00629	0.00184	0.00554	0.03648	0.00314	0.00590
9	0.05816	0.06835	0.00773	0.00659	0.00795	0.00599	0.00496	0.00941	0.01094	0.05247	0.20489	0.32249	0.15485	0.03417	0.00613	0.00180	0.00307	0.03092	0.00451	0.00462
10	0.08021	0.10414	0.31064	0.04323	0.01735	0.10353	0.02873	0.11050	0.01268	0.12930	0.01021	0.01101	0.00733	0.00501	0.00446	0.00146	0.00629	0.00376	0.00314	0.00704
11	0.05492	0.27449	0.41574	0.01212	0.01771	0.04822	0.05606	0.03020	0.01058	0.01475	0.00813	0.00960	0.00632	0.00459	0.00434	0.00140	0.01845	0.00339	0.00223	0.00676
12	0.00667	0.00506	0.00625	0.00631	0.00731	0.00481	0.00464	0.00820	0.01131	0.01513	0.30852	0.16913	0.23652	0.08442	0.03725	0.00222	0.02534	0.05206	0.00459	0.00426
13	0.00608	0.00481	0.00548	0.00568	0.00690	0.00421	0.00412	0.00745	0.01131	0.01440	0.19467	0.23704	0.45507	0.01269	0.00592	0.00172	0.00254	0.01096	0.00473	0.00421
14	0.01487	0.38000	0.04846	0.03253	0.05693	0.21477	0.00957	0.12857	0.01299	0.01513	0.00808	0.00926	0.00674	0.00469	0.00395	0.00121	0.00626	0.00322	0.00268	0.04011
15	0.00706	0.00532	0.00676	0.00740	0.03767	0.00511	0.00500	0.00912	0.05345	0.01496	0.24834	0.29608	0.11997	0.11971	0.00845	0.00217	0.00315	0.04129	0.00454	0.00444
16	0.02724	0.16846	0.30581	0.01312	0.07172	0.09337	0.03278	0.07481	0.01159	0.03573	0.00959	0.04916	0.00799	0.00544	0.00512	0.00146	0.05333	0.00410	0.00265	0.02653
17	0.03556	0.04075	0.31303	0.03334	0.17089	0.04018	0.05940	0.10067	0.03758	0.01757	0.06097	0.04646	0.01079	0.00558	0.00486	0.00153	0.00611	0.00477	0.00295	0.00698
18	0.00682	0.00491	0.00646	0.00694	0.00765	0.00476	0.00505	0.00853	0.02606	0.01476	0.24901	0.35630	0.03320	0.08876	0.05091	0.00246	0.00368	0.11494	0.00456	0.00426
19	0.01209	0.04366	0.11828	0.14844	0.30230	0.14808	0.01279	0.01579	0.06775	0.01472	0.01213	0.01407	0.05820	0.00530	0.00478	0.00148	0.00628	0.00448	0.00267	0.00669
20	0.04306	0.06481	0.25305	0.02125	0.04384	0.11131	0.08235	0.10407	0.07975	0.03509	0.02647	0.01387	0.05250	0.00568	0.00525	0.00153	0.04176	0.00450	0.00309	0.00677
21	0.01157	0.17572	0.26618	0.06829	0.09820	0.03561	0.19616	0.03166	0.01089	0.01476	0.00867	0.01094	0.00677	0.00464	0.00515	0.00149	0.04014	0.00411	0.00230	0.00676
22	0.00747	0.00536	0.00712	0.00802	0.00900	0.00525	0.00653	0.02425	0.01091	0.01428	0.02731	0.25316	0.08588	0.03620	0.00698	0.00218	0.00392	0.46057	0.02121	0.00439
23	0.01224	0.06107	0.21282	0.02623	0.11890	0.07805	0.24828	0.03638	0.02748	0.05079	0.01056	0.03112	0.00827	0.00538	0.01674	0.00161	0.00694	0.00473	0.03559	0.00680
24	0.07411	0.01204	0.06954	0.04670	0.26099	0.02412	0.08144	0.12596	0.03673	0.13046	0.01172	0.02909	0.00917	0.03690	0.00594	0.00167	0.02803	0.00473	0.00346	0.00719
25	0.03168	0.00820	0.02679	0.00879	0.04426	0.00762	0.00677	0.09845	0.05691	0.23189	0.20880	0.02323	0.09057	0.00853	0.03588	0.00172	0.00404	0.00616	0.04558	0.05412
26	0.00665	0.00501	0.00615	0.00625	0.00735	0.00462	0.00460	0.00862	0.03196	0.01612	0.37023	0.21613	0.22117	0.02966	0.00635	0.00178	0.00268	0.04534	0.00491	0.00441
27	0.01158	0.25347	0.30273	0.01287	0.05735	0.04261	0.07941	0.02276	0.01075	0.03788	0.03380	0.05062	0.00949	0.00551	0.00493	0.00146	0.03740	0.01622	0.00257	0.00659
28	0.06074	0.06023	0.03683	0.06524	0.17292	0.06127	0.05680	0.07250	0.07526	0.09738	0.05018	0.02400	0.02369	0.04519	0.00671	0.00171	0.07446	0.00487	0.00341	0.00661
29	0.00656	0.00467	0.00630	0.00739	0.00790	0.00448	0.00542	0.00777	0.00985	0.01303	0.02637	0.58432	0.03081	0.04461	0.00710	0.00217	0.00338	0.21928	0.00449	0.00410
30	0.04415	0.01131	0.01968	0.10983	0.53663	0.01142	0.11900	0.01538	0.01116	0.05986	0.00977	0.01251	0.00776	0.00451	0.00493	0.00151	0.00608	0.00454	0.00264	0.00732
31	0.01220	0.27122	0.21150	0.05668	0.05757	0.07240	0.01117	0.06645	0.03249	0.03653	0.01176	0.06556	0.04119	0.00586	0.00469	0.00142	0.02753	0.00449	0.00279	0.00650
32	0.01342	0.38973	0.26481	0.01144	0.04571	0.08064	0.01172	0.03638	0.01117	0.08078	0.00881	0.00976	0.00689	0.00463	0.00400	0.00129	0.00611	0.00330	0.00256	0.00684
33	0.00700	0.00494	0.00645	0.00654	0.00693	0.00528	0.00443	0.00780	0.00764	0.01055	0.01542	0.08844	0.01667	0.43321	0.35122	0.00586	0.00813	0.00689	0.00296	0.00365
34	0.04244	0.00920	0.00954	0.04294	0.01154	0.06911	0.00684	0.14252	0.14271	0.03485	0.21170	0.05707	0.13690	0.00868	0.00534	0.00161	0.00404	0.05246	0.00462	0.00589
35	0.01171	0.01252	0.05764	0.14729	0.47184	0.05618	0.09614	0.01479	0.01111	0.01522	0.03069	0.01279	0.00843	0.00476	0.00527	0.00152	0.02807	0.00455	0.00246	0.00701
36	0.01304	0.01538	0.08469	0.01480	0.07089	0.20654	0.15915	0.06787	0.05464	0.01511	0.01153	0.01362	0.05168	0.00695	0.02937	0.00180	0.16916	0.00471	0.00282	0.00627
37	0.00620	0.00445	0.00586	0.00669	0.00713	0.00420	0.00454	0.00723	0.00981	0.01321	0.11659	0.63847	0.05294	0.05446	0.04146	0.00232	0.00331	0.01258	0.00450	0.00404
38	0.02624	0.01347	0.01380	0.01166	0.05170	0.09226	0.00899	0.50304	0.08032	0.04760	0.05582	0.01346	0.01081	0.00593	0.00485	0.00144	0.00535	0.00457	0.00452	0.04418
39	0.00680	0.00508	0.00617	0.00657	0.00750	0.00476	0.00465	0.05065	0.01126	0.01482	0.14612	0.48275	0.20787	0.01339	0.00602	0.00182	0.00283	0.01185	0.00471	0.00437
40	0.05045	0.00919	0.01502	0.66124	0.06373	0.01117	0.04241	0.01337	0.03894	0.01356	0.00907	0.01296	0.00689	0.00501	0.00515	0.00164	0.02777	0.00438	0.00235	0.00568
41	0.01490	0.01155	0.01201	0.00983	0.01309	0.04179	0.00789	0.36612	0.23465	0.06110	0.01940	0.01857	0.11832	0.00690	0.00499	0.00152	0.00458	0.00547	0.00478	0.04255

[dist]
# distance from previous block
# <min> <max>
0	1

[block]
# block no. 2 follows, 51 sequences, length 11
# corresponding to MSA columns:
# 280-290
name=unknown_C
#
# <colnr> <probs for GDERKNQSTAVLIFYWHMCP>
#	G	D	E	R	K	N	Q	S	T	A	V	L	I	F	Y	W	H	M	C	P
0	0.01259	0.00870	0.01012	0.00832	0.01150	0.00825	0.00659	0.06983	0.20464	0.15379	0.05875	0.06662	0.06004	0.00680	0.00478	0.00137	0.00376	0.02742	0.00449	0.27164
1	0.58121	0.01111	0.08664	0.00779	0.01135	0.01071	0.00706	0.07838	0.01051	0.10620	0.01062	0.01114	0.03963	0.00518	0.00368	0.00153	0.00426	0.00347	0.00349	0.00604
2	0.08769	0.01116	0.01122	0.00912	0.01232	0.10788	0.00734	0.22327	0.01562	0.29511	0.05844	0.01738	0.07695	0.00651	0.00478	0.00148	0.00475	0.00504	0.03688	0.00709
3	0.00619	0.00469	0.00564	0.00607	0.00692	0.00430	0.00424	0.00730	0.01021	0.01323	0.11542	0.36690	0.28603	0.08713	0.05034	0.00239	0.00339	0.01115	0.00441	0.00404
4	0.01195	0.41037	0.38242	0.01125	0.01676	0.06385	0.01296	0.01541	0.01041	0.01343	0.00779	0.00909	0.00627	0.00447	0.00393	0.00130	0.00640	0.00312	0.00212	0.00671
5	0.01282	0.05633	0.03380	0.06187	0.04146	0.11442	0.08500	0.11017	0.14613	0.01666	0.03242	0.02955	0.01048	0.00667	0.00759	0.00168	0.19656	0.02669	0.00327	0.00643
6	0.00631	0.00491	0.00574	0.00623	0.00725	0.00448	0.00448	0.00788	0.03636	0.01344	0.06648	0.37095	0.34982	0.03922	0.00664	0.00193	0.00287	0.05626	0.00456	0.00421
7	0.01118	0.01031	0.05313	0.12001	0.09720	0.02787	0.03986	0.07480	0.16962	0.04497	0.05891	0.04676	0.06214	0.00784	0.03529	0.00178	0.00518	0.03742	0.00374	0.09201
8	0.00660	0.00497	0.00601	0.00581	0.00702	0.00448	0.00428	0.00843	0.01261	0.01704	0.50942	0.06432	0.26363	0.05545	0.00686	0.00177	0.00252	0.00939	0.00500	0.00438
9	0.01271	0.04846	0.11474	0.01481	0.14515	0.10602	0.07609	0.10121	0.12830	0.02855	0.06618	0.01679	0.02534	0.00613	0.00539	0.00154	0.03511	0.04335	0.00344	0.02068
10	0.00902	0.00740	0.00843	0.00791	0.00942	0.00820	0.00590	0.01503	0.30918	0.01567	0.09044	0.06531	0.13098	0.15718	0.09126	0.00288	0.04898	0.00714	0.00420	0.00547

[dist]
# distance from previous block
# <min> <max>
0	2

[block]
# block no. 3 follows, 51 sequences, length 15
# corresponding to MSA columns:
# 293-299,337-344
name=unknown_D
#
# <colnr> <probs for GDERKNQSTAVLIFYWHMCP>
#	G	D	E	R	K	N	Q	S	T	A	V	L	I	F	Y	W	H	M	C	P
0	0.01273	0.20726	0.28308	0.01489	0.16455	0.04284	0.02539	0.05837	0.01154	0.06784	0.00927	0.01061	0.00715	0.00461	0.00433	0.00135	0.00606	0.00364	0.00265	0.06184
1	0.33867	0.32681	0.05406	0.00868	0.01232	0.13456	0.00790	0.04244	0.01044	0.01652	0.00722	0.00833	0.00600	0.00455	0.00344	0.00130	0.00535	0.00283	0.00262	0.00596
2	0.32302	0.03402	0.09609	0.01404	0.15374	0.07227	0.08925	0.06265	0.06576	0.03261	0.00930	0.01070	0.00716	0.00478	0.00421	0.00150	0.00552	0.00378	0.00302	0.00656
3	0.01206	0.09138	0.19521	0.01860	0.31287	0.05714	0.03236	0.04611	0.07408	0.01632	0.02777	0.01210	0.00865	0.00478	0.00460	0.00140	0.00592	0.00410	0.00274	0.07182
4	0.00707	0.00532	0.00704	0.00697	0.00760	0.00577	0.00504	0.00824	0.00875	0.01208	0.10228	0.09772	0.08868	0.24421	0.31725	0.00493	0.05633	0.00734	0.00334	0.00403
5	0.01158	0.04199	0.10730	0.00966	0.01354	0.00955	0.03435	0.06254	0.13732	0.06294	0.01277	0.05949	0.01071	0.00576	0.00504	0.00130	0.04389	0.02574	0.00352	0.34102
6	0.00597	0.00433	0.00565	0.00670	0.00709	0.00400	0.00450	0.00686	0.00954	0.01260	0.02881	0.76512	0.09035	0.01517	0.00624	0.00197	0.00282	0.01370	0.00456	0.00400
7	0.01455	0.01605	0.01913	0.05055	0.04849	0.30571	0.28795	0.07309	0.01314	0.04282	0.01093	0.04266	0.02575	0.00541	0.00534	0.00151	0.02277	0.00496	0.00291	0.00629
8	0.01096	0.13456	0.39684	0.01556	0.02138	0.01301	0.28617	0.01541	0.01068	0.01496	0.00887	0.01105	0.00668	0.00452	0.00517	0.00154	0.02929	0.00428	0.00223	0.00685
9	0.00614	0.00458	0.00568	0.00626	0.00701	0.00416	0.00435	0.00732	0.01054	0.01388	0.16467	0.49024	0.20903	0.03408	0.00655	0.00191	0.00272	0.01210	0.00467	0.00411
10	0.24439	0.00863	0.00994	0.00796	0.01134	0.00841	0.00654	0.05824	0.01278	0.48808	0.03719	0.01480	0.01113	0.00576	0.00437	0.00150	0.00398	0.00440	0.05332	0.00723
11	0.01119	0.01357	0.08532	0.01970	0.07261	0.01202	0.60183	0.01510	0.01128	0.01546	0.01159	0.01451	0.04545	0.00479	0.00610	0.00166	0.04302	0.00570	0.00254	0.00657
12	0.00616	0.00499	0.00549	0.00551	0.00698	0.00432	0.00416	0.00767	0.01172	0.01470	0.20788	0.07589	0.56640	0.01210	0.00587	0.00168	0.00257	0.04689	0.00474	0.00427
13	0.03207	0.01265	0.01314	0.01062	0.01373	0.11204	0.05168	0.37979	0.08763	0.04779	0.11586	0.01730	0.03752	0.03871	0.00581	0.00162	0.00528	0.00530	0.00446	0.00699
14	0.00983	0.00879	0.01429	0.28960	0.23366	0.00950	0.04131	0.04100	0.01103	0.01473	0.01524	0.10305	0.03810	0.00761	0.00543	0.00173	0.00552	0.14059	0.00310	0.00589

[dist]
# distance from previous block
# <min> <max>
4	5

[block]
# block no. 4 follows, 51 sequences, length 20
# corresponding to MSA columns:
# 360-370,378-386
name=unknown_E
#
# <colnr> <probs for GDERKNQSTAVLIFYWHMCP>
#	G	D	E	R	K	N	Q	S	T	A	V	L	I	F	Y	W	H	M	C	P
0	0.00628	0.00488	0.00548	0.00560	0.00674	0.00434	0.00401	0.00750	0.01084	0.01376	0.16622	0.14519	0.43514	0.12954	0.00865	0.00215	0.00289	0.03225	0.00448	0.00405
1	0.00747	0.00548	0.00681	0.00655	0.00784	0.00521	0.00499	0.02664	0.01265	0.03944	0.42816	0.11504	0.22201	0.01108	0.00623	0.00168	0.03233	0.05077	0.00496	0.00467
2	0.00655	0.00519	0.00650	0.07383	0.00926	0.00487	0.00503	0.00829	0.01178	0.01544	0.31414	0.16999	0.32838	0.01143	0.00581	0.00167	0.00283	0.00993	0.00467	0.00441
3	0.01625	0.17650	0.01641	0.01159	0.01465	0.51281	0.03217	0.04539	0.01293	0.01307	0.00773	0.00908	0.00652	0.00488	0.00452	0.00122	0.03103	0.00320	0.00256	0.07749
4	0.00800	0.00546	0.00745	0.00825	0.00926	0.00537	0.00683	0.00989	0.01099	0.03861	0.08071	0.13453	0.02858	0.08944	0.00831	0.00239	0.00419	0.53280	0.00450	0.00445
5	0.01621	0.01057	0.03479	0.00961	0.01277	0.03409	0.00789	0.21799	0.15557	0.27376	0.03973	0.09629	0.03833	0.00734	0.00531	0.00159	0.01968	0.00598	0.00507	0.00742
6	0.09071	0.03602	0.07878	0.00996	0.01368	0.03983	0.00871	0.34498	0.07015	0.15452	0.04661	0.01433	0.02405	0.00596	0.00467	0.00148	0.00492	0.00457	0.03863	0.00743
7	0.00921	0.00634	0.00792	0.00842	0.07346	0.00651	0.00510	0.05074	0.04923	0.05445	0.01528	0.04429	0.01593	0.54646	0.08284	0.00417	0.00545	0.00657	0.00331	0.00434
8	0.01046	0.00908	0.01106	0.00934	0.07767	0.00728	0.00670	0.01331	0.05053	0.01625	0.00936	0.01078	0.00772	0.00386	0.00381	0.00084	0.00384	0.00317	0.00298	0.74197
9	0.01167	0.08584	0.30377	0.01604	0.04752	0.07956	0.27573	0.01616	0.04596	0.01504	0.00933	0.01147	0.00712	0.00477	0.00552	0.00156	0.04937	0.00440	0.00240	0.00678
10	0.03824	0.00745	0.00947	0.00826	0.01059	0.00744	0.00666	0.06787	0.05808	0.29885	0.10979	0.06445	0.01844	0.01124	0.09522	0.00233	0.02842	0.08059	0.07023	0.00638
11	0.00851	0.00670	0.00750	0.00725	0.00899	0.00681	0.00549	0.01379	0.24984	0.03832	0.15042	0.16386	0.26726	0.01065	0.00564	0.00172	0.00307	0.03387	0.00487	0.00544
12	0.08416	0.01186	0.02501	0.01468	0.22952	0.12332	0.00928	0.01638	0.03316	0.13183	0.03235	0.01230	0.00913	0.00476	0.00435	0.00125	0.00511	0.00388	0.00332	0.24435
13	0.01611	0.10696	0.03721	0.00984	0.01352	0.06731	0.03444	0.11181	0.14057	0.26503	0.03821	0.01510	0.01155	0.00576	0.00465	0.00140	0.00486	0.01741	0.00444	0.09380
14	0.04405	0.00647	0.00825	0.00707	0.00937	0.00580	0.00556	0.01484	0.01321	0.32607	0.32723	0.06284	0.13132	0.00883	0.00538	0.00157	0.00315	0.00752	0.00544	0.00604
15	0.00827	0.02760	0.03129	0.05298	0.01022	0.00626	0.00619	0.01115	0.07992	0.05495	0.20439	0.20773	0.15359	0.03457	0.00630	0.00184	0.00346	0.08976	0.00455	0.00499
16	0.01221	0.11515	0.05054	0.06619	0.40712	0.03466	0.08786	0.02402	0.02559	0.03817	0.01076	0.01306	0.03620	0.00504	0.00541	0.00149	0.05239	0.00449	0.00262	0.00703
17	0.08932	0.04355	0.01117	0.00843	0.01173	0.00848	0.00691	0.07912	0.04495	0.49442	0.10380	0.04712	0.01571	0.00667	0.00485	0.00152	0.00402	0.00541	0.00539	0.00742
18	0.00713	0.00528	0.00588	0.00596	0.00737	0.00471	0.00437	0.03615	0.01115	0.04723	0.03941	0.23928	0.49023	0.04538	0.00665	0.00187	0.00290	0.03006	0.00458	0.00441
19	0.01231	0.01194	0.06118	0.23256	0.12413	0.03543	0.14573	0.09696	0.11420	0.05756	0.01272	0.01461	0.03566	0.00541	0.00524	0.00159	0.01784	0.00494	0.00322	0.00679

[dist]
# distance from previous block
# <min> <max>
0	1

[block]
# block no. 5 follows, 51 sequences, length 58
# corresponding to MSA columns:
# 388-406,409-447
name=unknown_F
#
# <colnr> <probs for GDERKNQSTAVLIFYWHMCP>
#	G	D	E	R	K	N	Q	S	T	A	V	L	I	F	Y	W	H	M	C	P
0	0.01846	0.01304	0.01436	0.01179	0.05230	0.02916	0.00924	0.62915	0.02107	0.11013	0.01250	0.01245	0.00880	0.00582	0.00487	0.00147	0.00528	0.00446	0.02745	0.00818
1	0.47152	0.01191	0.09077	0.07483	0.01409	0.05186	0.03447	0.06030	0.01038	0.07518	0.00928	0.04031	0.00735	0.00530	0.00420	0.00156	0.02382	0.00376	0.00319	0.00594
2	0.00820	0.00600	0.00768	0.00808	0.00936	0.00585	0.00649	0.06479	0.01132	0.01500	0.02463	0.24012	0.06543	0.06843	0.00751	0.00218	0.00402	0.38017	0.00435	0.06037
3	0.06851	0.04164	0.01352	0.01217	0.04309	0.58562	0.00901	0.08625	0.01396	0.01487	0.00852	0.00979	0.00691	0.00510	0.00431	0.00129	0.00761	0.00337	0.05854	0.00593
4	0.00775	0.00513	0.00657	0.00714	0.00797	0.00485	0.00504	0.04807	0.01062	0.06518	0.02743	0.64519	0.08594	0.01401	0.00610	0.00192	0.00310	0.03877	0.00468	0.00453
5	0.01731	0.06285	0.01407	0.01194	0.01454	0.64379	0.00910	0.08630	0.01425	0.01373	0.00921	0.06244	0.00822	0.00577	0.00453	0.00132	0.00798	0.00396	0.00286	0.00585
6	0.01059	0.00830	0.01034	0.00772	0.01159	0.00649	0.03463	0.01270	0.01063	0.07707	0.03120	0.06663	0.05093	0.00522	0.00416	0.00097	0.00371	0.00443	0.00340	0.63929
7	0.04334	0.06909	0.18056	0.01627	0.02104	0.05336	0.41235	0.01594	0.05281	0.01551	0.01081	0.01304	0.02979	0.00487	0.00560	0.00159	0.03989	0.00496	0.00258	0.00658
8	0.00963	0.00897	0.01607	0.01238	0.01540	0.00845	0.32475	0.03010	0.05224	0.04164	0.21393	0.05979	0.16892	0.00789	0.00573	0.00164	0.00505	0.00771	0.00399	0.00570
9	0.06866	0.43964	0.19902	0.01010	0.01475	0.05424	0.01053	0.08377	0.05131	0.01537	0.00844	0.00939	0.00685	0.00465	0.00380	0.00128	0.00573	0.00319	0.00258	0.00669
10	0.77464	0.00961	0.00800	0.05960	0.01131	0.01118	0.00602	0.04297	0.00901	0.02176	0.00715	0.00846	0.00552	0.00463	0.00323	0.00153	0.00404	0.00284	0.00306	0.00544
11	0.01372	0.05523	0.01282	0.01020	0.01335	0.02181	0.02061	0.17306	0.51409	0.04452	0.01717	0.03134	0.01303	0.00639	0.00487	0.00157	0.00437	0.00522	0.00472	0.03192
12	0.01083	0.06232	0.01064	0.00913	0.02922	0.00984	0.00707	0.11425	0.29289	0.02620	0.03786	0.12273	0.14896	0.00916	0.00536	0.00169	0.00390	0.08705	0.00458	0.00630
13	0.00674	0.00598	0.00586	0.00610	0.00738	0.05672	0.00441	0.00793	0.01098	0.01331	0.07868	0.27744	0.47555	0.01272	0.00586	0.00173	0.00301	0.01090	0.00447	0.00423
14	0.00887	0.00778	0.01186	0.19410	0.13900	0.00860	0.03867	0.01137	0.04668	0.01282	0.01558	0.02158	0.08999	0.18446	0.14300	0.00334	0.04848	0.00582	0.00285	0.00515
15	0.00670	0.00512	0.00615	0.00597	0.00728	0.00453	0.00436	0.00835	0.01182	0.01596	0.36847	0.16212	0.25236	0.05511	0.00677	0.00177	0.00267	0.00963	0.00474	0.06013
16	0.06678	0.00896	0.01025	0.00778	0.01155	0.00786	0.00625	0.04046	0.06053	0.05716	0.01208	0.01299	0.05024	0.00483	0.00456	0.00103	0.04580	0.00369	0.00334	0.58386
17	0.00729	0.00548	0.00602	0.00583	0.00750	0.00490	0.00438	0.00953	0.06247	0.05699	0.15725	0.09934	0.53208	0.01158	0.00574	0.00166	0.00267	0.00980	0.00480	0.00468
18	0.01044	0.00831	0.00974	0.00714	0.01109	0.00638	0.00563	0.01243	0.01023	0.05601	0.01126	0.01335	0.03768	0.05801	0.00519	0.00107	0.00370	0.00357	0.00314	0.72561
19	0.01148	0.01105	0.01857	0.08368	0.50278	0.01121	0.10109	0.01562	0.09287	0.01608	0.01257	0.01523	0.04634	0.00513	0.00503	0.00152	0.00574	0.01514	0.00283	0.02604
20	0.00746	0.00548	0.00686	0.00644	0.00777	0.00516	0.00489	0.05046	0.01390	0.01927	0.62845	0.06444	0.11862	0.01035	0.00579	0.00159	0.00258	0.03047	0.00524	0.00476
21	0.01245	0.01067	0.01124	0.01005	0.01286	0.01233	0.00783	0.05242	0.76108	0.02092	0.01972	0.01811	0.01477	0.00664	0.00500	0.00166	0.00394	0.00552	0.00500	0.00780
22	0.01092	0.00966	0.01576	0.40810	0.21193	0.01079	0.05623	0.01515	0.09747	0.05496	0.01168	0.05541	0.00947	0.00554	0.00503	0.00161	0.00587	0.00511	0.00290	0.00642
23	0.00993	0.02493	0.77078	0.01428	0.02145	0.01145	0.04872	0.01557	0.01042	0.01557	0.00886	0.01049	0.00627	0.00465	0.00471	0.00156	0.00730	0.00372	0.00209	0.00724
24	0.00972	0.00934	0.01419	0.05348	0.01387	0.01218	0.07121	0.01134	0.00807	0.01206	0.00869	0.01343	0.00814	0.01583	0.23248	0.00367	0.49010	0.00469	0.00231	0.00521
25	0.00940	0.00885	0.01495	0.78393	0.06450	0.01095	0.01371	0.01266	0.00988	0.01270	0.00876	0.01306	0.00660	0.00489	0.00491	0.00163	0.00652	0.00437	0.00219	0.00555
26	0.01103	0.05630	0.61084	0.01433	0.02076	0.09297	0.09515	0.01596	0.01085	0.01506	0.00873	0.01042	0.00637	0.00464	0.00470	0.00152	0.00745	0.00377	0.00216	0.00700
27	0.07784	0.01631	0.05116	0.01208	0.03665	0.35494	0.05850	0.06674	0.08647	0.04119	0.01269	0.07428	0.02593	0.00653	0.00507	0.00151	0.02489	0.03779	0.00332	0.00610
28	0.00622	0.00451	0.00591	0.00688	0.00740	0.00420	0.00483	0.00732	0.00998	0.01319	0.06827	0.64298	0.09550	0.01470	0.00626	0.00197	0.00296	0.08823	0.00460	0.00409
29	0.03791	0.00864	0.01051	0.00856	0.01158	0.00843	0.00688	0.15968	0.07097	0.37769	0.14015	0.06381	0.05819	0.00750	0.00514	0.00156	0.00393	0.00621	0.00545	0.00721
30	0.01213	0.01216	0.05721	0.05913	0.71513	0.01155	0.01503	0.01518	0.01115	0.03081	0.00940	0.01220	0.00775	0.00445	0.00486	0.00147	0.00590	0.00435	0.00248	0.00768
31	0.01294	0.01291	0.01169	0.05052	0.08688	0.26089	0.00838	0.11371	0.05289	0.02934	0.06996	0.23528	0.01726	0.00838	0.00520	0.00157	0.00558	0.00701	0.00376	0.00584
32	0.02114	0.00849	0.01135	0.00876	0.01244	0.00753	0.00721	0.06392	0.01454	0.72113	0.05625	0.01742	0.01361	0.00626	0.00498	0.00152	0.00416	0.00510	0.00599	0.00818
33	0.01217	0.01162	0.01949	0.02913	0.75628	0.01170	0.01471	0.01565	0.05117	0.01629	0.00980	0.01248	0.00816	0.00450	0.00487	0.00147	0.00574	0.00444	0.00256	0.00778
34	0.01558	0.01146	0.05659	0.01321	0.05377	0.03304	0.19251	0.09699	0.07286	0.28528	0.03375	0.01752	0.05043	0.00609	0.00541	0.00159	0.01929	0.02298	0.00434	0.00731
35	0.00849	0.00677	0.00789	0.04925	0.01006	0.04106	0.00615	0.08601	0.01119	0.01444	0.02401	0.34231	0.10288	0.10084	0.02685	0.00234	0.01757	0.13317	0.00413	0.00461
36	0.06839	0.00715	0.00811	0.00731	0.00893	0.00753	0.00534	0.07725	0.12092	0.12102	0.01617	0.06323	0.01488	0.29691	0.09094	0.00330	0.00510	0.00607	0.06615	0.00530
37	0.01109	0.07411	0.13332	0.01019	0.01320	0.22506	0.06093	0.01346	0.01222	0.01462	0.17862	0.03297	0.16982	0.00755	0.00527	0.00148	0.02103	0.00613	0.00344	0.00549
38	0.01218	0.01202	0.01829	0.02676	0.66640	0.07073	0.01375	0.01506	0.02658	0.01561	0.01106	0.05448	0.02475	0.00520	0.00493	0.00148	0.00581	0.00492	0.00264	0.00736
39	0.01483	0.00745	0.00899	0.00754	0.01000	0.00738	0.00601	0.08533	0.07382	0.30944	0.05875	0.01825	0.01402	0.02087	0.03576	0.00171	0.02010	0.00507	0.28811	0.00656
40	0.01176	0.01147	0.01815	0.20849	0.56671	0.05228	0.01424	0.01467	0.01100	0.01509	0.00917	0.01233	0.00752	0.00456	0.00483	0.00148	0.00609	0.00432	0.01875	0.00708
41	0.01177	0.42698	0.26967	0.00993	0.01470	0.01438	0.01097	0.01477	0.01082	0.05447	0.10799	0.01279	0.01167	0.00519	0.00406	0.00130	0.00547	0.00386	0.00272	0.00650
42	0.03372	0.10802	0.04308	0.02087	0.07186	0.05955	0.06415	0.26549	0.02231	0.08348	0.05203	0.01612	0.08371	0.00630	0.00539	0.00149	0.04665	0.00499	0.00386	0.00693
43	0.00606	0.00464	0.00547	0.00598	0.00693	0.00413	0.00421	0.00723	0.01058	0.01362	0.10885	0.42020	0.34359	0.01353	0.00599	0.00180	0.00264	0.01187	0.01855	0.00413
44	0.00956	0.00893	0.01510	0.55197	0.17375	0.01033	0.03333	0.01261	0.01038	0.01377	0.06122	0.05639	0.01075	0.00567	0.00506	0.00162	0.00600	0.00520	0.00257	0.00580
45	0.03225	0.17322	0.08097	0.12093	0.16135	0.14927	0.05105	0.04249	0.01149	0.06562	0.00898	0.01097	0.00714	0.00512	0.00524	0.01541	0.04548	0.00384	0.00265	0.00653
46	0.00753	0.00562	0.00655	0.00621	0.00775	0.00520	0.00471	0.04028	0.04146	0.03747	0.37463	0.07960	0.33141	0.01091	0.00575	0.00162	0.00268	0.02083	0.00501	0.00477
47	0.01042	0.01256	0.11239	0.36280	0.08765	0.01166	0.28445	0.01421	0.01057	0.01429	0.00916	0.01271	0.00693	0.00465	0.00544	0.00163	0.02514	0.00479	0.00230	0.00626
48	0.02726	0.01527	0.03002	0.10622	0.01755	0.26490	0.07285	0.17983	0.11959	0.06841	0.01233	0.01381	0.02094	0.00573	0.00487	0.00149	0.00654	0.02202	0.00363	0.00674
49	0.03714	0.01402	0.04044	0.04285	0.40971	0.18439	0.05729	0.02469	0.01180	0.01534	0.04018	0.01449	0.00982	0.00539	0.00527	0.00151	0.03288	0.04333	0.00270	0.00675
50	0.01365	0.00958	0.03112	0.00952	0.01183	0.07325	0.02993	0.08343	0.04056	0.22385	0.03160	0.01729	0.01196	0.06757	0.25618	0.00373	0.06170	0.00505	0.01205	0.00615
51	0.00852	0.00749	0.04865	0.04920	0.01073	0.00681	0.00663	0.10394	0.04786	0.01691	0.15355	0.19452	0.22070	0.01093	0.00576	0.00175	0.00364	0.09276	0.00451	0.00515
52	0.01287	0.01267	0.01704	0.08936	0.46385	0.12160	0.02415	0.04616	0.07813	0.02583	0.05233	0.01369	0.01024	0.00509	0.00489	0.00147	0.00596	0.00458	0.00295	0.00714
53	0.02176	0.05656	0.21886	0.02645	0.15509	0.06582	0.10448	0.03025	0.04110	0.03657	0.05078	0.05676	0.05741	0.00614	0.00537	0.00155	0.03635	0.00529	0.01688	0.00655
54	0.00871	0.00542	0.00684	0.00674	0.00808	0.00497	0.00494	0.01071	0.04215	0.12412	0.25295	0.32557	0.15633	0.01173	0.00582	0.00173	0.00286	0.01033	0.00504	0.00496
55	0.01244	0.01282	0.02053	0.08462	0.53755	0.08614	0.14325	0.01543	0.01141	0.01537	0.00917	0.01211	0.00750	0.00444	0.00499	0.00149	0.00659	0.00450	0.00243	0.00722
56	0.02507	0.01495	0.03305	0.04523	0.40554	0.20447	0.04454	0.11924	0.01344	0.03436	0.00939	0.01140	0.00750	0.00480	0.00478	0.00143	0.00660	0.00413	0.00287	0.00721
57	0.01453	0.01259	0.01533	0.03167	0.19175	0.15921	0.08215	0.08442	0.02371	0.14072	0.05972	0.03795	0.02350	0.02090	0.00618	0.00159	0.06595	0.00508	0.01635	0.00672

[dist]
# distance from previous block
# <min> <max>
0	4

[block]
# block no. 6 follows, 51 sequences, length 38
# corresponding to MSA columns:
# 458-473,481-502
name=unknown_G
#
# <colnr> <probs for GDERKNQSTAVLIFYWHMCP>
#	G	D	E	R	K	N	Q	S	T	A	V	L	I	F	Y	W	H	M	C	P
0	0.25495	0.10399	0.09537	0.01242	0.11269	0.06109	0.04578	0.05333	0.09753	0.02787	0.00958	0.01098	0.00759	0.01425	0.00474	0.00149	0.03398	0.00371	0.00301	0.04566
1	0.00905	0.01954	0.06043	0.00787	0.00977	0.00624	0.02593	0.01149	0.03230	0.10284	0.31841	0.15504	0.10451	0.01139	0.04394	0.00197	0.02618	0.04321	0.00465	0.00523
2	0.05465	0.01298	0.01389	0.01075	0.01459	0.01420	0.00884	0.64343	0.06185	0.05835	0.01216	0.01209	0.00867	0.00578	0.00478	0.00145	0.00513	0.00436	0.00479	0.04725
3	0.01109	0.06811	0.49998	0.01636	0.15884	0.01202	0.04503	0.07281	0.01163	0.01673	0.03615	0.01168	0.00810	0.00485	0.00472	0.00151	0.00662	0.00403	0.00249	0.00727
4	0.01347	0.70030	0.07268	0.00911	0.01341	0.06031	0.00911	0.05024	0.01082	0.01273	0.00722	0.00827	0.00640	0.00436	0.00340	0.00111	0.00558	0.00280	0.00225	0.00643
5	0.00994	0.08693	0.05737	0.00877	0.01099	0.00866	0.03489	0.01477	0.20640	0.06712	0.08942	0.26610	0.03164	0.04832	0.00631	0.00185	0.00399	0.03644	0.00431	0.00578
6	0.00865	0.00706	0.04948	0.00842	0.06694	0.00583	0.00616	0.03631	0.01218	0.08483	0.21130	0.15091	0.31199	0.01053	0.00564	0.00164	0.00325	0.00908	0.00462	0.00519
7	0.00885	0.00752	0.01146	0.18711	0.09479	0.00857	0.04352	0.01022	0.00842	0.01153	0.01150	0.02070	0.01163	0.33104	0.07078	0.03870	0.11096	0.00558	0.00256	0.00455
8	0.05691	0.04879	0.08087	0.12377	0.05320	0.11413	0.03901	0.10353	0.04796	0.04573	0.02984	0.16096	0.02273	0.00743	0.00529	0.00161	0.02620	0.02252	0.00345	0.00606
9	0.01002	0.00609	0.00745	0.00686	0.00871	0.00568	0.00525	0.02446	0.06212	0.17196	0.20092	0.13849	0.25670	0.01217	0.05835	0.00206	0.00367	0.00870	0.00496	0.00539
10	0.01158	0.05559	0.30840	0.01544	0.09469	0.02640	0.16202	0.05273	0.14068	0.02824	0.01132	0.01286	0.00855	0.00641	0.04185	0.00184	0.00683	0.00452	0.00290	0.00714
11	0.01315	0.07996	0.15924	0.01863	0.26355	0.13457	0.10989	0.01660	0.03930	0.06421	0.01022	0.03192	0.00825	0.00505	0.00504	0.00148	0.02480	0.00442	0.00273	0.00699
12	0.01136	0.01234	0.02475	0.02029	0.12764	0.02744	0.55182	0.01497	0.01134	0.01538	0.01108	0.01654	0.00927	0.00593	0.02610	0.00184	0.03524	0.06752	0.00264	0.00650
13	0.00616	0.00491	0.00552	0.00554	0.00690	0.00427	0.00409	0.00768	0.01179	0.01507	0.26393	0.13104	0.49160	0.01208	0.00586	0.00166	0.00248	0.01034	0.00481	0.00427
14	0.02353	0.05512	0.02866	0.05068	0.05630	0.12136	0.19964	0.09632	0.08607	0.03298	0.08875	0.01716	0.04644	0.00619	0.00575	0.00157	0.05138	0.02229	0.00342	0.00639
15	0.05464	0.00940	0.04065	0.01093	0.01426	0.00846	0.17250	0.03407	0.05404	0.30967	0.07439	0.06485	0.04700	0.03546	0.02635	0.00188	0.00514	0.02507	0.00452	0.00671
16	0.00730	0.00654	0.04754	0.00902	0.06071	0.00560	0.00691	0.00925	0.01089	0.01435	0.09681	0.20305	0.19591	0.01356	0.04839	0.00222	0.00422	0.24879	0.00426	0.00469
17	0.09270	0.00777	0.00923	0.00794	0.01060	0.00764	0.00633	0.04562	0.11830	0.33338	0.07109	0.09108	0.05363	0.00770	0.00494	0.00159	0.00368	0.04085	0.07925	0.00667
18	0.01272	0.44870	0.18535	0.01327	0.12989	0.08782	0.01158	0.01532	0.01054	0.01311	0.00766	0.00919	0.00651	0.00451	0.00416	0.00126	0.02639	0.00318	0.00219	0.00664
19	0.09073	0.12010	0.07162	0.02680	0.13403	0.08718	0.12442	0.08783	0.03790	0.02891	0.01238	0.03145	0.05975	0.01687	0.00553	0.00155	0.04874	0.00473	0.00299	0.00647
20	0.00822	0.00628	0.00853	0.00822	0.00925	0.00729	0.00639	0.01110	0.09012	0.02770	0.03551	0.02190	0.03259	0.08615	0.49646	0.00574	0.07658	0.03495	0.02223	0.00481
21	0.01107	0.00845	0.00974	0.00914	0.05175	0.04303	0.02561	0.08388	0.14273	0.10084	0.21728	0.02901	0.22997	0.00867	0.00539	0.00157	0.00373	0.00734	0.00478	0.00602
22	0.01562	0.09406	0.09098	0.01166	0.08048	0.07399	0.00941	0.13972	0.08475	0.23078	0.04842	0.04295	0.02411	0.00632	0.00483	0.00150	0.00513	0.02376	0.00428	0.00727
23	0.01112	0.11136	0.30437	0.01765	0.21146	0.01217	0.13691	0.04389	0.01128	0.01566	0.01207	0.01383	0.06632	0.00509	0.00482	0.00149	0.00641	0.00459	0.00253	0.00699
24	0.06912	0.00723	0.00902	0.00776	0.01037	0.00667	0.00622	0.05140	0.01288	0.38515	0.07854	0.12806	0.13236	0.00894	0.00531	0.00166	0.00369	0.06391	0.00525	0.00644
25	0.01134	0.34968	0.35925	0.01190	0.04987	0.01444	0.01284	0.01561	0.06140	0.01424	0.00967	0.01234	0.00807	0.00507	0.00420	0.00139	0.00602	0.04346	0.00242	0.00679
26	0.03413	0.13096	0.08741	0.04057	0.34509	0.02394	0.09110	0.05035	0.08069	0.03584	0.01052	0.01297	0.00851	0.00490	0.00470	0.00147	0.00587	0.02089	0.00285	0.00722
27	0.00760	0.00633	0.00978	0.00921	0.01062	0.00617	0.10758	0.00975	0.02829	0.01458	0.11794	0.30591	0.11013	0.01208	0.00654	0.00192	0.03204	0.19453	0.00431	0.00470
28	0.00801	0.00538	0.00736	0.04576	0.00954	0.00546	0.00597	0.00969	0.02912	0.06446	0.02208	0.36149	0.02419	0.10176	0.12509	0.00314	0.00517	0.15773	0.00411	0.00450
29	0.01410	0.10356	0.07979	0.01457	0.17039	0.05037	0.06197	0.01749	0.07124	0.20565	0.03997	0.01738	0.02876	0.00617	0.00547	0.00155	0.04625	0.05457	0.00373	0.00702
30	0.05391	0.02828	0.01347	0.01250	0.10840	0.04335	0.04985	0.08214	0.16375	0.22292	0.05416	0.05431	0.02419	0.00661	0.00569	0.00159	0.05791	0.00543	0.00438	0.00714
31	0.01197	0.01148	0.01960	0.08179	0.74650	0.01163	0.01499	0.01492	0.01110	0.01582	0.00921	0.01222	0.00770	0.00441	0.00487	0.00147	0.00588	0.00438	0.00242	0.00763
32	0.01260	0.01320	0.06147	0.01537	0.01917	0.03024	0.34164	0.11258	0.21423	0.01835	0.01229	0.01387	0.00933	0.00556	0.00653	0.00168	0.09626	0.00523	0.00338	0.00702
33	0.03045	0.10490	0.05947	0.02193	0.44215	0.07287	0.07504	0.04640	0.01188	0.05412	0.02892	0.01216	0.00855	0.00470	0.00470	0.00143	0.00605	0.00427	0.00275	0.00726
34	0.01000	0.06132	0.76721	0.01376	0.02088	0.01177	0.01772	0.01553	0.01036	0.01538	0.00873	0.01026	0.00623	0.00465	0.00460	0.00153	0.00717	0.00359	0.00208	0.00722
35	0.00609	0.00440	0.00577	0.00677	0.00721	0.00409	0.00463	0.00708	0.00979	0.01299	0.06276	0.71136	0.08308	0.01490	0.00624	0.00196	0.00286	0.03938	0.00460	0.00405
36	0.00707	0.00566	0.00838	0.00978	0.08728	0.00539	0.04231	0.00868	0.02683	0.01375	0.07899	0.59906	0.06158	0.01307	0.00603	0.00187	0.00338	0.01193	0.00432	0.00463
37	0.50697	0.01077	0.04730	0.07098	0.04000	0.03794	0.00773	0.03454	0.00978	0.08704	0.01752	0.01012	0.00686	0.00511	0.00460	0.00154	0.06495	0.00336	0.00316	0.02974

[dist]
# distance from previous block
# <min> <max>
0	7

# created by:
# /home/cegg/simao/soft/augustus-3.2.1/scripts/msa2prfl.pl ./align_prep/EOG091G0HBC.fa
