[name]
unknown

[dist]
# distance from previous block
# <min> <max>
0	95

[block]
# block no. 0 follows, 48 sequences, length 17
# corresponding to MSA columns:
# 102-118
name=unknown_A
#
# <colnr> <probs for GDERKNQSTAVLIFYWHMCP>
#	G	D	E	R	K	N	Q	S	T	A	V	L	I	F	Y	W	H	M	C	P
0	0.63631	0.01006	0.00897	0.00759	0.01098	0.01113	0.00625	0.07661	0.01105	0.16535	0.00997	0.01033	0.00712	0.00517	0.00370	0.00158	0.00417	0.00336	0.00392	0.00639
1	0.01056	0.08946	0.73255	0.01416	0.02149	0.01258	0.01815	0.01618	0.01080	0.01592	0.00904	0.01063	0.00651	0.00484	0.00475	0.00158	0.00742	0.00371	0.00217	0.00750
2	0.00969	0.00912	0.01539	0.80734	0.03534	0.01140	0.01425	0.01311	0.01026	0.01311	0.00912	0.01368	0.00684	0.00513	0.00513	0.00171	0.00684	0.00456	0.00228	0.00570
3	0.01270	0.01219	0.02083	0.03149	0.78767	0.01219	0.01575	0.01575	0.01168	0.01676	0.00965	0.01270	0.00813	0.00457	0.00508	0.00152	0.00610	0.00457	0.00254	0.00813
4	0.62212	0.00995	0.00899	0.00759	0.01099	0.01094	0.00626	0.06594	0.01101	0.18951	0.01031	0.01056	0.00730	0.00520	0.00373	0.00158	0.00416	0.00341	0.00399	0.00645
5	0.01013	0.00924	0.01472	0.01180	0.01459	0.00929	0.21979	0.01639	0.22324	0.01966	0.35855	0.02621	0.02806	0.00780	0.00583	0.00168	0.00462	0.00742	0.00468	0.00632
6	0.01917	0.02445	0.01454	0.01322	0.01586	0.79907	0.00991	0.02049	0.01454	0.01256	0.00793	0.00925	0.00661	0.00529	0.00463	0.00132	0.00925	0.00330	0.00264	0.00595
7	0.01162	0.01097	0.01828	0.08861	0.57819	0.01144	0.01406	0.01434	0.01113	0.01577	0.01165	0.09059	0.01097	0.00628	0.00611	0.00167	0.06265	0.02560	0.00277	0.00729
8	0.00740	0.00545	0.00818	0.00818	0.00906	0.00633	0.00633	0.00906	0.00818	0.01178	0.01354	0.01997	0.01266	0.03761	0.76648	0.04377	0.01335	0.00545	0.00273	0.00448
9	0.00733	0.00550	0.00825	0.00825	0.00916	0.00641	0.00641	0.00916	0.00825	0.01191	0.01374	0.02016	0.01283	0.03848	0.79934	0.00825	0.01374	0.00550	0.00275	0.00458
10	0.01064	0.00912	0.01064	0.00760	0.01216	0.00684	0.00608	0.01292	0.01064	0.01672	0.00912	0.01064	0.00760	0.00380	0.00380	0.00076	0.00380	0.00304	0.00304	0.85104
11	0.01064	0.00912	0.01064	0.00760	0.01216	0.00684	0.00608	0.01292	0.01064	0.01672	0.00912	0.01064	0.00760	0.00380	0.00380	0.00076	0.00380	0.00304	0.00304	0.85104
12	0.01348	0.74571	0.06339	0.00968	0.01426	0.01955	0.04619	0.01546	0.01053	0.01248	0.00739	0.00863	0.00664	0.00441	0.00350	0.00115	0.00574	0.00295	0.00221	0.00665
13	0.00772	0.00503	0.00665	0.00665	0.00694	0.00532	0.00442	0.00783	0.00755	0.01035	0.01391	0.02566	0.01482	0.40931	0.26729	0.18049	0.00762	0.00623	0.00281	0.00339
14	0.01383	0.57514	0.02243	0.04268	0.01408	0.11322	0.00882	0.01666	0.08450	0.01298	0.00906	0.01083	0.00804	0.04326	0.00479	0.00140	0.00584	0.00340	0.00259	0.00645
15	0.01095	0.00925	0.01079	0.00782	0.01224	0.00725	0.00626	0.04855	0.01120	0.01730	0.00942	0.01103	0.00782	0.00504	0.02985	0.00104	0.00421	0.00319	0.00313	0.78364
16	0.01616	0.01357	0.09723	0.05710	0.18184	0.06253	0.08598	0.11809	0.04087	0.22731	0.03869	0.01475	0.01066	0.00562	0.00519	0.00158	0.00603	0.00492	0.00406	0.00782

[dist]
# distance from previous block
# <min> <max>
0	4

[block]
# block no. 1 follows, 48 sequences, length 21
# corresponding to MSA columns:
# 146-166
name=unknown_B
#
# <colnr> <probs for GDERKNQSTAVLIFYWHMCP>
#	G	D	E	R	K	N	Q	S	T	A	V	L	I	F	Y	W	H	M	C	P
0	0.01245	0.01094	0.01588	0.01775	0.24966	0.01290	0.01149	0.09148	0.01148	0.04454	0.05789	0.01626	0.01145	0.04115	0.01099	0.00201	0.34064	0.03129	0.00311	0.00663
1	0.65688	0.01010	0.01000	0.06036	0.12747	0.01144	0.00760	0.01493	0.00941	0.02141	0.02642	0.01004	0.00705	0.00490	0.00365	0.00159	0.00443	0.00331	0.00308	0.00593
2	0.32072	0.01340	0.01252	0.01007	0.01375	0.06317	0.00825	0.45169	0.01798	0.02775	0.01018	0.01069	0.00745	0.00560	0.00440	0.00154	0.00527	0.00387	0.00427	0.00741
3	0.00631	0.00466	0.00590	0.00675	0.00737	0.00426	0.00462	0.00741	0.01057	0.01390	0.09974	0.61440	0.16525	0.01505	0.00642	0.00198	0.00286	0.01346	0.00484	0.00426
4	0.01861	0.14019	0.01618	0.01231	0.01530	0.63586	0.00960	0.02002	0.01395	0.06105	0.00858	0.00962	0.00699	0.00522	0.00446	0.00131	0.00840	0.00334	0.00281	0.00622
5	0.15961	0.01103	0.01649	0.13046	0.43220	0.01158	0.01259	0.03237	0.03278	0.09754	0.01060	0.01274	0.00820	0.00496	0.00477	0.00157	0.00559	0.00436	0.00314	0.00742
6	0.00811	0.00603	0.00837	0.00809	0.00873	0.00701	0.00603	0.02747	0.00831	0.01180	0.01332	0.02194	0.01326	0.21267	0.48065	0.06354	0.08182	0.00577	0.00281	0.00428
7	0.01031	0.00993	0.01542	0.14927	0.01791	0.02506	0.13092	0.01314	0.05766	0.01404	0.04806	0.09676	0.01323	0.04340	0.02776	0.01790	0.28114	0.01946	0.00300	0.00561
8	0.58481	0.01320	0.01027	0.01004	0.06199	0.17787	0.00741	0.01614	0.01011	0.01991	0.00745	0.00895	0.00600	0.00506	0.00425	0.00156	0.04312	0.00309	0.00298	0.00581
9	0.01454	0.01248	0.01600	0.01286	0.01617	0.01405	0.12412	0.24804	0.35581	0.02304	0.01526	0.01547	0.01146	0.00653	0.00652	0.00173	0.08824	0.00535	0.00449	0.00786
10	0.01123	0.01123	0.01572	0.01347	0.01347	0.01572	0.01123	0.01235	0.00786	0.01235	0.00674	0.01123	0.00674	0.00898	0.01684	0.00225	0.81028	0.00449	0.00225	0.00561
11	0.01555	0.00896	0.01164	0.09055	0.01493	0.00759	0.00751	0.01783	0.01224	0.32953	0.01362	0.01371	0.00958	0.00497	0.00449	0.00119	0.00434	0.00405	0.00430	0.42341
12	0.00625	0.00447	0.00595	0.00714	0.00744	0.00417	0.00476	0.00714	0.00982	0.01310	0.02828	0.81633	0.03394	0.01608	0.00655	0.00208	0.00298	0.01459	0.00476	0.00417
13	0.00969	0.00912	0.01539	0.80734	0.03534	0.01140	0.01425	0.01311	0.01026	0.01311	0.00912	0.01368	0.00684	0.00513	0.00513	0.00171	0.00684	0.00456	0.00228	0.00570
14	0.01068	0.11746	0.70559	0.01396	0.02118	0.01287	0.01780	0.01615	0.01079	0.01577	0.00897	0.01054	0.00651	0.00482	0.00469	0.00156	0.00734	0.00367	0.00217	0.00747
15	0.00969	0.00912	0.01539	0.80734	0.03534	0.01140	0.01425	0.01311	0.01026	0.01311	0.00912	0.01368	0.00684	0.00513	0.00513	0.00171	0.00684	0.00456	0.00228	0.00570
16	0.10877	0.00885	0.01146	0.00888	0.01277	0.00795	0.00734	0.02398	0.01407	0.71213	0.01889	0.01652	0.01197	0.00619	0.00496	0.00159	0.00433	0.00491	0.00602	0.00841
17	0.01076	0.01041	0.01669	0.58911	0.21920	0.03929	0.01446	0.01402	0.01076	0.01399	0.00921	0.01328	0.00715	0.00500	0.00510	0.00165	0.00674	0.00452	0.00236	0.00630
18	0.01270	0.01219	0.02083	0.03149	0.78767	0.01219	0.01575	0.01575	0.01168	0.01676	0.00965	0.01270	0.00813	0.00457	0.00508	0.00152	0.00610	0.00457	0.00254	0.00813
19	0.00793	0.00509	0.00637	0.00685	0.00789	0.00456	0.00483	0.00904	0.01080	0.09340	0.03353	0.53745	0.22446	0.01428	0.00628	0.00194	0.00302	0.01265	0.00493	0.00468
20	0.03600	0.02931	0.01598	0.01385	0.06756	0.01553	0.01081	0.28442	0.01403	0.02008	0.00896	0.01158	0.00751	0.00746	0.01120	0.00190	0.42911	0.00446	0.00332	0.00692

[dist]
# distance from previous block
# <min> <max>
0	1

[block]
# block no. 2 follows, 48 sequences, length 6
# corresponding to MSA columns:
# 168-173
name=unknown_C
#
# <colnr> <probs for GDERKNQSTAVLIFYWHMCP>
#	G	D	E	R	K	N	Q	S	T	A	V	L	I	F	Y	W	H	M	C	P
0	0.00946	0.00993	0.05741	0.01424	0.01721	0.00874	0.32888	0.01244	0.01136	0.01526	0.01945	0.23896	0.02034	0.01005	0.00639	0.00198	0.00606	0.20248	0.00370	0.00565
1	0.85592	0.00992	0.00754	0.00675	0.00992	0.01151	0.00556	0.01508	0.00873	0.02302	0.00714	0.00834	0.00556	0.00476	0.00318	0.00159	0.00397	0.00278	0.00318	0.00556
2	0.00619	0.00520	0.00537	0.00533	0.00700	0.00438	0.00399	0.00760	0.01198	0.01454	0.12612	0.04826	0.71102	0.01274	0.00606	0.00172	0.00258	0.01067	0.00485	0.00438
3	0.00663	0.00515	0.00608	0.00672	0.00767	0.00480	0.00470	0.00858	0.06233	0.01392	0.03567	0.50726	0.28286	0.01443	0.00630	0.00194	0.00292	0.01274	0.00479	0.00449
4	0.10064	0.00573	0.00571	0.00556	0.00737	0.00521	0.00422	0.00857	0.01179	0.01588	0.15626	0.04317	0.58905	0.01171	0.00574	0.00170	0.00272	0.00970	0.00472	0.00454
5	0.00626	0.00521	0.00547	0.00540	0.00705	0.00442	0.00405	0.00774	0.01216	0.01496	0.17242	0.04756	0.66446	0.01258	0.00606	0.00171	0.00257	0.01057	0.00491	0.00442

[dist]
# distance from previous block
# <min> <max>
0	1

[block]
# block no. 3 follows, 48 sequences, length 15
# corresponding to MSA columns:
# 175-189
name=unknown_D
#
# <colnr> <probs for GDERKNQSTAVLIFYWHMCP>
#	G	D	E	R	K	N	Q	S	T	A	V	L	I	F	Y	W	H	M	C	P
0	0.00969	0.00912	0.01539	0.80734	0.03534	0.01140	0.01425	0.01311	0.01026	0.01311	0.00912	0.01368	0.00684	0.00513	0.00513	0.00171	0.00684	0.00456	0.00228	0.00570
1	0.00746	0.00497	0.00560	0.00560	0.00560	0.00497	0.00311	0.00746	0.00746	0.00995	0.01617	0.03358	0.01865	0.81967	0.02612	0.00497	0.00497	0.00746	0.00311	0.00311
2	0.01029	0.02654	0.79309	0.01462	0.02221	0.01192	0.01896	0.01625	0.01083	0.01625	0.00921	0.01083	0.00650	0.00487	0.00487	0.00162	0.00758	0.00379	0.00217	0.00758
3	0.00805	0.00575	0.00802	0.00921	0.01029	0.00572	0.00790	0.01026	0.01160	0.01512	0.02729	0.13834	0.03000	0.01438	0.00703	0.00233	0.00454	0.67478	0.00473	0.00467
4	0.01064	0.00912	0.01064	0.00760	0.01216	0.00684	0.00608	0.01292	0.01064	0.01672	0.00912	0.01064	0.00760	0.00380	0.00380	0.00076	0.00380	0.00304	0.00304	0.85104
5	0.00735	0.00540	0.00776	0.00776	0.00851	0.00615	0.00581	0.00885	0.00810	0.01155	0.01419	0.02263	0.01390	0.18216	0.65713	0.00764	0.01213	0.00586	0.00282	0.00431
6	0.01917	0.02445	0.01454	0.01322	0.01586	0.79907	0.00991	0.02049	0.01454	0.01256	0.00793	0.00925	0.00661	0.00529	0.00463	0.00132	0.00925	0.00330	0.00264	0.00595
7	0.00606	0.00520	0.00520	0.00520	0.00693	0.00433	0.00390	0.00736	0.01170	0.01386	0.05198	0.04938	0.78558	0.01299	0.00606	0.00173	0.00260	0.01083	0.00476	0.00433
8	0.00891	0.00446	0.00668	0.00668	0.00668	0.00446	0.00446	0.00668	0.00668	0.00891	0.00891	0.01560	0.00891	0.01783	0.02005	0.85071	0.00446	0.00446	0.00223	0.00223
9	0.00956	0.00478	0.00478	0.00478	0.00598	0.00478	0.00359	0.01196	0.01076	0.01913	0.01674	0.01913	0.01315	0.00598	0.00359	0.00120	0.00239	0.00478	0.84816	0.00478
10	0.10711	0.52808	0.14877	0.00992	0.01454	0.09055	0.01019	0.01596	0.01069	0.01401	0.00755	0.00876	0.00646	0.00459	0.00366	0.00126	0.00601	0.00297	0.00234	0.00657
11	0.85592	0.00992	0.00754	0.00675	0.00992	0.01151	0.00556	0.01508	0.00873	0.02302	0.00714	0.00834	0.00556	0.00476	0.00318	0.00159	0.00397	0.00278	0.00318	0.00556
12	0.00956	0.00478	0.00478	0.00478	0.00598	0.00478	0.00359	0.01196	0.01076	0.01913	0.01674	0.01913	0.01315	0.00598	0.00359	0.00120	0.00239	0.00478	0.84816	0.00478
13	0.22028	0.01420	0.01625	0.01999	0.36030	0.17971	0.04910	0.01650	0.01155	0.01738	0.00868	0.01086	0.00713	0.00472	0.00451	0.00147	0.00627	0.00387	0.00274	0.04447
14	0.01872	0.05763	0.01546	0.01380	0.06071	0.60682	0.01011	0.10099	0.01523	0.04172	0.00889	0.01002	0.00713	0.00534	0.00467	0.00136	0.00834	0.00356	0.00301	0.00650

[dist]
# distance from previous block
# <min> <max>
0	3

[block]
# block no. 4 follows, 48 sequences, length 33
# corresponding to MSA columns:
# 193-198,223-248,251
name=unknown_E
#
# <colnr> <probs for GDERKNQSTAVLIFYWHMCP>
#	G	D	E	R	K	N	Q	S	T	A	V	L	I	F	Y	W	H	M	C	P
0	0.01120	0.01113	0.01550	0.01322	0.01341	0.01533	0.01100	0.01237	0.00798	0.01254	0.00684	0.01120	0.00677	0.00876	0.01628	0.00218	0.77547	0.00443	0.00228	0.04210
1	0.00616	0.00520	0.00534	0.00530	0.00699	0.00437	0.00398	0.00756	0.01193	0.01442	0.11270	0.04846	0.72451	0.01279	0.00606	0.00172	0.00258	0.01070	0.00484	0.00437
2	0.85592	0.00992	0.00754	0.00675	0.00992	0.01151	0.00556	0.01508	0.00873	0.02302	0.00714	0.00834	0.00556	0.00476	0.00318	0.00159	0.00397	0.00278	0.00318	0.00556
3	0.00840	0.00606	0.00837	0.00948	0.01071	0.00611	0.00826	0.01112	0.03433	0.01553	0.02698	0.05674	0.02912	0.01396	0.00703	0.00234	0.00471	0.73118	0.00474	0.00482
4	0.85592	0.00992	0.00754	0.00675	0.00992	0.01151	0.00556	0.01508	0.00873	0.02302	0.00714	0.00834	0.00556	0.00476	0.00318	0.00159	0.00397	0.00278	0.00318	0.00556
5	0.00784	0.00932	0.15726	0.00802	0.01045	0.00619	0.00754	0.01094	0.01382	0.01975	0.63656	0.03307	0.04040	0.00942	0.00583	0.00162	0.00341	0.00823	0.00498	0.00537
6	0.00969	0.00912	0.01539	0.80734	0.03534	0.01140	0.01425	0.01311	0.01026	0.01311	0.00912	0.01368	0.00684	0.00513	0.00513	0.00171	0.00684	0.00456	0.00228	0.00570
7	0.00736	0.00540	0.00774	0.00774	0.00848	0.00614	0.00578	0.00884	0.00810	0.01154	0.01421	0.02272	0.01394	0.18792	0.65143	0.00762	0.01207	0.00587	0.00282	0.00430
8	0.17923	0.02167	0.01320	0.01198	0.01473	0.64842	0.00908	0.01945	0.01343	0.01456	0.00778	0.00908	0.00641	0.00519	0.00435	0.00137	0.00824	0.00320	0.00275	0.00587
9	0.02124	0.16445	0.01477	0.00906	0.01311	0.00998	0.00778	0.02316	0.01387	0.64217	0.01774	0.01570	0.01153	0.00598	0.00480	0.00149	0.00458	0.00470	0.00556	0.00832
10	0.01036	0.02321	0.64341	0.01328	0.02029	0.01095	0.01649	0.01561	0.01080	0.01634	0.00919	0.01080	0.00671	0.00467	0.00467	0.00146	0.00686	0.00365	0.00233	0.16893
11	0.01212	0.01160	0.01979	0.17991	0.64375	0.01204	0.01546	0.01524	0.01141	0.01606	0.00955	0.01289	0.00788	0.00468	0.00509	0.00156	0.00624	0.00457	0.00249	0.00766
12	0.17460	0.01175	0.01626	0.03491	0.39557	0.01253	0.03005	0.09035	0.14795	0.02022	0.01142	0.01301	0.00900	0.00519	0.00477	0.00158	0.00536	0.00449	0.00338	0.00762
13	0.01447	0.01139	0.01908	0.07386	0.57080	0.01128	0.03703	0.01738	0.01218	0.16468	0.01167	0.01371	0.00891	0.00494	0.00513	0.00155	0.00589	0.00473	0.00325	0.00806
14	0.00714	0.00531	0.00647	0.00619	0.00725	0.00500	0.00446	0.00884	0.01244	0.01698	0.46976	0.03910	0.19378	0.16577	0.01013	0.00230	0.02062	0.00915	0.00491	0.00442
15	0.85592	0.00992	0.00754	0.00675	0.00992	0.01151	0.00556	0.01508	0.00873	0.02302	0.00714	0.00834	0.00556	0.00476	0.00318	0.00159	0.00397	0.00278	0.00318	0.00556
16	0.01301	0.16945	0.06188	0.01190	0.05227	0.25379	0.00989	0.01517	0.01232	0.01399	0.01544	0.02829	0.01561	0.00852	0.00537	0.00171	0.00651	0.29572	0.00334	0.00580
17	0.00796	0.00619	0.00870	0.00812	0.00974	0.00650	0.00635	0.00988	0.00870	0.01283	0.01286	0.01834	0.01183	0.03185	0.64716	0.00681	0.01184	0.00503	0.00280	0.16651
18	0.00705	0.00528	0.00762	0.00785	0.00870	0.00586	0.00595	0.00867	0.00876	0.01226	0.01884	0.17423	0.06363	0.03265	0.59968	0.00667	0.01101	0.00756	0.00326	0.00449
19	0.01497	0.01212	0.01284	0.01089	0.01418	0.01379	0.00866	0.27038	0.53169	0.02502	0.01808	0.01691	0.01339	0.00670	0.00519	0.00167	0.00458	0.00541	0.00519	0.00832
20	0.01217	0.01066	0.01233	0.16289	0.01755	0.01250	0.00929	0.02456	0.63146	0.01987	0.01863	0.01810	0.01398	0.00661	0.00520	0.00173	0.00459	0.00556	0.00466	0.00766
21	0.00988	0.00829	0.00979	0.00732	0.01118	0.00640	0.00579	0.01217	0.01141	0.01739	0.15856	0.01686	0.03396	0.00530	0.00428	0.00095	0.00351	0.00442	0.00358	0.66898
22	0.00716	0.00592	0.00657	0.00598	0.00808	0.00489	0.00452	0.00882	0.01189	0.01553	0.16976	0.07921	0.47046	0.01096	0.00565	0.00154	0.00282	0.00926	0.00459	0.16638
23	0.00810	0.00607	0.00842	0.00783	0.00932	0.00625	0.00599	0.00958	0.00853	0.01247	0.01262	0.01880	0.01187	0.07836	0.53710	0.07405	0.01056	0.00507	0.00279	0.16623
24	0.01155	0.01207	0.05397	0.36019	0.17749	0.01228	0.22016	0.06050	0.01190	0.01602	0.00976	0.01333	0.00745	0.00485	0.00536	0.00167	0.00715	0.00494	0.00258	0.00677
25	0.00746	0.00497	0.00560	0.00560	0.00560	0.00497	0.00311	0.00746	0.00746	0.00995	0.01617	0.03358	0.01865	0.81967	0.02612	0.00497	0.00497	0.00746	0.00311	0.00311
26	0.00992	0.00935	0.01580	0.74822	0.09267	0.01146	0.01436	0.01331	0.01037	0.01339	0.00916	0.01361	0.00694	0.00509	0.00513	0.00170	0.00678	0.00456	0.00230	0.00588
27	0.00823	0.00587	0.00815	0.00928	0.01041	0.00587	0.00805	0.01049	0.01162	0.01512	0.02669	0.05683	0.02906	0.04894	0.00791	0.00248	0.00474	0.72094	0.00466	0.00466
28	0.01252	0.01201	0.02050	0.07844	0.74214	0.01214	0.01566	0.01559	0.01160	0.01654	0.00962	0.01276	0.00805	0.00461	0.00508	0.00154	0.00614	0.00457	0.00252	0.00798
29	0.00956	0.00478	0.00478	0.00478	0.00598	0.00478	0.00359	0.01196	0.01076	0.01913	0.01674	0.01913	0.01315	0.00598	0.00359	0.00120	0.00239	0.00478	0.84816	0.00478
30	0.01123	0.01123	0.01572	0.01347	0.01347	0.01572	0.01123	0.01235	0.00786	0.01235	0.00674	0.01123	0.00674	0.00898	0.01684	0.00225	0.81028	0.00449	0.00225	0.00561
31	0.00625	0.00447	0.00595	0.00714	0.00744	0.00417	0.00476	0.00714	0.00982	0.01310	0.02828	0.81633	0.03394	0.01608	0.00655	0.00208	0.00298	0.01459	0.00476	0.00417
32	0.00956	0.00478	0.00478	0.00478	0.00598	0.00478	0.00359	0.01196	0.01076	0.01913	0.01674	0.01913	0.01315	0.00598	0.00359	0.00120	0.00239	0.00478	0.84816	0.00478

[dist]
# distance from previous block
# <min> <max>
0	1

[block]
# block no. 5 follows, 48 sequences, length 15
# corresponding to MSA columns:
# 253-262,271-275
name=unknown_F
#
# <colnr> <probs for GDERKNQSTAVLIFYWHMCP>
#	G	D	E	R	K	N	Q	S	T	A	V	L	I	F	Y	W	H	M	C	P
0	0.01836	0.02201	0.01492	0.01309	0.01593	0.64328	0.04075	0.10275	0.01550	0.01528	0.04472	0.01113	0.00884	0.00559	0.00481	0.00138	0.00851	0.00384	0.00306	0.00624
1	0.00923	0.00833	0.01196	0.03494	0.01196	0.01095	0.00890	0.01073	0.00819	0.01221	0.01090	0.05274	0.01069	0.02218	0.36036	0.00486	0.39779	0.00541	0.00259	0.00509
2	0.00690	0.00511	0.00554	0.00559	0.00637	0.00474	0.00366	0.00755	0.00943	0.01183	0.03176	0.04126	0.34343	0.44535	0.01685	0.00350	0.00396	0.03962	0.00388	0.00369
3	0.00992	0.02439	0.71371	0.01374	0.02070	0.01118	0.01749	0.01547	0.01106	0.01634	0.04935	0.01418	0.04904	0.00557	0.00499	0.00163	0.00707	0.00443	0.00247	0.00728
4	0.00681	0.00541	0.00626	0.00670	0.00820	0.00486	0.00540	0.00846	0.01167	0.01434	0.04281	0.07813	0.50510	0.01350	0.00643	0.00196	0.00333	0.26143	0.00475	0.00446
5	0.01223	0.01410	0.08467	0.02539	0.35826	0.01255	0.38299	0.01612	0.01183	0.01656	0.00997	0.01311	0.00784	0.00447	0.00554	0.00163	0.00745	0.00523	0.00254	0.00750
6	0.01276	0.01102	0.01160	0.01044	0.01334	0.01276	0.00812	0.02727	0.77840	0.02146	0.02088	0.01914	0.01566	0.00696	0.00522	0.00174	0.00406	0.00580	0.00522	0.00812
7	0.01347	0.76567	0.08183	0.00920	0.01382	0.01970	0.00951	0.01543	0.01046	0.01237	0.00728	0.00842	0.00658	0.00442	0.00341	0.00114	0.00564	0.00282	0.00219	0.00666
8	0.01064	0.00912	0.01064	0.00760	0.01216	0.00684	0.00608	0.01292	0.01064	0.01672	0.00912	0.01064	0.00760	0.00380	0.00380	0.00076	0.00380	0.00304	0.00304	0.85104
9	0.22077	0.01027	0.01461	0.01450	0.17495	0.01003	0.08746	0.01980	0.01236	0.36458	0.01386	0.01390	0.00952	0.00539	0.00476	0.00159	0.00507	0.00456	0.00440	0.00765
10	0.01800	0.02145	0.01421	0.01274	0.01542	0.61051	0.00969	0.06855	0.12474	0.01508	0.01003	0.01093	0.00805	0.00571	0.00515	0.00143	0.03494	0.00379	0.00316	0.00643
11	0.00912	0.00617	0.00747	0.00747	0.00838	0.00670	0.00563	0.06446	0.01106	0.01674	0.02023	0.32942	0.02096	0.01068	0.00660	0.00175	0.09904	0.04549	0.31772	0.00492
12	0.01344	0.68076	0.13403	0.00977	0.01454	0.04856	0.01025	0.01568	0.01064	0.01268	0.00745	0.00864	0.00657	0.00449	0.00357	0.00118	0.00592	0.00291	0.00221	0.00670
13	0.00733	0.00550	0.00825	0.00825	0.00916	0.00641	0.00641	0.00916	0.00825	0.01191	0.01374	0.02016	0.01283	0.03848	0.79934	0.00825	0.01374	0.00550	0.00275	0.00458
14	0.00751	0.00733	0.07465	0.00798	0.04073	0.00564	0.00634	0.01003	0.01348	0.01870	0.54067	0.05664	0.17015	0.01034	0.00593	0.00164	0.00306	0.00902	0.00505	0.00511

[dist]
# distance from previous block
# <min> <max>
0	1

[block]
# block no. 6 follows, 48 sequences, length 61
# corresponding to MSA columns:
# 277-337
name=unknown_G
#
# <colnr> <probs for GDERKNQSTAVLIFYWHMCP>
#	G	D	E	R	K	N	Q	S	T	A	V	L	I	F	Y	W	H	M	C	P
0	0.00770	0.00585	0.00735	0.00738	0.02180	0.00568	0.00532	0.01109	0.09688	0.01880	0.50224	0.18287	0.08496	0.01120	0.00604	0.00172	0.00278	0.00991	0.00533	0.00510
1	0.01816	0.01396	0.03565	0.01145	0.01540	0.01502	0.00958	0.64302	0.09942	0.03025	0.01329	0.01326	0.00955	0.00620	0.00507	0.00155	0.00540	0.00472	0.04059	0.00847
2	0.85592	0.00992	0.00754	0.00675	0.00992	0.01151	0.00556	0.01508	0.00873	0.02302	0.00714	0.00834	0.00556	0.00476	0.00318	0.00159	0.00397	0.00278	0.00318	0.00556
3	0.02302	0.00873	0.01191	0.00913	0.01310	0.00754	0.00754	0.02501	0.01469	0.79122	0.02024	0.01746	0.01270	0.00635	0.00516	0.00159	0.00437	0.00516	0.00635	0.00873
4	0.01179	0.01056	0.01747	0.52719	0.04931	0.01211	0.12485	0.12273	0.01266	0.03169	0.01013	0.01366	0.00751	0.00518	0.00524	0.00167	0.00679	0.00481	0.01824	0.00642
5	0.00969	0.00912	0.01539	0.80734	0.03534	0.01140	0.01425	0.01311	0.01026	0.01311	0.00912	0.01368	0.00684	0.00513	0.00513	0.00171	0.00684	0.00456	0.00228	0.00570
6	0.01243	0.01295	0.02517	0.02696	0.43795	0.01255	0.36198	0.01606	0.01188	0.01661	0.00999	0.01322	0.00797	0.00446	0.00553	0.00162	0.00727	0.00525	0.00257	0.00757
7	0.01125	0.02631	0.70865	0.01447	0.02152	0.09729	0.01798	0.01671	0.01124	0.01585	0.00907	0.01066	0.00651	0.00492	0.00485	0.00159	0.00776	0.00374	0.00222	0.00741
8	0.01335	0.02241	0.37106	0.11316	0.02210	0.26054	0.07857	0.03209	0.01230	0.01503	0.00895	0.01097	0.00673	0.00502	0.00493	0.00155	0.00807	0.00394	0.00243	0.00680
9	0.00981	0.00924	0.01560	0.77704	0.06473	0.01143	0.01431	0.01321	0.01032	0.01325	0.00914	0.01364	0.00689	0.00511	0.00513	0.00170	0.00681	0.00456	0.00229	0.00579
10	0.00880	0.00453	0.00679	0.00679	0.00686	0.00459	0.00459	0.00686	0.00679	0.00912	0.00925	0.01591	0.00918	0.01926	0.07413	0.79225	0.00510	0.00453	0.00226	0.00239
11	0.01355	0.71960	0.07957	0.01018	0.04473	0.03461	0.00979	0.01554	0.01058	0.01256	0.00739	0.00861	0.00664	0.00445	0.00350	0.00116	0.00573	0.00290	0.00222	0.00670
12	0.01099	0.00853	0.01054	0.00847	0.01194	0.00728	0.00695	0.01317	0.01094	0.06912	0.01358	0.03302	0.01263	0.00657	0.00549	0.00126	0.05997	0.15163	0.00357	0.55435
13	0.01389	0.04468	0.13844	0.01434	0.14019	0.01133	0.03474	0.06745	0.22796	0.14757	0.02687	0.08262	0.01343	0.00672	0.00520	0.00165	0.00519	0.00577	0.00425	0.00770
14	0.01208	0.19858	0.40835	0.01512	0.05063	0.01379	0.16351	0.01647	0.01120	0.05043	0.00950	0.01122	0.00712	0.00471	0.00478	0.00152	0.00713	0.00410	0.00246	0.00731
15	0.09473	0.02280	0.01394	0.01259	0.01533	0.70150	0.00952	0.04534	0.01434	0.01417	0.00801	0.00927	0.00659	0.00527	0.00451	0.00135	0.00865	0.00330	0.00278	0.00601
16	0.08924	0.02264	0.62153	0.01308	0.01961	0.01133	0.01614	0.03312	0.01133	0.04373	0.06329	0.01277	0.00958	0.00533	0.00481	0.00162	0.00674	0.00414	0.00271	0.00727
17	0.01216	0.01365	0.02898	0.02085	0.02588	0.01296	0.71623	0.01719	0.06528	0.01678	0.01111	0.01421	0.00833	0.00451	0.00600	0.00173	0.00833	0.00604	0.00278	0.00700
18	0.00784	0.00547	0.00649	0.00610	0.00773	0.00481	0.00462	0.00974	0.01331	0.07115	0.41525	0.04165	0.36439	0.01128	0.00600	0.00166	0.00263	0.00966	0.00532	0.00489
19	0.00966	0.00705	0.04528	0.00767	0.00944	0.00604	0.00611	0.06370	0.01366	0.10239	0.38584	0.25035	0.05025	0.01108	0.00597	0.00174	0.00326	0.00976	0.00526	0.00547
20	0.01120	0.00911	0.01031	0.00823	0.01189	0.00822	0.00652	0.01678	0.22318	0.04499	0.03049	0.01777	0.06540	0.00583	0.00451	0.00119	0.00377	0.02282	0.02361	0.47418
21	0.01119	0.04486	0.51712	0.01310	0.01907	0.01244	0.01514	0.01980	0.25980	0.01782	0.01293	0.01345	0.00947	0.00554	0.00494	0.00165	0.00638	0.00441	0.00316	0.00773
22	0.07138	0.27910	0.25784	0.01087	0.01578	0.01458	0.01147	0.01903	0.19671	0.05901	0.01182	0.01219	0.00902	0.00530	0.00434	0.00148	0.00562	0.00394	0.00321	0.00731
23	0.01223	0.01140	0.01865	0.14657	0.45295	0.01274	0.02633	0.01487	0.01068	0.04133	0.00926	0.01269	0.00775	0.00574	0.00784	0.00173	0.19291	0.00459	0.00256	0.00717
24	0.01475	0.07331	0.42641	0.03131	0.01891	0.07774	0.01420	0.08258	0.01306	0.18246	0.01158	0.01214	0.00804	0.00531	0.00484	0.00155	0.00672	0.00406	0.00336	0.00768
25	0.01051	0.06399	0.20539	0.01264	0.09179	0.01056	0.03631	0.01694	0.20601	0.01868	0.24821	0.02143	0.02178	0.00703	0.00528	0.00161	0.00488	0.00606	0.00405	0.00685
26	0.01366	0.01241	0.02078	0.07950	0.31543	0.01261	0.21076	0.15958	0.03157	0.04208	0.01256	0.01475	0.03936	0.00529	0.00539	0.00161	0.00650	0.00526	0.00329	0.00761
27	0.01195	0.01443	0.13477	0.09532	0.36908	0.03501	0.19222	0.01567	0.01159	0.01618	0.01023	0.01386	0.00825	0.00488	0.00528	0.00161	0.00695	0.02153	0.02387	0.00732
28	0.01177	0.01136	0.01970	0.26273	0.52314	0.01200	0.05471	0.01500	0.01128	0.01565	0.00953	0.01305	0.00773	0.00473	0.00515	0.00159	0.00645	0.00465	0.00247	0.00734
29	0.00664	0.00475	0.00640	0.00759	0.00806	0.00451	0.00544	0.00782	0.01021	0.01354	0.02806	0.66898	0.03308	0.01571	0.00665	0.00214	0.00332	0.15807	0.00476	0.00428
30	0.01259	0.01329	0.27200	0.00996	0.01375	0.00813	0.01012	0.01547	0.01105	0.22547	0.05328	0.03937	0.01417	0.17983	0.09613	0.00305	0.00646	0.00565	0.00380	0.00641
31	0.01381	0.28389	0.01702	0.01002	0.01342	0.04654	0.00850	0.11153	0.35260	0.01882	0.01514	0.04225	0.01241	0.00644	0.00464	0.00151	0.00492	0.02509	0.00406	0.00737
32	0.01372	0.82276	0.02689	0.00878	0.01317	0.02030	0.00878	0.01536	0.01043	0.01207	0.00713	0.00823	0.00658	0.00439	0.00329	0.00110	0.00549	0.00274	0.00219	0.00658
33	0.01810	0.00946	0.01180	0.00884	0.01304	0.00815	0.00723	0.09758	0.01417	0.42795	0.01533	0.01442	0.01041	0.00539	0.00466	0.00128	0.00429	0.00432	0.00501	0.31854
34	0.00827	0.00591	0.00827	0.00945	0.01063	0.00591	0.00827	0.01063	0.01181	0.01536	0.02717	0.05788	0.02953	0.01417	0.00709	0.00236	0.00472	0.75313	0.00472	0.00472
35	0.00741	0.00516	0.00656	0.00656	0.00689	0.00550	0.00431	0.00808	0.00775	0.01066	0.01529	0.02871	0.01654	0.53653	0.30638	0.00616	0.00815	0.00675	0.00298	0.00364
36	0.01176	0.01124	0.01914	0.27252	0.55395	0.01195	0.01528	0.01493	0.01124	0.01563	0.00949	0.01300	0.00773	0.00475	0.00510	0.00158	0.00633	0.00457	0.00246	0.00737
37	0.00625	0.00447	0.00595	0.00714	0.00744	0.00417	0.00476	0.00714	0.00982	0.01310	0.02828	0.81633	0.03394	0.01608	0.00655	0.00208	0.00298	0.01459	0.00476	0.00417
38	0.01062	0.10393	0.71862	0.01406	0.02133	0.01273	0.01797	0.01616	0.01079	0.01584	0.00901	0.01058	0.00651	0.00483	0.00472	0.00157	0.00738	0.00369	0.00217	0.00749
39	0.01107	0.01100	0.01542	0.01327	0.01330	0.01535	0.01104	0.01222	0.00787	0.01233	0.00701	0.01157	0.00697	0.01013	0.04740	0.00248	0.77917	0.00453	0.00226	0.00557
40	0.57375	0.01064	0.01051	0.00952	0.04393	0.02756	0.05601	0.03384	0.10914	0.04356	0.03254	0.01151	0.00866	0.00526	0.00392	0.00161	0.00448	0.00376	0.00357	0.00623
41	0.13390	0.01113	0.12038	0.00962	0.02980	0.00930	0.00846	0.10449	0.07169	0.14830	0.20506	0.05464	0.03966	0.00817	0.02160	0.00177	0.00454	0.00616	0.00464	0.00670
42	0.06364	0.07406	0.17728	0.01882	0.29033	0.06322	0.03924	0.01821	0.06601	0.12380	0.01140	0.01266	0.00858	0.00508	0.00482	0.00154	0.00614	0.00431	0.00320	0.00765
43	0.01372	0.82276	0.02689	0.00878	0.01317	0.02030	0.00878	0.01536	0.01043	0.01207	0.00713	0.00823	0.00658	0.00439	0.00329	0.00110	0.00549	0.00274	0.00219	0.00658
44	0.01199	0.01207	0.06342	0.10609	0.35610	0.02720	0.12394	0.03634	0.02373	0.04343	0.07656	0.01810	0.03739	0.00590	0.00540	0.00163	0.00613	0.03431	0.00316	0.00713
45	0.09171	0.10039	0.19012	0.05357	0.18834	0.01310	0.04712	0.14306	0.02901	0.05376	0.02240	0.02588	0.00880	0.00533	0.00477	0.00155	0.00601	0.00441	0.00322	0.00745
46	0.03162	0.01100	0.01700	0.02291	0.48758	0.01116	0.02807	0.03149	0.12227	0.06539	0.07297	0.01740	0.04657	0.00587	0.00520	0.00158	0.00526	0.00541	0.00356	0.00768
47	0.11737	0.00889	0.01099	0.02826	0.03402	0.00901	0.02788	0.16941	0.01405	0.22964	0.01882	0.27411	0.01751	0.00914	0.00538	0.00174	0.00435	0.00781	0.00490	0.00673
48	0.02958	0.01494	0.18503	0.12487	0.29923	0.01207	0.14272	0.06145	0.01208	0.03044	0.01043	0.03509	0.00834	0.00512	0.00521	0.00162	0.00675	0.00491	0.00273	0.00737
49	0.01385	0.15647	0.06261	0.11909	0.17990	0.01290	0.01113	0.11388	0.09000	0.10391	0.01418	0.04775	0.04037	0.00608	0.00488	0.00154	0.00545	0.00505	0.00363	0.00733
50	0.01621	0.02808	0.08107	0.04414	0.03368	0.00829	0.03677	0.03646	0.02763	0.39881	0.08088	0.08114	0.04677	0.00765	0.00539	0.00166	0.00466	0.03645	0.01695	0.00731
51	0.01224	0.04571	0.03484	0.02677	0.15039	0.02419	0.05449	0.01526	0.06531	0.16585	0.06369	0.14506	0.15721	0.00870	0.00553	0.00168	0.00455	0.00766	0.00435	0.00653
52	0.01118	0.00975	0.01078	0.00806	0.01227	0.04085	0.00641	0.04797	0.01142	0.01709	0.01040	0.04389	0.00917	0.00471	0.00408	0.00091	0.00411	0.02118	0.00323	0.72253
53	0.01312	0.01026	0.01248	0.14545	0.01671	0.01135	0.02439	0.22465	0.22136	0.05150	0.13044	0.03447	0.06661	0.00741	0.00539	0.00166	0.00472	0.00623	0.00471	0.00708
54	0.00626	0.00461	0.00587	0.00680	0.00737	0.00422	0.00463	0.00728	0.01031	0.01352	0.06227	0.66167	0.15569	0.01536	0.00645	0.00201	0.00289	0.01377	0.00480	0.00422
55	0.12452	0.02780	0.11203	0.01184	0.01604	0.05404	0.10434	0.20672	0.06803	0.15217	0.04949	0.01426	0.01088	0.00580	0.00494	0.00158	0.00571	0.00475	0.01757	0.00748
56	0.01233	0.03117	0.15914	0.14396	0.16929	0.09403	0.10873	0.06940	0.01210	0.01605	0.01061	0.06784	0.00912	0.00600	0.00609	0.00166	0.06774	0.00514	0.00276	0.00681
57	0.00734	0.00494	0.00617	0.00679	0.00770	0.00444	0.00473	0.00841	0.01063	0.06605	0.03374	0.56797	0.22281	0.01464	0.00633	0.00196	0.00298	0.01300	0.00487	0.00452
58	0.01037	0.01365	0.18148	0.01468	0.01889	0.01028	0.32193	0.01446	0.04343	0.02937	0.07204	0.03686	0.09249	0.06392	0.02092	0.00206	0.02537	0.01825	0.00323	0.00630
59	0.06353	0.21081	0.30941	0.01279	0.04815	0.04245	0.05094	0.05363	0.02406	0.12307	0.01047	0.01135	0.00770	0.00503	0.00451	0.00148	0.00634	0.00387	0.00305	0.00738
60	0.01090	0.00783	0.01176	0.19664	0.06337	0.00856	0.02392	0.01301	0.01103	0.12250	0.07520	0.07562	0.06227	0.05268	0.04077	0.02201	0.08518	0.10729	0.00381	0.00565

[dist]
# distance from previous block
# <min> <max>
0	1

[block]
# block no. 7 follows, 48 sequences, length 26
# corresponding to MSA columns:
# 339-364
name=unknown_H
#
# <colnr> <probs for GDERKNQSTAVLIFYWHMCP>
#	G	D	E	R	K	N	Q	S	T	A	V	L	I	F	Y	W	H	M	C	P
0	0.01174	0.06958	0.19486	0.08383	0.09749	0.03174	0.33538	0.03044	0.01180	0.01601	0.01078	0.01536	0.00876	0.00523	0.00545	0.00167	0.00751	0.05280	0.00263	0.00693
1	0.01636	0.15213	0.15147	0.03312	0.03574	0.07163	0.01116	0.30668	0.06604	0.08953	0.01169	0.01209	0.00856	0.00558	0.00475	0.00149	0.00604	0.00419	0.00392	0.00783
2	0.05781	0.04387	0.06571	0.11595	0.03194	0.03385	0.03054	0.05736	0.05422	0.15592	0.19011	0.06953	0.01995	0.03287	0.00589	0.00172	0.00479	0.00629	0.00434	0.01733
3	0.00903	0.00503	0.00756	0.00791	0.03789	0.00521	0.00515	0.00734	0.00700	0.00948	0.00927	0.01604	0.00925	0.04119	0.04954	0.73334	0.03021	0.00459	0.00229	0.00268
4	0.04399	0.04797	0.01998	0.16349	0.48409	0.03543	0.07667	0.01571	0.01148	0.03887	0.00968	0.01264	0.00780	0.00472	0.00501	0.00155	0.00637	0.00452	0.00262	0.00739
5	0.01358	0.78968	0.05872	0.00902	0.01354	0.01995	0.00920	0.01540	0.01044	0.01225	0.00722	0.00834	0.00658	0.00441	0.00336	0.00112	0.00557	0.00279	0.00219	0.00663
6	0.01405	0.66964	0.02406	0.00899	0.01309	0.04350	0.00861	0.08386	0.01196	0.01445	0.03681	0.01007	0.00853	0.00485	0.00361	0.00117	0.00542	0.00323	0.02745	0.00664
7	0.00739	0.00526	0.00703	0.00703	0.00752	0.00575	0.00489	0.00838	0.00788	0.01101	0.01486	0.02634	0.01551	0.39838	0.44311	0.00674	0.00970	0.00640	0.00291	0.00390
8	0.05540	0.01208	0.11416	0.05019	0.01564	0.02150	0.05295	0.11809	0.12728	0.19594	0.03107	0.05870	0.04367	0.00744	0.00536	0.00172	0.00519	0.07183	0.00456	0.00724
9	0.01369	0.00732	0.00920	0.00830	0.01053	0.00693	0.00638	0.09363	0.03980	0.28342	0.04002	0.31718	0.09658	0.01092	0.00584	0.00181	0.00378	0.03289	0.00538	0.00640
10	0.01917	0.02445	0.01454	0.01322	0.01586	0.79907	0.00991	0.02049	0.01454	0.01256	0.00793	0.00925	0.00661	0.00529	0.00463	0.00132	0.00925	0.00330	0.00264	0.00595
11	0.01515	0.01136	0.01553	0.04202	0.14648	0.01191	0.09731	0.32445	0.01673	0.06259	0.01290	0.01437	0.00963	0.00561	0.00489	0.00149	0.00533	0.00484	0.18997	0.00744
12	0.01261	0.00833	0.01077	0.09900	0.06527	0.03251	0.00832	0.06131	0.05275	0.18419	0.04186	0.16595	0.08909	0.00982	0.00581	0.00183	0.00458	0.13509	0.00468	0.00626
13	0.00840	0.00501	0.00672	0.00740	0.00817	0.00460	0.00512	0.00943	0.01045	0.11258	0.02725	0.71419	0.03122	0.01483	0.00637	0.00202	0.00315	0.01338	0.00497	0.00475
14	0.00969	0.00912	0.01539	0.80734	0.03534	0.01140	0.01425	0.01311	0.01026	0.01311	0.00912	0.01368	0.00684	0.00513	0.00513	0.00171	0.00684	0.00456	0.00228	0.00570
15	0.04612	0.06144	0.01695	0.25950	0.07981	0.05976	0.08034	0.17417	0.04607	0.10924	0.01146	0.01321	0.00839	0.00540	0.00500	0.00158	0.00625	0.00458	0.00357	0.00714
16	0.01273	0.01390	0.12030	0.09193	0.36366	0.03718	0.10513	0.04893	0.02964	0.05609	0.01214	0.02887	0.03337	0.00541	0.00540	0.00161	0.01825	0.00505	0.00295	0.00745
17	0.00746	0.00497	0.00560	0.00560	0.00560	0.00497	0.00311	0.00746	0.00746	0.00995	0.01617	0.03358	0.01865	0.81967	0.02612	0.00497	0.00497	0.00746	0.00311	0.00311
18	0.00969	0.00912	0.01539	0.80734	0.03534	0.01140	0.01425	0.01311	0.01026	0.01311	0.00912	0.01368	0.00684	0.00513	0.00513	0.00171	0.00684	0.00456	0.00228	0.00570
19	0.03780	0.08778	0.21798	0.01479	0.12781	0.01233	0.06293	0.07160	0.14728	0.10734	0.05216	0.01472	0.01141	0.00566	0.00496	0.00158	0.00576	0.00478	0.00368	0.00764
20	0.06006	0.01680	0.30689	0.11818	0.23375	0.01174	0.05151	0.03230	0.03926	0.04347	0.01032	0.01288	0.00792	0.02672	0.00552	0.00170	0.00657	0.00439	0.00271	0.00731
21	0.01341	0.01235	0.01963	0.08642	0.63761	0.03546	0.01484	0.06271	0.01253	0.04119	0.01005	0.01279	0.00817	0.00479	0.00508	0.00153	0.00616	0.00455	0.00280	0.00794
22	0.01307	0.01313	0.07362	0.04697	0.54089	0.03096	0.06310	0.03639	0.03418	0.05584	0.01111	0.03775	0.00918	0.00516	0.00517	0.00157	0.00621	0.00496	0.00292	0.00782
23	0.01232	0.06082	0.28804	0.05565	0.06184	0.01066	0.10789	0.01660	0.04158	0.13617	0.10467	0.03087	0.03778	0.00619	0.00522	0.00162	0.00600	0.00544	0.00355	0.00709
24	0.00771	0.00633	0.00898	0.04827	0.06916	0.00609	0.04284	0.03238	0.01117	0.01450	0.03055	0.39763	0.21986	0.01287	0.00622	0.00192	0.00380	0.07044	0.00438	0.00490
25	0.01324	0.01369	0.12021	0.08922	0.30344	0.03165	0.13490	0.04480	0.01236	0.10174	0.03577	0.01461	0.02447	0.00538	0.00563	0.00162	0.03172	0.00501	0.00313	0.00743

[dist]
# distance from previous block
# <min> <max>
0	1

[block]
# block no. 8 follows, 48 sequences, length 14
# corresponding to MSA columns:
# 366-379
name=unknown_I
#
# <colnr> <probs for GDERKNQSTAVLIFYWHMCP>
#	G	D	E	R	K	N	Q	S	T	A	V	L	I	F	Y	W	H	M	C	P
0	0.01305	0.01513	0.21187	0.03889	0.13877	0.04964	0.09883	0.03663	0.04071	0.11866	0.01371	0.04231	0.04086	0.00568	0.00507	0.00152	0.00609	0.00502	0.00335	0.11423
1	0.01222	0.05292	0.35528	0.01315	0.04788	0.01068	0.07526	0.04203	0.04010	0.12163	0.11001	0.02821	0.01395	0.00767	0.04474	0.00194	0.00648	0.00519	0.00350	0.00717
2	0.01375	0.04890	0.32711	0.02909	0.06400	0.01172	0.02576	0.13581	0.04029	0.13111	0.04085	0.01660	0.01127	0.00624	0.00541	0.00165	0.02427	0.05495	0.00368	0.00756
3	0.01372	0.01325	0.10146	0.08454	0.21485	0.04267	0.05870	0.17127	0.01424	0.07639	0.01425	0.05433	0.03614	0.00668	0.00560	0.00167	0.02275	0.05659	0.00362	0.00728
4	0.01379	0.58216	0.04089	0.11058	0.01652	0.07859	0.00982	0.05052	0.03110	0.01351	0.00809	0.00953	0.00695	0.00471	0.00380	0.00124	0.00597	0.00321	0.00245	0.00658
5	0.03039	0.05796	0.01721	0.10448	0.14845	0.17861	0.10389	0.07292	0.01298	0.06761	0.01076	0.04611	0.00887	0.00538	0.00489	0.00144	0.00652	0.00463	0.00314	0.11379
6	0.01602	0.01140	0.08453	0.01162	0.04745	0.04780	0.08908	0.03677	0.01306	0.33513	0.03637	0.09844	0.01353	0.00666	0.00516	0.00153	0.00516	0.00581	0.02019	0.11430
7	0.00702	0.00526	0.00656	0.00680	0.00787	0.00467	0.00472	0.00824	0.01050	0.01430	0.12177	0.47845	0.10316	0.08029	0.00772	0.00206	0.00314	0.01151	0.00452	0.11144
8	0.00822	0.00713	0.01120	0.11938	0.05059	0.00686	0.09134	0.01014	0.01041	0.01414	0.02146	0.44259	0.05734	0.01104	0.00586	0.00178	0.00437	0.01016	0.00386	0.11214
9	0.12279	0.04926	0.01532	0.01512	0.18770	0.06889	0.04657	0.14178	0.04673	0.17643	0.01403	0.02906	0.02749	0.00605	0.00491	0.00157	0.00546	0.02928	0.00409	0.00747
10	0.01160	0.01095	0.01803	0.24342	0.48101	0.01129	0.01411	0.01466	0.01116	0.01575	0.00944	0.01271	0.00770	0.00463	0.00493	0.00148	0.00601	0.00437	0.00253	0.11421
11	0.01819	0.01165	0.01273	0.01042	0.01384	0.06290	0.00843	0.26561	0.15153	0.27684	0.01705	0.03322	0.01255	0.00840	0.04480	0.00195	0.00550	0.03113	0.00525	0.00800
12	0.20800	0.01335	0.01299	0.11123	0.01653	0.10690	0.00908	0.36205	0.01693	0.04682	0.01062	0.01164	0.00781	0.00561	0.00457	0.00153	0.00568	0.00406	0.03746	0.00714
13	0.00686	0.00518	0.00651	0.00697	0.00796	0.00461	0.00482	0.00796	0.00999	0.01348	0.02748	0.58193	0.10826	0.04662	0.02776	0.00216	0.00340	0.01221	0.00443	0.11141

[dist]
# distance from previous block
# <min> <max>
0	2

[block]
# block no. 9 follows, 48 sequences, length 9
# corresponding to MSA columns:
# 382-390
name=unknown_J
#
# <colnr> <probs for GDERKNQSTAVLIFYWHMCP>
#	G	D	E	R	K	N	Q	S	T	A	V	L	I	F	Y	W	H	M	C	P
0	0.03465	0.16954	0.14537	0.01137	0.01591	0.14179	0.03170	0.19005	0.02851	0.05788	0.01006	0.01091	0.00769	0.00510	0.00447	0.00134	0.00623	0.00375	0.00335	0.12035
1	0.00767	0.00897	0.11782	0.00740	0.00999	0.00658	0.00667	0.01142	0.11424	0.01550	0.08448	0.06877	0.47952	0.03042	0.00628	0.00180	0.00356	0.00913	0.00447	0.00529
2	0.01327	0.07072	0.04718	0.12446	0.08854	0.07509	0.00961	0.06618	0.03506	0.08011	0.01041	0.01191	0.00807	0.00473	0.00443	0.00122	0.00535	0.00379	0.00323	0.33665
3	0.00933	0.00637	0.01020	0.00946	0.01094	0.00587	0.11342	0.01085	0.01080	0.11777	0.02467	0.59565	0.02739	0.01311	0.00629	0.00197	0.00397	0.01212	0.00467	0.00517
4	0.00836	0.00669	0.00911	0.01082	0.11885	0.00667	0.00679	0.01186	0.11451	0.01712	0.26522	0.34836	0.03244	0.01145	0.00600	0.00181	0.00339	0.01030	0.00479	0.00547
5	0.01178	0.05404	0.03693	0.04686	0.03031	0.02641	0.13243	0.03075	0.01138	0.04011	0.00962	0.01143	0.00768	0.00418	0.00434	0.00107	0.00514	0.00374	0.00299	0.52879
6	0.01214	0.02085	0.53119	0.12075	0.04723	0.01127	0.03867	0.01706	0.01137	0.12565	0.01081	0.01230	0.00751	0.00509	0.00499	0.00163	0.00701	0.00418	0.00280	0.00749
7	0.01357	0.01206	0.02961	0.13405	0.08818	0.06129	0.01035	0.15351	0.12381	0.05192	0.01305	0.01449	0.03664	0.00621	0.00655	0.00158	0.11464	0.00469	0.00363	0.12015
8	0.01165	0.09394	0.38252	0.01555	0.14905	0.01172	0.03312	0.01608	0.03097	0.04379	0.00980	0.01140	0.00747	0.00468	0.00462	0.00141	0.00627	0.00385	0.00263	0.15948

[dist]
# distance from previous block
# <min> <max>
1	2

[block]
# block no. 10 follows, 48 sequences, length 11
# corresponding to MSA columns:
# 393-403
name=unknown_K
#
# <colnr> <probs for GDERKNQSTAVLIFYWHMCP>
#	G	D	E	R	K	N	Q	S	T	A	V	L	I	F	Y	W	H	M	C	P
0	0.00975	0.00939	0.04801	0.35492	0.15892	0.00953	0.01143	0.01306	0.03976	0.03510	0.06815	0.02318	0.18359	0.00721	0.00538	0.00167	0.00535	0.00628	0.00330	0.00603
1	0.09633	0.01338	0.13255	0.22663	0.17304	0.03823	0.12399	0.01457	0.01091	0.01579	0.01235	0.01502	0.06615	0.00556	0.00548	0.00166	0.03427	0.00492	0.00265	0.00652
2	0.00861	0.00656	0.00853	0.00962	0.06815	0.00645	0.00672	0.08881	0.01259	0.01671	0.10459	0.33713	0.13022	0.01280	0.00628	0.00195	0.00374	0.16069	0.00472	0.00515
3	0.02026	0.00837	0.01155	0.09236	0.01471	0.00767	0.00785	0.02244	0.01383	0.63164	0.01872	0.01724	0.01213	0.00619	0.00500	0.00156	0.00443	0.00506	0.09098	0.00802
4	0.06696	0.01169	0.04254	0.01443	0.15933	0.01103	0.04515	0.18396	0.04622	0.25867	0.01376	0.01386	0.00969	0.00549	0.00491	0.00149	0.00519	0.00459	0.00447	0.09658
5	0.00726	0.00684	0.05129	0.08950	0.01253	0.00599	0.06450	0.00894	0.01010	0.01352	0.02396	0.63078	0.02773	0.01347	0.00628	0.00199	0.00405	0.01234	0.00421	0.00472
6	0.00689	0.00504	0.00638	0.00724	0.00781	0.00488	0.00502	0.00858	0.05139	0.01346	0.02793	0.57996	0.07588	0.09947	0.00855	0.00237	0.00337	0.07683	0.00461	0.00433
7	0.01388	0.01030	0.01490	0.16793	0.23676	0.01091	0.01137	0.08825	0.09692	0.12836	0.01452	0.01806	0.01153	0.00878	0.06563	0.00221	0.00621	0.04448	0.04157	0.00742
8	0.09694	0.00845	0.08739	0.00877	0.01051	0.00720	0.02692	0.01028	0.00982	0.01459	0.02111	0.26406	0.07821	0.10474	0.15065	0.00347	0.03105	0.05703	0.00379	0.00502
9	0.01477	0.01290	0.04160	0.10455	0.10005	0.03047	0.16606	0.14251	0.12735	0.09884	0.01300	0.01472	0.00977	0.00617	0.00674	0.00178	0.09203	0.00520	0.00385	0.00765
10	0.01499	0.01079	0.01388	0.12099	0.11494	0.01109	0.00980	0.20010	0.09767	0.13463	0.04314	0.06755	0.01308	0.00671	0.00527	0.00160	0.00511	0.00556	0.00446	0.11864

[dist]
# distance from previous block
# <min> <max>
2	5

[block]
