[name]
unknown

[dist]
# distance from previous block
# <min> <max>
0	44

[block]
# block no. 0 follows, 50 sequences, length 14
# corresponding to MSA columns:
# 48-61
name=unknown_A
#
# <colnr> <probs for GDERKNQSTAVLIFYWHMCP>
#	G	D	E	R	K	N	Q	S	T	A	V	L	I	F	Y	W	H	M	C	P
0	0.03175	0.00946	0.01069	0.00897	0.01184	0.04037	0.00714	0.14947	0.13044	0.29380	0.08302	0.05012	0.05734	0.05146	0.00630	0.00178	0.00435	0.03945	0.00517	0.00707
1	0.04587	0.01178	0.01171	0.01036	0.04478	0.12071	0.00776	0.25302	0.05631	0.10993	0.02814	0.03565	0.02681	0.10364	0.00730	0.00187	0.00523	0.03487	0.02701	0.05725
2	0.16422	0.01026	0.01452	0.19049	0.17584	0.04331	0.09511	0.03600	0.01084	0.03271	0.03167	0.01466	0.00942	0.05423	0.00586	0.00172	0.00560	0.01559	0.04850	0.03946
3	0.05661	0.00660	0.00721	0.00710	0.00826	0.03737	0.00504	0.05864	0.01085	0.07215	0.07367	0.29313	0.08514	0.21432	0.01061	0.00255	0.00393	0.03794	0.00425	0.00462
4	0.16549	0.01027	0.01203	0.05832	0.01403	0.03015	0.06038	0.20958	0.05747	0.07802	0.05401	0.08039	0.06195	0.00713	0.00524	0.00160	0.02876	0.02119	0.00414	0.03985
5	0.02955	0.00838	0.00989	0.06389	0.01224	0.08112	0.06634	0.01204	0.08308	0.01520	0.11543	0.21563	0.16183	0.01015	0.00565	0.00171	0.00429	0.06092	0.00414	0.03853
6	0.00928	0.00819	0.01255	0.02690	0.05542	0.04973	0.17204	0.01116	0.01079	0.05150	0.04087	0.34799	0.09509	0.06067	0.00711	0.00199	0.00482	0.02487	0.00389	0.00515
7	0.01341	0.00748	0.00939	0.03040	0.01092	0.00717	0.00636	0.09720	0.04958	0.26863	0.32504	0.02768	0.10880	0.00841	0.00545	0.00157	0.00350	0.00713	0.00545	0.00643
8	0.00960	0.00905	0.01528	0.76348	0.08225	0.01112	0.01393	0.01290	0.01005	0.01296	0.00889	0.01323	0.00672	0.00495	0.00498	0.00165	0.00660	0.00443	0.00223	0.00569
9	0.04862	0.01099	0.01578	0.10349	0.01782	0.02867	0.18687	0.19674	0.08733	0.08138	0.01301	0.02824	0.01005	0.03845	0.02132	0.00182	0.01714	0.00515	0.08038	0.00674
10	0.00687	0.00473	0.00563	0.00602	0.00623	0.00461	0.00374	0.00728	0.00828	0.01095	0.02113	0.27183	0.05523	0.51481	0.01809	0.00375	0.00414	0.03961	0.00363	0.00344
11	0.01902	0.01365	0.01449	0.01122	0.01511	0.03958	0.00922	0.65653	0.04945	0.10146	0.01284	0.01257	0.00901	0.00600	0.00498	0.00150	0.00543	0.00454	0.00502	0.00837
12	0.01372	0.01110	0.01188	0.01030	0.01325	0.01258	0.00815	0.23033	0.51082	0.02312	0.01859	0.06107	0.01474	0.00724	0.00517	0.00167	0.00433	0.02916	0.00501	0.00774
13	0.08491	0.01299	0.01373	0.01081	0.01456	0.01442	0.00886	0.58846	0.12591	0.05532	0.01297	0.01274	0.00928	0.00599	0.00485	0.00153	0.00510	0.00452	0.00489	0.00815

[dist]
# distance from previous block
# <min> <max>
1	6

[block]
# block no. 1 follows, 50 sequences, length 44
# corresponding to MSA columns:
# 68-111
name=unknown_B
#
# <colnr> <probs for GDERKNQSTAVLIFYWHMCP>
#	G	D	E	R	K	N	Q	S	T	A	V	L	I	F	Y	W	H	M	C	P
0	0.01272	0.10654	0.06647	0.07298	0.24881	0.01271	0.27036	0.01596	0.01129	0.08192	0.01003	0.01250	0.00776	0.00474	0.00557	0.00155	0.04357	0.00473	0.00271	0.00708
1	0.00743	0.00520	0.00680	0.00763	0.00838	0.00505	0.00568	0.02846	0.02378	0.02954	0.02631	0.50642	0.04462	0.05855	0.00744	0.00221	0.00356	0.21395	0.00458	0.00441
2	0.00773	0.00621	0.04350	0.00670	0.00833	0.00511	0.00545	0.01009	0.01353	0.05179	0.60733	0.03705	0.13358	0.01018	0.00582	0.00160	0.00276	0.03309	0.00523	0.00492
3	0.01206	0.01134	0.01965	0.16287	0.59911	0.01164	0.05978	0.01513	0.01121	0.03542	0.00959	0.01268	0.00777	0.00456	0.00500	0.00152	0.00615	0.00454	0.00252	0.00744
4	0.01281	0.00914	0.01077	0.00806	0.01219	0.00766	0.00647	0.03551	0.10309	0.14759	0.01210	0.01246	0.00917	0.00453	0.00411	0.00100	0.00386	0.00365	0.00379	0.59204
5	0.01031	0.00886	0.01047	0.03090	0.01247	0.00677	0.00614	0.01256	0.01033	0.01614	0.00886	0.01042	0.00736	0.00373	0.00373	0.00077	0.00378	0.00300	0.00293	0.83049
6	0.00633	0.00515	0.00562	0.00551	0.00705	0.00448	0.00413	0.00811	0.02544	0.01540	0.25603	0.05628	0.55919	0.01189	0.00588	0.00166	0.00251	0.01007	0.00488	0.00441
7	0.03341	0.03488	0.02481	0.01821	0.05517	0.01172	0.55696	0.01581	0.02480	0.03895	0.01017	0.01286	0.00774	0.00425	0.00534	0.00151	0.00723	0.00520	0.00273	0.12824
8	0.00722	0.00546	0.00671	0.00640	0.00773	0.00516	0.00479	0.01020	0.06949	0.01874	0.58927	0.07179	0.15717	0.01055	0.00584	0.00161	0.00252	0.00922	0.00529	0.00483
9	0.00721	0.00499	0.00623	0.00623	0.00650	0.00526	0.00401	0.00776	0.00748	0.01025	0.01498	0.02860	0.01638	0.58204	0.26577	0.00581	0.00746	0.00666	0.00291	0.00346
10	0.83680	0.00976	0.00754	0.00669	0.00980	0.01130	0.00551	0.03571	0.00890	0.02261	0.00708	0.00820	0.00548	0.00466	0.00314	0.00154	0.00390	0.00275	0.00314	0.00548
11	0.00660	0.00503	0.00610	0.00637	0.00741	0.00465	0.00457	0.00859	0.04382	0.01556	0.27545	0.33839	0.23363	0.01275	0.00603	0.00178	0.00267	0.01123	0.00492	0.00446
12	0.07304	0.03413	0.61281	0.01341	0.01987	0.01175	0.04831	0.02884	0.06696	0.03112	0.00989	0.01116	0.00709	0.00489	0.00467	0.00158	0.00679	0.00387	0.00253	0.00726
13	0.86003	0.00964	0.00733	0.00655	0.00964	0.01118	0.00540	0.01465	0.00848	0.02236	0.00694	0.00810	0.00540	0.00463	0.00308	0.00154	0.00386	0.00270	0.00308	0.00540
14	0.00940	0.00855	0.01420	0.75411	0.03226	0.01061	0.01309	0.01265	0.01000	0.01316	0.00940	0.01367	0.00709	0.00504	0.00487	0.00162	0.00633	0.00445	0.06401	0.00547
15	0.00712	0.00534	0.00801	0.00801	0.00890	0.00623	0.00623	0.00890	0.00801	0.01157	0.01335	0.01958	0.01246	0.03738	0.80507	0.00801	0.01335	0.00534	0.00267	0.00445
16	0.02236	0.00848	0.01157	0.00887	0.01272	0.00733	0.00733	0.02429	0.01427	0.79719	0.01966	0.01697	0.01234	0.00617	0.00501	0.00154	0.00424	0.00501	0.00617	0.00848
17	0.01289	0.01113	0.01338	0.01139	0.01386	0.03567	0.06422	0.06210	0.44673	0.05455	0.01606	0.01658	0.01238	0.00690	0.00722	0.00174	0.15807	0.01576	0.03219	0.00719
18	0.02228	0.00862	0.01165	0.00893	0.01279	0.00752	0.00738	0.04255	0.01449	0.77861	0.01948	0.01684	0.01224	0.00616	0.00501	0.00154	0.00427	0.00500	0.00614	0.00848
19	0.00616	0.00444	0.00584	0.00680	0.00723	0.00412	0.00460	0.00718	0.01005	0.01344	0.10048	0.71479	0.06647	0.01498	0.00630	0.00197	0.00283	0.01353	0.00471	0.00412
20	0.00715	0.00522	0.00741	0.00741	0.00809	0.00590	0.00548	0.00851	0.00783	0.01112	0.01390	0.02264	0.01379	0.22183	0.62244	0.00727	0.01136	0.00579	0.00275	0.00412
21	0.05799	0.01376	0.01460	0.01124	0.01519	0.01526	0.00928	0.74172	0.02274	0.03099	0.01173	0.01179	0.00833	0.00592	0.00490	0.00150	0.00541	0.00440	0.00490	0.00833
22	0.04414	0.00851	0.01146	0.00881	0.01264	0.00743	0.00728	0.02404	0.01412	0.77705	0.01933	0.01673	0.01216	0.00613	0.00496	0.00154	0.00423	0.00495	0.00609	0.00840
23	0.06050	0.00893	0.01162	0.00895	0.01278	0.00809	0.00739	0.07856	0.01467	0.70603	0.01852	0.01620	0.01174	0.00609	0.00492	0.00154	0.00431	0.00487	0.00594	0.00834
24	0.01574	0.01157	0.01276	0.01033	0.01354	0.01273	0.00838	0.45991	0.16427	0.06028	0.12658	0.01815	0.01594	0.00699	0.00538	0.00158	0.01915	0.02398	0.00507	0.00767
25	0.01230	0.01196	0.02090	0.02990	0.73826	0.01190	0.07024	0.01535	0.01138	0.01626	0.00943	0.01242	0.00787	0.00442	0.00500	0.00149	0.00610	0.00455	0.00247	0.00781
26	0.01223	0.01395	0.13447	0.01704	0.05688	0.01162	0.40536	0.09421	0.04881	0.05325	0.01271	0.09273	0.01057	0.00581	0.00555	0.00167	0.00690	0.00612	0.00321	0.00692
27	0.01376	0.01375	0.01894	0.02655	0.62085	0.12812	0.01403	0.07374	0.01267	0.01683	0.00933	0.01182	0.00772	0.00466	0.00487	0.00145	0.00634	0.00426	0.00267	0.00763
28	0.01363	0.01211	0.05422	0.02012	0.32678	0.01153	0.14705	0.10224	0.09463	0.09579	0.02799	0.01429	0.01004	0.00517	0.00508	0.00154	0.00578	0.00495	0.03949	0.00758
29	0.00652	0.00492	0.00680	0.00857	0.06436	0.00462	0.00536	0.00756	0.00976	0.01302	0.02721	0.72732	0.06591	0.01467	0.00624	0.00197	0.00310	0.01330	0.00447	0.00434
30	0.01237	0.54466	0.26346	0.01067	0.01588	0.03287	0.03089	0.01532	0.01037	0.01309	0.00764	0.00893	0.00640	0.00443	0.00376	0.00124	0.00611	0.00307	0.00214	0.00669
31	0.01569	0.01237	0.01844	0.01656	0.14823	0.08456	0.22859	0.09138	0.05713	0.21608	0.04990	0.01501	0.01111	0.00543	0.00524	0.00155	0.00617	0.00517	0.00396	0.00742
32	0.00703	0.00511	0.00663	0.00629	0.00748	0.00471	0.00474	0.00935	0.01396	0.01966	0.74984	0.03799	0.07246	0.01035	0.00590	0.00159	0.00240	0.02439	0.00544	0.00468
33	0.01090	0.02453	0.74178	0.01382	0.02093	0.01127	0.01761	0.01640	0.01080	0.07257	0.00972	0.01099	0.00675	0.00484	0.00476	0.00158	0.00714	0.00378	0.00240	0.00745
34	0.01334	0.01159	0.01963	0.05223	0.63055	0.01155	0.05751	0.03910	0.01196	0.08865	0.01043	0.01285	0.00826	0.00465	0.00500	0.00150	0.00592	0.00458	0.00288	0.00783
35	0.01178	0.45412	0.38624	0.01117	0.01688	0.01593	0.01314	0.01533	0.01031	0.01362	0.00787	0.00917	0.00636	0.00448	0.00391	0.00130	0.00628	0.00314	0.00212	0.00685
36	0.00612	0.00439	0.00583	0.00696	0.00730	0.00410	0.00470	0.00704	0.00964	0.01280	0.02801	0.78144	0.05153	0.01549	0.00636	0.00202	0.00293	0.03464	0.00463	0.00407
37	0.08606	0.00980	0.01069	0.01195	0.13471	0.09725	0.00781	0.07707	0.08702	0.01791	0.16432	0.19268	0.03307	0.00889	0.00532	0.00166	0.00442	0.03936	0.00415	0.00586
38	0.02617	0.11728	0.03875	0.17889	0.20794	0.03677	0.02954	0.11023	0.10567	0.07080	0.01148	0.01350	0.00890	0.00529	0.00475	0.00151	0.00572	0.01637	0.00329	0.00714
39	0.00677	0.00481	0.00580	0.00608	0.00662	0.00456	0.00404	0.00765	0.00972	0.01292	0.15478	0.24331	0.12635	0.33651	0.01381	0.00303	0.00360	0.04171	0.00413	0.00379
40	0.10084	0.01201	0.04370	0.05502	0.16134	0.01159	0.31354	0.08551	0.02660	0.07300	0.01114	0.04082	0.00879	0.00542	0.00555	0.02349	0.00643	0.00521	0.00314	0.00686
41	0.18990	0.12334	0.01531	0.01121	0.05094	0.04860	0.09984	0.09546	0.08703	0.14944	0.07137	0.01408	0.01156	0.00557	0.00451	0.00149	0.00506	0.00452	0.00392	0.00685
42	0.01080	0.00722	0.01033	0.00937	0.01133	0.00702	0.08147	0.05614	0.07545	0.14072	0.05586	0.32425	0.05489	0.01110	0.00596	0.00186	0.00409	0.12168	0.00475	0.00570
43	0.00659	0.00484	0.00594	0.00653	0.00726	0.00451	0.00465	0.00768	0.01009	0.01308	0.07380	0.34679	0.20359	0.15901	0.00970	0.00246	0.00337	0.12170	0.00438	0.00402

[dist]
# distance from previous block
# <min> <max>
0	1

[block]
# block no. 2 follows, 50 sequences, length 29
# corresponding to MSA columns:
# 113-141
name=unknown_C
#
# <colnr> <probs for GDERKNQSTAVLIFYWHMCP>
#	G	D	E	R	K	N	Q	S	T	A	V	L	I	F	Y	W	H	M	C	P
0	0.05013	0.01216	0.01762	0.03630	0.33628	0.03189	0.09614	0.17845	0.09536	0.05679	0.03193	0.01366	0.00982	0.00525	0.00500	0.00153	0.00573	0.00478	0.00356	0.00763
1	0.01375	0.59751	0.12336	0.00985	0.01433	0.09459	0.00996	0.06186	0.01138	0.01349	0.00757	0.00866	0.00651	0.00451	0.00363	0.00118	0.00596	0.00296	0.00234	0.00659
2	0.01246	0.00979	0.04316	0.01175	0.11870	0.00849	0.03321	0.04229	0.10477	0.13974	0.07475	0.04622	0.04916	0.00603	0.00476	0.00132	0.00429	0.00520	0.00400	0.27992
3	0.01271	0.01227	0.01946	0.09787	0.59130	0.04574	0.05259	0.06139	0.02786	0.01678	0.00967	0.01244	0.00789	0.00465	0.00497	0.00150	0.00617	0.00449	0.00266	0.00757
4	0.00651	0.00470	0.00611	0.00696	0.00747	0.00447	0.00480	0.00792	0.03039	0.01369	0.10910	0.62096	0.04479	0.05778	0.00731	0.00213	0.00305	0.05302	0.00464	0.00420
5	0.01527	0.01181	0.03943	0.15629	0.09800	0.06067	0.05380	0.20634	0.03938	0.17583	0.06227	0.01578	0.03058	0.00594	0.00508	0.00155	0.00561	0.00502	0.00411	0.00723
6	0.06151	0.23324	0.29061	0.03670	0.01703	0.02730	0.04881	0.09074	0.01199	0.06684	0.02208	0.02743	0.00883	0.00540	0.00445	0.00146	0.00604	0.02975	0.00293	0.00686
7	0.00905	0.00606	0.00712	0.00668	0.00768	0.00609	0.00460	0.09308	0.01067	0.05521	0.08589	0.11330	0.09230	0.39832	0.07919	0.00368	0.00493	0.00786	0.00390	0.00438
8	0.00666	0.00498	0.00593	0.00600	0.00715	0.00451	0.00441	0.00829	0.01188	0.01583	0.32266	0.14803	0.29540	0.06123	0.00711	0.00189	0.00275	0.04942	0.03154	0.00434
9	0.02748	0.00954	0.04549	0.05365	0.18263	0.04977	0.00940	0.02655	0.07601	0.06335	0.07761	0.13780	0.05043	0.00966	0.02639	0.00191	0.00499	0.13736	0.00393	0.00604
10	0.01762	0.17869	0.01651	0.01190	0.01491	0.59452	0.00941	0.07487	0.01404	0.01353	0.00787	0.00902	0.00657	0.00503	0.00428	0.00126	0.00802	0.00320	0.00266	0.00610
11	0.01034	0.00886	0.01034	0.00738	0.01181	0.00664	0.00591	0.01255	0.01034	0.01624	0.00886	0.01034	0.00738	0.00369	0.00369	0.00074	0.00369	0.00295	0.00295	0.85530
12	0.04075	0.00926	0.01071	0.00937	0.01130	0.01066	0.00740	0.15264	0.19276	0.04105	0.03431	0.06351	0.11538	0.06304	0.06853	0.00242	0.15029	0.00632	0.00412	0.00617
13	0.00721	0.00541	0.00624	0.00625	0.00776	0.00489	0.00479	0.00931	0.04281	0.04218	0.19827	0.11329	0.42943	0.01205	0.00597	0.00175	0.00286	0.09003	0.00487	0.00463
14	0.01327	0.01389	0.01917	0.04358	0.52379	0.15020	0.06982	0.01645	0.04457	0.01551	0.00949	0.01207	0.00785	0.00480	0.00533	0.00150	0.03443	0.00438	0.00258	0.00730
15	0.01148	0.01006	0.01629	0.45134	0.27509	0.01131	0.01349	0.06789	0.01165	0.04665	0.03089	0.01369	0.00850	0.00507	0.00499	0.00158	0.00612	0.00459	0.00274	0.00660
16	0.05696	0.05512	0.03036	0.02758	0.14133	0.06592	0.10942	0.14959	0.10265	0.14523	0.01273	0.01391	0.00955	0.02547	0.03055	0.00180	0.00599	0.00468	0.00384	0.00732
17	0.00847	0.08674	0.06762	0.00820	0.03149	0.00728	0.00660	0.01128	0.06408	0.03613	0.27138	0.22967	0.09035	0.03414	0.00615	0.00176	0.00354	0.02546	0.00444	0.00521
18	0.01196	0.01130	0.01915	0.02870	0.72430	0.01130	0.01465	0.01486	0.01136	0.01616	0.01088	0.01623	0.00974	0.00527	0.00511	0.00155	0.00580	0.07142	0.00266	0.00760
19	0.03793	0.00907	0.01419	0.05949	0.11711	0.00899	0.13453	0.07587	0.03652	0.13610	0.14409	0.10036	0.04170	0.00775	0.00550	0.00167	0.00489	0.05359	0.00423	0.00641
20	0.06847	0.10270	0.16596	0.01613	0.21540	0.05494	0.03932	0.08409	0.04824	0.11615	0.03458	0.01271	0.00932	0.00515	0.00465	0.00148	0.00580	0.00425	0.00331	0.00734
21	0.10399	0.00887	0.01015	0.00844	0.01137	0.03853	0.00673	0.06151	0.09286	0.37584	0.16791	0.04614	0.01899	0.01954	0.00532	0.00162	0.00402	0.00585	0.00530	0.00704
22	0.00651	0.00472	0.00598	0.00664	0.00727	0.00441	0.00465	0.00765	0.01027	0.01360	0.12924	0.45214	0.12778	0.11395	0.00863	0.00229	0.00317	0.08248	0.00454	0.00408
23	0.06093	0.01357	0.06315	0.01719	0.24377	0.14846	0.08353	0.03376	0.09741	0.05823	0.06352	0.06964	0.01273	0.00610	0.00501	0.00154	0.00590	0.00535	0.00339	0.00681
24	0.04996	0.25899	0.15263	0.01375	0.07675	0.05316	0.14600	0.05978	0.02638	0.10292	0.01001	0.01119	0.00761	0.00476	0.00446	0.00141	0.00624	0.00399	0.00295	0.00704
25	0.03197	0.00633	0.00753	0.00687	0.00876	0.00595	0.00530	0.05487	0.03963	0.13010	0.30637	0.10216	0.23757	0.01031	0.00567	0.00165	0.00304	0.02537	0.00515	0.00539
26	0.08695	0.00750	0.00901	0.00815	0.01036	0.00742	0.00635	0.09508	0.05119	0.23997	0.06364	0.24899	0.04117	0.03194	0.00600	0.00184	0.00384	0.06948	0.00499	0.00614
27	0.03077	0.06460	0.05201	0.04104	0.21994	0.02584	0.03067	0.16760	0.10607	0.14716	0.03948	0.02978	0.01113	0.00574	0.00490	0.00152	0.00528	0.00486	0.00399	0.00761
28	0.01319	0.03539	0.05275	0.05311	0.58574	0.02576	0.04234	0.05093	0.01204	0.06625	0.01004	0.01243	0.00801	0.00465	0.00491	0.00149	0.00601	0.00443	0.00279	0.00773

[dist]
# distance from previous block
# <min> <max>
0	2

[block]
# block no. 3 follows, 50 sequences, length 47
# corresponding to MSA columns:
# 144-153,156-192
name=unknown_D
#
# <colnr> <probs for GDERKNQSTAVLIFYWHMCP>
#	G	D	E	R	K	N	Q	S	T	A	V	L	I	F	Y	W	H	M	C	P
0	0.00899	0.00535	0.00711	0.00724	0.00817	0.00525	0.00529	0.01017	0.00976	0.11300	0.04439	0.26311	0.02270	0.18765	0.14314	0.01905	0.00542	0.10235	0.02733	0.00454
1	0.01710	0.01423	0.01415	0.01141	0.01473	0.13199	0.02950	0.45731	0.10938	0.04462	0.01243	0.01278	0.00918	0.00603	0.00542	0.00151	0.04504	0.00448	0.05112	0.00760
2	0.01285	0.12126	0.05194	0.01003	0.06181	0.07447	0.00800	0.04026	0.01147	0.08323	0.00958	0.01067	0.00762	0.00427	0.00398	0.00101	0.00477	0.00329	0.00309	0.47641
3	0.01014	0.00711	0.02561	0.00806	0.01021	0.00632	0.04327	0.01311	0.09603	0.14658	0.04560	0.29929	0.19153	0.01070	0.00564	0.00171	0.00356	0.00940	0.00469	0.06146
4	0.01366	0.01115	0.01185	0.01014	0.01320	0.01257	0.00802	0.21882	0.52398	0.02322	0.04327	0.01833	0.04081	0.00682	0.00508	0.00162	0.00424	0.00557	0.00501	0.02267
5	0.09823	0.00887	0.02406	0.00878	0.03360	0.03030	0.00669	0.09756	0.16071	0.08053	0.18489	0.11224	0.11611	0.00868	0.00524	0.00163	0.00376	0.00728	0.00473	0.00613
6	0.01808	0.02278	0.01424	0.01355	0.05299	0.74966	0.00977	0.01942	0.01385	0.01234	0.00795	0.00964	0.00674	0.02216	0.00495	0.00137	0.00875	0.00335	0.00257	0.00582
7	0.00703	0.00465	0.00599	0.00668	0.00710	0.00438	0.00441	0.00784	0.00949	0.04476	0.06183	0.58912	0.02977	0.18033	0.01017	0.00256	0.00332	0.01213	0.00440	0.00405
8	0.00652	0.00471	0.00596	0.00662	0.00722	0.00441	0.00461	0.00763	0.01020	0.01352	0.12753	0.45012	0.12168	0.12803	0.00896	0.00234	0.00320	0.07817	0.00451	0.00406
9	0.28005	0.03737	0.02797	0.01014	0.04639	0.10863	0.04343	0.06817	0.10393	0.07651	0.10589	0.02789	0.01333	0.00599	0.00442	0.00152	0.00483	0.00464	0.02261	0.00629
10	0.00984	0.00591	0.00755	0.00753	0.00888	0.00566	0.00548	0.01258	0.09759	0.15585	0.12956	0.46914	0.04013	0.01215	0.00590	0.00183	0.00317	0.01081	0.00507	0.00537
11	0.00625	0.00450	0.00596	0.00707	0.00750	0.00421	0.00491	0.00726	0.00980	0.01296	0.02832	0.71856	0.06382	0.01532	0.00639	0.00204	0.00303	0.08338	0.00462	0.00411
12	0.04855	0.00888	0.01166	0.00897	0.01281	0.00798	0.00741	0.07319	0.01468	0.72271	0.01876	0.01636	0.01187	0.00611	0.00495	0.00154	0.00431	0.00491	0.00599	0.00839
13	0.01067	0.17530	0.63354	0.01333	0.02006	0.01313	0.03728	0.01563	0.01048	0.01503	0.00860	0.01013	0.00636	0.00463	0.00448	0.00149	0.00701	0.00355	0.00212	0.00717
14	0.01862	0.02376	0.01413	0.01284	0.01541	0.80482	0.00963	0.01990	0.01413	0.01220	0.00770	0.00899	0.00642	0.00514	0.00449	0.00128	0.00899	0.00321	0.00257	0.00578
15	0.63259	0.01294	0.00921	0.00818	0.01120	0.18456	0.00653	0.05556	0.01049	0.02062	0.00737	0.00849	0.00578	0.00481	0.00349	0.00148	0.00506	0.00290	0.00307	0.00564
16	0.00941	0.00886	0.01495	0.81285	0.03433	0.01107	0.01384	0.01274	0.00997	0.01274	0.00886	0.01329	0.00664	0.00498	0.00498	0.00166	0.00664	0.00443	0.00221	0.00554
17	0.00621	0.00442	0.00584	0.00689	0.00721	0.00415	0.00462	0.00710	0.00958	0.01279	0.04630	0.74095	0.03242	0.05946	0.00740	0.00217	0.00302	0.03089	0.00456	0.00402
18	0.17697	0.04612	0.01508	0.03933	0.29349	0.07085	0.01045	0.11827	0.05609	0.01904	0.00960	0.01133	0.00770	0.00531	0.01526	0.00151	0.01599	0.00390	0.00310	0.08061
19	0.01227	0.06311	0.01491	0.08872	0.14622	0.15862	0.06396	0.08626	0.04288	0.01582	0.05538	0.09502	0.03427	0.00956	0.07665	0.00212	0.00664	0.01814	0.00327	0.00615
20	0.00912	0.00619	0.00742	0.00740	0.00876	0.00615	0.00538	0.01274	0.15862	0.09356	0.08432	0.34902	0.11823	0.08087	0.00751	0.00208	0.00335	0.02925	0.00479	0.00522
21	0.04026	0.25945	0.04794	0.00986	0.01362	0.16355	0.01895	0.13201	0.04040	0.04444	0.04114	0.01222	0.03043	0.00526	0.00419	0.00125	0.00562	0.00382	0.00324	0.12234
22	0.33044	0.16544	0.05237	0.00940	0.01314	0.04582	0.06642	0.05244	0.04061	0.08823	0.01010	0.01213	0.00805	0.00516	0.00399	0.00145	0.00501	0.03462	0.00329	0.05189
23	0.00674	0.00519	0.00617	0.00594	0.00731	0.00469	0.00445	0.00893	0.03087	0.01748	0.48770	0.06187	0.31223	0.01113	0.00588	0.00162	0.00247	0.00961	0.00515	0.00458
24	0.00755	0.00555	0.00608	0.00585	0.00760	0.00490	0.00447	0.00954	0.04405	0.06806	0.13582	0.04324	0.56260	0.03367	0.00636	0.00177	0.00283	0.04054	0.00481	0.00470
25	0.04966	0.10240	0.05354	0.01219	0.03950	0.33769	0.02230	0.19918	0.02666	0.05226	0.03087	0.01113	0.00843	0.00547	0.00486	0.00140	0.02851	0.00385	0.00336	0.00674
26	0.01943	0.00926	0.01159	0.00915	0.01263	0.00896	0.00749	0.13238	0.08680	0.52940	0.01941	0.01759	0.04442	0.00652	0.00529	0.00156	0.02596	0.00519	0.03897	0.00802
27	0.00722	0.00495	0.00601	0.00601	0.00621	0.00514	0.00373	0.00762	0.00742	0.01009	0.01518	0.02972	0.01686	0.64991	0.19857	0.00554	0.00672	0.00682	0.00294	0.00334
28	0.10777	0.03057	0.03680	0.06169	0.21115	0.05777	0.03308	0.19994	0.07002	0.12550	0.01173	0.01261	0.00864	0.00530	0.00473	0.00151	0.00554	0.00434	0.00380	0.00750
29	0.01128	0.03595	0.01487	0.10665	0.22161	0.02484	0.05751	0.04680	0.23093	0.01716	0.04107	0.10998	0.02864	0.00705	0.00523	0.00164	0.00506	0.02321	0.00371	0.00680
30	0.00648	0.00511	0.00589	0.00622	0.00756	0.00456	0.00482	0.00797	0.01132	0.01413	0.10180	0.13436	0.47313	0.03034	0.00656	0.00191	0.00303	0.16590	0.00466	0.00428
31	0.00803	0.00574	0.00803	0.00918	0.01033	0.00574	0.00803	0.01033	0.01147	0.01492	0.02639	0.05622	0.02869	0.01377	0.00688	0.00229	0.00459	0.76018	0.00459	0.00459
32	0.01937	0.01218	0.05183	0.03834	0.03288	0.01188	0.00935	0.40414	0.01851	0.32749	0.01465	0.01389	0.00980	0.00593	0.00498	0.00152	0.00514	0.00465	0.00516	0.00831
33	0.04597	0.00851	0.01126	0.00873	0.01240	0.00759	0.00718	0.05260	0.01445	0.69358	0.06926	0.01783	0.01424	0.00638	0.00501	0.00154	0.00416	0.00518	0.00599	0.00815
34	0.01154	0.01253	0.08794	0.03943	0.01432	0.08254	0.03001	0.02409	0.00951	0.05034	0.02830	0.01438	0.03930	0.03793	0.04870	0.00230	0.45371	0.00477	0.00267	0.00569
35	0.00974	0.00919	0.01553	0.72660	0.11806	0.01116	0.01400	0.01302	0.01012	0.01313	0.00892	0.01318	0.00678	0.00492	0.00498	0.00164	0.00656	0.00443	0.00224	0.00580
36	0.86003	0.00964	0.00733	0.00655	0.00964	0.01118	0.00540	0.01465	0.00848	0.02236	0.00694	0.00810	0.00540	0.00463	0.00308	0.00154	0.00386	0.00270	0.00308	0.00540
37	0.01026	0.08867	0.73840	0.01376	0.02088	0.01221	0.01764	0.01572	0.01049	0.01547	0.00879	0.01033	0.00632	0.00470	0.00462	0.00154	0.00721	0.00360	0.00211	0.00729
38	0.00686	0.00505	0.00642	0.00616	0.00735	0.00461	0.00459	0.00899	0.01352	0.01879	0.65830	0.08268	0.13655	0.01079	0.00591	0.00161	0.00240	0.00949	0.00533	0.00461
39	0.00881	0.03524	0.01017	0.04766	0.03449	0.00734	0.04091	0.01246	0.11735	0.01632	0.17988	0.18534	0.10090	0.00890	0.00528	0.00152	0.00365	0.00784	0.00418	0.17178
40	0.00984	0.00481	0.00493	0.00482	0.00610	0.00476	0.00364	0.01214	0.01061	0.05107	0.01640	0.01852	0.01276	0.00582	0.00355	0.00118	0.00240	0.00466	0.81719	0.00481
41	0.01238	0.01885	0.40395	0.01345	0.04472	0.01240	0.04376	0.17415	0.16619	0.02014	0.03326	0.01332	0.00973	0.00551	0.00494	0.00158	0.00616	0.00449	0.00340	0.00762
42	0.00689	0.00509	0.00643	0.00609	0.00734	0.00463	0.00457	0.00908	0.01371	0.01904	0.68363	0.03879	0.15509	0.01054	0.00588	0.00158	0.00238	0.00923	0.00536	0.00463
43	0.01043	0.00883	0.00976	0.00928	0.03401	0.00971	0.00691	0.02007	0.50016	0.01958	0.18621	0.02612	0.12156	0.00817	0.00534	0.00166	0.00348	0.00694	0.00503	0.00675
44	0.01327	0.01114	0.01176	0.01032	0.01329	0.01281	0.00810	0.12645	0.68334	0.02226	0.01918	0.01771	0.01432	0.00666	0.00506	0.00166	0.00415	0.00548	0.00506	0.00797
45	0.02236	0.00848	0.01157	0.00887	0.01272	0.00733	0.00733	0.02429	0.01427	0.79719	0.01966	0.01697	0.01234	0.00617	0.00501	0.00154	0.00424	0.00501	0.00617	0.00848
46	0.01252	0.01212	0.02127	0.05206	0.53481	0.01211	0.17212	0.07436	0.01233	0.01723	0.01048	0.01324	0.02253	0.00468	0.00515	0.00153	0.00636	0.00486	0.00271	0.00755

[dist]
# distance from previous block
# <min> <max>
1	1

[block]
# block no. 4 follows, 50 sequences, length 19
# corresponding to MSA columns:
# 201-219
name=unknown_E
#
# <colnr> <probs for GDERKNQSTAVLIFYWHMCP>
#	G	D	E	R	K	N	Q	S	T	A	V	L	I	F	Y	W	H	M	C	P
0	0.00620	0.00445	0.00591	0.00703	0.00742	0.00416	0.00483	0.00717	0.00972	0.01289	0.02805	0.74968	0.05413	0.01541	0.00638	0.00203	0.00299	0.06283	0.00462	0.00409
1	0.01361	0.71587	0.06592	0.00920	0.01348	0.08723	0.00915	0.01540	0.01049	0.01198	0.00710	0.00822	0.00639	0.00436	0.00339	0.00111	0.00575	0.00277	0.00217	0.00639
2	0.03293	0.12516	0.18255	0.01074	0.01530	0.08515	0.02773	0.06894	0.01332	0.36914	0.01358	0.01306	0.00921	0.00542	0.00464	0.00146	0.00567	0.00419	0.00420	0.00761
3	0.03090	0.11278	0.05452	0.01156	0.08344	0.01090	0.02364	0.14262	0.01451	0.40046	0.02668	0.01419	0.01045	0.00559	0.00472	0.00145	0.00491	0.00449	0.00470	0.03751
4	0.01248	0.01158	0.01680	0.01356	0.01662	0.06319	0.23962	0.08399	0.20604	0.04326	0.02940	0.04562	0.01416	0.00730	0.00635	0.00177	0.06034	0.11738	0.00390	0.00664
5	0.00937	0.00819	0.01328	0.07579	0.20477	0.00825	0.09047	0.04561	0.02636	0.01537	0.04370	0.33099	0.02076	0.00991	0.00580	0.00181	0.00477	0.07533	0.00374	0.00573
6	0.07821	0.01136	0.01691	0.02120	0.42964	0.01163	0.04474	0.08881	0.10766	0.12222	0.01217	0.01341	0.00923	0.00510	0.00487	0.00153	0.00537	0.00460	0.00356	0.00779
7	0.01205	0.22065	0.32408	0.01569	0.13313	0.05010	0.09833	0.03346	0.03973	0.01525	0.00907	0.01075	0.00709	0.00464	0.00452	0.00144	0.00667	0.00385	0.00241	0.00710
8	0.00631	0.00452	0.00593	0.00671	0.00720	0.00421	0.00457	0.00745	0.01041	0.01408	0.17979	0.62107	0.05156	0.04269	0.00692	0.00202	0.00284	0.01282	0.00474	0.00415
9	0.01127	0.01947	0.43482	0.01922	0.23319	0.01195	0.10492	0.04422	0.04300	0.01673	0.00977	0.01174	0.00734	0.00472	0.00495	0.00157	0.00688	0.00426	0.00248	0.00750
10	0.09312	0.04884	0.05976	0.01067	0.04074	0.02490	0.02403	0.14155	0.23447	0.20187	0.05723	0.01576	0.01280	0.00610	0.00480	0.00156	0.00468	0.00489	0.00466	0.00756
11	0.01674	0.00885	0.01121	0.00913	0.01230	0.00867	0.02571	0.06742	0.19858	0.40662	0.14050	0.02087	0.03646	0.00703	0.00520	0.00159	0.00401	0.00591	0.00560	0.00761
12	0.00614	0.00439	0.00584	0.00690	0.00724	0.00409	0.00463	0.00710	0.00984	0.01320	0.07739	0.77030	0.03389	0.01526	0.00633	0.00199	0.00286	0.01383	0.00468	0.00409
13	0.01387	0.04781	0.01948	0.03956	0.48917	0.12857	0.07921	0.02878	0.03151	0.05982	0.00997	0.01219	0.00801	0.00471	0.00489	0.00146	0.00642	0.00437	0.00278	0.00742
14	0.28997	0.01060	0.01195	0.04837	0.11142	0.01153	0.00851	0.24836	0.01421	0.09397	0.01216	0.06598	0.01009	0.00626	0.00453	0.00159	0.00474	0.03493	0.00399	0.00682
15	0.00719	0.00481	0.00545	0.00551	0.00552	0.00480	0.00309	0.00723	0.00735	0.00980	0.01624	0.06876	0.01880	0.78775	0.02450	0.00470	0.00474	0.00757	0.00309	0.00307
16	0.00807	0.00502	0.00659	0.00704	0.00799	0.00459	0.00505	0.00935	0.01088	0.09971	0.12248	0.53075	0.09487	0.01356	0.00614	0.00190	0.00304	0.05341	0.00490	0.00466
17	0.04869	0.01218	0.04032	0.03618	0.47399	0.03043	0.08597	0.05994	0.02446	0.12298	0.01099	0.01286	0.00841	0.00482	0.00495	0.00152	0.00592	0.00456	0.00317	0.00769
18	0.07171	0.01169	0.01815	0.02396	0.53362	0.01178	0.05058	0.09094	0.03745	0.01834	0.00981	0.01210	0.00796	0.00461	0.00476	0.00144	0.00561	0.00431	0.00289	0.07830

[dist]
# distance from previous block
# <min> <max>
0	1

[block]
# block no. 5 follows, 50 sequences, length 24
# corresponding to MSA columns:
# 221-244
name=unknown_F
#
# <colnr> <probs for GDERKNQSTAVLIFYWHMCP>
#	G	D	E	R	K	N	Q	S	T	A	V	L	I	F	Y	W	H	M	C	P
0	0.01079	0.02033	0.46142	0.01749	0.04748	0.01200	0.32657	0.01584	0.01105	0.01587	0.00942	0.01177	0.00687	0.00451	0.00521	0.00162	0.00774	0.00460	0.00229	0.00712
1	0.01238	0.01095	0.01284	0.01323	0.13933	0.05689	0.02481	0.12337	0.30307	0.02014	0.14115	0.02031	0.05888	0.00706	0.00556	0.00160	0.03108	0.00591	0.00439	0.00704
2	0.00608	0.00462	0.00561	0.00628	0.00708	0.00415	0.00436	0.00718	0.01046	0.01348	0.08888	0.51434	0.28098	0.01426	0.00617	0.00188	0.00273	0.01262	0.00469	0.00415
3	0.00979	0.00932	0.01522	0.01801	0.30679	0.02796	0.12627	0.01203	0.01089	0.01474	0.04536	0.20889	0.10195	0.04060	0.00665	0.00181	0.02652	0.00786	0.00334	0.00598
4	0.00610	0.00448	0.00574	0.00673	0.00725	0.00412	0.00460	0.00707	0.00986	0.01289	0.03073	0.68964	0.14123	0.01514	0.00631	0.00198	0.00289	0.03454	0.00463	0.00409
5	0.01223	0.03780	0.32247	0.01219	0.01688	0.03760	0.04031	0.05481	0.29326	0.05385	0.03243	0.01447	0.01097	0.00584	0.00529	0.00161	0.03224	0.00468	0.00362	0.00743
6	0.01385	0.01048	0.02569	0.01020	0.02938	0.01116	0.00803	0.16956	0.39464	0.10870	0.07717	0.04012	0.04218	0.00733	0.00521	0.00165	0.00421	0.02787	0.00506	0.00751
7	0.01197	0.01231	0.05478	0.07028	0.66293	0.03241	0.01475	0.01494	0.01123	0.01581	0.01007	0.04741	0.00881	0.00499	0.00498	0.00151	0.00598	0.00480	0.00253	0.00752
8	0.00985	0.00747	0.00877	0.00777	0.00967	0.00775	0.00601	0.13159	0.15320	0.02192	0.53252	0.02998	0.03537	0.00893	0.00560	0.00158	0.00312	0.00771	0.00534	0.00586
9	0.01356	0.79229	0.02559	0.00872	0.01291	0.05442	0.00858	0.01515	0.01030	0.01175	0.00696	0.00804	0.00640	0.00430	0.00326	0.00108	0.00549	0.00269	0.00215	0.00637
10	0.01116	0.00904	0.01109	0.00801	0.01239	0.00704	0.03256	0.01373	0.03026	0.06331	0.00984	0.01105	0.00789	0.00394	0.00388	0.00084	0.00389	0.00325	0.00319	0.75364
11	0.05817	0.04908	0.04318	0.01183	0.05053	0.03378	0.00957	0.52494	0.05916	0.09203	0.01225	0.01226	0.00875	0.00576	0.00480	0.00149	0.00539	0.00436	0.00460	0.00808
12	0.00592	0.00492	0.00518	0.00539	0.00682	0.00418	0.00394	0.00712	0.01104	0.01333	0.04639	0.18593	0.65640	0.01316	0.00598	0.00174	0.00259	0.01117	0.00463	0.00418
13	0.00634	0.00501	0.00575	0.00617	0.00742	0.00445	0.00467	0.00770	0.01101	0.01370	0.06661	0.21277	0.46814	0.02804	0.00650	0.00191	0.00297	0.13200	0.00462	0.00423
14	0.86003	0.00964	0.00733	0.00655	0.00964	0.01118	0.00540	0.01465	0.00848	0.02236	0.00694	0.00810	0.00540	0.00463	0.00308	0.00154	0.00386	0.00270	0.00308	0.00540
15	0.86003	0.00964	0.00733	0.00655	0.00964	0.01118	0.00540	0.01465	0.00848	0.02236	0.00694	0.00810	0.00540	0.00463	0.00308	0.00154	0.00386	0.00270	0.00308	0.00540
16	0.00773	0.00553	0.00768	0.00877	0.00980	0.00547	0.00745	0.00984	0.01132	0.01483	0.05667	0.15674	0.02998	0.01387	0.00678	0.00223	0.00428	0.63188	0.00463	0.00452
17	0.00637	0.00521	0.00565	0.00554	0.00710	0.00457	0.00415	0.00827	0.03452	0.01528	0.23288	0.06049	0.56862	0.01191	0.00587	0.00166	0.00253	0.01008	0.00485	0.00443
18	0.00696	0.00509	0.00653	0.00617	0.00739	0.00466	0.00463	0.00922	0.01388	0.01944	0.72840	0.03814	0.11008	0.01040	0.00588	0.00158	0.00237	0.00914	0.00541	0.00466
19	0.01685	0.06931	0.03078	0.08436	0.01671	0.10872	0.00975	0.46629	0.07170	0.04142	0.02816	0.01254	0.00925	0.00580	0.00483	0.00147	0.00584	0.00438	0.00424	0.00760
20	0.00603	0.00501	0.00527	0.00530	0.00684	0.00425	0.00394	0.00738	0.01154	0.01411	0.12779	0.09731	0.66297	0.01256	0.00592	0.00169	0.00253	0.01060	0.00472	0.00425
21	0.79391	0.04703	0.00832	0.00672	0.00988	0.01145	0.00560	0.01498	0.00875	0.04721	0.00736	0.00838	0.00567	0.00466	0.00315	0.00152	0.00394	0.00277	0.00314	0.00554
22	0.01287	0.71814	0.13181	0.00931	0.01399	0.01861	0.00988	0.01504	0.01018	0.01228	0.00721	0.00834	0.00639	0.00433	0.00341	0.00114	0.00561	0.00280	0.00213	0.00653
23	0.01194	0.01170	0.01876	0.15202	0.58538	0.05018	0.03061	0.01485	0.01113	0.01531	0.00940	0.01266	0.00782	0.00599	0.03974	0.00179	0.00656	0.00445	0.00244	0.00725

[dist]
# distance from previous block
# <min> <max>
0	5

[block]
# block no. 6 follows, 50 sequences, length 20
# corresponding to MSA columns:
# 268-287
name=unknown_G
#
# <colnr> <probs for GDERKNQSTAVLIFYWHMCP>
#	G	D	E	R	K	N	Q	S	T	A	V	L	I	F	Y	W	H	M	C	P
0	0.00739	0.00561	0.00801	0.00787	0.00854	0.00657	0.00595	0.00880	0.00785	0.01125	0.01334	0.02141	0.01311	0.18017	0.61015	0.00704	0.06436	0.00563	0.00270	0.00425
1	0.00724	0.00516	0.00630	0.00596	0.00735	0.00464	0.00449	0.00929	0.01326	0.03977	0.54714	0.03894	0.24376	0.01059	0.00578	0.00158	0.00245	0.00916	0.03244	0.00467
2	0.01333	0.82783	0.02612	0.00853	0.01279	0.01972	0.00853	0.01493	0.01013	0.01173	0.00693	0.00800	0.00640	0.00426	0.00320	0.00107	0.00533	0.00267	0.00213	0.00640
3	0.00792	0.00566	0.00790	0.00905	0.01015	0.00564	0.00784	0.01013	0.01136	0.01479	0.02645	0.09977	0.02893	0.01387	0.00685	0.00228	0.00449	0.71774	0.00459	0.00456
4	0.01895	0.01396	0.01496	0.01147	0.01546	0.01546	0.00947	0.77711	0.02344	0.03141	0.01197	0.01197	0.00848	0.00598	0.00499	0.00150	0.00548	0.00449	0.00499	0.00848
5	0.00952	0.00674	0.00753	0.00694	0.00896	0.00658	0.00532	0.01392	0.18938	0.10361	0.14579	0.03561	0.36022	0.05138	0.00661	0.00183	0.00318	0.02638	0.00495	0.00555
6	0.01897	0.01020	0.01410	0.06290	0.16612	0.00998	0.00968	0.16513	0.01518	0.45178	0.01554	0.01489	0.01039	0.00573	0.00499	0.00153	0.00495	0.00477	0.00498	0.00819
7	0.01649	0.01263	0.01403	0.01223	0.06558	0.01403	0.00929	0.46607	0.26787	0.04646	0.01468	0.01426	0.01071	0.00614	0.00501	0.00156	0.00499	0.00487	0.00488	0.00825
8	0.01218	0.01168	0.01994	0.07345	0.75213	0.01180	0.01522	0.01516	0.01127	0.01609	0.00935	0.01239	0.00783	0.00447	0.00494	0.00149	0.00596	0.00444	0.00245	0.00777
9	0.00623	0.00508	0.00559	0.00549	0.00701	0.00443	0.00413	0.00778	0.01185	0.01494	0.22670	0.04395	0.57317	0.01329	0.04638	0.00198	0.00303	0.00990	0.00474	0.00434
10	0.01245	0.01299	0.02154	0.10296	0.45656	0.08023	0.20885	0.01561	0.01156	0.01551	0.00936	0.01242	0.00756	0.00449	0.00514	0.00153	0.00689	0.00470	0.00247	0.00718
11	0.01243	0.01169	0.01746	0.09841	0.49771	0.06318	0.03015	0.01632	0.08832	0.04102	0.01185	0.04097	0.01011	0.00552	0.00506	0.00156	0.00585	0.03213	0.00298	0.00728
12	0.00679	0.00503	0.00706	0.00742	0.00820	0.00534	0.00555	0.00830	0.00915	0.01261	0.06309	0.25011	0.07214	0.04596	0.42475	0.00519	0.00845	0.04696	0.00361	0.00431
13	0.01486	0.01176	0.01236	0.01052	0.01362	0.03814	0.00841	0.28848	0.40378	0.05126	0.01745	0.03783	0.01364	0.00702	0.00515	0.00165	0.00467	0.04668	0.00496	0.00777
14	0.01368	0.21001	0.10811	0.12019	0.22040	0.12251	0.01220	0.04046	0.02658	0.06740	0.00943	0.01117	0.00745	0.00481	0.00445	0.00140	0.00630	0.00382	0.00271	0.00694
15	0.00968	0.00560	0.00698	0.00663	0.00829	0.00494	0.00496	0.01122	0.01211	0.18008	0.20425	0.24188	0.26110	0.01150	0.00583	0.00172	0.00294	0.00998	0.00515	0.00518
16	0.00667	0.00517	0.00621	0.00681	0.00807	0.00472	0.00541	0.00823	0.01110	0.01385	0.03825	0.17948	0.39913	0.01352	0.00632	0.00195	0.00331	0.27288	0.00461	0.00431
17	0.01326	0.01261	0.03309	0.24188	0.24725	0.10257	0.04020	0.08442	0.10370	0.05574	0.01109	0.01316	0.00847	0.00517	0.00495	0.00155	0.00624	0.00451	0.00312	0.00702
18	0.03527	0.07704	0.25130	0.01332	0.01832	0.02625	0.17547	0.08030	0.10004	0.11914	0.02726	0.01326	0.00936	0.00519	0.00491	0.00154	0.00624	0.00459	0.00342	0.02779
19	0.01613	0.00914	0.01097	0.00876	0.01214	0.00875	0.00710	0.15566	0.10018	0.32428	0.09044	0.02035	0.07282	0.00688	0.00502	0.00147	0.00407	0.02104	0.00520	0.11958

[dist]
# distance from previous block
# <min> <max>
0	1

# created by:
# /home/cegg/simao/soft/augustus-3.2.1/scripts/msa2prfl.pl ./align_prep/EOG091G0L4M.fa
