[name]
unknown

[dist]
# distance from previous block
# <min> <max>
0	66

[block]
# block no. 0 follows, 43 sequences, length 12
# corresponding to MSA columns:
# 76-87
name=unknown_A
#
# <colnr> <probs for GDERKNQSTAVLIFYWHMCP>
#	G	D	E	R	K	N	Q	S	T	A	V	L	I	F	Y	W	H	M	C	P
0	0.03510	0.01078	0.01496	0.04174	0.10532	0.06965	0.12534	0.03932	0.03623	0.06328	0.08524	0.13762	0.04952	0.06527	0.00790	0.00208	0.02895	0.02715	0.03392	0.02064
1	0.04957	0.00959	0.01265	0.05667	0.13200	0.03846	0.03718	0.06141	0.03731	0.05949	0.17816	0.08581	0.03789	0.08785	0.02948	0.00230	0.02051	0.00733	0.03170	0.02464
2	0.02944	0.01081	0.03466	0.06086	0.03060	0.06391	0.03657	0.06649	0.11150	0.04378	0.15446	0.08679	0.03618	0.05081	0.04674	0.00235	0.06986	0.00717	0.03521	0.02182
3	0.03157	0.01124	0.03977	0.19317	0.06325	0.01157	0.08527	0.14863	0.06661	0.07514	0.04125	0.04874	0.01337	0.07953	0.02309	0.00223	0.00625	0.00609	0.04616	0.00708
4	0.06174	0.04963	0.01520	0.17717	0.05323	0.11367	0.03056	0.13413	0.02868	0.13848	0.01481	0.04960	0.03287	0.00663	0.00527	0.00166	0.00619	0.00536	0.04043	0.03470
5	0.12731	0.01301	0.11892	0.09709	0.05307	0.04622	0.02196	0.08514	0.04534	0.05141	0.05304	0.03872	0.01299	0.02246	0.06156	0.02691	0.00640	0.02324	0.04628	0.04892
6	0.01105	0.01087	0.11666	0.01014	0.03251	0.04926	0.03010	0.02833	0.01342	0.09707	0.20999	0.18401	0.11041	0.04531	0.00712	0.00199	0.00465	0.00918	0.02183	0.00610
7	0.01419	0.01191	0.03419	0.10582	0.07949	0.01274	0.05805	0.19870	0.11458	0.05593	0.11976	0.06134	0.01743	0.00786	0.00703	0.00184	0.08052	0.00652	0.00453	0.00757
8	0.00840	0.00640	0.00900	0.00883	0.01005	0.00727	0.00684	0.01163	0.07371	0.01504	0.12063	0.02440	0.01947	0.03443	0.60888	0.00730	0.01224	0.00653	0.00363	0.00531
9	0.01025	0.07699	0.03415	0.05518	0.01470	0.00979	0.11114	0.01522	0.13201	0.01989	0.36960	0.03014	0.08045	0.00892	0.00605	0.00175	0.00454	0.00800	0.00488	0.00635
10	0.01319	0.01306	0.02733	0.02001	0.02477	0.01218	0.58353	0.01713	0.01296	0.08153	0.01481	0.12512	0.01279	0.00662	0.00653	0.00191	0.00809	0.00774	0.00347	0.00722
11	0.72749	0.01000	0.00779	0.00705	0.01026	0.01134	0.00575	0.01512	0.00987	0.02347	0.01447	0.01518	0.11247	0.00638	0.00386	0.00174	0.00408	0.00421	0.00367	0.00581

[dist]
# distance from previous block
# <min> <max>
3	15

[block]
# block no. 1 follows, 43 sequences, length 16
# corresponding to MSA columns:
# 107-122
name=unknown_B
#
# <colnr> <probs for GDERKNQSTAVLIFYWHMCP>
#	G	D	E	R	K	N	Q	S	T	A	V	L	I	F	Y	W	H	M	C	P
0	0.05795	0.01546	0.24098	0.01806	0.22782	0.01080	0.02547	0.03461	0.03482	0.05836	0.01606	0.20409	0.01536	0.00827	0.00572	0.00184	0.00598	0.00730	0.00362	0.00744
1	0.01563	0.01092	0.01455	0.18315	0.05826	0.04340	0.03477	0.03357	0.01317	0.22143	0.01317	0.01439	0.00952	0.00534	0.00503	0.00141	0.00559	0.00450	0.00405	0.30813
2	0.22951	0.01223	0.01505	0.32326	0.16444	0.08772	0.01233	0.01626	0.03049	0.01781	0.00976	0.01298	0.00772	0.00660	0.03111	0.00197	0.00685	0.00436	0.00290	0.00665
3	0.21287	0.00965	0.02372	0.03647	0.15580	0.00976	0.00858	0.02743	0.07645	0.05666	0.11284	0.05571	0.16584	0.00854	0.00543	0.00179	0.00441	0.01705	0.00439	0.00660
4	0.00988	0.00876	0.01405	0.60180	0.03037	0.01063	0.01247	0.01267	0.01034	0.01332	0.01168	0.01996	0.01047	0.19914	0.01102	0.00270	0.00690	0.00568	0.00268	0.00548
5	0.01080	0.01963	0.44604	0.20166	0.02407	0.01126	0.01608	0.01584	0.01153	0.01731	0.01146	0.01414	0.00847	0.00555	0.00506	0.00169	0.00693	0.00450	0.16085	0.00712
6	0.16691	0.00678	0.00839	0.00813	0.00965	0.00756	0.00634	0.01124	0.01064	0.01740	0.19576	0.02408	0.02165	0.02731	0.44711	0.00580	0.00987	0.00636	0.00381	0.00521
7	0.00881	0.00672	0.00926	0.01176	0.15189	0.00664	0.00638	0.00967	0.00954	0.01296	0.01928	0.21725	0.02197	0.46248	0.01876	0.00391	0.00508	0.00932	0.00367	0.00466
8	0.00914	0.01120	0.15671	0.19977	0.01941	0.00935	0.01154	0.01238	0.00996	0.01406	0.01270	0.01815	0.01098	0.02593	0.44722	0.00583	0.01177	0.00534	0.00273	0.00585
9	0.00743	0.00537	0.00743	0.00799	0.00855	0.00566	0.00566	0.00869	0.00952	0.01312	0.02198	0.36083	0.02456	0.13702	0.34319	0.00554	0.00850	0.01047	0.00396	0.00453
10	0.01055	0.00628	0.00731	0.00669	0.00850	0.00557	0.00488	0.01190	0.01251	0.15924	0.12854	0.04114	0.35506	0.20387	0.01160	0.00267	0.00376	0.00944	0.00515	0.00533
11	0.01400	0.61533	0.02478	0.00917	0.01395	0.01840	0.00877	0.01595	0.01131	0.01424	0.00822	0.00951	0.00737	0.00458	0.00369	0.00110	0.00548	0.00304	0.00259	0.20852
12	0.01538	0.01200	0.01896	0.01508	0.01718	0.01427	0.15155	0.01747	0.01114	0.19845	0.01155	0.01428	0.00904	0.00805	0.01291	0.00215	0.45450	0.00534	0.00357	0.00714
13	0.16992	0.01255	0.05398	0.01509	0.01868	0.02895	0.33968	0.01497	0.01092	0.01706	0.01173	0.01856	0.01063	0.19888	0.01171	0.00270	0.04886	0.00596	0.00301	0.00613
14	0.48706	0.01026	0.00985	0.00799	0.01195	0.01039	0.00654	0.01775	0.01115	0.16573	0.01092	0.01147	0.00800	0.00522	0.00400	0.00150	0.00432	0.00356	0.00404	0.20833
15	0.01138	0.01483	0.16652	0.03953	0.02302	0.01145	0.36878	0.01572	0.01266	0.01725	0.01636	0.02857	0.01515	0.00799	0.00660	0.00205	0.00779	0.22408	0.00339	0.00686

[dist]
# distance from previous block
# <min> <max>
2	6

[block]
# block no. 2 follows, 43 sequences, length 8
# corresponding to MSA columns:
# 132-139
name=unknown_C
#
# <colnr> <probs for GDERKNQSTAVLIFYWHMCP>
#	G	D	E	R	K	N	Q	S	T	A	V	L	I	F	Y	W	H	M	C	P
0	0.00805	0.00592	0.00726	0.00750	0.00845	0.00550	0.00506	0.00949	0.03595	0.01405	0.02377	0.42653	0.02737	0.24344	0.01277	0.00297	0.00406	0.03612	0.00440	0.11135
1	0.01647	0.47702	0.02459	0.01357	0.11207	0.01942	0.01074	0.22970	0.01571	0.02001	0.00967	0.01078	0.00799	0.00532	0.00438	0.00138	0.00606	0.00380	0.00334	0.00799
2	0.07250	0.52066	0.02394	0.23594	0.02090	0.01846	0.01094	0.01586	0.01107	0.01419	0.00832	0.01060	0.00711	0.00500	0.00412	0.00141	0.00623	0.00353	0.00247	0.00675
3	0.01614	0.01132	0.01438	0.23713	0.02144	0.01256	0.01072	0.21260	0.16130	0.15446	0.05471	0.01872	0.03583	0.00698	0.00564	0.00178	0.00562	0.00577	0.00491	0.00800
4	0.01268	0.00979	0.01591	0.20504	0.27812	0.01051	0.01256	0.01554	0.01158	0.11262	0.01302	0.01695	0.01054	0.01592	0.23078	0.00380	0.00892	0.00530	0.00327	0.00712
5	0.00960	0.00842	0.01433	0.01182	0.01449	0.00787	0.22144	0.01251	0.01312	0.01794	0.14333	0.03799	0.19301	0.01018	0.00642	0.00191	0.00510	0.15368	0.11113	0.00572
6	0.01534	0.01659	0.01980	0.12017	0.46375	0.23603	0.01498	0.01813	0.01332	0.01630	0.00981	0.01276	0.00813	0.00523	0.00535	0.00161	0.00766	0.00454	0.00274	0.00777
7	0.01867	0.02256	0.01766	0.01998	0.23538	0.56016	0.01252	0.02063	0.01480	0.01487	0.00910	0.01106	0.00761	0.00548	0.00514	0.00149	0.00900	0.00396	0.00282	0.00710

[dist]
# distance from previous block
# <min> <max>
0	11

[block]
# block no. 3 follows, 43 sequences, length 7
# corresponding to MSA columns:
# 151-157
name=unknown_D
#
# <colnr> <probs for GDERKNQSTAVLIFYWHMCP>
#	G	D	E	R	K	N	Q	S	T	A	V	L	I	F	Y	W	H	M	C	P
0	0.01079	0.00751	0.00827	0.00745	0.00839	0.00786	0.00487	0.16497	0.01185	0.01583	0.01657	0.03141	0.01788	0.63697	0.02341	0.00459	0.00552	0.00741	0.00382	0.00463
1	0.00930	0.00746	0.00877	0.00856	0.01026	0.00790	0.00642	0.01538	0.24541	0.01853	0.18027	0.19403	0.12681	0.01603	0.11599	0.00292	0.00504	0.00970	0.00518	0.00606
2	0.01463	0.01172	0.01380	0.17562	0.01913	0.01338	0.00997	0.25780	0.25807	0.02332	0.01615	0.01923	0.01292	0.11939	0.00877	0.00229	0.00571	0.00582	0.00461	0.00766
3	0.01062	0.00639	0.00689	0.00661	0.00786	0.00654	0.00473	0.09906	0.01244	0.01933	0.01913	0.13327	0.01805	0.17645	0.00965	0.00233	0.00368	0.00724	0.44455	0.00519
4	0.00804	0.00544	0.00638	0.00638	0.00650	0.00555	0.00378	0.00827	0.00815	0.01099	0.01714	0.03452	0.01939	0.71456	0.11797	0.00579	0.00649	0.00780	0.00331	0.00354
5	0.01629	0.01399	0.02042	0.02652	0.50559	0.01457	0.01472	0.27579	0.01734	0.02401	0.01143	0.01356	0.00900	0.00554	0.00550	0.00165	0.00641	0.00495	0.00373	0.00900
6	0.06073	0.60189	0.18302	0.01066	0.01604	0.01950	0.01156	0.01676	0.01124	0.01463	0.00817	0.00947	0.00703	0.00487	0.00390	0.00133	0.00630	0.00320	0.00242	0.00727

[dist]
# distance from previous block
# <min> <max>
0	47

[block]
# block no. 4 follows, 43 sequences, length 20
# corresponding to MSA columns:
# 205-224
name=unknown_E
#
# <colnr> <probs for GDERKNQSTAVLIFYWHMCP>
#	G	D	E	R	K	N	Q	S	T	A	V	L	I	F	Y	W	H	M	C	P
0	0.01280	0.01203	0.01968	0.02638	0.51412	0.01196	0.06085	0.01718	0.08543	0.01871	0.07037	0.04882	0.01398	0.00612	0.00563	0.00166	0.00595	0.00590	0.00341	0.05901
1	0.06570	0.07204	0.05176	0.02476	0.39792	0.01360	0.15165	0.01785	0.01249	0.08827	0.01111	0.01362	0.00874	0.00528	0.00597	0.00170	0.04126	0.00499	0.00312	0.00816
2	0.00805	0.00537	0.00604	0.00604	0.00604	0.00537	0.00336	0.00805	0.00805	0.01074	0.01745	0.03624	0.02013	0.80536	0.02819	0.00537	0.00537	0.00805	0.00336	0.00336
3	0.00675	0.00482	0.00643	0.00771	0.00803	0.00450	0.00514	0.00771	0.01060	0.01414	0.03053	0.80175	0.03663	0.01735	0.00707	0.00225	0.00321	0.01574	0.00514	0.00450
4	0.01256	0.02743	0.12684	0.06880	0.06543	0.04165	0.04836	0.04512	0.04603	0.10253	0.26501	0.03957	0.04308	0.00818	0.00632	0.00176	0.03283	0.00699	0.00456	0.00694
5	0.00830	0.00564	0.00631	0.00626	0.00639	0.00572	0.00358	0.00896	0.03982	0.01126	0.01767	0.03559	0.02000	0.77169	0.02724	0.00522	0.00533	0.00798	0.00345	0.00358
6	0.00805	0.00537	0.00604	0.00604	0.00604	0.00537	0.00336	0.00805	0.00805	0.01074	0.01745	0.03624	0.02013	0.80536	0.02819	0.00537	0.00537	0.00805	0.00336	0.00336
7	0.00805	0.00540	0.00620	0.00620	0.00625	0.00545	0.00355	0.00815	0.00810	0.01085	0.01731	0.03545	0.01979	0.76376	0.06933	0.00556	0.00588	0.00794	0.00333	0.00344
8	0.01518	0.03518	0.02021	0.13393	0.38637	0.08316	0.04469	0.14811	0.04355	0.02016	0.01110	0.01364	0.00879	0.00548	0.00546	0.00166	0.00693	0.00488	0.00331	0.00821
9	0.01092	0.01070	0.01905	0.64524	0.03582	0.01275	0.12626	0.01466	0.01127	0.01466	0.00995	0.01469	0.00753	0.00557	0.00619	0.00187	0.03885	0.00516	0.00251	0.00635
10	0.00690	0.00508	0.00648	0.00741	0.00810	0.00466	0.00515	0.00814	0.01146	0.01509	0.10087	0.58647	0.15358	0.01620	0.00696	0.00216	0.00317	0.04228	0.00523	0.00462
11	0.02872	0.01273	0.08079	0.29792	0.36922	0.01231	0.03377	0.01558	0.01184	0.01669	0.01110	0.04442	0.00928	0.00569	0.00549	0.00175	0.00679	0.00528	0.02317	0.00746
12	0.00943	0.00797	0.01108	0.11898	0.09877	0.00817	0.00856	0.01232	0.05256	0.01642	0.11287	0.15414	0.11996	0.05421	0.03484	0.00228	0.03577	0.05127	0.00419	0.08621
13	0.02069	0.02640	0.01569	0.01427	0.01712	0.78313	0.01070	0.02212	0.01569	0.01355	0.00856	0.00999	0.00713	0.00571	0.00499	0.00143	0.00999	0.00357	0.00285	0.00642
14	0.03540	0.19403	0.13987	0.12341	0.08922	0.17786	0.05241	0.04675	0.04165	0.01647	0.02766	0.01253	0.00886	0.00550	0.00496	0.00157	0.00741	0.00428	0.00290	0.00725
15	0.03294	0.05572	0.01391	0.01108	0.01446	0.01439	0.00884	0.22401	0.44161	0.02500	0.01962	0.03513	0.03175	0.03860	0.00638	0.00192	0.00491	0.00605	0.00527	0.00840
16	0.55140	0.09463	0.09631	0.01038	0.04825	0.01377	0.02486	0.05253	0.02972	0.02282	0.00880	0.01013	0.00684	0.00523	0.00396	0.00167	0.00518	0.00346	0.00331	0.00675
17	0.01122	0.01028	0.01675	0.62493	0.10986	0.01245	0.01478	0.04008	0.01167	0.01551	0.01026	0.01474	0.00787	0.00571	0.00596	0.00182	0.03784	0.00493	0.03685	0.00649
18	0.00833	0.00658	0.00902	0.00898	0.00999	0.03198	0.00693	0.01022	0.00909	0.01281	0.01472	0.02186	0.01384	0.06598	0.73292	0.00854	0.01436	0.00593	0.00298	0.00494
19	0.01330	0.06263	0.23939	0.09116	0.09163	0.04033	0.17542	0.07136	0.03992	0.03305	0.02994	0.01397	0.00937	0.00551	0.00574	0.00170	0.02214	0.00500	0.00308	0.04536

[dist]
# distance from previous block
# <min> <max>
0	1

[block]
# block no. 5 follows, 43 sequences, length 31
# corresponding to MSA columns:
# 226-256
name=unknown_F
#
# <colnr> <probs for GDERKNQSTAVLIFYWHMCP>
#	G	D	E	R	K	N	Q	S	T	A	V	L	I	F	Y	W	H	M	C	P
0	0.01346	0.26047	0.28258	0.03570	0.01920	0.01623	0.05115	0.05911	0.04559	0.03494	0.01002	0.01180	0.00792	0.00583	0.00645	0.00165	0.10564	0.00416	0.00284	0.02526
1	0.00804	0.00541	0.00623	0.00623	0.00629	0.00547	0.00359	0.00817	0.00811	0.01088	0.01728	0.03530	0.01972	0.75550	0.07749	0.00560	0.00599	0.00792	0.00333	0.00346
2	0.01148	0.00984	0.01148	0.00820	0.01312	0.00738	0.00656	0.01395	0.01148	0.01805	0.00984	0.01148	0.00820	0.00410	0.00410	0.00082	0.00410	0.00328	0.00328	0.83922
3	0.00797	0.00571	0.00775	0.00775	0.00834	0.00630	0.00548	0.00915	0.00856	0.01200	0.01589	0.02760	0.01638	0.34949	0.47892	0.00748	0.01102	0.00679	0.00312	0.00430
4	0.00711	0.00521	0.00655	0.00714	0.00799	0.00479	0.00502	0.00835	0.01173	0.01546	0.16091	0.42221	0.19914	0.03411	0.02638	0.03656	0.00345	0.02821	0.00510	0.00457
5	0.02105	0.01551	0.01662	0.01274	0.01717	0.01717	0.01053	0.75235	0.02604	0.03490	0.01330	0.01330	0.00942	0.00665	0.00554	0.00166	0.00609	0.00499	0.00554	0.00942
6	0.00940	0.04024	0.00995	0.02524	0.01137	0.00678	0.00627	0.01121	0.01120	0.01600	0.02067	0.33303	0.05368	0.01025	0.00551	0.00153	0.00386	0.02914	0.00411	0.39057
7	0.01032	0.00516	0.00516	0.00516	0.00645	0.00516	0.00387	0.01290	0.01161	0.02065	0.01807	0.02065	0.01420	0.00645	0.00387	0.00129	0.00258	0.00516	0.83611	0.00516
8	0.84448	0.01071	0.00814	0.00728	0.01071	0.01242	0.00600	0.01628	0.00943	0.02485	0.00771	0.00900	0.00600	0.00514	0.00343	0.00171	0.00428	0.00300	0.00343	0.00600
9	0.01014	0.00924	0.01523	0.56133	0.10223	0.01089	0.01348	0.01343	0.01169	0.01542	0.09617	0.08861	0.01515	0.00719	0.00578	0.00185	0.00640	0.00647	0.00313	0.00615
10	0.01111	0.02865	0.77667	0.01579	0.02397	0.01286	0.02046	0.01754	0.01169	0.01754	0.00994	0.01169	0.00702	0.00526	0.00526	0.00175	0.00818	0.00409	0.00234	0.00818
11	0.01054	0.00963	0.01569	0.56793	0.09196	0.01152	0.01414	0.01420	0.02861	0.01501	0.01386	0.02227	0.02777	0.00718	0.00615	0.00194	0.02533	0.10704	0.00298	0.00624
12	0.02069	0.02640	0.01569	0.01427	0.01712	0.78313	0.01070	0.02212	0.01569	0.01355	0.00856	0.00999	0.00713	0.00571	0.00499	0.00143	0.00999	0.00357	0.00285	0.00642
13	0.00800	0.00557	0.00707	0.00707	0.00742	0.00593	0.00464	0.00871	0.00836	0.01150	0.01651	0.03104	0.01788	0.53103	0.29943	0.00664	0.00877	0.00729	0.00322	0.00393
14	0.00721	0.00554	0.00660	0.00654	0.00794	0.00492	0.00483	0.00915	0.01387	0.01843	0.40339	0.14111	0.32423	0.01311	0.00660	0.00185	0.00276	0.01137	0.00561	0.00492
15	0.01060	0.01000	0.01679	0.74857	0.05852	0.01246	0.01534	0.01421	0.01105	0.01424	0.00979	0.01466	0.00742	0.00564	0.00589	0.00186	0.02936	0.00492	0.00247	0.00622
16	0.04441	0.00541	0.00538	0.00535	0.00672	0.00551	0.00404	0.01296	0.01145	0.02062	0.01756	0.02020	0.01385	0.00731	0.02420	0.00151	0.00297	0.00509	0.78028	0.00519
17	0.01427	0.69460	0.13838	0.01040	0.01564	0.02059	0.01108	0.01672	0.01132	0.01369	0.00803	0.00929	0.00709	0.00481	0.00380	0.00127	0.00625	0.00313	0.00236	0.00726
18	0.01521	0.75691	0.02821	0.00969	0.01441	0.02160	0.00954	0.06462	0.01222	0.01446	0.00806	0.00917	0.00726	0.00486	0.00368	0.00122	0.00593	0.00309	0.00258	0.00726
19	0.00920	0.00775	0.01173	0.19969	0.06646	0.00829	0.04013	0.01252	0.06816	0.01654	0.15983	0.26613	0.02655	0.05177	0.02823	0.00231	0.00510	0.00960	0.00431	0.00571
20	0.01148	0.00984	0.01148	0.00820	0.01312	0.00738	0.00656	0.01395	0.01148	0.01805	0.00984	0.01148	0.00820	0.00410	0.00410	0.00082	0.00410	0.00328	0.00328	0.83922
21	0.00690	0.00555	0.00601	0.00602	0.00755	0.00481	0.00438	0.00837	0.01267	0.01585	0.17498	0.10089	0.53814	0.07331	0.00821	0.00214	0.00299	0.01140	0.00517	0.00466
22	0.00784	0.00566	0.00740	0.00697	0.00827	0.00523	0.00523	0.01045	0.01568	0.02221	0.76789	0.04137	0.05226	0.01132	0.00653	0.00174	0.00261	0.01002	0.00610	0.00523
23	0.00802	0.00549	0.00666	0.00666	0.00688	0.00571	0.00413	0.00845	0.00824	0.01120	0.01688	0.03309	0.01876	0.63897	0.19271	0.00614	0.00743	0.00759	0.00327	0.00370
24	0.01409	0.01237	0.01287	0.01150	0.01455	0.03341	0.00898	0.04799	0.69643	0.02290	0.02142	0.01990	0.01613	0.00752	0.00605	0.00188	0.03183	0.00611	0.00545	0.00863
25	0.01313	0.06504	0.02158	0.03411	0.07923	0.03327	0.17838	0.01541	0.01044	0.03488	0.00891	0.01286	0.00781	0.00760	0.01268	0.00210	0.44804	0.00510	0.00266	0.00676
26	0.00704	0.00538	0.00641	0.00667	0.00784	0.00480	0.00477	0.00862	0.01278	0.01674	0.25847	0.27867	0.30990	0.03714	0.00733	0.00205	0.00295	0.01233	0.00537	0.00475
27	0.00880	0.00722	0.05410	0.00796	0.00948	0.00594	0.00624	0.01094	0.03891	0.06138	0.12028	0.30603	0.14508	0.13189	0.00986	0.00254	0.00396	0.05930	0.00494	0.00516
28	0.02901	0.03820	0.13709	0.06771	0.14297	0.02861	0.14407	0.07895	0.07177	0.03225	0.03163	0.01434	0.01004	0.00540	0.00535	0.00158	0.00662	0.00494	0.00338	0.14609
29	0.08200	0.10952	0.06528	0.03618	0.24646	0.04134	0.02847	0.06617	0.04149	0.06687	0.08192	0.03238	0.02780	0.00629	0.00517	0.00160	0.00577	0.00530	0.00371	0.04627
30	0.02785	0.15294	0.14172	0.04956	0.03748	0.01256	0.10559	0.07322	0.03087	0.04661	0.07799	0.03535	0.06544	0.02896	0.00591	0.00170	0.00594	0.00576	0.02096	0.07359

[dist]
# distance from previous block
# <min> <max>
0	42

[block]
# block no. 6 follows, 43 sequences, length 6
# corresponding to MSA columns:
# 299-304
name=unknown_G
#
# <colnr> <probs for GDERKNQSTAVLIFYWHMCP>
#	G	D	E	R	K	N	Q	S	T	A	V	L	I	F	Y	W	H	M	C	P
0	0.02740	0.01529	0.18485	0.05060	0.07778	0.04154	0.07406	0.05198	0.05609	0.04657	0.02801	0.05657	0.01159	0.04507	0.00688	0.00178	0.03580	0.00538	0.00344	0.17930
1	0.03695	0.22053	0.16854	0.02904	0.01672	0.09129	0.02917	0.06637	0.03158	0.11258	0.01278	0.05789	0.01055	0.00895	0.06440	0.00212	0.00716	0.00488	0.00353	0.02497
2	0.00941	0.00778	0.01056	0.12077	0.04047	0.00877	0.00809	0.01284	0.10570	0.01591	0.12261	0.18918	0.05745	0.09900	0.05949	0.02419	0.08928	0.00877	0.00418	0.00555
3	0.00887	0.00773	0.00766	0.00837	0.00901	0.10322	0.00572	0.00980	0.01090	0.01358	0.02531	0.52279	0.02965	0.15885	0.01067	0.00273	0.00456	0.05149	0.00453	0.00457
4	0.01561	0.01138	0.03292	0.04224	0.05088	0.01175	0.00880	0.32857	0.05522	0.07306	0.01653	0.08249	0.01413	0.10839	0.00830	0.00215	0.00524	0.00635	0.11854	0.00744
5	0.00853	0.00620	0.00855	0.00849	0.00928	0.00716	0.00645	0.01027	0.00944	0.01411	0.01681	0.12036	0.01662	0.08463	0.44058	0.00604	0.08282	0.00711	0.13164	0.00491

[dist]
# distance from previous block
# <min> <max>
0	3

[block]
# block no. 7 follows, 43 sequences, length 17
# corresponding to MSA columns:
# 308-324
name=unknown_H
#
# <colnr> <probs for GDERKNQSTAVLIFYWHMCP>
#	G	D	E	R	K	N	Q	S	T	A	V	L	I	F	Y	W	H	M	C	P
0	0.31193	0.01076	0.01172	0.02761	0.01250	0.04679	0.00852	0.01395	0.00954	0.01770	0.04387	0.01440	0.01017	0.03923	0.10517	0.01982	0.28293	0.00460	0.00307	0.00571
1	0.28556	0.00962	0.01044	0.00880	0.01215	0.00987	0.00705	0.02139	0.11427	0.32631	0.06165	0.04474	0.01500	0.04242	0.00600	0.00192	0.00438	0.00555	0.00532	0.00754
2	0.59033	0.02391	0.03511	0.00872	0.01223	0.02495	0.01922	0.05107	0.04427	0.06582	0.03079	0.01185	0.00875	0.00690	0.03064	0.00197	0.01936	0.00381	0.00378	0.00653
3	0.01510	0.35385	0.24039	0.01253	0.03464	0.09220	0.01280	0.05673	0.03360	0.06228	0.01011	0.01115	0.00795	0.00528	0.00453	0.00145	0.00683	0.00376	0.00297	0.03185
4	0.03973	0.03035	0.04497	0.05856	0.13423	0.04370	0.04576	0.05151	0.01315	0.10246	0.08677	0.25469	0.02180	0.00993	0.00624	0.00189	0.01865	0.02454	0.00440	0.00667
5	0.00707	0.00508	0.00677	0.00795	0.00848	0.00478	0.00562	0.00832	0.01113	0.01477	0.05654	0.65076	0.06151	0.01676	0.00711	0.00226	0.00343	0.11187	0.00517	0.00461
6	0.01587	0.03772	0.01372	0.01130	0.02481	0.04370	0.03053	0.17708	0.23832	0.12533	0.04904	0.02248	0.04902	0.04120	0.02380	0.00208	0.02011	0.04012	0.02588	0.00787
7	0.00867	0.02550	0.00834	0.00772	0.00909	0.03748	0.00579	0.01143	0.04835	0.01946	0.48416	0.13748	0.06790	0.04440	0.02435	0.00213	0.00365	0.04335	0.00548	0.00528
8	0.01263	0.06226	0.07498	0.01404	0.15034	0.02557	0.02192	0.01606	0.04482	0.03969	0.01128	0.03371	0.00943	0.00501	0.00465	0.00120	0.00519	0.00421	0.00329	0.45971
9	0.00817	0.00533	0.00613	0.00613	0.00613	0.00533	0.00346	0.00799	0.00799	0.01066	0.01687	0.03479	0.01935	0.74662	0.02770	0.06765	0.00533	0.00781	0.00328	0.00328
10	0.01249	0.05046	0.24084	0.07579	0.02484	0.03104	0.32735	0.05270	0.01287	0.01759	0.01245	0.04517	0.02928	0.00596	0.00634	0.00182	0.03684	0.00586	0.00290	0.00739
11	0.01148	0.00984	0.01148	0.00820	0.01312	0.00738	0.00656	0.01395	0.01148	0.01805	0.00984	0.01148	0.00820	0.00410	0.00410	0.00082	0.00410	0.00328	0.00328	0.83922
12	0.03869	0.07128	0.34722	0.03351	0.05240	0.04036	0.12429	0.10172	0.06872	0.05228	0.01170	0.01315	0.00857	0.00554	0.00536	0.00172	0.00741	0.00471	0.00328	0.00810
13	0.01340	0.01217	0.01901	0.13827	0.42895	0.03288	0.03409	0.06251	0.01309	0.03572	0.01267	0.05275	0.01119	0.00657	0.00629	0.00178	0.04575	0.04302	0.02215	0.00774
14	0.00692	0.00526	0.00639	0.00701	0.00802	0.00473	0.00500	0.00832	0.01206	0.01561	0.13939	0.41735	0.28366	0.01533	0.00684	0.00207	0.00307	0.04301	0.00527	0.00468
15	0.00958	0.00563	0.00666	0.00652	0.00746	0.00563	0.00452	0.01100	0.01034	0.05972	0.05142	0.06219	0.04974	0.30084	0.12967	0.00401	0.00558	0.00727	0.25755	0.00468
16	0.00890	0.00644	0.00885	0.00971	0.01115	0.00628	0.00837	0.01145	0.01306	0.01733	0.11961	0.05767	0.03337	0.01433	0.00736	0.00238	0.00475	0.61282	0.00514	0.04104

[dist]
# distance from previous block
# <min> <max>
2	3

[block]
# block no. 8 follows, 43 sequences, length 9
# corresponding to MSA columns:
# 328-336
name=unknown_I
#
# <colnr> <probs for GDERKNQSTAVLIFYWHMCP>
#	G	D	E	R	K	N	Q	S	T	A	V	L	I	F	Y	W	H	M	C	P
0	0.01765	0.01727	0.05971	0.01270	0.01652	0.18044	0.01049	0.27974	0.29958	0.02487	0.01556	0.01526	0.01160	0.00669	0.00544	0.00170	0.00641	0.00511	0.00481	0.00846
1	0.84448	0.01071	0.00814	0.00728	0.01071	0.01242	0.00600	0.01628	0.00943	0.02485	0.00771	0.00900	0.00600	0.00514	0.00343	0.00171	0.00428	0.00300	0.00343	0.00600
2	0.01046	0.00984	0.01661	0.79205	0.03814	0.01230	0.01538	0.01415	0.01107	0.01415	0.00984	0.01477	0.00738	0.00554	0.00554	0.00185	0.00738	0.00492	0.00246	0.00615
3	0.00749	0.00551	0.00701	0.00692	0.00813	0.00503	0.00508	0.00967	0.01443	0.01992	0.55234	0.17180	0.14072	0.01269	0.00662	0.00184	0.00274	0.01120	0.00581	0.00503
4	0.00791	0.00593	0.00890	0.00890	0.00989	0.00692	0.00692	0.00989	0.00890	0.01286	0.01483	0.02176	0.01385	0.04154	0.78341	0.00890	0.01483	0.00593	0.00297	0.00494
5	0.01181	0.01167	0.01638	0.01414	0.01421	0.01624	0.01174	0.01308	0.00851	0.01329	0.00781	0.01281	0.00774	0.01198	0.07311	0.00289	0.73920	0.00492	0.00246	0.00598
6	0.01148	0.00984	0.01148	0.00820	0.01312	0.00738	0.00656	0.01395	0.01148	0.01805	0.00984	0.01148	0.00820	0.00410	0.00410	0.00082	0.00410	0.00328	0.00328	0.83922
7	0.14909	0.00926	0.01127	0.00901	0.01271	0.00880	0.00738	0.05310	0.01454	0.51414	0.01861	0.01741	0.01240	0.00788	0.03522	0.00194	0.00486	0.00512	0.09901	0.00824
8	0.01372	0.01158	0.03592	0.01074	0.03669	0.00994	0.03349	0.14470	0.01407	0.04742	0.01085	0.01243	0.00861	0.00536	0.00555	0.02565	0.03171	0.00394	0.00369	0.53394

[dist]
# distance from previous block
# <min> <max>
0	3

[block]
# block no. 9 follows, 43 sequences, length 24
# corresponding to MSA columns:
# 340-363
name=unknown_J
#
# <colnr> <probs for GDERKNQSTAVLIFYWHMCP>
#	G	D	E	R	K	N	Q	S	T	A	V	L	I	F	Y	W	H	M	C	P
0	0.03123	0.00841	0.01025	0.00909	0.01157	0.00854	0.00707	0.04802	0.18536	0.20141	0.23914	0.11315	0.02791	0.01181	0.05915	0.00231	0.00460	0.00811	0.00577	0.00712
1	0.81130	0.01077	0.00849	0.00757	0.01086	0.01261	0.00624	0.01616	0.00939	0.02439	0.00769	0.00912	0.00605	0.00532	0.00402	0.00174	0.03581	0.00307	0.00339	0.00600
2	0.60763	0.01193	0.01037	0.02668	0.01290	0.02805	0.00728	0.16619	0.01313	0.04102	0.00924	0.01027	0.00695	0.00548	0.00399	0.00168	0.00484	0.00352	0.00389	0.02497
3	0.00845	0.00586	0.00721	0.00675	0.00839	0.00524	0.00510	0.01069	0.01482	0.06350	0.52183	0.04348	0.25440	0.01184	0.00648	0.00178	0.00279	0.01024	0.00587	0.00531
4	0.84448	0.01071	0.00814	0.00728	0.01071	0.01242	0.00600	0.01628	0.00943	0.02485	0.00771	0.00900	0.00600	0.00514	0.00343	0.00171	0.00428	0.00300	0.00343	0.00600
5	0.00673	0.00488	0.00637	0.00756	0.00799	0.00451	0.00507	0.00773	0.01075	0.01420	0.03238	0.74750	0.08969	0.01711	0.00703	0.00222	0.00318	0.01545	0.00514	0.00451
6	0.00716	0.00555	0.00652	0.00645	0.00790	0.00491	0.00477	0.00908	0.01383	0.01823	0.38242	0.12392	0.36311	0.01311	0.00659	0.00185	0.00276	0.01133	0.00558	0.00491
7	0.01323	0.01152	0.01908	0.30421	0.41059	0.01237	0.01538	0.03494	0.01260	0.06408	0.01174	0.01633	0.00951	0.00573	0.00560	0.00176	0.00668	0.03385	0.00306	0.00774
8	0.02053	0.01525	0.01632	0.01264	0.01697	0.01693	0.01040	0.69995	0.07930	0.03405	0.01397	0.01383	0.00996	0.00671	0.00555	0.00168	0.00597	0.00508	0.00555	0.00937
9	0.03436	0.01371	0.01712	0.01775	0.21858	0.03110	0.01164	0.37991	0.01975	0.16056	0.01422	0.03204	0.01051	0.00642	0.00551	0.00168	0.00597	0.00525	0.00492	0.00901
10	0.00673	0.00487	0.00637	0.00757	0.00800	0.00451	0.00508	0.00773	0.01074	0.01419	0.03222	0.75223	0.08506	0.01713	0.00703	0.00222	0.00319	0.01548	0.00514	0.00451
11	0.02473	0.00962	0.01297	0.00995	0.01424	0.00843	0.00822	0.05045	0.01618	0.75073	0.02157	0.01867	0.01357	0.00685	0.00557	0.00171	0.00476	0.00555	0.00681	0.00943
12	0.00794	0.04371	0.04443	0.00671	0.00872	0.00611	0.00543	0.00954	0.01216	0.03318	0.09596	0.06677	0.48982	0.11731	0.00922	0.00231	0.00364	0.02734	0.00475	0.00494
13	0.01167	0.07702	0.57244	0.01603	0.02320	0.01336	0.12224	0.03335	0.01213	0.01751	0.01092	0.04546	0.00853	0.00569	0.00541	0.00175	0.00794	0.00488	0.00260	0.00788
14	0.00725	0.00522	0.00634	0.00699	0.00763	0.00487	0.00474	0.00806	0.01047	0.01351	0.03238	0.37919	0.19692	0.19702	0.01242	0.03720	0.00380	0.05714	0.00462	0.00423
15	0.01997	0.01571	0.05302	0.01271	0.01717	0.01650	0.01084	0.68268	0.02456	0.03305	0.01321	0.01361	0.00951	0.00819	0.04129	0.00200	0.00660	0.00499	0.00527	0.00915
16	0.01576	0.01351	0.04965	0.04845	0.22324	0.02600	0.04454	0.18288	0.06503	0.08851	0.01261	0.01404	0.00956	0.00575	0.00582	0.00158	0.03747	0.00482	0.00398	0.14679
17	0.12524	0.01171	0.02978	0.01102	0.04400	0.11530	0.01901	0.06078	0.01176	0.01790	0.01304	0.06152	0.01188	0.06647	0.08359	0.00269	0.13654	0.00546	0.16638	0.00594
18	0.00797	0.00533	0.00607	0.00615	0.00617	0.00531	0.00347	0.00803	0.00822	0.01096	0.01832	0.08689	0.02123	0.75322	0.02679	0.00516	0.00523	0.00856	0.00347	0.00343
19	0.07886	0.02943	0.26505	0.06709	0.05297	0.02859	0.04018	0.04515	0.11319	0.01975	0.13619	0.03945	0.04654	0.00722	0.00552	0.00177	0.00596	0.00603	0.00383	0.00723
20	0.00882	0.00574	0.00726	0.00711	0.00763	0.00599	0.00470	0.00954	0.00869	0.04834	0.01685	0.03090	0.01787	0.52916	0.26201	0.00629	0.00828	0.00727	0.00340	0.00414
21	0.19157	0.13140	0.17429	0.03601	0.08435	0.03162	0.06698	0.08285	0.01289	0.06344	0.01212	0.05609	0.02177	0.00613	0.00490	0.00167	0.00623	0.00490	0.00341	0.00738
22	0.05377	0.16065	0.22504	0.04200	0.06631	0.16104	0.02952	0.03087	0.03450	0.04511	0.01034	0.02424	0.00829	0.00565	0.00531	0.00157	0.03423	0.00418	0.00296	0.05443
23	0.47867	0.04957	0.06284	0.01124	0.08036	0.05917	0.00875	0.04921	0.01132	0.05086	0.00951	0.01120	0.00750	0.00789	0.06056	0.00217	0.00603	0.00368	0.00340	0.02606

[dist]
# distance from previous block
# <min> <max>
1	7

[block]
# block no. 10 follows, 43 sequences, length 16
# corresponding to MSA columns:
# 371-386
name=unknown_K
#
# <colnr> <probs for GDERKNQSTAVLIFYWHMCP>
#	G	D	E	R	K	N	Q	S	T	A	V	L	I	F	Y	W	H	M	C	P
0	0.09579	0.02491	0.01382	0.05748	0.01561	0.02828	0.08584	0.01493	0.01165	0.05023	0.03535	0.04771	0.01100	0.00573	0.00539	0.00134	0.04684	0.00472	0.04260	0.40078
1	0.01148	0.00984	0.01148	0.00820	0.01312	0.00738	0.00656	0.01395	0.01148	0.01805	0.00984	0.01148	0.00820	0.00410	0.00410	0.00082	0.00410	0.00328	0.00328	0.83922
2	0.01464	0.03884	0.01385	0.03376	0.01534	0.01440	0.00929	0.14734	0.53900	0.02385	0.01980	0.04326	0.01531	0.00762	0.00609	0.00185	0.03585	0.00615	0.00528	0.00850
3	0.01216	0.01174	0.01745	0.01609	0.08792	0.01498	0.06587	0.04258	0.01024	0.01525	0.04328	0.01512	0.01037	0.03694	0.05252	0.00266	0.53024	0.00538	0.00283	0.00637
4	0.00790	0.00540	0.00606	0.00604	0.00627	0.00530	0.00352	0.00815	0.00881	0.01163	0.05362	0.03807	0.09176	0.69666	0.02522	0.00488	0.00501	0.00848	0.00364	0.00356
5	0.01189	0.02352	0.01272	0.11486	0.06723	0.06464	0.00934	0.05533	0.16885	0.01806	0.09917	0.06865	0.07581	0.04527	0.00846	0.02996	0.07465	0.02654	0.01858	0.00647
6	0.00960	0.00529	0.00784	0.00780	0.00792	0.00556	0.00548	0.00787	0.00766	0.01034	0.01085	0.01931	0.01093	0.01984	0.06305	0.71054	0.04121	0.04349	0.00258	0.00285
7	0.06822	0.07699	0.06266	0.06031	0.28586	0.10182	0.14754	0.01858	0.01296	0.09681	0.01111	0.01331	0.00857	0.00522	0.00534	0.00165	0.00721	0.00481	0.00318	0.00787
8	0.51327	0.10584	0.06553	0.00956	0.01334	0.11534	0.00845	0.05608	0.01147	0.02167	0.00826	0.00963	0.00657	0.00540	0.00435	0.00164	0.03054	0.00331	0.00324	0.00652
9	0.01226	0.01377	0.09929	0.11487	0.23728	0.03687	0.12948	0.03857	0.06281	0.01772	0.03708	0.07089	0.04696	0.00709	0.00628	0.00183	0.03215	0.02406	0.00337	0.00738
10	0.01109	0.01238	0.10538	0.25213	0.15100	0.04501	0.02494	0.01531	0.06633	0.01691	0.07378	0.09868	0.04500	0.00757	0.00568	0.00179	0.00604	0.00667	0.04758	0.00672
11	0.00894	0.00754	0.01073	0.01019	0.01081	0.00939	0.00801	0.01050	0.00905	0.01313	0.01568	0.11349	0.03390	0.05298	0.42928	0.00597	0.23511	0.00701	0.00314	0.00515
12	0.03556	0.09432	0.13446	0.04114	0.14970	0.02764	0.06563	0.03884	0.11433	0.06170	0.04532	0.08874	0.03677	0.00723	0.00570	0.00174	0.01924	0.00623	0.00380	0.02191
13	0.00674	0.00486	0.00639	0.00761	0.00801	0.00451	0.00510	0.00772	0.01070	0.01418	0.03174	0.76623	0.07137	0.01719	0.00704	0.00223	0.00319	0.01555	0.00514	0.00451
14	0.01541	0.36378	0.04186	0.01172	0.02983	0.08435	0.03457	0.10814	0.19947	0.01864	0.01366	0.01400	0.03042	0.00601	0.00470	0.00150	0.00602	0.00450	0.00370	0.00774
15	0.03158	0.01893	0.03079	0.02922	0.08330	0.39403	0.03453	0.07070	0.02597	0.01630	0.01151	0.03089	0.01027	0.00897	0.05336	0.00211	0.06683	0.05260	0.00325	0.02487

[dist]
# distance from previous block
# <min> <max>
0	1

[block]
# block no. 11 follows, 43 sequences, length 6
# corresponding to MSA columns:
# 388-393
name=unknown_L
#
# <colnr> <probs for GDERKNQSTAVLIFYWHMCP>
#	G	D	E	R	K	N	Q	S	T	A	V	L	I	F	Y	W	H	M	C	P
0	0.00792	0.00499	0.00668	0.00715	0.00764	0.00469	0.00488	0.00773	0.00990	0.01300	0.07332	0.33262	0.13638	0.01721	0.01269	0.33111	0.00374	0.01047	0.00413	0.00375
1	0.01092	0.00734	0.03111	0.00930	0.03479	0.00686	0.00688	0.04903	0.01185	0.11185	0.08286	0.18865	0.05136	0.10618	0.15594	0.07557	0.00638	0.04319	0.00446	0.00549
2	0.06361	0.06732	0.04024	0.10090	0.21445	0.05051	0.04255	0.04845	0.05600	0.01774	0.03263	0.01715	0.03327	0.06985	0.03782	0.00216	0.00644	0.00518	0.00329	0.09045
3	0.01161	0.11241	0.09204	0.01306	0.09971	0.05345	0.01009	0.04704	0.05706	0.01639	0.01775	0.16182	0.04634	0.03146	0.07644	0.00254	0.06692	0.03833	0.03907	0.00647
4	0.01001	0.00770	0.00936	0.03325	0.05865	0.03456	0.00709	0.01312	0.09219	0.05715	0.07935	0.23122	0.11426	0.10820	0.04245	0.00271	0.00486	0.08351	0.00473	0.00563
5	0.01071	0.07561	0.03881	0.09272	0.05222	0.01072	0.07172	0.01520	0.12716	0.01647	0.02080	0.13324	0.10948	0.01093	0.05955	0.00224	0.04081	0.00737	0.00383	0.10040

[dist]
# distance from previous block
# <min> <max>
0	33

# created by:
# /home/cegg/simao/soft/augustus-3.2.1/scripts/msa2prfl.pl ./align_prep/EOG091G0MSR.fa
