[name]
unknown

[dist]
# distance from previous block
# <min> <max>
0	1195

[block]
# block no. 0 follows, 48 sequences, length 9
# corresponding to MSA columns:
# 1195-1203
name=unknown_A
#
# <colnr> <probs for GDERKNQSTAVLIFYWHMCP>
#	G	D	E	R	K	N	Q	S	T	A	V	L	I	F	Y	W	H	M	C	P
0	0.00827	0.00591	0.00827	0.00945	0.01063	0.00591	0.00827	0.01063	0.01181	0.01536	0.02717	0.05788	0.02953	0.01417	0.00709	0.00236	0.00472	0.75313	0.00472	0.00472
1	0.01914	0.09034	0.01630	0.01138	0.01551	0.01590	0.00955	0.66109	0.02235	0.06934	0.01224	0.01220	0.00873	0.00600	0.00496	0.00150	0.00557	0.00447	0.00492	0.00852
2	0.00625	0.00447	0.00595	0.00714	0.00744	0.00417	0.00476	0.00714	0.00982	0.01310	0.02828	0.81633	0.03394	0.01608	0.00655	0.00208	0.00298	0.01459	0.00476	0.00417
3	0.00733	0.00550	0.00825	0.00825	0.00916	0.00641	0.00641	0.00916	0.00825	0.01191	0.01374	0.02016	0.01283	0.03848	0.79934	0.00825	0.01374	0.00550	0.00275	0.00458
4	0.01372	0.82276	0.02689	0.00878	0.01317	0.02030	0.00878	0.01536	0.01043	0.01207	0.00713	0.00823	0.00658	0.00439	0.00329	0.00110	0.00549	0.00274	0.00219	0.00658
5	0.18174	0.66060	0.02303	0.00837	0.01252	0.01855	0.00814	0.01531	0.01009	0.01426	0.00714	0.00825	0.00638	0.00446	0.00327	0.00120	0.00518	0.00275	0.00239	0.00638
6	0.00677	0.00612	0.05474	0.00726	0.00829	0.00493	0.00555	0.00810	0.01018	0.01349	0.06372	0.47947	0.14155	0.09864	0.03130	0.00247	0.00378	0.04487	0.00441	0.00436
7	0.31344	0.41217	0.05394	0.00831	0.01221	0.01564	0.00790	0.04612	0.01066	0.01753	0.05559	0.01042	0.00889	0.00500	0.00357	0.00135	0.00486	0.00329	0.00288	0.00625
8	0.01040	0.03154	0.05863	0.01025	0.07911	0.00804	0.00762	0.01508	0.15321	0.07997	0.32123	0.09469	0.05267	0.00873	0.00553	0.00162	0.00372	0.00760	0.00481	0.04556

[dist]
# distance from previous block
# <min> <max>
1	62

[block]
# block no. 1 follows, 48 sequences, length 8
# corresponding to MSA columns:
# 1266-1273
name=unknown_B
#
# <colnr> <probs for GDERKNQSTAVLIFYWHMCP>
#	G	D	E	R	K	N	Q	S	T	A	V	L	I	F	Y	W	H	M	C	P
0	0.04963	0.17816	0.03718	0.01774	0.26665	0.01313	0.10717	0.05038	0.08252	0.01699	0.03183	0.01616	0.08034	0.00570	0.00485	0.00149	0.00557	0.00505	0.00315	0.02631
1	0.01002	0.00735	0.00863	0.00795	0.00980	0.00753	0.00604	0.08316	0.17873	0.05429	0.34523	0.15627	0.08386	0.01022	0.00583	0.00172	0.00326	0.00888	0.00534	0.00593
2	0.01690	0.06938	0.18235	0.01144	0.01610	0.01182	0.04537	0.21843	0.04120	0.26186	0.06223	0.01524	0.01201	0.00604	0.00506	0.00156	0.00554	0.00488	0.00459	0.00799
3	0.72957	0.01131	0.05458	0.00767	0.01120	0.01194	0.00673	0.08424	0.01026	0.02347	0.00774	0.00885	0.00590	0.00490	0.00345	0.00159	0.00434	0.00301	0.00329	0.00597
4	0.00891	0.00446	0.00668	0.00668	0.00668	0.00446	0.00446	0.00668	0.00668	0.00891	0.00891	0.01560	0.00891	0.01783	0.02005	0.85071	0.00446	0.00446	0.00223	0.00223
5	0.09218	0.01399	0.01472	0.01137	0.01539	0.01553	0.00939	0.70491	0.02279	0.03153	0.01187	0.01197	0.00845	0.00604	0.00496	0.00154	0.00550	0.00446	0.00496	0.00845
6	0.01787	0.01348	0.01622	0.01585	0.18162	0.01458	0.01086	0.53793	0.05823	0.06270	0.01253	0.01297	0.00912	0.00587	0.00513	0.00155	0.00561	0.00469	0.00463	0.00857
7	0.43573	0.01456	0.01128	0.00962	0.01292	0.20002	0.00770	0.21611	0.01418	0.02300	0.00870	0.00961	0.00665	0.00526	0.00404	0.00151	0.00567	0.00339	0.00357	0.00649

[dist]
# distance from previous block
# <min> <max>
0	1

[block]
# block no. 2 follows, 48 sequences, length 14
# corresponding to MSA columns:
# 1275-1288
name=unknown_C
#
# <colnr> <probs for GDERKNQSTAVLIFYWHMCP>
#	G	D	E	R	K	N	Q	S	T	A	V	L	I	F	Y	W	H	M	C	P
0	0.00661	0.00516	0.00586	0.00619	0.00736	0.00467	0.00456	0.00782	0.01072	0.01332	0.03893	0.16171	0.44271	0.12845	0.03615	0.00255	0.00364	0.10495	0.00446	0.00419
1	0.01254	0.01203	0.02054	0.07286	0.74756	0.01215	0.01567	0.01561	0.01161	0.01657	0.00962	0.01275	0.00806	0.00460	0.00508	0.00153	0.00614	0.00457	0.00253	0.00800
2	0.00667	0.00472	0.00619	0.00721	0.00757	0.00450	0.00496	0.00762	0.00973	0.01293	0.02641	0.61071	0.03121	0.13052	0.00941	0.00253	0.00348	0.10502	0.00452	0.00409
3	0.00714	0.00506	0.00678	0.00784	0.00844	0.00491	0.00590	0.00849	0.01032	0.01361	0.02657	0.44826	0.03065	0.10138	0.00885	0.00250	0.00385	0.29064	0.00457	0.00426
4	0.01308	0.01362	0.09660	0.01706	0.02203	0.01142	0.46306	0.01684	0.01194	0.11464	0.01120	0.01346	0.00822	0.00474	0.00593	0.00158	0.03863	0.00524	0.00308	0.12762
5	0.01569	0.01288	0.01598	0.01252	0.01640	0.01393	0.11735	0.37066	0.27611	0.02554	0.01476	0.01475	0.01087	0.00604	0.00522	0.00159	0.00544	0.00514	0.00469	0.05445
6	0.01274	0.01433	0.02447	0.01800	0.02241	0.11207	0.51155	0.01617	0.01192	0.01570	0.00964	0.01262	0.00754	0.00469	0.00630	0.00158	0.06331	0.00517	0.00264	0.12717
7	0.00812	0.00637	0.00854	0.01024	0.08244	0.00643	0.00681	0.01143	0.12012	0.01520	0.04790	0.48956	0.02866	0.01324	0.00629	0.00201	0.00367	0.12312	0.00464	0.00521
8	0.01148	0.01045	0.02006	0.08971	0.05764	0.01028	0.36336	0.01460	0.01161	0.08102	0.01561	0.13408	0.01458	0.00769	0.00647	0.00186	0.03801	0.10175	0.00345	0.00630
9	0.00940	0.00837	0.00880	0.10938	0.01250	0.11888	0.00686	0.01116	0.01208	0.04145	0.20012	0.28354	0.10634	0.01113	0.00590	0.00178	0.00431	0.03863	0.00440	0.00497
10	0.01257	0.01256	0.02292	0.02931	0.61925	0.01237	0.18249	0.01590	0.01178	0.01669	0.00981	0.01295	0.00805	0.00452	0.00530	0.00157	0.00666	0.00490	0.00255	0.00786
11	0.01129	0.01254	0.09227	0.02412	0.48003	0.01092	0.10971	0.01451	0.01166	0.01621	0.01636	0.01949	0.11963	0.00611	0.00540	0.00162	0.00601	0.03195	0.00291	0.00726
12	0.01733	0.00933	0.01462	0.01297	0.08759	0.00862	0.11695	0.02034	0.04549	0.43471	0.06068	0.02284	0.01579	0.00714	0.00558	0.00171	0.00507	0.10043	0.00516	0.00767
13	0.01757	0.01067	0.01317	0.01218	0.08665	0.05308	0.03044	0.06565	0.19705	0.36020	0.05340	0.01910	0.01457	0.00670	0.00528	0.00164	0.00485	0.03456	0.00524	0.00799

[dist]
# distance from previous block
# <min> <max>
5	21

[block]
# block no. 3 follows, 48 sequences, length 10
# corresponding to MSA columns:
# 1316-1325
name=unknown_D
#
# <colnr> <probs for GDERKNQSTAVLIFYWHMCP>
#	G	D	E	R	K	N	Q	S	T	A	V	L	I	F	Y	W	H	M	C	P
0	0.01536	0.00973	0.01186	0.08397	0.01508	0.00977	0.00810	0.02234	0.30672	0.26776	0.01722	0.01639	0.01227	0.00596	0.00491	0.00149	0.00437	0.00493	0.00487	0.17691
1	0.01094	0.00939	0.01078	0.00801	0.01233	0.00769	0.00637	0.01497	0.12036	0.01740	0.01080	0.01186	0.00875	0.00425	0.00400	0.00090	0.00384	0.00343	0.00335	0.73058
2	0.00805	0.00607	0.00754	0.00702	0.00848	0.00597	0.00531	0.01220	0.12369	0.02070	0.67577	0.03559	0.04373	0.00999	0.00593	0.00163	0.00266	0.00878	0.00559	0.00531
3	0.00791	0.00595	0.00730	0.00690	0.00818	0.00588	0.00524	0.00953	0.01211	0.05286	0.29914	0.11112	0.31177	0.03829	0.00787	0.00188	0.08886	0.00958	0.00483	0.00480
4	0.01447	0.43476	0.13130	0.01008	0.01440	0.07153	0.00994	0.07649	0.01228	0.09749	0.01101	0.07523	0.00961	0.00582	0.00422	0.00136	0.00575	0.00430	0.00311	0.00689
5	0.00860	0.00658	0.00860	0.00965	0.07178	0.00632	0.00631	0.08978	0.01158	0.01578	0.02328	0.59036	0.02670	0.01294	0.00602	0.00186	0.00359	0.01164	0.00446	0.08417
6	0.01314	0.01187	0.01818	0.17666	0.45629	0.05380	0.01400	0.01587	0.01139	0.07789	0.01000	0.01293	0.00802	0.00533	0.00633	0.00163	0.09202	0.00454	0.00277	0.00732
7	0.01327	0.01100	0.01454	0.15148	0.19350	0.03671	0.01075	0.15793	0.10744	0.05715	0.12259	0.01723	0.01481	0.00626	0.00542	0.00157	0.02169	0.00531	0.00396	0.04739
8	0.12447	0.01091	0.01577	0.06882	0.41159	0.01142	0.01180	0.05599	0.09392	0.03343	0.08331	0.01529	0.01238	0.00554	0.00491	0.00156	0.00519	0.00488	0.00340	0.02540
9	0.06151	0.01385	0.07644	0.08798	0.14895	0.15544	0.01047	0.09354	0.03708	0.03017	0.12971	0.02811	0.01438	0.00607	0.00494	0.00148	0.00578	0.00496	0.00351	0.08564

[dist]
# distance from previous block
# <min> <max>
14	60

[block]
# block no. 4 follows, 48 sequences, length 13
# corresponding to MSA columns:
# 1394-1406
name=unknown_E
#
# <colnr> <probs for GDERKNQSTAVLIFYWHMCP>
#	G	D	E	R	K	N	Q	S	T	A	V	L	I	F	Y	W	H	M	C	P
0	0.02993	0.04776	0.03862	0.04682	0.19729	0.07119	0.05576	0.01880	0.15136	0.15092	0.07709	0.01797	0.05048	0.00625	0.00513	0.00157	0.00534	0.00541	0.00403	0.01829
1	0.03651	0.30829	0.04232	0.00966	0.01241	0.09057	0.03811	0.01316	0.01104	0.01369	0.01627	0.19109	0.01742	0.00912	0.00510	0.00166	0.00531	0.16926	0.00338	0.00562
2	0.01385	0.02185	0.49299	0.01354	0.01978	0.01346	0.01541	0.30732	0.01596	0.02246	0.01041	0.01141	0.00736	0.00537	0.00497	0.00159	0.00684	0.00411	0.00331	0.00802
3	0.00756	0.00550	0.00781	0.00806	0.00889	0.00606	0.00626	0.00920	0.00889	0.01233	0.01708	0.03064	0.01745	0.16412	0.49682	0.00641	0.01031	0.16901	0.00324	0.00437
4	0.01149	0.43932	0.04982	0.14229	0.01601	0.05135	0.00908	0.01351	0.01088	0.01282	0.01737	0.01828	0.17665	0.00645	0.00433	0.00137	0.00534	0.00488	0.00279	0.00595
5	0.01132	0.01047	0.01509	0.01114	0.01556	0.00917	0.17295	0.01609	0.13965	0.01745	0.01137	0.01276	0.00899	0.00444	0.00453	0.00114	0.00490	0.00416	0.00331	0.52551
6	0.00788	0.00546	0.00762	0.00832	0.00922	0.00524	0.02516	0.00966	0.03010	0.04876	0.02697	0.52832	0.03064	0.01458	0.00659	0.00212	0.00370	0.22017	0.00478	0.00470
7	0.00788	0.00551	0.00711	0.04596	0.02122	0.00562	0.00495	0.00797	0.00875	0.01138	0.04573	0.02983	0.20520	0.25530	0.03937	0.24371	0.04056	0.00712	0.00325	0.00358
8	0.01096	0.01015	0.01493	0.01066	0.01536	0.00818	0.17260	0.01369	0.01096	0.01666	0.00940	0.01134	0.00764	0.00391	0.00429	0.00097	0.00486	0.00370	0.00294	0.66680
9	0.01715	0.01717	0.01260	0.01159	0.01414	0.45810	0.00908	0.01940	0.04815	0.14408	0.01477	0.02169	0.01304	0.00748	0.00528	0.00161	0.00721	0.16739	0.00383	0.00625
10	0.15544	0.30027	0.20089	0.01092	0.01542	0.21084	0.01092	0.01680	0.01126	0.01501	0.00782	0.00912	0.00640	0.00479	0.00398	0.00136	0.00666	0.00314	0.00246	0.00649
11	0.00756	0.00549	0.00774	0.00800	0.00880	0.00603	0.00618	0.00916	0.00887	0.01229	0.01714	0.03097	0.01759	0.18332	0.47781	0.00633	0.01009	0.16905	0.00325	0.00433
12	0.01109	0.14166	0.37715	0.18958	0.15200	0.01313	0.01584	0.01535	0.01079	0.01501	0.00895	0.01137	0.00686	0.00481	0.00472	0.00155	0.00685	0.00393	0.00226	0.00711

[dist]
# distance from previous block
# <min> <max>
1	5

[block]
# block no. 5 follows, 48 sequences, length 8
# corresponding to MSA columns:
# 1412-1419
name=unknown_F
#
# <colnr> <probs for GDERKNQSTAVLIFYWHMCP>
#	G	D	E	R	K	N	Q	S	T	A	V	L	I	F	Y	W	H	M	C	P
0	0.01118	0.01158	0.07025	0.20392	0.11722	0.06866	0.05810	0.08478	0.01202	0.01576	0.01421	0.15468	0.01392	0.04415	0.00700	0.00192	0.04422	0.05712	0.00325	0.00607
1	0.01302	0.01302	0.01881	0.30676	0.25226	0.13208	0.12074	0.01606	0.01181	0.05223	0.00981	0.01292	0.00760	0.00493	0.00517	0.00159	0.00713	0.00461	0.00265	0.00677
2	0.09410	0.17933	0.26775	0.04770	0.01820	0.07155	0.07263	0.06103	0.01216	0.11504	0.01017	0.01125	0.00747	0.00503	0.00454	0.00150	0.00648	0.00389	0.00305	0.00715
3	0.01224	0.01445	0.13603	0.13445	0.25586	0.09491	0.04742	0.08632	0.01268	0.01667	0.01365	0.08693	0.05318	0.00642	0.00524	0.00162	0.00637	0.00564	0.00303	0.00689
4	0.01262	0.09089	0.15876	0.33263	0.08508	0.03965	0.05843	0.07583	0.01217	0.07144	0.01008	0.01259	0.00747	0.00510	0.00495	0.00159	0.00671	0.00434	0.00282	0.00685
5	0.04755	0.14226	0.07499	0.07462	0.21220	0.07553	0.13806	0.01514	0.01119	0.01520	0.01020	0.06598	0.00906	0.00550	0.00522	0.00151	0.03149	0.00488	0.00266	0.05676
6	0.01235	0.07998	0.12951	0.28350	0.12108	0.17500	0.01288	0.01536	0.01151	0.01408	0.01059	0.01310	0.03950	0.00525	0.00480	0.00149	0.00689	0.00422	0.00251	0.05641
7	0.01165	0.12041	0.23958	0.08773	0.01847	0.05737	0.09475	0.01487	0.01116	0.07010	0.01549	0.07028	0.09286	0.00684	0.00596	0.00164	0.06578	0.00559	0.00302	0.00646

[dist]
# distance from previous block
# <min> <max>
18	94

[block]
# block no. 6 follows, 48 sequences, length 15
# corresponding to MSA columns:
# 1545-1559
name=unknown_G
#
# <colnr> <probs for GDERKNQSTAVLIFYWHMCP>
#	G	D	E	R	K	N	Q	S	T	A	V	L	I	F	Y	W	H	M	C	P
0	0.01411	0.12411	0.01570	0.13395	0.08315	0.04075	0.00997	0.23294	0.08815	0.04233	0.04955	0.01707	0.02908	0.00633	0.00496	0.00153	0.00542	0.04455	0.00390	0.05245
1	0.04597	0.01116	0.01718	0.06834	0.03705	0.05752	0.24171	0.05827	0.05272	0.12191	0.05039	0.02283	0.02571	0.00700	0.00565	0.00173	0.00615	0.12958	0.00392	0.03523
2	0.31580	0.01142	0.01377	0.01329	0.12991	0.01258	0.05319	0.18289	0.01321	0.06376	0.02512	0.01166	0.00821	0.00561	0.00563	0.00161	0.08617	0.00409	0.00360	0.03849
3	0.73126	0.01028	0.00891	0.04196	0.04048	0.01183	0.00659	0.06674	0.00996	0.02300	0.00768	0.00900	0.00592	0.00487	0.00346	0.00159	0.00429	0.00305	0.00325	0.00588
4	0.01952	0.00999	0.01224	0.00960	0.01320	0.00981	0.00785	0.23881	0.04694	0.43961	0.11941	0.01881	0.01640	0.00687	0.00527	0.00158	0.00447	0.00557	0.00586	0.00819
5	0.01975	0.00871	0.01147	0.00901	0.01281	0.00761	0.00742	0.02246	0.05465	0.58955	0.01921	0.01937	0.01330	0.00656	0.00511	0.00153	0.00430	0.05611	0.00572	0.12535
6	0.00624	0.00521	0.00545	0.00539	0.00704	0.00441	0.00404	0.00771	0.01212	0.01487	0.16234	0.04772	0.67459	0.01262	0.00606	0.00171	0.00257	0.01060	0.00490	0.00441
7	0.01911	0.00840	0.01121	0.00894	0.01261	0.00721	0.00742	0.02119	0.01368	0.56690	0.01953	0.02205	0.01427	0.00705	0.00522	0.00157	0.00433	0.10867	0.00563	0.13500
8	0.01064	0.00912	0.01064	0.00760	0.01216	0.00684	0.00608	0.01292	0.01064	0.01672	0.00912	0.01064	0.00760	0.00380	0.00380	0.00076	0.00380	0.00304	0.00304	0.85104
9	0.01182	0.01125	0.01118	0.00838	0.01267	0.11681	0.00661	0.01397	0.01118	0.01614	0.00895	0.01045	0.00746	0.00401	0.00391	0.00084	0.00456	0.00308	0.00298	0.73373
10	0.01398	0.00993	0.01251	0.12062	0.04607	0.00950	0.00849	0.08792	0.12281	0.16000	0.01316	0.01377	0.00971	0.00515	0.00461	0.00129	0.00462	0.00424	0.00403	0.34758
11	0.01769	0.01296	0.01392	0.01087	0.01436	0.01427	0.00875	0.65566	0.02162	0.02897	0.01290	0.01552	0.01022	0.12865	0.00829	0.00206	0.00555	0.00505	0.00483	0.00788
12	0.01057	0.00788	0.00804	0.00829	0.00946	0.11502	0.00590	0.01169	0.01121	0.13018	0.02425	0.58401	0.02695	0.01311	0.00607	0.00190	0.00406	0.01160	0.00471	0.00510
13	0.01195	0.00994	0.01554	0.01189	0.01541	0.00936	0.22188	0.11901	0.03849	0.07225	0.15501	0.03973	0.10381	0.00720	0.00553	0.00155	0.00509	0.01846	0.00422	0.13368
14	0.06876	0.05978	0.39105	0.01162	0.01739	0.04402	0.03717	0.01506	0.01084	0.01641	0.01028	0.01173	0.03164	0.00479	0.00443	0.00134	0.00608	0.00373	0.00261	0.25128

[dist]
# distance from previous block
# <min> <max>
4	81

[block]
# block no. 7 follows, 48 sequences, length 55
# corresponding to MSA columns:
# 1642-1696
name=unknown_H
#
# <colnr> <probs for GDERKNQSTAVLIFYWHMCP>
#	G	D	E	R	K	N	Q	S	T	A	V	L	I	F	Y	W	H	M	C	P
0	0.19407	0.01103	0.01142	0.00980	0.03024	0.10593	0.03438	0.06415	0.02581	0.26615	0.01527	0.03079	0.03245	0.06620	0.00630	0.00180	0.00510	0.03251	0.00436	0.05222
1	0.09221	0.01186	0.00999	0.00939	0.01123	0.24566	0.00713	0.01456	0.01114	0.09507	0.01430	0.07509	0.01360	0.11064	0.19924	0.00360	0.00807	0.05843	0.00346	0.00533
2	0.24826	0.02232	0.00999	0.01011	0.06711	0.00916	0.00758	0.07927	0.02990	0.08438	0.01735	0.10110	0.01698	0.03720	0.02418	0.00211	0.00471	0.21824	0.00418	0.00589
3	0.45866	0.00963	0.00914	0.00787	0.01099	0.01059	0.00637	0.05608	0.13000	0.15407	0.04923	0.01373	0.01092	0.00578	0.00409	0.00159	0.00398	0.00415	0.04655	0.00658
4	0.38955	0.05029	0.01199	0.00917	0.01271	0.01349	0.00759	0.35100	0.01584	0.04386	0.01062	0.04380	0.00836	0.00587	0.00424	0.00156	0.00476	0.00414	0.00414	0.00703
5	0.05233	0.01260	0.01354	0.01091	0.01458	0.01395	0.00885	0.43264	0.26420	0.09823	0.01558	0.01481	0.01118	0.00638	0.00508	0.00161	0.00495	0.00497	0.00519	0.00840
6	0.00722	0.00524	0.00680	0.00641	0.00764	0.00482	0.00481	0.00960	0.01442	0.02034	0.75882	0.03872	0.07471	0.01058	0.00605	0.00162	0.00243	0.00933	0.00562	0.00482
7	0.02302	0.00873	0.01191	0.00913	0.01310	0.00754	0.00754	0.02501	0.01469	0.79122	0.02024	0.01746	0.01270	0.00635	0.00516	0.00159	0.00437	0.00516	0.00635	0.00873
8	0.04814	0.01020	0.01319	0.01070	0.01340	0.01119	0.00889	0.13240	0.01381	0.39121	0.01507	0.01651	0.01095	0.00739	0.00850	0.00180	0.23394	0.04036	0.00481	0.00754
9	0.01299	0.01290	0.02005	0.07615	0.68705	0.06927	0.01524	0.01594	0.01181	0.01624	0.00950	0.01251	0.00794	0.00466	0.00505	0.00152	0.00637	0.00448	0.00253	0.00783
10	0.00606	0.00520	0.00520	0.00520	0.00693	0.00433	0.00390	0.00736	0.01170	0.01386	0.05198	0.04938	0.78558	0.01299	0.00606	0.00173	0.00260	0.01083	0.00476	0.00433
11	0.00827	0.00591	0.00827	0.00945	0.01063	0.00591	0.00827	0.01063	0.01181	0.01536	0.02717	0.05788	0.02953	0.01417	0.00709	0.00236	0.00472	0.75313	0.00472	0.00472
12	0.01917	0.01035	0.01711	0.01278	0.01702	0.00947	0.22432	0.02273	0.06940	0.51482	0.01748	0.01656	0.01152	0.00582	0.00542	0.00164	0.00556	0.00546	0.00520	0.00817
13	0.01255	0.01204	0.02055	0.07035	0.74999	0.01215	0.01567	0.01562	0.01161	0.01658	0.00962	0.01275	0.00806	0.00460	0.00508	0.00153	0.00613	0.00457	0.00253	0.00801
14	0.00743	0.00552	0.00818	0.00830	0.00922	0.00633	0.00651	0.00927	0.00858	0.01221	0.01515	0.02428	0.01465	0.05622	0.70004	0.00757	0.01261	0.08042	0.00296	0.00456
15	0.85592	0.00992	0.00754	0.00675	0.00992	0.01151	0.00556	0.01508	0.00873	0.02302	0.00714	0.00834	0.00556	0.00476	0.00318	0.00159	0.00397	0.00278	0.00318	0.00556
16	0.00755	0.00499	0.00595	0.00595	0.00604	0.00509	0.00355	0.00758	0.00749	0.01008	0.01539	0.03088	0.01734	0.68061	0.10570	0.06671	0.00584	0.00704	0.00301	0.00320
17	0.01184	0.01148	0.02004	0.24117	0.52842	0.01203	0.07003	0.01508	0.01133	0.01575	0.00956	0.01305	0.00775	0.00471	0.00516	0.00159	0.00648	0.00468	0.00247	0.00738
18	0.01130	0.11207	0.67082	0.01372	0.02077	0.01261	0.01728	0.01659	0.01098	0.05459	0.00954	0.01088	0.00682	0.00490	0.00472	0.00157	0.00719	0.00375	0.00238	0.00753
19	0.85592	0.00992	0.00754	0.00675	0.00992	0.01151	0.00556	0.01508	0.00873	0.02302	0.00714	0.00834	0.00556	0.00476	0.00318	0.00159	0.00397	0.00278	0.00318	0.00556
20	0.01263	0.01360	0.02940	0.02103	0.02616	0.01272	0.73283	0.01684	0.01223	0.05327	0.01085	0.01401	0.00802	0.00442	0.00601	0.00172	0.00845	0.00601	0.00277	0.00701
21	0.85592	0.00992	0.00754	0.00675	0.00992	0.01151	0.00556	0.01508	0.00873	0.02302	0.00714	0.00834	0.00556	0.00476	0.00318	0.00159	0.00397	0.00278	0.00318	0.00556
22	0.00625	0.00447	0.00595	0.00714	0.00744	0.00417	0.00476	0.00714	0.00982	0.01310	0.02828	0.81633	0.03394	0.01608	0.00655	0.00208	0.00298	0.01459	0.00476	0.00417
23	0.85592	0.00992	0.00754	0.00675	0.00992	0.01151	0.00556	0.01508	0.00873	0.02302	0.00714	0.00834	0.00556	0.00476	0.00318	0.00159	0.00397	0.00278	0.00318	0.00556
24	0.01257	0.01206	0.02060	0.06365	0.75649	0.01216	0.01569	0.01564	0.01162	0.01661	0.00963	0.01274	0.00807	0.00459	0.00508	0.00153	0.00613	0.00457	0.00253	0.00803
25	0.01272	0.01348	0.07676	0.01913	0.18229	0.01368	0.21224	0.11965	0.01232	0.01745	0.00987	0.03457	0.00832	0.00632	0.00872	0.00181	0.23562	0.00517	0.00287	0.00703
26	0.01104	0.02513	0.70501	0.01471	0.02194	0.01225	0.04938	0.07102	0.01185	0.01743	0.00948	0.01107	0.00671	0.00495	0.00494	0.00162	0.00749	0.00395	0.00240	0.00764
27	0.01211	0.01384	0.03028	0.02163	0.02682	0.01298	0.76903	0.01644	0.01211	0.01644	0.01038	0.01384	0.00779	0.00433	0.00606	0.00173	0.00865	0.00606	0.00260	0.00692
28	0.85592	0.00992	0.00754	0.00675	0.00992	0.01151	0.00556	0.01508	0.00873	0.02302	0.00714	0.00834	0.00556	0.00476	0.00318	0.00159	0.00397	0.00278	0.00318	0.00556
29	0.00692	0.00525	0.00653	0.00730	0.00843	0.00486	0.00574	0.00849	0.01121	0.01419	0.03617	0.27077	0.29550	0.01430	0.00658	0.00206	0.00348	0.28302	0.00475	0.00443
30	0.02009	0.01343	0.01482	0.01136	0.01544	0.01452	0.00938	0.64651	0.02255	0.15860	0.01364	0.01318	0.00939	0.00619	0.00514	0.00155	0.00543	0.00471	0.00534	0.00873
31	0.01200	0.00932	0.01084	0.00975	0.01227	0.01008	0.02553	0.11285	0.34519	0.05277	0.11380	0.04449	0.07457	0.00902	0.00573	0.00181	0.00417	0.13379	0.00512	0.00689
32	0.02302	0.00873	0.01191	0.00913	0.01310	0.00754	0.00754	0.02501	0.01469	0.79122	0.02024	0.01746	0.01270	0.00635	0.00516	0.00159	0.00437	0.00516	0.00635	0.00873
33	0.00625	0.00447	0.00595	0.00714	0.00744	0.00417	0.00476	0.00714	0.00982	0.01310	0.02828	0.81633	0.03394	0.01608	0.00655	0.00208	0.00298	0.01459	0.00476	0.00417
34	0.01466	0.01364	0.02335	0.01712	0.02166	0.01379	0.43857	0.28612	0.05463	0.02219	0.01176	0.01411	0.00882	0.02761	0.00624	0.00175	0.00725	0.00557	0.00365	0.00752
35	0.00726	0.00524	0.00686	0.00646	0.00767	0.00484	0.00484	0.00968	0.01452	0.02058	0.78496	0.03833	0.04841	0.01049	0.00605	0.00161	0.00242	0.00928	0.00565	0.00484
36	0.01029	0.02654	0.79309	0.01462	0.02221	0.01192	0.01896	0.01625	0.01083	0.01625	0.00921	0.01083	0.00650	0.00487	0.00487	0.00162	0.00758	0.00379	0.00217	0.00758
37	0.01270	0.01219	0.02083	0.03149	0.78767	0.01219	0.01575	0.01575	0.01168	0.01676	0.00965	0.01270	0.00813	0.00457	0.00508	0.00152	0.00610	0.00457	0.00254	0.00813
38	0.01276	0.01102	0.01160	0.01044	0.01334	0.01276	0.00812	0.02727	0.77840	0.02146	0.02088	0.01914	0.01566	0.00696	0.00522	0.00174	0.00406	0.00580	0.00522	0.00812
39	0.01951	0.01437	0.01540	0.01181	0.01591	0.01591	0.00975	0.77056	0.02412	0.03234	0.01232	0.01232	0.00873	0.00616	0.00513	0.00154	0.00565	0.00462	0.00513	0.00873
40	0.01210	0.01147	0.01921	0.06560	0.65637	0.01181	0.01453	0.01485	0.01112	0.01587	0.00995	0.01419	0.00876	0.06399	0.00720	0.00182	0.04631	0.00478	0.00255	0.00752
41	0.01006	0.00950	0.01606	0.71216	0.12763	0.01150	0.01443	0.01343	0.01043	0.01356	0.00919	0.01356	0.00700	0.00506	0.00512	0.00169	0.00675	0.00456	0.00231	0.00600
42	0.81336	0.00969	0.00742	0.00667	0.00977	0.01115	0.00547	0.01470	0.00888	0.02256	0.00939	0.01039	0.04462	0.00518	0.00332	0.00159	0.00390	0.00318	0.00325	0.00550
43	0.85592	0.00992	0.00754	0.00675	0.00992	0.01151	0.00556	0.01508	0.00873	0.02302	0.00714	0.00834	0.00556	0.00476	0.00318	0.00159	0.00397	0.00278	0.00318	0.00556
44	0.01143	0.01090	0.01853	0.35884	0.47025	0.01186	0.01512	0.01463	0.01108	0.01522	0.00943	0.01311	0.00758	0.00481	0.00510	0.00160	0.00641	0.00457	0.00243	0.00710
45	0.00606	0.00520	0.00520	0.00520	0.00693	0.00433	0.00390	0.00736	0.01170	0.01386	0.05198	0.04938	0.78558	0.01299	0.00606	0.00173	0.00260	0.01083	0.00476	0.00433
46	0.00638	0.00521	0.00563	0.00553	0.00712	0.00446	0.00414	0.00797	0.01243	0.01561	0.24323	0.04650	0.59324	0.01234	0.00606	0.00170	0.00255	0.01042	0.00500	0.00446
47	0.05506	0.01268	0.05115	0.01067	0.01265	0.13857	0.00890	0.10523	0.01274	0.03404	0.12361	0.02032	0.12542	0.00836	0.00883	0.00177	0.25466	0.00579	0.00363	0.00592
48	0.27017	0.03493	0.40336	0.01202	0.05313	0.01125	0.01289	0.01581	0.01068	0.05737	0.06542	0.01243	0.00964	0.00530	0.00443	0.00160	0.00582	0.00396	0.00296	0.00683
49	0.01377	0.26253	0.05712	0.07395	0.36776	0.05368	0.01276	0.01638	0.01152	0.07106	0.00950	0.01148	0.00775	0.00473	0.00451	0.00140	0.00606	0.00395	0.00268	0.00740
50	0.01464	0.22063	0.22735	0.01239	0.06954	0.01354	0.01170	0.11260	0.06375	0.14883	0.03572	0.02592	0.01029	0.00563	0.00465	0.00148	0.00570	0.00439	0.00363	0.00760
51	0.01162	0.01072	0.10510	0.01008	0.01332	0.00891	0.07055	0.08266	0.14414	0.10632	0.09261	0.10580	0.16099	0.00883	0.00562	0.00171	0.00452	0.02678	0.00461	0.02512
52	0.00983	0.06130	0.18691	0.06903	0.04288	0.00976	0.02271	0.02779	0.06303	0.01549	0.03441	0.09073	0.05276	0.05230	0.00720	0.00196	0.04566	0.15356	0.00348	0.04923
53	0.01133	0.01175	0.09948	0.01855	0.31251	0.02348	0.04769	0.01419	0.01131	0.04370	0.01376	0.06317	0.01300	0.04736	0.00632	0.00175	0.00559	0.11303	0.00318	0.13884
54	0.03795	0.06806	0.06219	0.01026	0.01400	0.02135	0.06318	0.05317	0.05956	0.07559	0.06418	0.08040	0.01529	0.02631	0.00570	0.00162	0.00498	0.04548	0.00407	0.28664

[dist]
# distance from previous block
# <min> <max>
3	46

[block]
# block no. 8 follows, 48 sequences, length 41
# corresponding to MSA columns:
# 1745-1785
name=unknown_I
#
# <colnr> <probs for GDERKNQSTAVLIFYWHMCP>
#	G	D	E	R	K	N	Q	S	T	A	V	L	I	F	Y	W	H	M	C	P
0	0.04589	0.02742	0.02957	0.05730	0.31011	0.04584	0.05098	0.08331	0.02592	0.05004	0.01054	0.02742	0.00857	0.00492	0.00474	0.00137	0.00560	0.00436	0.00314	0.20295
1	0.03127	0.03243	0.04469	0.10407	0.18770	0.05545	0.03374	0.18322	0.12026	0.09374	0.01425	0.02885	0.03537	0.00600	0.00510	0.00159	0.00571	0.00505	0.00392	0.00759
2	0.06306	0.23136	0.11546	0.01070	0.01500	0.01279	0.07584	0.08720	0.02677	0.14608	0.01360	0.04483	0.02919	0.00609	0.00466	0.00147	0.00542	0.04108	0.00365	0.06575
3	0.05147	0.01734	0.33442	0.01178	0.01701	0.02755	0.03411	0.14949	0.02758	0.08164	0.08843	0.01444	0.01187	0.00568	0.00489	0.00150	0.00586	0.00455	0.00360	0.10678
4	0.01377	0.02693	0.01330	0.01167	0.05155	0.24618	0.05931	0.01618	0.03754	0.07451	0.01436	0.06768	0.04037	0.00738	0.02429	0.00156	0.00618	0.06102	0.00347	0.22278
5	0.01582	0.01199	0.01323	0.01008	0.01424	0.01209	0.00821	0.40550	0.08852	0.05069	0.01222	0.01251	0.00909	0.00539	0.00466	0.00128	0.00480	0.00418	0.00443	0.31108
6	0.00761	0.00708	0.00654	0.00684	0.00813	0.09348	0.00490	0.00875	0.01130	0.01342	0.03796	0.33845	0.41043	0.01331	0.00609	0.00182	0.00349	0.01142	0.00453	0.00445
7	0.01394	0.01076	0.01164	0.01029	0.01331	0.01216	0.00805	0.02701	0.69073	0.10983	0.02081	0.01895	0.01532	0.00689	0.00521	0.00172	0.00410	0.00573	0.00535	0.00819
8	0.01169	0.11959	0.61593	0.01378	0.02044	0.10126	0.01675	0.01662	0.01120	0.01535	0.00882	0.01035	0.00652	0.00486	0.00466	0.00153	0.00753	0.00361	0.00222	0.00728
9	0.00692	0.00530	0.00589	0.00602	0.00758	0.00460	0.00458	0.00836	0.01176	0.03987	0.08840	0.13458	0.56182	0.01309	0.00618	0.00182	0.00289	0.08095	0.00486	0.00452
10	0.00720	0.00517	0.00702	0.00809	0.00887	0.00499	0.00632	0.00884	0.01100	0.01450	0.06539	0.41550	0.05432	0.01486	0.00675	0.00218	0.00372	0.34605	0.00479	0.00446
11	0.01203	0.01151	0.01962	0.20407	0.62032	0.01202	0.01541	0.01516	0.01137	0.01595	0.00953	0.01292	0.00784	0.00470	0.00509	0.00157	0.00626	0.00457	0.00248	0.00759
12	0.01569	0.01581	0.04019	0.01049	0.01318	0.33999	0.02257	0.12833	0.04470	0.04775	0.01224	0.01381	0.00959	0.02125	0.01827	0.00155	0.00643	0.00424	0.22766	0.00624
13	0.01064	0.00912	0.01064	0.00760	0.01216	0.00684	0.00608	0.01292	0.01064	0.01672	0.00912	0.01064	0.00760	0.00380	0.00380	0.00076	0.00380	0.00304	0.00304	0.85104
14	0.01662	0.01294	0.01378	0.01122	0.01481	0.01457	0.00906	0.45291	0.34647	0.02769	0.01598	0.01524	0.01169	0.00650	0.00517	0.00163	0.00497	0.00512	0.00517	0.00847
15	0.01349	0.01272	0.02126	0.03175	0.77830	0.01261	0.01598	0.01628	0.01219	0.01750	0.01046	0.01381	0.00890	0.00512	0.00543	0.00167	0.00635	0.00483	0.00282	0.00852
16	0.00805	0.00586	0.00737	0.00696	0.00827	0.00532	0.00516	0.01016	0.01483	0.02088	0.73336	0.03975	0.09137	0.01111	0.00639	0.00177	0.00274	0.00957	0.00584	0.00525
17	0.00785	0.00581	0.00712	0.00685	0.00817	0.00522	0.00504	0.00973	0.01421	0.01962	0.60003	0.08616	0.18054	0.01174	0.00642	0.00181	0.00279	0.01007	0.00568	0.00515
18	0.00734	0.00526	0.00686	0.00792	0.00840	0.00492	0.00547	0.00819	0.01055	0.01418	0.04616	0.70008	0.03355	0.01709	0.03842	0.00248	0.00382	0.06966	0.00496	0.00469
19	0.00712	0.00510	0.00658	0.00772	0.00809	0.00469	0.00514	0.00779	0.01035	0.01388	0.02885	0.80712	0.03437	0.01648	0.00688	0.00223	0.00328	0.01472	0.00502	0.00461
20	0.01103	0.01118	0.05515	0.61810	0.05460	0.01210	0.08392	0.01503	0.05551	0.01494	0.01076	0.01494	0.00824	0.00568	0.00555	0.00185	0.00711	0.00499	0.00277	0.00654
21	0.01917	0.02445	0.01454	0.01322	0.01586	0.79907	0.00991	0.02049	0.01454	0.01256	0.00793	0.00925	0.00661	0.00529	0.00463	0.00132	0.00925	0.00330	0.00264	0.00595
22	0.00827	0.00591	0.00827	0.00945	0.01063	0.00591	0.00827	0.01063	0.01181	0.01536	0.02717	0.05788	0.02953	0.01417	0.00709	0.00236	0.00472	0.75313	0.00472	0.00472
23	0.00726	0.00524	0.00686	0.00646	0.00767	0.00484	0.00484	0.00968	0.01452	0.02058	0.78496	0.03833	0.04841	0.01049	0.00605	0.00161	0.00242	0.00928	0.00565	0.00484
24	0.79341	0.00983	0.00787	0.00693	0.01016	0.01121	0.00571	0.01583	0.00918	0.08067	0.00813	0.00902	0.00609	0.00488	0.00332	0.00159	0.00400	0.00296	0.00341	0.00580
25	0.01367	0.00914	0.01148	0.08142	0.01459	0.00762	0.00725	0.03185	0.01185	0.20025	0.01182	0.01257	0.00876	0.00458	0.00427	0.00106	0.00425	0.00372	0.00380	0.55604
26	0.85592	0.00992	0.00754	0.00675	0.00992	0.01151	0.00556	0.01508	0.00873	0.02302	0.00714	0.00834	0.00556	0.00476	0.00318	0.00159	0.00397	0.00278	0.00318	0.00556
27	0.01089	0.16468	0.66016	0.01361	0.02064	0.01337	0.01719	0.01610	0.01076	0.01552	0.00885	0.01038	0.00651	0.00479	0.00460	0.00153	0.00722	0.00361	0.00217	0.00741
28	0.00726	0.00524	0.00686	0.00646	0.00767	0.00484	0.00484	0.00968	0.01452	0.02058	0.78496	0.03833	0.04841	0.01049	0.00605	0.00161	0.00242	0.00928	0.00565	0.00484
29	0.01372	0.82276	0.02689	0.00878	0.01317	0.02030	0.00878	0.01536	0.01043	0.01207	0.00713	0.00823	0.00658	0.00439	0.00329	0.00110	0.00549	0.00274	0.00219	0.00658
30	0.01264	0.36488	0.36880	0.01258	0.04627	0.05407	0.01369	0.04604	0.01140	0.01495	0.00840	0.00978	0.00669	0.00473	0.00421	0.00138	0.00664	0.00338	0.00233	0.00714
31	0.01272	0.62367	0.15808	0.00984	0.01454	0.01777	0.01050	0.01516	0.01060	0.01304	0.00900	0.01241	0.00829	0.00521	0.00385	0.00128	0.00579	0.05924	0.00238	0.00662
32	0.00625	0.00447	0.00595	0.00714	0.00744	0.00417	0.00476	0.00714	0.00982	0.01310	0.02828	0.81633	0.03394	0.01608	0.00655	0.00208	0.00298	0.01459	0.00476	0.00417
33	0.01049	0.02519	0.71168	0.01537	0.02270	0.01203	0.09901	0.01627	0.01097	0.01627	0.00933	0.01115	0.00664	0.00482	0.00500	0.00164	0.00770	0.00403	0.00221	0.00751
34	0.12205	0.00901	0.01010	0.00774	0.01166	0.00779	0.00619	0.01505	0.06869	0.08491	0.07611	0.01390	0.01182	0.00495	0.00413	0.00108	0.00377	0.00392	0.00373	0.53342
35	0.01029	0.02654	0.79309	0.01462	0.02221	0.01192	0.01896	0.01625	0.01083	0.01625	0.00921	0.01083	0.00650	0.00487	0.00487	0.00162	0.00758	0.00379	0.00217	0.00758
36	0.00982	0.00793	0.00907	0.00831	0.01031	0.00853	0.00637	0.01786	0.36988	0.02099	0.42951	0.02940	0.03318	0.00885	0.00567	0.00167	0.00318	0.00766	0.00545	0.00637
37	0.01409	0.01145	0.01830	0.05671	0.56259	0.01146	0.01361	0.07307	0.01295	0.11679	0.01325	0.01511	0.04664	0.00535	0.00514	0.00155	0.00570	0.00496	0.00332	0.00797
38	0.01151	0.30948	0.52082	0.01255	0.01900	0.01490	0.01534	0.01594	0.01069	0.01477	0.00847	0.00991	0.00653	0.00470	0.00431	0.00144	0.00684	0.00342	0.00218	0.00723
39	0.01029	0.02654	0.79309	0.01462	0.02221	0.01192	0.01896	0.01625	0.01083	0.01625	0.00921	0.01083	0.00650	0.00487	0.00487	0.00162	0.00758	0.00379	0.00217	0.00758
40	0.00956	0.00478	0.00478	0.00478	0.00598	0.00478	0.00359	0.01196	0.01076	0.01913	0.01674	0.01913	0.01315	0.00598	0.00359	0.00120	0.00239	0.00478	0.84816	0.00478

[dist]
# distance from previous block
# <min> <max>
0	1

[block]
# block no. 9 follows, 48 sequences, length 17
# corresponding to MSA columns:
# 1787-1803
name=unknown_J
#
# <colnr> <probs for GDERKNQSTAVLIFYWHMCP>
#	G	D	E	R	K	N	Q	S	T	A	V	L	I	F	Y	W	H	M	C	P
0	0.06201	0.01570	0.23889	0.01195	0.01641	0.01250	0.04339	0.06139	0.42239	0.03740	0.01579	0.01549	0.01166	0.00606	0.00503	0.00168	0.00536	0.00498	0.00412	0.00781
1	0.01252	0.01201	0.02051	0.07697	0.74357	0.01215	0.01566	0.01559	0.01160	0.01655	0.00962	0.01276	0.00805	0.00460	0.00508	0.00153	0.00614	0.00457	0.00252	0.00799
2	0.00733	0.00550	0.00825	0.00825	0.00916	0.00641	0.00641	0.00916	0.00825	0.01191	0.01374	0.02016	0.01283	0.03848	0.79934	0.00825	0.01374	0.00550	0.00275	0.00458
3	0.85592	0.00992	0.00754	0.00675	0.00992	0.01151	0.00556	0.01508	0.00873	0.02302	0.00714	0.00834	0.00556	0.00476	0.00318	0.00159	0.00397	0.00278	0.00318	0.00556
4	0.01199	0.22390	0.33285	0.01894	0.28314	0.01414	0.01527	0.01585	0.01102	0.01536	0.00883	0.01081	0.00708	0.00465	0.00454	0.00146	0.00654	0.00379	0.00230	0.00752
5	0.00726	0.00524	0.00686	0.00646	0.00767	0.00484	0.00484	0.00968	0.01452	0.02058	0.78496	0.03833	0.04841	0.01049	0.00605	0.00161	0.00242	0.00928	0.00565	0.00484
6	0.21744	0.00848	0.00832	0.00746	0.00982	0.04451	0.00584	0.03512	0.09812	0.08962	0.26047	0.02678	0.15200	0.00839	0.00509	0.00162	0.00359	0.00679	0.00476	0.00580
7	0.01326	0.01229	0.01780	0.21446	0.40487	0.05211	0.01373	0.12293	0.06515	0.01819	0.01057	0.01315	0.00833	0.00513	0.00509	0.00158	0.00623	0.00460	0.00303	0.00751
8	0.00825	0.00505	0.00597	0.00574	0.00694	0.00482	0.00430	0.01066	0.01291	0.01996	0.45526	0.03009	0.03328	0.00855	0.00499	0.00143	0.00241	0.00735	0.36723	0.00482
9	0.00703	0.00543	0.00677	0.00667	0.00783	0.00517	0.00501	0.00887	0.01269	0.01716	0.41926	0.15136	0.23781	0.01201	0.00668	0.00177	0.04102	0.03774	0.00509	0.00464
10	0.00606	0.00520	0.00520	0.00520	0.00693	0.00433	0.00390	0.00736	0.01170	0.01386	0.05198	0.04938	0.78558	0.01299	0.00606	0.00173	0.00260	0.01083	0.00476	0.00433
11	0.00877	0.00735	0.01048	0.00942	0.00997	0.00871	0.05126	0.00982	0.00821	0.01165	0.01328	0.02468	0.01407	0.34932	0.18361	0.00460	0.22596	0.04159	0.00285	0.00440
12	0.01029	0.02654	0.79309	0.01462	0.02221	0.01192	0.01896	0.01625	0.01083	0.01625	0.00921	0.01083	0.00650	0.00487	0.00487	0.00162	0.00758	0.00379	0.00217	0.00758
13	0.00840	0.03271	0.00798	0.00709	0.00884	0.00610	0.02008	0.03215	0.04256	0.05251	0.18906	0.11791	0.33417	0.03679	0.00664	0.00187	0.00332	0.08194	0.00487	0.00503
14	0.01172	0.00957	0.01116	0.00862	0.01233	0.04097	0.03630	0.04673	0.04356	0.06444	0.01316	0.04541	0.02744	0.06705	0.00607	0.00139	0.00441	0.02773	0.00355	0.51838
15	0.32814	0.11747	0.07567	0.00977	0.01312	0.17705	0.02312	0.01666	0.04337	0.04792	0.02434	0.03747	0.02364	0.00578	0.00460	0.00153	0.03710	0.00398	0.00315	0.00611
16	0.07732	0.00983	0.04241	0.01070	0.06188	0.02699	0.04391	0.04957	0.08166	0.24055	0.20670	0.04226	0.02050	0.00713	0.00521	0.00157	0.00436	0.00608	0.00488	0.05648

[dist]
# distance from previous block
# <min> <max>
2	4

[block]
# block no. 10 follows, 48 sequences, length 49
# corresponding to MSA columns:
# 1808-1825,1843-1873
name=unknown_K
#
# <colnr> <probs for GDERKNQSTAVLIFYWHMCP>
#	G	D	E	R	K	N	Q	S	T	A	V	L	I	F	Y	W	H	M	C	P
0	0.01202	0.34696	0.37512	0.01367	0.09056	0.01538	0.01405	0.01633	0.04474	0.01484	0.00893	0.01032	0.00709	0.00474	0.00427	0.00141	0.00644	0.00353	0.00235	0.00725
1	0.01059	0.08601	0.66026	0.01351	0.02056	0.01208	0.01696	0.01587	0.01078	0.01597	0.00904	0.01062	0.00661	0.00474	0.00465	0.00150	0.00706	0.00364	0.00225	0.08729
2	0.03775	0.00863	0.01140	0.00899	0.01251	0.00785	0.00730	0.04193	0.05924	0.63715	0.01875	0.01707	0.01227	0.00744	0.00653	0.08192	0.00438	0.00507	0.00580	0.00802
3	0.00752	0.00726	0.08119	0.00720	0.00902	0.00550	0.00616	0.01025	0.01411	0.02001	0.69499	0.03598	0.06113	0.01002	0.00594	0.00162	0.00291	0.00880	0.00530	0.00509
4	0.00989	0.00932	0.01574	0.75685	0.08430	0.01145	0.01435	0.01328	0.01035	0.01335	0.00915	0.01362	0.00692	0.00509	0.00513	0.00170	0.00679	0.00456	0.00230	0.00586
5	0.00670	0.00575	0.00580	0.00569	0.00754	0.00513	0.00430	0.00925	0.08422	0.01458	0.04904	0.04652	0.71276	0.01242	0.00598	0.00173	0.00274	0.01035	0.00481	0.00469
6	0.00746	0.00497	0.00560	0.00560	0.00560	0.00497	0.00311	0.00746	0.00746	0.00995	0.01617	0.03358	0.01865	0.81967	0.02612	0.00497	0.00497	0.00746	0.00311	0.00311
7	0.00691	0.00499	0.00653	0.00665	0.00758	0.00461	0.00479	0.00881	0.01294	0.01800	0.52325	0.28876	0.06228	0.01235	0.00621	0.00177	0.00260	0.01102	0.00534	0.00461
8	0.01113	0.02634	0.71944	0.01449	0.02161	0.08638	0.01810	0.01665	0.01118	0.01590	0.00909	0.01068	0.00651	0.00491	0.00485	0.00160	0.00774	0.00375	0.00221	0.00743
9	0.00735	0.00493	0.00563	0.00574	0.00577	0.00490	0.00327	0.00743	0.00769	0.01025	0.01731	0.10762	0.02010	0.74366	0.02427	0.00470	0.00479	0.00814	0.00327	0.00321
10	0.05286	0.04427	0.24778	0.06228	0.30490	0.08698	0.01466	0.06134	0.04613	0.01729	0.00978	0.01178	0.00763	0.00496	0.00484	0.00154	0.00664	0.00413	0.00272	0.00749
11	0.00992	0.00935	0.01469	0.67007	0.06760	0.03527	0.01313	0.01293	0.01020	0.01297	0.00977	0.01538	0.00801	0.08216	0.00710	0.00200	0.00670	0.00480	0.00238	0.00558
12	0.00707	0.00550	0.00680	0.00734	0.04434	0.00502	0.00504	0.00875	0.01213	0.01600	0.30032	0.11032	0.30843	0.08836	0.00801	0.00205	0.00308	0.05205	0.00481	0.00458
13	0.01181	0.08335	0.63897	0.01376	0.02067	0.01277	0.01698	0.08781	0.01218	0.04151	0.00969	0.01099	0.00691	0.00501	0.00479	0.00158	0.00715	0.00384	0.00258	0.00765
14	0.01971	0.01353	0.01495	0.01150	0.01546	0.01480	0.00951	0.64830	0.02237	0.13221	0.01320	0.01297	0.00919	0.00627	0.00550	0.00157	0.03045	0.00469	0.00520	0.00863
15	0.02257	0.00945	0.01235	0.00947	0.01346	0.00861	0.00782	0.12023	0.01589	0.69429	0.01923	0.01681	0.01219	0.00633	0.00516	0.00158	0.00453	0.00509	0.00620	0.00873
16	0.00617	0.00520	0.00534	0.00530	0.00699	0.00437	0.00398	0.00756	0.01193	0.01443	0.11374	0.04845	0.72348	0.01278	0.00606	0.00172	0.00258	0.01070	0.00484	0.00437
17	0.01209	0.01146	0.01942	0.02919	0.71386	0.01143	0.01471	0.01493	0.01151	0.01642	0.01141	0.08872	0.01057	0.00566	0.00522	0.00158	0.00580	0.00552	0.00275	0.00775
18	0.02302	0.00873	0.01191	0.00913	0.01310	0.00754	0.00754	0.02501	0.01469	0.79122	0.02024	0.01746	0.01270	0.00635	0.00516	0.00159	0.00437	0.00516	0.00635	0.00873
19	0.00717	0.00520	0.00676	0.00646	0.00763	0.00479	0.00481	0.00947	0.01417	0.01996	0.72107	0.08465	0.06678	0.01089	0.00608	0.00164	0.00246	0.00963	0.00557	0.00479
20	0.00713	0.00524	0.00667	0.00631	0.00758	0.00478	0.00473	0.00942	0.01420	0.01981	0.70179	0.03958	0.13206	0.01077	0.00605	0.00163	0.00244	0.00946	0.00555	0.00478
21	0.01372	0.82276	0.02689	0.00878	0.01317	0.02030	0.00878	0.01536	0.01043	0.01207	0.00713	0.00823	0.00658	0.00439	0.00329	0.00110	0.00549	0.00274	0.00219	0.00658
22	0.00625	0.00447	0.00595	0.00714	0.00744	0.00417	0.00476	0.00714	0.00982	0.01310	0.02828	0.81633	0.03394	0.01608	0.00655	0.00208	0.00298	0.01459	0.00476	0.00417
23	0.01917	0.02445	0.01454	0.01322	0.01586	0.79907	0.00991	0.02049	0.01454	0.01256	0.00793	0.00925	0.00661	0.00529	0.00463	0.00132	0.00925	0.00330	0.00264	0.00595
24	0.85592	0.00992	0.00754	0.00675	0.00992	0.01151	0.00556	0.01508	0.00873	0.02302	0.00714	0.00834	0.00556	0.00476	0.00318	0.00159	0.00397	0.00278	0.00318	0.00556
25	0.00969	0.00912	0.01539	0.80734	0.03534	0.01140	0.01425	0.01311	0.01026	0.01311	0.00912	0.01368	0.00684	0.00513	0.00513	0.00171	0.00684	0.00456	0.00228	0.00570
26	0.00741	0.00519	0.00671	0.00671	0.00710	0.00558	0.00450	0.00818	0.00779	0.01077	0.01515	0.02793	0.01620	0.49093	0.35151	0.00635	0.00866	0.00664	0.00296	0.00373
27	0.00746	0.00497	0.00560	0.00560	0.00560	0.00497	0.00311	0.00746	0.00746	0.00995	0.01617	0.03358	0.01865	0.81967	0.02612	0.00497	0.00497	0.00746	0.00311	0.00311
28	0.82262	0.00988	0.00772	0.00684	0.01005	0.01135	0.00564	0.01548	0.00897	0.05373	0.00767	0.00870	0.00584	0.00483	0.00325	0.00159	0.00399	0.00287	0.00330	0.00568
29	0.85592	0.00992	0.00754	0.00675	0.00992	0.01151	0.00556	0.01508	0.00873	0.02302	0.00714	0.00834	0.00556	0.00476	0.00318	0.00159	0.00397	0.00278	0.00318	0.00556
30	0.00969	0.00912	0.01539	0.80734	0.03534	0.01140	0.01425	0.01311	0.01026	0.01311	0.00912	0.01368	0.00684	0.00513	0.00513	0.00171	0.00684	0.00456	0.00228	0.00570
31	0.00966	0.00937	0.01710	0.01315	0.01624	0.00889	0.33200	0.01373	0.07227	0.01830	0.33151	0.02732	0.09183	0.00779	0.00599	0.00168	0.00523	0.00776	0.00423	0.00594
32	0.00721	0.00524	0.00678	0.00640	0.00763	0.00482	0.00480	0.00957	0.01439	0.02026	0.75020	0.03885	0.08337	0.01061	0.00605	0.00162	0.00243	0.00935	0.00561	0.00482
33	0.01190	0.01137	0.01938	0.23831	0.58712	0.01198	0.01535	0.01504	0.01130	0.01579	0.00951	0.01296	0.00778	0.00472	0.00509	0.00157	0.00629	0.00457	0.00247	0.00748
34	0.08670	0.00859	0.01115	0.00869	0.01243	0.00769	0.00715	0.02347	0.01399	0.68606	0.01902	0.01686	0.01217	0.00621	0.00491	0.00156	0.00422	0.00495	0.05592	0.00825
35	0.39147	0.00890	0.00797	0.05409	0.01075	0.03556	0.00589	0.08469	0.01119	0.02154	0.01127	0.01299	0.00873	0.00538	0.00367	0.00144	0.00390	0.00380	0.31118	0.00559
36	0.00746	0.00497	0.00560	0.00560	0.00560	0.00497	0.00311	0.00746	0.00746	0.00995	0.01617	0.03358	0.01865	0.81967	0.02612	0.00497	0.00497	0.00746	0.00311	0.00311
37	0.00733	0.00548	0.00817	0.00817	0.00906	0.00637	0.00632	0.00911	0.00822	0.01185	0.01382	0.02056	0.01300	0.06180	0.77626	0.00815	0.01348	0.00556	0.00276	0.00454
