[name]
unknown

[dist]
# distance from previous block
# <min> <max>
0	114

[block]
# block no. 0 follows, 48 sequences, length 18
# corresponding to MSA columns:
# 122-135,138-141
name=unknown_A
#
# <colnr> <probs for GDERKNQSTAVLIFYWHMCP>
#	G	D	E	R	K	N	Q	S	T	A	V	L	I	F	Y	W	H	M	C	P
0	0.03887	0.03245	0.01085	0.02703	0.05346	0.03167	0.00778	0.08637	0.10588	0.08866	0.03198	0.07669	0.08507	0.00992	0.03364	0.00196	0.03089	0.14224	0.06585	0.03875
1	0.05703	0.04212	0.02903	0.01116	0.09896	0.05908	0.00795	0.08246	0.02269	0.10741	0.15179	0.06034	0.07666	0.05355	0.00678	0.00176	0.03306	0.02889	0.00421	0.06508
2	0.04136	0.01251	0.09317	0.01261	0.11056	0.08000	0.02730	0.15032	0.04752	0.08549	0.08720	0.05799	0.09334	0.05152	0.00637	0.00178	0.00522	0.00617	0.02288	0.00670
3	0.00997	0.00798	0.03060	0.00825	0.02893	0.00694	0.00633	0.02519	0.06910	0.06761	0.09150	0.13202	0.13638	0.04179	0.02516	0.00176	0.02829	0.00715	0.02723	0.24783
4	0.23843	0.05497	0.07621	0.01137	0.07477	0.01113	0.05128	0.07184	0.07818	0.09401	0.01270	0.07396	0.01065	0.02855	0.00537	0.00167	0.02206	0.00494	0.02181	0.05608
5	0.47872	0.11894	0.08404	0.00824	0.01168	0.08007	0.00744	0.01539	0.00983	0.04396	0.00879	0.01105	0.00727	0.06089	0.00513	0.00172	0.00499	0.00338	0.03266	0.00582
6	0.00756	0.00529	0.00645	0.00649	0.00682	0.00555	0.00416	0.00859	0.03745	0.01104	0.01659	0.08114	0.01822	0.55851	0.19960	0.00540	0.00680	0.00742	0.00322	0.00371
7	0.01314	0.05567	0.04072	0.07527	0.20988	0.03529	0.02881	0.08151	0.17136	0.07158	0.03097	0.04008	0.03793	0.00691	0.02428	0.00171	0.00550	0.00528	0.00378	0.06034
8	0.05984	0.00776	0.01000	0.00832	0.01102	0.00732	0.02924	0.03886	0.06981	0.28694	0.30839	0.04741	0.04833	0.00818	0.00544	0.00160	0.00365	0.00699	0.00548	0.03542
9	0.00677	0.00494	0.00597	0.00638	0.00731	0.00452	0.00455	0.00818	0.01126	0.01505	0.18752	0.32144	0.23145	0.06839	0.00752	0.00206	0.00296	0.04867	0.05071	0.00434
10	0.03086	0.05405	0.05562	0.05824	0.05905	0.00920	0.03567	0.05001	0.03331	0.06847	0.01027	0.01205	0.00816	0.00552	0.00551	0.06738	0.00477	0.00375	0.00318	0.42492
11	0.00696	0.00520	0.00634	0.00648	0.00748	0.00485	0.00460	0.00895	0.03956	0.01624	0.33207	0.26125	0.18404	0.08280	0.00791	0.00207	0.00290	0.01081	0.00499	0.00452
12	0.01168	0.01126	0.01938	0.23246	0.43783	0.01191	0.09207	0.01563	0.05913	0.01590	0.01042	0.01372	0.00838	0.00595	0.03105	0.00183	0.00668	0.00483	0.00265	0.00725
13	0.00790	0.00572	0.00691	0.00684	0.00746	0.00603	0.00458	0.01010	0.09149	0.01274	0.08371	0.08861	0.02090	0.44654	0.17410	0.00477	0.00624	0.00759	0.00361	0.00417
14	0.05019	0.07806	0.05418	0.05603	0.08428	0.12741	0.03780	0.27587	0.09272	0.07617	0.01186	0.01253	0.00880	0.00561	0.00486	0.00152	0.00615	0.00437	0.00394	0.00764
15	0.01357	0.04417	0.30915	0.01238	0.04459	0.02678	0.04131	0.10251	0.04445	0.13464	0.03670	0.01478	0.03254	0.00567	0.00487	0.00151	0.00582	0.00461	0.04957	0.07037
16	0.01407	0.14667	0.21109	0.05324	0.13318	0.04969	0.05490	0.20301	0.05184	0.01958	0.01028	0.01170	0.00784	0.00517	0.00480	0.00151	0.00647	0.00418	0.00316	0.00761
17	0.04521	0.06179	0.01540	0.04371	0.01558	0.01269	0.10732	0.32673	0.07142	0.05194	0.01406	0.07964	0.01158	0.02391	0.00565	0.00166	0.01630	0.00561	0.08261	0.00718

[dist]
# distance from previous block
# <min> <max>
1	3

[block]
# block no. 1 follows, 48 sequences, length 8
# corresponding to MSA columns:
# 145-152
name=unknown_B
#
# <colnr> <probs for GDERKNQSTAVLIFYWHMCP>
#	G	D	E	R	K	N	Q	S	T	A	V	L	I	F	Y	W	H	M	C	P
0	0.01503	0.06211	0.01171	0.00895	0.01173	0.04097	0.00725	0.11008	0.08198	0.25230	0.10809	0.05217	0.12375	0.00812	0.00601	0.00163	0.05630	0.00647	0.02847	0.00689
1	0.03773	0.00908	0.03069	0.03090	0.03622	0.02410	0.11347	0.06622	0.01198	0.03017	0.05849	0.04331	0.04776	0.02266	0.00569	0.00150	0.04555	0.00550	0.27425	0.10474
2	0.01096	0.01070	0.01505	0.11347	0.01608	0.01408	0.01098	0.01252	0.00850	0.01298	0.00733	0.01147	0.00685	0.00786	0.01376	0.00200	0.60952	0.00432	0.00235	0.10923
3	0.01258	0.02473	0.01346	0.01107	0.02579	0.03143	0.12655	0.07320	0.03519	0.14004	0.03070	0.02021	0.04325	0.05703	0.18401	0.06529	0.03721	0.03058	0.03168	0.00598
4	0.00655	0.00478	0.00610	0.00691	0.00754	0.00443	0.00483	0.00770	0.01054	0.01390	0.10120	0.53646	0.13609	0.06043	0.00759	0.00218	0.00312	0.07069	0.00475	0.00424
5	0.00788	0.00597	0.00821	0.00801	0.00857	0.00698	0.00597	0.00916	0.00825	0.01195	0.01460	0.07676	0.01491	0.21514	0.42745	0.00597	0.10799	0.00642	0.04546	0.00434
6	0.00771	0.00534	0.00675	0.00672	0.00770	0.00520	0.00493	0.00925	0.01099	0.03528	0.24647	0.06089	0.12650	0.21260	0.12847	0.00351	0.00506	0.08740	0.02487	0.00438
7	0.01317	0.01209	0.01951	0.12221	0.60278	0.01255	0.01483	0.10793	0.01304	0.01823	0.00991	0.01277	0.00805	0.00483	0.00509	0.00155	0.00613	0.00458	0.00283	0.00791

[dist]
# distance from previous block
# <min> <max>
6	15

[block]
# block no. 2 follows, 48 sequences, length 28
# corresponding to MSA columns:
# 169-196
name=unknown_C
#
# <colnr> <probs for GDERKNQSTAVLIFYWHMCP>
#	G	D	E	R	K	N	Q	S	T	A	V	L	I	F	Y	W	H	M	C	P
0	0.01379	0.09233	0.02951	0.01087	0.04305	0.01204	0.03936	0.22636	0.12411	0.03771	0.03491	0.03514	0.02846	0.00595	0.00492	0.00137	0.01898	0.00480	0.02532	0.21101
1	0.05009	0.06748	0.11521	0.07361	0.04620	0.05302	0.02854	0.11196	0.10438	0.06978	0.05025	0.07581	0.03033	0.00697	0.00599	0.00164	0.07134	0.00551	0.00374	0.02813
2	0.01125	0.01045	0.01748	0.19183	0.44356	0.01126	0.02861	0.01377	0.01059	0.01479	0.01053	0.01430	0.02730	0.00776	0.04405	0.06446	0.06403	0.00478	0.00251	0.00671
3	0.01064	0.00912	0.01064	0.00760	0.01216	0.00684	0.00608	0.01292	0.01064	0.01672	0.00912	0.01064	0.00760	0.00380	0.00380	0.00076	0.00380	0.00304	0.00304	0.85104
4	0.01303	0.01035	0.01445	0.04459	0.14250	0.01005	0.07575	0.15603	0.05043	0.07746	0.04970	0.07655	0.05383	0.00652	0.00511	0.00145	0.00494	0.00576	0.00397	0.19751
5	0.33406	0.36402	0.01756	0.03530	0.04476	0.07352	0.00814	0.04502	0.01067	0.01728	0.00757	0.00887	0.00635	0.00470	0.00355	0.00135	0.00526	0.00301	0.00273	0.00627
6	0.01047	0.00999	0.01702	0.59258	0.20331	0.01173	0.03493	0.01377	0.01057	0.01400	0.00921	0.01340	0.00715	0.00508	0.00543	0.00168	0.02645	0.00460	0.00235	0.00628
7	0.01276	0.01102	0.01160	0.01044	0.01334	0.01276	0.00812	0.02727	0.77840	0.02146	0.02088	0.01914	0.01566	0.00696	0.00522	0.00174	0.00406	0.00580	0.00522	0.00812
8	0.00624	0.00450	0.00591	0.00704	0.00742	0.00418	0.00472	0.00716	0.00992	0.01314	0.02954	0.77554	0.07391	0.01591	0.00652	0.00207	0.00296	0.01439	0.00476	0.00418
9	0.00739	0.00500	0.00572	0.00572	0.00586	0.00497	0.00333	0.00761	0.00801	0.01073	0.05819	0.04840	0.04113	0.72113	0.04278	0.00473	0.00495	0.00773	0.00331	0.00329
10	0.00767	0.00538	0.00657	0.00634	0.00779	0.00480	0.00478	0.00958	0.01317	0.05866	0.42622	0.10141	0.28244	0.01162	0.00608	0.00171	0.00270	0.03295	0.00530	0.00483
11	0.00654	0.00493	0.00607	0.00668	0.00752	0.00454	0.00467	0.00813	0.03148	0.01467	0.15201	0.49833	0.20710	0.01425	0.00633	0.00192	0.00283	0.01266	0.00491	0.00442
12	0.08413	0.02333	0.01400	0.01272	0.01540	0.73793	0.00958	0.02007	0.01409	0.01337	0.00787	0.00918	0.00653	0.00525	0.00451	0.00134	0.00884	0.00326	0.00269	0.00592
13	0.00695	0.00523	0.00642	0.00613	0.00747	0.00471	0.00459	0.00908	0.01378	0.01882	0.59293	0.04122	0.24154	0.01115	0.00606	0.00164	0.00247	0.00969	0.00542	0.00471
14	0.01067	0.00924	0.01093	0.00794	0.01223	0.00735	0.00637	0.01289	0.01048	0.01647	0.00898	0.01067	0.00755	0.00410	0.00454	0.00084	0.04988	0.00312	0.00299	0.80274
15	0.01118	0.00947	0.01171	0.00840	0.01297	0.00738	0.04216	0.03292	0.01114	0.03243	0.00948	0.01097	0.00774	0.00394	0.00397	0.00084	0.00409	0.00326	0.00314	0.77282
16	0.00744	0.00543	0.00793	0.00793	0.00881	0.00625	0.00609	0.00920	0.00832	0.01214	0.01402	0.02088	0.01318	0.08158	0.71766	0.00773	0.01271	0.00558	0.04261	0.00451
17	0.01057	0.00541	0.00618	0.00583	0.00737	0.00517	0.00443	0.01269	0.01149	0.12096	0.09179	0.06097	0.07925	0.02252	0.04082	0.00175	0.00326	0.00627	0.49805	0.00521
18	0.04422	0.07328	0.01332	0.02436	0.01406	0.12873	0.00847	0.09414	0.45751	0.02009	0.01618	0.02934	0.01253	0.00639	0.00488	0.00158	0.00510	0.00503	0.00440	0.03638
19	0.01093	0.01972	0.44441	0.01775	0.17016	0.01171	0.08943	0.01586	0.03162	0.01655	0.04356	0.01292	0.00908	0.00519	0.00554	0.00160	0.04066	0.00445	0.00256	0.04630
20	0.02452	0.12974	0.31835	0.03319	0.15180	0.03266	0.08357	0.05264	0.05266	0.04353	0.01053	0.02586	0.00819	0.00514	0.00484	0.00155	0.00664	0.00436	0.00280	0.00743
21	0.04416	0.02966	0.01075	0.02114	0.01169	0.00987	0.00710	0.27975	0.01631	0.11893	0.10466	0.02099	0.03514	0.00795	0.02441	0.00169	0.00440	0.04809	0.19658	0.00673
22	0.00643	0.00464	0.00603	0.00696	0.00744	0.00432	0.00474	0.00749	0.01031	0.01372	0.09457	0.64514	0.08359	0.04910	0.00731	0.00215	0.00304	0.03405	0.00477	0.00421
23	0.03265	0.01206	0.01752	0.10697	0.21567	0.03412	0.11032	0.19549	0.04386	0.09254	0.01296	0.02850	0.02709	0.01884	0.00588	0.00167	0.02750	0.00517	0.00370	0.00748
24	0.03934	0.07668	0.03940	0.29789	0.09209	0.08358	0.09819	0.04501	0.06342	0.01530	0.01021	0.01329	0.00811	0.00778	0.06722	0.00212	0.02669	0.00455	0.00274	0.00639
25	0.00873	0.00542	0.00671	0.00670	0.00805	0.00485	0.00489	0.01017	0.01177	0.11696	0.16886	0.30605	0.23434	0.04518	0.00690	0.00195	0.00306	0.02525	0.01926	0.00491
26	0.00736	0.00490	0.00567	0.00581	0.00585	0.00486	0.00335	0.00740	0.00772	0.01029	0.01739	0.12646	0.02018	0.69898	0.02359	0.03076	0.00472	0.00822	0.00328	0.00321
27	0.06603	0.01433	0.02966	0.07073	0.05329	0.07341	0.01018	0.51306	0.05684	0.04437	0.01187	0.01239	0.00860	0.00588	0.00498	0.00155	0.00586	0.00446	0.00448	0.00804

[dist]
# distance from previous block
# <min> <max>
1	2

[block]
# block no. 3 follows, 48 sequences, length 10
# corresponding to MSA columns:
# 199-201,204-210
name=unknown_D
#
# <colnr> <probs for GDERKNQSTAVLIFYWHMCP>
#	G	D	E	R	K	N	Q	S	T	A	V	L	I	F	Y	W	H	M	C	P
0	0.01012	0.00562	0.00649	0.00611	0.00729	0.00555	0.00434	0.01214	0.05057	0.09483	0.08595	0.02544	0.04301	0.23084	0.03176	0.05083	0.00381	0.00621	0.31437	0.00474
1	0.70807	0.04620	0.00885	0.00709	0.01033	0.01159	0.00590	0.04377	0.00980	0.06640	0.00844	0.00940	0.00641	0.00493	0.00338	0.00155	0.00406	0.00306	0.03489	0.00587
2	0.07022	0.02888	0.09681	0.02771	0.09717	0.05367	0.03708	0.05970	0.08439	0.06297	0.06402	0.03612	0.01219	0.02853	0.00562	0.00152	0.02510	0.00478	0.00356	0.19996
3	0.00688	0.00523	0.00632	0.00605	0.00743	0.00468	0.00454	0.00894	0.01361	0.01841	0.54900	0.04189	0.28573	0.01130	0.00606	0.00165	0.00248	0.00978	0.00536	0.00468
4	0.01235	0.08967	0.16494	0.06191	0.09789	0.06310	0.24803	0.05363	0.06486	0.01703	0.06714	0.01443	0.01090	0.00529	0.00524	0.00159	0.00692	0.00507	0.00299	0.00702
5	0.01643	0.06787	0.01619	0.07078	0.13256	0.05476	0.01059	0.33387	0.03355	0.09934	0.01224	0.04265	0.00958	0.00631	0.00595	0.00159	0.06907	0.00485	0.00409	0.00770
6	0.00798	0.00543	0.00692	0.00644	0.00787	0.00492	0.00487	0.01023	0.01416	0.06223	0.64683	0.03862	0.14292	0.01059	0.00600	0.00163	0.00255	0.00925	0.00557	0.00499
7	0.01019	0.05103	0.19495	0.01043	0.02405	0.00974	0.03785	0.09269	0.06483	0.01614	0.03566	0.03816	0.09739	0.11658	0.14437	0.02118	0.01945	0.00598	0.00336	0.00595
8	0.00707	0.00528	0.00718	0.00733	0.00801	0.00501	0.04287	0.00806	0.00970	0.01282	0.05794	0.38354	0.09594	0.26436	0.01257	0.00293	0.00393	0.05722	0.00418	0.00406
9	0.01256	0.01112	0.03900	0.03716	0.03055	0.02668	0.23068	0.07252	0.02643	0.09275	0.03027	0.05638	0.03667	0.00871	0.05319	0.00213	0.15105	0.00591	0.06982	0.00644

[dist]
# distance from previous block
# <min> <max>
0	24

[block]
# block no. 4 follows, 48 sequences, length 21
# corresponding to MSA columns:
# 240-260
name=unknown_E
#
# <colnr> <probs for GDERKNQSTAVLIFYWHMCP>
#	G	D	E	R	K	N	Q	S	T	A	V	L	I	F	Y	W	H	M	C	P
0	0.04198	0.02824	0.11156	0.05713	0.07440	0.01064	0.05830	0.11388	0.10844	0.04982	0.04952	0.11190	0.02643	0.00699	0.00536	0.00158	0.02156	0.00598	0.00382	0.11244
1	0.01003	0.02794	0.06853	0.02637	0.08046	0.00823	0.02381	0.05400	0.05311	0.03883	0.12673	0.08780	0.18506	0.00838	0.00557	0.00153	0.02349	0.00711	0.00406	0.15897
2	0.05738	0.02951	0.03866	0.07944	0.23675	0.04930	0.10908	0.01439	0.05200	0.01557	0.03370	0.05993	0.01213	0.11851	0.02368	0.00216	0.00604	0.00561	0.00301	0.05317
3	0.62748	0.00999	0.00932	0.03210	0.08183	0.01132	0.00689	0.05639	0.02519	0.02238	0.02463	0.01054	0.00751	0.00506	0.00363	0.00156	0.00422	0.00340	0.05059	0.00596
4	0.00786	0.00510	0.00588	0.00581	0.00596	0.00511	0.00338	0.00800	0.00769	0.03038	0.01616	0.03253	0.01823	0.76214	0.06156	0.00504	0.00537	0.00731	0.00318	0.00332
5	0.01176	0.01092	0.01855	0.09007	0.48561	0.01125	0.07755	0.03212	0.01145	0.01621	0.02643	0.04954	0.01048	0.00627	0.00644	0.04002	0.04092	0.01992	0.02744	0.00706
6	0.00785	0.00597	0.00730	0.00684	0.00832	0.00580	0.00517	0.01169	0.11106	0.02006	0.61920	0.03694	0.11359	0.01028	0.00595	0.00164	0.00265	0.00898	0.00551	0.00521
7	0.17913	0.00874	0.01070	0.00844	0.01211	0.00814	0.00695	0.02242	0.01335	0.60429	0.01758	0.01584	0.01138	0.00603	0.00470	0.00157	0.00418	0.00469	0.05183	0.00792
8	0.00734	0.00546	0.00804	0.00804	0.00889	0.00630	0.00616	0.00903	0.00819	0.01176	0.01393	0.02120	0.01328	0.09910	0.73934	0.00799	0.01306	0.00565	0.00278	0.00447
9	0.00682	0.00517	0.00629	0.00612	0.00742	0.00464	0.00455	0.00879	0.01332	0.01798	0.50637	0.09795	0.27254	0.01166	0.00609	0.00168	0.00252	0.01014	0.00531	0.00464
10	0.00782	0.00535	0.00690	0.00651	0.00784	0.00488	0.00488	0.01004	0.01403	0.05445	0.64753	0.08262	0.10604	0.01083	0.00604	0.00165	0.00255	0.00952	0.00556	0.00494
11	0.00745	0.00503	0.00587	0.00587	0.00597	0.00512	0.00345	0.00764	0.00754	0.01015	0.01591	0.03218	0.01805	0.73804	0.10692	0.00532	0.00589	0.00726	0.00307	0.00326
12	0.01297	0.05057	0.09058	0.14189	0.28093	0.04365	0.07854	0.05779	0.05647	0.06598	0.01203	0.03090	0.00985	0.00568	0.00519	0.00162	0.00629	0.03865	0.00314	0.00728
13	0.01342	0.06810	0.06710	0.07367	0.44759	0.09251	0.05173	0.05957	0.03083	0.01666	0.00965	0.01216	0.00786	0.00491	0.00520	0.00152	0.02289	0.00438	0.00270	0.00754
14	0.01340	0.04656	0.04102	0.05077	0.03871	0.05206	0.00806	0.09450	0.03876	0.12053	0.06832	0.02540	0.04391	0.00573	0.00463	0.00125	0.00466	0.00464	0.00390	0.33319
15	0.04401	0.01317	0.02445	0.04543	0.04759	0.10353	0.00925	0.31749	0.04527	0.21182	0.01477	0.03012	0.02861	0.00624	0.00502	0.00153	0.00555	0.00486	0.00473	0.03657
16	0.26233	0.07018	0.01328	0.02400	0.01376	0.01364	0.00814	0.37988	0.01702	0.11311	0.01139	0.01164	0.00818	0.00562	0.00440	0.00152	0.00494	0.00401	0.02546	0.00750
17	0.00717	0.00535	0.00665	0.00677	0.00791	0.00490	0.00487	0.03077	0.01224	0.01661	0.30082	0.36392	0.14930	0.01277	0.00613	0.00179	0.00284	0.01132	0.00501	0.04286
18	0.03019	0.11630	0.05788	0.09051	0.17414	0.02497	0.14334	0.07081	0.04985	0.05791	0.05344	0.04382	0.01241	0.00613	0.00519	0.00161	0.00602	0.04517	0.00335	0.00696
19	0.01520	0.01094	0.03188	0.16579	0.31253	0.03033	0.01216	0.03705	0.03427	0.24216	0.04675	0.01543	0.01113	0.00558	0.00514	0.00158	0.00561	0.00493	0.00387	0.00766
20	0.01864	0.00785	0.01067	0.00907	0.03433	0.00692	0.00699	0.02055	0.01380	0.57068	0.08912	0.09389	0.03710	0.02423	0.00577	0.00169	0.00403	0.00655	0.03049	0.00761

[dist]
# distance from previous block
# <min> <max>
12	18

[block]
# block no. 5 follows, 48 sequences, length 17
# corresponding to MSA columns:
# 297-313
name=unknown_F
#
# <colnr> <probs for GDERKNQSTAVLIFYWHMCP>
#	G	D	E	R	K	N	Q	S	T	A	V	L	I	F	Y	W	H	M	C	P
0	0.03253	0.06840	0.01317	0.05801	0.04388	0.02660	0.04926	0.03318	0.05997	0.03776	0.01333	0.02656	0.05538	0.00645	0.03393	0.00143	0.00491	0.00438	0.02411	0.40674
1	0.00964	0.00679	0.00763	0.00700	0.00883	0.03607	0.00530	0.04462	0.01343	0.09487	0.31817	0.12766	0.21634	0.01053	0.00576	0.00163	0.00319	0.00903	0.03046	0.04306
2	0.01075	0.01082	0.06524	0.04718	0.19516	0.05652	0.02482	0.04730	0.04144	0.01614	0.06010	0.18750	0.01661	0.05163	0.00663	0.01581	0.00506	0.00688	0.00349	0.13093
3	0.01155	0.00906	0.00988	0.00885	0.01124	0.00985	0.00684	0.10678	0.37663	0.03917	0.14044	0.07341	0.11062	0.02865	0.00598	0.00178	0.00374	0.00731	0.03144	0.00680
4	0.79568	0.00984	0.00786	0.00692	0.01015	0.01122	0.00570	0.01580	0.00916	0.07858	0.00809	0.00900	0.00607	0.00488	0.00332	0.00159	0.00400	0.00295	0.00341	0.00579
5	0.00702	0.00547	0.00700	0.00787	0.04241	0.00508	0.00562	0.00868	0.01156	0.01506	0.15990	0.22927	0.28798	0.01445	0.04730	0.00223	0.00373	0.13005	0.00470	0.00462
6	0.01289	0.09078	0.12202	0.09513	0.11070	0.06719	0.14957	0.06297	0.02603	0.05193	0.04011	0.02901	0.00977	0.00573	0.00619	0.00161	0.08283	0.00486	0.00298	0.02769
7	0.01176	0.01156	0.03968	0.08466	0.63265	0.01130	0.01460	0.01469	0.01137	0.01611	0.01151	0.09513	0.01064	0.00580	0.00523	0.00160	0.00587	0.00558	0.00274	0.00753
8	0.00878	0.00446	0.00665	0.00671	0.00672	0.00444	0.00447	0.00671	0.00685	0.00913	0.00991	0.05681	0.01020	0.01774	0.01936	0.80703	0.00438	0.00498	0.00236	0.00233
9	0.01042	0.00789	0.00998	0.00967	0.06609	0.00828	0.04079	0.08584	0.05774	0.03360	0.04382	0.04044	0.22449	0.00841	0.00624	0.00160	0.08631	0.00680	0.24586	0.00573
10	0.01486	0.04770	0.06901	0.09318	0.12799	0.03374	0.06402	0.15279	0.04272	0.15050	0.01363	0.03910	0.02460	0.00643	0.00626	0.00167	0.07983	0.02079	0.00383	0.00736
11	0.01234	0.09727	0.46049	0.03043	0.02095	0.06671	0.12901	0.04553	0.01189	0.04762	0.00981	0.01148	0.00718	0.00491	0.00489	0.00156	0.00734	0.00412	0.01919	0.00727
12	0.00733	0.00550	0.00825	0.00825	0.00916	0.00641	0.00641	0.00916	0.00825	0.01191	0.01374	0.02016	0.01283	0.03848	0.79934	0.00825	0.01374	0.00550	0.00275	0.00458
13	0.01590	0.09995	0.12189	0.04883	0.05082	0.25339	0.04084	0.06414	0.08041	0.11995	0.01232	0.01305	0.02699	0.00567	0.00508	0.00150	0.02452	0.00429	0.00342	0.00704
14	0.03090	0.12408	0.06923	0.03736	0.11048	0.06471	0.05680	0.13285	0.01430	0.22951	0.03161	0.02842	0.01053	0.00574	0.00485	0.00150	0.00567	0.00471	0.02919	0.00755
15	0.01458	0.01378	0.06681	0.28518	0.06502	0.06617	0.04573	0.30983	0.04564	0.02144	0.01083	0.01283	0.00799	0.00553	0.00512	0.00160	0.00652	0.00456	0.00355	0.00730
16	0.00765	0.00567	0.00666	0.02758	0.00831	0.00536	0.00482	0.02292	0.01127	0.04410	0.12364	0.10369	0.40237	0.11352	0.04715	0.02373	0.02312	0.00947	0.00444	0.00450

[dist]
# distance from previous block
# <min> <max>
2	3

[block]
# block no. 6 follows, 48 sequences, length 22
# corresponding to MSA columns:
# 325-346
name=unknown_G
#
# <colnr> <probs for GDERKNQSTAVLIFYWHMCP>
#	G	D	E	R	K	N	Q	S	T	A	V	L	I	F	Y	W	H	M	C	P
0	0.01130	0.01090	0.10890	0.00930	0.01314	0.00828	0.02982	0.01480	0.07333	0.08772	0.09141	0.01745	0.06119	0.00644	0.00589	0.02879	0.05129	0.00488	0.00369	0.36147
1	0.05281	0.18348	0.17679	0.01560	0.16124	0.06046	0.07031	0.08292	0.04270	0.04033	0.04166	0.02932	0.00990	0.00540	0.00471	0.00149	0.00617	0.00446	0.00305	0.00721
2	0.01313	0.03364	0.28426	0.01578	0.16539	0.01077	0.04223	0.03553	0.08470	0.15164	0.01446	0.10064	0.01184	0.00649	0.00520	0.00165	0.00585	0.00563	0.00363	0.00755
3	0.00685	0.00507	0.00650	0.00747	0.00811	0.00489	0.00528	0.00878	0.05847	0.01390	0.02915	0.64212	0.07836	0.01512	0.00649	0.00207	0.00320	0.08890	0.00479	0.00448
4	0.01218	0.01335	0.02532	0.06701	0.17518	0.05806	0.49172	0.01584	0.01194	0.01590	0.01101	0.05744	0.00917	0.00512	0.00575	0.00168	0.00777	0.00599	0.00269	0.00688
5	0.01437	0.01395	0.17989	0.01638	0.19264	0.01069	0.06660	0.09915	0.04179	0.18025	0.04745	0.05474	0.01236	0.00618	0.00524	0.00160	0.00571	0.01562	0.00393	0.03144
6	0.01184	0.05698	0.52421	0.03105	0.08021	0.03783	0.04475	0.01682	0.02670	0.07346	0.01094	0.01244	0.01888	0.00594	0.02470	0.00176	0.00723	0.00418	0.00266	0.00744
7	0.00719	0.00535	0.00611	0.00585	0.00746	0.00466	0.00441	0.00896	0.01293	0.04646	0.34031	0.04379	0.46460	0.01175	0.00602	0.00168	0.00260	0.01000	0.00517	0.00470
8	0.01425	0.60433	0.11795	0.01000	0.01460	0.08606	0.01012	0.04485	0.01147	0.03459	0.00801	0.00904	0.00682	0.00465	0.00372	0.00121	0.00604	0.00306	0.00245	0.00679
9	0.03644	0.07200	0.13487	0.01463	0.12336	0.04822	0.09408	0.09774	0.10418	0.10513	0.04535	0.01650	0.05606	0.00666	0.02084	0.00171	0.00597	0.00516	0.00376	0.00734
10	0.00740	0.00524	0.00693	0.00693	0.00739	0.00570	0.00477	0.00832	0.00786	0.01094	0.01495	0.02682	0.01572	0.42618	0.41560	0.00662	0.00939	0.00647	0.00293	0.00385
11	0.00808	0.00582	0.00802	0.00913	0.01032	0.00576	0.00791	0.01034	0.01175	0.01520	0.02865	0.08019	0.07372	0.01416	0.00701	0.00232	0.00455	0.68767	0.00473	0.00469
12	0.01368	0.01576	0.22181	0.03273	0.12987	0.05090	0.13146	0.06982	0.06400	0.12973	0.02991	0.03471	0.04014	0.00591	0.00528	0.00162	0.00636	0.00528	0.00356	0.00745
13	0.08454	0.14346	0.15449	0.01392	0.09858	0.08972	0.07796	0.03054	0.02486	0.15012	0.02759	0.02481	0.00932	0.00554	0.00524	0.00154	0.04297	0.00438	0.00332	0.00712
14	0.00770	0.00590	0.00839	0.00820	0.00885	0.00696	0.00620	0.00912	0.00806	0.01157	0.01359	0.02197	0.01342	0.18706	0.58050	0.00708	0.08248	0.00579	0.00277	0.00439
15	0.01328	0.70505	0.10999	0.00991	0.01468	0.01911	0.03947	0.01550	0.01054	0.01269	0.00748	0.00873	0.00662	0.00444	0.00357	0.00118	0.00584	0.00299	0.00221	0.00671
16	0.01250	0.04955	0.09898	0.09430	0.43673	0.01242	0.09098	0.04061	0.04777	0.03427	0.01075	0.02906	0.00874	0.00505	0.00512	0.00158	0.00633	0.00483	0.00281	0.00762
17	0.01132	0.01293	0.11840	0.30565	0.27870	0.01189	0.07829	0.03961	0.04259	0.01598	0.01103	0.01404	0.02656	0.00514	0.00518	0.00164	0.00659	0.00479	0.00265	0.00701
18	0.00949	0.01200	0.19443	0.01416	0.18058	0.00827	0.02707	0.01266	0.01223	0.03758	0.21842	0.06302	0.14005	0.00845	0.00561	0.00167	0.00476	0.03942	0.00390	0.00623
19	0.01435	0.01598	0.26374	0.08328	0.07840	0.03955	0.04843	0.06804	0.03798	0.19472	0.01295	0.04465	0.00968	0.00606	0.00590	0.00167	0.05865	0.00491	0.00361	0.00747
20	0.01321	0.03484	0.31945	0.06925	0.13882	0.01127	0.11589	0.03316	0.01201	0.15210	0.01212	0.04420	0.00915	0.00548	0.00517	0.00163	0.00662	0.00492	0.00319	0.00752
21	0.01234	0.06692	0.42529	0.06504	0.15813	0.01205	0.07256	0.01684	0.01142	0.09648	0.01039	0.01210	0.00756	0.00492	0.00495	0.00159	0.00690	0.00423	0.00271	0.00758

[dist]
# distance from previous block
# <min> <max>
3	9

[block]
# block no. 7 follows, 48 sequences, length 18
# corresponding to MSA columns:
# 357-374
name=unknown_H
#
# <colnr> <probs for GDERKNQSTAVLIFYWHMCP>
#	G	D	E	R	K	N	Q	S	T	A	V	L	I	F	Y	W	H	M	C	P
0	0.02881	0.05765	0.40659	0.02924	0.04582	0.08415	0.07646	0.04678	0.06043	0.06158	0.01141	0.03475	0.00886	0.00558	0.00499	0.00161	0.00693	0.01812	0.00295	0.00728
1	0.33836	0.05370	0.09700	0.01207	0.04819	0.07286	0.11786	0.05435	0.05291	0.03735	0.01066	0.01401	0.00872	0.00559	0.00449	0.00162	0.00575	0.05478	0.00326	0.00647
2	0.01089	0.01530	0.29521	0.01385	0.05457	0.00983	0.15217	0.01489	0.01240	0.07882	0.23842	0.02011	0.01964	0.00667	0.00588	0.00165	0.03338	0.00599	0.00362	0.00670
3	0.01290	0.01329	0.21372	0.01061	0.04628	0.00832	0.01000	0.01612	0.01197	0.18009	0.08928	0.01499	0.01250	0.00532	0.00464	0.00128	0.00486	0.00437	0.00375	0.33572
4	0.01347	0.76399	0.08344	0.00921	0.01384	0.01968	0.00953	0.01543	0.01046	0.01238	0.00729	0.00842	0.00658	0.00443	0.00341	0.00114	0.00564	0.00282	0.00219	0.00666
5	0.01344	0.24723	0.40409	0.01279	0.04158	0.06932	0.01402	0.03342	0.01168	0.09348	0.00973	0.01075	0.00726	0.00494	0.00445	0.00145	0.00670	0.00364	0.00271	0.00735
6	0.01165	0.34122	0.49027	0.01231	0.01864	0.01523	0.01494	0.01590	0.01067	0.01460	0.00839	0.00980	0.00653	0.00468	0.00425	0.00142	0.00675	0.00338	0.00218	0.00719
7	0.85592	0.00992	0.00754	0.00675	0.00992	0.01151	0.00556	0.01508	0.00873	0.02302	0.00714	0.00834	0.00556	0.00476	0.00318	0.00159	0.00397	0.00278	0.00318	0.00556
8	0.00891	0.00446	0.00668	0.00668	0.00668	0.00446	0.00446	0.00668	0.00668	0.00891	0.00891	0.01560	0.00891	0.01783	0.02005	0.85071	0.00446	0.00446	0.00223	0.00223
9	0.00762	0.00585	0.00705	0.00664	0.00813	0.00559	0.00501	0.01113	0.09566	0.01941	0.56521	0.03836	0.18376	0.01058	0.00597	0.00165	0.00263	0.00920	0.00544	0.00510
10	0.01251	0.01112	0.01410	0.01645	0.24023	0.01226	0.01022	0.02313	0.52077	0.02005	0.05033	0.01808	0.01486	0.00641	0.00522	0.00167	0.00459	0.00559	0.00445	0.00798
11	0.00721	0.00524	0.00679	0.00641	0.00764	0.00482	0.00480	0.00959	0.01441	0.02031	0.75580	0.03877	0.07774	0.01059	0.00605	0.00162	0.00243	0.00934	0.00561	0.00482
12	0.11542	0.01128	0.01186	0.01096	0.04339	0.01292	0.00828	0.10244	0.57719	0.02260	0.01790	0.01688	0.01343	0.00652	0.00496	0.00169	0.00429	0.00527	0.00486	0.00787
13	0.07856	0.01105	0.01730	0.31754	0.38170	0.01215	0.01389	0.07717	0.01195	0.01718	0.00948	0.01269	0.00749	0.00493	0.00495	0.00160	0.00617	0.00443	0.00271	0.00707
14	0.15551	0.01130	0.03531	0.21243	0.33153	0.01219	0.03310	0.03532	0.01077	0.01688	0.00901	0.01219	0.00732	0.00581	0.02097	0.00178	0.07488	0.00430	0.00263	0.00679
15	0.48007	0.01184	0.01153	0.01152	0.11022	0.05934	0.00815	0.14711	0.01240	0.06275	0.00907	0.01021	0.00691	0.00525	0.00444	0.00158	0.03391	0.00354	0.00353	0.00662
16	0.03004	0.01116	0.01705	0.38186	0.31124	0.04262	0.01390	0.04394	0.02585	0.03688	0.00981	0.01312	0.00768	0.00513	0.00538	0.00163	0.02868	0.00452	0.00268	0.00685
17	0.11739	0.01281	0.01465	0.20201	0.20349	0.16350	0.01137	0.04379	0.01152	0.01574	0.01057	0.02706	0.02919	0.00788	0.05849	0.00204	0.05494	0.00451	0.00277	0.00628

[dist]
# distance from previous block
# <min> <max>
0	4

[block]
# block no. 8 follows, 48 sequences, length 9
# corresponding to MSA columns:
# 380-388
name=unknown_I
#
# <colnr> <probs for GDERKNQSTAVLIFYWHMCP>
#	G	D	E	R	K	N	Q	S	T	A	V	L	I	F	Y	W	H	M	C	P
0	0.00913	0.00600	0.00757	0.07134	0.00995	0.00590	0.00537	0.01060	0.03241	0.08789	0.05737	0.15125	0.09342	0.34341	0.01417	0.00310	0.00434	0.04906	0.00403	0.03369
1	0.01563	0.01185	0.07748	0.03148	0.05620	0.01033	0.00918	0.18541	0.08814	0.20127	0.04158	0.01462	0.01120	0.00563	0.00482	0.00139	0.00483	0.00456	0.00446	0.21994
2	0.01119	0.01145	0.01832	0.45546	0.07731	0.07298	0.16009	0.01424	0.01074	0.01376	0.00911	0.01317	0.00714	0.00565	0.00667	0.02748	0.07214	0.00475	0.00238	0.00600
3	0.01364	0.01321	0.07474	0.01554	0.18655	0.04175	0.01081	0.15396	0.33801	0.02155	0.06400	0.01671	0.01379	0.00629	0.00518	0.00162	0.00516	0.00529	0.00430	0.00790
4	0.01155	0.15188	0.56778	0.01466	0.06242	0.01314	0.04537	0.01644	0.01102	0.04676	0.00939	0.01090	0.00690	0.00482	0.00469	0.00154	0.00708	0.00381	0.00238	0.00747
5	0.07018	0.01078	0.01370	0.04817	0.03923	0.03575	0.06732	0.16048	0.09490	0.29978	0.09182	0.01731	0.01437	0.00639	0.00517	0.00160	0.00501	0.00535	0.00502	0.00769
6	0.01408	0.01135	0.07156	0.01058	0.04842	0.10108	0.00853	0.05208	0.08934	0.20211	0.23915	0.02528	0.02322	0.00797	0.00550	0.00164	0.00477	0.07170	0.00490	0.00675
7	0.02963	0.07337	0.14162	0.01296	0.04021	0.16709	0.15140	0.04650	0.01302	0.01648	0.13955	0.02028	0.11251	0.00680	0.00525	0.00155	0.00630	0.00586	0.00339	0.00623
8	0.08214	0.04045	0.03316	0.05488	0.19509	0.10635	0.13445	0.04270	0.06667	0.01663	0.01543	0.10721	0.06920	0.00684	0.00522	0.00163	0.00599	0.00614	0.00329	0.00656

[dist]
# distance from previous block
# <min> <max>
0	4

[block]
# block no. 9 follows, 48 sequences, length 9
# corresponding to MSA columns:
# 404-412
name=unknown_J
#
# <colnr> <probs for GDERKNQSTAVLIFYWHMCP>
#	G	D	E	R	K	N	Q	S	T	A	V	L	I	F	Y	W	H	M	C	P
0	0.01311	0.01206	0.02040	0.09036	0.61609	0.01224	0.06098	0.05687	0.01237	0.04118	0.01013	0.01297	0.00818	0.00474	0.00515	0.00155	0.00623	0.00468	0.00278	0.00791
1	0.01021	0.04510	0.46144	0.01314	0.05920	0.06755	0.01409	0.01436	0.01134	0.01556	0.05304	0.08827	0.08432	0.00722	0.00521	0.00166	0.00634	0.03240	0.00295	0.00662
2	0.03834	0.04451	0.14344	0.09373	0.28453	0.03130	0.03401	0.06629	0.04377	0.05482	0.03092	0.01551	0.03850	0.00705	0.03989	0.00187	0.00637	0.01480	0.00313	0.00723
3	0.01136	0.01155	0.05234	0.18661	0.39366	0.01138	0.08213	0.01541	0.06454	0.01623	0.03396	0.01733	0.03481	0.00572	0.00533	0.00165	0.00613	0.03982	0.00292	0.00712
4	0.13217	0.04822	0.01928	0.04883	0.51245	0.04096	0.06567	0.04273	0.01174	0.01771	0.00925	0.01186	0.00760	0.00467	0.00479	0.00153	0.00607	0.00430	0.00271	0.00748
5	0.01254	0.01246	0.01875	0.30458	0.29725	0.08253	0.09614	0.06034	0.03571	0.01611	0.00989	0.01304	0.00776	0.00498	0.00517	0.00160	0.00683	0.00466	0.00270	0.00697
6	0.04218	0.01238	0.05243	0.03852	0.41811	0.01180	0.03620	0.12330	0.02963	0.15200	0.01198	0.01339	0.00895	0.00516	0.00504	0.00154	0.00575	0.00463	0.00362	0.02339
7	0.01168	0.03235	0.10097	0.23842	0.32882	0.03027	0.07870	0.01564	0.04833	0.01551	0.00984	0.01293	0.00781	0.00506	0.00563	0.00163	0.04216	0.00460	0.00255	0.00711
8	0.01316	0.01159	0.01896	0.09441	0.60369	0.01185	0.01440	0.01715	0.07723	0.07045	0.01130	0.01366	0.00898	0.00495	0.00510	0.00156	0.00587	0.00472	0.00301	0.00796

[dist]
# distance from previous block
# <min> <max>
0	9

[block]
# block no. 10 follows, 48 sequences, length 32
# corresponding to MSA columns:
# 422-424,443-450,455-475
name=unknown_K
#
# <colnr> <probs for GDERKNQSTAVLIFYWHMCP>
#	G	D	E	R	K	N	Q	S	T	A	V	L	I	F	Y	W	H	M	C	P
0	0.01127	0.04738	0.56641	0.01652	0.09784	0.02439	0.08936	0.01680	0.03725	0.03113	0.00989	0.01161	0.00722	0.00488	0.00497	0.00161	0.00732	0.00414	0.00244	0.00756
1	0.00757	0.00480	0.00642	0.00730	0.00789	0.00443	0.00498	0.00855	0.01021	0.07420	0.02765	0.75360	0.03227	0.01531	0.00644	0.00204	0.00309	0.01385	0.00489	0.00453
2	0.00898	0.00752	0.01987	0.02585	0.15632	0.00730	0.01965	0.06989	0.03446	0.01605	0.05184	0.42519	0.08880	0.01183	0.00603	0.00187	0.00402	0.03464	0.00431	0.00556
3	0.08455	0.02276	0.01414	0.02810	0.03242	0.70537	0.00978	0.01982	0.01394	0.01348	0.00793	0.00934	0.00656	0.00523	0.00453	0.00135	0.00872	0.00331	0.00268	0.00596
4	0.00735	0.00499	0.00557	0.00557	0.00570	0.00492	0.00317	0.00745	0.00779	0.01026	0.01898	0.03482	0.07888	0.75633	0.02454	0.00472	0.00479	0.00773	0.00324	0.00321
5	0.00733	0.00550	0.00825	0.00825	0.00916	0.00641	0.00641	0.00916	0.00825	0.01191	0.01374	0.02016	0.01283	0.03848	0.79934	0.00825	0.01374	0.00550	0.00275	0.00458
6	0.01571	0.01089	0.01389	0.13429	0.01784	0.01186	0.05078	0.14266	0.32016	0.20007	0.01697	0.01653	0.01207	0.00626	0.00522	0.00167	0.00507	0.00529	0.00487	0.00792
7	0.00833	0.00513	0.00627	0.00615	0.00629	0.00518	0.00376	0.03316	0.00778	0.01038	0.01374	0.02716	0.01523	0.53784	0.02348	0.27295	0.00483	0.00641	0.00290	0.00302
8	0.01206	0.01423	0.05363	0.02141	0.02668	0.01294	0.74606	0.01643	0.01207	0.01643	0.01034	0.01375	0.00775	0.00434	0.00602	0.00173	0.00862	0.00599	0.00258	0.00694
9	0.00836	0.00736	0.00954	0.02234	0.01007	0.00840	0.02129	0.02314	0.01033	0.01375	0.06565	0.09647	0.29642	0.09033	0.01131	0.00226	0.24541	0.04898	0.00381	0.00478
10	0.01025	0.00970	0.01641	0.66199	0.17628	0.01155	0.01453	0.01360	0.01053	0.01379	0.00922	0.01350	0.00708	0.00503	0.00512	0.00168	0.00670	0.00456	0.00233	0.00615
11	0.01121	0.10801	0.63881	0.01424	0.02112	0.05622	0.04921	0.01640	0.01105	0.01562	0.00897	0.01061	0.00657	0.00482	0.00475	0.00156	0.00750	0.00375	0.00221	0.00736
12	0.08278	0.01295	0.04697	0.01132	0.01517	0.01349	0.04479	0.34752	0.24650	0.10218	0.01504	0.01457	0.01081	0.00617	0.00504	0.00162	0.00514	0.00491	0.00488	0.00816
13	0.01265	0.01234	0.02169	0.03060	0.71833	0.01226	0.08439	0.01581	0.01172	0.01673	0.00972	0.01280	0.00810	0.00455	0.00517	0.00154	0.00633	0.00471	0.00254	0.00802
14	0.00995	0.00885	0.01467	0.31575	0.19292	0.00967	0.04443	0.01295	0.01121	0.01487	0.01577	0.02933	0.01531	0.00822	0.00586	0.00190	0.00599	0.27319	0.00323	0.00594
15	0.01251	0.09149	0.35721	0.01710	0.11320	0.11983	0.15544	0.01712	0.03934	0.01567	0.00955	0.01147	0.00729	0.00483	0.00496	0.00155	0.00752	0.00422	0.00247	0.00724
16	0.01237	0.07112	0.09286	0.13408	0.03043	0.14239	0.06701	0.01466	0.01015	0.01321	0.00802	0.01143	0.00693	0.00731	0.02690	0.00195	0.33652	0.00425	0.00235	0.00605
17	0.00636	0.00504	0.00578	0.00629	0.00750	0.00445	0.00465	0.00765	0.01111	0.01378	0.04165	0.29719	0.46128	0.01411	0.00633	0.00191	0.00295	0.09288	0.00476	0.00432
18	0.01475	0.00787	0.04793	0.00827	0.01091	0.00648	0.00685	0.01665	0.02867	0.36984	0.13481	0.10218	0.08225	0.00993	0.00718	0.09416	0.00398	0.03563	0.00522	0.00643
19	0.01277	0.05535	0.23895	0.01519	0.03454	0.02501	0.25370	0.07795	0.03907	0.08647	0.01319	0.10040	0.01099	0.00621	0.00541	0.00167	0.00675	0.00590	0.00332	0.00715
20	0.00668	0.00501	0.00705	0.09436	0.01057	0.00500	0.00590	0.00789	0.00993	0.01316	0.02616	0.70745	0.03086	0.01483	0.00641	0.00205	0.00345	0.03439	0.00449	0.00435
21	0.00975	0.00902	0.01466	0.69596	0.03206	0.01074	0.01318	0.01301	0.01035	0.01357	0.00967	0.01469	0.00761	0.00526	0.00504	0.00163	0.00644	0.02718	0.00244	0.09773
22	0.01201	0.01228	0.05018	0.14463	0.56389	0.01207	0.07049	0.01528	0.01141	0.01608	0.00987	0.01364	0.00821	0.00489	0.00538	0.00160	0.01990	0.01811	0.00253	0.00755
23	0.01390	0.01285	0.01969	0.04271	0.62946	0.03671	0.01461	0.13352	0.01368	0.01899	0.01000	0.01255	0.00815	0.00485	0.00508	0.00152	0.00614	0.00454	0.00294	0.00811
24	0.00780	0.00546	0.00633	0.00600	0.00656	0.00528	0.00366	0.00817	0.00786	0.01082	0.01523	0.03015	0.01704	0.67644	0.07751	0.00474	0.00546	0.00684	0.00308	0.09556
25	0.01176	0.07904	0.55931	0.01479	0.02147	0.01307	0.11140	0.09836	0.01241	0.01773	0.00955	0.01119	0.00691	0.00491	0.00494	0.00159	0.00736	0.00409	0.00255	0.00755
26	0.01046	0.10096	0.51579	0.09510	0.02096	0.01182	0.01547	0.01512	0.01070	0.01545	0.00982	0.03519	0.00783	0.00521	0.00471	0.00151	0.00671	0.01577	0.00239	0.09900
27	0.01356	0.67363	0.04626	0.00896	0.01344	0.01839	0.00882	0.05061	0.01110	0.01365	0.00765	0.00876	0.00679	0.00442	0.00348	0.00110	0.00537	0.00289	0.00242	0.09868
28	0.01191	0.01085	0.01804	0.02689	0.64823	0.01083	0.01366	0.01474	0.01145	0.01677	0.01172	0.06934	0.01047	0.00553	0.00502	0.00153	0.00548	0.00529	0.09479	0.00749
29	0.01253	0.01371	0.09864	0.08992	0.23512	0.01247	0.24399	0.09863	0.07328	0.01852	0.04382	0.01450	0.01011	0.00519	0.00542	0.00164	0.00672	0.00525	0.00312	0.00742
30	0.01119	0.01050	0.01765	0.26547	0.47319	0.01115	0.01410	0.01428	0.01156	0.01606	0.09393	0.01579	0.01212	0.00539	0.00520	0.00159	0.00592	0.00508	0.00280	0.00703
31	0.00633	0.00504	0.00570	0.00611	0.00737	0.00442	0.00449	0.00764	0.01131	0.01406	0.07798	0.26700	0.48511	0.01383	0.00627	0.00187	0.00285	0.06349	0.00480	0.00434

[dist]
# distance from previous block
# <min> <max>
0	1

[block]
# block no. 11 follows, 48 sequences, length 11
# corresponding to MSA columns:
# 477-487
name=unknown_L
#
# <colnr> <probs for GDERKNQSTAVLIFYWHMCP>
#	G	D	E	R	K	N	Q	S	T	A	V	L	I	F	Y	W	H	M	C	P
0	0.00951	0.04024	0.03313	0.01079	0.01291	0.00749	0.17548	0.01179	0.02962	0.07531	0.05763	0.44710	0.02453	0.03108	0.00658	0.00196	0.00461	0.01056	0.00425	0.00542
1	0.00716	0.00524	0.00692	0.00794	0.00885	0.00500	0.00627	0.00880	0.01101	0.01426	0.03113	0.35474	0.13880	0.01475	0.00673	0.00216	0.00374	0.35730	0.00475	0.00445
2	0.01163	0.01119	0.01933	0.30107	0.49410	0.01195	0.04668	0.01486	0.01121	0.01548	0.00950	0.01309	0.00767	0.00476	0.00514	0.00160	0.00646	0.00463	0.00245	0.00723
3	0.01814	0.01176	0.03844	0.01546	0.14168	0.03161	0.13765	0.09666	0.05659	0.37448	0.01547	0.01525	0.01056	0.00567	0.00528	0.00160	0.00570	0.00511	0.00470	0.00819
4	0.01549	0.01184	0.01792	0.01563	0.10697	0.02973	0.20120	0.13949	0.12656	0.17723	0.03745	0.01763	0.01230	0.00622	0.00575	0.00168	0.02383	0.04108	0.00433	0.00768
5	0.00997	0.00941	0.01590	0.73498	0.10551	0.01147	0.01439	0.01336	0.01039	0.01345	0.00917	0.01359	0.00696	0.00508	0.00513	0.00169	0.00677	0.00456	0.00230	0.00593
6	0.01210	0.01176	0.01820	0.26534	0.46527	0.04954	0.01446	0.01601	0.06731	0.01579	0.01023	0.01330	0.00821	0.00495	0.00508	0.00159	0.00632	0.00460	0.00266	0.00728
7	0.00746	0.00497	0.00560	0.00560	0.00560	0.00497	0.00311	0.00746	0.00746	0.00995	0.01617	0.03358	0.01865	0.81967	0.02612	0.00497	0.00497	0.00746	0.00311	0.00311
8	0.01142	0.01089	0.01852	0.36028	0.46885	0.01186	0.01511	0.01463	0.01108	0.01522	0.00943	0.01311	0.00758	0.00481	0.00510	0.00160	0.00641	0.00457	0.00243	0.00710
9	0.01064	0.00912	0.01064	0.00760	0.01216	0.00684	0.00608	0.01292	0.01064	0.01672	0.00912	0.01064	0.00760	0.00380	0.00380	0.00076	0.00380	0.00304	0.00304	0.85104
10	0.00762	0.00553	0.00733	0.00728	0.00792	0.00612	0.00516	0.00928	0.04187	0.01154	0.01503	0.02550	0.01529	0.35057	0.45406	0.00665	0.00980	0.00630	0.00300	0.00415

[dist]
# distance from previous block
# <min> <max>
0	1

# created by:
# /home/cegg/simao/soft/augustus-3.2.1/scripts/msa2prfl.pl ./align_prep/EOG091G0JTG.fa
