[name]
unknown

[dist]
# distance from previous block
# <min> <max>
9	29

[block]
# block no. 0 follows, 50 sequences, length 22
# corresponding to MSA columns:
# 56-77
name=unknown_A
#
# <colnr> <probs for GDERKNQSTAVLIFYWHMCP>
#	G	D	E	R	K	N	Q	S	T	A	V	L	I	F	Y	W	H	M	C	P
0	0.00698	0.00507	0.00663	0.00637	0.00746	0.00478	0.00473	0.00912	0.01313	0.01848	0.64871	0.07024	0.06789	0.03869	0.06756	0.00219	0.00330	0.00895	0.00513	0.00458
1	0.00684	0.00491	0.00665	0.04907	0.00867	0.00471	0.00509	0.00822	0.01127	0.01540	0.33677	0.36536	0.06763	0.01285	0.00707	0.06695	0.00296	0.01065	0.00466	0.00426
2	0.74989	0.00905	0.00724	0.00652	0.00936	0.01035	0.00531	0.01397	0.00921	0.02206	0.10820	0.01186	0.01077	0.00535	0.00345	0.00155	0.00366	0.00351	0.00339	0.00531
3	0.01346	0.73464	0.02453	0.00882	0.01291	0.04921	0.00852	0.01600	0.06944	0.01244	0.00798	0.00884	0.00707	0.00449	0.00339	0.00112	0.00536	0.00291	0.00237	0.00649
4	0.01761	0.01306	0.01412	0.01092	0.01475	0.01418	0.00895	0.67809	0.02170	0.02927	0.01255	0.05455	0.00969	0.00632	0.00496	0.00147	0.00521	0.00488	0.00481	0.07292
5	0.86003	0.00964	0.00733	0.00655	0.00964	0.01118	0.00540	0.01465	0.00848	0.02236	0.00694	0.00810	0.00540	0.00463	0.00308	0.00154	0.00386	0.00270	0.00308	0.00540
6	0.00713	0.00508	0.00660	0.00622	0.00739	0.00470	0.00466	0.00948	0.01399	0.01994	0.76613	0.03663	0.04593	0.01005	0.00580	0.00155	0.00235	0.00887	0.03279	0.00470
7	0.86003	0.00964	0.00733	0.00655	0.00964	0.01118	0.00540	0.01465	0.00848	0.02236	0.00694	0.00810	0.00540	0.00463	0.00308	0.00154	0.00386	0.00270	0.00308	0.00540
8	0.01234	0.01184	0.02023	0.03059	0.79373	0.01184	0.01530	0.01530	0.01135	0.01628	0.00938	0.01234	0.00790	0.00444	0.00493	0.00148	0.00592	0.00444	0.00247	0.00790
9	0.01568	0.01234	0.01312	0.01081	0.01421	0.01393	0.00868	0.40278	0.40309	0.02615	0.01612	0.01527	0.01184	0.00637	0.00503	0.00159	0.00472	0.00506	0.00503	0.00818
10	0.01810	0.01327	0.01419	0.01100	0.01477	0.01468	0.00905	0.70126	0.05207	0.03022	0.01255	0.01263	0.00900	0.00600	0.00490	0.00148	0.00523	0.00454	0.05685	0.00822
11	0.00677	0.00454	0.00594	0.00683	0.00721	0.00425	0.00453	0.00758	0.00944	0.03952	0.02583	0.70194	0.03053	0.10943	0.00853	0.00233	0.00316	0.01305	0.00449	0.00408
12	0.00933	0.00758	0.00858	0.00789	0.00984	0.00808	0.00604	0.01680	0.35592	0.01984	0.38894	0.02983	0.09329	0.00887	0.00552	0.00163	0.00307	0.00764	0.00523	0.00608
13	0.01049	0.01030	0.01448	0.01253	0.01263	0.01428	0.01040	0.01166	0.00767	0.01195	0.00728	0.01185	0.00719	0.01185	0.10229	0.00282	0.72828	0.00447	0.00223	0.00534
14	0.00650	0.00486	0.00667	0.00747	0.00800	0.00464	0.02619	0.00802	0.04249	0.01316	0.02668	0.76506	0.03151	0.01492	0.00629	0.00200	0.00309	0.01358	0.00459	0.00429
15	0.00654	0.00484	0.00572	0.00610	0.00719	0.00428	0.00435	0.00778	0.01098	0.03490	0.12498	0.37773	0.35972	0.01345	0.00607	0.00181	0.00271	0.01176	0.00477	0.00431
16	0.01289	0.00654	0.00726	0.00634	0.00837	0.00653	0.00499	0.09273	0.03959	0.16927	0.01662	0.01760	0.01234	0.00593	0.00399	0.00129	0.00307	0.00473	0.57403	0.00589
17	0.01130	0.01224	0.03574	0.01587	0.03736	0.03865	0.25140	0.01355	0.00930	0.01342	0.00805	0.01197	0.00709	0.00799	0.03946	0.00217	0.47135	0.00483	0.00232	0.00593
18	0.14587	0.01882	0.01603	0.01361	0.03159	0.46987	0.14783	0.07082	0.01343	0.01585	0.00835	0.00993	0.00664	0.00493	0.00457	0.00141	0.00780	0.00373	0.00280	0.00612
19	0.01127	0.01811	0.35643	0.07591	0.06738	0.01181	0.32433	0.01593	0.01117	0.04521	0.00983	0.01225	0.00716	0.00457	0.00524	0.00162	0.00753	0.00472	0.00246	0.00704
20	0.01122	0.00847	0.00997	0.00792	0.01115	0.00764	0.00625	0.06107	0.10866	0.07534	0.16440	0.01877	0.01725	0.03764	0.00557	0.00133	0.01745	0.01642	0.00409	0.40941
21	0.00672	0.00558	0.00590	0.00632	0.00743	0.03500	0.00449	0.00817	0.02838	0.01360	0.06338	0.37921	0.37302	0.01326	0.00597	0.00180	0.00295	0.01153	0.02299	0.00431

[dist]
# distance from previous block
# <min> <max>
0	1

[block]
# block no. 1 follows, 50 sequences, length 44
# corresponding to MSA columns:
# 82-98,101-103,131-134,136-155
name=unknown_B
#
# <colnr> <probs for GDERKNQSTAVLIFYWHMCP>
#	G	D	E	R	K	N	Q	S	T	A	V	L	I	F	Y	W	H	M	C	P
0	0.26646	0.01034	0.01151	0.08326	0.10052	0.03121	0.00838	0.14297	0.08217	0.04784	0.02420	0.07907	0.03195	0.00640	0.00480	0.00158	0.02508	0.00500	0.00371	0.03355
1	0.01775	0.02051	0.01445	0.04847	0.01628	0.59481	0.03311	0.12163	0.01513	0.03270	0.03370	0.01080	0.00817	0.00540	0.00468	0.00136	0.00807	0.00375	0.00305	0.00619
2	0.01113	0.00890	0.01044	0.00757	0.01191	0.00689	0.00606	0.01376	0.03873	0.06332	0.00992	0.01103	0.00797	0.00395	0.00382	0.00082	0.00373	0.00317	0.00322	0.77362
3	0.23403	0.01190	0.01187	0.00966	0.01296	0.04253	0.00787	0.42610	0.01688	0.03780	0.01109	0.03166	0.00866	0.00900	0.08623	0.00216	0.00588	0.00428	0.00413	0.02530
4	0.00892	0.00458	0.00683	0.00674	0.00697	0.00464	0.00464	0.00734	0.00691	0.03418	0.00954	0.01571	0.00921	0.01925	0.10864	0.73110	0.00536	0.00447	0.00235	0.00263
5	0.01240	0.01071	0.01127	0.01014	0.01296	0.01240	0.00789	0.02649	0.78473	0.02085	0.02029	0.01860	0.01522	0.00676	0.00507	0.00169	0.00394	0.00564	0.00507	0.00789
6	0.00653	0.00507	0.00593	0.00572	0.00712	0.00448	0.00429	0.00838	0.01286	0.01702	0.45447	0.04211	0.38552	0.01130	0.00588	0.00162	0.00243	0.00970	0.00510	0.00448
7	0.86003	0.00964	0.00733	0.00655	0.00964	0.01118	0.00540	0.01465	0.00848	0.02236	0.00694	0.00810	0.00540	0.00463	0.00308	0.00154	0.00386	0.00270	0.00308	0.00540
8	0.01059	0.00527	0.00553	0.00521	0.00667	0.00525	0.00399	0.04135	0.01122	0.07493	0.01634	0.01822	0.01258	0.00584	0.00365	0.00120	0.00258	0.00467	0.75987	0.00507
9	0.01848	0.01352	0.01435	0.01116	0.01498	0.03449	0.00916	0.65678	0.06526	0.07187	0.03100	0.01313	0.00992	0.00611	0.00500	0.00151	0.00535	0.00465	0.00501	0.00829
10	0.00734	0.00516	0.00648	0.00619	0.00749	0.00466	0.00462	0.00935	0.01325	0.04747	0.56397	0.09844	0.18515	0.01091	0.00589	0.00162	0.00250	0.00954	0.00528	0.00470
11	0.01146	0.36056	0.41936	0.01175	0.01729	0.01525	0.01374	0.01515	0.01015	0.01382	0.00793	0.00949	0.00637	0.00482	0.00492	0.00141	0.06428	0.00331	0.00212	0.00682
12	0.00699	0.00510	0.00658	0.00624	0.00745	0.00469	0.00470	0.00927	0.01387	0.01943	0.72432	0.03835	0.09915	0.01043	0.00590	0.00159	0.00241	0.02346	0.00541	0.00467
13	0.01144	0.01087	0.01846	0.23455	0.57023	0.01145	0.01469	0.01447	0.01099	0.01531	0.00978	0.01398	0.00823	0.00488	0.00501	0.00155	0.00607	0.02841	0.00247	0.00717
14	0.00632	0.00464	0.00594	0.00651	0.00723	0.00425	0.00454	0.00766	0.01106	0.01486	0.24451	0.50301	0.13367	0.01371	0.00617	0.00185	0.00269	0.01226	0.00487	0.00425
15	0.01092	0.01096	0.01559	0.01327	0.01338	0.01521	0.02821	0.01209	0.00773	0.01209	0.00662	0.01096	0.00657	0.00862	0.01612	0.00217	0.79744	0.00440	0.00219	0.00548
16	0.01092	0.23933	0.55712	0.03240	0.03582	0.01375	0.01560	0.01547	0.01042	0.01464	0.00841	0.00995	0.00638	0.00461	0.00434	0.00144	0.00677	0.00345	0.00212	0.00707
17	0.00712	0.00533	0.00794	0.00794	0.00881	0.00619	0.00614	0.00886	0.00799	0.01152	0.01342	0.01994	0.01262	0.05895	0.78372	0.00792	0.01312	0.00539	0.00268	0.00441
18	0.07229	0.01140	0.03544	0.18325	0.57045	0.01164	0.01437	0.01476	0.01085	0.01601	0.00909	0.01218	0.00743	0.00457	0.00481	0.00152	0.00595	0.00430	0.00245	0.00724
19	0.01176	0.08004	0.60352	0.01277	0.01932	0.01136	0.01566	0.01658	0.01094	0.11072	0.01010	0.01112	0.00711	0.00482	0.00460	0.00149	0.00663	0.00373	0.00265	0.05507
20	0.79990	0.01065	0.00781	0.00700	0.01005	0.06790	0.00570	0.01503	0.00889	0.02164	0.00700	0.00816	0.00547	0.00466	0.00319	0.00152	0.00422	0.00274	0.00305	0.00543
21	0.01181	0.01020	0.01121	0.06732	0.01415	0.01181	0.00812	0.02434	0.68336	0.01979	0.01990	0.06586	0.01566	0.00716	0.00514	0.00171	0.00408	0.00606	0.00484	0.00749
22	0.01163	0.01007	0.01219	0.00929	0.02607	0.03276	0.04171	0.06728	0.01136	0.03615	0.00921	0.01079	0.00751	0.00435	0.00487	0.00099	0.06228	0.00338	0.00308	0.63503
23	0.13336	0.03979	0.27511	0.01237	0.03378	0.07773	0.06694	0.09552	0.01234	0.12645	0.01073	0.01228	0.00793	0.00632	0.03036	0.00176	0.03133	0.01568	0.00324	0.00697
24	0.01155	0.01913	0.33724	0.01769	0.02349	0.06881	0.41693	0.01618	0.01144	0.01562	0.00946	0.01195	0.00698	0.00448	0.00532	0.00161	0.00803	0.00481	0.00236	0.00691
25	0.01265	0.01254	0.01900	0.07882	0.64744	0.07448	0.01442	0.01601	0.04685	0.01594	0.00971	0.01242	0.00803	0.00464	0.00491	0.00149	0.00612	0.00440	0.00258	0.00758
26	0.01234	0.01110	0.03670	0.06167	0.01454	0.02382	0.00841	0.05850	0.55042	0.03096	0.01769	0.01697	0.02397	0.00624	0.00489	0.00156	0.00433	0.00515	0.00451	0.10622
27	0.00724	0.00517	0.00714	0.00714	0.00778	0.00577	0.00520	0.00852	0.00788	0.01127	0.01414	0.02332	0.01411	0.26438	0.55003	0.00684	0.01048	0.00587	0.03367	0.00404
28	0.00733	0.00494	0.00599	0.00599	0.00626	0.00515	0.00379	0.00788	0.00760	0.01061	0.01519	0.02881	0.01651	0.59657	0.20459	0.00536	0.00666	0.00666	0.05067	0.00344
29	0.00654	0.00514	0.00592	0.00586	0.00723	0.00461	0.00434	0.00853	0.03323	0.01611	0.33406	0.12568	0.40113	0.01184	0.00591	0.00168	0.00254	0.01019	0.00497	0.00448
30	0.01000	0.02578	0.79900	0.01421	0.02157	0.01158	0.01842	0.01579	0.01052	0.01579	0.00895	0.01052	0.00631	0.00474	0.00474	0.00158	0.00737	0.00368	0.00210	0.00737
31	0.00624	0.00445	0.00569	0.00661	0.00693	0.00418	0.00434	0.00700	0.00930	0.01231	0.02700	0.65955	0.07337	0.13705	0.00919	0.00243	0.00316	0.01292	0.00439	0.00390
32	0.00849	0.00439	0.00637	0.00637	0.00637	0.00439	0.00418	0.00658	0.00658	0.00878	0.00948	0.01718	0.00976	0.11122	0.02017	0.75611	0.00439	0.00467	0.00226	0.00226
33	0.01333	0.82783	0.02612	0.00853	0.01279	0.01972	0.00853	0.01493	0.01013	0.01173	0.00693	0.00800	0.00640	0.00426	0.00320	0.00107	0.00533	0.00267	0.00213	0.00640
34	0.00664	0.00508	0.00609	0.00584	0.00719	0.00453	0.00438	0.00861	0.01314	0.01769	0.52965	0.04102	0.30992	0.01105	0.00588	0.00161	0.00241	0.00955	0.00518	0.00453
35	0.86003	0.00964	0.00733	0.00655	0.00964	0.01118	0.00540	0.01465	0.00848	0.02236	0.00694	0.00810	0.00540	0.00463	0.00308	0.00154	0.00386	0.00270	0.00308	0.00540
36	0.81297	0.00957	0.00756	0.00668	0.00981	0.01097	0.00551	0.01519	0.00881	0.06590	0.00766	0.00860	0.00579	0.00471	0.00319	0.00154	0.00388	0.00283	0.00326	0.00557
37	0.01824	0.01330	0.01438	0.01113	0.01484	0.01470	0.00912	0.72444	0.02228	0.02986	0.01174	0.01218	0.00849	0.00676	0.00598	0.05983	0.00541	0.00448	0.00479	0.00805
38	0.01383	0.01186	0.01247	0.02817	0.01348	0.13497	0.05708	0.27229	0.03333	0.04919	0.23323	0.05657	0.04669	0.00758	0.00531	0.00153	0.00507	0.00633	0.00454	0.00646
39	0.25829	0.01388	0.01243	0.01011	0.01361	0.13631	0.00819	0.39122	0.01711	0.07820	0.01040	0.01075	0.00755	0.00548	0.00437	0.00148	0.00548	0.00382	0.00415	0.00718
40	0.02545	0.01145	0.01475	0.01243	0.01328	0.02685	0.01031	0.15336	0.01075	0.01594	0.00787	0.01126	0.00707	0.00801	0.01348	0.00200	0.61665	0.00435	0.02875	0.00599
41	0.01523	0.00958	0.01546	0.23341	0.15123	0.00971	0.08277	0.01838	0.03957	0.32128	0.02813	0.01603	0.01063	0.00561	0.00513	0.00160	0.00554	0.01943	0.00404	0.00725
42	0.01836	0.01865	0.01415	0.01254	0.04253	0.45096	0.00945	0.24782	0.02818	0.07439	0.01113	0.01166	0.02668	0.00565	0.00474	0.00139	0.00725	0.00398	0.00364	0.00685
43	0.01708	0.01253	0.01353	0.01086	0.01446	0.01390	0.00881	0.48233	0.26821	0.08173	0.01519	0.01445	0.01092	0.00625	0.00502	0.00156	0.00490	0.00489	0.00510	0.00829

[dist]
# distance from previous block
# <min> <max>
0	4

[block]
# block no. 2 follows, 50 sequences, length 10
# corresponding to MSA columns:
# 160-169
name=unknown_C
#
# <colnr> <probs for GDERKNQSTAVLIFYWHMCP>
#	G	D	E	R	K	N	Q	S	T	A	V	L	I	F	Y	W	H	M	C	P
0	0.00941	0.00886	0.01495	0.81285	0.03433	0.01107	0.01384	0.01274	0.00997	0.01274	0.00886	0.01329	0.00664	0.00498	0.00498	0.00166	0.00664	0.00443	0.00221	0.00554
1	0.09852	0.01068	0.01214	0.02765	0.01318	0.04262	0.00806	0.23078	0.01466	0.25948	0.01384	0.05795	0.01073	0.04316	0.00720	0.00176	0.10865	0.00502	0.00449	0.02943
2	0.00681	0.00512	0.00633	0.00612	0.00742	0.00463	0.00465	0.00888	0.01327	0.01805	0.56067	0.04100	0.23578	0.01101	0.00594	0.00164	0.00252	0.05038	0.00522	0.00457
3	0.00725	0.00483	0.00544	0.00544	0.00544	0.00483	0.00302	0.00725	0.00725	0.00966	0.01571	0.03262	0.01812	0.82483	0.02537	0.00483	0.00483	0.00725	0.00302	0.00302
4	0.00713	0.00529	0.00774	0.00774	0.00854	0.00609	0.00590	0.00873	0.00793	0.01137	0.01360	0.02093	0.01305	0.11903	0.72423	0.00768	0.01247	0.00554	0.00271	0.00430
5	0.01715	0.01919	0.01471	0.01270	0.01546	0.52217	0.06328	0.07916	0.06415	0.06001	0.00993	0.01117	0.00785	0.00689	0.04116	0.00171	0.04001	0.00390	0.00312	0.00628
6	0.01363	0.01061	0.01156	0.00895	0.01270	0.04473	0.00720	0.24849	0.01489	0.06503	0.04000	0.05720	0.01136	0.00576	0.00451	0.00118	0.00444	0.02542	0.00397	0.40836
7	0.00915	0.00664	0.00772	0.00725	0.00890	0.00678	0.00545	0.01431	0.21970	0.05389	0.33251	0.10717	0.09207	0.04158	0.00628	0.00175	0.00303	0.00819	0.06208	0.00556
8	0.01476	0.06445	0.01535	0.01270	0.01419	0.39583	0.01015	0.01597	0.01091	0.01208	0.00712	0.00981	0.00648	0.00674	0.00988	0.00168	0.38015	0.00371	0.00236	0.00566
9	0.86003	0.00964	0.00733	0.00655	0.00964	0.01118	0.00540	0.01465	0.00848	0.02236	0.00694	0.00810	0.00540	0.00463	0.00308	0.00154	0.00386	0.00270	0.00308	0.00540

[dist]
# distance from previous block
# <min> <max>
0	19

[block]
# block no. 3 follows, 50 sequences, length 31
# corresponding to MSA columns:
# 189-219
name=unknown_D
#
# <colnr> <probs for GDERKNQSTAVLIFYWHMCP>
#	G	D	E	R	K	N	Q	S	T	A	V	L	I	F	Y	W	H	M	C	P
0	0.00597	0.00500	0.00520	0.00525	0.00681	0.00423	0.00390	0.00727	0.01140	0.01380	0.09272	0.10061	0.69540	0.01269	0.00592	0.00170	0.00254	0.01068	0.00468	0.00423
1	0.00599	0.00506	0.00520	0.00526	0.00688	0.00427	0.00397	0.00730	0.01138	0.01363	0.06385	0.06406	0.73457	0.01268	0.00594	0.00171	0.00260	0.03677	0.00464	0.00423
2	0.00611	0.00435	0.00577	0.00690	0.00718	0.00407	0.00458	0.00695	0.00948	0.01264	0.02714	0.79897	0.03254	0.03880	0.00691	0.00210	0.00295	0.01397	0.00458	0.00402
3	0.00705	0.00510	0.00666	0.00627	0.00745	0.00470	0.00470	0.00941	0.01411	0.01999	0.79110	0.03723	0.04703	0.01019	0.00588	0.00157	0.00235	0.00901	0.00549	0.00470
4	0.01091	0.01091	0.01527	0.01309	0.01309	0.01527	0.01091	0.01200	0.00763	0.01200	0.00654	0.01091	0.00654	0.00872	0.01636	0.00218	0.81570	0.00436	0.00218	0.00545
5	0.01333	0.82783	0.02612	0.00853	0.01279	0.01972	0.00853	0.01493	0.01013	0.01173	0.00693	0.00800	0.00640	0.00426	0.00320	0.00107	0.00533	0.00267	0.00213	0.00640
6	0.00644	0.00456	0.00596	0.00699	0.00738	0.00432	0.00471	0.02449	0.00988	0.01329	0.02685	0.78414	0.03193	0.01516	0.00626	0.00199	0.00294	0.01372	0.02480	0.00416
7	0.01301	0.01101	0.01162	0.01027	0.01320	0.01269	0.00804	0.09712	0.71309	0.02184	0.01950	0.01797	0.01458	0.00669	0.00506	0.00167	0.00409	0.00553	0.00506	0.00794
8	0.01862	0.02376	0.01413	0.01284	0.01541	0.80482	0.00963	0.01990	0.01413	0.01220	0.00770	0.00899	0.00642	0.00514	0.00449	0.00128	0.00899	0.00321	0.00257	0.00578
9	0.01090	0.01008	0.01652	0.52796	0.25909	0.01159	0.01399	0.06320	0.01125	0.01501	0.00922	0.01292	0.00714	0.00489	0.00497	0.00160	0.00635	0.00444	0.00247	0.00643
10	0.01234	0.01184	0.02023	0.03059	0.79373	0.01184	0.01530	0.01530	0.01135	0.01628	0.00938	0.01234	0.00790	0.00444	0.00493	0.00148	0.00592	0.00444	0.00247	0.00790
11	0.01895	0.01396	0.01496	0.01147	0.01546	0.01546	0.00947	0.77711	0.02344	0.03141	0.01197	0.01197	0.00848	0.00598	0.00499	0.00150	0.00548	0.00449	0.00499	0.00848
12	0.01273	0.01386	0.12899	0.01431	0.01787	0.01288	0.22013	0.22555	0.01376	0.01909	0.01158	0.09778	0.01013	0.00689	0.00763	0.00175	0.16924	0.00576	0.00330	0.00676
13	0.03273	0.02921	0.09683	0.01638	0.02041	0.03098	0.44903	0.01456	0.01112	0.03521	0.01314	0.10345	0.02632	0.00644	0.00637	0.00174	0.05965	0.03725	0.00292	0.00625
14	0.01862	0.02376	0.01413	0.01284	0.01541	0.80482	0.00963	0.01990	0.01413	0.01220	0.00770	0.00899	0.00642	0.00514	0.00449	0.00128	0.00899	0.00321	0.00257	0.00578
15	0.00607	0.00434	0.00578	0.00694	0.00723	0.00405	0.00463	0.00694	0.00954	0.01272	0.02747	0.82157	0.03297	0.01562	0.00636	0.00202	0.00289	0.01417	0.00463	0.00405
16	0.03145	0.00934	0.01576	0.25078	0.05409	0.02165	0.17501	0.01273	0.02131	0.01384	0.01078	0.03717	0.00922	0.01327	0.20488	0.00321	0.04695	0.00510	0.00259	0.06086
17	0.01100	0.03075	0.01763	0.27161	0.46818	0.01138	0.01382	0.01388	0.01080	0.01478	0.01176	0.01481	0.05840	0.00524	0.00524	0.00156	0.02503	0.00479	0.00251	0.00683
18	0.00866	0.00433	0.00649	0.00649	0.00649	0.00433	0.00433	0.00649	0.00649	0.00866	0.00866	0.01515	0.00866	0.01732	0.01948	0.85498	0.00433	0.00433	0.00216	0.00216
19	0.00965	0.00701	0.00833	0.00820	0.00951	0.00722	0.00597	0.22082	0.01340	0.01791	0.02317	0.59675	0.02617	0.01294	0.00598	0.00188	0.00361	0.01148	0.00473	0.00528
20	0.08114	0.01055	0.07600	0.01027	0.01321	0.05991	0.10091	0.06207	0.01207	0.20640	0.01793	0.22784	0.03153	0.04803	0.00629	0.00184	0.00500	0.01859	0.00423	0.00618
21	0.01056	0.02565	0.74797	0.01412	0.02117	0.06315	0.01784	0.01605	0.01076	0.01555	0.00886	0.01042	0.00632	0.00476	0.00472	0.00156	0.00747	0.00365	0.00213	0.00726
22	0.01141	0.00608	0.00775	0.00683	0.00889	0.00536	0.00530	0.01331	0.01329	0.25538	0.34839	0.07668	0.20169	0.00980	0.00564	0.00161	0.00300	0.00841	0.00546	0.00571
23	0.00612	0.00443	0.00573	0.00672	0.00713	0.00410	0.00451	0.00702	0.00971	0.01284	0.04501	0.71526	0.09560	0.04172	0.00693	0.00208	0.00291	0.01353	0.00459	0.00404
24	0.05203	0.04224	0.01464	0.01323	0.06555	0.51476	0.02908	0.11595	0.03425	0.03191	0.00921	0.01036	0.00732	0.00521	0.00452	0.00135	0.00757	0.00363	0.03082	0.00636
25	0.01135	0.01048	0.01726	0.27385	0.38255	0.01145	0.04097	0.06157	0.01132	0.01570	0.00971	0.01322	0.00788	0.00702	0.05736	0.00199	0.03379	0.00455	0.02122	0.00677
26	0.06605	0.61404	0.14840	0.04228	0.01488	0.01752	0.01013	0.01496	0.01008	0.01309	0.00733	0.00862	0.00633	0.00439	0.00351	0.00120	0.00562	0.00290	0.00219	0.00645
27	0.17305	0.01162	0.04385	0.01020	0.03268	0.06704	0.03849	0.24822	0.04988	0.04954	0.10118	0.07549	0.01441	0.00712	0.00526	0.02947	0.00485	0.00540	0.02575	0.00648
28	0.03927	0.03227	0.03640	0.01317	0.09530	0.19269	0.04739	0.17365	0.15495	0.04078	0.09068	0.01501	0.01290	0.00594	0.00489	0.00147	0.00580	0.00479	0.00390	0.02874
29	0.12681	0.09746	0.01411	0.01074	0.06242	0.09045	0.03368	0.13739	0.01285	0.07599	0.00969	0.01082	0.00758	0.00535	0.01920	0.00135	0.02027	0.00358	0.00334	0.25690
30	0.14032	0.05315	0.01298	0.01267	0.14480	0.03172	0.00862	0.07814	0.26304	0.07849	0.01474	0.01565	0.02922	0.02100	0.00497	0.00157	0.00459	0.01861	0.00400	0.06173

[dist]
# distance from previous block
# <min> <max>
1	17

[block]
# block no. 4 follows, 50 sequences, length 11
# corresponding to MSA columns:
# 237-247
name=unknown_E
#
# <colnr> <probs for GDERKNQSTAVLIFYWHMCP>
#	G	D	E	R	K	N	Q	S	T	A	V	L	I	F	Y	W	H	M	C	P
0	0.17490	0.19605	0.04056	0.00868	0.03098	0.05860	0.00720	0.08881	0.01213	0.01784	0.17959	0.06067	0.03970	0.03215	0.03090	0.00176	0.00476	0.00540	0.00361	0.00573
1	0.01306	0.43597	0.17413	0.01389	0.16037	0.01576	0.01167	0.03741	0.03098	0.05184	0.00888	0.01011	0.00723	0.00459	0.00401	0.00129	0.00575	0.00344	0.00254	0.00706
2	0.00715	0.00510	0.00685	0.00684	0.00753	0.00534	0.00494	0.00844	0.00931	0.01297	0.18332	0.05292	0.04152	0.23763	0.33521	0.03111	0.00761	0.02865	0.00352	0.00404
3	0.01438	0.67588	0.02404	0.00908	0.01329	0.01893	0.00871	0.15722	0.01261	0.01540	0.00787	0.00874	0.00678	0.00459	0.00353	0.00115	0.00536	0.00301	0.00267	0.00678
4	0.01294	0.01033	0.01349	0.12978	0.01708	0.00994	0.06359	0.17317	0.05815	0.06676	0.01091	0.01222	0.00827	0.00473	0.00447	0.00121	0.00489	0.00398	0.00355	0.39051
5	0.01033	0.02348	0.65532	0.01548	0.02241	0.01177	0.15978	0.01582	0.01076	0.01582	0.00916	0.01107	0.00655	0.00464	0.00495	0.00160	0.00756	0.00409	0.00218	0.00725
6	0.01320	0.01586	0.04897	0.03518	0.06095	0.22248	0.42814	0.01637	0.01212	0.01469	0.01029	0.03878	0.00860	0.00523	0.00568	0.00160	0.02591	0.02698	0.00263	0.00635
7	0.00814	0.00593	0.00668	0.00654	0.00712	0.00627	0.00419	0.01091	0.15257	0.01203	0.01712	0.07498	0.01814	0.58441	0.06095	0.00425	0.00500	0.00725	0.00348	0.00406
8	0.01410	0.00782	0.00966	0.00817	0.01059	0.00759	0.00639	0.16810	0.01505	0.26483	0.23549	0.13821	0.04224	0.04061	0.00626	0.00174	0.00375	0.00755	0.00536	0.00648
9	0.52379	0.13595	0.05748	0.00774	0.01140	0.01180	0.00700	0.01656	0.00993	0.16500	0.00943	0.00988	0.00690	0.00487	0.00356	0.00147	0.00436	0.00318	0.00346	0.00624
10	0.17460	0.01364	0.01200	0.00998	0.01310	0.17103	0.00799	0.31872	0.03603	0.07227	0.01250	0.02653	0.03326	0.00601	0.00473	0.00148	0.02176	0.00432	0.05319	0.00685

[dist]
# distance from previous block
# <min> <max>
1	7

[block]
# block no. 5 follows, 50 sequences, length 17
# corresponding to MSA columns:
# 255-271
name=unknown_F
#
# <colnr> <probs for GDERKNQSTAVLIFYWHMCP>
#	G	D	E	R	K	N	Q	S	T	A	V	L	I	F	Y	W	H	M	C	P
0	0.00649	0.00531	0.00577	0.00577	0.00730	0.00474	0.00432	0.00860	0.05266	0.01489	0.16722	0.11286	0.54598	0.01220	0.00591	0.00171	0.00265	0.02636	0.00479	0.00448
1	0.01034	0.00886	0.01034	0.00738	0.01181	0.00664	0.00591	0.01255	0.01034	0.01624	0.00886	0.01034	0.00738	0.00369	0.00369	0.00074	0.00369	0.00295	0.00295	0.85530
2	0.00608	0.00491	0.00544	0.00582	0.00710	0.00427	0.00429	0.00731	0.01089	0.01337	0.04286	0.25172	0.54218	0.01349	0.00608	0.00181	0.00276	0.06083	0.00463	0.00419
3	0.00626	0.00445	0.00588	0.00697	0.00728	0.00419	0.00471	0.00715	0.00950	0.01265	0.02665	0.72888	0.03178	0.06767	0.00762	0.00222	0.00311	0.05451	0.00452	0.00401
4	0.00694	0.00504	0.00655	0.00638	0.00749	0.00465	0.00476	0.00910	0.01345	0.01883	0.65899	0.11588	0.07711	0.01095	0.00596	0.00164	0.00248	0.03385	0.00534	0.00461
5	0.00645	0.00509	0.00582	0.00569	0.00714	0.00446	0.00430	0.00820	0.01253	0.01627	0.36315	0.04367	0.45417	0.01163	0.00592	0.00165	0.00251	0.03194	0.00499	0.00443
6	0.81525	0.00958	0.00755	0.00668	0.00980	0.01098	0.00550	0.01517	0.00879	0.06379	0.00762	0.00857	0.00577	0.00471	0.00319	0.00154	0.00388	0.00282	0.00325	0.00556
7	0.01233	0.00999	0.01068	0.00959	0.01227	0.01137	0.00746	0.02468	0.67210	0.05035	0.06091	0.01952	0.01666	0.00687	0.00503	0.00165	0.00378	0.00574	0.05146	0.00757
8	0.01234	0.01184	0.02023	0.03059	0.79373	0.01184	0.01530	0.01530	0.01135	0.01628	0.00938	0.01234	0.00790	0.00444	0.00493	0.00148	0.00592	0.00444	0.00247	0.00790
9	0.00897	0.00626	0.00868	0.00911	0.05065	0.00613	0.03648	0.03522	0.05187	0.07847	0.04088	0.43408	0.03965	0.10409	0.04671	0.00250	0.00426	0.02665	0.00434	0.00501
10	0.01329	0.74859	0.07552	0.00904	0.01345	0.04609	0.00920	0.01515	0.01029	0.01200	0.00709	0.00819	0.00639	0.00432	0.00334	0.00111	0.00559	0.00275	0.00215	0.00644
11	0.00873	0.00834	0.01598	0.01314	0.01554	0.00787	0.32726	0.01120	0.01075	0.01439	0.02005	0.37454	0.02174	0.01058	0.00624	0.00192	0.00544	0.11732	0.00374	0.00524
12	0.01006	0.00613	0.00748	0.00689	0.00873	0.00567	0.00524	0.02687	0.06255	0.16422	0.26658	0.15637	0.23237	0.01062	0.00572	0.00167	0.00300	0.00915	0.00522	0.00546
13	0.04039	0.16049	0.14697	0.01138	0.01582	0.01239	0.10328	0.08735	0.02810	0.08508	0.00991	0.01121	0.00762	0.00496	0.00530	0.00135	0.07006	0.00387	0.00307	0.19139
14	0.02993	0.09135	0.38228	0.01245	0.01787	0.05623	0.03828	0.18248	0.05471	0.03771	0.02599	0.01169	0.00828	0.00520	0.00467	0.00149	0.00639	0.00402	0.00313	0.02584
15	0.09384	0.01168	0.01236	0.09836	0.06892	0.16434	0.04911	0.04607	0.09891	0.05588	0.10678	0.10006	0.04076	0.00724	0.00529	0.00159	0.02300	0.00602	0.00375	0.00603
16	0.01084	0.01046	0.01629	0.42522	0.24104	0.04583	0.03690	0.02789	0.01098	0.01459	0.05078	0.01393	0.00922	0.00523	0.00545	0.00158	0.03888	0.00463	0.00255	0.02771

[dist]
# distance from previous block
# <min> <max>
0	7

[block]
# block no. 6 follows, 50 sequences, length 37
# corresponding to MSA columns:
# 279-299,302-317
name=unknown_G
#
# <colnr> <probs for GDERKNQSTAVLIFYWHMCP>
#	G	D	E	R	K	N	Q	S	T	A	V	L	I	F	Y	W	H	M	C	P
0	0.01252	0.00991	0.01355	0.28191	0.03237	0.01883	0.05326	0.11379	0.19202	0.08646	0.02864	0.03063	0.02222	0.03213	0.00569	0.00170	0.00532	0.00524	0.02665	0.02716
1	0.06457	0.01000	0.01537	0.49074	0.09173	0.01159	0.05953	0.11593	0.02967	0.01653	0.01025	0.04387	0.00818	0.00545	0.00497	0.00163	0.00616	0.00482	0.00284	0.00619
2	0.04300	0.01034	0.01246	0.07135	0.09409	0.01116	0.00879	0.21359	0.21483	0.12404	0.01773	0.06048	0.05866	0.00684	0.00503	0.00160	0.00459	0.00567	0.02842	0.00734
3	0.08599	0.01073	0.01256	0.01060	0.05542	0.01082	0.00819	0.31332	0.01662	0.26434	0.01523	0.01563	0.03637	0.00608	0.00479	0.00147	0.00468	0.02772	0.00483	0.09462
4	0.12757	0.00979	0.01099	0.00935	0.02592	0.02192	0.04804	0.16732	0.16451	0.01918	0.01336	0.01814	0.01175	0.22490	0.01010	0.00236	0.00480	0.00509	0.00377	0.10112
5	0.00677	0.00531	0.00640	0.00708	0.03385	0.00495	0.00477	0.00868	0.05255	0.01420	0.12686	0.33615	0.28863	0.07134	0.00739	0.00202	0.00300	0.01101	0.00457	0.00445
6	0.02131	0.00916	0.01188	0.00918	0.01296	0.00844	0.00756	0.11593	0.04142	0.66238	0.03376	0.01681	0.01264	0.00624	0.00503	0.00154	0.00435	0.00505	0.00597	0.00839
7	0.01151	0.08378	0.57311	0.01291	0.01917	0.01244	0.01551	0.13602	0.01273	0.01818	0.05159	0.01201	0.00887	0.00519	0.00472	0.00153	0.00664	0.00402	0.00275	0.00732
8	0.01130	0.26230	0.42514	0.01358	0.01945	0.01426	0.13651	0.01546	0.01053	0.01451	0.00846	0.01025	0.00654	0.00461	0.00476	0.00146	0.02802	0.00375	0.00218	0.00692
9	0.00821	0.00470	0.00509	0.00518	0.00582	0.00469	0.00343	0.00951	0.00910	0.01455	0.01690	0.08835	0.01647	0.32556	0.02286	0.00275	0.00349	0.00643	0.44294	0.00396
10	0.56357	0.01310	0.00954	0.00841	0.01146	0.20354	0.00670	0.03950	0.01076	0.08231	0.00830	0.00914	0.00629	0.00491	0.00364	0.00148	0.00518	0.00306	0.00326	0.00583
11	0.02105	0.00838	0.01116	0.00868	0.01235	0.00740	0.00712	0.02354	0.04800	0.71031	0.01936	0.01704	0.01242	0.00614	0.00491	0.00152	0.00412	0.00499	0.05187	0.01963
12	0.03206	0.42430	0.35303	0.01105	0.01659	0.01583	0.01270	0.05652	0.01098	0.01476	0.00806	0.00929	0.00645	0.00457	0.00394	0.00132	0.00617	0.00320	0.00230	0.00690
13	0.01099	0.02403	0.68478	0.01423	0.02114	0.01202	0.05091	0.09373	0.01190	0.01739	0.00930	0.01080	0.00659	0.00484	0.00481	0.00157	0.00722	0.00386	0.00242	0.00745
14	0.00606	0.00504	0.00521	0.00523	0.00677	0.00429	0.00388	0.00732	0.01123	0.01356	0.08046	0.05710	0.69081	0.05809	0.00701	0.00187	0.00269	0.02464	0.00458	0.00417
15	0.01324	0.01455	0.01190	0.01054	0.01241	0.38009	0.07305	0.01438	0.01157	0.02280	0.03907	0.05486	0.05382	0.16268	0.00988	0.05320	0.02158	0.00545	0.03001	0.00491
16	0.00626	0.00450	0.00595	0.00687	0.00734	0.00419	0.00472	0.00737	0.01025	0.01376	0.12821	0.67443	0.05509	0.01477	0.00630	0.00196	0.00286	0.03627	0.00474	0.00416
17	0.01363	0.63409	0.02266	0.00903	0.01279	0.13389	0.00840	0.01548	0.02595	0.01257	0.06428	0.01047	0.00952	0.00487	0.00362	0.00115	0.00563	0.00326	0.00250	0.00621
18	0.01183	0.00829	0.00738	0.00669	0.00847	0.09565	0.00516	0.12603	0.03055	0.01982	0.01476	0.01654	0.01149	0.00578	0.00386	0.00124	0.00357	0.00449	0.61300	0.00541
19	0.01186	0.01060	0.01337	0.22845	0.01895	0.03532	0.02413	0.12140	0.23202	0.01762	0.01506	0.02921	0.05269	0.00702	0.00703	0.00174	0.14135	0.02201	0.00364	0.00651
20	0.01287	0.07919	0.09979	0.09911	0.03600	0.15940	0.34613	0.03117	0.02994	0.01486	0.00929	0.01187	0.00721	0.00478	0.00554	0.00156	0.03761	0.00466	0.00252	0.00650
21	0.03507	0.00860	0.01025	0.02756	0.01180	0.00819	0.00667	0.13454	0.06940	0.16340	0.22723	0.02926	0.03202	0.00683	0.00491	0.00137	0.00377	0.00569	0.00474	0.20870
22	0.01084	0.01040	0.01685	0.39341	0.34499	0.03537	0.02732	0.01389	0.01081	0.01440	0.01033	0.01589	0.00877	0.00539	0.00510	0.00162	0.00630	0.05934	0.00251	0.00647
23	0.10006	0.02752	0.01115	0.00915	0.01152	0.01077	0.00743	0.27064	0.01390	0.07181	0.01226	0.01487	0.00991	0.03002	0.23489	0.00344	0.07109	0.00460	0.07865	0.00629
24	0.00659	0.00484	0.00591	0.00656	0.00724	0.00453	0.00458	0.01818	0.00995	0.01286	0.03029	0.43847	0.19631	0.14636	0.00938	0.00243	0.00333	0.08379	0.00437	0.00403
25	0.01955	0.00842	0.01143	0.06725	0.01390	0.00776	0.00765	0.06765	0.01403	0.61312	0.01921	0.09876	0.01380	0.00704	0.00515	0.00160	0.00435	0.00588	0.00565	0.00781
26	0.01780	0.00917	0.01183	0.06715	0.01433	0.00825	0.00763	0.09732	0.01382	0.44933	0.01515	0.01438	0.01018	0.00539	0.00465	0.00133	0.00439	0.00436	0.00489	0.23865
27	0.77336	0.09339	0.00925	0.00676	0.00996	0.01206	0.00572	0.01468	0.00865	0.02127	0.00694	0.00809	0.00550	0.00459	0.00310	0.00149	0.00401	0.00270	0.00299	0.00550
28	0.01599	0.01245	0.01384	0.09310	0.01663	0.01408	0.00944	0.47173	0.25242	0.02631	0.01417	0.01411	0.01033	0.00612	0.00501	0.00157	0.00514	0.00483	0.00473	0.00800
29	0.16884	0.01252	0.01323	0.01227	0.09349	0.03880	0.00897	0.36240	0.19635	0.02516	0.01259	0.01275	0.00936	0.00573	0.00464	0.00154	0.00499	0.00439	0.00433	0.00764
30	0.01604	0.09248	0.01424	0.01139	0.03126	0.43863	0.00873	0.13652	0.02693	0.01583	0.01301	0.01368	0.08737	0.00586	0.00456	0.00131	0.00691	0.00416	0.00318	0.06791
31	0.01998	0.00991	0.01412	0.01077	0.01449	0.00955	0.08653	0.12486	0.01477	0.55608	0.01668	0.01549	0.01090	0.00613	0.00592	0.00160	0.06380	0.00498	0.00535	0.00808
32	0.09429	0.00553	0.00664	0.00629	0.00764	0.00532	0.00474	0.00976	0.01324	0.01970	0.65349	0.06920	0.06592	0.00994	0.00561	0.00159	0.00253	0.00864	0.00518	0.00473
33	0.01272	0.01264	0.01966	0.04818	0.71885	0.06945	0.01485	0.01557	0.01152	0.01590	0.00924	0.01212	0.00776	0.00450	0.00490	0.00147	0.00616	0.00435	0.00247	0.00768
34	0.00619	0.00443	0.00581	0.00678	0.00716	0.00413	0.00455	0.00714	0.00983	0.01315	0.08309	0.71294	0.05310	0.04751	0.00707	0.00209	0.00292	0.01342	0.00463	0.00406
35	0.01721	0.01290	0.01467	0.01307	0.09454	0.01416	0.00968	0.52673	0.16283	0.06182	0.01358	0.01345	0.00984	0.00598	0.00500	0.00153	0.00519	0.00472	0.00480	0.00831
36	0.01076	0.06898	0.01592	0.64957	0.05297	0.01217	0.01305	0.09121	0.01140	0.01468	0.00905	0.01274	0.00685	0.00502	0.00485	0.00160	0.00641	0.00431	0.00250	0.00597

[dist]
# distance from previous block
# <min> <max>
0	1

[block]
# block no. 7 follows, 50 sequences, length 13
# corresponding to MSA columns:
# 319-331
name=unknown_H
#
# <colnr> <probs for GDERKNQSTAVLIFYWHMCP>
#	G	D	E	R	K	N	Q	S	T	A	V	L	I	F	Y	W	H	M	C	P
0	0.00711	0.00487	0.00592	0.00603	0.00621	0.00500	0.00373	0.00751	0.00760	0.01029	0.01642	0.10557	0.01855	0.61095	0.15894	0.00512	0.00613	0.00758	0.00311	0.00337
1	0.01301	0.74467	0.05383	0.00867	0.01306	0.01857	0.00873	0.01480	0.01016	0.01217	0.00713	0.00824	0.00646	0.00424	0.00329	0.00106	0.00530	0.00272	0.00218	0.06172
2	0.01189	0.01150	0.02001	0.09349	0.66030	0.01162	0.06441	0.01491	0.01121	0.01588	0.00987	0.03425	0.00845	0.00477	0.00504	0.00152	0.00606	0.00480	0.00251	0.00752
3	0.00746	0.00513	0.00674	0.00642	0.00760	0.00473	0.00478	0.00965	0.01369	0.04436	0.69453	0.11024	0.04459	0.01057	0.00590	0.00161	0.00246	0.00937	0.00543	0.00476
4	0.07377	0.00544	0.00564	0.00555	0.00723	0.00499	0.00422	0.00810	0.01105	0.01454	0.10567	0.04124	0.59379	0.01411	0.08072	0.00226	0.00363	0.00929	0.00439	0.00437
5	0.01148	0.04881	0.51871	0.04515	0.07143	0.01103	0.01517	0.04784	0.01136	0.08935	0.01150	0.07558	0.00920	0.00576	0.00487	0.00159	0.00644	0.00472	0.00284	0.00718
6	0.01043	0.00958	0.01519	0.24952	0.26805	0.03528	0.07124	0.01326	0.02211	0.01459	0.01217	0.07028	0.01103	0.07073	0.00664	0.00184	0.00574	0.02382	0.08251	0.00602
7	0.01000	0.00908	0.01498	0.49740	0.15415	0.01039	0.04223	0.04037	0.01108	0.01490	0.07212	0.04934	0.01148	0.00579	0.00509	0.00162	0.00590	0.00527	0.03289	0.00592
8	0.00795	0.03365	0.00825	0.00750	0.00843	0.02445	0.02313	0.00939	0.00859	0.01228	0.01497	0.09643	0.01499	0.18372	0.40279	0.00536	0.02138	0.00632	0.10609	0.00432
9	0.04660	0.00864	0.01339	0.01208	0.07426	0.00923	0.12980	0.02560	0.00971	0.08709	0.01336	0.01923	0.03748	0.18463	0.15014	0.00346	0.13389	0.00555	0.00309	0.03278
10	0.16056	0.01035	0.01072	0.07420	0.01345	0.07240	0.00764	0.11817	0.13668	0.13202	0.01537	0.10688	0.02521	0.02082	0.00557	0.00167	0.03887	0.00559	0.03737	0.00645
11	0.03241	0.01206	0.06797	0.25259	0.10059	0.07842	0.13920	0.07255	0.02427	0.01555	0.01187	0.11191	0.01061	0.00756	0.03902	0.00191	0.00673	0.00573	0.00291	0.00615
12	0.05443	0.26063	0.08186	0.06672	0.02513	0.05240	0.03483	0.04046	0.06751	0.07198	0.01893	0.01205	0.00865	0.00533	0.00506	0.00140	0.06946	0.00388	0.08275	0.03655

[dist]
# distance from previous block
# <min> <max>
12	95

# created by:
# /home/cegg/simao/soft/augustus-3.2.1/scripts/msa2prfl.pl ./align_prep/EOG091G0GUK.fa
