[name]
unknown

[dist]
# distance from previous block
# <min> <max>
1	92

[block]
# block no. 0 follows, 38 sequences, length 17
# corresponding to MSA columns:
# 330-346
name=unknown_A
#
# <colnr> <probs for GDERKNQSTAVLIFYWHMCP>
#	G	D	E	R	K	N	Q	S	T	A	V	L	I	F	Y	W	H	M	C	P
0	0.14170	0.07870	0.03989	0.01272	0.01612	0.11937	0.08502	0.11532	0.04625	0.04007	0.01731	0.19518	0.01689	0.00945	0.00620	0.00196	0.01999	0.02619	0.00441	0.00725
1	0.01396	0.03507	0.08181	0.08418	0.07473	0.01125	0.11360	0.07597	0.03421	0.10694	0.09472	0.15369	0.03705	0.00970	0.00662	0.00203	0.00620	0.04588	0.00478	0.00761
2	0.01449	0.01680	0.13332	0.13191	0.21086	0.06213	0.10750	0.06629	0.01451	0.03516	0.01392	0.01651	0.04452	0.00607	0.00593	0.00176	0.00758	0.00551	0.00338	0.10184
3	0.01257	0.01003	0.01164	0.00927	0.01311	0.00876	0.00722	0.12251	0.01524	0.02201	0.10406	0.12844	0.04637	0.02735	0.00620	0.00153	0.00444	0.00709	0.00466	0.43748
4	0.01358	0.13149	0.02286	0.31343	0.23494	0.01530	0.07378	0.01804	0.06017	0.01749	0.01153	0.01506	0.00919	0.00571	0.00571	0.00180	0.00738	0.00521	0.00303	0.03429
5	0.13819	0.01309	0.01866	0.12790	0.24428	0.04010	0.04194	0.01652	0.01193	0.01863	0.03405	0.04032	0.01087	0.00753	0.00935	0.00208	0.20833	0.00560	0.00317	0.00748
6	0.01423	0.00801	0.01087	0.12518	0.01569	0.00763	0.00808	0.01665	0.01514	0.24539	0.20304	0.09625	0.18728	0.01103	0.00666	0.00198	0.00443	0.00946	0.00596	0.00704
7	0.01330	0.01151	0.01319	0.01221	0.01454	0.01357	0.00960	0.02475	0.47822	0.02172	0.02364	0.12012	0.02078	0.01055	0.00857	0.00224	0.12252	0.06532	0.00547	0.00817
8	0.00833	0.00614	0.00778	0.00737	0.00887	0.00560	0.00553	0.01099	0.01659	0.02308	0.65640	0.04666	0.14889	0.01269	0.00710	0.00191	0.00287	0.01112	0.00648	0.00560
9	0.00768	0.00599	0.00653	0.00655	0.00795	0.00532	0.00459	0.00903	0.01297	0.01633	0.14838	0.09638	0.44842	0.18312	0.01225	0.00286	0.00365	0.01185	0.00531	0.00484
10	0.00763	0.00561	0.00704	0.00806	0.00880	0.00520	0.00563	0.00885	0.01193	0.01548	0.03708	0.51805	0.17075	0.08080	0.00951	0.00267	0.00380	0.08280	0.00542	0.00488
11	0.02150	0.14511	0.01926	0.01470	0.01812	0.65148	0.01142	0.02311	0.01631	0.01464	0.00916	0.01067	0.00774	0.00604	0.00519	0.00151	0.01018	0.00377	0.00302	0.00709
12	0.01463	0.01192	0.01649	0.01190	0.01727	0.00991	0.11768	0.06550	0.01420	0.08086	0.01224	0.01383	0.00952	0.00498	0.00509	0.00121	0.00552	0.00443	0.00397	0.57887
13	0.01942	0.01186	0.01730	0.01356	0.01747	0.03664	0.13766	0.02401	0.10482	0.35094	0.12680	0.02273	0.01973	0.00799	0.00731	0.00196	0.05824	0.00691	0.00590	0.00874
14	0.02363	0.01075	0.01472	0.12736	0.01948	0.01033	0.01019	0.05501	0.06591	0.56461	0.02143	0.01969	0.01390	0.00727	0.00605	0.00189	0.00560	0.00597	0.00657	0.00965
15	0.08324	0.02002	0.12805	0.01647	0.13695	0.28321	0.01234	0.03691	0.01459	0.01943	0.01214	0.01430	0.00964	0.00614	0.00517	0.00164	0.00759	0.00457	0.18018	0.00743
16	0.19553	0.08507	0.02012	0.09411	0.35867	0.07276	0.01401	0.05753	0.01370	0.02100	0.01036	0.01306	0.00846	0.00562	0.00524	0.00176	0.00687	0.00459	0.00325	0.00828

[dist]
# distance from previous block
# <min> <max>
0	8

[block]
# block no. 1 follows, 38 sequences, length 39
# corresponding to MSA columns:
# 355-388,391-395
name=unknown_B
#
# <colnr> <probs for GDERKNQSTAVLIFYWHMCP>
#	G	D	E	R	K	N	Q	S	T	A	V	L	I	F	Y	W	H	M	C	P
0	0.08017	0.01134	0.01460	0.01128	0.01573	0.01081	0.03900	0.14196	0.01810	0.50533	0.02038	0.01871	0.01334	0.00715	0.00580	0.00183	0.00538	0.00577	0.06375	0.00957
1	0.02609	0.01757	0.15198	0.12215	0.30296	0.10125	0.01608	0.01805	0.03177	0.01835	0.04050	0.01814	0.05976	0.00682	0.00658	0.00188	0.04297	0.00570	0.00325	0.00813
2	0.01670	0.04340	0.06020	0.05030	0.35553	0.09503	0.02601	0.06556	0.05766	0.09243	0.06647	0.01734	0.01361	0.00647	0.00594	0.00179	0.00701	0.00566	0.00402	0.00887
3	0.01022	0.11579	0.06221	0.07702	0.01429	0.04115	0.00865	0.01269	0.04288	0.01567	0.02431	0.46172	0.02742	0.04839	0.00775	0.00231	0.00512	0.01196	0.00455	0.00593
4	0.00874	0.00586	0.00669	0.00669	0.00673	0.00590	0.00380	0.00883	0.00879	0.01176	0.01884	0.03872	0.02159	0.75821	0.06062	0.00599	0.00625	0.00865	0.00363	0.00372
5	0.01281	0.07185	0.49085	0.05113	0.05879	0.01500	0.13689	0.01859	0.01275	0.01842	0.01074	0.01336	0.00799	0.00583	0.00661	0.00193	0.05037	0.00493	0.00265	0.00850
6	0.01556	0.09077	0.07306	0.05900	0.52034	0.10222	0.01708	0.01899	0.01382	0.01835	0.01074	0.01382	0.00896	0.00549	0.00568	0.00173	0.00766	0.00492	0.00291	0.00891
7	0.01311	0.01355	0.01200	0.01140	0.01293	0.24173	0.00861	0.01479	0.01182	0.01397	0.01395	0.02096	0.01322	0.11467	0.41366	0.00641	0.04841	0.00585	0.00320	0.00573
8	0.01755	0.00750	0.00904	0.00771	0.01043	0.00692	0.00612	0.02016	0.01457	0.31944	0.03655	0.02211	0.01607	0.00730	0.00501	0.00160	0.00374	0.00590	0.47479	0.00749
9	0.02146	0.01797	0.28923	0.01309	0.01931	0.01074	0.01380	0.02552	0.01555	0.48265	0.01894	0.01760	0.01220	0.00681	0.00593	0.00188	0.00652	0.00546	0.00563	0.00974
10	0.01247	0.01069	0.01247	0.00891	0.01426	0.00802	0.00713	0.01515	0.01247	0.01960	0.01069	0.01247	0.00891	0.00446	0.00446	0.00089	0.00446	0.00356	0.00356	0.82536
11	0.00730	0.00570	0.00663	0.00725	0.00846	0.00503	0.00511	0.00868	0.01289	0.01632	0.09066	0.39727	0.37380	0.01674	0.00738	0.00222	0.00324	0.01465	0.00565	0.00503
12	0.00743	0.00528	0.00695	0.00825	0.00857	0.00495	0.00545	0.00840	0.01132	0.01510	0.03216	0.73256	0.03854	0.07265	0.00928	0.00268	0.00365	0.01652	0.00545	0.00480
13	0.01256	0.01227	0.01727	0.01498	0.01513	0.01698	0.01242	0.01398	0.00927	0.01441	0.00898	0.01455	0.00884	0.01510	0.11830	0.00356	0.67684	0.00542	0.00271	0.00642
14	0.00738	0.00528	0.00703	0.00834	0.00874	0.00492	0.00559	0.00851	0.01177	0.01576	0.06608	0.75058	0.04057	0.01855	0.00765	0.00242	0.00346	0.01682	0.00563	0.00492
15	0.04649	0.01135	0.01450	0.01114	0.01580	0.01056	0.00921	0.14322	0.01884	0.62022	0.02184	0.01923	0.01392	0.00736	0.00599	0.00185	0.00535	0.00588	0.00712	0.01014
16	0.83108	0.01163	0.00884	0.00791	0.01163	0.01350	0.00651	0.01768	0.01024	0.02699	0.00838	0.00977	0.00651	0.00558	0.00372	0.00186	0.00465	0.00326	0.00372	0.00651
17	0.00802	0.00600	0.00754	0.00807	0.00917	0.00573	0.00596	0.00965	0.01244	0.01629	0.10784	0.25310	0.21786	0.09579	0.10764	0.00359	0.00546	0.10960	0.00519	0.00505
18	0.01765	0.16016	0.15351	0.01710	0.13025	0.01578	0.05709	0.16144	0.04708	0.12425	0.01400	0.01496	0.01035	0.00622	0.00555	0.00174	0.00682	0.00509	0.04191	0.00905
19	0.00841	0.00614	0.00792	0.00761	0.00903	0.00565	0.00573	0.01109	0.01648	0.02303	0.64748	0.07212	0.10686	0.01289	0.00716	0.00195	0.00297	0.03542	0.00647	0.00560
20	0.01680	0.14224	0.08313	0.04120	0.05306	0.10070	0.01196	0.13262	0.31020	0.02302	0.01636	0.01644	0.01250	0.00689	0.00562	0.00180	0.00658	0.00536	0.00461	0.00890
21	0.00788	0.00597	0.00727	0.00727	0.00868	0.00536	0.00533	0.01001	0.01506	0.02022	0.41613	0.17945	0.26076	0.01433	0.00720	0.00203	0.00302	0.01252	0.00613	0.00536
22	0.00811	0.00600	0.00740	0.00728	0.00858	0.00547	0.00527	0.01023	0.01501	0.02045	0.46336	0.13554	0.19152	0.07797	0.00912	0.00231	0.00321	0.01181	0.00604	0.00529
23	0.01376	0.04694	0.02531	0.09010	0.40107	0.01398	0.19727	0.01751	0.01352	0.01876	0.03621	0.04863	0.01219	0.00733	0.02938	0.00212	0.00793	0.00641	0.00319	0.00841
24	0.01496	0.01292	0.01360	0.01224	0.01564	0.01496	0.00952	0.03197	0.74019	0.02516	0.02448	0.02244	0.01836	0.00816	0.00612	0.00204	0.00476	0.00680	0.00612	0.00952
25	0.01447	0.33182	0.28259	0.01514	0.05154	0.05133	0.06516	0.01938	0.05722	0.01747	0.03451	0.01337	0.01009	0.00581	0.00514	0.00165	0.00756	0.00450	0.00298	0.00824
26	0.01511	0.01289	0.04723	0.01455	0.07023	0.01381	0.02711	0.27577	0.01693	0.02349	0.01392	0.01812	0.01173	0.03988	0.27412	0.00477	0.10260	0.00583	0.00413	0.00777
27	0.04745	0.02458	0.52762	0.01509	0.02223	0.01267	0.04417	0.04695	0.01382	0.04270	0.06738	0.01922	0.07608	0.00709	0.00592	0.00191	0.00761	0.00575	0.00345	0.00830
28	0.71013	0.01307	0.01042	0.00987	0.04341	0.06211	0.00756	0.04868	0.01159	0.02636	0.00882	0.01026	0.00688	0.00568	0.00402	0.00184	0.00524	0.00348	0.00375	0.00683
29	0.01419	0.04504	0.05496	0.02151	0.02585	0.04229	0.45366	0.01804	0.01278	0.01758	0.01069	0.01482	0.00863	0.00666	0.01040	0.00215	0.22395	0.00624	0.00290	0.00766
30	0.02622	0.01008	0.01366	0.01053	0.01508	0.00870	0.00868	0.02852	0.01708	0.72674	0.02517	0.02192	0.04317	0.00775	0.00609	0.00187	0.00504	0.00631	0.00737	0.01004
31	0.01375	0.01324	0.02288	0.26768	0.49827	0.01404	0.04774	0.01753	0.01320	0.01829	0.01116	0.01531	0.00904	0.00555	0.00602	0.00187	0.00755	0.00543	0.00288	0.00858
32	0.07226	0.09878	0.12803	0.09745	0.27419	0.03602	0.01524	0.06646	0.11579	0.02089	0.01265	0.01469	0.00993	0.00601	0.00556	0.00181	0.00697	0.00502	0.00353	0.00872
33	0.00827	0.00568	0.00743	0.00831	0.00913	0.00534	0.00578	0.00954	0.01186	0.04703	0.03463	0.58357	0.12719	0.02049	0.08228	0.00308	0.00475	0.01501	0.00543	0.00519
34	0.00984	0.00657	0.00855	0.00900	0.01057	0.00613	0.00722	0.01205	0.01425	0.07173	0.16981	0.18230	0.17168	0.01528	0.00759	0.00235	0.00419	0.27928	0.00589	0.00571
35	0.01374	0.10880	0.51133	0.01724	0.05514	0.01453	0.07553	0.01940	0.01317	0.06957	0.01234	0.01533	0.00934	0.00611	0.00576	0.00187	0.00827	0.03081	0.00305	0.00870
36	0.01300	0.04726	0.12026	0.01208	0.03819	0.10802	0.01017	0.10677	0.03434	0.01984	0.09821	0.19784	0.08306	0.04495	0.03667	0.00242	0.00638	0.00904	0.00462	0.00688
37	0.00842	0.00608	0.00818	0.00937	0.01034	0.00584	0.00733	0.01036	0.01300	0.01709	0.07618	0.38077	0.08328	0.01726	0.00789	0.00253	0.00432	0.32089	0.00563	0.00523
38	0.01618	0.20518	0.27683	0.03653	0.11031	0.07976	0.01547	0.04978	0.01415	0.09099	0.01158	0.01301	0.00878	0.00577	0.00528	0.00166	0.00758	0.00440	0.00333	0.04343

[dist]
# distance from previous block
# <min> <max>
0	1

[block]
# block no. 2 follows, 38 sequences, length 27
# corresponding to MSA columns:
# 397-423
name=unknown_C
#
# <colnr> <probs for GDERKNQSTAVLIFYWHMCP>
#	G	D	E	R	K	N	Q	S	T	A	V	L	I	F	Y	W	H	M	C	P
0	0.05320	0.10050	0.01810	0.01462	0.05955	0.22991	0.06637	0.05824	0.04484	0.07463	0.01597	0.11361	0.03354	0.00820	0.00654	0.00181	0.05004	0.00649	0.00406	0.03979
1	0.01437	0.01201	0.01288	0.01130	0.01476	0.01319	0.00880	0.05679	0.53784	0.02451	0.04219	0.04543	0.01839	0.00804	0.00588	0.00186	0.00461	0.00670	0.04657	0.11389
2	0.01581	0.72088	0.06379	0.01133	0.01669	0.02295	0.04574	0.01812	0.01234	0.01462	0.00866	0.01010	0.00778	0.00517	0.00410	0.00135	0.00672	0.00346	0.00259	0.00779
3	0.04577	0.00887	0.01188	0.01023	0.01359	0.00801	0.00838	0.02242	0.01578	0.46807	0.07683	0.10667	0.02378	0.01059	0.00664	0.00209	0.00486	0.14042	0.00673	0.00838
4	0.00748	0.00593	0.00673	0.00691	0.00845	0.00518	0.00503	0.00921	0.01402	0.01788	0.21353	0.20496	0.44281	0.01530	0.00722	0.00208	0.00309	0.01319	0.00582	0.00518
5	0.00770	0.00604	0.00696	0.00690	0.00853	0.00530	0.00511	0.00971	0.01485	0.01935	0.33584	0.11826	0.40525	0.01438	0.00716	0.00201	0.00300	0.01236	0.00600	0.00530
6	0.00819	0.00609	0.00761	0.00732	0.00881	0.00552	0.00546	0.01068	0.01612	0.02218	0.58049	0.08337	0.18956	0.01318	0.00713	0.00195	0.00291	0.01153	0.00637	0.00552
7	0.06062	0.01006	0.01339	0.01040	0.01482	0.00885	0.00855	0.02775	0.01691	0.68040	0.06603	0.02146	0.01701	0.00765	0.00601	0.00186	0.00496	0.00622	0.00724	0.00981
8	0.83108	0.01163	0.00884	0.00791	0.01163	0.01350	0.00651	0.01768	0.01024	0.02699	0.00838	0.00977	0.00651	0.00558	0.00372	0.00186	0.00465	0.00326	0.00372	0.00651
9	0.83108	0.01163	0.00884	0.00791	0.01163	0.01350	0.00651	0.01768	0.01024	0.02699	0.00838	0.00977	0.00651	0.00558	0.00372	0.00186	0.00465	0.00326	0.00372	0.00651
10	0.01637	0.75845	0.03088	0.01052	0.01558	0.05655	0.01035	0.01828	0.01244	0.01418	0.00840	0.00970	0.00772	0.00519	0.00393	0.00130	0.00663	0.00325	0.00260	0.00769
11	0.83108	0.01163	0.00884	0.00791	0.01163	0.01350	0.00651	0.01768	0.01024	0.02699	0.00838	0.00977	0.00651	0.00558	0.00372	0.00186	0.00465	0.00326	0.00372	0.00651
12	0.01556	0.01279	0.01362	0.01217	0.01563	0.01466	0.00949	0.03183	0.70405	0.06166	0.02445	0.02235	0.01819	0.00813	0.00612	0.00203	0.00478	0.00676	0.00619	0.00956
13	0.00849	0.00611	0.00786	0.00849	0.00935	0.00586	0.00594	0.04986	0.01381	0.01876	0.20615	0.56109	0.04225	0.01660	0.00744	0.00227	0.00351	0.01493	0.00586	0.00538
14	0.01734	0.01466	0.02139	0.01651	0.02080	0.01552	0.21828	0.35019	0.05658	0.02761	0.01674	0.08862	0.01435	0.00841	0.00723	0.00203	0.04128	0.04886	0.00495	0.00866
15	0.01273	0.15781	0.63658	0.01601	0.02427	0.01561	0.02024	0.01888	0.01262	0.01824	0.01039	0.01219	0.00764	0.00562	0.00541	0.00180	0.00848	0.00424	0.00255	0.00870
16	0.01328	0.00828	0.01023	0.00906	0.01150	0.00811	0.00702	0.01881	0.16105	0.16327	0.44957	0.03611	0.05766	0.01062	0.00670	0.00192	0.00366	0.00919	0.00665	0.00730
17	0.00806	0.00607	0.00745	0.00723	0.00874	0.00546	0.00537	0.01042	0.01577	0.02143	0.51601	0.09860	0.24028	0.01353	0.00714	0.00197	0.00294	0.01179	0.00628	0.00546
18	0.01573	0.01331	0.01404	0.01240	0.01594	0.01532	0.00971	0.10014	0.67076	0.02641	0.02351	0.02166	0.01757	0.00807	0.00611	0.00202	0.00494	0.00667	0.00611	0.00959
19	0.83108	0.01163	0.00884	0.00791	0.01163	0.01350	0.00651	0.01768	0.01024	0.02699	0.00838	0.00977	0.00651	0.00558	0.00372	0.00186	0.00465	0.00326	0.00372	0.00651
20	0.00763	0.00549	0.00729	0.00855	0.00912	0.00515	0.00600	0.00896	0.01209	0.01606	0.06466	0.64610	0.06758	0.01818	0.00770	0.00244	0.00367	0.09270	0.00562	0.00500
21	0.00849	0.00633	0.00893	0.01105	0.06311	0.00608	0.00750	0.01020	0.01245	0.01664	0.05950	0.52894	0.03705	0.01708	0.00768	0.00245	0.00422	0.18148	0.00543	0.00541
22	0.01204	0.01106	0.01804	0.72903	0.04008	0.01368	0.01639	0.05782	0.01299	0.01671	0.01091	0.01594	0.00815	0.00609	0.00601	0.00199	0.00794	0.00535	0.00287	0.00689
23	0.01250	0.01117	0.01875	0.64045	0.13834	0.01330	0.01662	0.01638	0.01248	0.04686	0.01132	0.01607	0.00851	0.00598	0.00601	0.00197	0.00778	0.00538	0.00291	0.00722
24	0.03914	0.03764	0.12504	0.03531	0.03827	0.09341	0.05467	0.03844	0.03052	0.13154	0.04426	0.03665	0.01321	0.01217	0.11110	0.00284	0.04036	0.00564	0.00408	0.10572
25	0.07297	0.62166	0.09152	0.01215	0.04517	0.02164	0.03041	0.01813	0.01223	0.01582	0.00879	0.01030	0.00773	0.00523	0.00418	0.00142	0.00664	0.00351	0.00268	0.00782
26	0.13514	0.08022	0.19713	0.09100	0.02160	0.08156	0.09294	0.05381	0.01376	0.05548	0.02695	0.04612	0.04306	0.00700	0.00603	0.00188	0.02947	0.00563	0.00358	0.00765

[dist]
# distance from previous block
# <min> <max>
0	6

[block]
# block no. 3 follows, 38 sequences, length 21
# corresponding to MSA columns:
# 440-451,453-461
name=unknown_D
#
# <colnr> <probs for GDERKNQSTAVLIFYWHMCP>
#	G	D	E	R	K	N	Q	S	T	A	V	L	I	F	Y	W	H	M	C	P
0	0.01371	0.01340	0.04370	0.17733	0.30915	0.02771	0.10916	0.03136	0.01358	0.03738	0.01377	0.07607	0.01214	0.00682	0.00618	0.00187	0.00725	0.02366	0.00340	0.07237
1	0.01003	0.00682	0.00724	0.00711	0.00865	0.00684	0.00513	0.01403	0.11801	0.01927	0.06438	0.08519	0.18930	0.13607	0.00977	0.00245	0.00368	0.00893	0.29140	0.00569
2	0.01247	0.01069	0.01247	0.00891	0.01426	0.00802	0.00713	0.01515	0.01247	0.01960	0.01069	0.01247	0.00891	0.00446	0.00446	0.00089	0.00446	0.00356	0.00356	0.82536
3	0.00725	0.00594	0.00633	0.00655	0.00820	0.00509	0.00475	0.00868	0.01327	0.01619	0.07680	0.18322	0.57865	0.04180	0.00800	0.00223	0.00321	0.01327	0.00555	0.00502
4	0.70310	0.01123	0.00906	0.00828	0.01172	0.01293	0.00667	0.01806	0.06692	0.02593	0.01157	0.07164	0.01005	0.00683	0.00422	0.00192	0.00457	0.00462	0.00405	0.00662
5	0.00803	0.00596	0.00684	0.00682	0.00791	0.00546	0.00466	0.00939	0.01288	0.01688	0.23293	0.10560	0.27444	0.25915	0.01458	0.00323	0.00391	0.01130	0.00526	0.00477
6	0.00727	0.00569	0.00659	0.00722	0.00844	0.00501	0.00509	0.00862	0.01282	0.01615	0.07539	0.39758	0.38915	0.01681	0.00738	0.00222	0.00325	0.01469	0.00563	0.00501
7	0.01247	0.01069	0.01247	0.00891	0.01426	0.00802	0.00713	0.01515	0.01247	0.01960	0.01069	0.01247	0.00891	0.00446	0.00446	0.00089	0.00446	0.00356	0.00356	0.82536
8	0.00771	0.00562	0.00728	0.00832	0.00896	0.00531	0.00568	0.00950	0.03597	0.01672	0.11630	0.64721	0.06773	0.01761	0.00754	0.00235	0.00344	0.01588	0.00572	0.00514
9	0.83108	0.01163	0.00884	0.00791	0.01163	0.01350	0.00651	0.01768	0.01024	0.02699	0.00838	0.00977	0.00651	0.00558	0.00372	0.00186	0.00465	0.00326	0.00372	0.00651
10	0.03209	0.01569	0.10000	0.25440	0.15290	0.03222	0.10508	0.12507	0.06382	0.04150	0.01275	0.01557	0.00954	0.00611	0.00606	0.00191	0.00772	0.00552	0.00365	0.00840
11	0.01560	0.01375	0.01549	0.07302	0.01830	0.05013	0.02712	0.13329	0.39697	0.02397	0.01952	0.04921	0.01563	0.00856	0.00773	0.00208	0.09269	0.02309	0.00520	0.00865
12	0.02088	0.02489	0.01588	0.01428	0.01730	0.61057	0.01079	0.07816	0.01772	0.01765	0.06745	0.01433	0.01211	0.00679	0.00554	0.00159	0.00951	0.00462	0.04287	0.00706
13	0.04262	0.01683	0.07606	0.05251	0.04948	0.05853	0.06774	0.28163	0.24040	0.02762	0.01626	0.01663	0.01203	0.00698	0.00600	0.00190	0.00677	0.00573	0.00503	0.00925
14	0.01017	0.00729	0.00871	0.00858	0.01016	0.00714	0.00625	0.06775	0.07172	0.04765	0.19423	0.32632	0.14478	0.05052	0.00822	0.00231	0.00379	0.01252	0.00587	0.00601
15	0.07258	0.01158	0.01379	0.01086	0.01494	0.01148	0.00883	0.22836	0.01945	0.39116	0.07667	0.02093	0.01666	0.04402	0.00707	0.00202	0.00531	0.00619	0.02888	0.00921
16	0.01581	0.05349	0.04654	0.10157	0.15456	0.09278	0.06080	0.14700	0.01575	0.02097	0.01243	0.01690	0.01041	0.00786	0.02467	0.00204	0.09414	0.03867	0.02995	0.05365
17	0.01826	0.01347	0.01688	0.05138	0.11131	0.03254	0.03555	0.19425	0.20734	0.14436	0.03287	0.01992	0.01451	0.00895	0.03499	0.00222	0.02254	0.02411	0.00539	0.00917
18	0.00794	0.00588	0.00792	0.06747	0.01114	0.00577	0.00633	0.00932	0.01186	0.01579	0.08831	0.53970	0.06378	0.09733	0.00989	0.00271	0.00407	0.03454	0.00524	0.00499
19	0.00904	0.00696	0.00894	0.00874	0.00916	0.00782	0.00614	0.00993	0.00975	0.01338	0.02190	0.13218	0.07715	0.36246	0.17388	0.00541	0.11945	0.00918	0.00382	0.00470
20	0.11298	0.01207	0.01277	0.05387	0.04326	0.08363	0.00867	0.05781	0.01353	0.06736	0.01586	0.12978	0.02850	0.03338	0.00680	0.00177	0.03635	0.00643	0.00417	0.27101

[dist]
# distance from previous block
# <min> <max>
2	9

[block]
# block no. 4 follows, 38 sequences, length 29
# corresponding to MSA columns:
# 471-499
name=unknown_E
#
# <colnr> <probs for GDERKNQSTAVLIFYWHMCP>
#	G	D	E	R	K	N	Q	S	T	A	V	L	I	F	Y	W	H	M	C	P
0	0.01770	0.13252	0.17268	0.08761	0.04561	0.19809	0.01376	0.09837	0.03904	0.08707	0.04315	0.01477	0.01113	0.00645	0.00555	0.00172	0.00789	0.00485	0.00382	0.00822
1	0.01435	0.11610	0.11687	0.06597	0.14707	0.01523	0.08881	0.12346	0.02733	0.02017	0.01382	0.01680	0.03651	0.01167	0.10705	0.00289	0.05877	0.00558	0.00347	0.00809
2	0.01036	0.00898	0.05434	0.00985	0.04610	0.00748	0.00761	0.04547	0.03277	0.04620	0.45719	0.03958	0.15390	0.01123	0.00675	0.00187	0.00379	0.00972	0.00590	0.04091
3	0.04787	0.01414	0.05778	0.23777	0.31206	0.01451	0.11973	0.01732	0.01268	0.01818	0.01079	0.01492	0.00867	0.00602	0.00736	0.00197	0.08179	0.00547	0.00288	0.00809
4	0.06490	0.02325	0.09119	0.03823	0.01793	0.01294	0.11347	0.09208	0.03809	0.07167	0.01580	0.10699	0.01404	0.00928	0.00920	0.03324	0.14552	0.01994	0.07491	0.00733
5	0.00911	0.00627	0.00789	0.00846	0.00990	0.00574	0.00652	0.01093	0.01345	0.06116	0.08596	0.29450	0.24946	0.01611	0.00753	0.00233	0.00393	0.18951	0.00575	0.00548
6	0.05634	0.01083	0.01276	0.01060	0.01435	0.01082	0.00858	0.11787	0.15696	0.32568	0.06605	0.02753	0.10368	0.00908	0.00624	0.00195	0.00488	0.04046	0.00648	0.00886
7	0.01751	0.23574	0.20053	0.01631	0.10658	0.12365	0.01431	0.06829	0.02536	0.10299	0.01183	0.01301	0.00907	0.00603	0.00557	0.00168	0.02502	0.00443	0.00353	0.00857
8	0.02589	0.01021	0.01361	0.01051	0.01498	0.00901	0.00866	0.05462	0.01735	0.68433	0.02314	0.02037	0.01475	0.00741	0.00594	0.00183	0.00504	0.00600	0.05639	0.00996
9	0.01825	0.01134	0.01310	0.01118	0.01470	0.01197	0.00883	0.09948	0.33593	0.23973	0.06722	0.07732	0.02027	0.00884	0.00620	0.00196	0.00479	0.00739	0.03240	0.00911
10	0.00894	0.00807	0.06256	0.01035	0.01197	0.00675	0.00894	0.01138	0.01276	0.01691	0.03108	0.28181	0.06686	0.01833	0.05771	0.00303	0.00573	0.36607	0.00519	0.00555
11	0.02459	0.01169	0.01464	0.01126	0.01594	0.01098	0.00926	0.16608	0.05174	0.52847	0.02100	0.01880	0.01370	0.00722	0.00593	0.00179	0.00535	0.00578	0.00683	0.06893
12	0.00848	0.00622	0.00735	0.00735	0.00904	0.00551	0.00556	0.01048	0.01462	0.04545	0.26900	0.14045	0.36918	0.01457	0.00722	0.00208	0.00329	0.06270	0.00597	0.00546
13	0.00768	0.00585	0.00706	0.00731	0.00861	0.00523	0.00527	0.00952	0.01423	0.01878	0.29723	0.27412	0.28674	0.01529	0.00728	0.00211	0.00311	0.01339	0.00595	0.00523
14	0.01444	0.04324	0.07049	0.18946	0.37530	0.01397	0.06870	0.01814	0.01327	0.06662	0.01250	0.03963	0.01024	0.00622	0.00646	0.00189	0.03190	0.00576	0.00324	0.00851
15	0.41185	0.14071	0.20740	0.01126	0.01654	0.06276	0.01159	0.01888	0.01186	0.04650	0.00957	0.01094	0.00735	0.00565	0.00445	0.00176	0.00644	0.00369	0.00332	0.00748
16	0.01362	0.01973	0.25688	0.06317	0.10916	0.10494	0.07746	0.04477	0.03782	0.01992	0.11522	0.01955	0.02951	0.00797	0.02549	0.00205	0.00779	0.00602	0.03103	0.00788
17	0.01397	0.01172	0.01400	0.05951	0.08339	0.01313	0.01020	0.09737	0.39973	0.02324	0.02263	0.15528	0.01975	0.01097	0.03509	0.00235	0.00557	0.00825	0.00541	0.00845
18	0.01245	0.01282	0.06745	0.11472	0.25283	0.01200	0.09213	0.01777	0.09737	0.02067	0.19317	0.02431	0.04069	0.00769	0.00640	0.00191	0.00627	0.00718	0.00423	0.00793
19	0.01368	0.01083	0.01392	0.01253	0.06294	0.01049	0.02873	0.09852	0.08824	0.04421	0.01560	0.03700	0.01357	0.01288	0.10729	0.04673	0.02653	0.05327	0.00424	0.29879
20	0.01005	0.00773	0.01157	0.05744	0.05305	0.00754	0.05979	0.01278	0.03771	0.05123	0.12560	0.32735	0.09932	0.01401	0.00727	0.00224	0.00468	0.09923	0.00532	0.00608
21	0.05409	0.62141	0.02802	0.01098	0.01583	0.10021	0.01034	0.07000	0.01379	0.01651	0.00890	0.01013	0.00785	0.00543	0.00417	0.00138	0.00683	0.00345	0.00293	0.00777
22	0.01059	0.00694	0.00871	0.00795	0.00986	0.00641	0.00606	0.04285	0.01690	0.09036	0.53695	0.06712	0.14158	0.01224	0.00697	0.00192	0.00325	0.01065	0.00650	0.00618
23	0.00831	0.00612	0.00783	0.00878	0.00989	0.00578	0.00681	0.01011	0.01289	0.01664	0.06347	0.28984	0.18582	0.06311	0.00915	0.00266	0.00429	0.27786	0.00549	0.00513
24	0.01358	0.01669	0.14646	0.16889	0.34930	0.01438	0.13788	0.01797	0.01313	0.01849	0.01113	0.01490	0.00880	0.00569	0.00664	0.00192	0.03728	0.00549	0.00285	0.00854
25	0.00768	0.00610	0.00678	0.00668	0.00831	0.00543	0.00489	0.00936	0.01368	0.01735	0.20354	0.05109	0.47835	0.09665	0.05512	0.00285	0.00408	0.01151	0.00547	0.00508
26	0.01446	0.17314	0.26971	0.02265	0.23920	0.05176	0.10950	0.01894	0.01330	0.01809	0.01058	0.01312	0.00841	0.00544	0.00559	0.00175	0.00815	0.00479	0.00277	0.00866
27	0.20972	0.00874	0.00940	0.00826	0.01090	0.00869	0.00636	0.05294	0.01425	0.02332	0.30492	0.06848	0.03004	0.05703	0.03146	0.00224	0.00438	0.00763	0.00506	0.13619
28	0.01078	0.05996	0.16877	0.01093	0.01412	0.02108	0.01039	0.01409	0.03731	0.04899	0.07457	0.22851	0.14610	0.01249	0.00752	0.00214	0.05145	0.06955	0.00470	0.00656

[dist]
# distance from previous block
# <min> <max>
0	57

[block]
# block no. 5 follows, 38 sequences, length 41
# corresponding to MSA columns:
# 557-566,571-580,583-592,594-604
name=unknown_F
#
# <colnr> <probs for GDERKNQSTAVLIFYWHMCP>
#	G	D	E	R	K	N	Q	S	T	A	V	L	I	F	Y	W	H	M	C	P
0	0.04265	0.01534	0.10005	0.06733	0.19810	0.04775	0.06034	0.06436	0.01439	0.05458	0.03043	0.01472	0.01032	0.00559	0.00550	0.00156	0.00664	0.00487	0.00362	0.25183
1	0.17158	0.04845	0.26922	0.01319	0.01871	0.01356	0.04740	0.09372	0.03660	0.04463	0.03340	0.04881	0.03003	0.00701	0.00598	0.00185	0.03600	0.00542	0.00383	0.07062
2	0.01415	0.05225	0.06090	0.12968	0.38515	0.01487	0.21829	0.01828	0.01350	0.01868	0.01131	0.01507	0.00904	0.00537	0.00617	0.00187	0.00815	0.00570	0.00292	0.00864
3	0.01295	0.01098	0.01273	0.00914	0.01446	0.00851	0.00733	0.04823	0.01320	0.02045	0.01087	0.01257	0.00897	0.00458	0.00453	0.00093	0.00456	0.00365	0.00368	0.78769
4	0.00834	0.00639	0.00767	0.00731	0.00899	0.00586	0.00549	0.01133	0.04390	0.02181	0.51433	0.04795	0.26243	0.01302	0.00706	0.00194	0.00297	0.01127	0.00629	0.00565
5	0.00867	0.00615	0.00817	0.00817	0.00872	0.00670	0.00565	0.00978	0.00922	0.01285	0.01749	0.03123	0.01834	0.40419	0.41018	0.00782	0.01115	0.00756	0.00343	0.00454
6	0.21647	0.01100	0.01302	0.01025	0.01469	0.01058	0.00846	0.07238	0.01629	0.53655	0.01950	0.01756	0.01261	0.00699	0.00550	0.00186	0.00511	0.00535	0.00647	0.00936
7	0.00878	0.00601	0.00788	0.00843	0.00954	0.00558	0.00623	0.01069	0.01388	0.04807	0.24585	0.37712	0.09997	0.01585	0.00748	0.00227	0.00361	0.11136	0.00596	0.00544
8	0.29011	0.01355	0.01291	0.01119	0.01458	0.10921	0.05164	0.09423	0.09896	0.04681	0.04784	0.03398	0.04915	0.00799	0.00546	0.00191	0.00583	0.05705	0.04031	0.00728
9	0.38119	0.01327	0.03680	0.04453	0.10435	0.01384	0.04415	0.13033	0.03667	0.10350	0.01241	0.01359	0.00914	0.00612	0.00499	0.00185	0.00579	0.00461	0.02481	0.00807
10	0.00769	0.00572	0.00701	0.00760	0.00856	0.00522	0.00532	0.00916	0.01294	0.01701	0.17350	0.38371	0.21573	0.07961	0.00932	0.00253	0.00351	0.03526	0.00562	0.00500
11	0.01345	0.09799	0.28350	0.23760	0.04999	0.01563	0.05640	0.07589	0.01355	0.01867	0.01066	0.01381	0.00812	0.00623	0.00692	0.00193	0.07381	0.00491	0.00292	0.00802
12	0.01054	0.00572	0.00891	0.00851	0.00886	0.00567	0.03677	0.00865	0.00847	0.01157	0.01174	0.04449	0.01163	0.01948	0.02133	0.72178	0.00526	0.00573	0.04182	0.00307
13	0.83108	0.01163	0.00884	0.00791	0.01163	0.01350	0.00651	0.01768	0.01024	0.02699	0.00838	0.00977	0.00651	0.00558	0.00372	0.00186	0.00465	0.00326	0.00372	0.00651
14	0.02105	0.01030	0.01294	0.01048	0.01421	0.00975	0.00843	0.15802	0.01850	0.42094	0.10302	0.10957	0.05633	0.00958	0.00639	0.00193	0.00488	0.00801	0.00679	0.00890
15	0.00882	0.00583	0.00741	0.00753	0.00778	0.00603	0.00482	0.00902	0.00905	0.01229	0.01843	0.09451	0.02044	0.47084	0.18163	0.11180	0.00772	0.00850	0.00358	0.00398
16	0.01272	0.01211	0.05082	0.60043	0.09223	0.01361	0.01646	0.03552	0.01273	0.04870	0.01130	0.01584	0.00847	0.00623	0.00655	0.00200	0.03870	0.00534	0.00299	0.00724
17	0.01639	0.75599	0.03084	0.01054	0.01559	0.05893	0.01036	0.01830	0.01245	0.01418	0.00841	0.00971	0.00772	0.00520	0.00393	0.00130	0.00664	0.00325	0.00260	0.00768
18	0.01803	0.00919	0.01146	0.00968	0.01299	0.00865	0.00767	0.02282	0.14186	0.36509	0.15469	0.06666	0.12492	0.01003	0.00647	0.00195	0.00430	0.00846	0.00673	0.00836
19	0.09263	0.11127	0.14625	0.01387	0.05156	0.08395	0.01224	0.05914	0.04068	0.10797	0.01465	0.10377	0.01286	0.00825	0.00753	0.00195	0.11347	0.00611	0.00402	0.00785
20	0.02197	0.01301	0.07607	0.01138	0.01598	0.03592	0.00994	0.10346	0.04489	0.44741	0.10186	0.02130	0.01809	0.00767	0.00605	0.00182	0.00550	0.00623	0.00642	0.04503
21	0.01534	0.01373	0.01954	0.22791	0.32328	0.06154	0.01519	0.09039	0.05690	0.05239	0.01385	0.05837	0.01151	0.00678	0.00605	0.00189	0.00713	0.00603	0.00373	0.00844
22	0.01140	0.00966	0.01527	0.14871	0.17722	0.00967	0.06572	0.01432	0.01392	0.05684	0.13869	0.05768	0.20567	0.01113	0.03583	0.00225	0.00594	0.00868	0.00448	0.00692
23	0.07812	0.44618	0.04476	0.01204	0.03184	0.03282	0.01088	0.23861	0.01716	0.02270	0.01039	0.01135	0.00844	0.00586	0.00464	0.00152	0.00651	0.00399	0.00374	0.00846
24	0.01461	0.01401	0.02392	0.09448	0.69566	0.01422	0.01833	0.01822	0.01357	0.01932	0.01127	0.01498	0.00941	0.00541	0.00596	0.00180	0.00721	0.00536	0.00295	0.00931
25	0.00860	0.00642	0.00956	0.00956	0.01060	0.00746	0.00739	0.01067	0.00964	0.01389	0.01621	0.02417	0.01527	0.07054	0.73964	0.00954	0.01576	0.00652	0.00324	0.00531
26	0.01045	0.00522	0.00784	0.00784	0.00784	0.00522	0.00522	0.00784	0.00784	0.01045	0.01045	0.01829	0.01045	0.02090	0.02351	0.82497	0.00522	0.00522	0.00261	0.00261
27	0.00846	0.00635	0.00918	0.00920	0.01030	0.00715	0.00706	0.01049	0.01027	0.01450	0.04916	0.05014	0.06825	0.06403	0.63663	0.00849	0.01398	0.00745	0.00361	0.00530
28	0.00939	0.00618	0.00782	0.00819	0.00873	0.00628	0.00551	0.01087	0.07854	0.01439	0.02224	0.28215	0.02446	0.19628	0.03984	0.21560	0.00500	0.02433	0.02969	0.00450
29	0.80377	0.01159	0.00902	0.00801	0.01176	0.01334	0.00659	0.01808	0.01047	0.05172	0.00890	0.01014	0.00680	0.00565	0.00380	0.00186	0.00467	0.00335	0.00385	0.00664
30	0.07707	0.01150	0.01271	0.00980	0.01415	0.01070	0.00773	0.14893	0.06782	0.05258	0.01366	0.01669	0.01135	0.09328	0.00780	0.00181	0.00507	0.00480	0.00438	0.42814
31	0.00743	0.00531	0.00692	0.00817	0.00854	0.00497	0.00540	0.00841	0.01136	0.01509	0.03284	0.70597	0.05855	0.07867	0.00945	0.00270	0.00366	0.01633	0.00543	0.00480
32	0.01283	0.01220	0.02071	0.46609	0.33794	0.01375	0.01744	0.01666	0.01273	0.01716	0.01095	0.01556	0.00865	0.00574	0.00599	0.00191	0.00765	0.00535	0.00280	0.00787
33	0.06432	0.15481	0.06472	0.06852	0.06049	0.01583	0.03926	0.08162	0.16649	0.10181	0.01545	0.01627	0.02293	0.00692	0.00663	0.00184	0.06946	0.00530	0.00434	0.03299
34	0.01126	0.01012	0.01627	0.10603	0.21080	0.02355	0.04784	0.01410	0.01134	0.01592	0.01360	0.01947	0.01209	0.02615	0.39818	0.00592	0.04148	0.00598	0.00306	0.00683
35	0.02098	0.00926	0.01218	0.01007	0.01369	0.00835	0.00818	0.02404	0.05644	0.50049	0.08242	0.03064	0.07367	0.04340	0.00750	0.00215	0.00485	0.07614	0.00682	0.00873
36	0.02401	0.01188	0.01453	0.01142	0.01584	0.01167	0.00934	0.18396	0.11128	0.47921	0.02164	0.01946	0.01432	0.00747	0.00599	0.00186	0.00533	0.00599	0.03481	0.00999
37	0.01140	0.00859	0.01217	0.01115	0.01213	0.01050	0.00883	0.01316	0.01030	0.07504	0.03689	0.02243	0.01487	0.09570	0.40596	0.00648	0.22848	0.00641	0.00354	0.00597
38	0.00897	0.00588	0.00746	0.00775	0.00868	0.00545	0.00539	0.01001	0.01247	0.04875	0.17458	0.30335	0.13747	0.12221	0.01220	0.08754	0.00391	0.02771	0.00530	0.00492
39	0.01100	0.00702	0.00846	0.00858	0.04035	0.00697	0.00512	0.04251	0.01073	0.07057	0.03730	0.05080	0.02152	0.62541	0.02553	0.00501	0.00575	0.00847	0.00412	0.00477
40	0.08362	0.01948	0.01681	0.01558	0.07797	0.26623	0.01143	0.28299	0.10273	0.02586	0.01358	0.01517	0.01060	0.00694	0.00571	0.00177	0.00768	0.02262	0.00461	0.00860

[dist]
# distance from previous block
# <min> <max>
9	51

[block]
# block no. 6 follows, 38 sequences, length 16
# corresponding to MSA columns:
# 656-658,679-691
name=unknown_G
#
# <colnr> <probs for GDERKNQSTAVLIFYWHMCP>
#	G	D	E	R	K	N	Q	S	T	A	V	L	I	F	Y	W	H	M	C	P
0	0.01669	0.01464	0.05407	0.08519	0.09774	0.05088	0.03626	0.24748	0.11572	0.05473	0.07519	0.04530	0.03153	0.00819	0.00628	0.00193	0.00642	0.03812	0.00504	0.00860
1	0.00871	0.00629	0.00902	0.00908	0.01004	0.00714	0.00688	0.01065	0.00983	0.01431	0.01729	0.05629	0.01672	0.11213	0.61894	0.00852	0.01383	0.00705	0.05208	0.00520
2	0.01242	0.01012	0.01177	0.01064	0.01332	0.01063	0.02475	0.08471	0.29418	0.02261	0.10102	0.22978	0.05423	0.01125	0.00655	0.00201	0.00442	0.00982	0.00570	0.08006
3	0.17663	0.06558	0.09424	0.01065	0.03004	0.02945	0.00924	0.01650	0.01268	0.10097	0.04372	0.12062	0.08011	0.00869	0.00614	0.00179	0.04308	0.00684	0.00433	0.13870
4	0.01389	0.01206	0.01275	0.00952	0.01446	0.07501	0.00754	0.01646	0.01332	0.05551	0.04476	0.01420	0.01128	0.00511	0.00474	0.00104	0.00498	0.00405	0.00385	0.67546
5	0.01362	0.00800	0.00891	0.02733	0.01094	0.00830	0.00637	0.03954	0.15229	0.10100	0.08555	0.02454	0.03424	0.00789	0.00518	0.00166	0.00367	0.00648	0.44749	0.00700
6	0.04617	0.08061	0.16061	0.01363	0.06357	0.01307	0.02774	0.15206	0.01569	0.04260	0.02794	0.05435	0.01154	0.00640	0.00534	0.00154	0.00613	0.00517	0.00398	0.26186
7	0.45576	0.01175	0.01307	0.29228	0.02330	0.01390	0.01073	0.08007	0.01250	0.02365	0.00977	0.01251	0.00740	0.00589	0.00478	0.00191	0.00607	0.00422	0.00354	0.00691
8	0.01179	0.00794	0.00876	0.00712	0.01034	0.00671	0.00555	0.01454	0.01255	0.02113	0.01552	0.01786	0.01243	0.00584	0.00432	0.00117	0.00356	0.00467	0.44624	0.38196
9	0.01784	0.01487	0.01552	0.10520	0.01950	0.10949	0.01039	0.24630	0.03978	0.07222	0.03497	0.01511	0.01117	0.00629	0.00550	0.00153	0.00641	0.00489	0.00460	0.25843
10	0.01500	0.13771	0.15721	0.10318	0.18989	0.11991	0.03594	0.03251	0.03050	0.01748	0.01177	0.01440	0.02731	0.00638	0.00681	0.00182	0.07618	0.00492	0.00299	0.00807
11	0.01289	0.01198	0.17343	0.00925	0.01264	0.00807	0.00909	0.01686	0.03509	0.10009	0.01958	0.07867	0.01603	0.00793	0.00516	0.00169	0.00458	0.02336	0.44671	0.00690
12	0.01254	0.00925	0.01230	0.03158	0.03505	0.00893	0.02419	0.06333	0.01364	0.07664	0.05761	0.09232	0.04842	0.01625	0.15402	0.00328	0.03658	0.06275	0.02288	0.21846
13	0.05680	0.07999	0.20403	0.01468	0.03764	0.01411	0.09586	0.12000	0.09214	0.07627	0.07989	0.01749	0.01433	0.00668	0.00578	0.00179	0.00670	0.00563	0.00433	0.06586
14	0.01452	0.09105	0.21045	0.01821	0.12637	0.05213	0.11331	0.05436	0.07451	0.04779	0.01761	0.01991	0.07592	0.00701	0.00598	0.00184	0.00734	0.02617	0.00374	0.03178
15	0.01487	0.03300	0.03403	0.11760	0.21672	0.06371	0.06797	0.02031	0.12760	0.06540	0.03742	0.01913	0.02958	0.00679	0.00627	0.00182	0.02378	0.02308	0.00398	0.08695

[dist]
# distance from previous block
# <min> <max>
2	14

[block]
# block no. 7 follows, 38 sequences, length 6
# corresponding to MSA columns:
# 707-712
name=unknown_H
#
# <colnr> <probs for GDERKNQSTAVLIFYWHMCP>
#	G	D	E	R	K	N	Q	S	T	A	V	L	I	F	Y	W	H	M	C	P
0	0.09106	0.02859	0.04541	0.01113	0.01433	0.06315	0.02731	0.08159	0.07337	0.04989	0.06303	0.09974	0.01769	0.01349	0.09913	0.02285	0.03458	0.03467	0.00444	0.12452
1	0.01466	0.01265	0.01810	0.12133	0.13055	0.03511	0.08443	0.15972	0.04418	0.03893	0.06206	0.02014	0.04022	0.01337	0.12673	0.00316	0.05633	0.00636	0.00413	0.00783
2	0.06574	0.01066	0.01654	0.61756	0.03550	0.01299	0.01483	0.05602	0.01280	0.01743	0.01259	0.07818	0.01064	0.00710	0.00600	0.00202	0.00735	0.00617	0.00317	0.00673
3	0.00948	0.00675	0.00870	0.00957	0.05608	0.00652	0.00629	0.01100	0.07078	0.01552	0.07023	0.14773	0.24918	0.01633	0.01258	0.27981	0.00424	0.00979	0.00452	0.00489
4	0.01008	0.00588	0.00820	0.00817	0.00876	0.00597	0.00573	0.00973	0.00964	0.04215	0.04086	0.06824	0.04655	0.14495	0.16877	0.37157	0.00723	0.02990	0.00359	0.00404
5	0.04088	0.01266	0.01796	0.28363	0.09098	0.01510	0.03768	0.11464	0.10830	0.02045	0.01432	0.01733	0.03686	0.00755	0.00864	0.00208	0.15365	0.00579	0.00375	0.00775

[dist]
# distance from previous block
# <min> <max>
13	22

[block]
# block no. 8 follows, 38 sequences, length 24
# corresponding to MSA columns:
# 783-790,792-807
name=unknown_I
#
# <colnr> <probs for GDERKNQSTAVLIFYWHMCP>
#	G	D	E	R	K	N	Q	S	T	A	V	L	I	F	Y	W	H	M	C	P
0	0.06567	0.01042	0.03534	0.02891	0.12837	0.00965	0.11482	0.01541	0.03871	0.05701	0.26917	0.03261	0.15004	0.00955	0.00656	0.00192	0.00516	0.00863	0.00501	0.00704
1	0.07253	0.04038	0.17040	0.01522	0.03607	0.47350	0.01325	0.02154	0.01538	0.01707	0.03894	0.01264	0.00966	0.00621	0.00539	0.00164	0.00934	0.00424	0.00317	0.03345
2	0.03003	0.13095	0.26211	0.03003	0.01875	0.01314	0.01319	0.01955	0.09098	0.08046	0.06187	0.01779	0.01370	0.00658	0.00541	0.00166	0.00632	0.02741	0.00392	0.16615
3	0.01515	0.08430	0.33408	0.03388	0.16367	0.05918	0.01703	0.07868	0.07208	0.04895	0.02903	0.01477	0.01046	0.00617	0.00570	0.00181	0.00766	0.00498	0.00351	0.00890
4	0.01241	0.00804	0.00878	0.00738	0.01014	0.00750	0.00577	0.06170	0.01353	0.02242	0.01635	0.01872	0.01296	0.00635	0.00478	0.00131	0.02249	0.00498	0.50523	0.24917
5	0.31661	0.08799	0.25327	0.01249	0.01808	0.03850	0.03165	0.08894	0.01359	0.04969	0.01114	0.03372	0.00870	0.00620	0.00494	0.00183	0.00669	0.00446	0.00362	0.00790
6	0.06691	0.03790	0.08058	0.02878	0.13223	0.01147	0.08042	0.05047	0.03469	0.05069	0.22172	0.02713	0.03546	0.00859	0.00672	0.00191	0.03033	0.05229	0.00463	0.03709
7	0.01062	0.00817	0.03756	0.03386	0.09400	0.00775	0.00818	0.01129	0.03101	0.01453	0.06472	0.07616	0.04865	0.05609	0.06031	0.36702	0.03144	0.00700	0.00347	0.02815
8	0.01318	0.05555	0.19054	0.05306	0.05872	0.05038	0.03349	0.07158	0.06378	0.01857	0.01741	0.06701	0.06162	0.07830	0.01025	0.00238	0.11818	0.02489	0.00370	0.00740
9	0.01402	0.09377	0.46873	0.01722	0.05052	0.07759	0.07088	0.03408	0.08126	0.01923	0.01192	0.01356	0.00887	0.00590	0.00568	0.00184	0.00844	0.00476	0.00304	0.00868
10	0.04502	0.00934	0.01346	0.09563	0.15800	0.00976	0.02304	0.01439	0.04797	0.03520	0.10902	0.14140	0.13442	0.01134	0.00742	0.00213	0.04498	0.08609	0.00468	0.00672
11	0.02749	0.18775	0.15490	0.01612	0.08534	0.05429	0.10360	0.08226	0.03425	0.03444	0.01222	0.01472	0.00976	0.00598	0.00556	0.00166	0.01869	0.01747	0.05608	0.07744
12	0.01026	0.00685	0.00832	0.00807	0.00959	0.00645	0.00583	0.05853	0.01468	0.07338	0.23741	0.25359	0.16449	0.10283	0.00981	0.00252	0.00382	0.01202	0.00582	0.00575
13	0.01873	0.04086	0.15738	0.01692	0.11373	0.03595	0.01392	0.40394	0.05107	0.02948	0.01371	0.01465	0.01009	0.00664	0.00579	0.00179	0.00696	0.00519	0.04372	0.00948
14	0.05151	0.01144	0.01317	0.01128	0.01495	0.01218	0.00895	0.02835	0.40341	0.25345	0.02252	0.02112	0.01625	0.01071	0.06721	0.00256	0.00578	0.00630	0.00613	0.03272
15	0.01263	0.00941	0.01120	0.01099	0.05008	0.00972	0.00788	0.11085	0.16908	0.05656	0.21266	0.16787	0.10497	0.01154	0.00668	0.00201	0.00420	0.00999	0.02440	0.00728
16	0.06802	0.18793	0.42866	0.01573	0.02277	0.07672	0.08368	0.01916	0.01293	0.01822	0.01013	0.01205	0.00772	0.00557	0.00530	0.00176	0.00837	0.00431	0.00272	0.00826
17	0.00780	0.00566	0.00698	0.00770	0.00841	0.00528	0.00525	0.00896	0.01194	0.01568	0.09729	0.41421	0.15608	0.16967	0.01210	0.00301	0.00393	0.04997	0.00529	0.00478
18	0.01705	0.05548	0.05131	0.02606	0.01690	0.09735	0.03093	0.25425	0.11459	0.04434	0.07231	0.03960	0.04336	0.02239	0.00689	0.00197	0.02380	0.05287	0.02033	0.00823
19	0.00758	0.00616	0.00674	0.00685	0.00856	0.00542	0.00504	0.00966	0.03449	0.01753	0.15749	0.17135	0.51159	0.01518	0.00717	0.00208	0.00314	0.01296	0.00576	0.00526
20	0.01637	0.01396	0.06532	0.01552	0.09144	0.04384	0.06991	0.14431	0.12422	0.12208	0.02101	0.11995	0.05494	0.02956	0.00754	0.00209	0.03679	0.00771	0.00505	0.00837
21	0.01430	0.01171	0.01262	0.01102	0.01442	0.01277	0.00856	0.04887	0.51092	0.02375	0.02098	0.02048	0.01604	0.00814	0.00661	0.04429	0.00464	0.00609	0.07277	0.13102
22	0.03786	0.01412	0.08967	0.12168	0.08466	0.01300	0.15765	0.07181	0.05840	0.07851	0.09296	0.04339	0.01590	0.00734	0.00705	0.00195	0.05186	0.00660	0.00417	0.04142
23	0.01983	0.05940	0.01830	0.01511	0.01845	0.48210	0.07781	0.02226	0.03473	0.07039	0.01429	0.01784	0.03714	0.00734	0.00629	0.00175	0.03461	0.05140	0.00370	0.00725

[dist]
# distance from previous block
# <min> <max>
3	24

[block]
# block no. 9 follows, 38 sequences, length 14
# corresponding to MSA columns:
# 832-845
name=unknown_J
#
# <colnr> <probs for GDERKNQSTAVLIFYWHMCP>
#	G	D	E	R	K	N	Q	S	T	A	V	L	I	F	Y	W	H	M	C	P
0	0.01710	0.11604	0.07084	0.01282	0.01647	0.16173	0.01099	0.11433	0.15115	0.06849	0.08004	0.01801	0.01529	0.00964	0.04867	0.00225	0.06794	0.00560	0.00450	0.00808
1	0.01100	0.07976	0.06995	0.00956	0.01213	0.00972	0.00808	0.09130	0.05353	0.02010	0.16422	0.18975	0.13104	0.06887	0.02993	0.00250	0.00499	0.03202	0.00514	0.00641
2	0.06036	0.06843	0.05700	0.07084	0.01944	0.04443	0.04940	0.28478	0.14794	0.04951	0.01646	0.07602	0.01332	0.00776	0.00592	0.00189	0.00646	0.00631	0.00498	0.00874
3	0.09256	0.01005	0.01399	0.07020	0.20855	0.01061	0.01053	0.05188	0.04164	0.03570	0.10802	0.02478	0.05707	0.05513	0.11863	0.01913	0.00704	0.01909	0.03832	0.00708
4	0.19443	0.01030	0.03797	0.00992	0.04024	0.01015	0.00749	0.05738	0.10811	0.06734	0.12090	0.02935	0.12074	0.14888	0.01022	0.00262	0.00481	0.00746	0.00496	0.00673
5	0.05784	0.14243	0.18199	0.05830	0.02237	0.11873	0.12982	0.10223	0.06020	0.02050	0.01157	0.01337	0.00889	0.00587	0.00553	0.00174	0.00800	0.00482	0.00344	0.04238
6	0.00993	0.00699	0.00818	0.00803	0.00881	0.00718	0.00547	0.04920	0.05019	0.01574	0.08156	0.04100	0.02550	0.51513	0.04402	0.00478	0.00582	0.10328	0.00440	0.00478
7	0.00765	0.00589	0.00693	0.00725	0.00857	0.00526	0.00524	0.00933	0.01368	0.01771	0.21036	0.25178	0.33990	0.04806	0.00829	0.00230	0.00332	0.03759	0.00574	0.00512
8	0.05862	0.01406	0.03242	0.05359	0.06525	0.03245	0.08943	0.26084	0.11550	0.05216	0.07407	0.05142	0.02646	0.02670	0.00697	0.00202	0.01773	0.00673	0.00505	0.00852
