[name]
unknown

[dist]
# distance from previous block
# <min> <max>
5	567

[block]
# block no. 0 follows, 41 sequences, length 42
# corresponding to MSA columns:
# 586-622,625-629
name=unknown_A
#
# <colnr> <probs for GDERKNQSTAVLIFYWHMCP>
#	G	D	E	R	K	N	Q	S	T	A	V	L	I	F	Y	W	H	M	C	P
0	0.03679	0.06204	0.15991	0.04252	0.17446	0.14089	0.01366	0.13884	0.03439	0.03511	0.01108	0.01272	0.00858	0.00561	0.00523	0.00158	0.00716	0.00440	0.00346	0.10157
1	0.01314	0.05786	0.05955	0.10448	0.09609	0.03741	0.03415	0.01621	0.03619	0.10370	0.05528	0.03895	0.01415	0.06594	0.12214	0.00308	0.04893	0.00584	0.00372	0.08319
2	0.01360	0.15890	0.15258	0.03201	0.01698	0.01211	0.09288	0.04901	0.01447	0.11911	0.21719	0.04471	0.03694	0.00779	0.00576	0.00172	0.00574	0.00673	0.00444	0.00733
3	0.01305	0.31810	0.45125	0.01442	0.04645	0.01681	0.01652	0.01797	0.02690	0.01651	0.00968	0.01125	0.00755	0.00527	0.00479	0.00159	0.00744	0.00386	0.00251	0.00807
4	0.00713	0.00504	0.00659	0.00776	0.00806	0.00475	0.00509	0.00801	0.01064	0.01419	0.02995	0.70688	0.03584	0.10900	0.00984	0.00270	0.00358	0.01533	0.00509	0.00451
5	0.00726	0.00513	0.00670	0.00784	0.00817	0.00486	0.00523	0.00819	0.01069	0.01423	0.02961	0.65806	0.03526	0.12571	0.01034	0.00278	0.00371	0.04670	0.00505	0.00451
6	0.00797	0.00581	0.00749	0.00713	0.00849	0.00534	0.00533	0.01053	0.01581	0.02218	0.69087	0.06965	0.09779	0.01209	0.00677	0.00183	0.00273	0.01066	0.00620	0.00534
7	0.00839	0.00552	0.00629	0.00629	0.00629	0.00552	0.00353	0.00828	0.00828	0.01104	0.01766	0.03654	0.02031	0.76431	0.02881	0.04240	0.00552	0.00817	0.00342	0.00342
8	0.83938	0.01106	0.00841	0.00752	0.01106	0.01283	0.00619	0.01681	0.00973	0.02566	0.00796	0.00929	0.00619	0.00531	0.00354	0.00177	0.00442	0.00310	0.00354	0.00619
9	0.00817	0.00613	0.00919	0.00919	0.01021	0.00715	0.00715	0.01021	0.00919	0.01328	0.01532	0.02247	0.01430	0.04290	0.77631	0.00919	0.01532	0.00613	0.00306	0.00511
10	0.04336	0.01305	0.05992	0.01308	0.01793	0.01165	0.11405	0.17858	0.01779	0.44279	0.01804	0.01699	0.01183	0.00657	0.00581	0.00178	0.00604	0.00561	0.00584	0.00928
11	0.01120	0.00549	0.00562	0.00551	0.00695	0.00544	0.00416	0.01385	0.01215	0.04819	0.01880	0.02126	0.01464	0.00668	0.00406	0.00135	0.00274	0.00535	0.80107	0.00549
12	0.01416	0.01359	0.02322	0.03511	0.76330	0.01359	0.01755	0.01755	0.01302	0.01869	0.01076	0.01416	0.00906	0.00510	0.00566	0.00170	0.00680	0.00510	0.00283	0.00906
13	0.00703	0.00510	0.00664	0.00774	0.00827	0.00471	0.00524	0.00819	0.01149	0.01527	0.08609	0.68357	0.09512	0.01720	0.00722	0.00225	0.00324	0.01551	0.00538	0.00471
14	0.00830	0.00561	0.00658	0.00658	0.00670	0.00573	0.00390	0.00854	0.00842	0.01135	0.01771	0.03569	0.02004	0.71082	0.11624	0.00597	0.00669	0.00806	0.00342	0.00366
15	0.01080	0.01017	0.01716	0.78523	0.03940	0.01271	0.01589	0.01461	0.01144	0.01461	0.01017	0.01525	0.00762	0.00572	0.00572	0.00191	0.00762	0.00508	0.00254	0.00635
16	0.01537	0.76038	0.04817	0.01010	0.01502	0.04436	0.01011	0.01732	0.01177	0.01359	0.00804	0.00928	0.00734	0.00494	0.00376	0.00125	0.00630	0.00311	0.00246	0.00735
17	0.01547	0.77946	0.02957	0.00993	0.01477	0.04495	0.00982	0.01730	0.01176	0.01347	0.00798	0.00921	0.00734	0.00492	0.00371	0.00123	0.00624	0.00308	0.00246	0.00732
18	0.01247	0.14292	0.52949	0.01796	0.10965	0.01479	0.06007	0.01791	0.01220	0.01749	0.01005	0.01207	0.00755	0.00528	0.00527	0.00172	0.00798	0.00430	0.00250	0.00831
19	0.01323	0.01279	0.02221	0.23321	0.52978	0.01341	0.05837	0.01682	0.01263	0.01759	0.01065	0.01452	0.00866	0.00525	0.00574	0.00177	0.00718	0.00519	0.00276	0.00827
20	0.02566	0.00973	0.01327	0.01018	0.01460	0.00841	0.00841	0.02788	0.01637	0.76726	0.02257	0.01947	0.01416	0.00708	0.00575	0.00177	0.00487	0.00575	0.00708	0.00973
21	0.01012	0.00938	0.05560	0.09126	0.09723	0.00872	0.05197	0.03983	0.01228	0.03323	0.04791	0.40088	0.02546	0.02569	0.00758	0.00218	0.03800	0.03220	0.00439	0.00610
22	0.01118	0.01268	0.19145	0.01093	0.01401	0.00916	0.01041	0.06915	0.01207	0.06578	0.01761	0.11266	0.01702	0.12446	0.22529	0.00450	0.02322	0.05826	0.00383	0.00633
23	0.00856	0.00781	0.01070	0.00934	0.01126	0.00787	0.07810	0.01051	0.01283	0.01649	0.13646	0.04321	0.45674	0.01252	0.00866	0.00202	0.12605	0.03067	0.00476	0.00542
24	0.01456	0.53946	0.23856	0.01191	0.01770	0.06286	0.01307	0.01773	0.01201	0.01481	0.00866	0.01006	0.00732	0.00510	0.00425	0.00140	0.00702	0.00342	0.00247	0.00762
25	0.01360	0.03446	0.02659	0.16247	0.13071	0.03186	0.37671	0.04951	0.01325	0.01786	0.01078	0.01461	0.00842	0.00560	0.00732	0.00191	0.07804	0.00583	0.00290	0.00758
26	0.70441	0.03258	0.11485	0.00880	0.01305	0.01313	0.00836	0.01700	0.01011	0.02432	0.00828	0.00968	0.00637	0.00532	0.00381	0.00176	0.00503	0.00325	0.00336	0.00654
27	0.01424	0.01399	0.06392	0.10443	0.45271	0.01355	0.06354	0.03350	0.09946	0.05087	0.01269	0.01526	0.00997	0.00568	0.00599	0.00179	0.02107	0.00534	0.00336	0.00865
28	0.01255	0.01253	0.01810	0.01527	0.01585	0.01684	0.06080	0.01489	0.05148	0.01467	0.00921	0.03055	0.00882	0.00971	0.01698	0.00243	0.67460	0.00545	0.00278	0.00648
29	0.00704	0.00503	0.00672	0.00805	0.00841	0.00471	0.00544	0.00809	0.01102	0.01468	0.03149	0.77170	0.03767	0.01785	0.00732	0.00233	0.00338	0.03909	0.00531	0.00467
30	0.00676	0.00579	0.00579	0.00579	0.00773	0.00483	0.00435	0.00821	0.01304	0.01545	0.05794	0.05505	0.76098	0.01449	0.00676	0.00193	0.00290	0.01207	0.00531	0.00483
31	0.01186	0.01017	0.01186	0.00847	0.01356	0.00762	0.00678	0.01440	0.01186	0.01864	0.01017	0.01186	0.00847	0.00424	0.00424	0.00085	0.00424	0.00339	0.00339	0.83395
32	0.01177	0.00552	0.00813	0.00777	0.00829	0.00537	0.00537	0.00983	0.00849	0.09824	0.01141	0.01763	0.01043	0.01838	0.02042	0.73659	0.00496	0.00506	0.00302	0.00333
33	0.00971	0.00721	0.00966	0.01033	0.01216	0.00698	0.00893	0.01282	0.03966	0.01754	0.02769	0.05682	0.02951	0.01416	0.00740	0.00240	0.00512	0.61481	0.00507	0.10203
34	0.74246	0.01049	0.00850	0.00772	0.01096	0.01217	0.00631	0.01604	0.00967	0.02422	0.00882	0.01083	0.00714	0.00969	0.09365	0.00264	0.00570	0.00345	0.00348	0.00607
35	0.01485	0.71230	0.11619	0.01055	0.01586	0.02154	0.01111	0.01724	0.01168	0.01400	0.00822	0.00951	0.00733	0.00496	0.00388	0.00129	0.00639	0.00319	0.00244	0.00747
36	0.01466	0.20790	0.12868	0.01591	0.15300	0.05561	0.01245	0.07198	0.03737	0.03764	0.03208	0.01313	0.00986	0.00570	0.00557	0.00150	0.04499	0.00433	0.00328	0.14436
37	0.01666	0.01509	0.01869	0.02115	0.28258	0.09231	0.04179	0.21735	0.14604	0.02373	0.01470	0.01782	0.01187	0.00672	0.00583	0.00178	0.00665	0.04623	0.00429	0.00872
38	0.00789	0.09817	0.00914	0.00762	0.00889	0.00679	0.00559	0.00910	0.01156	0.01469	0.03554	0.51411	0.21938	0.01552	0.00674	0.00209	0.00354	0.01365	0.00498	0.00501
39	0.00999	0.00832	0.01295	0.05140	0.24414	0.00831	0.01066	0.01231	0.01223	0.01657	0.02381	0.31488	0.02623	0.01282	0.00689	0.00220	0.00513	0.21049	0.00441	0.00626
40	0.00676	0.00579	0.00579	0.00579	0.00773	0.00483	0.00435	0.00821	0.01304	0.01545	0.05794	0.05505	0.76098	0.01449	0.00676	0.00193	0.00290	0.01207	0.00531	0.00483
41	0.01604	0.71072	0.02848	0.01018	0.01504	0.02206	0.00991	0.10191	0.01340	0.01609	0.00863	0.00971	0.00762	0.00512	0.00391	0.00128	0.00614	0.00330	0.00283	0.00762

[dist]
# distance from previous block
# <min> <max>
0	42

[block]
# block no. 1 follows, 41 sequences, length 17
# corresponding to MSA columns:
# 672-688
name=unknown_B
#
# <colnr> <probs for GDERKNQSTAVLIFYWHMCP>
#	G	D	E	R	K	N	Q	S	T	A	V	L	I	F	Y	W	H	M	C	P
0	0.01083	0.01104	0.05098	0.75065	0.03874	0.01273	0.01612	0.01477	0.01147	0.01477	0.01017	0.01511	0.00761	0.00571	0.00571	0.00190	0.00766	0.00504	0.00254	0.00645
1	0.00817	0.00613	0.00919	0.00919	0.01021	0.00715	0.00715	0.01021	0.00919	0.01328	0.01532	0.02247	0.01430	0.04290	0.77631	0.00919	0.01532	0.00613	0.00306	0.00511
2	0.01529	0.80242	0.02997	0.00979	0.01468	0.02263	0.00979	0.01713	0.01162	0.01346	0.00795	0.00918	0.00734	0.00489	0.00367	0.00122	0.00612	0.00306	0.00245	0.00734
3	0.45467	0.00927	0.00885	0.00774	0.01079	0.00989	0.00623	0.01722	0.01243	0.15514	0.16689	0.01900	0.01818	0.00705	0.00463	0.00174	0.00400	0.00525	0.07445	0.00658
4	0.01080	0.01017	0.01716	0.78523	0.03940	0.01271	0.01589	0.01461	0.01144	0.01461	0.01017	0.01525	0.00762	0.00572	0.00572	0.00191	0.00762	0.00508	0.00254	0.00635
5	0.76081	0.01133	0.00901	0.00798	0.01154	0.01310	0.00654	0.04634	0.05207	0.02598	0.00905	0.01014	0.00697	0.00551	0.00375	0.00178	0.00450	0.00337	0.00375	0.00649
6	0.01716	0.01071	0.01405	0.01187	0.01428	0.01231	0.00967	0.02196	0.16671	0.29051	0.01719	0.01805	0.01280	0.01230	0.09936	0.00290	0.24956	0.00571	0.00493	0.00797
7	0.00703	0.00503	0.00670	0.00792	0.00831	0.00469	0.00531	0.00813	0.01125	0.01508	0.07347	0.75193	0.03876	0.01756	0.00727	0.00229	0.00328	0.01592	0.00537	0.00469
8	0.09574	0.01162	0.01322	0.01154	0.01323	0.06384	0.00926	0.13389	0.01267	0.03548	0.01195	0.01679	0.01066	0.07021	0.20159	0.00404	0.24679	0.00528	0.02577	0.00643
9	0.01499	0.59568	0.13518	0.01135	0.01636	0.07132	0.01166	0.01747	0.01184	0.01418	0.00832	0.00985	0.00734	0.00532	0.00485	0.00140	0.04965	0.00338	0.00248	0.00739
10	0.00701	0.00515	0.00659	0.00761	0.00823	0.00472	0.00518	0.00819	0.01159	0.01528	0.08391	0.64111	0.14039	0.01702	0.00719	0.00223	0.00322	0.01528	0.00538	0.00472
11	0.01694	0.01467	0.10839	0.16659	0.12948	0.01356	0.01339	0.25145	0.03515	0.13089	0.05212	0.01638	0.01201	0.00651	0.00574	0.00178	0.00646	0.00540	0.00451	0.00858
12	0.01284	0.05264	0.23083	0.01321	0.01869	0.01189	0.10511	0.09151	0.01387	0.03393	0.03198	0.01761	0.08459	0.00641	0.00590	0.00157	0.03504	0.00535	0.00354	0.22349
13	0.00926	0.00755	0.01054	0.00999	0.01057	0.00926	0.00771	0.01077	0.00943	0.01375	0.04245	0.08612	0.01688	0.13731	0.36725	0.00594	0.20951	0.00712	0.02344	0.00515
14	0.01268	0.27325	0.53623	0.01425	0.02158	0.01623	0.01756	0.01780	0.01193	0.01665	0.00954	0.01116	0.00728	0.00526	0.00488	0.00163	0.00772	0.00386	0.00243	0.00810
15	0.01787	0.00973	0.01198	0.00921	0.01333	0.00841	0.00738	0.06040	0.03756	0.33221	0.03850	0.01826	0.01353	0.04963	0.00642	0.00163	0.00456	0.00515	0.05159	0.30265
16	0.06226	0.08168	0.10890	0.01312	0.08182	0.01252	0.02591	0.17200	0.01518	0.02216	0.03223	0.05811	0.01134	0.00615	0.00504	0.00145	0.00562	0.00498	0.00383	0.27572

[dist]
# distance from previous block
# <min> <max>
5	12

[block]
# block no. 2 follows, 41 sequences, length 26
# corresponding to MSA columns:
# 702-727
name=unknown_C
#
# <colnr> <probs for GDERKNQSTAVLIFYWHMCP>
#	G	D	E	R	K	N	Q	S	T	A	V	L	I	F	Y	W	H	M	C	P
0	0.01868	0.04749	0.05845	0.01275	0.01716	0.01665	0.01086	0.46272	0.24061	0.03054	0.01613	0.01571	0.01178	0.00697	0.00565	0.00177	0.00588	0.00540	0.00543	0.00936
1	0.01490	0.13238	0.33892	0.03302	0.01893	0.01246	0.01384	0.03643	0.01331	0.18275	0.01685	0.04803	0.06181	0.00683	0.00537	0.00170	0.00646	0.00543	0.00389	0.04669
2	0.01417	0.11924	0.46312	0.01378	0.02061	0.01374	0.01611	0.08596	0.01385	0.09429	0.01324	0.01414	0.03525	0.00592	0.00526	0.00168	0.00717	0.00456	0.00335	0.05455
3	0.01140	0.05073	0.70540	0.01572	0.02365	0.01321	0.02002	0.01764	0.01190	0.01771	0.01048	0.01257	0.00764	0.00751	0.04845	0.00221	0.00877	0.00430	0.00245	0.00823
4	0.01377	0.01156	0.06278	0.15395	0.11744	0.01063	0.14918	0.02986	0.01303	0.15189	0.01728	0.16980	0.01549	0.00999	0.04493	0.00230	0.00696	0.00772	0.00408	0.00735
5	0.01295	0.03668	0.17934	0.30724	0.21348	0.01323	0.07925	0.01720	0.01242	0.05815	0.01108	0.01439	0.00834	0.00548	0.00568	0.00181	0.00757	0.00503	0.00286	0.00780
6	0.01093	0.00779	0.05064	0.00829	0.01060	0.00621	0.00689	0.01310	0.01386	0.15037	0.17719	0.16417	0.25434	0.01282	0.00672	0.00201	0.00384	0.08854	0.00565	0.00603
7	0.01162	0.05904	0.74117	0.01605	0.02437	0.01364	0.02070	0.01808	0.01206	0.01794	0.01018	0.01197	0.00725	0.00541	0.00537	0.00179	0.00836	0.00418	0.00242	0.00841
8	0.01619	0.05869	0.07913	0.03836	0.13590	0.06538	0.26098	0.04576	0.02751	0.15312	0.01420	0.05411	0.01108	0.00620	0.00598	0.00180	0.00753	0.00609	0.00385	0.00815
9	0.00762	0.00573	0.00792	0.00986	0.06024	0.00540	0.00634	0.00894	0.01146	0.01528	0.04939	0.64396	0.06972	0.01660	0.00719	0.00227	0.00364	0.05827	0.00516	0.00501
10	0.01141	0.00555	0.00573	0.00557	0.00706	0.00549	0.00422	0.01406	0.01221	0.05868	0.01885	0.02123	0.01464	0.00668	0.00409	0.00135	0.00278	0.00535	0.78949	0.00555
11	0.01467	0.60860	0.18967	0.01137	0.01697	0.04627	0.01229	0.01754	0.01188	0.01448	0.00848	0.00984	0.00732	0.00504	0.00410	0.00136	0.00677	0.00333	0.00246	0.00756
12	0.01248	0.02736	0.61616	0.01805	0.07721	0.06566	0.06768	0.01841	0.01252	0.01789	0.01029	0.01232	0.00748	0.00540	0.00552	0.00179	0.00854	0.00442	0.00251	0.00832
13	0.01147	0.02959	0.76934	0.01630	0.02476	0.01328	0.02113	0.01811	0.01208	0.01811	0.01026	0.01208	0.00725	0.00543	0.00543	0.00181	0.00845	0.00423	0.00242	0.00845
14	0.01080	0.01017	0.01716	0.78523	0.03940	0.01271	0.01589	0.01461	0.01144	0.01461	0.01017	0.01525	0.00762	0.00572	0.00572	0.00191	0.00762	0.00508	0.00254	0.00635
15	0.00818	0.00610	0.00903	0.00903	0.00999	0.00706	0.00695	0.01011	0.00914	0.01316	0.01547	0.02330	0.01466	0.08458	0.73512	0.00899	0.01478	0.00625	0.00309	0.00502
16	0.00873	0.00715	0.01089	0.27132	0.03810	0.00795	0.00935	0.01081	0.01090	0.01443	0.02135	0.36355	0.02345	0.07364	0.07379	0.00300	0.00612	0.03617	0.00398	0.00531
17	0.02135	0.01345	0.07827	0.01157	0.01602	0.01217	0.01009	0.29904	0.01931	0.35434	0.01764	0.01782	0.01228	0.05523	0.03263	0.00222	0.00610	0.00556	0.00582	0.00910
18	0.00705	0.00504	0.00674	0.00806	0.00843	0.00472	0.00546	0.00811	0.01104	0.01470	0.03148	0.76740	0.03764	0.01784	0.00732	0.00233	0.00339	0.04326	0.00531	0.00467
19	0.01080	0.01019	0.01267	0.07702	0.01446	0.07855	0.00952	0.01258	0.00997	0.01356	0.01368	0.01983	0.03821	0.06741	0.34988	0.00545	0.24187	0.00582	0.00295	0.00559
20	0.01428	0.01542	0.06607	0.05711	0.09658	0.15002	0.01110	0.03269	0.32157	0.01974	0.04994	0.02104	0.07954	0.00767	0.00618	0.00183	0.03077	0.00617	0.00444	0.00783
21	0.01776	0.40058	0.07446	0.01246	0.01672	0.36106	0.01113	0.01977	0.01372	0.01402	0.00851	0.00989	0.00735	0.00538	0.00446	0.00138	0.00817	0.00342	0.00267	0.00710
22	0.00993	0.06178	0.39263	0.01224	0.01713	0.01018	0.01370	0.01410	0.01231	0.01741	0.10391	0.21726	0.04088	0.01000	0.00611	0.00195	0.00607	0.04176	0.00380	0.00683
23	0.01294	0.03592	0.24181	0.01185	0.01597	0.01016	0.02994	0.05653	0.01371	0.13548	0.10104	0.17504	0.05547	0.00982	0.00685	0.00195	0.04877	0.02498	0.00455	0.00722
24	0.01290	0.08188	0.63160	0.01556	0.02325	0.04985	0.01918	0.06804	0.01325	0.01883	0.01028	0.01191	0.00743	0.00552	0.00532	0.00175	0.00823	0.00418	0.00267	0.00838
25	0.01178	0.04333	0.56726	0.01846	0.13643	0.01320	0.01909	0.01736	0.01222	0.01804	0.03761	0.03200	0.00994	0.00604	0.00596	0.00181	0.03366	0.00486	0.00269	0.00825

[dist]
# distance from previous block
# <min> <max>
2	4

[block]
# block no. 3 follows, 41 sequences, length 9
# corresponding to MSA columns:
# 732,733,743-749
name=unknown_D
#
# <colnr> <probs for GDERKNQSTAVLIFYWHMCP>
#	G	D	E	R	K	N	Q	S	T	A	V	L	I	F	Y	W	H	M	C	P
0	0.01333	0.01615	0.11484	0.02534	0.25014	0.01446	0.34142	0.01746	0.01256	0.01781	0.01064	0.01426	0.00847	0.00566	0.00785	0.00192	0.11118	0.00572	0.00277	0.00802
1	0.01147	0.02959	0.76934	0.01630	0.02476	0.01328	0.02113	0.01811	0.01208	0.01811	0.01026	0.01208	0.00725	0.00543	0.00543	0.00181	0.00845	0.00423	0.00242	0.00845
2	0.01147	0.02959	0.76934	0.01630	0.02476	0.01328	0.02113	0.01811	0.01208	0.01811	0.01026	0.01208	0.00725	0.00543	0.00543	0.00181	0.00845	0.00423	0.00242	0.00845
3	0.01325	0.07498	0.62733	0.01541	0.02304	0.06300	0.01898	0.01899	0.01259	0.06551	0.01082	0.01226	0.00770	0.00554	0.00533	0.00175	0.00820	0.00422	0.00275	0.00835
4	0.01030	0.00857	0.06753	0.08529	0.01432	0.00744	0.03336	0.01229	0.01137	0.08900	0.02429	0.21045	0.11293	0.01928	0.17281	0.07291	0.00721	0.03078	0.00420	0.00567
5	0.01416	0.01359	0.02322	0.03511	0.76330	0.01359	0.01755	0.01755	0.01302	0.01869	0.01076	0.01416	0.00906	0.00510	0.00566	0.00170	0.00680	0.00510	0.00283	0.00906
6	0.01080	0.01017	0.01716	0.78523	0.03940	0.01271	0.01589	0.01461	0.01144	0.01461	0.01017	0.01525	0.00762	0.00572	0.00572	0.00191	0.00762	0.00508	0.00254	0.00635
7	0.00950	0.00925	0.05925	0.01060	0.01249	0.03639	0.07611	0.05818	0.01260	0.01673	0.04937	0.47504	0.05608	0.01647	0.07102	0.00272	0.00566	0.01221	0.00468	0.00565
8	0.01534	0.01464	0.01967	0.03884	0.12869	0.08821	0.13636	0.16061	0.09480	0.02078	0.01297	0.04110	0.01077	0.00882	0.04388	0.00226	0.14486	0.00581	0.00377	0.00783

[dist]
# distance from previous block
# <min> <max>
2	14

[block]
# block no. 4 follows, 41 sequences, length 7
# corresponding to MSA columns:
# 764-770
name=unknown_E
#
# <colnr> <probs for GDERKNQSTAVLIFYWHMCP>
#	G	D	E	R	K	N	Q	S	T	A	V	L	I	F	Y	W	H	M	C	P
0	0.01639	0.01672	0.18725	0.01759	0.02337	0.01255	0.32448	0.02188	0.07713	0.22045	0.01525	0.01629	0.01059	0.00581	0.00611	0.00186	0.00766	0.00591	0.00417	0.00853
1	0.00824	0.00615	0.00764	0.00726	0.00867	0.00586	0.00539	0.01122	0.05154	0.02067	0.54030	0.04192	0.14232	0.06853	0.04701	0.00246	0.00365	0.01003	0.00578	0.00535
2	0.34921	0.07559	0.05095	0.01087	0.01538	0.01266	0.08702	0.06014	0.01297	0.17990	0.01207	0.01271	0.00870	0.00559	0.00464	0.00165	0.00549	0.00424	0.00418	0.08601
3	0.00852	0.00615	0.00787	0.00772	0.00805	0.00679	0.00520	0.00926	0.00863	0.01196	0.01651	0.03109	0.01789	0.50680	0.27028	0.00654	0.05587	0.00741	0.00328	0.00417
4	0.01750	0.08718	0.01925	0.10237	0.07344	0.17126	0.07124	0.22995	0.13040	0.02258	0.01289	0.01413	0.00984	0.00621	0.00552	0.00169	0.00729	0.00498	0.00408	0.00819
5	0.00817	0.00613	0.00919	0.00919	0.01021	0.00715	0.00715	0.01021	0.00919	0.01328	0.01532	0.02247	0.01430	0.04290	0.77631	0.00919	0.01532	0.00613	0.00306	0.00511
6	0.12120	0.35131	0.14402	0.01166	0.01674	0.08166	0.01151	0.16562	0.01494	0.02041	0.00958	0.01069	0.00767	0.00552	0.00448	0.00151	0.00667	0.00373	0.00329	0.00780

[dist]
# distance from previous block
# <min> <max>
10	66

[block]
# block no. 5 follows, 41 sequences, length 12
# corresponding to MSA columns:
# 842-853
name=unknown_F
#
# <colnr> <probs for GDERKNQSTAVLIFYWHMCP>
#	G	D	E	R	K	N	Q	S	T	A	V	L	I	F	Y	W	H	M	C	P
0	0.01265	0.07656	0.34917	0.07384	0.02191	0.01323	0.08942	0.08538	0.01386	0.03625	0.06065	0.01815	0.07173	0.00678	0.00611	0.00180	0.03316	0.00561	0.00339	0.02036
1	0.05927	0.05097	0.37362	0.01421	0.02010	0.01325	0.06537	0.06230	0.10162	0.03762	0.01352	0.05186	0.01088	0.00666	0.00595	0.00181	0.03358	0.01984	0.00348	0.05408
2	0.06755	0.22618	0.20025	0.01248	0.04744	0.07537	0.01197	0.08128	0.01398	0.04686	0.06985	0.01559	0.03965	0.00627	0.00493	0.00156	0.00637	0.00471	0.01662	0.05109
3	0.01356	0.35857	0.29077	0.01218	0.01781	0.01672	0.01342	0.08275	0.01332	0.01768	0.04331	0.07261	0.01187	0.00656	0.00490	0.00159	0.00661	0.00500	0.00312	0.00767
4	0.01300	0.07962	0.35597	0.07775	0.13071	0.01363	0.09807	0.01854	0.05689	0.05357	0.01245	0.04264	0.00978	0.00598	0.00561	0.00180	0.00751	0.00526	0.00307	0.00817
5	0.01465	0.03631	0.03643	0.01053	0.04490	0.06768	0.00823	0.01740	0.02809	0.14304	0.05020	0.04070	0.03432	0.00609	0.00496	0.00127	0.00497	0.00494	0.00419	0.44110
6	0.00828	0.00568	0.00693	0.00693	0.00718	0.00592	0.00433	0.00876	0.00852	0.01161	0.01739	0.03391	0.01926	0.62084	0.20516	0.00640	0.00785	0.00780	0.00337	0.00385
7	0.01022	0.01052	0.07799	0.01028	0.01303	0.04085	0.07708	0.04088	0.05987	0.02154	0.45374	0.03485	0.10580	0.01009	0.00647	0.00182	0.00445	0.00892	0.00535	0.00627
8	0.07705	0.00934	0.01096	0.00864	0.01254	0.00796	0.00682	0.04432	0.01330	0.12966	0.09320	0.10797	0.01740	0.00723	0.00509	0.00136	0.00416	0.00602	0.00456	0.43243
9	0.01339	0.03327	0.03809	0.03338	0.01502	0.00932	0.00803	0.06737	0.04085	0.06459	0.01283	0.01396	0.02871	0.00509	0.00463	0.00111	0.00469	0.00407	0.00383	0.59777
10	0.01391	0.01319	0.10004	0.01203	0.06849	0.02814	0.00978	0.08963	0.01380	0.07916	0.01284	0.05404	0.01067	0.00711	0.03347	0.00158	0.00567	0.00475	0.00384	0.43786
11	0.27869	0.07805	0.21156	0.01117	0.01579	0.05897	0.01120	0.06562	0.03995	0.04595	0.01362	0.04484	0.04506	0.00671	0.00523	0.00177	0.03026	0.00484	0.02352	0.00722

[dist]
# distance from previous block
# <min> <max>
0	12

[block]
# block no. 6 follows, 41 sequences, length 79
# corresponding to MSA columns:
# 866-944
name=unknown_G
#
# <colnr> <probs for GDERKNQSTAVLIFYWHMCP>
#	G	D	E	R	K	N	Q	S	T	A	V	L	I	F	Y	W	H	M	C	P
0	0.00746	0.00614	0.03679	0.00826	0.00899	0.00522	0.00601	0.00876	0.01111	0.01492	0.05958	0.61718	0.03542	0.08909	0.00925	0.00260	0.00382	0.05958	0.00506	0.00476
1	0.01552	0.15953	0.20490	0.01441	0.07194	0.12282	0.03328	0.05202	0.05902	0.09970	0.01493	0.05671	0.03669	0.00768	0.02488	0.00187	0.00719	0.00538	0.00368	0.00784
2	0.00832	0.00599	0.00724	0.00702	0.00865	0.00529	0.00520	0.01031	0.01417	0.04982	0.35388	0.16481	0.28472	0.01318	0.00672	0.00189	0.00300	0.01145	0.00575	0.03261
3	0.01227	0.01041	0.01208	0.00867	0.01373	0.00804	0.00695	0.04466	0.01248	0.01936	0.01031	0.01194	0.00852	0.00435	0.00430	0.00088	0.00432	0.00346	0.00349	0.79977
4	0.03561	0.03290	0.07872	0.01167	0.04485	0.01110	0.02981	0.18088	0.03689	0.06814	0.10311	0.06116	0.03093	0.00715	0.00542	0.00153	0.00516	0.00595	0.00456	0.24447
5	0.15565	0.43497	0.07583	0.01051	0.01492	0.11821	0.00990	0.03678	0.03301	0.01672	0.00924	0.01118	0.00805	0.03819	0.00514	0.00160	0.00649	0.00360	0.00292	0.00708
6	0.00847	0.00654	0.00798	0.00818	0.00985	0.00616	0.00648	0.01147	0.06064	0.01817	0.19777	0.12708	0.24224	0.01375	0.00698	0.00210	0.00374	0.21721	0.00547	0.03971
7	0.01267	0.03896	0.28105	0.01336	0.04221	0.01121	0.05584	0.03205	0.08589	0.08961	0.13482	0.02267	0.08607	0.00767	0.00616	0.00179	0.02582	0.00642	0.00421	0.04153
8	0.00852	0.00636	0.00895	0.00939	0.04090	0.00586	0.03638	0.01030	0.01278	0.03831	0.22419	0.39733	0.09780	0.04495	0.00775	0.00218	0.00368	0.01254	0.00530	0.02651
9	0.01186	0.01017	0.01186	0.00847	0.01356	0.00762	0.00678	0.01440	0.01186	0.01864	0.01017	0.01186	0.00847	0.00424	0.00424	0.00085	0.00424	0.00339	0.00339	0.83395
10	0.01457	0.05378	0.31082	0.01358	0.05594	0.01160	0.01362	0.03674	0.06020	0.14608	0.01337	0.01430	0.00977	0.00709	0.03590	0.00187	0.00672	0.00454	0.00376	0.18575
11	0.01488	0.01309	0.01372	0.03323	0.03616	0.04473	0.00966	0.07303	0.63918	0.02388	0.02143	0.02008	0.01609	0.00750	0.00578	0.00190	0.00501	0.00620	0.00553	0.00893
12	0.01321	0.01120	0.05490	0.01301	0.01630	0.03315	0.14606	0.04231	0.08210	0.11357	0.11342	0.03643	0.06034	0.01019	0.00674	0.00208	0.00589	0.22709	0.00502	0.00699
13	0.01416	0.01359	0.02322	0.03511	0.76330	0.01359	0.01755	0.01755	0.01302	0.01869	0.01076	0.01416	0.00906	0.00510	0.00566	0.00170	0.00680	0.00510	0.00283	0.00906
14	0.01043	0.01131	0.10024	0.01241	0.01505	0.00991	0.10007	0.03323	0.10542	0.01754	0.02453	0.25656	0.07487	0.01200	0.00793	0.00219	0.07936	0.11606	0.00448	0.00641
15	0.01654	0.03718	0.01775	0.01487	0.01654	0.28943	0.03683	0.03981	0.01249	0.04173	0.00887	0.01203	0.00780	0.00803	0.01224	0.00203	0.41161	0.00457	0.00294	0.00670
16	0.02336	0.01051	0.01407	0.03864	0.01601	0.02190	0.03291	0.05134	0.06334	0.61337	0.02209	0.01978	0.03096	0.00714	0.00580	0.00179	0.00519	0.00590	0.00654	0.00934
17	0.00710	0.00612	0.00669	0.06369	0.01010	0.00543	0.00523	0.00876	0.01302	0.01562	0.07600	0.05171	0.68333	0.01375	0.00668	0.00193	0.00324	0.01150	0.00514	0.00496
18	0.00681	0.00580	0.00586	0.00584	0.00775	0.00485	0.00438	0.00830	0.01315	0.01571	0.08210	0.05462	0.73667	0.01439	0.00676	0.00193	0.00289	0.01201	0.00535	0.00485
19	0.01157	0.02570	0.63176	0.01493	0.02230	0.01232	0.01856	0.01800	0.04493	0.03920	0.03372	0.01730	0.05394	0.00653	0.00563	0.00184	0.00763	0.02294	0.00304	0.00814
20	0.01334	0.01276	0.02175	0.21682	0.58794	0.01338	0.01715	0.01684	0.01264	0.01770	0.01062	0.01442	0.00871	0.00525	0.00568	0.00175	0.00700	0.00509	0.00276	0.00840
21	0.01423	0.01229	0.01293	0.01164	0.01487	0.01423	0.00905	0.03039	0.75297	0.02393	0.02328	0.02134	0.01746	0.00776	0.00582	0.00194	0.00453	0.00647	0.00582	0.00905
22	0.02566	0.00973	0.01327	0.01018	0.01460	0.00841	0.00841	0.02788	0.01637	0.76726	0.02257	0.01947	0.01416	0.00708	0.00575	0.00177	0.00487	0.00575	0.00708	0.00973
23	0.01409	0.01327	0.01485	0.08084	0.14300	0.17548	0.03966	0.03943	0.03450	0.06817	0.04863	0.22762	0.01931	0.00970	0.00651	0.00190	0.02763	0.02445	0.00416	0.00681
24	0.00832	0.00555	0.00624	0.00624	0.00624	0.00555	0.00347	0.00832	0.00832	0.01109	0.01802	0.03743	0.02080	0.79898	0.02911	0.00555	0.00555	0.00832	0.00347	0.00347
25	0.00736	0.00582	0.00663	0.00642	0.00809	0.00508	0.00482	0.00937	0.01445	0.01881	0.37340	0.04951	0.44343	0.01323	0.00675	0.00187	0.00281	0.01130	0.00575	0.00508
26	0.02040	0.01176	0.01309	0.01039	0.01411	0.03210	0.00846	0.31968	0.01968	0.27015	0.01764	0.01729	0.01227	0.00686	0.00531	0.00164	0.00508	0.00535	0.20013	0.00861
27	0.01475	0.01524	0.07516	0.08074	0.26561	0.03173	0.16200	0.13507	0.05918	0.02088	0.01216	0.02752	0.00970	0.00611	0.00676	0.00184	0.05815	0.00561	0.00346	0.00834
28	0.01360	0.01539	0.03123	0.02271	0.02769	0.03608	0.63073	0.01788	0.01298	0.01763	0.01099	0.01492	0.00850	0.00550	0.00821	0.00199	0.10719	0.00645	0.00285	0.00750
29	0.80564	0.04347	0.00929	0.00761	0.01121	0.01323	0.00634	0.01683	0.00981	0.02516	0.00796	0.00929	0.00624	0.00529	0.00355	0.00175	0.00449	0.00310	0.00349	0.00624
30	0.08890	0.01089	0.01259	0.01021	0.01407	0.01085	0.00822	0.14302	0.14064	0.30179	0.03886	0.06281	0.03448	0.00765	0.00556	0.00173	0.00475	0.00619	0.00581	0.09098
31	0.01350	0.01543	0.03375	0.02411	0.02989	0.01446	0.74253	0.01832	0.01350	0.01832	0.01157	0.01543	0.00868	0.00482	0.00675	0.00193	0.00964	0.00675	0.00289	0.00771
32	0.00897	0.00632	0.00852	0.00956	0.01057	0.00632	0.00790	0.01100	0.01208	0.01578	0.02772	0.07699	0.03047	0.18194	0.01238	0.00324	0.00528	0.55520	0.00489	0.00487
33	0.01147	0.02959	0.76934	0.01630	0.02476	0.01328	0.02113	0.01811	0.01208	0.01811	0.01026	0.01208	0.00725	0.00543	0.00543	0.00181	0.00845	0.00423	0.00242	0.00845
34	0.00679	0.00580	0.00584	0.00583	0.00775	0.00484	0.00437	0.00828	0.01312	0.01564	0.07597	0.05473	0.74284	0.01441	0.00676	0.00193	0.00289	0.01203	0.00534	0.00484
35	0.00743	0.00545	0.00704	0.00789	0.00873	0.00506	0.00571	0.00900	0.01243	0.01649	0.16140	0.47184	0.13430	0.01611	0.00721	0.00222	0.00341	0.10792	0.00548	0.00488
36	0.00714	0.00545	0.00660	0.00733	0.00837	0.00491	0.00526	0.00855	0.01225	0.01573	0.09711	0.42430	0.29295	0.01608	0.00711	0.00217	0.00326	0.06524	0.00538	0.00481
37	0.01402	0.01345	0.02296	0.06637	0.73313	0.01355	0.01748	0.01743	0.01296	0.01852	0.01073	0.01420	0.00900	0.00512	0.00567	0.00171	0.00683	0.00510	0.00282	0.00895
38	0.01912	0.00981	0.01225	0.01049	0.01393	0.00968	0.00847	0.02545	0.23555	0.40963	0.02426	0.08067	0.01889	0.00901	0.00612	0.00195	0.00470	0.08496	0.00638	0.00868
39	0.01416	0.01359	0.02322	0.03511	0.76330	0.01359	0.01755	0.01755	0.01302	0.01869	0.01076	0.01416	0.00906	0.00510	0.00566	0.00170	0.00680	0.00510	0.00283	0.00906
40	0.01350	0.01543	0.03375	0.02411	0.02989	0.01446	0.74253	0.01832	0.01350	0.01832	0.01157	0.01543	0.00868	0.00482	0.00675	0.00193	0.00964	0.00675	0.00289	0.00771
41	0.05526	0.01135	0.01515	0.01218	0.03667	0.01114	0.03986	0.14286	0.01708	0.51360	0.01870	0.01733	0.01228	0.00703	0.00661	0.00182	0.06020	0.00552	0.00610	0.00925
42	0.19613	0.12760	0.01635	0.11542	0.03133	0.27884	0.01029	0.07294	0.01411	0.04828	0.01035	0.03542	0.00856	0.00608	0.00481	0.00162	0.00730	0.00426	0.00339	0.00693
43	0.02137	0.02726	0.01621	0.01474	0.01768	0.77602	0.01105	0.02284	0.01621	0.01400	0.00884	0.01031	0.00737	0.00589	0.00516	0.00147	0.01031	0.00368	0.00295	0.00663
44	0.01475	0.01160	0.01347	0.01118	0.05723	0.01069	0.00841	0.21256	0.04072	0.04898	0.01647	0.01709	0.07930	0.00616	0.00506	0.00130	0.00485	0.00495	0.00437	0.43087
45	0.01334	0.01496	0.03079	0.02313	0.05856	0.03673	0.63371	0.01777	0.01345	0.01801	0.01294	0.04892	0.01072	0.00580	0.00672	0.00195	0.00913	0.03277	0.00308	0.00752
46	0.00832	0.00555	0.00624	0.00624	0.00624	0.00555	0.00347	0.00832	0.00832	0.01109	0.01802	0.03743	0.02080	0.79898	0.02911	0.00555	0.00555	0.00832	0.00347	0.00347
47	0.11163	0.33705	0.06138	0.01260	0.01736	0.09163	0.10017	0.12075	0.01457	0.06896	0.01039	0.01154	0.00816	0.00548	0.00469	0.00153	0.00683	0.00411	0.00344	0.00774
48	0.00832	0.00555	0.00624	0.00624	0.00624	0.00555	0.00347	0.00832	0.00832	0.01109	0.01802	0.03743	0.02080	0.79898	0.02911	0.00555	0.00555	0.00832	0.00347	0.00347
49	0.00706	0.00504	0.00674	0.00807	0.00844	0.00472	0.00547	0.00812	0.01104	0.01470	0.03148	0.76614	0.03764	0.01784	0.00732	0.00234	0.00340	0.04448	0.00531	0.00467
50	0.01788	0.04028	0.01641	0.14879	0.02039	0.19154	0.01150	0.23540	0.04177	0.07204	0.01286	0.01585	0.01013	0.00711	0.00691	0.00180	0.08647	0.03480	0.02039	0.00770
51	0.00961	0.00834	0.01291	0.01149	0.04143	0.00858	0.13350	0.01102	0.01023	0.01373	0.02146	0.06223	0.11907	0.38513	0.04226	0.00393	0.08818	0.00834	0.00356	0.00500
52	0.09664	0.55406	0.05715	0.01084	0.01558	0.08623	0.02762	0.06586	0.01291	0.01651	0.00860	0.00986	0.00742	0.00517	0.00407	0.00137	0.00651	0.00339	0.00282	0.00738
53	0.19653	0.12937	0.03540	0.01197	0.01477	0.09244	0.01021	0.12101	0.03963	0.02022	0.00963	0.01182	0.00804	0.00709	0.00881	0.00187	0.24436	0.00423	0.02554	0.00707
54	0.03556	0.01159	0.07016	0.05771	0.01602	0.02766	0.04215	0.06606	0.04328	0.04512	0.03201	0.01649	0.01151	0.01514	0.19118	0.03193	0.03385	0.00499	0.00357	0.24402
55	0.00701	0.00500	0.00662	0.00791	0.00823	0.00468	0.00525	0.00798	0.01086	0.01449	0.03108	0.77030	0.03727	0.04363	0.00802	0.00243	0.00339	0.01600	0.00525	0.00461
56	0.01583	0.01819	0.01582	0.01401	0.01569	0.36371	0.03480	0.01736	0.01238	0.01384	0.00979	0.01403	0.00899	0.04490	0.11946	0.00308	0.26434	0.00475	0.00284	0.00620
57	0.01313	0.04444	0.03770	0.04363	0.07142	0.01010	0.04152	0.07806	0.01357	0.03987	0.04247	0.03393	0.01131	0.00541	0.00488	0.00122	0.00512	0.00458	0.00369	0.49395
58	0.00818	0.00611	0.00909	0.00909	0.01007	0.00709	0.00702	0.01015	0.00916	0.01320	0.01542	0.02301	0.01453	0.07005	0.74948	0.00906	0.01497	0.00621	0.00308	0.00505
59	0.00817	0.00613	0.00919	0.00919	0.01021	0.00715	0.00715	0.01021	0.00919	0.01328	0.01532	0.02247	0.01430	0.04290	0.77631	0.00919	0.01532	0.00613	0.00306	0.00511
60	0.01321	0.01257	0.02110	0.24619	0.52929	0.01337	0.01675	0.01723	0.04166	0.01774	0.01108	0.01475	0.00898	0.00538	0.00568	0.00177	0.00694	0.00515	0.00287	0.00830
61	0.01108	0.01014	0.01360	0.01210	0.01246	0.01327	0.00960	0.01316	0.05892	0.01398	0.01352	0.05469	0.03100	0.16133	0.08466	0.00359	0.46755	0.00650	0.00315	0.00571
62	0.00736	0.00560	0.00679	0.00715	0.00837	0.00504	0.00522	0.00910	0.01333	0.01751	0.25783	0.28356	0.28451	0.01480	0.00699	0.00205	0.00310	0.05113	0.00560	0.00496
63	0.00854	0.00639	0.00970	0.00946	0.01075	0.00591	0.07768	0.01024	0.01227	0.04612	0.12264	0.52641	0.08269	0.01514	0.00710	0.00218	0.00394	0.03229	0.00527	0.00527
64	0.03002	0.03037	0.08642	0.06851	0.22198	0.08480	0.05709	0.10304	0.01507	0.11796	0.01500	0.05088	0.01268	0.00721	0.00588	0.00183	0.00685	0.07231	0.00402	0.00807
65	0.02000	0.00990	0.04311	0.01134	0.04004	0.00829	0.03910	0.02243	0.01497	0.50222	0.03536	0.10898	0.03573	0.00881	0.00607	0.00188	0.00498	0.04917	0.02918	0.00844
66	0.00751	0.00598	0.00677	0.00707	0.00873	0.00533	0.00557	0.00928	0.01309	0.01618	0.09623	0.05583	0.50530	0.04675	0.00795	0.00224	0.00357	0.18641	0.00529	0.00492
67	0.01381	0.01323	0.02258	0.11368	0.68748	0.01350	0.01738	0.01725	0.01286	0.01826	0.01070	0.01427	0.00891	0.00516	0.00567	0.00172	0.00688	0.00510	0.00280	0.00878
68	0.03700	0.03109	0.14980	0.01282	0.01752	0.08620	0.02348	0.27901	0.09742	0.12923	0.01532	0.03613	0.01133	0.00683	0.00553	0.00174	0.00645	0.00532	0.03911	0.00866
69	0.73603	0.01231	0.00932	0.00825	0.01180	0.06915	0.00672	0.03193	0.01077	0.04948	0.00862	0.00979	0.00661	0.00544	0.00378	0.00175	0.00491	0.00327	0.00366	0.00641
70	0.01401	0.01320	0.04478	0.28126	0.23822	0.01402	0.04451	0.12369	0.12981	0.02060	0.01296	0.01557	0.00990	0.00598	0.00575	0.00182	0.00682	0.00535	0.00361	0.00816
71	0.00825	0.00605	0.00895	0.00895	0.00988	0.00697	0.00685	0.01000	0.00907	0.01302	0.01526	0.02313	0.01450	0.08539	0.70379	0.04139	0.01435	0.00621	0.00306	0.00491
72	0.01291	0.01208	0.01363	0.02940	0.14433	0.10737	0.02615	0.01719	0.12070	0.03921	0.05838	0.05698	0.13033	0.03633	0.00651	0.00175	0.00543	0.00678	0.00419	0.17035
73	0.01128	0.01018	0.05959	0.00891	0.01282	0.00780	0.00749	0.02708	0.05187	0.04033	0.13901	0.05972	0.04912	0.00857	0.02726	0.02893	0.00455	0.00599	0.00422	0.43528
74	0.01384	0.03169	0.14005	0.05935	0.10212	0.01128	0.07509	0.07308	0.07260	0.10872	0.10287	0.06380	0.05241	0.00761	0.00588	0.00177	0.00589	0.00669	0.00439	0.06089
75	0.01672	0.01488	0.11861	0.01585	0.10131	0.01285	0.09077	0.15688	0.14519	0.15377	0.01621	0.03424	0.01217	0.02661	0.00635	0.00186	0.00623	0.00575	0.00470	0.05905
76	0.03834	0.07587	0.22742	0.01699	0.06022	0.01325	0.22998	0.04864	0.04269	0.06966	0.03491	0.04213	0.04104	0.00637	0.00582	0.00179	0.00729	0.00598	0.00354	0.02806
77	0.02739	0.07636	0.09945	0.05829	0.12483	0.06863	0.06594	0.10701	0.05642	0.09273	0.04245	0.03412	0.01190	0.00622	0.00544	0.00163	0.00648	0.00526	0.00396	0.10550
78	0.01422	0.07624	0.08854	0.03168	0.23554	0.05548	0.13512	0.06901	0.09107	0.01988	0.06065	0.01602	0.01238	0.00589	0.00564	0.00168	0.00686	0.00543	0.00355	0.06513

[dist]
# distance from previous block
# <min> <max>
25	566

[block]
# block no. 7 follows, 41 sequences, length 32
# corresponding to MSA columns:
# 1561-1592
name=unknown_H
#
# <colnr> <probs for GDERKNQSTAVLIFYWHMCP>
#	G	D	E	R	K	N	Q	S	T	A	V	L	I	F	Y	W	H	M	C	P
0	0.01802	0.09223	0.05975	0.01493	0.08651	0.12678	0.06761	0.09921	0.07598	0.18664	0.01597	0.01721	0.03134	0.00732	0.01962	0.00184	0.02290	0.02283	0.00444	0.02890
1	0.08112	0.00931	0.07172	0.00792	0.01073	0.00741	0.00660	0.01256	0.04956	0.03094	0.10281	0.05290	0.23481	0.14993	0.00987	0.00236	0.00430	0.00807	0.00443	0.14267
2	0.00993	0.04894	0.01056	0.01011	0.07756	0.05111	0.00693	0.02815	0.03175	0.01758	0.14389	0.10522	0.33190	0.01120	0.00616	0.00175	0.00409	0.00947	0.00478	0.08890
3	0.01150	0.01204	0.08583	0.01060	0.01433	0.05902	0.06508	0.01551	0.06779	0.03485	0.26169	0.04368	0.04854	0.00795	0.00574	0.00155	0.00493	0.00691	0.00455	0.23793
4	0.01160	0.00994	0.01155	0.00834	0.01326	0.00748	0.00665	0.01409	0.01192	0.01848	0.01259	0.01406	0.04670	0.00476	0.00436	0.00090	0.00417	0.00383	0.00349	0.79182
5	0.01406	0.01124	0.01314	0.01042	0.04153	0.00981	0.00799	0.11441	0.07908	0.05308	0.01234	0.01335	0.00969	0.00505	0.00469	0.00113	0.00466	0.00406	0.00405	0.58623
6	0.03388	0.06431	0.10608	0.01135	0.01626	0.05085	0.04688	0.06845	0.10102	0.06795	0.04428	0.01479	0.01158	0.00566	0.00500	0.00138	0.00561	0.00458	0.00397	0.33611
7	0.01498	0.47968	0.06109	0.01077	0.01491	0.11274	0.00995	0.04421	0.06976	0.01553	0.01246	0.10702	0.01195	0.00694	0.00463	0.00149	0.00630	0.00515	0.00324	0.00720
8	0.00857	0.00631	0.00742	0.00735	0.00901	0.00582	0.00552	0.01138	0.06264	0.04863	0.26134	0.16496	0.31958	0.01350	0.00679	0.00198	0.00320	0.04483	0.00571	0.00547
9	0.01275	0.01382	0.02832	0.23469	0.05754	0.01404	0.49487	0.01714	0.01277	0.01717	0.01104	0.01525	0.00837	0.00523	0.00678	0.00193	0.03198	0.00618	0.00278	0.00734
10	0.01090	0.01004	0.01250	0.01226	0.08807	0.05731	0.03768	0.01299	0.01227	0.01699	0.07319	0.21072	0.08473	0.00970	0.00684	0.00167	0.06631	0.00827	0.00406	0.26352
11	0.00743	0.00576	0.00677	0.00665	0.00817	0.00509	0.00494	0.00946	0.01442	0.01906	0.40085	0.10634	0.35771	0.01338	0.00680	0.00190	0.00283	0.01155	0.00580	0.00509
12	0.00701	0.00584	0.00616	0.00627	0.00809	0.00498	0.00479	0.00859	0.01312	0.01586	0.08356	0.07358	0.65810	0.01456	0.00686	0.00199	0.00308	0.06732	0.00535	0.00488
13	0.01513	0.62599	0.12825	0.01102	0.01625	0.02092	0.01146	0.06516	0.01262	0.01558	0.00863	0.00995	0.00749	0.00523	0.00444	0.00137	0.02683	0.00340	0.00266	0.00762
14	0.01376	0.01312	0.02204	0.12355	0.64387	0.01351	0.01698	0.01777	0.04553	0.01843	0.01124	0.01460	0.00926	0.00529	0.00568	0.00173	0.00679	0.00516	0.00293	0.00874
15	0.01008	0.00776	0.00967	0.01029	0.01191	0.00820	0.00837	0.01595	0.20820	0.01840	0.02869	0.20422	0.02985	0.01411	0.00723	0.00239	0.00467	0.38845	0.00542	0.00614
16	0.02342	0.00925	0.01246	0.00972	0.01380	0.00800	0.00797	0.02561	0.01614	0.67544	0.06673	0.02314	0.06571	0.00783	0.00587	0.00178	0.00461	0.00643	0.00692	0.00916
17	0.01475	0.04827	0.19960	0.01440	0.07760	0.01329	0.02277	0.22531	0.08709	0.04584	0.07186	0.04580	0.04718	0.00795	0.00590	0.00184	0.00612	0.05167	0.00454	0.00821
18	0.00817	0.00613	0.00919	0.00919	0.01021	0.00715	0.00715	0.01021	0.00919	0.01328	0.01532	0.02247	0.01430	0.04290	0.77631	0.00919	0.01532	0.00613	0.00306	0.00511
19	0.00809	0.00590	0.00765	0.00736	0.00875	0.00545	0.00562	0.01071	0.01575	0.02199	0.65738	0.04523	0.09900	0.01220	0.00684	0.00187	0.00291	0.06580	0.00615	0.00535
20	0.02022	0.00947	0.01207	0.00962	0.01327	0.00873	0.00781	0.11485	0.01740	0.46848	0.16382	0.02617	0.08506	0.00856	0.00602	0.00178	0.00447	0.00708	0.00661	0.00849
21	0.01288	0.01229	0.02092	0.31975	0.48861	0.01326	0.01692	0.01644	0.01242	0.01714	0.01053	0.01457	0.00852	0.00533	0.00568	0.00178	0.00711	0.00509	0.00272	0.00803
22	0.02137	0.02726	0.01621	0.01474	0.01768	0.77602	0.01105	0.02284	0.01621	0.01400	0.00884	0.01031	0.00737	0.00589	0.00516	0.00147	0.01031	0.00368	0.00295	0.00663
23	0.83938	0.01106	0.00841	0.00752	0.01106	0.01283	0.00619	0.01681	0.00973	0.02566	0.00796	0.00929	0.00619	0.00531	0.00354	0.00177	0.00442	0.00310	0.00354	0.00619
24	0.01184	0.08178	0.03371	0.24845	0.02064	0.03131	0.01019	0.03317	0.05032	0.06097	0.07035	0.10748	0.08564	0.00987	0.03829	0.00207	0.00596	0.00709	0.00398	0.08688
25	0.01408	0.18680	0.17091	0.01783	0.14951	0.01537	0.10420	0.04789	0.01285	0.05976	0.01367	0.01561	0.05804	0.00649	0.00700	0.00176	0.10204	0.00518	0.00316	0.00785
26	0.00821	0.00550	0.00627	0.00637	0.00640	0.00548	0.00361	0.00829	0.00852	0.01136	0.01907	0.09614	0.02211	0.73848	0.02742	0.00530	0.00537	0.00893	0.00361	0.00356
27	0.01147	0.02959	0.76934	0.01630	0.02476	0.01328	0.02113	0.01811	0.01208	0.01811	0.01026	0.01208	0.00725	0.00543	0.00543	0.00181	0.00845	0.00423	0.00242	0.00845
28	0.01530	0.01738	0.21424	0.05786	0.04166	0.05173	0.04533	0.12025	0.18604	0.09800	0.04681	0.01893	0.02880	0.00703	0.00580	0.00184	0.00651	0.02360	0.00448	0.00839
29	0.04069	0.01093	0.05431	0.01064	0.04611	0.01001	0.00847	0.14492	0.10139	0.16095	0.09485	0.03055	0.24325	0.00954	0.00606	0.00183	0.00456	0.00785	0.00553	0.00757
30	0.00768	0.00568	0.00717	0.00712	0.00837	0.00517	0.00522	0.00987	0.01473	0.02023	0.51587	0.18519	0.15997	0.01329	0.00685	0.00192	0.00284	0.01172	0.00596	0.00517
31	0.01219	0.01166	0.02029	0.33418	0.30126	0.01271	0.09020	0.01578	0.01234	0.01672	0.01249	0.01977	0.01081	0.00652	0.00635	0.00192	0.02659	0.07787	0.00296	0.00738

[dist]
# distance from previous block
# <min> <max>
5	8

[block]
# block no. 8 follows, 41 sequences, length 20
# corresponding to MSA columns:
# 1603-1622
name=unknown_I
#
# <colnr> <probs for GDERKNQSTAVLIFYWHMCP>
#	G	D	E	R	K	N	Q	S	T	A	V	L	I	F	Y	W	H	M	C	P
0	0.01080	0.01017	0.01716	0.78523	0.03940	0.01271	0.01589	0.01461	0.01144	0.01461	0.01017	0.01525	0.00762	0.00572	0.00572	0.00191	0.00762	0.00508	0.00254	0.00635
1	0.00832	0.00555	0.00624	0.00624	0.00624	0.00555	0.00347	0.00832	0.00832	0.01109	0.01802	0.03743	0.02080	0.79898	0.02911	0.00555	0.00555	0.00832	0.00347	0.00347
2	0.01629	0.12617	0.16164	0.01447	0.01954	0.08320	0.13040	0.16749	0.07939	0.07292	0.06205	0.01571	0.01243	0.00632	0.00558	0.00171	0.00709	0.00531	0.00408	0.00821
3	0.00832	0.00555	0.00624	0.00624	0.00624	0.00555	0.00347	0.00832	0.00832	0.01109	0.01802	0.03743	0.02080	0.79898	0.02911	0.00555	0.00555	0.00832	0.00347	0.00347
4	0.00701	0.00509	0.00662	0.00775	0.00826	0.00470	0.00524	0.00813	0.01139	0.01510	0.07134	0.69817	0.09544	0.01733	0.00723	0.00227	0.00325	0.01563	0.00536	0.00470
5	0.01337	0.13781	0.09850	0.07464	0.01936	0.16672	0.13225	0.01606	0.01255	0.01524	0.01454	0.19231	0.01461	0.00853	0.00664	0.00184	0.05789	0.00724	0.00329	0.00661
6	0.01410	0.10538	0.08169	0.01093	0.01546	0.01231	0.03372	0.20194	0.01592	0.02229	0.06305	0.07435	0.01401	0.00766	0.02503	0.00163	0.00565	0.00551	0.00411	0.28525
