[name]
unknown

[dist]
# distance from previous block
# <min> <max>
0	15

[block]
# block no. 0 follows, 53 sequences, length 69
# corresponding to MSA columns:
# 320-388
name=unknown_A
#
# <colnr> <probs for GDERKNQSTAVLIFYWHMCP>
#	G	D	E	R	K	N	Q	S	T	A	V	L	I	F	Y	W	H	M	C	P
0	0.03122	0.00885	0.01009	0.05778	0.02877	0.04064	0.00723	0.13079	0.15599	0.07636	0.02849	0.11265	0.04841	0.06344	0.03679	0.00202	0.03933	0.05068	0.03391	0.03653
1	0.03259	0.00706	0.00813	0.00833	0.04414	0.03906	0.00579	0.08368	0.07374	0.03283	0.12502	0.30190	0.03730	0.03913	0.02230	0.07047	0.00379	0.00831	0.03440	0.02203
2	0.02526	0.00694	0.00844	0.03756	0.05085	0.02855	0.00610	0.08743	0.04863	0.07165	0.04957	0.30087	0.08877	0.06356	0.04029	0.06398	0.00419	0.00840	0.00401	0.00496
3	0.00837	0.00848	0.11418	0.00785	0.00997	0.00655	0.01790	0.03528	0.08891	0.04236	0.04898	0.22454	0.15741	0.09776	0.04499	0.03364	0.00431	0.00808	0.00382	0.03661
4	0.03254	0.00622	0.00752	0.04270	0.00936	0.00646	0.00555	0.09675	0.05431	0.01650	0.17933	0.33011	0.08348	0.03182	0.02090	0.00187	0.01889	0.00922	0.04164	0.00483
5	0.00892	0.00585	0.00712	0.00687	0.00821	0.00572	0.00502	0.04462	0.08257	0.09134	0.17398	0.29180	0.07900	0.08106	0.02997	0.00207	0.00340	0.00898	0.04290	0.02059
6	0.00902	0.00525	0.00665	0.00661	0.00769	0.00491	0.00468	0.02314	0.02292	0.13887	0.13107	0.38416	0.05608	0.12754	0.00822	0.00212	0.00319	0.00974	0.04346	0.00466
7	0.00815	0.00546	0.00671	0.00669	0.00784	0.00530	0.00485	0.02154	0.07936	0.07477	0.19548	0.29986	0.10848	0.08424	0.02696	0.00210	0.00328	0.02671	0.02751	0.00469
8	0.03528	0.00533	0.00633	0.00665	0.00756	0.00532	0.00470	0.04658	0.05958	0.01456	0.08624	0.46395	0.08954	0.05656	0.02013	0.01920	0.00318	0.01036	0.05458	0.00438
9	0.01129	0.00645	0.00793	0.00736	0.00912	0.00620	0.00559	0.09336	0.03608	0.20015	0.03617	0.28911	0.11673	0.04846	0.00655	0.01807	0.00350	0.05162	0.04083	0.00544
10	0.04307	0.00730	0.00940	0.00824	0.01023	0.00727	0.05796	0.12060	0.05819	0.11714	0.10847	0.23527	0.09610	0.06168	0.00655	0.00184	0.00378	0.02294	0.01844	0.00550
11	0.00889	0.00648	0.00857	0.00793	0.00923	0.00667	0.05439	0.10125	0.02676	0.03026	0.03890	0.29443	0.05219	0.10925	0.04981	0.00235	0.03450	0.03885	0.11453	0.00477
12	0.02240	0.00600	0.00700	0.00679	0.00803	0.00598	0.00495	0.09391	0.03906	0.05665	0.09451	0.24619	0.11264	0.16924	0.00909	0.00225	0.00350	0.05435	0.05278	0.00467
13	0.04541	0.03880	0.03254	0.09755	0.04103	0.02431	0.02359	0.21897	0.04374	0.13812	0.05014	0.02674	0.01066	0.00802	0.06054	0.00193	0.08843	0.00462	0.00379	0.04106
14	0.05895	0.02299	0.01087	0.08182	0.01335	0.05263	0.02376	0.13554	0.16472	0.05449	0.02549	0.08142	0.06174	0.02087	0.06607	0.00197	0.00509	0.00548	0.01609	0.09664
15	0.01580	0.00865	0.01033	0.00833	0.01129	0.00856	0.00673	0.21399	0.06516	0.33082	0.14152	0.02061	0.07833	0.00698	0.00492	0.00147	0.00384	0.00571	0.04992	0.00701
16	0.01395	0.04379	0.05415	0.07845	0.03389	0.08633	0.07259	0.23849	0.01384	0.09498	0.01138	0.05393	0.00935	0.03113	0.04985	0.00196	0.09715	0.00481	0.00348	0.00648
17	0.30095	0.00849	0.00911	0.00741	0.01055	0.00858	0.00606	0.08432	0.01200	0.34989	0.01341	0.01303	0.00920	0.00529	0.00396	0.00140	0.00379	0.00392	0.11617	0.03249
18	0.00682	0.00504	0.00732	0.00734	0.00807	0.00576	0.00554	0.00829	0.00762	0.01088	0.01338	0.03727	0.01307	0.13914	0.69353	0.00716	0.01153	0.00554	0.00264	0.00408
19	0.00720	0.00514	0.00599	0.00595	0.00644	0.00526	0.00387	0.00862	0.06440	0.01113	0.04952	0.04451	0.07670	0.55299	0.10191	0.00425	0.00512	0.03411	0.00329	0.00359
20	0.00631	0.00498	0.00570	0.00554	0.00695	0.00443	0.00419	0.00824	0.02690	0.01584	0.37971	0.04109	0.43379	0.01099	0.00565	0.00158	0.00242	0.02657	0.00481	0.00432
21	0.01369	0.01214	0.01332	0.03977	0.01483	0.09195	0.07506	0.17462	0.43353	0.03828	0.03141	0.01537	0.01210	0.00596	0.00487	0.00154	0.00499	0.00499	0.00433	0.00725
22	0.00633	0.00487	0.00579	0.00556	0.00687	0.00432	0.00417	0.00818	0.01250	0.01673	0.50683	0.03972	0.33948	0.01068	0.00564	0.00155	0.00232	0.00921	0.00494	0.00432
23	0.01278	0.83490	0.02505	0.00818	0.01227	0.01891	0.00818	0.01431	0.00971	0.01125	0.00664	0.00767	0.00613	0.00409	0.00307	0.00102	0.00511	0.00256	0.00204	0.00613
24	0.02104	0.00829	0.01115	0.00854	0.01225	0.00723	0.00705	0.04464	0.01383	0.76200	0.01836	0.01596	0.01160	0.00585	0.00477	0.00146	0.00409	0.00474	0.00580	0.03136
25	0.01063	0.05336	0.01514	0.06327	0.01386	0.03007	0.01049	0.01184	0.00771	0.01154	0.00646	0.01042	0.00627	0.00785	0.01412	0.00199	0.71352	0.00408	0.00210	0.00529
26	0.08787	0.01001	0.01143	0.00897	0.01254	0.06268	0.00734	0.13906	0.01458	0.57110	0.01599	0.01434	0.01035	0.00570	0.00462	0.00146	0.00453	0.00444	0.00527	0.00772
27	0.00969	0.06932	0.74310	0.01312	0.01987	0.01137	0.01679	0.01493	0.01016	0.01502	0.02883	0.01062	0.00706	0.00465	0.00449	0.00149	0.00683	0.00361	0.00210	0.00695
28	0.00959	0.02472	0.80726	0.01362	0.02069	0.01110	0.01766	0.01514	0.01009	0.01514	0.00858	0.01009	0.00605	0.00454	0.00454	0.00151	0.00706	0.00353	0.00202	0.00706
29	0.00891	0.00445	0.00445	0.00445	0.00557	0.00445	0.00334	0.01114	0.01002	0.01782	0.01559	0.01782	0.01225	0.00557	0.00334	0.00111	0.00223	0.00445	0.85856	0.00445
30	0.00695	0.00465	0.00527	0.00527	0.00529	0.00467	0.00297	0.00699	0.00697	0.00931	0.01500	0.03097	0.01724	0.81250	0.04367	0.00471	0.00483	0.00691	0.00289	0.00293
31	0.00736	0.00532	0.00636	0.00619	0.00636	0.00576	0.00395	0.00807	0.03499	0.01006	0.01475	0.05677	0.01651	0.65021	0.07882	0.00444	0.07097	0.00678	0.00293	0.00338
32	0.01127	0.45284	0.39392	0.01075	0.01624	0.01523	0.01265	0.01470	0.00989	0.01308	0.00756	0.00881	0.00610	0.00430	0.00376	0.00125	0.00603	0.00302	0.00203	0.00657
33	0.01138	0.01209	0.06697	0.26727	0.42134	0.06084	0.02341	0.03636	0.02722	0.01480	0.00901	0.01193	0.00718	0.00456	0.00472	0.00147	0.00614	0.00418	0.00240	0.00673
34	0.06229	0.00547	0.00679	0.00620	0.00772	0.00512	0.00474	0.01059	0.01305	0.09477	0.63016	0.03267	0.08382	0.00920	0.00539	0.00151	0.00253	0.00798	0.00513	0.00487
35	0.01225	0.03488	0.31813	0.01331	0.08108	0.09385	0.03429	0.08392	0.18934	0.03335	0.01140	0.01210	0.00851	0.00506	0.00458	0.00145	0.00596	0.00407	0.00311	0.04938
36	0.08660	0.01122	0.02779	0.06166	0.04517	0.03186	0.02122	0.33180	0.04038	0.24253	0.01305	0.01346	0.00923	0.03587	0.00536	0.00158	0.00498	0.00441	0.00447	0.00737
37	0.77882	0.05046	0.00826	0.00670	0.00969	0.05381	0.00554	0.01433	0.00850	0.02043	0.00669	0.00781	0.00528	0.00445	0.00304	0.00144	0.00403	0.00261	0.00289	0.00524
38	0.01247	0.01028	0.01096	0.00975	0.01251	0.01176	0.00765	0.07350	0.70061	0.04427	0.01908	0.01831	0.01443	0.00659	0.00490	0.00162	0.00390	0.02499	0.00488	0.00754
39	0.01165	0.01118	0.01908	0.07923	0.75370	0.01131	0.01458	0.01451	0.01080	0.01540	0.00896	0.01189	0.00750	0.00429	0.00473	0.00143	0.00572	0.00426	0.00235	0.00743
40	0.00729	0.00520	0.00710	0.00810	0.00901	0.00514	0.00673	0.00909	0.01042	0.01358	0.02536	0.18211	0.04637	0.06851	0.00769	0.00231	0.00410	0.57340	0.00431	0.00420
41	0.59520	0.01064	0.03726	0.00772	0.01107	0.01141	0.00660	0.18504	0.01172	0.07258	0.00856	0.00920	0.00628	0.00482	0.00353	0.00147	0.00418	0.00314	0.00351	0.00608
42	0.00589	0.00421	0.00560	0.00661	0.00695	0.00392	0.00444	0.00681	0.00945	0.01267	0.07832	0.77559	0.03252	0.01462	0.00607	0.00191	0.00274	0.01326	0.00449	0.00392
43	0.01049	0.00845	0.00947	0.00895	0.01115	0.00924	0.00727	0.10248	0.36687	0.01845	0.02411	0.03184	0.11945	0.00919	0.00549	0.00178	0.00396	0.24049	0.00466	0.00620
44	0.00695	0.00463	0.00521	0.00521	0.00521	0.00463	0.00290	0.00695	0.00695	0.00927	0.01506	0.03128	0.01738	0.83203	0.02433	0.00463	0.00463	0.00695	0.00290	0.00290
45	0.00959	0.02472	0.80726	0.01362	0.02069	0.01110	0.01766	0.01514	0.01009	0.01514	0.00858	0.01009	0.00605	0.00454	0.00454	0.00151	0.00706	0.00353	0.00202	0.00706
46	0.00697	0.00544	0.00639	0.00605	0.00749	0.00515	0.00457	0.01010	0.09533	0.01735	0.48890	0.03694	0.27123	0.01013	0.00556	0.00155	0.00247	0.00874	0.00497	0.00469
47	0.01732	0.00778	0.01002	0.00796	0.01108	0.00703	0.00647	0.08773	0.01412	0.53714	0.12821	0.02193	0.10719	0.00714	0.00502	0.00149	0.00374	0.00590	0.00555	0.00716
48	0.00982	0.05634	0.72689	0.01382	0.02062	0.01147	0.06566	0.01511	0.01015	0.01499	0.00857	0.01017	0.00613	0.00449	0.00455	0.00150	0.00705	0.00363	0.00204	0.00699
49	0.86579	0.00924	0.00702	0.00629	0.00924	0.01072	0.00518	0.01405	0.00813	0.02144	0.00666	0.00776	0.00518	0.00444	0.00296	0.00148	0.00370	0.00259	0.00296	0.00518
50	0.86579	0.00924	0.00702	0.00629	0.00924	0.01072	0.00518	0.01405	0.00813	0.02144	0.00666	0.00776	0.00518	0.00444	0.00296	0.00148	0.00370	0.00259	0.00296	0.00518
51	0.00695	0.00463	0.00521	0.00521	0.00521	0.00463	0.00290	0.00695	0.00695	0.00927	0.01506	0.03128	0.01738	0.83203	0.02433	0.00463	0.00463	0.00695	0.00290	0.00290
52	0.00582	0.00416	0.00555	0.00666	0.00693	0.00388	0.00444	0.00666	0.00915	0.01220	0.02634	0.82891	0.03161	0.01497	0.00610	0.00194	0.00277	0.01359	0.00444	0.00388
53	0.01278	0.83490	0.02505	0.00818	0.01227	0.01891	0.00818	0.01431	0.00971	0.01125	0.00664	0.00767	0.00613	0.00409	0.00307	0.00102	0.00511	0.00256	0.00204	0.00613
54	0.00567	0.00484	0.00488	0.00487	0.00647	0.00405	0.00365	0.00691	0.01095	0.01305	0.06464	0.04578	0.78396	0.01205	0.00565	0.00161	0.00242	0.01006	0.00446	0.00405
55	0.01295	0.74542	0.06127	0.00870	0.01282	0.06861	0.00869	0.01465	0.00997	0.01146	0.00678	0.00784	0.00613	0.00416	0.00321	0.00106	0.00542	0.00263	0.00207	0.00614
56	0.00683	0.00505	0.00637	0.00606	0.00726	0.00471	0.00456	0.00927	0.03667	0.01823	0.66401	0.03658	0.12071	0.02661	0.00602	0.00160	0.00242	0.02742	0.00510	0.00452
57	0.01076	0.06551	0.19028	0.19541	0.35726	0.01172	0.01417	0.01465	0.04751	0.01460	0.00908	0.01164	0.00719	0.00463	0.00487	0.00148	0.02605	0.00404	0.00233	0.00682
58	0.00587	0.00486	0.00515	0.00512	0.00664	0.00414	0.00386	0.00727	0.01131	0.01393	0.16615	0.04456	0.66362	0.01176	0.00567	0.00161	0.00244	0.02734	0.00457	0.00412
59	0.00981	0.00810	0.00894	0.00818	0.01027	0.00889	0.00630	0.03906	0.44923	0.01899	0.23527	0.04957	0.09160	0.00879	0.02377	0.00173	0.00346	0.00691	0.00487	0.00625
60	0.79857	0.00916	0.00735	0.00646	0.00948	0.01043	0.00532	0.01479	0.00858	0.08386	0.00763	0.00844	0.00571	0.00455	0.00311	0.00148	0.00373	0.00276	0.00319	0.00541
61	0.00991	0.00850	0.00991	0.00708	0.01133	0.00637	0.00566	0.01203	0.00991	0.01557	0.00850	0.00991	0.00708	0.00354	0.00354	0.00071	0.00354	0.00283	0.00283	0.86124
62	0.01331	0.72844	0.03812	0.00866	0.01271	0.05745	0.00846	0.06324	0.01071	0.01253	0.00702	0.00800	0.00626	0.00424	0.00326	0.00107	0.00533	0.00271	0.00224	0.00625
63	0.52186	0.02732	0.03133	0.00948	0.02666	0.22463	0.05654	0.02626	0.01010	0.01814	0.00720	0.00850	0.00569	0.00455	0.00359	0.00141	0.00545	0.00299	0.00277	0.00550
64	0.01286	0.06412	0.03756	0.05662	0.54653	0.04906	0.01309	0.09115	0.03365	0.03602	0.00951	0.01165	0.00768	0.00455	0.00461	0.00140	0.00571	0.00413	0.00273	0.00735
65	0.09163	0.03712	0.02840	0.00817	0.01054	0.03535	0.09570	0.01128	0.02655	0.02975	0.33447	0.02764	0.16322	0.00804	0.00507	0.00147	0.00371	0.01877	0.00411	0.05901
66	0.00586	0.00484	0.00515	0.00520	0.00669	0.00414	0.00392	0.00720	0.01110	0.01359	0.12493	0.07981	0.65664	0.01203	0.00571	0.00164	0.00250	0.04045	0.00452	0.00409
67	0.00753	0.00609	0.00882	0.00845	0.00917	0.00748	0.00665	0.00932	0.02348	0.01129	0.01193	0.01777	0.01123	0.05483	0.64165	0.00655	0.14575	0.00503	0.00254	0.00445
68	0.01214	0.03000	0.04344	0.08633	0.20110	0.02855	0.36362	0.11239	0.02717	0.01684	0.00975	0.01239	0.00751	0.00506	0.02077	0.00164	0.00695	0.00485	0.00271	0.00679

[dist]
# distance from previous block
# <min> <max>
0	1

[block]
# block no. 1 follows, 53 sequences, length 46
# corresponding to MSA columns:
# 390-435
name=unknown_B
#
# <colnr> <probs for GDERKNQSTAVLIFYWHMCP>
#	G	D	E	R	K	N	Q	S	T	A	V	L	I	F	Y	W	H	M	C	P
0	0.01077	0.31719	0.38906	0.01067	0.01574	0.03920	0.01224	0.01455	0.03017	0.01417	0.09462	0.01216	0.01057	0.00501	0.00412	0.00133	0.00579	0.00377	0.00247	0.00641
1	0.00966	0.00930	0.01620	0.62924	0.16156	0.01085	0.06981	0.01285	0.00991	0.01301	0.00866	0.01260	0.00664	0.00464	0.00483	0.00157	0.00638	0.00435	0.00219	0.00577
2	0.00959	0.02472	0.80726	0.01362	0.02069	0.01110	0.01766	0.01514	0.01009	0.01514	0.00858	0.01009	0.00605	0.00454	0.00454	0.00151	0.00706	0.00353	0.00202	0.00706
3	0.03725	0.01231	0.01320	0.01055	0.01401	0.01368	0.00867	0.60193	0.13910	0.02736	0.01345	0.01505	0.01027	0.00629	0.00487	0.00151	0.00494	0.05309	0.00473	0.00773
4	0.01797	0.01471	0.01414	0.01116	0.01476	0.13307	0.00907	0.65450	0.03942	0.02715	0.01106	0.01120	0.00799	0.00563	0.00471	0.00141	0.00572	0.00415	0.00444	0.00773
5	0.80331	0.00981	0.00754	0.00667	0.00965	0.03328	0.00547	0.04956	0.00894	0.02157	0.00690	0.00796	0.00534	0.00451	0.00308	0.00147	0.00391	0.00268	0.00303	0.00532
6	0.01124	0.01068	0.01809	0.11454	0.67039	0.01090	0.01402	0.01405	0.01074	0.01514	0.01036	0.01431	0.02359	0.00483	0.00483	0.00147	0.00564	0.03559	0.00246	0.00713
7	0.00679	0.00506	0.00749	0.00754	0.00834	0.00583	0.00579	0.00839	0.00772	0.01108	0.01351	0.05635	0.01305	0.06457	0.74672	0.00730	0.01204	0.00558	0.00266	0.00420
8	0.01260	0.01004	0.01078	0.00950	0.01226	0.01135	0.00744	0.07409	0.65039	0.07039	0.04631	0.01852	0.03148	0.00663	0.00490	0.00160	0.00382	0.00550	0.00493	0.00746
9	0.00697	0.00465	0.00536	0.00534	0.00543	0.00464	0.00309	0.00710	0.00738	0.00992	0.06618	0.03091	0.01886	0.74291	0.03762	0.02604	0.00462	0.00696	0.00302	0.00301
10	0.03336	0.06186	0.01248	0.00893	0.01263	0.02933	0.00744	0.14009	0.01469	0.60341	0.01647	0.01466	0.01065	0.00572	0.00465	0.00144	0.00443	0.00451	0.00536	0.00790
11	0.02014	0.00801	0.01078	0.00839	0.01189	0.00706	0.00689	0.02247	0.04436	0.72464	0.06850	0.01756	0.01405	0.00618	0.00486	0.00149	0.00394	0.00507	0.00583	0.00788
12	0.01045	0.02705	0.01339	0.01111	0.01214	0.03117	0.03398	0.06081	0.02333	0.01380	0.07544	0.01372	0.01058	0.01092	0.10585	0.00251	0.48203	0.00461	0.00270	0.05441
13	0.01037	0.00879	0.04577	0.01147	0.06252	0.00843	0.08144	0.04537	0.17340	0.06204	0.05641	0.04654	0.01998	0.00917	0.00572	0.00184	0.00470	0.33591	0.00422	0.00592
14	0.02331	0.44281	0.05989	0.00913	0.01309	0.02948	0.01851	0.08667	0.12112	0.10366	0.01047	0.01070	0.00817	0.00480	0.00382	0.00122	0.00494	0.00348	0.00317	0.04156
15	0.86579	0.00924	0.00702	0.00629	0.00924	0.01072	0.00518	0.01405	0.00813	0.02144	0.00666	0.00776	0.00518	0.00444	0.00296	0.00148	0.00370	0.00259	0.00296	0.00518
16	0.00896	0.02181	0.00946	0.16311	0.01375	0.00811	0.00714	0.06227	0.17903	0.01739	0.27080	0.02769	0.15372	0.00824	0.00524	0.00157	0.00370	0.02820	0.00433	0.00549
17	0.00683	0.00512	0.00768	0.00768	0.00853	0.00597	0.00597	0.00853	0.00768	0.01110	0.01280	0.01878	0.01195	0.03585	0.81308	0.00768	0.01280	0.00512	0.00256	0.00427
18	0.01235	0.11948	0.01559	0.05748	0.23809	0.05186	0.01014	0.01932	0.33823	0.03838	0.01313	0.01376	0.01026	0.00543	0.00496	0.00148	0.03507	0.00447	0.00345	0.00709
19	0.00672	0.00486	0.00672	0.00684	0.00744	0.00527	0.00494	0.00796	0.00820	0.01151	0.08211	0.12962	0.01861	0.21410	0.45670	0.00570	0.00871	0.00696	0.00311	0.00392
20	0.00904	0.00499	0.00517	0.00480	0.00633	0.00471	0.00365	0.01126	0.01001	0.01752	0.01466	0.01678	0.01157	0.00530	0.00337	0.00106	0.00240	0.00424	0.74604	0.11712
21	0.00678	0.00466	0.00516	0.00516	0.00538	0.00456	0.00299	0.00694	0.00747	0.00975	0.01945	0.03321	0.12032	0.72421	0.02187	0.00424	0.00434	0.00736	0.00310	0.00305
22	0.07014	0.05144	0.01433	0.01067	0.01436	0.07200	0.00881	0.64829	0.02036	0.02740	0.01066	0.01087	0.00771	0.00552	0.00456	0.00140	0.00540	0.00403	0.00438	0.00767
23	0.01669	0.02090	0.01365	0.11859	0.01716	0.70735	0.00977	0.01818	0.01302	0.01177	0.00753	0.00916	0.00618	0.00491	0.00437	0.00128	0.00832	0.00323	0.00242	0.00551
24	0.01148	0.01127	0.05743	0.18098	0.30856	0.01115	0.14835	0.04957	0.01106	0.05334	0.01026	0.02877	0.00844	0.00523	0.00568	0.00157	0.05806	0.02945	0.00268	0.00663
25	0.00826	0.00651	0.00981	0.04421	0.15487	0.00656	0.00876	0.01044	0.01068	0.01418	0.02181	0.14653	0.02358	0.01147	0.00612	0.00200	0.00450	0.50082	0.00395	0.00495
26	0.06116	0.01253	0.01396	0.11720	0.01691	0.01406	0.00943	0.64423	0.02003	0.02732	0.01083	0.01145	0.00774	0.00554	0.00469	0.00146	0.00532	0.00421	0.00434	0.00760
27	0.01404	0.01134	0.01202	0.01016	0.01325	0.01289	0.00809	0.28581	0.52967	0.02346	0.01672	0.01566	0.01238	0.00623	0.00484	0.00156	0.00429	0.00503	0.00484	0.00776
28	0.00736	0.00521	0.00709	0.00802	0.00887	0.00517	0.00661	0.00910	0.01029	0.01347	0.03785	0.14606	0.02699	0.12103	0.00885	0.00248	0.00419	0.56300	0.00422	0.00414
29	0.01190	0.01210	0.11554	0.01020	0.01351	0.01163	0.00888	0.02398	0.66530	0.04479	0.01800	0.01676	0.01338	0.00621	0.00482	0.00160	0.00422	0.00514	0.00452	0.00752
30	0.12245	0.00859	0.00953	0.00698	0.01105	0.00694	0.00560	0.01230	0.00968	0.01635	0.00825	0.00963	0.00683	0.00366	0.00346	0.00081	0.00356	0.00280	0.00285	0.74868
31	0.01104	0.01041	0.01758	0.02635	0.69764	0.01037	0.01332	0.01361	0.01066	0.01517	0.01127	0.11927	0.01073	0.00567	0.00491	0.00149	0.00530	0.00549	0.00264	0.00709
32	0.00717	0.00522	0.00615	0.00604	0.00739	0.00495	0.00466	0.00985	0.06066	0.01687	0.36589	0.03694	0.23543	0.01000	0.00540	0.00156	0.00262	0.09153	0.11713	0.00456
33	0.00674	0.00487	0.00637	0.00603	0.00714	0.00449	0.00451	0.00896	0.01342	0.01900	0.78063	0.05525	0.04477	0.00990	0.00565	0.00151	0.00227	0.00877	0.00524	0.00449
34	0.00830	0.00623	0.00833	0.00931	0.02962	0.00643	0.00770	0.01198	0.11396	0.01522	0.05076	0.05770	0.02598	0.01200	0.00629	0.00208	0.00426	0.61451	0.00444	0.00489
35	0.00741	0.00540	0.00645	0.00618	0.00618	0.00595	0.00389	0.00755	0.00700	0.00956	0.01390	0.02854	0.01592	0.72372	0.02319	0.00430	0.11228	0.00659	0.00279	0.00320
36	0.01508	0.01450	0.01204	0.01035	0.01297	0.26859	0.00795	0.25508	0.20281	0.01904	0.01255	0.01469	0.01026	0.11431	0.00722	0.00183	0.00590	0.00452	0.00381	0.00648
37	0.00664	0.00499	0.00633	0.00708	0.00815	0.00468	0.00569	0.00824	0.01058	0.01347	0.04261	0.22641	0.26224	0.01323	0.00619	0.00196	0.00341	0.35948	0.00443	0.00417
38	0.01149	0.47083	0.33185	0.01051	0.01569	0.01521	0.02584	0.01464	0.00994	0.02581	0.00807	0.02603	0.00675	0.00452	0.00378	0.00125	0.00587	0.00326	0.00215	0.00649
39	0.00640	0.00521	0.00572	0.00557	0.00711	0.00470	0.00422	0.00871	0.06136	0.01513	0.25518	0.04152	0.52240	0.01112	0.00562	0.00160	0.00251	0.02683	0.00469	0.00440
40	0.66522	0.01117	0.08037	0.00760	0.01103	0.01128	0.00684	0.10761	0.02923	0.02189	0.00772	0.00867	0.00584	0.00465	0.00337	0.00148	0.00419	0.00295	0.00314	0.00576
41	0.01001	0.13274	0.50235	0.01203	0.01784	0.01126	0.06282	0.01426	0.01019	0.01475	0.03589	0.02605	0.00809	0.00469	0.00434	0.00135	0.00615	0.00380	0.00231	0.11907
42	0.02858	0.00928	0.03314	0.05255	0.05141	0.03122	0.00767	0.08832	0.05886	0.30327	0.03365	0.12129	0.01334	0.00661	0.00474	0.00142	0.00428	0.00555	0.00443	0.14038
43	0.01199	0.00926	0.01104	0.00906	0.05424	0.00809	0.00679	0.15612	0.01247	0.06606	0.01084	0.06273	0.00915	0.00486	0.00407	0.00101	0.00396	0.00398	0.00346	0.55083
44	0.12446	0.09202	0.01698	0.01995	0.42871	0.04499	0.02339	0.04216	0.04821	0.01623	0.02349	0.01138	0.00800	0.00490	0.00529	0.00145	0.07498	0.00398	0.00265	0.00678
45	0.17455	0.05611	0.08694	0.07930	0.05529	0.04709	0.05791	0.01401	0.08702	0.02828	0.04998	0.01309	0.00961	0.02197	0.00669	0.11450	0.01975	0.00408	0.00287	0.07097

[dist]
# distance from previous block
# <min> <max>
1	13

[block]
# block no. 2 follows, 53 sequences, length 75
# corresponding to MSA columns:
# 449-523
name=unknown_C
#
# <colnr> <probs for GDERKNQSTAVLIFYWHMCP>
#	G	D	E	R	K	N	Q	S	T	A	V	L	I	F	Y	W	H	M	C	P
0	0.06562	0.27759	0.33005	0.01141	0.01640	0.05974	0.06764	0.01550	0.02605	0.05282	0.00875	0.01924	0.00687	0.00467	0.00426	0.00136	0.01960	0.00352	0.00242	0.00651
1	0.09634	0.08021	0.07476	0.00884	0.01262	0.00954	0.00789	0.10313	0.03511	0.45458	0.05761	0.01485	0.01176	0.00572	0.00451	0.00144	0.00438	0.00448	0.00482	0.00739
2	0.13763	0.12741	0.04556	0.01046	0.01273	0.08902	0.03924	0.07215	0.02325	0.03536	0.00932	0.07587	0.00860	0.00666	0.00778	0.00161	0.26411	0.00442	0.00281	0.02600
3	0.01138	0.04279	0.02905	0.01403	0.01591	0.03259	0.20873	0.03378	0.02071	0.03114	0.00789	0.01118	0.00683	0.00668	0.01121	0.00183	0.47964	0.00446	0.00240	0.02780
4	0.07152	0.09315	0.01309	0.01072	0.03308	0.40724	0.00809	0.05576	0.12498	0.03329	0.02843	0.01266	0.00937	0.07186	0.00587	0.00159	0.00645	0.00390	0.00310	0.00587
5	0.01165	0.01144	0.02031	0.05929	0.67407	0.01142	0.11161	0.01465	0.01088	0.01544	0.00906	0.01200	0.00748	0.00425	0.00485	0.00145	0.00601	0.00443	0.00236	0.00734
6	0.00595	0.00427	0.00567	0.00675	0.00712	0.00400	0.00464	0.00688	0.00933	0.01237	0.02689	0.75376	0.05281	0.01477	0.00612	0.00195	0.00288	0.06549	0.00443	0.00392
7	0.01126	0.22093	0.52599	0.01218	0.01817	0.01304	0.03833	0.04922	0.01072	0.04593	0.00867	0.00989	0.00643	0.00452	0.00424	0.00139	0.00642	0.00344	0.00231	0.00691
8	0.02439	0.35695	0.38352	0.01150	0.01692	0.04194	0.05380	0.03551	0.01042	0.01392	0.00785	0.00919	0.00620	0.00437	0.00397	0.00130	0.00627	0.00323	0.00215	0.00660
9	0.00788	0.00580	0.00775	0.00860	0.00982	0.00589	0.00736	0.01091	0.07407	0.01476	0.04401	0.07701	0.05351	0.01260	0.00639	0.00211	0.00418	0.63826	0.00446	0.00463
10	0.00570	0.00483	0.00493	0.00494	0.00650	0.00405	0.00369	0.00695	0.01096	0.01316	0.08003	0.06646	0.74738	0.01208	0.00566	0.00162	0.00242	0.01012	0.00447	0.00405
11	0.03427	0.02351	0.01624	0.11553	0.36024	0.22304	0.02578	0.07311	0.03318	0.01555	0.02913	0.01171	0.00816	0.00481	0.00461	0.00140	0.00636	0.00406	0.00269	0.00663
12	0.01006	0.06311	0.63191	0.01417	0.02063	0.01166	0.12718	0.01543	0.03406	0.01511	0.00897	0.01061	0.00649	0.00450	0.00464	0.00151	0.00701	0.00384	0.00216	0.00694
13	0.00582	0.00416	0.00555	0.00666	0.00693	0.00388	0.00444	0.00666	0.00915	0.01220	0.02634	0.82891	0.03161	0.01497	0.00610	0.00194	0.00277	0.01359	0.00444	0.00388
14	0.03551	0.01155	0.01309	0.01019	0.01375	0.01239	0.00840	0.48419	0.06455	0.24446	0.01371	0.01307	0.00941	0.00590	0.00517	0.00148	0.03581	0.00447	0.00496	0.00793
15	0.10206	0.00988	0.02629	0.03055	0.01306	0.03743	0.08422	0.06459	0.27958	0.09478	0.18660	0.01907	0.01824	0.00651	0.00487	0.00154	0.00427	0.00557	0.00440	0.00648
16	0.05148	0.01027	0.01216	0.03444	0.02674	0.01064	0.00802	0.26565	0.14607	0.35970	0.01565	0.01449	0.01061	0.00583	0.00473	0.00149	0.00448	0.00463	0.00509	0.00783
17	0.00628	0.00455	0.00603	0.00705	0.00764	0.00430	0.00520	0.00749	0.00976	0.01279	0.02786	0.57029	0.09253	0.01430	0.00619	0.00198	0.00316	0.20415	0.00443	0.00403
18	0.01199	0.00920	0.01088	0.01076	0.07541	0.01015	0.00777	0.07256	0.45286	0.06708	0.03536	0.01981	0.01446	0.00838	0.01990	0.09135	0.00426	0.06676	0.00436	0.00669
19	0.36818	0.01019	0.01014	0.00825	0.01158	0.02565	0.00677	0.21058	0.04163	0.22823	0.01238	0.01208	0.02427	0.00539	0.00405	0.00147	0.00425	0.00386	0.00428	0.00676
20	0.00669	0.00488	0.00628	0.00593	0.00709	0.00448	0.00445	0.00887	0.01335	0.01874	0.74825	0.03641	0.09680	0.00993	0.00564	0.00151	0.00227	0.00874	0.00521	0.00448
21	0.01183	0.01136	0.01940	0.02934	0.80221	0.01136	0.01467	0.01467	0.01088	0.01562	0.00899	0.01183	0.00757	0.00426	0.00473	0.00142	0.00568	0.00426	0.00237	0.00757
22	0.01147	0.01178	0.01603	0.03301	0.01471	0.07650	0.09613	0.05081	0.00905	0.01288	0.00705	0.01069	0.00647	0.00740	0.01288	0.00193	0.60912	0.00427	0.00229	0.00553
23	0.00964	0.02436	0.78358	0.01382	0.02082	0.01113	0.04098	0.01514	0.01013	0.01514	0.00861	0.01018	0.00609	0.00453	0.00457	0.00152	0.00709	0.00360	0.00203	0.00704
24	0.01128	0.01289	0.02820	0.02015	0.02498	0.01209	0.78485	0.01531	0.01128	0.01531	0.00967	0.01289	0.00725	0.00403	0.00564	0.00161	0.00806	0.00564	0.00242	0.00645
25	0.01001	0.13124	0.70442	0.01291	0.01958	0.01213	0.01641	0.01503	0.01004	0.01462	0.00832	0.00977	0.00607	0.00448	0.00435	0.00145	0.00681	0.00340	0.00202	0.00694
26	0.00712	0.00555	0.00824	0.00807	0.00886	0.00667	0.00634	0.00877	0.00765	0.01113	0.01228	0.01811	0.01149	0.03363	0.74882	0.00723	0.07812	0.00505	0.00252	0.00434
27	0.00770	0.00550	0.00770	0.00880	0.00990	0.00550	0.00770	0.00990	0.01100	0.01430	0.02531	0.05391	0.02751	0.01320	0.00660	0.00220	0.00440	0.77004	0.00440	0.00440
28	0.01166	0.01569	0.28620	0.01465	0.01924	0.01132	0.26380	0.04219	0.03782	0.09116	0.01097	0.01421	0.00849	0.00552	0.00640	0.00165	0.10549	0.04403	0.00285	0.00666
29	0.00657	0.00484	0.00615	0.00591	0.00704	0.00442	0.00440	0.00862	0.01295	0.01800	0.66323	0.08267	0.13669	0.01036	0.00567	0.00154	0.00231	0.00911	0.00511	0.00442
30	0.00903	0.00850	0.01434	0.82054	0.03292	0.01062	0.01327	0.01221	0.00956	0.01221	0.00850	0.01274	0.00637	0.00478	0.00478	0.00159	0.00637	0.00425	0.00212	0.00531
31	0.01139	0.48237	0.36541	0.01055	0.01593	0.01551	0.01230	0.01467	0.00988	0.01294	0.00749	0.00872	0.00610	0.00429	0.00371	0.00124	0.00596	0.00298	0.00203	0.00654
32	0.00949	0.00897	0.01517	0.69022	0.15963	0.01074	0.01350	0.01262	0.00978	0.01277	0.00858	0.01259	0.00657	0.00469	0.00477	0.00156	0.00626	0.00425	0.00216	0.00568
33	0.00721	0.00696	0.00627	0.00640	0.02793	0.08664	0.00461	0.00877	0.03114	0.01302	0.04195	0.05971	0.66030	0.01110	0.00548	0.00158	0.00318	0.00919	0.00420	0.00437
34	0.01046	0.01046	0.01464	0.01255	0.01255	0.01464	0.01046	0.01150	0.00732	0.01150	0.00627	0.01046	0.00627	0.00837	0.01569	0.00209	0.82328	0.00418	0.00209	0.00523
35	0.00926	0.00892	0.01546	0.72819	0.03158	0.01088	0.07536	0.01244	0.00962	0.01244	0.00851	0.01268	0.00644	0.00484	0.00522	0.00161	0.03466	0.00436	0.00215	0.00540
36	0.04713	0.03631	0.06481	0.00977	0.01353	0.01082	0.00855	0.31711	0.03485	0.33275	0.01495	0.01589	0.01068	0.00613	0.00478	0.00150	0.00476	0.05317	0.00488	0.00765
37	0.00565	0.00484	0.00484	0.00484	0.00646	0.00403	0.00363	0.00686	0.01089	0.01291	0.04842	0.04600	0.80027	0.01210	0.00565	0.00161	0.00242	0.01009	0.00444	0.00403
38	0.01788	0.02216	0.01360	0.01223	0.01478	0.76029	0.00923	0.06960	0.01413	0.01291	0.00766	0.00881	0.00629	0.00498	0.00434	0.00124	0.00840	0.00316	0.00262	0.00571
39	0.01089	0.30225	0.51896	0.01172	0.01765	0.03429	0.01420	0.01496	0.01005	0.01372	0.00788	0.00922	0.00608	0.00440	0.00403	0.00134	0.00643	0.00319	0.00204	0.00671
40	0.01774	0.08258	0.01482	0.01113	0.01451	0.28416	0.00899	0.43889	0.01813	0.04911	0.00996	0.01037	0.00743	0.00534	0.00448	0.00133	0.00634	0.00377	0.00382	0.00709
41	0.01139	0.00983	0.01033	0.00933	0.01195	0.01126	0.00725	0.02390	0.73050	0.01942	0.02179	0.02010	0.07791	0.00694	0.00493	0.00162	0.00367	0.00578	0.00483	0.00728
42	0.01785	0.02278	0.01354	0.01231	0.01478	0.81284	0.00924	0.01909	0.01354	0.01170	0.00739	0.00862	0.00616	0.00493	0.00431	0.00123	0.00862	0.00308	0.00246	0.00554
43	0.01609	0.01199	0.01329	0.07560	0.01521	0.01334	0.00874	0.62149	0.04136	0.02622	0.01183	0.01382	0.00913	0.09170	0.00682	0.00179	0.00524	0.00461	0.00437	0.00734
44	0.00915	0.00862	0.01456	0.78596	0.06654	0.01065	0.01333	0.01232	0.00962	0.01236	0.00852	0.01270	0.00642	0.00476	0.00478	0.00159	0.00634	0.00425	0.00213	0.00541
45	0.00676	0.00489	0.00639	0.00601	0.00714	0.00451	0.00451	0.00902	0.01353	0.01917	0.79969	0.03570	0.04510	0.00977	0.00564	0.00150	0.00225	0.00864	0.00526	0.00451
46	0.00680	0.00491	0.00643	0.00611	0.00724	0.00454	0.00462	0.00905	0.01344	0.01900	0.77314	0.03633	0.04450	0.00989	0.00567	0.00153	0.00233	0.03474	0.00523	0.00451
47	0.00714	0.00482	0.00639	0.00697	0.00770	0.00463	0.00511	0.00855	0.03694	0.03375	0.12611	0.42681	0.05821	0.01353	0.00739	0.09443	0.00319	0.13988	0.00434	0.00410
48	0.00830	0.00415	0.00623	0.00623	0.00623	0.00415	0.00415	0.00623	0.00623	0.00830	0.00830	0.01453	0.00830	0.01660	0.01868	0.86094	0.00415	0.00415	0.00208	0.00208
49	0.01859	0.01226	0.01359	0.01047	0.01423	0.01320	0.00863	0.61161	0.04719	0.18077	0.01319	0.01263	0.00907	0.00580	0.00479	0.00145	0.00498	0.00444	0.00501	0.00811
50	0.00687	0.00488	0.00540	0.00534	0.00580	0.00476	0.00328	0.00768	0.03479	0.01086	0.06522	0.03381	0.16472	0.60527	0.01914	0.00379	0.00406	0.00758	0.00338	0.00336
51	0.00695	0.00463	0.00521	0.00521	0.00521	0.00463	0.00290	0.00695	0.00695	0.00927	0.01506	0.03128	0.01738	0.83203	0.02433	0.00463	0.00463	0.00695	0.00290	0.00290
52	0.00959	0.02472	0.80726	0.01362	0.02069	0.01110	0.01766	0.01514	0.01009	0.01514	0.00858	0.01009	0.00605	0.00454	0.00454	0.00151	0.00706	0.00353	0.00202	0.00706
53	0.02090	0.00934	0.01159	0.00896	0.01262	0.03853	0.00736	0.11769	0.01476	0.67934	0.01751	0.01538	0.01116	0.00586	0.00478	0.00146	0.00439	0.00468	0.00564	0.00804
54	0.04513	0.00576	0.00689	0.00718	0.00822	0.00586	0.00520	0.03822	0.11219	0.02720	0.11440	0.46577	0.04080	0.04432	0.00642	0.00192	0.00315	0.05219	0.00450	0.00470
55	0.00651	0.00485	0.00605	0.00581	0.00700	0.00439	0.00433	0.00850	0.01283	0.01765	0.62031	0.06894	0.19431	0.01044	0.00566	0.00154	0.00231	0.00912	0.00507	0.00439
56	0.00581	0.00420	0.00550	0.00655	0.00690	0.00389	0.00439	0.00667	0.00926	0.01224	0.02768	0.78159	0.07807	0.01480	0.00607	0.00192	0.00275	0.01338	0.00444	0.00389
57	0.00680	0.00484	0.00609	0.00594	0.00705	0.00441	0.00436	0.00860	0.01227	0.03458	0.52838	0.14543	0.16004	0.04193	0.00639	0.00170	0.00248	0.00940	0.00494	0.00437
58	0.03397	0.00717	0.00884	0.00743	0.01001	0.00674	0.00588	0.03533	0.08996	0.39401	0.09034	0.06791	0.09557	0.02944	0.00537	0.00158	0.00348	0.00620	0.09427	0.00651
59	0.00768	0.00548	0.00767	0.00873	0.00983	0.00547	0.00762	0.00988	0.01107	0.01443	0.04617	0.05342	0.02798	0.01311	0.00658	0.00218	0.00434	0.74953	0.00442	0.00440
60	0.01242	0.01026	0.01091	0.00971	0.01248	0.01177	0.00758	0.04478	0.74318	0.05114	0.01923	0.01761	0.01432	0.00644	0.00486	0.00161	0.00383	0.00535	0.00490	0.00760
61	0.00647	0.00454	0.00571	0.00626	0.00691	0.00419	0.00432	0.00751	0.00988	0.03125	0.12772	0.48286	0.14004	0.10590	0.00802	0.00214	0.00295	0.03495	0.00440	0.00399
62	0.79673	0.00886	0.00682	0.00614	0.00895	0.01022	0.00503	0.01382	0.00829	0.02115	0.00738	0.00857	0.00575	0.00453	0.00299	0.00145	0.00358	0.00274	0.07191	0.00512
63	0.01128	0.01289	0.02820	0.02015	0.02498	0.01209	0.78485	0.01531	0.01128	0.01531	0.00967	0.01289	0.00725	0.00403	0.00564	0.00161	0.00806	0.00564	0.00242	0.00645
64	0.00636	0.00485	0.00571	0.00551	0.00673	0.00434	0.00405	0.00804	0.01200	0.01600	0.45237	0.03924	0.32842	0.07692	0.00715	0.00180	0.00251	0.00905	0.00476	0.00420
65	0.00684	0.00508	0.00749	0.00749	0.00828	0.00587	0.00573	0.00841	0.00762	0.01095	0.01298	0.01975	0.01237	0.09792	0.75159	0.00744	0.01217	0.00526	0.00259	0.00416
66	0.00683	0.00512	0.00768	0.00768	0.00853	0.00597	0.00597	0.00853	0.00768	0.01110	0.01280	0.01878	0.01195	0.03585	0.81308	0.00768	0.01280	0.00512	0.00256	0.00427
67	0.00582	0.00416	0.00555	0.00666	0.00693	0.00388	0.00444	0.00666	0.00915	0.01220	0.02634	0.82891	0.03161	0.01497	0.00610	0.00194	0.00277	0.01359	0.00444	0.00388
68	0.01146	0.01098	0.01874	0.13230	0.70210	0.01126	0.01449	0.01435	0.01071	0.01517	0.00893	0.01195	0.00741	0.00433	0.00474	0.00144	0.00577	0.00426	0.00233	0.00728
69	0.00976	0.00889	0.01434	0.75529	0.03146	0.01096	0.01294	0.07460	0.01060	0.01366	0.00874	0.01264	0.00651	0.00486	0.00478	0.00158	0.00628	0.00425	0.00234	0.00554
70	0.00690	0.00466	0.00527	0.00527	0.00536	0.00465	0.00302	0.00700	0.00712	0.00946	0.01626	0.03146	0.04688	0.77675	0.04759	0.00461	0.00480	0.00701	0.00294	0.00298
71	0.00695	0.00463	0.00521	0.00521	0.00521	0.00463	0.00290	0.00695	0.00695	0.00927	0.01506	0.03128	0.01738	0.83203	0.02433	0.00463	0.00463	0.00695	0.00290	0.00290
72	0.00977	0.02365	0.74376	0.01489	0.08367	0.01112	0.01742	0.01510	0.01015	0.01518	0.00861	0.01023	0.00618	0.00452	0.00456	0.00151	0.00695	0.00359	0.00205	0.00710
73	0.00676	0.00489	0.00639	0.00601	0.00714	0.00451	0.00451	0.00902	0.01353	0.01917	0.79969	0.03570	0.04510	0.00977	0.00564	0.00150	0.00225	0.00864	0.00526	0.00451
74	0.00941	0.00900	0.01558	0.70371	0.10212	0.01077	0.05697	0.01261	0.00977	0.01269	0.00861	0.01267	0.00653	0.00469	0.00482	0.00158	0.00640	0.00433	0.00216	0.00558

[dist]
# distance from previous block
# <min> <max>
0	3

# created by:
# /home/cegg/simao/soft/augustus-3.2.1/scripts/msa2prfl.pl ./align_prep/EOG091G0L5D.fa
