[name]
unknown

[dist]
# distance from previous block
# <min> <max>
0	67

[block]
# block no. 0 follows, 52 sequences, length 27
# corresponding to MSA columns:
# 67-93
name=unknown_A
#
# <colnr> <probs for GDERKNQSTAVLIFYWHMCP>
#	G	D	E	R	K	N	Q	S	T	A	V	L	I	F	Y	W	H	M	C	P
0	0.32913	0.11811	0.01429	0.03255	0.01398	0.10643	0.11335	0.04593	0.07540	0.04084	0.00938	0.01106	0.00744	0.00486	0.00398	0.00142	0.00529	0.01816	0.00306	0.04534
1	0.01139	0.28047	0.28859	0.01109	0.01590	0.01370	0.05645	0.05451	0.11180	0.01530	0.01209	0.01288	0.05509	0.00525	0.00449	0.00139	0.01976	0.00407	0.00276	0.02303
2	0.02413	0.07282	0.01044	0.03056	0.01084	0.11157	0.00646	0.04257	0.07254	0.13240	0.33862	0.02384	0.04381	0.03576	0.00567	0.00155	0.00409	0.00623	0.00449	0.02162
3	0.01389	0.61556	0.02222	0.00886	0.01291	0.04490	0.00833	0.14561	0.01220	0.01494	0.00771	0.00860	0.00662	0.00443	0.00348	0.00110	0.00523	0.00293	0.00261	0.05786
4	0.01002	0.04598	0.46626	0.01147	0.01668	0.01000	0.03305	0.01529	0.08377	0.04514	0.15532	0.01596	0.01454	0.00573	0.00477	0.00148	0.00561	0.00474	0.00312	0.05106
5	0.00590	0.00422	0.00562	0.00675	0.00703	0.00394	0.00450	0.00675	0.00928	0.01237	0.02671	0.82653	0.03205	0.01518	0.00619	0.00197	0.00281	0.01378	0.00450	0.00394
6	0.00687	0.00472	0.00536	0.00540	0.00561	0.00466	0.00319	0.00709	0.00756	0.00995	0.01902	0.06167	0.09689	0.68568	0.05335	0.00441	0.00473	0.00754	0.00314	0.00315
7	0.01195	0.57200	0.17352	0.00945	0.01382	0.04363	0.00997	0.01429	0.00986	0.01216	0.00772	0.00933	0.00675	0.00727	0.07871	0.00177	0.00641	0.00304	0.00213	0.00620
8	0.00857	0.00538	0.00680	0.00631	0.00788	0.00483	0.00486	0.01054	0.01296	0.11908	0.48586	0.05195	0.20116	0.01017	0.00566	0.00159	0.00267	0.04360	0.00519	0.00493
9	0.01120	0.01109	0.04966	0.32861	0.42812	0.01143	0.01412	0.06017	0.01120	0.01538	0.00906	0.01225	0.00718	0.00462	0.00481	0.00151	0.00606	0.00429	0.00244	0.00681
10	0.01703	0.02101	0.01295	0.01179	0.01422	0.70248	0.00886	0.01918	0.06703	0.01275	0.00952	0.01055	0.02248	0.00527	0.00439	0.00128	0.00798	0.00349	0.04206	0.00568
11	0.05138	0.01355	0.11473	0.01035	0.01410	0.13280	0.02262	0.13538	0.02390	0.35236	0.01372	0.01384	0.00956	0.03588	0.01636	0.00167	0.02184	0.00436	0.00435	0.00724
12	0.00694	0.00477	0.00585	0.00593	0.00613	0.00494	0.00372	0.00737	0.00737	0.01001	0.01559	0.08567	0.01746	0.60080	0.19252	0.00517	0.00635	0.00713	0.00297	0.00331
13	0.00698	0.00514	0.00752	0.00752	0.00833	0.00592	0.00576	0.00859	0.00778	0.01126	0.01322	0.02000	0.01255	0.09724	0.73183	0.00740	0.01210	0.00532	0.02132	0.00422
14	0.00615	0.00520	0.00536	0.00536	0.00696	0.00457	0.00400	0.00813	0.05790	0.01364	0.06533	0.09656	0.67986	0.01206	0.00571	0.00166	0.00256	0.01014	0.00455	0.00431
15	0.84026	0.00941	0.00734	0.00655	0.00946	0.01098	0.00540	0.01417	0.00822	0.02146	0.00674	0.00795	0.00528	0.00461	0.00336	0.00152	0.02641	0.00267	0.00297	0.00525
16	0.01820	0.04240	0.01378	0.01166	0.01451	0.57268	0.00899	0.13116	0.01489	0.09937	0.00963	0.02328	0.00757	0.00536	0.00449	0.00131	0.00755	0.00365	0.00324	0.00627
17	0.00723	0.00529	0.00741	0.00733	0.00808	0.00598	0.00546	0.02697	0.00799	0.01131	0.01344	0.02161	0.01321	0.20760	0.62071	0.00697	0.01100	0.00557	0.00272	0.00412
18	0.01126	0.01205	0.02487	0.01828	0.02260	0.01150	0.63016	0.04564	0.03278	0.01612	0.01219	0.01853	0.01025	0.00542	0.00579	0.00170	0.00746	0.10415	0.00287	0.00637
19	0.13114	0.01127	0.01990	0.01494	0.01849	0.01162	0.41169	0.04365	0.05279	0.06947	0.01053	0.01339	0.00822	0.03608	0.03325	0.00197	0.09734	0.00503	0.00297	0.00625
20	0.01166	0.00610	0.00656	0.00583	0.00761	0.00617	0.00456	0.11256	0.01221	0.10681	0.01564	0.01706	0.01183	0.00571	0.00374	0.00121	0.00286	0.00454	0.65195	0.00541
21	0.00581	0.00491	0.00503	0.00500	0.00660	0.00413	0.00375	0.00712	0.01125	0.01358	0.10615	0.04584	0.74013	0.01209	0.00573	0.00163	0.00244	0.01012	0.00456	0.00413
22	0.01656	0.01998	0.01388	0.01377	0.09162	0.60752	0.00964	0.01991	0.13448	0.01356	0.00956	0.01051	0.00771	0.00517	0.00450	0.00133	0.00768	0.00361	0.00287	0.00614
23	0.00952	0.11613	0.56148	0.01163	0.01710	0.01090	0.01403	0.01366	0.00972	0.01393	0.01040	0.06183	0.00919	0.11195	0.00712	0.00191	0.00635	0.00453	0.00231	0.00631
24	0.05771	0.00770	0.01008	0.00800	0.01121	0.00689	0.00652	0.02059	0.02488	0.60857	0.13209	0.01906	0.01667	0.00649	0.00485	0.00149	0.00376	0.00533	0.04070	0.00741
25	0.01085	0.01338	0.09253	0.01775	0.02216	0.04388	0.58305	0.01453	0.01115	0.01495	0.01180	0.11791	0.01040	0.00560	0.00563	0.00165	0.00741	0.00647	0.00268	0.00622
26	0.01192	0.01220	0.03171	0.15207	0.45827	0.10000	0.01279	0.01481	0.02344	0.01489	0.00895	0.01159	0.00734	0.00443	0.00460	0.00136	0.00592	0.00400	0.00246	0.11726

[dist]
# distance from previous block
# <min> <max>
1	6

[block]
# block no. 1 follows, 52 sequences, length 17
# corresponding to MSA columns:
# 101-117
name=unknown_B
#
# <colnr> <probs for GDERKNQSTAVLIFYWHMCP>
#	G	D	E	R	K	N	Q	S	T	A	V	L	I	F	Y	W	H	M	C	P
0	0.13819	0.00996	0.03498	0.02762	0.05826	0.00879	0.08012	0.05891	0.03388	0.04584	0.04280	0.01186	0.00898	0.00444	0.00408	0.00114	0.00441	0.00372	0.00318	0.41886
1	0.01129	0.14173	0.41593	0.01344	0.06076	0.01210	0.08284	0.03186	0.06287	0.05242	0.01034	0.03497	0.00804	0.00497	0.00454	0.00145	0.00622	0.00414	0.00264	0.03745
2	0.01088	0.00788	0.01240	0.04453	0.18702	0.00755	0.07440	0.01344	0.03351	0.14135	0.19359	0.17426	0.03946	0.00814	0.00535	0.00158	0.00420	0.00746	0.00416	0.02884
3	0.07175	0.03157	0.17566	0.08190	0.21696	0.01071	0.07940	0.05298	0.02313	0.16960	0.01213	0.01330	0.02912	0.00505	0.00473	0.00151	0.00570	0.00442	0.00326	0.00713
4	0.00902	0.00744	0.00831	0.00839	0.04256	0.04789	0.00595	0.05611	0.12449	0.02594	0.21120	0.21908	0.12013	0.03358	0.00604	0.00172	0.00350	0.02847	0.00451	0.03566
5	0.00987	0.02236	0.64994	0.01459	0.02113	0.01119	0.13636	0.01509	0.01032	0.01520	0.00905	0.01105	0.00658	0.00587	0.03897	0.00182	0.00757	0.00398	0.00213	0.00694
6	0.00941	0.00812	0.01320	0.49884	0.14228	0.00932	0.01146	0.01211	0.01002	0.03718	0.01289	0.12963	0.02903	0.00648	0.00497	0.00161	0.00546	0.00582	0.04663	0.00554
7	0.01247	0.64569	0.02140	0.00818	0.01168	0.03555	0.00769	0.01393	0.01006	0.05225	0.01040	0.13158	0.01041	0.00592	0.00369	0.00121	0.00486	0.00441	0.00265	0.00596
8	0.03298	0.00626	0.00724	0.00658	0.00825	0.00609	0.00504	0.10431	0.02364	0.03503	0.41685	0.04855	0.21370	0.04146	0.00626	0.00169	0.00295	0.02326	0.00490	0.00497
9	0.00692	0.00480	0.00581	0.00585	0.00612	0.00493	0.00369	0.00737	0.00748	0.01008	0.01685	0.05816	0.05524	0.59257	0.18939	0.00510	0.00627	0.00705	0.00300	0.00332
10	0.00699	0.00505	0.00679	0.00773	0.00851	0.00495	0.00602	0.00895	0.03654	0.01402	0.07830	0.41750	0.03063	0.01377	0.00633	0.00204	0.00351	0.33349	0.00455	0.00433
11	0.00693	0.00517	0.00767	0.00767	0.00849	0.00599	0.00591	0.00858	0.00775	0.01116	0.01309	0.01964	0.01238	0.07386	0.77332	0.00764	0.01259	0.00528	0.00261	0.00426
12	0.00926	0.00816	0.01353	0.70909	0.03002	0.00996	0.01235	0.01221	0.00979	0.03973	0.01078	0.09422	0.00920	0.00592	0.00498	0.00165	0.00602	0.00527	0.00252	0.00534
13	0.02051	0.01022	0.01247	0.00956	0.01336	0.01005	0.00790	0.30531	0.01718	0.51646	0.01634	0.01469	0.01060	0.00593	0.00486	0.00148	0.00457	0.00468	0.00557	0.00824
14	0.00693	0.00515	0.00755	0.00755	0.00834	0.00593	0.00576	0.00850	0.00772	0.01107	0.01320	0.02023	0.01263	0.11121	0.73633	0.00750	0.01220	0.00537	0.00263	0.00420
15	0.00617	0.00499	0.00554	0.00583	0.00712	0.00446	0.00430	0.00787	0.04077	0.01348	0.06625	0.24093	0.50724	0.01276	0.00586	0.00175	0.00270	0.05320	0.00454	0.00423
16	0.02083	0.00854	0.01131	0.00872	0.01237	0.00766	0.00718	0.08510	0.01459	0.70614	0.05182	0.01694	0.01313	0.00615	0.00491	0.00150	0.00414	0.00500	0.00588	0.00809

[dist]
# distance from previous block
# <min> <max>
0	2

[block]
# block no. 2 follows, 52 sequences, length 15
# corresponding to MSA columns:
# 160-174
name=unknown_C
#
# <colnr> <probs for GDERKNQSTAVLIFYWHMCP>
#	G	D	E	R	K	N	Q	S	T	A	V	L	I	F	Y	W	H	M	C	P
0	0.00959	0.01012	0.02001	0.01507	0.01857	0.00950	0.48759	0.01309	0.04584	0.01481	0.01976	0.15025	0.14807	0.00740	0.00576	0.00169	0.00613	0.00779	0.00325	0.00575
1	0.03267	0.15308	0.01816	0.36111	0.16048	0.07918	0.07199	0.02930	0.01061	0.01360	0.00835	0.01134	0.00669	0.00466	0.00471	0.00146	0.02024	0.00398	0.00231	0.00609
2	0.01301	0.01200	0.01791	0.12243	0.53711	0.04566	0.01349	0.14741	0.01301	0.01778	0.00942	0.01191	0.00756	0.00467	0.00479	0.00146	0.00590	0.00427	0.00280	0.00741
3	0.15489	0.00583	0.00726	0.00713	0.00822	0.00666	0.00540	0.00935	0.00775	0.01276	0.01228	0.01920	0.01184	0.16150	0.54168	0.00619	0.01002	0.00505	0.00272	0.00426
4	0.25921	0.01006	0.01143	0.31106	0.01952	0.06094	0.00918	0.07676	0.07169	0.07370	0.01065	0.04736	0.00840	0.00550	0.00435	0.00155	0.00520	0.00430	0.00323	0.00591
5	0.00649	0.00480	0.00606	0.00604	0.00709	0.00437	0.00442	0.00831	0.01240	0.01700	0.52284	0.19857	0.16099	0.01135	0.00581	0.00163	0.00242	0.01001	0.00503	0.00437
6	0.00672	0.00495	0.00628	0.00595	0.00715	0.00451	0.00446	0.00887	0.01338	0.01863	0.70276	0.03751	0.14037	0.01020	0.00572	0.00154	0.00231	0.00895	0.00523	0.00451
7	0.00900	0.00549	0.00731	0.07003	0.01010	0.00517	0.00570	0.01041	0.01069	0.14930	0.05065	0.40357	0.17390	0.01197	0.00578	0.00180	0.00334	0.05634	0.00460	0.00487
8	0.06754	0.44298	0.05472	0.00963	0.01332	0.11793	0.00885	0.11867	0.06352	0.01545	0.00842	0.00933	0.00700	0.00486	0.00422	0.00126	0.03991	0.00320	0.00275	0.00645
9	0.01065	0.25766	0.58016	0.01222	0.01852	0.01354	0.01514	0.01511	0.01012	0.01421	0.00813	0.00952	0.00616	0.00447	0.00417	0.00139	0.00659	0.00330	0.00205	0.00689
10	0.00590	0.00482	0.00521	0.00532	0.00670	0.00413	0.00391	0.00721	0.01114	0.01380	0.14190	0.15508	0.59328	0.01238	0.00579	0.00167	0.00248	0.01054	0.00461	0.00413
11	0.03259	0.06367	0.01721	0.07680	0.40503	0.06627	0.01210	0.13079	0.03375	0.01712	0.00975	0.03520	0.00824	0.00530	0.00548	0.00149	0.06493	0.00440	0.00286	0.00703
12	0.10827	0.03994	0.15954	0.01032	0.03564	0.03593	0.02051	0.17311	0.01325	0.12515	0.02855	0.01162	0.00848	0.00490	0.00427	0.00129	0.00501	0.00377	0.00356	0.20691
13	0.07069	0.01446	0.01272	0.02210	0.01395	0.23129	0.00855	0.35399	0.04273	0.06524	0.02677	0.01363	0.00960	0.00781	0.05534	0.00184	0.00645	0.03206	0.00397	0.00682
14	0.01903	0.01493	0.01420	0.01187	0.02955	0.16477	0.00921	0.45203	0.03376	0.10910	0.01349	0.01424	0.01008	0.00661	0.00528	0.00167	0.00607	0.00469	0.07128	0.00814

[dist]
# distance from previous block
# <min> <max>
2	6

[block]
# block no. 3 follows, 52 sequences, length 10
# corresponding to MSA columns:
# 181-190
name=unknown_D
#
# <colnr> <probs for GDERKNQSTAVLIFYWHMCP>
#	G	D	E	R	K	N	Q	S	T	A	V	L	I	F	Y	W	H	M	C	P
0	0.05098	0.00885	0.01086	0.00841	0.01202	0.00814	0.00686	0.11849	0.03220	0.40589	0.01481	0.01425	0.01021	0.00709	0.05030	0.00167	0.00459	0.00428	0.02638	0.20371
1	0.00624	0.00464	0.00581	0.00614	0.00702	0.00421	0.00437	0.00771	0.01134	0.01523	0.32797	0.36895	0.18744	0.01258	0.00591	0.00173	0.00254	0.01115	0.00482	0.00421
2	0.01015	0.00963	0.01633	0.54176	0.30187	0.01103	0.01395	0.01325	0.01016	0.01359	0.00879	0.01260	0.00689	0.00466	0.00483	0.00155	0.00621	0.00431	0.00224	0.00619
3	0.00691	0.00517	0.00725	0.00784	0.00869	0.00516	0.02403	0.00874	0.02973	0.01330	0.04627	0.39013	0.05633	0.01728	0.13332	0.00292	0.00501	0.22343	0.00417	0.00433
4	0.00637	0.00453	0.00574	0.00634	0.00676	0.00432	0.00425	0.00726	0.00930	0.01244	0.10201	0.45593	0.07025	0.21456	0.03593	0.00277	0.00358	0.03972	0.00414	0.00380
5	0.01982	0.00964	0.01139	0.00907	0.01232	0.08704	0.00737	0.02162	0.01349	0.63116	0.06658	0.01665	0.01325	0.00628	0.00548	0.00151	0.04941	0.00491	0.00540	0.00759
6	0.01081	0.23771	0.45077	0.01191	0.01737	0.05115	0.04419	0.01476	0.01058	0.01433	0.05369	0.01288	0.00934	0.00513	0.00439	0.00142	0.00636	0.03427	0.00238	0.00656
7	0.00921	0.00564	0.00822	0.00782	0.00909	0.00617	0.00610	0.01090	0.00870	0.13324	0.01402	0.01916	0.01232	0.06363	0.65460	0.00669	0.01128	0.00522	0.00313	0.00488
8	0.00723	0.00516	0.00652	0.03207	0.00797	0.00523	0.00477	0.05146	0.00932	0.01245	0.02066	0.41488	0.02378	0.27970	0.06308	0.00319	0.00439	0.04036	0.00382	0.00395
9	0.03716	0.01330	0.13532	0.01097	0.01503	0.02665	0.04769	0.33769	0.01641	0.21546	0.01404	0.06530	0.01069	0.00633	0.00494	0.00154	0.00530	0.02422	0.00446	0.00750

[dist]
# distance from previous block
# <min> <max>
4	7

[block]
# block no. 4 follows, 52 sequences, length 10
# corresponding to MSA columns:
# 198-202,214-218
name=unknown_E
#
# <colnr> <probs for GDERKNQSTAVLIFYWHMCP>
#	G	D	E	R	K	N	Q	S	T	A	V	L	I	F	Y	W	H	M	C	P
0	0.03782	0.31379	0.28469	0.01137	0.05602	0.06234	0.01152	0.03233	0.01094	0.07055	0.02748	0.01181	0.04013	0.00500	0.00411	0.00133	0.00581	0.00370	0.00265	0.00661
1	0.10562	0.11039	0.11268	0.06262	0.07374	0.02962	0.08372	0.08275	0.02748	0.19657	0.05940	0.01351	0.01041	0.00528	0.00454	0.00146	0.00533	0.00437	0.00363	0.00687
2	0.00639	0.00517	0.00572	0.00573	0.00714	0.00467	0.00424	0.00857	0.06026	0.01478	0.20178	0.15370	0.48085	0.01183	0.00574	0.00166	0.00256	0.01013	0.00470	0.00440
3	0.00722	0.00503	0.00634	0.00632	0.00745	0.00463	0.00462	0.00922	0.03210	0.05141	0.41677	0.26054	0.14713	0.01148	0.00579	0.00167	0.00258	0.01014	0.00500	0.00457
4	0.01427	0.01347	0.10198	0.07563	0.17755	0.08882	0.09008	0.12472	0.07316	0.14100	0.01236	0.04411	0.00949	0.00550	0.00492	0.00151	0.00592	0.00481	0.00354	0.00716
5	0.01239	0.11062	0.22693	0.01594	0.17671	0.06008	0.10820	0.06369	0.03381	0.06543	0.05025	0.01355	0.03067	0.00514	0.00472	0.00145	0.00610	0.00448	0.00293	0.00692
6	0.00621	0.00450	0.00576	0.00650	0.00706	0.00419	0.00451	0.00729	0.00996	0.01323	0.12492	0.53797	0.11175	0.07677	0.00753	0.00210	0.00295	0.05831	0.00448	0.00399
7	0.01173	0.46526	0.28780	0.01080	0.01590	0.01569	0.04532	0.01564	0.06574	0.01355	0.00846	0.00957	0.00685	0.00447	0.00386	0.00127	0.00589	0.00327	0.00228	0.00665
8	0.03819	0.17435	0.11531	0.05947	0.21778	0.06427	0.17332	0.05557	0.01135	0.01527	0.00861	0.01085	0.00691	0.00452	0.00481	0.00143	0.02474	0.00406	0.00244	0.00674
9	0.01200	0.01161	0.05008	0.05033	0.45284	0.02491	0.10562	0.04928	0.04198	0.05060	0.01322	0.01632	0.05713	0.00542	0.00504	0.00153	0.00576	0.03626	0.00296	0.00710

[dist]
# distance from previous block
# <min> <max>
4	6

[block]
# block no. 5 follows, 52 sequences, length 36
# corresponding to MSA columns:
# 225-260
name=unknown_F
#
# <colnr> <probs for GDERKNQSTAVLIFYWHMCP>
#	G	D	E	R	K	N	Q	S	T	A	V	L	I	F	Y	W	H	M	C	P
0	0.07552	0.08639	0.08822	0.00762	0.01026	0.02672	0.00673	0.01219	0.03378	0.06808	0.22923	0.05846	0.09433	0.04133	0.06383	0.00201	0.00450	0.00622	0.00386	0.08071
1	0.12616	0.08110	0.18197	0.01057	0.04356	0.09508	0.00961	0.09859	0.06725	0.08248	0.01361	0.06363	0.05055	0.02640	0.02757	0.00173	0.00557	0.00478	0.00339	0.00639
2	0.01593	0.16092	0.01579	0.01180	0.03615	0.41828	0.00920	0.10791	0.10081	0.01501	0.00919	0.01016	0.00748	0.00531	0.00499	0.00134	0.05696	0.00354	0.00294	0.00630
3	0.01180	0.11443	0.08251	0.01126	0.04496	0.12393	0.00934	0.04034	0.15137	0.01476	0.06928	0.02854	0.01173	0.00854	0.05040	0.03381	0.17935	0.00461	0.00307	0.00599
4	0.01052	0.00915	0.00904	0.00835	0.01039	0.09133	0.00642	0.04516	0.28480	0.04062	0.16804	0.07221	0.14588	0.00991	0.04062	0.00187	0.00426	0.03096	0.00457	0.00588
5	0.02255	0.00471	0.00586	0.00606	0.00635	0.00463	0.00385	0.00762	0.00784	0.03984	0.01729	0.25135	0.01961	0.40342	0.03331	0.14654	0.00422	0.00827	0.00335	0.00335
6	0.00770	0.00599	0.00773	0.00821	0.04489	0.00586	0.00571	0.00943	0.03894	0.03434	0.05552	0.39772	0.13820	0.03554	0.00698	0.00183	0.06366	0.04114	0.00411	0.08649
7	0.00587	0.00450	0.00539	0.00603	0.00686	0.00402	0.00419	0.00691	0.01011	0.01290	0.06376	0.50465	0.31962	0.01389	0.00600	0.00183	0.00266	0.01226	0.00453	0.00402
8	0.00936	0.00621	0.00785	0.00758	0.00925	0.00606	0.00614	0.03106	0.08730	0.09884	0.31832	0.03840	0.10527	0.01036	0.00583	0.00176	0.00337	0.23678	0.00501	0.00526
9	0.07238	0.00856	0.01096	0.00862	0.01221	0.00790	0.00707	0.02328	0.10029	0.66745	0.01843	0.01614	0.01189	0.00597	0.00476	0.00152	0.00407	0.00480	0.00569	0.00800
10	0.09258	0.00864	0.01108	0.00857	0.01227	0.00788	0.00708	0.06531	0.01389	0.69376	0.01766	0.01550	0.01122	0.00586	0.00471	0.00150	0.00416	0.00466	0.00568	0.00799
11	0.01310	0.01001	0.01072	0.00907	0.01191	0.01086	0.00720	0.29581	0.27864	0.05224	0.02351	0.05499	0.18507	0.00788	0.00512	0.00158	0.00404	0.00643	0.00483	0.00696
12	0.00612	0.00498	0.00546	0.00555	0.00703	0.00432	0.00427	0.00761	0.01142	0.01416	0.15618	0.05835	0.59175	0.01209	0.00584	0.00169	0.00265	0.09171	0.00462	0.00420
13	0.00692	0.00519	0.00779	0.00779	0.00865	0.00606	0.00606	0.00865	0.00779	0.01125	0.01298	0.01904	0.01211	0.03634	0.81049	0.00779	0.01298	0.00519	0.00260	0.00433
14	0.00739	0.00558	0.02589	0.00717	0.00817	0.00550	0.02956	0.00903	0.00898	0.01315	0.07160	0.13254	0.01843	0.15051	0.31283	0.00443	0.00716	0.03511	0.14274	0.00424
15	0.04292	0.01110	0.01400	0.03738	0.01350	0.09498	0.04939	0.01262	0.00873	0.03574	0.00894	0.07081	0.00870	0.00946	0.05256	0.00222	0.51419	0.00491	0.00252	0.00534
16	0.01066	0.17004	0.59892	0.01349	0.04874	0.01265	0.03601	0.01533	0.01029	0.02916	0.00858	0.01004	0.00635	0.00452	0.00438	0.00144	0.00672	0.00351	0.00215	0.00701
17	0.11068	0.06144	0.17412	0.02767	0.08693	0.12479	0.17131	0.03300	0.01103	0.02954	0.01044	0.03670	0.02080	0.00551	0.00525	0.00154	0.04568	0.03462	0.00269	0.00626
18	0.01644	0.11416	0.01647	0.01268	0.01564	0.58613	0.09075	0.01878	0.06076	0.01271	0.00840	0.00966	0.00688	0.00490	0.00440	0.00129	0.00797	0.00348	0.00259	0.00591
19	0.00798	0.00626	0.00776	0.00753	0.00879	0.01677	0.00557	0.02904	0.10244	0.01325	0.01743	0.19521	0.03554	0.11855	0.32919	0.00445	0.00741	0.00719	0.00345	0.07620
20	0.01116	0.38362	0.45862	0.01136	0.01718	0.01477	0.01364	0.01498	0.01006	0.01359	0.00783	0.00914	0.00617	0.00440	0.00394	0.00131	0.00628	0.00314	0.00206	0.00674
21	0.03574	0.01205	0.03731	0.00995	0.01350	0.09964	0.00825	0.23143	0.09607	0.36202	0.01542	0.03316	0.01076	0.00604	0.00480	0.00149	0.00500	0.00472	0.00496	0.00770
22	0.02113	0.00811	0.01105	0.00852	0.01216	0.00702	0.00702	0.02303	0.01386	0.77081	0.05090	0.01730	0.01337	0.00616	0.00491	0.00150	0.00405	0.00503	0.00597	0.00810
23	0.00627	0.00458	0.00621	0.00712	0.00749	0.00456	0.00499	0.00726	0.00917	0.01233	0.02469	0.67377	0.02912	0.03159	0.07232	0.00251	0.02884	0.05891	0.00424	0.00402
24	0.00971	0.00925	0.01584	0.65722	0.16684	0.01094	0.03610	0.01291	0.00998	0.01308	0.00874	0.01276	0.00670	0.00473	0.00486	0.00158	0.00639	0.00435	0.00220	0.00582
25	0.00836	0.00602	0.00708	0.00671	0.00825	0.00597	0.00507	0.02346	0.14074	0.05021	0.32898	0.11255	0.16803	0.01080	0.03578	0.00182	0.00315	0.00834	0.06357	0.00513
26	0.00589	0.00425	0.00558	0.00665	0.00700	0.00394	0.00445	0.00676	0.00937	0.01241	0.02792	0.78422	0.07358	0.01502	0.00616	0.00195	0.00279	0.01358	0.00450	0.00394
27	0.01090	0.01108	0.01338	0.02575	0.01250	0.10438	0.00960	0.01218	0.00868	0.01234	0.05584	0.01283	0.00936	0.01000	0.06984	0.00235	0.58076	0.00447	0.02858	0.00520
28	0.15459	0.01246	0.03312	0.01630	0.08091	0.05868	0.40396	0.04716	0.03591	0.03780	0.01031	0.04217	0.00825	0.00483	0.00496	0.00155	0.00656	0.00503	0.00289	0.03255
29	0.22542	0.01130	0.01109	0.00904	0.01225	0.06045	0.00737	0.34114	0.02631	0.12345	0.05610	0.01461	0.03529	0.00604	0.00444	0.00148	0.00463	0.01804	0.02469	0.00685
30	0.01138	0.40106	0.28708	0.01019	0.01492	0.01467	0.01115	0.01579	0.11075	0.01377	0.00961	0.01141	0.00800	0.05531	0.00518	0.00151	0.00565	0.00357	0.00249	0.00653
31	0.03622	0.01602	0.01342	0.01139	0.01393	0.32818	0.00902	0.24327	0.04170	0.06019	0.00986	0.01096	0.00766	0.00592	0.00635	0.00148	0.13842	0.00388	0.03562	0.00650
32	0.00589	0.00428	0.00556	0.00658	0.00698	0.00395	0.00442	0.00677	0.00944	0.01244	0.02878	0.75449	0.10276	0.01491	0.00614	0.00194	0.00278	0.01345	0.00450	0.00395
33	0.01018	0.02442	0.77403	0.01361	0.02064	0.01110	0.01749	0.01567	0.01037	0.04568	0.00910	0.01047	0.00636	0.00466	0.00461	0.00153	0.00704	0.00363	0.00220	0.00720
34	0.05737	0.00621	0.00666	0.00594	0.00776	0.00633	0.00465	0.09438	0.01172	0.11587	0.01510	0.01662	0.01147	0.00668	0.02659	0.01450	0.00322	0.00446	0.57910	0.00537
35	0.01128	0.00763	0.00909	0.02088	0.01079	0.02967	0.00696	0.14177	0.01295	0.10592	0.03230	0.16772	0.03200	0.03591	0.00621	0.00186	0.00424	0.26559	0.03931	0.05793

[dist]
# distance from previous block
# <min> <max>
0	23

[block]
# block no. 6 follows, 52 sequences, length 44
# corresponding to MSA columns:
# 284-299,301-328
name=unknown_G
#
# <colnr> <probs for GDERKNQSTAVLIFYWHMCP>
#	G	D	E	R	K	N	Q	S	T	A	V	L	I	F	Y	W	H	M	C	P
0	0.02147	0.00869	0.01152	0.00883	0.01259	0.00777	0.00729	0.08620	0.01460	0.73920	0.01850	0.01609	0.01169	0.00598	0.00487	0.00150	0.00422	0.00483	0.00590	0.00825
1	0.00659	0.00475	0.00623	0.00717	0.00776	0.00458	0.00526	0.00798	0.02376	0.01287	0.02649	0.51204	0.06583	0.07740	0.00770	0.00223	0.00339	0.20952	0.00438	0.00407
2	0.01353	0.01101	0.01279	0.02590	0.01387	0.03669	0.06182	0.28666	0.22670	0.04110	0.01869	0.02039	0.10007	0.00720	0.00557	0.00161	0.03800	0.05640	0.01505	0.00695
3	0.00633	0.00480	0.00584	0.00598	0.00709	0.00432	0.00441	0.00795	0.01178	0.01565	0.35697	0.21685	0.27964	0.01198	0.00586	0.00169	0.00255	0.04121	0.00485	0.00427
4	0.01116	0.08297	0.04544	0.01782	0.02214	0.01252	0.59439	0.01472	0.01090	0.01481	0.02686	0.01319	0.00824	0.00603	0.04425	0.00190	0.05854	0.00535	0.00246	0.00630
5	0.00742	0.00519	0.00549	0.00531	0.00694	0.00464	0.00402	0.00939	0.03931	0.05300	0.09646	0.04789	0.52185	0.01041	0.00524	0.00153	0.00254	0.00869	0.16015	0.00453
6	0.00654	0.00487	0.00709	0.00744	0.00807	0.00509	0.02336	0.00780	0.00856	0.01180	0.01974	0.41444	0.02204	0.06742	0.35649	0.00463	0.00745	0.00950	0.00354	0.00411
7	0.00588	0.00429	0.00554	0.00654	0.00698	0.00395	0.00441	0.00677	0.00947	0.01245	0.02919	0.74012	0.11686	0.01486	0.00613	0.00193	0.00277	0.01338	0.00450	0.00395
8	0.01228	0.01125	0.01818	0.14119	0.50103	0.02241	0.06115	0.08527	0.02983	0.03424	0.01020	0.03277	0.00838	0.00489	0.00490	0.00150	0.00586	0.00467	0.00278	0.00721
9	0.00744	0.00548	0.00696	0.00761	0.00869	0.00533	0.00602	0.05642	0.01120	0.01451	0.02917	0.32235	0.15997	0.01336	0.00623	0.00199	0.00359	0.32472	0.00451	0.00445
10	0.01393	0.58660	0.02184	0.00932	0.01302	0.16777	0.02745	0.04660	0.01116	0.01269	0.00759	0.00873	0.00663	0.00444	0.00350	0.00111	0.00580	0.00293	0.04279	0.00611
11	0.00915	0.00861	0.01453	0.81804	0.03338	0.01077	0.01346	0.01238	0.00969	0.01238	0.00861	0.01292	0.00646	0.00484	0.00484	0.00161	0.00646	0.00431	0.00215	0.00538
12	0.00640	0.00478	0.00618	0.00671	0.02408	0.00438	0.00464	0.00794	0.01140	0.01546	0.34688	0.37182	0.14665	0.01236	0.00590	0.00173	0.00261	0.01100	0.00480	0.00430
13	0.01287	0.81176	0.04551	0.00843	0.01266	0.01897	0.00854	0.01453	0.00986	0.01150	0.00679	0.00784	0.00622	0.00416	0.00315	0.00105	0.00523	0.00262	0.00207	0.00624
14	0.00608	0.00437	0.00581	0.00686	0.00727	0.00409	0.00475	0.00709	0.00961	0.01278	0.05061	0.72045	0.05066	0.01480	0.00620	0.00197	0.00292	0.07514	0.00452	0.00400
15	0.02165	0.00840	0.01134	0.00870	0.01245	0.00735	0.00718	0.04557	0.01413	0.78050	0.01890	0.01635	0.01189	0.00599	0.00487	0.00150	0.00416	0.00486	0.00596	0.00825
16	0.01115	0.01064	0.01666	0.35544	0.33888	0.04550	0.04093	0.01487	0.06831	0.02566	0.00978	0.01283	0.00769	0.00491	0.00502	0.01219	0.00608	0.00440	0.00254	0.00653
17	0.01259	0.01249	0.02006	0.02685	0.63224	0.06140	0.09819	0.04830	0.01175	0.01618	0.00920	0.01189	0.00758	0.00440	0.00487	0.00145	0.00619	0.00440	0.00252	0.00745
18	0.00948	0.04086	0.59258	0.01388	0.08538	0.01038	0.01531	0.01415	0.01053	0.01545	0.07938	0.06868	0.01154	0.00576	0.00479	0.00154	0.00626	0.00478	0.00254	0.00673
19	0.00678	0.00457	0.00607	0.00684	0.00745	0.00425	0.00480	0.00793	0.01015	0.04555	0.11916	0.63337	0.04976	0.01400	0.00610	0.00190	0.00290	0.05954	0.00466	0.00422
20	0.01280	0.01142	0.01729	0.02419	0.58111	0.03998	0.01285	0.01722	0.13403	0.07039	0.01168	0.02562	0.00941	0.00498	0.00483	0.00148	0.00540	0.00464	0.00308	0.00758
21	0.01196	0.01147	0.08228	0.18974	0.24603	0.02267	0.01170	0.11427	0.09443	0.05634	0.05024	0.03336	0.04264	0.00581	0.00492	0.00153	0.00537	0.00505	0.00335	0.00683
22	0.00781	0.00558	0.00781	0.00892	0.01004	0.00558	0.00781	0.01004	0.01116	0.01450	0.02566	0.05466	0.02789	0.01339	0.00669	0.00223	0.00446	0.76685	0.00446	0.00446
23	0.01106	0.01200	0.02480	0.01925	0.08417	0.01142	0.60445	0.01532	0.04853	0.01606	0.07369	0.01603	0.01128	0.00490	0.00563	0.00162	0.00722	0.02326	0.00284	0.00648
24	0.03337	0.14495	0.61726	0.01246	0.01885	0.01218	0.01546	0.01571	0.01035	0.06387	0.00900	0.01019	0.00649	0.00462	0.00435	0.00146	0.00659	0.00349	0.00232	0.00704
25	0.01046	0.01018	0.03646	0.06031	0.37068	0.00969	0.13785	0.01356	0.03479	0.03319	0.03129	0.05509	0.12504	0.00658	0.00526	0.00158	0.00540	0.04301	0.00309	0.00648
26	0.01358	0.73797	0.02410	0.00869	0.01274	0.05639	0.00841	0.06755	0.01092	0.01274	0.00711	0.00808	0.00636	0.00430	0.00329	0.00108	0.00536	0.00274	0.00228	0.00633
27	0.01143	0.45283	0.39184	0.01089	0.01645	0.01545	0.01281	0.01490	0.01003	0.01326	0.00766	0.00893	0.00618	0.00436	0.00381	0.00127	0.00611	0.00306	0.00206	0.00666
28	0.01296	0.83261	0.02539	0.00829	0.01244	0.01917	0.00829	0.01451	0.00985	0.01140	0.00674	0.00777	0.00622	0.00415	0.00311	0.00104	0.00518	0.00259	0.00207	0.00622
29	0.01999	0.05929	0.01223	0.00879	0.01228	0.00857	0.00735	0.05951	0.01359	0.64606	0.01720	0.01546	0.01117	0.00599	0.00529	0.00149	0.04707	0.00466	0.03617	0.00783
30	0.01191	0.01014	0.01066	0.00952	0.01223	0.01156	0.00743	0.07123	0.67634	0.02030	0.02173	0.02012	0.08128	0.00701	0.00499	0.00163	0.00381	0.00582	0.00489	0.00740
31	0.00593	0.00425	0.00563	0.00669	0.00702	0.00396	0.00448	0.00683	0.00945	0.01260	0.05065	0.78522	0.04940	0.01496	0.00616	0.00195	0.00279	0.01355	0.00452	0.00396
32	0.01234	0.01055	0.01112	0.00992	0.01271	0.01219	0.00774	0.06004	0.75595	0.02074	0.01936	0.01779	0.01450	0.00654	0.00493	0.00164	0.00390	0.00543	0.00493	0.00770
33	0.01144	0.01307	0.02859	0.02042	0.02533	0.01225	0.78186	0.01552	0.01144	0.01552	0.00980	0.01307	0.00735	0.00408	0.00572	0.00163	0.00817	0.00572	0.00245	0.00654
34	0.00594	0.00427	0.00565	0.00674	0.00708	0.00398	0.00455	0.00683	0.00937	0.01244	0.02733	0.78693	0.05408	0.01506	0.00618	0.00196	0.00284	0.03032	0.00450	0.00395
35	0.03470	0.00877	0.01117	0.00868	0.01225	0.00815	0.00714	0.11969	0.03349	0.62318	0.01776	0.01586	0.01150	0.00594	0.00475	0.00147	0.00415	0.00476	0.05865	0.00795
36	0.01168	0.01158	0.01961	0.01502	0.01864	0.03199	0.39946	0.08289	0.20947	0.01754	0.01458	0.10793	0.01241	0.00629	0.00548	0.00166	0.00618	0.01744	0.00355	0.00662
37	0.09506	0.00857	0.01103	0.00853	0.01222	0.00779	0.00705	0.05550	0.01376	0.70144	0.01772	0.01553	0.01125	0.00586	0.00471	0.00150	0.00414	0.00466	0.00569	0.00799
38	0.00842	0.00421	0.00631	0.00631	0.00631	0.00421	0.00421	0.00631	0.00631	0.00842	0.00842	0.01473	0.00842	0.01684	0.01894	0.85901	0.00421	0.00421	0.00210	0.00210
39	0.00661	0.00475	0.00597	0.00601	0.00679	0.00443	0.00420	0.00810	0.01137	0.01567	0.43999	0.20434	0.08765	0.16138	0.00929	0.00221	0.00285	0.00961	0.00466	0.00411
40	0.01711	0.01982	0.01302	0.01172	0.01408	0.63937	0.00891	0.02928	0.01314	0.06656	0.00885	0.01027	0.00719	0.00719	0.05499	0.00171	0.04344	0.00347	0.02417	0.00571
41	0.00635	0.00488	0.00567	0.00638	0.00719	0.01906	0.00453	0.00747	0.01004	0.01297	0.03233	0.49541	0.25332	0.01361	0.00593	0.00184	0.00291	0.06489	0.04114	0.00407
42	0.05237	0.00995	0.04970	0.00961	0.01340	0.00887	0.03936	0.13034	0.03262	0.53696	0.01642	0.01518	0.01080	0.00721	0.04268	0.00180	0.00500	0.00471	0.00520	0.00781
43	0.00862	0.00641	0.00824	0.00815	0.03752	0.00620	0.02504	0.05580	0.06126	0.05095	0.28154	0.09477	0.20195	0.01039	0.00573	0.00169	0.00331	0.12256	0.00475	0.00513

[dist]
# distance from previous block
# <min> <max>
4	20

[block]
# block no. 7 follows, 52 sequences, length 40
# corresponding to MSA columns:
# 355-374,376-395
name=unknown_H
#
# <colnr> <probs for GDERKNQSTAVLIFYWHMCP>
#	G	D	E	R	K	N	Q	S	T	A	V	L	I	F	Y	W	H	M	C	P
0	0.00710	0.00508	0.00650	0.00718	0.00782	0.02344	0.00511	0.00822	0.00940	0.04325	0.02386	0.56117	0.04595	0.03186	0.14838	0.00301	0.00490	0.04939	0.00415	0.00423
1	0.01140	0.03275	0.02806	0.04608	0.02528	0.01237	0.73815	0.01540	0.01134	0.01532	0.00969	0.01294	0.00730	0.00411	0.00563	0.00162	0.00804	0.00560	0.00243	0.00649
2	0.01228	0.59627	0.22764	0.00986	0.01474	0.04285	0.01083	0.01489	0.01007	0.01244	0.00727	0.00844	0.00620	0.00429	0.00354	0.00117	0.00581	0.00287	0.00208	0.00644
3	0.04346	0.00828	0.01114	0.00856	0.01229	0.00722	0.00707	0.02338	0.01373	0.78268	0.01880	0.01627	0.01182	0.00596	0.00482	0.00150	0.00411	0.00482	0.00592	0.00817
4	0.00723	0.00538	0.00731	0.00716	0.00762	0.00615	0.00516	0.00824	0.00747	0.01055	0.01341	0.02341	0.01386	0.34534	0.44627	0.00618	0.06688	0.00585	0.00270	0.00385
5	0.00720	0.00559	0.00826	0.00810	0.00888	0.00669	0.00633	0.00884	0.00774	0.01124	0.01253	0.01870	0.01181	0.05300	0.73190	0.00729	0.07380	0.00516	0.00257	0.00437
6	0.00615	0.00528	0.00532	0.00524	0.00695	0.00463	0.00395	0.00822	0.06359	0.01358	0.04711	0.04471	0.74475	0.01189	0.00567	0.00164	0.00255	0.00991	0.00453	0.00433
7	0.00703	0.00478	0.00570	0.00570	0.00584	0.00492	0.00345	0.00731	0.00717	0.00970	0.01489	0.02963	0.01671	0.69906	0.15406	0.00521	0.00606	0.00674	0.00288	0.00317
8	0.01135	0.01377	0.08250	0.01937	0.02431	0.01217	0.68487	0.01608	0.05459	0.01577	0.01028	0.01315	0.00768	0.00426	0.00560	0.00163	0.00786	0.00555	0.00256	0.00664
9	0.01018	0.13974	0.69394	0.01303	0.01976	0.01238	0.01654	0.01523	0.01018	0.01479	0.00842	0.00988	0.00615	0.00454	0.00439	0.00146	0.00688	0.00344	0.00205	0.00703
10	0.00715	0.00519	0.00718	0.00789	0.00869	0.00506	0.02413	0.00864	0.00998	0.01309	0.02466	0.28785	0.04580	0.13309	0.00912	0.00248	0.00403	0.38765	0.00420	0.00412
11	0.01457	0.00822	0.00986	0.00909	0.06606	0.02813	0.00665	0.12437	0.01381	0.30129	0.06451	0.02288	0.17767	0.00730	0.00487	0.00146	0.00382	0.00600	0.12286	0.00655
12	0.01209	0.61717	0.23326	0.00976	0.01472	0.01706	0.01086	0.01473	0.00995	0.01245	0.00726	0.00843	0.00620	0.00427	0.00351	0.00117	0.00571	0.00286	0.00207	0.00647
13	0.01187	0.01139	0.01944	0.06429	0.76589	0.01148	0.01481	0.01476	0.01098	0.01568	0.00909	0.01203	0.00762	0.00434	0.00480	0.00145	0.00579	0.00432	0.00239	0.00758
14	0.04709	0.00896	0.00951	0.00891	0.00990	0.11975	0.00688	0.01954	0.02506	0.01268	0.01206	0.07329	0.01168	0.07866	0.29858	0.01419	0.16791	0.00528	0.06535	0.00471
15	0.15583	0.01152	0.01222	0.01065	0.05249	0.03246	0.02029	0.35211	0.16629	0.05569	0.01273	0.01313	0.00947	0.01940	0.00481	0.00153	0.00470	0.00435	0.05312	0.00721
16	0.01455	0.01085	0.01256	0.01026	0.05677	0.01050	0.00784	0.33255	0.03906	0.08037	0.01100	0.01153	0.00823	0.00482	0.00431	0.00115	0.00448	0.00380	0.00396	0.37141
17	0.01289	0.01083	0.01143	0.01003	0.01292	0.01244	0.00787	0.12543	0.68966	0.02162	0.01866	0.01723	0.01393	0.00647	0.00492	0.00162	0.00403	0.00533	0.00492	0.00775
18	0.00956	0.00734	0.00874	0.00741	0.00995	0.00655	0.00566	0.08833	0.04420	0.03572	0.15347	0.23678	0.02125	0.00825	0.00488	0.00133	0.00335	0.00717	0.00410	0.33594
19	0.00746	0.00486	0.00642	0.00714	0.00785	0.00459	0.00508	0.02761	0.01020	0.06573	0.04076	0.65814	0.04005	0.01404	0.00609	0.00193	0.00309	0.07996	0.00462	0.00439
20	0.00590	0.00422	0.00562	0.00675	0.00703	0.00394	0.00450	0.00675	0.00928	0.01237	0.02671	0.82653	0.03205	0.01518	0.00619	0.00197	0.00281	0.01378	0.00450	0.00394
21	0.00660	0.00474	0.00612	0.00699	0.00747	0.00455	0.00476	0.04984	0.01003	0.01338	0.02587	0.78131	0.03073	0.01466	0.00611	0.00194	0.00295	0.01325	0.00452	0.00417
22	0.01749	0.02167	0.01337	0.01207	0.01455	0.73069	0.00909	0.05226	0.01413	0.01310	0.05147	0.01039	0.00852	0.00530	0.00447	0.00127	0.00823	0.00349	0.00276	0.00567
23	0.72430	0.01026	0.00786	0.00696	0.00992	0.06718	0.00566	0.03409	0.00928	0.05180	0.00768	0.00867	0.00587	0.00466	0.00323	0.00147	0.00411	0.00285	0.02872	0.00544
24	0.01061	0.01159	0.02444	0.05019	0.05516	0.01101	0.60932	0.01418	0.01108	0.01500	0.01212	0.11637	0.01078	0.00568	0.00572	0.00168	0.00727	0.01890	0.00273	0.00618
25	0.03932	0.00827	0.01116	0.00858	0.01231	0.00720	0.00708	0.02342	0.01375	0.78652	0.01886	0.01631	0.01185	0.00597	0.00483	0.00150	0.00412	0.00483	0.00594	0.00818
26	0.04034	0.00813	0.00985	0.00817	0.01091	0.00805	0.00653	0.10304	0.13566	0.31772	0.25093	0.02189	0.02193	0.00719	0.00504	0.00152	0.00360	0.00600	0.02666	0.00687
27	0.01117	0.00604	0.00670	0.00601	0.00776	0.00606	0.00467	0.07616	0.05037	0.11225	0.11839	0.01973	0.01651	0.00631	0.00406	0.00128	0.00281	0.00515	0.53316	0.00542
28	0.00947	0.00656	0.00892	0.00829	0.00905	0.00761	0.00634	0.01063	0.00861	0.10213	0.01476	0.12571	0.01481	0.18222	0.22053	0.00398	0.19742	0.02210	0.03617	0.00468
29	0.00662	0.00517	0.00606	0.00649	0.00780	0.00472	0.00510	0.02516	0.01103	0.01375	0.03780	0.18381	0.43139	0.01295	0.00606	0.00186	0.00314	0.22232	0.00450	0.00426
30	0.32412	0.00867	0.00982	0.03977	0.01183	0.00909	0.00679	0.03352	0.01112	0.36805	0.01373	0.06654	0.01022	0.00618	0.00502	0.00158	0.05844	0.00458	0.00438	0.00657
31	0.01069	0.01181	0.02526	0.01847	0.02272	0.01108	0.66618	0.01434	0.01119	0.01514	0.01228	0.10398	0.01087	0.00567	0.00581	0.00169	0.00744	0.03647	0.00275	0.00617
32	0.47751	0.01224	0.08968	0.02480	0.01301	0.07546	0.05816	0.03315	0.00982	0.06752	0.00874	0.02372	0.00697	0.00526	0.00467	0.00156	0.06268	0.01626	0.00303	0.00578
33	0.01145	0.01096	0.01870	0.17938	0.65404	0.01137	0.01460	0.01440	0.01078	0.01518	0.00902	0.01217	0.00745	0.00442	0.00481	0.00147	0.00589	0.00432	0.00235	0.00724
34	0.00743	0.00478	0.00668	0.00670	0.00717	0.00517	0.00477	0.00782	0.00742	0.01054	0.01271	0.03928	0.01271	0.18495	0.38381	0.23096	0.00821	0.00546	0.04996	0.00347
35	0.01083	0.27459	0.52219	0.01273	0.04198	0.01374	0.03180	0.01508	0.01016	0.01414	0.00813	0.00959	0.00624	0.00444	0.00417	0.00138	0.00653	0.00334	0.00207	0.00687
36	0.01079	0.20311	0.59457	0.01237	0.01868	0.01292	0.01528	0.01560	0.02771	0.03416	0.00877	0.01002	0.00650	0.00458	0.00429	0.00143	0.00657	0.00344	0.00221	0.00699
37	0.02112	0.06656	0.01225	0.00860	0.01238	0.00798	0.00721	0.02297	0.01359	0.74684	0.01824	0.01588	0.01159	0.00587	0.00475	0.00147	0.00420	0.00471	0.00572	0.00810
38	0.01024	0.10410	0.65370	0.01313	0.01963	0.01212	0.03319	0.01600	0.06543	0.01531	0.00931	0.01060	0.00679	0.00469	0.00450	0.00150	0.00675	0.00366	0.00226	0.00709
39	0.23326	0.02938	0.01320	0.01009	0.01373	0.01199	0.08051	0.27931	0.09136	0.14507	0.01196	0.01206	0.00854	0.00531	0.00439	0.00147	0.00480	0.00415	0.00421	0.03520

[dist]
# distance from previous block
# <min> <max>
0	1

[block]
# block no. 8 follows, 52 sequences, length 31
# corresponding to MSA columns:
# 397-427
name=unknown_I
#
# <colnr> <probs for GDERKNQSTAVLIFYWHMCP>
#	G	D	E	R	K	N	Q	S	T	A	V	L	I	F	Y	W	H	M	C	P
0	0.01144	0.00614	0.00810	0.00720	0.00907	0.00571	0.00556	0.04200	0.01304	0.24390	0.37191	0.13613	0.04240	0.01123	0.06162	0.00201	0.00375	0.00793	0.00519	0.00566
1	0.00590	0.00422	0.00562	0.00675	0.00703	0.00394	0.00450	0.00675	0.00928	0.01237	0.02671	0.82653	0.03205	0.01518	0.00619	0.00197	0.00281	0.01378	0.00450	0.00394
2	0.01130	0.01158	0.02388	0.19246	0.02584	0.01142	0.54698	0.01502	0.01117	0.05333	0.01062	0.01483	0.00819	0.00471	0.00553	0.00165	0.00746	0.03512	0.00264	0.00629
3	0.01041	0.17234	0.61675	0.01318	0.01966	0.01276	0.06051	0.01520	0.01023	0.01463	0.00840	0.00995	0.00622	0.00449	0.00439	0.00145	0.00686	0.00352	0.00207	0.00695
4	0.07904	0.00929	0.01131	0.00879	0.01237	0.00897	0.00724	0.18889	0.01523	0.53556	0.01643	0.01491	0.01073	0.00583	0.00465	0.00147	0.00426	0.00458	0.05260	0.00783
5	0.00616	0.00459	0.00625	0.00698	0.00753	0.00427	0.02504	0.00715	0.00949	0.01250	0.02782	0.67408	0.09941	0.04372	0.00682	0.00204	0.00306	0.04471	0.00439	0.00401
6	0.01298	0.49609	0.14718	0.00977	0.01403	0.07746	0.00982	0.07993	0.05454	0.01420	0.00897	0.03902	0.00780	0.00496	0.00381	0.00124	0.00563	0.00351	0.00258	0.00649
7	0.01169	0.01121	0.01913	0.11303	0.71852	0.01144	0.01472	0.01461	0.01089	0.01547	0.00906	0.01209	0.00755	0.00437	0.00480	0.00146	0.00583	0.00432	0.00237	0.00743
8	0.01264	0.70083	0.07920	0.01065	0.08537	0.01792	0.00957	0.01460	0.00998	0.01208	0.00709	0.00833	0.00635	0.00419	0.00337	0.00111	0.00537	0.00282	0.00210	0.00642
9	0.02942	0.01228	0.01364	0.01051	0.01408	0.01334	0.00866	0.55392	0.01885	0.05183	0.01085	0.01139	0.00798	0.00570	0.00564	0.00140	0.07994	0.00411	0.00429	0.14218
10	0.08158	0.06805	0.01400	0.01164	0.01442	0.61850	0.00897	0.10088	0.01407	0.01459	0.00784	0.00893	0.00638	0.00500	0.00424	0.00128	0.00779	0.00319	0.00276	0.00591
11	0.01430	0.13353	0.01475	0.01113	0.01308	0.37905	0.00894	0.01564	0.01097	0.03239	0.00820	0.01050	0.00716	0.00840	0.07404	0.00198	0.20976	0.00360	0.03705	0.00554
12	0.01029	0.00790	0.00963	0.00763	0.01086	0.00686	0.00605	0.05679	0.02571	0.05933	0.02397	0.05298	0.01056	0.01169	0.17899	0.00243	0.00570	0.00425	0.00326	0.50512
13	0.01161	0.43496	0.38607	0.01093	0.01647	0.01539	0.01277	0.03698	0.01040	0.01378	0.00779	0.00902	0.00624	0.00441	0.00385	0.00128	0.00610	0.00310	0.00214	0.00671
14	0.01199	0.01016	0.01079	0.00972	0.01235	0.01166	0.00754	0.06842	0.69163	0.02032	0.01974	0.07408	0.01562	0.00713	0.00501	0.00166	0.00385	0.00599	0.00490	0.00744
15	0.00595	0.00427	0.00565	0.00667	0.00703	0.00397	0.00448	0.00687	0.00954	0.01273	0.06493	0.76920	0.05102	0.01485	0.00615	0.00194	0.00278	0.01345	0.00454	0.00397
16	0.00607	0.00490	0.00529	0.00522	0.00670	0.00421	0.00390	0.00757	0.01164	0.01472	0.22829	0.05642	0.58662	0.01161	0.00568	0.00160	0.00242	0.00981	0.02310	0.00421
17	0.01810	0.02310	0.01373	0.01248	0.01498	0.81024	0.00936	0.01935	0.01373	0.01186	0.00749	0.00874	0.00624	0.00499	0.00437	0.00125	0.00874	0.00312	0.00250	0.00562
18	0.00691	0.00517	0.00756	0.00809	0.00888	0.00505	0.04360	0.00836	0.00974	0.01295	0.02395	0.44368	0.02733	0.06158	0.06345	0.00259	0.00441	0.24833	0.00417	0.00420
19	0.00736	0.00529	0.00614	0.00603	0.00758	0.00473	0.00464	0.00928	0.03193	0.06403	0.22349	0.08540	0.43394	0.01143	0.00576	0.00167	0.00276	0.07915	0.00480	0.00458
20	0.00824	0.00534	0.00695	0.00649	0.00779	0.00499	0.00492	0.01054	0.02774	0.08204	0.61684	0.03509	0.03934	0.06691	0.00701	0.00179	0.00277	0.05523	0.00516	0.00481
21	0.00615	0.00454	0.00601	0.00684	0.00724	0.00439	0.00470	0.00714	0.00966	0.01298	0.09323	0.70062	0.05970	0.01438	0.00648	0.00192	0.03261	0.01287	0.00448	0.00405
22	0.01805	0.01200	0.01344	0.01053	0.01411	0.01305	0.00864	0.51000	0.11511	0.18569	0.01398	0.01338	0.00975	0.00604	0.00523	0.00151	0.03181	0.00460	0.00500	0.00808
23	0.01120	0.01241	0.02551	0.06594	0.04953	0.01252	0.60112	0.01476	0.01075	0.01480	0.00922	0.01267	0.00717	0.00477	0.00710	0.00170	0.12475	0.00538	0.00238	0.00633
24	0.00957	0.00929	0.01420	0.01208	0.01278	0.01177	0.10544	0.01095	0.00824	0.01214	0.01098	0.15058	0.01166	0.05055	0.05046	0.00242	0.50299	0.00622	0.00263	0.00506
25	0.00940	0.00768	0.00910	0.05347	0.01151	0.02880	0.01705	0.07334	0.22129	0.01635	0.03250	0.34210	0.02271	0.01081	0.00569	0.00183	0.00395	0.12246	0.00444	0.00552
26	0.67636	0.11303	0.03834	0.00711	0.01045	0.01201	0.00628	0.04457	0.00920	0.03680	0.00726	0.00827	0.00566	0.00454	0.00318	0.00144	0.00412	0.00277	0.00298	0.00562
27	0.01199	0.01151	0.01967	0.02974	0.79946	0.01151	0.01487	0.01487	0.01103	0.01583	0.00912	0.01199	0.00768	0.00432	0.00480	0.00144	0.00576	0.00432	0.00240	0.00768
28	0.03748	0.00974	0.01132	0.00865	0.01252	0.00911	0.00702	0.17492	0.09634	0.23372	0.01322	0.01292	0.00946	0.00504	0.00432	0.00120	0.00412	0.00399	0.00435	0.34056
29	0.01185	0.04171	0.01309	0.00935	0.01326	0.00889	0.08743	0.07688	0.06793	0.07172	0.01081	0.02713	0.00872	0.01598	0.00479	0.00113	0.02859	0.00391	0.00333	0.49348
30	0.04390	0.02338	0.70914	0.01324	0.01997	0.01134	0.01665	0.05801	0.01094	0.03685	0.00905	0.01038	0.00637	0.00470	0.00456	0.00153	0.00685	0.00362	0.00234	0.00717

[dist]
# distance from previous block
# <min> <max>
1	11

[block]
# block no. 9 follows, 52 sequences, length 17
# corresponding to MSA columns:
# 439-455
name=unknown_J
#
# <colnr> <probs for GDERKNQSTAVLIFYWHMCP>
