[name]
unknown

[dist]
# distance from previous block
# <min> <max>
0	64

[block]
# block no. 0 follows, 43 sequences, length 7
# corresponding to MSA columns:
# 85-91
name=unknown_A
#
# <colnr> <probs for GDERKNQSTAVLIFYWHMCP>
#	G	D	E	R	K	N	Q	S	T	A	V	L	I	F	Y	W	H	M	C	P
0	0.04938	0.28479	0.18319	0.15281	0.03967	0.06649	0.01290	0.01767	0.04111	0.06138	0.01085	0.01361	0.00875	0.00567	0.00476	0.00158	0.00673	0.02847	0.00296	0.00725
1	0.01399	0.48748	0.13513	0.04745	0.01666	0.01830	0.01124	0.07880	0.03721	0.01605	0.01180	0.01296	0.05050	0.00582	0.00486	0.00145	0.03603	0.00406	0.00290	0.00730
2	0.03957	0.22850	0.24413	0.03047	0.01749	0.01432	0.03491	0.06956	0.01279	0.04919	0.03293	0.01758	0.05612	0.00670	0.00568	0.00164	0.04666	0.04565	0.00328	0.04281
3	0.05201	0.04899	0.17847	0.08870	0.01903	0.01167	0.06493	0.03629	0.13104	0.08677	0.01530	0.03997	0.03932	0.00633	0.00543	0.00163	0.01851	0.00527	0.00380	0.14653
4	0.01092	0.05412	0.05789	0.05448	0.01369	0.00905	0.03081	0.04213	0.05003	0.06650	0.01991	0.26942	0.03018	0.03083	0.08825	0.00267	0.03954	0.02733	0.02526	0.07699
5	0.00968	0.00663	0.00834	0.00821	0.00950	0.00657	0.00605	0.07105	0.01345	0.06821	0.20006	0.37200	0.09769	0.03651	0.00778	0.00212	0.03774	0.02761	0.00534	0.00546
6	0.01264	0.24696	0.11252	0.04892	0.01747	0.06034	0.12040	0.06389	0.01321	0.01691	0.08589	0.11582	0.04736	0.00762	0.00537	0.00165	0.00625	0.00654	0.00349	0.00675

[dist]
# distance from previous block
# <min> <max>
6	17

[block]
# block no. 1 follows, 43 sequences, length 9
# corresponding to MSA columns:
# 110-118
name=unknown_B
#
# <colnr> <probs for GDERKNQSTAVLIFYWHMCP>
#	G	D	E	R	K	N	Q	S	T	A	V	L	I	F	Y	W	H	M	C	P
0	0.08889	0.06514	0.04568	0.10189	0.04312	0.04231	0.02784	0.01485	0.03884	0.01743	0.04649	0.06697	0.03184	0.00649	0.00563	0.00147	0.05220	0.00517	0.00338	0.29438
1	0.07077	0.01573	0.13536	0.15431	0.06352	0.12806	0.03142	0.05638	0.04424	0.01813	0.04714	0.01443	0.01045	0.00698	0.03050	0.00184	0.03089	0.00463	0.02388	0.11135
2	0.01000	0.00802	0.00832	0.00782	0.00848	0.05884	0.00519	0.04135	0.05560	0.01347	0.05413	0.03100	0.01930	0.56087	0.04488	0.00449	0.05281	0.00737	0.00362	0.00444
3	0.01319	0.06145	0.01970	0.13448	0.19364	0.06503	0.11296	0.03613	0.11000	0.01697	0.01212	0.03292	0.01012	0.00826	0.04886	0.00219	0.10608	0.00541	0.00317	0.00732
4	0.01393	0.01179	0.01601	0.06790	0.17264	0.01233	0.02983	0.08151	0.15644	0.05819	0.01303	0.01462	0.01021	0.00607	0.00673	0.00160	0.10052	0.00484	0.00383	0.21798
5	0.00765	0.00616	0.00833	0.00829	0.00964	0.00575	0.05066	0.00996	0.04981	0.01613	0.12818	0.39468	0.22870	0.01437	0.00678	0.00205	0.00353	0.03913	0.00514	0.00505
6	0.01360	0.05898	0.01632	0.07036	0.04632	0.07357	0.07993	0.08236	0.01317	0.04025	0.01305	0.01497	0.05357	0.00601	0.00637	0.00144	0.09104	0.00471	0.01777	0.29621
7	0.01437	0.01169	0.01251	0.01114	0.01428	0.01333	0.00869	0.06336	0.66272	0.05802	0.02237	0.04973	0.01714	0.00781	0.00568	0.00187	0.00444	0.00653	0.00567	0.00867
8	0.06080	0.02839	0.01030	0.00877	0.01093	0.00945	0.00692	0.08083	0.12876	0.05300	0.25733	0.03063	0.16315	0.01102	0.02920	0.02382	0.06744	0.00785	0.00510	0.00630

[dist]
# distance from previous block
# <min> <max>
0	8

[block]
# block no. 2 follows, 43 sequences, length 22
# corresponding to MSA columns:
# 127-148
name=unknown_C
#
# <colnr> <probs for GDERKNQSTAVLIFYWHMCP>
#	G	D	E	R	K	N	Q	S	T	A	V	L	I	F	Y	W	H	M	C	P
0	0.06109	0.00727	0.00881	0.00776	0.00967	0.00710	0.00586	0.03077	0.01103	0.07069	0.07409	0.04138	0.07465	0.06381	0.05275	0.17754	0.04649	0.00602	0.09719	0.14602
1	0.01059	0.00683	0.00828	0.00752	0.00957	0.00630	0.00575	0.02852	0.03215	0.13014	0.19056	0.10212	0.28362	0.02993	0.04517	0.02159	0.02008	0.00942	0.00527	0.04657
2	0.04562	0.00831	0.00995	0.00860	0.01115	0.00808	0.00670	0.10375	0.05287	0.22990	0.18642	0.08712	0.10944	0.07688	0.00788	0.00211	0.00413	0.02858	0.00568	0.00682
3	0.10307	0.01091	0.01032	0.00927	0.01177	0.10735	0.00723	0.12860	0.05870	0.06762	0.18479	0.09050	0.13290	0.00980	0.00584	0.00179	0.00470	0.04335	0.00507	0.00643
4	0.00802	0.00567	0.00693	0.00745	0.00828	0.00551	0.00522	0.02746	0.03966	0.01609	0.10600	0.41845	0.08747	0.11567	0.00936	0.00248	0.00356	0.05125	0.07064	0.00481
5	0.01104	0.01289	0.14770	0.01431	0.05366	0.01022	0.14748	0.03057	0.01173	0.04638	0.01737	0.27918	0.01779	0.00973	0.00753	0.00194	0.09659	0.00862	0.00372	0.07154
6	0.03354	0.00667	0.00804	0.00805	0.00957	0.00644	0.00589	0.05635	0.05137	0.09355	0.07882	0.42247	0.14679	0.01388	0.00676	0.01460	0.00358	0.02270	0.00534	0.00561
7	0.04134	0.00590	0.00666	0.00683	0.00799	0.00571	0.00479	0.01072	0.04896	0.03776	0.08823	0.26362	0.17454	0.14783	0.00983	0.00248	0.00351	0.01047	0.11794	0.00490
8	0.00837	0.00592	0.00707	0.00719	0.00839	0.00559	0.00516	0.02922	0.03546	0.03835	0.18426	0.27306	0.20055	0.10334	0.00902	0.00235	0.00343	0.03467	0.03360	0.00500
9	0.07755	0.04275	0.03386	0.01109	0.01323	0.03102	0.02524	0.10358	0.09200	0.03832	0.04664	0.08895	0.08847	0.04079	0.00987	0.00212	0.21369	0.03019	0.00411	0.00653
10	0.00979	0.00626	0.00785	0.00741	0.00909	0.00576	0.00556	0.01247	0.04765	0.11154	0.41123	0.15897	0.16101	0.01200	0.00646	0.00185	0.00307	0.01048	0.00586	0.00569
11	0.08381	0.03395	0.01038	0.00854	0.01121	0.00840	0.00674	0.07130	0.05661	0.23120	0.22233	0.13005	0.08327	0.00979	0.00586	0.00179	0.00390	0.00827	0.00570	0.00689
12	0.00752	0.00538	0.00663	0.00690	0.00748	0.00529	0.00459	0.00847	0.01011	0.01353	0.10044	0.21965	0.11776	0.32951	0.12811	0.00434	0.00564	0.01022	0.00422	0.00421
13	0.03183	0.01296	0.20166	0.01070	0.01429	0.00892	0.04617	0.06576	0.04370	0.04874	0.29084	0.12436	0.05817	0.00954	0.00606	0.00182	0.00485	0.00831	0.00474	0.00657
14	0.03207	0.00674	0.00778	0.00734	0.00908	0.00649	0.00549	0.05257	0.05755	0.05643	0.28694	0.13924	0.22656	0.05100	0.00737	0.00201	0.00332	0.01008	0.02638	0.00556
15	0.03869	0.00732	0.00875	0.00834	0.01026	0.00721	0.00623	0.04032	0.11501	0.15002	0.10739	0.32144	0.09158	0.01195	0.00618	0.00193	0.00364	0.01041	0.04705	0.00628
16	0.20448	0.01027	0.01117	0.00921	0.01264	0.01063	0.00745	0.17431	0.05416	0.25240	0.06747	0.04981	0.05170	0.00750	0.00516	0.00172	0.00448	0.00587	0.05190	0.00768
17	0.00743	0.00547	0.00615	0.00620	0.00711	0.00510	0.00415	0.00842	0.01082	0.01404	0.11232	0.09779	0.29607	0.32866	0.04568	0.00354	0.00430	0.01000	0.02254	0.00422
18	0.03073	0.00627	0.00755	0.00727	0.00884	0.00590	0.00539	0.03141	0.03104	0.07737	0.31716	0.20148	0.16737	0.03357	0.00692	0.00195	0.00319	0.01054	0.04058	0.00546
19	0.03568	0.00604	0.00728	0.00755	0.00865	0.00588	0.00529	0.01099	0.06190	0.06205	0.08398	0.39331	0.12112	0.12827	0.03348	0.00274	0.00399	0.01174	0.00497	0.00506
20	0.08725	0.00901	0.02707	0.00855	0.01202	0.00782	0.00694	0.01701	0.04942	0.21399	0.08651	0.08335	0.05221	0.00934	0.04635	0.00189	0.00464	0.00622	0.02574	0.24468
21	0.01146	0.00819	0.03782	0.00849	0.01053	0.00761	0.00679	0.11591	0.01453	0.09000	0.23598	0.08437	0.06698	0.11504	0.08328	0.00294	0.00520	0.04309	0.04583	0.00596

[dist]
# distance from previous block
# <min> <max>
2	32

[block]
# block no. 3 follows, 43 sequences, length 71
# corresponding to MSA columns:
# 189-259
name=unknown_D
#
# <colnr> <probs for GDERKNQSTAVLIFYWHMCP>
#	G	D	E	R	K	N	Q	S	T	A	V	L	I	F	Y	W	H	M	C	P
0	0.01409	0.21300	0.12734	0.08860	0.12966	0.02996	0.02883	0.11372	0.03003	0.03661	0.01197	0.01416	0.02713	0.03111	0.00563	0.00163	0.00631	0.00454	0.02047	0.06522
1	0.06576	0.01095	0.05193	0.00990	0.01322	0.03650	0.03457	0.10466	0.08451	0.09640	0.24295	0.06526	0.02434	0.00810	0.00560	0.00163	0.00455	0.00686	0.00500	0.12732
2	0.00991	0.04386	0.01423	0.01201	0.05284	0.00883	0.14966	0.02845	0.01111	0.01536	0.07097	0.04226	0.05898	0.18363	0.21916	0.00440	0.00825	0.00703	0.03497	0.02410
3	0.04000	0.01033	0.01157	0.01082	0.05151	0.01132	0.00763	0.21756	0.19886	0.02144	0.01727	0.05122	0.01574	0.26850	0.03943	0.00319	0.00560	0.00665	0.00454	0.00681
4	0.00787	0.00592	0.00694	0.00679	0.00825	0.00545	0.00498	0.01038	0.05198	0.03076	0.34129	0.12857	0.29560	0.06083	0.00785	0.00207	0.00304	0.01085	0.00548	0.00509
5	0.00728	0.00554	0.00679	0.00733	0.00843	0.00516	0.00537	0.00912	0.03006	0.01576	0.13141	0.34355	0.25481	0.03222	0.03634	0.00241	0.00371	0.08476	0.00515	0.00480
6	0.00866	0.00654	0.00865	0.00805	0.00980	0.00607	0.05485	0.01139	0.05724	0.04480	0.19894	0.22132	0.26214	0.01244	0.00640	0.00189	0.00344	0.01096	0.06103	0.00539
7	0.00858	0.00627	0.00833	0.00844	0.00959	0.00670	0.00647	0.05224	0.01098	0.01509	0.02302	0.14543	0.09308	0.07967	0.38117	0.00558	0.00925	0.08962	0.03545	0.00503
8	0.14686	0.00854	0.00944	0.00849	0.01100	0.00867	0.00660	0.11483	0.03938	0.16798	0.02436	0.19879	0.10804	0.03883	0.00646	0.00199	0.00416	0.03374	0.05529	0.00655
9	0.01250	0.01281	0.04181	0.10244	0.28710	0.01493	0.03230	0.01495	0.01043	0.01534	0.00883	0.01301	0.00784	0.00731	0.01168	0.00205	0.39008	0.00490	0.00255	0.00713
10	0.04322	0.00769	0.00926	0.00806	0.01043	0.00745	0.00626	0.07075	0.04955	0.21863	0.24224	0.08039	0.04169	0.03758	0.00644	0.00183	0.00370	0.00763	0.14052	0.00669
11	0.18750	0.00819	0.00888	0.00770	0.01054	0.00805	0.00612	0.03206	0.04813	0.23304	0.10381	0.04252	0.18447	0.00875	0.00531	0.00173	0.00376	0.00704	0.08571	0.00668
12	0.00731	0.00521	0.00694	0.00774	0.00822	0.00515	0.00536	0.00847	0.01035	0.01400	0.06667	0.47975	0.03119	0.14259	0.12852	0.00373	0.00539	0.05434	0.00458	0.00446
13	0.00962	0.00481	0.00722	0.00722	0.00722	0.00481	0.00481	0.00722	0.00722	0.00962	0.00962	0.01684	0.00962	0.01924	0.02165	0.83886	0.00481	0.00481	0.00241	0.00241
14	0.00970	0.00580	0.00719	0.00726	0.00852	0.00544	0.00526	0.01165	0.02730	0.09698	0.16322	0.30573	0.09032	0.06998	0.00779	0.00215	0.00337	0.03246	0.13461	0.00529
15	0.00768	0.00538	0.00663	0.00706	0.00808	0.00490	0.00499	0.00912	0.01214	0.04021	0.17722	0.38427	0.20630	0.05703	0.00787	0.00220	0.00319	0.02746	0.02346	0.00480
16	0.01097	0.00867	0.01044	0.00958	0.01132	0.00960	0.00758	0.07040	0.14658	0.04470	0.14853	0.08833	0.15867	0.03986	0.00906	0.00214	0.13022	0.08215	0.00497	0.00622
17	0.00956	0.00579	0.00760	0.00777	0.00869	0.00558	0.00553	0.01075	0.01106	0.09856	0.10162	0.29152	0.02864	0.21623	0.07719	0.02155	0.00504	0.07772	0.00474	0.00488
18	0.02589	0.00556	0.00647	0.00691	0.00807	0.00511	0.00495	0.00889	0.02648	0.01576	0.12651	0.33949	0.30944	0.04961	0.00765	0.00218	0.00320	0.03794	0.00515	0.00474
19	0.00875	0.00659	0.00746	0.00741	0.00825	0.02364	0.00504	0.01076	0.06779	0.02921	0.10929	0.18994	0.11605	0.32613	0.03301	0.00348	0.02826	0.00983	0.00443	0.00467
20	0.03269	0.35746	0.24924	0.01238	0.01764	0.01703	0.03509	0.04560	0.04294	0.06003	0.01008	0.01141	0.00798	0.00563	0.00566	0.00157	0.07310	0.00393	0.00291	0.00762
21	0.07338	0.01076	0.01443	0.24887	0.02094	0.07790	0.07539	0.01447	0.01126	0.04094	0.05890	0.01725	0.01192	0.03787	0.06792	0.03995	0.10198	0.00534	0.06462	0.00589
22	0.00835	0.00610	0.00788	0.00782	0.00876	0.00664	0.00578	0.01040	0.03697	0.01450	0.05308	0.10133	0.09796	0.15291	0.32331	0.00526	0.04435	0.00786	0.09589	0.00484
23	0.00813	0.00576	0.00740	0.03688	0.00956	0.00538	0.00564	0.00999	0.01303	0.05176	0.28510	0.26668	0.20104	0.01444	0.03392	0.00219	0.00360	0.02904	0.00537	0.00510
24	0.01259	0.04262	0.05905	0.28428	0.13615	0.06028	0.19889	0.01610	0.01180	0.01561	0.00981	0.01369	0.00778	0.00570	0.00717	0.00184	0.10193	0.00513	0.00260	0.00700
25	0.01117	0.00869	0.01306	0.10942	0.11458	0.00972	0.02757	0.01347	0.02620	0.07154	0.02744	0.08789	0.04146	0.06340	0.13929	0.03010	0.12281	0.04273	0.03344	0.00603
26	0.01240	0.01269	0.02227	0.09726	0.17191	0.01453	0.22607	0.01529	0.01090	0.01562	0.00956	0.01386	0.00814	0.00803	0.03861	0.00228	0.30558	0.00540	0.00262	0.00698
27	0.01223	0.01230	0.01653	0.01423	0.01431	0.03955	0.01176	0.01340	0.00868	0.01324	0.00768	0.01292	0.00773	0.03829	0.01814	0.00250	0.74314	0.00492	0.00247	0.00597
28	0.03116	0.05199	0.04346	0.09025	0.01785	0.15251	0.03446	0.16545	0.05381	0.04418	0.01155	0.01426	0.00936	0.02861	0.06530	0.00239	0.14927	0.00482	0.02226	0.00707
29	0.02944	0.04575	0.01650	0.08125	0.22196	0.06327	0.07041	0.01640	0.04079	0.09745	0.06129	0.07563	0.06264	0.02487	0.03566	0.00211	0.00627	0.03733	0.00391	0.00707
30	0.01103	0.00733	0.00850	0.00818	0.00981	0.03354	0.00601	0.07159	0.01383	0.11837	0.16864	0.34627	0.11991	0.04142	0.00727	0.00207	0.00380	0.01126	0.00544	0.00574
31	0.01109	0.01037	0.01724	0.69414	0.05475	0.01260	0.04289	0.03936	0.03465	0.01535	0.01041	0.01488	0.00782	0.00559	0.00558	0.00184	0.00730	0.00503	0.00268	0.00646
32	0.01268	0.01139	0.01260	0.20206	0.04525	0.11398	0.01006	0.13449	0.01481	0.01871	0.03955	0.05464	0.12571	0.00906	0.00590	0.00184	0.00591	0.11782	0.05724	0.00630
33	0.01377	0.01375	0.01548	0.29951	0.07533	0.20366	0.04161	0.03092	0.01269	0.04266	0.01209	0.06017	0.01026	0.00832	0.04568	0.00208	0.03611	0.00537	0.06414	0.00640
34	0.84448	0.01071	0.00814	0.00728	0.01071	0.01242	0.00600	0.01628	0.00943	0.02485	0.00771	0.00900	0.00600	0.00514	0.00343	0.00171	0.00428	0.00300	0.00343	0.00600
35	0.00792	0.00590	0.00874	0.00874	0.00968	0.00684	0.00672	0.00979	0.00885	0.01274	0.01498	0.02256	0.01420	0.08407	0.74136	0.00870	0.01431	0.00605	0.00299	0.00486
36	0.00801	0.00650	0.00767	0.00826	0.00891	0.03721	0.00581	0.02137	0.01133	0.01488	0.07569	0.57262	0.09173	0.03907	0.00827	0.00225	0.05734	0.01342	0.00488	0.00479
37	0.01361	0.22386	0.20027	0.02939	0.06903	0.04029	0.05792	0.04676	0.02255	0.06055	0.01255	0.06844	0.01115	0.00698	0.00633	0.00172	0.07696	0.04110	0.00320	0.00734
38	0.00786	0.00537	0.00602	0.00613	0.00647	0.00522	0.00370	0.00824	0.00904	0.01198	0.02369	0.09181	0.12040	0.60430	0.02265	0.00450	0.00477	0.02038	0.03375	0.00370
39	0.00835	0.00654	0.00962	0.00937	0.01022	0.00789	0.00732	0.01017	0.00883	0.01282	0.01416	0.02132	0.01341	0.06720	0.67676	0.00811	0.09409	0.00590	0.00293	0.00500
40	0.01137	0.01131	0.01977	0.50440	0.11796	0.03018	0.15312	0.01502	0.01171	0.01526	0.01116	0.05350	0.00917	0.00589	0.00578	0.00184	0.00751	0.00573	0.00270	0.00662
41	0.01642	0.03276	0.06491	0.04646	0.18471	0.06026	0.14254	0.25190	0.04485	0.05675	0.03541	0.01472	0.01048	0.00589	0.00565	0.00169	0.00694	0.00529	0.00400	0.00837
42	0.01322	0.01153	0.01197	0.01093	0.01387	0.03009	0.00853	0.02696	0.65718	0.02208	0.02470	0.02470	0.06466	0.00830	0.00579	0.00190	0.00445	0.04537	0.00551	0.00826
43	0.01209	0.01113	0.03378	0.28373	0.14697	0.03045	0.09352	0.02981	0.01204	0.05848	0.04995	0.04503	0.01216	0.01061	0.09743	0.00266	0.05435	0.00585	0.00319	0.00677
44	0.03212	0.06397	0.01573	0.05312	0.01570	0.05322	0.07807	0.06814	0.07918	0.06727	0.05384	0.04998	0.03202	0.06099	0.03733	0.00241	0.18692	0.03954	0.00386	0.00659
45	0.00884	0.00737	0.01019	0.00965	0.01082	0.00778	0.05442	0.05605	0.01195	0.01598	0.05558	0.43296	0.15287	0.01397	0.00845	0.00213	0.11906	0.01200	0.00465	0.00528
46	0.04096	0.01116	0.01729	0.25576	0.28854	0.02813	0.04122	0.03325	0.01243	0.06121	0.01617	0.01886	0.09553	0.00752	0.02895	0.00198	0.02487	0.00573	0.00327	0.00719
47	0.06174	0.01082	0.01669	0.45780	0.10425	0.01275	0.04001	0.07449	0.02487	0.03414	0.01113	0.03798	0.00894	0.00690	0.02143	0.00199	0.05901	0.00525	0.00305	0.00676
48	0.00782	0.00608	0.00723	0.00760	0.00883	0.00588	0.00548	0.01106	0.10653	0.01688	0.15823	0.37998	0.21100	0.01426	0.00669	0.00204	0.00321	0.03063	0.00536	0.00521
49	0.01370	0.01075	0.01235	0.00962	0.03532	0.03208	0.00741	0.05225	0.03832	0.09362	0.01161	0.01263	0.00909	0.00469	0.00444	0.00103	0.00452	0.00375	0.00380	0.63902
50	0.00715	0.00506	0.00648	0.00729	0.00766	0.00483	0.00480	0.00805	0.01036	0.01389	0.07667	0.53690	0.04951	0.19217	0.03972	0.00314	0.00406	0.01322	0.00473	0.00431
51	0.00963	0.00805	0.00923	0.00895	0.01016	0.06632	0.02458	0.01183	0.05424	0.03081	0.04655	0.16152	0.09492	0.17638	0.18828	0.00425	0.03569	0.04947	0.00405	0.00508
52	0.00785	0.00577	0.00657	0.00645	0.00816	0.00507	0.00493	0.00971	0.01350	0.04449	0.24682	0.06656	0.45408	0.01291	0.00649	0.00186	0.00296	0.05536	0.03540	0.00504
53	0.01150	0.00916	0.01248	0.01069	0.01250	0.01013	0.05066	0.08282	0.01344	0.06228	0.19117	0.05694	0.11102	0.03523	0.02465	0.00221	0.20608	0.05495	0.00450	0.03761
54	0.02086	0.01527	0.01640	0.01264	0.01702	0.01688	0.01042	0.71275	0.05221	0.04842	0.01379	0.01367	0.00977	0.00668	0.00554	0.00167	0.00601	0.00504	0.00557	0.00940
55	0.06675	0.00846	0.00987	0.00911	0.01144	0.00870	0.00691	0.04092	0.20890	0.19105	0.03902	0.28458	0.02266	0.02981	0.00647	0.00201	0.00403	0.00915	0.03315	0.00699
56	0.54691	0.00908	0.00819	0.00753	0.01008	0.01017	0.00593	0.01464	0.03494	0.04709	0.01118	0.01440	0.03011	0.00908	0.00798	0.19395	0.00441	0.02553	0.00349	0.00532
57	0.01956	0.02292	0.01496	0.01333	0.01628	0.60075	0.01013	0.11385	0.04065	0.01706	0.03327	0.01278	0.02297	0.00622	0.00512	0.00148	0.00874	0.00422	0.02894	0.00677
58	0.01789	0.01009	0.01206	0.00999	0.01340	0.01020	0.00799	0.10180	0.23741	0.33009	0.13922	0.02347	0.04532	0.00797	0.00577	0.00177	0.00437	0.00661	0.00618	0.00841
59	0.02482	0.00672	0.00866	0.00803	0.01003	0.00611	0.00608	0.01516	0.01311	0.26969	0.11517	0.25304	0.08073	0.05815	0.00747	0.00211	0.00380	0.04343	0.06142	0.00627
60	0.00717	0.00521	0.00696	0.00796	0.00861	0.00501	0.00572	0.00854	0.01110	0.01478	0.06725	0.54925	0.08338	0.01882	0.07913	0.00285	0.00447	0.10415	0.00498	0.00466
61	0.00793	0.00544	0.00715	0.00802	0.00871	0.00516	0.00562	0.03151	0.01173	0.03806	0.08347	0.65527	0.03598	0.01615	0.00697	0.00220	0.00341	0.05706	0.00527	0.00488
62	0.00879	0.00573	0.00728	0.00749	0.00871	0.00525	0.00538	0.01069	0.02969	0.08510	0.22526	0.40675	0.14456	0.01413	0.00669	0.00201	0.00316	0.01253	0.00556	0.00525
63	0.02922	0.00604	0.00715	0.00724	0.00867	0.00563	0.00537	0.02784	0.02326	0.04446	0.20445	0.24869	0.26159	0.03894	0.00730	0.00208	0.00331	0.05832	0.00533	0.00511
64	0.01107	0.00824	0.01248	0.01074	0.01301	0.00790	0.12889	0.08063	0.02987	0.08520	0.11759	0.31646	0.10362	0.01206	0.00686	0.01873	0.00459	0.02101	0.00502	0.00604
65	0.06485	0.01013	0.01201	0.00995	0.01313	0.01050	0.02569	0.17586	0.13550	0.20084	0.16240	0.02273	0.02056	0.00864	0.02508	0.00190	0.00474	0.02133	0.06638	0.00775
66	0.02731	0.00615	0.00755	0.00751	0.00904	0.00562	0.00554	0.02671	0.01298	0.07386	0.20545	0.33120	0.17200	0.01337	0.00651	0.00194	0.00330	0.03568	0.00538	0.04290
67	0.02841	0.02603	0.02807	0.02605	0.01359	0.00847	0.11900	0.02933	0.03437	0.05081	0.05530	0.23356	0.08208	0.06591	0.05305	0.00263	0.03333	0.07905	0.00434	0.02665
68	0.01306	0.12803	0.01745	0.02790	0.01503	0.01338	0.09428	0.03199	0.03361	0.08616	0.01330	0.08426	0.01207	0.02686	0.06194	0.00244	0.25136	0.00596	0.05568	0.02524
69	0.01456	0.13219	0.03793	0.01390	0.04471	0.05588	0.08870	0.18773	0.04185	0.02010	0.06204	0.07527	0.01350	0.00783	0.00823	0.00182	0.17678	0.00593	0.00378	0.00725
70	0.01023	0.00973	0.04340	0.01034	0.04664	0.08340	0.02163	0.02730	0.06549	0.01478	0.06064	0.13713	0.01998	0.24438	0.17610	0.00434	0.00755	0.00785	0.00377	0.00533

[dist]
# distance from previous block
# <min> <max>
1	15

[block]
# block no. 4 follows, 43 sequences, length 46
# corresponding to MSA columns:
# 278-284,286-324
name=unknown_E
#
# <colnr> <probs for GDERKNQSTAVLIFYWHMCP>
#	G	D	E	R	K	N	Q	S	T	A	V	L	I	F	Y	W	H	M	C	P
0	0.01278	0.07210	0.01456	0.04414	0.13140	0.01139	0.02448	0.13023	0.10593	0.04983	0.05545	0.19346	0.05902	0.01046	0.02868	0.00205	0.02364	0.01882	0.00451	0.00708
1	0.01245	0.00996	0.01183	0.04484	0.01393	0.02760	0.00769	0.09647	0.01302	0.04898	0.04174	0.04622	0.01221	0.01082	0.11164	0.00229	0.04033	0.00488	0.02312	0.42000
2	0.04196	0.02360	0.00998	0.01020	0.06842	0.02632	0.02755	0.01151	0.03057	0.01807	0.28747	0.19090	0.09395	0.01454	0.08448	0.00256	0.00493	0.02996	0.00481	0.01822
3	0.06586	0.05290	0.07650	0.01149	0.01408	0.21169	0.00968	0.04253	0.06934	0.02486	0.04157	0.06198	0.01290	0.01383	0.15178	0.00307	0.09571	0.00542	0.02844	0.00638
4	0.00794	0.00578	0.00794	0.00810	0.00893	0.00626	0.00604	0.00958	0.01004	0.01416	0.08312	0.14529	0.05038	0.12574	0.39382	0.00585	0.02671	0.04003	0.03954	0.00473
5	0.00708	0.00550	0.00650	0.00702	0.00820	0.00499	0.00509	0.00885	0.03023	0.01568	0.11697	0.35281	0.33585	0.01501	0.00680	0.00205	0.00313	0.05820	0.00525	0.00479
6	0.03065	0.00940	0.06112	0.01158	0.01417	0.00806	0.18116	0.01295	0.03815	0.04197	0.07261	0.28809	0.07086	0.05395	0.00745	0.00211	0.00508	0.00991	0.07490	0.00583
7	0.16731	0.00813	0.00891	0.00800	0.01062	0.00801	0.00635	0.07506	0.01368	0.18204	0.06005	0.12049	0.20599	0.01027	0.00569	0.00185	0.00394	0.05613	0.04110	0.00638
8	0.04136	0.00601	0.00683	0.00683	0.00818	0.00564	0.00485	0.01031	0.03965	0.05051	0.15332	0.20822	0.27590	0.14549	0.01007	0.00250	0.00350	0.01088	0.00503	0.00492
9	0.00975	0.00768	0.00901	0.00854	0.01038	0.03252	0.03779	0.03331	0.09854	0.05740	0.06367	0.26218	0.27159	0.04448	0.00735	0.00210	0.00397	0.02901	0.00509	0.00564
10	0.13658	0.01039	0.01129	0.00962	0.01279	0.01107	0.00765	0.14806	0.20955	0.17002	0.09075	0.06603	0.04778	0.00805	0.00543	0.00177	0.00437	0.00652	0.03456	0.00773
11	0.00839	0.00588	0.00728	0.00756	0.00872	0.00552	0.00549	0.04122	0.01283	0.04346	0.17793	0.36520	0.16961	0.05514	0.00788	0.00222	0.00344	0.06188	0.00531	0.00504
12	0.01118	0.02814	0.74910	0.01607	0.02415	0.01290	0.04752	0.01755	0.01174	0.01755	0.00999	0.01181	0.00707	0.00524	0.00531	0.00176	0.00823	0.00418	0.00236	0.00816
13	0.01106	0.00838	0.00906	0.00915	0.01067	0.06805	0.00682	0.01476	0.13285	0.08601	0.05122	0.34613	0.04840	0.06274	0.00791	0.00228	0.00443	0.10914	0.00511	0.00583
14	0.03064	0.00629	0.00744	0.00735	0.00883	0.00600	0.00533	0.01238	0.06088	0.10061	0.11684	0.26468	0.15860	0.09653	0.00854	0.00228	0.00354	0.02110	0.07672	0.00542
15	0.02063	0.00603	0.00697	0.00670	0.00823	0.00559	0.00495	0.02789	0.01315	0.06280	0.23919	0.10069	0.25231	0.10055	0.00861	0.00219	0.00331	0.02658	0.09849	0.00514
16	0.01304	0.00899	0.01008	0.00895	0.01137	0.00920	0.00687	0.21951	0.07501	0.08851	0.02914	0.22006	0.19053	0.04598	0.00709	0.00203	0.00422	0.00947	0.03329	0.00666
17	0.00997	0.00633	0.00791	0.00796	0.00945	0.00590	0.00591	0.05334	0.01320	0.10777	0.11690	0.39231	0.16496	0.01406	0.00669	0.00205	0.00354	0.06075	0.00548	0.00553
18	0.03295	0.00897	0.01009	0.00832	0.01174	0.00812	0.00650	0.04148	0.13741	0.06240	0.04956	0.08293	0.15278	0.00808	0.00523	0.00144	0.00387	0.00673	0.02294	0.33847
19	0.01141	0.00696	0.00791	0.00721	0.00892	0.00702	0.00537	0.06710	0.07005	0.08187	0.14728	0.02825	0.06878	0.14683	0.04315	0.00254	0.00418	0.00703	0.27238	0.00576
20	0.00870	0.03668	0.00997	0.00911	0.01016	0.02734	0.04013	0.01016	0.01065	0.01446	0.02521	0.38084	0.10183	0.03895	0.09992	0.00295	0.09320	0.01077	0.06391	0.00504
21	0.08296	0.00640	0.00696	0.00690	0.00866	0.00605	0.00529	0.03562	0.01322	0.01808	0.19121	0.12768	0.38581	0.01288	0.00638	0.00192	0.00325	0.07046	0.00519	0.00509
22	0.01100	0.00934	0.01005	0.05427	0.04229	0.08895	0.00752	0.06545	0.03175	0.03136	0.07811	0.11971	0.18051	0.01389	0.08115	0.03567	0.02446	0.04118	0.06766	0.00568
23	0.00786	0.00588	0.00879	0.00885	0.00981	0.00681	0.00684	0.00979	0.00898	0.01291	0.01555	0.05726	0.01488	0.04044	0.74808	0.00860	0.01431	0.00638	0.00307	0.00492
24	0.00854	0.00703	0.00774	0.00782	0.00962	0.00698	0.00592	0.01339	0.19285	0.01691	0.04020	0.20654	0.36645	0.01328	0.00653	0.00201	0.00347	0.07380	0.00526	0.00566
25	0.04269	0.05483	0.01072	0.04581	0.08217	0.00811	0.00718	0.03286	0.03899	0.02006	0.41991	0.05606	0.11846	0.03044	0.00660	0.00183	0.00373	0.00864	0.00505	0.00585
26	0.01166	0.01080	0.01818	0.12263	0.43834	0.01116	0.04254	0.01458	0.01195	0.01662	0.01486	0.13152	0.01457	0.00894	0.03233	0.00210	0.02216	0.06452	0.00324	0.00730
27	0.01028	0.00800	0.00885	0.00808	0.01007	0.03683	0.00618	0.04364	0.13682	0.05068	0.44867	0.03666	0.15236	0.01055	0.00625	0.00177	0.00343	0.00905	0.00576	0.00609
28	0.01166	0.00849	0.01208	0.14906	0.03126	0.00917	0.02803	0.07216	0.01367	0.09822	0.17767	0.10370	0.07010	0.01186	0.05244	0.00235	0.07012	0.06709	0.00462	0.00623
29	0.01364	0.04418	0.01986	0.26704	0.29442	0.11703	0.06878	0.04580	0.01298	0.01653	0.01084	0.04408	0.00913	0.00575	0.00550	0.00170	0.00732	0.00521	0.00286	0.00733
30	0.00805	0.00539	0.00617	0.00617	0.00621	0.00544	0.00351	0.00813	0.00809	0.01083	0.01734	0.03561	0.01986	0.77197	0.06121	0.00552	0.00578	0.00796	0.00334	0.00343
31	0.01975	0.06089	0.01640	0.01407	0.01679	0.68866	0.01076	0.02118	0.01493	0.01351	0.00842	0.01010	0.00714	0.00597	0.00596	0.00149	0.07111	0.00364	0.00280	0.00642
32	0.03300	0.01282	0.03739	0.24798	0.28989	0.04330	0.05358	0.10230	0.02804	0.01899	0.04055	0.01642	0.03956	0.00598	0.00557	0.00173	0.00669	0.00538	0.00327	0.00755
33	0.01615	0.01636	0.14422	0.09255	0.03552	0.10563	0.10321	0.13266	0.08229	0.13836	0.03617	0.04629	0.01205	0.00658	0.00565	0.00175	0.00687	0.00562	0.00419	0.00790
34	0.01389	0.01192	0.02039	0.24918	0.43698	0.01244	0.05915	0.01726	0.01253	0.09571	0.01149	0.01462	0.00886	0.00529	0.00557	0.00172	0.00678	0.00509	0.00309	0.00801
35	0.01387	0.00957	0.01095	0.00867	0.01243	0.04054	0.00680	0.03665	0.01297	0.16438	0.04550	0.12622	0.01526	0.00703	0.00497	0.00130	0.00428	0.00589	0.03761	0.43510
36	0.08214	0.02516	0.02055	0.15035	0.01689	0.00935	0.01698	0.04451	0.01237	0.13949	0.02974	0.04821	0.02945	0.03404	0.02478	0.00180	0.02087	0.00525	0.06371	0.22436
37	0.01219	0.00982	0.01156	0.00829	0.01318	0.00742	0.00665	0.01463	0.01171	0.05791	0.01048	0.01187	0.00849	0.00425	0.00418	0.00087	0.00413	0.00340	0.00347	0.79550
38	0.01481	0.80869	0.02902	0.00948	0.01421	0.02191	0.00948	0.01658	0.01125	0.01303	0.00770	0.00888	0.00711	0.00474	0.00355	0.00118	0.00592	0.00296	0.00237	0.00711
39	0.00873	0.00588	0.00715	0.00674	0.00832	0.00527	0.00501	0.01070	0.01406	0.07623	0.42054	0.06840	0.25976	0.06899	0.00804	0.00206	0.00305	0.01023	0.00564	0.00522
40	0.01250	0.07611	0.10574	0.06864	0.01801	0.05269	0.13731	0.05773	0.05977	0.06509	0.02143	0.14255	0.12282	0.00873	0.00618	0.00183	0.02444	0.00766	0.00397	0.00679
41	0.01161	0.01566	0.19480	0.25635	0.10942	0.01267	0.18881	0.01593	0.01184	0.01642	0.01098	0.01580	0.00877	0.00573	0.00624	0.00182	0.03914	0.03633	0.00269	0.03898
42	0.10557	0.19085	0.42732	0.01299	0.01933	0.05791	0.01501	0.04944	0.01219	0.01795	0.00928	0.01076	0.00708	0.00518	0.00465	0.00157	0.00712	0.00371	0.00267	0.03941
43	0.04075	0.15474	0.48364	0.01377	0.02030	0.06956	0.01608	0.01897	0.07328	0.04380	0.01085	0.01200	0.00805	0.00544	0.00494	0.00164	0.00738	0.00406	0.00285	0.00790
44	0.01174	0.07122	0.01347	0.04774	0.14184	0.03519	0.01856	0.03369	0.04516	0.04428	0.04074	0.13707	0.03341	0.04202	0.01123	0.22058	0.03601	0.00690	0.00353	0.00563
45	0.02866	0.01055	0.03195	0.05617	0.01354	0.08306	0.00834	0.12690	0.06509	0.01940	0.07936	0.16097	0.10736	0.02612	0.00667	0.00202	0.00508	0.14122	0.02144	0.00613

[dist]
# distance from previous block
# <min> <max>
2	13

[block]
# block no. 5 follows, 43 sequences, length 7
# corresponding to MSA columns:
# 338-344
name=unknown_F
#
# <colnr> <probs for GDERKNQSTAVLIFYWHMCP>
#	G	D	E	R	K	N	Q	S	T	A	V	L	I	F	Y	W	H	M	C	P
0	0.24897	0.04671	0.01208	0.00966	0.01309	0.03440	0.00780	0.17489	0.21664	0.02437	0.03868	0.01862	0.08981	0.00715	0.00495	0.00170	0.00472	0.00541	0.00465	0.03571
1	0.01192	0.06753	0.52251	0.01362	0.02019	0.01283	0.01621	0.09716	0.04275	0.01908	0.01659	0.01740	0.10533	0.00660	0.00538	0.00173	0.00699	0.00519	0.00318	0.00783
2	0.00886	0.00718	0.00806	0.00777	0.00961	0.00722	0.00583	0.01432	0.21070	0.01914	0.25189	0.13588	0.26842	0.01194	0.00637	0.00188	0.00322	0.01028	0.00555	0.00589
3	0.84448	0.01071	0.00814	0.00728	0.01071	0.01242	0.00600	0.01628	0.00943	0.02485	0.00771	0.00900	0.00600	0.00514	0.00343	0.00171	0.00428	0.00300	0.00343	0.00600
4	0.01022	0.00636	0.00774	0.00743	0.00835	0.00646	0.00506	0.05784	0.01057	0.07820	0.01912	0.14318	0.02004	0.40760	0.13688	0.00468	0.00635	0.00829	0.05086	0.00477
5	0.01139	0.00995	0.01544	0.42279	0.06439	0.01145	0.03502	0.07591	0.01231	0.01644	0.01250	0.01997	0.01083	0.00927	0.05063	0.03417	0.04009	0.08468	0.00311	0.05964
6	0.03421	0.24834	0.10288	0.07985	0.02008	0.05856	0.16675	0.01707	0.06453	0.01573	0.01137	0.06293	0.00996	0.00636	0.00630	0.00170	0.07817	0.00525	0.00293	0.00701

[dist]
# distance from previous block
# <min> <max>
0	1

[block]
# block no. 6 follows, 43 sequences, length 36
# corresponding to MSA columns:
# 346-381
name=unknown_G
#
# <colnr> <probs for GDERKNQSTAVLIFYWHMCP>
#	G	D	E	R	K	N	Q	S	T	A	V	L	I	F	Y	W	H	M	C	P
0	0.43925	0.03897	0.05039	0.04715	0.01431	0.14999	0.00843	0.06094	0.03096	0.03915	0.04102	0.01313	0.03440	0.00599	0.00436	0.00166	0.00570	0.00408	0.00361	0.00650
1	0.09252	0.14605	0.13690	0.02678	0.01692	0.05427	0.01120	0.33642	0.01790	0.04415	0.01199	0.04015	0.00939	0.00629	0.00497	0.00161	0.00623	0.00466	0.02356	0.00805
2	0.03603	0.07314	0.07300	0.02981	0.06729	0.12406	0.01075	0.22011	0.01598	0.09061	0.01240	0.01452	0.00975	0.03136	0.08691	0.00249	0.05679	0.00475	0.03270	0.00755
3	0.00794	0.00584	0.00711	0.00776	0.00870	0.00567	0.00550	0.03262	0.05787	0.01595	0.05346	0.50680	0.13098	0.04400	0.00752	0.00224	0.00346	0.05329	0.03831	0.00498
4	0.01275	0.15808	0.44784	0.01337	0.01932	0.01395	0.01544	0.03749	0.02516	0.06568	0.01099	0.01330	0.00854	0.03666	0.04557	0.00219	0.05881	0.00434	0.00286	0.00765
5	0.01273	0.28295	0.45921	0.01464	0.05056	0.03566	0.03906	0.01733	0.01173	0.01599	0.00923	0.01091	0.00716	0.00507	0.00474	0.00156	0.00746	0.00382	0.00239	0.00779
6	0.00737	0.00559	0.00671	0.00710	0.00813	0.00522	0.00499	0.00947	0.04970	0.01628	0.19227	0.36494	0.21748	0.06851	0.00819	0.00224	0.00319	0.01253	0.00525	0.00483
7	0.00719	0.00521	0.00679	0.00729	0.00810	0.00481	0.00513	0.00887	0.01283	0.01754	0.33900	0.44405	0.08327	0.01466	0.00682	0.00202	0.00294	0.01314	0.00554	0.00481
8	0.01162	0.02738	0.71619	0.01599	0.02393	0.01278	0.05725	0.01783	0.01189	0.03997	0.01036	0.01207	0.00728	0.00528	0.00534	0.00176	0.00814	0.00426	0.00250	0.00819
9	0.01317	0.01252	0.02128	0.10410	0.66547	0.01275	0.01646	0.01646	0.01247	0.01765	0.01127	0.01615	0.00975	0.00549	0.00559	0.00171	0.00658	0.03994	0.00283	0.00835
10	0.01307	0.01494	0.03268	0.02334	0.02894	0.01401	0.75070	0.01774	0.01307	0.01774	0.01120	0.01494	0.00840	0.00467	0.00654	0.00187	0.00934	0.00654	0.00280	0.00747
11	0.15214	0.01041	0.03128	0.00975	0.01400	0.00938	0.00823	0.06153	0.01526	0.60174	0.01892	0.01686	0.01212	0.00654	0.00523	0.00171	0.00480	0.00510	0.00614	0.00886
12	0.01481	0.80869	0.02902	0.00948	0.01421	0.02191	0.00948	0.01658	0.01125	0.01303	0.00770	0.00888	0.00711	0.00474	0.00355	0.00118	0.00592	0.00296	0.00237	0.00711
13	0.00761	0.00566	0.00728	0.00810	0.00905	0.00546	0.00606	0.00974	0.04153	0.01574	0.09289	0.41533	0.13371	0.01659	0.03966	0.00249	0.00405	0.16901	0.00514	0.00490
14	0.00658	0.00561	0.00565	0.00564	0.00750	0.00469	0.00423	0.00801	0.01269	0.01513	0.07265	0.05302	0.75192	0.01396	0.00655	0.00187	0.00280	0.01165	0.00517	0.00469
15	0.01226	0.06024	0.20110	0.44075	0.02945	0.01223	0.01506	0.01626	0.01185	0.09573	0.03025	0.03004	0.00963	0.00594	0.00541	0.00178	0.00701	0.00501	0.00303	0.00699
16	0.00825	0.00608	0.00882	0.00873	0.00968	0.00711	0.00677	0.01018	0.00906	0.01339	0.01488	0.02178	0.01383	0.06196	0.67286	0.00798	0.04209	0.00590	0.06567	0.00495
17	0.00675	0.00482	0.00643	0.00771	0.00803	0.00450	0.00514	0.00771	0.01060	0.01414	0.03053	0.80175	0.03663	0.01735	0.00707	0.00225	0.00321	0.01574	0.00514	0.00450
18	0.01257	0.01218	0.02096	0.28031	0.38788	0.01302	0.09949	0.01709	0.06898	0.01714	0.01124	0.01472	0.00889	0.00530	0.00563	0.00175	0.00699	0.00521	0.00288	0.00776
19	0.01332	0.28614	0.08838	0.13649	0.04355	0.01634	0.23429	0.04736	0.01243	0.01615	0.01012	0.01362	0.00831	0.00537	0.00551	0.00164	0.02764	0.02339	0.00273	0.00722
20	0.01156	0.01132	0.01629	0.12419	0.01752	0.01553	0.01218	0.01318	0.00888	0.01341	0.00822	0.01324	0.00779	0.01156	0.07540	0.00284	0.62350	0.00494	0.00247	0.00599
21	0.02014	0.02527	0.01527	0.01389	0.01671	0.73367	0.01043	0.02209	0.04098	0.01409	0.00932	0.01067	0.00768	0.00579	0.00498	0.00144	0.00958	0.00371	0.02783	0.00646
22	0.01789	0.10883	0.01534	0.01068	0.01428	0.03424	0.05045	0.03548	0.13583	0.33882	0.11573	0.02081	0.03516	0.00738	0.00595	0.00171	0.03189	0.00604	0.00544	0.00806
23	0.01234	0.01048	0.01605	0.03341	0.23649	0.03334	0.08364	0.03037	0.03419	0.07364	0.03138	0.23266	0.01857	0.03093	0.00778	0.00204	0.07200	0.02985	0.00398	0.00687
24	0.00681	0.00485	0.00641	0.00763	0.00794	0.00454	0.00506	0.00773	0.01048	0.01397	0.02990	0.76497	0.03584	0.05521	0.00808	0.00240	0.00332	0.01537	0.00506	0.00444
25	0.24511	0.01436	0.01346	0.01181	0.05234	0.10678	0.00903	0.33994	0.01806	0.05876	0.01177	0.01253	0.00872	0.00603	0.00477	0.00162	0.00577	0.00431	0.06707	0.00777
26	0.01242	0.01483	0.12976	0.15689	0.27280	0.01376	0.11968	0.01659	0.04303	0.01669	0.01034	0.01380	0.00832	0.00596	0.00775	0.00187	0.14013	0.00508	0.00271	0.00759
27	0.01269	0.01164	0.02036	0.37865	0.32429	0.01261	0.08990	0.01625	0.01211	0.05260	0.01078	0.01456	0.00834	0.00528	0.00562	0.00176	0.00714	0.00512	0.00282	0.00747
28	0.00684	0.00522	0.00631	0.00705	0.00803	0.00469	0.00501	0.00811	0.01166	0.01491	0.07072	0.45928	0.30209	0.01578	0.00689	0.00211	0.00314	0.05236	0.00518	0.00463
29	0.00789	0.00604	0.00806	0.00880	0.00956	0.00622	0.00676	0.00945	0.01147	0.01524	0.06759	0.41023	0.10401	0.01545	0.00817	0.00229	0.07575	0.21725	0.00493	0.00486
30	0.01416	0.02893	0.05127	0.05313	0.05739	0.04888	0.13310	0.06275	0.08656	0.13709	0.04202	0.12708	0.04317	0.00966	0.03923	0.00215	0.04463	0.00723	0.00434	0.00724
31	0.00728	0.00528	0.00726	0.00814	0.00865	0.00502	0.02276	0.00838	0.01059	0.01408	0.02843	0.61701	0.03356	0.10823	0.00957	0.00263	0.00380	0.08995	0.00487	0.00450
32	0.01791	0.01534	0.07363	0.01335	0.01762	0.09023	0.09325	0.19465	0.23873	0.16135	0.01665	0.01623	0.01190	0.00652	0.00561	0.00174	0.00624	0.00544	0.00499	0.00862
33	0.06227	0.01232	0.03724	0.01126	0.01493	0.01259	0.02336	0.29838	0.12451	0.18988	0.03801	0.10052	0.01516	0.00800	0.00594	0.00180	0.02354	0.00648	0.00548	0.00835
34	0.01337	0.03220	0.15397	0.07502	0.02402	0.07218	0.32768	0.08176	0.01362	0.01814	0.01240	0.04227	0.02852	0.00601	0.00648	0.00179	0.04645	0.00583	0.00307	0.03522
35	0.01189	0.07574	0.01657	0.10684	0.03728	0.03487	0.13509	0.05369	0.05059	0.03824	0.08052	0.11741	0.03260	0.04059	0.00733	0.00200	0.03361	0.08245	0.00399	0.03869

[dist]
# distance from previous block
# <min> <max>
0	19

# created by:
# /home/cegg/simao/soft/augustus-3.2.1/scripts/msa2prfl.pl ./align_prep/EOG091G0HP9.fa
