[name]
unknown

[dist]
# distance from previous block
# <min> <max>
0	127

[block]
# block no. 0 follows, 50 sequences, length 58
# corresponding to MSA columns:
# 142-146,155-163,166-173,181-199,205-211,220-229
name=unknown_A
#
# <colnr> <probs for GDERKNQSTAVLIFYWHMCP>
#	G	D	E	R	K	N	Q	S	T	A	V	L	I	F	Y	W	H	M	C	P
0	0.00764	0.00578	0.00648	0.00668	0.00742	0.02690	0.00462	0.02949	0.03145	0.01316	0.08467	0.22321	0.11820	0.32168	0.01343	0.00300	0.00398	0.08412	0.00405	0.00406
1	0.03737	0.05225	0.01535	0.07279	0.29026	0.04181	0.02308	0.12646	0.04469	0.07242	0.01300	0.10311	0.01165	0.05317	0.00612	0.00173	0.00535	0.00559	0.00347	0.02035
2	0.01809	0.03533	0.01494	0.01258	0.06059	0.19001	0.00960	0.47477	0.03212	0.06321	0.01130	0.01180	0.00835	0.00654	0.02663	0.00162	0.00641	0.00423	0.00423	0.00767
3	0.00635	0.00524	0.00635	0.00620	0.00763	0.00458	0.03577	0.00762	0.01099	0.01366	0.09410	0.19291	0.52249	0.03491	0.00683	0.02200	0.00293	0.01069	0.00450	0.00423
4	0.01175	0.00936	0.01256	0.00916	0.01342	0.00767	0.09123	0.03541	0.02968	0.08847	0.04254	0.01263	0.00970	0.00438	0.00421	0.00099	0.00426	0.00382	0.00341	0.60533
5	0.01183	0.01016	0.01080	0.00975	0.01247	0.01153	0.00754	0.02443	0.69379	0.02005	0.02077	0.06589	0.02956	0.00726	0.00511	0.00167	0.00385	0.00611	0.00495	0.04248
6	0.01120	0.01131	0.01757	0.01429	0.01530	0.01458	0.14691	0.03383	0.00880	0.01319	0.00752	0.01185	0.00702	0.02510	0.01437	0.00213	0.63228	0.00470	0.00234	0.00571
7	0.00768	0.00555	0.00759	0.00865	0.00976	0.00546	0.00738	0.00976	0.01129	0.01460	0.02839	0.12647	0.08924	0.01385	0.00676	0.00222	0.00427	0.63197	0.00460	0.00451
8	0.01333	0.82783	0.02612	0.00853	0.01279	0.01972	0.00853	0.01493	0.01013	0.01173	0.00693	0.00800	0.00640	0.00426	0.00320	0.00107	0.00533	0.00267	0.00213	0.00640
9	0.00716	0.00519	0.00726	0.00726	0.00789	0.00582	0.00529	0.00842	0.00779	0.01101	0.01404	0.02338	0.01411	0.26707	0.57765	0.00708	0.01087	0.00590	0.00277	0.00403
10	0.01193	0.15429	0.28064	0.01886	0.31589	0.01256	0.01419	0.01574	0.02569	0.05098	0.04631	0.01249	0.00929	0.00490	0.00462	0.00145	0.00602	0.00415	0.00265	0.00734
11	0.86003	0.00964	0.00733	0.00655	0.00964	0.01118	0.00540	0.01465	0.00848	0.02236	0.00694	0.00810	0.00540	0.00463	0.00308	0.00154	0.00386	0.00270	0.00308	0.00540
12	0.01176	0.01345	0.02941	0.02101	0.02605	0.01261	0.77563	0.01597	0.01176	0.01597	0.01008	0.01345	0.00756	0.00420	0.00588	0.00168	0.00840	0.00588	0.00252	0.00672
13	0.10199	0.01084	0.01628	0.11971	0.35244	0.02994	0.03811	0.01652	0.01121	0.16875	0.01081	0.01276	0.00819	0.00524	0.00577	0.00158	0.07513	0.00438	0.00320	0.00715
14	0.00867	0.00742	0.01146	0.30985	0.11896	0.00819	0.00965	0.03692	0.02313	0.01396	0.01757	0.37587	0.01882	0.00975	0.00560	0.00180	0.00478	0.00882	0.00347	0.00531
15	0.02227	0.00863	0.01166	0.00894	0.01280	0.00754	0.00738	0.04432	0.01451	0.77681	0.01946	0.01683	0.01224	0.00616	0.00501	0.00154	0.00427	0.00500	0.00614	0.00848
16	0.01000	0.02578	0.79900	0.01421	0.02157	0.01158	0.01842	0.01579	0.01052	0.01579	0.00895	0.01052	0.00631	0.00474	0.00474	0.00158	0.00737	0.00368	0.00210	0.00737
17	0.01175	0.01202	0.02289	0.09548	0.41603	0.01190	0.30154	0.01519	0.01139	0.01581	0.01006	0.01403	0.00823	0.00465	0.00535	0.00159	0.00688	0.02554	0.00252	0.00716
18	0.00666	0.00511	0.00614	0.00666	0.00766	0.00483	0.00484	0.00847	0.05314	0.01341	0.03365	0.37429	0.29300	0.02908	0.04367	0.02307	0.00352	0.07402	0.00447	0.00432
19	0.01233	0.00885	0.00979	0.00827	0.01008	0.00957	0.00609	0.34248	0.01436	0.01929	0.01389	0.02256	0.01346	0.40389	0.08039	0.00364	0.00581	0.00589	0.00385	0.00551
20	0.01062	0.01112	0.02141	0.37591	0.02839	0.01220	0.35226	0.01409	0.01052	0.01409	0.00916	0.01311	0.00704	0.00503	0.00659	0.00172	0.09326	0.00507	0.00235	0.00606
21	0.26472	0.00719	0.00740	0.03423	0.00960	0.00745	0.00540	0.01261	0.04641	0.10025	0.06471	0.04313	0.23388	0.08145	0.03953	0.00218	0.00402	0.02658	0.00409	0.00518
22	0.00602	0.00505	0.00522	0.00518	0.00681	0.00426	0.00388	0.00739	0.01165	0.01416	0.12943	0.04683	0.71235	0.01236	0.00589	0.00167	0.00251	0.01036	0.00472	0.00426
23	0.00599	0.00505	0.00519	0.00516	0.00680	0.00425	0.00387	0.00735	0.01160	0.01404	0.11574	0.04702	0.72611	0.01241	0.00589	0.00167	0.00251	0.01039	0.00470	0.00425
24	0.00930	0.00752	0.00846	0.00819	0.00993	0.00804	0.00614	0.04375	0.33059	0.01781	0.12388	0.26549	0.10539	0.01057	0.00568	0.00178	0.00335	0.02330	0.00493	0.00591
25	0.00737	0.00505	0.00632	0.00668	0.00739	0.00482	0.00456	0.02031	0.03101	0.04089	0.15870	0.44426	0.06681	0.16056	0.00960	0.00240	0.00325	0.01116	0.00456	0.00431
26	0.01128	0.00770	0.00850	0.00736	0.00869	0.00811	0.00510	0.23889	0.01235	0.04321	0.01472	0.02588	0.01503	0.55098	0.01855	0.00372	0.00501	0.00634	0.00372	0.00485
27	0.43441	0.00950	0.00976	0.00794	0.01143	0.00989	0.00655	0.08123	0.01217	0.35304	0.01277	0.01219	0.00861	0.00539	0.00406	0.00154	0.00415	0.00383	0.00455	0.00696
28	0.00830	0.00547	0.00674	0.00626	0.00775	0.00496	0.00469	0.01041	0.02671	0.09029	0.47519	0.04972	0.21687	0.05621	0.00689	0.00179	0.00275	0.00892	0.00519	0.00489
29	0.00744	0.00520	0.00645	0.00613	0.00751	0.00467	0.00460	0.00942	0.01318	0.05485	0.52842	0.08505	0.22669	0.01091	0.00587	0.00162	0.00252	0.00950	0.00526	0.00472
30	0.86003	0.00964	0.00733	0.00655	0.00964	0.01118	0.00540	0.01465	0.00848	0.02236	0.00694	0.00810	0.00540	0.00463	0.00308	0.00154	0.00386	0.00270	0.00308	0.00540
31	0.00674	0.00457	0.00565	0.00620	0.00634	0.00444	0.00384	0.00707	0.00832	0.01109	0.02105	0.40957	0.02484	0.40419	0.01603	0.03852	0.00388	0.01044	0.00375	0.00348
32	0.00694	0.00515	0.00580	0.00569	0.00722	0.00446	0.00424	0.00846	0.01200	0.05066	0.22739	0.11128	0.50891	0.01200	0.00589	0.00168	0.00259	0.01022	0.00491	0.00451
33	0.00799	0.00472	0.00698	0.00698	0.00737	0.00501	0.00499	0.00738	0.00724	0.00990	0.01207	0.01809	0.04229	0.02432	0.30084	0.51588	0.00749	0.00495	0.00245	0.00307
34	0.86003	0.00964	0.00733	0.00655	0.00964	0.01118	0.00540	0.01465	0.00848	0.02236	0.00694	0.00810	0.00540	0.00463	0.00308	0.00154	0.00386	0.00270	0.00308	0.00540
35	0.00846	0.00554	0.00809	0.00792	0.00901	0.00612	0.00610	0.01012	0.00869	0.08449	0.01511	0.08202	0.01422	0.05803	0.64385	0.00684	0.01142	0.00606	0.00316	0.00475
36	0.00783	0.00539	0.00628	0.00607	0.00770	0.00477	0.00463	0.00938	0.01178	0.08677	0.17508	0.07597	0.45627	0.03287	0.04658	0.00209	0.00337	0.04771	0.00478	0.00469
37	0.00877	0.00653	0.00670	0.00627	0.00813	0.03822	0.00478	0.01138	0.07340	0.08102	0.16668	0.03730	0.44474	0.01036	0.00550	0.00159	0.00300	0.00865	0.07193	0.00504
38	0.01108	0.01820	0.32598	0.01839	0.02433	0.01221	0.48383	0.01590	0.01129	0.01590	0.00965	0.01232	0.00708	0.00441	0.00544	0.00164	0.00800	0.00503	0.00236	0.00697
39	0.01175	0.03552	0.05432	0.02046	0.02555	0.01276	0.73062	0.01593	0.01168	0.01585	0.00996	0.01321	0.00749	0.00422	0.00577	0.00166	0.00829	0.00573	0.00250	0.00673
40	0.00725	0.00483	0.00544	0.00544	0.00544	0.00483	0.00302	0.00725	0.00725	0.00966	0.01571	0.03262	0.01812	0.82483	0.02537	0.00483	0.00483	0.00725	0.00302	0.00302
41	0.29510	0.04600	0.03502	0.00959	0.01327	0.01366	0.00815	0.44009	0.01719	0.02669	0.04310	0.01156	0.00895	0.00561	0.00432	0.00150	0.00486	0.00399	0.00418	0.00718
42	0.01111	0.00989	0.02018	0.01514	0.01831	0.00937	0.45508	0.01300	0.01001	0.05270	0.01019	0.01438	0.00832	0.00972	0.03524	0.28724	0.00699	0.00530	0.00259	0.00522
43	0.01316	0.01057	0.01135	0.01009	0.01298	0.01203	0.00792	0.05652	0.68552	0.06858	0.02008	0.01925	0.01513	0.00689	0.00511	0.00169	0.00404	0.02610	0.00512	0.00786
44	0.00691	0.00509	0.00647	0.00625	0.00746	0.00466	0.00471	0.00906	0.01348	0.01866	0.63442	0.06494	0.14675	0.01084	0.00594	0.00163	0.00248	0.04032	0.00531	0.00461
45	0.00746	0.00555	0.00807	0.00809	0.00904	0.00635	0.00632	0.02934	0.00868	0.01231	0.01465	0.04698	0.01417	0.05118	0.69043	0.00721	0.01207	0.05465	0.00292	0.00452
46	0.00638	0.00538	0.00556	0.00546	0.00716	0.00473	0.00411	0.00849	0.05670	0.01449	0.11646	0.04528	0.67834	0.01206	0.00584	0.00167	0.00259	0.01010	0.00473	0.00447
47	0.00644	0.00465	0.00610	0.00672	0.00737	0.00431	0.00472	0.00783	0.01112	0.01512	0.27054	0.51808	0.06853	0.01372	0.00621	0.00187	0.00276	0.03474	0.00490	0.00428
48	0.40872	0.00749	0.00733	0.00714	0.00932	0.00799	0.00575	0.01264	0.01000	0.08190	0.03083	0.15933	0.08257	0.00902	0.00476	0.00177	0.00372	0.14052	0.00404	0.00516
49	0.02126	0.00845	0.01136	0.00880	0.01249	0.00744	0.00723	0.03960	0.02785	0.72373	0.06276	0.01802	0.01425	0.00640	0.00506	0.00155	0.00416	0.00524	0.00609	0.00826
50	0.83566	0.00962	0.00754	0.02966	0.01035	0.01118	0.00564	0.01460	0.00853	0.02209	0.00700	0.00825	0.00543	0.00464	0.00314	0.00155	0.00394	0.00275	0.00306	0.00540
51	0.00728	0.00484	0.00551	0.00550	0.00564	0.00480	0.00319	0.00755	0.00792	0.01079	0.07420	0.04870	0.02042	0.72044	0.02281	0.00441	0.00452	0.00744	0.03083	0.00322
52	0.01142	0.00619	0.00807	0.00730	0.00918	0.00568	0.00562	0.01387	0.04665	0.23743	0.36494	0.15394	0.06898	0.00997	0.00570	0.00166	0.00311	0.02908	0.00546	0.00578
53	0.00652	0.00472	0.00605	0.00672	0.00737	0.00441	0.00476	0.00775	0.01052	0.01402	0.16040	0.46327	0.11322	0.08182	0.00787	0.00217	0.00309	0.08653	0.00464	0.00415
54	0.02068	0.01118	0.01324	0.01015	0.01407	0.01133	0.00838	0.39528	0.01878	0.41981	0.01587	0.01450	0.01044	0.00608	0.00500	0.00152	0.00485	0.00475	0.00559	0.00848
55	0.01464	0.00709	0.00828	0.00698	0.00935	0.00690	0.00555	0.11473	0.01341	0.27130	0.03174	0.03662	0.01321	0.00626	0.00429	0.00136	0.00337	0.00505	0.43352	0.00637
56	0.00604	0.00465	0.00554	0.00618	0.00705	0.00414	0.00430	0.00713	0.01044	0.01332	0.06885	0.48780	0.32825	0.01422	0.00616	0.00187	0.00273	0.01253	0.00466	0.00414
57	0.00624	0.00461	0.00585	0.00660	0.00728	0.00422	0.00461	0.00742	0.01053	0.01387	0.12990	0.55448	0.17012	0.01432	0.00623	0.00191	0.00282	0.04007	0.00474	0.00418

[dist]
# distance from previous block
# <min> <max>
0	2

[block]
# block no. 1 follows, 50 sequences, length 30
# corresponding to MSA columns:
# 232-261
name=unknown_B
#
# <colnr> <probs for GDERKNQSTAVLIFYWHMCP>
#	G	D	E	R	K	N	Q	S	T	A	V	L	I	F	Y	W	H	M	C	P
0	0.01180	0.01008	0.01076	0.00971	0.01234	0.01154	0.00753	0.02458	0.69854	0.02075	0.10650	0.02068	0.01877	0.00715	0.00516	0.00168	0.00377	0.00601	0.00512	0.00753
1	0.00629	0.00476	0.00582	0.00646	0.00726	0.00436	0.00450	0.00774	0.02898	0.01393	0.11938	0.51534	0.22894	0.01402	0.00616	0.00188	0.00276	0.01245	0.00474	0.00425
2	0.01106	0.00884	0.01041	0.00747	0.01187	0.00669	0.00599	0.01326	0.01057	0.06334	0.00951	0.01074	0.00768	0.00384	0.00377	0.00079	0.00372	0.00308	0.00315	0.80423
3	0.01059	0.00901	0.01047	0.00751	0.01192	0.00691	0.00601	0.03554	0.01073	0.01670	0.00895	0.01038	0.00742	0.00376	0.00373	0.00076	0.00375	0.00300	0.00301	0.82984
4	0.00860	0.00437	0.00655	0.00655	0.00658	0.00440	0.00440	0.00658	0.00655	0.00876	0.00883	0.01531	0.00880	0.01804	0.04779	0.82445	0.00465	0.00437	0.00218	0.00225
5	0.01034	0.00886	0.01034	0.00738	0.01181	0.00664	0.00591	0.01255	0.01034	0.01624	0.00886	0.01034	0.00738	0.00369	0.00369	0.00074	0.00369	0.00295	0.00295	0.85530
6	0.00762	0.00534	0.00711	0.00795	0.00900	0.00519	0.00658	0.00936	0.01095	0.01441	0.04412	0.13552	0.12464	0.01356	0.00726	0.05353	0.00396	0.48138	0.04817	0.00434
7	0.00713	0.00531	0.00788	0.00788	0.00872	0.00616	0.00607	0.00882	0.00797	0.01147	0.01347	0.02025	0.01275	0.07797	0.76489	0.00785	0.01291	0.00544	0.00269	0.00438
8	0.00941	0.00886	0.01495	0.81285	0.03433	0.01107	0.01384	0.01274	0.00997	0.01274	0.00886	0.01329	0.00664	0.00498	0.00498	0.00166	0.00664	0.00443	0.00221	0.00554
9	0.00992	0.00945	0.01616	0.58635	0.16384	0.01107	0.04961	0.01306	0.01022	0.01348	0.00976	0.04800	0.00804	0.00540	0.00534	0.00166	0.02541	0.00492	0.00238	0.00594
10	0.01401	0.01491	0.01653	0.01875	0.27614	0.22959	0.01189	0.06252	0.02650	0.01485	0.00841	0.01108	0.00725	0.00610	0.00837	0.00165	0.25816	0.00411	0.00261	0.00659
11	0.01103	0.00884	0.01041	0.00747	0.01187	0.00668	0.00599	0.01323	0.01056	0.06142	0.00948	0.01072	0.00767	0.00383	0.00377	0.00078	0.00372	0.00307	0.00314	0.80631
12	0.00610	0.00439	0.00579	0.00686	0.00722	0.00408	0.00461	0.00703	0.00976	0.01300	0.05524	0.77144	0.05533	0.01534	0.00633	0.00200	0.00286	0.01388	0.00466	0.00408
13	0.01460	0.07420	0.05543	0.01624	0.16520	0.21581	0.12555	0.08938	0.04927	0.04420	0.00992	0.01146	0.00778	0.00482	0.00471	0.00137	0.00668	0.00410	0.00300	0.09627
14	0.00866	0.00433	0.00649	0.00649	0.00649	0.00433	0.00433	0.00649	0.00649	0.00866	0.00866	0.01515	0.00866	0.01732	0.01948	0.85498	0.00433	0.00433	0.00216	0.00216
15	0.01073	0.01177	0.02499	0.03926	0.02305	0.01110	0.62394	0.01434	0.01134	0.01533	0.01303	0.15161	0.01188	0.00617	0.00594	0.00174	0.00742	0.00726	0.00287	0.00623
16	0.01167	0.01112	0.01724	0.02186	0.47061	0.02784	0.05785	0.01440	0.01113	0.01609	0.01023	0.01259	0.02687	0.00441	0.00462	0.00127	0.00537	0.00419	0.00267	0.26796
17	0.01289	0.00904	0.03075	0.00804	0.01181	0.00740	0.00663	0.08800	0.01304	0.16937	0.15219	0.01663	0.01556	0.00559	0.00449	0.00114	0.00382	0.00461	0.00421	0.43479
18	0.01033	0.05945	0.01936	0.31179	0.13818	0.01123	0.23374	0.01346	0.01079	0.01429	0.02694	0.08008	0.03652	0.00585	0.00529	0.00163	0.00645	0.00583	0.00268	0.00610
19	0.01281	0.16057	0.08716	0.01072	0.03478	0.09635	0.05394	0.07354	0.07057	0.02976	0.02739	0.01149	0.00868	0.00469	0.00422	0.00117	0.00536	0.00370	0.00307	0.30002
20	0.04697	0.08276	0.34219	0.01190	0.01709	0.01175	0.06689	0.13473	0.03886	0.03582	0.03219	0.03566	0.03880	0.00560	0.00471	0.00148	0.00590	0.00457	0.00315	0.07898
21	0.12811	0.04158	0.12942	0.01097	0.05402	0.10482	0.00938	0.13190	0.05752	0.10384	0.06092	0.01423	0.03506	0.00568	0.00453	0.00142	0.00528	0.00435	0.00373	0.09324
22	0.03172	0.10403	0.09799	0.02513	0.01564	0.03557	0.08208	0.18335	0.17118	0.06430	0.01337	0.02606	0.02364	0.00625	0.01787	0.00159	0.02230	0.00468	0.00380	0.06944
23	0.11045	0.04568	0.16606	0.01253	0.09743	0.05253	0.01052	0.16024	0.05269	0.04604	0.03492	0.01348	0.03678	0.00629	0.02179	0.00161	0.04080	0.00429	0.00340	0.08247
24	0.05852	0.16353	0.17195	0.01343	0.13461	0.02938	0.01110	0.14227	0.03617	0.09378	0.01136	0.01215	0.02622	0.00512	0.00442	0.00139	0.00551	0.00398	0.00331	0.07182
25	0.07298	0.06793	0.08423	0.04773	0.14720	0.02906	0.05740	0.20692	0.08523	0.04706	0.01156	0.03892	0.00914	0.00546	0.00471	0.00147	0.00550	0.00455	0.00356	0.06939
26	0.05291	0.01212	0.08332	0.08279	0.25470	0.01133	0.04284	0.13440	0.06435	0.08444	0.03077	0.01507	0.04810	0.00566	0.00519	0.00154	0.02472	0.00484	0.00351	0.03740
27	0.06989	0.01346	0.11449	0.01627	0.19702	0.02464	0.09998	0.14132	0.07732	0.08454	0.01134	0.01252	0.00848	0.00498	0.00477	0.00146	0.00568	0.00436	0.00346	0.10402
28	0.10919	0.04416	0.06980	0.05836	0.27941	0.01227	0.01139	0.15713	0.10041	0.06602	0.02420	0.01363	0.00954	0.00539	0.00472	0.00153	0.00532	0.01654	0.00354	0.00743
29	0.13508	0.13892	0.14562	0.01400	0.17044	0.02871	0.02384	0.05312	0.08482	0.01756	0.02987	0.01167	0.00868	0.00485	0.00426	0.00137	0.00529	0.00383	0.00296	0.11511

[dist]
# distance from previous block
# <min> <max>
0	106

# created by:
# /home/cegg/simao/soft/augustus-3.2.1/scripts/msa2prfl.pl ./align_prep/EOG091G116R.fa
