[name]
unknown

[dist]
# distance from previous block
# <min> <max>
0	77

[block]
# block no. 0 follows, 46 sequences, length 24
# corresponding to MSA columns:
# 86-109
name=unknown_A
#
# <colnr> <probs for GDERKNQSTAVLIFYWHMCP>
#	G	D	E	R	K	N	Q	S	T	A	V	L	I	F	Y	W	H	M	C	P
0	0.05913	0.09807	0.11471	0.01109	0.01455	0.06646	0.04161	0.06056	0.03632	0.12361	0.03082	0.02949	0.01706	0.00877	0.00567	0.00186	0.00574	0.26366	0.00420	0.00661
1	0.03762	0.19644	0.28755	0.03151	0.05809	0.01399	0.04573	0.06892	0.09563	0.05752	0.01211	0.05119	0.00975	0.00584	0.00484	0.00158	0.00623	0.00470	0.00322	0.00751
2	0.01147	0.01030	0.01681	0.03149	0.17375	0.01049	0.17745	0.05529	0.12215	0.03441	0.01759	0.23511	0.01717	0.03338	0.00687	0.00194	0.02550	0.00819	0.00390	0.00675
3	0.01224	0.16948	0.37965	0.01322	0.01829	0.03134	0.04215	0.01628	0.02636	0.05609	0.01050	0.05034	0.00872	0.00629	0.00686	0.00170	0.13610	0.00456	0.00270	0.00713
4	0.02674	0.10089	0.21551	0.09007	0.16014	0.02575	0.01282	0.06486	0.04437	0.05287	0.05355	0.05140	0.02562	0.00623	0.00502	0.00160	0.00590	0.00519	0.04427	0.00720
5	0.00845	0.00660	0.00777	0.00784	0.02101	0.00646	0.00579	0.08386	0.03837	0.01728	0.13860	0.24851	0.29672	0.01283	0.00657	0.00190	0.02182	0.05944	0.00499	0.00519
6	0.00694	0.00535	0.00634	0.00617	0.00759	0.00475	0.00460	0.00890	0.01358	0.01809	0.45515	0.08161	0.33761	0.01211	0.00627	0.00173	0.00259	0.01046	0.00541	0.00475
7	0.03011	0.01282	0.05960	0.16680	0.41665	0.01300	0.07506	0.04496	0.01178	0.01681	0.00961	0.01299	0.00783	0.00537	0.00659	0.00171	0.09346	0.00474	0.00264	0.00748
8	0.01402	0.20791	0.24283	0.05641	0.18387	0.11687	0.01406	0.04518	0.01239	0.04616	0.00947	0.01121	0.00745	0.00502	0.00469	0.00148	0.00695	0.00389	0.00268	0.00746
9	0.02079	0.01257	0.01434	0.01112	0.01521	0.01322	0.00915	0.45676	0.07940	0.28699	0.01614	0.01503	0.01093	0.00648	0.00530	0.00162	0.00524	0.00504	0.00572	0.00894
10	0.00660	0.00469	0.00617	0.00720	0.00754	0.00440	0.00479	0.00755	0.01025	0.01375	0.07619	0.70477	0.03477	0.07438	0.00819	0.00233	0.00318	0.01414	0.00484	0.00426
11	0.01004	0.00759	0.00918	0.00841	0.00979	0.00810	0.01868	0.11880	0.09808	0.01773	0.15574	0.15289	0.02443	0.23611	0.07141	0.00324	0.03167	0.00831	0.00443	0.00538
12	0.09303	0.04511	0.16735	0.02739	0.09676	0.05390	0.11529	0.08835	0.02896	0.06795	0.04847	0.01413	0.01037	0.00582	0.00584	0.00165	0.06041	0.00476	0.05732	0.00716
13	0.00758	0.00508	0.00580	0.00591	0.00593	0.00505	0.00335	0.00766	0.00790	0.01054	0.01776	0.10316	0.02061	0.74375	0.02513	0.00486	0.00494	0.00834	0.00335	0.00330
14	0.00733	0.00537	0.00642	0.00643	0.00781	0.00477	0.00477	0.00907	0.01287	0.04026	0.31441	0.18244	0.33349	0.01283	0.00633	0.00182	0.00279	0.03071	0.00529	0.00478
15	0.01225	0.01396	0.08920	0.16928	0.15322	0.03910	0.30207	0.05483	0.01232	0.01661	0.01077	0.02998	0.00877	0.03911	0.00680	0.00187	0.02462	0.00551	0.00276	0.00697
16	0.07532	0.05189	0.03733	0.05233	0.18722	0.03201	0.06581	0.15931	0.14890	0.07372	0.01356	0.03123	0.01048	0.00592	0.00509	0.00162	0.00567	0.00505	0.02975	0.00780
17	0.01181	0.01317	0.06115	0.05597	0.03166	0.09854	0.05968	0.01374	0.00956	0.01329	0.00877	0.01325	0.00804	0.02552	0.11535	0.00295	0.44442	0.00475	0.00247	0.00590
18	0.00829	0.00688	0.00772	0.00742	0.00910	0.00696	0.00568	0.03905	0.11935	0.01661	0.11110	0.13433	0.40943	0.01216	0.00689	0.00186	0.05443	0.03251	0.00491	0.00531
19	0.12501	0.00929	0.01047	0.04108	0.01296	0.00801	0.00656	0.01394	0.04651	0.01795	0.01095	0.06238	0.00964	0.00507	0.00414	0.00107	0.00403	0.00406	0.00334	0.60355
20	0.07675	0.13330	0.11722	0.01409	0.03705	0.05418	0.16706	0.09950	0.08862	0.08959	0.01163	0.01286	0.00876	0.00562	0.00583	0.00164	0.06074	0.00463	0.00349	0.00745
21	0.02125	0.17491	0.01553	0.00947	0.01361	0.01093	0.00812	0.04646	0.04249	0.57536	0.01786	0.01595	0.01178	0.00615	0.00492	0.00154	0.00476	0.00481	0.00558	0.00852
22	0.01476	0.38917	0.02370	0.01244	0.01673	0.07733	0.16956	0.09251	0.04790	0.04845	0.01234	0.01339	0.04912	0.00544	0.00462	0.00142	0.00639	0.00449	0.00315	0.00707
23	0.00709	0.00632	0.04794	0.00750	0.00860	0.00525	0.00563	0.00906	0.04551	0.01461	0.08907	0.52207	0.13964	0.05650	0.00754	0.00217	0.00338	0.01265	0.00477	0.00469

[dist]
# distance from previous block
# <min> <max>
0	1

[block]
# block no. 1 follows, 46 sequences, length 18
# corresponding to MSA columns:
# 111-128
name=unknown_B
#
# <colnr> <probs for GDERKNQSTAVLIFYWHMCP>
#	G	D	E	R	K	N	Q	S	T	A	V	L	I	F	Y	W	H	M	C	P
0	0.13195	0.02696	0.01030	0.00883	0.01128	0.00982	0.01845	0.10669	0.17459	0.07016	0.13518	0.14950	0.06913	0.00908	0.00562	0.00175	0.01927	0.00755	0.02739	0.00649
1	0.00663	0.00523	0.00602	0.00636	0.00766	0.00461	0.00471	0.00810	0.01196	0.01512	0.14117	0.23933	0.44059	0.01393	0.00645	0.00191	0.00292	0.06775	0.00503	0.00452
2	0.01413	0.81739	0.02770	0.00905	0.01357	0.02092	0.00905	0.01583	0.01074	0.01244	0.00735	0.00848	0.00678	0.00452	0.00339	0.00113	0.00565	0.00283	0.00226	0.00678
3	0.01224	0.39352	0.43497	0.01228	0.01856	0.01628	0.01467	0.01632	0.01097	0.01475	0.00850	0.00992	0.00674	0.00479	0.00427	0.00142	0.00681	0.00341	0.00225	0.00734
4	0.00685	0.00539	0.00626	0.00613	0.00757	0.00490	0.00457	0.00856	0.01238	0.01608	0.27854	0.04317	0.42664	0.05342	0.09352	0.00264	0.00399	0.00988	0.00489	0.00460
5	0.00710	0.00515	0.00651	0.00662	0.00754	0.00476	0.00469	0.00879	0.01260	0.01729	0.42450	0.24964	0.11397	0.09641	0.00853	0.00217	0.00294	0.01101	0.00521	0.00456
6	0.00683	0.00483	0.00627	0.00704	0.00743	0.00462	0.00468	0.00780	0.01014	0.01370	0.10837	0.55022	0.03278	0.16162	0.04540	0.00292	0.00387	0.01268	0.00461	0.00419
7	0.05431	0.01540	0.01523	0.02981	0.01644	0.13337	0.02679	0.49238	0.03759	0.07643	0.01225	0.01254	0.00883	0.00602	0.00510	0.00154	0.00621	0.00451	0.00469	0.04055
8	0.00755	0.00566	0.00850	0.00850	0.00944	0.00661	0.00661	0.00944	0.00850	0.01227	0.01416	0.02077	0.01322	0.03965	0.79326	0.00850	0.01416	0.00566	0.00283	0.00472
9	0.00698	0.00527	0.00640	0.00634	0.00758	0.00474	0.00464	0.00885	0.01323	0.01779	0.43998	0.14826	0.26171	0.03599	0.00692	0.00187	0.00270	0.01072	0.00535	0.00469
10	0.00884	0.00685	0.00807	0.00773	0.00932	0.00694	0.00577	0.04641	0.16634	0.01961	0.36142	0.19234	0.11700	0.01133	0.00613	0.00180	0.00312	0.00991	0.00542	0.00565
11	0.28619	0.01225	0.01260	0.00998	0.01388	0.01332	0.00824	0.38582	0.01796	0.17183	0.01253	0.01238	0.00872	0.00592	0.00465	0.00161	0.00502	0.00426	0.00488	0.00795
12	0.00714	0.00552	0.00660	0.00671	0.00820	0.00498	0.00529	0.00910	0.01307	0.01695	0.29448	0.04884	0.37434	0.01277	0.00646	0.00188	0.00307	0.16464	0.00521	0.00473
13	0.00669	0.00477	0.00618	0.00705	0.00747	0.00447	0.00471	0.00771	0.01047	0.01406	0.11635	0.61477	0.05494	0.10327	0.00888	0.00241	0.00322	0.01348	0.00483	0.00426
14	0.01113	0.14441	0.67434	0.01418	0.02150	0.01356	0.01798	0.01661	0.01110	0.01610	0.00917	0.01076	0.00671	0.00495	0.00478	0.00159	0.00749	0.00375	0.00224	0.00766
15	0.01231	0.29166	0.39360	0.01201	0.01810	0.01483	0.01386	0.04888	0.02905	0.01619	0.00917	0.01050	0.00717	0.00484	0.00437	0.00139	0.00648	0.00354	0.00255	0.09950
16	0.01053	0.04413	0.09434	0.00881	0.01108	0.00754	0.00747	0.08661	0.01275	0.09974	0.08137	0.42065	0.06973	0.01205	0.00604	0.00188	0.00406	0.01057	0.00478	0.00583
17	0.41389	0.03258	0.01078	0.00863	0.01215	0.01186	0.00709	0.13564	0.09645	0.16767	0.01430	0.01406	0.04251	0.00605	0.00434	0.00164	0.00443	0.00432	0.00448	0.00712

[dist]
# distance from previous block
# <min> <max>
1	8

[block]
# block no. 2 follows, 46 sequences, length 7
# corresponding to MSA columns:
# 137-143
name=unknown_C
#
# <colnr> <probs for GDERKNQSTAVLIFYWHMCP>
#	G	D	E	R	K	N	Q	S	T	A	V	L	I	F	Y	W	H	M	C	P
0	0.01162	0.19409	0.50606	0.01489	0.05930	0.01443	0.04737	0.01628	0.01098	0.01561	0.00894	0.01084	0.00687	0.00514	0.00550	0.00160	0.05687	0.00386	0.00228	0.00747
1	0.01247	0.21695	0.38512	0.01201	0.01810	0.01387	0.01364	0.08980	0.01238	0.01741	0.00926	0.01062	0.00715	0.00483	0.00445	0.00137	0.00639	0.00359	0.00270	0.15789
2	0.07134	0.17263	0.06513	0.00955	0.01291	0.15306	0.00834	0.03528	0.06602	0.12659	0.10053	0.01773	0.05324	0.00657	0.00469	0.00147	0.00534	0.00499	0.07792	0.00666
3	0.00747	0.00508	0.00578	0.00591	0.00605	0.00500	0.00343	0.00765	0.00820	0.01083	0.02011	0.11922	0.06423	0.68255	0.02356	0.00461	0.00476	0.00868	0.00348	0.00339
4	0.01427	0.72284	0.07105	0.00968	0.01428	0.06780	0.00973	0.01621	0.01103	0.01272	0.00752	0.00870	0.00678	0.00461	0.00357	0.00118	0.00602	0.00293	0.00229	0.00680
5	0.00924	0.00614	0.00784	0.00744	0.00907	0.00575	0.00587	0.03871	0.01453	0.07933	0.48135	0.04154	0.12655	0.01125	0.00631	0.00180	0.00319	0.13313	0.00559	0.00537
6	0.01240	0.28590	0.48554	0.01289	0.01939	0.01539	0.01545	0.06684	0.01195	0.01645	0.00900	0.01038	0.00688	0.00495	0.00451	0.00149	0.00697	0.00361	0.00245	0.00755

[dist]
# distance from previous block
# <min> <max>
0	12

[block]
# block no. 3 follows, 46 sequences, length 18
# corresponding to MSA columns:
# 156-160,169-181
name=unknown_D
#
# <colnr> <probs for GDERKNQSTAVLIFYWHMCP>
#	G	D	E	R	K	N	Q	S	T	A	V	L	I	F	Y	W	H	M	C	P
0	0.33171	0.06948	0.05159	0.00937	0.01294	0.01156	0.03615	0.06634	0.06089	0.17326	0.08118	0.01548	0.01269	0.00624	0.00487	0.00165	0.02652	0.01689	0.00427	0.00691
1	0.00749	0.00506	0.00587	0.00604	0.00613	0.00500	0.00352	0.00772	0.00832	0.01114	0.04661	0.15132	0.02271	0.66483	0.02312	0.00455	0.00472	0.00886	0.00356	0.00343
2	0.01138	0.00767	0.00906	0.08353	0.01210	0.00800	0.00661	0.10635	0.09492	0.06896	0.18791	0.02649	0.11767	0.00817	0.00521	0.00158	0.00366	0.00683	0.22784	0.00610
3	0.01060	0.02735	0.78682	0.01507	0.02288	0.01228	0.01953	0.01674	0.01116	0.01674	0.00949	0.01116	0.00670	0.00502	0.00502	0.00167	0.00781	0.00391	0.00223	0.00781
4	0.00843	0.00603	0.00839	0.00947	0.01069	0.00599	0.00821	0.01087	0.01241	0.01629	0.09281	0.05789	0.03211	0.01428	0.00721	0.00237	0.00466	0.68207	0.00495	0.00488
5	0.00771	0.00552	0.00756	0.00857	0.00950	0.00537	0.00690	0.00967	0.01186	0.01576	0.12424	0.29981	0.03438	0.01475	0.00699	0.00224	0.00398	0.41548	0.00500	0.00470
6	0.07144	0.01799	0.25757	0.01252	0.01776	0.01418	0.01255	0.40820	0.04918	0.06947	0.01215	0.01253	0.00858	0.00588	0.00508	0.00163	0.00619	0.00445	0.00427	0.00838
7	0.09434	0.00910	0.01188	0.00920	0.01322	0.00812	0.00760	0.02489	0.01461	0.71996	0.01971	0.01719	0.01246	0.00640	0.00514	0.00164	0.00446	0.00511	0.00626	0.00872
8	0.00797	0.00549	0.00765	0.00765	0.00857	0.00619	0.00583	0.00982	0.00890	0.01345	0.01490	0.02163	0.01373	0.09263	0.59360	0.00694	0.01138	0.00569	0.15333	0.00464
9	0.00705	0.00517	0.00608	0.00617	0.00703	0.00478	0.00419	0.00824	0.01124	0.01487	0.23899	0.17062	0.22729	0.25040	0.01245	0.00280	0.00342	0.01034	0.00466	0.00421
10	0.01149	0.01120	0.05829	0.00866	0.01338	0.03956	0.00738	0.03395	0.01154	0.01742	0.00985	0.01205	0.00825	0.00435	0.00413	0.00092	0.00445	0.01975	0.00316	0.72021
11	0.27221	0.10092	0.26893	0.03286	0.03151	0.04459	0.01170	0.04491	0.01164	0.12083	0.01019	0.01110	0.00739	0.00520	0.00436	0.00158	0.00595	0.00371	0.00327	0.00715
12	0.00768	0.00514	0.00584	0.00582	0.00589	0.00512	0.00331	0.00782	0.00812	0.01090	0.06180	0.03489	0.02104	0.76660	0.02568	0.00492	0.00497	0.00780	0.00336	0.00331
13	0.04130	0.01356	0.06197	0.01143	0.01562	0.05834	0.03703	0.32965	0.01865	0.29783	0.04963	0.01547	0.01191	0.00638	0.00528	0.00161	0.00561	0.00505	0.00527	0.00842
14	0.01466	0.06039	0.18136	0.01395	0.03488	0.09977	0.08213	0.15001	0.17965	0.03936	0.01259	0.01351	0.00952	0.00610	0.00626	0.00169	0.07805	0.00473	0.00367	0.00770
15	0.00647	0.00531	0.00540	0.00542	0.00712	0.00450	0.00405	0.00788	0.01202	0.01471	0.06917	0.07036	0.70068	0.01304	0.00613	0.00176	0.00267	0.01091	0.04789	0.00450
16	0.03663	0.17999	0.18632	0.06050	0.01724	0.14781	0.01146	0.07570	0.01273	0.01660	0.04825	0.01202	0.00928	0.00550	0.00524	0.00143	0.05073	0.00392	0.00291	0.11574
17	0.01415	0.08996	0.01960	0.07965	0.13337	0.03422	0.13209	0.20309	0.01450	0.01961	0.01084	0.04770	0.00913	0.00620	0.00680	0.00165	0.11105	0.00510	0.00334	0.05793

[dist]
# distance from previous block
# <min> <max>
0	9

[block]
# block no. 4 follows, 46 sequences, length 21
# corresponding to MSA columns:
# 191-211
name=unknown_E
#
# <colnr> <probs for GDERKNQSTAVLIFYWHMCP>
#	G	D	E	R	K	N	Q	S	T	A	V	L	I	F	Y	W	H	M	C	P
0	0.21518	0.04632	0.09908	0.00887	0.01248	0.00984	0.00807	0.03615	0.07662	0.17770	0.12531	0.01860	0.01608	0.00663	0.00473	0.00159	0.00440	0.02550	0.05809	0.04880
1	0.01400	0.06889	0.10472	0.01492	0.13882	0.02954	0.06411	0.03402	0.14817	0.14637	0.01850	0.01958	0.09106	0.00696	0.00612	0.00170	0.05656	0.02442	0.00404	0.00751
2	0.00810	0.00557	0.00685	0.00649	0.00802	0.00497	0.00488	0.01014	0.01384	0.06752	0.47598	0.08722	0.25747	0.01162	0.00621	0.00173	0.00271	0.01008	0.00555	0.00505
3	0.06352	0.00771	0.00811	0.00720	0.00930	0.00822	0.00565	0.14440	0.08089	0.04362	0.06141	0.01899	0.01464	0.00792	0.03805	0.00172	0.00386	0.00518	0.46353	0.00609
4	0.06322	0.17377	0.21629	0.01599	0.12488	0.01425	0.11733	0.08611	0.03377	0.04786	0.01072	0.03357	0.00857	0.00546	0.00520	0.00159	0.02632	0.00458	0.00303	0.00750
5	0.00902	0.00497	0.00730	0.00760	0.00791	0.00497	0.00558	0.00791	0.00821	0.01085	0.01390	0.02700	0.01451	0.01742	0.01731	0.63454	0.00466	0.19048	0.00294	0.00294
6	0.00770	0.00566	0.00744	0.00822	0.00942	0.00541	0.00675	0.00974	0.01225	0.01597	0.13502	0.15614	0.16649	0.01413	0.00690	0.00218	0.00391	0.41692	0.00501	0.00474
7	0.00915	0.00646	0.00890	0.06133	0.01034	0.00681	0.03952	0.01007	0.00900	0.06098	0.01737	0.10668	0.03325	0.45883	0.08810	0.00429	0.05341	0.00771	0.00345	0.00435
8	0.01325	0.26018	0.22966	0.01477	0.11083	0.06797	0.05871	0.08442	0.01276	0.01664	0.02232	0.05308	0.02207	0.00577	0.00476	0.00150	0.00657	0.00464	0.00286	0.00724
9	0.00649	0.00476	0.00610	0.00704	0.00762	0.00437	0.00480	0.00759	0.01074	0.01417	0.08829	0.65317	0.13401	0.01572	0.00664	0.00206	0.00297	0.01411	0.00498	0.00437
10	0.01784	0.01677	0.25742	0.01280	0.01818	0.01203	0.06029	0.23563	0.01653	0.27771	0.01428	0.01408	0.00958	0.00588	0.00528	0.00164	0.00620	0.00477	0.00458	0.00850
11	0.12168	0.01474	0.10802	0.05800	0.01648	0.09042	0.01016	0.25221	0.03070	0.18827	0.02702	0.01413	0.01002	0.02819	0.00557	0.00170	0.00590	0.00459	0.00446	0.00773
12	0.01163	0.01310	0.10473	0.08965	0.21340	0.01150	0.21174	0.04189	0.06680	0.01749	0.05987	0.01906	0.06086	0.00649	0.00606	0.02293	0.00652	0.02595	0.00325	0.00708
13	0.00649	0.00467	0.00615	0.00725	0.00766	0.00434	0.00488	0.00750	0.01045	0.01392	0.06870	0.74140	0.06474	0.01614	0.00670	0.00211	0.00302	0.01460	0.00495	0.00434
14	0.03921	0.01182	0.01460	0.20874	0.04162	0.03685	0.02618	0.30119	0.06092	0.11339	0.01435	0.08232	0.01144	0.00688	0.00537	0.00169	0.00578	0.00570	0.00441	0.00754
15	0.04042	0.11434	0.14965	0.15699	0.18841	0.04377	0.09871	0.04704	0.03803	0.04493	0.02278	0.01304	0.00861	0.00516	0.00504	0.00160	0.00673	0.00455	0.00289	0.00732
16	0.03186	0.06705	0.11299	0.09993	0.09328	0.01068	0.06840	0.03601	0.03363	0.20940	0.04522	0.05722	0.01344	0.02512	0.00600	0.00177	0.01899	0.03469	0.02710	0.00721
17	0.01313	0.05754	0.13154	0.24142	0.09648	0.07579	0.04838	0.11136	0.07364	0.01777	0.01063	0.01294	0.00814	0.00546	0.00544	0.00161	0.03076	0.00448	0.00305	0.05043
18	0.08859	0.07950	0.06856	0.01488	0.15298	0.23362	0.01062	0.07799	0.04604	0.05710	0.02256	0.01296	0.02101	0.02184	0.00516	0.00152	0.00653	0.00418	0.00332	0.07103
19	0.09451	0.12649	0.09882	0.03512	0.21393	0.07698	0.05253	0.06811	0.06105	0.01790	0.00992	0.01180	0.00798	0.00523	0.00530	0.00153	0.04470	0.00414	0.00297	0.06098
20	0.03701	0.08390	0.28984	0.03253	0.03738	0.05243	0.04250	0.13504	0.01380	0.09068	0.03231	0.01295	0.00919	0.00570	0.00555	0.00159	0.04759	0.00436	0.02646	0.03920

[dist]
# distance from previous block
# <min> <max>
40	91

[block]
# block no. 5 follows, 46 sequences, length 50
# corresponding to MSA columns:
# 330-379
name=unknown_F
#
# <colnr> <probs for GDERKNQSTAVLIFYWHMCP>
#	G	D	E	R	K	N	Q	S	T	A	V	L	I	F	Y	W	H	M	C	P
0	0.06839	0.15088	0.16032	0.05245	0.04719	0.05672	0.01079	0.12653	0.03638	0.11797	0.02480	0.04438	0.01064	0.03331	0.00551	0.00167	0.00582	0.00476	0.03426	0.00723
1	0.02838	0.14949	0.23309	0.04326	0.01634	0.03539	0.03778	0.07639	0.02935	0.05303	0.05279	0.04616	0.03286	0.02473	0.08428	0.00233	0.00682	0.00519	0.03564	0.00673
2	0.02934	0.12784	0.04211	0.00895	0.03616	0.00895	0.00695	0.05610	0.01101	0.01520	0.09519	0.17118	0.02974	0.09201	0.12934	0.07177	0.00594	0.00726	0.00362	0.05135
3	0.06629	0.11549	0.16342	0.02769	0.08088	0.03508	0.05528	0.06438	0.05461	0.07899	0.01349	0.11677	0.01195	0.00751	0.00599	0.05266	0.00573	0.00566	0.00348	0.03462
4	0.04749	0.29860	0.16143	0.03690	0.01609	0.05291	0.03105	0.05874	0.03216	0.05208	0.01217	0.02706	0.04799	0.00578	0.00493	0.00144	0.03662	0.00426	0.00304	0.06928
5	0.16950	0.06920	0.21486	0.01463	0.01985	0.01255	0.25728	0.01778	0.04088	0.09898	0.01143	0.01368	0.00854	0.00525	0.00508	0.00168	0.00678	0.02164	0.00321	0.00721
6	0.00830	0.00784	0.08202	0.00724	0.00928	0.00608	0.00615	0.01132	0.05432	0.03264	0.35708	0.03607	0.20737	0.08274	0.00774	0.00198	0.00342	0.00861	0.06457	0.00523
7	0.01310	0.20581	0.14185	0.14668	0.09571	0.01408	0.11503	0.03832	0.01172	0.07518	0.01018	0.01251	0.00792	0.00625	0.03010	0.00178	0.04221	0.00438	0.00282	0.02435
8	0.00991	0.00676	0.00834	0.00819	0.00949	0.02274	0.00609	0.01237	0.06625	0.11122	0.17436	0.36647	0.08385	0.01254	0.00702	0.00194	0.05738	0.02451	0.00510	0.00547
9	0.00644	0.00460	0.00613	0.00736	0.00767	0.00429	0.00491	0.00736	0.01012	0.01350	0.02914	0.81076	0.03497	0.01656	0.00675	0.00215	0.00307	0.01503	0.00491	0.00429
10	0.00970	0.00935	0.03623	0.03081	0.01570	0.00891	0.23793	0.02971	0.07369	0.01645	0.06427	0.34245	0.02232	0.01031	0.00657	0.00191	0.03168	0.00978	0.03639	0.00585
11	0.01060	0.02735	0.78682	0.01507	0.02288	0.01228	0.01953	0.01674	0.01116	0.01674	0.00949	0.01116	0.00670	0.00502	0.00502	0.00167	0.00781	0.00391	0.00223	0.00781
12	0.00854	0.00620	0.00845	0.00945	0.01075	0.00620	0.00817	0.01135	0.03736	0.01629	0.07163	0.05688	0.05541	0.01410	0.00714	0.00235	0.00464	0.65519	0.00494	0.00498
13	0.00769	0.00513	0.00577	0.00577	0.00577	0.00513	0.00320	0.00769	0.00769	0.01025	0.01666	0.03460	0.01922	0.81421	0.02691	0.00513	0.00513	0.00769	0.00320	0.00320
14	0.01096	0.00940	0.01096	0.00783	0.01253	0.00705	0.00626	0.01331	0.01096	0.01723	0.00940	0.01096	0.00783	0.00392	0.00392	0.00078	0.00392	0.00313	0.00313	0.84653
15	0.10196	0.08359	0.02822	0.02797	0.10606	0.03899	0.00989	0.09530	0.14708	0.15565	0.01320	0.01394	0.00995	0.00663	0.00695	0.02106	0.11738	0.00462	0.00405	0.00750
16	0.01313	0.00777	0.00927	0.00885	0.04972	0.00780	0.00649	0.10464	0.07426	0.14322	0.12791	0.04148	0.04491	0.00765	0.00498	0.00154	0.00362	0.02834	0.30794	0.00649
17	0.03134	0.01100	0.01132	0.03727	0.01310	0.05148	0.00764	0.28367	0.11634	0.05539	0.01500	0.01576	0.01123	0.00617	0.00467	0.00146	0.00460	0.00480	0.26855	0.04923
18	0.01176	0.00910	0.05095	0.00885	0.01128	0.02528	0.00722	0.08899	0.09779	0.11128	0.18625	0.18125	0.05192	0.02754	0.02123	0.00194	0.00425	0.03683	0.01844	0.04785
19	0.04620	0.00951	0.05466	0.00928	0.01204	0.00864	0.03222	0.13921	0.06948	0.09609	0.08259	0.18381	0.15009	0.01016	0.00582	0.00179	0.00427	0.04659	0.00489	0.03268
20	0.01091	0.02402	0.60835	0.05709	0.02445	0.01245	0.15545	0.01661	0.01137	0.01661	0.00970	0.01188	0.00696	0.00493	0.00526	0.00170	0.00797	0.00438	0.00232	0.00759
21	0.01463	0.00703	0.00899	0.00759	0.01028	0.00612	0.00601	0.01657	0.01414	0.37230	0.21437	0.04978	0.23081	0.00967	0.00583	0.00169	0.00348	0.00815	0.00589	0.00668
22	0.01127	0.01199	0.05963	0.34918	0.20761	0.01224	0.15758	0.01523	0.03691	0.01548	0.01075	0.04010	0.00875	0.00555	0.00592	0.00175	0.03524	0.00534	0.00265	0.00683
23	0.01236	0.01117	0.01580	0.06380	0.08180	0.01404	0.03580	0.10335	0.04908	0.01596	0.00942	0.01328	0.00829	0.01018	0.05166	0.06502	0.42502	0.00482	0.00289	0.00626
24	0.01277	0.00591	0.00684	0.00614	0.00803	0.00558	0.00477	0.01514	0.01244	0.19507	0.10149	0.02148	0.01743	0.00676	0.00434	0.00137	0.00293	0.00552	0.56010	0.00587
25	0.00662	0.00490	0.00621	0.00712	0.00774	0.00455	0.00487	0.00800	0.02682	0.01428	0.08052	0.64148	0.13627	0.01556	0.00662	0.00206	0.00300	0.01396	0.00498	0.00445
26	0.01919	0.01121	0.01369	0.04191	0.04633	0.01155	0.00922	0.30308	0.07232	0.31561	0.01761	0.04806	0.01306	0.00719	0.00546	0.00169	0.00511	0.04378	0.00551	0.00841
27	0.00754	0.00629	0.00794	0.02764	0.06618	0.00598	0.00624	0.00934	0.01220	0.01563	0.15553	0.09330	0.42085	0.01233	0.00676	0.00187	0.03589	0.09882	0.00471	0.00496
28	0.04813	0.00936	0.01201	0.00940	0.01327	0.00864	0.00771	0.06596	0.06855	0.63464	0.01988	0.01760	0.01286	0.00651	0.00519	0.00163	0.00445	0.00524	0.04030	0.00868
29	0.15809	0.05578	0.05928	0.08941	0.20100	0.16099	0.01091	0.02740	0.01171	0.01697	0.01095	0.07298	0.00972	0.00609	0.00497	0.00158	0.02396	0.00480	0.06687	0.00651
30	0.80387	0.01025	0.00802	0.00713	0.01035	0.01184	0.00584	0.04060	0.00948	0.02370	0.00758	0.00890	0.00592	0.00527	0.00374	0.02130	0.00416	0.00297	0.00332	0.00576
31	0.01465	0.63114	0.06434	0.00987	0.01421	0.12094	0.00958	0.02968	0.01158	0.01334	0.00800	0.00921	0.00705	0.00476	0.00370	0.00120	0.00617	0.00306	0.03078	0.00673
32	0.00891	0.00607	0.00746	0.00754	0.00898	0.00578	0.00574	0.03969	0.04316	0.06644	0.17829	0.26842	0.17970	0.01281	0.00633	0.00193	0.00336	0.11386	0.03034	0.00521
33	0.03908	0.16581	0.48059	0.01334	0.01977	0.01334	0.05487	0.01761	0.02338	0.09641	0.01047	0.01161	0.00758	0.00507	0.00476	0.00156	0.00690	0.00397	0.00281	0.02107
34	0.03447	0.06165	0.31222	0.19098	0.13045	0.02871	0.01517	0.04692	0.06841	0.01689	0.01052	0.01288	0.00802	0.00645	0.03288	0.00189	0.00711	0.00435	0.00273	0.00729
35	0.02329	0.00909	0.01226	0.00946	0.01351	0.00799	0.00779	0.02586	0.04587	0.75390	0.02088	0.01806	0.01321	0.00657	0.00532	0.00164	0.00449	0.00534	0.00650	0.00897
36	0.01608	0.00812	0.01036	0.00863	0.01151	0.00769	0.00687	0.03556	0.12393	0.37537	0.30285	0.02614	0.02714	0.00822	0.00567	0.00167	0.00373	0.00698	0.00608	0.00741
37	0.01253	0.01344	0.02838	0.11501	0.02789	0.01306	0.62987	0.01672	0.01223	0.04182	0.01079	0.01430	0.00805	0.00474	0.00636	0.00179	0.02730	0.00599	0.00275	0.00701
38	0.00700	0.00526	0.00657	0.00741	0.00820	0.00501	0.00525	0.00900	0.05657	0.01456	0.05677	0.56382	0.15002	0.01517	0.00661	0.00207	0.00319	0.06793	0.00496	0.00463
39	0.00764	0.00528	0.00645	0.00676	0.00795	0.00471	0.00488	0.00906	0.01191	0.06171	0.16165	0.36944	0.28017	0.01392	0.00642	0.00192	0.00297	0.02724	0.00516	0.00476
40	0.00673	0.00496	0.00626	0.00691	0.00768	0.00455	0.00485	0.00807	0.01142	0.01517	0.18483	0.47447	0.16231	0.04109	0.00724	0.00210	0.00302	0.03887	0.00504	0.00445
41	0.01147	0.10702	0.25478	0.01448	0.01804	0.01472	0.10528	0.01461	0.00995	0.01447	0.00908	0.04219	0.00806	0.00712	0.01024	0.00191	0.34274	0.00480	0.00243	0.00662
42	0.23068	0.05349	0.10312	0.46185	0.02681	0.01231	0.01260	0.01453	0.01024	0.01650	0.00877	0.01202	0.00665	0.00512	0.00463	0.00169	0.00629	0.00403	0.00257	0.00610
43	0.01322	0.15142	0.02677	0.04635	0.14437	0.03273	0.42096	0.01674	0.01219	0.04313	0.01080	0.01452	0.00868	0.00495	0.00552	0.00164	0.00760	0.02841	0.00279	0.00720
44	0.05351	0.06509	0.46744	0.04246	0.01836	0.01084	0.01431	0.01475	0.01191	0.01772	0.18597	0.01919	0.01739	0.00666	0.00521	0.00167	0.00615	0.03135	0.00321	0.00682
45	0.01523	0.04579	0.13238	0.01322	0.03174	0.09213	0.11093	0.08111	0.14553	0.15806	0.01609	0.05875	0.01293	0.00695	0.00548	0.00171	0.00619	0.05397	0.00424	0.00755
46	0.54431	0.00918	0.00792	0.00721	0.01000	0.02654	0.00570	0.01411	0.01011	0.05198	0.05234	0.12304	0.05318	0.00727	0.00421	0.00166	0.00392	0.00544	0.00382	0.05807
47	0.04214	0.07532	0.12518	0.01630	0.07187	0.02685	0.27444	0.10778	0.01322	0.01849	0.01251	0.03902	0.04000	0.00571	0.00572	0.00161	0.03321	0.00538	0.01579	0.06947
48	0.01717	0.07265	0.04260	0.01100	0.01510	0.03831	0.03924	0.34938	0.01797	0.12797	0.03570	0.01393	0.01047	0.00593	0.00514	0.00145	0.01969	0.00461	0.04974	0.12197
49	0.06255	0.02645	0.04908	0.00839	0.01056	0.00799	0.00678	0.05176	0.10104	0.08277	0.04006	0.29651	0.15303	0.01114	0.00614	0.00184	0.02981	0.00946	0.02481	0.01981

[dist]
# distance from previous block
# <min> <max>
5	37

[block]
# block no. 6 follows, 46 sequences, length 13
# corresponding to MSA columns:
# 421-433
name=unknown_G
#
# <colnr> <probs for GDERKNQSTAVLIFYWHMCP>
#	G	D	E	R	K	N	Q	S	T	A	V	L	I	F	Y	W	H	M	C	P
0	0.05355	0.01175	0.01530	0.07980	0.11729	0.08057	0.09566	0.04794	0.11174	0.05052	0.01379	0.07008	0.01193	0.00782	0.03562	0.00188	0.03118	0.03376	0.00360	0.12622
1	0.03877	0.05169	0.01633	0.08339	0.18686	0.05055	0.09649	0.03381	0.04995	0.07768	0.06641	0.07935	0.03099	0.00675	0.00555	0.00161	0.02435	0.00600	0.04433	0.04914
2	0.11172	0.01079	0.01342	0.14499	0.06686	0.04083	0.04479	0.15862	0.04930	0.08479	0.08963	0.05985	0.02665	0.01723	0.00546	0.00168	0.00528	0.00574	0.01485	0.04752
3	0.06336	0.01024	0.07737	0.05419	0.01460	0.00864	0.06079	0.04271	0.05559	0.19307	0.12633	0.09584	0.03271	0.03846	0.00619	0.00176	0.00473	0.00659	0.00456	0.10228
4	0.03618	0.00879	0.03336	0.01212	0.11375	0.00762	0.08016	0.01275	0.01235	0.04883	0.21137	0.12002	0.06960	0.00820	0.00546	0.00154	0.00426	0.00739	0.03051	0.17575
5	0.06760	0.28565	0.01995	0.04066	0.06635	0.13189	0.08294	0.01758	0.01224	0.11628	0.03110	0.01204	0.00906	0.00510	0.00444	0.00136	0.00616	0.00398	0.00320	0.08243
6	0.01357	0.52398	0.12200	0.01262	0.08832	0.01757	0.03612	0.01608	0.01117	0.04278	0.03360	0.01094	0.00861	0.00507	0.00460	0.00135	0.03835	0.00364	0.00258	0.00706
7	0.01332	0.11353	0.16644	0.06215	0.20827	0.05758	0.13359	0.04051	0.03959	0.05131	0.03743	0.01354	0.00958	0.00532	0.00544	0.00160	0.02563	0.00474	0.00297	0.00748
8	0.01306	0.08838	0.37990	0.01769	0.17273	0.01308	0.06370	0.05410	0.05956	0.07170	0.01118	0.01260	0.00827	0.00519	0.00506	0.00161	0.00684	0.00439	0.00299	0.00797
9	0.00672	0.00480	0.00644	0.00759	0.00804	0.00452	0.00531	0.00788	0.01057	0.01411	0.06394	0.69164	0.03516	0.01608	0.00679	0.00216	0.00324	0.09566	0.00495	0.00439
10	0.01257	0.01204	0.02053	0.15988	0.65781	0.01243	0.01597	0.01577	0.01179	0.01665	0.00985	0.01325	0.00815	0.00481	0.00524	0.00160	0.00641	0.00471	0.00257	0.00796
11	0.01596	0.16832	0.17455	0.01383	0.04483	0.15456	0.09586	0.12522	0.01432	0.09860	0.01066	0.01171	0.00798	0.00524	0.00484	0.00148	0.00701	0.00415	0.00331	0.03755
12	0.01234	0.01062	0.01563	0.25167	0.07279	0.01202	0.08236	0.17527	0.03710	0.01846	0.04321	0.04394	0.01215	0.10997	0.00928	0.00220	0.07526	0.00582	0.00346	0.00647

[dist]
# distance from previous block
# <min> <max>
0	1

[block]
# block no. 7 follows, 46 sequences, length 9
# corresponding to MSA columns:
# 435-443
name=unknown_H
#
# <colnr> <probs for GDERKNQSTAVLIFYWHMCP>
#	G	D	E	R	K	N	Q	S	T	A	V	L	I	F	Y	W	H	M	C	P
0	0.00644	0.00506	0.00582	0.00627	0.00742	0.00444	0.00446	0.00772	0.01155	0.01461	0.11082	0.35116	0.41665	0.01441	0.00644	0.00192	0.00282	0.01255	0.00499	0.00444
1	0.01580	0.01616	0.19275	0.01344	0.01798	0.11167	0.13880	0.05993	0.04933	0.22167	0.01533	0.09696	0.01215	0.00676	0.00549	0.00169	0.00657	0.00591	0.00411	0.00752
2	0.01152	0.01097	0.01864	0.42001	0.40588	0.01215	0.01545	0.01486	0.01130	0.01537	0.00967	0.01359	0.00771	0.00500	0.00526	0.00167	0.00667	0.00470	0.00248	0.00711
3	0.00755	0.00566	0.00850	0.00850	0.00944	0.00661	0.00661	0.00944	0.00850	0.01227	0.01416	0.02077	0.01322	0.03965	0.79326	0.00850	0.01416	0.00566	0.00283	0.00472
4	0.09928	0.01037	0.01197	0.01031	0.01345	0.01089	0.00867	0.29859	0.01724	0.17821	0.01874	0.02847	0.01640	0.00890	0.00574	0.00187	0.00508	0.24326	0.00521	0.00734
5	0.00757	0.00552	0.00782	0.00819	0.00897	0.00601	0.00624	0.00917	0.00922	0.01276	0.01881	0.13811	0.01981	0.13297	0.45665	0.00619	0.00994	0.12808	0.00350	0.00449
6	0.00703	0.00533	0.00647	0.00630	0.00765	0.00478	0.00468	0.00905	0.01372	0.01852	0.50136	0.09700	0.27481	0.01201	0.00628	0.00173	0.00259	0.01044	0.00547	0.00478
7	0.10125	0.73343	0.02563	0.00883	0.01322	0.01998	0.00870	0.01580	0.01056	0.01361	0.00735	0.00849	0.00667	0.00456	0.00338	0.00118	0.00549	0.00283	0.00237	0.00667
8	0.01323	0.03351	0.01698	0.13643	0.22417	0.05674	0.07680	0.12506	0.06112	0.01935	0.06535	0.01587	0.01199	0.00590	0.00550	0.00160	0.02725	0.00516	0.09083	0.00714

[dist]
# distance from previous block
# <min> <max>
0	2

[block]
# block no. 8 follows, 46 sequences, length 13
# corresponding to MSA columns:
# 446-458
name=unknown_I
#
# <colnr> <probs for GDERKNQSTAVLIFYWHMCP>
#	G	D	E	R	K	N	Q	S	T	A	V	L	I	F	Y	W	H	M	C	P
0	0.01417	0.32281	0.34678	0.01195	0.01779	0.01552	0.01347	0.09237	0.01277	0.09185	0.01011	0.01097	0.00758	0.00512	0.00446	0.00146	0.00647	0.00372	0.00297	0.00766
1	0.01400	0.66887	0.04481	0.00918	0.01344	0.01888	0.00894	0.01671	0.06633	0.04122	0.00938	0.01099	0.00830	0.04426	0.00480	0.00141	0.00554	0.00341	0.00269	0.00683
2	0.06690	0.04747	0.01966	0.01813	0.18450	0.02533	0.22441	0.06692	0.05905	0.03134	0.06579	0.05763	0.02884	0.00650	0.00628	0.00171	0.05990	0.00602	0.01660	0.00704
3	0.01147	0.01087	0.01820	0.43271	0.36540	0.01216	0.01514	0.01523	0.03843	0.01548	0.01007	0.01385	0.00796	0.00510	0.00527	0.00168	0.00661	0.00475	0.00258	0.00707
4	0.01047	0.02023	0.49010	0.01257	0.01831	0.01116	0.01458	0.01771	0.17268	0.01781	0.05557	0.01915	0.10344	0.00677	0.00531	0.00171	0.00616	0.00550	0.00340	0.00739
5	0.01084	0.01050	0.01480	0.01290	0.01307	0.01446	0.01067	0.01213	0.00817	0.01264	0.00825	0.01323	0.00808	0.01476	0.15794	0.00343	0.66132	0.00481	0.00241	0.00559
6	0.01133	0.01105	0.01734	0.52160	0.23449	0.04673	0.01475	0.01453	0.01104	0.01445	0.00937	0.01350	0.00739	0.00533	0.00584	0.00172	0.04591	0.00464	0.00244	0.00655
7	0.01096	0.00940	0.01096	0.00783	0.01253	0.00705	0.00626	0.01331	0.01096	0.01723	0.00940	0.01096	0.00783	0.00392	0.00392	0.00078	0.00392	0.00313	0.00313	0.84653
8	0.00941	0.00619	0.00804	0.00751	0.00932	0.00557	0.00590	0.01170	0.01374	0.09156	0.43419	0.07958	0.07401	0.01081	0.00613	0.00174	0.00325	0.13053	0.00538	0.08545
9	0.04894	0.00933	0.01301	0.01004	0.01390	0.00838	0.07739	0.02110	0.06631	0.43670	0.08881	0.01922	0.03360	0.00653	0.00524	0.00155	0.00456	0.00559	0.00540	0.12440
10	0.01058	0.00897	0.01054	0.00775	0.01208	0.00681	0.00614	0.01286	0.01109	0.01720	0.04356	0.05391	0.01106	0.00487	0.00416	0.00089	0.00381	0.00403	0.00334	0.76633
11	0.01288	0.01235	0.02109	0.08328	0.73201	0.01251	0.01612	0.01604	0.01194	0.01702	0.00991	0.01315	0.00829	0.00475	0.00524	0.00158	0.00633	0.00471	0.00260	0.00821
12	0.01270	0.11259	0.17440	0.02602	0.01557	0.01205	0.04952	0.12959	0.12000	0.04351	0.08920	0.01902	0.01475	0.05624	0.00740	0.05055	0.00561	0.03282	0.00384	0.02464

[dist]
# distance from previous block
# <min> <max>
0	145

[block]
# block no. 9 follows, 46 sequences, length 28
# corresponding to MSA columns:
# 604-631
name=unknown_J
#
# <colnr> <probs for GDERKNQSTAVLIFYWHMCP>
#	G	D	E	R	K	N	Q	S	T	A	V	L	I	F	Y	W	H	M	C	P
0	0.01524	0.02037	0.48304	0.01344	0.01984	0.01076	0.04988	0.01988	0.01260	0.28327	0.01349	0.01368	0.00898	0.00552	0.00518	0.00167	0.00671	0.00450	0.00375	0.00819
1	0.04351	0.00943	0.01084	0.00780	0.01244	0.00723	0.00624	0.01340	0.01089	0.01748	0.00932	0.01087	0.00775	0.00395	0.00389	0.00082	0.00392	0.00312	0.00314	0.81397
2	0.01298	0.01246	0.02128	0.05708	0.75738	0.01253	0.01618	0.01614	0.01199	0.01715	0.00993	0.01312	0.00833	0.00473	0.00524	0.00158	0.00630	0.00471	0.00261	0.00829
3	0.01308	0.01256	0.02146	0.03245	0.78123	0.01256	0.01622	0.01622	0.01204	0.01727	0.00994	0.01308	0.00837	0.00471	0.00523	0.00157	0.00628	0.00471	0.00262	0.00837
4	0.00682	0.00487	0.00657	0.00779	0.00827	0.00462	0.00557	0.00802	0.01049	0.01392	0.02893	0.67382	0.03414	0.01621	0.00685	0.00220	0.00340	0.14823	0.00490	0.00440
5	0.00696	0.00538	0.00634	0.00610	0.00758	0.00477	0.00458	0.00896	0.01373	0.01827	0.47117	0.04432	0.35898	0.01190	0.00624	0.00171	0.00257	0.01024	0.00543	0.00477
6	0.00998	0.00940	0.01586	0.80150	0.03641	0.01175	0.01468	0.01351	0.01057	0.01351	0.00940	0.01409	0.00705	0.00529	0.00529	0.00176	0.00705	0.00470	0.00235	0.00587
7	0.00755	0.00566	0.00850	0.00850	0.00944	0.00661	0.00661	0.00944	0.00850	0.01227	0.01416	0.02077	0.01322	0.03965	0.79326	0.00850	0.01416	0.00566	0.00283	0.00472
8	0.00887	0.00807	0.01209	0.37298	0.02179	0.00968	0.01032	0.01110	0.01036	0.01352	0.02097	0.17463	0.15494	0.00961	0.00770	0.00193	0.13497	0.00788	0.00331	0.00529
9	0.11034	0.66974	0.02456	0.00908	0.01338	0.05111	0.00874	0.03756	0.01112	0.01435	0.00754	0.00866	0.00673	0.00466	0.00349	0.00121	0.00564	0.00291	0.00248	0.00670
10	0.07560	0.02367	0.01454	0.01310	0.01594	0.70189	0.00990	0.05770	0.01507	0.01468	0.00834	0.00963	0.00685	0.00546	0.00469	0.00139	0.00898	0.00344	0.00289	0.00624
11	0.01266	0.01308	0.02519	0.02737	0.43771	0.01269	0.33384	0.01635	0.01231	0.01724	0.03239	0.01435	0.00942	0.00478	0.00569	0.00166	0.00729	0.00550	0.00273	0.00775
12	0.00688	0.00538	0.00623	0.00602	0.00753	0.00473	0.00451	0.00881	0.01354	0.01781	0.42365	0.04506	0.40678	0.01207	0.00624	0.00172	0.00258	0.01034	0.00537	0.00473
13	0.00748	0.00540	0.00707	0.00665	0.00790	0.00499	0.00499	0.00998	0.01496	0.02120	0.77844	0.03949	0.04988	0.01081	0.00624	0.00166	0.00249	0.00956	0.00582	0.00499
14	0.01862	0.01478	0.01499	0.01197	0.01584	0.06784	0.00971	0.56023	0.18009	0.02961	0.01423	0.01395	0.01034	0.00646	0.00527	0.00161	0.00573	0.00492	0.00514	0.00867
15	0.00980	0.00794	0.00901	0.00878	0.01059	0.00856	0.00662	0.01741	0.35588	0.01868	0.13988	0.21726	0.07489	0.03264	0.00660	0.00199	0.00364	0.05836	0.00521	0.00626
16	0.01308	0.01256	0.02146	0.03245	0.78123	0.01256	0.01622	0.01622	0.01204	0.01727	0.00994	0.01308	0.00837	0.00471	0.00523	0.00157	0.00628	0.00471	0.00262	0.00837
17	0.85155	0.01022	0.00777	0.00695	0.01022	0.01186	0.00573	0.01554	0.00900	0.02372	0.00736	0.00859	0.00573	0.00491	0.00327	0.00164	0.00409	0.00286	0.00327	0.00573
18	0.01073	0.02647	0.73610	0.01555	0.02320	0.01235	0.06937	0.01675	0.01125	0.01675	0.00957	0.01137	0.00679	0.00498	0.00510	0.00168	0.00789	0.00406	0.00226	0.00777
19	0.01038	0.00981	0.01658	0.70209	0.13269	0.01185	0.01488	0.01386	0.01076	0.01399	0.00947	0.01396	0.00722	0.00521	0.00528	0.00174	0.00695	0.00470	0.00238	0.00620
20	0.00760	0.00548	0.00758	0.00758	0.00821	0.00611	0.00546	0.00885	0.00822	0.01159	0.01500	0.02541	0.01523	0.29972	0.53594	0.00736	0.01113	0.00634	0.00296	0.00421
21	0.01339	0.01209	0.01602	0.01575	0.13801	0.01362	0.08172	0.07446	0.44530	0.02063	0.01648	0.01679	0.01265	0.00668	0.00670	0.00180	0.08995	0.00557	0.00435	0.00802
22	0.01084	0.18001	0.46797	0.01322	0.01910	0.01289	0.06342	0.01523	0.01106	0.01546	0.01211	0.11372	0.01100	0.00660	0.00505	0.00165	0.00678	0.02416	0.00267	0.00704
23	0.00775	0.00617	0.03057	0.00681	0.00844	0.00521	0.00542	0.01010	0.01413	0.03821	0.55353	0.04129	0.20243	0.01122	0.00622	0.00172	0.00283	0.03739	0.00550	0.00506
24	0.01282	0.01198	0.01923	0.14811	0.52967	0.01267	0.01475	0.05074	0.06320	0.01756	0.01063	0.01356	0.00865	0.00521	0.00572	0.00163	0.03860	0.00476	0.00288	0.02765
25	0.01276	0.01337	0.05467	0.20056	0.47976	0.06794	0.01514	0.01670	0.05714	0.01639	0.01036	0.01336	0.00835	0.00505	0.00521	0.00162	0.00663	0.00465	0.00271	0.00763
26	0.11423	0.11061	0.24874	0.04733	0.01721	0.06489	0.01156	0.07491	0.01227	0.04929	0.00958	0.01092	0.00731	0.00491	0.00440	0.00138	0.00602	0.00361	0.00302	0.19782
27	0.13690	0.10760	0.53078	0.01323	0.01972	0.01321	0.03839	0.01700	0.04610	0.01758	0.00954	0.01098	0.00704	0.00503	0.00464	0.00162	0.00689	0.00380	0.00255	0.00740

[dist]
# distance from previous block
# <min> <max>
4	28

# created by:
# /home/cegg/simao/soft/augustus-3.2.1/scripts/msa2prfl.pl ./align_prep/EOG091G0FYA.fa
