[name]
unknown

[dist]
# distance from previous block
# <min> <max>
18	186

[block]
# block no. 0 follows, 44 sequences, length 12
# corresponding to MSA columns:
# 199-210
name=unknown_A
#
# <colnr> <probs for GDERKNQSTAVLIFYWHMCP>
#	G	D	E	R	K	N	Q	S	T	A	V	L	I	F	Y	W	H	M	C	P
0	0.18184	0.09892	0.13999	0.15168	0.02047	0.05282	0.08066	0.05601	0.01209	0.03285	0.02664	0.01229	0.00828	0.00531	0.00491	0.00158	0.01798	0.00418	0.00304	0.08845
1	0.10758	0.11439	0.13307	0.15581	0.02006	0.01268	0.07582	0.05641	0.07162	0.05208	0.04629	0.03955	0.04567	0.00637	0.00509	0.00166	0.00595	0.00530	0.00352	0.04107
2	0.14018	0.08342	0.05699	0.27478	0.02260	0.04729	0.06052	0.01634	0.01171	0.09872	0.03321	0.02968	0.00970	0.00566	0.00491	0.00161	0.00614	0.00466	0.00330	0.08858
3	0.13964	0.01071	0.03206	0.09043	0.01584	0.05095	0.04012	0.01805	0.03285	0.22732	0.07707	0.04058	0.03918	0.00660	0.00506	0.00156	0.00502	0.00540	0.00447	0.15708
4	0.05387	0.03114	0.07952	0.04270	0.01404	0.00824	0.02564	0.01580	0.01287	0.17808	0.13818	0.04464	0.07937	0.00718	0.00518	0.00147	0.00447	0.00600	0.00447	0.24714
5	0.25748	0.01042	0.05246	0.31633	0.02189	0.01087	0.01041	0.03447	0.01145	0.05787	0.07402	0.06042	0.01257	0.00650	0.00493	0.00173	0.00548	0.00524	0.00348	0.04197
6	0.01259	0.00949	0.01528	0.44722	0.02725	0.01077	0.05228	0.01561	0.01170	0.13767	0.01381	0.02065	0.01134	0.03737	0.00721	0.00200	0.04998	0.08148	0.00347	0.03283
7	0.06531	0.00904	0.01173	0.08651	0.01511	0.00812	0.00785	0.01967	0.01364	0.39084	0.07939	0.01901	0.04317	0.00652	0.00513	0.00150	0.00449	0.00534	0.00518	0.20245
8	0.05909	0.05846	0.05776	0.33294	0.02566	0.06998	0.11356	0.01661	0.01236	0.10397	0.06833	0.01576	0.01134	0.00581	0.00535	0.00169	0.00678	0.00512	0.00333	0.02609
9	0.14722	0.01020	0.01220	0.18606	0.01800	0.04557	0.00927	0.01830	0.09252	0.18836	0.07045	0.03748	0.04393	0.00730	0.00609	0.00178	0.05796	0.01727	0.00437	0.02568
10	0.10975	0.00961	0.01335	0.36695	0.02369	0.03125	0.02871	0.01575	0.01231	0.13408	0.12134	0.01877	0.03139	0.00651	0.00530	0.00170	0.00567	0.00550	0.00383	0.05455
11	0.05513	0.00980	0.01610	0.63513	0.03304	0.01166	0.05439	0.01461	0.01123	0.05402	0.01232	0.01617	0.04222	0.00583	0.00544	0.00181	0.00687	0.00517	0.00283	0.00622

[dist]
# distance from previous block
# <min> <max>
1	4

[block]
# block no. 1 follows, 44 sequences, length 11
# corresponding to MSA columns:
# 215-225
name=unknown_B
#
# <colnr> <probs for GDERKNQSTAVLIFYWHMCP>
#	G	D	E	R	K	N	Q	S	T	A	V	L	I	F	Y	W	H	M	C	P
0	0.01187	0.01021	0.01710	0.60424	0.08417	0.01215	0.04457	0.01526	0.01133	0.07716	0.01062	0.01466	0.00791	0.00571	0.00618	0.00182	0.05073	0.00496	0.00281	0.00654
1	0.03332	0.00718	0.00920	0.07742	0.01276	0.02171	0.00773	0.01312	0.06326	0.08451	0.05096	0.26937	0.04780	0.02912	0.00704	0.00221	0.00451	0.24830	0.00491	0.00557
2	0.03565	0.04872	0.01659	0.39578	0.02648	0.06415	0.09355	0.01553	0.02616	0.06892	0.03683	0.06116	0.01284	0.00705	0.00566	0.00182	0.00671	0.06672	0.00334	0.00633
3	0.04814	0.05916	0.03699	0.10820	0.01802	0.06732	0.06245	0.02039	0.01336	0.34937	0.03965	0.01580	0.01147	0.00636	0.00630	0.00167	0.07245	0.00500	0.00455	0.05335
4	0.04625	0.01237	0.01650	0.15228	0.02031	0.08854	0.12827	0.08338	0.04691	0.19230	0.03190	0.03501	0.01157	0.03496	0.00699	0.00186	0.05016	0.00554	0.00414	0.03075
5	0.07435	0.04836	0.03928	0.28466	0.07428	0.01104	0.05644	0.01771	0.03039	0.20425	0.07154	0.01690	0.01252	0.00645	0.00576	0.02383	0.00592	0.00526	0.00394	0.00709
6	0.01437	0.01231	0.11611	0.21682	0.02134	0.01088	0.02930	0.03896	0.11266	0.19792	0.04312	0.01904	0.03757	0.00683	0.00602	0.00177	0.03803	0.02566	0.00426	0.04705
7	0.07453	0.05366	0.06102	0.11044	0.02078	0.04316	0.20415	0.03605	0.01312	0.19054	0.05227	0.01549	0.01121	0.00583	0.00584	0.00168	0.03471	0.00524	0.00387	0.05641
8	0.01326	0.11087	0.17164	0.13051	0.02448	0.01377	0.27759	0.05202	0.01276	0.06513	0.02387	0.01379	0.00879	0.00530	0.00582	0.00170	0.02815	0.00510	0.00301	0.03247
9	0.01335	0.08361	0.23646	0.13536	0.02258	0.04409	0.13006	0.03652	0.01241	0.09062	0.01207	0.01401	0.02858	0.00558	0.00571	0.00164	0.03652	0.00474	0.00309	0.08300
10	0.01371	0.15714	0.25160	0.01246	0.01724	0.06737	0.05979	0.01739	0.02836	0.11172	0.07829	0.03042	0.03459	0.00656	0.00599	0.00163	0.06036	0.00513	0.00349	0.03675

[dist]
# distance from previous block
# <min> <max>
2	24

[block]
# block no. 2 follows, 44 sequences, length 82
# corresponding to MSA columns:
# 250-326,330-334
name=unknown_C
#
# <colnr> <probs for GDERKNQSTAVLIFYWHMCP>
#	G	D	E	R	K	N	Q	S	T	A	V	L	I	F	Y	W	H	M	C	P
0	0.09363	0.23038	0.17801	0.02489	0.01639	0.05638	0.04093	0.06724	0.07110	0.01801	0.02741	0.03896	0.03242	0.00632	0.00478	0.00156	0.00606	0.03111	0.00331	0.05112
1	0.10727	0.15840	0.12633	0.00947	0.01354	0.03351	0.00894	0.03109	0.04882	0.07952	0.06407	0.07319	0.09102	0.00727	0.00488	0.00152	0.00496	0.00574	0.00387	0.12658
2	0.07569	0.14128	0.18477	0.03147	0.01570	0.01170	0.02321	0.01732	0.08954	0.10061	0.03110	0.08868	0.03691	0.00684	0.00495	0.00157	0.00535	0.00553	0.00377	0.12401
3	0.02997	0.12309	0.19522	0.01248	0.05651	0.01190	0.05875	0.06478	0.05106	0.07039	0.06071	0.03647	0.07031	0.09469	0.00796	0.00205	0.02079	0.00589	0.00368	0.02329
4	0.02979	0.13356	0.17835	0.02523	0.01625	0.06621	0.01087	0.05824	0.06429	0.14319	0.03256	0.03651	0.01100	0.00600	0.00510	0.00149	0.02072	0.00461	0.00382	0.15222
5	0.01379	0.13097	0.10129	0.01493	0.10799	0.02648	0.11244	0.04716	0.06954	0.09393	0.03342	0.08039	0.01256	0.00651	0.00558	0.00159	0.02705	0.00567	0.00368	0.10504
6	0.06558	0.01335	0.20567	0.02522	0.05460	0.00911	0.05171	0.01411	0.01188	0.07187	0.06812	0.04504	0.16353	0.05654	0.00717	0.00192	0.02448	0.02347	0.00380	0.08283
7	0.04491	0.11054	0.11544	0.01088	0.02994	0.07091	0.02265	0.05465	0.05437	0.16710	0.06661	0.09764	0.02647	0.04120	0.00617	0.00177	0.00546	0.00610	0.00428	0.06291
8	0.03380	0.04825	0.03264	0.01146	0.01387	0.02323	0.15382	0.01277	0.04128	0.01636	0.10720	0.23922	0.02351	0.05663	0.02671	0.00225	0.03800	0.06084	0.00408	0.05408
9	0.04925	0.04118	0.04996	0.01010	0.04279	0.02267	0.02695	0.03872	0.04350	0.07096	0.04739	0.08837	0.01415	0.06395	0.02907	0.00182	0.00501	0.00556	0.00382	0.34480
10	0.07055	0.22686	0.24764	0.01259	0.03299	0.01531	0.03159	0.14318	0.03838	0.06122	0.01140	0.04176	0.00913	0.00598	0.00516	0.00160	0.02904	0.00450	0.00340	0.00772
11	0.44209	0.05500	0.12201	0.05551	0.03922	0.01284	0.00968	0.05946	0.01104	0.03872	0.00951	0.01228	0.00768	0.02163	0.00539	0.00178	0.04848	0.02251	0.00327	0.02191
12	0.01328	0.01273	0.02174	0.08479	0.72475	0.01290	0.01662	0.01654	0.01231	0.01755	0.01022	0.01356	0.00854	0.00490	0.00540	0.00163	0.00653	0.00486	0.00268	0.00846
13	0.00726	0.00565	0.00668	0.00692	0.00842	0.00508	0.00543	0.00913	0.01304	0.01669	0.21503	0.09279	0.40415	0.01364	0.00670	0.00198	0.00323	0.16809	0.00527	0.00481
14	0.84691	0.01054	0.00801	0.00717	0.01054	0.01223	0.00590	0.01603	0.00928	0.02446	0.00759	0.00886	0.00590	0.00506	0.00337	0.00169	0.00422	0.00295	0.00337	0.00590
15	0.02224	0.00967	0.01324	0.01164	0.07472	0.00879	0.00869	0.02554	0.07694	0.63498	0.04064	0.01889	0.01438	0.00677	0.00551	0.00170	0.00470	0.00560	0.00630	0.00906
16	0.01349	0.01295	0.02213	0.03346	0.77440	0.01295	0.01673	0.01673	0.01241	0.01781	0.01025	0.01349	0.00864	0.00486	0.00540	0.00162	0.00648	0.00486	0.00270	0.00864
17	0.01332	0.01278	0.02181	0.07492	0.73430	0.01291	0.01664	0.01658	0.01233	0.01760	0.01022	0.01355	0.00856	0.00489	0.00540	0.00163	0.00652	0.00486	0.00268	0.00850
18	0.00976	0.00910	0.01627	0.33597	0.02495	0.00983	0.16874	0.01280	0.01143	0.01500	0.01746	0.21124	0.01766	0.00936	0.00630	0.00201	0.00638	0.10645	0.00348	0.00580
19	0.01807	0.01033	0.03479	0.22388	0.14112	0.00991	0.01153	0.02084	0.01358	0.41126	0.01650	0.03900	0.01153	0.00636	0.00549	0.00173	0.00568	0.00546	0.00478	0.00814
20	0.01349	0.01295	0.02213	0.03346	0.77440	0.01295	0.01673	0.01673	0.01241	0.01781	0.01025	0.01349	0.00864	0.00486	0.00540	0.00162	0.00648	0.00486	0.00270	0.00864
21	0.00691	0.00494	0.00664	0.00790	0.00834	0.00466	0.00553	0.00806	0.01071	0.01422	0.02990	0.71044	0.03546	0.01682	0.00703	0.00225	0.00340	0.10721	0.00506	0.00450
22	0.01238	0.04442	0.56765	0.01630	0.02352	0.01275	0.15273	0.01797	0.01205	0.07371	0.01082	0.01254	0.00765	0.00518	0.00539	0.00173	0.00795	0.00455	0.00272	0.00799
23	0.01819	0.01649	0.30364	0.01255	0.03709	0.00996	0.01284	0.03660	0.01398	0.41896	0.01698	0.03323	0.01174	0.00654	0.00545	0.00173	0.00599	0.02461	0.00485	0.00858
24	0.01349	0.01295	0.02213	0.03346	0.77440	0.01295	0.01673	0.01673	0.01241	0.01781	0.01025	0.01349	0.00864	0.00486	0.00540	0.00162	0.00648	0.00486	0.00270	0.00864
25	0.01879	0.01333	0.13369	0.01366	0.01858	0.01009	0.18150	0.03666	0.01434	0.43297	0.01756	0.03665	0.01225	0.00649	0.00575	0.00176	0.00621	0.02626	0.00504	0.00841
26	0.01472	0.06104	0.46013	0.01468	0.02130	0.01209	0.10603	0.01956	0.01267	0.20674	0.01275	0.01352	0.00872	0.00547	0.00532	0.00170	0.00723	0.00463	0.00347	0.00822
27	0.01239	0.01183	0.02014	0.29638	0.52011	0.01266	0.01618	0.01576	0.01189	0.01647	0.01006	0.01385	0.00816	0.00506	0.00542	0.00169	0.00675	0.00485	0.00260	0.00775
28	0.01245	0.01189	0.02024	0.28250	0.53353	0.01268	0.01621	0.01582	0.01192	0.01654	0.01007	0.01383	0.00819	0.00505	0.00541	0.00168	0.00674	0.00485	0.00261	0.00779
29	0.01899	0.01007	0.03434	0.03638	0.07109	0.00888	0.08132	0.02187	0.03254	0.47619	0.06109	0.05677	0.03074	0.00741	0.00575	0.00176	0.00517	0.02581	0.00559	0.00825
30	0.01379	0.01351	0.05845	0.01821	0.02278	0.04198	0.46331	0.01760	0.01314	0.11581	0.01542	0.04566	0.01307	0.00685	0.00637	0.00191	0.00778	0.11353	0.00366	0.00716
31	0.01019	0.00958	0.01606	0.77406	0.03674	0.01191	0.01484	0.01377	0.01094	0.01395	0.01091	0.01556	0.02784	0.00568	0.00548	0.00182	0.00715	0.00502	0.00249	0.00602
32	0.01064	0.02582	0.69175	0.01512	0.02245	0.01201	0.04259	0.01647	0.01146	0.01699	0.01151	0.07750	0.00937	0.00615	0.00537	0.00177	0.00769	0.00506	0.00255	0.00773
33	0.01952	0.00964	0.01421	0.04834	0.01583	0.00915	0.07884	0.02260	0.05523	0.50378	0.05445	0.04407	0.03015	0.00747	0.00634	0.00179	0.04467	0.01997	0.00573	0.00824
34	0.01146	0.06048	0.61332	0.01411	0.02099	0.01197	0.01743	0.01683	0.01176	0.05824	0.01312	0.04434	0.02502	0.00645	0.00535	0.00177	0.00730	0.04951	0.00287	0.00769
35	0.02613	0.02031	0.50560	0.01316	0.01868	0.01023	0.03504	0.01440	0.01117	0.01636	0.01559	0.20434	0.01525	0.03409	0.00642	0.00199	0.00664	0.03462	0.00313	0.00686
36	0.01460	0.01425	0.15657	0.17065	0.11698	0.01173	0.14742	0.01832	0.01256	0.19324	0.01324	0.01620	0.00977	0.00601	0.00633	0.00180	0.05029	0.02878	0.00358	0.00768
37	0.01133	0.15142	0.51019	0.01364	0.01998	0.01321	0.04115	0.03140	0.01170	0.01648	0.01250	0.04950	0.02734	0.02879	0.00580	0.00180	0.00715	0.03654	0.00272	0.00738
38	0.01047	0.00987	0.01667	0.75384	0.07765	0.01216	0.01523	0.01408	0.01098	0.01414	0.00972	0.01448	0.00734	0.00542	0.00545	0.00181	0.00722	0.00485	0.00244	0.00620
39	0.01084	0.02446	0.62461	0.04087	0.04464	0.01210	0.06046	0.01652	0.01162	0.01703	0.01156	0.04017	0.00932	0.00607	0.00545	0.00179	0.00773	0.04451	0.00258	0.00769
40	0.01111	0.08553	0.63339	0.01509	0.02236	0.01299	0.06698	0.01671	0.01157	0.01679	0.01146	0.03179	0.02918	0.00563	0.00521	0.00171	0.00770	0.00459	0.00248	0.00775
41	0.01095	0.01041	0.01780	0.63632	0.17307	0.01231	0.03328	0.01453	0.01123	0.01473	0.00983	0.01435	0.00754	0.00532	0.00546	0.00178	0.00717	0.00489	0.00248	0.00656
42	0.01272	0.01210	0.02044	0.07701	0.66624	0.01220	0.01564	0.01581	0.01222	0.01728	0.01260	0.05775	0.03212	0.00582	0.00552	0.00167	0.00624	0.00563	0.00288	0.00814
43	0.01296	0.01358	0.08590	0.19166	0.40181	0.03460	0.07301	0.01652	0.01242	0.05120	0.04578	0.01502	0.01031	0.00539	0.00551	0.00169	0.00683	0.00513	0.00295	0.00773
44	0.01049	0.00973	0.03944	0.39497	0.15999	0.01035	0.01296	0.01375	0.02552	0.03270	0.01555	0.16033	0.01499	0.00829	0.00588	0.00191	0.00611	0.06742	0.00332	0.00632
45	0.01235	0.10874	0.38775	0.04814	0.03992	0.01387	0.25729	0.01733	0.01201	0.03699	0.01026	0.01259	0.00759	0.00498	0.00543	0.00170	0.00803	0.00478	0.00258	0.00768
46	0.01618	0.01566	0.21452	0.01500	0.03562	0.01116	0.19385	0.07961	0.01421	0.25837	0.01571	0.07894	0.01191	0.00660	0.00575	0.00177	0.00666	0.00609	0.00430	0.00809
47	0.01050	0.05583	0.12305	0.04722	0.13187	0.01075	0.16286	0.01352	0.01147	0.01572	0.01771	0.24334	0.03660	0.00933	0.00673	0.00192	0.04923	0.04242	0.00345	0.00648
48	0.01164	0.01113	0.11234	0.21641	0.09762	0.00943	0.06014	0.01460	0.01175	0.11775	0.01778	0.26077	0.01723	0.00910	0.00595	0.00189	0.00578	0.00825	0.00386	0.00659
49	0.01172	0.14360	0.54020	0.01613	0.06317	0.01397	0.08741	0.01693	0.01160	0.01658	0.00999	0.02678	0.00770	0.00526	0.00509	0.00166	0.00765	0.00435	0.00242	0.00779
50	0.01294	0.02178	0.48132	0.04709	0.06372	0.02316	0.11222	0.01806	0.01240	0.10880	0.03891	0.01403	0.00960	0.00551	0.00544	0.00173	0.00750	0.00479	0.00306	0.00794
51	0.01158	0.05546	0.56449	0.04074	0.08671	0.03527	0.07455	0.01698	0.01174	0.01685	0.01031	0.03235	0.00793	0.00542	0.00527	0.00171	0.00782	0.00454	0.00246	0.00781
52	0.01063	0.00958	0.01574	0.67118	0.06109	0.01167	0.01414	0.04031	0.01127	0.01457	0.01048	0.04006	0.00844	0.00657	0.00635	0.04716	0.00692	0.00519	0.00262	0.00601
53	0.01216	0.13070	0.03435	0.25633	0.34610	0.01345	0.04343	0.01527	0.01167	0.01564	0.01149	0.05165	0.02334	0.00575	0.00526	0.00165	0.00653	0.00524	0.00271	0.00728
54	0.01278	0.01302	0.04634	0.14076	0.55463	0.01277	0.09306	0.01627	0.01218	0.01714	0.01056	0.02659	0.00879	0.00512	0.00553	0.00168	0.00687	0.00517	0.00269	0.00805
55	0.01178	0.03856	0.33817	0.08565	0.04019	0.01167	0.19075	0.01627	0.01205	0.06610	0.02872	0.08935	0.03281	0.00662	0.00571	0.00179	0.00722	0.00616	0.00313	0.00728
56	0.01325	0.11919	0.52020	0.06321	0.02196	0.01349	0.01674	0.06093	0.01265	0.09319	0.01087	0.01216	0.00773	0.00537	0.00504	0.00166	0.00728	0.00414	0.00294	0.00799
57	0.01129	0.07440	0.58297	0.01430	0.02105	0.01220	0.04900	0.01657	0.01182	0.04428	0.05016	0.06445	0.01135	0.00625	0.00532	0.00172	0.00725	0.00515	0.00285	0.00762
58	0.01239	0.01130	0.05855	0.29268	0.31281	0.01114	0.01413	0.01555	0.01188	0.08512	0.01350	0.11198	0.01189	0.00676	0.00560	0.00177	0.00626	0.00618	0.00324	0.00724
59	0.01121	0.02026	0.45286	0.07845	0.06836	0.01147	0.07787	0.01604	0.01175	0.04655	0.01397	0.07196	0.03065	0.00685	0.00580	0.00182	0.01855	0.04523	0.00296	0.00738
60	0.01267	0.05749	0.14444	0.27602	0.23269	0.01256	0.07255	0.01643	0.01192	0.07304	0.01128	0.03501	0.00889	0.00554	0.00540	0.00172	0.00694	0.00507	0.00289	0.00744
61	0.01246	0.01392	0.23497	0.02702	0.03872	0.00903	0.08992	0.01584	0.01235	0.16517	0.03850	0.23201	0.01905	0.00945	0.00605	0.00191	0.00578	0.05665	0.00425	0.00694
62	0.01234	0.06092	0.54813	0.01529	0.03307	0.01234	0.09003	0.01756	0.01195	0.08632	0.01196	0.05470	0.00923	0.00587	0.00535	0.00173	0.00747	0.00497	0.00291	0.00786
63	0.01119	0.05164	0.67339	0.03849	0.02409	0.01302	0.07918	0.01715	0.01159	0.01704	0.00981	0.01177	0.00703	0.00512	0.00524	0.00172	0.00805	0.00421	0.00234	0.00791
64	0.01320	0.01423	0.18410	0.15909	0.16285	0.01091	0.10232	0.01687	0.01227	0.14210	0.01457	0.11688	0.01233	0.00690	0.00570	0.00179	0.00656	0.00635	0.00354	0.00745
65	0.01282	0.01237	0.07554	0.22646	0.28593	0.02994	0.06712	0.01608	0.01219	0.09015	0.01435	0.08453	0.03538	0.00658	0.00564	0.00176	0.00649	0.00608	0.00328	0.00733
66	0.01261	0.01251	0.07205	0.24288	0.26893	0.01184	0.14345	0.01620	0.01226	0.07275	0.03110	0.03638	0.03070	0.00585	0.00568	0.00175	0.00687	0.00569	0.00311	0.00739
67	0.03743	0.05137	0.54930	0.01358	0.02031	0.01172	0.01634	0.01856	0.01228	0.16084	0.03260	0.03002	0.00992	0.00586	0.00519	0.00171	0.00697	0.00463	0.00333	0.00803
68	0.01114	0.04837	0.71939	0.01578	0.02361	0.01296	0.05982	0.01725	0.01157	0.01716	0.00979	0.01161	0.00698	0.00513	0.00520	0.00172	0.00806	0.00413	0.00233	0.00799
69	0.03239	0.05624	0.34076	0.03751	0.01866	0.01076	0.04552	0.01903	0.01306	0.25162	0.08292	0.04040	0.01391	0.00652	0.00538	0.00171	0.00620	0.00541	0.00414	0.00787
70	0.01149	0.02363	0.60214	0.01479	0.04071	0.01161	0.02941	0.01719	0.03335	0.06305	0.01356	0.07274	0.02947	0.00643	0.00540	0.00177	0.00722	0.00529	0.00296	0.00779
71	0.01224	0.01114	0.01892	0.43065	0.34522	0.01234	0.02943	0.01567	0.01176	0.04567	0.01042	0.01426	0.00810	0.00524	0.00545	0.00173	0.00687	0.00491	0.00271	0.00729
72	0.01217	0.01096	0.01730	0.14633	0.44496	0.03303	0.01347	0.01491	0.01203	0.04651	0.01545	0.15895	0.03542	0.00753	0.00571	0.00176	0.00591	0.00697	0.00332	0.00731
73	0.01764	0.02570	0.09794	0.11196	0.01711	0.00902	0.00984	0.02089	0.04715	0.42501	0.04744	0.09051	0.03988	0.00772	0.00561	0.00176	0.00510	0.00648	0.00532	0.00791
74	0.01235	0.01272	0.07505	0.36424	0.30621	0.01261	0.06458	0.03706	0.01218	0.03604	0.01039	0.01400	0.00803	0.00522	0.00548	0.00173	0.00706	0.00491	0.00274	0.00741
75	0.01142	0.02752	0.75239	0.01533	0.02325	0.01249	0.01970	0.01760	0.01166	0.04479	0.01021	0.01177	0.00714	0.00524	0.00519	0.00173	0.00793	0.00408	0.00246	0.00810
76	0.01133	0.05156	0.73547	0.01526	0.02311	0.01305	0.01953	0.03844	0.01190	0.01762	0.00981	0.01147	0.00698	0.00520	0.00514	0.00171	0.00793	0.00402	0.00239	0.00806
77	0.01263	0.01396	0.09239	0.16724	0.29382	0.01266	0.24705	0.01655	0.01224	0.03987	0.01122	0.03511	0.00899	0.00530	0.00576	0.00175	0.00747	0.00558	0.00282	0.00761
78	0.01193	0.02410	0.61281	0.04620	0.06178	0.01191	0.01805	0.01742	0.01191	0.07841	0.01285	0.01420	0.04299	0.00570	0.00528	0.00173	0.00742	0.00457	0.00281	0.00795
79	0.01159	0.01081	0.01856	0.53182	0.24600	0.01234	0.04547	0.01512	0.01150	0.03049	0.01014	0.01433	0.00782	0.00527	0.00548	0.00176	0.00707	0.00493	0.00260	0.00691
80	0.01147	0.01088	0.01865	0.49240	0.22262	0.01231	0.07074	0.03598	0.01184	0.01577	0.01077	0.04283	0.00879	0.00569	0.00557	0.00178	0.00703	0.00536	0.00270	0.00684
81	0.01124	0.09347	0.71755	0.01502	0.02280	0.01340	0.01924	0.01719	0.01147	0.01690	0.00960	0.01128	0.00691	0.00514	0.00504	0.00168	0.00787	0.00394	0.00230	0.00797

[dist]
# distance from previous block
# <min> <max>
0	1

[block]
# block no. 3 follows, 44 sequences, length 22
# corresponding to MSA columns:
# 336-340,344-350,352-361
name=unknown_D
#
# <colnr> <probs for GDERKNQSTAVLIFYWHMCP>
#	G	D	E	R	K	N	Q	S	T	A	V	L	I	F	Y	W	H	M	C	P
0	0.01084	0.01288	0.11675	0.03932	0.01636	0.01346	0.07535	0.01318	0.00954	0.01410	0.01186	0.04010	0.04395	0.01318	0.12041	0.00309	0.43124	0.00561	0.00269	0.00610
1	0.01093	0.02820	0.78016	0.01554	0.02360	0.01266	0.02014	0.01727	0.01151	0.01727	0.00978	0.01151	0.00691	0.00518	0.00518	0.00173	0.00806	0.00403	0.00230	0.00806
2	0.01079	0.02718	0.74494	0.01523	0.02296	0.01239	0.01953	0.01692	0.01138	0.01705	0.01000	0.01196	0.00721	0.00681	0.04087	0.00205	0.00836	0.00411	0.00233	0.00791
3	0.00779	0.00584	0.00876	0.00876	0.00974	0.00681	0.00681	0.00974	0.00876	0.01266	0.01460	0.02142	0.01363	0.04089	0.78680	0.00876	0.01460	0.00584	0.00292	0.00487
4	0.00737	0.00723	0.07223	0.00899	0.01021	0.00563	0.04490	0.00892	0.01056	0.01426	0.02692	0.67073	0.03162	0.04339	0.00752	0.00226	0.00396	0.01381	0.00465	0.00484
5	0.01304	0.01164	0.01955	0.16839	0.54873	0.01200	0.01527	0.01617	0.01221	0.05555	0.01208	0.05140	0.01044	0.00587	0.00553	0.00171	0.00634	0.02312	0.00302	0.00792
6	0.00725	0.00520	0.00700	0.00822	0.00886	0.00496	0.00609	0.00865	0.01110	0.01463	0.03049	0.56969	0.05764	0.01640	0.00711	0.00229	0.00368	0.22109	0.00505	0.00460
7	0.01338	0.01283	0.02192	0.06148	0.74730	0.01292	0.01667	0.01663	0.01236	0.01767	0.01023	0.01353	0.00859	0.00488	0.00540	0.00163	0.00651	0.00486	0.00269	0.00854
8	0.04088	0.02313	0.56164	0.01439	0.02136	0.01185	0.04885	0.01924	0.02979	0.15956	0.01224	0.01308	0.00839	0.00549	0.00524	0.00173	0.00726	0.00442	0.00326	0.00820
9	0.02168	0.01076	0.01331	0.01055	0.01451	0.01052	0.00872	0.21451	0.06320	0.48380	0.01991	0.02041	0.01391	0.00735	0.00563	0.00174	0.00500	0.05936	0.00621	0.00892
10	0.00793	0.00529	0.00595	0.00595	0.00595	0.00529	0.00330	0.00793	0.00793	0.01057	0.01718	0.03568	0.01982	0.80840	0.02775	0.00529	0.00529	0.00793	0.00330	0.00330
11	0.01537	0.02991	0.01352	0.01156	0.05298	0.01255	0.00879	0.34425	0.13769	0.05072	0.23748	0.02245	0.02288	0.00791	0.00571	0.00168	0.00470	0.00653	0.00546	0.00787
12	0.00737	0.00556	0.00681	0.00650	0.00793	0.00500	0.00487	0.00962	0.01462	0.01993	0.57709	0.04391	0.24708	0.01187	0.00643	0.00175	0.00262	0.01031	0.00575	0.00500
13	0.01125	0.08533	0.70562	0.01528	0.02302	0.01334	0.03839	0.01720	0.01151	0.01694	0.00965	0.01139	0.00695	0.00513	0.00509	0.00169	0.00792	0.00401	0.00232	0.00796
14	0.06959	0.13511	0.58151	0.01390	0.02092	0.03411	0.01708	0.01742	0.01151	0.03796	0.00961	0.01109	0.00703	0.00515	0.00482	0.00164	0.00744	0.00383	0.00252	0.00775
15	0.01167	0.02560	0.63406	0.01651	0.02402	0.01302	0.12875	0.05119	0.01236	0.01808	0.01012	0.01206	0.00722	0.00516	0.00538	0.00174	0.00813	0.00443	0.00251	0.00801
16	0.84691	0.01054	0.00801	0.00717	0.01054	0.01223	0.00590	0.01603	0.00928	0.02446	0.00759	0.00886	0.00590	0.00506	0.00337	0.00169	0.00422	0.00295	0.00337	0.00590
17	0.00958	0.00971	0.10341	0.01000	0.01221	0.00807	0.07331	0.03145	0.02932	0.03124	0.10191	0.04937	0.04011	0.22621	0.18366	0.00425	0.02772	0.01891	0.02414	0.00541
18	0.10498	0.24185	0.29427	0.01234	0.01786	0.03371	0.04682	0.03043	0.03389	0.10126	0.01060	0.01163	0.00795	0.00537	0.00492	0.00158	0.02591	0.00395	0.00310	0.00757
19	0.01191	0.11555	0.49602	0.01542	0.02197	0.01369	0.12795	0.01696	0.01174	0.03515	0.03677	0.01289	0.00887	0.00550	0.00586	0.00171	0.04725	0.00454	0.00262	0.00765
20	0.04901	0.05982	0.20249	0.01273	0.04035	0.04378	0.04495	0.08916	0.10541	0.16127	0.06534	0.03995	0.01449	0.00699	0.00543	0.00173	0.00593	0.03900	0.00436	0.00781
21	0.10273	0.14750	0.23231	0.01152	0.01574	0.03586	0.04547	0.01520	0.02954	0.03270	0.03293	0.12106	0.01610	0.00847	0.00542	0.00182	0.00595	0.12959	0.00353	0.00656

[dist]
# distance from previous block
# <min> <max>
0	4

[block]
# block no. 4 follows, 44 sequences, length 14
# corresponding to MSA columns:
# 366-379
name=unknown_E
#
# <colnr> <probs for GDERKNQSTAVLIFYWHMCP>
#	G	D	E	R	K	N	Q	S	T	A	V	L	I	F	Y	W	H	M	C	P
0	0.04740	0.29137	0.30727	0.01375	0.01966	0.04029	0.11965	0.03360	0.01210	0.05373	0.00973	0.01124	0.00747	0.00504	0.00472	0.00154	0.00715	0.00402	0.00272	0.00754
1	0.03220	0.01851	0.23869	0.01564	0.05458	0.03010	0.10508	0.29437	0.05505	0.02375	0.01155	0.01298	0.00854	0.00606	0.00640	0.00175	0.06793	0.00483	0.00376	0.00824
2	0.06836	0.03848	0.20901	0.11479	0.09116	0.01299	0.15470	0.01675	0.02222	0.06242	0.01040	0.01301	0.00793	0.00565	0.00681	0.00176	0.10354	0.00472	0.00288	0.05241
3	0.06457	0.06727	0.01655	0.01319	0.01668	0.44559	0.03054	0.24382	0.01788	0.02040	0.00982	0.01084	0.00768	0.00579	0.00495	0.00149	0.00812	0.00395	0.00361	0.00726
4	0.00803	0.00622	0.00841	0.05157	0.04379	0.00652	0.00642	0.00970	0.04159	0.01384	0.02397	0.48935	0.02765	0.16262	0.01128	0.00274	0.05096	0.02624	0.00435	0.00477
5	0.00668	0.00482	0.00625	0.00737	0.00778	0.00448	0.00492	0.00762	0.01047	0.01383	0.03130	0.71641	0.08854	0.05188	0.00784	0.00232	0.00323	0.01487	0.00498	0.00439
6	0.01334	0.01490	0.09830	0.03431	0.06477	0.05879	0.33334	0.01958	0.16041	0.05353	0.01494	0.05047	0.01213	0.00638	0.00599	0.00183	0.00731	0.03850	0.00364	0.00752
7	0.01261	0.11507	0.49905	0.01557	0.04789	0.05942	0.07672	0.01832	0.05698	0.03344	0.01056	0.01210	0.00782	0.00525	0.00511	0.00165	0.00764	0.00425	0.00268	0.00786
8	0.00784	0.00525	0.00597	0.00606	0.00609	0.00522	0.00343	0.00790	0.00811	0.01081	0.01811	0.09127	0.02099	0.75121	0.02625	0.00506	0.00513	0.00848	0.00343	0.00338
9	0.00677	0.00538	0.00608	0.00623	0.00765	0.00469	0.00455	0.00833	0.01270	0.01617	0.21096	0.19965	0.46386	0.01386	0.00654	0.00189	0.00280	0.01193	0.00527	0.00469
10	0.02936	0.30704	0.06800	0.01637	0.12177	0.14465	0.15103	0.03812	0.01281	0.03300	0.00977	0.02667	0.00822	0.00521	0.00481	0.00148	0.00724	0.00436	0.00280	0.00728
11	0.00826	0.00649	0.00949	0.00922	0.01002	0.00784	0.00718	0.01001	0.00867	0.01258	0.01392	0.02120	0.01327	0.08327	0.65468	0.00783	0.10243	0.00585	0.00288	0.00490
12	0.00660	0.00548	0.00577	0.00580	0.00748	0.00465	0.00431	0.00809	0.01265	0.01549	0.13481	0.09555	0.64716	0.01370	0.00647	0.00185	0.00276	0.01156	0.00517	0.00465
13	0.01327	0.05631	0.03989	0.07934	0.63844	0.01339	0.04722	0.01658	0.01224	0.01727	0.01010	0.01331	0.00841	0.00488	0.00534	0.00162	0.00664	0.00480	0.00265	0.00832

[dist]
# distance from previous block
# <min> <max>
0	3

[block]
# block no. 5 follows, 44 sequences, length 81
# corresponding to MSA columns:
# 383,384,390-468
name=unknown_F
#
# <colnr> <probs for GDERKNQSTAVLIFYWHMCP>
#	G	D	E	R	K	N	Q	S	T	A	V	L	I	F	Y	W	H	M	C	P
0	0.00941	0.00685	0.00844	0.00798	0.00942	0.00616	0.00586	0.01140	0.01621	0.02287	0.71463	0.04290	0.09048	0.01225	0.00711	0.00203	0.00321	0.01035	0.00645	0.00601
1	0.00757	0.00555	0.00710	0.00675	0.00807	0.00508	0.00505	0.01000	0.01504	0.02102	0.68795	0.06038	0.11701	0.01153	0.00644	0.00174	0.00260	0.01015	0.00589	0.00508
2	0.00743	0.00586	0.00843	0.00842	0.00961	0.00541	0.05881	0.00915	0.01204	0.01599	0.17241	0.42330	0.15416	0.01438	0.00679	0.00206	0.00357	0.07225	0.00507	0.00485
3	0.00670	0.00482	0.00636	0.00758	0.00798	0.00449	0.00513	0.00771	0.01058	0.01402	0.03105	0.75264	0.06621	0.01689	0.00695	0.00221	0.00320	0.03598	0.00506	0.00445
4	0.01093	0.02820	0.78016	0.01554	0.02360	0.01266	0.02014	0.01727	0.01151	0.01727	0.00978	0.01151	0.00691	0.00518	0.00518	0.00173	0.00806	0.00403	0.00230	0.00806
5	0.01437	0.76709	0.07135	0.00968	0.01454	0.02106	0.00994	0.01638	0.01110	0.01308	0.00770	0.00890	0.00699	0.00469	0.00359	0.00120	0.00596	0.00298	0.00233	0.00706
6	0.00667	0.00481	0.00633	0.00747	0.00789	0.00446	0.00502	0.00770	0.01072	0.01425	0.05903	0.74197	0.07008	0.01671	0.00692	0.00218	0.00312	0.01511	0.00510	0.00446
7	0.08880	0.00938	0.01229	0.00950	0.01365	0.00834	0.00785	0.02574	0.01511	0.71921	0.02042	0.01780	0.01290	0.00662	0.00532	0.00169	0.00461	0.00528	0.00648	0.00901
8	0.05462	0.01128	0.01412	0.01097	0.01495	0.01126	0.04335	0.26366	0.03323	0.38717	0.05240	0.01839	0.01383	0.02477	0.00601	0.00178	0.00520	0.01852	0.00583	0.00864
9	0.01219	0.01277	0.04843	0.07771	0.03659	0.01501	0.16607	0.01496	0.03147	0.02971	0.00921	0.01332	0.00796	0.00853	0.03078	0.00230	0.46864	0.00517	0.00266	0.00651
10	0.00785	0.00530	0.00614	0.00621	0.00636	0.00524	0.00368	0.00816	0.00877	0.01178	0.07635	0.08567	0.02355	0.67886	0.02433	0.00475	0.00494	0.02485	0.00366	0.00356
11	0.34805	0.01287	0.01605	0.05226	0.35844	0.06990	0.03513	0.01673	0.01133	0.01998	0.00905	0.01144	0.00735	0.00501	0.00459	0.00165	0.00594	0.00404	0.00297	0.00722
12	0.00690	0.00502	0.00657	0.00771	0.00830	0.00469	0.00546	0.00810	0.01091	0.01431	0.03240	0.63195	0.10883	0.01649	0.00698	0.00222	0.00337	0.11021	0.00506	0.00452
13	0.01214	0.01157	0.01968	0.35574	0.46269	0.01260	0.01606	0.01555	0.01177	0.01617	0.01002	0.01393	0.00806	0.00511	0.00542	0.00170	0.00681	0.00485	0.00258	0.00754
14	0.01365	0.01149	0.01220	0.01095	0.01401	0.01322	0.00852	0.02842	0.72822	0.03940	0.04203	0.02084	0.01749	0.00748	0.00557	0.00184	0.00428	0.00625	0.00559	0.00855
15	0.01352	0.01490	0.05850	0.02155	0.02702	0.01355	0.65697	0.03508	0.03252	0.05248	0.01179	0.01487	0.00870	0.00483	0.00630	0.00182	0.00874	0.00626	0.00305	0.00754
16	0.01610	0.43967	0.08251	0.01170	0.01631	0.04761	0.07454	0.06995	0.01298	0.12581	0.01046	0.01140	0.00821	0.00541	0.00508	0.00145	0.04613	0.00393	0.00325	0.00752
17	0.01865	0.00819	0.01078	0.00876	0.01197	0.00740	0.00705	0.02163	0.05664	0.49409	0.21523	0.02450	0.02351	0.00790	0.00563	0.00168	0.00396	0.00663	0.05791	0.00791
18	0.00656	0.00553	0.00569	0.00565	0.00744	0.00465	0.00424	0.00806	0.01271	0.01541	0.12350	0.05135	0.70348	0.01355	0.00644	0.00183	0.00274	0.01135	0.00515	0.00465
19	0.01671	0.35119	0.13019	0.01214	0.01675	0.23069	0.03184	0.06829	0.01369	0.06839	0.00956	0.01058	0.00763	0.00527	0.00448	0.00140	0.00728	0.00365	0.00299	0.00728
20	0.01038	0.00974	0.01625	0.77600	0.03697	0.01215	0.01498	0.01430	0.02945	0.01415	0.01000	0.01468	0.00750	0.00550	0.00545	0.00182	0.00719	0.00488	0.00250	0.00612
21	0.00675	0.00530	0.00611	0.00640	0.00768	0.00466	0.00461	0.00824	0.01244	0.01591	0.19012	0.27237	0.41154	0.01424	0.00659	0.00193	0.00284	0.01236	0.00525	0.00466
22	0.03507	0.01431	0.02834	0.03978	0.07698	0.03088	0.57268	0.01745	0.03713	0.01736	0.01088	0.01434	0.00838	0.00512	0.00703	0.00185	0.06631	0.00600	0.00283	0.00729
23	0.01372	0.44873	0.12746	0.03936	0.04142	0.03295	0.07956	0.03836	0.06456	0.01540	0.01006	0.02940	0.00858	0.00542	0.00476	0.00146	0.02462	0.00414	0.00277	0.00728
24	0.00688	0.00491	0.00660	0.00786	0.00828	0.00463	0.00547	0.00800	0.01067	0.01418	0.02992	0.72337	0.03554	0.01686	0.00702	0.00225	0.00337	0.09465	0.00506	0.00449
25	0.00978	0.00977	0.01881	0.01482	0.01794	0.00909	0.36531	0.01269	0.01218	0.01614	0.04784	0.24545	0.12882	0.01029	0.00665	0.00198	0.00610	0.05642	0.00398	0.00592
26	0.03689	0.03089	0.08255	0.01338	0.09324	0.02466	0.03377	0.10606	0.03244	0.44628	0.03276	0.01660	0.01221	0.00633	0.00540	0.00167	0.00549	0.00522	0.00539	0.00877
27	0.01439	0.32084	0.26654	0.01266	0.01793	0.11689	0.02913	0.08308	0.01311	0.01648	0.00975	0.01234	0.00812	0.00562	0.00494	0.00151	0.02527	0.03124	0.00277	0.00736
28	0.64229	0.06210	0.15190	0.00885	0.01316	0.01287	0.00874	0.01627	0.00980	0.02243	0.00800	0.00934	0.00616	0.00506	0.00371	0.00166	0.00502	0.00315	0.00311	0.00637
29	0.01338	0.01327	0.09074	0.09884	0.04282	0.02999	0.06558	0.19103	0.18439	0.02160	0.03581	0.04022	0.11466	0.00786	0.00604	0.01984	0.00570	0.00642	0.00436	0.00744
30	0.00664	0.00490	0.00622	0.00722	0.00782	0.00448	0.00491	0.00771	0.01092	0.01430	0.05710	0.65607	0.15905	0.01635	0.00686	0.00214	0.00308	0.01466	0.00509	0.00448
31	0.01427	0.01183	0.01251	0.01099	0.01414	0.01354	0.00862	0.12488	0.62433	0.02424	0.03695	0.01981	0.01632	0.00733	0.00549	0.00180	0.00444	0.00604	0.03395	0.00852
32	0.84691	0.01054	0.00801	0.00717	0.01054	0.01223	0.00590	0.01603	0.00928	0.02446	0.00759	0.00886	0.00590	0.00506	0.00337	0.00169	0.00422	0.00295	0.00337	0.00590
33	0.00772	0.00557	0.00729	0.00686	0.00814	0.00514	0.00514	0.01029	0.01543	0.02186	0.77152	0.04072	0.05144	0.01115	0.00643	0.00171	0.00257	0.00986	0.00600	0.00514
34	0.00674	0.00556	0.00596	0.00606	0.00776	0.00478	0.00462	0.00830	0.01263	0.01544	0.11332	0.07538	0.62925	0.01378	0.00654	0.00189	0.00294	0.06922	0.00514	0.00468
35	0.01458	0.81168	0.02857	0.00933	0.01399	0.02157	0.00933	0.01632	0.01108	0.01283	0.00758	0.00875	0.00700	0.00466	0.00350	0.00117	0.00583	0.00292	0.00233	0.00700
36	0.01458	0.81168	0.02857	0.00933	0.01399	0.02157	0.00933	0.01632	0.01108	0.01283	0.00758	0.00875	0.00700	0.00466	0.00350	0.00117	0.00583	0.00292	0.00233	0.00700
37	0.01030	0.00969	0.01635	0.79530	0.03755	0.01211	0.01514	0.01393	0.01090	0.01393	0.00969	0.01453	0.00727	0.00545	0.00545	0.00182	0.00727	0.00484	0.00242	0.00606
38	0.84691	0.01054	0.00801	0.00717	0.01054	0.01223	0.00590	0.01603	0.00928	0.02446	0.00759	0.00886	0.00590	0.00506	0.00337	0.00169	0.00422	0.00295	0.00337	0.00590
39	0.01349	0.01295	0.02213	0.03346	0.77440	0.01295	0.01673	0.01673	0.01241	0.01781	0.01025	0.01349	0.00864	0.00486	0.00540	0.00162	0.00648	0.00486	0.00270	0.00864
40	0.00792	0.00531	0.00605	0.00605	0.00609	0.00534	0.00344	0.00800	0.00796	0.01065	0.01708	0.03514	0.01959	0.77958	0.05625	0.00542	0.00564	0.00785	0.00329	0.00336
41	0.00644	0.00552	0.00552	0.00552	0.00736	0.00460	0.00414	0.00782	0.01243	0.01473	0.05523	0.05247	0.77218	0.01381	0.00644	0.00184	0.00276	0.01151	0.00506	0.00460
42	0.00887	0.00661	0.00934	0.00902	0.01025	0.00762	0.00704	0.07173	0.01015	0.01442	0.01453	0.02102	0.01339	0.05379	0.70629	0.00810	0.01370	0.00581	0.00314	0.00520
43	0.00658	0.00553	0.00571	0.00567	0.00745	0.00466	0.00425	0.00809	0.01275	0.01549	0.13204	0.05121	0.69489	0.01352	0.00644	0.00183	0.00274	0.01133	0.00516	0.00466
44	0.01766	0.01355	0.01449	0.01183	0.01562	0.01520	0.00954	0.41652	0.35150	0.04834	0.01732	0.01643	0.01263	0.00693	0.00550	0.00173	0.00522	0.00548	0.00553	0.00899
45	0.01148	0.01269	0.10585	0.13792	0.04702	0.01043	0.17073	0.01534	0.03056	0.03200	0.07173	0.01681	0.01229	0.00568	0.00560	0.00152	0.02285	0.02616	0.00325	0.26009
46	0.01202	0.03865	0.61553	0.01678	0.07822	0.01275	0.05502	0.01761	0.01177	0.05714	0.01039	0.01215	0.00745	0.00531	0.00555	0.00173	0.02700	0.00428	0.00259	0.00806
47	0.01093	0.02820	0.78016	0.01554	0.02360	0.01266	0.02014	0.01727	0.01151	0.01727	0.00978	0.01151	0.00691	0.00518	0.00518	0.00173	0.00806	0.00403	0.00230	0.00806
48	0.00715	0.00512	0.00695	0.00817	0.00871	0.00491	0.00594	0.00847	0.01085	0.01440	0.02929	0.61612	0.03430	0.01741	0.03245	0.00249	0.00394	0.17379	0.00498	0.00457
49	0.01451	0.10121	0.37365	0.01466	0.06117	0.08399	0.04694	0.03218	0.01284	0.13744	0.01270	0.04355	0.00991	0.00611	0.00523	0.00167	0.00711	0.02402	0.00333	0.00779
50	0.02198	0.03455	0.06784	0.01142	0.03294	0.01124	0.00973	0.22353	0.01784	0.48439	0.01776	0.01619	0.01160	0.00648	0.00540	0.00166	0.00532	0.00514	0.00587	0.00911
51	0.00767	0.00557	0.00722	0.00681	0.00812	0.00512	0.00511	0.01020	0.01532	0.02159	0.74462	0.04116	0.07850	0.01125	0.00643	0.00172	0.00258	0.00992	0.00597	0.00512
52	0.02423	0.00964	0.01288	0.00987	0.01410	0.00856	0.00816	0.07116	0.01622	0.73272	0.02099	0.01822	0.01324	0.00674	0.00548	0.00168	0.00472	0.00545	0.00667	0.00928
53	0.01374	0.01425	0.04258	0.06006	0.53045	0.05776	0.12111	0.03652	0.01279	0.01762	0.01020	0.01338	0.00836	0.00509	0.00592	0.00167	0.03262	0.00498	0.00275	0.00813
54	0.00792	0.00532	0.00613	0.00613	0.00619	0.00538	0.00353	0.00805	0.00798	0.01071	0.01701	0.03475	0.01942	0.75843	0.07717	0.00551	0.00589	0.00779	0.00328	0.00341
55	0.00667	0.00553	0.00584	0.00577	0.00751	0.00470	0.00432	0.00827	0.01297	0.01602	0.18511	0.05034	0.64150	0.01332	0.00644	0.00182	0.00273	0.01121	0.00523	0.00470
56	0.01189	0.01139	0.01955	0.41093	0.38752	0.01256	0.03721	0.01536	0.01168	0.01588	0.01000	0.01404	0.00795	0.00514	0.00545	0.00172	0.00695	0.00490	0.00256	0.00732
57	0.01241	0.01381	0.02982	0.02151	0.02653	0.01297	0.68613	0.01656	0.01248	0.01692	0.01183	0.04234	0.00961	0.03018	0.00750	0.02407	0.00875	0.00674	0.00284	0.00700
58	0.01060	0.01016	0.01737	0.69511	0.05533	0.01245	0.05487	0.01415	0.01092	0.01418	0.00965	0.01439	0.00735	0.00559	0.00612	0.00184	0.04636	0.00493	0.00245	0.00619
59	0.84691	0.01054	0.00801	0.00717	0.01054	0.01223	0.00590	0.01603	0.00928	0.02446	0.00759	0.00886	0.00590	0.00506	0.00337	0.00169	0.00422	0.00295	0.00337	0.00590
60	0.01030	0.00969	0.01635	0.79530	0.03755	0.01211	0.01514	0.01393	0.01090	0.01393	0.00969	0.01453	0.00727	0.00545	0.00545	0.00182	0.00727	0.00484	0.00242	0.00606
61	0.00765	0.00557	0.00719	0.00678	0.00810	0.00511	0.00509	0.01015	0.01527	0.02147	0.73190	0.04137	0.09131	0.01129	0.00643	0.00172	0.00258	0.00995	0.00595	0.00511
62	0.02072	0.01527	0.01636	0.01254	0.01691	0.01691	0.01036	0.75622	0.02563	0.03436	0.01309	0.01309	0.00927	0.00654	0.00545	0.00164	0.00600	0.00491	0.00545	0.00927
63	0.00646	0.00546	0.00559	0.00568	0.00741	0.00459	0.00421	0.00781	0.01227	0.01466	0.05326	0.11114	0.71478	0.01406	0.00648	0.00187	0.00279	0.01182	0.00506	0.00459
64	0.01800	0.01176	0.01421	0.01142	0.01518	0.01238	0.04900	0.23270	0.25646	0.22785	0.06105	0.01929	0.03084	0.00717	0.00562	0.00174	0.00501	0.00596	0.00571	0.00864
65	0.01144	0.13776	0.67505	0.01467	0.02225	0.01391	0.01863	0.01713	0.01145	0.01664	0.00948	0.01112	0.00692	0.00511	0.00494	0.00165	0.00775	0.00387	0.00231	0.00791
66	0.00664	0.00474	0.00633	0.00759	0.00791	0.00443	0.00506	0.00759	0.01044	0.01392	0.03005	0.80485	0.03606	0.01708	0.00696	0.00221	0.00316	0.01550	0.00506	0.00443
67	0.02151	0.00863	0.01171	0.00920	0.01290	0.00751	0.00751	0.02370	0.01557	0.64491	0.15366	0.02246	0.02018	0.00752	0.00565	0.00169	0.00427	0.00625	0.00662	0.00855
68	0.01176	0.07782	0.45677	0.06223	0.04589	0.01357	0.22140	0.01705	0.01184	0.01683	0.00998	0.01243	0.00736	0.00499	0.00543	0.00172	0.00812	0.00468	0.00245	0.00769
69	0.01993	0.01525	0.03438	0.01214	0.03461	0.19615	0.00965	0.22151	0.01753	0.25255	0.03775	0.01515	0.01141	0.00658	0.00584	0.00161	0.04306	0.00488	0.05202	0.00801
70	0.02072	0.01527	0.01636	0.01254	0.01691	0.01691	0.01036	0.75622	0.02563	0.03436	0.01309	0.01309	0.00927	0.00654	0.00545	0.00164	0.00600	0.00491	0.00545	0.00927
71	0.01996	0.02566	0.03326	0.01400	0.01694	0.74791	0.01071	0.02186	0.03522	0.01369	0.00882	0.01015	0.00727	0.00565	0.00494	0.00142	0.00964	0.00359	0.00287	0.00642
72	0.03459	0.06085	0.01917	0.13399	0.06871	0.07859	0.14084	0.22693	0.12097	0.02198	0.01287	0.01523	0.00995	0.00605	0.00548	0.00170	0.00679	0.02367	0.00390	0.00776
73	0.00664	0.00474	0.00633	0.00759	0.00791	0.00443	0.00506	0.00759	0.01044	0.01392	0.03005	0.80485	0.03606	0.01708	0.00696	0.00221	0.00316	0.01550	0.00506	0.00443
74	0.00651	0.00553	0.00562	0.00560	0.00741	0.00463	0.00420	0.00796	0.01259	0.01512	0.09487	0.05182	0.73230	0.01366	0.00644	0.00183	0.00275	0.01141	0.00511	0.00463
75	0.01954	0.04847	0.01620	0.02817	0.01716	0.59175	0.03384	0.05327	0.04412	0.06195	0.01001	0.01117	0.00793	0.00583	0.00535	0.00149	0.02983	0.00393	0.00324	0.00676
76	0.00695	0.00479	0.00647	0.00763	0.00795	0.00451	0.00515	0.00767	0.01023	0.01362	0.02828	0.71441	0.03367	0.01717	0.00818	0.07276	0.00336	0.03808	0.00483	0.00427
77	0.11270	0.01540	0.01608	0.01402	0.05395	0.20578	0.11964	0.07603	0.18590	0.08905	0.01500	0.03150	0.02811	0.00637	0.00530	0.00168	0.00661	0.00527	0.00414	0.00748
78	0.03615	0.01044	0.01283	0.03695	0.01476	0.00889	0.04367	0.09591	0.01303	0.01978	0.03604	0.01271	0.00960	0.00466	0.00442	0.00104	0.00457	0.00385	0.00352	0.62714
79	0.09549	0.19241	0.16012	0.01080	0.01508	0.05181	0.03365	0.05987	0.07347	0.07656	0.14647	0.01795	0.03125	0.00665	0.00497	0.00159	0.00556	0.00523	0.00394	0.00713
80	0.05678	0.01235	0.03165	0.01222	0.06892	0.07463	0.02608	0.16570	0.15982	0.07388	0.08284	0.04019	0.08276	0.00795	0.00558	0.00171	0.00519	0.04273	0.00478	0.04423

[dist]
# distance from previous block
# <min> <max>
0	20

# created by:
# /home/cegg/simao/soft/augustus-3.2.1/scripts/msa2prfl.pl ./align_prep/EOG091G0SU6.fa
