[name]
unknown

[dist]
# distance from previous block
# <min> <max>
23	87

[block]
# block no. 0 follows, 52 sequences, length 17
# corresponding to MSA columns:
# 124-130,137-146
name=unknown_A
#
# <colnr> <probs for GDERKNQSTAVLIFYWHMCP>
#	G	D	E	R	K	N	Q	S	T	A	V	L	I	F	Y	W	H	M	C	P
0	0.02645	0.01191	0.15444	0.01141	0.08611	0.04329	0.04934	0.06424	0.03488	0.12492	0.12597	0.03144	0.12160	0.01996	0.00528	0.00152	0.00477	0.00577	0.00385	0.07287
1	0.05743	0.02308	0.06574	0.01927	0.03048	0.00723	0.03094	0.01434	0.02196	0.19327	0.05727	0.10240	0.02960	0.04944	0.00557	0.00149	0.00405	0.00546	0.04537	0.23561
2	0.01194	0.03544	0.10778	0.02157	0.01421	0.05373	0.09087	0.10454	0.09181	0.08526	0.01579	0.17156	0.03732	0.00717	0.00495	0.00148	0.00497	0.00624	0.00375	0.12960
3	0.04279	0.11499	0.21601	0.02632	0.04035	0.11290	0.07572	0.03183	0.06360	0.06917	0.02400	0.06367	0.00971	0.00555	0.00470	0.00142	0.01832	0.00451	0.00299	0.07147
4	0.00844	0.00693	0.01053	0.25576	0.02874	0.00803	0.02832	0.04771	0.00926	0.01266	0.01242	0.06188	0.01174	0.13121	0.30910	0.00436	0.02471	0.00557	0.01791	0.00476
5	0.01054	0.00958	0.01538	0.60836	0.15710	0.01131	0.01327	0.08970	0.01122	0.01476	0.00900	0.01264	0.00684	0.00486	0.00484	0.00157	0.00623	0.00431	0.00246	0.00604
6	0.00853	0.00585	0.00745	0.04694	0.00833	0.00639	0.00491	0.00915	0.00808	0.06486	0.04765	0.05118	0.01674	0.53881	0.05707	0.00395	0.10048	0.00662	0.00315	0.00386
7	0.00737	0.00549	0.00736	0.00860	0.08362	0.00512	0.00561	0.00891	0.01096	0.03739	0.20672	0.27543	0.17738	0.06598	0.00709	0.00194	0.00321	0.07284	0.00443	0.00458
8	0.01143	0.00856	0.01054	0.00918	0.01114	0.00975	0.00734	0.30300	0.01345	0.01855	0.01229	0.01623	0.01057	0.04318	0.45682	0.00510	0.03871	0.00489	0.00344	0.00581
9	0.01019	0.00908	0.01199	0.00856	0.01293	0.00707	0.08692	0.01255	0.01019	0.01576	0.00874	0.01036	0.00720	0.00364	0.00381	0.00081	0.00407	0.00317	0.00283	0.77012
10	0.01017	0.13856	0.69507	0.01304	0.01977	0.01237	0.01655	0.01523	0.01018	0.01479	0.00842	0.00989	0.00615	0.00454	0.00439	0.00146	0.00688	0.00344	0.00205	0.00703
11	0.00701	0.00471	0.00543	0.00556	0.00564	0.00469	0.00328	0.00717	0.00740	0.00985	0.01656	0.08737	0.01911	0.73410	0.02252	0.00439	0.00456	0.04446	0.00312	0.00308
12	0.00608	0.00455	0.00553	0.00621	0.00692	0.00415	0.00432	0.00707	0.00981	0.01262	0.04970	0.47523	0.25183	0.08049	0.00758	0.00210	0.00294	0.05455	0.00439	0.00394
13	0.01056	0.00860	0.01010	0.00724	0.01152	0.00649	0.00580	0.01270	0.01021	0.04988	0.00907	0.01033	0.00739	0.00369	0.00364	0.00075	0.00361	0.00296	0.00301	0.82245
14	0.01235	0.28792	0.10910	0.02402	0.01391	0.08949	0.00876	0.06950	0.01127	0.01489	0.00810	0.00935	0.00671	0.00421	0.00374	0.00104	0.00522	0.00302	0.00260	0.31481
15	0.00983	0.00868	0.01181	0.23990	0.06406	0.00795	0.00855	0.01233	0.01004	0.01477	0.00925	0.01258	0.00774	0.00434	0.00413	0.00107	0.00457	0.03067	0.00270	0.53502
16	0.15540	0.09370	0.04898	0.02780	0.12510	0.09093	0.11303	0.04897	0.08534	0.03779	0.01156	0.01362	0.03748	0.04530	0.00577	0.00163	0.03236	0.00438	0.01459	0.00626

[dist]
# distance from previous block
# <min> <max>
2	5

[block]
# block no. 1 follows, 52 sequences, length 71
# corresponding to MSA columns:
# 153-194,196-207,210-226
name=unknown_B
#
# <colnr> <probs for GDERKNQSTAVLIFYWHMCP>
#	G	D	E	R	K	N	Q	S	T	A	V	L	I	F	Y	W	H	M	C	P
0	0.01641	0.17111	0.01644	0.02438	0.02681	0.50617	0.02535	0.08911	0.01337	0.01365	0.00777	0.00913	0.00648	0.00507	0.00483	0.00129	0.05072	0.00329	0.00261	0.00600
1	0.03249	0.01009	0.02618	0.06041	0.11922	0.00938	0.02333	0.16015	0.01239	0.01813	0.00980	0.02500	0.00813	0.02073	0.03709	0.00146	0.01750	0.00387	0.00313	0.40154
2	0.00618	0.00459	0.00568	0.00620	0.00696	0.00420	0.00435	0.00737	0.01041	0.01370	0.17088	0.42624	0.20681	0.06626	0.00721	0.00200	0.00282	0.03955	0.00455	0.00404
3	0.01037	0.00982	0.01663	0.41862	0.39232	0.01087	0.01380	0.01335	0.01031	0.01400	0.00950	0.04166	0.00795	0.00497	0.00487	0.00155	0.00600	0.00465	0.00235	0.00641
4	0.00898	0.06096	0.49082	0.01066	0.01523	0.00946	0.01235	0.01250	0.00914	0.01314	0.01079	0.01719	0.00995	0.27124	0.02584	0.00264	0.00637	0.00468	0.00234	0.00570
5	0.01095	0.00955	0.01524	0.03850	0.44125	0.00976	0.03266	0.04178	0.03818	0.03845	0.04580	0.03148	0.02815	0.06551	0.08690	0.00237	0.01815	0.03574	0.00302	0.00654
6	0.00603	0.00447	0.00566	0.00653	0.00716	0.00410	0.00458	0.00708	0.00986	0.01283	0.04973	0.60254	0.17899	0.01437	0.00612	0.00191	0.00285	0.06666	0.00452	0.00402
7	0.00965	0.02437	0.77601	0.01364	0.02058	0.01105	0.01754	0.01516	0.01026	0.01532	0.00930	0.01182	0.00692	0.00492	0.00468	0.00156	0.00707	0.03096	0.00213	0.00707
8	0.00915	0.00861	0.01453	0.81804	0.03338	0.01077	0.01346	0.01238	0.00969	0.01238	0.00861	0.01292	0.00646	0.00484	0.00484	0.00161	0.00646	0.00431	0.00215	0.00538
9	0.01102	0.02870	0.04415	0.07232	0.34703	0.00977	0.09490	0.02421	0.01120	0.05831	0.01476	0.05825	0.02851	0.00702	0.00534	0.00167	0.00553	0.16766	0.00317	0.00647
10	0.01288	0.80504	0.02504	0.00844	0.01245	0.01903	0.00837	0.01442	0.00977	0.01141	0.00672	0.00787	0.00622	0.00429	0.00354	0.00107	0.03254	0.00265	0.00207	0.00619
11	0.00785	0.00554	0.00769	0.00877	0.00989	0.00554	0.00765	0.01008	0.01112	0.01463	0.02531	0.05337	0.02734	0.01311	0.00658	0.00219	0.00438	0.73995	0.03453	0.00446
12	0.00608	0.00459	0.00575	0.00642	0.00721	0.00426	0.00459	0.00724	0.00993	0.01288	0.06076	0.47284	0.24323	0.01568	0.06740	0.00232	0.00357	0.05680	0.00438	0.00406
13	0.01315	0.08892	0.09152	0.16422	0.13523	0.04660	0.18592	0.06260	0.01192	0.12335	0.01066	0.01304	0.00801	0.00488	0.00487	0.00150	0.00637	0.01748	0.00299	0.00678
14	0.00915	0.00861	0.01453	0.81804	0.03338	0.01077	0.01346	0.01238	0.00969	0.01238	0.00861	0.01292	0.00646	0.00484	0.00484	0.00161	0.00646	0.00431	0.00215	0.00538
15	0.00915	0.00854	0.01436	0.80356	0.03288	0.01066	0.01328	0.01236	0.00970	0.01248	0.00874	0.01301	0.00657	0.00486	0.00482	0.00161	0.00639	0.00431	0.01737	0.00537
16	0.01425	0.01237	0.04379	0.08289	0.32698	0.06357	0.02259	0.16732	0.08212	0.09970	0.01180	0.01370	0.00907	0.00528	0.00485	0.00149	0.00564	0.02168	0.00349	0.00742
17	0.01072	0.00927	0.01174	0.00996	0.02322	0.11072	0.11947	0.01297	0.01270	0.09080	0.38379	0.02528	0.06291	0.00787	0.00610	0.00154	0.06119	0.00680	0.02756	0.00541
18	0.00606	0.00469	0.00539	0.00573	0.00680	0.00415	0.00411	0.00728	0.01064	0.01360	0.12681	0.30116	0.40424	0.03854	0.00645	0.00183	0.00266	0.02565	0.02015	0.00407
19	0.03144	0.33311	0.12559	0.01080	0.01449	0.20153	0.02495	0.05226	0.01116	0.01348	0.00751	0.00904	0.00637	0.00496	0.00520	0.00130	0.09798	0.00319	0.00237	0.04328
20	0.00579	0.00488	0.00502	0.00505	0.00660	0.00411	0.00376	0.00706	0.01111	0.01338	0.08600	0.07879	0.72737	0.01228	0.00575	0.00164	0.00246	0.01030	0.00454	0.00411
21	0.01005	0.00861	0.01005	0.00718	0.01148	0.00646	0.00574	0.01220	0.01005	0.01579	0.00861	0.01005	0.00718	0.00359	0.00359	0.00072	0.00359	0.00287	0.00287	0.85932
22	0.00961	0.02449	0.78182	0.01356	0.02056	0.01105	0.01750	0.01511	0.01025	0.01528	0.00985	0.01127	0.02867	0.00482	0.00464	0.00154	0.00703	0.00377	0.00212	0.00707
23	0.00705	0.00470	0.00529	0.00529	0.00529	0.00470	0.00294	0.00705	0.00705	0.00940	0.01527	0.03171	0.01762	0.82969	0.02467	0.00470	0.00470	0.00705	0.00294	0.00294
24	0.00708	0.00543	0.00809	0.00800	0.00883	0.00644	0.00625	0.00878	0.00777	0.01127	0.01269	0.01867	0.01187	0.03514	0.77600	0.00754	0.04804	0.00515	0.00258	0.00437
25	0.00777	0.00535	0.00686	0.00640	0.00772	0.00502	0.00483	0.01051	0.05079	0.05659	0.68244	0.06245	0.05501	0.00979	0.00565	0.00155	0.00247	0.00862	0.00530	0.00487
26	0.86392	0.00937	0.00712	0.00637	0.00937	0.01087	0.00525	0.01425	0.00825	0.02174	0.00675	0.00787	0.00525	0.00450	0.00300	0.00150	0.00375	0.00262	0.00300	0.00525
27	0.01813	0.01343	0.01438	0.01109	0.01492	0.01489	0.00914	0.74916	0.05740	0.03008	0.01200	0.01193	0.00854	0.00585	0.00485	0.00146	0.00527	0.00441	0.00485	0.00822
28	0.00604	0.00493	0.00539	0.00530	0.00679	0.00428	0.00399	0.00754	0.01155	0.01451	0.22399	0.04307	0.58872	0.01268	0.03800	0.00186	0.00284	0.00968	0.00462	0.00421
29	0.00624	0.00446	0.00600	0.00707	0.00751	0.00422	0.00503	0.00736	0.00974	0.01297	0.05488	0.67490	0.03189	0.01470	0.00625	0.00199	0.00305	0.13317	0.00452	0.00404
30	0.03348	0.00918	0.01228	0.08966	0.04301	0.00883	0.00829	0.13094	0.01454	0.57301	0.01645	0.01514	0.01065	0.00577	0.00483	0.00150	0.00458	0.00469	0.00528	0.00789
31	0.00711	0.00502	0.00651	0.00610	0.00731	0.00460	0.00459	0.00934	0.01361	0.03462	0.75158	0.03623	0.07521	0.00992	0.00570	0.00153	0.00233	0.00875	0.00531	0.00463
32	0.01271	0.01100	0.01131	0.01003	0.01285	0.03409	0.00784	0.08433	0.70992	0.02084	0.01876	0.01733	0.01405	0.00647	0.00491	0.00162	0.00409	0.00533	0.00486	0.00766
33	0.01055	0.00768	0.00933	0.03149	0.01098	0.00818	0.00696	0.15049	0.10524	0.05967	0.13371	0.07714	0.08973	0.03250	0.06883	0.00229	0.02889	0.15619	0.00448	0.00567
34	0.01887	0.01164	0.01339	0.01072	0.03318	0.01226	0.00859	0.47485	0.07199	0.27154	0.01447	0.01361	0.00985	0.00589	0.00486	0.00148	0.00486	0.00460	0.00515	0.00819
35	0.01337	0.67076	0.08079	0.00923	0.01338	0.11915	0.00913	0.01519	0.01037	0.01175	0.00698	0.00808	0.00622	0.00429	0.00338	0.00110	0.00578	0.00273	0.00212	0.00621
36	0.01062	0.01009	0.07542	0.00962	0.05776	0.00746	0.03842	0.01352	0.03753	0.05672	0.02638	0.02455	0.03035	0.00449	0.00408	0.00099	0.00415	0.00380	0.00311	0.58092
37	0.01032	0.01024	0.01286	0.01132	0.01192	0.09023	0.02652	0.01162	0.00826	0.01172	0.00851	0.01291	0.00804	0.01551	0.22510	0.01714	0.48087	0.00442	0.01746	0.00504
38	0.01978	0.00930	0.01197	0.00935	0.01295	0.02489	0.02856	0.10121	0.07626	0.59683	0.01770	0.01595	0.01159	0.00697	0.03191	0.00172	0.00473	0.00487	0.00551	0.00797
39	0.01324	0.01158	0.02656	0.01029	0.02571	0.09541	0.07123	0.15101	0.06813	0.07474	0.04333	0.02848	0.02311	0.00528	0.00466	0.00122	0.01790	0.00434	0.00364	0.32014
40	0.59368	0.08768	0.09500	0.00792	0.01152	0.04128	0.00733	0.06489	0.00985	0.03338	0.00751	0.00854	0.00578	0.00461	0.00338	0.00145	0.00454	0.00289	0.00296	0.00580
41	0.03379	0.01168	0.01924	0.02882	0.76417	0.02696	0.01452	0.01494	0.01102	0.01591	0.00902	0.01183	0.00759	0.00434	0.00474	0.00144	0.00576	0.00425	0.00242	0.00757
42	0.01093	0.01022	0.07169	0.02287	0.07144	0.02172	0.00809	0.09597	0.29450	0.02880	0.09903	0.09297	0.06372	0.03477	0.00570	0.00168	0.00415	0.00641	0.03288	0.02248
43	0.01776	0.01885	0.01394	0.01194	0.01492	0.49115	0.02361	0.22829	0.07229	0.04672	0.00998	0.01057	0.00764	0.00535	0.00458	0.00135	0.00728	0.00374	0.00344	0.00660
44	0.01053	0.00969	0.01562	0.51861	0.13158	0.01122	0.06331	0.06283	0.08220	0.01503	0.01011	0.01330	0.00768	0.00496	0.00487	0.00158	0.00608	0.00452	0.02013	0.00614
45	0.00705	0.00470	0.00529	0.00529	0.00529	0.00470	0.00294	0.00705	0.00705	0.00940	0.01527	0.03171	0.01762	0.82969	0.02467	0.00470	0.00470	0.00705	0.00294	0.00294
46	0.00699	0.00489	0.00642	0.00627	0.00731	0.00451	0.00461	0.00900	0.01290	0.03447	0.63867	0.18151	0.04250	0.01080	0.00578	0.00161	0.00242	0.00961	0.00519	0.00453
47	0.86392	0.00937	0.00712	0.00637	0.00937	0.01087	0.00525	0.01425	0.00825	0.02174	0.00675	0.00787	0.00525	0.00450	0.00300	0.00150	0.00375	0.00262	0.00300	0.00525
48	0.00573	0.00489	0.00493	0.00497	0.00656	0.00409	0.00371	0.00695	0.01099	0.01307	0.04834	0.07279	0.77182	0.01237	0.00574	0.00165	0.00247	0.01035	0.00450	0.00409
49	0.00903	0.00452	0.00452	0.00452	0.00565	0.00452	0.00339	0.01129	0.01016	0.01807	0.01581	0.01807	0.01242	0.00565	0.00339	0.00113	0.00226	0.00452	0.85659	0.00452
50	0.00678	0.00577	0.00585	0.00564	0.00746	0.00529	0.00429	0.02811	0.10292	0.01436	0.04473	0.04243	0.68629	0.01145	0.00561	0.00163	0.00269	0.00953	0.00456	0.00461
51	0.01086	0.04434	0.12430	0.01721	0.08545	0.02416	0.42461	0.01422	0.01068	0.02975	0.01100	0.07270	0.00946	0.02169	0.03855	0.02741	0.01912	0.00567	0.00260	0.00622
52	0.00929	0.00876	0.01479	0.77922	0.07111	0.01080	0.01353	0.01250	0.00976	0.01255	0.00864	0.01287	0.00652	0.00482	0.00484	0.00161	0.00643	0.00431	0.00217	0.00550
53	0.20070	0.03872	0.15056	0.04465	0.11296	0.02837	0.01016	0.19735	0.02794	0.04771	0.01049	0.04177	0.00849	0.02975	0.02891	0.00177	0.00551	0.00424	0.00331	0.00665
54	0.58722	0.01120	0.06122	0.04333	0.04060	0.07081	0.00715	0.02820	0.00916	0.01917	0.00779	0.00986	0.00633	0.03088	0.04860	0.00193	0.00511	0.00316	0.00285	0.00543
55	0.01171	0.00927	0.01193	0.03482	0.14949	0.04742	0.04296	0.08814	0.07719	0.05010	0.01355	0.01575	0.02798	0.02209	0.04901	0.00184	0.08122	0.00473	0.25476	0.00604
56	0.86392	0.00937	0.00712	0.00637	0.00937	0.01087	0.00525	0.01425	0.00825	0.02174	0.00675	0.00787	0.00525	0.00450	0.00300	0.00150	0.00375	0.00262	0.00300	0.00525
57	0.00590	0.00422	0.00562	0.00675	0.00703	0.00394	0.00450	0.00675	0.00928	0.01237	0.02671	0.82653	0.03205	0.01518	0.00619	0.00197	0.00281	0.01378	0.00450	0.00394
58	0.34596	0.00885	0.01140	0.44667	0.04474	0.01060	0.00990	0.01315	0.00918	0.01637	0.00815	0.01109	0.00623	0.00472	0.00406	0.00155	0.00522	0.00365	0.03314	0.00536
59	0.03393	0.00882	0.01159	0.00903	0.01252	0.00831	0.00745	0.07154	0.04184	0.66681	0.01772	0.01576	0.01142	0.00613	0.00549	0.00154	0.05168	0.00479	0.00561	0.00801
60	0.01261	0.05586	0.03681	0.10481	0.05377	0.06448	0.04000	0.13776	0.31774	0.01825	0.01375	0.01533	0.01084	0.05846	0.00655	0.03250	0.00520	0.00481	0.00375	0.00672
61	0.00701	0.00475	0.00534	0.00538	0.00559	0.00468	0.00320	0.00725	0.00760	0.01008	0.01843	0.03355	0.08104	0.71349	0.02196	0.00428	0.00446	0.03772	0.02106	0.00312
62	0.00818	0.00641	0.00734	0.00734	0.03621	0.00625	0.00529	0.01234	0.17681	0.04768	0.19707	0.08047	0.36966	0.01020	0.00552	0.00162	0.00292	0.00869	0.00475	0.00524
63	0.00590	0.00423	0.00561	0.00671	0.00702	0.00394	0.00448	0.00675	0.00932	0.01239	0.02723	0.80847	0.04978	0.01511	0.00617	0.00196	0.00280	0.01369	0.00450	0.00394
64	0.00915	0.00861	0.01453	0.81804	0.03338	0.01077	0.01346	0.01238	0.00969	0.01238	0.00861	0.01292	0.00646	0.00484	0.00484	0.00161	0.00646	0.00431	0.00215	0.00538
65	0.01810	0.02310	0.01373	0.01248	0.01498	0.81024	0.00936	0.01935	0.01373	0.01186	0.00749	0.00874	0.00624	0.00499	0.00437	0.00125	0.00874	0.00312	0.00250	0.00562
66	0.00689	0.00522	0.00632	0.02030	0.00768	0.00486	0.00458	0.00938	0.04480	0.01760	0.52351	0.03719	0.24346	0.01016	0.00559	0.00155	0.00247	0.00879	0.03507	0.00458
67	0.00613	0.00493	0.00547	0.00534	0.00680	0.00426	0.00400	0.00774	0.01201	0.01537	0.31840	0.04288	0.52677	0.01142	0.00572	0.00160	0.00239	0.00970	0.00480	0.00426
68	0.01255	0.53016	0.24190	0.01020	0.01506	0.07628	0.01107	0.03026	0.01050	0.01291	0.00744	0.00861	0.00624	0.00437	0.00366	0.00120	0.00601	0.00294	0.00215	0.00648
69	0.35479	0.02865	0.04965	0.02564	0.05764	0.17784	0.02324	0.03060	0.00988	0.01663	0.00724	0.00924	0.00601	0.00546	0.00631	0.00157	0.17799	0.00333	0.00263	0.00567
70	0.01068	0.01260	0.07219	0.01791	0.02224	0.01123	0.60232	0.01472	0.03424	0.01523	0.01205	0.09997	0.01047	0.00561	0.00588	0.00168	0.02178	0.02015	0.00275	0.00627

[dist]
# distance from previous block
# <min> <max>
0	20

[block]
# block no. 2 follows, 52 sequences, length 49
# corresponding to MSA columns:
# 269,271-299,304-322
name=unknown_C
#
# <colnr> <probs for GDERKNQSTAVLIFYWHMCP>
#	G	D	E	R	K	N	Q	S	T	A	V	L	I	F	Y	W	H	M	C	P
0	0.86392	0.00937	0.00712	0.00637	0.00937	0.01087	0.00525	0.01425	0.00825	0.02174	0.00675	0.00787	0.00525	0.00450	0.00300	0.00150	0.00375	0.00262	0.00300	0.00525
1	0.00661	0.00495	0.00615	0.00602	0.00725	0.00450	0.00457	0.00858	0.01273	0.01730	0.53567	0.07149	0.22492	0.01091	0.00580	0.00162	0.00249	0.05897	0.00504	0.00442
2	0.00983	0.05371	0.77695	0.01362	0.02067	0.01154	0.01756	0.01532	0.01022	0.01521	0.00863	0.01014	0.00614	0.00459	0.00455	0.00152	0.00709	0.00355	0.00205	0.00713
3	0.00627	0.00498	0.00568	0.00574	0.00715	0.00439	0.00442	0.00788	0.01170	0.01489	0.24030	0.06847	0.48854	0.01188	0.00585	0.00169	0.00266	0.09856	0.00471	0.00426
4	0.00998	0.00753	0.00949	0.13451	0.10475	0.05110	0.00750	0.03722	0.01079	0.04339	0.02863	0.16470	0.01539	0.02129	0.00520	0.00156	0.01643	0.04718	0.27815	0.00521
5	0.00692	0.00506	0.00718	0.00721	0.00786	0.00570	0.00532	0.00825	0.00766	0.01087	0.01384	0.04252	0.01385	0.21195	0.61542	0.00695	0.01088	0.00582	0.00272	0.00401
6	0.01099	0.30138	0.45274	0.01150	0.01709	0.01375	0.02551	0.04179	0.01045	0.01429	0.00884	0.03389	0.00731	0.02550	0.00467	0.00145	0.00624	0.00369	0.00226	0.00667
7	0.00637	0.00459	0.00613	0.00719	0.00775	0.00435	0.00528	0.00758	0.00984	0.01294	0.02764	0.59378	0.07161	0.01458	0.00629	0.00202	0.00320	0.20032	0.00449	0.00407
8	0.00692	0.00519	0.00779	0.00779	0.00865	0.00606	0.00606	0.00865	0.00779	0.01125	0.01298	0.01904	0.01211	0.03634	0.81049	0.00779	0.01298	0.00519	0.00260	0.00433
9	0.01586	0.35919	0.01866	0.01021	0.01375	0.24640	0.00876	0.22575	0.01451	0.01689	0.00847	0.00930	0.00690	0.00488	0.00395	0.00121	0.00620	0.00326	0.01929	0.00656
10	0.01005	0.00861	0.01005	0.00718	0.01148	0.00646	0.00574	0.01220	0.01005	0.01579	0.00861	0.01005	0.00718	0.00359	0.00359	0.00072	0.00359	0.00287	0.00287	0.85932
11	0.01025	0.00821	0.01117	0.32308	0.01939	0.00940	0.00914	0.02668	0.24309	0.06817	0.03035	0.16615	0.03926	0.00767	0.00516	0.00168	0.00464	0.00670	0.00384	0.00598
12	0.00588	0.00481	0.00520	0.00536	0.00674	0.00413	0.00395	0.00715	0.01098	0.01351	0.10476	0.17000	0.60313	0.01257	0.00582	0.00169	0.00253	0.02313	0.00457	0.00411
13	0.01041	0.02634	0.02241	0.07376	0.04986	0.02432	0.50928	0.01362	0.01080	0.01449	0.01255	0.15960	0.01169	0.00630	0.00594	0.00168	0.03131	0.00688	0.00278	0.00597
14	0.02850	0.01420	0.16612	0.03585	0.42096	0.02534	0.07639	0.07163	0.05003	0.03518	0.01006	0.01211	0.00784	0.00466	0.00478	0.00148	0.00602	0.00432	0.01717	0.00737
15	0.00585	0.00490	0.00506	0.00505	0.00659	0.00414	0.00376	0.00714	0.01118	0.01356	0.11138	0.05982	0.70773	0.02488	0.00603	0.00168	0.00248	0.01012	0.00455	0.00411
16	0.01053	0.12336	0.53560	0.01504	0.05882	0.01243	0.14751	0.01525	0.01043	0.01491	0.00866	0.01050	0.00643	0.00444	0.00462	0.00148	0.00702	0.00386	0.00214	0.00696
17	0.00720	0.00513	0.00651	0.00613	0.00733	0.00484	0.00461	0.00990	0.04213	0.01937	0.71583	0.03431	0.04235	0.00950	0.00553	0.00150	0.00234	0.00836	0.06244	0.00468
18	0.00603	0.00439	0.00571	0.00664	0.00714	0.00407	0.00458	0.00706	0.00979	0.01295	0.07348	0.67091	0.10462	0.01452	0.00614	0.00192	0.00283	0.04867	0.00455	0.00401
19	0.01036	0.00981	0.01661	0.41917	0.39096	0.01086	0.01379	0.01334	0.01030	0.01400	0.00952	0.04249	0.00797	0.00498	0.00487	0.00155	0.00600	0.00466	0.00235	0.00640
20	0.00598	0.00422	0.00560	0.00669	0.00700	0.00395	0.00447	0.00686	0.00930	0.01251	0.02645	0.80706	0.03158	0.01495	0.00612	0.00195	0.00280	0.01355	0.02502	0.00395
21	0.00977	0.02469	0.78051	0.01402	0.02111	0.01129	0.04161	0.01535	0.01027	0.01535	0.00873	0.01032	0.00618	0.00459	0.00464	0.00154	0.00719	0.00365	0.00206	0.00714
22	0.01180	0.01132	0.01933	0.08255	0.74814	0.01146	0.01478	0.01471	0.01094	0.01560	0.00908	0.01206	0.00759	0.00435	0.00480	0.00145	0.00580	0.00432	0.00238	0.00752
23	0.00939	0.00874	0.01454	0.79758	0.03291	0.01087	0.01335	0.03193	0.01002	0.01284	0.00869	0.01289	0.00651	0.00487	0.00485	0.00161	0.00643	0.00431	0.00222	0.00546
24	0.00601	0.00437	0.00592	0.03419	0.00792	0.00417	0.00480	0.00694	0.00929	0.01237	0.02610	0.79901	0.03119	0.01483	0.00614	0.00196	0.00293	0.01346	0.00442	0.00399
25	0.01296	0.83261	0.02539	0.00829	0.01244	0.01917	0.00829	0.01451	0.00985	0.01140	0.00674	0.00777	0.00622	0.00415	0.00311	0.00104	0.00518	0.00259	0.00207	0.00622
26	0.03864	0.55059	0.11510	0.02618	0.01381	0.05871	0.00926	0.02897	0.01038	0.03954	0.00781	0.00915	0.00668	0.01949	0.00390	0.00121	0.00547	0.00298	0.00236	0.04977
27	0.01329	0.06852	0.22111	0.04171	0.04453	0.24043	0.01215	0.07833	0.01157	0.01438	0.00792	0.01002	0.00647	0.00572	0.00720	0.00156	0.20272	0.00366	0.00244	0.00626
28	0.00597	0.00428	0.00568	0.00678	0.00712	0.00400	0.00460	0.00687	0.00939	0.01246	0.02723	0.77958	0.05112	0.01505	0.00619	0.00197	0.00286	0.04040	0.00450	0.00396
29	0.00713	0.00534	0.00737	0.08753	0.01050	0.00554	0.00627	0.00896	0.03317	0.01286	0.03620	0.35256	0.02499	0.11199	0.06726	0.00274	0.00459	0.20680	0.00396	0.00425
30	0.00692	0.00519	0.00779	0.00779	0.00865	0.00606	0.00606	0.00865	0.00779	0.01125	0.01298	0.01904	0.01211	0.03634	0.81049	0.00779	0.01298	0.00519	0.00260	0.00433
31	0.00590	0.00422	0.00562	0.00675	0.00703	0.00394	0.00450	0.00675	0.00928	0.01237	0.02671	0.82653	0.03205	0.01518	0.00619	0.00197	0.00281	0.01378	0.00450	0.00394
32	0.00915	0.00861	0.01453	0.81804	0.03338	0.01077	0.01346	0.01238	0.00969	0.01238	0.00861	0.01292	0.00646	0.00484	0.00484	0.00161	0.00646	0.00431	0.00215	0.00538
33	0.01296	0.83261	0.02539	0.00829	0.01244	0.01917	0.00829	0.01451	0.00985	0.01140	0.00674	0.00777	0.00622	0.00415	0.00311	0.00104	0.00518	0.00259	0.00207	0.00622
34	0.02174	0.00825	0.01125	0.00862	0.01237	0.00712	0.00712	0.02362	0.01387	0.80282	0.01912	0.01649	0.01200	0.00600	0.00487	0.00150	0.00412	0.00487	0.00600	0.00825
35	0.00753	0.00598	0.03021	0.00712	0.00865	0.00484	0.00527	0.00885	0.00965	0.04112	0.02174	0.58567	0.02485	0.01187	0.00549	0.00165	0.00316	0.01065	0.00410	0.20159
36	0.01054	0.03613	0.01054	0.00745	0.01149	0.03532	0.00596	0.01275	0.02168	0.03232	0.00966	0.04427	0.00837	0.00424	0.00376	0.00083	0.00381	0.00341	0.00300	0.73449
37	0.00987	0.04127	0.75141	0.01401	0.02100	0.01147	0.05411	0.01534	0.01028	0.01527	0.00871	0.01032	0.00620	0.00457	0.00463	0.00153	0.00717	0.00366	0.00207	0.00711
38	0.00705	0.00522	0.00756	0.00752	0.00827	0.00603	0.00572	0.00857	0.00774	0.01116	0.01318	0.02038	0.01267	0.13055	0.68574	0.00718	0.02695	0.00538	0.01894	0.00418
39	0.01706	0.01234	0.01326	0.01033	0.01382	0.01362	0.00849	0.67648	0.02097	0.02861	0.01213	0.01255	0.00881	0.00672	0.02908	0.00161	0.00523	0.00440	0.09677	0.00772
40	0.01197	0.01093	0.03905	0.01000	0.01290	0.01203	0.00803	0.02538	0.76308	0.02010	0.01933	0.01780	0.01449	0.00650	0.00492	0.00164	0.00395	0.00541	0.00483	0.00765
41	0.00686	0.00476	0.00547	0.00542	0.00579	0.00460	0.00333	0.00741	0.00868	0.01161	0.15800	0.04783	0.10145	0.58726	0.01906	0.00378	0.00401	0.00779	0.00355	0.00336
42	0.01208	0.42933	0.03241	0.00813	0.01237	0.01359	0.00749	0.06443	0.01079	0.01452	0.00786	0.00900	0.00674	0.00404	0.00345	0.00094	0.00458	0.00284	0.00258	0.35283
43	0.00733	0.00567	0.01972	0.00669	0.00758	0.00531	0.00480	0.00868	0.03187	0.01298	0.13034	0.22720	0.05124	0.27522	0.01255	0.02927	0.03131	0.05723	0.00380	0.07119
44	0.01458	0.51736	0.05633	0.00998	0.01370	0.29148	0.00909	0.01622	0.01120	0.01174	0.00708	0.00822	0.00622	0.00446	0.00361	0.00113	0.00650	0.00282	0.00222	0.00605
45	0.00780	0.00563	0.00768	0.00868	0.00975	0.00567	0.00740	0.01028	0.03963	0.01438	0.02515	0.10693	0.02734	0.04216	0.00723	0.00228	0.00433	0.65877	0.00443	0.00449
46	0.01071	0.04766	0.41595	0.01840	0.26373	0.02250	0.05513	0.01514	0.02709	0.01538	0.01004	0.01190	0.02677	0.00468	0.00467	0.00147	0.00642	0.00406	0.00234	0.03599
47	0.01226	0.00857	0.01018	0.00762	0.01154	0.00703	0.00611	0.03029	0.06724	0.15853	0.03954	0.01354	0.02755	0.00469	0.00406	0.00099	0.00367	0.00382	0.00374	0.57903
48	0.00862	0.03628	0.40264	0.01017	0.01451	0.00838	0.02493	0.01245	0.01154	0.02830	0.28069	0.03705	0.09004	0.00727	0.00510	0.00154	0.00493	0.00615	0.00349	0.00593

[dist]
# distance from previous block
# <min> <max>
0	2

[block]
# block no. 3 follows, 52 sequences, length 28
# corresponding to MSA columns:
# 326-343,349-358
name=unknown_D
#
# <colnr> <probs for GDERKNQSTAVLIFYWHMCP>
#	G	D	E	R	K	N	Q	S	T	A	V	L	I	F	Y	W	H	M	C	P
0	0.03839	0.06046	0.06354	0.03952	0.01281	0.06350	0.00749	0.06791	0.05795	0.05043	0.09639	0.05831	0.01351	0.00578	0.00436	0.00121	0.00438	0.01796	0.00350	0.33260
1	0.01137	0.07630	0.34805	0.05565	0.05309	0.02538	0.01216	0.04588	0.02467	0.08400	0.04278	0.04273	0.01945	0.00533	0.00452	0.00138	0.00560	0.00431	0.00296	0.13439
2	0.42898	0.01185	0.02291	0.00920	0.01215	0.10757	0.05006	0.09898	0.10744	0.02005	0.00954	0.01067	0.00743	0.00643	0.03828	0.00177	0.03238	0.00360	0.01474	0.00597
3	0.11097	0.09416	0.10095	0.03076	0.03402	0.02935	0.07488	0.10311	0.05574	0.21510	0.01337	0.04469	0.01041	0.00598	0.00482	0.00153	0.01788	0.04151	0.00389	0.00687
4	0.01104	0.08429	0.27100	0.01005	0.02648	0.00970	0.01030	0.06241	0.01110	0.04023	0.02389	0.01073	0.00771	0.00431	0.00406	0.00111	0.00502	0.00337	0.00279	0.40040
5	0.00669	0.00495	0.00624	0.00592	0.00714	0.00450	0.00444	0.00882	0.01332	0.01849	0.68560	0.03775	0.15762	0.01026	0.00572	0.00154	0.00231	0.00898	0.00521	0.00450
6	0.01031	0.00881	0.01058	0.07135	0.01335	0.00714	0.00649	0.04275	0.01052	0.01611	0.00873	0.01034	0.00716	0.00378	0.00374	0.00082	0.00388	0.00304	0.00289	0.75821
7	0.00643	0.00486	0.00594	0.00583	0.00702	0.00437	0.00431	0.00826	0.01248	0.01687	0.50151	0.12459	0.25751	0.01115	0.00577	0.00160	0.00239	0.00972	0.00501	0.00437
8	0.01755	0.05358	0.01421	0.04422	0.01561	0.74824	0.00948	0.01889	0.01342	0.01186	0.00751	0.00887	0.00625	0.00496	0.00434	0.00125	0.00851	0.00315	0.00247	0.00563
9	0.01132	0.17679	0.13619	0.05626	0.11031	0.02349	0.03404	0.02537	0.12185	0.01543	0.00996	0.01125	0.00794	0.00450	0.00415	0.00122	0.00514	0.00366	0.00279	0.23834
10	0.00738	0.00590	0.00717	0.00727	0.00861	0.00583	0.02020	0.01097	0.14871	0.01502	0.11368	0.29328	0.22637	0.01192	0.00584	0.00180	0.00314	0.09747	0.00462	0.00482
11	0.01156	0.01121	0.01947	0.08724	0.66455	0.01129	0.06807	0.01450	0.01096	0.01547	0.01031	0.01317	0.03103	0.00458	0.00489	0.00147	0.00588	0.00459	0.00245	0.00732
12	0.00680	0.00495	0.00640	0.00604	0.00721	0.00455	0.00453	0.00904	0.01359	0.01913	0.76064	0.03671	0.08219	0.01002	0.00572	0.00153	0.00229	0.00883	0.00529	0.00455
13	0.01092	0.01026	0.01665	0.12160	0.47703	0.01036	0.04277	0.01443	0.06167	0.01578	0.05620	0.01508	0.04040	0.00508	0.00483	0.00143	0.00530	0.00480	0.00283	0.08260
14	0.00667	0.00480	0.00648	0.00756	0.00823	0.00461	0.00581	0.00809	0.01011	0.01326	0.02711	0.48387	0.05880	0.01434	0.00637	0.00206	0.00347	0.31968	0.00448	0.00416
15	0.02886	0.01275	0.01774	0.10564	0.57416	0.13000	0.01351	0.01511	0.01121	0.01494	0.00914	0.02835	0.00780	0.00470	0.00473	0.00144	0.00617	0.00430	0.00244	0.00702
16	0.01005	0.00861	0.01005	0.00718	0.01148	0.00646	0.00574	0.01220	0.01005	0.01579	0.00861	0.01005	0.00718	0.00359	0.00359	0.00072	0.00359	0.00287	0.00287	0.85932
17	0.01039	0.00930	0.01502	0.40470	0.26711	0.01010	0.01231	0.01343	0.02526	0.03771	0.01028	0.05684	0.00863	0.00518	0.00478	0.00148	0.00562	0.00472	0.00260	0.09453
18	0.01005	0.00861	0.01005	0.00718	0.01148	0.00646	0.00574	0.01220	0.01005	0.01579	0.00861	0.01005	0.00718	0.00359	0.00359	0.00072	0.00359	0.00287	0.00287	0.85932
19	0.00842	0.00421	0.00631	0.00631	0.00631	0.00421	0.00421	0.00631	0.00631	0.00842	0.00842	0.01473	0.00842	0.01684	0.01894	0.85901	0.00421	0.00421	0.00210	0.00210
20	0.01184	0.03268	0.01066	0.00906	0.01115	0.01012	0.00711	0.28408	0.12450	0.02010	0.03226	0.24530	0.01755	0.02426	0.05048	0.00206	0.04035	0.02995	0.03033	0.00616
21	0.01218	0.03143	0.28892	0.01978	0.31145	0.01101	0.11017	0.01599	0.01111	0.10576	0.01057	0.01301	0.00807	0.00480	0.00487	0.00151	0.00631	0.02300	0.00274	0.00732
22	0.00992	0.00970	0.01493	0.68743	0.09690	0.05451	0.01328	0.01296	0.00997	0.01263	0.00854	0.01256	0.00655	0.00490	0.00509	0.00159	0.02653	0.00424	0.00219	0.00559
23	0.00832	0.00427	0.00641	0.00641	0.00647	0.00433	0.00433	0.00647	0.00641	0.00860	0.00872	0.01501	0.00866	0.01812	0.07117	0.80283	0.00479	0.00427	0.00214	0.00225
24	0.00984	0.04208	0.74435	0.01363	0.02034	0.01162	0.01729	0.01513	0.01007	0.01506	0.00853	0.01020	0.00615	0.00481	0.00519	0.00156	0.05147	0.00360	0.00205	0.00704
25	0.00931	0.00884	0.01496	0.70788	0.07361	0.01075	0.03657	0.01243	0.00981	0.01267	0.00984	0.01383	0.03032	0.00510	0.00515	0.00162	0.02504	0.00453	0.00225	0.00550
26	0.01003	0.00914	0.01463	0.06864	0.15916	0.00859	0.14159	0.01250	0.01034	0.02574	0.01340	0.03153	0.05320	0.04714	0.03036	0.00173	0.02975	0.06974	0.00293	0.25987
27	0.03388	0.06762	0.22407	0.01708	0.21694	0.22719	0.05027	0.01596	0.01122	0.01429	0.00825	0.01022	0.00664	0.00474	0.00504	0.00141	0.04691	0.00368	0.00233	0.03226

[dist]
# distance from previous block
# <min> <max>
0	2

[block]
# block no. 4 follows, 52 sequences, length 6
# corresponding to MSA columns:
# 361-366
name=unknown_E
#
# <colnr> <probs for GDERKNQSTAVLIFYWHMCP>
#	G	D	E	R	K	N	Q	S	T	A	V	L	I	F	Y	W	H	M	C	P
0	0.00620	0.00462	0.00577	0.00638	0.00712	0.00429	0.00453	0.00736	0.01004	0.01312	0.10200	0.43375	0.20947	0.06208	0.04405	0.00229	0.00337	0.06513	0.00440	0.00403
1	0.01170	0.01310	0.07157	0.10251	0.40869	0.04956	0.24128	0.01506	0.01110	0.01518	0.00917	0.01214	0.00730	0.00435	0.00504	0.00151	0.00677	0.00463	0.00237	0.00698
2	0.86392	0.00937	0.00712	0.00637	0.00937	0.01087	0.00525	0.01425	0.00825	0.02174	0.00675	0.00787	0.00525	0.00450	0.00300	0.00150	0.00375	0.00262	0.00300	0.00525
3	0.00618	0.00493	0.00554	0.00539	0.00682	0.00428	0.00404	0.00784	0.01212	0.01564	0.34979	0.04244	0.49520	0.01132	0.00572	0.00159	0.00239	0.00964	0.00484	0.00428
4	0.01147	0.11998	0.09758	0.15965	0.07434	0.03274	0.14191	0.04451	0.01180	0.08037	0.13234	0.01695	0.04400	0.00577	0.00489	0.00148	0.00563	0.00518	0.00321	0.00622
5	0.06473	0.16412	0.07408	0.00807	0.01032	0.11711	0.00680	0.01173	0.00932	0.01221	0.01189	0.05366	0.01228	0.25716	0.03310	0.03577	0.00551	0.04903	0.00276	0.06035

[dist]
# distance from previous block
# <min> <max>
2	7

[block]
# block no. 5 follows, 52 sequences, length 8
# corresponding to MSA columns:
# 375-382
name=unknown_F
#
# <colnr> <probs for GDERKNQSTAVLIFYWHMCP>
#	G	D	E	R	K	N	Q	S	T	A	V	L	I	F	Y	W	H	M	C	P
0	0.01346	0.04579	0.03437	0.03382	0.06359	0.10019	0.00868	0.13221	0.32532	0.03765	0.01359	0.01362	0.01034	0.00546	0.00455	0.00138	0.00491	0.00435	0.00391	0.14280
1	0.01055	0.09615	0.39942	0.01211	0.03335	0.04692	0.04845	0.01499	0.05641	0.01495	0.01002	0.05253	0.00827	0.00513	0.00472	0.00138	0.02633	0.00411	0.00253	0.15166
2	0.01074	0.01254	0.15858	0.15341	0.34385	0.01054	0.02753	0.01445	0.05656	0.03162	0.04216	0.03254	0.00983	0.00584	0.00585	0.04565	0.02433	0.00468	0.00267	0.00664
3	0.01064	0.11442	0.03258	0.13530	0.14774	0.05814	0.12995	0.01267	0.00974	0.01267	0.01022	0.01661	0.00959	0.15339	0.00965	0.04064	0.05652	0.03156	0.00247	0.00548
4	0.00832	0.00700	0.01071	0.17659	0.16351	0.00744	0.00889	0.01033	0.00985	0.01307	0.01940	0.07743	0.12087	0.06376	0.12034	0.02533	0.00595	0.14303	0.00319	0.00500
5	0.01071	0.05100	0.20502	0.14477	0.19182	0.01006	0.06848	0.01395	0.01072	0.07767	0.03967	0.10723	0.03543	0.00626	0.00497	0.00156	0.00567	0.00562	0.00296	0.00644
6	0.01199	0.01337	0.13202	0.27943	0.14309	0.07084	0.09086	0.05109	0.03044	0.06679	0.00971	0.01225	0.00732	0.00504	0.00552	0.00157	0.05514	0.00432	0.00268	0.00650
7	0.05311	0.00824	0.01155	0.19025	0.01673	0.00797	0.00833	0.02002	0.01258	0.56041	0.01748	0.01657	0.04277	0.00593	0.00482	0.00153	0.00456	0.00487	0.00495	0.00731

[dist]
# distance from previous block
# <min> <max>
1	3

[block]
# block no. 6 follows, 52 sequences, length 6
# corresponding to MSA columns:
# 387-392
name=unknown_G
#
# <colnr> <probs for GDERKNQSTAVLIFYWHMCP>
#	G	D	E	R	K	N	Q	S	T	A	V	L	I	F	Y	W	H	M	C	P
0	0.01095	0.01434	0.25216	0.04527	0.26741	0.01044	0.03955	0.01524	0.07561	0.06190	0.01367	0.07352	0.04988	0.00608	0.00543	0.00158	0.04188	0.00526	0.00296	0.00688
1	0.00870	0.00588	0.00854	0.05885	0.00998	0.00633	0.02646	0.00947	0.04083	0.04719	0.10080	0.22029	0.01852	0.01282	0.01154	0.31312	0.08609	0.00724	0.00336	0.00398
2	0.03744	0.04933	0.18176	0.03398	0.04694	0.03516	0.11430	0.06840	0.03669	0.29210	0.01314	0.01395	0.00928	0.03898	0.00560	0.00163	0.00571	0.00454	0.00385	0.00720
3	0.01231	0.12364	0.05807	0.11017	0.24184	0.01205	0.08206	0.01733	0.16512	0.08185	0.01230	0.01464	0.00972	0.00526	0.00475	0.00150	0.00549	0.03169	0.00319	0.00701
4	0.01057	0.07822	0.01146	0.00764	0.01172	0.00830	0.00622	0.01425	0.11683	0.01603	0.00998	0.01096	0.00814	0.00404	0.00373	0.00087	0.00376	0.00320	0.00309	0.67100
5	0.00902	0.00680	0.07347	0.00742	0.00840	0.00587	0.00582	0.00972	0.11394	0.01062	0.00999	0.01481	0.00910	0.01441	0.01583	0.67027	0.00440	0.00433	0.00249	0.00329

[dist]
# distance from previous block
# <min> <max>
0	1

[block]
# block no. 7 follows, 52 sequences, length 12
# corresponding to MSA columns:
# 394-405
name=unknown_H
#
# <colnr> <probs for GDERKNQSTAVLIFYWHMCP>
#	G	D	E	R	K	N	Q	S	T	A	V	L	I	F	Y	W	H	M	C	P
0	0.00955	0.01466	0.30565	0.13997	0.10346	0.00980	0.08994	0.04259	0.01085	0.01519	0.04806	0.14792	0.02786	0.00674	0.00512	0.00162	0.00590	0.00606	0.00285	0.00621
1	0.01109	0.01629	0.30438	0.02052	0.36813	0.01136	0.04440	0.01628	0.10354	0.01617	0.01024	0.01206	0.00794	0.00466	0.00474	0.00148	0.00607	0.00420	0.00259	0.03388
2	0.00749	0.00760	0.10204	0.00793	0.00926	0.00647	0.00673	0.00913	0.00810	0.01141	0.01404	0.02476	0.01430	0.28987	0.36670	0.00540	0.03455	0.06720	0.00278	0.00425
3	0.01296	0.83261	0.02539	0.00829	0.01244	0.01917	0.00829	0.01451	0.00985	0.01140	0.00674	0.00777	0.00622	0.00415	0.00311	0.00104	0.00518	0.00259	0.00207	0.00622
4	0.00671	0.00475	0.00635	0.00734	0.00788	0.00461	0.00548	0.00795	0.00968	0.01277	0.02498	0.45938	0.02886	0.11151	0.00856	0.00239	0.00362	0.27887	0.00430	0.00400
5	0.00899	0.00562	0.00762	0.00815	0.00950	0.00537	0.00680	0.01089	0.01127	0.10807	0.05138	0.16248	0.08945	0.01257	0.00629	0.00203	0.00395	0.48006	0.00468	0.00481
6	0.01194	0.03321	0.01761	0.17122	0.52301	0.07578	0.01338	0.01461	0.01096	0.03187	0.00981	0.04697	0.00844	0.00497	0.00479	0.00147	0.00595	0.00459	0.00252	0.00690
7	0.01017	0.04550	0.33343	0.01600	0.12399	0.01109	0.17167	0.01440	0.03801	0.01495	0.01210	0.07938	0.03009	0.00601	0.00566	0.00162	0.05223	0.02452	0.00261	0.00657
8	0.00726	0.00570	0.00858	0.05587	0.01034	0.00683	0.00675	0.00904	0.00788	0.01134	0.01235	0.01820	0.01146	0.03292	0.71825	0.00711	0.05805	0.00509	0.00254	0.00444
9	0.01050	0.24549	0.11140	0.32811	0.08513	0.01270	0.01181	0.01338	0.01002	0.01307	0.00922	0.01356	0.00786	0.00505	0.00436	0.00141	0.00583	0.05243	0.00233	0.05634
10	0.01293	0.01242	0.07133	0.06188	0.10723	0.03724	0.10187	0.14336	0.30629	0.03941	0.01417	0.02704	0.01078	0.00570	0.00493	0.00156	0.00532	0.00500	0.02427	0.00727
11	0.01450	0.01238	0.05892	0.01020	0.01371	0.04753	0.00859	0.28178	0.26528	0.06630	0.01425	0.01470	0.01073	0.00592	0.00489	0.00145	0.01812	0.02271	0.01907	0.10898

[dist]
# distance from previous block
# <min> <max>
1	5

[block]
# block no. 8 follows, 52 sequences, length 12
# corresponding to MSA columns:
# 411-422
name=unknown_I
#
# <colnr> <probs for GDERKNQSTAVLIFYWHMCP>
#	G	D	E	R	K	N	Q	S	T	A	V	L	I	F	Y	W	H	M	C	P
0	0.00884	0.14953	0.32458	0.01003	0.01412	0.00992	0.03907	0.01190	0.01017	0.01364	0.02009	0.15169	0.18241	0.00800	0.00516	0.00156	0.02391	0.00663	0.00300	0.00574
1	0.01042	0.01605	0.28895	0.06452	0.02205	0.01122	0.35614	0.01552	0.06679	0.01573	0.04279	0.01512	0.00983	0.00511	0.00527	0.00162	0.00702	0.03657	0.00267	0.00659
2	0.01368	0.04926	0.22782	0.01492	0.15666	0.10261	0.05404	0.03927	0.02316	0.16670	0.01242	0.01394	0.03048	0.00659	0.03704	0.00174	0.02179	0.01770	0.00320	0.00697
3	0.01214	0.08527	0.31320	0.07540	0.15975	0.03418	0.10217	0.01592	0.01107	0.10819	0.03085	0.01225	0.00833	0.00479	0.00471	0.00148	0.00636	0.00421	0.00273	0.00699
4	0.00592	0.00489	0.00519	0.00517	0.00668	0.00416	0.00386	0.00730	0.01141	0.01409	0.16875	0.07539	0.64645	0.01201	0.00574	0.00163	0.00244	0.01013	0.00463	0.00416
5	0.00856	0.00526	0.00752	0.05941	0.00909	0.00540	0.02025	0.00870	0.00800	0.05807	0.01398	0.07509	0.01444	0.24824	0.10719	0.27836	0.00550	0.06041	0.00296	0.00355
6	0.03135	0.07283	0.20066	0.01428	0.15336	0.02650	0.03197	0.13845	0.07572	0.14733	0.01255	0.05242	0.00970	0.00561	0.00471	0.00149	0.00549	0.00466	0.00359	0.00733
7	0.01003	0.10286	0.72952	0.01328	0.02015	0.01202	0.01698	0.01527	0.01019	0.01497	0.00851	0.00999	0.00615	0.00456	0.00446	0.00149	0.00697	0.00349	0.00205	0.00707
8	0.00644	0.00483	0.00588	0.00581	0.00691	0.00437	0.00423	0.00812	0.01202	0.01622	0.44985	0.14133	0.24317	0.06072	0.00692	0.00180	0.00255	0.00970	0.00486	0.00426
9	0.01136	0.08082	0.19278	0.01359	0.06160	0.06459	0.13603	0.03255	0.01025	0.04639	0.00967	0.01285	0.00803	0.03947	0.10262	0.00243	0.14429	0.00438	0.02018	0.00612
10	0.01381	0.07925	0.22132	0.04634	0.07917	0.04215	0.07511	0.11697	0.08534	0.14794	0.01233	0.03825	0.00926	0.00543	0.00475	0.00150	0.00582	0.00457	0.00350	0.00721
11	0.05734	0.04897	0.22281	0.06829	0.06932	0.03067	0.11237	0.10122	0.01117	0.03114	0.00874	0.01117	0.00686	0.00590	0.00733	0.03656	0.15702	0.00411	0.00260	0.00641

[dist]
# distance from previous block
# <min> <max>
0	72

# created by:
# /home/cegg/simao/soft/augustus-3.2.1/scripts/msa2prfl.pl ./align_prep/EOG091G0O6E.fa
