[name]
unknown

[dist]
# distance from previous block
# <min> <max>
0	100

[block]
# block no. 0 follows, 42 sequences, length 18
# corresponding to MSA columns:
# 174-191
name=unknown_A
#
# <colnr> <probs for GDERKNQSTAVLIFYWHMCP>
#	G	D	E	R	K	N	Q	S	T	A	V	L	I	F	Y	W	H	M	C	P
0	0.00892	0.09910	0.01147	0.16440	0.01510	0.00852	0.00782	0.01104	0.01244	0.01622	0.19207	0.21371	0.13956	0.03420	0.00689	0.00201	0.00438	0.04223	0.00452	0.00540
1	0.17997	0.39417	0.13987	0.00976	0.01451	0.01621	0.01001	0.01640	0.01150	0.05070	0.01453	0.01519	0.09507	0.00617	0.00431	0.00151	0.00563	0.00435	0.00315	0.00699
2	0.04408	0.05016	0.01980	0.01454	0.01879	0.10203	0.21648	0.17742	0.04450	0.10174	0.01325	0.01583	0.01031	0.06866	0.00739	0.00194	0.00707	0.00540	0.00410	0.07653
3	0.02791	0.16708	0.13434	0.16909	0.04638	0.07551	0.03788	0.14542	0.05440	0.01946	0.01286	0.01460	0.03750	0.00605	0.00515	0.00165	0.00684	0.00476	0.02558	0.00754
4	0.00795	0.00598	0.00752	0.00777	0.00901	0.00524	0.00534	0.00914	0.01071	0.01483	0.02552	0.56755	0.02981	0.09013	0.00863	0.00230	0.00366	0.01271	0.00467	0.17152
5	0.01120	0.00631	0.00855	0.00880	0.01027	0.00585	0.00676	0.01298	0.01291	0.16775	0.10651	0.38622	0.03307	0.01434	0.00696	0.00219	0.00396	0.18390	0.00567	0.00580
6	0.20335	0.01625	0.02279	0.01740	0.02179	0.16310	0.38175	0.01907	0.05089	0.01903	0.01056	0.01306	0.00815	0.00531	0.00582	0.00179	0.02448	0.00519	0.00314	0.00708
7	0.01309	0.01249	0.02226	0.03844	0.26335	0.01235	0.26087	0.10028	0.01411	0.01935	0.01529	0.17186	0.01452	0.00767	0.00626	0.00188	0.00691	0.00778	0.00362	0.00762
8	0.00824	0.00523	0.00645	0.00671	0.00677	0.00517	0.00406	0.00794	0.00852	0.01136	0.01872	0.18134	0.02158	0.49215	0.02313	0.17165	0.00491	0.00905	0.00357	0.00344
9	0.01946	0.01466	0.01637	0.18235	0.02175	0.07555	0.01151	0.44696	0.02110	0.11437	0.01337	0.01423	0.00944	0.00646	0.00559	0.00172	0.00663	0.00501	0.00488	0.00860
10	0.01341	0.00812	0.00873	0.00758	0.00980	0.00846	0.00596	0.20056	0.01618	0.04791	0.10975	0.02163	0.01797	0.00723	0.00475	0.00148	0.00360	0.00582	0.49456	0.00649
11	0.00783	0.00559	0.00764	0.00895	0.00970	0.00541	0.00691	0.00951	0.01173	0.01545	0.03048	0.47599	0.03510	0.01672	0.00744	0.00242	0.00411	0.32898	0.00521	0.00484
12	0.43933	0.01081	0.00890	0.00837	0.01090	0.09876	0.00645	0.01513	0.01163	0.04995	0.11160	0.17242	0.01890	0.00867	0.00490	0.00182	0.00460	0.00674	0.00425	0.00587
13	0.01332	0.01167	0.01356	0.16751	0.01948	0.01370	0.01026	0.02679	0.60723	0.02170	0.02031	0.01979	0.01524	0.00723	0.00571	0.00190	0.00507	0.00609	0.00508	0.00837
14	0.01523	0.01483	0.01832	0.01486	0.01871	0.10304	0.18566	0.08299	0.43556	0.02203	0.01776	0.01776	0.01336	0.00666	0.00586	0.00184	0.00645	0.00601	0.00470	0.00837
15	0.01581	0.55927	0.11293	0.01135	0.01619	0.17327	0.01117	0.01809	0.01239	0.01388	0.00826	0.00958	0.00722	0.00507	0.00411	0.00132	0.00711	0.00327	0.00250	0.00721
16	0.01182	0.01104	0.01794	0.13319	0.40639	0.01202	0.01393	0.01445	0.01160	0.01633	0.01416	0.17139	0.01418	0.00831	0.00771	0.00193	0.11594	0.00721	0.00319	0.00728
17	0.01352	0.44354	0.22122	0.01234	0.01710	0.01886	0.01308	0.01644	0.01099	0.01450	0.00833	0.01043	0.00723	0.00596	0.00705	0.00161	0.16441	0.00369	0.00241	0.00729

[dist]
# distance from previous block
# <min> <max>
0	12

[block]
# block no. 1 follows, 42 sequences, length 9
# corresponding to MSA columns:
# 204-212
name=unknown_B
#
# <colnr> <probs for GDERKNQSTAVLIFYWHMCP>
#	G	D	E	R	K	N	Q	S	T	A	V	L	I	F	Y	W	H	M	C	P
0	0.01127	0.15626	0.14497	0.00930	0.01321	0.01016	0.00904	0.01426	0.01353	0.06610	0.27493	0.02666	0.10389	0.00826	0.00548	0.00156	0.00460	0.00683	0.00441	0.11528
1	0.00686	0.00490	0.00653	0.00784	0.00816	0.00457	0.00522	0.00784	0.01077	0.01437	0.03102	0.79855	0.03722	0.01763	0.00718	0.00229	0.00326	0.01600	0.00522	0.00457
2	0.00776	0.00624	0.00713	0.00661	0.00865	0.00529	0.00498	0.00971	0.01360	0.01802	0.28466	0.08227	0.39224	0.01219	0.00635	0.00174	0.00298	0.01040	0.00530	0.11389
3	0.05092	0.03783	0.01766	0.03707	0.19048	0.06195	0.04988	0.18162	0.07663	0.15394	0.05001	0.01613	0.01235	0.00647	0.00595	0.00173	0.03101	0.00535	0.00456	0.00846
4	0.01491	0.01778	0.22103	0.01928	0.02541	0.01286	0.42673	0.01966	0.01343	0.15272	0.01299	0.01504	0.00914	0.00530	0.00613	0.00184	0.00834	0.00582	0.00346	0.00813
5	0.00812	0.00583	0.00702	0.00709	0.00787	0.00538	0.00455	0.00883	0.00966	0.01324	0.02193	0.33205	0.02544	0.39021	0.01703	0.00361	0.00443	0.01061	0.00411	0.11300
6	0.01218	0.01447	0.07513	0.06168	0.05914	0.01279	0.53289	0.01648	0.01301	0.01747	0.01717	0.02001	0.10747	0.00609	0.00646	0.00188	0.00832	0.00701	0.00311	0.00725
7	0.01365	0.01391	0.05968	0.25932	0.23163	0.10838	0.01412	0.05802	0.01357	0.04203	0.01462	0.02034	0.04495	0.00690	0.00578	0.00181	0.00706	0.07363	0.00333	0.00727
8	0.00695	0.00519	0.00655	0.00739	0.00816	0.00479	0.00512	0.00818	0.01144	0.01497	0.08012	0.54699	0.19525	0.01791	0.05060	0.00255	0.00380	0.01419	0.00516	0.00468

[dist]
# distance from previous block
# <min> <max>
1	3

[block]
# block no. 2 follows, 42 sequences, length 7
# corresponding to MSA columns:
# 216-222
name=unknown_C
#
# <colnr> <probs for GDERKNQSTAVLIFYWHMCP>
#	G	D	E	R	K	N	Q	S	T	A	V	L	I	F	Y	W	H	M	C	P
0	0.07626	0.06490	0.05552	0.06286	0.01661	0.24830	0.01031	0.15721	0.01483	0.01859	0.01092	0.01503	0.00954	0.10729	0.03753	0.00242	0.07702	0.00471	0.00341	0.00672
1	0.01468	0.05337	0.05510	0.02148	0.13938	0.09740	0.33961	0.07073	0.01369	0.01806	0.01038	0.01352	0.00826	0.00575	0.00762	0.00184	0.11307	0.00545	0.00295	0.00765
2	0.01023	0.00656	0.00821	0.00780	0.00976	0.00565	0.00573	0.01187	0.01253	0.12039	0.11030	0.36988	0.14487	0.01287	0.00636	0.00187	0.00348	0.01132	0.00528	0.13505
3	0.01878	0.14455	0.01792	0.06372	0.01805	0.46384	0.01066	0.10757	0.01589	0.01666	0.00932	0.01081	0.00762	0.00563	0.00488	0.00142	0.00842	0.00377	0.00316	0.06733
4	0.01288	0.01355	0.11927	0.13390	0.07373	0.03433	0.01154	0.08099	0.06714	0.04186	0.01229	0.01475	0.00971	0.01012	0.10465	0.00244	0.00725	0.00463	0.00347	0.24153
5	0.02032	0.01555	0.13262	0.01216	0.01693	0.05717	0.01108	0.21058	0.11785	0.32042	0.01740	0.01630	0.01180	0.00668	0.00558	0.00174	0.00597	0.00525	0.00550	0.00911
6	0.18380	0.01068	0.01157	0.00978	0.01316	0.01140	0.00783	0.10570	0.23089	0.20284	0.13415	0.02059	0.01890	0.00749	0.00539	0.00179	0.00443	0.00597	0.00563	0.00801

[dist]
# distance from previous block
# <min> <max>
0	4

[block]
# block no. 3 follows, 42 sequences, length 22
# corresponding to MSA columns:
# 227-235,238-250
name=unknown_D
#
# <colnr> <probs for GDERKNQSTAVLIFYWHMCP>
#	G	D	E	R	K	N	Q	S	T	A	V	L	I	F	Y	W	H	M	C	P
0	0.00731	0.00551	0.00776	0.10080	0.01181	0.00552	0.00646	0.00861	0.01083	0.01437	0.02852	0.70527	0.03368	0.01620	0.00700	0.00224	0.00377	0.01469	0.00490	0.00477
1	0.11288	0.58426	0.14832	0.01041	0.01564	0.01962	0.01103	0.01697	0.01129	0.01542	0.00820	0.00951	0.00707	0.00495	0.00388	0.00136	0.00620	0.00320	0.00253	0.00727
2	0.01099	0.00685	0.00954	0.01032	0.01198	0.00669	0.00897	0.01354	0.01333	0.10663	0.02889	0.05820	0.03019	0.01452	0.00752	0.00249	0.00514	0.64309	0.00539	0.00571
3	0.05781	0.02045	0.01428	0.01268	0.01592	0.46359	0.00966	0.02301	0.19621	0.01726	0.01228	0.01293	0.00975	0.00603	0.00505	0.00150	0.00777	0.00423	0.00367	0.10591
4	0.01970	0.05179	0.01591	0.01360	0.01681	0.66148	0.01033	0.02129	0.01528	0.01430	0.00882	0.01029	0.00738	0.00557	0.00492	0.00137	0.00929	0.00357	0.00293	0.10538
5	0.10885	0.00560	0.00744	0.00734	0.00775	0.00581	0.00503	0.00843	0.00760	0.01162	0.00954	0.01616	0.00934	0.01784	0.01979	0.73691	0.00482	0.00467	0.00257	0.00288
6	0.02102	0.02682	0.01595	0.01450	0.01740	0.77963	0.01087	0.02247	0.01595	0.01377	0.00870	0.01015	0.00725	0.00580	0.00507	0.00145	0.01015	0.00362	0.00290	0.00652
7	0.00686	0.00490	0.00653	0.00784	0.00816	0.00457	0.00522	0.00784	0.01077	0.01437	0.03102	0.79855	0.03722	0.01763	0.00718	0.00229	0.00326	0.01600	0.00522	0.00457
8	0.01316	0.01478	0.03143	0.02253	0.02801	0.01392	0.68012	0.01766	0.01304	0.01791	0.01118	0.01488	0.00849	0.00487	0.00685	0.00185	0.03302	0.00639	0.00286	0.05703
9	0.06157	0.00945	0.01258	0.00981	0.01396	0.00832	0.00805	0.02615	0.01560	0.70683	0.02190	0.04996	0.01451	0.00731	0.00562	0.00176	0.00471	0.00596	0.00674	0.00922
10	0.02525	0.00958	0.01306	0.01001	0.01437	0.00827	0.00827	0.02743	0.01611	0.77102	0.02220	0.01915	0.01393	0.00697	0.00566	0.00174	0.00479	0.00566	0.00697	0.00958
11	0.00725	0.00565	0.00658	0.00650	0.00801	0.00498	0.00482	0.00918	0.01402	0.01839	0.36786	0.11457	0.38536	0.01333	0.00669	0.00188	0.00280	0.01149	0.00565	0.00498
12	0.54485	0.00887	0.00719	0.00663	0.00934	0.00999	0.00532	0.01532	0.01037	0.02372	0.01160	0.01337	0.00907	0.00570	0.00364	0.00159	0.00373	0.00383	0.30007	0.00579
13	0.02214	0.01207	0.01414	0.01095	0.01510	0.01227	0.00901	0.36103	0.02053	0.36261	0.01782	0.01670	0.01195	0.00683	0.00549	0.00168	0.00525	0.00535	0.07988	0.00919
14	0.00805	0.00600	0.00891	0.00891	0.00987	0.00696	0.00687	0.00997	0.00901	0.01297	0.01519	0.02276	0.01435	0.07608	0.74643	0.00888	0.01465	0.00613	0.00303	0.00495
15	0.00807	0.00573	0.00765	0.00769	0.00822	0.00624	0.00534	0.00913	0.00871	0.01213	0.01680	0.05444	0.01772	0.38497	0.41474	0.00720	0.01034	0.00733	0.00327	0.00428
16	0.01470	0.73389	0.09817	0.01022	0.01536	0.02142	0.01066	0.01694	0.01148	0.01366	0.00803	0.00929	0.00721	0.00486	0.00377	0.00126	0.00623	0.00312	0.00240	0.00732
17	0.00791	0.00547	0.00645	0.00658	0.00700	0.00539	0.00415	0.00857	0.00965	0.01299	0.07603	0.13194	0.09313	0.49591	0.08058	0.00465	0.00542	0.00940	0.02481	0.00399
18	0.01235	0.05529	0.50170	0.01498	0.02128	0.10805	0.05906	0.01725	0.01230	0.01665	0.01207	0.03988	0.01027	0.04477	0.00664	0.00196	0.00805	0.04722	0.00277	0.00747
19	0.01947	0.01340	0.01570	0.01245	0.01642	0.03156	0.04864	0.43403	0.05415	0.15437	0.01641	0.01871	0.01238	0.00939	0.05201	0.00220	0.00654	0.05249	0.02095	0.00873
20	0.01286	0.05818	0.01372	0.00944	0.01411	0.00992	0.02818	0.08039	0.07321	0.01973	0.01150	0.01329	0.00947	0.02894	0.00520	0.00119	0.00467	0.00395	0.00366	0.59839
21	0.01661	0.01801	0.01785	0.06391	0.03444	0.30390	0.11734	0.09746	0.10350	0.01823	0.01171	0.01367	0.00930	0.00772	0.04136	0.00199	0.05353	0.00482	0.00350	0.06116

[dist]
# distance from previous block
# <min> <max>
0	8

[block]
# block no. 4 follows, 42 sequences, length 11
# corresponding to MSA columns:
# 259-269
name=unknown_E
#
# <colnr> <probs for GDERKNQSTAVLIFYWHMCP>
#	G	D	E	R	K	N	Q	S	T	A	V	L	I	F	Y	W	H	M	C	P
0	0.01107	0.00933	0.01095	0.00820	0.01255	0.00714	0.00640	0.01332	0.01144	0.01765	0.01232	0.08766	0.01159	0.03832	0.00546	0.00116	0.00413	0.00474	0.00352	0.72305
1	0.02034	0.01537	0.01648	0.02898	0.01752	0.05107	0.02805	0.60560	0.04915	0.05366	0.01395	0.01417	0.00999	0.00667	0.00556	0.00168	0.00623	0.00511	0.04132	0.00911
2	0.00871	0.00628	0.00839	0.00940	0.01063	0.00618	0.00795	0.01090	0.01245	0.01605	0.03162	0.05969	0.11365	0.09633	0.00979	0.00281	0.00495	0.57427	0.00500	0.00495
3	0.01503	0.01099	0.01314	0.06287	0.06988	0.01171	0.00923	0.18595	0.21574	0.10961	0.09976	0.02529	0.12947	0.00842	0.00591	0.00180	0.00483	0.00702	0.00539	0.00797
4	0.00918	0.00651	0.00757	0.00745	0.00831	0.00650	0.00499	0.09169	0.01207	0.01613	0.10034	0.24938	0.07601	0.35980	0.01633	0.00353	0.00447	0.01047	0.00457	0.00471
5	0.01007	0.00931	0.00882	0.00852	0.01005	0.13093	0.00629	0.01277	0.04953	0.01921	0.42704	0.16963	0.09282	0.01167	0.00644	0.00182	0.00407	0.01008	0.00540	0.00550
6	0.03239	0.01868	0.26210	0.17349	0.16788	0.05337	0.11072	0.06288	0.01328	0.03683	0.01072	0.01344	0.00803	0.00541	0.00558	0.00177	0.00778	0.00485	0.00291	0.00789
7	0.01519	0.46883	0.15134	0.01183	0.01664	0.06010	0.01195	0.09938	0.01317	0.01657	0.00885	0.01039	0.00749	0.00565	0.00562	0.00149	0.08151	0.00365	0.00280	0.00753
8	0.01173	0.01058	0.08272	0.00931	0.01241	0.00883	0.00803	0.17051	0.01653	0.04168	0.28192	0.10123	0.11706	0.00993	0.00607	0.00172	0.00425	0.00843	0.00523	0.09183
9	0.01581	0.09515	0.01546	0.01256	0.05195	0.08741	0.00956	0.10700	0.41645	0.05762	0.05785	0.01858	0.01571	0.00712	0.00547	0.00174	0.00538	0.00571	0.00504	0.00842
10	0.01165	0.01012	0.08219	0.00901	0.01176	0.00872	0.00791	0.09555	0.01447	0.09639	0.11868	0.03407	0.32069	0.01054	0.00735	0.00185	0.08509	0.00839	0.05921	0.00637

[dist]
# distance from previous block
# <min> <max>
0	29

[block]
# block no. 5 follows, 42 sequences, length 36
# corresponding to MSA columns:
# 299-308,319-328,330-345
name=unknown_F
#
# <colnr> <probs for GDERKNQSTAVLIFYWHMCP>
#	G	D	E	R	K	N	Q	S	T	A	V	L	I	F	Y	W	H	M	C	P
0	0.56282	0.01163	0.01075	0.06491	0.01433	0.01331	0.00779	0.13389	0.06436	0.05495	0.01049	0.01147	0.00782	0.00573	0.00422	0.00175	0.00490	0.00384	0.00404	0.00699
1	0.07001	0.07497	0.43233	0.01773	0.12590	0.06417	0.06953	0.01752	0.01215	0.01772	0.01069	0.04296	0.00861	0.00573	0.00528	0.00173	0.00767	0.00474	0.00269	0.00786
2	0.55611	0.04543	0.00959	0.00796	0.01105	0.01184	0.00643	0.08249	0.01161	0.02346	0.01489	0.12399	0.06108	0.00770	0.00442	0.00180	0.00434	0.00565	0.00399	0.00616
3	0.01158	0.05582	0.58582	0.01444	0.02112	0.06537	0.01740	0.01675	0.01182	0.01666	0.01193	0.06994	0.01019	0.05898	0.00693	0.00202	0.00780	0.00520	0.00269	0.00756
4	0.05116	0.01357	0.01594	0.06542	0.09327	0.01463	0.01079	0.46757	0.02134	0.10869	0.01682	0.01701	0.06407	0.00701	0.00562	0.00172	0.00587	0.00553	0.00516	0.00880
5	0.00763	0.00598	0.00750	0.06293	0.01030	0.00559	0.00569	0.00983	0.01418	0.01890	0.41783	0.09434	0.29385	0.01243	0.00661	0.00186	0.00311	0.01078	0.00553	0.00514
6	0.01478	0.01272	0.08362	0.01062	0.01556	0.01019	0.03143	0.08898	0.11843	0.12257	0.01385	0.01430	0.01035	0.00541	0.00491	0.00131	0.00503	0.00442	0.00428	0.42724
7	0.01167	0.01000	0.01167	0.00834	0.01334	0.00750	0.00667	0.01417	0.01167	0.01834	0.01000	0.01167	0.00834	0.00417	0.00417	0.00083	0.00417	0.00333	0.00333	0.83663
8	0.05805	0.17420	0.01840	0.01291	0.01642	0.44313	0.03431	0.10886	0.01577	0.01732	0.00961	0.01096	0.00784	0.00570	0.00478	0.00145	0.00823	0.00383	0.04125	0.00699
9	0.01414	0.01251	0.01395	0.01211	0.01524	0.04766	0.05979	0.07403	0.54113	0.02234	0.02074	0.02240	0.01646	0.06481	0.00748	0.00215	0.00527	0.03435	0.00521	0.00821
10	0.01561	0.05318	0.07372	0.09398	0.18432	0.01395	0.16116	0.15789	0.03098	0.08559	0.01226	0.01427	0.00917	0.00560	0.00578	0.00170	0.01657	0.00518	0.00372	0.05539
11	0.00800	0.00549	0.00608	0.00608	0.00632	0.00537	0.00352	0.00817	0.00875	0.01144	0.02255	0.03896	0.11185	0.70548	0.02594	0.00502	0.00514	0.00864	0.00363	0.00357
12	0.01221	0.04839	0.01428	0.01310	0.08927	0.01203	0.03814	0.06874	0.23409	0.02093	0.19348	0.02608	0.09528	0.00887	0.00743	0.00187	0.09650	0.00724	0.00483	0.00726
13	0.01336	0.01297	0.02238	0.03070	0.60814	0.01322	0.07740	0.01653	0.01244	0.01778	0.01158	0.05832	0.01037	0.00605	0.00668	0.00178	0.06326	0.00577	0.00291	0.00836
14	0.01348	0.01107	0.01231	0.06464	0.01545	0.01262	0.00899	0.08177	0.50987	0.02317	0.05677	0.02381	0.01844	0.00806	0.00576	0.00188	0.00463	0.05411	0.06508	0.00809
15	0.00978	0.00489	0.00733	0.00733	0.00733	0.00489	0.00489	0.00733	0.00733	0.00978	0.00978	0.01711	0.00978	0.01955	0.02199	0.83627	0.00489	0.00489	0.00244	0.00244
16	0.01189	0.06779	0.01784	0.33701	0.11371	0.01282	0.06135	0.07538	0.01253	0.01667	0.01328	0.12448	0.01231	0.00892	0.03670	0.00216	0.05869	0.00655	0.00321	0.00671
17	0.00707	0.00556	0.00636	0.00664	0.00801	0.00491	0.00486	0.00861	0.01275	0.01618	0.16498	0.21786	0.42917	0.03762	0.00746	0.00210	0.00310	0.04664	0.00533	0.00478
18	0.01283	0.01367	0.05544	0.05689	0.10615	0.01261	0.44924	0.01735	0.04610	0.04234	0.01399	0.06905	0.01194	0.04414	0.00746	0.00207	0.00798	0.02006	0.00330	0.00738
19	0.02102	0.02682	0.01595	0.01450	0.01740	0.77963	0.01087	0.02247	0.01595	0.01377	0.00870	0.01015	0.00725	0.00580	0.00507	0.00145	0.01015	0.00362	0.00290	0.00652
20	0.03285	0.01920	0.01526	0.01420	0.06800	0.36400	0.01034	0.18819	0.10594	0.02103	0.02458	0.01417	0.02341	0.00637	0.00526	0.00156	0.00748	0.00466	0.03370	0.03978
21	0.81014	0.01107	0.00861	0.00762	0.01114	0.01281	0.00627	0.04494	0.01023	0.02565	0.00806	0.00931	0.00623	0.00528	0.00357	0.00174	0.00442	0.00313	0.00357	0.00623
22	0.01412	0.29190	0.15106	0.01197	0.01647	0.05799	0.06183	0.01867	0.10669	0.07635	0.03636	0.10553	0.01394	0.00718	0.00514	0.00164	0.00617	0.00586	0.00368	0.00743
23	0.01205	0.06578	0.54784	0.01450	0.04344	0.01211	0.01696	0.01732	0.01262	0.07216	0.08538	0.01709	0.04573	0.00641	0.00546	0.00175	0.00710	0.00515	0.00321	0.00792
24	0.01720	0.01292	0.02764	0.09422	0.09268	0.04089	0.06545	0.18555	0.08699	0.17443	0.01607	0.04664	0.02489	0.00711	0.00666	0.00181	0.06270	0.00585	0.00466	0.02565
25	0.00978	0.00489	0.00733	0.00733	0.00733	0.00489	0.00489	0.00733	0.00733	0.00978	0.00978	0.01711	0.00978	0.01955	0.02199	0.83627	0.00489	0.00489	0.00244	0.00244
26	0.01167	0.01000	0.01167	0.00834	0.01334	0.00750	0.00667	0.01417	0.01167	0.01834	0.01000	0.01167	0.00834	0.00417	0.00417	0.00083	0.00417	0.00333	0.00333	0.83663
27	0.03066	0.09648	0.03573	0.01036	0.01442	0.01093	0.03742	0.05897	0.04652	0.16745	0.01488	0.09096	0.01251	0.00685	0.00586	0.00148	0.05375	0.00549	0.00428	0.29501
28	0.72134	0.03392	0.00974	0.00817	0.01170	0.06604	0.00671	0.03946	0.01071	0.03917	0.00835	0.00954	0.00647	0.00533	0.00370	0.00170	0.00486	0.00320	0.00355	0.00633
29	0.01074	0.00645	0.00711	0.00679	0.00839	0.00656	0.00513	0.03845	0.08841	0.03732	0.17452	0.07889	0.02414	0.00847	0.00499	0.00156	0.00302	0.00713	0.47612	0.00582
30	0.01201	0.00879	0.01060	0.03423	0.06383	0.02536	0.00777	0.11659	0.08852	0.02019	0.01639	0.03406	0.01361	0.01762	0.24112	0.00384	0.00770	0.00572	0.26559	0.00645
31	0.00779	0.00521	0.00686	0.00780	0.00845	0.00480	0.00533	0.00894	0.01141	0.05097	0.07325	0.68518	0.06963	0.01662	0.00706	0.00221	0.00328	0.01499	0.00536	0.00486
32	0.01318	0.01244	0.02235	0.34472	0.20659	0.01329	0.20289	0.05796	0.01316	0.04238	0.01110	0.01485	0.00843	0.00536	0.00587	0.00182	0.00765	0.00545	0.00298	0.00752
33	0.00931	0.00733	0.00904	0.00854	0.00928	0.04126	0.03474	0.01044	0.00951	0.01323	0.01692	0.09220	0.01786	0.36370	0.19719	0.00512	0.06206	0.00758	0.08018	0.00455
34	0.01134	0.00914	0.04353	0.05279	0.01271	0.00873	0.00755	0.07508	0.15664	0.05534	0.26387	0.04713	0.12818	0.00956	0.00595	0.00178	0.00394	0.00811	0.09202	0.00662
35	0.37188	0.08609	0.01597	0.01272	0.06703	0.03662	0.08955	0.11463	0.04621	0.05357	0.01063	0.01210	0.00822	0.00664	0.02617	0.00191	0.02483	0.00424	0.00374	0.00727

[dist]
# distance from previous block
# <min> <max>
1	14

[block]
# block no. 6 follows, 42 sequences, length 59
# corresponding to MSA columns:
# 360-398,400,401,403-420
name=unknown_G
#
# <colnr> <probs for GDERKNQSTAVLIFYWHMCP>
#	G	D	E	R	K	N	Q	S	T	A	V	L	I	F	Y	W	H	M	C	P
0	0.06649	0.10569	0.06324	0.03008	0.01512	0.01177	0.06112	0.10831	0.05064	0.11049	0.19061	0.05579	0.02104	0.00776	0.00584	0.00169	0.02406	0.00646	0.00469	0.05910
1	0.01475	0.25321	0.17709	0.01362	0.06426	0.13619	0.01230	0.06495	0.07880	0.01725	0.01191	0.05543	0.01023	0.00640	0.00537	0.00159	0.03411	0.00475	0.03030	0.00750
2	0.01183	0.01126	0.04403	0.33227	0.21557	0.01170	0.06363	0.01575	0.04384	0.03204	0.01423	0.02195	0.02086	0.00738	0.00650	0.02877	0.00682	0.10138	0.00321	0.00699
3	0.00855	0.00610	0.00794	0.00808	0.03187	0.00580	0.00592	0.01093	0.01405	0.03554	0.42503	0.04025	0.15784	0.01522	0.09803	0.00267	0.00448	0.05515	0.06118	0.00537
4	0.01084	0.00837	0.01030	0.03608	0.01249	0.00793	0.00737	0.10606	0.01368	0.01907	0.08404	0.14402	0.03818	0.06239	0.05006	0.00237	0.00512	0.14018	0.00449	0.23695
5	0.00785	0.00579	0.00736	0.00709	0.00850	0.00530	0.00540	0.01032	0.01530	0.02115	0.61653	0.04513	0.15356	0.01215	0.00671	0.00184	0.00284	0.05596	0.00599	0.00522
6	0.04003	0.11274	0.09443	0.13079	0.02949	0.03089	0.07711	0.03869	0.01264	0.06729	0.03070	0.02714	0.00995	0.00542	0.00494	0.00142	0.00605	0.00456	0.00335	0.27239
7	0.01790	0.01344	0.03882	0.08139	0.01775	0.06344	0.00989	0.25500	0.01760	0.16861	0.01390	0.01520	0.01022	0.00611	0.00525	0.00150	0.00581	0.02250	0.00469	0.23099
8	0.00722	0.00544	0.00695	0.00760	0.00835	0.00518	0.00534	0.00858	0.01197	0.01598	0.16906	0.51527	0.15334	0.01570	0.00739	0.00214	0.03050	0.01390	0.00531	0.00479
9	0.16537	0.16152	0.12533	0.03651	0.05930	0.02975	0.06352	0.08293	0.02603	0.07306	0.01312	0.05705	0.02623	0.03020	0.00565	0.00177	0.00608	0.00513	0.00361	0.02787
10	0.01270	0.00997	0.01177	0.00846	0.01341	0.00756	0.00679	0.01517	0.01200	0.07520	0.01092	0.01224	0.00876	0.00438	0.00428	0.00090	0.00421	0.00351	0.00361	0.77414
11	0.23423	0.01596	0.06793	0.01490	0.05806	0.15901	0.15153	0.04096	0.01218	0.01864	0.00992	0.01350	0.00837	0.05741	0.02666	0.00220	0.09405	0.00470	0.00308	0.00669
12	0.03419	0.20232	0.34993	0.01339	0.01926	0.02661	0.06864	0.03054	0.01247	0.07784	0.01188	0.01454	0.00927	0.00587	0.00520	0.00165	0.01808	0.03152	0.05909	0.00769
13	0.01152	0.03609	0.05918	0.00908	0.01182	0.03259	0.00763	0.06279	0.16347	0.05450	0.22327	0.03331	0.18254	0.02270	0.00640	0.00186	0.00421	0.03180	0.03862	0.00663
14	0.06925	0.01008	0.01145	0.00993	0.01294	0.01079	0.00783	0.06725	0.31808	0.17676	0.14294	0.02372	0.03404	0.02201	0.05535	0.00233	0.00499	0.00665	0.00569	0.00791
15	0.01359	0.40255	0.08105	0.01167	0.06214	0.03702	0.01019	0.04972	0.07084	0.01674	0.06266	0.01749	0.08245	0.00673	0.00514	0.00151	0.03130	0.00501	0.02501	0.00720
16	0.00741	0.00562	0.00683	0.00676	0.00813	0.00504	0.00498	0.00947	0.01429	0.01922	0.44957	0.14645	0.26940	0.01316	0.00671	0.00188	0.00280	0.01147	0.00577	0.00504
17	0.07169	0.01416	0.01504	0.01198	0.01602	0.01573	0.00976	0.51529	0.16361	0.04884	0.04902	0.01607	0.01286	0.00704	0.00556	0.00174	0.00555	0.00543	0.00557	0.00903
18	0.00749	0.00567	0.00693	0.00690	0.00828	0.00511	0.00516	0.00957	0.01425	0.01912	0.43157	0.13615	0.26436	0.01324	0.00676	0.00191	0.00290	0.04384	0.00574	0.00505
19	0.01298	0.18085	0.23533	0.04092	0.04502	0.06750	0.16935	0.01770	0.05987	0.01685	0.03825	0.06661	0.01179	0.00633	0.00546	0.00171	0.00736	0.00561	0.00307	0.00745
20	0.00886	0.00666	0.00989	0.01040	0.01169	0.00654	0.05461	0.01108	0.01218	0.01597	0.02786	0.19227	0.03077	0.08032	0.00932	0.00273	0.00513	0.49375	0.00490	0.00508
21	0.00989	0.00819	0.00991	0.09619	0.03195	0.02432	0.00768	0.01451	0.13819	0.01881	0.19864	0.05214	0.18751	0.01037	0.00669	0.00188	0.03995	0.05427	0.08291	0.00602
22	0.02118	0.01511	0.01637	0.01266	0.01706	0.01661	0.01042	0.65411	0.07225	0.08421	0.01469	0.01437	0.01035	0.00683	0.00564	0.00171	0.00599	0.00519	0.00573	0.00953
23	0.01167	0.01000	0.01167	0.00834	0.01334	0.00750	0.00667	0.01417	0.01167	0.01834	0.01000	0.01167	0.00834	0.00417	0.00417	0.00083	0.00417	0.00333	0.00333	0.83663
24	0.03926	0.03374	0.12371	0.01210	0.01671	0.03865	0.05617	0.21414	0.02664	0.18085	0.07945	0.01904	0.03836	0.00700	0.00559	0.00168	0.00588	0.02215	0.00488	0.07402
25	0.01454	0.01651	0.11072	0.07344	0.07837	0.11244	0.20057	0.04259	0.17011	0.05050	0.02850	0.03208	0.01166	0.00632	0.00616	0.00182	0.02633	0.00579	0.00373	0.00782
26	0.01434	0.00954	0.01134	0.00884	0.01269	0.00841	0.00706	0.09287	0.04910	0.15708	0.15247	0.02105	0.04665	0.00689	0.00520	0.00136	0.00413	0.00570	0.02983	0.35545
27	0.81089	0.04076	0.00907	0.00748	0.01102	0.01299	0.00623	0.01655	0.00965	0.02480	0.00784	0.00914	0.00614	0.00521	0.00349	0.00172	0.00442	0.00305	0.00344	0.00614
28	0.01025	0.00926	0.01215	0.01076	0.01311	0.05686	0.10374	0.01394	0.08408	0.01786	0.15960	0.10364	0.12465	0.03557	0.02635	0.00223	0.00525	0.14748	0.00475	0.05845
29	0.00808	0.00588	0.00830	0.00830	0.00904	0.00663	0.00610	0.00957	0.00882	0.01251	0.01576	0.02589	0.01571	0.23749	0.58688	0.00812	0.01260	0.00658	0.00312	0.00461
30	0.01223	0.01733	0.20773	0.02113	0.10599	0.01306	0.39948	0.01686	0.01259	0.01754	0.01392	0.01691	0.05631	0.00705	0.03556	0.00213	0.02756	0.00613	0.00287	0.00760
31	0.35361	0.01335	0.01290	0.01052	0.01445	0.01508	0.00862	0.36624	0.10609	0.02991	0.01232	0.01262	0.00906	0.00624	0.00477	0.00174	0.00524	0.00440	0.00477	0.00808
32	0.01267	0.01451	0.08218	0.09696	0.16028	0.04148	0.32038	0.01753	0.06064	0.01846	0.10374	0.01815	0.01435	0.00598	0.00613	0.00181	0.00756	0.00629	0.00336	0.00752
33	0.00967	0.00492	0.00726	0.00726	0.00726	0.00492	0.00479	0.00739	0.00739	0.00985	0.01028	0.01836	0.01046	0.06937	0.02242	0.78338	0.00492	0.00510	0.00251	0.00251
34	0.01137	0.01005	0.01644	0.59781	0.03290	0.01196	0.06040	0.05487	0.01229	0.01661	0.01134	0.01569	0.00856	0.00575	0.00548	0.00179	0.00694	0.00514	0.10822	0.00639
35	0.00833	0.00600	0.00818	0.00941	0.01047	0.00586	0.00775	0.01041	0.01235	0.01607	0.03163	0.26517	0.07405	0.01605	0.00755	0.00247	0.00453	0.49354	0.00520	0.00499
36	0.01316	0.00864	0.00928	0.00822	0.01039	0.02919	0.00638	0.15200	0.06475	0.06362	0.05386	0.02270	0.04946	0.05625	0.09801	0.00265	0.00538	0.00605	0.33360	0.00643
37	0.01458	0.01180	0.01252	0.01122	0.01433	0.02448	0.00872	0.04978	0.62965	0.07051	0.02288	0.06999	0.01787	0.00818	0.00580	0.00191	0.00454	0.00685	0.00573	0.00866
38	0.01661	0.01110	0.03828	0.05882	0.01630	0.00980	0.03451	0.13605	0.01552	0.23627	0.01854	0.02061	0.06249	0.00694	0.00544	0.00155	0.00518	0.05130	0.00489	0.24980
39	0.04297	0.01457	0.04197	0.01367	0.04110	0.07867	0.05978	0.14312	0.35233	0.07511	0.01704	0.01686	0.01270	0.00699	0.00643	0.00184	0.05591	0.00557	0.00487	0.00849
40	0.79538	0.01113	0.00848	0.00767	0.01107	0.03092	0.00631	0.01653	0.00984	0.02470	0.00856	0.01091	0.00697	0.00557	0.00366	0.00176	0.00452	0.02643	0.00352	0.00608
41	0.01542	0.01046	0.01274	0.01094	0.01396	0.01090	0.04092	0.18457	0.19365	0.15303	0.02410	0.19060	0.06071	0.01008	0.00619	0.00194	0.00482	0.04158	0.00563	0.00778
42	0.00962	0.00752	0.01051	0.00954	0.01111	0.00795	0.05319	0.05208	0.05799	0.01521	0.01701	0.09403	0.01688	0.20274	0.35609	0.00585	0.00970	0.00727	0.00363	0.05208
43	0.00832	0.00552	0.00645	0.00645	0.00667	0.00564	0.00391	0.00875	0.00854	0.01187	0.01743	0.03387	0.01923	0.65129	0.12325	0.00564	0.00650	0.00771	0.05922	0.00374
44	0.84197	0.01088	0.00827	0.00740	0.01088	0.01262	0.00609	0.01654	0.00958	0.02525	0.00784	0.00914	0.00609	0.00522	0.00348	0.00174	0.00435	0.00305	0.00348	0.00609
45	0.01309	0.43965	0.27728	0.01153	0.01731	0.01709	0.01291	0.01659	0.01190	0.01574	0.05962	0.01238	0.01035	0.00540	0.00443	0.00141	0.00645	0.00390	0.00271	0.06026
46	0.00975	0.00971	0.05738	0.00837	0.01109	0.04963	0.00693	0.01383	0.10441	0.01930	0.28886	0.03522	0.23580	0.01014	0.00604	0.00168	0.00390	0.00855	0.00507	0.11434
47	0.00697	0.00575	0.00618	0.00644	0.00815	0.00496	0.00495	0.00851	0.01271	0.01535	0.05181	0.10543	0.62295	0.01464	0.00683	0.00201	0.00317	0.10316	0.00522	0.00479
48	0.01002	0.00626	0.00915	0.00956	0.05677	0.00624	0.02568	0.00977	0.05598	0.01208	0.01648	0.02163	0.10254	0.01683	0.01763	0.60592	0.00485	0.00589	0.00302	0.00368
49	0.01123	0.00775	0.00953	0.00854	0.01052	0.00769	0.00666	0.14562	0.01734	0.05989	0.50000	0.08522	0.04101	0.01106	0.00651	0.00184	0.00360	0.05376	0.00600	0.00624
50	0.00903	0.00798	0.00816	0.05025	0.01086	0.05532	0.00606	0.05960	0.01401	0.01724	0.13626	0.04289	0.48547	0.01417	0.05564	0.00229	0.00455	0.00993	0.00494	0.00536
51	0.00723	0.00546	0.00670	0.00710	0.00823	0.00493	0.00515	0.00891	0.01302	0.01718	0.25850	0.32245	0.25280	0.01472	0.00689	0.00203	0.00305	0.04525	0.00551	0.00487
52	0.01613	0.11690	0.08375	0.01397	0.01842	0.08764	0.11915	0.20036	0.22379	0.02292	0.03157	0.01547	0.01181	0.00636	0.00550	0.00171	0.00664	0.00530	0.00432	0.00831
53	0.00796	0.00575	0.00752	0.00708	0.00841	0.00531	0.00531	0.01062	0.01593	0.02257	0.76415	0.04204	0.05310	0.01150	0.00664	0.00177	0.00265	0.01018	0.00619	0.00531
54	0.01453	0.05532	0.35407	0.01331	0.04078	0.01222	0.01400	0.10567	0.06199	0.12692	0.08077	0.01688	0.01364	0.00648	0.00540	0.00171	0.00630	0.00520	0.05661	0.00819
55	0.01264	0.11328	0.28905	0.01254	0.01724	0.08756	0.04037	0.01636	0.01318	0.05887	0.16476	0.02067	0.06507	0.00748	0.00635	0.00173	0.05621	0.00589	0.00366	0.00708
56	0.40452	0.14503	0.06260	0.01018	0.01431	0.10523	0.00902	0.15384	0.01392	0.02337	0.00914	0.01023	0.00713	0.00552	0.00421	0.00161	0.00590	0.00356	0.00357	0.00712
57	0.67417	0.01096	0.00874	0.00772	0.01118	0.03182	0.00627	0.01660	0.04383	0.02377	0.01181	0.01274	0.05507	0.00585	0.00387	0.00169	0.00440	0.00379	0.00367	0.06204
58	0.01250	0.01116	0.03087	0.01054	0.01295	0.05949	0.00820	0.10146	0.31775	0.02075	0.03492	0.27125	0.04085	0.01102	0.00623	0.00199	0.00469	0.03095	0.00527	0.00716

[dist]
# distance from previous block
# <min> <max>
0	3

[block]
# block no. 7 follows, 42 sequences, length 17
# corresponding to MSA columns:
# 424-440
name=unknown_H
#
# <colnr> <probs for GDERKNQSTAVLIFYWHMCP>
#	G	D	E	R	K	N	Q	S	T	A	V	L	I	F	Y	W	H	M	C	P
0	0.24174	0.06647	0.01332	0.01023	0.01387	0.14894	0.00827	0.09063	0.01465	0.26444	0.01471	0.06484	0.01129	0.00683	0.00493	0.00168	0.00575	0.00504	0.00476	0.00761
1	0.00720	0.00533	0.00673	0.00721	0.00815	0.00485	0.00509	0.00883	0.01289	0.01732	0.28636	0.41318	0.16624	0.01496	0.00691	0.00204	0.00299	0.01331	0.00556	0.00485
2	0.10676	0.01170	0.01221	0.01078	0.01415	0.01320	0.00846	0.02763	0.59456	0.07404	0.02068	0.01919	0.01538	0.00719	0.00541	0.00184	0.00445	0.00583	0.00547	0.04106
3	0.01268	0.01385	0.02877	0.02223	0.07615	0.01357	0.56687	0.01679	0.01247	0.01720	0.01148	0.01568	0.00910	0.00926	0.09336	0.00271	0.06132	0.00635	0.00284	0.00730
4	0.01352	0.10298	0.03210	0.02287	0.07702	0.01507	0.61597	0.01785	0.01305	0.01752	0.01094	0.01441	0.00842	0.00477	0.00623	0.00181	0.00891	0.00613	0.00279	0.00764
5	0.00774	0.00552	0.00743	0.00848	0.00921	0.00530	0.00637	0.00938	0.01192	0.01591	0.11157	0.44595	0.03669	0.05190	0.00828	0.00247	0.00391	0.24193	0.00524	0.00479
6	0.01840	0.03682	0.01581	0.01216	0.01600	0.01493	0.03705	0.52616	0.05124	0.05167	0.01642	0.12055	0.01379	0.00813	0.00577	0.00176	0.00569	0.00662	0.03245	0.00858
7	0.01650	0.06725	0.03846	0.04791	0.06914	0.01520	0.13246	0.24129	0.01628	0.09355	0.01218	0.01428	0.00930	0.00804	0.03779	0.00212	0.15054	0.00523	0.01446	0.00802
8	0.00742	0.00522	0.00654	0.00728	0.00766	0.00498	0.00478	0.00828	0.01046	0.01395	0.07500	0.45459	0.06084	0.26164	0.01384	0.00324	0.00397	0.04130	0.00472	0.00429
9	0.19376	0.01582	0.09035	0.01353	0.02746	0.11088	0.08846	0.11132	0.01405	0.13867	0.01148	0.01287	0.00851	0.00646	0.00722	0.00183	0.13129	0.00460	0.00388	0.00756
10	0.01526	0.07243	0.13254	0.01325	0.01773	0.09879	0.08099	0.02417	0.33381	0.08702	0.01650	0.01637	0.01228	0.00637	0.00545	0.00172	0.00628	0.00530	0.00438	0.04935
11	0.13836	0.13003	0.11690	0.04089	0.01531	0.01292	0.02679	0.12415	0.01321	0.01961	0.01576	0.21086	0.01591	0.00922	0.00630	0.00188	0.05715	0.03416	0.00388	0.00671
12	0.22166	0.11281	0.09774	0.00989	0.01345	0.01209	0.03594	0.05026	0.07451	0.09793	0.01415	0.04872	0.01245	0.16485	0.00950	0.00246	0.00551	0.00548	0.00391	0.00671
13	0.01800	0.06884	0.01738	0.01323	0.01699	0.15427	0.08656	0.26277	0.06723	0.09359	0.04632	0.02052	0.01413	0.00749	0.00579	0.00176	0.00674	0.08573	0.00473	0.00794
14	0.10130	0.01275	0.04393	0.01091	0.01429	0.08808	0.03283	0.10006	0.13497	0.05554	0.09582	0.02408	0.04711	0.00805	0.00589	0.00175	0.02343	0.08610	0.00462	0.10849
15	0.01351	0.04302	0.09785	0.01316	0.01746	0.01204	0.13718	0.06422	0.14648	0.06906	0.03852	0.01983	0.05313	0.00699	0.00648	0.00170	0.05836	0.03558	0.00413	0.16131
16	0.03316	0.01153	0.01311	0.09919	0.04451	0.06264	0.02392	0.07757	0.15552	0.01980	0.01691	0.05287	0.05706	0.00694	0.00561	0.00156	0.02947	0.00565	0.05854	0.22443

[dist]
# distance from previous block
# <min> <max>
1	27

[block]
# block no. 8 follows, 42 sequences, length 9
# corresponding to MSA columns:
# 476-484
name=unknown_I
#
# <colnr> <probs for GDERKNQSTAVLIFYWHMCP>
#	G	D	E	R	K	N	Q	S	T	A	V	L	I	F	Y	W	H	M	C	P
0	0.01268	0.01068	0.01246	0.00930	0.01366	0.00940	0.00750	0.10680	0.01336	0.01995	0.01279	0.01426	0.04955	0.00550	0.00564	0.00113	0.06784	0.00415	0.00366	0.61969
1	0.00981	0.00689	0.00902	0.00803	0.00908	0.00679	0.06165	0.01145	0.05788	0.05635	0.02100	0.03451	0.07894	0.57981	0.02236	0.00445	0.00545	0.00810	0.00387	0.00455
2	0.17051	0.05458	0.01428	0.01073	0.01456	0.04160	0.06508	0.08747	0.09385	0.26828	0.06149	0.01926	0.06016	0.00707	0.00532	0.00174	0.00520	0.00570	0.00519	0.00792
3	0.01564	0.01295	0.01398	0.06868	0.01642	0.07210	0.00949	0.26636	0.10400	0.04391	0.08197	0.01844	0.04205	0.00861	0.03618	0.00194	0.05466	0.00561	0.00465	0.12236
4	0.06315	0.03758	0.01476	0.01143	0.01503	0.10205	0.08912	0.10402	0.04343	0.12644	0.03531	0.10295	0.01448	0.05555	0.00683	0.00183	0.00581	0.00624	0.00438	0.15962
5	0.06251	0.01392	0.05472	0.04465	0.01610	0.14651	0.07218	0.10693	0.03611	0.05476	0.01809	0.14431	0.05765	0.00840	0.00564	0.00172	0.00610	0.02571	0.03497	0.08903
6	0.08119	0.01214	0.07289	0.06937	0.16250	0.01119	0.01102	0.09898	0.08479	0.11779	0.08392	0.08890	0.01654	0.00749	0.00558	0.00175	0.00534	0.00638	0.00449	0.05776
7	0.08158	0.01556	0.06152	0.01337	0.05913	0.14052	0.03272	0.13424	0.18775	0.02137	0.01405	0.03781	0.01147	0.03781	0.00674	0.00182	0.03956	0.00521	0.00410	0.09366
8	0.01481	0.02622	0.01529	0.07550	0.04064	0.11542	0.06663	0.11093	0.06018	0.07607	0.01515	0.11221	0.01354	0.03862	0.00807	0.00194	0.10128	0.00645	0.05080	0.05026

[dist]
# distance from previous block
# <min> <max>
2	177

# created by:
# /home/cegg/simao/soft/augustus-3.2.1/scripts/msa2prfl.pl ./align_prep/EOG091G0K92.fa
