[name]
unknown

[dist]
# distance from previous block
# <min> <max>
28	366

[block]
# block no. 0 follows, 49 sequences, length 10
# corresponding to MSA columns:
# 644-653
name=unknown_A
#
# <colnr> <probs for GDERKNQSTAVLIFYWHMCP>
#	G	D	E	R	K	N	Q	S	T	A	V	L	I	F	Y	W	H	M	C	P
0	0.37523	0.18418	0.01367	0.00871	0.01220	0.08546	0.00738	0.11223	0.06563	0.07930	0.00968	0.01019	0.00741	0.00511	0.00382	0.00144	0.00495	0.00339	0.00350	0.00653
1	0.19260	0.19556	0.05218	0.00911	0.01292	0.09400	0.00802	0.14509	0.01299	0.01923	0.06278	0.01152	0.00968	0.00514	0.00402	0.00128	0.00510	0.00363	0.00329	0.15185
2	0.01500	0.06697	0.01282	0.00985	0.01276	0.09641	0.00783	0.26120	0.17353	0.07935	0.11789	0.01864	0.01605	0.08089	0.00691	0.00183	0.00503	0.00544	0.00459	0.00703
3	0.15727	0.10246	0.15546	0.01038	0.01417	0.12872	0.00971	0.14239	0.05066	0.03813	0.05405	0.03674	0.01076	0.00802	0.05844	0.00194	0.00631	0.00438	0.00342	0.00658
4	0.01569	0.10770	0.01426	0.01055	0.01377	0.15667	0.00848	0.21038	0.23573	0.07268	0.01468	0.06793	0.01185	0.00654	0.00484	0.00150	0.00543	0.00509	0.00430	0.03192
5	0.12490	0.00943	0.01065	0.00850	0.01181	0.04623	0.04894	0.04692	0.05825	0.07266	0.15486	0.01888	0.06822	0.00624	0.00461	0.00130	0.00410	0.00515	0.00400	0.29434
6	0.01355	0.01045	0.01175	0.00905	0.01307	0.00990	0.00727	0.17664	0.17616	0.07081	0.01280	0.01303	0.00972	0.00505	0.00440	0.00117	0.00422	0.00403	0.00409	0.44282
7	0.27935	0.00849	0.00964	0.00847	0.01102	0.00887	0.04881	0.07375	0.06511	0.13412	0.01880	0.23449	0.06207	0.00869	0.00495	0.00172	0.00401	0.00726	0.00437	0.00599
8	0.00631	0.00450	0.00579	0.00676	0.00707	0.00422	0.00444	0.00709	0.00944	0.01252	0.02721	0.68287	0.06170	0.12371	0.00902	0.00242	0.00318	0.01329	0.00448	0.00397
9	0.01428	0.71671	0.02498	0.00905	0.01334	0.01943	0.00878	0.11674	0.01208	0.01457	0.00771	0.00865	0.00677	0.00456	0.00349	0.00114	0.00543	0.00295	0.00255	0.00677

[dist]
# distance from previous block
# <min> <max>
0	2

[block]
# block no. 1 follows, 49 sequences, length 13
# corresponding to MSA columns:
# 656-668
name=unknown_B
#
# <colnr> <probs for GDERKNQSTAVLIFYWHMCP>
#	G	D	E	R	K	N	Q	S	T	A	V	L	I	F	Y	W	H	M	C	P
0	0.00825	0.00608	0.00752	0.00774	0.00890	0.00585	0.00555	0.10408	0.01159	0.01568	0.02420	0.61996	0.02790	0.01349	0.00606	0.00188	0.00340	0.03842	0.00459	0.07885
1	0.01856	0.01391	0.01445	0.01138	0.01519	0.05419	0.00929	0.59657	0.11965	0.07434	0.01346	0.01315	0.00960	0.00614	0.00505	0.00153	0.00547	0.00467	0.00502	0.00839
2	0.01160	0.37100	0.46401	0.01193	0.01804	0.01531	0.01435	0.01564	0.01050	0.01424	0.00819	0.00957	0.00644	0.00460	0.00413	0.00138	0.00658	0.00329	0.00215	0.00705
3	0.00735	0.00490	0.00552	0.00552	0.00552	0.00490	0.00306	0.00735	0.00735	0.00980	0.01593	0.03309	0.01838	0.82229	0.02574	0.00490	0.00490	0.00735	0.00306	0.00306
4	0.01049	0.00899	0.01049	0.00749	0.01198	0.00674	0.00599	0.01273	0.01049	0.01648	0.00899	0.01049	0.00749	0.00374	0.00374	0.00075	0.00374	0.00300	0.00300	0.85320
5	0.01927	0.01153	0.01329	0.01029	0.01404	0.01199	0.00846	0.45880	0.01987	0.28117	0.08480	0.01612	0.01342	0.00652	0.00515	0.00154	0.00486	0.00514	0.00550	0.00826
6	0.00616	0.00440	0.00587	0.00704	0.00733	0.00411	0.00469	0.00704	0.00968	0.01291	0.02787	0.81899	0.03344	0.01584	0.00645	0.00205	0.00293	0.01438	0.00469	0.00411
7	0.05748	0.01150	0.01183	0.01002	0.01329	0.08493	0.00795	0.06885	0.37358	0.27753	0.01803	0.01650	0.01275	0.00636	0.00497	0.00161	0.00467	0.00507	0.00518	0.00792
8	0.07278	0.26147	0.03641	0.06339	0.01575	0.41246	0.00955	0.01792	0.01237	0.04406	0.00812	0.00940	0.00669	0.00493	0.00413	0.00130	0.00727	0.00322	0.00262	0.00616
9	0.06646	0.00890	0.01359	0.57970	0.02803	0.01059	0.01190	0.01491	0.06232	0.08963	0.05650	0.01528	0.01020	0.00558	0.00499	0.00166	0.00588	0.00479	0.00308	0.00601
10	0.18420	0.03623	0.01450	0.23539	0.02031	0.14969	0.05987	0.15374	0.05026	0.03565	0.00978	0.01162	0.00738	0.00523	0.00460	0.00155	0.00627	0.00405	0.00324	0.00645
11	0.34261	0.00994	0.01295	0.25399	0.01979	0.01116	0.08427	0.04993	0.03740	0.09979	0.01043	0.01292	0.00782	0.00527	0.00444	0.00164	0.00537	0.02076	0.00332	0.00619
12	0.18917	0.06440	0.01685	0.29948	0.02303	0.03005	0.15579	0.09327	0.01169	0.01765	0.00899	0.01168	0.00686	0.00483	0.00463	0.00155	0.00619	0.00420	0.00282	0.04686

[dist]
# distance from previous block
# <min> <max>
9	47

[block]
# block no. 2 follows, 49 sequences, length 8
# corresponding to MSA columns:
# 751-753,755-759
name=unknown_C
#
# <colnr> <probs for GDERKNQSTAVLIFYWHMCP>
#	G	D	E	R	K	N	Q	S	T	A	V	L	I	F	Y	W	H	M	C	P
0	0.00849	0.00546	0.00722	0.00668	0.00801	0.00513	0.00502	0.01065	0.01340	0.08466	0.61299	0.03428	0.04009	0.06143	0.07195	0.00232	0.00361	0.00839	0.00524	0.00497
1	0.85801	0.00978	0.00743	0.00665	0.00978	0.01134	0.00548	0.01486	0.00861	0.02269	0.00704	0.00821	0.00548	0.00469	0.00313	0.00156	0.00391	0.00274	0.00313	0.00548
2	0.00779	0.00571	0.00765	0.00863	0.00988	0.00557	0.00745	0.00995	0.01162	0.01489	0.03076	0.05567	0.15305	0.01378	0.00682	0.00223	0.00431	0.63498	0.00466	0.00459
3	0.00696	0.00516	0.00649	0.00616	0.00744	0.00469	0.00462	0.00917	0.01386	0.01920	0.66784	0.03955	0.16862	0.01074	0.00597	0.00161	0.00241	0.00939	0.00542	0.00469
4	0.01457	0.01238	0.01665	0.02094	0.40498	0.05511	0.01203	0.11268	0.19378	0.08530	0.01322	0.01417	0.01012	0.00544	0.00503	0.00155	0.00551	0.00478	0.00376	0.00802
5	0.01275	0.01301	0.02127	0.02384	0.40321	0.05996	0.22577	0.01784	0.13746	0.01694	0.01142	0.01366	0.00904	0.00486	0.00527	0.00158	0.00657	0.00504	0.00296	0.00755
6	0.01074	0.00981	0.01392	0.00994	0.01455	0.00781	0.14207	0.01335	0.01074	0.01643	0.00921	0.01105	0.00752	0.00384	0.00414	0.00092	0.00459	0.00352	0.00292	0.70291
7	0.01684	0.01028	0.01147	0.00940	0.01274	0.05707	0.00751	0.08199	0.22240	0.33277	0.09577	0.01828	0.01578	0.00654	0.00504	0.00152	0.00437	0.00534	0.00529	0.07959

[dist]
# distance from previous block
# <min> <max>
2	3

[block]
# block no. 3 follows, 49 sequences, length 21
# corresponding to MSA columns:
# 763-783
name=unknown_D
#
# <colnr> <probs for GDERKNQSTAVLIFYWHMCP>
#	G	D	E	R	K	N	Q	S	T	A	V	L	I	F	Y	W	H	M	C	P
0	0.01715	0.01274	0.01723	0.01302	0.01716	0.01327	0.17013	0.40261	0.10053	0.13330	0.01362	0.01383	0.00964	0.00572	0.00522	0.00156	0.00578	0.00500	0.00463	0.03786
1	0.01461	0.01327	0.01941	0.01453	0.01875	0.04627	0.29127	0.29624	0.08669	0.02219	0.01331	0.01450	0.03989	0.00550	0.00530	0.00154	0.00639	0.00524	0.00384	0.08123
2	0.01172	0.28025	0.51936	0.01236	0.01869	0.01421	0.01504	0.01608	0.01070	0.04582	0.00886	0.01012	0.00668	0.00471	0.00432	0.00143	0.00669	0.00346	0.00231	0.00720
3	0.00735	0.00490	0.00552	0.00552	0.00552	0.00490	0.00306	0.00735	0.00735	0.00980	0.01593	0.03309	0.01838	0.82229	0.02574	0.00490	0.00490	0.00735	0.00306	0.00306
4	0.01453	0.01238	0.01582	0.01265	0.01616	0.01371	0.13503	0.26273	0.38413	0.02342	0.01566	0.01557	0.01165	0.00625	0.00568	0.00167	0.03513	0.00534	0.00458	0.00791
5	0.00701	0.00545	0.00656	0.00711	0.00856	0.00500	0.00588	0.00878	0.01158	0.01436	0.03964	0.05263	0.42874	0.01336	0.00645	0.00200	0.00355	0.36420	0.00468	0.00445
6	0.01479	0.01284	0.01764	0.01383	0.01643	0.01514	0.13168	0.34764	0.01546	0.02147	0.00963	0.01195	0.00766	0.00690	0.00983	0.00183	0.32995	0.00473	0.00352	0.00709
7	0.01866	0.01935	0.01551	0.01288	0.01622	0.42846	0.05003	0.33801	0.01819	0.02080	0.00977	0.01063	0.00746	0.00552	0.00484	0.00141	0.00759	0.00395	0.00364	0.00707
8	0.01014	0.02616	0.79609	0.01441	0.02189	0.01174	0.01868	0.01601	0.01068	0.01601	0.00907	0.01068	0.00641	0.00480	0.00480	0.00160	0.00747	0.00374	0.00214	0.00747
9	0.01352	0.82533	0.02650	0.00865	0.01298	0.02001	0.00865	0.01514	0.01027	0.01190	0.00703	0.00811	0.00649	0.00433	0.00324	0.00108	0.00541	0.00270	0.00216	0.00649
10	0.00735	0.00490	0.00552	0.00552	0.00552	0.00490	0.00306	0.00735	0.00735	0.00980	0.01593	0.03309	0.01838	0.82229	0.02574	0.00490	0.00490	0.00735	0.00306	0.00306
11	0.01049	0.00899	0.01049	0.00749	0.01198	0.00674	0.00599	0.01273	0.01049	0.01648	0.00899	0.01049	0.00749	0.00374	0.00374	0.00075	0.00374	0.00300	0.00300	0.85320
12	0.02269	0.00861	0.01174	0.00900	0.01291	0.00743	0.00743	0.02464	0.01447	0.79425	0.01995	0.01721	0.01252	0.00626	0.00509	0.00156	0.00430	0.00509	0.00626	0.00861
13	0.00616	0.00440	0.00587	0.00704	0.00733	0.00411	0.00469	0.00704	0.00968	0.01291	0.02787	0.81899	0.03344	0.01584	0.00645	0.00205	0.00293	0.01438	0.00469	0.00411
14	0.01049	0.00899	0.01049	0.00749	0.01198	0.00674	0.00599	0.01273	0.01049	0.01648	0.00899	0.01049	0.00749	0.00374	0.00374	0.00075	0.00374	0.00300	0.00300	0.85320
15	0.85801	0.00978	0.00743	0.00665	0.00978	0.01134	0.00548	0.01486	0.00861	0.02269	0.00704	0.00821	0.00548	0.00469	0.00313	0.00156	0.00391	0.00274	0.00313	0.00548
16	0.01580	0.01174	0.01280	0.01040	0.01398	0.01271	0.00836	0.31259	0.34207	0.09218	0.01606	0.01525	0.01172	0.00618	0.00496	0.00152	0.00460	0.00493	0.00498	0.09717
17	0.03333	0.01631	0.04652	0.01596	0.02012	0.19335	0.32887	0.20891	0.01533	0.03762	0.01020	0.01204	0.00764	0.00512	0.00555	0.00157	0.02643	0.00479	0.00328	0.00706
18	0.04120	0.01369	0.03479	0.01042	0.01273	0.25398	0.00833	0.11157	0.06467	0.03555	0.01365	0.01599	0.05120	0.01640	0.25948	0.00361	0.03874	0.00476	0.00331	0.00593
19	0.05384	0.01253	0.01708	0.10992	0.27449	0.09454	0.08602	0.06214	0.06962	0.09027	0.01109	0.01293	0.00851	0.00512	0.00520	0.00152	0.02544	0.00450	0.00324	0.05200
20	0.01357	0.40841	0.18154	0.01088	0.01567	0.04338	0.05096	0.08482	0.02920	0.05227	0.03233	0.01096	0.00847	0.00492	0.00415	0.00131	0.00591	0.00366	0.00284	0.03476

[dist]
# distance from previous block
# <min> <max>
7	177

[block]
# block no. 4 follows, 49 sequences, length 17
# corresponding to MSA columns:
# 974-990
name=unknown_E
#
# <colnr> <probs for GDERKNQSTAVLIFYWHMCP>
#	G	D	E	R	K	N	Q	S	T	A	V	L	I	F	Y	W	H	M	C	P
0	0.14732	0.11173	0.10547	0.02799	0.03305	0.10507	0.00892	0.10099	0.10092	0.02820	0.05998	0.04857	0.08846	0.00672	0.00465	0.00153	0.00519	0.00519	0.00364	0.00641
1	0.06684	0.06308	0.07413	0.01229	0.08241	0.11748	0.00960	0.21743	0.10153	0.07097	0.04284	0.01402	0.01071	0.02736	0.03359	0.00179	0.00593	0.00448	0.00388	0.03964
2	0.01495	0.05493	0.07948	0.01441	0.07749	0.11757	0.11580	0.23994	0.08215	0.03513	0.01203	0.01485	0.00961	0.00598	0.00555	0.00157	0.03850	0.04784	0.00366	0.02858
3	0.08644	0.07878	0.03660	0.01377	0.16082	0.19921	0.00945	0.03420	0.01228	0.05947	0.09314	0.01354	0.01169	0.00549	0.00492	0.00135	0.03440	0.00419	0.00321	0.13705
4	0.06688	0.06713	0.10659	0.01294	0.07706	0.26389	0.01035	0.15244	0.08518	0.01821	0.01103	0.05246	0.00917	0.00581	0.00466	0.00145	0.00649	0.00436	0.00334	0.04055
5	0.12427	0.07681	0.06493	0.01449	0.10065	0.20774	0.12881	0.09206	0.01312	0.07557	0.01015	0.03068	0.00805	0.00521	0.00467	0.00147	0.00664	0.00426	0.00317	0.02725
6	0.02877	0.01220	0.01554	0.01377	0.09212	0.10909	0.13264	0.13820	0.01370	0.11718	0.01312	0.09925	0.01116	0.00643	0.00565	0.00152	0.04713	0.00553	0.03126	0.10576
7	0.01328	0.01223	0.06192	0.01471	0.01888	0.01117	0.33176	0.12990	0.07199	0.09474	0.06383	0.03743	0.01324	0.00616	0.00557	0.00164	0.00626	0.04906	0.00385	0.05237
8	0.01171	0.01111	0.01884	0.16538	0.61638	0.01148	0.01468	0.01474	0.01142	0.01610	0.05188	0.01406	0.00995	0.00492	0.00507	0.00154	0.00594	0.00476	0.00263	0.00742
9	0.01144	0.01073	0.01781	0.35205	0.33733	0.01173	0.06032	0.05903	0.03355	0.01594	0.01111	0.01428	0.03218	0.00514	0.00512	0.00160	0.00628	0.00482	0.00269	0.00686
10	0.77439	0.01016	0.00965	0.00810	0.01142	0.01149	0.08127	0.01500	0.00893	0.02205	0.00736	0.00875	0.00569	0.00465	0.00341	0.00158	0.00437	0.00306	0.00307	0.00561
11	0.00619	0.00509	0.00544	0.00543	0.00698	0.00435	0.00405	0.00764	0.01191	0.01476	0.17687	0.08627	0.62243	0.01254	0.00600	0.00171	0.00255	0.01060	0.00485	0.00435
12	0.01124	0.01356	0.07431	0.01929	0.02421	0.01188	0.65028	0.01530	0.01182	0.01594	0.01421	0.01692	0.08478	0.00514	0.00590	0.00170	0.00787	0.00630	0.00274	0.00661
13	0.01073	0.00906	0.00978	0.00898	0.01137	0.01005	0.00697	0.02106	0.53581	0.01981	0.14054	0.02706	0.12261	0.00843	0.00545	0.00172	0.00359	0.03493	0.00513	0.00690
14	0.01387	0.01054	0.01197	0.01015	0.01257	0.01186	0.00805	0.38701	0.09260	0.02302	0.01592	0.17441	0.01467	0.03140	0.05570	0.00219	0.07944	0.00674	0.03103	0.00685
15	0.01251	0.01010	0.01337	0.01224	0.13408	0.02641	0.04816	0.02758	0.01146	0.09891	0.01032	0.01168	0.00811	0.00423	0.00424	0.00103	0.00456	0.00364	0.00327	0.55412
16	0.01351	0.65503	0.12657	0.00977	0.01436	0.08270	0.01006	0.01567	0.01066	0.01248	0.00736	0.00853	0.00648	0.00446	0.00356	0.00117	0.00598	0.00288	0.00220	0.00657

[dist]
# distance from previous block
# <min> <max>
0	11

[block]
# block no. 5 follows, 49 sequences, length 73
# corresponding to MSA columns:
# 1002-1074
name=unknown_F
#
# <colnr> <probs for GDERKNQSTAVLIFYWHMCP>
#	G	D	E	R	K	N	Q	S	T	A	V	L	I	F	Y	W	H	M	C	P
0	0.83178	0.00992	0.00767	0.00681	0.00996	0.01148	0.00561	0.03859	0.00908	0.02297	0.00720	0.00834	0.00557	0.00474	0.00319	0.00156	0.00396	0.00279	0.00319	0.00557
1	0.01126	0.01053	0.01702	0.29295	0.40671	0.01149	0.01372	0.01564	0.10024	0.01571	0.01145	0.03321	0.00952	0.00545	0.00512	0.00162	0.00592	0.02259	0.00282	0.00703
2	0.00712	0.00517	0.00671	0.00633	0.00753	0.00476	0.00475	0.00948	0.01424	0.02010	0.76810	0.03807	0.06780	0.01040	0.00596	0.00159	0.00239	0.00919	0.00554	0.00476
3	0.01246	0.01045	0.01130	0.02477	0.01325	0.01195	0.00802	0.08721	0.61977	0.02109	0.02041	0.07600	0.01650	0.00767	0.00530	0.00175	0.00413	0.03533	0.00503	0.00761
4	0.01846	0.02339	0.01439	0.01304	0.01550	0.75901	0.00984	0.01975	0.01397	0.01236	0.00775	0.00923	0.00652	0.00541	0.00522	0.00135	0.05305	0.00332	0.00258	0.00584
5	0.00601	0.00507	0.00520	0.00528	0.00688	0.00427	0.00392	0.00728	0.01144	0.01372	0.06230	0.10270	0.72275	0.01298	0.00601	0.00173	0.00258	0.01091	0.00471	0.00427
6	0.01049	0.00899	0.01049	0.00749	0.01198	0.00674	0.00599	0.01273	0.01049	0.01648	0.00899	0.01049	0.00749	0.00374	0.00374	0.00075	0.00374	0.00300	0.00300	0.85320
7	0.06548	0.01263	0.05060	0.01207	0.01616	0.08841	0.16128	0.07950	0.07732	0.25190	0.02389	0.01407	0.01006	0.00538	0.00494	0.00148	0.00573	0.00469	0.00420	0.11022
8	0.40064	0.03605	0.01155	0.00919	0.01265	0.04726	0.00754	0.29517	0.09535	0.02514	0.01036	0.01081	0.00774	0.00544	0.00411	0.00154	0.00480	0.00374	0.00400	0.00693
9	0.00815	0.00582	0.00815	0.00931	0.01048	0.00582	0.00815	0.01048	0.01164	0.01513	0.02677	0.05704	0.02910	0.01397	0.00698	0.00233	0.00466	0.75671	0.00466	0.00466
10	0.00692	0.00513	0.00645	0.00618	0.00742	0.00466	0.00461	0.00906	0.01366	0.01887	0.63350	0.06992	0.17295	0.01097	0.00599	0.00163	0.00244	0.00961	0.00538	0.00466
11	0.01376	0.01339	0.01473	0.05818	0.13531	0.17165	0.06354	0.02074	0.30661	0.05055	0.01468	0.01664	0.01164	0.00606	0.00508	0.00158	0.00585	0.04104	0.00381	0.04516
12	0.01469	0.65011	0.02384	0.00961	0.01356	0.19102	0.00890	0.01625	0.01116	0.01200	0.00720	0.00833	0.00649	0.00452	0.00353	0.00113	0.00622	0.00282	0.00226	0.00635
13	0.01188	0.01346	0.02909	0.02078	0.02587	0.01255	0.74266	0.01606	0.01188	0.01621	0.01018	0.01352	0.00767	0.00424	0.00588	0.00167	0.00834	0.00585	0.00257	0.03964
14	0.00735	0.00493	0.00566	0.00566	0.00571	0.00498	0.00324	0.00744	0.00740	0.00991	0.01580	0.03237	0.01807	0.77954	0.06805	0.00508	0.00537	0.00725	0.00304	0.00314
15	0.85801	0.00978	0.00743	0.00665	0.00978	0.01134	0.00548	0.01486	0.00861	0.02269	0.00704	0.00821	0.00548	0.00469	0.00313	0.00156	0.00391	0.00274	0.00313	0.00548
16	0.00792	0.00572	0.00783	0.00880	0.01000	0.00563	0.00759	0.01017	0.01182	0.01539	0.08216	0.05507	0.08646	0.01363	0.00684	0.00223	0.00434	0.64904	0.00472	0.00464
17	0.00742	0.00530	0.00641	0.00605	0.00754	0.00471	0.00457	0.00941	0.01337	0.05124	0.50303	0.04062	0.29968	0.01101	0.00593	0.00163	0.00253	0.00949	0.00530	0.00476
18	0.85801	0.00978	0.00743	0.00665	0.00978	0.01134	0.00548	0.01486	0.00861	0.02269	0.00704	0.00821	0.00548	0.00469	0.00313	0.00156	0.00391	0.00274	0.00313	0.00548
19	0.00616	0.00440	0.00587	0.00704	0.00733	0.00411	0.00469	0.00704	0.00968	0.01291	0.02787	0.81899	0.03344	0.01584	0.00645	0.00205	0.00293	0.01438	0.00469	0.00411
20	0.00616	0.00440	0.00587	0.00704	0.00733	0.00411	0.00469	0.00704	0.00968	0.01291	0.02787	0.81899	0.03344	0.01584	0.00645	0.00205	0.00293	0.01438	0.00469	0.00411
21	0.01272	0.01093	0.01216	0.01070	0.01366	0.01250	0.03783	0.02642	0.73888	0.03374	0.02017	0.01863	0.01508	0.00675	0.00518	0.00171	0.00418	0.00572	0.00506	0.00797
22	0.00735	0.00490	0.00552	0.00552	0.00552	0.00490	0.00306	0.00735	0.00735	0.00980	0.01593	0.03309	0.01838	0.82229	0.02574	0.00490	0.00490	0.00735	0.00306	0.00306
23	0.00605	0.00512	0.00524	0.00531	0.00695	0.00431	0.00400	0.00734	0.01146	0.01368	0.04965	0.07740	0.73877	0.01295	0.00602	0.00174	0.00264	0.03240	0.00469	0.00427
24	0.00984	0.00928	0.01569	0.73417	0.10853	0.01131	0.01419	0.01317	0.01025	0.01327	0.00904	0.01339	0.00686	0.00500	0.00505	0.00167	0.00667	0.00450	0.00227	0.00585
25	0.05741	0.00840	0.01119	0.00870	0.01238	0.00740	0.00715	0.02312	0.01421	0.70434	0.07575	0.01833	0.01480	0.00649	0.00507	0.00157	0.00415	0.00528	0.00607	0.00819
26	0.05855	0.00866	0.01155	0.00890	0.01277	0.00760	0.00735	0.02422	0.01422	0.76112	0.01940	0.01683	0.01222	0.00619	0.00500	0.00156	0.00429	0.00498	0.00612	0.00847
27	0.01049	0.10739	0.71786	0.01383	0.02098	0.01258	0.01766	0.01593	0.01064	0.01560	0.00887	0.01042	0.00641	0.00476	0.00465	0.00155	0.00726	0.00363	0.00214	0.00737
28	0.01421	0.01167	0.01235	0.01062	0.01377	0.01334	0.00840	0.21000	0.59583	0.02378	0.01851	0.01722	0.01376	0.00667	0.00512	0.00167	0.00438	0.00543	0.00512	0.00815
29	0.01318	0.74559	0.10329	0.00923	0.01387	0.01918	0.00965	0.01523	0.01031	0.01231	0.00723	0.00837	0.00648	0.00437	0.00340	0.00113	0.00561	0.00281	0.00216	0.00659
30	0.01104	0.00961	0.01209	0.00875	0.01320	0.00778	0.06017	0.04620	0.04126	0.01730	0.00966	0.01111	0.00786	0.00400	0.00401	0.00089	0.00417	0.00338	0.00314	0.72437
31	0.22719	0.01854	0.01312	0.01285	0.08276	0.47520	0.00913	0.05242	0.01308	0.04063	0.00835	0.00958	0.00667	0.00509	0.00428	0.00140	0.00724	0.00335	0.00295	0.00617
32	0.00669	0.00478	0.00648	0.00765	0.00817	0.00456	0.00562	0.00796	0.01020	0.01350	0.02758	0.61551	0.03229	0.01534	0.00660	0.00213	0.00339	0.21261	0.00468	0.00425
33	0.00720	0.00519	0.00681	0.00648	0.00767	0.00481	0.00490	0.00958	0.01421	0.02008	0.75836	0.03852	0.04699	0.01048	0.00600	0.00162	0.00247	0.03833	0.00553	0.00477
34	0.01600	0.01237	0.01490	0.01198	0.01485	0.01436	0.03911	0.36704	0.15253	0.08145	0.01277	0.01350	0.00958	0.00685	0.00798	0.00174	0.20617	0.00482	0.00436	0.00766
35	0.00616	0.00440	0.00587	0.00704	0.00733	0.00411	0.00469	0.00704	0.00968	0.01291	0.02787	0.81899	0.03344	0.01584	0.00645	0.00205	0.00293	0.01438	0.00469	0.00411
36	0.02256	0.00881	0.01186	0.00909	0.01301	0.00774	0.00751	0.05215	0.01481	0.76626	0.01966	0.01703	0.01237	0.00625	0.00508	0.00156	0.00435	0.00507	0.00621	0.00861
37	0.00683	0.00494	0.00646	0.00738	0.00798	0.00466	0.00516	0.02969	0.01028	0.01375	0.02677	0.70822	0.03160	0.01505	0.00638	0.00202	0.00318	0.07581	0.00465	0.02919
38	0.85801	0.00978	0.00743	0.00665	0.00978	0.01134	0.00548	0.01486	0.00861	0.02269	0.00704	0.00821	0.00548	0.00469	0.00313	0.00156	0.00391	0.00274	0.00313	0.00548
39	0.01508	0.01311	0.01849	0.01402	0.01795	0.04282	0.24649	0.38377	0.04574	0.02339	0.01407	0.01541	0.05424	0.00814	0.06149	0.00205	0.00695	0.00540	0.00400	0.00738
40	0.01352	0.82533	0.02650	0.00865	0.01298	0.02001	0.00865	0.01514	0.01027	0.01190	0.00703	0.00811	0.00649	0.00433	0.00324	0.00108	0.00541	0.00270	0.00216	0.00649
41	0.00616	0.00440	0.00587	0.00704	0.00733	0.00411	0.00469	0.00704	0.00968	0.01291	0.02787	0.81899	0.03344	0.01584	0.00645	0.00205	0.00293	0.01438	0.00469	0.00411
42	0.01241	0.01068	0.01131	0.01025	0.01305	0.01233	0.00801	0.02626	0.75313	0.02093	0.02081	0.02028	0.01594	0.00712	0.00521	0.00174	0.00403	0.03350	0.00513	0.00788
43	0.09282	0.01047	0.01163	0.00973	0.01309	0.01125	0.00780	0.11838	0.37838	0.26334	0.01811	0.01655	0.01278	0.00638	0.00493	0.00163	0.00428	0.00511	0.00530	0.00804
44	0.00616	0.00440	0.00587	0.00704	0.00733	0.00411	0.00469	0.00704	0.00968	0.01291	0.02787	0.81899	0.03344	0.01584	0.00645	0.00205	0.00293	0.01438	0.00469	0.00411
45	0.85801	0.00978	0.00743	0.00665	0.00978	0.01134	0.00548	0.01486	0.00861	0.02269	0.00704	0.00821	0.00548	0.00469	0.00313	0.00156	0.00391	0.00274	0.00313	0.00548
46	0.00616	0.00440	0.00587	0.00704	0.00733	0.00411	0.00469	0.00704	0.00968	0.01291	0.02787	0.81899	0.03344	0.01584	0.00645	0.00205	0.00293	0.01438	0.00469	0.00411
47	0.01851	0.08050	0.01519	0.01272	0.01545	0.74694	0.00969	0.01984	0.01404	0.01234	0.00776	0.00905	0.00651	0.00515	0.00447	0.00129	0.00886	0.00322	0.00257	0.00591
48	0.00616	0.00440	0.00587	0.00704	0.00733	0.00411	0.00469	0.00704	0.00968	0.01291	0.02787	0.81899	0.03344	0.01584	0.00645	0.00205	0.00293	0.01438	0.00469	0.00411
49	0.01877	0.02221	0.01397	0.01258	0.01529	0.69826	0.00950	0.02091	0.06080	0.06794	0.00944	0.01028	0.00748	0.00538	0.00463	0.00135	0.00847	0.00353	0.00302	0.00619
50	0.01882	0.01382	0.01548	0.01187	0.01590	0.01515	0.03925	0.68890	0.05106	0.05906	0.01267	0.01264	0.00896	0.00604	0.00510	0.00153	0.00558	0.00467	0.00501	0.00851
51	0.07011	0.00945	0.01277	0.00943	0.01362	0.00789	0.11685	0.01334	0.02479	0.01700	0.03947	0.01392	0.02791	0.00464	0.00426	0.00105	0.00440	0.02123	0.00315	0.58474
52	0.03567	0.17945	0.62486	0.01308	0.01982	0.01332	0.01637	0.01581	0.01054	0.01542	0.00862	0.01011	0.00639	0.00471	0.00445	0.00150	0.00697	0.00351	0.00217	0.00723
53	0.01859	0.02167	0.01432	0.01254	0.01548	0.62673	0.00958	0.15514	0.01586	0.01605	0.00864	0.00972	0.00693	0.00530	0.00461	0.00132	0.00825	0.00348	0.00306	0.04273
54	0.00615	0.00445	0.00582	0.00691	0.00730	0.00412	0.00463	0.00706	0.00981	0.01296	0.02951	0.76477	0.08660	0.01563	0.00642	0.00203	0.00291	0.01411	0.00469	0.00412
55	0.00785	0.00630	0.00917	0.00881	0.00952	0.00772	0.00690	0.00944	0.00802	0.01170	0.01257	0.01917	0.01199	0.07600	0.63376	0.00700	0.14147	0.00536	0.00265	0.00460
56	0.01202	0.01099	0.01360	0.01028	0.01436	0.05749	0.10789	0.08717	0.08248	0.01792	0.01129	0.04803	0.00945	0.00495	0.00446	0.00113	0.00487	0.00431	0.00338	0.49393
57	0.01440	0.01463	0.01427	0.01590	0.20688	0.23886	0.01014	0.06903	0.25003	0.01804	0.05529	0.01508	0.01225	0.00590	0.00492	0.00150	0.00592	0.00478	0.03504	0.00713
58	0.00735	0.00490	0.00552	0.00552	0.00552	0.00490	0.00306	0.00735	0.00735	0.00980	0.01593	0.03309	0.01838	0.82229	0.02574	0.00490	0.00490	0.00735	0.00306	0.00306
59	0.39819	0.00963	0.01112	0.00885	0.01249	0.00978	0.05872	0.03998	0.01191	0.37297	0.01326	0.01278	0.00891	0.00541	0.00426	0.00157	0.00445	0.00407	0.00456	0.00707
60	0.56947	0.01129	0.01010	0.00836	0.01181	0.01284	0.00690	0.27596	0.01382	0.02585	0.00880	0.00957	0.00655	0.00517	0.00379	0.00155	0.00448	0.00336	0.00379	0.00655
61	0.01049	0.00899	0.01049	0.00749	0.01198	0.00674	0.00599	0.01273	0.01049	0.01648	0.00899	0.01049	0.00749	0.00374	0.00374	0.00075	0.00374	0.00300	0.00300	0.85320
62	0.00890	0.00488	0.00670	0.00656	0.00672	0.00493	0.00432	0.03650	0.00741	0.00989	0.01038	0.01888	0.01075	0.18214	0.02042	0.64597	0.00454	0.00501	0.00248	0.00262
63	0.02102	0.00926	0.01192	0.00929	0.01304	0.00862	0.00762	0.10813	0.06951	0.62606	0.04732	0.01752	0.01358	0.00643	0.00512	0.00157	0.00435	0.00522	0.00602	0.00842
64	0.01410	0.31603	0.29040	0.01141	0.01674	0.01560	0.01233	0.20453	0.01393	0.04702	0.00949	0.01034	0.00721	0.00500	0.00431	0.00139	0.00612	0.00361	0.00302	0.00743
65	0.01542	0.01147	0.01497	0.06817	0.01642	0.04590	0.09315	0.16454	0.14714	0.18103	0.03831	0.01589	0.01157	0.00706	0.01884	0.00180	0.12099	0.01572	0.00431	0.00730
66	0.01222	0.00875	0.01050	0.00771	0.01195	0.00675	0.00617	0.01437	0.01108	0.13778	0.01144	0.04310	0.00929	0.00461	0.00406	0.00093	0.00380	0.00377	0.00357	0.68817
67	0.01072	0.00541	0.00583	0.00554	0.00701	0.00535	0.00424	0.04213	0.01141	0.08379	0.01741	0.06270	0.01414	0.00661	0.00394	0.00129	0.00271	0.01794	0.68667	0.00516
68	0.00955	0.00899	0.01517	0.81013	0.03483	0.01123	0.01404	0.01292	0.01011	0.01292	0.00899	0.01348	0.00674	0.00506	0.00506	0.00169	0.00674	0.00449	0.00225	0.00562
69	0.01163	0.00886	0.01052	0.00761	0.01197	0.00676	0.00611	0.01386	0.01098	0.09498	0.02922	0.01183	0.00898	0.00416	0.00393	0.00085	0.00377	0.00336	0.00339	0.74722
70	0.01189	0.01350	0.02906	0.02087	0.02571	0.01293	0.73089	0.01598	0.01171	0.01598	0.01003	0.01350	0.00762	0.00451	0.00655	0.00173	0.05237	0.00588	0.00254	0.00675
71	0.01334	0.78178	0.06844	0.00897	0.01346	0.01956	0.00920	0.01519	0.01030	0.01212	0.00714	0.00825	0.00648	0.00435	0.00333	0.00111	0.00552	0.00276	0.00216	0.00654
72	0.00618	0.00516	0.00541	0.00542	0.00706	0.00438	0.00412	0.00761	0.01178	0.01432	0.11660	0.04806	0.68775	0.01264	0.00602	0.00172	0.00264	0.04402	0.00477	0.00433

[dist]
# distance from previous block
# <min> <max>
1	9

[block]
# block no. 6 follows, 49 sequences, length 68
# corresponding to MSA columns:
# 1084-1151
name=unknown_G
#
# <colnr> <probs for GDERKNQSTAVLIFYWHMCP>
#	G	D	E	R	K	N	Q	S	T	A	V	L	I	F	Y	W	H	M	C	P
0	0.00742	0.00506	0.00634	0.00634	0.00670	0.00536	0.00417	0.00813	0.00777	0.01090	0.01517	0.02798	0.01621	0.52084	0.28215	0.00578	0.00764	0.00658	0.04581	0.00363
1	0.01244	0.01331	0.01507	0.01299	0.01364	0.15591	0.01062	0.01363	0.00904	0.01239	0.00695	0.01069	0.00665	0.00798	0.01389	0.00199	0.63470	0.00416	0.00232	0.04164
2	0.00716	0.00517	0.00676	0.00636	0.00755	0.00477	0.00477	0.00954	0.01431	0.02028	0.78808	0.03777	0.04771	0.01034	0.00596	0.00159	0.00239	0.00914	0.00557	0.00477
3	0.01049	0.00899	0.01049	0.00749	0.01198	0.00674	0.00599	0.01273	0.01049	0.01648	0.00899	0.01049	0.00749	0.00374	0.00374	0.00075	0.00374	0.00300	0.00300	0.85320
4	0.01466	0.01151	0.01400	0.01045	0.01471	0.01112	0.06850	0.31899	0.05508	0.05165	0.01134	0.01207	0.00854	0.00497	0.00457	0.00121	0.00489	0.00407	0.00402	0.37366
5	0.01014	0.02616	0.79609	0.01441	0.02189	0.01174	0.01868	0.01601	0.01068	0.01601	0.00907	0.01068	0.00641	0.00480	0.00480	0.00160	0.00747	0.00374	0.00214	0.00747
6	0.00722	0.00542	0.00813	0.00813	0.00903	0.00632	0.00632	0.00903	0.00813	0.01174	0.01354	0.01987	0.01264	0.03792	0.80225	0.00813	0.01354	0.00542	0.00271	0.00451
7	0.00615	0.00443	0.00583	0.00695	0.00731	0.00411	0.00466	0.00705	0.00976	0.01294	0.02892	0.78433	0.06743	0.01571	0.00643	0.00204	0.00292	0.01421	0.00469	0.00411
8	0.00886	0.00754	0.00793	0.00741	0.00955	0.00781	0.00568	0.01571	0.33574	0.01741	0.10492	0.03514	0.39644	0.01008	0.00563	0.00170	0.00315	0.00845	0.00496	0.00589
9	0.01890	0.02381	0.01435	0.01299	0.01563	0.77874	0.00977	0.04248	0.01461	0.01295	0.00794	0.00921	0.00658	0.00524	0.00457	0.00131	0.00901	0.00330	0.00268	0.00594
10	0.04721	0.00737	0.00936	0.00806	0.01018	0.00730	0.03821	0.06471	0.01243	0.16315	0.11837	0.04672	0.26178	0.06107	0.04787	0.00222	0.05865	0.02510	0.00459	0.00563
11	0.06562	0.01085	0.01320	0.01088	0.01306	0.02931	0.00892	0.15934	0.05165	0.21607	0.03692	0.01451	0.01052	0.03135	0.00980	0.00189	0.30027	0.00479	0.00412	0.00692
12	0.00598	0.00512	0.00512	0.00512	0.00683	0.00427	0.00384	0.00726	0.01153	0.01366	0.05123	0.04866	0.78869	0.01281	0.00598	0.00171	0.00256	0.01067	0.00470	0.00427
13	0.00989	0.00933	0.01578	0.72079	0.12151	0.01132	0.01421	0.01322	0.01027	0.01333	0.00905	0.01337	0.00689	0.00499	0.00505	0.00166	0.00666	0.00450	0.00228	0.00589
14	0.01278	0.64297	0.18056	0.00993	0.01477	0.01823	0.01073	0.01524	0.01029	0.01273	0.00743	0.00871	0.00648	0.00454	0.00392	0.00122	0.02770	0.00296	0.00216	0.00666
15	0.01252	0.01201	0.02053	0.03104	0.79074	0.01201	0.01552	0.01552	0.01151	0.01652	0.00951	0.01252	0.00801	0.00451	0.00501	0.00150	0.00601	0.00451	0.00250	0.00801
16	0.00616	0.00440	0.00587	0.00704	0.00733	0.00411	0.00469	0.00704	0.00968	0.01291	0.02787	0.81899	0.03344	0.01584	0.00645	0.00205	0.00293	0.01438	0.00469	0.00411
17	0.02121	0.00949	0.01212	0.00939	0.01326	0.00885	0.00772	0.11940	0.07370	0.62144	0.01876	0.01654	0.01213	0.00622	0.00506	0.00155	0.00443	0.00502	0.00595	0.02778
18	0.01609	0.01017	0.01421	0.01130	0.05093	0.00913	0.09716	0.10070	0.04296	0.29335	0.01382	0.01383	0.00974	0.00510	0.00473	0.00130	0.00482	0.00443	0.00438	0.29183
19	0.00696	0.00555	0.00644	0.00629	0.00798	0.00479	0.00481	0.00863	0.01176	0.01535	0.18681	0.13192	0.38942	0.01177	0.00588	0.00168	0.00292	0.08672	0.00467	0.09963
20	0.01156	0.01084	0.01798	0.10126	0.59472	0.01110	0.01381	0.01493	0.04741	0.01623	0.03670	0.07804	0.01155	0.00576	0.00516	0.00158	0.00562	0.00550	0.00288	0.00737
21	0.00629	0.00448	0.00595	0.00708	0.00740	0.00421	0.00478	0.00720	0.00968	0.01288	0.02737	0.75661	0.03269	0.04651	0.00721	0.00217	0.00308	0.04568	0.00463	0.00409
22	0.14690	0.01632	0.01466	0.01365	0.09576	0.28703	0.04523	0.22312	0.03404	0.06187	0.01011	0.01103	0.00766	0.00534	0.00463	0.00146	0.00662	0.00394	0.00359	0.00701
23	0.01012	0.00967	0.01664	0.65267	0.15469	0.01142	0.04653	0.01347	0.01041	0.01363	0.00912	0.01333	0.00698	0.00493	0.00509	0.00166	0.00670	0.00456	0.00230	0.00605
24	0.00710	0.00530	0.00787	0.00800	0.00884	0.00607	0.00614	0.00881	0.00830	0.01187	0.01515	0.10952	0.01498	0.03545	0.71297	0.00745	0.01235	0.00642	0.00293	0.00447
25	0.35218	0.01192	0.01662	0.01878	0.31092	0.04612	0.14259	0.01558	0.01054	0.01876	0.00857	0.01084	0.00687	0.00457	0.00440	0.00155	0.00574	0.00400	0.00277	0.00669
26	0.01121	0.27792	0.55364	0.01260	0.01908	0.01435	0.01552	0.01574	0.01055	0.01472	0.00843	0.00987	0.00643	0.00465	0.00431	0.00144	0.00682	0.00341	0.00214	0.00716
27	0.01352	0.82533	0.02650	0.00865	0.01298	0.02001	0.00865	0.01514	0.01027	0.01190	0.00703	0.00811	0.00649	0.00433	0.00324	0.00108	0.00541	0.00270	0.00216	0.00649
28	0.00644	0.00468	0.00611	0.00718	0.00759	0.00447	0.00484	0.00790	0.04314	0.01327	0.02755	0.78431	0.03266	0.01545	0.00640	0.00204	0.00298	0.01400	0.00471	0.00428
29	0.00616	0.00440	0.00587	0.00704	0.00733	0.00411	0.00469	0.00704	0.00968	0.01291	0.02787	0.81899	0.03344	0.01584	0.00645	0.00205	0.00293	0.01438	0.00469	0.00411
30	0.00735	0.00490	0.00552	0.00552	0.00552	0.00490	0.00306	0.00735	0.00735	0.00980	0.01593	0.03309	0.01838	0.82229	0.02574	0.00490	0.00490	0.00735	0.00306	0.00306
31	0.00727	0.00524	0.00722	0.00722	0.00781	0.00583	0.00519	0.00845	0.00786	0.01107	0.01437	0.02446	0.01464	0.31021	0.53268	0.00701	0.01054	0.00609	0.00283	0.00401
32	0.00670	0.00479	0.00649	0.00766	0.00819	0.00457	0.00563	0.00797	0.01021	0.01351	0.02757	0.61263	0.03227	0.01533	0.00660	0.00213	0.00340	0.21542	0.00468	0.00426
33	0.00731	0.00507	0.00635	0.00635	0.00664	0.00536	0.00410	0.00789	0.00760	0.01042	0.01517	0.02887	0.01655	0.57190	0.27362	0.00593	0.00766	0.00674	0.00295	0.00353
34	0.00722	0.00542	0.00813	0.00813	0.00903	0.00632	0.00632	0.00903	0.00813	0.01174	0.01354	0.01987	0.01264	0.03792	0.80225	0.00813	0.01354	0.00542	0.00271	0.00451
35	0.01103	0.00930	0.00999	0.00975	0.01187	0.04728	0.00785	0.01967	0.42408	0.01832	0.02215	0.05522	0.02015	0.00946	0.00572	0.00189	0.00437	0.26463	0.04079	0.00649
36	0.01650	0.01934	0.01280	0.01162	0.01376	0.58190	0.00867	0.03444	0.01302	0.03362	0.00960	0.01323	0.00864	0.11212	0.05841	0.00224	0.03770	0.00404	0.00281	0.00554
37	0.35302	0.00772	0.00742	0.00670	0.00904	0.00817	0.00532	0.04478	0.03249	0.03933	0.23261	0.02339	0.10674	0.00757	0.00454	0.00156	0.00332	0.01987	0.06178	0.02465
38	0.80402	0.01041	0.00829	0.00728	0.01045	0.04065	0.02641	0.01510	0.00891	0.02213	0.00716	0.00840	0.00557	0.00470	0.00326	0.00156	0.00423	0.00284	0.00309	0.00553
39	0.01352	0.82533	0.02650	0.00865	0.01298	0.02001	0.00865	0.01514	0.01027	0.01190	0.00703	0.00811	0.00649	0.00433	0.00324	0.00108	0.00541	0.00270	0.00216	0.00649
40	0.00710	0.00529	0.00667	0.00670	0.00788	0.00495	0.00506	0.00947	0.03733	0.01771	0.46571	0.16085	0.14924	0.01179	0.00612	0.00176	0.00277	0.08371	0.00520	0.00469
41	0.00686	0.00480	0.00655	0.00766	0.00819	0.00461	0.00566	0.00799	0.01008	0.01333	0.02659	0.56275	0.03097	0.01540	0.00728	0.04517	0.00349	0.22390	0.00456	0.00417
42	0.01194	0.01364	0.02984	0.02131	0.02643	0.01279	0.77238	0.01620	0.01194	0.01620	0.01023	0.01364	0.00767	0.00426	0.00597	0.00171	0.00853	0.00597	0.00256	0.00682
43	0.00623	0.00460	0.00585	0.00682	0.00740	0.00422	0.00472	0.00725	0.01010	0.01315	0.03191	0.64541	0.16561	0.01522	0.00640	0.00201	0.00296	0.05128	0.00469	0.00416
44	0.01546	0.00692	0.00934	0.00826	0.01073	0.00615	0.00655	0.01718	0.01279	0.44109	0.05725	0.23149	0.05092	0.01003	0.00573	0.00178	0.00384	0.09221	0.00558	0.00667
45	0.02211	0.00848	0.01155	0.00890	0.01271	0.00733	0.00733	0.02408	0.01447	0.76559	0.04839	0.01797	0.01382	0.00641	0.00512	0.00157	0.00423	0.00524	0.00623	0.00846
46	0.02258	0.00878	0.01184	0.00908	0.01300	0.00769	0.00750	0.04846	0.01477	0.77001	0.01970	0.01705	0.01239	0.00625	0.00508	0.00156	0.00434	0.00507	0.00622	0.00861
47	0.05354	0.00864	0.01032	0.00850	0.01146	0.04121	0.00679	0.05262	0.05137	0.43143	0.21782	0.04715	0.02171	0.00753	0.00525	0.00158	0.00399	0.00626	0.00563	0.00719
48	0.01014	0.02616	0.79609	0.01441	0.02189	0.01174	0.01868	0.01601	0.01068	0.01601	0.00907	0.01068	0.00641	0.00480	0.00480	0.00160	0.00747	0.00374	0.00214	0.00747
49	0.00616	0.00440	0.00587	0.00704	0.00733	0.00411	0.00469	0.00704	0.00968	0.01291	0.02787	0.81899	0.03344	0.01584	0.00645	0.00205	0.00293	0.01438	0.00469	0.00411
50	0.00767	0.00590	0.00825	0.00801	0.00858	0.00695	0.00599	0.00894	0.00788	0.01128	0.01341	0.02234	0.01348	0.23798	0.51586	0.00665	0.09801	0.00581	0.00275	0.00425
51	0.06066	0.01945	0.04385	0.01213	0.01541	0.43323	0.00972	0.25259	0.07145	0.01967	0.01007	0.01076	0.00774	0.00555	0.00469	0.00142	0.00733	0.00382	0.00355	0.00690
52	0.00955	0.00899	0.01517	0.81013	0.03483	0.01123	0.01404	0.01292	0.01011	0.01292	0.00899	0.01348	0.00674	0.00506	0.00506	0.00169	0.00674	0.00449	0.00225	0.00562
53	0.01245	0.57306	0.26943	0.01047	0.01579	0.01740	0.01182	0.01542	0.01040	0.01320	0.00768	0.00892	0.00646	0.00448	0.00374	0.00125	0.00606	0.00303	0.00215	0.00680
54	0.00878	0.00439	0.00659	0.00659	0.00659	0.00439	0.00439	0.00659	0.00659	0.00878	0.00878	0.01537	0.00878	0.01757	0.01976	0.85288	0.00439	0.00439	0.00220	0.00220
55	0.00955	0.00899	0.01517	0.81013	0.03483	0.01123	0.01404	0.01292	0.01011	0.01292	0.00899	0.01348	0.00674	0.00506	0.00506	0.00169	0.00674	0.00449	0.00225	0.00562
56	0.00724	0.00534	0.00773	0.00773	0.00849	0.00610	0.00582	0.00877	0.00801	0.01144	0.01391	0.02188	0.01352	0.15748	0.68389	0.00764	0.01223	0.00571	0.00276	0.00429
57	0.01106	0.01106	0.01549	0.01328	0.01328	0.01549	0.01106	0.01217	0.00774	0.01217	0.00664	0.01106	0.00664	0.00885	0.01659	0.00221	0.81303	0.00443	0.00221	0.00553
58	0.01056	0.00943	0.01423	0.05361	0.37255	0.00966	0.01116	0.01482	0.12078	0.01652	0.04482	0.02748	0.10992	0.00793	0.00557	0.00173	0.00495	0.15394	0.00366	0.00668
59	0.01063	0.14134	0.68517	0.01358	0.02060	0.01293	0.01724	0.01589	0.01062	0.01542	0.00878	0.01031	0.00642	0.00474	0.00458	0.00153	0.00718	0.00359	0.00214	0.00733
60	0.01014	0.02616	0.79609	0.01441	0.02189	0.01174	0.01868	0.01601	0.01068	0.01601	0.00907	0.01068	0.00641	0.00480	0.00480	0.00160	0.00747	0.00374	0.00214	0.00747
61	0.01101	0.01048	0.01781	0.42544	0.40808	0.01162	0.01477	0.01420	0.01080	0.01470	0.00925	0.01300	0.00737	0.00478	0.00503	0.00159	0.00638	0.00450	0.00237	0.00680
62	0.00697	0.00515	0.00651	0.00627	0.00751	0.00470	0.00471	0.00913	0.01367	0.01889	0.63057	0.06478	0.16143	0.01099	0.00601	0.00164	0.00249	0.02853	0.00538	0.00467
63	0.00878	0.00439	0.00659	0.00659	0.00659	0.00439	0.00439	0.00659	0.00659	0.00878	0.00878	0.01537	0.00878	0.01757	0.01976	0.85288	0.00439	0.00439	0.00220	0.00220
64	0.00600	0.00504	0.00520	0.00533	0.00689	0.00425	0.00394	0.00723	0.01132	0.01358	0.04865	0.13358	0.70544	0.01314	0.00603	0.00175	0.00260	0.01108	0.00470	0.00425
65	0.01267	0.01079	0.01145	0.01031	0.01314	0.01242	0.00808	0.05794	0.71663	0.02135	0.02049	0.02020	0.01573	0.00713	0.00522	0.00173	0.00410	0.03761	0.00512	0.00789
66	0.01014	0.01011	0.01874	0.55026	0.05963	0.01139	0.20640	0.01362	0.01061	0.01389	0.01004	0.04420	0.00804	0.00525	0.00534	0.00170	0.00702	0.00525	0.00243	0.00595
67	0.03339	0.00736	0.00951	0.00773	0.01072	0.00643	0.00621	0.01807	0.01373	0.46217	0.19286	0.02603	0.13660	0.00801	0.00532	0.00156	0.00359	0.00669	0.00569	0.03831

[dist]
# distance from previous block
# <min> <max>
4	14

[block]
# block no. 7 follows, 49 sequences, length 15
# corresponding to MSA columns:
# 1166-1180
name=unknown_H
#
# <colnr> <probs for GDERKNQSTAVLIFYWHMCP>
#	G	D	E	R	K	N	Q	S	T	A	V	L	I	F	Y	W	H	M	C	P
0	0.74845	0.01070	0.00841	0.00735	0.01055	0.03946	0.00602	0.08758	0.01026	0.02320	0.00756	0.00862	0.00581	0.00484	0.00336	0.00155	0.00425	0.00293	0.00330	0.00579
1	0.01194	0.01027	0.01152	0.01131	0.06490	0.01162	0.00823	0.02402	0.63579	0.02056	0.08731	0.02142	0.01824	0.00725	0.00527	0.00171	0.00402	0.03202	0.00499	0.00760
2	0.00725	0.00533	0.00768	0.00768	0.00843	0.00608	0.00577	0.00875	0.00800	0.01141	0.01395	0.02210	0.01361	0.17073	0.67077	0.00758	0.01208	0.00575	0.00277	0.00427
3	0.00724	0.00537	0.00788	0.00788	0.00869	0.00619	0.00601	0.00887	0.00805	0.01155	0.01377	0.02113	0.01319	0.11288	0.72805	0.00782	0.01272	0.00560	0.00274	0.00438
4	0.00738	0.00511	0.00658	0.00658	0.00699	0.00549	0.00444	0.00821	0.00779	0.01094	0.01496	0.02706	0.01579	0.46535	0.34880	0.00611	0.00841	0.00645	0.03384	0.00373
5	0.00735	0.00490	0.00552	0.00552	0.00552	0.00490	0.00306	0.00735	0.00735	0.00980	0.01593	0.03309	0.01838	0.82229	0.02574	0.00490	0.00490	0.00735	0.00306	0.00306
6	0.01352	0.82533	0.02650	0.00865	0.01298	0.02001	0.00865	0.01514	0.01027	0.01190	0.00703	0.00811	0.00649	0.00433	0.00324	0.00108	0.00541	0.00270	0.00216	0.00649
7	0.01542	0.00714	0.00918	0.00751	0.01033	0.00637	0.00602	0.01753	0.01256	0.38586	0.09077	0.01904	0.01544	0.00906	0.07452	0.00196	0.00442	0.00518	0.20093	0.10075
8	0.02791	0.04194	0.01912	0.01476	0.01783	0.19423	0.32176	0.01515	0.03270	0.01462	0.02958	0.17448	0.01350	0.00727	0.00616	0.00168	0.05144	0.00683	0.00311	0.00594
9	0.04767	0.01988	0.01423	0.08229	0.01704	0.52402	0.00990	0.16825	0.04045	0.01692	0.00916	0.01038	0.00720	0.00540	0.00467	0.00140	0.00786	0.00368	0.00316	0.00644
10	0.00878	0.00439	0.00659	0.00659	0.00659	0.00439	0.00439	0.00659	0.00659	0.00878	0.00878	0.01537	0.00878	0.01757	0.01976	0.85288	0.00439	0.00439	0.00220	0.00220
11	0.01004	0.00913	0.01516	0.60764	0.16028	0.01080	0.01337	0.01326	0.01039	0.01405	0.00973	0.01379	0.00750	0.00504	0.00491	0.00161	0.00623	0.00452	0.07661	0.00594
12	0.01172	0.01121	0.01910	0.23875	0.58921	0.01181	0.01513	0.01483	0.01114	0.01556	0.00937	0.01277	0.00767	0.00465	0.00502	0.00155	0.00620	0.00450	0.00243	0.00737
13	0.00721	0.00519	0.00688	0.00689	0.00798	0.00487	0.00529	0.00943	0.01343	0.01873	0.59257	0.12045	0.04337	0.01146	0.00617	0.00175	0.00279	0.12551	0.00534	0.00469
14	0.01994	0.01006	0.01393	0.01048	0.01458	0.00928	0.08076	0.14958	0.01543	0.51826	0.01668	0.01538	0.01092	0.00580	0.00504	0.00149	0.00487	0.00488	0.00540	0.08722

[dist]
# distance from previous block
# <min> <max>
0	2

[block]
# block no. 8 follows, 49 sequences, length 19
# corresponding to MSA columns:
# 1183-1201
name=unknown_I
#
# <colnr> <probs for GDERKNQSTAVLIFYWHMCP>
#	G	D	E	R	K	N	Q	S	T	A	V	L	I	F	Y	W	H	M	C	P
0	0.01238	0.01188	0.02028	0.06648	0.75636	0.01198	0.01545	0.01540	0.01145	0.01636	0.00949	0.01256	0.00795	0.00453	0.00501	0.00151	0.00604	0.00450	0.00249	0.00790
1	0.01012	0.07392	0.68613	0.01342	0.02020	0.01170	0.01696	0.01545	0.01094	0.01610	0.07050	0.01266	0.00967	0.00521	0.00480	0.00157	0.00694	0.00410	0.00241	0.00720
2	0.00742	0.00498	0.00573	0.00582	0.00592	0.00498	0.00348	0.00761	0.00770	0.01024	0.01681	0.03504	0.01926	0.75655	0.02421	0.00469	0.00488	0.06830	0.00319	0.00319
3	0.01076	0.01094	0.01836	0.01465	0.01618	0.01323	0.23172	0.01272	0.00899	0.01315	0.00913	0.02900	0.00865	0.07505	0.04796	0.00254	0.46355	0.00534	0.00245	0.00564
4	0.00631	0.00468	0.00589	0.00655	0.00728	0.00426	0.00455	0.00754	0.01088	0.01441	0.17206	0.53008	0.17848	0.01426	0.00627	0.00190	0.00276	0.01272	0.00485	0.00426
5	0.01294	0.53077	0.26767	0.01048	0.01578	0.01674	0.01174	0.01592	0.01062	0.05467	0.00836	0.00940	0.00678	0.00458	0.00383	0.00127	0.00600	0.00315	0.00237	0.00691
