[name]
unknown

[dist]
# distance from previous block
# <min> <max>
0	239

[block]
# block no. 0 follows, 47 sequences, length 16
# corresponding to MSA columns:
# 335-350
name=unknown_A
#
# <colnr> <probs for GDERKNQSTAVLIFYWHMCP>
#	G	D	E	R	K	N	Q	S	T	A	V	L	I	F	Y	W	H	M	C	P
0	0.00643	0.00486	0.00596	0.00671	0.00754	0.00439	0.00472	0.00762	0.01091	0.01409	0.08319	0.50871	0.25742	0.01495	0.00649	0.00199	0.00294	0.04183	0.00489	0.00434
1	0.61639	0.03539	0.05798	0.00798	0.01167	0.01152	0.00706	0.04529	0.01057	0.14103	0.00963	0.01020	0.00697	0.00513	0.00372	0.00160	0.00443	0.00333	0.00370	0.00642
2	0.01363	0.47475	0.25734	0.01111	0.01651	0.01744	0.01218	0.11341	0.01251	0.01621	0.00856	0.00969	0.00694	0.00484	0.00407	0.00133	0.00624	0.00335	0.00261	0.00727
3	0.00743	0.00499	0.00572	0.00587	0.00591	0.00495	0.00336	0.00753	0.00786	0.01048	0.01789	0.12777	0.02080	0.72075	0.02412	0.00470	0.00481	0.00844	0.00336	0.00328
4	0.01633	0.01850	0.01769	0.01521	0.04885	0.39591	0.16214	0.09802	0.06599	0.01657	0.01178	0.01440	0.02796	0.00601	0.00565	0.00157	0.03504	0.03249	0.00323	0.00667
5	0.01221	0.01172	0.01972	0.17425	0.58738	0.01249	0.01535	0.01523	0.01130	0.01599	0.00947	0.01296	0.00790	0.00508	0.00606	0.00164	0.06651	0.00463	0.00251	0.00760
6	0.01053	0.02634	0.75479	0.01517	0.02276	0.01214	0.05385	0.01650	0.01105	0.01650	0.00940	0.01114	0.00666	0.00492	0.00500	0.00165	0.00775	0.00395	0.00222	0.00767
7	0.01225	0.01392	0.03004	0.02157	0.02659	0.01330	0.73059	0.01649	0.01209	0.01649	0.01036	0.01392	0.00785	0.00461	0.00665	0.00178	0.04583	0.00607	0.00262	0.00696
8	0.01272	0.14518	0.43698	0.01650	0.14588	0.03966	0.03948	0.01709	0.01153	0.07376	0.00993	0.01145	0.00740	0.00493	0.00478	0.00154	0.00697	0.00397	0.00261	0.00764
9	0.01775	0.01159	0.04846	0.03977	0.31289	0.01061	0.04012	0.07646	0.01407	0.35274	0.01466	0.01495	0.01019	0.00556	0.00522	0.00159	0.00557	0.00493	0.00443	0.00843
10	0.00757	0.00505	0.00568	0.00568	0.00568	0.00505	0.00316	0.00757	0.00757	0.01010	0.01641	0.03408	0.01893	0.81698	0.02651	0.00505	0.00505	0.00757	0.00316	0.00316
11	0.00673	0.00519	0.00616	0.00622	0.00752	0.00462	0.00460	0.00846	0.01270	0.01669	0.33753	0.17100	0.34797	0.01272	0.00626	0.00179	0.00269	0.03136	0.00519	0.00459
12	0.01465	0.01294	0.08160	0.04031	0.27683	0.01157	0.18046	0.03755	0.08365	0.17240	0.01353	0.02864	0.01012	0.00546	0.00542	0.00165	0.00629	0.00533	0.00369	0.00794
13	0.13963	0.06731	0.36102	0.01350	0.04967	0.05978	0.03533	0.17926	0.01387	0.02062	0.00957	0.01086	0.00706	0.00518	0.00468	0.00157	0.00667	0.00388	0.00306	0.00749
14	0.01266	0.01321	0.02274	0.02549	0.42110	0.06691	0.26341	0.01590	0.01206	0.01632	0.01134	0.07317	0.00999	0.00548	0.00556	0.00164	0.00703	0.00581	0.00277	0.00739
15	0.05869	0.01331	0.04574	0.06903	0.11138	0.06831	0.20255	0.05769	0.08875	0.07324	0.01161	0.02748	0.00914	0.00606	0.00719	0.00176	0.13258	0.00514	0.00329	0.00706

[dist]
# distance from previous block
# <min> <max>
3	7

[block]
# block no. 1 follows, 47 sequences, length 45
# corresponding to MSA columns:
# 364-408
name=unknown_B
#
# <colnr> <probs for GDERKNQSTAVLIFYWHMCP>
#	G	D	E	R	K	N	Q	S	T	A	V	L	I	F	Y	W	H	M	C	P
0	0.03545	0.06005	0.07130	0.01021	0.01424	0.02723	0.00889	0.10502	0.19632	0.34565	0.02710	0.01613	0.01231	0.00624	0.00502	0.00158	0.00486	0.00496	0.00518	0.04225
1	0.13200	0.00838	0.01041	0.00836	0.01170	0.00779	0.00681	0.03627	0.01412	0.50761	0.15129	0.02012	0.01817	0.00694	0.00507	0.00160	0.00399	0.00562	0.03616	0.00759
2	0.15644	0.00674	0.00772	0.00716	0.00897	0.00674	0.00556	0.04481	0.01368	0.06133	0.47567	0.07547	0.05129	0.00978	0.00563	0.00170	0.00314	0.04759	0.00519	0.00537
3	0.01157	0.00790	0.00929	0.00724	0.01079	0.00630	0.00572	0.01362	0.01157	0.13187	0.02008	0.05482	0.14536	0.00662	0.00457	0.00117	0.00357	0.00546	0.07909	0.46339
4	0.01116	0.00980	0.01260	0.01195	0.14709	0.00789	0.00788	0.01361	0.01098	0.01698	0.00935	0.01116	0.00781	0.00399	0.00408	0.00091	0.00426	0.00336	0.00300	0.70213
5	0.01092	0.00628	0.00833	0.00769	0.00842	0.00655	0.00546	0.13947	0.00987	0.01319	0.00965	0.01525	0.00901	0.01603	0.01771	0.70069	0.00473	0.00455	0.00278	0.00341
6	0.00868	0.00687	0.03578	0.00740	0.00906	0.00612	0.00583	0.07206	0.02662	0.03461	0.45952	0.17059	0.09500	0.01102	0.00602	0.00172	0.00309	0.00964	0.02507	0.00531
7	0.61741	0.22455	0.02610	0.00753	0.01115	0.01405	0.00674	0.01540	0.00935	0.02031	0.00728	0.00847	0.00593	0.00474	0.00328	0.00148	0.00450	0.00283	0.00294	0.00595
8	0.01113	0.00738	0.00977	0.00894	0.01050	0.00832	0.00712	0.09313	0.02058	0.09601	0.01516	0.03932	0.01321	0.02348	0.40209	0.00504	0.08199	0.03235	0.10878	0.00570
9	0.01402	0.04379	0.04733	0.01123	0.03009	0.24857	0.02640	0.05074	0.04464	0.05612	0.01339	0.15134	0.01263	0.00720	0.00548	0.00146	0.04112	0.00571	0.00351	0.18522
10	0.01419	0.10819	0.28711	0.01244	0.01741	0.30039	0.01248	0.01739	0.01230	0.01474	0.00863	0.01009	0.00684	0.00486	0.00449	0.00133	0.00742	0.00342	0.00253	0.15376
11	0.01276	0.02270	0.60210	0.01372	0.02059	0.01112	0.03417	0.01790	0.01170	0.15117	0.01132	0.01223	0.00778	0.00515	0.00498	0.00161	0.00698	0.00411	0.00299	0.04493
12	0.01188	0.13099	0.40999	0.01172	0.01694	0.02425	0.01321	0.01568	0.01128	0.10998	0.01415	0.16693	0.01280	0.00725	0.00507	0.00164	0.00606	0.00597	0.00326	0.02096
13	0.01447	0.01039	0.04671	0.01249	0.11649	0.02069	0.04161	0.07567	0.15826	0.18902	0.04286	0.01974	0.06913	0.00669	0.00507	0.00157	0.00457	0.00567	0.15156	0.00734
14	0.00683	0.00527	0.00633	0.00683	0.00808	0.00477	0.00526	0.00841	0.01176	0.01493	0.11609	0.22573	0.36634	0.01391	0.00650	0.00197	0.00319	0.17838	0.00492	0.00450
15	0.01235	0.01260	0.02379	0.11380	0.44465	0.01256	0.27046	0.01592	0.01185	0.01649	0.00999	0.01339	0.00799	0.00462	0.00550	0.00164	0.00715	0.00515	0.00257	0.00756
16	0.01172	0.02014	0.43073	0.01740	0.09425	0.01213	0.19306	0.02925	0.05746	0.04176	0.03476	0.01350	0.00917	0.00516	0.00532	0.00167	0.00730	0.00482	0.00281	0.00759
17	0.01169	0.01806	0.29017	0.04409	0.15801	0.01261	0.35575	0.01640	0.01171	0.01658	0.00996	0.01279	0.00748	0.00465	0.00553	0.00168	0.00790	0.00505	0.00246	0.00743
18	0.00699	0.00517	0.00529	0.00529	0.00662	0.00459	0.00375	0.00823	0.01090	0.01416	0.04014	0.04218	0.51466	0.16516	0.00963	0.00230	0.00306	0.00936	0.13828	0.00423
19	0.00645	0.00461	0.00616	0.00737	0.00772	0.00432	0.00502	0.00743	0.01007	0.01341	0.02864	0.77459	0.03421	0.01622	0.00668	0.00213	0.00311	0.05276	0.00483	0.00426
20	0.07046	0.01060	0.03577	0.00942	0.01311	0.01010	0.00791	0.23409	0.04338	0.33777	0.02270	0.02115	0.14548	0.00744	0.00526	0.00163	0.00456	0.00591	0.00544	0.00782
21	0.00670	0.00479	0.00645	0.00766	0.00812	0.00454	0.00545	0.00787	0.01032	0.01369	0.02851	0.68186	0.03366	0.01598	0.00674	0.00216	0.00333	0.14301	0.00483	0.00433
22	0.16533	0.01380	0.01424	0.01109	0.01509	0.01537	0.00916	0.63593	0.02176	0.03117	0.01159	0.01180	0.00829	0.00600	0.00486	0.00157	0.00543	0.00436	0.00486	0.00829
23	0.01418	0.01109	0.04935	0.01331	0.06188	0.01079	0.13314	0.07521	0.21422	0.17044	0.01637	0.03466	0.01251	0.01199	0.14347	0.00286	0.00704	0.00569	0.00433	0.00747
24	0.01374	0.67916	0.02622	0.01293	0.14794	0.01917	0.01014	0.01566	0.01080	0.01308	0.00769	0.00915	0.00696	0.00449	0.00366	0.00119	0.00568	0.00311	0.00229	0.00696
25	0.01149	0.01153	0.04242	0.35897	0.39484	0.01207	0.04496	0.01516	0.02916	0.01552	0.00985	0.01345	0.00781	0.00494	0.00521	0.00164	0.00661	0.00470	0.00252	0.00714
26	0.01037	0.00980	0.01658	0.66966	0.16651	0.01171	0.01473	0.01377	0.01067	0.01395	0.00935	0.01371	0.00717	0.00511	0.00520	0.00170	0.00681	0.00463	0.00236	0.00622
27	0.01923	0.02224	0.01479	0.01301	0.01600	0.61064	0.00995	0.16555	0.05012	0.01703	0.00949	0.01044	0.00753	0.00561	0.00482	0.00140	0.00845	0.00372	0.00329	0.00668
28	0.00794	0.00502	0.00558	0.00556	0.00581	0.00501	0.00329	0.00844	0.00838	0.01206	0.04026	0.03167	0.01890	0.65044	0.02188	0.00427	0.00451	0.00716	0.15030	0.00351
29	0.00676	0.00485	0.00643	0.00709	0.00774	0.00452	0.00498	0.00823	0.01164	0.01592	0.28190	0.52841	0.03924	0.01435	0.00650	0.00196	0.00289	0.03700	0.00514	0.00448
30	0.01049	0.00992	0.01680	0.63904	0.19618	0.01174	0.01479	0.01388	0.01072	0.01410	0.00937	0.01367	0.00722	0.00509	0.00520	0.00170	0.00678	0.00463	0.00237	0.00631
31	0.01740	0.20213	0.01989	0.01260	0.01671	0.17881	0.14099	0.12753	0.01464	0.17039	0.01147	0.01212	0.00849	0.00527	0.00478	0.00142	0.00666	0.00427	0.00370	0.04073
32	0.01231	0.01197	0.01149	0.00871	0.01300	0.14465	0.00685	0.01445	0.01149	0.01623	0.00905	0.01055	0.00754	0.00412	0.00400	0.00087	0.00482	0.00313	0.00302	0.70174
33	0.01080	0.00926	0.01080	0.00771	0.01234	0.00694	0.00617	0.01311	0.01080	0.01697	0.00926	0.01080	0.00771	0.00386	0.00386	0.00077	0.00386	0.00309	0.00309	0.84882
34	0.03259	0.01095	0.03080	0.01045	0.04421	0.04378	0.00826	0.10296	0.05668	0.39719	0.02456	0.01517	0.01122	0.00578	0.00489	0.00143	0.00477	0.00463	0.00506	0.18464
35	0.67361	0.01093	0.03938	0.00782	0.01117	0.01192	0.00663	0.01751	0.14266	0.02282	0.00977	0.01047	0.00747	0.00523	0.00365	0.00164	0.00419	0.00340	0.00354	0.00618
36	0.00785	0.00548	0.00704	0.00680	0.00804	0.00508	0.00503	0.02566	0.01396	0.04182	0.57128	0.17354	0.08553	0.01156	0.00618	0.00173	0.00269	0.01022	0.00554	0.00496
37	0.01141	0.16159	0.12667	0.01421	0.01829	0.02368	0.28715	0.01465	0.02531	0.01454	0.01139	0.01753	0.01031	0.14688	0.00938	0.00221	0.03803	0.03210	0.00272	0.03195
38	0.00757	0.00506	0.00575	0.00575	0.00578	0.00509	0.00325	0.00762	0.00759	0.01015	0.01634	0.03371	0.01877	0.79600	0.04727	0.00514	0.00529	0.00752	0.00315	0.00320
39	0.01233	0.09457	0.15174	0.03494	0.01586	0.14054	0.08594	0.03266	0.03457	0.02855	0.01149	0.04011	0.01050	0.14834	0.03394	0.00236	0.05550	0.00506	0.00290	0.05807
40	0.00768	0.00503	0.00584	0.00584	0.00587	0.00505	0.00336	0.00757	0.00754	0.01008	0.01578	0.03230	0.01801	0.73352	0.04954	0.06820	0.00528	0.00728	0.00308	0.00313
41	0.01306	0.53921	0.06346	0.00985	0.04059	0.06585	0.00881	0.03008	0.01067	0.01273	0.00921	0.01330	0.00892	0.14638	0.00766	0.00187	0.00586	0.00382	0.00249	0.00618
42	0.03427	0.00592	0.00732	0.00712	0.00779	0.00633	0.00494	0.02611	0.01803	0.03484	0.02487	0.02904	0.01704	0.45945	0.24131	0.00546	0.02275	0.03997	0.00331	0.00415
43	0.01224	0.27928	0.33633	0.15065	0.02150	0.02780	0.03311	0.03257	0.01127	0.03739	0.00905	0.01092	0.00695	0.00490	0.00451	0.00149	0.00679	0.00375	0.00244	0.00705
44	0.19792	0.04041	0.01506	0.03055	0.03759	0.03598	0.14139	0.09859	0.09676	0.11227	0.05418	0.02587	0.05996	0.00640	0.00527	0.00166	0.02379	0.00537	0.00408	0.00690

[dist]
# distance from previous block
# <min> <max>
0	1

[block]
# block no. 2 follows, 47 sequences, length 9
# corresponding to MSA columns:
# 410-418
name=unknown_C
#
# <colnr> <probs for GDERKNQSTAVLIFYWHMCP>
#	G	D	E	R	K	N	Q	S	T	A	V	L	I	F	Y	W	H	M	C	P
0	0.01121	0.00877	0.07658	0.00873	0.01105	0.00751	0.00773	0.10649	0.01329	0.08273	0.06673	0.03412	0.06559	0.06626	0.02309	0.00217	0.00464	0.24081	0.15674	0.00577
1	0.01131	0.01054	0.01173	0.01044	0.01220	0.15059	0.06793	0.04441	0.04593	0.03430	0.01318	0.01901	0.01202	0.12612	0.37927	0.00521	0.03190	0.00542	0.00310	0.00538
2	0.01152	0.01292	0.15210	0.00937	0.01452	0.00868	0.00886	0.07939	0.01203	0.01826	0.00956	0.01098	0.00761	0.00426	0.00417	0.00100	0.00471	0.00336	0.00311	0.62358
3	0.00765	0.00582	0.00714	0.00720	0.00845	0.00564	0.00535	0.01094	0.09821	0.01791	0.37160	0.23295	0.13317	0.01220	0.00624	0.00183	0.00295	0.05441	0.00529	0.00504
4	0.01971	0.00779	0.01015	0.00808	0.01136	0.00690	0.00658	0.02183	0.01384	0.58217	0.01959	0.01818	0.01301	0.00634	0.00481	0.00150	0.00389	0.00513	0.23133	0.00779
5	0.00904	0.00747	0.01269	0.01187	0.04539	0.00708	0.17008	0.01133	0.01148	0.03687	0.05050	0.30410	0.06102	0.01174	0.00641	0.00200	0.00481	0.19173	0.03908	0.00533
6	0.01703	0.00866	0.01259	0.04617	0.15234	0.00800	0.00876	0.01937	0.01404	0.43166	0.17974	0.02210	0.04177	0.00715	0.00544	0.00161	0.00439	0.00615	0.00538	0.00766
7	0.01082	0.01037	0.00946	0.00935	0.01132	0.15001	0.00740	0.01559	0.19239	0.01605	0.02866	0.07910	0.20386	0.01084	0.00602	0.00189	0.00485	0.22177	0.00454	0.00571
8	0.00914	0.00661	0.00819	0.00852	0.00968	0.00670	0.00638	0.14527	0.01295	0.01723	0.02557	0.53411	0.02902	0.01415	0.00648	0.00207	0.00383	0.14400	0.00490	0.00517

[dist]
# distance from previous block
# <min> <max>
0	104

[block]
# block no. 3 follows, 47 sequences, length 15
# corresponding to MSA columns:
# 523-537
name=unknown_D
#
# <colnr> <probs for GDERKNQSTAVLIFYWHMCP>
#	G	D	E	R	K	N	Q	S	T	A	V	L	I	F	Y	W	H	M	C	P
0	0.03479	0.01314	0.13912	0.04290	0.07435	0.04048	0.23126	0.01569	0.01184	0.12842	0.01573	0.19879	0.01445	0.00763	0.00570	0.00177	0.00629	0.00730	0.00363	0.00672
1	0.01053	0.05431	0.64678	0.01520	0.04984	0.01203	0.05786	0.01592	0.01102	0.01618	0.01046	0.05750	0.00834	0.00554	0.00506	0.00166	0.00735	0.00459	0.00239	0.00744
2	0.01217	0.63130	0.02237	0.00853	0.01202	0.01681	0.00797	0.01366	0.01044	0.01249	0.01221	0.19477	0.01311	0.00720	0.00411	0.00135	0.00498	0.00557	0.00283	0.00612
3	0.03668	0.01452	0.19680	0.01331	0.07480	0.01157	0.03265	0.07197	0.01128	0.01708	0.00979	0.04467	0.00843	0.00614	0.00754	0.00156	0.19123	0.00441	0.00288	0.24268
4	0.01307	0.01401	0.05033	0.04998	0.01360	0.30071	0.00850	0.01467	0.01221	0.07036	0.01784	0.32731	0.01886	0.01012	0.00595	0.00176	0.02720	0.03415	0.00382	0.00556
5	0.00634	0.00453	0.00604	0.00725	0.00755	0.00423	0.00483	0.00725	0.00997	0.01329	0.02870	0.81358	0.03444	0.01632	0.00665	0.00211	0.00302	0.01480	0.00483	0.00423
6	0.01478	0.01998	0.30998	0.01597	0.11444	0.10952	0.03729	0.25191	0.01586	0.02119	0.01081	0.01302	0.00826	0.00563	0.00513	0.00160	0.00705	0.02643	0.00334	0.00782
7	0.03424	0.01192	0.04751	0.13332	0.25751	0.07966	0.03949	0.04176	0.06032	0.03300	0.18923	0.01908	0.01782	0.00643	0.00534	0.00161	0.00564	0.00570	0.00362	0.00682
8	0.01115	0.00820	0.01052	0.01099	0.04409	0.00855	0.00893	0.18598	0.01481	0.01956	0.02338	0.07194	0.02433	0.01216	0.00663	0.00216	0.00501	0.52094	0.00480	0.00586
9	0.00926	0.00835	0.01362	0.61974	0.02936	0.01003	0.01225	0.01250	0.01142	0.01506	0.18810	0.01968	0.01671	0.00647	0.00542	0.00171	0.00590	0.00574	0.00311	0.00558
10	0.01040	0.00728	0.00808	0.00724	0.00824	0.00767	0.00484	0.18348	0.01152	0.01543	0.01541	0.02857	0.01638	0.59995	0.05061	0.00437	0.00554	0.00683	0.00362	0.00453
11	0.01455	0.20483	0.32248	0.01324	0.04661	0.03233	0.03166	0.19070	0.01441	0.06711	0.01030	0.01126	0.00763	0.00521	0.00469	0.00150	0.00656	0.00396	0.00320	0.00777
12	0.00659	0.00480	0.00655	0.00744	0.00794	0.00476	0.00519	0.00773	0.00967	0.01304	0.02612	0.60346	0.05545	0.02147	0.18945	0.00355	0.00554	0.01254	0.00436	0.00433
13	0.00761	0.00548	0.00729	0.00726	0.00848	0.00516	0.00572	0.01005	0.01410	0.01966	0.60715	0.04349	0.04470	0.01151	0.00639	0.00181	0.00300	0.18074	0.00552	0.00489
14	0.01152	0.19698	0.01462	0.00799	0.01258	0.01011	0.00681	0.01369	0.01075	0.01588	0.00879	0.01023	0.00747	0.00400	0.00374	0.00085	0.00425	0.00302	0.00289	0.65386

[dist]
# distance from previous block
# <min> <max>
0	2

[block]
# block no. 4 follows, 47 sequences, length 34
# corresponding to MSA columns:
# 540-573
name=unknown_E
#
# <colnr> <probs for GDERKNQSTAVLIFYWHMCP>
#	G	D	E	R	K	N	Q	S	T	A	V	L	I	F	Y	W	H	M	C	P
0	0.00753	0.00640	0.00822	0.00986	0.13055	0.00579	0.00612	0.00940	0.01254	0.01621	0.22565	0.05534	0.46477	0.01126	0.00600	0.00170	0.00316	0.00966	0.00470	0.00513
1	0.01508	0.01382	0.01760	0.02184	0.39904	0.08631	0.01265	0.18884	0.15331	0.02106	0.01231	0.01366	0.00963	0.00551	0.00515	0.00157	0.00601	0.00476	0.00368	0.00818
2	0.01083	0.02463	0.66804	0.01756	0.14340	0.01214	0.01872	0.01641	0.01113	0.01657	0.00942	0.01130	0.00686	0.00490	0.00498	0.00163	0.00746	0.00397	0.00226	0.00778
3	0.01110	0.06665	0.57991	0.01740	0.14274	0.01276	0.03870	0.01624	0.01105	0.01622	0.00925	0.01125	0.00691	0.00500	0.00533	0.00163	0.03395	0.00400	0.00228	0.00764
4	0.01332	0.03755	0.02744	0.02244	0.02699	0.35700	0.00799	0.01550	0.03907	0.02735	0.16247	0.04424	0.16732	0.00834	0.00536	0.00155	0.00605	0.02052	0.00388	0.00565
5	0.14180	0.00585	0.00599	0.00587	0.00638	0.00610	0.00355	0.00880	0.00778	0.01220	0.01496	0.03002	0.01682	0.68816	0.02281	0.00450	0.00489	0.00682	0.00317	0.00355
6	0.00905	0.00452	0.00678	0.00678	0.00678	0.00452	0.00452	0.00678	0.00678	0.00905	0.00905	0.01583	0.00905	0.01809	0.02035	0.84848	0.00452	0.00452	0.00226	0.00226
7	0.14380	0.00949	0.01454	0.65227	0.05665	0.01161	0.01311	0.01371	0.01022	0.01502	0.00896	0.01299	0.00678	0.00513	0.00489	0.00171	0.00645	0.00434	0.00247	0.00584
8	0.01945	0.02482	0.01476	0.01342	0.01610	0.79608	0.01006	0.02079	0.01476	0.01275	0.00805	0.00939	0.00671	0.00537	0.00470	0.00134	0.00939	0.00335	0.00268	0.00604
9	0.00744	0.00558	0.00837	0.00837	0.00930	0.00651	0.00651	0.00930	0.00837	0.01209	0.01395	0.02046	0.01302	0.03906	0.79635	0.00837	0.01395	0.00558	0.00279	0.00465
10	0.00751	0.00502	0.00570	0.00576	0.00577	0.00501	0.00324	0.00756	0.00769	0.01026	0.01702	0.07312	0.01971	0.77688	0.02551	0.00490	0.00495	0.00794	0.00324	0.00321
11	0.00769	0.00541	0.00812	0.00812	0.00890	0.00619	0.00619	0.00890	0.00812	0.01161	0.01317	0.01972	0.01239	0.03573	0.67325	0.14163	0.01245	0.00541	0.00271	0.00427
12	0.14370	0.00939	0.01436	0.67795	0.03178	0.01159	0.01306	0.01362	0.01017	0.01490	0.00894	0.01302	0.00674	0.00515	0.00489	0.00172	0.00648	0.00434	0.00246	0.00576
13	0.14158	0.00605	0.00701	0.00660	0.00812	0.00596	0.00501	0.01058	0.01361	0.02092	0.62285	0.05918	0.05365	0.00995	0.00570	0.00165	0.00273	0.00857	0.00529	0.00500
14	0.15184	0.01427	0.01419	0.01119	0.01510	0.05440	0.00918	0.58615	0.04623	0.02995	0.01173	0.01193	0.00847	0.00601	0.00487	0.00157	0.00559	0.00436	0.00477	0.00818
15	0.00638	0.00456	0.00607	0.00723	0.00756	0.00425	0.00484	0.00733	0.01012	0.01354	0.05302	0.78857	0.03492	0.01613	0.00663	0.00210	0.00300	0.01463	0.00486	0.00425
16	0.00648	0.00521	0.00581	0.00612	0.00742	0.00461	0.00441	0.00811	0.03164	0.01453	0.09773	0.28428	0.47761	0.01381	0.00628	0.00186	0.00278	0.01192	0.00491	0.00448
17	0.01138	0.00993	0.01597	0.12863	0.47106	0.01018	0.01243	0.01426	0.01147	0.01682	0.01403	0.01682	0.05989	0.00557	0.00491	0.00152	0.00528	0.00510	0.17779	0.00696
18	0.14577	0.01342	0.02707	0.01955	0.02450	0.01293	0.64504	0.01646	0.01175	0.01774	0.01001	0.01316	0.00754	0.00446	0.00568	0.00173	0.00803	0.00562	0.00273	0.00680
19	0.03906	0.01102	0.01276	0.01022	0.01371	0.01139	0.00826	0.38711	0.01869	0.27513	0.01756	0.14117	0.01415	0.00788	0.00540	0.00167	0.00484	0.00643	0.00550	0.00805
20	0.05234	0.01240	0.01258	0.01039	0.01371	0.14585	0.00833	0.08244	0.11386	0.39037	0.01713	0.01614	0.02717	0.00732	0.02488	0.00178	0.04545	0.00495	0.00509	0.00781
21	0.01183	0.09059	0.27976	0.04139	0.02222	0.01346	0.28808	0.01807	0.13255	0.01683	0.01141	0.01331	0.00857	0.00513	0.00556	0.00167	0.02442	0.00495	0.00286	0.00734
22	0.01071	0.00567	0.00762	0.00773	0.00902	0.00513	0.00555	0.01197	0.01146	0.20987	0.06436	0.57326	0.02972	0.01353	0.00626	0.00196	0.00335	0.01211	0.00529	0.00544
23	0.10095	0.06326	0.01428	0.13675	0.01771	0.11432	0.00966	0.20962	0.24095	0.02165	0.01313	0.01371	0.00990	0.00596	0.00485	0.00160	0.00573	0.00455	0.00407	0.00736
24	0.01718	0.01471	0.13691	0.01225	0.04032	0.05160	0.01077	0.23853	0.14647	0.20606	0.01531	0.01573	0.01103	0.00644	0.00561	0.00166	0.03202	0.02448	0.00472	0.00820
25	0.03316	0.00886	0.13134	0.00916	0.01117	0.00636	0.00830	0.01063	0.01094	0.03976	0.02519	0.37925	0.05196	0.01316	0.00638	0.00209	0.00437	0.23836	0.00441	0.00515
26	0.10608	0.01231	0.01253	0.03352	0.01441	0.13452	0.00832	0.10488	0.06462	0.43138	0.01603	0.01488	0.01075	0.00609	0.00495	0.00158	0.00537	0.00466	0.00519	0.00795
27	0.01497	0.08347	0.08534	0.18650	0.04343	0.01243	0.15499	0.08471	0.04290	0.19490	0.01262	0.01405	0.00900	0.00552	0.00559	0.00165	0.03196	0.00488	0.00369	0.00741
28	0.03580	0.12157	0.13508	0.03982	0.04454	0.02685	0.20496	0.08888	0.01334	0.17718	0.01291	0.05382	0.00992	0.00575	0.00518	0.00161	0.00646	0.00524	0.00366	0.00744
29	0.15362	0.04458	0.03669	0.01393	0.04110	0.07092	0.18186	0.07540	0.07205	0.07046	0.03601	0.01333	0.00957	0.00611	0.00715	0.00173	0.15047	0.00478	0.00341	0.00682
30	0.16990	0.07487	0.10400	0.02986	0.03110	0.01294	0.14380	0.05256	0.06337	0.05715	0.05898	0.01462	0.01088	0.00626	0.00682	0.00173	0.13297	0.01816	0.00333	0.00669
31	0.12984	0.04746	0.05475	0.02390	0.02594	0.07575	0.02993	0.11662	0.04926	0.16210	0.01265	0.02726	0.01003	0.05444	0.00846	0.13610	0.00539	0.00466	0.00387	0.02157
32	0.07415	0.06240	0.07098	0.03111	0.01595	0.06263	0.10934	0.11262	0.05372	0.21067	0.11525	0.01701	0.01470	0.00625	0.00514	0.00158	0.00555	0.00528	0.00444	0.02123
33	0.13633	0.07630	0.15364	0.07527	0.07223	0.01202	0.06266	0.10443	0.05359	0.05339	0.01244	0.06487	0.02204	0.00597	0.00479	0.00157	0.00564	0.00493	0.00341	0.07449

[dist]
# distance from previous block
# <min> <max>
2	115

[block]
# block no. 5 follows, 47 sequences, length 13
# corresponding to MSA columns:
# 691-703
name=unknown_F
#
# <colnr> <probs for GDERKNQSTAVLIFYWHMCP>
#	G	D	E	R	K	N	Q	S	T	A	V	L	I	F	Y	W	H	M	C	P
0	0.06050	0.07249	0.04180	0.07688	0.14192	0.04913	0.01050	0.23371	0.01518	0.04465	0.01388	0.08355	0.01254	0.00723	0.00520	0.00164	0.00561	0.08395	0.00388	0.03575
1	0.04509	0.01223	0.05640	0.09609	0.08055	0.04779	0.02391	0.17514	0.04851	0.09170	0.01403	0.03967	0.04478	0.00604	0.00513	0.00147	0.01919	0.00490	0.00387	0.18353
2	0.11624	0.01224	0.03296	0.01208	0.07816	0.05311	0.03454	0.22375	0.05169	0.15932	0.01472	0.03954	0.03837	0.00617	0.00490	0.00151	0.00519	0.00494	0.00441	0.10616
3	0.08538	0.03063	0.10786	0.01203	0.07781	0.02169	0.02318	0.16315	0.06994	0.03625	0.07272	0.01663	0.01277	0.09185	0.00787	0.00191	0.05435	0.00497	0.00373	0.10530
4	0.03357	0.05373	0.14812	0.03405	0.01680	0.07364	0.02678	0.29652	0.03975	0.02172	0.01208	0.01630	0.01004	0.00697	0.00681	0.00173	0.11443	0.07590	0.00375	0.00731
5	0.05922	0.09089	0.51099	0.01344	0.01966	0.10434	0.01557	0.09628	0.01271	0.01781	0.00924	0.01061	0.00680	0.00509	0.00472	0.00156	0.00731	0.00373	0.00263	0.00743
6	0.00758	0.05553	0.00707	0.00620	0.00669	0.00578	0.00395	0.00799	0.00865	0.01127	0.02159	0.20691	0.08510	0.52194	0.01897	0.00388	0.00443	0.00917	0.00361	0.00372
7	0.00974	0.00634	0.00768	0.00709	0.00893	0.00595	0.00540	0.01303	0.09413	0.12239	0.35831	0.10112	0.21798	0.01079	0.00598	0.00172	0.00299	0.00931	0.00549	0.00562
8	0.01955	0.01518	0.01566	0.01321	0.06364	0.09792	0.01015	0.59551	0.02208	0.07659	0.01236	0.01252	0.00884	0.00607	0.00515	0.00154	0.00607	0.00458	0.00486	0.00852
9	0.01474	0.48854	0.10719	0.05363	0.01628	0.13132	0.01062	0.09585	0.01270	0.01502	0.00825	0.00953	0.00692	0.00487	0.00401	0.00129	0.00645	0.00329	0.00261	0.00688
10	0.01597	0.13537	0.18545	0.09539	0.01847	0.01358	0.01172	0.21370	0.07414	0.16655	0.01288	0.01323	0.00915	0.00569	0.00489	0.00156	0.00589	0.00441	0.00404	0.00791
11	0.00840	0.00633	0.00821	0.00948	0.09750	0.00645	0.00570	0.01016	0.05130	0.01299	0.03552	0.06478	0.08167	0.40682	0.11721	0.00420	0.00582	0.02850	0.03444	0.00452
12	0.01270	0.07853	0.06619	0.17821	0.12805	0.02963	0.13679	0.07196	0.03676	0.05900	0.07933	0.01534	0.01177	0.00565	0.00552	0.00159	0.02806	0.00508	0.00327	0.04655

[dist]
# distance from previous block
# <min> <max>
4	7

[block]
# block no. 6 follows, 47 sequences, length 15
# corresponding to MSA columns:
# 712-726
name=unknown_G
#
# <colnr> <probs for GDERKNQSTAVLIFYWHMCP>
#	G	D	E	R	K	N	Q	S	T	A	V	L	I	F	Y	W	H	M	C	P
0	0.01064	0.05569	0.09899	0.04895	0.01676	0.07306	0.19175	0.01339	0.01172	0.02980	0.08013	0.14381	0.11560	0.00835	0.00631	0.00172	0.05051	0.00746	0.00350	0.03187
1	0.01197	0.09150	0.42031	0.01337	0.05705	0.06005	0.01411	0.01708	0.07304	0.05463	0.04681	0.04993	0.01104	0.00588	0.00492	0.00156	0.00642	0.00471	0.00304	0.05256
2	0.07978	0.32813	0.35870	0.01125	0.01674	0.01468	0.01288	0.01571	0.01072	0.03874	0.00999	0.06294	0.00858	0.00555	0.00431	0.00147	0.00618	0.00412	0.00260	0.00695
3	0.00923	0.00597	0.00754	0.00741	0.00877	0.00562	0.00547	0.06007	0.01318	0.09126	0.27751	0.34713	0.09950	0.01253	0.00622	0.00185	0.00315	0.02707	0.00531	0.00523
4	0.01159	0.01124	0.04284	0.17148	0.23152	0.01119	0.18570	0.01475	0.01163	0.05573	0.05458	0.05384	0.04310	0.00644	0.00637	0.00174	0.05924	0.01716	0.00311	0.00677
5	0.01274	0.09918	0.24252	0.07574	0.23477	0.03307	0.11521	0.05666	0.01233	0.03956	0.02399	0.01262	0.00835	0.00498	0.00506	0.00157	0.00689	0.00450	0.00274	0.00752
6	0.25263	0.14785	0.28279	0.06003	0.01738	0.01285	0.03369	0.01685	0.01078	0.10705	0.00973	0.01089	0.00713	0.00501	0.00428	0.00156	0.00591	0.00366	0.00301	0.00694
7	0.00760	0.00570	0.00759	0.04045	0.01041	0.00555	0.00704	0.00953	0.01151	0.01474	0.03217	0.20181	0.18297	0.01415	0.00680	0.00219	0.00410	0.42634	0.00471	0.00464
8	0.01114	0.01500	0.19574	0.13957	0.23332	0.01185	0.19080	0.01506	0.01142	0.01587	0.01315	0.01583	0.06985	0.00557	0.00582	0.00169	0.03328	0.00532	0.00264	0.00707
9	0.01272	0.01390	0.09371	0.08056	0.18484	0.01256	0.31511	0.12245	0.01354	0.01856	0.01181	0.05925	0.00985	0.00569	0.00567	0.00171	0.00715	0.02052	0.00309	0.00731
10	0.00693	0.00528	0.00735	0.00918	0.07016	0.00504	0.00578	0.00809	0.01015	0.01357	0.02786	0.64990	0.08037	0.01657	0.05515	0.00243	0.00392	0.01317	0.00453	0.00459
11	0.49350	0.01079	0.05751	0.03369	0.03595	0.01136	0.00770	0.01567	0.08601	0.02110	0.10472	0.01402	0.01232	0.00613	0.00513	0.00169	0.06889	0.00426	0.00355	0.00603
12	0.00814	0.00606	0.00768	0.00803	0.00937	0.00594	0.00644	0.03340	0.05382	0.01733	0.22972	0.15491	0.13069	0.01287	0.00654	0.00202	0.00364	0.29331	0.00509	0.00500
13	0.09483	0.28529	0.03916	0.01176	0.07464	0.12242	0.02765	0.07707	0.03271	0.09380	0.05823	0.03896	0.01130	0.00582	0.00444	0.00142	0.00572	0.00440	0.00346	0.00690
14	0.07341	0.07709	0.06021	0.15656	0.20537	0.02399	0.01190	0.14927	0.10312	0.01969	0.01105	0.01280	0.00856	0.00529	0.00481	0.00153	0.00577	0.00435	0.00335	0.06190

[dist]
# distance from previous block
# <min> <max>
0	36

[block]
# block no. 7 follows, 47 sequences, length 11
# corresponding to MSA columns:
# 770-778,780,781
name=unknown_H
#
# <colnr> <probs for GDERKNQSTAVLIFYWHMCP>
#	G	D	E	R	K	N	Q	S	T	A	V	L	I	F	Y	W	H	M	C	P
0	0.01261	0.25188	0.18064	0.01056	0.03502	0.01294	0.01020	0.07775	0.06619	0.06614	0.06991	0.06054	0.05690	0.00664	0.00472	0.00147	0.00519	0.00527	0.02542	0.03999
1	0.01564	0.14090	0.23368	0.01160	0.01686	0.01174	0.06154	0.05546	0.03117	0.25450	0.01297	0.01311	0.00910	0.00528	0.00476	0.00146	0.00580	0.00426	0.00386	0.10630
2	0.01296	0.42602	0.26125	0.01270	0.01825	0.01640	0.12547	0.01639	0.01112	0.04281	0.00887	0.01036	0.00707	0.00467	0.00432	0.00139	0.00666	0.00371	0.00244	0.00713
3	0.00878	0.00452	0.00671	0.00683	0.00686	0.00449	0.00455	0.00683	0.00710	0.00946	0.01097	0.09401	0.01153	0.01792	0.01901	0.76554	0.00438	0.00553	0.00251	0.00245
4	0.01045	0.02694	0.79000	0.01484	0.02254	0.01209	0.01924	0.01649	0.01099	0.01649	0.00935	0.01099	0.00660	0.00495	0.00495	0.00165	0.00770	0.00385	0.00220	0.00770
5	0.03785	0.01187	0.02064	0.11725	0.54961	0.01203	0.10803	0.01540	0.01166	0.01662	0.01150	0.01453	0.03947	0.00503	0.00527	0.00160	0.00638	0.00503	0.00267	0.00758
6	0.01148	0.10985	0.65274	0.01412	0.02110	0.07101	0.01748	0.01672	0.01123	0.01577	0.00903	0.01060	0.00661	0.00493	0.00476	0.00157	0.00760	0.00370	0.00224	0.00747
7	0.00642	0.00467	0.00607	0.00716	0.00765	0.00433	0.00491	0.00743	0.01025	0.01347	0.03101	0.70498	0.10754	0.01592	0.00662	0.00209	0.00306	0.04731	0.00483	0.00427
8	0.01245	0.01829	0.30182	0.01846	0.02451	0.01238	0.44166	0.01726	0.01202	0.07371	0.01085	0.01322	0.00780	0.00474	0.00565	0.00171	0.00807	0.00525	0.00276	0.00740
9	0.01656	0.01112	0.01984	0.05637	0.17100	0.01045	0.25211	0.01964	0.01324	0.32584	0.03987	0.01611	0.01129	0.00551	0.00554	0.00165	0.00623	0.00552	0.00424	0.00787
10	0.01045	0.02694	0.79000	0.01484	0.02254	0.01209	0.01924	0.01649	0.01099	0.01649	0.00935	0.01099	0.00660	0.00495	0.00495	0.00165	0.00770	0.00385	0.00220	0.00770

[dist]
# distance from previous block
# <min> <max>
0	2

[block]
# block no. 8 follows, 47 sequences, length 9
# corresponding to MSA columns:
# 784-792
name=unknown_I
#
# <colnr> <probs for GDERKNQSTAVLIFYWHMCP>
#	G	D	E	R	K	N	Q	S	T	A	V	L	I	F	Y	W	H	M	C	P
0	0.16158	0.37531	0.31335	0.01080	0.01626	0.01579	0.01225	0.01588	0.01043	0.01583	0.00804	0.00938	0.00647	0.00471	0.00393	0.00141	0.00610	0.00319	0.00239	0.00688
1	0.00748	0.00543	0.00761	0.00761	0.00827	0.00609	0.00556	0.00881	0.00814	0.01152	0.01465	0.02432	0.01470	0.25988	0.57782	0.00743	0.01142	0.00615	0.00289	0.00423
2	0.01090	0.13024	0.69067	0.01407	0.02134	0.01320	0.01790	0.01638	0.01094	0.01594	0.00907	0.01065	0.00661	0.00488	0.00474	0.00158	0.00742	0.00371	0.00220	0.00756
3	0.00720	0.00523	0.00683	0.00691	0.00798	0.00485	0.00518	0.00928	0.01338	0.01852	0.52286	0.19601	0.08226	0.01226	0.00634	0.00181	0.00280	0.08014	0.00542	0.00474
4	0.04934	0.00601	0.00758	0.00686	0.00857	0.00557	0.00526	0.01200	0.01435	0.12059	0.61081	0.03525	0.07782	0.00995	0.00589	0.00164	0.00280	0.00864	0.00566	0.00544
5	0.06472	0.14111	0.13005	0.01066	0.01497	0.06661	0.00989	0.17201	0.13177	0.06859	0.04371	0.01348	0.01071	0.00570	0.00464	0.00145	0.00548	0.00431	0.00390	0.09625
6	0.15767	0.19457	0.39808	0.01224	0.01803	0.04304	0.04004	0.05166	0.01136	0.01740	0.00867	0.01010	0.00661	0.00488	0.00435	0.00152	0.00661	0.00354	0.00256	0.00709
7	0.32854	0.11180	0.10912	0.01158	0.06901	0.05267	0.03157	0.11851	0.03702	0.03529	0.00971	0.01146	0.00765	0.00527	0.00422	0.00154	0.00548	0.01906	0.00331	0.02721
8	0.08989	0.07392	0.12624	0.02578	0.04915	0.08410	0.02554	0.11248	0.05863	0.04671	0.17523	0.01931	0.05420	0.00683	0.00503	0.00155	0.00526	0.00550	0.00398	0.03066

[dist]
# distance from previous block
# <min> <max>
1	41

[block]
# block no. 9 follows, 47 sequences, length 8
# corresponding to MSA columns:
# 834-841
name=unknown_J
#
# <colnr> <probs for GDERKNQSTAVLIFYWHMCP>
#	G	D	E	R	K	N	Q	S	T	A	V	L	I	F	Y	W	H	M	C	P
0	0.10703	0.19132	0.20463	0.01098	0.01561	0.09878	0.01093	0.10791	0.03707	0.09907	0.01121	0.04290	0.00888	0.00568	0.00450	0.00148	0.00604	0.00418	0.00340	0.02839
1	0.01535	0.26660	0.10723	0.01244	0.05631	0.17826	0.05411	0.01802	0.02907	0.13010	0.04186	0.04674	0.01083	0.00582	0.00465	0.00144	0.00640	0.00453	0.00331	0.00695
2	0.00873	0.08108	0.00846	0.00702	0.00759	0.00596	0.00498	0.00775	0.00813	0.01058	0.01556	0.20475	0.05109	0.01616	0.01486	0.52979	0.00418	0.00709	0.00299	0.00324
3	0.01262	0.24463	0.50606	0.01268	0.01913	0.01403	0.01530	0.01708	0.01125	0.08771	0.00981	0.01090	0.00721	0.00495	0.00453	0.00150	0.00680	0.00368	0.00261	0.00753
4	0.01308	0.12401	0.11987	0.09951	0.22397	0.11986	0.08103	0.04805	0.01247	0.01596	0.02651	0.01576	0.00996	0.00572	0.00509	0.00158	0.00685	0.06090	0.00282	0.00700
5	0.01141	0.26650	0.41404	0.01312	0.01898	0.01430	0.08560	0.01558	0.01075	0.01481	0.00923	0.01133	0.00733	0.00783	0.07614	0.00210	0.00771	0.00390	0.00230	0.00705
6	0.00805	0.00556	0.00618	0.00603	0.00780	0.00480	0.00459	0.00957	0.01218	0.08480	0.10050	0.10337	0.54004	0.01237	0.00604	0.00176	0.00289	0.03850	0.04011	0.00486
7	0.01173	0.22726	0.32329	0.01459	0.07670	0.04910	0.10480	0.01545	0.01117	0.01495	0.01099	0.09638	0.00988	0.00596	0.00486	0.00155	0.00674	0.00506	0.00259	0.00695

[dist]
# distance from previous block
# <min> <max>
0	14

# created by:
# /home/cegg/simao/soft/augustus-3.2.1/scripts/msa2prfl.pl ./align_prep/EOG091G0HAT.fa
