[name]
unknown

[dist]
# distance from previous block
# <min> <max>
0	181

[block]
# block no. 0 follows, 46 sequences, length 14
# corresponding to MSA columns:
# 231-244
name=unknown_A
#
# <colnr> <probs for GDERKNQSTAVLIFYWHMCP>
#	G	D	E	R	K	N	Q	S	T	A	V	L	I	F	Y	W	H	M	C	P
0	0.00852	0.00608	0.00852	0.00974	0.01095	0.00608	0.00852	0.01095	0.01217	0.01582	0.02799	0.05963	0.03042	0.01460	0.00730	0.00243	0.00487	0.74565	0.00487	0.00487
1	0.00839	0.00629	0.00765	0.00723	0.00723	0.00713	0.00472	0.00860	0.00776	0.01070	0.01490	0.03043	0.01700	0.66867	0.02518	0.00462	0.14966	0.00713	0.00304	0.00367
2	0.00720	0.00539	0.00668	0.00636	0.00773	0.00487	0.00477	0.00943	0.01430	0.01963	0.61386	0.04208	0.21545	0.01139	0.00624	0.00169	0.00254	0.00992	0.00561	0.00487
3	0.00736	0.00506	0.00598	0.00634	0.00657	0.00494	0.00394	0.00778	0.00874	0.01154	0.02215	0.22305	0.06248	0.53875	0.01996	0.00409	0.00449	0.04937	0.00379	0.00362
4	0.08174	0.01447	0.01527	0.01178	0.01594	0.01606	0.00973	0.70815	0.02368	0.03261	0.01230	0.01239	0.00875	0.00624	0.00514	0.00159	0.00569	0.00462	0.00514	0.00875
5	0.01259	0.05547	0.18422	0.10994	0.04718	0.03121	0.05444	0.09609	0.03062	0.06051	0.03628	0.04457	0.02269	0.00689	0.02473	0.00172	0.02555	0.00503	0.04002	0.11028
6	0.01359	0.15026	0.16731	0.05552	0.06536	0.07328	0.17629	0.03845	0.07265	0.06299	0.01152	0.03208	0.00906	0.00537	0.00507	0.00156	0.00686	0.00480	0.00310	0.04488
7	0.01243	0.01411	0.03034	0.02180	0.02684	0.01353	0.71916	0.01669	0.01223	0.01669	0.01048	0.01411	0.00796	0.00473	0.00687	0.00181	0.05436	0.00615	0.00265	0.00705
8	0.00804	0.00524	0.00599	0.00594	0.00620	0.00514	0.00350	0.00828	0.00844	0.03393	0.04252	0.06497	0.05691	0.69638	0.02386	0.00464	0.00483	0.00812	0.00353	0.00353
9	0.03296	0.00978	0.03450	0.21528	0.08609	0.00975	0.18669	0.01354	0.01134	0.05536	0.04436	0.17957	0.03434	0.00977	0.05082	0.00220	0.00654	0.00754	0.00343	0.00613
10	0.01354	0.01277	0.03737	0.20926	0.23791	0.05506	0.05713	0.11015	0.06962	0.04195	0.03079	0.01431	0.00965	0.00585	0.00630	0.00170	0.07106	0.00494	0.00327	0.00736
11	0.00656	0.00465	0.00610	0.00721	0.00748	0.00437	0.00474	0.00739	0.00988	0.01318	0.02792	0.73510	0.03343	0.09432	0.00871	0.00244	0.00327	0.01431	0.00474	0.00419
12	0.00732	0.00530	0.00696	0.00789	0.00862	0.00512	0.00587	0.00912	0.03200	0.01480	0.08444	0.46046	0.06125	0.05604	0.00783	0.00232	0.00363	0.21157	0.00489	0.00456
13	0.20748	0.03095	0.01493	0.13005	0.11019	0.08825	0.06281	0.09852	0.01277	0.05259	0.04098	0.03494	0.03040	0.00622	0.00566	0.00167	0.05664	0.00488	0.00343	0.00664

[dist]
# distance from previous block
# <min> <max>
8	15

[block]
# block no. 1 follows, 46 sequences, length 6
# corresponding to MSA columns:
# 260-265
name=unknown_B
#
# <colnr> <probs for GDERKNQSTAVLIFYWHMCP>
#	G	D	E	R	K	N	Q	S	T	A	V	L	I	F	Y	W	H	M	C	P
0	0.01467	0.01320	0.01693	0.24067	0.17518	0.11329	0.04358	0.11022	0.07381	0.07911	0.01153	0.01374	0.00876	0.00579	0.00601	0.00168	0.05639	0.00475	0.00340	0.00729
1	0.00774	0.00870	0.13811	0.00838	0.01013	0.00596	0.00732	0.00979	0.01069	0.01499	0.10253	0.40488	0.02823	0.11070	0.00871	0.00234	0.00413	0.05515	0.05659	0.00490
2	0.00655	0.00492	0.00607	0.00673	0.00757	0.00444	0.00469	0.00782	0.01136	0.01488	0.15028	0.49525	0.23049	0.01486	0.00654	0.00198	0.00288	0.01319	0.00505	0.00444
3	0.01413	0.81739	0.02770	0.00905	0.01357	0.02092	0.00905	0.01583	0.01074	0.01244	0.00735	0.00848	0.00678	0.00452	0.00339	0.00113	0.00565	0.00283	0.00226	0.00678
4	0.00774	0.00602	0.00718	0.00763	0.00878	0.00597	0.00551	0.01132	0.13964	0.01593	0.10384	0.43602	0.16264	0.01378	0.00641	0.00199	0.00322	0.04620	0.00507	0.00510
5	0.71106	0.01275	0.00899	0.00808	0.01126	0.14379	0.00648	0.01648	0.01001	0.02190	0.00750	0.00875	0.00591	0.00500	0.00352	0.00159	0.00501	0.00295	0.00318	0.00579

[dist]
# distance from previous block
# <min> <max>
0	1

[block]
# block no. 2 follows, 46 sequences, length 11
# corresponding to MSA columns:
# 267-277
name=unknown_C
#
# <colnr> <probs for GDERKNQSTAVLIFYWHMCP>
#	G	D	E	R	K	N	Q	S	T	A	V	L	I	F	Y	W	H	M	C	P
0	0.02133	0.00950	0.01304	0.01028	0.01357	0.00942	0.00852	0.02320	0.01375	0.63319	0.01812	0.01673	0.01188	0.00708	0.00768	0.00177	0.16168	0.00518	0.00571	0.00837
1	0.68552	0.00912	0.00745	0.00703	0.00972	0.01037	0.00556	0.01393	0.00922	0.02171	0.01164	0.16618	0.01147	0.00720	0.00395	0.00174	0.00389	0.00525	0.00359	0.00544
2	0.01524	0.66175	0.02520	0.00994	0.01411	0.17260	0.00928	0.01687	0.01157	0.01254	0.00751	0.00869	0.00679	0.00470	0.00366	0.00118	0.00642	0.00294	0.00235	0.00666
3	0.85155	0.01022	0.00777	0.00695	0.01022	0.01186	0.00573	0.01554	0.00900	0.02372	0.00736	0.00859	0.00573	0.00491	0.00327	0.00164	0.00409	0.00286	0.00327	0.00573
4	0.09071	0.01603	0.24636	0.03955	0.09425	0.06052	0.04706	0.01904	0.01252	0.25545	0.01395	0.05846	0.01044	0.00611	0.00512	0.00166	0.00617	0.00506	0.00391	0.00765
5	0.00805	0.00618	0.00747	0.00701	0.00856	0.00599	0.00529	0.01202	0.11391	0.02034	0.57671	0.03850	0.14840	0.01069	0.00612	0.00170	0.00274	0.00932	0.00563	0.00536
6	0.01416	0.17012	0.01551	0.01059	0.01402	0.01506	0.00870	0.11170	0.53485	0.02152	0.01770	0.01669	0.01346	0.00656	0.00498	0.00164	0.00466	0.00522	0.00476	0.00813
7	0.01305	0.03872	0.12318	0.21624	0.17934	0.02617	0.03289	0.05270	0.01258	0.11849	0.03584	0.06825	0.01233	0.00663	0.00541	0.00171	0.00616	0.03970	0.00349	0.00712
8	0.01160	0.03095	0.03762	0.13282	0.04897	0.02703	0.05177	0.15978	0.01477	0.01991	0.22416	0.04291	0.08945	0.00825	0.00670	0.00173	0.07418	0.00685	0.00420	0.00634
9	0.00756	0.00536	0.00685	0.00747	0.00817	0.00519	0.00553	0.00891	0.01076	0.01426	0.11454	0.22033	0.07278	0.24033	0.01253	0.00300	0.00413	0.24352	0.00452	0.00426
10	0.10473	0.03629	0.05666	0.01054	0.01358	0.01165	0.00907	0.14929	0.01409	0.26143	0.05111	0.07200	0.01316	0.00764	0.00753	0.00178	0.16189	0.00557	0.00462	0.00736

[dist]
# distance from previous block
# <min> <max>
0	8

[block]
# block no. 3 follows, 46 sequences, length 24
# corresponding to MSA columns:
# 286-309
name=unknown_D
#
# <colnr> <probs for GDERKNQSTAVLIFYWHMCP>
#	G	D	E	R	K	N	Q	S	T	A	V	L	I	F	Y	W	H	M	C	P
0	0.02806	0.16981	0.04350	0.04543	0.05070	0.06437	0.04966	0.15295	0.01356	0.03548	0.00980	0.01191	0.00803	0.02638	0.00631	0.00149	0.08287	0.00403	0.00322	0.19245
1	0.01129	0.13198	0.01317	0.00955	0.01105	0.01118	0.00779	0.04543	0.01091	0.06986	0.04926	0.14793	0.06355	0.08604	0.01080	0.00220	0.22696	0.05223	0.03321	0.00563
2	0.03455	0.00776	0.00903	0.00842	0.03606	0.00800	0.00566	0.15243	0.01188	0.04825	0.04062	0.02639	0.01636	0.45762	0.07467	0.00403	0.00576	0.00651	0.00378	0.04222
3	0.17273	0.11350	0.18971	0.06182	0.05868	0.01225	0.05433	0.04896	0.02848	0.01771	0.01470	0.06743	0.06909	0.00694	0.00527	0.00170	0.02903	0.03794	0.00320	0.00655
4	0.01149	0.01785	0.30217	0.21071	0.16270	0.07586	0.03145	0.01555	0.01134	0.01537	0.01081	0.01366	0.02962	0.00666	0.03327	0.00192	0.03553	0.00455	0.00248	0.00701
5	0.00881	0.00672	0.00799	0.02718	0.02403	0.02853	0.00574	0.01185	0.06166	0.05121	0.50930	0.03747	0.17831	0.01047	0.00606	0.00168	0.00311	0.00907	0.00542	0.00539
6	0.00915	0.13035	0.01142	0.00835	0.00974	0.00917	0.00660	0.03547	0.00921	0.01262	0.01331	0.02102	0.01305	0.18492	0.46746	0.00625	0.03855	0.00556	0.00288	0.00492
7	0.01742	0.00891	0.01117	0.00905	0.01220	0.00855	0.00728	0.13392	0.06353	0.38299	0.25721	0.02403	0.02419	0.00789	0.00560	0.00165	0.00405	0.00660	0.00605	0.00770
8	0.01231	0.01040	0.01101	0.00999	0.01253	0.01192	0.00758	0.02497	0.65471	0.02030	0.02077	0.02200	0.01661	0.13073	0.00868	0.00230	0.00433	0.00624	0.00505	0.00758
9	0.01068	0.06404	0.63088	0.13517	0.02449	0.01263	0.01827	0.01620	0.01105	0.01603	0.00937	0.01148	0.00675	0.00504	0.00498	0.00166	0.00759	0.00397	0.00225	0.00746
10	0.01118	0.00746	0.01009	0.00913	0.02711	0.00712	0.04899	0.07331	0.04101	0.12919	0.29806	0.12882	0.13047	0.01045	0.00609	0.00178	0.00376	0.04460	0.00534	0.00603
11	0.01798	0.01336	0.01426	0.01112	0.01498	0.01457	0.00912	0.64786	0.02290	0.03040	0.01895	0.01854	0.12689	0.00742	0.00544	0.00162	0.00534	0.00574	0.00523	0.00830
12	0.02705	0.00982	0.06909	0.01018	0.03784	0.00869	0.01793	0.13064	0.03512	0.11127	0.03117	0.14562	0.01459	0.01150	0.03730	0.17906	0.02195	0.00640	0.00401	0.09075
13	0.03639	0.01261	0.01176	0.00995	0.01323	0.13039	0.00778	0.11679	0.26344	0.02047	0.06548	0.01878	0.07506	0.00676	0.00502	0.00147	0.00493	0.00536	0.00440	0.18993
14	0.00852	0.00608	0.00852	0.00974	0.01095	0.00608	0.00852	0.01095	0.01217	0.01582	0.02799	0.05963	0.03042	0.01460	0.00730	0.00243	0.00487	0.74565	0.00487	0.00487
15	0.13927	0.00990	0.01552	0.38359	0.12926	0.01104	0.08437	0.01404	0.01110	0.02800	0.04565	0.01751	0.07723	0.00604	0.00519	0.00171	0.00605	0.00535	0.00299	0.00620
16	0.01327	0.06177	0.08449	0.03962	0.10202	0.03024	0.00901	0.04726	0.04147	0.13164	0.01160	0.01483	0.00943	0.01104	0.01169	0.36180	0.00540	0.00457	0.00325	0.00560
17	0.01170	0.13355	0.01812	0.30062	0.02315	0.01268	0.11735	0.03340	0.04797	0.05339	0.03012	0.06974	0.05093	0.00683	0.00623	0.00173	0.06713	0.00585	0.00319	0.00634
18	0.00713	0.00533	0.00687	0.00743	0.00841	0.00472	0.00512	0.00827	0.01025	0.01407	0.02612	0.68831	0.03081	0.01463	0.00631	0.00194	0.00320	0.01321	0.00464	0.13324
19	0.03182	0.01181	0.03473	0.04530	0.13783	0.03705	0.22505	0.05514	0.02833	0.15283	0.14602	0.01873	0.01628	0.00633	0.00598	0.00169	0.02774	0.00602	0.00406	0.00727
20	0.01287	0.01333	0.12123	0.11144	0.24632	0.04244	0.03223	0.09167	0.02749	0.06519	0.01380	0.13537	0.01248	0.00738	0.00607	0.01949	0.02435	0.00623	0.00345	0.00717
21	0.01265	0.01127	0.01753	0.29966	0.32950	0.01244	0.01399	0.12914	0.01334	0.01813	0.01139	0.03752	0.00962	0.00601	0.00566	0.00171	0.02430	0.03579	0.00308	0.00726
22	0.43948	0.04756	0.02724	0.01413	0.15895	0.15987	0.05114	0.01683	0.01101	0.01949	0.00823	0.00998	0.00662	0.00493	0.00413	0.00156	0.00593	0.00352	0.00295	0.00646
23	0.00947	0.00685	0.00845	0.00789	0.00901	0.00745	0.00573	0.12416	0.01085	0.01482	0.01662	0.02609	0.04867	0.32644	0.34791	0.00587	0.00896	0.00653	0.00344	0.00479

[dist]
# distance from previous block
# <min> <max>
0	2

[block]
# block no. 4 follows, 46 sequences, length 10
# corresponding to MSA columns:
# 312-321
name=unknown_E
#
# <colnr> <probs for GDERKNQSTAVLIFYWHMCP>
#	G	D	E	R	K	N	Q	S	T	A	V	L	I	F	Y	W	H	M	C	P
0	0.01345	0.01287	0.01806	0.09614	0.16233	0.06893	0.14911	0.09837	0.20845	0.01926	0.03009	0.04982	0.01210	0.00636	0.00588	0.00172	0.03006	0.00577	0.00376	0.00747
1	0.00724	0.00518	0.00642	0.00648	0.00759	0.00474	0.00472	0.00919	0.01311	0.01826	0.43657	0.21566	0.15590	0.01216	0.00616	0.00176	0.00265	0.01069	0.07077	0.00474
2	0.00702	0.00610	0.03732	0.00869	0.05072	0.00514	0.00598	0.00845	0.01092	0.01454	0.08927	0.56556	0.14140	0.01455	0.00648	0.00201	0.00333	0.01304	0.00475	0.00473
3	0.12478	0.35214	0.16811	0.01040	0.01512	0.08295	0.01048	0.01761	0.06592	0.04964	0.00956	0.01047	0.00764	0.00500	0.00407	0.00137	0.00595	0.00344	0.00289	0.05248
4	0.01052	0.06891	0.10044	0.04524	0.01236	0.04420	0.00780	0.01350	0.04527	0.09499	0.22452	0.03190	0.26109	0.00939	0.00565	0.00166	0.00422	0.00781	0.00461	0.00593
5	0.05769	0.26062	0.13451	0.00924	0.01282	0.06901	0.00885	0.05103	0.01198	0.01562	0.07354	0.05749	0.13827	0.07036	0.00649	0.00179	0.00531	0.00593	0.00339	0.00604
6	0.06670	0.14575	0.23304	0.08254	0.05715	0.08543	0.05414	0.10064	0.09259	0.01831	0.01059	0.01201	0.00809	0.00532	0.00480	0.00157	0.00671	0.00417	0.00307	0.00737
7	0.07044	0.06684	0.08196	0.00850	0.01002	0.00741	0.04018	0.00953	0.00797	0.01151	0.00901	0.01444	0.00848	0.01453	0.01605	0.60769	0.00512	0.00435	0.00237	0.00360
8	0.01149	0.06645	0.03172	0.01222	0.01515	0.02240	0.18078	0.06964	0.04560	0.03778	0.08567	0.16697	0.01752	0.00945	0.02609	0.03776	0.06903	0.00724	0.00377	0.08328
9	0.03602	0.03819	0.16209	0.10226	0.07228	0.08379	0.20446	0.11814	0.05421	0.01865	0.01113	0.02863	0.00866	0.00551	0.00552	0.00167	0.01952	0.00501	0.01697	0.00727

[dist]
# distance from previous block
# <min> <max>
1	6

[block]
# block no. 5 follows, 46 sequences, length 29
# corresponding to MSA columns:
# 330-358
name=unknown_F
#
# <colnr> <probs for GDERKNQSTAVLIFYWHMCP>
#	G	D	E	R	K	N	Q	S	T	A	V	L	I	F	Y	W	H	M	C	P
0	0.00748	0.00541	0.00747	0.00753	0.00823	0.00586	0.00546	0.00890	0.00919	0.01293	0.10419	0.09628	0.02080	0.21895	0.45006	0.00634	0.00968	0.00743	0.00345	0.00435
1	0.01457	0.53025	0.08440	0.01110	0.01550	0.06243	0.04872	0.09755	0.01247	0.01533	0.00829	0.00970	0.00709	0.00512	0.00486	0.00135	0.05817	0.00345	0.00264	0.00702
2	0.00773	0.00548	0.00677	0.00694	0.00798	0.00528	0.00505	0.01026	0.05471	0.01762	0.32708	0.25069	0.08230	0.05993	0.00737	0.00202	0.00304	0.04889	0.08603	0.00483
3	0.00726	0.00552	0.00603	0.00581	0.00758	0.00472	0.00439	0.00888	0.01283	0.04812	0.21429	0.04695	0.58393	0.01252	0.00621	0.00175	0.00271	0.01056	0.00518	0.00477
4	0.05863	0.01112	0.01214	0.01001	0.01317	0.01200	0.00808	0.40970	0.05973	0.09423	0.01657	0.09820	0.01376	0.00771	0.00521	0.00165	0.00475	0.03690	0.11886	0.00759
5	0.01078	0.00540	0.00591	0.00578	0.00728	0.00526	0.00452	0.01317	0.01157	0.08401	0.01980	0.02445	0.04070	0.00725	0.00427	0.00140	0.00288	0.07656	0.66377	0.00525
6	0.00655	0.00468	0.00626	0.00749	0.00784	0.00439	0.00510	0.00755	0.01023	0.01362	0.02908	0.77131	0.03473	0.01646	0.00678	0.00216	0.00316	0.05340	0.00491	0.00432
7	0.01975	0.02520	0.01498	0.01362	0.01634	0.79299	0.01021	0.02111	0.01498	0.01294	0.00817	0.00953	0.00681	0.00545	0.00477	0.00136	0.00953	0.00340	0.00272	0.00613
8	0.00667	0.00478	0.00634	0.00720	0.00772	0.00445	0.00493	0.00795	0.01121	0.01522	0.19712	0.63786	0.03831	0.01527	0.00663	0.00204	0.00294	0.01380	0.00511	0.00445
9	0.00644	0.00462	0.00611	0.00730	0.00765	0.00430	0.00488	0.00737	0.01018	0.01352	0.02985	0.78844	0.05682	0.01647	0.00673	0.00214	0.00306	0.01492	0.00491	0.00430
10	0.01413	0.81739	0.02770	0.00905	0.01357	0.02092	0.00905	0.01583	0.01074	0.01244	0.00735	0.00848	0.00678	0.00452	0.00339	0.00113	0.00565	0.00283	0.00226	0.00678
11	0.00998	0.00940	0.01586	0.80150	0.03641	0.01175	0.01468	0.01351	0.01057	0.01351	0.00940	0.01409	0.00705	0.00529	0.00529	0.00176	0.00705	0.00470	0.00235	0.00587
12	0.00973	0.00512	0.00517	0.00517	0.00645	0.00513	0.00387	0.01248	0.03294	0.01943	0.01898	0.04069	0.04194	0.00671	0.00391	0.00129	0.00254	0.00544	0.76801	0.00499
13	0.01393	0.48580	0.08620	0.00954	0.01371	0.02893	0.00927	0.06840	0.03703	0.06402	0.01349	0.01476	0.07190	0.04361	0.00543	0.00153	0.01822	0.00427	0.00312	0.00683
14	0.01299	0.18266	0.07864	0.20147	0.13498	0.03935	0.15497	0.03444	0.05665	0.03944	0.01040	0.01285	0.00810	0.00504	0.00503	0.00158	0.00686	0.00459	0.00281	0.00714
15	0.01139	0.00965	0.01119	0.00803	0.01271	0.00748	0.00644	0.04841	0.01161	0.01798	0.00955	0.01104	0.00788	0.00403	0.00398	0.00082	0.00400	0.00321	0.00323	0.80734
16	0.00836	0.00703	0.00848	0.07084	0.03618	0.04817	0.00665	0.02417	0.01119	0.01446	0.07777	0.39010	0.11202	0.07638	0.00832	0.00223	0.02916	0.05932	0.00437	0.00481
17	0.04109	0.08164	0.04761	0.01382	0.08871	0.01413	0.06746	0.14870	0.36410	0.02199	0.03193	0.01609	0.01261	0.00632	0.00539	0.00168	0.01907	0.00527	0.00439	0.00802
18	0.00686	0.00493	0.00658	0.00768	0.00824	0.00465	0.00552	0.00815	0.01082	0.01437	0.07280	0.61170	0.05757	0.01579	0.00680	0.00216	0.00334	0.14266	0.00495	0.00444
19	0.00644	0.00460	0.00613	0.00736	0.00767	0.00429	0.00491	0.00736	0.01012	0.01350	0.02914	0.81076	0.03497	0.01656	0.00675	0.00215	0.00307	0.01503	0.00491	0.00429
20	0.02587	0.01448	0.13689	0.17385	0.27027	0.03817	0.07390	0.06869	0.01238	0.04551	0.01028	0.01320	0.00802	0.00642	0.03063	0.00190	0.05462	0.00468	0.00285	0.00738
21	0.06272	0.34575	0.17812	0.02647	0.01789	0.05187	0.12449	0.03966	0.06144	0.01598	0.00986	0.02607	0.00811	0.00515	0.00449	0.00147	0.00655	0.00412	0.00275	0.00706
22	0.00886	0.00584	0.00680	0.00672	0.00855	0.00510	0.00523	0.01041	0.01229	0.11453	0.05570	0.13547	0.48091	0.01298	0.00633	0.00189	0.00325	0.10892	0.00513	0.00510
23	0.01074	0.01025	0.01667	0.38441	0.16921	0.01213	0.04243	0.01358	0.01041	0.01428	0.01082	0.01493	0.03345	0.00798	0.05027	0.00217	0.15659	0.00497	0.00254	0.03216
24	0.04209	0.06171	0.03384	0.10378	0.12923	0.08154	0.06801	0.20817	0.08335	0.04915	0.01247	0.05046	0.01007	0.00625	0.00565	0.00165	0.03616	0.00515	0.00376	0.00750
25	0.01700	0.01009	0.01247	0.03724	0.05545	0.01026	0.00840	0.20545	0.09963	0.27437	0.14632	0.02106	0.03978	0.00732	0.00545	0.00164	0.00453	0.00606	0.02962	0.00787
26	0.00642	0.00467	0.00606	0.00717	0.00762	0.00431	0.00482	0.00738	0.01031	0.01357	0.03149	0.73752	0.10669	0.01626	0.00670	0.00211	0.00303	0.01466	0.00491	0.00431
27	0.01478	0.01267	0.13260	0.08675	0.17363	0.01043	0.03914	0.05808	0.02718	0.22427	0.12385	0.01810	0.01536	0.00645	0.00581	0.00167	0.03181	0.00553	0.00424	0.00764
28	0.01177	0.01049	0.04614	0.01076	0.09220	0.00788	0.00794	0.01435	0.01128	0.05342	0.01000	0.01152	0.00808	0.00417	0.00417	0.00094	0.00436	0.00343	0.00320	0.68390

[dist]
# distance from previous block
# <min> <max>
1	5

[block]
# block no. 6 follows, 46 sequences, length 17
# corresponding to MSA columns:
# 370-386
name=unknown_G
#
# <colnr> <probs for GDERKNQSTAVLIFYWHMCP>
#	G	D	E	R	K	N	Q	S	T	A	V	L	I	F	Y	W	H	M	C	P
0	0.80715	0.01018	0.00794	0.00700	0.01035	0.01161	0.00575	0.01542	0.00910	0.02338	0.00747	0.00871	0.00584	0.00485	0.00331	0.00159	0.00408	0.00288	0.00326	0.05014
1	0.00927	0.00815	0.01270	0.49773	0.02574	0.00962	0.01115	0.03207	0.01135	0.01488	0.10666	0.12578	0.05303	0.03333	0.00660	0.00192	0.02416	0.00706	0.00333	0.00549
2	0.00902	0.00549	0.00713	0.00711	0.00834	0.00504	0.00522	0.01086	0.01284	0.10072	0.33995	0.31178	0.05892	0.01223	0.00617	0.00182	0.00297	0.02600	0.06323	0.00515
3	0.00659	0.00519	0.00595	0.00614	0.00745	0.00455	0.00446	0.00811	0.01230	0.01577	0.22310	0.22835	0.42622	0.01352	0.00636	0.00184	0.00273	0.01169	0.00513	0.00455
4	0.00676	0.00502	0.00632	0.00687	0.00776	0.00458	0.00490	0.00823	0.01185	0.01574	0.22751	0.42677	0.18843	0.01435	0.00654	0.00196	0.00292	0.04380	0.00514	0.00453
5	0.02372	0.00900	0.01227	0.00941	0.01350	0.00777	0.00777	0.02576	0.01513	0.78489	0.02086	0.01799	0.01309	0.00654	0.00532	0.00164	0.00450	0.00532	0.00654	0.00900
6	0.00902	0.00546	0.00710	0.00725	0.00841	0.00496	0.00519	0.01048	0.01205	0.11871	0.20773	0.43595	0.09981	0.03355	0.00690	0.00201	0.00314	0.01191	0.00530	0.00508
7	0.00949	0.00585	0.00771	0.00699	0.00859	0.00533	0.00533	0.01193	0.01499	0.11576	0.68464	0.03683	0.04533	0.01028	0.00612	0.00166	0.00274	0.00904	0.00591	0.00548
8	0.00664	0.00469	0.00621	0.00720	0.00763	0.00437	0.00486	0.00755	0.01043	0.01393	0.08669	0.68485	0.06552	0.01607	0.00731	0.03987	0.00308	0.01398	0.00486	0.00426
9	0.01096	0.00940	0.01096	0.00783	0.01253	0.00705	0.00626	0.01331	0.01096	0.01723	0.00940	0.01096	0.00783	0.00392	0.00392	0.00078	0.00392	0.00313	0.00313	0.84653
10	0.00757	0.00525	0.00654	0.00657	0.00692	0.00541	0.00425	0.00828	0.00866	0.01188	0.08426	0.07552	0.02142	0.51729	0.20284	0.00544	0.00689	0.00779	0.00344	0.00378
11	0.01557	0.01447	0.01746	0.05114	0.10569	0.12199	0.08851	0.26563	0.03292	0.02113	0.02667	0.01496	0.00993	0.00677	0.00760	0.00175	0.15131	0.03548	0.00368	0.00735
12	0.01194	0.01024	0.01359	0.01022	0.01413	0.00940	0.08169	0.04562	0.05163	0.03641	0.01066	0.01248	0.00863	0.00505	0.00592	0.00119	0.10082	0.00397	0.04322	0.52319
13	0.00854	0.00600	0.00825	0.00805	0.00911	0.00678	0.00617	0.04974	0.00957	0.01403	0.01448	0.02106	0.01334	0.08725	0.58756	0.02872	0.01150	0.00564	0.09941	0.00480
14	0.00742	0.00541	0.00704	0.00667	0.00793	0.00503	0.00501	0.00982	0.01451	0.02042	0.70485	0.03924	0.08703	0.01227	0.04227	0.00198	0.00304	0.00947	0.00563	0.00495
15	0.01076	0.06348	0.75210	0.01479	0.02245	0.01267	0.01905	0.01670	0.01114	0.01655	0.00939	0.01104	0.00670	0.00500	0.00495	0.00165	0.00771	0.00386	0.00223	0.00777
16	0.01376	0.01188	0.01142	0.05847	0.02769	0.16245	0.00805	0.13441	0.07061	0.07767	0.12078	0.02505	0.09326	0.08357	0.04089	0.00226	0.00589	0.04123	0.00438	0.00629

[dist]
# distance from previous block
# <min> <max>
1	9

[block]
# block no. 7 follows, 46 sequences, length 10
# corresponding to MSA columns:
# 396-405
name=unknown_H
#
# <colnr> <probs for GDERKNQSTAVLIFYWHMCP>
#	G	D	E	R	K	N	Q	S	T	A	V	L	I	F	Y	W	H	M	C	P
0	0.03897	0.04444	0.11400	0.01249	0.01445	0.06958	0.04681	0.01352	0.01024	0.01471	0.09529	0.01704	0.04582	0.04186	0.01201	0.00209	0.39250	0.00535	0.00292	0.00592
1	0.01206	0.02797	0.01685	0.19629	0.29057	0.01107	0.05063	0.04778	0.04544	0.04883	0.01432	0.07848	0.01302	0.00704	0.00557	0.00174	0.00591	0.08838	0.00339	0.03465
2	0.01096	0.00940	0.01096	0.00783	0.01253	0.00705	0.00626	0.01331	0.01096	0.01723	0.00940	0.01096	0.00783	0.00392	0.00392	0.00078	0.00392	0.00313	0.00313	0.84653
3	0.01428	0.01245	0.06570	0.03739	0.12068	0.01213	0.03770	0.28494	0.11459	0.04784	0.01871	0.11997	0.07422	0.00793	0.00558	0.00172	0.00530	0.00676	0.00451	0.00762
4	0.01104	0.02331	0.56888	0.13326	0.02512	0.04185	0.09067	0.01644	0.01135	0.01613	0.00954	0.01184	0.00688	0.00502	0.00517	0.00169	0.00787	0.00423	0.00231	0.00739
5	0.00991	0.00939	0.05472	0.05156	0.02903	0.00870	0.04146	0.04986	0.03671	0.01702	0.15929	0.07037	0.08650	0.04741	0.04609	0.01799	0.09093	0.00675	0.00384	0.16247
6	0.00653	0.00484	0.00612	0.00703	0.00770	0.00443	0.00487	0.00767	0.01081	0.01412	0.07150	0.59866	0.17862	0.01559	0.00665	0.00206	0.00303	0.04045	0.00495	0.00438
7	0.04633	0.06138	0.12176	0.01321	0.09315	0.05694	0.07001	0.01506	0.06933	0.01647	0.01598	0.10771	0.05169	0.00742	0.00548	0.00160	0.02343	0.06028	0.00342	0.15936
8	0.00769	0.00769	0.06174	0.00833	0.03913	0.00597	0.03809	0.01001	0.01301	0.01726	0.30485	0.03959	0.37420	0.01083	0.00603	0.00169	0.00341	0.00933	0.00480	0.03634
9	0.01299	0.03871	0.05199	0.07601	0.23618	0.04231	0.05992	0.08155	0.05414	0.03271	0.05691	0.03215	0.01144	0.00651	0.00747	0.00172	0.15096	0.00519	0.00325	0.03787

[dist]
# distance from previous block
# <min> <max>
0	6

[block]
# block no. 8 follows, 46 sequences, length 12
# corresponding to MSA columns:
# 412-423
name=unknown_I
#
# <colnr> <probs for GDERKNQSTAVLIFYWHMCP>
#	G	D	E	R	K	N	Q	S	T	A	V	L	I	F	Y	W	H	M	C	P
0	0.53997	0.05372	0.01250	0.05699	0.01400	0.01245	0.09204	0.01516	0.00963	0.02057	0.00842	0.01048	0.00670	0.00530	0.00494	0.00167	0.07200	0.00362	0.05395	0.00591
1	0.06298	0.05477	0.04851	0.07246	0.08705	0.06904	0.06173	0.08745	0.06778	0.05293	0.01573	0.18511	0.01493	0.00952	0.03908	0.00203	0.02512	0.01681	0.02041	0.00654
2	0.08831	0.01301	0.01252	0.01081	0.02920	0.10120	0.00836	0.18260	0.29379	0.02275	0.03041	0.01507	0.01188	0.00612	0.00486	0.00152	0.00506	0.00475	0.02874	0.12902
3	0.00797	0.00513	0.00627	0.00639	0.00669	0.00506	0.00403	0.00805	0.03182	0.01112	0.01982	0.12977	0.08917	0.39812	0.02006	0.23124	0.00446	0.00806	0.00340	0.00337
4	0.01137	0.02716	0.72202	0.01495	0.02233	0.07782	0.01875	0.01711	0.01148	0.01642	0.00938	0.01102	0.00671	0.00506	0.00500	0.00165	0.00796	0.00386	0.00227	0.00767
5	0.04857	0.04091	0.50665	0.01513	0.06657	0.01214	0.06105	0.04844	0.01198	0.07064	0.01178	0.02877	0.02667	0.00563	0.00534	0.00168	0.02299	0.00457	0.00288	0.00763
6	0.01185	0.01713	0.22418	0.01949	0.02526	0.01264	0.53034	0.01664	0.01206	0.01703	0.01074	0.01376	0.00798	0.00469	0.00579	0.00173	0.00828	0.00557	0.04767	0.00719
7	0.01035	0.00620	0.00772	0.00702	0.00893	0.00559	0.00537	0.01276	0.03685	0.16293	0.39049	0.08397	0.21944	0.01087	0.00607	0.00172	0.00300	0.00937	0.00566	0.00568
8	0.01672	0.04146	0.10110	0.01259	0.03787	0.23693	0.04358	0.08018	0.09234	0.16619	0.06032	0.01646	0.04379	0.00648	0.00541	0.00158	0.02048	0.00506	0.00413	0.00732
9	0.08636	0.01273	0.01371	0.03848	0.06114	0.05886	0.00926	0.39626	0.01857	0.05388	0.07794	0.01654	0.04480	0.00685	0.00572	0.00162	0.04401	0.00521	0.04049	0.00755
10	0.00774	0.00509	0.00642	0.00694	0.00746	0.00483	0.00462	0.00860	0.01005	0.04754	0.07697	0.43178	0.05016	0.26452	0.01295	0.00302	0.00379	0.03878	0.00451	0.00424
11	0.00944	0.00731	0.02340	0.00740	0.00923	0.00680	0.00571	0.07235	0.02762	0.04471	0.17389	0.03568	0.22416	0.19016	0.01097	0.00247	0.02990	0.04970	0.00454	0.06458

[dist]
# distance from previous block
# <min> <max>
1	2

[block]
# block no. 9 follows, 46 sequences, length 30
# corresponding to MSA columns:
# 426-455
name=unknown_J
#
# <colnr> <probs for GDERKNQSTAVLIFYWHMCP>
#	G	D	E	R	K	N	Q	S	T	A	V	L	I	F	Y	W	H	M	C	P
0	0.00781	0.00602	0.00874	0.00801	0.00945	0.00561	0.06000	0.01017	0.01378	0.01915	0.54452	0.10101	0.07136	0.04193	0.00715	0.00191	0.00331	0.06977	0.00531	0.00499
1	0.00761	0.00531	0.00657	0.00736	0.03643	0.00524	0.00435	0.00806	0.00865	0.01157	0.02004	0.23405	0.02327	0.54750	0.02014	0.00412	0.00463	0.03767	0.00368	0.00375
2	0.03069	0.04721	0.22665	0.14464	0.09977	0.04726	0.06872	0.04877	0.09084	0.05976	0.02923	0.01448	0.02265	0.00566	0.00535	0.00165	0.01934	0.00477	0.00321	0.02935
3	0.01286	0.01268	0.09336	0.02937	0.11792	0.04042	0.02958	0.07201	0.03065	0.06524	0.02481	0.01429	0.04154	0.00533	0.00510	0.00129	0.02937	0.00436	0.00345	0.36637
4	0.01495	0.00726	0.00944	0.00826	0.01072	0.00662	0.00651	0.05114	0.01413	0.34713	0.16622	0.16594	0.06558	0.00995	0.00584	0.00177	0.00376	0.05392	0.04414	0.00673
5	0.79812	0.01034	0.00818	0.00720	0.01053	0.01188	0.00593	0.04077	0.00972	0.04771	0.00796	0.00902	0.00606	0.00501	0.00340	0.00163	0.00416	0.00300	0.00344	0.00594
6	0.00747	0.00510	0.00614	0.00633	0.00649	0.00516	0.00386	0.00784	0.00817	0.01100	0.01835	0.15621	0.02103	0.59923	0.11115	0.00504	0.00583	0.00862	0.00343	0.00355
7	0.01194	0.03280	0.29190	0.14959	0.10829	0.01131	0.07013	0.01677	0.05935	0.08443	0.06541	0.01652	0.02791	0.02397	0.00580	0.00176	0.00649	0.00517	0.00323	0.00724
8	0.00743	0.00539	0.00659	0.00656	0.00779	0.00499	0.00485	0.00976	0.03100	0.01855	0.43975	0.16026	0.17461	0.01181	0.00613	0.00175	0.00270	0.02557	0.06965	0.00486
9	0.01023	0.01785	0.40922	0.03961	0.04205	0.01016	0.03333	0.07138	0.01256	0.01782	0.10399	0.14665	0.04674	0.00799	0.00556	0.00175	0.00602	0.00684	0.00345	0.00681
10	0.01882	0.01204	0.01463	0.06153	0.10923	0.04677	0.00997	0.27014	0.05182	0.28133	0.05738	0.01627	0.01266	0.00639	0.00532	0.00162	0.00541	0.00520	0.00513	0.00835
11	0.00826	0.00489	0.00647	0.00648	0.00667	0.00482	0.00417	0.00762	0.00845	0.01143	0.11675	0.07157	0.01974	0.30122	0.02014	0.38359	0.00441	0.00697	0.00325	0.00310
12	0.01593	0.01209	0.01304	0.01102	0.01444	0.01357	0.00877	0.22644	0.50559	0.09016	0.01908	0.01768	0.01395	0.00690	0.00535	0.00172	0.00465	0.00559	0.00545	0.00859
13	0.01084	0.01027	0.01740	0.59018	0.24107	0.01197	0.01511	0.01425	0.01097	0.01454	0.00955	0.01382	0.00741	0.00513	0.00527	0.00171	0.00684	0.00470	0.00242	0.00656
14	0.00938	0.00585	0.00756	0.00777	0.00894	0.00558	0.00557	0.01186	0.07323	0.11386	0.16570	0.50355	0.03341	0.01347	0.00636	0.00196	0.00323	0.01205	0.00532	0.00535
15	0.01150	0.00938	0.01102	0.00790	0.01257	0.00708	0.00633	0.01384	0.01114	0.04962	0.00988	0.01126	0.00805	0.00403	0.00397	0.00082	0.00394	0.00322	0.00328	0.81118
16	0.00755	0.00566	0.00850	0.00850	0.00944	0.00661	0.00661	0.00944	0.00850	0.01227	0.01416	0.02077	0.01322	0.03965	0.79326	0.00850	0.01416	0.00566	0.00283	0.00472
17	0.00643	0.00463	0.00610	0.00728	0.00765	0.00430	0.00487	0.00737	0.01020	0.01353	0.03018	0.77817	0.06688	0.01643	0.00673	0.00213	0.00305	0.01486	0.00491	0.00430
18	0.01186	0.00644	0.00647	0.00638	0.00777	0.00616	0.00464	0.01372	0.01232	0.02140	0.01898	0.02217	0.01524	0.00744	0.00458	0.00160	0.00320	0.00555	0.81809	0.00598
19	0.01267	0.02758	0.73017	0.01653	0.02419	0.01333	0.05327	0.01801	0.01245	0.01854	0.01152	0.01403	0.00866	0.00631	0.00592	0.00204	0.00844	0.00466	0.00295	0.00874
20	0.82738	0.01157	0.00922	0.00834	0.01171	0.01288	0.00661	0.01684	0.01030	0.02529	0.00940	0.01140	0.00766	0.00623	0.00417	0.00200	0.00478	0.00355	0.00394	0.00675
21	0.01600	0.79364	0.02853	0.01037	0.01495	0.02165	0.00982	0.01712	0.01199	0.01436	0.00939	0.01129	0.00869	0.00586	0.00429	0.00151	0.00629	0.00351	0.00296	0.00778
22	0.00974	0.00672	0.00838	0.00919	0.01008	0.00618	0.00665	0.01047	0.01196	0.04188	0.03002	0.48135	0.06481	0.07789	0.00916	0.00276	0.00443	0.19729	0.00544	0.00559
23	0.07760	0.01088	0.01385	0.10531	0.03969	0.05637	0.03919	0.01539	0.03704	0.07539	0.01407	0.01883	0.01213	0.02095	0.32211	0.00484	0.12009	0.00564	0.00377	0.00688
24	0.01589	0.04922	0.06025	0.04141	0.09160	0.16545	0.39573	0.03397	0.01399	0.01784	0.01173	0.01535	0.00952	0.00631	0.00697	0.00203	0.04565	0.00575	0.00335	0.00799
25	0.01932	0.25555	0.01913	0.01141	0.01565	0.05047	0.00955	0.23728	0.01711	0.17120	0.01404	0.01506	0.01087	0.00782	0.02921	0.00193	0.00636	0.00471	0.00481	0.09852
26	0.00967	0.00699	0.00910	0.00901	0.00984	0.00734	0.00643	0.01040	0.00957	0.01359	0.01675	0.02738	0.01674	0.27428	0.53768	0.00762	0.01180	0.00688	0.00362	0.00532
27	0.00963	0.00714	0.00982	0.00973	0.01081	0.00773	0.00733	0.01086	0.00978	0.01412	0.01609	0.02374	0.01515	0.07012	0.73968	0.00851	0.01418	0.00634	0.00352	0.00572
28	0.01059	0.00696	0.00881	0.00842	0.00927	0.00667	0.00591	0.02622	0.01223	0.01704	0.32806	0.04506	0.04714	0.07641	0.01455	0.32768	0.03150	0.00785	0.00468	0.00495
29	0.00704	0.00478	0.00640	0.00750	0.00795	0.00446	0.00511	0.00805	0.01034	0.03756	0.02884	0.76241	0.03414	0.01619	0.00672	0.00214	0.00317	0.03777	0.00496	0.00446

[dist]
# distance from previous block
# <min> <max>
0	3

[block]
# block no. 10 follows, 46 sequences, length 6
# corresponding to MSA columns:
# 459-464
name=unknown_K
#
# <colnr> <probs for GDERKNQSTAVLIFYWHMCP>
#	G	D	E	R	K	N	Q	S	T	A	V	L	I	F	Y	W	H	M	C	P
0	0.00754	0.00597	0.00780	0.00870	0.07821	0.00546	0.00573	0.00962	0.01341	0.01814	0.43098	0.11306	0.25262	0.01153	0.00620	0.00173	0.00295	0.01009	0.00518	0.00508
1	0.00743	0.00516	0.00639	0.00647	0.00693	0.00507	0.00422	0.00841	0.01014	0.01394	0.22937	0.15452	0.02967	0.40872	0.07747	0.00397	0.00478	0.00918	0.00416	0.00398
2	0.00703	0.00527	0.00652	0.00645	0.00768	0.00476	0.00474	0.00900	0.01352	0.01837	0.49052	0.16108	0.22103	0.01231	0.00632	0.00177	0.00263	0.01078	0.00546	0.00476
3	0.00715	0.00478	0.00607	0.00678	0.00717	0.00454	0.00448	0.00781	0.00979	0.01333	0.05815	0.49207	0.06413	0.14660	0.01109	0.07954	0.00346	0.01182	0.05724	0.00401
4	0.01466	0.01447	0.10735	0.08645	0.23503	0.01325	0.08228	0.23148	0.05951	0.04201	0.01163	0.01335	0.00876	0.00539	0.00526	0.00160	0.00634	0.00478	0.00361	0.05280
5	0.01492	0.01175	0.01447	0.01507	0.18653	0.07804	0.00985	0.08895	0.01339	0.14594	0.03287	0.05997	0.01146	0.00631	0.00612	0.00147	0.07897	0.00503	0.00386	0.21502

[dist]
# distance from previous block
# <min> <max>
0	390

# created by:
# /home/cegg/simao/soft/augustus-3.2.1/scripts/msa2prfl.pl ./align_prep/EOG091G15HS.fa
