[name]
unknown

[dist]
# distance from previous block
# <min> <max>
0	33

[block]
# block no. 0 follows, 53 sequences, length 51
# corresponding to MSA columns:
# 45-57,62-99
name=unknown_A
#
# <colnr> <probs for GDERKNQSTAVLIFYWHMCP>
#	G	D	E	R	K	N	Q	S	T	A	V	L	I	F	Y	W	H	M	C	P
0	0.72055	0.00901	0.00750	0.00668	0.00961	0.01014	0.00553	0.03258	0.00893	0.04411	0.00855	0.01149	0.00712	0.00510	0.00334	0.00149	0.00379	0.05745	0.00319	0.04383
1	0.09826	0.00879	0.01358	0.69966	0.02965	0.01082	0.01225	0.04726	0.00999	0.01398	0.00844	0.01217	0.00633	0.00479	0.00459	0.00157	0.00604	0.00408	0.00233	0.00542
2	0.00676	0.00489	0.00639	0.00601	0.00714	0.00451	0.00451	0.00902	0.01353	0.01917	0.79969	0.03570	0.04510	0.00977	0.00564	0.00150	0.00225	0.00864	0.00526	0.00451
3	0.00903	0.00850	0.01434	0.82054	0.03292	0.01062	0.01327	0.01221	0.00956	0.01221	0.00850	0.01274	0.00637	0.00478	0.00478	0.00159	0.00637	0.00425	0.00212	0.00531
4	0.01189	0.01027	0.01081	0.00973	0.01243	0.01189	0.00757	0.02540	0.79357	0.01999	0.01945	0.01783	0.01459	0.00648	0.00486	0.00162	0.00378	0.00540	0.00486	0.00757
5	0.01183	0.01136	0.01940	0.02934	0.80221	0.01136	0.01467	0.01467	0.01088	0.01562	0.00899	0.01183	0.00757	0.00426	0.00473	0.00142	0.00568	0.00426	0.00237	0.00757
6	0.01189	0.01027	0.01081	0.00973	0.01243	0.01189	0.00757	0.02540	0.79357	0.01999	0.01945	0.01783	0.01459	0.00648	0.00486	0.00162	0.00378	0.00540	0.00486	0.00757
7	0.00657	0.00488	0.00612	0.00581	0.00702	0.00443	0.00436	0.00864	0.01307	0.01808	0.66895	0.03749	0.17651	0.01018	0.00564	0.00152	0.00228	0.00890	0.00512	0.00443
8	0.01183	0.01136	0.01940	0.02934	0.80221	0.01136	0.01467	0.01467	0.01088	0.01562	0.00899	0.01183	0.00757	0.00426	0.00473	0.00142	0.00568	0.00426	0.00237	0.00757
9	0.07275	0.01121	0.01852	0.02769	0.74564	0.01131	0.01399	0.01462	0.01069	0.01603	0.00882	0.01154	0.00740	0.00427	0.00461	0.00142	0.00554	0.00414	0.00241	0.00740
10	0.02121	0.00851	0.01132	0.00868	0.01239	0.00758	0.00717	0.07772	0.01431	0.75021	0.01833	0.01593	0.01157	0.00590	0.00480	0.00148	0.00415	0.00477	0.00583	0.00813
11	0.02051	0.00964	0.01202	0.00922	0.01295	0.00926	0.00761	0.24152	0.01619	0.58374	0.01675	0.01490	0.01077	0.00586	0.00480	0.00147	0.00441	0.00466	0.00559	0.00813
12	0.00944	0.00883	0.01481	0.59973	0.18927	0.01033	0.01294	0.01249	0.01011	0.01341	0.06504	0.01419	0.00938	0.00503	0.00483	0.00155	0.00594	0.00456	0.00240	0.00572
13	0.00721	0.00562	0.00732	0.00782	0.06396	0.02043	0.00529	0.00930	0.01281	0.01785	0.62450	0.11466	0.06519	0.00989	0.00559	0.00154	0.00268	0.00878	0.00489	0.00467
14	0.00584	0.00490	0.00511	0.00519	0.00675	0.00417	0.00398	0.00716	0.01097	0.01318	0.06578	0.04638	0.71832	0.01213	0.00573	0.00166	0.00258	0.07163	0.00446	0.00408
15	0.00565	0.00484	0.00484	0.00484	0.00646	0.00403	0.00363	0.00686	0.01089	0.01291	0.04842	0.04600	0.80027	0.01210	0.00565	0.00161	0.00242	0.01009	0.00444	0.00403
16	0.01002	0.02462	0.76544	0.01355	0.02038	0.05334	0.01722	0.01534	0.01027	0.01496	0.00851	0.01001	0.00606	0.00456	0.00453	0.00150	0.00715	0.00351	0.00204	0.00698
17	0.01183	0.01136	0.01940	0.02934	0.80221	0.01136	0.01467	0.01467	0.01088	0.01562	0.00899	0.01183	0.00757	0.00426	0.00473	0.00142	0.00568	0.00426	0.00237	0.00757
18	0.00702	0.00540	0.00805	0.00794	0.00875	0.00643	0.00621	0.00869	0.00766	0.01112	0.01246	0.01834	0.01165	0.03440	0.77107	0.00739	0.05551	0.00507	0.00254	0.00432
19	0.00683	0.00512	0.00768	0.00768	0.00853	0.00597	0.00597	0.00853	0.00768	0.01110	0.01280	0.01878	0.01195	0.03585	0.81308	0.00768	0.01280	0.00512	0.00256	0.00427
20	0.01191	0.01004	0.01078	0.00957	0.01235	0.01127	0.00755	0.07767	0.62977	0.02002	0.01851	0.01929	0.01448	0.00668	0.00488	0.00158	0.00391	0.05749	0.00468	0.06754
21	0.00945	0.00893	0.01510	0.70124	0.14891	0.01073	0.01348	0.01258	0.00976	0.01273	0.00857	0.01261	0.00655	0.00470	0.00477	0.00157	0.00627	0.00425	0.00216	0.00565
22	0.00582	0.00416	0.00555	0.00666	0.00693	0.00388	0.00444	0.00666	0.00915	0.01220	0.02634	0.82891	0.03161	0.01497	0.00610	0.00194	0.00277	0.01359	0.00444	0.00388
23	0.23425	0.01000	0.00982	0.00883	0.01160	0.01158	0.00694	0.02244	0.58904	0.02037	0.01612	0.01521	0.01214	0.00595	0.00437	0.00158	0.00376	0.00467	0.00437	0.00694
24	0.00967	0.00934	0.00843	0.00851	0.00957	0.18346	0.00613	0.05494	0.04609	0.01338	0.01996	0.51658	0.02258	0.02546	0.00629	0.00179	0.03934	0.00986	0.00391	0.00470
25	0.01261	0.79221	0.06626	0.00847	0.01271	0.01850	0.00868	0.01436	0.00973	0.01145	0.00675	0.00779	0.00613	0.00411	0.00314	0.00105	0.00521	0.00261	0.00204	0.00618
26	0.00695	0.00463	0.00521	0.00521	0.00521	0.00463	0.00290	0.00695	0.00695	0.00927	0.01506	0.03128	0.01738	0.83203	0.02433	0.00463	0.00463	0.00695	0.00290	0.00290
27	0.01080	0.12349	0.01650	0.01220	0.01291	0.01514	0.03519	0.01201	0.00778	0.01159	0.00643	0.01015	0.00629	0.00764	0.01363	0.00193	0.68482	0.00401	0.00210	0.00539
28	0.01129	0.00966	0.01027	0.00928	0.01182	0.01105	0.00720	0.02351	0.70612	0.01974	0.08763	0.02010	0.03734	0.00691	0.00495	0.00161	0.00362	0.00580	0.00489	0.00721
29	0.01785	0.02278	0.01354	0.01231	0.01478	0.81284	0.00924	0.01909	0.01354	0.01170	0.00739	0.00862	0.00616	0.00493	0.00431	0.00123	0.00862	0.00308	0.00246	0.00554
30	0.01183	0.01136	0.01940	0.02934	0.80221	0.01136	0.01467	0.01467	0.01088	0.01562	0.00899	0.01183	0.00757	0.00426	0.00473	0.00142	0.00568	0.00426	0.00237	0.00757
31	0.00903	0.00850	0.01434	0.82054	0.03292	0.01062	0.01327	0.01221	0.00956	0.01221	0.00850	0.01274	0.00637	0.00478	0.00478	0.00159	0.00637	0.00425	0.00212	0.00531
32	0.00619	0.00484	0.00561	0.00547	0.00680	0.00426	0.00408	0.00788	0.01209	0.01587	0.40638	0.07044	0.41079	0.01110	0.00566	0.00157	0.00235	0.00953	0.00483	0.00426
33	0.00879	0.00448	0.00457	0.00455	0.00566	0.00446	0.00341	0.01101	0.01023	0.01790	0.06105	0.01886	0.01416	0.00581	0.00347	0.00114	0.00223	0.00470	0.80909	0.00446
34	0.00996	0.11901	0.71623	0.01299	0.01971	0.01201	0.01656	0.01504	0.01005	0.01468	0.00835	0.00981	0.00606	0.00449	0.00437	0.00146	0.00684	0.00342	0.00202	0.00696
35	0.00969	0.05092	0.78197	0.01345	0.02041	0.01135	0.01735	0.01511	0.01008	0.01501	0.00851	0.01001	0.00606	0.00453	0.00449	0.00150	0.00700	0.00350	0.00202	0.00703
36	0.00583	0.00485	0.00510	0.00503	0.00657	0.00411	0.00378	0.00721	0.01133	0.01394	0.17203	0.04430	0.67602	0.01172	0.00565	0.00160	0.00239	0.00985	0.00457	0.00411
37	0.02135	0.00829	0.01119	0.00858	0.01228	0.00726	0.00709	0.04590	0.01394	0.78254	0.01864	0.01613	0.01172	0.00591	0.00481	0.00148	0.00410	0.00479	0.00588	0.00813
38	0.00641	0.00521	0.00537	0.00523	0.00694	0.00454	0.00395	0.00833	0.05230	0.03340	0.07276	0.04340	0.71234	0.01157	0.00559	0.00161	0.00253	0.00966	0.00453	0.00434
39	0.00571	0.00482	0.00495	0.00496	0.00651	0.00406	0.00370	0.00697	0.01098	0.01323	0.08791	0.06865	0.73714	0.01207	0.00566	0.00162	0.00242	0.01011	0.00448	0.00406
40	0.00991	0.00850	0.00991	0.00708	0.01133	0.00637	0.00566	0.01203	0.00991	0.01557	0.00850	0.00991	0.00708	0.00354	0.00354	0.00071	0.00354	0.00283	0.00283	0.86124
41	0.01688	0.01275	0.01362	0.01074	0.01433	0.01422	0.00877	0.63064	0.18020	0.02805	0.01311	0.01278	0.00945	0.00589	0.00480	0.00147	0.00496	0.00453	0.00480	0.00801
42	0.01183	0.01136	0.01940	0.02934	0.80221	0.01136	0.01467	0.01467	0.01088	0.01562	0.00899	0.01183	0.00757	0.00426	0.00473	0.00142	0.00568	0.00426	0.00237	0.00757
43	0.01076	0.00979	0.01463	0.14488	0.34074	0.00930	0.01066	0.03184	0.01056	0.01541	0.00877	0.01119	0.00720	0.00408	0.00426	0.00116	0.00491	0.00368	0.00257	0.35361
44	0.00596	0.00426	0.00570	0.00681	0.00714	0.00400	0.00467	0.00689	0.00928	0.01235	0.02627	0.77362	0.03132	0.01485	0.00614	0.00196	0.00289	0.06755	0.00443	0.00392
45	0.00920	0.00867	0.01465	0.77126	0.08083	0.01067	0.01336	0.01236	0.00964	0.01242	0.00853	0.01269	0.00645	0.00475	0.00478	0.00158	0.00633	0.00425	0.00214	0.00545
46	0.01785	0.02278	0.01354	0.01231	0.01478	0.81284	0.00924	0.01909	0.01354	0.01170	0.00739	0.00862	0.00616	0.00493	0.00431	0.00123	0.00862	0.00308	0.00246	0.00554
47	0.01169	0.01126	0.01938	0.06475	0.74936	0.01134	0.03265	0.01457	0.01083	0.01545	0.00898	0.01190	0.00751	0.00428	0.00476	0.00143	0.00577	0.00429	0.00236	0.00744
48	0.00570	0.00484	0.00492	0.00490	0.00649	0.00406	0.00367	0.00696	0.01102	0.01321	0.08430	0.04551	0.76420	0.01199	0.00565	0.00161	0.00241	0.01002	0.00448	0.00406
49	0.02136	0.00827	0.01118	0.00857	0.01227	0.00723	0.00708	0.04355	0.01391	0.78493	0.01866	0.01614	0.01173	0.00591	0.00481	0.00148	0.00410	0.00479	0.00589	0.00813
50	0.86579	0.00924	0.00702	0.00629	0.00924	0.01072	0.00518	0.01405	0.00813	0.02144	0.00666	0.00776	0.00518	0.00444	0.00296	0.00148	0.00370	0.00259	0.00296	0.00518

[dist]
# distance from previous block
# <min> <max>
0	20

[block]
# block no. 1 follows, 53 sequences, length 41
# corresponding to MSA columns:
# 120-160
name=unknown_B
#
# <colnr> <probs for GDERKNQSTAVLIFYWHMCP>
#	G	D	E	R	K	N	Q	S	T	A	V	L	I	F	Y	W	H	M	C	P
0	0.00690	0.00485	0.00630	0.00630	0.00667	0.00522	0.00425	0.00765	0.00727	0.01007	0.01407	0.02580	0.01500	0.48293	0.37017	0.00597	0.00822	0.00615	0.00275	0.00350
1	0.00764	0.00507	0.00644	0.00598	0.00732	0.00461	0.00453	0.00975	0.01312	0.06765	0.63831	0.03498	0.12615	0.00964	0.00550	0.00150	0.00239	0.00841	0.03633	0.00468
2	0.01189	0.01027	0.01081	0.00973	0.01243	0.01189	0.00757	0.02540	0.79357	0.01999	0.01945	0.01783	0.01459	0.00648	0.00486	0.00162	0.00378	0.00540	0.00486	0.00757
3	0.01054	0.04052	0.01502	0.01239	0.01254	0.01480	0.01037	0.01161	0.00741	0.01149	0.00629	0.01036	0.00627	0.00821	0.01523	0.00205	0.79344	0.00412	0.00209	0.00526
4	0.00582	0.00416	0.00555	0.00666	0.00693	0.00388	0.00444	0.00666	0.00915	0.01220	0.02634	0.82891	0.03161	0.01497	0.00610	0.00194	0.00277	0.01359	0.00444	0.00388
5	0.00770	0.00550	0.00770	0.00880	0.00990	0.00550	0.00770	0.00990	0.01100	0.01430	0.02531	0.05391	0.02751	0.01320	0.00660	0.00220	0.00440	0.77004	0.00440	0.00440
6	0.06018	0.01094	0.01817	0.11055	0.67679	0.01124	0.01398	0.01438	0.01059	0.01559	0.00881	0.01169	0.00731	0.00432	0.00464	0.00144	0.00564	0.00416	0.00237	0.00720
7	0.00903	0.00850	0.01434	0.82054	0.03292	0.01062	0.01327	0.01221	0.00956	0.01221	0.00850	0.01274	0.00637	0.00478	0.00478	0.00159	0.00637	0.00425	0.00212	0.00531
8	0.00580	0.00464	0.00520	0.00559	0.00674	0.00404	0.00404	0.00694	0.01039	0.01289	0.06077	0.30399	0.50330	0.01302	0.00583	0.00174	0.00259	0.03402	0.00446	0.00401
9	0.01144	0.01175	0.06664	0.26780	0.02600	0.01110	0.42770	0.01509	0.01090	0.08881	0.01011	0.01300	0.00734	0.00447	0.00523	0.00159	0.00710	0.00501	0.00263	0.00629
10	0.01027	0.01022	0.01502	0.38095	0.12411	0.05805	0.02918	0.01261	0.00939	0.01260	0.02200	0.02942	0.00771	0.00608	0.00807	0.00170	0.25029	0.00447	0.00228	0.00557
11	0.61658	0.01039	0.00910	0.00764	0.01083	0.01186	0.00629	0.22456	0.02897	0.02378	0.00824	0.00899	0.00618	0.00484	0.00350	0.00147	0.00412	0.00312	0.00350	0.00603
12	0.01081	0.00994	0.01545	0.01107	0.01547	0.00834	0.23477	0.03853	0.01080	0.03145	0.00914	0.01096	0.00726	0.00380	0.00422	0.00101	0.00493	0.00374	0.00283	0.56547
13	0.00676	0.00489	0.00639	0.00601	0.00714	0.00451	0.00451	0.00902	0.01353	0.01917	0.79969	0.03570	0.04510	0.00977	0.00564	0.00150	0.00225	0.00864	0.00526	0.00451
14	0.00903	0.00850	0.01434	0.82054	0.03292	0.01062	0.01327	0.01221	0.00956	0.01221	0.00850	0.01274	0.00637	0.00478	0.00478	0.00159	0.00637	0.00425	0.00212	0.00531
15	0.86579	0.00924	0.00702	0.00629	0.00924	0.01072	0.00518	0.01405	0.00813	0.02144	0.00666	0.00776	0.00518	0.00444	0.00296	0.00148	0.00370	0.00259	0.00296	0.00518
16	0.00565	0.00484	0.00484	0.00484	0.00646	0.00403	0.00363	0.00686	0.01089	0.01291	0.04842	0.04600	0.80027	0.01210	0.00565	0.00161	0.00242	0.01009	0.00444	0.00403
17	0.01817	0.01339	0.01434	0.01100	0.01482	0.01482	0.00908	0.78627	0.02247	0.03012	0.01148	0.01148	0.00813	0.00574	0.00478	0.00143	0.00526	0.00430	0.00478	0.00813
18	0.00585	0.00497	0.00506	0.00509	0.00666	0.00426	0.00380	0.00740	0.03430	0.01308	0.04627	0.09039	0.73226	0.01210	0.00565	0.00163	0.00248	0.01015	0.00445	0.00413
19	0.01183	0.01136	0.01940	0.02934	0.80221	0.01136	0.01467	0.01467	0.01088	0.01562	0.00899	0.01183	0.00757	0.00426	0.00473	0.00142	0.00568	0.00426	0.00237	0.00757
20	0.00582	0.00416	0.00555	0.00666	0.00693	0.00388	0.00444	0.00666	0.00915	0.01220	0.02634	0.82891	0.03161	0.01497	0.00610	0.00194	0.00277	0.01359	0.00444	0.00388
21	0.01128	0.01289	0.02820	0.02015	0.02498	0.01209	0.78485	0.01531	0.01128	0.01531	0.00967	0.01289	0.00725	0.00403	0.00564	0.00161	0.00806	0.00564	0.00242	0.00645
22	0.00959	0.02472	0.80726	0.01362	0.02069	0.01110	0.01766	0.01514	0.01009	0.01514	0.00858	0.01009	0.00605	0.00454	0.00454	0.00151	0.00706	0.00353	0.00202	0.00706
23	0.00967	0.04504	0.78765	0.01349	0.02048	0.01130	0.01742	0.01512	0.01008	0.01504	0.00853	0.01003	0.00606	0.00453	0.00450	0.00150	0.00701	0.00351	0.00202	0.00704
24	0.00959	0.02472	0.80726	0.01362	0.02069	0.01110	0.01766	0.01514	0.01009	0.01514	0.00858	0.01009	0.00605	0.00454	0.00454	0.00151	0.00706	0.00353	0.00202	0.00706
25	0.00898	0.00839	0.01410	0.79153	0.03210	0.01044	0.01307	0.01213	0.00961	0.01229	0.00910	0.01421	0.00713	0.00508	0.00484	0.00161	0.00630	0.03162	0.00221	0.00528
26	0.00959	0.02472	0.80726	0.01362	0.02069	0.01110	0.01766	0.01514	0.01009	0.01514	0.00858	0.01009	0.00605	0.00454	0.00454	0.00151	0.00706	0.00353	0.00202	0.00706
27	0.00903	0.00850	0.01434	0.82054	0.03292	0.01062	0.01327	0.01221	0.00956	0.01221	0.00850	0.01274	0.00637	0.00478	0.00478	0.00159	0.00637	0.00425	0.00212	0.00531
28	0.00903	0.00850	0.01434	0.82054	0.03292	0.01062	0.01327	0.01221	0.00956	0.01221	0.00850	0.01274	0.00637	0.00478	0.00478	0.00159	0.00637	0.00425	0.00212	0.00531
29	0.01229	0.76499	0.04508	0.00824	0.01219	0.01783	0.00822	0.01389	0.00969	0.01141	0.00784	0.05518	0.00760	0.00473	0.00328	0.00109	0.00503	0.00322	0.00218	0.00603
30	0.01756	0.06970	0.01421	0.01207	0.01463	0.76696	0.00917	0.01881	0.01332	0.01167	0.00735	0.00856	0.00616	0.00488	0.00424	0.00122	0.00842	0.00305	0.00244	0.00558
31	0.00684	0.00506	0.00739	0.00739	0.00815	0.00582	0.00562	0.00835	0.00760	0.01088	0.01307	0.02024	0.01258	0.12873	0.72106	0.00733	0.01185	0.00533	0.00260	0.00411
32	0.00676	0.00489	0.00639	0.00601	0.00714	0.00451	0.00451	0.00902	0.01353	0.01917	0.79969	0.03570	0.04510	0.00977	0.00564	0.00150	0.00225	0.00864	0.00526	0.00451
33	0.00991	0.00850	0.00991	0.00708	0.01133	0.00637	0.00566	0.01203	0.00991	0.01557	0.00850	0.00991	0.00708	0.00354	0.00354	0.00071	0.00354	0.00283	0.00283	0.86124
34	0.01094	0.19607	0.59556	0.01217	0.01841	0.01253	0.01504	0.01543	0.01021	0.05933	0.00875	0.00993	0.00640	0.00452	0.00424	0.00141	0.00648	0.00340	0.00225	0.00693
35	0.00701	0.00522	0.00678	0.00665	0.02647	0.00490	0.00482	0.00960	0.03885	0.01883	0.72196	0.03500	0.07651	0.00963	0.00559	0.00151	0.00239	0.00850	0.00514	0.00466
36	0.01782	0.01305	0.01397	0.01075	0.01447	0.01443	0.00887	0.75705	0.02200	0.02966	0.01163	0.01171	0.00828	0.00573	0.00473	0.00142	0.00515	0.00431	0.03697	0.00799
37	0.01980	0.00827	0.03293	0.00836	0.01186	0.00693	0.00701	0.02169	0.01306	0.70775	0.01818	0.01677	0.01190	0.03766	0.02318	0.00172	0.00430	0.00485	0.03609	0.00769
38	0.00578	0.00434	0.00536	0.00616	0.00680	0.00392	0.00422	0.00671	0.00962	0.01239	0.03233	0.61671	0.23995	0.01420	0.00598	0.00185	0.00268	0.01264	0.00444	0.00392
39	0.01175	0.37325	0.37096	0.01071	0.01590	0.06043	0.01224	0.01509	0.01023	0.03557	0.00823	0.00942	0.00649	0.00445	0.00385	0.00127	0.00604	0.00315	0.03446	0.00651
40	0.01079	0.01155	0.03958	0.04471	0.03229	0.02382	0.41313	0.02708	0.05555	0.01466	0.01063	0.03854	0.00903	0.03685	0.00812	0.00181	0.16750	0.01775	0.03061	0.00597

[dist]
# distance from previous block
# <min> <max>
0	2

[block]
# block no. 2 follows, 53 sequences, length 16
# corresponding to MSA columns:
# 163-178
name=unknown_C
#
# <colnr> <probs for GDERKNQSTAVLIFYWHMCP>
#	G	D	E	R	K	N	Q	S	T	A	V	L	I	F	Y	W	H	M	C	P
0	0.01102	0.45686	0.32910	0.01019	0.01516	0.01475	0.01160	0.01407	0.00982	0.01284	0.00886	0.06953	0.00799	0.00507	0.00387	0.00128	0.00570	0.00376	0.00221	0.00633
1	0.00726	0.00579	0.00631	0.00596	0.00762	0.00541	0.00452	0.07548	0.04710	0.01603	0.20606	0.08749	0.48556	0.01097	0.00556	0.00159	0.00271	0.00928	0.00467	0.00464
2	0.00595	0.00477	0.00492	0.00498	0.00645	0.00408	0.00370	0.00725	0.01082	0.01349	0.07588	0.09525	0.65947	0.01171	0.00551	0.00159	0.00242	0.00984	0.06783	0.00408
3	0.00931	0.02320	0.74779	0.01311	0.01967	0.01056	0.01668	0.01451	0.01002	0.01492	0.00990	0.07083	0.00795	0.00531	0.00466	0.00155	0.00675	0.00428	0.00220	0.00683
4	0.00657	0.00488	0.00612	0.00581	0.00702	0.00443	0.00436	0.00864	0.01307	0.01806	0.66728	0.03752	0.17820	0.01018	0.00564	0.00152	0.00228	0.00890	0.00512	0.00443
5	0.01253	0.78189	0.02373	0.00794	0.01184	0.01799	0.00787	0.01411	0.00973	0.01166	0.00722	0.00832	0.00652	0.00418	0.00308	0.00103	0.00493	0.00268	0.05672	0.00603
6	0.01193	0.01039	0.01080	0.00814	0.01207	0.07735	0.00649	0.12072	0.03440	0.03178	0.01004	0.01102	0.02193	0.00425	0.00388	0.00091	0.00421	0.00330	0.00321	0.61318
7	0.01214	0.66311	0.13318	0.00927	0.01369	0.01719	0.02975	0.01456	0.02699	0.01208	0.00742	0.00863	0.00647	0.00495	0.02241	0.00128	0.00561	0.00290	0.00212	0.00626
8	0.01189	0.01027	0.01081	0.00973	0.01243	0.01189	0.00757	0.02540	0.79357	0.01999	0.01945	0.01783	0.01459	0.00648	0.00486	0.00162	0.00378	0.00540	0.00486	0.00757
9	0.01149	0.03283	0.01780	0.07438	0.62453	0.04435	0.01337	0.01419	0.01101	0.01522	0.04478	0.01491	0.01011	0.00503	0.00481	0.00146	0.00561	0.04453	0.00258	0.00701
10	0.01032	0.21183	0.62661	0.01237	0.01874	0.01290	0.01547	0.01495	0.01000	0.01424	0.00813	0.00953	0.00607	0.00444	0.00420	0.00140	0.00661	0.00331	0.00202	0.00685
11	0.00742	0.00530	0.00738	0.00849	0.00946	0.00526	0.00722	0.00942	0.01073	0.01399	0.02546	0.16831	0.02811	0.01346	0.00653	0.00216	0.00416	0.65838	0.00441	0.00432
12	0.00592	0.00423	0.00566	0.00677	0.00709	0.00397	0.00461	0.00683	0.00925	0.01231	0.02629	0.78825	0.03140	0.01488	0.00613	0.00195	0.00286	0.05327	0.00443	0.00391
13	0.01241	0.01082	0.01823	0.09853	0.66493	0.01092	0.01388	0.01519	0.01101	0.08355	0.00980	0.01229	0.00783	0.00445	0.00474	0.00144	0.00560	0.00430	0.00265	0.00742
14	0.00968	0.00802	0.05872	0.00954	0.01136	0.00743	0.06043	0.05579	0.03160	0.08475	0.06459	0.23284	0.02198	0.02844	0.00709	0.00193	0.07503	0.22141	0.00411	0.00524
15	0.00613	0.00442	0.00583	0.00684	0.00732	0.00416	0.00485	0.00718	0.00949	0.01250	0.02731	0.63825	0.07968	0.03525	0.00661	0.00203	0.00305	0.13075	0.00439	0.00395

[dist]
# distance from previous block
# <min> <max>
1	3

[block]
# block no. 3 follows, 53 sequences, length 13
# corresponding to MSA columns:
# 192-204
name=unknown_D
#
# <colnr> <probs for GDERKNQSTAVLIFYWHMCP>
#	G	D	E	R	K	N	Q	S	T	A	V	L	I	F	Y	W	H	M	C	P
0	0.25381	0.03452	0.00986	0.00835	0.01070	0.13889	0.00662	0.04582	0.07282	0.11989	0.01227	0.08123	0.01026	0.00624	0.00493	0.00148	0.06716	0.00452	0.10486	0.00576
1	0.05092	0.05045	0.06340	0.01316	0.11096	0.36676	0.00961	0.10373	0.02755	0.01464	0.00837	0.01030	0.00693	0.00639	0.00643	0.10317	0.03519	0.00356	0.00268	0.00581
2	0.00569	0.00467	0.00502	0.00529	0.00657	0.00400	0.00383	0.00681	0.01046	0.01274	0.04294	0.24029	0.60951	0.01282	0.00576	0.00170	0.00251	0.01096	0.00444	0.00400
3	0.01321	0.01013	0.01164	0.04059	0.01342	0.02676	0.01938	0.20934	0.08233	0.08658	0.01194	0.01288	0.02068	0.00492	0.00425	0.00113	0.00433	0.01542	0.00377	0.40730
4	0.51082	0.01259	0.01028	0.01058	0.10461	0.18977	0.00738	0.05225	0.01051	0.01893	0.02938	0.00939	0.00693	0.00474	0.00363	0.00142	0.00507	0.00315	0.00293	0.00566
5	0.00601	0.00431	0.00572	0.00652	0.00697	0.00401	0.00445	0.00714	0.01004	0.01362	0.18377	0.66744	0.03436	0.01392	0.00601	0.00185	0.00267	0.01258	0.00460	0.00401
6	0.01068	0.01174	0.02446	0.01782	0.02181	0.01141	0.62651	0.01424	0.01121	0.01544	0.10296	0.01539	0.01165	0.00508	0.00650	0.00164	0.07676	0.00587	0.00273	0.00611
7	0.00705	0.00522	0.00648	0.00656	0.00749	0.00512	0.00473	0.00973	0.08813	0.01578	0.36130	0.24795	0.05639	0.10848	0.00795	0.00204	0.00294	0.04757	0.00465	0.00443
8	0.01196	0.00947	0.01032	0.00890	0.01168	0.01022	0.00703	0.13322	0.43140	0.05049	0.08497	0.02099	0.08053	0.00703	0.00491	0.00152	0.00377	0.02720	0.00470	0.07969
9	0.06464	0.01112	0.02153	0.01590	0.01976	0.01073	0.51992	0.05273	0.03825	0.01574	0.01031	0.01434	0.00832	0.00605	0.00691	0.10337	0.00673	0.03448	0.00271	0.03646
10	0.01074	0.00871	0.01005	0.00763	0.01127	0.00745	0.00606	0.14019	0.01216	0.01793	0.06009	0.08203	0.01174	0.00528	0.00410	0.00098	0.00368	0.00436	0.00345	0.59211
11	0.08361	0.00923	0.01250	0.01308	0.17256	0.02213	0.07070	0.04765	0.13888	0.13632	0.04003	0.05980	0.11397	0.03844	0.00563	0.00165	0.00445	0.00590	0.00394	0.01953
12	0.02651	0.01034	0.03362	0.00901	0.01200	0.08172	0.02125	0.04216	0.25920	0.17375	0.13052	0.03080	0.02732	0.00639	0.00475	0.00142	0.00421	0.00529	0.00448	0.11526

[dist]
# distance from previous block
# <min> <max>
2	32

# created by:
# /home/cegg/simao/soft/augustus-3.2.1/scripts/msa2prfl.pl ./align_prep/EOG091G0TNU.fa
