[name]
unknown

[dist]
# distance from previous block
# <min> <max>
0	89

[block]
# block no. 0 follows, 52 sequences, length 62
# corresponding to MSA columns:
# 155-216
name=unknown_A
#
# <colnr> <probs for GDERKNQSTAVLIFYWHMCP>
#	G	D	E	R	K	N	Q	S	T	A	V	L	I	F	Y	W	H	M	C	P
0	0.39806	0.03119	0.01138	0.02645	0.19610	0.02177	0.02614	0.03442	0.00994	0.03235	0.02931	0.07172	0.03052	0.00627	0.00458	0.02685	0.00443	0.02963	0.00313	0.00576
1	0.00709	0.00479	0.00591	0.00591	0.00611	0.00498	0.00371	0.00738	0.00718	0.00977	0.01440	0.02797	0.01590	0.60784	0.20392	0.04806	0.00657	0.00648	0.00282	0.00321
2	0.00942	0.02212	0.67217	0.01348	0.01978	0.01055	0.06397	0.01445	0.01021	0.01504	0.01066	0.09642	0.00894	0.00569	0.00484	0.00159	0.00677	0.00479	0.00233	0.00678
3	0.00610	0.00492	0.00542	0.00530	0.00677	0.00425	0.00397	0.00767	0.01191	0.01515	0.29235	0.04324	0.55295	0.01150	0.00572	0.00160	0.00240	0.00975	0.00477	0.00425
4	0.01433	0.01565	0.01326	0.01233	0.05511	0.35065	0.04962	0.02917	0.30595	0.01613	0.04831	0.01418	0.01155	0.00580	0.00487	0.00145	0.01696	0.00453	0.02364	0.00650
5	0.00596	0.00426	0.00568	0.00671	0.00704	0.00398	0.00450	0.00690	0.00955	0.01281	0.07457	0.77742	0.03290	0.01485	0.00616	0.00194	0.00278	0.01346	0.00455	0.00398
6	0.01296	0.83261	0.02539	0.00829	0.01244	0.01917	0.00829	0.01451	0.00985	0.01140	0.00674	0.00777	0.00622	0.00415	0.00311	0.00104	0.00518	0.00259	0.00207	0.00622
7	0.01279	0.03465	0.01938	0.13011	0.09694	0.15287	0.24369	0.08138	0.01181	0.01499	0.00873	0.01160	0.00701	0.00562	0.01668	0.00167	0.13677	0.00449	0.00256	0.00624
8	0.02206	0.00903	0.01499	0.68092	0.11329	0.01106	0.01334	0.01264	0.00969	0.01285	0.00852	0.01263	0.00657	0.00497	0.00538	0.00162	0.04834	0.00428	0.00219	0.00562
9	0.01183	0.01123	0.01858	0.04663	0.69791	0.01126	0.01398	0.01525	0.05228	0.01598	0.00964	0.01224	0.00800	0.00441	0.00474	0.00142	0.00556	0.00430	0.00255	0.05221
10	0.00595	0.00430	0.00564	0.00661	0.00702	0.00398	0.00446	0.00691	0.00965	0.01285	0.07576	0.73607	0.07348	0.01470	0.00613	0.00192	0.00276	0.01328	0.00455	0.00398
11	0.01153	0.01104	0.01883	0.15899	0.67386	0.01139	0.01464	0.01446	0.01081	0.01527	0.00903	0.01215	0.00748	0.00440	0.00481	0.00147	0.00587	0.00432	0.00236	0.00730
12	0.01220	0.01048	0.01104	0.00989	0.01266	0.01212	0.00770	0.04268	0.77355	0.02050	0.01954	0.01794	0.01465	0.00656	0.00493	0.00164	0.00387	0.00545	0.00493	0.00768
13	0.01000	0.00861	0.01028	0.04964	0.01263	0.00669	0.00615	0.01221	0.01003	0.01561	0.00861	0.01020	0.00714	0.00365	0.00365	0.00076	0.00374	0.00295	0.00283	0.81460
14	0.10126	0.01191	0.01476	0.03903	0.13857	0.15255	0.13807	0.04765	0.02449	0.10568	0.01340	0.13038	0.01215	0.00671	0.00499	0.00157	0.00579	0.04142	0.00343	0.00620
15	0.73736	0.00923	0.00794	0.05701	0.01112	0.01054	0.00592	0.01495	0.00883	0.08927	0.00794	0.00894	0.00591	0.00465	0.00328	0.00151	0.00395	0.00292	0.00321	0.00552
16	0.01466	0.01539	0.01678	0.03821	0.28841	0.27649	0.07575	0.10289	0.06781	0.02783	0.01009	0.02540	0.00819	0.00507	0.00477	0.00142	0.00671	0.00429	0.00297	0.00685
17	0.00724	0.00576	0.00792	0.00724	0.00885	0.00505	0.05576	0.00867	0.01053	0.01437	0.17466	0.30106	0.16372	0.01117	0.00636	0.05486	0.00321	0.00932	0.00412	0.14012
18	0.00665	0.00455	0.00547	0.00583	0.00600	0.00443	0.00357	0.00707	0.00821	0.01102	0.06675	0.30246	0.02424	0.50260	0.01722	0.00358	0.00391	0.00944	0.00361	0.00338
19	0.00975	0.00934	0.05594	0.07105	0.11145	0.02054	0.03154	0.02492	0.23855	0.02538	0.09900	0.12480	0.08392	0.02153	0.04860	0.00200	0.00477	0.00691	0.00394	0.00607
20	0.00708	0.00499	0.00639	0.00608	0.00729	0.00455	0.00454	0.00916	0.01317	0.03917	0.65197	0.08488	0.12177	0.01037	0.00572	0.00156	0.00238	0.00912	0.00521	0.00458
21	0.01082	0.02495	0.11462	0.02482	0.05254	0.03870	0.00826	0.04827	0.01083	0.01612	0.00871	0.01021	0.00705	0.00395	0.00388	0.00094	0.00452	0.00314	0.00279	0.60488
22	0.01716	0.01551	0.01340	0.01105	0.01426	0.24361	0.00878	0.44148	0.10106	0.02340	0.01152	0.01182	0.00858	0.00565	0.00464	0.00140	0.00599	0.00413	0.04933	0.00723
23	0.00995	0.02335	0.70110	0.01494	0.05744	0.01141	0.06507	0.01525	0.01028	0.01529	0.00873	0.01050	0.00629	0.00465	0.00495	0.00155	0.02629	0.00376	0.00209	0.00710
24	0.05511	0.00910	0.01110	0.00940	0.06074	0.00814	0.00702	0.11234	0.02225	0.21855	0.02426	0.05514	0.01044	0.00531	0.00431	0.00118	0.00403	0.00434	0.00404	0.37319
25	0.00589	0.00427	0.00557	0.00661	0.00699	0.00395	0.00444	0.00676	0.00941	0.01243	0.02844	0.76628	0.09118	0.01496	0.00615	0.00194	0.00278	0.01350	0.00450	0.00395
26	0.06639	0.00831	0.01103	0.00850	0.01221	0.00732	0.00702	0.02312	0.01357	0.76141	0.01846	0.01604	0.01164	0.00592	0.00477	0.00150	0.00410	0.00475	0.00584	0.00809
27	0.00719	0.00575	0.00834	0.05451	0.01028	0.00537	0.07350	0.00895	0.01116	0.03479	0.20337	0.26738	0.25242	0.01130	0.00581	0.00172	0.00334	0.02586	0.00441	0.00456
28	0.06517	0.00831	0.01103	0.00851	0.01222	0.00732	0.00703	0.02313	0.01358	0.76254	0.01848	0.01605	0.01165	0.00592	0.00478	0.00150	0.00410	0.00476	0.00584	0.00809
29	0.00677	0.00499	0.00636	0.00612	0.00733	0.00457	0.00466	0.00892	0.01322	0.01832	0.65431	0.03867	0.13979	0.01042	0.00578	0.00158	0.00244	0.05606	0.00517	0.00450
30	0.02154	0.00857	0.01145	0.00878	0.01253	0.00760	0.00725	0.06987	0.01441	0.75580	0.01866	0.01620	0.01177	0.00599	0.00487	0.00150	0.00420	0.00484	0.00593	0.00825
31	0.03159	0.01177	0.05229	0.01007	0.01310	0.09288	0.02630	0.06892	0.38120	0.13589	0.07993	0.01854	0.01525	0.00659	0.00495	0.00157	0.00465	0.03280	0.00460	0.00711
32	0.00972	0.02507	0.80458	0.01381	0.02097	0.01125	0.01790	0.01535	0.01023	0.01535	0.00870	0.01023	0.00614	0.00460	0.00460	0.00153	0.00716	0.00358	0.00205	0.00716
33	0.00834	0.00424	0.00626	0.00626	0.00626	0.00424	0.00414	0.00635	0.00635	0.00847	0.00879	0.01565	0.00891	0.06062	0.01925	0.81298	0.00424	0.00436	0.00215	0.00215
34	0.01444	0.48056	0.03543	0.05138	0.01428	0.19934	0.00902	0.01609	0.01093	0.07341	0.00799	0.00914	0.00669	0.00476	0.00433	0.00122	0.04926	0.00309	0.00248	0.00617
35	0.01578	0.01031	0.01129	0.02670	0.01279	0.07257	0.00783	0.25457	0.03994	0.23794	0.06713	0.02305	0.05360	0.00756	0.00519	0.00159	0.00473	0.12404	0.01651	0.00688
36	0.01144	0.01307	0.02859	0.02042	0.02533	0.01225	0.78186	0.01552	0.01144	0.01552	0.00980	0.01307	0.00735	0.00408	0.00572	0.00163	0.00817	0.00572	0.00245	0.00654
37	0.05706	0.14215	0.06067	0.10333	0.30362	0.06134	0.05693	0.03450	0.07081	0.03595	0.00957	0.01153	0.00765	0.00473	0.00467	0.00143	0.02051	0.00403	0.00269	0.00684
38	0.08425	0.19567	0.27300	0.01524	0.19241	0.07265	0.01274	0.05620	0.02777	0.01579	0.00850	0.01002	0.00673	0.00457	0.00419	0.00138	0.00607	0.00350	0.00246	0.00686
39	0.01128	0.05356	0.01203	0.01185	0.12385	0.06839	0.00806	0.01801	0.32860	0.03643	0.16221	0.04139	0.04563	0.02193	0.00572	0.00161	0.03283	0.00595	0.00418	0.00649
40	0.00576	0.00480	0.00502	0.00520	0.00662	0.00407	0.00381	0.00692	0.01076	0.01298	0.04553	0.17070	0.67573	0.01274	0.00580	0.00169	0.00251	0.01079	0.00450	0.00407
41	0.01294	0.07949	0.10379	0.01925	0.31799	0.12931	0.10130	0.03420	0.01164	0.05621	0.02704	0.03384	0.01867	0.00515	0.00506	0.00145	0.02855	0.00453	0.00274	0.00684
42	0.00891	0.00784	0.01219	0.20848	0.07354	0.00805	0.08940	0.01164	0.05101	0.01354	0.03448	0.13022	0.01441	0.15093	0.02665	0.00222	0.00523	0.02707	0.00306	0.12113
43	0.03671	0.06008	0.01256	0.00966	0.01206	0.04272	0.02028	0.23169	0.01303	0.08081	0.01122	0.01429	0.00938	0.06473	0.18941	0.00311	0.11738	0.00446	0.00346	0.06296
44	0.01480	0.01303	0.01376	0.05110	0.05242	0.15030	0.05589	0.21974	0.21369	0.07115	0.05539	0.01525	0.02744	0.00604	0.00506	0.00150	0.01737	0.00489	0.00412	0.00705
45	0.00781	0.00558	0.00781	0.00892	0.01004	0.00558	0.00781	0.01004	0.01116	0.01450	0.02566	0.05466	0.02789	0.01339	0.00669	0.00223	0.00446	0.76685	0.00446	0.00446
46	0.01025	0.00986	0.01343	0.01136	0.01212	0.01274	0.00937	0.01149	0.00791	0.01230	0.00750	0.01211	0.00735	0.03627	0.03475	0.00212	0.62398	0.01559	0.00232	0.14717
47	0.00592	0.00427	0.00562	0.00669	0.00705	0.00397	0.00451	0.00681	0.00939	0.01244	0.02775	0.77813	0.06826	0.01502	0.00617	0.00196	0.00282	0.02478	0.00450	0.00395
48	0.01271	0.01073	0.01132	0.00999	0.01285	0.01236	0.00783	0.10326	0.71214	0.02132	0.01890	0.01742	0.01412	0.00650	0.00492	0.00162	0.00399	0.00536	0.00492	0.00773
49	0.10458	0.01025	0.01100	0.00917	0.01223	0.03150	0.00734	0.18624	0.26441	0.19937	0.09805	0.01692	0.01478	0.00637	0.00477	0.00153	0.00418	0.00509	0.00493	0.00729
50	0.00599	0.00434	0.00569	0.00673	0.00715	0.00403	0.00461	0.00694	0.00951	0.01253	0.02829	0.72911	0.08778	0.01488	0.00618	0.00196	0.00287	0.05295	0.00450	0.00397
51	0.01161	0.00571	0.00629	0.00564	0.00737	0.00561	0.00439	0.06269	0.01166	0.14468	0.03677	0.01788	0.01297	0.00583	0.00378	0.00122	0.00276	0.00468	0.64312	0.00535
52	0.01664	0.01930	0.01275	0.01138	0.01374	0.59187	0.00853	0.12217	0.01408	0.01412	0.00907	0.01199	0.00795	0.10042	0.02400	0.00181	0.00790	0.00379	0.00287	0.00564
53	0.05708	0.01024	0.01082	0.00968	0.01244	0.01171	0.00763	0.07041	0.64251	0.04110	0.01884	0.01900	0.01450	0.00676	0.00491	0.00165	0.00396	0.04451	0.00483	0.00743
54	0.01609	0.00739	0.00956	0.00776	0.01057	0.00673	0.00624	0.07350	0.01409	0.45868	0.21910	0.03801	0.05221	0.00740	0.00507	0.00150	0.00355	0.00620	0.04952	0.00686
55	0.00677	0.00476	0.00576	0.00618	0.00722	0.00424	0.00443	0.00793	0.01049	0.05389	0.08150	0.42580	0.31612	0.01326	0.00593	0.00180	0.00276	0.03226	0.00463	0.00427
56	0.01276	0.78344	0.07284	0.00863	0.01296	0.01869	0.00888	0.01456	0.00987	0.01164	0.00686	0.00792	0.00621	0.00417	0.00320	0.00107	0.00530	0.00265	0.00207	0.00628
57	0.01679	0.02087	0.01419	0.09728	0.06564	0.67751	0.01013	0.01835	0.01314	0.01216	0.00771	0.00938	0.00635	0.00494	0.00445	0.00130	0.00832	0.00332	0.00246	0.00572
58	0.01050	0.00944	0.01076	0.00884	0.05957	0.04821	0.00649	0.01264	0.01024	0.01547	0.00871	0.01035	0.00729	0.00460	0.02574	0.00098	0.00424	0.00304	0.00282	0.74009
59	0.10696	0.01278	0.01147	0.07421	0.01407	0.20356	0.00818	0.09044	0.18576	0.03790	0.01219	0.01435	0.00980	0.01683	0.00538	0.00152	0.05332	0.03439	0.04874	0.05815
60	0.01267	0.02243	0.06642	0.08085	0.09235	0.17205	0.18834	0.08053	0.05948	0.01545	0.01082	0.07537	0.00936	0.00598	0.00610	0.00158	0.08590	0.00514	0.00288	0.00629
61	0.00874	0.05066	0.01168	0.24317	0.11682	0.02151	0.00894	0.01077	0.00984	0.01318	0.03312	0.17467	0.10327	0.02694	0.04053	0.00196	0.05607	0.00690	0.05610	0.00513

[dist]
# distance from previous block
# <min> <max>
4	37

[block]
# block no. 1 follows, 52 sequences, length 16
# corresponding to MSA columns:
# 254-269
name=unknown_B
#
# <colnr> <probs for GDERKNQSTAVLIFYWHMCP>
#	G	D	E	R	K	N	Q	S	T	A	V	L	I	F	Y	W	H	M	C	P
0	0.04015	0.06127	0.09186	0.10818	0.04056	0.26232	0.09769	0.09036	0.08743	0.04252	0.00992	0.01135	0.00760	0.00509	0.00486	0.00145	0.02397	0.00402	0.00296	0.00645
1	0.08801	0.04439	0.05640	0.01088	0.02880	0.02828	0.06172	0.05486	0.03270	0.17237	0.01146	0.01361	0.00902	0.01248	0.17738	0.00295	0.18077	0.00444	0.00333	0.00618
2	0.00912	0.00574	0.00673	0.00645	0.00819	0.00519	0.00497	0.04643	0.01181	0.13325	0.06932	0.17582	0.38070	0.01126	0.00562	0.00169	0.00305	0.07114	0.03857	0.00495
3	0.00661	0.00487	0.00611	0.00655	0.00737	0.00459	0.00468	0.02194	0.02678	0.01463	0.21093	0.43053	0.13562	0.04541	0.00672	0.00193	0.00287	0.05296	0.00465	0.00425
4	0.03358	0.01809	0.22205	0.05470	0.21631	0.23804	0.01311	0.03156	0.04117	0.01472	0.00872	0.01068	0.00694	0.00503	0.00539	0.00148	0.06556	0.00378	0.00246	0.00663
5	0.00712	0.00496	0.00663	0.00663	0.00719	0.00544	0.00471	0.00824	0.00768	0.01104	0.01403	0.02368	0.01418	0.32891	0.46126	0.00617	0.00914	0.00583	0.06333	0.00382
6	0.00672	0.00453	0.00580	0.00650	0.00709	0.00417	0.00441	0.00763	0.00963	0.04852	0.04791	0.62322	0.11387	0.07656	0.00748	0.00211	0.00296	0.01234	0.00447	0.00409
7	0.01213	0.20245	0.30831	0.04372	0.03948	0.04051	0.04837	0.06567	0.01116	0.06460	0.00920	0.01077	0.00709	0.00608	0.03820	0.00165	0.03879	0.00368	0.00260	0.04554
8	0.01215	0.01075	0.01121	0.01010	0.01263	0.04242	0.00794	0.04155	0.66400	0.01945	0.01862	0.01888	0.01447	0.00692	0.00559	0.00168	0.04869	0.04096	0.00466	0.00733
9	0.01296	0.83261	0.02539	0.00829	0.01244	0.01917	0.00829	0.01451	0.00985	0.01140	0.00674	0.00777	0.00622	0.00415	0.00311	0.00104	0.00518	0.00259	0.00207	0.00622
10	0.01284	0.01048	0.01117	0.00988	0.01272	0.01199	0.00773	0.06701	0.71329	0.05659	0.01925	0.01766	0.01431	0.00651	0.00492	0.00163	0.00393	0.00539	0.00498	0.00773
11	0.00617	0.00478	0.00562	0.00571	0.00689	0.00423	0.00417	0.00770	0.01164	0.01521	0.31228	0.20216	0.37201	0.01202	0.00582	0.00166	0.00247	0.01043	0.00480	0.00423
12	0.00753	0.00476	0.00576	0.03965	0.00779	0.00477	0.00455	0.00954	0.04029	0.01495	0.02134	0.43885	0.02249	0.01061	0.00497	0.00161	0.00278	0.00937	0.34402	0.00437
13	0.00789	0.00500	0.00621	0.00609	0.00671	0.00518	0.00415	0.00880	0.00809	0.04826	0.01598	0.02611	0.04161	0.42929	0.25594	0.00495	0.00679	0.00620	0.10293	0.00383
14	0.00932	0.00889	0.01527	0.42136	0.02443	0.00999	0.14675	0.01238	0.02685	0.01313	0.01061	0.06410	0.00923	0.03624	0.06491	0.00216	0.04987	0.00522	0.00252	0.06677
15	0.01341	0.01026	0.06378	0.00944	0.01238	0.03275	0.03133	0.24560	0.01533	0.14824	0.14566	0.04698	0.07885	0.00921	0.04153	0.00186	0.00491	0.07741	0.00461	0.00646

[dist]
# distance from previous block
# <min> <max>
0	2

[block]
# block no. 2 follows, 52 sequences, length 61
# corresponding to MSA columns:
# 272,273,280-333,335-339
name=unknown_C
#
# <colnr> <probs for GDERKNQSTAVLIFYWHMCP>
#	G	D	E	R	K	N	Q	S	T	A	V	L	I	F	Y	W	H	M	C	P
0	0.02708	0.15335	0.32118	0.01223	0.03628	0.10044	0.03219	0.14040	0.06466	0.01708	0.00994	0.02824	0.00782	0.00578	0.02165	0.00156	0.00645	0.00393	0.00285	0.00688
1	0.03752	0.15348	0.55392	0.01277	0.01884	0.01288	0.04659	0.06026	0.01082	0.01571	0.00847	0.00997	0.00630	0.00468	0.00468	0.00147	0.02889	0.00354	0.00226	0.00694
2	0.01108	0.04827	0.19906	0.00930	0.01401	0.07385	0.00908	0.01417	0.02507	0.04023	0.02707	0.01084	0.00799	0.00424	0.00399	0.00103	0.00491	0.00329	0.00281	0.48970
3	0.01182	0.16798	0.17006	0.03946	0.10370	0.04340	0.05191	0.02664	0.01074	0.06130	0.00956	0.03599	0.00787	0.00469	0.00433	0.00123	0.01405	0.00383	0.00270	0.22874
4	0.09794	0.18716	0.43858	0.02945	0.01725	0.01282	0.01318	0.03758	0.06170	0.04845	0.00933	0.01036	0.00694	0.00473	0.00418	0.00143	0.00600	0.00350	0.00258	0.00684
5	0.00603	0.00424	0.00563	0.00667	0.00693	0.00398	0.00442	0.00675	0.00909	0.01211	0.02562	0.76541	0.03066	0.05189	0.00742	0.02885	0.00294	0.01317	0.00435	0.00383
6	0.00887	0.00684	0.03160	0.03585	0.04681	0.00664	0.02292	0.03480	0.01155	0.07082	0.33628	0.06336	0.02632	0.05085	0.18380	0.00309	0.03457	0.01585	0.00410	0.00510
7	0.01203	0.15292	0.37453	0.01473	0.12679	0.01227	0.07048	0.05459	0.01134	0.08287	0.01091	0.01211	0.03354	0.00489	0.00454	0.00144	0.00620	0.00405	0.00269	0.00708
8	0.00627	0.00512	0.03101	0.00711	0.00775	0.00442	0.01788	0.00737	0.00948	0.01271	0.05672	0.67333	0.04680	0.06044	0.00716	0.00209	0.00316	0.03279	0.00433	0.00407
9	0.01144	0.01307	0.02859	0.02042	0.02533	0.01225	0.78186	0.01552	0.01144	0.01552	0.00980	0.01307	0.00735	0.00408	0.00572	0.00163	0.00817	0.00572	0.00245	0.00654
10	0.03057	0.03355	0.05695	0.07628	0.18746	0.08640	0.06330	0.05610	0.09734	0.07092	0.06356	0.03176	0.04377	0.00628	0.00494	0.00153	0.00536	0.04914	0.02830	0.00650
11	0.01260	0.03300	0.22423	0.05016	0.19616	0.21315	0.07639	0.01617	0.04031	0.01447	0.02653	0.01145	0.00785	0.00501	0.00533	0.00148	0.05261	0.00404	0.00246	0.00660
12	0.01057	0.01968	0.49248	0.03999	0.18938	0.02839	0.04328	0.03471	0.01065	0.01542	0.00898	0.01116	0.00683	0.00596	0.03750	0.00178	0.03002	0.00393	0.00225	0.00703
13	0.00842	0.00421	0.00631	0.00631	0.00631	0.00421	0.00421	0.00631	0.00631	0.00842	0.00842	0.01473	0.00842	0.01684	0.01894	0.85901	0.00421	0.00421	0.00210	0.00210
14	0.07301	0.52743	0.06018	0.00952	0.01336	0.10645	0.05243	0.01505	0.02924	0.01317	0.04018	0.02434	0.00850	0.00478	0.00367	0.00120	0.00556	0.00340	0.00245	0.00607
15	0.03896	0.00863	0.00998	0.00719	0.01144	0.00663	0.00576	0.01258	0.01009	0.03748	0.00884	0.01015	0.00724	0.00369	0.00360	0.00077	0.00361	0.00292	0.00296	0.80748
16	0.00675	0.00510	0.00657	0.00651	0.00777	0.00462	0.02412	0.00846	0.01172	0.02784	0.31220	0.19948	0.27038	0.01180	0.00589	0.00171	0.00281	0.07709	0.00477	0.00439
17	0.00611	0.00472	0.00560	0.00592	0.00699	0.00420	0.00430	0.00749	0.01107	0.01433	0.20848	0.30087	0.34969	0.01274	0.00591	0.00174	0.00261	0.03839	0.00469	0.00416
18	0.01298	0.17407	0.24200	0.04608	0.08554	0.14905	0.07259	0.06601	0.01917	0.03963	0.00920	0.02793	0.00738	0.00498	0.00470	0.00141	0.02414	0.00392	0.00258	0.00664
19	0.00875	0.00452	0.00659	0.00648	0.00660	0.00457	0.00438	0.03233	0.00686	0.00916	0.00853	0.01463	0.00841	0.01647	0.01847	0.83029	0.00425	0.00421	0.00220	0.00231
20	0.00932	0.00534	0.00636	0.00602	0.00702	0.00499	0.00409	0.01007	0.00933	0.14471	0.03688	0.08137	0.14118	0.44354	0.01561	0.00326	0.00402	0.03820	0.02446	0.00421
21	0.01298	0.01703	0.22293	0.03250	0.01530	0.24486	0.03631	0.09805	0.03283	0.01648	0.01128	0.01428	0.00908	0.00558	0.00450	0.00141	0.00627	0.04638	0.16586	0.00611
22	0.01238	0.12003	0.12955	0.06256	0.39196	0.03942	0.05183	0.08542	0.01179	0.01611	0.00886	0.01113	0.00716	0.00462	0.00488	0.00143	0.02714	0.00402	0.00252	0.00716
23	0.00987	0.00902	0.01451	0.61387	0.10897	0.01086	0.01269	0.03360	0.05812	0.01352	0.00937	0.01313	0.00722	0.00550	0.00568	0.03678	0.02477	0.00438	0.00242	0.00570
24	0.00732	0.00557	0.00770	0.00749	0.00800	0.00650	0.00553	0.00845	0.00752	0.01071	0.01304	0.02216	0.01327	0.28133	0.48682	0.00626	0.08999	0.00568	0.00266	0.00399
25	0.21616	0.18633	0.10604	0.01190	0.02888	0.17356	0.13861	0.03746	0.01088	0.01572	0.00779	0.00941	0.00626	0.00461	0.00437	0.00139	0.02856	0.00347	0.00252	0.00608
26	0.00748	0.00549	0.00667	0.00626	0.00771	0.00517	0.00475	0.01046	0.07671	0.04019	0.54685	0.03654	0.19901	0.01006	0.00564	0.00156	0.00252	0.01697	0.00514	0.00483
27	0.01262	0.10480	0.12259	0.06240	0.07032	0.10977	0.06843	0.11956	0.12854	0.02565	0.09296	0.01465	0.01230	0.00645	0.02673	0.00163	0.00595	0.00466	0.00337	0.00663
28	0.00621	0.00495	0.00622	0.00626	0.00742	0.00441	0.03012	0.00756	0.01082	0.01393	0.16950	0.30171	0.36391	0.03632	0.00643	0.00182	0.00280	0.01091	0.00453	0.00417
29	0.18563	0.08016	0.16832	0.01211	0.11052	0.03249	0.02621	0.06818	0.06998	0.07477	0.05913	0.01253	0.00994	0.00510	0.00426	0.00141	0.00505	0.00399	0.00326	0.06695
30	0.01443	0.01060	0.01322	0.04840	0.14089	0.01074	0.00889	0.31482	0.02492	0.09387	0.06402	0.01387	0.01096	0.00539	0.00460	0.00132	0.00466	0.00443	0.03843	0.17153
31	0.01569	0.01183	0.01267	0.01032	0.01365	0.01323	0.00833	0.43487	0.32179	0.05049	0.01518	0.01454	0.01107	0.00611	0.00483	0.00152	0.00460	0.00482	0.03659	0.00788
32	0.01227	0.04943	0.06279	0.05239	0.02805	0.01175	0.05906	0.19779	0.23963	0.01979	0.05641	0.01894	0.01367	0.01771	0.04352	0.00194	0.03387	0.07018	0.00400	0.00678
33	0.17128	0.13448	0.03669	0.00983	0.01347	0.06720	0.02408	0.34847	0.03600	0.06486	0.04195	0.01159	0.00907	0.00540	0.00427	0.00140	0.00513	0.00394	0.00390	0.00699
34	0.00612	0.00478	0.00537	0.00572	0.00679	0.00426	0.00412	0.00718	0.01013	0.01257	0.03755	0.22587	0.45415	0.11889	0.00837	0.00216	0.00300	0.07475	0.00429	0.00394
35	0.08685	0.02707	0.09022	0.00960	0.01238	0.00952	0.04612	0.14695	0.12664	0.04115	0.08007	0.12434	0.01804	0.04199	0.00600	0.00181	0.00454	0.11653	0.00413	0.00605
36	0.39188	0.00934	0.05510	0.00736	0.01057	0.00869	0.00635	0.03642	0.01051	0.11274	0.09571	0.03598	0.03207	0.00588	0.00401	0.00141	0.00382	0.02589	0.00370	0.14256
37	0.01030	0.00842	0.01022	0.00763	0.01150	0.00671	0.02252	0.01282	0.03928	0.04752	0.03034	0.06081	0.01013	0.00472	0.00408	0.00091	0.01221	0.00393	0.00322	0.69274
38	0.01179	0.06821	0.13171	0.01200	0.08559	0.10962	0.04216	0.08596	0.12995	0.01714	0.10113	0.02451	0.06998	0.00613	0.00474	0.00141	0.00522	0.00506	0.00349	0.08420
39	0.00690	0.00549	0.00697	0.00657	0.00796	0.00509	0.03636	0.00842	0.01120	0.03054	0.21124	0.12974	0.39543	0.04954	0.00708	0.00183	0.03589	0.03493	0.00447	0.00438
40	0.03499	0.04104	0.06069	0.00911	0.01311	0.01035	0.00785	0.24928	0.03752	0.03787	0.01038	0.03131	0.00829	0.00498	0.00455	0.00115	0.03175	0.00380	0.00355	0.39843
41	0.03376	0.04653	0.17365	0.01150	0.03229	0.01009	0.11330	0.06173	0.09696	0.11377	0.02227	0.02973	0.05238	0.00567	0.00490	0.00143	0.01915	0.01758	0.00349	0.14984
42	0.09998	0.03239	0.28775	0.02886	0.06658	0.10216	0.05037	0.08423	0.05127	0.07529	0.01066	0.04457	0.00835	0.00546	0.00493	0.00152	0.03157	0.00428	0.00303	0.00675
43	0.01343	0.11852	0.01290	0.00936	0.01236	0.01210	0.00764	0.11680	0.43076	0.09986	0.08034	0.01811	0.01539	0.00654	0.00478	0.00153	0.00412	0.02350	0.00467	0.00728
44	0.01086	0.01051	0.05866	0.17591	0.37097	0.02247	0.02642	0.01409	0.03718	0.05191	0.08659	0.01726	0.05277	0.00651	0.02651	0.00169	0.00560	0.01453	0.00300	0.00657
45	0.01285	0.18044	0.14734	0.05516	0.02346	0.10257	0.03427	0.04709	0.03976	0.10199	0.01247	0.04031	0.01088	0.00641	0.00517	0.00151	0.04260	0.10198	0.00319	0.03056
46	0.01278	0.00981	0.01152	0.01183	0.12998	0.08403	0.02739	0.04634	0.15928	0.15996	0.16963	0.02280	0.11925	0.00727	0.00512	0.00152	0.00433	0.00618	0.00447	0.00652
47	0.00622	0.00457	0.00543	0.00587	0.00648	0.00422	0.00391	0.00706	0.00951	0.01236	0.08979	0.36795	0.22229	0.21924	0.01069	0.00254	0.00316	0.01079	0.00417	0.00377
48	0.03414	0.01082	0.03620	0.14371	0.09385	0.01133	0.11522	0.14897	0.15214	0.06963	0.04305	0.01574	0.03816	0.00672	0.02881	0.00176	0.03423	0.00509	0.00366	0.00679
49	0.01159	0.07763	0.01889	0.28086	0.19743	0.01234	0.15292	0.10716	0.01178	0.01579	0.00926	0.01233	0.00730	0.00592	0.03510	0.00176	0.02838	0.00447	0.00260	0.00648
50	0.00962	0.03421	0.07510	0.01207	0.03360	0.01196	0.04586	0.01143	0.00810	0.01211	0.00869	0.01307	0.00807	0.01575	0.24227	0.00363	0.44239	0.00449	0.00227	0.00531
51	0.00608	0.00431	0.00565	0.00656	0.00687	0.00405	0.00435	0.00694	0.00935	0.01255	0.07702	0.69534	0.03154	0.09518	0.00798	0.00221	0.00296	0.01278	0.00440	0.00388
52	0.02242	0.00926	0.03212	0.03083	0.04657	0.05553	0.04500	0.10996	0.06316	0.12365	0.01837	0.27394	0.01819	0.03324	0.00633	0.00182	0.03006	0.06947	0.00420	0.00589
53	0.01798	0.01350	0.01430	0.04362	0.01561	0.04714	0.00928	0.67521	0.04211	0.05461	0.01181	0.01190	0.00839	0.00577	0.00483	0.00146	0.00544	0.00436	0.00468	0.00800
54	0.00753	0.00606	0.00859	0.00829	0.00885	0.00731	0.00637	0.00887	0.00802	0.01156	0.04258	0.10646	0.01499	0.11125	0.45923	0.00552	0.16507	0.00626	0.00285	0.00433
55	0.01686	0.16491	0.01600	0.01180	0.03432	0.49003	0.00918	0.14926	0.01442	0.01520	0.00814	0.00918	0.00664	0.00493	0.00422	0.00124	0.00730	0.00326	0.00283	0.03028
56	0.01002	0.13885	0.04297	0.06520	0.01199	0.01886	0.03413	0.04365	0.06503	0.04490	0.02231	0.08197	0.01454	0.23598	0.06575	0.00286	0.03583	0.05685	0.00322	0.00509
57	0.01108	0.03609	0.04534	0.00740	0.00877	0.02453	0.00574	0.04591	0.00870	0.11318	0.01008	0.01451	0.00884	0.03532	0.01447	0.56218	0.00452	0.00422	0.00279	0.03634
58	0.02909	0.00985	0.01251	0.00973	0.01335	0.00970	0.03936	0.20776	0.09207	0.46872	0.04437	0.01592	0.01228	0.00605	0.00491	0.00151	0.00449	0.00495	0.00541	0.00795
59	0.00601	0.00444	0.00564	0.00646	0.00707	0.00407	0.00449	0.00708	0.00998	0.01309	0.08653	0.60532	0.16544	0.01423	0.00609	0.00189	0.00277	0.04080	0.00456	0.00403
60	0.00985	0.00946	0.01141	0.00992	0.01142	0.08894	0.07341	0.01312	0.11734	0.01432	0.11993	0.03140	0.10329	0.07157	0.09108	0.00254	0.18878	0.00612	0.02089	0.00523

[dist]
# distance from previous block
# <min> <max>
0	15

[block]
# block no. 3 follows, 52 sequences, length 40
# corresponding to MSA columns:
# 355-394
name=unknown_D
#
# <colnr> <probs for GDERKNQSTAVLIFYWHMCP>
#	G	D	E	R	K	N	Q	S	T	A	V	L	I	F	Y	W	H	M	C	P
0	0.83108	0.00933	0.00728	0.00646	0.00949	0.01073	0.00532	0.01461	0.00847	0.05220	0.00723	0.00821	0.00551	0.00456	0.00307	0.00150	0.00376	0.00271	0.00312	0.00537
1	0.00653	0.00475	0.00589	0.00623	0.00683	0.00466	0.00430	0.00744	0.00887	0.01169	0.04712	0.24108	0.16083	0.27283	0.14672	0.00374	0.00511	0.04792	0.00371	0.00376
2	0.01053	0.01521	0.31115	0.01204	0.01644	0.01007	0.12229	0.13506	0.03408	0.01799	0.11195	0.03783	0.06186	0.03136	0.00577	0.00169	0.00571	0.04918	0.00340	0.00639
3	0.00875	0.00692	0.00946	0.02798	0.01009	0.02363	0.06696	0.08595	0.00963	0.01310	0.03456	0.02252	0.01400	0.31534	0.32443	0.00510	0.00831	0.00585	0.00299	0.00445
4	0.16610	0.00758	0.00918	0.00767	0.01051	0.00720	0.00620	0.01791	0.03198	0.42774	0.16051	0.05392	0.03085	0.00721	0.00483	0.00156	0.00365	0.03357	0.00518	0.00665
5	0.00722	0.00510	0.00638	0.00606	0.00741	0.00461	0.00462	0.00927	0.01305	0.04758	0.57591	0.03846	0.20265	0.01041	0.00573	0.00158	0.00249	0.04172	0.00515	0.00461
6	0.01216	0.28284	0.33420	0.01134	0.01640	0.03087	0.03239	0.05473	0.10808	0.04362	0.00992	0.01076	0.00760	0.00488	0.00442	0.00139	0.02112	0.00364	0.00272	0.00693
7	0.05259	0.01034	0.01427	0.01126	0.01450	0.02959	0.18148	0.12229	0.20344	0.12776	0.06013	0.01742	0.04659	0.00605	0.00493	0.00153	0.00488	0.00542	0.07873	0.00681
8	0.00692	0.00513	0.00640	0.00700	0.00774	0.00502	0.00488	0.03871	0.06677	0.01432	0.09605	0.62921	0.06624	0.01358	0.00598	0.00187	0.00292	0.01219	0.00462	0.00444
9	0.01188	0.01140	0.01947	0.06033	0.76974	0.01149	0.01482	0.01478	0.01098	0.01570	0.00910	0.01203	0.00763	0.00434	0.00480	0.00145	0.00578	0.00432	0.00239	0.00759
10	0.01842	0.01357	0.01454	0.01115	0.01503	0.01503	0.00921	0.78330	0.02278	0.03054	0.01163	0.01163	0.00824	0.00582	0.00485	0.00145	0.00533	0.00436	0.00485	0.00824
11	0.00658	0.00486	0.00595	0.00612	0.00704	0.00444	0.00433	0.00787	0.01059	0.01420	0.24036	0.26672	0.17228	0.14497	0.00890	0.00219	0.00302	0.04780	0.00441	0.03736
12	0.00617	0.00486	0.00546	0.00543	0.00671	0.00426	0.00397	0.00761	0.01148	0.01474	0.27321	0.09919	0.46407	0.06287	0.00694	0.00182	0.00257	0.00984	0.00466	0.00415
13	0.00615	0.00455	0.00578	0.00666	0.00720	0.00429	0.00454	0.00757	0.04013	0.01293	0.04756	0.69261	0.11325	0.01441	0.00608	0.00191	0.00280	0.01295	0.00454	0.00411
14	0.03640	0.00966	0.01106	0.00922	0.01236	0.01003	0.00747	0.17791	0.25327	0.22269	0.04067	0.01981	0.03555	0.00682	0.00495	0.00155	0.00417	0.06647	0.00496	0.06499
15	0.00763	0.00540	0.00712	0.00751	0.00842	0.00532	0.02176	0.02636	0.04159	0.03416	0.02429	0.38949	0.06334	0.10309	0.03929	0.00246	0.00398	0.17467	0.02973	0.00440
16	0.14104	0.00872	0.01054	0.00841	0.01168	0.02305	0.00689	0.03773	0.03236	0.55357	0.05002	0.01569	0.01215	0.00603	0.00504	0.00151	0.03711	0.00465	0.02642	0.00738
17	0.00942	0.00519	0.00644	0.00641	0.00766	0.00488	0.00471	0.01133	0.03028	0.13430	0.12689	0.33662	0.04367	0.01027	0.00515	0.00160	0.00283	0.01818	0.22923	0.00493
18	0.00908	0.00610	0.00711	0.00657	0.00837	0.00573	0.00506	0.06246	0.05272	0.10224	0.23426	0.10062	0.32150	0.01040	0.00556	0.00162	0.00294	0.03266	0.01987	0.00514
19	0.01279	0.47308	0.23352	0.01076	0.01556	0.10087	0.04443	0.01552	0.01053	0.03235	0.00778	0.00898	0.00639	0.00440	0.00380	0.00123	0.00620	0.00311	0.00222	0.00647
20	0.00987	0.00962	0.01548	0.58126	0.13851	0.04192	0.05168	0.01286	0.01007	0.01299	0.00959	0.05439	0.00798	0.00533	0.00510	0.00160	0.01889	0.00482	0.00234	0.00570
21	0.00942	0.00987	0.07944	0.15187	0.01534	0.02534	0.00972	0.03250	0.00928	0.01324	0.06728	0.04681	0.01217	0.06254	0.10945	0.00273	0.29480	0.01799	0.02505	0.00515
22	0.00591	0.00458	0.00539	0.00590	0.00684	0.00406	0.00415	0.00704	0.01041	0.01327	0.10100	0.42412	0.36304	0.01349	0.00595	0.00179	0.00261	0.01183	0.00457	0.00406
23	0.01522	0.03274	0.04384	0.01061	0.01400	0.08778	0.00876	0.32518	0.31659	0.04485	0.01455	0.02730	0.01093	0.00607	0.00479	0.00150	0.00504	0.00475	0.00448	0.02104
24	0.00702	0.00528	0.00646	0.00593	0.00746	0.00466	0.00448	0.00909	0.01276	0.01786	0.55928	0.03513	0.18134	0.00962	0.00545	0.00146	0.00244	0.00835	0.03045	0.08547
25	0.01073	0.14236	0.56502	0.01292	0.04888	0.01201	0.01500	0.03218	0.01073	0.03889	0.04070	0.01120	0.00806	0.00478	0.00442	0.00143	0.00640	0.00371	0.00240	0.02816
26	0.01144	0.01597	0.25344	0.05368	0.34292	0.02939	0.14595	0.03845	0.03277	0.01597	0.00942	0.01178	0.00730	0.00451	0.00489	0.00151	0.00661	0.00434	0.00244	0.00721
27	0.06496	0.00830	0.01103	0.00851	0.01222	0.00731	0.00703	0.02314	0.01358	0.76273	0.01848	0.01605	0.01165	0.00592	0.00478	0.00150	0.00410	0.00476	0.00584	0.00809
28	0.00803	0.00521	0.00685	0.00629	0.00764	0.00477	0.00477	0.01028	0.01373	0.08083	0.73595	0.03465	0.04308	0.00960	0.00565	0.00152	0.00243	0.00846	0.00539	0.00486
29	0.01015	0.09410	0.01202	0.07712	0.04820	0.03996	0.04026	0.08813	0.04216	0.04261	0.01697	0.29247	0.01753	0.01292	0.11086	0.00247	0.00569	0.03730	0.00364	0.00544
30	0.00605	0.00445	0.00624	0.00711	0.00752	0.00416	0.02525	0.00698	0.00934	0.01245	0.02626	0.80481	0.03139	0.01489	0.00617	0.00196	0.00295	0.01356	0.00444	0.00401
31	0.01856	0.01213	0.01346	0.01041	0.01414	0.01304	0.00857	0.58101	0.05068	0.18254	0.01355	0.01303	0.00936	0.00588	0.00481	0.00146	0.00495	0.00451	0.02980	0.00811
32	0.00956	0.00868	0.01446	0.76318	0.03196	0.01083	0.01317	0.01266	0.00971	0.03410	0.00881	0.01292	0.00661	0.00502	0.00529	0.00163	0.03936	0.00432	0.00226	0.00546
33	0.00590	0.00422	0.00562	0.00675	0.00703	0.00394	0.00450	0.00675	0.00928	0.01237	0.02671	0.82653	0.03205	0.01518	0.00619	0.00197	0.00281	0.01378	0.00450	0.00394
34	0.00972	0.02507	0.80458	0.01381	0.02097	0.01125	0.01790	0.01535	0.01023	0.01535	0.00870	0.01023	0.00614	0.00460	0.00460	0.00153	0.00716	0.00358	0.00205	0.00716
35	0.00915	0.01744	0.47084	0.01143	0.01627	0.00951	0.03409	0.01458	0.10673	0.01581	0.09218	0.09935	0.04616	0.02836	0.00552	0.00168	0.00559	0.00579	0.00311	0.00638
36	0.01058	0.07156	0.61977	0.01346	0.01974	0.05468	0.06129	0.01569	0.03093	0.02447	0.00943	0.03013	0.00714	0.00489	0.00462	0.00151	0.00696	0.00393	0.00228	0.00693
37	0.00713	0.00524	0.00716	0.00707	0.00757	0.00593	0.00509	0.00819	0.00750	0.01058	0.01355	0.02339	0.01392	0.33066	0.48340	0.00639	0.04484	0.00584	0.00270	0.00385
38	0.01144	0.01307	0.02859	0.02042	0.02533	0.01225	0.78186	0.01552	0.01144	0.01552	0.00980	0.01307	0.00735	0.00408	0.00572	0.00163	0.00817	0.00572	0.00245	0.00654
39	0.00836	0.00683	0.00752	0.00701	0.00892	0.00685	0.01932	0.06682	0.19005	0.01628	0.05370	0.13248	0.40450	0.01041	0.00545	0.00164	0.00311	0.00883	0.03664	0.00526

[dist]
# distance from previous block
# <min> <max>
0	92

[block]
# block no. 4 follows, 52 sequences, length 36
# corresponding to MSA columns:
# 487-522
name=unknown_E
#
# <colnr> <probs for GDERKNQSTAVLIFYWHMCP>
#	G	D	E	R	K	N	Q	S	T	A	V	L	I	F	Y	W	H	M	C	P
0	0.17487	0.03582	0.08255	0.10031	0.12420	0.01212	0.14343	0.15387	0.06079	0.05167	0.01015	0.01172	0.00758	0.00487	0.00458	0.00152	0.00571	0.00423	0.00320	0.00681
1	0.01022	0.00963	0.01562	0.19628	0.28315	0.01088	0.05609	0.02650	0.00984	0.01371	0.01105	0.04435	0.03395	0.05924	0.04547	0.00214	0.15825	0.00513	0.00253	0.00597
2	0.00842	0.00421	0.00631	0.00631	0.00631	0.00421	0.00421	0.00631	0.00631	0.00842	0.00842	0.01473	0.00842	0.01684	0.01894	0.85901	0.00421	0.00421	0.00210	0.00210
3	0.86392	0.00937	0.00712	0.00637	0.00937	0.01087	0.00525	0.01425	0.00825	0.02174	0.00675	0.00787	0.00525	0.00450	0.00300	0.00150	0.00375	0.00262	0.00300	0.00525
4	0.01489	0.01598	0.01429	0.26293	0.05579	0.36015	0.01079	0.14890	0.04223	0.01573	0.00907	0.01102	0.00703	0.00512	0.00464	0.00142	0.00713	0.00384	0.00288	0.00616
5	0.00674	0.00495	0.00632	0.00597	0.00717	0.00452	0.00448	0.00892	0.01344	0.01878	0.72024	0.03727	0.12280	0.01015	0.00572	0.00154	0.00230	0.00891	0.00525	0.00452
6	0.01027	0.02317	0.70759	0.01348	0.02028	0.01088	0.04111	0.01552	0.01041	0.04679	0.00914	0.01056	0.00646	0.00459	0.00460	0.00149	0.00689	0.00366	0.00226	0.05084
7	0.00833	0.00424	0.00625	0.00625	0.00625	0.00424	0.00413	0.00636	0.00636	0.00848	0.00884	0.01578	0.00899	0.06712	0.01929	0.80616	0.00424	0.00438	0.00216	0.00216
8	0.01876	0.00900	0.01204	0.01001	0.04101	0.00895	0.00788	0.09320	0.01353	0.54862	0.03040	0.01576	0.01145	0.02305	0.00677	0.00164	0.11595	0.00483	0.01958	0.00758
9	0.01060	0.01060	0.01484	0.01272	0.01272	0.01484	0.01060	0.01166	0.00742	0.01166	0.00636	0.01060	0.00636	0.00848	0.01590	0.00212	0.82082	0.00424	0.00212	0.00530
10	0.01226	0.63798	0.18375	0.00947	0.01418	0.01730	0.01023	0.01509	0.03838	0.01253	0.00761	0.00865	0.00652	0.00433	0.00348	0.00116	0.00554	0.00290	0.00217	0.00646
11	0.00703	0.00514	0.00702	0.00724	0.00818	0.00509	0.02089	0.00883	0.03225	0.03183	0.12578	0.34821	0.10301	0.03108	0.18309	0.00319	0.00525	0.05832	0.00417	0.00440
12	0.01349	0.37039	0.23071	0.01111	0.01579	0.13795	0.03346	0.10773	0.01214	0.01494	0.00805	0.00920	0.00648	0.00460	0.00399	0.00127	0.00636	0.00324	0.00247	0.00663
13	0.00919	0.00987	0.07210	0.04694	0.13123	0.03040	0.18311	0.01173	0.01058	0.01425	0.04921	0.22226	0.04264	0.03220	0.00643	0.00183	0.02426	0.09295	0.00333	0.00551
14	0.01144	0.00958	0.01635	0.01292	0.01560	0.02226	0.27692	0.04568	0.03926	0.10660	0.01376	0.08151	0.01211	0.03445	0.14452	0.00283	0.09092	0.03815	0.01923	0.00590
15	0.01171	0.28608	0.39489	0.01263	0.01814	0.08534	0.09842	0.01545	0.01055	0.01377	0.00807	0.00961	0.00631	0.00443	0.00422	0.00136	0.00677	0.00345	0.00214	0.00665
16	0.00845	0.00672	0.00880	0.00847	0.00985	0.00690	0.05357	0.07726	0.14760	0.01572	0.04745	0.49904	0.04645	0.01246	0.02538	0.00197	0.00376	0.01056	0.00446	0.00515
17	0.01052	0.01058	0.01940	0.27766	0.14469	0.01109	0.28973	0.01487	0.08357	0.01494	0.01223	0.01502	0.04547	0.00502	0.00517	0.00159	0.00645	0.00521	0.02050	0.00629
18	0.01943	0.00854	0.01098	0.00863	0.01210	0.00785	0.00712	0.12204	0.01467	0.60058	0.02016	0.01928	0.06074	0.00665	0.00496	0.00152	0.00415	0.03553	0.02733	0.00774
19	0.00925	0.00861	0.01438	0.70387	0.09373	0.01045	0.01292	0.01225	0.00964	0.01248	0.00907	0.01401	0.00725	0.05583	0.00607	0.00179	0.00629	0.00448	0.00222	0.00542
20	0.00825	0.00624	0.00738	0.00746	0.00863	0.00650	0.00535	0.01296	0.23413	0.03203	0.14765	0.38615	0.02772	0.07750	0.00722	0.00201	0.00320	0.00986	0.00466	0.00512
21	0.02131	0.00894	0.01167	0.00895	0.01272	0.00815	0.00739	0.12215	0.01503	0.70266	0.01815	0.01586	0.01151	0.00597	0.00487	0.00149	0.00428	0.00481	0.00585	0.00825
22	0.02159	0.00849	0.01140	0.00874	0.01249	0.00749	0.00722	0.05868	0.01428	0.76717	0.01877	0.01627	0.01182	0.00599	0.00487	0.00150	0.00418	0.00485	0.00594	0.00825
23	0.27241	0.00931	0.01040	0.00827	0.01176	0.00938	0.00682	0.13615	0.01354	0.43292	0.03316	0.01366	0.01023	0.00562	0.00433	0.00149	0.00415	0.00422	0.00491	0.00726
24	0.01067	0.00662	0.00796	0.00718	0.00924	0.00636	0.00560	0.01463	0.15226	0.18184	0.26938	0.05690	0.20027	0.00934	0.00546	0.00161	0.00310	0.04068	0.00515	0.00577
25	0.00600	0.00431	0.00567	0.00673	0.00709	0.00402	0.00456	0.00689	0.00938	0.01242	0.02735	0.74701	0.06308	0.03204	0.00657	0.00202	0.00290	0.04353	0.00446	0.00394
26	0.00700	0.00472	0.00548	0.00551	0.00560	0.00475	0.00322	0.00720	0.00737	0.00991	0.04015	0.05504	0.01861	0.73164	0.07070	0.00470	0.00506	0.00719	0.00304	0.00310
27	0.00705	0.00543	0.00663	0.00633	0.00766	0.00530	0.00477	0.00993	0.07872	0.01666	0.43014	0.03475	0.21388	0.03914	0.10962	0.00246	0.00391	0.00831	0.00468	0.00464
28	0.01026	0.01024	0.01606	0.01324	0.01429	0.01306	0.14132	0.01232	0.03176	0.01252	0.00830	0.01245	0.00761	0.01166	0.12735	0.00283	0.54228	0.00467	0.00233	0.00544
29	0.00661	0.00437	0.00550	0.00617	0.00647	0.00419	0.00403	0.00727	0.00879	0.01217	0.03876	0.51041	0.02598	0.19858	0.01078	0.04840	0.00325	0.01077	0.08383	0.00368
30	0.01488	0.01339	0.01083	0.00939	0.01187	0.26458	0.00730	0.21266	0.08448	0.04133	0.03484	0.01393	0.01054	0.00570	0.00432	0.00132	0.00530	0.00425	0.24290	0.00621
31	0.01601	0.01244	0.03824	0.03296	0.01486	0.03208	0.04058	0.49049	0.08857	0.07377	0.03308	0.03661	0.03063	0.00626	0.00491	0.00149	0.00510	0.00501	0.02937	0.00752
32	0.06627	0.01830	0.34037	0.03254	0.01731	0.10512	0.03114	0.19739	0.01356	0.06701	0.00998	0.01140	0.00736	0.02299	0.02158	0.00169	0.02202	0.00392	0.00311	0.00694
33	0.03644	0.07187	0.06425	0.01057	0.02799	0.06537	0.00895	0.43147	0.01733	0.02300	0.04679	0.03198	0.08375	0.00670	0.00525	0.00149	0.03787	0.01790	0.00409	0.00696
34	0.01422	0.02575	0.03948	0.01098	0.03228	0.07290	0.00889	0.27861	0.12430	0.06571	0.07690	0.01593	0.01260	0.00752	0.01869	0.02753	0.12794	0.02896	0.00405	0.00677
35	0.01170	0.08654	0.06381	0.03031	0.07589	0.01044	0.01894	0.11585	0.19870	0.06471	0.04844	0.08890	0.04105	0.11444	0.00747	0.00195	0.00458	0.00601	0.00393	0.00635

[dist]
# distance from previous block
# <min> <max>
0	15

# created by:
# /home/cegg/simao/soft/augustus-3.2.1/scripts/msa2prfl.pl ./align_prep/EOG091G0GQO.fa
