[name]
unknown

[dist]
# distance from previous block
# <min> <max>
0	95

[block]
# block no. 0 follows, 50 sequences, length 54
# corresponding to MSA columns:
# 113-130,134-147,149-170
name=unknown_A
#
# <colnr> <probs for GDERKNQSTAVLIFYWHMCP>
#	G	D	E	R	K	N	Q	S	T	A	V	L	I	F	Y	W	H	M	C	P
0	0.01068	0.02228	0.04676	0.06197	0.08571	0.02764	0.03584	0.08204	0.03068	0.06745	0.03446	0.16777	0.03529	0.01096	0.03475	0.00208	0.00520	0.22858	0.00408	0.00580
1	0.04417	0.03369	0.04960	0.10807	0.26089	0.08198	0.04005	0.14265	0.07081	0.06743	0.01166	0.03053	0.00931	0.00554	0.00491	0.00154	0.00592	0.02066	0.00338	0.00723
2	0.15278	0.01060	0.01195	0.01075	0.05398	0.05924	0.05358	0.17463	0.06897	0.01976	0.04018	0.03175	0.03491	0.02917	0.03843	0.02897	0.07142	0.00490	0.07986	0.02418
3	0.00674	0.00491	0.00645	0.00760	0.02927	0.00470	0.00496	0.03250	0.00994	0.01325	0.02623	0.70192	0.04858	0.06833	0.00752	0.00217	0.00318	0.01304	0.00447	0.00424
4	0.01034	0.00886	0.01034	0.00738	0.01181	0.00664	0.00591	0.01255	0.01034	0.01624	0.00886	0.01034	0.00738	0.00369	0.00369	0.00074	0.00369	0.00295	0.00295	0.85530
5	0.00832	0.00614	0.00850	0.00816	0.00884	0.00721	0.00622	0.00970	0.00849	0.03962	0.03088	0.09774	0.01503	0.13880	0.39382	0.00524	0.14096	0.00633	0.05547	0.00453
6	0.00766	0.00525	0.00623	0.00620	0.00651	0.00540	0.00396	0.03209	0.00814	0.01095	0.01602	0.03197	0.01784	0.64708	0.11912	0.00494	0.00588	0.05813	0.00315	0.00348
7	0.01218	0.00657	0.00783	0.00701	0.00903	0.00634	0.00540	0.03063	0.10052	0.21589	0.13602	0.10748	0.08296	0.02141	0.00529	0.00158	0.00318	0.00701	0.22772	0.00595
8	0.03160	0.02690	0.10276	0.29141	0.09343	0.01148	0.06830	0.15422	0.01322	0.07007	0.04699	0.01402	0.00960	0.00537	0.00493	0.00156	0.00596	0.00466	0.03679	0.00672
9	0.82940	0.03925	0.00801	0.00663	0.00975	0.01149	0.00551	0.01466	0.00854	0.02198	0.00694	0.00809	0.00543	0.00461	0.00309	0.00153	0.00391	0.00270	0.00305	0.00543
10	0.01076	0.02893	0.29278	0.02797	0.12731	0.01086	0.07296	0.03467	0.15063	0.01755	0.10961	0.02584	0.01379	0.00581	0.00501	0.00155	0.00567	0.00509	0.00329	0.04992
11	0.00686	0.00509	0.00639	0.00606	0.00733	0.00462	0.00455	0.00903	0.01364	0.01888	0.66578	0.03905	0.17304	0.01060	0.00588	0.00159	0.00238	0.00927	0.00534	0.00462
12	0.00708	0.03400	0.00707	0.00614	0.00751	0.00515	0.00468	0.00921	0.01350	0.01858	0.63622	0.03805	0.17362	0.01040	0.00579	0.00157	0.00249	0.00905	0.00522	0.00468
13	0.01211	0.01113	0.01772	0.28819	0.44723	0.03168	0.01407	0.04978	0.01154	0.03986	0.00955	0.01267	0.00758	0.00484	0.00516	0.00155	0.02125	0.00442	0.00261	0.00706
14	0.86003	0.00964	0.00733	0.00655	0.00964	0.01118	0.00540	0.01465	0.00848	0.02236	0.00694	0.00810	0.00540	0.00463	0.00308	0.00154	0.00386	0.00270	0.00308	0.00540
15	0.00725	0.00483	0.00544	0.00544	0.00544	0.00483	0.00302	0.00725	0.00725	0.00966	0.01571	0.03262	0.01812	0.82483	0.02537	0.00483	0.00483	0.00725	0.00302	0.00302
16	0.83370	0.00976	0.00801	0.00700	0.01015	0.01123	0.02931	0.01469	0.00858	0.02217	0.00704	0.00826	0.00547	0.00461	0.00317	0.00155	0.00400	0.00280	0.00307	0.00544
17	0.00941	0.00886	0.01495	0.81285	0.03433	0.01107	0.01384	0.01274	0.00997	0.01274	0.00886	0.01329	0.00664	0.00498	0.00498	0.00166	0.00664	0.00443	0.00221	0.00554
18	0.86003	0.00964	0.00733	0.00655	0.00964	0.01118	0.00540	0.01465	0.00848	0.02236	0.00694	0.00810	0.00540	0.00463	0.00308	0.00154	0.00386	0.00270	0.00308	0.00540
19	0.01895	0.01396	0.01496	0.01147	0.01546	0.01546	0.00947	0.77711	0.02344	0.03141	0.01197	0.01197	0.00848	0.00598	0.00499	0.00150	0.00548	0.00449	0.00499	0.00848
20	0.01233	0.01199	0.01959	0.05367	0.72902	0.03683	0.01485	0.01524	0.01145	0.01612	0.02578	0.01278	0.00863	0.00460	0.00494	0.00148	0.00597	0.00450	0.00253	0.00769
21	0.01153	0.10820	0.51873	0.01414	0.02043	0.01251	0.12840	0.03588	0.03509	0.05486	0.00986	0.01129	0.00714	0.00477	0.00477	0.00154	0.00699	0.00405	0.00254	0.00727
22	0.00607	0.00434	0.00578	0.00694	0.00723	0.00405	0.00463	0.00694	0.00954	0.01272	0.02747	0.82157	0.03297	0.01562	0.00636	0.00202	0.00289	0.01417	0.00463	0.00405
23	0.86003	0.00964	0.00733	0.00655	0.00964	0.01118	0.00540	0.01465	0.00848	0.02236	0.00694	0.00810	0.00540	0.00463	0.00308	0.00154	0.00386	0.00270	0.00308	0.00540
24	0.00622	0.00502	0.00509	0.00508	0.00665	0.00428	0.00377	0.00756	0.01127	0.01395	0.07375	0.04500	0.68475	0.03782	0.00634	0.00174	0.00258	0.00994	0.06498	0.00422
25	0.01032	0.00886	0.01044	0.02547	0.01232	0.00674	0.00608	0.01255	0.01033	0.01616	0.00886	0.01040	0.00737	0.00372	0.00372	0.00076	0.00376	0.00299	0.00294	0.83622
26	0.01240	0.01071	0.01127	0.01014	0.01296	0.01240	0.00789	0.02649	0.78473	0.02085	0.02029	0.01860	0.01522	0.00676	0.00507	0.00169	0.00394	0.00564	0.00507	0.00789
27	0.02236	0.00848	0.01157	0.00887	0.01272	0.00733	0.00733	0.02429	0.01427	0.79719	0.01966	0.01697	0.01234	0.00617	0.00501	0.00154	0.00424	0.00501	0.00617	0.00848
28	0.01862	0.02376	0.01413	0.01284	0.01541	0.80482	0.00963	0.01990	0.01413	0.01220	0.00770	0.00899	0.00642	0.00514	0.00449	0.00128	0.00899	0.00321	0.00257	0.00578
29	0.00708	0.00490	0.00613	0.00626	0.00652	0.00509	0.00402	0.00763	0.00771	0.01050	0.01648	0.12117	0.01842	0.53232	0.21953	0.00531	0.00675	0.00757	0.00312	0.00350
30	0.01241	0.03047	0.04622	0.00860	0.01298	0.00899	0.00728	0.14371	0.05170	0.04838	0.01033	0.01123	0.00808	0.00439	0.00406	0.00099	0.00423	0.00345	0.00347	0.57903
31	0.01113	0.15268	0.37291	0.03207	0.01738	0.01245	0.03647	0.08124	0.04541	0.01619	0.01118	0.09277	0.00971	0.00605	0.00513	0.00152	0.03791	0.00481	0.00281	0.05017
32	0.03183	0.11348	0.27983	0.01377	0.05833	0.07502	0.09472	0.13225	0.04931	0.01765	0.01107	0.01241	0.03318	0.00536	0.00519	0.00152	0.03977	0.00426	0.01403	0.00702
33	0.00735	0.03418	0.00738	0.00645	0.00778	0.00545	0.00490	0.00997	0.04147	0.01900	0.65601	0.07453	0.08627	0.01026	0.00578	0.00158	0.00255	0.00901	0.00526	0.00482
34	0.00744	0.00520	0.00679	0.00641	0.00766	0.00479	0.00486	0.00976	0.01395	0.03924	0.72562	0.03767	0.06486	0.01028	0.00589	0.00160	0.00248	0.03527	0.00545	0.00478
35	0.03344	0.30953	0.24279	0.01446	0.12158	0.07459	0.07428	0.03195	0.01117	0.03125	0.00852	0.01009	0.00682	0.00457	0.00426	0.00136	0.00646	0.00358	0.00240	0.00692
36	0.01650	0.08257	0.03233	0.05774	0.09558	0.19748	0.05768	0.23434	0.03039	0.10232	0.01082	0.01185	0.00811	0.00578	0.01474	0.00154	0.02526	0.00419	0.00360	0.00720
37	0.00660	0.00472	0.00600	0.00684	0.00726	0.00450	0.00456	0.03075	0.00976	0.01296	0.02636	0.67824	0.05539	0.11054	0.00854	0.00233	0.00319	0.01294	0.00445	0.00407
38	0.03498	0.00920	0.01060	0.00768	0.01202	0.00738	0.00618	0.06349	0.01129	0.04477	0.00939	0.01061	0.00757	0.00396	0.00381	0.00084	0.00383	0.00312	0.00320	0.74607
39	0.07525	0.05501	0.09304	0.01349	0.15303	0.03587	0.01002	0.14926	0.04273	0.21040	0.02838	0.02649	0.01012	0.00554	0.00466	0.00145	0.00512	0.00446	0.01527	0.06041
40	0.01272	0.42451	0.28074	0.01050	0.01562	0.01547	0.01162	0.07780	0.01155	0.04393	0.00999	0.01091	0.03110	0.00492	0.00401	0.00131	0.00584	0.00352	0.01708	0.00687
41	0.00667	0.00510	0.00595	0.00635	0.00727	0.00480	0.00444	0.00846	0.05614	0.01348	0.07465	0.34489	0.27497	0.12812	0.00881	0.00228	0.00314	0.03578	0.00447	0.00424
42	0.12224	0.12205	0.13445	0.01195	0.07449	0.02386	0.02576	0.26017	0.04162	0.02144	0.02595	0.01144	0.00837	0.00514	0.00436	0.00139	0.00537	0.00390	0.01431	0.08174
43	0.01251	0.01004	0.01022	0.00908	0.01172	0.05843	0.00703	0.02174	0.47568	0.07215	0.04214	0.04768	0.01521	0.00670	0.00480	0.00152	0.00396	0.00554	0.11120	0.07265
44	0.86003	0.00964	0.00733	0.00655	0.00964	0.01118	0.00540	0.01465	0.00848	0.02236	0.00694	0.00810	0.00540	0.00463	0.00308	0.00154	0.00386	0.00270	0.00308	0.00540
45	0.00664	0.00514	0.00572	0.00553	0.00710	0.00444	0.00417	0.00827	0.01232	0.03321	0.29127	0.04377	0.53139	0.01169	0.00587	0.00164	0.00251	0.00991	0.00494	0.00447
46	0.00712	0.00534	0.00801	0.00801	0.00890	0.00623	0.00623	0.00890	0.00801	0.01157	0.01335	0.01958	0.01246	0.03738	0.80507	0.00801	0.01335	0.00534	0.00267	0.00445
47	0.00720	0.00515	0.00723	0.00731	0.00802	0.00576	0.00542	0.00865	0.00813	0.01174	0.01485	0.07465	0.01479	0.16676	0.57378	0.00668	0.01058	0.00620	0.05290	0.00419
48	0.86003	0.00964	0.00733	0.00655	0.00964	0.01118	0.00540	0.01465	0.00848	0.02236	0.00694	0.00810	0.00540	0.00463	0.00308	0.00154	0.00386	0.00270	0.00308	0.00540
49	0.00842	0.00440	0.00646	0.00650	0.00655	0.00442	0.00433	0.00665	0.00671	0.00898	0.00994	0.04467	0.01025	0.06862	0.04954	0.73933	0.00466	0.00490	0.00232	0.00237
50	0.05221	0.00870	0.01153	0.00887	0.01270	0.00773	0.00733	0.04868	0.01436	0.74431	0.01896	0.01648	0.01196	0.00611	0.00494	0.00154	0.00427	0.00491	0.00602	0.00837
51	0.01445	0.01253	0.01714	0.05541	0.17116	0.09160	0.16363	0.19963	0.02666	0.06350	0.01165	0.01340	0.00880	0.00518	0.00490	0.00148	0.00604	0.00470	0.12109	0.00705
52	0.00680	0.00499	0.00637	0.00623	0.00734	0.00456	0.00459	0.00884	0.01322	0.01834	0.61197	0.13994	0.12592	0.01116	0.00594	0.00164	0.00244	0.00984	0.00528	0.00456
53	0.17067	0.42205	0.10674	0.00962	0.01361	0.13975	0.00928	0.01581	0.01048	0.02705	0.00747	0.00869	0.00631	0.00469	0.00399	0.00129	0.03086	0.00296	0.00244	0.00623

[dist]
# distance from previous block
# <min> <max>
2	3

[block]
# block no. 1 follows, 50 sequences, length 55
# corresponding to MSA columns:
# 181-201,224-228,233-261
name=unknown_B
#
# <colnr> <probs for GDERKNQSTAVLIFYWHMCP>
#	G	D	E	R	K	N	Q	S	T	A	V	L	I	F	Y	W	H	M	C	P
0	0.00713	0.00530	0.00666	0.00628	0.00758	0.00494	0.00472	0.00980	0.04322	0.01928	0.67738	0.03774	0.13058	0.01034	0.00585	0.00159	0.00243	0.00906	0.00537	0.00477
1	0.00951	0.00893	0.01157	0.02434	0.01146	0.05966	0.00851	0.01093	0.00826	0.01179	0.01020	0.02577	0.00981	0.04015	0.37082	0.00480	0.36113	0.00493	0.00248	0.00495
2	0.01214	0.01236	0.05620	0.02880	0.72297	0.01160	0.01503	0.01520	0.01127	0.01626	0.00933	0.01216	0.00780	0.00442	0.00487	0.00145	0.00589	0.00434	0.00247	0.04543
3	0.00853	0.00583	0.00815	0.00917	0.01041	0.00579	0.00801	0.01081	0.01157	0.04207	0.02616	0.05486	0.02812	0.01351	0.00682	0.00227	0.00458	0.73397	0.00464	0.00472
4	0.00705	0.00510	0.00666	0.00627	0.00745	0.00470	0.00470	0.00941	0.01411	0.01999	0.79110	0.03723	0.04703	0.01019	0.00588	0.00157	0.00235	0.00901	0.00549	0.00470
5	0.00903	0.00567	0.00781	0.00845	0.00969	0.00546	0.00697	0.01098	0.01154	0.09648	0.08272	0.21647	0.02927	0.01311	0.00650	0.00210	0.00402	0.46400	0.00483	0.00489
6	0.01858	0.01435	0.01453	0.01133	0.01511	0.07307	0.00927	0.69450	0.02229	0.02955	0.01181	0.01198	0.00848	0.00592	0.00490	0.00147	0.00563	0.00440	0.03468	0.00814
7	0.00631	0.00503	0.00565	0.00556	0.00700	0.00437	0.00414	0.00793	0.01224	0.01571	0.30856	0.07851	0.49756	0.01190	0.00591	0.00166	0.00248	0.01015	0.00493	0.00437
8	0.86003	0.00964	0.00733	0.00655	0.00964	0.01118	0.00540	0.01465	0.00848	0.02236	0.00694	0.00810	0.00540	0.00463	0.00308	0.00154	0.00386	0.00270	0.00308	0.00540
9	0.00865	0.00455	0.00670	0.00671	0.00684	0.00462	0.00459	0.00713	0.02316	0.00922	0.00960	0.01655	0.00952	0.01788	0.05365	0.77586	0.00473	0.02526	0.00232	0.00245
10	0.01793	0.02235	0.01343	0.01224	0.01470	0.74603	0.00918	0.01929	0.01386	0.01267	0.00833	0.00969	0.00689	0.00519	0.00442	0.00128	0.00850	0.00332	0.06501	0.00570
11	0.01021	0.00873	0.01020	0.00737	0.01168	0.00657	0.00587	0.01239	0.01031	0.01614	0.00940	0.03374	0.00812	0.00404	0.00377	0.00078	0.00367	0.00328	0.00300	0.83074
12	0.00730	0.00536	0.00759	0.00736	0.00801	0.00586	0.02623	0.00845	0.00781	0.01094	0.01419	0.02455	0.01455	0.34655	0.47595	0.00658	0.00986	0.00611	0.00280	0.00395
13	0.00713	0.00531	0.00787	0.00787	0.00871	0.00615	0.00606	0.00881	0.00797	0.01147	0.01348	0.02029	0.01277	0.08043	0.76245	0.00784	0.01289	0.00544	0.00269	0.00437
14	0.01244	0.04419	0.04255	0.07760	0.53261	0.06263	0.12475	0.01552	0.01143	0.01556	0.00923	0.01213	0.00757	0.00449	0.00498	0.00150	0.00654	0.00448	0.00244	0.00737
15	0.01862	0.02376	0.01413	0.01284	0.01541	0.80482	0.00963	0.01990	0.01413	0.01220	0.00770	0.00899	0.00642	0.00514	0.00449	0.00128	0.00899	0.00321	0.00257	0.00578
16	0.01168	0.09038	0.16589	0.01466	0.17087	0.01191	0.02734	0.03910	0.26825	0.03051	0.08350	0.02787	0.02423	0.00610	0.00492	0.00155	0.00509	0.00519	0.00369	0.00726
17	0.01183	0.01339	0.11488	0.02637	0.58637	0.01176	0.06489	0.01536	0.02623	0.01613	0.01008	0.01375	0.00849	0.00494	0.00536	0.00156	0.02852	0.02998	0.00254	0.00758
18	0.01197	0.01136	0.01928	0.02896	0.73610	0.01135	0.01467	0.01484	0.01131	0.01613	0.01065	0.03601	0.00954	0.00518	0.00506	0.00153	0.00578	0.04003	0.00262	0.00764
19	0.01817	0.01326	0.01428	0.01116	0.01498	0.01466	0.00915	0.63680	0.13148	0.06386	0.01349	0.01313	0.00961	0.00610	0.00500	0.00153	0.00521	0.00467	0.00505	0.00839
20	0.00774	0.00554	0.00764	0.00843	0.00955	0.00544	0.00714	0.01000	0.01202	0.01602	0.20381	0.07838	0.03309	0.01300	0.00663	0.00212	0.00401	0.56005	0.00480	0.00460
21	0.01000	0.02578	0.79900	0.01421	0.02157	0.01158	0.01842	0.01579	0.01052	0.01579	0.00895	0.01052	0.00631	0.00474	0.00474	0.00158	0.00737	0.00368	0.00210	0.00737
22	0.01115	0.00920	0.00984	0.00892	0.01143	0.01020	0.00691	0.02170	0.56453	0.04326	0.09590	0.02504	0.14456	0.00801	0.00528	0.00167	0.00358	0.00672	0.00507	0.00702
23	0.01073	0.01064	0.01492	0.01285	0.01289	0.01484	0.01068	0.01185	0.00765	0.01198	0.00687	0.01132	0.00682	0.01008	0.05376	0.00246	0.77765	0.00441	0.00220	0.00541
24	0.00620	0.00501	0.00554	0.00568	0.00709	0.00435	0.00425	0.00764	0.01156	0.01443	0.15661	0.13710	0.55085	0.01267	0.00600	0.00174	0.00265	0.05159	0.00475	0.00428
25	0.00645	0.00489	0.00605	0.00681	0.00776	0.00448	0.00512	0.00778	0.01059	0.01347	0.03494	0.38939	0.28620	0.01420	0.00632	0.00197	0.00315	0.18158	0.00462	0.00422
26	0.01198	0.01136	0.01498	0.01281	0.01317	0.05169	0.01062	0.01313	0.00835	0.06065	0.00741	0.01119	0.00690	0.00840	0.01510	0.00210	0.72771	0.00435	0.00245	0.00566
27	0.01334	0.09138	0.14291	0.03932	0.16319	0.14495	0.01134	0.04183	0.17654	0.05527	0.01335	0.04537	0.02799	0.00586	0.00478	0.00150	0.00592	0.00475	0.00334	0.00705
28	0.00724	0.00485	0.00555	0.00555	0.00559	0.00489	0.00316	0.00732	0.00728	0.00975	0.01560	0.03205	0.01787	0.79041	0.05945	0.00497	0.00520	0.00717	0.00300	0.00308
29	0.06521	0.11857	0.14396	0.01548	0.20915	0.13023	0.01141	0.05859	0.01192	0.01627	0.02733	0.01289	0.00882	0.00510	0.00445	0.00136	0.00597	0.03585	0.00278	0.11466
30	0.09864	0.10606	0.28495	0.01312	0.05253	0.13415	0.06082	0.12379	0.03372	0.01789	0.00930	0.01062	0.00707	0.00494	0.00447	0.00146	0.00659	0.00376	0.01920	0.00692
31	0.01318	0.79227	0.06039	0.00878	0.01318	0.01936	0.00897	0.01496	0.01015	0.01191	0.00702	0.00811	0.00639	0.00429	0.00327	0.00109	0.00542	0.00271	0.00213	0.00644
32	0.00705	0.00475	0.00549	0.00568	0.00573	0.00470	0.00328	0.00720	0.00763	0.01017	0.01764	0.16252	0.02057	0.69159	0.02224	0.00437	0.00451	0.00839	0.00328	0.00319
33	0.00725	0.00554	0.00827	0.00819	0.00905	0.00655	0.00640	0.00901	0.00800	0.01159	0.01311	0.01928	0.01225	0.03637	0.77727	0.00781	0.04163	0.00531	0.00265	0.00449
34	0.82440	0.04407	0.00812	0.00664	0.00977	0.01154	0.00553	0.01466	0.00855	0.02192	0.00694	0.00809	0.00544	0.00461	0.00309	0.00152	0.00392	0.00270	0.00304	0.00544
35	0.01540	0.01451	0.17669	0.02781	0.11469	0.01214	0.05664	0.25858	0.01525	0.15566	0.01200	0.01287	0.00858	0.00561	0.00566	0.00156	0.05820	0.00449	0.03597	0.00768
36	0.00981	0.03411	0.10770	0.01067	0.03519	0.08679	0.05861	0.01313	0.08185	0.01453	0.03909	0.05796	0.24181	0.00952	0.02009	0.00183	0.09556	0.07256	0.00360	0.00560
37	0.00624	0.00449	0.00596	0.00707	0.00749	0.00420	0.00490	0.00725	0.00978	0.01295	0.02826	0.72418	0.06156	0.01534	0.00639	0.00204	0.00303	0.08018	0.00462	0.00410
38	0.01399	0.01257	0.01770	0.12746	0.39331	0.05046	0.03397	0.21798	0.04880	0.01983	0.01042	0.01251	0.00813	0.00505	0.00497	0.00151	0.00603	0.00449	0.00322	0.00760
39	0.00813	0.00553	0.00673	0.00631	0.00787	0.00503	0.00477	0.01049	0.04145	0.08190	0.44621	0.07805	0.25731	0.01071	0.00581	0.00163	0.00264	0.00926	0.00524	0.00496
40	0.00971	0.00577	0.00682	0.00619	0.00787	0.00540	0.00476	0.04716	0.01317	0.10629	0.34645	0.03074	0.15525	0.00881	0.00513	0.00148	0.00273	0.00748	0.22359	0.00521
41	0.00739	0.00533	0.00638	0.00659	0.00801	0.00482	0.00519	0.00902	0.01159	0.04922	0.13251	0.09636	0.38621	0.04353	0.00688	0.00196	0.00323	0.20653	0.00473	0.00450
42	0.00840	0.00605	0.00731	0.00723	0.00858	0.00598	0.00531	0.02665	0.13541	0.05428	0.26174	0.31962	0.11079	0.01159	0.00587	0.00176	0.00297	0.01023	0.00504	0.00518
43	0.77669	0.02780	0.04304	0.00714	0.01043	0.03787	0.00618	0.01488	0.00880	0.02151	0.00705	0.00823	0.00549	0.00464	0.00321	0.00153	0.00421	0.00276	0.00300	0.00552
44	0.00734	0.00553	0.00790	0.00779	0.00847	0.00643	0.00587	0.00875	0.00785	0.01124	0.01344	0.02156	0.01321	0.18236	0.61986	0.00712	0.05268	0.00565	0.00271	0.00424
45	0.00614	0.00487	0.00568	0.02440	0.00761	0.00435	0.00441	0.00739	0.01087	0.01370	0.10136	0.33674	0.42804	0.01337	0.00605	0.00180	0.00274	0.01163	0.00464	0.00422
46	0.00941	0.00886	0.01495	0.81285	0.03433	0.01107	0.01384	0.01274	0.00997	0.01274	0.00886	0.01329	0.00664	0.00498	0.00498	0.00166	0.00664	0.00443	0.00221	0.00554
47	0.06675	0.03335	0.07334	0.00814	0.01264	0.02625	0.00712	0.02759	0.02209	0.01674	0.00889	0.01026	0.00725	0.00397	0.00378	0.00091	0.00420	0.00306	0.00293	0.66072
48	0.00986	0.02437	0.74329	0.01385	0.02078	0.01116	0.01768	0.01540	0.01059	0.01572	0.01017	0.01374	0.00789	0.00537	0.00489	0.00163	0.00717	0.05696	0.00228	0.00717
49	0.01078	0.01085	0.05774	0.17501	0.42527	0.01052	0.03626	0.01402	0.02438	0.01533	0.01267	0.04400	0.01169	0.00639	0.00531	0.00167	0.00588	0.12266	0.00284	0.00675
50	0.05344	0.28698	0.01802	0.01127	0.03572	0.31330	0.00914	0.15780	0.04242	0.01646	0.00871	0.00961	0.00711	0.00502	0.00413	0.00128	0.00664	0.00337	0.00298	0.00660
51	0.00724	0.00488	0.00569	0.00569	0.00577	0.00497	0.00333	0.00741	0.00732	0.00985	0.01548	0.03136	0.01757	0.74879	0.10066	0.00514	0.00565	0.00706	0.00299	0.00316
52	0.02629	0.22956	0.05283	0.01197	0.10703	0.06728	0.00918	0.15709	0.05479	0.01749	0.00973	0.01149	0.00807	0.03356	0.00530	0.02447	0.00533	0.00372	0.00309	0.16173
53	0.01853	0.01396	0.01471	0.01141	0.01530	0.03166	0.00938	0.71460	0.07069	0.03036	0.01240	0.01232	0.00885	0.00601	0.00498	0.00150	0.00546	0.00453	0.00494	0.00838
54	0.00667	0.00560	0.03643	0.00716	0.00805	0.00483	0.00527	0.00858	0.04482	0.01450	0.16083	0.58432	0.06666	0.01373	0.00614	0.00190	0.00300	0.01233	0.00470	0.00447

[dist]
# distance from previous block
# <min> <max>
0	10

[block]
# block no. 2 follows, 50 sequences, length 23
# corresponding to MSA columns:
# 272-294
name=unknown_C
#
# <colnr> <probs for GDERKNQSTAVLIFYWHMCP>
#	G	D	E	R	K	N	Q	S	T	A	V	L	I	F	Y	W	H	M	C	P
0	0.01223	0.44431	0.33323	0.01105	0.01643	0.05410	0.01250	0.01586	0.03416	0.01365	0.00818	0.00938	0.00663	0.00457	0.00393	0.00130	0.00628	0.00319	0.00223	0.00680
1	0.01568	0.15397	0.27856	0.01158	0.01671	0.03676	0.04392	0.12095	0.01344	0.24299	0.01212	0.01223	0.00842	0.00523	0.00463	0.00147	0.00596	0.00408	0.00370	0.00760
2	0.00617	0.00441	0.00589	0.00705	0.00738	0.00413	0.00479	0.00711	0.00964	0.01283	0.02742	0.78405	0.03276	0.01553	0.00639	0.00204	0.00298	0.05075	0.00463	0.00408
3	0.00628	0.00534	0.00586	0.00626	0.04013	0.00458	0.00437	0.00773	0.01164	0.01425	0.12405	0.04537	0.68280	0.01203	0.00585	0.00166	0.00265	0.01011	0.00462	0.00441
4	0.05271	0.07867	0.04432	0.04688	0.05923	0.01177	0.03680	0.22201	0.08045	0.26100	0.03411	0.02661	0.01106	0.00592	0.00484	0.00152	0.00502	0.00480	0.00459	0.00769
5	0.01920	0.03176	0.09662	0.02985	0.01532	0.00884	0.07410	0.02226	0.04541	0.57711	0.01716	0.01574	0.01113	0.00580	0.00501	0.00155	0.00500	0.00490	0.00519	0.00807
6	0.00589	0.00505	0.00505	0.00505	0.00673	0.00421	0.00379	0.00715	0.01136	0.01347	0.05049	0.04797	0.79171	0.01262	0.00589	0.00168	0.00252	0.01052	0.00463	0.00421
7	0.01218	0.01403	0.08118	0.10697	0.32934	0.12964	0.09754	0.01502	0.01112	0.01458	0.00974	0.04625	0.00844	0.00628	0.02661	0.00175	0.07531	0.00478	0.00250	0.00670
8	0.08028	0.07014	0.04757	0.01371	0.04637	0.26592	0.14712	0.12431	0.04726	0.06964	0.01004	0.01127	0.00767	0.00520	0.00509	0.00147	0.03285	0.00412	0.00322	0.00674
9	0.01333	0.82783	0.02612	0.00853	0.01279	0.01972	0.00853	0.01493	0.01013	0.01173	0.00693	0.00800	0.00640	0.00426	0.00320	0.00107	0.00533	0.00267	0.00213	0.00640
10	0.00597	0.00505	0.00516	0.00513	0.00678	0.00424	0.00385	0.00731	0.01155	0.01391	0.10136	0.04723	0.74056	0.01246	0.00589	0.00168	0.00251	0.01042	0.00469	0.00424
11	0.01306	0.10806	0.28062	0.07434	0.05631	0.03256	0.03981	0.06832	0.03009	0.14238	0.05081	0.04278	0.01092	0.00636	0.02073	0.00165	0.00608	0.00472	0.00335	0.00703
12	0.01031	0.12576	0.23701	0.01094	0.03239	0.05341	0.06777	0.01399	0.05344	0.03363	0.08358	0.05984	0.14953	0.00769	0.01739	0.00163	0.00544	0.00605	0.02407	0.00612
13	0.02236	0.00848	0.01157	0.00887	0.01272	0.00733	0.00733	0.02429	0.01427	0.79719	0.01966	0.01697	0.01234	0.00617	0.00501	0.00154	0.00424	0.00501	0.00617	0.00848
14	0.01234	0.12261	0.21749	0.02108	0.35005	0.07960	0.09625	0.01583	0.01126	0.01519	0.00888	0.01115	0.00714	0.00453	0.00472	0.00146	0.00673	0.00407	0.00235	0.00726
15	0.05377	0.07360	0.12565	0.09069	0.23262	0.02371	0.08834	0.07177	0.08216	0.03345	0.02108	0.01440	0.00942	0.03387	0.00557	0.00166	0.00597	0.02225	0.00301	0.00699
16	0.01184	0.01220	0.06148	0.13275	0.16769	0.09751	0.13387	0.05537	0.02625	0.04111	0.05081	0.07497	0.01308	0.02444	0.02529	0.00185	0.00641	0.05355	0.00319	0.00632
17	0.00607	0.00434	0.00578	0.00694	0.00723	0.00405	0.00463	0.00694	0.00954	0.01272	0.02747	0.82157	0.03297	0.01562	0.00636	0.00202	0.00289	0.01417	0.00463	0.00405
18	0.01248	0.42144	0.31484	0.01151	0.01690	0.04447	0.04630	0.05369	0.01116	0.01444	0.00810	0.00942	0.00652	0.00456	0.00403	0.00131	0.00637	0.00330	0.00230	0.00686
19	0.04764	0.01288	0.16046	0.03508	0.13891	0.06140	0.10485	0.01413	0.07913	0.01538	0.01620	0.22652	0.03881	0.00838	0.01615	0.00177	0.00565	0.00719	0.00330	0.00617
20	0.01277	0.03332	0.07895	0.00994	0.03754	0.04487	0.02624	0.07605	0.07282	0.09983	0.02552	0.03870	0.01000	0.00508	0.00437	0.00116	0.00464	0.00416	0.00358	0.41046
21	0.01188	0.15107	0.45433	0.01298	0.03721	0.04917	0.04177	0.04378	0.04397	0.05225	0.03014	0.03077	0.00882	0.00525	0.00463	0.00149	0.00652	0.00415	0.00272	0.00709
22	0.01167	0.01006	0.01122	0.02910	0.04866	0.11191	0.00803	0.06463	0.01076	0.06052	0.03276	0.02157	0.01327	0.17270	0.08400	0.00295	0.19093	0.07703	0.03294	0.00530

[dist]
# distance from previous block
# <min> <max>
0	1

[block]
# block no. 3 follows, 50 sequences, length 10
# corresponding to MSA columns:
# 296-305
name=unknown_D
#
# <colnr> <probs for GDERKNQSTAVLIFYWHMCP>
#	G	D	E	R	K	N	Q	S	T	A	V	L	I	F	Y	W	H	M	C	P
0	0.01087	0.01005	0.07776	0.10338	0.05785	0.04368	0.06588	0.08013	0.01230	0.09152	0.05207	0.18226	0.15867	0.02355	0.00585	0.00173	0.00486	0.00778	0.00395	0.00585
1	0.01350	0.01122	0.03211	0.08753	0.34473	0.01097	0.11188	0.08639	0.02916	0.12257	0.03934	0.01561	0.02417	0.00540	0.00514	0.00154	0.00576	0.02073	0.00343	0.02881
2	0.00724	0.00697	0.07357	0.00784	0.00882	0.00616	0.00621	0.00856	0.00870	0.01202	0.01946	0.31698	0.04663	0.19719	0.18818	0.00393	0.06481	0.00897	0.00345	0.00430
3	0.01118	0.01210	0.08442	0.20314	0.40480	0.01136	0.09343	0.03273	0.01120	0.01552	0.01098	0.01403	0.03605	0.00595	0.03053	0.00177	0.00657	0.00477	0.00253	0.00697
4	0.01140	0.19348	0.22490	0.01037	0.01408	0.07943	0.01031	0.05028	0.09135	0.01480	0.01218	0.08139	0.01105	0.06766	0.06371	0.00219	0.02862	0.00496	0.02162	0.00621
5	0.01364	0.19993	0.01680	0.05040	0.01433	0.09356	0.00956	0.16408	0.01236	0.03335	0.00974	0.06916	0.00892	0.00706	0.00838	0.00165	0.27316	0.00461	0.00303	0.00627
6	0.01398	0.11017	0.13537	0.01135	0.03712	0.23247	0.00982	0.10797	0.01261	0.03359	0.00967	0.01280	0.00833	0.10217	0.00743	0.00175	0.04618	0.00396	0.00290	0.10038
7	0.00836	0.00600	0.00703	0.00661	0.00692	0.00651	0.00427	0.06111	0.00844	0.01145	0.01458	0.02881	0.01624	0.66604	0.05623	0.00451	0.07343	0.00673	0.00307	0.00366
8	0.00713	0.00483	0.00558	0.00569	0.00596	0.00480	0.00347	0.00754	0.00797	0.01080	0.01918	0.10576	0.07482	0.59574	0.07519	0.00438	0.00495	0.00787	0.04494	0.00338
9	0.01408	0.06979	0.04876	0.05993	0.11838	0.09322	0.10935	0.13392	0.15342	0.06933	0.03357	0.03039	0.01070	0.00577	0.00527	0.00155	0.02682	0.00493	0.00365	0.00717

[dist]
# distance from previous block
# <min> <max>
0	30

# created by:
# /home/cegg/simao/soft/augustus-3.2.1/scripts/msa2prfl.pl ./align_prep/EOG091G0Z4E.fa
