[name]
unknown

[dist]
# distance from previous block
# <min> <max>
0	61

[block]
# block no. 0 follows, 55 sequences, length 55
# corresponding to MSA columns:
# 102-146,149-158
name=unknown_A
#
# <colnr> <probs for GDERKNQSTAVLIFYWHMCP>
#	G	D	E	R	K	N	Q	S	T	A	V	L	I	F	Y	W	H	M	C	P
0	0.01044	0.00891	0.03309	0.05525	0.08018	0.00741	0.05564	0.02868	0.01041	0.06500	0.01108	0.01581	0.00962	0.00497	0.00423	0.00111	0.00430	0.09804	0.00305	0.49280
1	0.04005	0.00666	0.00889	0.03044	0.03262	0.00644	0.06910	0.07569	0.03341	0.03910	0.11303	0.23154	0.25223	0.00983	0.00529	0.00159	0.00346	0.00864	0.00412	0.02785
2	0.01136	0.02553	0.02183	0.03902	0.04929	0.06489	0.46285	0.03369	0.03423	0.01440	0.00887	0.01172	0.00702	0.00482	0.00685	0.00156	0.14813	0.00478	0.00243	0.04670
3	0.01667	0.01097	0.01224	0.00961	0.01289	0.01173	0.00784	0.55551	0.01884	0.15620	0.04280	0.06887	0.01153	0.00636	0.00473	0.00143	0.00455	0.00504	0.03480	0.00738
4	0.00734	0.00532	0.00674	0.00618	0.00746	0.00507	0.00469	0.06197	0.01376	0.01938	0.75111	0.03315	0.04145	0.00924	0.00543	0.00146	0.00239	0.00813	0.00509	0.00463
5	0.01141	0.01251	0.02615	0.01879	0.02329	0.01202	0.71478	0.06757	0.01161	0.01577	0.00943	0.01239	0.00709	0.00416	0.00572	0.00157	0.03153	0.00536	0.00250	0.00635
6	0.00665	0.00480	0.00631	0.00604	0.00713	0.00446	0.00460	0.00884	0.01300	0.01833	0.75203	0.03595	0.04273	0.00974	0.00555	0.00151	0.00234	0.06056	0.00506	0.00438
7	0.00675	0.00458	0.00544	0.00544	0.00557	0.00471	0.00328	0.00700	0.00688	0.00929	0.01432	0.02857	0.01610	0.71285	0.14622	0.00497	0.00574	0.00649	0.00277	0.00302
8	0.76316	0.00862	0.00713	0.05140	0.01012	0.00998	0.00542	0.01309	0.00806	0.01977	0.00788	0.06392	0.00685	0.00503	0.00318	0.00148	0.00368	0.00334	0.00293	0.00496
9	0.00878	0.00805	0.01342	0.77997	0.03057	0.01000	0.01239	0.01183	0.00933	0.01219	0.00865	0.01268	0.00652	0.00469	0.00457	0.00152	0.00598	0.00415	0.04959	0.00512
10	0.01111	0.01062	0.01792	0.02694	0.75307	0.01057	0.01355	0.01376	0.01059	0.01502	0.01136	0.01377	0.06158	0.00466	0.00467	0.00139	0.00531	0.00453	0.00244	0.00714
11	0.01151	0.01105	0.01888	0.02855	0.80748	0.01105	0.01428	0.01428	0.01059	0.01520	0.00875	0.01151	0.00737	0.00415	0.00461	0.00138	0.00553	0.00415	0.00230	0.00737
12	0.01261	0.01051	0.01110	0.00968	0.01249	0.01206	0.00761	0.15504	0.66707	0.02114	0.01762	0.01631	0.01313	0.00619	0.00472	0.00155	0.00393	0.00508	0.00472	0.00746
13	0.02087	0.00792	0.01080	0.00828	0.01188	0.00684	0.00684	0.02267	0.01332	0.81071	0.01835	0.01583	0.01152	0.00576	0.00468	0.00144	0.00396	0.00468	0.00576	0.00792
14	0.01106	0.00955	0.01009	0.00901	0.01165	0.01077	0.00701	0.02281	0.70339	0.01877	0.02021	0.01874	0.06607	0.00651	0.00471	0.00153	0.00358	0.00542	0.00460	0.05451
15	0.02087	0.00792	0.01080	0.00828	0.01188	0.00684	0.00684	0.02267	0.01332	0.81071	0.01835	0.01583	0.01152	0.00576	0.00468	0.00144	0.00396	0.00468	0.00576	0.00792
16	0.00678	0.00494	0.00641	0.00611	0.00725	0.00465	0.00465	0.00929	0.03591	0.01842	0.73904	0.03522	0.04209	0.00960	0.00552	0.00150	0.00235	0.05074	0.00506	0.00447
17	0.02087	0.00792	0.01080	0.00828	0.01188	0.00684	0.00684	0.02267	0.01332	0.81071	0.01835	0.01583	0.01152	0.00576	0.00468	0.00144	0.00396	0.00468	0.00576	0.00792
18	0.00850	0.00765	0.01081	0.00975	0.01007	0.01010	0.00784	0.00968	0.00723	0.01086	0.00933	0.01507	0.00919	0.08811	0.33282	0.00439	0.43711	0.00466	0.00228	0.00453
19	0.00867	0.00434	0.00434	0.00434	0.00542	0.00434	0.00325	0.01084	0.00976	0.01734	0.01518	0.01734	0.01192	0.00542	0.00325	0.00108	0.00217	0.00434	0.86233	0.00434
20	0.01144	0.01093	0.01843	0.05138	0.75520	0.01105	0.01398	0.01459	0.03968	0.01526	0.00911	0.01176	0.00759	0.00424	0.00461	0.00139	0.00548	0.00419	0.00239	0.00730
21	0.01050	0.00958	0.03654	0.54558	0.02651	0.03308	0.08808	0.06586	0.01069	0.06691	0.01018	0.05774	0.00810	0.00526	0.00479	0.00154	0.00603	0.00476	0.00265	0.00562
22	0.86937	0.00900	0.00684	0.00612	0.00900	0.01044	0.00504	0.01368	0.00792	0.02087	0.00648	0.00756	0.00504	0.00432	0.00288	0.00144	0.00360	0.00252	0.00288	0.00504
23	0.01429	0.01667	0.01526	0.13994	0.14449	0.44194	0.06359	0.03814	0.01193	0.01281	0.00781	0.00997	0.00638	0.00482	0.00506	0.00136	0.05377	0.00362	0.00237	0.00579
24	0.86937	0.00900	0.00684	0.00612	0.00900	0.01044	0.00504	0.01368	0.00792	0.02087	0.00648	0.00756	0.00504	0.00432	0.00288	0.00144	0.00360	0.00252	0.00288	0.00504
25	0.00786	0.00704	0.00691	0.00724	0.00823	0.11016	0.00523	0.03060	0.03168	0.01343	0.10980	0.46057	0.11602	0.01187	0.00557	0.00171	0.00353	0.05408	0.00417	0.00431
26	0.00569	0.00445	0.00518	0.00571	0.00667	0.00394	0.00409	0.00677	0.00990	0.01244	0.05155	0.39863	0.40527	0.01304	0.00574	0.00174	0.00260	0.04835	0.00433	0.00389
27	0.01043	0.00995	0.01692	0.34542	0.49910	0.01077	0.01374	0.01333	0.01008	0.01388	0.00856	0.01187	0.00690	0.00435	0.00462	0.00145	0.00580	0.00414	0.00221	0.00649
28	0.00656	0.00475	0.00618	0.00583	0.00693	0.00438	0.00437	0.00873	0.01311	0.01851	0.78731	0.03499	0.06170	0.00956	0.00549	0.00147	0.00220	0.00845	0.00510	0.00438
29	0.01738	0.02217	0.01318	0.01199	0.01438	0.81783	0.00899	0.01858	0.01318	0.01139	0.00719	0.00839	0.00599	0.00479	0.00419	0.00120	0.00839	0.00300	0.00240	0.00539
30	0.86937	0.00900	0.00684	0.00612	0.00900	0.01044	0.00504	0.01368	0.00792	0.02087	0.00648	0.00756	0.00504	0.00432	0.00288	0.00144	0.00360	0.00252	0.00288	0.00504
31	0.00920	0.00813	0.01348	0.67062	0.06822	0.00988	0.01202	0.01188	0.00934	0.03398	0.03008	0.01309	0.00753	0.00553	0.00574	0.04923	0.03039	0.00426	0.00226	0.00516
32	0.00965	0.00827	0.00965	0.00689	0.01102	0.00620	0.00551	0.01171	0.00965	0.01516	0.00827	0.00965	0.00689	0.00345	0.00345	0.00069	0.00345	0.00276	0.00276	0.86494
33	0.00566	0.00409	0.00536	0.00638	0.00672	0.00379	0.00427	0.00649	0.00900	0.01191	0.02685	0.78904	0.07442	0.01442	0.00591	0.00187	0.00268	0.01303	0.00432	0.00379
34	0.01101	0.22311	0.49000	0.01174	0.01708	0.08417	0.01366	0.02922	0.01011	0.01359	0.00772	0.00916	0.00597	0.00457	0.00464	0.00136	0.05118	0.00321	0.00206	0.00644
35	0.00774	0.00667	0.01148	0.01042	0.01209	0.00642	0.18994	0.01004	0.02632	0.01353	0.02131	0.32384	0.02333	0.01124	0.00600	0.00190	0.00453	0.30471	0.00385	0.00463
36	0.00602	0.00463	0.00549	0.00557	0.00668	0.00413	0.00409	0.00752	0.01121	0.01472	0.33001	0.17791	0.34376	0.02876	0.00598	0.00166	0.00245	0.03075	0.00459	0.00406
37	0.00945	0.02324	0.75653	0.01371	0.02043	0.01087	0.07223	0.01474	0.00990	0.01474	0.00842	0.01002	0.00598	0.00438	0.00450	0.00148	0.00694	0.00358	0.00199	0.00683
38	0.00965	0.00827	0.00965	0.00689	0.01102	0.00620	0.00551	0.01171	0.00965	0.01516	0.00827	0.00965	0.00689	0.00345	0.00345	0.00069	0.00345	0.00276	0.00276	0.86494
39	0.01114	0.01025	0.08167	0.28933	0.15427	0.00968	0.09017	0.06345	0.01114	0.10800	0.04485	0.08316	0.01087	0.00571	0.00486	0.00152	0.00551	0.00524	0.00305	0.00614
40	0.02766	0.00733	0.00832	0.00775	0.00970	0.00778	0.00607	0.03909	0.32123	0.05773	0.21236	0.07213	0.10431	0.00870	0.00520	0.00161	0.00325	0.08928	0.00472	0.00576
41	0.00572	0.00409	0.00544	0.00644	0.00676	0.00381	0.00432	0.00660	0.00914	0.01225	0.06870	0.78934	0.03149	0.01430	0.00591	0.00187	0.00267	0.01296	0.00436	0.00381
42	0.01021	0.01105	0.02272	0.30188	0.02702	0.01126	0.51814	0.01385	0.01039	0.01385	0.00901	0.01250	0.00676	0.00418	0.00520	0.00156	0.00727	0.00502	0.00225	0.00589
43	0.00785	0.03827	0.00863	0.00774	0.00893	0.00700	0.00613	0.07564	0.00886	0.01244	0.01254	0.01860	0.01169	0.05222	0.67069	0.00646	0.01108	0.02801	0.00272	0.00451
44	0.01151	0.01105	0.01888	0.02855	0.80748	0.01105	0.01428	0.01428	0.01059	0.01520	0.00875	0.01151	0.00737	0.00415	0.00461	0.00138	0.00553	0.00415	0.00230	0.00737
45	0.00588	0.00421	0.00561	0.00642	0.00687	0.00393	0.00442	0.00698	0.00973	0.01316	0.16659	0.66715	0.03303	0.01361	0.00587	0.00182	0.00265	0.03369	0.00446	0.00390
46	0.00889	0.01025	0.08344	0.01399	0.01712	0.00875	0.40701	0.01176	0.01012	0.01378	0.01547	0.27774	0.01585	0.00806	0.00581	0.00171	0.02258	0.05923	0.00307	0.00537
47	0.00933	0.02406	0.81240	0.01326	0.02014	0.01080	0.01719	0.01473	0.00982	0.01473	0.00835	0.00982	0.00589	0.00442	0.00442	0.00147	0.00688	0.00344	0.00196	0.00688
48	0.00965	0.00827	0.00965	0.00689	0.01102	0.00620	0.00551	0.01171	0.00965	0.01516	0.00827	0.00965	0.00689	0.00345	0.00345	0.00069	0.00345	0.00276	0.00276	0.86494
49	0.00581	0.00455	0.00524	0.00542	0.00653	0.00401	0.00392	0.00712	0.01071	0.01375	0.21700	0.23913	0.42222	0.02581	0.00591	0.00167	0.00244	0.01029	0.00448	0.00398
50	0.00575	0.00411	0.00552	0.00656	0.00687	0.00388	0.00445	0.00662	0.00891	0.01190	0.02522	0.78829	0.03009	0.01513	0.03018	0.00206	0.00303	0.03336	0.00426	0.00380
51	0.00567	0.00405	0.00540	0.00648	0.00675	0.00378	0.00432	0.00648	0.00891	0.01188	0.02564	0.83347	0.03077	0.01457	0.00594	0.00189	0.00270	0.01323	0.00432	0.00378
52	0.00567	0.00405	0.00540	0.00648	0.00675	0.00378	0.00432	0.00648	0.00891	0.01188	0.02564	0.83347	0.03077	0.01457	0.00594	0.00189	0.00270	0.01323	0.00432	0.00378
53	0.86937	0.00900	0.00684	0.00612	0.00900	0.01044	0.00504	0.01368	0.00792	0.02087	0.00648	0.00756	0.00504	0.00432	0.00288	0.00144	0.00360	0.00252	0.00288	0.00504
54	0.01130	0.01112	0.03363	0.07946	0.74271	0.01100	0.01425	0.01413	0.01050	0.01498	0.00871	0.01154	0.00727	0.00418	0.00461	0.00139	0.00560	0.00413	0.00228	0.00722

[dist]
# distance from previous block
# <min> <max>
0	14

[block]
# block no. 1 follows, 55 sequences, length 85
# corresponding to MSA columns:
# 173-195,197-221,239-258,262-278
name=unknown_B
#
# <colnr> <probs for GDERKNQSTAVLIFYWHMCP>
#	G	D	E	R	K	N	Q	S	T	A	V	L	I	F	Y	W	H	M	C	P
0	0.00994	0.16170	0.64809	0.01222	0.01844	0.01212	0.01525	0.01498	0.04002	0.01427	0.00844	0.00971	0.00622	0.00442	0.00419	0.00140	0.00643	0.00335	0.00207	0.00674
1	0.00974	0.00925	0.01568	0.54551	0.30436	0.01059	0.01340	0.01273	0.00976	0.01305	0.00844	0.01209	0.00661	0.00447	0.00464	0.00149	0.00596	0.00414	0.00215	0.00594
2	0.00677	0.00451	0.00507	0.00507	0.00507	0.00451	0.00282	0.00677	0.00677	0.00902	0.01466	0.03044	0.01691	0.83650	0.02368	0.00451	0.00451	0.00677	0.00282	0.00282
3	0.01844	0.02553	0.06823	0.00952	0.01328	0.04332	0.00830	0.25552	0.01553	0.44846	0.01497	0.01453	0.01011	0.00573	0.00465	0.00143	0.00473	0.02520	0.00491	0.00761
4	0.72941	0.02829	0.03775	0.00712	0.01029	0.01046	0.03834	0.01434	0.00849	0.07006	0.00742	0.00837	0.00558	0.00439	0.00316	0.00144	0.00395	0.00281	0.00299	0.00536
5	0.00657	0.00476	0.00622	0.00601	0.00709	0.00441	0.00456	0.00868	0.01277	0.01791	0.70314	0.06935	0.06357	0.00999	0.00556	0.00153	0.00235	0.05617	0.00501	0.00434
6	0.01261	0.81142	0.02400	0.00810	0.01202	0.04569	0.00800	0.01409	0.00958	0.01096	0.00649	0.00749	0.00597	0.00401	0.00303	0.00100	0.00509	0.00250	0.00200	0.00595
7	0.00554	0.00473	0.00477	0.00479	0.00635	0.00396	0.00362	0.00674	0.01061	0.01260	0.04665	0.04493	0.78910	0.01180	0.00552	0.00158	0.00240	0.02605	0.00432	0.00393
8	0.00885	0.00817	0.01382	0.74702	0.03013	0.01001	0.03886	0.01192	0.00939	0.01233	0.00874	0.01271	0.00658	0.00467	0.00459	0.00152	0.00601	0.00419	0.05532	0.00515
9	0.00644	0.00475	0.00602	0.00570	0.00686	0.00433	0.00428	0.00850	0.01283	0.01785	0.70502	0.03607	0.14440	0.00981	0.00549	0.00148	0.00222	0.00860	0.00502	0.00433
10	0.00888	0.00809	0.01324	0.74547	0.02968	0.01001	0.01212	0.01228	0.03744	0.01249	0.00908	0.01289	0.00684	0.00476	0.00457	0.00152	0.00586	0.00419	0.05540	0.00519
11	0.00658	0.00476	0.00622	0.00585	0.00695	0.00439	0.00439	0.00878	0.01317	0.01866	0.80503	0.03475	0.04390	0.00951	0.00549	0.00146	0.00219	0.00841	0.00512	0.00439
12	0.03154	0.01321	0.01647	0.07448	0.47910	0.17283	0.01220	0.09957	0.01225	0.03175	0.00881	0.01091	0.00711	0.00450	0.00450	0.00136	0.00603	0.00390	0.00264	0.00685
13	0.86937	0.00900	0.00684	0.00612	0.00900	0.01044	0.00504	0.01368	0.00792	0.02087	0.00648	0.00756	0.00504	0.00432	0.00288	0.00144	0.00360	0.00252	0.00288	0.00504
14	0.86937	0.00900	0.00684	0.00612	0.00900	0.01044	0.00504	0.01368	0.00792	0.02087	0.00648	0.00756	0.00504	0.00432	0.00288	0.00144	0.00360	0.00252	0.00288	0.00504
15	0.86937	0.00900	0.00684	0.00612	0.00900	0.01044	0.00504	0.01368	0.00792	0.02087	0.00648	0.00756	0.00504	0.00432	0.00288	0.00144	0.00360	0.00252	0.00288	0.00504
16	0.01063	0.01061	0.01521	0.10390	0.01554	0.04686	0.07633	0.01215	0.00809	0.02973	0.00695	0.01068	0.00632	0.00720	0.01255	0.00189	0.61375	0.00417	0.00217	0.00527
17	0.00681	0.00504	0.00639	0.00600	0.00720	0.00476	0.00452	0.00956	0.05588	0.01845	0.73104	0.03422	0.07360	0.00943	0.00545	0.00147	0.00228	0.00830	0.00507	0.00453
18	0.02032	0.00881	0.01135	0.00870	0.01232	0.00816	0.00719	0.15625	0.01480	0.67503	0.01711	0.01502	0.01089	0.00573	0.00467	0.00143	0.00416	0.00459	0.00557	0.00792
19	0.01082	0.01223	0.02646	0.07874	0.02488	0.01166	0.73351	0.01468	0.01086	0.01468	0.00933	0.01254	0.00700	0.00398	0.00543	0.00157	0.00772	0.00539	0.00233	0.00619
20	0.00577	0.00469	0.00512	0.00509	0.00647	0.00403	0.00379	0.00718	0.01114	0.01402	0.23193	0.08711	0.57463	0.01138	0.00552	0.00156	0.00234	0.00967	0.00452	0.00403
21	0.00665	0.00498	0.00748	0.00748	0.00831	0.00582	0.00582	0.00831	0.00748	0.01080	0.01246	0.01828	0.01163	0.03489	0.81807	0.00748	0.01246	0.00498	0.00249	0.00415
22	0.02087	0.00792	0.01080	0.00828	0.01188	0.00684	0.00684	0.02267	0.01332	0.81071	0.01835	0.01583	0.01152	0.00576	0.00468	0.00144	0.00396	0.00468	0.00576	0.00792
23	0.00560	0.00471	0.00476	0.00474	0.00629	0.00395	0.00356	0.00683	0.01067	0.01287	0.07235	0.04388	0.76376	0.01158	0.00545	0.00156	0.00235	0.00966	0.02148	0.00395
24	0.00879	0.00827	0.01395	0.82532	0.03204	0.01034	0.01292	0.01189	0.00930	0.01189	0.00827	0.01240	0.00620	0.00465	0.00465	0.00155	0.00620	0.00413	0.00207	0.00517
25	0.01098	0.01255	0.02745	0.01961	0.02431	0.01176	0.79059	0.01490	0.01098	0.01490	0.00941	0.01255	0.00706	0.00392	0.00549	0.00157	0.00784	0.00549	0.00235	0.00627
26	0.01980	0.00867	0.01109	0.00854	0.01206	0.00807	0.00704	0.15798	0.01468	0.63977	0.01695	0.01507	0.01090	0.00571	0.00461	0.00142	0.00409	0.00458	0.04120	0.00777
27	0.00553	0.00467	0.00478	0.00484	0.00632	0.00393	0.00360	0.00670	0.01054	0.01263	0.05852	0.09258	0.74571	0.01191	0.00552	0.00159	0.00237	0.01000	0.00433	0.00393
28	0.01788	0.01272	0.01377	0.01056	0.01427	0.01397	0.00872	0.74551	0.02136	0.07651	0.01160	0.01145	0.00813	0.00560	0.00466	0.00140	0.00505	0.00422	0.00472	0.00791
29	0.01144	0.01098	0.01875	0.05081	0.78582	0.01103	0.01424	0.01421	0.01056	0.01511	0.00874	0.01154	0.00734	0.00416	0.00461	0.00139	0.00555	0.00414	0.00230	0.00731
30	0.02015	0.00908	0.01152	0.00883	0.01246	0.00857	0.00729	0.19779	0.01526	0.63283	0.01672	0.01477	0.01070	0.00572	0.00467	0.00143	0.00422	0.00457	0.00551	0.00792
31	0.00565	0.00412	0.00533	0.00629	0.00670	0.00379	0.00424	0.00650	0.00908	0.01195	0.02787	0.75172	0.11108	0.01429	0.00589	0.00186	0.00266	0.01287	0.00432	0.00379
32	0.00649	0.00475	0.00608	0.00575	0.00689	0.00435	0.00431	0.00859	0.01294	0.01810	0.73607	0.03566	0.11321	0.00972	0.00549	0.00147	0.00221	0.00854	0.00505	0.00435
33	0.02026	0.00890	0.01140	0.00874	0.01236	0.00829	0.00722	0.16994	0.01495	0.66112	0.01698	0.01494	0.01083	0.00572	0.00467	0.00143	0.00418	0.00458	0.00555	0.00792
34	0.00667	0.00490	0.00703	0.00703	0.00770	0.00557	0.00525	0.00802	0.00734	0.01047	0.01287	0.02056	0.01262	0.18551	0.66881	0.00692	0.01097	0.00532	0.00255	0.00390
35	0.00665	0.00498	0.00748	0.00748	0.00831	0.00582	0.00582	0.00831	0.00748	0.01080	0.01246	0.01828	0.01163	0.03489	0.81807	0.00748	0.01246	0.00498	0.00249	0.00415
36	0.01098	0.01255	0.02745	0.01961	0.02431	0.01176	0.79059	0.01490	0.01098	0.01490	0.00941	0.01255	0.00706	0.00392	0.00549	0.00157	0.00784	0.00549	0.00235	0.00627
37	0.01151	0.01105	0.01888	0.02855	0.80748	0.01105	0.01428	0.01428	0.01059	0.01520	0.00875	0.01151	0.00737	0.00415	0.00461	0.00138	0.00553	0.00415	0.00230	0.00737
38	0.00666	0.00493	0.00718	0.00718	0.00790	0.00565	0.00544	0.00811	0.00739	0.01058	0.01274	0.01979	0.01229	0.13493	0.71893	0.00711	0.01147	0.00521	0.00253	0.00399
39	0.00658	0.00476	0.00622	0.00585	0.00695	0.00439	0.00439	0.00878	0.01317	0.01866	0.80503	0.03475	0.04390	0.00951	0.00549	0.00146	0.00219	0.00841	0.00512	0.00439
40	0.01244	0.83930	0.02438	0.00796	0.01194	0.01841	0.00796	0.01393	0.00945	0.01095	0.00647	0.00746	0.00597	0.00398	0.00299	0.00100	0.00498	0.00249	0.00199	0.00597
41	0.00933	0.02406	0.81240	0.01326	0.02014	0.01080	0.01719	0.01473	0.00982	0.01473	0.00835	0.00982	0.00589	0.00442	0.00442	0.00147	0.00688	0.00344	0.00196	0.00688
42	0.02042	0.00782	0.01065	0.00820	0.01172	0.00676	0.00676	0.02223	0.01331	0.78552	0.04337	0.01644	0.01255	0.00588	0.00470	0.00144	0.00390	0.00480	0.00574	0.00781
43	0.01743	0.01290	0.01382	0.01065	0.01433	0.01431	0.00878	0.76005	0.05421	0.02891	0.01149	0.01143	0.00817	0.00561	0.00466	0.00140	0.00506	0.00423	0.00466	0.00789
44	0.01134	0.01088	0.01857	0.07871	0.75867	0.01101	0.01419	0.01413	0.01051	0.01499	0.00872	0.01157	0.00730	0.00418	0.00461	0.00139	0.00557	0.00414	0.00229	0.00723
45	0.01151	0.01105	0.01888	0.02855	0.80748	0.01105	0.01428	0.01428	0.01059	0.01520	0.00875	0.01151	0.00737	0.00415	0.00461	0.00138	0.00553	0.00415	0.00230	0.00737
46	0.00933	0.02406	0.81240	0.01326	0.02014	0.01080	0.01719	0.01473	0.00982	0.01473	0.00835	0.00982	0.00589	0.00442	0.00442	0.00147	0.00688	0.00344	0.00196	0.00688
47	0.00560	0.00464	0.00491	0.00506	0.00643	0.00395	0.00374	0.00679	0.01048	0.01275	0.07473	0.14974	0.65769	0.01208	0.00557	0.00162	0.00243	0.02351	0.00435	0.00393
48	0.01116	0.01163	0.06759	0.09257	0.69554	0.01098	0.01435	0.01411	0.01044	0.01490	0.00869	0.01148	0.00718	0.00420	0.00460	0.00140	0.00567	0.00410	0.00226	0.00716
49	0.01227	0.79644	0.06581	0.00824	0.01237	0.01801	0.00845	0.01397	0.00947	0.01114	0.00657	0.00759	0.00597	0.00400	0.00306	0.00102	0.00508	0.00254	0.00199	0.00602
50	0.00618	0.00532	0.00586	0.00555	0.00725	0.00474	0.02517	0.00839	0.06998	0.01356	0.09482	0.04117	0.67349	0.01101	0.00544	0.00156	0.00259	0.00926	0.00435	0.00428
51	0.00567	0.00405	0.00540	0.00648	0.00675	0.00378	0.00432	0.00648	0.00891	0.01188	0.02564	0.83347	0.03077	0.01457	0.00594	0.00189	0.00270	0.01323	0.00432	0.00378
52	0.00714	0.00534	0.00581	0.00550	0.00721	0.00479	0.00419	0.00947	0.07330	0.06525	0.16713	0.03912	0.56769	0.01059	0.00538	0.00155	0.00254	0.00890	0.00458	0.00453
53	0.01134	0.01222	0.02549	0.04127	0.07221	0.01168	0.66702	0.03906	0.02866	0.02873	0.00975	0.01260	0.00731	0.00409	0.00536	0.00155	0.00741	0.00531	0.00252	0.00641
54	0.00665	0.00498	0.00748	0.00748	0.00831	0.00582	0.00582	0.00831	0.00748	0.01080	0.01246	0.01828	0.01163	0.03489	0.81807	0.00748	0.01246	0.00498	0.00249	0.00415
55	0.01274	0.78873	0.02369	0.00821	0.01209	0.06788	0.00802	0.01422	0.00968	0.01097	0.00651	0.00752	0.00597	0.00403	0.00306	0.00101	0.00519	0.00252	0.00202	0.00593
56	0.00910	0.00871	0.01511	0.72421	0.08144	0.01047	0.06114	0.01223	0.00949	0.01229	0.00837	0.01235	0.00633	0.00457	0.00470	0.00154	0.00626	0.00422	0.00210	0.00538
57	0.01265	0.01030	0.01096	0.00958	0.01238	0.01176	0.00753	0.11978	0.67580	0.04779	0.01795	0.01654	0.01333	0.00620	0.00472	0.00155	0.00387	0.00511	0.00476	0.00745
58	0.00567	0.00405	0.00540	0.00648	0.00675	0.00378	0.00432	0.00648	0.00891	0.01188	0.02564	0.83347	0.03077	0.01457	0.00594	0.00189	0.00270	0.01323	0.00432	0.00378
59	0.00567	0.00405	0.00540	0.00648	0.00675	0.00378	0.00432	0.00648	0.00891	0.01188	0.02564	0.83347	0.03077	0.01457	0.00594	0.00189	0.00270	0.01323	0.00432	0.00378
60	0.00658	0.00476	0.00622	0.00585	0.00695	0.00439	0.00439	0.00878	0.01317	0.01866	0.80503	0.03475	0.04390	0.00951	0.00549	0.00146	0.00219	0.00841	0.00512	0.00439
61	0.06127	0.00816	0.01073	0.00827	0.01184	0.00730	0.00683	0.05174	0.01339	0.74302	0.01751	0.01526	0.01107	0.00568	0.00459	0.00144	0.00399	0.00456	0.00558	0.00778
62	0.01244	0.83930	0.02438	0.00796	0.01194	0.01841	0.00796	0.01393	0.00945	0.01095	0.00647	0.00746	0.00597	0.00398	0.00299	0.00100	0.00498	0.00249	0.00199	0.00597
63	0.00965	0.00827	0.00965	0.00689	0.01102	0.00620	0.00551	0.01171	0.00965	0.01516	0.00827	0.00965	0.00689	0.00345	0.00345	0.00069	0.00345	0.00276	0.00276	0.86494
64	0.00887	0.00839	0.01397	0.77500	0.03081	0.01058	0.01275	0.01184	0.00917	0.01184	0.00813	0.01227	0.00620	0.00487	0.00531	0.00158	0.05706	0.00413	0.00207	0.00516
65	0.00879	0.00827	0.01395	0.82532	0.03204	0.01034	0.01292	0.01189	0.00930	0.01189	0.00827	0.01240	0.00620	0.00465	0.00465	0.00155	0.00620	0.00413	0.00207	0.00517
66	0.00918	0.00514	0.00549	0.00572	0.03678	0.00526	0.00405	0.03286	0.05312	0.01770	0.01503	0.01695	0.01176	0.00542	0.00342	0.00113	0.00246	0.00438	0.75943	0.00471
67	0.00933	0.02406	0.81240	0.01326	0.02014	0.01080	0.01719	0.01473	0.00982	0.01473	0.00835	0.00982	0.00589	0.00442	0.00442	0.00147	0.00688	0.00344	0.00196	0.00688
68	0.01346	0.00962	0.01106	0.00819	0.01213	0.00870	0.00666	0.24218	0.01371	0.12253	0.01043	0.01090	0.00779	0.00437	0.00396	0.00099	0.00400	0.00343	0.00370	0.50217
69	0.01151	0.01105	0.01888	0.02855	0.80748	0.01105	0.01428	0.01428	0.01059	0.01520	0.00875	0.01151	0.00737	0.00415	0.00461	0.00138	0.00553	0.00415	0.00230	0.00737
70	0.01151	0.01105	0.01888	0.02855	0.80748	0.01105	0.01428	0.01428	0.01059	0.01520	0.00875	0.01151	0.00737	0.00415	0.00461	0.00138	0.00553	0.00415	0.00230	0.00737
71	0.00677	0.00451	0.00507	0.00507	0.00507	0.00451	0.00282	0.00677	0.00677	0.00902	0.01466	0.03044	0.01691	0.83650	0.02368	0.00451	0.00451	0.00677	0.00282	0.00282
72	0.81611	0.00895	0.00728	0.05682	0.01042	0.01043	0.00553	0.01356	0.00800	0.02032	0.00659	0.00786	0.00511	0.00434	0.00299	0.00145	0.00376	0.00262	0.00283	0.00505
73	0.86937	0.00900	0.00684	0.00612	0.00900	0.01044	0.00504	0.01368	0.00792	0.02087	0.00648	0.00756	0.00504	0.00432	0.00288	0.00144	0.00360	0.00252	0.00288	0.00504
74	0.01008	0.00826	0.00969	0.00694	0.01106	0.00623	0.00556	0.01213	0.00979	0.04566	0.00866	0.00988	0.00707	0.00353	0.00349	0.00072	0.00346	0.00283	0.00287	0.83208
75	0.86937	0.00900	0.00684	0.00612	0.00900	0.01044	0.00504	0.01368	0.00792	0.02087	0.00648	0.00756	0.00504	0.00432	0.00288	0.00144	0.00360	0.00252	0.00288	0.00504
76	0.02062	0.00793	0.01077	0.00825	0.01186	0.00682	0.00681	0.02242	0.01323	0.79263	0.01812	0.01569	0.01141	0.00571	0.00465	0.00142	0.00395	0.00463	0.00569	0.02739
77	0.00887	0.00839	0.01397	0.77500	0.03081	0.01058	0.01275	0.01184	0.00917	0.01184	0.00813	0.01227	0.00620	0.00487	0.00531	0.00158	0.05706	0.00413	0.00207	0.00516
78	0.02069	0.00822	0.01098	0.00842	0.01203	0.00728	0.00696	0.06794	0.01382	0.76473	0.01793	0.01556	0.01130	0.00575	0.00468	0.00144	0.00403	0.00465	0.00569	0.00792
79	0.00887	0.00839	0.01397	0.77500	0.03081	0.01058	0.01275	0.01184	0.00917	0.01184	0.00813	0.01227	0.00620	0.00487	0.00531	0.00158	0.05706	0.00413	0.00207	0.00516
80	0.00665	0.00498	0.00748	0.00748	0.00831	0.00582	0.00582	0.00831	0.00748	0.01080	0.01246	0.01828	0.01163	0.03489	0.81807	0.00748	0.01246	0.00498	0.00249	0.00415
81	0.01098	0.01255	0.02745	0.01961	0.02431	0.01176	0.79059	0.01490	0.01098	0.01490	0.00941	0.01255	0.00706	0.00392	0.00549	0.00157	0.00784	0.00549	0.00235	0.00627
82	0.01151	0.01105	0.01888	0.02855	0.80748	0.01105	0.01428	0.01428	0.01059	0.01520	0.00875	0.01151	0.00737	0.00415	0.00461	0.00138	0.00553	0.00415	0.00230	0.00737
83	0.01768	0.01303	0.01396	0.01070	0.01443	0.01443	0.00884	0.79197	0.02187	0.02932	0.01117	0.01117	0.00791	0.00558	0.00465	0.00140	0.00512	0.00419	0.00465	0.00791
84	0.00665	0.00498	0.00748	0.00748	0.00831	0.00582	0.00582	0.00831	0.00748	0.01080	0.01246	0.01828	0.01163	0.03489	0.81807	0.00748	0.01246	0.00498	0.00249	0.00415

[dist]
# distance from previous block
# <min> <max>
0	1

# created by:
# /home/cegg/simao/soft/augustus-3.2.1/scripts/msa2prfl.pl ./align_prep/EOG091G0QRW.fa
