[name]
unknown

[dist]
# distance from previous block
# <min> <max>
1	31

[block]
# block no. 0 follows, 44 sequences, length 9
# corresponding to MSA columns:
# 70-78
name=unknown_A
#
# <colnr> <probs for GDERKNQSTAVLIFYWHMCP>
#	G	D	E	R	K	N	Q	S	T	A	V	L	I	F	Y	W	H	M	C	P
0	0.01104	0.19766	0.34080	0.01360	0.05118	0.01291	0.07365	0.01486	0.01143	0.01559	0.01548	0.14801	0.05650	0.00752	0.00529	0.00169	0.00644	0.00639	0.00299	0.00697
1	0.01089	0.01415	0.19101	0.29395	0.13568	0.01158	0.01430	0.01443	0.01081	0.01522	0.01035	0.01530	0.00870	0.08553	0.00841	0.00206	0.06655	0.00481	0.00259	0.08366
2	0.01417	0.09266	0.02058	0.30399	0.14233	0.07344	0.12620	0.08491	0.01343	0.06118	0.01067	0.01356	0.00813	0.00534	0.00536	0.00167	0.00722	0.00484	0.00307	0.00725
3	0.01280	0.15099	0.09510	0.24158	0.22395	0.01316	0.01366	0.01601	0.01172	0.07423	0.03012	0.01442	0.00961	0.00790	0.06070	0.00212	0.00709	0.00468	0.00293	0.00725
4	0.05961	0.01121	0.01358	0.01437	0.14420	0.07038	0.02490	0.10676	0.02513	0.03587	0.07095	0.10122	0.07744	0.07060	0.00937	0.00212	0.13335	0.01852	0.00393	0.00647
5	0.06015	0.01110	0.06885	0.08245	0.29012	0.01047	0.01150	0.06979	0.01205	0.01788	0.01350	0.07772	0.01242	0.08918	0.07086	0.00261	0.00641	0.00592	0.08023	0.00678
6	0.01230	0.13357	0.02067	0.09303	0.34438	0.03890	0.09895	0.01509	0.01208	0.01590	0.01580	0.07650	0.08636	0.00669	0.00544	0.00165	0.00626	0.00616	0.00304	0.00720
7	0.03510	0.13385	0.04018	0.27549	0.14851	0.08417	0.01216	0.03166	0.01147	0.01483	0.01042	0.01505	0.00901	0.06939	0.08461	0.00259	0.00765	0.00469	0.00270	0.00646
8	0.13832	0.01339	0.18015	0.04584	0.13577	0.01031	0.01130	0.06224	0.01255	0.03733	0.07151	0.02286	0.13457	0.01008	0.06434	0.00228	0.00613	0.03061	0.00368	0.00675

[dist]
# distance from previous block
# <min> <max>
2	12

[block]
# block no. 1 follows, 44 sequences, length 7
# corresponding to MSA columns:
# 94-100
name=unknown_B
#
# <colnr> <probs for GDERKNQSTAVLIFYWHMCP>
#	G	D	E	R	K	N	Q	S	T	A	V	L	I	F	Y	W	H	M	C	P
0	0.01388	0.06445	0.08384	0.01344	0.05518	0.01114	0.14962	0.12090	0.01515	0.10740	0.19045	0.01989	0.01893	0.00666	0.00555	0.00158	0.00560	0.00602	0.00434	0.10598
1	0.11230	0.30691	0.18492	0.01214	0.06808	0.04021	0.01135	0.05951	0.01252	0.01792	0.09000	0.01347	0.01186	0.00565	0.00447	0.00146	0.00590	0.00418	0.00309	0.03406
2	0.07049	0.01593	0.18932	0.02415	0.39317	0.01240	0.11006	0.01716	0.01233	0.05697	0.03891	0.01416	0.00986	0.00524	0.00538	0.00168	0.00678	0.00496	0.00299	0.00806
3	0.01163	0.00939	0.01137	0.05118	0.01399	0.00742	0.00692	0.01412	0.01177	0.05420	0.06263	0.01385	0.01127	0.00473	0.00435	0.00097	0.00414	0.00388	0.00354	0.69864
4	0.01673	0.01266	0.01379	0.01112	0.01489	0.01362	0.00896	0.38133	0.22495	0.05168	0.01612	0.01760	0.01246	0.04120	0.00633	0.00178	0.00518	0.02949	0.00513	0.11497
5	0.01371	0.01317	0.02279	0.06571	0.59892	0.01326	0.11046	0.06212	0.01321	0.01861	0.01050	0.01367	0.00857	0.00495	0.00554	0.00166	0.00683	0.00506	0.00286	0.00839
6	0.01167	0.16382	0.51357	0.01496	0.02176	0.01401	0.11125	0.01678	0.01180	0.01673	0.04728	0.01288	0.00930	0.00531	0.00510	0.00164	0.00754	0.00443	0.00255	0.00764

[dist]
# distance from previous block
# <min> <max>
0	8

[block]
# block no. 2 follows, 44 sequences, length 21
# corresponding to MSA columns:
# 109-129
name=unknown_C
#
# <colnr> <probs for GDERKNQSTAVLIFYWHMCP>
#	G	D	E	R	K	N	Q	S	T	A	V	L	I	F	Y	W	H	M	C	P
0	0.01092	0.02490	0.66424	0.01431	0.02144	0.01161	0.01797	0.01667	0.01210	0.03895	0.10336	0.01528	0.01254	0.00595	0.00534	0.00172	0.00729	0.00478	0.00288	0.00773
1	0.00993	0.00870	0.01425	0.01545	0.16770	0.00915	0.10016	0.01332	0.06923	0.01508	0.01540	0.08984	0.01455	0.06777	0.35830	0.00514	0.00993	0.00672	0.00327	0.00611
2	0.01969	0.04629	0.11971	0.01319	0.06130	0.03064	0.07711	0.03818	0.02869	0.46019	0.03754	0.01684	0.01241	0.00624	0.00545	0.00168	0.00577	0.00529	0.00519	0.00861
3	0.00758	0.00563	0.00710	0.00690	0.00829	0.00515	0.00529	0.00993	0.01463	0.02007	0.57516	0.04471	0.18033	0.01198	0.00653	0.00181	0.00283	0.07531	0.00574	0.00503
4	0.05741	0.00878	0.01168	0.00933	0.01304	0.00775	0.00756	0.02380	0.01470	0.65242	0.02196	0.11439	0.01593	0.00794	0.00557	0.00175	0.00444	0.00660	0.00640	0.00854
5	0.01323	0.01253	0.02044	0.09481	0.61936	0.01296	0.01561	0.01799	0.10436	0.01810	0.01167	0.01442	0.00950	0.00522	0.00542	0.00166	0.00628	0.00502	0.00302	0.00842
6	0.00972	0.10484	0.01143	0.00878	0.00968	0.00905	0.00682	0.00995	0.00838	0.01152	0.01125	0.01799	0.01101	0.07637	0.28492	0.28869	0.10757	0.00511	0.00262	0.00431
7	0.00709	0.00515	0.00674	0.00766	0.00839	0.00481	0.00554	0.00852	0.01161	0.01542	0.13196	0.52203	0.10582	0.01568	0.00692	0.00216	0.00332	0.12137	0.00518	0.00463
8	0.01077	0.01017	0.01720	0.68302	0.14615	0.01224	0.01537	0.01434	0.01112	0.01450	0.00977	0.01438	0.00747	0.00536	0.00544	0.00179	0.00715	0.00485	0.00246	0.00644
9	0.01309	0.04506	0.03015	0.01559	0.20494	0.13256	0.04092	0.01460	0.01119	0.06771	0.01325	0.02154	0.01284	0.30808	0.01427	0.03278	0.00649	0.00581	0.00320	0.00595
10	0.01881	0.02312	0.01666	0.01743	0.14828	0.61911	0.01167	0.02052	0.01462	0.01411	0.00869	0.01056	0.00731	0.00565	0.00556	0.00148	0.04314	0.00380	0.00277	0.00671
11	0.00854	0.00585	0.00707	0.00701	0.00825	0.00574	0.00516	0.01192	0.08061	0.01998	0.39083	0.19237	0.03717	0.01101	0.00590	0.00174	0.00284	0.00968	0.18305	0.00529
12	0.01169	0.01027	0.01323	0.01260	0.14856	0.00828	0.00829	0.01426	0.01150	0.01777	0.00979	0.01169	0.00817	0.00418	0.00428	0.00095	0.00447	0.00352	0.00314	0.69334
13	0.01310	0.01190	0.04559	0.01314	0.09993	0.02420	0.00951	0.11051	0.39032	0.02241	0.11298	0.05571	0.05077	0.00803	0.00570	0.00178	0.00468	0.00681	0.00505	0.00787
14	0.01328	0.01274	0.02174	0.08435	0.72518	0.01290	0.01663	0.01654	0.01231	0.01755	0.01022	0.01356	0.00854	0.00490	0.00540	0.00163	0.00653	0.00486	0.00268	0.00846
15	0.01674	0.01510	0.06963	0.04143	0.38440	0.08240	0.01394	0.17580	0.01579	0.11388	0.01203	0.01359	0.00907	0.00555	0.00536	0.00162	0.00657	0.00477	0.00376	0.00854
16	0.07128	0.01136	0.01224	0.01065	0.01399	0.01267	0.00841	0.05353	0.56399	0.14826	0.02078	0.01902	0.01514	0.00710	0.00539	0.00180	0.00442	0.00579	0.00560	0.00858
17	0.01381	0.01327	0.01584	0.01982	0.32163	0.12462	0.01154	0.09607	0.11179	0.01882	0.01829	0.11417	0.08122	0.00778	0.00564	0.00171	0.00590	0.00673	0.00388	0.00749
18	0.00772	0.00542	0.00691	0.00769	0.00824	0.00528	0.00555	0.00884	0.01031	0.01354	0.02641	0.28749	0.06059	0.28423	0.01415	0.00333	0.00443	0.23118	0.00445	0.00423
19	0.00889	0.05319	0.01183	0.01036	0.01169	0.00825	0.07411	0.01076	0.01141	0.01535	0.08937	0.33439	0.04410	0.01327	0.00813	0.00216	0.10158	0.18150	0.00444	0.00523
20	0.28445	0.01437	0.01475	0.09376	0.17745	0.13434	0.01078	0.17187	0.01449	0.02233	0.00965	0.01145	0.00750	0.00545	0.00469	0.00163	0.00625	0.00404	0.00348	0.00727

[dist]
# distance from previous block
# <min> <max>
0	1

[block]
# block no. 3 follows, 44 sequences, length 8
# corresponding to MSA columns:
# 131-138
name=unknown_D
#
# <colnr> <probs for GDERKNQSTAVLIFYWHMCP>
#	G	D	E	R	K	N	Q	S	T	A	V	L	I	F	Y	W	H	M	C	P
0	0.01186	0.01272	0.05317	0.01385	0.01487	0.06639	0.04129	0.01367	0.00976	0.01393	0.01088	0.01918	0.01083	0.01111	0.05085	0.00258	0.52822	0.10606	0.00281	0.00596
1	0.01371	0.01506	0.05335	0.20793	0.16584	0.18880	0.01243	0.05109	0.01300	0.01621	0.01227	0.01474	0.05298	0.00588	0.00568	0.00156	0.03959	0.00467	0.00297	0.12226
2	0.00772	0.00557	0.00729	0.00686	0.00814	0.00514	0.00514	0.01029	0.01543	0.02186	0.77152	0.04072	0.05144	0.01115	0.00643	0.00171	0.00257	0.00986	0.00600	0.00514
3	0.01274	0.31217	0.35402	0.01620	0.12415	0.01603	0.06102	0.01686	0.01156	0.01573	0.00912	0.01097	0.00726	0.00491	0.00467	0.00151	0.00709	0.00388	0.00240	0.00771
4	0.00812	0.00574	0.00825	0.00825	0.00927	0.00658	0.00640	0.01015	0.00913	0.01372	0.01504	0.02127	0.01368	0.03611	0.67859	0.00773	0.01294	0.00574	0.11843	0.00490
5	0.00793	0.00529	0.00595	0.00595	0.00595	0.00529	0.00330	0.00793	0.00793	0.01057	0.01718	0.03568	0.01982	0.80840	0.02775	0.00529	0.00529	0.00793	0.00330	0.00330
6	0.00967	0.00842	0.00861	0.00818	0.01037	0.03425	0.00628	0.01618	0.28001	0.01824	0.10428	0.06322	0.35606	0.01118	0.00614	0.00186	0.00365	0.04201	0.00524	0.00615
7	0.26674	0.04580	0.01234	0.00921	0.01321	0.01071	0.00767	0.09241	0.01449	0.45072	0.01598	0.01473	0.01056	0.00614	0.00477	0.00166	0.00470	0.00457	0.00543	0.00818

[dist]
# distance from previous block
# <min> <max>
0	10

[block]
# block no. 4 follows, 44 sequences, length 9
# corresponding to MSA columns:
# 149-157
name=unknown_E
#
# <colnr> <probs for GDERKNQSTAVLIFYWHMCP>
#	G	D	E	R	K	N	Q	S	T	A	V	L	I	F	Y	W	H	M	C	P
0	0.01666	0.01315	0.01557	0.01332	0.05508	0.04162	0.06787	0.33298	0.19850	0.06054	0.04489	0.01685	0.01306	0.00813	0.03914	0.00199	0.00604	0.00554	0.04079	0.00830
1	0.01238	0.01168	0.01867	0.16728	0.44039	0.01205	0.01419	0.01538	0.01161	0.01672	0.00980	0.01316	0.00817	0.00518	0.00614	0.00157	0.06825	0.00455	0.00272	0.16010
2	0.02217	0.00976	0.01339	0.01054	0.01399	0.00960	0.00873	0.02411	0.01428	0.63845	0.01889	0.01735	0.01234	0.00726	0.00775	0.00181	0.14961	0.00535	0.00595	0.00867
3	0.00725	0.00534	0.00678	0.00687	0.00797	0.00487	0.00498	0.00921	0.01365	0.01870	0.46973	0.24984	0.14836	0.01313	0.00658	0.00187	0.00276	0.01162	0.00561	0.00487
4	0.01589	0.54154	0.05717	0.01090	0.01516	0.22053	0.01009	0.01828	0.04147	0.01354	0.00846	0.00960	0.00737	0.00504	0.00402	0.00128	0.00691	0.00325	0.00258	0.00693
5	0.05159	0.00759	0.00915	0.00787	0.01038	0.00750	0.00626	0.03782	0.04424	0.29706	0.01863	0.04096	0.01388	0.00957	0.06628	0.00211	0.02184	0.00552	0.33485	0.00689
6	0.00688	0.00484	0.00626	0.00729	0.00755	0.00458	0.00474	0.00765	0.00998	0.01331	0.02770	0.66437	0.03309	0.16160	0.01076	0.00277	0.00355	0.01412	0.00474	0.00422
7	0.00729	0.00520	0.00707	0.00833	0.00893	0.00498	0.00618	0.00871	0.01107	0.01464	0.02969	0.58122	0.03465	0.01647	0.00713	0.00230	0.00372	0.23277	0.00505	0.00461
8	0.01294	0.31286	0.18791	0.01203	0.05960	0.04672	0.01133	0.01716	0.07984	0.04286	0.14956	0.01689	0.01628	0.00633	0.00483	0.00151	0.00576	0.00495	0.00348	0.00718

[dist]
# distance from previous block
# <min> <max>
6	13

[block]
# block no. 5 follows, 44 sequences, length 39
# corresponding to MSA columns:
# 173-211
name=unknown_F
#
# <colnr> <probs for GDERKNQSTAVLIFYWHMCP>
#	G	D	E	R	K	N	Q	S	T	A	V	L	I	F	Y	W	H	M	C	P
0	0.00698	0.00527	0.00675	0.00770	0.02515	0.00495	0.00519	0.00819	0.01090	0.01432	0.07233	0.47503	0.19346	0.05975	0.07479	0.00282	0.00421	0.01286	0.00478	0.00458
1	0.00812	0.00571	0.00678	0.00739	0.04709	0.00565	0.00408	0.00839	0.00849	0.01125	0.01951	0.03568	0.07268	0.70903	0.02504	0.00484	0.00517	0.00802	0.00340	0.00368
2	0.01328	0.01328	0.11913	0.01150	0.03267	0.01186	0.00991	0.08644	0.38633	0.05154	0.11524	0.02010	0.01809	0.00712	0.00546	0.00169	0.00480	0.00592	0.00492	0.08069
3	0.01548	0.07397	0.01463	0.01143	0.01474	0.06020	0.00919	0.18752	0.45264	0.02362	0.01758	0.01691	0.01329	0.00695	0.00576	0.00173	0.03550	0.00540	0.02513	0.00832
4	0.01030	0.00969	0.01635	0.79530	0.03755	0.01211	0.01514	0.01393	0.01090	0.01393	0.00969	0.01453	0.00727	0.00545	0.00545	0.00182	0.00727	0.00484	0.00242	0.00606
5	0.01254	0.09789	0.40091	0.01453	0.05280	0.03303	0.07720	0.01693	0.01230	0.08560	0.06012	0.03155	0.05187	0.00637	0.00559	0.00169	0.02310	0.00527	0.00321	0.00751
6	0.01603	0.17557	0.08871	0.01283	0.01712	0.01599	0.08056	0.29843	0.01671	0.04702	0.01207	0.01329	0.03002	0.00629	0.00656	0.00162	0.10020	0.00467	0.00384	0.05246
7	0.01243	0.00652	0.00823	0.00722	0.00939	0.00584	0.00562	0.01469	0.01454	0.22858	0.36486	0.03389	0.14500	0.00975	0.00585	0.00167	0.00317	0.00832	0.10823	0.00619
8	0.00998	0.00758	0.04203	0.00762	0.00984	0.00647	0.00621	0.03247	0.06159	0.09834	0.41806	0.03803	0.21911	0.01073	0.00620	0.00175	0.00327	0.00919	0.00564	0.00589
9	0.04993	0.33417	0.22425	0.01173	0.01673	0.06590	0.05076	0.05545	0.01233	0.01614	0.01320	0.05285	0.06293	0.00625	0.00467	0.00151	0.00645	0.00478	0.00292	0.00703
10	0.00823	0.04858	0.00831	0.00728	0.00793	0.00678	0.00507	0.00912	0.00844	0.01155	0.01561	0.02838	0.01659	0.45033	0.33813	0.00649	0.00914	0.00680	0.00309	0.00414
11	0.02216	0.00523	0.00630	0.00706	0.00794	0.00511	0.00524	0.01028	0.01115	0.01690	0.02488	0.37142	0.02649	0.01252	0.00582	0.00190	0.00326	0.13393	0.31763	0.00480
12	0.01514	0.27224	0.11088	0.01388	0.01786	0.19479	0.11642	0.01767	0.01210	0.03896	0.00890	0.01099	0.00741	0.00579	0.00681	0.00159	0.13493	0.00406	0.00265	0.00692
13	0.01102	0.01045	0.01582	0.29679	0.13021	0.04489	0.08249	0.01545	0.10022	0.01644	0.07355	0.14690	0.01680	0.00787	0.00585	0.00183	0.00607	0.00723	0.00359	0.00652
14	0.00751	0.00537	0.00733	0.00859	0.00928	0.00518	0.00657	0.00910	0.01130	0.01489	0.02957	0.50263	0.03415	0.01626	0.00719	0.00233	0.00392	0.30912	0.00504	0.00467
15	0.00664	0.00474	0.00633	0.00759	0.00791	0.00443	0.00506	0.00759	0.01044	0.01392	0.03005	0.80485	0.03606	0.01708	0.00696	0.00221	0.00316	0.01550	0.00506	0.00443
16	0.01132	0.01258	0.14154	0.14608	0.19524	0.01054	0.02880	0.03282	0.04926	0.03850	0.01600	0.14241	0.03273	0.02870	0.00651	0.00188	0.02866	0.00680	0.06275	0.00687
17	0.01336	0.03128	0.01980	0.02154	0.29310	0.03711	0.06973	0.06775	0.01173	0.01669	0.00965	0.03344	0.00868	0.00721	0.01058	0.00195	0.33116	0.00514	0.00283	0.00727
18	0.12366	0.01363	0.02153	0.10451	0.36998	0.06793	0.18668	0.01688	0.01217	0.01789	0.00990	0.01301	0.00793	0.00494	0.00534	0.00168	0.00713	0.00488	0.00278	0.00755
19	0.00864	0.00679	0.00685	0.00706	0.00738	0.06451	0.00442	0.00904	0.00919	0.01169	0.01960	0.19223	0.02262	0.55495	0.02098	0.00426	0.00519	0.03709	0.00369	0.00383
20	0.00792	0.00531	0.00609	0.00609	0.00614	0.00536	0.00348	0.00802	0.00797	0.01068	0.01705	0.03496	0.01951	0.76978	0.06594	0.00546	0.00575	0.00782	0.00328	0.00338
21	0.01159	0.01095	0.01510	0.01305	0.01347	0.01475	0.01077	0.04953	0.00979	0.01479	0.06635	0.01521	0.01133	0.01294	0.10048	0.00299	0.61278	0.00528	0.00287	0.00595
22	0.01030	0.00969	0.01635	0.79530	0.03755	0.01211	0.01514	0.01393	0.01090	0.01393	0.00969	0.01453	0.00727	0.00545	0.00545	0.00182	0.00727	0.00484	0.00242	0.00606
23	0.02135	0.00851	0.01143	0.00901	0.01264	0.00744	0.00735	0.02355	0.01527	0.62919	0.11186	0.02137	0.01812	0.00725	0.00547	0.00166	0.00423	0.00598	0.06988	0.00846
24	0.07435	0.01195	0.10342	0.08038	0.35671	0.01039	0.01288	0.01394	0.01140	0.01685	0.01555	0.23685	0.01588	0.00841	0.00566	0.00182	0.00561	0.00763	0.00335	0.00697
25	0.01333	0.01279	0.02184	0.07139	0.73771	0.01291	0.01665	0.01659	0.01234	0.01762	0.01023	0.01354	0.00857	0.00489	0.00540	0.00163	0.00652	0.00486	0.00268	0.00851
26	0.00861	0.00586	0.00717	0.00675	0.00845	0.00523	0.00517	0.01075	0.01434	0.07676	0.44908	0.04372	0.28627	0.01184	0.00640	0.00178	0.00289	0.03795	0.00571	0.00527
27	0.01008	0.00879	0.04466	0.01177	0.10733	0.00729	0.00851	0.01265	0.01254	0.03574	0.15734	0.10595	0.04104	0.00960	0.00588	0.00169	0.00438	0.17729	0.00435	0.23313
28	0.01033	0.00918	0.01436	0.05390	0.36810	0.00901	0.01087	0.01305	0.01327	0.01841	0.26184	0.04659	0.13182	0.00847	0.00592	0.00170	0.00465	0.00766	0.00414	0.00672
29	0.01526	0.01393	0.07053	0.01823	0.23930	0.03549	0.01224	0.23920	0.13545	0.04060	0.02624	0.04413	0.01333	0.00714	0.00564	0.00175	0.00588	0.06305	0.00435	0.00826
30	0.01215	0.01867	0.32558	0.02325	0.36564	0.01252	0.03541	0.01742	0.06541	0.01776	0.01182	0.04876	0.00973	0.00571	0.00542	0.00171	0.00688	0.00513	0.00285	0.00818
31	0.01156	0.11169	0.17293	0.07552	0.07268	0.01180	0.12079	0.03182	0.02822	0.01644	0.04919	0.03529	0.01176	0.00831	0.03746	0.06569	0.00671	0.02590	0.00302	0.10321
32	0.01276	0.14626	0.42222	0.04888	0.06574	0.01359	0.01547	0.01859	0.09335	0.07102	0.01222	0.03566	0.00940	0.00579	0.00505	0.00166	0.00679	0.00460	0.00308	0.00788
33	0.01025	0.10080	0.01455	0.01623	0.25603	0.00956	0.00959	0.01229	0.01134	0.01555	0.03768	0.30355	0.03534	0.01173	0.04747	0.00213	0.00524	0.02715	0.00375	0.06977
34	0.01294	0.16060	0.09572	0.09599	0.34542	0.05231	0.01363	0.03115	0.01194	0.01587	0.01111	0.01494	0.02343	0.06703	0.02435	0.00200	0.00677	0.00473	0.00272	0.00736
35	0.17226	0.01295	0.06892	0.04810	0.23578	0.05301	0.01131	0.06960	0.05006	0.08522	0.05259	0.04451	0.04160	0.00661	0.00543	0.00171	0.02374	0.00538	0.00382	0.00740
36	0.03577	0.01285	0.10126	0.05980	0.44946	0.01125	0.01400	0.03387	0.01267	0.01839	0.07172	0.01931	0.06013	0.00635	0.00543	0.00167	0.00583	0.02480	0.04784	0.00759
37	0.03566	0.01318	0.06491	0.10281	0.42379	0.01247	0.03231	0.08339	0.01359	0.07679	0.01230	0.03544	0.01006	0.00670	0.00652	0.04663	0.00648	0.00531	0.00347	0.00818
38	0.08816	0.05262	0.19624	0.05680	0.29083	0.06785	0.01462	0.01891	0.03414	0.10913	0.01191	0.01380	0.00911	0.00572	0.00532	0.00175	0.00680	0.00461	0.00341	0.00826

[dist]
# distance from previous block
# <min> <max>
22	127

[block]
# block no. 6 follows, 44 sequences, length 23
# corresponding to MSA columns:
# 343-360,363-367
name=unknown_G
#
# <colnr> <probs for GDERKNQSTAVLIFYWHMCP>
#	G	D	E	R	K	N	Q	S	T	A	V	L	I	F	Y	W	H	M	C	P
0	0.01242	0.08902	0.33899	0.05117	0.14511	0.01265	0.01485	0.01807	0.09626	0.04596	0.02738	0.01357	0.00961	0.00540	0.00503	0.00158	0.00646	0.00443	0.00308	0.09894
1	0.05439	0.05535	0.21559	0.03186	0.29183	0.01329	0.01457	0.04074	0.16126	0.04944	0.01275	0.01408	0.00975	0.00558	0.00518	0.00168	0.00624	0.00474	0.00341	0.00828
2	0.04545	0.04885	0.09865	0.02346	0.43581	0.01187	0.03629	0.04269	0.01241	0.01789	0.03440	0.14073	0.01387	0.00708	0.00552	0.00172	0.00595	0.00650	0.00324	0.00760
3	0.01247	0.03901	0.11582	0.02398	0.37715	0.01247	0.15598	0.03030	0.01257	0.01776	0.04943	0.03327	0.03216	0.00578	0.00585	0.00167	0.02450	0.00560	0.00300	0.04122
4	0.01304	0.07559	0.14221	0.05143	0.53976	0.01357	0.05303	0.01674	0.01215	0.01721	0.01000	0.01291	0.00818	0.00490	0.00527	0.00162	0.00683	0.00466	0.00260	0.00828
5	0.03258	0.01226	0.04539	0.12708	0.47392	0.01217	0.01445	0.01767	0.08894	0.05324	0.05878	0.01606	0.01201	0.00568	0.00543	0.00168	0.00604	0.00525	0.00334	0.00803
6	0.04678	0.01346	0.05134	0.03171	0.71430	0.01291	0.01643	0.01672	0.01225	0.01806	0.01013	0.01323	0.00846	0.00488	0.00531	0.00163	0.00645	0.00475	0.00271	0.00850
7	0.01236	0.01106	0.01815	0.31377	0.37643	0.01168	0.01450	0.01560	0.01198	0.04695	0.03513	0.01477	0.00966	0.00529	0.00533	0.00163	0.00636	0.00490	0.00291	0.08154
8	0.01460	0.01505	0.02106	0.03034	0.65276	0.13716	0.01574	0.01754	0.01290	0.01709	0.00996	0.01291	0.00838	0.00498	0.00532	0.00158	0.00702	0.00464	0.00272	0.00826
9	0.00714	0.00550	0.00621	0.00610	0.00738	0.00499	0.00435	0.00855	0.01205	0.01553	0.22331	0.04452	0.39847	0.18090	0.04895	0.00287	0.00382	0.01007	0.00482	0.00448
10	0.01128	0.01038	0.01716	0.34227	0.34806	0.01138	0.01392	0.01417	0.01107	0.01505	0.01113	0.01748	0.00987	0.13413	0.00901	0.00229	0.00661	0.00535	0.00268	0.00672
11	0.00661	0.00487	0.00620	0.00726	0.00782	0.00446	0.00491	0.00763	0.01076	0.01405	0.03409	0.68404	0.15426	0.01655	0.00688	0.00215	0.00310	0.01486	0.00506	0.00446
12	0.01232	0.11315	0.47661	0.01873	0.17294	0.04418	0.05367	0.01724	0.01186	0.01673	0.00964	0.01168	0.00733	0.00505	0.00508	0.00163	0.00761	0.00417	0.00243	0.00795
13	0.00991	0.00787	0.04007	0.00945	0.01177	0.00683	0.00815	0.01234	0.01161	0.05300	0.02121	0.06397	0.02168	0.03467	0.13218	0.00314	0.00640	0.36098	0.00425	0.18052
14	0.01157	0.01134	0.01493	0.01296	0.01306	0.04111	0.01050	0.01258	0.00852	0.01272	0.00881	0.01567	0.00919	0.13768	0.01903	0.00282	0.64419	0.00523	0.00255	0.00555
15	0.03848	0.08936	0.18297	0.01119	0.04378	0.03561	0.01026	0.01282	0.01140	0.01573	0.03384	0.22629	0.04316	0.03325	0.00667	0.00199	0.01773	0.13356	0.00378	0.04812
16	0.01296	0.43564	0.32253	0.01252	0.01831	0.01755	0.04148	0.01658	0.01118	0.01475	0.00855	0.01021	0.00702	0.00510	0.00498	0.00147	0.04589	0.00357	0.00234	0.00737
17	0.01187	0.01311	0.02802	0.02051	0.02519	0.01228	0.63424	0.01588	0.01248	0.01689	0.01408	0.14158	0.01273	0.00660	0.00652	0.00190	0.00822	0.00789	0.00313	0.00688
18	0.00785	0.00683	0.03873	0.03510	0.03996	0.00606	0.00667	0.01003	0.01257	0.01713	0.30391	0.14898	0.16085	0.03793	0.10825	0.00286	0.00496	0.04140	0.00479	0.00514
19	0.00828	0.00527	0.00587	0.00585	0.00612	0.00525	0.00348	0.00881	0.00886	0.01269	0.05445	0.03346	0.02044	0.64033	0.02285	0.00446	0.00471	0.00757	0.13757	0.00368
20	0.00822	0.00551	0.00702	0.00705	0.00801	0.00520	0.00498	0.00977	0.01219	0.05257	0.31006	0.22365	0.08907	0.16795	0.04870	0.00289	0.00398	0.02336	0.00505	0.00476
21	0.01556	0.68380	0.02661	0.00984	0.01446	0.02082	0.00949	0.13513	0.01341	0.01628	0.00846	0.00944	0.00736	0.00497	0.00381	0.00124	0.00586	0.00324	0.00283	0.00736
22	0.38903	0.01147	0.01067	0.00891	0.01233	0.03436	0.00725	0.21702	0.03758	0.09786	0.01218	0.01277	0.00893	0.00587	0.00430	0.00162	0.00469	0.00411	0.11193	0.00712

[dist]
# distance from previous block
# <min> <max>
0	1

[block]
# block no. 7 follows, 44 sequences, length 101
# corresponding to MSA columns:
# 369-390,395-399,405-417,428-437,440-490
name=unknown_H
#
# <colnr> <probs for GDERKNQSTAVLIFYWHMCP>
#	G	D	E	R	K	N	Q	S	T	A	V	L	I	F	Y	W	H	M	C	P
0	0.01725	0.17204	0.01713	0.03768	0.01589	0.32013	0.00981	0.11686	0.01512	0.03733	0.01284	0.10235	0.01199	0.00792	0.00610	0.02140	0.03123	0.01785	0.00370	0.02537
1	0.01352	0.39751	0.36907	0.01351	0.01978	0.01731	0.06208	0.01731	0.01185	0.01585	0.00957	0.01144	0.00775	0.00539	0.00478	0.00160	0.00729	0.00390	0.00261	0.00787
2	0.01549	0.00750	0.00982	0.00829	0.01107	0.00651	0.00646	0.01745	0.01400	0.36627	0.18761	0.14569	0.06259	0.03440	0.00653	0.00182	0.00383	0.00815	0.00582	0.08070
3	0.00780	0.00579	0.00850	0.00850	0.00938	0.00667	0.00649	0.00957	0.00868	0.01246	0.01484	0.02275	0.01421	0.11282	0.71566	0.00844	0.01373	0.00604	0.00296	0.00472
4	0.00968	0.00601	0.00786	0.00715	0.00878	0.00547	0.00543	0.01213	0.01527	0.11143	0.65381	0.03832	0.06490	0.02154	0.00661	0.00176	0.00286	0.00935	0.00603	0.00560
5	0.00947	0.00473	0.00710	0.00710	0.00710	0.00473	0.00473	0.00710	0.00710	0.00947	0.00947	0.01657	0.00947	0.01894	0.02131	0.84138	0.00473	0.00473	0.00237	0.00237
6	0.00651	0.00543	0.00568	0.00581	0.00746	0.00460	0.00429	0.00788	0.01229	0.01488	0.07706	0.14124	0.65996	0.01410	0.00650	0.00188	0.00280	0.01192	0.00509	0.00460
7	0.00781	0.00576	0.00833	0.00833	0.00915	0.00658	0.00628	0.00946	0.00863	0.01234	0.01500	0.02361	0.01458	0.15871	0.67027	0.00823	0.01317	0.00616	0.00298	0.00463
8	0.01384	0.60137	0.13987	0.01187	0.01713	0.01933	0.09951	0.01660	0.01135	0.01403	0.00831	0.00986	0.00713	0.00473	0.00410	0.00133	0.00656	0.00350	0.00238	0.00720
9	0.01078	0.00924	0.01064	0.00784	0.01229	0.00709	0.00623	0.01336	0.02789	0.01751	0.01538	0.01640	0.09909	0.00527	0.00436	0.00095	0.00389	0.00428	0.00350	0.72403
10	0.00801	0.00649	0.00751	0.00754	0.02904	0.00613	0.00550	0.01158	0.10294	0.01845	0.31473	0.04349	0.37610	0.01185	0.00633	0.00181	0.00303	0.02865	0.00540	0.00540
11	0.01308	0.01130	0.01376	0.01068	0.01401	0.01170	0.00874	0.13860	0.01284	0.01918	0.00951	0.01179	0.00800	0.00610	0.00840	0.00142	0.24056	0.00397	0.00335	0.45303
12	0.00889	0.00673	0.00798	0.00715	0.00900	0.00597	0.00510	0.01062	0.03761	0.01537	0.12648	0.10532	0.08417	0.23838	0.01270	0.04646	0.00407	0.02974	0.00406	0.23421
13	0.01107	0.00997	0.01563	0.04338	0.32545	0.01108	0.01185	0.01439	0.06004	0.01553	0.01231	0.01679	0.01084	0.01919	0.30190	0.00443	0.10111	0.00530	0.00293	0.00683
14	0.01278	0.01087	0.01128	0.01041	0.01268	0.10233	0.00808	0.02017	0.31850	0.06918	0.01744	0.01941	0.01406	0.02069	0.32161	0.00458	0.00916	0.00567	0.00424	0.00688
15	0.00894	0.00519	0.00706	0.00701	0.00719	0.00532	0.00461	0.01808	0.00782	0.01054	0.01256	0.02311	0.01322	0.26975	0.11411	0.46770	0.00610	0.00587	0.00277	0.00305
16	0.01141	0.00620	0.00773	0.00730	0.00886	0.00560	0.00522	0.01261	0.01184	0.20360	0.08165	0.23931	0.16049	0.19952	0.01135	0.00270	0.00391	0.01011	0.00513	0.00545
17	0.00806	0.00575	0.00688	0.00726	0.00826	0.00560	0.00541	0.00987	0.03359	0.01474	0.05400	0.10892	0.18086	0.23933	0.03251	0.00315	0.00443	0.20075	0.06611	0.00451
18	0.84691	0.01054	0.00801	0.00717	0.01054	0.01223	0.00590	0.01603	0.00928	0.02446	0.00759	0.00886	0.00590	0.00506	0.00337	0.00169	0.00422	0.00295	0.00337	0.00590
19	0.08930	0.00820	0.00902	0.00850	0.01062	0.00853	0.00641	0.07357	0.17946	0.08268	0.04775	0.26819	0.14459	0.02983	0.00645	0.00199	0.00383	0.00961	0.00517	0.00630
20	0.00746	0.00529	0.00658	0.00699	0.00804	0.00476	0.00496	0.00894	0.01228	0.04246	0.21051	0.41378	0.21882	0.01452	0.00666	0.00199	0.00298	0.01285	0.00534	0.00481
21	0.00725	0.00519	0.00697	0.00788	0.00857	0.00491	0.00575	0.00882	0.01186	0.01600	0.18432	0.51174	0.03842	0.01548	0.00695	0.00216	0.00337	0.14442	0.00525	0.00468
22	0.00771	0.00555	0.00735	0.00733	0.00849	0.00519	0.00557	0.01007	0.01447	0.02022	0.59137	0.13788	0.04715	0.01235	0.00663	0.00187	0.00294	0.09707	0.00577	0.00504
23	0.00902	0.00580	0.00699	0.00695	0.00843	0.00519	0.00504	0.01063	0.02211	0.10617	0.14871	0.27621	0.29424	0.05947	0.00771	0.00212	0.00325	0.01149	0.00531	0.00516
24	0.45492	0.00950	0.00957	0.00803	0.01146	0.00989	0.00656	0.01909	0.01226	0.29197	0.10334	0.01609	0.01401	0.00638	0.00449	0.00169	0.00417	0.00467	0.00488	0.00701
25	0.03990	0.00808	0.01025	0.00855	0.01135	0.00757	0.00668	0.01992	0.08628	0.39031	0.22214	0.02645	0.02453	0.10323	0.00833	0.00214	0.00412	0.00694	0.00593	0.00730
26	0.00694	0.00562	0.00621	0.00628	0.00796	0.00489	0.00486	0.00865	0.01295	0.01612	0.17247	0.05157	0.56300	0.01351	0.00657	0.00190	0.00300	0.09755	0.00522	0.00474
27	0.17776	0.00853	0.01016	0.00869	0.01170	0.00823	0.00687	0.03599	0.03351	0.38634	0.06907	0.18330	0.01922	0.00889	0.00545	0.00180	0.00414	0.00739	0.00563	0.00732
28	0.01182	0.00653	0.00838	0.00755	0.00966	0.00592	0.00585	0.01377	0.01357	0.22153	0.24348	0.08661	0.22393	0.01459	0.09897	0.00261	0.00465	0.00901	0.00553	0.00603
29	0.01220	0.00936	0.00834	0.00782	0.00976	0.10025	0.00595	0.01807	0.21435	0.02021	0.04397	0.01979	0.01516	0.00671	0.00450	0.00146	0.00388	0.00535	0.48667	0.00618
30	0.00694	0.00496	0.00666	0.00789	0.00834	0.00468	0.00554	0.00812	0.01081	0.01439	0.04575	0.69406	0.03579	0.01670	0.00702	0.00224	0.00339	0.10714	0.00508	0.00452
31	0.00778	0.00522	0.00599	0.00614	0.00618	0.00518	0.00351	0.00789	0.00823	0.01097	0.01871	0.12711	0.02175	0.71434	0.02528	0.00492	0.00503	0.00883	0.00351	0.00344
32	0.01130	0.00969	0.01130	0.00807	0.01292	0.00727	0.00646	0.01373	0.01130	0.01776	0.00969	0.01130	0.00807	0.00404	0.00404	0.00081	0.00404	0.00323	0.00323	0.84173
33	0.00661	0.00488	0.00619	0.00724	0.00782	0.00446	0.00491	0.00763	0.01077	0.01405	0.03429	0.67813	0.16004	0.01653	0.00687	0.00215	0.00310	0.01483	0.00506	0.00446
34	0.00939	0.00492	0.00730	0.00745	0.00760	0.00492	0.00522	0.00760	0.00775	0.01028	0.01178	0.02191	0.01207	0.01848	0.01967	0.74167	0.00477	0.09186	0.00268	0.00268
35	0.01130	0.00969	0.01130	0.00807	0.01292	0.00727	0.00646	0.01373	0.01130	0.01776	0.00969	0.01130	0.00807	0.00404	0.00404	0.00081	0.00404	0.00323	0.00323	0.84173
36	0.01639	0.01022	0.03687	0.03574	0.01501	0.00872	0.04731	0.05412	0.04639	0.30596	0.01665	0.07507	0.01281	0.00770	0.03227	0.00172	0.00517	0.00555	0.00482	0.26151
37	0.01350	0.01604	0.20758	0.01210	0.01633	0.04595	0.03371	0.19328	0.17705	0.02246	0.10597	0.05764	0.03358	0.03250	0.00632	0.00186	0.00578	0.00628	0.00445	0.00762
38	0.00833	0.00579	0.00757	0.00759	0.00895	0.00539	0.00595	0.01064	0.01415	0.04559	0.46079	0.10589	0.10841	0.01256	0.00668	0.00194	0.00324	0.16974	0.00565	0.00516
39	0.10974	0.00979	0.01536	0.70162	0.03434	0.01213	0.01404	0.01418	0.01071	0.01518	0.00944	0.01386	0.00711	0.00540	0.00520	0.00180	0.00690	0.00462	0.00254	0.00604
40	0.01097	0.03702	0.04881	0.01619	0.18320	0.02631	0.05275	0.01389	0.03497	0.01756	0.23935	0.07392	0.02302	0.00871	0.00864	0.00187	0.18544	0.00705	0.00384	0.00650
41	0.63449	0.00935	0.00816	0.00752	0.01029	0.01081	0.00609	0.01445	0.00933	0.02173	0.03049	0.01257	0.00891	0.01330	0.17992	0.00328	0.00651	0.00380	0.00335	0.00565
42	0.00755	0.00547	0.00712	0.00691	0.00809	0.00504	0.00510	0.00989	0.01475	0.02070	0.66182	0.13191	0.07130	0.01193	0.00649	0.00178	0.00265	0.01058	0.00586	0.00504
43	0.00950	0.00685	0.00949	0.00904	0.01031	0.00780	0.00702	0.09819	0.01059	0.01490	0.01388	0.01992	0.01267	0.03450	0.61347	0.09543	0.01254	0.00561	0.00316	0.00513
44	0.00839	0.00689	0.01154	0.01045	0.01196	0.00764	0.09570	0.01065	0.00925	0.01323	0.01418	0.02062	0.01299	0.03657	0.69404	0.00794	0.01396	0.00591	0.00290	0.00516
45	0.00666	0.00485	0.00628	0.00737	0.00786	0.00447	0.00497	0.00771	0.01081	0.01428	0.05892	0.70489	0.10774	0.01655	0.00689	0.00216	0.00310	0.01491	0.00509	0.00447
46	0.02037	0.01509	0.01616	0.01247	0.01677	0.01674	0.01028	0.72018	0.06225	0.03379	0.01354	0.01345	0.00964	0.00659	0.00546	0.00165	0.00592	0.00497	0.00546	0.00924
47	0.00807	0.00622	0.00748	0.00729	0.00878	0.00599	0.00547	0.01175	0.10323	0.01951	0.43569	0.13075	0.18318	0.01202	0.00642	0.00184	0.00296	0.03237	0.00563	0.00537
48	0.11226	0.00858	0.01073	0.00870	0.01210	0.00793	0.00705	0.02137	0.03733	0.48542	0.17225	0.02346	0.05346	0.00777	0.00548	0.00170	0.00408	0.00636	0.00611	0.00784
49	0.06275	0.00888	0.01166	0.00937	0.01304	0.00798	0.00758	0.02387	0.03913	0.62531	0.02186	0.11160	0.01590	0.00791	0.00556	0.00175	0.00443	0.00657	0.00634	0.00851
50	0.24327	0.00908	0.01065	0.00877	0.01230	0.00872	0.00710	0.02148	0.01329	0.48487	0.01878	0.10941	0.01414	0.00752	0.00509	0.00175	0.00435	0.00599	0.00564	0.00780
51	0.35598	0.00796	0.00739	0.00671	0.00882	0.00859	0.00503	0.03137	0.01028	0.07985	0.01360	0.01937	0.01205	0.21906	0.01016	0.00255	0.00421	0.00499	0.18665	0.00538
52	0.04426	0.00552	0.00607	0.00609	0.00653	0.00545	0.00371	0.00835	0.00900	0.01237	0.05484	0.08499	0.11104	0.59464	0.02192	0.00437	0.00469	0.00870	0.00374	0.00372
53	0.00710	0.00516	0.00666	0.00709	0.00793	0.00476	0.00499	0.00875	0.01264	0.01724	0.34219	0.41106	0.09980	0.02976	0.00710	0.00204	0.00293	0.01268	0.00542	0.00472
54	0.17208	0.00729	0.00822	0.00728	0.00968	0.00703	0.00571	0.01459	0.01356	0.18667	0.30305	0.04821	0.14751	0.00940	0.00556	0.00172	0.00338	0.00780	0.03518	0.00609
55	0.15200	0.00850	0.00899	0.00819	0.01002	0.00909	0.00608	0.17390	0.02610	0.01987	0.06170	0.10995	0.04403	0.27238	0.01283	0.00298	0.00476	0.05874	0.00434	0.00553
56	0.00654	0.00552	0.00567	0.00572	0.00749	0.00465	0.00430	0.00796	0.01245	0.01494	0.07386	0.07505	0.71316	0.01386	0.00648	0.00186	0.00282	0.02794	0.00509	0.00462
57	0.00664	0.00508	0.00610	0.00680	0.00773	0.00454	0.00474	0.00785	0.01147	0.01471	0.08625	0.48540	0.30205	0.01552	0.00674	0.00205	0.00298	0.01370	0.00512	0.00454
58	0.12515	0.00788	0.00913	0.00814	0.01050	0.00780	0.00624	0.06947	0.03238	0.23721	0.06591	0.20877	0.02045	0.05938	0.00681	0.00199	0.00398	0.00790	0.10440	0.00652
59	0.00699	0.00509	0.00662	0.00776	0.00822	0.00488	0.00524	0.00865	0.04781	0.01436	0.02966	0.76597	0.03510	0.01660	0.00689	0.00220	0.00322	0.01504	0.00508	0.00464
60	0.02086	0.00911	0.01180	0.00942	0.01316	0.00831	0.00765	0.02462	0.11038	0.58583	0.06296	0.02248	0.07284	0.00759	0.00561	0.00172	0.00435	0.00625	0.00643	0.00863
61	0.00770	0.00556	0.00677	0.00655	0.00789	0.00503	0.00480	0.00964	0.01374	0.03572	0.45743	0.09573	0.23858	0.07101	0.00802	0.00205	0.00291	0.01044	0.00550	0.00491
62	0.11069	0.00671	0.00806	0.00772	0.00958	0.00637	0.00581	0.01335	0.01243	0.18393	0.14711	0.29096	0.10191	0.03585	0.00672	0.00202	0.00361	0.03604	0.00533	0.00579
63	0.01030	0.00969	0.01635	0.79530	0.03755	0.01211	0.01514	0.01393	0.01090	0.01393	0.00969	0.01453	0.00727	0.00545	0.00545	0.00182	0.00727	0.00484	0.00242	0.00606
64	0.00852	0.00594	0.00740	0.00758	0.00858	0.00622	0.00558	0.01133	0.06939	0.01678	0.12151	0.26753	0.04082	0.04060	0.13379	0.00307	0.03095	0.02197	0.18734	0.00509
65	0.00669	0.00542	0.00594	0.00604	0.00757	0.00467	0.00444	0.00822	0.01267	0.01585	0.17537	0.15441	0.54607	0.01380	0.00651	0.00187	0.00278	0.01177	0.00522	0.00467
66	0.00715	0.00534	0.00667	0.00720	0.00811	0.00497	0.00507	0.00912	0.03899	0.01650	0.23343	0.45354	0.15447	0.01462	0.00669	0.00201	0.00298	0.01302	0.00533	0.00480
67	0.00793	0.00529	0.00595	0.00595	0.00595	0.00529	0.00330	0.00793	0.00793	0.01057	0.01718	0.03568	0.01982	0.80840	0.02775	0.00529	0.00529	0.00793	0.00330	0.00330
68	0.08711	0.00590	0.00624	0.00630	0.00774	0.00584	0.00464	0.01174	0.03067	0.03960	0.07234	0.19726	0.12835	0.02815	0.00563	0.00174	0.00303	0.00848	0.34409	0.00512
69	0.00791	0.00571	0.00678	0.00706	0.00834	0.00525	0.00506	0.01004	0.05396	0.05012	0.12519	0.36495	0.29068	0.02434	0.00684	0.00202	0.00311	0.01238	0.00525	0.00501
70	0.00682	0.00537	0.00616	0.00631	0.00768	0.00471	0.00460	0.00842	0.01278	0.01641	0.23667	0.21058	0.42649	0.01381	0.00655	0.00189	0.00280	0.01193	0.00531	0.00471
71	0.00939	0.00479	0.00718	0.00718	0.00723	0.00484	0.00484	0.00723	0.00718	0.00963	0.00972	0.01681	0.00968	0.02003	0.05924	0.80012	0.00522	0.00479	0.00239	0.00249
72	0.00978	0.00601	0.00772	0.00777	0.00925	0.00557	0.00591	0.01190	0.02898	0.11787	0.20245	0.27986	0.13136	0.01309	0.00653	0.00198	0.00344	0.11358	0.03149	0.00545
73	0.03698	0.00571	0.00670	0.00668	0.00785	0.00530	0.00467	0.00950	0.01160	0.03546	0.20116	0.22757	0.16899	0.17744	0.01067	0.00255	0.00348	0.01041	0.02999	0.03730
74	0.01413	0.01199	0.01265	0.01121	0.01439	0.01383	0.00877	0.08663	0.70596	0.02372	0.02147	0.01977	0.01606	0.00733	0.00554	0.00183	0.00445	0.00606	0.00554	0.00868
75	0.30164	0.00692	0.00689	0.00713	0.00851	0.00739	0.00506	0.01067	0.00957	0.01698	0.01995	0.34791	0.03782	0.15896	0.02943	0.00275	0.00421	0.00937	0.00409	0.00475
76	0.80383	0.01064	0.00835	0.00738	0.01080	0.01225	0.00608	0.03606	0.00988	0.04399	0.00809	0.00922	0.00619	0.00514	0.00348	0.00169	0.00428	0.00307	0.00352	0.00608
77	0.01189	0.01127	0.01864	0.40233	0.35191	0.01270	0.01539	0.01585	0.04881	0.01601	0.01046	0.01429	0.00832	0.00543	0.00586	0.00175	0.03419	0.00491	0.00269	0.00729
78	0.01111	0.01059	0.01480	0.01296	0.01315	0.01447	0.01067	0.01243	0.00862	0.01339	0.00957	0.05207	0.00960	0.01351	0.10821	0.00309	0.63536	0.00543	0.03525	0.00572
79	0.01225	0.01240	0.01690	0.01514	0.04755	0.03971	0.01210	0.01354	0.00874	0.01333	0.00733	0.01193	0.00722	0.00922	0.01696	0.00232	0.74014	0.00474	0.00241	0.00609
80	0.00744	0.00510	0.00607	0.00652	0.00667	0.00497	0.00395	0.00781	0.00892	0.01185	0.02258	0.30978	0.04185	0.50962	0.01989	0.00412	0.00448	0.01070	0.00397	0.00373
81	0.00947	0.00473	0.00710	0.00710	0.00710	0.00473	0.00473	0.00710	0.00710	0.00947	0.00947	0.01657	0.00947	0.01894	0.02131	0.84138	0.00473	0.00473	0.00237	0.00237
82	0.00711	0.00505	0.00620	0.00682	0.00725	0.00477	0.00442	0.00792	0.01021	0.01352	0.08261	0.43330	0.10387	0.26564	0.01342	0.00311	0.00375	0.01231	0.00458	0.00414
83	0.00680	0.00481	0.00628	0.00739	0.00767	0.00453	0.00485	0.00763	0.01014	0.01352	0.02851	0.71268	0.03411	0.11190	0.00945	0.00258	0.00342	0.01459	0.00485	0.00429
84	0.01130	0.00969	0.01130	0.00807	0.01292	0.00727	0.00646	0.01373	0.01130	0.01776	0.00969	0.01130	0.00807	0.00404	0.00404	0.00081	0.00404	0.00323	0.00323	0.84173
85	0.01947	0.02464	0.01744	0.01511	0.01824	0.69466	0.09898	0.02126	0.01514	0.01383	0.00874	0.01041	0.00717	0.00550	0.00510	0.00146	0.00976	0.00386	0.00280	0.00644
86	0.00664	0.00474	0.00633	0.00759	0.00791	0.00443	0.00506	0.00759	0.01044	0.01392	0.03005	0.80485	0.03606	0.01708	0.00696	0.00221	0.00316	0.01550	0.00506	0.00443
87	0.01260	0.01012	0.01091	0.00994	0.01248	0.01136	0.00754	0.02407	0.55999	0.05241	0.03928	0.06267	0.04840	0.10340	0.00831	0.00227	0.00429	0.00710	0.00530	0.00758
88	0.01650	0.02041	0.46422	0.01314	0.01961	0.01075	0.01515	0.02109	0.01320	0.33049	0.01461	0.01441	0.00962	0.00583	0.00530	0.00171	0.00665	0.00463	0.00413	0.00856
89	0.01442	0.77751	0.06135	0.00960	0.01441	0.02118	0.00980	0.01637	0.01110	0.01302	0.00768	0.00887	0.00699	0.00469	0.00357	0.00119	0.00593	0.00296	0.00233	0.00704
90	0.00811	0.00549	0.00693	0.00657	0.00785	0.00513	0.00493	0.01068	0.01478	0.02161	0.64905	0.03741	0.04535	0.01037	0.00600	0.00164	0.00257	0.00908	0.14130	0.00513
91	0.72950	0.01122	0.00920	0.00793	0.01145	0.01289	0.00654	0.12122	0.01160	0.02587	0.00837	0.00946	0.00638	0.00527	0.00367	0.00168	0.00447	0.00323	0.00367	0.00638
92	0.00788	0.00529	0.00593	0.00593	0.00599	0.00526	0.00333	0.00792	0.00807	0.01070	0.01836	0.03620	0.04327	0.78363	0.02708	0.00518	0.00521	0.00804	0.00336	0.00334
93	0.00716	0.00521	0.00611	0.00648	0.00713	0.00491	0.00426	0.00787	0.00995	0.01279	0.03131	0.26471	0.23501	0.29703	0.05315	0.02323	0.00440	0.01097	0.00427	0.00405
94	0.01708	0.30796	0.21756	0.01105	0.01644	0.01417	0.01161	0.02016	0.01280	0.28589	0.01314	0.01300	0.00930	0.00553	0.00465	0.00149	0.00595	0.00412	0.00391	0.02421
95	0.02072	0.01527	0.01636	0.01254	0.01691	0.01691	0.01036	0.75622	0.02563	0.03436	0.01309	0.01309	0.00927	0.00654	0.00545	0.00164	0.00600	0.00491	0.00545	0.00927
96	0.00793	0.00529	0.00595	0.00595	0.00595	0.00529	0.00330	0.00793	0.00793	0.01057	0.01718	0.03568	0.01982	0.80840	0.02775	0.00529	0.00529	0.00793	0.00330	0.00330
97	0.01052	0.00782	0.01206	0.21013	0.07757	0.00861	0.03219	0.01266	0.09907	0.01364	0.04439	0.01725	0.01149	0.01224	0.01303	0.39882	0.00551	0.00522	0.00296	0.00482
98	0.01130	0.00969	0.01130	0.00807	0.01292	0.00727	0.00646	0.01373	0.01130	0.01776	0.00969	0.01130	0.00807	0.00404	0.00404	0.00081	0.00404	0.00323	0.00323	0.84173
99	0.00677	0.00490	0.00641	0.00738	0.00791	0.00453	0.00502	0.00796	0.01121	0.01501	0.12915	0.66253	0.07880	0.01612	0.00686	0.00213	0.00306	0.01453	0.00518	0.00453
100	0.00789	0.00570	0.00825	0.00825	0.00903	0.00648	0.00618	0.00934	0.00856	0.01219	0.01477	0.02340	0.01440	0.15849	0.63466	0.04613	0.01271	0.00611	0.00295	0.00451

[dist]
# distance from previous block
# <min> <max>
0	20

[block]
# block no. 8 follows, 44 sequences, length 9
# corresponding to MSA columns:
# 511-519
name=unknown_I
#
# <colnr> <probs for GDERKNQSTAVLIFYWHMCP>
#	G	D	E	R	K	N	Q	S	T	A	V	L	I	F	Y	W	H	M	C	P
0	0.01436	0.01664	0.12583	0.01853	0.16588	0.10510	0.12527	0.09872	0.15646	0.01943	0.01290	0.03294	0.01028	0.00626	0.00648	0.00176	0.06648	0.00532	0.00353	0.00785
1	0.01087	0.00894	0.01175	0.01040	0.01201	0.01037	0.00829	0.11539	0.01151	0.01655	0.01370	0.10090	0.01324	0.02173	0.31882	0.00461	0.19670	0.00618	0.00342	0.10462
2	0.01241	0.10789	0.39807	0.01474	0.02043	0.12125	0.11627	0.01668	0.01207	0.01587	0.01192	0.10519	0.01056	0.00651	0.00534	0.00169	0.00764	0.00552	0.00276	0.00717
3	0.00811	0.00819	0.09129	0.00915	0.01094	0.00714	0.00794	0.01064	0.01026	0.01481	0.15063	0.02384	0.01973	0.03169	0.56213	0.00674	0.01173	0.00637	0.00341	0.00526
4	0.01061	0.00991	0.01325	0.07917	0.24230	0.07483	0.01016	0.01288	0.01187	0.01576	0.08665	0.13777	0.09420	0.01383	0.12436	0.00283	0.02451	0.00758	0.02135	0.00618
5	0.37991	0.07107	0.01232	0.01102	0.09344	0.01184	0.00796	0.07875	0.01205	0.08434	0.05789	0.01405	0.01100	0.00986	0.09677	0.00245	0.00589	0.00431	0.00378	0.03130
6	0.04373	0.08063	0.07156	0.01287	0.10854	0.01183	0.00981	0.11635	0.10252	0.05539	0.01199	0.01293	0.00931	0.00517	0.00465	0.00131	0.00512	0.00413	0.00376	0.32840
7	0.06884	0.10584	0.11556	0.06050	0.11541	0.06658	0.01162	0.14827	0.03744	0.13097	0.01201	0.01290	0.00888	0.00556	0.00491	0.00153	0.00612	0.00432	0.00384	0.07892
8	0.03722	0.05430	0.10721	0.01540	0.11360	0.18548	0.02583	0.22734	0.05364	0.08669	0.01209	0.01302	0.00905	0.00682	0.02683	0.00179	0.00720	0.00452	0.00395	0.00802

[dist]
# distance from previous block
# <min> <max>
38	205

# created by:
# /home/cegg/simao/soft/augustus-3.2.1/scripts/msa2prfl.pl ./align_prep/EOG091G0KPB.fa
