[name]
unknown

[dist]
# distance from previous block
# <min> <max>
0	86

[block]
# block no. 0 follows, 49 sequences, length 45
# corresponding to MSA columns:
# 98-121,124-144
name=unknown_A
#
# <colnr> <probs for GDERKNQSTAVLIFYWHMCP>
#	G	D	E	R	K	N	Q	S	T	A	V	L	I	F	Y	W	H	M	C	P
0	0.01134	0.00896	0.01057	0.00760	0.01205	0.00679	0.00609	0.01356	0.01076	0.07078	0.00975	0.01096	0.00784	0.00392	0.00384	0.00081	0.00378	0.00314	0.00322	0.79423
1	0.01929	0.01088	0.01271	0.00990	0.01356	0.01114	0.00812	0.37222	0.03997	0.33683	0.05689	0.01607	0.01266	0.00639	0.00504	0.00153	0.00468	0.00505	0.04889	0.00818
2	0.00751	0.00562	0.00691	0.00638	0.00788	0.00515	0.00483	0.03768	0.01406	0.01943	0.60559	0.03782	0.17387	0.01039	0.00586	0.00158	0.00258	0.00904	0.00531	0.03250
3	0.01869	0.01240	0.01361	0.01054	0.01427	0.01338	0.00867	0.58963	0.02110	0.13731	0.01369	0.01355	0.00960	0.00608	0.00490	0.00149	0.00505	0.00464	0.09319	0.00820
4	0.00702	0.00516	0.00656	0.00621	0.00747	0.00471	0.00466	0.00927	0.01398	0.01949	0.70049	0.03907	0.13579	0.01063	0.00597	0.00160	0.00241	0.00933	0.00546	0.00471
5	0.82427	0.00996	0.00774	0.00685	0.01002	0.01152	0.00564	0.04539	0.00922	0.02306	0.00725	0.00837	0.00560	0.00475	0.00321	0.00156	0.00398	0.00281	0.00321	0.00560
6	0.01889	0.02410	0.01433	0.01303	0.01563	0.80199	0.00977	0.02019	0.01433	0.01238	0.00782	0.00912	0.00651	0.00521	0.00456	0.00130	0.00912	0.00326	0.00261	0.00586
7	0.00948	0.00570	0.00744	0.00670	0.00834	0.00515	0.00513	0.01174	0.01419	0.13903	0.62967	0.03520	0.08271	0.00984	0.00583	0.00159	0.00269	0.00860	0.00563	0.00533
8	0.54313	0.00977	0.00914	0.00753	0.01103	0.01037	0.00619	0.06941	0.01097	0.16508	0.01002	0.01042	0.00724	0.00496	0.00370	0.00146	0.00408	0.00333	0.00383	0.10833
9	0.01194	0.01364	0.02984	0.02131	0.02643	0.01279	0.77238	0.01620	0.01194	0.01620	0.01023	0.01364	0.00767	0.00426	0.00597	0.00171	0.00853	0.00597	0.00256	0.00682
10	0.00619	0.00441	0.00586	0.00701	0.00729	0.00413	0.00466	0.00705	0.00963	0.01284	0.02760	0.80123	0.03310	0.03406	0.00689	0.00212	0.00298	0.01422	0.00466	0.00408
11	0.01969	0.00908	0.01136	0.00903	0.01255	0.00868	0.00736	0.09064	0.12742	0.54250	0.01903	0.01715	0.01264	0.00630	0.00495	0.00155	0.00419	0.00510	0.08262	0.00816
12	0.00929	0.00600	0.00725	0.00677	0.00845	0.00567	0.00516	0.01242	0.08419	0.10462	0.36514	0.08666	0.17816	0.01014	0.00566	0.00164	0.00287	0.02507	0.06949	0.00535
13	0.01352	0.82533	0.02650	0.00865	0.01298	0.02001	0.00865	0.01514	0.01027	0.01190	0.00703	0.00811	0.00649	0.00433	0.00324	0.00108	0.00541	0.00270	0.00216	0.00649
14	0.00675	0.00455	0.00608	0.00711	0.00753	0.00423	0.00479	0.00767	0.00985	0.04086	0.02759	0.79030	0.03270	0.01550	0.00641	0.00204	0.00298	0.01404	0.00475	0.00427
15	0.00624	0.00469	0.00579	0.00645	0.00723	0.00423	0.00448	0.00742	0.01076	0.01405	0.13092	0.51693	0.23376	0.01434	0.00627	0.00190	0.00277	0.01274	0.00481	0.00423
16	0.00623	0.00507	0.00534	0.00537	0.00691	0.00433	0.00399	0.00763	0.01167	0.01449	0.12806	0.09781	0.63380	0.01252	0.00593	0.00170	0.00256	0.01056	0.03170	0.00433
17	0.01762	0.01451	0.05740	0.01205	0.01578	0.07654	0.04077	0.44839	0.07554	0.10551	0.01255	0.01282	0.00903	0.00616	0.00598	0.00159	0.07070	0.00459	0.00451	0.00796
18	0.01643	0.01373	0.01406	0.01237	0.05839	0.08330	0.00938	0.39679	0.29448	0.02545	0.01465	0.01431	0.01084	0.00619	0.00504	0.00157	0.00534	0.00485	0.00473	0.00811
19	0.02651	0.00570	0.00763	0.00913	0.06748	0.00551	0.00593	0.03936	0.01064	0.03692	0.02584	0.62740	0.05277	0.01389	0.00618	0.00197	0.00340	0.04442	0.00455	0.00477
20	0.08984	0.09251	0.08477	0.04237	0.17345	0.21336	0.11968	0.02809	0.01175	0.02798	0.00872	0.01093	0.00706	0.00520	0.00555	0.01676	0.04878	0.00401	0.00260	0.00659
21	0.00953	0.00613	0.00777	0.00774	0.00933	0.00577	0.00605	0.01195	0.05196	0.09114	0.06394	0.23571	0.03494	0.05049	0.00675	0.00196	0.00370	0.21923	0.08293	0.09296
22	0.01083	0.04040	0.24231	0.06639	0.11494	0.01038	0.02945	0.05847	0.04131	0.01688	0.05377	0.03957	0.01124	0.03599	0.00587	0.00158	0.03000	0.00475	0.04951	0.13633
23	0.01092	0.01001	0.01631	0.21112	0.38994	0.01084	0.01283	0.01352	0.01055	0.02745	0.01142	0.10161	0.01057	0.00725	0.02929	0.00184	0.07930	0.00556	0.00274	0.03693
24	0.00762	0.00536	0.00650	0.00627	0.00760	0.00493	0.00466	0.03135	0.01292	0.03566	0.40967	0.13021	0.22715	0.01140	0.00629	0.02832	0.00269	0.00955	0.04717	0.00468
25	0.70564	0.00979	0.00835	0.00718	0.01046	0.01096	0.00592	0.04678	0.01005	0.13263	0.00908	0.00965	0.00660	0.00497	0.00348	0.00156	0.00403	0.00314	0.00365	0.00605
26	0.01052	0.00891	0.01091	0.03504	0.03680	0.05934	0.02334	0.12298	0.03184	0.01547	0.01542	0.06902	0.04643	0.05750	0.29296	0.02904	0.07808	0.04763	0.00336	0.00541
27	0.00704	0.00505	0.00588	0.00614	0.00714	0.00458	0.00433	0.00810	0.01046	0.03762	0.07988	0.24033	0.32142	0.18099	0.01022	0.00248	0.00331	0.05638	0.00446	0.00417
28	0.00988	0.03356	0.01085	0.00934	0.01011	0.00900	0.02929	0.05232	0.02775	0.01231	0.01078	0.01774	0.01049	0.07006	0.13936	0.30347	0.19775	0.03896	0.00269	0.00429
29	0.01340	0.10055	0.01567	0.01178	0.01372	0.03920	0.00980	0.15482	0.18809	0.01779	0.01091	0.01266	0.00899	0.00729	0.01006	0.00182	0.36876	0.00452	0.00341	0.00677
30	0.01231	0.28569	0.11746	0.00930	0.01388	0.01297	0.00895	0.08771	0.05687	0.01675	0.03411	0.01123	0.00886	0.00469	0.00399	0.00113	0.00493	0.00350	0.00301	0.30264
31	0.01642	0.00830	0.00992	0.00813	0.01092	0.00824	0.00661	0.16445	0.01465	0.32457	0.01814	0.01880	0.03715	0.00662	0.00500	0.00148	0.02731	0.02781	0.27848	0.00700
32	0.00643	0.00472	0.00570	0.00627	0.00689	0.00435	0.00419	0.00735	0.01001	0.01305	0.09040	0.43401	0.20003	0.17066	0.01004	0.00249	0.00319	0.01178	0.00445	0.00399
33	0.00649	0.00493	0.00599	0.00625	0.00733	0.00443	0.00453	0.00805	0.01189	0.01571	0.29337	0.28776	0.28040	0.01295	0.00615	0.00179	0.00267	0.02993	0.00499	0.00440
34	0.01096	0.00927	0.01074	0.00772	0.01219	0.00723	0.00619	0.05428	0.01121	0.01732	0.00916	0.01058	0.00755	0.00387	0.00382	0.00079	0.00384	0.00308	0.00311	0.80710
35	0.00738	0.00536	0.00663	0.00697	0.00811	0.00507	0.00537	0.02902	0.01196	0.01602	0.20765	0.20497	0.19308	0.03901	0.00681	0.00197	0.00324	0.18790	0.04894	0.00454
36	0.00909	0.00557	0.00704	0.00647	0.00799	0.00512	0.00488	0.01108	0.01298	0.11631	0.45386	0.03455	0.14702	0.06058	0.04876	0.00213	0.00339	0.00832	0.04980	0.00506
37	0.85801	0.00978	0.00743	0.00665	0.00978	0.01134	0.00548	0.01486	0.00861	0.02269	0.00704	0.00821	0.00548	0.00469	0.00313	0.00156	0.00391	0.00274	0.00313	0.00548
38	0.10136	0.01451	0.01227	0.03244	0.01407	0.27109	0.00814	0.12840	0.01431	0.16354	0.02962	0.03654	0.00977	0.00569	0.00457	0.00136	0.00593	0.00420	0.00388	0.13830
39	0.01567	0.36019	0.01964	0.02608	0.03727	0.31419	0.00945	0.07442	0.01277	0.01392	0.00788	0.00923	0.00675	0.00497	0.00452	0.00126	0.03929	0.00322	0.00259	0.03670
40	0.01302	0.00891	0.01074	0.00780	0.01218	0.00688	0.00629	0.01520	0.01131	0.17775	0.01126	0.01188	0.00853	0.00427	0.00402	0.00092	0.00386	0.00343	0.00367	0.67808
41	0.00722	0.00531	0.00755	0.00755	0.00830	0.00600	0.00563	0.00866	0.00806	0.01141	0.01492	0.02312	0.03260	0.18901	0.63273	0.00735	0.01161	0.00592	0.00283	0.00423
42	0.03981	0.15647	0.05578	0.06941	0.07249	0.15065	0.06783	0.08386	0.04019	0.17964	0.01192	0.03005	0.00903	0.00547	0.00469	0.00146	0.00617	0.00438	0.00360	0.00710
43	0.02244	0.11687	0.09458	0.01140	0.03716	0.04216	0.02377	0.06796	0.20828	0.01684	0.02968	0.08013	0.01229	0.00745	0.00733	0.02562	0.14820	0.00533	0.01808	0.02441
44	0.08782	0.15029	0.07752	0.02814	0.08100	0.05908	0.00964	0.16941	0.08271	0.09616	0.01276	0.01359	0.03380	0.02090	0.00524	0.00154	0.02809	0.00431	0.01568	0.02232

[dist]
# distance from previous block
# <min> <max>
0	7

[block]
# block no. 1 follows, 49 sequences, length 29
# corresponding to MSA columns:
# 152-158,178-199
name=unknown_B
#
# <colnr> <probs for GDERKNQSTAVLIFYWHMCP>
#	G	D	E	R	K	N	Q	S	T	A	V	L	I	F	Y	W	H	M	C	P
0	0.04553	0.05086	0.07673	0.01289	0.05947	0.12616	0.10799	0.08028	0.17528	0.06094	0.01317	0.01487	0.01025	0.00565	0.00483	0.00149	0.00583	0.02828	0.05375	0.06577
1	0.03068	0.11413	0.30263	0.06812	0.09073	0.02814	0.07478	0.09651	0.03079	0.05937	0.01162	0.03100	0.02864	0.00542	0.00483	0.00154	0.00639	0.00452	0.00298	0.00719
2	0.00673	0.00525	0.00694	0.03367	0.04991	0.00500	0.00549	0.00821	0.02933	0.01345	0.03061	0.58218	0.17622	0.01409	0.00621	0.00194	0.00317	0.01261	0.00451	0.00449
3	0.03878	0.00887	0.00989	0.00846	0.01096	0.00949	0.00678	0.18723	0.14916	0.11744	0.08406	0.02104	0.05384	0.00723	0.00525	0.00155	0.03227	0.03310	0.20790	0.00668
4	0.01278	0.01005	0.01078	0.00959	0.01233	0.01123	0.00748	0.08734	0.55095	0.06403	0.02234	0.06192	0.07293	0.00763	0.00521	0.00169	0.00393	0.00637	0.03392	0.00750
5	0.06179	0.01365	0.03964	0.01051	0.01425	0.13608	0.00868	0.24220	0.11113	0.22121	0.01388	0.01341	0.00979	0.00577	0.00478	0.00146	0.00544	0.00438	0.00462	0.07734
6	0.04307	0.00747	0.00842	0.00727	0.00962	0.03364	0.00568	0.03037	0.05255	0.30049	0.05536	0.06235	0.03527	0.03488	0.00532	0.00158	0.00361	0.00575	0.29093	0.00634
7	0.01095	0.18768	0.58986	0.01369	0.02037	0.01349	0.06572	0.01585	0.01068	0.01519	0.00873	0.01035	0.00651	0.00467	0.00456	0.00150	0.00712	0.00367	0.00217	0.00723
8	0.00670	0.00492	0.00618	0.00632	0.00726	0.00451	0.00450	0.00833	0.01212	0.01649	0.40774	0.26765	0.15348	0.06159	0.00731	0.00194	0.00273	0.01080	0.00503	0.00440
9	0.00745	0.00566	0.00817	0.00805	0.00877	0.00663	0.00613	0.00897	0.00800	0.01149	0.01350	0.02122	0.01311	0.14515	0.65155	0.00736	0.05608	0.00563	0.00273	0.00437
10	0.01127	0.01068	0.12156	0.02657	0.01292	0.00894	0.03447	0.14858	0.04015	0.07919	0.06911	0.06736	0.13417	0.06648	0.11453	0.00274	0.02339	0.00665	0.01516	0.00610
11	0.08652	0.02521	0.01081	0.00912	0.01153	0.08251	0.00719	0.28831	0.01526	0.03510	0.01488	0.16230	0.01359	0.00867	0.02899	0.00176	0.03289	0.00612	0.15293	0.00630
12	0.03965	0.04046	0.12140	0.02473	0.10587	0.01134	0.02600	0.11930	0.10921	0.10758	0.04856	0.01407	0.01085	0.00570	0.00554	0.00148	0.05913	0.00451	0.00376	0.14088
13	0.03528	0.18544	0.24332	0.01331	0.07278	0.01390	0.06378	0.19723	0.01396	0.05303	0.01060	0.03077	0.00825	0.00531	0.00460	0.00147	0.00606	0.00424	0.02933	0.00736
14	0.01222	0.03526	0.01656	0.07544	0.22331	0.07103	0.08735	0.06454	0.01151	0.04178	0.01225	0.12680	0.01165	0.00763	0.00764	0.03042	0.13711	0.01805	0.00307	0.00637
15	0.01305	0.02927	0.01997	0.06404	0.64109	0.09507	0.03294	0.01590	0.01173	0.01582	0.00928	0.01214	0.00776	0.00460	0.00495	0.00149	0.00642	0.00437	0.00250	0.00762
16	0.00641	0.00467	0.00589	0.00666	0.00734	0.00429	0.00465	0.00762	0.01061	0.01414	0.11937	0.55284	0.15836	0.01435	0.00625	0.00193	0.00285	0.03790	0.02964	0.00425
17	0.00971	0.00566	0.00737	0.00698	0.00853	0.00511	0.00528	0.01158	0.01297	0.15958	0.38090	0.20023	0.11408	0.01115	0.00595	0.00172	0.00296	0.03958	0.00538	0.00528
18	0.00892	0.00552	0.00689	0.00648	0.00798	0.00495	0.00482	0.01066	0.01271	0.12370	0.37538	0.13489	0.20537	0.06017	0.00710	0.00187	0.00291	0.00948	0.00521	0.00500
19	0.00652	0.00478	0.00598	0.00650	0.00723	0.00440	0.00453	0.00777	0.01088	0.01447	0.20084	0.42516	0.16000	0.08510	0.00798	0.00215	0.00297	0.03379	0.00474	0.00421
20	0.01194	0.01364	0.02984	0.02131	0.02643	0.01279	0.77238	0.01620	0.01194	0.01620	0.01023	0.01364	0.00767	0.00426	0.00597	0.00171	0.00853	0.00597	0.00256	0.00682
21	0.00729	0.00647	0.00992	0.00867	0.01042	0.00587	0.14546	0.00886	0.01061	0.01347	0.03318	0.24765	0.34976	0.10865	0.00846	0.00218	0.00404	0.01041	0.00411	0.00455
22	0.00955	0.00899	0.01517	0.81013	0.03483	0.01123	0.01404	0.01292	0.01011	0.01292	0.00899	0.01348	0.00674	0.00506	0.00506	0.00169	0.00674	0.00449	0.00225	0.00562
23	0.05909	0.01217	0.01346	0.01058	0.01438	0.01308	0.00867	0.45341	0.12941	0.21028	0.01495	0.01412	0.01036	0.00616	0.00499	0.00156	0.00496	0.00476	0.00526	0.00837
24	0.01090	0.00893	0.01030	0.00772	0.01177	0.00726	0.00613	0.04945	0.05322	0.03739	0.01330	0.04183	0.05690	0.00507	0.00415	0.00096	0.00376	0.00414	0.00346	0.66336
25	0.00662	0.00490	0.00593	0.00623	0.00709	0.00455	0.00437	0.00772	0.01048	0.01369	0.15111	0.26429	0.25655	0.13545	0.05453	0.02770	0.00371	0.02661	0.00440	0.00408
26	0.00850	0.00711	0.02657	0.00730	0.00921	0.02656	0.03150	0.06178	0.01327	0.03581	0.29786	0.05300	0.32624	0.01092	0.00634	0.03080	0.00338	0.03408	0.00479	0.00499
27	0.09883	0.03587	0.01754	0.06067	0.30145	0.01119	0.12774	0.05750	0.02786	0.06070	0.03754	0.03780	0.01035	0.02465	0.00540	0.00159	0.00563	0.00496	0.00318	0.06956
28	0.14225	0.05824	0.10001	0.11748	0.08808	0.09719	0.01054	0.11807	0.08853	0.03772	0.01069	0.01237	0.00829	0.00762	0.06297	0.00200	0.00645	0.00409	0.00324	0.02416

[dist]
# distance from previous block
# <min> <max>
0	2

[block]
# block no. 2 follows, 49 sequences, length 13
# corresponding to MSA columns:
# 202-214
name=unknown_C
#
# <colnr> <probs for GDERKNQSTAVLIFYWHMCP>
#	G	D	E	R	K	N	Q	S	T	A	V	L	I	F	Y	W	H	M	C	P
0	0.03412	0.01279	0.07437	0.07701	0.12689	0.07980	0.09895	0.11032	0.11338	0.06990	0.05979	0.04692	0.01257	0.00610	0.00508	0.00157	0.00571	0.00535	0.05241	0.00697
1	0.01439	0.17473	0.16058	0.03125	0.07718	0.03692	0.06385	0.22989	0.03220	0.04293	0.01013	0.01133	0.00773	0.00517	0.00495	0.00144	0.02895	0.00404	0.00329	0.05905
2	0.00726	0.00496	0.00597	0.00604	0.00620	0.00509	0.00370	0.00761	0.00761	0.01030	0.01622	0.07565	0.01829	0.64584	0.15384	0.00528	0.00623	0.00743	0.00310	0.00336
3	0.03719	0.00733	0.01025	0.15436	0.01415	0.00817	0.04884	0.04125	0.03755	0.01494	0.05741	0.20392	0.04941	0.12468	0.00933	0.00221	0.08064	0.00774	0.08565	0.00498
4	0.01376	0.07565	0.09757	0.04988	0.19427	0.15028	0.09890	0.05331	0.08062	0.04968	0.01164	0.01328	0.03059	0.00549	0.00561	0.00155	0.05332	0.00455	0.00302	0.00704
5	0.02864	0.09340	0.18893	0.08707	0.13808	0.04275	0.01167	0.04942	0.03783	0.03237	0.01198	0.06818	0.01080	0.04436	0.05210	0.03555	0.02611	0.03150	0.00291	0.00634
6	0.00631	0.00459	0.00596	0.00686	0.00740	0.00424	0.00472	0.00743	0.01040	0.01383	0.11194	0.64537	0.10134	0.01493	0.00637	0.00198	0.00289	0.03443	0.00479	0.00421
7	0.01102	0.00754	0.00963	0.01004	0.08619	0.00747	0.00688	0.06694	0.11076	0.12014	0.20091	0.14675	0.11465	0.03841	0.00640	0.00182	0.00371	0.03977	0.00491	0.00605
8	0.03339	0.10719	0.14760	0.01360	0.07495	0.16156	0.05225	0.23033	0.03286	0.04994	0.01096	0.04304	0.00873	0.00567	0.00478	0.00148	0.00650	0.00444	0.00345	0.00727
9	0.00873	0.00590	0.03793	0.00709	0.00767	0.00546	0.00511	0.02992	0.03661	0.01085	0.01243	0.08711	0.01290	0.15987	0.05108	0.50462	0.00488	0.00584	0.00277	0.00322
10	0.00756	0.00526	0.00644	0.00652	0.00780	0.00477	0.00490	0.00918	0.01195	0.05679	0.25238	0.17823	0.27421	0.05555	0.00718	0.00197	0.00304	0.09673	0.00494	0.00460
11	0.01168	0.01257	0.08386	0.10444	0.40192	0.04078	0.04042	0.01648	0.12593	0.01654	0.03803	0.06170	0.01160	0.00582	0.00515	0.00160	0.00582	0.00536	0.00307	0.00725
12	0.05800	0.10117	0.11484	0.04591	0.04610	0.06642	0.12406	0.20508	0.06312	0.06326	0.01094	0.01203	0.00815	0.00516	0.00477	0.00148	0.00617	0.00430	0.00350	0.05555

[dist]
# distance from previous block
# <min> <max>
0	2

[block]
# block no. 3 follows, 49 sequences, length 18
# corresponding to MSA columns:
# 217-234
name=unknown_D
#
# <colnr> <probs for GDERKNQSTAVLIFYWHMCP>
#	G	D	E	R	K	N	Q	S	T	A	V	L	I	F	Y	W	H	M	C	P
0	0.00919	0.00549	0.00645	0.00608	0.00726	0.00509	0.00421	0.01032	0.01026	0.10594	0.10464	0.09121	0.14128	0.31729	0.02389	0.00291	0.00383	0.00784	0.10426	0.03258
1	0.02848	0.05694	0.11488	0.09285	0.14656	0.01153	0.01115	0.17682	0.03196	0.16636	0.04308	0.02880	0.01071	0.00571	0.00488	0.00150	0.00542	0.00471	0.00392	0.05374
2	0.01161	0.01256	0.10024	0.21502	0.26686	0.03871	0.06679	0.03646	0.01120	0.04101	0.01100	0.07790	0.00957	0.00606	0.00612	0.00167	0.07244	0.00529	0.00276	0.00672
3	0.00811	0.00603	0.00725	0.00682	0.00836	0.00584	0.00515	0.01193	0.12181	0.04022	0.50837	0.06967	0.16028	0.01037	0.00585	0.00165	0.00272	0.00902	0.00535	0.00522
4	0.00774	0.00611	0.00653	0.00622	0.00779	0.04034	0.00468	0.00952	0.01295	0.04733	0.37126	0.05837	0.38027	0.01119	0.00588	0.00164	0.00286	0.00953	0.00505	0.00473
5	0.00689	0.00522	0.00623	0.00643	0.00766	0.00480	0.00482	0.00896	0.03574	0.01602	0.26175	0.20253	0.29094	0.01239	0.00606	0.00179	0.00282	0.08141	0.03299	0.00455
6	0.00622	0.00446	0.00599	0.00710	0.00743	0.00423	0.00478	0.00715	0.00960	0.01284	0.02709	0.77538	0.03231	0.01705	0.04988	0.00239	0.00351	0.01389	0.00459	0.00413
7	0.01809	0.01242	0.01366	0.01087	0.01459	0.01355	0.00885	0.46214	0.21552	0.15251	0.01556	0.01468	0.01098	0.00630	0.00508	0.00158	0.00496	0.00494	0.00527	0.00845
8	0.17570	0.01304	0.01346	0.01057	0.01439	0.01449	0.00870	0.57707	0.05446	0.05179	0.01179	0.01185	0.00843	0.00585	0.00470	0.00154	0.00515	0.00428	0.00474	0.00799
9	0.03940	0.00967	0.01045	0.00878	0.01146	0.01030	0.00701	0.36935	0.04372	0.03825	0.07432	0.09800	0.11758	0.00832	0.00517	0.00158	0.00414	0.02231	0.11354	0.00663
10	0.00944	0.00746	0.00951	0.00877	0.00937	0.00880	0.00652	0.09493	0.00980	0.01364	0.01494	0.17212	0.01627	0.26763	0.09391	0.02957	0.21206	0.00734	0.00332	0.00463
11	0.12085	0.10503	0.01393	0.00958	0.01340	0.06097	0.00802	0.20709	0.01557	0.37458	0.01423	0.01333	0.00964	0.00574	0.00460	0.00148	0.00500	0.00428	0.00489	0.00781
12	0.00927	0.04711	0.06990	0.01080	0.01254	0.00996	0.09053	0.01139	0.00909	0.01327	0.04595	0.01757	0.01194	0.07515	0.30208	0.00434	0.19970	0.00526	0.04891	0.00523
13	0.04820	0.01761	0.40297	0.03130	0.01855	0.01072	0.11850	0.01482	0.03419	0.03191	0.06052	0.01617	0.01120	0.06507	0.03621	0.00214	0.04863	0.02196	0.00279	0.00653
14	0.01018	0.00946	0.01466	0.51080	0.13964	0.03004	0.01266	0.01351	0.03842	0.01390	0.01097	0.03888	0.00931	0.02768	0.00616	0.00177	0.04232	0.03083	0.03292	0.00588
15	0.01219	0.15639	0.01471	0.11871	0.03915	0.13235	0.00907	0.04822	0.05571	0.03376	0.04390	0.04660	0.09873	0.02973	0.00701	0.00170	0.11262	0.03030	0.00326	0.00588
16	0.04058	0.51031	0.09464	0.00935	0.01358	0.06265	0.02754	0.01475	0.01088	0.01380	0.06588	0.01185	0.02752	0.00502	0.00384	0.00120	0.00543	0.00359	0.00260	0.07496
17	0.01090	0.03442	0.16965	0.04010	0.05553	0.02386	0.08555	0.11039	0.04467	0.02827	0.12433	0.04338	0.13317	0.00772	0.00584	0.03262	0.00521	0.00628	0.00372	0.03438

[dist]
# distance from previous block
# <min> <max>
0	2

[block]
# block no. 4 follows, 49 sequences, length 17
# corresponding to MSA columns:
# 237-253
name=unknown_E
#
# <colnr> <probs for GDERKNQSTAVLIFYWHMCP>
#	G	D	E	R	K	N	Q	S	T	A	V	L	I	F	Y	W	H	M	C	P
0	0.08841	0.05980	0.04261	0.10821	0.07847	0.01094	0.09844	0.08542	0.07527	0.01778	0.10140	0.06217	0.01465	0.04121	0.03425	0.00196	0.03057	0.00566	0.00348	0.03929
1	0.38792	0.01249	0.09656	0.02767	0.04382	0.01231	0.00889	0.16275	0.07336	0.04958	0.01006	0.01113	0.00759	0.00625	0.02466	0.00177	0.04915	0.00378	0.00356	0.00669
2	0.07591	0.01096	0.04459	0.03781	0.02849	0.04264	0.00789	0.18441	0.15831	0.02081	0.03767	0.03720	0.06016	0.00768	0.03582	0.00171	0.00486	0.00516	0.08367	0.11425
3	0.01257	0.01048	0.01501	0.03709	0.06696	0.00955	0.12468	0.10194	0.01243	0.06874	0.01051	0.02544	0.00839	0.00477	0.00503	0.00120	0.03895	0.00416	0.00332	0.43876
4	0.00702	0.00488	0.00619	0.00651	0.00706	0.00481	0.00445	0.00796	0.00945	0.01291	0.11240	0.26136	0.07825	0.24648	0.12317	0.03404	0.00496	0.03046	0.03371	0.00393
5	0.01023	0.01006	0.05436	0.55385	0.08421	0.01111	0.03452	0.01340	0.01025	0.04129	0.01072	0.01453	0.03006	0.00685	0.03843	0.00196	0.06101	0.00473	0.00250	0.00593
6	0.00773	0.00561	0.00772	0.00759	0.00850	0.00630	0.00571	0.03679	0.00879	0.01252	0.01526	0.02264	0.03924	0.16187	0.58704	0.00686	0.01102	0.00585	0.03853	0.00443
7	0.00725	0.00537	0.00717	0.03657	0.03898	0.00525	0.00575	0.00912	0.02715	0.01497	0.14090	0.39485	0.10218	0.01372	0.03711	0.00211	0.00363	0.08049	0.06281	0.00462
8	0.01226	0.00702	0.00848	0.00765	0.00963	0.00690	0.00587	0.08230	0.07943	0.18870	0.15063	0.16599	0.04901	0.05064	0.00640	0.00181	0.00353	0.03266	0.12507	0.00600
9	0.06243	0.01321	0.01223	0.01026	0.01340	0.12938	0.00814	0.29786	0.23053	0.02345	0.01394	0.01404	0.01047	0.00598	0.00468	0.00148	0.00513	0.00454	0.09968	0.03917
10	0.01184	0.07910	0.16621	0.01139	0.05657	0.06012	0.04095	0.05934	0.03299	0.01689	0.03128	0.01158	0.00859	0.00456	0.00430	0.00115	0.00533	0.00367	0.00295	0.39117
11	0.03661	0.06314	0.10806	0.04006	0.04688	0.17550	0.02838	0.13472	0.07215	0.12062	0.01445	0.06792	0.03975	0.01486	0.00512	0.00156	0.00600	0.00514	0.01216	0.00692
12	0.01024	0.00744	0.00827	0.00771	0.00930	0.03483	0.00574	0.11125	0.06043	0.06620	0.14618	0.16644	0.12093	0.15187	0.02856	0.00244	0.00420	0.04809	0.00460	0.00527
13	0.07289	0.05821	0.12408	0.03603	0.10512	0.06952	0.14414	0.03863	0.11116	0.04526	0.02757	0.11097	0.01227	0.00652	0.00523	0.00163	0.01489	0.00580	0.00336	0.00672
14	0.04505	0.08025	0.15339	0.01663	0.20626	0.03317	0.05199	0.16211	0.02418	0.06995	0.01089	0.03708	0.00868	0.00557	0.00545	0.00154	0.04923	0.00453	0.00328	0.03076
15	0.04262	0.04316	0.11163	0.02880	0.08096	0.06478	0.07718	0.11807	0.04746	0.08638	0.07437	0.14259	0.04504	0.00759	0.00526	0.00163	0.00536	0.00657	0.00393	0.00663
16	0.01084	0.01083	0.06427	0.00950	0.01126	0.11778	0.00784	0.05819	0.04029	0.03263	0.15523	0.11363	0.04000	0.05888	0.05290	0.00227	0.12397	0.03741	0.04685	0.00544

[dist]
# distance from previous block
# <min> <max>
2	11

[block]
# block no. 5 follows, 49 sequences, length 6
# corresponding to MSA columns:
# 265-270
name=unknown_F
#
# <colnr> <probs for GDERKNQSTAVLIFYWHMCP>
#	G	D	E	R	K	N	Q	S	T	A	V	L	I	F	Y	W	H	M	C	P
0	0.06839	0.05559	0.08314	0.04356	0.12945	0.18182	0.07728	0.07035	0.01266	0.01663	0.07831	0.01581	0.06173	0.00615	0.00560	0.00153	0.05669	0.00489	0.02404	0.00635
1	0.00864	0.00634	0.07388	0.00710	0.00787	0.00508	0.00552	0.00788	0.00773	0.01076	0.05276	0.05104	0.01256	0.06804	0.01677	0.60119	0.00442	0.00522	0.04416	0.00305
2	0.01195	0.01198	0.03414	0.07739	0.26064	0.10745	0.02544	0.03370	0.11775	0.01647	0.03223	0.04440	0.06912	0.00640	0.00505	0.00151	0.00547	0.03079	0.02251	0.08562
3	0.01086	0.01463	0.26086	0.06623	0.11338	0.00986	0.10899	0.01485	0.02942	0.05474	0.01316	0.03709	0.04332	0.00708	0.04405	0.00182	0.00635	0.00494	0.05827	0.10009
4	0.00832	0.00661	0.00887	0.00972	0.05165	0.00721	0.00699	0.01079	0.07577	0.01401	0.04100	0.28434	0.02414	0.11796	0.03165	0.00260	0.10056	0.18890	0.00407	0.00485
5	0.04674	0.02147	0.54234	0.01477	0.08276	0.01203	0.01597	0.12904	0.01267	0.01866	0.01040	0.01334	0.00800	0.00544	0.00490	0.00162	0.00677	0.04284	0.00277	0.00746

[dist]
# distance from previous block
# <min> <max>
0	22

[block]
# block no. 6 follows, 49 sequences, length 17
# corresponding to MSA columns:
# 293-302,309-315
name=unknown_G
#
# <colnr> <probs for GDERKNQSTAVLIFYWHMCP>
#	G	D	E	R	K	N	Q	S	T	A	V	L	I	F	Y	W	H	M	C	P
0	0.18554	0.05935	0.04019	0.11246	0.08753	0.01042	0.06624	0.07650	0.02815	0.01876	0.07991	0.03436	0.05801	0.00619	0.00457	0.00153	0.00473	0.00515	0.11438	0.00602
1	0.03098	0.07582	0.03976	0.00762	0.00974	0.02798	0.00621	0.02691	0.01103	0.04806	0.09078	0.19887	0.14911	0.04452	0.08299	0.00237	0.00478	0.04544	0.00401	0.09302
2	0.00966	0.00746	0.01028	0.07335	0.04037	0.00817	0.03064	0.07995	0.05524	0.03590	0.07269	0.10847	0.04236	0.11726	0.20093	0.00370	0.04700	0.03603	0.01523	0.00532
3	0.00657	0.00511	0.00597	0.00629	0.00754	0.00458	0.00476	0.00806	0.01147	0.01455	0.14612	0.17411	0.41009	0.04475	0.00698	0.00197	0.00302	0.12896	0.00475	0.00433
4	0.01036	0.00886	0.01074	0.00829	0.01150	0.00807	0.00657	0.03510	0.01007	0.01543	0.00966	0.01329	0.00872	0.08511	0.05026	0.00178	0.12094	0.00380	0.00294	0.57850
5	0.77614	0.00962	0.00822	0.00724	0.01029	0.01099	0.03536	0.01447	0.00880	0.02187	0.00836	0.05492	0.00717	0.00532	0.00343	0.00160	0.00404	0.00353	0.00320	0.00545
6	0.62665	0.01071	0.00940	0.00789	0.01127	0.01213	0.00651	0.18698	0.01233	0.06328	0.00884	0.00955	0.00653	0.00508	0.00366	0.00155	0.00430	0.00327	0.00372	0.00634
7	0.85801	0.00978	0.00743	0.00665	0.00978	0.01134	0.00548	0.01486	0.00861	0.02269	0.00704	0.00821	0.00548	0.00469	0.00313	0.00156	0.00391	0.00274	0.00313	0.00548
8	0.00837	0.00740	0.00693	0.00684	0.00784	0.10251	0.00478	0.00933	0.01016	0.01240	0.07739	0.06002	0.22810	0.31810	0.07779	0.00341	0.00524	0.04558	0.00372	0.00408
9	0.09441	0.00979	0.01134	0.00938	0.01281	0.01009	0.00755	0.04972	0.31621	0.39439	0.01877	0.01688	0.01290	0.00635	0.00493	0.00162	0.00419	0.00510	0.00550	0.00808
10	0.01183	0.01105	0.01629	0.11786	0.32624	0.07180	0.07489	0.03416	0.04310	0.03607	0.03102	0.12991	0.01276	0.00699	0.00576	0.03011	0.00578	0.00609	0.00315	0.02513
11	0.07182	0.04321	0.01689	0.06172	0.16819	0.05112	0.14955	0.08929	0.12579	0.01817	0.01416	0.05454	0.03689	0.00622	0.00511	0.00160	0.00573	0.03471	0.01431	0.03101
12	0.00633	0.00455	0.00590	0.00689	0.00730	0.00425	0.00466	0.00726	0.00981	0.01299	0.04548	0.66866	0.07932	0.07267	0.00780	0.00223	0.00310	0.04210	0.00460	0.00408
13	0.00783	0.00620	0.00751	0.00746	0.00795	0.03715	0.00526	0.00873	0.00832	0.01124	0.01646	0.13295	0.03277	0.33485	0.29058	0.00524	0.06501	0.00733	0.00312	0.00402
14	0.01298	0.11976	0.12365	0.06158	0.19471	0.09912	0.02560	0.01774	0.14170	0.06024	0.01233	0.05311	0.01019	0.00644	0.02054	0.00166	0.02361	0.00480	0.00318	0.00706
15	0.03304	0.08659	0.11742	0.01295	0.14710	0.02684	0.01966	0.03374	0.03487	0.08844	0.05681	0.18865	0.07235	0.02667	0.01979	0.00183	0.01612	0.00713	0.00373	0.00627
16	0.06798	0.00675	0.00725	0.00684	0.00840	0.00705	0.00518	0.14638	0.01258	0.01955	0.04251	0.18324	0.01794	0.05996	0.00599	0.00174	0.00340	0.03605	0.35600	0.00523

[dist]
# distance from previous block
# <min> <max>
5	7

[block]
# block no. 7 follows, 49 sequences, length 29
# corresponding to MSA columns:
# 323-351
name=unknown_H
#
# <colnr> <probs for GDERKNQSTAVLIFYWHMCP>
#	G	D	E	R	K	N	Q	S	T	A	V	L	I	F	Y	W	H	M	C	P
0	0.01297	0.00781	0.00919	0.00817	0.01044	0.03529	0.00643	0.03541	0.11427	0.23989	0.24033	0.06623	0.08837	0.02931	0.00614	0.00176	0.00376	0.07260	0.00534	0.00630
1	0.02765	0.00603	0.00731	0.00701	0.00845	0.00589	0.00534	0.03089	0.07774	0.03104	0.45959	0.09289	0.11566	0.03454	0.00649	0.00180	0.00298	0.06848	0.00517	0.00506
2	0.00648	0.00465	0.00598	0.00676	0.00726	0.00435	0.00461	0.00753	0.01018	0.01358	0.11725	0.55725	0.08558	0.10209	0.00847	0.00229	0.00313	0.04383	0.00462	0.00411
3	0.00771	0.00518	0.00646	0.00690	0.00767	0.00490	0.00481	0.02889	0.01037	0.05132	0.05589	0.43583	0.11176	0.17019	0.01004	0.00253	0.00352	0.06720	0.00450	0.00433
4	0.00900	0.00768	0.01176	0.13688	0.22258	0.00791	0.00961	0.01152	0.02151	0.01532	0.10472	0.12922	0.10208	0.01038	0.03415	0.00200	0.00491	0.13294	0.02018	0.00565
5	0.00730	0.00509	0.00644	0.00643	0.00678	0.00537	0.00422	0.00800	0.00788	0.01086	0.04471	0.02882	0.01758	0.52733	0.28619	0.00586	0.00771	0.00677	0.00304	0.00362
6	0.00982	0.00590	0.00642	0.00604	0.00750	0.00601	0.00459	0.08308	0.04159	0.02009	0.17063	0.06970	0.02079	0.00742	0.00440	0.00136	0.00276	0.00619	0.52053	0.00518
7	0.01696	0.01234	0.01322	0.01068	0.01396	0.04748	0.00861	0.53472	0.01978	0.08312	0.01456	0.11197	0.01215	0.00962	0.06463	0.00207	0.00590	0.00580	0.00482	0.00762
8	0.01047	0.08186	0.70461	0.01434	0.02148	0.01238	0.05461	0.01596	0.01071	0.01573	0.00899	0.01064	0.00647	0.00474	0.00475	0.00157	0.00738	0.00377	0.00216	0.00737
9	0.82029	0.00973	0.00763	0.00676	0.00992	0.01117	0.00556	0.01531	0.00887	0.05753	0.00762	0.00862	0.00579	0.00476	0.00322	0.00156	0.00393	0.00284	0.00327	0.00562
10	0.01349	0.69885	0.02394	0.00878	0.01271	0.07644	0.00842	0.01513	0.01051	0.01223	0.00775	0.00911	0.00701	0.00575	0.03396	0.00137	0.00586	0.00294	0.03945	0.00629
11	0.01889	0.02410	0.01433	0.01303	0.01563	0.80199	0.00977	0.02019	0.01433	0.01238	0.00782	0.00912	0.00651	0.00521	0.00456	0.00130	0.00912	0.00326	0.00261	0.00586
12	0.01070	0.00786	0.00923	0.08575	0.01235	0.00815	0.00680	0.13005	0.10971	0.07018	0.09917	0.03054	0.28165	0.01028	0.03600	0.00190	0.00419	0.03380	0.04578	0.00591
13	0.01276	0.03506	0.04459	0.00944	0.01380	0.03740	0.04688	0.08541	0.07931	0.07173	0.01101	0.01188	0.00853	0.00454	0.00425	0.00107	0.00461	0.00370	0.00350	0.51050
14	0.04273	0.65911	0.14481	0.00955	0.01425	0.01835	0.01013	0.01522	0.01024	0.01292	0.00734	0.00856	0.00644	0.00449	0.00371	0.00120	0.01927	0.00289	0.00219	0.00659
15	0.05879	0.00892	0.01158	0.00899	0.01276	0.00811	0.00740	0.07054	0.02703	0.67278	0.04598	0.01725	0.01325	0.00633	0.00503	0.00157	0.00429	0.00510	0.00600	0.00832
16	0.00791	0.00642	0.04119	0.00693	0.00832	0.00552	0.00536	0.03191	0.03236	0.03849	0.15159	0.21182	0.20189	0.15186	0.00938	0.00233	0.00354	0.05661	0.02194	0.00464
17	0.02728	0.07351	0.08059	0.04717	0.04961	0.04865	0.11626	0.05015	0.08752	0.10875	0.03382	0.13941	0.01517	0.00758	0.00527	0.00166	0.00537	0.05417	0.04157	0.00650
18	0.00662	0.00476	0.00612	0.00707	0.00770	0.00446	0.00508	0.00781	0.01018	0.01345	0.02977	0.54312	0.12391	0.04362	0.00709	0.00213	0.00323	0.13945	0.03022	0.00420
19	0.02134	0.00651	0.00807	0.00732	0.00931	0.00607	0.00557	0.01463	0.07104	0.24675	0.15519	0.16486	0.13434	0.06240	0.00688	0.00190	0.00342	0.02432	0.04421	0.00586
20	0.04515	0.12355	0.04287	0.12112	0.07788	0.25919	0.01040	0.12171	0.05052	0.05073	0.01005	0.01154	0.00786	0.00605	0.02432	0.00159	0.00686	0.00390	0.01802	0.00667
21	0.02676	0.01044	0.07934	0.02313	0.07009	0.05917	0.01778	0.07892	0.01105	0.01544	0.03742	0.12504	0.01473	0.03987	0.19309	0.00334	0.10865	0.03945	0.04069	0.00559
22	0.00696	0.00518	0.00645	0.00709	0.00784	0.00500	0.00492	0.02443	0.06183	0.01458	0.10372	0.59133	0.09804	0.02908	0.00660	0.00200	0.00301	0.01263	0.00479	0.00452
23	0.01821	0.12872	0.01601	0.01233	0.01529	0.62892	0.00961	0.08672	0.01464	0.01405	0.00810	0.00926	0.00670	0.00517	0.00443	0.00129	0.00831	0.00330	0.00277	0.00619
24	0.04837	0.09579	0.20187	0.04344	0.11317	0.07769	0.11409	0.05014	0.08596	0.05102	0.01098	0.03211	0.00868	0.00544	0.00533	0.00157	0.03975	0.00455	0.00299	0.00706
25	0.00811	0.00454	0.00650	0.00665	0.00684	0.00454	0.00450	0.00692	0.00738	0.00984	0.01394	0.12352	0.04742	0.06170	0.08255	0.58843	0.00490	0.00622	0.00272	0.00278
26	0.00756	0.00533	0.00688	0.00789	0.04010	0.00515	0.00526	0.04203	0.01057	0.01446	0.04862	0.50019	0.08016	0.05011	0.00751	0.03938	0.00331	0.04298	0.07806	0.00444
27	0.05130	0.05887	0.03984	0.06960	0.10999	0.21932	0.09589	0.05270	0.01199	0.03293	0.01016	0.04110	0.00897	0.00633	0.00681	0.00164	0.13590	0.03751	0.00285	0.00630
28	0.03324	0.05501	0.04251	0.00719	0.00853	0.00614	0.00557	0.00918	0.03112	0.01371	0.07339	0.36105	0.12517	0.08883	0.00855	0.05479	0.00363	0.04283	0.00410	0.02545

[dist]
# distance from previous block
# <min> <max>
2	18

[block]
# block no. 8 follows, 49 sequences, length 22
# corresponding to MSA columns:
# 392-413
name=unknown_I
#
# <colnr> <probs for GDERKNQSTAVLIFYWHMCP>
#	G	D	E	R	K	N	Q	S	T	A	V	L	I	F	Y	W	H	M	C	P
0	0.02988	0.06120	0.03347	0.06694	0.06868	0.09072	0.02001	0.07499	0.05617	0.07744	0.02361	0.06940	0.02778	0.12075	0.00800	0.00197	0.02408	0.02154	0.05992	0.06345
1	0.09421	0.11064	0.07091	0.02957	0.17216	0.07118	0.06476	0.04651	0.06568	0.01732	0.02660	0.01441	0.00993	0.00542	0.00463	0.00145	0.01408	0.03068	0.10246	0.04742
2	0.00760	0.00456	0.00622	0.00658	0.00690	0.00437	0.00446	0.00701	0.00838	0.01101	0.04051	0.25289	0.09863	0.06016	0.01411	0.42778	0.00376	0.02854	0.00338	0.00314
3	0.01150	0.01298	0.13637	0.09655	0.34369	0.02140	0.04379	0.05745	0.02946	0.03643	0.01664	0.01889	0.12442	0.00623	0.00521	0.00160	0.00579	0.02146	0.00310	0.00704
4	0.00844	0.00652	0.00819	0.00771	0.00931	0.00645	0.02917	0.03837	0.06424	0.03243	0.12546	0.07615	0.26494	0.07416	0.04735	0.02262	0.03140	0.11942	0.00441	0.02327
5	0.01049	0.00899	0.01049	0.00749	0.01198	0.00674	0.00599	0.01273	0.01049	0.01648	0.00899	0.01049	0.00749	0.00374	0.00374	0.00075	0.00374	0.00300	0.00300	0.85320
6	0.04470	0.01087	0.03035	0.01035	0.04570	0.03435	0.00815	0.19327	0.02360	0.06487	0.05046	0.01727	0.08117	0.00659	0.00612	0.00143	0.09940	0.02318	0.00387	0.24430
7	0.01826	0.01380	0.01521	0.01183	0.01540	0.01566	0.00978	0.68449	0.02189	0.02956	0.01149	0.01201	0.00837	0.00640	0.00641	0.00160	0.10033	0.00454	0.00472	0.00824
8	0.00878	0.00439	0.00659	0.00659	0.00659	0.00439	0.00439	0.00659	0.00659	0.00878	0.00878	0.01537	0.00878	0.01757	0.01976	0.85288	0.00439	0.00439	0.00220	0.00220
9	0.01411	0.01371	0.04389	0.12301	0.38118	0.10740	0.02971	0.12244	0.05478	0.04530	0.01057	0.01265	0.00825	0.00507	0.00499	0.00152	0.00635	0.00445	0.00310	0.00750
10	0.03886	0.00599	0.00752	0.00764	0.00821	0.00654	0.00543	0.04466	0.00948	0.01345	0.01987	0.39969	0.02263	0.18676	0.09132	0.00322	0.09116	0.00981	0.02339	0.00436
11	0.00732	0.00552	0.00683	0.00729	0.00820	0.00539	0.00515	0.01002	0.10086	0.01482	0.11804	0.50661	0.05431	0.05901	0.00724	0.00207	0.00318	0.03894	0.00470	0.03450
12	0.00869	0.00722	0.00689	0.00674	0.00716	0.09864	0.00427	0.00908	0.00827	0.01036	0.01467	0.02856	0.01625	0.62453	0.12409	0.00490	0.00652	0.00662	0.00296	0.00358
13	0.75850	0.01170	0.09999	0.00756	0.01120	0.01139	0.00703	0.01500	0.00885	0.02190	0.00728	0.00850	0.00559	0.00471	0.00333	0.00157	0.00433	0.00286	0.00301	0.00571
14	0.08518	0.01795	0.01457	0.01295	0.05357	0.37187	0.02819	0.26831	0.04745	0.03801	0.01011	0.01089	0.00771	0.00548	0.00470	0.00144	0.00705	0.00391	0.00363	0.00701
15	0.16149	0.05462	0.01122	0.02764	0.01230	0.03751	0.00723	0.05938	0.05579	0.08783	0.01338	0.02961	0.02266	0.00639	0.00504	0.00143	0.04515	0.09227	0.02179	0.24725
16	0.01105	0.00783	0.00940	0.00771	0.01046	0.00702	0.00593	0.05562	0.03210	0.10616	0.07431	0.10709	0.07041	0.09246	0.02109	0.00180	0.03580	0.00619	0.00401	0.33355
17	0.01153	0.07991	0.01238	0.00835	0.01217	0.02749	0.03426	0.04854	0.04332	0.04230	0.01065	0.01367	0.00922	0.10024	0.00655	0.00142	0.00444	0.00385	0.00320	0.52649
18	0.01029	0.03115	0.04160	0.09167	0.08150	0.00898	0.09205	0.05285	0.02728	0.03294	0.05569	0.21077	0.01678	0.00807	0.00570	0.00159	0.03329	0.02985	0.00357	0.16436
19	0.08212	0.08197	0.09841	0.01149	0.01529	0.07110	0.10931	0.10526	0.10644	0.13765	0.01529	0.07772	0.03266	0.00665	0.00500	0.00160	0.00559	0.02550	0.00398	0.00697
20	0.00684	0.00531	0.00639	0.00665	0.00794	0.00465	0.00483	0.00813	0.01054	0.01383	0.05161	0.38723	0.25512	0.03774	0.00661	0.00189	0.00311	0.07329	0.00446	0.10384
21	0.00726	0.00522	0.00710	0.00705	0.00769	0.00567	0.00506	0.00853	0.00860	0.01210	0.10524	0.02635	0.01866	0.29472	0.45136	0.00629	0.00937	0.00650	0.00316	0.00406

[dist]
# distance from previous block
# <min> <max>
0	1

# created by:
# /home/cegg/simao/soft/augustus-3.2.1/scripts/msa2prfl.pl ./align_prep/EOG091G0OFC.fa
