[name]
unknown

[dist]
# distance from previous block
# <min> <max>
0	39

[block]
# block no. 0 follows, 42 sequences, length 16
# corresponding to MSA columns:
# 39-54
name=unknown_A
#
# <colnr> <probs for GDERKNQSTAVLIFYWHMCP>
#	G	D	E	R	K	N	Q	S	T	A	V	L	I	F	Y	W	H	M	C	P
0	0.01208	0.01194	0.02159	0.36329	0.20370	0.01289	0.18950	0.01649	0.04671	0.01694	0.04165	0.01617	0.01037	0.00560	0.00590	0.00183	0.00745	0.00567	0.00295	0.00727
1	0.01393	0.01337	0.02284	0.03454	0.76712	0.01337	0.01727	0.01727	0.01281	0.01839	0.01059	0.01393	0.00891	0.00501	0.00557	0.00167	0.00669	0.00501	0.00279	0.00891
2	0.01289	0.01373	0.01041	0.00965	0.01165	0.29951	0.00724	0.01494	0.01539	0.01830	0.36077	0.03036	0.11642	0.00943	0.00592	0.00164	0.00552	0.00766	0.04286	0.00570
3	0.00692	0.00495	0.00659	0.00779	0.00818	0.00461	0.00523	0.00800	0.01107	0.01484	0.07332	0.75490	0.03814	0.01728	0.00715	0.00226	0.00323	0.01566	0.00528	0.00461
4	0.00816	0.00595	0.00893	0.00893	0.00987	0.00689	0.00689	0.00987	0.00893	0.01284	0.01472	0.02177	0.01378	0.04069	0.72910	0.06451	0.01439	0.00595	0.00298	0.00485
5	0.01206	0.09266	0.59927	0.01607	0.04642	0.01385	0.05238	0.04708	0.01250	0.01808	0.01072	0.03469	0.00823	0.00568	0.00533	0.00175	0.00789	0.00458	0.00263	0.00815
6	0.01663	0.12724	0.01814	0.24787	0.02332	0.40657	0.01221	0.01882	0.01355	0.01387	0.00891	0.01157	0.00733	0.00581	0.00571	0.00160	0.04763	0.00402	0.00269	0.00652
7	0.01397	0.03376	0.03962	0.06628	0.08725	0.01356	0.37936	0.06627	0.01359	0.06930	0.03817	0.01611	0.01067	0.00796	0.05239	0.00229	0.07251	0.00604	0.00336	0.00755
8	0.28294	0.14751	0.09937	0.00975	0.01438	0.05676	0.00903	0.04015	0.04609	0.02019	0.00957	0.01083	0.00767	0.00509	0.00415	0.00141	0.00542	0.00349	0.00328	0.22290
9	0.00834	0.00622	0.00878	0.00971	0.06114	0.00661	0.00639	0.00981	0.00980	0.01372	0.07495	0.11861	0.02122	0.24677	0.36583	0.00618	0.00946	0.00805	0.00361	0.00481
10	0.01227	0.04833	0.06548	0.01128	0.07826	0.00934	0.00878	0.03566	0.01219	0.01856	0.01006	0.01181	0.00829	0.00442	0.00438	0.00101	0.00481	0.00357	0.00324	0.64826
11	0.01505	0.80561	0.02949	0.00963	0.01444	0.02227	0.00963	0.01685	0.01143	0.01324	0.00782	0.00903	0.00722	0.00481	0.00361	0.00120	0.00602	0.00301	0.00241	0.00722
12	0.02102	0.02682	0.01595	0.01450	0.01740	0.77963	0.01087	0.02247	0.01595	0.01377	0.00870	0.01015	0.00725	0.00580	0.00507	0.00145	0.01015	0.00362	0.00290	0.00652
13	0.00824	0.00632	0.00942	0.00931	0.01027	0.00751	0.00728	0.01021	0.00902	0.01309	0.01472	0.02165	0.01376	0.04071	0.74463	0.00874	0.05108	0.00598	0.00299	0.00508
14	0.01102	0.00902	0.01013	0.00928	0.01159	0.00977	0.00712	0.02046	0.39808	0.02276	0.35211	0.03169	0.06441	0.00962	0.00617	0.00185	0.00359	0.00828	0.00591	0.00714
15	0.01517	0.74338	0.02847	0.01003	0.01457	0.05188	0.00979	0.01694	0.01150	0.01327	0.00784	0.00920	0.00723	0.00505	0.00426	0.00126	0.03746	0.00311	0.00243	0.00715

[dist]
# distance from previous block
# <min> <max>
0	1

[block]
# block no. 1 follows, 42 sequences, length 12
# corresponding to MSA columns:
# 56-67
name=unknown_B
#
# <colnr> <probs for GDERKNQSTAVLIFYWHMCP>
#	G	D	E	R	K	N	Q	S	T	A	V	L	I	F	Y	W	H	M	C	P
0	0.01430	0.06253	0.07279	0.08269	0.10150	0.02793	0.10860	0.13109	0.04096	0.04956	0.06047	0.01538	0.01178	0.00587	0.00570	0.00157	0.02575	0.00510	0.00375	0.17269
1	0.01680	0.01346	0.01652	0.21786	0.06899	0.01529	0.01209	0.38395	0.14999	0.02677	0.01406	0.01524	0.01032	0.00651	0.00564	0.00178	0.00626	0.00527	0.00465	0.00854
2	0.00818	0.00546	0.00614	0.00614	0.00614	0.00546	0.00341	0.00818	0.00818	0.01091	0.01773	0.03683	0.02046	0.80222	0.02864	0.00546	0.00546	0.00818	0.00341	0.00341
3	0.00700	0.00500	0.00669	0.00800	0.00839	0.00469	0.00547	0.00808	0.01092	0.01453	0.03094	0.75082	0.03691	0.01750	0.00722	0.00231	0.00339	0.06231	0.00522	0.00461
4	0.01198	0.07348	0.48243	0.05802	0.17078	0.01353	0.04817	0.01721	0.01196	0.01731	0.01027	0.01275	0.00781	0.00653	0.03259	0.00199	0.00809	0.00446	0.00251	0.00812
5	0.01274	0.25829	0.43712	0.01566	0.04584	0.01596	0.10596	0.01754	0.01195	0.01650	0.00959	0.01150	0.00739	0.00510	0.00499	0.00162	0.00772	0.00415	0.00246	0.00792
6	0.00716	0.00517	0.00684	0.00806	0.00863	0.00485	0.00571	0.00840	0.01121	0.01477	0.03245	0.64766	0.08160	0.01712	0.00723	0.00231	0.00351	0.11741	0.00522	0.00467
7	0.01228	0.01257	0.04678	0.37414	0.33652	0.01306	0.09142	0.01606	0.01212	0.01652	0.01039	0.01447	0.00818	0.00527	0.00570	0.00179	0.00740	0.00515	0.00265	0.00755
8	0.01326	0.01247	0.01994	0.18504	0.49283	0.01330	0.01554	0.01878	0.13633	0.01842	0.01252	0.01532	0.01000	0.00558	0.00561	0.00175	0.00648	0.00524	0.00322	0.00837
9	0.01996	0.02526	0.01519	0.01385	0.01667	0.72226	0.01038	0.02141	0.01572	0.01388	0.01228	0.01341	0.06334	0.00643	0.00519	0.00148	0.00961	0.00424	0.00307	0.00639
10	0.00877	0.00834	0.05730	0.03968	0.08505	0.00703	0.00773	0.04052	0.01358	0.01809	0.21251	0.19882	0.25672	0.01220	0.00649	0.00191	0.00392	0.01064	0.00496	0.00573
11	0.09804	0.01482	0.01469	0.03324	0.09017	0.21130	0.01049	0.04020	0.01199	0.01628	0.00990	0.01337	0.00869	0.01291	0.14412	0.00304	0.19136	0.00449	0.00298	0.06793

[dist]
# distance from previous block
# <min> <max>
5	7

[block]
# block no. 2 follows, 42 sequences, length 6
# corresponding to MSA columns:
# 75-80
name=unknown_C
#
# <colnr> <probs for GDERKNQSTAVLIFYWHMCP>
#	G	D	E	R	K	N	Q	S	T	A	V	L	I	F	Y	W	H	M	C	P
0	0.01636	0.12563	0.27962	0.01246	0.01799	0.06813	0.01296	0.06944	0.06589	0.18375	0.01369	0.01444	0.00997	0.02928	0.00582	0.00173	0.00662	0.00458	0.00397	0.05767
1	0.01623	0.00860	0.01073	0.00901	0.01192	0.00830	0.00715	0.06096	0.11825	0.30667	0.29676	0.02768	0.02869	0.00871	0.00593	0.00175	0.00391	0.00737	0.05373	0.00765
2	0.00749	0.00556	0.00667	0.00669	0.00780	0.00507	0.00473	0.00914	0.01308	0.01751	0.34701	0.16322	0.22920	0.13956	0.01024	0.00247	0.00325	0.01121	0.00535	0.00475
3	0.01286	0.00964	0.01291	0.09500	0.10388	0.01016	0.02476	0.14812	0.06790	0.06457	0.04251	0.12735	0.07294	0.10341	0.03753	0.04198	0.00567	0.00774	0.00442	0.00667
4	0.29070	0.06417	0.28031	0.01272	0.05762	0.01232	0.03832	0.01640	0.01108	0.04613	0.01179	0.07834	0.01027	0.04059	0.00584	0.00193	0.00613	0.00507	0.00323	0.00703
5	0.12475	0.01152	0.01295	0.01030	0.01419	0.01186	0.00842	0.27917	0.04548	0.28982	0.06966	0.01974	0.06229	0.00747	0.00550	0.00174	0.00495	0.00585	0.00584	0.00851

[dist]
# distance from previous block
# <min> <max>
0	2

[block]
# block no. 3 follows, 42 sequences, length 46
# corresponding to MSA columns:
# 83-96,98-129
name=unknown_D
#
# <colnr> <probs for GDERKNQSTAVLIFYWHMCP>
#	G	D	E	R	K	N	Q	S	T	A	V	L	I	F	Y	W	H	M	C	P
0	0.43885	0.01132	0.01067	0.00917	0.01265	0.01268	0.00741	0.11283	0.17100	0.08972	0.06176	0.01518	0.01259	0.00648	0.00462	0.00177	0.00454	0.00469	0.00470	0.00738
1	0.01119	0.00854	0.03468	0.12326	0.04631	0.00833	0.00857	0.09310	0.01415	0.07405	0.18784	0.25160	0.02788	0.02658	0.03482	0.00224	0.00493	0.00952	0.02619	0.00621
2	0.00731	0.00550	0.00677	0.00692	0.00813	0.00496	0.00501	0.00919	0.01370	0.01837	0.37640	0.25222	0.23714	0.01391	0.00679	0.00195	0.00287	0.01222	0.00567	0.00496
3	0.04943	0.01224	0.01233	0.01060	0.01379	0.05833	0.00836	0.20747	0.28799	0.06467	0.05880	0.04991	0.10022	0.00841	0.00571	0.00180	0.00489	0.00680	0.03028	0.00795
4	0.01324	0.04336	0.08332	0.04865	0.02434	0.07706	0.42728	0.01840	0.08334	0.01753	0.01553	0.01789	0.06968	0.00609	0.00650	0.00184	0.02902	0.00636	0.00324	0.00735
5	0.01286	0.01722	0.15755	0.04522	0.05911	0.01405	0.54562	0.01770	0.01280	0.01774	0.01095	0.01446	0.00824	0.00506	0.00676	0.00189	0.03631	0.00604	0.00274	0.00768
6	0.00701	0.00538	0.00623	0.00669	0.00774	0.00481	0.00464	0.00824	0.01187	0.01515	0.11105	0.33296	0.34422	0.09660	0.00912	0.00240	0.00326	0.01289	0.00513	0.00460
7	0.01703	0.01223	0.01220	0.00997	0.01311	0.05803	0.00801	0.41224	0.01999	0.02840	0.01515	0.01629	0.01137	0.00662	0.00492	0.00152	0.00501	0.00505	0.33518	0.00767
8	0.01227	0.00841	0.00925	0.00809	0.01046	0.00853	0.00632	0.19301	0.04275	0.04940	0.17402	0.06087	0.19774	0.00986	0.00577	0.00171	0.00372	0.00819	0.18317	0.00646
9	0.00903	0.00682	0.00830	0.00773	0.00943	0.00666	0.00591	0.04311	0.08977	0.02229	0.56585	0.04063	0.11759	0.01132	0.00654	0.00182	0.00308	0.03234	0.00600	0.00579
10	0.01124	0.00701	0.00799	0.00732	0.00932	0.00690	0.00562	0.02892	0.11587	0.09218	0.25427	0.03191	0.13418	0.00937	0.00560	0.00167	0.00319	0.00790	0.25337	0.00619
11	0.05636	0.00656	0.00769	0.00763	0.00923	0.00623	0.00559	0.03803	0.03158	0.08591	0.13823	0.33291	0.20839	0.03048	0.00700	0.00208	0.00346	0.01171	0.00541	0.00552
12	0.00817	0.00549	0.00629	0.00628	0.00636	0.00551	0.00361	0.00834	0.00851	0.01144	0.04653	0.03651	0.02150	0.74506	0.05404	0.00544	0.00568	0.00819	0.00350	0.00354
13	0.00971	0.00682	0.00834	0.00785	0.00942	0.00661	0.00585	0.09978	0.01523	0.03699	0.37124	0.18929	0.13135	0.01292	0.00760	0.05599	0.00342	0.01049	0.00558	0.00552
14	0.00984	0.00703	0.00826	0.00787	0.00973	0.00679	0.00595	0.04262	0.10432	0.06821	0.26229	0.16768	0.23531	0.01243	0.00655	0.00192	0.00337	0.02820	0.00571	0.00591
15	0.00880	0.00651	0.00751	0.00732	0.00899	0.00612	0.00542	0.03435	0.07128	0.04707	0.22120	0.19352	0.31606	0.03115	0.00711	0.00201	0.00325	0.01131	0.00554	0.00548
16	0.00854	0.00539	0.00679	0.00679	0.00691	0.00552	0.00422	0.00822	0.00809	0.01091	0.01551	0.03029	0.01712	0.52057	0.12193	0.20301	0.00654	0.00713	0.00313	0.00338
17	0.00972	0.00714	0.00934	0.00876	0.01024	0.00726	0.03083	0.04051	0.06552	0.04313	0.13862	0.18450	0.17604	0.02919	0.04788	0.10598	0.04701	0.02821	0.00477	0.00534
18	0.00909	0.00692	0.01060	0.00983	0.01106	0.00763	0.05471	0.03600	0.01016	0.01432	0.05446	0.06862	0.01656	0.05965	0.48310	0.09807	0.03410	0.00677	0.00333	0.00503
19	0.00791	0.00565	0.00774	0.00904	0.00982	0.00548	0.00705	0.00965	0.01181	0.01554	0.03044	0.44920	0.03492	0.01664	0.00746	0.00243	0.00418	0.35497	0.00520	0.00486
20	0.01245	0.24484	0.14549	0.01337	0.07768	0.07541	0.01162	0.01513	0.01110	0.01450	0.01117	0.04004	0.01018	0.01575	0.21136	0.00358	0.07207	0.00481	0.00273	0.00673
21	0.01648	0.05433	0.16837	0.01488	0.01945	0.24970	0.12277	0.09933	0.03391	0.06456	0.03847	0.01596	0.01112	0.00739	0.02858	0.00191	0.00829	0.03340	0.00359	0.00751
22	0.37198	0.17019	0.18471	0.01182	0.05822	0.04250	0.01109	0.03874	0.01146	0.02053	0.00928	0.01161	0.00755	0.00550	0.00428	0.00165	0.00598	0.02276	0.00307	0.00707
23	0.01152	0.03838	0.02755	0.05820	0.06389	0.07467	0.02700	0.03648	0.02333	0.03324	0.04177	0.18869	0.01750	0.01358	0.01164	0.29188	0.00546	0.02657	0.00360	0.00505
24	0.06251	0.00651	0.00757	0.00790	0.00929	0.00642	0.00576	0.01190	0.09359	0.03990	0.11208	0.39425	0.16533	0.01406	0.00661	0.00208	0.00344	0.04003	0.00532	0.00543
25	0.05613	0.04568	0.09712	0.03622	0.03697	0.01441	0.03686	0.33568	0.09766	0.07919	0.01430	0.03879	0.01083	0.00657	0.00541	0.00168	0.00597	0.00524	0.00471	0.07059
26	0.01225	0.00945	0.01128	0.00836	0.01282	0.00727	0.00660	0.01435	0.01164	0.06682	0.01159	0.04272	0.00990	0.00586	0.00554	0.05512	0.00422	0.00407	0.00359	0.69654
27	0.01444	0.10519	0.13240	0.04867	0.06828	0.10711	0.17712	0.08651	0.05612	0.03239	0.03992	0.03676	0.04026	0.00647	0.00591	0.00173	0.02399	0.00569	0.00348	0.00755
28	0.03458	0.01114	0.03090	0.01072	0.02448	0.07916	0.02933	0.04429	0.25135	0.05203	0.08103	0.14358	0.08103	0.01067	0.00736	0.07050	0.00492	0.02132	0.00489	0.00673
29	0.00821	0.00596	0.00715	0.00737	0.00871	0.00553	0.00532	0.01068	0.06106	0.04623	0.19290	0.33933	0.25202	0.01428	0.00676	0.00202	0.00315	0.01253	0.00553	0.00526
30	0.00759	0.00531	0.00655	0.00703	0.00746	0.00516	0.00457	0.00843	0.01019	0.01373	0.08432	0.33611	0.07098	0.32541	0.06556	0.00389	0.00481	0.01143	0.01726	0.00423
31	0.18640	0.00747	0.00809	0.00780	0.00971	0.00783	0.00593	0.01406	0.08718	0.06186	0.10504	0.15614	0.09166	0.01302	0.05680	0.06408	0.00446	0.02365	0.08316	0.00567
32	0.01288	0.00933	0.01240	0.01083	0.03190	0.00915	0.07290	0.09467	0.10996	0.11029	0.10365	0.08445	0.14270	0.06663	0.00782	0.00211	0.00475	0.05493	0.00513	0.05353
33	0.18776	0.01151	0.01180	0.00985	0.01318	0.01267	0.00786	0.25178	0.16410	0.09217	0.01584	0.01703	0.01205	0.05819	0.00649	0.00195	0.00485	0.00518	0.10796	0.00778
34	0.12048	0.00890	0.00972	0.00876	0.01108	0.00928	0.00669	0.18257	0.03425	0.08171	0.07073	0.24023	0.07230	0.04982	0.00694	0.00205	0.00423	0.00891	0.06487	0.00648
35	0.11339	0.00751	0.00858	0.00775	0.01012	0.00721	0.00599	0.03668	0.03303	0.18392	0.17716	0.13560	0.17660	0.01058	0.00589	0.00183	0.00360	0.00889	0.05932	0.00634
36	0.05648	0.00840	0.00933	0.00867	0.01072	0.00882	0.00660	0.12366	0.13039	0.04361	0.10887	0.18325	0.08020	0.06229	0.00744	0.00212	0.00405	0.04192	0.09683	0.00635
37	0.03442	0.01179	0.01237	0.01062	0.01390	0.03283	0.00840	0.16713	0.37513	0.09440	0.05450	0.02303	0.09192	0.00809	0.00570	0.00181	0.00468	0.00657	0.03443	0.00828
38	0.03731	0.00670	0.00792	0.00780	0.00936	0.00650	0.00569	0.03179	0.07660	0.07365	0.18788	0.29622	0.16166	0.05513	0.00771	0.00217	0.00351	0.01132	0.00546	0.00562
39	0.00915	0.00592	0.00735	0.00746	0.00867	0.00545	0.00529	0.02630	0.01268	0.08478	0.17336	0.36141	0.16151	0.09303	0.00896	0.00237	0.00350	0.01222	0.00540	0.00519
40	0.72239	0.01035	0.00834	0.00740	0.01076	0.01175	0.00606	0.01697	0.01018	0.07326	0.00961	0.01074	0.00727	0.00544	0.00366	0.00171	0.00424	0.00339	0.07021	0.00625
41	0.00805	0.00599	0.00884	0.00884	0.00977	0.00692	0.00678	0.00992	0.00898	0.01291	0.01526	0.02316	0.01453	0.09653	0.72622	0.00879	0.01439	0.00618	0.00304	0.00491
42	0.08755	0.00627	0.00725	0.00707	0.00850	0.00598	0.00510	0.01095	0.01265	0.06685	0.27316	0.18266	0.15500	0.13460	0.00979	0.00246	0.00354	0.01029	0.00521	0.00513
43	0.00955	0.00637	0.00783	0.00813	0.02832	0.00608	0.00565	0.05027	0.01268	0.06544	0.10167	0.29853	0.17324	0.08931	0.04082	0.00258	0.00412	0.01105	0.07301	0.00535
44	0.01017	0.00788	0.01073	0.03735	0.03161	0.00920	0.00783	0.08165	0.01081	0.01541	0.01434	0.02212	0.01360	0.15736	0.41880	0.00627	0.09821	0.00608	0.03513	0.00548
45	0.01426	0.13983	0.04535	0.14802	0.05545	0.05187	0.03418	0.01761	0.05696	0.14393	0.05565	0.02059	0.06447	0.05839	0.00679	0.00190	0.00575	0.00578	0.06621	0.00699

[dist]
# distance from previous block
# <min> <max>
2	20

[block]
# block no. 4 follows, 42 sequences, length 57
# corresponding to MSA columns:
# 167-180,188-208,213-218,220-235
name=unknown_E
#
# <colnr> <probs for GDERKNQSTAVLIFYWHMCP>
#	G	D	E	R	K	N	Q	S	T	A	V	L	I	F	Y	W	H	M	C	P
0	0.04805	0.04030	0.06209	0.34693	0.04996	0.07854	0.03218	0.10552	0.01419	0.06203	0.04698	0.01810	0.02900	0.00663	0.00559	0.00179	0.00688	0.03466	0.00356	0.00702
1	0.03535	0.01315	0.03123	0.02659	0.06265	0.09541	0.00974	0.09531	0.27974	0.03502	0.01931	0.07845	0.04557	0.00944	0.03130	0.00208	0.05141	0.03421	0.00461	0.03942
2	0.01035	0.00762	0.01059	0.20736	0.01701	0.00806	0.00840	0.02467	0.01256	0.08600	0.13402	0.13298	0.17487	0.04957	0.03529	0.00233	0.04013	0.00884	0.00451	0.02482
3	0.05634	0.00699	0.00872	0.00920	0.03837	0.00720	0.00640	0.06577	0.04616	0.01666	0.05324	0.23221	0.04593	0.07708	0.03886	0.18038	0.00476	0.06671	0.03404	0.00498
4	0.02794	0.09295	0.16040	0.03480	0.12237	0.04440	0.01235	0.03360	0.08394	0.16996	0.01546	0.04552	0.03095	0.00675	0.00608	0.00171	0.05147	0.00534	0.00402	0.04998
5	0.01485	0.64403	0.02618	0.01001	0.01423	0.05138	0.00952	0.04368	0.01239	0.01482	0.06621	0.01194	0.01085	0.00569	0.00471	0.00134	0.04452	0.00376	0.00284	0.00708
6	0.00945	0.00689	0.00835	0.00851	0.00976	0.00686	0.00619	0.12688	0.01392	0.01852	0.09247	0.47223	0.09140	0.04691	0.00776	0.00226	0.00386	0.05704	0.00530	0.00544
7	0.01282	0.01207	0.02071	0.19845	0.42023	0.01256	0.08953	0.04396	0.01317	0.01826	0.07295	0.01668	0.01226	0.00606	0.00616	0.02091	0.00676	0.00560	0.00311	0.00776
8	0.01601	0.01357	0.01387	0.04341	0.01615	0.06449	0.00954	0.24317	0.40337	0.02547	0.02014	0.04879	0.04112	0.00779	0.00574	0.00183	0.00537	0.00630	0.00534	0.00853
9	0.01430	0.00792	0.00997	0.00876	0.01112	0.00757	0.00677	0.07956	0.04994	0.23863	0.26179	0.12834	0.04965	0.06374	0.00781	0.00211	0.00403	0.03517	0.00598	0.00684
10	0.06288	0.00624	0.00756	0.00766	0.00906	0.00594	0.00562	0.02499	0.01285	0.08013	0.19215	0.34988	0.11829	0.03272	0.00707	0.00210	0.00345	0.03931	0.02673	0.00537
11	0.00994	0.00728	0.00910	0.00984	0.07217	0.00691	0.00677	0.01335	0.09093	0.07799	0.17922	0.12684	0.29635	0.01215	0.00652	0.00193	0.00365	0.05763	0.00540	0.00603
12	0.00874	0.00586	0.00684	0.00667	0.00725	0.00586	0.00430	0.03537	0.01079	0.01513	0.16483	0.06617	0.02643	0.49166	0.04940	0.00426	0.00498	0.00846	0.07274	0.00426
13	0.03770	0.00568	0.00697	0.00763	0.00852	0.00542	0.00532	0.00968	0.03385	0.03358	0.10511	0.50891	0.11322	0.06488	0.00822	0.00235	0.00345	0.02941	0.00520	0.00491
14	0.12983	0.00911	0.01046	0.00909	0.01203	0.00918	0.00714	0.05798	0.13699	0.25674	0.11938	0.13134	0.06862	0.00935	0.00577	0.00186	0.00414	0.00780	0.00576	0.00743
15	0.00806	0.00539	0.00627	0.00643	0.00662	0.00531	0.00384	0.00850	0.00929	0.01268	0.07664	0.14870	0.02519	0.59741	0.02290	0.00456	0.00482	0.00938	0.03423	0.00379
16	0.44551	0.01132	0.01045	0.00908	0.01248	0.01284	0.00732	0.10438	0.20298	0.05351	0.04089	0.01467	0.01163	0.00636	0.00452	0.00176	0.00448	0.00456	0.03396	0.00728
17	0.00831	0.00622	0.00862	0.00851	0.00913	0.00713	0.00624	0.00964	0.00883	0.01251	0.01595	0.05418	0.01636	0.26235	0.48256	0.00732	0.06138	0.00696	0.00318	0.00461
18	0.28287	0.00788	0.00749	0.00710	0.00916	0.00826	0.00531	0.05719	0.01178	0.01956	0.06218	0.12678	0.20929	0.12718	0.00878	0.00238	0.00397	0.00824	0.02928	0.00531
19	0.00776	0.00526	0.00643	0.00701	0.00732	0.00510	0.00450	0.00852	0.00997	0.01359	0.05462	0.35951	0.02905	0.36731	0.01661	0.00364	0.00426	0.03908	0.04633	0.00414
20	0.02129	0.01514	0.01641	0.01267	0.01709	0.01663	0.01043	0.66118	0.06266	0.08674	0.01460	0.01429	0.01026	0.00681	0.00564	0.00170	0.00601	0.00517	0.00573	0.00954
21	0.01167	0.01000	0.01167	0.00834	0.01334	0.00750	0.00667	0.01417	0.01167	0.01834	0.01000	0.01167	0.00834	0.00417	0.00417	0.00083	0.00417	0.00333	0.00333	0.83663
22	0.00765	0.00569	0.00714	0.00699	0.00834	0.00518	0.00523	0.00993	0.01479	0.02025	0.54045	0.11167	0.18638	0.01270	0.00673	0.00187	0.00283	0.03515	0.00589	0.00513
23	0.00686	0.00490	0.00653	0.00784	0.00816	0.00457	0.00522	0.00784	0.01077	0.01437	0.03102	0.79855	0.03722	0.01763	0.00718	0.00229	0.00326	0.01600	0.00522	0.00457
24	0.01290	0.01172	0.01893	0.07117	0.44381	0.01277	0.01443	0.01569	0.01193	0.03954	0.03878	0.01831	0.01200	0.00921	0.05733	0.00236	0.15020	0.04811	0.00311	0.00767
25	0.01481	0.01318	0.01333	0.03667	0.01577	0.06185	0.00936	0.07627	0.63879	0.02342	0.02099	0.01964	0.01575	0.00740	0.00568	0.00186	0.00502	0.00606	0.00544	0.00872
26	0.00686	0.00490	0.00653	0.00784	0.00816	0.00457	0.00522	0.00784	0.01077	0.01437	0.03102	0.79855	0.03722	0.01763	0.00718	0.00229	0.00326	0.01600	0.00522	0.00457
27	0.01423	0.01221	0.01286	0.01150	0.01472	0.01411	0.00896	0.05265	0.73382	0.02392	0.02261	0.02076	0.01694	0.00761	0.00572	0.00190	0.00451	0.00632	0.00572	0.00893
28	0.01317	0.25098	0.41824	0.01423	0.02069	0.05884	0.06630	0.03486	0.01257	0.01688	0.03761	0.01235	0.00903	0.00544	0.00497	0.00160	0.00758	0.00421	0.00267	0.00777
29	0.01811	0.01329	0.01442	0.01190	0.01573	0.01478	0.00955	0.31567	0.38901	0.10610	0.01909	0.01782	0.01381	0.00722	0.00568	0.00180	0.00518	0.00577	0.00582	0.00924
30	0.00702	0.00572	0.00622	0.00609	0.00783	0.00491	0.00457	0.00880	0.01371	0.01729	0.25783	0.05072	0.56271	0.01347	0.00665	0.00186	0.00279	0.01139	0.00550	0.00491
31	0.02094	0.01533	0.01641	0.01263	0.01700	0.01695	0.01042	0.71786	0.02585	0.03487	0.01371	0.01382	0.00977	0.00675	0.00556	0.00167	0.00604	0.00507	0.03996	0.00939
32	0.01400	0.01209	0.01273	0.01145	0.01463	0.01400	0.00891	0.02990	0.75695	0.02354	0.02291	0.02100	0.01718	0.00764	0.00573	0.00191	0.00445	0.00636	0.00573	0.00891
33	0.01505	0.80561	0.02949	0.00963	0.01444	0.02227	0.00963	0.01685	0.01143	0.01324	0.00782	0.00903	0.00722	0.00481	0.00361	0.00120	0.00602	0.00301	0.00241	0.00722
34	0.01437	0.01227	0.01294	0.01153	0.01478	0.01417	0.00900	0.06623	0.72002	0.02414	0.02243	0.02062	0.01679	0.00759	0.00572	0.00190	0.00454	0.00630	0.00572	0.00894
35	0.00686	0.00571	0.00599	0.00592	0.00773	0.00484	0.00444	0.00848	0.01331	0.01636	0.16805	0.05226	0.65307	0.01382	0.00665	0.00188	0.00282	0.01161	0.00538	0.00484
36	0.00850	0.00669	0.01056	0.00978	0.01101	0.00737	0.06760	0.01040	0.00925	0.01312	0.01521	0.02396	0.01467	0.16440	0.59212	0.00786	0.01303	0.00644	0.00307	0.00497
37	0.02305	0.01045	0.01330	0.01041	0.01455	0.00985	0.00852	0.11821	0.08641	0.57965	0.04962	0.01949	0.01518	0.00718	0.00570	0.00175	0.00485	0.00582	0.00665	0.00935
38	0.01148	0.00777	0.01014	0.01057	0.01247	0.00797	0.00904	0.04266	0.10579	0.08073	0.02771	0.05270	0.02813	0.01353	0.00727	0.00240	0.00510	0.55298	0.00541	0.00617
39	0.01759	0.01319	0.01424	0.01187	0.01562	0.01475	0.00949	0.28641	0.43350	0.09079	0.01949	0.01817	0.01419	0.00726	0.00569	0.00182	0.00510	0.00584	0.00580	0.00920
40	0.01350	0.00777	0.00941	0.00817	0.01030	0.00752	0.00610	0.06907	0.06690	0.20073	0.23036	0.03259	0.08700	0.21172	0.01188	0.00272	0.00429	0.00807	0.00552	0.00638
41	0.00920	0.00648	0.00769	0.00757	0.00865	0.00643	0.00534	0.05058	0.04288	0.03404	0.13605	0.15084	0.11712	0.29535	0.04332	0.00350	0.00473	0.06061	0.00472	0.00492
42	0.01012	0.00654	0.00902	0.00968	0.01119	0.00634	0.00821	0.01260	0.01358	0.08000	0.14678	0.09355	0.03442	0.01430	0.00739	0.00237	0.00465	0.51824	0.00549	0.00554
43	0.00784	0.00549	0.00710	0.00803	0.00852	0.00534	0.00574	0.00897	0.01061	0.01403	0.02684	0.37988	0.03107	0.24406	0.01355	0.00329	0.00442	0.20615	0.00469	0.00440
44	0.03763	0.00544	0.00675	0.00765	0.00839	0.00518	0.00527	0.00896	0.03040	0.01572	0.08987	0.61895	0.10685	0.01612	0.00692	0.00218	0.00325	0.01443	0.00525	0.00481
45	0.18863	0.00769	0.00837	0.00769	0.01003	0.00765	0.00597	0.01494	0.04763	0.14585	0.17353	0.09878	0.15495	0.04063	0.00660	0.00199	0.00375	0.03456	0.03466	0.00612
46	0.01508	0.01692	0.01683	0.01469	0.01561	0.25946	0.01186	0.01638	0.01095	0.01362	0.00780	0.01162	0.00734	0.00856	0.01421	0.00214	0.54354	0.00451	0.00260	0.00627
47	0.00687	0.00505	0.00644	0.00748	0.00809	0.00463	0.00508	0.00798	0.01129	0.01481	0.06322	0.65463	0.15007	0.01687	0.00708	0.00221	0.00318	0.01514	0.00526	0.00463
48	0.08453	0.00632	0.00700	0.00695	0.00875	0.00582	0.00523	0.01066	0.01278	0.07084	0.14108	0.19765	0.37020	0.01326	0.00644	0.00196	0.00327	0.03667	0.00532	0.00527
49	0.01031	0.00721	0.00798	0.00736	0.00817	0.00752	0.00473	0.11509	0.04187	0.01525	0.03700	0.03297	0.01963	0.63478	0.02383	0.00467	0.00545	0.00772	0.00390	0.00457
50	0.03813	0.00794	0.00978	0.00894	0.00964	0.00931	0.00653	0.06975	0.01008	0.01466	0.01454	0.02593	0.01513	0.39001	0.15212	0.00488	0.16585	0.00662	0.03526	0.00490
51	0.01483	0.54294	0.02603	0.01271	0.07600	0.06936	0.04738	0.01693	0.01187	0.01446	0.00849	0.01019	0.00755	0.00500	0.00457	0.00130	0.03271	0.00349	0.00259	0.09162
52	0.00804	0.00603	0.00904	0.00904	0.01005	0.00703	0.00703	0.01005	0.00904	0.01306	0.01507	0.02211	0.01407	0.04221	0.77992	0.00904	0.01507	0.00603	0.00301	0.00502
53	0.66372	0.04141	0.01023	0.03979	0.01275	0.01282	0.00702	0.04388	0.02430	0.08709	0.00960	0.01058	0.00717	0.00547	0.00387	0.00173	0.00465	0.00348	0.00381	0.00661
54	0.01369	0.00941	0.02492	0.01044	0.01325	0.00912	0.05803	0.08697	0.10733	0.16142	0.19431	0.10840	0.05659	0.01116	0.03796	0.00217	0.01805	0.04464	0.00548	0.02664
55	0.12682	0.06957	0.01556	0.01264	0.06108	0.12919	0.03137	0.17123	0.09593	0.05028	0.01252	0.03136	0.00994	0.00600	0.00493	0.00152	0.00599	0.00459	0.00409	0.15538
56	0.08313	0.01237	0.01554	0.01278	0.04650	0.05655	0.08185	0.17972	0.01742	0.33184	0.08928	0.01826	0.01508	0.00686	0.00564	0.00173	0.00571	0.00572	0.00552	0.00849

[dist]
# distance from previous block
# <min> <max>
0	79

[block]
# block no. 5 follows, 42 sequences, length 23
# corresponding to MSA columns:
# 342-364
name=unknown_F
#
# <colnr> <probs for GDERKNQSTAVLIFYWHMCP>
#	G	D	E	R	K	N	Q	S	T	A	V	L	I	F	Y	W	H	M	C	P
0	0.00853	0.00644	0.00812	0.00756	0.00927	0.00588	0.00563	0.01153	0.04996	0.02078	0.51852	0.15871	0.04334	0.01140	0.00638	0.00174	0.00302	0.01009	0.00567	0.10742
1	0.01932	0.01462	0.01576	0.01219	0.01661	0.01579	0.00998	0.57430	0.10569	0.03194	0.01410	0.01411	0.01026	0.00652	0.00545	0.00160	0.00574	0.00499	0.00535	0.11568
2	0.13890	0.11582	0.12007	0.04719	0.09367	0.07528	0.03167	0.21905	0.01592	0.02285	0.01038	0.01184	0.00798	0.00557	0.00490	0.00158	0.00656	0.00419	0.00361	0.06296
3	0.02003	0.01305	0.01474	0.01175	0.01575	0.01406	0.00958	0.40554	0.15596	0.19813	0.01729	0.01672	0.01224	0.00932	0.05703	0.00223	0.00615	0.00550	0.00578	0.00915
4	0.00757	0.00526	0.00684	0.00774	0.00843	0.00487	0.00539	0.00882	0.01158	0.03501	0.09654	0.59097	0.09739	0.03786	0.00767	0.00230	0.00338	0.05231	0.00530	0.00478
5	0.02139	0.01576	0.01689	0.01295	0.01745	0.01745	0.01070	0.74835	0.02646	0.03547	0.01351	0.01351	0.00957	0.00676	0.00563	0.00169	0.00619	0.00507	0.00563	0.00957
6	0.00695	0.00513	0.00636	0.00724	0.00790	0.00470	0.00489	0.00799	0.01114	0.01450	0.05563	0.56553	0.18628	0.07724	0.00871	0.00244	0.00333	0.01439	0.00511	0.00454
7	0.01991	0.02388	0.01548	0.01393	0.01696	0.61683	0.01055	0.06170	0.13541	0.01648	0.01123	0.01207	0.00896	0.00614	0.00521	0.00154	0.00903	0.00414	0.00350	0.00707
8	0.02020	0.01048	0.01301	0.01070	0.01432	0.01029	0.00884	0.22566	0.01823	0.38655	0.04150	0.06626	0.01788	0.00893	0.00609	0.00189	0.00511	0.11935	0.00620	0.00851
9	0.02463	0.01057	0.01367	0.01048	0.01486	0.00974	0.00866	0.14312	0.01777	0.65298	0.02081	0.01825	0.01323	0.00693	0.00565	0.00173	0.00501	0.00556	0.00675	0.00958
10	0.00763	0.00652	0.00673	0.00692	0.00863	0.02508	0.00522	0.00984	0.05119	0.01561	0.04794	0.16156	0.53916	0.01430	0.00673	0.00200	0.00337	0.07136	0.00519	0.00502
11	0.00834	0.00544	0.00608	0.00608	0.00617	0.00544	0.00344	0.00851	0.00842	0.01158	0.01777	0.03578	0.02006	0.74943	0.02700	0.00518	0.00527	0.00799	0.05848	0.00353
12	0.44712	0.01058	0.01079	0.00882	0.01273	0.01101	0.00727	0.05999	0.01328	0.34665	0.01432	0.01368	0.00965	0.00605	0.00453	0.00174	0.00464	0.00428	0.00509	0.00778
13	0.02221	0.01445	0.01607	0.01232	0.01679	0.01550	0.01018	0.59479	0.02425	0.19214	0.01536	0.01471	0.01050	0.00680	0.00564	0.00170	0.00589	0.00519	0.00591	0.00957
14	0.00758	0.00578	0.00701	0.00709	0.00845	0.00529	0.00528	0.00990	0.03301	0.01858	0.35967	0.18604	0.26065	0.01357	0.00678	0.00195	0.00301	0.04961	0.00566	0.00509
15	0.01026	0.00544	0.00586	0.00607	0.00738	0.00544	0.00476	0.01288	0.01199	0.02032	0.02019	0.02780	0.01731	0.00800	0.00455	0.00152	0.00303	0.12143	0.70054	0.00524
16	0.00686	0.00490	0.00653	0.00784	0.00816	0.00457	0.00522	0.00784	0.01077	0.01437	0.03102	0.79855	0.03722	0.01763	0.00718	0.00229	0.00326	0.01600	0.00522	0.00457
17	0.02463	0.00972	0.01304	0.01009	0.01438	0.00859	0.00831	0.02756	0.05696	0.72980	0.02224	0.01926	0.01411	0.00700	0.00566	0.00175	0.00477	0.00570	0.00690	0.00954
18	0.02139	0.01576	0.01689	0.01295	0.01745	0.01745	0.01070	0.74835	0.02646	0.03547	0.01351	0.01351	0.00957	0.00676	0.00563	0.00169	0.00619	0.00507	0.00563	0.00957
19	0.01063	0.01000	0.01688	0.78870	0.03876	0.01250	0.01563	0.01438	0.01125	0.01438	0.01000	0.01500	0.00750	0.00563	0.00563	0.00188	0.00750	0.00500	0.00250	0.00625
20	0.00686	0.00490	0.00653	0.00784	0.00816	0.00457	0.00522	0.00784	0.01077	0.01437	0.03102	0.79855	0.03722	0.01763	0.00718	0.00229	0.00326	0.01600	0.00522	0.00457
21	0.01610	0.01322	0.05629	0.01190	0.01666	0.03095	0.08014	0.16436	0.05480	0.13131	0.01319	0.01395	0.00976	0.00559	0.00547	0.00141	0.02708	0.00459	0.00431	0.33890
22	0.11707	0.01380	0.06447	0.13328	0.01940	0.01453	0.01092	0.23209	0.28858	0.02538	0.01548	0.01584	0.01144	0.00662	0.00538	0.00181	0.00568	0.00522	0.00470	0.00830

[dist]
# distance from previous block
# <min> <max>
0	14

[block]
# block no. 6 follows, 42 sequences, length 29
# corresponding to MSA columns:
# 379-407
name=unknown_G
#
# <colnr> <probs for GDERKNQSTAVLIFYWHMCP>
#	G	D	E	R	K	N	Q	S	T	A	V	L	I	F	Y	W	H	M	C	P
0	0.01868	0.01254	0.01430	0.03399	0.01600	0.01290	0.00921	0.35588	0.09617	0.16981	0.03746	0.01716	0.03565	0.00681	0.00547	0.00160	0.00526	0.00539	0.00544	0.14030
1	0.00888	0.00604	0.00800	0.03602	0.00957	0.00627	0.00578	0.05436	0.01035	0.01394	0.02016	0.30479	0.02248	0.18149	0.13308	0.15454	0.00616	0.00978	0.00394	0.00439
2	0.01231	0.01231	0.01724	0.01477	0.01477	0.01724	0.01231	0.01354	0.00862	0.01354	0.00739	0.01231	0.00739	0.00985	0.01847	0.00246	0.79192	0.00492	0.00246	0.00616
3	0.02134	0.01010	0.01274	0.01021	0.01408	0.00967	0.00828	0.07069	0.15862	0.51678	0.08713	0.02118	0.01773	0.00748	0.00576	0.00177	0.00462	0.00616	0.00658	0.00907
4	0.00810	0.00542	0.00616	0.00624	0.00626	0.00540	0.00352	0.00816	0.00834	0.01112	0.01855	0.08360	0.02149	0.75404	0.02733	0.00526	0.00532	0.00866	0.00352	0.00348
5	0.01463	0.00882	0.01056	0.00887	0.01167	0.00861	0.00703	0.15627	0.04860	0.19854	0.31333	0.03212	0.13775	0.00977	0.00618	0.00177	0.00393	0.00823	0.00611	0.00719
6	0.00827	0.00622	0.00788	0.00880	0.00981	0.00620	0.00661	0.01148	0.10047	0.01616	0.03132	0.46834	0.07805	0.01569	0.00713	0.00230	0.00388	0.20085	0.00527	0.00526
7	0.00711	0.00520	0.00668	0.00740	0.00816	0.00478	0.00513	0.00855	0.01229	0.01650	0.21589	0.52392	0.12620	0.01572	0.00699	0.00211	0.00307	0.01407	0.00547	0.00478
8	0.01501	0.01222	0.06046	0.01093	0.01436	0.01214	0.00911	0.16353	0.33847	0.09675	0.09327	0.07131	0.04082	0.00843	0.00584	0.00184	0.00473	0.00702	0.02554	0.00823
9	0.00888	0.00855	0.08101	0.00771	0.00939	0.02559	0.00622	0.01113	0.03877	0.01630	0.18631	0.08497	0.13503	0.25384	0.01338	0.02300	0.00443	0.00878	0.07173	0.00497
10	0.02412	0.01054	0.01355	0.01048	0.01479	0.00981	0.00863	0.12345	0.05807	0.63223	0.02108	0.01850	0.01353	0.00697	0.00566	0.00174	0.00496	0.00562	0.00672	0.00954
11	0.06199	0.00671	0.00805	0.00767	0.00949	0.00631	0.00582	0.03313	0.01384	0.11789	0.25419	0.18509	0.17827	0.03893	0.00719	0.00205	0.00353	0.04854	0.00559	0.00572
12	0.01165	0.01567	0.21407	0.01612	0.02097	0.01108	0.29327	0.03986	0.01327	0.04352	0.08693	0.14927	0.04208	0.00814	0.00633	0.00191	0.00702	0.00799	0.00375	0.00710
13	0.01012	0.00591	0.00706	0.00689	0.00830	0.00556	0.00510	0.01183	0.01229	0.09106	0.13536	0.09856	0.15491	0.11243	0.03522	0.03057	0.00394	0.05088	0.20885	0.00520
14	0.00818	0.00546	0.00614	0.00614	0.00614	0.00546	0.00341	0.00818	0.00818	0.01091	0.01773	0.03683	0.02046	0.80222	0.02864	0.00546	0.00546	0.00818	0.00341	0.00341
15	0.04342	0.00822	0.01079	0.00878	0.01204	0.00729	0.00707	0.02083	0.01566	0.47592	0.24822	0.02792	0.07165	0.00873	0.00595	0.00176	0.00401	0.00733	0.00652	0.00789
16	0.00698	0.00498	0.00667	0.00797	0.00835	0.00468	0.00543	0.00805	0.01089	0.01450	0.03095	0.75828	0.03696	0.01752	0.00722	0.00230	0.00337	0.05507	0.00522	0.00460
17	0.06314	0.00657	0.00841	0.00818	0.00914	0.00683	0.00585	0.07371	0.01046	0.04214	0.01611	0.18475	0.01671	0.06674	0.11209	0.34763	0.00594	0.00753	0.00367	0.00439
18	0.01167	0.01000	0.01167	0.00834	0.01334	0.00750	0.00667	0.01417	0.01167	0.01834	0.01000	0.01167	0.00834	0.00417	0.00417	0.00083	0.00417	0.00333	0.00333	0.83663
19	0.01004	0.00848	0.05701	0.03174	0.01148	0.00718	0.00718	0.06251	0.01285	0.03914	0.05071	0.12057	0.18168	0.07742	0.04607	0.00247	0.00485	0.09203	0.09179	0.08481
20	0.00729	0.00517	0.00678	0.00771	0.00815	0.00494	0.00524	0.00840	0.01092	0.01469	0.09268	0.56394	0.03525	0.12471	0.03818	0.00293	0.00403	0.04949	0.00498	0.00452
21	0.00995	0.00889	0.01449	0.28211	0.02254	0.00976	0.10469	0.01405	0.08370	0.01614	0.04160	0.23602	0.02049	0.01136	0.03429	0.00231	0.00623	0.07138	0.00397	0.00605
22	0.01429	0.01319	0.07238	0.14159	0.18108	0.01315	0.07644	0.11141	0.03444	0.08547	0.01403	0.04199	0.03247	0.00803	0.03070	0.00210	0.11008	0.00578	0.00365	0.00773
23	0.01443	0.01207	0.04235	0.12946	0.32307	0.01192	0.03424	0.09730	0.03739	0.09837	0.01580	0.08712	0.03313	0.00702	0.00575	0.00178	0.00608	0.00634	0.02836	0.00801
24	0.02848	0.00626	0.00717	0.00764	0.00866	0.03281	0.00544	0.00927	0.01174	0.01562	0.13048	0.38529	0.17907	0.04012	0.10211	0.00301	0.00488	0.01220	0.00491	0.00484
25	0.04064	0.01356	0.08301	0.11920	0.27017	0.05466	0.03360	0.06050	0.02724	0.01735	0.01139	0.01638	0.00982	0.03518	0.03183	0.08284	0.05578	0.02673	0.00302	0.00709
26	0.11237	0.04055	0.09258	0.11077	0.05812	0.03933	0.04560	0.08088	0.08442	0.18101	0.01389	0.01501	0.01010	0.00760	0.03399	0.00206	0.05468	0.00496	0.00418	0.00788
27	0.01349	0.01089	0.01387	0.05612	0.12530	0.05311	0.03635	0.11623	0.08332	0.04602	0.03827	0.04531	0.03876	0.03492	0.06496	0.07795	0.04511	0.00608	0.08717	0.00677
28	0.04267	0.01005	0.01226	0.01140	0.05888	0.03528	0.02998	0.03911	0.12930	0.10773	0.03778	0.04509	0.06781	0.09779	0.08220	0.00282	0.05078	0.01868	0.00437	0.11603

[dist]
# distance from previous block
# <min> <max>
4	29

[block]
# block no. 7 follows, 42 sequences, length 47
# corresponding to MSA columns:
# 444-448,453-460,468-487,489-502
name=unknown_H
#
# <colnr> <probs for GDERKNQSTAVLIFYWHMCP>
#	G	D	E	R	K	N	Q	S	T	A	V	L	I	F	Y	W	H	M	C	P
0	0.00762	0.03806	0.03105	0.00842	0.00933	0.00579	0.00633	0.00906	0.01129	0.01503	0.05735	0.62779	0.03514	0.01626	0.00703	0.00224	0.00373	0.09853	0.00506	0.00489
1	0.09393	0.00670	0.00858	0.00819	0.00970	0.00661	0.00605	0.01312	0.01090	0.17062	0.04793	0.19853	0.02015	0.07487	0.09240	0.18483	0.00548	0.03162	0.00448	0.00530
2	0.01602	0.03421	0.01358	0.01111	0.01438	0.08433	0.00881	0.25769	0.23781	0.04306	0.04891	0.03633	0.05310	0.02866	0.04270	0.00215	0.00589	0.00614	0.02651	0.02859
3	0.00815	0.00740	0.03844	0.02403	0.01014	0.00630	0.01802	0.03442	0.04202	0.01816	0.23301	0.10964	0.40423	0.01264	0.00655	0.00189	0.00343	0.01082	0.00530	0.00542
4	0.01891	0.07581	0.01645	0.01235	0.03230	0.04659	0.00989	0.51984	0.04981	0.02897	0.01295	0.01393	0.00975	0.00785	0.00705	0.08580	0.00603	0.00488	0.03248	0.00836
5	0.03161	0.00889	0.01190	0.03034	0.01344	0.00888	0.07049	0.05430	0.10189	0.05738	0.04817	0.14730	0.10656	0.06039	0.03749	0.00238	0.02671	0.07421	0.00462	0.10306
6	0.07362	0.00938	0.02623	0.00848	0.01098	0.04773	0.00668	0.03331	0.14067	0.03966	0.24524	0.07653	0.18678	0.01018	0.00596	0.00177	0.00392	0.00854	0.00521	0.05913
7	0.30395	0.00886	0.00897	0.00812	0.01083	0.00919	0.00641	0.04336	0.04724	0.07829	0.07642	0.09569	0.05731	0.05390	0.00646	0.00200	0.00421	0.06658	0.03218	0.08005
8	0.01825	0.00944	0.01179	0.01000	0.01314	0.00920	0.00796	0.11948	0.09622	0.36594	0.05281	0.15401	0.02053	0.03002	0.00669	0.00199	0.00464	0.05372	0.00612	0.00805
9	0.00973	0.00656	0.00805	0.00755	0.00927	0.00627	0.00573	0.05753	0.01395	0.07161	0.25932	0.09642	0.24064	0.01628	0.10406	0.04479	0.00480	0.00958	0.02239	0.00548
10	0.00848	0.00623	0.00841	0.00860	0.00972	0.00598	0.03396	0.02864	0.05192	0.03682	0.13872	0.53723	0.07355	0.01498	0.00690	0.00213	0.00357	0.01351	0.00536	0.00529
11	0.00797	0.00549	0.00691	0.00715	0.00750	0.00568	0.00467	0.00874	0.00899	0.01240	0.01957	0.17465	0.02180	0.44188	0.21112	0.00563	0.00736	0.00901	0.02939	0.00409
12	0.04448	0.00736	0.00893	0.00806	0.01037	0.00684	0.00615	0.03182	0.04830	0.22925	0.16636	0.17279	0.18567	0.03885	0.00705	0.00201	0.00373	0.00970	0.00579	0.00648
13	0.01156	0.00734	0.00880	0.00840	0.01014	0.00718	0.00624	0.12508	0.01433	0.10404	0.07366	0.35360	0.11414	0.05432	0.00763	0.00217	0.00393	0.02901	0.05247	0.00597
14	0.04479	0.00726	0.00850	0.00799	0.00991	0.00713	0.00599	0.04254	0.09326	0.11228	0.20051	0.20526	0.13804	0.04303	0.00712	0.00204	0.00359	0.00997	0.04468	0.00609
15	0.03654	0.00790	0.00962	0.00931	0.01050	0.00885	0.00705	0.03196	0.10784	0.01725	0.10025	0.31509	0.14251	0.01307	0.00879	0.00213	0.15005	0.01077	0.00482	0.00571
16	0.08002	0.00614	0.00712	0.00719	0.00856	0.00581	0.00517	0.01056	0.01217	0.06779	0.16672	0.28223	0.19239	0.10118	0.00894	0.00238	0.00353	0.02181	0.00517	0.00509
17	0.05106	0.02761	0.00916	0.00779	0.00932	0.00838	0.00552	0.12339	0.02666	0.06944	0.06146	0.03048	0.03762	0.44011	0.01807	0.00375	0.00512	0.02337	0.03635	0.00535
18	0.00713	0.00552	0.00651	0.00669	0.00801	0.00489	0.00485	0.00885	0.01333	0.01741	0.28285	0.23596	0.34940	0.01419	0.00678	0.00195	0.00289	0.01235	0.00554	0.00489
19	0.01750	0.03709	0.01585	0.01320	0.01636	0.29183	0.04470	0.13845	0.21560	0.03221	0.01485	0.01539	0.02678	0.00687	0.00630	0.00170	0.06074	0.00507	0.03184	0.00766
20	0.00777	0.00533	0.00627	0.00663	0.00740	0.00501	0.00447	0.00901	0.01129	0.01559	0.12870	0.28724	0.15069	0.20991	0.01194	0.00282	0.00358	0.01123	0.11065	0.00450
21	0.06084	0.00566	0.00663	0.00719	0.00824	0.00531	0.00502	0.00908	0.01155	0.03106	0.08987	0.45455	0.21142	0.05704	0.00789	0.00228	0.00334	0.01311	0.00512	0.00481
22	0.01017	0.00528	0.00532	0.00532	0.00658	0.00523	0.00392	0.01258	0.01163	0.02010	0.02014	0.02351	0.05021	0.05526	0.00556	0.00159	0.00281	0.00574	0.74394	0.00511
23	0.01197	0.01018	0.01183	0.00848	0.01347	0.00781	0.00679	0.03723	0.01213	0.01888	0.01011	0.01173	0.00837	0.00425	0.00421	0.00086	0.00423	0.00339	0.00341	0.81065
24	0.00986	0.00623	0.00821	0.03746	0.01024	0.00622	0.00618	0.01180	0.03488	0.08688	0.09440	0.22818	0.08087	0.08631	0.12700	0.04771	0.00565	0.04821	0.05846	0.00526
25	0.00832	0.00522	0.00696	0.00751	0.00807	0.00513	0.00530	0.00868	0.00995	0.01366	0.02377	0.29552	0.08048	0.04865	0.08101	0.24120	0.00491	0.06066	0.08091	0.00408
26	0.00759	0.00528	0.00664	0.00719	0.00748	0.00521	0.00462	0.00832	0.00975	0.01316	0.05847	0.36561	0.02867	0.35470	0.08790	0.00424	0.00527	0.01146	0.00429	0.00415
27	0.00787	0.00621	0.00757	0.00778	0.03704	0.00567	0.00550	0.01049	0.03920	0.01946	0.42643	0.06822	0.31319	0.01234	0.00659	0.00184	0.00296	0.01066	0.00566	0.00534
28	0.01177	0.01025	0.01633	0.32201	0.15522	0.01175	0.04054	0.02798	0.03145	0.03913	0.01440	0.04894	0.05701	0.00844	0.00886	0.08106	0.09928	0.00598	0.00312	0.00647
29	0.00912	0.00602	0.00925	0.00908	0.01002	0.00581	0.06279	0.00979	0.01034	0.04307	0.02221	0.39929	0.02455	0.01774	0.06162	0.20956	0.00503	0.03826	0.04190	0.00455
30	0.01314	0.01493	0.03254	0.02332	0.02888	0.01403	0.72640	0.01781	0.01317	0.01789	0.01149	0.01537	0.00869	0.00577	0.02784	0.00209	0.00964	0.00662	0.00285	0.00752
31	0.01298	0.03201	0.03715	0.15400	0.16859	0.06069	0.07878	0.05713	0.04323	0.04078	0.04277	0.12758	0.01462	0.00738	0.00572	0.00172	0.00624	0.00666	0.00367	0.09831
32	0.00905	0.02152	0.01055	0.03908	0.01135	0.00896	0.00770	0.01065	0.00925	0.01333	0.01531	0.09931	0.01552	0.12001	0.40204	0.00604	0.15937	0.00696	0.02890	0.00510
33	0.01393	0.01337	0.02284	0.03454	0.76712	0.01337	0.01727	0.01727	0.01281	0.01839	0.01059	0.01393	0.00891	0.00501	0.00557	0.00167	0.00669	0.00501	0.00279	0.00891
34	0.01584	0.29414	0.17894	0.03892	0.01851	0.24827	0.03226	0.04229	0.01327	0.01520	0.00916	0.01127	0.00768	0.02605	0.00564	0.00160	0.02723	0.00385	0.00270	0.00717
35	0.02102	0.02682	0.01595	0.01450	0.01740	0.77963	0.01087	0.02247	0.01595	0.01377	0.00870	0.01015	0.00725	0.00580	0.00507	0.00145	0.01015	0.00362	0.00290	0.00652
36	0.00665	0.00570	0.00570	0.00570	0.00760	0.00475	0.00428	0.00808	0.01283	0.01520	0.05701	0.05416	0.76483	0.01425	0.00665	0.00190	0.00285	0.01188	0.00523	0.00475
37	0.01074	0.01014	0.01457	0.01280	0.01365	0.03349	0.05336	0.01253	0.00928	0.01361	0.01101	0.01669	0.01037	0.02355	0.34943	0.00527	0.38555	0.00547	0.00274	0.00576
38	0.84197	0.01088	0.00827	0.00740	0.01088	0.01262	0.00609	0.01654	0.00958	0.02525	0.00784	0.00914	0.00609	0.00522	0.00348	0.00174	0.00435	0.00305	0.00348	0.00609
39	0.01167	0.01000	0.01167	0.00834	0.01334	0.00750	0.00667	0.01417	0.01167	0.01834	0.01000	0.01167	0.00834	0.00417	0.00417	0.00083	0.00417	0.00333	0.00333	0.83663
40	0.00978	0.00489	0.00733	0.00733	0.00733	0.00489	0.00489	0.00733	0.00733	0.00978	0.00978	0.01711	0.00978	0.01955	0.02199	0.83627	0.00489	0.00489	0.00244	0.00244
41	0.01490	0.77590	0.05794	0.00987	0.01482	0.02192	0.01006	0.01689	0.01145	0.01342	0.00791	0.00914	0.00722	0.00483	0.00368	0.00123	0.00611	0.00305	0.00241	0.00726
42	0.01129	0.02911	0.77306	0.01604	0.02436	0.01307	0.02079	0.01782	0.01188	0.01782	0.01010	0.01188	0.00713	0.00535	0.00535	0.00178	0.00832	0.00416	0.00238	0.00832
