[name]
unknown

[dist]
# distance from previous block
# <min> <max>
0	42

[block]
# block no. 0 follows, 43 sequences, length 31
# corresponding to MSA columns:
# 43-73
name=unknown_A
#
# <colnr> <probs for GDERKNQSTAVLIFYWHMCP>
#	G	D	E	R	K	N	Q	S	T	A	V	L	I	F	Y	W	H	M	C	P
0	0.03789	0.00813	0.01054	0.01308	0.13350	0.03852	0.00901	0.01196	0.01248	0.01644	0.02924	0.13061	0.14813	0.01291	0.00680	0.00218	0.00492	0.36341	0.00458	0.00564
1	0.03179	0.01319	0.01421	0.01298	0.08137	0.05845	0.00950	0.42228	0.04128	0.04179	0.03995	0.07381	0.01351	0.00737	0.00540	0.00165	0.00548	0.00590	0.11203	0.00806
2	0.01655	0.01319	0.01704	0.12992	0.19987	0.01441	0.01212	0.40030	0.01899	0.02563	0.01249	0.01573	0.00996	0.08011	0.00763	0.00203	0.00633	0.00525	0.00422	0.00823
3	0.39879	0.01080	0.01278	0.12850	0.15736	0.01203	0.01005	0.04304	0.03629	0.05180	0.01180	0.01662	0.00991	0.00630	0.00475	0.00180	0.00533	0.07164	0.00360	0.00681
4	0.00826	0.00535	0.00596	0.00596	0.00608	0.00535	0.00340	0.00850	0.00838	0.01166	0.01751	0.03480	0.01958	0.73131	0.02593	0.00499	0.00511	0.00779	0.08055	0.00352
5	0.00859	0.00656	0.00760	0.00701	0.00881	0.00613	0.00534	0.07830	0.01552	0.02073	0.43734	0.04314	0.31055	0.01188	0.00645	0.00178	0.00301	0.01016	0.00570	0.00541
6	0.01898	0.01551	0.01539	0.01247	0.01639	0.08722	0.01005	0.48250	0.23056	0.02964	0.01544	0.01505	0.01130	0.00680	0.00552	0.00170	0.00598	0.00521	0.00532	0.00896
7	0.01200	0.02844	0.70613	0.01564	0.02334	0.08426	0.01956	0.01796	0.01206	0.01717	0.00981	0.01153	0.00703	0.00530	0.00524	0.00172	0.00835	0.00404	0.00239	0.00802
8	0.04027	0.01221	0.01443	0.01248	0.06089	0.01277	0.00951	0.27774	0.17206	0.28156	0.03580	0.01728	0.01331	0.00687	0.00554	0.00173	0.00518	0.00551	0.00580	0.00906
9	0.01145	0.02647	0.66670	0.01788	0.09346	0.01295	0.05947	0.01750	0.01185	0.01760	0.01005	0.01205	0.00725	0.00520	0.00535	0.00175	0.00810	0.00430	0.00240	0.00820
10	0.00839	0.00548	0.00683	0.00731	0.00845	0.00490	0.00517	0.00964	0.01180	0.08438	0.06167	0.50166	0.23308	0.01528	0.00677	0.00208	0.00322	0.01352	0.00533	0.00502
11	0.01475	0.15985	0.33660	0.01212	0.01770	0.01263	0.01331	0.01950	0.06262	0.19333	0.05127	0.05641	0.01301	0.00662	0.00521	0.00168	0.00619	0.00528	0.00395	0.00798
12	0.01210	0.02726	0.72141	0.01536	0.02326	0.01252	0.01957	0.01822	0.01199	0.07231	0.01080	0.01221	0.00750	0.00538	0.00528	0.00175	0.00793	0.00420	0.00267	0.00827
13	0.01413	0.01256	0.07553	0.20424	0.19162	0.01158	0.16131	0.01774	0.01287	0.15382	0.04965	0.01663	0.01144	0.00703	0.03379	0.00202	0.00721	0.00559	0.00357	0.00765
14	0.01106	0.01045	0.01769	0.65257	0.17296	0.01246	0.01568	0.01467	0.01136	0.01488	0.00995	0.01457	0.00764	0.00543	0.00553	0.00181	0.00723	0.00492	0.00251	0.00663
15	0.01296	0.01358	0.05150	0.25189	0.44463	0.05058	0.06219	0.01649	0.01231	0.01668	0.01019	0.01383	0.00819	0.00514	0.00553	0.00171	0.00722	0.00493	0.00265	0.00779
16	0.01049	0.00963	0.01551	0.24599	0.26332	0.01018	0.03696	0.01351	0.02776	0.01581	0.02063	0.12684	0.12685	0.03032	0.00657	0.00195	0.00578	0.02188	0.00347	0.00656
17	0.01046	0.00984	0.01661	0.79205	0.03814	0.01230	0.01538	0.01415	0.01107	0.01415	0.00984	0.01477	0.00738	0.00554	0.00554	0.00185	0.00738	0.00492	0.00246	0.00615
18	0.01307	0.01494	0.03268	0.02334	0.02894	0.01401	0.75070	0.01774	0.01307	0.01774	0.01120	0.01494	0.00840	0.00467	0.00654	0.00187	0.00934	0.00654	0.00280	0.00747
19	0.01178	0.02771	0.73934	0.01550	0.02349	0.01263	0.01986	0.01800	0.01190	0.05454	0.01052	0.01204	0.00734	0.00534	0.00528	0.00175	0.00802	0.00416	0.00256	0.00825
20	0.01161	0.05646	0.72902	0.01540	0.02335	0.01306	0.01973	0.01776	0.01179	0.03770	0.01018	0.01178	0.00720	0.00529	0.00521	0.00173	0.00801	0.00409	0.00246	0.00818
21	0.00962	0.00481	0.00722	0.00722	0.00722	0.00481	0.00481	0.00722	0.00722	0.00962	0.00962	0.01684	0.00962	0.01924	0.02165	0.83886	0.00481	0.00481	0.00241	0.00241
22	0.01172	0.15861	0.65210	0.01473	0.02234	0.01437	0.01863	0.01738	0.01162	0.01679	0.00957	0.01122	0.00703	0.00517	0.00498	0.00166	0.00781	0.00390	0.00234	0.00801
23	0.01279	0.01229	0.02114	0.24355	0.54691	0.01295	0.03739	0.01623	0.01220	0.01699	0.01028	0.01404	0.00838	0.00509	0.00553	0.00171	0.00688	0.00498	0.00267	0.00801
24	0.00784	0.00566	0.00740	0.00697	0.00827	0.00523	0.00523	0.01045	0.01568	0.02221	0.76789	0.04137	0.05226	0.01132	0.00653	0.00174	0.00261	0.01002	0.00610	0.00523
25	0.01046	0.00984	0.01661	0.79205	0.03814	0.01230	0.01538	0.01415	0.01107	0.01415	0.00984	0.01477	0.00738	0.00554	0.00554	0.00185	0.00738	0.00492	0.00246	0.00615
26	0.01359	0.01262	0.01961	0.02680	0.52368	0.01306	0.03374	0.03429	0.18986	0.01949	0.01423	0.03566	0.01184	0.00608	0.00563	0.00174	0.00601	0.01991	0.00359	0.00857
27	0.01512	0.01024	0.03275	0.00886	0.01370	0.00774	0.00737	0.01760	0.01268	0.22429	0.01312	0.01350	0.00967	0.00488	0.00453	0.00109	0.00438	0.00393	0.00423	0.59032
28	0.01366	0.50976	0.27920	0.01183	0.01757	0.03798	0.01325	0.01697	0.01145	0.01456	0.00846	0.00993	0.00708	0.00505	0.00449	0.00141	0.02417	0.00340	0.00237	0.00743
29	0.01404	0.48270	0.05091	0.01497	0.02014	0.01863	0.29424	0.01705	0.01196	0.01496	0.00911	0.01128	0.00760	0.00473	0.00474	0.00146	0.00730	0.00436	0.00253	0.00728
30	0.01148	0.00984	0.01148	0.00820	0.01312	0.00738	0.00656	0.01395	0.01148	0.01805	0.00984	0.01148	0.00820	0.00410	0.00410	0.00082	0.00410	0.00328	0.00328	0.83922

[dist]
# distance from previous block
# <min> <max>
5	25

[block]
# block no. 1 follows, 43 sequences, length 76
# corresponding to MSA columns:
# 104-129,136-141,143-186
name=unknown_B
#
# <colnr> <probs for GDERKNQSTAVLIFYWHMCP>
#	G	D	E	R	K	N	Q	S	T	A	V	L	I	F	Y	W	H	M	C	P
0	0.01184	0.03385	0.28657	0.01235	0.04410	0.01000	0.03441	0.01647	0.04967	0.07174	0.16834	0.01884	0.01772	0.00643	0.00531	0.00153	0.00560	0.00542	0.00384	0.19594
1	0.00824	0.00655	0.01018	0.00955	0.01082	0.00732	0.05224	0.01027	0.00948	0.01343	0.03580	0.02390	0.05481	0.06636	0.63094	0.00766	0.02778	0.00644	0.00316	0.00505
2	0.01481	0.80869	0.02902	0.00948	0.01421	0.02191	0.00948	0.01658	0.01125	0.01303	0.00770	0.00888	0.00711	0.00474	0.00355	0.00118	0.00592	0.00296	0.00237	0.00711
3	0.07804	0.01216	0.01290	0.01035	0.01375	0.07569	0.00829	0.11057	0.02556	0.01942	0.01105	0.06005	0.00982	0.00649	0.00696	0.00143	0.14207	0.00459	0.00355	0.38724
4	0.01046	0.00984	0.01661	0.79205	0.03814	0.01230	0.01538	0.01415	0.01107	0.01415	0.00984	0.01477	0.00738	0.00554	0.00554	0.00185	0.00738	0.00492	0.00246	0.00615
5	0.01881	0.01373	0.01475	0.01143	0.01552	0.01483	0.00936	0.58640	0.03613	0.03150	0.01369	0.01411	0.00999	0.00641	0.00522	0.00155	0.00548	0.00487	0.10112	0.08510
6	0.00675	0.00482	0.00643	0.00771	0.00803	0.00450	0.00514	0.00771	0.01060	0.01414	0.03053	0.80175	0.03663	0.01735	0.00707	0.00225	0.00321	0.01574	0.00514	0.00450
7	0.00796	0.00576	0.00800	0.00800	0.00867	0.00643	0.00580	0.00931	0.00863	0.01219	0.01566	0.02633	0.01583	0.28283	0.54483	0.00779	0.01184	0.00660	0.00309	0.00444
8	0.01227	0.26013	0.53165	0.01414	0.02122	0.01559	0.03953	0.01726	0.01160	0.01620	0.00931	0.01096	0.00709	0.00509	0.00479	0.00159	0.00755	0.00383	0.00236	0.00784
9	0.01085	0.01024	0.01732	0.70049	0.12664	0.01241	0.01558	0.01449	0.01126	0.01463	0.00991	0.01464	0.00755	0.00546	0.00553	0.00182	0.00729	0.00492	0.00249	0.00647
10	0.00675	0.00482	0.00643	0.00771	0.00803	0.00450	0.00514	0.00771	0.01060	0.01414	0.03053	0.80175	0.03663	0.01735	0.00707	0.00225	0.00321	0.01574	0.00514	0.00450
11	0.01282	0.01714	0.16671	0.02378	0.15427	0.01365	0.49260	0.01758	0.01274	0.01776	0.01084	0.01414	0.00821	0.00482	0.00612	0.00181	0.00866	0.00582	0.00271	0.00782
12	0.01139	0.07215	0.70526	0.01573	0.02361	0.01342	0.04850	0.01749	0.01172	0.01729	0.00986	0.01166	0.00708	0.00521	0.00522	0.00173	0.00810	0.00412	0.00236	0.00810
13	0.01384	0.01609	0.03097	0.02243	0.02776	0.09129	0.67635	0.01818	0.01334	0.01732	0.01094	0.01444	0.00828	0.00477	0.00638	0.00182	0.00940	0.00624	0.00281	0.00736
14	0.01305	0.01249	0.02130	0.18637	0.62354	0.01299	0.01667	0.01642	0.01230	0.01730	0.01030	0.01392	0.00849	0.00506	0.00549	0.00169	0.00674	0.00493	0.00269	0.00825
15	0.01329	0.31189	0.13747	0.01442	0.05378	0.08580	0.14836	0.01632	0.01222	0.01530	0.02671	0.08642	0.01204	0.00663	0.00514	0.00161	0.00695	0.03573	0.00295	0.00699
16	0.01306	0.01246	0.02119	0.12497	0.65456	0.01274	0.01637	0.01632	0.01235	0.01747	0.01107	0.04216	0.00961	0.00545	0.00555	0.00169	0.00656	0.00532	0.00279	0.00830
17	0.01324	0.01269	0.02164	0.14230	0.66613	0.01304	0.01677	0.01659	0.01239	0.01753	0.01034	0.01386	0.00857	0.00502	0.00549	0.00167	0.00669	0.00493	0.00270	0.00840
18	0.01329	0.26298	0.15208	0.01782	0.02358	0.01627	0.40285	0.01735	0.01229	0.01625	0.00991	0.01254	0.00778	0.00479	0.00541	0.00164	0.00809	0.00503	0.00259	0.00747
19	0.01409	0.03331	0.15481	0.01276	0.01682	0.01001	0.13412	0.07521	0.01375	0.18459	0.02009	0.18402	0.04119	0.02830	0.00663	0.00198	0.00593	0.05062	0.00453	0.00723
20	0.01179	0.17331	0.63801	0.01462	0.02216	0.01454	0.01843	0.01736	0.01161	0.01670	0.00952	0.01117	0.00703	0.00516	0.00494	0.00165	0.00777	0.00388	0.00234	0.00799
21	0.00832	0.00616	0.00890	0.00965	0.05540	0.00677	0.00655	0.00971	0.00893	0.01260	0.01556	0.05258	0.01570	0.21969	0.50049	0.03720	0.01130	0.00669	0.00310	0.00469
22	0.01130	0.05626	0.72732	0.01579	0.02377	0.01322	0.04213	0.01751	0.01172	0.01738	0.00990	0.01169	0.00706	0.00523	0.00524	0.00174	0.00814	0.00413	0.00235	0.00812
23	0.01111	0.02865	0.77667	0.01579	0.02397	0.01286	0.02046	0.01754	0.01169	0.01754	0.00994	0.01169	0.00702	0.00526	0.00526	0.00175	0.00818	0.00409	0.00234	0.00818
24	0.01893	0.01331	0.06111	0.01543	0.02037	0.01189	0.27526	0.11568	0.04807	0.33639	0.01634	0.01644	0.01104	0.00599	0.00590	0.00177	0.00672	0.00579	0.00494	0.00863
25	0.01060	0.00960	0.01322	0.04051	0.05859	0.01224	0.00931	0.01162	0.00881	0.01282	0.01250	0.02178	0.03475	0.28057	0.02001	0.00334	0.42547	0.00615	0.00284	0.00527
26	0.01344	0.01288	0.02199	0.09710	0.70982	0.01309	0.01686	0.01676	0.01248	0.01777	0.01037	0.01380	0.00866	0.00498	0.00549	0.00166	0.00665	0.00493	0.00272	0.00855
27	0.00729	0.00505	0.00627	0.00702	0.00721	0.00486	0.00441	0.00785	0.00955	0.01274	0.02514	0.48662	0.02984	0.34174	0.01576	0.00353	0.00410	0.01258	0.00441	0.00403
28	0.01364	0.01309	0.02235	0.05084	0.75453	0.01314	0.01696	0.01693	0.01258	0.01801	0.01040	0.01373	0.00874	0.00495	0.00548	0.00165	0.00660	0.00493	0.00274	0.00871
29	0.02016	0.02552	0.01577	0.01428	0.01696	0.73621	0.01079	0.02158	0.01525	0.01354	0.00848	0.01012	0.00714	0.00595	0.00580	0.00149	0.05807	0.00365	0.00283	0.00640
30	0.00868	0.00650	0.00966	0.01037	0.01167	0.00638	0.04763	0.01100	0.01231	0.01611	0.02862	0.21820	0.03164	0.01517	0.00747	0.00245	0.00492	0.54115	0.00499	0.00510
31	0.00713	0.00563	0.00642	0.00622	0.00784	0.00492	0.00467	0.00907	0.01400	0.01822	0.37626	0.04793	0.44638	0.01281	0.00654	0.00181	0.00272	0.01094	0.00557	0.00492
32	0.01216	0.01158	0.01968	0.39551	0.42141	0.01275	0.01623	0.01564	0.01188	0.01621	0.01014	0.01421	0.00811	0.00522	0.00551	0.00174	0.00696	0.00493	0.00261	0.00752
33	0.84448	0.01071	0.00814	0.00728	0.01071	0.01242	0.00600	0.01628	0.00943	0.02485	0.00771	0.00900	0.00600	0.00514	0.00343	0.00171	0.00428	0.00300	0.00343	0.00600
34	0.00681	0.00487	0.00648	0.00767	0.00805	0.00454	0.00515	0.00787	0.01089	0.01459	0.07216	0.75882	0.03751	0.01701	0.00704	0.00222	0.00318	0.01542	0.00520	0.00454
35	0.01523	0.75234	0.02806	0.00982	0.01442	0.07675	0.00956	0.01698	0.01157	0.01307	0.00776	0.00896	0.00711	0.00481	0.00366	0.00120	0.00622	0.00301	0.00240	0.00706
36	0.02847	0.44981	0.23844	0.01164	0.01718	0.03310	0.01258	0.10106	0.01323	0.01723	0.02621	0.01094	0.00835	0.00528	0.00436	0.00143	0.00656	0.00369	0.00284	0.00760
37	0.06094	0.61428	0.17100	0.01056	0.01588	0.01965	0.01138	0.01675	0.01123	0.01456	0.00813	0.00943	0.00703	0.00486	0.00387	0.00132	0.00626	0.00318	0.00242	0.00725
38	0.01111	0.02865	0.77667	0.01579	0.02397	0.01286	0.02046	0.01754	0.01169	0.01754	0.00994	0.01169	0.00702	0.00526	0.00526	0.00175	0.00818	0.00409	0.00234	0.00818
39	0.01174	0.00883	0.01010	0.00893	0.01131	0.00925	0.00694	0.11271	0.22660	0.05060	0.37721	0.03201	0.09154	0.00969	0.00612	0.00178	0.00365	0.00828	0.00585	0.00688
40	0.07006	0.06924	0.27877	0.01557	0.07375	0.12937	0.05829	0.08106	0.05330	0.04589	0.01075	0.01233	0.00817	0.00585	0.00608	0.00171	0.06454	0.00438	0.00316	0.00773
41	0.00805	0.00538	0.00611	0.00611	0.00613	0.00541	0.00344	0.00810	0.00807	0.01079	0.01739	0.03589	0.01998	0.78695	0.04640	0.00545	0.00560	0.00800	0.00335	0.00339
42	0.00675	0.00482	0.00643	0.00771	0.00803	0.00450	0.00514	0.00771	0.01060	0.01414	0.03053	0.80175	0.03663	0.01735	0.00707	0.00225	0.00321	0.01574	0.00514	0.00450
43	0.01481	0.58332	0.16079	0.01104	0.01627	0.06303	0.01156	0.05626	0.01237	0.01503	0.00845	0.00968	0.00722	0.00499	0.00405	0.00133	0.00656	0.00330	0.00256	0.00738
44	0.00936	0.05949	0.28304	0.01167	0.01541	0.00930	0.05651	0.01288	0.03016	0.01561	0.02007	0.38081	0.02162	0.03964	0.00692	0.00209	0.00561	0.00980	0.00379	0.00620
45	0.00783	0.00565	0.00726	0.00686	0.00819	0.00520	0.00514	0.01038	0.01543	0.02180	0.71438	0.04153	0.08846	0.01135	0.00647	0.00174	0.00262	0.00999	0.02453	0.00520
46	0.01727	0.41457	0.08817	0.01120	0.01610	0.01867	0.01072	0.27860	0.01680	0.06419	0.01068	0.01126	0.00829	0.00558	0.00452	0.00143	0.00611	0.00393	0.00375	0.00815
47	0.01196	0.01284	0.08286	0.45478	0.09262	0.01266	0.19005	0.01601	0.01191	0.04544	0.01069	0.01463	0.00795	0.00531	0.00575	0.00182	0.00774	0.00526	0.00273	0.00697
48	0.01382	0.01355	0.01935	0.12526	0.07087	0.07771	0.20466	0.09745	0.17620	0.01969	0.03525	0.01839	0.05775	0.00666	0.00635	0.00181	0.03779	0.00607	0.00387	0.00749
49	0.01317	0.01361	0.02618	0.09361	0.40356	0.01344	0.31890	0.01706	0.01267	0.01762	0.01069	0.01430	0.00850	0.00488	0.00592	0.00175	0.00778	0.00559	0.00274	0.00802
50	0.01127	0.01083	0.13017	0.01045	0.01333	0.00828	0.00977	0.09636	0.01399	0.07646	0.02710	0.15394	0.10811	0.01225	0.00666	0.00214	0.00513	0.29264	0.00486	0.00627
51	0.02977	0.03089	0.21630	0.01553	0.14657	0.02474	0.02947	0.01570	0.03095	0.10033	0.01768	0.25155	0.01728	0.00924	0.00635	0.00189	0.03674	0.00801	0.00389	0.00712
52	0.01269	0.01271	0.17585	0.01002	0.01358	0.05508	0.00961	0.01561	0.01365	0.17651	0.14724	0.08534	0.16491	0.01001	0.00610	0.00185	0.00502	0.07267	0.00490	0.00666
53	0.01257	0.06774	0.63086	0.01538	0.02291	0.01301	0.06007	0.01829	0.01210	0.08080	0.01089	0.01233	0.00766	0.00533	0.00527	0.00173	0.00784	0.00429	0.00274	0.00819
54	0.01321	0.01176	0.01988	0.23706	0.34437	0.01237	0.09486	0.04316	0.03968	0.06023	0.01276	0.06291	0.01065	0.00609	0.00572	0.00177	0.00669	0.00585	0.00325	0.00771
55	0.01226	0.01413	0.08140	0.20386	0.17080	0.01317	0.35360	0.01642	0.01227	0.01679	0.01106	0.03426	0.00883	0.00537	0.00622	0.00183	0.02177	0.00588	0.00273	0.00736
56	0.01209	0.01203	0.06481	0.29950	0.28890	0.01181	0.05867	0.01585	0.03112	0.04818	0.01478	0.04539	0.06010	0.00635	0.00569	0.00178	0.00662	0.00587	0.00311	0.00732
57	0.01182	0.01157	0.02693	0.30211	0.02244	0.11497	0.02511	0.04982	0.02882	0.01537	0.01685	0.06735	0.06857	0.00979	0.02058	0.05741	0.05314	0.08809	0.00339	0.00587
58	0.01174	0.12762	0.20192	0.05857	0.01845	0.01170	0.11923	0.01584	0.05426	0.06523	0.01888	0.16225	0.06520	0.00854	0.00577	0.00183	0.00615	0.03622	0.00370	0.00689
59	0.01125	0.05926	0.74732	0.01554	0.02359	0.01322	0.02003	0.01750	0.01168	0.01736	0.00985	0.01158	0.00702	0.00524	0.00519	0.00173	0.00810	0.00405	0.00234	0.00814
60	0.01172	0.15696	0.65369	0.01475	0.02237	0.01435	0.01866	0.01738	0.01162	0.01680	0.00957	0.01123	0.00703	0.00518	0.00498	0.00166	0.00781	0.00391	0.00234	0.00801
61	0.01304	0.01383	0.17215	0.14337	0.22221	0.01081	0.03109	0.01651	0.01231	0.12597	0.01547	0.12890	0.01377	0.00763	0.00600	0.00185	0.01869	0.03527	0.00364	0.00750
62	0.01277	0.05584	0.06155	0.09721	0.42728	0.01332	0.14221	0.01622	0.01221	0.01699	0.01180	0.04522	0.02265	0.00576	0.00608	0.00174	0.03488	0.00560	0.00281	0.00785
63	0.01054	0.02554	0.67426	0.01458	0.02183	0.01178	0.01838	0.01631	0.01178	0.01732	0.03122	0.05682	0.05264	0.00654	0.00546	0.00179	0.00749	0.00528	0.00273	0.00772
64	0.00718	0.00533	0.00679	0.00776	0.00863	0.00494	0.00572	0.00860	0.01159	0.01500	0.05243	0.47338	0.19193	0.01609	0.00706	0.00222	0.00350	0.16205	0.00515	0.00468
65	0.01465	0.03814	0.10704	0.07650	0.16303	0.21765	0.17819	0.01787	0.01314	0.03263	0.01153	0.06778	0.00993	0.00615	0.00586	0.00171	0.02248	0.00555	0.00296	0.00722
66	0.01339	0.33041	0.43954	0.01297	0.01958	0.01609	0.01544	0.01775	0.01178	0.06215	0.00980	0.01104	0.00746	0.00516	0.00462	0.00153	0.00709	0.00374	0.00263	0.00784
67	0.00799	0.00561	0.00726	0.00726	0.00768	0.00603	0.00487	0.00883	0.00841	0.01164	0.01634	0.03009	0.01746	0.48085	0.34905	0.00687	0.00939	0.00715	0.00319	0.00403
68	0.01139	0.01080	0.01830	0.57389	0.24900	0.01255	0.01585	0.01497	0.01152	0.01529	0.01001	0.01446	0.00778	0.00536	0.00552	0.00179	0.00715	0.00493	0.00254	0.00691
69	0.01550	0.06943	0.07868	0.04024	0.04303	0.14654	0.03825	0.15659	0.01570	0.10589	0.02127	0.08807	0.14084	0.00827	0.00563	0.00170	0.00616	0.00672	0.00432	0.00718
70	0.01776	0.01141	0.01535	0.22816	0.07471	0.04521	0.02513	0.12039	0.04990	0.28758	0.01544	0.01638	0.01080	0.00811	0.04698	0.00212	0.00661	0.00525	0.00466	0.00804
71	0.00871	0.00644	0.00836	0.00880	0.04912	0.00622	0.00593	0.05529	0.01408	0.01950	0.41603	0.21058	0.05270	0.10232	0.00900	0.00226	0.00349	0.01055	0.00534	0.00528
72	0.01783	0.01261	0.06462	0.01479	0.12335	0.05087	0.06846	0.08144	0.05400	0.31008	0.08432	0.02043	0.05761	0.00706	0.00572	0.00172	0.00565	0.00608	0.00511	0.00827
73	0.01398	0.01167	0.01522	0.01785	0.25721	0.03544	0.01083	0.16041	0.11035	0.03862	0.09828	0.06475	0.03075	0.05645	0.00754	0.00197	0.03377	0.00657	0.02072	0.00763
74	0.00890	0.00847	0.03655	0.01019	0.05054	0.07673	0.02338	0.01058	0.01210	0.01583	0.15426	0.49429	0.03315	0.02936	0.00704	0.00209	0.00426	0.01229	0.00478	0.00520
75	0.09044	0.01381	0.01971	0.01633	0.06937	0.09675	0.24320	0.03217	0.07494	0.11613	0.02698	0.02742	0.01065	0.00610	0.00661	0.00174	0.07254	0.00545	0.00377	0.06588

[dist]
# distance from previous block
# <min> <max>
5	17

[block]
# block no. 2 follows, 43 sequences, length 8
# corresponding to MSA columns:
# 204-211
name=unknown_C
#
# <colnr> <probs for GDERKNQSTAVLIFYWHMCP>
#	G	D	E	R	K	N	Q	S	T	A	V	L	I	F	Y	W	H	M	C	P
0	0.01255	0.05173	0.34256	0.06099	0.17372	0.05438	0.06807	0.04501	0.04161	0.01770	0.01213	0.07242	0.01021	0.00623	0.00549	0.00174	0.00730	0.00541	0.00295	0.00780
1	0.01046	0.05255	0.09231	0.07506	0.11543	0.00970	0.00978	0.08036	0.04337	0.01793	0.07131	0.16637	0.21299	0.01022	0.00600	0.00183	0.00483	0.00878	0.00428	0.00644
2	0.04152	0.03625	0.01644	0.12712	0.19364	0.01219	0.03187	0.09450	0.08957	0.14091	0.07077	0.01969	0.01452	0.00699	0.00616	0.00179	0.03923	0.04471	0.00432	0.00782
3	0.10245	0.04253	0.10865	0.03611	0.08347	0.05482	0.06010	0.05163	0.21505	0.05853	0.03572	0.01668	0.03621	0.00630	0.00522	0.00167	0.00578	0.00521	0.00407	0.06978
4	0.02815	0.03664	0.01506	0.04818	0.17711	0.03117	0.03872	0.04527	0.08617	0.06347	0.07512	0.06633	0.01498	0.00654	0.00522	0.00149	0.00512	0.00571	0.02848	0.22108
5	0.01360	0.01217	0.01813	0.04921	0.34368	0.04576	0.07643	0.06647	0.01372	0.05530	0.05123	0.05439	0.05317	0.00646	0.00556	0.00160	0.00600	0.00595	0.00361	0.11757
6	0.01272	0.01015	0.01301	0.03198	0.06827	0.00974	0.03728	0.11577	0.08628	0.05441	0.04239	0.14031	0.05346	0.00796	0.00574	0.00155	0.02295	0.00683	0.00436	0.27484
7	0.01515	0.01084	0.01396	0.01348	0.10966	0.03311	0.04224	0.10653	0.11459	0.16870	0.09326	0.08344	0.06604	0.00815	0.00614	0.00173	0.02935	0.00694	0.00498	0.07172

[dist]
# distance from previous block
# <min> <max>
1	13

[block]
# block no. 3 follows, 43 sequences, length 27
# corresponding to MSA columns:
# 235-249,255-266
name=unknown_D
#
# <colnr> <probs for GDERKNQSTAVLIFYWHMCP>
#	G	D	E	R	K	N	Q	S	T	A	V	L	I	F	Y	W	H	M	C	P
0	0.15145	0.01142	0.01235	0.04780	0.03852	0.03572	0.00848	0.20162	0.10489	0.09727	0.06963	0.04087	0.01448	0.03938	0.00634	0.00183	0.02126	0.00556	0.04338	0.04776
1	0.11777	0.01150	0.01361	0.02978	0.13306	0.01229	0.00949	0.20709	0.14953	0.05582	0.08403	0.04174	0.03368	0.00714	0.00533	0.00169	0.00493	0.00585	0.03023	0.04543
2	0.17405	0.01663	0.01436	0.01226	0.03387	0.20996	0.00955	0.32934	0.03968	0.07398	0.01267	0.01305	0.02429	0.00628	0.00503	0.00163	0.00655	0.00446	0.00447	0.00789
3	0.01395	0.01116	0.01739	0.25946	0.28210	0.01218	0.01362	0.06628	0.01326	0.11159	0.04412	0.01718	0.04019	0.00645	0.00656	0.00179	0.06610	0.00548	0.00356	0.00758
4	0.01388	0.01323	0.05082	0.08851	0.10563	0.12250	0.01015	0.11141	0.09802	0.04901	0.01652	0.12356	0.02685	0.10111	0.00826	0.00216	0.00608	0.00674	0.00402	0.04155
5	0.01926	0.01491	0.01559	0.01220	0.01639	0.04687	0.00996	0.57942	0.08774	0.03103	0.01368	0.01391	0.01001	0.00753	0.02876	0.00182	0.00621	0.00493	0.00518	0.07459
6	0.01313	0.01470	0.03109	0.02239	0.02780	0.01399	0.69215	0.01866	0.07208	0.01817	0.01210	0.01539	0.00907	0.00489	0.00646	0.00187	0.00895	0.00651	0.00302	0.00757
7	0.04759	0.01127	0.01792	0.01873	0.22524	0.01127	0.12936	0.05202	0.05631	0.18425	0.03169	0.10851	0.01467	0.00754	0.00645	0.00184	0.04296	0.02017	0.00435	0.00786
8	0.01429	0.01407	0.04965	0.14042	0.31298	0.04860	0.08713	0.10218	0.06659	0.03220	0.01145	0.01415	0.00900	0.00582	0.00655	0.00177	0.06679	0.00510	0.00327	0.00800
9	0.00861	0.00656	0.00880	0.01056	0.08072	0.00640	0.00678	0.06751	0.01222	0.01630	0.02873	0.59118	0.07482	0.01506	0.00679	0.00214	0.00381	0.04275	0.00494	0.00532
10	0.00697	0.00505	0.00666	0.00773	0.00827	0.00463	0.00521	0.00800	0.01064	0.01432	0.02956	0.76502	0.03531	0.01674	0.00693	0.00218	0.00325	0.01517	0.00505	0.04329
11	0.08878	0.01061	0.01390	0.01297	0.10016	0.04706	0.04232	0.03531	0.01458	0.44601	0.05344	0.07956	0.01546	0.00737	0.00556	0.00174	0.00517	0.00623	0.00553	0.00825
12	0.73482	0.01061	0.00929	0.00801	0.01150	0.01196	0.03702	0.01652	0.01003	0.06089	0.01056	0.01157	0.03822	0.00558	0.00379	0.00173	0.00445	0.00363	0.00364	0.00617
13	0.08533	0.00769	0.00975	0.00833	0.01107	0.00708	0.00656	0.01836	0.01441	0.36912	0.23155	0.12161	0.02679	0.00925	0.00576	0.00177	0.00380	0.00785	0.04679	0.00714
14	0.07358	0.00603	0.00709	0.00675	0.00831	0.00567	0.00509	0.01035	0.01445	0.02080	0.55020	0.06309	0.18540	0.01153	0.00631	0.00178	0.00280	0.00995	0.00568	0.00516
15	0.01069	0.00950	0.01505	0.05448	0.38554	0.00937	0.01139	0.01352	0.01349	0.01888	0.27084	0.06285	0.08465	0.00841	0.00600	0.00173	0.00482	0.00769	0.00416	0.00694
16	0.01232	0.01130	0.01860	0.38500	0.31303	0.01277	0.01520	0.01555	0.01158	0.03900	0.01020	0.01415	0.00812	0.00568	0.00662	0.00179	0.07851	0.00489	0.00272	0.03298
17	0.01280	0.01206	0.02019	0.30303	0.48417	0.01299	0.01620	0.04127	0.01253	0.01727	0.01031	0.01407	0.00830	0.00521	0.00550	0.00172	0.00685	0.00493	0.00274	0.00786
18	0.01704	0.01422	0.01769	0.14948	0.16095	0.07813	0.04396	0.28854	0.05577	0.07136	0.01258	0.01408	0.00933	0.00594	0.00548	0.00166	0.00662	0.00495	0.00416	0.03805
19	0.08575	0.08955	0.04980	0.01411	0.11223	0.12433	0.01048	0.20532	0.06958	0.05705	0.01350	0.01420	0.03854	0.00604	0.00499	0.00153	0.00613	0.00460	0.00402	0.08826
20	0.09816	0.03498	0.15811	0.03801	0.09597	0.05273	0.01177	0.18035	0.03802	0.10989	0.05022	0.05017	0.01233	0.00659	0.00526	0.00167	0.00601	0.00526	0.00420	0.04028
21	0.04967	0.07415	0.14828	0.01417	0.04863	0.05758	0.11477	0.17947	0.06154	0.03987	0.03691	0.04777	0.03148	0.00647	0.00539	0.00165	0.00647	0.00549	0.00389	0.06636
22	0.06015	0.06294	0.17066	0.01469	0.12012	0.03965	0.01210	0.18837	0.06721	0.07300	0.01580	0.01634	0.06908	0.00640	0.00522	0.00163	0.00601	0.00507	0.00403	0.06154
23	0.04040	0.04626	0.11037	0.03256	0.01656	0.15402	0.01067	0.14016	0.08312	0.10646	0.03943	0.01647	0.01190	0.00660	0.00563	0.00161	0.03052	0.03755	0.00418	0.10553
24	0.13768	0.07296	0.10222	0.01312	0.07238	0.02202	0.05103	0.18229	0.10751	0.03647	0.03150	0.01543	0.02040	0.04517	0.00615	0.00181	0.00577	0.00491	0.00401	0.06717
25	0.02505	0.03178	0.12842	0.01232	0.04478	0.04581	0.05065	0.13686	0.04186	0.11062	0.14026	0.05658	0.01807	0.00739	0.00586	0.00166	0.02647	0.00615	0.03913	0.07027
26	0.10633	0.08946	0.05266	0.01592	0.18299	0.01328	0.02892	0.17061	0.03857	0.16558	0.01476	0.01524	0.03907	0.00607	0.00512	0.00162	0.00565	0.00491	0.00432	0.03893

[dist]
# distance from previous block
# <min> <max>
4	64

[block]
# block no. 4 follows, 43 sequences, length 29
# corresponding to MSA columns:
# 346-360,363-376
name=unknown_E
#
# <colnr> <probs for GDERKNQSTAVLIFYWHMCP>
#	G	D	E	R	K	N	Q	S	T	A	V	L	I	F	Y	W	H	M	C	P
0	0.05768	0.03885	0.12269	0.09234	0.07296	0.08739	0.01118	0.11963	0.05794	0.04921	0.09070	0.01869	0.05624	0.00678	0.00532	0.00162	0.00595	0.01378	0.00396	0.08709
1	0.05865	0.03175	0.04614	0.04579	0.08715	0.02263	0.03162	0.06721	0.03948	0.12045	0.05386	0.11682	0.09907	0.00868	0.00622	0.00175	0.04105	0.02764	0.00441	0.08964
2	0.07305	0.01000	0.01204	0.01172	0.06853	0.04957	0.02916	0.03520	0.08364	0.08867	0.08333	0.10463	0.08178	0.03405	0.02617	0.00214	0.12870	0.00723	0.06395	0.00645
3	0.02418	0.03218	0.08625	0.04900	0.06871	0.08802	0.02328	0.01620	0.08864	0.03668	0.05162	0.12710	0.01587	0.00785	0.00603	0.00166	0.05235	0.00644	0.12108	0.09687
4	0.04767	0.07043	0.04906	0.05604	0.07594	0.09069	0.02638	0.05500	0.03956	0.03836	0.05715	0.01561	0.02409	0.00785	0.05149	0.00182	0.00614	0.00465	0.04183	0.24024
5	0.24333	0.12188	0.01523	0.01051	0.01431	0.05436	0.03900	0.23007	0.05790	0.05020	0.03292	0.04615	0.02564	0.00654	0.00478	0.00163	0.00544	0.00491	0.00425	0.03097
6	0.20184	0.01148	0.01326	0.01233	0.08158	0.06521	0.03124	0.02198	0.07914	0.33266	0.03972	0.01752	0.01283	0.00669	0.00549	0.00175	0.02474	0.02757	0.00503	0.00793
7	0.01084	0.00655	0.00853	0.00853	0.01013	0.00607	0.00645	0.04168	0.01290	0.13731	0.08790	0.41221	0.05378	0.01372	0.00666	0.00206	0.00383	0.12027	0.00541	0.04517
8	0.01242	0.01100	0.01652	0.10464	0.24673	0.01157	0.06566	0.07403	0.15322	0.02089	0.20160	0.02207	0.02099	0.00718	0.00586	0.00175	0.00544	0.00657	0.00430	0.00755
9	0.00970	0.00527	0.00556	0.00549	0.00681	0.00515	0.00412	0.01223	0.01235	0.02060	0.14517	0.02589	0.06175	0.00768	0.00446	0.00140	0.00260	0.00633	0.65232	0.00515
10	0.00796	0.00575	0.00677	0.00655	0.00817	0.00506	0.00490	0.00987	0.01392	0.05294	0.35636	0.10527	0.37072	0.01280	0.00654	0.00184	0.00284	0.01101	0.00563	0.00511
11	0.71420	0.01051	0.00889	0.00769	0.01126	0.01174	0.00634	0.01798	0.01045	0.14403	0.00996	0.01056	0.00722	0.00541	0.00377	0.00171	0.00435	0.00341	0.00397	0.00654
12	0.00700	0.00564	0.00631	0.00619	0.00784	0.00496	0.00465	0.00879	0.01331	0.01696	0.26174	0.04809	0.51813	0.01474	0.04898	0.00222	0.00341	0.01089	0.00530	0.00485
13	0.00675	0.00482	0.00643	0.00771	0.00803	0.00450	0.00514	0.00771	0.01060	0.01414	0.03053	0.80175	0.03663	0.01735	0.00707	0.00225	0.00321	0.01574	0.00514	0.00450
14	0.01148	0.00984	0.01148	0.00820	0.01312	0.00738	0.00656	0.01395	0.01148	0.01805	0.00984	0.01148	0.00820	0.00410	0.00410	0.00082	0.00410	0.00328	0.00328	0.83922
15	0.79803	0.01098	0.00862	0.00759	0.01108	0.01269	0.00625	0.05780	0.01036	0.02542	0.00803	0.00924	0.00619	0.00523	0.00355	0.00171	0.00439	0.00311	0.00355	0.00619
16	0.00698	0.00510	0.00662	0.00768	0.00832	0.00473	0.00541	0.00822	0.01125	0.01479	0.06267	0.61199	0.12149	0.01652	0.00704	0.00221	0.00333	0.08585	0.00518	0.00461
17	0.69514	0.00992	0.00813	0.00732	0.01046	0.01124	0.00593	0.01608	0.00992	0.06475	0.01024	0.04987	0.00848	0.00618	0.00409	0.01751	0.00417	0.00393	0.05065	0.00600
18	0.01717	0.09563	0.01495	0.01083	0.01399	0.08681	0.00890	0.17721	0.04534	0.17144	0.03748	0.03627	0.01235	0.00816	0.03100	0.00187	0.09995	0.00518	0.07209	0.05337
19	0.00791	0.00593	0.00890	0.00890	0.00989	0.00692	0.00692	0.00989	0.00890	0.01286	0.01483	0.02176	0.01385	0.04154	0.78341	0.00890	0.01483	0.00593	0.00297	0.00494
20	0.01602	0.10572	0.09566	0.03662	0.01684	0.07967	0.01062	0.28727	0.05729	0.02350	0.05414	0.01405	0.01121	0.00615	0.00539	0.00150	0.02651	0.00461	0.00411	0.14311
21	0.18014	0.17643	0.21048	0.01198	0.01699	0.07470	0.04845	0.09189	0.04863	0.04340	0.01215	0.01309	0.03809	0.00578	0.00470	0.00161	0.00644	0.00427	0.00336	0.00741
22	0.01972	0.08560	0.01753	0.01246	0.01665	0.01742	0.01042	0.61698	0.06055	0.03138	0.01298	0.01322	0.00949	0.00666	0.00595	0.00167	0.04230	0.00486	0.00512	0.00903
23	0.01973	0.13103	0.01820	0.01218	0.01658	0.01767	0.01027	0.60366	0.06590	0.03104	0.01301	0.01307	0.00951	0.00642	0.00526	0.00160	0.00597	0.00476	0.00508	0.00904
24	0.01609	0.59389	0.05711	0.01049	0.01530	0.02045	0.01017	0.18594	0.01467	0.01825	0.00908	0.01002	0.00764	0.00520	0.00408	0.00132	0.00606	0.00347	0.00310	0.00768
25	0.01852	0.18549	0.11110	0.01247	0.01737	0.04442	0.01151	0.48215	0.02081	0.02743	0.01154	0.01205	0.00856	0.00604	0.00507	0.00156	0.00645	0.00440	0.00439	0.00868
26	0.01473	0.13881	0.35067	0.01284	0.01865	0.01451	0.01406	0.22259	0.01597	0.04855	0.04727	0.01382	0.01044	0.00597	0.00509	0.00162	0.00660	0.00456	0.04515	0.00812
27	0.01758	0.20695	0.04322	0.01192	0.01600	0.11549	0.04211	0.29858	0.01783	0.06131	0.01397	0.01457	0.05057	0.00642	0.00534	0.00155	0.02683	0.00476	0.03718	0.00783
28	0.01954	0.05222	0.03822	0.01254	0.01665	0.04850	0.01059	0.59639	0.02296	0.03074	0.01260	0.01314	0.00922	0.00665	0.00606	0.00166	0.05068	0.00481	0.03802	0.00879

[dist]
# distance from previous block
# <min> <max>
5	37

# created by:
# /home/cegg/simao/soft/augustus-3.2.1/scripts/msa2prfl.pl ./align_prep/EOG091G0RWI.fa
