[name]
unknown

[dist]
# distance from previous block
# <min> <max>
0	94

[block]
# block no. 0 follows, 46 sequences, length 23
# corresponding to MSA columns:
# 94-108,133-140
name=unknown_A
#
# <colnr> <probs for GDERKNQSTAVLIFYWHMCP>
#	G	D	E	R	K	N	Q	S	T	A	V	L	I	F	Y	W	H	M	C	P
0	0.01172	0.00916	0.03684	0.01057	0.01283	0.00908	0.00930	0.21436	0.01556	0.02058	0.02323	0.04532	0.02383	0.01205	0.00668	0.00218	0.00522	0.52052	0.00489	0.00608
1	0.01678	0.50064	0.05587	0.01007	0.01456	0.05296	0.03469	0.01884	0.01220	0.22136	0.01124	0.01141	0.00853	0.00513	0.00414	0.00132	0.00573	0.00369	0.00345	0.00741
2	0.01559	0.56646	0.05740	0.01015	0.01474	0.01932	0.00977	0.21776	0.01457	0.01826	0.00888	0.00973	0.00738	0.00504	0.00397	0.00128	0.00579	0.00340	0.00308	0.00742
3	0.01028	0.07531	0.44106	0.01192	0.01722	0.01101	0.01369	0.01605	0.09247	0.01821	0.21822	0.01953	0.01936	0.00678	0.00527	0.00165	0.00584	0.00558	0.00354	0.00704
4	0.01784	0.11144	0.18160	0.01241	0.01749	0.01311	0.07560	0.22111	0.01616	0.26048	0.01375	0.01365	0.00943	0.00575	0.00510	0.00158	0.00608	0.00465	0.00444	0.00832
5	0.00904	0.01880	0.49360	0.01217	0.01717	0.00928	0.01404	0.01322	0.01077	0.01552	0.01687	0.31148	0.01731	0.00936	0.00567	0.00185	0.00603	0.00808	0.00324	0.00649
6	0.01259	0.01036	0.01129	0.00958	0.01300	0.01073	0.00751	0.02274	0.48681	0.05328	0.02019	0.01920	0.06075	0.00665	0.00503	0.00151	0.00403	0.00550	0.00479	0.23445
7	0.00917	0.00736	0.00975	0.04347	0.01177	0.00860	0.00743	0.01465	0.21464	0.01498	0.01594	0.02020	0.01374	0.02939	0.54639	0.00639	0.01116	0.00571	0.00350	0.00575
8	0.01181	0.01099	0.01735	0.20016	0.40482	0.01089	0.01319	0.01482	0.01141	0.01641	0.00967	0.01274	0.00793	0.00463	0.00489	0.00140	0.00582	0.00428	0.00270	0.23410
9	0.00753	0.00595	0.00872	0.22161	0.01523	0.00639	0.00737	0.00905	0.00999	0.01316	0.02249	0.51370	0.02576	0.09775	0.00848	0.00236	0.00436	0.01146	0.00404	0.00461
10	0.23662	0.00611	0.00713	0.00690	0.00779	0.00655	0.00490	0.00922	0.00746	0.01311	0.00869	0.01405	0.00825	0.01473	0.01597	0.61816	0.00446	0.00412	0.00256	0.00322
11	0.01422	0.00983	0.01584	0.45715	0.15660	0.01081	0.01308	0.01728	0.01205	0.22242	0.01258	0.01498	0.00890	0.00553	0.00528	0.00170	0.00623	0.00487	0.00353	0.00714
12	0.00844	0.22460	0.01147	0.00641	0.00891	0.00893	0.00542	0.00992	0.01183	0.01411	0.07509	0.03890	0.53636	0.01087	0.00548	0.00160	0.00347	0.00883	0.00424	0.00511
13	0.23720	0.00962	0.01367	0.58698	0.02934	0.01178	0.01226	0.01406	0.01015	0.01626	0.00885	0.01261	0.00669	0.00518	0.00474	0.00173	0.00625	0.00420	0.00260	0.00583
14	0.01581	0.01145	0.01871	0.06231	0.53900	0.01123	0.01387	0.01867	0.01280	0.22435	0.01286	0.01446	0.00958	0.00523	0.00526	0.00160	0.00584	0.00487	0.00366	0.00842
15	0.01229	0.01083	0.01301	0.22426	0.01987	0.01277	0.01007	0.02415	0.56619	0.01979	0.01824	0.01820	0.01368	0.00666	0.00535	0.00178	0.00496	0.00563	0.00456	0.00769
16	0.01049	0.00793	0.00890	0.00773	0.00995	0.00790	0.00604	0.21269	0.01671	0.02227	0.34079	0.03588	0.27112	0.01043	0.00598	0.00168	0.00345	0.00877	0.00539	0.00590
17	0.00918	0.00698	0.00918	0.00922	0.01138	0.00634	0.00791	0.01159	0.01184	0.01620	0.02297	0.04649	0.02432	0.01172	0.00639	0.00199	0.00461	0.54517	0.00440	0.23211
18	0.01248	0.01426	0.03119	0.02228	0.02763	0.01337	0.76203	0.01693	0.01248	0.01693	0.01070	0.01426	0.00802	0.00446	0.00624	0.00178	0.00891	0.00624	0.00267	0.00713
19	0.00664	0.00475	0.00634	0.00739	0.00783	0.00444	0.00507	0.00779	0.01072	0.01441	0.10821	0.69685	0.03634	0.01587	0.00672	0.00211	0.00308	0.04603	0.00500	0.00439
20	0.01086	0.00567	0.00582	0.00551	0.00701	0.00575	0.00421	0.06199	0.01209	0.03896	0.01703	0.01921	0.01324	0.00618	0.00384	0.00126	0.00273	0.00493	0.76842	0.00529
21	0.01243	0.01301	0.01606	0.01385	0.01414	0.09822	0.01142	0.01361	0.00882	0.01275	0.00707	0.01135	0.00693	0.00885	0.01602	0.00221	0.72058	0.00450	0.00236	0.00582
22	0.10256	0.73215	0.02560	0.00882	0.01322	0.01996	0.00870	0.01580	0.01056	0.01363	0.00735	0.00849	0.00667	0.00456	0.00338	0.00118	0.00549	0.00283	0.00237	0.00667

[dist]
# distance from previous block
# <min> <max>
0	3

[block]
# block no. 1 follows, 46 sequences, length 19
# corresponding to MSA columns:
# 144-162
name=unknown_B
#
# <colnr> <probs for GDERKNQSTAVLIFYWHMCP>
#	G	D	E	R	K	N	Q	S	T	A	V	L	I	F	Y	W	H	M	C	P
0	0.00667	0.00476	0.00640	0.00762	0.00803	0.00449	0.00530	0.00776	0.01035	0.01375	0.02901	0.72834	0.03447	0.01635	0.00681	0.00218	0.00326	0.09520	0.00490	0.00436
1	0.00735	0.00540	0.00689	0.00651	0.00782	0.00493	0.00489	0.00972	0.01466	0.02047	0.70191	0.04069	0.12687	0.01108	0.00624	0.00168	0.00251	0.00973	0.00572	0.00493
2	0.01320	0.01102	0.01177	0.01055	0.01340	0.01257	0.00819	0.10661	0.60933	0.02243	0.02135	0.10246	0.01734	0.00807	0.00551	0.00181	0.00425	0.00680	0.00532	0.00801
3	0.01221	0.01375	0.02958	0.10455	0.02856	0.01320	0.68313	0.01657	0.01228	0.01657	0.01056	0.01424	0.00792	0.00454	0.00614	0.00178	0.00872	0.00608	0.00264	0.00700
4	0.01372	0.60144	0.15500	0.01047	0.01531	0.01898	0.01100	0.05502	0.01142	0.01427	0.00797	0.00931	0.00689	0.00494	0.00446	0.00131	0.04583	0.00320	0.00242	0.00702
5	0.01060	0.02735	0.78682	0.01507	0.02288	0.01228	0.01953	0.01674	0.01116	0.01674	0.00949	0.01116	0.00670	0.00502	0.00502	0.00167	0.00781	0.00391	0.00223	0.00781
6	0.00644	0.00460	0.00613	0.00736	0.00767	0.00429	0.00491	0.00736	0.01012	0.01350	0.02914	0.81076	0.03497	0.01656	0.00675	0.00215	0.00307	0.01503	0.00491	0.00429
7	0.01413	0.81739	0.02770	0.00905	0.01357	0.02092	0.00905	0.01583	0.01074	0.01244	0.00735	0.00848	0.00678	0.00452	0.00339	0.00113	0.00565	0.00283	0.00226	0.00678
8	0.01254	0.01408	0.03017	0.02336	0.10719	0.01328	0.68330	0.01686	0.01243	0.01697	0.01062	0.01414	0.00806	0.00448	0.00613	0.00176	0.00863	0.00608	0.00267	0.00726
9	0.01378	0.03739	0.01345	0.02997	0.01495	0.05440	0.03063	0.06332	0.63102	0.02154	0.01934	0.01820	0.01455	0.00683	0.00530	0.00174	0.00480	0.00566	0.00499	0.00814
10	0.00657	0.00468	0.00607	0.00712	0.00744	0.00439	0.00469	0.00740	0.00992	0.01316	0.02856	0.70108	0.05724	0.10399	0.00894	0.00246	0.00328	0.01410	0.00472	0.00418
11	0.01171	0.27607	0.54783	0.01317	0.01995	0.01500	0.01623	0.01645	0.01103	0.01539	0.00881	0.01032	0.00672	0.00487	0.00451	0.00150	0.00713	0.00357	0.00224	0.00749
12	0.03788	0.03487	0.27712	0.01863	0.02445	0.01303	0.44277	0.01649	0.01173	0.01680	0.01038	0.02850	0.00799	0.00503	0.00602	0.00175	0.03135	0.00542	0.00257	0.00721
13	0.00769	0.00513	0.00577	0.00577	0.00577	0.00513	0.00320	0.00769	0.00769	0.01025	0.01666	0.03460	0.01922	0.81421	0.02691	0.00513	0.00513	0.00769	0.00320	0.00320
14	0.01281	0.01234	0.02069	0.05658	0.67168	0.01293	0.01566	0.01575	0.01156	0.01664	0.00960	0.01295	0.00817	0.00523	0.00656	0.00166	0.09390	0.00470	0.00257	0.00800
15	0.07436	0.06534	0.42723	0.01338	0.01938	0.03892	0.06418	0.07943	0.01284	0.11075	0.01199	0.01346	0.02207	0.00557	0.00499	0.00164	0.00685	0.01674	0.00322	0.00763
16	0.01219	0.01450	0.06771	0.02129	0.02656	0.01295	0.68736	0.01663	0.01240	0.01687	0.01150	0.01637	0.00908	0.00499	0.00623	0.00181	0.00866	0.04309	0.00276	0.00705
17	0.00804	0.00537	0.00607	0.00598	0.00613	0.00544	0.00347	0.02639	0.00821	0.01110	0.01651	0.03333	0.01867	0.75434	0.04619	0.00503	0.00532	0.00750	0.02349	0.00343
18	0.71482	0.00945	0.00770	0.00702	0.00992	0.01092	0.00572	0.01470	0.00905	0.02225	0.00863	0.01051	0.00696	0.00879	0.08998	0.00237	0.00511	0.00328	0.04726	0.00557

[dist]
# distance from previous block
# <min> <max>
0	1

[block]
# block no. 2 follows, 46 sequences, length 32
# corresponding to MSA columns:
# 164-195
name=unknown_C
#
# <colnr> <probs for GDERKNQSTAVLIFYWHMCP>
#	G	D	E	R	K	N	Q	S	T	A	V	L	I	F	Y	W	H	M	C	P
0	0.01240	0.01416	0.12220	0.11762	0.59606	0.01243	0.01649	0.01598	0.01175	0.01677	0.00982	0.01294	0.00800	0.00482	0.00521	0.00161	0.00657	0.00460	0.00254	0.00802
1	0.01064	0.00896	0.01064	0.00808	0.01232	0.00692	0.00656	0.01300	0.01112	0.01704	0.01186	0.01741	0.01082	0.00533	0.00436	0.00100	0.00404	0.10149	0.00336	0.73504
2	0.07105	0.01453	0.01537	0.01184	0.01602	0.01612	0.00978	0.71776	0.02388	0.03273	0.01237	0.01244	0.00879	0.00626	0.00516	0.00159	0.00571	0.00464	0.00516	0.00879
3	0.01082	0.07532	0.74072	0.01470	0.02232	0.01280	0.01890	0.01669	0.01114	0.01648	0.00936	0.01100	0.00670	0.00499	0.00492	0.00164	0.00768	0.00384	0.00223	0.00775
4	0.29079	0.01180	0.01497	0.15291	0.26390	0.03014	0.01144	0.11457	0.01246	0.02069	0.00926	0.01161	0.00729	0.00520	0.00484	0.00164	0.02225	0.00407	0.00314	0.00705
5	0.01158	0.01015	0.01541	0.51751	0.08308	0.01220	0.01306	0.11281	0.01244	0.01674	0.01103	0.01471	0.02296	0.00590	0.00612	0.00173	0.06698	0.00484	0.05436	0.00637
6	0.01116	0.01004	0.01364	0.00974	0.01453	0.00788	0.10638	0.01379	0.01116	0.01719	0.00957	0.01140	0.00786	0.00399	0.00422	0.00092	0.00458	0.00354	0.00307	0.73534
7	0.06837	0.00943	0.01295	0.22301	0.01926	0.00968	0.02510	0.09419	0.01418	0.28796	0.11552	0.01815	0.01502	0.00644	0.00523	0.00162	0.00509	0.00539	0.00469	0.05870
8	0.00998	0.00940	0.01586	0.80150	0.03641	0.01175	0.01468	0.01351	0.01057	0.01351	0.00940	0.01409	0.00705	0.00529	0.00529	0.00176	0.00705	0.00470	0.00235	0.00587
9	0.16033	0.01325	0.01423	0.01237	0.05976	0.03209	0.02728	0.38130	0.18496	0.04163	0.01356	0.01363	0.00997	0.00612	0.00497	0.00164	0.00532	0.00472	0.00471	0.00815
10	0.01290	0.66131	0.07137	0.00919	0.01336	0.01819	0.00914	0.01476	0.01069	0.01284	0.01037	0.11492	0.01051	0.00615	0.00394	0.00130	0.00544	0.00451	0.00261	0.00652
11	0.00644	0.00460	0.00613	0.00736	0.00767	0.00429	0.00491	0.00736	0.01012	0.01350	0.02914	0.81076	0.03497	0.01656	0.00675	0.00215	0.00307	0.01503	0.00491	0.00429
12	0.01113	0.00904	0.00970	0.00873	0.01126	0.00960	0.00688	0.13404	0.28731	0.02070	0.08842	0.03337	0.28341	0.00993	0.00585	0.00179	0.00383	0.05318	0.00520	0.00664
13	0.00753	0.00549	0.00714	0.00697	0.00825	0.00510	0.00539	0.00994	0.01439	0.01999	0.62740	0.04297	0.09924	0.01149	0.00638	0.00177	0.00282	0.10718	0.00563	0.00493
14	0.00644	0.00460	0.00613	0.00736	0.00767	0.00429	0.00491	0.00736	0.01012	0.01350	0.02914	0.81076	0.03497	0.01656	0.00675	0.00215	0.00307	0.01503	0.00491	0.00429
15	0.00748	0.00540	0.00707	0.00665	0.00790	0.00499	0.00499	0.00998	0.01496	0.02120	0.77844	0.03949	0.04988	0.01081	0.00624	0.00166	0.00249	0.00956	0.00582	0.00499
16	0.02173	0.00961	0.01300	0.01019	0.01367	0.00938	0.00844	0.05232	0.01444	0.63844	0.01843	0.01681	0.01199	0.00695	0.00714	0.00174	0.12617	0.00519	0.00585	0.00851
17	0.01157	0.01157	0.01619	0.01388	0.01388	0.01619	0.01157	0.01272	0.00810	0.01272	0.00694	0.01157	0.00694	0.00925	0.01735	0.00231	0.80453	0.00463	0.00231	0.00578
18	0.01796	0.02257	0.01371	0.01252	0.01512	0.68854	0.00939	0.01932	0.01459	0.01312	0.01418	0.01501	0.10911	0.00650	0.00496	0.00142	0.00863	0.00443	0.00301	0.00591
19	0.01413	0.81739	0.02770	0.00905	0.01357	0.02092	0.00905	0.01583	0.01074	0.01244	0.00735	0.00848	0.00678	0.00452	0.00339	0.00113	0.00565	0.00283	0.00226	0.00678
20	0.01413	0.81739	0.02770	0.00905	0.01357	0.02092	0.00905	0.01583	0.01074	0.01244	0.00735	0.00848	0.00678	0.00452	0.00339	0.00113	0.00565	0.00283	0.00226	0.00678
21	0.01096	0.00940	0.01096	0.00783	0.01253	0.00705	0.00626	0.01331	0.01096	0.01723	0.00940	0.01096	0.00783	0.00392	0.00392	0.00078	0.00392	0.00313	0.00313	0.84653
22	0.01294	0.01117	0.01175	0.01059	0.01355	0.01288	0.00824	0.02747	0.74856	0.02188	0.02249	0.02067	0.03936	0.00736	0.00541	0.00179	0.00414	0.00613	0.00536	0.00825
23	0.01367	0.71274	0.12826	0.00984	0.01480	0.01977	0.01043	0.01595	0.01080	0.01301	0.00763	0.00884	0.00677	0.00459	0.00361	0.00120	0.00594	0.00297	0.00226	0.00692
24	0.01248	0.01426	0.03119	0.02228	0.02763	0.01337	0.76203	0.01693	0.01248	0.01693	0.01070	0.01426	0.00802	0.00446	0.00624	0.00178	0.00891	0.00624	0.00267	0.00713
25	0.00798	0.00570	0.00790	0.00912	0.01010	0.00562	0.00758	0.01002	0.01164	0.01521	0.02829	0.25563	0.03161	0.01511	0.00716	0.00236	0.00440	0.55500	0.00488	0.00472
26	0.00769	0.00513	0.00577	0.00577	0.00577	0.00513	0.00320	0.00769	0.00769	0.01025	0.01666	0.03460	0.01922	0.81421	0.02691	0.00513	0.00513	0.00769	0.00320	0.00320
27	0.00748	0.00540	0.00707	0.00665	0.00790	0.00499	0.00499	0.00998	0.01496	0.02120	0.77844	0.03949	0.04988	0.01081	0.00624	0.00166	0.00249	0.00956	0.00582	0.00499
28	0.00769	0.00513	0.00577	0.00577	0.00577	0.00513	0.00320	0.00769	0.00769	0.01025	0.01666	0.03460	0.01922	0.81421	0.02691	0.00513	0.00513	0.00769	0.00320	0.00320
29	0.00769	0.00513	0.00577	0.00577	0.00577	0.00513	0.00320	0.00769	0.00769	0.01025	0.01666	0.03460	0.01922	0.81421	0.02691	0.00513	0.00513	0.00769	0.00320	0.00320
30	0.01143	0.00938	0.01101	0.00789	0.01256	0.00707	0.00632	0.01376	0.01111	0.04510	0.00981	0.01122	0.00802	0.00401	0.00397	0.00081	0.00394	0.00321	0.00326	0.81612
31	0.01273	0.52240	0.28879	0.01105	0.01662	0.01750	0.01255	0.01598	0.01100	0.01417	0.02961	0.01027	0.00796	0.00487	0.00403	0.00133	0.00631	0.00339	0.00235	0.00709

[dist]
# distance from previous block
# <min> <max>
0	1

[block]
# block no. 3 follows, 46 sequences, length 102
# corresponding to MSA columns:
# 197-219,228-306
name=unknown_D
#
# <colnr> <probs for GDERKNQSTAVLIFYWHMCP>
#	G	D	E	R	K	N	Q	S	T	A	V	L	I	F	Y	W	H	M	C	P
0	0.01078	0.06752	0.74822	0.01476	0.02241	0.01272	0.01900	0.01670	0.01114	0.01652	0.00938	0.01103	0.00670	0.00500	0.00494	0.00165	0.00770	0.00385	0.00223	0.00776
1	0.01199	0.00966	0.01160	0.00916	0.04566	0.00770	0.00691	0.04917	0.01184	0.05432	0.01056	0.02937	0.00876	0.00447	0.00417	0.00093	0.00411	0.00365	0.00341	0.71256
2	0.01298	0.01259	0.02086	0.09387	0.70414	0.03004	0.01597	0.01612	0.01199	0.01687	0.00986	0.01309	0.00823	0.00477	0.00523	0.00158	0.00642	0.00468	0.00260	0.00812
3	0.00697	0.00538	0.00635	0.00611	0.00758	0.00477	0.00458	0.00898	0.01375	0.01832	0.47691	0.04423	0.35321	0.01188	0.00624	0.00171	0.00257	0.01022	0.00544	0.00477
4	0.85155	0.01022	0.00777	0.00695	0.01022	0.01186	0.00573	0.01554	0.00900	0.02372	0.00736	0.00859	0.00573	0.00491	0.00327	0.00164	0.00409	0.00286	0.00327	0.00573
5	0.00638	0.00539	0.00553	0.00558	0.00732	0.00455	0.00423	0.00779	0.01213	0.01452	0.07014	0.05098	0.72915	0.01338	0.00629	0.00181	0.00277	0.04266	0.00493	0.00449
6	0.01347	0.01328	0.02109	0.03137	0.73743	0.05726	0.01588	0.01650	0.01221	0.01702	0.00984	0.01288	0.00828	0.00475	0.00521	0.00156	0.00647	0.00464	0.00262	0.00825
7	0.01303	0.01100	0.01169	0.01057	0.01346	0.01263	0.00819	0.02707	0.72195	0.03575	0.02186	0.05689	0.01697	0.00760	0.00544	0.00181	0.00414	0.00639	0.00538	0.00819
8	0.00626	0.00529	0.00542	0.00552	0.00718	0.00445	0.00409	0.00757	0.01189	0.01422	0.05159	0.11198	0.71925	0.01364	0.00629	0.00181	0.00271	0.01147	0.00491	0.00445
9	0.01269	0.01216	0.02074	0.13045	0.68632	0.01246	0.01603	0.01588	0.01185	0.01679	0.00987	0.01321	0.00820	0.00478	0.00524	0.00159	0.00638	0.00471	0.00258	0.00806
10	0.01161	0.00932	0.01148	0.01124	0.05656	0.00979	0.02790	0.01966	0.35430	0.05212	0.07037	0.05681	0.04534	0.00901	0.00581	0.00183	0.00437	0.16304	0.00491	0.07454
11	0.00756	0.00565	0.00841	0.00841	0.00932	0.00656	0.00650	0.00938	0.00847	0.01221	0.01424	0.02122	0.01341	0.06486	0.76832	0.00839	0.01387	0.00573	0.00284	0.00467
12	0.00956	0.00496	0.00496	0.00496	0.00624	0.00489	0.00372	0.01194	0.01116	0.01927	0.02017	0.02222	0.07511	0.00674	0.00390	0.00128	0.00248	0.00543	0.77612	0.00489
13	0.01259	0.01383	0.02849	0.02195	0.08684	0.01328	0.62679	0.01799	0.08826	0.01748	0.01172	0.01471	0.00886	0.00475	0.00607	0.00177	0.00823	0.00609	0.00294	0.00735
14	0.01011	0.00953	0.01609	0.76966	0.06725	0.01178	0.01475	0.01362	0.01063	0.01366	0.00942	0.01405	0.00710	0.00526	0.00528	0.00175	0.00702	0.00470	0.00236	0.00598
15	0.00852	0.00608	0.00852	0.00974	0.01095	0.00608	0.00852	0.01095	0.01217	0.01582	0.02799	0.05963	0.03042	0.01460	0.00730	0.00243	0.00487	0.74565	0.00487	0.00487
16	0.01233	0.01531	0.09196	0.02170	0.02725	0.01328	0.70232	0.01692	0.01237	0.01692	0.01060	0.01401	0.00791	0.00450	0.00614	0.00177	0.00882	0.00605	0.00264	0.00719
17	0.01080	0.07846	0.69256	0.05971	0.02304	0.01282	0.01856	0.01650	0.01110	0.01627	0.00934	0.01115	0.00672	0.00500	0.00493	0.00164	0.00763	0.00388	0.00224	0.00763
18	0.01060	0.02735	0.78682	0.01507	0.02288	0.01228	0.01953	0.01674	0.01116	0.01674	0.00949	0.01116	0.00670	0.00502	0.00502	0.00167	0.00781	0.00391	0.00223	0.00781
19	0.01930	0.02368	0.01549	0.01484	0.06974	0.69081	0.01062	0.06637	0.01538	0.01449	0.00857	0.00998	0.00705	0.00545	0.00483	0.00139	0.00908	0.00358	0.00287	0.00646
20	0.00625	0.00536	0.00536	0.00536	0.00714	0.00446	0.00402	0.00759	0.01205	0.01428	0.05355	0.05088	0.77909	0.01339	0.00625	0.00179	0.00268	0.01116	0.00491	0.00446
21	0.01406	0.01284	0.01468	0.01250	0.01470	0.05938	0.02822	0.13843	0.32832	0.01999	0.01406	0.01508	0.01110	0.00759	0.00948	0.00191	0.28095	0.00518	0.00409	0.00742
22	0.00998	0.00940	0.01586	0.80150	0.03641	0.01175	0.01468	0.01351	0.01057	0.01351	0.00940	0.01409	0.00705	0.00529	0.00529	0.00176	0.00705	0.00470	0.00235	0.00587
23	0.02372	0.00900	0.01227	0.00941	0.01350	0.00777	0.00777	0.02576	0.01513	0.78489	0.02086	0.01799	0.01309	0.00654	0.00532	0.00164	0.00450	0.00532	0.00654	0.00900
24	0.00651	0.00524	0.00569	0.00582	0.00730	0.00451	0.00427	0.00796	0.01211	0.01517	0.14258	0.16387	0.55621	0.01338	0.00627	0.00181	0.00271	0.01141	0.02267	0.00451
25	0.00648	0.00539	0.00568	0.00569	0.00740	0.00459	0.00433	0.00798	0.01235	0.01504	0.12474	0.05015	0.67106	0.01319	0.00630	0.00180	0.00276	0.04553	0.00500	0.00453
26	0.00765	0.00566	0.00718	0.00675	0.00811	0.00531	0.00508	0.01062	0.04730	0.02084	0.70442	0.03929	0.09019	0.01080	0.00620	0.00168	0.00258	0.00950	0.00575	0.00510
27	0.00741	0.00540	0.00697	0.00658	0.00785	0.00496	0.00493	0.00984	0.01480	0.02080	0.73693	0.04014	0.09164	0.01096	0.00624	0.00167	0.00250	0.00965	0.00577	0.00496
28	0.01248	0.01426	0.03119	0.02228	0.02763	0.01337	0.76203	0.01693	0.01248	0.01693	0.01070	0.01426	0.00802	0.00446	0.00624	0.00178	0.00891	0.00624	0.00267	0.00713
29	0.06776	0.01216	0.05207	0.01470	0.01868	0.02854	0.30731	0.07455	0.05533	0.12031	0.07648	0.05346	0.01543	0.00701	0.00583	0.00179	0.00637	0.07110	0.00409	0.00702
30	0.73725	0.01063	0.00912	0.02628	0.04436	0.01221	0.00669	0.06894	0.01030	0.02390	0.00790	0.00920	0.00610	0.00501	0.00355	0.00163	0.00437	0.00312	0.00337	0.00608
31	0.00852	0.00608	0.00852	0.00974	0.01095	0.00608	0.00852	0.01095	0.01217	0.01582	0.02799	0.05963	0.03042	0.01460	0.00730	0.00243	0.00487	0.74565	0.00487	0.00487
32	0.01348	0.01152	0.01214	0.01082	0.01387	0.01330	0.00845	0.06267	0.73657	0.02264	0.02110	0.01939	0.01580	0.00713	0.00537	0.00178	0.00426	0.00592	0.00537	0.00840
33	0.01096	0.00940	0.01096	0.00783	0.01253	0.00705	0.00626	0.01331	0.01096	0.01723	0.00940	0.01096	0.00783	0.00392	0.00392	0.00078	0.00392	0.00313	0.00313	0.84653
34	0.01970	0.01461	0.01564	0.01208	0.01624	0.01621	0.00995	0.72148	0.06763	0.03268	0.01320	0.01310	0.00940	0.00639	0.00529	0.00160	0.00572	0.00483	0.00529	0.00895
35	0.02343	0.00946	0.01256	0.00963	0.01373	0.00846	0.00795	0.08510	0.01591	0.72446	0.02020	0.01757	0.01276	0.00653	0.00531	0.00163	0.00460	0.00527	0.00644	0.00900
36	0.01299	0.01247	0.02129	0.05557	0.75884	0.01254	0.01618	0.01614	0.01199	0.01716	0.00993	0.01311	0.00833	0.00473	0.00524	0.00158	0.00630	0.00471	0.00261	0.00830
37	0.01251	0.01414	0.03037	0.02179	0.02703	0.01336	0.72967	0.01741	0.04508	0.01716	0.01116	0.01449	0.00837	0.00457	0.00620	0.00178	0.00871	0.00623	0.00279	0.00718
38	0.02007	0.01345	0.01488	0.01147	0.01554	0.01450	0.00945	0.61189	0.02286	0.15119	0.04998	0.01479	0.01156	0.00659	0.00534	0.00160	0.00545	0.00507	0.00551	0.00880
39	0.00644	0.00460	0.00613	0.00736	0.00767	0.00429	0.00491	0.00736	0.01012	0.01350	0.02914	0.81076	0.03497	0.01656	0.00675	0.00215	0.00307	0.01503	0.00491	0.00429
40	0.10960	0.00682	0.00773	0.00715	0.00890	0.00691	0.00545	0.02629	0.09934	0.02116	0.52651	0.03360	0.08105	0.02935	0.00627	0.00176	0.00301	0.00831	0.00534	0.00546
41	0.01368	0.71671	0.12444	0.00981	0.01476	0.01982	0.01038	0.01595	0.01080	0.01299	0.00762	0.00882	0.00677	0.00459	0.00360	0.00120	0.00593	0.00296	0.00226	0.00692
42	0.00835	0.00597	0.00833	0.00954	0.01069	0.00594	0.00823	0.01066	0.01201	0.01563	0.02808	0.12003	0.03079	0.01476	0.00726	0.00241	0.00472	0.68690	0.00487	0.00482
43	0.02343	0.00946	0.01256	0.00963	0.01373	0.00846	0.00795	0.08510	0.01591	0.72446	0.02020	0.01757	0.01276	0.00653	0.00531	0.00163	0.00460	0.00527	0.00644	0.00900
44	0.01122	0.07437	0.01231	0.00793	0.01261	0.00816	0.00649	0.01351	0.01094	0.01684	0.00923	0.01076	0.00775	0.00396	0.00387	0.00081	0.00405	0.00311	0.00306	0.77900
45	0.01296	0.01243	0.02123	0.06429	0.75040	0.01253	0.01616	0.01611	0.01198	0.01712	0.00992	0.01313	0.00832	0.00473	0.00524	0.00158	0.00631	0.00471	0.00261	0.00827
46	0.00755	0.00566	0.00850	0.00850	0.00944	0.00661	0.00661	0.00944	0.00850	0.01227	0.01416	0.02077	0.01322	0.03965	0.79326	0.00850	0.01416	0.00566	0.00283	0.00472
47	0.00726	0.00618	0.00635	0.00616	0.00809	0.00568	0.00466	0.01053	0.11678	0.01570	0.08458	0.04603	0.63840	0.01241	0.00613	0.00178	0.00288	0.01037	0.00502	0.00503
48	0.00643	0.00464	0.00610	0.00727	0.00764	0.00430	0.00487	0.00737	0.01021	0.01353	0.03029	0.77503	0.06995	0.01641	0.00672	0.00213	0.00305	0.01485	0.00491	0.00430
49	0.01060	0.02735	0.78682	0.01507	0.02288	0.01228	0.01953	0.01674	0.01116	0.01674	0.00949	0.01116	0.00670	0.00502	0.00502	0.00167	0.00781	0.00391	0.00223	0.00781
50	0.01266	0.01370	0.02795	0.02038	0.02498	0.01351	0.61617	0.05905	0.01276	0.01742	0.01117	0.01579	0.00890	0.00544	0.00729	0.00185	0.08448	0.03661	0.00288	0.00701
51	0.00769	0.00513	0.00577	0.00577	0.00577	0.00513	0.00320	0.00769	0.00769	0.01025	0.01666	0.03460	0.01922	0.81421	0.02691	0.00513	0.00513	0.00769	0.00320	0.00320
52	0.00657	0.00477	0.00623	0.00732	0.00782	0.00443	0.00504	0.00765	0.01052	0.01389	0.05064	0.68645	0.09493	0.01604	0.00673	0.00212	0.00312	0.05642	0.00493	0.00436
53	0.01111	0.02382	0.58325	0.01701	0.02416	0.01257	0.21957	0.01679	0.01152	0.01679	0.00981	0.01200	0.00705	0.00487	0.00535	0.00170	0.00811	0.00453	0.00235	0.00763
54	0.01855	0.01353	0.01968	0.01461	0.01914	0.01385	0.23054	0.40290	0.01936	0.17248	0.01367	0.01417	0.00949	0.00583	0.00557	0.00165	0.00647	0.00530	0.00476	0.00845
55	0.01060	0.02735	0.78682	0.01507	0.02288	0.01228	0.01953	0.01674	0.01116	0.01674	0.00949	0.01116	0.00670	0.00502	0.00502	0.00167	0.00781	0.00391	0.00223	0.00781
56	0.00644	0.00460	0.00613	0.00736	0.00767	0.00429	0.00491	0.00736	0.01012	0.01350	0.02914	0.81076	0.03497	0.01656	0.00675	0.00215	0.00307	0.01503	0.00491	0.00429
57	0.00661	0.00472	0.00633	0.00756	0.00794	0.00444	0.00521	0.00766	0.01029	0.01369	0.02904	0.74809	0.03459	0.01640	0.00679	0.00217	0.00322	0.07599	0.00490	0.00434
58	0.00635	0.00536	0.00549	0.00546	0.00720	0.00451	0.00409	0.00778	0.01228	0.01484	0.11185	0.04996	0.72045	0.01318	0.00625	0.00178	0.00266	0.01103	0.00498	0.00451
59	0.01975	0.02520	0.01498	0.01362	0.01634	0.79299	0.01021	0.02111	0.01498	0.01294	0.00817	0.00953	0.00681	0.00545	0.00477	0.00136	0.00953	0.00340	0.00272	0.00613
60	0.00625	0.00536	0.00536	0.00536	0.00714	0.00446	0.00402	0.00759	0.01205	0.01428	0.05355	0.05088	0.77909	0.01339	0.00625	0.00179	0.00268	0.01116	0.00491	0.00446
61	0.01294	0.01118	0.01176	0.01060	0.01355	0.01289	0.00824	0.02748	0.74884	0.02188	0.02248	0.02066	0.03907	0.00736	0.00541	0.00179	0.00414	0.00613	0.00537	0.00825
62	0.01060	0.02735	0.78682	0.01507	0.02288	0.01228	0.01953	0.01674	0.01116	0.01674	0.00949	0.01116	0.00670	0.00502	0.00502	0.00167	0.00781	0.00391	0.00223	0.00781
63	0.01157	0.01157	0.01619	0.01388	0.01388	0.01619	0.01157	0.01272	0.00810	0.01272	0.00694	0.01157	0.00694	0.00925	0.01735	0.00231	0.80453	0.00463	0.00231	0.00578
64	0.01076	0.05706	0.56774	0.01456	0.02086	0.01232	0.06357	0.01611	0.02602	0.01635	0.01146	0.01642	0.00942	0.00624	0.00598	0.00177	0.05304	0.08041	0.00260	0.00732
65	0.00649	0.00462	0.00612	0.00729	0.00759	0.00433	0.00483	0.00738	0.01002	0.01336	0.02860	0.77743	0.03429	0.05082	0.00761	0.00227	0.00316	0.01471	0.00483	0.00425
66	0.00742	0.00540	0.00699	0.00659	0.00786	0.00496	0.00494	0.00986	0.01483	0.02087	0.74436	0.04002	0.08417	0.01093	0.00624	0.00167	0.00250	0.00964	0.00578	0.00496
67	0.01096	0.00940	0.01096	0.00783	0.01253	0.00705	0.00626	0.01331	0.01096	0.01723	0.00940	0.01096	0.00783	0.00392	0.00392	0.00078	0.00392	0.00313	0.00313	0.84653
68	0.01082	0.04231	0.72779	0.01594	0.06613	0.01247	0.01913	0.01669	0.01120	0.01669	0.00947	0.01122	0.00679	0.00499	0.00500	0.00166	0.00768	0.00393	0.00225	0.00782
69	0.01157	0.01157	0.01619	0.01388	0.01388	0.01619	0.01157	0.01272	0.00810	0.01272	0.00694	0.01157	0.00694	0.00925	0.01735	0.00231	0.80453	0.00463	0.00231	0.00578
70	0.00713	0.00539	0.00657	0.00628	0.00768	0.00484	0.00471	0.00928	0.01412	0.01920	0.56870	0.04278	0.26088	0.01155	0.00624	0.00170	0.00255	0.01002	0.00556	0.00484
71	0.00743	0.00537	0.00702	0.00668	0.00789	0.00496	0.00498	0.00986	0.01474	0.02085	0.74418	0.07475	0.04920	0.01107	0.00626	0.00168	0.00252	0.00981	0.00578	0.00496
72	0.00804	0.00574	0.00797	0.00918	0.01019	0.00567	0.00768	0.01012	0.01169	0.01528	0.02826	0.23410	0.03148	0.01506	0.00717	0.00237	0.00445	0.57594	0.00488	0.00473
73	0.01374	0.01151	0.01218	0.01081	0.01389	0.01324	0.00845	0.07017	0.71538	0.03639	0.02100	0.01929	0.01567	0.00711	0.00537	0.00178	0.00428	0.00590	0.00539	0.00841
74	0.04810	0.01020	0.01364	0.01447	0.21948	0.00873	0.00896	0.01465	0.01141	0.04937	0.02335	0.01222	0.00884	0.00440	0.00434	0.00108	0.00456	0.00375	0.00319	0.53525
75	0.01142	0.21066	0.61068	0.01367	0.02072	0.01428	0.01710	0.01653	0.01106	0.01574	0.00899	0.01054	0.00672	0.00491	0.00464	0.00155	0.00731	0.00366	0.00224	0.00757
76	0.01060	0.02735	0.78682	0.01507	0.02288	0.01228	0.01953	0.01674	0.01116	0.01674	0.00949	0.01116	0.00670	0.00502	0.00502	0.00167	0.00781	0.00391	0.00223	0.00781
77	0.01155	0.01062	0.01756	0.02551	0.57289	0.01051	0.01320	0.01449	0.01272	0.01817	0.20122	0.03642	0.01924	0.00647	0.00551	0.00161	0.00527	0.00613	0.00346	0.00745
78	0.01506	0.02648	0.05814	0.01445	0.04941	0.01160	0.21571	0.05521	0.21844	0.18915	0.07588	0.01815	0.01457	0.00627	0.00560	0.00171	0.00579	0.00591	0.00459	0.00787
79	0.01060	0.02735	0.78682	0.01507	0.02288	0.01228	0.01953	0.01674	0.01116	0.01674	0.00949	0.01116	0.00670	0.00502	0.00502	0.00167	0.00781	0.00391	0.00223	0.00781
80	0.00644	0.00460	0.00613	0.00736	0.00767	0.00429	0.00491	0.00736	0.01012	0.01350	0.02914	0.81076	0.03497	0.01656	0.00675	0.00215	0.00307	0.01503	0.00491	0.00429
81	0.00644	0.00460	0.00613	0.00736	0.00767	0.00429	0.00491	0.00736	0.01012	0.01350	0.02914	0.81076	0.03497	0.01656	0.00675	0.00215	0.00307	0.01503	0.00491	0.00429
82	0.04596	0.00976	0.01287	0.01026	0.01383	0.00946	0.05273	0.11024	0.10221	0.42643	0.08036	0.05692	0.01671	0.00737	0.00549	0.00170	0.00465	0.01921	0.00576	0.00809
83	0.01008	0.00950	0.01604	0.77647	0.06065	0.01177	0.01473	0.01360	0.01062	0.01363	0.00941	0.01406	0.00709	0.00527	0.00528	0.00176	0.00702	0.00470	0.00236	0.00595
84	0.00755	0.00566	0.00850	0.00850	0.00944	0.00661	0.00661	0.00944	0.00850	0.01227	0.01416	0.02077	0.01322	0.03965	0.79326	0.00850	0.01416	0.00566	0.00283	0.00472
85	0.01302	0.01249	0.02134	0.04856	0.76563	0.01254	0.01619	0.01617	0.01201	0.01719	0.00993	0.01311	0.00835	0.00472	0.00523	0.00157	0.00630	0.00471	0.00261	0.00832
86	0.00644	0.00460	0.00613	0.00736	0.00767	0.00429	0.00491	0.00736	0.01012	0.01350	0.02914	0.81076	0.03497	0.01656	0.00675	0.00215	0.00307	0.01503	0.00491	0.00429
87	0.01257	0.01204	0.02053	0.15993	0.65776	0.01243	0.01597	0.01577	0.01179	0.01665	0.00985	0.01325	0.00815	0.00481	0.00524	0.00160	0.00641	0.00471	0.00257	0.00796
88	0.01099	0.11325	0.70428	0.01441	0.02187	0.01322	0.01839	0.01664	0.01112	0.01627	0.00925	0.01087	0.00671	0.00497	0.00485	0.00162	0.00758	0.00379	0.00224	0.00770
89	0.01859	0.01913	0.01508	0.01297	0.01564	0.42106	0.01017	0.17121	0.03276	0.07933	0.01020	0.01143	0.00799	0.00641	0.00709	0.00160	0.14477	0.00410	0.00354	0.00693
90	0.01142	0.01205	0.02483	0.01876	0.02287	0.01155	0.54299	0.01525	0.01227	0.01652	0.01509	0.02601	0.01383	0.00725	0.00685	0.00197	0.03178	0.19899	0.00324	0.00650
91	0.00643	0.00466	0.00607	0.00720	0.00763	0.00431	0.00484	0.00738	0.01028	0.01356	0.03110	0.74965	0.09480	0.01631	0.00671	0.00212	0.00304	0.01472	0.00491	0.00431
92	0.01000	0.00809	0.01000	0.00858	0.01191	0.00667	0.00715	0.01238	0.01144	0.01667	0.01674	0.03019	0.01676	0.00814	0.00525	0.00144	0.00429	0.29645	0.00382	0.51405
93	0.00998	0.00940	0.01586	0.80150	0.03641	0.01175	0.01468	0.01351	0.01057	0.01351	0.00940	0.01409	0.00705	0.00529	0.00529	0.00176	0.00705	0.00470	0.00235	0.00587
94	0.00625	0.00536	0.00536	0.00536	0.00714	0.00446	0.00402	0.00759	0.01205	0.01428	0.05355	0.05088	0.77909	0.01339	0.00625	0.00179	0.00268	0.01116	0.00491	0.00446
95	0.01248	0.01426	0.03119	0.02228	0.02763	0.01337	0.76203	0.01693	0.01248	0.01693	0.01070	0.01426	0.00802	0.00446	0.00624	0.00178	0.00891	0.00624	0.00267	0.00713
96	0.03304	0.00983	0.01467	0.01118	0.01507	0.00907	0.12443	0.08671	0.01536	0.48139	0.10658	0.01934	0.01612	0.00666	0.00549	0.00165	0.00501	0.00586	0.02443	0.00809
97	0.78229	0.01081	0.00843	0.00741	0.01074	0.02739	0.00609	0.06336	0.01013	0.02412	0.00772	0.00887	0.00595	0.00501	0.00343	0.00163	0.00431	0.00299	0.00339	0.00594
98	0.01413	0.81739	0.02770	0.00905	0.01357	0.02092	0.00905	0.01583	0.01074	0.01244	0.00735	0.00848	0.00678	0.00452	0.00339	0.00113	0.00565	0.00283	0.00226	0.00678
99	0.01149	0.00938	0.01102	0.00790	0.01257	0.00708	0.00633	0.01383	0.01113	0.04901	0.00987	0.01125	0.00805	0.00402	0.00397	0.00082	0.00394	0.00322	0.00327	0.81185
100	0.00748	0.00540	0.00707	0.00665	0.00790	0.00499	0.00499	0.00998	0.01496	0.02120	0.77844	0.03949	0.04988	0.01081	0.00624	0.00166	0.00249	0.00956	0.00582	0.00499
101	0.02365	0.00911	0.01234	0.00946	0.01355	0.00794	0.00782	0.04041	0.01532	0.76997	0.02069	0.01789	0.01301	0.00654	0.00532	0.00163	0.00452	0.00531	0.00652	0.00900

[dist]
# distance from previous block
# <min> <max>
3	45

[block]
# block no. 4 follows, 46 sequences, length 27
# corresponding to MSA columns:
# 352-378
name=unknown_E
#
# <colnr> <probs for GDERKNQSTAVLIFYWHMCP>
#	G	D	E	R	K	N	Q	S	T	A	V	L	I	F	Y	W	H	M	C	P
0	0.85155	0.01022	0.00777	0.00695	0.01022	0.01186	0.00573	0.01554	0.00900	0.02372	0.00736	0.00859	0.00573	0.00491	0.00327	0.00164	0.00409	0.00286	0.00327	0.00573
1	0.00638	0.00482	0.00591	0.00677	0.00751	0.00434	0.00465	0.00743	0.01069	0.01373	0.03631	0.58749	0.25360	0.01563	0.00660	0.00204	0.00295	0.01389	0.00491	0.00434
2	0.01302	0.01244	0.02091	0.04856	0.73075	0.01257	0.01584	0.01669	0.04561	0.01740	0.01044	0.01340	0.00869	0.00483	0.00524	0.00158	0.00620	0.00477	0.00273	0.00832
3	0.01012	0.00954	0.01610	0.76748	0.06936	0.01178	0.01475	0.01363	0.01064	0.01367	0.00942	0.01405	0.00711	0.00526	0.00528	0.00175	0.00701	0.00470	0.00236	0.00598
4	0.85155	0.01022	0.00777	0.00695	0.01022	0.01186	0.00573	0.01554	0.00900	0.02372	0.00736	0.00859	0.00573	0.00491	0.00327	0.00164	0.00409	0.00286	0.00327	0.00573
5	0.01271	0.01428	0.03073	0.02198	0.02729	0.01346	0.73935	0.03946	0.01285	0.01743	0.01076	0.01421	0.00805	0.00451	0.00621	0.00178	0.00882	0.00619	0.00275	0.00719
6	0.00859	0.00734	0.01233	0.01006	0.01216	0.00684	0.17141	0.01143	0.01416	0.01987	0.58253	0.03377	0.03959	0.03796	0.00697	0.00181	0.00400	0.00876	0.00503	0.00540
7	0.00874	0.00710	0.00970	0.17053	0.01477	0.00682	0.00725	0.01139	0.01313	0.01861	0.43759	0.02820	0.04529	0.00820	0.00553	0.00149	0.00375	0.00718	0.00450	0.19023
8	0.01503	0.01209	0.02151	0.05280	0.43097	0.01172	0.17844	0.01825	0.01272	0.17510	0.01234	0.01439	0.00922	0.00505	0.00547	0.00164	0.00652	0.00517	0.00343	0.00814
9	0.00804	0.00708	0.00882	0.18095	0.01469	0.00660	0.00682	0.01007	0.01150	0.01472	0.03475	0.03457	0.45052	0.00966	0.00556	0.00157	0.00389	0.00808	0.00398	0.17814
10	0.00758	0.01021	0.17773	0.00789	0.01083	0.00634	0.00773	0.01033	0.01274	0.01694	0.26532	0.03866	0.38645	0.01076	0.00597	0.00172	0.00375	0.00907	0.00460	0.00536
11	0.01286	0.01099	0.01505	0.46512	0.02734	0.01306	0.01236	0.18147	0.17041	0.01964	0.01262	0.01495	0.00935	0.00591	0.00531	0.00173	0.00619	0.00497	0.00362	0.00707
12	0.01609	0.01279	0.01369	0.01032	0.01470	0.03819	0.00840	0.41086	0.01845	0.02560	0.01110	0.01183	0.00841	0.00525	0.00467	0.00123	0.00511	0.00400	0.00426	0.37504
13	0.01649	0.01293	0.01500	0.17436	0.01993	0.01472	0.01063	0.44742	0.18615	0.02678	0.01395	0.01453	0.01016	0.00631	0.00531	0.00167	0.00571	0.00501	0.00470	0.00821
14	0.01386	0.02005	0.45695	0.01295	0.01894	0.01154	0.01466	0.02110	0.17923	0.17607	0.01447	0.01445	0.01009	0.00581	0.00516	0.00169	0.00633	0.00465	0.00381	0.00818
15	0.18721	0.01417	0.01176	0.01060	0.01359	0.18438	0.00823	0.02397	0.44825	0.02043	0.01567	0.01519	0.01194	0.00633	0.00481	0.00167	0.00534	0.00477	0.00436	0.00733
16	0.01937	0.00937	0.01180	0.00959	0.01293	0.00895	0.00768	0.18424	0.01624	0.46079	0.02077	0.18004	0.01669	0.00856	0.00560	0.00173	0.00449	0.00719	0.00593	0.00803
17	0.49549	0.01704	0.16975	0.01009	0.01418	0.18373	0.00956	0.01701	0.01076	0.01991	0.00798	0.00933	0.00616	0.00505	0.00396	0.00158	0.00605	0.00320	0.00294	0.00624
18	0.01336	0.01038	0.01849	0.46706	0.02976	0.01128	0.17761	0.01678	0.01193	0.17307	0.01204	0.01493	0.00850	0.00536	0.00550	0.00174	0.00693	0.00516	0.00328	0.00679
19	0.00872	0.01095	0.17036	0.18424	0.01814	0.00891	0.01104	0.01184	0.00950	0.01346	0.01215	0.01732	0.01052	0.02496	0.45769	0.00561	0.01129	0.00509	0.00260	0.00561
20	0.01082	0.00867	0.00918	0.00808	0.01060	0.00892	0.00632	0.17828	0.17151	0.02069	0.10142	0.03507	0.38883	0.01033	0.00586	0.00173	0.00366	0.00854	0.00517	0.00631
21	0.01677	0.01548	0.01384	0.01183	0.01514	0.18566	0.00930	0.25583	0.37248	0.02359	0.01583	0.01529	0.01186	0.00654	0.00522	0.00163	0.00587	0.00503	0.00477	0.00807
22	0.01064	0.00612	0.00875	0.00843	0.00989	0.00634	0.00647	0.01234	0.01022	0.17161	0.01883	0.19393	0.01797	0.02776	0.45807	0.00569	0.00973	0.00765	0.00405	0.00551
23	0.01234	0.01428	0.17458	0.46600	0.02922	0.01288	0.01466	0.17913	0.01383	0.01853	0.01014	0.01318	0.00740	0.00546	0.00523	0.00171	0.00693	0.00455	0.00297	0.00696
24	0.18043	0.00576	0.00647	0.00728	0.00819	0.00585	0.00508	0.00904	0.00989	0.01560	0.02465	0.64561	0.02895	0.01416	0.00603	0.00204	0.00328	0.01252	0.00457	0.00459
25	0.18136	0.00632	0.00688	0.00648	0.00787	0.00643	0.00472	0.01067	0.01204	0.01928	0.43435	0.03159	0.03320	0.18616	0.01011	0.00241	0.00340	0.00766	0.02432	0.00475
26	0.01040	0.00802	0.01247	0.00992	0.01249	0.00735	0.15368	0.03849	0.01142	0.01689	0.11934	0.03707	0.01576	0.00895	0.00845	0.18716	0.00463	0.00562	0.15371	0.17819

[dist]
# distance from previous block
# <min> <max>
0	42

# created by:
# /home/cegg/simao/soft/augustus-3.2.1/scripts/msa2prfl.pl ./align_prep/EOG091G0JI0.fa
