[name]
unknown

[dist]
# distance from previous block
# <min> <max>
0	683

[block]
# block no. 0 follows, 48 sequences, length 34
# corresponding to MSA columns:
# 1009-1042
name=unknown_A
#
# <colnr> <probs for GDERKNQSTAVLIFYWHMCP>
#	G	D	E	R	K	N	Q	S	T	A	V	L	I	F	Y	W	H	M	C	P
0	0.06954	0.09517	0.29086	0.01428	0.09443	0.08004	0.03504	0.04066	0.05736	0.05984	0.01062	0.01285	0.00835	0.00653	0.02868	0.00179	0.06276	0.02119	0.00292	0.00709
1	0.04516	0.14893	0.35624	0.01124	0.01613	0.05632	0.03113	0.02901	0.01152	0.02814	0.08746	0.01699	0.07236	0.02411	0.02795	0.00178	0.00627	0.00487	0.01786	0.00652
2	0.03602	0.20935	0.16339	0.00992	0.01408	0.05487	0.00968	0.11155	0.01296	0.07727	0.06104	0.01635	0.07057	0.03945	0.00564	0.00155	0.01959	0.00468	0.00346	0.07859
3	0.01297	0.10180	0.20023	0.01128	0.03988	0.11790	0.01049	0.10110	0.01330	0.06321	0.10157	0.05774	0.01470	0.02322	0.03308	0.00180	0.00608	0.02092	0.03763	0.03110
4	0.03865	0.35135	0.26396	0.01182	0.04775	0.07123	0.01201	0.01662	0.04534	0.04015	0.00950	0.02724	0.00781	0.00503	0.00419	0.00137	0.00619	0.00367	0.00261	0.03352
5	0.03707	0.30804	0.24672	0.01146	0.04665	0.04363	0.01153	0.03341	0.01123	0.05414	0.01186	0.03257	0.05266	0.00564	0.00473	0.00141	0.03232	0.00415	0.00278	0.04802
6	0.04041	0.17189	0.17391	0.02912	0.01414	0.02863	0.00924	0.01394	0.02578	0.03394	0.01478	0.04784	0.09379	0.02529	0.00490	0.00137	0.00500	0.00470	0.00305	0.25828
7	0.14413	0.38036	0.11858	0.02877	0.04001	0.09587	0.00994	0.06035	0.02652	0.01611	0.00848	0.00974	0.00698	0.00483	0.00387	0.00133	0.00584	0.00327	0.02840	0.00662
8	0.00968	0.03753	0.19110	0.06452	0.01434	0.04683	0.00949	0.04095	0.02744	0.01754	0.27543	0.12201	0.02460	0.00820	0.00535	0.00157	0.00471	0.00701	0.00396	0.08772
9	0.00738	0.00516	0.00660	0.00664	0.00699	0.00549	0.00440	0.00809	0.00783	0.01078	0.01562	0.05218	0.01693	0.50268	0.31527	0.00611	0.00820	0.00694	0.00302	0.00369
10	0.00819	0.00601	0.00839	0.00814	0.00911	0.00697	0.00629	0.04018	0.00903	0.01323	0.01380	0.02029	0.01283	0.08694	0.61335	0.00690	0.04651	0.00549	0.07365	0.00471
11	0.00745	0.00501	0.00576	0.00576	0.00582	0.00507	0.00332	0.00757	0.00751	0.01007	0.01601	0.03273	0.01828	0.77006	0.07523	0.00518	0.00553	0.00734	0.00309	0.00320
12	0.01029	0.02654	0.79309	0.01462	0.02221	0.01192	0.01896	0.01625	0.01083	0.01625	0.00921	0.01083	0.00650	0.00487	0.00487	0.00162	0.00758	0.00379	0.00217	0.00758
13	0.01823	0.01374	0.01468	0.01155	0.01543	0.01532	0.00944	0.63016	0.16659	0.03028	0.01394	0.01361	0.01004	0.00631	0.00515	0.00158	0.00535	0.00484	0.00515	0.00861
14	0.01337	0.74128	0.10530	0.00938	0.01409	0.01944	0.00982	0.01545	0.01047	0.01250	0.00735	0.00850	0.00658	0.00444	0.00345	0.00115	0.00570	0.00285	0.00219	0.00669
15	0.01161	0.01161	0.01604	0.01353	0.01401	0.03950	0.05173	0.03468	0.00875	0.01306	0.00752	0.01225	0.00734	0.04181	0.01592	0.00228	0.68562	0.00466	0.00240	0.00568
16	0.00697	0.00480	0.00632	0.00707	0.00773	0.00445	0.00494	0.00821	0.01090	0.03708	0.15387	0.60071	0.07250	0.01465	0.00642	0.00198	0.00297	0.03901	0.00495	0.00444
17	0.02171	0.00864	0.01165	0.00898	0.01284	0.00749	0.00738	0.02393	0.02672	0.71599	0.05070	0.01805	0.01398	0.00642	0.00514	0.00156	0.00426	0.00525	0.00617	0.04314
18	0.00629	0.00450	0.00592	0.00703	0.00736	0.00420	0.00468	0.00716	0.00979	0.01300	0.02847	0.76632	0.05367	0.04607	0.00727	0.00218	0.00304	0.01422	0.00470	0.00413
19	0.01210	0.01158	0.01975	0.18557	0.63826	0.01203	0.01545	0.01522	0.01140	0.01604	0.00955	0.01289	0.00787	0.00468	0.00509	0.00156	0.00624	0.00457	0.00249	0.00765
20	0.51130	0.01198	0.02914	0.00922	0.01166	0.09255	0.00764	0.01527	0.03611	0.01911	0.00825	0.03192	0.00709	0.00614	0.00654	0.00173	0.18198	0.00367	0.00301	0.00571
21	0.01917	0.02423	0.01456	0.01319	0.01586	0.78133	0.00991	0.03749	0.01476	0.01301	0.00803	0.00932	0.00666	0.00531	0.00464	0.00133	0.00917	0.00333	0.00270	0.00601
22	0.03043	0.01232	0.05387	0.03838	0.40388	0.01191	0.04569	0.07247	0.10459	0.09787	0.01213	0.01370	0.00931	0.00526	0.00538	0.00156	0.02800	0.00471	0.00345	0.04509
23	0.01354	0.78718	0.02593	0.00861	0.01286	0.01963	0.00855	0.01522	0.01044	0.01238	0.00755	0.00870	0.00687	0.00446	0.00331	0.00110	0.00535	0.00283	0.03899	0.00651
24	0.00733	0.00550	0.00825	0.00825	0.00916	0.00641	0.00641	0.00916	0.00825	0.01191	0.01374	0.02016	0.01283	0.03848	0.79934	0.00825	0.01374	0.00550	0.00275	0.00458
25	0.01198	0.01166	0.01880	0.10210	0.04690	0.04138	0.26917	0.09542	0.09035	0.01721	0.01391	0.12720	0.01260	0.00729	0.00692	0.00180	0.09169	0.02368	0.00341	0.00653
26	0.01432	0.04007	0.10397	0.16497	0.07462	0.22217	0.01134	0.05339	0.05501	0.09531	0.01294	0.07984	0.01102	0.00657	0.00510	0.00160	0.00662	0.03114	0.00339	0.00662
27	0.00652	0.00470	0.00618	0.00718	0.00770	0.00440	0.00502	0.00766	0.01036	0.01375	0.07503	0.63545	0.07706	0.03224	0.00695	0.00212	0.00313	0.08551	0.00478	0.00425
28	0.00630	0.00456	0.00597	0.00707	0.00750	0.00423	0.00481	0.00727	0.01002	0.01322	0.03000	0.73653	0.08936	0.01579	0.00653	0.00207	0.00300	0.03680	0.00476	0.00420
29	0.01161	0.01215	0.04826	0.25435	0.37947	0.01212	0.17653	0.01515	0.01133	0.01561	0.00964	0.01316	0.00762	0.00469	0.00530	0.00163	0.00691	0.00486	0.00246	0.00714
30	0.01301	0.01125	0.01157	0.01029	0.01315	0.03709	0.00802	0.08163	0.63798	0.02176	0.05981	0.02011	0.03704	0.00719	0.00526	0.00171	0.00422	0.00595	0.00514	0.00783
31	0.00676	0.00508	0.00584	0.00615	0.00743	0.00445	0.00447	0.00806	0.01138	0.03671	0.09613	0.29827	0.44383	0.01366	0.00622	0.00185	0.00282	0.03155	0.00487	0.00445
32	0.06378	0.00769	0.00951	0.00795	0.01062	0.00729	0.00628	0.05970	0.04047	0.36693	0.17538	0.06643	0.02102	0.05126	0.00629	0.00177	0.00379	0.00647	0.08055	0.00683
33	0.00750	0.00587	0.00689	0.00670	0.00823	0.00558	0.00511	0.01081	0.09665	0.01784	0.38241	0.07027	0.28499	0.01138	0.00605	0.00173	0.00283	0.05891	0.00522	0.00500

[dist]
# distance from previous block
# <min> <max>
0	40

[block]
# block no. 1 follows, 48 sequences, length 37
# corresponding to MSA columns:
# 1083-1119
name=unknown_B
#
# <colnr> <probs for GDERKNQSTAVLIFYWHMCP>
#	G	D	E	R	K	N	Q	S	T	A	V	L	I	F	Y	W	H	M	C	P
0	0.00625	0.00447	0.00595	0.00714	0.00744	0.00417	0.00476	0.00714	0.00982	0.01310	0.02828	0.81633	0.03394	0.01608	0.00655	0.00208	0.00298	0.01459	0.00476	0.00417
1	0.01061	0.06368	0.64437	0.01458	0.02142	0.01225	0.08369	0.01599	0.01086	0.01608	0.00942	0.01127	0.00685	0.00493	0.00511	0.00161	0.02414	0.00399	0.03181	0.00734
2	0.10042	0.00908	0.01140	0.00893	0.01261	0.00847	0.00734	0.09180	0.01498	0.58482	0.08108	0.01784	0.01459	0.00652	0.00504	0.00159	0.00429	0.00522	0.00588	0.00811
3	0.01211	0.01384	0.03028	0.02163	0.02682	0.01298	0.76903	0.01644	0.01211	0.01644	0.01038	0.01384	0.00779	0.00433	0.00606	0.00173	0.00865	0.00606	0.00260	0.00692
4	0.00969	0.00912	0.01539	0.80734	0.03534	0.01140	0.01425	0.01311	0.01026	0.01311	0.00912	0.01368	0.00684	0.00513	0.00513	0.00171	0.00684	0.00456	0.00228	0.00570
5	0.01262	0.01036	0.06047	0.01235	0.11715	0.00977	0.00904	0.08241	0.22308	0.11404	0.07281	0.02646	0.11940	0.02427	0.00594	0.00179	0.00451	0.08182	0.00467	0.00705
6	0.01127	0.01201	0.02423	0.19088	0.11980	0.01200	0.45979	0.01505	0.01150	0.01550	0.01158	0.01513	0.03456	0.00612	0.03579	0.00195	0.00794	0.00570	0.00260	0.00663
7	0.04533	0.00811	0.01083	0.00856	0.01198	0.00716	0.00698	0.02183	0.01448	0.62346	0.16319	0.02110	0.01918	0.00708	0.00527	0.00159	0.00399	0.00586	0.00612	0.00791
8	0.00715	0.00577	0.00685	0.00659	0.00777	0.00571	0.00496	0.00869	0.01171	0.01553	0.25086	0.09957	0.37201	0.05172	0.00815	0.00192	0.08808	0.00964	0.03278	0.00455
9	0.01230	0.04774	0.06246	0.05171	0.22256	0.03097	0.34111	0.03479	0.01202	0.03970	0.01187	0.08667	0.01026	0.00566	0.00555	0.00166	0.00701	0.00600	0.00291	0.00703
10	0.01409	0.67896	0.02625	0.01030	0.01470	0.04582	0.08915	0.01602	0.01091	0.04206	0.00800	0.00921	0.00694	0.00449	0.00370	0.00119	0.00591	0.00320	0.00241	0.00668
11	0.00650	0.00490	0.00623	0.00697	0.00779	0.00463	0.00503	0.00773	0.01027	0.01333	0.03243	0.46055	0.22243	0.01790	0.10441	0.00278	0.00435	0.07294	0.00451	0.00431
12	0.01198	0.22498	0.47564	0.01343	0.05162	0.08023	0.01499	0.01622	0.01108	0.01501	0.00885	0.01040	0.00682	0.00481	0.00442	0.00145	0.00696	0.00355	0.03043	0.00712
13	0.01284	0.01460	0.16303	0.05724	0.29252	0.03381	0.03888	0.07659	0.15432	0.03859	0.02845	0.01439	0.01028	0.00545	0.00506	0.00159	0.00592	0.00479	0.03399	0.00768
14	0.00695	0.00478	0.00622	0.00706	0.00771	0.00440	0.00489	0.00807	0.01054	0.04097	0.08118	0.64259	0.10293	0.01502	0.00644	0.00201	0.00301	0.03595	0.00488	0.00440
15	0.10747	0.00976	0.09068	0.06342	0.01358	0.00865	0.05416	0.03836	0.02543	0.08522	0.11064	0.15291	0.09993	0.03857	0.00700	0.00189	0.06096	0.02156	0.00404	0.00575
16	0.01167	0.04975	0.26187	0.16622	0.11383	0.01123	0.02656	0.05837	0.02431	0.06371	0.01204	0.06642	0.01007	0.01693	0.00556	0.00167	0.02267	0.02053	0.02064	0.03594
17	0.02394	0.00872	0.02673	0.01997	0.04880	0.03727	0.01758	0.02522	0.04192	0.11329	0.03708	0.18174	0.14250	0.01121	0.03858	0.00210	0.15158	0.03047	0.03555	0.00574
18	0.01169	0.01230	0.02448	0.12455	0.23497	0.01211	0.42349	0.01539	0.01168	0.01597	0.01099	0.03897	0.00910	0.00510	0.00571	0.00170	0.00745	0.02475	0.00266	0.00695
19	0.01231	0.04979	0.09100	0.18682	0.34002	0.04354	0.08409	0.02815	0.01164	0.04694	0.01078	0.05239	0.00902	0.00538	0.00514	0.00159	0.00649	0.00502	0.00275	0.00714
20	0.01136	0.06568	0.36280	0.06922	0.15114	0.01201	0.12149	0.01605	0.03461	0.04067	0.02767	0.01418	0.03962	0.00529	0.00509	0.00160	0.00679	0.00473	0.00270	0.00727
21	0.02016	0.00837	0.01133	0.00900	0.01247	0.00760	0.00737	0.04940	0.01400	0.62914	0.01975	0.01844	0.03116	0.01128	0.12313	0.00258	0.00576	0.00533	0.00573	0.00801
22	0.00677	0.00646	0.06963	0.00782	0.00892	0.00499	0.00620	0.00826	0.01027	0.01365	0.02866	0.60736	0.09579	0.01471	0.00643	0.00205	0.00350	0.08949	0.00455	0.00451
23	0.01484	0.05290	0.18208	0.04410	0.16751	0.08703	0.05458	0.09437	0.03525	0.14386	0.01240	0.01439	0.00935	0.00556	0.00500	0.00156	0.00629	0.02713	0.03429	0.00751
24	0.01568	0.50922	0.02263	0.01068	0.01457	0.24253	0.03683	0.05508	0.01243	0.02756	0.00798	0.00910	0.00685	0.00477	0.00390	0.00122	0.00667	0.00316	0.00256	0.00656
25	0.01064	0.00912	0.01064	0.00760	0.01216	0.00684	0.00608	0.01292	0.01064	0.01672	0.00912	0.01064	0.00760	0.00380	0.00380	0.00076	0.00380	0.00304	0.00304	0.85104
26	0.00829	0.00882	0.12067	0.00789	0.01057	0.00607	0.03734	0.01052	0.01189	0.06966	0.10823	0.11294	0.42979	0.01109	0.00590	0.00174	0.00375	0.02509	0.00450	0.00526
27	0.12580	0.05763	0.09415	0.01225	0.08600	0.02595	0.02471	0.09899	0.12389	0.17111	0.01420	0.06603	0.01118	0.00640	0.00530	0.00161	0.03741	0.00507	0.00413	0.02820
28	0.00741	0.00509	0.00603	0.00614	0.00645	0.00505	0.00391	0.00797	0.00870	0.01164	0.08365	0.06379	0.05142	0.59296	0.05360	0.00439	0.00494	0.06978	0.00356	0.00353
29	0.00723	0.00547	0.00721	0.00763	0.04608	0.00504	0.00525	0.00933	0.01336	0.01847	0.54579	0.14796	0.13932	0.01131	0.00608	0.00169	0.00270	0.00999	0.00526	0.00484
30	0.02711	0.09546	0.38874	0.02719	0.08077	0.04825	0.08449	0.05379	0.01215	0.10587	0.01045	0.01179	0.00758	0.00508	0.00506	0.00157	0.02012	0.00415	0.00291	0.00749
31	0.01217	0.02901	0.03753	0.13244	0.48985	0.02681	0.12249	0.02331	0.01164	0.01606	0.01072	0.01376	0.02874	0.00494	0.00538	0.00158	0.01871	0.00487	0.00258	0.00741
32	0.00631	0.00464	0.00593	0.00694	0.00750	0.00427	0.00478	0.00733	0.01020	0.01331	0.03193	0.66423	0.15100	0.01551	0.00650	0.00204	0.00299	0.04560	0.00476	0.00422
33	0.01207	0.01281	0.02567	0.07928	0.04372	0.03574	0.57695	0.01584	0.01200	0.04517	0.01291	0.05469	0.03638	0.00538	0.00591	0.00172	0.00781	0.00638	0.00290	0.00667
34	0.01451	0.01371	0.01607	0.14878	0.26720	0.19552	0.02596	0.05508	0.01297	0.08359	0.03189	0.01486	0.00993	0.00571	0.00535	0.00155	0.02704	0.02944	0.03395	0.00689
35	0.41187	0.03896	0.01436	0.04878	0.25228	0.07158	0.04800	0.01587	0.01048	0.03321	0.00846	0.01041	0.00676	0.00475	0.00414	0.00154	0.00544	0.00365	0.00290	0.00655
36	0.03381	0.09658	0.39473	0.01322	0.08057	0.04424	0.01345	0.01534	0.02432	0.04354	0.14704	0.01733	0.02918	0.00620	0.00497	0.00157	0.00601	0.01789	0.00315	0.00686

[dist]
# distance from previous block
# <min> <max>
0	1

[block]
# block no. 2 follows, 48 sequences, length 26
# corresponding to MSA columns:
# 1122-1130,1136-1146,1148-1153
name=unknown_C
#
# <colnr> <probs for GDERKNQSTAVLIFYWHMCP>
#	G	D	E	R	K	N	Q	S	T	A	V	L	I	F	Y	W	H	M	C	P
0	0.00706	0.00541	0.00672	0.00706	0.00833	0.00478	0.00518	0.00846	0.01076	0.01435	0.06858	0.43688	0.17682	0.01341	0.00614	0.00186	0.00318	0.09853	0.00458	0.11192
1	0.32966	0.05143	0.09569	0.01021	0.05737	0.09712	0.00846	0.07117	0.01176	0.01932	0.06820	0.01660	0.10730	0.00647	0.00475	0.00157	0.02875	0.00471	0.00342	0.00605
2	0.01006	0.00566	0.00720	0.00712	0.00851	0.00521	0.00526	0.01144	0.01120	0.16617	0.06504	0.30001	0.13872	0.09126	0.03782	0.00239	0.00385	0.06298	0.05500	0.00511
3	0.01151	0.07678	0.01181	0.00778	0.01203	0.00786	0.00633	0.01363	0.01086	0.07047	0.01087	0.05880	0.00944	0.00476	0.00402	0.00092	0.00393	0.00385	0.00330	0.67106
4	0.12578	0.05996	0.08713	0.05623	0.06374	0.14573	0.04857	0.08253	0.03035	0.01760	0.02250	0.01315	0.00901	0.02832	0.04717	0.00190	0.02342	0.00419	0.08387	0.04886
5	0.00995	0.02840	0.03034	0.14083	0.01563	0.00856	0.00828	0.02396	0.01025	0.01497	0.01142	0.04438	0.01049	0.02912	0.10578	0.00224	0.06236	0.04690	0.00297	0.39319
6	0.01047	0.01082	0.02162	0.01634	0.01990	0.01040	0.48132	0.01374	0.01150	0.01572	0.01727	0.11261	0.07754	0.00741	0.00657	0.00181	0.04671	0.05879	0.05341	0.00604
7	0.01151	0.02957	0.01476	0.25021	0.19576	0.02959	0.02250	0.01691	0.18024	0.04442	0.10850	0.01829	0.01484	0.03399	0.00593	0.00175	0.00541	0.00549	0.00359	0.00674
8	0.00706	0.00567	0.00638	0.00627	0.00783	0.00522	0.00472	0.00981	0.07648	0.01655	0.27219	0.09668	0.42274	0.01197	0.00605	0.00174	0.00275	0.03002	0.00507	0.00480
9	0.01290	0.01016	0.10198	0.00953	0.03306	0.00795	0.00815	0.01680	0.09516	0.21414	0.20725	0.05020	0.04412	0.00744	0.00551	0.00152	0.02433	0.00623	0.00474	0.13884
10	0.01219	0.05967	0.23712	0.01568	0.07834	0.05889	0.19811	0.07815	0.06664	0.01785	0.07578	0.03822	0.01211	0.00575	0.00525	0.00159	0.00667	0.00529	0.00317	0.02351
11	0.00640	0.00474	0.00598	0.00666	0.00739	0.00432	0.00462	0.00765	0.01103	0.01460	0.17026	0.53285	0.17574	0.01449	0.00637	0.00193	0.00281	0.01293	0.00492	0.00432
12	0.01064	0.00912	0.01064	0.00760	0.01216	0.00684	0.00608	0.01292	0.01064	0.01672	0.00912	0.01064	0.00760	0.00380	0.00380	0.00076	0.00380	0.00304	0.00304	0.85104
13	0.02100	0.15756	0.33207	0.01282	0.05483	0.04754	0.04486	0.05137	0.03935	0.01674	0.09912	0.01472	0.01238	0.00743	0.04856	0.00187	0.00665	0.00457	0.01970	0.00685
14	0.00617	0.00514	0.00539	0.00546	0.00703	0.00436	0.00404	0.00752	0.01175	0.01430	0.10526	0.11261	0.66722	0.01306	0.00610	0.00175	0.00262	0.01103	0.00483	0.00436
15	0.07428	0.29996	0.03720	0.01039	0.04118	0.14422	0.00871	0.04316	0.05130	0.10388	0.01911	0.01156	0.00865	0.00510	0.00412	0.00128	0.00562	0.01153	0.00325	0.11549
16	0.00958	0.00586	0.00823	0.00883	0.06227	0.00607	0.00563	0.00995	0.10408	0.01110	0.01090	0.01691	0.01028	0.06318	0.01750	0.63414	0.00455	0.00481	0.00268	0.00344
17	0.03941	0.21336	0.09150	0.01048	0.01421	0.06390	0.00952	0.27250	0.02949	0.03288	0.01254	0.08034	0.01106	0.00889	0.06049	0.00198	0.00624	0.03051	0.00372	0.00700
18	0.01288	0.06997	0.06880	0.06352	0.28882	0.01300	0.20360	0.09037	0.01261	0.03512	0.01075	0.04649	0.00895	0.00545	0.00585	0.00162	0.04674	0.00521	0.00292	0.00733
19	0.00833	0.09758	0.01040	0.00811	0.00967	0.00793	0.00647	0.01008	0.00865	0.01223	0.01275	0.01874	0.01200	0.07375	0.60189	0.00664	0.01151	0.00509	0.00273	0.07544
20	0.04453	0.07848	0.01352	0.05841	0.02686	0.20155	0.02905	0.03530	0.25546	0.03616	0.01602	0.10187	0.01421	0.00749	0.00513	0.00165	0.00572	0.05809	0.00394	0.00657
21	0.05747	0.07760	0.01216	0.02549	0.03971	0.03792	0.00756	0.16966	0.06781	0.04646	0.15206	0.10964	0.06937	0.00816	0.00560	0.00158	0.03507	0.00665	0.00436	0.06567
22	0.10423	0.01233	0.07951	0.01255	0.05909	0.01155	0.09844	0.20880	0.07264	0.07636	0.07340	0.06252	0.01333	0.00653	0.00543	0.00160	0.02898	0.00550	0.00412	0.06310
23	0.06802	0.01072	0.12930	0.02348	0.01217	0.05430	0.02209	0.01196	0.01108	0.03526	0.11557	0.18308	0.07217	0.04546	0.03370	0.00203	0.02036	0.04531	0.00381	0.10012
24	0.26110	0.12274	0.01231	0.00817	0.01185	0.03095	0.00681	0.06494	0.07205	0.06456	0.05760	0.01247	0.01034	0.00516	0.00398	0.00129	0.00431	0.00376	0.00361	0.24200
25	0.11258	0.16452	0.09936	0.01131	0.03528	0.10294	0.07037	0.07224	0.06986	0.03691	0.06474	0.01409	0.01121	0.03792	0.02440	0.00173	0.00598	0.00440	0.00329	0.05688

[dist]
# distance from previous block
# <min> <max>
11	65

[block]
# block no. 3 follows, 48 sequences, length 12
# corresponding to MSA columns:
# 1229-1240
name=unknown_D
#
# <colnr> <probs for GDERKNQSTAVLIFYWHMCP>
#	G	D	E	R	K	N	Q	S	T	A	V	L	I	F	Y	W	H	M	C	P
0	0.06431	0.03061	0.16454	0.01213	0.01606	0.11714	0.11145	0.12551	0.04234	0.04207	0.07434	0.08169	0.04788	0.00703	0.00523	0.00162	0.00604	0.02198	0.00369	0.02433
1	0.06435	0.01013	0.01221	0.01251	0.11229	0.05295	0.03106	0.13529	0.09756	0.08902	0.06670	0.11210	0.04409	0.00967	0.03515	0.00198	0.00518	0.09668	0.00443	0.00664
2	0.05535	0.01030	0.05211	0.00844	0.01094	0.07941	0.00697	0.13527	0.07330	0.02036	0.30068	0.02917	0.17951	0.00895	0.00550	0.00161	0.00408	0.00739	0.00476	0.00591
3	0.03682	0.01189	0.05994	0.35794	0.28140	0.01219	0.07198	0.07679	0.01200	0.01662	0.00960	0.01294	0.00744	0.00494	0.00511	0.00163	0.00659	0.00459	0.00265	0.00695
4	0.42085	0.05558	0.01252	0.01040	0.04988	0.08302	0.04923	0.07548	0.07485	0.10863	0.01052	0.01115	0.00784	0.00522	0.00410	0.00155	0.00507	0.00375	0.00369	0.00666
5	0.01223	0.01349	0.06388	0.44798	0.06458	0.13464	0.07546	0.05551	0.05403	0.01513	0.00988	0.01301	0.00751	0.00520	0.00511	0.00163	0.00716	0.00451	0.00268	0.00636
6	0.00969	0.13057	0.03596	0.01056	0.11009	0.00855	0.00742	0.01191	0.02614	0.04824	0.18093	0.19791	0.11715	0.00939	0.00535	0.00158	0.00388	0.00814	0.00413	0.07239
7	0.02842	0.02924	0.04730	0.08096	0.05572	0.00822	0.00738	0.09262	0.01119	0.01629	0.02716	0.06869	0.01400	0.17796	0.08630	0.01474	0.00557	0.02143	0.13700	0.06982
8	0.01472	0.28640	0.01921	0.04328	0.12019	0.16531	0.01023	0.08619	0.14101	0.01625	0.01045	0.01156	0.00853	0.00540	0.00493	0.00142	0.04084	0.00392	0.00310	0.00705
9	0.08240	0.10680	0.22907	0.01505	0.10998	0.08402	0.08745	0.08103	0.01213	0.01728	0.00897	0.01086	0.00706	0.00503	0.00534	0.00150	0.05553	0.00392	0.00271	0.07387
10	0.09084	0.11136	0.01771	0.07176	0.10699	0.15745	0.09629	0.14693	0.11752	0.01899	0.01083	0.01215	0.00842	0.00530	0.00475	0.00151	0.00640	0.00430	0.00337	0.00710
11	0.01195	0.01143	0.01947	0.22442	0.60059	0.01199	0.01537	0.01509	0.01133	0.01585	0.00952	0.01294	0.00781	0.00471	0.00509	0.00157	0.00628	0.00457	0.00248	0.00752

[dist]
# distance from previous block
# <min> <max>
0	1

[block]
# block no. 4 follows, 48 sequences, length 76
# corresponding to MSA columns:
# 1242-1282,1288-1322
name=unknown_E
#
# <colnr> <probs for GDERKNQSTAVLIFYWHMCP>
#	G	D	E	R	K	N	Q	S	T	A	V	L	I	F	Y	W	H	M	C	P
0	0.01201	0.01014	0.01216	0.00894	0.01335	0.00869	0.03913	0.11342	0.06380	0.01907	0.01038	0.01156	0.00829	0.00434	0.00417	0.00097	0.00427	0.00356	0.00344	0.64830
1	0.02544	0.14992	0.37622	0.05218	0.04668	0.03695	0.01386	0.08421	0.01209	0.05119	0.01138	0.03976	0.03065	0.00580	0.00527	0.00157	0.04249	0.00440	0.00285	0.00712
2	0.01378	0.01199	0.01244	0.01147	0.04651	0.05112	0.00861	0.13130	0.57347	0.02210	0.01970	0.01853	0.04208	0.00689	0.00520	0.00168	0.00457	0.00564	0.00495	0.00796
3	0.00823	0.00585	0.00684	0.00646	0.00685	0.00610	0.00408	0.03595	0.00827	0.01128	0.01510	0.02996	0.01689	0.67263	0.06294	0.00469	0.04827	0.00691	0.00312	0.03957
4	0.01854	0.02301	0.01494	0.01416	0.05694	0.70474	0.01027	0.04266	0.01443	0.01337	0.00811	0.00960	0.00676	0.00541	0.00511	0.00137	0.03827	0.00346	0.00270	0.00614
5	0.04310	0.01339	0.02577	0.06459	0.15602	0.04591	0.52073	0.01604	0.01186	0.01631	0.01039	0.03242	0.00829	0.00475	0.00568	0.00168	0.00783	0.00569	0.00264	0.00690
6	0.00804	0.00635	0.00879	0.01050	0.10794	0.00596	0.00654	0.03220	0.01053	0.01453	0.02253	0.55994	0.02586	0.01380	0.03969	0.00210	0.00401	0.01125	0.00420	0.10524
7	0.00891	0.00446	0.00668	0.00668	0.00668	0.00446	0.00446	0.00668	0.00668	0.00891	0.00891	0.01560	0.00891	0.01783	0.02005	0.85071	0.00446	0.00446	0.00223	0.00223
8	0.01372	0.01150	0.01214	0.01063	0.01371	0.01321	0.00835	0.13243	0.67168	0.02300	0.01967	0.01818	0.01468	0.00685	0.00521	0.00171	0.00429	0.00563	0.00521	0.00821
9	0.01066	0.00833	0.00870	0.00767	0.00989	0.07363	0.00589	0.04328	0.07077	0.08078	0.33411	0.05245	0.14217	0.00897	0.00547	0.00152	0.00360	0.00758	0.02576	0.09877
10	0.03251	0.08032	0.72050	0.01402	0.02127	0.01248	0.01792	0.01616	0.01075	0.01614	0.00901	0.01059	0.00648	0.00484	0.00472	0.00159	0.00735	0.00369	0.00219	0.00746
11	0.01029	0.02654	0.79309	0.01462	0.02221	0.01192	0.01896	0.01625	0.01083	0.01625	0.00921	0.01083	0.00650	0.00487	0.00487	0.00162	0.00758	0.00379	0.00217	0.00758
12	0.01211	0.01384	0.03028	0.02163	0.02682	0.01298	0.76903	0.01644	0.01211	0.01644	0.01038	0.01384	0.00779	0.00433	0.00606	0.00173	0.00865	0.00606	0.00260	0.00692
13	0.01106	0.01077	0.04350	0.20088	0.44100	0.01078	0.01353	0.03497	0.01138	0.01575	0.01268	0.14614	0.01208	0.00666	0.00533	0.00166	0.00578	0.00620	0.00291	0.00692
14	0.01036	0.00976	0.01646	0.55791	0.24119	0.01129	0.01424	0.01357	0.01063	0.01412	0.01012	0.04937	0.00841	0.00547	0.00518	0.00168	0.00646	0.00501	0.00246	0.00630
15	0.00625	0.00447	0.00595	0.00714	0.00744	0.00417	0.00476	0.00714	0.00982	0.01310	0.02828	0.81633	0.03394	0.01608	0.00655	0.00208	0.00298	0.01459	0.00476	0.00417
16	0.01016	0.02559	0.75786	0.01426	0.02156	0.01160	0.01833	0.01596	0.01100	0.01644	0.04397	0.01206	0.00838	0.00513	0.00493	0.00162	0.00735	0.00404	0.00232	0.00746
17	0.01187	0.06033	0.42469	0.02943	0.07256	0.01241	0.23738	0.01668	0.01145	0.06007	0.01010	0.01213	0.00734	0.00476	0.00518	0.00162	0.00750	0.00454	0.00256	0.00741
18	0.00625	0.00447	0.00595	0.00714	0.00744	0.00417	0.00476	0.00714	0.00982	0.01310	0.02828	0.81633	0.03394	0.01608	0.00655	0.00208	0.00298	0.01459	0.00476	0.00417
19	0.00625	0.00447	0.00595	0.00714	0.00744	0.00417	0.00476	0.00714	0.00982	0.01310	0.02828	0.81633	0.03394	0.01608	0.00655	0.00208	0.00298	0.01459	0.00476	0.00417
20	0.00882	0.00807	0.05077	0.00929	0.05397	0.04156	0.03437	0.01111	0.03204	0.05413	0.20663	0.23660	0.21035	0.01115	0.00594	0.00175	0.00377	0.00979	0.00462	0.00528
21	0.01094	0.01485	0.22272	0.05562	0.31331	0.01103	0.08079	0.01545	0.06578	0.01652	0.03835	0.04426	0.07548	0.00611	0.00529	0.00163	0.00609	0.00560	0.00298	0.00721
22	0.00757	0.00573	0.00789	0.00773	0.00838	0.00655	0.00572	0.00883	0.00818	0.01151	0.01581	0.02463	0.05214	0.24702	0.49723	0.00663	0.06508	0.00622	0.00291	0.00424
23	0.01064	0.00912	0.01064	0.00760	0.01216	0.00684	0.00608	0.01292	0.01064	0.01672	0.00912	0.01064	0.00760	0.00380	0.00380	0.00076	0.00380	0.00304	0.00304	0.85104
24	0.01182	0.01015	0.03096	0.00869	0.01317	0.00812	0.02998	0.09037	0.02270	0.03740	0.01032	0.02796	0.00848	0.00444	0.00414	0.00095	0.00423	0.00364	0.00336	0.66912
25	0.01038	0.02591	0.75543	0.01497	0.02244	0.01197	0.05598	0.01626	0.01090	0.01626	0.00927	0.01098	0.00656	0.00485	0.00493	0.00163	0.00764	0.00390	0.00219	0.00755
26	0.01211	0.10406	0.48081	0.03329	0.04223	0.04750	0.04393	0.03378	0.01152	0.05868	0.00966	0.01112	0.00711	0.00484	0.00469	0.00148	0.00688	0.00382	0.00259	0.07993
27	0.00738	0.00579	0.00677	0.00642	0.00777	0.02783	0.00481	0.00956	0.01400	0.01909	0.62515	0.03955	0.18522	0.01081	0.00601	0.00163	0.00265	0.00940	0.00540	0.00478
28	0.01101	0.02553	0.74875	0.01431	0.02169	0.01167	0.01831	0.01675	0.01105	0.06024	0.00983	0.01121	0.00685	0.00496	0.00489	0.00162	0.00740	0.00387	0.00240	0.00765
29	0.01472	0.00999	0.01220	0.01046	0.01329	0.01056	0.03436	0.28073	0.10283	0.12946	0.01878	0.06818	0.01666	0.03489	0.04555	0.00223	0.00542	0.17770	0.00493	0.00706
30	0.01106	0.01143	0.03514	0.57257	0.15565	0.08028	0.01416	0.01424	0.01082	0.01372	0.00905	0.01300	0.00702	0.00514	0.00536	0.00166	0.02675	0.00443	0.00235	0.00616
31	0.00969	0.00912	0.01539	0.80734	0.03534	0.01140	0.01425	0.01311	0.01026	0.01311	0.00912	0.01368	0.00684	0.00513	0.00513	0.00171	0.00684	0.00456	0.00228	0.00570
32	0.00838	0.00473	0.00679	0.00679	0.00695	0.00490	0.00459	0.00726	0.00710	0.00963	0.01100	0.01943	0.01125	0.15551	0.16278	0.55625	0.00623	0.00515	0.00247	0.00280
33	0.03548	0.01513	0.21158	0.07269	0.10600	0.01177	0.21574	0.01736	0.11958	0.04694	0.03151	0.01629	0.01067	0.00573	0.00566	0.00171	0.02585	0.04000	0.00316	0.00715
34	0.01270	0.01219	0.02083	0.03149	0.78767	0.01219	0.01575	0.01575	0.01168	0.01676	0.00965	0.01270	0.00813	0.00457	0.00508	0.00152	0.00610	0.00457	0.00254	0.00813
35	0.00610	0.00520	0.00524	0.00523	0.00695	0.00434	0.00392	0.00742	0.01177	0.01403	0.07091	0.04910	0.76654	0.01293	0.00606	0.00173	0.00259	0.01079	0.00479	0.00434
36	0.02302	0.00873	0.01191	0.00913	0.01310	0.00754	0.00754	0.02501	0.01469	0.79122	0.02024	0.01746	0.01270	0.00635	0.00516	0.00159	0.00437	0.00516	0.00635	0.00873
37	0.01457	0.24910	0.11109	0.05126	0.15357	0.11847	0.08865	0.01762	0.03025	0.10413	0.01019	0.01160	0.00791	0.00491	0.00459	0.00143	0.00656	0.00403	0.00291	0.00717
38	0.03030	0.05182	0.23570	0.01049	0.01536	0.00944	0.01068	0.02140	0.02880	0.47326	0.01615	0.01511	0.01062	0.00581	0.00490	0.00156	0.00524	0.00462	0.04067	0.00808
39	0.00625	0.00447	0.00595	0.00714	0.00744	0.00417	0.00476	0.00714	0.00982	0.01310	0.02828	0.81633	0.03394	0.01608	0.00655	0.00208	0.00298	0.01459	0.00476	0.00417
40	0.81997	0.01063	0.04093	0.00708	0.01045	0.01153	0.00613	0.01513	0.00882	0.02273	0.00723	0.00844	0.00560	0.00477	0.00325	0.00159	0.00412	0.00282	0.00313	0.00564
41	0.01912	0.02281	0.01444	0.01290	0.01571	0.69233	0.00978	0.07723	0.03840	0.03796	0.00903	0.01003	0.00723	0.00544	0.00470	0.00136	0.00868	0.00354	0.00302	0.00631
42	0.00969	0.00912	0.01539	0.80734	0.03534	0.01140	0.01425	0.01311	0.01026	0.01311	0.00912	0.01368	0.00684	0.00513	0.00513	0.00171	0.00684	0.00456	0.00228	0.00570
43	0.01290	0.01109	0.01168	0.01047	0.01340	0.01283	0.00816	0.04273	0.76270	0.02169	0.02071	0.01900	0.01552	0.00694	0.00522	0.00174	0.00409	0.00578	0.00522	0.00813
44	0.01522	0.00878	0.01190	0.07085	0.01447	0.00787	0.04148	0.01836	0.06437	0.32577	0.08020	0.01898	0.04239	0.00626	0.00498	0.00141	0.00436	0.02051	0.00474	0.23711
45	0.01198	0.01124	0.01981	0.02339	0.42016	0.01116	0.17728	0.01552	0.04758	0.04320	0.04604	0.07634	0.02637	0.00624	0.00581	0.00166	0.02692	0.01888	0.00318	0.00726
46	0.01211	0.01384	0.03028	0.02163	0.02682	0.01298	0.76903	0.01644	0.01211	0.01644	0.01038	0.01384	0.00779	0.00433	0.00606	0.00173	0.00865	0.00606	0.00260	0.00692
47	0.00726	0.00524	0.00686	0.00646	0.00767	0.00484	0.00484	0.00968	0.01452	0.02058	0.78496	0.03833	0.04841	0.01049	0.00605	0.00161	0.00242	0.00928	0.00565	0.00484
48	0.01817	0.00981	0.01315	0.01031	0.01387	0.00964	0.07693	0.14039	0.10918	0.39248	0.01757	0.01680	0.01205	0.00707	0.02740	0.00175	0.00495	0.00520	0.10537	0.00791
49	0.01951	0.01437	0.01540	0.01181	0.01591	0.01591	0.00975	0.77056	0.02412	0.03234	0.01232	0.01232	0.00873	0.00616	0.00513	0.00154	0.00565	0.00462	0.00513	0.00873
50	0.00969	0.00912	0.01539	0.80734	0.03534	0.01140	0.01425	0.01311	0.01026	0.01311	0.00912	0.01368	0.00684	0.00513	0.00513	0.00171	0.00684	0.00456	0.00228	0.00570
51	0.00721	0.00523	0.00663	0.00628	0.00754	0.00479	0.00471	0.00951	0.01413	0.01985	0.68846	0.03889	0.12199	0.01061	0.00598	0.00161	0.00244	0.00931	0.03004	0.00479
52	0.01211	0.01384	0.03028	0.02163	0.02682	0.01298	0.76903	0.01644	0.01211	0.01644	0.01038	0.01384	0.00779	0.00433	0.00606	0.00173	0.00865	0.00606	0.00260	0.00692
53	0.01270	0.01219	0.02083	0.03149	0.78767	0.01219	0.01575	0.01575	0.01168	0.01676	0.00965	0.01270	0.00813	0.00457	0.00508	0.00152	0.00610	0.00457	0.00254	0.00813
54	0.00733	0.00550	0.00825	0.00825	0.00916	0.00641	0.00641	0.00916	0.00825	0.01191	0.01374	0.02016	0.01283	0.03848	0.79934	0.00825	0.01374	0.00550	0.00275	0.00458
55	0.00745	0.00500	0.00575	0.00575	0.00580	0.00506	0.00330	0.00756	0.00751	0.01006	0.01603	0.03282	0.01832	0.77533	0.07001	0.00516	0.00547	0.00735	0.00309	0.00319
56	0.00707	0.00625	0.00841	0.00865	0.06336	0.00555	0.06417	0.00871	0.01155	0.01440	0.06907	0.15776	0.53197	0.01210	0.00607	0.00177	0.00336	0.01052	0.00447	0.00479
57	0.01261	0.01210	0.02066	0.05530	0.76458	0.01217	0.01570	0.01567	0.01164	0.01665	0.00964	0.01273	0.00809	0.00459	0.00508	0.00153	0.00612	0.00457	0.00253	0.00805
58	0.00625	0.00447	0.00595	0.00714	0.00744	0.00417	0.00476	0.00714	0.00982	0.01310	0.02828	0.81633	0.03394	0.01608	0.00655	0.00208	0.00298	0.01459	0.00476	0.00417
59	0.03580	0.01003	0.01458	0.01403	0.11602	0.01073	0.08728	0.01894	0.18450	0.18868	0.01629	0.05396	0.01327	0.00915	0.05416	0.00218	0.10879	0.05024	0.00422	0.00716
60	0.01282	0.05491	0.02073	0.08784	0.63511	0.01275	0.03445	0.04986	0.01209	0.01694	0.00962	0.01255	0.00797	0.00467	0.00502	0.00152	0.00617	0.00451	0.00262	0.00786
61	0.02176	0.00841	0.01146	0.00898	0.01267	0.00729	0.00733	0.02366	0.01432	0.73248	0.02085	0.07777	0.01430	0.00708	0.00526	0.00163	0.00426	0.00587	0.00623	0.00839
62	0.82697	0.01000	0.00800	0.00760	0.03663	0.01153	0.00591	0.01511	0.00883	0.02281	0.00723	0.00849	0.00565	0.00476	0.00324	0.00159	0.00404	0.00284	0.00315	0.00565
63	0.00634	0.00486	0.00590	0.00660	0.00750	0.00442	0.00470	0.00750	0.01055	0.01345	0.03633	0.45718	0.31055	0.01584	0.04192	0.00224	0.00341	0.05177	0.00467	0.00428
64	0.01193	0.04598	0.01174	0.00817	0.01253	0.00844	0.00662	0.05219	0.07836	0.05062	0.01069	0.01165	0.00853	0.00433	0.00402	0.00093	0.00401	0.00344	0.00344	0.66237
65	0.00780	0.00572	0.00662	0.00624	0.00792	0.00519	0.00473	0.01037	0.05659	0.05559	0.36802	0.04127	0.38253	0.01123	0.00597	0.00167	0.00269	0.00959	0.00525	0.00499
66	0.01112	0.00999	0.01086	0.00792	0.01237	0.05181	0.00630	0.01335	0.01086	0.01648	0.00905	0.01056	0.00754	0.00388	0.00385	0.00079	0.00411	0.00306	0.00302	0.80307
67	0.76630	0.01092	0.05233	0.00738	0.01079	0.01160	0.00644	0.01575	0.04685	0.02256	0.00794	0.00901	0.00611	0.00488	0.00337	0.00160	0.00418	0.00299	0.00322	0.00580
68	0.00944	0.00874	0.01461	0.70948	0.04509	0.01077	0.01336	0.01264	0.01015	0.01310	0.01034	0.05365	0.00854	0.00755	0.05028	0.00210	0.00703	0.00511	0.00243	0.00560
69	0.06100	0.00828	0.00972	0.02924	0.04965	0.00870	0.00729	0.02727	0.24587	0.06575	0.04861	0.04351	0.16513	0.01070	0.05055	0.00212	0.00452	0.10899	0.01784	0.03528
70	0.01025	0.00881	0.01051	0.04696	0.01293	0.00691	0.00637	0.01252	0.01062	0.01626	0.01167	0.01322	0.05185	0.00523	0.02336	0.00104	0.00412	0.00362	0.00309	0.74065
71	0.01615	0.01739	0.01672	0.08566	0.26972	0.34422	0.01212	0.12639	0.03288	0.01704	0.00953	0.01143	0.00765	0.00521	0.00490	0.00146	0.00738	0.00407	0.00300	0.00709
72	0.01028	0.00827	0.00956	0.02376	0.04364	0.04677	0.00710	0.16158	0.01340	0.01756	0.05403	0.36812	0.07201	0.03162	0.00685	0.00197	0.02691	0.08657	0.00452	0.00547
73	0.01193	0.03466	0.04655	0.09279	0.08386	0.02623	0.06318	0.01670	0.14571	0.09657	0.06382	0.01742	0.01331	0.01099	0.12725	0.00258	0.02064	0.00523	0.07358	0.04698
74	0.02421	0.02965	0.05815	0.09685	0.05289	0.05844	0.02753	0.09387	0.05597	0.03247	0.03444	0.15466	0.04808	0.03621	0.06309	0.00236	0.00586	0.11550	0.00388	0.00589
75	0.03090	0.08609	0.05027	0.03688	0.14044	0.03925	0.00922	0.03169	0.01054	0.01465	0.05307	0.06399	0.01417	0.01855	0.29434	0.00401	0.02277	0.04656	0.00306	0.02954

[dist]
# distance from previous block
# <min> <max>
3	32

[block]
# block no. 5 follows, 48 sequences, length 16
# corresponding to MSA columns:
# 1358-1373
name=unknown_F
#
# <colnr> <probs for GDERKNQSTAVLIFYWHMCP>
#	G	D	E	R	K	N	Q	S	T	A	V	L	I	F	Y	W	H	M	C	P
0	0.04714	0.01721	0.01566	0.03425	0.13290	0.36257	0.05903	0.03038	0.08432	0.03423	0.01140	0.03518	0.00975	0.03966	0.00651	0.00175	0.04138	0.00471	0.00328	0.02867
1	0.01324	0.01186	0.01692	0.11127	0.32343	0.05838	0.03574	0.05930	0.01220	0.05203	0.03419	0.01543	0.01041	0.04209	0.04845	0.00219	0.09389	0.00499	0.00317	0.05084
2	0.03346	0.00896	0.01096	0.04206	0.01213	0.04159	0.03939	0.07993	0.01132	0.01571	0.01911	0.16061	0.09837	0.10334	0.09407	0.00293	0.13390	0.00749	0.03501	0.04967
3	0.00957	0.00774	0.00892	0.03319	0.03074	0.03661	0.00666	0.05145	0.13450	0.01597	0.02453	0.42385	0.05662	0.06586	0.03455	0.00245	0.00449	0.04209	0.00466	0.00556
4	0.01020	0.10474	0.01202	0.00903	0.01093	0.04220	0.05773	0.02872	0.04540	0.01405	0.01755	0.08182	0.07428	0.14969	0.21352	0.03539	0.00738	0.00654	0.03868	0.04013
5	0.01329	0.01281	0.01821	0.24265	0.25574	0.10492	0.09844	0.01605	0.01203	0.04805	0.01035	0.01344	0.00823	0.00516	0.00524	0.00159	0.00678	0.00460	0.00292	0.11948
6	0.01233	0.01059	0.01324	0.07334	0.07570	0.04973	0.03616	0.01502	0.04260	0.05700	0.01173	0.01521	0.00989	0.00689	0.03886	0.00161	0.03863	0.03828	0.00340	0.44979
7	0.01958	0.01365	0.01487	0.01169	0.01565	0.01479	0.00951	0.58041	0.11949	0.12149	0.01493	0.01462	0.01064	0.00667	0.00540	0.00168	0.00549	0.00503	0.00547	0.00893
8	0.01445	0.01319	0.01255	0.01123	0.01420	0.10662	0.00866	0.06517	0.64179	0.02147	0.01940	0.01837	0.01472	0.00710	0.00540	0.00179	0.00497	0.00562	0.00509	0.00818
9	0.00738	0.00501	0.00593	0.00599	0.00612	0.00510	0.00359	0.00765	0.00768	0.01035	0.01651	0.07290	0.01876	0.68487	0.11694	0.00521	0.00591	0.00760	0.00315	0.00334
10	0.00785	0.00605	0.00900	0.00841	0.00927	0.00588	0.09521	0.00892	0.00918	0.01222	0.01984	0.21347	0.02243	0.42238	0.01650	0.00355	0.00492	0.11721	0.00366	0.00404
11	0.01258	0.00998	0.01356	0.01012	0.01432	0.00875	0.10974	0.05079	0.10269	0.09708	0.05172	0.01427	0.01124	0.00495	0.00459	0.00117	0.00456	0.00438	0.00380	0.46969
12	0.04340	0.06902	0.04399	0.01124	0.01445	0.01395	0.03916	0.39240	0.01687	0.07255	0.01179	0.01461	0.00951	0.10290	0.00908	0.00203	0.11688	0.00481	0.00409	0.00726
13	0.01016	0.00893	0.03561	0.01015	0.01142	0.04117	0.06171	0.01170	0.00950	0.04608	0.01488	0.10217	0.04506	0.07028	0.13205	0.04693	0.22739	0.00628	0.10344	0.00510
14	0.01211	0.09322	0.20266	0.14069	0.02034	0.11630	0.10006	0.04029	0.04206	0.01552	0.05105	0.01413	0.02777	0.00585	0.00598	0.00161	0.07623	0.00466	0.02299	0.00650
15	0.01058	0.05954	0.01054	0.00755	0.01103	0.02859	0.00607	0.01265	0.01159	0.05707	0.12034	0.04509	0.09450	0.00658	0.00459	0.00115	0.00378	0.02961	0.00379	0.47535

[dist]
# distance from previous block
# <min> <max>
0	1

[block]
# block no. 6 follows, 48 sequences, length 11
# corresponding to MSA columns:
# 1375-1385
name=unknown_G
#
# <colnr> <probs for GDERKNQSTAVLIFYWHMCP>
#	G	D	E	R	K	N	Q	S	T	A	V	L	I	F	Y	W	H	M	C	P
0	0.06748	0.06406	0.01199	0.00906	0.03716	0.00937	0.00702	0.13006	0.01236	0.01854	0.01142	0.08144	0.01031	0.00822	0.06973	0.00171	0.00503	0.00450	0.00343	0.43712
1	0.00806	0.07765	0.06043	0.00731	0.00895	0.00680	0.00605	0.01013	0.01200	0.01666	0.42454	0.06126	0.03322	0.15178	0.06257	0.00264	0.00434	0.03636	0.00442	0.00483
2	0.01026	0.01363	0.19640	0.03418	0.05764	0.08480	0.03859	0.02797	0.05042	0.01465	0.03085	0.10387	0.01322	0.03678	0.22563	0.00359	0.04262	0.00592	0.00302	0.00596
3	0.00789	0.00840	0.11198	0.00898	0.01110	0.00623	0.00844	0.01039	0.01154	0.01499	0.03081	0.09315	0.20858	0.01276	0.00652	0.00210	0.00449	0.43228	0.00440	0.00498
4	0.01331	0.12211	0.15236	0.08699	0.08538	0.11549	0.07394	0.09250	0.01277	0.03798	0.01060	0.05755	0.00891	0.00551	0.00478	0.00144	0.00643	0.00457	0.00298	0.10440
5	0.01277	0.34264	0.30371	0.01336	0.08399	0.08018	0.01315	0.01693	0.06176	0.01466	0.00908	0.01037	0.00729	0.00483	0.00426	0.00139	0.00652	0.00353	0.00245	0.00713
6	0.04971	0.23871	0.36082	0.01178	0.01703	0.05323	0.03370	0.04427	0.01131	0.03098	0.02218	0.04482	0.00897	0.02500	0.02543	0.00173	0.00665	0.00422	0.00265	0.00682
7	0.01369	0.34453	0.13131	0.01019	0.01483	0.03893	0.00992	0.13464	0.08347	0.01752	0.00987	0.01069	0.00792	0.00490	0.00411	0.00125	0.00551	0.00354	0.00309	0.15010
8	0.01168	0.29308	0.11416	0.08229	0.10662	0.05587	0.01031	0.03839	0.01152	0.01463	0.07664	0.01752	0.07879	0.06109	0.00601	0.00165	0.00561	0.00490	0.00293	0.00627
9	0.03713	0.18704	0.16243	0.08934	0.03999	0.01353	0.01108	0.09072	0.10695	0.03362	0.06148	0.05385	0.01215	0.00646	0.00574	0.00159	0.07176	0.00495	0.00335	0.00684
10	0.09624	0.03232	0.10265	0.02246	0.01472	0.01121	0.07771	0.16999	0.04106	0.07853	0.01332	0.03461	0.03143	0.06625	0.02299	0.00194	0.05958	0.00500	0.03561	0.08238

[dist]
# distance from previous block
# <min> <max>
2	36

[block]
# block no. 7 follows, 48 sequences, length 18
# corresponding to MSA columns:
# 1427-1444
name=unknown_H
#
# <colnr> <probs for GDERKNQSTAVLIFYWHMCP>
#	G	D	E	R	K	N	Q	S	T	A	V	L	I	F	Y	W	H	M	C	P
0	0.04673	0.05067	0.06457	0.20523	0.11410	0.01273	0.12709	0.11073	0.12912	0.01856	0.03757	0.01435	0.01004	0.00550	0.00527	0.00162	0.01740	0.00491	0.00331	0.02050
1	0.11562	0.13979	0.08308	0.03885	0.07816	0.17521	0.01698	0.02406	0.01148	0.07417	0.01144	0.03633	0.03295	0.02503	0.03770	0.00180	0.03578	0.00430	0.00304	0.05423
2	0.01366	0.09459	0.05792	0.05611	0.01490	0.09681	0.00889	0.21313	0.08829	0.01950	0.01355	0.12447	0.01221	0.01978	0.00520	0.00151	0.00536	0.00553	0.00382	0.14476
3	0.01333	0.17834	0.12107	0.01106	0.05886	0.01202	0.00972	0.11437	0.05223	0.07691	0.03123	0.01484	0.01049	0.00553	0.00451	0.00132	0.00510	0.04635	0.00352	0.22919
4	0.03749	0.08804	0.45824	0.08609	0.02075	0.03875	0.05853	0.03438	0.03573	0.01604	0.01089	0.07255	0.00902	0.00579	0.00492	0.00162	0.00683	0.00476	0.00262	0.00696
5	0.00939	0.01104	0.15502	0.08040	0.01574	0.00894	0.08222	0.06930	0.01081	0.01516	0.04451	0.07086	0.01341	0.04836	0.33621	0.00454	0.00943	0.00592	0.00303	0.00570
6	0.01092	0.01030	0.01698	0.16392	0.23958	0.01080	0.11755	0.03746	0.03054	0.01568	0.01326	0.09842	0.03702	0.00759	0.03165	0.00186	0.06735	0.00596	0.00298	0.08018
7	0.01084	0.01646	0.30878	0.06245	0.14993	0.01106	0.17017	0.01475	0.01084	0.01567	0.01049	0.01442	0.00844	0.00621	0.00664	0.06630	0.02790	0.03074	0.05120	0.00671
8	0.00786	0.00609	0.00774	0.00896	0.06747	0.00584	0.00584	0.07442	0.01164	0.01523	0.03090	0.50924	0.20206	0.01363	0.00620	0.00191	0.00336	0.01209	0.00463	0.00490
9	0.01074	0.02425	0.12798	0.01471	0.15517	0.08565	0.06196	0.01470	0.09049	0.01580	0.03340	0.17344	0.05607	0.00870	0.00559	0.00175	0.00551	0.08617	0.02163	0.00629
10	0.00823	0.01722	0.10196	0.06009	0.02172	0.02496	0.05870	0.02058	0.01096	0.01423	0.02702	0.27645	0.19850	0.01220	0.02083	0.02866	0.00471	0.08398	0.00394	0.00507
11	0.00671	0.00510	0.00667	0.00745	0.00786	0.00513	0.00519	0.00765	0.00979	0.01303	0.02820	0.63984	0.09670	0.04704	0.00808	0.00219	0.06453	0.03007	0.00451	0.00426
12	0.01281	0.01279	0.06309	0.07480	0.53989	0.01202	0.03264	0.08527	0.01262	0.01794	0.00981	0.01247	0.00796	0.00470	0.00499	0.00148	0.00605	0.00443	0.00279	0.08147
13	0.01177	0.01074	0.01883	0.20249	0.28347	0.01106	0.16885	0.01553	0.05493	0.06040	0.01380	0.07521	0.03754	0.00604	0.00545	0.00167	0.00622	0.00595	0.00311	0.00693
14	0.00729	0.00584	0.00695	0.00719	0.02545	0.00524	0.00524	0.00941	0.04279	0.01539	0.14088	0.21369	0.33170	0.01220	0.00601	0.00176	0.00309	0.07671	0.00470	0.07847
15	0.01268	0.01267	0.01942	0.14857	0.48555	0.07209	0.07228	0.01675	0.07857	0.01626	0.01047	0.01324	0.00844	0.00490	0.00514	0.00157	0.00647	0.00469	0.00275	0.00749
16	0.03851	0.05973	0.14331	0.09462	0.24874	0.02630	0.06758	0.01504	0.03103	0.04767	0.09508	0.04979	0.02856	0.00631	0.00519	0.00161	0.00581	0.02506	0.00320	0.00685
17	0.01049	0.04785	0.37569	0.04023	0.03367	0.01143	0.14813	0.01582	0.07809	0.01631	0.03388	0.01788	0.07418	0.00622	0.00556	0.00168	0.02674	0.03269	0.01658	0.00689

[dist]
# distance from previous block
# <min> <max>
4	42

[block]
# block no. 8 follows, 48 sequences, length 29
# corresponding to MSA columns:
# 1490-1505,1507-1516,1527-1529
name=unknown_I
#
# <colnr> <probs for GDERKNQSTAVLIFYWHMCP>
#	G	D	E	R	K	N	Q	S	T	A	V	L	I	F	Y	W	H	M	C	P
0	0.20899	0.00954	0.01052	0.03299	0.03806	0.02600	0.00732	0.14971	0.03415	0.09115	0.02888	0.05000	0.01135	0.02978	0.15504	0.00285	0.00632	0.00487	0.01983	0.08265
