[name]
unknown

[dist]
# distance from previous block
# <min> <max>
0	72

[block]
# block no. 0 follows, 53 sequences, length 20
# corresponding to MSA columns:
# 72-91
name=unknown_A
#
# <colnr> <probs for GDERKNQSTAVLIFYWHMCP>
#	G	D	E	R	K	N	Q	S	T	A	V	L	I	F	Y	W	H	M	C	P
0	0.00770	0.00550	0.00770	0.00880	0.00990	0.00550	0.00770	0.00990	0.01100	0.01430	0.02531	0.05391	0.02751	0.01320	0.00660	0.00220	0.00440	0.77004	0.00440	0.00440
1	0.00903	0.00850	0.01434	0.82054	0.03292	0.01062	0.01327	0.01221	0.00956	0.01221	0.00850	0.01274	0.00637	0.00478	0.00478	0.00159	0.00637	0.00425	0.00212	0.00531
2	0.01817	0.01339	0.01434	0.01100	0.01482	0.01482	0.00908	0.78627	0.02247	0.03012	0.01148	0.01148	0.00813	0.00574	0.00478	0.00143	0.00526	0.00430	0.00478	0.00813
3	0.00565	0.00484	0.00484	0.00484	0.00646	0.00403	0.00363	0.00686	0.01089	0.01291	0.04842	0.04600	0.80027	0.01210	0.00565	0.00161	0.00242	0.01009	0.00444	0.00403
4	0.00565	0.00484	0.00484	0.00484	0.00646	0.00403	0.00363	0.00686	0.01089	0.01291	0.04842	0.04600	0.80027	0.01210	0.00565	0.00161	0.00242	0.01009	0.00444	0.00403
5	0.00695	0.00463	0.00521	0.00521	0.00521	0.00463	0.00290	0.00695	0.00695	0.00927	0.01506	0.03128	0.01738	0.83203	0.02433	0.00463	0.00463	0.00695	0.00290	0.00290
6	0.02144	0.00813	0.01109	0.00850	0.01220	0.00702	0.00702	0.02329	0.01368	0.80552	0.01886	0.01627	0.01183	0.00592	0.00481	0.00148	0.00407	0.00481	0.00592	0.00813
7	0.01785	0.02278	0.01354	0.01231	0.01478	0.81284	0.00924	0.01909	0.01354	0.01170	0.00739	0.00862	0.00616	0.00493	0.00431	0.00123	0.00862	0.00308	0.00246	0.00554
8	0.00684	0.00508	0.00748	0.00748	0.00826	0.00587	0.00572	0.00841	0.00762	0.01095	0.01299	0.01979	0.01239	0.10064	0.74889	0.00743	0.01214	0.00527	0.00259	0.00416
9	0.00565	0.00484	0.00484	0.00484	0.00646	0.00403	0.00363	0.00686	0.01089	0.01291	0.04842	0.04600	0.80027	0.01210	0.00565	0.00161	0.00242	0.01009	0.00444	0.00403
10	0.02131	0.00835	0.01123	0.00861	0.01231	0.00734	0.00711	0.05453	0.01404	0.77377	0.01855	0.01607	0.01168	0.00591	0.00481	0.00148	0.00412	0.00479	0.00587	0.00813
11	0.00917	0.00865	0.01460	0.77864	0.07366	0.01066	0.01335	0.01234	0.00963	0.01239	0.00852	0.01269	0.00643	0.00475	0.00478	0.00158	0.00633	0.00425	0.00214	0.00543
12	0.01278	0.83490	0.02505	0.00818	0.01227	0.01891	0.00818	0.01431	0.00971	0.01125	0.00664	0.00767	0.00613	0.00409	0.00307	0.00102	0.00511	0.00256	0.00204	0.00613
13	0.01189	0.01027	0.01081	0.00973	0.01243	0.01189	0.00757	0.02540	0.79357	0.01999	0.01945	0.01783	0.01459	0.00648	0.00486	0.00162	0.00378	0.00540	0.00486	0.00757
14	0.00926	0.00867	0.01412	0.74144	0.03092	0.01083	0.01281	0.01304	0.06038	0.01269	0.00913	0.01300	0.00690	0.00501	0.00514	0.00161	0.03296	0.00432	0.00230	0.00545
15	0.00903	0.00850	0.01434	0.82054	0.03292	0.01062	0.01327	0.01221	0.00956	0.01221	0.00850	0.01274	0.00637	0.00478	0.00478	0.00159	0.00637	0.00425	0.00212	0.00531
16	0.00582	0.00416	0.00555	0.00666	0.00693	0.00388	0.00444	0.00666	0.00915	0.01220	0.02634	0.82891	0.03161	0.01497	0.00610	0.00194	0.00277	0.01359	0.00444	0.00388
17	0.86579	0.00924	0.00702	0.00629	0.00924	0.01072	0.00518	0.01405	0.00813	0.02144	0.00666	0.00776	0.00518	0.00444	0.00296	0.00148	0.00370	0.00259	0.00296	0.00518
18	0.02097	0.00815	0.01104	0.00845	0.01217	0.00700	0.00697	0.02283	0.01353	0.77318	0.01843	0.01601	0.01164	0.00582	0.00475	0.00145	0.00405	0.00473	0.00579	0.04306
19	0.01189	0.01027	0.01081	0.00973	0.01243	0.01189	0.00757	0.02540	0.79357	0.01999	0.01945	0.01783	0.01459	0.00648	0.00486	0.00162	0.00378	0.00540	0.00486	0.00757

[dist]
# distance from previous block
# <min> <max>
0	35

[block]
# block no. 1 follows, 53 sequences, length 93
# corresponding to MSA columns:
# 132-145,147-175,177-209,213-229
name=unknown_B
#
# <colnr> <probs for GDERKNQSTAVLIFYWHMCP>
#	G	D	E	R	K	N	Q	S	T	A	V	L	I	F	Y	W	H	M	C	P
0	0.00572	0.00484	0.00490	0.00489	0.00644	0.00407	0.00364	0.00693	0.01087	0.01301	0.07138	0.04528	0.75565	0.03366	0.00614	0.00169	0.00247	0.00996	0.00442	0.00402
1	0.01278	0.83490	0.02505	0.00818	0.01227	0.01891	0.00818	0.01431	0.00971	0.01125	0.00664	0.00767	0.00613	0.00409	0.00307	0.00102	0.00511	0.00256	0.00204	0.00613
2	0.00676	0.00489	0.00639	0.00601	0.00714	0.00451	0.00451	0.00902	0.01353	0.01917	0.79969	0.03570	0.04510	0.00977	0.00564	0.00150	0.00225	0.00864	0.00526	0.00451
3	0.00959	0.02472	0.80726	0.01362	0.02069	0.01110	0.01766	0.01514	0.01009	0.01514	0.00858	0.01009	0.00605	0.00454	0.00454	0.00151	0.00706	0.00353	0.00202	0.00706
4	0.01036	0.01031	0.01445	0.01241	0.01244	0.01440	0.01033	0.01142	0.00733	0.01149	0.00646	0.01069	0.00643	0.00913	0.03795	0.00225	0.80065	0.00421	0.00210	0.00520
5	0.01863	0.01265	0.01389	0.01065	0.01446	0.01373	0.00880	0.67964	0.02124	0.13849	0.01251	0.01215	0.00865	0.00576	0.00478	0.00144	0.00509	0.00437	0.00494	0.00813
6	0.01067	0.01054	0.01463	0.01251	0.01261	0.01464	0.01042	0.03313	0.00774	0.01202	0.00642	0.01049	0.00633	0.00829	0.01538	0.00207	0.80044	0.00419	0.00217	0.00531
7	0.00676	0.00489	0.00639	0.00601	0.00714	0.00451	0.00451	0.00902	0.01353	0.01917	0.79969	0.03570	0.04510	0.00977	0.00564	0.00150	0.00225	0.00864	0.00526	0.00451
8	0.00903	0.00850	0.01434	0.82054	0.03292	0.01062	0.01327	0.01221	0.00956	0.01221	0.00850	0.01274	0.00637	0.00478	0.00478	0.00159	0.00637	0.00425	0.00212	0.00531
9	0.00695	0.00463	0.00521	0.00521	0.00521	0.00463	0.00290	0.00695	0.00695	0.00927	0.01506	0.03128	0.01738	0.83203	0.02433	0.00463	0.00463	0.00695	0.00290	0.00290
10	0.00582	0.00416	0.00555	0.00666	0.00693	0.00388	0.00444	0.00666	0.00915	0.01220	0.02634	0.82891	0.03161	0.01497	0.00610	0.00194	0.00277	0.01359	0.00444	0.00388
11	0.86579	0.00924	0.00702	0.00629	0.00924	0.01072	0.00518	0.01405	0.00813	0.02144	0.00666	0.00776	0.00518	0.00444	0.00296	0.00148	0.00370	0.00259	0.00296	0.00518
12	0.01785	0.02278	0.01354	0.01231	0.01478	0.81284	0.00924	0.01909	0.01354	0.01170	0.00739	0.00862	0.00616	0.00493	0.00431	0.00123	0.00862	0.00308	0.00246	0.00554
13	0.00582	0.00416	0.00555	0.00666	0.00693	0.00388	0.00444	0.00666	0.00915	0.01220	0.02634	0.82891	0.03161	0.01497	0.00610	0.00194	0.00277	0.01359	0.00444	0.00388
14	0.00666	0.00488	0.00625	0.00591	0.00708	0.00447	0.00443	0.00883	0.01329	0.01861	0.73229	0.03663	0.11284	0.00998	0.00564	0.00151	0.00227	0.00877	0.00519	0.00447
15	0.00582	0.00416	0.00555	0.00666	0.00693	0.00388	0.00444	0.00666	0.00915	0.01220	0.02634	0.82891	0.03161	0.01497	0.00610	0.00194	0.00277	0.01359	0.00444	0.00388
16	0.01785	0.02278	0.01354	0.01231	0.01478	0.81284	0.00924	0.01909	0.01354	0.01170	0.00739	0.00862	0.00616	0.00493	0.00431	0.00123	0.00862	0.00308	0.00246	0.00554
17	0.00582	0.00418	0.00553	0.00661	0.00692	0.00389	0.00442	0.00666	0.00920	0.01222	0.02691	0.80896	0.05119	0.01490	0.00609	0.00193	0.00276	0.01350	0.00444	0.00389
18	0.00830	0.00415	0.00623	0.00623	0.00623	0.00415	0.00415	0.00623	0.00623	0.00830	0.00830	0.01453	0.00830	0.01660	0.01868	0.86094	0.00415	0.00415	0.00208	0.00208
19	0.01278	0.83490	0.02505	0.00818	0.01227	0.01891	0.00818	0.01431	0.00971	0.01125	0.00664	0.00767	0.00613	0.00409	0.00307	0.00102	0.00511	0.00256	0.00204	0.00613
20	0.00891	0.00445	0.00445	0.00445	0.00557	0.00445	0.00334	0.01114	0.01002	0.01782	0.01559	0.01782	0.01225	0.00557	0.00334	0.00111	0.00223	0.00445	0.85856	0.00445
21	0.86579	0.00924	0.00702	0.00629	0.00924	0.01072	0.00518	0.01405	0.00813	0.02144	0.00666	0.00776	0.00518	0.00444	0.00296	0.00148	0.00370	0.00259	0.00296	0.00518
22	0.86579	0.00924	0.00702	0.00629	0.00924	0.01072	0.00518	0.01405	0.00813	0.02144	0.00666	0.00776	0.00518	0.00444	0.00296	0.00148	0.00370	0.00259	0.00296	0.00518
23	0.01128	0.01289	0.02820	0.02015	0.02498	0.01209	0.78485	0.01531	0.01128	0.01531	0.00967	0.01289	0.00725	0.00403	0.00564	0.00161	0.00806	0.00564	0.00242	0.00645
24	0.01032	0.21184	0.62661	0.01237	0.01874	0.01290	0.01547	0.01495	0.01000	0.01424	0.00813	0.00953	0.00607	0.00444	0.00420	0.00140	0.00661	0.00331	0.00202	0.00685
25	0.07925	0.00895	0.01075	0.00869	0.01199	0.00889	0.00705	0.08160	0.19407	0.46792	0.05663	0.01662	0.01337	0.00612	0.00473	0.00151	0.00398	0.00494	0.00534	0.00761
26	0.00695	0.00465	0.00532	0.00532	0.00535	0.00469	0.00302	0.00702	0.00698	0.00934	0.01497	0.03076	0.01715	0.79882	0.05723	0.00476	0.00497	0.00687	0.00288	0.00295
27	0.00767	0.00547	0.00760	0.00865	0.00971	0.00547	0.00750	0.00978	0.01083	0.01409	0.02488	0.05297	0.02708	0.04736	0.00734	0.00230	0.00441	0.73821	0.00434	0.00434
28	0.00986	0.05761	0.71809	0.01414	0.04355	0.01148	0.05000	0.01510	0.01015	0.01500	0.00856	0.01016	0.00615	0.00449	0.00453	0.00149	0.00698	0.00360	0.00205	0.00701
29	0.01689	0.02070	0.01579	0.01340	0.01631	0.64227	0.12545	0.06714	0.01377	0.01341	0.00799	0.00944	0.00645	0.00484	0.00454	0.00130	0.00832	0.00354	0.00260	0.00584
30	0.00684	0.00508	0.00748	0.00748	0.00827	0.00587	0.00573	0.00841	0.00762	0.01095	0.01298	0.01979	0.01239	0.10011	0.74942	0.00744	0.01214	0.00527	0.00259	0.00416
31	0.00687	0.00465	0.00519	0.00519	0.00529	0.00460	0.00294	0.00694	0.00720	0.00950	0.01717	0.03221	0.06700	0.78006	0.02314	0.00444	0.00449	0.00715	0.00299	0.00297
32	0.01741	0.00943	0.01270	0.01002	0.01351	0.00928	0.07863	0.07124	0.22856	0.45339	0.03199	0.01644	0.01254	0.00596	0.00491	0.00153	0.00440	0.00509	0.00522	0.00776
33	0.01811	0.01371	0.01454	0.01123	0.01499	0.06493	0.03185	0.67674	0.02114	0.06733	0.01153	0.01158	0.00816	0.00564	0.00478	0.00143	0.00550	0.00429	0.00462	0.00792
34	0.01128	0.01289	0.02820	0.02015	0.02498	0.01209	0.78485	0.01531	0.01128	0.01531	0.00967	0.01289	0.00725	0.00403	0.00564	0.00161	0.00806	0.00564	0.00242	0.00645
35	0.00943	0.00891	0.01506	0.70677	0.14353	0.01073	0.01347	0.01257	0.00975	0.01270	0.00857	0.01261	0.00654	0.00470	0.00477	0.00157	0.00627	0.00425	0.00216	0.00563
36	0.01259	0.78629	0.07198	0.00850	0.01277	0.01844	0.00875	0.01436	0.00973	0.01148	0.00676	0.00781	0.00613	0.00412	0.00316	0.00105	0.00523	0.00261	0.00204	0.00619
37	0.01743	0.02189	0.01335	0.01213	0.01461	0.75577	0.00912	0.01954	0.06912	0.01229	0.00825	0.00928	0.00676	0.00504	0.00435	0.00126	0.00827	0.00324	0.00263	0.00569
38	0.00565	0.00484	0.00484	0.00484	0.00646	0.00403	0.00363	0.00686	0.01089	0.01291	0.04842	0.04600	0.80027	0.01210	0.00565	0.00161	0.00242	0.01009	0.00444	0.00403
39	0.00695	0.00463	0.00521	0.00521	0.00521	0.00463	0.00290	0.00695	0.00695	0.00927	0.01506	0.03128	0.01738	0.83203	0.02433	0.00463	0.00463	0.00695	0.00290	0.00290
40	0.00980	0.00906	0.01490	0.69159	0.11799	0.01091	0.01322	0.05123	0.01035	0.01349	0.00870	0.01258	0.00659	0.00477	0.00477	0.00157	0.00624	0.00425	0.00228	0.00570
41	0.01790	0.02142	0.01366	0.01212	0.01478	0.69702	0.00921	0.13043	0.01484	0.01437	0.00798	0.00903	0.00644	0.00504	0.00438	0.00126	0.00813	0.00326	0.00280	0.00592
42	0.00676	0.00489	0.00639	0.00601	0.00714	0.00451	0.00451	0.00902	0.01353	0.01917	0.79969	0.03570	0.04510	0.00977	0.00564	0.00150	0.00225	0.00864	0.00526	0.00451
43	0.00995	0.02421	0.78254	0.01346	0.02042	0.01097	0.01733	0.01539	0.01020	0.03968	0.00890	0.01028	0.00623	0.00458	0.00455	0.00151	0.00697	0.00357	0.00214	0.00710
44	0.00676	0.00489	0.00639	0.00601	0.00714	0.00451	0.00451	0.00902	0.01353	0.01917	0.79969	0.03570	0.04510	0.00977	0.00564	0.00150	0.00225	0.00864	0.00526	0.00451
45	0.00587	0.00419	0.00560	0.00671	0.00701	0.00392	0.00452	0.00674	0.00920	0.01226	0.02632	0.80850	0.03150	0.01493	0.00611	0.00195	0.00282	0.03350	0.00444	0.00390
46	0.00565	0.00484	0.00484	0.00484	0.00646	0.00403	0.00363	0.00686	0.01089	0.01291	0.04842	0.04600	0.80027	0.01210	0.00565	0.00161	0.00242	0.01009	0.00444	0.00403
47	0.00683	0.00512	0.00768	0.00768	0.00853	0.00597	0.00597	0.00853	0.00768	0.01110	0.01280	0.01878	0.01195	0.03585	0.81308	0.00768	0.01280	0.00512	0.00256	0.00427
48	0.00676	0.00489	0.00639	0.00601	0.00714	0.00451	0.00451	0.00902	0.01353	0.01917	0.79969	0.03570	0.04510	0.00977	0.00564	0.00150	0.00225	0.00864	0.00526	0.00451
49	0.00695	0.00463	0.00521	0.00521	0.00521	0.00463	0.00290	0.00695	0.00695	0.00927	0.01506	0.03128	0.01738	0.83203	0.02433	0.00463	0.00463	0.00695	0.00290	0.00290
50	0.01278	0.83490	0.02505	0.00818	0.01227	0.01891	0.00818	0.01431	0.00971	0.01125	0.00664	0.00767	0.00613	0.00409	0.00307	0.00102	0.00511	0.00256	0.00204	0.00613
51	0.00676	0.00489	0.00639	0.00601	0.00714	0.00451	0.00451	0.00902	0.01353	0.01917	0.79969	0.03570	0.04510	0.00977	0.00564	0.00150	0.00225	0.00864	0.00526	0.00451
52	0.01002	0.02416	0.76757	0.01349	0.02039	0.01129	0.01723	0.05374	0.01071	0.01589	0.00872	0.01016	0.00616	0.00460	0.00455	0.00151	0.00697	0.00357	0.00216	0.00712
53	0.01817	0.01339	0.01434	0.01100	0.01482	0.01482	0.00908	0.78627	0.02247	0.03012	0.01148	0.01148	0.00813	0.00574	0.00478	0.00143	0.00526	0.00430	0.00478	0.00813
54	0.00926	0.00860	0.01441	0.73570	0.03107	0.01051	0.03563	0.03190	0.01001	0.01286	0.00945	0.01478	0.00750	0.00520	0.00490	0.00162	0.00629	0.04262	0.00231	0.00537
55	0.00995	0.06728	0.74694	0.01330	0.02010	0.03089	0.01696	0.01519	0.01015	0.01485	0.00845	0.00993	0.00606	0.00453	0.00446	0.00148	0.00700	0.00347	0.00203	0.00698
56	0.00608	0.00426	0.00552	0.00645	0.00684	0.00400	0.00436	0.00703	0.00932	0.01264	0.04998	0.69334	0.05305	0.04830	0.00670	0.00199	0.00283	0.02625	0.04715	0.00390
57	0.01045	0.24290	0.59661	0.01216	0.01842	0.01320	0.01511	0.01491	0.00999	0.01409	0.00806	0.00944	0.00608	0.00442	0.00414	0.00138	0.00654	0.00327	0.00203	0.00681
58	0.01157	0.01095	0.01842	0.10791	0.68481	0.01119	0.01413	0.03458	0.01101	0.01557	0.00943	0.03166	0.00805	0.00461	0.00477	0.00145	0.00567	0.00448	0.00246	0.00727
59	0.01278	0.83490	0.02505	0.00818	0.01227	0.01891	0.00818	0.01431	0.00971	0.01125	0.00664	0.00767	0.00613	0.00409	0.00307	0.00102	0.00511	0.00256	0.00204	0.00613
60	0.00744	0.00554	0.00753	0.00827	0.00929	0.00562	0.00698	0.00938	0.01083	0.01421	0.08120	0.11531	0.09519	0.01277	0.00686	0.00207	0.04493	0.54786	0.00435	0.00437
61	0.01038	0.01214	0.10491	0.01287	0.01380	0.01417	0.03157	0.01201	0.00774	0.01201	0.00662	0.01048	0.00627	0.00782	0.01416	0.00201	0.70933	0.00415	0.00209	0.00547
62	0.00753	0.00624	0.00805	0.00798	0.00893	0.05711	0.00618	0.00920	0.00805	0.01113	0.01246	0.01813	0.01158	0.03389	0.76182	0.00727	0.01254	0.00499	0.00255	0.00435
63	0.00683	0.00512	0.00768	0.00768	0.00853	0.00597	0.00597	0.00853	0.00768	0.01110	0.01280	0.01878	0.01195	0.03585	0.81308	0.00768	0.01280	0.00512	0.00256	0.00427
64	0.01132	0.01280	0.02765	0.02073	0.07424	0.01204	0.73604	0.01527	0.01126	0.01533	0.00963	0.01283	0.00727	0.00404	0.00558	0.00160	0.00791	0.00555	0.00241	0.00652
65	0.01804	0.01314	0.01393	0.01081	0.01453	0.03523	0.00888	0.67826	0.06162	0.07826	0.01225	0.01203	0.00865	0.00577	0.00477	0.00144	0.00520	0.00436	0.00480	0.00803
66	0.00891	0.00445	0.00445	0.00445	0.00557	0.00445	0.00334	0.01114	0.01002	0.01782	0.01559	0.01782	0.01225	0.00557	0.00334	0.00111	0.00223	0.00445	0.85856	0.00445
67	0.00582	0.00416	0.00555	0.00666	0.00693	0.00388	0.00444	0.00666	0.00915	0.01220	0.02634	0.82891	0.03161	0.01497	0.00610	0.00194	0.00277	0.01359	0.00444	0.00388
68	0.03223	0.07567	0.73671	0.01309	0.01985	0.01159	0.01673	0.01506	0.01002	0.01506	0.00840	0.00988	0.00604	0.00451	0.00441	0.00148	0.00685	0.00345	0.00204	0.00696
69	0.02144	0.00813	0.01109	0.00850	0.01220	0.00702	0.00702	0.02329	0.01368	0.80552	0.01886	0.01627	0.01183	0.00592	0.00481	0.00148	0.00407	0.00481	0.00592	0.00813
70	0.00568	0.00474	0.00495	0.00512	0.00653	0.00401	0.00376	0.00683	0.01062	0.01280	0.04499	0.16776	0.68072	0.01255	0.00572	0.00166	0.00248	0.01063	0.00444	0.00401
71	0.00623	0.00453	0.00627	0.05837	0.00876	0.00443	0.00521	0.00721	0.00921	0.01222	0.02458	0.69932	0.02901	0.01426	0.00644	0.02861	0.00315	0.06401	0.00421	0.00395
72	0.01172	0.01378	0.06664	0.01874	0.02347	0.04542	0.65858	0.05392	0.01192	0.01597	0.02533	0.01295	0.00794	0.00429	0.00549	0.00158	0.00777	0.00542	0.00257	0.00649
73	0.01700	0.02139	0.01335	0.02722	0.01479	0.73942	0.00921	0.01828	0.01303	0.01168	0.00760	0.00918	0.00641	0.00632	0.03840	0.00153	0.03405	0.00322	0.00245	0.00547
74	0.01817	0.01339	0.01434	0.01100	0.01482	0.01482	0.00908	0.78627	0.02247	0.03012	0.01148	0.01148	0.00813	0.00574	0.00478	0.00143	0.00526	0.00430	0.00478	0.00813
75	0.01027	0.00857	0.01015	0.03244	0.01208	0.00666	0.00599	0.02560	0.01020	0.03246	0.00877	0.01016	0.00718	0.00367	0.00363	0.00076	0.00367	0.00294	0.00291	0.80191
76	0.01181	0.38297	0.34895	0.01107	0.01627	0.05174	0.03196	0.05343	0.01069	0.01393	0.00792	0.00925	0.00634	0.00499	0.01901	0.00140	0.00631	0.00320	0.00221	0.00657
77	0.02144	0.00813	0.01109	0.00850	0.01220	0.00702	0.00702	0.02329	0.01368	0.80552	0.01886	0.01627	0.01183	0.00592	0.00481	0.00148	0.00407	0.00481	0.00592	0.00813
78	0.01162	0.01114	0.01902	0.08836	0.74483	0.01130	0.01456	0.01449	0.01078	0.01536	0.00895	0.01190	0.00748	0.00430	0.00474	0.00143	0.00573	0.00426	0.00235	0.00740
79	0.00604	0.00486	0.00538	0.00525	0.00669	0.00420	0.00394	0.00761	0.01181	0.01508	0.30929	0.04242	0.53805	0.01129	0.00564	0.00158	0.00236	0.00959	0.00472	0.00420
80	0.00695	0.00463	0.00521	0.00521	0.00521	0.00463	0.00290	0.00695	0.00695	0.00927	0.01506	0.03128	0.01738	0.83203	0.02433	0.00463	0.00463	0.00695	0.00290	0.00290
81	0.00910	0.00464	0.00466	0.00459	0.00576	0.00467	0.00346	0.02704	0.01028	0.01807	0.01551	0.01769	0.01217	0.00557	0.00337	0.00112	0.00229	0.00445	0.84104	0.00453
82	0.00582	0.00416	0.00555	0.00666	0.00693	0.00388	0.00444	0.00666	0.00915	0.01220	0.02634	0.82891	0.03161	0.01497	0.00610	0.00194	0.00277	0.01359	0.00444	0.00388
83	0.00630	0.00485	0.00575	0.00557	0.00686	0.00430	0.00416	0.00810	0.01237	0.01650	0.48152	0.06191	0.34284	0.01084	0.00565	0.00156	0.00233	0.00935	0.00491	0.00430
84	0.01046	0.01046	0.01464	0.01255	0.01255	0.01464	0.01046	0.01150	0.00732	0.01150	0.00627	0.01046	0.00627	0.00837	0.01569	0.00209	0.82328	0.00418	0.00209	0.00523
85	0.01183	0.01136	0.01940	0.02934	0.80221	0.01136	0.01467	0.01467	0.01088	0.01562	0.00899	0.01183	0.00757	0.00426	0.00473	0.00142	0.00568	0.00426	0.00237	0.00757
86	0.00770	0.00550	0.00770	0.00880	0.00990	0.00550	0.00770	0.00990	0.01100	0.01430	0.02531	0.05391	0.02751	0.01320	0.00660	0.00220	0.00440	0.77004	0.00440	0.00440
87	0.01278	0.83490	0.02505	0.00818	0.01227	0.01891	0.00818	0.01431	0.00971	0.01125	0.00664	0.00767	0.00613	0.00409	0.00307	0.00102	0.00511	0.00256	0.00204	0.00613
88	0.00582	0.00416	0.00555	0.00666	0.00693	0.00388	0.00444	0.00666	0.00915	0.01220	0.02634	0.82891	0.03161	0.01497	0.00610	0.00194	0.00277	0.01359	0.00444	0.00388
89	0.00657	0.00488	0.00612	0.00581	0.00702	0.00443	0.00436	0.00865	0.01307	0.01808	0.66957	0.03749	0.17589	0.01018	0.00564	0.00152	0.00228	0.00889	0.00512	0.00443
90	0.01261	0.01152	0.02197	0.01591	0.02028	0.01076	0.50528	0.07465	0.02420	0.10517	0.04380	0.01385	0.00950	0.00459	0.00523	0.00148	0.00658	0.00525	0.00319	0.10418
91	0.00955	0.06353	0.69701	0.01308	0.01951	0.01106	0.03645	0.01456	0.01004	0.01476	0.00964	0.06194	0.00771	0.00517	0.00460	0.00152	0.00672	0.00418	0.00218	0.00680
92	0.03749	0.67382	0.11646	0.00982	0.05271	0.01737	0.00953	0.01442	0.00977	0.01222	0.00699	0.00816	0.00617	0.00416	0.00332	0.00111	0.00533	0.00276	0.00208	0.00629

[dist]
# distance from previous block
# <min> <max>
0	24

[block]
# block no. 2 follows, 53 sequences, length 77
# corresponding to MSA columns:
# 254-330
name=unknown_C
#
# <colnr> <probs for GDERKNQSTAVLIFYWHMCP>
#	G	D	E	R	K	N	Q	S	T	A	V	L	I	F	Y	W	H	M	C	P
0	0.01112	0.05099	0.05171	0.01917	0.04488	0.01207	0.67662	0.01494	0.01109	0.01502	0.01005	0.04067	0.00801	0.00443	0.00548	0.00159	0.00764	0.00567	0.00246	0.00639
1	0.00918	0.00880	0.01529	0.76571	0.03238	0.01072	0.06613	0.01242	0.00968	0.01242	0.00858	0.01275	0.00643	0.00473	0.00484	0.00159	0.00649	0.00434	0.00214	0.00539
2	0.01201	0.48523	0.23271	0.01120	0.01609	0.05515	0.09992	0.01488	0.01018	0.01277	0.00754	0.00896	0.00624	0.00424	0.00382	0.00123	0.00614	0.00320	0.00210	0.00639
3	0.01064	0.00716	0.02167	0.06185	0.01120	0.00696	0.00656	0.12901	0.03167	0.13699	0.02432	0.30849	0.13660	0.01085	0.01662	0.00180	0.00389	0.06373	0.00450	0.00548
4	0.00580	0.00477	0.00511	0.00519	0.00659	0.00407	0.00383	0.00709	0.01100	0.01356	0.13398	0.13567	0.62246	0.01216	0.00570	0.00164	0.00244	0.01032	0.00453	0.00407
5	0.00694	0.00466	0.00533	0.00533	0.00538	0.00470	0.00305	0.00703	0.00699	0.00936	0.01495	0.03066	0.01711	0.79282	0.06317	0.00478	0.00504	0.00686	0.00288	0.00296
6	0.04224	0.10514	0.01751	0.28253	0.32192	0.03883	0.04795	0.01415	0.03727	0.01413	0.00924	0.03170	0.00770	0.00477	0.00456	0.00146	0.00584	0.00429	0.00241	0.00637
7	0.04968	0.04246	0.67922	0.01266	0.01903	0.01092	0.01582	0.01532	0.02700	0.04421	0.00961	0.03625	0.00722	0.00495	0.00450	0.00151	0.00654	0.00387	0.00234	0.00690
8	0.00916	0.00864	0.01459	0.78157	0.07080	0.01066	0.01334	0.01233	0.00962	0.01238	0.00852	0.01270	0.00643	0.00475	0.00478	0.00158	0.00634	0.00425	0.00214	0.00542
9	0.00992	0.03443	0.54503	0.01584	0.13080	0.01087	0.08704	0.01461	0.01050	0.01531	0.04591	0.01325	0.00893	0.00499	0.00477	0.00152	0.00661	0.03048	0.00234	0.00685
10	0.01187	0.06764	0.57583	0.01281	0.01886	0.06638	0.03398	0.06360	0.01139	0.08034	0.00943	0.01051	0.00670	0.00472	0.00451	0.00146	0.00673	0.00365	0.00255	0.00705
11	0.01218	0.63785	0.08963	0.00865	0.01270	0.04869	0.00869	0.01458	0.04628	0.01212	0.01030	0.01101	0.06092	0.00482	0.00350	0.00114	0.00517	0.00331	0.00235	0.00611
12	0.00582	0.00416	0.00555	0.00666	0.00693	0.00388	0.00444	0.00666	0.00915	0.01220	0.02634	0.82891	0.03161	0.01497	0.00610	0.00194	0.00277	0.01359	0.00444	0.00388
13	0.01013	0.01052	0.05443	0.17578	0.39078	0.03512	0.04268	0.01288	0.01079	0.01449	0.04406	0.01891	0.12842	0.00599	0.00497	0.00151	0.00542	0.02407	0.00277	0.00628
14	0.00992	0.01047	0.05461	0.58101	0.11535	0.04782	0.06607	0.01313	0.01004	0.01306	0.00876	0.01246	0.00668	0.00468	0.00476	0.00154	0.00645	0.00426	0.02320	0.00571
15	0.00700	0.00551	0.00618	0.00704	0.00754	0.05937	0.00479	0.00790	0.00955	0.02703	0.02471	0.74250	0.02914	0.01394	0.00590	0.00187	0.00319	0.01253	0.02022	0.00409
16	0.01817	0.01339	0.01434	0.01100	0.01482	0.01482	0.00908	0.78627	0.02247	0.03012	0.01148	0.01148	0.00813	0.00574	0.00478	0.00143	0.00526	0.00430	0.00478	0.00813
17	0.01099	0.00950	0.01581	0.27652	0.42314	0.01006	0.01266	0.01366	0.01048	0.06830	0.01128	0.09562	0.00993	0.00563	0.00489	0.00153	0.00549	0.00524	0.00274	0.00652
18	0.00991	0.00850	0.00991	0.00708	0.01133	0.00637	0.00566	0.01203	0.00991	0.01557	0.00850	0.00991	0.00708	0.00354	0.00354	0.00071	0.00354	0.00283	0.00283	0.86124
19	0.07651	0.00472	0.00576	0.00664	0.00729	0.00457	0.00466	0.00750	0.00932	0.01316	0.02631	0.64995	0.08658	0.01377	0.00584	0.00190	0.00293	0.06424	0.00431	0.00404
20	0.01174	0.15445	0.45893	0.01404	0.08661	0.08971	0.04863	0.02695	0.01080	0.04329	0.00865	0.01007	0.00650	0.00452	0.00436	0.00140	0.00668	0.00354	0.00230	0.00684
21	0.00878	0.00468	0.00487	0.00470	0.00596	0.00455	0.00354	0.01100	0.01031	0.01783	0.07960	0.01892	0.01471	0.00582	0.00354	0.00113	0.00229	0.00472	0.74891	0.04413
22	0.01226	0.00948	0.01067	0.00999	0.04815	0.01046	0.00743	0.05011	0.54637	0.09442	0.09257	0.02014	0.05299	0.00687	0.00496	0.00158	0.00375	0.00577	0.00486	0.00719
23	0.00945	0.00464	0.00488	0.00479	0.00600	0.00457	0.00360	0.01159	0.01018	0.06133	0.01630	0.05768	0.01318	0.00605	0.00356	0.00117	0.00236	0.00492	0.76910	0.00463
24	0.00695	0.00463	0.00521	0.00521	0.00521	0.00463	0.00290	0.00695	0.00695	0.00927	0.01506	0.03128	0.01738	0.83203	0.02433	0.00463	0.00463	0.00695	0.00290	0.00290
25	0.01093	0.00894	0.01479	0.54883	0.10252	0.01002	0.05010	0.01389	0.01028	0.10613	0.00982	0.01286	0.00722	0.00473	0.00473	0.00150	0.00591	0.00428	0.00266	0.06985
26	0.01207	0.01036	0.01091	0.00976	0.01250	0.01197	0.00761	0.04700	0.77168	0.02028	0.01923	0.01765	0.01441	0.00646	0.00486	0.00162	0.00382	0.00537	0.00486	0.00758
27	0.01817	0.01339	0.01434	0.01100	0.01482	0.01482	0.00908	0.78627	0.02247	0.03012	0.01148	0.01148	0.00813	0.00574	0.00478	0.00143	0.00526	0.00430	0.00478	0.00813
28	0.00565	0.00484	0.00484	0.00484	0.00646	0.00403	0.00363	0.00686	0.01089	0.01291	0.04842	0.04600	0.80027	0.01210	0.00565	0.00161	0.00242	0.01009	0.00444	0.00403
29	0.00830	0.00415	0.00623	0.00623	0.00623	0.00415	0.00415	0.00623	0.00623	0.00830	0.00830	0.01453	0.00830	0.01660	0.01868	0.86094	0.00415	0.00415	0.00208	0.00208
30	0.01278	0.83490	0.02505	0.00818	0.01227	0.01891	0.00818	0.01431	0.00971	0.01125	0.00664	0.00767	0.00613	0.00409	0.00307	0.00102	0.00511	0.00256	0.00204	0.00613
31	0.00959	0.02472	0.80726	0.01362	0.02069	0.01110	0.01766	0.01514	0.01009	0.01514	0.00858	0.01009	0.00605	0.00454	0.00454	0.00151	0.00706	0.00353	0.00202	0.00706
32	0.01189	0.01027	0.01081	0.00973	0.01243	0.01189	0.00757	0.02540	0.79357	0.01999	0.01945	0.01783	0.01459	0.00648	0.00486	0.00162	0.00378	0.00540	0.00486	0.00757
33	0.00582	0.00416	0.00555	0.00666	0.00693	0.00388	0.00444	0.00666	0.00915	0.01220	0.02634	0.82891	0.03161	0.01497	0.00610	0.00194	0.00277	0.01359	0.00444	0.00388
34	0.00683	0.00512	0.00768	0.00768	0.00853	0.00597	0.00597	0.00853	0.00768	0.01110	0.01280	0.01878	0.01195	0.03585	0.81308	0.00768	0.01280	0.00512	0.00256	0.00427
35	0.01094	0.01050	0.01805	0.27688	0.54002	0.01115	0.03529	0.01392	0.01048	0.01454	0.00885	0.01214	0.00719	0.00442	0.00477	0.00148	0.00596	0.00429	0.00229	0.00683
36	0.02144	0.00813	0.01109	0.00850	0.01220	0.00702	0.00702	0.02329	0.01368	0.80552	0.01886	0.01627	0.01183	0.00592	0.00481	0.00148	0.00407	0.00481	0.00592	0.00813
37	0.00830	0.00415	0.00623	0.00623	0.00623	0.00415	0.00415	0.00623	0.00623	0.00830	0.00830	0.01453	0.00830	0.01660	0.01868	0.86094	0.00415	0.00415	0.00208	0.00208
38	0.01825	0.01326	0.01427	0.01094	0.01476	0.01463	0.00903	0.76788	0.02226	0.04881	0.01165	0.01159	0.00822	0.00574	0.00478	0.00144	0.00523	0.00432	0.00481	0.00813
39	0.01703	0.01281	0.01333	0.01046	0.01396	0.04017	0.00855	0.65041	0.07406	0.02789	0.01220	0.01229	0.00882	0.00575	0.00466	0.00142	0.00504	0.00435	0.06906	0.00773
40	0.00565	0.00484	0.00484	0.00484	0.00646	0.00403	0.00363	0.00686	0.01089	0.01291	0.04842	0.04600	0.80027	0.01210	0.00565	0.00161	0.00242	0.01009	0.00444	0.00403
41	0.00680	0.00491	0.00644	0.00611	0.00724	0.00455	0.00463	0.00905	0.01344	0.01899	0.77141	0.03637	0.04446	0.00990	0.00567	0.00153	0.00233	0.03645	0.00523	0.00451
42	0.00740	0.00549	0.00769	0.00760	0.00862	0.00634	0.00590	0.01012	0.07235	0.01235	0.01356	0.01863	0.01219	0.03109	0.68390	0.00667	0.01124	0.00509	0.06921	0.00455
43	0.00996	0.00974	0.01827	0.01609	0.10510	0.00948	0.35627	0.01383	0.07201	0.01519	0.01610	0.08427	0.01550	0.00770	0.00579	0.00179	0.00602	0.22769	0.00332	0.00588
44	0.00582	0.00416	0.00555	0.00666	0.00693	0.00388	0.00444	0.00666	0.00915	0.01220	0.02634	0.82891	0.03161	0.01497	0.00610	0.00194	0.00277	0.01359	0.00444	0.00388
45	0.00579	0.00485	0.00504	0.00499	0.00654	0.00410	0.00374	0.00713	0.01123	0.01371	0.14400	0.04469	0.70419	0.01181	0.00565	0.00160	0.00240	0.00990	0.00454	0.00410
46	0.00991	0.00850	0.00991	0.00708	0.01133	0.00637	0.00566	0.01203	0.00991	0.01557	0.00850	0.00991	0.00708	0.00354	0.00354	0.00071	0.00354	0.00283	0.00283	0.86124
47	0.01785	0.02278	0.01354	0.01231	0.01478	0.81284	0.00924	0.01909	0.01354	0.01170	0.00739	0.00862	0.00616	0.00493	0.00431	0.00123	0.00862	0.00308	0.00246	0.00554
48	0.00666	0.00488	0.00625	0.00591	0.00708	0.00447	0.00443	0.00883	0.01329	0.01861	0.73235	0.03663	0.11278	0.00998	0.00564	0.00151	0.00227	0.00877	0.00519	0.00447
49	0.01313	0.01395	0.10346	0.01922	0.22742	0.06653	0.28159	0.08373	0.02718	0.08126	0.01023	0.01221	0.00770	0.00466	0.00528	0.00151	0.02636	0.00465	0.00290	0.00703
50	0.01271	0.02630	0.19258	0.01622	0.07015	0.02782	0.35664	0.01697	0.04999	0.14597	0.02936	0.01337	0.00896	0.00474	0.00510	0.00154	0.00666	0.00491	0.00309	0.00692
51	0.00581	0.00422	0.00549	0.00650	0.00689	0.00390	0.00437	0.00667	0.00930	0.01226	0.02824	0.76172	0.09757	0.01473	0.00606	0.00191	0.00274	0.01329	0.00444	0.00390
52	0.00965	0.02436	0.78572	0.01405	0.04206	0.01111	0.01758	0.01512	0.01011	0.01515	0.00859	0.01014	0.00610	0.00453	0.00455	0.00151	0.00703	0.00355	0.00203	0.00708
53	0.01338	0.01216	0.01399	0.04912	0.01535	0.11788	0.10417	0.19315	0.21722	0.03012	0.01430	0.01850	0.01185	0.00666	0.00563	0.00161	0.04894	0.10219	0.01714	0.00662
54	0.01801	0.01810	0.01394	0.01166	0.01480	0.41524	0.00916	0.40132	0.01799	0.02088	0.00942	0.01004	0.00714	0.00533	0.00454	0.00133	0.00695	0.00369	0.00362	0.00683
55	0.00586	0.00418	0.00558	0.00663	0.00694	0.00390	0.00444	0.00674	0.00930	0.01244	0.05301	0.80156	0.03208	0.01479	0.00608	0.00193	0.00276	0.01342	0.00447	0.00390
56	0.01227	0.01199	0.03034	0.20272	0.09808	0.13157	0.12137	0.04856	0.11579	0.06333	0.06600	0.01527	0.03243	0.00559	0.00515	0.00152	0.02360	0.00491	0.00322	0.00627
57	0.01368	0.01517	0.06258	0.04622	0.16307	0.23301	0.16453	0.06800	0.01203	0.04811	0.00908	0.01135	0.00722	0.00610	0.03342	0.00170	0.09146	0.00421	0.00267	0.00638
58	0.00695	0.00463	0.00521	0.00521	0.00521	0.00463	0.00290	0.00695	0.00695	0.00927	0.01506	0.03128	0.01738	0.83203	0.02433	0.00463	0.00463	0.00695	0.00290	0.00290
59	0.06419	0.00862	0.01097	0.00862	0.01217	0.00805	0.00706	0.05091	0.10134	0.64814	0.01802	0.01583	0.01166	0.00590	0.00472	0.00149	0.00406	0.00474	0.00560	0.00792
60	0.01379	0.12240	0.16818	0.01427	0.03738	0.28216	0.20674	0.04255	0.02890	0.02710	0.00872	0.01035	0.00679	0.00458	0.00458	0.00138	0.00738	0.00389	0.00250	0.00635
61	0.00618	0.00507	0.00548	0.00539	0.00692	0.00447	0.00409	0.00810	0.04012	0.01460	0.21345	0.04291	0.58196	0.01141	0.00564	0.00161	0.00249	0.03117	0.00464	0.00428
62	0.00579	0.00474	0.00511	0.00525	0.00660	0.00406	0.00385	0.00704	0.01087	0.01341	0.11882	0.17060	0.60262	0.01234	0.00572	0.00166	0.00246	0.01051	0.00452	0.00406
63	0.01187	0.43003	0.35005	0.01079	0.01598	0.08141	0.01222	0.01505	0.01019	0.01290	0.00751	0.00876	0.00610	0.00435	0.00378	0.00124	0.00622	0.00301	0.00207	0.00647
64	0.02144	0.00813	0.01109	0.00850	0.01220	0.00702	0.00702	0.02329	0.01368	0.80552	0.01886	0.01627	0.01183	0.00592	0.00481	0.00148	0.00407	0.00481	0.00592	0.00813
65	0.01294	0.80917	0.02468	0.00831	0.01235	0.04406	0.00821	0.01446	0.00983	0.01126	0.00667	0.00770	0.00613	0.00412	0.00311	0.00103	0.00522	0.00257	0.00206	0.00611
66	0.00959	0.02472	0.80726	0.01362	0.02069	0.01110	0.01766	0.01514	0.01009	0.01514	0.00858	0.01009	0.00605	0.00454	0.00454	0.00151	0.00706	0.00353	0.00202	0.00706
67	0.00669	0.00488	0.00628	0.00593	0.00709	0.00448	0.00445	0.00887	0.01335	0.01874	0.74822	0.03641	0.09683	0.00993	0.00564	0.00151	0.00227	0.00874	0.00521	0.00448
68	0.00582	0.00416	0.00555	0.00666	0.00693	0.00388	0.00444	0.00666	0.00915	0.01220	0.02634	0.82891	0.03161	0.01497	0.00610	0.00194	0.00277	0.01359	0.00444	0.00388
69	0.00582	0.00416	0.00555	0.00666	0.00693	0.00388	0.00444	0.00666	0.00915	0.01220	0.02634	0.82891	0.03161	0.01497	0.00610	0.00194	0.00277	0.01359	0.00444	0.00388
70	0.00686	0.00465	0.00519	0.00519	0.00530	0.00459	0.00295	0.00694	0.00722	0.00952	0.01735	0.03229	0.07101	0.77586	0.02305	0.00443	0.00448	0.00717	0.00300	0.00297
71	0.00959	0.02472	0.80726	0.01362	0.02069	0.01110	0.01766	0.01514	0.01009	0.01514	0.00858	0.01009	0.00605	0.00454	0.00454	0.00151	0.00706	0.00353	0.00202	0.00706
72	0.00993	0.00942	0.01597	0.56544	0.28095	0.01086	0.01372	0.01300	0.00998	0.01331	0.00865	0.01245	0.00676	0.00461	0.00476	0.00154	0.00615	0.00425	0.00220	0.00604
73	0.02144	0.00813	0.01109	0.00850	0.01220	0.00702	0.00702	0.02329	0.01368	0.80552	0.01886	0.01627	0.01183	0.00592	0.00481	0.00148	0.00407	0.00481	0.00592	0.00813
74	0.01189	0.01027	0.01081	0.00973	0.01243	0.01189	0.00757	0.02540	0.79357	0.01999	0.01945	0.01783	0.01459	0.00648	0.00486	0.00162	0.00378	0.00540	0.00486	0.00757
75	0.00695	0.00463	0.00521	0.00521	0.00521	0.00463	0.00290	0.00695	0.00695	0.00927	0.01506	0.03128	0.01738	0.83203	0.02433	0.00463	0.00463	0.00695	0.00290	0.00290
76	0.00582	0.00416	0.00555	0.00666	0.00693	0.00388	0.00444	0.00666	0.00915	0.01220	0.02634	0.82891	0.03161	0.01497	0.00610	0.00194	0.00277	0.01359	0.00444	0.00388

[dist]
# distance from previous block
# <min> <max>
0	1

[block]
# block no. 3 follows, 53 sequences, length 32
# corresponding to MSA columns:
# 332-363
name=unknown_D
#
# <colnr> <probs for GDERKNQSTAVLIFYWHMCP>
#	G	D	E	R	K	N	Q	S	T	A	V	L	I	F	Y	W	H	M	C	P
0	0.00670	0.00488	0.00631	0.00595	0.00710	0.00448	0.00446	0.00890	0.01339	0.01883	0.75904	0.03626	0.08596	0.00990	0.00564	0.00151	0.00226	0.00872	0.00522	0.00448
1	0.00568	0.00484	0.00489	0.00488	0.00648	0.00405	0.00366	0.00692	0.01097	0.01310	0.07043	0.04570	0.77814	0.01204	0.00565	0.00161	0.00242	0.01005	0.00446	0.00405
2	0.01773	0.01272	0.01368	0.01055	0.01421	0.01400	0.00870	0.71965	0.02150	0.05189	0.01193	0.01198	0.00847	0.00573	0.00470	0.00142	0.00505	0.00433	0.05384	0.00792
3	0.01020	0.01012	0.01455	0.01242	0.01265	0.01388	0.03592	0.01140	0.00748	0.01160	0.00690	0.01119	0.00675	0.01038	0.07788	0.00251	0.73255	0.00430	0.00214	0.00519
4	0.00894	0.00566	0.00664	0.00625	0.00755	0.02422	0.02928	0.02995	0.02687	0.01619	0.01447	0.01754	0.01182	0.01341	0.21435	0.00286	0.00542	0.00465	0.54926	0.00465
5	0.01080	0.01631	0.25553	0.01849	0.04523	0.01178	0.53944	0.01524	0.01092	0.01527	0.00933	0.01205	0.00691	0.00418	0.00529	0.00158	0.00770	0.00499	0.00230	0.00666
6	0.00953	0.00791	0.01150	0.44094	0.02179	0.03094	0.03422	0.05573	0.01069	0.01487	0.03481	0.06718	0.01112	0.00600	0.00461	0.00150	0.00506	0.02452	0.20189	0.00518
7	0.01070	0.01025	0.01764	0.28075	0.49907	0.01089	0.04352	0.01363	0.01042	0.01440	0.00946	0.04057	0.00801	0.00479	0.00483	0.00150	0.00589	0.00463	0.00236	0.00668
8	0.01167	0.01476	0.28068	0.01270	0.06101	0.01001	0.09627	0.05403	0.05231	0.10117	0.01076	0.01259	0.00819	0.03299	0.02968	0.00169	0.04767	0.00415	0.00298	0.15471
9	0.01107	0.01172	0.01773	0.01430	0.01557	0.05940	0.19060	0.01282	0.00860	0.01240	0.00713	0.01092	0.00650	0.00716	0.01270	0.00193	0.58728	0.00446	0.00219	0.00553
10	0.00957	0.00923	0.02889	0.58290	0.04579	0.01064	0.04906	0.03554	0.00988	0.01319	0.00865	0.01248	0.00672	0.00594	0.03240	0.00175	0.06185	0.00422	0.00229	0.06899
11	0.01278	0.83490	0.02505	0.00818	0.01227	0.01891	0.00818	0.01431	0.00971	0.01125	0.00664	0.00767	0.00613	0.00409	0.00307	0.00102	0.00511	0.00256	0.00204	0.00613
12	0.01075	0.00667	0.00806	0.00691	0.00911	0.00619	0.00545	0.10097	0.01373	0.16479	0.33125	0.03065	0.20310	0.00886	0.00529	0.00149	0.00310	0.02597	0.00499	0.05267
13	0.01050	0.01060	0.01542	0.01298	0.01326	0.01449	0.05493	0.01172	0.00755	0.01172	0.00647	0.01060	0.00633	0.00812	0.01511	0.00206	0.77646	0.00427	0.00211	0.00530
14	0.00903	0.00850	0.01434	0.82054	0.03292	0.01062	0.01327	0.01221	0.00956	0.01221	0.00850	0.01274	0.00637	0.00478	0.00478	0.00159	0.00637	0.00425	0.00212	0.00531
15	0.00695	0.00463	0.00521	0.00521	0.00521	0.00463	0.00290	0.00695	0.00695	0.00927	0.01506	0.03128	0.01738	0.83203	0.02433	0.00463	0.00463	0.00695	0.00290	0.00290
16	0.00959	0.02472	0.80726	0.01362	0.02069	0.01110	0.01766	0.01514	0.01009	0.01514	0.00858	0.01009	0.00605	0.00454	0.00454	0.00151	0.00706	0.00353	0.00202	0.00706
17	0.01183	0.01136	0.01940	0.02934	0.80221	0.01136	0.01467	0.01467	0.01088	0.01562	0.00899	0.01183	0.00757	0.00426	0.00473	0.00142	0.00568	0.00426	0.00237	0.00757
18	0.00623	0.00486	0.00564	0.00545	0.00681	0.00428	0.00409	0.00797	0.01226	0.01614	0.43637	0.04068	0.41031	0.01090	0.00564	0.00156	0.00234	0.00934	0.00486	0.00428
19	0.01817	0.01339	0.01434	0.01100	0.01482	0.01482	0.00908	0.78627	0.02247	0.03012	0.01148	0.01148	0.00813	0.00574	0.00478	0.00143	0.00526	0.00430	0.00478	0.00813
20	0.01785	0.02278	0.01354	0.01231	0.01478	0.81284	0.00924	0.01909	0.01354	0.01170	0.00739	0.00862	0.00616	0.00493	0.00431	0.00123	0.00862	0.00308	0.00246	0.00554
21	0.00565	0.00484	0.00484	0.00484	0.00646	0.00403	0.00363	0.00686	0.01089	0.01291	0.04842	0.04600	0.80027	0.01210	0.00565	0.00161	0.00242	0.01009	0.00444	0.00403
22	0.00565	0.00484	0.00484	0.00484	0.00646	0.00403	0.00363	0.00686	0.01089	0.01291	0.04842	0.04600	0.80027	0.01210	0.00565	0.00161	0.00242	0.01009	0.00444	0.00403
23	0.01183	0.01136	0.01940	0.02934	0.80221	0.01136	0.01467	0.01467	0.01088	0.01562	0.00899	0.01183	0.00757	0.00426	0.00473	0.00142	0.00568	0.00426	0.00237	0.00757
24	0.01128	0.01289	0.02820	0.02015	0.02498	0.01209	0.78485	0.01531	0.01128	0.01531	0.00967	0.01289	0.00725	0.00403	0.00564	0.00161	0.00806	0.00564	0.00242	0.00645
25	0.00695	0.00463	0.00521	0.00521	0.00521	0.00463	0.00290	0.00695	0.00695	0.00927	0.01506	0.03128	0.01738	0.83203	0.02433	0.00463	0.00463	0.00695	0.00290	0.00290
26	0.01183	0.01136	0.01940	0.02934	0.80221	0.01136	0.01467	0.01467	0.01088	0.01562	0.00899	0.01183	0.00757	0.00426	0.00473	0.00142	0.00568	0.00426	0.00237	0.00757
27	0.00581	0.00420	0.00551	0.00655	0.00691	0.00389	0.00439	0.00667	0.00925	0.01224	0.02761	0.78395	0.07575	0.01481	0.00607	0.00192	0.00275	0.01339	0.00444	0.00389
28	0.01817	0.01339	0.01434	0.01100	0.01482	0.01482	0.00908	0.78627	0.02247	0.03012	0.01148	0.01148	0.00813	0.00574	0.00478	0.00143	0.00526	0.00430	0.00478	0.00813
29	0.00891	0.00445	0.00445	0.00445	0.00557	0.00445	0.00334	0.01114	0.01002	0.01782	0.01559	0.01782	0.01225	0.00557	0.00334	0.00111	0.00223	0.00445	0.85856	0.00445
30	0.01794	0.01305	0.01425	0.04023	0.01540	0.01444	0.00917	0.73533	0.02174	0.05277	0.01159	0.01167	0.00818	0.00571	0.00478	0.00144	0.00526	0.00432	0.00472	0.00803
31	0.01168	0.01128	0.01949	0.06421	0.73984	0.01135	0.04249	0.01458	0.01084	0.01545	0.00899	0.01191	0.00751	0.00427	0.00477	0.00143	0.00580	0.00431	0.00236	0.00743

[dist]
# distance from previous block
# <min> <max>
0	27

[block]
# block no. 4 follows, 53 sequences, length 37
# corresponding to MSA columns:
# 391-427
name=unknown_E
#
# <colnr> <probs for GDERKNQSTAVLIFYWHMCP>
#	G	D	E	R	K	N	Q	S	T	A	V	L	I	F	Y	W	H	M	C	P
0	0.00605	0.00433	0.00578	0.00671	0.00714	0.00406	0.00465	0.00714	0.00979	0.01317	0.11973	0.68504	0.03299	0.01424	0.00608	0.00190	0.00281	0.05985	0.00453	0.00399
1	0.13169	0.00905	0.01270	0.00982	0.01331	0.00873	0.09672	0.02063	0.04913	0.53146	0.01554	0.01452	0.01026	0.00566	0.00523	0.00153	0.04720	0.00460	0.00487	0.00737
2	0.04486	0.00873	0.01133	0.00871	0.01240	0.00797	0.00719	0.10512	0.01447	0.70003	0.01772	0.01551	0.01125	0.00585	0.00475	0.00147	0.00418	0.00469	0.00571	0.00805
3	0.01379	0.01269	0.01971	0.01672	0.12300	0.06181	0.31080	0.21950	0.04486	0.05202	0.04787	0.01346	0.00969	0.00512	0.00539	0.00152	0.02665	0.00501	0.00340	0.00698
4	0.00695	0.00463	0.00521	0.00521	0.00521	0.00463	0.00290	0.00695	0.00695	0.00927	0.01506	0.03128	0.01738	0.83203	0.02433	0.00463	0.00463	0.00695	0.00290	0.00290
5	0.01172	0.01274	0.02365	0.01752	0.02116	0.05035	0.53888	0.05867	0.01122	0.01519	0.00935	0.02854	0.00755	0.00523	0.00747	0.00168	0.16502	0.00532	0.00253	0.00621
6	0.05074	0.01284	0.01363	0.01053	0.01420	0.01421	0.00868	0.72231	0.02137	0.02925	0.01147	0.01161	0.00819	0.00568	0.00465	0.00142	0.00507	0.00424	0.04207	0.00785
7	0.00755	0.00545	0.00749	0.00850	0.00964	0.00539	0.00740	0.00967	0.01099	0.01420	0.02705	0.05332	0.08572	0.01312	0.00653	0.00216	0.00425	0.71279	0.00440	0.00437
8	0.00959	0.02472	0.80726	0.01362	0.02069	0.01110	0.01766	0.01514	0.01009	0.01514	0.00858	0.01009	0.00605	0.00454	0.00454	0.00151	0.00706	0.00353	0.00202	0.00706
9	0.00676	0.00489	0.00639	0.00601	0.00714	0.00451	0.00451	0.00902	0.01353	0.01917	0.79969	0.03570	0.04510	0.00977	0.00564	0.00150	0.00225	0.00864	0.00526	0.00451
10	0.00949	0.00869	0.01427	0.71500	0.07274	0.01059	0.01283	0.04237	0.01022	0.01334	0.02472	0.01320	0.00739	0.00490	0.00477	0.00157	0.00613	0.00434	0.01794	0.00551
11	0.01785	0.02278	0.01354	0.01231	0.01478	0.81284	0.00924	0.01909	0.01354	0.01170	0.00739	0.00862	0.00616	0.00493	0.00431	0.00123	0.00862	0.00308	0.00246	0.00554
12	0.04921	0.01258	0.01387	0.01172	0.06197	0.01392	0.00905	0.62651	0.07646	0.02748	0.01177	0.01208	0.00859	0.00676	0.03432	0.00168	0.00539	0.00434	0.00449	0.00780
13	0.03721	0.01643	0.07433	0.01318	0.11378	0.34960	0.00974	0.11059	0.01386	0.13591	0.05816	0.01285	0.02247	0.00545	0.00458	0.00137	0.00643	0.00411	0.00343	0.00653
14	0.00695	0.00463	0.00521	0.00521	0.00521	0.00463	0.00290	0.00695	0.00695	0.00927	0.01506	0.03128	0.01738	0.83203	0.02433	0.00463	0.00463	0.00695	0.00290	0.00290
