[name]
unknown

[dist]
# distance from previous block
# <min> <max>
0	125

[block]
# block no. 0 follows, 52 sequences, length 25
# corresponding to MSA columns:
# 160-184
name=unknown_A
#
# <colnr> <probs for GDERKNQSTAVLIFYWHMCP>
#	G	D	E	R	K	N	Q	S	T	A	V	L	I	F	Y	W	H	M	C	P
0	0.00812	0.00601	0.00812	0.00868	0.01024	0.00570	0.00752	0.01034	0.01100	0.01468	0.02325	0.04837	0.02497	0.01201	0.00626	0.00202	0.00434	0.65913	0.00424	0.12499
1	0.13250	0.00679	0.00821	0.00703	0.00929	0.00649	0.00556	0.03348	0.01322	0.25733	0.43039	0.02563	0.02887	0.00786	0.00506	0.00151	0.00312	0.00661	0.00519	0.00587
2	0.01235	0.66711	0.07082	0.00847	0.01282	0.01690	0.00852	0.01424	0.00990	0.01226	0.00712	0.00824	0.00635	0.00410	0.00327	0.00102	0.00508	0.00269	0.00218	0.12656
3	0.01399	0.07958	0.46398	0.01174	0.01747	0.01097	0.01350	0.07629	0.01218	0.23681	0.01169	0.01191	0.00795	0.00505	0.00459	0.00148	0.00602	0.00393	0.00337	0.00748
4	0.18495	0.01039	0.01094	0.00876	0.01219	0.07303	0.00714	0.14508	0.01408	0.43292	0.01443	0.01346	0.00962	0.00558	0.00441	0.00146	0.00455	0.00420	0.03550	0.00732
5	0.01213	0.00958	0.01042	0.00942	0.01194	0.01077	0.00728	0.06514	0.59030	0.06752	0.02022	0.13161	0.01669	0.00771	0.00510	0.00167	0.00379	0.00655	0.00493	0.00721
6	0.13067	0.00974	0.01529	0.42686	0.29894	0.01104	0.01280	0.01352	0.00996	0.01491	0.00853	0.01188	0.00672	0.00461	0.00457	0.00154	0.00583	0.00407	0.00236	0.00617
7	0.13154	0.01048	0.01630	0.24445	0.44861	0.01134	0.01293	0.04051	0.01067	0.01621	0.00873	0.01166	0.00702	0.00454	0.00456	0.00150	0.00565	0.00408	0.00250	0.00672
8	0.01296	0.01175	0.12320	0.01024	0.01372	0.01044	0.03718	0.05453	0.40624	0.14630	0.10428	0.01828	0.01602	0.00645	0.00499	0.00158	0.00440	0.00544	0.00465	0.00733
9	0.00848	0.00505	0.00672	0.00678	0.00786	0.00461	0.00489	0.00998	0.01150	0.12633	0.29937	0.43143	0.03408	0.01201	0.00583	0.00174	0.00281	0.01074	0.00501	0.00477
10	0.08405	0.01193	0.01293	0.01005	0.01377	0.03961	0.00827	0.46334	0.01861	0.26805	0.01343	0.01275	0.00910	0.00574	0.00470	0.00146	0.00495	0.00435	0.00498	0.00792
11	0.18007	0.03529	0.18229	0.02317	0.04279	0.08717	0.06042	0.15497	0.01312	0.14847	0.01058	0.01125	0.00755	0.00503	0.00439	0.00147	0.00571	0.00387	0.01549	0.00691
12	0.00574	0.00484	0.00498	0.00509	0.00659	0.00408	0.00376	0.00693	0.01087	0.01302	0.04692	0.12228	0.72326	0.01256	0.00577	0.00167	0.00249	0.01057	0.00450	0.00408
13	0.00981	0.00836	0.00979	0.00715	0.01122	0.00631	0.00567	0.01188	0.01000	0.01559	0.00967	0.05768	0.00863	0.00427	0.00374	0.00079	0.00354	0.00351	0.00297	0.80942
14	0.00634	0.00482	0.00708	0.00756	0.00819	0.00451	0.04994	0.00750	0.00974	0.01307	0.07567	0.70731	0.03139	0.01414	0.00614	0.00193	0.00313	0.03297	0.00443	0.00414
15	0.00590	0.00422	0.00562	0.00675	0.00703	0.00394	0.00450	0.00675	0.00928	0.01237	0.02671	0.82653	0.03205	0.01518	0.00619	0.00197	0.00281	0.01378	0.00450	0.00394
16	0.01149	0.01114	0.01938	0.18673	0.49945	0.01156	0.11400	0.03197	0.03783	0.01557	0.00952	0.01252	0.00765	0.00450	0.00493	0.00151	0.00614	0.00454	0.00250	0.00708
17	0.01185	0.01194	0.12243	0.00998	0.01332	0.01105	0.00879	0.02277	0.57579	0.06684	0.02030	0.01898	0.07105	0.00668	0.00494	0.00162	0.00422	0.00552	0.00456	0.00737
18	0.01387	0.01248	0.01575	0.10941	0.36922	0.15770	0.01167	0.01620	0.01158	0.12547	0.01051	0.03236	0.00843	0.00508	0.00499	0.00142	0.02759	0.00432	0.00297	0.05898
19	0.02056	0.00932	0.01176	0.00905	0.01274	0.00881	0.00746	0.19383	0.01575	0.60242	0.01732	0.01546	0.01117	0.00595	0.00482	0.00148	0.00433	0.00475	0.03493	0.00812
20	0.82737	0.00955	0.00744	0.00658	0.00962	0.01105	0.00542	0.04749	0.00888	0.02212	0.00696	0.00803	0.00538	0.00456	0.00308	0.00150	0.00382	0.00270	0.00308	0.00538
21	0.01005	0.00861	0.01005	0.00718	0.01148	0.00646	0.00574	0.01220	0.01005	0.01579	0.00861	0.01005	0.00718	0.00359	0.00359	0.00072	0.00359	0.00287	0.00287	0.85932
22	0.00926	0.00872	0.01472	0.78909	0.06151	0.01079	0.01351	0.01247	0.00974	0.01251	0.00863	0.01289	0.00650	0.00483	0.00484	0.00161	0.00643	0.00431	0.00216	0.00547
23	0.01343	0.64247	0.09591	0.00921	0.01359	0.01786	0.00931	0.12298	0.01171	0.01446	0.00761	0.00855	0.00650	0.00442	0.00349	0.00114	0.00539	0.00293	0.00246	0.00659
24	0.21415	0.01134	0.06105	0.20148	0.36489	0.02671	0.01222	0.01444	0.02195	0.01642	0.00854	0.01115	0.00681	0.00454	0.00436	0.00150	0.00555	0.00386	0.00251	0.00651

[dist]
# distance from previous block
# <min> <max>
0	1

[block]
# block no. 1 follows, 52 sequences, length 24
# corresponding to MSA columns:
# 186-209
name=unknown_B
#
# <colnr> <probs for GDERKNQSTAVLIFYWHMCP>
#	G	D	E	R	K	N	Q	S	T	A	V	L	I	F	Y	W	H	M	C	P
0	0.03497	0.25209	0.45661	0.01136	0.01710	0.01295	0.01340	0.01618	0.01055	0.11876	0.00947	0.01030	0.00691	0.00466	0.00417	0.00139	0.00611	0.00345	0.00260	0.00699
1	0.03864	0.00600	0.03116	0.00838	0.04071	0.00527	0.03001	0.00943	0.01001	0.08236	0.04577	0.58902	0.05916	0.01262	0.00581	0.00184	0.00335	0.01137	0.00438	0.00471
2	0.00842	0.00421	0.00631	0.00631	0.00631	0.00421	0.00421	0.00631	0.00631	0.00842	0.00842	0.01473	0.00842	0.01684	0.01894	0.85901	0.00421	0.00421	0.00210	0.00210
3	0.00942	0.00619	0.00787	0.00665	0.00883	0.00531	0.00515	0.01162	0.01291	0.11521	0.52261	0.02785	0.03284	0.00800	0.00513	0.00134	0.00281	0.00695	0.00486	0.19845
4	0.03837	0.01350	0.08307	0.08885	0.10016	0.04308	0.45857	0.02976	0.04219	0.01579	0.00975	0.01249	0.00741	0.00438	0.00522	0.00156	0.00723	0.00498	0.00256	0.03108
5	0.00915	0.00861	0.01453	0.81804	0.03338	0.01077	0.01346	0.01238	0.00969	0.01238	0.00861	0.01292	0.00646	0.00484	0.00484	0.00161	0.00646	0.00431	0.00215	0.00538
6	0.00590	0.00422	0.00562	0.00675	0.00703	0.00394	0.00450	0.00675	0.00928	0.01237	0.02671	0.82653	0.03205	0.01518	0.00619	0.00197	0.00281	0.01378	0.00450	0.00394
7	0.01138	0.01104	0.01925	0.18770	0.59183	0.01141	0.06759	0.01442	0.01079	0.01512	0.00906	0.01225	0.00741	0.00441	0.00487	0.00149	0.00607	0.00441	0.00235	0.00714
8	0.00972	0.02507	0.80458	0.01381	0.02097	0.01125	0.01790	0.01535	0.01023	0.01535	0.00870	0.01023	0.00614	0.00460	0.00460	0.00153	0.00716	0.00358	0.00205	0.00716
9	0.00972	0.02507	0.80458	0.01381	0.02097	0.01125	0.01790	0.01535	0.01023	0.01535	0.00870	0.01023	0.00614	0.00460	0.00460	0.00153	0.00716	0.00358	0.00205	0.00716
10	0.00682	0.00508	0.00750	0.00761	0.00839	0.00581	0.00581	0.00842	0.00792	0.01131	0.01443	0.10062	0.01428	0.05693	0.70709	0.00711	0.01172	0.00611	0.00280	0.00425
11	0.01132	0.01063	0.02083	0.04473	0.03290	0.01017	0.46960	0.01532	0.06539	0.08457	0.08099	0.10325	0.01422	0.00615	0.00559	0.00165	0.00633	0.00668	0.00339	0.00629
12	0.01994	0.00947	0.01170	0.00904	0.01265	0.00915	0.00745	0.23449	0.01610	0.53336	0.01680	0.01525	0.01098	0.00592	0.00476	0.00146	0.00433	0.00471	0.06446	0.00799
13	0.00590	0.00422	0.00562	0.00675	0.00703	0.00394	0.00450	0.00675	0.00928	0.01237	0.02671	0.82653	0.03205	0.01518	0.00619	0.00197	0.00281	0.01378	0.00450	0.00394
14	0.00573	0.00491	0.00491	0.00491	0.00655	0.00409	0.00368	0.00695	0.01105	0.01309	0.04909	0.04664	0.79750	0.01227	0.00573	0.00164	0.00245	0.01023	0.00450	0.00409
15	0.01153	0.01127	0.02048	0.17032	0.43305	0.01149	0.20058	0.01507	0.03408	0.03048	0.00970	0.01269	0.00767	0.00446	0.00504	0.00153	0.00638	0.00470	0.00251	0.00699
16	0.00693	0.00517	0.00768	0.00768	0.00850	0.00600	0.00592	0.00858	0.00775	0.01117	0.01308	0.01961	0.01236	0.07213	0.77504	0.00765	0.01261	0.00528	0.00261	0.00426
17	0.00717	0.00533	0.00672	0.00631	0.00758	0.00507	0.00475	0.01020	0.06730	0.01923	0.71286	0.03537	0.07409	0.00977	0.00566	0.00154	0.00240	0.00860	0.00527	0.00477
18	0.01095	0.01845	0.39597	0.03160	0.11937	0.01177	0.25239	0.04678	0.03612	0.01618	0.00956	0.01168	0.00707	0.00452	0.00500	0.00155	0.00710	0.00444	0.00242	0.00706
19	0.01584	0.01933	0.01336	0.01202	0.01431	0.60590	0.04357	0.01802	0.06710	0.01260	0.01025	0.08162	0.00939	0.02325	0.00542	0.00146	0.03370	0.00445	0.00284	0.00559
20	0.01813	0.02226	0.01380	0.01237	0.01499	0.74072	0.00935	0.08614	0.01452	0.01349	0.00785	0.00899	0.00642	0.00507	0.00441	0.00127	0.00844	0.00323	0.00270	0.00585
21	0.01175	0.01126	0.01922	0.09866	0.73249	0.01145	0.01475	0.01465	0.01092	0.01553	0.00907	0.01207	0.00757	0.00436	0.00480	0.00145	0.00582	0.00432	0.00238	0.00748
22	0.03673	0.04969	0.32392	0.04354	0.11753	0.06098	0.06660	0.05606	0.04358	0.13927	0.01085	0.01186	0.00779	0.00490	0.00466	0.00149	0.00625	0.00407	0.00306	0.00718
23	0.01921	0.01085	0.02703	0.01032	0.01405	0.07141	0.07489	0.13162	0.03957	0.50061	0.01607	0.01488	0.01060	0.00571	0.00486	0.00148	0.00500	0.00472	0.02938	0.00775

[dist]
# distance from previous block
# <min> <max>
0	7

[block]
# block no. 2 follows, 52 sequences, length 62
# corresponding to MSA columns:
# 217-278
name=unknown_C
#
# <colnr> <probs for GDERKNQSTAVLIFYWHMCP>
#	G	D	E	R	K	N	Q	S	T	A	V	L	I	F	Y	W	H	M	C	P
0	0.15544	0.69476	0.02233	0.00797	0.01192	0.01778	0.00778	0.01447	0.00958	0.01313	0.00674	0.00779	0.00606	0.00420	0.00309	0.00111	0.00494	0.00260	0.00223	0.00606
1	0.09158	0.02015	0.01290	0.01163	0.01424	0.62553	0.00886	0.06725	0.05725	0.01444	0.00882	0.01050	0.00729	0.00530	0.00437	0.00133	0.00771	0.02213	0.00287	0.00584
2	0.08736	0.72741	0.02337	0.00830	0.01218	0.01827	0.00812	0.01437	0.00961	0.01232	0.00672	0.00790	0.00614	0.00435	0.00362	0.00112	0.03793	0.00266	0.00216	0.00610
3	0.00842	0.00421	0.00631	0.00631	0.00631	0.00421	0.00421	0.00631	0.00631	0.00842	0.00842	0.01473	0.00842	0.01684	0.01894	0.85901	0.00421	0.00421	0.00210	0.00210
4	0.00705	0.00470	0.00529	0.00529	0.00529	0.00470	0.00294	0.00705	0.00705	0.00940	0.01527	0.03171	0.01762	0.82969	0.02467	0.00470	0.00470	0.00705	0.00294	0.00294
5	0.00924	0.00873	0.01455	0.76959	0.03213	0.01101	0.01329	0.01234	0.00955	0.01234	0.00848	0.01278	0.00645	0.00506	0.00551	0.00165	0.05546	0.00430	0.00215	0.00538
6	0.00590	0.00422	0.00562	0.00675	0.00703	0.00394	0.00450	0.00675	0.00928	0.01237	0.02671	0.82653	0.03205	0.01518	0.00619	0.00197	0.00281	0.01378	0.00450	0.00394
7	0.00979	0.02458	0.77331	0.01408	0.02115	0.01129	0.04870	0.01535	0.01028	0.01535	0.00874	0.01035	0.00619	0.00458	0.00465	0.00154	0.00720	0.00367	0.00206	0.00714
8	0.01837	0.01291	0.01407	0.01077	0.01465	0.01399	0.00889	0.68572	0.02149	0.09756	0.01217	0.01200	0.00853	0.00574	0.00480	0.00143	0.00516	0.00435	0.00487	0.04254
9	0.01793	0.05511	0.01429	0.01217	0.01488	0.69524	0.00930	0.09864	0.01452	0.01379	0.00789	0.00900	0.00645	0.00504	0.00437	0.00126	0.00824	0.00323	0.00272	0.00592
10	0.01283	0.01204	0.08042	0.04505	0.59086	0.01084	0.01380	0.01601	0.02608	0.10796	0.01043	0.01247	0.00815	0.00457	0.00476	0.00144	0.00560	0.00431	0.00285	0.02951
11	0.04529	0.17215	0.56584	0.01234	0.01850	0.01271	0.02658	0.03195	0.02561	0.03409	0.00880	0.01006	0.00649	0.00460	0.00430	0.00144	0.00650	0.00348	0.00231	0.00696
12	0.86392	0.00937	0.00712	0.00637	0.00937	0.01087	0.00525	0.01425	0.00825	0.02174	0.00675	0.00787	0.00525	0.00450	0.00300	0.00150	0.00375	0.00262	0.00300	0.00525
13	0.01205	0.01041	0.01096	0.00986	0.01260	0.01205	0.00767	0.02575	0.79071	0.02027	0.01972	0.01808	0.01479	0.00657	0.00493	0.00164	0.00384	0.00548	0.00493	0.00767
14	0.00981	0.00929	0.01573	0.63443	0.21182	0.01094	0.01379	0.01296	0.01000	0.01319	0.00873	0.01270	0.00674	0.00472	0.00483	0.00157	0.00630	0.00431	0.00221	0.00592
15	0.00842	0.00421	0.00631	0.00631	0.00631	0.00421	0.00421	0.00631	0.00631	0.00842	0.00842	0.01473	0.00842	0.01684	0.01894	0.85901	0.00421	0.00421	0.00210	0.00210
16	0.00841	0.00579	0.00644	0.00605	0.00654	0.00599	0.00376	0.08902	0.03186	0.01192	0.01490	0.02892	0.01640	0.70534	0.02191	0.01855	0.00473	0.00667	0.00318	0.00362
17	0.86392	0.00937	0.00712	0.00637	0.00937	0.01087	0.00525	0.01425	0.00825	0.02174	0.00675	0.00787	0.00525	0.00450	0.00300	0.00150	0.00375	0.00262	0.00300	0.00525
18	0.01167	0.01115	0.01883	0.11841	0.68946	0.01145	0.01450	0.01491	0.03394	0.01557	0.00937	0.01228	0.00775	0.00444	0.00481	0.00147	0.00578	0.00435	0.00245	0.00742
19	0.00903	0.00452	0.00452	0.00452	0.00565	0.00452	0.00339	0.01129	0.01016	0.01807	0.01581	0.01807	0.01242	0.00565	0.00339	0.00113	0.00226	0.00452	0.85659	0.00452
20	0.00842	0.00421	0.00631	0.00631	0.00631	0.00421	0.00421	0.00631	0.00631	0.00842	0.00842	0.01473	0.00842	0.01684	0.01894	0.85901	0.00421	0.00421	0.00210	0.00210
21	0.00874	0.00608	0.00852	0.00800	0.00882	0.00705	0.00611	0.01003	0.00812	0.08022	0.01310	0.02032	0.01248	0.19520	0.46942	0.00583	0.11911	0.00542	0.00290	0.00451
22	0.00636	0.00499	0.00573	0.00575	0.00709	0.00446	0.00438	0.00792	0.01147	0.01469	0.24423	0.04316	0.45026	0.05756	0.02772	0.00200	0.00302	0.09042	0.00458	0.00420
23	0.01071	0.03043	0.01680	0.01389	0.03273	0.01432	0.10964	0.01223	0.00809	0.01224	0.00704	0.01109	0.00666	0.00840	0.03363	0.00216	0.65784	0.00442	0.00218	0.00551
24	0.04029	0.22152	0.23560	0.08215	0.01745	0.29874	0.01170	0.01628	0.01128	0.01307	0.00771	0.00925	0.00620	0.00465	0.00412	0.00132	0.00707	0.00321	0.00225	0.00616
25	0.00606	0.00438	0.00589	0.03215	0.00777	0.00419	0.00470	0.00694	0.00918	0.01222	0.02555	0.76018	0.03051	0.05667	0.00709	0.00210	0.00302	0.01313	0.00434	0.00393
26	0.00655	0.00489	0.00668	0.03216	0.02683	0.00484	0.00534	0.02214	0.00959	0.01284	0.02493	0.72704	0.02951	0.01422	0.00634	0.00195	0.02326	0.03236	0.00433	0.00420
27	0.01148	0.01095	0.01847	0.17213	0.63666	0.01139	0.01440	0.01475	0.03442	0.01534	0.00935	0.01235	0.00767	0.00448	0.00481	0.00148	0.00583	0.00435	0.00243	0.00726
28	0.00692	0.00519	0.00779	0.00779	0.00865	0.00606	0.00606	0.00865	0.00779	0.01125	0.01298	0.01904	0.01211	0.03634	0.81049	0.00779	0.01298	0.00519	0.00260	0.00433
29	0.08450	0.02369	0.73477	0.01316	0.01996	0.01122	0.01680	0.01525	0.01006	0.01591	0.00853	0.01002	0.00606	0.00459	0.00446	0.00153	0.00686	0.00350	0.00213	0.00699
30	0.00705	0.00470	0.00529	0.00529	0.00529	0.00470	0.00294	0.00705	0.00705	0.00940	0.01527	0.03171	0.01762	0.82969	0.02467	0.00470	0.00470	0.00705	0.00294	0.00294
31	0.01240	0.56114	0.14719	0.10412	0.01631	0.03686	0.01042	0.01480	0.01012	0.03698	0.00768	0.00907	0.00642	0.00438	0.00364	0.00120	0.00570	0.00303	0.00221	0.00632
32	0.00634	0.00481	0.00587	0.00599	0.00710	0.00433	0.00442	0.00799	0.01183	0.01575	0.36838	0.21127	0.27290	0.01192	0.00586	0.00168	0.00254	0.04188	0.00486	0.00428
33	0.00987	0.02402	0.73665	0.01439	0.02136	0.01134	0.08479	0.01536	0.01034	0.01536	0.00879	0.01048	0.00625	0.00456	0.00470	0.00154	0.00725	0.00377	0.00208	0.00711
34	0.00693	0.00465	0.00532	0.00544	0.00547	0.00462	0.00310	0.00702	0.00728	0.00970	0.01646	0.11418	0.01912	0.74518	0.02275	0.00441	0.00450	0.00775	0.00310	0.00304
35	0.01268	0.71246	0.07061	0.00876	0.01296	0.01808	0.00881	0.01554	0.07823	0.01241	0.00799	0.00882	0.00696	0.00439	0.00336	0.00112	0.00518	0.00290	0.00232	0.00640
36	0.00587	0.00491	0.00511	0.00506	0.00664	0.00415	0.00380	0.00724	0.01139	0.01392	0.14627	0.04528	0.69980	0.01197	0.00573	0.00162	0.00243	0.01004	0.00461	0.00415
37	0.01005	0.00861	0.01005	0.00718	0.01148	0.00646	0.00574	0.01220	0.01005	0.01579	0.00861	0.01005	0.00718	0.00359	0.00359	0.00072	0.00359	0.00287	0.00287	0.85932
38	0.00826	0.00531	0.00663	0.00609	0.00765	0.00474	0.00464	0.01024	0.01308	0.10634	0.52599	0.03653	0.22597	0.01004	0.00562	0.00155	0.00253	0.00868	0.00521	0.00487
39	0.01270	0.01001	0.01082	0.00967	0.01242	0.01134	0.00756	0.02490	0.69317	0.08852	0.01992	0.03587	0.01513	0.00682	0.00498	0.00165	0.00385	0.01808	0.00501	0.00759
40	0.00693	0.00516	0.00762	0.00762	0.00843	0.00597	0.00585	0.00855	0.00774	0.01113	0.01313	0.01988	0.01248	0.08892	0.75841	0.00758	0.01243	0.00532	0.00262	0.00423
41	0.01005	0.00861	0.01005	0.00718	0.01148	0.00646	0.00574	0.01220	0.01005	0.01579	0.00861	0.01005	0.00718	0.00359	0.00359	0.00072	0.00359	0.00287	0.00287	0.85932
42	0.04784	0.03399	0.01133	0.00923	0.01225	0.01058	0.00747	0.13697	0.33496	0.21184	0.05818	0.01947	0.02973	0.00681	0.00493	0.00158	0.00410	0.04636	0.00501	0.00736
43	0.01307	0.01004	0.01086	0.00961	0.01244	0.01130	0.00752	0.02509	0.68183	0.11296	0.02028	0.01850	0.03124	0.00663	0.00494	0.00163	0.00384	0.00551	0.00505	0.00766
44	0.04710	0.00855	0.01129	0.00868	0.01241	0.00763	0.00717	0.06132	0.01415	0.74054	0.01837	0.01599	0.01160	0.00594	0.00482	0.00150	0.00417	0.00478	0.00585	0.00816
45	0.00986	0.00845	0.00983	0.00708	0.01127	0.00636	0.00565	0.01198	0.01009	0.01568	0.01035	0.01162	0.04107	0.00396	0.00368	0.00076	0.00354	0.00319	0.00294	0.82264
46	0.00972	0.02507	0.80458	0.01381	0.02097	0.01125	0.01790	0.01535	0.01023	0.01535	0.00870	0.01023	0.00614	0.00460	0.00460	0.00153	0.00716	0.00358	0.00205	0.00716
47	0.00626	0.00519	0.00561	0.00539	0.00710	0.00435	0.00403	0.00767	0.01115	0.01405	0.13558	0.10131	0.57804	0.01144	0.00557	0.00157	0.00256	0.00967	0.00446	0.07901
48	0.02174	0.00825	0.01125	0.00862	0.01237	0.00712	0.00712	0.02362	0.01387	0.80282	0.01912	0.01649	0.01200	0.00600	0.00487	0.00150	0.00412	0.00487	0.00600	0.00825
49	0.00593	0.00451	0.00547	0.00610	0.00689	0.00404	0.00424	0.00702	0.01024	0.01322	0.10085	0.50518	0.28127	0.01378	0.00600	0.00182	0.00265	0.01219	0.00457	0.00404
50	0.01005	0.00861	0.01005	0.00718	0.01148	0.00646	0.00574	0.01220	0.01005	0.01579	0.00861	0.01005	0.00718	0.00359	0.00359	0.00072	0.00359	0.00287	0.00287	0.85932
51	0.10308	0.02268	0.67261	0.01307	0.01961	0.01136	0.03419	0.04136	0.01047	0.01656	0.00861	0.01009	0.00614	0.00462	0.00446	0.00153	0.00675	0.00355	0.00225	0.00698
52	0.00590	0.00422	0.00562	0.00675	0.00703	0.00394	0.00450	0.00675	0.00928	0.01237	0.02671	0.82653	0.03205	0.01518	0.00619	0.00197	0.00281	0.01378	0.00450	0.00394
53	0.01279	0.79120	0.06535	0.00857	0.01288	0.01877	0.00878	0.01455	0.00987	0.01160	0.00684	0.00790	0.00621	0.00417	0.00319	0.00106	0.00528	0.00264	0.00207	0.00627
54	0.86392	0.00937	0.00712	0.00637	0.00937	0.01087	0.00525	0.01425	0.00825	0.02174	0.00675	0.00787	0.00525	0.00450	0.00300	0.00150	0.00375	0.00262	0.00300	0.00525
55	0.01199	0.01151	0.01967	0.02974	0.79946	0.01151	0.01487	0.01487	0.01103	0.01583	0.00912	0.01199	0.00768	0.00432	0.00480	0.00144	0.00576	0.00432	0.00240	0.00768
56	0.01205	0.01041	0.01096	0.00986	0.01260	0.01205	0.00767	0.02575	0.79071	0.02027	0.01972	0.01808	0.01479	0.00657	0.00493	0.00164	0.00384	0.00548	0.00493	0.00767
57	0.02166	0.00838	0.01133	0.00869	0.01244	0.00732	0.00718	0.04286	0.01410	0.78326	0.01893	0.01637	0.01190	0.00599	0.00487	0.00150	0.00415	0.00486	0.00597	0.00825
58	0.01199	0.01151	0.01967	0.02974	0.79946	0.01151	0.01487	0.01487	0.01103	0.01583	0.00912	0.01199	0.00768	0.00432	0.00480	0.00144	0.00576	0.00432	0.00240	0.00768
59	0.00781	0.00558	0.00781	0.00892	0.01004	0.00558	0.00781	0.01004	0.01116	0.01450	0.02566	0.05466	0.02789	0.01339	0.00669	0.00223	0.00446	0.76685	0.00446	0.00446
60	0.00693	0.00518	0.00771	0.00771	0.00855	0.00601	0.00596	0.00860	0.00776	0.01119	0.01305	0.01944	0.01229	0.06126	0.78581	0.00769	0.01272	0.00525	0.00261	0.00428
61	0.00915	0.00861	0.01453	0.81804	0.03338	0.01077	0.01346	0.01238	0.00969	0.01238	0.00861	0.01292	0.00646	0.00484	0.00484	0.00161	0.00646	0.00431	0.00215	0.00538

[dist]
# distance from previous block
# <min> <max>
0	2

[block]
# block no. 3 follows, 52 sequences, length 53
# corresponding to MSA columns:
# 281-299,303-313,332-335,339-357
name=unknown_D
#
# <colnr> <probs for GDERKNQSTAVLIFYWHMCP>
#	G	D	E	R	K	N	Q	S	T	A	V	L	I	F	Y	W	H	M	C	P
0	0.86392	0.00937	0.00712	0.00637	0.00937	0.01087	0.00525	0.01425	0.00825	0.02174	0.00675	0.00787	0.00525	0.00450	0.00300	0.00150	0.00375	0.00262	0.00300	0.00525
1	0.86392	0.00937	0.00712	0.00637	0.00937	0.01087	0.00525	0.01425	0.00825	0.02174	0.00675	0.00787	0.00525	0.00450	0.00300	0.00150	0.00375	0.00262	0.00300	0.00525
2	0.01159	0.01110	0.01893	0.14279	0.68961	0.01141	0.01467	0.01452	0.01084	0.01534	0.00904	0.01213	0.00750	0.00439	0.00480	0.00146	0.00586	0.00432	0.00236	0.00735
3	0.00583	0.00491	0.00505	0.00501	0.00661	0.00413	0.00376	0.00715	0.01128	0.01365	0.11472	0.04572	0.73152	0.01207	0.00573	0.00163	0.00244	0.01010	0.00457	0.00413
4	0.00903	0.00452	0.00452	0.00452	0.00565	0.00452	0.00339	0.01129	0.01016	0.01807	0.01581	0.01807	0.01242	0.00565	0.00339	0.00113	0.00226	0.00452	0.85659	0.00452
5	0.00595	0.00427	0.00566	0.00675	0.00709	0.00398	0.00456	0.00684	0.00938	0.01245	0.02738	0.78228	0.05572	0.01505	0.00618	0.00196	0.00284	0.03321	0.00450	0.00395
6	0.01357	0.01116	0.01181	0.01017	0.01318	0.01276	0.00804	0.20588	0.60812	0.02271	0.01780	0.01655	0.01324	0.00639	0.00491	0.00160	0.00419	0.00521	0.00491	0.00781
7	0.01238	0.69888	0.08370	0.07977	0.01492	0.01783	0.00948	0.01439	0.00986	0.01179	0.00705	0.00841	0.00623	0.00424	0.00338	0.00113	0.00545	0.00282	0.00208	0.00622
8	0.01060	0.01060	0.01484	0.01272	0.01272	0.01484	0.01060	0.01166	0.00742	0.01166	0.00636	0.01060	0.00636	0.00848	0.01590	0.00212	0.82082	0.00424	0.00212	0.00530
9	0.00705	0.00470	0.00529	0.00529	0.00529	0.00470	0.00294	0.00705	0.00705	0.00940	0.01527	0.03171	0.01762	0.82969	0.02467	0.00470	0.00470	0.00705	0.00294	0.00294
10	0.01225	0.01155	0.02019	0.02827	0.70691	0.01144	0.08194	0.01520	0.01116	0.04042	0.00949	0.01223	0.00778	0.00435	0.00488	0.00146	0.00592	0.00446	0.00252	0.00759
11	0.01005	0.00861	0.01005	0.00718	0.01148	0.00646	0.00574	0.01220	0.01005	0.01579	0.00861	0.01005	0.00718	0.00359	0.00359	0.00072	0.00359	0.00287	0.00287	0.85932
12	0.00590	0.00422	0.00562	0.00675	0.00703	0.00394	0.00450	0.00675	0.00928	0.01237	0.02671	0.82653	0.03205	0.01518	0.00619	0.00197	0.00281	0.01378	0.00450	0.00394
13	0.00842	0.00421	0.00631	0.00631	0.00631	0.00421	0.00421	0.00631	0.00631	0.00842	0.00842	0.01473	0.00842	0.01684	0.01894	0.85901	0.00421	0.00421	0.00210	0.00210
14	0.05046	0.00840	0.01117	0.00860	0.01232	0.00742	0.00710	0.03934	0.01387	0.75981	0.01854	0.01610	0.01169	0.00594	0.00481	0.00150	0.00414	0.00479	0.00587	0.00814
15	0.00924	0.00870	0.01469	0.79384	0.05690	0.01079	0.01350	0.01246	0.00973	0.01249	0.00863	0.01289	0.00650	0.00483	0.00484	0.00161	0.00644	0.00431	0.00216	0.00545
16	0.01744	0.02200	0.01383	0.01251	0.01478	0.74043	0.00947	0.01868	0.01318	0.01184	0.00739	0.00890	0.00625	0.00530	0.00538	0.00132	0.08001	0.00322	0.00246	0.00559
17	0.00818	0.00587	0.00871	0.00751	0.00914	0.00540	0.07294	0.01060	0.01353	0.06739	0.67987	0.03295	0.04028	0.00916	0.00566	0.00153	0.00292	0.00826	0.00512	0.00497
18	0.01005	0.00861	0.01005	0.00718	0.01148	0.00646	0.00574	0.01220	0.01005	0.01579	0.00861	0.01005	0.00718	0.00359	0.00359	0.00072	0.00359	0.00287	0.00287	0.85932
19	0.01144	0.01094	0.01866	0.18446	0.64911	0.01137	0.01459	0.01438	0.01077	0.01515	0.00902	0.01218	0.00744	0.00442	0.00481	0.00147	0.00590	0.00432	0.00235	0.00723
20	0.00695	0.00466	0.00532	0.00541	0.00544	0.00463	0.00307	0.00702	0.00724	0.00966	0.01627	0.10146	0.01888	0.75821	0.02304	0.00446	0.00453	0.00764	0.00307	0.00302
21	0.86392	0.00937	0.00712	0.00637	0.00937	0.01087	0.00525	0.01425	0.00825	0.02174	0.00675	0.00787	0.00525	0.00450	0.00300	0.00150	0.00375	0.00262	0.00300	0.00525
22	0.00579	0.00466	0.00517	0.00558	0.00672	0.00403	0.00398	0.00688	0.01040	0.01283	0.04093	0.33093	0.51847	0.01333	0.00589	0.00176	0.00258	0.01152	0.00450	0.00403
23	0.05647	0.00855	0.01123	0.00865	0.01237	0.00765	0.00714	0.05937	0.01406	0.73372	0.01825	0.01591	0.01154	0.00593	0.00479	0.00150	0.00417	0.00476	0.00582	0.00812
24	0.01060	0.01060	0.01484	0.01272	0.01272	0.01484	0.01060	0.01166	0.00742	0.01166	0.00636	0.01060	0.00636	0.00848	0.01590	0.00212	0.82082	0.00424	0.00212	0.00530
25	0.01624	0.00685	0.00929	0.00797	0.01051	0.00601	0.00621	0.01775	0.01227	0.52801	0.02176	0.29811	0.01897	0.00919	0.00533	0.00166	0.00367	0.00797	0.00548	0.00675
26	0.00751	0.00539	0.00746	0.00854	0.00957	0.00533	0.00728	0.00955	0.01092	0.01420	0.02648	0.14886	0.05101	0.01357	0.00660	0.00218	0.00420	0.65248	0.00447	0.00439
27	0.02163	0.00843	0.01136	0.00871	0.01246	0.00740	0.00719	0.04989	0.01418	0.77611	0.01886	0.01633	0.01187	0.00599	0.00487	0.00150	0.00417	0.00486	0.00596	0.00825
28	0.00590	0.00422	0.00562	0.00675	0.00703	0.00394	0.00450	0.00675	0.00928	0.01237	0.02671	0.82653	0.03205	0.01518	0.00619	0.00197	0.00281	0.01378	0.00450	0.00394
29	0.86392	0.00937	0.00712	0.00637	0.00937	0.01087	0.00525	0.01425	0.00825	0.02174	0.00675	0.00787	0.00525	0.00450	0.00300	0.00150	0.00375	0.00262	0.00300	0.00525
30	0.00590	0.00422	0.00562	0.00675	0.00703	0.00394	0.00450	0.00675	0.00928	0.01237	0.02671	0.82653	0.03205	0.01518	0.00619	0.00197	0.00281	0.01378	0.00450	0.00394
31	0.72148	0.00918	0.00782	0.00675	0.00988	0.01024	0.00557	0.01583	0.00920	0.15385	0.00884	0.00933	0.00639	0.00475	0.00332	0.00150	0.00381	0.00300	0.00351	0.00576
32	0.01005	0.00861	0.01005	0.00718	0.01148	0.00646	0.00574	0.01220	0.01005	0.01579	0.00861	0.01005	0.00718	0.00359	0.00359	0.00072	0.00359	0.00287	0.00287	0.85932
33	0.00842	0.00421	0.00631	0.00631	0.00631	0.00421	0.00421	0.00631	0.00631	0.00842	0.00842	0.01473	0.00842	0.01684	0.01894	0.85901	0.00421	0.00421	0.00210	0.00210
34	0.00597	0.00427	0.00569	0.00677	0.00710	0.00399	0.00457	0.00689	0.00945	0.01262	0.04931	0.78719	0.03237	0.01499	0.00618	0.00196	0.00283	0.02936	0.00452	0.00397
35	0.02174	0.00825	0.01125	0.00862	0.01237	0.00712	0.00712	0.02362	0.01387	0.80282	0.01912	0.01649	0.01200	0.00600	0.00487	0.00150	0.00412	0.00487	0.00600	0.00825
36	0.00686	0.00495	0.00648	0.00610	0.00724	0.00457	0.00457	0.00914	0.01372	0.01943	0.79691	0.03620	0.04572	0.00991	0.00572	0.00152	0.00229	0.00876	0.00533	0.00457
37	0.00972	0.02507	0.80458	0.01381	0.02097	0.01125	0.01790	0.01535	0.01023	0.01535	0.00870	0.01023	0.00614	0.00460	0.00460	0.00153	0.00716	0.00358	0.00205	0.00716
38	0.00607	0.00492	0.00539	0.00527	0.00676	0.00424	0.00395	0.00762	0.01186	0.01502	0.27620	0.04347	0.56919	0.01155	0.00572	0.00160	0.00240	0.00978	0.00475	0.00424
39	0.01005	0.00861	0.01005	0.00718	0.01148	0.00646	0.00574	0.01220	0.01005	0.01579	0.00861	0.01005	0.00718	0.00359	0.00359	0.00072	0.00359	0.00287	0.00287	0.85932
40	0.01268	0.71630	0.12015	0.00903	0.01353	0.01812	0.00948	0.03138	0.01018	0.01230	0.00708	0.00816	0.00625	0.00424	0.00333	0.00111	0.00543	0.00275	0.00213	0.00638
41	0.00600	0.00429	0.00574	0.00686	0.00719	0.00402	0.00467	0.00692	0.00938	0.01248	0.02665	0.78596	0.03183	0.01509	0.00621	0.00198	0.00290	0.05335	0.00450	0.00396
42	0.00718	0.00519	0.00554	0.00532	0.00709	0.00437	0.00404	0.00850	0.01136	0.08263	0.07571	0.06003	0.68254	0.01169	0.00566	0.00163	0.00260	0.00977	0.00466	0.00447
43	0.03996	0.14277	0.23824	0.01273	0.01752	0.01293	0.15815	0.16454	0.01312	0.08803	0.03417	0.01196	0.00851	0.00507	0.00499	0.00147	0.03144	0.00425	0.00316	0.00701
44	0.01178	0.01130	0.01929	0.08857	0.74229	0.01146	0.01477	0.01469	0.01093	0.01557	0.00908	0.01206	0.00759	0.00436	0.00480	0.00145	0.00581	0.00432	0.00238	0.00750
45	0.80798	0.00957	0.00825	0.00758	0.03446	0.01094	0.03241	0.01431	0.00844	0.02134	0.00693	0.00818	0.00540	0.00448	0.00315	0.00150	0.00396	0.00278	0.00296	0.00537
46	0.00680	0.00478	0.00599	0.00615	0.00714	0.00434	0.00441	0.00828	0.01141	0.04151	0.32457	0.31979	0.18796	0.03621	0.00641	0.00180	0.00264	0.01066	0.00482	0.00432
47	0.00622	0.00491	0.00560	0.00546	0.00685	0.00429	0.00408	0.00789	0.01214	0.01578	0.36819	0.06242	0.45626	0.01134	0.00573	0.00160	0.00239	0.00969	0.00486	0.00429
48	0.01302	0.01206	0.08934	0.01516	0.15345	0.02630	0.14657	0.09123	0.16422	0.11600	0.10795	0.01659	0.01402	0.00578	0.00509	0.00154	0.00534	0.00531	0.00390	0.00713
49	0.00941	0.00875	0.01223	0.01070	0.01135	0.01138	0.00876	0.01078	0.00777	0.01190	0.00861	0.01317	0.00822	0.01670	0.26157	0.00376	0.49824	0.00442	0.00233	0.07995
50	0.08678	0.01141	0.01898	0.04048	0.65203	0.01155	0.06450	0.02822	0.01100	0.01653	0.00899	0.01171	0.00743	0.00435	0.00470	0.00146	0.00574	0.00426	0.00249	0.00736
51	0.01144	0.32976	0.44997	0.01174	0.01754	0.01447	0.03225	0.05493	0.01077	0.01465	0.00813	0.00944	0.00631	0.00448	0.00408	0.00134	0.00634	0.00330	0.00221	0.00685
52	0.01170	0.06123	0.18994	0.04685	0.40940	0.04419	0.08654	0.02764	0.02988	0.01557	0.00931	0.01164	0.00741	0.00450	0.00471	0.00145	0.00627	0.00418	0.02042	0.00716

[dist]
# distance from previous block
# <min> <max>
0	48

# created by:
# /home/cegg/simao/soft/augustus-3.2.1/scripts/msa2prfl.pl ./align_prep/EOG091G0MP6.fa
