[name]
unknown

[dist]
# distance from previous block
# <min> <max>
0	230

[block]
# block no. 0 follows, 55 sequences, length 78
# corresponding to MSA columns:
# 245-322
name=unknown_A
#
# <colnr> <probs for GDERKNQSTAVLIFYWHMCP>
#	G	D	E	R	K	N	Q	S	T	A	V	L	I	F	Y	W	H	M	C	P
0	0.00599	0.00449	0.00556	0.00581	0.00672	0.00406	0.00416	0.00744	0.01101	0.01475	0.34197	0.32603	0.22123	0.01189	0.00565	0.00164	0.00242	0.01049	0.00464	0.00406
1	0.00558	0.00463	0.00488	0.00500	0.00638	0.00393	0.00368	0.00676	0.01052	0.01279	0.08377	0.14756	0.66445	0.01203	0.00556	0.00161	0.00239	0.01019	0.00436	0.00393
2	0.01244	0.83930	0.02438	0.00796	0.01194	0.01841	0.00796	0.01393	0.00945	0.01095	0.00647	0.00746	0.00597	0.00398	0.00299	0.00100	0.00498	0.00249	0.00199	0.00597
3	0.63963	0.00870	0.00791	0.00670	0.00978	0.00946	0.00553	0.01611	0.00938	0.23473	0.00969	0.00980	0.00679	0.00471	0.00337	0.00144	0.00370	0.00310	0.00366	0.00582
4	0.01028	0.00948	0.01526	0.55724	0.20977	0.02936	0.02795	0.04020	0.01026	0.03354	0.00873	0.01215	0.00668	0.00458	0.00465	0.00150	0.00603	0.00415	0.00232	0.00587
5	0.75641	0.08396	0.00868	0.00653	0.00949	0.04543	0.00547	0.01391	0.00828	0.01958	0.00651	0.00758	0.00516	0.00431	0.00294	0.00139	0.00393	0.00254	0.00278	0.00514
6	0.01018	0.01018	0.01425	0.01221	0.01221	0.01425	0.01018	0.01120	0.00712	0.01120	0.00611	0.01018	0.00611	0.00814	0.01527	0.00204	0.82799	0.00407	0.00204	0.00509
7	0.00567	0.00405	0.00540	0.00648	0.00675	0.00378	0.00432	0.00648	0.00891	0.01188	0.02564	0.83347	0.03077	0.01457	0.00594	0.00189	0.00270	0.01323	0.00432	0.00378
8	0.00575	0.00411	0.00548	0.00650	0.00682	0.00384	0.00440	0.00664	0.00911	0.01219	0.05578	0.78424	0.03118	0.01434	0.00593	0.00188	0.00272	0.03094	0.00435	0.00381
9	0.86937	0.00900	0.00684	0.00612	0.00900	0.01044	0.00504	0.01368	0.00792	0.02087	0.00648	0.00756	0.00504	0.00432	0.00288	0.00144	0.00360	0.00252	0.00288	0.00504
10	0.00879	0.00827	0.01395	0.82532	0.03204	0.01034	0.01292	0.01189	0.00930	0.01189	0.00827	0.01240	0.00620	0.00465	0.00465	0.00155	0.00620	0.00413	0.00207	0.00517
11	0.00567	0.00405	0.00540	0.00648	0.00675	0.00378	0.00432	0.00648	0.00891	0.01188	0.02564	0.83347	0.03077	0.01457	0.00594	0.00189	0.00270	0.01323	0.00432	0.00378
12	0.02048	0.00855	0.01119	0.00858	0.01219	0.00777	0.00708	0.11728	0.01437	0.71461	0.01747	0.01526	0.01107	0.00574	0.00468	0.00143	0.00410	0.00462	0.00562	0.00792
13	0.01959	0.00950	0.01171	0.00903	0.01263	0.00924	0.00745	0.24850	0.04528	0.55175	0.01627	0.01452	0.01056	0.00573	0.00467	0.00143	0.00429	0.00456	0.00540	0.00789
14	0.00658	0.00538	0.00590	0.00580	0.00728	0.00507	0.00433	0.00959	0.12020	0.01471	0.19756	0.12561	0.45327	0.01086	0.00544	0.00158	0.00254	0.00927	0.00454	0.00448
15	0.00696	0.00530	0.00646	0.00607	0.00740	0.00508	0.00458	0.01017	0.09567	0.01789	0.61627	0.03432	0.14718	0.00949	0.00541	0.00149	0.00237	0.00828	0.00497	0.00464
16	0.02081	0.00801	0.01085	0.00832	0.01192	0.00698	0.00687	0.03664	0.01347	0.79652	0.01822	0.01575	0.01145	0.00575	0.00468	0.00144	0.00398	0.00467	0.00574	0.00792
17	0.01151	0.01105	0.01888	0.02855	0.80748	0.01105	0.01428	0.01428	0.01059	0.01520	0.00875	0.01151	0.00737	0.00415	0.00461	0.00138	0.00553	0.00415	0.00230	0.00737
18	0.01276	0.01072	0.01524	0.01200	0.01531	0.03337	0.21551	0.10623	0.31932	0.09656	0.02767	0.01507	0.01122	0.00705	0.05014	0.00183	0.00556	0.00503	0.00394	0.03546
19	0.00656	0.00461	0.00571	0.00590	0.00691	0.00414	0.00425	0.00794	0.01088	0.04793	0.27758	0.34372	0.23293	0.01188	0.00563	0.00165	0.00250	0.01047	0.00463	0.00418
20	0.00567	0.00405	0.00540	0.00648	0.00675	0.00378	0.00432	0.00648	0.00891	0.01188	0.02564	0.83347	0.03077	0.01457	0.00594	0.00189	0.00270	0.01323	0.00432	0.00378
21	0.01082	0.01183	0.04250	0.03466	0.03698	0.11006	0.35727	0.06419	0.02725	0.01463	0.01352	0.20230	0.02241	0.00687	0.00548	0.00159	0.02219	0.00678	0.00301	0.00568
22	0.86937	0.00900	0.00684	0.00612	0.00900	0.01044	0.00504	0.01368	0.00792	0.02087	0.00648	0.00756	0.00504	0.00432	0.00288	0.00144	0.00360	0.00252	0.00288	0.00504
23	0.06006	0.01419	0.03798	0.12737	0.01995	0.22346	0.29375	0.01578	0.06770	0.01391	0.00890	0.01124	0.00696	0.00480	0.00561	0.00150	0.07423	0.00430	0.00249	0.00582
24	0.01088	0.01016	0.01682	0.31608	0.48175	0.01098	0.01348	0.05746	0.01076	0.01480	0.00871	0.01182	0.00698	0.00441	0.00462	0.00144	0.00575	0.00414	0.00235	0.00660
25	0.00640	0.00475	0.00596	0.00566	0.00684	0.00431	0.00424	0.00842	0.01273	0.01762	0.67626	0.03645	0.17332	0.00990	0.00549	0.00148	0.00222	0.00865	0.00499	0.00431
26	0.00769	0.00542	0.00682	0.00651	0.02202	0.00511	0.00481	0.01054	0.07038	0.06191	0.58764	0.03335	0.14134	0.00927	0.00537	0.00148	0.00248	0.00809	0.00497	0.00480
27	0.00639	0.00473	0.00596	0.00569	0.00684	0.00430	0.00425	0.00838	0.01265	0.01751	0.66385	0.05812	0.16406	0.01001	0.00550	0.00149	0.00223	0.00877	0.00497	0.00430
28	0.00644	0.00464	0.00609	0.00595	0.00692	0.00429	0.00438	0.00841	0.01249	0.01758	0.68104	0.16181	0.04181	0.01032	0.00556	0.00153	0.00228	0.00918	0.00499	0.00429
29	0.00881	0.00818	0.01364	0.77874	0.03069	0.01023	0.01253	0.01184	0.00927	0.01205	0.00845	0.01251	0.00639	0.00476	0.00486	0.00155	0.02553	0.00414	0.03071	0.00514
30	0.00952	0.00510	0.00529	0.00503	0.00635	0.00520	0.00380	0.03340	0.06276	0.04837	0.01542	0.01755	0.01212	0.03317	0.00412	0.00125	0.00250	0.00449	0.71984	0.00472
31	0.00939	0.03948	0.79750	0.01316	0.01998	0.01095	0.01701	0.01472	0.00981	0.01466	0.00831	0.00978	0.00589	0.00441	0.00439	0.00146	0.00684	0.00342	0.00196	0.00686
32	0.41089	0.02640	0.07402	0.01141	0.03469	0.01092	0.22617	0.07032	0.01005	0.01843	0.00868	0.03867	0.00704	0.00552	0.02715	0.00165	0.00544	0.00403	0.00280	0.00574
33	0.00560	0.00453	0.00499	0.00535	0.00651	0.00392	0.00387	0.00669	0.01009	0.01239	0.03998	0.28657	0.54879	0.01266	0.00566	0.00168	0.00251	0.03000	0.00432	0.00389
34	0.01572	0.01936	0.01283	0.01150	0.01375	0.66835	0.03909	0.01710	0.01267	0.01214	0.04602	0.03329	0.00879	0.00537	0.00459	0.00126	0.02811	0.00372	0.04105	0.00528
35	0.00552	0.00463	0.00480	0.00494	0.00634	0.00391	0.00364	0.00665	0.01038	0.01248	0.04434	0.14719	0.70498	0.01214	0.00556	0.00161	0.00240	0.01026	0.00432	0.00391
36	0.01768	0.01303	0.01396	0.01070	0.01443	0.01443	0.00884	0.79197	0.02187	0.02932	0.01117	0.01117	0.00791	0.00558	0.00465	0.00140	0.00512	0.00419	0.00465	0.00791
37	0.86937	0.00900	0.00684	0.00612	0.00900	0.01044	0.00504	0.01368	0.00792	0.02087	0.00648	0.00756	0.00504	0.00432	0.00288	0.00144	0.00360	0.00252	0.00288	0.00504
38	0.04991	0.01851	0.01335	0.01235	0.05222	0.54773	0.00914	0.11786	0.03184	0.01444	0.00793	0.00925	0.00647	0.00520	0.00529	0.00133	0.08530	0.00334	0.00272	0.00582
39	0.00667	0.00452	0.00520	0.00525	0.00534	0.00452	0.00306	0.00682	0.00701	0.00934	0.01600	0.06840	0.03970	0.73534	0.06069	0.00445	0.00475	0.00707	0.00292	0.00296
40	0.00718	0.00555	0.00705	0.00691	0.00743	0.02943	0.00496	0.00815	0.00735	0.01015	0.01285	0.02228	0.01323	0.34140	0.44962	0.00589	0.04867	0.00557	0.00259	0.00372
41	0.00905	0.00841	0.01395	0.80153	0.03153	0.01046	0.01280	0.03467	0.00967	0.01240	0.00835	0.01237	0.00625	0.00468	0.00465	0.00155	0.00617	0.00414	0.00214	0.00525
42	0.01708	0.01914	0.01379	0.01188	0.01467	0.58408	0.04656	0.14134	0.04254	0.05285	0.00888	0.00971	0.00691	0.00498	0.00437	0.00127	0.00747	0.00347	0.00300	0.00603
43	0.01143	0.01086	0.01846	0.02785	0.78406	0.01086	0.01396	0.01418	0.01057	0.01526	0.00894	0.01168	0.00750	0.00418	0.00457	0.00137	0.00543	0.00415	0.02742	0.00728
44	0.00627	0.00503	0.00576	0.00654	0.00708	0.04315	0.00447	0.00721	0.00952	0.01231	0.07167	0.67277	0.10386	0.01355	0.00579	0.00180	0.00291	0.01213	0.00427	0.00391
45	0.01138	0.01092	0.01865	0.06704	0.77003	0.01102	0.01421	0.01416	0.01053	0.01504	0.00873	0.01156	0.00731	0.00417	0.00461	0.00139	0.00556	0.00414	0.00229	0.00726
46	0.00667	0.00486	0.00683	0.00683	0.00745	0.00545	0.00502	0.00793	0.00743	0.01053	0.03196	0.02177	0.01375	0.23864	0.59613	0.00658	0.01019	0.00552	0.00264	0.00382
47	0.00585	0.00420	0.00559	0.00663	0.00702	0.00394	0.00461	0.00680	0.00915	0.01211	0.02629	0.72736	0.05746	0.01430	0.00597	0.00190	0.00285	0.08982	0.00432	0.00383
48	0.01771	0.08479	0.03289	0.01079	0.05512	0.01162	0.02982	0.35588	0.01641	0.31765	0.01319	0.01260	0.00898	0.00536	0.00453	0.00138	0.00481	0.00424	0.00458	0.00764
49	0.00670	0.00455	0.00539	0.00544	0.00556	0.00464	0.00326	0.00694	0.00696	0.00938	0.01492	0.06772	0.01693	0.69748	0.12125	0.00475	0.00541	0.00686	0.00285	0.00303
50	0.00566	0.00408	0.00537	0.00639	0.00673	0.00379	0.00428	0.00649	0.00899	0.01191	0.02668	0.79537	0.06819	0.01444	0.00592	0.00187	0.00268	0.01306	0.00432	0.00379
51	0.00916	0.00871	0.01494	0.71187	0.11609	0.01046	0.03896	0.01225	0.00950	0.01235	0.00836	0.01231	0.00636	0.00457	0.00467	0.00153	0.00618	0.00418	0.00210	0.00544
52	0.01121	0.01069	0.01818	0.02740	0.76562	0.01067	0.01376	0.01387	0.01050	0.01502	0.00963	0.05449	0.00859	0.00469	0.00468	0.00141	0.00538	0.00462	0.00241	0.00718
53	0.00879	0.00827	0.01395	0.82532	0.03204	0.01034	0.01292	0.01189	0.00930	0.01189	0.00827	0.01240	0.00620	0.00465	0.00465	0.00155	0.00620	0.00413	0.00207	0.00517
54	0.00848	0.00505	0.00567	0.00588	0.00710	0.00515	0.00472	0.01145	0.06991	0.01644	0.01892	0.02765	0.03829	0.00768	0.00429	0.00142	0.00286	0.21407	0.54040	0.00454
55	0.01697	0.04899	0.01358	0.03457	0.01479	0.76866	0.00906	0.01824	0.01295	0.01139	0.00720	0.00847	0.00600	0.00476	0.00417	0.00120	0.00821	0.00301	0.00237	0.00541
56	0.00841	0.00672	0.00777	0.00716	0.00885	0.00706	0.00547	0.01467	0.30796	0.01870	0.47809	0.02865	0.06489	0.00841	0.00520	0.00151	0.00276	0.00729	0.00494	0.00549
57	0.01634	0.02021	0.01419	0.01491	0.15431	0.67548	0.00992	0.01782	0.01273	0.01206	0.00747	0.00894	0.00624	0.00468	0.00427	0.00123	0.00788	0.00320	0.00238	0.00574
58	0.00965	0.00827	0.00965	0.00689	0.01102	0.00620	0.00551	0.01171	0.00965	0.01516	0.00827	0.00965	0.00689	0.00345	0.00345	0.00069	0.00345	0.00276	0.00276	0.86494
59	0.01858	0.01040	0.01265	0.02604	0.05108	0.01060	0.00822	0.36666	0.03283	0.39172	0.01450	0.01351	0.00966	0.00559	0.00466	0.00142	0.00459	0.00444	0.00501	0.00782
60	0.00882	0.00832	0.01396	0.80473	0.03154	0.01044	0.01285	0.01187	0.00925	0.01187	0.00821	0.01235	0.00620	0.00474	0.00492	0.00156	0.02701	0.00413	0.00207	0.00517
61	0.86937	0.00900	0.00684	0.00612	0.00900	0.01044	0.00504	0.01368	0.00792	0.02087	0.00648	0.00756	0.00504	0.00432	0.00288	0.00144	0.00360	0.00252	0.00288	0.00504
62	0.00965	0.00827	0.00965	0.00689	0.01102	0.00620	0.00551	0.01171	0.00965	0.01516	0.00827	0.00965	0.00689	0.00345	0.00345	0.00069	0.00345	0.00276	0.00276	0.86494
63	0.00673	0.00466	0.00581	0.00581	0.00606	0.00491	0.00373	0.00724	0.00698	0.00956	0.01399	0.02673	0.01530	0.59153	0.26645	0.00542	0.00694	0.00622	0.00272	0.00323
64	0.01018	0.01018	0.01425	0.01221	0.01221	0.01425	0.01018	0.01120	0.00712	0.01120	0.00611	0.01018	0.00611	0.00814	0.01527	0.00204	0.82799	0.00407	0.00204	0.00509
65	0.00708	0.00510	0.00631	0.00600	0.00613	0.00537	0.02278	0.00729	0.00695	0.00941	0.01415	0.04707	0.01616	0.72674	0.03435	0.00425	0.06230	0.00667	0.00278	0.00311
66	0.00879	0.00827	0.01395	0.82532	0.03204	0.01034	0.01292	0.01189	0.00930	0.01189	0.00827	0.01240	0.00620	0.00465	0.00465	0.00155	0.00620	0.00413	0.00207	0.00517
67	0.02055	0.00799	0.01079	0.00832	0.01188	0.00700	0.00686	0.02274	0.04079	0.78304	0.01837	0.01589	0.01161	0.00578	0.00468	0.00144	0.00395	0.00470	0.00572	0.00790
68	0.00965	0.00827	0.00965	0.00689	0.01102	0.00620	0.00551	0.01171	0.00965	0.01516	0.00827	0.00965	0.00689	0.00345	0.00345	0.00069	0.00345	0.00276	0.00276	0.86494
69	0.04698	0.01261	0.01358	0.06490	0.01532	0.03277	0.00891	0.66685	0.02003	0.05536	0.01097	0.01123	0.00778	0.00547	0.00458	0.00140	0.00517	0.00412	0.00441	0.00757
70	0.00990	0.00963	0.03056	0.44749	0.35634	0.01047	0.01338	0.01286	0.00990	0.01340	0.00904	0.01338	0.00740	0.00472	0.00469	0.00150	0.00586	0.03112	0.00224	0.00609
71	0.00567	0.00476	0.00496	0.00501	0.00652	0.00404	0.00382	0.00696	0.01072	0.01292	0.07915	0.04482	0.72282	0.01175	0.00556	0.00160	0.00247	0.05815	0.00435	0.00397
72	0.00654	0.00442	0.00514	0.00536	0.00541	0.00436	0.00312	0.00671	0.00720	0.00960	0.01689	0.19333	0.01972	0.66978	0.02008	0.00398	0.00414	0.00808	0.00312	0.00301
73	0.00792	0.00444	0.00655	0.00646	0.00657	0.00473	0.00448	0.00660	0.00632	0.00861	0.00887	0.01525	0.00886	0.05509	0.12342	0.67699	0.03996	0.00429	0.00212	0.00247
74	0.00951	0.00902	0.01519	0.60015	0.22418	0.01064	0.01317	0.01246	0.00955	0.01269	0.00832	0.01211	0.00649	0.00464	0.00499	0.00152	0.03339	0.00413	0.00212	0.00571
75	0.01298	0.00936	0.01035	0.00907	0.01180	0.01036	0.00712	0.02355	0.61908	0.16053	0.05871	0.01797	0.01523	0.00638	0.00476	0.00155	0.00366	0.00532	0.00494	0.00731
76	0.00652	0.00475	0.00612	0.00578	0.00691	0.00436	0.00434	0.00865	0.01301	0.01827	0.75718	0.03538	0.09198	0.00965	0.00549	0.00147	0.00220	0.00850	0.00507	0.00436
77	0.00879	0.00827	0.01395	0.82532	0.03204	0.01034	0.01292	0.01189	0.00930	0.01189	0.00827	0.01240	0.00620	0.00465	0.00465	0.00155	0.00620	0.00413	0.00207	0.00517

[dist]
# distance from previous block
# <min> <max>
0	8

[block]
# block no. 1 follows, 55 sequences, length 30
# corresponding to MSA columns:
# 331-360
name=unknown_B
#
# <colnr> <probs for GDERKNQSTAVLIFYWHMCP>
#	G	D	E	R	K	N	Q	S	T	A	V	L	I	F	Y	W	H	M	C	P
0	0.86937	0.00900	0.00684	0.00612	0.00900	0.01044	0.00504	0.01368	0.00792	0.02087	0.00648	0.00756	0.00504	0.00432	0.00288	0.00144	0.00360	0.00252	0.00288	0.00504
1	0.00750	0.00535	0.00750	0.00857	0.00964	0.00535	0.00750	0.00964	0.01071	0.01392	0.02463	0.05248	0.02677	0.01285	0.00643	0.00214	0.00428	0.77617	0.00428	0.00428
2	0.00579	0.00432	0.00538	0.00598	0.00668	0.00392	0.00415	0.00691	0.01001	0.01318	0.16286	0.52062	0.20706	0.01309	0.00576	0.00175	0.00254	0.01164	0.00446	0.00392
3	0.00965	0.00827	0.00965	0.00689	0.01102	0.00620	0.00551	0.01171	0.00965	0.01516	0.00827	0.00965	0.00689	0.00345	0.00345	0.00069	0.00345	0.00276	0.00276	0.86494
4	0.01018	0.01018	0.01425	0.01221	0.01221	0.01425	0.01018	0.01120	0.00712	0.01120	0.00611	0.01018	0.00611	0.00814	0.01527	0.00204	0.82799	0.00407	0.00204	0.00509
5	0.01140	0.01094	0.01868	0.06191	0.77502	0.01102	0.01422	0.01418	0.01054	0.01506	0.00873	0.01155	0.00732	0.00417	0.00461	0.00139	0.00556	0.00414	0.00229	0.00728
6	0.01096	0.00948	0.01043	0.00938	0.01187	0.01080	0.02759	0.02264	0.69912	0.01860	0.02000	0.07574	0.03868	0.00700	0.00486	0.00160	0.00368	0.00596	0.00463	0.00698
7	0.01092	0.03006	0.17165	0.03232	0.36180	0.01051	0.07866	0.02893	0.02212	0.04821	0.04270	0.01274	0.00901	0.00654	0.05417	0.00180	0.04108	0.00432	0.00259	0.02986
8	0.00892	0.00840	0.01419	0.78685	0.06949	0.01037	0.01299	0.01200	0.00936	0.01205	0.00829	0.01236	0.00626	0.00463	0.00465	0.00154	0.00617	0.00413	0.00208	0.00527
9	0.86937	0.00900	0.00684	0.00612	0.00900	0.01044	0.00504	0.01368	0.00792	0.02087	0.00648	0.00756	0.00504	0.00432	0.00288	0.00144	0.00360	0.00252	0.00288	0.00504
10	0.01206	0.04998	0.08644	0.04141	0.31490	0.01131	0.25884	0.03174	0.04911	0.08316	0.01017	0.01218	0.00775	0.00437	0.00481	0.00145	0.00613	0.00454	0.00273	0.00692
11	0.01504	0.11631	0.16563	0.01114	0.04757	0.07212	0.06812	0.04069	0.02365	0.32053	0.01330	0.06390	0.00997	0.00556	0.00452	0.00141	0.00529	0.00461	0.00377	0.00687
12	0.02087	0.00792	0.01080	0.00828	0.01188	0.00684	0.00684	0.02267	0.01332	0.81071	0.01835	0.01583	0.01152	0.00576	0.00468	0.00144	0.00396	0.00468	0.00576	0.00792
13	0.00619	0.00443	0.00586	0.00682	0.00727	0.00424	0.00479	0.02800	0.00945	0.01257	0.02514	0.72598	0.02972	0.01414	0.00596	0.00190	0.00294	0.09632	0.00432	0.00395
14	0.06336	0.11658	0.17950	0.24455	0.03141	0.06893	0.01139	0.04703	0.01040	0.09890	0.00889	0.01079	0.00667	0.00496	0.00519	0.00146	0.07765	0.00366	0.00261	0.00606
15	0.00901	0.00859	0.01358	0.72049	0.02925	0.03166	0.01223	0.01181	0.00917	0.01171	0.00838	0.01292	0.00664	0.03962	0.00607	0.00169	0.05579	0.00421	0.00211	0.00507
16	0.00580	0.00418	0.00552	0.00652	0.00692	0.00390	0.00450	0.00675	0.00920	0.01219	0.04255	0.72620	0.06856	0.01422	0.00594	0.00188	0.00278	0.06422	0.00433	0.00383
17	0.01166	0.01143	0.04651	0.09603	0.65185	0.01124	0.01385	0.07284	0.01131	0.01596	0.00888	0.01150	0.00726	0.00431	0.00461	0.00140	0.00560	0.00412	0.00245	0.00720
18	0.01004	0.00572	0.00730	0.00657	0.00825	0.00539	0.00507	0.01286	0.06839	0.18195	0.46728	0.06747	0.03145	0.00848	0.00512	0.00147	0.00273	0.02283	0.07632	0.00529
19	0.00668	0.00469	0.00609	0.00613	0.00649	0.00503	0.00413	0.00740	0.00714	0.00987	0.01413	0.05411	0.01519	0.47076	0.35631	0.00566	0.00778	0.00625	0.00274	0.00341
20	0.01048	0.32491	0.52160	0.01130	0.01711	0.01361	0.01378	0.01444	0.00969	0.01334	0.00765	0.00895	0.00592	0.00426	0.00389	0.00130	0.00617	0.00309	0.00197	0.00654
21	0.86937	0.00900	0.00684	0.00612	0.00900	0.01044	0.00504	0.01368	0.00792	0.02087	0.00648	0.00756	0.00504	0.00432	0.00288	0.00144	0.00360	0.00252	0.00288	0.00504
22	0.00619	0.00465	0.00486	0.00481	0.00623	0.00406	0.00360	0.00768	0.01081	0.01423	0.14625	0.03869	0.56448	0.01038	0.00511	0.00147	0.00230	0.00869	0.15145	0.00406
23	0.00965	0.00827	0.00965	0.00689	0.01102	0.00620	0.00551	0.01171	0.00965	0.01516	0.00827	0.00965	0.00689	0.00345	0.00345	0.00069	0.00345	0.00276	0.00276	0.86494
24	0.01089	0.00841	0.00990	0.00715	0.01122	0.00655	0.00575	0.04078	0.01040	0.08350	0.00923	0.01023	0.00732	0.00372	0.00359	0.00078	0.00355	0.00297	0.00308	0.76097
25	0.01019	0.00811	0.00988	0.00792	0.04415	0.00633	0.00598	0.01223	0.00992	0.06302	0.01007	0.04105	0.00871	0.00433	0.00376	0.00086	0.00356	0.02936	0.00303	0.71755
26	0.00665	0.00496	0.00733	0.00733	0.00811	0.00574	0.00563	0.00821	0.00743	0.01069	0.01259	0.01901	0.01195	0.08327	0.77012	0.00730	0.01198	0.00509	0.00251	0.00407
27	0.01215	0.76114	0.02288	0.00794	0.01176	0.01751	0.00778	0.01434	0.05715	0.01151	0.00859	0.00932	0.03340	0.00438	0.00318	0.00105	0.00481	0.00290	0.00223	0.00599
28	0.01088	0.01043	0.01699	0.17795	0.57362	0.02638	0.01324	0.01389	0.03127	0.01467	0.04211	0.01272	0.00880	0.00462	0.00487	0.00143	0.02265	0.00433	0.00244	0.00674
29	0.00973	0.01014	0.05509	0.45161	0.23520	0.01051	0.10131	0.01291	0.00991	0.01332	0.00917	0.01364	0.00740	0.00475	0.00479	0.00153	0.00617	0.03464	0.00224	0.00592

[dist]
# distance from previous block
# <min> <max>
0	2

[block]
# block no. 2 follows, 55 sequences, length 14
# corresponding to MSA columns:
# 363-376
name=unknown_C
#
# <colnr> <probs for GDERKNQSTAVLIFYWHMCP>
#	G	D	E	R	K	N	Q	S	T	A	V	L	I	F	Y	W	H	M	C	P
0	0.01109	0.01075	0.01870	0.14095	0.65005	0.01099	0.06119	0.01398	0.01043	0.01471	0.00872	0.01170	0.00718	0.00420	0.00467	0.00142	0.00576	0.00423	0.00227	0.00699
1	0.00883	0.00831	0.01402	0.69377	0.07052	0.01011	0.03051	0.01174	0.00933	0.01211	0.00932	0.06212	0.00777	0.00530	0.00502	0.00158	0.02749	0.00472	0.00222	0.00522
2	0.00703	0.00608	0.05552	0.00741	0.00873	0.00510	0.00634	0.00918	0.01135	0.01554	0.34305	0.12060	0.03259	0.03873	0.00645	0.00188	0.00343	0.31217	0.00444	0.00438
3	0.00683	0.00471	0.00599	0.00567	0.00677	0.00438	0.00425	0.00903	0.01276	0.01850	0.71077	0.03267	0.04008	0.00902	0.00522	0.00142	0.00219	0.00793	0.10742	0.00438
4	0.00653	0.00475	0.00615	0.00580	0.00692	0.00437	0.00435	0.00868	0.01305	0.01838	0.77045	0.03521	0.07864	0.00961	0.00549	0.00147	0.00220	0.00848	0.00508	0.00437
5	0.00965	0.00827	0.00965	0.00689	0.01102	0.00620	0.00551	0.01171	0.00965	0.01516	0.00827	0.00965	0.00689	0.00345	0.00345	0.00069	0.00345	0.00276	0.00276	0.86494
6	0.15168	0.00957	0.01056	0.00853	0.01165	0.03338	0.02102	0.24567	0.01445	0.28436	0.01745	0.03971	0.09920	0.00652	0.00456	0.00147	0.00424	0.02473	0.00457	0.00670
7	0.02024	0.00773	0.01046	0.00807	0.01154	0.00671	0.00665	0.02206	0.01313	0.76939	0.01819	0.01591	0.01154	0.00574	0.00460	0.00142	0.00387	0.00466	0.05037	0.00773
8	0.00638	0.00455	0.00621	0.00729	0.00787	0.00439	0.00555	0.00770	0.00961	0.01267	0.02525	0.53093	0.02922	0.01391	0.00613	0.00199	0.00331	0.30877	0.00431	0.00397
9	0.01018	0.00953	0.01587	0.48499	0.33251	0.01077	0.01329	0.04241	0.01028	0.01383	0.00857	0.01201	0.00672	0.00449	0.00463	0.00148	0.00590	0.00414	0.00226	0.00613
10	0.00684	0.00508	0.00657	0.00607	0.00748	0.00455	0.03046	0.00869	0.01209	0.04353	0.47649	0.07450	0.27996	0.01015	0.00548	0.00152	0.00252	0.00886	0.00476	0.00440
11	0.00663	0.00517	0.00613	0.00647	0.00735	0.03222	0.00478	0.00813	0.01091	0.01449	0.29816	0.31410	0.12585	0.03248	0.00617	0.00178	0.00293	0.10766	0.00449	0.00410
12	0.00920	0.00723	0.01076	0.38021	0.07311	0.00828	0.02814	0.01274	0.07183	0.01482	0.01175	0.01458	0.00907	0.00502	0.00415	0.00137	0.00449	0.00433	0.32371	0.00521
13	0.00620	0.00445	0.00578	0.00667	0.00709	0.00425	0.00452	0.04131	0.00948	0.01265	0.02500	0.79700	0.02976	0.01418	0.00588	0.00187	0.00281	0.01282	0.00433	0.00396

[dist]
# distance from previous block
# <min> <max>
0	1

[block]
# block no. 3 follows, 55 sequences, length 51
# corresponding to MSA columns:
# 378-428
name=unknown_D
#
# <colnr> <probs for GDERKNQSTAVLIFYWHMCP>
#	G	D	E	R	K	N	Q	S	T	A	V	L	I	F	Y	W	H	M	C	P
0	0.01067	0.00888	0.01020	0.00738	0.01146	0.00725	0.00594	0.11141	0.01121	0.01697	0.00864	0.00984	0.00702	0.00372	0.00360	0.00078	0.00366	0.00294	0.00300	0.75544
1	0.27953	0.11016	0.03082	0.14847	0.03289	0.03576	0.05207	0.04448	0.16669	0.01699	0.00989	0.01122	0.00769	0.00569	0.02842	0.00161	0.00504	0.00371	0.00298	0.00589
2	0.00879	0.00827	0.01395	0.82532	0.03204	0.01034	0.01292	0.01189	0.00930	0.01189	0.00827	0.01240	0.00620	0.00465	0.00465	0.00155	0.00620	0.00413	0.00207	0.00517
3	0.01168	0.01077	0.01816	0.05088	0.73111	0.01073	0.01369	0.01440	0.01061	0.04144	0.00904	0.01162	0.00746	0.00419	0.00457	0.00137	0.00542	0.00412	0.00243	0.03632
4	0.00667	0.00476	0.00630	0.00630	0.00677	0.00517	0.00438	0.00756	0.00724	0.01004	0.01443	0.02457	0.03611	0.40046	0.43257	0.00596	0.00855	0.00593	0.00269	0.00354
5	0.01160	0.00536	0.00604	0.00542	0.00714	0.00516	0.00422	0.01405	0.03739	0.20123	0.01604	0.01699	0.01191	0.00553	0.00363	0.00118	0.00263	0.00445	0.63475	0.00527
6	0.00984	0.03146	0.05887	0.01132	0.01345	0.01016	0.15996	0.07388	0.06223	0.02455	0.08461	0.12445	0.01449	0.02835	0.08032	0.00227	0.19499	0.00612	0.00317	0.00548
7	0.00592	0.00427	0.00561	0.00624	0.00679	0.00396	0.00431	0.00714	0.01018	0.01383	0.24817	0.57950	0.06070	0.01304	0.00579	0.00176	0.00254	0.01174	0.00455	0.00396
8	0.70041	0.04505	0.00862	0.00702	0.00996	0.07760	0.00577	0.07163	0.00945	0.02030	0.00688	0.00789	0.00537	0.00444	0.00312	0.00140	0.00416	0.00268	0.00293	0.00532
9	0.00888	0.00836	0.01412	0.79827	0.05837	0.01036	0.01297	0.01197	0.00935	0.01200	0.00829	0.01237	0.00624	0.00463	0.00465	0.00154	0.00618	0.00413	0.00208	0.00524
10	0.00571	0.00412	0.00540	0.00635	0.00673	0.00382	0.00428	0.00661	0.00923	0.01227	0.06814	0.74686	0.07498	0.01415	0.00589	0.00185	0.00265	0.01278	0.00436	0.00382
11	0.03815	0.01148	0.01290	0.00991	0.01358	0.01217	0.00818	0.55479	0.01911	0.25188	0.01311	0.01242	0.00887	0.00560	0.00462	0.00141	0.00475	0.00429	0.00493	0.00785
12	0.01218	0.01094	0.01417	0.01181	0.01280	0.01430	0.00982	0.21972	0.01106	0.01604	0.00746	0.01044	0.00659	0.00746	0.01243	0.00186	0.60823	0.00410	0.00273	0.00584
13	0.00942	0.04859	0.78869	0.01310	0.01989	0.01103	0.01691	0.01471	0.00981	0.01462	0.00829	0.00975	0.00590	0.00441	0.00438	0.00146	0.00682	0.00341	0.00197	0.00685
14	0.00652	0.00475	0.00613	0.00579	0.00691	0.00436	0.00434	0.00866	0.01302	0.01831	0.76246	0.03531	0.08667	0.00964	0.00549	0.00147	0.00220	0.00849	0.00508	0.00436
15	0.86937	0.00900	0.00684	0.00612	0.00900	0.01044	0.00504	0.01368	0.00792	0.02087	0.00648	0.00756	0.00504	0.00432	0.00288	0.00144	0.00360	0.00252	0.00288	0.00504
16	0.00808	0.00404	0.00606	0.00606	0.00606	0.00404	0.00404	0.00606	0.00606	0.00808	0.00808	0.01414	0.00808	0.01616	0.01818	0.86465	0.00404	0.00404	0.00202	0.00202
17	0.01141	0.01103	0.01880	0.02721	0.73308	0.01129	0.03449	0.01409	0.01037	0.01492	0.00859	0.01145	0.00728	0.00441	0.00535	0.00143	0.06115	0.00418	0.00229	0.00719
18	0.00675	0.00514	0.00768	0.00762	0.00842	0.00607	0.00595	0.00839	0.00747	0.01081	0.01227	0.01803	0.01147	0.03409	0.79411	0.00731	0.03680	0.00496	0.00248	0.00418
19	0.01209	0.01234	0.02232	0.09321	0.15772	0.05667	0.45336	0.08020	0.01187	0.03964	0.00949	0.01211	0.00718	0.00427	0.00509	0.00150	0.00698	0.00486	0.00262	0.00650
20	0.08680	0.27630	0.04007	0.00989	0.03345	0.09011	0.02580	0.05002	0.01097	0.21348	0.00986	0.01046	0.00745	0.00515	0.00530	0.00135	0.11048	0.00350	0.00319	0.00637
21	0.00639	0.00475	0.00595	0.00565	0.00683	0.00431	0.00424	0.00841	0.01272	0.01759	0.67224	0.03651	0.17735	0.00991	0.00549	0.00148	0.00222	0.00866	0.00498	0.00431
22	0.00737	0.00585	0.00677	0.00641	0.00793	0.00580	0.00488	0.01159	0.17724	0.01712	0.42446	0.04796	0.22131	0.00956	0.00536	0.00154	0.00260	0.02655	0.00481	0.00489
23	0.01393	0.03692	0.12629	0.21828	0.10944	0.05613	0.02828	0.10532	0.02701	0.21589	0.01132	0.01238	0.00797	0.00495	0.00457	0.00144	0.00561	0.00412	0.00338	0.00677
24	0.01331	0.01033	0.01113	0.00989	0.03202	0.03259	0.00760	0.14476	0.51588	0.09682	0.06100	0.01682	0.01422	0.00623	0.00474	0.00151	0.00402	0.00512	0.00472	0.00729
25	0.00577	0.00412	0.00552	0.00660	0.00691	0.00387	0.00450	0.00666	0.00901	0.01199	0.02558	0.78961	0.03054	0.01448	0.00597	0.00190	0.00279	0.05607	0.00432	0.00381
26	0.00933	0.02406	0.81240	0.01326	0.02014	0.01080	0.01719	0.01473	0.00982	0.01473	0.00835	0.00982	0.00589	0.00442	0.00442	0.00147	0.00688	0.00344	0.00196	0.00688
27	0.02447	0.03456	0.24754	0.06640	0.03232	0.05554	0.06533	0.02548	0.09621	0.19865	0.02570	0.03739	0.01078	0.00580	0.00472	0.00151	0.00548	0.05199	0.00350	0.00662
28	0.01110	0.01063	0.01814	0.14925	0.69002	0.01094	0.01407	0.01392	0.01040	0.01470	0.00868	0.01165	0.00719	0.00422	0.00461	0.00141	0.00563	0.00414	0.00227	0.00704
29	0.00883	0.00836	0.01424	0.80851	0.03188	0.01037	0.02915	0.01195	0.00934	0.01195	0.00829	0.01241	0.00622	0.00464	0.00467	0.00155	0.00624	0.00416	0.00207	0.00519
30	0.01148	0.01094	0.01857	0.08807	0.70648	0.01112	0.03259	0.03727	0.01084	0.01536	0.00880	0.01160	0.00729	0.00422	0.00463	0.00140	0.00562	0.00418	0.00236	0.00719
31	0.02771	0.00934	0.14233	0.00804	0.01100	0.00672	0.00741	0.01501	0.05610	0.27838	0.23443	0.07476	0.07274	0.02821	0.00543	0.00157	0.00377	0.00643	0.00458	0.00604
32	0.01089	0.01042	0.01775	0.21112	0.62981	0.01089	0.01397	0.01373	0.01030	0.01444	0.00864	0.01172	0.00710	0.00426	0.00462	0.00142	0.00568	0.00414	0.00225	0.00686
33	0.04098	0.02871	0.05169	0.00932	0.01284	0.00965	0.02526	0.22789	0.06629	0.39728	0.01566	0.06913	0.01134	0.00616	0.00468	0.00146	0.00441	0.00501	0.00487	0.00739
34	0.01159	0.00904	0.01315	0.08916	0.28218	0.03360	0.03279	0.07270	0.01175	0.12279	0.08303	0.03051	0.09620	0.02902	0.04319	0.00182	0.00511	0.02269	0.00348	0.00619
35	0.00759	0.00602	0.00822	0.00767	0.00901	0.02658	0.07542	0.00932	0.02529	0.05327	0.16717	0.35384	0.17791	0.01113	0.00584	0.00168	0.02380	0.02148	0.00426	0.00450
36	0.01956	0.02041	0.04835	0.17483	0.05300	0.02010	0.02096	0.06202	0.06278	0.04402	0.01068	0.01479	0.00916	0.06934	0.21157	0.00328	0.14250	0.00455	0.00273	0.00538
37	0.00678	0.00507	0.00698	0.00719	0.02534	0.00541	0.00519	0.00801	0.00864	0.01194	0.12249	0.08952	0.10053	0.12067	0.36080	0.04918	0.03512	0.02396	0.00321	0.00397
38	0.04098	0.03105	0.10688	0.20036	0.17377	0.09420	0.09548	0.07868	0.03110	0.04609	0.02917	0.01303	0.00844	0.00493	0.00463	0.00146	0.00605	0.02468	0.00275	0.00629
39	0.01103	0.02995	0.01690	0.08417	0.44435	0.06252	0.05581	0.01356	0.02094	0.01400	0.03586	0.03505	0.00905	0.00603	0.02639	0.00165	0.11940	0.00453	0.00244	0.00638
40	0.01080	0.01106	0.03620	0.19309	0.47388	0.06497	0.02701	0.01348	0.01046	0.01407	0.03093	0.01370	0.04794	0.00493	0.00495	0.00144	0.02777	0.00446	0.00242	0.00643
41	0.01102	0.08414	0.03787	0.12694	0.44265	0.06656	0.04977	0.01363	0.01065	0.01418	0.05484	0.01384	0.04414	0.00488	0.00457	0.00138	0.00558	0.00446	0.00249	0.00644
42	0.02353	0.02899	0.03042	0.11793	0.26037	0.05533	0.11291	0.04088	0.05421	0.05379	0.03139	0.06185	0.04362	0.02745	0.00543	0.00155	0.01874	0.00521	0.02022	0.00617
43	0.00820	0.08250	0.10441	0.00949	0.03162	0.04331	0.07170	0.01061	0.04412	0.01313	0.04292	0.40329	0.04618	0.01016	0.00530	0.00167	0.00426	0.05864	0.00358	0.00492
44	0.01090	0.01045	0.06091	0.06413	0.31559	0.05677	0.07091	0.01362	0.02659	0.07803	0.03324	0.10375	0.05033	0.00677	0.00502	0.00154	0.00519	0.07694	0.00316	0.00616
45	0.01154	0.01069	0.01796	0.11020	0.67282	0.01100	0.01375	0.02654	0.01062	0.03585	0.00892	0.01168	0.00733	0.00437	0.00489	0.00142	0.02675	0.00416	0.00240	0.00710
46	0.00601	0.00444	0.00558	0.00634	0.00692	0.00418	0.00441	0.00729	0.03120	0.01230	0.04528	0.58028	0.14166	0.06282	0.00692	0.00200	0.00288	0.06136	0.00426	0.00389
47	0.01046	0.00917	0.01257	0.23166	0.16536	0.01040	0.00985	0.03141	0.33844	0.01576	0.01360	0.02891	0.01094	0.02528	0.00586	0.04560	0.00476	0.02032	0.00336	0.00629
48	0.01110	0.01068	0.07947	0.09889	0.39513	0.00984	0.05032	0.01438	0.05295	0.07790	0.07622	0.03583	0.01144	0.00559	0.00539	0.02442	0.02611	0.00484	0.00293	0.00656
49	0.02083	0.03144	0.17294	0.07052	0.15952	0.01040	0.27160	0.03429	0.02438	0.02487	0.01173	0.11486	0.01979	0.00565	0.00499	0.00154	0.00611	0.00563	0.00266	0.00623
50	0.02081	0.00802	0.01086	0.00833	0.01193	0.00699	0.00688	0.03791	0.01348	0.79523	0.01821	0.01574	0.01144	0.00575	0.00468	0.00144	0.00398	0.00467	0.00574	0.00792

[dist]
# distance from previous block
# <min> <max>
3	5

[block]
# block no. 4 follows, 55 sequences, length 17
# corresponding to MSA columns:
# 434-450
name=unknown_E
#
# <colnr> <probs for GDERKNQSTAVLIFYWHMCP>
#	G	D	E	R	K	N	Q	S	T	A	V	L	I	F	Y	W	H	M	C	P
0	0.00783	0.00536	0.00729	0.00770	0.06053	0.00497	0.00535	0.00982	0.01224	0.07367	0.51794	0.12032	0.08208	0.00978	0.00548	0.00155	0.00274	0.05583	0.00479	0.00474
1	0.04298	0.01244	0.18415	0.01060	0.01486	0.00929	0.08763	0.12221	0.03443	0.36524	0.03815	0.01467	0.03056	0.00550	0.00469	0.00146	0.00502	0.00462	0.00428	0.00721
2	0.06167	0.11299	0.01743	0.04571	0.44691	0.01191	0.02699	0.11312	0.01177	0.05163	0.00904	0.01089	0.00725	0.00436	0.00428	0.00132	0.00519	0.00383	0.00276	0.05096
3	0.02874	0.01122	0.06565	0.09794	0.34664	0.02172	0.15939	0.01510	0.04973	0.08515	0.02343	0.03162	0.00940	0.00500	0.00484	0.00149	0.00573	0.02766	0.00285	0.00668
4	0.00823	0.00579	0.00658	0.00622	0.00793	0.00547	0.00470	0.01145	0.13289	0.09680	0.16848	0.12713	0.38009	0.01025	0.00534	0.00158	0.00274	0.00874	0.00467	0.00493
5	0.01585	0.03521	0.18327	0.01207	0.11551	0.02202	0.01011	0.05042	0.03088	0.40325	0.01367	0.01327	0.00926	0.00518	0.00468	0.00141	0.01890	0.00419	0.02151	0.02936
6	0.03394	0.04380	0.08074	0.03908	0.18734	0.00922	0.03988	0.07419	0.01087	0.01617	0.02099	0.01064	0.00747	0.00405	0.00399	0.00107	0.00463	0.00345	0.00271	0.40577
7	0.00707	0.02336	0.00796	0.00738	0.00830	0.00601	0.03063	0.02414	0.00854	0.01184	0.06813	0.12564	0.04579	0.14123	0.42798	0.00508	0.02457	0.01918	0.00306	0.00413
8	0.01303	0.06628	0.02877	0.01246	0.03970	0.19954	0.14769	0.04485	0.36347	0.01633	0.01298	0.01328	0.00995	0.00526	0.00462	0.00144	0.00576	0.00450	0.00347	0.00663
9	0.01405	0.07700	0.09829	0.01743	0.30435	0.06626	0.06638	0.06854	0.04809	0.17769	0.01106	0.01201	0.00819	0.00471	0.00452	0.00138	0.00555	0.00412	0.00323	0.00714
10	0.00702	0.00641	0.03058	0.00766	0.03791	0.00562	0.06162	0.00974	0.06383	0.01556	0.31660	0.04965	0.35081	0.00959	0.00539	0.00153	0.00303	0.00837	0.00436	0.00470
11	0.00566	0.00443	0.00514	0.00565	0.00660	0.00391	0.00402	0.00673	0.00992	0.01248	0.06036	0.40142	0.41145	0.01300	0.00572	0.00173	0.00256	0.03101	0.00434	0.00388
12	0.01286	0.01484	0.18266	0.06436	0.28670	0.10961	0.10901	0.04065	0.01141	0.10889	0.00974	0.01146	0.00730	0.00452	0.00464	0.00142	0.00628	0.00409	0.00272	0.00685
13	0.05770	0.04553	0.04176	0.01301	0.07949	0.03915	0.12898	0.38067	0.05387	0.09705	0.01111	0.01169	0.00803	0.00507	0.00461	0.00142	0.00547	0.00427	0.00386	0.00726
14	0.00804	0.00623	0.00802	0.02287	0.00902	0.04197	0.00612	0.00952	0.00831	0.03718	0.01389	0.07145	0.01365	0.09697	0.44532	0.00507	0.07884	0.06434	0.04888	0.00430
15	0.86937	0.00900	0.00684	0.00612	0.00900	0.01044	0.00504	0.01368	0.00792	0.02087	0.00648	0.00756	0.00504	0.00432	0.00288	0.00144	0.00360	0.00252	0.00288	0.00504
16	0.00712	0.00553	0.00774	0.00751	0.00822	0.00647	0.00581	0.00861	0.00824	0.01196	0.07872	0.08535	0.04842	0.05700	0.46441	0.00506	0.12057	0.00603	0.05302	0.00422

[dist]
# distance from previous block
# <min> <max>
0	67

# created by:
# /home/cegg/simao/soft/augustus-3.2.1/scripts/msa2prfl.pl ./align_prep/EOG091G0PUZ.fa
