[name]
unknown

[dist]
# distance from previous block
# <min> <max>
78	667

[block]
# block no. 0 follows, 54 sequences, length 18
# corresponding to MSA columns:
# 831-848
name=unknown_A
#
# <colnr> <probs for GDERKNQSTAVLIFYWHMCP>
#	G	D	E	R	K	N	Q	S	T	A	V	L	I	F	Y	W	H	M	C	P
0	0.01438	0.01041	0.01158	0.00987	0.02547	0.05012	0.02657	0.13255	0.36975	0.17929	0.06839	0.01654	0.01389	0.00609	0.00476	0.00147	0.00426	0.00503	0.00472	0.04486
1	0.04202	0.00889	0.01006	0.00832	0.01124	0.00903	0.00655	0.11910	0.25636	0.18746	0.04970	0.03080	0.03880	0.06611	0.00599	0.00162	0.00388	0.00512	0.00450	0.13446
2	0.16549	0.00994	0.01055	0.00885	0.01176	0.05017	0.02462	0.13199	0.20439	0.19730	0.04718	0.03281	0.01249	0.03286	0.00513	0.00159	0.00428	0.02332	0.00441	0.02086
3	0.04875	0.00853	0.00981	0.00917	0.04994	0.00883	0.00674	0.06812	0.30893	0.10497	0.05102	0.12328	0.07263	0.00738	0.00480	0.00149	0.00363	0.00624	0.00441	0.10132
4	0.04368	0.01064	0.01178	0.00957	0.01285	0.04578	0.03098	0.19654	0.27392	0.19049	0.02616	0.01505	0.02633	0.00580	0.00462	0.00143	0.00439	0.00468	0.00459	0.08073
5	0.04020	0.00908	0.01157	0.04524	0.03948	0.04356	0.07115	0.05389	0.13564	0.17378	0.04508	0.14868	0.01443	0.00681	0.00478	0.00144	0.00433	0.00595	0.00407	0.14085
6	0.09604	0.01187	0.01072	0.00924	0.02686	0.17691	0.00698	0.20829	0.03890	0.07547	0.04570	0.03443	0.01113	0.12414	0.00714	0.00177	0.00514	0.00452	0.00364	0.10110
7	0.00943	0.00967	0.11473	0.04392	0.05910	0.00808	0.04455	0.12243	0.04670	0.01748	0.23626	0.09018	0.04453	0.07213	0.00671	0.00181	0.00434	0.05848	0.00393	0.00553
8	0.67939	0.00939	0.00910	0.00766	0.01076	0.01051	0.06611	0.01541	0.06576	0.07617	0.00856	0.00936	0.00640	0.00460	0.00339	0.00148	0.00401	0.00314	0.00322	0.00558
9	0.00617	0.00459	0.00580	0.00666	0.00720	0.00441	0.00454	0.00792	0.06619	0.01264	0.02703	0.71677	0.08448	0.01397	0.00590	0.00187	0.00278	0.01258	0.00441	0.00410
10	0.86760	0.00912	0.00693	0.00620	0.00912	0.01058	0.00511	0.01386	0.00802	0.02115	0.00657	0.00766	0.00511	0.00438	0.00292	0.00146	0.00365	0.00255	0.00292	0.00511
11	0.80083	0.00879	0.00688	0.00618	0.00896	0.01010	0.00506	0.01348	0.00844	0.02098	0.06829	0.00980	0.00816	0.00478	0.00312	0.00146	0.00354	0.00302	0.00309	0.00506
12	0.00886	0.00637	0.00787	0.00805	0.06443	0.00611	0.00560	0.06704	0.06157	0.07816	0.27409	0.11096	0.26312	0.00967	0.00537	0.00155	0.00301	0.00833	0.00465	0.00518
13	0.01418	0.50337	0.01974	0.00895	0.01262	0.08039	0.00811	0.14610	0.07333	0.06003	0.02716	0.01016	0.00822	0.00479	0.00370	0.00118	0.00512	0.00333	0.00301	0.00652
14	0.01035	0.00728	0.00921	0.00825	0.02951	0.00713	0.03967	0.10548	0.06750	0.09245	0.10604	0.04663	0.09469	0.20635	0.00966	0.00224	0.00408	0.07498	0.00405	0.07445
15	0.03444	0.06801	0.01333	0.01073	0.05044	0.05120	0.02432	0.31102	0.18833	0.10708	0.01415	0.07077	0.01117	0.00620	0.00465	0.00146	0.00472	0.00500	0.01581	0.00717
16	0.03073	0.00981	0.01243	0.00997	0.01316	0.01012	0.10012	0.14344	0.29322	0.08134	0.07869	0.01762	0.05777	0.00610	0.00477	0.00143	0.00427	0.00527	0.00429	0.11546
17	0.04212	0.01141	0.01171	0.01001	0.03244	0.06544	0.00776	0.36232	0.19025	0.05786	0.01621	0.05601	0.06680	0.02230	0.00511	0.00153	0.00463	0.00525	0.00439	0.02646

[dist]
# distance from previous block
# <min> <max>
1	20

[block]
# block no. 1 follows, 54 sequences, length 42
# corresponding to MSA columns:
# 869-910
name=unknown_B
#
# <colnr> <probs for GDERKNQSTAVLIFYWHMCP>
#	G	D	E	R	K	N	Q	S	T	A	V	L	I	F	Y	W	H	M	C	P
0	0.04043	0.03359	0.01443	0.05912	0.17874	0.07339	0.06036	0.12169	0.08175	0.10149	0.01129	0.03452	0.00886	0.00500	0.00445	0.00132	0.00511	0.00427	0.00339	0.15681
1	0.12138	0.01959	0.09459	0.01254	0.10455	0.01075	0.09374	0.19764	0.06835	0.05310	0.03670	0.04944	0.02747	0.00567	0.00457	0.00144	0.00496	0.01602	0.00355	0.07395
2	0.04783	0.29532	0.08844	0.01291	0.12923	0.05325	0.07575	0.09018	0.05261	0.03189	0.01004	0.01116	0.03084	0.00468	0.00406	0.00127	0.00542	0.00373	0.00274	0.04865
3	0.08252	0.05082	0.08516	0.00956	0.01299	0.07655	0.04008	0.23334	0.02869	0.05304	0.10850	0.06428	0.01337	0.00603	0.00450	0.00135	0.00480	0.00486	0.00375	0.11580
4	0.01074	0.01117	0.07721	0.02056	0.43206	0.01011	0.09773	0.01475	0.09424	0.03283	0.04411	0.03836	0.08368	0.00567	0.00492	0.00149	0.00523	0.00537	0.00300	0.00679
5	0.03699	0.01025	0.01281	0.01139	0.09135	0.04889	0.04218	0.14896	0.06978	0.35813	0.01440	0.03053	0.01017	0.00548	0.00461	0.00139	0.00466	0.00454	0.00452	0.08899
6	0.00982	0.00622	0.00779	0.00680	0.00889	0.00547	0.00517	0.01208	0.04586	0.14974	0.27273	0.16151	0.05049	0.04048	0.00575	0.00152	0.00307	0.01575	0.00451	0.18634
7	0.01219	0.01163	0.01869	0.02744	0.73780	0.03362	0.01401	0.05895	0.01146	0.01612	0.00897	0.01156	0.00746	0.00430	0.00466	0.00140	0.00566	0.00417	0.00247	0.00744
8	0.01149	0.31239	0.39340	0.01138	0.03535	0.02992	0.03361	0.01501	0.01014	0.05904	0.00866	0.00985	0.00665	0.00443	0.00396	0.00130	0.00594	0.00331	0.03760	0.00656
9	0.06101	0.02449	0.20995	0.01201	0.01569	0.11580	0.10272	0.07082	0.15155	0.03087	0.03606	0.01384	0.00982	0.01789	0.00599	0.00159	0.08487	0.02555	0.00310	0.00638
10	0.03835	0.01171	0.01373	0.01214	0.07415	0.17394	0.14518	0.03174	0.07102	0.11941	0.02820	0.07047	0.10112	0.00632	0.00481	0.00142	0.00540	0.00552	0.00353	0.08184
11	0.00610	0.00445	0.00568	0.00609	0.00683	0.00407	0.00429	0.00740	0.01071	0.01445	0.29994	0.42606	0.14261	0.01262	0.00607	0.02044	0.00254	0.01102	0.00461	0.00403
12	0.00957	0.00816	0.00955	0.00696	0.01095	0.00616	0.00552	0.01159	0.00974	0.01519	0.00930	0.05283	0.00825	0.00408	0.00362	0.00076	0.00345	0.00335	0.00288	0.81809
13	0.01374	0.15681	0.03930	0.01048	0.01407	0.20855	0.09287	0.04012	0.01158	0.10038	0.00987	0.01219	0.00806	0.00486	0.00437	0.00120	0.01953	0.03963	0.00295	0.20944
14	0.00940	0.06169	0.49152	0.01199	0.01726	0.01019	0.08075	0.01421	0.05165	0.01541	0.11579	0.02893	0.01880	0.01453	0.00487	0.00149	0.00588	0.00462	0.00270	0.03833
15	0.00595	0.00471	0.00507	0.00515	0.00630	0.00414	0.00366	0.00699	0.01009	0.01250	0.09449	0.10084	0.52735	0.16466	0.00905	0.00217	0.00285	0.02609	0.00415	0.00380
16	0.05844	0.00630	0.00808	0.00728	0.00897	0.00621	0.05787	0.04634	0.04257	0.08307	0.11120	0.13930	0.10171	0.07906	0.01270	0.00184	0.00354	0.05703	0.16360	0.00491
17	0.01159	0.01263	0.05441	0.05035	0.08873	0.04009	0.45516	0.07056	0.09673	0.01658	0.04683	0.01382	0.00961	0.00472	0.00522	0.00154	0.00675	0.00523	0.00291	0.00655
18	0.03281	0.14992	0.01234	0.00886	0.01126	0.05168	0.02501	0.05267	0.31145	0.03782	0.01672	0.19759	0.01542	0.00906	0.04454	0.00183	0.00458	0.00641	0.00392	0.00610
19	0.00642	0.00478	0.00597	0.00573	0.00690	0.00433	0.00428	0.00838	0.01265	0.01739	0.61973	0.07213	0.19328	0.01032	0.00558	0.00152	0.00228	0.00902	0.00499	0.00433
20	0.01130	0.13753	0.50776	0.01320	0.05998	0.08719	0.01442	0.05936	0.01086	0.01481	0.00818	0.00966	0.00620	0.00464	0.00468	0.00141	0.03647	0.00341	0.00221	0.00672
21	0.05903	0.12888	0.09539	0.01170	0.04339	0.12962	0.08620	0.17856	0.05721	0.10721	0.01159	0.01215	0.03289	0.00522	0.00461	0.00139	0.02074	0.00409	0.00340	0.00672
22	0.00688	0.00476	0.00551	0.00566	0.00587	0.00478	0.00342	0.00776	0.04626	0.01052	0.04211	0.18240	0.02054	0.61183	0.01906	0.00382	0.00411	0.00808	0.00331	0.00332
23	0.01133	0.01490	0.19396	0.04311	0.42794	0.05340	0.15719	0.01486	0.01074	0.01496	0.00881	0.01134	0.00698	0.00427	0.00477	0.00145	0.00650	0.00423	0.00227	0.00699
24	0.01291	0.01473	0.14180	0.05430	0.22936	0.15133	0.03127	0.09679	0.10302	0.04726	0.03286	0.02699	0.00977	0.00536	0.00470	0.00145	0.00593	0.02031	0.00311	0.00677
25	0.00779	0.00643	0.00755	0.00721	0.00767	0.04876	0.00515	0.00856	0.00763	0.01027	0.01394	0.02370	0.04517	0.39898	0.26785	0.00488	0.11615	0.00586	0.00269	0.00377
26	0.00671	0.00498	0.00628	0.00626	0.00734	0.00470	0.00469	0.00905	0.04641	0.01664	0.49141	0.15892	0.11845	0.02996	0.00610	0.00169	0.00260	0.06857	0.00484	0.00439
27	0.01176	0.01062	0.01826	0.06781	0.63730	0.01061	0.05728	0.01449	0.01077	0.06045	0.01024	0.05056	0.00874	0.00481	0.00479	0.00145	0.00554	0.00474	0.00262	0.00715
28	0.01255	0.04150	0.20152	0.01605	0.14911	0.08601	0.17817	0.07341	0.10462	0.06226	0.01122	0.01249	0.01945	0.00485	0.00476	0.00146	0.00628	0.00442	0.00296	0.00691
29	0.01070	0.01306	0.08270	0.01865	0.02332	0.01139	0.68758	0.01460	0.01092	0.01492	0.01040	0.05939	0.00845	0.00463	0.00551	0.00160	0.00758	0.00586	0.00247	0.00626
30	0.01153	0.01106	0.01889	0.06795	0.76693	0.01117	0.01440	0.01435	0.01067	0.01524	0.00884	0.01171	0.00741	0.00423	0.00467	0.00141	0.00564	0.00420	0.00232	0.00736
31	0.07051	0.03535	0.05406	0.01154	0.01504	0.05920	0.12929	0.29734	0.10017	0.07887	0.04085	0.03062	0.01015	0.00571	0.00516	0.00149	0.03918	0.00469	0.00389	0.00692
32	0.00692	0.00592	0.03065	0.02911	0.03049	0.00542	0.00553	0.00939	0.07383	0.01404	0.15537	0.26227	0.20239	0.05908	0.04027	0.00211	0.00356	0.05498	0.00419	0.00448
33	0.02967	0.01155	0.01612	0.17618	0.07992	0.01261	0.13092	0.40024	0.01612	0.02198	0.01030	0.01200	0.00759	0.00509	0.00485	0.00147	0.01322	0.00441	0.03883	0.00693
34	0.01326	0.16568	0.26840	0.01085	0.01535	0.05577	0.01111	0.29529	0.01461	0.01948	0.04463	0.04487	0.00946	0.00550	0.00440	0.00138	0.00567	0.00419	0.00325	0.00686
35	0.03170	0.24636	0.48679	0.01143	0.01708	0.01330	0.01353	0.05584	0.05548	0.01508	0.00865	0.00975	0.00656	0.00453	0.00407	0.00136	0.00608	0.00334	0.00232	0.00675
36	0.00617	0.00525	0.00537	0.00534	0.00677	0.02648	0.00398	0.00752	0.01110	0.01368	0.17528	0.07935	0.58075	0.03062	0.00600	0.00166	0.00263	0.02354	0.00443	0.00408
37	0.11403	0.04969	0.01253	0.00939	0.01284	0.01190	0.00779	0.40905	0.05308	0.21010	0.01335	0.03265	0.00982	0.00593	0.00452	0.00145	0.00458	0.02528	0.00463	0.00737
38	0.00934	0.00884	0.01483	0.68095	0.13516	0.01075	0.01316	0.01234	0.00951	0.01247	0.00835	0.01235	0.00644	0.00480	0.00518	0.00157	0.04213	0.00419	0.00213	0.00553
39	0.19454	0.00784	0.00817	0.00745	0.00959	0.00845	0.00596	0.12704	0.11563	0.05138	0.05347	0.02445	0.07853	0.07451	0.00617	0.00182	0.00379	0.13142	0.08432	0.00547
40	0.01763	0.01306	0.01399	0.01079	0.01451	0.01449	0.00889	0.75323	0.05857	0.02925	0.01169	0.01162	0.00832	0.00569	0.00472	0.00142	0.00512	0.00430	0.00472	0.00799
41	0.01335	0.04510	0.05764	0.00942	0.01246	0.01006	0.04840	0.27889	0.07056	0.12401	0.13858	0.08954	0.03826	0.01497	0.00510	0.00151	0.00434	0.00600	0.02523	0.00658

[dist]
# distance from previous block
# <min> <max>
0	3

[block]
# block no. 2 follows, 54 sequences, length 55
# corresponding to MSA columns:
# 914-968
name=unknown_C
#
# <colnr> <probs for GDERKNQSTAVLIFYWHMCP>
#	G	D	E	R	K	N	Q	S	T	A	V	L	I	F	Y	W	H	M	C	P
0	0.01132	0.01057	0.01743	0.16459	0.51769	0.01097	0.05164	0.07809	0.01148	0.01583	0.01133	0.01385	0.05443	0.00486	0.00478	0.00145	0.00561	0.00461	0.00261	0.00686
1	0.01270	0.01096	0.07491	0.01279	0.17699	0.02859	0.00898	0.07300	0.05072	0.13175	0.01070	0.01157	0.00811	0.00440	0.00417	0.00113	0.00454	0.00366	0.00331	0.36702
2	0.00666	0.00496	0.00668	0.00687	0.00769	0.00470	0.02993	0.00788	0.00955	0.01277	0.10876	0.32452	0.09271	0.17423	0.03338	0.00252	0.00375	0.13095	0.00400	0.02748
3	0.02023	0.01239	0.08179	0.06746	0.10143	0.13623	0.03637	0.10525	0.06784	0.01534	0.02531	0.13529	0.01204	0.02871	0.04475	0.00193	0.09305	0.00562	0.00312	0.00586
4	0.01228	0.01311	0.05646	0.14262	0.47728	0.12638	0.01318	0.04912	0.03677	0.01510	0.00899	0.01144	0.00727	0.00452	0.00461	0.00141	0.00611	0.00404	0.00248	0.00685
5	0.00757	0.00535	0.00649	0.00599	0.00739	0.00502	0.00455	0.05518	0.01324	0.03367	0.56969	0.03403	0.16353	0.00946	0.00536	0.00147	0.00246	0.00818	0.05674	0.00465
6	0.07500	0.01355	0.10649	0.03053	0.01908	0.03940	0.33328	0.19441	0.01364	0.11217	0.01059	0.01198	0.00756	0.00471	0.00490	0.00150	0.00642	0.00460	0.00332	0.00686
7	0.03250	0.18697	0.34478	0.05801	0.02660	0.06464	0.01236	0.08770	0.01139	0.08757	0.00905	0.01018	0.00673	0.00480	0.00462	0.00139	0.03787	0.00350	0.00266	0.00667
8	0.01092	0.35984	0.39122	0.01164	0.01693	0.01437	0.07058	0.01445	0.00977	0.01320	0.00765	0.00919	0.00610	0.00442	0.00444	0.00132	0.04220	0.00327	0.00203	0.00646
9	0.00758	0.00583	0.00647	0.00621	0.00786	0.00560	0.00468	0.01117	0.15519	0.04856	0.17819	0.12030	0.40356	0.01054	0.00544	0.00160	0.00271	0.00899	0.00467	0.00486
10	0.01277	0.19270	0.17594	0.03869	0.17027	0.09810	0.05146	0.03300	0.04166	0.08849	0.02941	0.01230	0.00868	0.00489	0.00435	0.00136	0.00586	0.02062	0.00279	0.00665
11	0.06542	0.03631	0.01215	0.05381	0.01380	0.12371	0.00803	0.22219	0.10980	0.23228	0.01464	0.01516	0.03335	0.00595	0.00460	0.00145	0.00502	0.03103	0.00436	0.00697
12	0.00634	0.00492	0.00711	0.05405	0.00932	0.00474	0.03951	0.00762	0.00956	0.01259	0.04538	0.59206	0.09345	0.01320	0.00592	0.00187	0.00327	0.08083	0.00418	0.00410
13	0.01274	0.01240	0.03454	0.13809	0.27616	0.13430	0.08005	0.08562	0.01210	0.06087	0.01146	0.01507	0.03199	0.00544	0.00505	0.00149	0.02247	0.05081	0.00291	0.00646
14	0.01107	0.01225	0.06597	0.06120	0.05128	0.10220	0.31474	0.05124	0.01087	0.01415	0.03741	0.07543	0.01014	0.00686	0.00728	0.09228	0.06203	0.00540	0.00265	0.00556
15	0.01147	0.00872	0.05762	0.01044	0.03812	0.00762	0.12721	0.06363	0.05535	0.18366	0.08010	0.21822	0.07780	0.00858	0.00534	0.00163	0.00434	0.02993	0.00428	0.00595
16	0.00753	0.00469	0.00617	0.00661	0.00743	0.00431	0.00467	0.00868	0.01016	0.09512	0.13002	0.55921	0.06894	0.03235	0.00624	0.00186	0.00287	0.03420	0.00460	0.00435
17	0.09522	0.03846	0.01392	0.02701	0.01448	0.09846	0.09800	0.24743	0.12401	0.12296	0.01344	0.01474	0.02707	0.00576	0.00465	0.00147	0.00529	0.03675	0.00403	0.00684
18	0.03533	0.05385	0.11321	0.05819	0.04663	0.06272	0.04238	0.09108	0.10491	0.01704	0.17087	0.04408	0.07404	0.03147	0.00536	0.00156	0.00464	0.00573	0.03110	0.00581
19	0.00827	0.00580	0.00667	0.00645	0.00791	0.01918	0.00485	0.06561	0.01196	0.07512	0.19864	0.22809	0.27698	0.01102	0.00553	0.00163	0.00294	0.03908	0.01959	0.00469
20	0.01680	0.03410	0.15652	0.01068	0.01498	0.01137	0.03469	0.32397	0.05247	0.27602	0.01334	0.01284	0.00905	0.00544	0.00467	0.00145	0.00515	0.00432	0.00445	0.00770
21	0.11667	0.01522	0.01325	0.04555	0.03453	0.30007	0.04283	0.22459	0.09155	0.05620	0.01017	0.01084	0.00765	0.00515	0.00438	0.00138	0.00617	0.00380	0.00347	0.00650
22	0.25139	0.01205	0.07062	0.00993	0.01348	0.05907	0.07076	0.21182	0.05993	0.14656	0.01160	0.04310	0.00873	0.00546	0.00430	0.00147	0.00495	0.00425	0.00386	0.00665
23	0.00605	0.00442	0.00566	0.00614	0.00682	0.00406	0.00429	0.00735	0.01059	0.01430	0.28093	0.47161	0.12056	0.02678	0.00613	0.00178	0.00256	0.01132	0.00462	0.00403
24	0.01193	0.05885	0.07041	0.01609	0.02007	0.06650	0.45505	0.07961	0.04726	0.01564	0.00982	0.03123	0.00783	0.00497	0.00610	0.00156	0.08306	0.00503	0.00266	0.00634
25	0.04433	0.01076	0.01515	0.46818	0.12354	0.09439	0.06729	0.03910	0.04799	0.03129	0.00917	0.01213	0.00699	0.00473	0.00466	0.00150	0.00624	0.00417	0.00251	0.00587
26	0.01552	0.11357	0.01396	0.01086	0.01337	0.51016	0.02286	0.04672	0.01255	0.05805	0.01053	0.06086	0.03198	0.00665	0.02862	0.00149	0.02972	0.00410	0.00284	0.00561
27	0.03842	0.01086	0.01420	0.19877	0.13155	0.07734	0.04740	0.12597	0.05998	0.13873	0.01136	0.01300	0.01395	0.00664	0.04132	0.00177	0.05452	0.00435	0.00334	0.00653
28	0.08965	0.00928	0.01055	0.00935	0.02918	0.07260	0.03707	0.12545	0.03588	0.21791	0.01710	0.22793	0.03431	0.00810	0.00538	0.00159	0.04037	0.00674	0.01547	0.00609
29	0.01385	0.00885	0.01131	0.05594	0.01300	0.05602	0.07178	0.12433	0.02817	0.26239	0.06053	0.18145	0.03928	0.01873	0.00532	0.00159	0.00445	0.00675	0.03004	0.00622
30	0.01005	0.00703	0.04120	0.00698	0.00911	0.00609	0.00566	0.07568	0.04695	0.15744	0.18848	0.13902	0.26816	0.00969	0.00533	0.00157	0.00317	0.00825	0.00475	0.00539
31	0.01155	0.24433	0.20171	0.18167	0.11706	0.01341	0.01223	0.08066	0.01085	0.03397	0.00835	0.01033	0.00657	0.00468	0.00469	0.00138	0.04414	0.00358	0.00240	0.00645
32	0.01103	0.00994	0.01583	0.10276	0.45281	0.01043	0.03022	0.09670	0.01140	0.01586	0.01142	0.09943	0.01058	0.00743	0.04563	0.00183	0.03220	0.02508	0.00284	0.00657
33	0.00581	0.00418	0.00553	0.00659	0.00694	0.00390	0.00447	0.00670	0.00916	0.01214	0.02670	0.77395	0.05761	0.01461	0.00602	0.00191	0.00279	0.04277	0.00438	0.00385
34	0.01088	0.01039	0.01770	0.25710	0.58294	0.01099	0.01408	0.01377	0.01036	0.01444	0.00873	0.01193	0.00713	0.00435	0.00468	0.00145	0.00580	0.00420	0.00227	0.00683
35	0.01248	0.04893	0.09790	0.01223	0.08261	0.15110	0.07523	0.03969	0.03120	0.11424	0.05317	0.05649	0.05109	0.00807	0.04866	0.00182	0.05954	0.03392	0.01561	0.00601
36	0.01120	0.26958	0.47086	0.01197	0.01770	0.01313	0.06773	0.01516	0.01013	0.05933	0.00854	0.00977	0.00641	0.00439	0.00413	0.00135	0.00628	0.00341	0.00225	0.00671
37	0.03355	0.00917	0.00991	0.00872	0.01120	0.01021	0.00682	0.10748	0.47655	0.06551	0.10132	0.01935	0.01662	0.03513	0.00541	0.00163	0.00369	0.01547	0.05547	0.00680
38	0.05925	0.00873	0.01047	0.00855	0.01147	0.02817	0.00690	0.10558	0.07396	0.43936	0.04837	0.06511	0.04650	0.00737	0.02088	0.00164	0.04025	0.00544	0.00500	0.00701
39	0.03413	0.01273	0.06708	0.05441	0.32509	0.06794	0.26823	0.01517	0.01099	0.06044	0.00990	0.03437	0.00796	0.00460	0.00492	0.00148	0.00647	0.00477	0.00260	0.00671
40	0.07953	0.01550	0.36431	0.01084	0.01567	0.00943	0.05366	0.04134	0.04618	0.20610	0.03911	0.01450	0.04736	0.00545	0.00455	0.00148	0.00534	0.00443	0.02841	0.00680
41	0.04391	0.00484	0.00607	0.05471	0.00852	0.00475	0.00487	0.00772	0.02960	0.01275	0.02751	0.59582	0.15554	0.01304	0.00570	0.00181	0.00295	0.01160	0.00419	0.00409
42	0.01238	0.01155	0.04542	0.10050	0.28674	0.01134	0.24826	0.06098	0.01142	0.09442	0.00995	0.01235	0.00757	0.00471	0.00567	0.00153	0.06096	0.00464	0.00279	0.00683
43	0.01525	0.06708	0.01449	0.01148	0.01403	0.39188	0.07325	0.09085	0.01288	0.07771	0.04395	0.01173	0.00890	0.01311	0.02966	0.00158	0.08795	0.00394	0.02442	0.00587
44	0.01520	0.00713	0.00914	0.00767	0.01029	0.00659	0.00613	0.04530	0.06554	0.44122	0.12360	0.08887	0.06032	0.00766	0.00498	0.00152	0.00351	0.03270	0.05603	0.00661
45	0.01007	0.18318	0.65647	0.01239	0.01878	0.01246	0.01559	0.01477	0.00988	0.01418	0.00809	0.00949	0.00599	0.00439	0.00420	0.00140	0.00659	0.00330	0.00200	0.00679
46	0.00758	0.00541	0.00658	0.00684	0.00828	0.00507	0.00552	0.00980	0.05009	0.05958	0.08222	0.11065	0.32881	0.01179	0.00586	0.00181	0.00326	0.28178	0.00452	0.00453
47	0.02115	0.00802	0.01094	0.00839	0.01204	0.00693	0.00693	0.02298	0.01350	0.80815	0.01860	0.01605	0.01167	0.00584	0.00474	0.00146	0.00401	0.00474	0.00584	0.00802
48	0.01049	0.01049	0.02126	0.05623	0.02035	0.01007	0.52314	0.01360	0.01073	0.05980	0.01442	0.12755	0.05780	0.00623	0.00588	0.00164	0.03476	0.00674	0.00295	0.00587
49	0.00910	0.00859	0.01465	0.67610	0.10922	0.01026	0.03762	0.01212	0.00960	0.01248	0.00934	0.05326	0.00767	0.00514	0.00480	0.00157	0.00609	0.00469	0.00224	0.00543
50	0.01187	0.01007	0.01066	0.00952	0.01202	0.03000	0.00745	0.02312	0.66075	0.05189	0.01957	0.01828	0.05289	0.00672	0.00543	0.00161	0.05098	0.00541	0.00461	0.00713
51	0.01057	0.01115	0.01793	0.11741	0.08541	0.08265	0.27021	0.01307	0.00996	0.01321	0.01054	0.08107	0.00974	0.00734	0.03338	0.00188	0.17865	0.03768	0.00253	0.00562
52	0.01207	0.41692	0.22614	0.01305	0.12424	0.01457	0.05750	0.01494	0.01015	0.05868	0.00823	0.00954	0.00661	0.00427	0.00388	0.00125	0.00573	0.00331	0.00229	0.00661
53	0.00994	0.00924	0.05504	0.00875	0.01109	0.00935	0.00707	0.03772	0.48790	0.01780	0.07260	0.16863	0.06809	0.00836	0.00510	0.00164	0.00359	0.00717	0.00456	0.00637
54	0.01047	0.00863	0.01030	0.05558	0.01264	0.00699	0.00625	0.05347	0.01052	0.03769	0.00882	0.01020	0.00713	0.00374	0.00366	0.00081	0.00376	0.00301	0.00294	0.74339

[dist]
# distance from previous block
# <min> <max>
0	4

[block]
# block no. 3 follows, 54 sequences, length 39
# corresponding to MSA columns:
# 973-1011
name=unknown_D
#
# <colnr> <probs for GDERKNQSTAVLIFYWHMCP>
#	G	D	E	R	K	N	Q	S	T	A	V	L	I	F	Y	W	H	M	C	P
0	0.52850	0.00972	0.00896	0.00767	0.01068	0.01092	0.00631	0.16849	0.07056	0.07719	0.01031	0.01224	0.00806	0.00536	0.00374	0.00150	0.00402	0.04603	0.00370	0.00602
1	0.07191	0.00597	0.00651	0.00694	0.00775	0.04307	0.00486	0.05335	0.00995	0.01381	0.05561	0.55844	0.02592	0.08674	0.00724	0.00205	0.00340	0.02819	0.00409	0.00420
2	0.01045	0.04813	0.06963	0.01673	0.02108	0.01096	0.57787	0.01404	0.01100	0.01507	0.06960	0.05219	0.01096	0.00492	0.00532	0.00153	0.00689	0.00577	0.00267	0.04520
3	0.00857	0.00688	0.00905	0.00842	0.00909	0.00821	0.00642	0.08745	0.00911	0.01281	0.01388	0.17147	0.01471	0.17139	0.23899	0.00399	0.20536	0.00666	0.00305	0.00450
4	0.01071	0.25709	0.55027	0.01184	0.01777	0.04821	0.01438	0.01487	0.01000	0.01368	0.00786	0.00921	0.00600	0.00437	0.00405	0.00134	0.00648	0.00319	0.00202	0.00664
5	0.01533	0.07999	0.01312	0.01084	0.01314	0.56498	0.00831	0.06130	0.01253	0.01237	0.00852	0.01096	0.00745	0.04765	0.11146	0.00220	0.00841	0.00351	0.00256	0.00537
6	0.07687	0.02675	0.01102	0.01018	0.05565	0.12236	0.00747	0.09604	0.37239	0.02579	0.03463	0.01634	0.03729	0.04300	0.00537	0.00160	0.00455	0.00483	0.04134	0.00652
7	0.01750	0.00892	0.01151	0.01026	0.07148	0.00867	0.00765	0.13793	0.09217	0.46681	0.01705	0.03369	0.01233	0.04400	0.00571	0.00164	0.00430	0.03583	0.00507	0.00746
8	0.00969	0.00854	0.01090	0.00785	0.01197	0.00660	0.06423	0.01188	0.00992	0.01522	0.01026	0.01162	0.04331	0.00391	0.00374	0.00081	0.00378	0.00333	0.00284	0.75959
9	0.01106	0.07016	0.01044	0.00841	0.01056	0.06866	0.02512	0.07949	0.09658	0.09477	0.01896	0.16921	0.07038	0.05304	0.05683	0.00209	0.00482	0.09016	0.00394	0.05531
10	0.01043	0.20014	0.32875	0.01399	0.04376	0.01241	0.22969	0.01419	0.01026	0.01408	0.02828	0.05481	0.00864	0.00490	0.00457	0.00143	0.00643	0.00453	0.00232	0.00638
11	0.00676	0.00496	0.00711	0.00711	0.00779	0.00564	0.00531	0.00812	0.00744	0.01060	0.01306	0.02089	0.01282	0.18897	0.66341	0.00700	0.01108	0.00540	0.00259	0.00395
12	0.00685	0.00459	0.00521	0.00519	0.00525	0.00456	0.00295	0.00698	0.00723	0.00971	0.06061	0.03111	0.01873	0.78639	0.02293	0.00439	0.00443	0.00695	0.00299	0.00295
13	0.01018	0.01014	0.01564	0.11544	0.10565	0.08019	0.22359	0.01326	0.04980	0.02801	0.04131	0.09515	0.09129	0.00717	0.00553	0.00162	0.02343	0.07385	0.00316	0.00562
14	0.04916	0.14028	0.23985	0.07045	0.07581	0.12102	0.04672	0.07078	0.01814	0.02585	0.01130	0.01861	0.05821	0.00514	0.00431	0.00138	0.00598	0.00404	0.02672	0.00624
15	0.00615	0.00444	0.00588	0.00691	0.00735	0.00426	0.00485	0.00750	0.03279	0.01251	0.02566	0.71370	0.03020	0.01431	0.00604	0.00194	0.00296	0.10416	0.00439	0.00400
16	0.00924	0.00540	0.00688	0.00623	0.00788	0.00481	0.00477	0.01112	0.01265	0.17155	0.46510	0.07757	0.17913	0.00961	0.00543	0.00152	0.00263	0.00832	0.00512	0.00503
17	0.01976	0.09645	0.14854	0.01077	0.01446	0.05781	0.08382	0.14313	0.05723	0.13429	0.05709	0.05469	0.01278	0.00699	0.02231	0.00163	0.00548	0.06254	0.00372	0.00653
18	0.09595	0.03293	0.16103	0.05317	0.22003	0.05624	0.14266	0.04531	0.07844	0.01623	0.02313	0.01177	0.00797	0.00475	0.00490	0.00148	0.03051	0.00421	0.00267	0.00661
19	0.00672	0.00461	0.00542	0.00548	0.00566	0.00465	0.00332	0.00701	0.00724	0.00967	0.01672	0.07662	0.05247	0.66046	0.11079	0.00462	0.00527	0.00717	0.00298	0.00312
20	0.00995	0.02190	0.65245	0.01387	0.02001	0.01142	0.08780	0.03941	0.01025	0.01515	0.00848	0.01028	0.00616	0.00475	0.00541	0.00154	0.06848	0.00375	0.00212	0.00681
21	0.01060	0.01072	0.01729	0.09459	0.12097	0.06011	0.27068	0.04218	0.07316	0.01562	0.11382	0.01817	0.08016	0.00598	0.00565	0.00154	0.04391	0.00571	0.00314	0.00598
22	0.01113	0.26875	0.13684	0.16919	0.02133	0.01368	0.26148	0.03891	0.01051	0.01372	0.00829	0.01065	0.00650	0.00426	0.00443	0.00139	0.00650	0.00402	0.00223	0.00619
23	0.00713	0.00484	0.00647	0.00715	0.00803	0.00458	0.00551	0.00864	0.01046	0.04829	0.12045	0.39148	0.08024	0.01300	0.00604	0.00191	0.00324	0.26374	0.00453	0.00427
24	0.00924	0.09175	0.01678	0.09821	0.06737	0.00981	0.25057	0.01170	0.01038	0.01372	0.06812	0.11035	0.11642	0.00740	0.00588	0.00161	0.05630	0.04595	0.00306	0.00539
25	0.03117	0.00915	0.01191	0.04621	0.05002	0.06834	0.11115	0.05760	0.14669	0.06274	0.07107	0.22309	0.01819	0.04054	0.00596	0.00174	0.00464	0.03020	0.00391	0.00568
26	0.00719	0.00499	0.00637	0.00651	0.00711	0.00526	0.00455	0.04420	0.00861	0.01210	0.01695	0.23605	0.01831	0.25912	0.27076	0.00442	0.00652	0.00769	0.06937	0.00391
27	0.00956	0.00912	0.01564	0.62883	0.19647	0.01068	0.03778	0.01266	0.00976	0.01286	0.00852	0.01238	0.00656	0.00458	0.00473	0.00154	0.00619	0.00424	0.00216	0.00575
28	0.01060	0.01108	0.03408	0.06831	0.05438	0.03461	0.38556	0.05416	0.05508	0.01572	0.08287	0.05203	0.03685	0.00603	0.00593	0.00161	0.05202	0.03005	0.00305	0.00598
29	0.01081	0.01504	0.18716	0.01896	0.05822	0.01169	0.59630	0.01504	0.01087	0.01508	0.00929	0.01211	0.00693	0.00409	0.00530	0.00156	0.00765	0.00508	0.00230	0.00653
30	0.00596	0.00475	0.00530	0.00549	0.00674	0.00417	0.00409	0.00724	0.01060	0.01322	0.12041	0.14034	0.51548	0.05780	0.00673	0.00184	0.00271	0.07877	0.00438	0.00398
31	0.01034	0.04323	0.64285	0.01237	0.01841	0.01062	0.01518	0.05768	0.01074	0.05648	0.01041	0.07195	0.00828	0.00538	0.00458	0.00151	0.00635	0.00431	0.00252	0.00682
32	0.01207	0.03589	0.32252	0.01144	0.01567	0.14680	0.05162	0.06111	0.05021	0.08525	0.05795	0.10424	0.01215	0.00624	0.00475	0.00148	0.00596	0.00514	0.00318	0.00634
33	0.01000	0.00702	0.00833	0.00807	0.00974	0.00737	0.00612	0.04880	0.26905	0.09620	0.06539	0.33681	0.02309	0.01029	0.00545	0.00174	0.00340	0.07269	0.00472	0.00571
34	0.01004	0.12073	0.62178	0.01356	0.01992	0.01199	0.10856	0.01485	0.01005	0.01449	0.00836	0.01000	0.00612	0.00437	0.00443	0.00145	0.00685	0.00362	0.00204	0.00679
35	0.09974	0.01210	0.01465	0.15720	0.32236	0.14400	0.01117	0.05487	0.05493	0.01584	0.04606	0.01228	0.00891	0.00495	0.00469	0.00143	0.02161	0.00410	0.00276	0.00635
36	0.00984	0.00969	0.01277	0.01102	0.01163	0.06648	0.05368	0.01094	0.00800	0.01129	0.00996	0.01494	0.04360	0.09004	0.10813	0.02924	0.48690	0.00476	0.00234	0.00477
37	0.00637	0.00469	0.00593	0.00662	0.00732	0.00446	0.00480	0.00790	0.03388	0.01302	0.08663	0.44901	0.13426	0.07499	0.00732	0.00207	0.00309	0.13929	0.00433	0.00402
38	0.09005	0.01081	0.05869	0.02942	0.11932	0.02674	0.12739	0.05150	0.09546	0.10233	0.01260	0.10858	0.01090	0.00655	0.00641	0.00163	0.12656	0.00545	0.00333	0.00629

[dist]
# distance from previous block
# <min> <max>
2	9

[block]
# block no. 4 follows, 54 sequences, length 47
# corresponding to MSA columns:
# 1021-1058,1063-1071
name=unknown_E
#
# <colnr> <probs for GDERKNQSTAVLIFYWHMCP>
#	G	D	E	R	K	N	Q	S	T	A	V	L	I	F	Y	W	H	M	C	P
0	0.11312	0.01079	0.01090	0.00858	0.01206	0.10205	0.03587	0.12856	0.05487	0.01792	0.00995	0.03805	0.00821	0.00470	0.00392	0.00109	0.00445	0.00366	0.03299	0.39826
1	0.01381	0.01209	0.01549	0.03377	0.06242	0.09127	0.16347	0.28225	0.08342	0.04994	0.04066	0.02990	0.04396	0.00708	0.03844	0.00173	0.00598	0.01382	0.00377	0.00671
2	0.06743	0.00967	0.01132	0.00959	0.01173	0.05950	0.03663	0.07733	0.12399	0.17651	0.04052	0.07025	0.08348	0.00787	0.01884	0.00172	0.17790	0.00560	0.00398	0.00613
3	0.00703	0.00506	0.00637	0.00660	0.00735	0.00504	0.00476	0.00803	0.00938	0.04696	0.05399	0.35619	0.19709	0.12574	0.03415	0.00237	0.06264	0.05311	0.00404	0.00407
4	0.04986	0.01092	0.01150	0.01073	0.05585	0.04013	0.00798	0.11846	0.58104	0.03543	0.01668	0.01571	0.01248	0.00603	0.00468	0.00154	0.00418	0.00492	0.00451	0.00737
5	0.01098	0.00923	0.02799	0.00877	0.05508	0.00749	0.00670	0.05168	0.06731	0.05618	0.00985	0.01084	0.00781	0.00399	0.00379	0.00089	0.00381	0.00324	0.00314	0.65124
6	0.04950	0.08755	0.07699	0.01597	0.02036	0.10317	0.47727	0.01610	0.03169	0.06138	0.00960	0.01170	0.00722	0.00430	0.00493	0.00148	0.00716	0.00468	0.00262	0.00634
7	0.01180	0.46240	0.34215	0.01026	0.01546	0.01489	0.01180	0.01493	0.00995	0.05624	0.00799	0.00900	0.00633	0.00431	0.00371	0.00123	0.00577	0.00303	0.00222	0.00653
8	0.00590	0.00420	0.00552	0.00639	0.00680	0.00389	0.00432	0.00673	0.00933	0.01242	0.08255	0.69154	0.07892	0.01429	0.00647	0.03741	0.00273	0.01245	0.00434	0.00381
9	0.01393	0.01132	0.01268	0.01264	0.13575	0.06918	0.00877	0.27787	0.19526	0.06238	0.07268	0.01765	0.04718	0.00639	0.00486	0.00148	0.00473	0.03393	0.00426	0.00705
10	0.04097	0.00683	0.02315	0.09233	0.01183	0.02071	0.02549	0.04431	0.03921	0.04761	0.06572	0.25705	0.04928	0.01040	0.00551	0.00178	0.00399	0.20736	0.04161	0.00485
11	0.20999	0.00790	0.00865	0.00727	0.01009	0.00788	0.00585	0.06094	0.07928	0.31032	0.05046	0.03519	0.16073	0.00699	0.00452	0.00150	0.00355	0.00554	0.01708	0.00628
12	0.00680	0.00492	0.00672	0.04103	0.00902	0.00488	0.00599	0.00824	0.00968	0.01269	0.02420	0.35907	0.04376	0.09313	0.00792	0.00226	0.00376	0.34779	0.00412	0.00402
13	0.01123	0.04748	0.01942	0.20509	0.22807	0.05644	0.24721	0.04350	0.01105	0.01473	0.02311	0.01270	0.00792	0.01567	0.00509	0.00150	0.00640	0.00459	0.03256	0.00624
14	0.01108	0.01032	0.01800	0.27334	0.39467	0.01105	0.10475	0.01399	0.01030	0.04836	0.00907	0.01219	0.00717	0.00463	0.00538	0.00151	0.05088	0.00438	0.00240	0.00654
15	0.00695	0.00535	0.00707	0.00721	0.00825	0.00509	0.03859	0.06360	0.01060	0.01384	0.04493	0.52256	0.17885	0.01289	0.00584	0.00181	0.00315	0.05479	0.00433	0.00431
16	0.01010	0.00989	0.01215	0.01072	0.01163	0.10295	0.03573	0.04039	0.00876	0.01204	0.00909	0.01337	0.00842	0.01800	0.31997	0.00404	0.36098	0.00441	0.00239	0.00498
17	0.01044	0.08437	0.52571	0.04896	0.02061	0.01194	0.14969	0.05708	0.01074	0.01530	0.00863	0.01044	0.00631	0.00448	0.00470	0.00148	0.01631	0.00385	0.00222	0.00675
18	0.05121	0.01061	0.01106	0.00920	0.01219	0.03066	0.00735	0.29387	0.30116	0.05215	0.04883	0.01655	0.05539	0.00627	0.00464	0.00145	0.00417	0.00499	0.03415	0.04408
19	0.00674	0.00452	0.00518	0.00530	0.00533	0.00449	0.00302	0.00683	0.00709	0.00945	0.01606	0.11729	0.01866	0.74579	0.02206	0.00428	0.00437	0.00756	0.00302	0.00296
20	0.00641	0.00476	0.00600	0.00596	0.00705	0.00434	0.00446	0.00828	0.01221	0.01669	0.52889	0.13715	0.17685	0.01087	0.00567	0.00159	0.00243	0.05121	0.00490	0.00428
21	0.08419	0.00801	0.00973	0.00802	0.01087	0.00782	0.00640	0.06037	0.12927	0.42615	0.11243	0.04902	0.01631	0.04290	0.00559	0.00163	0.00376	0.00551	0.00513	0.00689
22	0.00593	0.00435	0.00603	0.00682	0.00725	0.00406	0.02188	0.00693	0.00940	0.01262	0.08350	0.75360	0.03164	0.01415	0.00597	0.00188	0.00281	0.01287	0.00439	0.00393
23	0.02115	0.00802	0.01094	0.00839	0.01204	0.00693	0.00693	0.02298	0.01350	0.80815	0.01860	0.01605	0.01167	0.00584	0.00474	0.00146	0.00401	0.00474	0.00584	0.00802
24	0.40828	0.00908	0.00945	0.00765	0.01098	0.00942	0.00631	0.10091	0.01192	0.36448	0.01231	0.01170	0.00827	0.00515	0.00390	0.00145	0.00397	0.00369	0.00438	0.00669
25	0.01036	0.01143	0.04955	0.36172	0.09042	0.03952	0.30589	0.01372	0.01024	0.01354	0.00873	0.01222	0.00669	0.00454	0.00546	0.00157	0.04164	0.00464	0.00223	0.00591
26	0.00632	0.00439	0.00572	0.00653	0.00706	0.00409	0.00453	0.00730	0.00944	0.03087	0.05595	0.62657	0.08580	0.05763	0.00693	0.00202	0.00294	0.06761	0.00436	0.00395
27	0.01065	0.01169	0.02369	0.01749	0.02102	0.01199	0.57591	0.01387	0.01009	0.01405	0.00909	0.01266	0.00730	0.00709	0.06592	0.00212	0.17185	0.00524	0.00233	0.00596
28	0.07711	0.03139	0.12157	0.00991	0.01331	0.06887	0.02300	0.22842	0.14192	0.07327	0.08182	0.01666	0.02192	0.03474	0.00533	0.00159	0.00495	0.03360	0.00399	0.00663
29	0.00664	0.00487	0.00592	0.00590	0.00707	0.00443	0.00433	0.00855	0.03215	0.03471	0.38272	0.21054	0.25230	0.01123	0.00562	0.00161	0.00246	0.00981	0.00479	0.00435
30	0.01045	0.01053	0.01442	0.01237	0.01242	0.02886	0.01029	0.01148	0.00733	0.01135	0.00621	0.01028	0.00619	0.00819	0.01527	0.00205	0.81095	0.00411	0.00207	0.00516
31	0.01275	0.04652	0.36782	0.01315	0.03566	0.05958	0.11770	0.07171	0.08829	0.12446	0.01111	0.01187	0.00792	0.00487	0.00465	0.00147	0.00625	0.00413	0.00307	0.00704
32	0.01303	0.01456	0.12710	0.03062	0.14512	0.14268	0.16034	0.08752	0.09338	0.06950	0.01205	0.04852	0.02301	0.00538	0.00484	0.00147	0.00621	0.00483	0.00314	0.00668
33	0.00717	0.00524	0.00648	0.00612	0.00743	0.00494	0.00460	0.00999	0.06927	0.03469	0.60037	0.06485	0.14131	0.00982	0.00551	0.00152	0.00241	0.00859	0.00504	0.00466
34	0.01082	0.04872	0.22065	0.01990	0.31590	0.01119	0.18483	0.04092	0.01085	0.01529	0.01014	0.07034	0.00869	0.00503	0.00485	0.00149	0.00622	0.00492	0.00247	0.00679
35	0.01169	0.01055	0.04565	0.10432	0.01569	0.08668	0.11545	0.04326	0.13160	0.10834	0.08534	0.02179	0.08831	0.00701	0.00548	0.00159	0.03394	0.07358	0.00379	0.00598
36	0.00965	0.00874	0.01624	0.01336	0.04988	0.00851	0.32558	0.01204	0.01024	0.07075	0.01806	0.20363	0.09858	0.01018	0.07012	0.00215	0.05597	0.00758	0.00329	0.00545
37	0.01153	0.07036	0.01888	0.04338	0.69751	0.01142	0.01354	0.01404	0.01043	0.01472	0.00866	0.01151	0.00737	0.00472	0.00513	0.03783	0.00551	0.00408	0.00229	0.00709
38	0.00978	0.08306	0.62190	0.01292	0.01886	0.01157	0.05110	0.01471	0.02887	0.01470	0.03593	0.01098	0.00758	0.00487	0.00510	0.00150	0.05393	0.00376	0.00219	0.00669
39	0.01142	0.10197	0.02312	0.03793	0.06436	0.01205	0.47617	0.01448	0.01061	0.05756	0.02428	0.04833	0.00891	0.00508	0.00610	0.00156	0.08190	0.00534	0.00263	0.00619
40	0.00700	0.00509	0.00707	0.00700	0.00763	0.00580	0.00520	0.00830	0.00752	0.01090	0.01308	0.02106	0.01286	0.21876	0.55926	0.00633	0.03828	0.00540	0.04951	0.00394
41	0.00654	0.00536	0.00838	0.00853	0.02751	0.00499	0.09541	0.00784	0.00950	0.01258	0.02550	0.63055	0.09296	0.01299	0.00591	0.00184	0.00342	0.03185	0.00410	0.00423
42	0.14070	0.01633	0.06019	0.01325	0.11439	0.34606	0.03865	0.09409	0.04233	0.07756	0.00926	0.01023	0.00708	0.00486	0.00428	0.00136	0.00646	0.00357	0.00304	0.00632
43	0.00692	0.00556	0.00716	0.06587	0.00943	0.03863	0.00562	0.00816	0.00852	0.01136	0.01812	0.37275	0.02008	0.09367	0.30096	0.00415	0.00698	0.00870	0.00333	0.00405
44	0.00900	0.00852	0.01460	0.72438	0.06504	0.01032	0.04481	0.01207	0.00954	0.01232	0.00911	0.04325	0.00731	0.00504	0.00480	0.00158	0.00619	0.00459	0.00220	0.00533
45	0.01006	0.00956	0.01624	0.48997	0.35640	0.01078	0.01367	0.01306	0.00998	0.01345	0.00859	0.01219	0.00678	0.00450	0.00469	0.00150	0.00600	0.00419	0.00220	0.00617
46	0.00965	0.00750	0.00972	0.07416	0.03903	0.04282	0.02110	0.04681	0.04850	0.08092	0.08593	0.15307	0.06487	0.01494	0.19069	0.00301	0.06528	0.03321	0.00364	0.00517

[dist]
# distance from previous block
# <min> <max>
0	1

[block]
# block no. 5 follows, 54 sequences, length 15
# corresponding to MSA columns:
# 1073-1087
name=unknown_F
#
# <colnr> <probs for GDERKNQSTAVLIFYWHMCP>
#	G	D	E	R	K	N	Q	S	T	A	V	L	I	F	Y	W	H	M	C	P
0	0.00829	0.00667	0.00742	0.04546	0.02707	0.04935	0.00537	0.01074	0.09204	0.03743	0.09578	0.07448	0.17331	0.24028	0.06041	0.00280	0.00451	0.05038	0.00375	0.00445
1	0.03889	0.00617	0.00896	0.00840	0.00944	0.00654	0.06349	0.00961	0.00903	0.07562	0.01943	0.40536	0.04439	0.05731	0.11081	0.00271	0.10651	0.00909	0.00369	0.00456
2	0.22113	0.01113	0.06895	0.19589	0.14702	0.07203	0.00996	0.04572	0.01014	0.01576	0.01170	0.04237	0.07054	0.00572	0.00495	0.00152	0.05264	0.00444	0.00273	0.00568
3	0.01216	0.62525	0.05181	0.00955	0.01337	0.01704	0.06629	0.01491	0.07219	0.01223	0.00783	0.00902	0.00680	0.00452	0.00424	0.00119	0.06007	0.00311	0.00227	0.00616
4	0.01336	0.04985	0.01161	0.04345	0.01264	0.09658	0.00752	0.22092	0.08936	0.10202	0.01581	0.12961	0.05469	0.00855	0.04391	0.00176	0.03263	0.00574	0.00399	0.05601
5	0.01070	0.00922	0.01004	0.05256	0.02808	0.03868	0.00705	0.05435	0.38079	0.02752	0.08152	0.02087	0.11198	0.00681	0.00477	0.00144	0.00384	0.01838	0.00421	0.12718
6	0.01465	0.38957	0.01788	0.00944	0.01284	0.27537	0.00809	0.01692	0.06372	0.07559	0.00873	0.00938	0.00713	0.00456	0.00371	0.00113	0.00588	0.00307	0.00270	0.06963
7	0.00685	0.00537	0.00641	0.00594	0.00757	0.00458	0.00438	0.00844	0.01092	0.01500	0.28260	0.18155	0.21936	0.04472	0.00602	0.00157	0.00271	0.00859	0.00427	0.17315
8	0.00854	0.00803	0.07044	0.00678	0.00778	0.06580	0.00497	0.06066	0.00873	0.01131	0.01415	0.06924	0.01558	0.60734	0.01873	0.00372	0.00500	0.00648	0.00296	0.00377
9	0.01175	0.10315	0.28597	0.01221	0.07520	0.01106	0.05303	0.10025	0.08421	0.08616	0.05643	0.01554	0.07318	0.00568	0.00462	0.00145	0.00534	0.00470	0.00330	0.00675
10	0.04651	0.05264	0.07777	0.04009	0.09817	0.09793	0.03519	0.13746	0.03547	0.15468	0.01270	0.07472	0.02191	0.00574	0.00452	0.00138	0.00516	0.00470	0.00360	0.08965
11	0.02950	0.01058	0.06261	0.19117	0.16570	0.05313	0.03686	0.08997	0.03931	0.01531	0.01404	0.03196	0.07914	0.06729	0.00618	0.00170	0.00533	0.03716	0.00297	0.06007
12	0.01363	0.06126	0.07216	0.16524	0.13751	0.04578	0.01038	0.13102	0.09204	0.15912	0.01308	0.01394	0.03533	0.00598	0.02170	0.00158	0.00543	0.00442	0.00355	0.00684
13	0.03285	0.07799	0.01394	0.14325	0.11633	0.11700	0.00933	0.09908	0.06404	0.14605	0.04572	0.01291	0.00970	0.00519	0.00463	0.00136	0.02075	0.00412	0.00344	0.07232
14	0.09402	0.03773	0.11321	0.01160	0.09717	0.08073	0.03004	0.07919	0.12251	0.07913	0.07209	0.02628	0.02654	0.02011	0.00487	0.00148	0.00492	0.03263	0.00355	0.06221

[dist]
# distance from previous block
# <min> <max>
2	53

[block]
# block no. 6 follows, 54 sequences, length 14
# corresponding to MSA columns:
# 1141-1154
name=unknown_G
#
# <colnr> <probs for GDERKNQSTAVLIFYWHMCP>
#	G	D	E	R	K	N	Q	S	T	A	V	L	I	F	Y	W	H	M	C	P
0	0.11485	0.00907	0.03569	0.02949	0.04239	0.02941	0.02349	0.10819	0.09297	0.12240	0.09661	0.07316	0.06225	0.00956	0.08211	0.00205	0.00492	0.00560	0.00400	0.05180
1	0.05933	0.01180	0.08745	0.01014	0.04922	0.07695	0.02222	0.21180	0.01341	0.04539	0.03965	0.12108	0.02931	0.00632	0.00452	0.00133	0.00472	0.00518	0.00359	0.19659
2	0.01269	0.01134	0.03262	0.17527	0.14900	0.06971	0.01023	0.19975	0.06689	0.04257	0.02333	0.05512	0.00955	0.00569	0.00519	0.00145	0.04573	0.00463	0.00331	0.07595
3	0.01006	0.03583	0.07665	0.07286	0.11963	0.00854	0.06084	0.05798	0.04039	0.07434	0.18953	0.04170	0.13325	0.02798	0.00582	0.00159	0.02717	0.00633	0.00375	0.00578
4	0.03196	0.00942	0.01191	0.04523	0.03298	0.01030	0.04884	0.16265	0.20278	0.11501	0.01615	0.05780	0.04299	0.03454	0.03592	0.00191	0.07125	0.03908	0.00409	0.02520
5	0.01224	0.00962	0.04109	0.00922	0.04760	0.05134	0.00708	0.13217	0.14064	0.12233	0.09018	0.02019	0.08956	0.07486	0.04196	0.00193	0.00459	0.00547	0.02560	0.07233
6	0.72239	0.00982	0.00816	0.00699	0.01006	0.01127	0.00577	0.14636	0.01044	0.02262	0.00738	0.00829	0.00560	0.00460	0.00323	0.00145	0.00391	0.00284	0.00323	0.00560
7	0.00947	0.00806	0.00945	0.00695	0.01085	0.00610	0.00550	0.01147	0.00972	0.01511	0.00971	0.07172	0.00881	0.00434	0.00368	0.00079	0.00343	0.00359	0.00291	0.79832
8	0.01448	0.01314	0.01329	0.01215	0.07779	0.17219	0.04454	0.18782	0.27871	0.05996	0.03733	0.01388	0.01096	0.00560	0.00467	0.00142	0.00531	0.00453	0.00399	0.03824
9	0.00972	0.00791	0.00976	0.08499	0.01276	0.00658	0.00627	0.01208	0.03250	0.04564	0.01116	0.10695	0.01015	0.00511	0.00399	0.00098	0.00370	0.00432	0.00309	0.62234
10	0.00691	0.00467	0.00547	0.00554	0.00574	0.00464	0.00344	0.00730	0.00776	0.01041	0.07960	0.03334	0.02031	0.68908	0.02084	0.00409	0.00436	0.08017	0.00319	0.00313
11	0.08668	0.03715	0.07618	0.00923	0.01263	0.04024	0.00794	0.33544	0.06758	0.05220	0.02407	0.01354	0.00950	0.08439	0.00617	0.00164	0.00480	0.00420	0.02762	0.09879
12	0.08579	0.01079	0.02838	0.04449	0.01310	0.09988	0.04353	0.18744	0.07155	0.06537	0.02765	0.08152	0.03932	0.00957	0.08835	0.00209	0.00575	0.02981	0.00371	0.06193
13	0.04086	0.00680	0.00771	0.08477	0.01061	0.03737	0.00592	0.07870	0.02917	0.01533	0.13554	0.18887	0.20946	0.04820	0.00623	0.00177	0.00364	0.06902	0.00409	0.01594

[dist]
# distance from previous block
# <min> <max>
1	185

# created by:
# /home/cegg/simao/soft/augustus-3.2.1/scripts/msa2prfl.pl ./align_prep/EOG091G0KUR.fa
