[name]
unknown

[dist]
# distance from previous block
# <min> <max>
1	85

[block]
# block no. 0 follows, 42 sequences, length 10
# corresponding to MSA columns:
# 100-109
name=unknown_A
#
# <colnr> <probs for GDERKNQSTAVLIFYWHMCP>
#	G	D	E	R	K	N	Q	S	T	A	V	L	I	F	Y	W	H	M	C	P
0	0.13743	0.17747	0.04518	0.10237	0.01802	0.10122	0.04772	0.08150	0.01370	0.08220	0.04012	0.01406	0.02687	0.00585	0.00480	0.00154	0.00622	0.00445	0.00361	0.08566
1	0.01380	0.03583	0.09508	0.12358	0.02228	0.12754	0.18231	0.07634	0.01414	0.01844	0.08701	0.01595	0.01257	0.00612	0.00625	0.00167	0.04514	0.00537	0.00336	0.10724
2	0.06132	0.02712	0.01499	0.20750	0.08360	0.05696	0.02912	0.04946	0.01271	0.01832	0.05408	0.01437	0.01062	0.00547	0.00524	0.00142	0.02265	0.00449	0.00329	0.31728
3	0.01304	0.01175	0.06289	0.33512	0.07064	0.01160	0.04302	0.08981	0.01374	0.07352	0.05921	0.01857	0.01247	0.00652	0.00588	0.00175	0.02070	0.04148	0.00363	0.10466
4	0.11469	0.05852	0.02018	0.06008	0.01958	0.01314	0.24885	0.01520	0.01121	0.01717	0.01225	0.01546	0.04610	0.00862	0.05754	0.00226	0.15464	0.00535	0.00300	0.11615
5	0.01468	0.01187	0.01299	0.03455	0.01511	0.05458	0.00798	0.12361	0.03973	0.07578	0.01177	0.01282	0.00914	0.00501	0.00464	0.00113	0.00498	0.00393	0.00397	0.55173
6	0.01308	0.01220	0.01951	0.20099	0.23161	0.01308	0.10761	0.07732	0.05988	0.01859	0.01206	0.04547	0.01005	0.00625	0.00672	0.00178	0.07059	0.00558	0.00327	0.08435
7	0.02040	0.10463	0.01771	0.01451	0.06090	0.45185	0.01087	0.15347	0.01721	0.08163	0.01073	0.01162	0.00833	0.00592	0.00510	0.00150	0.00834	0.00407	0.00368	0.00755
8	0.00732	0.00525	0.00707	0.00812	0.00872	0.00499	0.00580	0.00875	0.01163	0.01565	0.11998	0.58327	0.03775	0.01744	0.03334	0.00249	0.00384	0.10857	0.00526	0.00476
9	0.06266	0.08218	0.10850	0.02051	0.08695	0.01402	0.45469	0.01713	0.01269	0.01789	0.01350	0.01626	0.05521	0.00546	0.00597	0.00180	0.00811	0.00604	0.00294	0.00748

[dist]
# distance from previous block
# <min> <max>
0	8

[block]
# block no. 1 follows, 42 sequences, length 13
# corresponding to MSA columns:
# 118-130
name=unknown_B
#
# <colnr> <probs for GDERKNQSTAVLIFYWHMCP>
#	G	D	E	R	K	N	Q	S	T	A	V	L	I	F	Y	W	H	M	C	P
0	0.43900	0.16207	0.05213	0.01101	0.06264	0.10066	0.00891	0.01819	0.01145	0.07648	0.00929	0.01043	0.00725	0.00533	0.00408	0.00161	0.00570	0.00348	0.00338	0.00691
1	0.00708	0.00514	0.00668	0.00752	0.00817	0.00474	0.00517	0.00845	0.01203	0.01618	0.18979	0.58154	0.09454	0.01607	0.00703	0.00215	0.00310	0.01445	0.00543	0.00474
2	0.00693	0.00493	0.00651	0.00774	0.00805	0.00462	0.00512	0.00786	0.01063	0.01417	0.03028	0.75642	0.03629	0.06103	0.00837	0.00246	0.00339	0.01557	0.00512	0.00451
3	0.01212	0.01200	0.02145	0.39363	0.23739	0.01336	0.14533	0.01577	0.01187	0.01608	0.01024	0.01456	0.00807	0.00558	0.00663	0.00186	0.05890	0.00529	0.00264	0.00722
4	0.00818	0.00601	0.00785	0.00828	0.00885	0.00632	0.00604	0.00936	0.01010	0.01356	0.02404	0.22014	0.05871	0.26565	0.13281	0.00436	0.05034	0.15075	0.00416	0.00449
5	0.02117	0.01112	0.01316	0.01038	0.01428	0.01117	0.00848	0.25452	0.07133	0.37985	0.01896	0.01775	0.01285	0.00689	0.00541	0.00168	0.00491	0.00546	0.12173	0.00892
6	0.00949	0.00741	0.00930	0.00981	0.05249	0.00738	0.00709	0.04615	0.10426	0.02013	0.29617	0.12299	0.14653	0.01217	0.00666	0.00198	0.00376	0.12474	0.00551	0.00596
7	0.01278	0.06631	0.46767	0.01589	0.05290	0.01345	0.06877	0.05967	0.08004	0.03897	0.01302	0.01648	0.01016	0.00625	0.00557	0.00181	0.00744	0.05141	0.00321	0.00818
8	0.03527	0.01026	0.01182	0.00995	0.01298	0.06881	0.00791	0.02127	0.06308	0.40319	0.08138	0.09367	0.08137	0.00903	0.00678	0.00185	0.06052	0.00726	0.00581	0.00779
9	0.24711	0.01225	0.03535	0.06869	0.01721	0.01322	0.09369	0.06461	0.20924	0.08058	0.01420	0.01510	0.01060	0.00644	0.00602	0.00185	0.06124	0.00503	0.03000	0.00754
10	0.08539	0.13972	0.01749	0.02735	0.10162	0.10755	0.01027	0.20179	0.09940	0.05965	0.02876	0.01371	0.01044	0.00601	0.00499	0.00155	0.00608	0.00455	0.00415	0.06952
11	0.11663	0.04609	0.10286	0.06456	0.01870	0.03338	0.11256	0.09608	0.03818	0.10887	0.02551	0.05007	0.01127	0.00653	0.00583	0.00171	0.03681	0.01659	0.00395	0.10383
12	0.17413	0.04469	0.27888	0.01263	0.01789	0.12174	0.01293	0.14171	0.01447	0.04800	0.01065	0.01205	0.00799	0.00745	0.04312	0.00202	0.00746	0.00411	0.00344	0.03464

[dist]
# distance from previous block
# <min> <max>
2	11

[block]
# block no. 2 follows, 42 sequences, length 6
# corresponding to MSA columns:
# 143-148
name=unknown_C
#
# <colnr> <probs for GDERKNQSTAVLIFYWHMCP>
#	G	D	E	R	K	N	Q	S	T	A	V	L	I	F	Y	W	H	M	C	P
0	0.01267	0.07681	0.08542	0.08671	0.11702	0.04087	0.08145	0.03104	0.07244	0.03542	0.10751	0.01873	0.03677	0.00664	0.00603	0.00164	0.04187	0.00566	0.03435	0.10093
1	0.01073	0.00879	0.01180	0.03093	0.01286	0.02262	0.06935	0.03796	0.04480	0.04143	0.10723	0.16515	0.05689	0.13287	0.01056	0.00238	0.06684	0.02732	0.00432	0.13515
2	0.08361	0.01640	0.21623	0.10129	0.02102	0.01311	0.08915	0.10684	0.11984	0.06043	0.03932	0.04506	0.01204	0.00677	0.00619	0.00186	0.04357	0.00561	0.00389	0.00778
3	0.01285	0.05775	0.11864	0.01109	0.01626	0.01108	0.05061	0.06181	0.12994	0.01982	0.01221	0.01333	0.00959	0.00510	0.00477	0.00126	0.00530	0.00419	0.00364	0.45075
4	0.00905	0.00677	0.00885	0.00962	0.01116	0.00665	0.00803	0.01222	0.06275	0.01691	0.03059	0.15622	0.08848	0.01459	0.00728	0.00236	0.00464	0.48938	0.00513	0.04934
5	0.01799	0.24600	0.07586	0.01202	0.01657	0.12893	0.01076	0.25793	0.07843	0.05765	0.01197	0.01242	0.00916	0.00594	0.00490	0.00151	0.00660	0.00427	0.00405	0.03706

[dist]
# distance from previous block
# <min> <max>
0	6

[block]
# block no. 3 follows, 42 sequences, length 14
# corresponding to MSA columns:
# 155-168
name=unknown_D
#
# <colnr> <probs for GDERKNQSTAVLIFYWHMCP>
#	G	D	E	R	K	N	Q	S	T	A	V	L	I	F	Y	W	H	M	C	P
0	0.03212	0.06086	0.44387	0.01392	0.02030	0.04853	0.04234	0.05712	0.01309	0.03224	0.05901	0.01387	0.01054	0.00578	0.00550	0.00164	0.02407	0.00452	0.00307	0.10762
1	0.01231	0.06947	0.60960	0.01526	0.02249	0.06266	0.03731	0.01784	0.01221	0.03573	0.01120	0.04873	0.00876	0.00595	0.00536	0.00175	0.00802	0.00472	0.00267	0.00798
2	0.05466	0.02930	0.01739	0.63239	0.06624	0.01291	0.04196	0.01554	0.04624	0.01566	0.01052	0.01480	0.00797	0.00562	0.00551	0.00185	0.00720	0.00498	0.00273	0.00655
3	0.01225	0.01237	0.06116	0.40436	0.24255	0.01260	0.08788	0.01605	0.01214	0.03918	0.01141	0.01644	0.00909	0.00575	0.00577	0.00184	0.00734	0.03165	0.00284	0.00732
4	0.01324	0.08806	0.10159	0.08237	0.11372	0.04082	0.36617	0.01821	0.06332	0.01747	0.01266	0.01541	0.02940	0.00541	0.00591	0.00178	0.00806	0.00576	0.00299	0.00765
5	0.00904	0.00515	0.00678	0.00678	0.00678	0.00515	0.00421	0.00772	0.00772	0.01030	0.01344	0.02620	0.01470	0.38038	0.02506	0.45324	0.00515	0.00641	0.00289	0.00289
6	0.00686	0.00490	0.00653	0.00784	0.00816	0.00457	0.00522	0.00784	0.01077	0.01437	0.03102	0.79855	0.03722	0.01763	0.00718	0.00229	0.00326	0.01600	0.00522	0.00457
7	0.06632	0.05269	0.27787	0.16824	0.05406	0.01350	0.19714	0.01741	0.01209	0.05332	0.01068	0.01344	0.00789	0.00540	0.00587	0.00181	0.02694	0.00494	0.00283	0.00757
8	0.12964	0.10082	0.25752	0.01421	0.03700	0.22094	0.06018	0.01964	0.01310	0.08272	0.01033	0.01164	0.00775	0.00549	0.00496	0.00163	0.00777	0.00406	0.00311	0.00749
9	0.02378	0.00950	0.01275	0.00993	0.01407	0.00840	0.00815	0.02667	0.05310	0.69450	0.06108	0.02044	0.01614	0.00724	0.00571	0.00175	0.00466	0.00593	0.00686	0.00932
10	0.00720	0.00515	0.00693	0.00823	0.00871	0.00487	0.00583	0.00844	0.01112	0.01475	0.03083	0.68311	0.03646	0.01730	0.00728	0.00233	0.00357	0.12801	0.00522	0.00467
11	0.01826	0.01576	0.06348	0.05243	0.18349	0.10520	0.07390	0.22428	0.01756	0.14905	0.03245	0.01499	0.01067	0.00611	0.00565	0.00170	0.00691	0.00519	0.00435	0.00857
12	0.03772	0.08897	0.16143	0.01343	0.01849	0.05708	0.05961	0.33631	0.01876	0.10230	0.01277	0.01354	0.00925	0.00752	0.03598	0.00196	0.00717	0.00478	0.00438	0.00856
13	0.01111	0.00644	0.00853	0.00858	0.01018	0.00599	0.00672	0.01301	0.01318	0.15464	0.14550	0.22045	0.08577	0.06460	0.00834	0.00237	0.00412	0.21919	0.00557	0.00572

[dist]
# distance from previous block
# <min> <max>
1	4

[block]
# block no. 4 follows, 42 sequences, length 17
# corresponding to MSA columns:
# 173-177,193-204
name=unknown_E
#
# <colnr> <probs for GDERKNQSTAVLIFYWHMCP>
#	G	D	E	R	K	N	Q	S	T	A	V	L	I	F	Y	W	H	M	C	P
0	0.01111	0.04805	0.01248	0.08163	0.03996	0.05658	0.05105	0.01478	0.08779	0.05744	0.18163	0.12929	0.14380	0.01049	0.00626	0.00188	0.00481	0.04996	0.00482	0.00621
1	0.01583	0.57958	0.10238	0.01102	0.01601	0.07701	0.01097	0.10030	0.01352	0.01626	0.00876	0.00991	0.00748	0.00516	0.00412	0.00134	0.00658	0.00340	0.00281	0.00755
2	0.01056	0.07522	0.26224	0.01057	0.01488	0.00947	0.01107	0.01427	0.01340	0.04862	0.27634	0.06972	0.04592	0.00866	0.00578	0.00170	0.00512	0.02954	0.00430	0.08260
3	0.00996	0.00622	0.00778	0.00719	0.00902	0.00554	0.00546	0.01216	0.01490	0.12349	0.44716	0.08573	0.22005	0.01190	0.00654	0.00183	0.00303	0.01031	0.00601	0.00572
4	0.01365	0.06436	0.38325	0.02057	0.20042	0.01360	0.11107	0.04093	0.01300	0.07016	0.01119	0.01319	0.00828	0.00532	0.00550	0.00173	0.00764	0.00475	0.00295	0.00843
5	0.01204	0.01458	0.14724	0.06669	0.10438	0.03485	0.24371	0.01595	0.01323	0.04753	0.10072	0.04480	0.07526	0.00750	0.00623	0.00187	0.00700	0.04564	0.00366	0.00713
6	0.00793	0.00578	0.00770	0.00885	0.00984	0.00554	0.00703	0.00977	0.01210	0.01570	0.03342	0.34653	0.11900	0.01620	0.00742	0.00239	0.00417	0.37055	0.00520	0.00490
7	0.01276	0.01257	0.04826	0.02287	0.37208	0.02868	0.07747	0.06052	0.06683	0.01911	0.04711	0.10768	0.05911	0.00788	0.00602	0.00183	0.00607	0.03160	0.00379	0.00776
8	0.01434	0.01719	0.18503	0.04519	0.19636	0.07586	0.15010	0.06751	0.01407	0.07151	0.03754	0.05435	0.01214	0.00650	0.00587	0.00179	0.00737	0.02589	0.00349	0.00791
9	0.04183	0.03601	0.01286	0.01004	0.01291	0.00959	0.08821	0.08815	0.03433	0.16740	0.01663	0.01837	0.01254	0.01059	0.09472	0.00245	0.02652	0.00543	0.30446	0.00696
10	0.00744	0.00566	0.00694	0.00772	0.00874	0.00532	0.00560	0.00950	0.04813	0.01559	0.06195	0.46084	0.22326	0.01583	0.00702	0.00219	0.00341	0.09467	0.00528	0.00492
11	0.01427	0.11394	0.07714	0.11404	0.20388	0.05413	0.11440	0.04517	0.01298	0.06254	0.04042	0.01459	0.01021	0.00622	0.00692	0.01643	0.07691	0.00508	0.00315	0.00759
12	0.00899	0.00793	0.04725	0.00795	0.01007	0.00688	0.00640	0.01330	0.13026	0.03954	0.26593	0.13297	0.27682	0.01211	0.00647	0.00190	0.00343	0.01042	0.00551	0.00587
13	0.00698	0.00503	0.00656	0.00774	0.00818	0.00469	0.00524	0.00801	0.01088	0.01437	0.03198	0.69638	0.07923	0.04839	0.00802	0.00240	0.00340	0.04280	0.00515	0.00456
14	0.03733	0.04494	0.05402	0.04104	0.19072	0.06548	0.06460	0.15714	0.03938	0.04167	0.01545	0.09186	0.02942	0.00826	0.02457	0.00194	0.01776	0.02238	0.04441	0.00764
15	0.03224	0.08199	0.11082	0.04427	0.17637	0.12113	0.09202	0.07485	0.05998	0.01870	0.03816	0.07510	0.01242	0.00662	0.00552	0.00169	0.00694	0.00575	0.00346	0.03199
16	0.03794	0.07479	0.10577	0.01101	0.04337	0.01036	0.02242	0.06456	0.03684	0.18043	0.08369	0.03169	0.05649	0.00681	0.00521	0.00152	0.00501	0.00558	0.02933	0.18718

[dist]
# distance from previous block
# <min> <max>
2	17

[block]
# block no. 5 follows, 42 sequences, length 23
# corresponding to MSA columns:
# 223-245
name=unknown_F
#
# <colnr> <probs for GDERKNQSTAVLIFYWHMCP>
#	G	D	E	R	K	N	Q	S	T	A	V	L	I	F	Y	W	H	M	C	P
0	0.05625	0.27228	0.16286	0.01265	0.04137	0.12793	0.01176	0.05739	0.07749	0.03831	0.01194	0.06150	0.01029	0.00645	0.00521	0.00160	0.02922	0.00474	0.00331	0.00747
1	0.01043	0.06182	0.16359	0.01063	0.01458	0.00950	0.04778	0.03106	0.05180	0.01768	0.08604	0.14528	0.08848	0.01098	0.05687	0.00214	0.00577	0.00746	0.00395	0.17417
2	0.05564	0.18561	0.30606	0.02857	0.04023	0.01563	0.06735	0.09314	0.11913	0.01980	0.01178	0.01296	0.00893	0.00565	0.00508	0.00167	0.00690	0.00448	0.00329	0.00811
3	0.02798	0.18357	0.29700	0.11669	0.05572	0.01507	0.07721	0.03433	0.08587	0.03850	0.01138	0.01316	0.00861	0.00551	0.00516	0.00169	0.00716	0.00454	0.00301	0.00786
4	0.01065	0.00943	0.01506	0.09449	0.21537	0.00982	0.06871	0.02795	0.02537	0.01657	0.04382	0.09110	0.08895	0.04881	0.12227	0.00313	0.02850	0.05501	0.01851	0.00646
5	0.01318	0.04443	0.38043	0.01471	0.09274	0.01099	0.01458	0.01773	0.02939	0.14187	0.04393	0.06938	0.08740	0.00750	0.00566	0.00179	0.00635	0.00624	0.00385	0.00786
6	0.06605	0.15620	0.16724	0.04958	0.01777	0.06384	0.05238	0.06097	0.08271	0.01836	0.05251	0.01890	0.03534	0.00802	0.02520	0.00195	0.05941	0.05290	0.00352	0.00716
7	0.02201	0.00975	0.01255	0.00992	0.01388	0.00894	0.00814	0.09594	0.04119	0.56884	0.04276	0.02352	0.07873	0.00795	0.00583	0.00178	0.00471	0.02807	0.00657	0.00891
8	0.00756	0.00520	0.00648	0.00726	0.00781	0.00493	0.00492	0.00871	0.01095	0.01501	0.07750	0.47431	0.07379	0.15466	0.01066	0.00272	0.00362	0.04430	0.07512	0.00451
9	0.01348	0.28923	0.42468	0.01486	0.06962	0.03969	0.01608	0.01791	0.01205	0.04060	0.00971	0.01124	0.00750	0.00521	0.00478	0.00157	0.00738	0.00386	0.00258	0.00797
10	0.01260	0.03173	0.16942	0.03824	0.05487	0.08200	0.02420	0.03437	0.11628	0.06784	0.07870	0.13126	0.07363	0.02336	0.00637	0.00193	0.00581	0.03601	0.00434	0.00704
11	0.00687	0.00539	0.00622	0.00667	0.00790	0.00474	0.00475	0.00825	0.01236	0.01566	0.12182	0.34148	0.40736	0.01527	0.00686	0.00204	0.00299	0.01329	0.00533	0.00474
12	0.01546	0.01079	0.01223	0.03600	0.03789	0.07448	0.03038	0.11760	0.07226	0.18995	0.02625	0.13390	0.14800	0.00972	0.00602	0.00184	0.00508	0.02873	0.03616	0.00724
13	0.05191	0.39892	0.19588	0.01122	0.01624	0.04288	0.01167	0.07763	0.01290	0.03210	0.01131	0.07741	0.01016	0.00631	0.00457	0.00151	0.00630	0.00466	0.01903	0.00738
14	0.00825	0.00618	0.00816	0.00839	0.00896	0.00671	0.00602	0.00967	0.03028	0.01407	0.04622	0.33072	0.06263	0.12327	0.15804	0.04818	0.08247	0.01048	0.02659	0.00471
15	0.00961	0.00605	0.00708	0.00683	0.00832	0.00586	0.00511	0.01289	0.06294	0.04579	0.33221	0.09766	0.08074	0.01013	0.00568	0.00168	0.00290	0.00872	0.28422	0.00557
16	0.09499	0.27145	0.32907	0.01259	0.01843	0.01526	0.05457	0.01723	0.01164	0.04264	0.01022	0.01193	0.00797	0.00646	0.03017	0.00181	0.00707	0.00399	0.04503	0.00749
17	0.08831	0.19046	0.01862	0.01265	0.01620	0.36915	0.03401	0.12178	0.01549	0.01786	0.01076	0.01199	0.03268	0.00605	0.00523	0.00152	0.03288	0.00406	0.00329	0.00703
18	0.00730	0.00559	0.00661	0.00721	0.00837	0.00508	0.00534	0.00871	0.01195	0.01508	0.06065	0.26864	0.34478	0.08212	0.00886	0.00243	0.00359	0.13793	0.00509	0.00468
19	0.01505	0.80561	0.02949	0.00963	0.01444	0.02227	0.00963	0.01685	0.01143	0.01324	0.00782	0.00903	0.00722	0.00481	0.00361	0.00120	0.00602	0.00301	0.00241	0.00722
20	0.01354	0.01377	0.01112	0.01059	0.01271	0.26195	0.00807	0.01730	0.12489	0.03727	0.06081	0.08171	0.12164	0.05417	0.05846	0.00251	0.00679	0.09219	0.00438	0.00611
21	0.02489	0.01104	0.01330	0.01039	0.01462	0.07361	0.00849	0.02701	0.01609	0.70688	0.02106	0.01839	0.01336	0.00687	0.00561	0.00172	0.00524	0.00549	0.00662	0.00932
22	0.01736	0.01846	0.01592	0.10359	0.01926	0.39473	0.07998	0.05022	0.01514	0.08886	0.01785	0.01879	0.12148	0.00710	0.00560	0.00165	0.00800	0.00556	0.00371	0.00675

[dist]
# distance from previous block
# <min> <max>
0	11

[block]
# block no. 6 follows, 42 sequences, length 9
# corresponding to MSA columns:
# 257-265
name=unknown_G
#
# <colnr> <probs for GDERKNQSTAVLIFYWHMCP>
#	G	D	E	R	K	N	Q	S	T	A	V	L	I	F	Y	W	H	M	C	P
0	0.01453	0.63964	0.02562	0.00972	0.01401	0.04923	0.00922	0.01748	0.06921	0.01493	0.08002	0.01309	0.01229	0.00570	0.00411	0.00132	0.00574	0.00396	0.00304	0.00714
1	0.00782	0.00533	0.00638	0.00673	0.00686	0.00529	0.00406	0.00818	0.00891	0.01193	0.02114	0.23853	0.02461	0.55821	0.05809	0.00478	0.00532	0.01016	0.00387	0.00379
2	0.01063	0.03017	0.01070	0.00971	0.01082	0.05796	0.00780	0.01263	0.01112	0.01615	0.07326	0.02672	0.01800	0.04503	0.18360	0.00367	0.17104	0.11007	0.18549	0.00545
3	0.01381	0.01384	0.02216	0.02897	0.54210	0.06152	0.10869	0.01756	0.03973	0.01828	0.04186	0.01662	0.03773	0.00570	0.00576	0.00171	0.00689	0.00563	0.00312	0.00831
4	0.00696	0.00529	0.00644	0.00722	0.00818	0.00477	0.00512	0.00826	0.01183	0.01517	0.07484	0.47316	0.28134	0.01609	0.00701	0.00215	0.00320	0.05300	0.00527	0.00470
5	0.67063	0.05629	0.05256	0.00854	0.01246	0.01365	0.00755	0.08773	0.01145	0.02517	0.00851	0.00971	0.00655	0.00536	0.00380	0.00171	0.00484	0.00330	0.00357	0.00662
6	0.84197	0.01088	0.00827	0.00740	0.01088	0.01262	0.00609	0.01654	0.00958	0.02525	0.00784	0.00914	0.00609	0.00522	0.00348	0.00174	0.00435	0.00305	0.00348	0.00609
7	0.00853	0.00612	0.00762	0.00819	0.00889	0.00622	0.00591	0.01075	0.06755	0.01439	0.02454	0.23074	0.02731	0.31214	0.04141	0.00376	0.00509	0.20172	0.00449	0.00464
8	0.01446	0.16687	0.03089	0.05542	0.05947	0.06162	0.05849	0.03047	0.04445	0.10345	0.08708	0.01715	0.01411	0.02049	0.00677	0.00167	0.08207	0.00521	0.06925	0.07062

[dist]
# distance from previous block
# <min> <max>
0	1

[block]
# block no. 7 follows, 42 sequences, length 40
# corresponding to MSA columns:
# 269-284,286-309
name=unknown_H
#
# <colnr> <probs for GDERKNQSTAVLIFYWHMCP>
#	G	D	E	R	K	N	Q	S	T	A	V	L	I	F	Y	W	H	M	C	P
0	0.00874	0.00608	0.00706	0.00698	0.00855	0.00565	0.00516	0.01147	0.05980	0.05137	0.23199	0.18693	0.27395	0.01260	0.00635	0.00187	0.00304	0.01088	0.09617	0.00539
1	0.00851	0.00559	0.00678	0.00692	0.00782	0.00525	0.00475	0.00983	0.01176	0.04731	0.18831	0.22976	0.11994	0.23405	0.01273	0.00293	0.00376	0.02792	0.06138	0.00470
2	0.07271	0.01246	0.07658	0.05934	0.13197	0.01143	0.03212	0.15179	0.01465	0.04511	0.04934	0.11170	0.04692	0.00779	0.00609	0.00172	0.03824	0.00652	0.00407	0.11946
3	0.01183	0.01114	0.03913	0.18053	0.04484	0.01038	0.07357	0.06412	0.04623	0.01853	0.03935	0.03971	0.06005	0.00634	0.00561	0.00149	0.02357	0.00549	0.00358	0.31451
4	0.04841	0.00565	0.00679	0.00705	0.00807	0.00592	0.00516	0.01090	0.01045	0.01684	0.01962	0.19822	0.01927	0.05388	0.21490	0.02397	0.00638	0.00792	0.32568	0.00492
5	0.00694	0.00501	0.00662	0.00776	0.00821	0.00469	0.00525	0.00804	0.01103	0.01473	0.06446	0.70909	0.06645	0.01803	0.03254	0.00247	0.00361	0.01524	0.00520	0.00463
6	0.07735	0.02966	0.15339	0.04968	0.10166	0.12340	0.05490	0.01884	0.11148	0.04172	0.03051	0.03195	0.01228	0.02687	0.00593	0.00181	0.00657	0.03213	0.05554	0.03433
7	0.04004	0.01240	0.01516	0.01283	0.03270	0.01484	0.01031	0.27693	0.01621	0.07709	0.03524	0.01499	0.01077	0.00800	0.01036	0.00195	0.30775	0.00517	0.08969	0.00756
8	0.09427	0.01366	0.08556	0.03182	0.09090	0.03613	0.01026	0.19234	0.03437	0.06216	0.07358	0.01629	0.02850	0.00625	0.00513	0.00153	0.00545	0.00498	0.01985	0.18697
9	0.01466	0.12762	0.10956	0.04229	0.01781	0.12080	0.07364	0.07110	0.01327	0.05995	0.05695	0.01473	0.01122	0.00894	0.05563	0.00220	0.15215	0.00491	0.00333	0.03924
10	0.04900	0.04640	0.10705	0.01159	0.01648	0.01303	0.02582	0.27936	0.05378	0.14115	0.01385	0.01407	0.00995	0.00597	0.00514	0.00153	0.00566	0.00465	0.02592	0.16958
11	0.21881	0.04154	0.28512	0.01362	0.05117	0.01388	0.03733	0.17792	0.03361	0.02343	0.01155	0.04719	0.00914	0.00619	0.00504	0.00176	0.00645	0.00476	0.00361	0.00786
12	0.00713	0.00536	0.00661	0.00706	0.00809	0.00484	0.00500	0.00873	0.01284	0.01703	0.25630	0.38067	0.22997	0.01493	0.00688	0.00203	0.00298	0.01320	0.00551	0.00484
13	0.01110	0.01075	0.01897	0.66443	0.07808	0.01274	0.09457	0.01493	0.01156	0.01499	0.01018	0.01496	0.00769	0.00550	0.00573	0.00187	0.00767	0.00518	0.00255	0.00654
14	0.01277	0.00786	0.04000	0.00876	0.01017	0.00731	0.00669	0.11562	0.01127	0.08500	0.01274	0.06307	0.01166	0.01586	0.01658	0.55593	0.00511	0.00562	0.00348	0.00449
15	0.06585	0.01141	0.04452	0.47594	0.10853	0.02729	0.03087	0.04418	0.01222	0.01684	0.03693	0.04205	0.03352	0.00648	0.00582	0.00185	0.02044	0.00560	0.00303	0.00664
16	0.03789	0.00955	0.01201	0.00979	0.01344	0.00911	0.00795	0.04000	0.14423	0.49142	0.07158	0.02216	0.01746	0.00758	0.00565	0.00177	0.00449	0.02835	0.05686	0.00870
17	0.04114	0.00894	0.01161	0.00942	0.01296	0.00811	0.00758	0.06213	0.01542	0.54764	0.02231	0.12788	0.01681	0.00837	0.00568	0.00178	0.00447	0.00698	0.07233	0.00845
18	0.01564	0.13741	0.20348	0.03796	0.02116	0.13225	0.14807	0.11773	0.01457	0.04596	0.01049	0.01241	0.00803	0.00582	0.00630	0.00171	0.06551	0.00462	0.00317	0.00775
19	0.00736	0.00545	0.00685	0.00754	0.00834	0.00513	0.00522	0.00927	0.04190	0.01622	0.16725	0.51807	0.12430	0.03995	0.00763	0.00223	0.00322	0.01382	0.00537	0.00487
20	0.00697	0.00558	0.00625	0.00648	0.00797	0.00486	0.00478	0.00854	0.01292	0.01623	0.16037	0.19590	0.49075	0.01452	0.00679	0.00198	0.00298	0.03596	0.00537	0.00482
21	0.22216	0.01017	0.01208	0.00951	0.01366	0.00973	0.00785	0.05713	0.01500	0.55807	0.01835	0.01649	0.01184	0.00654	0.00513	0.00174	0.00475	0.00500	0.00607	0.00874
22	0.01276	0.02012	0.36344	0.01349	0.01895	0.04643	0.02968	0.05423	0.25242	0.02059	0.06181	0.01788	0.03019	0.00676	0.00557	0.00180	0.00648	0.00550	0.02377	0.00813
23	0.00940	0.00566	0.00681	0.00709	0.00823	0.00542	0.00513	0.02924	0.01253	0.05145	0.12182	0.34806	0.05828	0.01231	0.00594	0.00185	0.00314	0.02673	0.27565	0.00525
24	0.04278	0.00931	0.01064	0.00890	0.01189	0.00946	0.00711	0.15124	0.10015	0.22076	0.11456	0.02241	0.03995	0.00763	0.00530	0.00165	0.00411	0.00620	0.21838	0.00760
25	0.01328	0.01518	0.03321	0.02372	0.02941	0.01423	0.74668	0.01803	0.01328	0.01803	0.01139	0.01518	0.00854	0.00474	0.00664	0.00190	0.00949	0.00664	0.00285	0.00759
26	0.02104	0.02641	0.01598	0.01444	0.01740	0.75121	0.01087	0.04954	0.01634	0.01458	0.00888	0.01027	0.00734	0.00583	0.00510	0.00146	0.01000	0.00368	0.00300	0.00664
27	0.01766	0.02127	0.01410	0.01305	0.01547	0.56549	0.00997	0.01940	0.01538	0.01529	0.11316	0.02037	0.01621	0.00777	0.00602	0.00165	0.03406	0.08391	0.00358	0.00620
28	0.01259	0.00956	0.01133	0.00842	0.01291	0.00753	0.00671	0.01548	0.03676	0.09004	0.07632	0.01637	0.03307	0.00543	0.00463	0.00106	0.00407	0.00446	0.00405	0.63923
29	0.01022	0.00895	0.07784	0.01088	0.06020	0.00789	0.02311	0.01247	0.02525	0.06776	0.01573	0.02469	0.01497	0.25955	0.34910	0.00603	0.00999	0.00643	0.00340	0.00555
30	0.01003	0.00572	0.00613	0.00591	0.00737	0.00561	0.00446	0.03564	0.01321	0.02136	0.17796	0.02755	0.07612	0.00816	0.00475	0.00146	0.00276	0.00675	0.57367	0.00536
31	0.01331	0.01510	0.03274	0.02420	0.06250	0.01419	0.71397	0.01799	0.01326	0.01804	0.01135	0.01512	0.00856	0.00476	0.00659	0.00189	0.00936	0.00657	0.00284	0.00765
32	0.01437	0.04495	0.29244	0.06175	0.04898	0.07961	0.09446	0.06509	0.01384	0.10126	0.04625	0.03350	0.01166	0.02595	0.00610	0.00182	0.00722	0.00534	0.03771	0.00769
33	0.01274	0.01052	0.01651	0.11044	0.07507	0.01175	0.10829	0.03985	0.04545	0.08111	0.09290	0.02517	0.01745	0.00959	0.02808	0.00223	0.17263	0.11230	0.02110	0.00681
34	0.01364	0.00736	0.00950	0.00858	0.01073	0.00686	0.00653	0.07049	0.01516	0.23816	0.25672	0.26196	0.04753	0.01173	0.00644	0.00191	0.00373	0.01027	0.00606	0.00664
35	0.00710	0.00530	0.00687	0.00777	0.00834	0.00507	0.00536	0.00828	0.01135	0.01510	0.09271	0.62949	0.11742	0.01651	0.00745	0.00221	0.02906	0.01471	0.00521	0.00470
36	0.13898	0.05669	0.25887	0.03184	0.05829	0.09993	0.05834	0.13292	0.01459	0.06952	0.01087	0.01225	0.00800	0.00571	0.00534	0.00171	0.02043	0.00435	0.00346	0.00792
37	0.05492	0.07845	0.05378	0.01207	0.04704	0.01138	0.07075	0.12918	0.04172	0.04154	0.02030	0.18658	0.06261	0.03004	0.00704	0.00199	0.04166	0.05319	0.04903	0.00673
38	0.47664	0.12751	0.04493	0.01184	0.08435	0.10917	0.02141	0.01773	0.01125	0.03917	0.00870	0.01016	0.00694	0.00526	0.00408	0.00163	0.00579	0.00347	0.00322	0.00677
39	0.04908	0.00694	0.00842	0.00789	0.00972	0.00655	0.00576	0.01474	0.04633	0.21225	0.05530	0.25319	0.09992	0.15148	0.01014	0.00256	0.00406	0.00982	0.03984	0.00601

[dist]
# distance from previous block
# <min> <max>
0	1

[block]
# block no. 8 follows, 42 sequences, length 8
# corresponding to MSA columns:
# 311-318
name=unknown_I
#
# <colnr> <probs for GDERKNQSTAVLIFYWHMCP>
#	G	D	E	R	K	N	Q	S	T	A	V	L	I	F	Y	W	H	M	C	P
0	0.00748	0.00543	0.00693	0.00782	0.00843	0.00521	0.00540	0.00917	0.03916	0.01515	0.08321	0.55495	0.06551	0.09813	0.00934	0.00257	0.00361	0.06267	0.00512	0.00472
1	0.01427	0.04031	0.04445	0.06407	0.07628	0.06873	0.13106	0.07159	0.01388	0.07192	0.04012	0.03465	0.01112	0.00562	0.00525	0.00143	0.00622	0.00503	0.00364	0.29035
2	0.01170	0.04012	0.01393	0.01470	0.17298	0.00982	0.04919	0.03568	0.12769	0.06245	0.14008	0.09268	0.18652	0.00962	0.00612	0.00182	0.00461	0.00848	0.00480	0.00701
3	0.00712	0.00512	0.00669	0.00785	0.00833	0.00480	0.00542	0.00822	0.01094	0.01444	0.03156	0.64748	0.07560	0.06239	0.00844	0.00247	0.00354	0.07991	0.00512	0.00457
4	0.00841	0.00572	0.00732	0.00803	0.00904	0.00535	0.00581	0.01026	0.03570	0.05913	0.07238	0.51257	0.13118	0.01571	0.00701	0.00220	0.00351	0.09019	0.00539	0.00513
5	0.01396	0.08149	0.19675	0.07639	0.12671	0.06682	0.15069	0.03962	0.03932	0.04660	0.01099	0.01333	0.00846	0.00556	0.00617	0.00171	0.05074	0.00483	0.00302	0.05684
6	0.00840	0.00701	0.00830	0.03503	0.03701	0.05021	0.00679	0.00994	0.01194	0.01523	0.05458	0.46053	0.13235	0.01513	0.00695	0.00218	0.00414	0.12430	0.00494	0.00503
7	0.01022	0.00651	0.00819	0.00832	0.00973	0.00627	0.00601	0.01336	0.09980	0.11490	0.12878	0.46334	0.07422	0.01406	0.00671	0.00208	0.00350	0.01252	0.00564	0.00584

[dist]
# distance from previous block
# <min> <max>
3	6

[block]
# block no. 9 follows, 42 sequences, length 40
# corresponding to MSA columns:
# 325-334,343-345,356-365,372-375,379-391
name=unknown_J
#
# <colnr> <probs for GDERKNQSTAVLIFYWHMCP>
#	G	D	E	R	K	N	Q	S	T	A	V	L	I	F	Y	W	H	M	C	P
0	0.04844	0.17382	0.15693	0.04739	0.01659	0.03308	0.01077	0.09463	0.04170	0.01880	0.04121	0.04329	0.01160	0.04478	0.00627	0.00167	0.02350	0.00481	0.00343	0.17729
1	0.01442	0.07468	0.06344	0.01266	0.03321	0.16982	0.05155	0.06095	0.17028	0.03851	0.01879	0.10738	0.04512	0.00850	0.00575	0.00178	0.00629	0.06831	0.00425	0.04430
2	0.01063	0.00687	0.00852	0.00774	0.00964	0.00661	0.00593	0.01471	0.10143	0.10381	0.52459	0.03647	0.07405	0.01041	0.00628	0.00176	0.00310	0.00904	0.05223	0.00616
3	0.01243	0.00992	0.01613	0.31671	0.16270	0.01067	0.05325	0.01604	0.04036	0.10021	0.11544	0.08927	0.01769	0.00755	0.00596	0.00185	0.00602	0.00690	0.00393	0.00701
4	0.01118	0.00787	0.01004	0.04476	0.01196	0.00773	0.03061	0.08043	0.05943	0.08945	0.35002	0.03596	0.17187	0.05447	0.00758	0.00201	0.00392	0.00893	0.00557	0.00621
5	0.01365	0.01307	0.02246	0.03159	0.64971	0.01322	0.06456	0.01696	0.01261	0.01827	0.01086	0.01427	0.00908	0.00528	0.00614	0.00170	0.04147	0.00513	0.04145	0.00853
6	0.02094	0.00965	0.01198	0.00948	0.01314	0.00916	0.00773	0.14981	0.01709	0.46403	0.05601	0.01963	0.01517	0.00707	0.00537	0.00165	0.00452	0.00570	0.16332	0.00855
7	0.00727	0.00542	0.00689	0.00777	0.00841	0.00519	0.00547	0.00840	0.01105	0.01444	0.03353	0.52918	0.15496	0.07701	0.00911	0.00250	0.02551	0.07827	0.00500	0.00461
8	0.01057	0.00826	0.01101	0.01013	0.01138	0.00979	0.00793	0.11749	0.01148	0.01622	0.01444	0.04246	0.01370	0.10237	0.46737	0.00651	0.12357	0.00621	0.00341	0.00568
9	0.02525	0.00958	0.01306	0.01001	0.01437	0.00827	0.00827	0.02743	0.01611	0.77102	0.02220	0.01915	0.01393	0.00697	0.00566	0.00174	0.00479	0.00566	0.00697	0.00958
10	0.00756	0.00576	0.00632	0.00630	0.00803	0.00494	0.00468	0.00913	0.01313	0.04505	0.14774	0.13778	0.55573	0.01400	0.00667	0.00192	0.00295	0.01189	0.00542	0.00499
11	0.02139	0.01576	0.01689	0.01295	0.01745	0.01745	0.01070	0.74835	0.02646	0.03547	0.01351	0.01351	0.00957	0.00676	0.00563	0.00169	0.00619	0.00507	0.00563	0.00957
12	0.01302	0.00726	0.00782	0.02796	0.00957	0.00752	0.00555	0.12888	0.01432	0.06482	0.01759	0.01955	0.01345	0.00659	0.00434	0.00141	0.00343	0.00523	0.63551	0.00619
13	0.00747	0.00569	0.00698	0.00780	0.00884	0.00535	0.00572	0.00951	0.04672	0.01540	0.03760	0.44659	0.23568	0.01592	0.00706	0.00221	0.00350	0.12182	0.00524	0.00492
14	0.01110	0.00690	0.00849	0.00768	0.00977	0.00641	0.00589	0.01449	0.07798	0.14780	0.40422	0.06032	0.19447	0.01116	0.00641	0.00182	0.00323	0.00961	0.00605	0.00620
15	0.11219	0.01011	0.01583	0.69325	0.03535	0.01252	0.01446	0.01464	0.01105	0.01571	0.00974	0.01429	0.00733	0.00558	0.00536	0.00186	0.00712	0.00476	0.00262	0.00623
16	0.08033	0.16605	0.27464	0.01383	0.01902	0.10241	0.05910	0.07029	0.01308	0.05495	0.00998	0.01166	0.00770	0.00590	0.00632	0.00170	0.08822	0.00417	0.00302	0.00762
17	0.01487	0.03561	0.01593	0.01300	0.01551	0.24439	0.11805	0.08415	0.01366	0.01686	0.01243	0.02668	0.01101	0.09936	0.07985	0.00277	0.08187	0.00539	0.10231	0.00628
18	0.01372	0.11750	0.30572	0.02756	0.05136	0.04322	0.04798	0.04789	0.04230	0.06063	0.01115	0.01255	0.00843	0.00525	0.00499	0.00150	0.00675	0.00420	0.00317	0.18415
19	0.04730	0.04866	0.15294	0.08917	0.03930	0.04974	0.01109	0.01778	0.01269	0.15855	0.02354	0.01520	0.03744	0.00583	0.00529	0.00148	0.02344	0.00456	0.00377	0.25222
20	0.38932	0.01047	0.01077	0.00881	0.01259	0.01090	0.00724	0.09092	0.01390	0.31714	0.01469	0.01425	0.01004	0.00614	0.00457	0.00171	0.00459	0.00441	0.05981	0.00773
21	0.00842	0.00797	0.05828	0.03985	0.01278	0.00679	0.09173	0.01054	0.01121	0.01551	0.02566	0.45553	0.06749	0.01583	0.07119	0.00265	0.00537	0.01177	0.07610	0.00532
22	0.01505	0.07916	0.03201	0.08144	0.17712	0.02964	0.14026	0.03855	0.02208	0.14787	0.01459	0.08603	0.01220	0.00697	0.00654	0.00179	0.05835	0.00621	0.03649	0.00767
23	0.01427	0.08073	0.21345	0.06508	0.05333	0.03753	0.14995	0.05055	0.03457	0.12115	0.04294	0.08419	0.01323	0.00687	0.00574	0.00178	0.00694	0.00618	0.00377	0.00773
24	0.00798	0.00537	0.00620	0.00640	0.00645	0.00532	0.00369	0.00813	0.00859	0.01145	0.01979	0.15485	0.02306	0.68066	0.02532	0.00496	0.00512	0.00939	0.00369	0.00359
25	0.02822	0.04669	0.02722	0.01050	0.08723	0.00800	0.00724	0.04031	0.05851	0.03883	0.10258	0.22009	0.27898	0.01211	0.00630	0.00191	0.00391	0.01044	0.00492	0.00599
26	0.05580	0.12453	0.10507	0.10669	0.14376	0.05490	0.10272	0.08472	0.01394	0.10692	0.01225	0.01405	0.02079	0.00576	0.00561	0.00169	0.02457	0.00486	0.00348	0.00789
27	0.01037	0.00963	0.03148	0.01349	0.05581	0.01005	0.12539	0.01271	0.02323	0.03655	0.02297	0.24221	0.11112	0.01270	0.03982	0.00241	0.18048	0.03346	0.02011	0.00601
28	0.18075	0.35766	0.05617	0.01356	0.08067	0.13385	0.07335	0.01783	0.01205	0.01678	0.00860	0.01030	0.00726	0.00508	0.00431	0.00147	0.00677	0.00365	0.00277	0.00712
29	0.84197	0.01088	0.00827	0.00740	0.01088	0.01262	0.00609	0.01654	0.00958	0.02525	0.00784	0.00914	0.00609	0.00522	0.00348	0.00174	0.00435	0.00305	0.00348	0.00609
30	0.00814	0.00557	0.00672	0.00695	0.00743	0.00561	0.00459	0.00912	0.01017	0.01431	0.08157	0.23643	0.06071	0.34222	0.05055	0.00374	0.03028	0.01003	0.10156	0.00431
31	0.01750	0.01867	0.17057	0.05315	0.12170	0.07305	0.04293	0.38466	0.01966	0.02630	0.01182	0.01312	0.00868	0.00603	0.00556	0.00170	0.00718	0.00483	0.00413	0.00877
32	0.01051	0.00775	0.00850	0.00790	0.00963	0.04419	0.00595	0.06115	0.04985	0.04956	0.36320	0.09682	0.10312	0.03735	0.02679	0.00207	0.00389	0.00909	0.09690	0.00579
33	0.00716	0.00528	0.00666	0.00751	0.00829	0.00486	0.00530	0.00847	0.01172	0.01537	0.10489	0.49872	0.17265	0.04724	0.00793	0.00232	0.00337	0.07235	0.00524	0.00468
34	0.01074	0.00786	0.00939	0.01032	0.04731	0.04948	0.00748	0.04101	0.01302	0.08380	0.02968	0.35363	0.10501	0.01410	0.00688	0.00217	0.00451	0.19275	0.00514	0.00571
35	0.10394	0.01374	0.08298	0.37267	0.05490	0.07474	0.04797	0.04456	0.01206	0.01708	0.00991	0.01353	0.00772	0.00691	0.03126	0.00202	0.05121	0.00463	0.00283	0.04534
36	0.11119	0.00876	0.01028	0.00880	0.01185	0.00851	0.00693	0.04077	0.08935	0.31581	0.02073	0.14963	0.01698	0.00844	0.00535	0.00174	0.00414	0.00699	0.12590	0.04783
37	0.00782	0.00569	0.00757	0.00873	0.00966	0.00544	0.00684	0.00957	0.01198	0.01556	0.03334	0.38795	0.11531	0.01633	0.00739	0.00238	0.00408	0.33429	0.00521	0.00486
38	0.01348	0.01472	0.02736	0.02301	0.14270	0.05641	0.47432	0.01794	0.04788	0.01765	0.01236	0.05287	0.01025	0.00592	0.00710	0.00189	0.05695	0.00655	0.00307	0.00757
39	0.05361	0.01481	0.01638	0.05193	0.04569	0.05278	0.03855	0.40422	0.14631	0.02874	0.02409	0.01612	0.01174	0.00714	0.00606	0.00186	0.02376	0.00546	0.04187	0.00888

[dist]
# distance from previous block
# <min> <max>
0	1

[block]
# block no. 10 follows, 42 sequences, length 25
# corresponding to MSA columns:
# 395-415,422-425
name=unknown_K
#
# <colnr> <probs for GDERKNQSTAVLIFYWHMCP>
#	G	D	E	R	K	N	Q	S	T	A	V	L	I	F	Y	W	H	M	C	P
0	0.09016	0.29877	0.07453	0.02307	0.01729	0.07741	0.09971	0.07868	0.05330	0.01813	0.01085	0.01378	0.00917	0.00589	0.00524	0.00157	0.03368	0.03553	0.00321	0.05004
1	0.01297	0.10774	0.07389	0.01081	0.01395	0.15186	0.04256	0.07106	0.05379	0.01992	0.31192	0.02603	0.06391	0.00845	0.00577	0.00166	0.00556	0.00699	0.00457	0.00658
2	0.03101	0.06128	0.43693	0.01482	0.02110	0.01251	0.11739	0.01708	0.05210	0.01774	0.02711	0.01633	0.05443	0.00833	0.05541	0.00221	0.00792	0.00519	0.00296	0.03814
3	0.01417	0.01357	0.02087	0.12419	0.56438	0.05456	0.01603	0.06068	0.01361	0.01861	0.01129	0.01566	0.00955	0.00562	0.00564	0.00172	0.00689	0.03159	0.00301	0.00836
4	0.00843	0.00569	0.00730	0.00797	0.00891	0.00535	0.00563	0.01037	0.04416	0.06088	0.09871	0.56320	0.09556	0.01566	0.00696	0.00217	0.00339	0.03908	0.00544	0.00516
5	0.01228	0.01229	0.01972	0.29368	0.25587	0.06132	0.11804	0.01568	0.01247	0.01642	0.04676	0.01738	0.03703	0.00787	0.04754	0.00217	0.00773	0.00568	0.00296	0.00712
6	0.00966	0.00798	0.00924	0.00940	0.04309	0.00815	0.00678	0.01592	0.24186	0.01971	0.21492	0.09687	0.24294	0.01146	0.00640	0.00192	0.00359	0.03826	0.00551	0.00635
7	0.01373	0.01317	0.02249	0.07961	0.72359	0.01332	0.01717	0.01710	0.01272	0.01815	0.01055	0.01399	0.00883	0.00505	0.00557	0.00168	0.00673	0.00501	0.00277	0.00876
8	0.02185	0.01223	0.01433	0.01119	0.01540	0.01248	0.00918	0.32928	0.08619	0.36439	0.02007	0.01841	0.04376	0.00724	0.00569	0.00174	0.00527	0.00573	0.00622	0.00931
9	0.02149	0.01058	0.01308	0.01048	0.01437	0.01032	0.00858	0.16685	0.09124	0.46517	0.02101	0.04279	0.01494	0.00767	0.00573	0.00178	0.00491	0.03904	0.04098	0.00898
10	0.00818	0.00546	0.00614	0.00614	0.00614	0.00546	0.00341	0.00818	0.00818	0.01091	0.01773	0.03683	0.02046	0.80222	0.02864	0.00546	0.00546	0.00818	0.00341	0.00341
11	0.00723	0.00514	0.00683	0.00805	0.00849	0.00488	0.00561	0.00836	0.01089	0.01446	0.03000	0.65395	0.03551	0.06794	0.00864	0.00253	0.00366	0.10815	0.00510	0.00458
12	0.00742	0.00568	0.00690	0.00769	0.00868	0.00536	0.00549	0.00959	0.05957	0.01535	0.03717	0.50228	0.22483	0.01596	0.00699	0.00218	0.00337	0.06527	0.00525	0.00494
13	0.01456	0.01222	0.01673	0.17734	0.02160	0.05991	0.12725	0.14580	0.10169	0.07461	0.04865	0.05964	0.01526	0.01937	0.00635	0.00192	0.00647	0.06032	0.02297	0.00734
14	0.05448	0.01504	0.01390	0.01245	0.04449	0.22007	0.00944	0.17088	0.01648	0.15551	0.06189	0.01654	0.01298	0.01149	0.10808	0.00263	0.03699	0.00515	0.02406	0.00746
15	0.00706	0.00522	0.00647	0.00738	0.00809	0.00480	0.00510	0.00815	0.01114	0.01441	0.03551	0.52816	0.19414	0.08184	0.00888	0.00248	0.00347	0.05806	0.00507	0.00455
16	0.01134	0.00659	0.00728	0.00707	0.00870	0.00665	0.00529	0.04795	0.08235	0.06859	0.02290	0.19304	0.04462	0.00939	0.00510	0.00165	0.00325	0.00796	0.45438	0.00590
17	0.03630	0.03322	0.03151	0.01306	0.04929	0.20767	0.02625	0.16244	0.07858	0.02039	0.06939	0.09457	0.05792	0.00861	0.00672	0.00180	0.06649	0.02443	0.00428	0.00707
18	0.06217	0.07210	0.13387	0.02833	0.06604	0.02628	0.06630	0.20603	0.07167	0.07938	0.01599	0.01822	0.05120	0.00722	0.00613	0.02043	0.01976	0.03666	0.00423	0.00800
19	0.01302	0.15647	0.10890	0.03967	0.05931	0.06866	0.08793	0.03702	0.04105	0.01555	0.01092	0.01529	0.00967	0.07363	0.08441	0.00279	0.16101	0.00501	0.00288	0.00681
20	0.05101	0.01159	0.03827	0.01080	0.05463	0.03144	0.00839	0.08904	0.01421	0.14378	0.05732	0.01487	0.01191	0.00550	0.00482	0.00126	0.00483	0.00441	0.00426	0.43768
21	0.04745	0.14029	0.22628	0.01316	0.04703	0.04695	0.02316	0.11624	0.03937	0.06742	0.04974	0.01792	0.02604	0.00679	0.00557	0.00169	0.02395	0.05143	0.00378	0.04574
22	0.01141	0.03815	0.01165	0.00964	0.01153	0.03914	0.05010	0.01324	0.01281	0.10602	0.17208	0.08290	0.19083	0.07971	0.00998	0.00225	0.11404	0.03394	0.00474	0.00585
23	0.04588	0.01234	0.02049	0.18150	0.56687	0.01287	0.01605	0.01635	0.01238	0.01776	0.01197	0.01534	0.03470	0.00546	0.00554	0.00172	0.00662	0.00517	0.00284	0.00813
24	0.09166	0.53104	0.09745	0.01114	0.04271	0.03599	0.01054	0.04745	0.01214	0.02923	0.00958	0.04128	0.00858	0.00556	0.00413	0.00141	0.00608	0.00386	0.00286	0.00730

[dist]
# distance from previous block
# <min> <max>
0	24

[block]
# block no. 11 follows, 42 sequences, length 13
# corresponding to MSA columns:
# 450,467-478
name=unknown_L
#
# <colnr> <probs for GDERKNQSTAVLIFYWHMCP>
#	G	D	E	R	K	N	Q	S	T	A	V	L	I	F	Y	W	H	M	C	P
0	0.01011	0.00873	0.00873	0.00822	0.00979	0.10564	0.02718	0.01195	0.01295	0.01731	0.18335	0.09992	0.18844	0.02626	0.03937	0.03219	0.02805	0.00859	0.16800	0.00521
1	0.01548	0.09669	0.05754	0.03169	0.16944	0.07716	0.05871	0.22192	0.01602	0.02108	0.01279	0.07065	0.01142	0.06399	0.00786	0.00199	0.04836	0.00578	0.00374	0.00771
2	0.00963	0.00869	0.05823	0.01046	0.01254	0.00760	0.04753	0.06418	0.03014	0.01793	0.05701	0.22006	0.10432	0.01372	0.00707	0.00225	0.00489	0.31305	0.00498	0.00573
3	0.41435	0.05215	0.06050	0.01054	0.01437	0.23510	0.00892	0.07055	0.01296	0.02131	0.00874	0.01004	0.00691	0.00544	0.00425	0.00159	0.00648	0.00344	0.00334	0.04901
4	0.00966	0.00622	0.00817	0.00825	0.00967	0.00600	0.00647	0.01146	0.01237	0.08655	0.14018	0.09747	0.14805	0.08736	0.12137	0.02753	0.00570	0.19731	0.00496	0.00524
5	0.00857	0.00593	0.00731	0.00703	0.00855	0.00537	0.00529	0.01065	0.01430	0.05849	0.42855	0.07070	0.23087	0.06233	0.00806	0.00210	0.00316	0.05178	0.00572	0.00524
6	0.01264	0.06385	0.26240	0.05608	0.08801	0.04684	0.11975	0.01710	0.03261	0.01730	0.01030	0.01269	0.00806	0.00532	0.00599	0.00159	0.05325	0.00448	0.00281	0.17892
7	0.01188	0.05917	0.08215	0.08844	0.02214	0.05106	0.30990	0.01618	0.05119	0.01766	0.11682	0.07629	0.05681	0.00742	0.00618	0.00183	0.00707	0.00734	0.00365	0.00684
8	0.00697	0.00514	0.00646	0.00732	0.00801	0.00470	0.00500	0.00815	0.01153	0.01515	0.10295	0.56840	0.16864	0.04396	0.00779	0.00228	0.00321	0.01445	0.00525	0.00463
9	0.01212	0.00712	0.00890	0.00805	0.01018	0.00666	0.00620	0.01548	0.08039	0.18558	0.34471	0.07598	0.13706	0.04081	0.00724	0.00199	0.00354	0.03561	0.00600	0.00638
10	0.08869	0.05729	0.10235	0.01236	0.01683	0.06815	0.05275	0.19095	0.11038	0.19270	0.01562	0.04183	0.01154	0.00671	0.00540	0.00173	0.00610	0.00534	0.00485	0.00842
11	0.00967	0.00761	0.00946	0.00918	0.01073	0.05460	0.05683	0.01128	0.01247	0.07062	0.07643	0.41638	0.17078	0.01411	0.00680	0.00208	0.00421	0.04629	0.00510	0.00538
12	0.00708	0.00546	0.00676	0.03392	0.00907	0.00501	0.00528	0.00855	0.01222	0.01585	0.14685	0.41646	0.27666	0.01521	0.00687	0.00207	0.00319	0.01341	0.00527	0.00480

[dist]
# distance from previous block
# <min> <max>
3	16

[block]
# block no. 12 follows, 42 sequences, length 17
# corresponding to MSA columns:
# 495-511
name=unknown_M
#
# <colnr> <probs for GDERKNQSTAVLIFYWHMCP>
#	G	D	E	R	K	N	Q	S	T	A	V	L	I	F	Y	W	H	M	C	P
0	0.01517	0.07612	0.08486	0.03966	0.01648	0.04584	0.03442	0.07883	0.19458	0.12248	0.01766	0.03523	0.04892	0.00679	0.00552	0.00161	0.01769	0.00549	0.00449	0.14817
1	0.01329	0.01152	0.06720	0.01305	0.10098	0.01083	0.03365	0.18604	0.08478	0.03895	0.07847	0.05432	0.01793	0.22233	0.01196	0.00276	0.00558	0.00689	0.03256	0.00691
2	0.01216	0.03337	0.01566	0.01379	0.04947	0.01359	0.04635	0.06822	0.01100	0.03295	0.01371	0.15821	0.01434	0.07491	0.01436	0.00250	0.40853	0.00727	0.00342	0.00621
3	0.07134	0.02779	0.71778	0.01542	0.02338	0.01304	0.01973	0.01773	0.01171	0.01836	0.00994	0.01168	0.00705	0.00534	0.00521	0.00178	0.00803	0.00408	0.00246	0.00816
4	0.01317	0.04925	0.01704	0.01361	0.01498	0.01498	0.06463	0.01640	0.09698	0.06896	0.01163	0.01604	0.01029	0.06735	0.04577	0.00273	0.46085	0.00546	0.00328	0.00663
5	0.01121	0.00690	0.00852	0.00804	0.00986	0.00661	0.00609	0.04285	0.06448	0.12506	0.27334	0.20796	0.09209	0.01176	0.00634	0.00189	0.00345	0.03413	0.07332	0.00610
6	0.04714	0.00580	0.00712	0.00792	0.00885	0.00564	0.00567	0.00988	0.04696	0.01633	0.09739	0.52734	0.10397	0.01553	0.00689	0.00218	0.00343	0.07172	0.00525	0.00498
