[name]
unknown

[dist]
# distance from previous block
# <min> <max>
0	291

[block]
# block no. 0 follows, 41 sequences, length 7
# corresponding to MSA columns:
# 332-338
name=unknown_A
#
# <colnr> <probs for GDERKNQSTAVLIFYWHMCP>
#	G	D	E	R	K	N	Q	S	T	A	V	L	I	F	Y	W	H	M	C	P
0	0.01269	0.03780	0.08064	0.02929	0.01281	0.00765	0.00860	0.01461	0.01242	0.17892	0.04660	0.21911	0.02376	0.04137	0.02478	0.08199	0.00519	0.15072	0.00489	0.00616
1	0.01330	0.01485	0.14206	0.06231	0.40296	0.01217	0.07130	0.01702	0.01277	0.05752	0.01371	0.04077	0.01205	0.03921	0.00690	0.00200	0.00695	0.06077	0.00326	0.00812
2	0.17295	0.01223	0.03570	0.13700	0.24176	0.01231	0.14206	0.01672	0.01246	0.05300	0.03670	0.01841	0.04652	0.00631	0.00562	0.00184	0.00655	0.03100	0.00343	0.00742
3	0.09064	0.03486	0.27241	0.05031	0.01981	0.01178	0.11308	0.07175	0.01353	0.07040	0.02009	0.05984	0.13191	0.00767	0.00576	0.00185	0.00657	0.00654	0.00378	0.00742
4	0.01325	0.01207	0.02103	0.10057	0.44556	0.01207	0.10750	0.01671	0.01359	0.05071	0.13296	0.01929	0.01638	0.00628	0.00599	0.00177	0.00649	0.00619	0.00355	0.00806
5	0.14877	0.07400	0.01691	0.26385	0.13299	0.05075	0.01228	0.07447	0.01337	0.08456	0.03878	0.01457	0.01002	0.00609	0.00569	0.00177	0.03544	0.00479	0.00354	0.00734
6	0.01417	0.01338	0.02155	0.03130	0.64183	0.01369	0.01617	0.01964	0.13312	0.01954	0.01279	0.01532	0.01042	0.00553	0.00569	0.00174	0.00643	0.00532	0.00332	0.00906

[dist]
# distance from previous block
# <min> <max>
0	1

[block]
# block no. 1 follows, 41 sequences, length 6
# corresponding to MSA columns:
# 340-345
name=unknown_B
#
# <colnr> <probs for GDERKNQSTAVLIFYWHMCP>
#	G	D	E	R	K	N	Q	S	T	A	V	L	I	F	Y	W	H	M	C	P
0	0.01284	0.01852	0.32636	0.05517	0.13670	0.01165	0.11050	0.01739	0.01299	0.08993	0.06899	0.08468	0.01453	0.00703	0.00595	0.00185	0.00709	0.00639	0.00354	0.00791
1	0.01414	0.01401	0.07197	0.13053	0.57974	0.01318	0.01709	0.01775	0.01293	0.05755	0.01127	0.01444	0.00902	0.00530	0.00566	0.00174	0.00691	0.00507	0.00299	0.00870
2	0.01075	0.00953	0.01524	0.13902	0.31851	0.00977	0.01234	0.01340	0.01231	0.01665	0.02157	0.20919	0.07259	0.01033	0.00644	0.00202	0.00562	0.10406	0.00388	0.00679
3	0.01649	0.04712	0.20702	0.06741	0.17160	0.01201	0.09103	0.02037	0.01362	0.24548	0.01490	0.04315	0.01099	0.00624	0.00573	0.00179	0.00682	0.00557	0.00408	0.00857
4	0.01364	0.04137	0.11760	0.09377	0.03650	0.02902	0.01003	0.01629	0.01323	0.20419	0.07282	0.23791	0.06920	0.01035	0.00617	0.00193	0.00520	0.00895	0.00488	0.00697
5	0.01241	0.01344	0.07943	0.36752	0.33257	0.01323	0.06671	0.01634	0.01227	0.01680	0.01051	0.01457	0.00825	0.00538	0.00574	0.00182	0.00749	0.00514	0.00267	0.00771

[dist]
# distance from previous block
# <min> <max>
4	11

[block]
# block no. 2 follows, 41 sequences, length 23
# corresponding to MSA columns:
# 357-379
name=unknown_C
#
# <colnr> <probs for GDERKNQSTAVLIFYWHMCP>
#	G	D	E	R	K	N	Q	S	T	A	V	L	I	F	Y	W	H	M	C	P
0	0.06711	0.33209	0.08721	0.06207	0.14600	0.01683	0.10143	0.03925	0.01256	0.03714	0.01073	0.04405	0.00924	0.00569	0.00491	0.00159	0.00670	0.00475	0.00298	0.00767
1	0.01578	0.08712	0.22857	0.03400	0.23076	0.07382	0.05526	0.07437	0.03044	0.09837	0.01201	0.01363	0.00900	0.00563	0.00547	0.00170	0.00735	0.00476	0.00342	0.00855
2	0.36629	0.06099	0.01224	0.00897	0.01308	0.01114	0.00750	0.02199	0.01310	0.37705	0.01499	0.01423	0.01015	0.00608	0.00463	0.00170	0.00474	0.00437	0.00515	0.04164
3	0.14313	0.01115	0.06706	0.00906	0.01341	0.00893	0.00781	0.01653	0.05080	0.09017	0.10119	0.03933	0.01527	0.00623	0.00483	0.00136	0.00444	0.00499	0.00421	0.40010
4	0.01276	0.01041	0.01308	0.00938	0.01446	0.00802	0.04495	0.01540	0.01221	0.06282	0.01097	0.01249	0.00882	0.00443	0.00446	0.00096	0.00455	0.00370	0.00358	0.74253
5	0.01508	0.01265	0.02108	0.03046	0.62909	0.01247	0.01573	0.01830	0.01361	0.10452	0.06040	0.01660	0.01254	0.00575	0.00574	0.00171	0.00631	0.00551	0.00354	0.00890
6	0.03544	0.04785	0.07018	0.04248	0.17365	0.11614	0.16235	0.01964	0.04388	0.10478	0.01224	0.01407	0.00931	0.00541	0.00550	0.00161	0.00725	0.00496	0.00352	0.11974
7	0.00895	0.00738	0.02224	0.03936	0.01113	0.00651	0.00649	0.01213	0.04494	0.02067	0.44932	0.03822	0.13521	0.01063	0.00632	0.00172	0.00345	0.04141	0.00545	0.12849
8	0.14901	0.01055	0.01228	0.00902	0.01388	0.00880	0.04000	0.01498	0.01158	0.01979	0.00987	0.01160	0.00810	0.00444	0.00423	0.00105	0.00451	0.00349	0.00339	0.65942
9	0.01325	0.01295	0.02029	0.05418	0.38179	0.01542	0.01511	0.01565	0.01095	0.01620	0.00920	0.01342	0.00827	0.00744	0.01187	0.00209	0.37657	0.00505	0.00266	0.00763
10	0.01423	0.01229	0.01293	0.01164	0.01487	0.01423	0.00905	0.03039	0.75297	0.02393	0.02328	0.02134	0.01746	0.00776	0.00582	0.00194	0.00453	0.00647	0.00582	0.00905
11	0.00681	0.00559	0.00600	0.00633	0.00787	0.00478	0.00459	0.00815	0.01252	0.01524	0.05138	0.23888	0.58138	0.01534	0.00689	0.00203	0.00300	0.01311	0.00531	0.00478
12	0.01203	0.14243	0.66139	0.01535	0.02329	0.01465	0.01948	0.01797	0.01201	0.01743	0.00993	0.01165	0.00726	0.00536	0.00518	0.00173	0.00811	0.00406	0.00242	0.00829
13	0.02113	0.02075	0.01650	0.01376	0.01754	0.35125	0.01084	0.38460	0.06506	0.02563	0.01214	0.01268	0.00915	0.00649	0.00548	0.00162	0.00796	0.00458	0.00451	0.00832
14	0.00952	0.00842	0.01440	0.06244	0.01629	0.00830	0.17784	0.01270	0.05230	0.01642	0.02486	0.39324	0.02715	0.01317	0.00710	0.00224	0.00547	0.13773	0.00459	0.00582
15	0.01080	0.01017	0.01716	0.78523	0.03940	0.01271	0.01589	0.01461	0.01144	0.01461	0.01017	0.01525	0.00762	0.00572	0.00572	0.00191	0.00762	0.00508	0.00254	0.00635
16	0.00968	0.01774	0.39087	0.01177	0.01666	0.00930	0.01327	0.01421	0.01369	0.01974	0.31329	0.07219	0.05617	0.00902	0.00612	0.00184	0.00564	0.00768	0.00425	0.00687
17	0.01246	0.01154	0.01947	0.02692	0.51204	0.01169	0.04200	0.01548	0.01196	0.01717	0.01206	0.01671	0.01058	0.03155	0.19742	0.00363	0.00892	0.00544	0.00292	0.03004
18	0.01505	0.75263	0.07761	0.01021	0.01533	0.02203	0.01052	0.01719	0.01165	0.01376	0.00810	0.00936	0.00733	0.00493	0.00378	0.00126	0.00627	0.00313	0.00244	0.00741
19	0.01212	0.09264	0.52748	0.01676	0.02387	0.01433	0.13884	0.01767	0.01219	0.01763	0.02707	0.01310	0.00856	0.00566	0.00622	0.00182	0.04868	0.00472	0.00259	0.00805
20	0.01423	0.01229	0.01293	0.01164	0.01487	0.01423	0.00905	0.03039	0.75297	0.02393	0.02328	0.02134	0.01746	0.00776	0.00582	0.00194	0.00453	0.00647	0.00582	0.00905
21	0.01221	0.01010	0.03367	0.01077	0.01330	0.01045	0.00893	0.05023	0.33584	0.03888	0.07831	0.03804	0.03735	0.04656	0.00764	0.00231	0.00486	0.24785	0.00548	0.00722
22	0.00794	0.00589	0.00746	0.00717	0.00860	0.00532	0.00531	0.01028	0.01503	0.02090	0.56331	0.13451	0.13299	0.01251	0.00673	0.00184	0.00285	0.01102	0.00596	0.03439

[dist]
# distance from previous block
# <min> <max>
0	5

[block]
# block no. 3 follows, 41 sequences, length 37
# corresponding to MSA columns:
# 387-423
name=unknown_D
#
# <colnr> <probs for GDERKNQSTAVLIFYWHMCP>
#	G	D	E	R	K	N	Q	S	T	A	V	L	I	F	Y	W	H	M	C	P
0	0.01515	0.50512	0.10554	0.01134	0.01629	0.08414	0.02894	0.04162	0.05363	0.01593	0.02932	0.01157	0.00928	0.00540	0.00436	0.00138	0.00655	0.00379	0.00294	0.04769
1	0.01323	0.07691	0.23516	0.01195	0.01754	0.01168	0.03544	0.08673	0.03875	0.04854	0.01482	0.01745	0.04933	0.00624	0.00519	0.00149	0.00600	0.03958	0.00366	0.28033
2	0.02749	0.21340	0.31626	0.01487	0.04575	0.11108	0.06301	0.04217	0.02694	0.05103	0.01106	0.03252	0.00881	0.00580	0.00512	0.00164	0.00764	0.00451	0.00301	0.00790
3	0.01742	0.41584	0.02512	0.01331	0.01755	0.31098	0.09309	0.01946	0.01360	0.01422	0.00870	0.01032	0.00750	0.00527	0.00459	0.00140	0.00813	0.00372	0.00269	0.00711
4	0.01228	0.02508	0.60433	0.01513	0.02236	0.01225	0.03545	0.01843	0.03749	0.07293	0.03149	0.06311	0.01121	0.00656	0.00565	0.00185	0.00762	0.00538	0.00316	0.00823
5	0.01111	0.02728	0.69631	0.01545	0.02319	0.01250	0.01962	0.01732	0.01231	0.01831	0.05920	0.03871	0.01122	0.00623	0.00558	0.00183	0.00792	0.00500	0.00276	0.00814
6	0.00857	0.00589	0.00739	0.00717	0.00859	0.00533	0.00528	0.01067	0.01459	0.05717	0.46179	0.15608	0.17946	0.03699	0.00747	0.00201	0.00302	0.01126	0.00592	0.00534
7	0.01586	0.01103	0.04161	0.14490	0.12251	0.03166	0.06508	0.01887	0.02437	0.25811	0.03368	0.12123	0.04479	0.00840	0.00611	0.00190	0.00592	0.03151	0.00475	0.00770
8	0.01139	0.01015	0.01389	0.03649	0.15680	0.06717	0.06665	0.01390	0.03596	0.03642	0.09353	0.15108	0.03600	0.14041	0.08120	0.00317	0.02733	0.00831	0.00397	0.00619
9	0.01460	0.66146	0.16483	0.01098	0.01652	0.02093	0.01186	0.01731	0.01171	0.01431	0.00837	0.00970	0.00732	0.00499	0.00399	0.00133	0.00654	0.00327	0.00244	0.00754
10	0.00994	0.01689	0.35109	0.01208	0.01632	0.00972	0.01295	0.01438	0.05032	0.01677	0.01972	0.22525	0.03508	0.07147	0.00840	0.00231	0.03309	0.05855	0.02903	0.00663
11	0.11468	0.08879	0.26461	0.01311	0.01866	0.01274	0.06764	0.06679	0.01395	0.20082	0.01467	0.01779	0.01111	0.00664	0.00544	0.00181	0.00659	0.06185	0.00416	0.00817
12	0.01395	0.01301	0.01515	0.05861	0.01701	0.11528	0.08611	0.03805	0.23315	0.05478	0.01985	0.13852	0.04166	0.00929	0.00764	0.00200	0.09689	0.02732	0.00450	0.00723
13	0.01529	0.80242	0.02997	0.00979	0.01468	0.02263	0.00979	0.01713	0.01162	0.01346	0.00795	0.00918	0.00734	0.00489	0.00367	0.00122	0.00612	0.00306	0.00245	0.00734
14	0.01176	0.08745	0.71399	0.01582	0.02400	0.01398	0.02028	0.01804	0.01204	0.01777	0.01009	0.01186	0.00725	0.00539	0.00530	0.00177	0.00828	0.00414	0.00242	0.00837
15	0.00833	0.00571	0.00700	0.00752	0.00788	0.00566	0.00511	0.00910	0.00986	0.01305	0.02295	0.15707	0.02622	0.49645	0.02082	0.00437	0.00515	0.17953	0.00417	0.00407
16	0.02351	0.01367	0.01536	0.01188	0.01631	0.04723	0.00976	0.38674	0.02164	0.36722	0.01753	0.01619	0.01164	0.00692	0.00571	0.00173	0.00582	0.00536	0.00622	0.00959
17	0.04467	0.04012	0.08861	0.01188	0.01658	0.01406	0.01049	0.32366	0.12276	0.11838	0.01502	0.01504	0.01088	0.00737	0.02561	0.00183	0.00598	0.00498	0.00503	0.11705
18	0.00827	0.00623	0.00923	0.00918	0.01013	0.00729	0.00709	0.01020	0.00914	0.01319	0.01529	0.02296	0.01446	0.07702	0.72643	0.00889	0.03068	0.00621	0.00307	0.00505
19	0.00828	0.00571	0.00710	0.00710	0.00739	0.00601	0.00454	0.00887	0.00857	0.01173	0.01724	0.03309	0.01891	0.57944	0.24607	0.00660	0.00838	0.00768	0.00335	0.00394
20	0.01651	0.03854	0.11273	0.07531	0.21795	0.28329	0.07739	0.05824	0.03419	0.01758	0.01047	0.01278	0.00832	0.00560	0.00552	0.00166	0.00845	0.00462	0.00303	0.00782
21	0.05618	0.01306	0.02006	0.38417	0.16228	0.07229	0.11699	0.01634	0.01208	0.01633	0.01004	0.01417	0.00793	0.00581	0.00672	0.00188	0.06882	0.00510	0.00272	0.00703
22	0.01589	0.05911	0.19963	0.01627	0.06949	0.01366	0.14354	0.15479	0.06967	0.12073	0.01514	0.07003	0.01191	0.00681	0.00585	0.00182	0.00690	0.00606	0.00422	0.00848
23	0.01155	0.00943	0.01223	0.01093	0.01325	0.01058	0.04649	0.08162	0.24912	0.01957	0.06353	0.02275	0.02963	0.02413	0.36225	0.00527	0.00980	0.00654	0.00440	0.00692
24	0.01336	0.02109	0.37136	0.03466	0.03759	0.06687	0.01503	0.09868	0.14119	0.02111	0.09024	0.03500	0.01482	0.00695	0.00570	0.00181	0.00691	0.00562	0.00387	0.00812
25	0.01186	0.01017	0.01186	0.00847	0.01356	0.00762	0.00678	0.01440	0.01186	0.01864	0.01017	0.01186	0.00847	0.00424	0.00424	0.00085	0.00424	0.00339	0.00339	0.83395
26	0.01412	0.01369	0.02377	0.03453	0.72452	0.01364	0.05589	0.01759	0.01305	0.01867	0.01080	0.01422	0.00904	0.00508	0.00572	0.00171	0.00695	0.00518	0.00283	0.00899
27	0.00766	0.00583	0.00704	0.00674	0.00828	0.00521	0.00505	0.00995	0.01516	0.02049	0.53049	0.04676	0.28529	0.01261	0.00675	0.00184	0.00276	0.01091	0.00597	0.00521
28	0.00708	0.00506	0.00676	0.00809	0.00847	0.00474	0.00550	0.00815	0.01106	0.01472	0.03147	0.75975	0.03759	0.01782	0.00733	0.00234	0.00341	0.05068	0.00531	0.00468
29	0.00684	0.00578	0.00582	0.00582	0.00765	0.00487	0.00430	0.00821	0.01279	0.01522	0.05585	0.05412	0.72216	0.05562	0.00793	0.00212	0.00304	0.01187	0.00521	0.00476
30	0.01457	0.01246	0.01313	0.01171	0.01501	0.01439	0.00914	0.06325	0.71955	0.02449	0.02284	0.02099	0.01710	0.00772	0.00582	0.00193	0.00461	0.00641	0.00582	0.00908
31	0.01193	0.00945	0.01085	0.00996	0.01200	0.01070	0.00752	0.08506	0.31694	0.01929	0.01901	0.02428	0.01652	0.18022	0.23548	0.00478	0.00805	0.00663	0.00452	0.00682
32	0.01957	0.04297	0.01441	0.01082	0.01465	0.01374	0.00891	0.44470	0.02138	0.14045	0.01593	0.01612	0.01141	0.00678	0.00526	0.00162	0.00526	0.00520	0.19219	0.00864
33	0.01572	0.68781	0.02742	0.00994	0.01454	0.06067	0.00958	0.01760	0.01230	0.04748	0.04520	0.01132	0.00991	0.00537	0.00399	0.00129	0.00612	0.00357	0.00287	0.00732
34	0.01573	0.01800	0.01654	0.40217	0.02848	0.35818	0.01339	0.01904	0.04658	0.01475	0.01015	0.01329	0.00795	0.00589	0.00547	0.00171	0.00870	0.00451	0.00287	0.00660
35	0.01142	0.00979	0.01133	0.00824	0.01305	0.00738	0.00657	0.01386	0.01196	0.01836	0.01433	0.01562	0.07403	0.00513	0.00446	0.00094	0.00412	0.00415	0.00356	0.76172
36	0.01212	0.01140	0.01511	0.22929	0.10804	0.06502	0.01199	0.01613	0.08988	0.01693	0.06967	0.07035	0.01545	0.00837	0.00848	0.00199	0.16447	0.02938	0.04925	0.00668

[dist]
# distance from previous block
# <min> <max>
0	1

[block]
# block no. 4 follows, 41 sequences, length 83
# corresponding to MSA columns:
# 425-461,463-477,492-520,523,524
name=unknown_E
#
# <colnr> <probs for GDERKNQSTAVLIFYWHMCP>
#	G	D	E	R	K	N	Q	S	T	A	V	L	I	F	Y	W	H	M	C	P
0	0.22153	0.01281	0.01516	0.07693	0.08240	0.03551	0.04901	0.12855	0.15850	0.04334	0.01348	0.03645	0.01070	0.00690	0.00656	0.00189	0.08316	0.00524	0.00416	0.00770
1	0.01244	0.01257	0.05280	0.36200	0.35086	0.01288	0.01616	0.01647	0.03248	0.01701	0.01079	0.01462	0.00855	0.00541	0.00560	0.00176	0.00703	0.00500	0.00280	0.05277
2	0.01413	0.01209	0.01272	0.01146	0.01464	0.01398	0.00891	0.02992	0.73228	0.02385	0.02315	0.02134	0.01738	0.00773	0.00577	0.00192	0.00447	0.00644	0.02885	0.00895
3	0.04350	0.00923	0.01281	0.37836	0.02411	0.03172	0.01087	0.01468	0.07589	0.01838	0.24158	0.05927	0.04005	0.00843	0.00603	0.00188	0.00552	0.00733	0.00420	0.00618
4	0.04217	0.01162	0.04585	0.23990	0.18417	0.04479	0.05207	0.01483	0.03723	0.01681	0.02361	0.02613	0.20600	0.00810	0.00597	0.00186	0.00620	0.02235	0.00357	0.00678
5	0.00819	0.00549	0.00628	0.00640	0.00643	0.00546	0.00364	0.00828	0.00857	0.01142	0.01930	0.10923	0.02241	0.72498	0.02705	0.00524	0.00533	0.00907	0.00364	0.00358
6	0.34523	0.00807	0.00748	0.00709	0.00946	0.00868	0.00562	0.01502	0.02647	0.05581	0.04743	0.06520	0.04833	0.00785	0.00456	0.00171	0.00370	0.04478	0.28161	0.00589
7	0.01244	0.03532	0.26304	0.25526	0.17977	0.02895	0.01661	0.01672	0.01227	0.05035	0.01232	0.06933	0.01022	0.00641	0.00567	0.00183	0.00732	0.00555	0.00297	0.00766
8	0.01219	0.06008	0.53672	0.01813	0.02570	0.01402	0.21655	0.01813	0.01244	0.01796	0.01052	0.01286	0.00764	0.00524	0.00571	0.00182	0.00867	0.00486	0.00255	0.00820
9	0.00697	0.00498	0.00664	0.00796	0.00830	0.00465	0.00531	0.00796	0.01095	0.01460	0.03153	0.79525	0.03783	0.01792	0.00730	0.00232	0.00332	0.01626	0.00531	0.00465
10	0.05814	0.01236	0.04718	0.01221	0.05228	0.01244	0.00966	0.19919	0.21749	0.12846	0.08130	0.02229	0.01754	0.00785	0.00575	0.00183	0.00508	0.05006	0.05049	0.00840
11	0.02532	0.03450	0.04036	0.37116	0.11555	0.03031	0.06107	0.05725	0.14696	0.01839	0.01338	0.03780	0.01057	0.00633	0.00573	0.00186	0.00690	0.00562	0.00346	0.00748
12	0.03240	0.00614	0.00674	0.00656	0.00832	0.00560	0.00498	0.01039	0.03488	0.01891	0.28371	0.04656	0.41469	0.01259	0.00647	0.00186	0.00296	0.02801	0.06301	0.00522
13	0.00703	0.00572	0.00604	0.00609	0.00768	0.00493	0.00440	0.00840	0.01267	0.01554	0.10671	0.10182	0.58322	0.09345	0.00904	0.00231	0.00318	0.01184	0.00520	0.00472
14	0.01186	0.01017	0.01186	0.00847	0.01356	0.00762	0.00678	0.01440	0.01186	0.01864	0.01017	0.01186	0.00847	0.00424	0.00424	0.00085	0.00424	0.00339	0.00339	0.83395
15	0.02060	0.09845	0.01751	0.01429	0.01734	0.68913	0.01097	0.02211	0.01562	0.01394	0.00873	0.01026	0.00737	0.00590	0.00533	0.00147	0.02774	0.00366	0.00289	0.00669
16	0.02245	0.01490	0.01647	0.01263	0.01718	0.01607	0.01043	0.61590	0.02501	0.16704	0.01532	0.01476	0.01052	0.00690	0.00573	0.00173	0.00604	0.00526	0.00597	0.00973
17	0.01034	0.02855	0.14968	0.01135	0.01390	0.01104	0.01039	0.01481	0.11888	0.01690	0.06131	0.18434	0.12421	0.01186	0.02679	0.00227	0.18407	0.00868	0.00416	0.00648
18	0.01283	0.00915	0.01074	0.00923	0.01168	0.00941	0.00724	0.22812	0.03919	0.05348	0.39044	0.06263	0.07539	0.01178	0.04060	0.00213	0.00449	0.00868	0.00590	0.00686
19	0.00945	0.00788	0.01189	0.15552	0.09030	0.00889	0.00961	0.01222	0.03851	0.01519	0.04758	0.18352	0.01957	0.04464	0.25928	0.00451	0.04378	0.02817	0.00369	0.00580
20	0.01065	0.00900	0.01160	0.01109	0.03310	0.07284	0.04775	0.01333	0.03853	0.04817	0.01809	0.02297	0.06640	0.03170	0.52971	0.00682	0.01260	0.00634	0.00348	0.00582
21	0.01080	0.01017	0.01716	0.78523	0.03940	0.01271	0.01589	0.01461	0.01144	0.01461	0.01017	0.01525	0.00762	0.00572	0.00572	0.00191	0.00762	0.00508	0.00254	0.00635
22	0.01507	0.01658	0.01848	0.36610	0.10191	0.25879	0.05883	0.03812	0.01359	0.01561	0.00989	0.01342	0.00780	0.00585	0.00608	0.00176	0.03769	0.00474	0.00281	0.00688
23	0.44414	0.01102	0.01318	0.26937	0.10779	0.01275	0.01080	0.01650	0.01088	0.04314	0.00945	0.01214	0.00724	0.00547	0.00458	0.00181	0.00578	0.00407	0.00323	0.00668
24	0.01406	0.01000	0.01169	0.05228	0.01392	0.01061	0.00810	0.30633	0.01757	0.05685	0.02304	0.31823	0.05476	0.06521	0.00797	0.00223	0.00496	0.00997	0.00528	0.00695
25	0.21174	0.18006	0.04680	0.04503	0.01584	0.01443	0.00945	0.14365	0.01521	0.24611	0.01350	0.01345	0.00953	0.00604	0.00477	0.00165	0.00554	0.00437	0.00465	0.00820
26	0.00757	0.00549	0.00717	0.00776	0.00855	0.00516	0.00543	0.00958	0.03105	0.01799	0.30758	0.49109	0.04345	0.01531	0.00705	0.00211	0.00311	0.01378	0.00570	0.00504
27	0.01416	0.01359	0.02322	0.03511	0.76330	0.01359	0.01755	0.01755	0.01302	0.01869	0.01076	0.01416	0.00906	0.00510	0.00566	0.00170	0.00680	0.00510	0.00283	0.00906
28	0.01429	0.01432	0.02157	0.15536	0.57539	0.08504	0.01667	0.01757	0.01306	0.01758	0.01048	0.01397	0.00867	0.00527	0.00562	0.00171	0.00726	0.00496	0.00280	0.00839
29	0.00736	0.00591	0.00662	0.00672	0.00845	0.00518	0.00522	0.00921	0.01367	0.01713	0.18999	0.05397	0.52379	0.01413	0.00691	0.00200	0.00319	0.11005	0.00550	0.00500
30	0.00778	0.00573	0.00617	0.00606	0.00774	0.00506	0.00454	0.00976	0.01363	0.01835	0.22457	0.04601	0.45358	0.01241	0.00627	0.00179	0.00281	0.01045	0.15225	0.00506
31	0.01325	0.01177	0.01778	0.01823	0.23835	0.01021	0.09371	0.01629	0.01256	0.04660	0.01097	0.01323	0.00888	0.00466	0.00500	0.00126	0.00564	0.00437	0.00330	0.46395
32	0.01753	0.01572	0.02565	0.01876	0.02396	0.01606	0.38515	0.37289	0.02004	0.02698	0.01263	0.01460	0.00919	0.00582	0.00625	0.00183	0.00801	0.00597	0.00427	0.00870
33	0.02037	0.00818	0.01047	0.00847	0.01180	0.00732	0.00685	0.02274	0.01483	0.50385	0.02119	0.02012	0.01434	0.00693	0.00513	0.00162	0.00409	0.00560	0.29793	0.00818
34	0.00852	0.00793	0.02572	0.00882	0.03159	0.02411	0.04601	0.01147	0.06012	0.01769	0.18689	0.08399	0.44081	0.01250	0.00663	0.00191	0.00375	0.01075	0.00522	0.00559
35	0.04028	0.01457	0.13989	0.21760	0.05800	0.01262	0.01338	0.17240	0.01614	0.21341	0.01468	0.01673	0.01046	0.00652	0.00568	0.00182	0.00658	0.02639	0.00448	0.00837
36	0.01220	0.01712	0.23469	0.33465	0.23817	0.03199	0.01774	0.01665	0.01218	0.01675	0.01033	0.01391	0.00791	0.00547	0.00561	0.00181	0.00770	0.00481	0.00260	0.00772
37	0.37625	0.22135	0.12428	0.01052	0.01502	0.13764	0.01004	0.01805	0.01160	0.01955	0.00843	0.00982	0.00683	0.00531	0.00410	0.00159	0.00638	0.00334	0.00300	0.00688
38	0.00830	0.00574	0.00715	0.00718	0.00753	0.00600	0.00468	0.00900	0.00893	0.01220	0.03855	0.03455	0.02042	0.55222	0.22402	0.00630	0.00802	0.03167	0.00350	0.00401
39	0.01423	0.01229	0.01293	0.01164	0.01487	0.01423	0.00905	0.03039	0.75297	0.02393	0.02328	0.02134	0.01746	0.00776	0.00582	0.00194	0.00453	0.00647	0.00582	0.00905
40	0.01517	0.68263	0.02706	0.00975	0.01425	0.02037	0.00946	0.01705	0.01165	0.05450	0.00946	0.01102	0.00838	0.00867	0.07812	0.00202	0.00693	0.00350	0.00276	0.00726
41	0.00723	0.00553	0.00667	0.00717	0.00833	0.00496	0.00519	0.00881	0.01285	0.01667	0.18256	0.34095	0.30287	0.01535	0.00703	0.00210	0.00315	0.05219	0.00550	0.00489
42	0.00733	0.00581	0.00665	0.00687	0.00844	0.00513	0.00524	0.00911	0.01342	0.01698	0.18468	0.13435	0.46093	0.01449	0.00695	0.00203	0.00319	0.09795	0.00549	0.00497
43	0.00749	0.00582	0.00680	0.00656	0.00817	0.00514	0.00492	0.00962	0.01475	0.01953	0.44021	0.04834	0.37617	0.01297	0.00675	0.00186	0.00279	0.01113	0.00585	0.00514
44	0.00718	0.00578	0.00640	0.00631	0.00800	0.00500	0.00471	0.00900	0.01393	0.01773	0.27381	0.07892	0.51565	0.01375	0.00678	0.00191	0.00285	0.01169	0.00562	0.00500
45	0.02137	0.02726	0.01621	0.01474	0.01768	0.77602	0.01105	0.02284	0.01621	0.01400	0.00884	0.01031	0.00737	0.00589	0.00516	0.00147	0.01031	0.00368	0.00295	0.00663
46	0.01163	0.06054	0.73973	0.01604	0.02435	0.01366	0.02068	0.01807	0.01206	0.01793	0.01017	0.01196	0.00725	0.00541	0.00536	0.00179	0.00836	0.00418	0.00242	0.00841
47	0.01664	0.60168	0.02645	0.01107	0.01539	0.19841	0.01015	0.01838	0.01262	0.01359	0.00815	0.00953	0.00735	0.00526	0.00440	0.00131	0.02666	0.00325	0.00257	0.00715
48	0.01198	0.01203	0.02020	0.51108	0.08551	0.04376	0.13955	0.01567	0.01199	0.01552	0.01074	0.01606	0.00851	0.00601	0.00663	0.00193	0.05050	0.02288	0.00270	0.00675
49	0.01361	0.01238	0.02034	0.10455	0.57043	0.01279	0.01559	0.03648	0.01303	0.01893	0.01158	0.01501	0.00952	0.00549	0.00579	0.00170	0.02477	0.00512	0.09455	0.00833
50	0.01199	0.01413	0.12475	0.02138	0.26319	0.01166	0.16166	0.01675	0.06841	0.01890	0.09377	0.03779	0.09126	0.00750	0.00619	0.00186	0.00651	0.03088	0.00374	0.00769
51	0.01233	0.00999	0.01177	0.00850	0.01341	0.00758	0.00680	0.01487	0.01222	0.05206	0.03876	0.01335	0.01043	0.00464	0.00440	0.00092	0.00421	0.00375	0.00366	0.76635
52	0.02063	0.06496	0.05069	0.01457	0.01785	0.70523	0.01144	0.02235	0.01580	0.01416	0.00886	0.01034	0.00736	0.00583	0.00510	0.00148	0.01003	0.00368	0.00290	0.00675
53	0.79485	0.01133	0.00888	0.00783	0.01143	0.01310	0.00645	0.05644	0.01067	0.02623	0.00828	0.00953	0.00639	0.00539	0.00366	0.00177	0.00453	0.00321	0.00366	0.00639
54	0.00754	0.00542	0.00715	0.00832	0.00894	0.00515	0.00602	0.00887	0.01140	0.01500	0.03186	0.54443	0.07507	0.06520	0.00874	0.00257	0.00387	0.17455	0.00519	0.00472
55	0.00738	0.00541	0.00697	0.00748	0.00837	0.00500	0.00528	0.00906	0.01300	0.01762	0.29305	0.42385	0.12340	0.01602	0.02848	0.00228	0.00339	0.01341	0.00560	0.00495
56	0.00731	0.00540	0.00680	0.00732	0.00824	0.00493	0.00514	0.00890	0.01289	0.01728	0.26369	0.41842	0.16577	0.03117	0.00748	0.00216	0.00310	0.01354	0.00558	0.00489
57	0.01172	0.00842	0.00889	0.00788	0.01028	0.00857	0.00615	0.17023	0.07732	0.02276	0.09970	0.03369	0.28394	0.01005	0.00576	0.00172	0.00369	0.00825	0.21457	0.00641
58	0.01251	0.01251	0.01752	0.01502	0.01502	0.01752	0.01251	0.01377	0.00876	0.01377	0.00751	0.01251	0.00751	0.01001	0.01877	0.00250	0.78851	0.00501	0.00250	0.00626
59	0.00696	0.00502	0.00659	0.00785	0.00827	0.00466	0.00526	0.00798	0.01106	0.01465	0.03296	0.75493	0.07722	0.01773	0.00727	0.00230	0.00330	0.01603	0.00531	0.00466
60	0.01186	0.01017	0.01186	0.00847	0.01356	0.00762	0.00678	0.01440	0.01186	0.01864	0.01017	0.01186	0.00847	0.00424	0.00424	0.00085	0.00424	0.00339	0.00339	0.83395
61	0.01660	0.36974	0.17073	0.01281	0.01771	0.25518	0.01250	0.04327	0.01360	0.01530	0.00887	0.01031	0.00741	0.00546	0.00479	0.00145	0.02057	0.00358	0.00271	0.00740
62	0.83938	0.01106	0.00841	0.00752	0.01106	0.01283	0.00619	0.01681	0.00973	0.02566	0.00796	0.00929	0.00619	0.00531	0.00354	0.00177	0.00442	0.00310	0.00354	0.00619
63	0.01186	0.01017	0.01186	0.00847	0.01356	0.00762	0.00678	0.01440	0.01186	0.01864	0.01017	0.01186	0.00847	0.00424	0.00424	0.00085	0.00424	0.00339	0.00339	0.83395
64	0.01423	0.01229	0.01293	0.01164	0.01487	0.01423	0.00905	0.03039	0.75297	0.02393	0.02328	0.02134	0.01746	0.00776	0.00582	0.00194	0.00453	0.00647	0.00582	0.00905
65	0.02327	0.00921	0.01255	0.00996	0.01393	0.00803	0.00819	0.02550	0.01604	0.66419	0.06563	0.04513	0.01809	0.00810	0.00596	0.00183	0.00472	0.04365	0.00689	0.00911
66	0.01232	0.01226	0.01745	0.01492	0.01510	0.01693	0.02794	0.01369	0.00888	0.01384	0.00799	0.01308	0.00787	0.01155	0.05644	0.00283	0.73306	0.00510	0.00254	0.00623
67	0.00844	0.00553	0.00619	0.00619	0.00626	0.00553	0.00349	0.00858	0.00851	0.01162	0.01806	0.03659	0.02048	0.75784	0.02781	0.00533	0.00540	0.00816	0.04643	0.00356
68	0.01333	0.01274	0.02172	0.22056	0.58433	0.01337	0.01714	0.01683	0.01263	0.01768	0.01061	0.01443	0.00871	0.00525	0.00568	0.00175	0.00700	0.00509	0.00276	0.00839
69	0.00761	0.00560	0.00724	0.00812	0.00907	0.00523	0.00608	0.00929	0.01250	0.01645	0.13390	0.40738	0.15218	0.01605	0.00728	0.00226	0.00362	0.17979	0.00543	0.00492
70	0.02153	0.01592	0.01705	0.01312	0.01766	0.01764	0.01082	0.72433	0.04713	0.03571	0.01400	0.01394	0.00994	0.00689	0.00572	0.00172	0.00624	0.00519	0.00572	0.00971
71	0.02155	0.02193	0.01666	0.01399	0.01771	0.41642	0.01097	0.36495	0.02128	0.02446	0.01116	0.01194	0.00849	0.00636	0.00543	0.00159	0.00841	0.00438	0.00426	0.00810
72	0.00826	0.00580	0.00744	0.00704	0.00833	0.00540	0.00522	0.01084	0.01558	0.02231	0.68144	0.04118	0.05007	0.04673	0.00758	0.00194	0.00282	0.00995	0.05677	0.00531
73	0.01242	0.01188	0.02037	0.42040	0.37219	0.01316	0.03548	0.01606	0.01222	0.01658	0.01048	0.01475	0.00831	0.00541	0.00572	0.00181	0.00730	0.00513	0.00268	0.00763
74	0.00790	0.00606	0.00764	0.00886	0.04212	0.00568	0.00586	0.04151	0.01228	0.01596	0.03637	0.54157	0.21494	0.01600	0.00702	0.00217	0.00350	0.01423	0.00522	0.00512
75	0.01332	0.01141	0.01408	0.22731	0.02138	0.01310	0.01077	0.10674	0.33347	0.02139	0.01926	0.05423	0.04699	0.00771	0.00616	0.00188	0.02692	0.00641	0.00462	0.05285
76	0.01398	0.03428	0.01947	0.08944	0.42996	0.01305	0.01405	0.06948	0.08218	0.01999	0.02596	0.01493	0.01047	0.00551	0.00543	0.00160	0.00613	0.00501	0.00343	0.13566
77	0.01290	0.23767	0.54002	0.01449	0.02176	0.04635	0.01767	0.01804	0.01212	0.01670	0.00958	0.01122	0.00728	0.00531	0.00495	0.00164	0.00790	0.00389	0.00245	0.00808
78	0.00735	0.00568	0.00681	0.00754	0.00879	0.00514	0.00571	0.00889	0.01234	0.01551	0.04298	0.31304	0.35744	0.01595	0.00719	0.00221	0.00354	0.16373	0.00530	0.00486
79	0.01380	0.01343	0.02190	0.16850	0.60908	0.03883	0.01704	0.01720	0.01285	0.01780	0.01059	0.01422	0.00875	0.00523	0.00566	0.00173	0.00706	0.00505	0.00278	0.00850
80	0.09867	0.01220	0.01726	0.49234	0.16274	0.06953	0.01472	0.01595	0.01182	0.01642	0.00987	0.01399	0.00771	0.00570	0.00580	0.00184	0.02911	0.00477	0.00273	0.00684
81	0.01544	0.09757	0.01768	0.18653	0.09035	0.09208	0.01189	0.17995	0.01591	0.04114	0.08318	0.01632	0.01300	0.00691	0.00678	0.00176	0.08390	0.00527	0.02688	0.00746
82	0.38013	0.01117	0.01216	0.01091	0.02915	0.01348	0.00868	0.03568	0.03216	0.02044	0.00995	0.04119	0.00890	0.00938	0.05189	0.00237	0.24825	0.00457	0.00336	0.06617

[dist]
# distance from previous block
# <min> <max>
0	1

[block]
# block no. 5 follows, 41 sequences, length 62
# corresponding to MSA columns:
# 526-581,583,603-607
name=unknown_F
#
# <colnr> <probs for GDERKNQSTAVLIFYWHMCP>
#	G	D	E	R	K	N	Q	S	T	A	V	L	I	F	Y	W	H	M	C	P
0	0.01402	0.20257	0.39415	0.01656	0.10514	0.09493	0.01644	0.03675	0.03744	0.01733	0.01016	0.01182	0.00789	0.00543	0.00505	0.00163	0.00774	0.00410	0.00272	0.00813
1	0.03023	0.00808	0.00920	0.00837	0.03515	0.00693	0.00620	0.02870	0.03205	0.01739	0.03281	0.03494	0.33961	0.03162	0.00692	0.02867	0.00391	0.04881	0.00441	0.28600
2	0.01605	0.01350	0.01394	0.01205	0.01557	0.03504	0.00950	0.18583	0.57527	0.02631	0.02082	0.01939	0.01551	0.00752	0.00578	0.00188	0.00506	0.00611	0.00572	0.00914
3	0.03186	0.08498	0.38289	0.01613	0.08418	0.04977	0.04879	0.10231	0.02857	0.04024	0.01362	0.01491	0.04877	0.00607	0.00542	0.00172	0.00737	0.00487	0.00328	0.02424
4	0.01251	0.01251	0.01752	0.01502	0.01502	0.01752	0.01251	0.01377	0.00876	0.01377	0.00751	0.01251	0.00751	0.01001	0.01877	0.00250	0.78851	0.00501	0.00250	0.00626
5	0.01190	0.01084	0.01730	0.36130	0.12725	0.01224	0.06896	0.06251	0.04589	0.01819	0.08773	0.02187	0.04336	0.00736	0.00664	0.00192	0.04207	0.04215	0.00357	0.00695
6	0.01186	0.01017	0.01186	0.00847	0.01356	0.00762	0.00678	0.01440	0.01186	0.01864	0.01017	0.01186	0.00847	0.00424	0.00424	0.00085	0.00424	0.00339	0.00339	0.83395
7	0.01147	0.02959	0.76934	0.01630	0.02476	0.01328	0.02113	0.01811	0.01208	0.01811	0.01026	0.01208	0.00725	0.00543	0.00543	0.00181	0.00845	0.00423	0.00242	0.00845
8	0.00786	0.00577	0.00736	0.00711	0.00844	0.00527	0.00528	0.01028	0.01541	0.02143	0.62321	0.10692	0.12933	0.01252	0.00679	0.00186	0.00277	0.01103	0.00611	0.00527
9	0.00686	0.00578	0.00594	0.00595	0.00780	0.00486	0.00444	0.00838	0.01320	0.01594	0.10543	0.07368	0.69345	0.01438	0.00677	0.00193	0.00289	0.01206	0.00538	0.00486
10	0.00696	0.00502	0.00659	0.00785	0.00827	0.00466	0.00526	0.00798	0.01106	0.01465	0.03295	0.75536	0.07680	0.01773	0.00727	0.00230	0.00330	0.01603	0.00531	0.00466
11	0.02085	0.02618	0.01597	0.01451	0.01748	0.72090	0.01091	0.02339	0.06952	0.01472	0.00989	0.01111	0.00810	0.00603	0.00521	0.00151	0.00990	0.00389	0.00316	0.00681
12	0.02137	0.02726	0.01621	0.01474	0.01768	0.77602	0.01105	0.02284	0.01621	0.01400	0.00884	0.01031	0.00737	0.00589	0.00516	0.00147	0.01031	0.00368	0.00295	0.00663
13	0.00832	0.00555	0.00624	0.00624	0.00624	0.00555	0.00347	0.00832	0.00832	0.01109	0.01802	0.03743	0.02080	0.79898	0.02911	0.00555	0.00555	0.00832	0.00347	0.00347
14	0.06618	0.01573	0.01435	0.01232	0.01589	0.14322	0.00971	0.21905	0.39113	0.02560	0.01740	0.01674	0.01303	0.00706	0.00555	0.00179	0.00597	0.00545	0.00518	0.00866
15	0.01423	0.01229	0.01293	0.01164	0.01487	0.01423	0.00905	0.03039	0.75297	0.02393	0.02328	0.02134	0.01746	0.00776	0.00582	0.00194	0.00453	0.00647	0.00582	0.00905
16	0.01085	0.01024	0.01717	0.76205	0.03866	0.01285	0.01578	0.01459	0.01136	0.01459	0.01009	0.01517	0.00762	0.00585	0.00611	0.00192	0.03113	0.00508	0.00254	0.00635
17	0.00697	0.00498	0.00664	0.00796	0.00830	0.00465	0.00531	0.00796	0.01095	0.01460	0.03153	0.79525	0.03783	0.01792	0.00730	0.00232	0.00332	0.01626	0.00531	0.00465
18	0.83938	0.01106	0.00841	0.00752	0.01106	0.01283	0.00619	0.01681	0.00973	0.02566	0.00796	0.00929	0.00619	0.00531	0.00354	0.00177	0.00442	0.00310	0.00354	0.00619
19	0.01130	0.01072	0.01411	0.01272	0.01305	0.03647	0.01019	0.01295	0.02969	0.01432	0.01398	0.18218	0.01506	0.02957	0.05079	0.00277	0.50434	0.00756	0.02237	0.00586
20	0.03803	0.01401	0.01481	0.01225	0.01612	0.01584	0.00984	0.36513	0.39389	0.02966	0.01842	0.01747	0.01355	0.00728	0.00572	0.00183	0.00535	0.00577	0.00572	0.00930
21	0.00730	0.00582	0.00654	0.00636	0.00806	0.00506	0.00477	0.00925	0.01431	0.01848	0.34160	0.05007	0.47544	0.01336	0.00675	0.00188	0.00282	0.01137	0.00571	0.00506
22	0.70855	0.01134	0.00949	0.00818	0.01187	0.01285	0.00674	0.07415	0.01162	0.08790	0.00962	0.01048	0.00713	0.00558	0.00389	0.00177	0.00461	0.00348	0.00400	0.00676
23	0.01080	0.01017	0.01716	0.78523	0.03940	0.01271	0.01589	0.01461	0.01144	0.01461	0.01017	0.01525	0.00762	0.00572	0.00572	0.00191	0.00762	0.00508	0.00254	0.00635
24	0.00885	0.00636	0.00876	0.00994	0.01118	0.00627	0.00846	0.01129	0.01312	0.01715	0.07307	0.13392	0.05846	0.01573	0.00774	0.00253	0.00485	0.59177	0.00533	0.00520
25	0.00752	0.00521	0.00647	0.00726	0.00745	0.00502	0.00455	0.00811	0.00987	0.01316	0.02598	0.48408	0.03084	0.33863	0.01626	0.00365	0.00423	0.01300	0.00455	0.00416
26	0.30868	0.01010	0.01123	0.00910	0.01304	0.01002	0.00747	0.02349	0.03829	0.45258	0.01733	0.01606	0.01151	0.00647	0.00491	0.00176	0.00461	0.00483	0.04024	0.00829
27	0.02398	0.01192	0.01456	0.01122	0.01566	0.01171	0.00925	0.26708	0.04430	0.49854	0.01964	0.01762	0.01279	0.00703	0.00574	0.00176	0.00533	0.00557	0.00658	0.00971
28	0.00699	0.00505	0.00663	0.00783	0.00827	0.00468	0.00526	0.00807	0.01123	0.01492	0.05679	0.73186	0.07619	0.01754	0.00725	0.00229	0.00328	0.01585	0.00534	0.00468
29	0.00831	0.00558	0.00639	0.00639	0.00644	0.00563	0.00366	0.00842	0.00836	0.01120	0.01788	0.03666	0.02046	0.76000	0.06763	0.00573	0.00605	0.00821	0.00345	0.00355
30	0.01215	0.01120	0.01436	0.01137	0.01420	0.01200	0.00931	0.01412	0.01049	0.01648	0.00899	0.01215	0.00805	0.00679	0.01066	0.00158	0.35097	0.00410	0.00300	0.46802
31	0.01060	0.00970	0.01403	0.01248	0.01303	0.01274	0.02610	0.01220	0.00902	0.01355	0.01121	0.01768	0.01085	0.05704	0.32544	0.00533	0.42488	0.00564	0.00278	0.00570
32	0.01492	0.47756	0.15594	0.01287	0.01812	0.08774	0.07999	0.01841	0.04323	0.01521	0.00940	0.01093	0.00788	0.00529	0.00478	0.00147	0.02220	0.00384	0.00267	0.00755
33	0.01260	0.01014	0.01194	0.00856	0.01361	0.00767	0.00687	0.01513	0.01210	0.05898	0.01083	0.01227	0.00878	0.00439	0.00432	0.00090	0.00427	0.00352	0.00359	0.78953
34	0.01290	0.02155	0.33487	0.02035	0.02698	0.03877	0.40260	0.01826	0.01287	0.01797	0.01084	0.01381	0.00802	0.00525	0.00649	0.00188	0.03040	0.00557	0.00269	0.00794
35	0.00832	0.00555	0.00624	0.00624	0.00624	0.00555	0.00347	0.00832	0.00832	0.01109	0.01802	0.03743	0.02080	0.79898	0.02911	0.00555	0.00555	0.00832	0.00347	0.00347
36	0.01119	0.01110	0.04823	0.10021	0.20048	0.01043	0.11523	0.03179	0.04822	0.01916	0.17752	0.02845	0.14132	0.00845	0.00628	0.00185	0.00571	0.02317	0.00418	0.00703
37	0.83938	0.01106	0.00841	0.00752	0.01106	0.01283	0.00619	0.01681	0.00973	0.02566	0.00796	0.00929	0.00619	0.00531	0.00354	0.00177	0.00442	0.00310	0.00354	0.00619
38	0.01094	0.01031	0.01741	0.75387	0.06966	0.01274	0.01595	0.01474	0.01150	0.01478	0.01019	0.01520	0.00768	0.00569	0.00572	0.00190	0.00759	0.00508	0.00255	0.00647
39	0.01199	0.01248	0.02447	0.45001	0.03521	0.01348	0.33592	0.01625	0.01235	0.01625	0.01079	0.01533	0.00809	0.00532	0.00617	0.00192	0.00851	0.00582	0.00270	0.00695
40	0.01430	0.00734	0.00964	0.00825	0.01069	0.00666	0.00647	0.03233	0.01635	0.26999	0.47637	0.03372	0.03859	0.00990	0.00631	0.00177	0.00349	0.00855	0.03234	0.00693
41	0.01434	0.00724	0.00968	0.00836	0.01079	0.00650	0.00658	0.01686	0.01616	0.28557	0.47610	0.03522	0.03923	0.01020	0.00643	0.00182	0.00355	0.03190	0.00654	0.00692
42	0.01484	0.01215	0.01295	0.01156	0.01486	0.01391	0.00902	0.03026	0.71327	0.06399	0.02324	0.02124	0.01728	0.00772	0.00582	0.00193	0.00455	0.00643	0.00589	0.00909
43	0.00832	0.00555	0.00624	0.00624	0.00624	0.00555	0.00347	0.00832	0.00832	0.01109	0.01802	0.03743	0.02080	0.79898	0.02911	0.00555	0.00555	0.00832	0.00347	0.00347
44	0.01251	0.01251	0.01752	0.01502	0.01502	0.01752	0.01251	0.01377	0.00876	0.01377	0.00751	0.01251	0.00751	0.01001	0.01877	0.00250	0.78851	0.00501	0.00250	0.00626
45	0.02137	0.02726	0.01621	0.01474	0.01768	0.77602	0.01105	0.02284	0.01621	0.01400	0.00884	0.01031	0.00737	0.00589	0.00516	0.00147	0.01031	0.00368	0.00295	0.00663
46	0.01350	0.01543	0.03375	0.02411	0.02989	0.01446	0.74253	0.01832	0.01350	0.01832	0.01157	0.01543	0.00868	0.00482	0.00675	0.00193	0.00964	0.00675	0.00289	0.00771
47	0.01080	0.01017	0.01716	0.78523	0.03940	0.01271	0.01589	0.01461	0.01144	0.01461	0.01017	0.01525	0.00762	0.00572	0.00572	0.00191	0.00762	0.00508	0.00254	0.00635
48	0.01529	0.80242	0.02997	0.00979	0.01468	0.02263	0.00979	0.01713	0.01162	0.01346	0.00795	0.00918	0.00734	0.00489	0.00367	0.00122	0.00612	0.00306	0.00245	0.00734
49	0.00821	0.00596	0.00835	0.00835	0.00908	0.00669	0.00610	0.00967	0.00894	0.01266	0.01609	0.02673	0.01615	0.25792	0.56381	0.00816	0.01254	0.00675	0.00318	0.00464
50	0.00691	0.00578	0.00602	0.00600	0.00783	0.00489	0.00448	0.00849	0.01334	0.01625	0.13443	0.07024	0.66723	0.01426	0.00677	0.00193	0.00288	0.01198	0.00542	0.00489
51	0.00832	0.00555	0.00624	0.00624	0.00624	0.00555	0.00347	0.00832	0.00832	0.01109	0.01802	0.03743	0.02080	0.79898	0.02911	0.00555	0.00555	0.00832	0.00347	0.00347
52	0.00832	0.00555	0.00624	0.00624	0.00624	0.00555	0.00347	0.00832	0.00832	0.01109	0.01802	0.03743	0.02080	0.79898	0.02911	0.00555	0.00555	0.00832	0.00347	0.00347
53	0.01080	0.01017	0.01716	0.78523	0.03940	0.01271	0.01589	0.01461	0.01144	0.01461	0.01017	0.01525	0.00762	0.00572	0.00572	0.00191	0.00762	0.00508	0.00254	0.00635
54	0.01107	0.01021	0.01440	0.05572	0.01409	0.01326	0.03351	0.01222	0.00894	0.01314	0.01117	0.02057	0.01175	0.24996	0.03920	0.00354	0.46291	0.00610	0.00282	0.00543
55	0.01198	0.01173	0.01650	0.01431	0.01443	0.01625	0.01186	0.01333	0.00881	0.01371	0.00846	0.01373	0.00834	0.01402	0.11121	0.00332	0.69416	0.00514	0.00257	0.00612
56	0.01082	0.01007	0.01689	0.69285	0.07647	0.01230	0.01543	0.01449	0.01158	0.01494	0.01158	0.03689	0.00952	0.00641	0.00585	0.00194	0.00737	0.03546	0.00274	0.00641
57	0.00817	0.00613	0.00919	0.00919	0.01021	0.00715	0.00715	0.01021	0.00919	0.01328	0.01532	0.02247	0.01430	0.04290	0.77631	0.00919	0.01532	0.00613	0.00306	0.00511
58	0.00945	0.01461	0.25504	0.01094	0.01522	0.00902	0.05155	0.01422	0.08364	0.01764	0.07220	0.06626	0.33670	0.01037	0.00626	0.00190	0.00523	0.00879	0.00434	0.00659
59	0.00832	0.00555	0.00624	0.00624	0.00624	0.00555	0.00347	0.00832	0.00832	0.01109	0.01802	0.03743	0.02080	0.79898	0.02911	0.00555	0.00555	0.00832	0.00347	0.00347
60	0.01473	0.11549	0.02064	0.12724	0.35026	0.10663	0.01408	0.01995	0.14062	0.01780	0.01225	0.01444	0.00989	0.00571	0.00538	0.00168	0.00685	0.00490	0.00327	0.00818
61	0.04486	0.01948	0.05719	0.01726	0.15579	0.31284	0.01204	0.16647	0.01677	0.02036	0.01176	0.04563	0.01004	0.00651	0.00542	0.00161	0.00774	0.02140	0.00366	0.06315

[dist]
# distance from previous block
# <min> <max>
0	1

[block]
# block no. 6 follows, 41 sequences, length 36
# corresponding to MSA columns:
# 609-644
name=unknown_G
#
# <colnr> <probs for GDERKNQSTAVLIFYWHMCP>
#	G	D	E	R	K	N	Q	S	T	A	V	L	I	F	Y	W	H	M	C	P
0	0.29657	0.01831	0.24655	0.03873	0.05476	0.06813	0.01263	0.03636	0.11798	0.04250	0.01168	0.01277	0.00871	0.00583	0.00486	0.00179	0.00639	0.00426	0.00356	0.00766
1	0.09293	0.01439	0.05800	0.02958	0.59129	0.03854	0.01596	0.01823	0.01295	0.05870	0.01103	0.01375	0.00891	0.00526	0.00544	0.00171	0.00667	0.00485	0.00311	0.00871
2	0.01258	0.01199	0.02038	0.38655	0.42415	0.01318	0.01677	0.01618	0.01228	0.01678	0.01048	0.01467	0.00839	0.00539	0.00569	0.00180	0.00718	0.00509	0.00270	0.00779
3	0.01164	0.00741	0.00929	0.00797	0.01045	0.00666	0.00617	0.01498	0.05577	0.12706	0.45920	0.03228	0.03713	0.00939	0.00602	0.00163	0.00335	0.00812	0.04674	0.13875
4	0.41131	0.01213	0.01401	0.15077	0.17971	0.04071	0.01082	0.04193	0.01194	0.06433	0.01001	0.01216	0.00768	0.00551	0.00464	0.00177	0.00580	0.00412	0.00346	0.00718
5	0.00692	0.00518	0.00643	0.00742	0.00815	0.00469	0.00507	0.00803	0.01147	0.01481	0.03812	0.61057	0.21826	0.01706	0.00717	0.00223	0.00321	0.01522	0.00531	0.00469
6	0.01239	0.01268	0.02373	0.27363	0.10757	0.02850	0.32323	0.01630	0.01253	0.01696	0.01211	0.04817	0.00988	0.00594	0.00641	0.00188	0.02570	0.00625	0.04907	0.00709
7	0.01159	0.05349	0.74648	0.01610	0.02444	0.01357	0.02078	0.01808	0.01206	0.01797	0.01019	0.01199	0.00725	0.00542	0.00538	0.00179	0.00838	0.00419	0.00242	0.00842
8	0.00696	0.00500	0.00661	0.00790	0.00828	0.00465	0.00528	0.00797	0.01101	0.01463	0.03229	0.77372	0.05886	0.01782	0.00729	0.00231	0.00331	0.01614	0.00531	0.00465
9	0.83938	0.01106	0.00841	0.00752	0.01106	0.01283	0.00619	0.01681	0.00973	0.02566	0.00796	0.00929	0.00619	0.00531	0.00354	0.00177	0.00442	0.00310	0.00354	0.00619
10	0.01186	0.01017	0.01186	0.00847	0.01356	0.00762	0.00678	0.01440	0.01186	0.01864	0.01017	0.01186	0.00847	0.00424	0.00424	0.00085	0.00424	0.00339	0.00339	0.83395
11	0.01094	0.01031	0.01741	0.75370	0.06982	0.01275	0.01596	0.01474	0.01150	0.01479	0.01019	0.01520	0.00769	0.00569	0.00572	0.00190	0.00759	0.00508	0.00255	0.00647
12	0.00832	0.00555	0.00624	0.00624	0.00624	0.00555	0.00347	0.00832	0.00832	0.01109	0.01802	0.03743	0.02080	0.79898	0.02911	0.00555	0.00555	0.00832	0.00347	0.00347
13	0.01423	0.01229	0.01293	0.01164	0.01487	0.01423	0.00905	0.03039	0.75297	0.02393	0.02328	0.02134	0.01746	0.00776	0.00582	0.00194	0.00453	0.00647	0.00582	0.00905
14	0.00711	0.00508	0.00680	0.00812	0.00851	0.00477	0.00555	0.00820	0.01109	0.01476	0.03145	0.75034	0.03753	0.01779	0.00734	0.00234	0.00344	0.05981	0.00531	0.00468
15	0.01380	0.01323	0.02258	0.11380	0.68736	0.01350	0.01738	0.01725	0.01286	0.01826	0.01070	0.01427	0.00891	0.00516	0.00567	0.00172	0.00688	0.00510	0.00280	0.00878
