[name]
unknown

[dist]
# distance from previous block
# <min> <max>
5	118

[block]
# block no. 0 follows, 45 sequences, length 24
# corresponding to MSA columns:
# 121-144
name=unknown_A
#
# <colnr> <probs for GDERKNQSTAVLIFYWHMCP>
#	G	D	E	R	K	N	Q	S	T	A	V	L	I	F	Y	W	H	M	C	P
0	0.01142	0.00887	0.01222	0.12312	0.06890	0.02120	0.04693	0.05931	0.02324	0.06341	0.04387	0.02154	0.07461	0.12742	0.05696	0.06448	0.00580	0.00584	0.01403	0.14683
1	0.07636	0.01025	0.01217	0.07621	0.06552	0.04771	0.00861	0.09681	0.05476	0.17582	0.06103	0.04348	0.01401	0.04254	0.02056	0.00193	0.06144	0.00553	0.08722	0.03804
2	0.07297	0.07797	0.01302	0.07105	0.07015	0.07341	0.00840	0.04071	0.02439	0.21207	0.14301	0.09075	0.05067	0.00791	0.00534	0.00164	0.00487	0.00656	0.00465	0.02046
3	0.04293	0.00871	0.03081	0.00885	0.01116	0.02212	0.00704	0.06781	0.03068	0.12694	0.07304	0.22364	0.08944	0.03061	0.03661	0.00212	0.05988	0.02155	0.00464	0.10143
4	0.06825	0.00868	0.01127	0.13170	0.01540	0.00895	0.03157	0.08316	0.03322	0.08478	0.06526	0.08253	0.06297	0.06062	0.05071	0.00225	0.02012	0.02366	0.03838	0.11651
5	0.02961	0.04553	0.01286	0.05176	0.03199	0.06524	0.03551	0.10310	0.11652	0.12191	0.03015	0.14919	0.03886	0.02141	0.00600	0.00174	0.02194	0.00688	0.05499	0.05479
6	0.15764	0.00980	0.02634	0.06143	0.05641	0.01009	0.03441	0.13610	0.03271	0.09412	0.08466	0.07772	0.02755	0.04370	0.08529	0.00253	0.00582	0.00614	0.02854	0.01899
7	0.04596	0.00993	0.01200	0.01007	0.01292	0.03896	0.04641	0.09884	0.12427	0.21047	0.08222	0.06850	0.09320	0.01057	0.06015	0.00222	0.03792	0.00683	0.02143	0.00713
8	0.04380	0.01099	0.06050	0.37977	0.05780	0.01129	0.01202	0.11862	0.02842	0.06328	0.08746	0.01834	0.05113	0.00650	0.00538	0.00170	0.00592	0.00549	0.00365	0.02794
9	0.03219	0.01028	0.01217	0.10691	0.04871	0.02910	0.00874	0.19064	0.10269	0.13345	0.05004	0.08693	0.14814	0.00857	0.00565	0.00174	0.00484	0.00713	0.00490	0.00716
10	0.06740	0.00962	0.01249	0.10700	0.09212	0.04066	0.00908	0.01883	0.02781	0.32127	0.03816	0.05396	0.02785	0.00747	0.00574	0.02358	0.00502	0.04821	0.02594	0.05778
11	0.01745	0.01318	0.01487	0.09170	0.08221	0.10663	0.01038	0.23986	0.03717	0.17456	0.03436	0.04494	0.01177	0.02215	0.00683	0.00177	0.07261	0.00537	0.00449	0.00772
12	0.20424	0.07114	0.02473	0.03292	0.01299	0.05249	0.00853	0.02997	0.03057	0.01655	0.00994	0.03467	0.00923	0.06817	0.05988	0.00244	0.23117	0.00454	0.00300	0.09286
13	0.00892	0.00544	0.00745	0.00739	0.00803	0.00541	0.00524	0.02001	0.02952	0.01264	0.08822	0.08994	0.04469	0.05254	0.07290	0.46015	0.00500	0.04491	0.00336	0.02822
14	0.03549	0.07929	0.04884	0.01245	0.01587	0.44253	0.01005	0.12797	0.07604	0.01751	0.01071	0.03413	0.00885	0.00595	0.00485	0.00144	0.00771	0.00416	0.00340	0.05273
15	0.01251	0.01264	0.05420	0.07595	0.54334	0.01229	0.01490	0.01598	0.03351	0.01694	0.01032	0.01350	0.00862	0.00646	0.03550	0.00187	0.05451	0.00470	0.00273	0.06954
16	0.04599	0.60285	0.04799	0.01091	0.04737	0.01855	0.03772	0.01568	0.01091	0.02630	0.00932	0.05760	0.00880	0.00558	0.00444	0.00134	0.03527	0.00398	0.00260	0.00681
17	0.00933	0.00613	0.00838	0.00823	0.00927	0.00625	0.00623	0.04941	0.00982	0.01345	0.01549	0.06869	0.01580	0.05328	0.19848	0.31113	0.00697	0.13450	0.00333	0.06586
18	0.01046	0.00927	0.01443	0.06703	0.36001	0.00942	0.01121	0.01372	0.06714	0.01620	0.01967	0.25208	0.04987	0.02397	0.00634	0.00192	0.00505	0.05175	0.00377	0.00666
19	0.01199	0.00951	0.01122	0.00806	0.01279	0.00720	0.00646	0.01435	0.01141	0.06808	0.01031	0.01160	0.00830	0.00415	0.00407	0.00085	0.00401	0.00333	0.00341	0.78888
20	0.64659	0.01042	0.00997	0.01036	0.09867	0.01154	0.00732	0.01681	0.01022	0.10131	0.00973	0.01157	0.00754	0.00539	0.00387	0.00167	0.00447	0.02248	0.00363	0.00644
21	0.07410	0.00997	0.01166	0.00949	0.05028	0.00851	0.00714	0.07771	0.01268	0.05432	0.05639	0.01328	0.01074	0.00484	0.00432	0.00106	0.00421	0.00387	0.00367	0.58177
22	0.00780	0.00586	0.00853	0.00844	0.00930	0.00677	0.00646	0.00955	0.00886	0.01273	0.05202	0.02304	0.01563	0.10845	0.65913	0.00779	0.03579	0.00610	0.00304	0.00470
23	0.01150	0.06900	0.01302	0.00955	0.05894	0.00853	0.00718	0.01388	0.01118	0.01714	0.00942	0.01108	0.00791	0.00407	0.00402	0.00087	0.00425	0.00325	0.00308	0.73213

[dist]
# distance from previous block
# <min> <max>
0	20

[block]
# block no. 1 follows, 45 sequences, length 21
# corresponding to MSA columns:
# 165-185
name=unknown_B
#
# <colnr> <probs for GDERKNQSTAVLIFYWHMCP>
#	G	D	E	R	K	N	Q	S	T	A	V	L	I	F	Y	W	H	M	C	P
0	0.01226	0.09879	0.23698	0.01276	0.07536	0.01086	0.04016	0.01582	0.01153	0.05686	0.01005	0.01160	0.00784	0.00459	0.00451	0.00124	0.00571	0.00373	0.00295	0.37640
1	0.03993	0.02069	0.44908	0.01771	0.14976	0.01187	0.07536	0.01833	0.01215	0.13753	0.01156	0.01292	0.00818	0.00524	0.00522	0.00168	0.00711	0.00448	0.00309	0.00810
2	0.04746	0.10409	0.59101	0.06142	0.04186	0.01333	0.03581	0.01665	0.01121	0.01669	0.00936	0.01125	0.00686	0.00504	0.00491	0.00165	0.00749	0.00394	0.00234	0.00762
3	0.01023	0.00934	0.01535	0.55745	0.05497	0.01133	0.03677	0.01329	0.01069	0.01418	0.01209	0.01838	0.02862	0.00691	0.00696	0.02610	0.07255	0.05416	0.03479	0.00583
4	0.01627	0.09209	0.12696	0.04420	0.05785	0.00979	0.00993	0.03222	0.01325	0.34568	0.02057	0.11676	0.07541	0.00788	0.00541	0.00169	0.00508	0.00657	0.00480	0.00760
5	0.02030	0.04498	0.04638	0.04950	0.06227	0.00933	0.00920	0.02344	0.05915	0.55016	0.03237	0.01854	0.03618	0.00663	0.00534	0.00166	0.00489	0.00545	0.00568	0.00855
6	0.02194	0.00864	0.01165	0.00917	0.01295	0.00747	0.00748	0.02391	0.01487	0.68854	0.02373	0.06718	0.06180	0.00768	0.00554	0.00170	0.00437	0.00635	0.00644	0.00857
7	0.02408	0.00914	0.01246	0.00955	0.01370	0.00789	0.00789	0.02616	0.01536	0.78158	0.02118	0.01827	0.01329	0.00664	0.00540	0.00166	0.00457	0.00540	0.00664	0.00914
8	0.01345	0.01540	0.18187	0.08024	0.50178	0.01222	0.01635	0.01722	0.01220	0.08217	0.01090	0.01337	0.00846	0.00505	0.00528	0.00164	0.00661	0.00466	0.00289	0.00826
9	0.01313	0.01260	0.02151	0.07017	0.74184	0.01271	0.01640	0.01634	0.01215	0.01735	0.01007	0.01334	0.00844	0.00481	0.00532	0.00160	0.00641	0.00478	0.00264	0.00838
10	0.00767	0.00575	0.00863	0.00863	0.00959	0.00671	0.00671	0.00959	0.00863	0.01246	0.01438	0.02109	0.01342	0.04026	0.79008	0.00863	0.01438	0.00575	0.00288	0.00479
11	0.37840	0.01657	0.01153	0.01044	0.01311	0.34332	0.00811	0.01749	0.01161	0.01777	0.00839	0.01060	0.00709	0.02587	0.04878	0.00205	0.05646	0.00352	0.00300	0.00588
12	0.00703	0.00508	0.00675	0.00792	0.00854	0.00480	0.00580	0.00835	0.01090	0.01431	0.03089	0.58243	0.08151	0.01614	0.00695	0.00223	0.00352	0.18737	0.00497	0.00451
13	0.01007	0.00862	0.01153	0.15307	0.01573	0.01004	0.00887	0.07261	0.06619	0.01601	0.02032	0.28953	0.07343	0.01092	0.00848	0.00199	0.17197	0.00888	0.00395	0.03780
14	0.00975	0.00810	0.00963	0.00756	0.01110	0.00642	0.00590	0.01195	0.01166	0.01737	0.12859	0.07376	0.08067	0.00822	0.03767	0.00144	0.00403	0.00577	0.00385	0.55659
15	0.01250	0.08443	0.53578	0.03103	0.06851	0.01362	0.03194	0.09549	0.01284	0.03176	0.01000	0.01166	0.00731	0.00531	0.00534	0.00166	0.02604	0.00413	0.00271	0.00794
16	0.01258	0.42492	0.40224	0.01221	0.01846	0.01689	0.01446	0.01653	0.01112	0.01479	0.00854	0.00996	0.00684	0.00484	0.00426	0.00142	0.00683	0.00341	0.00228	0.00741
17	0.00767	0.00575	0.00863	0.00863	0.00959	0.00671	0.00671	0.00959	0.00863	0.01246	0.01438	0.02109	0.01342	0.04026	0.79008	0.00863	0.01438	0.00575	0.00288	0.00479
18	0.01212	0.01792	0.27852	0.05340	0.31660	0.01299	0.15029	0.01646	0.01171	0.01687	0.00988	0.01279	0.00773	0.00514	0.00616	0.00172	0.05459	0.00478	0.00251	0.00783
19	0.03125	0.00957	0.01110	0.00833	0.01268	0.00790	0.00665	0.01608	0.09333	0.08106	0.04488	0.01388	0.01110	0.00488	0.00434	0.00104	0.00400	0.00395	0.00383	0.63016
20	0.00814	0.02596	0.00948	0.04285	0.01088	0.00753	0.00719	0.00998	0.00926	0.01288	0.01760	0.04575	0.06102	0.06749	0.53072	0.00659	0.05594	0.06268	0.00317	0.00487

[dist]
# distance from previous block
# <min> <max>
1	6

[block]
# block no. 2 follows, 45 sequences, length 10
# corresponding to MSA columns:
# 197-206
name=unknown_C
#
# <colnr> <probs for GDERKNQSTAVLIFYWHMCP>
#	G	D	E	R	K	N	Q	S	T	A	V	L	I	F	Y	W	H	M	C	P
0	0.70278	0.01133	0.00890	0.00781	0.01107	0.04957	0.00633	0.08262	0.01082	0.02391	0.00836	0.01015	0.00669	0.03596	0.00450	0.00178	0.00462	0.00329	0.00348	0.00603
1	0.01099	0.00819	0.01041	0.04894	0.03016	0.00902	0.00749	0.16391	0.01292	0.03816	0.01971	0.13059	0.08800	0.10038	0.23212	0.00412	0.05239	0.00745	0.01927	0.00577
2	0.64036	0.00911	0.00747	0.00682	0.00939	0.01034	0.00529	0.01395	0.00927	0.02139	0.05766	0.01559	0.01118	0.15466	0.00796	0.00232	0.00424	0.00424	0.00347	0.00529
3	0.16893	0.66569	0.02438	0.00879	0.01315	0.01954	0.00856	0.01602	0.01058	0.01475	0.00746	0.00863	0.00669	0.00466	0.00342	0.00124	0.00545	0.00288	0.00249	0.00669
4	0.00831	0.00645	0.00909	0.00850	0.01017	0.00679	0.00665	0.01031	0.00909	0.01339	0.01348	0.01924	0.01241	0.03354	0.64453	0.00718	0.01245	0.00528	0.00293	0.16020
5	0.01113	0.00954	0.01113	0.00795	0.01272	0.00716	0.00636	0.01352	0.01113	0.01749	0.00954	0.01113	0.00795	0.00398	0.00398	0.00080	0.00398	0.00318	0.00318	0.84417
6	0.01281	0.09188	0.04010	0.03665	0.30232	0.11554	0.02524	0.01547	0.01227	0.01654	0.01460	0.01932	0.04773	0.00641	0.00501	0.00155	0.00586	0.06572	0.15816	0.00680
7	0.00747	0.00565	0.00713	0.00740	0.00861	0.00494	0.00514	0.00870	0.01056	0.01456	0.05150	0.57660	0.05451	0.04790	0.00715	0.00202	0.00333	0.01239	0.00461	0.15983
8	0.04698	0.02770	0.04397	0.00944	0.05624	0.00809	0.00710	0.02941	0.01090	0.03428	0.01115	0.01575	0.01011	0.15372	0.00845	0.00178	0.00461	0.00423	0.00324	0.51285
9	0.03953	0.34477	0.03701	0.00982	0.03020	0.06705	0.00849	0.03071	0.02991	0.07698	0.02546	0.06578	0.02883	0.02839	0.02096	0.00164	0.00554	0.04244	0.00342	0.10309

[dist]
# distance from previous block
# <min> <max>
0	1

[block]
# block no. 3 follows, 45 sequences, length 43
# corresponding to MSA columns:
# 208-244,250-255
name=unknown_D
#
# <colnr> <probs for GDERKNQSTAVLIFYWHMCP>
#	G	D	E	R	K	N	Q	S	T	A	V	L	I	F	Y	W	H	M	C	P
0	0.00886	0.00884	0.05386	0.14261	0.06286	0.02775	0.02934	0.01196	0.04513	0.01699	0.23774	0.08489	0.22840	0.00993	0.00600	0.00177	0.00438	0.00864	0.00441	0.00564
1	0.22514	0.01350	0.01390	0.01096	0.01481	0.01513	0.00905	0.50768	0.01981	0.02969	0.01111	0.01173	0.00815	0.00614	0.00545	0.00163	0.04686	0.00428	0.00462	0.04036
2	0.13558	0.03049	0.01425	0.01106	0.01432	0.00922	0.16329	0.03276	0.01313	0.16912	0.14580	0.04639	0.05039	0.00782	0.00554	0.00173	0.00497	0.07107	0.03905	0.03402
3	0.04173	0.18455	0.30004	0.01290	0.01774	0.01410	0.05907	0.01697	0.04041	0.08545	0.01124	0.04484	0.00915	0.00683	0.01916	0.00181	0.11911	0.00466	0.00299	0.00724
4	0.01535	0.02810	0.24512	0.03275	0.01718	0.01174	0.01212	0.19921	0.04042	0.17079	0.01590	0.10329	0.01308	0.00762	0.00593	0.00177	0.03328	0.03413	0.00440	0.00783
5	0.01105	0.01048	0.01776	0.57570	0.25256	0.01217	0.01536	0.01452	0.01117	0.01483	0.00970	0.01401	0.00755	0.00520	0.00535	0.00173	0.00693	0.00477	0.00246	0.00670
6	0.01481	0.75141	0.02709	0.00956	0.01400	0.08278	0.00928	0.01650	0.01125	0.01267	0.00753	0.00870	0.00689	0.00467	0.00356	0.00117	0.00606	0.00292	0.00233	0.00684
7	0.01213	0.00995	0.01148	0.00834	0.01296	0.00802	0.00670	0.08670	0.01262	0.03264	0.01138	0.01261	0.03049	0.00454	0.00421	0.00092	0.00414	0.00362	0.00351	0.72303
8	0.00879	0.00656	0.03780	0.00797	0.00890	0.00640	0.00600	0.01012	0.05352	0.02381	0.01456	0.05259	0.01444	0.19579	0.30775	0.22301	0.00845	0.00622	0.00308	0.00422
9	0.03739	0.00917	0.10554	0.00988	0.01170	0.00847	0.00875	0.01101	0.00894	0.01347	0.01291	0.01863	0.01177	0.03196	0.59749	0.00697	0.08252	0.00534	0.00277	0.00531
10	0.02430	0.09296	0.03647	0.01080	0.03746	0.08244	0.04948	0.07863	0.04412	0.01846	0.04997	0.01299	0.01039	0.00499	0.00450	0.00116	0.00524	0.00401	0.00341	0.42820
11	0.00870	0.00506	0.00752	0.00752	0.00786	0.00539	0.00533	0.00792	0.00759	0.01045	0.01134	0.01861	0.01109	0.05261	0.28892	0.52512	0.00806	0.00515	0.00255	0.00322
12	0.01435	0.81458	0.02813	0.00918	0.01378	0.02124	0.00918	0.01607	0.01091	0.01263	0.00746	0.00861	0.00689	0.00459	0.00344	0.00115	0.00574	0.00287	0.00230	0.00689
13	0.01003	0.07051	0.01194	0.00950	0.01052	0.04309	0.04993	0.01096	0.00924	0.02108	0.01529	0.06472	0.03990	0.32653	0.07863	0.03392	0.16075	0.02566	0.00312	0.00470
14	0.01186	0.00992	0.01168	0.00852	0.01300	0.00812	0.00686	0.05024	0.01175	0.03220	0.00979	0.01138	0.00806	0.00443	0.00478	0.00093	0.04565	0.00338	0.00331	0.74417
15	0.05853	0.16892	0.40608	0.03923	0.01852	0.01324	0.01403	0.05462	0.01178	0.04242	0.03537	0.01381	0.00955	0.05406	0.03648	0.00207	0.00698	0.00431	0.00284	0.00716
16	0.00860	0.00761	0.03730	0.00955	0.01067	0.00760	0.03294	0.02955	0.01033	0.01431	0.02107	0.38260	0.02375	0.08332	0.08411	0.00299	0.12091	0.06889	0.00401	0.03989
17	0.01156	0.01100	0.01868	0.45192	0.37236	0.01230	0.01562	0.01496	0.01141	0.01545	0.00979	0.01385	0.00777	0.00510	0.00534	0.00170	0.00680	0.00478	0.00251	0.00711
18	0.01022	0.00959	0.01604	0.60104	0.11952	0.01138	0.02779	0.01350	0.01096	0.01427	0.01267	0.05458	0.04100	0.00637	0.00571	0.00180	0.01934	0.01538	0.00269	0.00613
19	0.01911	0.05509	0.04077	0.01333	0.01628	0.70184	0.01036	0.02071	0.01475	0.01353	0.00869	0.01012	0.00719	0.00551	0.00475	0.00138	0.00917	0.00352	0.03763	0.00625
20	0.00831	0.00567	0.00804	0.00782	0.00827	0.00607	0.02500	0.00853	0.00818	0.01127	0.01477	0.08636	0.01570	0.27374	0.24724	0.21517	0.03624	0.00686	0.00300	0.00376
21	0.59945	0.02987	0.00983	0.00842	0.01123	0.09368	0.00686	0.01586	0.00985	0.02123	0.00818	0.00989	0.00661	0.00558	0.00503	0.00167	0.08911	0.00329	0.05855	0.00583
22	0.01115	0.11127	0.70337	0.01465	0.02223	0.01340	0.01870	0.01690	0.01129	0.01654	0.00940	0.01104	0.00681	0.00505	0.00492	0.00164	0.00770	0.00385	0.00227	0.00782
23	0.01060	0.00893	0.01028	0.00797	0.01183	0.00743	0.00627	0.02345	0.09318	0.01828	0.09317	0.03908	0.08000	0.00623	0.00467	0.00113	0.00375	0.00519	0.00393	0.56462
24	0.00739	0.00544	0.00698	0.00767	0.00871	0.00513	0.00592	0.00900	0.01171	0.01524	0.11415	0.26607	0.19919	0.03432	0.02834	0.02294	0.00391	0.23840	0.00491	0.00459
25	0.01284	0.01277	0.01612	0.01370	0.01437	0.06615	0.01133	0.06398	0.00994	0.01454	0.00763	0.01166	0.00722	0.00872	0.01539	0.00217	0.66328	0.00456	0.00261	0.04101
26	0.01266	0.03400	0.01087	0.03137	0.04325	0.00753	0.02372	0.03351	0.04142	0.17502	0.15003	0.06497	0.08632	0.02049	0.01702	0.15820	0.00437	0.00681	0.00453	0.07394
27	0.01318	0.41823	0.11539	0.06564	0.01798	0.06716	0.09433	0.01584	0.01109	0.01377	0.00877	0.01114	0.00752	0.00762	0.06162	0.00196	0.05574	0.00387	0.00242	0.00673
28	0.01339	0.00749	0.00946	0.03638	0.01089	0.00746	0.00627	0.05889	0.04153	0.23177	0.09588	0.07525	0.05019	0.26483	0.04303	0.00312	0.02599	0.00740	0.00479	0.00599
29	0.01432	0.57235	0.09909	0.01037	0.01487	0.10948	0.01024	0.01647	0.01148	0.01351	0.02515	0.00990	0.00792	0.00501	0.00427	0.00126	0.02942	0.00327	0.00247	0.03916
30	0.00814	0.00558	0.00732	0.00806	0.00907	0.00529	0.00623	0.00978	0.01164	0.04474	0.08377	0.31185	0.11472	0.06863	0.00829	0.00240	0.00390	0.28085	0.00498	0.00475
31	0.00792	0.00610	0.00891	0.00866	0.00960	0.00646	0.04504	0.00930	0.00947	0.01290	0.02101	0.16453	0.07995	0.15418	0.31368	0.03762	0.03576	0.06078	0.00357	0.00453
32	0.29810	0.01072	0.01099	0.02201	0.01285	0.02243	0.03838	0.14587	0.16896	0.02299	0.04018	0.06015	0.11038	0.00759	0.00495	0.00174	0.00452	0.00599	0.00444	0.00675
33	0.08650	0.04648	0.44474	0.19893	0.02397	0.01206	0.01591	0.01557	0.01093	0.01661	0.01011	0.04256	0.00796	0.00554	0.00497	0.00168	0.00698	0.00443	0.00253	0.04153
34	0.01460	0.47833	0.10882	0.01078	0.01513	0.16556	0.01035	0.01757	0.05817	0.01395	0.00970	0.04277	0.00866	0.00549	0.00417	0.00133	0.00651	0.00382	0.00270	0.02160
35	0.01056	0.00974	0.01603	0.69779	0.07366	0.01186	0.01442	0.04045	0.01151	0.01496	0.04121	0.01527	0.00909	0.00561	0.00540	0.00177	0.00688	0.00498	0.00265	0.00617
36	0.00832	0.00546	0.00702	0.00699	0.00798	0.00535	0.00508	0.00964	0.01105	0.04258	0.19948	0.11245	0.11348	0.13720	0.14776	0.07360	0.00543	0.03696	0.05964	0.00452
37	0.04872	0.49369	0.02279	0.01053	0.01468	0.16212	0.00946	0.15104	0.01422	0.01698	0.00859	0.00958	0.00726	0.00511	0.00404	0.00129	0.00644	0.00333	0.00298	0.00713
38	0.01256	0.01015	0.01166	0.00999	0.01264	0.05994	0.05753	0.04718	0.25192	0.08095	0.09372	0.02439	0.08790	0.08082	0.06582	0.00249	0.00548	0.00660	0.02900	0.04925
39	0.12950	0.01508	0.01539	0.04457	0.01699	0.15238	0.06669	0.31584	0.03120	0.12318	0.01221	0.01272	0.00878	0.00588	0.00505	0.00159	0.00639	0.00450	0.00442	0.02765
40	0.02445	0.01265	0.13176	0.07366	0.07574	0.00988	0.07215	0.04506	0.01242	0.10903	0.04525	0.02881	0.03370	0.00721	0.03129	0.00174	0.03229	0.02443	0.00361	0.22486
41	0.01270	0.03212	0.05543	0.15803	0.14687	0.05523	0.03117	0.07276	0.18208	0.01839	0.01447	0.05979	0.01227	0.01631	0.00562	0.00171	0.00587	0.03397	0.00368	0.08153
42	0.01045	0.02730	0.03750	0.06110	0.04360	0.00812	0.03905	0.02244	0.03748	0.02684	0.06615	0.10635	0.01638	0.03547	0.03201	0.02236	0.00497	0.05718	0.00367	0.34157

[dist]
# distance from previous block
# <min> <max>
0	3

[block]
# block no. 4 follows, 45 sequences, length 23
# corresponding to MSA columns:
# 259-269,274-285
name=unknown_E
#
# <colnr> <probs for GDERKNQSTAVLIFYWHMCP>
#	G	D	E	R	K	N	Q	S	T	A	V	L	I	F	Y	W	H	M	C	P
0	0.00803	0.00622	0.00793	0.00782	0.03340	0.00582	0.00554	0.00984	0.01158	0.01602	0.23902	0.05219	0.16479	0.12661	0.16253	0.00347	0.00561	0.02001	0.00430	0.10930
1	0.01626	0.12669	0.01595	0.01051	0.01456	0.01419	0.00878	0.36737	0.04959	0.04289	0.01185	0.01321	0.00931	0.04059	0.00619	0.00155	0.03557	0.00435	0.00424	0.20632
2	0.01198	0.03918	0.02830	0.03502	0.03546	0.07820	0.00735	0.02935	0.01101	0.09648	0.03148	0.14410	0.03102	0.01355	0.04913	0.24449	0.00551	0.04508	0.00368	0.05963
3	0.03085	0.02221	0.01488	0.11152	0.13859	0.10795	0.03064	0.07641	0.03691	0.08122	0.01253	0.07394	0.01091	0.00925	0.03615	0.08223	0.08425	0.00546	0.00344	0.03068
4	0.01213	0.01010	0.01512	0.04013	0.13215	0.01057	0.11330	0.03923	0.18511	0.06299	0.14083	0.02261	0.04813	0.05375	0.02233	0.03227	0.04156	0.00657	0.00424	0.00688
5	0.07245	0.00972	0.01704	0.01502	0.06117	0.00960	0.25550	0.01437	0.02785	0.04269	0.01859	0.06577	0.01817	0.01179	0.06839	0.00258	0.00696	0.27234	0.00386	0.00615
6	0.01136	0.00709	0.00912	0.04885	0.03284	0.00731	0.00651	0.04310	0.09330	0.10102	0.14653	0.07263	0.02077	0.07076	0.06505	0.12132	0.00479	0.00680	0.12526	0.00559
7	0.04009	0.00877	0.01177	0.03396	0.13294	0.00874	0.00854	0.04934	0.10475	0.21097	0.02236	0.23054	0.05398	0.02336	0.00620	0.00191	0.00448	0.03529	0.00496	0.00703
8	0.06309	0.02241	0.03722	0.02051	0.01307	0.00964	0.06917	0.09239	0.03908	0.10982	0.10644	0.02353	0.04550	0.04583	0.05865	0.07534	0.06869	0.05704	0.03640	0.00615
9	0.00766	0.00527	0.00635	0.00673	0.00711	0.00529	0.00432	0.00880	0.03463	0.01270	0.02178	0.29357	0.03587	0.39848	0.07570	0.00405	0.00496	0.01000	0.05270	0.00404
10	0.09397	0.00561	0.00621	0.00650	0.00731	0.00551	0.00434	0.00861	0.00984	0.01411	0.06596	0.27903	0.15258	0.27709	0.01354	0.02730	0.00386	0.01026	0.00421	0.00415
11	0.51825	0.00974	0.00868	0.00773	0.01068	0.01091	0.00620	0.07440	0.07267	0.05069	0.06327	0.05813	0.02820	0.00665	0.00421	0.00168	0.00402	0.00483	0.05285	0.00621
12	0.00969	0.00674	0.00794	0.00731	0.00865	0.00682	0.00523	0.05564	0.09600	0.04673	0.32158	0.03335	0.05097	0.27035	0.02735	0.00296	0.00408	0.00810	0.02529	0.00522
13	0.00740	0.00543	0.00689	0.00739	0.00841	0.00509	0.00560	0.00910	0.01215	0.01607	0.21539	0.22976	0.17167	0.08203	0.00852	0.00232	0.00353	0.19357	0.00505	0.00461
14	0.41229	0.00926	0.00891	0.00792	0.01069	0.01006	0.00622	0.06893	0.06557	0.11370	0.05962	0.10478	0.03664	0.05678	0.00600	0.00195	0.00415	0.00589	0.00440	0.00624
15	0.25400	0.00803	0.00806	0.00746	0.00950	0.00859	0.00557	0.03911	0.09898	0.06272	0.04743	0.08837	0.10688	0.18731	0.04388	0.00282	0.00461	0.00695	0.00423	0.00552
16	0.00950	0.00660	0.00782	0.00777	0.00901	0.00676	0.00586	0.07770	0.05596	0.01648	0.04113	0.10789	0.09830	0.18573	0.04104	0.05191	0.00465	0.16041	0.10054	0.00492
17	0.01030	0.00626	0.00786	0.00766	0.00876	0.00618	0.00544	0.03740	0.04373	0.10927	0.07106	0.21445	0.03632	0.25745	0.05659	0.05397	0.00485	0.05303	0.00448	0.00495
18	0.11588	0.00759	0.00869	0.00791	0.00994	0.00760	0.00593	0.04094	0.07880	0.18110	0.09401	0.13710	0.06593	0.17542	0.01010	0.00252	0.00417	0.03547	0.00492	0.00596
19	0.00836	0.00588	0.00741	0.00776	0.00917	0.00542	0.00602	0.01038	0.02800	0.05416	0.11633	0.27025	0.20092	0.01372	0.00661	0.00203	0.00357	0.20199	0.00510	0.03692
20	0.00971	0.03730	0.00981	0.00922	0.04262	0.00806	0.00661	0.03315	0.05434	0.03838	0.04408	0.03931	0.06046	0.19651	0.25869	0.02742	0.05134	0.02774	0.04007	0.00516
21	0.04411	0.00642	0.00907	0.00868	0.00963	0.00717	0.02793	0.00988	0.00951	0.01393	0.09058	0.08616	0.03375	0.08033	0.34086	0.09567	0.07394	0.02992	0.01785	0.00462
22	0.00757	0.00500	0.00664	0.00712	0.00751	0.00488	0.00482	0.00805	0.00978	0.01324	0.11564	0.33861	0.02800	0.18099	0.05867	0.15311	0.00446	0.03787	0.00415	0.00391

[dist]
# distance from previous block
# <min> <max>
0	3

[block]
# block no. 5 follows, 45 sequences, length 6
# corresponding to MSA columns:
# 289-294
name=unknown_F
#
# <colnr> <probs for GDERKNQSTAVLIFYWHMCP>
#	G	D	E	R	K	N	Q	S	T	A	V	L	I	F	Y	W	H	M	C	P
0	0.01228	0.13707	0.06663	0.06610	0.12033	0.08685	0.01010	0.06073	0.02924	0.01666	0.06942	0.06825	0.04277	0.00957	0.07242	0.00209	0.00642	0.00551	0.00336	0.11420
1	0.00971	0.10102	0.01147	0.01022	0.07701	0.05883	0.00710	0.01136	0.01022	0.01358	0.04384	0.06949	0.06836	0.13702	0.30079	0.00471	0.00855	0.00654	0.04498	0.00521
2	0.01309	0.06440	0.06451	0.04997	0.19704	0.04821	0.07300	0.01603	0.01204	0.06818	0.01129	0.01470	0.00934	0.00516	0.00489	0.00136	0.00582	0.03977	0.00317	0.29805
3	0.01188	0.00778	0.00929	0.00855	0.01059	0.00790	0.00677	0.12641	0.06547	0.06789	0.06928	0.08937	0.02012	0.03498	0.03849	0.05649	0.00457	0.14715	0.15613	0.06090
4	0.08790	0.06055	0.01027	0.00835	0.00987	0.00939	0.00636	0.10993	0.01076	0.01576	0.01360	0.02210	0.01339	0.27237	0.28987	0.00523	0.04005	0.00578	0.00331	0.00516
5	0.00973	0.00924	0.01591	0.18042	0.01995	0.00958	0.19906	0.01232	0.01103	0.01477	0.01918	0.15569	0.09123	0.06300	0.00840	0.00211	0.06571	0.05190	0.00342	0.05735

[dist]
# distance from previous block
# <min> <max>
0	2

[block]
# block no. 6 follows, 45 sequences, length 8
# corresponding to MSA columns:
# 297-304
name=unknown_G
#
# <colnr> <probs for GDERKNQSTAVLIFYWHMCP>
#	G	D	E	R	K	N	Q	S	T	A	V	L	I	F	Y	W	H	M	C	P
0	0.07567	0.00956	0.01102	0.00804	0.01264	0.00760	0.00647	0.01494	0.01140	0.09380	0.01054	0.01166	0.00832	0.00432	0.00407	0.00095	0.00405	0.00338	0.00353	0.69804
1	0.00996	0.00711	0.01029	0.06621	0.01212	0.00731	0.03989	0.01235	0.01381	0.09047	0.50644	0.05039	0.03664	0.01001	0.00758	0.01765	0.08268	0.00834	0.00514	0.00562
2	0.07112	0.00868	0.01091	0.01078	0.06490	0.00801	0.00775	0.01646	0.03868	0.20832	0.12638	0.13776	0.05626	0.01025	0.00621	0.00197	0.00444	0.09921	0.02490	0.08700
3	0.01313	0.01144	0.07353	0.08789	0.12084	0.00918	0.00988	0.01567	0.01261	0.07727	0.06315	0.01685	0.01287	0.00604	0.00515	0.00148	0.00512	0.00483	0.09685	0.35620
4	0.01289	0.01154	0.01846	0.12394	0.51214	0.01156	0.01411	0.01502	0.01226	0.01700	0.01606	0.01958	0.09471	0.00796	0.00743	0.08219	0.00628	0.00588	0.00326	0.00772
5	0.01330	0.04946	0.09861	0.01877	0.02321	0.01382	0.45574	0.01678	0.01242	0.01778	0.01198	0.01576	0.00956	0.00625	0.00784	0.00200	0.11724	0.00594	0.09611	0.00745
6	0.00869	0.00633	0.00840	0.00874	0.00956	0.00653	0.00636	0.00976	0.01009	0.01395	0.02193	0.21793	0.04962	0.14125	0.39689	0.00601	0.00952	0.05928	0.00407	0.00511
7	0.07000	0.00988	0.01136	0.00881	0.01296	0.00814	0.00689	0.01393	0.01138	0.01829	0.01129	0.01405	0.00972	0.01009	0.11779	0.00222	0.00591	0.00394	0.00355	0.64977

[dist]
# distance from previous block
# <min> <max>
9	197

# created by:
# /home/cegg/simao/soft/augustus-3.2.1/scripts/msa2prfl.pl ./align_prep/EOG091G15KV.fa
