[name]
unknown

[dist]
# distance from previous block
# <min> <max>
0	115

[block]
# block no. 0 follows, 47 sequences, length 23
# corresponding to MSA columns:
# 339-361
name=unknown_A
#
# <colnr> <probs for GDERKNQSTAVLIFYWHMCP>
#	G	D	E	R	K	N	Q	S	T	A	V	L	I	F	Y	W	H	M	C	P
0	0.00839	0.00599	0.00839	0.00959	0.01079	0.00599	0.00839	0.01079	0.01199	0.01558	0.02757	0.05874	0.02997	0.01439	0.00719	0.00240	0.00480	0.74945	0.00480	0.00480
1	0.01284	0.01109	0.01172	0.01045	0.01348	0.01264	0.00813	0.02691	0.73508	0.02153	0.02057	0.01898	0.01547	0.00690	0.00522	0.00171	0.00411	0.00574	0.00518	0.05224
2	0.00983	0.00926	0.01562	0.80447	0.03587	0.01157	0.01446	0.01331	0.01041	0.01331	0.00926	0.01388	0.00694	0.00521	0.00521	0.00174	0.00694	0.00463	0.00231	0.00579
3	0.01139	0.01139	0.01595	0.01367	0.01367	0.01595	0.01139	0.01253	0.00798	0.01253	0.00684	0.01139	0.00684	0.00911	0.01709	0.00228	0.80745	0.00456	0.00228	0.00570
4	0.29465	0.00972	0.01155	0.00911	0.01293	0.00958	0.03782	0.05478	0.01325	0.47278	0.01543	0.01431	0.01013	0.00583	0.00461	0.00162	0.00453	0.00446	0.00518	0.00773
5	0.01103	0.01047	0.01777	0.50280	0.32821	0.01188	0.01506	0.01435	0.01098	0.01475	0.00947	0.01350	0.00745	0.00499	0.00519	0.00166	0.00665	0.00463	0.00242	0.00675
6	0.01945	0.02482	0.01476	0.01342	0.01610	0.79608	0.01006	0.02079	0.01476	0.01275	0.00805	0.00939	0.00671	0.00537	0.00470	0.00134	0.00939	0.00335	0.00268	0.00604
7	0.01250	0.00671	0.00716	0.00635	0.00827	0.00684	0.00496	0.12887	0.01336	0.09151	0.01663	0.01820	0.01262	0.00613	0.00403	0.00130	0.00312	0.00486	0.64076	0.00583
8	0.01295	0.01119	0.01178	0.01060	0.01354	0.01295	0.00824	0.02767	0.77509	0.02178	0.02120	0.01943	0.01590	0.00707	0.00530	0.00177	0.00412	0.00589	0.00530	0.00824
9	0.02336	0.00886	0.01209	0.00927	0.01329	0.00765	0.00765	0.02538	0.01491	0.78810	0.02055	0.01773	0.01289	0.00645	0.00524	0.00161	0.00443	0.00524	0.00645	0.00886
10	0.77774	0.01142	0.00830	0.00745	0.01062	0.08316	0.00604	0.01581	0.00940	0.02240	0.00732	0.00854	0.00574	0.00488	0.00336	0.00159	0.00452	0.00287	0.00317	0.00568
11	0.02026	0.00972	0.01223	0.00946	0.01347	0.00893	0.00773	0.09746	0.09172	0.53158	0.01828	0.01644	0.01209	0.00614	0.00505	0.00151	0.00445	0.00496	0.00575	0.12277
12	0.00737	0.00532	0.00696	0.00655	0.00778	0.00491	0.00491	0.00983	0.01474	0.02088	0.78175	0.03890	0.04914	0.01065	0.00614	0.00164	0.00246	0.00942	0.00573	0.00491
13	0.00744	0.00558	0.00837	0.00837	0.00930	0.00651	0.00651	0.00930	0.00837	0.01209	0.01395	0.02046	0.01302	0.03906	0.79635	0.00837	0.01395	0.00558	0.00279	0.00465
14	0.01416	0.01179	0.01245	0.01084	0.01400	0.01352	0.00853	0.15798	0.64281	0.02373	0.01966	0.01821	0.01466	0.00692	0.00528	0.00173	0.00440	0.00568	0.00528	0.00835
15	0.00766	0.00591	0.00903	0.08091	0.01172	0.00697	0.00723	0.00966	0.00856	0.01220	0.01352	0.01986	0.01247	0.03597	0.72425	0.00776	0.01331	0.00549	0.00275	0.00475
16	0.01165	0.01188	0.01529	0.01325	0.01351	0.06919	0.01093	0.01286	0.00847	0.01251	0.00746	0.01194	0.00730	0.01113	0.07548	0.00268	0.69192	0.00455	0.00235	0.00564
17	0.01045	0.02694	0.79000	0.01484	0.02254	0.01209	0.01924	0.01649	0.01099	0.01649	0.00935	0.01099	0.00660	0.00495	0.00495	0.00165	0.00770	0.00385	0.00220	0.00770
18	0.01245	0.01192	0.02034	0.14405	0.67587	0.01226	0.01576	0.01559	0.01165	0.01648	0.00972	0.01303	0.00806	0.00472	0.00516	0.00157	0.00630	0.00464	0.00254	0.00789
19	0.01294	0.01293	0.01974	0.12552	0.48446	0.08346	0.08181	0.04132	0.01231	0.01647	0.01072	0.05470	0.00930	0.00542	0.00529	0.00160	0.00663	0.00519	0.00277	0.00743
20	0.01257	0.01205	0.02057	0.11196	0.70697	0.01229	0.01582	0.01571	0.01171	0.01663	0.00974	0.01299	0.00811	0.00470	0.00516	0.00157	0.00626	0.00464	0.00255	0.00799
21	0.01392	0.82012	0.02729	0.00891	0.01337	0.02061	0.00891	0.01559	0.01058	0.01225	0.00724	0.00835	0.00668	0.00446	0.00334	0.00111	0.00557	0.00278	0.00223	0.00668
22	0.01781	0.01105	0.01241	0.01033	0.01381	0.03122	0.00826	0.11131	0.38439	0.31056	0.01962	0.01774	0.01373	0.00670	0.00525	0.00167	0.00456	0.00544	0.00565	0.00849

[dist]
# distance from previous block
# <min> <max>
0	10

[block]
# block no. 1 follows, 47 sequences, length 34
# corresponding to MSA columns:
# 372-393,395-406
name=unknown_B
#
# <colnr> <probs for GDERKNQSTAVLIFYWHMCP>
#	G	D	E	R	K	N	Q	S	T	A	V	L	I	F	Y	W	H	M	C	P
0	0.85377	0.01007	0.00765	0.00685	0.01007	0.01168	0.00564	0.01531	0.00886	0.02336	0.00725	0.00846	0.00564	0.00483	0.00322	0.00161	0.00403	0.00282	0.00322	0.00564
1	0.00751	0.00550	0.00810	0.00810	0.00892	0.00632	0.00617	0.00907	0.00825	0.01182	0.01395	0.02134	0.01333	0.09903	0.70624	0.04053	0.01289	0.00569	0.00280	0.00444
2	0.85377	0.01007	0.00765	0.00685	0.01007	0.01168	0.00564	0.01531	0.00886	0.02336	0.00725	0.00846	0.00564	0.00483	0.00322	0.00161	0.00403	0.00282	0.00322	0.00564
3	0.01432	0.01186	0.01254	0.01087	0.01406	0.01359	0.00857	0.17505	0.62549	0.02398	0.01946	0.01805	0.01449	0.00690	0.00528	0.00173	0.00444	0.00565	0.00528	0.00837
4	0.01293	0.01621	0.10321	0.04130	0.05754	0.16434	0.35753	0.01702	0.05508	0.01572	0.01201	0.08479	0.01033	0.00598	0.00587	0.00170	0.02282	0.00598	0.00293	0.00672
5	0.01767	0.03241	0.03529	0.08581	0.11366	0.13878	0.02691	0.28083	0.05600	0.14220	0.01262	0.01325	0.00913	0.00577	0.00510	0.00156	0.00631	0.00458	0.00422	0.00791
6	0.05328	0.01054	0.05917	0.04572	0.01718	0.00955	0.27081	0.02974	0.04212	0.03138	0.20338	0.03913	0.12160	0.00780	0.00606	0.00173	0.02104	0.01970	0.00396	0.00609
7	0.00983	0.00926	0.01562	0.80447	0.03587	0.01157	0.01446	0.01331	0.01041	0.01331	0.00926	0.01388	0.00694	0.00521	0.00521	0.00174	0.00694	0.00463	0.00231	0.00579
8	0.00661	0.00478	0.00608	0.00680	0.00736	0.00443	0.00460	0.00772	0.01070	0.01429	0.15080	0.54200	0.10821	0.08992	0.00837	0.00228	0.00308	0.01289	0.00482	0.00426
9	0.58350	0.01122	0.01005	0.00837	0.01189	0.01267	0.00690	0.21878	0.01341	0.06751	0.00939	0.01006	0.00690	0.00530	0.00387	0.00160	0.00451	0.00346	0.00393	0.00668
10	0.01257	0.01205	0.02056	0.11294	0.70602	0.01229	0.01582	0.01570	0.01171	0.01662	0.00974	0.01299	0.00811	0.00470	0.00516	0.00157	0.00627	0.00464	0.00255	0.00799
11	0.01373	0.77697	0.06878	0.00923	0.01386	0.02014	0.00947	0.01564	0.01060	0.01248	0.00735	0.00850	0.00668	0.00448	0.00343	0.00114	0.00568	0.00284	0.00223	0.00674
12	0.02092	0.01278	0.01451	0.01113	0.01525	0.01347	0.00919	0.53321	0.02146	0.27101	0.01504	0.01415	0.01013	0.00631	0.00522	0.00158	0.00532	0.00486	0.00560	0.00886
13	0.05011	0.00547	0.00632	0.00619	0.00761	0.00501	0.00461	0.00904	0.01298	0.01791	0.41566	0.11439	0.30245	0.01178	0.00605	0.00172	0.00265	0.01014	0.00521	0.00470
14	0.01252	0.01200	0.02047	0.12543	0.69392	0.01228	0.01580	0.01566	0.01168	0.01656	0.00973	0.01301	0.00809	0.00471	0.00516	0.00157	0.00628	0.00464	0.00255	0.00795
15	0.08156	0.49389	0.08803	0.01012	0.01456	0.08578	0.00979	0.13293	0.01300	0.01674	0.00831	0.00932	0.00693	0.00489	0.00388	0.00129	0.00599	0.00322	0.00281	0.00697
16	0.00757	0.00505	0.00568	0.00568	0.00568	0.00505	0.00316	0.00757	0.00757	0.01010	0.01641	0.03408	0.01893	0.81698	0.02651	0.00505	0.00505	0.00757	0.00316	0.00316
17	0.01392	0.82012	0.02729	0.00891	0.01337	0.02061	0.00891	0.01559	0.01058	0.01225	0.00724	0.00835	0.00668	0.00446	0.00334	0.00111	0.00557	0.00278	0.00223	0.00668
18	0.00971	0.00485	0.00485	0.00485	0.00607	0.00485	0.00364	0.01213	0.01092	0.01942	0.01699	0.01942	0.01335	0.00607	0.00364	0.00121	0.00243	0.00485	0.84589	0.00485
19	0.00971	0.00485	0.00485	0.00485	0.00607	0.00485	0.00364	0.01213	0.01092	0.01942	0.01699	0.01942	0.01335	0.00607	0.00364	0.00121	0.00243	0.00485	0.84589	0.00485
20	0.01311	0.00906	0.00845	0.00741	0.00950	0.07638	0.00579	0.20442	0.01469	0.02224	0.01507	0.01679	0.01163	0.00605	0.00413	0.00131	0.00387	0.00468	0.55946	0.00597
21	0.00634	0.00453	0.00604	0.00725	0.00755	0.00423	0.00483	0.00725	0.00997	0.01329	0.02870	0.81358	0.03444	0.01632	0.00665	0.00211	0.00302	0.01480	0.00483	0.00423
22	0.01572	0.01255	0.01348	0.03113	0.01519	0.01425	0.00909	0.33500	0.44355	0.02616	0.01728	0.01641	0.01274	0.00668	0.00526	0.00168	0.00486	0.00536	0.00519	0.00844
23	0.00634	0.00453	0.00604	0.00725	0.00755	0.00423	0.00483	0.00725	0.00997	0.01329	0.02870	0.81358	0.03444	0.01632	0.00665	0.00211	0.00302	0.01480	0.00483	0.00423
24	0.01229	0.01405	0.03073	0.02195	0.02722	0.01317	0.76558	0.01668	0.01229	0.01668	0.01054	0.01405	0.00790	0.00439	0.00615	0.00176	0.00878	0.00615	0.00263	0.00702
25	0.01082	0.00930	0.01099	0.03621	0.01321	0.00725	0.00652	0.01347	0.02892	0.01695	0.00954	0.01111	0.00788	0.00398	0.00394	0.00083	0.00397	0.00321	0.00311	0.79880
26	0.00971	0.00485	0.00485	0.00485	0.00607	0.00485	0.00364	0.01213	0.01092	0.01942	0.01699	0.01942	0.01335	0.00607	0.00364	0.00121	0.00243	0.00485	0.84589	0.00485
27	0.01188	0.00985	0.01597	0.48189	0.14037	0.01150	0.02699	0.01506	0.02562	0.09565	0.01080	0.01469	0.00833	0.03190	0.00695	0.00185	0.07653	0.00484	0.00288	0.00645
28	0.01640	0.34935	0.03703	0.02818	0.01532	0.41906	0.00977	0.01804	0.01267	0.01262	0.00796	0.00946	0.00690	0.00607	0.02979	0.00149	0.00789	0.00323	0.00248	0.00629
29	0.01144	0.00924	0.01086	0.00779	0.01239	0.00698	0.00625	0.01374	0.01101	0.05638	0.00983	0.01115	0.00798	0.00399	0.00393	0.00081	0.00389	0.00320	0.00326	0.80589
30	0.00737	0.00532	0.00696	0.00655	0.00778	0.00491	0.00491	0.00983	0.01474	0.02088	0.78175	0.03890	0.04914	0.01065	0.00614	0.00164	0.00246	0.00942	0.00573	0.00491
31	0.00681	0.00527	0.00621	0.00614	0.00753	0.00468	0.00460	0.00866	0.01309	0.01726	0.39274	0.09918	0.36247	0.01225	0.00621	0.00175	0.00264	0.03260	0.00526	0.00464
32	0.01340	0.01141	0.01203	0.01069	0.01371	0.01316	0.00835	0.07620	0.72583	0.02251	0.02063	0.01897	0.01543	0.00701	0.00529	0.00175	0.00423	0.00581	0.00529	0.00828
33	0.01182	0.01115	0.04221	0.02998	0.21121	0.00950	0.03960	0.05289	0.04134	0.01782	0.01084	0.01264	0.02190	0.00455	0.00451	0.00115	0.00493	0.00399	0.00312	0.46484

[dist]
# distance from previous block
# <min> <max>
0	14

[block]
# block no. 2 follows, 47 sequences, length 26
# corresponding to MSA columns:
# 421-427,438-456
name=unknown_C
#
# <colnr> <probs for GDERKNQSTAVLIFYWHMCP>
#	G	D	E	R	K	N	Q	S	T	A	V	L	I	F	Y	W	H	M	C	P
0	0.01329	0.59535	0.18195	0.01091	0.01601	0.04083	0.04936	0.01598	0.01087	0.01335	0.00786	0.00921	0.00673	0.00458	0.00385	0.00126	0.00627	0.00319	0.00226	0.00689
1	0.85377	0.01007	0.00765	0.00685	0.01007	0.01168	0.00564	0.01531	0.00886	0.02336	0.00725	0.00846	0.00564	0.00483	0.00322	0.00161	0.00403	0.00282	0.00322	0.00564
2	0.00767	0.00576	0.00806	0.00793	0.00862	0.00660	0.00592	0.00899	0.00829	0.01171	0.01563	0.02405	0.04637	0.20388	0.53828	0.02254	0.05630	0.00616	0.00292	0.00433
3	0.00634	0.00455	0.00602	0.00719	0.00754	0.00424	0.00481	0.00726	0.01003	0.01332	0.02945	0.79000	0.05755	0.01622	0.00663	0.00210	0.00301	0.01469	0.00483	0.00424
4	0.00750	0.00534	0.00718	0.00718	0.00769	0.00586	0.00502	0.00853	0.00802	0.01121	0.01504	0.02650	0.01564	0.38428	0.45471	0.00690	0.01000	0.00646	0.00295	0.00399
5	0.01280	0.56409	0.27348	0.01083	0.01633	0.01786	0.01225	0.01588	0.01071	0.01362	0.00792	0.00921	0.00666	0.00461	0.00386	0.00129	0.00626	0.00313	0.00222	0.00701
6	0.01241	0.01188	0.02027	0.15315	0.66705	0.01225	0.01574	0.01556	0.01163	0.01643	0.00971	0.01305	0.00804	0.00473	0.00516	0.00158	0.00631	0.00464	0.00254	0.00786
7	0.01059	0.02591	0.72959	0.01541	0.02291	0.01218	0.07862	0.01651	0.01110	0.01651	0.00944	0.01124	0.00670	0.00490	0.00504	0.00166	0.00778	0.00403	0.00223	0.00764
8	0.02162	0.00877	0.01174	0.00912	0.01288	0.00777	0.00749	0.05774	0.01533	0.67761	0.09555	0.01958	0.01630	0.00685	0.00533	0.00161	0.00430	0.00563	0.00632	0.00847
9	0.00615	0.00528	0.00528	0.00528	0.00703	0.00440	0.00396	0.00747	0.01187	0.01407	0.05276	0.05012	0.78238	0.01319	0.00615	0.00176	0.00264	0.01099	0.00484	0.00440
10	0.00646	0.00460	0.00610	0.00719	0.00749	0.00436	0.00478	0.00734	0.00976	0.01305	0.02741	0.73651	0.03272	0.06876	0.03458	0.00252	0.00352	0.01403	0.00466	0.00417
11	0.01186	0.02302	0.53216	0.01600	0.02266	0.04518	0.17485	0.06539	0.02810	0.01754	0.00999	0.01184	0.00721	0.00498	0.00521	0.00166	0.00779	0.00441	0.00257	0.00757
12	0.00903	0.00657	0.00878	0.00854	0.00975	0.03936	0.00665	0.01089	0.00913	0.06240	0.01421	0.01979	0.01276	0.03467	0.69115	0.00745	0.01284	0.00545	0.02560	0.00498
13	0.00636	0.00526	0.00561	0.00572	0.00729	0.00454	0.00429	0.00773	0.01168	0.01420	0.07431	0.09827	0.64177	0.02867	0.02781	0.00204	0.00309	0.04216	0.00478	0.00440
14	0.00643	0.00485	0.00594	0.00658	0.00743	0.00437	0.00459	0.00766	0.01116	0.01454	0.13717	0.48780	0.25329	0.01464	0.00644	0.00195	0.00283	0.01297	0.00496	0.00437
15	0.01341	0.01117	0.01450	0.09074	0.03818	0.01384	0.01048	0.07517	0.23133	0.08482	0.01293	0.01464	0.01018	0.00756	0.01024	0.00194	0.34307	0.00502	0.00375	0.00703
16	0.01233	0.01282	0.02489	0.10043	0.37651	0.01265	0.34973	0.01604	0.01191	0.01652	0.01007	0.01350	0.00797	0.00458	0.00560	0.00166	0.00741	0.00531	0.00258	0.00747
17	0.01289	0.01237	0.02114	0.03196	0.78450	0.01237	0.01598	0.01598	0.01186	0.01701	0.00980	0.01289	0.00825	0.00464	0.00516	0.00155	0.00619	0.00464	0.00258	0.00825
18	0.01378	0.01397	0.01588	0.09085	0.25823	0.20748	0.04162	0.01782	0.10895	0.04280	0.10378	0.03530	0.01436	0.00623	0.00526	0.00158	0.00632	0.00537	0.00349	0.00695
19	0.01158	0.07807	0.67621	0.01411	0.02130	0.01265	0.01771	0.04799	0.01169	0.04788	0.00979	0.01115	0.00695	0.00503	0.00486	0.00161	0.00734	0.00387	0.00250	0.00772
20	0.00920	0.00691	0.00758	0.00723	0.00898	0.04767	0.00556	0.01105	0.03015	0.08959	0.03339	0.03526	0.37943	0.05154	0.22889	0.00373	0.00654	0.02801	0.00425	0.00505
21	0.02041	0.01026	0.01216	0.00964	0.01327	0.03736	0.00782	0.17128	0.05053	0.49430	0.01916	0.03881	0.02789	0.02012	0.00555	0.00166	0.00470	0.00548	0.04134	0.00826
22	0.01045	0.00981	0.01652	0.54092	0.23958	0.01132	0.01426	0.01365	0.01078	0.01432	0.01066	0.06522	0.00908	0.00577	0.00529	0.00171	0.00648	0.00529	0.00255	0.00636
23	0.01244	0.01234	0.02237	0.05599	0.57884	0.01223	0.16716	0.01573	0.01183	0.01669	0.01057	0.04040	0.00902	0.00501	0.00541	0.00161	0.00663	0.00529	0.00266	0.00778
24	0.00787	0.00602	0.00865	0.02515	0.01068	0.00589	0.04271	0.01016	0.03037	0.01535	0.08689	0.28884	0.07436	0.01379	0.00674	0.00215	0.00415	0.35066	0.00474	0.00482
25	0.01289	0.01237	0.02114	0.03196	0.78450	0.01237	0.01598	0.01598	0.01186	0.01701	0.00980	0.01289	0.00825	0.00464	0.00516	0.00155	0.00619	0.00464	0.00258	0.00825

[dist]
# distance from previous block
# <min> <max>
0	3

[block]
# block no. 3 follows, 47 sequences, length 37
# corresponding to MSA columns:
# 460-496
name=unknown_D
#
# <colnr> <probs for GDERKNQSTAVLIFYWHMCP>
#	G	D	E	R	K	N	Q	S	T	A	V	L	I	F	Y	W	H	M	C	P
0	0.01564	0.01935	0.45697	0.01285	0.01901	0.01036	0.03791	0.02003	0.01259	0.32334	0.01384	0.01377	0.00914	0.00553	0.00510	0.00164	0.00643	0.00447	0.00390	0.00814
1	0.00745	0.00552	0.00807	0.00807	0.00890	0.00635	0.00614	0.00911	0.00828	0.01187	0.01422	0.02196	0.01367	0.12501	0.71128	0.00800	0.01297	0.00580	0.00283	0.00448
2	0.02549	0.02508	0.71134	0.01505	0.05206	0.01176	0.01824	0.01605	0.01095	0.01650	0.01016	0.04579	0.00785	0.00543	0.00500	0.00166	0.00737	0.00434	0.00235	0.00753
3	0.01240	0.01170	0.02016	0.15877	0.59753	0.01202	0.04782	0.01554	0.01165	0.02954	0.01033	0.03042	0.00866	0.00501	0.00524	0.00160	0.00633	0.00493	0.00265	0.00771
4	0.01111	0.01209	0.02557	0.01882	0.02304	0.01134	0.60706	0.01473	0.01170	0.01584	0.01379	0.14682	0.01276	0.04156	0.00711	0.00196	0.00767	0.00764	0.00302	0.00640
5	0.01239	0.01161	0.01836	0.13365	0.50403	0.03429	0.02900	0.06107	0.01240	0.01701	0.01206	0.07058	0.01096	0.00613	0.00538	0.00165	0.00612	0.04291	0.00298	0.00741
6	0.07576	0.01369	0.05226	0.10587	0.35404	0.07647	0.14196	0.01653	0.04463	0.01667	0.00987	0.01271	0.00793	0.00506	0.00571	0.00164	0.04458	0.00467	0.00270	0.00726
7	0.01430	0.01229	0.07974	0.09086	0.31612	0.01104	0.10803	0.01818	0.05646	0.18147	0.02474	0.04043	0.01083	0.00567	0.00536	0.00164	0.00605	0.00536	0.00363	0.00778
8	0.01177	0.11525	0.26308	0.07937	0.15707	0.01266	0.11612	0.01551	0.01117	0.04776	0.01123	0.07660	0.00962	0.00595	0.00569	0.00165	0.04447	0.00521	0.00273	0.00710
9	0.01192	0.05045	0.32403	0.09460	0.20429	0.01209	0.07772	0.05121	0.01195	0.04489	0.01121	0.06193	0.00920	0.00565	0.00518	0.00164	0.00676	0.00503	0.00280	0.00743
10	0.01458	0.07475	0.29575	0.01539	0.12196	0.11397	0.01375	0.12879	0.08922	0.06568	0.01141	0.01233	0.00847	0.00542	0.00492	0.00156	0.00672	0.00423	0.00332	0.00778
11	0.01140	0.07436	0.60939	0.03081	0.04549	0.01293	0.05165	0.05996	0.02570	0.01723	0.00968	0.01132	0.00702	0.00500	0.00493	0.00162	0.00737	0.00401	0.00246	0.00766
12	0.03842	0.10145	0.09797	0.02459	0.07319	0.10088	0.07866	0.13888	0.03613	0.06533	0.01460	0.15291	0.01353	0.00754	0.00527	0.00165	0.00598	0.03239	0.00375	0.00686
13	0.01595	0.01360	0.07389	0.06648	0.11528	0.08975	0.13085	0.08258	0.06997	0.20964	0.03471	0.03163	0.01123	0.00600	0.00562	0.00164	0.02423	0.00528	0.00406	0.00761
14	0.02530	0.03647	0.44070	0.01406	0.03995	0.04072	0.08467	0.04735	0.01192	0.06847	0.01307	0.12955	0.01136	0.00672	0.00527	0.00170	0.00673	0.00576	0.00308	0.00715
15	0.00939	0.01131	0.15230	0.01497	0.18710	0.00844	0.04954	0.04171	0.01146	0.01574	0.02164	0.34203	0.09224	0.01031	0.00587	0.00183	0.00495	0.00932	0.00375	0.00611
16	0.01682	0.04180	0.01445	0.01150	0.03665	0.07700	0.08952	0.12129	0.07087	0.28683	0.03676	0.06099	0.09724	0.00737	0.00541	0.00163	0.00526	0.00626	0.00492	0.00746
17	0.01613	0.07206	0.06582	0.11446	0.15714	0.09713	0.02372	0.05979	0.04628	0.23154	0.01380	0.04447	0.01042	0.00596	0.00505	0.00157	0.00595	0.00495	0.01623	0.00753
18	0.01889	0.01172	0.06149	0.03544	0.04585	0.04726	0.02978	0.14337	0.04710	0.41170	0.01757	0.07877	0.01288	0.00691	0.00532	0.00164	0.00522	0.00574	0.00524	0.00809
19	0.03377	0.04526	0.36120	0.01598	0.15816	0.01150	0.01446	0.06104	0.01287	0.21749	0.01239	0.01302	0.00864	0.00533	0.00498	0.00160	0.00631	0.00434	0.00356	0.00808
20	0.01275	0.01694	0.25231	0.03923	0.17771	0.03993	0.14971	0.03183	0.10977	0.06088	0.01211	0.02892	0.00932	0.00553	0.00565	0.00168	0.02998	0.00501	0.00312	0.00761
21	0.01206	0.04505	0.16752	0.16941	0.05588	0.04349	0.22147	0.02413	0.02560	0.07124	0.01280	0.10418	0.01092	0.00628	0.00549	0.00171	0.00692	0.00600	0.00307	0.00677
22	0.03316	0.07451	0.08272	0.01498	0.11503	0.04336	0.09350	0.23382	0.11173	0.09199	0.01348	0.04539	0.01045	0.00606	0.00515	0.00160	0.00595	0.00514	0.00408	0.00788
23	0.01266	0.01212	0.01899	0.09886	0.37146	0.06866	0.13092	0.03577	0.01217	0.03965	0.01281	0.08204	0.02661	0.00610	0.00560	0.00164	0.02100	0.00580	0.03002	0.00711
24	0.00839	0.00562	0.00717	0.00723	0.00850	0.00526	0.00539	0.01071	0.04463	0.07307	0.32382	0.28455	0.11576	0.01253	0.00628	0.00186	0.00304	0.06580	0.00532	0.00506
25	0.01326	0.03213	0.21690	0.08890	0.20939	0.05877	0.13799	0.07324	0.01287	0.06453	0.01180	0.01382	0.03200	0.00527	0.00525	0.00162	0.00699	0.00481	0.00297	0.00749
26	0.09020	0.04193	0.01747	0.09181	0.23530	0.14038	0.07236	0.10603	0.01383	0.12528	0.01102	0.01258	0.00828	0.00524	0.00495	0.00155	0.00648	0.00441	0.00347	0.00743
27	0.00757	0.00505	0.00568	0.00568	0.00568	0.00505	0.00316	0.00757	0.00757	0.01010	0.01641	0.03408	0.01893	0.81698	0.02651	0.00505	0.00505	0.00757	0.00316	0.00316
28	0.00805	0.00603	0.00829	0.02411	0.09852	0.00573	0.00639	0.00964	0.01127	0.03598	0.13513	0.32770	0.14267	0.07646	0.00784	0.00215	0.00365	0.06869	0.01676	0.00494
29	0.04838	0.10837	0.17180	0.01788	0.24050	0.10234	0.03648	0.04532	0.04931	0.11461	0.01114	0.01237	0.00843	0.00517	0.00483	0.00152	0.00644	0.00424	0.00322	0.00766
30	0.06471	0.01066	0.01453	0.13971	0.24893	0.02873	0.01111	0.04092	0.18405	0.08056	0.01484	0.04908	0.01229	0.02390	0.00566	0.00176	0.00535	0.03814	0.01783	0.00724
31	0.06257	0.02483	0.67697	0.01458	0.02175	0.01227	0.05326	0.04480	0.01144	0.01754	0.00939	0.01104	0.00669	0.00496	0.00491	0.00165	0.00745	0.00393	0.00240	0.00758
32	0.09944	0.01346	0.01531	0.04869	0.27979	0.14304	0.01126	0.08433	0.11433	0.06231	0.01288	0.02788	0.01064	0.00610	0.00505	0.00162	0.00599	0.04691	0.00362	0.00735
33	0.06552	0.01517	0.01307	0.03015	0.01481	0.23985	0.00875	0.18899	0.15777	0.07839	0.04903	0.01416	0.01141	0.00604	0.00488	0.00148	0.00600	0.00453	0.00423	0.08579
34	0.04788	0.02991	0.00743	0.00679	0.03089	0.00613	0.00502	0.03798	0.01240	0.03975	0.08910	0.04108	0.56945	0.01127	0.00574	0.00167	0.00310	0.00934	0.00466	0.04040
35	0.03492	0.00819	0.00884	0.00825	0.02420	0.05618	0.00618	0.07211	0.07581	0.06042	0.38860	0.03227	0.11559	0.03998	0.00652	0.00178	0.00369	0.03081	0.01995	0.00572
36	0.04109	0.01364	0.06775	0.01193	0.05099	0.03765	0.00964	0.41041	0.12435	0.02577	0.04773	0.03959	0.04915	0.02161	0.00561	0.00167	0.00531	0.00551	0.00466	0.02594

[dist]
# distance from previous block
# <min> <max>
7	39

[block]
# block no. 4 follows, 47 sequences, length 60
# corresponding to MSA columns:
# 537-564,569-573,593-619
name=unknown_E
#
# <colnr> <probs for GDERKNQSTAVLIFYWHMCP>
#	G	D	E	R	K	N	Q	S	T	A	V	L	I	F	Y	W	H	M	C	P
0	0.03516	0.03072	0.01586	0.01205	0.01611	0.05881	0.03877	0.58920	0.04999	0.08167	0.01284	0.01284	0.00913	0.00611	0.00515	0.00156	0.00587	0.00468	0.00496	0.00850
1	0.00970	0.04741	0.00951	0.02767	0.02750	0.00765	0.00619	0.08350	0.06603	0.04070	0.27661	0.08535	0.22563	0.00996	0.00570	0.00163	0.00345	0.00848	0.00490	0.05245
2	0.09780	0.03510	0.06239	0.01158	0.03134	0.01404	0.02396	0.48874	0.01971	0.08435	0.03599	0.01325	0.00993	0.00601	0.00494	0.00154	0.00544	0.00459	0.02176	0.02754
3	0.03964	0.01973	0.03207	0.01255	0.01595	0.47938	0.04485	0.09647	0.03087	0.08476	0.01013	0.01102	0.00779	0.00537	0.00476	0.00137	0.00773	0.00381	0.00337	0.08836
4	0.09465	0.00865	0.00989	0.00954	0.01174	0.02811	0.00799	0.13453	0.05225	0.04842	0.06267	0.06116	0.02263	0.01072	0.00606	0.00199	0.00472	0.38331	0.00473	0.03624
5	0.06076	0.02603	0.05093	0.02856	0.05301	0.04718	0.00933	0.23481	0.12345	0.21008	0.05117	0.01759	0.03245	0.00668	0.00517	0.00162	0.00516	0.02321	0.00492	0.00790
6	0.08982	0.07631	0.10663	0.01331	0.08776	0.27411	0.01053	0.08989	0.05682	0.05377	0.02611	0.03130	0.03079	0.00590	0.00474	0.00148	0.00666	0.00439	0.00337	0.02631
7	0.45790	0.10475	0.04011	0.00848	0.01200	0.03356	0.00732	0.08964	0.10566	0.02182	0.02819	0.01220	0.03003	0.00556	0.00395	0.00155	0.00458	0.00381	0.00360	0.02529
8	0.01306	0.03534	0.05857	0.21850	0.34230	0.02832	0.03096	0.12252	0.03326	0.01802	0.01011	0.01293	0.00798	0.00528	0.00564	0.00163	0.04059	0.00459	0.00292	0.00747
9	0.04936	0.37391	0.11303	0.02947	0.04714	0.03936	0.01037	0.08721	0.03251	0.09174	0.01006	0.01110	0.00796	0.00610	0.02658	0.00157	0.02974	0.00369	0.00311	0.02597
10	0.03551	0.01230	0.01973	0.04505	0.60579	0.02849	0.04722	0.04983	0.03186	0.01787	0.01070	0.01406	0.00892	0.00504	0.00514	0.00157	0.00612	0.02018	0.02674	0.00788
11	0.01370	0.05724	0.12041	0.01626	0.10887	0.07460	0.18780	0.07040	0.04330	0.08550	0.08664	0.01621	0.01273	0.00610	0.00624	0.00166	0.06460	0.01708	0.00349	0.00716
12	0.00634	0.00453	0.00604	0.00725	0.00755	0.00423	0.00483	0.00725	0.00997	0.01329	0.02870	0.81358	0.03444	0.01632	0.00665	0.00211	0.00302	0.01480	0.00483	0.00423
13	0.01087	0.00932	0.01083	0.00780	0.01238	0.00713	0.00623	0.01356	0.03445	0.01712	0.00963	0.01107	0.00797	0.00396	0.00390	0.00080	0.00386	0.00317	0.00315	0.82281
14	0.01990	0.01441	0.01552	0.01190	0.01606	0.01589	0.00983	0.74473	0.02420	0.05563	0.01275	0.01266	0.00898	0.00626	0.00521	0.00156	0.00569	0.00471	0.00525	0.00886
15	0.00757	0.00505	0.00568	0.00568	0.00568	0.00505	0.00316	0.00757	0.00757	0.01010	0.01641	0.03408	0.01893	0.81698	0.02651	0.00505	0.00505	0.00757	0.00316	0.00316
16	0.00905	0.00452	0.00678	0.00678	0.00678	0.00452	0.00452	0.00678	0.00678	0.00905	0.00905	0.01583	0.00905	0.01809	0.02035	0.84848	0.00452	0.00452	0.00226	0.00226
17	0.00649	0.00522	0.00580	0.00581	0.00728	0.00452	0.00430	0.00807	0.01245	0.01580	0.24331	0.12128	0.51574	0.01282	0.00620	0.00176	0.00263	0.01094	0.00507	0.00452
18	0.01120	0.00924	0.01084	0.00776	0.01237	0.00696	0.00622	0.01351	0.01093	0.04176	0.00962	0.01102	0.00788	0.00394	0.00390	0.00080	0.00388	0.00315	0.00319	0.82181
19	0.01858	0.01368	0.01450	0.01141	0.01523	0.03068	0.00936	0.62134	0.07670	0.05042	0.01386	0.01461	0.01019	0.00650	0.00518	0.00158	0.00546	0.02380	0.04847	0.00845
20	0.00858	0.00868	0.07444	0.01383	0.15560	0.00725	0.06440	0.01074	0.01081	0.01477	0.02214	0.45129	0.02482	0.01211	0.00626	0.00198	0.00462	0.09811	0.00403	0.00553
21	0.01256	0.01060	0.01118	0.01014	0.01290	0.01219	0.00786	0.02610	0.70503	0.02139	0.02116	0.04294	0.01629	0.00728	0.00524	0.00174	0.00398	0.00609	0.05743	0.00791
22	0.01080	0.00926	0.01080	0.00771	0.01234	0.00694	0.00617	0.01311	0.01080	0.01697	0.00926	0.01080	0.00771	0.00386	0.00386	0.00077	0.00386	0.00309	0.00309	0.84882
23	0.03779	0.15376	0.43010	0.01375	0.01976	0.07598	0.08082	0.06658	0.02645	0.03471	0.00963	0.01104	0.00717	0.00501	0.00475	0.00154	0.00720	0.00393	0.00266	0.00739
24	0.02229	0.00941	0.01271	0.00974	0.01373	0.00849	0.02617	0.09307	0.01572	0.67709	0.04207	0.01778	0.01347	0.00650	0.00528	0.00161	0.00460	0.00533	0.00622	0.00870
25	0.08230	0.01341	0.08238	0.02818	0.63469	0.01232	0.03933	0.01599	0.01155	0.01749	0.00957	0.01241	0.00789	0.00467	0.00501	0.00157	0.00621	0.00447	0.00260	0.00795
26	0.03866	0.03809	0.12298	0.02890	0.13360	0.00957	0.01006	0.01702	0.06739	0.15209	0.03164	0.03277	0.03352	0.00561	0.00473	0.00137	0.00491	0.00467	0.00374	0.25868
27	0.01411	0.01043	0.01238	0.01202	0.08853	0.01120	0.00858	0.12097	0.36521	0.11533	0.10817	0.03593	0.03240	0.00741	0.00541	0.00168	0.00434	0.01837	0.00515	0.02238
28	0.01179	0.04696	0.01450	0.05146	0.27499	0.00963	0.02926	0.01532	0.08676	0.09732	0.07571	0.15725	0.07690	0.00819	0.00551	0.00168	0.00473	0.00736	0.00403	0.02065
29	0.00774	0.00524	0.00665	0.00704	0.00813	0.00472	0.00505	0.00910	0.01136	0.06375	0.13190	0.46926	0.16734	0.01393	0.00634	0.00193	0.00307	0.04279	0.00500	0.02964
30	0.01198	0.03735	0.21753	0.03970	0.35577	0.01216	0.09564	0.01669	0.06498	0.01702	0.01060	0.01290	0.00833	0.00485	0.00506	0.00155	0.00649	0.00455	0.02026	0.05659
31	0.01289	0.01237	0.02114	0.03196	0.78450	0.01237	0.01598	0.01598	0.01186	0.01701	0.00980	0.01289	0.00825	0.00464	0.00516	0.00155	0.00619	0.00464	0.00258	0.00825
32	0.01080	0.00926	0.01080	0.00771	0.01234	0.00694	0.00617	0.01311	0.01080	0.01697	0.00926	0.01080	0.00771	0.00386	0.00386	0.00077	0.00386	0.00309	0.00309	0.84882
33	0.03970	0.53464	0.05078	0.01073	0.04927	0.01830	0.00962	0.17965	0.01374	0.01766	0.02778	0.01032	0.00825	0.00504	0.00396	0.00128	0.00559	0.00349	0.00301	0.00719
34	0.01412	0.01472	0.07590	0.08098	0.42386	0.10870	0.01389	0.09298	0.03348	0.03524	0.01030	0.01253	0.00818	0.00502	0.00503	0.00151	0.00649	0.00440	0.00299	0.04964
35	0.01267	0.03224	0.01310	0.01295	0.11497	0.03926	0.02869	0.03352	0.45322	0.03584	0.07219	0.02009	0.04355	0.00693	0.00521	0.00166	0.00450	0.00589	0.05599	0.00754
36	0.00736	0.00565	0.00678	0.00644	0.00791	0.00524	0.00485	0.01023	0.05863	0.01906	0.53646	0.04084	0.24895	0.01114	0.00610	0.00168	0.00260	0.00964	0.00546	0.00497
37	0.00819	0.00624	0.00855	0.04375	0.01054	0.00701	0.00662	0.02624	0.08756	0.01423	0.03543	0.19116	0.01842	0.02708	0.45222	0.00554	0.00950	0.00760	0.02905	0.00507
38	0.00971	0.00485	0.00485	0.00485	0.00607	0.00485	0.00364	0.01213	0.01092	0.01942	0.01699	0.01942	0.01335	0.00607	0.00364	0.00121	0.00243	0.00485	0.84589	0.00485
39	0.01101	0.00938	0.01091	0.00781	0.01243	0.00716	0.00626	0.03076	0.01112	0.01734	0.00933	0.01084	0.00774	0.00391	0.00389	0.00079	0.00390	0.00312	0.00314	0.82916
40	0.00792	0.00575	0.00774	0.00844	0.00968	0.00557	0.00711	0.01022	0.01262	0.01672	0.21497	0.06513	0.09831	0.01340	0.00684	0.00215	0.00401	0.49362	0.00503	0.00478
41	0.01965	0.01451	0.01555	0.01195	0.01609	0.01608	0.00986	0.75124	0.04061	0.03258	0.01269	0.01265	0.00901	0.00627	0.00521	0.00157	0.00570	0.00471	0.00521	0.00884
42	0.68587	0.02513	0.06585	0.02313	0.03390	0.03005	0.03961	0.01557	0.00944	0.02180	0.00767	0.00912	0.00594	0.00483	0.00360	0.00161	0.00476	0.00313	0.00306	0.00595
43	0.01173	0.01110	0.01891	0.17799	0.54387	0.01151	0.03294	0.01479	0.01150	0.01604	0.01156	0.05468	0.01040	0.00582	0.00537	0.00166	0.00617	0.04385	0.00275	0.00737
44	0.01106	0.00901	0.01056	0.00780	0.01206	0.00703	0.00625	0.03447	0.01154	0.04074	0.04384	0.01488	0.03751	0.00489	0.00420	0.00093	0.00385	0.02343	0.00346	0.71250
45	0.00634	0.00467	0.00595	0.00692	0.00748	0.00428	0.00470	0.00736	0.01040	0.01363	0.05382	0.67218	0.15187	0.01567	0.00656	0.00205	0.00295	0.01406	0.00486	0.00428
46	0.01220	0.01162	0.01975	0.14738	0.64086	0.01196	0.01537	0.01529	0.01160	0.01635	0.01045	0.03156	0.00902	0.00516	0.00523	0.00160	0.00621	0.01804	0.00263	0.00773
47	0.01109	0.00654	0.00860	0.00854	0.01037	0.00620	0.00704	0.02756	0.02980	0.16803	0.11657	0.11296	0.11498	0.01211	0.00644	0.00203	0.00405	0.33617	0.00526	0.00566
48	0.01435	0.01385	0.01986	0.02779	0.61854	0.08920	0.01468	0.10549	0.01364	0.01847	0.00995	0.01250	0.00817	0.00490	0.00512	0.00153	0.00644	0.00452	0.00290	0.00811
49	0.01358	0.74282	0.10162	0.00949	0.01426	0.01978	0.00992	0.01568	0.01062	0.01267	0.00745	0.00861	0.00667	0.00450	0.00350	0.00117	0.00578	0.00289	0.00222	0.00678
50	0.00634	0.00453	0.00604	0.00725	0.00755	0.00423	0.00483	0.00725	0.00997	0.01329	0.02870	0.81358	0.03444	0.01632	0.00665	0.00211	0.00302	0.01480	0.00483	0.00423
51	0.00680	0.00568	0.00594	0.00591	0.00758	0.00509	0.00438	0.00916	0.07101	0.01488	0.08725	0.10204	0.60841	0.03426	0.00667	0.00187	0.00284	0.01069	0.00488	0.00468
52	0.01335	0.27249	0.06835	0.00937	0.01393	0.04115	0.00855	0.08903	0.04935	0.03428	0.00972	0.01071	0.00790	0.00462	0.00403	0.00110	0.00507	0.00339	0.00313	0.35049
53	0.00716	0.00531	0.00667	0.00633	0.00765	0.00482	0.00475	0.00942	0.01424	0.01970	0.65468	0.04086	0.17695	0.01109	0.00614	0.00166	0.00249	0.00969	0.00558	0.00482
54	0.01176	0.01218	0.06290	0.21192	0.44614	0.01247	0.01495	0.01485	0.01094	0.01557	0.00941	0.01296	0.00777	0.00540	0.00668	0.00169	0.11058	0.00459	0.02002	0.00723
55	0.00758	0.00502	0.00572	0.00576	0.00577	0.00501	0.00325	0.00754	0.00763	0.01017	0.01659	0.05860	0.01914	0.76758	0.02569	0.02993	0.00497	0.00772	0.00318	0.00316
56	0.01252	0.01085	0.01161	0.01044	0.01319	0.01258	0.00814	0.02595	0.69994	0.02114	0.04172	0.02061	0.04106	0.00744	0.00582	0.00178	0.03601	0.00609	0.00518	0.00793
57	0.00993	0.01187	0.17166	0.03221	0.02770	0.00786	0.03442	0.02689	0.01113	0.03083	0.03751	0.22143	0.01579	0.00770	0.00507	0.00143	0.00473	0.00673	0.00349	0.33161
58	0.00871	0.00552	0.00696	0.00678	0.00821	0.00494	0.00501	0.01047	0.01290	0.10694	0.34114	0.24113	0.19714	0.01218	0.00617	0.00179	0.00287	0.01067	0.00539	0.00509
59	0.01395	0.28783	0.02042	0.01722	0.26505	0.15428	0.01112	0.01637	0.02882	0.01483	0.05325	0.01223	0.00990	0.00520	0.00481	0.00136	0.02987	0.00401	0.00274	0.04674

[dist]
# distance from previous block
# <min> <max>
4	7

[block]
# block no. 5 follows, 47 sequences, length 6
# corresponding to MSA columns:
# 627-632
name=unknown_F
#
# <colnr> <probs for GDERKNQSTAVLIFYWHMCP>
#	G	D	E	R	K	N	Q	S	T	A	V	L	I	F	Y	W	H	M	C	P
0	0.01082	0.00933	0.01474	0.16611	0.33740	0.00962	0.01147	0.01409	0.04003	0.04451	0.21631	0.02263	0.06702	0.00701	0.00549	0.00163	0.00499	0.00635	0.00373	0.00670
1	0.12016	0.01289	0.01474	0.01216	0.04928	0.06345	0.05568	0.32941	0.01783	0.25204	0.01372	0.01347	0.00944	0.00589	0.00500	0.00158	0.00559	0.00463	0.00490	0.00815
2	0.00641	0.00467	0.00604	0.00699	0.00752	0.00430	0.00475	0.00749	0.01056	0.01400	0.09355	0.67156	0.11191	0.01553	0.00655	0.00204	0.00294	0.01397	0.00491	0.00430
3	0.00635	0.00518	0.00561	0.00573	0.00721	0.00444	0.00421	0.00776	0.01199	0.01488	0.14855	0.15790	0.57549	0.01329	0.00622	0.00179	0.00267	0.01132	0.00496	0.00444
4	0.01585	0.01085	0.01147	0.00976	0.01280	0.06724	0.00771	0.10597	0.29934	0.21827	0.10689	0.02090	0.04709	0.00730	0.00530	0.00164	0.00446	0.00597	0.03353	0.00767
5	0.01166	0.01130	0.01977	0.33053	0.43355	0.01213	0.07561	0.01500	0.01133	0.01555	0.00965	0.01337	0.00771	0.00484	0.00525	0.00164	0.00669	0.00476	0.00248	0.00720

[dist]
# distance from previous block
# <min> <max>
1	4

[block]
# block no. 6 follows, 47 sequences, length 9
# corresponding to MSA columns:
# 637-645
name=unknown_G
#
# <colnr> <probs for GDERKNQSTAVLIFYWHMCP>
#	G	D	E	R	K	N	Q	S	T	A	V	L	I	F	Y	W	H	M	C	P
0	0.01659	0.14755	0.13561	0.01045	0.01442	0.15421	0.00970	0.03931	0.01348	0.26022	0.07448	0.04277	0.01328	0.00634	0.00484	0.00149	0.00578	0.00491	0.03741	0.00718
1	0.00990	0.00926	0.01527	0.74734	0.03418	0.01124	0.01387	0.01329	0.01044	0.01357	0.00926	0.01366	0.00700	0.00511	0.00511	0.00167	0.00672	0.00452	0.00237	0.06623
2	0.00745	0.00553	0.00814	0.00814	0.00899	0.00639	0.00622	0.00915	0.00830	0.01192	0.01416	0.02162	0.01352	0.10535	0.73074	0.00809	0.01319	0.00575	0.00282	0.00452
3	0.00814	0.00612	0.00852	0.00978	0.06442	0.00591	0.00733	0.01048	0.01282	0.01728	0.28212	0.07705	0.08487	0.01243	0.00660	0.00203	0.00390	0.37021	0.00496	0.00503
4	0.00971	0.00485	0.00485	0.00485	0.00607	0.00485	0.00364	0.01213	0.01092	0.01942	0.01699	0.01942	0.01335	0.00607	0.00364	0.00121	0.00243	0.00485	0.84589	0.00485
5	0.01878	0.00901	0.01162	0.00870	0.01295	0.00739	0.00711	0.02090	0.01341	0.50655	0.01642	0.01520	0.01100	0.00550	0.00473	0.00130	0.00422	0.00445	0.00522	0.31554
6	0.00710	0.00531	0.00659	0.00627	0.00762	0.00480	0.00470	0.00931	0.01411	0.01938	0.62093	0.04137	0.21089	0.01121	0.00614	0.00166	0.00250	0.00976	0.00553	0.00480
7	0.01295	0.01119	0.01178	0.01060	0.01354	0.01295	0.00824	0.02767	0.77509	0.02178	0.02120	0.01943	0.01590	0.00707	0.00530	0.00177	0.00412	0.00589	0.00530	0.00824
8	0.07186	0.01205	0.01616	0.18675	0.16151	0.07385	0.01239	0.01417	0.00980	0.01432	0.00803	0.01185	0.00703	0.00685	0.01038	0.00191	0.36807	0.00437	0.00244	0.00621

[dist]
# distance from previous block
# <min> <max>
0	24

[block]
# block no. 7 follows, 47 sequences, length 20
# corresponding to MSA columns:
# 670-689
name=unknown_H
#
# <colnr> <probs for GDERKNQSTAVLIFYWHMCP>
#	G	D	E	R	K	N	Q	S	T	A	V	L	I	F	Y	W	H	M	C	P
0	0.01392	0.82012	0.02729	0.00891	0.01337	0.02061	0.00891	0.01559	0.01058	0.01225	0.00724	0.00835	0.00668	0.00446	0.00334	0.00111	0.00557	0.00278	0.00223	0.00668
1	0.00962	0.00742	0.00851	0.00771	0.00969	0.00750	0.00600	0.11459	0.12208	0.02089	0.37598	0.03595	0.19993	0.01028	0.00595	0.00171	0.00328	0.04176	0.00536	0.00580
2	0.00634	0.00453	0.00604	0.00725	0.00755	0.00423	0.00483	0.00725	0.00997	0.01329	0.02870	0.81358	0.03444	0.01632	0.00665	0.00211	0.00302	0.01480	0.00483	0.00423
3	0.34026	0.01267	0.01236	0.00994	0.01368	0.01427	0.00817	0.43973	0.05724	0.02861	0.01093	0.01131	0.00798	0.00575	0.00445	0.00159	0.00499	0.00403	0.00445	0.00759
4	0.01945	0.02482	0.01476	0.01342	0.01610	0.79608	0.01006	0.02079	0.01476	0.01275	0.00805	0.00939	0.00671	0.00537	0.00470	0.00134	0.00939	0.00335	0.00268	0.00604
5	0.02047	0.01362	0.01487	0.01188	0.03412	0.04912	0.00952	0.53774	0.02145	0.21234	0.01416	0.01362	0.00971	0.00622	0.00519	0.00156	0.00560	0.00476	0.00533	0.00872
6	0.00852	0.00654	0.00796	0.00752	0.00909	0.00659	0.00575	0.01342	0.17015	0.02048	0.55477	0.05285	0.05719	0.01028	0.00603	0.00172	0.00293	0.04706	0.00556	0.00556
7	0.01080	0.00926	0.01080	0.00771	0.01234	0.00694	0.00617	0.01311	0.01080	0.01697	0.00926	0.01080	0.00771	0.00386	0.00386	0.00077	0.00386	0.00309	0.00309	0.84882
8	0.01077	0.00537	0.00571	0.00548	0.00692	0.00531	0.00415	0.03213	0.01151	0.07473	0.01773	0.06013	0.01429	0.00663	0.00395	0.00130	0.00269	0.00539	0.72060	0.00521
9	0.02212	0.00876	0.01180	0.00917	0.01301	0.00770	0.00753	0.02463	0.04312	0.71846	0.06144	0.01893	0.01495	0.00669	0.00529	0.00162	0.00431	0.00549	0.00636	0.00863
10	0.00767	0.00539	0.00692	0.00653	0.00786	0.00492	0.00490	0.00996	0.01432	0.04150	0.66780	0.06502	0.11569	0.01095	0.00613	0.00166	0.00255	0.00963	0.00564	0.00495
11	0.00632	0.00463	0.00594	0.00698	0.00748	0.00425	0.00471	0.00728	0.01023	0.01340	0.03200	0.70904	0.13686	0.01589	0.00658	0.00207	0.00297	0.01428	0.00483	0.00425
12	0.01063	0.01007	0.01706	0.60295	0.23116	0.01178	0.01486	0.01400	0.01079	0.01427	0.00940	0.01362	0.00728	0.00506	0.00519	0.00169	0.00674	0.00463	0.00238	0.00643
13	0.01232	0.01073	0.01212	0.00947	0.01351	0.02810	0.02997	0.06783	0.25397	0.01943	0.01326	0.01371	0.01036	0.00508	0.00449	0.00118	0.00434	0.00418	0.00390	0.48203
14	0.01686	0.01313	0.01397	0.01139	0.01503	0.01478	0.00919	0.44951	0.34690	0.02808	0.01624	0.01548	0.01188	0.00660	0.00525	0.00165	0.00504	0.00520	0.00525	0.00859
15	0.75578	0.01038	0.00859	0.03935	0.01158	0.01202	0.00632	0.07293	0.01012	0.02369	0.00773	0.00899	0.00594	0.00496	0.00346	0.00161	0.00428	0.00304	0.00334	0.00589
16	0.01594	0.31758	0.01925	0.01192	0.07693	0.07600	0.00947	0.10691	0.02615	0.14585	0.04282	0.01282	0.01015	0.00588	0.00567	0.00146	0.08610	0.00416	0.01772	0.00721
17	0.00799	0.00707	0.06714	0.00722	0.00903	0.00552	0.00605	0.01067	0.01437	0.04045	0.67915	0.03656	0.06841	0.01018	0.00603	0.00164	0.00292	0.00893	0.00545	0.00521
18	0.00757	0.00599	0.00854	0.00755	0.00916	0.00547	0.06316	0.01001	0.01414	0.01957	0.61648	0.03862	0.15267	0.01054	0.00614	0.00166	0.00297	0.00940	0.00536	0.00500
19	0.01281	0.01088	0.01157	0.01035	0.01321	0.01247	0.00806	0.05728	0.68528	0.02218	0.07921	0.02063	0.01815	0.00731	0.00536	0.00175	0.00406	0.00611	0.00533	0.00801

[dist]
# distance from previous block
# <min> <max>
0	1

[block]
# block no. 8 follows, 47 sequences, length 39
# corresponding to MSA columns:
# 691-700,702-722,726-733
name=unknown_I
#
# <colnr> <probs for GDERKNQSTAVLIFYWHMCP>
#	G	D	E	R	K	N	Q	S	T	A	V	L	I	F	Y	W	H	M	C	P
0	0.00865	0.00712	0.02516	0.00985	0.01145	0.00686	0.05443	0.01225	0.09405	0.01613	0.06741	0.20486	0.04090	0.01296	0.00669	0.00216	0.00450	0.40458	0.00472	0.00525
1	0.01118	0.14234	0.60873	0.01359	0.02039	0.01342	0.01675	0.01735	0.07864	0.01634	0.01009	0.01135	0.00743	0.00506	0.00474	0.00158	0.00707	0.00387	0.00248	0.00760
2	0.00970	0.00510	0.00527	0.00527	0.00649	0.00512	0.00393	0.03331	0.01123	0.01926	0.01790	0.08959	0.01509	0.00698	0.00395	0.00130	0.00257	0.00573	0.74730	0.00491
3	0.00713	0.00524	0.00661	0.00641	0.00758	0.00479	0.00471	0.00920	0.01366	0.01890	0.58979	0.10882	0.14206	0.04346	0.00700	0.00183	0.00263	0.01003	0.00543	0.00472
4	0.01165	0.06134	0.66862	0.01429	0.02141	0.03163	0.01773	0.08307	0.01226	0.01766	0.00950	0.01097	0.00680	0.00505	0.00489	0.00161	0.00747	0.00386	0.00248	0.00771
5	0.01242	0.01181	0.01971	0.10181	0.64631	0.01182	0.01497	0.01548	0.01163	0.01666	0.00970	0.01280	0.00808	0.00462	0.00505	0.00150	0.00605	0.00450	0.00260	0.08250
6	0.00661	0.00483	0.00587	0.00646	0.00724	0.00437	0.00445	0.00739	0.01039	0.01332	0.06225	0.42766	0.28014	0.04951	0.00853	0.07710	0.00309	0.01212	0.00457	0.00409
7	0.00746	0.00606	0.00636	0.00609	0.00793	0.00546	0.00461	0.07494	0.01307	0.01617	0.09970	0.09606	0.61239	0.01260	0.00610	0.00176	0.00292	0.01057	0.00493	0.00482
8	0.01186	0.01100	0.01822	0.24452	0.47250	0.01180	0.01445	0.04831	0.01171	0.01625	0.01013	0.01382	0.00833	0.00792	0.07528	0.00220	0.00706	0.00472	0.00264	0.00727
9	0.01235	0.01163	0.01945	0.02889	0.69173	0.01156	0.01454	0.01515	0.01145	0.01640	0.01036	0.01470	0.00918	0.07660	0.00701	0.00183	0.00601	0.00485	0.00264	0.03366
10	0.01392	0.82012	0.02729	0.00891	0.01337	0.02061	0.00891	0.01559	0.01058	0.01225	0.00724	0.00835	0.00668	0.00446	0.00334	0.00111	0.00557	0.00278	0.00223	0.00668
11	0.00960	0.00715	0.00839	0.00895	0.00986	0.07549	0.00719	0.01028	0.01042	0.01305	0.01937	0.03938	0.02060	0.01488	0.01157	0.29786	0.00511	0.42312	0.00372	0.00402
12	0.01311	0.01000	0.01068	0.01042	0.01235	0.00881	0.00735	0.01414	0.08045	0.02132	0.20060	0.13793	0.38173	0.03505	0.00895	0.00288	0.00496	0.02465	0.00678	0.00783
13	0.01365	0.45357	0.02124	0.01045	0.01329	0.11403	0.00936	0.01519	0.01043	0.01287	0.00789	0.01003	0.00717	0.00591	0.00716	0.00146	0.21771	0.00346	0.05890	0.00622
14	0.01080	0.00926	0.01080	0.00771	0.01234	0.00694	0.00617	0.01311	0.01080	0.01697	0.00926	0.01080	0.00771	0.00386	0.00386	0.00077	0.00386	0.00309	0.00309	0.84882
15	0.00692	0.00520	0.00637	0.00685	0.00778	0.00485	0.00490	0.00875	0.03815	0.01522	0.18070	0.37897	0.20131	0.05642	0.00747	0.00210	0.00308	0.05550	0.00494	0.00452
