[name]
unknown

[dist]
# distance from previous block
# <min> <max>
3	117

[block]
# block no. 0 follows, 49 sequences, length 45
# corresponding to MSA columns:
# 138-182
name=unknown_A
#
# <colnr> <probs for GDERKNQSTAVLIFYWHMCP>
#	G	D	E	R	K	N	Q	S	T	A	V	L	I	F	Y	W	H	M	C	P
0	0.34552	0.03487	0.04913	0.01046	0.01429	0.01294	0.08986	0.24664	0.07545	0.02385	0.02288	0.01149	0.00827	0.00530	0.00432	0.00154	0.00509	0.00403	0.00378	0.03030
1	0.41392	0.03888	0.10228	0.00948	0.01325	0.01057	0.08492	0.02744	0.01082	0.13748	0.06620	0.02696	0.01062	0.00553	0.00421	0.00157	0.00477	0.00426	0.02053	0.00631
2	0.01280	0.01078	0.01432	0.04352	0.25298	0.05241	0.02523	0.07757	0.15754	0.07324	0.01446	0.08513	0.01233	0.00967	0.08791	0.00224	0.00610	0.00562	0.00371	0.05242
3	0.00794	0.00645	0.04429	0.00693	0.00775	0.00605	0.00503	0.04067	0.00878	0.01209	0.05577	0.02792	0.01745	0.50019	0.22645	0.00527	0.00719	0.00665	0.00314	0.00398
4	0.00600	0.00505	0.00520	0.00533	0.00688	0.00425	0.00393	0.00723	0.01133	0.01358	0.04872	0.13130	0.70768	0.01313	0.00603	0.00174	0.00260	0.01107	0.00470	0.00425
5	0.01448	0.00886	0.01089	0.00798	0.01229	0.00697	0.00646	0.01663	0.01179	0.27101	0.01258	0.01269	0.00914	0.00457	0.00418	0.00102	0.00393	0.00368	0.00406	0.57680
6	0.06617	0.01048	0.06381	0.00954	0.01366	0.00889	0.00833	0.11072	0.01499	0.61274	0.01763	0.01571	0.01128	0.00606	0.00496	0.00156	0.00464	0.00481	0.00568	0.00836
7	0.01518	0.01216	0.01290	0.01082	0.01414	0.01379	0.00863	0.31956	0.48468	0.02535	0.01727	0.01623	0.01276	0.00655	0.00511	0.00164	0.00461	0.00526	0.00511	0.00824
8	0.01165	0.01291	0.02728	0.12849	0.07487	0.01253	0.62308	0.01571	0.01166	0.01577	0.01002	0.01355	0.00757	0.00438	0.00578	0.00169	0.00813	0.00568	0.00251	0.00673
9	0.00955	0.00899	0.01517	0.81013	0.03483	0.01123	0.01404	0.01292	0.01011	0.01292	0.00899	0.01348	0.00674	0.00506	0.00506	0.00169	0.00674	0.00449	0.00225	0.00562
10	0.01129	0.00896	0.01057	0.00759	0.01204	0.00679	0.00609	0.01352	0.01075	0.06795	0.00971	0.01093	0.00782	0.00391	0.00383	0.00080	0.00378	0.00313	0.00321	0.79730
11	0.01352	0.82533	0.02650	0.00865	0.01298	0.02001	0.00865	0.01514	0.01027	0.01190	0.00703	0.00811	0.00649	0.00433	0.00324	0.00108	0.00541	0.00270	0.00216	0.00649
12	0.85801	0.00978	0.00743	0.00665	0.00978	0.01134	0.00548	0.01486	0.00861	0.02269	0.00704	0.00821	0.00548	0.00469	0.00313	0.00156	0.00391	0.00274	0.00313	0.00548
13	0.01377	0.01146	0.01211	0.01053	0.01360	0.01313	0.00829	0.16102	0.64551	0.02308	0.01907	0.01766	0.01421	0.00672	0.00513	0.00168	0.00428	0.00551	0.00513	0.00811
14	0.00860	0.00444	0.00649	0.00649	0.00660	0.00438	0.00436	0.00663	0.00691	0.00911	0.01159	0.01757	0.06040	0.01725	0.01885	0.79655	0.00427	0.00481	0.00236	0.00233
15	0.00955	0.00899	0.01517	0.81013	0.03483	0.01123	0.01404	0.01292	0.01011	0.01292	0.00899	0.01348	0.00674	0.00506	0.00506	0.00169	0.00674	0.00449	0.00225	0.00562
16	0.01244	0.01194	0.02039	0.05128	0.77110	0.01199	0.01548	0.01545	0.01148	0.01643	0.00950	0.01254	0.00798	0.00452	0.00501	0.00151	0.00603	0.00451	0.00250	0.00795
17	0.01526	0.01125	0.08896	0.01099	0.01565	0.00847	0.13394	0.01808	0.01224	0.30779	0.01331	0.01354	0.00930	0.00487	0.00471	0.00129	0.00510	0.00434	0.00406	0.31684
18	0.00953	0.00911	0.01568	0.71047	0.03273	0.01097	0.06788	0.01285	0.01032	0.01319	0.01134	0.01538	0.04867	0.00541	0.00517	0.00169	0.00665	0.00493	0.00240	0.00563
19	0.01024	0.00970	0.01642	0.62760	0.21193	0.01142	0.01439	0.01353	0.01044	0.01376	0.00911	0.01326	0.00704	0.00493	0.00504	0.00164	0.00657	0.00450	0.00231	0.00618
20	0.00711	0.00517	0.00670	0.00631	0.00753	0.00475	0.00474	0.00946	0.01421	0.02003	0.76028	0.03818	0.07567	0.01043	0.00596	0.00159	0.00239	0.00920	0.00553	0.00475
21	0.01192	0.01141	0.01945	0.18699	0.63943	0.01186	0.01522	0.01500	0.01123	0.01580	0.00941	0.01271	0.00776	0.00462	0.00502	0.00154	0.00615	0.00450	0.00245	0.00753
22	0.02772	0.35853	0.29593	0.01073	0.01599	0.01424	0.02687	0.01564	0.01093	0.06617	0.05023	0.01147	0.00912	0.00491	0.00415	0.00132	0.00583	0.00365	0.00269	0.06389
23	0.85801	0.00978	0.00743	0.00665	0.00978	0.01134	0.00548	0.01486	0.00861	0.02269	0.00704	0.00821	0.00548	0.00469	0.00313	0.00156	0.00391	0.00274	0.00313	0.00548
24	0.00724	0.00537	0.00786	0.00786	0.00868	0.00618	0.00599	0.00886	0.00805	0.01154	0.01378	0.02120	0.01322	0.11685	0.72411	0.00780	0.01268	0.00561	0.00274	0.00437
25	0.00728	0.00549	0.00677	0.00639	0.00776	0.00514	0.00481	0.01018	0.05833	0.01927	0.62577	0.03842	0.16433	0.01053	0.00592	0.00162	0.00251	0.00919	0.00540	0.00488
26	0.01049	0.00899	0.01049	0.00749	0.01198	0.00674	0.00599	0.01273	0.01049	0.01648	0.00899	0.01049	0.00749	0.00374	0.00374	0.00075	0.00374	0.00300	0.00300	0.85320
27	0.01185	0.07121	0.02694	0.01850	0.02348	0.01247	0.61226	0.01565	0.01162	0.01593	0.00983	0.01281	0.00756	0.00420	0.00547	0.00153	0.00764	0.00533	0.00259	0.12314
28	0.01074	0.16713	0.66034	0.01340	0.02031	0.01320	0.01691	0.01586	0.01061	0.01529	0.00871	0.01022	0.00642	0.00472	0.00453	0.00151	0.00711	0.00355	0.00214	0.00730
29	0.01038	0.08347	0.74089	0.01400	0.02125	0.01234	0.01796	0.01595	0.01065	0.01572	0.00893	0.01049	0.00641	0.00477	0.00469	0.00156	0.00733	0.00366	0.00214	0.00740
30	0.00717	0.00522	0.00678	0.00652	0.00774	0.00482	0.00498	0.00949	0.01396	0.01954	0.69108	0.03982	0.08560	0.01074	0.00604	0.00165	0.00257	0.06610	0.00545	0.00474
31	0.01122	0.00944	0.01228	0.00998	0.06864	0.00747	0.04738	0.01362	0.01080	0.04929	0.00955	0.01108	0.00775	0.00393	0.00401	0.00089	0.00418	0.00335	0.00308	0.71205
32	0.00841	0.00611	0.00857	0.06658	0.07312	0.00602	0.00655	0.01078	0.04428	0.05791	0.28516	0.35142	0.03249	0.01137	0.00594	0.00178	0.00338	0.01021	0.00474	0.00516
33	0.00722	0.00542	0.00813	0.00813	0.00903	0.00632	0.00632	0.00903	0.00813	0.01174	0.01354	0.01987	0.01264	0.03792	0.80225	0.00813	0.01354	0.00542	0.00271	0.00451
34	0.01047	0.02393	0.66702	0.01504	0.02201	0.01191	0.10840	0.01655	0.04751	0.01628	0.00976	0.01142	0.00699	0.00484	0.00496	0.00162	0.00743	0.00410	0.00233	0.00742
35	0.01788	0.01632	0.01424	0.01166	0.01517	0.23796	0.00928	0.43026	0.11538	0.02426	0.01182	0.01205	0.00881	0.00581	0.00487	0.00144	0.00629	0.00426	0.00428	0.04794
36	0.01195	0.01216	0.06965	0.15817	0.50955	0.01166	0.01436	0.06900	0.01207	0.01679	0.01168	0.02886	0.04114	0.00529	0.00507	0.00156	0.00599	0.00490	0.00275	0.00738
37	0.47900	0.00910	0.00897	0.06511	0.01201	0.01040	0.00663	0.06486	0.05090	0.06151	0.01035	0.01285	0.00839	0.04593	0.13238	0.00277	0.00583	0.00390	0.00340	0.00574
38	0.01157	0.00964	0.01552	0.06381	0.45677	0.00960	0.01166	0.01456	0.02776	0.07326	0.23135	0.02020	0.01968	0.00636	0.00529	0.00155	0.00486	0.00589	0.00368	0.00701
39	0.01156	0.01194	0.02309	0.16073	0.30613	0.01196	0.33777	0.01512	0.01142	0.01567	0.01036	0.02806	0.00848	0.00487	0.00549	0.00164	0.00713	0.01906	0.00256	0.00696
40	0.00845	0.00729	0.04870	0.00683	0.00762	0.06220	0.00487	0.00853	0.00843	0.01067	0.01771	0.07471	0.09620	0.39755	0.01847	0.20344	0.00486	0.00694	0.00305	0.00349
41	0.01277	0.00706	0.00965	0.08061	0.05275	0.00684	0.00691	0.02823	0.01169	0.25750	0.10032	0.06427	0.04492	0.21711	0.01072	0.00252	0.00450	0.07130	0.00453	0.00579
42	0.01405	0.01243	0.03284	0.10135	0.39792	0.05229	0.10166	0.08356	0.01297	0.10352	0.01129	0.01418	0.00884	0.00515	0.00516	0.00157	0.00630	0.02420	0.00318	0.00754
43	0.01727	0.01538	0.05681	0.07449	0.07597	0.14777	0.02576	0.38936	0.03446	0.08156	0.01144	0.01222	0.00833	0.00571	0.00518	0.00152	0.02065	0.00437	0.00407	0.00770
44	0.01272	0.01144	0.01846	0.08991	0.38196	0.04824	0.12689	0.01565	0.01194	0.08405	0.05326	0.01611	0.02449	0.00538	0.00519	0.00153	0.00602	0.02576	0.00311	0.05789

[dist]
# distance from previous block
# <min> <max>
1	3

[block]
# block no. 1 follows, 49 sequences, length 14
# corresponding to MSA columns:
# 189-202
name=unknown_B
#
# <colnr> <probs for GDERKNQSTAVLIFYWHMCP>
#	G	D	E	R	K	N	Q	S	T	A	V	L	I	F	Y	W	H	M	C	P
0	0.00783	0.00538	0.00763	0.05457	0.00989	0.00561	0.00600	0.00933	0.00965	0.05817	0.05310	0.34396	0.04098	0.04897	0.28938	0.00423	0.00708	0.02971	0.00392	0.00461
1	0.01042	0.00874	0.01015	0.00733	0.01163	0.00662	0.00585	0.01268	0.01049	0.01662	0.00942	0.01097	0.00781	0.00387	0.00373	0.00077	0.00366	0.00310	0.05223	0.80390
2	0.01027	0.00798	0.00950	0.00721	0.01085	0.00624	0.00571	0.01247	0.01154	0.06267	0.16635	0.01857	0.06269	0.00574	0.00440	0.00102	0.00344	0.00480	0.00380	0.58476
3	0.78736	0.00968	0.00780	0.00685	0.01004	0.01101	0.00564	0.01569	0.00910	0.08794	0.00813	0.00898	0.00607	0.00483	0.00329	0.00156	0.00394	0.00294	0.00339	0.00574
4	0.00788	0.00559	0.00795	0.00948	0.07435	0.00548	0.00634	0.00926	0.01021	0.03966	0.06478	0.40902	0.02710	0.06319	0.08401	0.02598	0.00467	0.13616	0.00425	0.00464
5	0.01531	0.08373	0.01469	0.01214	0.07918	0.10708	0.00910	0.33663	0.04636	0.02226	0.05473	0.01396	0.01098	0.00749	0.04158	0.00176	0.04684	0.00456	0.07149	0.02013
6	0.01068	0.01068	0.10738	0.01035	0.07845	0.00758	0.00832	0.01336	0.01092	0.05801	0.06689	0.04303	0.01182	0.00700	0.05114	0.00150	0.00487	0.00433	0.00325	0.49044
7	0.01286	0.20770	0.32378	0.01285	0.08195	0.01272	0.01270	0.04825	0.03226	0.10970	0.04105	0.03770	0.01010	0.00548	0.00457	0.00146	0.00586	0.00433	0.00311	0.03156
8	0.01155	0.15965	0.03432	0.01110	0.09956	0.01016	0.03323	0.04339	0.06501	0.09180	0.07430	0.10201	0.06779	0.08326	0.03835	0.00208	0.00495	0.01902	0.00380	0.04465
9	0.01303	0.01089	0.11540	0.01149	0.10051	0.03304	0.00905	0.01675	0.08474	0.21863	0.13115	0.02426	0.12522	0.00838	0.02540	0.00176	0.00475	0.03116	0.00452	0.02987
10	0.01636	0.03328	0.11734	0.03486	0.07674	0.05782	0.03148	0.11198	0.03675	0.27887	0.02913	0.01396	0.01016	0.00545	0.00482	0.00143	0.00539	0.00444	0.00423	0.12550
11	0.01474	0.01201	0.11832	0.01277	0.08430	0.00931	0.09191	0.06959	0.03330	0.24752	0.01429	0.07073	0.01103	0.00585	0.00495	0.00144	0.00520	0.00515	0.00408	0.18351
12	0.11751	0.00929	0.02515	0.01070	0.07625	0.00925	0.02055	0.09313	0.05415	0.14947	0.07238	0.06345	0.06026	0.03473	0.00643	0.00174	0.05171	0.06302	0.00428	0.07654
13	0.03859	0.01192	0.05213	0.05633	0.30068	0.04174	0.11676	0.04597	0.06476	0.10950	0.03432	0.08026	0.01194	0.00606	0.00522	0.00161	0.00581	0.00566	0.00349	0.00723

[dist]
# distance from previous block
# <min> <max>
47	122

[block]
# block no. 2 follows, 49 sequences, length 33
# corresponding to MSA columns:
# 394-426
name=unknown_C
#
# <colnr> <probs for GDERKNQSTAVLIFYWHMCP>
#	G	D	E	R	K	N	Q	S	T	A	V	L	I	F	Y	W	H	M	C	P
0	0.09177	0.07810	0.04724	0.01342	0.11014	0.03118	0.10328	0.11874	0.07966	0.14950	0.03574	0.04469	0.04779	0.00616	0.00493	0.00155	0.00529	0.00527	0.00400	0.02156
1	0.03704	0.12634	0.04821	0.04858	0.01568	0.03997	0.10736	0.08356	0.04142	0.16361	0.03919	0.06556	0.01157	0.00599	0.00504	0.00144	0.02311	0.00505	0.00380	0.12747
2	0.01385	0.15706	0.08865	0.01035	0.02769	0.02150	0.04327	0.07779	0.13056	0.16222	0.06501	0.06247	0.04028	0.00667	0.00487	0.00149	0.00485	0.01468	0.00417	0.06257
3	0.07432	0.06994	0.12611	0.01146	0.03587	0.01154	0.05892	0.14693	0.06309	0.16344	0.04742	0.06267	0.01207	0.00644	0.00556	0.00158	0.05161	0.00517	0.00405	0.04181
4	0.03088	0.04005	0.01268	0.00994	0.01321	0.04843	0.04768	0.10417	0.22256	0.20198	0.09056	0.03404	0.03370	0.00680	0.00507	0.00154	0.00456	0.01675	0.00485	0.07055
5	0.01303	0.01026	0.05679	0.01030	0.01349	0.00949	0.08102	0.12574	0.16761	0.13921	0.14298	0.10504	0.04050	0.00780	0.00540	0.00162	0.00447	0.00682	0.00477	0.05366
6	0.01240	0.48116	0.26895	0.01053	0.01556	0.03990	0.01162	0.01533	0.01059	0.03143	0.00920	0.05577	0.00815	0.00521	0.00401	0.00132	0.00601	0.00377	0.00241	0.00669
7	0.01131	0.00906	0.01186	0.05870	0.13275	0.00833	0.00810	0.09161	0.02669	0.05207	0.03651	0.13965	0.03945	0.00673	0.00480	0.00131	0.00428	0.00583	0.00367	0.34729
8	0.01758	0.05724	0.01452	0.01073	0.01430	0.04370	0.09249	0.13865	0.05029	0.36547	0.02842	0.05353	0.03379	0.00776	0.03198	0.00180	0.00540	0.01985	0.00494	0.00755
9	0.01282	0.01206	0.02007	0.05100	0.72576	0.01220	0.01514	0.05903	0.01218	0.01730	0.00965	0.01252	0.00801	0.00461	0.00501	0.00151	0.00600	0.00451	0.00264	0.00798
10	0.01092	0.01051	0.01821	0.44004	0.35191	0.01165	0.05583	0.01419	0.01080	0.01461	0.00928	0.01308	0.00732	0.00478	0.00508	0.00161	0.00653	0.00458	0.00237	0.00669
11	0.00659	0.00513	0.00646	0.00766	0.05215	0.00466	0.00499	0.00784	0.01065	0.01386	0.06788	0.44934	0.29442	0.01363	0.00611	0.00186	0.00294	0.01203	0.02735	0.00443
12	0.01196	0.01145	0.01953	0.17577	0.65032	0.01187	0.01524	0.01504	0.01125	0.01585	0.00941	0.01269	0.00777	0.00461	0.00502	0.00154	0.00614	0.00450	0.00246	0.00757
13	0.03136	0.01946	0.01472	0.05218	0.11084	0.53371	0.01031	0.04144	0.01399	0.11141	0.00971	0.01082	0.00750	0.00526	0.00470	0.00139	0.00784	0.00373	0.00311	0.00653
14	0.00614	0.00447	0.00580	0.00687	0.00729	0.00412	0.00462	0.00706	0.00985	0.01298	0.03000	0.74883	0.10223	0.01557	0.00641	0.00202	0.00290	0.01404	0.00469	0.00412
15	0.01114	0.01107	0.01869	0.42861	0.28469	0.03854	0.10592	0.01443	0.01094	0.01450	0.00927	0.01303	0.00727	0.00478	0.00513	0.00161	0.00679	0.00463	0.00238	0.00657
16	0.01238	0.01187	0.02027	0.06779	0.75509	0.01198	0.01545	0.01540	0.01145	0.01635	0.00949	0.01256	0.00795	0.00453	0.00501	0.00151	0.00604	0.00450	0.00249	0.00790
17	0.01216	0.01165	0.01988	0.12442	0.70014	0.01192	0.01534	0.01521	0.01135	0.01609	0.00945	0.01263	0.00786	0.00457	0.00501	0.00152	0.00610	0.00450	0.00247	0.00772
18	0.00617	0.00459	0.00576	0.00661	0.00724	0.00417	0.00452	0.00721	0.01030	0.01344	0.07112	0.61889	0.19167	0.01493	0.00633	0.00196	0.00283	0.01334	0.00474	0.00417
19	0.01008	0.00953	0.01612	0.67130	0.16953	0.01137	0.01431	0.01338	0.01036	0.01356	0.00908	0.01331	0.00697	0.00496	0.00505	0.00165	0.00661	0.00450	0.00229	0.00604
20	0.01142	0.06052	0.39698	0.01701	0.02318	0.01276	0.34440	0.04359	0.01168	0.01646	0.00958	0.01188	0.00704	0.00459	0.00524	0.00162	0.00776	0.00468	0.00243	0.00718
21	0.00641	0.00530	0.00564	0.00559	0.00720	0.00464	0.00418	0.00831	0.03985	0.01492	0.16271	0.08224	0.61063	0.01235	0.00597	0.00171	0.00260	0.01043	0.00485	0.00447
22	0.01096	0.15662	0.59829	0.05915	0.02095	0.03963	0.01647	0.01583	0.01070	0.01504	0.00869	0.01036	0.00644	0.00475	0.00455	0.00151	0.00715	0.00359	0.00216	0.00715
23	0.01266	0.10140	0.26517	0.01201	0.04415	0.01145	0.05548	0.11715	0.05639	0.10026	0.05464	0.03096	0.10340	0.00655	0.00502	0.00156	0.00557	0.00541	0.00369	0.00708
24	0.00612	0.00457	0.00570	0.00660	0.00722	0.00414	0.00450	0.00709	0.01011	0.01308	0.03324	0.64192	0.20705	0.01514	0.00634	0.00197	0.00285	0.01352	0.00469	0.00414
25	0.01089	0.03922	0.50626	0.01737	0.07276	0.01225	0.23729	0.01602	0.01109	0.01601	0.00939	0.01160	0.00688	0.00462	0.00512	0.00161	0.00764	0.00441	0.00228	0.00730
26	0.02898	0.03180	0.32169	0.01562	0.05808	0.01149	0.22468	0.03571	0.05158	0.12901	0.01211	0.03585	0.00899	0.00529	0.00519	0.00163	0.00678	0.00497	0.00318	0.00738
27	0.01189	0.01138	0.01940	0.19403	0.63260	0.01185	0.01521	0.01498	0.01122	0.01577	0.00940	0.01272	0.00774	0.00462	0.00502	0.00154	0.00616	0.00450	0.00245	0.00751
28	0.00688	0.00540	0.00649	0.03113	0.03211	0.00486	0.00504	0.00837	0.01146	0.03003	0.12526	0.21103	0.44937	0.01261	0.00604	0.00178	0.00297	0.03994	0.00468	0.00455
29	0.03475	0.20145	0.04770	0.08149	0.28129	0.03722	0.06647	0.01667	0.03237	0.11507	0.01095	0.03396	0.00883	0.00512	0.00465	0.00146	0.00585	0.00445	0.00303	0.00720
30	0.01878	0.01365	0.01461	0.01195	0.04147	0.05099	0.00944	0.56500	0.08799	0.11383	0.01345	0.01316	0.00951	0.00607	0.00504	0.00153	0.00547	0.00465	0.00500	0.00840
31	0.77090	0.00995	0.00830	0.00807	0.04937	0.01144	0.00612	0.01553	0.04939	0.02230	0.00788	0.00899	0.00613	0.00480	0.00333	0.00157	0.00402	0.00298	0.00320	0.00574
32	0.01206	0.08233	0.52935	0.01334	0.03827	0.01173	0.03049	0.04782	0.02719	0.09912	0.03473	0.03119	0.00929	0.00542	0.00484	0.00157	0.00656	0.00435	0.00294	0.00741

[dist]
# distance from previous block
# <min> <max>
1	4

[block]
# block no. 3 follows, 49 sequences, length 22
# corresponding to MSA columns:
# 431-452
name=unknown_D
#
# <colnr> <probs for GDERKNQSTAVLIFYWHMCP>
#	G	D	E	R	K	N	Q	S	T	A	V	L	I	F	Y	W	H	M	C	P
0	0.00980	0.00778	0.00935	0.00747	0.01083	0.00611	0.00578	0.01174	0.01058	0.04248	0.03425	0.19064	0.01503	0.00695	0.00454	0.00113	0.00358	0.02701	0.00360	0.59135
1	0.01436	0.31378	0.21355	0.01133	0.01613	0.08445	0.02475	0.14506	0.07058	0.04654	0.01002	0.01076	0.00774	0.00508	0.00431	0.00138	0.00618	0.00369	0.00307	0.00723
2	0.01272	0.04086	0.02040	0.06519	0.59755	0.01189	0.07463	0.01572	0.01152	0.05042	0.00989	0.01261	0.00804	0.00455	0.00497	0.00148	0.00605	0.00452	0.00267	0.04431
3	0.01136	0.30409	0.43499	0.01221	0.01803	0.01444	0.04257	0.01587	0.04439	0.01469	0.00958	0.03921	0.00785	0.00510	0.00438	0.00144	0.00647	0.00393	0.00238	0.00701
4	0.01138	0.01330	0.05637	0.01965	0.02449	0.01198	0.66763	0.01546	0.01185	0.01601	0.01303	0.01744	0.04692	0.00519	0.00598	0.00173	0.00800	0.04421	0.00275	0.00661
5	0.00825	0.00656	0.03052	0.03446	0.08258	0.00600	0.00672	0.02594	0.03273	0.04902	0.08342	0.51151	0.06654	0.01265	0.00605	0.00189	0.00358	0.02201	0.00450	0.00508
6	0.01255	0.30187	0.37111	0.01216	0.03767	0.05432	0.01329	0.04222	0.01136	0.04915	0.00971	0.03143	0.00795	0.00521	0.00436	0.00142	0.00642	0.01821	0.00257	0.00701
7	0.01252	0.01201	0.02053	0.03104	0.79074	0.01201	0.01552	0.01552	0.01151	0.01652	0.00951	0.01252	0.00801	0.00451	0.00501	0.00150	0.00601	0.00451	0.00250	0.00801
8	0.00683	0.00500	0.00607	0.00622	0.00738	0.00447	0.00450	0.00839	0.01199	0.03425	0.29580	0.27761	0.28758	0.01273	0.00610	0.00177	0.00266	0.01114	0.00503	0.00450
9	0.10412	0.01172	0.05380	0.01369	0.13572	0.02706	0.04654	0.16878	0.04060	0.28389	0.01456	0.03077	0.01066	0.00604	0.00497	0.00159	0.00522	0.02800	0.00453	0.00776
10	0.01019	0.00964	0.01633	0.64117	0.19876	0.01140	0.01436	0.01348	0.01042	0.01370	0.00910	0.01327	0.00702	0.00494	0.00504	0.00165	0.00658	0.00450	0.00230	0.00614
11	0.01276	0.01084	0.01816	0.24059	0.50483	0.01133	0.01428	0.01576	0.01144	0.09592	0.01045	0.01326	0.00813	0.00484	0.00503	0.00156	0.00603	0.00456	0.00282	0.00742
12	0.05727	0.06709	0.07764	0.06351	0.20880	0.03663	0.07689	0.11311	0.04936	0.12949	0.01142	0.01272	0.00852	0.00520	0.00513	0.00152	0.02726	0.00441	0.00347	0.04057
13	0.01365	0.11397	0.41777	0.01328	0.04616	0.01157	0.06486	0.01779	0.01175	0.20125	0.03293	0.01294	0.00915	0.00520	0.00481	0.00153	0.00635	0.00426	0.00326	0.00753
14	0.00626	0.00485	0.00567	0.00605	0.00710	0.00430	0.00429	0.00753	0.01116	0.01431	0.15604	0.33617	0.37062	0.03358	0.00664	0.00190	0.00273	0.01174	0.00479	0.00426
15	0.00954	0.01477	0.30544	0.06860	0.01769	0.00944	0.10416	0.05032	0.03535	0.01627	0.07319	0.19236	0.04758	0.00822	0.00553	0.00174	0.00572	0.02447	0.00340	0.00621
16	0.01329	0.12008	0.21372	0.04600	0.30488	0.01308	0.03761	0.09135	0.01247	0.07162	0.01003	0.01182	0.00771	0.00492	0.00497	0.00150	0.02029	0.00417	0.00287	0.00762
17	0.01064	0.02513	0.74326	0.01446	0.02173	0.01163	0.04351	0.01632	0.01085	0.04299	0.00949	0.01100	0.00666	0.00484	0.00485	0.00160	0.00740	0.00386	0.00229	0.00749
18	0.00614	0.00487	0.00553	0.00598	0.00713	0.00426	0.00430	0.00733	0.01093	0.01362	0.06445	0.33538	0.46560	0.01389	0.00618	0.00185	0.00275	0.03087	0.00472	0.00423
19	0.01177	0.07029	0.29087	0.05667	0.22134	0.05271	0.07420	0.01542	0.01110	0.04940	0.01088	0.05697	0.00922	0.04051	0.00585	0.00170	0.00659	0.00486	0.00266	0.00700
20	0.04980	0.22719	0.15903	0.05228	0.03942	0.02866	0.17613	0.01630	0.05059	0.07444	0.01150	0.05563	0.00960	0.00558	0.00476	0.00152	0.00624	0.02161	0.00296	0.00675
21	0.00636	0.00462	0.00602	0.00706	0.00749	0.00437	0.00477	0.00767	0.03169	0.01333	0.04566	0.75718	0.05418	0.01538	0.00639	0.00202	0.00294	0.01391	0.00473	0.00424

[dist]
# distance from previous block
# <min> <max>
0	47

# created by:
# /home/cegg/simao/soft/augustus-3.2.1/scripts/msa2prfl.pl ./align_prep/EOG091G0XQ3.fa
