[name]
unknown

[dist]
# distance from previous block
# <min> <max>
0	23

[block]
# block no. 0 follows, 52 sequences, length 32
# corresponding to MSA columns:
# 57-74,81-94
name=unknown_A
#
# <colnr> <probs for GDERKNQSTAVLIFYWHMCP>
#	G	D	E	R	K	N	Q	S	T	A	V	L	I	F	Y	W	H	M	C	P
0	0.01231	0.31599	0.03110	0.04661	0.06431	0.02667	0.02483	0.06024	0.01103	0.08086	0.01152	0.06983	0.01054	0.02799	0.02889	0.00159	0.02027	0.04525	0.01101	0.09917
1	0.02187	0.00804	0.03998	0.05114	0.01094	0.03077	0.00653	0.05080	0.09954	0.05569	0.21900	0.04611	0.12720	0.06246	0.08514	0.00233	0.01978	0.00675	0.00413	0.05181
2	0.01209	0.03572	0.07688	0.05097	0.01460	0.02608	0.05017	0.11354	0.19733	0.06257	0.04926	0.06149	0.01279	0.00746	0.02195	0.00175	0.13276	0.02025	0.00375	0.04860
3	0.00817	0.00654	0.03979	0.02746	0.00931	0.00544	0.00556	0.01020	0.02582	0.06118	0.24432	0.20580	0.10619	0.06259	0.02897	0.00189	0.00351	0.00831	0.00427	0.13467
4	0.02259	0.09361	0.11420	0.22162	0.11690	0.01145	0.09256	0.06453	0.06308	0.03228	0.05254	0.01479	0.01029	0.06202	0.00613	0.00172	0.00583	0.00470	0.00287	0.00628
5	0.03347	0.00967	0.05255	0.00878	0.01138	0.03113	0.02971	0.19622	0.08604	0.07091	0.07112	0.12053	0.19416	0.02446	0.02109	0.00178	0.01937	0.00722	0.00438	0.00601
6	0.00784	0.06025	0.00796	0.00653	0.00795	0.00587	0.04964	0.00955	0.01010	0.01461	0.06641	0.17075	0.17341	0.05363	0.06144	0.00207	0.00381	0.00768	0.27602	0.00447
7	0.01682	0.01026	0.05939	0.25866	0.04277	0.05115	0.10624	0.04258	0.01097	0.02183	0.08945	0.09628	0.07851	0.00723	0.00627	0.00166	0.08514	0.00621	0.00308	0.00551
8	0.01195	0.05961	0.02545	0.05906	0.13384	0.06757	0.53914	0.01549	0.01136	0.01493	0.00932	0.01231	0.00721	0.00422	0.00531	0.00155	0.00762	0.00510	0.00241	0.00656
9	0.01061	0.22251	0.42605	0.04851	0.01733	0.01232	0.01316	0.03277	0.01062	0.03440	0.01246	0.01541	0.06246	0.00568	0.00447	0.00146	0.00601	0.05469	0.00256	0.00651
10	0.00588	0.00474	0.00513	0.00538	0.00658	0.00411	0.00383	0.00696	0.01043	0.01281	0.05784	0.22140	0.55467	0.06932	0.00714	0.00192	0.00269	0.01078	0.00441	0.00399
11	0.00824	0.00617	0.00746	0.00690	0.00839	0.00623	0.00530	0.01157	0.11196	0.05784	0.38878	0.06533	0.22047	0.00997	0.00630	0.00162	0.05916	0.00839	0.00486	0.00507
12	0.01194	0.09193	0.04646	0.07545	0.48560	0.02681	0.02784	0.04643	0.05282	0.01599	0.01043	0.01268	0.01950	0.00472	0.00459	0.00141	0.00555	0.00429	0.04847	0.00710
13	0.00994	0.00974	0.02439	0.00903	0.01026	0.13390	0.00700	0.06408	0.02440	0.01327	0.01807	0.17455	0.10858	0.08142	0.14319	0.00299	0.15001	0.00702	0.00331	0.00487
14	0.01376	0.32039	0.11738	0.01119	0.01459	0.21138	0.02398	0.06842	0.01135	0.01345	0.00750	0.00917	0.00640	0.00527	0.00597	0.00138	0.14657	0.00331	0.00238	0.00618
15	0.00630	0.00441	0.00574	0.00663	0.00701	0.00418	0.00452	0.00726	0.00942	0.01273	0.06641	0.62132	0.03034	0.10433	0.00815	0.00224	0.00309	0.06263	0.02938	0.00391
16	0.01168	0.01812	0.38018	0.03961	0.03467	0.01182	0.26596	0.08294	0.01181	0.05460	0.00975	0.01171	0.00705	0.00474	0.00539	0.00158	0.03430	0.00447	0.00263	0.00700
17	0.00779	0.00508	0.00616	0.00613	0.00748	0.00448	0.00450	0.00920	0.01139	0.10162	0.19709	0.27679	0.32031	0.01196	0.00577	0.00170	0.00271	0.01040	0.00484	0.00461
18	0.01189	0.01155	0.01854	0.06602	0.50313	0.05412	0.10904	0.01532	0.05633	0.03190	0.01113	0.06869	0.00968	0.00527	0.00500	0.00151	0.00591	0.00516	0.00276	0.00705
19	0.01925	0.06410	0.03381	0.00899	0.01263	0.00899	0.00762	0.13426	0.01451	0.55968	0.01743	0.07095	0.01228	0.00644	0.00484	0.00150	0.00437	0.00523	0.00536	0.00778
20	0.00687	0.00494	0.00617	0.00679	0.02065	0.00457	0.00468	0.02398	0.01036	0.04033	0.07003	0.47998	0.23369	0.02605	0.03534	0.00207	0.00323	0.01151	0.00447	0.00431
21	0.00656	0.00498	0.00542	0.00535	0.00679	0.00430	0.00393	0.00784	0.01111	0.04223	0.14341	0.09505	0.56449	0.06837	0.00703	0.00185	0.00267	0.00986	0.00456	0.00422
22	0.01090	0.01200	0.02537	0.06173	0.02370	0.01153	0.64907	0.01454	0.01096	0.01483	0.01050	0.01549	0.00858	0.05946	0.00718	0.00187	0.02532	0.02831	0.00252	0.00615
23	0.01260	0.63588	0.11619	0.01086	0.06631	0.03898	0.03385	0.01480	0.01013	0.01230	0.00724	0.00853	0.00634	0.00423	0.00351	0.00115	0.00564	0.00293	0.00211	0.00642
24	0.00578	0.00487	0.00501	0.00507	0.00660	0.00410	0.00377	0.00703	0.01104	0.01329	0.07621	0.09458	0.72139	0.01236	0.00576	0.00165	0.00247	0.01039	0.00453	0.00410
25	0.02702	0.01035	0.06582	0.21964	0.08868	0.05758	0.07130	0.06171	0.02402	0.02540	0.02706	0.19674	0.02166	0.00797	0.00617	0.03846	0.03517	0.00657	0.00311	0.00557
26	0.03763	0.13134	0.17205	0.04865	0.01695	0.12892	0.09962	0.08607	0.03733	0.13741	0.03079	0.01207	0.00869	0.00517	0.00484	0.00144	0.02692	0.00411	0.00323	0.00676
27	0.00956	0.00684	0.05904	0.00605	0.00772	0.00606	0.00501	0.08659	0.01113	0.01787	0.04625	0.01974	0.02823	0.10028	0.03188	0.00183	0.00351	0.00502	0.54250	0.00487
28	0.06917	0.03176	0.01266	0.18703	0.05307	0.02097	0.04426	0.07668	0.09904	0.09243	0.04548	0.01531	0.03180	0.00764	0.05853	0.00188	0.02643	0.00466	0.03437	0.08685
29	0.60994	0.07680	0.00972	0.00818	0.04971	0.02649	0.00628	0.01552	0.09654	0.02004	0.00881	0.02088	0.00707	0.00488	0.00339	0.00147	0.00403	0.00323	0.02133	0.00569
30	0.01199	0.00978	0.01094	0.00852	0.01221	0.00924	0.00679	0.17686	0.16804	0.01960	0.01243	0.05582	0.01025	0.00527	0.00426	0.00112	0.00396	0.00429	0.00378	0.46484
31	0.00753	0.05113	0.05658	0.00828	0.00990	0.00641	0.05439	0.00967	0.03315	0.01413	0.12439	0.35345	0.08427	0.03689	0.00646	0.00188	0.01118	0.11003	0.00412	0.01616

[dist]
# distance from previous block
# <min> <max>
0	1

[block]
# block no. 1 follows, 52 sequences, length 21
# corresponding to MSA columns:
# 96-116
name=unknown_B
#
# <colnr> <probs for GDERKNQSTAVLIFYWHMCP>
#	G	D	E	R	K	N	Q	S	T	A	V	L	I	F	Y	W	H	M	C	P
0	0.08343	0.02400	0.13602	0.01106	0.08957	0.00907	0.02059	0.10603	0.05884	0.08150	0.09618	0.08709	0.10422	0.00817	0.01706	0.00169	0.00461	0.05070	0.00395	0.00621
1	0.00608	0.00432	0.00567	0.00657	0.00691	0.00405	0.00438	0.00698	0.00947	0.01273	0.09111	0.69497	0.03204	0.08085	0.00765	0.00215	0.00292	0.01281	0.00444	0.00391
2	0.01409	0.17644	0.11369	0.01163	0.01531	0.24323	0.07303	0.08302	0.14239	0.02893	0.01089	0.03403	0.00882	0.00583	0.01691	0.00148	0.00652	0.00414	0.00308	0.00654
3	0.03315	0.16062	0.36517	0.12924	0.03154	0.05790	0.01327	0.04547	0.03025	0.06283	0.00954	0.02365	0.00727	0.00492	0.00439	0.00145	0.00629	0.00379	0.00258	0.00668
4	0.00777	0.00525	0.00728	0.00875	0.07468	0.00490	0.00558	0.00893	0.00999	0.07702	0.04298	0.60552	0.06995	0.02604	0.00623	0.00190	0.00320	0.02497	0.00444	0.00462
5	0.01664	0.02086	0.01308	0.01188	0.01416	0.69651	0.00898	0.01788	0.01313	0.01195	0.01080	0.01193	0.07048	0.00580	0.00518	0.00133	0.05753	0.00377	0.00264	0.00547
6	0.06547	0.01226	0.10038	0.11391	0.07421	0.07512	0.02153	0.12125	0.08875	0.16529	0.01343	0.06870	0.01060	0.01830	0.01568	0.00166	0.00544	0.00498	0.01630	0.00677
7	0.01273	0.08383	0.23562	0.07734	0.19136	0.01129	0.09531	0.04790	0.01159	0.13887	0.01199	0.01331	0.03705	0.00502	0.00475	0.00148	0.00601	0.00443	0.00300	0.00709
8	0.22039	0.00674	0.00745	0.00661	0.00872	0.00672	0.00519	0.01313	0.03391	0.15044	0.39771	0.02617	0.08259	0.00800	0.00489	0.00153	0.00301	0.00661	0.00480	0.00541
9	0.01163	0.01064	0.01621	0.41971	0.29773	0.04479	0.01325	0.07923	0.01155	0.03577	0.00927	0.01241	0.00717	0.00478	0.00481	0.00152	0.00615	0.00428	0.00258	0.00651
10	0.02438	0.15630	0.20805	0.04782	0.05364	0.01197	0.02264	0.06401	0.04365	0.15053	0.01163	0.03209	0.00932	0.04029	0.00646	0.00166	0.08469	0.02097	0.00322	0.00669
11	0.01239	0.01130	0.04734	0.04164	0.46190	0.04350	0.05648	0.03251	0.02702	0.08260	0.01196	0.06772	0.01019	0.00549	0.00487	0.00149	0.00548	0.01425	0.05482	0.00703
12	0.00679	0.00513	0.00605	0.00639	0.00740	0.00485	0.00475	0.00848	0.04053	0.01326	0.08290	0.15735	0.28410	0.17554	0.00975	0.00242	0.00343	0.17255	0.00425	0.00409
13	0.03509	0.02645	0.08120	0.04013	0.09033	0.07087	0.07356	0.14603	0.03033	0.22572	0.01183	0.01263	0.00851	0.00571	0.00632	0.00157	0.11843	0.00438	0.00376	0.00715
14	0.01291	0.05743	0.05465	0.02522	0.14739	0.02782	0.07210	0.08120	0.02210	0.16823	0.05186	0.06525	0.09106	0.01796	0.00594	0.00162	0.04942	0.03748	0.00384	0.00652
15	0.00707	0.00459	0.00590	0.00665	0.00724	0.00432	0.00464	0.00813	0.00958	0.04591	0.02528	0.57009	0.05501	0.07989	0.00743	0.00211	0.00310	0.07586	0.07304	0.00413
16	0.01079	0.01184	0.06460	0.45478	0.21974	0.07889	0.06328	0.01397	0.01051	0.01357	0.00872	0.01218	0.00678	0.00466	0.00483	0.00154	0.00663	0.00426	0.00226	0.00615
17	0.04338	0.05596	0.07984	0.12728	0.12741	0.09171	0.06368	0.10978	0.02383	0.01639	0.07470	0.06495	0.01261	0.05036	0.00617	0.00169	0.02427	0.01678	0.00312	0.00609
18	0.01156	0.05998	0.04526	0.26426	0.15570	0.03748	0.02787	0.05028	0.01105	0.07853	0.01163	0.01679	0.00976	0.02693	0.01978	0.00174	0.03873	0.06899	0.05760	0.00609
19	0.00597	0.00484	0.00517	0.00529	0.00661	0.00419	0.00385	0.00715	0.01071	0.01314	0.08898	0.12245	0.59489	0.07880	0.00733	0.00192	0.00271	0.02756	0.00442	0.00402
20	0.01248	0.12881	0.25639	0.08303	0.05306	0.07293	0.20902	0.03515	0.01135	0.07866	0.00955	0.01135	0.00709	0.00459	0.00472	0.00147	0.00686	0.00417	0.00260	0.00674

[dist]
# distance from previous block
# <min> <max>
0	43

[block]
# block no. 2 follows, 52 sequences, length 9
# corresponding to MSA columns:
# 169-177
name=unknown_C
#
# <colnr> <probs for GDERKNQSTAVLIFYWHMCP>
#	G	D	E	R	K	N	Q	S	T	A	V	L	I	F	Y	W	H	M	C	P
0	0.01203	0.12255	0.21923	0.08706	0.17966	0.03830	0.08754	0.05543	0.03693	0.04441	0.00933	0.01133	0.00724	0.00492	0.00540	0.00150	0.06365	0.00406	0.00258	0.00686
1	0.00621	0.00445	0.00579	0.00660	0.00698	0.00428	0.00447	0.00707	0.00898	0.01195	0.02499	0.58023	0.06548	0.13708	0.07255	0.00283	0.00394	0.03818	0.00412	0.00385
2	0.12564	0.14103	0.39965	0.01152	0.04080	0.03222	0.01253	0.04090	0.03847	0.06058	0.01109	0.01195	0.04379	0.00507	0.00425	0.00145	0.00583	0.00379	0.00273	0.00671
3	0.01156	0.13402	0.05256	0.04705	0.02866	0.13059	0.14478	0.06506	0.03742	0.01466	0.08685	0.07620	0.03801	0.03653	0.00669	0.06943	0.00574	0.00554	0.00309	0.00556
4	0.00733	0.00495	0.00637	0.00676	0.00762	0.00472	0.00491	0.02456	0.01005	0.04453	0.07316	0.37509	0.15288	0.04826	0.06334	0.07111	0.00387	0.08211	0.00423	0.00415
5	0.14535	0.00815	0.01026	0.00809	0.01152	0.00748	0.00664	0.02108	0.01302	0.62510	0.07883	0.01678	0.01366	0.00609	0.00466	0.00150	0.00392	0.00485	0.00550	0.00751
6	0.01102	0.01291	0.14876	0.22311	0.26948	0.06162	0.01306	0.01403	0.01054	0.04705	0.01137	0.04651	0.03106	0.02215	0.00576	0.00163	0.04226	0.01869	0.00261	0.00639
7	0.01093	0.16958	0.46812	0.06062	0.01826	0.01215	0.01376	0.01589	0.06883	0.05337	0.03508	0.01188	0.00854	0.00495	0.00438	0.00144	0.00607	0.00384	0.02550	0.00682
8	0.01328	0.01433	0.21641	0.03074	0.03983	0.03977	0.19181	0.04620	0.07988	0.17802	0.01303	0.03172	0.00974	0.03819	0.00576	0.00167	0.00606	0.00495	0.03169	0.00692

[dist]
# distance from previous block
# <min> <max>
0	5

[block]
# block no. 3 follows, 52 sequences, length 17
# corresponding to MSA columns:
# 183-199
name=unknown_D
#
# <colnr> <probs for GDERKNQSTAVLIFYWHMCP>
#	G	D	E	R	K	N	Q	S	T	A	V	L	I	F	Y	W	H	M	C	P
0	0.11578	0.27530	0.08905	0.08310	0.08273	0.06138	0.04470	0.03778	0.03075	0.03348	0.03369	0.01170	0.00847	0.03946	0.00487	0.00146	0.00548	0.00373	0.00268	0.03441
1	0.01152	0.16049	0.08328	0.23612	0.31097	0.05262	0.01295	0.01489	0.04606	0.01406	0.00892	0.01145	0.00721	0.00459	0.00447	0.00142	0.00602	0.00394	0.00236	0.00665
2	0.01192	0.01196	0.09983	0.03383	0.06609	0.04563	0.16423	0.07501	0.06732	0.09010	0.03594	0.07407	0.07958	0.00653	0.00561	0.00154	0.04540	0.00578	0.00351	0.07611
3	0.03227	0.08822	0.19816	0.04501	0.09732	0.03350	0.04342	0.04277	0.03523	0.20082	0.05105	0.07282	0.01223	0.00613	0.00479	0.00151	0.00534	0.01892	0.00363	0.00685
4	0.00613	0.00455	0.00580	0.00652	0.00718	0.00426	0.00460	0.00724	0.00978	0.01282	0.06813	0.51304	0.17695	0.04021	0.06242	0.00238	0.00358	0.05602	0.00436	0.00403
5	0.00786	0.02973	0.00831	0.00840	0.03371	0.00596	0.03442	0.03461	0.05144	0.03227	0.02295	0.54584	0.02596	0.06186	0.00699	0.00203	0.00355	0.06022	0.01924	0.00464
6	0.01232	0.03387	0.10002	0.05521	0.24594	0.06761	0.07861	0.10639	0.01264	0.05622	0.06931	0.08031	0.01236	0.00593	0.00493	0.00147	0.00563	0.00531	0.00323	0.04268
7	0.01044	0.14751	0.39610	0.01168	0.03054	0.06897	0.04923	0.01405	0.01078	0.02882	0.04986	0.05004	0.09977	0.00612	0.00466	0.00147	0.00598	0.00496	0.00272	0.00629
8	0.00880	0.00558	0.00715	0.00664	0.00816	0.00519	0.00509	0.01139	0.04795	0.11310	0.54117	0.07795	0.09127	0.00989	0.00565	0.00159	0.00271	0.04039	0.00526	0.00508
9	0.05042	0.25943	0.33199	0.01106	0.03260	0.08193	0.01181	0.03285	0.01109	0.02553	0.09855	0.01240	0.01083	0.00515	0.00421	0.00136	0.00588	0.00385	0.00264	0.00642
10	0.10095	0.05308	0.03267	0.04838	0.04098	0.22323	0.05882	0.17052	0.08764	0.04678	0.01187	0.03227	0.03217	0.00571	0.00480	0.00145	0.02410	0.00437	0.01372	0.00647
11	0.01016	0.01025	0.01515	0.03168	0.01429	0.05579	0.13293	0.01191	0.00860	0.01224	0.00907	0.03528	0.00851	0.01391	0.19070	0.00325	0.42377	0.00489	0.00237	0.00526
12	0.01078	0.01019	0.01704	0.44778	0.19549	0.01159	0.09468	0.06472	0.03566	0.01488	0.00930	0.01271	0.00720	0.00493	0.00542	0.00159	0.04276	0.00450	0.00250	0.00626
13	0.05049	0.08190	0.17908	0.01956	0.29096	0.01266	0.15725	0.06532	0.01125	0.01626	0.00883	0.01119	0.00702	0.00471	0.00548	0.00151	0.06283	0.00421	0.00248	0.00700
14	0.01059	0.01220	0.05936	0.03613	0.04155	0.01098	0.59543	0.01423	0.01111	0.01516	0.04447	0.06732	0.01095	0.03989	0.00646	0.00177	0.00728	0.00626	0.00270	0.00616
15	0.00689	0.00519	0.00728	0.00774	0.00847	0.00511	0.03814	0.00866	0.04559	0.01289	0.02378	0.51513	0.02723	0.09135	0.04563	0.00251	0.00401	0.13598	0.00419	0.00423
16	0.01290	0.01106	0.07243	0.02821	0.02874	0.05894	0.02257	0.17278	0.13966	0.11271	0.01783	0.20310	0.03571	0.00834	0.00557	0.00165	0.03144	0.02556	0.00430	0.00651

[dist]
# distance from previous block
# <min> <max>
0	8

[block]
# block no. 4 follows, 52 sequences, length 30
# corresponding to MSA columns:
# 212-228,230-242
name=unknown_E
#
# <colnr> <probs for GDERKNQSTAVLIFYWHMCP>
#	G	D	E	R	K	N	Q	S	T	A	V	L	I	F	Y	W	H	M	C	P
0	0.08657	0.03941	0.01417	0.05360	0.09456	0.09441	0.00944	0.41804	0.06853	0.02363	0.02479	0.01288	0.00913	0.00567	0.00465	0.00146	0.00547	0.02233	0.00399	0.00727
1	0.01374	0.01197	0.01074	0.00958	0.01205	0.18798	0.00742	0.13277	0.21577	0.09560	0.03335	0.11300	0.09032	0.00792	0.00509	0.00157	0.00493	0.03542	0.00438	0.00640
2	0.00879	0.00874	0.01709	0.01351	0.01623	0.00818	0.38765	0.01140	0.01074	0.01439	0.05004	0.29907	0.06130	0.00923	0.00595	0.00179	0.00553	0.06157	0.00352	0.00529
3	0.02890	0.03414	0.04770	0.01451	0.16584	0.03617	0.07738	0.08143	0.27653	0.11036	0.03568	0.04507	0.01234	0.00596	0.00491	0.00154	0.00499	0.00523	0.00403	0.00730
4	0.01725	0.06581	0.04508	0.00865	0.01205	0.00917	0.00741	0.15017	0.04376	0.41060	0.02896	0.04066	0.01205	0.00611	0.00459	0.00143	0.00420	0.00489	0.11984	0.00734
5	0.00693	0.00451	0.00553	0.00580	0.00600	0.00437	0.00361	0.00683	0.00776	0.01022	0.01940	0.22110	0.08132	0.41323	0.01761	0.16702	0.00397	0.00838	0.00328	0.00311
6	0.00979	0.00940	0.01632	0.63170	0.16366	0.01099	0.06355	0.01301	0.01003	0.01317	0.00878	0.01277	0.00673	0.00471	0.00489	0.00159	0.00645	0.00440	0.00221	0.00585
7	0.01159	0.01217	0.06033	0.08857	0.60870	0.01153	0.10613	0.01478	0.01094	0.01550	0.00914	0.01210	0.00747	0.00435	0.00490	0.00148	0.00617	0.00445	0.00237	0.00734
8	0.02108	0.00887	0.01158	0.00893	0.01266	0.00811	0.00736	0.10308	0.04030	0.69643	0.01836	0.01604	0.01170	0.00600	0.00487	0.00150	0.00424	0.00484	0.00584	0.00823
9	0.01757	0.02163	0.01342	0.01214	0.01463	0.72235	0.00913	0.06834	0.01412	0.01310	0.00862	0.04575	0.00753	0.00551	0.00448	0.00129	0.00825	0.00368	0.00274	0.00571
10	0.00603	0.00465	0.00551	0.00587	0.00688	0.00413	0.00419	0.00733	0.01091	0.01413	0.19581	0.34875	0.34259	0.01292	0.00590	0.00174	0.00256	0.01131	0.00467	0.00413
11	0.03559	0.00990	0.01256	0.01126	0.07782	0.01011	0.03664	0.19352	0.15563	0.28210	0.05392	0.05518	0.03029	0.00657	0.00498	0.00154	0.00444	0.00552	0.00491	0.00749
12	0.09026	0.00882	0.00955	0.00792	0.01066	0.00931	0.00637	0.22136	0.10829	0.17952	0.01503	0.01514	0.01087	0.00577	0.00423	0.00139	0.00377	0.00450	0.28056	0.00670
13	0.01162	0.01005	0.01744	0.04752	0.31523	0.02150	0.18001	0.01446	0.01142	0.08837	0.03261	0.04229	0.01367	0.00675	0.00545	0.00167	0.00578	0.16436	0.00329	0.00653
14	0.00866	0.00763	0.02297	0.00839	0.03418	0.07944	0.01841	0.03878	0.04561	0.01401	0.02247	0.36097	0.08656	0.08529	0.00735	0.00200	0.01218	0.05998	0.08044	0.00466
15	0.01558	0.01142	0.12545	0.10169	0.01588	0.04477	0.02052	0.04393	0.07919	0.36673	0.08401	0.01775	0.01380	0.00622	0.00496	0.00155	0.00496	0.02994	0.00455	0.00713
16	0.00589	0.00490	0.00517	0.00534	0.00683	0.00418	0.00404	0.00716	0.01091	0.01313	0.04568	0.10840	0.68293	0.01258	0.00583	0.00170	0.00262	0.06409	0.00450	0.00411
17	0.01105	0.38576	0.40364	0.01102	0.01644	0.01444	0.01294	0.01463	0.01012	0.01352	0.00892	0.01201	0.00759	0.00497	0.00407	0.00136	0.00610	0.05265	0.00221	0.00656
18	0.01361	0.03141	0.03891	0.07817	0.45260	0.19196	0.03285	0.07421	0.01241	0.01570	0.00886	0.01119	0.00723	0.00462	0.00469	0.00141	0.00653	0.00403	0.00258	0.00702
19	0.06176	0.00939	0.01230	0.04030	0.10894	0.06084	0.07924	0.07322	0.04726	0.14337	0.05526	0.16943	0.06675	0.00811	0.00534	0.00994	0.00471	0.03369	0.00406	0.00610
20	0.01456	0.08665	0.20269	0.01240	0.01664	0.21126	0.10286	0.03901	0.09165	0.13575	0.01163	0.01301	0.00875	0.00529	0.00469	0.00146	0.00658	0.02509	0.00325	0.00679
21	0.01106	0.01054	0.01763	0.28327	0.47540	0.01133	0.03407	0.01485	0.06583	0.01502	0.00972	0.01275	0.00778	0.00464	0.00485	0.00152	0.00591	0.00443	0.00250	0.00690
22	0.01201	0.13013	0.41561	0.01349	0.05101	0.03129	0.08250	0.06524	0.07995	0.05863	0.01023	0.01131	0.00753	0.00482	0.00456	0.00147	0.00639	0.00394	0.00275	0.00713
23	0.01133	0.13020	0.43341	0.01311	0.06853	0.01141	0.04774	0.01528	0.01078	0.09506	0.06086	0.03878	0.01029	0.00543	0.00491	0.00149	0.02740	0.00440	0.00279	0.00683
24	0.00590	0.00422	0.00562	0.00675	0.00703	0.00394	0.00450	0.00675	0.00928	0.01237	0.02671	0.82653	0.03205	0.01518	0.00619	0.00197	0.00281	0.01378	0.00450	0.00394
25	0.00654	0.00468	0.00579	0.00646	0.00685	0.00454	0.00428	0.00770	0.03772	0.01194	0.02410	0.49535	0.06151	0.25005	0.01148	0.00274	0.00346	0.04692	0.00406	0.00382
26	0.11930	0.02655	0.09621	0.02128	0.11014	0.07579	0.08878	0.12612	0.08780	0.07637	0.01163	0.01279	0.02668	0.00606	0.02193	0.00165	0.05860	0.00433	0.00335	0.02465
27	0.33948	0.01144	0.04026	0.00848	0.01139	0.10226	0.00704	0.13612	0.07189	0.02888	0.02538	0.04256	0.06792	0.00706	0.02276	0.00166	0.00481	0.03866	0.00363	0.02832
28	0.23396	0.03793	0.05144	0.08803	0.08348	0.03380	0.05572	0.15325	0.11133	0.03436	0.03095	0.01211	0.00881	0.00513	0.00432	0.00147	0.00505	0.00406	0.00343	0.04136
29	0.10539	0.21939	0.09210	0.01085	0.03289	0.06695	0.07056	0.14764	0.05964	0.07039	0.03904	0.01161	0.00898	0.00503	0.00421	0.00135	0.00541	0.00388	0.00330	0.04139

[dist]
# distance from previous block
# <min> <max>
6	21

[block]
# block no. 5 follows, 52 sequences, length 37
# corresponding to MSA columns:
# 271-288,295-305,341-348
name=unknown_F
#
# <colnr> <probs for GDERKNQSTAVLIFYWHMCP>
#	G	D	E	R	K	N	Q	S	T	A	V	L	I	F	Y	W	H	M	C	P
0	0.04439	0.24612	0.08287	0.03854	0.01444	0.18591	0.00933	0.03659	0.22290	0.02658	0.01094	0.01149	0.00865	0.00529	0.00461	0.00138	0.03654	0.00377	0.00310	0.00654
1	0.01207	0.01121	0.01773	0.13701	0.53146	0.03921	0.02764	0.04702	0.01115	0.03264	0.00918	0.01217	0.00754	0.00522	0.00589	0.03750	0.04156	0.00431	0.00253	0.00696
2	0.09111	0.10197	0.37418	0.03240	0.05450	0.04717	0.08569	0.08051	0.01158	0.06389	0.00926	0.01060	0.00679	0.00469	0.00445	0.00147	0.00639	0.00377	0.00269	0.00690
3	0.14321	0.03303	0.09975	0.01094	0.01451	0.15071	0.03384	0.30075	0.03742	0.04297	0.04324	0.01169	0.00894	0.00557	0.00499	0.00147	0.04246	0.00403	0.00365	0.00682
4	0.00811	0.00513	0.00660	0.00700	0.00791	0.00481	0.00499	0.03685	0.01054	0.09208	0.05872	0.55671	0.08035	0.04733	0.00675	0.00199	0.00315	0.05182	0.00463	0.00454
5	0.01428	0.00680	0.00888	0.00758	0.01001	0.00617	0.00595	0.01680	0.06078	0.40231	0.21714	0.13468	0.07034	0.00865	0.00532	0.00159	0.00336	0.00743	0.00547	0.00645
6	0.05033	0.03523	0.07443	0.05364	0.30569	0.06602	0.15068	0.12092	0.01258	0.03953	0.00976	0.01236	0.00776	0.03345	0.00550	0.00159	0.00628	0.00443	0.00285	0.00698
7	0.02828	0.01117	0.04750	0.01216	0.03712	0.01130	0.13828	0.16262	0.29361	0.05456	0.02617	0.04620	0.01346	0.01932	0.01618	0.00177	0.00518	0.06390	0.00421	0.00702
8	0.01765	0.01225	0.05488	0.01156	0.01560	0.01190	0.10324	0.36561	0.07539	0.25963	0.01412	0.01368	0.00965	0.00566	0.00496	0.00151	0.00530	0.00473	0.00477	0.00794
9	0.12174	0.01474	0.07986	0.01081	0.01462	0.09600	0.00934	0.48143	0.08300	0.02539	0.01103	0.01129	0.00803	0.00553	0.00456	0.00146	0.00552	0.00405	0.00415	0.00746
10	0.08281	0.13520	0.05396	0.04584	0.03691	0.22495	0.08176	0.16542	0.03058	0.08398	0.00974	0.01069	0.00736	0.00498	0.00439	0.00138	0.00637	0.00379	0.00323	0.00665
11	0.00661	0.00495	0.00576	0.00565	0.00702	0.00434	0.00420	0.00823	0.01199	0.03661	0.33751	0.11774	0.40898	0.01147	0.00574	0.00162	0.00247	0.00986	0.00487	0.00437
12	0.01246	0.01102	0.01116	0.01000	0.01276	0.04602	0.00778	0.04344	0.73950	0.02016	0.01901	0.01753	0.01427	0.00649	0.00491	0.00162	0.00408	0.00535	0.00483	0.00760
13	0.01218	0.21138	0.44662	0.01283	0.04693	0.06218	0.04294	0.01610	0.01075	0.08214	0.00912	0.01028	0.00677	0.00461	0.00431	0.00140	0.00652	0.00354	0.00245	0.00693
14	0.01477	0.08126	0.04424	0.10427	0.12193	0.18353	0.08011	0.24275	0.01469	0.01837	0.00920	0.01093	0.00715	0.00512	0.00514	0.00144	0.04119	0.00403	0.00307	0.00681
15	0.00621	0.00444	0.00597	0.00710	0.00751	0.00420	0.00503	0.00728	0.00958	0.01271	0.02654	0.70244	0.03138	0.01489	0.00627	0.00201	0.00308	0.13484	0.00449	0.00402
16	0.00674	0.00495	0.00662	0.02952	0.00877	0.00479	0.00584	0.00823	0.01026	0.01339	0.05342	0.38943	0.11174	0.03468	0.00675	0.00208	0.00351	0.29070	0.00441	0.00418
17	0.10737	0.03643	0.04655	0.01055	0.01408	0.10284	0.00888	0.40515	0.08261	0.09291	0.01155	0.01168	0.00837	0.00566	0.00493	0.00147	0.03329	0.00409	0.00421	0.00738
18	0.00580	0.00483	0.00506	0.00517	0.00663	0.00409	0.00381	0.00703	0.01096	0.01329	0.07928	0.13482	0.67759	0.01250	0.00578	0.00167	0.00249	0.01057	0.00454	0.00409
19	0.05540	0.01400	0.01375	0.01086	0.01449	0.10761	0.00884	0.57553	0.04944	0.08421	0.01179	0.01173	0.00840	0.00570	0.00472	0.00144	0.00552	0.00422	0.00458	0.00778
20	0.00971	0.00945	0.01678	0.64290	0.10562	0.01102	0.10970	0.01301	0.01004	0.01310	0.00881	0.01285	0.00669	0.00470	0.00495	0.00160	0.00661	0.00448	0.00221	0.00575
21	0.00972	0.00884	0.01315	0.01195	0.03936	0.03587	0.15176	0.04488	0.07049	0.01513	0.02006	0.08233	0.07899	0.01039	0.02918	0.00206	0.09016	0.27656	0.00372	0.00542
22	0.00683	0.00488	0.00668	0.00780	0.00849	0.00473	0.00610	0.00834	0.01019	0.01340	0.02620	0.45254	0.03003	0.01431	0.00643	0.00210	0.00361	0.37866	0.00448	0.00419
23	0.01821	0.06024	0.07715	0.00982	0.01367	0.01069	0.00870	0.22883	0.04126	0.40564	0.03707	0.01455	0.01100	0.00594	0.00515	0.00149	0.03323	0.00460	0.00494	0.00781
24	0.03672	0.17969	0.32506	0.01318	0.01838	0.09853	0.14521	0.08519	0.01188	0.03015	0.00877	0.01025	0.00665	0.00460	0.00446	0.00141	0.00680	0.00377	0.00252	0.00677
25	0.01249	0.01308	0.06899	0.01455	0.01850	0.05472	0.32520	0.03340	0.33471	0.05060	0.01414	0.01485	0.01051	0.00531	0.00520	0.00160	0.00612	0.00529	0.00365	0.00710
26	0.00942	0.00803	0.00844	0.00774	0.00953	0.06240	0.00590	0.03595	0.24142	0.01914	0.45620	0.03903	0.05996	0.00863	0.00538	0.00155	0.00328	0.00741	0.00497	0.00563
27	0.02417	0.01368	0.08253	0.06506	0.19956	0.05503	0.38066	0.04054	0.01140	0.01559	0.00938	0.01255	0.00739	0.00465	0.00576	0.00158	0.04854	0.01275	0.00249	0.00668
28	0.01100	0.01120	0.02089	0.22518	0.14783	0.01194	0.32662	0.04657	0.01092	0.01490	0.00953	0.03366	0.00775	0.00515	0.00642	0.00165	0.09486	0.00513	0.00249	0.00629
29	0.08504	0.01305	0.01384	0.01068	0.01448	0.01441	0.00882	0.69462	0.02131	0.05852	0.01153	0.01152	0.00815	0.00572	0.00470	0.00146	0.00516	0.00425	0.00475	0.00801
30	0.05071	0.01734	0.37194	0.01189	0.01715	0.06142	0.05657	0.04560	0.01215	0.28972	0.01233	0.01243	0.00829	0.00512	0.00469	0.00151	0.00606	0.00411	0.00361	0.00736
31	0.01172	0.10201	0.22353	0.01247	0.07061	0.06831	0.05916	0.01547	0.06553	0.08820	0.06811	0.03479	0.05173	0.00646	0.00567	0.00155	0.06678	0.03826	0.00322	0.00642
32	0.01327	0.04097	0.01151	0.00966	0.01251	0.03885	0.00763	0.03369	0.60918	0.10707	0.03869	0.01804	0.01475	0.00653	0.00488	0.00159	0.00407	0.01475	0.00486	0.00750
33	0.00758	0.00647	0.00720	0.00816	0.03447	0.07422	0.00579	0.00896	0.01068	0.01362	0.10573	0.43757	0.09983	0.01281	0.00598	0.00186	0.00363	0.14671	0.00434	0.00438
34	0.06554	0.22377	0.14706	0.01243	0.01670	0.05343	0.16706	0.10560	0.05768	0.04496	0.00948	0.01084	0.00733	0.00493	0.00505	0.00144	0.05319	0.00397	0.00286	0.00669
35	0.01361	0.01084	0.01170	0.01005	0.01277	0.08326	0.04043	0.10584	0.34987	0.12226	0.05742	0.04707	0.05133	0.00718	0.00536	0.00160	0.02550	0.03230	0.00463	0.00695
36	0.00590	0.00424	0.00560	0.00669	0.00701	0.00394	0.00447	0.00675	0.00933	0.01239	0.02742	0.80180	0.05632	0.01509	0.00617	0.00196	0.00280	0.01366	0.00450	0.00394

[dist]
# distance from previous block
# <min> <max>
0	57

[block]
# block no. 6 follows, 52 sequences, length 26
# corresponding to MSA columns:
# 424-426,438,439,443-463
name=unknown_G
#
# <colnr> <probs for GDERKNQSTAVLIFYWHMCP>
#	G	D	E	R	K	N	Q	S	T	A	V	L	I	F	Y	W	H	M	C	P
0	0.01155	0.00750	0.05190	0.00752	0.00984	0.00630	0.00623	0.07384	0.01352	0.22116	0.32751	0.11450	0.11043	0.00911	0.00542	0.00157	0.00334	0.00783	0.00511	0.00583
1	0.03636	0.04094	0.05651	0.03464	0.01462	0.18290	0.02391	0.18511	0.23688	0.08631	0.01455	0.01437	0.03961	0.00590	0.00471	0.00148	0.00557	0.00456	0.00404	0.00704
2	0.01772	0.01323	0.01415	0.01101	0.01476	0.01470	0.00904	0.70041	0.10682	0.02942	0.01252	0.01234	0.00896	0.00590	0.00486	0.00148	0.00517	0.00449	0.00486	0.00818
3	0.01842	0.01357	0.01454	0.01115	0.01503	0.01503	0.00921	0.78330	0.02278	0.03054	0.01163	0.01163	0.00824	0.00582	0.00485	0.00145	0.00533	0.00436	0.00485	0.00824
4	0.04186	0.18849	0.01725	0.15992	0.09931	0.05091	0.06200	0.12714	0.09468	0.06746	0.01111	0.01341	0.00879	0.00528	0.00452	0.00145	0.00558	0.03091	0.00324	0.00669
5	0.01366	0.01161	0.01340	0.07096	0.08145	0.08370	0.04987	0.09698	0.38600	0.08637	0.01576	0.01663	0.01201	0.00611	0.00495	0.00158	0.00506	0.03244	0.00423	0.00725
6	0.00647	0.00489	0.00598	0.00581	0.00703	0.00439	0.00432	0.00836	0.01265	0.01714	0.53147	0.09672	0.25514	0.01095	0.00575	0.00159	0.00237	0.00954	0.00504	0.00439
7	0.04460	0.02684	0.09153	0.01238	0.08639	0.01067	0.06761	0.05926	0.15119	0.01661	0.08616	0.11580	0.04970	0.00775	0.00703	0.00170	0.14883	0.00627	0.00355	0.00613
8	0.16906	0.14902	0.25099	0.01072	0.01538	0.03258	0.03680	0.14955	0.06475	0.06358	0.00987	0.01059	0.00731	0.00492	0.00418	0.00143	0.00557	0.00364	0.00315	0.00688
9	0.01362	0.01129	0.01130	0.00998	0.01283	0.07538	0.00779	0.04370	0.63568	0.09448	0.01849	0.01702	0.01368	0.00637	0.00488	0.00159	0.00429	0.00521	0.00484	0.00758
10	0.04255	0.03314	0.01700	0.13055	0.11123	0.19658	0.16129	0.03317	0.01113	0.01429	0.00918	0.01273	0.00767	0.00548	0.00636	0.00156	0.12397	0.02681	0.04938	0.00593
11	0.01129	0.25261	0.46367	0.01242	0.03449	0.01358	0.03970	0.03041	0.05563	0.03049	0.00909	0.01027	0.00689	0.00462	0.00425	0.00140	0.00632	0.00354	0.00237	0.00696
12	0.00972	0.02507	0.80458	0.01381	0.02097	0.01125	0.01790	0.01535	0.01023	0.01535	0.00870	0.01023	0.00614	0.00460	0.00460	0.00153	0.00716	0.00358	0.00205	0.00716
13	0.00729	0.00468	0.00587	0.00627	0.00665	0.00451	0.00404	0.00787	0.00854	0.05447	0.02099	0.41891	0.02417	0.35778	0.04286	0.00330	0.00404	0.01015	0.00386	0.00377
14	0.01134	0.01257	0.11082	0.06773	0.46336	0.01136	0.05645	0.04517	0.04388	0.01589	0.01056	0.06272	0.00917	0.00543	0.00555	0.00155	0.05177	0.00494	0.00267	0.00708
15	0.10087	0.06988	0.03918	0.01105	0.03563	0.24663	0.00883	0.15095	0.05829	0.07640	0.04036	0.01252	0.02844	0.00591	0.00565	0.00147	0.09405	0.00408	0.00343	0.00639
16	0.01004	0.00835	0.01265	0.01123	0.01356	0.00859	0.15684	0.01568	0.22635	0.04408	0.02081	0.09088	0.02005	0.00958	0.00592	0.00191	0.00487	0.32851	0.00426	0.00584
17	0.26102	0.01090	0.01302	0.01023	0.01382	0.01161	0.09870	0.23767	0.10012	0.17765	0.01238	0.01239	0.00874	0.00535	0.00443	0.00152	0.00481	0.00425	0.00427	0.00712
18	0.48618	0.01149	0.01188	0.00957	0.01298	0.05575	0.09814	0.18725	0.02755	0.04555	0.00886	0.00983	0.00661	0.00486	0.00390	0.00149	0.00491	0.00353	0.00345	0.00623
19	0.01022	0.00806	0.00967	0.00907	0.03262	0.00891	0.00680	0.04743	0.28465	0.05229	0.26053	0.08079	0.05249	0.02348	0.00676	0.00171	0.08678	0.00705	0.00466	0.00604
20	0.00586	0.00487	0.00506	0.00509	0.00657	0.00414	0.00376	0.00710	0.01101	0.01337	0.09825	0.08169	0.68395	0.03984	0.00639	0.00175	0.00254	0.01018	0.00450	0.00408
21	0.12142	0.01207	0.01758	0.04207	0.01753	0.06945	0.27565	0.13368	0.04020	0.07120	0.05971	0.01349	0.01000	0.00552	0.00605	0.00159	0.08815	0.00486	0.00336	0.00643
22	0.01123	0.01110	0.01939	0.01493	0.01835	0.05237	0.41684	0.04212	0.09101	0.04407	0.01552	0.15427	0.02601	0.00708	0.00564	0.00170	0.00629	0.05255	0.00342	0.00612
23	0.18227	0.01240	0.01288	0.01005	0.01375	0.01369	0.00830	0.58283	0.01937	0.08134	0.01120	0.01124	0.00792	0.00557	0.00449	0.00147	0.00494	0.00406	0.00457	0.00766
24	0.29022	0.01050	0.01333	0.27090	0.08915	0.03980	0.05207	0.08584	0.01062	0.01755	0.00818	0.01074	0.00637	0.00503	0.00515	0.00158	0.07059	0.00379	0.00273	0.00588
25	0.01218	0.01204	0.01923	0.06251	0.68002	0.05440	0.04002	0.01527	0.02891	0.01556	0.00927	0.01203	0.00770	0.00442	0.00481	0.00145	0.00598	0.00433	0.00245	0.00743

[dist]
# distance from previous block
# <min> <max>
2	2

[block]
# block no. 7 follows, 52 sequences, length 33
# corresponding to MSA columns:
# 467-469,480-509
name=unknown_H
#
# <colnr> <probs for GDERKNQSTAVLIFYWHMCP>
#	G	D	E	R	K	N	Q	S	T	A	V	L	I	F	Y	W	H	M	C	P
0	0.08283	0.01209	0.01284	0.01203	0.07690	0.10866	0.05142	0.07094	0.41421	0.07265	0.01559	0.01519	0.02136	0.00588	0.00474	0.00154	0.00492	0.00483	0.00420	0.00719
1	0.01199	0.01151	0.01967	0.02974	0.79946	0.01151	0.01487	0.01487	0.01103	0.01583	0.00912	0.01199	0.00768	0.00432	0.00480	0.00144	0.00576	0.00432	0.00240	0.00768
2	0.00693	0.00517	0.00765	0.00765	0.00847	0.00598	0.00589	0.00857	0.00775	0.01115	0.01310	0.01972	0.01241	0.07910	0.76814	0.00762	0.01253	0.00529	0.00261	0.00425
3	0.39911	0.10236	0.01195	0.00912	0.01211	0.29607	0.00733	0.05931	0.03536	0.01757	0.00768	0.00869	0.00617	0.00477	0.00366	0.00136	0.00577	0.00298	0.00288	0.00572
4	0.00915	0.00861	0.01453	0.81804	0.03338	0.01077	0.01346	0.01238	0.00969	0.01238	0.00861	0.01292	0.00646	0.00484	0.00484	0.00161	0.00646	0.00431	0.00215	0.00538
5	0.00915	0.00861	0.01453	0.81804	0.03338	0.01077	0.01346	0.01238	0.00969	0.01238	0.00861	0.01292	0.00646	0.00484	0.00484	0.00161	0.00646	0.00431	0.00215	0.00538
6	0.01013	0.08334	0.68437	0.01444	0.06192	0.01188	0.03788	0.01526	0.01028	0.01509	0.00861	0.01022	0.00626	0.00454	0.00453	0.00150	0.00697	0.00361	0.00208	0.00710
7	0.00779	0.00538	0.00636	0.00652	0.00740	0.00541	0.00462	0.05031	0.05337	0.01478	0.08971	0.30154	0.06142	0.16717	0.03335	0.00245	0.00359	0.04249	0.13197	0.00437
8	0.01195	0.01029	0.01088	0.00984	0.01254	0.01190	0.00767	0.02537	0.77197	0.02013	0.01987	0.01896	0.01511	0.00674	0.00497	0.00166	0.00385	0.02378	0.00492	0.00759
9	0.01323	0.78950	0.02477	0.00852	0.01257	0.06130	0.00835	0.01477	0.01005	0.01143	0.00678	0.00783	0.00622	0.00419	0.00318	0.00105	0.00537	0.00262	0.00210	0.00619
10	0.01188	0.01132	0.01889	0.06027	0.71711	0.01152	0.01434	0.01548	0.06194	0.01598	0.00979	0.01243	0.00809	0.00449	0.00481	0.00146	0.00566	0.00439	0.00255	0.00758
11	0.00797	0.00500	0.00637	0.00648	0.00758	0.00454	0.00472	0.00918	0.01089	0.09619	0.19004	0.32785	0.17874	0.03480	0.00707	0.04748	0.00297	0.04305	0.00466	0.00445
12	0.00595	0.00429	0.00564	0.00663	0.00702	0.00398	0.00446	0.00689	0.00960	0.01279	0.07001	0.74656	0.06874	0.01476	0.00614	0.00193	0.00277	0.01333	0.00454	0.00398
13	0.00696	0.00507	0.00580	0.00591	0.00738	0.00444	0.00451	0.00835	0.01116	0.05762	0.09571	0.15687	0.50417	0.01229	0.00585	0.00173	0.00281	0.09434	0.00464	0.00438
14	0.00769	0.00502	0.00590	0.00587	0.00636	0.00492	0.00377	0.00843	0.02223	0.04768	0.06075	0.07892	0.07556	0.56824	0.03331	0.00387	0.00440	0.04994	0.00352	0.00360
15	0.00647	0.00448	0.00538	0.00592	0.00624	0.00427	0.00377	0.00707	0.00858	0.01148	0.02364	0.41295	0.09046	0.33714	0.01335	0.00299	0.00351	0.01044	0.03828	0.00358
16	0.15761	0.00862	0.01070	0.00835	0.01198	0.00801	0.00689	0.04925	0.01328	0.64910	0.01685	0.01493	0.01077	0.00575	0.00457	0.00150	0.00411	0.00449	0.00547	0.00776
17	0.00656	0.00458	0.00571	0.00620	0.00655	0.00440	0.00408	0.00735	0.00914	0.01229	0.12290	0.37186	0.03959	0.32087	0.01310	0.00295	0.00354	0.05064	0.00402	0.00367
18	0.04902	0.00685	0.00860	0.00743	0.00980	0.00632	0.00583	0.03716	0.03660	0.35123	0.16842	0.13765	0.10777	0.02484	0.00565	0.00166	0.00344	0.02032	0.00522	0.00619
19	0.00659	0.00452	0.00546	0.00590	0.00605	0.00439	0.00362	0.00700	0.00817	0.01093	0.04676	0.34862	0.02434	0.47684	0.01665	0.00350	0.00386	0.00979	0.00364	0.00339
20	0.00704	0.00472	0.00539	0.00539	0.00542	0.00475	0.00306	0.00711	0.00708	0.00947	0.01518	0.03121	0.01740	0.79802	0.05604	0.00482	0.00503	0.00697	0.00292	0.00299
21	0.00675	0.00469	0.00588	0.00642	0.00687	0.00454	0.00425	0.00786	0.03034	0.02659	0.06630	0.48031	0.05093	0.23308	0.03977	0.00285	0.00369	0.01089	0.00410	0.00390
22	0.02021	0.00809	0.01089	0.00846	0.01196	0.00712	0.00694	0.04515	0.01412	0.70423	0.09365	0.01824	0.01512	0.00637	0.00495	0.00150	0.00398	0.00523	0.00590	0.00789
23	0.01118	0.00822	0.00870	0.00782	0.00998	0.00911	0.00608	0.09183	0.38235	0.02042	0.08247	0.01897	0.01593	0.00646	0.00445	0.00144	0.00330	0.00531	0.29959	0.00638
24	0.00705	0.00492	0.00631	0.00596	0.00710	0.00457	0.00447	0.00933	0.01341	0.01931	0.72904	0.03462	0.04283	0.00954	0.00551	0.00149	0.00228	0.00839	0.07930	0.00457
25	0.00623	0.00439	0.00557	0.00631	0.00661	0.00416	0.00410	0.00696	0.00903	0.01206	0.06759	0.57131	0.04719	0.21234	0.01063	0.00260	0.00323	0.01178	0.00417	0.00373
26	0.00692	0.00519	0.00779	0.00779	0.00865	0.00606	0.00606	0.00865	0.00779	0.01125	0.01298	0.01904	0.01211	0.03634	0.81049	0.00779	0.01298	0.00519	0.00260	0.00433
27	0.00604	0.00492	0.00535	0.00524	0.00674	0.00423	0.00393	0.00757	0.01179	0.01486	0.25778	0.04372	0.58770	0.01161	0.00572	0.00161	0.00241	0.00982	0.00473	0.00423
28	0.00627	0.00467	0.00584	0.00610	0.00702	0.00424	0.00436	0.00780	0.01151	0.01550	0.35630	0.33507	0.19280	0.01237	0.00589	0.00171	0.00252	0.01094	0.00485	0.00424
29	0.01220	0.01181	0.02074	0.02460	0.49566	0.01192	0.19350	0.08127	0.01191	0.01673	0.00953	0.01241	0.00776	0.00565	0.03345	0.00173	0.03457	0.00468	0.00262	0.00726
30	0.01175	0.01126	0.01923	0.09747	0.73365	0.01145	0.01475	0.01466	0.01092	0.01554	0.00907	0.01207	0.00757	0.00436	0.00480	0.00145	0.00582	0.00432	0.00238	0.00748
31	0.00922	0.00875	0.01496	0.79414	0.03314	0.01081	0.03649	0.01248	0.00974	0.01248	0.00865	0.01292	0.00649	0.00482	0.00487	0.00162	0.00651	0.00435	0.00216	0.00542
32	0.00701	0.00513	0.00621	0.00698	0.00768	0.02839	0.00495	0.00810	0.01004	0.04107	0.05220	0.61055	0.10147	0.01396	0.00607	0.00191	0.00313	0.07642	0.00452	0.00422

[dist]
# distance from previous block
# <min> <max>
0	20

# created by:
# /home/cegg/simao/soft/augustus-3.2.1/scripts/msa2prfl.pl ./align_prep/EOG091G0T5O.fa
