[name]
unknown

[dist]
# distance from previous block
# <min> <max>
0	254

[block]
# block no. 0 follows, 57 sequences, length 24
# corresponding to MSA columns:
# 263-286
name=unknown_A
#
# <colnr> <probs for GDERKNQSTAVLIFYWHMCP>
#	G	D	E	R	K	N	Q	S	T	A	V	L	I	F	Y	W	H	M	C	P
0	0.00823	0.08024	0.22376	0.00815	0.01133	0.00785	0.00823	0.04584	0.05183	0.01448	0.08975	0.10256	0.21012	0.00800	0.00475	0.00145	0.00404	0.05172	0.01883	0.04885
1	0.04421	0.17170	0.01478	0.01012	0.01325	0.30825	0.00827	0.28860	0.04622	0.04026	0.00895	0.00947	0.00692	0.00486	0.00401	0.00123	0.00598	0.00335	0.00322	0.00635
2	0.01077	0.02742	0.05361	0.01103	0.01493	0.00865	0.24021	0.06650	0.01091	0.06966	0.03526	0.03602	0.03531	0.00469	0.00456	0.00117	0.02103	0.00443	0.00299	0.34084
3	0.04531	0.53883	0.09676	0.00779	0.01133	0.01386	0.00780	0.01290	0.01001	0.03742	0.16557	0.01299	0.01323	0.00505	0.00357	0.00114	0.00441	0.00372	0.00268	0.00562
4	0.00959	0.15913	0.68597	0.01206	0.01829	0.01175	0.01525	0.01422	0.00951	0.01374	0.00783	0.00919	0.00575	0.00423	0.00407	0.00136	0.00639	0.00320	0.00192	0.00655
5	0.00961	0.04244	0.08092	0.03470	0.04395	0.00805	0.23296	0.01231	0.02410	0.09392	0.09736	0.21552	0.02974	0.00772	0.00517	0.00157	0.00485	0.04622	0.00347	0.00543
6	0.00995	0.02086	0.68116	0.01246	0.01859	0.00998	0.05133	0.01469	0.00993	0.08100	0.01050	0.01154	0.03839	0.00468	0.00442	0.00144	0.00633	0.00379	0.00233	0.00664
7	0.00909	0.02344	0.81727	0.01292	0.01961	0.01052	0.01674	0.01435	0.00957	0.01435	0.00813	0.00957	0.00574	0.00431	0.00431	0.00144	0.00670	0.00335	0.00191	0.00670
8	0.01112	0.01067	0.01822	0.05646	0.78458	0.01074	0.01386	0.01382	0.01027	0.01469	0.00851	0.01125	0.00714	0.00406	0.00449	0.00135	0.00541	0.00404	0.00223	0.00710
9	0.01689	0.00900	0.01173	0.03415	0.01312	0.00895	0.04860	0.10559	0.20945	0.46702	0.01651	0.01503	0.01110	0.00560	0.00461	0.00144	0.00418	0.00467	0.00496	0.00741
10	0.00865	0.00815	0.01377	0.80057	0.05974	0.01009	0.01263	0.01166	0.00911	0.01170	0.00807	0.01205	0.00608	0.00451	0.00453	0.00150	0.00602	0.00403	0.00202	0.00511
11	0.00559	0.00403	0.00529	0.00618	0.00657	0.00374	0.00418	0.00651	0.00910	0.01215	0.09136	0.73279	0.06844	0.01366	0.00573	0.00179	0.00257	0.01233	0.00427	0.00374
12	0.00536	0.00459	0.00459	0.00459	0.00612	0.00383	0.00344	0.00650	0.01033	0.01224	0.04590	0.04361	0.81065	0.01148	0.00536	0.00153	0.00230	0.00956	0.00421	0.00383
13	0.11333	0.01327	0.01210	0.01000	0.01299	0.22483	0.04664	0.24405	0.11379	0.11407	0.01119	0.01137	0.00819	0.00512	0.00422	0.00134	0.00537	0.00385	0.03783	0.00646
14	0.01048	0.01369	0.13045	0.01829	0.02315	0.01134	0.69379	0.01449	0.01055	0.01449	0.00903	0.01187	0.00673	0.00388	0.00521	0.00152	0.00752	0.00509	0.00224	0.00619
15	0.00633	0.00463	0.00593	0.00561	0.00672	0.00424	0.00421	0.00838	0.01262	0.01768	0.74646	0.03466	0.10670	0.00945	0.00535	0.00143	0.00215	0.00831	0.00492	0.00424
16	0.00562	0.00400	0.00530	0.00630	0.00657	0.00376	0.00422	0.00641	0.00862	0.01149	0.02442	0.77547	0.02919	0.05513	0.00665	0.00197	0.00276	0.03433	0.00413	0.00365
17	0.00930	0.02195	0.71225	0.01374	0.02015	0.01065	0.12027	0.01437	0.00972	0.01437	0.00827	0.00992	0.00589	0.00424	0.00444	0.00145	0.00682	0.00361	0.00196	0.00662
18	0.00552	0.00394	0.00526	0.00631	0.00657	0.00368	0.00421	0.00631	0.00868	0.01157	0.02498	0.83779	0.02997	0.01420	0.00578	0.00184	0.00263	0.01288	0.00421	0.00368
19	0.01070	0.01222	0.02674	0.01910	0.02368	0.01146	0.79603	0.01451	0.01070	0.01451	0.00917	0.01222	0.00688	0.00382	0.00535	0.00153	0.00764	0.00535	0.00229	0.00611
20	0.01534	0.01896	0.01308	0.01172	0.01353	0.64014	0.00902	0.01647	0.01151	0.01105	0.00677	0.00856	0.00586	0.00541	0.00652	0.00135	0.19411	0.00315	0.00226	0.00519
21	0.01127	0.00973	0.01025	0.00922	0.01178	0.01127	0.00717	0.02408	0.80430	0.01896	0.01844	0.01691	0.01383	0.00615	0.00461	0.00154	0.00359	0.00512	0.00461	0.00717
22	0.00552	0.00394	0.00526	0.00631	0.00657	0.00368	0.00421	0.00631	0.00868	0.01157	0.02498	0.83779	0.02997	0.01420	0.00578	0.00184	0.00263	0.01288	0.00421	0.00368
23	0.01107	0.56116	0.29694	0.00953	0.01438	0.01538	0.01085	0.01384	0.00933	0.01193	0.00693	0.00806	0.00579	0.00402	0.00339	0.00113	0.00548	0.00274	0.00193	0.00612

[dist]
# distance from previous block
# <min> <max>
1	8

[block]
# block no. 1 follows, 57 sequences, length 45
# corresponding to MSA columns:
# 295-339
name=unknown_B
#
# <colnr> <probs for GDERKNQSTAVLIFYWHMCP>
#	G	D	E	R	K	N	Q	S	T	A	V	L	I	F	Y	W	H	M	C	P
0	0.00552	0.00394	0.00526	0.00631	0.00657	0.00368	0.00421	0.00631	0.00868	0.01157	0.02498	0.83779	0.02997	0.01420	0.00578	0.00184	0.00263	0.01288	0.00421	0.00368
1	0.01721	0.01319	0.01356	0.01050	0.01405	0.05888	0.00862	0.75417	0.02084	0.02759	0.01066	0.01073	0.00760	0.00540	0.00451	0.00135	0.00516	0.00402	0.00441	0.00757
2	0.01341	0.01107	0.02210	0.01595	0.02022	0.01030	0.56542	0.04250	0.01164	0.22245	0.01148	0.01301	0.00803	0.00434	0.00512	0.00149	0.00657	0.00510	0.00323	0.00658
3	0.00856	0.00805	0.01359	0.82986	0.03121	0.01007	0.01258	0.01158	0.00906	0.01158	0.00805	0.01208	0.00604	0.00453	0.00453	0.00151	0.00604	0.00403	0.00201	0.00503
4	0.00641	0.00463	0.00606	0.00570	0.00677	0.00428	0.00428	0.00855	0.01283	0.01817	0.81009	0.03385	0.04276	0.00926	0.00534	0.00143	0.00214	0.00819	0.00499	0.00428
5	0.01211	0.84348	0.02374	0.00775	0.01163	0.01793	0.00775	0.01357	0.00921	0.01066	0.00630	0.00727	0.00582	0.00388	0.00291	0.00097	0.00485	0.00242	0.00194	0.00582
6	0.10918	0.01021	0.01145	0.00890	0.01232	0.01066	0.00734	0.40866	0.01647	0.31219	0.01305	0.01234	0.00880	0.00536	0.00431	0.00137	0.00433	0.00408	0.03168	0.00730
7	0.00641	0.00463	0.00606	0.00570	0.00677	0.00428	0.00428	0.00855	0.01283	0.01817	0.81009	0.03385	0.04276	0.00926	0.00534	0.00143	0.00214	0.00819	0.00499	0.00428
8	0.01122	0.01077	0.01839	0.02781	0.81248	0.01077	0.01391	0.01391	0.01032	0.01480	0.00852	0.01122	0.00718	0.00404	0.00449	0.00135	0.00538	0.00404	0.00224	0.00718
9	0.00936	0.09586	0.74719	0.01246	0.01891	0.01118	0.01595	0.01428	0.00954	0.01402	0.00797	0.00936	0.00575	0.00427	0.00418	0.00139	0.00653	0.00327	0.00192	0.00662
10	0.00909	0.02344	0.81727	0.01292	0.01961	0.01052	0.01674	0.01435	0.00957	0.01435	0.00813	0.00957	0.00574	0.00431	0.00431	0.00144	0.00670	0.00335	0.00191	0.00670
11	0.01693	0.02160	0.01284	0.01167	0.01401	0.82256	0.00876	0.01809	0.01284	0.01109	0.00700	0.00817	0.00584	0.00467	0.00409	0.00117	0.00817	0.00292	0.00233	0.00525
12	0.00590	0.00437	0.00556	0.00641	0.00692	0.00419	0.00440	0.00749	0.05853	0.01211	0.02593	0.71964	0.08051	0.01348	0.00569	0.00181	0.00269	0.02620	0.00423	0.00392
13	0.01107	0.01062	0.01813	0.07228	0.76917	0.01073	0.01383	0.01378	0.01025	0.01462	0.00850	0.01126	0.00711	0.00406	0.00449	0.00135	0.00542	0.00404	0.00223	0.00706
14	0.00552	0.00394	0.00526	0.00631	0.00657	0.00368	0.00421	0.00631	0.00868	0.01157	0.02498	0.83779	0.02997	0.01420	0.00578	0.00184	0.00263	0.01288	0.00421	0.00368
15	0.01020	0.00973	0.01656	0.33434	0.51389	0.01050	0.01340	0.01302	0.00984	0.01357	0.00834	0.01155	0.00674	0.00423	0.00450	0.00141	0.00563	0.00403	0.00216	0.00636
16	0.01723	0.01269	0.01360	0.01043	0.01405	0.01405	0.00861	0.79738	0.02131	0.02856	0.01088	0.01088	0.00771	0.00544	0.00453	0.00136	0.00499	0.00408	0.00453	0.00771
17	0.00909	0.02344	0.81727	0.01292	0.01961	0.01052	0.01674	0.01435	0.00957	0.01435	0.00813	0.00957	0.00574	0.00431	0.00431	0.00144	0.00670	0.00335	0.00191	0.00670
18	0.01693	0.02160	0.01284	0.01167	0.01401	0.82256	0.00876	0.01809	0.01284	0.01109	0.00700	0.00817	0.00584	0.00467	0.00409	0.00117	0.00817	0.00292	0.00233	0.00525
19	0.01019	0.01224	0.07707	0.01758	0.02193	0.01074	0.66883	0.01389	0.01052	0.01433	0.01056	0.04751	0.00880	0.00475	0.00535	0.00157	0.00718	0.04858	0.00245	0.00594
20	0.00635	0.00463	0.00597	0.00563	0.00673	0.00425	0.00422	0.00842	0.01267	0.01780	0.76234	0.03446	0.09074	0.00940	0.00535	0.00143	0.00215	0.00828	0.00494	0.00425
21	0.00552	0.00394	0.00526	0.00631	0.00657	0.00368	0.00421	0.00631	0.00868	0.01157	0.02498	0.83779	0.02997	0.01420	0.00578	0.00184	0.00263	0.01288	0.00421	0.00368
22	0.82401	0.00899	0.00706	0.00621	0.00906	0.01039	0.00512	0.05800	0.00849	0.02080	0.00657	0.00756	0.00507	0.00428	0.00290	0.00140	0.00359	0.00255	0.00290	0.00507
23	0.01073	0.01213	0.02619	0.01967	0.07584	0.01141	0.74431	0.01447	0.01067	0.01453	0.00912	0.01216	0.00690	0.00383	0.00529	0.00152	0.00749	0.00526	0.00229	0.00618
24	0.00647	0.00485	0.00728	0.00728	0.00809	0.00566	0.00566	0.00809	0.00728	0.01052	0.01214	0.01780	0.01133	0.03398	0.82279	0.00728	0.01214	0.00485	0.00243	0.00405
25	0.00536	0.00459	0.00459	0.00459	0.00612	0.00383	0.00344	0.00650	0.01033	0.01224	0.04590	0.04361	0.81065	0.01148	0.00536	0.00153	0.00230	0.00956	0.00421	0.00383
26	0.00929	0.07767	0.76480	0.01257	0.01908	0.01101	0.01615	0.01430	0.00954	0.01411	0.00801	0.00941	0.00575	0.00428	0.00421	0.00140	0.00657	0.00329	0.00192	0.00664
27	0.01693	0.02160	0.01284	0.01167	0.01401	0.82256	0.00876	0.01809	0.01284	0.01109	0.00700	0.00817	0.00584	0.00467	0.00409	0.00117	0.00817	0.00292	0.00233	0.00525
28	0.00552	0.00394	0.00526	0.00631	0.00657	0.00368	0.00421	0.00631	0.00868	0.01157	0.02498	0.83779	0.02997	0.01420	0.00578	0.00184	0.00263	0.01288	0.00421	0.00368
29	0.00730	0.00522	0.00730	0.00835	0.00939	0.00522	0.00730	0.00939	0.01043	0.01356	0.02399	0.05111	0.02608	0.01252	0.00626	0.00209	0.00417	0.78199	0.00417	0.00417
30	0.01772	0.01190	0.01311	0.01005	0.01366	0.01287	0.00830	0.67378	0.01998	0.15403	0.01199	0.01160	0.00827	0.00547	0.00454	0.00137	0.00481	0.00416	0.00470	0.00771
31	0.02013	0.00804	0.01072	0.00822	0.01173	0.00715	0.00679	0.07335	0.01352	0.76358	0.01741	0.01512	0.01098	0.00560	0.00456	0.00140	0.00393	0.00453	0.00554	0.00771
32	0.01723	0.01269	0.01360	0.01043	0.01405	0.01405	0.00861	0.79738	0.02131	0.02856	0.01088	0.01088	0.00771	0.00544	0.00453	0.00136	0.00499	0.00408	0.00453	0.00771
33	0.01721	0.01325	0.01355	0.01050	0.01405	0.06458	0.00862	0.74868	0.02078	0.02747	0.01064	0.01071	0.00759	0.00539	0.00451	0.00135	0.00519	0.00401	0.00440	0.00755
34	0.00641	0.00463	0.00606	0.00570	0.00677	0.00428	0.00428	0.00855	0.01283	0.01817	0.81009	0.03385	0.04276	0.00926	0.00534	0.00143	0.00214	0.00819	0.00499	0.00428
35	0.00659	0.00439	0.00494	0.00494	0.00494	0.00439	0.00275	0.00659	0.00659	0.00879	0.01428	0.02965	0.01647	0.84075	0.02306	0.00439	0.00439	0.00659	0.00275	0.00275
36	0.01106	0.01225	0.02601	0.01862	0.02315	0.01160	0.75237	0.05792	0.01128	0.01529	0.00926	0.01215	0.00692	0.00391	0.00530	0.00152	0.00749	0.00528	0.00242	0.00620
37	0.06812	0.01127	0.01277	0.01016	0.01345	0.01244	0.05985	0.43073	0.25516	0.02368	0.01275	0.01262	0.00936	0.00541	0.00445	0.00140	0.00456	0.00434	0.01804	0.02944
38	0.01226	0.01006	0.01068	0.00935	0.01207	0.01151	0.00734	0.12349	0.68366	0.04026	0.01746	0.01609	0.01298	0.00604	0.00460	0.00151	0.00377	0.00497	0.00463	0.00725
39	0.01475	0.23019	0.03659	0.01092	0.06326	0.05548	0.00889	0.41852	0.05813	0.02071	0.00952	0.01008	0.00731	0.00499	0.00440	0.00128	0.03099	0.00362	0.00346	0.00691
40	0.01020	0.00879	0.01060	0.00828	0.01168	0.00820	0.05027	0.04851	0.25749	0.01685	0.06159	0.01348	0.01123	0.00471	0.00403	0.00106	0.00366	0.00400	0.00348	0.46188
41	0.03462	0.01178	0.01692	0.06799	0.55490	0.09136	0.03691	0.08287	0.01147	0.03538	0.00875	0.01097	0.00706	0.00429	0.00444	0.00135	0.00565	0.00394	0.00254	0.00684
42	0.01525	0.01169	0.01281	0.01011	0.01338	0.06590	0.05189	0.45952	0.10914	0.09137	0.04035	0.01428	0.05117	0.00578	0.00460	0.00138	0.00482	0.00462	0.00432	0.02761
43	0.01135	0.01022	0.01679	0.04572	0.60383	0.01037	0.03685	0.05573	0.01093	0.04707	0.02717	0.01363	0.05255	0.00483	0.00493	0.00139	0.03269	0.00449	0.00265	0.00682
44	0.06746	0.00973	0.01544	0.23311	0.43132	0.01020	0.02768	0.03256	0.02291	0.01472	0.00844	0.01112	0.00680	0.00418	0.00430	0.00134	0.00525	0.00385	0.00236	0.08722

[dist]
# distance from previous block
# <min> <max>
0	47

# created by:
# /home/cegg/simao/soft/augustus-3.2.1/scripts/msa2prfl.pl ./align_prep/EOG091G114S.fa
