[name]
unknown

[dist]
# distance from previous block
# <min> <max>
0	215

[block]
# block no. 0 follows, 44 sequences, length 8
# corresponding to MSA columns:
# 222-229
name=unknown_A
#
# <colnr> <probs for GDERKNQSTAVLIFYWHMCP>
#	G	D	E	R	K	N	Q	S	T	A	V	L	I	F	Y	W	H	M	C	P
0	0.05440	0.00896	0.01349	0.10619	0.18485	0.00930	0.03094	0.01518	0.04025	0.08824	0.01819	0.03058	0.01701	0.01064	0.04093	0.02892	0.00591	0.24393	0.04558	0.00650
1	0.10020	0.01353	0.05098	0.18293	0.28944	0.08017	0.03773	0.04324	0.03138	0.01778	0.01143	0.01411	0.03220	0.00556	0.00547	0.00165	0.02686	0.00472	0.00297	0.04765
2	0.01239	0.03504	0.05056	0.01306	0.09043	0.12059	0.04894	0.06345	0.12010	0.01844	0.13855	0.11508	0.06479	0.03265	0.00664	0.00182	0.02174	0.00734	0.00424	0.03414
3	0.05020	0.00800	0.00802	0.00773	0.00935	0.08736	0.00574	0.01179	0.01364	0.06364	0.34174	0.19353	0.15535	0.01166	0.00618	0.00180	0.00369	0.01002	0.00524	0.00532
4	0.00817	0.00602	0.00711	0.00725	0.00856	0.00573	0.00521	0.01105	0.09104	0.04125	0.17753	0.31089	0.22974	0.05542	0.00762	0.00213	0.00322	0.01166	0.00526	0.00515
5	0.00738	0.00604	0.00902	0.00893	0.01016	0.00555	0.08370	0.00889	0.01122	0.01459	0.03308	0.52593	0.18185	0.01499	0.00683	0.00212	0.00382	0.05628	0.00482	0.00480
6	0.01055	0.00786	0.01052	0.10668	0.12092	0.00829	0.00770	0.08911	0.01166	0.01648	0.01655	0.12120	0.01669	0.28508	0.01309	0.00293	0.00507	0.00729	0.13688	0.00545
7	0.01379	0.07428	0.15085	0.09593	0.34452	0.01289	0.01461	0.04210	0.06477	0.08540	0.01347	0.01522	0.03685	0.00568	0.00528	0.00165	0.00631	0.00496	0.00331	0.00810

[dist]
# distance from previous block
# <min> <max>
1	7

[block]
# block no. 1 follows, 44 sequences, length 14
# corresponding to MSA columns:
# 237-250
name=unknown_B
#
# <colnr> <probs for GDERKNQSTAVLIFYWHMCP>
#	G	D	E	R	K	N	Q	S	T	A	V	L	I	F	Y	W	H	M	C	P
0	0.11133	0.19993	0.17578	0.01128	0.01581	0.09517	0.01101	0.16962	0.03918	0.02056	0.03873	0.03625	0.01040	0.00607	0.00467	0.00154	0.00619	0.00444	0.03470	0.00733
1	0.24256	0.03736	0.06893	0.05181	0.04887	0.14732	0.03157	0.10984	0.11089	0.03486	0.01140	0.01248	0.00871	0.00568	0.00467	0.00161	0.00609	0.00418	0.02913	0.03205
2	0.06414	0.08837	0.13119	0.01377	0.06406	0.13697	0.09059	0.06068	0.04622	0.05350	0.07461	0.03278	0.01265	0.00702	0.02674	0.00175	0.00676	0.00503	0.00352	0.07966
3	0.01520	0.63620	0.09237	0.01029	0.01512	0.06396	0.01034	0.04907	0.01215	0.04051	0.00854	0.00957	0.00731	0.00492	0.00388	0.00127	0.00622	0.00322	0.00264	0.00723
4	0.01267	0.01272	0.09592	0.05458	0.16877	0.02586	0.05370	0.05170	0.02971	0.06052	0.07346	0.01706	0.03469	0.02832	0.00636	0.00160	0.03990	0.00516	0.00355	0.22376
5	0.00781	0.00577	0.00839	0.00839	0.00924	0.00661	0.00635	0.00950	0.00865	0.01238	0.01494	0.02329	0.01444	0.14182	0.68698	0.00830	0.01338	0.00612	0.00297	0.00466
6	0.11336	0.01027	0.09295	0.03290	0.08255	0.00853	0.03407	0.01434	0.03715	0.09699	0.15932	0.05176	0.18611	0.01013	0.03424	0.00202	0.00488	0.01760	0.00447	0.00636
7	0.03738	0.05835	0.18884	0.04864	0.23229	0.04716	0.08115	0.04015	0.14271	0.05171	0.01254	0.01405	0.00955	0.00552	0.00530	0.00168	0.00668	0.00486	0.00336	0.00808
8	0.01159	0.01468	0.24955	0.07186	0.08196	0.01006	0.03009	0.01687	0.10897	0.07833	0.06185	0.11093	0.05435	0.00783	0.00557	0.00177	0.00558	0.00675	0.06430	0.00713
9	0.00687	0.00491	0.00619	0.00712	0.00749	0.00460	0.00466	0.00767	0.01011	0.01334	0.02949	0.60258	0.08807	0.16700	0.01087	0.00277	0.00354	0.01376	0.00473	0.00423
10	0.09778	0.01562	0.17444	0.10529	0.05950	0.03634	0.12574	0.10574	0.05729	0.06674	0.01306	0.04309	0.02428	0.00631	0.00600	0.00178	0.04471	0.00533	0.00353	0.00743
11	0.08252	0.04025	0.18462	0.06383	0.11491	0.01294	0.01245	0.18245	0.09475	0.06157	0.01413	0.08661	0.01167	0.00685	0.00530	0.00173	0.00593	0.00562	0.00398	0.00786
12	0.03995	0.01103	0.01317	0.09635	0.06935	0.09063	0.00960	0.04271	0.01262	0.20246	0.01715	0.05081	0.06733	0.01058	0.07368	0.00239	0.13364	0.00583	0.04390	0.00683
13	0.54852	0.04083	0.01124	0.01055	0.06893	0.15768	0.00767	0.03110	0.01099	0.02106	0.00847	0.01063	0.00703	0.04018	0.00492	0.00177	0.00558	0.00345	0.00322	0.00618

[dist]
# distance from previous block
# <min> <max>
0	1

[block]
# block no. 2 follows, 44 sequences, length 14
# corresponding to MSA columns:
# 252-265
name=unknown_C
#
# <colnr> <probs for GDERKNQSTAVLIFYWHMCP>
#	G	D	E	R	K	N	Q	S	T	A	V	L	I	F	Y	W	H	M	C	P
0	0.01351	0.15494	0.15278	0.10261	0.14361	0.06614	0.02473	0.08452	0.06552	0.01782	0.03131	0.01427	0.02558	0.00598	0.00573	0.00163	0.05046	0.00467	0.02675	0.00742
1	0.01465	0.00807	0.00966	0.00803	0.01094	0.00755	0.00635	0.04327	0.09549	0.23477	0.15142	0.02191	0.01976	0.00710	0.00502	0.00148	0.00366	0.00589	0.21952	0.12545
2	0.01137	0.03467	0.10570	0.02690	0.05995	0.04803	0.05115	0.01802	0.23397	0.01858	0.12659	0.02632	0.12786	0.00850	0.00643	0.00181	0.04665	0.03620	0.00436	0.00693
3	0.04060	0.00797	0.00953	0.00869	0.01039	0.03257	0.04719	0.10828	0.01316	0.04881	0.08593	0.27313	0.05956	0.12420	0.00900	0.00232	0.00434	0.00945	0.09939	0.00551
4	0.00681	0.00532	0.00617	0.00641	0.00770	0.00469	0.00463	0.00836	0.01262	0.01624	0.22263	0.25261	0.39830	0.01404	0.00658	0.00191	0.00282	0.01218	0.00529	0.00469
5	0.01244	0.03994	0.03564	0.01281	0.10689	0.01014	0.05179	0.04890	0.09924	0.01888	0.01136	0.01280	0.00913	0.00472	0.00459	0.00116	0.00492	0.00404	0.00345	0.50717
6	0.01245	0.00898	0.01048	0.00893	0.01168	0.00904	0.00699	0.09679	0.20562	0.08743	0.34437	0.02715	0.02963	0.00847	0.00573	0.00163	0.00373	0.00722	0.00556	0.10814
7	0.00735	0.00549	0.00668	0.00738	0.00826	0.00514	0.00513	0.04783	0.01172	0.01520	0.03499	0.58751	0.20567	0.01575	0.00676	0.00210	0.00322	0.01400	0.00508	0.00473
8	0.05337	0.19238	0.05797	0.03386	0.04177	0.01657	0.01063	0.36385	0.03029	0.03652	0.04154	0.01313	0.01013	0.00634	0.00592	0.00161	0.06743	0.00455	0.00413	0.00801
9	0.00793	0.00529	0.00595	0.00595	0.00595	0.00529	0.00330	0.00793	0.00793	0.01057	0.01718	0.03568	0.01982	0.80840	0.02775	0.00529	0.00529	0.00793	0.00330	0.00330
10	0.04790	0.03778	0.40761	0.03324	0.10390	0.08687	0.04208	0.05216	0.03810	0.01821	0.05120	0.01378	0.01013	0.00656	0.02596	0.00186	0.00752	0.00458	0.00293	0.00761
11	0.00789	0.00542	0.00661	0.00661	0.00685	0.00565	0.00414	0.00836	0.00813	0.01107	0.01657	0.03229	0.01835	0.62626	0.20788	0.00611	0.00750	0.00743	0.00321	0.00367
12	0.00944	0.00769	0.01100	0.01283	0.16814	0.00738	0.04319	0.01242	0.04390	0.01849	0.21803	0.06525	0.20424	0.00960	0.00583	0.00170	0.00388	0.02095	0.13009	0.00595
13	0.01979	0.07959	0.01637	0.01316	0.01646	0.52236	0.01026	0.16844	0.05303	0.03584	0.01026	0.01111	0.00808	0.00585	0.00496	0.00146	0.00839	0.00392	0.00353	0.00714

[dist]
# distance from previous block
# <min> <max>
0	3

[block]
# block no. 3 follows, 44 sequences, length 31
# corresponding to MSA columns:
# 269-299
name=unknown_D
#
# <colnr> <probs for GDERKNQSTAVLIFYWHMCP>
#	G	D	E	R	K	N	Q	S	T	A	V	L	I	F	Y	W	H	M	C	P
0	0.01469	0.25582	0.17504	0.01339	0.04416	0.11925	0.05311	0.05298	0.02439	0.04831	0.00963	0.01124	0.00774	0.00553	0.00585	0.00151	0.08042	0.00394	0.00289	0.07012
1	0.05393	0.04863	0.10782	0.02589	0.05760	0.02922	0.08521	0.07797	0.08023	0.03202	0.08152	0.10863	0.09631	0.00846	0.00561	0.00175	0.00526	0.02615	0.06112	0.00668
2	0.00672	0.00481	0.00627	0.00740	0.00776	0.00449	0.00491	0.00762	0.01036	0.01374	0.03026	0.72577	0.06497	0.06683	0.00825	0.00239	0.00328	0.01486	0.00495	0.00436
3	0.01261	0.01176	0.05868	0.21030	0.08277	0.02472	0.05431	0.17663	0.03914	0.01972	0.06557	0.07720	0.01498	0.06447	0.02890	0.00223	0.02004	0.02533	0.00381	0.00681
4	0.03079	0.15945	0.31562	0.01532	0.08371	0.07868	0.07807	0.03900	0.01276	0.09358	0.01215	0.01337	0.03294	0.00553	0.00503	0.00160	0.00713	0.00446	0.00307	0.00772
5	0.01365	0.08450	0.01884	0.08877	0.42816	0.01236	0.01318	0.01684	0.03465	0.08630	0.01310	0.01555	0.02939	0.00709	0.03783	0.00191	0.02794	0.00500	0.05720	0.00776
6	0.00666	0.00489	0.00625	0.00726	0.00784	0.00448	0.00493	0.00773	0.01093	0.01436	0.06374	0.66286	0.14538	0.01636	0.00686	0.00214	0.00308	0.01468	0.00510	0.00448
7	0.04050	0.01181	0.05808	0.03217	0.10947	0.04914	0.05516	0.15416	0.05198	0.01934	0.01790	0.19829	0.03638	0.07340	0.00802	0.00213	0.03367	0.02414	0.01762	0.00665
8	0.01489	0.07472	0.04439	0.08517	0.04340	0.13950	0.06135	0.11088	0.06050	0.04863	0.02773	0.01453	0.02725	0.00694	0.00818	0.00178	0.19139	0.00493	0.02683	0.00701
9	0.01293	0.01020	0.01195	0.00887	0.01328	0.00864	0.00713	0.10244	0.01310	0.05860	0.01146	0.04474	0.00962	0.00519	0.00485	0.00106	0.03025	0.00410	0.00372	0.63784
10	0.01280	0.17433	0.34658	0.01428	0.04377	0.07790	0.06236	0.05785	0.01236	0.01652	0.01093	0.06210	0.00936	0.00758	0.03877	0.00194	0.03566	0.00484	0.00277	0.00731
11	0.03724	0.13212	0.07987	0.04473	0.22707	0.08584	0.02534	0.15166	0.01484	0.07543	0.01180	0.03577	0.00947	0.00581	0.00502	0.00156	0.00636	0.00473	0.03749	0.00785
12	0.00808	0.00601	0.00854	0.00845	0.00912	0.00693	0.00631	0.00941	0.00858	0.01222	0.01505	0.05496	0.01513	0.17886	0.53869	0.04134	0.05824	0.00651	0.00302	0.00452
13	0.20244	0.01436	0.07062	0.01141	0.01555	0.03713	0.02641	0.37592	0.01822	0.10205	0.01225	0.01291	0.00886	0.00785	0.04469	0.00203	0.02019	0.00450	0.00457	0.00802
14	0.75676	0.01040	0.00852	0.00745	0.01091	0.01177	0.00614	0.01718	0.00997	0.10708	0.00912	0.00992	0.00674	0.00525	0.00360	0.00169	0.00426	0.00323	0.00374	0.00627
15	0.00692	0.00523	0.00632	0.00699	0.00794	0.00476	0.00500	0.00818	0.01140	0.01461	0.07508	0.39290	0.28266	0.06585	0.00814	0.00229	0.00331	0.08293	0.00499	0.00451
16	0.00657	0.00550	0.00571	0.00571	0.00745	0.00465	0.00426	0.00805	0.01265	0.01538	0.12210	0.07441	0.68157	0.01366	0.00646	0.00184	0.00276	0.01147	0.00515	0.00465
17	0.00748	0.00516	0.00602	0.00636	0.00657	0.00501	0.00384	0.00783	0.00891	0.01176	0.02325	0.24480	0.07556	0.54020	0.02067	0.00422	0.00454	0.01022	0.00390	0.00370
18	0.01489	0.01209	0.01287	0.01124	0.01453	0.01380	0.00884	0.12468	0.64066	0.05110	0.02097	0.01932	0.01556	0.00726	0.00553	0.00182	0.00455	0.00597	0.00558	0.00874
19	0.02072	0.01527	0.01636	0.01254	0.01691	0.01691	0.01036	0.75622	0.02563	0.03436	0.01309	0.01309	0.00927	0.00654	0.00545	0.00164	0.00600	0.00491	0.00545	0.00927
20	0.01167	0.01059	0.01475	0.03260	0.04671	0.00877	0.10856	0.01499	0.04271	0.01783	0.01041	0.01232	0.00846	0.00432	0.00452	0.00105	0.00493	0.00390	0.00322	0.63768
21	0.01115	0.01090	0.01609	0.70231	0.03495	0.06504	0.01450	0.01523	0.04934	0.01434	0.01024	0.01451	0.00772	0.00556	0.00542	0.00179	0.00729	0.00482	0.00261	0.00620
22	0.14402	0.00999	0.01130	0.00912	0.01265	0.01011	0.00743	0.16020	0.05755	0.34879	0.01721	0.01648	0.01182	0.00642	0.00487	0.00161	0.00444	0.00496	0.15301	0.00799
23	0.00986	0.00651	0.00822	0.00743	0.00916	0.00613	0.00568	0.06231	0.01583	0.08356	0.59812	0.06187	0.08240	0.01080	0.00630	0.00173	0.00300	0.00943	0.00595	0.00571
24	0.01166	0.03170	0.37903	0.09025	0.04355	0.05055	0.06130	0.03864	0.02605	0.03967	0.04413	0.06396	0.03340	0.03439	0.02653	0.00205	0.00723	0.00567	0.00311	0.00714
25	0.12560	0.00999	0.01242	0.00965	0.01378	0.00935	0.00797	0.09242	0.01575	0.61671	0.01902	0.01686	0.01217	0.00652	0.00522	0.00168	0.00471	0.00512	0.00621	0.00886
26	0.00783	0.00574	0.00709	0.00687	0.00827	0.00529	0.00510	0.01041	0.03942	0.03261	0.50968	0.12727	0.18980	0.01213	0.00645	0.00180	0.00277	0.01061	0.00571	0.00515
27	0.01575	0.02678	0.06545	0.09302	0.19877	0.07990	0.11802	0.08120	0.01438	0.16063	0.05186	0.01634	0.02457	0.00596	0.00552	0.00167	0.00660	0.00537	0.02041	0.00780
28	0.00979	0.06466	0.05670	0.01362	0.10125	0.00946	0.10476	0.01218	0.02135	0.01518	0.02024	0.30566	0.04070	0.04478	0.02975	0.00230	0.05956	0.05416	0.02802	0.00586
29	0.01702	0.00849	0.01021	0.00856	0.01147	0.00825	0.00690	0.12797	0.03786	0.31677	0.04209	0.04849	0.03785	0.00772	0.00520	0.00163	0.00407	0.04298	0.24906	0.00740
30	0.02809	0.00651	0.02599	0.00987	0.07545	0.00585	0.00650	0.01006	0.01112	0.05164	0.04727	0.51056	0.08840	0.04618	0.00734	0.00218	0.00373	0.02995	0.02816	0.00517

[dist]
# distance from previous block
# <min> <max>
1	12

[block]
# block no. 4 follows, 44 sequences, length 14
# corresponding to MSA columns:
# 312-325
name=unknown_E
#
# <colnr> <probs for GDERKNQSTAVLIFYWHMCP>
#	G	D	E	R	K	N	Q	S	T	A	V	L	I	F	Y	W	H	M	C	P
0	0.00897	0.02978	0.00900	0.00946	0.04886	0.04473	0.00647	0.05697	0.01256	0.01642	0.11394	0.48344	0.08504	0.01387	0.00651	0.00200	0.00389	0.03798	0.00488	0.00523
1	0.01060	0.00942	0.01371	0.15213	0.15013	0.02279	0.04986	0.06058	0.01225	0.01647	0.02020	0.20734	0.10016	0.03826	0.00688	0.00189	0.02215	0.00814	0.00373	0.09330
2	0.07835	0.11105	0.18612	0.01467	0.05205	0.06022	0.15976	0.04991	0.06005	0.01824	0.01141	0.02904	0.00912	0.00572	0.00560	0.00164	0.04324	0.00480	0.07101	0.02802
3	0.09472	0.07103	0.08505	0.03299	0.18458	0.01136	0.07152	0.03977	0.01236	0.07645	0.05252	0.08089	0.01340	0.00669	0.00549	0.00163	0.02651	0.01601	0.04049	0.07654
4	0.01146	0.04738	0.00884	0.00746	0.00833	0.00602	0.00536	0.01007	0.00865	0.10656	0.01325	0.01827	0.04931	0.01640	0.01762	0.64862	0.00468	0.00508	0.00306	0.00359
5	0.03940	0.04192	0.07618	0.06714	0.20479	0.12054	0.02695	0.12407	0.02851	0.06629	0.01179	0.04302	0.00957	0.00579	0.00512	0.00153	0.00643	0.00479	0.00353	0.11265
6	0.01590	0.03930	0.09495	0.02307	0.06523	0.08234	0.02984	0.08770	0.04890	0.20313	0.03824	0.05640	0.04919	0.00807	0.00697	0.04545	0.04676	0.02265	0.00438	0.03154
7	0.01115	0.01050	0.01630	0.01932	0.28332	0.03930	0.10416	0.01427	0.05101	0.01648	0.01922	0.23046	0.05662	0.00930	0.00657	0.00187	0.04170	0.02999	0.03177	0.00670
8	0.01256	0.02831	0.02705	0.10953	0.01620	0.01136	0.00909	0.18289	0.06096	0.02036	0.05735	0.06007	0.10838	0.00792	0.00680	0.00164	0.09515	0.00620	0.00411	0.17405
9	0.01405	0.01211	0.01060	0.00955	0.01180	0.18974	0.00739	0.06520	0.11160	0.07146	0.16842	0.02338	0.04044	0.00790	0.00565	0.00161	0.02851	0.03062	0.18356	0.00641
10	0.00856	0.00640	0.00832	0.00817	0.00910	0.00718	0.00594	0.01158	0.10352	0.01327	0.01637	0.02578	0.01596	0.27864	0.44929	0.00680	0.01037	0.00654	0.00337	0.00485
11	0.01267	0.00738	0.00903	0.00786	0.01006	0.00718	0.00613	0.07772	0.06176	0.16396	0.40718	0.02991	0.03298	0.00898	0.00572	0.00164	0.00335	0.00767	0.13235	0.00647
12	0.00919	0.00675	0.00823	0.00749	0.00917	0.00654	0.00571	0.10373	0.01623	0.02245	0.57967	0.07207	0.10958	0.01107	0.00633	0.00174	0.00305	0.00963	0.00581	0.00558
13	0.74125	0.00991	0.00770	0.00696	0.01014	0.01127	0.00568	0.01499	0.00967	0.02324	0.01358	0.01434	0.10224	0.00616	0.00376	0.00171	0.00403	0.00403	0.00359	0.00574

[dist]
# distance from previous block
# <min> <max>
0	50

[block]
# block no. 5 follows, 44 sequences, length 7
# corresponding to MSA columns:
# 376-382
name=unknown_F
#
# <colnr> <probs for GDERKNQSTAVLIFYWHMCP>
#	G	D	E	R	K	N	Q	S	T	A	V	L	I	F	Y	W	H	M	C	P
0	0.01325	0.02089	0.37980	0.01762	0.13122	0.04910	0.07057	0.04002	0.04148	0.01908	0.04124	0.01489	0.01060	0.00601	0.00565	0.00177	0.00733	0.00487	0.00327	0.12134
1	0.06738	0.01158	0.01358	0.01239	0.07777	0.03549	0.00918	0.17361	0.15421	0.29512	0.05295	0.01897	0.01452	0.00702	0.00545	0.00172	0.00506	0.02998	0.00551	0.00848
2	0.01450	0.01218	0.01286	0.01128	0.01453	0.01400	0.00886	0.12435	0.66764	0.02432	0.02100	0.01939	0.01568	0.00728	0.00554	0.00182	0.00454	0.00600	0.00554	0.00871
3	0.09758	0.03113	0.10725	0.11546	0.06030	0.01180	0.02881	0.07694	0.01295	0.22603	0.01316	0.01472	0.00958	0.00925	0.07384	0.00238	0.09254	0.00481	0.00399	0.00750
4	0.05715	0.01773	0.20975	0.04318	0.11110	0.10389	0.03581	0.17513	0.03275	0.06111	0.03735	0.01610	0.01099	0.02930	0.00600	0.00179	0.00680	0.03263	0.00372	0.00771
5	0.00977	0.00671	0.02884	0.00802	0.00950	0.00611	0.00611	0.01264	0.07527	0.09435	0.11957	0.36737	0.05797	0.03335	0.02856	0.00223	0.00385	0.04289	0.08136	0.00554
6	0.01468	0.00708	0.00927	0.00799	0.01052	0.00624	0.00625	0.01672	0.01456	0.34756	0.27105	0.11691	0.12784	0.01024	0.00608	0.00177	0.00356	0.00880	0.00610	0.00678

[dist]
# distance from previous block
# <min> <max>
7	9

[block]
# block no. 6 follows, 44 sequences, length 18
# corresponding to MSA columns:
# 393-410
name=unknown_G
#
# <colnr> <probs for GDERKNQSTAVLIFYWHMCP>
#	G	D	E	R	K	N	Q	S	T	A	V	L	I	F	Y	W	H	M	C	P
0	0.04360	0.04766	0.11018	0.02920	0.08852	0.00987	0.07899	0.01478	0.04280	0.08091	0.08885	0.14252	0.04799	0.04779	0.00744	0.00202	0.04188	0.04880	0.01971	0.00649
1	0.84691	0.01054	0.00801	0.00717	0.01054	0.01223	0.00590	0.01603	0.00928	0.02446	0.00759	0.00886	0.00590	0.00506	0.00337	0.00169	0.00422	0.00295	0.00337	0.00590
2	0.08925	0.06102	0.23857	0.01870	0.21334	0.01349	0.06965	0.09753	0.02831	0.08016	0.01114	0.01279	0.00835	0.00545	0.00550	0.00168	0.02916	0.00454	0.00330	0.00808
3	0.02774	0.21829	0.24125	0.01474	0.06676	0.05688	0.07798	0.01756	0.07782	0.01626	0.03366	0.01282	0.00942	0.00589	0.00641	0.00166	0.10027	0.00442	0.00283	0.00735
4	0.01793	0.01201	0.01316	0.01068	0.01425	0.01303	0.00863	0.35431	0.21231	0.14031	0.01736	0.01680	0.01247	0.00677	0.00525	0.00165	0.00487	0.00534	0.12435	0.00851
5	0.80083	0.01027	0.00797	0.00715	0.01041	0.01184	0.00586	0.01571	0.00962	0.02432	0.04954	0.01061	0.00840	0.00539	0.00354	0.00169	0.00413	0.00333	0.00352	0.00586
6	0.01890	0.02208	0.01548	0.05158	0.04634	0.55915	0.01076	0.09298	0.10008	0.01663	0.01055	0.01169	0.00839	0.00587	0.00508	0.00150	0.00859	0.00406	0.00335	0.00694
7	0.10874	0.01003	0.01256	0.00973	0.01388	0.00936	0.00804	0.10065	0.01599	0.62396	0.01921	0.01699	0.01228	0.00655	0.00526	0.00168	0.00474	0.00516	0.00627	0.00893
8	0.01363	0.19778	0.20862	0.07088	0.14805	0.08055	0.08369	0.05559	0.03692	0.01701	0.03158	0.01278	0.00908	0.00532	0.00501	0.00157	0.00711	0.00444	0.00284	0.00756
9	0.01558	0.01730	0.14324	0.04810	0.15607	0.23433	0.01219	0.01841	0.01367	0.13359	0.07799	0.07755	0.01439	0.00695	0.00545	0.00165	0.00687	0.00569	0.00375	0.00723
10	0.00664	0.00474	0.00633	0.00759	0.00791	0.00443	0.00506	0.00759	0.01044	0.01392	0.03005	0.80485	0.03606	0.01708	0.00696	0.00221	0.00316	0.01550	0.00506	0.00443
11	0.07789	0.01023	0.01222	0.00966	0.01334	0.01006	0.00784	0.20345	0.01684	0.43171	0.01820	0.03692	0.01283	0.04506	0.00631	0.00183	0.00479	0.00550	0.06701	0.00833
12	0.03557	0.16169	0.19638	0.06411	0.06570	0.04506	0.06100	0.08074	0.03047	0.05674	0.01276	0.02761	0.03809	0.00576	0.00493	0.00153	0.00636	0.00467	0.01560	0.08522
13	0.00784	0.00695	0.04617	0.03915	0.04141	0.00623	0.00680	0.00958	0.01069	0.01448	0.09915	0.24962	0.11260	0.12981	0.16867	0.00383	0.00628	0.03172	0.00414	0.00488
14	0.00651	0.00547	0.00566	0.00572	0.00744	0.00462	0.00425	0.00792	0.01243	0.01500	0.08614	0.10160	0.69081	0.01390	0.00648	0.00186	0.00278	0.01169	0.00511	0.00462
15	0.00887	0.00728	0.04416	0.00782	0.02812	0.00635	0.00600	0.04486	0.04160	0.01861	0.20226	0.14505	0.19775	0.03274	0.02060	0.00195	0.00357	0.00922	0.16778	0.00540
16	0.01630	0.03741	0.17448	0.01578	0.09385	0.10046	0.07148	0.25618	0.04936	0.06204	0.01271	0.04550	0.00993	0.00633	0.00569	0.00168	0.02358	0.00515	0.00394	0.00813
17	0.01362	0.11351	0.03273	0.21191	0.08222	0.04286	0.03495	0.06867	0.13947	0.07131	0.06352	0.01667	0.01279	0.00734	0.02971	0.00189	0.02130	0.00522	0.02307	0.00724

[dist]
# distance from previous block
# <min> <max>
1	5

[block]
# block no. 7 follows, 44 sequences, length 50
# corresponding to MSA columns:
# 416-465
name=unknown_H
#
# <colnr> <probs for GDERKNQSTAVLIFYWHMCP>
#	G	D	E	R	K	N	Q	S	T	A	V	L	I	F	Y	W	H	M	C	P
0	0.03192	0.11996	0.02322	0.06482	0.05587	0.12103	0.00842	0.08419	0.05864	0.01675	0.03097	0.06137	0.11288	0.10437	0.03092	0.00223	0.00590	0.00628	0.02518	0.03509
1	0.02897	0.09392	0.10707	0.01307	0.05463	0.09395	0.03215	0.24989	0.10149	0.06930	0.01558	0.01582	0.05942	0.00644	0.00520	0.00160	0.00616	0.00503	0.00424	0.03608
2	0.01176	0.01042	0.01725	0.04324	0.36540	0.01045	0.07934	0.04189	0.01231	0.03697	0.01676	0.23583	0.01708	0.00884	0.00635	0.00185	0.02904	0.03275	0.00364	0.01881
3	0.01200	0.00992	0.01170	0.03259	0.01387	0.00791	0.00695	0.04107	0.02746	0.03780	0.01037	0.01184	0.00841	0.00431	0.00420	0.00091	0.00423	0.00346	0.00342	0.74758
4	0.00698	0.00494	0.00628	0.00713	0.00747	0.00466	0.00465	0.00783	0.01024	0.01368	0.07247	0.56801	0.05451	0.19088	0.01149	0.00285	0.00358	0.01338	0.00473	0.00423
5	0.00671	0.00477	0.00631	0.00750	0.00780	0.00447	0.00497	0.00761	0.01030	0.01374	0.02937	0.76404	0.03520	0.05906	0.00806	0.00238	0.00328	0.01510	0.00497	0.00437
6	0.00778	0.00544	0.00686	0.00708	0.00749	0.00561	0.00476	0.00857	0.00886	0.01196	0.01982	0.11706	0.04095	0.46084	0.20456	0.00549	0.00719	0.06214	0.00357	0.00396
7	0.01086	0.00925	0.01081	0.00795	0.01242	0.00701	0.00629	0.01318	0.01137	0.01756	0.02554	0.04998	0.03588	0.00510	0.00430	0.00092	0.00393	0.00419	0.00343	0.76004
8	0.01042	0.00583	0.00615	0.00589	0.00721	0.00613	0.00452	0.03533	0.01173	0.02006	0.01873	0.02108	0.04855	0.00690	0.00484	0.00138	0.05097	0.00535	0.72369	0.00524
9	0.61124	0.01153	0.01017	0.00853	0.01218	0.01303	0.00703	0.18305	0.01334	0.07246	0.00967	0.01040	0.00712	0.00550	0.00397	0.00168	0.00464	0.00355	0.00405	0.00687
10	0.03822	0.06233	0.10590	0.01329	0.01730	0.35457	0.03618	0.14908	0.08406	0.07088	0.01156	0.01222	0.00872	0.00587	0.00508	0.00155	0.00774	0.00424	0.00371	0.00751
11	0.04542	0.00529	0.00633	0.00714	0.00804	0.00492	0.00503	0.00825	0.01107	0.01486	0.04973	0.53360	0.21879	0.01551	0.00668	0.00210	0.00318	0.04449	0.00500	0.00458
12	0.03915	0.01185	0.01831	0.08349	0.46241	0.01212	0.01366	0.06027	0.06699	0.12059	0.04772	0.01583	0.01168	0.00573	0.00542	0.00167	0.00587	0.00521	0.00375	0.00832
13	0.10606	0.01075	0.01587	0.38190	0.05048	0.03107	0.09537	0.01666	0.12606	0.01706	0.01336	0.06570	0.01124	0.00662	0.00548	0.00184	0.00640	0.02822	0.00331	0.00653
14	0.01312	0.32563	0.37570	0.01425	0.05453	0.06484	0.04909	0.01717	0.01170	0.01536	0.00894	0.01059	0.00709	0.00497	0.00459	0.00149	0.00730	0.00372	0.00238	0.00754
15	0.01307	0.01097	0.03365	0.00998	0.01282	0.04651	0.00797	0.04328	0.40895	0.08244	0.16321	0.04362	0.08292	0.00861	0.00577	0.00179	0.00428	0.00722	0.00545	0.00751
16	0.00665	0.00496	0.00611	0.00700	0.00768	0.00451	0.00475	0.00766	0.01081	0.01396	0.03566	0.58365	0.21685	0.05295	0.00779	0.00226	0.00316	0.01416	0.00498	0.00442
17	0.01292	0.01248	0.07199	0.04903	0.09741	0.03060	0.04345	0.09738	0.02879	0.03642	0.01178	0.05495	0.00992	0.00545	0.00484	0.00128	0.00533	0.00465	0.00351	0.41783
18	0.01306	0.03671	0.01587	0.06136	0.18398	0.08231	0.06719	0.06034	0.19689	0.01904	0.05183	0.07835	0.05003	0.00736	0.00555	0.00171	0.00565	0.00647	0.04900	0.00730
19	0.01273	0.01032	0.03600	0.09443	0.15290	0.02430	0.01041	0.05419	0.13473	0.09636	0.06687	0.04629	0.08980	0.00882	0.00595	0.00186	0.00515	0.12564	0.01615	0.00708
20	0.00673	0.00481	0.00642	0.00765	0.00802	0.00450	0.00517	0.00777	0.01063	0.01419	0.04869	0.76327	0.03630	0.01687	0.00696	0.00221	0.00320	0.03705	0.00508	0.00446
21	0.04006	0.01435	0.08949	0.09861	0.14908	0.07067	0.06356	0.15185	0.07913	0.09098	0.06561	0.03630	0.01300	0.00644	0.00550	0.00170	0.00629	0.00553	0.00407	0.00779
22	0.01360	0.14618	0.29536	0.04034	0.12543	0.06875	0.10179	0.03928	0.01261	0.05193	0.01072	0.01307	0.00830	0.00532	0.00509	0.00161	0.00727	0.01475	0.03097	0.00765
23	0.03923	0.01693	0.05710	0.03220	0.16193	0.25090	0.04587	0.07448	0.03726	0.12160	0.01183	0.01377	0.00921	0.02887	0.02337	0.00189	0.05787	0.00465	0.00358	0.00745
24	0.47442	0.04790	0.05642	0.01146	0.07393	0.11572	0.00892	0.05350	0.03000	0.02129	0.00878	0.01035	0.00700	0.00607	0.01840	0.00178	0.04071	0.00355	0.00324	0.00657
25	0.00694	0.00549	0.00612	0.00616	0.00759	0.00486	0.00452	0.00844	0.01238	0.01566	0.18555	0.09334	0.47825	0.08982	0.02522	0.00234	0.00332	0.03439	0.00503	0.00459
26	0.01383	0.01157	0.03484	0.09209	0.05299	0.03267	0.09327	0.09485	0.03680	0.10136	0.01442	0.05719	0.03510	0.00604	0.00516	0.00143	0.00553	0.00530	0.00388	0.30170
27	0.00750	0.00555	0.00701	0.00731	0.00836	0.00526	0.00537	0.00961	0.03335	0.01710	0.29512	0.26683	0.14314	0.05970	0.03131	0.00237	0.00357	0.08146	0.00524	0.00483
28	0.01204	0.23821	0.42289	0.03828	0.07851	0.01511	0.01579	0.01633	0.01127	0.01566	0.01039	0.01224	0.02967	0.00555	0.00558	0.00161	0.05682	0.00408	0.00243	0.00752
29	0.05259	0.09145	0.09570	0.03661	0.11717	0.01313	0.01089	0.18401	0.10455	0.13769	0.01556	0.01589	0.03598	0.00626	0.00508	0.00162	0.00549	0.00500	0.05726	0.00810
30	0.00745	0.02394	0.00678	0.00653	0.00785	0.00519	0.00482	0.00922	0.01273	0.01718	0.25775	0.22110	0.28298	0.01288	0.00626	0.00183	0.00289	0.02310	0.08470	0.00483
31	0.01126	0.01321	0.15305	0.01067	0.01402	0.03663	0.00973	0.01994	0.33985	0.02030	0.19592	0.04870	0.06310	0.00857	0.00598	0.00181	0.01776	0.01744	0.00486	0.00720
32	0.01104	0.00650	0.00832	0.00739	0.00930	0.00600	0.00570	0.03812	0.01548	0.14988	0.55122	0.03565	0.07528	0.01015	0.00612	0.00169	0.00304	0.00881	0.04436	0.00595
33	0.00779	0.00584	0.00876	0.00876	0.00974	0.00681	0.00681	0.00974	0.00876	0.01266	0.01460	0.02142	0.01363	0.04089	0.78680	0.00876	0.01460	0.00584	0.00292	0.00487
34	0.01197	0.05636	0.26545	0.07007	0.16304	0.01301	0.25518	0.01654	0.01230	0.01729	0.05761	0.01479	0.01047	0.00530	0.00564	0.00172	0.00763	0.00532	0.00276	0.00758
35	0.01398	0.01198	0.01306	0.01232	0.05302	0.01373	0.00914	0.07139	0.68254	0.02324	0.02104	0.01956	0.01580	0.00722	0.00553	0.00182	0.00452	0.00602	0.00540	0.00867
36	0.01086	0.00839	0.01180	0.06738	0.13377	0.00852	0.02684	0.05983	0.04356	0.05923	0.24228	0.09426	0.12650	0.00948	0.00630	0.00176	0.02764	0.00824	0.04701	0.00632
37	0.01306	0.01185	0.05799	0.01358	0.08372	0.00987	0.13524	0.05066	0.05680	0.07170	0.03456	0.01451	0.01060	0.00509	0.00494	0.00131	0.00538	0.00465	0.04472	0.36978
38	0.01479	0.07592	0.01749	0.01431	0.03958	0.17087	0.01144	0.09288	0.01191	0.01551	0.00816	0.01144	0.00739	0.00792	0.01250	0.00199	0.47215	0.00440	0.00280	0.00655
39	0.01222	0.03805	0.09682	0.02663	0.01528	0.00948	0.03106	0.06572	0.01234	0.02940	0.01021	0.01188	0.00818	0.00464	0.00472	0.00109	0.02530	0.00367	0.02393	0.56938
40	0.11853	0.28561	0.03148	0.01148	0.03170	0.13269	0.05391	0.03286	0.07094	0.03408	0.03612	0.02399	0.01034	0.02659	0.00590	0.00162	0.05717	0.00435	0.02387	0.00675
41	0.00673	0.00499	0.00614	0.00696	0.00764	0.00456	0.00472	0.00776	0.01088	0.01413	0.05994	0.54729	0.20670	0.07446	0.00835	0.00234	0.00321	0.01382	0.00496	0.00441
42	0.03534	0.06901	0.31775	0.08430	0.03937	0.01268	0.14462	0.04033	0.01267	0.11409	0.04641	0.01444	0.01016	0.00570	0.00574	0.00173	0.02981	0.00494	0.00327	0.00764
43	0.04900	0.07508	0.24991	0.05489	0.09445	0.08228	0.12653	0.11786	0.03564	0.01947	0.03681	0.01336	0.00942	0.00553	0.00528	0.00166	0.00730	0.00473	0.00316	0.00767
44	0.01667	0.08482	0.13378	0.03625	0.03717	0.23642	0.04541	0.06919	0.05277	0.13683	0.01346	0.06175	0.01097	0.03342	0.00599	0.00173	0.00711	0.00517	0.00377	0.00731
45	0.00706	0.00517	0.00658	0.00740	0.00815	0.00481	0.00529	0.00837	0.01136	0.01493	0.10537	0.47159	0.15418	0.06198	0.00811	0.00232	0.00340	0.10436	0.00504	0.00453
46	0.03905	0.03775	0.10920	0.10299	0.09315	0.07635	0.06624	0.12556	0.03276	0.03662	0.04726	0.10913	0.01421	0.00756	0.00598	0.00176	0.03185	0.03077	0.00372	0.02809
47	0.01550	0.08646	0.12939	0.05783	0.17403	0.14693	0.03813	0.12008	0.04199	0.05459	0.01093	0.01280	0.00853	0.00662	0.02524	0.00181	0.05364	0.00449	0.00328	0.00770
48	0.01103	0.00689	0.00937	0.00954	0.04817	0.00694	0.00686	0.01327	0.03586	0.14768	0.08302	0.16626	0.10040	0.04239	0.21609	0.00383	0.03019	0.02682	0.02955	0.00586
49	0.00900	0.00689	0.00887	0.01005	0.08022	0.00699	0.00646	0.03628	0.07782	0.01595	0.09360	0.23048	0.07799	0.19804	0.05918	0.00314	0.00487	0.04832	0.02060	0.00525

[dist]
# distance from previous block
# <min> <max>
2	10

[block]
# block no. 8 follows, 44 sequences, length 22
# corresponding to MSA columns:
# 476-497
name=unknown_I
#
# <colnr> <probs for GDERKNQSTAVLIFYWHMCP>
#	G	D	E	R	K	N	Q	S	T	A	V	L	I	F	Y	W	H	M	C	P
0	0.04762	0.03118	0.01221	0.05665	0.11197	0.04884	0.00849	0.13067	0.05388	0.03972	0.16565	0.06602	0.09809	0.06949	0.00734	0.00198	0.00484	0.01707	0.02178	0.00649
1	0.03617	0.00981	0.01059	0.00821	0.01227	0.04029	0.00655	0.03951	0.01216	0.01785	0.01731	0.01999	0.11889	0.00625	0.00465	0.00113	0.00423	0.04626	0.00366	0.58420
2	0.01567	0.15066	0.23665	0.01297	0.03802	0.05972	0.04479	0.04532	0.03547	0.19609	0.01358	0.04733	0.01054	0.02696	0.00626	0.00175	0.04171	0.00500	0.00377	0.00774
3	0.01153	0.00844	0.00960	0.00854	0.01048	0.00899	0.00650	0.19667	0.07496	0.02034	0.10994	0.02896	0.09999	0.18021	0.12292	0.00347	0.00596	0.02899	0.05757	0.00596
4	0.00848	0.00569	0.00675	0.00678	0.00819	0.00509	0.00494	0.00990	0.01219	0.08083	0.13658	0.21002	0.33374	0.09941	0.00882	0.00230	0.00337	0.04687	0.00514	0.00492
5	0.01118	0.00682	0.00861	0.00773	0.00972	0.00644	0.00594	0.01483	0.08999	0.15626	0.49554	0.06042	0.08392	0.01034	0.00619	0.00175	0.00315	0.00899	0.00600	0.00617
6	0.00798	0.00537	0.00638	0.00637	0.00659	0.00551	0.00390	0.00842	0.00835	0.01149	0.03468	0.03311	0.01943	0.64584	0.14153	0.00559	0.00654	0.00756	0.03174	0.00364
7	0.00792	0.00533	0.00619	0.00619	0.00628	0.00542	0.00361	0.00809	0.00800	0.01075	0.01695	0.03444	0.01928	0.74176	0.09366	0.00559	0.00609	0.00775	0.00327	0.00344
8	0.06772	0.01500	0.01589	0.01224	0.01654	0.01664	0.01011	0.71411	0.02470	0.03380	0.01278	0.01285	0.00908	0.00646	0.00534	0.00164	0.00590	0.00480	0.00534	0.00908
9	0.01130	0.00969	0.01130	0.00807	0.01292	0.00727	0.00646	0.01373	0.01130	0.01776	0.00969	0.01130	0.00807	0.00404	0.00404	0.00081	0.00404	0.00323	0.00323	0.84173
10	0.02072	0.01527	0.01636	0.01254	0.01691	0.01691	0.01036	0.75622	0.02563	0.03436	0.01309	0.01309	0.00927	0.00654	0.00545	0.00164	0.00600	0.00491	0.00545	0.00927
11	0.61884	0.01055	0.00891	0.00784	0.01111	0.01199	0.00637	0.08358	0.07104	0.02445	0.03677	0.01429	0.06360	0.00620	0.00405	0.00171	0.00423	0.00422	0.00394	0.00631
12	0.00840	0.00586	0.00763	0.00730	0.00859	0.00556	0.00550	0.01062	0.01433	0.05306	0.55577	0.12997	0.09892	0.01188	0.00686	0.00182	0.02963	0.02734	0.00571	0.00523
13	0.01435	0.05211	0.09706	0.10734	0.32299	0.15099	0.05578	0.04527	0.05193	0.01706	0.01039	0.01291	0.00833	0.00537	0.00557	0.00164	0.02572	0.00460	0.00288	0.00770
14	0.01206	0.00956	0.01025	0.00936	0.01092	0.09569	0.00712	0.07277	0.03530	0.07292	0.01607	0.02219	0.03916	0.16730	0.29522	0.00493	0.06202	0.00596	0.04557	0.00562
15	0.06523	0.00931	0.01004	0.00874	0.01135	0.00989	0.00697	0.20809	0.10988	0.06715	0.07509	0.02551	0.08227	0.03378	0.00599	0.00179	0.00418	0.06178	0.19615	0.00681
16	0.00887	0.00695	0.02698	0.00990	0.05641	0.00645	0.02219	0.03388	0.01175	0.04062	0.07651	0.41179	0.09964	0.04055	0.00796	0.02232	0.02643	0.06260	0.02299	0.00522
17	0.01444	0.05061	0.19156	0.01355	0.06333	0.14175	0.03776	0.04786	0.05742	0.07153	0.01205	0.01323	0.02406	0.00553	0.00534	0.00145	0.03243	0.00428	0.00335	0.20849
18	0.01000	0.02656	0.01017	0.00876	0.01048	0.00779	0.04335	0.01295	0.07381	0.07424	0.18186	0.09439	0.15222	0.08060	0.10026	0.00294	0.06421	0.00847	0.03132	0.00562
19	0.00791	0.00529	0.00651	0.00698	0.00782	0.00489	0.00483	0.00892	0.01091	0.04749	0.06768	0.38332	0.17928	0.14035	0.01047	0.03085	0.00356	0.03999	0.02843	0.00450
20	0.09724	0.03488	0.09060	0.11562	0.19353	0.04574	0.20728	0.04953	0.01257	0.04232	0.01113	0.03569	0.00904	0.02430	0.00596	0.00180	0.00713	0.00528	0.00304	0.00732
21	0.05199	0.04570	0.08623	0.12077	0.25738	0.13174	0.06380	0.04307	0.01312	0.09780	0.01090	0.01307	0.00835	0.00544	0.00556	0.00165	0.02801	0.00459	0.00318	0.00765

[dist]
# distance from previous block
# <min> <max>
3	6

[block]
# block no. 9 follows, 44 sequences, length 14
# corresponding to MSA columns:
# 504-517
name=unknown_J
#
# <colnr> <probs for GDERKNQSTAVLIFYWHMCP>
#	G	D	E	R	K	N	Q	S	T	A	V	L	I	F	Y	W	H	M	C	P
0	0.01591	0.16853	0.13692	0.03525	0.11628	0.09599	0.04658	0.13342	0.04136	0.08613	0.01115	0.01251	0.00855	0.00580	0.00590	0.00161	0.06242	0.00440	0.00344	0.00784
1	0.08745	0.10942	0.03276	0.05551	0.13990	0.08166	0.16753	0.14887	0.01458	0.04434	0.01191	0.01404	0.03033	0.01907	0.00579	0.00170	0.01934	0.00493	0.00341	0.00748
2	0.00864	0.00682	0.00822	0.05458	0.03771	0.00673	0.00614	0.04070	0.06708	0.01723	0.16664	0.07208	0.32327	0.06363	0.02727	0.02025	0.00392	0.02412	0.03968	0.00530
3	0.01311	0.01327	0.05356	0.09646	0.64483	0.01290	0.01637	0.01708	0.04671	0.01769	0.01073	0.01381	0.00881	0.00504	0.00540	0.00165	0.00651	0.00488	0.00279	0.00839
4	0.00924	0.00653	0.00712	0.00714	0.00800	0.04476	0.00483	0.00999	0.01058	0.06360	0.07454	0.20684	0.12715	0.32134	0.01533	0.03909	0.00445	0.03074	0.00432	0.00441
5	0.01076	0.00629	0.00771	0.00702	0.00907	0.00551	0.00538	0.01267	0.01398	0.18129	0.28754	0.09384	0.31469	0.01162	0.00627	0.00179	0.00313	0.00993	0.00574	0.00578
6	0.02305	0.00990	0.01274	0.00984	0.01390	0.00914	0.00810	0.13266	0.01682	0.62364	0.02005	0.01786	0.01291	0.00669	0.00538	0.00165	0.00471	0.00537	0.05654	0.00902
7	0.00656	0.00547	0.00573	0.00579	0.00747	0.00463	0.00429	0.00801	0.01252	0.01525	0.11169	0.10892	0.65727	0.01384	0.00648	0.00186	0.00278	0.01168	0.00514	0.00463
8	0.84691	0.01054	0.00801	0.00717	0.01054	0.01223	0.00590	0.01603	0.00928	0.02446	0.00759	0.00886	0.00590	0.00506	0.00337	0.00169	0.00422	0.00295	0.00337	0.00590
9	0.04576	0.01158	0.03668	0.02895	0.01430	0.04815	0.00765	0.05917	0.05197	0.01894	0.01041	0.01180	0.00840	0.00456	0.00429	0.00103	0.00468	0.00355	0.00342	0.62470
10	0.06382	0.01163	0.01232	0.01062	0.01377	0.01311	0.00840	0.19204	0.44993	0.02542	0.12009	0.02074	0.01900	0.00757	0.00552	0.00177	0.00446	0.00618	0.00546	0.00815
11	0.01356	0.01171	0.01233	0.01109	0.01418	0.01356	0.00863	0.02897	0.76455	0.02281	0.02219	0.02034	0.01664	0.00740	0.00555	0.00185	0.00431	0.00616	0.00555	0.00863
12	0.04783	0.01564	0.23026	0.14646	0.06280	0.03012	0.02734	0.03866	0.02752	0.29810	0.01434	0.01486	0.00973	0.00586	0.00531	0.00171	0.00638	0.00480	0.00418	0.00810
13	0.01340	0.14032	0.14359	0.10073	0.13338	0.01335	0.02929	0.06548	0.03941	0.07754	0.04259	0.05134	0.01174	0.00656	0.00619	0.00169	0.07173	0.00525	0.03907	0.00735

[dist]
# distance from previous block
# <min> <max>
0	1

[block]
# block no. 10 follows, 44 sequences, length 9
# corresponding to MSA columns:
# 519-527
name=unknown_K
#
# <colnr> <probs for GDERKNQSTAVLIFYWHMCP>
#	G	D	E	R	K	N	Q	S	T	A	V	L	I	F	Y	W	H	M	C	P
0	0.02175	0.01075	0.04629	0.01052	0.01474	0.00936	0.04108	0.11745	0.01625	0.55664	0.01918	0.01753	0.01249	0.00653	0.00537	0.00166	0.00499	0.00536	0.07328	0.00880
1	0.00734	0.00527	0.00692	0.00793	0.00858	0.00502	0.00582	0.00869	0.01104	0.01454	0.05501	0.47027	0.07655	0.08991	0.00900	0.00254	0.00380	0.20233	0.00492	0.00451
2	0.01252	0.01216	0.12100	0.07570	0.10121	0.00991	0.10632	0.03760	0.06277	0.12204	0.07106	0.08811	0.11060	0.00833	0.00594	0.00182	0.00565	0.03595	0.00425	0.00707
3	0.03842	0.09330	0.26107	0.01405	0.06498	0.08486	0.01330	0.16601	0.04478	0.13352	0.01226	0.01287	0.00884	0.00583	0.00533	0.00163	0.02254	0.00439	0.00382	0.00818
4	0.01502	0.01282	0.07193	0.03796	0.07541	0.05919	0.13131	0.06446	0.01300	0.17989	0.01445	0.05496	0.01193	0.04481	0.07183	0.00256	0.10530	0.02208	0.00389	0.00719
5	0.55411	0.04362	0.01112	0.03423	0.05205	0.11863	0.00757	0.01658	0.01060	0.02119	0.00810	0.00963	0.00649	0.00503	0.00382	0.00155	0.00525	0.00321	0.00318	0.08404
6	0.00759	0.08032	0.00830	0.00701	0.00820	0.00630	0.00509	0.00879	0.01108	0.01424	0.09101	0.36053	0.22661	0.10226	0.03530	0.00254	0.00388	0.01167	0.00462	0.00466
7	0.03171	0.03336	0.09767	0.05897	0.14442	0.02929	0.02417	0.07240	0.10612	0.03878	0.01724	0.03881	0.08196	0.00700	0.00579	0.00164	0.03609	0.03046	0.01700	0.12714
8	0.00980	0.00686	0.00824	0.00743	0.00923	0.00663	0.00570	0.10538	0.01602	0.04432	0.50583	0.05867	0.12965	0.01067	0.00616	0.00171	0.00311	0.00921	0.04969	0.00570

[dist]
# distance from previous block
# <min> <max>
0	1

[block]
# block no. 11 follows, 44 sequences, length 16
# corresponding to MSA columns:
# 535-550
name=unknown_L
#
# <colnr> <probs for GDERKNQSTAVLIFYWHMCP>
#	G	D	E	R	K	N	Q	S	T	A	V	L	I	F	Y	W	H	M	C	P
0	0.19095	0.00878	0.01050	0.05523	0.04545	0.00903	0.02724	0.06715	0.01301	0.19956	0.03488	0.06276	0.01330	0.00677	0.00471	0.00161	0.00429	0.00546	0.23256	0.00676
1	0.01114	0.00877	0.00986	0.00902	0.01130	0.00943	0.00697	0.04345	0.35918	0.03672	0.29371	0.04483	0.07574	0.00945	0.00595	0.00180	0.00361	0.02662	0.02557	0.00691
2	0.02149	0.00931	0.01203	0.00942	0.01318	0.00855	0.00771	0.10679	0.01641	0.57020	0.08519	0.01999	0.01634	0.00707	0.00543	0.00165	0.00445	0.00577	0.07044	0.00860
3	0.04782	0.04134	0.35292	0.01603	0.12105	0.10033	0.01486	0.07256	0.02977	0.07168	0.01241	0.04817	0.01006	0.00628	0.00527	0.00170	0.00704	0.02968	0.00329	0.00775
4	0.01494	0.01349	0.05271	0.08167	0.50366	0.02559	0.01506	0.09725	0.01388	0.08488	0.01134	0.01376	0.00888	0.00543	0.00582	0.00167	0.03339	0.00486	0.00330	0.00842
5	0.01244	0.00965	0.01142	0.00822	0.01301	0.00733	0.00659	0.01484	0.01168	0.08358	0.01071	0.01193	0.00854	0.00427	0.00416	0.00088	0.00409	0.00342	0.00353	0.76968
6	0.01566	0.12938	0.08277	0.01177	0.01562	0.14508	0.01017	0.11747	0.34276	0.03416	0.01545	0.01519	0.01175	0.00637	0.00507	0.00162	0.00597	0.00487	0.02087	0.00798
7	0.01217	0.00931	0.01105	0.00820	0.01250	0.00739	0.00654	0.04068	0.01269	0.07677	0.11176	0.01582	0.01428	0.00528	0.00452	0.00102	0.00396	0.00434	0.00394	0.63778
8	0.01309	0.11297	0.32700	0.04298	0.07173	0.01377	0.12668	0.06282	0.04257	0.05454	0.01199	0.01371	0.02341	0.00562	0.00569	0.00169	0.03542	0.00475	0.02183	0.00774
9	0.03351	0.12335	0.04690	0.07863	0.01575	0.01286	0.00980	0.12089	0.01310	0.17617	0.01303	0.01580	0.01035	0.05159	0.12793	0.00299	0.13149	0.00493	0.00387	0.00706
10	0.00687	0.00491	0.00656	0.00763	0.00810	0.00460	0.00525	0.00808	0.01110	0.01493	0.11338	0.68209	0.03756	0.01631	0.00693	0.00217	0.00319	0.05064	0.00516	0.00454
11	0.01312	0.00725	0.00894	0.00845	0.01041	0.00646	0.00620	0.01461	0.03195	0.23573	0.07140	0.31061	0.18695	0.05055	0.00775	0.00227	0.00398	0.01103	0.00584	0.00651
12	0.04119	0.07732	0.09705	0.01868	0.24913	0.11624	0.04864	0.01895	0.07275	0.11171	0.01499	0.01609	0.06033	0.00613	0.00557	0.00164	0.02724	0.00508	0.00355	0.00773
13	0.14884	0.00886	0.01019	0.00849	0.01164	0.00865	0.00682	0.08847	0.03549	0.32219	0.11097	0.05730	0.11411	0.00832	0.00539	0.00172	0.00407	0.00674	0.03445	0.00729
14	0.00667	0.00532	0.00599	0.00634	0.00768	0.00464	0.00460	0.00806	0.01213	0.01518	0.11214	0.26731	0.47873	0.01453	0.00662	0.00195	0.00291	0.02944	0.00515	0.00461
15	0.01249	0.01175	0.04384	0.07579	0.19481	0.04876	0.11409	0.03952	0.07117	0.06348	0.01877	0.15248	0.06487	0.00842	0.00629	0.00185	0.02845	0.03229	0.00386	0.00701

[dist]
# distance from previous block
# <min> <max>
0	19

# created by:
# /home/cegg/simao/soft/augustus-3.2.1/scripts/msa2prfl.pl ./align_prep/EOG091G0F70.fa
