[name]
unknown

[dist]
# distance from previous block
# <min> <max>
0	83

[block]
# block no. 0 follows, 47 sequences, length 9
# corresponding to MSA columns:
# 96-104
name=unknown_A
#
# <colnr> <probs for GDERKNQSTAVLIFYWHMCP>
#	G	D	E	R	K	N	Q	S	T	A	V	L	I	F	Y	W	H	M	C	P
0	0.04706	0.03338	0.16511	0.02846	0.09141	0.10123	0.07157	0.11151	0.04160	0.06316	0.03661	0.08222	0.01349	0.00717	0.00535	0.00169	0.00619	0.07075	0.01510	0.00695
1	0.05538	0.00573	0.00699	0.00682	0.00759	0.00588	0.00461	0.00993	0.00874	0.08124	0.01708	0.11330	0.01807	0.44314	0.18865	0.00495	0.00665	0.00746	0.00356	0.00425
2	0.04322	0.00812	0.03340	0.01011	0.04586	0.00753	0.06320	0.03101	0.01221	0.04649	0.18519	0.09603	0.12744	0.04231	0.00735	0.00192	0.04839	0.12066	0.00435	0.06524
3	0.01094	0.01054	0.10424	0.01241	0.07900	0.00837	0.11076	0.01470	0.06684	0.10097	0.18740	0.09325	0.10282	0.00854	0.00576	0.00170	0.00478	0.03400	0.00437	0.03861
4	0.01110	0.00923	0.01092	0.00822	0.01217	0.00782	0.00660	0.01385	0.04865	0.04554	0.01316	0.01432	0.06316	0.00520	0.00522	0.00104	0.06897	0.00398	0.00338	0.64749
5	0.01217	0.01185	0.09590	0.04536	0.23026	0.01029	0.09103	0.07519	0.04966	0.07374	0.19726	0.02117	0.04946	0.00681	0.00553	0.00163	0.00535	0.00622	0.00399	0.00712
6	0.08053	0.01157	0.01862	0.16849	0.55161	0.01220	0.01452	0.01597	0.04588	0.01707	0.01001	0.01301	0.00815	0.00487	0.00501	0.00160	0.00605	0.00455	0.00271	0.00759
7	0.02933	0.01513	0.27908	0.01403	0.10530	0.01018	0.05661	0.04361	0.01186	0.10841	0.01377	0.07293	0.01133	0.00656	0.00570	0.00165	0.04983	0.02369	0.13402	0.00699
8	0.00674	0.00525	0.00612	0.00600	0.00742	0.00463	0.00446	0.00857	0.01312	0.01725	0.39611	0.08972	0.39160	0.01217	0.00618	0.00172	0.00257	0.01047	0.00526	0.00463

[dist]
# distance from previous block
# <min> <max>
1	8

[block]
# block no. 1 follows, 47 sequences, length 18
# corresponding to MSA columns:
# 113-130
name=unknown_B
#
# <colnr> <probs for GDERKNQSTAVLIFYWHMCP>
#	G	D	E	R	K	N	Q	S	T	A	V	L	I	F	Y	W	H	M	C	P
0	0.05498	0.01178	0.03520	0.01011	0.01301	0.09071	0.00834	0.18911	0.14684	0.02110	0.06041	0.06259	0.03161	0.00834	0.00542	0.00169	0.00503	0.14249	0.02117	0.08007
1	0.01003	0.03703	0.06664	0.02978	0.01251	0.02486	0.03550	0.01305	0.03892	0.03982	0.21669	0.05459	0.05904	0.00783	0.00522	0.00145	0.00418	0.06587	0.02841	0.24858
2	0.07206	0.11308	0.08464	0.01168	0.03778	0.07521	0.06894	0.10553	0.03624	0.10534	0.01288	0.01709	0.01069	0.00650	0.00533	0.02594	0.00574	0.08405	0.00368	0.11761
3	0.01290	0.68651	0.02419	0.00872	0.01265	0.01850	0.00846	0.01450	0.01060	0.01248	0.01250	0.01334	0.09663	0.00569	0.00433	0.00124	0.04403	0.00382	0.00253	0.00637
4	0.00906	0.00683	0.00832	0.00916	0.01046	0.04691	0.00767	0.01112	0.01196	0.04203	0.02829	0.15249	0.08359	0.01380	0.00685	0.00223	0.00463	0.53495	0.00475	0.00490
5	0.18661	0.05016	0.10767	0.01323	0.09073	0.01179	0.09594	0.12242	0.02778	0.11261	0.02462	0.01401	0.02520	0.00552	0.00474	0.00154	0.00552	0.01529	0.00371	0.08091
6	0.01133	0.01028	0.01595	0.04078	0.42944	0.02493	0.03347	0.01464	0.05872	0.03173	0.05808	0.12200	0.07122	0.00756	0.00554	0.00167	0.00522	0.02835	0.00352	0.02556
7	0.00905	0.00452	0.00678	0.00678	0.00678	0.00452	0.00452	0.00678	0.00678	0.00905	0.00905	0.01583	0.00905	0.01809	0.02035	0.84848	0.00452	0.00452	0.00226	0.00226
8	0.01113	0.05902	0.29868	0.03063	0.20965	0.01206	0.13108	0.01511	0.01118	0.01588	0.01171	0.08311	0.01044	0.00627	0.00592	0.00171	0.04576	0.03082	0.00268	0.00715
9	0.01160	0.01161	0.04286	0.28325	0.45315	0.01187	0.04586	0.01494	0.01138	0.01571	0.01036	0.01508	0.00865	0.00522	0.00529	0.00166	0.00653	0.03518	0.00257	0.00723
10	0.01952	0.01445	0.01547	0.01193	0.01604	0.01602	0.00983	0.73707	0.05500	0.03237	0.01286	0.01278	0.00914	0.00628	0.00521	0.00157	0.00567	0.00474	0.00521	0.00883
11	0.01168	0.01998	0.39949	0.07060	0.06152	0.01267	0.27134	0.05910	0.01221	0.01730	0.00994	0.01240	0.00727	0.00484	0.00540	0.00168	0.00783	0.00477	0.00254	0.00743
12	0.02162	0.00844	0.01141	0.00888	0.01259	0.00734	0.00729	0.02369	0.01473	0.69984	0.07674	0.01936	0.01559	0.00674	0.00524	0.00160	0.00420	0.00553	0.04078	0.00841
13	0.00738	0.00549	0.00804	0.00808	0.00896	0.00622	0.00618	0.00917	0.00889	0.01273	0.07163	0.06369	0.01703	0.06469	0.66806	0.00742	0.01220	0.00642	0.00313	0.00459
14	0.01296	0.03475	0.08715	0.06272	0.01463	0.03684	0.03294	0.03417	0.05910	0.16651	0.01422	0.01894	0.01190	0.10376	0.16190	0.00341	0.10648	0.02764	0.00365	0.00632
15	0.01284	0.52009	0.23937	0.01058	0.01592	0.03467	0.01163	0.01578	0.01081	0.01380	0.00800	0.00930	0.00674	0.00457	0.00386	0.00124	0.00612	0.00312	0.00229	0.06928
16	0.00757	0.06547	0.00876	0.00779	0.00871	0.00665	0.00584	0.00898	0.00916	0.01257	0.03875	0.27888	0.02094	0.08986	0.39925	0.00536	0.00877	0.00863	0.00352	0.00455
17	0.00760	0.00580	0.00694	0.00708	0.00838	0.00537	0.00517	0.03099	0.03436	0.01521	0.10041	0.32312	0.20583	0.08002	0.00790	0.00213	0.00338	0.07857	0.00467	0.06706

[dist]
# distance from previous block
# <min> <max>
3	29

[block]
# block no. 2 follows, 47 sequences, length 15
# corresponding to MSA columns:
# 160-174
name=unknown_C
#
# <colnr> <probs for GDERKNQSTAVLIFYWHMCP>
#	G	D	E	R	K	N	Q	S	T	A	V	L	I	F	Y	W	H	M	C	P
0	0.05583	0.00964	0.01007	0.00947	0.01130	0.10502	0.03491	0.11336	0.05100	0.03078	0.02088	0.32551	0.04581	0.01324	0.06881	0.00236	0.00547	0.05367	0.02724	0.00562
1	0.07667	0.01133	0.01220	0.01013	0.01355	0.07304	0.00822	0.15145	0.14991	0.33387	0.01765	0.01868	0.01290	0.00775	0.02673	0.00185	0.00525	0.05560	0.00529	0.00791
2	0.00762	0.00584	0.00716	0.00773	0.00887	0.00575	0.00582	0.01074	0.10542	0.01559	0.09648	0.36407	0.16371	0.01375	0.00646	0.00203	0.00340	0.15969	0.00496	0.00493
3	0.01759	0.01992	0.01340	0.01198	0.01458	0.54769	0.00913	0.12255	0.01522	0.01613	0.01001	0.01168	0.00816	0.00824	0.06777	0.00192	0.00857	0.00386	0.08539	0.00620
4	0.04125	0.04569	0.39472	0.01362	0.06396	0.05296	0.02507	0.04859	0.03188	0.04455	0.07455	0.01843	0.01309	0.00756	0.03139	0.00190	0.00673	0.07382	0.00320	0.00703
5	0.13718	0.01037	0.03726	0.00933	0.01325	0.00964	0.00792	0.14725	0.01533	0.48919	0.01679	0.01543	0.01102	0.00612	0.00486	0.00158	0.00459	0.00474	0.04998	0.00816
6	0.00737	0.00560	0.00683	0.00659	0.00795	0.00524	0.00491	0.01021	0.05967	0.01891	0.52363	0.10293	0.19789	0.01142	0.00613	0.00171	0.00264	0.00997	0.00545	0.00495
7	0.01206	0.01207	0.02252	0.16311	0.39361	0.01220	0.24468	0.01559	0.01170	0.01635	0.01019	0.01365	0.00810	0.00471	0.00541	0.00163	0.00698	0.00511	0.03301	0.00732
8	0.63079	0.01161	0.00963	0.08119	0.01344	0.08382	0.00717	0.06365	0.01065	0.03660	0.00810	0.00948	0.00620	0.00504	0.00370	0.00159	0.00490	0.00320	0.00328	0.00596
9	0.01205	0.01287	0.07941	0.02485	0.53110	0.03888	0.01389	0.01599	0.07367	0.01675	0.01418	0.08610	0.04471	0.00630	0.00531	0.00163	0.00582	0.00581	0.00307	0.00760
10	0.01444	0.01205	0.01702	0.16670	0.34844	0.05883	0.01271	0.09559	0.01334	0.10687	0.01106	0.01316	0.00846	0.00508	0.00502	0.00150	0.00602	0.00447	0.00331	0.09593
11	0.07769	0.00886	0.00935	0.00886	0.01074	0.08959	0.04025	0.03934	0.06729	0.06250	0.02630	0.28705	0.15931	0.01143	0.00613	0.01841	0.00437	0.06264	0.00447	0.00542
12	0.06580	0.07948	0.01521	0.03117	0.04037	0.05138	0.04907	0.28279	0.19224	0.02314	0.01593	0.01854	0.03951	0.00688	0.00517	0.00165	0.00544	0.06430	0.00440	0.00753
13	0.05249	0.19792	0.01736	0.02559	0.01456	0.01275	0.13626	0.12676	0.06508	0.03277	0.04699	0.01533	0.01150	0.02908	0.02367	0.00169	0.00542	0.00479	0.14888	0.03110
14	0.05762	0.09983	0.30022	0.01306	0.07909	0.03436	0.03880	0.06643	0.01213	0.01732	0.03711	0.04383	0.08626	0.00623	0.00487	0.00152	0.00592	0.00506	0.00307	0.08728

[dist]
# distance from previous block
# <min> <max>
2	40

[block]
# block no. 3 follows, 47 sequences, length 139
# corresponding to MSA columns:
# 216-354
name=unknown_D
#
# <colnr> <probs for GDERKNQSTAVLIFYWHMCP>
#	G	D	E	R	K	N	Q	S	T	A	V	L	I	F	Y	W	H	M	C	P
0	0.03301	0.01090	0.04976	0.04999	0.01399	0.06854	0.03151	0.02769	0.22135	0.09215	0.18280	0.02364	0.03938	0.00757	0.00538	0.00162	0.00465	0.04729	0.00462	0.08417
1	0.00825	0.00604	0.00707	0.00684	0.00851	0.00568	0.00527	0.01139	0.08575	0.05053	0.29880	0.06684	0.31101	0.01147	0.00608	0.00177	0.00299	0.07530	0.02525	0.00518
2	0.01240	0.04260	0.28221	0.01745	0.16276	0.05665	0.09280	0.05267	0.04656	0.03215	0.01192	0.01391	0.03944	0.00647	0.02190	0.00181	0.09141	0.00474	0.00284	0.00731
3	0.08445	0.01295	0.01886	0.02554	0.54510	0.07196	0.03948	0.03232	0.03050	0.07395	0.01059	0.01279	0.00843	0.00493	0.00500	0.00155	0.00615	0.00452	0.00304	0.00788
4	0.00689	0.00515	0.00707	0.00771	0.00851	0.00481	0.02598	0.00831	0.01104	0.01466	0.11900	0.52874	0.10268	0.01478	0.00660	0.00205	0.00332	0.11334	0.00487	0.00448
5	0.00711	0.00513	0.00668	0.00719	0.00811	0.00480	0.00537	0.00888	0.01218	0.01656	0.29726	0.33152	0.10033	0.01352	0.00646	0.00195	0.00308	0.13766	0.02161	0.00459
6	0.07077	0.15400	0.18856	0.03871	0.03680	0.05953	0.08651	0.14121	0.02218	0.12654	0.02091	0.01236	0.00863	0.00534	0.00478	0.00153	0.00635	0.00427	0.00352	0.00750
7	0.00765	0.00518	0.00671	0.00744	0.00835	0.00481	0.00548	0.00899	0.01101	0.05409	0.05876	0.46928	0.14518	0.03283	0.00703	0.00214	0.00340	0.15216	0.00491	0.00460
8	0.00651	0.00463	0.00605	0.00712	0.00743	0.00435	0.00473	0.00737	0.00981	0.01304	0.02788	0.70617	0.04583	0.09517	0.00861	0.00240	0.00326	0.03083	0.00467	0.00414
9	0.04789	0.40147	0.14033	0.01212	0.05928	0.19835	0.01100	0.01736	0.01180	0.04567	0.00845	0.00965	0.00698	0.00485	0.00408	0.00131	0.00671	0.00329	0.00256	0.00683
10	0.01270	0.01155	0.05175	0.07754	0.22445	0.01168	0.02961	0.02094	0.34686	0.06150	0.01754	0.01867	0.04094	0.00644	0.00529	0.00169	0.00512	0.02316	0.02485	0.00773
11	0.00662	0.00475	0.00625	0.00732	0.00776	0.00449	0.00506	0.00764	0.01007	0.01333	0.02864	0.65217	0.06456	0.06136	0.02376	0.00242	0.00350	0.08138	0.00470	0.00424
12	0.01515	0.51216	0.10391	0.01062	0.01510	0.14235	0.01030	0.10830	0.01299	0.01529	0.00823	0.00930	0.00694	0.00487	0.00395	0.00126	0.00642	0.00322	0.00266	0.00695
13	0.01170	0.03178	0.04843	0.23124	0.25744	0.03028	0.14335	0.03847	0.04105	0.01660	0.06901	0.03437	0.01173	0.00565	0.00539	0.00165	0.00650	0.00544	0.00297	0.00694
14	0.00852	0.00482	0.00708	0.00767	0.02453	0.00476	0.00516	0.00741	0.00798	0.01063	0.01462	0.18362	0.01596	0.01713	0.01612	0.58649	0.00427	0.06722	0.00300	0.00301
15	0.00785	0.00570	0.00632	0.00608	0.00787	0.00500	0.00458	0.00984	0.03865	0.07139	0.16926	0.09056	0.53359	0.01225	0.00609	0.00175	0.00281	0.01037	0.00512	0.00493
16	0.01302	0.63485	0.10691	0.00979	0.02765	0.02866	0.00979	0.01542	0.02611	0.01312	0.01109	0.01197	0.06298	0.00521	0.00381	0.00124	0.00562	0.00359	0.00249	0.00668
17	0.01068	0.04654	0.71214	0.01523	0.02266	0.01240	0.07605	0.01648	0.01108	0.01640	0.00938	0.01116	0.00670	0.00489	0.00500	0.00164	0.00772	0.00400	0.00223	0.00762
18	0.01042	0.00889	0.00916	0.00858	0.01085	0.03462	0.00669	0.04392	0.34725	0.01821	0.03097	0.03293	0.26703	0.03073	0.02407	0.00202	0.00413	0.07649	0.02672	0.00632
19	0.01087	0.00936	0.01115	0.00855	0.03885	0.00713	0.00651	0.01321	0.01084	0.01697	0.00927	0.01087	0.00773	0.00388	0.00390	0.00080	0.00394	0.00314	0.00307	0.81997
20	0.01172	0.00923	0.01089	0.00783	0.01241	0.00699	0.00628	0.01401	0.01110	0.07361	0.01009	0.01131	0.00809	0.00405	0.00396	0.00083	0.00390	0.00324	0.00333	0.78713
21	0.02100	0.00640	0.01577	0.00708	0.00873	0.00604	0.00546	0.01168	0.11341	0.02781	0.33513	0.10968	0.25013	0.01141	0.00607	0.00177	0.00301	0.04897	0.00522	0.00523
22	0.01304	0.55165	0.20691	0.01120	0.03476	0.01770	0.02825	0.03652	0.01124	0.01426	0.02761	0.01010	0.00786	0.00478	0.00395	0.00129	0.00608	0.00338	0.00241	0.00698
23	0.01229	0.01405	0.03073	0.02195	0.02722	0.01317	0.76558	0.01668	0.01229	0.01668	0.01054	0.01405	0.00790	0.00439	0.00615	0.00176	0.00878	0.00615	0.00263	0.00702
24	0.01080	0.00926	0.01080	0.00771	0.01234	0.00694	0.00617	0.01311	0.01080	0.01697	0.00926	0.01080	0.00771	0.00386	0.00386	0.00077	0.00386	0.00309	0.00309	0.84882
25	0.01557	0.01371	0.02380	0.01739	0.02212	0.01367	0.43939	0.25553	0.04314	0.08322	0.01233	0.01404	0.00888	0.00524	0.00575	0.00168	0.00730	0.00560	0.00385	0.00779
26	0.00983	0.00926	0.01562	0.80447	0.03587	0.01157	0.01446	0.01331	0.01041	0.01331	0.00926	0.01388	0.00694	0.00521	0.00521	0.00174	0.00694	0.00463	0.00231	0.00579
27	0.00757	0.00507	0.00577	0.00577	0.00580	0.00510	0.00326	0.00763	0.00760	0.01016	0.01633	0.03363	0.01874	0.79162	0.05161	0.00516	0.00534	0.00751	0.00314	0.00320
28	0.85377	0.01007	0.00765	0.00685	0.01007	0.01168	0.00564	0.01531	0.00886	0.02336	0.00725	0.00846	0.00564	0.00483	0.00322	0.00161	0.00403	0.00282	0.00322	0.00564
29	0.01945	0.02482	0.01476	0.01342	0.01610	0.79608	0.01006	0.02079	0.01476	0.01275	0.00805	0.00939	0.00671	0.00537	0.00470	0.00134	0.00939	0.00335	0.00268	0.00604
30	0.01292	0.01156	0.01944	0.02618	0.56235	0.01145	0.07381	0.01655	0.05223	0.06513	0.05121	0.01659	0.04583	0.00554	0.00534	0.00159	0.00583	0.00539	0.00322	0.00785
31	0.05201	0.00973	0.01244	0.00957	0.01359	0.00901	0.00791	0.13144	0.01607	0.65289	0.01892	0.01665	0.01206	0.00636	0.00516	0.00160	0.00460	0.00507	0.00616	0.00875
32	0.00754	0.00517	0.00628	0.00628	0.00649	0.00538	0.00391	0.00796	0.00775	0.01055	0.01586	0.03102	0.01760	0.64208	0.19959	0.00580	0.00705	0.00712	0.00307	0.00349
33	0.01024	0.00933	0.01569	0.76449	0.05572	0.01150	0.01434	0.01367	0.01056	0.03186	0.00954	0.01395	0.00712	0.00522	0.00521	0.00173	0.00686	0.00464	0.00242	0.00593
34	0.01317	0.21223	0.06208	0.01084	0.01452	0.01447	0.04797	0.08571	0.38014	0.01962	0.06129	0.02872	0.01433	0.00644	0.00490	0.00158	0.00495	0.00526	0.00423	0.00755
35	0.00894	0.00457	0.00677	0.00677	0.00679	0.00459	0.00451	0.00688	0.00686	0.00916	0.00949	0.01676	0.00958	0.05443	0.03886	0.79090	0.00477	0.00468	0.00231	0.00236
36	0.00934	0.00661	0.00914	0.03581	0.01032	0.00752	0.00671	0.03378	0.00940	0.06517	0.01545	0.08304	0.01530	0.18216	0.38223	0.00559	0.08843	0.02580	0.00332	0.00489
37	0.01549	0.03356	0.09819	0.06962	0.16245	0.05697	0.17941	0.05055	0.02816	0.21265	0.01386	0.01498	0.02862	0.00548	0.00534	0.00162	0.00654	0.00511	0.00373	0.00768
38	0.01250	0.01151	0.01952	0.21702	0.57929	0.01203	0.01535	0.01565	0.01161	0.04128	0.01002	0.01329	0.00809	0.00484	0.00517	0.00159	0.00631	0.00466	0.00264	0.00768
39	0.00693	0.00497	0.00662	0.00756	0.00820	0.00471	0.00552	0.00833	0.01097	0.01464	0.12127	0.51721	0.05526	0.03732	0.00724	0.00219	0.00337	0.16841	0.00489	0.00441
40	0.01300	0.21070	0.09467	0.08046	0.15116	0.03861	0.14158	0.03426	0.04698	0.03703	0.01008	0.01232	0.00807	0.00523	0.00569	0.00155	0.06547	0.00441	0.03167	0.00706
41	0.03328	0.15656	0.27024	0.04453	0.11331	0.02830	0.16750	0.05197	0.01193	0.03592	0.00956	0.01165	0.00734	0.00495	0.00530	0.00158	0.03180	0.00432	0.00263	0.00733
42	0.07976	0.06814	0.35067	0.03572	0.04512	0.22607	0.03283	0.03101	0.01217	0.03150	0.00966	0.03678	0.00773	0.00543	0.00476	0.00155	0.00745	0.00408	0.00267	0.00690
43	0.03565	0.00901	0.01139	0.03103	0.01310	0.00852	0.00750	0.12136	0.03408	0.48218	0.07314	0.04718	0.08699	0.00760	0.00539	0.00164	0.00431	0.00624	0.00582	0.00786
44	0.01123	0.08184	0.31286	0.01073	0.01521	0.02807	0.01144	0.03366	0.05105	0.07012	0.12180	0.03861	0.04903	0.06049	0.00657	0.00183	0.00556	0.03752	0.00362	0.04876
45	0.03478	0.11739	0.11966	0.02538	0.07042	0.17961	0.04465	0.12033	0.03348	0.10165	0.05565	0.03810	0.01133	0.00598	0.00491	0.00150	0.00642	0.00472	0.00363	0.02040
46	0.00712	0.00660	0.06614	0.00790	0.00893	0.00524	0.00608	0.02912	0.01047	0.01405	0.02706	0.66063	0.05404	0.04314	0.00717	0.00216	0.00356	0.03140	0.00458	0.00460
47	0.00678	0.00499	0.00635	0.00667	0.00758	0.00456	0.00475	0.00844	0.01237	0.01681	0.37008	0.36226	0.14242	0.01335	0.00635	0.00185	0.00272	0.01187	0.00524	0.00456
48	0.01538	0.01361	0.08502	0.05644	0.25498	0.01248	0.14856	0.16316	0.04091	0.13859	0.01243	0.01388	0.00908	0.00532	0.00535	0.00162	0.00639	0.00499	0.00374	0.00808
49	0.03411	0.10931	0.13593	0.01488	0.12971	0.04837	0.08141	0.05147	0.17628	0.05573	0.01309	0.03384	0.01031	0.00565	0.00489	0.00153	0.00581	0.00481	0.02646	0.05639
50	0.01211	0.00692	0.00845	0.00751	0.00954	0.02737	0.00578	0.03243	0.01419	0.22265	0.38280	0.11206	0.09132	0.00992	0.00582	0.00167	0.00332	0.00857	0.03160	0.00597
51	0.00643	0.00482	0.00589	0.00658	0.00734	0.00437	0.00452	0.00753	0.01075	0.01395	0.09394	0.50623	0.24036	0.05271	0.00741	0.00212	0.00297	0.01299	0.00483	0.00428
52	0.04999	0.03627	0.03256	0.00806	0.01258	0.00797	0.00672	0.01337	0.01064	0.01699	0.00904	0.01063	0.00753	0.00408	0.00417	0.00088	0.02424	0.00312	0.00302	0.73813
53	0.01250	0.12770	0.28095	0.01321	0.06886	0.01196	0.05731	0.04806	0.07515	0.08648	0.10302	0.03578	0.01399	0.00611	0.00502	0.00156	0.00582	0.00512	0.00353	0.03788
54	0.01340	0.14603	0.15174	0.01644	0.16098	0.11570	0.02619	0.04742	0.05097	0.01543	0.00909	0.01137	0.00759	0.00602	0.00765	0.00166	0.19854	0.00411	0.00265	0.00701
55	0.00860	0.00637	0.00906	0.06064	0.09626	0.00646	0.00692	0.03546	0.01041	0.04045	0.02149	0.44059	0.02404	0.11539	0.09015	0.00300	0.00514	0.01051	0.00407	0.00500
56	0.01435	0.01219	0.04402	0.01579	0.15293	0.05500	0.07595	0.10684	0.01280	0.12111	0.02118	0.01428	0.00964	0.00845	0.05622	0.00213	0.19483	0.00487	0.07039	0.00703
57	0.01493	0.10900	0.08685	0.20406	0.03596	0.03714	0.05215	0.03877	0.03592	0.22404	0.01300	0.03384	0.00962	0.00576	0.00525	0.00156	0.02563	0.00474	0.00373	0.05805
58	0.02047	0.00909	0.01194	0.03143	0.01366	0.00851	0.00790	0.10012	0.03393	0.57502	0.01961	0.04326	0.01366	0.00804	0.03112	0.00187	0.00486	0.03161	0.02567	0.00824
59	0.00991	0.00621	0.00795	0.00701	0.00903	0.00547	0.02978	0.01182	0.01332	0.15421	0.30973	0.03853	0.32650	0.03900	0.00670	0.00180	0.00318	0.00912	0.00532	0.00542
60	0.01115	0.05488	0.03282	0.00973	0.04976	0.00876	0.03607	0.06073	0.03559	0.01765	0.03956	0.01631	0.09061	0.00543	0.00445	0.00110	0.00430	0.00450	0.00345	0.51313
61	0.01045	0.02694	0.79000	0.01484	0.02254	0.01209	0.01924	0.01649	0.01099	0.01649	0.00935	0.01099	0.00660	0.00495	0.00495	0.00165	0.00770	0.00385	0.00220	0.00770
62	0.00681	0.00509	0.00614	0.00637	0.00751	0.00454	0.00459	0.00836	0.01218	0.02550	0.27269	0.29614	0.29849	0.01333	0.00630	0.00184	0.00273	0.01168	0.00514	0.00456
63	0.09961	0.01020	0.03094	0.01107	0.07674	0.02860	0.00836	0.12964	0.02848	0.30521	0.11070	0.02121	0.03235	0.00720	0.00522	0.00164	0.00462	0.05273	0.02804	0.00744
64	0.01029	0.02836	0.01082	0.00886	0.01097	0.00738	0.07328	0.02997	0.06201	0.09384	0.42322	0.05143	0.05190	0.03494	0.02674	0.00194	0.02022	0.02561	0.00505	0.02316
65	0.00744	0.00558	0.00837	0.00837	0.00930	0.00651	0.00651	0.00930	0.00837	0.01209	0.01395	0.02046	0.01302	0.03906	0.79635	0.00837	0.01395	0.00558	0.00279	0.00465
66	0.00663	0.00468	0.00611	0.00707	0.00743	0.00444	0.00474	0.00742	0.00970	0.01287	0.02738	0.63204	0.06447	0.10028	0.03106	0.03164	0.00361	0.02985	0.00451	0.00408
67	0.01093	0.00983	0.03302	0.01647	0.26671	0.00960	0.02830	0.08869	0.08906	0.01869	0.13790	0.11074	0.10977	0.00957	0.03554	0.00194	0.00499	0.00743	0.00411	0.00671
68	0.01133	0.12569	0.65635	0.01403	0.02108	0.05218	0.01750	0.01659	0.01113	0.01578	0.00902	0.01059	0.00661	0.00491	0.00473	0.00157	0.00752	0.00369	0.00223	0.00749
69	0.14026	0.01346	0.01405	0.01095	0.01489	0.01488	0.00903	0.61061	0.02150	0.05882	0.01216	0.01230	0.00866	0.00605	0.00488	0.00156	0.00535	0.00444	0.02786	0.00828
70	0.00744	0.00519	0.00621	0.00608	0.00668	0.00498	0.00400	0.00850	0.01065	0.01456	0.31006	0.03742	0.07353	0.44526	0.01714	0.00350	0.00392	0.02665	0.00427	0.00393
71	0.85377	0.01007	0.00765	0.00685	0.01007	0.01168	0.00564	0.01531	0.00886	0.02336	0.00725	0.00846	0.00564	0.00483	0.00322	0.00161	0.00403	0.00282	0.00322	0.00564
72	0.01945	0.02482	0.01476	0.01342	0.01610	0.79608	0.01006	0.02079	0.01476	0.01275	0.00805	0.00939	0.00671	0.00537	0.00470	0.00134	0.00939	0.00335	0.00268	0.00604
73	0.03828	0.03140	0.01505	0.01117	0.01534	0.01296	0.04934	0.43600	0.01916	0.16761	0.01323	0.01331	0.00937	0.00657	0.02380	0.00163	0.00556	0.00459	0.00484	0.12081
74	0.01236	0.01061	0.01125	0.01016	0.01295	0.01214	0.00788	0.02584	0.70003	0.02147	0.07241	0.02171	0.04308	0.00750	0.00538	0.00176	0.00396	0.00629	0.00531	0.00790
75	0.00983	0.00926	0.01562	0.80447	0.03587	0.01157	0.01446	0.01331	0.01041	0.01331	0.00926	0.01388	0.00694	0.00521	0.00521	0.00174	0.00694	0.00463	0.00231	0.00579
76	0.00615	0.00528	0.00528	0.00528	0.00703	0.00440	0.00396	0.00747	0.01187	0.01407	0.05276	0.05012	0.78238	0.01319	0.00615	0.00176	0.00264	0.01099	0.00484	0.00440
77	0.01392	0.82012	0.02729	0.00891	0.01337	0.02061	0.00891	0.01559	0.01058	0.01225	0.00724	0.00835	0.00668	0.00446	0.00334	0.00111	0.00557	0.00278	0.00223	0.00668
78	0.00744	0.00558	0.00837	0.00837	0.00930	0.00651	0.00651	0.00930	0.00837	0.01209	0.01395	0.02046	0.01302	0.03906	0.79635	0.00837	0.01395	0.00558	0.00279	0.00465
79	0.85377	0.01007	0.00765	0.00685	0.01007	0.01168	0.00564	0.01531	0.00886	0.02336	0.00725	0.00846	0.00564	0.00483	0.00322	0.00161	0.00403	0.00282	0.00322	0.00564
80	0.01370	0.01156	0.01220	0.01075	0.01383	0.01330	0.00842	0.10879	0.69275	0.02300	0.02024	0.01867	0.01512	0.00698	0.00529	0.00174	0.00430	0.00576	0.00529	0.00831
81	0.85377	0.01007	0.00765	0.00685	0.01007	0.01168	0.00564	0.01531	0.00886	0.02336	0.00725	0.00846	0.00564	0.00483	0.00322	0.00161	0.00403	0.00282	0.00322	0.00564
82	0.01214	0.01264	0.01584	0.01365	0.01390	0.08840	0.01127	0.01330	0.00861	0.01255	0.00695	0.01121	0.00682	0.00877	0.01594	0.00219	0.73333	0.00445	0.00232	0.00573
83	0.01131	0.02579	0.71808	0.01458	0.02195	0.01247	0.01837	0.08621	0.01225	0.01801	0.00964	0.01113	0.00681	0.00507	0.00497	0.00164	0.00751	0.00393	0.00248	0.00780
84	0.01095	0.00607	0.00820	0.00843	0.00997	0.00563	0.00667	0.01264	0.01189	0.19178	0.02758	0.33357	0.06347	0.01324	0.00649	0.00208	0.00394	0.26671	0.00519	0.00550
85	0.02078	0.01258	0.01528	0.01172	0.01581	0.07109	0.07902	0.28699	0.01804	0.38997	0.01582	0.01490	0.01053	0.00610	0.00527	0.00159	0.00567	0.00498	0.00537	0.00847
86	0.00778	0.00544	0.00660	0.07986	0.00848	0.00565	0.00421	0.00811	0.00784	0.01040	0.01574	0.03220	0.01782	0.74159	0.02453	0.00474	0.00522	0.00730	0.00308	0.00340
87	0.01249	0.00636	0.00820	0.00743	0.00951	0.00560	0.00567	0.01418	0.01304	0.28701	0.18297	0.22937	0.17478	0.01110	0.00595	0.00177	0.00333	0.00962	0.00558	0.00603
88	0.01383	0.00765	0.01129	0.00982	0.01226	0.00712	0.07743	0.02733	0.01270	0.27937	0.06137	0.03461	0.04903	0.10616	0.00890	0.02140	0.00488	0.24369	0.00496	0.00619
89	0.00806	0.08072	0.00779	0.00617	0.00664	0.00647	0.00391	0.00834	0.00806	0.01060	0.01643	0.09122	0.01883	0.65879	0.04381	0.00455	0.00518	0.00763	0.00319	0.00361
90	0.00655	0.00468	0.00627	0.00744	0.00785	0.00440	0.00515	0.00763	0.01027	0.01369	0.04765	0.72692	0.03442	0.01600	0.00668	0.00213	0.00316	0.07994	0.00485	0.00430
91	0.08778	0.00548	0.00557	0.00560	0.00693	0.00562	0.00430	0.01197	0.01073	0.01889	0.03586	0.02367	0.01550	0.05470	0.00537	0.00161	0.00297	0.07942	0.61323	0.00482
92	0.01157	0.00637	0.00673	0.00618	0.00796	0.00652	0.00477	0.06238	0.08307	0.07723	0.01829	0.01965	0.03323	0.00638	0.00408	0.00133	0.00295	0.00513	0.63049	0.00571
93	0.00688	0.00480	0.00637	0.00751	0.00802	0.00456	0.00537	0.00812	0.01036	0.01402	0.02787	0.64208	0.03252	0.01542	0.00657	0.00211	0.00329	0.13853	0.05123	0.00436
94	0.00825	0.00509	0.00592	0.00592	0.00650	0.00527	0.00396	0.00941	0.00883	0.01356	0.01613	0.02661	0.01595	0.39918	0.16716	0.00442	0.00590	0.00629	0.28164	0.00400
95	0.01386	0.01205	0.02030	0.02986	0.71287	0.01194	0.01521	0.01685	0.01214	0.08863	0.01079	0.01334	0.00868	0.00481	0.00516	0.00155	0.00602	0.00470	0.00294	0.00831
96	0.03388	0.00577	0.00632	0.00610	0.00789	0.00514	0.00460	0.00983	0.03306	0.06800	0.16023	0.10822	0.50794	0.01217	0.00602	0.00176	0.00285	0.01028	0.00505	0.00491
97	0.58127	0.01244	0.10700	0.04793	0.01342	0.02510	0.00810	0.03040	0.00979	0.02122	0.00791	0.00942	0.00612	0.00489	0.00391	0.00155	0.01904	0.00314	0.00305	0.08429
98	0.01499	0.00710	0.00915	0.00771	0.01023	0.00632	0.00600	0.02997	0.01365	0.38317	0.19376	0.06851	0.12647	0.08958	0.00775	0.00200	0.00376	0.00765	0.00564	0.00658
99	0.00677	0.00477	0.00604	0.00673	0.00711	0.00452	0.00441	0.00765	0.01000	0.01344	0.11671	0.50981	0.05067	0.21284	0.01147	0.00277	0.00344	0.01228	0.00453	0.00405
100	0.03901	0.01300	0.13761	0.14273	0.11188	0.02990	0.03619	0.03066	0.19612	0.03516	0.08497	0.04392	0.01450	0.02699	0.00621	0.00179	0.03312	0.00564	0.00366	0.00695
101	0.00950	0.01461	0.29077	0.05264	0.03245	0.00922	0.06133	0.02345	0.06411	0.01734	0.16993	0.05403	0.11737	0.00797	0.00557	0.00170	0.00538	0.03132	0.00373	0.02758
102	0.01271	0.18369	0.26110	0.05829	0.08144	0.01398	0.03064	0.13540	0.04556	0.01863	0.08165	0.01403	0.01151	0.00574	0.00511	0.00154	0.02392	0.00454	0.00319	0.00731
103	0.01447	0.74530	0.02621	0.00920	0.01362	0.02019	0.00900	0.08539	0.01187	0.01416	0.00773	0.00874	0.00688	0.00462	0.00351	0.00116	0.00558	0.00296	0.00250	0.00688
104	0.01430	0.01392	0.07438	0.03095	0.15033	0.09139	0.19569	0.08937	0.01347	0.09998	0.01294	0.01500	0.03409	0.02743	0.00579	0.00162	0.00655	0.00504	0.03232	0.08545
105	0.00904	0.02217	0.00854	0.00771	0.00943	0.00609	0.03024	0.01170	0.05868	0.07235	0.25675	0.23685	0.12168	0.01125	0.00595	0.00175	0.00331	0.04412	0.03391	0.04847
106	0.02151	0.01005	0.01333	0.01033	0.01402	0.00979	0.02317	0.13401	0.01563	0.58897	0.01788	0.01629	0.01163	0.00662	0.00635	0.00167	0.07929	0.00511	0.00580	0.00853
107	0.01187	0.00718	0.00849	0.00751	0.00972	0.00690	0.00585	0.08395	0.06779	0.16587	0.23211	0.07856	0.18567	0.00969	0.00564	0.00166	0.00335	0.01820	0.08387	0.00611
108	0.12634	0.00666	0.00795	0.00705	0.00912	0.00634	0.00549	0.01346	0.01380	0.16966	0.48597	0.03127	0.07842	0.00918	0.00557	0.00164	0.00307	0.00779	0.00548	0.00575
109	0.00845	0.00628	0.00697	0.00705	0.00780	0.02484	0.00478	0.01100	0.10290	0.01430	0.06893	0.24653	0.03934	0.30278	0.01350	0.00298	0.02305	0.00910	0.09491	0.00452
110	0.01217	0.01075	0.01791	0.19410	0.40689	0.02106	0.07021	0.01523	0.01170	0.05297	0.03037	0.03477	0.01028	0.00541	0.00516	0.00159	0.00598	0.00516	0.08116	0.00712
111	0.00829	0.00547	0.00676	0.00659	0.00803	0.00487	0.00488	0.01004	0.01290	0.08854	0.33936	0.20953	0.25079	0.01222	0.00617	0.00177	0.00282	0.01065	0.00535	0.00498
112	0.00757	0.00505	0.00568	0.00568	0.00568	0.00505	0.00316	0.00757	0.00757	0.01010	0.01641	0.03408	0.01893	0.81698	0.02651	0.00505	0.00505	0.00757	0.00316	0.00316
113	0.01545	0.10342	0.05257	0.01176	0.01465	0.32986	0.05032	0.03328	0.06917	0.07028	0.06395	0.01545	0.01199	0.08137	0.00757	0.00183	0.05276	0.00469	0.00335	0.00630
114	0.01079	0.01001	0.01526	0.52617	0.09772	0.03675	0.03126	0.05966	0.03515	0.01516	0.01207	0.10451	0.01059	0.00652	0.00537	0.00174	0.00639	0.00582	0.00291	0.00613
115	0.00765	0.00551	0.00804	0.00804	0.00900	0.00636	0.00624	0.00956	0.00861	0.01277	0.01423	0.02036	0.01305	0.03599	0.72273	0.00770	0.01288	0.00551	0.08109	0.00467
116	0.00659	0.00476	0.00629	0.00743	0.00793	0.00446	0.00523	0.00771	0.01034	0.01363	0.03000	0.67228	0.07863	0.01588	0.00669	0.00213	0.00322	0.10763	0.00483	0.00431
117	0.01196	0.06296	0.27491	0.05367	0.01705	0.12561	0.02348	0.04472	0.08316	0.03441	0.01932	0.03371	0.16008	0.00718	0.00545	0.00163	0.02503	0.00566	0.00335	0.00665
118	0.00806	0.00584	0.00707	0.00708	0.00809	0.00567	0.00500	0.07863	0.01249	0.01686	0.24311	0.33257	0.09885	0.13515	0.00934	0.00234	0.00339	0.01089	0.00487	0.00471
119	0.01025	0.00616	0.00808	0.00782	0.00940	0.00584	0.00623	0.01266	0.03123	0.13433	0.32428	0.04062	0.05187	0.08591	0.00815	0.00217	0.00373	0.22739	0.01849	0.00538
120	0.00951	0.00882	0.01473	0.73043	0.03324	0.01089	0.01357	0.01274	0.01037	0.01330	0.01106	0.08815	0.00950	0.00624	0.00534	0.00177	0.00658	0.00557	0.00255	0.00564
121	0.01258	0.01254	0.02129	0.14711	0.54966	0.03925	0.10962	0.01583	0.01179	0.01626	0.00975	0.01307	0.00795	0.00472	0.00527	0.00159	0.00674	0.00478	0.00255	0.00765
122	0.00647	0.00457	0.00604	0.00716	0.00752	0.00427	0.00480	0.00747	0.01015	0.01371	0.05294	0.76668	0.03435	0.01585	0.00655	0.00207	0.00299	0.01436	0.02779	0.00427
123	0.01229	0.01405	0.03073	0.02195	0.02722	0.01317	0.76558	0.01668	0.01229	0.01668	0.01054	0.01405	0.00790	0.00439	0.00615	0.00176	0.00878	0.00615	0.00263	0.00702
124	0.01044	0.00902	0.01348	0.05326	0.26655	0.00926	0.02922	0.03996	0.10739	0.01734	0.08926	0.18225	0.03930	0.00932	0.00587	0.00182	0.00478	0.10091	0.00407	0.00649
125	0.01140	0.01034	0.03843	0.03723	0.01341	0.01097	0.02850	0.02198	0.52057	0.01973	0.10474	0.02333	0.04444	0.08267	0.00740	0.00205	0.00432	0.00650	0.00485	0.00714
126	0.00744	0.00558	0.00837	0.00837	0.00930	0.00651	0.00651	0.00930	0.00837	0.01209	0.01395	0.02046	0.01302	0.03906	0.79635	0.00837	0.01395	0.00558	0.00279	0.00465
127	0.01017	0.00976	0.01544	0.73271	0.03387	0.03719	0.01407	0.01347	0.01051	0.01331	0.00955	0.01468	0.00746	0.00556	0.00565	0.00176	0.03508	0.02162	0.00238	0.00577
128	0.00797	0.00570	0.00791	0.00911	0.01013	0.00563	0.00767	0.01007	0.01158	0.01512	0.02780	0.21280	0.03088	0.01478	0.00708	0.00234	0.00443	0.59951	0.00480	0.00468
129	0.01062	0.02574	0.71949	0.01550	0.02297	0.01219	0.08856	0.01651	0.01112	0.01651	0.00946	0.01128	0.00672	0.00490	0.00506	0.00166	0.00780	0.00406	0.00224	0.00763
130	0.08909	0.00933	0.01051	0.00763	0.01213	0.00738	0.00612	0.01332	0.01062	0.01756	0.00907	0.01058	0.00752	0.00395	0.00380	0.00085	0.00387	0.00306	0.00310	0.77051
131	0.02300	0.01034	0.01233	0.00965	0.01355	0.08088	0.00788	0.02495	0.01489	0.71609	0.01938	0.01695	0.01232	0.00635	0.00519	0.00159	0.00489	0.00506	0.00610	0.00860
132	0.77568	0.01017	0.00804	0.00720	0.01039	0.01180	0.00588	0.01646	0.08002	0.02322	0.00855	0.00948	0.00659	0.00504	0.00342	0.00163	0.00404	0.00310	0.00342	0.00588
133	0.01910	0.01454	0.01703	0.01291	0.01718	0.01587	0.08008	0.69744	0.02335	0.03132	0.01232	0.01265	0.00877	0.00608	0.00530	0.00158	0.00601	0.00482	0.00497	0.00869
134	0.01162	0.01192	0.02124	0.01639	0.01876	0.01373	0.33330	0.01427	0.01010	0.01495	0.00936	0.01327	0.00790	0.00681	0.01116	0.00196	0.39104	0.00526	0.08078	0.00619
135	0.77665	0.00996	0.00807	0.00707	0.01037	0.01131	0.00583	0.01624	0.00942	0.09439	0.00849	0.00932	0.00631	0.00498	0.00341	0.00161	0.00407	0.00304	0.00352	0.00594
136	0.00886	0.00565	0.00744	0.00680	0.00829	0.00517	0.00517	0.01127	0.01476	0.09214	0.71105	0.03693	0.04577	0.01026	0.00606	0.00164	0.00264	0.00903	0.00580	0.00528
137	0.00935	0.00541	0.00901	0.00819	0.00868	0.00533	0.07520	0.00770	0.00730	0.00975	0.00918	0.01566	0.00894	0.01682	0.01903	0.76985	0.00492	0.00467	0.00230	0.00270
138	0.25844	0.01310	0.01309	0.01055	0.01394	0.04002	0.00868	0.43938	0.01783	0.02726	0.01042	0.01129	0.00778	0.00608	0.00569	0.00163	0.07974	0.00410	0.02351	0.00745

[dist]
# distance from previous block
# <min> <max>
0	1

[block]
# block no. 4 follows, 47 sequences, length 18
# corresponding to MSA columns:
# 356-373
name=unknown_E
#
# <colnr> <probs for GDERKNQSTAVLIFYWHMCP>
#	G	D	E	R	K	N	Q	S	T	A	V	L	I	F	Y	W	H	M	C	P
0	0.01580	0.56296	0.02357	0.00989	0.01425	0.01918	0.00923	0.25551	0.01502	0.01882	0.00892	0.00968	0.00738	0.00503	0.00394	0.00126	0.00562	0.00339	0.00318	0.00738
1	0.01144	0.55999	0.02026	0.00775	0.01134	0.01543	0.00733	0.01300	0.01099	0.01283	0.02177	0.02169	0.25431	0.00724	0.00424	0.00132	0.00463	0.00540	0.00306	0.00595
2	0.00718	0.00546	0.00667	0.00661	0.00747	0.00559	0.00469	0.00822	0.00921	0.01206	0.02698	0.03429	0.26046	0.29329	0.26265	0.00497	0.02860	0.00795	0.00355	0.00409
3	0.01151	0.01252	0.02591	0.27176	0.02998	0.01266	0.52580	0.01560	0.01169	0.01560	0.01013	0.01400	0.00760	0.00465	0.00585	0.00175	0.00819	0.00566	0.00253	0.00663
4	0.00879	0.00707	0.00896	0.00823	0.00823	0.00853	0.00579	0.00916	0.00770	0.01087	0.01335	0.02684	0.01507	0.55908	0.02350	0.00416	0.26120	0.00661	0.00288	0.00397
5	0.00663	0.00482	0.00626	0.00696	0.00764	0.00445	0.00486	0.00798	0.01134	0.01526	0.21358	0.54029	0.10352	0.01462	0.00649	0.00197	0.00289	0.03094	0.00505	0.00442
6	0.00976	0.00797	0.00948	0.00775	0.01097	0.00647	0.00590	0.04310	0.01111	0.01647	0.01560	0.26715	0.01629	0.00794	0.00480	0.00123	0.00367	0.00689	0.00373	0.54371
7	0.01147	0.00813	0.00902	0.00785	0.00924	0.00868	0.00551	0.25015	0.01302	0.01747	0.01501	0.02638	0.01536	0.51167	0.06572	0.00413	0.00580	0.00653	0.00379	0.00506
8	0.00632	0.00502	0.00568	0.00613	0.00733	0.00439	0.00441	0.00755	0.01129	0.01406	0.06915	0.32590	0.46924	0.01426	0.00636	0.00190	0.00282	0.02897	0.00487	0.00436
9	0.00980	0.00672	0.00971	0.00898	0.00898	0.00817	0.00672	0.00862	0.00716	0.01016	0.00834	0.01441	0.00834	0.01523	0.01931	0.57835	0.26085	0.00453	0.00227	0.00336
10	0.58754	0.01151	0.01020	0.00849	0.01201	0.01311	0.00700	0.25532	0.01385	0.02638	0.00893	0.00975	0.00667	0.00529	0.00386	0.00160	0.00457	0.00342	0.00386	0.00667
11	0.01544	0.01161	0.01232	0.00984	0.01324	0.01240	0.00800	0.52462	0.02046	0.02683	0.02535	0.02451	0.25579	0.00847	0.00551	0.00163	0.00474	0.00670	0.00509	0.00743
12	0.03718	0.01330	0.01964	0.01457	0.01904	0.01360	0.25065	0.37956	0.01855	0.16058	0.01317	0.01382	0.00919	0.00566	0.00547	0.00163	0.00644	0.00521	0.00456	0.00820
13	0.01281	0.27137	0.02963	0.01779	0.02280	0.01554	0.52403	0.01633	0.01175	0.01527	0.00948	0.01223	0.00751	0.00441	0.00525	0.00155	0.00775	0.00507	0.00250	0.00691
14	0.01182	0.00593	0.00796	0.00784	0.00932	0.00535	0.00567	0.01305	0.01146	0.26052	0.02565	0.53109	0.02700	0.04236	0.00692	0.00206	0.00355	0.01149	0.00529	0.00567
15	0.01351	0.00672	0.00836	0.00723	0.00972	0.00586	0.00570	0.01528	0.01329	0.32791	0.13452	0.04819	0.28754	0.03388	0.00634	0.00179	0.00348	0.03096	0.03346	0.00626
16	0.12873	0.25118	0.04023	0.01028	0.01363	0.26365	0.02879	0.01699	0.02256	0.04779	0.04888	0.01410	0.03716	0.01925	0.00469	0.00146	0.00632	0.01892	0.01919	0.00619
17	0.01228	0.04114	0.01682	0.03003	0.04172	0.08586	0.03542	0.01392	0.02237	0.01301	0.00748	0.01143	0.00706	0.00819	0.01428	0.00209	0.62410	0.00446	0.00239	0.00594

[dist]
# distance from previous block
# <min> <max>
3	11

[block]
# block no. 5 follows, 47 sequences, length 25
# corresponding to MSA columns:
# 385-409
name=unknown_F
#
# <colnr> <probs for GDERKNQSTAVLIFYWHMCP>
#	G	D	E	R	K	N	Q	S	T	A	V	L	I	F	Y	W	H	M	C	P
0	0.01080	0.00926	0.01080	0.00771	0.01234	0.00694	0.00617	0.01311	0.01080	0.01697	0.00926	0.01080	0.00771	0.00386	0.00386	0.00077	0.00386	0.00309	0.00309	0.84882
1	0.01335	0.01111	0.03760	0.26357	0.29096	0.01143	0.02904	0.09479	0.01313	0.09961	0.04404	0.01499	0.01028	0.00549	0.00518	0.00161	0.00598	0.00493	0.03561	0.00730
2	0.05390	0.02841	0.01749	0.03248	0.09356	0.03501	0.08986	0.27260	0.01491	0.02098	0.01014	0.01329	0.00835	0.00686	0.00892	0.00182	0.25596	0.02481	0.00347	0.00718
3	0.00749	0.00501	0.00570	0.00579	0.00581	0.00499	0.00327	0.00755	0.00774	0.01032	0.01725	0.08727	0.01999	0.76235	0.02515	0.00485	0.00491	0.00807	0.00327	0.00323
4	0.00760	0.00578	0.00729	0.00703	0.00850	0.00525	0.00516	0.00982	0.03336	0.01729	0.35297	0.26060	0.08492	0.01288	0.04519	0.00201	0.00343	0.00997	0.00490	0.11603
5	0.01344	0.36037	0.19777	0.03259	0.01700	0.16042	0.05829	0.01628	0.01173	0.01405	0.04479	0.03265	0.00947	0.00536	0.00440	0.00139	0.00679	0.00402	0.00257	0.00664
6	0.01127	0.10205	0.32531	0.01194	0.03773	0.01115	0.02679	0.01524	0.02641	0.02987	0.00989	0.02866	0.00798	0.00499	0.00497	0.00132	0.03845	0.00387	0.00273	0.29937
7	0.06378	0.24703	0.13943	0.04142	0.23457	0.07604	0.04771	0.01636	0.01139	0.04034	0.00918	0.01121	0.00749	0.00572	0.02639	0.00163	0.00667	0.00389	0.00259	0.00717
8	0.00861	0.00619	0.00695	0.00658	0.00826	0.02557	0.00500	0.01055	0.02996	0.07400	0.24514	0.03880	0.37081	0.01341	0.06043	0.03401	0.00380	0.01927	0.02771	0.00496
9	0.00928	0.00579	0.00710	0.00653	0.00827	0.00519	0.00497	0.01136	0.01324	0.10648	0.37972	0.07135	0.19111	0.01080	0.02226	0.00174	0.00304	0.00871	0.09551	0.03753
10	0.01527	0.11804	0.24754	0.01375	0.03630	0.28940	0.04733	0.07158	0.06690	0.03202	0.00998	0.01113	0.00768	0.00527	0.00478	0.00148	0.00760	0.00390	0.00292	0.00712
11	0.01421	0.01735	0.29385	0.04603	0.11252	0.01239	0.06982	0.16472	0.05153	0.10771	0.03404	0.01384	0.00974	0.00566	0.00546	0.00165	0.02324	0.00474	0.00361	0.00791
12	0.01029	0.00988	0.01005	0.00943	0.01046	0.15963	0.02191	0.01155	0.00953	0.01192	0.01309	0.02198	0.01314	0.23422	0.32961	0.00527	0.08486	0.02565	0.00287	0.00467
13	0.05533	0.01119	0.01493	0.05513	0.12702	0.02824	0.01053	0.12029	0.01306	0.23382	0.01226	0.01376	0.00915	0.00773	0.03199	0.00199	0.23756	0.00471	0.00396	0.00737
14	0.01316	0.08949	0.09230	0.02403	0.45736	0.08489	0.05656	0.01617	0.01170	0.01588	0.00922	0.01187	0.00769	0.00491	0.00556	0.00152	0.04867	0.00429	0.00253	0.04221
15	0.01268	0.45922	0.23377	0.01300	0.04723	0.01701	0.09509	0.01587	0.01085	0.01408	0.00826	0.00997	0.00686	0.00474	0.00460	0.00138	0.03252	0.00357	0.00228	0.00702
16	0.00742	0.00546	0.00789	0.00793	0.00870	0.00621	0.00595	0.00897	0.00831	0.01184	0.01487	0.05230	0.01469	0.15234	0.65368	0.00765	0.01223	0.00622	0.00292	0.00441
17	0.00786	0.00572	0.00772	0.00878	0.00993	0.00558	0.00741	0.00994	0.01171	0.01511	0.03061	0.15846	0.11687	0.01451	0.00700	0.00229	0.00431	0.56673	0.00481	0.00467
18	0.00749	0.00501	0.00570	0.00579	0.00581	0.00499	0.00327	0.00755	0.00774	0.01032	0.01725	0.08727	0.01999	0.76235	0.02515	0.00485	0.00491	0.00807	0.00327	0.00323
19	0.00666	0.00489	0.00614	0.00691	0.00758	0.00453	0.00484	0.00779	0.01058	0.01384	0.08165	0.49362	0.16508	0.08741	0.00836	0.00231	0.00325	0.07556	0.00474	0.00426
20	0.31025	0.03525	0.19426	0.01031	0.01491	0.01179	0.02196	0.10838	0.04828	0.18040	0.01182	0.01205	0.00829	0.00545	0.00443	0.00161	0.00530	0.00398	0.00395	0.00734
21	0.00971	0.00485	0.00485	0.00485	0.00607	0.00485	0.00364	0.01213	0.01092	0.01942	0.01699	0.01942	0.01335	0.00607	0.00364	0.00121	0.00243	0.00485	0.84589	0.00485
22	0.00620	0.00528	0.00533	0.00532	0.00706	0.00441	0.00399	0.00755	0.01197	0.01430	0.07721	0.04974	0.75779	0.01310	0.00615	0.00175	0.00263	0.01094	0.00487	0.00441
23	0.01236	0.17372	0.15760	0.04472	0.21383	0.03318	0.14303	0.01562	0.01148	0.04485	0.01161	0.09325	0.01034	0.00591	0.00508	0.00158	0.00650	0.00542	0.00282	0.00711
24	0.00839	0.00600	0.00759	0.00749	0.00792	0.00640	0.00506	0.00895	0.00838	0.01166	0.01578	0.02882	0.01681	0.48231	0.32342	0.00633	0.03436	0.00690	0.00323	0.00421

[dist]
# distance from previous block
# <min> <max>
0	43

[block]
# block no. 6 follows, 47 sequences, length 50
# corresponding to MSA columns:
# 453-502
name=unknown_G
#
# <colnr> <probs for GDERKNQSTAVLIFYWHMCP>
#	G	D	E	R	K	N	Q	S	T	A	V	L	I	F	Y	W	H	M	C	P
0	0.00615	0.00528	0.00528	0.00528	0.00703	0.00440	0.00396	0.00747	0.01187	0.01407	0.05276	0.05012	0.78238	0.01319	0.00615	0.00176	0.00264	0.01099	0.00484	0.00440
1	0.01615	0.01803	0.01454	0.03630	0.05227	0.42411	0.04883	0.07724	0.11898	0.01620	0.01210	0.05770	0.01034	0.02182	0.00562	0.00158	0.02055	0.00485	0.03630	0.00650
2	0.01246	0.01735	0.26403	0.02173	0.27510	0.01262	0.19285	0.08628	0.01282	0.01815	0.01056	0.03286	0.00837	0.00512	0.00537	0.00164	0.00715	0.00501	0.00278	0.00774
3	0.00772	0.00555	0.00745	0.00760	0.00882	0.00529	0.00611	0.01016	0.01379	0.01906	0.52163	0.04574	0.04253	0.01194	0.00650	0.00190	0.00326	0.26466	0.00541	0.00487
4	0.01289	0.01237	0.02114	0.03196	0.78450	0.01237	0.01598	0.01598	0.01186	0.01701	0.00980	0.01289	0.00825	0.00464	0.00516	0.00155	0.00619	0.00464	0.00258	0.00825
5	0.01364	0.01194	0.01294	0.01271	0.08843	0.04259	0.00907	0.10298	0.56344	0.02183	0.01993	0.01890	0.04432	0.00692	0.00529	0.00171	0.00463	0.00575	0.00491	0.00807
6	0.85377	0.01007	0.00765	0.00685	0.01007	0.01168	0.00564	0.01531	0.00886	0.02336	0.00725	0.00846	0.00564	0.00483	0.00322	0.00161	0.00403	0.00282	0.00322	0.00564
7	0.01081	0.00961	0.01204	0.00908	0.01279	0.00858	0.02531	0.01293	0.01032	0.01608	0.00943	0.03447	0.00835	0.00515	0.00630	0.00110	0.14408	0.00376	0.00298	0.65683
8	0.00753	0.00506	0.00567	0.00567	0.00572	0.00503	0.00318	0.00757	0.00770	0.01022	0.01751	0.03457	0.04217	0.79252	0.02589	0.00495	0.00498	0.00768	0.00321	0.00319
9	0.07502	0.00888	0.01150	0.00901	0.01258	0.00816	0.00733	0.04000	0.01390	0.62385	0.01854	0.01788	0.01248	0.06646	0.00702	0.00187	0.02927	0.00518	0.00577	0.02531
