[name]
unknown

[dist]
# distance from previous block
# <min> <max>
0	168

[block]
# block no. 0 follows, 34 sequences, length 8
# corresponding to MSA columns:
# 185-192
name=unknown_A
#
# <colnr> <probs for GDERKNQSTAVLIFYWHMCP>
#	G	D	E	R	K	N	Q	S	T	A	V	L	I	F	Y	W	H	M	C	P
0	0.09568	0.05447	0.01848	0.08376	0.11041	0.12989	0.01279	0.22900	0.01911	0.02566	0.01525	0.06116	0.01352	0.00860	0.00692	0.00205	0.03933	0.06072	0.00460	0.00860
1	0.03372	0.01076	0.01563	0.09420	0.15178	0.01190	0.01174	0.04057	0.01514	0.05743	0.23177	0.11391	0.02914	0.01095	0.00954	0.00223	0.13811	0.00899	0.00499	0.00751
2	0.01596	0.14043	0.02517	0.06835	0.36388	0.01831	0.01650	0.05276	0.01394	0.01948	0.01085	0.01465	0.00943	0.00723	0.00969	0.00207	0.19378	0.00535	0.00318	0.00900
3	0.01394	0.01245	0.02005	0.26127	0.31981	0.01395	0.01612	0.01754	0.01345	0.01956	0.01303	0.01753	0.01058	0.00684	0.00762	0.00202	0.08441	0.00579	0.13578	0.00824
4	0.01726	0.01554	0.07998	0.09648	0.38502	0.01494	0.01741	0.02084	0.01435	0.13775	0.01368	0.01662	0.01060	0.00707	0.00866	0.00210	0.12252	0.00578	0.00386	0.00954
5	0.01811	0.07689	0.02448	0.08521	0.43128	0.01736	0.01695	0.20543	0.01866	0.02556	0.01275	0.01551	0.01016	0.00633	0.00624	0.00190	0.00753	0.00559	0.00402	0.01005
6	0.01472	0.01354	0.01785	0.01486	0.01646	0.01693	0.01226	0.08786	0.01324	0.01987	0.06445	0.01675	0.01291	0.01001	0.01593	0.00237	0.50038	0.00583	0.00370	0.14009
7	0.01630	0.01856	0.14271	0.03249	0.50793	0.01600	0.01944	0.09173	0.01594	0.02278	0.01224	0.01547	0.00989	0.00629	0.00707	0.00199	0.04411	0.00560	0.00344	0.01005

[dist]
# distance from previous block
# <min> <max>
0	3

[block]
# block no. 1 follows, 34 sequences, length 7
# corresponding to MSA columns:
# 196-202
name=unknown_B
#
# <colnr> <probs for GDERKNQSTAVLIFYWHMCP>
#	G	D	E	R	K	N	Q	S	T	A	V	L	I	F	Y	W	H	M	C	P
0	0.01623	0.01644	0.02397	0.17535	0.51546	0.10186	0.01860	0.01990	0.01479	0.01959	0.01177	0.01572	0.00970	0.00600	0.00634	0.00193	0.00833	0.00557	0.00315	0.00932
1	0.01625	0.01475	0.02273	0.19642	0.36818	0.01645	0.01745	0.12871	0.01617	0.02246	0.01205	0.01595	0.00976	0.00696	0.00836	0.00209	0.10666	0.00575	0.00360	0.00924
2	0.01704	0.01491	0.05283	0.17417	0.37231	0.01514	0.01741	0.06493	0.01535	0.10580	0.01347	0.01665	0.01040	0.00680	0.00772	0.00206	0.07390	0.00580	0.00386	0.00946
3	0.10977	0.01395	0.07319	0.06141	0.14920	0.01331	0.01250	0.13362	0.01599	0.02380	0.04571	0.08170	0.06583	0.01200	0.06495	0.00268	0.04835	0.00720	0.00441	0.06045
4	0.11329	0.06827	0.04656	0.10582	0.14660	0.01547	0.03786	0.08515	0.13108	0.02361	0.05547	0.03810	0.03192	0.00815	0.00698	0.00208	0.04482	0.02570	0.00447	0.00859
5	0.05925	0.11270	0.05940	0.03299	0.08253	0.04670	0.03272	0.06563	0.01517	0.16333	0.01456	0.01774	0.01154	0.00780	0.00862	0.00200	0.14223	0.03416	0.00444	0.08650
6	0.01517	0.09202	0.21795	0.01752	0.08871	0.06225	0.01552	0.09759	0.01497	0.02047	0.01480	0.12922	0.01407	0.00946	0.00935	0.00218	0.15952	0.00708	0.00377	0.00838

[dist]
# distance from previous block
# <min> <max>
7	37

[block]
# block no. 2 follows, 34 sequences, length 10
# corresponding to MSA columns:
# 240-249
name=unknown_C
#
# <colnr> <probs for GDERKNQSTAVLIFYWHMCP>
#	G	D	E	R	K	N	Q	S	T	A	V	L	I	F	Y	W	H	M	C	P
0	0.03241	0.07868	0.14032	0.06001	0.20458	0.01533	0.09349	0.09019	0.02936	0.02252	0.01230	0.01487	0.00968	0.00588	0.00596	0.00176	0.00760	0.00523	0.00362	0.16620
1	0.01689	0.08234	0.03693	0.02803	0.01881	0.07287	0.09148	0.09493	0.12059	0.08281	0.07660	0.02556	0.05383	0.00904	0.00782	0.00206	0.06979	0.05477	0.00506	0.04979
2	0.00939	0.00692	0.00933	0.00883	0.00963	0.00667	0.04930	0.01048	0.01188	0.01603	0.13608	0.17439	0.05410	0.44381	0.02203	0.00455	0.00550	0.01141	0.00482	0.00485
3	0.01503	0.07713	0.12687	0.09585	0.21311	0.01460	0.01512	0.11367	0.03510	0.02226	0.01598	0.12573	0.01468	0.00827	0.00633	0.00195	0.00701	0.00716	0.00407	0.08008
4	0.01124	0.05371	0.01318	0.01091	0.01322	0.00926	0.06322	0.07872	0.01670	0.02234	0.24388	0.21602	0.11743	0.01417	0.00760	0.00226	0.00481	0.08875	0.00597	0.00661
5	0.01425	0.07889	0.07705	0.12385	0.25124	0.08300	0.01483	0.01787	0.01541	0.02042	0.17577	0.02547	0.02248	0.00829	0.00656	0.00197	0.00712	0.04322	0.00413	0.00817
6	0.01298	0.15202	0.09206	0.01200	0.01592	0.01175	0.07171	0.01584	0.01431	0.07793	0.03143	0.14688	0.18561	0.01208	0.00692	0.00214	0.00591	0.09654	0.00492	0.03107
7	0.01657	0.01592	0.11949	0.07308	0.35530	0.01375	0.01691	0.02029	0.01447	0.13581	0.01598	0.08323	0.01352	0.00794	0.00773	0.00210	0.06756	0.00685	0.00411	0.00938
8	0.03445	0.01271	0.07317	0.01576	0.09655	0.01159	0.04658	0.04967	0.07751	0.12507	0.02652	0.17409	0.08802	0.01174	0.00833	0.00230	0.06894	0.06353	0.00533	0.00813
9	0.22755	0.03777	0.13674	0.01691	0.08756	0.07264	0.11245	0.06159	0.01505	0.08724	0.01324	0.01506	0.00987	0.00637	0.00565	0.00194	0.00742	0.00518	0.07122	0.00855

[dist]
# distance from previous block
# <min> <max>
9	67

[block]
# block no. 3 follows, 34 sequences, length 6
# corresponding to MSA columns:
# 341-344,347,348
name=unknown_D
#
# <colnr> <probs for GDERKNQSTAVLIFYWHMCP>
#	G	D	E	R	K	N	Q	S	T	A	V	L	I	F	Y	W	H	M	C	P
0	0.01486	0.01487	0.06018	0.04217	0.12989	0.11702	0.03614	0.04980	0.10512	0.01919	0.01997	0.06663	0.07064	0.01193	0.01052	0.17008	0.00701	0.02654	0.02019	0.00726
1	0.01561	0.01358	0.07146	0.01487	0.07217	0.01166	0.06347	0.08335	0.11025	0.09886	0.06558	0.13324	0.02005	0.00904	0.00651	0.00189	0.00590	0.00798	0.00524	0.18928
2	0.21941	0.14108	0.15641	0.01203	0.01759	0.01577	0.01181	0.08436	0.08318	0.05559	0.01529	0.01600	0.04190	0.00679	0.00527	0.00181	0.00631	0.00494	0.00427	0.10019
3	0.06811	0.07486	0.15646	0.08064	0.02045	0.01394	0.01272	0.09038	0.10731	0.09784	0.06782	0.02049	0.04674	0.00759	0.00600	0.00187	0.00640	0.00605	0.00484	0.10950
4	0.01966	0.10787	0.05764	0.01726	0.07052	0.07462	0.06994	0.29656	0.05752	0.02757	0.01337	0.01490	0.01032	0.00720	0.00747	0.00191	0.07657	0.00545	0.00463	0.05903
5	0.02017	0.06607	0.08318	0.01357	0.01821	0.05857	0.01177	0.24916	0.16269	0.13510	0.02024	0.09808	0.01631	0.00898	0.00647	0.00203	0.00658	0.00722	0.00590	0.00971

[dist]
# distance from previous block
# <min> <max>
12	32

[block]
# block no. 4 follows, 34 sequences, length 21
# corresponding to MSA columns:
# 381-401
name=unknown_E
#
# <colnr> <probs for GDERKNQSTAVLIFYWHMCP>
#	G	D	E	R	K	N	Q	S	T	A	V	L	I	F	Y	W	H	M	C	P
0	0.07105	0.02270	0.31570	0.01515	0.02159	0.01592	0.01600	0.29672	0.02056	0.02954	0.07702	0.03907	0.01489	0.00781	0.00632	0.00202	0.00752	0.00611	0.00480	0.00953
1	0.01822	0.29167	0.21783	0.01633	0.07460	0.02030	0.01552	0.22825	0.01859	0.02475	0.01189	0.01322	0.00922	0.00638	0.00555	0.00177	0.00773	0.00469	0.00390	0.00959
2	0.04735	0.07824	0.57932	0.01695	0.02549	0.01572	0.02086	0.06711	0.01487	0.05850	0.01230	0.01386	0.00873	0.00630	0.00596	0.00199	0.00883	0.00480	0.00330	0.00954
3	0.01296	0.03342	0.73944	0.01842	0.02797	0.01501	0.02387	0.02046	0.01364	0.02046	0.01160	0.01364	0.00818	0.00614	0.00614	0.00205	0.00955	0.00477	0.00273	0.00955
4	0.01372	0.07891	0.51395	0.04585	0.02905	0.01598	0.17224	0.02030	0.01393	0.02002	0.01174	0.01437	0.00856	0.00596	0.00634	0.00203	0.00963	0.00534	0.00285	0.00920
5	0.01525	0.01537	0.12316	0.41903	0.12161	0.01402	0.05933	0.01977	0.01414	0.11633	0.01359	0.01723	0.00983	0.00648	0.00648	0.00209	0.00834	0.00582	0.00361	0.00850
6	0.01122	0.00561	0.00842	0.00842	0.00842	0.00561	0.00561	0.00842	0.00842	0.01122	0.01122	0.01964	0.01122	0.02245	0.02525	0.81201	0.00561	0.00561	0.00281	0.00281
7	0.00787	0.00562	0.00750	0.00900	0.00937	0.00525	0.00600	0.00900	0.01237	0.01649	0.03561	0.76871	0.04274	0.02024	0.00825	0.00262	0.00375	0.01837	0.00600	0.00525
8	0.01757	0.43903	0.06354	0.01356	0.04644	0.05393	0.04718	0.02119	0.05450	0.09143	0.08149	0.01679	0.01494	0.00679	0.00531	0.00166	0.00688	0.00518	0.00400	0.00859
9	0.02899	0.01100	0.01499	0.01150	0.01649	0.00950	0.00950	0.03149	0.01849	0.73709	0.02549	0.02199	0.01599	0.00800	0.00650	0.00200	0.00550	0.00650	0.00800	0.01100
10	0.00780	0.00592	0.00719	0.00820	0.00916	0.00532	0.00564	0.00909	0.01314	0.01681	0.04533	0.53874	0.26644	0.01898	0.00805	0.00248	0.00359	0.01683	0.00600	0.00532
11	0.01327	0.03143	0.65647	0.02011	0.06573	0.01511	0.06775	0.02044	0.01380	0.02051	0.01172	0.01401	0.00840	0.00607	0.00625	0.00205	0.00954	0.00501	0.00279	0.00953
12	0.01977	0.01775	0.06716	0.06530	0.24628	0.05424	0.01542	0.27661	0.08865	0.06191	0.01519	0.01658	0.01137	0.00700	0.00640	0.00197	0.00750	0.00582	0.00491	0.01019
13	0.81856	0.01250	0.00950	0.00850	0.01250	0.01449	0.00700	0.01899	0.01100	0.02899	0.00900	0.01050	0.00700	0.00600	0.00400	0.00200	0.00500	0.00350	0.00400	0.00700
14	0.01427	0.07313	0.32461	0.02616	0.31967	0.01513	0.02003	0.01944	0.01417	0.02027	0.01383	0.02010	0.01184	0.00707	0.00638	0.00204	0.00824	0.07097	0.00324	0.00940
15	0.00799	0.00572	0.00761	0.00891	0.00940	0.00533	0.00601	0.00930	0.01294	0.01740	0.10237	0.69936	0.04449	0.01957	0.00819	0.00257	0.00368	0.01773	0.00611	0.00533
16	0.01614	0.39498	0.32662	0.01466	0.02166	0.09060	0.01654	0.02043	0.01384	0.01745	0.01017	0.01186	0.00825	0.00589	0.00514	0.00169	0.00847	0.00407	0.00280	0.00874
17	0.01462	0.31884	0.46854	0.01559	0.02360	0.01906	0.01895	0.02003	0.01344	0.01844	0.01059	0.01238	0.00823	0.00590	0.00537	0.00179	0.00854	0.00427	0.00274	0.00907
18	0.01595	0.01729	0.01390	0.08400	0.01766	0.30675	0.01014	0.04289	0.01742	0.01999	0.23044	0.03020	0.09135	0.01179	0.04148	0.00232	0.00798	0.02674	0.00485	0.00686
19	0.48399	0.26229	0.08510	0.01025	0.01526	0.01813	0.00988	0.01924	0.01193	0.02373	0.00923	0.01075	0.00753	0.00586	0.00424	0.00180	0.00604	0.00360	0.00348	0.00765
20	0.04357	0.29318	0.22343	0.09800	0.02239	0.01790	0.01482	0.05378	0.01381	0.01897	0.01129	0.01397	0.00923	0.01002	0.07665	0.00254	0.00864	0.00456	0.00314	0.06010

[dist]
# distance from previous block
# <min> <max>
4	7

[block]
# block no. 5 follows, 34 sequences, length 19
# corresponding to MSA columns:
# 423-441
name=unknown_F
#
# <colnr> <probs for GDERKNQSTAVLIFYWHMCP>
#	G	D	E	R	K	N	Q	S	T	A	V	L	I	F	Y	W	H	M	C	P
0	0.01279	0.01185	0.01893	0.16444	0.37502	0.01210	0.01488	0.01615	0.01471	0.01989	0.09118	0.02948	0.17397	0.00894	0.00680	0.00203	0.00644	0.00805	0.00412	0.00821
1	0.01833	0.58627	0.03058	0.01441	0.07745	0.14696	0.01204	0.02048	0.01414	0.01580	0.00942	0.01106	0.00846	0.00574	0.00462	0.00148	0.00778	0.00377	0.00290	0.00832
2	0.01309	0.01839	0.24288	0.01469	0.07926	0.01098	0.01361	0.01742	0.01367	0.02063	0.01520	0.01697	0.05754	0.00607	0.00554	0.00146	0.00643	0.00495	0.00357	0.43763
3	0.01981	0.01687	0.02230	0.09456	0.27666	0.07013	0.05027	0.25603	0.04290	0.06565	0.01429	0.01628	0.01079	0.00677	0.00646	0.00196	0.00783	0.00584	0.00466	0.00996
4	0.01030	0.00681	0.00891	0.00984	0.01092	0.00657	0.00712	0.01292	0.06070	0.07029	0.03406	0.57238	0.03850	0.01826	0.00810	0.00260	0.00426	0.10519	0.00618	0.00610
5	0.00947	0.00677	0.00934	0.01083	0.01191	0.00663	0.00878	0.01177	0.01395	0.01829	0.03473	0.32966	0.03923	0.01873	0.00867	0.00285	0.00514	0.44160	0.00597	0.00569
6	0.01607	0.01388	0.01461	0.01315	0.01680	0.01607	0.01023	0.03433	0.72094	0.02703	0.02630	0.02411	0.01972	0.00877	0.00657	0.00219	0.00511	0.00731	0.00657	0.01023
7	0.02801	0.01119	0.01497	0.01154	0.01641	0.00990	0.00951	0.06485	0.01908	0.67506	0.05180	0.02267	0.01746	0.00818	0.00654	0.00200	0.00549	0.00666	0.00789	0.01081
8	0.01220	0.01148	0.01938	0.75739	0.04450	0.01436	0.01794	0.01651	0.01292	0.01651	0.01148	0.01723	0.00861	0.00646	0.00646	0.00215	0.00861	0.00574	0.00287	0.00718
9	0.01525	0.01743	0.03813	0.02723	0.03377	0.01634	0.70915	0.02070	0.01525	0.02070	0.01307	0.01743	0.00980	0.00545	0.00763	0.00218	0.01089	0.00763	0.00327	0.00871
10	0.01288	0.01217	0.02060	0.62991	0.16673	0.01453	0.01828	0.01710	0.01324	0.01733	0.01160	0.01701	0.00890	0.00634	0.00645	0.00211	0.00845	0.00574	0.00293	0.00772
11	0.02867	0.01152	0.01532	0.01174	0.01675	0.01027	0.00970	0.08120	0.01936	0.68615	0.02476	0.02152	0.01563	0.00798	0.00650	0.00199	0.00562	0.00645	0.00789	0.01100
12	0.00918	0.00656	0.00898	0.01037	0.01135	0.00636	0.00816	0.01132	0.01391	0.01839	0.07205	0.38976	0.04100	0.01870	0.00854	0.00276	0.00479	0.34613	0.00603	0.00564
13	0.00865	0.00637	0.00861	0.04930	0.01152	0.00639	0.00693	0.01013	0.01214	0.01612	0.03177	0.45524	0.07174	0.11652	0.09650	0.00396	0.00605	0.07148	0.00527	0.00532
14	0.19451	0.04286	0.23615	0.01581	0.02058	0.03928	0.08076	0.01847	0.01229	0.02060	0.01113	0.01532	0.00928	0.00984	0.04928	0.00267	0.18840	0.02163	0.00323	0.00791
15	0.09938	0.01543	0.08119	0.22083	0.27676	0.01530	0.01685	0.06981	0.01478	0.06003	0.01231	0.01571	0.00954	0.00664	0.00715	0.00207	0.05821	0.00547	0.00363	0.00891
16	0.05507	0.01670	0.07221	0.02570	0.28145	0.06374	0.16833	0.02167	0.05349	0.08954	0.07443	0.01932	0.01505	0.00679	0.00662	0.00200	0.00792	0.00654	0.00420	0.00924
17	0.06461	0.01747	0.13479	0.08738	0.02503	0.03633	0.20390	0.03678	0.14767	0.02208	0.01824	0.02001	0.05942	0.00706	0.00648	0.00200	0.00780	0.00655	0.00413	0.09225
18	0.01776	0.22013	0.17699	0.01529	0.06714	0.01780	0.01407	0.20203	0.01801	0.06238	0.01482	0.01637	0.02879	0.01034	0.06814	0.00252	0.00819	0.00530	0.02473	0.00921

[dist]
# distance from previous block
# <min> <max>
0	10

[block]
# block no. 6 follows, 34 sequences, length 7
# corresponding to MSA columns:
# 475-481
name=unknown_G
#
# <colnr> <probs for GDERKNQSTAVLIFYWHMCP>
#	G	D	E	R	K	N	Q	S	T	A	V	L	I	F	Y	W	H	M	C	P
0	0.01281	0.04161	0.08004	0.01325	0.01788	0.01084	0.09442	0.01685	0.04098	0.02046	0.04902	0.06418	0.01909	0.00905	0.00687	0.00184	0.02788	0.14103	0.00437	0.32752
1	0.01317	0.01069	0.01574	0.01361	0.01622	0.01075	0.13120	0.17941	0.01720	0.02304	0.02683	0.45593	0.02933	0.01465	0.00771	0.00238	0.00581	0.01347	0.00563	0.00723
2	0.01051	0.01229	0.13809	0.01103	0.01464	0.00815	0.01014	0.01357	0.01361	0.01915	0.05481	0.27304	0.07554	0.01315	0.00708	0.00212	0.00529	0.11313	0.00494	0.19971
3	0.01982	0.01626	0.15829	0.01384	0.01919	0.01234	0.05285	0.13318	0.05206	0.27159	0.02582	0.02767	0.09861	0.00920	0.00681	0.00211	0.00662	0.05823	0.00599	0.00951
4	0.00817	0.00584	0.00784	0.00934	0.00984	0.00550	0.00651	0.00951	0.01266	0.01683	0.03545	0.68730	0.04209	0.01996	0.00833	0.00267	0.00401	0.09685	0.00599	0.00533
5	0.01319	0.01148	0.01445	0.14113	0.02045	0.00962	0.00947	0.01631	0.01331	0.02025	0.01148	0.01407	0.00940	0.00508	0.00508	0.00117	0.00546	0.00416	0.00366	0.67077
6	0.01477	0.14633	0.01623	0.01176	0.01477	0.04958	0.00954	0.11598	0.17148	0.02233	0.02555	0.21933	0.04559	0.01230	0.00686	0.00220	0.00573	0.09629	0.00549	0.00789

[dist]
# distance from previous block
# <min> <max>
5	9

[block]
# block no. 7 follows, 34 sequences, length 43
# corresponding to MSA columns:
# 497-539
name=unknown_H
#
# <colnr> <probs for GDERKNQSTAVLIFYWHMCP>
#	G	D	E	R	K	N	Q	S	T	A	V	L	I	F	Y	W	H	M	C	P
0	0.01277	0.01792	0.29032	0.01383	0.05164	0.01033	0.01386	0.01742	0.01589	0.08433	0.28289	0.03030	0.07275	0.00947	0.00676	0.00198	0.00607	0.00803	0.00509	0.04835
1	0.01062	0.06959	0.08531	0.01154	0.01419	0.00915	0.02941	0.01358	0.01441	0.01944	0.12730	0.23310	0.03495	0.01480	0.00771	0.00243	0.00550	0.25253	0.00540	0.03904
2	0.01740	0.01454	0.01536	0.01342	0.01731	0.01669	0.01055	0.13999	0.61313	0.02917	0.02461	0.02277	0.01836	0.00861	0.00656	0.00215	0.00543	0.00707	0.00656	0.01035
3	0.01786	0.09558	0.39975	0.01491	0.02234	0.01380	0.01705	0.02300	0.01505	0.22295	0.03042	0.01641	0.01162	0.00666	0.00598	0.00189	0.00767	0.00521	0.00439	0.06747
4	0.01296	0.03342	0.73944	0.01842	0.02797	0.01501	0.02387	0.02046	0.01364	0.02046	0.01160	0.01364	0.00818	0.00614	0.00614	0.00205	0.00955	0.00477	0.00273	0.00955
5	0.01469	0.02636	0.03322	0.01229	0.01508	0.00872	0.04311	0.01763	0.01548	0.17718	0.03167	0.09080	0.06318	0.01454	0.00805	0.00261	0.00597	0.40602	0.00612	0.00728
6	0.00873	0.00721	0.01017	0.03299	0.01249	0.00666	0.06093	0.01063	0.01367	0.01742	0.04347	0.37575	0.27990	0.01709	0.00799	0.00245	0.00449	0.07656	0.00569	0.00571
7	0.01344	0.01519	0.08211	0.09721	0.16853	0.01380	0.27311	0.01765	0.01428	0.01977	0.05539	0.12924	0.01728	0.00855	0.00788	0.00220	0.04386	0.00856	0.00377	0.00820
8	0.01546	0.01497	0.02604	0.13192	0.60243	0.01528	0.06006	0.01945	0.01451	0.02049	0.01212	0.01624	0.01000	0.00583	0.00648	0.00196	0.00799	0.00586	0.00316	0.00975
9	0.01745	0.01217	0.01967	0.40818	0.18270	0.01328	0.01611	0.02117	0.01477	0.20812	0.01533	0.01823	0.01091	0.00672	0.00646	0.00206	0.00759	0.00595	0.00430	0.00883
10	0.01896	0.02035	0.27524	0.04772	0.07962	0.01344	0.11314	0.02477	0.05874	0.25690	0.01732	0.01788	0.01186	0.00680	0.00652	0.00205	0.00795	0.00601	0.00482	0.00991
11	0.01254	0.01817	0.27828	0.01549	0.02072	0.01102	0.13140	0.01694	0.01422	0.07103	0.06462	0.23662	0.05867	0.01115	0.00719	0.00224	0.00712	0.01015	0.00456	0.00786
12	0.01456	0.01441	0.02202	0.41910	0.31603	0.06741	0.01830	0.01850	0.01402	0.01829	0.01164	0.01634	0.00924	0.00620	0.00639	0.00203	0.00846	0.00563	0.00303	0.00841
13	0.02520	0.01381	0.01650	0.01446	0.06853	0.05719	0.01084	0.17556	0.03997	0.42936	0.02205	0.06344	0.01571	0.00844	0.00655	0.00200	0.00626	0.00687	0.00688	0.01037
14	0.01406	0.01539	0.11046	0.24471	0.16174	0.01380	0.13980	0.01915	0.05077	0.05358	0.01607	0.10199	0.01386	0.00786	0.00683	0.00215	0.00808	0.00750	0.00378	0.00843
15	0.01565	0.01512	0.02615	0.09779	0.64813	0.01531	0.04756	0.01959	0.01459	0.02072	0.01214	0.01615	0.01008	0.00580	0.00645	0.00195	0.00788	0.00583	0.00317	0.00992
16	0.01207	0.01119	0.01874	0.70381	0.04227	0.01386	0.01740	0.01628	0.01306	0.01671	0.01312	0.02123	0.01067	0.00728	0.00664	0.00221	0.00842	0.05486	0.00309	0.00709
17	0.01401	0.01333	0.02264	0.41575	0.37204	0.01483	0.01884	0.01809	0.01377	0.01870	0.01180	0.01664	0.00939	0.00613	0.00643	0.00204	0.00817	0.00575	0.00303	0.00863
18	0.01183	0.01356	0.09219	0.01911	0.07252	0.01120	0.27385	0.01548	0.01385	0.01891	0.02303	0.33024	0.02439	0.01215	0.00770	0.00236	0.00738	0.03843	0.00445	0.00736
19	0.01251	0.01290	0.02623	0.02012	0.02433	0.01210	0.43232	0.01642	0.01452	0.01963	0.05708	0.24912	0.02348	0.01082	0.00787	0.00234	0.00813	0.03826	0.00440	0.00742
20	0.02408	0.01036	0.01405	0.01146	0.01539	0.00958	0.00937	0.02638	0.01699	0.54978	0.02764	0.08443	0.05589	0.01020	0.00789	0.00217	0.05958	0.04781	0.00725	0.00968
21	0.02111	0.21637	0.09866	0.01329	0.01863	0.01511	0.06565	0.02415	0.01567	0.33615	0.02032	0.01976	0.05592	0.00762	0.00669	0.00191	0.04227	0.00599	0.00532	0.00943
22	0.01420	0.02165	0.29097	0.14388	0.29403	0.01516	0.08855	0.01963	0.01408	0.02010	0.01193	0.01546	0.00918	0.00598	0.00643	0.00203	0.00883	0.00557	0.00298	0.00935
23	0.01520	0.01476	0.02582	0.17851	0.54436	0.01523	0.07293	0.01925	0.01441	0.02018	0.01209	0.01634	0.00989	0.00587	0.00650	0.00198	0.00811	0.00590	0.00314	0.00952
24	0.01793	0.01143	0.01615	0.37126	0.02915	0.04029	0.01310	0.02115	0.01531	0.26754	0.02330	0.02449	0.10463	0.00829	0.00660	0.00208	0.00696	0.00697	0.00508	0.00830
25	0.01432	0.06734	0.65365	0.01757	0.02660	0.01511	0.02223	0.02120	0.01397	0.07172	0.01247	0.01409	0.00875	0.00624	0.00607	0.00201	0.00913	0.00484	0.00311	0.00959
26	0.01469	0.02301	0.32488	0.03014	0.40183	0.01526	0.05735	0.02014	0.01429	0.02082	0.01197	0.01508	0.00936	0.00590	0.00635	0.00199	0.00863	0.00544	0.00301	0.00987
27	0.01876	0.24992	0.14619	0.01509	0.01989	0.20484	0.01422	0.11069	0.01630	0.01963	0.01046	0.01248	0.00866	0.00706	0.00773	0.00185	0.11988	0.00449	0.00339	0.00847
28	0.01599	0.01535	0.02623	0.03966	0.73262	0.01535	0.01983	0.01983	0.01471	0.02111	0.01215	0.01599	0.01023	0.00576	0.00640	0.00192	0.00768	0.00576	0.00320	0.01023
29	0.02092	0.01917	0.02170	0.02736	0.38156	0.23447	0.01565	0.02385	0.01652	0.15603	0.01404	0.01583	0.01076	0.00646	0.00624	0.00186	0.00846	0.00542	0.00415	0.00955
30	0.01531	0.09880	0.03190	0.11860	0.23637	0.01681	0.34800	0.01978	0.01458	0.01971	0.01217	0.01622	0.00962	0.00567	0.00675	0.00201	0.00924	0.00640	0.00314	0.00892
31	0.01607	0.01388	0.01461	0.01315	0.01680	0.01607	0.01023	0.03433	0.72094	0.02703	0.02630	0.02411	0.01972	0.00877	0.00657	0.00219	0.00511	0.00731	0.00657	0.01023
32	0.00863	0.00667	0.00800	0.00847	0.01014	0.00604	0.00663	0.01079	0.01512	0.01932	0.17217	0.14654	0.35490	0.01664	0.00803	0.00241	0.00396	0.18368	0.00619	0.00567
33	0.01455	0.21493	0.43182	0.01979	0.11384	0.01776	0.06205	0.02012	0.01375	0.01925	0.01111	0.01335	0.00857	0.00590	0.00577	0.00187	0.00874	0.00474	0.00283	0.00927
34	0.01292	0.01222	0.02069	0.62055	0.17570	0.01455	0.01830	0.01714	0.01326	0.01739	0.01161	0.01699	0.00892	0.00633	0.00645	0.00211	0.00843	0.00575	0.00293	0.00776
35	0.00787	0.00562	0.00750	0.00900	0.00937	0.00525	0.00600	0.00900	0.01237	0.01649	0.03561	0.76871	0.04274	0.02024	0.00825	0.00262	0.00375	0.01837	0.00600	0.00525
36	0.01034	0.00811	0.00964	0.01025	0.01161	0.00851	0.00727	0.01662	0.22566	0.01967	0.03281	0.54457	0.03581	0.01679	0.00774	0.00249	0.00416	0.01504	0.00617	0.00675
37	0.01404	0.01324	0.02271	0.14933	0.44849	0.01364	0.05927	0.01777	0.01439	0.02016	0.06918	0.05745	0.01584	0.00938	0.04519	0.00246	0.00797	0.00703	0.00361	0.00884
38	0.01557	0.01446	0.02193	0.11555	0.43673	0.01545	0.01672	0.02381	0.22709	0.02235	0.01633	0.01858	0.01290	0.00674	0.00646	0.00203	0.00701	0.00622	0.00418	0.00988
39	0.01852	0.01883	0.11232	0.02220	0.06317	0.04353	0.35072	0.12270	0.01763	0.11945	0.01462	0.01693	0.01054	0.00645	0.00742	0.00209	0.03256	0.00659	0.00429	0.00943
40	0.01826	0.13012	0.22203	0.01926	0.14545	0.04510	0.04870	0.06425	0.01589	0.14830	0.01402	0.01526	0.01031	0.00630	0.00593	0.00182	0.00775	0.00516	0.00412	0.07199
41	0.08476	0.01484	0.01676	0.01399	0.04666	0.01564	0.01092	0.32290	0.13253	0.19468	0.01858	0.01783	0.01307	0.00756	0.00619	0.00193	0.00614	0.00589	0.00634	0.06281
42	0.01659	0.01473	0.02397	0.16367	0.51999	0.01534	0.01842	0.07948	0.01590	0.05096	0.01287	0.01641	0.01025	0.00615	0.00642	0.00197	0.00771	0.00579	0.00362	0.00979

[dist]
# distance from previous block
# <min> <max>
10	53

[block]
# block no. 8 follows, 34 sequences, length 12
# corresponding to MSA columns:
# 593-604
name=unknown_I
#
# <colnr> <probs for GDERKNQSTAVLIFYWHMCP>
#	G	D	E	R	K	N	Q	S	T	A	V	L	I	F	Y	W	H	M	C	P
0	0.08353	0.01425	0.02202	0.11696	0.26508	0.01465	0.10364	0.12043	0.01675	0.07745	0.03018	0.04438	0.01253	0.00694	0.00640	0.00198	0.00736	0.00638	0.00428	0.04480
1	0.04443	0.01594	0.04112	0.08915	0.19501	0.10562	0.04335	0.06814	0.07626	0.16792	0.07376	0.01985	0.01577	0.00738	0.00644	0.00198	0.00730	0.00630	0.00499	0.00929
2	0.01440	0.04233	0.04291	0.01644	0.02014	0.03853	0.20865	0.01787	0.03312	0.06705	0.03811	0.17288	0.01837	0.00995	0.00932	0.00217	0.13170	0.00875	0.00431	0.10298
3	0.13056	0.01069	0.04694	0.00998	0.01314	0.01004	0.02703	0.01889	0.14534	0.07502	0.16681	0.04945	0.16410	0.01159	0.02529	0.00227	0.00485	0.00879	0.07179	0.00743
4	0.01404	0.01160	0.01344	0.01009	0.01522	0.00951	0.00799	0.09080	0.01513	0.02272	0.01439	0.09091	0.01312	0.00669	0.00532	0.00123	0.00493	0.00553	0.00434	0.64300
5	0.04925	0.00997	0.01217	0.08067	0.04633	0.03223	0.00999	0.01752	0.12535	0.02123	0.08003	0.10747	0.04904	0.01239	0.00776	0.00235	0.03866	0.19815	0.09241	0.00700
6	0.00866	0.00662	0.00819	0.00828	0.00990	0.00616	0.00633	0.01097	0.01537	0.02036	0.29483	0.11124	0.28423	0.01916	0.08795	0.00313	0.00502	0.08170	0.00612	0.00576
7	0.01437	0.01256	0.01763	0.32086	0.10087	0.01468	0.01430	0.07176	0.19627	0.02222	0.05219	0.02178	0.01541	0.00796	0.00722	0.00215	0.04194	0.02342	0.03402	0.00842
8	0.00931	0.00665	0.00988	0.01003	0.01098	0.00752	0.00760	0.01094	0.01037	0.01474	0.01852	0.10082	0.01834	0.04275	0.59347	0.09644	0.01465	0.00795	0.00365	0.00539
9	0.01336	0.01141	0.01697	0.17027	0.17072	0.01210	0.05027	0.08168	0.05541	0.02179	0.05961	0.07184	0.11220	0.01097	0.03927	0.00242	0.00678	0.00816	0.07691	0.00786
10	0.01950	0.10645	0.02038	0.01497	0.01894	0.26873	0.08634	0.18764	0.01945	0.02267	0.04169	0.04540	0.06993	0.04080	0.00743	0.00204	0.00847	0.00657	0.00447	0.00812
11	0.10076	0.01632	0.01545	0.04113	0.01796	0.12470	0.01072	0.13780	0.29787	0.07176	0.01874	0.01865	0.01403	0.00793	0.00672	0.00204	0.03972	0.00597	0.04254	0.00921

[dist]
# distance from previous block
# <min> <max>
1	2

[block]
# block no. 9 follows, 34 sequences, length 11
# corresponding to MSA columns:
# 607-617
name=unknown_J
#
# <colnr> <probs for GDERKNQSTAVLIFYWHMCP>
#	G	D	E	R	K	N	Q	S	T	A	V	L	I	F	Y	W	H	M	C	P
0	0.10055	0.16349	0.14452	0.01824	0.07603	0.09988	0.14657	0.05876	0.05635	0.05834	0.01275	0.01451	0.00978	0.00624	0.00587	0.00189	0.00834	0.00523	0.00377	0.00890
1	0.62682	0.01453	0.09718	0.04693	0.01557	0.01399	0.00935	0.01839	0.01130	0.02623	0.01021	0.01337	0.00834	0.05828	0.00635	0.00230	0.00581	0.00417	0.00378	0.00710
2	0.04622	0.00984	0.01108	0.00983	0.01265	0.00996	0.00766	0.12405	0.09040	0.10352	0.11808	0.05915	0.22708	0.06607	0.05175	0.00289	0.00546	0.03070	0.00612	0.00749
3	0.04298	0.01362	0.01536	0.01389	0.05000	0.01510	0.01051	0.24281	0.26539	0.06431	0.02052	0.02270	0.01609	0.04276	0.08241	0.00307	0.00711	0.02576	0.03620	0.00943
4	0.00817	0.00620	0.00743	0.00787	0.00911	0.00557	0.00556	0.00987	0.01445	0.01889	0.21086	0.32339	0.27922	0.05198	0.00903	0.00250	0.00354	0.01475	0.00617	0.00546
5	0.02259	0.01665	0.01844	0.01455	0.01895	0.01868	0.01193	0.55301	0.06283	0.06532	0.01680	0.05155	0.01292	0.00872	0.00787	0.00207	0.07412	0.00650	0.00619	0.01033
6	0.00898	0.00627	0.00788	0.00812	0.00866	0.00622	0.00534	0.01015	0.01203	0.01650	0.17055	0.20585	0.03474	0.35735	0.10846	0.00506	0.00636	0.01160	0.00500	0.00489
7	0.01360	0.01167	0.01349	0.00984	0.01543	0.00918	0.00785	0.01764	0.06688	0.02151	0.01260	0.01421	0.01034	0.00509	0.00492	0.00105	0.00481	0.00409	0.00404	0.75178
8	0.03706	0.01271	0.06354	0.01137	0.01636	0.01006	0.04904	0.04466	0.05528	0.09530	0.11338	0.02290	0.06353	0.00748	0.00592	0.00156	0.00532	0.00632	0.00498	0.37324
9	0.64610	0.01578	0.06838	0.01017	0.01459	0.08191	0.00895	0.02030	0.01222	0.05878	0.01003	0.01137	0.00762	0.00616	0.00445	0.00197	0.00600	0.00380	0.00402	0.00742
10	0.01070	0.01014	0.07827	0.01024	0.01268	0.00844	0.00886	0.01481	0.06893	0.03982	0.26457	0.11465	0.14779	0.01352	0.00815	0.00226	0.04194	0.09846	0.03907	0.00670

[dist]
# distance from previous block
# <min> <max>
0	5

[block]
# block no. 10 follows, 34 sequences, length 7
# corresponding to MSA columns:
# 623-629
name=unknown_K
#
# <colnr> <probs for GDERKNQSTAVLIFYWHMCP>
#	G	D	E	R	K	N	Q	S	T	A	V	L	I	F	Y	W	H	M	C	P
0	0.10812	0.11181	0.11354	0.03188	0.01919	0.03903	0.05735	0.06699	0.04942	0.02239	0.01256	0.03258	0.01031	0.00614	0.00535	0.00158	0.00659	0.00485	0.00386	0.29645
1	0.01388	0.00828	0.01004	0.00956	0.01098	0.00804	0.00654	0.01588	0.06429	0.13928	0.05256	0.16986	0.02703	0.35647	0.07325	0.00482	0.00657	0.01053	0.00558	0.00656
2	0.01475	0.10058	0.01637	0.01037	0.01610	0.01111	0.00844	0.01724	0.01392	0.02117	0.01211	0.01432	0.01029	0.00551	0.00512	0.00119	0.00535	0.00410	0.00402	0.70793
3	0.01157	0.00760	0.00950	0.01006	0.01145	0.00716	0.00728	0.01399	0.05767	0.07863	0.07931	0.46480	0.08460	0.01756	0.00821	0.00263	0.00443	0.08224	0.03462	0.00669
4	0.01639	0.01441	0.06117	0.03547	0.09609	0.01313	0.07440	0.04508	0.13201	0.09180	0.05799	0.06036	0.03741	0.00878	0.00776	0.00209	0.05635	0.00726	0.00516	0.17690
5	0.06500	0.01297	0.03516	0.06197	0.04039	0.03247	0.04446	0.04000	0.08159	0.15178	0.08752	0.01984	0.01661	0.00710	0.00616	0.00170	0.01709	0.00589	0.00508	0.26721
6	0.01808	0.01323	0.02040	0.10303	0.08455	0.01293	0.14313	0.11568	0.03659	0.17115	0.01932	0.06998	0.04022	0.00784	0.00663	0.00195	0.00698	0.00720	0.00508	0.11601

[dist]
# distance from previous block
# <min> <max>
12	15

[block]
# block no. 11 follows, 34 sequences, length 29
# corresponding to MSA columns:
# 647-675
name=unknown_L
#
# <colnr> <probs for GDERKNQSTAVLIFYWHMCP>
#	G	D	E	R	K	N	Q	S	T	A	V	L	I	F	Y	W	H	M	C	P
0	0.57569	0.03333	0.04280	0.01050	0.01474	0.04430	0.03952	0.04833	0.04935	0.02748	0.01120	0.01269	0.00864	0.00630	0.00459	0.00196	0.00574	0.00420	0.05116	0.00751
1	0.01278	0.00673	0.00680	0.00654	0.00826	0.00684	0.00497	0.05576	0.01453	0.02506	0.02075	0.02359	0.01624	0.00754	0.00463	0.00153	0.00325	0.00601	0.76187	0.00631
2	0.04506	0.05791	0.01832	0.03308	0.08641	0.01610	0.02931	0.25058	0.18270	0.04193	0.03123	0.01902	0.01411	0.04481	0.00742	0.00208	0.00633	0.00607	0.00533	0.10220
3	0.02150	0.02635	0.02121	0.02007	0.09387	0.53257	0.08190	0.02373	0.01686	0.01681	0.01037	0.01290	0.00868	0.00688	0.00750	0.00185	0.08105	0.00480	0.00326	0.00785
4	0.01111	0.06768	0.01273	0.00962	0.01271	0.00882	0.02475	0.01324	0.01348	0.01898	0.09890	0.22683	0.08615	0.05165	0.00818	0.00202	0.02345	0.00984	0.00483	0.29503
5	0.01512	0.01446	0.02465	0.20469	0.57439	0.01512	0.01940	0.01907	0.01430	0.02005	0.01200	0.01628	0.00986	0.00592	0.00641	0.00197	0.00789	0.00575	0.00312	0.00953
6	0.01367	0.01287	0.02169	0.39296	0.34476	0.01425	0.01800	0.01769	0.01406	0.01914	0.05860	0.01871	0.01274	0.00659	0.00651	0.00204	0.00784	0.00614	0.00329	0.00845
7	0.00923	0.00692	0.01038	0.01038	0.01154	0.00808	0.00808	0.01154	0.01038	0.01500	0.01731	0.02538	0.01615	0.04846	0.74732	0.01038	0.01731	0.00692	0.00346	0.00577
8	0.02264	0.01800	0.01792	0.01441	0.01875	0.16667	0.05617	0.31217	0.05294	0.13339	0.01681	0.01719	0.01214	0.00743	0.00618	0.00187	0.00748	0.00578	0.10257	0.00949
9	0.01263	0.09181	0.00912	0.00658	0.00854	0.00820	0.00524	0.01553	0.01350	0.02310	0.01973	0.02256	0.01564	0.00731	0.00448	0.00149	0.00345	0.00574	0.71908	0.00627
10	0.02493	0.01750	0.01902	0.01458	0.01974	0.01916	0.01205	0.65420	0.02938	0.09900	0.01635	0.01606	0.01141	0.00778	0.00647	0.00194	0.00698	0.00587	0.00659	0.01099
11	0.01592	0.01480	0.02399	0.15656	0.53115	0.01553	0.01849	0.06500	0.05501	0.02195	0.01305	0.01662	0.01054	0.00617	0.00642	0.00197	0.00765	0.00585	0.00355	0.00977
12	0.01685	0.01561	0.01481	0.01340	0.01688	0.10407	0.01033	0.05071	0.57935	0.02549	0.02452	0.06169	0.01932	0.00909	0.00657	0.00214	0.00589	0.00747	0.00615	0.00965
13	0.58519	0.01787	0.01209	0.01089	0.01469	0.22967	0.00861	0.02099	0.01314	0.02512	0.00929	0.01084	0.00739	0.00619	0.00454	0.00190	0.00695	0.00369	0.00380	0.00714
14	0.01047	0.00910	0.01395	0.03649	0.04582	0.00877	0.11375	0.01417	0.06247	0.02033	0.20090	0.15987	0.17906	0.06250	0.00925	0.00250	0.00522	0.03327	0.00553	0.00657
15	0.01533	0.01172	0.01381	0.00998	0.01563	0.00919	0.00803	0.04768	0.01461	0.08867	0.01296	0.01429	0.01023	0.00521	0.00502	0.00110	0.00495	0.00416	0.00433	0.70311
16	0.00803	0.00574	0.00764	0.00889	0.00941	0.00535	0.00601	0.00938	0.01309	0.01763	0.11956	0.68151	0.04494	0.01939	0.00817	0.00255	0.00366	0.01756	0.00613	0.00535
17	0.01204	0.00602	0.00602	0.00602	0.00753	0.00602	0.00452	0.01506	0.01355	0.02409	0.02108	0.02409	0.01656	0.00753	0.00452	0.00151	0.00301	0.00602	0.80879	0.00602
18	0.05709	0.01787	0.01899	0.01461	0.01973	0.01981	0.01206	0.68272	0.02959	0.04024	0.01525	0.01531	0.01082	0.00768	0.00636	0.00194	0.00702	0.00572	0.00636	0.01082
19	0.00809	0.00582	0.00749	0.00863	0.00913	0.00550	0.00575	0.00917	0.01212	0.01604	0.03539	0.59804	0.09275	0.10994	0.04098	0.00333	0.00456	0.01648	0.00565	0.00513
20	0.06357	0.07785	0.24698	0.04731	0.03947	0.06209	0.15111	0.02079	0.02954	0.08532	0.08126	0.01856	0.01466	0.00790	0.02418	0.00219	0.00851	0.00609	0.00396	0.00865
21	0.01204	0.00602	0.00602	0.00602	0.00753	0.00602	0.00452	0.01506	0.01355	0.02409	0.02108	0.02409	0.01656	0.00753	0.00452	0.00151	0.00301	0.00602	0.80879	0.00602
22	0.00929	0.00695	0.01039	0.01046	0.01163	0.00804	0.00820	0.01163	0.01062	0.01522	0.01818	0.02784	0.01724	0.04687	0.70908	0.01000	0.01672	0.04225	0.00359	0.00578
23	0.01474	0.01439	0.02422	0.30186	0.42469	0.03112	0.05816	0.01879	0.01416	0.01928	0.01191	0.01643	0.00957	0.00602	0.00648	0.00201	0.00829	0.00582	0.00309	0.00897
24	0.01438	0.01408	0.05904	0.12127	0.30328	0.01330	0.10456	0.01912	0.05822	0.05268	0.02081	0.06579	0.08074	0.00841	0.00689	0.00212	0.00735	0.03514	0.00410	0.00874
25	0.02051	0.02507	0.01594	0.01476	0.01755	0.57476	0.01099	0.02228	0.01765	0.01711	0.09989	0.10034	0.01852	0.00896	0.00631	0.00182	0.00973	0.00665	0.00408	0.00707
26	0.01150	0.00899	0.01209	0.01307	0.07072	0.04640	0.04892	0.01345	0.01404	0.06485	0.10294	0.43833	0.03547	0.04833	0.00884	0.00256	0.00514	0.04230	0.00563	0.00641
27	0.01626	0.04574	0.06929	0.01603	0.03790	0.06696	0.17612	0.05829	0.03054	0.11963	0.09964	0.12469	0.03954	0.00929	0.00688	0.00202	0.00709	0.00854	0.00502	0.06054
28	0.06585	0.01137	0.01274	0.05071	0.03374	0.05478	0.00957	0.13451	0.03063	0.03963	0.03904	0.26080	0.08253	0.01352	0.00808	0.00235	0.04979	0.08777	0.00544	0.00717

[dist]
# distance from previous block
# <min> <max>
0	19

# created by:
# /home/cegg/simao/soft/augustus-3.2.1/scripts/msa2prfl.pl ./align_prep/EOG091G0FOR.fa
