[name]
unknown

[dist]
# distance from previous block
# <min> <max>
3	47

[block]
# block no. 0 follows, 51 sequences, length 54
# corresponding to MSA columns:
# 139-192
name=unknown_A
#
# <colnr> <probs for GDERKNQSTAVLIFYWHMCP>
#	G	D	E	R	K	N	Q	S	T	A	V	L	I	F	Y	W	H	M	C	P
0	0.01086	0.01348	0.10821	0.11187	0.02486	0.01165	0.55837	0.01480	0.01097	0.01495	0.01004	0.01415	0.00789	0.05726	0.00681	0.00184	0.00775	0.00549	0.00244	0.00632
1	0.01129	0.01342	0.08230	0.10466	0.05754	0.01215	0.56031	0.01603	0.06125	0.01571	0.01035	0.01331	0.00777	0.00444	0.00553	0.00164	0.00764	0.00541	0.00258	0.00667
2	0.00625	0.00526	0.00553	0.00540	0.00718	0.00440	0.00413	0.00764	0.01123	0.01374	0.07027	0.04502	0.67614	0.01186	0.00572	0.00163	0.00267	0.05234	0.00448	0.05909
3	0.01031	0.09774	0.63629	0.01380	0.02018	0.01244	0.05970	0.01525	0.01023	0.01496	0.00855	0.01033	0.00632	0.00485	0.00533	0.00155	0.05932	0.00370	0.00211	0.00702
4	0.01127	0.01259	0.10985	0.08228	0.53651	0.01115	0.03827	0.01500	0.04988	0.01573	0.01087	0.06461	0.00946	0.00527	0.00497	0.00153	0.00584	0.00501	0.00264	0.00727
5	0.01659	0.02031	0.05777	0.01202	0.01479	0.57825	0.00957	0.10525	0.01407	0.01432	0.00880	0.01050	0.00725	0.00885	0.09837	0.00208	0.00888	0.00358	0.00279	0.00594
6	0.00686	0.00628	0.05196	0.10176	0.01134	0.00538	0.00647	0.00836	0.00956	0.01294	0.02273	0.63105	0.02636	0.01281	0.00585	0.00185	0.00358	0.01155	0.00404	0.05926
7	0.09291	0.01232	0.01171	0.00975	0.01267	0.10485	0.00774	0.40783	0.05841	0.02317	0.01580	0.06243	0.07473	0.05981	0.00617	0.00174	0.00514	0.02180	0.00429	0.00672
8	0.01277	0.67673	0.07621	0.00885	0.01299	0.01767	0.00887	0.05746	0.01071	0.01299	0.00855	0.06079	0.00810	0.00505	0.00356	0.00117	0.00524	0.00353	0.00242	0.00634
9	0.00712	0.00539	0.00760	0.00791	0.00870	0.00519	0.04855	0.05711	0.01041	0.01391	0.02513	0.72607	0.02954	0.01415	0.00616	0.00194	0.00332	0.01290	0.00447	0.00442
10	0.00596	0.00493	0.00512	0.00517	0.00662	0.00420	0.00378	0.00716	0.01098	0.01332	0.08366	0.08961	0.66410	0.06492	0.00707	0.00187	0.00265	0.01029	0.00450	0.00409
11	0.01238	0.66810	0.03567	0.10255	0.01479	0.01736	0.00886	0.01427	0.00999	0.01218	0.00768	0.00920	0.00674	0.00439	0.00340	0.00113	0.00525	0.00297	0.05696	0.00611
12	0.00667	0.00536	0.00852	0.00852	0.00937	0.00501	0.09806	0.00792	0.00967	0.01293	0.02502	0.72617	0.02948	0.01404	0.00622	0.00195	0.00351	0.01298	0.00431	0.00431
13	0.00839	0.00534	0.00703	0.00643	0.00784	0.00488	0.00488	0.01067	0.01393	0.09375	0.72054	0.03481	0.04312	0.00967	0.00572	0.00154	0.00250	0.00851	0.00547	0.00499
14	0.01019	0.00873	0.01019	0.00728	0.01165	0.00655	0.00582	0.01237	0.01019	0.01601	0.00873	0.01019	0.00728	0.00364	0.00364	0.00073	0.00364	0.00291	0.00291	0.85734
15	0.05941	0.09485	0.09674	0.01091	0.01496	0.04736	0.00979	0.47375	0.01818	0.07897	0.01118	0.02235	0.00825	0.00571	0.00489	0.00146	0.02524	0.00419	0.00416	0.00765
16	0.00597	0.00436	0.00562	0.00662	0.00707	0.00401	0.00447	0.00687	0.00962	0.01263	0.02974	0.73332	0.12155	0.01505	0.00622	0.00196	0.00281	0.01355	0.00456	0.00401
17	0.00911	0.00508	0.00582	0.09937	0.00906	0.00532	0.00466	0.01152	0.01035	0.01769	0.03666	0.01822	0.01282	0.00575	0.00367	0.00121	0.00279	0.00467	0.73153	0.00468
18	0.01094	0.04741	0.68834	0.01369	0.02032	0.10466	0.01688	0.01601	0.01078	0.01504	0.00862	0.01013	0.00624	0.00470	0.00460	0.00151	0.00739	0.00355	0.00213	0.00705
19	0.01276	0.73621	0.11643	0.00906	0.01362	0.01851	0.00955	0.01481	0.01003	0.01203	0.00706	0.00817	0.00630	0.00426	0.00333	0.00111	0.00549	0.00274	0.00210	0.00642
20	0.00597	0.00436	0.00562	0.00662	0.00707	0.00401	0.00447	0.00687	0.00962	0.01263	0.02974	0.73332	0.12155	0.01505	0.00622	0.00196	0.00281	0.01355	0.00456	0.00401
21	0.00664	0.00533	0.00842	0.00846	0.00930	0.00498	0.09502	0.00788	0.00966	0.01292	0.02508	0.72935	0.02958	0.01408	0.00622	0.00196	0.00349	0.01302	0.00432	0.00430
22	0.01729	0.01298	0.01399	0.01076	0.01467	0.01404	0.00883	0.64363	0.06916	0.02858	0.01195	0.01202	0.00864	0.00568	0.00477	0.00140	0.00511	0.00432	0.00469	0.10752
23	0.01743	0.01228	0.01346	0.01061	0.01411	0.01337	0.00864	0.63748	0.02088	0.08211	0.01411	0.10705	0.01144	0.00702	0.00508	0.00154	0.00502	0.00558	0.00496	0.00785
24	0.00685	0.00502	0.00643	0.00608	0.00728	0.00459	0.00456	0.00908	0.01367	0.01914	0.72873	0.03764	0.11204	0.01026	0.00580	0.00156	0.00233	0.00902	0.00534	0.00459
25	0.01296	0.73479	0.02613	0.00985	0.01414	0.01863	0.09842	0.01484	0.01017	0.01205	0.00720	0.00851	0.00644	0.00420	0.00346	0.00112	0.00561	0.00300	0.00215	0.00634
26	0.01160	0.01326	0.02900	0.02071	0.02568	0.01243	0.77879	0.01574	0.01160	0.01574	0.00994	0.01326	0.00746	0.00414	0.00580	0.00166	0.00829	0.00580	0.00249	0.00663
27	0.01019	0.00873	0.01019	0.00728	0.01165	0.00655	0.00582	0.01237	0.01019	0.01601	0.00873	0.01019	0.00728	0.00364	0.00364	0.00073	0.00364	0.00291	0.00291	0.85734
28	0.00599	0.00428	0.00570	0.00684	0.00713	0.00399	0.00456	0.00684	0.00941	0.01254	0.02709	0.82409	0.03250	0.01540	0.00627	0.00200	0.00285	0.01397	0.00456	0.00399
29	0.01204	0.01165	0.02015	0.05559	0.73942	0.01168	0.04687	0.01503	0.01116	0.01593	0.00926	0.01224	0.00773	0.00439	0.00491	0.00147	0.00596	0.00444	0.00243	0.00766
30	0.00590	0.00498	0.00511	0.00508	0.00670	0.00419	0.00381	0.00724	0.01143	0.01381	0.11161	0.04641	0.73248	0.01225	0.00581	0.00165	0.00247	0.01025	0.00463	0.00419
31	0.02085	0.00825	0.01115	0.00876	0.01233	0.00725	0.00722	0.04115	0.01402	0.72277	0.01973	0.04476	0.01341	0.00670	0.00506	0.00157	0.00418	0.03685	0.00594	0.00806
32	0.00994	0.00946	0.01616	0.63113	0.19581	0.01111	0.03072	0.01316	0.01016	0.01337	0.00887	0.01291	0.00683	0.00478	0.00492	0.00160	0.00644	0.00440	0.00224	0.00598
33	0.01314	0.83025	0.02575	0.00841	0.01261	0.01945	0.00841	0.01472	0.00999	0.01156	0.00683	0.00788	0.00631	0.00420	0.00315	0.00105	0.00526	0.00263	0.00210	0.00631
34	0.01207	0.01397	0.12261	0.05507	0.62800	0.05157	0.01516	0.01528	0.01117	0.01566	0.00909	0.01179	0.00746	0.00447	0.00482	0.00147	0.00620	0.00422	0.00238	0.00753
35	0.01011	0.12126	0.29092	0.02230	0.01482	0.02056	0.03599	0.04069	0.07700	0.02691	0.22690	0.05906	0.01954	0.00685	0.00494	0.00152	0.00507	0.00575	0.00354	0.00628
36	0.00950	0.00797	0.02030	0.00789	0.00967	0.04221	0.00621	0.08157	0.11744	0.03037	0.36119	0.06153	0.12825	0.01020	0.03125	0.00182	0.04438	0.01803	0.00474	0.00547
37	0.84266	0.00982	0.00738	0.00660	0.00963	0.02929	0.00542	0.01456	0.00849	0.02182	0.00686	0.00800	0.00535	0.00457	0.00307	0.00151	0.00392	0.00267	0.00303	0.00533
38	0.01203	0.01154	0.01971	0.06620	0.76164	0.01164	0.01502	0.01497	0.01113	0.01589	0.00922	0.01221	0.00773	0.00440	0.00487	0.00147	0.00587	0.00438	0.00242	0.00768
39	0.01287	0.76458	0.08907	0.00887	0.01332	0.01879	0.00920	0.01478	0.01002	0.01189	0.00699	0.00809	0.00630	0.00424	0.00328	0.00109	0.00542	0.00271	0.00210	0.00638
40	0.00703	0.00524	0.00779	0.00779	0.00863	0.00609	0.00601	0.00871	0.00787	0.01133	0.01326	0.01984	0.01252	0.06981	0.77519	0.00777	0.01281	0.00534	0.00265	0.00433
41	0.00599	0.00428	0.00570	0.00684	0.00713	0.00399	0.00456	0.00684	0.00941	0.01254	0.02709	0.82409	0.03250	0.01540	0.00627	0.00200	0.00285	0.01397	0.00456	0.00399
42	0.00598	0.00430	0.00568	0.00678	0.00711	0.00400	0.00454	0.00685	0.00946	0.01257	0.02780	0.79970	0.05643	0.01530	0.00626	0.00199	0.00284	0.01386	0.00456	0.00400
43	0.00916	0.00458	0.00458	0.00458	0.00573	0.00458	0.00344	0.01145	0.01031	0.01832	0.01603	0.01832	0.01260	0.00573	0.00344	0.00115	0.00229	0.00458	0.85457	0.00458
44	0.01314	0.83025	0.02575	0.00841	0.01261	0.01945	0.00841	0.01472	0.00999	0.01156	0.00683	0.00788	0.00631	0.00420	0.00315	0.00105	0.00526	0.00263	0.00210	0.00631
45	0.00746	0.00591	0.00873	0.00848	0.00926	0.00718	0.00668	0.00913	0.00785	0.01146	0.01238	0.01831	0.01160	0.03356	0.71532	0.00723	0.10724	0.00515	0.00258	0.00450
46	0.01836	0.02342	0.01393	0.01266	0.01519	0.80756	0.00950	0.01962	0.01393	0.01203	0.00760	0.00886	0.00633	0.00506	0.00443	0.00127	0.00886	0.00317	0.00253	0.00570
47	0.00928	0.00873	0.01474	0.81548	0.03385	0.01092	0.01365	0.01256	0.00983	0.01256	0.00873	0.01310	0.00655	0.00491	0.00491	0.00164	0.00655	0.00437	0.00218	0.00546
48	0.01314	0.83025	0.02575	0.00841	0.01261	0.01945	0.00841	0.01472	0.00999	0.01156	0.00683	0.00788	0.00631	0.00420	0.00315	0.00105	0.00526	0.00263	0.00210	0.00631
49	0.86201	0.00950	0.00722	0.00646	0.00950	0.01102	0.00532	0.01445	0.00836	0.02205	0.00684	0.00798	0.00532	0.00456	0.00304	0.00152	0.00380	0.00266	0.00304	0.00532
50	0.01314	0.83025	0.02575	0.00841	0.01261	0.01945	0.00841	0.01472	0.00999	0.01156	0.00683	0.00788	0.00631	0.00420	0.00315	0.00105	0.00526	0.00263	0.00210	0.00631
51	0.01868	0.01376	0.01475	0.01131	0.01524	0.01524	0.00934	0.78025	0.02311	0.03097	0.01180	0.01180	0.00836	0.00590	0.00492	0.00147	0.00541	0.00442	0.00492	0.00836
52	0.00702	0.00527	0.00790	0.00790	0.00878	0.00614	0.00614	0.00878	0.00790	0.01141	0.01316	0.01931	0.01229	0.03686	0.80782	0.00790	0.01316	0.00527	0.00263	0.00439
53	0.00928	0.00873	0.01474	0.81548	0.03385	0.01092	0.01365	0.01256	0.00983	0.01256	0.00873	0.01310	0.00655	0.00491	0.00491	0.00164	0.00655	0.00437	0.00218	0.00546

[dist]
# distance from previous block
# <min> <max>
4	12

[block]
# block no. 1 follows, 51 sequences, length 50
# corresponding to MSA columns:
# 212-261
name=unknown_B
#
# <colnr> <probs for GDERKNQSTAVLIFYWHMCP>
#	G	D	E	R	K	N	Q	S	T	A	V	L	I	F	Y	W	H	M	C	P
0	0.01688	0.02076	0.01325	0.01168	0.01455	0.66239	0.00883	0.01831	0.01325	0.01275	0.00780	0.00910	0.00650	0.00481	0.00429	0.00117	0.00792	0.00312	0.00260	0.16005
1	0.01092	0.00969	0.01365	0.06539	0.22728	0.01017	0.05691	0.04994	0.24995	0.02707	0.05736	0.02229	0.15467	0.00703	0.00521	0.00160	0.00461	0.01560	0.00391	0.00675
2	0.00913	0.00681	0.00914	0.00852	0.00995	0.00779	0.00672	0.14860	0.01065	0.01495	0.01292	0.01795	0.01157	0.03125	0.66230	0.00673	0.01176	0.00511	0.00305	0.00511
3	0.01087	0.46693	0.11030	0.00860	0.01197	0.01399	0.02199	0.01266	0.00926	0.01167	0.00955	0.01444	0.00931	0.17719	0.09053	0.00259	0.00625	0.00400	0.00234	0.00554
4	0.01003	0.00873	0.01101	0.15376	0.01567	0.00734	0.00724	0.01241	0.01012	0.01539	0.00873	0.01072	0.00715	0.00387	0.00387	0.00089	0.00417	0.00318	0.00278	0.70294
5	0.00941	0.00812	0.02881	0.00737	0.01087	0.00610	0.00586	0.01137	0.01008	0.02775	0.01310	0.19620	0.01309	0.00639	0.00429	0.00105	0.00356	0.00549	0.00332	0.62777
6	0.00656	0.00482	0.00603	0.00680	0.00744	0.00454	0.00468	0.04335	0.01030	0.01351	0.02941	0.68152	0.13366	0.01455	0.00615	0.00193	0.00292	0.01304	0.00458	0.00422
7	0.01036	0.23335	0.41933	0.01078	0.01608	0.01238	0.01260	0.04637	0.01096	0.01475	0.01585	0.01647	0.14923	0.00601	0.00449	0.00144	0.00579	0.00462	0.00265	0.00649
8	0.01260	0.68136	0.02293	0.00820	0.01244	0.01711	0.00794	0.01429	0.01002	0.01237	0.00718	0.00830	0.00648	0.00410	0.00324	0.00099	0.00496	0.00268	0.00225	0.16055
9	0.70815	0.15826	0.01058	0.00682	0.01007	0.01255	0.00588	0.01449	0.00866	0.02015	0.00684	0.00796	0.00550	0.00450	0.00306	0.00144	0.00407	0.00265	0.00287	0.00550
10	0.01674	0.00914	0.01172	0.00941	0.01259	0.00884	0.03808	0.20683	0.03159	0.36268	0.03724	0.16192	0.01540	0.00764	0.00517	0.00157	0.00433	0.00650	0.00518	0.04744
11	0.00792	0.00548	0.00778	0.00889	0.04237	0.00539	0.00685	0.00930	0.01059	0.01405	0.11272	0.09644	0.04379	0.01350	0.00878	0.15703	0.00411	0.43669	0.00411	0.00420
12	0.01019	0.00873	0.01019	0.00728	0.01165	0.00655	0.00582	0.01237	0.01019	0.01601	0.00873	0.01019	0.00728	0.00364	0.00364	0.00073	0.00364	0.00291	0.00291	0.85734
13	0.01637	0.01255	0.01441	0.15694	0.01838	0.01417	0.00997	0.57044	0.09236	0.02666	0.01201	0.01265	0.00865	0.00579	0.00492	0.00152	0.00547	0.00452	0.00443	0.00778
14	0.01483	0.23957	0.27909	0.01098	0.01604	0.02947	0.01164	0.16525	0.01348	0.15899	0.01074	0.01109	0.00774	0.00504	0.00435	0.00139	0.00583	0.00374	0.00337	0.00738
15	0.01034	0.00868	0.01333	0.53086	0.09067	0.01022	0.01153	0.08148	0.01122	0.01555	0.01037	0.01385	0.00791	0.00510	0.00464	0.00152	0.00562	0.00441	0.15694	0.00575
16	0.00599	0.00428	0.00570	0.00684	0.00713	0.00399	0.00456	0.00684	0.00941	0.01254	0.02709	0.82409	0.03250	0.01540	0.00627	0.00200	0.00285	0.01397	0.00456	0.00399
17	0.00928	0.00873	0.01474	0.81548	0.03385	0.01092	0.01365	0.01256	0.00983	0.01256	0.00873	0.01310	0.00655	0.00491	0.00491	0.00164	0.00655	0.00437	0.00218	0.00546
18	0.01129	0.04546	0.01790	0.08190	0.52429	0.02199	0.04309	0.01408	0.01112	0.01530	0.01215	0.01989	0.01131	0.00608	0.00517	0.00161	0.00576	0.14194	0.00278	0.00689
19	0.00657	0.00512	0.00730	0.15330	0.01194	0.00526	0.00616	0.00789	0.00958	0.01259	0.02503	0.63369	0.07039	0.01333	0.00600	0.00191	0.00350	0.01203	0.00413	0.00427
20	0.00933	0.02172	0.65770	0.01259	0.01875	0.01018	0.01571	0.01442	0.01102	0.01631	0.15114	0.01515	0.01350	0.00564	0.00487	0.00155	0.00637	0.00458	0.00268	0.00679
21	0.00875	0.00762	0.04835	0.00706	0.00921	0.00670	0.00583	0.14840	0.01421	0.01882	0.29964	0.05591	0.33043	0.01010	0.00560	0.00159	0.00321	0.00852	0.00479	0.00524
22	0.01182	0.37580	0.37402	0.01237	0.05435	0.01512	0.03080	0.04774	0.01081	0.01450	0.00812	0.00950	0.00645	0.00449	0.00405	0.00133	0.00626	0.00331	0.00223	0.00690
23	0.01990	0.00843	0.01118	0.00848	0.01238	0.00710	0.00697	0.02185	0.01336	0.65794	0.01746	0.01554	0.01128	0.00564	0.00471	0.00138	0.00408	0.00457	0.00551	0.16223
24	0.01725	0.02109	0.01342	0.01218	0.01475	0.66341	0.00918	0.02080	0.15418	0.01357	0.00984	0.01058	0.00790	0.00535	0.00453	0.00134	0.00796	0.00360	0.00298	0.00607
25	0.01391	0.03651	0.06132	0.04996	0.01572	0.22975	0.06684	0.07353	0.15287	0.05339	0.01176	0.04164	0.00961	0.00748	0.03862	0.00184	0.12089	0.00467	0.00329	0.00641
26	0.02019	0.00928	0.01175	0.00914	0.01278	0.00878	0.00750	0.16037	0.05264	0.58326	0.05792	0.01694	0.01337	0.00628	0.00498	0.00152	0.00429	0.00508	0.00578	0.00814
27	0.00985	0.00542	0.00646	0.00597	0.00666	0.00521	0.00375	0.01019	0.00840	0.15280	0.01619	0.02936	0.01683	0.67845	0.02137	0.00418	0.00466	0.00675	0.00354	0.00395
28	0.01264	0.62352	0.06607	0.01102	0.01543	0.01767	0.14859	0.01488	0.01025	0.01253	0.00749	0.00905	0.00651	0.00431	0.00398	0.00121	0.02299	0.00329	0.00217	0.00639
29	0.01321	0.01324	0.02495	0.01810	0.02273	0.01305	0.56974	0.18736	0.05124	0.01938	0.01084	0.01317	0.00802	0.00466	0.00556	0.00162	0.00743	0.00548	0.00315	0.00707
30	0.00741	0.00513	0.00725	0.00725	0.00816	0.00583	0.00559	0.00923	0.00832	0.01263	0.01373	0.01937	0.01245	0.04626	0.64712	0.00661	0.01103	0.00518	0.15705	0.00440
31	0.01112	0.01160	0.01495	0.61644	0.08247	0.15536	0.01299	0.01401	0.01066	0.01270	0.00856	0.01227	0.00659	0.00490	0.00482	0.00156	0.00692	0.00415	0.00226	0.00566
32	0.01103	0.26373	0.36860	0.01159	0.01724	0.01302	0.06829	0.01474	0.01031	0.01445	0.00829	0.00980	0.00653	0.00430	0.00411	0.00126	0.00608	0.00336	0.00226	0.16100
33	0.00740	0.00567	0.00828	0.15434	0.01326	0.00595	0.00763	0.00929	0.01029	0.01346	0.02331	0.35144	0.02601	0.01272	0.00624	0.00204	0.00423	0.32982	0.00412	0.00448
34	0.00702	0.00527	0.00790	0.00790	0.00878	0.00614	0.00614	0.00878	0.00790	0.01141	0.01316	0.01931	0.01229	0.03686	0.80782	0.00790	0.01316	0.00527	0.00263	0.00439
35	0.00713	0.00484	0.00575	0.00575	0.00588	0.00497	0.00346	0.00739	0.00726	0.00981	0.01513	0.03020	0.01702	0.70687	0.14427	0.00524	0.00604	0.00686	0.00293	0.00319
36	0.05005	0.02467	0.76435	0.01365	0.02071	0.01139	0.01755	0.01551	0.01028	0.01587	0.00873	0.01026	0.00618	0.00466	0.00459	0.00155	0.00710	0.00359	0.00212	0.00717
37	0.82174	0.00971	0.00758	0.00669	0.00978	0.01123	0.00551	0.05101	0.00907	0.02247	0.00708	0.00817	0.00547	0.00463	0.00313	0.00152	0.00388	0.00275	0.00313	0.00547
38	0.86201	0.00950	0.00722	0.00646	0.00950	0.01102	0.00532	0.01445	0.00836	0.02205	0.00684	0.00798	0.00532	0.00456	0.00304	0.00152	0.00380	0.00266	0.00304	0.00532
39	0.00688	0.00502	0.00646	0.00610	0.00730	0.00460	0.00458	0.00913	0.01373	0.01929	0.74529	0.03740	0.09538	0.01020	0.00580	0.00155	0.00233	0.00898	0.00535	0.00460
40	0.01823	0.01333	0.01426	0.01099	0.01479	0.01473	0.00906	0.74354	0.02249	0.03037	0.01200	0.01211	0.00856	0.00589	0.00485	0.00146	0.00526	0.00443	0.04549	0.00818
41	0.01868	0.01376	0.01475	0.01131	0.01524	0.01524	0.00934	0.78025	0.02311	0.03097	0.01180	0.01180	0.00836	0.00590	0.00492	0.00147	0.00541	0.00442	0.00492	0.00836
42	0.00760	0.00517	0.00678	0.00629	0.00756	0.00475	0.00475	0.00990	0.01392	0.05316	0.76083	0.03585	0.04490	0.00988	0.00576	0.00154	0.00240	0.00872	0.00544	0.00480
43	0.00702	0.00527	0.00790	0.00790	0.00878	0.00614	0.00614	0.00878	0.00790	0.01141	0.01316	0.01931	0.01229	0.03686	0.80782	0.00790	0.01316	0.00527	0.00263	0.00439
44	0.00617	0.00439	0.00584	0.00693	0.00726	0.00414	0.00472	0.00708	0.00944	0.01256	0.02653	0.73901	0.03160	0.04940	0.00709	0.00213	0.00304	0.06419	0.00449	0.00398
45	0.00854	0.00427	0.00640	0.00640	0.00640	0.00427	0.00427	0.00640	0.00640	0.00854	0.00854	0.01494	0.00854	0.01707	0.01921	0.85702	0.00427	0.00427	0.00213	0.00213
46	0.01297	0.78881	0.06571	0.00870	0.01306	0.01903	0.00891	0.01476	0.01001	0.01177	0.00693	0.00801	0.00630	0.00423	0.00323	0.00108	0.00536	0.00268	0.00210	0.00636
47	0.00603	0.00430	0.00575	0.00689	0.00719	0.00402	0.00463	0.00691	0.00945	0.01259	0.02706	0.80888	0.03242	0.01536	0.00628	0.00200	0.00288	0.02880	0.00456	0.00400
48	0.01288	0.65335	0.13376	0.00931	0.01394	0.01776	0.00976	0.05419	0.01072	0.01324	0.00742	0.00850	0.00643	0.00434	0.00347	0.00114	0.00550	0.00287	0.00226	0.02916
49	0.05487	0.01123	0.01483	0.02868	0.01351	0.05192	0.03079	0.01241	0.00812	0.01260	0.01832	0.01102	0.00701	0.00806	0.01425	0.00204	0.68838	0.00427	0.00227	0.00541

[dist]
# distance from previous block
# <min> <max>
0	2

[block]
# block no. 2 follows, 51 sequences, length 14
# corresponding to MSA columns:
# 264-277
name=unknown_C
#
# <colnr> <probs for GDERKNQSTAVLIFYWHMCP>
#	G	D	E	R	K	N	Q	S	T	A	V	L	I	F	Y	W	H	M	C	P
0	0.86201	0.00950	0.00722	0.00646	0.00950	0.01102	0.00532	0.01445	0.00836	0.02205	0.00684	0.00798	0.00532	0.00456	0.00304	0.00152	0.00380	0.00266	0.00304	0.00532
1	0.00715	0.00476	0.00536	0.00536	0.00536	0.00476	0.00298	0.00715	0.00715	0.00953	0.01548	0.03216	0.01787	0.82729	0.02501	0.00476	0.00476	0.00715	0.00298	0.00298
2	0.02205	0.00836	0.01140	0.00874	0.01254	0.00722	0.00722	0.02395	0.01407	0.80004	0.01939	0.01673	0.01216	0.00608	0.00494	0.00152	0.00418	0.00494	0.00608	0.00836
3	0.76870	0.00938	0.00769	0.00672	0.00984	0.01060	0.00553	0.01550	0.00900	0.10847	0.00824	0.00895	0.00608	0.00473	0.00325	0.00152	0.00384	0.00291	0.00338	0.00566
4	0.00921	0.00552	0.00729	0.00657	0.00812	0.00502	0.00502	0.01147	0.01393	0.13633	0.67828	0.03372	0.04126	0.00945	0.00567	0.00154	0.00260	0.00830	0.00551	0.00519
5	0.00595	0.00498	0.00518	0.00513	0.00673	0.00421	0.00385	0.00733	0.01154	0.01407	0.14221	0.04598	0.70172	0.01215	0.00581	0.00165	0.00247	0.01019	0.00467	0.00421
6	0.00599	0.00428	0.00570	0.00684	0.00713	0.00399	0.00456	0.00684	0.00941	0.01254	0.02709	0.82409	0.03250	0.01540	0.00627	0.00200	0.00285	0.01397	0.00456	0.00399
7	0.00581	0.00498	0.00498	0.00498	0.00664	0.00415	0.00373	0.00705	0.01120	0.01328	0.04978	0.04729	0.79464	0.01245	0.00581	0.00166	0.00249	0.01037	0.00456	0.00415
8	0.01216	0.01168	0.01995	0.03016	0.79664	0.01168	0.01508	0.01508	0.01119	0.01605	0.00924	0.01216	0.00778	0.00438	0.00487	0.00146	0.00584	0.00438	0.00243	0.00778
9	0.01202	0.01153	0.01969	0.06834	0.75955	0.01164	0.01501	0.01496	0.01112	0.01588	0.00922	0.01221	0.00772	0.00440	0.00487	0.00147	0.00587	0.00438	0.00242	0.00767
10	0.06234	0.00839	0.01075	0.00855	0.01198	0.00776	0.00697	0.02248	0.10059	0.60743	0.08397	0.01814	0.01501	0.00640	0.00492	0.00154	0.00397	0.00523	0.00575	0.00783
11	0.79905	0.01068	0.06593	0.00702	0.01037	0.01105	0.00627	0.01453	0.00851	0.02157	0.00699	0.00816	0.00539	0.00457	0.00316	0.00152	0.00406	0.00273	0.00297	0.00547
12	0.01287	0.76356	0.09006	0.00887	0.01333	0.01878	0.00922	0.01479	0.01002	0.01189	0.00700	0.00809	0.00630	0.00424	0.00328	0.00109	0.00542	0.00271	0.00210	0.00639
13	0.67809	0.01150	0.00861	0.00763	0.01064	0.11059	0.00615	0.05448	0.04274	0.02119	0.00774	0.00872	0.00601	0.00478	0.00339	0.00149	0.00452	0.00294	0.00316	0.00563

[dist]
# distance from previous block
# <min> <max>
0	1

[block]
# block no. 3 follows, 51 sequences, length 19
# corresponding to MSA columns:
# 279-297
name=unknown_D
#
# <colnr> <probs for GDERKNQSTAVLIFYWHMCP>
#	G	D	E	R	K	N	Q	S	T	A	V	L	I	F	Y	W	H	M	C	P
0	0.06117	0.01297	0.05811	0.04986	0.47806	0.05001	0.09155	0.08425	0.01216	0.01738	0.00928	0.01173	0.00746	0.00455	0.00480	0.00146	0.00611	0.00429	0.00269	0.03213
1	0.08895	0.01166	0.01799	0.02623	0.65365	0.03784	0.01359	0.01537	0.03448	0.01656	0.00977	0.01309	0.00831	0.00475	0.00474	0.00149	0.00566	0.02582	0.00263	0.00740
2	0.00615	0.00528	0.00531	0.00525	0.00697	0.00458	0.00395	0.00807	0.05271	0.01366	0.04819	0.04575	0.75298	0.01214	0.00576	0.00166	0.00256	0.01011	0.00459	0.00434
3	0.01186	0.01157	0.02035	0.09661	0.65908	0.01168	0.08644	0.01493	0.01111	0.01573	0.00927	0.01235	0.00765	0.00440	0.00496	0.00149	0.00613	0.00451	0.00242	0.00748
4	0.86201	0.00950	0.00722	0.00646	0.00950	0.01102	0.00532	0.01445	0.00836	0.02205	0.00684	0.00798	0.00532	0.00456	0.00304	0.00152	0.00380	0.00266	0.00304	0.00532
5	0.00970	0.00510	0.00516	0.00496	0.00627	0.00519	0.00377	0.05528	0.01104	0.01904	0.01579	0.01795	0.01235	0.00574	0.00352	0.00116	0.00247	0.00457	0.80614	0.00480
6	0.00854	0.00427	0.00640	0.00640	0.00640	0.00427	0.00427	0.00640	0.00640	0.00854	0.00854	0.01494	0.00854	0.01707	0.01921	0.85702	0.00427	0.00427	0.00213	0.00213
7	0.01314	0.83025	0.02575	0.00841	0.01261	0.01945	0.00841	0.01472	0.00999	0.01156	0.00683	0.00788	0.00631	0.00420	0.00315	0.00105	0.00526	0.00263	0.00210	0.00631
8	0.01868	0.01376	0.01475	0.01131	0.01524	0.01524	0.00934	0.78025	0.02311	0.03097	0.01180	0.01180	0.00836	0.00590	0.00492	0.00147	0.00541	0.00442	0.00492	0.00836
9	0.00581	0.00498	0.00498	0.00498	0.00664	0.00415	0.00373	0.00705	0.01120	0.01328	0.04978	0.04729	0.79464	0.01245	0.00581	0.00166	0.00249	0.01037	0.00456	0.00415
10	0.01075	0.01075	0.01505	0.01290	0.01290	0.01505	0.01075	0.01183	0.00753	0.01183	0.00645	0.01075	0.00645	0.00860	0.01613	0.00215	0.81830	0.00430	0.00215	0.00538
11	0.00685	0.00502	0.00643	0.00607	0.00728	0.00459	0.00456	0.00907	0.01367	0.01913	0.72687	0.03766	0.11390	0.01026	0.00580	0.00156	0.00233	0.00902	0.00533	0.00459
12	0.00667	0.00501	0.00618	0.00589	0.00717	0.00452	0.00441	0.00873	0.01324	0.01812	0.61054	0.03932	0.23086	0.01064	0.00580	0.00157	0.00236	0.00925	0.00520	0.00452
13	0.00986	0.02542	0.80183	0.01401	0.02127	0.01141	0.01816	0.01556	0.01038	0.01556	0.00882	0.01038	0.00623	0.00467	0.00467	0.00156	0.00726	0.00363	0.00208	0.00726
14	0.00682	0.00502	0.00638	0.00604	0.00726	0.00458	0.00453	0.00901	0.01359	0.01894	0.70585	0.03796	0.13504	0.01033	0.00580	0.00156	0.00234	0.00906	0.00531	0.00458
15	0.01160	0.01278	0.02689	0.01938	0.02396	0.01223	0.68614	0.04326	0.01200	0.01636	0.04873	0.01428	0.00938	0.00465	0.00612	0.00166	0.03546	0.00585	0.00271	0.00655
16	0.01019	0.09744	0.69869	0.01345	0.02014	0.01229	0.01697	0.01533	0.01022	0.01504	0.00854	0.01017	0.00624	0.00479	0.00501	0.00154	0.04121	0.00357	0.00208	0.00710
17	0.01216	0.01168	0.01995	0.03016	0.79664	0.01168	0.01508	0.01508	0.01119	0.01605	0.00924	0.01216	0.00778	0.00438	0.00487	0.00146	0.00584	0.00438	0.00243	0.00778
18	0.05631	0.01213	0.01305	0.01037	0.01399	0.01321	0.00848	0.49749	0.15469	0.05819	0.01356	0.01433	0.01013	0.00607	0.00481	0.00148	0.00485	0.03030	0.00473	0.07185

[dist]
# distance from previous block
# <min> <max>
3	64

[block]
# block no. 4 follows, 51 sequences, length 40
# corresponding to MSA columns:
# 362-401
name=unknown_E
#
# <colnr> <probs for GDERKNQSTAVLIFYWHMCP>
#	G	D	E	R	K	N	Q	S	T	A	V	L	I	F	Y	W	H	M	C	P
0	0.01107	0.01128	0.01501	0.01289	0.01300	0.04787	0.01070	0.01215	0.00779	0.01183	0.00650	0.01067	0.00645	0.00845	0.01564	0.00211	0.78478	0.00425	0.00217	0.00539
1	0.00702	0.00527	0.00790	0.00790	0.00878	0.00614	0.00614	0.00878	0.00790	0.01141	0.01316	0.01931	0.01229	0.03686	0.80782	0.00790	0.01316	0.00527	0.00263	0.00439
2	0.01216	0.01168	0.01995	0.03016	0.79664	0.01168	0.01508	0.01508	0.01119	0.01605	0.00924	0.01216	0.00778	0.00438	0.00487	0.00146	0.00584	0.00438	0.00243	0.00778
3	0.00611	0.00436	0.00584	0.00698	0.00731	0.00409	0.00477	0.00705	0.00952	0.01268	0.02702	0.77718	0.03225	0.01528	0.00630	0.00201	0.00295	0.05972	0.00456	0.00402
4	0.01222	0.01056	0.01111	0.01000	0.01278	0.01222	0.00778	0.02611	0.78776	0.02056	0.02000	0.01833	0.01500	0.00667	0.00500	0.00167	0.00389	0.00556	0.00500	0.00778
5	0.01868	0.01376	0.01475	0.01131	0.01524	0.01524	0.00934	0.78025	0.02311	0.03097	0.01180	0.01180	0.00836	0.00590	0.00492	0.00147	0.00541	0.00442	0.00492	0.00836
6	0.01222	0.01056	0.01111	0.01000	0.01278	0.01222	0.00778	0.02611	0.78776	0.02056	0.02000	0.01833	0.01500	0.00667	0.00500	0.00167	0.00389	0.00556	0.00500	0.00778
7	0.01308	0.00638	0.00851	0.00720	0.00945	0.00568	0.00567	0.01521	0.01391	0.33771	0.46204	0.02879	0.04869	0.00848	0.00545	0.00154	0.00308	0.00731	0.00567	0.00615
8	0.00782	0.00559	0.00778	0.00876	0.00990	0.00555	0.00759	0.01009	0.01157	0.01521	0.10311	0.05355	0.03010	0.01322	0.00669	0.00219	0.00430	0.68781	0.00461	0.00454
9	0.00599	0.00428	0.00570	0.00684	0.00713	0.00399	0.00456	0.00684	0.00941	0.01254	0.02709	0.82409	0.03250	0.01540	0.00627	0.00200	0.00285	0.01397	0.00456	0.00399
10	0.00854	0.00427	0.00640	0.00640	0.00640	0.00427	0.00427	0.00640	0.00640	0.00854	0.00854	0.01494	0.00854	0.01707	0.01921	0.85702	0.00427	0.00427	0.00213	0.00213
11	0.00599	0.00428	0.00570	0.00684	0.00713	0.00399	0.00456	0.00684	0.00941	0.01254	0.02709	0.82409	0.03250	0.01540	0.00627	0.00200	0.00285	0.01397	0.00456	0.00399
12	0.01157	0.01301	0.02794	0.04556	0.07875	0.01233	0.70317	0.01560	0.01152	0.01567	0.00986	0.01318	0.00745	0.00418	0.00571	0.00164	0.00806	0.00566	0.00247	0.00667
13	0.01287	0.01088	0.01148	0.01013	0.01303	0.01253	0.00794	0.10181	0.71101	0.02160	0.01918	0.01768	0.01433	0.00659	0.00499	0.00165	0.00404	0.00544	0.00499	0.00784
14	0.01628	0.01845	0.01374	0.01215	0.01474	0.51013	0.04378	0.06664	0.10138	0.03853	0.01167	0.01447	0.02265	0.00613	0.00522	0.00146	0.03731	0.05595	0.00322	0.00610
15	0.01175	0.01113	0.01883	0.04686	0.72456	0.01118	0.01422	0.01448	0.01088	0.01553	0.00966	0.01355	0.00845	0.06077	0.00625	0.00169	0.00578	0.00457	0.00246	0.00740
16	0.01265	0.07012	0.06748	0.01123	0.01474	0.01146	0.11337	0.16638	0.11105	0.05734	0.01359	0.09441	0.02265	0.00648	0.00576	0.00149	0.07079	0.00540	0.00369	0.13994
17	0.64723	0.00950	0.00877	0.08813	0.01254	0.01079	0.00655	0.04985	0.00979	0.10590	0.00862	0.00962	0.00632	0.00482	0.00352	0.00153	0.00419	0.00316	0.00337	0.00580
18	0.01868	0.01376	0.01475	0.01131	0.01524	0.01524	0.00934	0.78025	0.02311	0.03097	0.01180	0.01180	0.00836	0.00590	0.00492	0.00147	0.00541	0.00442	0.00492	0.00836
19	0.86201	0.00950	0.00722	0.00646	0.00950	0.01102	0.00532	0.01445	0.00836	0.02205	0.00684	0.00798	0.00532	0.00456	0.00304	0.00152	0.00380	0.00266	0.00304	0.00532
20	0.01189	0.01021	0.01084	0.00985	0.01253	0.01175	0.00770	0.02498	0.73596	0.02014	0.02092	0.02063	0.03243	0.00710	0.00510	0.00169	0.00389	0.03987	0.00497	0.00755
21	0.00778	0.00559	0.00772	0.00871	0.00986	0.00553	0.00755	0.01001	0.01149	0.01500	0.07948	0.05386	0.05667	0.01329	0.00669	0.00219	0.00430	0.68518	0.00459	0.00452
22	0.01786	0.10375	0.01517	0.01214	0.01494	0.67417	0.00938	0.07124	0.01416	0.01328	0.00781	0.00897	0.00647	0.00504	0.00434	0.00126	0.00826	0.00320	0.00265	0.00594
23	0.00608	0.00435	0.00579	0.00678	0.00715	0.00406	0.00457	0.00709	0.00986	0.01326	0.10407	0.74505	0.03389	0.01486	0.00622	0.00195	0.00280	0.01346	0.00465	0.00406
24	0.86201	0.00950	0.00722	0.00646	0.00950	0.01102	0.00532	0.01445	0.00836	0.02205	0.00684	0.00798	0.00532	0.00456	0.00304	0.00152	0.00380	0.00266	0.00304	0.00532
25	0.86201	0.00950	0.00722	0.00646	0.00950	0.01102	0.00532	0.01445	0.00836	0.02205	0.00684	0.00798	0.00532	0.00456	0.00304	0.00152	0.00380	0.00266	0.00304	0.00532
26	0.01865	0.01473	0.01467	0.01144	0.01524	0.09477	0.00936	0.70390	0.02218	0.02907	0.01138	0.01150	0.00815	0.00582	0.00487	0.00145	0.00575	0.00430	0.00468	0.00809
27	0.00599	0.00428	0.00570	0.00684	0.00713	0.00399	0.00456	0.00684	0.00941	0.01254	0.02709	0.82409	0.03250	0.01540	0.00627	0.00200	0.00285	0.01397	0.00456	0.00399
28	0.01193	0.01022	0.01089	0.00994	0.01260	0.01177	0.00779	0.02502	0.73456	0.02016	0.02041	0.02088	0.01591	0.00714	0.00512	0.00171	0.00393	0.05749	0.00497	0.00756
29	0.00928	0.00873	0.01474	0.81548	0.03385	0.01092	0.01365	0.01256	0.00983	0.01256	0.00873	0.01310	0.00655	0.00491	0.00491	0.00164	0.00655	0.00437	0.00218	0.00546
30	0.01166	0.01310	0.02809	0.02166	0.10307	0.01235	0.70213	0.01568	0.01156	0.01577	0.00987	0.01315	0.00749	0.00417	0.00571	0.00164	0.00804	0.00566	0.00248	0.00674
31	0.00935	0.00661	0.00842	0.00814	0.00965	0.01929	0.01778	0.03654	0.04667	0.07629	0.21598	0.03823	0.09030	0.06776	0.04083	0.00230	0.02906	0.26717	0.00458	0.00505
32	0.01027	0.02422	0.72715	0.01411	0.02107	0.01160	0.04915	0.04068	0.02762	0.01618	0.00920	0.01071	0.00653	0.00473	0.00473	0.00156	0.00717	0.00379	0.00225	0.00728
33	0.01121	0.01095	0.01941	0.01828	0.20616	0.01077	0.31067	0.06736	0.08502	0.01744	0.09331	0.03339	0.08079	0.00607	0.00545	0.00159	0.00589	0.00619	0.00339	0.00667
34	0.01299	0.79392	0.06078	0.00866	0.01300	0.01908	0.00885	0.01475	0.01000	0.01174	0.00692	0.00800	0.00630	0.00423	0.00322	0.00107	0.00535	0.00267	0.00210	0.00635
35	0.03567	0.02497	0.17332	0.03643	0.01481	0.00981	0.00996	0.11641	0.04098	0.32499	0.01498	0.01703	0.01101	0.02067	0.00602	0.01557	0.04375	0.05649	0.01987	0.00725
36	0.01316	0.01166	0.01274	0.01030	0.01360	0.11238	0.08310	0.14029	0.18044	0.06053	0.01796	0.03510	0.11282	0.00642	0.00486	0.00140	0.00497	0.00536	0.00402	0.16888
37	0.00857	0.00552	0.00711	0.00652	0.00800	0.00511	0.00496	0.01114	0.03888	0.09761	0.64010	0.05171	0.07613	0.00977	0.00570	0.00156	0.00258	0.00856	0.00541	0.00508
38	0.09431	0.01461	0.01316	0.01074	0.01415	0.17195	0.00861	0.43304	0.10885	0.02447	0.01144	0.01168	0.00849	0.00562	0.00459	0.00143	0.00566	0.00410	0.01804	0.03504
39	0.01166	0.46763	0.37542	0.01093	0.01651	0.01583	0.01280	0.01510	0.01016	0.01336	0.00773	0.00901	0.00627	0.00441	0.00384	0.00128	0.00616	0.00308	0.00209	0.00674

[dist]
# distance from previous block
# <min> <max>
0	1

[block]
# block no. 5 follows, 51 sequences, length 24
# corresponding to MSA columns:
# 403-426
name=unknown_F
#
# <colnr> <probs for GDERKNQSTAVLIFYWHMCP>
#	G	D	E	R	K	N	Q	S	T	A	V	L	I	F	Y	W	H	M	C	P
0	0.01602	0.00991	0.01137	0.00918	0.01237	0.01015	0.00748	0.32981	0.06007	0.22000	0.03997	0.02091	0.08625	0.02804	0.00557	0.00161	0.00441	0.05431	0.03341	0.03916
1	0.01773	0.01485	0.01514	0.01195	0.01563	0.13994	0.05884	0.52726	0.08405	0.04728	0.01190	0.01211	0.00863	0.00572	0.00490	0.00147	0.00598	0.00442	0.00442	0.00778
2	0.01214	0.00934	0.01085	0.00789	0.01216	0.00769	0.00637	0.10914	0.01209	0.07663	0.00992	0.01088	0.00778	0.00410	0.00390	0.00088	0.00390	0.00325	0.00340	0.68769
3	0.01075	0.01075	0.01505	0.01290	0.01290	0.01505	0.01075	0.01183	0.00753	0.01183	0.00645	0.01075	0.00645	0.00860	0.01613	0.00215	0.81830	0.00430	0.00215	0.00538
4	0.00581	0.00498	0.00498	0.00498	0.00664	0.00415	0.00373	0.00705	0.01120	0.01328	0.04978	0.04729	0.79464	0.01245	0.00581	0.00166	0.00249	0.01037	0.00456	0.00415
5	0.01683	0.00721	0.00973	0.00786	0.01074	0.00633	0.00633	0.01887	0.01401	0.53003	0.28743	0.02364	0.02400	0.00745	0.00524	0.00153	0.00354	0.00631	0.00585	0.00707
6	0.01798	0.02286	0.01366	0.01243	0.01493	0.78330	0.00932	0.01924	0.01384	0.01206	0.00887	0.01002	0.03014	0.00529	0.00447	0.00128	0.00867	0.00338	0.00259	0.00565
7	0.00590	0.00495	0.00514	0.00527	0.00681	0.00419	0.00395	0.00715	0.01107	0.01327	0.04719	0.10581	0.70879	0.01271	0.00588	0.00171	0.00259	0.03889	0.00456	0.00415
8	0.86201	0.00950	0.00722	0.00646	0.00950	0.01102	0.00532	0.01445	0.00836	0.02205	0.00684	0.00798	0.00532	0.00456	0.00304	0.00152	0.00380	0.00266	0.00304	0.00532
9	0.00994	0.00955	0.01659	0.62431	0.16918	0.01115	0.06329	0.01321	0.01018	0.01338	0.00890	0.01294	0.00683	0.00477	0.00496	0.00161	0.00654	0.00446	0.00225	0.00595
10	0.00691	0.00496	0.00675	0.00786	0.00858	0.00480	0.00616	0.00845	0.01037	0.01360	0.02712	0.43611	0.04875	0.01445	0.00651	0.00212	0.00365	0.37407	0.00454	0.00425
11	0.00674	0.00501	0.00627	0.00595	0.00721	0.00454	0.00446	0.00885	0.01339	0.01848	0.65223	0.03873	0.18895	0.01050	0.00580	0.00157	0.00235	0.00917	0.00525	0.00454
12	0.00986	0.02542	0.80183	0.01401	0.02127	0.01141	0.01816	0.01556	0.01038	0.01556	0.00882	0.01038	0.00623	0.00467	0.00467	0.00156	0.00726	0.00363	0.00208	0.00726
13	0.01345	0.43004	0.23653	0.01058	0.01557	0.01632	0.01129	0.18289	0.01297	0.01692	0.00847	0.00943	0.00673	0.00470	0.00396	0.00128	0.00584	0.00330	0.00271	0.00702
14	0.00897	0.00626	0.00905	0.12541	0.01366	0.00648	0.00860	0.01133	0.01127	0.06483	0.02370	0.04662	0.04362	0.01181	0.00637	0.00211	0.00474	0.58597	0.00429	0.00490
15	0.00976	0.02241	0.68667	0.01265	0.01902	0.01043	0.01603	0.01497	0.01037	0.01596	0.00986	0.01152	0.00715	0.00482	0.00449	0.00150	0.00654	0.00377	0.12521	0.00688
16	0.14022	0.02141	0.01296	0.01177	0.01437	0.69251	0.00889	0.01888	0.01312	0.01347	0.00749	0.00874	0.00618	0.00499	0.00423	0.00130	0.00813	0.00309	0.00261	0.00564
17	0.13464	0.01097	0.01733	0.02538	0.63218	0.01119	0.01321	0.01467	0.01079	0.01683	0.00998	0.01435	0.00875	0.00500	0.00473	0.00152	0.00546	0.05313	0.00266	0.00722
18	0.00713	0.00632	0.00635	0.00598	0.00802	0.03701	0.00463	0.00860	0.01117	0.01375	0.04008	0.04110	0.58217	0.01097	0.00552	0.00156	0.00309	0.07482	0.00424	0.12748
19	0.00960	0.00892	0.01442	0.64827	0.07966	0.01034	0.01261	0.01269	0.00997	0.01328	0.00877	0.01262	0.00674	0.00469	0.00473	0.00149	0.00608	0.00416	0.00230	0.12865
20	0.01699	0.01504	0.01374	0.01252	0.07261	0.26933	0.00925	0.23251	0.04705	0.13229	0.06156	0.01338	0.01078	0.00603	0.00562	0.00147	0.06445	0.00441	0.00396	0.00698
21	0.01213	0.01028	0.01103	0.00954	0.01255	0.01129	0.00747	0.07192	0.59511	0.02054	0.04905	0.01748	0.01472	0.00632	0.00483	0.00151	0.00389	0.00524	0.00471	0.13040
22	0.00621	0.00442	0.00580	0.00664	0.00703	0.00414	0.00445	0.00722	0.00989	0.01335	0.13700	0.65102	0.03341	0.07546	0.00761	0.00214	0.00292	0.01272	0.00457	0.00401
23	0.01592	0.01878	0.01287	0.07187	0.01543	0.56822	0.00908	0.07828	0.01370	0.01366	0.01083	0.12717	0.01029	0.00661	0.00477	0.00142	0.00754	0.00492	0.00299	0.00565

[dist]
# distance from previous block
# <min> <max>
0	2

[block]
# block no. 6 follows, 51 sequences, length 10
# corresponding to MSA columns:
# 429-438
name=unknown_G
#
# <colnr> <probs for GDERKNQSTAVLIFYWHMCP>
#	G	D	E	R	K	N	Q	S	T	A	V	L	I	F	Y	W	H	M	C	P
0	0.01015	0.06434	0.48483	0.01137	0.01746	0.01018	0.01335	0.01441	0.01029	0.01550	0.00868	0.01017	0.00659	0.00429	0.00423	0.00124	0.00590	0.00333	0.00237	0.30133
1	0.00732	0.00628	0.00678	0.00577	0.00837	0.00498	0.00446	0.00889	0.01085	0.01422	0.03558	0.03446	0.52222	0.00940	0.00506	0.00134	0.00289	0.00779	0.00399	0.29935
2	0.00706	0.00509	0.00702	0.00702	0.00759	0.00567	0.00505	0.00821	0.00764	0.01076	0.01397	0.02375	0.01422	0.31035	0.53697	0.00681	0.01026	0.00592	0.00275	0.00390
3	0.00708	0.00474	0.00538	0.00544	0.00546	0.00472	0.00307	0.00713	0.00728	0.00970	0.01615	0.07738	0.01870	0.78093	0.02394	0.00461	0.00466	0.00754	0.00307	0.00304
4	0.43122	0.00993	0.00946	0.00753	0.01117	0.01016	0.00614	0.13728	0.01137	0.02140	0.00830	0.00936	0.00649	0.00446	0.00355	0.00124	0.00400	0.00303	0.00330	0.30061
5	0.01148	0.01066	0.01657	0.02225	0.52503	0.00990	0.01188	0.01414	0.01084	0.01604	0.00907	0.01148	0.00761	0.00412	0.00444	0.00121	0.00508	0.00387	0.00260	0.30173
6	0.01047	0.00855	0.00912	0.00840	0.01021	0.00964	0.00612	0.01955	0.51767	0.01674	0.01844	0.02312	0.01599	0.29060	0.01192	0.00274	0.00419	0.00611	0.00430	0.00612
7	0.06167	0.00985	0.01453	0.06112	0.38188	0.00928	0.01048	0.01339	0.01048	0.01597	0.01015	0.06824	0.00913	0.00494	0.00443	0.00126	0.00478	0.00444	0.00277	0.30119
8	0.01523	0.44305	0.06749	0.01004	0.01422	0.07280	0.00939	0.27999	0.01482	0.01855	0.00872	0.00946	0.00701	0.00488	0.00394	0.00124	0.00568	0.00335	0.00310	0.00703
9	0.00600	0.00474	0.00541	0.00576	0.00689	0.00415	0.00412	0.00723	0.01089	0.01375	0.12633	0.31486	0.44609	0.01319	0.00597	0.00176	0.00260	0.01145	0.00466	0.00415

[dist]
# distance from previous block
# <min> <max>
0	1

[block]
# block no. 7 follows, 51 sequences, length 31
# corresponding to MSA columns:
# 440-459,472-482
name=unknown_H
#
# <colnr> <probs for GDERKNQSTAVLIFYWHMCP>
#	G	D	E	R	K	N	Q	S	T	A	V	L	I	F	Y	W	H	M	C	P
0	0.00707	0.00527	0.00661	0.00623	0.00751	0.00493	0.00468	0.00980	0.04828	0.01909	0.68306	0.03697	0.12170	0.01014	0.00576	0.00156	0.00241	0.00889	0.00530	0.00473
1	0.05173	0.02051	0.01450	0.01264	0.01541	0.61651	0.06253	0.08356	0.01405	0.01428	0.00834	0.00985	0.00681	0.00647	0.04048	0.00162	0.00851	0.00353	0.00276	0.00591
2	0.54148	0.07971	0.06518	0.07665	0.01309	0.01183	0.00752	0.08575	0.01019	0.02032	0.00851	0.04547	0.00707	0.00518	0.00364	0.00151	0.00451	0.00354	0.00307	0.00578
3	0.00617	0.00432	0.00569	0.00672	0.00707	0.00404	0.00451	0.00714	0.00962	0.01308	0.05628	0.75753	0.03215	0.01476	0.00613	0.00194	0.00281	0.01335	0.04265	0.00404
4	0.00928	0.00873	0.01474	0.81548	0.03385	0.01092	0.01365	0.01256	0.00983	0.01256	0.00873	0.01310	0.00655	0.00491	0.00491	0.00164	0.00655	0.00437	0.00218	0.00546
5	0.01753	0.01361	0.01370	0.01088	0.01438	0.08170	0.00890	0.62920	0.02094	0.02777	0.01238	0.01401	0.00939	0.00618	0.00487	0.00147	0.00546	0.03981	0.06012	0.00770
6	0.00724	0.00580	0.00721	0.00779	0.05902	0.00553	0.00529	0.00992	0.07354	0.01603	0.29916	0.12769	0.28108	0.03195	0.03883	0.00198	0.00329	0.00921	0.00464	0.00481
7	0.04373	0.16770	0.08727	0.01386	0.01796	0.05468	0.31065	0.01596	0.07348	0.04710	0.02371	0.04661	0.02871	0.00570	0.00499	0.00154	0.00636	0.04059	0.00302	0.00640
8	0.06915	0.04088	0.01154	0.00901	0.02662	0.04084	0.00711	0.17959	0.11260	0.09110	0.03960	0.02142	0.01072	0.00536	0.00429	0.00125	0.00426	0.00420	0.06303	0.25741
9	0.00816	0.00538	0.00733	0.00720	0.00844	0.00487	0.04081	0.00942	0.01060	0.10269	0.07963	0.44289	0.18847	0.05164	0.00687	0.00196	0.00324	0.01115	0.00462	0.00464
10	0.01568	0.03721	0.13246	0.01057	0.01448	0.08996	0.00965	0.14866	0.02535	0.22257	0.01182	0.01219	0.00849	0.00555	0.00576	0.00142	0.09104	0.00401	0.00385	0.14928
11	0.01244	0.46653	0.16422	0.01060	0.01512	0.03041	0.07569	0.07538	0.01163	0.01487	0.07289	0.01150	0.00986	0.00492	0.00404	0.00127	0.00571	0.00375	0.00263	0.00652
12	0.01301	0.06733	0.06122	0.09290	0.14236	0.11868	0.27975	0.03800	0.03590	0.05595	0.01081	0.01298	0.02484	0.00489	0.00523	0.00152	0.02041	0.00476	0.00278	0.00669
13	0.01301	0.06832	0.01893	0.18772	0.12781	0.04857	0.20389	0.11451	0.01272	0.07765	0.01120	0.04939	0.00905	0.00539	0.00505	0.00154	0.00633	0.01504	0.00311	0.02075
14	0.01228	0.01232	0.02276	0.03919	0.43458	0.01223	0.29579	0.06308	0.01199	0.01673	0.00960	0.01253	0.00765	0.00448	0.00544	0.00155	0.02300	0.00490	0.00260	0.00730
15	0.03157	0.01143	0.04820	0.10751	0.20114	0.01111	0.33098	0.01397	0.01047	0.01476	0.00999	0.01404	0.00823	0.03772	0.09827	0.00244	0.03427	0.00510	0.00246	0.00633
16	0.01333	0.04013	0.12221	0.08701	0.16905	0.04791	0.15443	0.06620	0.02663	0.13689	0.05931	0.01465	0.01072	0.02319	0.00546	0.00159	0.00611	0.00488	0.00333	0.00698
17	0.01520	0.07617	0.06872	0.01266	0.01659	0.06406	0.22138	0.03290	0.07588	0.27087	0.01487	0.06830	0.01147	0.00605	0.00512	0.00156	0.00583	0.02129	0.00403	0.00705
18	0.00668	0.00496	0.00664	0.00739	0.00781	0.00502	0.00531	0.00779	0.00971	0.01310	0.07812	0.57030	0.03036	0.06197	0.00805	0.00217	0.05634	0.10977	0.00437	0.00414
19	0.01218	0.01070	0.01910	0.14665	0.15493	0.01094	0.27379	0.02983	0.07764	0.09935	0.01263	0.06672	0.01022	0.00567	0.00565	0.00163	0.03272	0.00565	0.01729	0.00671
20	0.01338	0.01324	0.03267	0.10978	0.14938	0.13964	0.22584	0.07302	0.01283	0.07529	0.07696	0.01439	0.01092	0.00531	0.00541	0.00154	0.02568	0.00499	0.00314	0.00661
21	0.01232	0.43287	0.35630	0.01082	0.01631	0.01522	0.01249	0.01568	0.01042	0.06471	0.00850	0.00952	0.00665	0.00453	0.00392	0.00130	0.00604	0.00321	0.00235	0.00685
