[name]
unknown

[dist]
# distance from previous block
# <min> <max>
0	117

[block]
# block no. 0 follows, 53 sequences, length 91
# corresponding to MSA columns:
# 117-207
name=unknown_A
#
# <colnr> <probs for GDERKNQSTAVLIFYWHMCP>
#	G	D	E	R	K	N	Q	S	T	A	V	L	I	F	Y	W	H	M	C	P
0	0.16021	0.06223	0.17307	0.03587	0.13408	0.03336	0.01941	0.02887	0.03431	0.06797	0.02555	0.08095	0.01054	0.00582	0.00439	0.00145	0.00500	0.03197	0.00307	0.08188
1	0.05134	0.10009	0.09990	0.01465	0.23377	0.03454	0.01860	0.07384	0.01217	0.11621	0.11299	0.01581	0.04455	0.00561	0.00456	0.00138	0.00488	0.00471	0.00343	0.04697
2	0.04325	0.08593	0.20345	0.03185	0.31325	0.01078	0.01228	0.02404	0.03531	0.06271	0.11892	0.01466	0.01264	0.00527	0.00461	0.00143	0.00526	0.00455	0.00299	0.00681
3	0.11226	0.09870	0.24593	0.01421	0.15736	0.07824	0.04031	0.01544	0.05302	0.03584	0.01853	0.01336	0.00865	0.00513	0.00438	0.00144	0.00579	0.04988	0.00271	0.03883
4	0.05448	0.09407	0.39678	0.01269	0.06855	0.07818	0.02238	0.02773	0.04269	0.12762	0.01031	0.01137	0.00754	0.01969	0.00474	0.00149	0.00614	0.00376	0.00286	0.00690
5	0.06627	0.07591	0.10302	0.03492	0.03724	0.00937	0.03633	0.01805	0.08788	0.32385	0.04371	0.01606	0.04311	0.00764	0.05397	0.00185	0.01563	0.00474	0.00416	0.01626
6	0.04626	0.40713	0.13415	0.00895	0.01301	0.01411	0.00894	0.08387	0.05234	0.06426	0.06425	0.01293	0.04185	0.00525	0.00392	0.00126	0.00488	0.00387	0.00304	0.02572
7	0.01072	0.00929	0.05290	0.06478	0.29180	0.00901	0.01017	0.03057	0.06613	0.08251	0.03371	0.01628	0.01936	0.04391	0.23399	0.00335	0.00736	0.00487	0.00304	0.00624
8	0.03740	0.01153	0.08289	0.10333	0.52283	0.01048	0.01325	0.01462	0.01069	0.06802	0.01010	0.04125	0.00838	0.00481	0.00467	0.00144	0.00551	0.00446	0.00266	0.04168
9	0.00875	0.00706	0.00989	0.22421	0.05175	0.00770	0.00790	0.01145	0.05303	0.06214	0.17954	0.05531	0.21672	0.00844	0.00613	0.00162	0.07233	0.00704	0.00381	0.00516
10	0.00772	0.07444	0.00821	0.00715	0.03163	0.00599	0.00516	0.00961	0.03068	0.04365	0.33744	0.25798	0.09953	0.04390	0.00625	0.00173	0.00298	0.01679	0.00451	0.00466
11	0.01024	0.01034	0.01492	0.01261	0.01321	0.03642	0.08511	0.01158	0.00805	0.01192	0.00855	0.07930	0.00869	0.00938	0.04218	0.00221	0.62264	0.00511	0.00235	0.00521
12	0.01213	0.07907	0.01182	0.00924	0.01196	0.03638	0.00739	0.13649	0.45021	0.01948	0.05448	0.01855	0.06766	0.00843	0.05351	0.00189	0.00465	0.00538	0.00439	0.00689
13	0.00686	0.00499	0.00704	0.00704	0.00767	0.00562	0.00517	0.00812	0.00749	0.01062	0.01339	0.02204	0.01337	0.24395	0.60692	0.00688	0.01067	0.00560	0.00265	0.00391
14	0.01043	0.00848	0.00996	0.00714	0.01137	0.00640	0.00572	0.01254	0.01008	0.05077	0.00896	0.01019	0.00729	0.00365	0.00360	0.00074	0.00356	0.00292	0.00297	0.82323
15	0.00590	0.00423	0.00561	0.00658	0.00694	0.00394	0.00443	0.00686	0.00954	0.01279	0.09125	0.75155	0.04364	0.01450	0.00606	0.00190	0.00272	0.01313	0.00451	0.00394
16	0.00661	0.00471	0.00532	0.00532	0.00655	0.00424	0.00393	0.00829	0.01135	0.01565	0.26969	0.12242	0.34080	0.01050	0.00527	0.00152	0.00237	0.00899	0.16221	0.00424
17	0.01030	0.01031	0.03998	0.43746	0.35854	0.01099	0.03721	0.01343	0.01019	0.01383	0.00874	0.01228	0.00690	0.00453	0.00478	0.00152	0.00615	0.00427	0.00223	0.00635
18	0.01002	0.00995	0.03051	0.01182	0.05253	0.04612	0.00924	0.01235	0.07156	0.01229	0.00937	0.01386	0.00876	0.05954	0.17245	0.00322	0.45409	0.00457	0.00248	0.00527
19	0.01503	0.01063	0.01143	0.00933	0.01236	0.01171	0.00752	0.39809	0.22512	0.07197	0.01479	0.01460	0.01081	0.00592	0.00455	0.00143	0.00425	0.00465	0.15850	0.00732
20	0.01251	0.76723	0.09038	0.00863	0.01297	0.01826	0.00897	0.01438	0.00974	0.01157	0.00681	0.00787	0.00613	0.00413	0.00319	0.00106	0.00527	0.00264	0.00204	0.00621
21	0.00759	0.00542	0.00757	0.00867	0.00972	0.00540	0.00751	0.00971	0.01089	0.01418	0.02537	0.10065	0.02775	0.01331	0.00657	0.00218	0.00430	0.72442	0.00440	0.00437
22	0.03756	0.01179	0.01197	0.00964	0.01278	0.15408	0.05892	0.12058	0.09962	0.02749	0.07001	0.01342	0.01106	0.00524	0.00465	0.00122	0.02952	0.00414	0.05503	0.26128
23	0.08175	0.18897	0.58059	0.01190	0.01801	0.01266	0.01468	0.01488	0.00985	0.01487	0.00802	0.00940	0.00600	0.00444	0.00411	0.00141	0.00638	0.00325	0.00210	0.00672
24	0.01118	0.17548	0.59387	0.01217	0.01840	0.01223	0.01499	0.01566	0.01032	0.08042	0.00907	0.01015	0.00655	0.00457	0.00429	0.00142	0.00645	0.00346	0.00235	0.00698
25	0.00829	0.00571	0.00771	0.00846	0.00966	0.00570	0.00711	0.01097	0.05815	0.05036	0.05066	0.15468	0.02716	0.01259	0.00632	0.00207	0.00406	0.56111	0.00453	0.00469
26	0.00988	0.00914	0.01517	0.33577	0.34994	0.01010	0.01240	0.01237	0.00989	0.01346	0.01108	0.08133	0.02870	0.00622	0.00590	0.03639	0.03865	0.00517	0.00247	0.00597
27	0.03371	0.01055	0.01421	0.01266	0.07963	0.08009	0.15907	0.04367	0.16842	0.05775	0.18290	0.01968	0.05350	0.00665	0.00575	0.00155	0.05429	0.00584	0.00387	0.00620
28	0.00959	0.02472	0.80726	0.01362	0.02069	0.01110	0.01766	0.01514	0.01009	0.01514	0.00858	0.01009	0.00605	0.00454	0.00454	0.00151	0.00706	0.00353	0.00202	0.00706
29	0.01677	0.00840	0.01033	0.00838	0.01144	0.00818	0.00676	0.09640	0.15311	0.44122	0.10216	0.01886	0.03173	0.00652	0.00483	0.00148	0.00380	0.00536	0.05693	0.00734
30	0.00705	0.00521	0.00680	0.00743	0.00861	0.00497	0.00620	0.00899	0.01132	0.01473	0.15743	0.08064	0.19108	0.01248	0.00623	0.00195	0.00357	0.45643	0.00455	0.00432
31	0.01046	0.06259	0.70356	0.01314	0.01979	0.01179	0.01649	0.07950	0.01111	0.01620	0.00873	0.01009	0.00623	0.00462	0.00449	0.00148	0.00682	0.00355	0.00225	0.00711
32	0.00614	0.00455	0.00577	0.00652	0.00714	0.00428	0.00451	0.00764	0.03803	0.01330	0.10637	0.61598	0.12267	0.01378	0.00596	0.00185	0.00274	0.02413	0.00453	0.00410
33	0.00948	0.00604	0.00632	0.00581	0.00744	0.00615	0.00447	0.10561	0.06430	0.01873	0.08886	0.02349	0.15178	0.00715	0.00422	0.00131	0.00274	0.00584	0.47522	0.00504
34	0.00755	0.00552	0.00684	0.00637	0.00776	0.00530	0.00482	0.01090	0.09517	0.03697	0.64074	0.03419	0.10044	0.00952	0.00554	0.00152	0.00247	0.00833	0.00517	0.00488
35	0.01340	0.01025	0.01091	0.00961	0.01245	0.02974	0.00753	0.02495	0.66335	0.13278	0.01909	0.01739	0.01400	0.00637	0.00484	0.00159	0.00394	0.00526	0.00496	0.00760
36	0.05546	0.00850	0.01112	0.00856	0.01224	0.00764	0.00707	0.06893	0.01399	0.72699	0.01792	0.01563	0.01134	0.00585	0.00473	0.00148	0.00412	0.00469	0.00573	0.00801
37	0.00912	0.00484	0.00512	0.00496	0.00621	0.00483	0.00375	0.01180	0.04224	0.03939	0.10775	0.01987	0.01618	0.00611	0.00371	0.00119	0.00234	0.00499	0.70091	0.00469
38	0.00977	0.02361	0.74146	0.01494	0.08596	0.01112	0.01741	0.01510	0.01016	0.01518	0.00861	0.01024	0.00618	0.00452	0.00456	0.00151	0.00695	0.00359	0.00205	0.00711
39	0.01183	0.01136	0.01940	0.02934	0.80221	0.01136	0.01467	0.01467	0.01088	0.01562	0.00899	0.01183	0.00757	0.00426	0.00473	0.00142	0.00568	0.00426	0.00237	0.00757
40	0.00768	0.00610	0.00758	0.00727	0.00765	0.02995	0.00518	0.00847	0.00746	0.01029	0.01287	0.02337	0.01363	0.41194	0.30848	0.00531	0.11451	0.00581	0.00266	0.00377
41	0.01778	0.01040	0.01249	0.00945	0.01332	0.01013	0.02160	0.32786	0.01647	0.33140	0.01378	0.01309	0.00937	0.00536	0.00457	0.00132	0.00452	0.00425	0.00482	0.16801
42	0.01549	0.14105	0.04460	0.01109	0.01479	0.09871	0.06700	0.31160	0.16249	0.06791	0.01199	0.01212	0.00890	0.00538	0.00454	0.00140	0.00552	0.00421	0.00392	0.00728
43	0.01789	0.02184	0.01362	0.01218	0.01478	0.73316	0.00922	0.09568	0.01444	0.01354	0.00780	0.00890	0.00635	0.00501	0.00436	0.00125	0.00828	0.00320	0.00269	0.00580
44	0.01398	0.01655	0.01179	0.01089	0.01270	0.51401	0.00830	0.01535	0.01135	0.01150	0.00900	0.01189	0.00796	0.01474	0.25628	0.00329	0.05904	0.00378	0.00247	0.00513
45	0.00959	0.02472	0.80726	0.01362	0.02069	0.01110	0.01766	0.01514	0.01009	0.01514	0.00858	0.01009	0.00605	0.00454	0.00454	0.00151	0.00706	0.00353	0.00202	0.00706
46	0.01308	0.00986	0.01206	0.07769	0.01407	0.05680	0.05381	0.20883	0.06264	0.12091	0.03821	0.17751	0.01511	0.03343	0.00650	0.00173	0.06107	0.02638	0.00413	0.00620
47	0.02105	0.00805	0.01096	0.00844	0.01206	0.00696	0.00696	0.02291	0.01368	0.78424	0.03999	0.01679	0.01273	0.00602	0.00483	0.00148	0.00402	0.00491	0.00590	0.00804
48	0.02122	0.00849	0.01131	0.00867	0.01238	0.00755	0.00716	0.07486	0.01427	0.75311	0.01836	0.01594	0.01158	0.00590	0.00480	0.00148	0.00415	0.00477	0.00584	0.00813
49	0.01103	0.01066	0.01758	0.29215	0.52852	0.02920	0.01408	0.01395	0.01050	0.01439	0.00879	0.01206	0.00714	0.00445	0.00474	0.00147	0.00598	0.00423	0.00229	0.00677
50	0.00821	0.00614	0.00894	0.00909	0.01052	0.00615	0.05398	0.03282	0.02407	0.02777	0.03598	0.09425	0.06390	0.01409	0.07370	0.00252	0.00510	0.51391	0.00419	0.00469
51	0.00577	0.00485	0.00501	0.00497	0.00653	0.00409	0.00373	0.00710	0.01119	0.01360	0.13167	0.04486	0.71658	0.01185	0.00565	0.00160	0.00240	0.00993	0.00453	0.00409
52	0.01183	0.01136	0.01940	0.02934	0.80221	0.01136	0.01467	0.01467	0.01088	0.01562	0.00899	0.01183	0.00757	0.00426	0.00473	0.00142	0.00568	0.00426	0.00237	0.00757
53	0.01007	0.14099	0.59544	0.08049	0.02065	0.01224	0.04700	0.01478	0.01004	0.01433	0.00833	0.01007	0.00614	0.00447	0.00439	0.00145	0.00676	0.00353	0.00205	0.00676
54	0.04935	0.04501	0.02457	0.01007	0.01313	0.10757	0.04125	0.13122	0.27287	0.16216	0.01567	0.07350	0.01232	0.00645	0.00476	0.00152	0.00485	0.01236	0.00438	0.00700
55	0.00713	0.00509	0.00704	0.00815	0.00900	0.00501	0.00670	0.00891	0.01044	0.01366	0.02562	0.29057	0.02876	0.01374	0.00645	0.00212	0.00390	0.53905	0.00441	0.00424
56	0.01278	0.83490	0.02505	0.00818	0.01227	0.01891	0.00818	0.01431	0.00971	0.01125	0.00664	0.00767	0.00613	0.00409	0.00307	0.00102	0.00511	0.00256	0.00204	0.00613
57	0.01136	0.01096	0.01895	0.15562	0.64757	0.01127	0.04565	0.01430	0.01069	0.01506	0.00894	0.01202	0.00737	0.00433	0.00478	0.00146	0.00589	0.00431	0.00233	0.00716
58	0.01152	0.01104	0.01884	0.11722	0.71676	0.01127	0.01451	0.01440	0.01074	0.01524	0.00894	0.01193	0.00744	0.00432	0.00474	0.00144	0.00576	0.00426	0.00234	0.00732
59	0.00734	0.00511	0.00602	0.00587	0.00596	0.00548	0.00366	0.00762	0.00723	0.01008	0.01453	0.04480	0.01630	0.67691	0.04149	0.00423	0.07303	0.00666	0.05445	0.00324
60	0.86579	0.00924	0.00702	0.00629	0.00924	0.01072	0.00518	0.01405	0.00813	0.02144	0.00666	0.00776	0.00518	0.00444	0.00296	0.00148	0.00370	0.00259	0.00296	0.00518
61	0.03955	0.00983	0.01121	0.00867	0.01234	0.00946	0.00707	0.25903	0.05758	0.17578	0.01433	0.01498	0.04512	0.00557	0.00442	0.00125	0.00418	0.02723	0.00429	0.28811
62	0.01469	0.01100	0.01218	0.00934	0.01294	0.01124	0.00756	0.46679	0.01711	0.03949	0.01101	0.01253	0.00858	0.05174	0.04198	0.00168	0.00504	0.00407	0.00403	0.25702
63	0.00800	0.00426	0.00600	0.00600	0.00600	0.00426	0.00387	0.00639	0.00639	0.00852	0.00981	0.01828	0.01033	0.19911	0.01994	0.66928	0.00426	0.00478	0.00226	0.00226
64	0.01187	0.01289	0.01548	0.01309	0.01391	0.16023	0.06941	0.01318	0.00876	0.01183	0.00674	0.01031	0.00633	0.00741	0.01284	0.00190	0.61218	0.00409	0.00218	0.00538
65	0.00946	0.00562	0.00709	0.00639	0.00801	0.00526	0.00491	0.01220	0.05447	0.13936	0.52999	0.03041	0.06570	0.00868	0.00524	0.00147	0.00262	0.00752	0.09039	0.00520
66	0.00671	0.00483	0.00607	0.00582	0.00697	0.00443	0.00434	0.00878	0.01287	0.01809	0.64024	0.06544	0.13377	0.01003	0.00554	0.00151	0.00229	0.00879	0.04907	0.00443
67	0.00650	0.00488	0.00602	0.00573	0.00698	0.00440	0.00430	0.00850	0.01290	0.01767	0.62021	0.03816	0.22551	0.01033	0.00564	0.00153	0.00229	0.00899	0.00506	0.00440
68	0.86579	0.00924	0.00702	0.00629	0.00924	0.01072	0.00518	0.01405	0.00813	0.02144	0.00666	0.00776	0.00518	0.00444	0.00296	0.00148	0.00370	0.00259	0.00296	0.00518
69	0.08110	0.02343	0.74042	0.01301	0.01973	0.01107	0.01662	0.01505	0.00993	0.01566	0.00842	0.00990	0.00598	0.00453	0.00441	0.00151	0.00678	0.00345	0.00210	0.00691
70	0.55610	0.00954	0.00885	0.00744	0.01063	0.01052	0.00611	0.10111	0.05815	0.17588	0.01034	0.01044	0.00737	0.00499	0.00363	0.00148	0.00395	0.00338	0.00385	0.00622
71	0.00693	0.00485	0.00624	0.00627	0.00663	0.00518	0.00423	0.00765	0.00736	0.01012	0.01451	0.02718	0.01561	0.50104	0.32662	0.00573	0.00776	0.02982	0.00281	0.00347
72	0.72793	0.00941	0.00791	0.00681	0.00990	0.01064	0.00562	0.06649	0.00963	0.09749	0.00815	0.00883	0.00601	0.00467	0.00326	0.00148	0.00384	0.00292	0.00336	0.00566
73	0.00686	0.00461	0.00548	0.00566	0.00583	0.00465	0.00347	0.00724	0.00750	0.01022	0.01664	0.14472	0.01890	0.60436	0.08955	0.00435	0.00499	0.01786	0.03387	0.00323
74	0.01087	0.06484	0.65840	0.01312	0.01961	0.01167	0.03512	0.07426	0.01118	0.04450	0.00910	0.01036	0.00645	0.00465	0.00452	0.00148	0.00674	0.00364	0.00238	0.00712
75	0.00626	0.00505	0.00560	0.00543	0.00691	0.00448	0.00408	0.00828	0.03996	0.01536	0.31045	0.04138	0.50759	0.01109	0.00562	0.00158	0.00241	0.00941	0.00474	0.00433
76	0.01358	0.01101	0.01166	0.00992	0.01293	0.01248	0.00788	0.26005	0.52333	0.02284	0.01816	0.01701	0.04439	0.00648	0.00487	0.00156	0.00418	0.00525	0.00482	0.00760
77	0.00825	0.00719	0.01029	0.00947	0.00995	0.00930	0.00759	0.00962	0.00751	0.01117	0.01035	0.01609	0.00997	0.06115	0.46535	0.00536	0.32956	0.00484	0.00239	0.00458
78	0.00975	0.02145	0.61830	0.01442	0.02062	0.01108	0.14752	0.01471	0.01017	0.01494	0.00941	0.04376	0.00730	0.00499	0.00513	0.00157	0.03162	0.00432	0.00219	0.00677
79	0.00885	0.00788	0.06909	0.00871	0.05769	0.00691	0.00666	0.01343	0.16736	0.03379	0.29820	0.12736	0.02610	0.00827	0.00504	0.00151	0.00327	0.00721	0.11552	0.02716
80	0.04627	0.01184	0.03070	0.16387	0.50050	0.06516	0.06719	0.01478	0.02651	0.01505	0.00895	0.01178	0.00726	0.00443	0.00470	0.00146	0.00607	0.00422	0.00240	0.00686
81	0.01667	0.01885	0.01346	0.01182	0.01435	0.52743	0.00912	0.14851	0.10217	0.01572	0.00935	0.01028	0.00745	0.00550	0.00532	0.00138	0.06975	0.00363	0.00309	0.00618
82	0.00613	0.00466	0.00574	0.00641	0.00731	0.00421	0.00467	0.00730	0.00996	0.01279	0.03247	0.46293	0.26460	0.01357	0.00597	0.00185	0.00291	0.11643	0.00439	0.02569
83	0.00641	0.00461	0.00595	0.00684	0.00743	0.00438	0.00487	0.02687	0.00986	0.01307	0.02727	0.64016	0.08744	0.01412	0.00604	0.00192	0.00299	0.10403	0.02165	0.00408
84	0.00737	0.00547	0.00792	0.00782	0.00857	0.00636	0.00600	0.00884	0.00792	0.03123	0.01404	0.10573	0.01394	0.07788	0.59844	0.00630	0.07296	0.00606	0.00283	0.00432
85	0.00732	0.00530	0.00722	0.00806	0.00914	0.00514	0.00675	0.00929	0.01090	0.01438	0.09054	0.16758	0.05680	0.01290	0.00633	0.00204	0.00388	0.54598	0.00444	0.02599
86	0.00697	0.00486	0.00611	0.02650	0.00681	0.00515	0.00399	0.00751	0.00721	0.00983	0.01429	0.02745	0.01564	0.59723	0.23570	0.00538	0.00687	0.00639	0.00279	0.00333
87	0.00816	0.00569	0.00625	0.00604	0.00675	0.00592	0.00393	0.04137	0.11248	0.01279	0.01744	0.07583	0.04507	0.51900	0.01686	0.00344	0.00409	0.00688	0.09801	0.00400
88	0.59169	0.01044	0.00810	0.00715	0.00997	0.11170	0.00575	0.01548	0.00960	0.10793	0.00886	0.00967	0.00664	0.00476	0.00337	0.00142	0.00424	0.00306	0.07469	0.00549
89	0.74415	0.00940	0.00781	0.00675	0.00983	0.01066	0.00557	0.06139	0.00946	0.08746	0.00796	0.00870	0.00591	0.00464	0.00322	0.00148	0.00382	0.00288	0.00331	0.00560
90	0.01672	0.01961	0.02429	0.01385	0.10038	0.56750	0.00980	0.10828	0.06774	0.01488	0.00888	0.00995	0.00712	0.00505	0.00445	0.00131	0.00756	0.00351	0.00288	0.00622

[dist]
# distance from previous block
# <min> <max>
0	5

[block]
# block no. 1 follows, 53 sequences, length 8
# corresponding to MSA columns:
# 213-220
name=unknown_B
#
# <colnr> <probs for GDERKNQSTAVLIFYWHMCP>
#	G	D	E	R	K	N	Q	S	T	A	V	L	I	F	Y	W	H	M	C	P
0	0.00660	0.00515	0.00684	0.00745	0.03069	0.00481	0.02395	0.00833	0.02953	0.01397	0.13960	0.37465	0.21288	0.01257	0.00591	0.00180	0.00305	0.10343	0.00445	0.00433
1	0.09567	0.00748	0.00965	0.00788	0.01087	0.00677	0.00633	0.01921	0.01256	0.57195	0.07486	0.12466	0.01624	0.00726	0.00487	0.00154	0.00373	0.00604	0.00540	0.00704
2	0.00815	0.00520	0.00614	0.00569	0.00731	0.00460	0.00434	0.00994	0.01219	0.10554	0.34300	0.03617	0.34333	0.00993	0.00536	0.00151	0.00252	0.00844	0.07591	0.00472
3	0.00919	0.00517	0.00615	0.00611	0.00744	0.00488	0.00455	0.01124	0.03922	0.12005	0.06940	0.26458	0.11880	0.00974	0.00494	0.00155	0.00278	0.03207	0.27728	0.00484
4	0.00747	0.00514	0.00623	0.00619	0.00753	0.00475	0.00478	0.00957	0.03114	0.05133	0.30885	0.10388	0.24237	0.01069	0.00556	0.00163	0.00274	0.10983	0.07578	0.00455
5	0.00817	0.00424	0.00635	0.00635	0.00643	0.00431	0.00431	0.00643	0.00635	0.00855	0.00870	0.01490	0.00862	0.01829	0.08826	0.78620	0.00491	0.00424	0.00212	0.00227
6	0.01199	0.01222	0.01747	0.20674	0.52309	0.11749	0.01363	0.01470	0.01094	0.01432	0.00867	0.01161	0.00711	0.00447	0.00469	0.00143	0.00623	0.00410	0.00232	0.00679
7	0.01107	0.00746	0.00988	0.00826	0.01054	0.00764	0.10842	0.03694	0.18879	0.08358	0.01713	0.01797	0.04287	0.00586	0.00424	0.00135	0.00360	0.00507	0.42350	0.00581

[dist]
# distance from previous block
# <min> <max>
0	30

# created by:
# /home/cegg/simao/soft/augustus-3.2.1/scripts/msa2prfl.pl ./align_prep/EOG091G0WT4.fa
