[name]
unknown

[dist]
# distance from previous block
# <min> <max>
0	99

[block]
# block no. 0 follows, 53 sequences, length 43
# corresponding to MSA columns:
# 125-167
name=unknown_A
#
# <colnr> <probs for GDERKNQSTAVLIFYWHMCP>
#	G	D	E	R	K	N	Q	S	T	A	V	L	I	F	Y	W	H	M	C	P
0	0.02968	0.03414	0.10288	0.11109	0.08083	0.06107	0.04522	0.06346	0.06842	0.16268	0.02439	0.08183	0.01143	0.00661	0.00558	0.02446	0.03497	0.02161	0.02326	0.00639
1	0.01139	0.00825	0.04458	0.03953	0.06788	0.00759	0.03559	0.05733	0.10618	0.16689	0.12525	0.14222	0.10008	0.00830	0.00518	0.00158	0.00389	0.02040	0.04183	0.00605
2	0.04491	0.00843	0.01076	0.00847	0.01193	0.00783	0.00694	0.05291	0.09530	0.63230	0.01811	0.01606	0.01179	0.00591	0.00469	0.00147	0.00399	0.00477	0.04562	0.00781
3	0.01289	0.00651	0.00882	0.04076	0.02832	0.00602	0.00610	0.02827	0.01302	0.32366	0.33768	0.08817	0.02663	0.00811	0.00518	0.00151	0.00330	0.00701	0.04203	0.00603
4	0.05337	0.08686	0.17095	0.07397	0.08590	0.13815	0.06832	0.05148	0.02664	0.12087	0.00998	0.01132	0.00746	0.00502	0.00507	0.00145	0.05171	0.00390	0.02101	0.00657
5	0.01049	0.00753	0.05662	0.00822	0.02402	0.00666	0.00650	0.05888	0.05728	0.16074	0.06237	0.27678	0.07870	0.05388	0.06187	0.00225	0.02162	0.02149	0.01864	0.00547
6	0.00583	0.00423	0.00550	0.00648	0.00690	0.00391	0.00437	0.00672	0.00940	0.01241	0.04492	0.74406	0.09842	0.01461	0.00605	0.00190	0.00273	0.01318	0.00445	0.00391
7	0.01044	0.04008	0.06203	0.21283	0.22882	0.01083	0.16206	0.04095	0.02258	0.01460	0.01113	0.07271	0.00995	0.02655	0.00574	0.00166	0.02254	0.03565	0.00265	0.00619
8	0.04607	0.10499	0.17334	0.05970	0.08552	0.07088	0.05010	0.10293	0.04778	0.17965	0.01157	0.02749	0.00855	0.00518	0.00451	0.00144	0.00568	0.00419	0.00343	0.00699
9	0.76221	0.01025	0.04169	0.03118	0.01065	0.03070	0.00618	0.01410	0.00837	0.02042	0.00680	0.00810	0.00530	0.00456	0.00342	0.00149	0.02372	0.00273	0.00286	0.00527
10	0.20340	0.04297	0.09041	0.01533	0.20900	0.07422	0.08102	0.04092	0.01058	0.06427	0.00960	0.05144	0.00807	0.00538	0.00529	0.00152	0.07312	0.00428	0.00284	0.00635
11	0.00690	0.00493	0.00606	0.00584	0.00712	0.00442	0.00436	0.00874	0.01244	0.04480	0.50193	0.10654	0.24680	0.01072	0.00565	0.00157	0.00241	0.00933	0.00499	0.00446
12	0.00608	0.00480	0.00547	0.00542	0.00675	0.00420	0.00402	0.00764	0.01173	0.01517	0.32469	0.10398	0.46015	0.01147	0.00568	0.00160	0.00239	0.00983	0.00474	0.00420
13	0.12191	0.00847	0.01073	0.00833	0.01195	0.00776	0.00688	0.05107	0.01335	0.68276	0.01712	0.01507	0.01090	0.00573	0.00459	0.00148	0.00407	0.00452	0.00552	0.00778
14	0.00631	0.00463	0.00592	0.00616	0.00704	0.00424	0.00444	0.00792	0.01157	0.01577	0.41147	0.32582	0.13159	0.01202	0.00583	0.00169	0.00251	0.02602	0.00484	0.00422
15	0.00991	0.00850	0.00991	0.00708	0.01133	0.00637	0.00566	0.01203	0.00991	0.01557	0.00850	0.00991	0.00708	0.00354	0.00354	0.00071	0.00354	0.00283	0.00283	0.86124
16	0.01189	0.01027	0.01081	0.00973	0.01243	0.01189	0.00757	0.02540	0.79357	0.01999	0.01945	0.01783	0.01459	0.00648	0.00486	0.00162	0.00378	0.00540	0.00486	0.00757
17	0.01278	0.83490	0.02505	0.00818	0.01227	0.01891	0.00818	0.01431	0.00971	0.01125	0.00664	0.00767	0.00613	0.00409	0.00307	0.00102	0.00511	0.00256	0.00204	0.00613
18	0.01189	0.01027	0.01081	0.00973	0.01243	0.01189	0.00757	0.02540	0.79357	0.01999	0.01945	0.01783	0.01459	0.00648	0.00486	0.00162	0.00378	0.00540	0.00486	0.00757
19	0.00609	0.00477	0.00552	0.00552	0.00678	0.00419	0.00407	0.00764	0.01165	0.01516	0.32692	0.14664	0.41477	0.01161	0.00570	0.00162	0.00241	0.01001	0.00475	0.00419
20	0.00683	0.00512	0.00768	0.00768	0.00853	0.00597	0.00597	0.00853	0.00768	0.01110	0.01280	0.01878	0.01195	0.03585	0.81308	0.00768	0.01280	0.00512	0.00256	0.00427
21	0.86579	0.00924	0.00702	0.00629	0.00924	0.01072	0.00518	0.01405	0.00813	0.02144	0.00666	0.00776	0.00518	0.00444	0.00296	0.00148	0.00370	0.00259	0.00296	0.00518
22	0.00602	0.00447	0.00548	0.00600	0.00671	0.00408	0.00413	0.00709	0.01007	0.01320	0.14914	0.45330	0.21912	0.07922	0.00739	0.00201	0.00276	0.01145	0.00444	0.00394
23	0.01996	0.00808	0.01080	0.00844	0.01192	0.00719	0.00691	0.02259	0.06379	0.70867	0.06494	0.01751	0.01397	0.00618	0.00486	0.00149	0.00394	0.00507	0.00581	0.00788
24	0.08494	0.00633	0.00717	0.00623	0.00838	0.00617	0.00492	0.01578	0.05113	0.26404	0.05964	0.01748	0.01347	0.00586	0.00397	0.00131	0.00301	0.00469	0.42965	0.00582
25	0.01122	0.12377	0.01142	0.00892	0.03831	0.02315	0.00670	0.20711	0.01306	0.05740	0.02887	0.39450	0.01957	0.00983	0.00513	0.00161	0.00398	0.00847	0.02131	0.00567
26	0.02059	0.00826	0.01103	0.00855	0.01214	0.00734	0.00703	0.03864	0.04845	0.73534	0.03807	0.01672	0.01270	0.00603	0.00483	0.00148	0.00403	0.00492	0.00583	0.00802
27	0.01257	0.01340	0.02196	0.01726	0.06548	0.10952	0.46779	0.08227	0.08893	0.01658	0.01102	0.03452	0.00868	0.00486	0.00524	0.00154	0.00708	0.00530	0.01944	0.00655
28	0.01469	0.12512	0.01409	0.05854	0.03748	0.33915	0.00863	0.14127	0.01329	0.01561	0.00954	0.02930	0.00793	0.00540	0.00474	0.00131	0.04712	0.00379	0.11708	0.00589
29	0.01407	0.05761	0.06618	0.03299	0.01441	0.03230	0.02507	0.33493	0.12553	0.03623	0.03045	0.01257	0.00950	0.00534	0.00462	0.00133	0.01673	0.00417	0.02024	0.15573
30	0.05838	0.09948	0.20724	0.10511	0.05726	0.06319	0.05216	0.04671	0.05055	0.12051	0.02131	0.01300	0.02078	0.02366	0.02551	0.00168	0.01977	0.00417	0.00304	0.00650
31	0.04157	0.00863	0.01115	0.00858	0.01227	0.00779	0.00706	0.07743	0.03721	0.65985	0.01742	0.01538	0.01120	0.00574	0.00469	0.00143	0.00410	0.00462	0.00555	0.05835
32	0.00625	0.00478	0.00558	0.00553	0.00678	0.00424	0.00409	0.00790	0.01184	0.01571	0.37378	0.12307	0.36681	0.01120	0.00563	0.00159	0.00238	0.00967	0.02893	0.00424
33	0.05328	0.06082	0.12438	0.15382	0.20241	0.03961	0.14970	0.04285	0.01089	0.04439	0.00996	0.05342	0.00824	0.00511	0.00495	0.00151	0.02089	0.00468	0.00262	0.00646
34	0.01290	0.01070	0.03314	0.29309	0.24487	0.04060	0.06987	0.06411	0.01171	0.14213	0.01066	0.01286	0.00785	0.00483	0.00479	0.00149	0.00589	0.00439	0.01742	0.00670
35	0.00597	0.00440	0.00559	0.00625	0.00690	0.00402	0.00432	0.00712	0.01023	0.01359	0.17174	0.56039	0.15479	0.01357	0.00594	0.00181	0.00262	0.01213	0.00459	0.00402
36	0.00683	0.00512	0.00768	0.00768	0.00853	0.00597	0.00597	0.00853	0.00768	0.01110	0.01280	0.01878	0.01195	0.03585	0.81308	0.00768	0.01280	0.00512	0.00256	0.00427
37	0.04412	0.11925	0.20503	0.10320	0.08826	0.13438	0.04553	0.09989	0.05201	0.02800	0.00913	0.01070	0.00703	0.00488	0.00472	0.00143	0.02943	0.00376	0.00269	0.00658
38	0.00614	0.00499	0.00548	0.00564	0.00700	0.00446	0.00418	0.00797	0.04666	0.01370	0.10726	0.18916	0.52898	0.01222	0.00573	0.00169	0.00260	0.03739	0.00453	0.00422
39	0.01220	0.01148	0.01910	0.02826	0.75578	0.01156	0.01434	0.06017	0.01157	0.01647	0.00914	0.01181	0.00760	0.00435	0.00473	0.00142	0.00565	0.00426	0.00251	0.00760
40	0.66653	0.01069	0.04563	0.03472	0.05825	0.03936	0.00692	0.04539	0.00931	0.03634	0.00741	0.00863	0.00569	0.00454	0.00335	0.00147	0.00430	0.00292	0.00297	0.00560
41	0.00898	0.00824	0.01386	0.77252	0.03135	0.01024	0.01274	0.01186	0.00936	0.01198	0.00848	0.01285	0.00649	0.00548	0.00560	0.05226	0.00624	0.00424	0.00212	0.00512
42	0.01459	0.28644	0.05037	0.02991	0.02818	0.24325	0.07686	0.09016	0.03318	0.04801	0.00873	0.00994	0.00702	0.00484	0.00453	0.00129	0.03675	0.00351	0.01616	0.00629

[dist]
# distance from previous block
# <min> <max>
0	1

[block]
# block no. 1 follows, 53 sequences, length 16
# corresponding to MSA columns:
# 169-184
name=unknown_B
#
# <colnr> <probs for GDERKNQSTAVLIFYWHMCP>
#	G	D	E	R	K	N	Q	S	T	A	V	L	I	F	Y	W	H	M	C	P
0	0.15865	0.01093	0.11167	0.04921	0.10597	0.00958	0.05424	0.08394	0.02621	0.04106	0.03942	0.03460	0.02378	0.11229	0.00731	0.00186	0.03116	0.00472	0.01924	0.07418
1	0.03916	0.07108	0.04590	0.06703	0.06731	0.11166	0.04413	0.05681	0.07272	0.13094	0.01335	0.07369	0.02610	0.02487	0.03447	0.00183	0.08542	0.02394	0.00342	0.00617
2	0.01205	0.01209	0.01956	0.05918	0.65700	0.06213	0.07823	0.01490	0.01103	0.01521	0.00893	0.01175	0.00741	0.00430	0.00478	0.00143	0.00609	0.00430	0.00237	0.00726
3	0.00991	0.00850	0.00991	0.00708	0.01133	0.00637	0.00566	0.01203	0.00991	0.01557	0.00850	0.00991	0.00708	0.00354	0.00354	0.00071	0.00354	0.00283	0.00283	0.86124
4	0.00615	0.00455	0.00576	0.00622	0.00702	0.00416	0.00444	0.00755	0.01088	0.01457	0.27069	0.41759	0.16938	0.01279	0.00590	0.00176	0.00261	0.03915	0.00469	0.00412
5	0.02048	0.00891	0.01148	0.00888	0.01254	0.00827	0.00731	0.11721	0.06061	0.66402	0.01798	0.01577	0.01154	0.00593	0.00481	0.00148	0.00420	0.00478	0.00571	0.00810
6	0.00577	0.00482	0.00502	0.00502	0.00654	0.00408	0.00375	0.00707	0.01109	0.01351	0.12244	0.07303	0.69752	0.01198	0.00566	0.00161	0.00242	0.01007	0.00452	0.00408
7	0.01040	0.00509	0.00540	0.00505	0.00650	0.00503	0.00388	0.03715	0.01077	0.09317	0.01577	0.01747	0.01208	0.00561	0.00353	0.00116	0.00250	0.00448	0.75003	0.00492
8	0.00646	0.00468	0.00610	0.00615	0.00706	0.00432	0.00446	0.00828	0.01221	0.01699	0.55610	0.25722	0.06947	0.01131	0.00577	0.00163	0.00241	0.01008	0.00500	0.00432
9	0.35133	0.08911	0.01183	0.02675	0.03950	0.05720	0.00734	0.14921	0.02862	0.11278	0.00955	0.01036	0.00718	0.00529	0.00460	0.01578	0.04353	0.00347	0.02035	0.00622
10	0.04209	0.23532	0.12128	0.09514	0.06338	0.14290	0.02638	0.09734	0.01189	0.04283	0.00899	0.01054	0.00711	0.00538	0.02137	0.00144	0.00610	0.00354	0.05069	0.00628
11	0.00695	0.00517	0.00607	0.00593	0.00730	0.00465	0.00436	0.00890	0.04082	0.03926	0.27699	0.17814	0.31648	0.03743	0.00619	0.00170	0.00265	0.00954	0.00465	0.03681
12	0.03119	0.15325	0.19772	0.03039	0.09249	0.05766	0.09727	0.05035	0.04685	0.09352	0.01030	0.02723	0.00807	0.00588	0.02642	0.00160	0.04358	0.00414	0.00287	0.01922
13	0.01285	0.57390	0.10062	0.03187	0.03545	0.01647	0.05510	0.04288	0.01049	0.05397	0.00793	0.00910	0.00661	0.00439	0.00385	0.00119	0.02141	0.00314	0.00238	0.00642
14	0.00622	0.00479	0.00564	0.00567	0.00686	0.00427	0.00419	0.00778	0.01156	0.01517	0.33444	0.13900	0.35756	0.04027	0.00639	0.00174	0.00255	0.03703	0.00470	0.00417
15	0.06558	0.02977	0.04164	0.12572	0.11057	0.00992	0.03688	0.10479	0.02557	0.03235	0.01044	0.01353	0.00862	0.01318	0.22004	0.00309	0.04735	0.00429	0.02555	0.07114

[dist]
# distance from previous block
# <min> <max>
0	6

[block]
# block no. 2 follows, 53 sequences, length 6
# corresponding to MSA columns:
# 191-196
name=unknown_C
#
# <colnr> <probs for GDERKNQSTAVLIFYWHMCP>
#	G	D	E	R	K	N	Q	S	T	A	V	L	I	F	Y	W	H	M	C	P
0	0.01136	0.01091	0.03558	0.24585	0.17419	0.07585	0.09566	0.03201	0.02962	0.05543	0.01116	0.05903	0.00952	0.00572	0.00536	0.00153	0.04244	0.03265	0.02141	0.04473
1	0.00781	0.00444	0.00653	0.00653	0.00676	0.00467	0.00453	0.00689	0.00667	0.00911	0.01001	0.01694	0.00996	0.08465	0.22804	0.57040	0.00646	0.00462	0.00227	0.00272
2	0.35387	0.00756	0.00733	0.00642	0.00892	0.00805	0.00515	0.01588	0.06933	0.18138	0.01299	0.01349	0.00952	0.00526	0.00360	0.00137	0.00331	0.00385	0.27700	0.00573
3	0.01035	0.07559	0.12511	0.13321	0.16813	0.01119	0.10444	0.04818	0.03372	0.01490	0.05318	0.01566	0.06817	0.00708	0.04167	0.00181	0.07376	0.00492	0.00274	0.00619
4	0.01018	0.00674	0.00788	0.00717	0.00887	0.03192	0.00548	0.04394	0.08169	0.13588	0.36777	0.07505	0.07656	0.07143	0.00686	0.00180	0.00332	0.04726	0.00490	0.00531
5	0.04750	0.16608	0.07405	0.08214	0.03725	0.09606	0.03273	0.10050	0.11211	0.05981	0.02655	0.01209	0.00894	0.00501	0.00420	0.00131	0.00525	0.00389	0.04184	0.08270

[dist]
# distance from previous block
# <min> <max>
0	2

[block]
# block no. 3 follows, 53 sequences, length 22
# corresponding to MSA columns:
# 199-220
name=unknown_D
#
# <colnr> <probs for GDERKNQSTAVLIFYWHMCP>
#	G	D	E	R	K	N	Q	S	T	A	V	L	I	F	Y	W	H	M	C	P
0	0.03421	0.00472	0.00580	0.00613	0.00698	0.00441	0.00436	0.00779	0.01075	0.01480	0.28389	0.36712	0.14836	0.05409	0.00672	0.00188	0.00271	0.02660	0.00458	0.00411
1	0.01272	0.05871	0.01276	0.01045	0.08540	0.05537	0.00764	0.21595	0.01347	0.01888	0.00992	0.03717	0.00823	0.00472	0.00407	0.00106	0.00451	0.00374	0.02568	0.40956
2	0.03797	0.28177	0.15866	0.07343	0.09855	0.06938	0.02405	0.02499	0.02394	0.02658	0.03686	0.02914	0.05158	0.00522	0.00415	0.00131	0.00548	0.00408	0.00261	0.04025
3	0.10016	0.09836	0.20471	0.03306	0.04916	0.11657	0.08830	0.11452	0.01207	0.05325	0.00973	0.01108	0.02358	0.00505	0.00497	0.00144	0.04939	0.00386	0.00283	0.01791
4	0.00602	0.00433	0.00575	0.00679	0.00721	0.00406	0.00473	0.00703	0.00949	0.01259	0.04437	0.70654	0.05944	0.01458	0.00612	0.00194	0.00291	0.08767	0.00445	0.00395
5	0.00586	0.00419	0.00558	0.00663	0.00694	0.00391	0.00444	0.00674	0.00932	0.01247	0.05565	0.79885	0.03212	0.01478	0.00608	0.00192	0.00275	0.01340	0.00447	0.00391
6	0.04563	0.05746	0.21921	0.11433	0.06738	0.08253	0.07500	0.06021	0.08592	0.03497	0.00977	0.01165	0.00752	0.00597	0.02674	0.00169	0.08077	0.00407	0.00271	0.00647
7	0.01320	0.29303	0.10271	0.04795	0.04448	0.03042	0.08382	0.08676	0.01152	0.10992	0.01025	0.03806	0.00828	0.00526	0.00493	0.00137	0.05847	0.00409	0.03900	0.00649
8	0.00582	0.00419	0.00552	0.00658	0.00691	0.00389	0.00440	0.00666	0.00922	0.01223	0.02722	0.79772	0.06223	0.01486	0.00608	0.00193	0.00276	0.01345	0.00444	0.00389
9	0.00592	0.00420	0.00552	0.00653	0.00678	0.00395	0.00430	0.00668	0.00896	0.01195	0.02536	0.75941	0.03037	0.08617	0.00769	0.00218	0.00294	0.01301	0.00430	0.00380
10	0.00991	0.00850	0.00991	0.00708	0.01133	0.00637	0.00566	0.01203	0.00991	0.01557	0.00850	0.00991	0.00708	0.00354	0.00354	0.00071	0.00354	0.00283	0.00283	0.86124
11	0.86579	0.00924	0.00702	0.00629	0.00924	0.01072	0.00518	0.01405	0.00813	0.02144	0.00666	0.00776	0.00518	0.00444	0.00296	0.00148	0.00370	0.00259	0.00296	0.00518
12	0.01093	0.00846	0.01018	0.03640	0.01218	0.00658	0.00606	0.01306	0.01024	0.08724	0.00944	0.01059	0.00749	0.00380	0.00370	0.00081	0.00369	0.00306	0.00309	0.75300
13	0.00693	0.00516	0.00655	0.00622	0.00744	0.00493	0.00468	0.00963	0.05412	0.01811	0.63816	0.05287	0.10107	0.01133	0.04986	0.00187	0.00294	0.00851	0.00501	0.00461
14	0.01189	0.01027	0.01081	0.00973	0.01243	0.01189	0.00757	0.02540	0.79357	0.01999	0.01945	0.01783	0.01459	0.00648	0.00486	0.00162	0.00378	0.00540	0.00486	0.00757
15	0.00657	0.00463	0.00571	0.00613	0.00705	0.00415	0.00433	0.00777	0.01050	0.04648	0.15214	0.45609	0.24486	0.01300	0.00585	0.00176	0.00265	0.01149	0.00463	0.00420
16	0.00663	0.00479	0.00608	0.00591	0.00700	0.00440	0.00437	0.00863	0.01270	0.01779	0.61961	0.11618	0.11926	0.01039	0.00561	0.00155	0.00232	0.00915	0.03323	0.00440
17	0.00652	0.00469	0.00583	0.00644	0.00693	0.00453	0.00440	0.00778	0.03463	0.01229	0.06277	0.43619	0.07549	0.22422	0.01074	0.00261	0.00339	0.08261	0.00409	0.00384
18	0.01057	0.01665	0.33566	0.14503	0.25780	0.02864	0.08939	0.01488	0.02862	0.01488	0.00902	0.01145	0.00688	0.00450	0.00474	0.00150	0.00659	0.00410	0.00225	0.00686
19	0.00919	0.00860	0.01435	0.70003	0.09808	0.01033	0.01287	0.01224	0.00967	0.01261	0.00913	0.03964	0.00733	0.00503	0.00478	0.00156	0.00611	0.00451	0.00224	0.03170
20	0.01400	0.01179	0.01416	0.07373	0.15088	0.04988	0.02555	0.28317	0.22084	0.03420	0.01323	0.04293	0.01036	0.00594	0.00512	0.00152	0.02654	0.00489	0.00397	0.00729
21	0.04506	0.06850	0.12645	0.05396	0.08094	0.03725	0.03334	0.16470	0.02357	0.05308	0.02721	0.01258	0.03644	0.00495	0.00432	0.00126	0.00508	0.00398	0.00322	0.21413

[dist]
# distance from previous block
# <min> <max>
0	1

[block]
# block no. 4 follows, 53 sequences, length 20
# corresponding to MSA columns:
# 222-241
name=unknown_E
#
# <colnr> <probs for GDERKNQSTAVLIFYWHMCP>
#	G	D	E	R	K	N	Q	S	T	A	V	L	I	F	Y	W	H	M	C	P
0	0.11482	0.01192	0.19040	0.01981	0.02302	0.00923	0.03349	0.10648	0.10200	0.06097	0.04455	0.21717	0.01551	0.00778	0.00488	0.00161	0.00456	0.00660	0.01909	0.00611
1	0.00806	0.04451	0.00969	0.00974	0.07319	0.04782	0.05336	0.03016	0.02379	0.01360	0.06259	0.52825	0.05315	0.01166	0.00563	0.00175	0.00378	0.01053	0.00400	0.00474
2	0.01554	0.01884	0.01202	0.01117	0.01326	0.62743	0.00830	0.04428	0.01301	0.01246	0.01121	0.16761	0.01116	0.00690	0.00467	0.00138	0.00737	0.00516	0.00293	0.00531
3	0.02283	0.07602	0.01232	0.05429	0.08437	0.04040	0.00755	0.08350	0.02073	0.02603	0.01088	0.09031	0.00989	0.00542	0.00440	0.00114	0.02313	0.01277	0.02142	0.39261
4	0.02239	0.20364	0.10738	0.01005	0.03431	0.05511	0.01825	0.09997	0.04226	0.08652	0.01078	0.02819	0.00916	0.07709	0.06665	0.00209	0.06065	0.00418	0.00306	0.05826
5	0.00690	0.00495	0.00627	0.00692	0.00750	0.00482	0.00475	0.06968	0.01025	0.01371	0.04618	0.70528	0.02946	0.05048	0.00679	0.00201	0.00304	0.01240	0.00442	0.00420
6	0.01640	0.02041	0.01268	0.01154	0.01393	0.69841	0.00863	0.01765	0.01297	0.01197	0.00899	0.07493	0.00827	0.00565	0.00441	0.00126	0.00784	0.00391	0.00264	0.05752
7	0.01026	0.00963	0.05888	0.00796	0.01202	0.00735	0.00682	0.01250	0.00982	0.03758	0.00861	0.01015	0.00709	0.00406	0.00462	0.00089	0.06996	0.00304	0.00281	0.71596
8	0.29039	0.09574	0.01101	0.00845	0.02376	0.07142	0.02080	0.13438	0.02582	0.03335	0.01126	0.02933	0.01046	0.14485	0.00745	0.00201	0.00478	0.06594	0.00331	0.00547
9	0.01054	0.07525	0.01059	0.00824	0.01073	0.00998	0.00656	0.07672	0.35998	0.01836	0.13209	0.04130	0.12168	0.00749	0.00505	0.00149	0.01908	0.00617	0.02031	0.05839
10	0.08167	0.21456	0.15637	0.01899	0.04236	0.05950	0.02744	0.11561	0.03446	0.04729	0.00965	0.02906	0.00787	0.00492	0.00406	0.00128	0.00532	0.01502	0.00294	0.12163
11	0.00937	0.00851	0.01041	0.01314	0.20485	0.08393	0.00780	0.02922	0.08472	0.01426	0.01903	0.43604	0.02069	0.01015	0.00539	0.00169	0.00419	0.00910	0.02210	0.00541
12	0.00631	0.00487	0.00577	0.00554	0.00686	0.00432	0.00416	0.00815	0.01247	0.01664	0.49675	0.03985	0.34961	0.01071	0.00564	0.00155	0.00232	0.00923	0.00493	0.00432
13	0.79452	0.00917	0.00730	0.00640	0.00945	0.01038	0.00526	0.01424	0.00840	0.04594	0.00714	0.00815	0.00549	0.00444	0.00305	0.00144	0.00370	0.00267	0.00304	0.04984
14	0.00596	0.00482	0.00529	0.00524	0.00666	0.00416	0.00390	0.00743	0.01152	0.01455	0.24847	0.07812	0.56395	0.01161	0.00567	0.00160	0.00239	0.00986	0.00466	0.00416
15	0.00903	0.00850	0.01434	0.82054	0.03292	0.01062	0.01327	0.01221	0.00956	0.01221	0.00850	0.01274	0.00637	0.00478	0.00478	0.00159	0.00637	0.00425	0.00212	0.00531
16	0.00602	0.00486	0.00536	0.00523	0.00668	0.00419	0.00392	0.00758	0.01177	0.01499	0.29775	0.04258	0.54965	0.01133	0.00565	0.00158	0.00237	0.00961	0.00471	0.00419
17	0.01026	0.00872	0.01009	0.00731	0.01148	0.00686	0.00585	0.03790	0.04079	0.01622	0.00902	0.01027	0.00741	0.00373	0.00363	0.00077	0.00361	0.00298	0.00297	0.80013
18	0.05843	0.34222	0.08434	0.03424	0.05493	0.29197	0.00975	0.01586	0.01094	0.01252	0.00722	0.00868	0.00617	0.00464	0.00429	0.00124	0.04130	0.00302	0.00226	0.00597
19	0.01215	0.03089	0.01304	0.01162	0.05308	0.12269	0.00887	0.13195	0.03276	0.01486	0.00941	0.01331	0.00849	0.07605	0.08700	0.00250	0.32729	0.00437	0.03403	0.00562

[dist]
# distance from previous block
# <min> <max>
0	3

[block]
# block no. 5 follows, 53 sequences, length 10
# corresponding to MSA columns:
# 245-254
name=unknown_F
#
# <colnr> <probs for GDERKNQSTAVLIFYWHMCP>
#	G	D	E	R	K	N	Q	S	T	A	V	L	I	F	Y	W	H	M	C	P
0	0.03115	0.13453	0.06017	0.01183	0.11664	0.12701	0.00885	0.03077	0.03764	0.16870	0.04394	0.04076	0.03824	0.00595	0.00511	0.01566	0.03990	0.00447	0.00342	0.07527
1	0.00687	0.00463	0.00534	0.00541	0.00547	0.00465	0.00313	0.00700	0.00712	0.00953	0.01566	0.08042	0.01802	0.74525	0.05872	0.00460	0.00489	0.00728	0.00298	0.00302
2	0.00638	0.00502	0.00587	0.00599	0.00739	0.00444	0.00464	0.00795	0.01120	0.01436	0.18418	0.12291	0.42058	0.01183	0.00578	0.00169	0.00280	0.13790	0.00453	0.03456
3	0.01004	0.01019	0.01551	0.45657	0.04911	0.08249	0.13123	0.01312	0.03228	0.01294	0.01079	0.10262	0.00954	0.00597	0.00543	0.00162	0.03714	0.00542	0.00254	0.00548
4	0.01360	0.16529	0.07789	0.13928	0.09852	0.06603	0.09166	0.11301	0.01218	0.10960	0.00972	0.01136	0.00737	0.00500	0.00521	0.00144	0.05919	0.00402	0.00296	0.00665
5	0.00618	0.00454	0.00582	0.00638	0.00713	0.00418	0.00457	0.00753	0.01067	0.01426	0.23043	0.45537	0.14555	0.01308	0.00595	0.00180	0.00270	0.06512	0.00465	0.00410
6	0.01418	0.00733	0.00873	0.00737	0.00983	0.00723	0.00585	0.06973	0.13444	0.29968	0.12183	0.01923	0.01658	0.00641	0.00450	0.00140	0.00333	0.00528	0.25056	0.00650
7	0.01215	0.01408	0.11872	0.14384	0.10011	0.11346	0.23334	0.06649	0.01185	0.04634	0.03947	0.02967	0.00899	0.00514	0.00538	0.00153	0.03555	0.00479	0.00275	0.00635
8	0.01149	0.00853	0.04918	0.05138	0.07013	0.00796	0.03540	0.09045	0.02453	0.15457	0.11351	0.09124	0.08768	0.00855	0.00578	0.00167	0.03772	0.12338	0.02092	0.00593
9	0.00790	0.00485	0.00560	0.00561	0.00653	0.00466	0.00392	0.00942	0.02815	0.04919	0.09958	0.16140	0.12467	0.18524	0.02718	0.02294	0.00326	0.00772	0.23803	0.00415

[dist]
# distance from previous block
# <min> <max>
0	2

[block]
# block no. 6 follows, 53 sequences, length 40
# corresponding to MSA columns:
# 257-296
name=unknown_G
#
# <colnr> <probs for GDERKNQSTAVLIFYWHMCP>
#	G	D	E	R	K	N	Q	S	T	A	V	L	I	F	Y	W	H	M	C	P
0	0.15806	0.01432	0.24217	0.10155	0.05140	0.03163	0.08406	0.08669	0.03870	0.03152	0.03351	0.01470	0.00944	0.03398	0.00527	0.00166	0.00577	0.04638	0.00294	0.00624
1	0.01021	0.00849	0.00994	0.00712	0.01135	0.00639	0.00570	0.01232	0.01001	0.03592	0.00876	0.01007	0.00720	0.00360	0.00357	0.00073	0.00355	0.00288	0.00291	0.83927
2	0.00588	0.00436	0.00550	0.00625	0.00686	0.00397	0.00429	0.00693	0.00991	0.01302	0.10630	0.60379	0.17761	0.01392	0.00597	0.00184	0.00266	0.01244	0.00452	0.00397
3	0.02144	0.00813	0.01109	0.00850	0.01220	0.00702	0.00702	0.02329	0.01368	0.80552	0.01886	0.01627	0.01183	0.00592	0.00481	0.00148	0.00407	0.00481	0.00592	0.00813
4	0.00582	0.00416	0.00555	0.00666	0.00693	0.00388	0.00444	0.00666	0.00915	0.01220	0.02634	0.82891	0.03161	0.01497	0.00610	0.00194	0.00277	0.01359	0.00444	0.00388
5	0.01132	0.00967	0.01032	0.00932	0.01184	0.01107	0.00723	0.02359	0.70735	0.01990	0.10570	0.01981	0.01796	0.00685	0.00495	0.00161	0.00361	0.00576	0.00491	0.00723
6	0.11186	0.01293	0.01354	0.01048	0.01421	0.01437	0.00865	0.70092	0.02089	0.02916	0.01094	0.01107	0.00780	0.00559	0.00458	0.00144	0.00509	0.00411	0.00458	0.00780
7	0.02144	0.00813	0.01109	0.00850	0.01220	0.00702	0.00702	0.02329	0.01368	0.80552	0.01886	0.01627	0.01183	0.00592	0.00481	0.00148	0.00407	0.00481	0.00592	0.00813
8	0.01688	0.02120	0.01363	0.10165	0.01678	0.72417	0.00968	0.01833	0.01310	0.01175	0.00751	0.00908	0.00618	0.00491	0.00436	0.00127	0.00837	0.00321	0.00243	0.00552
9	0.00864	0.00754	0.02857	0.06082	0.18838	0.00700	0.01885	0.03512	0.01143	0.03057	0.19392	0.07226	0.20723	0.05766	0.00640	0.00171	0.00389	0.02039	0.00382	0.03581
10	0.01701	0.01252	0.01361	0.01075	0.01428	0.01379	0.00893	0.70046	0.02120	0.02837	0.01300	0.01617	0.01027	0.00656	0.00498	0.00152	0.00516	0.08894	0.00474	0.00772
11	0.20814	0.03967	0.01205	0.00962	0.01273	0.17564	0.00772	0.32462	0.03692	0.06182	0.01041	0.02495	0.00809	0.02964	0.00480	0.00150	0.00538	0.00391	0.01581	0.00658
12	0.03262	0.03000	0.31411	0.10377	0.04687	0.01148	0.18399	0.06030	0.03203	0.08110	0.00993	0.01178	0.00722	0.00487	0.00538	0.00156	0.04924	0.00430	0.00272	0.00676
13	0.02837	0.01883	0.03046	0.05209	0.10160	0.00841	0.09545	0.02629	0.05619	0.07306	0.02226	0.04974	0.01115	0.00557	0.00457	0.00128	0.00463	0.07209	0.00328	0.33468
14	0.01742	0.01290	0.01428	0.01109	0.01449	0.01456	0.00917	0.67683	0.02052	0.05226	0.01113	0.01151	0.00804	0.00603	0.00599	0.00151	0.09564	0.00431	0.00452	0.00781
15	0.01445	0.01104	0.01185	0.00969	0.01291	0.01212	0.00778	0.35381	0.32685	0.04012	0.01484	0.01440	0.01097	0.00585	0.00462	0.00143	0.00431	0.00464	0.06241	0.07592
16	0.00592	0.00438	0.00554	0.00626	0.00688	0.00400	0.00431	0.00702	0.01006	0.01329	0.13769	0.58465	0.16498	0.01376	0.00596	0.00182	0.00264	0.01230	0.00455	0.00400
17	0.01411	0.06913	0.04678	0.02827	0.05902	0.10900	0.01873	0.14959	0.06601	0.13600	0.02604	0.01449	0.03495	0.00678	0.03025	0.00161	0.06318	0.00445	0.11512	0.00648
18	0.00869	0.00599	0.00708	0.00620	0.00831	0.00522	0.00479	0.01102	0.04625	0.10398	0.30602	0.03256	0.29404	0.00910	0.00521	0.00143	0.00277	0.00773	0.00468	0.12892
19	0.05016	0.23411	0.25074	0.01273	0.08591	0.07311	0.03295	0.06712	0.04522	0.01508	0.00896	0.03222	0.00744	0.00511	0.00492	0.00140	0.05999	0.00377	0.00252	0.00653
20	0.01010	0.15563	0.68087	0.01274	0.01933	0.01236	0.01613	0.01500	0.01003	0.01451	0.00827	0.00970	0.00607	0.00447	0.00430	0.00143	0.00675	0.00337	0.00202	0.00691
21	0.00695	0.00463	0.00521	0.00521	0.00521	0.00463	0.00290	0.00695	0.00695	0.00927	0.01506	0.03128	0.01738	0.83203	0.02433	0.00463	0.00463	0.00695	0.00290	0.00290
22	0.01076	0.01530	0.26639	0.15226	0.13597	0.01127	0.21038	0.07177	0.01136	0.01585	0.01040	0.01278	0.03018	0.00474	0.00492	0.00153	0.00665	0.00456	0.01629	0.00663
23	0.03530	0.32415	0.14032	0.01063	0.02826	0.03976	0.01011	0.15447	0.01203	0.05457	0.00846	0.00971	0.00680	0.00520	0.00562	0.00137	0.12550	0.00342	0.00279	0.02151
24	0.00592	0.00435	0.00558	0.00652	0.00705	0.00401	0.00452	0.00689	0.00954	0.01244	0.02965	0.65987	0.14879	0.01442	0.00606	0.00191	0.00282	0.06128	0.00443	0.00394
25	0.00832	0.00467	0.00718	0.09629	0.00927	0.00494	0.00523	0.00698	0.00665	0.00884	0.00850	0.01450	0.00823	0.01605	0.04822	0.73257	0.00473	0.00420	0.00210	0.00252
26	0.04450	0.03992	0.04655	0.00790	0.01161	0.04687	0.00659	0.08117	0.01106	0.01640	0.01065	0.10048	0.00976	0.00520	0.00397	0.00102	0.00406	0.00420	0.01607	0.53202
27	0.01179	0.02626	0.08372	0.16644	0.17130	0.04588	0.11174	0.10211	0.01131	0.02958	0.00892	0.01181	0.00713	0.00630	0.02766	0.01563	0.14916	0.00432	0.00259	0.00634
28	0.00760	0.00467	0.00618	0.00674	0.00751	0.00427	0.00469	0.00865	0.00999	0.10035	0.07384	0.65698	0.06314	0.01353	0.00591	0.00185	0.00287	0.01216	0.00465	0.00440
29	0.21646	0.17791	0.01326	0.02371	0.01198	0.01170	0.00720	0.15649	0.01242	0.21405	0.01127	0.01184	0.00833	0.00845	0.09335	0.00207	0.00542	0.00376	0.00378	0.00655
30	0.18952	0.00659	0.00767	0.00689	0.00899	0.00642	0.00534	0.01394	0.01132	0.25534	0.19183	0.19971	0.02228	0.00847	0.00483	0.00157	0.00322	0.00714	0.04334	0.00560
31	0.00654	0.00488	0.00608	0.00578	0.00700	0.00441	0.00433	0.00858	0.01300	0.01790	0.64788	0.03778	0.19770	0.01024	0.00564	0.00153	0.00229	0.00894	0.00510	0.00441
32	0.00680	0.00476	0.00573	0.00567	0.00620	0.00472	0.00374	0.00765	0.00882	0.01204	0.16911	0.04590	0.09879	0.45020	0.12546	0.00402	0.00498	0.00739	0.02448	0.00356
33	0.01237	0.64436	0.02201	0.00878	0.01213	0.06345	0.00827	0.01386	0.00955	0.01128	0.00716	0.00889	0.00662	0.00712	0.07038	0.00168	0.08117	0.00294	0.00212	0.00586
34	0.60670	0.03768	0.04921	0.00825	0.02744	0.02779	0.04366	0.02991	0.03427	0.06268	0.00836	0.00934	0.00633	0.00462	0.00344	0.00146	0.00428	0.00312	0.02578	0.00569
35	0.75178	0.00942	0.00795	0.00763	0.04886	0.01075	0.00580	0.05407	0.00911	0.02133	0.00835	0.00938	0.03080	0.00474	0.00323	0.00148	0.00384	0.00300	0.00307	0.00541
36	0.01023	0.01016	0.04659	0.11354	0.14003	0.04478	0.05172	0.01371	0.07971	0.01514	0.04888	0.01687	0.05088	0.00576	0.00528	0.00137	0.05442	0.04256	0.02971	0.21870
37	0.00742	0.00672	0.00681	0.00750	0.03251	0.08746	0.00532	0.00870	0.01065	0.01300	0.05968	0.32143	0.30675	0.01219	0.00575	0.00175	0.00350	0.09439	0.00420	0.00430
38	0.42266	0.01172	0.12306	0.00894	0.03693	0.03119	0.00790	0.10475	0.01088	0.06384	0.01023	0.05517	0.00847	0.00552	0.00389	0.00148	0.00448	0.02425	0.03677	0.02787
39	0.09991	0.24727	0.04575	0.11620	0.04747	0.16535	0.04665	0.01456	0.03830	0.01348	0.00991	0.07220	0.00908	0.00647	0.02851	0.00157	0.00603	0.02297	0.00261	0.00571

[dist]
# distance from previous block
# <min> <max>
1	25

[block]
# block no. 7 follows, 53 sequences, length 13
# corresponding to MSA columns:
# 322-334
name=unknown_H
#
# <colnr> <probs for GDERKNQSTAVLIFYWHMCP>
#	G	D	E	R	K	N	Q	S	T	A	V	L	I	F	Y	W	H	M	C	P
0	0.00943	0.05959	0.01502	0.63796	0.10373	0.01084	0.01270	0.01242	0.00979	0.01262	0.00960	0.01521	0.00795	0.00527	0.00480	0.00158	0.00609	0.05757	0.00230	0.00551
1	0.01112	0.03300	0.17908	0.03993	0.04033	0.00888	0.06988	0.09576	0.04747	0.11516	0.03529	0.22798	0.04580	0.02131	0.00547	0.00167	0.00485	0.00710	0.00379	0.00614
2	0.73486	0.00940	0.00786	0.00678	0.00986	0.01063	0.00559	0.06259	0.00954	0.09496	0.00809	0.00879	0.00598	0.00465	0.00324	0.00148	0.00383	0.00290	0.00335	0.00563
3	0.01773	0.01317	0.01410	0.01091	0.01466	0.01462	0.00898	0.73319	0.07627	0.02942	0.01203	0.01192	0.00858	0.00579	0.00479	0.00145	0.00516	0.00438	0.00479	0.00809
4	0.01189	0.01027	0.01081	0.00973	0.01243	0.01189	0.00757	0.02540	0.79357	0.01999	0.01945	0.01783	0.01459	0.00648	0.00486	0.00162	0.00378	0.00540	0.00486	0.00757
5	0.00658	0.00488	0.00613	0.00582	0.00703	0.00443	0.00437	0.00866	0.01310	0.01814	0.67614	0.03740	0.16928	0.01016	0.00564	0.00152	0.00228	0.00888	0.00513	0.00443
6	0.00645	0.00487	0.00596	0.00569	0.00695	0.00438	0.00426	0.00842	0.01279	0.01742	0.58994	0.03858	0.25594	0.01042	0.00564	0.00153	0.00230	0.00905	0.00503	0.00438
7	0.01325	0.65705	0.02394	0.00983	0.01379	0.11515	0.08270	0.01499	0.01033	0.01169	0.00703	0.00828	0.00624	0.00419	0.00347	0.00110	0.00582	0.00291	0.00213	0.00609
8	0.00589	0.00428	0.00551	0.00640	0.00684	0.00395	0.00431	0.00680	0.00945	0.01249	0.06439	0.68878	0.10538	0.04301	0.00667	0.00198	0.00278	0.01279	0.00442	0.00389
9	0.01575	0.01152	0.01254	0.01013	0.01334	0.01267	0.00817	0.52565	0.15603	0.06014	0.03396	0.09170	0.01258	0.00686	0.00494	0.00152	0.00464	0.00551	0.00482	0.00753
10	0.01058	0.01210	0.12390	0.01053	0.04834	0.10824	0.04820	0.06944	0.14059	0.01761	0.26428	0.02238	0.07123	0.02483	0.00549	0.00156	0.00470	0.00609	0.00397	0.00593
11	0.01194	0.08867	0.04556	0.00955	0.05939	0.00899	0.02041	0.10271	0.01190	0.08666	0.03879	0.04249	0.01049	0.00513	0.00416	0.00111	0.00422	0.02933	0.01551	0.40298
12	0.74256	0.04845	0.03395	0.00687	0.00992	0.04513	0.00587	0.01413	0.00846	0.02005	0.00679	0.00803	0.00536	0.00473	0.00344	0.02145	0.00409	0.00267	0.00284	0.00522

[dist]
# distance from previous block
# <min> <max>
0	1

[block]
# block no. 8 follows, 53 sequences, length 20
# corresponding to MSA columns:
# 336-355
name=unknown_I
#
# <colnr> <probs for GDERKNQSTAVLIFYWHMCP>
#	G	D	E	R	K	N	Q	S	T	A	V	L	I	F	Y	W	H	M	C	P
0	0.01033	0.01054	0.09492	0.14402	0.14488	0.01012	0.06390	0.04669	0.08058	0.02767	0.01149	0.03270	0.00967	0.05717	0.06462	0.00218	0.09266	0.00483	0.08505	0.00596
1	0.00688	0.00492	0.00668	0.00668	0.00719	0.00543	0.00473	0.00789	0.00739	0.01036	0.01372	0.02384	0.01415	0.35837	0.49357	0.00645	0.00949	0.00586	0.00270	0.00371
2	0.04610	0.01286	0.07719	0.13932	0.26840	0.08979	0.02454	0.11378	0.05751	0.01664	0.00966	0.01216	0.00775	0.02402	0.00581	0.00157	0.06156	0.00417	0.02056	0.00662
3	0.00597	0.00497	0.00523	0.00517	0.00672	0.00430	0.00387	0.00763	0.03191	0.01392	0.14793	0.06376	0.65860	0.01172	0.00564	0.00161	0.00244	0.00986	0.00456	0.00419
4	0.00586	0.00474	0.00521	0.00531	0.00664	0.00409	0.00390	0.00718	0.01106	0.01383	0.16899	0.16488	0.55727	0.01216	0.00572	0.00165	0.00245	0.01039	0.00457	0.00409
5	0.00899	0.00829	0.01394	0.78124	0.03163	0.01031	0.01283	0.01192	0.00940	0.01202	0.00849	0.01283	0.00646	0.00535	0.00545	0.04306	0.00626	0.00424	0.00212	0.00515
6	0.01192	0.07746	0.09528	0.09350	0.11191	0.03225	0.02578	0.07789	0.03221	0.06426	0.00951	0.01116	0.00745	0.00483	0.00493	0.02193	0.03257	0.00365	0.00290	0.27862
7	0.86579	0.00924	0.00702	0.00629	0.00924	0.01072	0.00518	0.01405	0.00813	0.02144	0.00666	0.00776	0.00518	0.00444	0.00296	0.00148	0.00370	0.00259	0.00296	0.00518
8	0.01004	0.00715	0.00715	0.00642	0.00818	0.04508	0.00495	0.15594	0.01303	0.01852	0.11986	0.02473	0.19497	0.00802	0.00507	0.03468	0.00323	0.00616	0.32183	0.00502
9	0.09914	0.00853	0.01038	0.04711	0.01228	0.02922	0.00689	0.08019	0.01301	0.49104	0.05335	0.01615	0.01216	0.03553	0.00584	0.03490	0.00424	0.00471	0.02838	0.00695
10	0.00806	0.00676	0.04402	0.00745	0.00856	0.04395	0.01734	0.00937	0.00963	0.06024	0.09672	0.35720	0.04275	0.14512	0.10328	0.00291	0.01922	0.00919	0.00386	0.00438
11	0.07612	0.08718	0.23114	0.01215	0.08330	0.01124	0.04616	0.13925	0.05994	0.06790	0.02895	0.03519	0.07399	0.00598	0.00462	0.00149	0.00526	0.02008	0.00337	0.00670
12	0.01269	0.03942	0.02933	0.07032	0.09137	0.08003	0.08105	0.12796	0.04684	0.09088	0.04023	0.07496	0.02534	0.02540	0.03266	0.00171	0.02550	0.00521	0.00349	0.09561
13	0.01116	0.00948	0.00968	0.00877	0.01112	0.04832	0.00674	0.02078	0.54133	0.04481	0.10172	0.02250	0.09561	0.03929	0.00575	0.00170	0.00376	0.00613	0.00471	0.00664
14	0.00808	0.03844	0.02008	0.02826	0.07277	0.00647	0.02208	0.02573	0.04239	0.02538	0.31208	0.10863	0.12221	0.09397	0.00731	0.00187	0.00345	0.02882	0.02712	0.00486
15	0.04721	0.11035	0.10614	0.04899	0.14473	0.05886	0.03277	0.15805	0.01319	0.15755	0.01166	0.05091	0.00910	0.00544	0.00451	0.00142	0.00539	0.00444	0.02233	0.00696
16	0.00799	0.00606	0.00741	0.00781	0.04733	0.00592	0.00552	0.01141	0.13090	0.04618	0.21571	0.16945	0.22760	0.02877	0.00600	0.00174	0.00306	0.06153	0.00462	0.00500
17	0.00608	0.00435	0.00583	0.00683	0.00726	0.00409	0.00478	0.00716	0.00965	0.01290	0.07982	0.69333	0.03212	0.01443	0.00612	0.00194	0.00291	0.09193	0.00449	0.00398
18	0.01077	0.05401	0.22741	0.07942	0.10697	0.10897	0.07058	0.01479	0.07604	0.01436	0.03665	0.08217	0.01113	0.00714	0.03382	0.00176	0.03474	0.02033	0.00277	0.00618
19	0.04240	0.06814	0.14515	0.17931	0.13645	0.07496	0.10768	0.05579	0.05106	0.02797	0.01027	0.01236	0.02470	0.00494	0.00488	0.00148	0.02552	0.00424	0.01627	0.00640

[dist]
# distance from previous block
# <min> <max>
0	37

# created by:
# /home/cegg/simao/soft/augustus-3.2.1/scripts/msa2prfl.pl ./align_prep/EOG091G0KNT.fa
