[name]
unknown

[dist]
# distance from previous block
# <min> <max>
0	32

[block]
# block no. 0 follows, 44 sequences, length 23
# corresponding to MSA columns:
# 32-54
name=unknown_A
#
# <colnr> <probs for GDERKNQSTAVLIFYWHMCP>
#	G	D	E	R	K	N	Q	S	T	A	V	L	I	F	Y	W	H	M	C	P
0	0.01449	0.01245	0.12133	0.01314	0.10581	0.03247	0.01039	0.05809	0.06467	0.19257	0.08352	0.07511	0.03809	0.00799	0.00565	0.00171	0.00520	0.06627	0.00466	0.08636
1	0.12556	0.15043	0.13356	0.01351	0.09832	0.02572	0.03482	0.06184	0.08956	0.16748	0.01325	0.02607	0.00992	0.00581	0.00483	0.00160	0.00575	0.00458	0.00395	0.02345
2	0.06834	0.08335	0.09412	0.00941	0.01296	0.00953	0.02727	0.04081	0.04241	0.23144	0.14747	0.05465	0.11710	0.02975	0.00609	0.00179	0.00461	0.00692	0.00496	0.00701
3	0.00706	0.00547	0.00644	0.00637	0.00779	0.00484	0.00471	0.00896	0.01364	0.01801	0.39072	0.12466	0.35593	0.01289	0.00649	0.00182	0.00271	0.01114	0.00551	0.00484
4	0.00770	0.00570	0.02399	0.00797	0.00872	0.00526	0.00578	0.00899	0.01034	0.03823	0.03919	0.52957	0.02990	0.08511	0.13172	0.00348	0.00537	0.04372	0.00459	0.00468
5	0.01495	0.06964	0.14291	0.08333	0.21369	0.12437	0.07452	0.05020	0.03421	0.08840	0.01184	0.03067	0.00928	0.00565	0.00527	0.00163	0.00706	0.00486	0.01981	0.00771
6	0.00787	0.00561	0.00788	0.00799	0.00878	0.00626	0.00594	0.00948	0.00897	0.01298	0.01657	0.09280	0.01655	0.14949	0.55262	0.00716	0.01140	0.00695	0.06009	0.00461
7	0.00698	0.00500	0.00665	0.00780	0.00830	0.00472	0.00549	0.00816	0.01082	0.01435	0.04761	0.64656	0.05506	0.03804	0.00757	0.00232	0.00344	0.11158	0.00503	0.00450
8	0.01399	0.08537	0.01948	0.07859	0.23596	0.17835	0.10309	0.01772	0.07276	0.01601	0.02846	0.01455	0.01016	0.00930	0.09063	0.00238	0.00815	0.00492	0.00300	0.00715
9	0.01283	0.12954	0.28381	0.04614	0.09124	0.01324	0.06185	0.07692	0.06221	0.05009	0.05631	0.01704	0.06287	0.00629	0.00527	0.00165	0.00642	0.00524	0.00342	0.00763
10	0.01294	0.01408	0.02779	0.09204	0.13914	0.03036	0.52120	0.01778	0.05500	0.01741	0.01137	0.01472	0.00868	0.00489	0.00611	0.00179	0.00836	0.00598	0.00288	0.00748
11	0.01973	0.02426	0.01699	0.01473	0.01789	0.66569	0.07639	0.07141	0.01591	0.01514	0.00897	0.01048	0.00729	0.00559	0.00509	0.00146	0.00951	0.00387	0.00298	0.00661
12	0.01051	0.00991	0.01675	0.74341	0.08773	0.01217	0.01525	0.01412	0.01100	0.01419	0.00973	0.01446	0.00736	0.00541	0.00545	0.00180	0.00721	0.00485	0.00244	0.00623
13	0.01130	0.00969	0.01130	0.00807	0.01292	0.00727	0.00646	0.01373	0.01130	0.01776	0.00969	0.01130	0.00807	0.00404	0.00404	0.00081	0.00404	0.00323	0.00323	0.84173
14	0.00785	0.00597	0.00878	0.00880	0.00966	0.00695	0.00677	0.00963	0.00887	0.01273	0.01575	0.09077	0.01552	0.05719	0.66835	0.00784	0.04393	0.00671	0.00310	0.00483
15	0.02012	0.01541	0.01599	0.01249	0.01668	0.04782	0.01023	0.66674	0.08588	0.03256	0.01365	0.01355	0.00979	0.00658	0.00544	0.00164	0.00602	0.00495	0.00535	0.00910
16	0.01566	0.00775	0.00977	0.00831	0.01108	0.00707	0.00654	0.05424	0.03705	0.35392	0.15029	0.11342	0.15429	0.00982	0.00591	0.00176	0.00380	0.00831	0.03391	0.00710
17	0.01560	0.01638	0.01767	0.01422	0.01768	0.28281	0.20091	0.08354	0.04563	0.05724	0.09920	0.01996	0.09062	0.00700	0.00573	0.00165	0.00732	0.00610	0.00392	0.00679
18	0.01505	0.74718	0.02749	0.00972	0.01423	0.08437	0.00943	0.01677	0.01144	0.01287	0.00765	0.00883	0.00700	0.00474	0.00361	0.00119	0.00616	0.00296	0.00237	0.00694
19	0.00770	0.00567	0.00645	0.00626	0.00795	0.00492	0.00469	0.00945	0.01335	0.05350	0.26752	0.09628	0.47093	0.01288	0.00643	0.00182	0.00282	0.01098	0.00543	0.00498
20	0.00938	0.00669	0.00812	0.00763	0.00862	0.00683	0.01905	0.07588	0.03678	0.01599	0.15099	0.05404	0.02519	0.43196	0.04259	0.00389	0.00509	0.06790	0.01873	0.00466
21	0.14472	0.01794	0.14446	0.01243	0.01647	0.20085	0.04605	0.09920	0.17316	0.02062	0.03809	0.01479	0.01115	0.00623	0.00506	0.00167	0.00662	0.01636	0.01680	0.00733
22	0.08761	0.02356	0.01543	0.01520	0.08340	0.65447	0.01070	0.02085	0.01467	0.01465	0.00852	0.01008	0.00707	0.00550	0.00483	0.00145	0.00907	0.00358	0.00285	0.00649

[dist]
# distance from previous block
# <min> <max>
4	7

[block]
# block no. 1 follows, 44 sequences, length 37
# corresponding to MSA columns:
# 64-100
name=unknown_B
#
# <colnr> <probs for GDERKNQSTAVLIFYWHMCP>
#	G	D	E	R	K	N	Q	S	T	A	V	L	I	F	Y	W	H	M	C	P
0	0.64376	0.01203	0.01006	0.00931	0.04117	0.05408	0.00718	0.09846	0.04416	0.02463	0.00897	0.01005	0.00690	0.00535	0.00386	0.00167	0.00480	0.00341	0.00364	0.00652
1	0.01349	0.01295	0.02213	0.03346	0.77440	0.01295	0.01673	0.01673	0.01241	0.01781	0.01025	0.01349	0.00864	0.00486	0.00540	0.00162	0.00648	0.00486	0.00270	0.00864
2	0.01709	0.01234	0.01313	0.01106	0.01463	0.04614	0.00878	0.14425	0.43554	0.17443	0.01952	0.01802	0.01409	0.00692	0.00543	0.00172	0.00488	0.00560	0.00556	0.04086
3	0.02056	0.00919	0.01288	0.01011	0.01384	0.00828	0.04783	0.04239	0.04435	0.56592	0.11353	0.05149	0.01878	0.00759	0.00571	0.00172	0.00459	0.00647	0.00630	0.00845
4	0.00742	0.00552	0.00691	0.00665	0.00799	0.00500	0.00495	0.00968	0.01460	0.02010	0.59774	0.08585	0.18350	0.01197	0.00646	0.00177	0.00264	0.01048	0.00578	0.00500
5	0.01059	0.01061	0.03810	0.01347	0.01662	0.03468	0.27151	0.02649	0.05872	0.01983	0.36465	0.04816	0.02991	0.00842	0.00632	0.00179	0.00553	0.02376	0.00457	0.00630
6	0.01333	0.01260	0.02122	0.15748	0.58623	0.01306	0.04183	0.05611	0.01289	0.01805	0.01034	0.01369	0.00843	0.00504	0.00545	0.00166	0.00668	0.00491	0.00280	0.00820
7	0.02229	0.05512	0.01375	0.00996	0.01404	0.01006	0.00827	0.12202	0.04821	0.57259	0.03580	0.01787	0.01354	0.00672	0.00536	0.00165	0.00478	0.00538	0.02366	0.00894
8	0.00711	0.00501	0.00656	0.00750	0.00811	0.00470	0.00527	0.00848	0.01137	0.01549	0.13008	0.58737	0.05802	0.01554	0.00677	0.00211	0.00318	0.06894	0.04378	0.00460
9	0.01290	0.31525	0.41632	0.01287	0.01900	0.07864	0.01489	0.01697	0.01164	0.01520	0.00953	0.03633	0.00790	0.00542	0.00460	0.00151	0.00722	0.00395	0.00244	0.00741
10	0.01503	0.07213	0.03688	0.01758	0.14743	0.02677	0.17654	0.18674	0.06317	0.05407	0.03640	0.03706	0.01145	0.00632	0.00628	0.00171	0.05479	0.00560	0.03623	0.00782
11	0.00664	0.00474	0.00633	0.00759	0.00791	0.00443	0.00506	0.00759	0.01044	0.01392	0.03005	0.80485	0.03606	0.01708	0.00696	0.00221	0.00316	0.01550	0.00506	0.00443
12	0.01633	0.00866	0.01113	0.00971	0.03838	0.00822	0.00741	0.09421	0.05695	0.33030	0.30138	0.02718	0.04916	0.00854	0.00586	0.00170	0.00400	0.00725	0.00608	0.00754
13	0.06134	0.01629	0.20042	0.03726	0.07667	0.02477	0.22928	0.06733	0.02905	0.12866	0.03355	0.02721	0.01040	0.00582	0.00592	0.00176	0.02747	0.00542	0.00360	0.00777
14	0.01432	0.08383	0.24098	0.03864	0.13871	0.04596	0.15420	0.13579	0.04337	0.03606	0.01111	0.01295	0.00835	0.00534	0.00537	0.00166	0.00735	0.00477	0.00320	0.00805
15	0.59944	0.05261	0.01190	0.02335	0.05755	0.10047	0.03358	0.03521	0.01081	0.02206	0.00813	0.00964	0.00643	0.00512	0.00387	0.00163	0.00533	0.00333	0.00323	0.00630
16	0.01343	0.01361	0.07925	0.06747	0.55323	0.01274	0.03157	0.03492	0.01246	0.04691	0.01117	0.03812	0.00941	0.00563	0.00608	0.00170	0.04598	0.00518	0.00294	0.00821
17	0.00676	0.00548	0.00600	0.00599	0.00759	0.00472	0.00444	0.00839	0.01300	0.01636	0.22348	0.10254	0.54939	0.01341	0.00648	0.00184	0.00274	0.01140	0.00529	0.00472
18	0.01007	0.00891	0.01321	0.13476	0.26555	0.00905	0.01030	0.02933	0.03114	0.01664	0.06832	0.07917	0.23936	0.03210	0.00649	0.00186	0.00486	0.00793	0.02460	0.00635
19	0.05869	0.02517	0.64169	0.01437	0.02158	0.01265	0.01785	0.07657	0.01252	0.01918	0.01027	0.01187	0.00735	0.00533	0.00504	0.00170	0.00744	0.00408	0.03875	0.00791
20	0.01349	0.01295	0.02213	0.03346	0.77440	0.01295	0.01673	0.01673	0.01241	0.01781	0.01025	0.01349	0.00864	0.00486	0.00540	0.00162	0.00648	0.00486	0.00270	0.00864
21	0.01195	0.00930	0.00996	0.00903	0.01133	0.05057	0.00696	0.04685	0.25921	0.07912	0.29414	0.06401	0.09396	0.00966	0.00599	0.00178	0.00390	0.01995	0.00558	0.00674
22	0.00792	0.00580	0.00856	0.00856	0.00955	0.00672	0.00665	0.00990	0.00891	0.01307	0.01477	0.02136	0.01365	0.03903	0.74464	0.00836	0.01395	0.00580	0.04792	0.00488
23	0.81233	0.01119	0.00832	0.00746	0.01081	0.04463	0.00610	0.01627	0.00954	0.02400	0.00763	0.00890	0.00595	0.00508	0.00344	0.00168	0.00445	0.00298	0.00335	0.00592
24	0.01349	0.01295	0.02213	0.03346	0.77440	0.01295	0.01673	0.01673	0.01241	0.01781	0.01025	0.01349	0.00864	0.00486	0.00540	0.00162	0.00648	0.00486	0.00270	0.00864
25	0.01316	0.01473	0.03158	0.02259	0.02806	0.01390	0.72667	0.04518	0.01335	0.01810	0.01111	0.01465	0.00831	0.00467	0.00640	0.00183	0.00907	0.00638	0.00286	0.00742
26	0.01307	0.01241	0.02080	0.07431	0.67143	0.01260	0.01584	0.01678	0.04162	0.01796	0.04254	0.01496	0.01066	0.00525	0.00545	0.00164	0.00627	0.00512	0.00293	0.00834
27	0.00695	0.00554	0.00622	0.00605	0.00767	0.00482	0.00454	0.00880	0.01362	0.01756	0.33929	0.04781	0.48635	0.01275	0.00644	0.00179	0.00269	0.01085	0.00543	0.00482
28	0.00780	0.00580	0.00853	0.00853	0.00943	0.00669	0.00653	0.00959	0.00869	0.01249	0.01481	0.02257	0.01413	0.10276	0.72561	0.00848	0.01385	0.00601	0.00295	0.00474
29	0.01041	0.00603	0.00730	0.00678	0.00808	0.00589	0.00490	0.03130	0.01230	0.09502	0.23999	0.03000	0.02633	0.21656	0.07134	0.00306	0.00449	0.00732	0.20772	0.00516
30	0.01518	0.00752	0.00968	0.00801	0.01091	0.00654	0.00634	0.01725	0.01428	0.35347	0.22071	0.02988	0.14648	0.03467	0.02779	0.00196	0.00404	0.00751	0.00579	0.07198
31	0.01473	0.36643	0.02067	0.01278	0.10546	0.10219	0.00973	0.05791	0.01294	0.05517	0.05444	0.04778	0.03141	0.00630	0.00506	0.00142	0.03557	0.00471	0.00328	0.05199
32	0.01287	0.01471	0.03217	0.02298	0.02849	0.01379	0.75460	0.01746	0.01287	0.01746	0.01103	0.01471	0.00827	0.00460	0.00643	0.00184	0.00919	0.00643	0.00276	0.00735
33	0.03384	0.13976	0.20251	0.03816	0.07444	0.09248	0.01263	0.14245	0.06775	0.10670	0.01206	0.01279	0.00892	0.00566	0.00496	0.00157	0.00657	0.00431	0.00370	0.02873
34	0.06130	0.08729	0.10525	0.04763	0.04065	0.07163	0.29025	0.12761	0.03616	0.02886	0.02771	0.01460	0.00962	0.00556	0.00553	0.00170	0.00749	0.02033	0.00334	0.00747
35	0.01191	0.01184	0.09461	0.01000	0.01231	0.08192	0.03383	0.09202	0.08123	0.03989	0.01727	0.09562	0.01727	0.32085	0.01437	0.00318	0.00591	0.04630	0.00392	0.00574
36	0.04423	0.07163	0.12661	0.01051	0.02601	0.04061	0.00944	0.05381	0.04858	0.04290	0.04736	0.05900	0.05507	0.02501	0.00658	0.00159	0.07746	0.00537	0.02956	0.21866

[dist]
# distance from previous block
# <min> <max>
0	3

[block]
# block no. 2 follows, 44 sequences, length 68
# corresponding to MSA columns:
# 104-153,176-193
name=unknown_C
#
# <colnr> <probs for GDERKNQSTAVLIFYWHMCP>
#	G	D	E	R	K	N	Q	S	T	A	V	L	I	F	Y	W	H	M	C	P
0	0.01105	0.06100	0.14276	0.01013	0.03408	0.03570	0.00901	0.01436	0.03680	0.08004	0.35432	0.05863	0.02949	0.03514	0.00681	0.00179	0.02733	0.00736	0.00464	0.03957
1	0.04087	0.15876	0.06815	0.01154	0.02905	0.07441	0.03015	0.23525	0.01553	0.03987	0.01357	0.11733	0.01256	0.05882	0.00703	0.00185	0.03507	0.00589	0.00392	0.04037
2	0.01420	0.29767	0.24854	0.03313	0.06499	0.06189	0.01313	0.04546	0.03999	0.06934	0.01147	0.01444	0.00940	0.00583	0.00478	0.00155	0.00663	0.04692	0.00308	0.00754
3	0.03427	0.06114	0.14477	0.08918	0.05989	0.09321	0.05679	0.17502	0.05072	0.14510	0.02917	0.01424	0.01010	0.00594	0.00528	0.00165	0.00666	0.00481	0.00406	0.00799
4	0.04117	0.19300	0.37451	0.01409	0.04674	0.01386	0.07347	0.04040	0.01200	0.01689	0.01281	0.04491	0.03242	0.00640	0.00513	0.00168	0.00686	0.05347	0.00286	0.00732
5	0.03954	0.00772	0.03103	0.00930	0.03931	0.02937	0.00677	0.03577	0.06765	0.01670	0.08000	0.40814	0.12399	0.01344	0.00644	0.00203	0.00390	0.06863	0.00487	0.00540
6	0.04522	0.01293	0.04768	0.14974	0.32899	0.05630	0.05884	0.04167	0.03337	0.08666	0.03833	0.01566	0.01070	0.03489	0.00635	0.00182	0.01474	0.00515	0.00334	0.00761
7	0.07437	0.24227	0.17247	0.01400	0.09398	0.02535	0.06625	0.05518	0.02808	0.11581	0.03545	0.01326	0.00989	0.00549	0.00475	0.00154	0.00617	0.00437	0.02367	0.00765
8	0.00758	0.00554	0.00731	0.00831	0.00923	0.00533	0.00647	0.00923	0.01141	0.01484	0.03184	0.34366	0.12995	0.04448	0.03798	0.00265	0.00439	0.31023	0.00490	0.00467
9	0.01402	0.66367	0.11992	0.01099	0.01612	0.01997	0.06024	0.01651	0.01125	0.01367	0.00808	0.00948	0.00707	0.00472	0.00390	0.00128	0.00632	0.00328	0.00236	0.00715
10	0.08197	0.03330	0.01430	0.09367	0.04093	0.04109	0.06113	0.16156	0.05943	0.15466	0.04398	0.10242	0.03683	0.00792	0.00557	0.00177	0.00544	0.03336	0.01337	0.00730
11	0.03543	0.10252	0.21252	0.08876	0.15230	0.05763	0.12588	0.02397	0.01171	0.01623	0.01001	0.03499	0.00832	0.00584	0.00658	0.00174	0.09079	0.00485	0.00263	0.00729
12	0.00890	0.00619	0.00657	0.00622	0.00825	0.00549	0.00471	0.01118	0.05497	0.08878	0.04606	0.04446	0.57495	0.03982	0.00685	0.00190	0.00310	0.01003	0.06628	0.00527
13	0.02808	0.04014	0.07117	0.01322	0.05598	0.13380	0.03643	0.21965	0.10782	0.15613	0.05849	0.02807	0.01306	0.00664	0.00539	0.00165	0.00617	0.00529	0.00471	0.00812
14	0.02851	0.11066	0.28682	0.06947	0.06898	0.10736	0.05378	0.05634	0.03654	0.11418	0.01147	0.01271	0.00838	0.00548	0.00509	0.00162	0.00720	0.00436	0.00327	0.00778
15	0.00723	0.00547	0.00678	0.01786	0.00856	0.00522	0.00521	0.00932	0.05691	0.01537	0.11469	0.51332	0.15972	0.03849	0.00732	0.00216	0.00322	0.01327	0.00511	0.00478
16	0.06054	0.01538	0.08917	0.07337	0.04063	0.07056	0.05623	0.25609	0.20946	0.05177	0.01431	0.01475	0.01051	0.00624	0.00536	0.00171	0.00620	0.00505	0.00444	0.00821
17	0.01518	0.06055	0.23680	0.01333	0.03408	0.07211	0.05869	0.15495	0.07364	0.11001	0.01575	0.06755	0.03967	0.00688	0.00542	0.00170	0.00645	0.00565	0.01375	0.00784
18	0.01260	0.04678	0.17157	0.11788	0.30124	0.05574	0.07101	0.01711	0.06043	0.01698	0.03060	0.03596	0.01028	0.00577	0.00567	0.00170	0.02296	0.00516	0.00291	0.00765
19	0.00733	0.00540	0.00717	0.03667	0.00919	0.00522	0.00552	0.00913	0.01231	0.01689	0.29851	0.34509	0.10323	0.01611	0.07648	0.00255	0.00408	0.01162	0.02269	0.00482
20	0.01501	0.01401	0.06814	0.05905	0.22130	0.01308	0.24915	0.12587	0.04235	0.09597	0.01293	0.01582	0.00984	0.00563	0.00580	0.00175	0.00710	0.02542	0.00365	0.00813
21	0.03726	0.03959	0.16064	0.01407	0.04310	0.08220	0.08505	0.20977	0.15348	0.07538	0.01492	0.01528	0.03191	0.00624	0.00539	0.00169	0.00651	0.00512	0.00422	0.00817
22	0.01079	0.00782	0.01036	0.04009	0.10303	0.00779	0.00760	0.06558	0.07218	0.08039	0.15313	0.26693	0.10892	0.03150	0.00676	0.00197	0.00403	0.00994	0.00500	0.00618
23	0.01380	0.03446	0.21677	0.01819	0.05218	0.04422	0.33852	0.06439	0.03662	0.07114	0.03070	0.03120	0.01019	0.00558	0.00581	0.00175	0.00780	0.00568	0.00329	0.00771
24	0.03510	0.03895	0.13369	0.06048	0.09679	0.09263	0.30050	0.04233	0.08436	0.03227	0.01151	0.01381	0.00874	0.00532	0.00583	0.00173	0.02008	0.00524	0.00310	0.00756
25	0.01374	0.04859	0.28055	0.08002	0.02118	0.07276	0.10110	0.15171	0.01431	0.03352	0.01200	0.04515	0.00989	0.03198	0.00668	0.00186	0.03883	0.02542	0.00328	0.00742
26	0.00917	0.00582	0.00671	0.00665	0.00800	0.00560	0.00489	0.04791	0.01272	0.04042	0.15310	0.20666	0.14957	0.03209	0.02750	0.00199	0.00336	0.00939	0.26331	0.00515
27	0.03878	0.01237	0.04796	0.27625	0.40896	0.01255	0.07557	0.01570	0.01183	0.01666	0.01094	0.01450	0.02347	0.00523	0.00545	0.00171	0.00686	0.00502	0.00267	0.00751
28	0.03072	0.01622	0.17456	0.03204	0.06202	0.05380	0.14833	0.13147	0.05389	0.10649	0.06297	0.01570	0.01191	0.00661	0.01377	0.00182	0.06069	0.00535	0.00387	0.00777
29	0.01099	0.00912	0.01217	0.07474	0.08198	0.06504	0.05246	0.03727	0.01244	0.06061	0.04572	0.31770	0.02421	0.01178	0.00677	0.00204	0.02762	0.13708	0.00440	0.00586
30	0.01206	0.10797	0.57417	0.04587	0.02262	0.01391	0.04360	0.06450	0.03370	0.01792	0.01015	0.01180	0.00740	0.00527	0.00509	0.00167	0.00759	0.00414	0.00262	0.00794
31	0.04195	0.01171	0.01285	0.01110	0.04019	0.05517	0.00855	0.20003	0.15998	0.24771	0.05951	0.02811	0.05482	0.00735	0.00545	0.00169	0.00495	0.00591	0.03476	0.00820
32	0.01158	0.01673	0.26479	0.04455	0.09363	0.04123	0.12206	0.06533	0.03110	0.01769	0.03667	0.17738	0.01501	0.00799	0.00617	0.00184	0.02861	0.00714	0.00340	0.00707
33	0.00683	0.00501	0.00675	0.00766	0.00818	0.00470	0.01660	0.00789	0.01056	0.01403	0.04604	0.68114	0.07907	0.04633	0.02928	0.00247	0.00361	0.01445	0.00492	0.00447
34	0.05777	0.04329	0.04496	0.15006	0.25428	0.01178	0.01223	0.06076	0.03432	0.15189	0.01471	0.03884	0.03696	0.00633	0.00563	0.00170	0.02869	0.00535	0.03280	0.00766
35	0.09416	0.12911	0.21295	0.01238	0.01720	0.06609	0.05025	0.14076	0.09283	0.04914	0.04876	0.01542	0.01150	0.00622	0.00505	0.00165	0.00633	0.02880	0.00376	0.00762
36	0.00678	0.00486	0.00640	0.00747	0.00787	0.00458	0.00501	0.00778	0.01048	0.01399	0.05410	0.69187	0.05642	0.05708	0.03530	0.00257	0.00364	0.01448	0.00493	0.00442
37	0.04232	0.01699	0.04575	0.04434	0.19854	0.23831	0.08957	0.11661	0.06138	0.01881	0.01315	0.03875	0.03885	0.00619	0.00540	0.00164	0.00731	0.00521	0.00344	0.00743
38	0.10616	0.01577	0.01519	0.01254	0.03697	0.12963	0.00989	0.48517	0.02117	0.09621	0.01250	0.01267	0.00895	0.00623	0.00516	0.00161	0.00628	0.00455	0.00489	0.00847
39	0.04978	0.01419	0.05506	0.01273	0.03763	0.04460	0.03160	0.33289	0.13291	0.16726	0.01537	0.01561	0.01106	0.00669	0.00588	0.00172	0.03492	0.01642	0.00509	0.00861
40	0.00789	0.00597	0.00766	0.00809	0.00948	0.00533	0.00608	0.00948	0.01120	0.01516	0.02812	0.45115	0.08120	0.01422	0.00656	0.00202	0.00370	0.17747	0.00475	0.14447
41	0.01483	0.01238	0.01333	0.01200	0.03669	0.01414	0.00917	0.15818	0.61111	0.02472	0.02022	0.01885	0.01510	0.00717	0.00553	0.00180	0.00468	0.00590	0.00545	0.00874
42	0.01270	0.03147	0.01218	0.01129	0.04090	0.04192	0.00842	0.03857	0.52321	0.02084	0.05022	0.10580	0.04135	0.00872	0.00573	0.00185	0.00447	0.02746	0.00519	0.00772
43	0.04379	0.14387	0.33393	0.01303	0.03427	0.03954	0.05239	0.01746	0.03290	0.08402	0.03918	0.03761	0.01049	0.00574	0.00493	0.00155	0.00650	0.00462	0.00319	0.09099
44	0.01228	0.19969	0.46940	0.01413	0.02052	0.01444	0.07166	0.01696	0.01168	0.04274	0.03911	0.01252	0.00899	0.00548	0.00546	0.00163	0.03877	0.00427	0.00264	0.00761
45	0.01721	0.00787	0.01040	0.00904	0.01196	0.00715	0.00738	0.01981	0.04321	0.43254	0.06644	0.08824	0.07111	0.00973	0.00601	0.00188	0.00426	0.13911	0.03922	0.00742
46	0.01177	0.01237	0.11023	0.09840	0.26153	0.01056	0.06176	0.03045	0.05245	0.05586	0.03589	0.10047	0.10646	0.00772	0.00574	0.00177	0.00577	0.00698	0.01661	0.00720
47	0.02326	0.01377	0.15330	0.11039	0.18670	0.03060	0.01255	0.09924	0.01382	0.09600	0.04315	0.08700	0.06325	0.00733	0.00553	0.00172	0.00587	0.00628	0.03285	0.00738
48	0.01194	0.03765	0.38910	0.03895	0.15379	0.01304	0.19750	0.01735	0.03604	0.01738	0.01098	0.01415	0.00846	0.00529	0.00556	0.00175	0.00780	0.02276	0.00265	0.00786
49	0.00844	0.00718	0.01000	0.04073	0.12318	0.00681	0.03302	0.03367	0.01238	0.01604	0.07759	0.26664	0.31863	0.01244	0.00637	0.00190	0.00392	0.01098	0.00460	0.00548
50	0.03548	0.06587	0.20441	0.03060	0.16684	0.05337	0.11266	0.07821	0.01349	0.09082	0.03384	0.03670	0.01039	0.00598	0.00586	0.00170	0.03748	0.00514	0.00337	0.00778
51	0.01332	0.01727	0.27826	0.07719	0.21188	0.03284	0.04959	0.01822	0.06260	0.10226	0.01301	0.04169	0.01013	0.00688	0.02786	0.00192	0.00701	0.00517	0.01501	0.00789
52	0.00741	0.00528	0.00668	0.00745	0.00822	0.00497	0.00518	0.00895	0.03274	0.03294	0.05282	0.56215	0.14009	0.04802	0.02924	0.00243	0.00361	0.03210	0.00501	0.00469
53	0.01345	0.01589	0.18688	0.08012	0.22111	0.02933	0.07473	0.05552	0.16185	0.05690	0.01389	0.04249	0.01090	0.00608	0.00552	0.00174	0.00652	0.00544	0.00358	0.00807
54	0.03066	0.06928	0.23908	0.02053	0.27763	0.01366	0.05493	0.07776	0.09907	0.04756	0.01194	0.01352	0.00910	0.00542	0.00525	0.00166	0.00664	0.00472	0.00327	0.00831
55	0.01156	0.09433	0.48299	0.11500	0.09018	0.01324	0.02872	0.03813	0.01187	0.01686	0.01054	0.04349	0.00836	0.00564	0.00518	0.00170	0.00738	0.00462	0.00256	0.00764
56	0.00992	0.00825	0.03114	0.02705	0.00949	0.07909	0.00574	0.01261	0.03202	0.01874	0.20288	0.03008	0.17101	0.00885	0.00518	0.00154	0.00361	0.00732	0.33013	0.00533
57	0.01516	0.12603	0.19035	0.05806	0.10786	0.01308	0.06110	0.08637	0.05108	0.15502	0.02959	0.01564	0.01081	0.00594	0.00523	0.00164	0.00629	0.02580	0.00382	0.03114
58	0.09907	0.03581	0.09119	0.08240	0.17886	0.02925	0.09574	0.07993	0.03686	0.08589	0.07813	0.03867	0.03176	0.00642	0.00540	0.00170	0.00604	0.00566	0.00379	0.00744
59	0.00780	0.00565	0.00773	0.00838	0.00907	0.00596	0.00630	0.00940	0.01046	0.01463	0.04216	0.38961	0.02735	0.02094	0.18818	0.00370	0.04696	0.12326	0.06767	0.00477
60	0.03327	0.01493	0.15692	0.09660	0.24067	0.01269	0.07265	0.08772	0.11974	0.02874	0.03258	0.03241	0.01169	0.00622	0.00555	0.00175	0.00642	0.02802	0.00354	0.00789
61	0.04191	0.03786	0.31833	0.05942	0.04725	0.03503	0.02291	0.09621	0.08234	0.11778	0.02533	0.02531	0.01028	0.00614	0.00560	0.00172	0.02987	0.00484	0.02397	0.00791
62	0.01237	0.01434	0.11884	0.26031	0.40882	0.03746	0.01637	0.01602	0.01182	0.01630	0.00988	0.01339	0.00790	0.00523	0.00571	0.00171	0.02864	0.00470	0.00256	0.00763
63	0.00667	0.00484	0.00623	0.00733	0.00779	0.00447	0.00491	0.00763	0.01054	0.01388	0.03206	0.70477	0.10726	0.04425	0.00763	0.00228	0.00320	0.01485	0.00500	0.00441
64	0.07337	0.18047	0.16025	0.03384	0.19410	0.04925	0.05545	0.04924	0.04133	0.04119	0.01079	0.01305	0.00867	0.02829	0.00545	0.00166	0.00645	0.00437	0.03526	0.00752
65	0.06881	0.04149	0.10822	0.05508	0.22788	0.10678	0.03298	0.05618	0.07960	0.05849	0.01503	0.01650	0.06627	0.00745	0.03448	0.00192	0.00673	0.00513	0.00348	0.00751
66	0.03803	0.00546	0.00651	0.00707	0.00820	0.00500	0.00507	0.00894	0.01151	0.04311	0.06941	0.44921	0.26394	0.01490	0.00661	0.00205	0.00318	0.04193	0.00510	0.00477
67	0.01313	0.01298	0.07001	0.07389	0.34351	0.01237	0.06909	0.09982	0.08170	0.01956	0.01462	0.02178	0.01284	0.00695	0.00582	0.00182	0.00636	0.12236	0.00360	0.00782

[dist]
# distance from previous block
# <min> <max>
0	7

[block]
# block no. 3 follows, 44 sequences, length 7
# corresponding to MSA columns:
# 201-207
name=unknown_D
#
# <colnr> <probs for GDERKNQSTAVLIFYWHMCP>
#	G	D	E	R	K	N	Q	S	T	A	V	L	I	F	Y	W	H	M	C	P
0	0.01037	0.10019	0.01067	0.00786	0.01014	0.05848	0.00624	0.09920	0.01488	0.01894	0.26486	0.07265	0.28375	0.01070	0.00591	0.00169	0.00391	0.00890	0.00495	0.00570
1	0.01481	0.11606	0.07408	0.02868	0.01496	0.01285	0.00938	0.23292	0.11640	0.07459	0.01655	0.15513	0.01470	0.00794	0.00533	0.00164	0.00515	0.00652	0.00455	0.08776
2	0.01291	0.04986	0.05207	0.06064	0.05263	0.01056	0.05553	0.11335	0.06456	0.05238	0.06202	0.06183	0.01383	0.03951	0.00603	0.00158	0.00517	0.00549	0.00393	0.27611
3	0.01463	0.01925	0.32979	0.01592	0.10130	0.04486	0.03432	0.13282	0.03470	0.10465	0.01273	0.04996	0.00988	0.00646	0.00631	0.00176	0.06391	0.00511	0.00359	0.00805
4	0.01254	0.13874	0.41287	0.01472	0.06813	0.01356	0.04472	0.06355	0.05194	0.03903	0.07852	0.01470	0.01188	0.00583	0.00515	0.00164	0.00677	0.00474	0.00317	0.00779
5	0.01325	0.01097	0.01757	0.16059	0.43170	0.01137	0.01353	0.05213	0.01268	0.07236	0.01304	0.06480	0.01122	0.03569	0.00625	0.00181	0.00598	0.00570	0.05177	0.00759
6	0.01381	0.07053	0.24907	0.10750	0.19776	0.10591	0.01500	0.01850	0.06664	0.06428	0.01174	0.01443	0.00918	0.00569	0.00523	0.00166	0.00709	0.02519	0.00306	0.00772

[dist]
# distance from previous block
# <min> <max>
0	9

[block]
# block no. 4 follows, 44 sequences, length 49
# corresponding to MSA columns:
# 217-265
name=unknown_E
#
# <colnr> <probs for GDERKNQSTAVLIFYWHMCP>
#	G	D	E	R	K	N	Q	S	T	A	V	L	I	F	Y	W	H	M	C	P
0	0.01417	0.07944	0.03644	0.08854	0.46255	0.01392	0.06238	0.08531	0.05136	0.03725	0.01116	0.01365	0.00891	0.00521	0.00532	0.00163	0.00650	0.00487	0.00314	0.00827
1	0.00954	0.00624	0.00782	0.00797	0.04148	0.00555	0.00563	0.01139	0.01346	0.11792	0.25911	0.15130	0.31759	0.01217	0.00634	0.00183	0.00317	0.01051	0.00546	0.00553
2	0.00984	0.01083	0.11820	0.01227	0.05393	0.00893	0.09916	0.01350	0.05760	0.03264	0.03668	0.04688	0.13004	0.02729	0.24870	0.00400	0.02761	0.01686	0.03892	0.00611
3	0.05662	0.06947	0.11188	0.13064	0.24059	0.03020	0.07187	0.11180	0.01377	0.06022	0.01219	0.02945	0.02596	0.00573	0.00528	0.00167	0.00660	0.00502	0.00330	0.00774
4	0.01521	0.13274	0.21055	0.06193	0.05601	0.10960	0.03451	0.05723	0.08904	0.12001	0.01317	0.04035	0.01018	0.00607	0.00510	0.00162	0.00666	0.00483	0.01750	0.00768
5	0.01059	0.01005	0.01511	0.28600	0.07430	0.02922	0.03053	0.01287	0.01006	0.01382	0.01199	0.10796	0.01165	0.03506	0.07472	0.00269	0.24841	0.00626	0.00283	0.00587
6	0.05920	0.16925	0.17645	0.04316	0.16489	0.08930	0.06370	0.02609	0.02825	0.06248	0.01239	0.01484	0.03473	0.00576	0.00501	0.00160	0.00676	0.02560	0.00307	0.00746
7	0.01255	0.01160	0.04725	0.07895	0.27755	0.01140	0.05395	0.10171	0.08518	0.03502	0.03400	0.13871	0.06168	0.00800	0.00597	0.00179	0.01613	0.00721	0.00392	0.00742
8	0.00942	0.00696	0.00890	0.00882	0.01002	0.04014	0.00676	0.01159	0.03272	0.05642	0.04317	0.09156	0.01842	0.09184	0.47562	0.00631	0.01071	0.06180	0.00368	0.00515
9	0.01103	0.00896	0.02511	0.02045	0.05506	0.03081	0.00740	0.13158	0.04624	0.02148	0.31791	0.07089	0.07894	0.03673	0.00693	0.00185	0.02196	0.02945	0.07110	0.00613
10	0.04598	0.01194	0.01930	0.15754	0.51688	0.01240	0.01489	0.01771	0.05242	0.08116	0.01163	0.01428	0.00913	0.00526	0.00534	0.00167	0.00625	0.00490	0.00317	0.00815
11	0.01170	0.02497	0.64830	0.01483	0.02192	0.01218	0.03365	0.01730	0.01172	0.06478	0.03347	0.01340	0.00895	0.02169	0.00620	0.00182	0.03809	0.00445	0.00272	0.00786
12	0.00873	0.00503	0.00746	0.00760	0.00789	0.00526	0.00532	0.00785	0.00789	0.01078	0.01299	0.10044	0.01336	0.02459	0.22371	0.53169	0.00720	0.00616	0.00280	0.00325
13	0.01167	0.01103	0.01738	0.43614	0.23611	0.03810	0.03222	0.04448	0.01207	0.01589	0.01184	0.08669	0.01039	0.00639	0.00558	0.00178	0.00675	0.00582	0.00288	0.00679
14	0.01330	0.01270	0.02132	0.07878	0.69418	0.01293	0.01626	0.01713	0.04732	0.01781	0.01078	0.01388	0.00892	0.00501	0.00541	0.00164	0.00642	0.00492	0.00281	0.00848
15	0.01030	0.00969	0.01635	0.79530	0.03755	0.01211	0.01514	0.01393	0.01090	0.01393	0.00969	0.01453	0.00727	0.00545	0.00545	0.00182	0.00727	0.00484	0.00242	0.00606
16	0.01336	0.01281	0.02188	0.06617	0.74276	0.01292	0.01666	0.01661	0.01235	0.01764	0.01023	0.01354	0.00858	0.00488	0.00540	0.00163	0.00651	0.00486	0.00269	0.00852
17	0.01118	0.01085	0.01677	0.59929	0.12266	0.04830	0.01473	0.01450	0.01121	0.01440	0.01020	0.01561	0.00822	0.00593	0.00616	0.00183	0.05006	0.02920	0.00256	0.00634
18	0.00816	0.00652	0.00974	0.00958	0.01112	0.00614	0.08173	0.01010	0.01195	0.01545	0.05476	0.22990	0.19183	0.01423	0.00748	0.03062	0.00442	0.28659	0.00475	0.00494
19	0.07132	0.00765	0.00862	0.00739	0.00993	0.00758	0.00587	0.06596	0.04995	0.23699	0.05297	0.01952	0.01485	0.00666	0.00457	0.00149	0.00356	0.00531	0.41302	0.00678
20	0.01444	0.01456	0.06018	0.01179	0.01483	0.16858	0.02256	0.13495	0.21545	0.02075	0.06174	0.02649	0.01793	0.00856	0.00584	0.00184	0.00602	0.16325	0.02310	0.00715
21	0.01310	0.45102	0.29793	0.01293	0.01889	0.01760	0.08824	0.01678	0.01141	0.01488	0.00872	0.01034	0.00709	0.00484	0.00440	0.00143	0.00697	0.00367	0.00236	0.00741
22	0.00857	0.00596	0.00744	0.00793	0.00947	0.00549	0.00643	0.01043	0.01248	0.06263	0.05514	0.15298	0.30884	0.01426	0.00690	0.00215	0.00385	0.30884	0.00517	0.00505
23	0.00753	0.00569	0.00678	0.00716	0.00835	0.00530	0.00524	0.03234	0.02406	0.01624	0.13846	0.32954	0.27512	0.03376	0.00717	0.00209	0.00326	0.07178	0.01530	0.00483
24	0.09813	0.35713	0.12689	0.01093	0.01538	0.14915	0.01050	0.06325	0.01283	0.05752	0.01018	0.04718	0.00872	0.00575	0.00435	0.00144	0.00649	0.00403	0.00307	0.00706
25	0.04708	0.00964	0.01168	0.00943	0.01290	0.00950	0.00767	0.10912	0.09672	0.42483	0.02135	0.01989	0.05986	0.00721	0.00564	0.00168	0.02767	0.00571	0.10421	0.00821
26	0.00672	0.00553	0.00591	0.00582	0.00754	0.00472	0.00436	0.00837	0.01309	0.01630	0.21293	0.04988	0.61350	0.01322	0.00644	0.00181	0.00272	0.01114	0.00527	0.00472
27	0.00721	0.00525	0.00681	0.00790	0.00842	0.00508	0.00546	0.00902	0.05134	0.01446	0.02910	0.68329	0.03412	0.04321	0.00763	0.00232	0.00343	0.06624	0.00502	0.00466
28	0.01119	0.05909	0.70647	0.01572	0.02349	0.01309	0.06222	0.01724	0.01157	0.01710	0.00977	0.01158	0.00699	0.00512	0.00518	0.00171	0.00803	0.00412	0.00233	0.00797
29	0.52367	0.01512	0.01056	0.00943	0.01254	0.24036	0.00739	0.05647	0.01190	0.02111	0.00854	0.01052	0.00701	0.03980	0.00498	0.00176	0.00601	0.00343	0.00331	0.00609
30	0.00783	0.00563	0.00803	0.00816	0.00899	0.00633	0.00613	0.00954	0.00902	0.01307	0.01659	0.10154	0.01648	0.10692	0.59009	0.00732	0.01185	0.00696	0.05484	0.00469
31	0.01185	0.01001	0.01160	0.00833	0.01315	0.00783	0.00669	0.05671	0.01213	0.01873	0.00989	0.01141	0.00814	0.00418	0.00412	0.00086	0.00415	0.00333	0.00336	0.79354
32	0.09061	0.01285	0.01956	0.02641	0.52791	0.04561	0.05416	0.04658	0.01280	0.04397	0.01169	0.06205	0.01018	0.00578	0.00535	0.00167	0.00627	0.00539	0.00316	0.00800
33	0.04860	0.03983	0.01548	0.02858	0.01647	0.13391	0.00995	0.43428	0.17017	0.02741	0.01376	0.01378	0.01017	0.00644	0.00526	0.00163	0.00621	0.00481	0.00484	0.00843
34	0.01349	0.01295	0.02213	0.03346	0.77440	0.01295	0.01673	0.01673	0.01241	0.01781	0.01025	0.01349	0.00864	0.00486	0.00540	0.00162	0.00648	0.00486	0.00270	0.00864
35	0.01337	0.05858	0.01986	0.05943	0.52197	0.01326	0.01424	0.03989	0.13043	0.01881	0.04745	0.01559	0.01174	0.00561	0.00536	0.00164	0.00594	0.00518	0.00335	0.00829
36	0.01408	0.03317	0.20778	0.01577	0.02085	0.03458	0.25962	0.05302	0.06167	0.12002	0.08533	0.01685	0.01324	0.00611	0.00616	0.00176	0.03282	0.00574	0.00377	0.00766
37	0.00713	0.00495	0.00618	0.00697	0.00717	0.00475	0.00440	0.00772	0.00949	0.01265	0.02519	0.51428	0.02992	0.31601	0.01481	0.00337	0.00396	0.01264	0.00440	0.00400
38	0.00862	0.00557	0.00739	0.00789	0.00871	0.00552	0.00576	0.00995	0.01045	0.06097	0.02461	0.32989	0.04207	0.15916	0.14027	0.00382	0.00580	0.12656	0.03227	0.00472
39	0.01243	0.18688	0.51303	0.01532	0.05790	0.01479	0.05141	0.05707	0.01229	0.01732	0.00959	0.01127	0.00720	0.00510	0.00492	0.00161	0.00746	0.00400	0.00252	0.00790
40	0.01164	0.14149	0.62044	0.01434	0.02158	0.01402	0.01781	0.01789	0.06048	0.01698	0.01027	0.01168	0.00755	0.00525	0.00496	0.00165	0.00749	0.00401	0.00252	0.00794
41	0.00826	0.00621	0.00756	0.04520	0.00996	0.00590	0.00571	0.01111	0.06355	0.04368	0.29929	0.13742	0.29036	0.01224	0.00639	0.00186	0.00320	0.03147	0.00536	0.00528
42	0.76228	0.01057	0.00855	0.00759	0.01076	0.01235	0.00624	0.03373	0.00969	0.02403	0.00800	0.00944	0.00628	0.00535	0.00414	0.00171	0.04272	0.00315	0.02745	0.00596
43	0.00695	0.00549	0.00631	0.00654	0.00799	0.00485	0.00494	0.00862	0.01273	0.01615	0.18750	0.16082	0.45078	0.01390	0.00663	0.00194	0.00301	0.08489	0.00524	0.00472
44	0.01131	0.13084	0.64327	0.01445	0.02173	0.01353	0.01816	0.01685	0.01150	0.01663	0.01042	0.01357	0.00810	0.00559	0.00507	0.00169	0.00762	0.03946	0.00244	0.00777
45	0.01393	0.01166	0.03818	0.01082	0.01396	0.01244	0.00871	0.10721	0.51788	0.05983	0.06762	0.07825	0.01892	0.00814	0.00568	0.00183	0.00445	0.00683	0.00548	0.00819
46	0.01438	0.61925	0.07278	0.03777	0.04628	0.05698	0.01051	0.01731	0.05498	0.01394	0.00878	0.01003	0.00763	0.00494	0.00393	0.00129	0.00615	0.00335	0.00256	0.00716
47	0.01069	0.04981	0.56751	0.01348	0.02010	0.01168	0.01634	0.01652	0.05509	0.01712	0.01479	0.05343	0.06594	0.00644	0.00525	0.00169	0.00688	0.00518	0.00289	0.05916
48	0.01433	0.49436	0.06749	0.01084	0.05085	0.01712	0.00976	0.08394	0.01326	0.05344	0.11025	0.01446	0.01359	0.00646	0.01783	0.00149	0.00567	0.00435	0.00334	0.00718

[dist]
# distance from previous block
# <min> <max>
0	276

# created by:
# /home/cegg/simao/soft/augustus-3.2.1/scripts/msa2prfl.pl ./align_prep/EOG091G0XHF.fa
