[name]
unknown

[dist]
# distance from previous block
# <min> <max>
0	30

[block]
# block no. 0 follows, 50 sequences, length 13
# corresponding to MSA columns:
# 269-281
name=unknown_A
#
# <colnr> <probs for GDERKNQSTAVLIFYWHMCP>
#	G	D	E	R	K	N	Q	S	T	A	V	L	I	F	Y	W	H	M	C	P
0	0.00799	0.00631	0.00926	0.20908	0.01556	0.00684	0.00854	0.01057	0.03820	0.01398	0.02210	0.25446	0.02388	0.01183	0.00620	0.00204	0.00461	0.33970	0.00402	0.00480
1	0.01209	0.08545	0.01757	0.35952	0.21196	0.01260	0.04769	0.13436	0.01254	0.01680	0.00960	0.01255	0.00746	0.00494	0.00480	0.00152	0.00610	0.00435	0.03142	0.00668
2	0.03928	0.00723	0.02330	0.00746	0.00990	0.00643	0.00591	0.04046	0.03315	0.25858	0.08387	0.19199	0.04422	0.00840	0.00498	0.00152	0.00347	0.00715	0.13882	0.08388
3	0.00681	0.00441	0.00564	0.00647	0.00692	0.00417	0.00439	0.00765	0.00947	0.01330	0.02480	0.59324	0.05472	0.01412	0.00709	0.07998	0.00292	0.01163	0.13827	0.00398
4	0.64881	0.21374	0.01201	0.00705	0.01043	0.01331	0.00618	0.01472	0.00889	0.01971	0.00694	0.00807	0.00565	0.00454	0.00311	0.00142	0.00422	0.00269	0.00285	0.00565
5	0.00786	0.00563	0.00785	0.00775	0.00860	0.00638	0.00581	0.00999	0.07883	0.01180	0.01345	0.01990	0.01259	0.09825	0.54160	0.14089	0.01034	0.00537	0.00284	0.00428
6	0.01017	0.00869	0.01092	0.00873	0.03952	0.00724	0.03857	0.02451	0.02645	0.01544	0.01025	0.01427	0.00927	0.13360	0.00757	0.00151	0.02133	0.00392	0.00299	0.60503
7	0.01044	0.01101	0.04881	0.62551	0.03060	0.06430	0.05499	0.02600	0.02419	0.01342	0.00902	0.01288	0.00684	0.00513	0.00542	0.00165	0.03725	0.00442	0.00234	0.00578
8	0.00886	0.00740	0.00820	0.00812	0.00889	0.06630	0.00585	0.03609	0.03839	0.02972	0.07372	0.38730	0.04501	0.14045	0.01030	0.00235	0.10464	0.00976	0.00404	0.00462
9	0.00613	0.00492	0.00530	0.00546	0.00672	0.00428	0.00389	0.00727	0.01081	0.01335	0.08822	0.16785	0.54535	0.09830	0.00801	0.00206	0.00281	0.01066	0.00451	0.00409
10	0.01740	0.01186	0.01330	0.01007	0.01414	0.01204	0.00827	0.47308	0.01882	0.14865	0.01243	0.01236	0.00882	0.00546	0.00468	0.00132	0.00485	0.00420	0.00468	0.21357
11	0.00699	0.00524	0.00690	0.03465	0.00932	0.00504	0.00617	0.00867	0.01090	0.01407	0.06242	0.29196	0.18416	0.01367	0.00641	0.00204	0.00362	0.31882	0.00457	0.00438
12	0.03272	0.04478	0.56184	0.01410	0.02051	0.01226	0.09601	0.09904	0.02650	0.03222	0.00970	0.01113	0.00694	0.00486	0.00481	0.00157	0.00700	0.00401	0.00262	0.00737

[dist]
# distance from previous block
# <min> <max>
1	10

[block]
# block no. 1 follows, 50 sequences, length 22
# corresponding to MSA columns:
# 292-313
name=unknown_B
#
# <colnr> <probs for GDERKNQSTAVLIFYWHMCP>
#	G	D	E	R	K	N	Q	S	T	A	V	L	I	F	Y	W	H	M	C	P
0	0.01821	0.02015	0.01411	0.01227	0.01523	0.53466	0.00945	0.21851	0.07848	0.01792	0.00983	0.01054	0.00767	0.00549	0.00467	0.00137	0.00767	0.00374	0.00340	0.00665
1	0.00739	0.00478	0.00554	0.00554	0.00554	0.00478	0.00315	0.00717	0.00717	0.00956	0.01500	0.03088	0.01718	0.74437	0.02478	0.08953	0.00478	0.00696	0.00293	0.00293
2	0.11387	0.00983	0.05071	0.10202	0.06042	0.00900	0.00854	0.01454	0.04570	0.08774	0.01125	0.02443	0.00930	0.00633	0.02819	0.00153	0.05302	0.04053	0.00325	0.31978
3	0.00775	0.00488	0.00633	0.00688	0.00774	0.00443	0.00481	0.00885	0.01048	0.09221	0.07154	0.60942	0.11772	0.01403	0.00615	0.00191	0.00296	0.01255	0.00483	0.00455
4	0.00731	0.00680	0.07049	0.00730	0.00891	0.00545	0.00618	0.00979	0.01277	0.01801	0.54851	0.06682	0.05336	0.01302	0.08636	0.00229	0.00405	0.06292	0.00481	0.00485
5	0.01924	0.01128	0.09057	0.00995	0.01398	0.00959	0.00886	0.19997	0.01561	0.48287	0.01633	0.01533	0.01084	0.00820	0.06179	0.00199	0.00549	0.00478	0.00524	0.00808
6	0.01177	0.17781	0.50397	0.01256	0.01854	0.04687	0.01473	0.06540	0.07363	0.01626	0.00961	0.01071	0.00719	0.00490	0.00447	0.00147	0.00665	0.00368	0.00255	0.00723
7	0.00661	0.00494	0.00561	0.00572	0.00701	0.00440	0.00425	0.00823	0.01169	0.01552	0.22535	0.15525	0.39497	0.01182	0.00575	0.00167	0.00258	0.03495	0.08931	0.00436
8	0.00693	0.00500	0.00640	0.00723	0.00780	0.00482	0.00498	0.05633	0.01052	0.01398	0.02703	0.73550	0.05017	0.01489	0.00627	0.00199	0.00308	0.02809	0.00465	0.00435
9	0.00906	0.00980	0.06898	0.12223	0.04723	0.05161	0.10706	0.02131	0.05439	0.01514	0.10761	0.12974	0.21775	0.00888	0.00557	0.00167	0.00484	0.00790	0.00376	0.00547
10	0.00856	0.00437	0.00642	0.00642	0.00642	0.00437	0.00423	0.00655	0.00655	0.00873	0.00917	0.01642	0.00934	0.07587	0.01991	0.79334	0.00437	0.00454	0.00223	0.00223
11	0.00615	0.00443	0.00570	0.00668	0.00706	0.00412	0.00444	0.00698	0.00952	0.01256	0.02845	0.70062	0.09282	0.07568	0.00774	0.00221	0.00301	0.01336	0.00451	0.00398
12	0.01057	0.00586	0.00760	0.00701	0.00879	0.00539	0.00547	0.01251	0.01254	0.19803	0.29009	0.08835	0.14002	0.01220	0.06987	0.00216	0.00390	0.06260	0.05161	0.00543
13	0.09174	0.01150	0.01736	0.08402	0.33885	0.03388	0.10589	0.06788	0.06828	0.09549	0.01209	0.01378	0.02660	0.00513	0.00492	0.00155	0.00576	0.00471	0.00329	0.00728
14	0.01005	0.00948	0.01454	0.54935	0.13228	0.04391	0.01263	0.03186	0.01055	0.01361	0.01079	0.08464	0.00941	0.00720	0.03764	0.00191	0.00656	0.00528	0.00256	0.00576
15	0.00675	0.00494	0.00653	0.00679	0.00746	0.00509	0.00482	0.00793	0.00898	0.01220	0.07104	0.22403	0.10316	0.18917	0.31277	0.00480	0.00718	0.00869	0.00361	0.00405
16	0.01165	0.42294	0.41629	0.01140	0.01723	0.01561	0.01352	0.01536	0.01033	0.01378	0.00795	0.00927	0.00635	0.00450	0.00397	0.00132	0.00636	0.00318	0.00212	0.00689
17	0.01053	0.03189	0.01083	0.00757	0.01190	0.00733	0.00609	0.01338	0.05279	0.01637	0.00943	0.01072	0.00778	0.00388	0.00375	0.00080	0.00375	0.00309	0.00305	0.78507
18	0.08929	0.27423	0.07630	0.01210	0.01581	0.27100	0.11357	0.01677	0.02445	0.01386	0.00796	0.00957	0.00662	0.00486	0.00474	0.00136	0.04537	0.00349	0.00246	0.00620
19	0.01464	0.00871	0.01001	0.00874	0.01125	0.05136	0.00687	0.08710	0.10990	0.28984	0.12602	0.15788	0.03652	0.00887	0.00546	0.00167	0.00408	0.04914	0.00525	0.00669
20	0.05780	0.36400	0.06032	0.00850	0.01157	0.07045	0.00776	0.02283	0.03646	0.01413	0.08467	0.06991	0.08194	0.04033	0.00538	0.00154	0.01651	0.03700	0.00317	0.00571
21	0.00619	0.00478	0.00567	0.00621	0.00721	0.00427	0.00447	0.00743	0.01080	0.01376	0.10015	0.38455	0.35630	0.01379	0.00615	0.00186	0.00279	0.05472	0.00470	0.00420

[dist]
# distance from previous block
# <min> <max>
0	1

[block]
# block no. 2 follows, 50 sequences, length 61
# corresponding to MSA columns:
# 315-346,348-376
name=unknown_C
#
# <colnr> <probs for GDERKNQSTAVLIFYWHMCP>
#	G	D	E	R	K	N	Q	S	T	A	V	L	I	F	Y	W	H	M	C	P
0	0.01384	0.01067	0.01154	0.00886	0.01258	0.08662	0.00712	0.06158	0.01206	0.15758	0.02307	0.01197	0.00881	0.00491	0.00511	0.00111	0.06759	0.00365	0.00360	0.48773
1	0.21182	0.01055	0.04292	0.00991	0.03195	0.01051	0.04883	0.17585	0.09310	0.08065	0.02126	0.06291	0.01179	0.05422	0.00583	0.00174	0.00465	0.03540	0.01703	0.06909
2	0.17315	0.46674	0.13394	0.00904	0.01329	0.01578	0.00920	0.05244	0.01050	0.01537	0.00868	0.05616	0.00785	0.00515	0.00368	0.00131	0.00521	0.00358	0.00260	0.00632
3	0.00805	0.00617	0.00762	0.05321	0.00969	0.00620	0.00562	0.03734	0.03466	0.04281	0.27746	0.08115	0.29712	0.02852	0.03567	0.00198	0.04848	0.00875	0.00460	0.00489
4	0.02989	0.35606	0.26388	0.05259	0.01759	0.04450	0.05969	0.04342	0.03384	0.01454	0.00845	0.00999	0.00678	0.00478	0.00457	0.00139	0.03542	0.00351	0.00238	0.00672
5	0.01362	0.01209	0.01277	0.01097	0.01397	0.07075	0.04718	0.13528	0.54993	0.02119	0.01759	0.01741	0.01341	0.02539	0.00555	0.00171	0.00480	0.01408	0.00469	0.00761
6	0.01077	0.03394	0.61166	0.01295	0.01918	0.01058	0.03824	0.01570	0.01096	0.07626	0.04324	0.04013	0.00968	0.00546	0.00482	0.00157	0.00656	0.00445	0.03675	0.00709
7	0.01242	0.06740	0.13432	0.01626	0.03421	0.07131	0.35731	0.06361	0.04654	0.02619	0.01046	0.01348	0.00826	0.00644	0.03809	0.00188	0.06174	0.02059	0.00278	0.00671
8	0.01238	0.54464	0.20148	0.01137	0.01644	0.01699	0.10651	0.01525	0.01042	0.01317	0.00778	0.00925	0.00652	0.00436	0.00388	0.00126	0.00617	0.00330	0.00217	0.00666
9	0.00941	0.00886	0.01495	0.81285	0.03433	0.01107	0.01384	0.01274	0.00997	0.01274	0.00886	0.01329	0.00664	0.00498	0.00498	0.00166	0.00664	0.00443	0.00221	0.00554
10	0.00686	0.00509	0.00640	0.00607	0.00733	0.00462	0.00455	0.00904	0.01366	0.01892	0.66978	0.03899	0.16902	0.01059	0.00588	0.00159	0.00238	0.00926	0.00535	0.00462
11	0.01021	0.00691	0.00864	0.00867	0.05078	0.03706	0.02795	0.02577	0.01074	0.13108	0.06744	0.18496	0.11067	0.23000	0.03733	0.00277	0.00456	0.03536	0.00416	0.00496
12	0.00688	0.00470	0.00566	0.00611	0.00626	0.00460	0.00378	0.00727	0.00821	0.01093	0.02019	0.30447	0.02366	0.51326	0.01808	0.00376	0.00416	0.04095	0.00364	0.00344
13	0.00630	0.00507	0.00562	0.00548	0.00698	0.00438	0.00411	0.00795	0.01233	0.01576	0.31160	0.04418	0.52917	0.01177	0.00589	0.00164	0.00246	0.00999	0.00493	0.00438
14	0.01109	0.01069	0.01638	0.32872	0.36436	0.04293	0.01328	0.01486	0.06945	0.01493	0.01234	0.01513	0.05375	0.00533	0.00500	0.00157	0.00598	0.00483	0.00270	0.00668
15	0.01750	0.01140	0.01269	0.01021	0.01335	0.05303	0.00827	0.31539	0.07593	0.25192	0.01571	0.01601	0.03622	0.04046	0.03593	0.00194	0.06666	0.00499	0.00483	0.00756
16	0.01306	0.00670	0.00855	0.00726	0.00964	0.00604	0.00573	0.03404	0.02966	0.31295	0.34448	0.03031	0.15304	0.00889	0.00551	0.00158	0.00320	0.00756	0.00558	0.00621
17	0.01854	0.00880	0.01111	0.00901	0.01235	0.00844	0.00727	0.05335	0.17813	0.52344	0.06493	0.05178	0.01568	0.00692	0.00513	0.00159	0.00406	0.00574	0.00578	0.00795
18	0.01155	0.01782	0.32250	0.01831	0.06843	0.01200	0.39437	0.01613	0.01129	0.04834	0.00994	0.01236	0.00728	0.00459	0.00556	0.00163	0.02343	0.00489	0.00250	0.00709
19	0.00736	0.00509	0.00578	0.00586	0.00606	0.00513	0.00348	0.00822	0.04836	0.01067	0.01782	0.12535	0.03038	0.67509	0.02179	0.00429	0.00452	0.00803	0.00334	0.00341
20	0.00751	0.00532	0.00713	0.00806	0.00888	0.00525	0.00649	0.00914	0.01043	0.01362	0.02539	0.18608	0.04658	0.14955	0.00986	0.00266	0.00428	0.48521	0.00434	0.00422
21	0.01581	0.00844	0.01028	0.00860	0.01104	0.05384	0.00683	0.02928	0.01286	0.40112	0.14636	0.05350	0.07187	0.00857	0.00724	0.05871	0.07791	0.00620	0.00503	0.00653
22	0.01189	0.00979	0.01091	0.01031	0.04059	0.01093	0.00769	0.12001	0.47755	0.02067	0.06425	0.12183	0.03487	0.00821	0.00533	0.00171	0.00398	0.02744	0.00491	0.00713
23	0.01235	0.01264	0.07151	0.10991	0.59580	0.01202	0.02515	0.07030	0.01203	0.01697	0.00949	0.01230	0.00770	0.00463	0.00494	0.00151	0.00610	0.00441	0.00260	0.00764
24	0.01835	0.00864	0.01089	0.00871	0.01201	0.00809	0.00705	0.13050	0.04199	0.50493	0.05767	0.06714	0.08614	0.00749	0.00521	0.00158	0.00409	0.00618	0.00570	0.00763
25	0.04586	0.01582	0.01502	0.01275	0.01469	0.31399	0.05455	0.05553	0.01178	0.08542	0.00868	0.01083	0.00714	0.00658	0.00915	0.00169	0.31751	0.00402	0.00289	0.00608
26	0.00622	0.00511	0.00567	0.00573	0.00708	0.00456	0.00424	0.00757	0.01138	0.01424	0.15121	0.16168	0.55028	0.01262	0.00625	0.00173	0.02478	0.01069	0.00468	0.00429
27	0.01204	0.01154	0.01969	0.11016	0.71649	0.01176	0.01515	0.01504	0.01121	0.01592	0.00932	0.01243	0.00777	0.00450	0.00494	0.00150	0.00600	0.00444	0.00244	0.00766
28	0.00625	0.00458	0.00585	0.00669	0.00728	0.00422	0.00464	0.00735	0.01024	0.01350	0.09682	0.59279	0.13995	0.03171	0.00668	0.00201	0.00291	0.04773	0.00467	0.00413
29	0.01864	0.02322	0.01417	0.01277	0.01541	0.76133	0.00962	0.06162	0.01464	0.01326	0.00794	0.00915	0.00653	0.00518	0.00452	0.00130	0.00880	0.00328	0.00270	0.00593
30	0.07546	0.00959	0.01036	0.00888	0.01198	0.01009	0.00696	0.02006	0.43993	0.01886	0.01583	0.03588	0.01257	0.00802	0.05809	0.00185	0.00447	0.00487	0.00416	0.24210
31	0.01153	0.01102	0.01878	0.24553	0.58508	0.01163	0.01490	0.01459	0.01097	0.01531	0.00923	0.01260	0.00755	0.00459	0.00495	0.00153	0.00612	0.00444	0.00240	0.00725
32	0.01144	0.06545	0.01889	0.28560	0.49251	0.01212	0.01437	0.01443	0.01081	0.01482	0.00904	0.01236	0.00739	0.00461	0.00483	0.00151	0.00612	0.00432	0.00236	0.00702
33	0.00608	0.00444	0.00573	0.00675	0.00722	0.00409	0.00458	0.00701	0.00978	0.01284	0.03013	0.72077	0.12094	0.01524	0.00631	0.00199	0.00287	0.02451	0.00463	0.00407
34	0.00737	0.00571	0.00850	0.00835	0.00918	0.00684	0.00654	0.00911	0.00799	0.01160	0.01290	0.01900	0.01207	0.03547	0.75231	0.00762	0.06702	0.00528	0.00264	0.00452
35	0.14312	0.01183	0.06879	0.06821	0.02016	0.01072	0.35962	0.01657	0.01149	0.15601	0.01248	0.01652	0.00965	0.00548	0.00525	0.00168	0.00647	0.06598	0.00338	0.00662
36	0.02105	0.01042	0.06472	0.00959	0.01370	0.00876	0.00837	0.13023	0.01531	0.63658	0.01786	0.01583	0.01139	0.00605	0.00499	0.00154	0.00463	0.00485	0.00573	0.00841
37	0.01497	0.58474	0.03372	0.00947	0.01358	0.07814	0.00888	0.14999	0.01292	0.04127	0.00833	0.00910	0.00696	0.00470	0.00369	0.00118	0.00563	0.00312	0.00280	0.00680
38	0.62964	0.01019	0.00840	0.00732	0.01032	0.05690	0.00591	0.04351	0.01013	0.10944	0.03172	0.01102	0.00802	0.03452	0.00434	0.00164	0.00425	0.00340	0.00354	0.00578
39	0.06569	0.00605	0.00854	0.00794	0.00936	0.00641	0.03387	0.01056	0.00938	0.08147	0.08662	0.04011	0.06084	0.04192	0.43845	0.06971	0.00900	0.00596	0.00338	0.00474
40	0.07697	0.00910	0.01140	0.00900	0.01267	0.00861	0.00737	0.05880	0.11240	0.61103	0.01854	0.01635	0.01206	0.00613	0.00489	0.00156	0.00424	0.00491	0.00577	0.00820
41	0.00985	0.00574	0.00763	0.00693	0.00858	0.00524	0.00539	0.01212	0.01396	0.15831	0.60232	0.03489	0.03961	0.00971	0.00579	0.00161	0.00284	0.05855	0.00555	0.00537
42	0.09416	0.01071	0.01703	0.18358	0.48834	0.01116	0.01321	0.01517	0.01094	0.06434	0.00965	0.01233	0.00766	0.00465	0.00473	0.00150	0.00568	0.00425	0.00272	0.03819
43	0.00996	0.02465	0.74655	0.06763	0.02243	0.01154	0.01811	0.01558	0.01049	0.01558	0.00894	0.01071	0.00634	0.00475	0.00475	0.00158	0.00732	0.00373	0.00211	0.00724
44	0.01102	0.00793	0.00947	0.01035	0.01124	0.00710	0.00727	0.01100	0.01273	0.01729	0.03077	0.60288	0.04991	0.01731	0.00818	0.00282	0.00479	0.16550	0.00596	0.00648
45	0.00662	0.00522	0.00792	0.00811	0.00890	0.00486	0.07502	0.00781	0.00984	0.01309	0.03711	0.68981	0.06167	0.03016	0.00666	0.00203	0.00341	0.01306	0.00442	0.00429
46	0.01270	0.01254	0.01987	0.02956	0.74821	0.05822	0.01497	0.01557	0.01151	0.01605	0.00928	0.01214	0.00781	0.00448	0.00491	0.00147	0.00610	0.00437	0.00247	0.00777
47	0.00713	0.00519	0.00621	0.00608	0.00751	0.00462	0.00463	0.00892	0.01254	0.04443	0.36458	0.08940	0.35019	0.01160	0.00595	0.00169	0.00266	0.05704	0.00505	0.00459
48	0.01417	0.00976	0.01094	0.00949	0.01241	0.01061	0.00747	0.04674	0.51883	0.18782	0.07703	0.02021	0.03794	0.00702	0.00514	0.00164	0.00390	0.00585	0.00532	0.00770
49	0.01591	0.01298	0.04013	0.08470	0.01696	0.04037	0.04033	0.37534	0.22790	0.07180	0.01410	0.01411	0.01020	0.00597	0.00502	0.00157	0.00539	0.00481	0.00455	0.00785
50	0.00724	0.00493	0.00645	0.00677	0.00762	0.00459	0.00489	0.00879	0.01153	0.04372	0.32008	0.36421	0.06013	0.06029	0.00726	0.00201	0.00296	0.06716	0.00492	0.00444
51	0.00620	0.00440	0.00582	0.00691	0.00721	0.00414	0.00463	0.00705	0.00946	0.01261	0.02675	0.75451	0.03198	0.06289	0.00749	0.00220	0.00305	0.03415	0.00453	0.00400
52	0.00780	0.00639	0.00930	0.06986	0.03690	0.00747	0.00727	0.00998	0.03430	0.01239	0.01642	0.07249	0.07537	0.02694	0.50696	0.00570	0.08055	0.00616	0.00295	0.00480
53	0.04446	0.10899	0.11588	0.01185	0.01566	0.31727	0.02793	0.17016	0.06977	0.05723	0.01016	0.01083	0.00773	0.00529	0.00453	0.00140	0.00689	0.00377	0.00332	0.00688
54	0.01973	0.00996	0.04338	0.00932	0.01331	0.00866	0.00791	0.10521	0.06610	0.55916	0.01745	0.01566	0.01141	0.00590	0.00488	0.00148	0.00443	0.00476	0.00551	0.08578
55	0.03707	0.00672	0.00958	0.03205	0.01154	0.00646	0.06178	0.01147	0.03228	0.05651	0.06184	0.19590	0.05322	0.01121	0.00601	0.00190	0.00425	0.31688	0.00433	0.07901
56	0.01262	0.04096	0.05280	0.03564	0.41939	0.06595	0.15751	0.06573	0.01235	0.01670	0.02960	0.03055	0.00961	0.00515	0.00512	0.00153	0.00644	0.02232	0.00279	0.00722
57	0.01306	0.01107	0.01159	0.01046	0.03059	0.10356	0.03563	0.10056	0.31725	0.07454	0.08601	0.09874	0.03881	0.02799	0.00576	0.00171	0.00468	0.01657	0.00462	0.00678
58	0.01449	0.04488	0.06407	0.01569	0.20469	0.24208	0.01801	0.04400	0.06915	0.08348	0.01204	0.07964	0.01031	0.00591	0.00478	0.00143	0.00618	0.00483	0.00328	0.07105
59	0.14558	0.08348	0.09800	0.16523	0.03397	0.05992	0.06611	0.04231	0.05785	0.08863	0.02677	0.02467	0.03196	0.00718	0.04630	0.00188	0.00610	0.00453	0.00321	0.00632
60	0.05467	0.07556	0.05476	0.02095	0.03257	0.11705	0.09330	0.10000	0.02753	0.11805	0.02281	0.04920	0.03030	0.02327	0.00595	0.00172	0.03337	0.12881	0.00378	0.00636

[dist]
# distance from previous block
# <min> <max>
2	57

[block]
# block no. 3 follows, 50 sequences, length 10
# corresponding to MSA columns:
# 434-443
name=unknown_D
#
# <colnr> <probs for GDERKNQSTAVLIFYWHMCP>
#	G	D	E	R	K	N	Q	S	T	A	V	L	I	F	Y	W	H	M	C	P
0	0.02167	0.10093	0.04097	0.04575	0.03969	0.06902	0.02292	0.07809	0.10943	0.11584	0.04311	0.03477	0.02939	0.09610	0.03719	0.00202	0.00534	0.00506	0.00375	0.09895
1	0.05986	0.03607	0.14549	0.01164	0.04550	0.04046	0.01027	0.24521	0.04511	0.07256	0.03010	0.06528	0.01187	0.00820	0.03689	0.00189	0.07276	0.05006	0.00386	0.00693
2	0.05054	0.00960	0.04984	0.02067	0.10803	0.02156	0.00838	0.05709	0.09599	0.09446	0.01801	0.14889	0.06266	0.00912	0.03405	0.00183	0.03926	0.05139	0.00394	0.11471
3	0.04267	0.03763	0.00900	0.00841	0.03850	0.10679	0.00588	0.05016	0.01136	0.07268	0.08413	0.18132	0.11728	0.18701	0.00971	0.00233	0.00449	0.02169	0.00399	0.00496
4	0.06252	0.02937	0.05197	0.06310	0.15594	0.07815	0.03232	0.08344	0.05288	0.04797	0.03675	0.15228	0.05197	0.00749	0.00553	0.00160	0.03873	0.00631	0.00355	0.03812
5	0.00907	0.00664	0.00792	0.04413	0.00929	0.00705	0.00532	0.11888	0.04083	0.01490	0.08996	0.05523	0.06226	0.38070	0.12295	0.00394	0.00570	0.00699	0.00368	0.00456
6	0.05751	0.48816	0.05607	0.01067	0.06159	0.09096	0.00925	0.04830	0.04240	0.08063	0.00907	0.00983	0.00738	0.00473	0.00379	0.00124	0.00559	0.00327	0.00282	0.00675
7	0.00713	0.04329	0.05416	0.00672	0.00832	0.00583	0.00537	0.00925	0.04895	0.01431	0.14376	0.24707	0.29023	0.08385	0.00751	0.00200	0.00329	0.00999	0.00437	0.00460
8	0.16650	0.01302	0.01249	0.01021	0.01358	0.09189	0.00823	0.41857	0.07656	0.07193	0.01268	0.06011	0.00994	0.00630	0.00469	0.00153	0.00520	0.00474	0.00447	0.00736
9	0.05815	0.14063	0.01461	0.00994	0.01317	0.08751	0.00827	0.35089	0.04692	0.03541	0.06245	0.01612	0.08421	0.00661	0.00523	0.00147	0.04247	0.00489	0.00411	0.00695

[dist]
# distance from previous block
# <min> <max>
0	5

[block]
# block no. 4 follows, 50 sequences, length 37
# corresponding to MSA columns:
# 449-485
name=unknown_E
#
# <colnr> <probs for GDERKNQSTAVLIFYWHMCP>
#	G	D	E	R	K	N	Q	S	T	A	V	L	I	F	Y	W	H	M	C	P
0	0.01223	0.01230	0.01959	0.16515	0.54550	0.06857	0.07396	0.01523	0.01134	0.01535	0.00922	0.01235	0.00755	0.00457	0.00499	0.00151	0.00646	0.00446	0.00243	0.00724
1	0.00807	0.00709	0.00707	0.00708	0.00867	0.06253	0.00529	0.01009	0.05878	0.01426	0.04848	0.19479	0.38240	0.03628	0.00653	0.00188	0.00359	0.08463	0.00448	0.04801
2	0.05600	0.18559	0.11949	0.01177	0.01580	0.13108	0.06994	0.12131	0.04200	0.13519	0.01095	0.01180	0.00824	0.00555	0.00529	0.00151	0.05378	0.00405	0.00349	0.00716
3	0.01218	0.44556	0.33505	0.01190	0.01747	0.01608	0.06755	0.01555	0.01060	0.01395	0.00828	0.00983	0.00674	0.00465	0.00414	0.00137	0.00646	0.00341	0.00226	0.00696
4	0.00642	0.00473	0.00594	0.00681	0.00740	0.00430	0.00464	0.00734	0.01027	0.01351	0.07031	0.65223	0.15738	0.01500	0.00638	0.00200	0.00292	0.01336	0.00477	0.00427
5	0.01167	0.01107	0.01866	0.28719	0.54120	0.01175	0.01491	0.01466	0.01109	0.01540	0.00951	0.01306	0.00777	0.00482	0.00508	0.00160	0.00626	0.00454	0.00249	0.00727
6	0.01409	0.01346	0.14117	0.06502	0.17039	0.02767	0.13239	0.08305	0.04495	0.16481	0.01380	0.07377	0.01104	0.00619	0.00533	0.00166	0.00607	0.01398	0.00372	0.00743
7	0.01728	0.00848	0.01062	0.00879	0.01187	0.00799	0.00708	0.07673	0.09961	0.44952	0.08973	0.04827	0.07299	0.00791	0.00540	0.00167	0.00406	0.04460	0.01987	0.00752
8	0.00952	0.00886	0.01458	0.76348	0.03288	0.01085	0.01337	0.01263	0.01024	0.01307	0.01152	0.01566	0.05137	0.00562	0.00517	0.00172	0.00651	0.00487	0.00246	0.00562
9	0.04679	0.01405	0.11133	0.04168	0.02165	0.03196	0.42784	0.07038	0.03082	0.03628	0.05899	0.01593	0.01094	0.00555	0.00593	0.00172	0.03065	0.02758	0.00315	0.00681
10	0.00640	0.00457	0.00602	0.00716	0.00747	0.00424	0.00477	0.00718	0.00974	0.01302	0.02769	0.81810	0.03314	0.01577	0.00649	0.00208	0.00300	0.01422	0.00472	0.00422
11	0.08011	0.00938	0.01143	0.00905	0.01250	0.00901	0.00736	0.16974	0.01581	0.47591	0.12797	0.01864	0.01631	0.00680	0.00512	0.00159	0.00429	0.00541	0.00571	0.00786
12	0.06539	0.01302	0.01428	0.01224	0.06261	0.01432	0.00937	0.52778	0.15312	0.05512	0.01352	0.01351	0.00985	0.00615	0.00502	0.00159	0.00521	0.00470	0.00487	0.00831
13	0.01155	0.13805	0.52828	0.01395	0.02024	0.01314	0.09829	0.07013	0.01179	0.01671	0.02614	0.01158	0.00779	0.00502	0.00481	0.00157	0.00704	0.00405	0.00254	0.00733
14	0.00632	0.00506	0.00557	0.00591	0.00716	0.00437	0.00423	0.00741	0.01108	0.01375	0.06877	0.28963	0.52559	0.01364	0.00616	0.00184	0.00275	0.01168	0.00475	0.00434
15	0.01239	0.01060	0.01122	0.01012	0.01287	0.01212	0.00783	0.02567	0.73759	0.02106	0.06416	0.02004	0.01727	0.00715	0.00525	0.00174	0.00396	0.00592	0.00519	0.00786
16	0.01602	0.01458	0.06376	0.01260	0.01629	0.12521	0.11361	0.25948	0.14125	0.09632	0.04250	0.01517	0.02493	0.00623	0.00553	0.00161	0.02803	0.00505	0.00429	0.00754
17	0.01209	0.01168	0.04053	0.18705	0.32220	0.02612	0.04936	0.07421	0.05104	0.01660	0.01132	0.01634	0.00968	0.00613	0.00639	0.00173	0.08612	0.06146	0.00297	0.00700
18	0.80480	0.00978	0.00781	0.00691	0.01006	0.01111	0.00565	0.01545	0.00904	0.07021	0.00804	0.00908	0.00612	0.00493	0.00334	0.00160	0.00399	0.00295	0.00338	0.00575
19	0.04957	0.00891	0.01136	0.00899	0.01251	0.00823	0.00731	0.07697	0.05616	0.59105	0.09718	0.01883	0.01576	0.00674	0.00516	0.00161	0.00422	0.00543	0.00594	0.00810
20	0.05422	0.01241	0.01267	0.01097	0.03309	0.11690	0.02894	0.24678	0.14868	0.12257	0.04169	0.08080	0.01372	0.04587	0.00612	0.00177	0.00529	0.00570	0.00461	0.00722
21	0.00655	0.00477	0.00613	0.00710	0.00765	0.00440	0.00493	0.00753	0.01022	0.01349	0.05495	0.65685	0.11255	0.01515	0.00646	0.00205	0.00307	0.06711	0.00475	0.00429
22	0.00809	0.00623	0.00873	0.00841	0.00911	0.00739	0.00646	0.00950	0.00820	0.01207	0.01316	0.02033	0.01264	0.12901	0.55462	0.00648	0.12121	0.00550	0.04828	0.00459
23	0.01279	0.57522	0.14576	0.01008	0.01450	0.01716	0.03760	0.03852	0.01063	0.01331	0.00836	0.01072	0.00751	0.05510	0.00538	0.00150	0.02348	0.00342	0.00239	0.00655
24	0.00721	0.00538	0.00729	0.00876	0.05596	0.00525	0.00565	0.00813	0.00966	0.01301	0.02449	0.59226	0.02874	0.11391	0.00904	0.00241	0.02559	0.06853	0.00432	0.00440
25	0.00647	0.00463	0.00608	0.00711	0.00749	0.00429	0.00477	0.00736	0.01007	0.01354	0.08239	0.76192	0.03414	0.01538	0.00645	0.00205	0.00297	0.01385	0.00478	0.00426
26	0.49042	0.01038	0.01066	0.00909	0.02977	0.01119	0.04021	0.12864	0.02699	0.15570	0.01198	0.01239	0.03218	0.00556	0.00412	0.00160	0.00447	0.00394	0.00404	0.00666
27	0.01231	0.01243	0.03614	0.11658	0.55700	0.03672	0.09274	0.01529	0.01140	0.01587	0.00975	0.01328	0.00812	0.00492	0.00547	0.00160	0.02738	0.01295	0.00256	0.00748
28	0.01031	0.02592	0.79543	0.01439	0.02175	0.01173	0.01849	0.01598	0.01072	0.01607	0.00925	0.01095	0.00661	0.00494	0.00487	0.00163	0.00746	0.00379	0.00221	0.00752
29	0.00994	0.00801	0.04151	0.00926	0.05452	0.00709	0.00696	0.05161	0.07534	0.05864	0.36570	0.10327	0.03014	0.00913	0.00561	0.00162	0.00359	0.05324	0.00483	0.09997
30	0.01113	0.25688	0.31551	0.05159	0.01640	0.03280	0.01190	0.01433	0.01102	0.03794	0.08493	0.09985	0.01377	0.00664	0.00473	0.00153	0.00579	0.01380	0.00298	0.00649
31	0.00927	0.00889	0.00851	0.00883	0.00968	0.15379	0.00643	0.01027	0.01065	0.01304	0.02341	0.50194	0.06853	0.01293	0.00703	0.00195	0.07618	0.05984	0.00412	0.00470
32	0.03269	0.01038	0.01666	0.48600	0.27890	0.01176	0.01393	0.06078	0.01140	0.01557	0.00948	0.01318	0.00743	0.00506	0.00505	0.00164	0.00636	0.00449	0.00260	0.00664
33	0.01057	0.08546	0.61766	0.01375	0.04276	0.01169	0.03234	0.01552	0.01061	0.04152	0.02434	0.01163	0.00769	0.00649	0.04542	0.00186	0.00729	0.00390	0.00236	0.00713
34	0.01343	0.00840	0.01190	0.01368	0.01265	0.01906	0.10273	0.07652	0.03085	0.25289	0.08555	0.10243	0.13981	0.00892	0.00589	0.00171	0.02355	0.07882	0.00484	0.00636
35	0.00923	0.00862	0.01446	0.76967	0.03288	0.01070	0.01335	0.01242	0.00994	0.01273	0.00986	0.05659	0.00805	0.00555	0.00506	0.00168	0.00644	0.00495	0.00234	0.00546
36	0.03434	0.01455	0.03222	0.02790	0.01533	0.16792	0.00965	0.12320	0.16949	0.04548	0.03067	0.07459	0.01808	0.06022	0.00823	0.00248	0.03150	0.12116	0.00512	0.00788

[dist]
# distance from previous block
# <min> <max>
0	45

[block]
# block no. 5 follows, 50 sequences, length 21
# corresponding to MSA columns:
# 531-551
name=unknown_F
#
# <colnr> <probs for GDERKNQSTAVLIFYWHMCP>
#	G	D	E	R	K	N	Q	S	T	A	V	L	I	F	Y	W	H	M	C	P
0	0.01571	0.00940	0.01408	0.03324	0.08293	0.00905	0.11267	0.10589	0.03740	0.31861	0.15836	0.01925	0.01720	0.00644	0.00523	0.00155	0.00474	0.00575	0.03522	0.00726
1	0.00877	0.00586	0.00691	0.00671	0.00827	0.00540	0.00498	0.06910	0.01228	0.09468	0.11837	0.30362	0.31172	0.01220	0.00589	0.00176	0.00303	0.01057	0.00491	0.00497
2	0.06420	0.04075	0.01371	0.01033	0.01396	0.05508	0.06397	0.16751	0.08749	0.37467	0.01556	0.01524	0.01081	0.03691	0.00565	0.00165	0.00507	0.00481	0.00493	0.00769
3	0.01049	0.00991	0.01645	0.55316	0.17022	0.01174	0.04098	0.04114	0.01060	0.01412	0.00894	0.01290	0.00696	0.00517	0.00585	0.00166	0.06674	0.00448	0.00237	0.00611
4	0.01167	0.01093	0.01695	0.01241	0.01664	0.01006	0.24300	0.08112	0.05025	0.01745	0.00993	0.01188	0.00787	0.00451	0.00532	0.00123	0.05493	0.00421	0.00306	0.42659
5	0.00676	0.00502	0.00671	0.00742	0.00801	0.00506	0.00544	0.00799	0.00972	0.01299	0.04662	0.45571	0.08242	0.05913	0.10798	0.00293	0.03417	0.12749	0.00423	0.00421
6	0.01089	0.24117	0.59145	0.01268	0.01922	0.01376	0.01576	0.01555	0.01042	0.01470	0.00840	0.00984	0.00634	0.00461	0.00432	0.00144	0.00682	0.00341	0.00211	0.00711
7	0.00670	0.00525	0.00616	0.00662	0.00780	0.00490	0.00493	0.00883	0.06064	0.01416	0.07046	0.31853	0.34437	0.01334	0.00613	0.00188	0.00300	0.10716	0.00469	0.00446
8	0.08503	0.09338	0.01386	0.01065	0.01378	0.30036	0.00846	0.14446	0.15424	0.05970	0.01170	0.03066	0.00924	0.00569	0.00448	0.00140	0.00613	0.00411	0.00368	0.03899
9	0.01308	0.06350	0.42459	0.01361	0.01937	0.04016	0.09830	0.14677	0.05074	0.06700	0.01065	0.01170	0.00764	0.00507	0.00485	0.00154	0.00675	0.00417	0.00306	0.00747
10	0.00871	0.00625	0.00734	0.00693	0.00865	0.00606	0.00528	0.01263	0.14484	0.07376	0.32002	0.09496	0.24129	0.01050	0.00575	0.00168	0.00292	0.03197	0.00514	0.00533
11	0.01000	0.02578	0.79900	0.01421	0.02157	0.01158	0.01842	0.01579	0.01052	0.01579	0.00895	0.01052	0.00631	0.00474	0.00474	0.00158	0.00737	0.00368	0.00210	0.00737
12	0.05829	0.03537	0.01695	0.11168	0.31349	0.02944	0.05552	0.12710	0.03128	0.08199	0.03270	0.01423	0.00967	0.00548	0.00537	0.00156	0.03695	0.02240	0.00332	0.00720
13	0.18935	0.00885	0.00963	0.03175	0.01150	0.03702	0.00668	0.07497	0.05532	0.25368	0.11092	0.06397	0.04062	0.00718	0.00495	0.00158	0.01732	0.01914	0.04910	0.00646
14	0.00647	0.00480	0.00610	0.00681	0.00764	0.00443	0.00500	0.00783	0.01081	0.01416	0.13089	0.43940	0.19173	0.01400	0.00628	0.00194	0.00301	0.12970	0.00473	0.00425
15	0.06360	0.01152	0.03926	0.21748	0.34031	0.01203	0.09061	0.05570	0.06195	0.01669	0.00991	0.01272	0.00782	0.00495	0.00533	0.00159	0.03428	0.00454	0.00273	0.00697
16	0.06489	0.05942	0.07511	0.07861	0.11356	0.07993	0.08740	0.08848	0.02450	0.12008	0.04708	0.01778	0.10935	0.00623	0.00495	0.00153	0.00558	0.00527	0.00362	0.00666
17	0.03008	0.00966	0.01265	0.01063	0.05186	0.00941	0.03745	0.18801	0.04402	0.40559	0.12976	0.01839	0.01616	0.00655	0.00514	0.00154	0.00447	0.00548	0.00540	0.00777
18	0.00694	0.00590	0.00613	0.00608	0.00761	0.03381	0.00459	0.00887	0.03505	0.01519	0.21841	0.08759	0.48504	0.01184	0.00589	0.00169	0.00289	0.04723	0.00477	0.00450
19	0.03925	0.09170	0.21471	0.06451	0.27680	0.02421	0.06065	0.06860	0.03027	0.04779	0.01022	0.01281	0.00807	0.00499	0.00478	0.00152	0.00623	0.02283	0.00279	0.00729
20	0.09265	0.08372	0.05789	0.01097	0.07072	0.09572	0.00852	0.13516	0.02833	0.19522	0.01433	0.11569	0.01215	0.03519	0.00545	0.00163	0.00512	0.00545	0.01931	0.00679

[dist]
# distance from previous block
# <min> <max>
0	2

[block]
# block no. 6 follows, 50 sequences, length 45
# corresponding to MSA columns:
# 554-598
name=unknown_G
#
# <colnr> <probs for GDERKNQSTAVLIFYWHMCP>
#	G	D	E	R	K	N	Q	S	T	A	V	L	I	F	Y	W	H	M	C	P
0	0.02896	0.05615	0.18874	0.03165	0.09819	0.07041	0.03572	0.12221	0.03541	0.10301	0.09297	0.03958	0.01283	0.00624	0.00563	0.00156	0.05524	0.00498	0.00358	0.00695
1	0.01167	0.07500	0.33075	0.10198	0.14636	0.04176	0.14685	0.05847	0.01165	0.01604	0.00919	0.01146	0.00695	0.00467	0.00489	0.00154	0.00705	0.00422	0.00243	0.00708
2	0.00727	0.00587	0.00671	0.00661	0.00805	0.00570	0.00494	0.01057	0.11998	0.01612	0.23929	0.16241	0.33793	0.01156	0.00607	0.00173	0.01895	0.02052	0.00487	0.00486
3	0.03425	0.09735	0.09972	0.03162	0.09116	0.01090	0.23129	0.01600	0.04331	0.13219	0.07519	0.08832	0.01375	0.00623	0.00518	0.00158	0.00580	0.00593	0.00352	0.00671
4	0.01466	0.10406	0.08505	0.05742	0.25668	0.09575	0.06344	0.10696	0.01312	0.11332	0.01065	0.01252	0.00821	0.00513	0.00501	0.00148	0.02235	0.01370	0.00318	0.00732
5	0.07655	0.01068	0.01138	0.01061	0.04452	0.03443	0.00803	0.12091	0.44349	0.04918	0.04478	0.04020	0.01521	0.00755	0.01761	0.00176	0.00448	0.04662	0.00471	0.00729
6	0.01111	0.01246	0.09747	0.22276	0.36230	0.03849	0.04519	0.01448	0.02718	0.01489	0.01045	0.05294	0.00902	0.00556	0.00556	0.00161	0.04192	0.01727	0.00256	0.00677
7	0.01350	0.15374	0.15117	0.06480	0.12246	0.01248	0.10832	0.04617	0.07736	0.13919	0.01221	0.01443	0.00939	0.00542	0.00500	0.00153	0.01823	0.03406	0.00332	0.00720
8	0.01105	0.00890	0.01499	0.05775	0.04735	0.00880	0.21255	0.06863	0.04478	0.08732	0.01874	0.23142	0.01857	0.00928	0.00591	0.00184	0.00534	0.13677	0.00402	0.00598
9	0.00643	0.00490	0.00598	0.00673	0.00758	0.00455	0.00483	0.00801	0.03740	0.01343	0.03364	0.50145	0.24692	0.01428	0.00623	0.00194	0.00299	0.08380	0.00464	0.00428
10	0.08598	0.25550	0.31277	0.01139	0.01639	0.16012	0.01218	0.03807	0.01140	0.04233	0.00842	0.00957	0.00655	0.00475	0.00412	0.00137	0.00661	0.00329	0.00251	0.00669
11	0.07247	0.01996	0.01366	0.06589	0.01616	0.57003	0.00950	0.09750	0.03472	0.04243	0.00892	0.01006	0.00702	0.00526	0.00452	0.00137	0.00784	0.00352	0.00302	0.00617
12	0.00925	0.00636	0.00951	0.00814	0.01004	0.00578	0.08938	0.01150	0.01315	0.11468	0.45851	0.10536	0.11862	0.00980	0.00582	0.00163	0.00332	0.00881	0.00507	0.00528
13	0.01721	0.01008	0.01400	0.09060	0.16408	0.01021	0.00995	0.15187	0.03671	0.35271	0.02636	0.01670	0.01139	0.00616	0.00538	0.00159	0.02583	0.03675	0.00467	0.00777
14	0.03713	0.04291	0.03295	0.00979	0.01334	0.04345	0.00818	0.29076	0.04959	0.29598	0.08854	0.03741	0.01412	0.00657	0.00498	0.00152	0.00477	0.00522	0.00512	0.00769
15	0.01335	0.45088	0.14885	0.01017	0.01461	0.04476	0.01017	0.09057	0.14279	0.01585	0.01003	0.01062	0.00808	0.00496	0.00399	0.00131	0.00558	0.00353	0.00292	0.00699
16	0.01056	0.02174	0.56681	0.01577	0.12666	0.06109	0.01623	0.01525	0.01083	0.01541	0.01064	0.06373	0.00893	0.00569	0.00492	0.00160	0.00690	0.02778	0.00242	0.00704
17	0.04132	0.01048	0.01310	0.01083	0.03677	0.08376	0.07360	0.07046	0.03378	0.45534	0.05012	0.07023	0.01374	0.00662	0.00511	0.00156	0.00499	0.00561	0.00508	0.00750
18	0.01852	0.01688	0.01394	0.06550	0.01619	0.35560	0.00944	0.25348	0.03956	0.14568	0.01141	0.01177	0.00829	0.00560	0.00478	0.00143	0.00683	0.00405	0.00395	0.00709
19	0.00620	0.00443	0.00593	0.00709	0.00743	0.00416	0.00485	0.00716	0.00967	0.01287	0.02740	0.77117	0.03269	0.01549	0.00640	0.00204	0.00300	0.06330	0.00462	0.00408
20	0.06398	0.29633	0.32429	0.01142	0.01653	0.06780	0.02592	0.03970	0.03200	0.04324	0.00879	0.00997	0.00685	0.00485	0.00448	0.00140	0.02966	0.00343	0.00253	0.00683
21	0.03359	0.01139	0.06586	0.01045	0.01429	0.04399	0.05953	0.15692	0.03761	0.40724	0.05257	0.01768	0.03567	0.00640	0.00510	0.00156	0.00501	0.02236	0.00508	0.00771
22	0.01216	0.01166	0.01991	0.07871	0.74702	0.01180	0.01521	0.01514	0.01126	0.01607	0.00934	0.01240	0.00782	0.00447	0.00494	0.00149	0.00597	0.00444	0.00245	0.00775
23	0.00648	0.00527	0.00553	0.00555	0.00702	0.00464	0.00405	0.03489	0.01129	0.01376	0.04384	0.14396	0.61501	0.06739	0.00723	0.00193	0.00283	0.01055	0.00453	0.00426
24	0.01125	0.09339	0.53315	0.01505	0.03671	0.01240	0.15620	0.02761	0.01106	0.04388	0.00942	0.01113	0.00683	0.00466	0.00483	0.00155	0.00721	0.00407	0.00238	0.00723
25	0.01105	0.01053	0.01791	0.37456	0.45981	0.01150	0.01466	0.01417	0.01074	0.01472	0.00915	0.01276	0.00735	0.00468	0.00496	0.00156	0.00624	0.00444	0.00236	0.00686
26	0.01114	0.01062	0.01807	0.35122	0.48247	0.01153	0.01470	0.01425	0.01078	0.01483	0.00916	0.01273	0.00738	0.00466	0.00495	0.00155	0.00622	0.00444	0.00236	0.00693
27	0.03846	0.01115	0.01809	0.17152	0.43435	0.01157	0.06083	0.08014	0.01235	0.09774	0.01053	0.01290	0.00808	0.00484	0.00496	0.00154	0.00594	0.00454	0.00304	0.00742
28	0.01434	0.01044	0.01516	0.01190	0.01518	0.03565	0.18913	0.17113	0.05922	0.18177	0.09986	0.10546	0.03505	0.00745	0.00550	0.00164	0.00524	0.02443	0.00457	0.00687
29	0.01034	0.10779	0.71998	0.01363	0.02068	0.01241	0.01741	0.01570	0.01048	0.01537	0.00874	0.01027	0.00632	0.00469	0.00458	0.00153	0.00716	0.00358	0.00211	0.00727
30	0.00623	0.00449	0.00594	0.00705	0.00747	0.00420	0.00488	0.00723	0.00978	0.01294	0.02838	0.72376	0.06548	0.01533	0.00639	0.00203	0.00302	0.07669	0.00462	0.00410
31	0.01084	0.18062	0.56498	0.01384	0.02035	0.01327	0.09867	0.01564	0.01058	0.01501	0.00868	0.01035	0.00647	0.00459	0.00456	0.00149	0.00708	0.00372	0.00216	0.00711
32	0.00941	0.00886	0.01495	0.81285	0.03433	0.01107	0.01384	0.01274	0.00997	0.01274	0.00886	0.01329	0.00664	0.00498	0.00498	0.00166	0.00664	0.00443	0.00221	0.00554
33	0.01636	0.01628	0.01256	0.01103	0.01363	0.37910	0.00852	0.15072	0.10320	0.06999	0.01229	0.04558	0.00997	0.00751	0.03971	0.00172	0.03011	0.00450	0.06076	0.00646
34	0.01116	0.01311	0.10750	0.18967	0.11095	0.02408	0.31605	0.04708	0.03370	0.01576	0.01108	0.06731	0.00920	0.00544	0.00552	0.00166	0.01584	0.00560	0.00272	0.00657
35	0.01235	0.01236	0.02131	0.02789	0.61962	0.03248	0.13491	0.01538	0.01133	0.01595	0.00932	0.01236	0.00775	0.00460	0.00556	0.00154	0.04064	0.00463	0.00247	0.00755
36	0.00941	0.00886	0.01495	0.81285	0.03433	0.01107	0.01384	0.01274	0.00997	0.01274	0.00886	0.01329	0.00664	0.00498	0.00498	0.00166	0.00664	0.00443	0.00221	0.00554
37	0.00614	0.00441	0.00593	0.00701	0.00734	0.00420	0.00473	0.00707	0.00944	0.01265	0.02652	0.76763	0.03159	0.01708	0.06008	0.00243	0.00360	0.01358	0.00450	0.00408
38	0.01208	0.06878	0.13571	0.03438	0.07344	0.01216	0.39383	0.02837	0.01146	0.06909	0.01122	0.05077	0.00913	0.00540	0.00596	0.00165	0.04890	0.01808	0.00283	0.00677
39	0.01436	0.01055	0.01153	0.01002	0.01307	0.01178	0.00789	0.07032	0.61837	0.14395	0.01970	0.01795	0.01437	0.00662	0.00506	0.00166	0.00408	0.00547	0.00524	0.00802
40	0.00619	0.00442	0.00590	0.00701	0.00736	0.00414	0.00477	0.00716	0.00977	0.01305	0.05228	0.76471	0.03325	0.01536	0.00637	0.00202	0.00294	0.04455	0.00465	0.00409
41	0.01106	0.01282	0.07670	0.11160	0.16730	0.01175	0.41698	0.01473	0.01123	0.01534	0.01233	0.01526	0.06014	0.00510	0.00589	0.00165	0.03538	0.00556	0.00258	0.00664
42	0.01577	0.01312	0.01680	0.06553	0.34081	0.07582	0.01199	0.29060	0.02687	0.07742	0.01104	0.01241	0.00834	0.00524	0.00493	0.00149	0.00590	0.00442	0.00367	0.00784
43	0.00666	0.00508	0.00611	0.00585	0.00720	0.00453	0.00439	0.00864	0.01317	0.01776	0.53832	0.04090	0.30120	0.01102	0.00588	0.00161	0.00241	0.00953	0.00519	0.00453
44	0.00968	0.00913	0.01543	0.74159	0.10350	0.01114	0.01398	0.01297	0.01009	0.01306	0.00891	0.01320	0.00676	0.00493	0.00498	0.00164	0.00658	0.00443	0.00224	0.00575

[dist]
# distance from previous block
# <min> <max>
0	2

[block]
# block no. 7 follows, 50 sequences, length 44
# corresponding to MSA columns:
# 601-644
name=unknown_H
#
# <colnr> <probs for GDERKNQSTAVLIFYWHMCP>
#	G	D	E	R	K	N	Q	S	T	A	V	L	I	F	Y	W	H	M	C	P
0	0.01034	0.00886	0.01034	0.00738	0.01181	0.00664	0.00591	0.01255	0.01034	0.01624	0.00886	0.01034	0.00738	0.00369	0.00369	0.00074	0.00369	0.00295	0.00295	0.85530
1	0.02085	0.00837	0.01122	0.00866	0.01236	0.00729	0.00712	0.03858	0.01423	0.69971	0.05690	0.01764	0.01379	0.00627	0.00498	0.00151	0.00412	0.00512	0.02202	0.03926
2	0.00759	0.00563	0.00728	0.00705	0.00733	0.00637	0.00486	0.00827	0.00753	0.01051	0.01400	0.02623	0.01512	0.49086	0.27059	0.00556	0.09233	0.00634	0.00282	0.00373
3	0.00798	0.00617	0.00956	0.00982	0.01116	0.00603	0.07883	0.01016	0.01111	0.01457	0.02509	0.20913	0.02760	0.01326	0.00668	0.00218	0.00460	0.53700	0.00440	0.00468
4	0.04828	0.39875	0.24358	0.01216	0.05452	0.01551	0.06412	0.05467	0.01118	0.04316	0.00856	0.00983	0.00681	0.00457	0.00406	0.00133	0.00606	0.00344	0.00250	0.00691
5	0.01000	0.02578	0.79900	0.01421	0.02157	0.01158	0.01842	0.01579	0.01052	0.01579	0.00895	0.01052	0.00631	0.00474	0.00474	0.00158	0.00737	0.00368	0.00210	0.00737
6	0.00709	0.00499	0.00652	0.00663	0.00701	0.00533	0.00448	0.00789	0.00777	0.01073	0.01584	0.10079	0.01720	0.42870	0.34120	0.00587	0.00812	0.00712	0.00303	0.00370
7	0.01074	0.04052	0.64973	0.01352	0.02004	0.04623	0.01650	0.01729	0.10811	0.01618	0.01028	0.01142	0.00744	0.00500	0.00474	0.00157	0.00696	0.00389	0.00250	0.00734
8	0.01309	0.04169	0.07086	0.16657	0.37133	0.02833	0.01315	0.09239	0.04601	0.07524	0.01146	0.01346	0.02406	0.00512	0.00489	0.00152	0.00587	0.00452	0.00307	0.00736
9	0.00654	0.00475	0.00580	0.00647	0.00722	0.00446	0.00453	0.00790	0.02465	0.01342	0.03862	0.48302	0.19802	0.04926	0.03556	0.00222	0.00330	0.03735	0.06272	0.00419
10	0.01000	0.02578	0.79900	0.01421	0.02157	0.01158	0.01842	0.01579	0.01052	0.01579	0.00895	0.01052	0.00631	0.00474	0.00474	0.00158	0.00737	0.00368	0.00210	0.00737
11	0.05953	0.04314	0.26794	0.01344	0.12503	0.00995	0.03085	0.01647	0.06298	0.14496	0.14039	0.03603	0.01543	0.00618	0.00494	0.00156	0.00525	0.00523	0.00370	0.00698
12	0.01074	0.16894	0.59810	0.01373	0.02036	0.01312	0.07764	0.01565	0.01055	0.01507	0.00867	0.01030	0.00643	0.00461	0.00455	0.00149	0.00708	0.00368	0.00214	0.00714
13	0.00623	0.00451	0.00580	0.00678	0.00722	0.00420	0.00461	0.00715	0.00966	0.01270	0.02879	0.65989	0.10245	0.06816	0.00759	0.00219	0.00307	0.05046	0.00452	0.00402
14	0.01213	0.01456	0.16038	0.08704	0.23990	0.01188	0.30841	0.03405	0.01169	0.05619	0.01012	0.01275	0.00763	0.00457	0.00527	0.00159	0.00710	0.00489	0.00265	0.00720
15	0.03018	0.05484	0.14250	0.02975	0.26563	0.08351	0.14840	0.05501	0.01229	0.06162	0.04613	0.02736	0.00984	0.00515	0.00499	0.00152	0.00647	0.00476	0.00294	0.00711
16	0.00760	0.00645	0.01081	0.00983	0.01116	0.00623	0.15525	0.00933	0.01034	0.01416	0.07990	0.52470	0.02728	0.01233	0.00649	0.00191	0.03194	0.03432	0.03527	0.00471
17	0.00729	0.00513	0.00728	0.00728	0.00788	0.00573	0.00532	0.00830	0.00769	0.01086	0.01345	0.02216	0.01341	0.21642	0.55278	0.08617	0.01055	0.00568	0.00270	0.00391
18	0.03278	0.19877	0.25766	0.05144	0.01794	0.04577	0.09918	0.10091	0.02448	0.04667	0.03684	0.01334	0.04246	0.00534	0.00462	0.00146	0.00622	0.00434	0.00295	0.00683
19	0.02560	0.05048	0.10365	0.04351	0.04413	0.01209	0.26503	0.08386	0.12681	0.05611	0.04864	0.01591	0.02752	0.00577	0.00581	0.00163	0.04769	0.01582	0.01303	0.00690
20	0.00712	0.00532	0.00793	0.00793	0.00879	0.00619	0.00613	0.00885	0.00799	0.01151	0.01342	0.01998	0.01263	0.06149	0.78121	0.00791	0.01309	0.00540	0.00268	0.00441
21	0.00798	0.00591	0.00709	0.00694	0.00816	0.00580	0.00513	0.06769	0.05086	0.01703	0.29972	0.18937	0.13159	0.10925	0.00828	0.00212	0.00326	0.06428	0.00479	0.00475
22	0.00917	0.06142	0.23119	0.02647	0.01401	0.02854	0.05301	0.04016	0.03673	0.01559	0.10156	0.21336	0.09294	0.00918	0.00545	0.00170	0.00495	0.04517	0.00367	0.00574
23	0.01128	0.01073	0.01810	0.31329	0.49934	0.01158	0.01459	0.01465	0.03013	0.01511	0.00946	0.01284	0.00762	0.00470	0.00496	0.00155	0.00613	0.00447	0.00244	0.00704
