[name]
unknown

[dist]
# distance from previous block
# <min> <max>
0	313

[block]
# block no. 0 follows, 41 sequences, length 7
# corresponding to MSA columns:
# 357-363
name=unknown_A
#
# <colnr> <probs for GDERKNQSTAVLIFYWHMCP>
#	G	D	E	R	K	N	Q	S	T	A	V	L	I	F	Y	W	H	M	C	P
0	0.00889	0.00683	0.00903	0.01039	0.08994	0.00634	0.00622	0.01003	0.01042	0.01443	0.02172	0.34512	0.02484	0.27737	0.01403	0.00313	0.00457	0.01056	0.00415	0.12199
1	0.01390	0.11757	0.09850	0.01145	0.01521	0.09414	0.01014	0.09622	0.16708	0.01966	0.01765	0.12898	0.01639	0.00860	0.00564	0.00176	0.00584	0.07022	0.00430	0.09676
2	0.01119	0.00995	0.07664	0.00943	0.01179	0.00880	0.00784	0.13294	0.09416	0.02043	0.02573	0.29847	0.08354	0.03501	0.00687	0.00207	0.00439	0.03251	0.12183	0.00639
3	0.01686	0.01848	0.01551	0.01657	0.15710	0.36966	0.01087	0.09883	0.01650	0.01873	0.12036	0.01998	0.08151	0.00743	0.00568	0.00163	0.00746	0.00580	0.00392	0.00710
4	0.01399	0.09757	0.01240	0.00897	0.01184	0.01177	0.00729	0.18480	0.15640	0.02404	0.06370	0.02173	0.06491	0.00754	0.00505	0.00159	0.00425	0.00600	0.28891	0.00724
5	0.00973	0.00679	0.01051	0.12088	0.09636	0.00707	0.00834	0.01007	0.00998	0.01332	0.01712	0.21508	0.01837	0.01541	0.01320	0.34790	0.00516	0.06672	0.00346	0.00453
6	0.60900	0.04017	0.01012	0.00821	0.01173	0.04010	0.00670	0.01831	0.01099	0.13888	0.01079	0.01240	0.00829	0.04774	0.00530	0.00194	0.00483	0.00381	0.00402	0.00666

[dist]
# distance from previous block
# <min> <max>
2	7

[block]
# block no. 1 follows, 41 sequences, length 18
# corresponding to MSA columns:
# 372-389
name=unknown_B
#
# <colnr> <probs for GDERKNQSTAVLIFYWHMCP>
#	G	D	E	R	K	N	Q	S	T	A	V	L	I	F	Y	W	H	M	C	P
0	0.06940	0.00637	0.00825	0.00815	0.00912	0.00707	0.00602	0.01028	0.00953	0.01441	0.04839	0.04447	0.04093	0.18424	0.41505	0.04692	0.02572	0.00685	0.03408	0.00476
1	0.00750	0.00553	0.00697	0.00738	0.00839	0.00508	0.00530	0.00924	0.01322	0.01776	0.29922	0.33128	0.16739	0.04392	0.00785	0.00220	0.00320	0.04805	0.00560	0.00494
2	0.02160	0.01555	0.01679	0.01295	0.01746	0.01713	0.01067	0.67788	0.05839	0.07111	0.01458	0.01435	0.01028	0.00692	0.00573	0.00173	0.00615	0.00524	0.00579	0.00970
3	0.01474	0.01337	0.02284	0.09309	0.57226	0.01350	0.07765	0.04883	0.01370	0.05768	0.01151	0.01461	0.00920	0.00530	0.00577	0.00174	0.00698	0.00527	0.00316	0.00879
4	0.01497	0.19880	0.01864	0.04527	0.04133	0.22783	0.01066	0.01656	0.01197	0.01408	0.01070	0.07050	0.01048	0.04262	0.00975	0.00196	0.22026	0.00518	0.02199	0.00645
5	0.01138	0.01025	0.01722	0.53987	0.13395	0.01192	0.05036	0.01503	0.01183	0.01626	0.01146	0.01592	0.00882	0.00572	0.00553	0.00180	0.00694	0.00520	0.11389	0.00666
6	0.01530	0.07137	0.09258	0.08400	0.16881	0.04314	0.11846	0.06316	0.01409	0.12306	0.02819	0.04133	0.01132	0.00612	0.00557	0.00168	0.00670	0.00552	0.03873	0.06088
7	0.01285	0.07781	0.28071	0.02893	0.01844	0.04206	0.06664	0.01783	0.06761	0.07532	0.10393	0.02033	0.06778	0.00713	0.00585	0.00173	0.02197	0.00590	0.03449	0.04269
8	0.01080	0.01017	0.01716	0.78523	0.03940	0.01271	0.01589	0.01461	0.01144	0.01461	0.01017	0.01525	0.00762	0.00572	0.00572	0.00191	0.00762	0.00508	0.00254	0.00635
9	0.00796	0.00606	0.00758	0.00803	0.00944	0.00579	0.00641	0.00990	0.01254	0.01611	0.09975	0.07750	0.29898	0.05876	0.10748	0.00329	0.00542	0.24903	0.00500	0.00498
10	0.01503	0.07833	0.21725	0.05009	0.13678	0.05658	0.09072	0.05083	0.09307	0.09792	0.01429	0.01556	0.02615	0.00602	0.00555	0.00174	0.00706	0.00518	0.02354	0.00829
11	0.01881	0.00914	0.01300	0.07081	0.05409	0.00880	0.00949	0.02112	0.01441	0.43947	0.02238	0.09954	0.01839	0.00948	0.00689	0.00201	0.04375	0.12456	0.00582	0.00805
12	0.00679	0.00569	0.00590	0.00607	0.00780	0.00481	0.00447	0.00818	0.01278	0.01534	0.05462	0.14815	0.67002	0.01492	0.00683	0.00198	0.00295	0.01260	0.00531	0.00481
13	0.43411	0.01074	0.01081	0.00888	0.01275	0.01128	0.00731	0.08169	0.01373	0.30115	0.01431	0.01395	0.00980	0.00615	0.00456	0.00175	0.00467	0.00435	0.04023	0.00777
14	0.01487	0.30683	0.20416	0.01604	0.12167	0.08863	0.03881	0.06914	0.03012	0.01739	0.01065	0.03787	0.00902	0.00578	0.00493	0.00157	0.00717	0.00448	0.00296	0.00791
15	0.01064	0.01093	0.08443	0.01515	0.12047	0.00983	0.08627	0.01375	0.03970	0.03081	0.07476	0.18665	0.02106	0.07410	0.09218	0.00309	0.07905	0.03680	0.00392	0.00640
16	0.00718	0.00502	0.00657	0.00778	0.00814	0.00471	0.00518	0.00821	0.01089	0.01475	0.03044	0.73216	0.03617	0.04872	0.00803	0.00241	0.00338	0.01548	0.04015	0.00463
17	0.03548	0.01389	0.01504	0.04514	0.05291	0.13620	0.04024	0.18700	0.03226	0.22440	0.05496	0.04388	0.01476	0.00748	0.00575	0.00176	0.00623	0.03384	0.04065	0.00813

[dist]
# distance from previous block
# <min> <max>
0	1

[block]
# block no. 2 follows, 41 sequences, length 97
# corresponding to MSA columns:
# 392-418,428-436,439-457,460-473,476-494,497-505
name=unknown_C
#
# <colnr> <probs for GDERKNQSTAVLIFYWHMCP>
#	G	D	E	R	K	N	Q	S	T	A	V	L	I	F	Y	W	H	M	C	P
0	0.01564	0.04116	0.05701	0.07794	0.10932	0.01455	0.11962	0.26691	0.10244	0.02435	0.01543	0.05470	0.01286	0.00733	0.00601	0.00186	0.00664	0.05349	0.00439	0.00833
1	0.22167	0.02018	0.34011	0.02950	0.05872	0.01388	0.04459	0.14664	0.01433	0.04436	0.01073	0.01219	0.00778	0.00567	0.00509	0.00178	0.00690	0.00432	0.00346	0.00811
2	0.04542	0.22044	0.08231	0.03008	0.12939	0.09661	0.09366	0.10425	0.03960	0.01926	0.01103	0.01293	0.00884	0.00564	0.00526	0.00159	0.02135	0.00453	0.06003	0.00778
3	0.00887	0.00697	0.00974	0.00942	0.01006	0.00831	0.00715	0.01039	0.00935	0.01352	0.03472	0.08428	0.01713	0.16140	0.42834	0.00657	0.13971	0.00719	0.02188	0.00500
4	0.01561	0.76254	0.02929	0.01000	0.01484	0.04384	0.00985	0.03388	0.01210	0.01399	0.00811	0.00931	0.00740	0.00497	0.00376	0.00124	0.00624	0.00312	0.00254	0.00737
5	0.00725	0.00558	0.00641	0.00665	0.00786	0.00498	0.00469	0.00866	0.01260	0.01620	0.18372	0.23276	0.36047	0.10468	0.00945	0.00242	0.00327	0.01234	0.00529	0.00474
6	0.01276	0.00690	0.00902	0.00789	0.01012	0.00617	0.00613	0.01522	0.01597	0.22493	0.49858	0.03746	0.10440	0.01068	0.00648	0.00180	0.00331	0.00924	0.00642	0.00653
7	0.01024	0.00655	0.00749	0.00753	0.00874	0.00662	0.00539	0.10165	0.01323	0.01955	0.04617	0.34106	0.02533	0.08059	0.00785	0.00217	0.00364	0.01022	0.29055	0.00544
8	0.00697	0.00498	0.00664	0.00796	0.00830	0.00465	0.00531	0.00796	0.01095	0.01460	0.03153	0.79525	0.03783	0.01792	0.00730	0.00232	0.00332	0.01626	0.00531	0.00465
9	0.01336	0.01642	0.08499	0.02356	0.02954	0.01438	0.69228	0.01831	0.01340	0.01831	0.01148	0.01520	0.00858	0.00486	0.00666	0.00192	0.00956	0.00657	0.00286	0.00777
10	0.01147	0.02959	0.76934	0.01630	0.02476	0.01328	0.02113	0.01811	0.01208	0.01811	0.01026	0.01208	0.00725	0.00543	0.00543	0.00181	0.00845	0.00423	0.00242	0.00845
11	0.00881	0.00655	0.00797	0.00758	0.00912	0.00587	0.00562	0.01098	0.01608	0.02222	0.61135	0.04600	0.19382	0.01278	0.00713	0.00199	0.00309	0.01090	0.00637	0.00578
12	0.01089	0.00569	0.00815	0.00811	0.00820	0.00556	0.00540	0.00819	0.00810	0.01089	0.01087	0.01860	0.01080	0.02028	0.02250	0.82139	0.00528	0.00526	0.00281	0.00302
13	0.02094	0.01461	0.01592	0.01263	0.01673	0.01562	0.01019	0.57484	0.02443	0.09347	0.03815	0.06155	0.03294	0.00843	0.00621	0.00192	0.00602	0.00644	0.02944	0.00951
14	0.01288	0.12345	0.38198	0.03780	0.05771	0.03010	0.10727	0.01728	0.01326	0.01844	0.07843	0.03519	0.04618	0.00712	0.00599	0.00192	0.00765	0.00589	0.00337	0.00809
15	0.01573	0.05053	0.10408	0.11737	0.24480	0.06729	0.13157	0.12284	0.02859	0.02081	0.01219	0.01532	0.00968	0.00704	0.02432	0.00209	0.00812	0.00543	0.00355	0.00865
16	0.01617	0.79129	0.03034	0.01041	0.01532	0.02296	0.01015	0.01773	0.01220	0.01436	0.00892	0.01051	0.00824	0.00552	0.00409	0.00140	0.00642	0.00338	0.00278	0.00781
17	0.00972	0.00692	0.00894	0.00877	0.00963	0.00742	0.00625	0.03411	0.01015	0.01435	0.01720	0.02872	0.01731	0.31496	0.44782	0.00747	0.01129	0.00715	0.02665	0.00517
18	0.01324	0.03183	0.12332	0.06510	0.09340	0.04535	0.18582	0.07186	0.01403	0.01890	0.01809	0.19781	0.03513	0.00948	0.00712	0.00213	0.03392	0.02193	0.00398	0.00755
19	0.04400	0.02317	0.04224	0.03486	0.05510	0.00918	0.00855	0.03137	0.05996	0.03063	0.02044	0.19326	0.02107	0.13737	0.19092	0.00444	0.02720	0.05566	0.00433	0.00624
20	0.00789	0.00601	0.00703	0.00779	0.00882	0.00531	0.00537	0.00879	0.01233	0.01581	0.04213	0.50507	0.31166	0.01706	0.00747	0.00234	0.00350	0.01481	0.00560	0.00522
21	0.01443	0.01266	0.02042	0.26867	0.39640	0.01334	0.03936	0.05206	0.01379	0.03982	0.01248	0.01638	0.00999	0.00615	0.00601	0.00192	0.00710	0.00548	0.05511	0.00842
22	0.03546	0.10841	0.02241	0.05383	0.21989	0.12038	0.12459	0.08101	0.02923	0.06249	0.02607	0.01548	0.01071	0.00726	0.02327	0.00204	0.03998	0.00535	0.00374	0.00840
23	0.05919	0.01371	0.04605	0.14998	0.44952	0.03049	0.03621	0.01779	0.01326	0.05867	0.01323	0.06076	0.01138	0.00671	0.00606	0.00195	0.00700	0.00595	0.00351	0.00858
24	0.01109	0.00770	0.00924	0.00936	0.01087	0.00765	0.00679	0.01538	0.16415	0.06829	0.13549	0.40448	0.03365	0.01406	0.00705	0.00226	0.00395	0.03653	0.04549	0.00655
25	0.05618	0.01459	0.10684	0.05587	0.06792	0.01302	0.09654	0.19650	0.03052	0.09327	0.01766	0.07106	0.03925	0.04614	0.00772	0.00222	0.02601	0.03049	0.01993	0.00825
26	0.12914	0.08162	0.07672	0.03231	0.07091	0.09936	0.01052	0.09401	0.05265	0.05877	0.01412	0.06906	0.01202	0.00729	0.00570	0.00179	0.02405	0.00542	0.05284	0.10170
27	0.01428	0.01226	0.01546	0.01472	0.09781	0.05377	0.07874	0.12561	0.14983	0.02419	0.27210	0.02659	0.02702	0.00890	0.00672	0.00196	0.01994	0.00753	0.03467	0.00790
28	0.00938	0.00739	0.00950	0.00986	0.01049	0.02207	0.00719	0.01042	0.01090	0.01495	0.02402	0.40093	0.02706	0.07745	0.19828	0.00441	0.09640	0.04932	0.00455	0.00544
29	0.01308	0.01095	0.01259	0.00934	0.01428	0.00862	0.00735	0.04023	0.03124	0.02010	0.01201	0.03034	0.01025	0.00535	0.00481	0.00112	0.00462	0.00412	0.00389	0.75572
30	0.01262	0.02684	0.01294	0.01133	0.01260	0.01132	0.00889	0.06459	0.01135	0.06641	0.01454	0.02138	0.01344	0.10758	0.35032	0.02631	0.21131	0.00616	0.00371	0.00635
31	0.02249	0.01383	0.01558	0.01231	0.01658	0.01440	0.00997	0.42140	0.08462	0.25372	0.01832	0.01775	0.01283	0.00760	0.00604	0.00190	0.00583	0.00574	0.04921	0.00988
32	0.01346	0.01323	0.01862	0.01587	0.01616	0.01782	0.03778	0.01457	0.00955	0.01482	0.00862	0.01390	0.00845	0.01039	0.01856	0.00264	0.75057	0.00536	0.00285	0.00679
33	0.00938	0.00717	0.01041	0.04190	0.01225	0.00821	0.00805	0.01119	0.00989	0.01425	0.01576	0.02304	0.01464	0.04056	0.71337	0.00877	0.03576	0.00633	0.00335	0.00569
34	0.00930	0.00626	0.00695	0.00691	0.00701	0.00613	0.00392	0.00905	0.00895	0.01203	0.01884	0.03835	0.02150	0.78781	0.02916	0.00566	0.00585	0.00856	0.00378	0.00399
35	0.01251	0.01138	0.01592	0.15664	0.16232	0.04885	0.01223	0.02973	0.01154	0.01597	0.01269	0.01874	0.01148	0.05347	0.25109	0.00456	0.15497	0.00577	0.00321	0.00690
36	0.02252	0.01658	0.01772	0.01373	0.01834	0.01814	0.01122	0.73402	0.02725	0.03662	0.01461	0.01500	0.01059	0.00747	0.00611	0.00189	0.00659	0.00544	0.00600	0.01016
37	0.79958	0.01080	0.00830	0.00746	0.01083	0.01248	0.00606	0.01641	0.00967	0.02497	0.00845	0.01064	0.00689	0.04332	0.00476	0.00195	0.00448	0.00335	0.00354	0.00606
38	0.00865	0.00598	0.00769	0.00734	0.00874	0.00552	0.00552	0.01105	0.01525	0.04667	0.58684	0.05860	0.10198	0.05582	0.00803	0.00207	0.00310	0.04974	0.00602	0.00537
39	0.00801	0.00607	0.00678	0.00684	0.00828	0.00556	0.00492	0.01005	0.04827	0.03192	0.11148	0.15500	0.39883	0.13682	0.01030	0.00256	0.00355	0.03462	0.00518	0.00497
40	0.83938	0.01106	0.00841	0.00752	0.01106	0.01283	0.00619	0.01681	0.00973	0.02566	0.00796	0.00929	0.00619	0.00531	0.00354	0.00177	0.00442	0.00310	0.00354	0.00619
41	0.04439	0.01568	0.01680	0.01291	0.01745	0.01730	0.01066	0.70097	0.02608	0.05947	0.01386	0.01380	0.00977	0.00683	0.00566	0.00172	0.00620	0.00511	0.00571	0.00963
42	0.83938	0.01106	0.00841	0.00752	0.01106	0.01283	0.00619	0.01681	0.00973	0.02566	0.00796	0.00929	0.00619	0.00531	0.00354	0.00177	0.00442	0.00310	0.00354	0.00619
43	0.00720	0.00524	0.00678	0.00760	0.00830	0.00483	0.00524	0.00860	0.01228	0.01649	0.19230	0.56569	0.10579	0.01626	0.00713	0.00217	0.00315	0.01460	0.00552	0.00483
44	0.01294	0.00604	0.00673	0.00630	0.00809	0.00580	0.00481	0.01543	0.01266	0.14532	0.02009	0.06765	0.01597	0.00741	0.00449	0.00147	0.00307	0.00606	0.64364	0.00602
45	0.00754	0.00594	0.00683	0.00670	0.00834	0.00530	0.00503	0.00983	0.03017	0.01874	0.34700	0.08012	0.40520	0.01335	0.00678	0.00191	0.00292	0.02741	0.00573	0.00516
46	0.00790	0.00537	0.00636	0.00678	0.00688	0.00526	0.00404	0.00821	0.00914	0.01219	0.02226	0.27500	0.02614	0.55413	0.02228	0.00454	0.00485	0.01081	0.00404	0.00384
47	0.02134	0.01582	0.01694	0.01308	0.01758	0.01755	0.01077	0.70593	0.06585	0.03540	0.01424	0.01414	0.01014	0.00691	0.00573	0.00173	0.00620	0.00522	0.00573	0.00969
48	0.01297	0.01248	0.02156	0.29385	0.48299	0.01332	0.04680	0.01657	0.01250	0.01726	0.01059	0.01459	0.00855	0.00530	0.00573	0.00178	0.00720	0.00516	0.00273	0.00807
49	0.01125	0.00907	0.01244	0.01117	0.01192	0.01137	0.00883	0.05542	0.01005	0.03507	0.01239	0.01948	0.01189	0.11407	0.27851	0.06864	0.30396	0.00580	0.00312	0.00555
50	0.01246	0.01052	0.01447	0.11210	0.09968	0.00937	0.04013	0.03925	0.01296	0.04025	0.06717	0.01549	0.01218	0.00532	0.00496	0.00126	0.00512	0.00462	0.02128	0.47140
51	0.00682	0.00581	0.00587	0.00590	0.00782	0.00487	0.00446	0.00829	0.01304	0.01549	0.05730	0.05527	0.74412	0.01452	0.00679	0.00195	0.00295	0.02857	0.00531	0.00484
52	0.02919	0.02977	0.08936	0.03671	0.04767	0.01115	0.14088	0.04913	0.02857	0.04043	0.05190	0.16801	0.11176	0.01007	0.00801	0.00203	0.10793	0.02669	0.00407	0.00666
53	0.04235	0.53036	0.15492	0.01134	0.01667	0.05933	0.01174	0.06952	0.01306	0.03214	0.00912	0.01028	0.00760	0.00524	0.00424	0.00140	0.00667	0.00350	0.00283	0.00768
54	0.01284	0.00892	0.01027	0.00917	0.01164	0.00928	0.00708	0.06424	0.25448	0.10544	0.26313	0.06621	0.08287	0.02644	0.00666	0.00193	0.00386	0.00841	0.03993	0.00721
55	0.03403	0.00626	0.00736	0.00757	0.00837	0.00630	0.00513	0.01085	0.06011	0.03627	0.02497	0.22809	0.07514	0.36290	0.05352	0.00401	0.00513	0.05488	0.00442	0.00469
56	0.00936	0.00744	0.01133	0.02147	0.01162	0.00730	0.11939	0.03456	0.01080	0.01445	0.03422	0.20192	0.02345	0.40388	0.01802	0.00385	0.00568	0.05248	0.00401	0.00478
57	0.01118	0.01062	0.01442	0.01288	0.01331	0.03600	0.01049	0.01269	0.00919	0.01364	0.01084	0.03945	0.01065	0.02093	0.26685	0.00466	0.48788	0.00568	0.00279	0.00584
58	0.01377	0.01235	0.02260	0.16699	0.16923	0.01240	0.26824	0.01777	0.03157	0.09331	0.06062	0.01830	0.03217	0.00614	0.00643	0.00184	0.02575	0.00624	0.00359	0.03069
59	0.00906	0.00549	0.00803	0.00803	0.00845	0.00590	0.00570	0.00865	0.00824	0.01140	0.01291	0.02142	0.01277	0.10630	0.32703	0.41919	0.00920	0.00577	0.00282	0.00364
60	0.01823	0.01398	0.01496	0.01157	0.01608	0.03704	0.00940	0.39919	0.10871	0.06228	0.01413	0.01427	0.01043	0.00621	0.00530	0.00149	0.00556	0.00480	0.00506	0.24130
61	0.00722	0.00522	0.00683	0.00768	0.00833	0.00483	0.00528	0.00863	0.01226	0.01657	0.20154	0.58554	0.07620	0.01631	0.00715	0.00218	0.00315	0.01469	0.00554	0.00483
62	0.02137	0.02726	0.01621	0.01474	0.01768	0.77602	0.01105	0.02284	0.01621	0.01400	0.00884	0.01031	0.00737	0.00589	0.00516	0.00147	0.01031	0.00368	0.00295	0.00663
63	0.83938	0.01106	0.00841	0.00752	0.01106	0.01283	0.00619	0.01681	0.00973	0.02566	0.00796	0.00929	0.00619	0.00531	0.00354	0.00177	0.00442	0.00310	0.00354	0.00619
64	0.00818	0.00610	0.00907	0.00907	0.01005	0.00708	0.00700	0.01014	0.00916	0.01319	0.01543	0.02309	0.01457	0.07400	0.74558	0.00904	0.01492	0.00622	0.00308	0.00504
65	0.01197	0.00824	0.00982	0.00782	0.01126	0.00670	0.00609	0.01415	0.01319	0.11943	0.14679	0.02729	0.14792	0.05559	0.00679	0.00161	0.00388	0.00672	0.02232	0.37244
66	0.01086	0.01013	0.01483	0.01306	0.01365	0.01340	0.03466	0.01254	0.00908	0.01373	0.01067	0.01647	0.01018	0.02259	0.31215	0.00508	0.46282	0.00550	0.00273	0.00586
67	0.01185	0.01050	0.01714	0.12648	0.38378	0.01084	0.01420	0.01502	0.01287	0.01755	0.01802	0.03323	0.01783	0.00920	0.00651	0.00208	0.00633	0.27559	0.00371	0.00727
68	0.00920	0.00612	0.00713	0.00697	0.00866	0.00540	0.00516	0.01075	0.01311	0.09470	0.14356	0.14409	0.39025	0.08878	0.00891	0.00232	0.00348	0.04067	0.00546	0.00529
69	0.01303	0.01370	0.02269	0.01780	0.02024	0.04663	0.28288	0.03113	0.01131	0.01595	0.01041	0.04002	0.00934	0.00982	0.05239	0.00257	0.38444	0.00603	0.00286	0.00677
70	0.01256	0.01265	0.01830	0.01545	0.01573	0.01737	0.04748	0.01398	0.00899	0.01398	0.00770	0.01265	0.00756	0.00976	0.01820	0.00248	0.75121	0.00509	0.00252	0.00633
71	0.77112	0.01095	0.00882	0.00774	0.01136	0.01246	0.00638	0.01774	0.01029	0.08788	0.00919	0.01015	0.00686	0.00546	0.00373	0.00177	0.00446	0.00332	0.00384	0.00649
72	0.01529	0.80242	0.02997	0.00979	0.01468	0.02263	0.00979	0.01713	0.01162	0.01346	0.00795	0.00918	0.00734	0.00489	0.00367	0.00122	0.00612	0.00306	0.00245	0.00734
73	0.00994	0.00497	0.00745	0.00745	0.00745	0.00497	0.00497	0.00745	0.00745	0.00994	0.00994	0.01739	0.00994	0.01987	0.02235	0.83358	0.00497	0.00497	0.00248	0.00248
74	0.00825	0.00552	0.00626	0.00632	0.00634	0.00550	0.00355	0.00830	0.00844	0.01126	0.01867	0.07373	0.02161	0.76157	0.02807	0.00539	0.00544	0.00870	0.00355	0.00352
75	0.60043	0.01004	0.00847	0.00749	0.01072	0.01124	0.00610	0.03645	0.01114	0.08528	0.01125	0.01243	0.00848	0.00574	0.00386	0.00169	0.00419	0.00377	0.15480	0.00642
76	0.83938	0.01106	0.00841	0.00752	0.01106	0.01283	0.00619	0.01681	0.00973	0.02566	0.00796	0.00929	0.00619	0.00531	0.00354	0.00177	0.00442	0.00310	0.00354	0.00619
77	0.01416	0.01359	0.02322	0.03511	0.76330	0.01359	0.01755	0.01755	0.01302	0.01869	0.01076	0.01416	0.00906	0.00510	0.00566	0.00170	0.00680	0.00510	0.00283	0.00906
78	0.42852	0.01100	0.01096	0.00914	0.01286	0.01177	0.00752	0.12830	0.01453	0.21908	0.05826	0.01643	0.01253	0.00673	0.00478	0.00179	0.00474	0.02848	0.00501	0.00756
79	0.00892	0.00604	0.00784	0.00727	0.00881	0.00552	0.00550	0.01153	0.01604	0.06038	0.68617	0.04219	0.08880	0.01160	0.00670	0.00180	0.00282	0.01020	0.00628	0.00559
80	0.73281	0.01089	0.00904	0.00787	0.01153	0.01225	0.00648	0.01826	0.01060	0.12279	0.00988	0.01062	0.00724	0.00554	0.00383	0.00177	0.00448	0.00344	0.00400	0.00666
81	0.00750	0.00545	0.00740	0.00895	0.03184	0.00517	0.00598	0.00872	0.01122	0.01499	0.04579	0.64706	0.03599	0.05459	0.00834	0.00248	0.00371	0.08485	0.00516	0.00480
82	0.01218	0.00621	0.00745	0.00693	0.00873	0.00580	0.00527	0.01455	0.01370	0.15261	0.20123	0.11016	0.04958	0.00940	0.00541	0.00165	0.00314	0.00800	0.37197	0.00604
83	0.01047	0.00940	0.01454	0.25720	0.18274	0.01003	0.02714	0.01421	0.05375	0.01795	0.17526	0.05128	0.13549	0.00865	0.00616	0.00186	0.00543	0.00772	0.00409	0.00663
84	0.00723	0.00543	0.00666	0.00728	0.00826	0.00492	0.00516	0.00867	0.01243	0.01624	0.16066	0.41215	0.24212	0.03720	0.00768	0.00223	0.00324	0.04220	0.00542	0.00482
85	0.01460	0.03275	0.05243	0.03708	0.25920	0.19777	0.04168	0.03225	0.01350	0.03129	0.01610	0.08950	0.07120	0.00847	0.02316	0.00195	0.06002	0.00636	0.00338	0.00730
86	0.00899	0.00639	0.00782	0.00746	0.00902	0.00616	0.00568	0.01090	0.01338	0.06458	0.25117	0.10871	0.30414	0.01507	0.06677	0.00248	0.05084	0.01034	0.04466	0.00542
87	0.10692	0.08814	0.01845	0.05321	0.07206	0.17558	0.09350	0.12997	0.01464	0.01972	0.01071	0.01349	0.00879	0.02464	0.03859	0.00210	0.07816	0.00470	0.03943	0.00719
88	0.43289	0.18600	0.06222	0.02713	0.03526	0.10634	0.00917	0.03149	0.03184	0.02087	0.00886	0.01024	0.00713	0.00540	0.00409	0.00162	0.00592	0.00346	0.00322	0.00686
89	0.00911	0.00727	0.01052	0.04969	0.03014	0.00724	0.06063	0.02650	0.02325	0.03249	0.06196	0.31127	0.16644	0.04744	0.04549	0.00263	0.02678	0.07090	0.00476	0.00548
90	0.01097	0.02809	0.03493	0.05695	0.07054	0.07688	0.00886	0.03248	0.08554	0.01875	0.21559	0.19044	0.06052	0.01114	0.00669	0.00195	0.02160	0.05696	0.00485	0.00627
91	0.00972	0.00612	0.00749	0.00710	0.00870	0.00553	0.00523	0.01164	0.01400	0.10134	0.33351	0.11915	0.21442	0.08621	0.00868	0.00221	0.00332	0.01047	0.03969	0.00548
92	0.01864	0.02272	0.01661	0.01482	0.01686	0.54227	0.01150	0.02004	0.01391	0.01393	0.00843	0.01099	0.00741	0.00716	0.00935	0.00179	0.25013	0.00409	0.00281	0.00652
93	0.00892	0.00596	0.00752	0.00725	0.00870	0.00540	0.00534	0.01103	0.01461	0.07091	0.45875	0.15394	0.16341	0.04307	0.00762	0.00204	0.00308	0.01111	0.00593	0.00542
94	0.00818	0.00611	0.00910	0.00910	0.01009	0.00710	0.00704	0.01016	0.00917	0.01321	0.01540	0.02293	0.01450	0.06622	0.75326	0.00908	0.01502	0.00620	0.00308	0.00506
95	0.01167	0.00979	0.00955	0.00874	0.01074	0.11108	0.00664	0.04946	0.06781	0.05195	0.41494	0.06021	0.10204	0.01042	0.00626	0.00177	0.00416	0.00883	0.04784	0.00613
96	0.01793	0.01141	0.01302	0.01110	0.01470	0.01223	0.00880	0.05002	0.47630	0.26159	0.04293	0.02110	0.01718	0.00762	0.00582	0.00188	0.00464	0.00631	0.00623	0.00919

[dist]
# distance from previous block
# <min> <max>
0	21

[block]
# block no. 3 follows, 41 sequences, length 8
# corresponding to MSA columns:
# 535-542
name=unknown_D
#
# <colnr> <probs for GDERKNQSTAVLIFYWHMCP>
#	G	D	E	R	K	N	Q	S	T	A	V	L	I	F	Y	W	H	M	C	P
0	0.01259	0.01275	0.01885	0.01576	0.01623	0.01727	0.07213	0.01414	0.00915	0.01414	0.00784	0.01275	0.00760	0.00959	0.01779	0.00246	0.72491	0.00515	0.00253	0.00638
1	0.00753	0.00551	0.00717	0.00834	0.00890	0.00533	0.00577	0.00952	0.05487	0.01530	0.03096	0.70526	0.03633	0.01719	0.00725	0.00232	0.00351	0.05866	0.00534	0.00494
2	0.01209	0.01193	0.01668	0.01447	0.01450	0.01653	0.01196	0.01332	0.00893	0.01383	0.00936	0.07270	0.00984	0.01062	0.01789	0.00249	0.72813	0.00587	0.00272	0.00613
3	0.02566	0.00973	0.01327	0.01018	0.01460	0.00841	0.00841	0.02788	0.01637	0.76726	0.02257	0.01947	0.01416	0.00708	0.00575	0.00177	0.00487	0.00575	0.00708	0.00973
4	0.01165	0.02834	0.70456	0.01699	0.02521	0.01339	0.08467	0.01813	0.01220	0.01813	0.01038	0.01237	0.00737	0.00538	0.00555	0.00182	0.00856	0.00445	0.00246	0.00839
5	0.00817	0.00613	0.00919	0.00919	0.01021	0.00715	0.00715	0.01021	0.00919	0.01328	0.01532	0.02247	0.01430	0.04290	0.77631	0.00919	0.01532	0.00613	0.00306	0.00511
6	0.01751	0.12403	0.01665	0.01219	0.01504	0.26662	0.00988	0.17591	0.01609	0.01991	0.01123	0.01308	0.00912	0.00671	0.00692	0.00162	0.12376	0.00439	0.14221	0.00713
7	0.01184	0.01356	0.10256	0.36340	0.05921	0.05559	0.01381	0.01565	0.03358	0.01621	0.03712	0.01602	0.03044	0.00641	0.00685	0.00177	0.08693	0.00508	0.00298	0.12098

[dist]
# distance from previous block
# <min> <max>
1	3

[block]
# block no. 4 follows, 41 sequences, length 59
# corresponding to MSA columns:
# 549-570,572-608
name=unknown_E
#
# <colnr> <probs for GDERKNQSTAVLIFYWHMCP>
#	G	D	E	R	K	N	Q	S	T	A	V	L	I	F	Y	W	H	M	C	P
0	0.01559	0.69754	0.02789	0.01023	0.01488	0.06827	0.00981	0.01844	0.06566	0.01425	0.00912	0.01013	0.00808	0.00516	0.00392	0.00129	0.00626	0.00334	0.00272	0.00742
1	0.02975	0.15281	0.23114	0.01317	0.04828	0.01359	0.05279	0.11941	0.02659	0.07086	0.03255	0.02025	0.12814	0.00721	0.00544	0.00170	0.00622	0.00582	0.02651	0.00777
2	0.00817	0.00613	0.00919	0.00919	0.01021	0.00715	0.00715	0.01021	0.00919	0.01328	0.01532	0.02247	0.01430	0.04290	0.77631	0.00919	0.01532	0.00613	0.00306	0.00511
3	0.00964	0.00776	0.01024	0.03218	0.05616	0.02276	0.02445	0.06116	0.04102	0.01716	0.04929	0.47111	0.04536	0.02780	0.00766	0.00226	0.02665	0.07669	0.00495	0.00569
4	0.01966	0.01062	0.01303	0.01010	0.01443	0.00973	0.00820	0.09453	0.10884	0.38375	0.04946	0.01821	0.01438	0.00663	0.00542	0.00156	0.00472	0.00538	0.00583	0.21552
5	0.01251	0.01251	0.01752	0.01502	0.01502	0.01752	0.01251	0.01377	0.00876	0.01377	0.00751	0.01251	0.00751	0.01001	0.01877	0.00250	0.78851	0.00501	0.00250	0.00626
6	0.01080	0.01017	0.01716	0.78523	0.03940	0.01271	0.01589	0.01461	0.01144	0.01461	0.01017	0.01525	0.00762	0.00572	0.00572	0.00191	0.00762	0.00508	0.00254	0.00635
7	0.00782	0.00580	0.00729	0.00700	0.00840	0.00527	0.00522	0.01023	0.01542	0.02130	0.60907	0.08051	0.17059	0.01245	0.00677	0.00185	0.00276	0.01091	0.00609	0.00527
8	0.01069	0.00751	0.03986	0.00815	0.01016	0.00634	0.00647	0.04254	0.01419	0.11748	0.21893	0.24924	0.17070	0.01275	0.00658	0.00196	0.00363	0.02519	0.04167	0.00595
9	0.01350	0.01543	0.03375	0.02411	0.02989	0.01446	0.74253	0.01832	0.01350	0.01832	0.01157	0.01543	0.00868	0.00482	0.00675	0.00193	0.00964	0.00675	0.00289	0.00771
10	0.02521	0.01045	0.01372	0.01052	0.01496	0.00948	0.00869	0.10996	0.01758	0.68347	0.02155	0.01881	0.01365	0.00706	0.00575	0.00176	0.00503	0.00568	0.00692	0.00973
11	0.00895	0.00560	0.00721	0.00714	0.00723	0.00582	0.00453	0.00835	0.00812	0.01098	0.01482	0.02880	0.01627	0.45308	0.09276	0.27948	0.02748	0.00693	0.00308	0.00336
12	0.01385	0.37571	0.38922	0.01318	0.01978	0.01777	0.01538	0.06416	0.01282	0.01717	0.00945	0.01088	0.00745	0.00528	0.00466	0.00154	0.00727	0.00376	0.00264	0.00804
13	0.01083	0.00878	0.00998	0.00995	0.01180	0.00962	0.00744	0.01948	0.38017	0.01932	0.02678	0.31650	0.02660	0.04340	0.00747	0.00229	0.00418	0.07309	0.00549	0.00685
14	0.03843	0.01159	0.01583	0.01205	0.01654	0.01104	0.07760	0.18433	0.01820	0.50796	0.01949	0.03225	0.01297	0.00699	0.00583	0.00178	0.00559	0.00586	0.00629	0.00938
15	0.01330	0.01607	0.07884	0.02250	0.02799	0.02862	0.62279	0.01794	0.01326	0.01799	0.01206	0.01705	0.00953	0.00555	0.00716	0.00196	0.04044	0.03641	0.00295	0.00758
16	0.00829	0.00558	0.00646	0.00655	0.00664	0.00562	0.00385	0.00849	0.00858	0.01147	0.01869	0.06228	0.02141	0.71830	0.06037	0.00552	0.00589	0.02882	0.00356	0.00363
17	0.00700	0.00578	0.00615	0.00611	0.00789	0.00492	0.00456	0.00866	0.01353	0.01675	0.18153	0.07572	0.61342	0.01410	0.00677	0.00192	0.00288	0.01190	0.00549	0.00492
18	0.01276	0.01471	0.10448	0.34755	0.11855	0.06268	0.05740	0.04458	0.01227	0.01637	0.01008	0.01411	0.00800	0.00704	0.02358	0.00208	0.12889	0.00501	0.00274	0.00711
19	0.01197	0.00982	0.01250	0.01157	0.01269	0.03475	0.00930	0.05139	0.04115	0.06124	0.05024	0.18728	0.03615	0.01372	0.04892	0.00263	0.28335	0.11084	0.00431	0.00616
20	0.01423	0.01229	0.01293	0.01164	0.01487	0.01423	0.00905	0.03039	0.75297	0.02393	0.02328	0.02134	0.01746	0.00776	0.00582	0.00194	0.00453	0.00647	0.00582	0.00905
21	0.01868	0.01423	0.01677	0.17823	0.03554	0.01597	0.01179	0.52106	0.04557	0.04195	0.01457	0.01553	0.03013	0.00683	0.00575	0.00177	0.00642	0.00537	0.00500	0.00884
22	0.24761	0.01465	0.10238	0.03453	0.14021	0.05533	0.02861	0.05688	0.04386	0.13334	0.01222	0.01363	0.00913	0.00722	0.03001	0.00203	0.05209	0.00458	0.00388	0.00780
23	0.18747	0.10695	0.03126	0.04534	0.06142	0.12909	0.02948	0.01914	0.10224	0.05557	0.01190	0.01358	0.00951	0.00884	0.06909	0.00223	0.02171	0.00437	0.00357	0.08723
24	0.02258	0.00990	0.01269	0.00996	0.01381	0.00932	0.00817	0.10698	0.01668	0.54951	0.02049	0.01886	0.01351	0.00709	0.00592	0.00172	0.03040	0.00560	0.12784	0.00897
25	0.01546	0.66387	0.02685	0.00981	0.01438	0.02050	0.00946	0.06326	0.01311	0.03939	0.06877	0.01247	0.01143	0.00563	0.00411	0.00132	0.00582	0.00386	0.00311	0.00741
26	0.04687	0.00633	0.00783	0.00779	0.00922	0.00598	0.00575	0.02590	0.01369	0.07806	0.29006	0.28159	0.10625	0.04623	0.00767	0.00217	0.00347	0.04400	0.00565	0.00548
27	0.01272	0.00928	0.01328	0.01074	0.01352	0.00911	0.11124	0.14514	0.01741	0.07722	0.40594	0.03073	0.04525	0.00922	0.00631	0.00177	0.00449	0.00826	0.06157	0.00680
28	0.00787	0.00583	0.00665	0.00665	0.00829	0.00507	0.00491	0.00954	0.01349	0.04826	0.20130	0.17944	0.45387	0.01418	0.00681	0.00196	0.00301	0.01217	0.00559	0.00512
29	0.00710	0.00511	0.00673	0.00780	0.00831	0.00475	0.00529	0.00832	0.01167	0.01567	0.12297	0.67745	0.06355	0.01703	0.00721	0.00225	0.00323	0.01539	0.00543	0.00475
30	0.36566	0.01015	0.01079	0.00881	0.01266	0.01028	0.00724	0.04001	0.01355	0.38776	0.01596	0.01519	0.01074	0.00630	0.00471	0.00174	0.00457	0.00460	0.06133	0.00795
31	0.83938	0.01106	0.00841	0.00752	0.01106	0.01283	0.00619	0.01681	0.00973	0.02566	0.00796	0.00929	0.00619	0.00531	0.00354	0.00177	0.00442	0.00310	0.00354	0.00619
32	0.01529	0.80242	0.02997	0.00979	0.01468	0.02263	0.00979	0.01713	0.01162	0.01346	0.00795	0.00918	0.00734	0.00489	0.00367	0.00122	0.00612	0.00306	0.00245	0.00734
33	0.00723	0.00509	0.00656	0.00764	0.00790	0.00482	0.00496	0.00803	0.01045	0.01393	0.02896	0.65111	0.03459	0.16648	0.01145	0.00294	0.00374	0.01475	0.00496	0.00442
34	0.02137	0.02726	0.01621	0.01474	0.01768	0.77602	0.01105	0.02284	0.01621	0.01400	0.00884	0.01031	0.00737	0.00589	0.00516	0.00147	0.01031	0.00368	0.00295	0.00663
35	0.01465	0.01019	0.01182	0.01089	0.01369	0.01100	0.00876	0.05436	0.37617	0.13615	0.02443	0.04582	0.02102	0.04555	0.00741	0.00225	0.00487	0.18733	0.00575	0.00790
36	0.03209	0.01955	0.34495	0.01516	0.01982	0.01389	0.05894	0.01685	0.01133	0.06480	0.01107	0.01519	0.00905	0.00743	0.00996	0.00204	0.26571	0.03721	0.00297	0.04200
37	0.01186	0.01017	0.01186	0.00847	0.01356	0.00762	0.00678	0.01440	0.01186	0.01864	0.01017	0.01186	0.00847	0.00424	0.00424	0.00085	0.00424	0.00339	0.00339	0.83395
38	0.24735	0.07158	0.10332	0.01445	0.05679	0.04956	0.14230	0.07936	0.02731	0.06471	0.01217	0.04770	0.00999	0.00640	0.00557	0.00181	0.02849	0.02002	0.00367	0.00745
39	0.01566	0.71176	0.02925	0.01067	0.01558	0.02192	0.04295	0.06815	0.01278	0.01526	0.00852	0.00978	0.00757	0.00503	0.00395	0.00129	0.00629	0.00337	0.00270	0.00752
40	0.00728	0.00531	0.00693	0.00785	0.00853	0.00485	0.00535	0.00851	0.01153	0.01556	0.09709	0.66998	0.06078	0.01665	0.00710	0.00220	0.00329	0.01503	0.00531	0.04087
41	0.31349	0.01062	0.01110	0.00907	0.01282	0.01100	0.00741	0.11744	0.03550	0.25922	0.04433	0.01585	0.01217	0.00646	0.00479	0.00169	0.00459	0.00478	0.07383	0.04384
42	0.00987	0.00911	0.04072	0.00906	0.01068	0.07515	0.00718	0.02565	0.02518	0.01497	0.04034	0.02663	0.09858	0.11842	0.40030	0.00595	0.01049	0.00680	0.05956	0.00534
43	0.01280	0.01231	0.01964	0.44313	0.21207	0.04634	0.07796	0.04892	0.01293	0.01708	0.01081	0.01491	0.00838	0.00558	0.00571	0.00181	0.00749	0.00518	0.02969	0.00726
44	0.00708	0.00545	0.00648	0.00698	0.00812	0.00485	0.00495	0.00855	0.01268	0.01638	0.16838	0.37362	0.32497	0.01549	0.00699	0.00208	0.00305	0.01359	0.00548	0.00485
45	0.00698	0.00534	0.00642	0.00721	0.00818	0.00478	0.00505	0.00822	0.01191	0.01520	0.06111	0.48665	0.30309	0.01644	0.00710	0.00217	0.00319	0.03088	0.00534	0.00475
46	0.01171	0.01044	0.04536	0.19010	0.08867	0.03077	0.06763	0.03229	0.06008	0.04725	0.03850	0.18991	0.01836	0.00909	0.00601	0.00191	0.00569	0.03149	0.10811	0.00662
47	0.15017	0.03667	0.10669	0.01326	0.01718	0.01379	0.10771	0.14508	0.08180	0.05131	0.01376	0.03167	0.02300	0.01067	0.08754	0.00266	0.09012	0.00544	0.00393	0.00756
48	0.01281	0.01203	0.01132	0.01049	0.01206	0.17855	0.00792	0.04683	0.08118	0.01649	0.12864	0.07141	0.05120	0.01513	0.09452	0.15667	0.07633	0.00680	0.00398	0.00563
49	0.01946	0.01157	0.01348	0.01090	0.01494	0.01175	0.00879	0.14366	0.26871	0.31107	0.02117	0.01939	0.03258	0.00721	0.00566	0.00174	0.00488	0.00585	0.00606	0.08113
50	0.37801	0.06259	0.04458	0.01364	0.09804	0.04846	0.06865	0.10114	0.01294	0.02297	0.00996	0.01192	0.00788	0.00647	0.02128	0.00189	0.03871	0.00416	0.03953	0.00717
51	0.00732	0.00514	0.00682	0.00809	0.00855	0.00485	0.00561	0.00853	0.01119	0.01509	0.03091	0.69873	0.03648	0.01729	0.00723	0.00231	0.00347	0.07990	0.03777	0.00473
52	0.01265	0.03131	0.04983	0.12668	0.15488	0.01220	0.07053	0.06324	0.06441	0.04681	0.07417	0.11615	0.03530	0.00862	0.00752	0.00196	0.09218	0.02034	0.00397	0.00725
53	0.01554	0.77036	0.02940	0.00999	0.01480	0.05379	0.00984	0.01736	0.01181	0.01348	0.00799	0.00922	0.00734	0.00493	0.00373	0.00123	0.00629	0.00308	0.00247	0.00731
54	0.03628	0.01158	0.01348	0.01063	0.01465	0.01165	0.00865	0.27252	0.06756	0.31255	0.01838	0.03912	0.01305	0.00710	0.00549	0.00168	0.00504	0.00565	0.08310	0.06183
55	0.00927	0.00604	0.00784	0.00768	0.00840	0.00657	0.00547	0.01047	0.00941	0.03215	0.01648	0.02691	0.01621	0.29940	0.31386	0.04349	0.03451	0.00667	0.13457	0.00460
56	0.03262	0.16120	0.01392	0.00946	0.01216	0.06328	0.00755	0.06271	0.11052	0.08435	0.07139	0.19472	0.04673	0.04752	0.00674	0.00194	0.00488	0.00806	0.03890	0.02137
57	0.01446	0.03278	0.25712	0.03650	0.06657	0.05888	0.09061	0.09329	0.04370	0.08446	0.03527	0.04429	0.01326	0.00714	0.00583	0.00183	0.00702	0.05785	0.04122	0.00791
58	0.01571	0.05198	0.01614	0.01467	0.11175	0.03527	0.07146	0.03407	0.18438	0.17898	0.04436	0.07901	0.04828	0.00799	0.00637	0.00182	0.03804	0.00684	0.02752	0.02535

[dist]
# distance from previous block
# <min> <max>
2	11

[block]
# block no. 5 follows, 41 sequences, length 12
# corresponding to MSA columns:
# 622-633
name=unknown_F
#
# <colnr> <probs for GDERKNQSTAVLIFYWHMCP>
#	G	D	E	R	K	N	Q	S	T	A	V	L	I	F	Y	W	H	M	C	P
0	0.60759	0.01138	0.00983	0.03816	0.01293	0.04217	0.00713	0.01875	0.04581	0.11557	0.03720	0.01255	0.00949	0.00591	0.00418	0.00177	0.00478	0.00394	0.00412	0.00676
1	0.06592	0.01056	0.01087	0.00995	0.01254	0.02965	0.00775	0.02345	0.43176	0.04154	0.02163	0.02330	0.03597	0.03794	0.00670	0.00198	0.02759	0.03619	0.15710	0.00758
2	0.01637	0.01563	0.01306	0.01162	0.01455	0.22124	0.00892	0.11106	0.33590	0.02179	0.01736	0.01810	0.01355	0.04070	0.00638	0.00186	0.00612	0.00548	0.11258	0.00775
3	0.07016	0.11492	0.25978	0.01164	0.01574	0.01127	0.01211	0.01473	0.01180	0.04880	0.01845	0.20953	0.01883	0.01021	0.00643	0.00201	0.03558	0.11746	0.00384	0.00671
4	0.01093	0.00888	0.00983	0.03933	0.01170	0.04002	0.00714	0.07638	0.07985	0.01944	0.11998	0.06333	0.21130	0.01236	0.05393	0.00229	0.08114	0.00818	0.13792	0.00606
5	0.03082	0.01106	0.04195	0.01025	0.01457	0.00946	0.03413	0.06991	0.06801	0.23212	0.03798	0.03913	0.06425	0.00694	0.00563	0.00151	0.02105	0.00569	0.00496	0.29060
6	0.01457	0.18234	0.10344	0.14151	0.08780	0.14909	0.08725	0.03347	0.04790	0.01663	0.04529	0.01412	0.01038	0.00596	0.00581	0.00168	0.03757	0.00480	0.00303	0.00736
7	0.02137	0.02726	0.01621	0.01474	0.01768	0.77602	0.01105	0.02284	0.01621	0.01400	0.00884	0.01031	0.00737	0.00589	0.00516	0.00147	0.01031	0.00368	0.00295	0.00663
8	0.01614	0.01186	0.01311	0.01044	0.01396	0.01257	0.00846	0.34744	0.04926	0.02698	0.01424	0.01556	0.01091	0.00747	0.02568	0.00171	0.05169	0.00493	0.19192	0.16568
9	0.00906	0.00729	0.00870	0.00860	0.00942	0.05561	0.00622	0.01041	0.00936	0.01263	0.01577	0.02647	0.01593	0.28172	0.48885	0.00754	0.01188	0.00667	0.00318	0.00468
10	0.01571	0.01254	0.01285	0.01112	0.01436	0.06131	0.00873	0.14663	0.39639	0.08409	0.10391	0.02371	0.06675	0.00830	0.00592	0.00184	0.00492	0.00679	0.00574	0.00840
11	0.01730	0.18725	0.01869	0.01303	0.05658	0.15139	0.01025	0.18849	0.03163	0.05546	0.02575	0.01325	0.00990	0.00720	0.02588	0.00173	0.06892	0.00443	0.02231	0.09057

[dist]
# distance from previous block
# <min> <max>
1	33

[block]
# block no. 6 follows, 41 sequences, length 29
# corresponding to MSA columns:
# 667-686,690-698
name=unknown_G
#
# <colnr> <probs for GDERKNQSTAVLIFYWHMCP>
#	G	D	E	R	K	N	Q	S	T	A	V	L	I	F	Y	W	H	M	C	P
0	0.04756	0.04947	0.09528	0.10486	0.19380	0.01203	0.07280	0.03671	0.03322	0.08342	0.07798	0.03920	0.03060	0.00881	0.04802	0.00220	0.02780	0.00602	0.02267	0.00756
1	0.01458	0.01432	0.06024	0.09040	0.12834	0.11576	0.02883	0.06303	0.06684	0.05978	0.03265	0.05349	0.01206	0.00631	0.00535	0.00154	0.00622	0.00530	0.02155	0.21341
2	0.04500	0.01024	0.02712	0.00978	0.04931	0.10943	0.00681	0.03372	0.01201	0.07134	0.01799	0.09697	0.03136	0.23270	0.04542	0.00307	0.00582	0.00702	0.16278	0.02211
3	0.03199	0.01254	0.08691	0.01054	0.04414	0.00921	0.00883	0.06916	0.01303	0.01996	0.01177	0.01328	0.02984	0.00490	0.00458	0.00109	0.00487	0.00391	0.00350	0.61593
4	0.03379	0.09252	0.10526	0.03098	0.07498	0.14126	0.14520	0.04276	0.03330	0.03901	0.01367	0.10888	0.01245	0.03100	0.00632	0.00181	0.00721	0.00620	0.00346	0.06994
5	0.83938	0.01106	0.00841	0.00752	0.01106	0.01283	0.00619	0.01681	0.00973	0.02566	0.00796	0.00929	0.00619	0.00531	0.00354	0.00177	0.00442	0.00310	0.00354	0.00619
6	0.01100	0.01013	0.01586	0.02014	0.33426	0.00972	0.06447	0.03450	0.01372	0.01835	0.10039	0.05230	0.27292	0.00935	0.00627	0.00182	0.00516	0.00843	0.00418	0.00705
7	0.01097	0.01045	0.01771	0.72417	0.03793	0.01299	0.03920	0.01469	0.01138	0.01469	0.01009	0.01513	0.00765	0.00589	0.00637	0.00194	0.04467	0.00513	0.00255	0.00639
8	0.00678	0.00573	0.00586	0.00596	0.00777	0.00481	0.00442	0.00819	0.01288	0.01539	0.05591	0.11200	0.70534	0.01475	0.00680	0.00196	0.00293	0.01239	0.00531	0.00481
9	0.01529	0.80242	0.02997	0.00979	0.01468	0.02263	0.00979	0.01713	0.01162	0.01346	0.00795	0.00918	0.00734	0.00489	0.00367	0.00122	0.00612	0.00306	0.00245	0.00734
10	0.00927	0.00771	0.01113	0.01050	0.01121	0.00968	0.00830	0.01101	0.00904	0.01328	0.01350	0.02078	0.01294	0.07579	0.54471	0.00731	0.20964	0.00596	0.00294	0.00531
11	0.00705	0.00577	0.00622	0.00619	0.00792	0.00494	0.00461	0.00874	0.01360	0.01697	0.20326	0.08678	0.57996	0.01406	0.00678	0.00192	0.00288	0.01191	0.00552	0.00494
12	0.00781	0.00554	0.00740	0.00859	0.00919	0.00534	0.00634	0.00921	0.01137	0.01503	0.02976	0.49051	0.03456	0.09689	0.00971	0.00275	0.00415	0.23603	0.00511	0.00472
13	0.05438	0.00640	0.00844	0.00823	0.00939	0.00700	0.00615	0.01114	0.00982	0.04994	0.04002	0.02594	0.03275	0.18969	0.46922	0.00694	0.01099	0.00661	0.04187	0.00506
14	0.01320	0.01245	0.01964	0.22185	0.39270	0.03319	0.03086	0.05556	0.01310	0.01788	0.01238	0.06713	0.01105	0.00674	0.00658	0.00186	0.05044	0.02251	0.00312	0.00777
15	0.27303	0.01244	0.06088	0.00991	0.01388	0.02698	0.00857	0.16134	0.01558	0.19045	0.07570	0.01791	0.04772	0.00809	0.02869	0.00197	0.00539	0.00527	0.00495	0.03124
16	0.18111	0.03443	0.01470	0.07632	0.03984	0.06996	0.02310	0.29374	0.01807	0.06383	0.06268	0.01670	0.04666	0.00686	0.00529	0.00171	0.00588	0.00525	0.00462	0.02927
17	0.03477	0.06016	0.13974	0.07180	0.10212	0.04449	0.02887	0.27185	0.01744	0.02390	0.02538	0.01480	0.03361	0.00631	0.00578	0.00167	0.02774	0.00496	0.00394	0.08069
18	0.29020	0.06554	0.03140	0.12694	0.10606	0.09868	0.01112	0.07732	0.02974	0.02061	0.00954	0.01187	0.00765	0.00604	0.00610	0.00179	0.08489	0.00415	0.00328	0.00709
19	0.01023	0.00689	0.00871	0.00868	0.03351	0.00683	0.00602	0.05857	0.01259	0.06985	0.14349	0.11223	0.13254	0.20152	0.13655	0.02661	0.00608	0.00907	0.00467	0.00537
20	0.01396	0.04820	0.13363	0.06427	0.10288	0.05167	0.14897	0.05013	0.03364	0.08154	0.09649	0.01937	0.01505	0.00848	0.04066	0.00217	0.04967	0.02786	0.00377	0.00759
21	0.04886	0.00709	0.00839	0.00770	0.00973	0.00668	0.00588	0.06073	0.01529	0.10430	0.34714	0.12484	0.20762	0.01192	0.00649	0.00188	0.00338	0.01023	0.00588	0.00599
22	0.01436	0.09281	0.21058	0.11094	0.10574	0.06519	0.05494	0.11508	0.06809	0.01963	0.01163	0.01381	0.00898	0.00674	0.02180	0.00191	0.04435	0.00481	0.02063	0.00797
23	0.00956	0.00615	0.00736	0.00699	0.00853	0.00599	0.02477	0.01281	0.05370	0.02092	0.25214	0.08816	0.08705	0.00968	0.00548	0.00165	0.00303	0.00833	0.38216	0.00553
24	0.01263	0.09838	0.18518	0.01454	0.09075	0.06596	0.05890	0.04747	0.04643	0.04126	0.07553	0.16786	0.05351	0.00887	0.00590	0.00183	0.00618	0.00766	0.00396	0.00720
25	0.01701	0.07435	0.14650	0.04292	0.08526	0.13724	0.04748	0.24304	0.04446	0.03768	0.03293	0.01479	0.02624	0.00641	0.00573	0.00170	0.01899	0.00502	0.00397	0.00828
26	0.00857	0.00610	0.00811	0.00826	0.00897	0.00665	0.00607	0.01015	0.01045	0.01515	0.07412	0.20363	0.02391	0.14485	0.24794	0.00480	0.06039	0.03788	0.10910	0.00488
27	0.14664	0.01542	0.09715	0.06396	0.12843	0.05543	0.08065	0.13262	0.11914	0.03971	0.02672	0.01554	0.01079	0.00633	0.00577	0.00182	0.02471	0.01717	0.00396	0.00804
28	0.01154	0.01048	0.01162	0.01087	0.01277	0.07161	0.04173	0.01815	0.27407	0.01785	0.02467	0.24461	0.06275	0.07156	0.00898	0.00235	0.05542	0.03756	0.00486	0.00656

[dist]
# distance from previous block
# <min> <max>
7	20

[block]
# block no. 7 follows, 41 sequences, length 18
# corresponding to MSA columns:
# 720-737
name=unknown_H
#
# <colnr> <probs for GDERKNQSTAVLIFYWHMCP>
#	G	D	E	R	K	N	Q	S	T	A	V	L	I	F	Y	W	H	M	C	P
0	0.12012	0.13504	0.03820	0.01152	0.03168	0.12094	0.00945	0.07765	0.14383	0.05159	0.02999	0.01386	0.01078	0.00614	0.00543	0.00155	0.04112	0.00442	0.00396	0.14275
1	0.00890	0.00674	0.00797	0.00807	0.02598	0.00704	0.00523	0.01097	0.07731	0.01408	0.06307	0.08973	0.11934	0.44681	0.04029	0.00416	0.04651	0.00900	0.00412	0.00466
