[name]
unknown

[dist]
# distance from previous block
# <min> <max>
0	34

[block]
# block no. 0 follows, 47 sequences, length 23
# corresponding to MSA columns:
# 34-56
name=unknown_A
#
# <colnr> <probs for GDERKNQSTAVLIFYWHMCP>
#	G	D	E	R	K	N	Q	S	T	A	V	L	I	F	Y	W	H	M	C	P
0	0.00839	0.00599	0.00839	0.00959	0.01079	0.00599	0.00839	0.01079	0.01199	0.01558	0.02757	0.05874	0.02997	0.01439	0.00719	0.00240	0.00480	0.74945	0.00480	0.00480
1	0.85377	0.01007	0.00765	0.00685	0.01007	0.01168	0.00564	0.01531	0.00886	0.02336	0.00725	0.00846	0.00564	0.00483	0.00322	0.00161	0.00403	0.00282	0.00322	0.00564
2	0.08973	0.00606	0.00547	0.00535	0.00680	0.03362	0.00406	0.01274	0.01086	0.01955	0.01575	0.01802	0.01238	0.00593	0.00364	0.00126	0.00283	0.00461	0.73638	0.00497
3	0.01392	0.82012	0.02729	0.00891	0.01337	0.02061	0.00891	0.01559	0.01058	0.01225	0.00724	0.00835	0.00668	0.00446	0.00334	0.00111	0.00557	0.00278	0.00223	0.00668
4	0.85377	0.01007	0.00765	0.00685	0.01007	0.01168	0.00564	0.01531	0.00886	0.02336	0.00725	0.00846	0.00564	0.00483	0.00322	0.00161	0.00403	0.00282	0.00322	0.00564
5	0.85377	0.01007	0.00765	0.00685	0.01007	0.01168	0.00564	0.01531	0.00886	0.02336	0.00725	0.00846	0.00564	0.00483	0.00322	0.00161	0.00403	0.00282	0.00322	0.00564
6	0.01360	0.01151	0.01214	0.01073	0.01379	0.01325	0.00840	0.09747	0.70423	0.02283	0.02038	0.01878	0.01523	0.00699	0.00529	0.00175	0.00427	0.00577	0.00529	0.00830
7	0.00615	0.00528	0.00528	0.00528	0.00703	0.00440	0.00396	0.00747	0.01187	0.01407	0.05276	0.05012	0.78238	0.01319	0.00615	0.00176	0.00264	0.01099	0.00484	0.00440
8	0.01080	0.00926	0.01080	0.00771	0.01234	0.00694	0.00617	0.01311	0.01080	0.01697	0.00926	0.01080	0.00771	0.00386	0.00386	0.00077	0.00386	0.00309	0.00309	0.84882
9	0.09100	0.01080	0.01709	0.34814	0.36148	0.01201	0.01397	0.01542	0.05071	0.01633	0.00993	0.01322	0.00786	0.00502	0.00500	0.00164	0.00619	0.00453	0.00267	0.00698
10	0.00983	0.00926	0.01562	0.80447	0.03587	0.01157	0.01446	0.01331	0.01041	0.01331	0.00926	0.01388	0.00694	0.00521	0.00521	0.00174	0.00694	0.00463	0.00231	0.00579
11	0.01333	0.48834	0.02397	0.01164	0.01488	0.05370	0.08106	0.01510	0.01022	0.01277	0.00748	0.00976	0.00684	0.00576	0.00740	0.00150	0.22391	0.00361	0.00230	0.00642
12	0.01077	0.10181	0.71800	0.01428	0.02167	0.01290	0.01827	0.01641	0.01096	0.01609	0.00915	0.01075	0.00660	0.00490	0.00480	0.00160	0.00750	0.00375	0.00220	0.00760
13	0.00642	0.00459	0.00613	0.00734	0.00768	0.00430	0.00497	0.00739	0.01005	0.01338	0.02866	0.78414	0.03427	0.01624	0.00667	0.00213	0.00309	0.04346	0.00483	0.00425
14	0.00729	0.00532	0.00685	0.00647	0.00773	0.00488	0.00485	0.00967	0.01455	0.02044	0.73442	0.03963	0.09674	0.01081	0.00614	0.00165	0.00247	0.00952	0.00567	0.00488
15	0.01153	0.01035	0.01742	0.49351	0.30135	0.01168	0.01470	0.01480	0.01113	0.04966	0.00996	0.01370	0.00768	0.00506	0.00519	0.00166	0.00656	0.00466	0.00259	0.00680
16	0.15894	0.00852	0.00915	0.02402	0.01129	0.00943	0.00690	0.01762	0.31307	0.01977	0.12808	0.13133	0.04041	0.00933	0.00546	0.00184	0.00382	0.08996	0.00481	0.00626
17	0.01323	0.01152	0.01838	0.05738	0.55084	0.01116	0.01352	0.03230	0.01208	0.06726	0.01044	0.01287	0.00842	0.00468	0.00493	0.00142	0.00568	0.00440	0.00296	0.15654
18	0.01239	0.01203	0.02102	0.14625	0.61749	0.01231	0.07073	0.01563	0.01167	0.01644	0.00977	0.01312	0.00803	0.00471	0.00524	0.00159	0.00649	0.00475	0.00254	0.00779
19	0.01298	0.01199	0.02036	0.09725	0.69469	0.01215	0.01557	0.01607	0.01184	0.04250	0.01011	0.01314	0.00829	0.00475	0.00516	0.00156	0.00619	0.00466	0.00268	0.00806
20	0.03213	0.00883	0.01063	0.00856	0.03909	0.00721	0.00648	0.03622	0.01213	0.06126	0.14628	0.01621	0.01531	0.00532	0.00441	0.00104	0.00379	0.00442	0.00379	0.57688
21	0.01108	0.02434	0.68788	0.01393	0.02097	0.01133	0.01754	0.01663	0.01150	0.06688	0.06098	0.01327	0.00981	0.00542	0.00505	0.00165	0.00714	0.00431	0.00271	0.00759
22	0.01298	0.01303	0.02516	0.02503	0.33687	0.01263	0.39231	0.01726	0.04966	0.04597	0.01113	0.01397	0.00862	0.00470	0.00566	0.00167	0.00732	0.00548	0.00288	0.00766

[dist]
# distance from previous block
# <min> <max>
0	24

[block]
# block no. 1 follows, 47 sequences, length 46
# corresponding to MSA columns:
# 88-133
name=unknown_B
#
# <colnr> <probs for GDERKNQSTAVLIFYWHMCP>
#	G	D	E	R	K	N	Q	S	T	A	V	L	I	F	Y	W	H	M	C	P
0	0.01334	0.68775	0.15457	0.00990	0.01490	0.01919	0.01063	0.01574	0.01065	0.01296	0.00759	0.00879	0.00667	0.00454	0.00361	0.00120	0.00592	0.00296	0.00222	0.00685
1	0.01310	0.01226	0.02105	0.04609	0.72830	0.01225	0.03622	0.01620	0.01192	0.03788	0.01010	0.01307	0.00834	0.00469	0.00519	0.00156	0.00622	0.00470	0.00268	0.00818
2	0.01478	0.36070	0.12155	0.01201	0.03662	0.19549	0.05084	0.02828	0.02740	0.04996	0.05004	0.01170	0.00954	0.00523	0.00436	0.00135	0.00667	0.00384	0.00284	0.00680
3	0.01921	0.01075	0.06056	0.01003	0.01386	0.00951	0.00871	0.18880	0.01631	0.44525	0.04127	0.02081	0.03619	0.00820	0.02917	0.00187	0.00513	0.06065	0.00560	0.00812
4	0.01176	0.09532	0.62298	0.01501	0.06853	0.01257	0.01735	0.01697	0.01127	0.06713	0.00993	0.01132	0.00712	0.00498	0.00484	0.00159	0.00720	0.00389	0.00251	0.00772
5	0.00922	0.00876	0.00954	0.17806	0.01504	0.12456	0.00780	0.01106	0.02619	0.01345	0.02177	0.47515	0.03871	0.01202	0.00602	0.00191	0.00486	0.02695	0.00398	0.00493
6	0.01703	0.05058	0.05424	0.01021	0.01352	0.05473	0.02628	0.14273	0.01519	0.31231	0.13482	0.03140	0.01697	0.03869	0.00684	0.00176	0.05461	0.00572	0.00499	0.00738
7	0.01352	0.00646	0.00831	0.00731	0.00899	0.00606	0.00533	0.01455	0.01086	0.29301	0.04970	0.02619	0.01700	0.31857	0.06328	0.05604	0.00507	0.02774	0.05654	0.00548
8	0.01102	0.01038	0.01768	0.31755	0.37874	0.01119	0.04693	0.01399	0.01096	0.01497	0.01111	0.05986	0.00989	0.05605	0.00663	0.00188	0.00633	0.00546	0.00264	0.00673
9	0.00905	0.00452	0.00678	0.00678	0.00678	0.00452	0.00452	0.00678	0.00678	0.00905	0.00905	0.01583	0.00905	0.01809	0.02035	0.84848	0.00452	0.00452	0.00226	0.00226
10	0.03253	0.01095	0.01628	0.33385	0.24390	0.04228	0.02955	0.08102	0.01201	0.01634	0.01053	0.02931	0.00881	0.04168	0.02902	0.00199	0.02852	0.00493	0.01991	0.00660
11	0.01074	0.01002	0.01315	0.01169	0.01229	0.03403	0.00948	0.03281	0.05665	0.01380	0.01129	0.07965	0.01103	0.01493	0.16033	0.00330	0.48003	0.00565	0.02352	0.00561
12	0.00971	0.00485	0.00485	0.00485	0.00607	0.00485	0.00364	0.01213	0.01092	0.01942	0.01699	0.01942	0.01335	0.00607	0.00364	0.00121	0.00243	0.00485	0.84589	0.00485
13	0.02005	0.01103	0.01255	0.01005	0.01366	0.05830	0.00813	0.17642	0.10330	0.44134	0.04015	0.01803	0.01350	0.03089	0.00590	0.00172	0.00493	0.01611	0.00569	0.00827
14	0.00686	0.00535	0.00610	0.00649	0.00769	0.00485	0.00463	0.04159	0.01156	0.01455	0.03977	0.40292	0.40025	0.01433	0.00634	0.00192	0.00296	0.01248	0.00485	0.00452
15	0.01647	0.01294	0.01436	0.06510	0.03468	0.01459	0.00975	0.42969	0.29643	0.02712	0.01538	0.01513	0.01128	0.00644	0.00524	0.00165	0.00524	0.00512	0.00499	0.00841
16	0.01270	0.01395	0.02887	0.02082	0.02583	0.03541	0.69224	0.01704	0.02566	0.03892	0.01133	0.03136	0.00872	0.00478	0.00607	0.00175	0.00847	0.00622	0.00284	0.00701
17	0.01046	0.03482	0.39836	0.01462	0.01994	0.03020	0.18437	0.01528	0.04157	0.01605	0.02478	0.15908	0.01298	0.00707	0.00552	0.00174	0.00687	0.00650	0.00297	0.00683
18	0.03398	0.01050	0.04848	0.07926	0.16205	0.00900	0.03215	0.02818	0.03018	0.04922	0.03262	0.06056	0.02260	0.00550	0.00470	0.00128	0.00484	0.00480	0.00331	0.37679
19	0.00642	0.00456	0.00602	0.00715	0.00744	0.00428	0.00473	0.00727	0.00982	0.01309	0.02794	0.76507	0.03348	0.06614	0.00788	0.00230	0.00315	0.01435	0.00473	0.00416
20	0.01172	0.01346	0.10477	0.21018	0.08643	0.02835	0.23609	0.04800	0.05595	0.01639	0.01104	0.03502	0.00881	0.00572	0.00650	0.00175	0.07895	0.00532	0.02877	0.00676
21	0.01265	0.04667	0.17450	0.13011	0.15010	0.02231	0.11161	0.07214	0.01244	0.05873	0.01064	0.02713	0.00829	0.00506	0.00501	0.00150	0.00641	0.00457	0.00298	0.13714
22	0.01080	0.00926	0.01080	0.00771	0.01234	0.00694	0.00617	0.01311	0.01080	0.01697	0.00926	0.01080	0.00771	0.00386	0.00386	0.00077	0.00386	0.00309	0.00309	0.84882
23	0.00639	0.00530	0.00560	0.00557	0.00724	0.00451	0.00421	0.00790	0.01228	0.01507	0.15474	0.04877	0.65855	0.01286	0.00618	0.00176	0.00267	0.03095	0.00496	0.00448
24	0.00879	0.00575	0.00751	0.00706	0.00853	0.00534	0.00542	0.01138	0.03020	0.08196	0.61275	0.06558	0.05739	0.01074	0.00614	0.00171	0.00283	0.05997	0.00567	0.00526
25	0.05483	0.00933	0.01172	0.00955	0.01305	0.00895	0.00794	0.14056	0.02984	0.48613	0.01967	0.02268	0.01455	0.00753	0.00540	0.00171	0.00462	0.11565	0.02827	0.00800
26	0.00971	0.00485	0.00485	0.00485	0.00607	0.00485	0.00364	0.01213	0.01092	0.01942	0.01699	0.01942	0.01335	0.00607	0.00364	0.00121	0.00243	0.00485	0.84589	0.00485
27	0.27529	0.08948	0.34890	0.01116	0.01627	0.01243	0.03061	0.04396	0.01066	0.03666	0.00931	0.01170	0.00734	0.05554	0.00586	0.00181	0.01972	0.00380	0.00281	0.00670
28	0.00673	0.00487	0.00651	0.00760	0.00798	0.00472	0.00532	0.00777	0.01006	0.01342	0.02765	0.68506	0.03278	0.04379	0.00764	0.00225	0.02163	0.09521	0.00471	0.00429
29	0.85377	0.01007	0.00765	0.00685	0.01007	0.01168	0.00564	0.01531	0.00886	0.02336	0.00725	0.00846	0.00564	0.00483	0.00322	0.00161	0.00403	0.00282	0.00322	0.00564
30	0.01075	0.01046	0.01689	0.59628	0.15245	0.03553	0.03448	0.01400	0.01070	0.01393	0.00921	0.01347	0.00716	0.00530	0.00583	0.00172	0.04863	0.00463	0.00237	0.00621
31	0.00654	0.00464	0.00612	0.00723	0.00755	0.00438	0.00486	0.00744	0.00986	0.01314	0.02764	0.71570	0.03297	0.08184	0.00830	0.00237	0.00327	0.04730	0.00469	0.00417
32	0.00745	0.00556	0.00825	0.00825	0.00914	0.00644	0.00636	0.00922	0.00833	0.01200	0.01406	0.02107	0.01329	0.07410	0.76167	0.00822	0.01355	0.00567	0.00281	0.00458
33	0.01920	0.02095	0.01493	0.01317	0.03191	0.52137	0.00999	0.25047	0.01761	0.01917	0.00966	0.01065	0.00755	0.00564	0.00484	0.00141	0.00804	0.00383	0.02269	0.00692
34	0.01289	0.01237	0.02114	0.03196	0.78450	0.01237	0.01598	0.01598	0.01186	0.01701	0.00980	0.01289	0.00825	0.00464	0.00516	0.00155	0.00619	0.00464	0.00258	0.00825
35	0.01153	0.22662	0.34096	0.01265	0.01796	0.01344	0.09805	0.03606	0.03184	0.01600	0.01203	0.03846	0.02271	0.00586	0.00478	0.00155	0.00642	0.04096	0.05518	0.00693
36	0.02118	0.01176	0.01376	0.01109	0.03761	0.04197	0.00880	0.30357	0.01829	0.42728	0.01637	0.01508	0.01084	0.00620	0.00516	0.00156	0.00515	0.00487	0.00562	0.03385
37	0.00707	0.00522	0.00661	0.00646	0.00765	0.00476	0.00477	0.00918	0.01375	0.01900	0.58707	0.13603	0.14970	0.01170	0.00621	0.00171	0.00255	0.01030	0.00550	0.00476
38	0.00624	0.00495	0.00561	0.00613	0.00726	0.00432	0.00434	0.00738	0.01105	0.01373	0.04237	0.37975	0.45945	0.01454	0.00637	0.00191	0.00280	0.01264	0.00484	0.00432
39	0.01047	0.07444	0.66813	0.01412	0.02108	0.01214	0.03788	0.01591	0.01112	0.01632	0.04047	0.03526	0.00913	0.00546	0.00498	0.00163	0.00725	0.00438	0.00243	0.00740
40	0.10920	0.00847	0.01060	0.03602	0.01201	0.02773	0.03290	0.04425	0.01131	0.22987	0.01630	0.02000	0.04658	0.12691	0.17165	0.00352	0.05399	0.00551	0.02708	0.00609
41	0.00634	0.00456	0.00601	0.00717	0.00753	0.00424	0.00480	0.00726	0.01005	0.01332	0.02966	0.78328	0.06413	0.01619	0.00663	0.00210	0.00301	0.01465	0.00483	0.00424
42	0.00633	0.00458	0.00599	0.00712	0.00752	0.00424	0.00477	0.00727	0.01010	0.01335	0.03034	0.76168	0.08529	0.01610	0.00661	0.00209	0.00300	0.01455	0.00483	0.00424
43	0.01395	0.56345	0.14417	0.01043	0.01511	0.10585	0.01062	0.01697	0.05230	0.01348	0.00841	0.00948	0.00717	0.00478	0.00385	0.00126	0.00625	0.00318	0.00244	0.00685
44	0.03190	0.01156	0.01963	0.23026	0.55470	0.01217	0.03373	0.01529	0.01143	0.01620	0.00961	0.01307	0.00784	0.00478	0.00515	0.00160	0.00639	0.00463	0.00253	0.00752
45	0.05059	0.08882	0.08022	0.01240	0.05265	0.04766	0.01037	0.42381	0.08031	0.06028	0.01220	0.01247	0.00894	0.00581	0.00488	0.00152	0.00574	0.00439	0.00438	0.03256

[dist]
# distance from previous block
# <min> <max>
2	7

[block]
# block no. 2 follows, 47 sequences, length 24
# corresponding to MSA columns:
# 143-154,212-223
name=unknown_C
#
# <colnr> <probs for GDERKNQSTAVLIFYWHMCP>
#	G	D	E	R	K	N	Q	S	T	A	V	L	I	F	Y	W	H	M	C	P
0	0.03913	0.01166	0.01245	0.01086	0.03630	0.10654	0.04539	0.22115	0.07870	0.07108	0.16525	0.05530	0.05585	0.00807	0.00590	0.03031	0.00504	0.00634	0.02792	0.00674
1	0.03987	0.00751	0.00959	0.00790	0.01073	0.00669	0.00623	0.01837	0.01306	0.45028	0.08424	0.02579	0.09232	0.12226	0.00833	0.00210	0.00410	0.02883	0.03311	0.02866
2	0.06864	0.05798	0.04833	0.03897	0.14222	0.05542	0.07637	0.20403	0.04921	0.14222	0.03506	0.02581	0.02051	0.00593	0.00508	0.00158	0.00583	0.00498	0.00412	0.00772
3	0.01139	0.01139	0.01595	0.01367	0.01367	0.01595	0.01139	0.01253	0.00798	0.01253	0.00684	0.01139	0.00684	0.00911	0.01709	0.00228	0.80745	0.00456	0.00228	0.00570
4	0.00627	0.00518	0.00550	0.00563	0.00716	0.00441	0.00414	0.00762	0.01184	0.01448	0.10423	0.14828	0.63049	0.01340	0.00622	0.00180	0.00267	0.01137	0.00490	0.00441
5	0.01210	0.01151	0.01953	0.28079	0.44946	0.01230	0.06194	0.04090	0.03042	0.01644	0.01004	0.01343	0.00801	0.00492	0.00524	0.00163	0.00653	0.00476	0.00265	0.00739
6	0.23837	0.01468	0.01350	0.03261	0.06289	0.17059	0.02444	0.26375	0.07244	0.02336	0.02931	0.01206	0.00897	0.00570	0.00463	0.00156	0.00594	0.00416	0.00391	0.00714
7	0.00654	0.00480	0.00619	0.00722	0.00783	0.00445	0.00509	0.00767	0.01047	0.01366	0.03209	0.62012	0.14321	0.01565	0.00663	0.00209	0.00316	0.09400	0.00483	0.00432
8	0.01305	0.01224	0.02030	0.09926	0.67005	0.01254	0.01547	0.06269	0.01252	0.01767	0.00992	0.01295	0.00817	0.00479	0.00516	0.00156	0.00623	0.00464	0.00272	0.00807
9	0.01422	0.73984	0.04892	0.00937	0.01383	0.05341	0.00929	0.03716	0.01117	0.01298	0.00749	0.00859	0.00674	0.00456	0.00350	0.00115	0.00580	0.00289	0.00233	0.00675
10	0.00708	0.00540	0.00652	0.00635	0.00770	0.00492	0.00472	0.00940	0.03366	0.01829	0.48690	0.10762	0.25876	0.01177	0.00617	0.00172	0.00260	0.01024	0.00539	0.00479
11	0.01175	0.01102	0.01783	0.13207	0.45220	0.01182	0.03296	0.01548	0.06666	0.01650	0.04119	0.01576	0.03222	0.00636	0.01945	0.00177	0.07593	0.00514	0.02661	0.00726
12	0.01189	0.10030	0.48336	0.01404	0.02014	0.08575	0.07874	0.01744	0.07125	0.01630	0.03283	0.01233	0.00873	0.00521	0.00491	0.00157	0.00724	0.00420	0.00264	0.02111
13	0.00634	0.00453	0.00604	0.00725	0.00755	0.00423	0.00483	0.00725	0.00997	0.01329	0.02870	0.81358	0.03444	0.01632	0.00665	0.00211	0.00302	0.01480	0.00483	0.00423
14	0.01594	0.01851	0.01631	0.04434	0.15415	0.44656	0.07443	0.03723	0.01403	0.01532	0.08358	0.01374	0.01140	0.00570	0.00505	0.00146	0.00775	0.00452	0.02354	0.00644
15	0.00659	0.00473	0.00617	0.00714	0.00755	0.00439	0.00474	0.00747	0.00980	0.01315	0.02705	0.72273	0.03228	0.08233	0.00820	0.00231	0.00322	0.01382	0.00464	0.03170
16	0.01271	0.01067	0.01141	0.01020	0.01302	0.01213	0.00798	0.07987	0.61834	0.02215	0.08187	0.02233	0.03992	0.00765	0.00543	0.00176	0.00408	0.02533	0.00530	0.00783
17	0.01280	0.21396	0.14417	0.01147	0.07136	0.05737	0.01008	0.03562	0.03431	0.05004	0.03136	0.01274	0.03026	0.00504	0.00432	0.00123	0.00542	0.00387	0.00305	0.26154
18	0.01906	0.02346	0.01521	0.01449	0.06413	0.70260	0.01042	0.06307	0.01513	0.01416	0.00841	0.00979	0.00693	0.00537	0.00475	0.00137	0.00898	0.00351	0.00282	0.00634
19	0.01182	0.01054	0.01151	0.00898	0.03556	0.05690	0.00687	0.05658	0.01188	0.01755	0.01029	0.01169	0.02385	0.00431	0.00407	0.00090	0.00435	0.00340	0.00320	0.70575
20	0.12854	0.01029	0.05700	0.00938	0.01328	0.00903	0.00812	0.08696	0.01435	0.51095	0.03954	0.01645	0.01231	0.00812	0.05012	0.00200	0.00517	0.00494	0.00544	0.00802
21	0.00801	0.00538	0.00731	0.02257	0.00807	0.00581	0.00516	0.00834	0.00797	0.01092	0.01443	0.02668	0.01522	0.33573	0.25829	0.17912	0.02591	0.04854	0.00292	0.00363
22	0.06271	0.07039	0.16493	0.03503	0.27337	0.02307	0.07967	0.03207	0.07129	0.06762	0.04306	0.01406	0.01030	0.00531	0.00498	0.00158	0.00607	0.00471	0.02224	0.00753
23	0.24573	0.08662	0.09592	0.05506	0.08813	0.07371	0.05534	0.03104	0.01158	0.12586	0.01064	0.01189	0.00794	0.00513	0.00436	0.00151	0.00562	0.00393	0.05140	0.02858

[dist]
# distance from previous block
# <min> <max>
4	16

[block]
# block no. 3 follows, 47 sequences, length 39
# corresponding to MSA columns:
# 241-279
name=unknown_D
#
# <colnr> <probs for GDERKNQSTAVLIFYWHMCP>
#	G	D	E	R	K	N	Q	S	T	A	V	L	I	F	Y	W	H	M	C	P
0	0.02809	0.05617	0.01271	0.04178	0.06381	0.05360	0.00846	0.14855	0.09546	0.10142	0.07067	0.07228	0.04173	0.00778	0.00594	0.00166	0.05604	0.03935	0.08771	0.00679
1	0.05469	0.01132	0.01340	0.01031	0.01437	0.01139	0.00852	0.33748	0.01870	0.43967	0.01663	0.01516	0.01090	0.00630	0.00515	0.00159	0.00496	0.00491	0.00580	0.00873
2	0.01100	0.01088	0.06345	0.07132	0.12622	0.00891	0.07348	0.02534	0.01140	0.01680	0.01154	0.01675	0.01011	0.00535	0.00476	0.00128	0.00517	0.08064	0.02064	0.42496
3	0.00748	0.00544	0.00764	0.00764	0.00831	0.00611	0.00560	0.00883	0.00815	0.01155	0.01462	0.02417	0.01463	0.25076	0.58684	0.00747	0.01153	0.00612	0.00289	0.00424
4	0.00628	0.00528	0.00545	0.00541	0.00711	0.00445	0.00406	0.00772	0.01217	0.01478	0.12919	0.04894	0.70550	0.01292	0.00615	0.00175	0.00262	0.01083	0.00493	0.00445
5	0.00971	0.00485	0.00485	0.00485	0.00607	0.00485	0.00364	0.01213	0.01092	0.01942	0.01699	0.01942	0.01335	0.00607	0.00364	0.00121	0.00243	0.00485	0.84589	0.00485
6	0.01162	0.00943	0.01153	0.00935	0.06177	0.00733	0.00688	0.01396	0.01109	0.05901	0.00991	0.01131	0.00803	0.00405	0.00401	0.00087	0.00404	0.00330	0.00324	0.74929
7	0.00730	0.00547	0.00680	0.00668	0.00792	0.00512	0.00492	0.00994	0.05083	0.01869	0.51492	0.16631	0.15207	0.01177	0.00619	0.00174	0.00266	0.01036	0.00543	0.00489
8	0.01035	0.00745	0.00848	0.00759	0.00975	0.00740	0.00587	0.09179	0.13630	0.07750	0.28043	0.05411	0.26190	0.01022	0.00586	0.00170	0.00328	0.00867	0.00536	0.00598
9	0.78429	0.01029	0.00781	0.00709	0.01015	0.03757	0.00575	0.01510	0.00911	0.02252	0.00833	0.04797	0.00709	0.00541	0.00344	0.00163	0.00416	0.00343	0.00328	0.00558
10	0.00665	0.00504	0.00683	0.00753	0.00828	0.00465	0.02724	0.00786	0.01057	0.01384	0.04894	0.60739	0.14500	0.01524	0.00658	0.00206	0.00324	0.06388	0.00479	0.00439
11	0.01062	0.05206	0.74643	0.01455	0.02202	0.01239	0.01864	0.01674	0.02968	0.01649	0.00957	0.01112	0.00683	0.00498	0.00490	0.00163	0.00754	0.00386	0.00228	0.00768
12	0.00825	0.00590	0.00822	0.00937	0.01052	0.00587	0.00810	0.01057	0.01197	0.01563	0.05174	0.09740	0.03082	0.01437	0.00713	0.00236	0.00463	0.68755	0.00483	0.00477
13	0.01931	0.02027	0.01484	0.01269	0.01592	0.47193	0.00986	0.27585	0.05855	0.03621	0.01053	0.01116	0.00806	0.00578	0.00491	0.00145	0.00776	0.00398	0.00376	0.00718
14	0.85377	0.01007	0.00765	0.00685	0.01007	0.01168	0.00564	0.01531	0.00886	0.02336	0.00725	0.00846	0.00564	0.00483	0.00322	0.00161	0.00403	0.00282	0.00322	0.00564
15	0.01250	0.01143	0.01956	0.23538	0.47876	0.01210	0.05587	0.01565	0.01151	0.05366	0.01011	0.01340	0.00806	0.00502	0.00565	0.00164	0.03480	0.00475	0.00269	0.00747
16	0.00865	0.00714	0.01002	0.00916	0.00965	0.00859	0.03092	0.00972	0.00810	0.01161	0.01294	0.02299	0.01347	0.31847	0.28714	0.00537	0.21274	0.00608	0.00279	0.00444
17	0.07299	0.01071	0.01721	0.40799	0.28827	0.01193	0.03512	0.04174	0.01137	0.01622	0.00945	0.01301	0.00741	0.00496	0.00503	0.00163	0.00639	0.00450	0.00261	0.03147
18	0.00757	0.00505	0.00568	0.00568	0.00568	0.00505	0.00316	0.00757	0.00757	0.01010	0.01641	0.03408	0.01893	0.81698	0.02651	0.00505	0.00505	0.00757	0.00316	0.00316
19	0.00988	0.00595	0.00682	0.00640	0.00793	0.00588	0.00494	0.06690	0.01311	0.04654	0.23764	0.02838	0.06791	0.02328	0.03073	0.00176	0.00329	0.04309	0.38433	0.00524
20	0.06527	0.00586	0.00707	0.00675	0.00759	0.00607	0.00458	0.01018	0.00876	0.08157	0.04313	0.02785	0.01719	0.47642	0.20523	0.00518	0.00695	0.00664	0.00346	0.00425
21	0.00779	0.00634	0.00693	0.00738	0.00842	0.04381	0.00522	0.04646	0.01137	0.01448	0.03156	0.51264	0.19816	0.03134	0.00675	0.00201	0.00348	0.02899	0.00467	0.02219
22	0.04006	0.00684	0.01120	0.17175	0.01513	0.00731	0.08253	0.00963	0.00836	0.01154	0.00990	0.04577	0.00930	0.01316	0.01437	0.49932	0.01956	0.00502	0.00246	0.01679
23	0.06026	0.01345	0.01461	0.07925	0.10968	0.08492	0.01032	0.26132	0.25087	0.02311	0.01377	0.01427	0.01038	0.00613	0.00535	0.00164	0.02371	0.00482	0.00428	0.00784
24	0.00971	0.00485	0.00485	0.00485	0.00607	0.00485	0.00364	0.01213	0.01092	0.01942	0.01699	0.01942	0.01335	0.00607	0.00364	0.00121	0.00243	0.00485	0.84589	0.00485
25	0.79076	0.01041	0.00783	0.00704	0.01012	0.03981	0.00570	0.01521	0.00903	0.02247	0.00764	0.00949	0.00619	0.03635	0.00418	0.00173	0.00426	0.00302	0.00320	0.00556
26	0.00971	0.00485	0.00485	0.00485	0.00607	0.00485	0.00364	0.01213	0.01092	0.01942	0.01699	0.01942	0.01335	0.00607	0.00364	0.00121	0.00243	0.00485	0.84589	0.00485
27	0.00802	0.00563	0.00728	0.00677	0.00814	0.00528	0.00511	0.01090	0.04165	0.04256	0.73336	0.03761	0.04694	0.01040	0.00609	0.00164	0.00257	0.00918	0.00574	0.00514
28	0.00722	0.00508	0.00624	0.00669	0.00720	0.00489	0.00456	0.00814	0.00989	0.01312	0.10240	0.25092	0.08878	0.34500	0.01481	0.00328	0.00401	0.10960	0.00423	0.00395
29	0.02005	0.01418	0.01538	0.01179	0.01595	0.01554	0.00974	0.71413	0.02380	0.08679	0.01308	0.01288	0.00914	0.00627	0.00521	0.00157	0.00564	0.00473	0.00530	0.00886
30	0.01108	0.15918	0.64022	0.01406	0.02114	0.01355	0.03939	0.01635	0.01096	0.01579	0.00903	0.01064	0.00665	0.00485	0.00471	0.00156	0.00737	0.00374	0.00222	0.00751
31	0.01012	0.00954	0.01613	0.73297	0.10515	0.01164	0.01460	0.01355	0.01055	0.01365	0.00931	0.01379	0.00706	0.00515	0.00520	0.00172	0.00687	0.00463	0.00234	0.00601
32	0.05548	0.00905	0.01200	0.00924	0.01324	0.00802	0.00763	0.04338	0.01491	0.73972	0.01983	0.01724	0.01251	0.00638	0.00516	0.00161	0.00445	0.00513	0.00629	0.00874
33	0.00661	0.00478	0.00620	0.00723	0.00774	0.00448	0.00504	0.00766	0.01022	0.01343	0.03006	0.62112	0.10045	0.06067	0.00777	0.00228	0.00329	0.09197	0.00474	0.00424
34	0.01257	0.01205	0.02056	0.11218	0.70676	0.01229	0.01582	0.01570	0.01171	0.01663	0.00974	0.01299	0.00811	0.00470	0.00516	0.00157	0.00627	0.00464	0.00255	0.00799
35	0.01126	0.02407	0.61350	0.01530	0.02211	0.05032	0.11209	0.01661	0.01139	0.03268	0.01032	0.03830	0.00783	0.00531	0.00515	0.00166	0.00769	0.00451	0.00246	0.00744
36	0.00697	0.00528	0.00642	0.00619	0.00755	0.00474	0.00462	0.00903	0.01372	0.01858	0.53718	0.06750	0.27000	0.01160	0.00616	0.00169	0.00253	0.01007	0.00543	0.00474
37	0.01295	0.04643	0.02037	0.06621	0.60171	0.03790	0.03577	0.02852	0.01198	0.01675	0.00963	0.01251	0.00803	0.00465	0.00500	0.00148	0.00620	0.00445	0.00264	0.06681
38	0.04962	0.05978	0.03949	0.02981	0.01558	0.01416	0.03910	0.26665	0.35580	0.05085	0.01588	0.01541	0.01172	0.00632	0.00509	0.00165	0.00510	0.00508	0.00477	0.00815

[dist]
# distance from previous block
# <min> <max>
0	5

[block]
# block no. 4 follows, 47 sequences, length 21
# corresponding to MSA columns:
# 285-305
name=unknown_E
#
# <colnr> <probs for GDERKNQSTAVLIFYWHMCP>
#	G	D	E	R	K	N	Q	S	T	A	V	L	I	F	Y	W	H	M	C	P
0	0.03791	0.13145	0.19885	0.02916	0.12554	0.10234	0.01205	0.07952	0.08974	0.03209	0.03491	0.03665	0.01065	0.02244	0.03331	0.00184	0.00654	0.00466	0.00321	0.00714
1	0.01053	0.00860	0.00932	0.00899	0.03593	0.04615	0.00654	0.06474	0.20561	0.04158	0.23013	0.10023	0.16283	0.03727	0.00648	0.00183	0.00378	0.00834	0.00503	0.00608
2	0.00971	0.00485	0.00485	0.00485	0.00607	0.00485	0.00364	0.01213	0.01092	0.01942	0.01699	0.01942	0.01335	0.00607	0.00364	0.00121	0.00243	0.00485	0.84589	0.00485
3	0.01200	0.01140	0.01452	0.01237	0.01335	0.04460	0.01013	0.08423	0.01022	0.01492	0.00931	0.06546	0.00913	0.00952	0.03509	0.00219	0.54881	0.00510	0.00283	0.08481
4	0.01237	0.01111	0.01844	0.04650	0.57559	0.01111	0.03001	0.03685	0.01249	0.03977	0.08570	0.04874	0.01398	0.00608	0.00540	0.00162	0.00567	0.02775	0.00322	0.00761
5	0.00971	0.00485	0.00485	0.00485	0.00607	0.00485	0.00364	0.01213	0.01092	0.01942	0.01699	0.01942	0.01335	0.00607	0.00364	0.00121	0.00243	0.00485	0.84589	0.00485
6	0.36541	0.01100	0.01717	0.01313	0.01691	0.01126	0.32534	0.01543	0.01068	0.03867	0.01094	0.05769	0.00901	0.00544	0.00473	0.00167	0.00586	0.00512	0.06838	0.00616
7	0.07429	0.07555	0.06899	0.01987	0.31563	0.01238	0.09887	0.03129	0.06773	0.09016	0.01338	0.01547	0.04171	0.00569	0.00548	0.00162	0.03314	0.01790	0.00332	0.00752
8	0.06222	0.04762	0.01424	0.01167	0.09128	0.00959	0.06187	0.04887	0.04550	0.10989	0.01120	0.01227	0.00864	0.00461	0.00438	0.00116	0.00469	0.00388	0.00356	0.44284
9	0.00746	0.00513	0.00619	0.00625	0.00648	0.00527	0.00389	0.00788	0.00794	0.01072	0.01742	0.06786	0.03762	0.61319	0.17033	0.00546	0.00657	0.00762	0.00321	0.00352
10	0.04024	0.08083	0.07285	0.02478	0.07183	0.05554	0.06894	0.21647	0.18917	0.08548	0.03281	0.01460	0.01109	0.00595	0.00506	0.00159	0.00574	0.00489	0.00425	0.00788
11	0.01224	0.12742	0.27077	0.01493	0.12177	0.03716	0.06560	0.07500	0.03817	0.03114	0.08430	0.01598	0.04732	0.00589	0.00500	0.00153	0.00616	0.00494	0.00319	0.03149
12	0.04619	0.19805	0.34081	0.01256	0.01790	0.12419	0.03038	0.04830	0.10376	0.01660	0.01020	0.01123	0.00783	0.00519	0.00457	0.00150	0.00684	0.00384	0.00282	0.00726
13	0.01374	0.77822	0.06758	0.00922	0.01385	0.02016	0.00946	0.01564	0.01060	0.01248	0.00735	0.00849	0.00668	0.00448	0.00343	0.00114	0.00568	0.00284	0.00223	0.00674
14	0.04595	0.00630	0.03687	0.00643	0.00814	0.00524	0.00511	0.00917	0.01276	0.01743	0.35710	0.10452	0.34293	0.01166	0.00601	0.00173	0.00285	0.00998	0.00504	0.00479
15	0.00682	0.00530	0.00620	0.00597	0.00744	0.00468	0.00448	0.00876	0.01344	0.01780	0.45172	0.04398	0.38109	0.01180	0.00615	0.00169	0.00254	0.01013	0.00533	0.00468
16	0.00775	0.00612	0.00714	0.00677	0.00842	0.00578	0.00507	0.01104	0.09869	0.01757	0.33328	0.09286	0.26248	0.03433	0.03342	0.00200	0.00328	0.00936	0.00504	0.04961
17	0.00638	0.00474	0.00597	0.00693	0.00756	0.00433	0.00478	0.00742	0.01043	0.01353	0.03356	0.63126	0.18666	0.01561	0.00657	0.00205	0.00301	0.04009	0.00483	0.00428
18	0.01945	0.02482	0.01476	0.01342	0.01610	0.79608	0.01006	0.02079	0.01476	0.01275	0.00805	0.00939	0.00671	0.00537	0.00470	0.00134	0.00939	0.00335	0.00268	0.00604
19	0.55622	0.00971	0.00900	0.00742	0.01104	0.01012	0.00609	0.01665	0.01026	0.15467	0.00992	0.01049	0.00727	0.00494	0.00369	0.00146	0.00407	0.00329	0.00376	0.15994
20	0.01543	0.03574	0.11551	0.01234	0.01638	0.09258	0.05162	0.24728	0.28284	0.03880	0.01490	0.02884	0.01125	0.00632	0.00519	0.00163	0.00588	0.00509	0.00440	0.00797

[dist]
# distance from previous block
# <min> <max>
0	1

[block]
# block no. 5 follows, 47 sequences, length 35
# corresponding to MSA columns:
# 307-341
name=unknown_F
#
# <colnr> <probs for GDERKNQSTAVLIFYWHMCP>
#	G	D	E	R	K	N	Q	S	T	A	V	L	I	F	Y	W	H	M	C	P
0	0.11106	0.27286	0.29605	0.01447	0.14127	0.01455	0.01324	0.01583	0.01074	0.01606	0.00850	0.01016	0.00683	0.00468	0.00422	0.00142	0.00617	0.00348	0.00243	0.04596
1	0.01233	0.26587	0.50160	0.01273	0.01918	0.01465	0.01534	0.04359	0.01150	0.04523	0.00925	0.01051	0.00694	0.00490	0.00448	0.00148	0.00686	0.00361	0.00248	0.00748
2	0.01224	0.46080	0.29638	0.01151	0.01694	0.01645	0.04489	0.01556	0.01072	0.01397	0.00888	0.03136	0.00762	0.00588	0.02565	0.00155	0.00662	0.00370	0.00232	0.00694
3	0.00721	0.00538	0.00734	0.02777	0.00906	0.00509	0.01879	0.00911	0.01246	0.01696	0.35591	0.30259	0.09138	0.01292	0.00641	0.00190	0.00316	0.09676	0.00512	0.00469
4	0.01293	0.13573	0.27562	0.01463	0.11186	0.04736	0.05324	0.06134	0.03947	0.07127	0.07217	0.04289	0.01217	0.00592	0.00497	0.00155	0.00621	0.00493	0.00327	0.02246
5	0.02358	0.00817	0.02190	0.06927	0.15918	0.00807	0.04301	0.01298	0.09914	0.03858	0.03449	0.33781	0.10131	0.01065	0.00590	0.00185	0.00436	0.00962	0.00418	0.00593
6	0.00862	0.00618	0.00777	0.00864	0.00966	0.03376	0.00682	0.01034	0.01147	0.05144	0.05024	0.36943	0.03078	0.01437	0.00675	0.00218	0.00413	0.35777	0.00484	0.00480
7	0.01173	0.01401	0.16015	0.25110	0.19817	0.01200	0.10839	0.03901	0.07844	0.03464	0.01225	0.01475	0.03121	0.00539	0.00530	0.00167	0.00667	0.00499	0.00291	0.00719
8	0.01339	0.10050	0.26039	0.05015	0.07504	0.01284	0.04640	0.14110	0.08859	0.07019	0.05972	0.03493	0.01184	0.00602	0.00507	0.00160	0.00604	0.00499	0.00362	0.00758
9	0.01267	0.01306	0.01615	0.39711	0.20150	0.17622	0.01322	0.01569	0.02519	0.02630	0.02322	0.03741	0.00899	0.00559	0.00515	0.00162	0.00700	0.00478	0.00270	0.00643
10	0.00881	0.00591	0.00807	0.00896	0.01024	0.00574	0.00757	0.01091	0.01188	0.05867	0.02906	0.15644	0.08123	0.01411	0.00694	0.00227	0.00439	0.55897	0.00490	0.00492
11	0.01210	0.05578	0.41832	0.02507	0.04096	0.04886	0.01380	0.04281	0.03868	0.09028	0.07252	0.05062	0.05471	0.00657	0.00515	0.00163	0.00625	0.00533	0.00338	0.00719
12	0.01342	0.03812	0.24065	0.01320	0.08877	0.00961	0.05109	0.01726	0.04557	0.21344	0.04007	0.08976	0.07714	0.00750	0.00543	0.00170	0.00549	0.03044	0.00411	0.00726
13	0.01039	0.00968	0.01609	0.71439	0.09964	0.01178	0.01446	0.03604	0.01096	0.01421	0.00940	0.01376	0.00711	0.00519	0.00520	0.00171	0.00684	0.00463	0.00242	0.00609
14	0.01112	0.01054	0.01842	0.32819	0.28160	0.01141	0.10948	0.01434	0.01135	0.02723	0.05190	0.02938	0.02302	0.00629	0.02070	0.00181	0.02837	0.00538	0.00278	0.00670
15	0.01603	0.01131	0.10976	0.02511	0.05616	0.00902	0.06541	0.07123	0.04001	0.34106	0.03370	0.14548	0.03626	0.00785	0.00553	0.00171	0.00506	0.00685	0.00492	0.00753
16	0.01292	0.03740	0.07730	0.14600	0.33210	0.04592	0.03620	0.03487	0.01202	0.08304	0.01253	0.07002	0.01090	0.00631	0.00562	0.00167	0.02758	0.03725	0.00315	0.00721
17	0.01615	0.00987	0.03658	0.11179	0.08249	0.02637	0.05873	0.02914	0.03993	0.35435	0.03928	0.11081	0.01513	0.00742	0.00548	0.00170	0.00516	0.02540	0.01686	0.00737
18	0.01309	0.01238	0.02074	0.05408	0.72923	0.01251	0.01568	0.04816	0.01236	0.01758	0.00990	0.01290	0.00824	0.00473	0.00516	0.00155	0.00619	0.00464	0.00268	0.00820
19	0.01639	0.00962	0.01298	0.04028	0.12610	0.02047	0.02072	0.09510	0.08470	0.32244	0.01914	0.17622	0.01604	0.00811	0.00552	0.00172	0.00473	0.00704	0.00507	0.00761
20	0.12610	0.06059	0.15333	0.01420	0.14794	0.06633	0.01110	0.11995	0.02485	0.11016	0.04111	0.05183	0.03806	0.00629	0.00489	0.00159	0.00565	0.00503	0.00374	0.00727
21	0.04879	0.01221	0.01969	0.12840	0.63566	0.03324	0.01519	0.01574	0.01162	0.01670	0.00957	0.01273	0.00793	0.00474	0.00507	0.00157	0.00628	0.00453	0.00257	0.00776
22	0.01238	0.01170	0.03611	0.12964	0.57298	0.01158	0.01464	0.01566	0.02377	0.03948	0.03764	0.02743	0.01016	0.00520	0.00519	0.00157	0.00599	0.00495	0.00285	0.03106
23	0.05400	0.05439	0.05484	0.01666	0.19078	0.03312	0.10030	0.13776	0.06166	0.19626	0.01346	0.01462	0.00989	0.00562	0.00512	0.00158	0.00586	0.01770	0.00410	0.02228
24	0.01315	0.03647	0.01929	0.06659	0.57079	0.03448	0.01417	0.04251	0.03185	0.03870	0.05071	0.01431	0.01054	0.00529	0.00548	0.00157	0.02845	0.00485	0.00298	0.00780
25	0.01320	0.01352	0.07693	0.04909	0.53876	0.03441	0.01468	0.07192	0.03944	0.02814	0.01092	0.03756	0.00918	0.00544	0.00560	0.00161	0.03384	0.00491	0.00295	0.00791
26	0.05071	0.09385	0.09302	0.03647	0.14816	0.06083	0.06552	0.12880	0.02689	0.08664	0.03495	0.01517	0.05370	0.00612	0.00588	0.00159	0.06485	0.00488	0.00352	0.01842
27	0.05270	0.05828	0.08449	0.04194	0.27624	0.03528	0.06472	0.05295	0.06286	0.10376	0.07382	0.01608	0.02934	0.00578	0.00510	0.00157	0.00572	0.00510	0.00360	0.02067
28	0.03723	0.08763	0.06562	0.04583	0.26004	0.05907	0.03150	0.06878	0.05027	0.10435	0.08788	0.04000	0.02693	0.00622	0.00510	0.00156	0.00561	0.00534	0.00370	0.00734
29	0.03642	0.09915	0.07271	0.02711	0.14586	0.06205	0.04888	0.06408	0.04620	0.12101	0.07466	0.05004	0.02567	0.00741	0.02778	0.00176	0.04300	0.00535	0.00374	0.03710
30	0.01309	0.03644	0.14832	0.02819	0.14476	0.04562	0.06798	0.04382	0.10639	0.11250	0.08924	0.04161	0.03524	0.00746	0.02890	0.00181	0.00590	0.00566	0.00387	0.03321
31	0.07530	0.06371	0.09228	0.01073	0.06399	0.03220	0.00872	0.07345	0.10909	0.10433	0.15102	0.06699	0.06323	0.00789	0.00523	0.00164	0.00456	0.03198	0.02694	0.00671
32	0.03612	0.10011	0.20861	0.04210	0.10231	0.02542	0.03773	0.06302	0.07999	0.05543	0.11265	0.01661	0.01413	0.02687	0.00587	0.00167	0.02815	0.00505	0.01753	0.02062
33	0.02757	0.04083	0.13628	0.01364	0.12414	0.01109	0.02826	0.11820	0.13140	0.14233	0.11896	0.01934	0.05149	0.00676	0.00527	0.00162	0.00511	0.00569	0.00443	0.00759
34	0.04139	0.05654	0.15893	0.01437	0.14403	0.07023	0.01127	0.12380	0.07502	0.07716	0.07529	0.05713	0.02476	0.00650	0.00507	0.00156	0.00563	0.00534	0.00383	0.04216

[dist]
# distance from previous block
# <min> <max>
24	168

[block]
# block no. 6 follows, 47 sequences, length 26
# corresponding to MSA columns:
# 512-537
name=unknown_G
#
# <colnr> <probs for GDERKNQSTAVLIFYWHMCP>
#	G	D	E	R	K	N	Q	S	T	A	V	L	I	F	Y	W	H	M	C	P
0	0.01387	0.01162	0.04431	0.04759	0.31540	0.01159	0.01171	0.15412	0.07882	0.08532	0.04364	0.09225	0.01353	0.02067	0.00609	0.00173	0.03018	0.00599	0.00394	0.00762
1	0.07883	0.09990	0.05230	0.01096	0.06626	0.01151	0.00864	0.14542	0.13127	0.11445	0.07165	0.07739	0.06320	0.00757	0.00511	0.00163	0.00463	0.02509	0.00450	0.01971
2	0.10550	0.01144	0.01456	0.04757	0.26239	0.06560	0.02146	0.04504	0.05355	0.13055	0.02910	0.01466	0.02890	0.00546	0.00478	0.00147	0.00527	0.00459	0.03085	0.11726
3	0.10476	0.06327	0.09073	0.03025	0.16866	0.05133	0.02205	0.15682	0.14905	0.03936	0.03085	0.03736	0.01092	0.00597	0.00490	0.00159	0.00557	0.00485	0.00380	0.01791
4	0.02493	0.17873	0.04777	0.01630	0.22838	0.05189	0.01102	0.10122	0.05646	0.06016	0.01226	0.03027	0.02972	0.00712	0.03475	0.00177	0.06005	0.00463	0.01454	0.02803
5	0.04959	0.00913	0.01321	0.18242	0.17087	0.01029	0.01039	0.06580	0.09507	0.01635	0.01291	0.03606	0.01108	0.02827	0.26151	0.00389	0.00841	0.00529	0.00316	0.00631
6	0.01632	0.01347	0.04487	0.06825	0.10364	0.01403	0.02583	0.46769	0.07668	0.02640	0.01322	0.05521	0.01039	0.00643	0.00525	0.00160	0.00568	0.00525	0.00447	0.03531
7	0.00851	0.00753	0.03880	0.02837	0.06175	0.00636	0.04627	0.01077	0.01259	0.04171	0.27442	0.03494	0.29084	0.02965	0.02574	0.00187	0.00391	0.00844	0.00454	0.06299
8	0.01658	0.01199	0.09116	0.01380	0.06771	0.00996	0.16504	0.08273	0.01398	0.32449	0.05204	0.01706	0.01242	0.03751	0.03067	0.00195	0.00607	0.00544	0.00451	0.03490
9	0.06030	0.09258	0.10553	0.01674	0.21594	0.05626	0.06340	0.03042	0.05460	0.03197	0.01043	0.01269	0.00850	0.00803	0.07633	0.00207	0.03156	0.00426	0.00290	0.11547
10	0.01483	0.47593	0.02139	0.01089	0.05402	0.07138	0.00932	0.07031	0.01244	0.08493	0.01137	0.01574	0.01020	0.00611	0.00462	0.00141	0.02505	0.09005	0.00318	0.00683
11	0.05275	0.02399	0.09317	0.01038	0.07214	0.00853	0.00837	0.04711	0.01198	0.06608	0.06353	0.01526	0.05138	0.00530	0.00445	0.00117	0.00443	0.00431	0.00352	0.45216
12	0.01329	0.06331	0.17272	0.06043	0.25920	0.14705	0.05996	0.01737	0.06858	0.02824	0.01065	0.01345	0.00868	0.04777	0.00613	0.00173	0.00696	0.00450	0.00279	0.00721
13	0.01650	0.01084	0.01690	0.04425	0.34171	0.01060	0.05127	0.03133	0.08259	0.29536	0.03522	0.01600	0.01165	0.00570	0.00528	0.00161	0.00542	0.00517	0.00434	0.00825
14	0.01779	0.01356	0.01487	0.06425	0.01694	0.01522	0.00987	0.57129	0.17162	0.02935	0.01400	0.01396	0.01012	0.00634	0.00523	0.00161	0.00549	0.00492	0.00504	0.00853
15	0.01268	0.15584	0.44694	0.01530	0.11667	0.01332	0.01542	0.03107	0.05121	0.07868	0.01062	0.01180	0.00785	0.00508	0.00475	0.00155	0.00666	0.00400	0.00281	0.00774
16	0.01377	0.00721	0.00929	0.00796	0.01038	0.00673	0.00624	0.01728	0.09349	0.30236	0.39031	0.04830	0.04673	0.00892	0.00573	0.00166	0.00337	0.00768	0.00591	0.00668
17	0.00741	0.00540	0.00761	0.00768	0.00836	0.00604	0.00563	0.00878	0.00827	0.01169	0.01533	0.06679	0.01557	0.22016	0.57295	0.00725	0.01127	0.00655	0.00299	0.00428
18	0.01269	0.01217	0.02077	0.08318	0.73487	0.01232	0.01588	0.01580	0.01176	0.01677	0.00976	0.01295	0.00816	0.00468	0.00516	0.00156	0.00624	0.00464	0.00256	0.00809
19	0.01980	0.01459	0.01563	0.01198	0.01615	0.01615	0.00990	0.76713	0.02448	0.03282	0.01250	0.01250	0.00886	0.00625	0.00521	0.00156	0.00573	0.00469	0.00521	0.00886
20	0.00630	0.00469	0.00588	0.00683	0.00744	0.00427	0.00465	0.00730	0.01038	0.01346	0.03383	0.65093	0.19379	0.01565	0.00654	0.00204	0.00294	0.01399	0.00483	0.00427
21	0.00757	0.00505	0.00568	0.00568	0.00568	0.00505	0.00316	0.00757	0.00757	0.01010	0.01641	0.03408	0.01893	0.81698	0.02651	0.00505	0.00505	0.00757	0.00316	0.00316
22	0.01330	0.01119	0.01157	0.01038	0.01320	0.04221	0.00805	0.05355	0.62079	0.04972	0.05582	0.05440	0.01752	0.00752	0.00537	0.00175	0.00427	0.00627	0.00524	0.00787
23	0.01782	0.05097	0.01521	0.01150	0.01537	0.01556	0.00944	0.54809	0.21092	0.02912	0.01443	0.01404	0.01051	0.00637	0.00515	0.00159	0.00532	0.00490	0.00509	0.00860
24	0.04465	0.01207	0.01556	0.01371	0.04787	0.01514	0.01081	0.15017	0.01187	0.01794	0.00922	0.01277	0.00816	0.00829	0.01293	0.00210	0.52084	0.00468	0.03555	0.04567
25	0.03252	0.04094	0.16637	0.01710	0.16787	0.09282	0.03712	0.17179	0.03311	0.01985	0.01052	0.01267	0.00840	0.00617	0.00684	0.00173	0.11425	0.00448	0.00335	0.05210

[dist]
# distance from previous block
# <min> <max>
1	7

[block]
# block no. 7 follows, 47 sequences, length 11
# corresponding to MSA columns:
# 547-557
name=unknown_H
#
# <colnr> <probs for GDERKNQSTAVLIFYWHMCP>
#	G	D	E	R	K	N	Q	S	T	A	V	L	I	F	Y	W	H	M	C	P
0	0.04824	0.14229	0.12195	0.01561	0.05619	0.03765	0.28918	0.01519	0.01186	0.01652	0.12848	0.01597	0.01372	0.00581	0.00603	0.00163	0.05866	0.00541	0.00299	0.00661
1	0.01135	0.03466	0.17310	0.01558	0.07405	0.03146	0.18445	0.02780	0.08288	0.01615	0.01359	0.09452	0.02421	0.00721	0.00733	0.00180	0.13021	0.03135	0.00311	0.03519
2	0.01176	0.01081	0.04184	0.18030	0.22795	0.03444	0.03703	0.06137	0.09335	0.01778	0.01445	0.03402	0.03502	0.00612	0.00504	0.00159	0.00546	0.02169	0.15322	0.00676
3	0.07965	0.01106	0.01293	0.00992	0.01401	0.01095	0.00818	0.29233	0.01754	0.38345	0.01557	0.01449	0.01040	0.00600	0.00495	0.00151	0.00482	0.00465	0.00544	0.09215
4	0.01552	0.01655	0.01525	0.01306	0.01486	0.29200	0.01046	0.13204	0.01305	0.01593	0.00825	0.01083	0.00714	0.00712	0.01029	0.00177	0.36600	0.00409	0.00291	0.04287
5	0.00905	0.00452	0.00678	0.00678	0.00678	0.00452	0.00452	0.00678	0.00678	0.00905	0.00905	0.01583	0.00905	0.01809	0.02035	0.84848	0.00452	0.00452	0.00226	0.00226
6	0.00708	0.00531	0.00656	0.00625	0.00760	0.00479	0.00469	0.00927	0.01406	0.01928	0.60992	0.04154	0.22197	0.01125	0.00615	0.00167	0.00250	0.00979	0.00552	0.00479
7	0.01396	0.01329	0.01224	0.01103	0.01394	0.13391	0.00852	0.02661	0.65765	0.02039	0.01917	0.01788	0.01448	0.00680	0.00521	0.00170	0.00494	0.00550	0.00489	0.00790
8	0.00964	0.00850	0.01252	0.01349	0.13029	0.01031	0.00928	0.01192	0.03976	0.01327	0.01168	0.01731	0.01091	0.06138	0.38177	0.00514	0.23926	0.00525	0.00273	0.00558
9	0.01712	0.01864	0.01399	0.01232	0.01502	0.42271	0.00948	0.13662	0.18558	0.01776	0.01189	0.01309	0.00952	0.03402	0.00646	0.00166	0.05927	0.00435	0.00365	0.00684
10	0.01203	0.00894	0.01040	0.00778	0.01187	0.00722	0.00623	0.06249	0.01230	0.10101	0.01741	0.01773	0.12800	0.00573	0.00445	0.00107	0.00385	0.00464	0.00386	0.57298

[dist]
# distance from previous block
# <min> <max>
0	63

# created by:
# /home/cegg/simao/soft/augustus-3.2.1/scripts/msa2prfl.pl ./align_prep/EOG091G0OWI.fa
