[name]
unknown

[dist]
# distance from previous block
# <min> <max>
5	27

[block]
# block no. 0 follows, 50 sequences, length 45
# corresponding to MSA columns:
# 132-148,150-177
name=unknown_A
#
# <colnr> <probs for GDERKNQSTAVLIFYWHMCP>
#	G	D	E	R	K	N	Q	S	T	A	V	L	I	F	Y	W	H	M	C	P
0	0.03524	0.01287	0.06400	0.01053	0.01385	0.10060	0.00893	0.18298	0.24215	0.11372	0.01625	0.01958	0.01301	0.00693	0.00509	0.00161	0.00518	0.10116	0.00451	0.04181
1	0.01236	0.03163	0.22334	0.01719	0.17309	0.07095	0.14656	0.07488	0.06518	0.03839	0.01215	0.06711	0.01023	0.00587	0.00515	0.00160	0.00650	0.02770	0.00306	0.00707
2	0.00660	0.00477	0.00611	0.00708	0.00756	0.00462	0.00481	0.00839	0.06087	0.01345	0.02663	0.74200	0.03113	0.01471	0.00618	0.00197	0.00294	0.01329	0.03257	0.00432
3	0.04485	0.03945	0.01352	0.01057	0.01417	0.23584	0.00844	0.28910	0.05137	0.05176	0.01047	0.01103	0.00796	0.00520	0.00446	0.00127	0.00591	0.00376	0.00377	0.18706
4	0.00626	0.00471	0.00586	0.00651	0.00732	0.00423	0.00450	0.00737	0.01026	0.01350	0.08218	0.57391	0.19413	0.01416	0.00613	0.00187	0.00281	0.01262	0.00462	0.03705
5	0.04539	0.04029	0.14805	0.01321	0.01811	0.01042	0.25927	0.02367	0.01082	0.01622	0.00909	0.01125	0.00714	0.00429	0.00499	0.00129	0.03362	0.00408	0.00265	0.33618
6	0.01278	0.01285	0.02703	0.01994	0.04926	0.01214	0.65721	0.01664	0.01188	0.09092	0.01089	0.01368	0.00801	0.00452	0.00604	0.00167	0.02907	0.00571	0.00286	0.00690
7	0.00607	0.00434	0.00578	0.00694	0.00723	0.00405	0.00463	0.00694	0.00954	0.01272	0.02747	0.82157	0.03297	0.01562	0.00636	0.00202	0.00289	0.01417	0.00463	0.00405
8	0.01226	0.06109	0.21060	0.01124	0.01505	0.11887	0.03758	0.04720	0.19639	0.05167	0.03817	0.07142	0.04362	0.00711	0.00509	0.00162	0.00567	0.05496	0.00371	0.00669
9	0.09796	0.01111	0.02080	0.01591	0.03108	0.01081	0.45386	0.03178	0.04962	0.04879	0.04471	0.07888	0.01302	0.00631	0.00560	0.00172	0.00651	0.06188	0.00334	0.00633
10	0.00624	0.00459	0.00582	0.00670	0.00729	0.00423	0.00465	0.00728	0.01001	0.01307	0.05159	0.59093	0.15847	0.04579	0.00703	0.00208	0.00300	0.06253	0.00459	0.00409
11	0.01293	0.01145	0.01908	0.09387	0.65645	0.01161	0.01449	0.04015	0.01181	0.06538	0.01006	0.01269	0.00809	0.00464	0.00495	0.00150	0.00586	0.00448	0.00276	0.00775
12	0.04304	0.01599	0.07000	0.06966	0.02164	0.18890	0.36297	0.09499	0.05249	0.01695	0.01000	0.01219	0.00758	0.00482	0.00521	0.00156	0.00767	0.00479	0.00289	0.00667
13	0.01168	0.04377	0.18044	0.03842	0.02407	0.04737	0.52405	0.01587	0.01140	0.01542	0.00951	0.01241	0.00717	0.00451	0.00579	0.00164	0.03220	0.00514	0.00241	0.00673
14	0.00626	0.00452	0.00581	0.00670	0.00716	0.00421	0.00455	0.00721	0.00980	0.01297	0.06484	0.63184	0.09756	0.07750	0.00778	0.00220	0.00304	0.03749	0.00454	0.00403
15	0.01247	0.53474	0.27609	0.01055	0.01575	0.04946	0.01178	0.01541	0.01042	0.01306	0.00761	0.00886	0.00637	0.00445	0.00375	0.00124	0.00614	0.00302	0.00214	0.00669
16	0.01210	0.01439	0.11513	0.05582	0.07490	0.01227	0.55331	0.04067	0.01198	0.04399	0.01025	0.01311	0.00760	0.00444	0.00559	0.00164	0.00780	0.00540	0.00267	0.00694
17	0.01027	0.07846	0.72296	0.01405	0.02114	0.01215	0.04225	0.01573	0.01054	0.01552	0.00885	0.01045	0.00636	0.00469	0.00467	0.00155	0.00727	0.00369	0.00212	0.00728
18	0.00678	0.00528	0.00622	0.00644	0.00760	0.00495	0.00465	0.00923	0.07545	0.01541	0.22105	0.31848	0.27486	0.01261	0.00599	0.00178	0.00273	0.01105	0.00487	0.00458
19	0.08273	0.06943	0.34342	0.01294	0.03776	0.10089	0.04883	0.09604	0.08361	0.01775	0.02243	0.01207	0.00833	0.00533	0.00496	0.00154	0.02875	0.01328	0.00293	0.00699
20	0.03230	0.00653	0.00793	0.00747	0.00862	0.03668	0.03678	0.03453	0.01116	0.01526	0.25420	0.09281	0.06004	0.23537	0.06408	0.00299	0.00467	0.08004	0.00412	0.00441
21	0.00692	0.00484	0.00596	0.00643	0.00683	0.00471	0.00432	0.00767	0.00899	0.01191	0.05255	0.26510	0.07201	0.38513	0.03501	0.00345	0.00421	0.10638	0.00387	0.00369
22	0.06996	0.01258	0.02071	0.01545	0.01964	0.01284	0.38446	0.21259	0.11647	0.04240	0.01245	0.03571	0.00949	0.00539	0.00535	0.00163	0.00650	0.00549	0.00369	0.00721
23	0.03761	0.19762	0.18718	0.01166	0.01629	0.03137	0.06150	0.22560	0.12234	0.04525	0.01125	0.01178	0.00842	0.00527	0.00454	0.00146	0.00583	0.00410	0.00351	0.00743
24	0.01824	0.01348	0.01448	0.01125	0.01505	0.01490	0.00923	0.72471	0.04380	0.03035	0.01284	0.04554	0.00967	0.00640	0.00505	0.00152	0.00534	0.00492	0.00497	0.00828
25	0.00656	0.00496	0.00601	0.00660	0.00752	0.00456	0.00474	0.02856	0.01088	0.01403	0.07793	0.46515	0.26572	0.01400	0.00619	0.00190	0.00293	0.06280	0.00468	0.00429
26	0.09468	0.01293	0.03470	0.06291	0.01963	0.07788	0.31059	0.07888	0.09141	0.12302	0.01186	0.01330	0.00865	0.00519	0.00548	0.00161	0.03195	0.00492	0.00349	0.00692
27	0.01392	0.01306	0.01925	0.01480	0.01870	0.06262	0.31322	0.14140	0.28180	0.04638	0.01410	0.01483	0.01045	0.00550	0.00534	0.00163	0.00629	0.00538	0.00392	0.00741
28	0.00607	0.00436	0.00576	0.00689	0.00722	0.00405	0.00460	0.00695	0.00959	0.01274	0.02810	0.80048	0.05365	0.01553	0.00635	0.00201	0.00288	0.01407	0.00463	0.00405
29	0.01189	0.01138	0.01938	0.04565	0.68184	0.01163	0.03132	0.01474	0.01098	0.01574	0.00951	0.01277	0.00809	0.00663	0.05427	0.00191	0.03777	0.00452	0.00246	0.00751
30	0.06704	0.03007	0.00803	0.00733	0.00895	0.03268	0.00576	0.03678	0.03949	0.03821	0.24008	0.10290	0.17438	0.04417	0.00669	0.00187	0.01912	0.12692	0.00457	0.00496
31	0.01621	0.00718	0.00942	0.00773	0.01049	0.00647	0.00619	0.01873	0.04113	0.46349	0.24618	0.02314	0.02269	0.00734	0.00512	0.00152	0.00348	0.00617	0.09036	0.00697
32	0.01126	0.01229	0.02582	0.05527	0.08334	0.01172	0.60597	0.01508	0.01156	0.01566	0.01167	0.04481	0.00985	0.00529	0.00585	0.00172	0.00769	0.05592	0.00271	0.00652
33	0.08095	0.06639	0.01571	0.01230	0.04037	0.09136	0.12820	0.11344	0.22917	0.12041	0.02705	0.01512	0.01115	0.00581	0.00489	0.00156	0.00551	0.01929	0.00412	0.00724
34	0.01215	0.01165	0.01989	0.08168	0.74414	0.01179	0.01520	0.01513	0.01126	0.01605	0.00934	0.01240	0.00781	0.00448	0.00494	0.00149	0.00597	0.00444	0.00245	0.00774
35	0.00731	0.00499	0.00635	0.00640	0.00683	0.00531	0.00432	0.00819	0.00788	0.01119	0.01536	0.05991	0.01622	0.43356	0.31414	0.00562	0.00774	0.00663	0.06832	0.00372
36	0.05264	0.00978	0.01476	0.01155	0.01441	0.04187	0.21435	0.07390	0.02868	0.12116	0.25324	0.02199	0.02114	0.06103	0.00715	0.00182	0.03383	0.00640	0.00421	0.00610
37	0.05975	0.18425	0.35557	0.01190	0.01721	0.04417	0.03790	0.08815	0.09053	0.05041	0.01030	0.01114	0.00769	0.00501	0.00443	0.00147	0.00620	0.00381	0.00294	0.00718
38	0.01919	0.01278	0.01408	0.01083	0.01471	0.01380	0.00893	0.63094	0.02154	0.15464	0.01335	0.01299	0.00924	0.00601	0.00494	0.00149	0.00518	0.00458	0.03243	0.00835
39	0.16401	0.01261	0.03991	0.02106	0.42495	0.07543	0.04928	0.06343	0.01168	0.01783	0.00971	0.03885	0.00824	0.00510	0.00481	0.00151	0.01853	0.00442	0.02163	0.00700
40	0.01210	0.32357	0.41716	0.01207	0.01786	0.04098	0.03474	0.06105	0.01130	0.01509	0.00836	0.00970	0.00651	0.00463	0.00420	0.00138	0.00658	0.00340	0.00231	0.00700
41	0.01436	0.00911	0.00904	0.00767	0.01004	0.07769	0.00606	0.19208	0.01451	0.14486	0.03997	0.01655	0.01225	0.00599	0.00424	0.00132	0.00395	0.00468	0.41937	0.00625
42	0.00622	0.00449	0.00590	0.00682	0.00730	0.00417	0.00467	0.00731	0.01019	0.01364	0.11611	0.67945	0.06958	0.01482	0.00630	0.00196	0.00285	0.02936	0.00472	0.00414
43	0.04663	0.12065	0.31466	0.01288	0.04974	0.16068	0.01275	0.15360	0.03969	0.01784	0.00993	0.01098	0.01842	0.00514	0.00452	0.00145	0.00669	0.00377	0.00290	0.00707
44	0.01192	0.01098	0.04125	0.01984	0.37888	0.01073	0.05668	0.07707	0.12325	0.03549	0.13822	0.04477	0.01618	0.00624	0.00521	0.00156	0.00508	0.00576	0.00367	0.00722

[dist]
# distance from previous block
# <min> <max>
3	5

[block]
# block no. 1 follows, 50 sequences, length 13
# corresponding to MSA columns:
# 204-216
name=unknown_B
#
# <colnr> <probs for GDERKNQSTAVLIFYWHMCP>
#	G	D	E	R	K	N	Q	S	T	A	V	L	I	F	Y	W	H	M	C	P
0	0.04285	0.08751	0.01323	0.01075	0.03241	0.28148	0.00830	0.14828	0.02393	0.06015	0.01126	0.01514	0.00968	0.02193	0.06543	0.08377	0.00689	0.05541	0.01567	0.00594
1	0.01199	0.06284	0.41054	0.01428	0.08724	0.07475	0.03976	0.08393	0.01221	0.03659	0.02387	0.04420	0.00943	0.00566	0.00485	0.00153	0.00657	0.03215	0.00283	0.03479
2	0.55803	0.09362	0.03854	0.00979	0.08147	0.07351	0.00749	0.01571	0.00973	0.06230	0.00799	0.00911	0.00622	0.00470	0.00353	0.00147	0.00473	0.00305	0.00303	0.00599
3	0.01272	0.01220	0.01923	0.09599	0.65242	0.04477	0.01461	0.05822	0.01203	0.01666	0.00941	0.01226	0.00776	0.00460	0.00492	0.00149	0.00609	0.00439	0.00259	0.00764
4	0.01179	0.05465	0.42249	0.01374	0.01927	0.05163	0.11860	0.01722	0.09153	0.05804	0.01060	0.01193	0.00781	0.00508	0.00535	0.00155	0.04404	0.00419	0.00276	0.04772
5	0.00694	0.00548	0.00637	0.00668	0.00799	0.00517	0.00505	0.00951	0.08072	0.01481	0.11425	0.23861	0.34971	0.01276	0.00607	0.00184	0.00302	0.11566	0.00475	0.00460
6	0.00621	0.00451	0.00590	0.00696	0.00743	0.00420	0.00483	0.00723	0.00985	0.01296	0.02928	0.69722	0.09493	0.01522	0.00636	0.00202	0.00300	0.07316	0.00462	0.00410
7	0.00695	0.00509	0.00652	0.00616	0.00738	0.00466	0.00462	0.00920	0.01386	0.01940	0.72453	0.03820	0.11397	0.01041	0.00588	0.00158	0.00237	0.00915	0.00541	0.00466
8	0.01034	0.00886	0.01034	0.00738	0.01181	0.00664	0.00591	0.01255	0.01034	0.01624	0.00886	0.01034	0.00738	0.00369	0.00369	0.00074	0.00369	0.00295	0.00295	0.85530
9	0.00617	0.00445	0.00587	0.00696	0.00737	0.00415	0.00477	0.00714	0.00975	0.01288	0.02866	0.73774	0.07372	0.01535	0.00637	0.00202	0.00297	0.05496	0.00463	0.00409
10	0.08289	0.01143	0.01143	0.01008	0.01303	0.04177	0.00791	0.10167	0.61515	0.02173	0.01788	0.01671	0.01340	0.00645	0.00488	0.00164	0.00428	0.00519	0.00481	0.00767
11	0.34900	0.07734	0.03197	0.00918	0.01291	0.01344	0.00786	0.34405	0.01552	0.08045	0.01006	0.01045	0.00732	0.00530	0.00409	0.00149	0.00479	0.00366	0.00402	0.00707
12	0.01878	0.01308	0.01421	0.01094	0.01479	0.01429	0.00902	0.68004	0.02208	0.09370	0.01280	0.01268	0.00899	0.00599	0.00492	0.00148	0.00524	0.00454	0.04413	0.00830

[dist]
# distance from previous block
# <min> <max>
0	13

[block]
# block no. 2 follows, 50 sequences, length 75
# corresponding to MSA columns:
# 230-287,293-297,341-352
name=unknown_C
#
# <colnr> <probs for GDERKNQSTAVLIFYWHMCP>
#	G	D	E	R	K	N	Q	S	T	A	V	L	I	F	Y	W	H	M	C	P
0	0.00760	0.00549	0.00749	0.00847	0.00956	0.00538	0.00716	0.00966	0.01137	0.01481	0.06612	0.14345	0.08592	0.01372	0.00670	0.00218	0.00413	0.58164	0.00464	0.00450
1	0.00712	0.00534	0.00801	0.00801	0.00890	0.00623	0.00623	0.00890	0.00801	0.01157	0.01335	0.01958	0.01246	0.03738	0.80507	0.00801	0.01335	0.00534	0.00267	0.00445
2	0.00771	0.00525	0.00683	0.00635	0.00766	0.00481	0.00479	0.01001	0.01402	0.05532	0.72946	0.03669	0.07194	0.01009	0.00584	0.00157	0.00244	0.00888	0.00549	0.00486
3	0.01046	0.04630	0.01101	0.00749	0.01180	0.00736	0.00606	0.01297	0.03097	0.01623	0.02447	0.01098	0.00833	0.00393	0.00375	0.00079	0.00375	0.00313	0.00302	0.77721
4	0.86003	0.00964	0.00733	0.00655	0.00964	0.01118	0.00540	0.01465	0.00848	0.02236	0.00694	0.00810	0.00540	0.00463	0.00308	0.00154	0.00386	0.00270	0.00308	0.00540
5	0.01091	0.01136	0.07608	0.14609	0.33257	0.01104	0.02617	0.01589	0.14589	0.01617	0.04959	0.01621	0.03876	0.00729	0.04504	0.00192	0.03395	0.00509	0.00307	0.00692
6	0.00616	0.00461	0.00574	0.00652	0.00723	0.00419	0.00455	0.00727	0.01035	0.01344	0.08163	0.55584	0.21869	0.01448	0.00624	0.00192	0.00283	0.03950	0.00468	0.00415
7	0.01463	0.07908	0.03628	0.01374	0.13319	0.11731	0.04171	0.15724	0.04569	0.10979	0.11793	0.01623	0.02851	0.00632	0.00570	0.00151	0.05929	0.00503	0.00388	0.00694
8	0.05629	0.55215	0.03546	0.00989	0.02837	0.15446	0.00889	0.05108	0.03894	0.01372	0.00785	0.00886	0.00679	0.00461	0.00363	0.00119	0.00590	0.00300	0.00250	0.00643
9	0.08315	0.00766	0.00888	0.00782	0.01015	0.00777	0.00613	0.04354	0.17539	0.16442	0.27706	0.06260	0.04049	0.00816	0.00518	0.00159	0.00339	0.02269	0.03456	0.02938
10	0.07506	0.23290	0.20397	0.02451	0.06964	0.21895	0.01158	0.03523	0.01153	0.03065	0.00818	0.00964	0.00660	0.00491	0.00463	0.00138	0.03826	0.00336	0.00249	0.00654
11	0.01522	0.01663	0.04230	0.04626	0.13970	0.31094	0.01094	0.14023	0.06060	0.01658	0.00953	0.01140	0.00773	0.00674	0.03143	0.00173	0.11832	0.00405	0.00302	0.00664
12	0.00776	0.00522	0.00675	0.00632	0.00754	0.00481	0.00469	0.00986	0.01344	0.05734	0.65636	0.05814	0.06520	0.06601	0.00718	0.00181	0.00264	0.00888	0.00530	0.00474
13	0.00696	0.00531	0.00655	0.00715	0.00813	0.00514	0.00528	0.00938	0.07792	0.01437	0.08319	0.42118	0.17843	0.01403	0.02096	0.00205	0.00332	0.12142	0.00468	0.00455
14	0.00629	0.00506	0.00561	0.00550	0.00698	0.00438	0.00411	0.00792	0.01228	0.01570	0.30473	0.05484	0.52541	0.01183	0.00589	0.00165	0.00247	0.01005	0.00492	0.00438
15	0.05535	0.71780	0.05550	0.00883	0.01311	0.04027	0.00882	0.02972	0.01043	0.01281	0.00713	0.00820	0.00638	0.00436	0.00332	0.00112	0.00544	0.00276	0.00224	0.00641
16	0.00627	0.00506	0.00557	0.00545	0.00696	0.00437	0.00409	0.00789	0.01226	0.01559	0.29151	0.04448	0.54937	0.01183	0.00589	0.00165	0.00247	0.01003	0.00491	0.00437
17	0.86003	0.00964	0.00733	0.00655	0.00964	0.01118	0.00540	0.01465	0.00848	0.02236	0.00694	0.00810	0.00540	0.00463	0.00308	0.00154	0.00386	0.00270	0.00308	0.00540
18	0.01240	0.01071	0.01127	0.01014	0.01296	0.01240	0.00789	0.02649	0.78473	0.02085	0.02029	0.01860	0.01522	0.00676	0.00507	0.00169	0.00394	0.00564	0.00507	0.00789
19	0.81566	0.00960	0.00772	0.04862	0.01093	0.01118	0.00584	0.01455	0.00856	0.02186	0.00704	0.00837	0.00546	0.00465	0.00318	0.00155	0.00400	0.00279	0.00304	0.00541
20	0.00712	0.00534	0.00801	0.00801	0.00890	0.00623	0.00623	0.00890	0.00801	0.01157	0.01335	0.01958	0.01246	0.03738	0.80507	0.00801	0.01335	0.00534	0.00267	0.00445
21	0.00715	0.00521	0.00736	0.00736	0.00802	0.00588	0.00541	0.00848	0.00782	0.01109	0.01395	0.02290	0.01390	0.23754	0.60688	0.00720	0.01119	0.00583	0.00276	0.00409
22	0.01029	0.00594	0.00761	0.00676	0.00861	0.00537	0.00522	0.01268	0.03082	0.18491	0.51952	0.03381	0.12952	0.00955	0.00568	0.00158	0.00281	0.00827	0.00552	0.00552
23	0.01096	0.09851	0.57866	0.01516	0.06242	0.01236	0.10076	0.01592	0.01077	0.03620	0.00919	0.01088	0.00670	0.00465	0.00474	0.00154	0.00713	0.00391	0.00228	0.00726
24	0.01209	0.01177	0.01857	0.06589	0.61470	0.05564	0.03095	0.01493	0.01146	0.01573	0.01103	0.01675	0.00989	0.00546	0.00513	0.00157	0.00605	0.08242	0.00268	0.00729
25	0.01592	0.23053	0.03341	0.01178	0.05407	0.28238	0.00936	0.13236	0.08657	0.04349	0.00991	0.01062	0.00788	0.00511	0.00429	0.00130	0.00642	0.00361	0.00318	0.04780
26	0.00816	0.00570	0.00700	0.02262	0.00856	0.00537	0.00509	0.03654	0.03934	0.06553	0.32600	0.21724	0.21111	0.01139	0.00586	0.00170	0.00288	0.00994	0.00504	0.00493
27	0.05176	0.25063	0.26035	0.01233	0.07599	0.10363	0.01178	0.02933	0.01103	0.01488	0.00867	0.01085	0.00718	0.00475	0.00414	0.00130	0.00614	0.02308	0.00246	0.10971
28	0.12981	0.30484	0.21315	0.01200	0.06826	0.03303	0.03771	0.09048	0.01169	0.04471	0.00868	0.00985	0.00680	0.00470	0.00405	0.00137	0.00584	0.00343	0.00273	0.00688
29	0.10765	0.00931	0.01152	0.00897	0.01273	0.00883	0.00740	0.11096	0.03970	0.60339	0.01748	0.01553	0.01127	0.00601	0.00481	0.00154	0.00434	0.00473	0.00568	0.00815
30	0.05396	0.03235	0.01796	0.07367	0.56092	0.01137	0.03000	0.01531	0.04654	0.03713	0.01273	0.01491	0.06104	0.00518	0.00489	0.00151	0.00554	0.00482	0.00284	0.00733
31	0.01344	0.46203	0.15285	0.01262	0.11942	0.04263	0.01097	0.01595	0.01080	0.08195	0.00891	0.01014	0.00727	0.00545	0.02533	0.00144	0.00600	0.00337	0.00256	0.00687
32	0.00709	0.00521	0.00730	0.00730	0.00803	0.00582	0.00540	0.00845	0.00801	0.01124	0.01571	0.02386	0.05227	0.20971	0.59368	0.00700	0.01094	0.00602	0.00284	0.00412
33	0.00726	0.00487	0.00558	0.00560	0.00566	0.00490	0.00323	0.00737	0.00737	0.00984	0.01587	0.03274	0.01818	0.78180	0.04939	0.00487	0.00509	0.02422	0.00304	0.00310
34	0.01180	0.06512	0.04174	0.07481	0.58102	0.01191	0.05835	0.01480	0.01136	0.01596	0.05763	0.01367	0.01008	0.00481	0.00493	0.00148	0.00589	0.00467	0.00261	0.00737
35	0.03215	0.00888	0.01475	0.79130	0.03367	0.01108	0.01362	0.01279	0.00993	0.01299	0.00881	0.01315	0.00661	0.00497	0.00493	0.00166	0.00657	0.00438	0.00224	0.00553
36	0.01168	0.01118	0.01905	0.20508	0.62434	0.01167	0.01497	0.01473	0.01104	0.01549	0.00926	0.01255	0.00762	0.00456	0.00495	0.00152	0.00608	0.00444	0.00241	0.00737
37	0.00684	0.00613	0.04538	0.00637	0.00803	0.00492	0.00522	0.00898	0.01286	0.01728	0.46016	0.04051	0.30284	0.01093	0.00587	0.00164	0.00276	0.04364	0.00498	0.00466
38	0.03206	0.29686	0.22239	0.01480	0.16044	0.04783	0.04010	0.04227	0.02843	0.04707	0.01937	0.01082	0.00772	0.00473	0.00428	0.00137	0.00609	0.00371	0.00261	0.00706
39	0.00714	0.00500	0.00641	0.00647	0.00682	0.00531	0.00430	0.00785	0.00765	0.01053	0.01541	0.06680	0.01675	0.49133	0.31500	0.00588	0.00791	0.00688	0.00297	0.00360
40	0.00679	0.00487	0.00624	0.00631	0.00728	0.00449	0.00458	0.00867	0.01257	0.01754	0.50846	0.24583	0.09526	0.01165	0.00593	0.00168	0.00251	0.01034	0.03451	0.00449
41	0.04246	0.01218	0.03955	0.01228	0.01578	0.03319	0.14916	0.08629	0.48070	0.04813	0.01655	0.01617	0.01230	0.00603	0.00512	0.00165	0.00514	0.00534	0.00441	0.00759
42	0.02729	0.05855	0.37644	0.03161	0.29581	0.01216	0.05893	0.01601	0.04710	0.01609	0.00956	0.01158	0.00736	0.00467	0.00478	0.00153	0.00657	0.00411	0.00242	0.00743
43	0.01179	0.01337	0.02899	0.02145	0.06117	0.01257	0.74084	0.01594	0.01175	0.01598	0.01005	0.01339	0.00758	0.00421	0.00584	0.00167	0.00829	0.00582	0.00252	0.00678
44	0.00748	0.00602	0.00698	0.00758	0.00893	0.03279	0.00625	0.00928	0.01150	0.01430	0.05480	0.08918	0.31306	0.01304	0.00638	0.00200	0.00383	0.39757	0.00456	0.00446
45	0.06658	0.12986	0.64539	0.01296	0.01963	0.01262	0.01626	0.01560	0.01034	0.01569	0.00855	0.01003	0.00626	0.00467	0.00443	0.00151	0.00687	0.00348	0.00217	0.00711
46	0.01223	0.01248	0.05586	0.02984	0.75840	0.01183	0.01544	0.01532	0.01131	0.01626	0.00936	0.01225	0.00782	0.00445	0.00493	0.00148	0.00599	0.00441	0.00245	0.00787
47	0.00610	0.00498	0.00539	0.00546	0.00690	0.00427	0.00403	0.00750	0.01160	0.01444	0.16826	0.13301	0.58559	0.01256	0.00594	0.00170	0.00254	0.01068	0.00477	0.00427
48	0.01140	0.01457	0.12459	0.01918	0.02414	0.01233	0.60655	0.01588	0.03169	0.01589	0.01064	0.01460	0.00830	0.00483	0.00612	0.00171	0.03675	0.03152	0.00259	0.00672
49	0.05083	0.03128	0.01478	0.01342	0.14187	0.00941	0.11254	0.05275	0.02617	0.08125	0.06808	0.01603	0.04003	0.00544	0.00494	0.00132	0.02270	0.02123	0.00347	0.28247
50	0.01083	0.00602	0.00760	0.00704	0.00901	0.00528	0.00542	0.01242	0.01201	0.22428	0.12589	0.22071	0.22553	0.01096	0.00573	0.00171	0.00323	0.05692	0.00507	0.04434
51	0.24674	0.00755	0.00881	0.00815	0.01009	0.00796	0.03608	0.06490	0.01087	0.10128	0.03942	0.33457	0.01928	0.01072	0.03052	0.00197	0.02777	0.02372	0.00420	0.00539
52	0.00987	0.00992	0.01882	0.01519	0.06059	0.00935	0.39391	0.03968	0.01187	0.01578	0.06172	0.11076	0.15462	0.02405	0.00628	0.00178	0.00595	0.04054	0.00347	0.00583
53	0.02643	0.05235	0.69010	0.01431	0.02124	0.02658	0.06953	0.01582	0.01062	0.01572	0.00889	0.01056	0.00639	0.00469	0.00473	0.00156	0.00733	0.00377	0.00216	0.00722
54	0.01216	0.01166	0.01991	0.07844	0.74729	0.01180	0.01521	0.01514	0.01127	0.01607	0.00934	0.01239	0.00782	0.00447	0.00494	0.00149	0.00597	0.00444	0.00245	0.00775
55	0.01348	0.01048	0.01287	0.01060	0.01278	0.01200	0.03483	0.30933	0.05824	0.04805	0.10009	0.05101	0.01484	0.07877	0.03229	0.00217	0.18176	0.00577	0.00414	0.00653
56	0.03100	0.01084	0.01580	0.21128	0.29733	0.04959	0.02713	0.05087	0.03904	0.16385	0.01281	0.01514	0.02526	0.00546	0.00499	0.00156	0.00575	0.02174	0.00342	0.00713
57	0.00790	0.00554	0.00705	0.00780	0.03537	0.00515	0.00576	0.00939	0.01087	0.05869	0.04638	0.18720	0.26002	0.09390	0.00814	0.00223	0.00366	0.23592	0.00449	0.00456
58	0.01059	0.01008	0.01605	0.43044	0.30563	0.03813	0.01342	0.01354	0.01055	0.01409	0.01003	0.04486	0.00842	0.00617	0.02832	0.00177	0.00642	0.00481	0.02039	0.00629
59	0.01274	0.21772	0.15683	0.01605	0.04712	0.09668	0.33572	0.03213	0.01163	0.01483	0.00888	0.01107	0.00698	0.00445	0.00483	0.00146	0.00738	0.00436	0.00241	0.00673
60	0.05935	0.00852	0.01114	0.00869	0.01232	0.00768	0.00714	0.04488	0.03116	0.67068	0.07016	0.01780	0.01428	0.00637	0.00498	0.00155	0.00413	0.00517	0.00592	0.00808
61	0.00739	0.00584	0.00731	0.00682	0.00833	0.00555	0.02575	0.01064	0.09217	0.01794	0.46420	0.08653	0.22142	0.01060	0.00583	0.00164	0.00276	0.00927	0.00510	0.00492
62	0.00900	0.00632	0.00822	0.03786	0.01028	0.00614	0.02700	0.01211	0.08090	0.08134	0.20473	0.07700	0.20344	0.01062	0.00585	0.00177	0.00353	0.17102	0.03766	0.00521
63	0.08967	0.17524	0.51477	0.01248	0.01857	0.01312	0.04095	0.03764	0.01070	0.01607	0.00883	0.01082	0.00677	0.00482	0.00438	0.00149	0.00658	0.01777	0.00235	0.00696
64	0.00790	0.00685	0.03612	0.03015	0.03671	0.00638	0.00662	0.01116	0.08070	0.01723	0.35964	0.09700	0.13155	0.01056	0.00619	0.00175	0.02602	0.11763	0.00474	0.00510
65	0.00729	0.00539	0.00698	0.00767	0.00875	0.00520	0.00616	0.00942	0.03230	0.01490	0.12284	0.19889	0.15135	0.03500	0.00695	0.00211	0.00365	0.36596	0.00468	0.00449
66	0.03046	0.05550	0.31111	0.04224	0.02036	0.08262	0.19136	0.11497	0.03951	0.01749	0.01019	0.01271	0.00781	0.00516	0.00513	0.00158	0.01708	0.02489	0.00281	0.00699
67	0.02929	0.03760	0.05064	0.01119	0.06492	0.04616	0.07584	0.06304	0.01230	0.03680	0.06040	0.08942	0.14583	0.00995	0.00581	0.00182	0.00486	0.24454	0.00405	0.00555
68	0.01204	0.01157	0.01993	0.07171	0.70517	0.01166	0.04120	0.01505	0.01129	0.01605	0.00984	0.01362	0.00838	0.00472	0.00502	0.00152	0.00601	0.02507	0.00251	0.00764
69	0.00687	0.00560	0.00777	0.02919	0.00937	0.00517	0.05768	0.00858	0.01137	0.01481	0.18860	0.24936	0.28695	0.02441	0.00636	0.00185	0.00331	0.07369	0.00457	0.00449
70	0.01177	0.01261	0.05602	0.01763	0.02205	0.01148	0.55011	0.06311	0.02933	0.03952	0.01382	0.06116	0.03745	0.00584	0.00581	0.00171	0.00726	0.04362	0.00311	0.00660
71	0.03394	0.01123	0.01903	0.03590	0.01888	0.02604	0.32500	0.04063	0.08252	0.30981	0.01447	0.01490	0.00997	0.00525	0.00529	0.00159	0.00610	0.00526	0.00420	0.02999
72	0.01057	0.00930	0.03363	0.01282	0.01538	0.00892	0.27332	0.01311	0.02490	0.09689	0.01837	0.25416	0.04762	0.03978	0.00772	0.00196	0.08781	0.03435	0.00370	0.00572
73	0.01092	0.00887	0.04143	0.01116	0.02867	0.00833	0.13284	0.06695	0.07059	0.09964	0.05793	0.20729	0.05177	0.02471	0.00656	0.00189	0.03007	0.13017	0.00430	0.00591
74	0.07405	0.01092	0.03205	0.06360	0.11618	0.03450	0.13418	0.09900	0.02936	0.22169	0.03631	0.01687	0.01131	0.00620	0.00548	0.02425	0.00555	0.05072	0.00401	0.02375

[dist]
# distance from previous block
# <min> <max>
0	71

# created by:
# /home/cegg/simao/soft/augustus-3.2.1/scripts/msa2prfl.pl ./align_prep/EOG091G0TVG.fa
