[name]
unknown

[dist]
# distance from previous block
# <min> <max>
23	123

[block]
# block no. 0 follows, 40 sequences, length 7
# corresponding to MSA columns:
# 835-841
name=unknown_A
#
# <colnr> <probs for GDERKNQSTAVLIFYWHMCP>
#	G	D	E	R	K	N	Q	S	T	A	V	L	I	F	Y	W	H	M	C	P
0	0.01411	0.01383	0.06453	0.08223	0.05994	0.07276	0.07316	0.09553	0.06541	0.05421	0.09458	0.02091	0.07608	0.00765	0.00715	0.00178	0.08139	0.00622	0.00418	0.10434
1	0.05281	0.01168	0.01349	0.03955	0.06295	0.07573	0.04259	0.09126	0.11153	0.04331	0.08735	0.05476	0.04231	0.07491	0.00836	0.00222	0.02203	0.09823	0.00464	0.06028
2	0.05635	0.06111	0.04254	0.05780	0.03343	0.05158	0.04604	0.15410	0.03268	0.16268	0.04985	0.01916	0.06062	0.02852	0.00721	0.00187	0.06189	0.00577	0.00466	0.06214
3	0.01011	0.00725	0.00979	0.00979	0.03804	0.00726	0.00729	0.01271	0.03729	0.06837	0.05926	0.07575	0.13065	0.02570	0.34766	0.00520	0.00921	0.05387	0.00430	0.08052
4	0.01357	0.06916	0.11055	0.30896	0.02644	0.01380	0.04934	0.14613	0.04980	0.02071	0.05219	0.01633	0.01150	0.00629	0.00560	0.00176	0.00680	0.00530	0.04152	0.04422
5	0.01601	0.24749	0.11131	0.01305	0.05187	0.09840	0.01141	0.10484	0.16453	0.04759	0.01659	0.01678	0.06282	0.00676	0.00520	0.00165	0.00642	0.00512	0.00402	0.00816
6	0.01507	0.16829	0.09723	0.01322	0.06352	0.08515	0.01103	0.11161	0.07106	0.05491	0.05487	0.04725	0.05142	0.04541	0.00763	0.00196	0.06095	0.02782	0.00407	0.00754

[dist]
# distance from previous block
# <min> <max>
3	21

[block]
# block no. 1 follows, 40 sequences, length 9
# corresponding to MSA columns:
# 873-881
name=unknown_B
#
# <colnr> <probs for GDERKNQSTAVLIFYWHMCP>
#	G	D	E	R	K	N	Q	S	T	A	V	L	I	F	Y	W	H	M	C	P
0	0.21552	0.03023	0.14247	0.04497	0.01664	0.03211	0.01071	0.12993	0.01424	0.08937	0.01343	0.08366	0.01124	0.00714	0.00572	0.00177	0.03943	0.00539	0.01715	0.08889
1	0.03843	0.04767	0.05811	0.07657	0.10838	0.07620	0.04641	0.10195	0.05770	0.06553	0.02542	0.04667	0.02605	0.00891	0.04718	0.00214	0.04617	0.00567	0.04775	0.06710
2	0.01167	0.05500	0.05085	0.10701	0.12615	0.05458	0.02422	0.06953	0.01367	0.01772	0.03691	0.16581	0.15474	0.04007	0.00706	0.00204	0.00562	0.02054	0.03026	0.00655
3	0.05706	0.00884	0.01325	0.11430	0.14435	0.00908	0.04071	0.02789	0.02578	0.01601	0.04749	0.05645	0.05660	0.03625	0.01202	0.26905	0.00560	0.00632	0.00336	0.04960
4	0.01540	0.05120	0.01852	0.11571	0.28637	0.06463	0.04141	0.06542	0.01448	0.10822	0.03859	0.05884	0.03650	0.00695	0.00575	0.00176	0.00639	0.00614	0.04974	0.00798
5	0.01237	0.01129	0.01815	0.25745	0.26857	0.01209	0.06206	0.05135	0.04796	0.01837	0.01774	0.06475	0.08303	0.00732	0.00599	0.00186	0.00646	0.00671	0.03902	0.00746
6	0.06111	0.01340	0.05353	0.22064	0.40273	0.01350	0.05110	0.01681	0.01238	0.01810	0.01047	0.01419	0.00848	0.00554	0.00621	0.00180	0.04069	0.00503	0.00284	0.04147
7	0.01208	0.01093	0.01613	0.29079	0.16987	0.01097	0.01240	0.01585	0.04182	0.01788	0.04086	0.01539	0.01064	0.00547	0.00530	0.00150	0.00600	0.00481	0.00324	0.30805
8	0.01414	0.01351	0.06087	0.02316	0.29620	0.01260	0.15647	0.08100	0.05012	0.05227	0.01647	0.07933	0.01488	0.00782	0.00638	0.00196	0.00687	0.09379	0.00395	0.00819

[dist]
# distance from previous block
# <min> <max>
5	72

[block]
# block no. 2 follows, 40 sequences, length 28
# corresponding to MSA columns:
# 1028-1052,1201,1210,1211
name=unknown_C
#
# <colnr> <probs for GDERKNQSTAVLIFYWHMCP>
#	G	D	E	R	K	N	Q	S	T	A	V	L	I	F	Y	W	H	M	C	P
0	0.06463	0.01317	0.03513	0.01521	0.06364	0.04132	0.16223	0.06970	0.10096	0.14260	0.01812	0.03384	0.06496	0.00714	0.00673	0.00181	0.05833	0.00617	0.00446	0.08983
1	0.10454	0.01383	0.07535	0.01616	0.12493	0.03509	0.10656	0.07323	0.11298	0.10781	0.01728	0.04213	0.04878	0.00695	0.00586	0.00180	0.01866	0.00598	0.03879	0.04328
2	0.05942	0.02803	0.12135	0.01354	0.05970	0.05911	0.04764	0.11836	0.06167	0.07429	0.04280	0.02957	0.05467	0.05105	0.00827	0.02685	0.05449	0.00582	0.00414	0.07923
3	0.05264	0.01286	0.04755	0.07889	0.09020	0.02276	0.06375	0.15044	0.06019	0.10751	0.04823	0.06390	0.01413	0.00733	0.00629	0.00177	0.03703	0.01757	0.00450	0.11245
4	0.22392	0.05845	0.01457	0.03693	0.05973	0.04400	0.03864	0.09533	0.03665	0.13229	0.01325	0.02794	0.01055	0.05924	0.00657	0.00189	0.00562	0.00486	0.00425	0.12531
5	0.19842	0.01210	0.01654	0.11661	0.29336	0.01294	0.01249	0.08599	0.04418	0.07440	0.04464	0.03937	0.01203	0.00642	0.00540	0.00181	0.00591	0.00542	0.00394	0.00803
6	0.01368	0.01418	0.01773	0.26148	0.18040	0.15738	0.06239	0.01710	0.04052	0.01632	0.01461	0.01856	0.05820	0.05390	0.00719	0.00199	0.00748	0.00568	0.01871	0.03250
7	0.01501	0.14554	0.04458	0.09733	0.44185	0.05949	0.01550	0.01808	0.01296	0.04691	0.01061	0.01351	0.00877	0.00556	0.00597	0.00169	0.04056	0.00475	0.00294	0.00841
8	0.04550	0.01130	0.01746	0.06057	0.42707	0.01142	0.01318	0.05418	0.01447	0.02067	0.17258	0.02440	0.07342	0.00764	0.00604	0.00180	0.00563	0.02082	0.00403	0.00782
9	0.05944	0.01663	0.01275	0.01185	0.01402	0.35486	0.00901	0.04648	0.01331	0.01537	0.01224	0.01679	0.01098	0.05444	0.32074	0.00491	0.01188	0.00499	0.00322	0.00608
10	0.05495	0.06693	0.01746	0.01618	0.08791	0.59667	0.01148	0.02235	0.01565	0.04556	0.00965	0.01113	0.00788	0.00588	0.00517	0.00153	0.00944	0.00391	0.00315	0.00713
11	0.00728	0.00586	0.00649	0.00643	0.00813	0.00507	0.00479	0.00911	0.01409	0.01790	0.26288	0.09178	0.51161	0.01408	0.00690	0.00195	0.00291	0.01198	0.00569	0.00507
12	0.01010	0.00505	0.00758	0.00758	0.00758	0.00505	0.00505	0.00758	0.00758	0.01010	0.01010	0.01768	0.01010	0.02020	0.02273	0.83081	0.00505	0.00505	0.00253	0.00253
13	0.32630	0.01154	0.01067	0.00924	0.01256	0.04470	0.00740	0.10225	0.14506	0.10353	0.01513	0.01551	0.01123	0.00649	0.00466	0.00173	0.00471	0.00472	0.15511	0.00746
14	0.01933	0.01480	0.08045	0.06352	0.06371	0.04575	0.05062	0.21179	0.08632	0.23311	0.02593	0.01729	0.01220	0.00677	0.00584	0.00179	0.00636	0.01549	0.00520	0.03373
15	0.08364	0.01043	0.06382	0.06826	0.01582	0.00935	0.07796	0.05292	0.03647	0.08986	0.31981	0.03103	0.06014	0.00932	0.00630	0.00190	0.00493	0.04606	0.00521	0.00677
16	0.00823	0.00564	0.00716	0.00765	0.00870	0.00511	0.00540	0.00978	0.01298	0.05308	0.20247	0.45828	0.16254	0.01564	0.00712	0.00214	0.00323	0.01391	0.00572	0.00518
17	0.01340	0.01566	0.05576	0.02343	0.02918	0.01422	0.68057	0.01825	0.01381	0.01885	0.04767	0.01692	0.01100	0.00526	0.00682	0.00195	0.00943	0.00696	0.00309	0.00775
18	0.01194	0.06667	0.70530	0.01689	0.04913	0.01397	0.02081	0.01835	0.01229	0.01821	0.01034	0.01221	0.00743	0.00549	0.00545	0.00181	0.00842	0.00427	0.00247	0.00856
19	0.01398	0.19840	0.21771	0.01837	0.02461	0.01643	0.34034	0.04791	0.03364	0.01833	0.01100	0.01346	0.00843	0.00524	0.00574	0.00176	0.00840	0.00528	0.00291	0.00807
20	0.01705	0.05598	0.01373	0.01097	0.01408	0.16020	0.00863	0.13763	0.12763	0.13039	0.14953	0.04504	0.04364	0.03301	0.00658	0.00186	0.00575	0.00671	0.02392	0.00765
21	0.00977	0.00898	0.01604	0.01353	0.01584	0.00857	0.23959	0.03452	0.01252	0.01676	0.02578	0.47254	0.05987	0.01331	0.00738	0.00220	0.01960	0.01269	0.00458	0.00592
22	0.01394	0.18062	0.13429	0.01165	0.01590	0.01452	0.01103	0.06590	0.26738	0.04409	0.05156	0.02417	0.04986	0.00817	0.00569	0.00185	0.00562	0.08110	0.00462	0.00804
23	0.01714	0.18609	0.29427	0.01332	0.01931	0.04824	0.04280	0.04349	0.01422	0.21970	0.03814	0.01483	0.01101	0.00611	0.00533	0.00169	0.00697	0.00478	0.00403	0.00853
24	0.01300	0.17952	0.11107	0.01187	0.04506	0.10913	0.01029	0.01766	0.10735	0.01927	0.26221	0.02493	0.02559	0.00824	0.00570	0.00171	0.00569	0.03023	0.00441	0.00707
25	0.01341	0.00854	0.05663	0.00982	0.01219	0.00700	0.00819	0.01585	0.03003	0.22816	0.02873	0.32261	0.05683	0.01347	0.00693	0.00221	0.00458	0.16241	0.00573	0.00668
26	0.01413	0.03815	0.04857	0.13698	0.08325	0.11173	0.01117	0.03576	0.15632	0.06736	0.13482	0.04000	0.04977	0.00806	0.00646	0.00185	0.03711	0.00661	0.00446	0.00743
27	0.17382	0.02014	0.29023	0.01297	0.01840	0.06879	0.01340	0.17066	0.07782	0.02372	0.01436	0.03792	0.03994	0.00680	0.00534	0.00182	0.00675	0.00512	0.00392	0.00808

[dist]
# distance from previous block
# <min> <max>
7	13

[block]
# block no. 3 follows, 40 sequences, length 18
# corresponding to MSA columns:
# 1227-1244
name=unknown_D
#
# <colnr> <probs for GDERKNQSTAVLIFYWHMCP>
#	G	D	E	R	K	N	Q	S	T	A	V	L	I	F	Y	W	H	M	C	P
0	0.09174	0.22018	0.11990	0.04599	0.04900	0.06078	0.01215	0.25517	0.05290	0.02378	0.01135	0.01239	0.00873	0.00599	0.00501	0.00164	0.00670	0.00435	0.00389	0.00838
1	0.01076	0.00999	0.01676	0.71691	0.03756	0.01245	0.01541	0.01448	0.01144	0.01474	0.01078	0.01612	0.00832	0.00898	0.07010	0.00256	0.00841	0.00526	0.00263	0.00635
2	0.20530	0.21953	0.02228	0.01396	0.01838	0.17627	0.17401	0.05573	0.01370	0.03746	0.00978	0.01153	0.00780	0.00543	0.00489	0.00163	0.00751	0.00428	0.00324	0.00731
3	0.01194	0.00850	0.01016	0.00871	0.01107	0.00839	0.00679	0.16906	0.01843	0.04316	0.51401	0.03408	0.04037	0.01013	0.00638	0.00174	0.00367	0.00871	0.03200	0.05268
4	0.01166	0.03008	0.76550	0.01657	0.02517	0.01351	0.02149	0.01842	0.01228	0.01842	0.01044	0.01228	0.00737	0.00552	0.00552	0.00184	0.00859	0.00430	0.00246	0.00859
5	0.01902	0.04918	0.01635	0.01283	0.01684	0.08950	0.01035	0.38337	0.28718	0.02905	0.01675	0.01623	0.01241	0.00713	0.00571	0.00178	0.00613	0.00549	0.00544	0.00924
6	0.00831	0.00623	0.00935	0.00935	0.01038	0.00727	0.00727	0.01038	0.00935	0.01350	0.01558	0.02285	0.01454	0.04361	0.77259	0.00935	0.01558	0.00623	0.00312	0.00519
7	0.01776	0.46771	0.02497	0.01329	0.06160	0.25996	0.01090	0.05490	0.01415	0.01531	0.00884	0.01023	0.00770	0.00541	0.00444	0.00138	0.00762	0.00354	0.00284	0.00746
8	0.00813	0.00598	0.00834	0.00849	0.00931	0.00657	0.00624	0.00968	0.00958	0.01335	0.02008	0.11154	0.05600	0.17652	0.51445	0.00753	0.01179	0.00807	0.00356	0.00482
9	0.01365	0.01240	0.06036	0.01582	0.16932	0.01154	0.01076	0.13685	0.14236	0.03491	0.06424	0.12582	0.05635	0.00858	0.00595	0.00178	0.00522	0.00742	0.00470	0.11199
10	0.00956	0.09571	0.05382	0.01098	0.06201	0.00913	0.00816	0.01206	0.04742	0.01611	0.06755	0.38611	0.08921	0.03930	0.00798	0.00221	0.04395	0.02824	0.00461	0.00588
11	0.03805	0.04944	0.01528	0.09874	0.06074	0.03330	0.01011	0.08797	0.05115	0.29708	0.01676	0.03997	0.01263	0.05116	0.00784	0.00200	0.05842	0.00571	0.00500	0.05865
12	0.01097	0.01119	0.07240	0.11305	0.12123	0.01114	0.05316	0.01460	0.05236	0.01639	0.05879	0.02063	0.01440	0.07397	0.22012	0.00426	0.09770	0.00613	0.02092	0.00659
13	0.01441	0.01542	0.08272	0.21973	0.23994	0.08065	0.06869	0.11261	0.01480	0.01945	0.01295	0.01602	0.03627	0.00735	0.03243	0.00206	0.00789	0.00541	0.00327	0.00792
14	0.00905	0.03632	0.00998	0.08019	0.01262	0.03398	0.00752	0.01064	0.01150	0.01507	0.06062	0.38170	0.05065	0.07717	0.05628	0.00294	0.04889	0.08513	0.00455	0.00519
15	0.01547	0.11393	0.01643	0.05029	0.07183	0.21593	0.02764	0.04413	0.01474	0.06241	0.05875	0.02733	0.04728	0.00865	0.00593	0.00180	0.00690	0.15894	0.00408	0.04753
16	0.16411	0.11061	0.13346	0.07412	0.14312	0.04650	0.01271	0.09635	0.03948	0.06915	0.01246	0.05136	0.01015	0.00639	0.00517	0.00175	0.00643	0.00502	0.00371	0.00796
17	0.10200	0.07174	0.14583	0.04209	0.16322	0.06080	0.07761	0.04858	0.05021	0.01936	0.01108	0.01353	0.00887	0.00750	0.04294	0.00207	0.04050	0.00469	0.00319	0.08419

[dist]
# distance from previous block
# <min> <max>
8	66

[block]
# block no. 4 follows, 40 sequences, length 7
# corresponding to MSA columns:
# 1360-1366
name=unknown_E
#
# <colnr> <probs for GDERKNQSTAVLIFYWHMCP>
#	G	D	E	R	K	N	Q	S	T	A	V	L	I	F	Y	W	H	M	C	P
0	0.01549	0.28656	0.06231	0.19625	0.02365	0.07393	0.08258	0.13243	0.01470	0.01840	0.01008	0.01251	0.00805	0.00577	0.00561	0.00165	0.03482	0.00448	0.00312	0.00761
1	0.01172	0.01231	0.07567	0.33188	0.22377	0.01244	0.01531	0.01531	0.01242	0.01704	0.06758	0.02160	0.01405	0.00740	0.00711	0.00198	0.06822	0.07380	0.00320	0.00717
2	0.25465	0.01182	0.01623	0.27735	0.12783	0.01312	0.05839	0.05576	0.03431	0.02075	0.01045	0.01342	0.00808	0.00555	0.00511	0.00178	0.00638	0.00460	0.00329	0.07115
3	0.08281	0.10299	0.01643	0.01174	0.01568	0.14242	0.00960	0.24208	0.03630	0.06405	0.01260	0.04507	0.01025	0.00671	0.00583	0.00159	0.04672	0.00483	0.00431	0.13798
4	0.08925	0.00758	0.00965	0.06996	0.05458	0.00743	0.00717	0.01327	0.01466	0.08647	0.38206	0.03671	0.17807	0.01055	0.00632	0.00185	0.00378	0.00902	0.00551	0.00613
5	0.07410	0.01256	0.01818	0.12223	0.39173	0.05583	0.01402	0.01602	0.01232	0.01762	0.01449	0.01787	0.06714	0.01006	0.07976	0.00254	0.05723	0.00559	0.00310	0.00760
6	0.05842	0.10005	0.08517	0.20346	0.02302	0.10292	0.09596	0.07147	0.01354	0.01770	0.01436	0.16017	0.01367	0.00802	0.00580	0.00186	0.00711	0.00694	0.00349	0.00688

[dist]
# distance from previous block
# <min> <max>
2	25

[block]
# block no. 5 follows, 40 sequences, length 25
# corresponding to MSA columns:
# 1397-1401,1403-1422
name=unknown_F
#
# <colnr> <probs for GDERKNQSTAVLIFYWHMCP>
#	G	D	E	R	K	N	Q	S	T	A	V	L	I	F	Y	W	H	M	C	P
0	0.03711	0.04926	0.31081	0.01792	0.11179	0.05588	0.10257	0.07191	0.04296	0.09953	0.03639	0.01495	0.01060	0.00599	0.00569	0.00179	0.00755	0.00513	0.00364	0.00853
1	0.04234	0.09318	0.03709	0.00941	0.01315	0.00928	0.00819	0.01539	0.01309	0.08611	0.08190	0.02851	0.01923	0.00833	0.00552	0.00160	0.00477	0.17869	0.03454	0.30967
2	0.01276	0.11192	0.04086	0.31969	0.18613	0.06860	0.01378	0.01627	0.03749	0.01593	0.01511	0.01866	0.07460	0.03704	0.00651	0.00192	0.00699	0.00558	0.00306	0.00711
3	0.01096	0.00949	0.01129	0.01176	0.07120	0.05167	0.00843	0.01460	0.09173	0.01749	0.05934	0.07246	0.12730	0.01551	0.12406	0.00308	0.10117	0.07003	0.09022	0.03817
4	0.04141	0.00828	0.01194	0.06971	0.17338	0.00811	0.02926	0.01175	0.01254	0.01679	0.03311	0.21239	0.26218	0.01232	0.00666	0.00206	0.00471	0.07283	0.00451	0.00608
5	0.24517	0.06963	0.11749	0.01256	0.07977	0.01157	0.03477	0.03124	0.01217	0.06915	0.01619	0.14007	0.03761	0.00808	0.00527	0.00181	0.00543	0.02710	0.00394	0.07098
6	0.01365	0.37717	0.05012	0.17888	0.08571	0.01734	0.01213	0.01631	0.01174	0.01533	0.00939	0.01206	0.00801	0.00555	0.00559	0.00152	0.06250	0.00402	0.02555	0.08742
7	0.00785	0.00578	0.00754	0.00814	0.00900	0.00570	0.00579	0.02915	0.01188	0.01596	0.09457	0.45763	0.11368	0.03676	0.15801	0.00369	0.00580	0.01304	0.00501	0.00502
8	0.07347	0.03132	0.32512	0.01375	0.04373	0.07067	0.01401	0.08991	0.07916	0.05851	0.05332	0.01826	0.06398	0.00697	0.00554	0.00179	0.00673	0.00546	0.03026	0.00802
9	0.00904	0.00848	0.05153	0.00891	0.03457	0.00719	0.00695	0.01326	0.10589	0.02012	0.32292	0.06312	0.27628	0.01169	0.00657	0.00187	0.00358	0.01003	0.00555	0.03244
10	0.05723	0.08153	0.01456	0.01156	0.02590	0.03633	0.00909	0.09489	0.44267	0.06075	0.04133	0.04495	0.03834	0.00793	0.00567	0.00186	0.00500	0.00642	0.00540	0.00856
11	0.06213	0.05618	0.24517	0.01192	0.01724	0.01205	0.01220	0.11839	0.04546	0.14174	0.08137	0.03443	0.04118	0.00710	0.00552	0.00171	0.00593	0.00565	0.00451	0.09014
12	0.06609	0.23905	0.28946	0.01337	0.01908	0.16848	0.01408	0.03701	0.03697	0.05155	0.01043	0.01162	0.00807	0.00565	0.00489	0.00160	0.00772	0.00395	0.00305	0.00788
13	0.04590	0.38968	0.02175	0.07902	0.01677	0.08924	0.01002	0.06621	0.01344	0.08211	0.01113	0.01280	0.00906	0.00771	0.04342	0.00189	0.03174	0.00411	0.05664	0.00736
14	0.04094	0.06287	0.08129	0.01203	0.01664	0.09653	0.01042	0.20629	0.18400	0.03357	0.01412	0.01445	0.01072	0.00621	0.00523	0.00156	0.00609	0.00473	0.00448	0.18784
15	0.01323	0.17116	0.14535	0.01111	0.01554	0.07712	0.02600	0.03744	0.01378	0.04014	0.10746	0.02299	0.05625	0.00757	0.00540	0.00159	0.00593	0.06804	0.02778	0.14612
16	0.01381	0.12924	0.41053	0.01592	0.08561	0.03672	0.01636	0.06000	0.03710	0.04294	0.03308	0.01355	0.00973	0.00575	0.00528	0.00167	0.00733	0.00449	0.00316	0.06773
17	0.01366	0.16529	0.18514	0.05581	0.22216	0.04073	0.09029	0.03316	0.03410	0.01838	0.07610	0.01577	0.01257	0.00595	0.00553	0.00170	0.00717	0.00523	0.00317	0.00808
18	0.00776	0.00592	0.00708	0.00684	0.00832	0.00538	0.00506	0.00983	0.01443	0.01930	0.41921	0.04659	0.30462	0.06519	0.04671	0.00250	0.00365	0.01080	0.00569	0.00514
19	0.09343	0.00978	0.01231	0.00975	0.01376	0.00898	0.00797	0.05550	0.02825	0.55277	0.07650	0.02280	0.06611	0.00788	0.00579	0.00181	0.00467	0.00637	0.00663	0.00892
20	0.08646	0.20377	0.06409	0.10757	0.07932	0.06890	0.03431	0.01820	0.07081	0.06600	0.04323	0.01982	0.07641	0.00708	0.00530	0.00172	0.00623	0.02969	0.00374	0.00734
21	0.01407	0.26136	0.42354	0.01481	0.02177	0.01615	0.07993	0.01884	0.01258	0.07065	0.01074	0.01222	0.00803	0.00542	0.00512	0.00167	0.00772	0.00427	0.00285	0.00828
22	0.00756	0.00598	0.00690	0.00723	0.00883	0.00532	0.00561	0.00940	0.01352	0.01700	0.14709	0.12505	0.45310	0.01492	0.00715	0.00212	0.00342	0.14920	0.00553	0.00506
23	0.02330	0.01020	0.01319	0.01032	0.01447	0.00935	0.00845	0.10061	0.03953	0.58319	0.07624	0.02235	0.04572	0.00783	0.00596	0.00181	0.00485	0.00639	0.00689	0.00936
24	0.01459	0.04515	0.11074	0.01697	0.15254	0.14035	0.01256	0.08116	0.01342	0.03714	0.01198	0.01621	0.01037	0.05902	0.15925	0.00351	0.09934	0.00516	0.00325	0.00729

[dist]
# distance from previous block
# <min> <max>
0	2

[block]
# block no. 6 follows, 40 sequences, length 10
# corresponding to MSA columns:
# 1425-1434
name=unknown_G
#
# <colnr> <probs for GDERKNQSTAVLIFYWHMCP>
#	G	D	E	R	K	N	Q	S	T	A	V	L	I	F	Y	W	H	M	C	P
0	0.01366	0.01293	0.02186	0.26672	0.46905	0.01377	0.04828	0.05047	0.01341	0.01851	0.01093	0.01478	0.00877	0.00545	0.00583	0.00180	0.00727	0.00525	0.00293	0.00833
1	0.00709	0.00506	0.00675	0.00810	0.00843	0.00472	0.00540	0.00810	0.01113	0.01484	0.03205	0.79184	0.03846	0.01822	0.00742	0.00236	0.00337	0.01653	0.00540	0.00472
2	0.01549	0.01531	0.07419	0.07934	0.02010	0.09534	0.13032	0.22526	0.01686	0.02236	0.01426	0.04052	0.01208	0.04259	0.04151	0.00235	0.03710	0.04242	0.06509	0.00750
3	0.01166	0.03008	0.76550	0.01657	0.02517	0.01351	0.02149	0.01842	0.01228	0.01842	0.01044	0.01228	0.00737	0.00552	0.00552	0.00184	0.00859	0.00430	0.00246	0.00859
4	0.04388	0.01542	0.16744	0.01486	0.10540	0.01117	0.05977	0.01827	0.10879	0.01980	0.01218	0.01378	0.00955	0.00521	0.00508	0.00142	0.00589	0.00445	0.00347	0.37415
5	0.01475	0.01465	0.02270	0.03278	0.65413	0.06426	0.01702	0.01791	0.01313	0.01831	0.01056	0.01401	0.00898	0.00561	0.00673	0.00177	0.06593	0.00508	0.00286	0.00883
6	0.01400	0.21124	0.09980	0.05323	0.19667	0.01499	0.04053	0.04913	0.09217	0.03641	0.09355	0.01718	0.01459	0.00685	0.00600	0.03046	0.00623	0.00538	0.00365	0.00793
7	0.01418	0.41004	0.25134	0.01225	0.01778	0.01790	0.01329	0.03978	0.03389	0.03810	0.01088	0.03461	0.00923	0.00758	0.03802	0.00190	0.03422	0.00431	0.00293	0.00779
8	0.00709	0.00506	0.00675	0.00810	0.00843	0.00472	0.00540	0.00810	0.01113	0.01484	0.03205	0.79184	0.03846	0.01822	0.00742	0.00236	0.00337	0.01653	0.00540	0.00472
9	0.00723	0.00591	0.00643	0.00665	0.00838	0.00511	0.00507	0.00886	0.01329	0.01626	0.09401	0.11302	0.58578	0.01497	0.00704	0.00206	0.00322	0.08629	0.00545	0.00497

[dist]
# distance from previous block
# <min> <max>
0	5

[block]
# block no. 7 follows, 40 sequences, length 31
# corresponding to MSA columns:
# 1440,1490,1491,1529-1550,1555-1557,1562-1564
name=unknown_H
#
# <colnr> <probs for GDERKNQSTAVLIFYWHMCP>
#	G	D	E	R	K	N	Q	S	T	A	V	L	I	F	Y	W	H	M	C	P
0	0.05346	0.01177	0.12197	0.04833	0.07058	0.00988	0.01056	0.01534	0.03481	0.10266	0.17009	0.18982	0.02515	0.01038	0.00777	0.00203	0.09529	0.00863	0.00465	0.00685
1	0.01167	0.01104	0.01869	0.63029	0.18601	0.01310	0.01649	0.01546	0.01196	0.01570	0.01046	0.01528	0.00805	0.00569	0.00580	0.00190	0.00758	0.00517	0.00264	0.00702
2	0.00779	0.00593	0.00716	0.00685	0.00842	0.00530	0.00514	0.01012	0.01541	0.02084	0.52874	0.04753	0.28397	0.01281	0.00686	0.00187	0.00281	0.01109	0.00607	0.00530
3	0.00872	0.00604	0.00785	0.00738	0.00885	0.00554	0.00554	0.01134	0.01616	0.04699	0.68014	0.06736	0.08191	0.01206	0.00684	0.00185	0.00284	0.01063	0.00635	0.00558
4	0.01579	0.12233	0.15454	0.11341	0.18398	0.16042	0.05867	0.01968	0.03485	0.06654	0.01124	0.01338	0.00871	0.00565	0.00543	0.00169	0.00789	0.00466	0.00312	0.00802
5	0.00962	0.00769	0.00863	0.00800	0.01010	0.00764	0.00611	0.04621	0.16267	0.02149	0.33639	0.04210	0.28737	0.01185	0.00663	0.00190	0.00335	0.01010	0.00593	0.00623
6	0.00709	0.00542	0.00652	0.00726	0.00825	0.00484	0.00506	0.00839	0.01227	0.01576	0.09384	0.47772	0.29359	0.01653	0.00719	0.00218	0.00318	0.01459	0.00547	0.00484
7	0.83671	0.01125	0.00855	0.00765	0.01125	0.01305	0.00630	0.01709	0.00990	0.02609	0.00810	0.00945	0.00630	0.00540	0.00360	0.00180	0.00450	0.00315	0.00360	0.00630
8	0.01435	0.01268	0.01813	0.08925	0.35351	0.06557	0.03698	0.01867	0.08514	0.07945	0.09029	0.04315	0.05286	0.00724	0.00600	0.00181	0.00623	0.00654	0.00406	0.00809
9	0.04969	0.04683	0.32388	0.07643	0.29006	0.03627	0.05961	0.01803	0.01267	0.01845	0.01046	0.01318	0.00810	0.00538	0.00555	0.00178	0.00779	0.00472	0.00271	0.00843
10	0.01318	0.01254	0.02118	0.05640	0.54883	0.01256	0.06178	0.01693	0.03992	0.01874	0.04025	0.06436	0.05383	0.00681	0.00603	0.00181	0.00647	0.00658	0.00339	0.00840
11	0.02195	0.01054	0.01325	0.01030	0.01457	0.00972	0.00841	0.11067	0.06320	0.48616	0.05394	0.01948	0.01528	0.00708	0.00566	0.00168	0.00485	0.00574	0.03393	0.10359
12	0.00833	0.00689	0.00708	0.00722	0.00887	0.04031	0.00537	0.00987	0.01320	0.03261	0.09696	0.17533	0.46302	0.03987	0.00768	0.00216	0.00365	0.06113	0.00534	0.00510
13	0.04310	0.11872	0.42427	0.01764	0.11350	0.06647	0.04926	0.01873	0.01272	0.04846	0.01073	0.01267	0.00810	0.00640	0.02369	0.00191	0.00815	0.00441	0.00282	0.00826
14	0.00729	0.00528	0.00669	0.00772	0.00825	0.00492	0.00520	0.00830	0.01116	0.01463	0.03367	0.59306	0.12273	0.10638	0.00991	0.00270	0.00365	0.03866	0.00518	0.00463
15	0.00793	0.00556	0.00740	0.00793	0.00835	0.00573	0.00537	0.00884	0.00973	0.01328	0.02268	0.32914	0.02573	0.25230	0.23250	0.03054	0.00756	0.01089	0.00411	0.00444
16	0.03906	0.04175	0.09299	0.04560	0.21682	0.01282	0.10578	0.10503	0.03218	0.02075	0.04138	0.02548	0.01557	0.00900	0.02903	0.00218	0.00706	0.14579	0.00389	0.00781
17	0.01239	0.05279	0.50222	0.04581	0.12499	0.04458	0.03968	0.01779	0.01260	0.01788	0.01194	0.03813	0.00976	0.00631	0.00570	0.00185	0.00806	0.03653	0.00277	0.00821
18	0.01422	0.01223	0.01294	0.01165	0.01487	0.01411	0.00906	0.03011	0.71969	0.02429	0.05284	0.02256	0.01923	0.00805	0.00595	0.00197	0.00453	0.00673	0.00594	0.00906
19	0.01730	0.01460	0.10006	0.08217	0.21384	0.01249	0.18770	0.03951	0.01449	0.23708	0.01463	0.01614	0.01035	0.00584	0.00603	0.00183	0.00726	0.00569	0.00417	0.00882
20	0.01334	0.10405	0.20334	0.16203	0.22991	0.04913	0.01598	0.01869	0.08900	0.01771	0.01226	0.03764	0.00999	0.00607	0.00553	0.00178	0.00722	0.00516	0.00307	0.00811
21	0.00724	0.00583	0.00645	0.00645	0.00812	0.00504	0.00478	0.00901	0.01390	0.01761	0.23739	0.11561	0.51358	0.01429	0.00692	0.00196	0.00293	0.01218	0.00566	0.00504
22	0.01166	0.03008	0.76550	0.01657	0.02517	0.01351	0.02149	0.01842	0.01228	0.01842	0.01044	0.01228	0.00737	0.00552	0.00552	0.00184	0.00859	0.00430	0.00246	0.00859
23	0.01657	0.04681	0.24596	0.05124	0.02288	0.03600	0.19099	0.05023	0.01425	0.20628	0.01411	0.01585	0.01004	0.02987	0.00687	0.00196	0.02224	0.00547	0.00397	0.00840
24	0.03638	0.26758	0.13845	0.01385	0.05164	0.22595	0.01235	0.07653	0.03322	0.07759	0.01088	0.01186	0.00851	0.00577	0.00491	0.00154	0.00763	0.00404	0.00339	0.00792
25	0.83671	0.01125	0.00855	0.00765	0.01125	0.01305	0.00630	0.01709	0.00990	0.02609	0.00810	0.00945	0.00630	0.00540	0.00360	0.00180	0.00450	0.00315	0.00360	0.00630
26	0.83671	0.01125	0.00855	0.00765	0.01125	0.01305	0.00630	0.01709	0.00990	0.02609	0.00810	0.00945	0.00630	0.00540	0.00360	0.00180	0.00450	0.00315	0.00360	0.00630
27	0.00861	0.00623	0.00842	0.00955	0.01073	0.00605	0.00788	0.01083	0.01307	0.01704	0.07413	0.21841	0.09778	0.01618	0.00774	0.00250	0.00458	0.46966	0.00543	0.00519
28	0.00898	0.00662	0.00842	0.00883	0.00990	0.00668	0.00647	0.03205	0.05919	0.01594	0.02541	0.34183	0.02817	0.14468	0.11298	0.00376	0.00590	0.12770	0.00474	0.04174
29	0.00864	0.00715	0.00772	0.00736	0.00943	0.00685	0.00558	0.01325	0.15291	0.01920	0.22345	0.04642	0.44508	0.01274	0.00669	0.00193	0.00321	0.01077	0.00574	0.00586
30	0.00934	0.00708	0.01001	0.01154	0.05805	0.00718	0.00888	0.01179	0.01338	0.01791	0.13962	0.14117	0.05178	0.01471	0.00810	0.00243	0.03930	0.43692	0.00524	0.00558

[dist]
# distance from previous block
# <min> <max>
0	31

[block]
# block no. 8 follows, 40 sequences, length 37
# corresponding to MSA columns:
# 1596-1599,1612-1631,1635-1647
name=unknown_I
#
# <colnr> <probs for GDERKNQSTAVLIFYWHMCP>
#	G	D	E	R	K	N	Q	S	T	A	V	L	I	F	Y	W	H	M	C	P
0	0.01978	0.14345	0.01951	0.04876	0.04570	0.57222	0.03591	0.02162	0.01535	0.01450	0.00907	0.01085	0.00760	0.00576	0.00511	0.00150	0.00957	0.00387	0.00289	0.00697
1	0.67138	0.01220	0.01167	0.05165	0.04981	0.04096	0.05408	0.01733	0.01063	0.02425	0.00862	0.01044	0.00672	0.00540	0.00409	0.00180	0.00534	0.00361	0.00345	0.00656
2	0.01856	0.01493	0.04343	0.01380	0.04148	0.01570	0.03919	0.43019	0.19586	0.04712	0.01729	0.01727	0.03278	0.00771	0.00651	0.03180	0.00602	0.00579	0.00541	0.00917
3	0.01098	0.01034	0.01744	0.78165	0.04005	0.01292	0.01615	0.01486	0.01163	0.01486	0.01034	0.01550	0.00775	0.00581	0.00581	0.00194	0.00775	0.00517	0.00258	0.00646
4	0.01098	0.01034	0.01744	0.78165	0.04005	0.01292	0.01615	0.01486	0.01163	0.01486	0.01034	0.01550	0.00775	0.00581	0.00581	0.00194	0.00775	0.00517	0.00258	0.00646
5	0.01098	0.01034	0.01744	0.78165	0.04005	0.01292	0.01615	0.01486	0.01163	0.01486	0.01034	0.01550	0.00775	0.00581	0.00581	0.00194	0.00775	0.00517	0.00258	0.00646
6	0.01553	0.01302	0.01375	0.01205	0.01553	0.01496	0.00946	0.12962	0.64839	0.02604	0.02232	0.02062	0.01666	0.00776	0.00590	0.00194	0.00485	0.00639	0.00590	0.00930
7	0.01401	0.01085	0.01266	0.00918	0.01425	0.00875	0.00739	0.08181	0.01379	0.07562	0.01160	0.01280	0.00916	0.00476	0.00456	0.00101	0.00454	0.00379	0.00394	0.69553
8	0.83671	0.01125	0.00855	0.00765	0.01125	0.01305	0.00630	0.01709	0.00990	0.02609	0.00810	0.00945	0.00630	0.00540	0.00360	0.00180	0.00450	0.00315	0.00360	0.00630
9	0.83671	0.01125	0.00855	0.00765	0.01125	0.01305	0.00630	0.01709	0.00990	0.02609	0.00810	0.00945	0.00630	0.00540	0.00360	0.00180	0.00450	0.00315	0.00360	0.00630
10	0.00824	0.00628	0.00761	0.00722	0.00883	0.00582	0.00543	0.01140	0.05446	0.02156	0.55180	0.04526	0.21974	0.01235	0.00681	0.00187	0.00289	0.01073	0.00614	0.00555
11	0.00839	0.00591	0.00771	0.00771	0.00818	0.00638	0.00523	0.00933	0.00886	0.01229	0.01707	0.03113	0.01813	0.45312	0.36800	0.00733	0.01016	0.00744	0.00334	0.00428
12	0.00723	0.00521	0.00661	0.00767	0.00813	0.00485	0.00508	0.00817	0.01102	0.01450	0.03305	0.62840	0.10724	0.11158	0.01004	0.00272	0.00360	0.01514	0.00517	0.00460
13	0.01282	0.01308	0.01314	0.01154	0.01311	0.21263	0.09033	0.01398	0.01137	0.01332	0.01456	0.05258	0.01516	0.34225	0.07812	0.02735	0.04935	0.00686	0.00327	0.00518
14	0.00720	0.00518	0.00685	0.00814	0.00860	0.00484	0.00557	0.00832	0.01135	0.01502	0.03316	0.72092	0.06957	0.01795	0.00743	0.00236	0.00346	0.05392	0.00540	0.00477
15	0.00752	0.00545	0.00712	0.00787	0.00866	0.00506	0.00557	0.00914	0.01290	0.01743	0.23838	0.49212	0.09119	0.01608	0.00726	0.00220	0.00327	0.05212	0.00568	0.00499
16	0.01426	0.01368	0.02337	0.06424	0.73183	0.01378	0.01778	0.01773	0.01318	0.01884	0.01092	0.01444	0.00916	0.00521	0.00576	0.00174	0.00694	0.00518	0.00287	0.00911
17	0.01672	0.01868	0.01637	0.08211	0.01878	0.34581	0.03580	0.05241	0.08807	0.01656	0.01264	0.05656	0.01132	0.00805	0.00851	0.00192	0.16825	0.03106	0.00350	0.00691
18	0.01583	0.36638	0.02144	0.01139	0.01516	0.10556	0.00989	0.05572	0.21665	0.01815	0.01351	0.01466	0.01112	0.00655	0.00562	0.00160	0.05344	0.01597	0.03355	0.00780
19	0.04459	0.15541	0.11197	0.01283	0.07242	0.06949	0.01085	0.01739	0.01258	0.07559	0.01164	0.01453	0.00967	0.00716	0.03467	0.00172	0.03260	0.02977	0.00340	0.27174
20	0.01714	0.20674	0.10919	0.01274	0.01708	0.08335	0.01173	0.26943	0.04646	0.02336	0.04685	0.01408	0.01112	0.00681	0.00653	0.00170	0.08178	0.00477	0.02092	0.00821
21	0.00715	0.00574	0.00639	0.00656	0.00811	0.00498	0.00479	0.00876	0.01342	0.01690	0.17743	0.19221	0.49738	0.01488	0.00697	0.00201	0.00299	0.01276	0.00558	0.00498
22	0.01637	0.09750	0.01692	0.01286	0.04509	0.02800	0.03635	0.22259	0.29175	0.02536	0.01659	0.01660	0.01260	0.00667	0.00542	0.00167	0.00552	0.00538	0.04851	0.08823
23	0.01436	0.01777	0.20070	0.06153	0.13705	0.01431	0.21262	0.10388	0.01440	0.04916	0.01222	0.03962	0.00968	0.00640	0.00730	0.00193	0.07965	0.00582	0.00335	0.00824
24	0.04097	0.20452	0.39661	0.01424	0.04492	0.01501	0.01570	0.01898	0.01252	0.10561	0.01121	0.01246	0.00831	0.00568	0.00548	0.00167	0.03277	0.00418	0.00312	0.04604
25	0.01467	0.08082	0.11006	0.02057	0.12137	0.01469	0.30275	0.05722	0.05321	0.06341	0.01337	0.01749	0.01067	0.00629	0.00687	0.00191	0.05034	0.04263	0.00351	0.00817
26	0.01010	0.00917	0.01394	0.03589	0.22121	0.00893	0.05845	0.01285	0.02495	0.01818	0.16033	0.07707	0.27891	0.01060	0.00694	0.00191	0.03011	0.00935	0.00455	0.00656
27	0.01516	0.08873	0.02373	0.11869	0.40106	0.09011	0.10189	0.05817	0.01407	0.01846	0.01067	0.01380	0.00869	0.00539	0.00566	0.00171	0.00762	0.00505	0.00299	0.00834
28	0.01389	0.09111	0.26956	0.03830	0.09022	0.04682	0.09615	0.04208	0.05859	0.06470	0.01597	0.04515	0.05987	0.00694	0.00623	0.00183	0.03523	0.00583	0.00350	0.00802
29	0.00703	0.00590	0.00612	0.00606	0.00795	0.00498	0.00455	0.00866	0.01364	0.01662	0.14199	0.05447	0.67335	0.01439	0.00687	0.00195	0.00292	0.01206	0.00552	0.00498
30	0.00846	0.00564	0.00634	0.00634	0.00634	0.00564	0.00352	0.00846	0.00846	0.01128	0.01832	0.03805	0.02114	0.79563	0.02960	0.00564	0.00564	0.00846	0.00352	0.00352
31	0.01545	0.05028	0.08715	0.01205	0.01560	0.03278	0.04621	0.15989	0.05998	0.13022	0.01650	0.06553	0.01358	0.01672	0.19948	0.00372	0.03171	0.00621	0.02928	0.00768
32	0.01261	0.27644	0.31582	0.01288	0.01857	0.01526	0.04703	0.04243	0.01290	0.01738	0.06090	0.06033	0.04735	0.00800	0.02685	0.00189	0.00706	0.00558	0.00318	0.00755
33	0.05233	0.31645	0.45496	0.01368	0.02068	0.01703	0.01645	0.01798	0.01199	0.01701	0.00945	0.01104	0.00735	0.00531	0.00476	0.00162	0.00751	0.00380	0.00252	0.00806
34	0.01495	0.03566	0.04647	0.21637	0.26953	0.17789	0.03821	0.04193	0.02781	0.01766	0.05009	0.01533	0.01094	0.00598	0.00570	0.00174	0.00776	0.00515	0.00315	0.00769
35	0.01343	0.01527	0.08956	0.14016	0.31433	0.01398	0.26074	0.01823	0.04185	0.01842	0.01158	0.01510	0.00904	0.00532	0.00613	0.00186	0.00807	0.00573	0.00294	0.00829
36	0.01485	0.01610	0.14661	0.04754	0.32981	0.06077	0.01505	0.03896	0.03800	0.08820	0.05285	0.04410	0.01302	0.00676	0.00650	0.00182	0.04794	0.00574	0.01701	0.00837

[dist]
# distance from previous block
# <min> <max>
0	1

[block]
# block no. 9 follows, 40 sequences, length 6
# corresponding to MSA columns:
# 1649-1654
name=unknown_J
#
# <colnr> <probs for GDERKNQSTAVLIFYWHMCP>
#	G	D	E	R	K	N	Q	S	T	A	V	L	I	F	Y	W	H	M	C	P
0	0.04717	0.01341	0.06229	0.01538	0.11246	0.08884	0.07665	0.03755	0.12912	0.07279	0.05058	0.04052	0.01553	0.03257	0.11984	0.00304	0.00778	0.03119	0.03587	0.00744
1	0.01449	0.05311	0.14297	0.07383	0.28334	0.03930	0.08644	0.01916	0.05964	0.08477	0.07398	0.01720	0.01339	0.00617	0.00583	0.00178	0.00696	0.00564	0.00364	0.00837
2	0.04872	0.04376	0.15058	0.09766	0.05927	0.10529	0.02732	0.11515	0.01451	0.01950	0.04601	0.07531	0.01446	0.03988	0.00771	0.02165	0.03962	0.04684	0.01966	0.00709
3	0.01122	0.01011	0.01626	0.16603	0.26933	0.01056	0.03740	0.01386	0.01211	0.01651	0.01926	0.11691	0.08693	0.01080	0.03978	0.03489	0.03484	0.04820	0.00353	0.04147
4	0.01460	0.01399	0.02083	0.17480	0.49372	0.06897	0.01610	0.06080	0.01397	0.01902	0.01117	0.01458	0.00907	0.00553	0.00567	0.00174	0.00714	0.00509	0.03483	0.00840
5	0.01708	0.07622	0.10440	0.01549	0.10525	0.07092	0.05023	0.03592	0.05837	0.22044	0.01772	0.05212	0.01465	0.00804	0.00654	0.00191	0.04017	0.09177	0.00461	0.00817

[dist]
# distance from previous block
# <min> <max>
0	215

# created by:
# /home/cegg/simao/soft/augustus-3.2.1/scripts/msa2prfl.pl ./align_prep/EOG091G0XKP.fa
