[name]
unknown

[dist]
# distance from previous block
# <min> <max>
8	70

[block]
# block no. 0 follows, 43 sequences, length 51
# corresponding to MSA columns:
# 123-143,148-154,156-178
name=unknown_A
#
# <colnr> <probs for GDERKNQSTAVLIFYWHMCP>
#	G	D	E	R	K	N	Q	S	T	A	V	L	I	F	Y	W	H	M	C	P
0	0.04904	0.05906	0.06517	0.03356	0.19532	0.05866	0.12890	0.11008	0.03248	0.05277	0.05739	0.01590	0.03065	0.00587	0.00539	0.00160	0.00645	0.00525	0.00365	0.08281
1	0.04673	0.10890	0.08898	0.01497	0.07324	0.15833	0.12659	0.07573	0.06291	0.03356	0.07520	0.03462	0.03219	0.00653	0.00562	0.00164	0.02246	0.00546	0.00361	0.02273
2	0.08986	0.14225	0.03871	0.03939	0.03161	0.05449	0.00836	0.08499	0.04685	0.06301	0.05176	0.18280	0.01705	0.00964	0.02729	0.01814	0.00531	0.00691	0.02639	0.05518
3	0.02499	0.09016	0.11545	0.11180	0.05117	0.08928	0.04859	0.10204	0.02832	0.07012	0.03720	0.02811	0.03896	0.04934	0.00718	0.01811	0.02912	0.00527	0.00358	0.05119
4	0.13775	0.10469	0.05379	0.01402	0.11210	0.05405	0.05659	0.10635	0.05257	0.04936	0.02471	0.11177	0.01273	0.00710	0.00539	0.00166	0.02208	0.00582	0.00382	0.06364
5	0.11284	0.08629	0.09739	0.01203	0.03036	0.09886	0.07663	0.07913	0.08101	0.04384	0.03617	0.06760	0.03137	0.02914	0.03587	0.00203	0.00639	0.00567	0.03498	0.03242
6	0.10433	0.01539	0.21894	0.01349	0.08006	0.03392	0.03585	0.04639	0.10419	0.08933	0.08957	0.08875	0.01658	0.03158	0.00618	0.00190	0.00576	0.00631	0.00412	0.00738
7	0.06812	0.03703	0.18804	0.02447	0.01577	0.05184	0.03906	0.06456	0.02551	0.04471	0.01629	0.14988	0.03149	0.00817	0.00572	0.00171	0.02504	0.04280	0.03584	0.12393
8	0.10110	0.01266	0.09133	0.01091	0.02977	0.06253	0.04347	0.06697	0.04967	0.07963	0.05549	0.06863	0.07269	0.03676	0.02560	0.00193	0.02452	0.00608	0.01471	0.14556
9	0.06440	0.07039	0.23069	0.05677	0.01991	0.03078	0.11065	0.05759	0.08453	0.06519	0.03989	0.01435	0.01048	0.00562	0.00518	0.00161	0.00651	0.00477	0.00351	0.11720
10	0.03477	0.06450	0.01516	0.01225	0.05834	0.08592	0.05185	0.07487	0.16995	0.04992	0.08858	0.01677	0.01452	0.00623	0.00532	0.00147	0.01820	0.00510	0.00420	0.22208
11	0.00799	0.00649	0.00866	0.00890	0.01005	0.02596	0.05224	0.00956	0.01159	0.01492	0.04577	0.41100	0.14919	0.05911	0.00818	0.00237	0.00419	0.15415	0.00485	0.00483
12	0.02051	0.01472	0.01593	0.01239	0.01667	0.01621	0.01018	0.62615	0.10557	0.08186	0.01486	0.01446	0.01052	0.00676	0.00555	0.00169	0.00582	0.00516	0.00564	0.00935
13	0.01371	0.01316	0.02248	0.03399	0.77081	0.01316	0.01700	0.01700	0.01261	0.01809	0.01042	0.01371	0.00877	0.00493	0.00548	0.00164	0.00658	0.00493	0.00274	0.00877
14	0.01289	0.01283	0.01699	0.51031	0.09009	0.11316	0.01429	0.06386	0.01255	0.01568	0.00972	0.01373	0.00758	0.00596	0.00659	0.00181	0.07788	0.00474	0.00273	0.00660
15	0.01324	0.01407	0.02986	0.07275	0.04488	0.01340	0.63342	0.01764	0.01303	0.04677	0.01210	0.01661	0.00932	0.00516	0.00645	0.00188	0.00883	0.03017	0.00301	0.00741
16	0.00886	0.00738	0.01148	0.32750	0.04245	0.00826	0.01034	0.01129	0.01125	0.01471	0.02133	0.32281	0.02308	0.01182	0.00651	0.00212	0.00535	0.14408	0.00398	0.00540
17	0.01332	0.01276	0.02178	0.12425	0.68359	0.01306	0.01680	0.01666	0.01243	0.01762	0.01035	0.01383	0.00861	0.00501	0.00549	0.00167	0.00668	0.00493	0.00271	0.00846
18	0.01297	0.01240	0.02114	0.20648	0.60411	0.01296	0.01663	0.01635	0.01226	0.01720	0.01029	0.01395	0.00846	0.00507	0.00550	0.00169	0.00676	0.00493	0.00268	0.00818
19	0.00831	0.00685	0.01094	0.01079	0.04066	0.00649	0.10797	0.00995	0.01125	0.01490	0.04579	0.38775	0.12327	0.03045	0.04959	0.04915	0.00502	0.07138	0.00445	0.00505
20	0.01058	0.01039	0.07594	0.08921	0.12657	0.03019	0.07057	0.01299	0.01188	0.04622	0.02266	0.19599	0.10150	0.01110	0.00735	0.05655	0.00557	0.10476	0.00393	0.00604
21	0.01327	0.01272	0.02170	0.13489	0.67330	0.01305	0.01678	0.01662	0.01241	0.01757	0.01034	0.01385	0.00859	0.00501	0.00549	0.00167	0.00669	0.00493	0.00270	0.00842
22	0.01273	0.01375	0.10308	0.10931	0.18922	0.02635	0.16204	0.02640	0.01266	0.03247	0.01547	0.14905	0.01462	0.00836	0.00711	0.00205	0.05547	0.02762	0.02479	0.00746
23	0.01190	0.04753	0.25562	0.01923	0.18132	0.01187	0.17296	0.01615	0.01279	0.03828	0.11903	0.05933	0.01587	0.00659	0.00580	0.00176	0.00685	0.00626	0.00333	0.00753
24	0.01297	0.06598	0.06746	0.04742	0.35701	0.02848	0.23771	0.01658	0.01251	0.01716	0.01199	0.06053	0.01052	0.00585	0.00580	0.00175	0.00732	0.02229	0.00290	0.00778
25	0.00949	0.00515	0.00792	0.00771	0.00792	0.00517	0.02445	0.00767	0.00758	0.01017	0.01077	0.04094	0.01090	0.04106	0.06201	0.72499	0.00544	0.00533	0.00255	0.00276
26	0.00967	0.01574	0.32910	0.01221	0.01646	0.00890	0.06602	0.01342	0.01197	0.03702	0.08902	0.28147	0.04361	0.01041	0.00619	0.00195	0.00576	0.03068	0.00394	0.00647
27	0.03215	0.04708	0.35587	0.01536	0.08769	0.05465	0.06308	0.03931	0.03074	0.05721	0.03253	0.08497	0.06117	0.00714	0.00555	0.00176	0.00680	0.00604	0.00339	0.00750
28	0.01220	0.02624	0.03798	0.14808	0.08263	0.10670	0.22934	0.01599	0.04914	0.01637	0.05411	0.07215	0.07415	0.00867	0.03980	0.00210	0.00750	0.00682	0.00338	0.00665
29	0.01222	0.01160	0.01968	0.32661	0.46218	0.01254	0.01598	0.01559	0.01195	0.01644	0.01085	0.03993	0.00915	0.00557	0.00556	0.00174	0.00678	0.00528	0.00271	0.00762
30	0.03539	0.09992	0.16060	0.01913	0.28130	0.01255	0.01341	0.03999	0.03133	0.10082	0.04797	0.01448	0.01098	0.00551	0.00509	0.00154	0.00600	0.00467	0.00347	0.10585
31	0.01014	0.03276	0.27926	0.06309	0.01780	0.00934	0.07464	0.01362	0.01161	0.05300	0.02050	0.30852	0.05196	0.01031	0.00612	0.00195	0.00588	0.01921	0.00381	0.00646
32	0.01181	0.01111	0.01873	0.39188	0.37187	0.01226	0.01557	0.01524	0.01198	0.01629	0.03402	0.01686	0.01030	0.00580	0.00562	0.00178	0.00678	0.03201	0.00280	0.00729
33	0.01192	0.01173	0.01798	0.55696	0.21498	0.06277	0.01547	0.01536	0.01175	0.01507	0.00990	0.01420	0.00770	0.00540	0.00549	0.00177	0.00736	0.00484	0.00255	0.00681
34	0.01400	0.06403	0.08893	0.03101	0.08451	0.01070	0.20778	0.01709	0.01286	0.17973	0.01889	0.16350	0.04467	0.00825	0.00603	0.00185	0.00622	0.02845	0.00418	0.00730
35	0.01314	0.01380	0.04425	0.18157	0.41424	0.06284	0.11126	0.01691	0.03102	0.01698	0.01193	0.01513	0.03111	0.00542	0.00563	0.00172	0.00720	0.00526	0.00283	0.00778
36	0.01107	0.02164	0.48524	0.26439	0.07718	0.01270	0.01862	0.01642	0.01156	0.01650	0.00994	0.01280	0.00725	0.00533	0.00536	0.00178	0.00782	0.00441	0.00240	0.00758
37	0.01262	0.01205	0.02051	0.28824	0.52509	0.01287	0.01645	0.01604	0.01210	0.01677	0.01023	0.01406	0.00831	0.00514	0.00550	0.00171	0.00685	0.00493	0.00265	0.00789
38	0.01183	0.02048	0.43216	0.01605	0.04202	0.01152	0.16779	0.01674	0.01236	0.06707	0.03754	0.07379	0.05199	0.00677	0.00579	0.00181	0.00733	0.00615	0.00321	0.00759
39	0.01292	0.01354	0.07054	0.17662	0.58312	0.01298	0.01692	0.01649	0.01226	0.01731	0.01028	0.01378	0.00839	0.00507	0.00548	0.00169	0.00684	0.00488	0.00266	0.00824
40	0.01327	0.01095	0.01755	0.29010	0.20472	0.01184	0.06824	0.05569	0.06883	0.08662	0.01466	0.05305	0.01229	0.00690	0.00583	0.00185	0.00645	0.06010	0.00367	0.00739
41	0.01293	0.01271	0.02271	0.11499	0.51198	0.01284	0.14415	0.01664	0.02655	0.01751	0.01160	0.04880	0.00993	0.00555	0.00575	0.00174	0.00696	0.00571	0.00288	0.00807
42	0.01214	0.01643	0.21434	0.10525	0.22121	0.01237	0.21421	0.01642	0.01227	0.03203	0.01304	0.06434	0.02822	0.00605	0.00584	0.00180	0.00748	0.00601	0.00292	0.00764
43	0.01231	0.01240	0.04800	0.33748	0.44924	0.01281	0.01648	0.01587	0.01196	0.01649	0.01017	0.01406	0.00815	0.00519	0.00550	0.00173	0.00696	0.00490	0.00261	0.00770
44	0.01204	0.01137	0.01908	0.41327	0.35024	0.01260	0.02805	0.03335	0.01218	0.01643	0.01150	0.01537	0.02954	0.00553	0.00556	0.00176	0.00691	0.00515	0.00274	0.00733
45	0.01104	0.00863	0.04325	0.09988	0.07917	0.00781	0.06962	0.01328	0.01199	0.12100	0.02420	0.37380	0.06322	0.01173	0.00643	0.00202	0.00493	0.03728	0.00457	0.00616
46	0.01158	0.06600	0.43001	0.04287	0.04280	0.01157	0.05987	0.01609	0.01189	0.06280	0.04788	0.04087	0.04545	0.05825	0.02673	0.00216	0.00719	0.00557	0.00312	0.00731
47	0.01838	0.00966	0.01434	0.21697	0.07110	0.00943	0.02439	0.02102	0.01395	0.43077	0.01949	0.01932	0.06062	0.00670	0.00558	0.00172	0.00548	0.00569	0.00510	0.04029
48	0.01196	0.01158	0.01959	0.25035	0.16217	0.04000	0.19433	0.01575	0.04130	0.03624	0.03224	0.09532	0.05034	0.00705	0.00598	0.00184	0.00688	0.00686	0.00333	0.00689
49	0.01622	0.01527	0.20399	0.01315	0.03403	0.02549	0.06984	0.07499	0.08717	0.24261	0.01691	0.07675	0.01294	0.00718	0.00608	0.00179	0.03653	0.00599	0.04496	0.00811
50	0.07014	0.02941	0.01983	0.07098	0.08652	0.24160	0.20598	0.03671	0.01363	0.07568	0.01192	0.06211	0.00997	0.00628	0.00601	0.00172	0.03562	0.00551	0.00334	0.00704

[dist]
# distance from previous block
# <min> <max>
1	7

[block]
# block no. 1 follows, 43 sequences, length 10
# corresponding to MSA columns:
# 188-197
name=unknown_B
#
# <colnr> <probs for GDERKNQSTAVLIFYWHMCP>
#	G	D	E	R	K	N	Q	S	T	A	V	L	I	F	Y	W	H	M	C	P
0	0.07257	0.12451	0.16053	0.05661	0.05646	0.07440	0.04064	0.04454	0.04067	0.01750	0.04855	0.16039	0.01614	0.00821	0.00541	0.00176	0.00600	0.03263	0.02577	0.00669
1	0.37706	0.05494	0.13671	0.00981	0.01361	0.01139	0.04178	0.01616	0.04456	0.06315	0.03755	0.07388	0.01190	0.03912	0.00633	0.04169	0.00520	0.00513	0.00363	0.00638
2	0.03885	0.01234	0.01244	0.00991	0.01377	0.09626	0.00786	0.10191	0.10666	0.05065	0.04657	0.01458	0.01162	0.00577	0.00526	0.00130	0.03632	0.00439	0.03324	0.39030
3	0.05638	0.12973	0.01575	0.01048	0.01434	0.01449	0.00864	0.34755	0.07842	0.06483	0.01351	0.01576	0.01084	0.09726	0.00759	0.00195	0.00547	0.00489	0.00456	0.09757
4	0.01058	0.01002	0.01723	0.63379	0.09138	0.01190	0.05627	0.01410	0.01127	0.01465	0.01147	0.07187	0.00967	0.00630	0.00570	0.00186	0.00713	0.00580	0.00270	0.00631
5	0.01371	0.01316	0.02248	0.03399	0.77081	0.01316	0.01700	0.01700	0.01261	0.01809	0.01042	0.01371	0.00877	0.00493	0.00548	0.00164	0.00658	0.00493	0.00274	0.00877
6	0.01121	0.02441	0.07768	0.37326	0.05398	0.01171	0.10886	0.02589	0.01176	0.03895	0.01526	0.03045	0.07397	0.00815	0.03701	0.00213	0.04894	0.01802	0.02186	0.00650
7	0.00890	0.00575	0.00750	0.00785	0.00892	0.00536	0.00560	0.01021	0.01121	0.07987	0.06412	0.44884	0.06899	0.09181	0.06520	0.00289	0.00449	0.05537	0.00492	0.04217
8	0.01220	0.01140	0.01921	0.34695	0.43016	0.01242	0.01569	0.01562	0.01193	0.01658	0.01055	0.01448	0.00846	0.00526	0.00543	0.00171	0.00672	0.00494	0.04279	0.00751
9	0.01198	0.01110	0.01611	0.37884	0.12665	0.04680	0.03385	0.07502	0.03281	0.01686	0.01512	0.04277	0.05370	0.00789	0.01938	0.00199	0.04059	0.05860	0.00329	0.00666

[dist]
# distance from previous block
# <min> <max>
4	9

[block]
# block no. 2 follows, 43 sequences, length 48
# corresponding to MSA columns:
# 208-225,245-274
name=unknown_C
#
# <colnr> <probs for GDERKNQSTAVLIFYWHMCP>
#	G	D	E	R	K	N	Q	S	T	A	V	L	I	F	Y	W	H	M	C	P
0	0.03811	0.01080	0.01139	0.00973	0.03037	0.03266	0.00758	0.32671	0.01813	0.08365	0.01646	0.01736	0.02832	0.00664	0.00482	0.00152	0.00458	0.00516	0.33859	0.00742
1	0.04033	0.03652	0.01795	0.03494	0.32123	0.03895	0.02920	0.10118	0.08917	0.12170	0.01320	0.01443	0.01003	0.00558	0.00525	0.00157	0.00588	0.00484	0.00396	0.10408
2	0.00763	0.00583	0.00714	0.00740	0.00857	0.00558	0.00534	0.01037	0.07053	0.01739	0.25758	0.32910	0.18302	0.01518	0.04099	0.00229	0.00355	0.01204	0.00537	0.00510
3	0.06247	0.01254	0.04042	0.36397	0.11816	0.05898	0.02712	0.07462	0.09728	0.01798	0.01160	0.01471	0.00898	0.00743	0.04006	0.00210	0.02639	0.00493	0.00320	0.00706
4	0.00736	0.00552	0.00683	0.00684	0.00811	0.00499	0.00505	0.00938	0.01397	0.01888	0.44674	0.17945	0.22350	0.01314	0.00666	0.00188	0.00282	0.02825	0.00567	0.00496
5	0.01424	0.00744	0.00929	0.00799	0.01058	0.00684	0.00628	0.01753	0.07444	0.28569	0.28211	0.03242	0.15014	0.00958	0.00595	0.00173	0.00352	0.00811	0.05920	0.00689
6	0.00690	0.00556	0.00606	0.00606	0.00762	0.00481	0.00444	0.00846	0.01291	0.01623	0.20222	0.10025	0.53317	0.05134	0.00761	0.00204	0.00291	0.01144	0.00526	0.00472
7	0.01515	0.78135	0.02847	0.00949	0.01421	0.02144	0.00943	0.01694	0.01141	0.03909	0.00818	0.00923	0.00733	0.00481	0.00362	0.00120	0.00588	0.00305	0.00252	0.00719
8	0.00830	0.00499	0.00594	0.00669	0.00743	0.00481	0.00468	0.00997	0.01107	0.01693	0.02526	0.45859	0.02709	0.01272	0.00573	0.00185	0.00298	0.02511	0.35506	0.00479
9	0.02018	0.12582	0.01835	0.01229	0.01676	0.01783	0.01038	0.65002	0.02398	0.03186	0.01252	0.01268	0.00910	0.00638	0.00526	0.00160	0.00607	0.00470	0.00510	0.00910
10	0.00795	0.00535	0.00631	0.00647	0.00663	0.00539	0.00390	0.00831	0.00854	0.01161	0.01882	0.12732	0.02141	0.62026	0.09136	0.00519	0.00586	0.00872	0.02691	0.00368
11	0.01545	0.69920	0.02710	0.00994	0.01436	0.05770	0.00958	0.01721	0.01157	0.04931	0.00840	0.00955	0.00743	0.00510	0.00434	0.00127	0.03954	0.00319	0.00261	0.00714
12	0.01670	0.42177	0.06662	0.01179	0.01633	0.08751	0.03414	0.22063	0.01573	0.01955	0.00955	0.01067	0.00779	0.00556	0.00494	0.00144	0.03447	0.00382	0.00330	0.00772
13	0.00703	0.00504	0.00682	0.00784	0.00831	0.00488	0.00542	0.00821	0.01066	0.01437	0.06351	0.63792	0.03429	0.03847	0.09451	0.00305	0.00459	0.03562	0.00490	0.00457
14	0.00892	0.00637	0.00892	0.01020	0.01147	0.00637	0.00892	0.01147	0.01275	0.01657	0.02932	0.06247	0.03187	0.01530	0.00765	0.00255	0.00510	0.73354	0.00510	0.00510
15	0.03982	0.03893	0.01183	0.00990	0.01257	0.14626	0.02923	0.03685	0.10562	0.12084	0.11896	0.05586	0.19288	0.00941	0.00615	0.00177	0.02578	0.02589	0.00487	0.00657
16	0.02859	0.23467	0.22189	0.01065	0.01491	0.01261	0.01089	0.04979	0.01214	0.05232	0.02661	0.22136	0.03377	0.02003	0.00560	0.00175	0.00557	0.00724	0.00363	0.02597
17	0.01356	0.01232	0.02062	0.15151	0.58691	0.01254	0.01587	0.01683	0.01245	0.04956	0.01078	0.01399	0.00874	0.00507	0.00543	0.00164	0.00651	0.00488	0.00290	0.04790
18	0.01529	0.61556	0.10596	0.01060	0.01566	0.02030	0.01078	0.11969	0.01337	0.01657	0.00872	0.00980	0.00742	0.00506	0.00401	0.00131	0.00618	0.00336	0.00281	0.00754
19	0.00782	0.00586	0.00756	0.07631	0.01058	0.00563	0.00583	0.00934	0.01246	0.01637	0.26326	0.11214	0.26084	0.05101	0.00918	0.09061	0.00363	0.04207	0.00483	0.00468
20	0.17341	0.01049	0.01352	0.07863	0.14713	0.01095	0.00990	0.06571	0.07829	0.22497	0.03775	0.01922	0.01321	0.02670	0.02309	0.00202	0.00544	0.04721	0.00464	0.00772
21	0.01519	0.01293	0.02153	0.03016	0.63343	0.01283	0.03955	0.05056	0.01356	0.09886	0.01178	0.01427	0.00931	0.00520	0.00553	0.00166	0.00645	0.00506	0.00330	0.00883
22	0.01073	0.00626	0.00738	0.00733	0.00873	0.00619	0.00533	0.01396	0.09141	0.09801	0.07107	0.28524	0.02476	0.05771	0.00692	0.00199	0.00338	0.00936	0.27857	0.00567
23	0.04589	0.00871	0.01091	0.09195	0.01354	0.02279	0.00804	0.03270	0.04693	0.05139	0.24803	0.02953	0.14357	0.04773	0.00961	0.00208	0.16860	0.00767	0.00449	0.00583
24	0.01387	0.01342	0.02344	0.04926	0.62229	0.01343	0.11380	0.04951	0.01323	0.01870	0.01064	0.01388	0.00872	0.00499	0.00563	0.00168	0.00694	0.00515	0.00287	0.00857
25	0.01392	0.01500	0.03098	0.02222	0.02770	0.01434	0.67240	0.09546	0.01444	0.01956	0.01143	0.01477	0.00851	0.00488	0.00643	0.00185	0.00899	0.00637	0.00309	0.00768
26	0.00705	0.00532	0.00600	0.00638	0.00765	0.00471	0.00458	0.00851	0.01216	0.01583	0.10977	0.29202	0.40277	0.01422	0.00649	0.00193	0.00290	0.01230	0.07470	0.00471
27	0.01053	0.01028	0.01909	0.02861	0.01838	0.01032	0.32063	0.03815	0.01203	0.01635	0.01917	0.33658	0.02036	0.01065	0.00785	0.00208	0.08215	0.02682	0.00386	0.00611
28	0.01026	0.00939	0.01529	0.61196	0.03199	0.01163	0.01388	0.01351	0.01093	0.01421	0.01210	0.02049	0.01054	0.03277	0.02800	0.00226	0.06000	0.08212	0.00278	0.00592
29	0.00998	0.00563	0.00585	0.00574	0.00721	0.00553	0.00438	0.03603	0.01250	0.02034	0.06967	0.02726	0.11484	0.00802	0.00456	0.00145	0.00281	0.02944	0.62355	0.00524
30	0.00970	0.00630	0.00932	0.00900	0.01034	0.00705	0.00705	0.01170	0.00964	0.09345	0.01558	0.02145	0.01383	0.03787	0.70113	0.00814	0.01376	0.00590	0.00338	0.00542
31	0.01828	0.01141	0.01310	0.01088	0.01441	0.01207	0.00868	0.22431	0.26120	0.24644	0.02065	0.10075	0.01600	0.00812	0.00574	0.00181	0.00482	0.00671	0.00592	0.00869
32	0.00932	0.02692	0.20864	0.11345	0.01679	0.00895	0.01074	0.03575	0.04540	0.01666	0.05623	0.15995	0.22701	0.01044	0.00607	0.00190	0.00517	0.03038	0.00408	0.00616
33	0.10784	0.02474	0.01490	0.01353	0.01644	0.70159	0.01020	0.02150	0.01503	0.01475	0.00847	0.00988	0.00701	0.00565	0.00483	0.00146	0.00938	0.00351	0.00291	0.00638
34	0.01046	0.00984	0.01661	0.79205	0.03814	0.01230	0.01538	0.01415	0.01107	0.01415	0.00984	0.01477	0.00738	0.00554	0.00554	0.00185	0.00738	0.00492	0.00246	0.00615
35	0.09897	0.01022	0.01621	0.64456	0.09755	0.01239	0.01453	0.01462	0.01103	0.01562	0.00967	0.01407	0.00735	0.00544	0.00531	0.00181	0.00699	0.00472	0.00259	0.00636
36	0.10869	0.01123	0.01312	0.01042	0.01433	0.01139	0.00857	0.25501	0.02999	0.37905	0.01769	0.01841	0.01251	0.02724	0.02449	0.00200	0.00537	0.03607	0.00580	0.00861
37	0.01235	0.01227	0.12478	0.01347	0.10864	0.00969	0.04523	0.08015	0.06896	0.08434	0.06888	0.12210	0.12190	0.02775	0.00637	0.00183	0.00515	0.00762	0.00441	0.07412
38	0.01620	0.09082	0.01756	0.07249	0.03990	0.09065	0.06353	0.09627	0.05447	0.14011	0.01249	0.01417	0.00957	0.00678	0.00809	0.00177	0.18389	0.00485	0.04899	0.02740
39	0.01155	0.01008	0.01206	0.00887	0.01327	0.00840	0.00715	0.01388	0.01117	0.01755	0.00957	0.01155	0.00810	0.00469	0.00559	0.00099	0.08780	0.00345	0.00319	0.75108
40	0.05585	0.00695	0.00846	0.00831	0.00989	0.00693	0.00643	0.08894	0.01460	0.03275	0.30924	0.22826	0.05871	0.01264	0.00656	0.00199	0.00367	0.12877	0.00547	0.00556
41	0.01384	0.01569	0.02721	0.05338	0.04442	0.11713	0.52265	0.01776	0.01316	0.01706	0.01063	0.01387	0.00818	0.00479	0.00600	0.00169	0.00872	0.00568	0.00284	0.09530
42	0.00758	0.00520	0.00628	0.00672	0.00691	0.00508	0.00413	0.00807	0.00930	0.01248	0.05517	0.30645	0.02727	0.47948	0.03227	0.00417	0.00464	0.01082	0.00410	0.00387
43	0.01118	0.00893	0.01173	0.01052	0.01191	0.01073	0.00838	0.14823	0.01204	0.01698	0.01418	0.01981	0.03071	0.07034	0.42218	0.00587	0.17116	0.00580	0.00341	0.00591
44	0.00717	0.00524	0.00640	0.00687	0.00761	0.00484	0.00465	0.00837	0.01151	0.01527	0.17982	0.37012	0.17107	0.16230	0.01080	0.00266	0.00342	0.01243	0.00500	0.00446
45	0.01362	0.01155	0.01220	0.01097	0.01400	0.01329	0.00853	0.04274	0.69817	0.02329	0.04589	0.02117	0.01779	0.00758	0.00560	0.00185	0.00430	0.00632	0.03256	0.00855
46	0.29115	0.01280	0.01274	0.01041	0.01408	0.01427	0.00846	0.43077	0.01893	0.02939	0.01328	0.09529	0.01117	0.00728	0.00501	0.00174	0.00519	0.00547	0.00480	0.00777
47	0.00867	0.00718	0.00917	0.00877	0.00916	0.00831	0.00640	0.00951	0.00966	0.01322	0.04664	0.20848	0.13002	0.26109	0.01670	0.00320	0.22581	0.00952	0.00385	0.00463

[dist]
# distance from previous block
# <min> <max>
8	12

[block]
# block no. 3 follows, 43 sequences, length 7
# corresponding to MSA columns:
# 288-294
name=unknown_D
#
# <colnr> <probs for GDERKNQSTAVLIFYWHMCP>
#	G	D	E	R	K	N	Q	S	T	A	V	L	I	F	Y	W	H	M	C	P
0	0.01219	0.10879	0.03335	0.01468	0.13318	0.10544	0.01053	0.01410	0.01171	0.01498	0.04290	0.05535	0.14190	0.00923	0.00901	0.00190	0.21758	0.05349	0.00338	0.00632
1	0.15627	0.08743	0.16844	0.01605	0.12111	0.09087	0.08624	0.07597	0.03026	0.01907	0.01012	0.01279	0.00822	0.03840	0.00669	0.00185	0.05538	0.00444	0.00306	0.00733
2	0.70321	0.06668	0.01045	0.00799	0.01161	0.01357	0.00670	0.09102	0.01124	0.02505	0.00828	0.00943	0.00642	0.00527	0.00365	0.00167	0.00458	0.00320	0.00357	0.00642
3	0.00885	0.00587	0.00801	0.00803	0.00880	0.00633	0.00584	0.04357	0.00972	0.01374	0.01666	0.14548	0.01703	0.10271	0.34749	0.17382	0.00886	0.00737	0.05738	0.00443
4	0.01050	0.01300	0.17094	0.05634	0.11749	0.00969	0.11205	0.03764	0.01264	0.01783	0.12766	0.14531	0.03664	0.06014	0.00741	0.00205	0.00584	0.00781	0.04249	0.00655
5	0.01713	0.01960	0.01415	0.01287	0.01513	0.47400	0.00978	0.09258	0.01494	0.01576	0.01267	0.13668	0.01234	0.00956	0.03960	0.00199	0.08556	0.00587	0.00345	0.00632
6	0.01143	0.00651	0.00871	0.00809	0.00880	0.00677	0.00572	0.12547	0.01020	0.01363	0.01020	0.01627	0.00959	0.01724	0.01909	0.70600	0.00501	0.00484	0.00290	0.00352

[dist]
# distance from previous block
# <min> <max>
5	22

[block]
# block no. 4 follows, 43 sequences, length 117
# corresponding to MSA columns:
# 319-398,461-476,481-501
name=unknown_E
#
# <colnr> <probs for GDERKNQSTAVLIFYWHMCP>
#	G	D	E	R	K	N	Q	S	T	A	V	L	I	F	Y	W	H	M	C	P
0	0.04056	0.09707	0.20984	0.04466	0.01808	0.04860	0.01210	0.14705	0.08968	0.05673	0.01190	0.01288	0.00896	0.00572	0.00534	0.00154	0.03114	0.00429	0.00368	0.15017
1	0.01225	0.09186	0.47802	0.05233	0.16417	0.01385	0.05748	0.03585	0.01224	0.01756	0.00998	0.01217	0.00750	0.00517	0.00524	0.00169	0.00766	0.00434	0.00253	0.00811
2	0.04982	0.09036	0.03916	0.03319	0.03675	0.01484	0.01050	0.14372	0.05619	0.04260	0.01146	0.04590	0.00988	0.00767	0.00971	0.00186	0.29005	0.00504	0.02986	0.07144
3	0.00854	0.00666	0.00927	0.00892	0.00952	0.00791	0.00670	0.00993	0.00882	0.01265	0.03603	0.02465	0.01562	0.23106	0.45959	0.00687	0.12304	0.00644	0.00308	0.00471
4	0.03647	0.03073	0.01182	0.01037	0.02349	0.01066	0.02276	0.17483	0.14027	0.03833	0.07660	0.21138	0.06168	0.01053	0.00660	0.00192	0.04180	0.04624	0.03669	0.00682
5	0.01402	0.22989	0.33558	0.01638	0.11334	0.05896	0.05676	0.06182	0.01297	0.03728	0.00992	0.01158	0.00766	0.00520	0.00492	0.00157	0.00734	0.00410	0.00276	0.00794
6	0.00890	0.00618	0.00768	0.00750	0.00889	0.00589	0.00556	0.01109	0.03681	0.07418	0.29119	0.23560	0.20795	0.02523	0.00739	0.00199	0.03600	0.01118	0.00548	0.00534
7	0.00787	0.00550	0.00646	0.00661	0.00704	0.00543	0.00426	0.00846	0.00927	0.01220	0.03517	0.07538	0.11147	0.54515	0.07493	0.00477	0.00555	0.06681	0.00381	0.00385
8	0.06097	0.05433	0.16067	0.05219	0.16261	0.02418	0.06909	0.08806	0.03799	0.03144	0.01077	0.01266	0.00836	0.00510	0.00500	0.00149	0.00629	0.00434	0.00324	0.20121
9	0.01473	0.01390	0.02045	0.08260	0.52944	0.05768	0.01529	0.10991	0.03292	0.01960	0.01080	0.01362	0.00880	0.00551	0.00602	0.00169	0.04059	0.00489	0.00314	0.00842
10	0.01312	0.19238	0.47037	0.01589	0.09167	0.03480	0.01681	0.07193	0.01285	0.01782	0.00972	0.01136	0.00738	0.00523	0.00493	0.00161	0.00744	0.00398	0.00263	0.00806
11	0.01386	0.28487	0.11563	0.08750	0.28657	0.03878	0.04589	0.03632	0.01237	0.01627	0.00944	0.01185	0.00783	0.00502	0.00484	0.00152	0.00683	0.00419	0.00262	0.00780
12	0.00678	0.00518	0.00624	0.00690	0.00786	0.00463	0.00482	0.00807	0.01182	0.01523	0.11274	0.46230	0.29633	0.01558	0.00683	0.00207	0.00301	0.01375	0.00524	0.00463
13	0.00752	0.00565	0.00691	0.00663	0.00805	0.00510	0.00496	0.00974	0.01463	0.01990	0.54829	0.04473	0.24172	0.03223	0.00710	0.00188	0.00277	0.02137	0.00576	0.00503
14	0.00791	0.00593	0.00890	0.00890	0.00989	0.00692	0.00692	0.00989	0.00890	0.01286	0.01483	0.02176	0.01385	0.04154	0.78341	0.00890	0.01483	0.00593	0.00297	0.00494
15	0.00675	0.00482	0.00643	0.00771	0.00803	0.00450	0.00514	0.00771	0.01060	0.01414	0.03053	0.80175	0.03663	0.01735	0.00707	0.00225	0.00321	0.01574	0.00514	0.00450
16	0.01463	0.01232	0.01301	0.01144	0.01473	0.01418	0.00897	0.11451	0.67434	0.02455	0.02145	0.01980	0.01602	0.00741	0.00562	0.00185	0.00458	0.00611	0.00562	0.00884
17	0.05449	0.01456	0.01544	0.01197	0.01613	0.01611	0.00986	0.66828	0.02431	0.03346	0.01341	0.01365	0.00962	0.00657	0.00533	0.00164	0.00577	0.00492	0.06553	0.00897
18	0.01288	0.40203	0.41879	0.01277	0.01930	0.01720	0.01520	0.01708	0.01148	0.01538	0.00887	0.01035	0.00706	0.00501	0.00444	0.00148	0.00710	0.00355	0.00235	0.00767
19	0.02105	0.01551	0.01662	0.01274	0.01717	0.01717	0.01053	0.75235	0.02604	0.03490	0.01330	0.01330	0.00942	0.00665	0.00554	0.00166	0.00609	0.00499	0.00554	0.00942
20	0.01261	0.28874	0.20369	0.01133	0.03706	0.01407	0.01135	0.01579	0.01142	0.01610	0.00909	0.01072	0.00753	0.00475	0.00454	0.00123	0.02327	0.00345	0.00271	0.31055
21	0.01873	0.04403	0.02711	0.04781	0.04241	0.59817	0.01098	0.03697	0.03632	0.01487	0.04069	0.01206	0.00940	0.00607	0.00551	0.00151	0.03362	0.00408	0.00307	0.00660
22	0.00817	0.00698	0.03947	0.00752	0.00928	0.00598	0.00607	0.01149	0.05563	0.02089	0.57315	0.04141	0.14132	0.01138	0.00648	0.00180	0.00307	0.03869	0.00575	0.00546
23	0.00671	0.00511	0.00617	0.00697	0.00785	0.00458	0.00482	0.00786	0.01142	0.01462	0.05775	0.52614	0.28793	0.01606	0.00688	0.00211	0.00306	0.01421	0.00517	0.00458
24	0.01483	0.17046	0.23475	0.02592	0.08947	0.08592	0.05352	0.10945	0.11569	0.03098	0.01181	0.01293	0.00903	0.00564	0.00509	0.00162	0.00699	0.00448	0.00337	0.00806
25	0.01333	0.10250	0.37918	0.03983	0.08279	0.03524	0.03108	0.09407	0.11005	0.01950	0.01193	0.01326	0.00894	0.00565	0.00517	0.00168	0.00701	0.00451	0.02616	0.00811
26	0.00686	0.00489	0.00637	0.00750	0.00784	0.00458	0.00496	0.00775	0.01044	0.01386	0.03013	0.71275	0.05669	0.08623	0.00890	0.00251	0.00339	0.01495	0.00498	0.00440
27	0.01391	0.32361	0.29939	0.01471	0.05621	0.04472	0.08547	0.07108	0.01290	0.01699	0.00942	0.01109	0.00745	0.00511	0.00475	0.00152	0.00727	0.00398	0.00267	0.00776
28	0.01315	0.12700	0.32918	0.01411	0.04252	0.02685	0.07290	0.01775	0.04177	0.07673	0.01141	0.01314	0.00869	0.00699	0.03815	0.00191	0.04350	0.00441	0.02065	0.08920
29	0.13435	0.32744	0.10192	0.01216	0.04756	0.07361	0.03159	0.09838	0.09164	0.01903	0.01038	0.01137	0.00833	0.00543	0.00442	0.00150	0.00621	0.00388	0.00327	0.00752
30	0.01273	0.01241	0.04938	0.02448	0.47177	0.03365	0.01361	0.01619	0.04623	0.01742	0.01211	0.01619	0.01041	0.05570	0.04527	0.00225	0.05970	0.00518	0.08771	0.00762
31	0.01537	0.00784	0.01017	0.00861	0.01131	0.00728	0.00684	0.04738	0.04784	0.32142	0.35384	0.03069	0.05335	0.01012	0.02579	0.00194	0.00403	0.02276	0.00623	0.00719
32	0.00791	0.00593	0.00890	0.00890	0.00989	0.00692	0.00692	0.00989	0.00890	0.01286	0.01483	0.02176	0.01385	0.04154	0.78341	0.00890	0.01483	0.00593	0.00297	0.00494
33	0.00728	0.00564	0.00663	0.00638	0.00793	0.00499	0.00479	0.00937	0.01436	0.01907	0.46001	0.04653	0.36210	0.01249	0.00654	0.00180	0.00270	0.01074	0.00568	0.00499
34	0.00655	0.00561	0.00561	0.00561	0.00748	0.00468	0.00421	0.00795	0.01262	0.01496	0.05610	0.05330	0.76857	0.01403	0.00655	0.00187	0.00281	0.01169	0.00514	0.00468
35	0.84448	0.01071	0.00814	0.00728	0.01071	0.01242	0.00600	0.01628	0.00943	0.02485	0.00771	0.00900	0.00600	0.00514	0.00343	0.00171	0.00428	0.00300	0.00343	0.00600
36	0.77617	0.01060	0.00853	0.00750	0.01100	0.01207	0.00618	0.01717	0.00996	0.08734	0.00889	0.00982	0.00664	0.00528	0.00361	0.00171	0.00432	0.00321	0.00371	0.00628
37	0.00683	0.00492	0.00650	0.00773	0.00815	0.00458	0.00526	0.00788	0.01077	0.01427	0.03150	0.74117	0.06564	0.01713	0.00707	0.00225	0.00328	0.04541	0.00514	0.00453
38	0.00784	0.00566	0.00740	0.00697	0.00827	0.00523	0.00523	0.01045	0.01568	0.02221	0.76789	0.04137	0.05226	0.01132	0.00653	0.00174	0.00261	0.01002	0.00610	0.00523
39	0.01481	0.80869	0.02902	0.00948	0.01421	0.02191	0.00948	0.01658	0.01125	0.01303	0.00770	0.00888	0.00711	0.00474	0.00355	0.00118	0.00592	0.00296	0.00237	0.00711
40	0.01212	0.01212	0.01696	0.01454	0.01454	0.01696	0.01212	0.01333	0.00848	0.01333	0.00727	0.01212	0.00727	0.00969	0.01818	0.00242	0.79523	0.00485	0.00242	0.00606
41	0.02069	0.02640	0.01569	0.01427	0.01712	0.78313	0.01070	0.02212	0.01569	0.01355	0.00856	0.00999	0.00713	0.00571	0.00499	0.00143	0.00999	0.00357	0.00285	0.00642
42	0.03491	0.01254	0.01816	0.07945	0.01860	0.01515	0.12007	0.15726	0.03294	0.03980	0.01057	0.01426	0.00881	0.03398	0.01200	0.00217	0.35888	0.00525	0.01823	0.00698
43	0.01153	0.01143	0.01751	0.01462	0.01544	0.01482	0.10740	0.01319	0.00918	0.01379	0.00975	0.04724	0.00968	0.04589	0.07311	0.00295	0.56809	0.00574	0.00267	0.00598
44	0.01371	0.01316	0.02248	0.03399	0.77081	0.01316	0.01700	0.01700	0.01261	0.01809	0.01042	0.01371	0.00877	0.00493	0.00548	0.00164	0.00658	0.00493	0.00274	0.00877
45	0.76070	0.01196	0.00894	0.00795	0.01136	0.06661	0.00647	0.03995	0.01039	0.02437	0.00795	0.00920	0.00619	0.00523	0.00360	0.00169	0.00474	0.00310	0.00345	0.00614
46	0.00717	0.00563	0.00704	0.00766	0.00851	0.00550	0.00554	0.00840	0.01116	0.01444	0.03646	0.45945	0.25970	0.01642	0.02962	0.00235	0.05289	0.05245	0.00491	0.00470
47	0.01163	0.00754	0.00776	0.00729	0.00923	0.00818	0.00558	0.03038	0.25712	0.02171	0.01945	0.02053	0.01500	0.00680	0.00448	0.00149	0.00323	0.00552	0.55068	0.00641
48	0.00953	0.00829	0.01167	0.01081	0.01123	0.01064	0.00852	0.01091	0.00881	0.01296	0.01348	0.09235	0.01392	0.10135	0.32451	0.00529	0.33092	0.00662	0.00299	0.00520
49	0.04012	0.07005	0.12017	0.06912	0.37843	0.05010	0.08686	0.06844	0.01341	0.03628	0.01051	0.01307	0.00831	0.00518	0.00535	0.00166	0.00707	0.00474	0.00297	0.00817
50	0.00954	0.00904	0.03423	0.24432	0.13666	0.00910	0.06502	0.01219	0.01162	0.01557	0.05903	0.29417	0.05639	0.01023	0.00623	0.00195	0.00549	0.00941	0.00378	0.00601
51	0.02485	0.00943	0.01285	0.00985	0.01414	0.00814	0.00814	0.02699	0.01585	0.77465	0.02185	0.01885	0.01371	0.00685	0.00557	0.00171	0.00471	0.00557	0.00685	0.00943
52	0.01155	0.01285	0.12381	0.01415	0.10040	0.03080	0.08614	0.08124	0.10115	0.02051	0.21632	0.08911	0.07085	0.00871	0.00604	0.00180	0.00533	0.00776	0.00451	0.00700
53	0.01279	0.10167	0.46748	0.01874	0.16144	0.02601	0.05627	0.06018	0.01279	0.01815	0.01005	0.01203	0.00757	0.00521	0.00521	0.00167	0.00763	0.00431	0.00263	0.00819
54	0.03649	0.01163	0.05953	0.04019	0.11777	0.03319	0.11093	0.01712	0.01242	0.19528	0.01690	0.15341	0.01516	0.00949	0.02939	0.00213	0.09789	0.02971	0.00417	0.00721
55	0.69389	0.02713	0.02471	0.00875	0.03054	0.08335	0.00700	0.01678	0.01022	0.02317	0.00818	0.00957	0.00643	0.00522	0.00367	0.00167	0.00493	0.00318	0.02549	0.00615
56	0.00677	0.00551	0.00594	0.00605	0.00760	0.00474	0.00442	0.00822	0.01260	0.01560	0.13628	0.14720	0.56832	0.03683	0.00723	0.00200	0.00291	0.01190	0.00520	0.00468
57	0.07281	0.08912	0.05554	0.17006	0.08522	0.09914	0.01194	0.16970	0.06305	0.07883	0.01175	0.01332	0.00885	0.00603	0.00569	0.00169	0.04126	0.00456	0.00375	0.00768
58	0.01235	0.01209	0.01634	0.01408	0.01452	0.01652	0.01165	0.01559	0.11422	0.01471	0.00942	0.01332	0.00862	0.00939	0.01641	0.00235	0.68408	0.00505	0.00287	0.00644
59	0.28900	0.00984	0.01133	0.00903	0.01303	0.00952	0.00745	0.02354	0.01378	0.53300	0.01729	0.01567	0.01122	0.00630	0.00488	0.00171	0.00457	0.00474	0.00575	0.00832
60	0.01202	0.01276	0.02552	0.33550	0.06206	0.01333	0.41202	0.01619	0.01217	0.01623	0.01056	0.01478	0.00799	0.00511	0.00626	0.00186	0.02023	0.00579	0.00266	0.00697
61	0.00677	0.00483	0.00642	0.00768	0.00799	0.00452	0.00511	0.00772	0.01055	0.01407	0.03026	0.78632	0.03630	0.03324	0.00749	0.00231	0.00326	0.01559	0.00511	0.00448
62	0.01185	0.00983	0.01152	0.00825	0.01315	0.00740	0.00661	0.01431	0.01160	0.03892	0.01017	0.01169	0.00835	0.00418	0.00414	0.00084	0.00412	0.00334	0.00338	0.81633
63	0.00669	0.00506	0.00618	0.00708	0.00787	0.00455	0.00486	0.00778	0.01121	0.01438	0.03820	0.57722	0.25620	0.01635	0.00691	0.00214	0.00309	0.01453	0.00514	0.00455
64	0.29402	0.18066	0.03667	0.01055	0.01469	0.06942	0.03835	0.19666	0.01493	0.06959	0.01035	0.01118	0.00786	0.00557	0.00439	0.00157	0.00577	0.00388	0.01647	0.00741
65	0.01397	0.06230	0.37679	0.01805	0.16450	0.14149	0.01617	0.07471	0.01366	0.01800	0.01188	0.01352	0.03939	0.00572	0.00525	0.00165	0.00768	0.00450	0.00287	0.00790
66	0.00907	0.00731	0.00914	0.00867	0.00907	0.02918	0.00624	0.00995	0.00861	0.01195	0.01458	0.02667	0.01551	0.40060	0.26554	0.00586	0.14788	0.00669	0.00305	0.00442
67	0.00743	0.00540	0.00682	0.00703	0.00797	0.00500	0.00499	0.00916	0.01299	0.01773	0.37822	0.26401	0.12098	0.09684	0.00899	0.00231	0.00316	0.03080	0.00540	0.00476
68	0.01374	0.14513	0.07918	0.02184	0.28620	0.07209	0.17291	0.03234	0.01295	0.01714	0.05722	0.01458	0.01092	0.00583	0.00594	0.02926	0.00713	0.00511	0.00293	0.00758
69	0.00842	0.00605	0.00823	0.00937	0.01049	0.00595	0.00784	0.01055	0.01223	0.01587	0.03068	0.17059	0.07801	0.04855	0.00835	0.00258	0.00469	0.55162	0.00504	0.00491
70	0.01666	0.01783	0.03482	0.02520	0.43377	0.27622	0.03545	0.01935	0.01385	0.05974	0.01045	0.01272	0.00845	0.00531	0.00535	0.00158	0.00775	0.00453	0.00301	0.00796
71	0.01785	0.01331	0.01466	0.01201	0.01562	0.01501	0.00971	0.35007	0.32278	0.09167	0.01740	0.01669	0.01269	0.00721	0.00638	0.00180	0.05515	0.00555	0.00549	0.00894
72	0.01046	0.00984	0.01661	0.79205	0.03814	0.01230	0.01538	0.01415	0.01107	0.01415	0.00984	0.01477	0.00738	0.00554	0.00554	0.00185	0.00738	0.00492	0.00246	0.00615
73	0.01526	0.01313	0.02029	0.04803	0.57492	0.03716	0.01509	0.04821	0.06017	0.09498	0.01237	0.01455	0.00972	0.00540	0.00549	0.00167	0.00636	0.00504	0.00344	0.00872
74	0.00807	0.00598	0.00756	0.00711	0.00854	0.00564	0.00535	0.01129	0.05435	0.02181	0.68464	0.04103	0.09507	0.01129	0.00649	0.00176	0.00272	0.00992	0.00601	0.00538
75	0.00679	0.00484	0.00641	0.00766	0.00797	0.00452	0.00509	0.00772	0.01053	0.01404	0.03013	0.77864	0.03613	0.04113	0.00771	0.00234	0.00328	0.01551	0.00509	0.00446
76	0.01734	0.01148	0.01291	0.01099	0.01453	0.01248	0.00872	0.08105	0.50350	0.22997	0.02168	0.01963	0.01549	0.00727	0.00561	0.00182	0.00460	0.00598	0.00596	0.00899
77	0.00771	0.00626	0.00691	0.00664	0.00844	0.00578	0.00501	0.01095	0.08895	0.01822	0.29179	0.04601	0.45233	0.01246	0.00645	0.00183	0.00290	0.01058	0.00551	0.00527
78	0.01729	0.30699	0.01966	0.01183	0.01512	0.42984	0.00967	0.01878	0.01336	0.01317	0.00903	0.01161	0.00816	0.05303	0.03925	0.00189	0.00846	0.00371	0.00271	0.00643
79	0.01231	0.01270	0.02022	0.01636	0.01753	0.01635	0.16517	0.01424	0.00943	0.01424	0.00809	0.01270	0.00750	0.00865	0.01576	0.00231	0.63237	0.00520	0.00250	0.00635
80	0.00804	0.00562	0.00722	0.00682	0.00813	0.00522	0.00512	0.01065	0.01535	0.02208	0.70682	0.03968	0.04916	0.01093	0.00632	0.00171	0.00261	0.00962	0.07370	0.00522
81	0.00805	0.00539	0.00616	0.00616	0.00620	0.00543	0.00350	0.00813	0.00809	0.01083	0.01734	0.03564	0.01987	0.77344	0.05975	0.00552	0.00576	0.00797	0.00334	0.00342
82	0.01150	0.07640	0.64542	0.01532	0.02271	0.03420	0.04920	0.01720	0.01179	0.01701	0.01067	0.04462	0.00832	0.00572	0.00527	0.00173	0.00793	0.00460	0.00249	0.00788
83	0.00659	0.00558	0.00569	0.00574	0.00753	0.00468	0.00428	0.00801	0.01262	0.01512	0.07448	0.08512	0.71753	0.01410	0.00657	0.00188	0.00282	0.01182	0.00517	0.00468
84	0.00709	0.00532	0.00654	0.00720	0.00815	0.00485	0.00517	0.00848	0.01189	0.01545	0.12721	0.39657	0.24271	0.04842	0.00779	0.00224	0.00329	0.08180	0.00518	0.00465
85	0.00756	0.00568	0.00746	0.00819	0.00879	0.00572	0.00579	0.00947	0.04355	0.01578	0.14007	0.58942	0.03646	0.01556	0.00752	0.00218	0.04454	0.03622	0.00516	0.00489
86	0.06891	0.01435	0.08865	0.24601	0.16800	0.10946	0.01335	0.01839	0.02742	0.13300	0.01190	0.01411	0.00883	0.00577	0.00560	0.00172	0.02782	0.00468	0.02464	0.00740
87	0.00790	0.00585	0.00799	0.04003	0.00975	0.00594	0.00593	0.01009	0.01278	0.01794	0.42580	0.06670	0.05653	0.08063	0.21716	0.00398	0.00634	0.00884	0.00483	0.00500
88	0.04726	0.00945	0.01128	0.00986	0.01237	0.00999	0.03042	0.15891	0.13249	0.12095	0.04216	0.22352	0.01989	0.00970	0.00612	0.00184	0.02904	0.00822	0.10947	0.00707
89	0.01230	0.02420	0.54604	0.03250	0.02229	0.06554	0.05815	0.01748	0.01204	0.04937	0.01153	0.03830	0.00911	0.00625	0.00614	0.00181	0.04901	0.02747	0.00277	0.00771
90	0.55720	0.01140	0.01178	0.03767	0.15573	0.01283	0.00877	0.03873	0.08323	0.02336	0.00988	0.01132	0.00772	0.00539	0.00416	0.00172	0.00488	0.00380	0.00354	0.00689
91	0.04172	0.03432	0.03434	0.21419	0.32251	0.05845	0.06561	0.01541	0.01217	0.01658	0.03205	0.08833	0.02741	0.00662	0.00561	0.00175	0.00662	0.00609	0.00305	0.00716
92	0.01573	0.28436	0.08473	0.01125	0.01583	0.03206	0.01033	0.20894	0.18079	0.02169	0.01279	0.01309	0.00994	0.00586	0.00474	0.00149	0.00576	0.00435	0.00398	0.07228
93	0.00952	0.00485	0.00714	0.00714	0.00714	0.00485	0.00472	0.00727	0.00727	0.00969	0.01011	0.01806	0.01028	0.06892	0.02206	0.78619	0.00485	0.00502	0.00247	0.00247
94	0.01276	0.01336	0.04374	0.07185	0.31754	0.01290	0.27530	0.01776	0.08791	0.01800	0.01425	0.03495	0.04174	0.00582	0.00595	0.00179	0.00719	0.00615	0.00318	0.00786
95	0.01252	0.16725	0.52190	0.01517	0.04234	0.01445	0.05738	0.01819	0.04403	0.04199	0.01055	0.01204	0.00780	0.00527	0.00505	0.00166	0.00752	0.00419	0.00267	0.00803
96	0.02323	0.00982	0.01286	0.01001	0.01412	0.00896	0.00822	0.07360	0.06294	0.64973	0.05110	0.01950	0.01517	0.00706	0.00561	0.00172	0.00470	0.00575	0.00666	0.00922
97	0.00748	0.00532	0.00601	0.00625	0.00673	0.00505	0.00387	0.00797	0.00954	0.01231	0.02850	0.18038	0.19073	0.48374	0.01947	0.00401	0.00440	0.01028	0.00408	0.00386
98	0.00786	0.00699	0.05595	0.00831	0.00941	0.00580	0.02573	0.00928	0.01038	0.01397	0.02586	0.36840	0.07045	0.22301	0.03696	0.00322	0.00478	0.08523	0.02381	0.00461
99	0.01386	0.01651	0.18177	0.06564	0.10240	0.03044	0.15119	0.09568	0.19961	0.03820	0.01458	0.01690	0.01117	0.00621	0.00574	0.00181	0.00688	0.02943	0.00383	0.00815
100	0.00952	0.00706	0.00836	0.00773	0.00962	0.00698	0.00589	0.01454	0.16517	0.05245	0.46719	0.03827	0.16395	0.01082	0.00631	0.00179	0.00309	0.00936	0.00587	0.00602
101	0.00673	0.00509	0.00623	0.00707	0.00788	0.00458	0.00487	0.00790	0.01140	0.01472	0.06880	0.55170	0.25074	0.01613	0.00689	0.00212	0.00307	0.01432	0.00518	0.00458
102	0.01148	0.00984	0.01148	0.00820	0.01312	0.00738	0.00656	0.01395	0.01148	0.01805	0.00984	0.01148	0.00820	0.00410	0.00410	0.00082	0.00410	0.00328	0.00328	0.83922
103	0.01387	0.01358	0.10762	0.01838	0.12311	0.01112	0.26985	0.01788	0.03196	0.13289	0.01569	0.06429	0.01326	0.00693	0.00606	0.00182	0.00689	0.07926	0.00382	0.06172
104	0.01046	0.00984	0.01661	0.79205	0.03814	0.01230	0.01538	0.01415	0.01107	0.01415	0.00984	0.01477	0.00738	0.00554	0.00554	0.00185	0.00738	0.00492	0.00246	0.00615
105	0.01325	0.01268	0.02141	0.03220	0.72258	0.01262	0.01619	0.01643	0.01261	0.01790	0.01330	0.01621	0.05679	0.00551	0.00555	0.00166	0.00634	0.00536	0.00289	0.00851
106	0.64525	0.01304	0.03439	0.00848	0.01181	0.11649	0.00702	0.01651	0.01050	0.02233	0.01034	0.04225	0.03150	0.00599	0.00394	0.00170	0.00510	0.00390	0.00344	0.00603
107	0.02174	0.00909	0.01244	0.01030	0.03840	0.00793	0.00810	0.02399	0.01546	0.62006	0.09711	0.02199	0.01780	0.00739	0.00567	0.00170	0.00455	0.02788	0.00645	0.04195
108	0.01090	0.01128	0.06428	0.05772	0.14657	0.01035	0.16314	0.03539	0.03682	0.01874	0.21722	0.02617	0.09881	0.03321	0.00739	0.00192	0.04199	0.00740	0.00403	0.00669
109	0.03364	0.01061	0.07066	0.00911	0.01326	0.00805	0.00778	0.03984	0.03626	0.12000	0.04977	0.12827	0.01524	0.00702	0.00501	0.00135	0.00439	0.00590	0.00424	0.42961
110	0.01301	0.01026	0.01475	0.01926	0.33061	0.03403	0.01095	0.01653	0.06829	0.10247	0.10759	0.11148	0.05629	0.00841	0.00585	0.00177	0.00505	0.03342	0.04261	0.00737
111	0.11899	0.16679	0.07826	0.01325	0.03559	0.08125	0.15897	0.03177	0.06073	0.01796	0.06814	0.05279	0.06703	0.00690	0.00543	0.00168	0.01830	0.00586	0.00350	0.00682
112	0.03068	0.16544	0.12187	0.03609	0.12103	0.05157	0.07289	0.07536	0.09446	0.03649	0.05716	0.01583	0.03308	0.00610	0.00535	0.00160	0.01822	0.00504	0.00355	0.04821
113	0.04740	0.15098	0.16361	0.01164	0.01638	0.03243	0.04035	0.11052	0.07460	0.15879	0.04611	0.05460	0.01284	0.00661	0.00515	0.00162	0.00584	0.00530	0.00426	0.05098
114	0.12328	0.15562	0.10344	0.01200	0.04744	0.10343	0.04396	0.10060	0.05071	0.03973	0.03686	0.03525	0.03396	0.02400	0.00534	0.00167	0.00601	0.00496	0.06466	0.00708
115	0.07244	0.07070	0.14701	0.01354	0.06142	0.17020	0.03367	0.10765	0.08236	0.05684	0.03664	0.01483	0.03532	0.00611	0.00510	0.00158	0.00665	0.00471	0.00374	0.06948
116	0.02685	0.06781	0.12916	0.02579	0.08186	0.06064	0.08321	0.11296	0.09576	0.04294	0.04815	0.05556	0.01293	0.00663	0.00566	0.00165	0.02589	0.00557	0.04418	0.06680

[dist]
# distance from previous block
# <min> <max>
0	155

# created by:
# /home/cegg/simao/soft/augustus-3.2.1/scripts/msa2prfl.pl ./align_prep/EOG091G0I2X.fa
