[name]
unknown

[dist]
# distance from previous block
# <min> <max>
0	177

[block]
# block no. 0 follows, 58 sequences, length 49
# corresponding to MSA columns:
# 198-246
name=unknown_A
#
# <colnr> <probs for GDERKNQSTAVLIFYWHMCP>
#	G	D	E	R	K	N	Q	S	T	A	V	L	I	F	Y	W	H	M	C	P
0	0.00681	0.00540	0.00683	0.00681	0.00783	0.00549	0.01785	0.01972	0.04624	0.01318	0.13067	0.16685	0.23015	0.08459	0.00775	0.00194	0.06556	0.16827	0.00395	0.00411
1	0.00849	0.00790	0.01325	0.74425	0.06566	0.00968	0.01216	0.01140	0.00909	0.01170	0.00894	0.01426	0.00723	0.00493	0.00458	0.00152	0.00582	0.05200	0.00213	0.00501
2	0.01058	0.01107	0.06708	0.06029	0.65619	0.01032	0.05130	0.01344	0.01022	0.01459	0.04550	0.01209	0.00856	0.00425	0.00450	0.00135	0.00538	0.00420	0.00231	0.00678
3	0.00570	0.00453	0.00512	0.00501	0.00631	0.00395	0.00374	0.00721	0.01112	0.01437	0.34712	0.06266	0.48621	0.01055	0.00529	0.00148	0.00221	0.00900	0.00446	0.00395
4	0.01148	0.00779	0.01010	0.00784	0.01089	0.00685	0.05020	0.07418	0.01076	0.18080	0.01396	0.10433	0.04772	0.03894	0.00528	0.00127	0.03235	0.00490	0.00358	0.37678
5	0.00605	0.00456	0.00560	0.00534	0.00651	0.00410	0.00400	0.00791	0.01201	0.01639	0.60962	0.03596	0.24608	0.00972	0.00528	0.00143	0.00215	0.00845	0.00472	0.00410
6	0.00920	0.00787	0.00919	0.00662	0.01052	0.00592	0.00528	0.01116	0.00926	0.01451	0.00828	0.02572	0.00708	0.00352	0.00336	0.00069	0.00330	0.00285	0.00268	0.85298
7	0.02536	0.00870	0.01144	0.06961	0.08876	0.00822	0.00765	0.14135	0.01283	0.37171	0.03404	0.01312	0.00967	0.00493	0.00426	0.00124	0.00414	0.00405	0.00419	0.17474
8	0.01162	0.01193	0.01333	0.01146	0.01227	0.14850	0.00936	0.08028	0.04766	0.01267	0.00706	0.00992	0.00638	0.00700	0.01154	0.00175	0.58583	0.00381	0.00236	0.00528
9	0.00831	0.00776	0.01304	0.79394	0.02969	0.00965	0.01204	0.01119	0.00893	0.01143	0.00872	0.05013	0.00705	0.00491	0.00453	0.00151	0.00581	0.00438	0.00209	0.00491
10	0.00713	0.00589	0.00947	0.15220	0.05143	0.00674	0.03852	0.00908	0.00793	0.01112	0.03245	0.02937	0.01108	0.03552	0.56509	0.00541	0.00993	0.00486	0.00241	0.00438
11	0.05686	0.01011	0.01085	0.05571	0.01306	0.01161	0.00758	0.19397	0.54689	0.02046	0.01536	0.01462	0.01143	0.00573	0.00444	0.00147	0.00398	0.00463	0.00430	0.00696
12	0.01113	0.00846	0.00986	0.00717	0.01106	0.00694	0.00579	0.10433	0.01096	0.08681	0.00913	0.00997	0.00713	0.00375	0.00355	0.00081	0.00354	0.00297	0.00312	0.69354
13	0.00545	0.00389	0.00519	0.00623	0.00649	0.00363	0.00415	0.00623	0.00856	0.01142	0.02465	0.83987	0.02959	0.01401	0.00571	0.00182	0.00260	0.01272	0.00415	0.00363
14	0.01092	0.01059	0.01840	0.06409	0.73398	0.01064	0.05802	0.01366	0.01015	0.01445	0.00843	0.01117	0.00702	0.00400	0.00448	0.00135	0.00547	0.00406	0.00221	0.00693
15	0.00933	0.11297	0.71909	0.01244	0.03175	0.01119	0.01551	0.01407	0.00942	0.01378	0.00784	0.00922	0.00570	0.00420	0.00410	0.00136	0.00639	0.00322	0.00190	0.00652
16	0.01600	0.01970	0.01333	0.01177	0.01406	0.69476	0.04004	0.05724	0.01262	0.01195	0.00712	0.00848	0.00590	0.00484	0.00484	0.00123	0.06530	0.00311	0.00239	0.00532
17	0.00777	0.00389	0.00583	0.00583	0.00583	0.00389	0.00389	0.00583	0.00583	0.00777	0.00777	0.01360	0.00777	0.01554	0.01748	0.86985	0.00389	0.00389	0.00194	0.00194
18	0.00755	0.00599	0.05270	0.00771	0.00902	0.00513	0.00662	0.00960	0.02104	0.05867	0.10587	0.24097	0.02632	0.01151	0.00574	0.00185	0.00364	0.41151	0.00417	0.00439
19	0.01106	0.01076	0.01767	0.08226	0.73750	0.03449	0.01349	0.01369	0.01017	0.01429	0.00834	0.01104	0.00697	0.00404	0.00442	0.00133	0.00544	0.00395	0.00220	0.00688
20	0.00529	0.00452	0.00455	0.00457	0.00605	0.00377	0.00341	0.00642	0.01016	0.01207	0.04488	0.05992	0.79649	0.01139	0.00530	0.00152	0.00227	0.00951	0.00415	0.00377
21	0.00643	0.00437	0.00498	0.00498	0.00510	0.00437	0.00290	0.00658	0.00675	0.00895	0.01575	0.02945	0.06103	0.75438	0.06285	0.00432	0.00461	0.00658	0.00278	0.00284
22	0.02157	0.01101	0.04112	0.01006	0.03986	0.05725	0.00783	0.07833	0.63907	0.01866	0.01618	0.01520	0.01215	0.00577	0.00448	0.00147	0.00407	0.00473	0.00422	0.00697
23	0.00928	0.00795	0.00928	0.00663	0.01060	0.00596	0.00530	0.01126	0.00928	0.01458	0.00795	0.00928	0.00663	0.00331	0.00331	0.00066	0.00331	0.00265	0.00265	0.87014
24	0.00566	0.00451	0.00508	0.00501	0.00629	0.00392	0.00373	0.00712	0.01097	0.01410	0.31299	0.08441	0.49897	0.01071	0.00531	0.00149	0.00223	0.00915	0.00442	0.00392
25	0.00679	0.00506	0.00638	0.00596	0.00716	0.00488	0.00450	0.00991	0.08888	0.01801	0.73629	0.03181	0.03947	0.00885	0.00521	0.00142	0.00225	0.00780	0.00489	0.00450
26	0.00961	0.05517	0.71236	0.01303	0.04860	0.05671	0.01562	0.01433	0.00964	0.01386	0.00791	0.00934	0.00573	0.00424	0.00419	0.00138	0.00657	0.00327	0.00193	0.00651
27	0.01031	0.01084	0.01561	0.06380	0.04761	0.08275	0.14466	0.01201	0.00827	0.01157	0.00705	0.01061	0.00635	0.00782	0.05296	0.00203	0.49441	0.00411	0.00207	0.00516
28	0.00572	0.00398	0.00524	0.00621	0.00656	0.00375	0.00426	0.00665	0.00871	0.01185	0.02398	0.74558	0.02826	0.01338	0.00558	0.00178	0.00265	0.05490	0.05726	0.00369
29	0.05067	0.01043	0.02475	0.07947	0.20068	0.05295	0.17222	0.05102	0.01010	0.05914	0.01011	0.09261	0.00900	0.00583	0.00642	0.00153	0.14955	0.00499	0.00268	0.00583
30	0.00545	0.00389	0.00519	0.00623	0.00649	0.00363	0.00415	0.00623	0.00856	0.01142	0.02465	0.83987	0.02959	0.01401	0.00571	0.00182	0.00260	0.01272	0.00415	0.00363
31	0.01022	0.05880	0.05141	0.01682	0.02095	0.01103	0.63471	0.01370	0.01036	0.01397	0.01034	0.01568	0.00866	0.00474	0.00532	0.00154	0.01709	0.08643	0.00242	0.00582
32	0.00566	0.00455	0.00504	0.00492	0.00627	0.00393	0.00369	0.00713	0.01107	0.01415	0.31613	0.03965	0.54097	0.01056	0.00528	0.00147	0.00221	0.00896	0.00443	0.00393
33	0.00854	0.00804	0.01358	0.80431	0.05784	0.00996	0.01247	0.01151	0.00899	0.01154	0.00797	0.01190	0.00600	0.00446	0.00447	0.00149	0.00594	0.00398	0.00200	0.00504
34	0.00648	0.00444	0.00540	0.00540	0.00558	0.00462	0.00336	0.00684	0.00666	0.00906	0.01361	0.02662	0.01511	0.65901	0.20497	0.00498	0.00607	0.00612	0.00264	0.00300
35	0.01613	0.02038	0.01230	0.01119	0.01343	0.77876	0.00839	0.01733	0.01268	0.01134	0.05215	0.00949	0.00781	0.00486	0.00410	0.00117	0.00773	0.00317	0.00245	0.00513
36	0.00622	0.00465	0.00591	0.00637	0.00719	0.00438	0.00454	0.00805	0.05634	0.01314	0.14188	0.54716	0.06195	0.01201	0.00545	0.00167	0.00269	0.05358	0.00421	0.05261
37	0.01094	0.01049	0.01792	0.06779	0.77558	0.01059	0.01366	0.01361	0.01012	0.01445	0.00839	0.01111	0.00703	0.00401	0.00443	0.00134	0.00535	0.00399	0.00220	0.00698
38	0.01333	0.01127	0.01207	0.01172	0.10679	0.08260	0.00833	0.18660	0.41716	0.06362	0.01421	0.01379	0.01061	0.00555	0.00467	0.00143	0.02070	0.00447	0.00407	0.00701
39	0.00907	0.00829	0.01351	0.64859	0.12340	0.00990	0.01185	0.04950	0.00954	0.01247	0.00849	0.01274	0.00676	0.05153	0.00549	0.00162	0.00574	0.00412	0.00218	0.00523
40	0.01319	0.01515	0.01414	0.01253	0.05279	0.40936	0.13953	0.01600	0.08562	0.01276	0.00916	0.01098	0.00747	0.00663	0.05551	0.00168	0.06688	0.00382	0.06138	0.00543
41	0.00625	0.00457	0.00587	0.00554	0.00663	0.00419	0.00416	0.00828	0.01247	0.01748	0.75301	0.03416	0.10201	0.00931	0.00528	0.00141	0.00212	0.00819	0.00486	0.00419
42	0.00897	0.02314	0.81962	0.01275	0.01936	0.01039	0.01653	0.01417	0.00944	0.01417	0.00803	0.00944	0.00567	0.00425	0.00425	0.00142	0.00661	0.00331	0.00189	0.00661
43	0.00548	0.00442	0.00490	0.00520	0.00637	0.00384	0.00384	0.00662	0.00990	0.01221	0.06507	0.23137	0.55352	0.01195	0.00544	0.00161	0.00245	0.05785	0.00418	0.00378
44	0.00932	0.00888	0.01515	0.56049	0.28249	0.01018	0.02557	0.01221	0.00937	0.01250	0.00812	0.01165	0.00634	0.00430	0.00447	0.00144	0.00578	0.00400	0.00206	0.00567
45	0.01203	0.00957	0.01023	0.00878	0.01138	0.06553	0.02765	0.07720	0.41066	0.10901	0.07819	0.04981	0.04445	0.00637	0.00458	0.00141	0.00388	0.00533	0.00432	0.05962
46	0.18651	0.00768	0.00770	0.00653	0.00883	0.00825	0.00523	0.20479	0.05056	0.06698	0.01214	0.01305	0.00914	0.00505	0.00354	0.00122	0.00326	0.00380	0.36731	0.02845
47	0.01109	0.09731	0.08032	0.06471	0.23860	0.03196	0.04420	0.05526	0.01067	0.05986	0.05409	0.01160	0.00884	0.00432	0.00407	0.00116	0.00482	0.00374	0.00271	0.21067
48	0.01101	0.09788	0.51169	0.01304	0.06260	0.01077	0.08856	0.02653	0.01014	0.11302	0.00920	0.01030	0.00655	0.00432	0.00426	0.00137	0.00608	0.00360	0.00243	0.00664

[dist]
# distance from previous block
# <min> <max>
0	3

[block]
# block no. 1 follows, 58 sequences, length 47
# corresponding to MSA columns:
# 250-296
name=unknown_B
#
# <colnr> <probs for GDERKNQSTAVLIFYWHMCP>
#	G	D	E	R	K	N	Q	S	T	A	V	L	I	F	Y	W	H	M	C	P
0	0.01144	0.00977	0.01029	0.00917	0.01175	0.01127	0.00716	0.06569	0.76437	0.01922	0.01780	0.01637	0.01333	0.00603	0.00455	0.00151	0.00361	0.00500	0.00455	0.00711
1	0.01038	0.04550	0.12382	0.03098	0.23981	0.01009	0.12133	0.03495	0.13218	0.01516	0.01033	0.03654	0.00840	0.00453	0.00432	0.00128	0.00508	0.00421	0.00271	0.15839
2	0.01183	0.69558	0.12489	0.00852	0.01262	0.06036	0.00884	0.01373	0.00933	0.01101	0.00649	0.00751	0.00573	0.00392	0.00311	0.00103	0.00520	0.00254	0.00193	0.00582
3	0.00618	0.02712	0.00580	0.00525	0.00682	0.00462	0.00401	0.03086	0.01061	0.01330	0.13020	0.10718	0.55332	0.01060	0.00517	0.00148	0.00252	0.02889	0.00413	0.04195
4	0.29799	0.01044	0.01040	0.02961	0.01201	0.04944	0.00696	0.29712	0.04067	0.18789	0.01069	0.01064	0.00750	0.00497	0.00390	0.00137	0.00434	0.00358	0.00397	0.00650
5	0.04319	0.01357	0.01146	0.00960	0.01247	0.32577	0.00757	0.13642	0.01356	0.32155	0.01181	0.01165	0.00831	0.00650	0.04493	0.00158	0.00603	0.00375	0.00388	0.00641
6	0.00553	0.00401	0.00523	0.00612	0.00654	0.00371	0.00418	0.00644	0.00894	0.01186	0.06734	0.71811	0.08843	0.01352	0.00567	0.00178	0.00258	0.03212	0.00419	0.00369
7	0.01070	0.01143	0.02220	0.01634	0.02035	0.01126	0.59455	0.01676	0.21586	0.01546	0.01141	0.01326	0.00856	0.00436	0.00509	0.00151	0.00651	0.00522	0.00285	0.00630
8	0.01078	0.01033	0.01763	0.11628	0.72833	0.01055	0.01358	0.01347	0.01005	0.01426	0.00836	0.01117	0.00696	0.00404	0.00443	0.00135	0.00539	0.00398	0.00219	0.00685
9	0.19576	0.00783	0.00960	0.00753	0.01085	0.00729	0.00622	0.02002	0.01174	0.65390	0.01530	0.01359	0.00979	0.00525	0.00414	0.00138	0.00374	0.00407	0.00497	0.00704
10	0.01835	0.03701	0.06251	0.00839	0.01195	0.00764	0.00734	0.04434	0.03784	0.66571	0.02764	0.01467	0.01089	0.00550	0.00460	0.00138	0.01742	0.00440	0.00505	0.00738
11	0.01196	0.84548	0.02344	0.00765	0.01148	0.01770	0.00765	0.01339	0.00909	0.01052	0.00622	0.00718	0.00574	0.00383	0.00287	0.00096	0.00478	0.00239	0.00191	0.00574
12	0.00651	0.00434	0.00488	0.00488	0.00488	0.00434	0.00271	0.00651	0.00651	0.00867	0.01409	0.02927	0.01626	0.84279	0.02277	0.00434	0.00434	0.00651	0.00271	0.00271
13	0.00633	0.00457	0.00598	0.00563	0.00668	0.00422	0.00422	0.00844	0.01266	0.01794	0.81253	0.03341	0.04221	0.00914	0.00528	0.00141	0.00211	0.00809	0.00492	0.00422
14	0.01034	0.00999	0.01733	0.24294	0.56121	0.01048	0.05625	0.01314	0.00987	0.01374	0.00832	0.01136	0.00677	0.00410	0.00449	0.00138	0.00561	0.00405	0.00216	0.00646
15	0.02007	0.00761	0.01038	0.00796	0.01142	0.00657	0.00657	0.02180	0.01280	0.81799	0.01765	0.01523	0.01107	0.00554	0.00450	0.00138	0.00381	0.00450	0.00554	0.00761
16	0.00651	0.00434	0.00488	0.00488	0.00488	0.00434	0.00271	0.00651	0.00651	0.00867	0.01409	0.02927	0.01626	0.84279	0.02277	0.00434	0.00434	0.00651	0.00271	0.00271
17	0.00733	0.00520	0.00610	0.00578	0.00722	0.00482	0.00435	0.03588	0.05191	0.06633	0.32645	0.12361	0.31823	0.00997	0.00521	0.00149	0.00250	0.00858	0.00456	0.00447
18	0.00605	0.00416	0.00559	0.00623	0.00673	0.00421	0.00441	0.00721	0.00830	0.01179	0.02008	0.52230	0.02252	0.01807	0.22106	0.00314	0.00500	0.00958	0.10977	0.00379
19	0.87439	0.00865	0.00657	0.00588	0.00865	0.01003	0.00484	0.01315	0.00761	0.02007	0.00623	0.00727	0.00484	0.00415	0.00277	0.00138	0.00346	0.00242	0.00277	0.00484
20	0.00651	0.00434	0.00488	0.00488	0.00488	0.00434	0.00271	0.00651	0.00651	0.00867	0.01409	0.02927	0.01626	0.84279	0.02277	0.00434	0.00434	0.00651	0.00271	0.00271
21	0.01043	0.15370	0.41886	0.01318	0.01852	0.01181	0.21598	0.03104	0.03546	0.03719	0.00865	0.01017	0.00642	0.00418	0.00431	0.00137	0.00634	0.00377	0.00223	0.00638
22	0.00625	0.00457	0.00587	0.00555	0.00664	0.00419	0.00416	0.00829	0.01248	0.01751	0.75597	0.03412	0.09903	0.00931	0.00528	0.00141	0.00212	0.00819	0.00487	0.00419
23	0.00980	0.17905	0.64129	0.01174	0.01768	0.03934	0.01458	0.01415	0.00949	0.01337	0.00765	0.00897	0.00568	0.00418	0.00398	0.00132	0.00631	0.00312	0.00191	0.00640
24	0.01196	0.84548	0.02344	0.00765	0.01148	0.01770	0.00765	0.01339	0.00909	0.01052	0.00622	0.00718	0.00574	0.00383	0.00287	0.00096	0.00478	0.00239	0.00191	0.00574
25	0.07231	0.00789	0.01028	0.00793	0.01136	0.00711	0.00655	0.05562	0.01285	0.73421	0.01664	0.01454	0.01054	0.00544	0.00439	0.00138	0.00383	0.00435	0.00532	0.00744
26	0.00557	0.00398	0.00533	0.00637	0.00668	0.00374	0.00437	0.00644	0.00869	0.01156	0.02459	0.78425	0.02932	0.01390	0.00574	0.00183	0.00270	0.06712	0.00415	0.00367
27	0.02007	0.00761	0.01038	0.00796	0.01142	0.00657	0.00657	0.02180	0.01280	0.81799	0.01765	0.01523	0.01107	0.00554	0.00450	0.00138	0.00381	0.00450	0.00554	0.00761
28	0.00551	0.00394	0.00526	0.00630	0.00658	0.00368	0.00426	0.00633	0.00862	0.01149	0.02462	0.81330	0.02946	0.01396	0.00573	0.00182	0.00265	0.03870	0.00415	0.00365
29	0.00558	0.00427	0.00514	0.00559	0.00645	0.00383	0.00399	0.00674	0.00984	0.01272	0.15226	0.40031	0.31641	0.01224	0.00551	0.00165	0.00245	0.03695	0.00427	0.00379
30	0.00845	0.00795	0.01342	0.83204	0.03081	0.00994	0.01242	0.01143	0.00894	0.01143	0.00795	0.01193	0.00596	0.00447	0.00447	0.00149	0.00596	0.00398	0.00199	0.00497
31	0.00545	0.00389	0.00519	0.00623	0.00649	0.00363	0.00415	0.00623	0.00856	0.01142	0.02465	0.83987	0.02959	0.01401	0.00571	0.00182	0.00260	0.01272	0.00415	0.00363
32	0.01168	0.76818	0.09829	0.00813	0.01222	0.01701	0.00849	0.01347	0.00912	0.01087	0.00639	0.00739	0.00573	0.00387	0.00300	0.00100	0.00496	0.00248	0.00191	0.00582
33	0.02711	0.56280	0.23210	0.00920	0.01365	0.06556	0.01000	0.01387	0.00938	0.01168	0.00674	0.00783	0.00571	0.00399	0.00330	0.00110	0.00544	0.00266	0.00195	0.00592
34	0.00545	0.00389	0.00519	0.00623	0.00649	0.00363	0.00415	0.00623	0.00856	0.01142	0.02465	0.83987	0.02959	0.01401	0.00571	0.00182	0.00260	0.01272	0.00415	0.00363
35	0.00650	0.00437	0.00506	0.00506	0.00512	0.00443	0.00294	0.00662	0.00656	0.00881	0.01393	0.02836	0.01587	0.77943	0.08559	0.00456	0.00494	0.00637	0.00269	0.00281
36	0.00570	0.00428	0.00529	0.00568	0.00651	0.00387	0.00407	0.00696	0.01014	0.01340	0.24089	0.38992	0.23915	0.01195	0.00550	0.00163	0.00243	0.03441	0.00436	0.00384
37	0.00915	0.06148	0.76494	0.01264	0.01908	0.01075	0.03319	0.01413	0.00945	0.01400	0.00797	0.00940	0.00569	0.00422	0.00421	0.00140	0.00655	0.00331	0.00190	0.00656
38	0.01491	0.01149	0.01225	0.00987	0.01307	0.01289	0.00800	0.52363	0.30078	0.02482	0.01340	0.01286	0.00976	0.00562	0.00450	0.00140	0.00443	0.00439	0.00450	0.00742
39	0.00651	0.00434	0.00488	0.00488	0.00488	0.00434	0.00271	0.00651	0.00651	0.00867	0.01409	0.02927	0.01626	0.84279	0.02277	0.00434	0.00434	0.00651	0.00271	0.00271
40	0.01001	0.22430	0.50736	0.01187	0.01739	0.01221	0.09409	0.02862	0.00969	0.01361	0.00789	0.00935	0.00597	0.00414	0.00399	0.00130	0.00612	0.00332	0.02248	0.00630
41	0.00597	0.00456	0.00548	0.00525	0.00646	0.00407	0.00394	0.00775	0.01182	0.01593	0.54991	0.03671	0.30607	0.00989	0.00528	0.00144	0.00216	0.00855	0.00466	0.00407
42	0.01112	0.01096	0.03897	0.03679	0.17596	0.03353	0.14239	0.03269	0.41968	0.01665	0.01349	0.01399	0.01029	0.00514	0.00477	0.00147	0.01720	0.00470	0.00345	0.00676
43	0.01196	0.84548	0.02344	0.00765	0.01148	0.01770	0.00765	0.01339	0.00909	0.01052	0.00622	0.00718	0.00574	0.00383	0.00287	0.00096	0.00478	0.00239	0.00191	0.00574
44	0.00630	0.00457	0.00594	0.00560	0.00667	0.00421	0.00420	0.00839	0.01260	0.01778	0.79191	0.03367	0.06292	0.00920	0.00528	0.00141	0.00211	0.00813	0.00490	0.00421
45	0.01125	0.01069	0.01801	0.02694	0.79058	0.01073	0.01357	0.03759	0.01051	0.01503	0.00848	0.01106	0.00710	0.00403	0.00443	0.00133	0.00530	0.00399	0.00228	0.00710
46	0.01014	0.00860	0.01014	0.02507	0.01168	0.00792	0.02657	0.06952	0.20372	0.01653	0.03551	0.01317	0.01000	0.00459	0.00391	0.00102	0.00363	0.02516	0.00333	0.50980

[dist]
# distance from previous block
# <min> <max>
1	3

[block]
# block no. 2 follows, 58 sequences, length 42
# corresponding to MSA columns:
# 300-341
name=unknown_C
#
# <colnr> <probs for GDERKNQSTAVLIFYWHMCP>
#	G	D	E	R	K	N	Q	S	T	A	V	L	I	F	Y	W	H	M	C	P
0	0.01101	0.01081	0.01788	0.09667	0.68956	0.03771	0.04356	0.01369	0.01017	0.01420	0.00835	0.01108	0.00693	0.00404	0.00445	0.00134	0.00555	0.00400	0.00220	0.00680
1	0.87439	0.00865	0.00657	0.00588	0.00865	0.01003	0.00484	0.01315	0.00761	0.02007	0.00623	0.00727	0.00484	0.00415	0.00277	0.00138	0.00346	0.00242	0.00277	0.00484
2	0.01228	0.79045	0.02272	0.00791	0.01164	0.07160	0.00772	0.01369	0.00933	0.01055	0.00627	0.00724	0.00574	0.00388	0.00295	0.00097	0.00500	0.00242	0.00194	0.00570
3	0.00979	0.00979	0.01370	0.01174	0.01174	0.01370	0.00979	0.01077	0.00685	0.01077	0.00587	0.00979	0.00587	0.00783	0.01468	0.00196	0.83461	0.00391	0.00196	0.00489
4	0.00591	0.00458	0.00687	0.00724	0.00787	0.00428	0.06432	0.00697	0.00882	0.01174	0.02384	0.72826	0.04293	0.01312	0.00569	0.00180	0.00303	0.04490	0.00401	0.00384
5	0.03474	0.01205	0.01285	0.00992	0.01340	0.02742	0.00817	0.69220	0.01972	0.09122	0.01121	0.01109	0.00787	0.00534	0.00441	0.00134	0.00480	0.00401	0.02078	0.00744
6	0.00845	0.00795	0.01342	0.83204	0.03081	0.00994	0.01242	0.01143	0.00894	0.01143	0.00795	0.01193	0.00596	0.00447	0.00447	0.00149	0.00596	0.00398	0.00199	0.00497
7	0.01945	0.00743	0.01005	0.00776	0.01109	0.00645	0.00639	0.02120	0.01262	0.77579	0.01749	0.01530	0.01109	0.00552	0.00443	0.00137	0.00372	0.00448	0.05094	0.00743
8	0.00537	0.00453	0.00465	0.00462	0.00609	0.00381	0.00346	0.00658	0.01039	0.01255	0.10698	0.04228	0.75111	0.01115	0.00529	0.00150	0.00225	0.00933	0.00422	0.00381
9	0.87439	0.00865	0.00657	0.00588	0.00865	0.01003	0.00484	0.01315	0.00761	0.02007	0.00623	0.00727	0.00484	0.00415	0.00277	0.00138	0.00346	0.00242	0.00277	0.00484
10	0.00845	0.00795	0.01342	0.83204	0.03081	0.00994	0.01242	0.01143	0.00894	0.01143	0.00795	0.01193	0.00596	0.00447	0.00447	0.00149	0.00596	0.00398	0.00199	0.00497
11	0.00540	0.00419	0.00492	0.00546	0.00630	0.00371	0.00382	0.00637	0.00939	0.01187	0.05321	0.46759	0.37641	0.01271	0.00551	0.00167	0.00244	0.01115	0.00417	0.00371
12	0.01997	0.00778	0.01048	0.00804	0.01150	0.00682	0.00664	0.04810	0.01308	0.79129	0.01741	0.01507	0.01096	0.00553	0.00450	0.00138	0.00384	0.00448	0.00550	0.00761
13	0.87439	0.00865	0.00657	0.00588	0.00865	0.01003	0.00484	0.01315	0.00761	0.02007	0.00623	0.00727	0.00484	0.00415	0.00277	0.00138	0.00346	0.00242	0.00277	0.00484
14	0.01134	0.01083	0.01754	0.02553	0.72201	0.02485	0.01315	0.04360	0.02662	0.01499	0.00857	0.01107	0.00717	0.00425	0.00484	0.00136	0.03898	0.00399	0.00234	0.00698
15	0.72956	0.00935	0.00723	0.00646	0.00914	0.06289	0.00522	0.03409	0.00852	0.04847	0.00756	0.04148	0.00621	0.00466	0.00308	0.00139	0.00378	0.00299	0.00294	0.00499
16	0.87439	0.00865	0.00657	0.00588	0.00865	0.01003	0.00484	0.01315	0.00761	0.02007	0.00623	0.00727	0.00484	0.00415	0.00277	0.00138	0.00346	0.00242	0.00277	0.00484
17	0.00967	0.00920	0.01563	0.45644	0.39684	0.01026	0.01303	0.01250	0.00952	0.01292	0.00817	0.01153	0.00649	0.00425	0.00445	0.00142	0.00566	0.00398	0.00209	0.00596
18	0.01113	0.00961	0.01011	0.00910	0.01163	0.01113	0.00708	0.02377	0.80681	0.01871	0.01821	0.01669	0.01365	0.00607	0.00455	0.00152	0.00354	0.00506	0.00455	0.00708
19	0.01091	0.01046	0.01786	0.07768	0.76595	0.01059	0.01365	0.01358	0.01011	0.01442	0.00839	0.01112	0.00702	0.00402	0.00443	0.00134	0.00535	0.00399	0.00220	0.00695
20	0.00650	0.00437	0.00506	0.00506	0.00513	0.00444	0.00294	0.00662	0.00656	0.00881	0.01393	0.02834	0.01586	0.77842	0.08659	0.00456	0.00494	0.00637	0.00269	0.00281
21	0.01136	0.00973	0.01025	0.00915	0.01172	0.01124	0.00714	0.05526	0.77493	0.01910	0.01790	0.01645	0.01341	0.00604	0.00455	0.00151	0.00360	0.00502	0.00455	0.00710
22	0.00533	0.00452	0.00461	0.00462	0.00608	0.00379	0.00345	0.00650	0.01026	0.01231	0.07680	0.06201	0.76190	0.01130	0.00530	0.00151	0.00227	0.00946	0.00419	0.00379
23	0.00897	0.02314	0.81962	0.01275	0.01936	0.01039	0.01653	0.01417	0.00944	0.01417	0.00803	0.00944	0.00567	0.00425	0.00425	0.00142	0.00661	0.00331	0.00189	0.00661
24	0.01671	0.02132	0.01268	0.01152	0.01383	0.82483	0.00864	0.01786	0.01268	0.01095	0.00691	0.00807	0.00576	0.00461	0.00403	0.00115	0.00807	0.00288	0.00230	0.00519
25	0.00813	0.00539	0.00682	0.00619	0.00763	0.00513	0.00475	0.04422	0.04602	0.08575	0.63709	0.03085	0.06189	0.00868	0.00516	0.00142	0.00248	0.02273	0.00490	0.00476
26	0.01113	0.00961	0.01011	0.00910	0.01163	0.01113	0.00708	0.02377	0.80681	0.01871	0.01821	0.01669	0.01365	0.00607	0.00455	0.00152	0.00354	0.00506	0.00455	0.00708
27	0.01042	0.00997	0.01699	0.22598	0.62142	0.01046	0.01341	0.01316	0.00988	0.01383	0.00830	0.01128	0.00681	0.00411	0.00444	0.00137	0.00547	0.00398	0.00216	0.00656
28	0.01113	0.00961	0.01011	0.00910	0.01163	0.01113	0.00708	0.02377	0.80681	0.01871	0.01821	0.01669	0.01365	0.00607	0.00455	0.00152	0.00354	0.00506	0.00455	0.00708
29	0.00845	0.00795	0.01342	0.83204	0.03081	0.00994	0.01242	0.01143	0.00894	0.01143	0.00795	0.01193	0.00596	0.00447	0.00447	0.00149	0.00596	0.00398	0.00199	0.00497
30	0.00529	0.00453	0.00453	0.00453	0.00604	0.00378	0.00340	0.00642	0.01020	0.01208	0.04532	0.04305	0.81307	0.01133	0.00529	0.00151	0.00227	0.00944	0.00415	0.00378
31	0.00625	0.00457	0.00586	0.00554	0.00663	0.00418	0.00415	0.00828	0.01246	0.01746	0.74939	0.03421	0.10564	0.00932	0.00528	0.00142	0.00212	0.00820	0.00486	0.00418
32	0.00544	0.00393	0.00516	0.00614	0.00646	0.00364	0.00411	0.00624	0.00865	0.01145	0.02575	0.79757	0.07118	0.01387	0.00569	0.00180	0.00258	0.01254	0.00415	0.00364
33	0.01897	0.00777	0.01119	0.00852	0.01196	0.00679	0.05870	0.02085	0.01252	0.73244	0.01696	0.01508	0.01081	0.00541	0.00449	0.00138	0.00398	0.00454	0.04029	0.00737
34	0.04816	0.75333	0.04471	0.00774	0.01158	0.01672	0.00774	0.01375	0.00919	0.04381	0.00673	0.00757	0.00592	0.00392	0.00297	0.00100	0.00474	0.00250	0.00210	0.00580
35	0.01366	0.01102	0.04418	0.00941	0.01239	0.02652	0.02168	0.41692	0.19749	0.04229	0.04647	0.03582	0.01155	0.04828	0.00543	0.00154	0.00443	0.00477	0.03941	0.00674
36	0.01081	0.01038	0.01760	0.09096	0.71940	0.01070	0.01346	0.01342	0.00995	0.01420	0.00827	0.01109	0.00695	0.00418	0.00485	0.00137	0.03942	0.00398	0.00219	0.00683
37	0.00556	0.00454	0.00491	0.00482	0.00621	0.00389	0.00361	0.00694	0.01084	0.01360	0.24442	0.04055	0.61302	0.01076	0.00528	0.00148	0.00223	0.00909	0.00435	0.00389
38	0.01014	0.01037	0.01365	0.01173	0.01185	0.05482	0.00973	0.01113	0.00715	0.01077	0.00592	0.00970	0.00587	0.00767	0.01414	0.00192	0.79270	0.00386	0.00197	0.00491
39	0.00538	0.00449	0.00462	0.00467	0.00602	0.00381	0.00343	0.00646	0.00997	0.01201	0.06063	0.08789	0.70951	0.05359	0.00620	0.00167	0.00239	0.00945	0.00410	0.00372
40	0.00576	0.00418	0.00553	0.00638	0.00688	0.00385	0.00441	0.00668	0.00871	0.01171	0.02374	0.74625	0.02817	0.01336	0.00562	0.00177	0.00273	0.06259	0.00407	0.04760
41	0.83038	0.00844	0.00654	0.00587	0.00855	0.00974	0.00481	0.01291	0.00787	0.01996	0.04711	0.00859	0.00674	0.00441	0.00290	0.00139	0.00339	0.00271	0.00288	0.00481

[dist]
# distance from previous block
# <min> <max>
0	2

[block]
# block no. 3 follows, 58 sequences, length 23
# corresponding to MSA columns:
# 344-366
name=unknown_D
#
# <colnr> <probs for GDERKNQSTAVLIFYWHMCP>
#	G	D	E	R	K	N	Q	S	T	A	V	L	I	F	Y	W	H	M	C	P
0	0.05774	0.01139	0.01158	0.00917	0.01232	0.04646	0.00748	0.59649	0.01822	0.02439	0.01606	0.01579	0.14045	0.00626	0.00451	0.00136	0.00454	0.00479	0.00424	0.00673
1	0.00643	0.00462	0.00632	0.00632	0.00682	0.00512	0.00451	0.00743	0.00693	0.00974	0.01278	0.02198	0.01309	0.33801	0.52322	0.00612	0.00911	0.00544	0.00251	0.00351
2	0.01014	0.01060	0.02061	0.01781	0.17113	0.02338	0.47439	0.03176	0.01109	0.01521	0.14189	0.02720	0.01303	0.00490	0.00508	0.00145	0.00609	0.00553	0.00277	0.00592
3	0.01632	0.02013	0.01250	0.01128	0.01360	0.74341	0.00851	0.06443	0.01296	0.01196	0.00735	0.00861	0.00609	0.00581	0.03686	0.00141	0.00803	0.00303	0.00244	0.00528
4	0.00566	0.00464	0.00505	0.00520	0.00661	0.00403	0.00407	0.00699	0.01034	0.01259	0.07994	0.04379	0.64463	0.01139	0.00543	0.00160	0.00256	0.13746	0.00419	0.00386
5	0.01013	0.05132	0.01838	0.14920	0.15848	0.02070	0.32379	0.01273	0.00960	0.04195	0.00974	0.01453	0.00836	0.14260	0.00772	0.00190	0.00610	0.00484	0.00239	0.00553
6	0.00826	0.00534	0.00706	0.00693	0.00807	0.00529	0.00542	0.00978	0.01050	0.12013	0.21907	0.22818	0.11916	0.01057	0.00622	0.00168	0.07145	0.14807	0.00434	0.00451
7	0.01781	0.00715	0.00985	0.00783	0.01085	0.00641	0.00641	0.01952	0.01188	0.68457	0.01671	0.01561	0.01109	0.01016	0.14005	0.00234	0.00516	0.00455	0.00502	0.00701
8	0.00842	0.00779	0.01246	0.48773	0.17107	0.00885	0.01080	0.01121	0.02797	0.01239	0.01519	0.01884	0.14062	0.00592	0.00468	0.00149	0.00509	0.04175	0.00255	0.00517
9	0.01024	0.14713	0.01415	0.32504	0.07550	0.01172	0.00969	0.01663	0.31365	0.01428	0.01161	0.01290	0.00894	0.00494	0.00423	0.00140	0.00480	0.00413	0.00297	0.00605
10	0.01806	0.01047	0.14424	0.00889	0.01288	0.00763	0.00833	0.06635	0.01273	0.63871	0.01565	0.01401	0.00998	0.00531	0.00446	0.00139	0.00434	0.00427	0.00487	0.00745
11	0.00563	0.00439	0.00487	0.00503	0.00600	0.00389	0.00352	0.00662	0.00956	0.01205	0.12158	0.18782	0.45014	0.14894	0.00825	0.00202	0.00265	0.00941	0.00400	0.00362
12	0.00931	0.00542	0.00564	0.00518	0.00643	0.00562	0.00385	0.12545	0.01061	0.01704	0.01395	0.01789	0.01169	0.14360	0.00657	0.00163	0.00287	0.00453	0.59828	0.00443
13	0.01377	0.03402	0.01179	0.05144	0.01324	0.56490	0.00816	0.01494	0.01126	0.01103	0.00980	0.14579	0.00972	0.00641	0.00519	0.00134	0.07512	0.00464	0.00256	0.00491
14	0.00545	0.00389	0.00519	0.00623	0.00649	0.00363	0.00415	0.00623	0.00856	0.01142	0.02465	0.83987	0.02959	0.01401	0.00571	0.00182	0.00260	0.01272	0.00415	0.00363
15	0.00738	0.00586	0.00621	0.00564	0.00743	0.00551	0.00436	0.13781	0.01235	0.01561	0.15233	0.03630	0.56675	0.01002	0.00515	0.00147	0.00268	0.00835	0.00432	0.00447
16	0.00799	0.00460	0.00619	0.00666	0.00750	0.00423	0.00477	0.00902	0.00939	0.14480	0.02343	0.64625	0.02625	0.01249	0.00554	0.00176	0.00291	0.06749	0.00438	0.00433
17	0.77848	0.00853	0.00700	0.00612	0.00896	0.00965	0.00504	0.01412	0.00820	0.10965	0.00751	0.00816	0.00554	0.00431	0.00296	0.00138	0.00350	0.00266	0.00308	0.00516
18	0.01567	0.01358	0.01326	0.10309	0.03174	0.16979	0.00903	0.51897	0.04393	0.02239	0.00989	0.01056	0.00726	0.00512	0.00439	0.00133	0.00561	0.00383	0.00373	0.00682
19	0.01019	0.00861	0.01034	0.00746	0.01141	0.00704	0.03316	0.09992	0.01064	0.01610	0.00830	0.00954	0.00674	0.00356	0.00351	0.00077	0.00364	0.00290	0.00284	0.74335
20	0.01176	0.00787	0.00953	0.00693	0.01079	0.00610	0.00559	0.01369	0.01009	0.19929	0.01018	0.01064	0.00765	0.00382	0.00359	0.00083	0.00343	0.00308	0.00331	0.67184
21	0.01571	0.01156	0.01250	0.00984	0.01304	0.01272	0.00801	0.71086	0.01963	0.02631	0.01230	0.10383	0.01007	0.00634	0.00461	0.00140	0.00466	0.00500	0.00444	0.00716
22	0.01101	0.01079	0.01908	0.02649	0.72603	0.01071	0.10185	0.01380	0.01023	0.01458	0.00849	0.01118	0.00705	0.00396	0.00452	0.00135	0.00556	0.00413	0.00222	0.00697

[dist]
# distance from previous block
# <min> <max>
0	4

[block]
# block no. 4 follows, 58 sequences, length 16
# corresponding to MSA columns:
# 371-386
name=unknown_E
#
# <colnr> <probs for GDERKNQSTAVLIFYWHMCP>
#	G	D	E	R	K	N	Q	S	T	A	V	L	I	F	Y	W	H	M	C	P
0	0.00628	0.00452	0.00565	0.00539	0.00627	0.00421	0.00386	0.00790	0.01124	0.01563	0.59305	0.03335	0.09775	0.17539	0.00876	0.00200	0.00257	0.00788	0.00442	0.00388
1	0.00667	0.00461	0.00692	0.00692	0.00756	0.00525	0.00525	0.00756	0.00692	0.00986	0.01114	0.01678	0.01050	0.02996	0.66418	0.17904	0.01037	0.00461	0.00231	0.00359
2	0.70146	0.00784	0.00646	0.00583	0.00826	0.00888	0.00472	0.01221	0.00862	0.01965	0.16685	0.01248	0.01229	0.00515	0.00327	0.00139	0.00319	0.00355	0.00320	0.00472
3	0.01280	0.01479	0.01883	0.01464	0.01792	0.28747	0.37835	0.03075	0.11275	0.01382	0.00937	0.01117	0.00729	0.00457	0.00519	0.00141	0.04608	0.00435	0.00259	0.00585
4	0.00602	0.00434	0.00549	0.00618	0.00672	0.00412	0.00444	0.00697	0.00874	0.01139	0.02495	0.40527	0.12518	0.17842	0.00916	0.00233	0.00323	0.17963	0.00386	0.00357
5	0.00882	0.00816	0.01297	0.60424	0.08853	0.00920	0.01111	0.01158	0.00911	0.01231	0.00799	0.01133	0.00618	0.00420	0.00424	0.00131	0.00538	0.00371	0.00214	0.17749
6	0.01526	0.01230	0.01112	0.03205	0.01268	0.23798	0.00756	0.06499	0.25565	0.23866	0.03982	0.01381	0.01095	0.00556	0.00460	0.00137	0.02074	0.00428	0.00408	0.00653
7	0.00605	0.00442	0.00570	0.00581	0.00670	0.00407	0.00427	0.00773	0.01127	0.01552	0.50314	0.24259	0.10748	0.01075	0.00543	0.00155	0.00235	0.04651	0.00462	0.00402
8	0.01708	0.00767	0.01002	0.00764	0.01108	0.00656	0.00625	0.04387	0.01236	0.58921	0.05868	0.01488	0.01177	0.00528	0.00430	0.00124	0.00365	0.00431	0.00489	0.17925
9	0.08402	0.03277	0.01075	0.00861	0.02201	0.06287	0.00686	0.30491	0.03641	0.16323	0.20312	0.01657	0.01626	0.00611	0.00446	0.00135	0.00410	0.00486	0.00439	0.00634
10	0.01094	0.00992	0.01404	0.51440	0.13529	0.05288	0.01163	0.16917	0.01172	0.01519	0.00852	0.01137	0.00644	0.00459	0.00444	0.00142	0.00577	0.00393	0.00253	0.00580
11	0.01034	0.00786	0.01025	0.03031	0.07428	0.00820	0.04762	0.07757	0.24800	0.08835	0.15582	0.10956	0.07179	0.00758	0.00492	0.00151	0.00367	0.03225	0.00425	0.00588
12	0.03726	0.01135	0.01464	0.01121	0.01470	0.07478	0.16516	0.29808	0.04196	0.23935	0.01217	0.01235	0.00850	0.00591	0.03021	0.00156	0.00552	0.00433	0.00405	0.00691
13	0.03206	0.12847	0.44635	0.01116	0.01615	0.03715	0.03138	0.05664	0.16892	0.01536	0.00990	0.01062	0.00738	0.00461	0.00412	0.00136	0.00566	0.00358	0.00260	0.00654
14	0.18163	0.00882	0.01356	0.49188	0.11887	0.01024	0.06827	0.03186	0.00925	0.01416	0.00781	0.01088	0.00597	0.00432	0.00419	0.00145	0.00548	0.00376	0.00225	0.00534
15	0.18016	0.00671	0.00646	0.04876	0.00839	0.07028	0.00477	0.00927	0.00833	0.01261	0.01627	0.16881	0.06585	0.27243	0.01025	0.00243	0.00401	0.06787	0.03249	0.00384

[dist]
# distance from previous block
# <min> <max>
0	19

# created by:
# /home/cegg/simao/soft/augustus-3.2.1/scripts/msa2prfl.pl ./align_prep/EOG091G0L5I.fa
