[name]
unknown

[dist]
# distance from previous block
# <min> <max>
0	63

[block]
# block no. 0 follows, 60 sequences, length 30
# corresponding to MSA columns:
# 63-92
name=unknown_A
#
# <colnr> <probs for GDERKNQSTAVLIFYWHMCP>
#	G	D	E	R	K	N	Q	S	T	A	V	L	I	F	Y	W	H	M	C	P
0	0.01050	0.00877	0.00955	0.00879	0.01106	0.00998	0.00700	0.06315	0.62987	0.01785	0.01828	0.02166	0.01504	0.00694	0.00471	0.00156	0.00362	0.14088	0.00436	0.00643
1	0.00985	0.00833	0.04181	0.00712	0.01054	0.00676	0.00585	0.01357	0.14816	0.07128	0.01091	0.03683	0.00901	0.04162	0.00447	0.00106	0.00345	0.00361	0.00312	0.56264
2	0.01014	0.04781	0.65876	0.01207	0.01770	0.15222	0.01452	0.01441	0.00974	0.01316	0.00758	0.00891	0.00554	0.00419	0.00407	0.00132	0.00664	0.00312	0.00191	0.00618
3	0.01015	0.05002	0.65661	0.01206	0.01768	0.15224	0.01449	0.01441	0.00974	0.01315	0.00758	0.00890	0.00554	0.00419	0.00406	0.00132	0.00663	0.00312	0.00191	0.00618
4	0.00633	0.00480	0.00596	0.00662	0.00729	0.00486	0.00464	0.00913	0.14754	0.01243	0.02292	0.67384	0.02603	0.01227	0.00539	0.00173	0.00274	0.03723	0.00411	0.00414
5	0.01434	0.01218	0.18999	0.01241	0.05173	0.00895	0.20940	0.06204	0.01157	0.36385	0.01229	0.01243	0.00824	0.00462	0.00452	0.00138	0.00534	0.00428	0.00363	0.00680
6	0.01053	0.00890	0.01529	0.07329	0.45700	0.00880	0.09637	0.01285	0.00988	0.09736	0.01192	0.15567	0.01101	0.00574	0.00463	0.00141	0.00485	0.00555	0.00281	0.00613
7	0.00849	0.00795	0.01347	0.46308	0.20750	0.00890	0.05271	0.01111	0.00938	0.01253	0.07436	0.06649	0.03493	0.00537	0.00455	0.00143	0.00513	0.00496	0.00243	0.00520
8	0.00815	0.01931	0.68226	0.01133	0.01670	0.00899	0.01402	0.01247	0.00906	0.01335	0.01063	0.15378	0.00956	0.00579	0.00439	0.00145	0.00577	0.00481	0.00222	0.00594
9	0.00898	0.02099	0.71231	0.01362	0.05314	0.01023	0.09263	0.01381	0.00934	0.01385	0.00794	0.00952	0.00569	0.00409	0.00425	0.00139	0.00648	0.00344	0.00189	0.00641
10	0.00880	0.02000	0.68295	0.01140	0.01740	0.00938	0.01422	0.01332	0.00918	0.01388	0.00781	0.00918	0.00569	0.00399	0.00399	0.00125	0.00589	0.00311	0.00197	0.15660
11	0.00847	0.02107	0.75904	0.01193	0.01788	0.00961	0.01516	0.01320	0.00914	0.01360	0.00912	0.07553	0.00738	0.00490	0.00426	0.00141	0.00613	0.00395	0.00202	0.00621
12	0.00616	0.00415	0.00481	0.00498	0.00503	0.00411	0.00289	0.00630	0.00669	0.00892	0.01553	0.16976	0.01811	0.70243	0.01932	0.00380	0.00393	0.00739	0.00289	0.00280
13	0.01442	0.01955	0.16340	0.01235	0.05063	0.53845	0.04371	0.08235	0.01226	0.01296	0.00741	0.00863	0.00585	0.00443	0.00408	0.00121	0.00721	0.00313	0.00234	0.00563
14	0.01004	0.00852	0.00916	0.00829	0.01051	0.00968	0.00642	0.02059	0.67320	0.01811	0.15622	0.01910	0.01814	0.00644	0.00456	0.00146	0.00321	0.00544	0.00450	0.00642
15	0.87753	0.00843	0.00641	0.00574	0.00843	0.00978	0.00472	0.01282	0.00742	0.01957	0.00607	0.00709	0.00472	0.00405	0.00270	0.00135	0.00337	0.00236	0.00270	0.00472
16	0.00904	0.00775	0.00904	0.00646	0.01034	0.00581	0.00517	0.01098	0.00904	0.01421	0.00775	0.00904	0.00646	0.00323	0.00323	0.00065	0.00323	0.00258	0.00258	0.87339
17	0.00531	0.00380	0.00506	0.00607	0.00633	0.00354	0.00405	0.00607	0.00835	0.01113	0.02404	0.84388	0.02885	0.01366	0.00557	0.00177	0.00253	0.01240	0.00405	0.00354
18	0.01658	0.01222	0.01309	0.01003	0.01353	0.01353	0.00829	0.80497	0.02051	0.02749	0.01047	0.01047	0.00742	0.00524	0.00436	0.00131	0.00480	0.00393	0.00436	0.00742
19	0.00588	0.00442	0.00544	0.00524	0.00635	0.00398	0.00391	0.00765	0.01158	0.01579	0.58992	0.06766	0.23687	0.00965	0.00516	0.00141	0.00211	0.00840	0.00458	0.00398
20	0.00531	0.00380	0.00506	0.00607	0.00633	0.00354	0.00405	0.00607	0.00835	0.01113	0.02404	0.84388	0.02885	0.01366	0.00557	0.00177	0.00253	0.01240	0.00405	0.00354
21	0.01085	0.00944	0.01119	0.01197	0.15129	0.01059	0.00807	0.04502	0.61277	0.01761	0.01611	0.01660	0.01254	0.00582	0.00449	0.00147	0.00382	0.03955	0.00402	0.00679
22	0.01021	0.04684	0.02423	0.01709	0.02125	0.01104	0.70834	0.01408	0.04571	0.01391	0.00960	0.03913	0.00760	0.00411	0.00503	0.00146	0.00691	0.00526	0.00235	0.00584
23	0.01682	0.01184	0.01285	0.00985	0.01334	0.01296	0.00814	0.74270	0.01987	0.09066	0.01101	0.01082	0.00769	0.00525	0.00436	0.00131	0.00471	0.00396	0.00445	0.00742
24	0.00617	0.00446	0.00583	0.00549	0.00652	0.00412	0.00412	0.00823	0.01235	0.01749	0.81722	0.03258	0.04115	0.00892	0.00514	0.00137	0.00206	0.00789	0.00480	0.00412
25	0.00980	0.00917	0.01542	0.03898	0.66326	0.00917	0.01174	0.01207	0.00963	0.01365	0.01094	0.15510	0.01069	0.00559	0.00453	0.00138	0.00473	0.00536	0.00248	0.00629
26	0.03034	0.01979	0.01206	0.01095	0.01317	0.76851	0.00824	0.03022	0.01220	0.01108	0.00699	0.00827	0.00585	0.00564	0.03720	0.00137	0.00789	0.00290	0.00229	0.00504
27	0.01515	0.01816	0.01259	0.01118	0.01313	0.62309	0.00861	0.07880	0.01202	0.01198	0.00686	0.00836	0.00578	0.00510	0.00576	0.00127	0.15153	0.00307	0.00236	0.00519
28	0.01091	0.07611	0.01089	0.00876	0.01133	0.01136	0.00695	0.02237	0.74785	0.01761	0.01682	0.01554	0.01270	0.00574	0.00431	0.00144	0.00355	0.00472	0.00423	0.00680
29	0.01029	0.01176	0.02574	0.01838	0.02279	0.01103	0.80368	0.01397	0.01029	0.01397	0.00882	0.01176	0.00662	0.00368	0.00515	0.00147	0.00735	0.00515	0.00221	0.00588

[dist]
# distance from previous block
# <min> <max>
0	24

[block]
# block no. 1 follows, 60 sequences, length 20
# corresponding to MSA columns:
# 117-136
name=unknown_B
#
# <colnr> <probs for GDERKNQSTAVLIFYWHMCP>
#	G	D	E	R	K	N	Q	S	T	A	V	L	I	F	Y	W	H	M	C	P
0	0.00617	0.00446	0.00583	0.00549	0.00652	0.00412	0.00412	0.00823	0.01235	0.01749	0.81722	0.03258	0.04115	0.00892	0.00514	0.00137	0.00206	0.00789	0.00480	0.00412
1	0.00531	0.00380	0.00506	0.00607	0.00633	0.00354	0.00405	0.00607	0.00835	0.01113	0.02404	0.84388	0.02885	0.01366	0.00557	0.00177	0.00253	0.01240	0.00405	0.00354
2	0.00515	0.00442	0.00442	0.00442	0.00589	0.00368	0.00331	0.00626	0.00994	0.01178	0.04418	0.04197	0.81775	0.01105	0.00515	0.00147	0.00221	0.00920	0.00405	0.00368
3	0.01629	0.02079	0.01236	0.01124	0.01348	0.82921	0.00843	0.01742	0.01236	0.01067	0.00674	0.00787	0.00562	0.00449	0.00393	0.00112	0.00787	0.00281	0.00225	0.00506
4	0.00813	0.00407	0.00407	0.00407	0.00508	0.00407	0.00305	0.01016	0.00915	0.01626	0.01423	0.01626	0.01118	0.00508	0.00305	0.00102	0.00203	0.00407	0.87093	0.00407
5	0.00824	0.00775	0.01308	0.83624	0.03004	0.00969	0.01211	0.01114	0.00872	0.01114	0.00775	0.01163	0.00581	0.00436	0.00436	0.00145	0.00581	0.00388	0.00194	0.00484
6	0.01629	0.02079	0.01236	0.01124	0.01348	0.82921	0.00843	0.01742	0.01236	0.01067	0.00674	0.00787	0.00562	0.00449	0.00393	0.00112	0.00787	0.00281	0.00225	0.00506
7	0.01629	0.02079	0.01236	0.01124	0.01348	0.82921	0.00843	0.01742	0.01236	0.01067	0.00674	0.00787	0.00562	0.00449	0.00393	0.00112	0.00787	0.00281	0.00225	0.00506
8	0.01046	0.01002	0.01709	0.13391	0.71502	0.01027	0.01322	0.01309	0.00977	0.01384	0.00814	0.01090	0.00676	0.00395	0.00432	0.00132	0.00527	0.00388	0.00213	0.00664
9	0.01079	0.01036	0.01770	0.02677	0.81952	0.01036	0.01339	0.01339	0.00993	0.01425	0.00820	0.01079	0.00691	0.00389	0.00432	0.00130	0.00518	0.00389	0.00216	0.00691
10	0.00530	0.00385	0.00501	0.00593	0.00629	0.00355	0.00399	0.00609	0.00848	0.01119	0.02574	0.77618	0.09545	0.01344	0.00553	0.00175	0.00250	0.01213	0.00405	0.00355
11	0.00531	0.00380	0.00506	0.00607	0.00633	0.00354	0.00405	0.00607	0.00835	0.01113	0.02404	0.84388	0.02885	0.01366	0.00557	0.00177	0.00253	0.01240	0.00405	0.00354
12	0.72495	0.00815	0.00688	0.00598	0.00872	0.00911	0.00492	0.01397	0.00822	0.13678	0.00795	0.00851	0.00581	0.00428	0.00296	0.00134	0.00338	0.00271	0.03028	0.00510
13	0.00824	0.00775	0.01308	0.83624	0.03004	0.00969	0.01211	0.01114	0.00872	0.01114	0.00775	0.01163	0.00581	0.00436	0.00436	0.00145	0.00581	0.00388	0.00194	0.00484
14	0.00617	0.00446	0.00583	0.00549	0.00652	0.00412	0.00412	0.00823	0.01235	0.01749	0.81722	0.03258	0.04115	0.00892	0.00514	0.00137	0.00206	0.00789	0.00480	0.00412
15	0.01079	0.01036	0.01770	0.02677	0.81952	0.01036	0.01339	0.01339	0.00993	0.01425	0.00820	0.01079	0.00691	0.00389	0.00432	0.00130	0.00518	0.00389	0.00216	0.00691
16	0.01912	0.00752	0.01011	0.00782	0.01114	0.00664	0.00644	0.02135	0.05373	0.78102	0.01723	0.01492	0.01093	0.00542	0.00439	0.00136	0.00370	0.00441	0.00535	0.00740
17	0.00634	0.00423	0.00476	0.00476	0.00476	0.00423	0.00264	0.00634	0.00634	0.00846	0.01374	0.02854	0.01586	0.84672	0.02220	0.00423	0.00423	0.00634	0.00264	0.00264
18	0.01166	0.84935	0.02285	0.00746	0.01119	0.01726	0.00746	0.01306	0.00886	0.01026	0.00606	0.00700	0.00560	0.00373	0.00280	0.00093	0.00466	0.00233	0.00187	0.00560
19	0.00824	0.00775	0.01308	0.83624	0.03004	0.00969	0.01211	0.01114	0.00872	0.01114	0.00775	0.01163	0.00581	0.00436	0.00436	0.00145	0.00581	0.00388	0.00194	0.00484

[dist]
# distance from previous block
# <min> <max>
0	3

[block]
# block no. 2 follows, 60 sequences, length 23
# corresponding to MSA columns:
# 140-162
name=unknown_C
#
# <colnr> <probs for GDERKNQSTAVLIFYWHMCP>
#	G	D	E	R	K	N	Q	S	T	A	V	L	I	F	Y	W	H	M	C	P
0	0.00954	0.00954	0.01336	0.01145	0.01145	0.01336	0.00954	0.01050	0.00668	0.01050	0.00573	0.00954	0.00573	0.00763	0.01431	0.00191	0.83874	0.00382	0.00191	0.00477
1	0.00794	0.00419	0.00447	0.00460	0.00558	0.00419	0.00355	0.00991	0.00919	0.01563	0.01536	0.02086	0.01311	0.02868	0.00395	0.00123	0.00235	0.10592	0.73527	0.00402
2	0.01629	0.02079	0.01236	0.01124	0.01348	0.82921	0.00843	0.01742	0.01236	0.01067	0.00674	0.00787	0.00562	0.00449	0.00393	0.00112	0.00787	0.00281	0.00225	0.00506
3	0.00696	0.00500	0.00693	0.00790	0.00892	0.00497	0.00689	0.00893	0.01004	0.01300	0.02388	0.04893	0.05474	0.01201	0.00599	0.00199	0.00395	0.76096	0.00402	0.00400
4	0.00604	0.00445	0.00565	0.00535	0.00643	0.00406	0.00401	0.00798	0.01203	0.01675	0.71712	0.03380	0.14171	0.00919	0.00515	0.00138	0.00208	0.00806	0.00470	0.00406
5	0.00531	0.00380	0.00506	0.00607	0.00633	0.00354	0.00405	0.00607	0.00835	0.01113	0.02404	0.84388	0.02885	0.01366	0.00557	0.00177	0.00253	0.01240	0.00405	0.00354
6	0.00875	0.02256	0.82413	0.01243	0.01888	0.01013	0.01611	0.01381	0.00921	0.01381	0.00783	0.00921	0.00552	0.00414	0.00414	0.00138	0.00645	0.00322	0.00184	0.00645
7	0.01630	0.02040	0.01239	0.01118	0.01349	0.79275	0.00842	0.05263	0.01272	0.01143	0.00691	0.00798	0.00570	0.00453	0.00395	0.00113	0.00773	0.00286	0.00234	0.00516
8	0.00617	0.00446	0.00583	0.00549	0.00652	0.00412	0.00412	0.00823	0.01235	0.01749	0.81722	0.03258	0.04115	0.00892	0.00514	0.00137	0.00206	0.00789	0.00480	0.00412
9	0.01046	0.01002	0.01710	0.13159	0.71729	0.01028	0.01322	0.01309	0.00977	0.01385	0.00815	0.01090	0.00677	0.00395	0.00432	0.00132	0.00526	0.00388	0.00213	0.00664
10	0.00875	0.02256	0.82413	0.01243	0.01888	0.01013	0.01611	0.01381	0.00921	0.01381	0.00783	0.00921	0.00552	0.00414	0.00414	0.00138	0.00645	0.00322	0.00184	0.00645
11	0.00703	0.00502	0.00703	0.00803	0.00904	0.00502	0.00703	0.00904	0.01004	0.01305	0.02309	0.04920	0.02510	0.01205	0.00602	0.00201	0.00402	0.79016	0.00402	0.00402
12	0.00758	0.00379	0.00568	0.00568	0.00568	0.00379	0.00379	0.00568	0.00568	0.00758	0.00758	0.01326	0.00758	0.01515	0.01705	0.87311	0.00379	0.00379	0.00189	0.00189
13	0.01062	0.00926	0.01073	0.01112	0.11584	0.01049	0.00771	0.02114	0.66593	0.01739	0.01652	0.01652	0.01276	0.00646	0.02403	0.00160	0.00389	0.02714	0.00408	0.00675
14	0.00875	0.02256	0.82413	0.01243	0.01888	0.01013	0.01611	0.01381	0.00921	0.01381	0.00783	0.00921	0.00552	0.00414	0.00414	0.00138	0.00645	0.00322	0.00184	0.00645
15	0.00732	0.11457	0.00906	0.00681	0.00833	0.00672	0.03835	0.01013	0.10138	0.01436	0.31026	0.23005	0.08548	0.00911	0.00489	0.00146	0.00296	0.03021	0.00401	0.00452
16	0.00911	0.00798	0.00960	0.00711	0.01048	0.00679	0.00573	0.01092	0.00874	0.01373	0.00749	0.00911	0.00636	0.00380	0.00467	0.00081	0.11142	0.00274	0.00250	0.76091
17	0.00931	0.00884	0.01501	0.49808	0.35984	0.00997	0.01264	0.01208	0.00923	0.01244	0.00794	0.01128	0.00627	0.00416	0.00434	0.00139	0.00555	0.00388	0.00203	0.00571
18	0.01251	0.01014	0.01172	0.01135	0.11653	0.01113	0.00801	0.23513	0.42778	0.03862	0.01395	0.01354	0.01043	0.00530	0.00433	0.00136	0.00404	0.00438	0.00404	0.05572
19	0.84220	0.00839	0.00656	0.00582	0.00855	0.00965	0.00479	0.01317	0.00763	0.05263	0.00653	0.00740	0.00497	0.00410	0.00277	0.00135	0.00339	0.00245	0.00281	0.00483
20	0.01079	0.01036	0.01770	0.02677	0.81952	0.01036	0.01339	0.01339	0.00993	0.01425	0.00820	0.01079	0.00691	0.00389	0.00432	0.00130	0.00518	0.00389	0.00216	0.00691
21	0.83796	0.00861	0.00672	0.00593	0.00867	0.00996	0.00489	0.04923	0.00802	0.01993	0.00628	0.00724	0.00485	0.00410	0.00278	0.00135	0.00344	0.00243	0.00278	0.00485
22	0.00993	0.00935	0.01578	0.07346	0.66607	0.00944	0.01210	0.01230	0.00965	0.01366	0.01023	0.11872	0.00968	0.00518	0.00448	0.00137	0.00488	0.00499	0.00239	0.00635

[dist]
# distance from previous block
# <min> <max>
1	7

[block]
# block no. 3 follows, 60 sequences, length 30
# corresponding to MSA columns:
# 170-199
name=unknown_D
#
# <colnr> <probs for GDERKNQSTAVLIFYWHMCP>
#	G	D	E	R	K	N	Q	S	T	A	V	L	I	F	Y	W	H	M	C	P
0	0.09176	0.00947	0.01130	0.00945	0.04920	0.03098	0.03327	0.28184	0.01453	0.32143	0.09049	0.01394	0.01161	0.00542	0.00431	0.00133	0.00418	0.00435	0.00442	0.00673
1	0.01077	0.01058	0.01778	0.06970	0.70910	0.03203	0.05916	0.01340	0.00995	0.01397	0.00818	0.01082	0.00680	0.00392	0.00436	0.00131	0.00541	0.00393	0.00215	0.00669
2	0.00974	0.00783	0.00919	0.00660	0.01045	0.00601	0.00530	0.02880	0.00947	0.05531	0.00829	0.00937	0.00670	0.00338	0.00331	0.00070	0.00329	0.00270	0.00276	0.81080
3	0.00613	0.00445	0.00575	0.00543	0.00645	0.00410	0.00405	0.00811	0.01211	0.01705	0.76730	0.03288	0.07316	0.02726	0.00552	0.00144	0.00211	0.00791	0.00472	0.00406
4	0.01646	0.01964	0.01230	0.01100	0.01338	0.74105	0.00833	0.06587	0.01286	0.04936	0.00746	0.00835	0.00597	0.00458	0.00398	0.00115	0.00748	0.00295	0.00252	0.00531
5	0.01059	0.01016	0.01734	0.09094	0.75693	0.01031	0.01328	0.01321	0.00983	0.01400	0.00817	0.01086	0.00682	0.00392	0.00432	0.00131	0.00523	0.00389	0.00214	0.00674
6	0.01166	0.84935	0.02285	0.00746	0.01119	0.01726	0.00746	0.01306	0.00886	0.01026	0.00606	0.00700	0.00560	0.00373	0.00280	0.00093	0.00466	0.00233	0.00187	0.00560
7	0.00837	0.00788	0.01331	0.79538	0.06989	0.00972	0.01218	0.01126	0.00878	0.01130	0.00777	0.01159	0.00587	0.00434	0.00436	0.00145	0.00578	0.00388	0.00195	0.00495
8	0.00629	0.00444	0.00583	0.00583	0.00620	0.00481	0.00398	0.00703	0.00666	0.00925	0.01276	0.02311	0.01350	0.45940	0.40630	0.00555	0.00778	0.00555	0.00250	0.00324
9	0.00515	0.00442	0.00442	0.00442	0.00589	0.00368	0.00331	0.00626	0.00994	0.01178	0.04418	0.04197	0.81775	0.01105	0.00515	0.00147	0.00221	0.00920	0.00405	0.00368
10	0.01655	0.01158	0.01264	0.00967	0.01317	0.01253	0.00798	0.69814	0.01927	0.10187	0.01099	0.01082	0.00770	0.00517	0.00432	0.00129	0.00463	0.00391	0.00439	0.04336
11	0.01079	0.01036	0.01770	0.02677	0.81952	0.01036	0.01339	0.01339	0.00993	0.01425	0.00820	0.01079	0.00691	0.00389	0.00432	0.00130	0.00518	0.00389	0.00216	0.00691
12	0.00703	0.00502	0.00703	0.00803	0.00904	0.00502	0.00703	0.00904	0.01004	0.01305	0.02309	0.04920	0.02510	0.01205	0.00602	0.00201	0.00402	0.79016	0.00402	0.00402
13	0.00634	0.00423	0.00476	0.00476	0.00476	0.00423	0.00264	0.00634	0.00634	0.00846	0.01374	0.02854	0.01586	0.84672	0.02220	0.00423	0.00423	0.00634	0.00264	0.00264
14	0.00531	0.00383	0.00503	0.00598	0.00630	0.00355	0.00401	0.00608	0.00844	0.01117	0.02513	0.80045	0.07157	0.01352	0.00554	0.00176	0.00251	0.01223	0.00405	0.00355
15	0.00824	0.00775	0.01308	0.83624	0.03004	0.00969	0.01211	0.01114	0.00872	0.01114	0.00775	0.01163	0.00581	0.00436	0.00436	0.00145	0.00581	0.00388	0.00194	0.00484
16	0.87753	0.00843	0.00641	0.00574	0.00843	0.00978	0.00472	0.01282	0.00742	0.01957	0.00607	0.00709	0.00472	0.00405	0.00270	0.00135	0.00337	0.00236	0.00270	0.00472
17	0.01166	0.84935	0.02285	0.00746	0.01119	0.01726	0.00746	0.01306	0.00886	0.01026	0.00606	0.00700	0.00560	0.00373	0.00280	0.00093	0.00466	0.00233	0.00187	0.00560
18	0.01668	0.01206	0.01299	0.00996	0.01345	0.01329	0.00823	0.77930	0.02024	0.05354	0.01069	0.01061	0.00753	0.00524	0.00436	0.00131	0.00476	0.00394	0.00440	0.00742
19	0.00617	0.00446	0.00583	0.00549	0.00652	0.00412	0.00412	0.00823	0.01235	0.01749	0.81722	0.03258	0.04115	0.00892	0.00514	0.00137	0.00206	0.00789	0.00480	0.00412
20	0.00519	0.00442	0.00447	0.00445	0.00591	0.00370	0.00334	0.00632	0.01002	0.01197	0.06989	0.04166	0.79192	0.01097	0.00515	0.00147	0.00220	0.00916	0.00408	0.00370
21	0.00548	0.00403	0.00514	0.00572	0.00631	0.00369	0.00396	0.00657	0.00944	0.01261	0.19997	0.55664	0.13987	0.01227	0.00542	0.00164	0.00238	0.01098	0.00421	0.00369
22	0.00614	0.00446	0.00578	0.00545	0.00649	0.00410	0.00409	0.00816	0.01226	0.01730	0.79118	0.03290	0.06731	0.00899	0.00514	0.00138	0.00206	0.00793	0.00478	0.00410
23	0.00542	0.00388	0.00515	0.00600	0.00635	0.00361	0.00406	0.00633	0.00883	0.01190	0.12027	0.74545	0.03034	0.01309	0.00552	0.00172	0.00247	0.01185	0.00414	0.00361
24	0.00867	0.00819	0.01386	0.70001	0.16290	0.00980	0.01233	0.01152	0.00892	0.01167	0.00783	0.01149	0.00600	0.00428	0.00435	0.00143	0.00571	0.00388	0.00198	0.00519
25	0.01629	0.02079	0.01236	0.01124	0.01348	0.82921	0.00843	0.01742	0.01236	0.01067	0.00674	0.00787	0.00562	0.00449	0.00393	0.00112	0.00787	0.00281	0.00225	0.00506
26	0.00904	0.00775	0.00904	0.00646	0.01034	0.00581	0.00517	0.01098	0.00904	0.01421	0.00775	0.00904	0.00646	0.00323	0.00323	0.00065	0.00323	0.00258	0.00258	0.87339
27	0.05274	0.00435	0.00577	0.00639	0.00699	0.00416	0.02757	0.00678	0.00850	0.01177	0.02367	0.70425	0.06924	0.01266	0.00539	0.00173	0.00275	0.03767	0.00392	0.00370
28	0.01472	0.00689	0.00951	0.00752	0.01039	0.00601	0.05084	0.01661	0.02609	0.51887	0.06537	0.03410	0.17582	0.00671	0.00461	0.00137	0.00349	0.00568	0.00479	0.03060
29	0.02614	0.00919	0.01042	0.00941	0.04875	0.02499	0.00713	0.12634	0.40115	0.19399	0.05927	0.01644	0.01324	0.00590	0.00446	0.00142	0.00379	0.02672	0.00447	0.00679

[dist]
# distance from previous block
# <min> <max>
0	6

# created by:
# /home/cegg/simao/soft/augustus-3.2.1/scripts/msa2prfl.pl ./align_prep/EOG091G0YU6.fa
