[name]
unknown

[dist]
# distance from previous block
# <min> <max>
0	277

[block]
# block no. 0 follows, 47 sequences, length 10
# corresponding to MSA columns:
# 327-336
name=unknown_A
#
# <colnr> <probs for GDERKNQSTAVLIFYWHMCP>
#	G	D	E	R	K	N	Q	S	T	A	V	L	I	F	Y	W	H	M	C	P
0	0.09999	0.02479	0.08053	0.27316	0.16257	0.01140	0.02649	0.04945	0.04869	0.10979	0.01162	0.01457	0.00892	0.04926	0.00612	0.00183	0.00598	0.00467	0.00327	0.00690
1	0.07145	0.04278	0.04664	0.00967	0.01360	0.02530	0.00819	0.17475	0.13982	0.18953	0.03018	0.01627	0.04936	0.00619	0.00483	0.00146	0.00468	0.00486	0.00469	0.15576
2	0.01116	0.00688	0.00891	0.00809	0.00942	0.00734	0.00605	0.05312	0.04823	0.12741	0.04278	0.02312	0.03923	0.19832	0.22203	0.10624	0.05250	0.00605	0.01798	0.00512
3	0.01205	0.01239	0.10696	0.01143	0.05791	0.00946	0.05661	0.12437	0.01294	0.01903	0.01091	0.05487	0.00924	0.00509	0.00455	0.00117	0.00499	0.00433	0.00333	0.47838
4	0.01363	0.59158	0.02393	0.12643	0.01691	0.08167	0.00996	0.01551	0.01075	0.01246	0.00758	0.00942	0.00673	0.00490	0.00449	0.00129	0.05084	0.00320	0.00228	0.00644
5	0.01126	0.00697	0.00824	0.00737	0.00858	0.00717	0.00510	0.12153	0.01104	0.10742	0.01603	0.02726	0.01600	0.50440	0.11563	0.00453	0.00617	0.00662	0.00381	0.00486
6	0.01231	0.00921	0.01095	0.00790	0.01246	0.00703	0.00635	0.01459	0.01129	0.10988	0.01062	0.01163	0.00834	0.00417	0.00402	0.00087	0.00393	0.00334	0.00349	0.74762
7	0.01222	0.01198	0.07420	0.02103	0.40397	0.01106	0.01239	0.12528	0.04169	0.01887	0.03690	0.13349	0.05942	0.00738	0.00546	0.00166	0.00538	0.00663	0.00359	0.00739
8	0.01134	0.01155	0.06541	0.01435	0.15686	0.00902	0.10002	0.01429	0.01119	0.01691	0.00951	0.01159	0.00776	0.00414	0.00444	0.00109	0.00512	0.00379	0.00288	0.53875
9	0.72926	0.00926	0.00742	0.00691	0.00970	0.01059	0.00552	0.01412	0.00903	0.02189	0.01040	0.12675	0.00987	0.00652	0.00373	0.00169	0.00388	0.00458	0.00346	0.00543

[dist]
# distance from previous block
# <min> <max>
0	16

[block]
# block no. 1 follows, 47 sequences, length 29
# corresponding to MSA columns:
# 360-388
name=unknown_B
#
# <colnr> <probs for GDERKNQSTAVLIFYWHMCP>
#	G	D	E	R	K	N	Q	S	T	A	V	L	I	F	Y	W	H	M	C	P
0	0.00676	0.00544	0.00607	0.00581	0.00750	0.00467	0.00438	0.00851	0.01283	0.01656	0.30596	0.04470	0.49657	0.01194	0.00606	0.00168	0.00262	0.01014	0.00508	0.03670
1	0.00780	0.00602	0.00750	0.00769	0.00877	0.00592	0.00556	0.03217	0.04224	0.01516	0.07164	0.49608	0.10548	0.01336	0.00679	0.00191	0.04840	0.02574	0.02064	0.07111
2	0.00786	0.00541	0.00613	0.00597	0.00626	0.00540	0.00351	0.00845	0.03140	0.01077	0.01622	0.03241	0.01827	0.74198	0.04387	0.00487	0.00519	0.00730	0.00321	0.03552
3	0.01076	0.00986	0.01650	0.56016	0.18576	0.01148	0.02840	0.03678	0.01096	0.01447	0.00948	0.01376	0.00741	0.00588	0.00612	0.05225	0.00664	0.00466	0.00246	0.00619
4	0.01419	0.78138	0.02668	0.00913	0.01350	0.05838	0.00897	0.01585	0.01078	0.01228	0.00728	0.00840	0.00668	0.00450	0.00341	0.00112	0.00576	0.00281	0.00225	0.00665
5	0.00643	0.00525	0.00569	0.00575	0.00730	0.00451	0.00431	0.00792	0.01218	0.01512	0.16338	0.10500	0.59028	0.01306	0.00622	0.00179	0.00270	0.03365	0.00497	0.00448
6	0.00995	0.00696	0.00771	0.00719	0.00821	0.00733	0.00492	0.11559	0.08032	0.01544	0.01726	0.04966	0.01780	0.50251	0.01825	0.00374	0.00479	0.04716	0.07055	0.00466
7	0.09684	0.01095	0.01195	0.00912	0.01331	0.01049	0.00738	0.22187	0.08150	0.05505	0.01147	0.01209	0.00876	0.00500	0.00435	0.00119	0.00443	0.00384	0.00402	0.42639
8	0.00926	0.00568	0.00709	0.00689	0.00847	0.00506	0.00517	0.01093	0.01264	0.13481	0.23681	0.23269	0.25194	0.01229	0.00617	0.00182	0.00304	0.03873	0.00532	0.00520
9	0.00697	0.00499	0.00619	0.00690	0.00731	0.00484	0.00452	0.00828	0.04197	0.01306	0.04695	0.53164	0.05427	0.22314	0.01171	0.00284	0.00357	0.01228	0.00444	0.00415
10	0.03578	0.01191	0.03753	0.26848	0.23115	0.01248	0.17872	0.04006	0.03624	0.03743	0.01029	0.01354	0.00797	0.00520	0.00599	0.00171	0.05078	0.00495	0.00278	0.00702
11	0.01476	0.49080	0.05838	0.01137	0.03645	0.18839	0.02907	0.03496	0.01193	0.01355	0.02815	0.01001	0.00794	0.00509	0.00454	0.00129	0.04082	0.00339	0.00251	0.00661
12	0.09841	0.00891	0.01024	0.00768	0.01176	0.00731	0.00616	0.01438	0.01145	0.10377	0.08709	0.01412	0.01219	0.00492	0.00417	0.00104	0.00380	0.00393	0.00374	0.58495
13	0.02332	0.08252	0.13593	0.04852	0.12095	0.03848	0.06128	0.08442	0.06372	0.11657	0.04247	0.06559	0.01202	0.00647	0.00583	0.00163	0.05332	0.00535	0.00367	0.02795
14	0.04038	0.03376	0.01151	0.00903	0.01228	0.00897	0.00730	0.09229	0.10738	0.41701	0.08964	0.08171	0.02998	0.00765	0.00530	0.00165	0.00417	0.00634	0.02590	0.00774
15	0.00801	0.00544	0.00659	0.00666	0.00727	0.00564	0.00463	0.00943	0.02413	0.01411	0.09362	0.14269	0.04413	0.30850	0.07585	0.00348	0.03865	0.04309	0.15386	0.00422
16	0.01231	0.01122	0.03047	0.24810	0.17242	0.03186	0.08372	0.05554	0.06497	0.05560	0.02348	0.03900	0.01024	0.02862	0.00689	0.00179	0.07530	0.00528	0.01919	0.02400
17	0.01679	0.08299	0.03648	0.00943	0.01273	0.02872	0.00791	0.08628	0.09308	0.34714	0.05691	0.08446	0.05663	0.00872	0.03095	0.00185	0.02003	0.00624	0.00517	0.00749
18	0.00940	0.00624	0.00769	0.00778	0.00917	0.00607	0.00581	0.05548	0.06269	0.08197	0.10537	0.38413	0.11480	0.01285	0.00621	0.00193	0.00343	0.08278	0.03088	0.00532
19	0.00950	0.00899	0.01162	0.06290	0.12942	0.06479	0.06626	0.01227	0.05022	0.01561	0.08135	0.07141	0.31370	0.00969	0.00580	0.00172	0.00461	0.04783	0.02668	0.00564
20	0.05499	0.46801	0.12493	0.03986	0.01573	0.10146	0.01055	0.06003	0.01185	0.03626	0.00835	0.00961	0.00694	0.00495	0.00430	0.00133	0.02813	0.00329	0.00262	0.00683
21	0.00693	0.02562	0.00709	0.00739	0.00805	0.00520	0.00528	0.00818	0.01082	0.01448	0.13473	0.57484	0.07974	0.01471	0.00681	0.00202	0.02741	0.05143	0.00482	0.00447
22	0.00680	0.00493	0.00610	0.00685	0.00743	0.00463	0.00473	0.00775	0.01000	0.01300	0.02995	0.43683	0.15470	0.18601	0.01085	0.00271	0.00359	0.09457	0.00447	0.00409
23	0.01102	0.04504	0.17436	0.00903	0.01222	0.00764	0.00873	0.01399	0.01309	0.15193	0.33240	0.05889	0.05992	0.01030	0.04495	0.00199	0.00471	0.02886	0.00471	0.00620
24	0.03265	0.10854	0.35578	0.02578	0.03312	0.02382	0.04852	0.09030	0.03614	0.11059	0.01122	0.01248	0.00823	0.00686	0.03890	0.00189	0.04020	0.00425	0.00319	0.00752
25	0.01054	0.01099	0.05490	0.07089	0.03335	0.02678	0.02499	0.01267	0.02992	0.01343	0.03496	0.05503	0.01092	0.03482	0.09995	0.00287	0.45916	0.00545	0.00270	0.00568
26	0.00889	0.00618	0.00732	0.00698	0.00865	0.00582	0.00528	0.04279	0.04991	0.07722	0.22595	0.13950	0.29611	0.03250	0.03955	0.00213	0.00358	0.03131	0.00510	0.00522
27	0.01220	0.01175	0.05623	0.32535	0.22434	0.03352	0.07337	0.06593	0.01234	0.04858	0.02975	0.03749	0.00973	0.00559	0.00526	0.00165	0.00645	0.00513	0.02845	0.00687
28	0.01490	0.01436	0.16841	0.01531	0.14104	0.03603	0.06179	0.13592	0.03559	0.17265	0.03476	0.06743	0.02221	0.00753	0.02864	0.00185	0.02430	0.00561	0.00403	0.00764

[dist]
# distance from previous block
# <min> <max>
1	5

[block]
# block no. 2 follows, 47 sequences, length 19
# corresponding to MSA columns:
# 395-413
name=unknown_C
#
# <colnr> <probs for GDERKNQSTAVLIFYWHMCP>
#	G	D	E	R	K	N	Q	S	T	A	V	L	I	F	Y	W	H	M	C	P
0	0.05957	0.15590	0.03384	0.02743	0.17638	0.13155	0.07272	0.03449	0.01185	0.01550	0.01324	0.14592	0.03112	0.00688	0.00492	0.00151	0.00592	0.00588	0.00310	0.06229
1	0.00860	0.00607	0.00696	0.00635	0.00831	0.00540	0.00485	0.01110	0.04672	0.06548	0.28485	0.03732	0.33153	0.01031	0.00566	0.00158	0.00284	0.00874	0.07335	0.07396
2	0.01283	0.47503	0.18894	0.01102	0.01587	0.03731	0.06784	0.01612	0.03582	0.01440	0.00921	0.01064	0.00760	0.00480	0.00402	0.00131	0.00607	0.00355	0.07082	0.00681
3	0.07883	0.00662	0.00862	0.00894	0.06037	0.00655	0.00623	0.01248	0.01145	0.13848	0.16383	0.15079	0.07601	0.05091	0.15541	0.00311	0.00552	0.00786	0.04244	0.00554
4	0.00673	0.00524	0.00611	0.00602	0.00742	0.00462	0.00447	0.00853	0.01303	0.01712	0.38448	0.10693	0.38608	0.01228	0.00619	0.00173	0.00259	0.01058	0.00525	0.00462
5	0.01033	0.00658	0.00815	0.00736	0.00926	0.00629	0.00565	0.01414	0.11203	0.13460	0.47866	0.05131	0.11496	0.00995	0.00591	0.00167	0.00300	0.00862	0.00567	0.00586
6	0.76290	0.01019	0.00829	0.00723	0.01055	0.01161	0.00596	0.04835	0.00994	0.07439	0.00836	0.00925	0.00626	0.00500	0.00344	0.00161	0.00413	0.00306	0.00352	0.00599
7	0.00762	0.00821	0.10739	0.00823	0.01007	0.00604	0.00691	0.01039	0.06162	0.01546	0.12327	0.46654	0.08657	0.01274	0.00612	0.00189	0.00363	0.01132	0.00457	0.04141
8	0.01193	0.36486	0.46506	0.01232	0.01863	0.01572	0.01484	0.01611	0.01082	0.01469	0.00845	0.00987	0.00663	0.00474	0.00426	0.00142	0.00679	0.00340	0.00221	0.00726
9	0.01980	0.01184	0.01435	0.11280	0.01765	0.01250	0.00968	0.40319	0.01923	0.30230	0.01498	0.01456	0.01006	0.00619	0.00522	0.00160	0.00542	0.00488	0.00528	0.00846
10	0.11824	0.00936	0.01460	0.70201	0.03255	0.01158	0.01333	0.01356	0.01021	0.01460	0.00900	0.01319	0.00677	0.00516	0.00495	0.00172	0.00657	0.00440	0.00243	0.00577
11	0.85377	0.01007	0.00765	0.00685	0.01007	0.01168	0.00564	0.01531	0.00886	0.02336	0.00725	0.00846	0.00564	0.00483	0.00322	0.00161	0.00403	0.00282	0.00322	0.00564
12	0.00910	0.00759	0.00685	0.00667	0.00702	0.10666	0.00404	0.00927	0.00850	0.01044	0.01533	0.03091	0.01736	0.71273	0.02370	0.00457	0.00561	0.00703	0.00309	0.00353
13	0.00650	0.00469	0.00619	0.00733	0.00779	0.00438	0.00507	0.00755	0.01024	0.01352	0.02994	0.71029	0.07527	0.01599	0.00666	0.00212	0.00314	0.07420	0.00483	0.00428
14	0.00763	0.00778	0.10650	0.00714	0.00831	0.00576	0.00561	0.00870	0.00883	0.01194	0.03540	0.17657	0.06163	0.50480	0.01855	0.00382	0.00483	0.00866	0.00349	0.00404
15	0.44494	0.01285	0.01058	0.00900	0.01238	0.15648	0.00724	0.07332	0.01250	0.20032	0.01088	0.01109	0.00776	0.00541	0.00411	0.00156	0.00524	0.00362	0.00402	0.00670
16	0.01147	0.00816	0.00973	0.00750	0.01113	0.00648	0.00586	0.01354	0.01116	0.10100	0.03302	0.08701	0.01267	0.03694	0.00518	0.00121	0.00374	0.00487	0.07207	0.55728
17	0.01133	0.00754	0.00933	0.00833	0.01064	0.00702	0.00647	0.09697	0.01313	0.11679	0.10332	0.26465	0.05105	0.01039	0.00593	0.00168	0.01943	0.07701	0.00478	0.17421
18	0.00705	0.00779	0.10677	0.00773	0.00955	0.00547	0.00666	0.00899	0.01129	0.01489	0.11579	0.36392	0.24444	0.01323	0.00627	0.00192	0.00356	0.05527	0.00459	0.00483

[dist]
# distance from previous block
# <min> <max>
0	1

[block]
# block no. 3 follows, 47 sequences, length 8
# corresponding to MSA columns:
# 415-422
name=unknown_D
#
# <colnr> <probs for GDERKNQSTAVLIFYWHMCP>
#	G	D	E	R	K	N	Q	S	T	A	V	L	I	F	Y	W	H	M	C	P
0	0.02200	0.00922	0.01197	0.00926	0.01311	0.00841	0.00762	0.10759	0.01570	0.64931	0.01939	0.01726	0.01247	0.00640	0.00512	0.00158	0.00444	0.00515	0.06542	0.00858
1	0.01076	0.09156	0.07049	0.01067	0.01341	0.00874	0.12561	0.01346	0.03857	0.10602	0.05003	0.30811	0.05807	0.01043	0.00589	0.00184	0.00481	0.06134	0.00427	0.00593
2	0.04633	0.03732	0.25904	0.20055	0.16150	0.03827	0.05531	0.04120	0.01148	0.03144	0.00984	0.02642	0.00772	0.00540	0.00564	0.00167	0.04669	0.00450	0.00261	0.00705
3	0.00683	0.00509	0.00664	0.00741	0.00771	0.00513	0.00503	0.00766	0.00961	0.01287	0.02661	0.62999	0.06023	0.11750	0.00986	0.00248	0.05766	0.01304	0.00445	0.00420
4	0.40436	0.08375	0.03944	0.06882	0.06660	0.11541	0.00882	0.04465	0.01115	0.07269	0.00885	0.01026	0.00684	0.00521	0.00447	0.00156	0.03408	0.00348	0.00318	0.00639
5	0.00993	0.00703	0.00943	0.01100	0.14294	0.00654	0.00689	0.01230	0.03856	0.10572	0.17440	0.12302	0.28059	0.01033	0.00581	0.00170	0.00351	0.00897	0.03553	0.00581
6	0.26585	0.01090	0.01169	0.00907	0.01309	0.06662	0.05787	0.01644	0.01123	0.13563	0.01037	0.01127	0.00782	0.00469	0.00409	0.00126	0.00473	0.00356	0.00358	0.35024
7	0.00850	0.00552	0.00608	0.00589	0.00628	0.00560	0.00357	0.04778	0.00891	0.01256	0.01628	0.03094	0.01764	0.66320	0.02225	0.00434	0.00472	0.00705	0.11917	0.00369

[dist]
# distance from previous block
# <min> <max>
0	7

[block]
# block no. 4 follows, 47 sequences, length 86
# corresponding to MSA columns:
# 430-454,456-480,482-517
name=unknown_E
#
# <colnr> <probs for GDERKNQSTAVLIFYWHMCP>
#	G	D	E	R	K	N	Q	S	T	A	V	L	I	F	Y	W	H	M	C	P
0	0.00876	0.00573	0.00738	0.03535	0.00919	0.00526	0.00535	0.01082	0.01351	0.09739	0.45284	0.12937	0.17685	0.01116	0.00608	0.00172	0.00292	0.00974	0.00541	0.00518
1	0.01051	0.00827	0.00989	0.00770	0.01141	0.00642	0.00597	0.01253	0.01083	0.05447	0.01378	0.17494	0.01342	0.00653	0.00449	0.00109	0.00371	0.00558	0.00361	0.63483
2	0.00781	0.00555	0.00636	0.00601	0.00774	0.00481	0.00456	0.00958	0.01310	0.07186	0.30726	0.04385	0.46901	0.01181	0.00608	0.00171	0.00270	0.01002	0.00527	0.00490
3	0.00983	0.00926	0.01562	0.80447	0.03587	0.01157	0.01446	0.01331	0.01041	0.01331	0.00926	0.01388	0.00694	0.00521	0.00521	0.00174	0.00694	0.00463	0.00231	0.00579
4	0.01289	0.01237	0.02114	0.03196	0.78450	0.01237	0.01598	0.01598	0.01186	0.01701	0.00980	0.01289	0.00825	0.00464	0.00516	0.00155	0.00619	0.00464	0.00258	0.00825
5	0.01328	0.01130	0.01803	0.08991	0.48311	0.01097	0.02623	0.03042	0.01205	0.08402	0.01065	0.01302	0.00845	0.00473	0.00494	0.00143	0.00570	0.00443	0.00304	0.16430
6	0.82584	0.01056	0.00789	0.00707	0.01027	0.03794	0.00579	0.01549	0.00906	0.02301	0.00728	0.00849	0.00568	0.00485	0.00327	0.00160	0.00421	0.00284	0.00320	0.00565
7	0.01280	0.01228	0.02098	0.05455	0.76261	0.01235	0.01594	0.01590	0.01182	0.01690	0.00978	0.01292	0.00821	0.00466	0.00516	0.00155	0.00621	0.00464	0.00257	0.00818
8	0.00634	0.00453	0.00604	0.00725	0.00755	0.00423	0.00483	0.00725	0.00997	0.01329	0.02870	0.81358	0.03444	0.01632	0.00665	0.00211	0.00302	0.01480	0.00483	0.00423
9	0.01109	0.00925	0.01083	0.00775	0.01236	0.00696	0.00621	0.01340	0.01089	0.03499	0.00952	0.01096	0.00783	0.00392	0.00389	0.00079	0.00387	0.00314	0.00316	0.82919
10	0.74074	0.00996	0.00872	0.11368	0.01353	0.01167	0.00682	0.01504	0.00907	0.02202	0.00752	0.00919	0.00581	0.00488	0.00349	0.00163	0.00442	0.00306	0.00310	0.00566
11	0.01224	0.06016	0.28403	0.03278	0.17958	0.04733	0.03065	0.04089	0.01197	0.03823	0.03227	0.01232	0.00872	0.00489	0.00475	0.00140	0.00623	0.00407	0.00282	0.18467
12	0.00973	0.00746	0.00836	0.00778	0.00967	0.00791	0.00593	0.01674	0.30236	0.02046	0.32470	0.04315	0.07648	0.00889	0.00547	0.00164	0.00311	0.00761	0.12642	0.00612
13	0.00920	0.01003	0.12761	0.02724	0.07417	0.02276	0.00837	0.01191	0.02585	0.05414	0.19598	0.05624	0.23392	0.05049	0.04860	0.00221	0.02352	0.00789	0.00419	0.00566
14	0.01582	0.01515	0.11005	0.05705	0.10999	0.02988	0.14300	0.35953	0.01759	0.04605	0.01147	0.01297	0.00841	0.00568	0.00551	0.01367	0.00657	0.00482	0.01883	0.00795
15	0.01021	0.00990	0.11518	0.01017	0.02613	0.00769	0.08434	0.01359	0.04031	0.09094	0.30902	0.02811	0.09372	0.01032	0.05292	0.00207	0.02220	0.01920	0.04798	0.00600
16	0.02879	0.05665	0.16611	0.01319	0.06331	0.01402	0.02508	0.38637	0.06015	0.08385	0.01246	0.01287	0.00896	0.00576	0.00500	0.00155	0.00587	0.00450	0.01962	0.02589
17	0.00787	0.00573	0.00813	0.00803	0.00895	0.00654	0.00611	0.02947	0.00880	0.01268	0.01430	0.02178	0.01360	0.12684	0.65779	0.00755	0.01229	0.00576	0.03319	0.00460
18	0.07578	0.07677	0.07988	0.01297	0.08007	0.01314	0.05078	0.19989	0.18366	0.12407	0.04109	0.01502	0.01167	0.00602	0.00500	0.00160	0.00532	0.00491	0.00442	0.00794
19	0.00741	0.00555	0.00770	0.00952	0.06830	0.00535	0.00618	0.02868	0.01070	0.01433	0.02669	0.65654	0.03129	0.01495	0.00655	0.00208	0.00351	0.08527	0.00467	0.00472
20	0.01045	0.02694	0.79000	0.01484	0.02254	0.01209	0.01924	0.01649	0.01099	0.01649	0.00935	0.01099	0.00660	0.00495	0.00495	0.00165	0.00770	0.00385	0.00220	0.00770
21	0.00758	0.00579	0.00864	0.00856	0.00946	0.00685	0.00669	0.00942	0.00836	0.01211	0.01369	0.02013	0.01280	0.03798	0.76834	0.00815	0.04246	0.00554	0.00277	0.00469
22	0.80679	0.01001	0.00801	0.03023	0.01091	0.01157	0.00595	0.01552	0.00907	0.04361	0.00767	0.00887	0.00587	0.00489	0.00333	0.00162	0.00412	0.00294	0.00328	0.00573
23	0.01356	0.01491	0.13263	0.01962	0.26427	0.03076	0.10025	0.14893	0.13587	0.02015	0.01332	0.01527	0.02770	0.00579	0.00553	0.00165	0.02065	0.01774	0.00351	0.00789
24	0.03987	0.48390	0.02104	0.00929	0.01345	0.07175	0.00851	0.01906	0.01221	0.25890	0.01152	0.01141	0.00863	0.00516	0.00404	0.00130	0.00544	0.00360	0.00363	0.00730
25	0.01070	0.01419	0.23332	0.01091	0.01481	0.01052	0.03232	0.04959	0.25506	0.01908	0.12596	0.02317	0.12121	0.00772	0.00581	0.00171	0.03099	0.00638	0.01960	0.00695
26	0.00770	0.00510	0.00629	0.00668	0.00740	0.00474	0.00452	0.00863	0.01027	0.05645	0.08041	0.38973	0.13607	0.22197	0.01161	0.00277	0.00357	0.02726	0.00455	0.00429
27	0.01058	0.02601	0.73566	0.01535	0.02287	0.01217	0.07265	0.01651	0.01109	0.01651	0.00943	0.01121	0.00669	0.00491	0.00503	0.00166	0.00777	0.00401	0.00223	0.00765
28	0.00780	0.00557	0.00660	0.00672	0.00830	0.00496	0.00527	0.00949	0.01229	0.06111	0.14186	0.11723	0.42025	0.01297	0.00635	0.00189	0.00319	0.15829	0.00504	0.00480
29	0.01211	0.01419	0.06140	0.02027	0.02489	0.01349	0.61484	0.01637	0.02900	0.01623	0.01023	0.01368	0.00788	0.00511	0.00754	0.00182	0.11560	0.00583	0.00263	0.00690
30	0.01257	0.01374	0.14876	0.07569	0.22603	0.03475	0.06047	0.07478	0.08528	0.04744	0.03839	0.01599	0.03066	0.00624	0.01669	0.00168	0.00597	0.00506	0.09254	0.00728
31	0.11814	0.37665	0.10510	0.01041	0.01453	0.12795	0.00988	0.08618	0.03944	0.01643	0.00895	0.02428	0.00759	0.00530	0.00441	0.00138	0.03022	0.00355	0.00285	0.00676
32	0.04382	0.03167	0.01343	0.01004	0.01402	0.01091	0.00830	0.27433	0.01771	0.47797	0.01706	0.01580	0.01130	0.02221	0.00554	0.00165	0.00490	0.00497	0.00577	0.00861
33	0.00649	0.00518	0.00581	0.00588	0.00730	0.00450	0.00432	0.00803	0.01232	0.01567	0.23208	0.15638	0.49170	0.01300	0.00622	0.00178	0.00265	0.01114	0.00506	0.00450
34	0.02870	0.03108	0.17263	0.09097	0.16957	0.02822	0.09075	0.12079	0.06637	0.05686	0.01140	0.02683	0.00884	0.00577	0.00610	0.00168	0.06783	0.00483	0.00325	0.00751
35	0.05156	0.03579	0.03594	0.01307	0.11429	0.02604	0.08677	0.07547	0.01245	0.06975	0.01030	0.01180	0.00806	0.00450	0.00446	0.00118	0.00513	0.00388	0.00332	0.42624
36	0.72664	0.07910	0.00995	0.00794	0.03058	0.04495	0.00637	0.01558	0.00933	0.02182	0.00735	0.00860	0.00584	0.00482	0.00334	0.00156	0.00444	0.00289	0.00310	0.00581
37	0.03944	0.06340	0.02521	0.04695	0.05178	0.04650	0.50915	0.01591	0.02683	0.01612	0.02531	0.04718	0.01005	0.02352	0.02732	0.00194	0.00790	0.00602	0.00283	0.00664
38	0.02962	0.01342	0.01725	0.18239	0.37391	0.14738	0.01330	0.02905	0.03693	0.01605	0.03211	0.01345	0.00917	0.00538	0.00554	0.00158	0.03940	0.00456	0.02246	0.00704
39	0.00773	0.00538	0.00694	0.00653	0.00783	0.00499	0.00492	0.01010	0.01424	0.03546	0.67417	0.03764	0.08213	0.01142	0.03171	0.00184	0.00288	0.00910	0.04003	0.00496
40	0.00733	0.00506	0.00654	0.00688	0.00780	0.00463	0.00489	0.00891	0.01216	0.04413	0.32057	0.41745	0.10714	0.01349	0.00636	0.00188	0.00282	0.01204	0.00524	0.00467
41	0.00638	0.00519	0.00566	0.00574	0.00723	0.00446	0.00423	0.00784	0.01211	0.01512	0.17239	0.14632	0.56284	0.01316	0.00622	0.00178	0.00266	0.01122	0.00499	0.00446
42	0.00694	0.00527	0.00639	0.00619	0.00754	0.00472	0.00461	0.00897	0.01361	0.01838	0.51726	0.08259	0.27508	0.01173	0.00617	0.00170	0.00254	0.01018	0.00541	0.00472
43	0.01392	0.82012	0.02729	0.00891	0.01337	0.02061	0.00891	0.01559	0.01058	0.01225	0.00724	0.00835	0.00668	0.00446	0.00334	0.00111	0.00557	0.00278	0.00223	0.00668
44	0.01392	0.82012	0.02729	0.00891	0.01337	0.02061	0.00891	0.01559	0.01058	0.01225	0.00724	0.00835	0.00668	0.00446	0.00334	0.00111	0.00557	0.00278	0.00223	0.00668
45	0.00642	0.00459	0.00611	0.00720	0.00757	0.00428	0.00484	0.00744	0.01031	0.01384	0.08259	0.75814	0.03549	0.01591	0.00661	0.00208	0.00298	0.01442	0.00490	0.00428
46	0.00638	0.00475	0.00597	0.00692	0.00757	0.00434	0.00478	0.00744	0.01046	0.01355	0.03387	0.61858	0.19621	0.01556	0.00656	0.00205	0.00301	0.04288	0.00483	0.00429
47	0.02336	0.00886	0.01209	0.00927	0.01329	0.00765	0.00765	0.02538	0.01491	0.78810	0.02055	0.01773	0.01289	0.00645	0.00524	0.00161	0.00443	0.00524	0.00645	0.00886
48	0.01263	0.01084	0.01151	0.01048	0.01330	0.01249	0.00816	0.02657	0.72897	0.02135	0.02161	0.04025	0.01686	0.00755	0.00540	0.00180	0.00412	0.03282	0.00527	0.00802
49	0.85377	0.01007	0.00765	0.00685	0.01007	0.01168	0.00564	0.01531	0.00886	0.02336	0.00725	0.00846	0.00564	0.00483	0.00322	0.00161	0.00403	0.00282	0.00322	0.00564
50	0.85377	0.01007	0.00765	0.00685	0.01007	0.01168	0.00564	0.01531	0.00886	0.02336	0.00725	0.00846	0.00564	0.00483	0.00322	0.00161	0.00403	0.00282	0.00322	0.00564
51	0.01497	0.01219	0.01291	0.01101	0.01431	0.01389	0.00873	0.24530	0.55418	0.02503	0.01864	0.01739	0.01382	0.00683	0.00527	0.00171	0.00459	0.00553	0.00527	0.00842
52	0.00887	0.00565	0.00760	0.00828	0.00945	0.00534	0.00656	0.01059	0.01159	0.08896	0.05432	0.33754	0.08323	0.01414	0.00669	0.00215	0.00386	0.32523	0.00500	0.00495
53	0.06932	0.05723	0.05687	0.05376	0.15380	0.09748	0.01027	0.11319	0.01355	0.12219	0.04507	0.01622	0.03167	0.02167	0.03949	0.00192	0.03487	0.01663	0.03779	0.00699
54	0.05783	0.00915	0.01198	0.00928	0.01324	0.00824	0.00765	0.04488	0.04222	0.70820	0.01979	0.01726	0.01259	0.00639	0.00515	0.00162	0.00444	0.00514	0.00624	0.00870
55	0.02093	0.00922	0.01182	0.00929	0.01307	0.00850	0.00760	0.07624	0.08500	0.60963	0.02235	0.01983	0.06795	0.00697	0.00531	0.00163	0.00437	0.00567	0.00614	0.00849
56	0.01168	0.00763	0.04268	0.00671	0.00882	0.03349	0.00552	0.03202	0.04649	0.11465	0.05766	0.02242	0.09367	0.00704	0.00443	0.00140	0.00333	0.00570	0.48893	0.00573
57	0.01239	0.07329	0.34157	0.03822	0.23830	0.02793	0.05451	0.01703	0.04447	0.06214	0.01112	0.03648	0.00877	0.00533	0.00504	0.00160	0.00670	0.00463	0.00281	0.00766
58	0.00634	0.00453	0.00604	0.00725	0.00755	0.00423	0.00483	0.00725	0.00997	0.01329	0.02870	0.81358	0.03444	0.01632	0.00665	0.00211	0.00302	0.01480	0.00483	0.00423
59	0.00744	0.00526	0.00671	0.00703	0.00814	0.00483	0.00526	0.00918	0.01235	0.03963	0.28749	0.28859	0.17377	0.01328	0.00642	0.00191	0.00304	0.10980	0.00518	0.00471
60	0.05439	0.01479	0.15996	0.18033	0.27224	0.04442	0.04032	0.03894	0.09785	0.01722	0.01074	0.01312	0.00833	0.00524	0.00527	0.00164	0.02042	0.00454	0.00287	0.00735
61	0.05281	0.03170	0.04547	0.14094	0.33150	0.02525	0.15285	0.07703	0.04389	0.03300	0.01052	0.01315	0.00820	0.00497	0.00521	0.00162	0.00661	0.00481	0.00296	0.00750
62	0.01312	0.00800	0.01047	0.02079	0.01175	0.02390	0.04900	0.10433	0.01388	0.20029	0.10688	0.25006	0.03654	0.01016	0.00580	0.00178	0.00419	0.05585	0.06695	0.00626
63	0.49093	0.01290	0.05451	0.02731	0.13395	0.06758	0.09302	0.03436	0.01065	0.02058	0.00834	0.01016	0.00652	0.00484	0.00413	0.00160	0.00556	0.00364	0.00300	0.00642
64	0.32894	0.00882	0.00970	0.00805	0.01139	0.00879	0.00659	0.01965	0.01229	0.40424	0.04405	0.04016	0.01265	0.00649	0.00456	0.00163	0.00410	0.02397	0.03680	0.00713
65	0.01331	0.15007	0.23441	0.01299	0.05374	0.15511	0.03665	0.06848	0.09590	0.01698	0.06070	0.01533	0.05246	0.00603	0.00488	0.00152	0.00650	0.00471	0.00323	0.00702
66	0.00839	0.00568	0.00713	0.00667	0.00819	0.00521	0.00504	0.01089	0.03450	0.07272	0.55752	0.07304	0.16338	0.01092	0.00608	0.00168	0.00269	0.00953	0.00559	0.00516
67	0.03634	0.00819	0.05390	0.03176	0.09076	0.02047	0.00753	0.04093	0.01239	0.03101	0.23202	0.28078	0.09417	0.01103	0.00617	0.00180	0.02108	0.00966	0.00453	0.00547
68	0.25922	0.06407	0.26906	0.02583	0.01723	0.01207	0.11828	0.01594	0.02618	0.03893	0.01010	0.03015	0.00790	0.00536	0.00491	0.00163	0.03284	0.00424	0.04941	0.00664
69	0.03001	0.00656	0.00677	0.00623	0.00796	0.03327	0.00482	0.04484	0.01183	0.10589	0.01647	0.01843	0.01269	0.00843	0.06064	0.00180	0.00389	0.00485	0.60911	0.00551
70	0.00822	0.00695	0.06340	0.00809	0.00949	0.00553	0.02886	0.00985	0.01096	0.06273	0.12634	0.42637	0.06610	0.10342	0.00858	0.00230	0.00382	0.03954	0.00461	0.00485
71	0.00952	0.00747	0.00801	0.00737	0.00888	0.06246	0.00549	0.06285	0.02787	0.03603	0.48772	0.05898	0.07902	0.08109	0.00768	0.00192	0.00351	0.00847	0.03047	0.00520
72	0.06744	0.00550	0.00642	0.00639	0.00772	0.00514	0.00471	0.00914	0.01269	0.01791	0.40029	0.18893	0.22503	0.01195	0.00603	0.00176	0.00272	0.01037	0.00516	0.00471
73	0.00721	0.00693	0.06252	0.00734	0.00917	0.00539	0.00630	0.00930	0.01223	0.01586	0.18649	0.11661	0.34759	0.01264	0.00634	0.00190	0.00347	0.17310	0.00482	0.00481
74	0.01153	0.02534	0.66389	0.01509	0.02219	0.06093	0.07173	0.01704	0.01144	0.03950	0.00969	0.01132	0.00689	0.00498	0.00503	0.00164	0.00778	0.00402	0.00239	0.00758
75	0.00638	0.00460	0.00605	0.00720	0.00759	0.00428	0.00486	0.00734	0.01011	0.01338	0.02990	0.75900	0.07233	0.01612	0.00663	0.00210	0.00304	0.03000	0.00483	0.00425
76	0.07192	0.02915	0.09189	0.02528	0.12953	0.04360	0.00962	0.06015	0.15946	0.02957	0.09253	0.10241	0.01747	0.03101	0.00585	0.00176	0.00491	0.03584	0.02316	0.03490
77	0.07437	0.18733	0.08078	0.00981	0.01342	0.01249	0.03072	0.17411	0.01406	0.11485	0.06774	0.03204	0.01308	0.04213	0.06080	0.00212	0.00577	0.01776	0.03973	0.00686
78	0.00643	0.00457	0.00602	0.00714	0.00742	0.00429	0.00471	0.00727	0.00980	0.01307	0.02782	0.75780	0.03333	0.07361	0.00807	0.00232	0.00317	0.01429	0.00471	0.00415
79	0.08703	0.02730	0.03476	0.06391	0.27942	0.23029	0.01218	0.09539	0.03539	0.01756	0.00943	0.01154	0.00765	0.00544	0.00566	0.00156	0.06128	0.00412	0.00297	0.00713
80	0.79337	0.01001	0.00822	0.06393	0.01192	0.01167	0.00627	0.01516	0.00897	0.02265	0.00739	0.00885	0.00573	0.00486	0.00336	0.00162	0.00424	0.00295	0.00316	0.00565
81	0.07237	0.01075	0.06038	0.45329	0.09618	0.01125	0.01273	0.07054	0.01194	0.08916	0.01191	0.04523	0.02074	0.00586	0.00512	0.00169	0.00616	0.00501	0.00314	0.00655
82	0.08880	0.13780	0.24480	0.03537	0.16438	0.03048	0.04459	0.06946	0.05735	0.04900	0.01027	0.01178	0.00787	0.00515	0.00493	0.00156	0.02186	0.00410	0.00297	0.00748
83	0.01333	0.01331	0.01860	0.10793	0.49804	0.11270	0.01411	0.01641	0.03662	0.02822	0.01025	0.02992	0.00870	0.00547	0.00599	0.00161	0.06386	0.00474	0.00274	0.00745
84	0.00685	0.00531	0.00618	0.00669	0.00752	0.02152	0.00464	0.00806	0.01116	0.01453	0.16115	0.43026	0.20997	0.07168	0.00783	0.00214	0.00312	0.01223	0.00482	0.00435
85	0.05075	0.11634	0.17600	0.01693	0.20649	0.05366	0.05283	0.07843	0.06791	0.04268	0.01056	0.01203	0.00821	0.00501	0.00473	0.00147	0.00618	0.00416	0.00307	0.08255

[dist]
# distance from previous block
# <min> <max>
1	7

[block]
# block no. 5 follows, 47 sequences, length 8
# corresponding to MSA columns:
# 526-533
name=unknown_F
#
# <colnr> <probs for GDERKNQSTAVLIFYWHMCP>
#	G	D	E	R	K	N	Q	S	T	A	V	L	I	F	Y	W	H	M	C	P
0	0.01088	0.05933	0.09119	0.07096	0.03758	0.02746	0.00859	0.03414	0.04189	0.01651	0.01520	0.01631	0.10585	0.00554	0.00448	0.00118	0.00469	0.00447	0.00323	0.44053
1	0.00835	0.00572	0.00736	0.05351	0.00923	0.00567	0.00528	0.04023	0.01241	0.01745	0.38931	0.06753	0.06709	0.09920	0.00988	0.10916	0.00343	0.00805	0.07659	0.00454
2	0.00928	0.00918	0.07996	0.05648	0.01226	0.00941	0.00851	0.01089	0.02761	0.01254	0.01333	0.04461	0.04229	0.13937	0.14824	0.11066	0.22922	0.00576	0.02559	0.00482
3	0.01780	0.04660	0.01610	0.01392	0.11267	0.01477	0.01020	0.53830	0.04937	0.05122	0.03552	0.01352	0.01024	0.00605	0.00510	0.00152	0.00551	0.00474	0.00473	0.04212
4	0.00682	0.00512	0.00630	0.00686	0.00779	0.00462	0.00482	0.00796	0.01050	0.01377	0.05135	0.47345	0.19365	0.07632	0.00793	0.00219	0.00324	0.05874	0.00462	0.05396
5	0.00778	0.00640	0.00829	0.00982	0.10616	0.00607	0.00621	0.01039	0.06601	0.01613	0.18274	0.24883	0.28146	0.01202	0.00610	0.00181	0.00326	0.01055	0.00476	0.00521
6	0.01350	0.04340	0.06221	0.01752	0.11938	0.04357	0.30803	0.01731	0.04906	0.11393	0.01471	0.01631	0.06364	0.00564	0.00588	0.00162	0.03525	0.00555	0.00337	0.06010
7	0.00813	0.00868	0.10803	0.00940	0.01122	0.00718	0.06097	0.01017	0.00888	0.01254	0.01467	0.07207	0.01468	0.22722	0.39626	0.00582	0.00986	0.00648	0.00292	0.00480

[dist]
# distance from previous block
# <min> <max>
0	334

# created by:
# /home/cegg/simao/soft/augustus-3.2.1/scripts/msa2prfl.pl ./align_prep/EOG091G0XZC.fa
