[name]
unknown

[dist]
# distance from previous block
# <min> <max>
0	82

[block]
# block no. 0 follows, 51 sequences, length 17
# corresponding to MSA columns:
# 91-107
name=unknown_A
#
# <colnr> <probs for GDERKNQSTAVLIFYWHMCP>
#	G	D	E	R	K	N	Q	S	T	A	V	L	I	F	Y	W	H	M	C	P
0	0.26884	0.00946	0.00956	0.00844	0.01109	0.03100	0.00688	0.15738	0.10493	0.07694	0.13233	0.02185	0.01712	0.00733	0.00476	0.00163	0.00415	0.11573	0.00440	0.00618
1	0.15505	0.01187	0.04168	0.02413	0.01301	0.10604	0.00794	0.18552	0.05243	0.21128	0.04146	0.08848	0.01230	0.00667	0.00491	0.00155	0.01928	0.00517	0.00439	0.00683
2	0.00807	0.00590	0.00818	0.00907	0.10068	0.00550	0.00591	0.01027	0.01312	0.05164	0.56521	0.07990	0.09808	0.00971	0.00568	0.00157	0.00286	0.00860	0.00497	0.00509
3	0.01129	0.01014	0.01537	0.23679	0.31366	0.01115	0.01201	0.10407	0.04527	0.01677	0.05315	0.01662	0.07260	0.00598	0.00567	0.00158	0.05303	0.00514	0.00307	0.00663
4	0.10981	0.00796	0.05113	0.00841	0.04984	0.00716	0.00650	0.01316	0.09920	0.06416	0.36665	0.02786	0.10770	0.00828	0.00516	0.00155	0.00333	0.02031	0.00459	0.03726
5	0.00776	0.00710	0.00644	0.00627	0.00780	0.09913	0.00467	0.00929	0.01202	0.01490	0.22088	0.08739	0.43164	0.01082	0.00554	0.00158	0.00321	0.00908	0.05002	0.00446
6	0.15414	0.01583	0.15970	0.01138	0.04185	0.20231	0.03006	0.09749	0.05069	0.05067	0.00954	0.01111	0.00741	0.00645	0.00612	0.10244	0.00610	0.00373	0.00302	0.02995
7	0.01378	0.21232	0.14203	0.01069	0.03453	0.17065	0.00968	0.11319	0.06053	0.03882	0.01103	0.04272	0.00905	0.00549	0.00424	0.00134	0.00577	0.00408	0.10357	0.00649
8	0.01324	0.59774	0.15571	0.00970	0.01439	0.01759	0.01017	0.10523	0.01160	0.01453	0.00775	0.00877	0.00653	0.00448	0.00362	0.00119	0.00561	0.00301	0.00243	0.00671
9	0.08698	0.04168	0.01280	0.04229	0.10563	0.02192	0.00841	0.18490	0.05099	0.22061	0.06965	0.05357	0.01296	0.00618	0.00473	0.00147	0.00457	0.00505	0.00441	0.06121
10	0.02967	0.11996	0.16572	0.01653	0.11054	0.01374	0.22671	0.05125	0.01070	0.01521	0.00851	0.01117	0.00690	0.00535	0.00732	0.00163	0.18570	0.00436	0.00241	0.00662
11	0.00688	0.00477	0.00546	0.00556	0.00582	0.00468	0.00335	0.00718	0.00786	0.01033	0.02047	0.10451	0.11064	0.62311	0.05578	0.00429	0.00470	0.00806	0.00329	0.00327
12	0.01136	0.01409	0.15635	0.01708	0.06638	0.02463	0.41368	0.01504	0.01105	0.05002	0.01088	0.05181	0.00889	0.02103	0.01928	0.00174	0.03041	0.00542	0.00270	0.06816
13	0.11167	0.01002	0.03929	0.05416	0.10556	0.00964	0.00828	0.11205	0.11466	0.04998	0.09790	0.05087	0.01379	0.00595	0.00456	0.00138	0.00430	0.00492	0.00380	0.19721
14	0.01077	0.04640	0.67271	0.01495	0.08645	0.01145	0.01706	0.01593	0.01062	0.05568	0.00934	0.01078	0.00666	0.00470	0.00466	0.00153	0.00693	0.00373	0.00231	0.00734
15	0.00627	0.00450	0.00591	0.00693	0.00737	0.00424	0.00483	0.00726	0.00960	0.01267	0.02743	0.65372	0.06775	0.05849	0.00731	0.00216	0.00313	0.10194	0.00447	0.00401
16	0.04695	0.06063	0.01499	0.01120	0.01483	0.09723	0.08151	0.25075	0.15628	0.19432	0.01387	0.01353	0.00987	0.00568	0.00480	0.00149	0.00544	0.00457	0.00447	0.00758

[dist]
# distance from previous block
# <min> <max>
2	11

[block]
# block no. 1 follows, 51 sequences, length 21
# corresponding to MSA columns:
# 119-139
name=unknown_B
#
# <colnr> <probs for GDERKNQSTAVLIFYWHMCP>
#	G	D	E	R	K	N	Q	S	T	A	V	L	I	F	Y	W	H	M	C	P
0	0.03312	0.01210	0.07078	0.01060	0.04334	0.05005	0.03936	0.21861	0.13332	0.02949	0.01370	0.01428	0.04131	0.00549	0.00451	0.00133	0.00479	0.00443	0.07978	0.18963
1	0.01402	0.01093	0.01653	0.22400	0.35149	0.04121	0.02588	0.07342	0.01239	0.16534	0.01118	0.01314	0.00829	0.00497	0.00490	0.00151	0.00583	0.00446	0.00325	0.00725
2	0.00721	0.00550	0.00676	0.00742	0.00821	0.00558	0.00518	0.01060	0.15773	0.01434	0.05493	0.64074	0.02970	0.01353	0.00601	0.00192	0.00303	0.01218	0.00468	0.00474
3	0.01171	0.00731	0.00966	0.00834	0.01002	0.00775	0.00663	0.03301	0.04148	0.20360	0.37985	0.04734	0.03936	0.00878	0.00752	0.00167	0.15823	0.00700	0.00489	0.00585
4	0.00968	0.00560	0.00731	0.00664	0.00827	0.00505	0.00506	0.01173	0.01342	0.16726	0.53789	0.09240	0.09057	0.00986	0.00567	0.00158	0.00272	0.00862	0.00542	0.00526
5	0.00804	0.00584	0.00822	0.16034	0.01260	0.00589	0.00643	0.01035	0.01265	0.05789	0.50396	0.09056	0.07942	0.00940	0.00562	0.00160	0.00327	0.00829	0.00472	0.00491
6	0.01233	0.36588	0.02062	0.16795	0.22291	0.01495	0.01114	0.07131	0.01117	0.01438	0.00844	0.01073	0.00712	0.00577	0.03505	0.00157	0.00597	0.00365	0.00244	0.00661
7	0.00711	0.00489	0.00602	0.00602	0.00624	0.00512	0.00380	0.00757	0.00734	0.01002	0.01488	0.02883	0.01642	0.62269	0.22764	0.00558	0.00694	0.00666	0.00289	0.00334
8	0.01404	0.01146	0.01202	0.01020	0.01302	0.03739	0.00804	0.28114	0.39883	0.02251	0.01590	0.01666	0.01236	0.06790	0.03299	0.00203	0.02639	0.00517	0.00459	0.00738
9	0.01585	0.00812	0.01089	0.00924	0.02680	0.00744	0.00751	0.01784	0.01222	0.41535	0.01757	0.02292	0.01404	0.00732	0.00591	0.00157	0.06494	0.16074	0.00480	0.16894
10	0.01588	0.02371	0.05173	0.08201	0.04630	0.02717	0.00903	0.14571	0.18165	0.26481	0.02855	0.01500	0.01120	0.00577	0.00481	0.00148	0.00479	0.00470	0.00458	0.07111
11	0.20167	0.16314	0.01062	0.00707	0.00876	0.00927	0.00556	0.01126	0.06584	0.01305	0.00869	0.01228	0.00787	0.01103	0.01145	0.43781	0.00432	0.00369	0.00255	0.00407
12	0.00936	0.00537	0.00565	0.00509	0.00685	0.00496	0.00389	0.01163	0.01028	0.01788	0.01464	0.01677	0.01158	0.00533	0.00347	0.00107	0.00255	0.00426	0.69247	0.16690
13	0.66251	0.00923	0.00876	0.08517	0.01236	0.01048	0.03027	0.01419	0.00912	0.04008	0.05425	0.01062	0.00816	0.00493	0.00353	0.00152	0.00412	0.00336	0.00315	0.02418
14	0.01019	0.00873	0.01019	0.00728	0.01165	0.00655	0.00582	0.01237	0.01019	0.01601	0.00873	0.01019	0.00728	0.00364	0.00364	0.00073	0.00364	0.00291	0.00291	0.85734
15	0.01161	0.00530	0.00588	0.00537	0.00702	0.00508	0.00416	0.01383	0.01102	0.16712	0.01667	0.01802	0.01251	0.00579	0.00372	0.00122	0.00265	0.00465	0.69307	0.00530
16	0.00907	0.00823	0.01450	0.10477	0.10984	0.00806	0.19598	0.01181	0.01198	0.02896	0.29495	0.10319	0.06170	0.00792	0.00562	0.00162	0.00477	0.00759	0.00386	0.00557
17	0.03722	0.00987	0.01492	0.63555	0.07112	0.05074	0.03377	0.02728	0.03463	0.01371	0.00933	0.01342	0.00719	0.00506	0.00488	0.00161	0.00646	0.01509	0.00242	0.00573
18	0.00838	0.00668	0.00701	0.00639	0.00845	0.00634	0.00501	0.15442	0.01354	0.01686	0.05909	0.04065	0.59316	0.01119	0.00568	0.00165	0.00313	0.04274	0.00465	0.00498
19	0.18092	0.00914	0.01150	0.01026	0.07861	0.00873	0.00764	0.05994	0.01320	0.54625	0.01575	0.01442	0.01030	0.00564	0.00457	0.00151	0.00431	0.00443	0.00513	0.00773
20	0.00988	0.00788	0.00947	0.00711	0.01065	0.00612	0.00553	0.01124	0.00947	0.01459	0.00870	0.01109	0.00752	0.00620	0.00660	0.16372	0.00376	0.00317	0.00276	0.69455

[dist]
# distance from previous block
# <min> <max>
0	3

[block]
# block no. 2 follows, 51 sequences, length 11
# corresponding to MSA columns:
# 143-151,153,154
name=unknown_C
#
# <colnr> <probs for GDERKNQSTAVLIFYWHMCP>
#	G	D	E	R	K	N	Q	S	T	A	V	L	I	F	Y	W	H	M	C	P
0	0.01207	0.01477	0.22973	0.03434	0.02001	0.01076	0.29764	0.06638	0.03374	0.09891	0.01375	0.03597	0.02782	0.00599	0.00541	0.00167	0.00663	0.07438	0.00326	0.00679
1	0.00799	0.00634	0.03301	0.00773	0.00877	0.00588	0.00579	0.10777	0.01122	0.01501	0.02366	0.57883	0.02721	0.06705	0.00732	0.00212	0.00359	0.07165	0.00442	0.00464
2	0.01713	0.01141	0.01292	0.00976	0.01378	0.01143	0.00802	0.43403	0.01800	0.17614	0.01247	0.01234	0.00881	0.00535	0.00459	0.00129	0.00471	0.00413	0.00462	0.22909
3	0.01512	0.01357	0.01255	0.05421	0.04651	0.21554	0.00871	0.20825	0.15766	0.07845	0.01507	0.11281	0.02588	0.00700	0.00499	0.00154	0.00564	0.00562	0.00411	0.00678
4	0.01210	0.01092	0.01790	0.08872	0.60025	0.01076	0.01343	0.01491	0.01108	0.04964	0.00958	0.01218	0.00781	0.00440	0.00471	0.00138	0.00554	0.00421	0.00263	0.11786
5	0.00885	0.00681	0.00927	0.00865	0.00981	0.00801	0.00680	0.10906	0.00981	0.01390	0.01253	0.01820	0.01154	0.06657	0.60116	0.00644	0.07962	0.00516	0.00290	0.00492
6	0.01109	0.00929	0.01097	0.00906	0.06409	0.02799	0.00663	0.02991	0.01091	0.04775	0.03459	0.01144	0.00877	0.00408	0.00389	0.00087	0.00394	0.00332	0.00312	0.69828
7	0.17996	0.01324	0.01678	0.11976	0.17299	0.15099	0.15780	0.04720	0.03550	0.01661	0.00889	0.01122	0.00702	0.00485	0.00505	0.00153	0.03741	0.00414	0.00272	0.00635
8	0.12847	0.00867	0.01056	0.00838	0.01172	0.00829	0.00685	0.10984	0.01437	0.49612	0.12828	0.01788	0.01575	0.00643	0.00482	0.00152	0.00401	0.00515	0.00545	0.00743
9	0.00778	0.00591	0.00718	0.00676	0.00820	0.00579	0.00513	0.03072	0.10928	0.01908	0.55889	0.06676	0.11324	0.01005	0.00572	0.00160	0.00268	0.02501	0.00521	0.00504
10	0.00899	0.00525	0.00612	0.00577	0.00638	0.00504	0.00358	0.00932	0.00831	0.11235	0.01828	0.03117	0.06896	0.66636	0.02113	0.00414	0.00454	0.00708	0.00349	0.00375

[dist]
# distance from previous block
# <min> <max>
0	2

[block]
# block no. 3 follows, 51 sequences, length 55
# corresponding to MSA columns:
# 157-202,207-215
name=unknown_D
#
# <colnr> <probs for GDERKNQSTAVLIFYWHMCP>
#	G	D	E	R	K	N	Q	S	T	A	V	L	I	F	Y	W	H	M	C	P
0	0.00658	0.00477	0.00610	0.00693	0.00748	0.00453	0.00474	0.04216	0.01025	0.01362	0.04838	0.72497	0.07176	0.01466	0.00617	0.00194	0.00293	0.01321	0.00460	0.00422
1	0.01183	0.01475	0.19635	0.06136	0.54793	0.01176	0.01543	0.05280	0.01153	0.01652	0.00925	0.01178	0.00740	0.00454	0.00483	0.00149	0.00617	0.00421	0.00246	0.00759
2	0.00684	0.00500	0.00649	0.00621	0.00735	0.00465	0.00464	0.00901	0.01328	0.01862	0.67927	0.06677	0.09438	0.01163	0.04236	0.00186	0.00284	0.00902	0.00519	0.00457
3	0.01315	0.77094	0.02472	0.00847	0.01264	0.04023	0.00832	0.01474	0.01010	0.01178	0.00694	0.00801	0.00635	0.00420	0.00321	0.00104	0.00528	0.00266	0.00215	0.04507
4	0.00754	0.00517	0.00664	0.00619	0.00751	0.00471	0.00467	0.00974	0.01367	0.05468	0.69097	0.03676	0.11296	0.01008	0.00576	0.00155	0.00242	0.00884	0.00536	0.00476
5	0.01315	0.58108	0.04438	0.00973	0.01316	0.05965	0.00920	0.04936	0.01036	0.01263	0.00709	0.00870	0.00642	0.00513	0.00567	0.00129	0.15144	0.00307	0.00226	0.00623
6	0.01069	0.01053	0.01779	0.04619	0.31011	0.03900	0.19896	0.01362	0.01182	0.01625	0.15961	0.01979	0.04574	0.00604	0.00531	0.00153	0.00563	0.03301	0.00318	0.04521
7	0.01006	0.00505	0.00522	0.00499	0.00634	0.00504	0.00380	0.03682	0.01089	0.05435	0.01605	0.01804	0.01244	0.00575	0.00355	0.00117	0.00248	0.00459	0.78850	0.00487
8	0.01294	0.01162	0.02205	0.03893	0.04596	0.01081	0.46436	0.03033	0.04591	0.12440	0.01148	0.01344	0.00841	0.00451	0.00526	0.00149	0.00666	0.00513	0.00319	0.13311
9	0.13024	0.11824	0.42400	0.01239	0.01794	0.06431	0.07839	0.01618	0.01065	0.07160	0.00907	0.01034	0.00664	0.00468	0.00436	0.00148	0.00651	0.00362	0.00256	0.00680
10	0.01182	0.01017	0.01074	0.00970	0.01238	0.01168	0.00753	0.02487	0.73430	0.02027	0.04719	0.01997	0.04350	0.00698	0.00506	0.00166	0.00379	0.00584	0.00500	0.00754
11	0.02193	0.00855	0.01152	0.00883	0.01264	0.00751	0.00730	0.05057	0.01438	0.77297	0.01912	0.01655	0.01203	0.00608	0.00494	0.00152	0.00422	0.00492	0.00604	0.00836
12	0.05882	0.00998	0.05121	0.00996	0.01336	0.00919	0.05834	0.10967	0.04142	0.40083	0.04544	0.05112	0.04284	0.00686	0.00571	0.00161	0.05347	0.01797	0.00491	0.00730
13	0.08219	0.01094	0.01266	0.03891	0.07331	0.03792	0.00865	0.22209	0.14596	0.26802	0.01519	0.01549	0.01089	0.00604	0.00483	0.00155	0.00480	0.02811	0.00478	0.00768
14	0.01363	0.01717	0.07215	0.01566	0.01937	0.32453	0.33902	0.01648	0.01202	0.01378	0.00930	0.01201	0.00747	0.00820	0.09491	0.00219	0.00899	0.00456	0.00249	0.00605
15	0.56101	0.03224	0.00983	0.03556	0.01202	0.22447	0.00685	0.01607	0.01012	0.04333	0.00750	0.00866	0.00587	0.00475	0.00354	0.00145	0.00530	0.00292	0.00295	0.00555
16	0.00649	0.00501	0.00593	0.00570	0.00706	0.00444	0.00427	0.00838	0.01282	0.01711	0.49320	0.04099	0.34884	0.01102	0.00580	0.00159	0.00239	0.00949	0.00507	0.00444
17	0.01686	0.01300	0.01399	0.08558	0.01646	0.04880	0.00941	0.52466	0.14676	0.05440	0.01295	0.01304	0.00933	0.00590	0.00491	0.00151	0.00537	0.00457	0.00461	0.00788
18	0.02112	0.00892	0.01165	0.00897	0.01270	0.00812	0.00740	0.11656	0.01517	0.67901	0.04461	0.01679	0.01285	0.00619	0.00497	0.00152	0.00427	0.00501	0.00592	0.00824
19	0.00889	0.00678	0.00861	0.00913	0.01065	0.00715	0.00772	0.01389	0.19455	0.01633	0.06247	0.04576	0.02604	0.01177	0.00632	0.00209	0.00427	0.54759	0.00468	0.00530
20	0.01019	0.00873	0.01019	0.00728	0.01165	0.00655	0.00582	0.01237	0.01019	0.01601	0.00873	0.01019	0.00728	0.00364	0.00364	0.00073	0.00364	0.00291	0.00291	0.85734
21	0.01239	0.01064	0.01121	0.01003	0.01284	0.01230	0.00782	0.04549	0.76811	0.02082	0.01979	0.01817	0.01483	0.00665	0.00500	0.00166	0.00393	0.00553	0.00500	0.00779
22	0.00715	0.00476	0.00536	0.00536	0.00536	0.00476	0.00298	0.00715	0.00715	0.00953	0.01548	0.03216	0.01787	0.82729	0.02501	0.00476	0.00476	0.00715	0.00298	0.00298
23	0.00636	0.00501	0.00610	0.04586	0.00836	0.00465	0.00477	0.00777	0.01082	0.01387	0.14988	0.24709	0.36486	0.04131	0.03366	0.00207	0.00327	0.03564	0.00445	0.00423
24	0.00707	0.00473	0.00538	0.00546	0.00548	0.00471	0.00308	0.00713	0.00730	0.00973	0.01626	0.08501	0.01884	0.77311	0.02376	0.00458	0.00464	0.00760	0.00308	0.00305
25	0.00710	0.00516	0.00670	0.00668	0.00713	0.00557	0.00462	0.00797	0.00803	0.01108	0.05052	0.08457	0.04570	0.39075	0.30061	0.00533	0.03858	0.00705	0.00310	0.00376
26	0.00982	0.00924	0.01559	0.59235	0.21496	0.01080	0.01359	0.01291	0.01013	0.01339	0.00966	0.04844	0.00798	0.00525	0.00496	0.00161	0.00622	0.00479	0.00235	0.00595
27	0.08024	0.02109	0.01403	0.03108	0.01558	0.66809	0.04294	0.01905	0.01332	0.03982	0.00807	0.00936	0.00651	0.00502	0.00442	0.00132	0.00825	0.00333	0.00268	0.00580
28	0.11176	0.01055	0.01677	0.19744	0.41845	0.01118	0.05002	0.04195	0.01102	0.03827	0.00994	0.04314	0.00830	0.00503	0.00476	0.00154	0.00570	0.00463	0.00272	0.00682
29	0.01072	0.00932	0.07296	0.00958	0.04562	0.00856	0.00766	0.01757	0.30071	0.08800	0.30640	0.02568	0.03683	0.00791	0.00533	0.00161	0.00369	0.03050	0.00488	0.00647
30	0.01123	0.01073	0.01827	0.28338	0.55068	0.01143	0.01462	0.01427	0.01075	0.01493	0.00908	0.01247	0.00739	0.00455	0.00488	0.00152	0.00607	0.00437	0.00235	0.00703
31	0.00614	0.00484	0.00554	0.00569	0.00692	0.00424	0.00414	0.00757	0.01150	0.01475	0.23349	0.21325	0.43953	0.01248	0.00591	0.00170	0.00252	0.01078	0.00478	0.00424
32	0.07618	0.72049	0.04559	0.00843	0.01262	0.01820	0.00841	0.01502	0.01001	0.03789	0.00729	0.00825	0.00642	0.00430	0.00324	0.00112	0.00517	0.00273	0.00230	0.00633
33	0.01141	0.03909	0.11772	0.21499	0.02334	0.01193	0.26761	0.11773	0.02370	0.01689	0.04054	0.02813	0.00982	0.00550	0.00550	0.00163	0.02556	0.02954	0.00292	0.00644
34	0.00696	0.00486	0.00633	0.00673	0.00759	0.00483	0.00503	0.00857	0.01020	0.01433	0.14283	0.26540	0.09228	0.03832	0.17479	0.00314	0.00507	0.09182	0.10663	0.00429
35	0.01173	0.01236	0.02440	0.11953	0.11153	0.01235	0.50833	0.05330	0.04422	0.01623	0.01014	0.01319	0.00771	0.00457	0.00577	0.00164	0.02828	0.00535	0.00266	0.00671
36	0.86201	0.00950	0.00722	0.00646	0.00950	0.01102	0.00532	0.01445	0.00836	0.02205	0.00684	0.00798	0.00532	0.00456	0.00304	0.00152	0.00380	0.00266	0.00304	0.00532
37	0.03805	0.00914	0.01179	0.00906	0.01286	0.00842	0.00748	0.12977	0.01522	0.67699	0.01808	0.01586	0.01150	0.00603	0.00490	0.00151	0.00435	0.00482	0.00586	0.00830
38	0.01396	0.65056	0.02387	0.00975	0.01370	0.15527	0.04658	0.01561	0.01075	0.01185	0.00712	0.00832	0.00637	0.00435	0.00350	0.00112	0.00603	0.00288	0.00220	0.00622
39	0.01479	0.03544	0.04004	0.00906	0.01307	0.00825	0.05402	0.05749	0.04492	0.29500	0.02661	0.01561	0.05619	0.00544	0.00454	0.00125	0.00431	0.00454	0.00428	0.30514
40	0.05637	0.02792	0.03744	0.04011	0.08018	0.14868	0.00845	0.06809	0.09003	0.18125	0.13654	0.04771	0.01597	0.00651	0.00486	0.00148	0.00502	0.00529	0.00420	0.03390
41	0.35253	0.00875	0.00951	0.00895	0.05832	0.00914	0.00663	0.05066	0.05331	0.23564	0.07281	0.08788	0.01360	0.00654	0.00437	0.00157	0.00391	0.00513	0.00435	0.00641
42	0.00599	0.00428	0.00570	0.00684	0.00713	0.00399	0.00456	0.00684	0.00941	0.01254	0.02709	0.82409	0.03250	0.01540	0.00627	0.00200	0.00285	0.01397	0.00456	0.00399
43	0.00986	0.04943	0.71708	0.01331	0.02008	0.01137	0.01688	0.01550	0.03530	0.01550	0.01091	0.01217	0.04108	0.00506	0.00468	0.00155	0.00688	0.00396	0.00228	0.00711
44	0.01422	0.09828	0.32113	0.01268	0.01778	0.10786	0.09077	0.06831	0.05235	0.15331	0.01121	0.01186	0.00800	0.00505	0.00469	0.00148	0.00653	0.00408	0.00321	0.00721
45	0.01238	0.01208	0.01974	0.02956	0.76983	0.03898	0.01489	0.01524	0.01128	0.01592	0.00919	0.01205	0.00773	0.00440	0.00485	0.00145	0.00594	0.00434	0.00244	0.00771
46	0.00595	0.00495	0.00520	0.00520	0.00674	0.00420	0.00387	0.00731	0.01145	0.01400	0.13665	0.07849	0.67452	0.01229	0.00583	0.00166	0.00248	0.01035	0.00466	0.00420
47	0.01124	0.01111	0.01985	0.05052	0.46658	0.01098	0.19227	0.01473	0.04112	0.01603	0.05243	0.01633	0.06360	0.00527	0.00520	0.00154	0.00595	0.00539	0.00283	0.00703
48	0.01144	0.01416	0.11280	0.06068	0.14707	0.02625	0.46849	0.01526	0.01108	0.01528	0.00937	0.01251	0.00724	0.00459	0.00614	0.00164	0.06176	0.00511	0.00239	0.00672
49	0.00920	0.00815	0.01143	0.01029	0.01048	0.01073	0.00819	0.01002	0.00758	0.01129	0.01004	0.06478	0.01041	0.08762	0.17444	0.07948	0.46348	0.00534	0.00247	0.00459
50	0.05013	0.00608	0.00777	0.00765	0.00890	0.00664	0.00590	0.07257	0.02761	0.01480	0.04870	0.16194	0.06026	0.02361	0.40097	0.00477	0.00822	0.03959	0.03911	0.00478
51	0.46270	0.04155	0.19635	0.00963	0.04289	0.01136	0.00914	0.07414	0.02385	0.02044	0.06008	0.01108	0.00878	0.00507	0.00386	0.00151	0.00477	0.00355	0.00309	0.00614
52	0.01683	0.12924	0.05728	0.01116	0.01479	0.23210	0.00945	0.30796	0.09946	0.05852	0.01105	0.01132	0.00830	0.00546	0.00454	0.00139	0.00621	0.00394	0.00379	0.00722
53	0.28561	0.26569	0.15668	0.04014	0.01438	0.01433	0.00951	0.13249	0.01155	0.01867	0.00803	0.00916	0.00630	0.00469	0.00373	0.00138	0.00522	0.00316	0.00283	0.00645
54	0.13004	0.16296	0.23555	0.00948	0.01415	0.05035	0.00982	0.01449	0.02426	0.02854	0.02425	0.01180	0.04192	0.00483	0.00398	0.00124	0.00517	0.00355	0.00273	0.22087

[dist]
# distance from previous block
# <min> <max>
3	14

[block]
# block no. 4 follows, 51 sequences, length 32
# corresponding to MSA columns:
# 232-263
name=unknown_E
#
# <colnr> <probs for GDERKNQSTAVLIFYWHMCP>
#	G	D	E	R	K	N	Q	S	T	A	V	L	I	F	Y	W	H	M	C	P
0	0.04984	0.01175	0.07180	0.02927	0.27364	0.01036	0.12256	0.05075	0.01191	0.16344	0.01109	0.01255	0.00825	0.00474	0.00496	0.00142	0.02109	0.00435	0.00330	0.13292
1	0.80320	0.00980	0.00775	0.00680	0.00990	0.01132	0.00560	0.06785	0.00939	0.02267	0.00719	0.00825	0.00553	0.00466	0.00317	0.00152	0.00391	0.00278	0.00317	0.00553
2	0.03352	0.00830	0.01187	0.01048	0.01141	0.01029	0.04037	0.01069	0.00827	0.01257	0.01108	0.08434	0.01108	0.01746	0.26014	0.00379	0.36447	0.02282	0.00266	0.06439
3	0.00857	0.00628	0.00799	0.00838	0.00982	0.00628	0.00703	0.09112	0.01259	0.01643	0.08129	0.10672	0.12891	0.01250	0.00635	0.00203	0.00407	0.47417	0.00464	0.00485
4	0.01325	0.65186	0.12004	0.00952	0.01393	0.09602	0.00971	0.01530	0.01042	0.01210	0.00715	0.00829	0.00630	0.00435	0.00347	0.00113	0.00586	0.00280	0.00214	0.00636
5	0.00598	0.00430	0.00568	0.00678	0.00711	0.00400	0.00454	0.00685	0.00947	0.01257	0.02780	0.79959	0.05653	0.01530	0.00626	0.00199	0.00284	0.01386	0.00456	0.00400
6	0.01264	0.01144	0.01221	0.01080	0.01317	0.17848	0.08248	0.10947	0.04645	0.06587	0.03843	0.04495	0.05284	0.01156	0.09294	0.00238	0.00662	0.19760	0.00389	0.00579
7	0.04353	0.01062	0.01155	0.00921	0.01276	0.01088	0.00738	0.25944	0.22614	0.02230	0.04591	0.02826	0.01173	0.00569	0.00453	0.00131	0.00420	0.00455	0.00425	0.27575
8	0.00826	0.00518	0.00639	0.00633	0.00685	0.00519	0.00424	0.00890	0.00835	0.06569	0.03282	0.03264	0.01873	0.57050	0.10402	0.00450	0.00553	0.09874	0.00340	0.00372
9	0.00596	0.00494	0.00522	0.00525	0.00676	0.00420	0.00390	0.00732	0.01142	0.01403	0.14085	0.09728	0.65124	0.01234	0.00584	0.00167	0.00249	0.01042	0.00467	0.00420
10	0.01347	0.07696	0.04782	0.01076	0.01346	0.21140	0.04097	0.14450	0.08382	0.03317	0.04848	0.12242	0.01510	0.00780	0.00539	0.00159	0.02642	0.08656	0.00377	0.00614
11	0.01187	0.01053	0.01744	0.02533	0.62543	0.01036	0.01317	0.01453	0.01117	0.05304	0.01193	0.07144	0.01089	0.00573	0.00503	0.00152	0.00538	0.04940	0.00290	0.04292
12	0.07386	0.01362	0.01580	0.01228	0.01604	0.14583	0.14923	0.25705	0.04001	0.20835	0.01250	0.01270	0.00877	0.00542	0.00488	0.00149	0.00607	0.00451	0.00423	0.00738
13	0.36375	0.03367	0.13917	0.01268	0.01700	0.06737	0.24903	0.03449	0.01048	0.01834	0.00829	0.01016	0.00630	0.00451	0.00430	0.00154	0.00617	0.00387	0.00271	0.00616
14	0.01001	0.00557	0.00574	0.00541	0.00684	0.00578	0.00415	0.07571	0.03897	0.01928	0.01575	0.01780	0.01232	0.00655	0.02367	0.00136	0.00288	0.00462	0.73259	0.00500
15	0.04361	0.02430	0.71754	0.01349	0.02024	0.04915	0.01698	0.01559	0.01054	0.01573	0.02414	0.01073	0.00699	0.00479	0.00462	0.00154	0.00711	0.00367	0.00220	0.00706
16	0.01019	0.00502	0.00524	0.00499	0.00637	0.00499	0.00381	0.02955	0.01083	0.06776	0.01615	0.01807	0.01247	0.00575	0.00356	0.00118	0.00248	0.00460	0.78209	0.00490
17	0.00610	0.00436	0.00583	0.00697	0.00731	0.00409	0.00476	0.00704	0.00952	0.01267	0.02702	0.77915	0.03226	0.01529	0.00630	0.00201	0.00295	0.05779	0.00456	0.00402
18	0.01836	0.02342	0.01393	0.01266	0.01519	0.80756	0.00950	0.01962	0.01393	0.01203	0.00760	0.00886	0.00633	0.00506	0.00443	0.00127	0.00886	0.00317	0.00253	0.00570
19	0.01011	0.06743	0.72696	0.01400	0.02101	0.01188	0.05095	0.01553	0.01041	0.01536	0.00876	0.01037	0.00628	0.00462	0.00464	0.00153	0.00720	0.00367	0.00209	0.00718
20	0.01896	0.01348	0.01401	0.01090	0.01466	0.06912	0.00893	0.60274	0.02091	0.14095	0.01269	0.01243	0.00885	0.00586	0.00486	0.00146	0.00541	0.00441	0.02125	0.00810
21	0.01314	0.83025	0.02575	0.00841	0.01261	0.01945	0.00841	0.01472	0.00999	0.01156	0.00683	0.00788	0.00631	0.00420	0.00315	0.00105	0.00526	0.00263	0.00210	0.00631
22	0.01168	0.47081	0.27743	0.05826	0.04733	0.01575	0.01211	0.01476	0.01011	0.01310	0.00782	0.00940	0.00648	0.00508	0.02043	0.00141	0.00617	0.00318	0.00212	0.00659
23	0.01066	0.01026	0.01388	0.01199	0.01216	0.02713	0.00993	0.01187	0.00791	0.01246	0.00753	0.01161	0.00715	0.00873	0.02800	0.00213	0.71060	0.00433	0.08636	0.00529
24	0.18496	0.04539	0.01067	0.03718	0.04473	0.03707	0.00667	0.01459	0.09190	0.01736	0.01012	0.02207	0.00827	0.00458	0.00379	0.00113	0.00406	0.00350	0.05446	0.39751
25	0.00704	0.00498	0.00629	0.00662	0.00684	0.00516	0.00441	0.00757	0.00817	0.01102	0.01901	0.27485	0.02193	0.41190	0.07069	0.02344	0.04343	0.05959	0.00349	0.00358
26	0.01364	0.14533	0.16283	0.05924	0.08505	0.05020	0.01079	0.06834	0.12480	0.13710	0.03651	0.02652	0.01043	0.00560	0.00486	0.00147	0.02467	0.00442	0.00353	0.02466
27	0.06199	0.05293	0.01516	0.01249	0.01455	0.40626	0.05145	0.02732	0.01151	0.04100	0.00778	0.00990	0.00661	0.00607	0.00794	0.00157	0.25341	0.00368	0.00258	0.00579
28	0.01192	0.00552	0.00633	0.00568	0.00747	0.00519	0.00441	0.01407	0.01145	0.20283	0.06391	0.02040	0.05168	0.00638	0.00404	0.00128	0.00275	0.00519	0.56405	0.00546
29	0.00637	0.00452	0.00575	0.00660	0.00688	0.00433	0.00430	0.00732	0.02575	0.01208	0.02449	0.63963	0.02904	0.18646	0.01020	0.00257	0.00328	0.01235	0.00424	0.00386
30	0.01202	0.03541	0.06087	0.09681	0.14847	0.05572	0.07240	0.06032	0.26504	0.03245	0.05285	0.02762	0.04608	0.00610	0.00501	0.00157	0.00530	0.00533	0.00369	0.00694
31	0.01500	0.04434	0.01622	0.01870	0.35012	0.08423	0.01112	0.16331	0.04318	0.12261	0.01197	0.04639	0.00957	0.00547	0.00480	0.00144	0.00551	0.00468	0.00359	0.03774

[dist]
# distance from previous block
# <min> <max>
1	2

[block]
# block no. 5 follows, 51 sequences, length 33
# corresponding to MSA columns:
# 266-282,286-301
name=unknown_F
#
# <colnr> <probs for GDERKNQSTAVLIFYWHMCP>
#	G	D	E	R	K	N	Q	S	T	A	V	L	I	F	Y	W	H	M	C	P
0	0.27064	0.14394	0.01290	0.02712	0.01248	0.05451	0.00727	0.14332	0.06290	0.06068	0.01017	0.02407	0.00814	0.00517	0.00391	0.00134	0.00464	0.01577	0.00347	0.12755
1	0.39216	0.01055	0.01086	0.02861	0.06169	0.01187	0.02028	0.16784	0.17100	0.03634	0.01163	0.03768	0.00911	0.00562	0.00415	0.00156	0.00438	0.00420	0.00385	0.00661
2	0.00727	0.00551	0.00791	0.00778	0.00845	0.00645	0.00589	0.00869	0.00775	0.01112	0.01314	0.02094	0.01287	0.16782	0.62824	0.00702	0.06075	0.00552	0.00266	0.00421
3	0.00599	0.00428	0.00570	0.00684	0.00713	0.00399	0.00456	0.00684	0.00941	0.01254	0.02709	0.82409	0.03250	0.01540	0.00627	0.00200	0.00285	0.01397	0.00456	0.00399
4	0.01115	0.02158	0.58929	0.03527	0.02158	0.01121	0.14107	0.01622	0.01087	0.08138	0.00989	0.01145	0.00693	0.00471	0.00488	0.00157	0.00715	0.00411	0.00248	0.00721
5	0.01868	0.01376	0.01475	0.01131	0.01524	0.01524	0.00934	0.78025	0.02311	0.03097	0.01180	0.01180	0.00836	0.00590	0.00492	0.00147	0.00541	0.00442	0.00492	0.00836
6	0.01304	0.80584	0.04929	0.00858	0.01288	0.01920	0.00870	0.01474	0.01000	0.01168	0.00689	0.00796	0.00630	0.00422	0.00320	0.00107	0.00532	0.00266	0.00210	0.00634
7	0.00909	0.00513	0.02491	0.00488	0.00619	0.00476	0.00386	0.01147	0.01045	0.01831	0.04734	0.01886	0.01380	0.00587	0.00356	0.00117	0.00242	0.00473	0.79855	0.00465
8	0.01314	0.83025	0.02575	0.00841	0.01261	0.01945	0.00841	0.01472	0.00999	0.01156	0.00683	0.00788	0.00631	0.00420	0.00315	0.00105	0.00526	0.00263	0.00210	0.00631
9	0.01081	0.04526	0.71763	0.01357	0.02043	0.03891	0.01709	0.01607	0.01066	0.05210	0.00922	0.01056	0.00651	0.00474	0.00463	0.00153	0.00712	0.00365	0.00228	0.00724
10	0.01160	0.01326	0.02900	0.02071	0.02568	0.01243	0.77879	0.01574	0.01160	0.01574	0.00994	0.01326	0.00746	0.00414	0.00580	0.00166	0.00829	0.00580	0.00249	0.00663
11	0.00598	0.00430	0.00567	0.00677	0.00711	0.00400	0.00453	0.00685	0.00948	0.01257	0.02796	0.79426	0.06176	0.01528	0.00625	0.00198	0.00284	0.01383	0.00456	0.00400
12	0.00588	0.00469	0.00528	0.00575	0.00684	0.00408	0.00408	0.00697	0.01046	0.01297	0.04037	0.36931	0.47870	0.01367	0.00600	0.00180	0.00264	0.01186	0.00456	0.00408
13	0.00617	0.00498	0.00555	0.00586	0.00724	0.00436	0.00448	0.00754	0.01104	0.01357	0.06566	0.15901	0.55351	0.01296	0.00601	0.00179	0.00283	0.11866	0.00458	0.00419
14	0.01530	0.01260	0.01351	0.01104	0.01431	0.06644	0.03811	0.34337	0.28955	0.04203	0.01430	0.01423	0.01065	0.00704	0.03100	0.00174	0.02851	0.00477	0.00450	0.03701
15	0.00651	0.00501	0.00595	0.00610	0.00733	0.00451	0.00463	0.00813	0.01170	0.01519	0.26664	0.12013	0.36064	0.04345	0.00672	0.00186	0.00284	0.11362	0.00475	0.00429
16	0.01866	0.01015	0.03158	0.00958	0.01321	0.00980	0.00795	0.13329	0.21971	0.46364	0.01819	0.01628	0.01222	0.00618	0.00495	0.00155	0.00436	0.00500	0.00553	0.00818
17	0.00715	0.00476	0.00536	0.00536	0.00536	0.00476	0.00298	0.00715	0.00715	0.00953	0.01548	0.03216	0.01787	0.82729	0.02501	0.00476	0.00476	0.00715	0.00298	0.00298
18	0.01678	0.01898	0.01485	0.02856	0.01605	0.49261	0.07062	0.13348	0.12962	0.01642	0.01027	0.01114	0.00801	0.00535	0.00471	0.00139	0.00752	0.00394	0.00324	0.00647
19	0.01160	0.01326	0.02900	0.02071	0.02568	0.01243	0.77879	0.01574	0.01160	0.01574	0.00994	0.01326	0.00746	0.00414	0.00580	0.00166	0.00829	0.00580	0.00249	0.00663
20	0.01420	0.00919	0.01058	0.00824	0.01184	0.04110	0.00657	0.06409	0.05395	0.24495	0.06158	0.05705	0.01286	0.00572	0.00447	0.00119	0.00402	0.00470	0.00429	0.37942
21	0.00695	0.00503	0.00657	0.00631	0.00745	0.00466	0.00477	0.00920	0.01360	0.01913	0.71986	0.06162	0.06028	0.01042	0.00586	0.00160	0.00244	0.04433	0.00533	0.00460
22	0.01216	0.01168	0.01995	0.03016	0.79664	0.01168	0.01508	0.01508	0.01119	0.01605	0.00924	0.01216	0.00778	0.00438	0.00487	0.00146	0.00584	0.00438	0.00243	0.00778
23	0.00610	0.00465	0.00562	0.00610	0.00700	0.00416	0.00430	0.00735	0.01082	0.01408	0.17261	0.42195	0.29064	0.01344	0.00603	0.00180	0.00263	0.01185	0.00471	0.00416
24	0.00961	0.00897	0.01243	0.01095	0.01109	0.01206	0.00883	0.01062	0.00753	0.01141	0.00890	0.01541	0.00913	0.13983	0.14145	0.00346	0.56623	0.00489	0.00235	0.00485
25	0.01868	0.01376	0.01475	0.01131	0.01524	0.01524	0.00934	0.78025	0.02311	0.03097	0.01180	0.01180	0.00836	0.00590	0.00492	0.00147	0.00541	0.00442	0.00492	0.00836
26	0.00660	0.00486	0.00631	0.00725	0.00806	0.00457	0.00553	0.00799	0.01036	0.01339	0.03075	0.43033	0.16606	0.01427	0.00636	0.00203	0.00335	0.26318	0.00455	0.00420
27	0.01168	0.01112	0.01881	0.06547	0.70834	0.01119	0.01440	0.01454	0.01113	0.01575	0.01110	0.01483	0.03370	0.00498	0.00496	0.00150	0.00572	0.03078	0.00256	0.00745
28	0.00634	0.00479	0.00558	0.00594	0.00682	0.00436	0.00417	0.00740	0.01016	0.01298	0.09692	0.26370	0.32056	0.16786	0.00965	0.00237	0.00314	0.05900	0.00433	0.00395
29	0.01151	0.03044	0.02007	0.02203	0.37609	0.05151	0.21691	0.01425	0.01083	0.01481	0.01076	0.07750	0.00981	0.02535	0.02652	0.00182	0.06503	0.00550	0.00261	0.00666
30	0.32899	0.00931	0.01020	0.00816	0.01170	0.00940	0.00673	0.09455	0.01286	0.44011	0.01406	0.01305	0.00929	0.00551	0.00424	0.00152	0.00416	0.00406	0.00486	0.00725
31	0.01138	0.00955	0.01069	0.00779	0.01206	0.03006	0.00624	0.07464	0.01143	0.03511	0.00919	0.01043	0.00745	0.00392	0.00379	0.00082	0.00394	0.00309	0.00313	0.74528
32	0.01311	0.29316	0.07912	0.01253	0.10542	0.01360	0.06931	0.08613	0.06785	0.06580	0.01040	0.02828	0.00844	0.00487	0.00422	0.00127	0.00529	0.00396	0.00305	0.12421

[dist]
# distance from previous block
# <min> <max>
0	3

[block]
# block no. 6 follows, 51 sequences, length 11
# corresponding to MSA columns:
# 305-315
name=unknown_G
#
# <colnr> <probs for GDERKNQSTAVLIFYWHMCP>
#	G	D	E	R	K	N	Q	S	T	A	V	L	I	F	Y	W	H	M	C	P
0	0.25973	0.23763	0.09322	0.01003	0.04829	0.01314	0.02912	0.01641	0.06245	0.10884	0.00963	0.01045	0.00742	0.00494	0.00438	0.00141	0.04319	0.00346	0.00309	0.03319
1	0.01209	0.01303	0.04796	0.07705	0.20470	0.09880	0.26960	0.01572	0.05603	0.03497	0.01130	0.07244	0.00965	0.00563	0.00582	0.00161	0.04871	0.00548	0.00281	0.00659
2	0.61905	0.00917	0.00843	0.00712	0.01038	0.00992	0.00587	0.01719	0.01001	0.24708	0.01047	0.01051	0.00730	0.00500	0.00359	0.00152	0.00391	0.00332	0.00392	0.00620
3	0.01088	0.00871	0.01026	0.00736	0.01170	0.00659	0.00590	0.01305	0.01042	0.06181	0.00936	0.01057	0.00756	0.00378	0.00372	0.00077	0.00367	0.00303	0.00310	0.80775
4	0.01216	0.01168	0.01995	0.03016	0.79664	0.01168	0.01508	0.01508	0.01119	0.01605	0.00924	0.01216	0.00778	0.00438	0.00487	0.00146	0.00584	0.00438	0.00243	0.00778
5	0.01111	0.03146	0.04861	0.00911	0.01123	0.14204	0.00738	0.06195	0.17158	0.01614	0.08475	0.06467	0.06447	0.05629	0.09484	0.00244	0.02605	0.03827	0.05195	0.00568
6	0.00663	0.00496	0.00616	0.00606	0.00725	0.00450	0.00453	0.00855	0.01276	0.01735	0.52080	0.11445	0.22019	0.01124	0.00588	0.00164	0.00248	0.03503	0.00510	0.00446
7	0.01183	0.01134	0.01935	0.11955	0.70982	0.01159	0.01492	0.01479	0.01103	0.01566	0.00919	0.01227	0.00764	0.00444	0.00487	0.00148	0.00592	0.00438	0.00240	0.00752
8	0.00600	0.00470	0.00543	0.00585	0.00691	0.00413	0.00416	0.00719	0.01076	0.01363	0.11575	0.35748	0.41379	0.01339	0.00599	0.00178	0.00262	0.01166	0.00465	0.00413
9	0.00715	0.00476	0.00536	0.00536	0.00536	0.00476	0.00298	0.00715	0.00715	0.00953	0.01548	0.03216	0.01787	0.82729	0.02501	0.00476	0.00476	0.00715	0.00298	0.00298
10	0.00653	0.00571	0.00648	0.00604	0.00789	0.00507	0.03711	0.00880	0.06361	0.01413	0.07658	0.04346	0.67790	0.01160	0.00575	0.00166	0.00282	0.00979	0.00454	0.00452

[dist]
# distance from previous block
# <min> <max>
0	109

[block]
# block no. 7 follows, 51 sequences, length 27
# corresponding to MSA columns:
# 425-451
name=unknown_H
#
# <colnr> <probs for GDERKNQSTAVLIFYWHMCP>
#	G	D	E	R	K	N	Q	S	T	A	V	L	I	F	Y	W	H	M	C	P
0	0.01836	0.02342	0.01393	0.01266	0.01519	0.80756	0.00950	0.01962	0.01393	0.01203	0.00760	0.00886	0.00633	0.00506	0.00443	0.00127	0.00886	0.00317	0.00253	0.00570
1	0.01005	0.01075	0.02247	0.01679	0.02047	0.01007	0.56086	0.01331	0.01112	0.01506	0.03836	0.21726	0.01493	0.00715	0.00592	0.00174	0.00674	0.00794	0.00310	0.00591
2	0.01065	0.00905	0.01042	0.00763	0.01186	0.00728	0.00609	0.04103	0.06829	0.01689	0.00968	0.01085	0.00789	0.00395	0.00379	0.00082	0.00372	0.00316	0.00314	0.76382
3	0.01062	0.00971	0.01470	0.54437	0.04522	0.03763	0.03367	0.04052	0.03818	0.03923	0.04155	0.01391	0.00876	0.00563	0.00619	0.00167	0.09539	0.00461	0.00266	0.00579
4	0.01498	0.01181	0.01229	0.01039	0.01357	0.04140	0.00826	0.24574	0.48589	0.07463	0.01712	0.01598	0.01256	0.00635	0.00495	0.00159	0.00453	0.00510	0.00496	0.00791
5	0.00657	0.00490	0.00622	0.00698	0.00787	0.00451	0.00520	0.00786	0.01020	0.01325	0.03050	0.44694	0.18081	0.02977	0.00658	0.00201	0.00324	0.19049	0.00447	0.03163
6	0.10716	0.68390	0.02296	0.00839	0.01245	0.01823	0.00813	0.06702	0.01070	0.01405	0.00717	0.00816	0.00634	0.00436	0.00326	0.00113	0.00511	0.00275	0.00240	0.00634
7	0.00715	0.00476	0.00536	0.00536	0.00536	0.00476	0.00298	0.00715	0.00715	0.00953	0.01548	0.03216	0.01787	0.82729	0.02501	0.00476	0.00476	0.00715	0.00298	0.00298
8	0.01268	0.71688	0.13507	0.00920	0.01383	0.01831	0.00978	0.01483	0.01004	0.01213	0.00711	0.00823	0.00630	0.00427	0.00337	0.00112	0.00554	0.00277	0.00210	0.00644
9	0.04246	0.10892	0.12008	0.01298	0.07018	0.01103	0.12432	0.10570	0.02652	0.08243	0.01489	0.03629	0.01353	0.00729	0.00525	0.00168	0.00564	0.20072	0.00360	0.00649
10	0.05904	0.00832	0.01108	0.00857	0.01226	0.00732	0.00706	0.02310	0.01381	0.74266	0.04138	0.01692	0.01286	0.00613	0.00488	0.00152	0.00411	0.00496	0.00593	0.00812
11	0.01168	0.15857	0.52986	0.01228	0.01829	0.01253	0.01467	0.07442	0.01150	0.06233	0.01009	0.03083	0.00779	0.00519	0.00453	0.00149	0.00644	0.01776	0.00264	0.00712
12	0.08497	0.01142	0.01417	0.28257	0.04867	0.01298	0.01058	0.40011	0.01662	0.05504	0.01058	0.01214	0.00763	0.00541	0.00476	0.00153	0.00563	0.00428	0.00380	0.00711
13	0.01424	0.01380	0.01213	0.01140	0.04503	0.26778	0.00867	0.20672	0.03330	0.01765	0.01320	0.01994	0.01199	0.03010	0.10108	0.00239	0.02365	0.13257	0.02834	0.00604
14	0.01115	0.04380	0.36936	0.01369	0.05137	0.02829	0.11381	0.04218	0.13523	0.03751	0.09322	0.01495	0.01228	0.00554	0.00496	0.00156	0.00611	0.00482	0.00317	0.00701
15	0.04483	0.01024	0.01171	0.00875	0.01284	0.00950	0.00714	0.25071	0.01479	0.16141	0.01152	0.01178	0.00842	0.00480	0.00424	0.00113	0.00429	0.00373	0.00410	0.41406
16	0.00877	0.00703	0.00809	0.00751	0.00928	0.00736	0.00572	0.01521	0.29728	0.01934	0.43305	0.05370	0.08963	0.00914	0.00552	0.00161	0.00292	0.00792	0.00517	0.00573
17	0.01160	0.01326	0.02900	0.02071	0.02568	0.01243	0.77879	0.01574	0.01160	0.01574	0.00994	0.01326	0.00746	0.00414	0.00580	0.00166	0.00829	0.00580	0.00249	0.00663
18	0.01289	0.21794	0.17408	0.01118	0.03824	0.01221	0.06634	0.04350	0.07164	0.14118	0.04289	0.01662	0.07230	0.00608	0.00504	0.00148	0.03382	0.02232	0.00347	0.00678
19	0.00613	0.00448	0.00565	0.00641	0.00695	0.00413	0.00433	0.00711	0.00989	0.01305	0.09646	0.58598	0.14190	0.07396	0.00754	0.00211	0.00289	0.01251	0.00452	0.00400
20	0.01077	0.14005	0.40403	0.01208	0.01735	0.01214	0.07052	0.05441	0.10014	0.01637	0.05124	0.01503	0.06362	0.00565	0.00471	0.00150	0.00599	0.00462	0.00292	0.00684
21	0.00607	0.00443	0.00567	0.00653	0.00704	0.00408	0.00443	0.00706	0.00991	0.01311	0.08880	0.64952	0.12434	0.03593	0.00667	0.00199	0.00282	0.01297	0.00459	0.00403
22	0.03989	0.08872	0.01352	0.01046	0.02734	0.02797	0.02673	0.17174	0.41426	0.06459	0.01634	0.05114	0.01272	0.00644	0.00481	0.00156	0.00452	0.00525	0.00454	0.00747
23	0.05925	0.01299	0.19585	0.03335	0.01530	0.00875	0.05052	0.04552	0.01118	0.09272	0.02875	0.01169	0.00837	0.00448	0.00423	0.00117	0.00492	0.00366	0.00313	0.40419
24	0.05549	0.19998	0.28977	0.01462	0.14658	0.04173	0.03106	0.07661	0.04624	0.04053	0.00939	0.01067	0.00723	0.00474	0.00434	0.00141	0.00609	0.00371	0.00269	0.00711
25	0.01275	0.70430	0.09032	0.00976	0.01428	0.01827	0.06507	0.01486	0.01013	0.01220	0.00722	0.00848	0.00638	0.00424	0.00347	0.00114	0.00564	0.00294	0.00213	0.00641
26	0.00617	0.00465	0.00574	0.00625	0.00706	0.00427	0.00438	0.00737	0.01040	0.01363	0.14377	0.42811	0.24151	0.04112	0.04984	0.00225	0.00329	0.01156	0.00453	0.00412

[dist]
# distance from previous block
# <min> <max>
2	3

[block]
# block no. 8 follows, 51 sequences, length 43
# corresponding to MSA columns:
# 455-497
name=unknown_I
#
# <colnr> <probs for GDERKNQSTAVLIFYWHMCP>
#	G	D	E	R	K	N	Q	S	T	A	V	L	I	F	Y	W	H	M	C	P
0	0.23555	0.01430	0.05505	0.01213	0.09144	0.20647	0.02635	0.06994	0.12995	0.06537	0.02414	0.01273	0.00918	0.00545	0.00438	0.00149	0.00567	0.02041	0.00347	0.00653
1	0.00803	0.00661	0.00775	0.00655	0.00916	0.00530	0.00498	0.00978	0.01074	0.01523	0.12067	0.17193	0.19176	0.00858	0.00488	0.00127	0.00307	0.00737	0.00390	0.40246
2	0.00656	0.00521	0.00592	0.00573	0.00720	0.00468	0.00430	0.00877	0.04427	0.01627	0.36164	0.05688	0.43238	0.01126	0.00578	0.00162	0.00248	0.00962	0.00494	0.00450
3	0.04638	0.01333	0.01378	0.01107	0.03193	0.21368	0.10600	0.05788	0.01198	0.01593	0.00927	0.03540	0.00783	0.00461	0.00428	0.00111	0.00571	0.00380	0.00292	0.40311
4	0.00599	0.00428	0.00570	0.00684	0.00713	0.00399	0.00456	0.00684	0.00941	0.01254	0.02709	0.82409	0.03250	0.01540	0.00627	0.00200	0.00285	0.01397	0.00456	0.00399
5	0.00990	0.00939	0.01578	0.64038	0.13094	0.01114	0.04364	0.01372	0.05101	0.01355	0.00944	0.01326	0.00719	0.00491	0.00495	0.00162	0.00639	0.00449	0.00238	0.00593
6	0.00707	0.00508	0.00696	0.00696	0.00752	0.00564	0.00498	0.00818	0.00762	0.01072	0.01402	0.02403	0.01434	0.32744	0.52004	0.00675	0.01008	0.00596	0.00276	0.00387
7	0.00696	0.00502	0.00657	0.00618	0.00734	0.00464	0.00464	0.00927	0.01391	0.01971	0.79405	0.03671	0.04637	0.01005	0.00580	0.00155	0.00232	0.00889	0.00541	0.00464
8	0.01216	0.01168	0.01995	0.03016	0.79664	0.01168	0.01508	0.01508	0.01119	0.01605	0.00924	0.01216	0.00778	0.00438	0.00487	0.00146	0.00584	0.00438	0.00243	0.00778
9	0.00711	0.00475	0.00537	0.00540	0.00541	0.00474	0.00302	0.00714	0.00721	0.00961	0.01580	0.05384	0.01827	0.80506	0.02450	0.00469	0.00471	0.00733	0.00302	0.00301
10	0.01160	0.01326	0.02900	0.02071	0.02568	0.01243	0.77879	0.01574	0.01160	0.01574	0.00994	0.01326	0.00746	0.00414	0.00580	0.00166	0.00829	0.00580	0.00249	0.00663
11	0.01802	0.02248	0.01379	0.01248	0.01506	0.74492	0.00940	0.03754	0.05729	0.01294	0.00838	0.00946	0.00686	0.00517	0.00447	0.00129	0.00851	0.00333	0.00272	0.00587
12	0.00691	0.00502	0.00651	0.00614	0.00732	0.00462	0.00460	0.00919	0.01381	0.01947	0.76671	0.03710	0.07385	0.01013	0.00580	0.00155	0.00232	0.00894	0.00538	0.00462
13	0.03429	0.01544	0.04406	0.01626	0.02031	0.19257	0.40939	0.08021	0.09225	0.01674	0.01076	0.02542	0.00836	0.00496	0.00524	0.00155	0.00750	0.00506	0.00299	0.00662
14	0.01828	0.02025	0.01409	0.01219	0.01514	0.55447	0.00940	0.24147	0.03820	0.01779	0.00917	0.00998	0.00716	0.00535	0.00459	0.00134	0.00772	0.00360	0.00330	0.00653
15	0.00635	0.00487	0.00579	0.00583	0.00700	0.00434	0.00425	0.00796	0.01194	0.01579	0.35954	0.18045	0.32698	0.02888	0.00628	0.00174	0.00253	0.01032	0.00489	0.00430
16	0.01160	0.01139	0.01873	0.01457	0.01813	0.01191	0.34345	0.02017	0.38000	0.01804	0.04293	0.01774	0.01304	0.00595	0.00569	0.00169	0.02500	0.02914	0.00384	0.00701
17	0.00605	0.00459	0.00552	0.00616	0.00695	0.00413	0.00428	0.00710	0.01019	0.01308	0.07431	0.47964	0.28932	0.04470	0.00681	0.00197	0.00280	0.02379	0.00455	0.00405
18	0.00714	0.00480	0.00555	0.00555	0.00562	0.00487	0.00322	0.00727	0.00720	0.00967	0.01531	0.03119	0.01745	0.76778	0.08395	0.00500	0.00540	0.00700	0.00295	0.00308
19	0.00659	0.00500	0.00600	0.00576	0.00704	0.00448	0.00428	0.00847	0.01278	0.01723	0.52206	0.04002	0.29106	0.03981	0.00648	0.00170	0.00246	0.00931	0.00505	0.00442
20	0.01270	0.01146	0.02084	0.08688	0.39984	0.01133	0.23238	0.03479	0.01176	0.08757	0.01091	0.01430	0.00864	0.00483	0.00520	0.00156	0.00639	0.02847	0.00289	0.00723
21	0.01606	0.35526	0.01898	0.01039	0.01405	0.21417	0.00894	0.24562	0.04294	0.01782	0.00898	0.00968	0.00724	0.00501	0.00407	0.00125	0.00615	0.00341	0.00316	0.00682
22	0.01836	0.02342	0.01393	0.01266	0.01519	0.80756	0.00950	0.01962	0.01393	0.01203	0.00760	0.00886	0.00633	0.00506	0.00443	0.00127	0.00886	0.00317	0.00253	0.00570
23	0.01149	0.01295	0.02727	0.01975	0.02410	0.01275	0.68367	0.01526	0.01109	0.01526	0.00951	0.01295	0.00733	0.00469	0.00708	0.00172	0.10861	0.00561	0.00244	0.00647
