[name]
unknown

[dist]
# distance from previous block
# <min> <max>
0	17

[block]
# block no. 0 follows, 41 sequences, length 7
# corresponding to MSA columns:
# 54-60
name=unknown_A
#
# <colnr> <probs for GDERKNQSTAVLIFYWHMCP>
#	G	D	E	R	K	N	Q	S	T	A	V	L	I	F	Y	W	H	M	C	P
0	0.04576	0.30641	0.05524	0.01041	0.01420	0.01416	0.06883	0.03899	0.04198	0.04828	0.07360	0.02181	0.05302	0.00730	0.00501	0.00160	0.00537	0.06147	0.11964	0.00690
1	0.01272	0.07229	0.01295	0.09841	0.01530	0.04985	0.00847	0.17044	0.07095	0.02191	0.19961	0.06191	0.16302	0.00965	0.00605	0.00179	0.00489	0.00801	0.00501	0.00678
2	0.00987	0.00628	0.00815	0.00754	0.00926	0.00572	0.00580	0.01241	0.01581	0.09965	0.59240	0.04231	0.10711	0.01163	0.00670	0.00184	0.00306	0.04243	0.00625	0.00580
3	0.08040	0.08227	0.34184	0.01517	0.07920	0.05089	0.01498	0.09891	0.03790	0.12733	0.01242	0.01324	0.00890	0.00584	0.00524	0.00172	0.00704	0.00448	0.00370	0.00849
4	0.01446	0.15021	0.36913	0.01649	0.07820	0.01522	0.08086	0.09802	0.04944	0.05813	0.01167	0.01306	0.00864	0.00562	0.00535	0.00171	0.00744	0.00461	0.00326	0.00848
5	0.00913	0.00608	0.00741	0.00710	0.00880	0.00539	0.00531	0.01114	0.01445	0.08866	0.35744	0.14347	0.28821	0.01303	0.00673	0.00191	0.00305	0.01128	0.00591	0.00551
6	0.00709	0.00517	0.00669	0.00766	0.00828	0.00476	0.00523	0.00835	0.01182	0.01576	0.12802	0.62917	0.10730	0.01680	0.00718	0.00222	0.00320	0.01511	0.00544	0.00476

[dist]
# distance from previous block
# <min> <max>
2	6

[block]
# block no. 1 follows, 41 sequences, length 14
# corresponding to MSA columns:
# 67-80
name=unknown_B
#
# <colnr> <probs for GDERKNQSTAVLIFYWHMCP>
#	G	D	E	R	K	N	Q	S	T	A	V	L	I	F	Y	W	H	M	C	P
0	0.01413	0.12545	0.35821	0.01790	0.12280	0.07780	0.06971	0.01923	0.04931	0.05185	0.01113	0.01289	0.00845	0.00564	0.00576	0.00173	0.03233	0.00454	0.00294	0.00820
1	0.01913	0.01704	0.23513	0.01248	0.01769	0.05182	0.01239	0.13089	0.01624	0.33508	0.01764	0.08027	0.01307	0.00740	0.00575	0.00180	0.00630	0.00598	0.00514	0.00877
2	0.01432	0.05686	0.38991	0.05566	0.09123	0.04018	0.03364	0.09562	0.01418	0.08502	0.01295	0.06192	0.01025	0.00647	0.00559	0.00179	0.00738	0.00532	0.00343	0.00828
3	0.01413	0.01351	0.02168	0.11320	0.55073	0.03494	0.03907	0.05577	0.01364	0.01898	0.03417	0.01502	0.01023	0.00565	0.00619	0.00175	0.03453	0.00527	0.00306	0.00848
4	0.00829	0.00627	0.00904	0.02968	0.05663	0.00670	0.00687	0.00982	0.00984	0.01366	0.02000	0.24561	0.02164	0.16001	0.36243	0.00596	0.00951	0.00931	0.00375	0.00498
5	0.01399	0.01317	0.02219	0.10273	0.57718	0.01345	0.05703	0.06219	0.01368	0.01920	0.01177	0.04580	0.01011	0.00577	0.00580	0.00176	0.00686	0.00564	0.00309	0.00859
6	0.01690	0.01348	0.01475	0.07037	0.01747	0.03888	0.00981	0.37862	0.11245	0.02716	0.01528	0.07784	0.01251	0.00726	0.00556	0.00164	0.00568	0.00583	0.00493	0.16357
7	0.00760	0.00647	0.00663	0.00647	0.00851	0.00584	0.00489	0.01064	0.09028	0.01669	0.08801	0.05094	0.64962	0.01365	0.00666	0.00193	0.00306	0.01141	0.00541	0.00530
8	0.01444	0.04160	0.22743	0.06224	0.02033	0.07859	0.06460	0.10054	0.18442	0.03519	0.01474	0.01644	0.02380	0.03568	0.00728	0.00198	0.05349	0.00536	0.00384	0.00801
9	0.00810	0.00585	0.00765	0.00720	0.00855	0.00540	0.00540	0.01079	0.01619	0.02294	0.76028	0.04273	0.05397	0.01169	0.00675	0.00180	0.00270	0.01034	0.00630	0.00540
10	0.01332	0.15888	0.21709	0.01442	0.03426	0.06427	0.09398	0.05361	0.02609	0.01712	0.02467	0.02589	0.03563	0.03096	0.03303	0.00210	0.10582	0.00515	0.00305	0.04067
11	0.01398	0.01341	0.02290	0.07457	0.72522	0.01354	0.01747	0.01740	0.01294	0.01847	0.01073	0.01421	0.00898	0.00513	0.00567	0.00171	0.00684	0.00510	0.00282	0.00892
12	0.04091	0.11926	0.20360	0.01249	0.01646	0.05235	0.01222	0.01726	0.04160	0.08995	0.01349	0.10587	0.01210	0.00800	0.00811	0.00186	0.17048	0.00579	0.00351	0.06469
13	0.00790	0.00634	0.03304	0.00763	0.00897	0.00523	0.00571	0.00948	0.01245	0.04364	0.13327	0.43697	0.23757	0.01533	0.00696	0.00211	0.00335	0.01353	0.00540	0.00511

[dist]
# distance from previous block
# <min> <max>
0	2

[block]
# block no. 2 follows, 41 sequences, length 17
# corresponding to MSA columns:
# 83-99
name=unknown_C
#
# <colnr> <probs for GDERKNQSTAVLIFYWHMCP>
#	G	D	E	R	K	N	Q	S	T	A	V	L	I	F	Y	W	H	M	C	P
0	0.01256	0.08344	0.47000	0.05962	0.05655	0.01351	0.04648	0.04337	0.04370	0.04030	0.06675	0.01519	0.01159	0.00603	0.00551	0.00177	0.00743	0.00495	0.00314	0.00813
1	0.00763	0.00571	0.00685	0.00696	0.00792	0.00554	0.00484	0.00881	0.01085	0.01415	0.08449	0.12224	0.25927	0.25278	0.17222	0.00453	0.00628	0.01006	0.00437	0.00450
2	0.01529	0.80242	0.02997	0.00979	0.01468	0.02263	0.00979	0.01713	0.01162	0.01346	0.00795	0.00918	0.00734	0.00489	0.00367	0.00122	0.00612	0.00306	0.00245	0.00734
3	0.00878	0.00795	0.07056	0.00830	0.01024	0.00611	0.00675	0.01127	0.02929	0.03949	0.21951	0.34003	0.10576	0.01304	0.00653	0.00195	0.00364	0.01151	0.04291	0.05637
4	0.83938	0.01106	0.00841	0.00752	0.01106	0.01283	0.00619	0.01681	0.00973	0.02566	0.00796	0.00929	0.00619	0.00531	0.00354	0.00177	0.00442	0.00310	0.00354	0.00619
5	0.01808	0.02028	0.03660	0.07521	0.01859	0.40323	0.01142	0.07460	0.10370	0.04320	0.01193	0.03189	0.00976	0.00703	0.00717	0.00176	0.10997	0.00480	0.00359	0.00719
6	0.00720	0.00514	0.00690	0.00823	0.00866	0.00485	0.00571	0.00837	0.01118	0.01486	0.03140	0.71973	0.03732	0.01770	0.00736	0.00236	0.00352	0.08948	0.00531	0.00471
7	0.00722	0.00519	0.00688	0.00807	0.00859	0.00486	0.00561	0.00846	0.01150	0.01532	0.07413	0.66710	0.06157	0.01727	0.00730	0.00231	0.00343	0.07508	0.00536	0.00475
8	0.01778	0.00831	0.01070	0.00901	0.01210	0.00756	0.00713	0.02097	0.07295	0.41831	0.14111	0.10671	0.09724	0.00969	0.00612	0.00185	0.00408	0.00822	0.03231	0.00786
9	0.01179	0.00948	0.03625	0.00907	0.01137	0.00943	0.00717	0.14420	0.14355	0.02173	0.14797	0.06993	0.09750	0.11609	0.05895	0.00278	0.00510	0.00801	0.08309	0.00653
10	0.01529	0.80242	0.02997	0.00979	0.01468	0.02263	0.00979	0.01713	0.01162	0.01346	0.00795	0.00918	0.00734	0.00489	0.00367	0.00122	0.00612	0.00306	0.00245	0.00734
11	0.03689	0.01127	0.01599	0.12531	0.14772	0.01110	0.06270	0.06705	0.08925	0.01961	0.01403	0.09205	0.01234	0.00658	0.00542	0.00157	0.00563	0.00588	0.00374	0.26587
12	0.02056	0.02588	0.01730	0.01527	0.01842	0.69497	0.06157	0.02281	0.04346	0.01467	0.00957	0.01108	0.00783	0.00589	0.00529	0.00152	0.01005	0.00400	0.00305	0.00680
13	0.01355	0.16330	0.07544	0.08322	0.01723	0.01240	0.00983	0.07391	0.03373	0.05098	0.01135	0.01327	0.00914	0.00810	0.06594	0.00190	0.00633	0.00410	0.00344	0.34286
14	0.00823	0.00635	0.00784	0.00779	0.00912	0.00593	0.00555	0.00999	0.02840	0.01604	0.12226	0.34829	0.12580	0.10089	0.04126	0.00265	0.02606	0.01148	0.00483	0.11125
15	0.01500	0.45935	0.16476	0.01172	0.01688	0.09910	0.01188	0.01944	0.10151	0.01579	0.01039	0.01138	0.00857	0.00543	0.00443	0.00144	0.00676	0.00376	0.00292	0.02948
16	0.08679	0.11540	0.14633	0.01097	0.01513	0.01221	0.03146	0.07106	0.11269	0.05706	0.09313	0.11307	0.03933	0.00817	0.00548	0.00174	0.00531	0.00675	0.00436	0.06356

[dist]
# distance from previous block
# <min> <max>
4	8

[block]
# block no. 3 follows, 41 sequences, length 30
# corresponding to MSA columns:
# 110-139
name=unknown_D
#
# <colnr> <probs for GDERKNQSTAVLIFYWHMCP>
#	G	D	E	R	K	N	Q	S	T	A	V	L	I	F	Y	W	H	M	C	P
0	0.06463	0.20816	0.01985	0.04536	0.13048	0.25711	0.01136	0.06939	0.09083	0.03564	0.01106	0.01234	0.00892	0.00578	0.00492	0.00155	0.00733	0.00420	0.00341	0.00767
1	0.01218	0.01173	0.06335	0.19449	0.25917	0.01123	0.01302	0.03633	0.06755	0.03037	0.01730	0.07565	0.06592	0.00724	0.00568	0.00177	0.00590	0.00641	0.06818	0.04654
2	0.05276	0.19758	0.43142	0.01477	0.03725	0.06168	0.04420	0.01889	0.05887	0.01758	0.01044	0.01195	0.00796	0.00545	0.00502	0.00167	0.00762	0.00414	0.00275	0.00801
3	0.01536	0.27203	0.15814	0.01358	0.04714	0.05624	0.07887	0.04076	0.07237	0.09929	0.02598	0.01533	0.04196	0.00607	0.00509	0.00159	0.00661	0.00486	0.00361	0.03513
4	0.03636	0.00812	0.05725	0.02801	0.01132	0.00785	0.00757	0.04182	0.01019	0.01480	0.01604	0.06856	0.01576	0.16954	0.46110	0.00682	0.01133	0.00681	0.01548	0.00527
5	0.00707	0.00513	0.00664	0.00769	0.00823	0.00474	0.00520	0.00822	0.01149	0.01528	0.09273	0.65868	0.09695	0.03336	0.00767	0.00232	0.00328	0.01528	0.00535	0.00470
6	0.01276	0.07925	0.01919	0.22587	0.14154	0.05855	0.10944	0.05090	0.05671	0.01727	0.01580	0.12377	0.03419	0.00774	0.00594	0.00186	0.00678	0.02185	0.00351	0.00709
7	0.03972	0.07892	0.04816	0.01298	0.01693	0.17660	0.04163	0.23021	0.02995	0.16176	0.04421	0.01485	0.01144	0.00679	0.00635	0.00171	0.05993	0.00499	0.00462	0.00823
8	0.00711	0.00526	0.00722	0.00823	0.00877	0.00488	0.02233	0.00822	0.01111	0.01473	0.03233	0.74185	0.07168	0.01745	0.00726	0.00230	0.00344	0.01584	0.00525	0.00473
9	0.02275	0.01082	0.01351	0.01075	0.01492	0.01048	0.00875	0.08646	0.18438	0.53936	0.02201	0.01943	0.01455	0.00722	0.00577	0.00180	0.00491	0.00587	0.00668	0.00958
10	0.01080	0.01017	0.01716	0.78523	0.03940	0.01271	0.01589	0.01461	0.01144	0.01461	0.01017	0.01525	0.00762	0.00572	0.00572	0.00191	0.00762	0.00508	0.00254	0.00635
11	0.03288	0.70835	0.10300	0.01039	0.01560	0.02149	0.01084	0.01722	0.01163	0.01419	0.00818	0.00947	0.00731	0.00496	0.00384	0.00129	0.00631	0.00318	0.00247	0.00743
12	0.05468	0.02577	0.01575	0.01423	0.01727	0.70848	0.01073	0.02284	0.01595	0.05044	0.00946	0.01071	0.00764	0.00593	0.00512	0.00150	0.00982	0.00376	0.00317	0.00676
13	0.01369	0.01076	0.01184	0.01061	0.01352	0.01198	0.00824	0.02610	0.54899	0.07291	0.17851	0.02572	0.02493	0.00854	0.00601	0.00190	0.00416	0.00724	0.00600	0.00833
14	0.01350	0.01543	0.03375	0.02411	0.02989	0.01446	0.74253	0.01832	0.01350	0.01832	0.01157	0.01543	0.00868	0.00482	0.00675	0.00193	0.00964	0.00675	0.00289	0.00771
15	0.00714	0.00503	0.00662	0.00779	0.00815	0.00470	0.00518	0.00797	0.01077	0.01429	0.03106	0.70227	0.06375	0.05027	0.00882	0.03778	0.00346	0.01529	0.00511	0.00451
16	0.00701	0.00502	0.00660	0.00784	0.00821	0.00468	0.00522	0.00798	0.01092	0.01451	0.03185	0.74808	0.05850	0.04403	0.00802	0.00242	0.00338	0.01587	0.00525	0.00461
17	0.00742	0.00563	0.00638	0.00648	0.00762	0.00508	0.00448	0.00871	0.01226	0.01579	0.18379	0.15246	0.34511	0.19922	0.01210	0.00281	0.00354	0.01143	0.00507	0.00459
18	0.02138	0.02683	0.01625	0.01468	0.01768	0.74682	0.01104	0.05062	0.01662	0.01485	0.00903	0.01045	0.00746	0.00593	0.00518	0.00148	0.01016	0.00374	0.00305	0.00675
19	0.01460	0.03577	0.23908	0.04665	0.17602	0.01393	0.21239	0.07664	0.01407	0.07862	0.01185	0.01417	0.00877	0.00555	0.00618	0.00182	0.02691	0.00530	0.00327	0.00843
20	0.00696	0.00549	0.00629	0.00675	0.00802	0.00481	0.00481	0.00836	0.01254	0.01583	0.11381	0.33496	0.42004	0.01553	0.00696	0.00207	0.00304	0.01350	0.00540	0.00481
21	0.00983	0.00500	0.00738	0.00738	0.00738	0.00500	0.00487	0.00751	0.00751	0.01001	0.01044	0.01865	0.01062	0.06896	0.02278	0.78141	0.00500	0.00518	0.00255	0.00255
22	0.01310	0.03514	0.24635	0.03902	0.33764	0.01371	0.14768	0.01818	0.04213	0.01844	0.01160	0.01505	0.00924	0.00549	0.00580	0.00180	0.00768	0.02061	0.00288	0.00847
23	0.00719	0.00535	0.00714	0.03405	0.00943	0.00517	0.00574	0.00831	0.01106	0.01464	0.03202	0.70750	0.08180	0.01714	0.00743	0.00229	0.01843	0.01541	0.00516	0.00475
24	0.01185	0.01094	0.04191	0.00878	0.01400	0.00785	0.00735	0.01455	0.01187	0.01862	0.01017	0.01187	0.00842	0.00428	0.00428	0.00089	0.00440	0.00342	0.00335	0.80120
25	0.01432	0.01098	0.01201	0.01063	0.01370	0.01212	0.00830	0.05586	0.51487	0.09155	0.11552	0.02577	0.07202	0.00860	0.00599	0.00190	0.00430	0.00720	0.00595	0.00841
26	0.01187	0.02661	0.63090	0.01759	0.07009	0.01359	0.05077	0.01828	0.03641	0.01814	0.01065	0.01267	0.00777	0.00568	0.00615	0.00185	0.04552	0.00450	0.00258	0.00837
27	0.01102	0.01047	0.01778	0.62119	0.04707	0.01262	0.06721	0.01498	0.02724	0.01563	0.05770	0.01699	0.01084	0.00624	0.00640	0.00192	0.03978	0.00556	0.00287	0.00649
28	0.00935	0.00720	0.02144	0.05206	0.05846	0.00669	0.00725	0.01225	0.02958	0.04944	0.48362	0.08528	0.10213	0.01138	0.00663	0.00188	0.00360	0.04025	0.00565	0.00587
29	0.01518	0.27533	0.47728	0.01591	0.02304	0.01750	0.04723	0.01932	0.01348	0.01880	0.01200	0.01464	0.00967	0.00685	0.00596	0.00207	0.00844	0.00476	0.00330	0.00924

[dist]
# distance from previous block
# <min> <max>
0	5

[block]
# block no. 4 follows, 41 sequences, length 36
# corresponding to MSA columns:
# 148-182,186
name=unknown_E
#
# <colnr> <probs for GDERKNQSTAVLIFYWHMCP>
#	G	D	E	R	K	N	Q	S	T	A	V	L	I	F	Y	W	H	M	C	P
0	0.01272	0.01313	0.05678	0.17312	0.44441	0.01271	0.09159	0.01637	0.01283	0.01794	0.05360	0.04486	0.01225	0.00605	0.00590	0.00180	0.00697	0.00593	0.00305	0.00801
1	0.00717	0.00524	0.00714	0.04307	0.00971	0.00503	0.00579	0.00834	0.01112	0.01484	0.05117	0.73871	0.03692	0.01719	0.00721	0.00229	0.00350	0.01559	0.00521	0.00474
2	0.01181	0.01017	0.01210	0.04358	0.01472	0.00785	0.00719	0.01441	0.01184	0.01846	0.01017	0.01201	0.00843	0.00430	0.00430	0.00090	0.00439	0.00347	0.00335	0.79654
3	0.05186	0.05423	0.34548	0.01705	0.14464	0.01240	0.03188	0.01929	0.02824	0.13473	0.01234	0.01356	0.00896	0.00551	0.00527	0.00166	0.00682	0.00452	0.00345	0.09811
4	0.01450	0.01096	0.01371	0.01104	0.05663	0.00917	0.02835	0.07382	0.02933	0.10919	0.01227	0.01334	0.00948	0.00492	0.00472	0.00113	0.00477	0.00406	0.00402	0.58459
5	0.01547	0.01192	0.01484	0.05667	0.14034	0.01293	0.01058	0.12378	0.33254	0.09749	0.08245	0.02137	0.03890	0.00754	0.00587	0.00184	0.00515	0.00640	0.00528	0.00864
6	0.04999	0.01021	0.01110	0.01025	0.01269	0.01158	0.00780	0.02334	0.47753	0.03795	0.02140	0.04011	0.01799	0.13264	0.08350	0.00321	0.00572	0.03039	0.00509	0.00749
7	0.01344	0.01045	0.01350	0.20610	0.04465	0.01036	0.01018	0.05612	0.03731	0.03740	0.22577	0.10074	0.09313	0.01115	0.00726	0.00230	0.00564	0.00897	0.02848	0.07705
8	0.01010	0.00742	0.00876	0.00947	0.01047	0.00657	0.00645	0.01057	0.01372	0.01841	0.12232	0.54603	0.16880	0.01792	0.00826	0.00269	0.00421	0.01523	0.00630	0.00631
9	0.01511	0.01212	0.01383	0.01048	0.01560	0.00932	0.00806	0.01676	0.01376	0.04445	0.01339	0.01603	0.01134	0.00627	0.00554	0.00144	0.00525	0.00444	0.00446	0.77235
10	0.01367	0.01213	0.01884	0.75208	0.04023	0.01415	0.01671	0.01655	0.01321	0.01731	0.01301	0.01903	0.01035	0.00760	0.00691	0.00242	0.00847	0.00598	0.00354	0.00782
11	0.01636	0.02500	0.51086	0.01614	0.02291	0.01394	0.01784	0.10013	0.01568	0.09141	0.01628	0.07095	0.01336	0.03050	0.00749	0.00245	0.00826	0.00634	0.00444	0.00968
12	0.01598	0.01444	0.02285	0.15721	0.57755	0.01442	0.01745	0.01842	0.01437	0.02034	0.01445	0.05492	0.01284	0.00771	0.00695	0.00228	0.00765	0.00652	0.00389	0.00975
13	0.01238	0.01083	0.01412	0.07988	0.12473	0.00922	0.00925	0.03551	0.01242	0.01879	0.01035	0.01254	0.00852	0.00456	0.00461	0.00109	0.00496	0.00383	0.00330	0.61911
14	0.00831	0.00613	0.00736	0.00712	0.00882	0.00535	0.00524	0.01024	0.01341	0.03109	0.26979	0.22700	0.22338	0.01281	0.00646	0.00184	0.00310	0.01117	0.04672	0.09466
15	0.01186	0.01017	0.01186	0.00847	0.01356	0.00762	0.00678	0.01440	0.01186	0.01864	0.01017	0.01186	0.00847	0.00424	0.00424	0.00085	0.00424	0.00339	0.00339	0.83395
16	0.06946	0.01229	0.01979	0.13683	0.52520	0.01280	0.01531	0.01701	0.03842	0.01909	0.06862	0.01643	0.01241	0.00580	0.00561	0.00175	0.00636	0.00541	0.00321	0.00820
17	0.01361	0.07910	0.04190	0.00937	0.01436	0.00929	0.02416	0.01626	0.01256	0.10361	0.03934	0.01373	0.01068	0.00495	0.00455	0.00108	0.00469	0.00399	0.00379	0.58896
18	0.01276	0.01231	0.02135	0.33853	0.42866	0.01328	0.05763	0.01641	0.01241	0.01702	0.01056	0.01467	0.00846	0.00533	0.00575	0.00180	0.00729	0.00518	0.00272	0.00789
19	0.01270	0.01124	0.04818	0.01034	0.05384	0.00825	0.00811	0.01546	0.01217	0.05848	0.01086	0.01240	0.00875	0.00449	0.00445	0.00099	0.00460	0.00364	0.00351	0.70754
20	0.01007	0.00888	0.05259	0.00894	0.01198	0.00669	0.00726	0.01223	0.01176	0.03933	0.02080	0.32971	0.02239	0.01085	0.00589	0.00167	0.00422	0.07023	0.00437	0.36015
21	0.01423	0.01229	0.01293	0.01164	0.01487	0.01423	0.00905	0.03039	0.75297	0.02393	0.02328	0.02134	0.01746	0.00776	0.00582	0.00194	0.00453	0.00647	0.00582	0.00905
22	0.01334	0.01276	0.02174	0.21748	0.58730	0.01338	0.01715	0.01684	0.01264	0.01770	0.01062	0.01442	0.00871	0.00525	0.00568	0.00175	0.00700	0.00509	0.00276	0.00840
23	0.00994	0.00497	0.00745	0.00745	0.00745	0.00497	0.00497	0.00745	0.00745	0.00994	0.00994	0.01739	0.00994	0.01987	0.02235	0.83358	0.00497	0.00497	0.00248	0.00248
24	0.01196	0.02617	0.59160	0.01819	0.02600	0.01357	0.19545	0.01816	0.01242	0.01816	0.01058	0.01289	0.00759	0.00529	0.00575	0.00184	0.00874	0.00484	0.00253	0.00827
25	0.01307	0.01864	0.23697	0.05900	0.16448	0.01379	0.32922	0.04285	0.01337	0.01871	0.01205	0.01503	0.02439	0.00536	0.00609	0.00184	0.00842	0.00571	0.00288	0.00812
26	0.00821	0.00577	0.00731	0.00731	0.00775	0.00611	0.00485	0.00901	0.00879	0.01204	0.01835	0.03252	0.04278	0.49565	0.30262	0.00677	0.00905	0.00764	0.00338	0.00411
27	0.02478	0.00999	0.01361	0.04903	0.01596	0.00897	0.00887	0.05368	0.01651	0.70262	0.02162	0.01905	0.01367	0.00700	0.00575	0.00177	0.00506	0.00570	0.00680	0.00957
28	0.01356	0.01334	0.02277	0.15274	0.54030	0.03051	0.08955	0.01706	0.01284	0.01780	0.01117	0.03201	0.00940	0.00548	0.00581	0.00176	0.00721	0.00548	0.00285	0.00834
29	0.01268	0.01281	0.18052	0.01430	0.11318	0.00876	0.03316	0.01560	0.01259	0.15981	0.02175	0.34668	0.02185	0.01099	0.00636	0.00201	0.00540	0.00982	0.00461	0.00714
30	0.01416	0.01359	0.02322	0.03511	0.76330	0.01359	0.01755	0.01755	0.01302	0.01869	0.01076	0.01416	0.00906	0.00510	0.00566	0.00170	0.00680	0.00510	0.00283	0.00906
31	0.79340	0.01197	0.00885	0.00793	0.01143	0.05573	0.00647	0.01715	0.01010	0.02501	0.00801	0.00935	0.00626	0.00534	0.00363	0.00175	0.00476	0.00313	0.00351	0.00622
32	0.00677	0.00575	0.00584	0.00590	0.00775	0.00482	0.00439	0.00820	0.01293	0.01541	0.05662	0.09205	0.72483	0.01466	0.00679	0.00195	0.00292	0.01228	0.00531	0.00482
33	0.01284	0.01327	0.03718	0.19637	0.14219	0.05118	0.20565	0.03196	0.05142	0.01789	0.06826	0.01952	0.01344	0.00683	0.00717	0.00193	0.06870	0.04359	0.00335	0.00727
34	0.01458	0.01413	0.02042	0.07709	0.52893	0.08522	0.01518	0.01768	0.01315	0.03502	0.01073	0.01368	0.00884	0.00514	0.00543	0.00158	0.00680	0.00475	0.00299	0.11864
35	0.01376	0.01263	0.01950	0.27628	0.36630	0.04872	0.03173	0.01795	0.06143	0.05477	0.01249	0.03719	0.01012	0.00597	0.00574	0.00180	0.00695	0.00550	0.00322	0.00794

[dist]
# distance from previous block
# <min> <max>
0	1

[block]
# block no. 5 follows, 41 sequences, length 24
# corresponding to MSA columns:
# 188-195,198-200,281-293
name=unknown_F
#
# <colnr> <probs for GDERKNQSTAVLIFYWHMCP>
#	G	D	E	R	K	N	Q	S	T	A	V	L	I	F	Y	W	H	M	C	P
0	0.05161	0.01379	0.02141	0.03114	0.63930	0.03774	0.01608	0.01883	0.07869	0.01932	0.01168	0.01445	0.00962	0.00537	0.00556	0.00172	0.00660	0.00508	0.00313	0.00885
1	0.01353	0.01295	0.02208	0.17549	0.62782	0.01343	0.01724	0.01700	0.01273	0.01792	0.01065	0.01436	0.00879	0.00521	0.00567	0.00174	0.00695	0.00509	0.00278	0.00855
2	0.11887	0.20355	0.10276	0.01142	0.01609	0.01636	0.01057	0.19118	0.17962	0.05090	0.01357	0.01374	0.01028	0.00617	0.00491	0.00164	0.00576	0.00455	0.00429	0.03376
3	0.01531	0.01561	0.02002	0.13242	0.43621	0.15331	0.01518	0.04725	0.07477	0.01837	0.01147	0.01418	0.00927	0.00562	0.00559	0.00171	0.00735	0.00495	0.00317	0.00827
4	0.00939	0.00763	0.01162	0.01573	0.20849	0.00746	0.00946	0.01140	0.01202	0.01627	0.02575	0.41823	0.02909	0.01404	0.00701	0.00223	0.00469	0.17889	0.00465	0.00596
5	0.01135	0.00807	0.01040	0.00956	0.02946	0.00802	0.02532	0.07232	0.10453	0.07531	0.48463	0.07644	0.04022	0.01053	0.00649	0.00184	0.00366	0.00926	0.00602	0.00658
6	0.00958	0.00516	0.00753	0.00753	0.00765	0.00527	0.00507	0.00785	0.00773	0.01043	0.01133	0.01990	0.01148	0.09759	0.10871	0.66006	0.00620	0.00542	0.00264	0.00288
7	0.01565	0.75882	0.02926	0.00997	0.01485	0.02236	0.00985	0.05745	0.01247	0.01471	0.00827	0.00943	0.00747	0.00500	0.00378	0.00125	0.00613	0.00317	0.00263	0.00747
8	0.03264	0.12864	0.60350	0.01488	0.02247	0.03521	0.01844	0.01793	0.01206	0.01760	0.00986	0.01157	0.00728	0.00533	0.00510	0.00169	0.00793	0.00400	0.00250	0.04135
9	0.01322	0.01475	0.17859	0.03861	0.07519	0.02444	0.11058	0.01904	0.12271	0.10471	0.21236	0.02306	0.02224	0.00753	0.00607	0.00183	0.00599	0.00677	0.00458	0.00773
10	0.01215	0.01028	0.05388	0.02910	0.01379	0.01012	0.03286	0.13551	0.05592	0.05979	0.06023	0.33104	0.03810	0.01218	0.00799	0.00211	0.09331	0.03012	0.00493	0.00661
11	0.08085	0.13589	0.06630	0.04336	0.38951	0.01505	0.15381	0.01754	0.01254	0.01825	0.01021	0.01315	0.00836	0.00506	0.00538	0.00169	0.00715	0.00489	0.00281	0.00821
12	0.01345	0.01794	0.22592	0.04773	0.38821	0.01372	0.08302	0.03552	0.08243	0.01927	0.01192	0.01440	0.00929	0.00547	0.00572	0.00178	0.00730	0.00514	0.00306	0.00871
13	0.00976	0.00506	0.00749	0.00749	0.00755	0.00512	0.00502	0.00765	0.00759	0.01018	0.01060	0.01858	0.01067	0.05631	0.06506	0.74987	0.00558	0.00518	0.00256	0.00268
14	0.01001	0.00877	0.01341	0.19102	0.20524	0.00903	0.01066	0.01293	0.01378	0.01871	0.28281	0.03136	0.15121	0.00915	0.00624	0.00182	0.00488	0.00812	0.00440	0.00644
15	0.01157	0.01017	0.01333	0.22442	0.02074	0.00904	0.00931	0.01446	0.01174	0.01752	0.01017	0.01280	0.00824	0.00465	0.00465	0.00114	0.00518	0.00386	0.00315	0.60386
16	0.01145	0.01038	0.01484	0.49066	0.02926	0.03049	0.01284	0.04057	0.14233	0.01694	0.01570	0.13109	0.01387	0.00792	0.00596	0.00196	0.00647	0.00694	0.00364	0.00669
17	0.00905	0.00584	0.00849	0.00840	0.00887	0.00650	0.00608	0.00904	0.00839	0.01173	0.01317	0.02168	0.01300	0.11368	0.36689	0.33743	0.03912	0.00586	0.00285	0.00393
18	0.83938	0.01106	0.00841	0.00752	0.01106	0.01283	0.00619	0.01681	0.00973	0.02566	0.00796	0.00929	0.00619	0.00531	0.00354	0.00177	0.00442	0.00310	0.00354	0.00619
19	0.00823	0.00603	0.00861	0.00865	0.00948	0.00682	0.00649	0.00989	0.00914	0.01296	0.01630	0.02667	0.01613	0.19040	0.60659	0.00828	0.01310	0.02821	0.00321	0.00479
20	0.01413	0.01452	0.02444	0.11051	0.47700	0.06333	0.17647	0.01776	0.01317	0.01787	0.01075	0.01430	0.00871	0.00515	0.00587	0.00176	0.00774	0.00537	0.00282	0.00832
21	0.01324	0.01175	0.01819	0.52552	0.15885	0.01372	0.01531	0.13994	0.01435	0.01897	0.01088	0.01480	0.00823	0.00581	0.00571	0.00184	0.00726	0.00510	0.00314	0.00739
22	0.03281	0.01034	0.01364	0.01241	0.07996	0.03114	0.02821	0.05865	0.04323	0.42565	0.08813	0.02244	0.03961	0.04741	0.03792	0.00225	0.00557	0.00637	0.00584	0.00842
23	0.05696	0.09977	0.03883	0.07586	0.16027	0.20529	0.01188	0.07349	0.05646	0.12329	0.01381	0.01483	0.03250	0.00619	0.00528	0.00165	0.00705	0.00479	0.00387	0.00792

[dist]
# distance from previous block
# <min> <max>
0	2

[block]
# block no. 6 follows, 41 sequences, length 12
# corresponding to MSA columns:
# 296-307
name=unknown_G
#
# <colnr> <probs for GDERKNQSTAVLIFYWHMCP>
#	G	D	E	R	K	N	Q	S	T	A	V	L	I	F	Y	W	H	M	C	P
0	0.03192	0.29461	0.20298	0.05359	0.16350	0.01569	0.01380	0.01697	0.01205	0.03393	0.01068	0.04543	0.00920	0.00568	0.00483	0.00153	0.00656	0.00449	0.00284	0.06973
1	0.01495	0.05463	0.15645	0.01764	0.14301	0.01471	0.08148	0.11847	0.27649	0.03955	0.01570	0.01626	0.01179	0.00634	0.00569	0.00181	0.00642	0.00550	0.00428	0.00884
2	0.01400	0.01510	0.07431	0.11850	0.58615	0.05706	0.01724	0.01756	0.01296	0.01791	0.01055	0.01392	0.00867	0.00524	0.00562	0.00172	0.00721	0.00495	0.00278	0.00857
3	0.01563	0.41877	0.17815	0.01168	0.01675	0.12408	0.01190	0.01849	0.01303	0.07163	0.06227	0.01305	0.01110	0.00579	0.00461	0.00146	0.00686	0.00410	0.00313	0.00751
4	0.00994	0.00497	0.00745	0.00745	0.00745	0.00497	0.00497	0.00745	0.00745	0.00994	0.00994	0.01739	0.00994	0.01987	0.02235	0.83358	0.00497	0.00497	0.00248	0.00248
5	0.00919	0.00574	0.00757	0.00796	0.00904	0.00529	0.00572	0.01085	0.01297	0.08784	0.21757	0.46444	0.05646	0.01487	0.00695	0.00212	0.00336	0.04143	0.02528	0.00536
6	0.00866	0.00629	0.00760	0.00845	0.05161	0.00554	0.00569	0.01014	0.01266	0.07170	0.04467	0.27204	0.44517	0.01442	0.00678	0.00202	0.00339	0.01246	0.00530	0.00538
7	0.01153	0.02675	0.65854	0.01516	0.02312	0.01246	0.01903	0.01757	0.01204	0.01819	0.01025	0.01204	0.00743	0.00526	0.00526	0.00167	0.00784	0.00410	0.00256	0.12920
8	0.00814	0.00587	0.00774	0.00751	0.00882	0.00547	0.00572	0.01077	0.01571	0.02209	0.66739	0.07608	0.05150	0.01231	0.00687	0.00189	0.00294	0.07166	0.00617	0.00535
9	0.01206	0.01046	0.01283	0.01075	0.07764	0.00813	0.00770	0.01467	0.01196	0.01864	0.01022	0.01206	0.00852	0.00431	0.00436	0.00092	0.00445	0.00353	0.00334	0.76344
10	0.11500	0.09525	0.15234	0.01597	0.05251	0.01415	0.20450	0.08120	0.03244	0.11837	0.03401	0.01466	0.01032	0.00589	0.00587	0.00178	0.02870	0.00521	0.00379	0.00804
11	0.10323	0.02029	0.01601	0.04440	0.01803	0.41297	0.05488	0.07152	0.13163	0.03943	0.01192	0.01298	0.00928	0.00624	0.00555	0.00167	0.02444	0.00449	0.00373	0.00731

[dist]
# distance from previous block
# <min> <max>
0	1

[block]
# block no. 7 follows, 41 sequences, length 31
# corresponding to MSA columns:
# 314-326,354-371
name=unknown_H
#
# <colnr> <probs for GDERKNQSTAVLIFYWHMCP>
#	G	D	E	R	K	N	Q	S	T	A	V	L	I	F	Y	W	H	M	C	P
0	0.01620	0.72019	0.02834	0.01001	0.01480	0.05200	0.00975	0.01805	0.01211	0.06205	0.00893	0.00988	0.00778	0.00507	0.00386	0.00127	0.00621	0.00326	0.00277	0.00747
1	0.01208	0.06122	0.01303	0.00856	0.01363	0.00859	0.00697	0.01458	0.01185	0.01830	0.01002	0.01169	0.00840	0.00428	0.00420	0.00087	0.00436	0.00337	0.00333	0.78068
2	0.01353	0.06541	0.03968	0.01136	0.01353	0.26158	0.00922	0.02772	0.01301	0.01485	0.01707	0.06609	0.01737	0.08918	0.14365	0.00352	0.00882	0.17492	0.00367	0.00581
3	0.01166	0.02369	0.53059	0.04768	0.05141	0.01278	0.05584	0.01862	0.08878	0.01900	0.07401	0.01596	0.01234	0.00616	0.00567	0.00183	0.00754	0.00517	0.00313	0.00816
4	0.01529	0.80242	0.02997	0.00979	0.01468	0.02263	0.00979	0.01713	0.01162	0.01346	0.00795	0.00918	0.00734	0.00489	0.00367	0.00122	0.00612	0.00306	0.00245	0.00734
5	0.01219	0.01261	0.02538	0.05060	0.02460	0.01193	0.47763	0.01626	0.01323	0.01788	0.01622	0.02777	0.01483	0.00763	0.00684	0.00204	0.00809	0.19047	0.00352	0.06027
6	0.00831	0.00558	0.00641	0.00641	0.00646	0.00564	0.00367	0.00843	0.00837	0.01121	0.01787	0.03659	0.02043	0.75627	0.07133	0.00575	0.00610	0.00819	0.00344	0.00356
7	0.01922	0.01636	0.21094	0.01546	0.08135	0.01170	0.08138	0.09103	0.03675	0.35203	0.01658	0.01626	0.01112	0.00628	0.00576	0.00179	0.00652	0.00536	0.00497	0.00914
8	0.01317	0.04598	0.08061	0.05652	0.57137	0.01301	0.01621	0.01659	0.01281	0.01816	0.03817	0.06748	0.01230	0.00623	0.00571	0.00174	0.00655	0.00588	0.00306	0.00842
9	0.01257	0.01125	0.01879	0.30729	0.38153	0.01211	0.01534	0.01586	0.01241	0.04297	0.01336	0.07611	0.01190	0.00682	0.00591	0.00186	0.00670	0.03647	0.00316	0.00759
10	0.02854	0.01210	0.05351	0.16227	0.11200	0.06265	0.03172	0.09478	0.02640	0.06129	0.06728	0.06802	0.16770	0.00881	0.00604	0.00185	0.00586	0.01793	0.00427	0.00698
11	0.03685	0.15249	0.16484	0.06584	0.20418	0.02760	0.08657	0.03895	0.09070	0.01839	0.01393	0.01573	0.04758	0.00597	0.00539	0.00171	0.00687	0.00516	0.00322	0.00803
12	0.01578	0.01287	0.18239	0.01175	0.04652	0.00851	0.01060	0.01871	0.01371	0.31630	0.04427	0.21671	0.05720	0.00988	0.00615	0.00193	0.00521	0.00849	0.00528	0.00776
13	0.01330	0.01272	0.02167	0.22675	0.57836	0.01337	0.01713	0.01680	0.01262	0.01765	0.01061	0.01444	0.00869	0.00526	0.00568	0.00175	0.00701	0.00509	0.00276	0.00837
14	0.01527	0.03200	0.02037	0.05232	0.40893	0.09939	0.05340	0.11440	0.04482	0.02011	0.01405	0.04750	0.03903	0.00641	0.00575	0.00173	0.00691	0.00577	0.00353	0.00833
15	0.01147	0.02959	0.76934	0.01630	0.02476	0.01328	0.02113	0.01811	0.01208	0.01811	0.01026	0.01208	0.00725	0.00543	0.00543	0.00181	0.00845	0.00423	0.00242	0.00845
16	0.01237	0.01220	0.01862	0.54322	0.22033	0.06541	0.01597	0.01592	0.01217	0.01560	0.01022	0.01463	0.00797	0.00557	0.00567	0.00182	0.00760	0.00499	0.00264	0.00706
17	0.00808	0.00612	0.00800	0.05713	0.01042	0.00579	0.00592	0.01068	0.01544	0.02134	0.61286	0.04269	0.15073	0.01170	0.00668	0.00182	0.00304	0.01025	0.00592	0.00538
18	0.02529	0.03022	0.01381	0.01025	0.01469	0.00902	0.00851	0.04703	0.01653	0.72812	0.02195	0.01905	0.01386	0.00702	0.00570	0.00175	0.00494	0.00567	0.00692	0.00967
19	0.01388	0.01331	0.02272	0.09636	0.70419	0.01352	0.01742	0.01731	0.01289	0.01835	0.01071	0.01425	0.00894	0.00515	0.00567	0.00172	0.00686	0.00510	0.00281	0.00884
20	0.02137	0.02726	0.01621	0.01474	0.01768	0.77602	0.01105	0.02284	0.01621	0.01400	0.00884	0.01031	0.00737	0.00589	0.00516	0.00147	0.01031	0.00368	0.00295	0.00663
21	0.01147	0.02959	0.76934	0.01630	0.02476	0.01328	0.02113	0.01811	0.01208	0.01811	0.01026	0.01208	0.00725	0.00543	0.00543	0.00181	0.00845	0.00423	0.00242	0.00845
22	0.00729	0.00529	0.00665	0.00741	0.00799	0.00501	0.00498	0.00831	0.01089	0.01437	0.06164	0.48476	0.13278	0.15374	0.05842	0.00323	0.00436	0.01345	0.00489	0.00453
23	0.01660	0.01800	0.02684	0.02102	0.06363	0.20708	0.44546	0.04770	0.01485	0.06491	0.01161	0.01426	0.00875	0.00533	0.00619	0.00178	0.00924	0.00576	0.00327	0.00771
24	0.01080	0.01017	0.01716	0.78523	0.03940	0.01271	0.01589	0.01461	0.01144	0.01461	0.01017	0.01525	0.00762	0.00572	0.00572	0.00191	0.00762	0.00508	0.00254	0.00635
25	0.00741	0.00529	0.00714	0.00846	0.00899	0.00502	0.00607	0.00872	0.01138	0.01509	0.03128	0.65309	0.03688	0.01751	0.00742	0.00238	0.00370	0.15410	0.00530	0.00477
26	0.03376	0.01116	0.01855	0.54500	0.23164	0.01307	0.01599	0.01544	0.01175	0.01598	0.01020	0.01473	0.00797	0.00565	0.00597	0.00186	0.02654	0.00503	0.00264	0.00707
27	0.02137	0.02726	0.01621	0.01474	0.01768	0.77602	0.01105	0.02284	0.01621	0.01400	0.00884	0.01031	0.00737	0.00589	0.00516	0.00147	0.01031	0.00368	0.00295	0.00663
28	0.00687	0.00564	0.00606	0.00628	0.00788	0.00483	0.00459	0.00830	0.01282	0.01570	0.09162	0.19426	0.58538	0.01498	0.00686	0.00200	0.00297	0.01277	0.00537	0.00483
29	0.02339	0.01039	0.04016	0.01077	0.01517	0.00862	0.03976	0.02590	0.01609	0.65591	0.07462	0.02071	0.01654	0.00726	0.00585	0.00178	0.00504	0.00607	0.00668	0.00929
30	0.01183	0.01061	0.01749	0.61077	0.13442	0.01256	0.01535	0.03589	0.01241	0.03537	0.04119	0.01629	0.00993	0.00595	0.00575	0.00187	0.00720	0.00532	0.00294	0.00686

[dist]
# distance from previous block
# <min> <max>
5	11

[block]
# block no. 8 follows, 41 sequences, length 8
# corresponding to MSA columns:
# 386-390,392-394
name=unknown_I
#
# <colnr> <probs for GDERKNQSTAVLIFYWHMCP>
#	G	D	E	R	K	N	Q	S	T	A	V	L	I	F	Y	W	H	M	C	P
0	0.19839	0.01129	0.01462	0.30291	0.02383	0.01279	0.03457	0.14348	0.03419	0.10004	0.06005	0.01603	0.01162	0.00638	0.00534	0.00182	0.00606	0.00515	0.00413	0.00731
1	0.07726	0.03485	0.01186	0.01123	0.07700	0.00980	0.00792	0.09465	0.09429	0.11858	0.22506	0.11240	0.05907	0.03238	0.00667	0.00194	0.00432	0.00820	0.00541	0.00709
2	0.69153	0.01166	0.01094	0.00912	0.01296	0.01304	0.05959	0.06344	0.01120	0.02549	0.00869	0.01013	0.00670	0.00533	0.00394	0.00174	0.00491	0.00350	0.00363	0.04247
3	0.00846	0.00643	0.00908	0.04636	0.07568	0.00643	0.00708	0.01011	0.01154	0.01570	0.12891	0.33027	0.03117	0.14793	0.06692	0.00325	0.00517	0.07978	0.00463	0.00511
4	0.02946	0.00990	0.01268	0.03751	0.06762	0.01099	0.00940	0.07964	0.13919	0.04903	0.06733	0.14758	0.02144	0.03401	0.00884	0.00218	0.11926	0.10649	0.00471	0.04274
5	0.10227	0.01151	0.01208	0.00933	0.01375	0.04645	0.00745	0.07276	0.07795	0.05591	0.04438	0.01417	0.01129	0.00539	0.00464	0.00122	0.00469	0.00419	0.00407	0.49650
6	0.01380	0.01210	0.03774	0.04436	0.09370	0.01223	0.04114	0.02382	0.39968	0.06155	0.07476	0.02009	0.01692	0.00700	0.00568	0.00175	0.00506	0.00606	0.00493	0.11761
7	0.20000	0.16919	0.16363	0.01147	0.03856	0.01404	0.01079	0.06909	0.07737	0.08076	0.01524	0.07074	0.04295	0.00701	0.00494	0.00173	0.00565	0.00535	0.00392	0.00756

[dist]
# distance from previous block
# <min> <max>
0	3

[block]
# block no. 9 follows, 41 sequences, length 31
# corresponding to MSA columns:
# 398-405,407-424,426-429,434
name=unknown_J
#
# <colnr> <probs for GDERKNQSTAVLIFYWHMCP>
#	G	D	E	R	K	N	Q	S	T	A	V	L	I	F	Y	W	H	M	C	P
0	0.03208	0.01297	0.01872	0.01472	0.04694	0.07238	0.20613	0.04195	0.01408	0.17631	0.01425	0.03952	0.01111	0.00594	0.00557	0.00155	0.00648	0.02177	0.00415	0.25338
1	0.04171	0.21146	0.01935	0.01189	0.01627	0.05548	0.01013	0.38225	0.10700	0.06975	0.01353	0.01353	0.01009	0.00640	0.00514	0.00161	0.00611	0.00469	0.00480	0.00880
2	0.01550	0.01225	0.01864	0.17509	0.26408	0.01277	0.05534	0.11737	0.06359	0.11299	0.05058	0.01684	0.01223	0.00616	0.00576	0.00175	0.00636	0.00556	0.00408	0.04306
3	0.02782	0.15349	0.17351	0.01678	0.16100	0.11055	0.01324	0.04185	0.11202	0.05792	0.01444	0.04971	0.03047	0.00657	0.00531	0.00168	0.00675	0.00526	0.00359	0.00803
4	0.01249	0.15880	0.29212	0.04591	0.02306	0.01496	0.21555	0.01689	0.01211	0.01671	0.01162	0.04740	0.00990	0.00642	0.00665	0.00185	0.06611	0.03114	0.00279	0.00754
5	0.00737	0.00528	0.00704	0.00801	0.00863	0.00495	0.00564	0.00884	0.01218	0.01648	0.17808	0.58624	0.04069	0.01650	0.00724	0.00224	0.00335	0.07090	0.00550	0.00485
6	0.17765	0.01403	0.04816	0.05302	0.05369	0.09359	0.04498	0.10473	0.13162	0.09287	0.03269	0.05132	0.03682	0.00727	0.00585	0.00183	0.03210	0.00572	0.00443	0.00764
7	0.01307	0.01156	0.03998	0.17831	0.23861	0.01165	0.05117	0.01847	0.13316	0.07599	0.07795	0.03725	0.06163	0.00735	0.00598	0.00185	0.00598	0.01820	0.00410	0.00775
8	0.02297	0.01105	0.04360	0.01152	0.01605	0.00938	0.06829	0.06138	0.01649	0.60062	0.06155	0.01986	0.01543	0.00708	0.00587	0.00178	0.00534	0.00600	0.00645	0.00928
9	0.01270	0.00799	0.02458	0.03740	0.01218	0.00734	0.00745	0.05165	0.03294	0.17775	0.16910	0.10638	0.15280	0.04711	0.00764	0.00217	0.00432	0.12638	0.00566	0.00645
10	0.01642	0.04470	0.01789	0.04933	0.06104	0.12037	0.08421	0.10341	0.17973	0.08880	0.04498	0.01658	0.01268	0.00719	0.00771	0.00187	0.12527	0.00556	0.00430	0.00796
11	0.00987	0.05240	0.01031	0.00838	0.01031	0.00690	0.04238	0.01218	0.01463	0.08026	0.42489	0.15459	0.12706	0.01187	0.00658	0.00187	0.00353	0.01049	0.00570	0.00579
12	0.02477	0.01012	0.01340	0.01032	0.01466	0.00906	0.00851	0.08520	0.01722	0.68390	0.04592	0.01976	0.01510	0.00721	0.00578	0.00177	0.00491	0.00585	0.00694	0.00959
13	0.01341	0.01310	0.02312	0.18538	0.53844	0.01351	0.09501	0.01704	0.01275	0.01783	0.01073	0.01451	0.00873	0.00519	0.00579	0.00177	0.00727	0.00527	0.00278	0.00837
14	0.05006	0.01107	0.01519	0.03043	0.14173	0.01162	0.04304	0.12933	0.06848	0.14582	0.15148	0.05172	0.03279	0.00832	0.00702	0.00187	0.06778	0.01940	0.00500	0.00784
15	0.02206	0.01551	0.01685	0.01292	0.01748	0.01698	0.01067	0.68566	0.02603	0.09583	0.01445	0.01420	0.01009	0.00688	0.00572	0.00172	0.00618	0.00520	0.00583	0.00973
16	0.01423	0.01229	0.01293	0.01164	0.01487	0.01423	0.00905	0.03039	0.75297	0.02393	0.02328	0.02134	0.01746	0.00776	0.00582	0.00194	0.00453	0.00647	0.00582	0.00905
17	0.02566	0.00973	0.01327	0.01018	0.01460	0.00841	0.00841	0.02788	0.01637	0.76726	0.02257	0.01947	0.01416	0.00708	0.00575	0.00177	0.00487	0.00575	0.00708	0.00973
18	0.02174	0.01602	0.01717	0.01316	0.01774	0.01774	0.01087	0.74423	0.02689	0.03605	0.01373	0.01373	0.00973	0.00687	0.00572	0.00172	0.00629	0.00515	0.00572	0.00973
19	0.00830	0.00607	0.00798	0.00832	0.00931	0.00597	0.00625	0.01013	0.01307	0.03253	0.26215	0.33355	0.10454	0.01469	0.00779	0.00216	0.04862	0.10789	0.00549	0.00518
20	0.83938	0.01106	0.00841	0.00752	0.01106	0.01283	0.00619	0.01681	0.00973	0.02566	0.00796	0.00929	0.00619	0.00531	0.00354	0.00177	0.00442	0.00310	0.00354	0.00619
21	0.01273	0.01196	0.02013	0.19713	0.51879	0.01247	0.01582	0.01614	0.01303	0.01827	0.09515	0.01762	0.01381	0.00598	0.00580	0.00176	0.00652	0.00569	0.00316	0.00805
22	0.00832	0.00555	0.00624	0.00624	0.00624	0.00555	0.00347	0.00832	0.00832	0.01109	0.01802	0.03743	0.02080	0.79898	0.02911	0.00555	0.00555	0.00832	0.00347	0.00347
23	0.01378	0.15176	0.07590	0.01949	0.02494	0.01577	0.47341	0.01971	0.11181	0.01822	0.01243	0.01493	0.00953	0.00526	0.00601	0.00180	0.00828	0.00592	0.00318	0.00787
24	0.03901	0.14368	0.24497	0.04731	0.06336	0.06347	0.08799	0.03652	0.01282	0.03489	0.01024	0.01218	0.00797	0.00514	0.00502	0.00151	0.00711	0.00421	0.00295	0.16965
25	0.01392	0.01257	0.01871	0.18998	0.38359	0.03616	0.01446	0.07976	0.06165	0.03653	0.04221	0.01823	0.05439	0.00641	0.00578	0.00177	0.00647	0.00575	0.00358	0.00809
26	0.00695	0.00504	0.00657	0.00779	0.00825	0.00466	0.00523	0.00798	0.01112	0.01467	0.03367	0.73531	0.09639	0.01764	0.00726	0.00229	0.00328	0.01592	0.00531	0.00466
27	0.01357	0.01090	0.01380	0.03152	0.10887	0.00923	0.00873	0.06820	0.01334	0.06428	0.01161	0.02644	0.00946	0.00498	0.00470	0.00112	0.00481	0.00414	0.00372	0.58657
28	0.05165	0.01489	0.02084	0.04797	0.46867	0.11734	0.05693	0.01747	0.01283	0.01763	0.01099	0.04617	0.00971	0.00619	0.00678	0.00179	0.07581	0.00537	0.00295	0.00802
29	0.01178	0.09217	0.70948	0.01578	0.02394	0.01404	0.02021	0.01803	0.01204	0.01774	0.01008	0.01184	0.00725	0.00539	0.00529	0.00176	0.00826	0.00413	0.00242	0.00836
30	0.01401	0.01332	0.02193	0.03135	0.64109	0.01330	0.03220	0.01842	0.07288	0.01910	0.01175	0.01463	0.00970	0.00525	0.00561	0.00167	0.00652	0.00514	0.00311	0.05902

[dist]
# distance from previous block
# <min> <max>
16	24

[block]
# block no. 10 follows, 41 sequences, length 16
# corresponding to MSA columns:
# 462-477
name=unknown_K
#
# <colnr> <probs for GDERKNQSTAVLIFYWHMCP>
#	G	D	E	R	K	N	Q	S	T	A	V	L	I	F	Y	W	H	M	C	P
0	0.05412	0.02429	0.01054	0.00892	0.01140	0.04825	0.02064	0.05911	0.01318	0.12011	0.06801	0.11451	0.06025	0.16512	0.01038	0.00248	0.00493	0.05584	0.02832	0.11960
1	0.03233	0.01530	0.08886	0.01990	0.21848	0.05261	0.11448	0.11990	0.09585	0.10787	0.02946	0.01674	0.03058	0.00625	0.00578	0.00176	0.00670	0.00561	0.00418	0.02736
2	0.05583	0.02855	0.03223	0.01442	0.08611	0.09848	0.06175	0.07530	0.13928	0.19987	0.01694	0.04750	0.01320	0.00717	0.00596	0.00177	0.02414	0.03110	0.00481	0.05558
3	0.01147	0.02959	0.76934	0.01630	0.02476	0.01328	0.02113	0.01811	0.01208	0.01811	0.01026	0.01208	0.00725	0.00543	0.00543	0.00181	0.00845	0.00423	0.00242	0.00845
4	0.01299	0.01247	0.02154	0.19586	0.52448	0.01295	0.05562	0.01642	0.01259	0.01756	0.01183	0.05801	0.01033	0.00593	0.00582	0.00179	0.00694	0.00581	0.00291	0.00815
5	0.04786	0.07942	0.19297	0.03947	0.22881	0.03258	0.14253	0.06095	0.05253	0.05154	0.01173	0.01383	0.00896	0.00548	0.00556	0.00175	0.00739	0.00502	0.00325	0.00838
6	0.02848	0.05794	0.08046	0.19257	0.15450	0.05081	0.05451	0.07551	0.05717	0.09207	0.02770	0.05730	0.01174	0.00672	0.00602	0.00181	0.02741	0.00575	0.00374	0.00779
7	0.05014	0.01961	0.05496	0.01787	0.02222	0.28501	0.30268	0.04392	0.06611	0.03723	0.01143	0.01358	0.00880	0.00576	0.00630	0.00177	0.03661	0.00525	0.00331	0.00746
8	0.00762	0.00570	0.00777	0.00947	0.04934	0.00537	0.00628	0.00903	0.01172	0.01559	0.07287	0.58656	0.09008	0.01642	0.00720	0.00226	0.00363	0.08287	0.00523	0.00500
9	0.01619	0.21240	0.23268	0.07611	0.04394	0.19705	0.01409	0.08862	0.01448	0.03996	0.01008	0.01165	0.00783	0.00561	0.00501	0.00158	0.00790	0.00404	0.00303	0.00776
10	0.00746	0.00599	0.00674	0.00707	0.00859	0.00544	0.00525	0.00973	0.05161	0.01623	0.08716	0.23763	0.44848	0.01493	0.00693	0.00207	0.00325	0.06499	0.00539	0.00507
11	0.00867	0.00565	0.00714	0.00752	0.00853	0.00517	0.00524	0.01000	0.01225	0.07275	0.15080	0.43290	0.14202	0.09264	0.00917	0.00246	0.00349	0.01312	0.00542	0.00506
12	0.01532	0.34980	0.04865	0.10330	0.18374	0.11072	0.05125	0.04565	0.01317	0.01607	0.00941	0.01168	0.00791	0.00524	0.00482	0.00151	0.00721	0.00412	0.00275	0.00767
13	0.05841	0.03206	0.10108	0.04827	0.22047	0.03293	0.06487	0.13557	0.04434	0.02233	0.14877	0.01982	0.03238	0.00695	0.00578	0.00176	0.00617	0.00608	0.00408	0.00789
14	0.00766	0.00580	0.00716	0.00763	0.00894	0.00530	0.00586	0.00956	0.01336	0.01741	0.21345	0.21555	0.27702	0.01485	0.00712	0.00214	0.00346	0.16717	0.00554	0.00502
15	0.06186	0.05888	0.05039	0.04260	0.02704	0.09386	0.06001	0.08283	0.01335	0.01769	0.02151	0.34792	0.05314	0.01232	0.02823	0.00217	0.00586	0.00986	0.00428	0.00617

[dist]
# distance from previous block
# <min> <max>
1	2

[block]
# block no. 11 follows, 41 sequences, length 20
# corresponding to MSA columns:
# 482-501
name=unknown_L
#
# <colnr> <probs for GDERKNQSTAVLIFYWHMCP>
#	G	D	E	R	K	N	Q	S	T	A	V	L	I	F	Y	W	H	M	C	P
