[name]
unknown

[dist]
# distance from previous block
# <min> <max>
0	102

[block]
# block no. 0 follows, 52 sequences, length 21
# corresponding to MSA columns:
# 102-122
name=unknown_A
#
# <colnr> <probs for GDERKNQSTAVLIFYWHMCP>
#	G	D	E	R	K	N	Q	S	T	A	V	L	I	F	Y	W	H	M	C	P
0	0.01075	0.01195	0.08810	0.11045	0.06005	0.18527	0.00939	0.01298	0.01143	0.03706	0.06349	0.08422	0.07973	0.00878	0.00567	0.02012	0.00557	0.18626	0.00344	0.00528
1	0.04936	0.25234	0.39841	0.01127	0.01670	0.01371	0.01287	0.11538	0.01182	0.04248	0.00920	0.01092	0.00713	0.00489	0.00420	0.00140	0.00604	0.02232	0.00265	0.00692
2	0.00988	0.00935	0.01584	0.61733	0.22844	0.01096	0.01382	0.01302	0.01003	0.01326	0.00874	0.01268	0.00677	0.00471	0.00483	0.00157	0.00628	0.00431	0.00222	0.00597
3	0.00581	0.00460	0.00523	0.00573	0.00676	0.00402	0.00404	0.00686	0.01026	0.01277	0.03915	0.39317	0.45738	0.01357	0.00593	0.00178	0.00261	0.01180	0.00450	0.00402
4	0.01077	0.09120	0.02147	0.17535	0.14319	0.01202	0.32671	0.01389	0.01071	0.01447	0.05443	0.03452	0.00989	0.00516	0.00577	0.00157	0.05492	0.00521	0.00255	0.00620
5	0.01452	0.01250	0.17203	0.01175	0.01602	0.00930	0.15860	0.06191	0.05819	0.29673	0.08878	0.01756	0.04734	0.00601	0.00510	0.00155	0.00532	0.00538	0.00427	0.00714
6	0.00590	0.00422	0.00562	0.00675	0.00703	0.00394	0.00450	0.00675	0.00928	0.01237	0.02671	0.82653	0.03205	0.01518	0.00619	0.00197	0.00281	0.01378	0.00450	0.00394
7	0.01129	0.41742	0.42601	0.01113	0.01683	0.01510	0.01323	0.01494	0.01004	0.01343	0.00774	0.00904	0.00618	0.00438	0.00388	0.00129	0.00620	0.00310	0.00206	0.00670
8	0.01335	0.17675	0.20044	0.05857	0.09266	0.03782	0.01123	0.11800	0.07133	0.10878	0.02835	0.04136	0.00972	0.00548	0.00450	0.00143	0.00553	0.00436	0.00332	0.00701
9	0.00653	0.00541	0.00579	0.00569	0.00728	0.00493	0.00426	0.00912	0.08754	0.01473	0.16098	0.09135	0.55601	0.01153	0.00568	0.00164	0.00259	0.00976	0.00467	0.00451
10	0.00966	0.02346	0.72738	0.09240	0.02219	0.01121	0.01747	0.01506	0.01018	0.01506	0.00869	0.01049	0.00617	0.00463	0.00463	0.00154	0.00709	0.00365	0.00206	0.00699
11	0.01229	0.01168	0.01860	0.13501	0.58866	0.03641	0.03331	0.07603	0.01188	0.01641	0.00922	0.01202	0.00750	0.00452	0.00482	0.00146	0.00597	0.00432	0.00257	0.00732
12	0.01224	0.38891	0.27941	0.01287	0.09278	0.04126	0.03609	0.05899	0.01101	0.01437	0.00801	0.00941	0.00649	0.00443	0.00399	0.00129	0.00610	0.00330	0.00228	0.00678
13	0.00608	0.00486	0.00544	0.00543	0.00680	0.00422	0.00402	0.00759	0.01169	0.01492	0.27066	0.11309	0.50447	0.01183	0.00576	0.00163	0.00244	0.01011	0.00475	0.00422
14	0.08935	0.00643	0.00738	0.00666	0.00873	0.00603	0.00512	0.03250	0.02985	0.21320	0.09560	0.12340	0.27727	0.05660	0.00637	0.00180	0.00329	0.02028	0.00474	0.00540
15	0.02794	0.01082	0.01153	0.01067	0.05475	0.12525	0.03321	0.06586	0.19983	0.19175	0.06480	0.08214	0.05194	0.00737	0.00508	0.00157	0.00474	0.03956	0.00451	0.00668
16	0.01114	0.00593	0.00687	0.00608	0.00798	0.00557	0.00474	0.05647	0.01244	0.17515	0.17032	0.02559	0.14900	0.00764	0.00460	0.00138	0.00284	0.00634	0.33450	0.00541
17	0.00605	0.00445	0.00569	0.00649	0.00710	0.00409	0.00452	0.00715	0.01006	0.01326	0.10534	0.59851	0.14979	0.01415	0.00609	0.00189	0.00277	0.04399	0.00458	0.00404
18	0.01091	0.01419	0.14096	0.01633	0.02015	0.05741	0.41077	0.01427	0.01054	0.01437	0.01059	0.07024	0.00931	0.00604	0.00728	0.00172	0.14691	0.02935	0.00254	0.00612
19	0.01579	0.01218	0.01178	0.00957	0.01259	0.10913	0.00766	0.43979	0.03082	0.07265	0.01599	0.01651	0.08626	0.03331	0.00536	0.00152	0.00499	0.00494	0.10226	0.00690
20	0.02160	0.00848	0.01139	0.00873	0.01249	0.00747	0.00721	0.05673	0.01426	0.76915	0.01879	0.01628	0.01183	0.00599	0.00487	0.00150	0.00418	0.00485	0.00595	0.00825

[dist]
# distance from previous block
# <min> <max>
0	12

[block]
# block no. 1 follows, 52 sequences, length 83
# corresponding to MSA columns:
# 135-187,190-193,198-223
name=unknown_B
#
# <colnr> <probs for GDERKNQSTAVLIFYWHMCP>
#	G	D	E	R	K	N	Q	S	T	A	V	L	I	F	Y	W	H	M	C	P
0	0.01554	0.00758	0.00953	0.00778	0.01064	0.00698	0.00626	0.07797	0.04926	0.42566	0.17493	0.02492	0.14606	0.00779	0.00518	0.00153	0.00358	0.00649	0.00549	0.00683
1	0.00633	0.00465	0.00568	0.00625	0.00701	0.00431	0.00439	0.00765	0.02109	0.01347	0.11200	0.43428	0.20373	0.07091	0.00725	0.00202	0.00289	0.05018	0.03185	0.00407
2	0.01056	0.00849	0.01273	0.01211	0.08141	0.03997	0.14686	0.03623	0.06739	0.09802	0.04176	0.31892	0.03526	0.00962	0.00565	0.00174	0.00465	0.05883	0.00409	0.00571
3	0.00972	0.02507	0.80458	0.01381	0.02097	0.01125	0.01790	0.01535	0.01023	0.01535	0.00870	0.01023	0.00614	0.00460	0.00460	0.00153	0.00716	0.00358	0.00205	0.00716
4	0.00610	0.00435	0.00584	0.00697	0.00733	0.00410	0.00483	0.00708	0.00947	0.01258	0.02660	0.74902	0.03163	0.01500	0.00624	0.00199	0.00298	0.08940	0.00449	0.00399
5	0.06454	0.01272	0.01354	0.01054	0.01423	0.01404	0.00867	0.64581	0.06749	0.06025	0.01226	0.01217	0.00872	0.00579	0.00472	0.00146	0.00503	0.00436	0.02571	0.00795
6	0.01281	0.01305	0.01888	0.02745	0.69527	0.11760	0.01414	0.01547	0.01139	0.01530	0.00890	0.01156	0.00749	0.00441	0.00474	0.00141	0.00615	0.00416	0.00241	0.00740
7	0.01100	0.34367	0.49716	0.01163	0.01761	0.01438	0.01411	0.01502	0.01008	0.01379	0.00792	0.00926	0.00617	0.00442	0.00401	0.00134	0.00638	0.00319	0.00206	0.00679
8	0.01210	0.01208	0.01968	0.02674	0.63416	0.04804	0.07460	0.01485	0.01087	0.01526	0.00885	0.01181	0.00747	0.00469	0.00582	0.00151	0.07742	0.00437	0.00238	0.00729
9	0.01301	0.01010	0.01165	0.00885	0.01259	0.00966	0.00718	0.20481	0.07501	0.06602	0.01070	0.01150	0.00827	0.00487	0.00496	0.00112	0.06223	0.00366	0.00365	0.47015
10	0.02733	0.01604	0.01362	0.01123	0.01439	0.29538	0.02295	0.39569	0.03648	0.02215	0.07211	0.01265	0.01057	0.00578	0.00472	0.00138	0.00626	0.00427	0.00395	0.02304
11	0.02815	0.01357	0.24159	0.01160	0.01566	0.00955	0.11033	0.08184	0.08042	0.13673	0.05514	0.11519	0.01468	0.00715	0.00519	0.00164	0.00537	0.05572	0.00383	0.00665
12	0.02645	0.11307	0.01966	0.13461	0.43764	0.01256	0.08023	0.07029	0.01161	0.03519	0.00920	0.01171	0.00740	0.00450	0.00465	0.00143	0.00589	0.00421	0.00260	0.00709
13	0.01208	0.01140	0.01640	0.01302	0.01589	0.10802	0.26166	0.11252	0.01237	0.05081	0.02701	0.11495	0.01284	0.03359	0.08021	0.00228	0.04491	0.04055	0.00334	0.02617
14	0.01066	0.00597	0.00756	0.00695	0.00874	0.00547	0.00527	0.02121	0.04879	0.21879	0.25275	0.21897	0.14872	0.01032	0.00557	0.00165	0.00302	0.00897	0.00515	0.00548
15	0.01073	0.20837	0.45751	0.01317	0.08574	0.04872	0.01392	0.01463	0.01044	0.01414	0.01141	0.01262	0.06857	0.00509	0.00435	0.00141	0.00628	0.00392	0.00230	0.00668
16	0.08077	0.01135	0.01303	0.18148	0.03146	0.06706	0.02326	0.27147	0.09214	0.10296	0.01284	0.03448	0.00998	0.00606	0.00481	0.00155	0.00537	0.03908	0.00399	0.00685
17	0.01245	0.01259	0.01957	0.07915	0.05487	0.07802	0.29409	0.12767	0.01203	0.01607	0.00917	0.01245	0.00746	0.02539	0.02786	0.00190	0.19550	0.00481	0.00272	0.00625
18	0.01382	0.00953	0.01064	0.00924	0.01200	0.01038	0.00726	0.11422	0.44503	0.16205	0.03099	0.08910	0.01541	0.00716	0.00497	0.00160	0.00389	0.00598	0.03939	0.00734
19	0.03534	0.02700	0.01350	0.01105	0.01397	0.10591	0.06552	0.11960	0.35165	0.10482	0.02516	0.01481	0.01144	0.00615	0.00572	0.00158	0.07054	0.00483	0.00425	0.00716
20	0.01259	0.01375	0.11848	0.01605	0.03924	0.04536	0.39973	0.01804	0.14357	0.10051	0.02493	0.02381	0.00982	0.00505	0.00528	0.00159	0.00669	0.00532	0.00327	0.00692
21	0.00704	0.00471	0.00533	0.00533	0.00535	0.00472	0.00300	0.00708	0.00706	0.00943	0.01523	0.03147	0.01751	0.81468	0.03953	0.00476	0.00485	0.00701	0.00293	0.00296
22	0.02490	0.00616	0.00786	0.00760	0.00910	0.00599	0.02873	0.02395	0.10962	0.11558	0.08646	0.41985	0.11186	0.01151	0.00568	0.00177	0.00325	0.01021	0.00473	0.00520
23	0.02684	0.01117	0.01732	0.05258	0.54195	0.01138	0.01279	0.10410	0.04672	0.11113	0.01100	0.01272	0.00848	0.00481	0.00479	0.00146	0.00543	0.00441	0.00322	0.00769
24	0.08151	0.01081	0.01200	0.01087	0.06001	0.01190	0.00814	0.29005	0.28490	0.08109	0.01577	0.08528	0.01260	0.00672	0.00485	0.00157	0.00440	0.00547	0.00464	0.00740
25	0.00607	0.00436	0.00576	0.00660	0.00706	0.00405	0.00450	0.00717	0.01008	0.01361	0.16137	0.67499	0.04794	0.01421	0.00610	0.00188	0.00271	0.01284	0.00464	0.00405
26	0.09011	0.01833	0.30005	0.01340	0.01827	0.15629	0.16195	0.06979	0.01217	0.08301	0.02580	0.01146	0.00777	0.00488	0.00470	0.00149	0.00685	0.00410	0.00289	0.00670
27	0.10397	0.04746	0.03090	0.09786	0.05383	0.11584	0.06738	0.15373	0.04331	0.09493	0.01099	0.03002	0.01888	0.00583	0.00594	0.00155	0.10332	0.00439	0.00337	0.00649
28	0.00668	0.00494	0.00624	0.00593	0.00714	0.00449	0.00444	0.00879	0.01327	0.01842	0.67780	0.04762	0.15560	0.01032	0.00572	0.00155	0.00232	0.00904	0.00520	0.00449
29	0.00972	0.02507	0.80458	0.01381	0.02097	0.01125	0.01790	0.01535	0.01023	0.01535	0.00870	0.01023	0.00614	0.00460	0.00460	0.00153	0.00716	0.00358	0.00205	0.00716
30	0.06736	0.01245	0.01443	0.08505	0.17635	0.07983	0.01019	0.31348	0.06845	0.09822	0.01164	0.01274	0.00865	0.00543	0.00471	0.00148	0.00548	0.01277	0.00391	0.00739
31	0.17778	0.01666	0.27361	0.02816	0.23584	0.09322	0.01287	0.03104	0.05760	0.01692	0.00903	0.01065	0.00697	0.00469	0.00435	0.00148	0.00602	0.00369	0.00261	0.00680
32	0.00590	0.00422	0.00562	0.00675	0.00703	0.00394	0.00450	0.00675	0.00928	0.01237	0.02671	0.82653	0.03205	0.01518	0.00619	0.00197	0.00281	0.01378	0.00450	0.00394
33	0.01521	0.01161	0.01259	0.01032	0.01352	0.01292	0.00838	0.47306	0.23316	0.02586	0.06189	0.01741	0.01346	0.00714	0.01681	0.00165	0.00480	0.04777	0.00485	0.00759
34	0.05701	0.08642	0.31256	0.01538	0.13246	0.02339	0.11333	0.10446	0.01217	0.08341	0.00983	0.01120	0.00722	0.00471	0.00461	0.00147	0.00630	0.00403	0.00286	0.00717
35	0.01123	0.01287	0.04489	0.01872	0.02269	0.01275	0.60844	0.01474	0.01060	0.01474	0.00909	0.01251	0.00712	0.00498	0.00773	0.00173	0.17111	0.00537	0.00237	0.00630
36	0.00574	0.00487	0.00495	0.00502	0.00657	0.00408	0.00373	0.00694	0.01094	0.01305	0.04775	0.09353	0.75147	0.01245	0.00575	0.00166	0.00248	0.01044	0.00450	0.00408
37	0.01525	0.01769	0.01446	0.17731	0.01897	0.48274	0.05639	0.07747	0.03136	0.01404	0.02760	0.02698	0.00815	0.00533	0.00467	0.00139	0.00759	0.00401	0.00277	0.00582
38	0.00724	0.00567	0.00841	0.00822	0.00901	0.00683	0.00646	0.00892	0.00776	0.01129	0.01240	0.01830	0.01161	0.03391	0.74094	0.00729	0.08369	0.00511	0.00255	0.00441
39	0.00590	0.00422	0.00562	0.00675	0.00703	0.00394	0.00450	0.00675	0.00928	0.01237	0.02671	0.82653	0.03205	0.01518	0.00619	0.00197	0.00281	0.01378	0.00450	0.00394
40	0.01284	0.01002	0.01088	0.00961	0.01230	0.01125	0.00749	0.13162	0.54481	0.06789	0.01933	0.10968	0.01567	0.00742	0.00506	0.00165	0.00395	0.00623	0.00493	0.00736
41	0.01302	0.01383	0.02464	0.01800	0.02248	0.07545	0.57580	0.12960	0.04469	0.01764	0.01029	0.01272	0.00770	0.00451	0.00545	0.00158	0.00762	0.00530	0.00291	0.00676
42	0.00803	0.00523	0.00693	0.00640	0.00773	0.00486	0.00486	0.01025	0.01337	0.08059	0.68857	0.03362	0.04105	0.01119	0.05404	0.00190	0.00307	0.00824	0.00522	0.00485
43	0.01827	0.01159	0.01304	0.01024	0.01390	0.01236	0.00838	0.44894	0.14798	0.24074	0.01503	0.01404	0.01036	0.00599	0.00487	0.00150	0.00475	0.00469	0.00518	0.00815
44	0.01205	0.01051	0.01172	0.01160	0.08147	0.01201	0.00830	0.02480	0.72246	0.01988	0.01880	0.01755	0.01417	0.00638	0.00492	0.00163	0.00400	0.00538	0.00471	0.00767
45	0.62837	0.01108	0.07788	0.00767	0.01106	0.01116	0.00686	0.10593	0.03154	0.02209	0.04211	0.01003	0.00770	0.00496	0.00353	0.00150	0.00417	0.00326	0.00329	0.00581
46	0.01133	0.01275	0.02680	0.01942	0.02369	0.01259	0.68145	0.01502	0.01091	0.01502	0.00936	0.01275	0.00722	0.00466	0.00704	0.00170	0.11398	0.00553	0.00241	0.00638
47	0.01137	0.00963	0.01346	0.00969	0.01404	0.00797	0.13503	0.05969	0.01124	0.05612	0.00952	0.01097	0.00751	0.00393	0.00408	0.00095	0.00448	0.00353	0.00308	0.62370
48	0.01068	0.01082	0.01605	0.01340	0.01383	0.01462	0.07811	0.01200	0.00777	0.01200	0.00666	0.01082	0.00645	0.00810	0.01501	0.00208	0.74969	0.00437	0.00215	0.00541
49	0.00981	0.02448	0.77261	0.01365	0.02064	0.01129	0.01749	0.01577	0.04168	0.01555	0.00914	0.01055	0.00649	0.00468	0.00462	0.00154	0.00703	0.00366	0.00216	0.00718
50	0.72303	0.00961	0.00933	0.00778	0.01100	0.01070	0.07337	0.01509	0.00897	0.08266	0.00799	0.00901	0.00596	0.00458	0.00338	0.00151	0.00417	0.00307	0.00319	0.00560
51	0.08394	0.01249	0.01325	0.01033	0.01390	0.01379	0.00849	0.65503	0.02085	0.02888	0.07998	0.01349	0.01129	0.00607	0.00478	0.00146	0.00494	0.00461	0.00474	0.00768
52	0.23761	0.01091	0.01064	0.00889	0.01200	0.03079	0.00717	0.29148	0.18743	0.04376	0.01571	0.01542	0.08057	0.00621	0.00442	0.00152	0.00432	0.00467	0.01965	0.00682
53	0.00692	0.00519	0.00779	0.00779	0.00865	0.00606	0.00606	0.00865	0.00779	0.01125	0.01298	0.01904	0.01211	0.03634	0.81049	0.00779	0.01298	0.00519	0.00260	0.00433
54	0.18000	0.01036	0.03066	0.00905	0.01268	0.01030	0.00759	0.20765	0.08289	0.37756	0.01473	0.01365	0.00990	0.00568	0.00451	0.00150	0.00440	0.00434	0.00496	0.00760
55	0.01699	0.01185	0.07637	0.05953	0.01618	0.01092	0.07679	0.30208	0.01634	0.28671	0.04909	0.01445	0.01083	0.00571	0.00493	0.00149	0.00521	0.00476	0.00463	0.02516
56	0.02521	0.05067	0.15149	0.16738	0.02306	0.01161	0.32744	0.06155	0.01174	0.08538	0.03058	0.01307	0.00836	0.00475	0.00508	0.00156	0.00679	0.00483	0.00285	0.00659
57	0.01199	0.01151	0.01967	0.02974	0.79946	0.01151	0.01487	0.01487	0.01103	0.01583	0.00912	0.01199	0.00768	0.00432	0.00480	0.00144	0.00576	0.00432	0.00240	0.00768
58	0.01076	0.38615	0.05571	0.00975	0.07312	0.03416	0.00811	0.02691	0.01160	0.01503	0.26077	0.01972	0.02007	0.00653	0.00439	0.00132	0.00446	0.04232	0.00332	0.00579
59	0.02260	0.00478	0.00566	0.00608	0.00678	0.00471	0.00420	0.00918	0.02843	0.03316	0.02071	0.37872	0.02225	0.14875	0.02929	0.00232	0.00335	0.02669	0.23815	0.00417
60	0.01081	0.01382	0.12878	0.03796	0.04317	0.01167	0.54737	0.01488	0.02458	0.01515	0.01066	0.06213	0.00877	0.00509	0.00598	0.00166	0.04277	0.00579	0.00254	0.00643
61	0.00734	0.00529	0.00722	0.00828	0.00918	0.00524	0.00679	0.00944	0.03083	0.01400	0.02583	0.29007	0.02882	0.01376	0.00649	0.00214	0.00394	0.51647	0.00449	0.00438
62	0.01999	0.00812	0.01085	0.00850	0.01198	0.00722	0.00695	0.02261	0.06057	0.69412	0.08036	0.01814	0.01482	0.00634	0.00494	0.00151	0.00396	0.00522	0.00588	0.00792
63	0.00824	0.00581	0.00672	0.02789	0.00805	0.05318	0.00494	0.00896	0.04401	0.01201	0.01701	0.32737	0.01833	0.02841	0.02668	0.28191	0.00394	0.00799	0.10487	0.00370
64	0.01187	0.01355	0.07820	0.01421	0.05472	0.12479	0.10921	0.04849	0.01024	0.01379	0.00921	0.01460	0.00849	0.00723	0.01023	0.00184	0.38998	0.07098	0.00255	0.00583
65	0.01014	0.00858	0.01428	0.75435	0.03172	0.01048	0.01296	0.01327	0.01002	0.07458	0.00944	0.01320	0.00690	0.00494	0.00485	0.00161	0.00628	0.00435	0.00246	0.00561
66	0.00888	0.00642	0.00735	0.00732	0.00867	0.03797	0.00543	0.01184	0.10794	0.08519	0.18994	0.31894	0.10365	0.02431	0.00602	0.00179	0.00328	0.05529	0.00476	0.00502
67	0.01281	0.13962	0.35394	0.01238	0.03514	0.03364	0.06998	0.09159	0.01183	0.11340	0.01040	0.01229	0.00791	0.05447	0.00591	0.00165	0.01917	0.00405	0.00292	0.00690
68	0.01007	0.01024	0.01318	0.01140	0.01242	0.09546	0.07615	0.01154	0.00893	0.01211	0.01292	0.06437	0.07678	0.01376	0.16370	0.00301	0.39072	0.00552	0.00263	0.00507
69	0.01353	0.00678	0.00866	0.00728	0.00973	0.00615	0.00577	0.03361	0.04662	0.35317	0.30277	0.02800	0.14068	0.00835	0.00530	0.00153	0.00323	0.00708	0.00547	0.00629
70	0.00993	0.00937	0.01593	0.46341	0.29579	0.01052	0.03102	0.01287	0.01016	0.01365	0.01024	0.07663	0.00891	0.00546	0.00495	0.00158	0.00597	0.00509	0.00243	0.00609
71	0.05248	0.07567	0.01393	0.08663	0.10268	0.04415	0.00915	0.32687	0.01579	0.04258	0.08260	0.06890	0.01348	0.00663	0.00484	0.00150	0.00503	0.03637	0.00396	0.00675
72	0.00972	0.00906	0.01547	0.52631	0.19171	0.01039	0.04785	0.01270	0.01010	0.01334	0.01026	0.01643	0.00868	0.00572	0.00536	0.02143	0.00616	0.07111	0.00242	0.00576
73	0.00631	0.00456	0.00599	0.00654	0.00721	0.00424	0.00463	0.00774	0.01099	0.01497	0.29735	0.48323	0.06908	0.01313	0.00602	0.00181	0.00268	0.04452	0.00479	0.00419
74	0.11576	0.07546	0.09539	0.03925	0.06014	0.30942	0.09610	0.06234	0.02644	0.06307	0.00902	0.01033	0.00694	0.00483	0.00440	0.00139	0.00686	0.00369	0.00285	0.00633
75	0.01133	0.20514	0.49795	0.01375	0.08672	0.01336	0.01479	0.07555	0.01120	0.01569	0.00852	0.00994	0.00646	0.00457	0.00430	0.00141	0.00645	0.00348	0.00230	0.00708
76	0.00738	0.00464	0.00620	0.00685	0.00752	0.00428	0.00474	0.00845	0.01010	0.08223	0.09965	0.68010	0.03160	0.01387	0.00603	0.00188	0.00288	0.01252	0.00471	0.00437
77	0.07373	0.08982	0.31909	0.01165	0.01652	0.03078	0.09280	0.04860	0.07270	0.10656	0.01419	0.01468	0.07692	0.00555	0.00463	0.00150	0.00578	0.00455	0.00318	0.00678
78	0.01025	0.03439	0.13298	0.39021	0.20782	0.04332	0.01347	0.01374	0.02940	0.01378	0.01001	0.06104	0.00843	0.00534	0.00481	0.00155	0.00617	0.00470	0.00242	0.00619
79	0.00900	0.00724	0.00855	0.00926	0.07118	0.02489	0.00626	0.04229	0.19213	0.03057	0.09321	0.32255	0.11800	0.01048	0.00549	0.00170	0.00343	0.00921	0.02909	0.00547
80	0.01106	0.01006	0.07567	0.05113	0.28282	0.00954	0.03124	0.01388	0.02635	0.06292	0.01204	0.05057	0.01004	0.00587	0.00594	0.00150	0.10898	0.00482	0.21929	0.00627
81	0.01451	0.03030	0.16130	0.08279	0.05216	0.24136	0.02907	0.01765	0.05023	0.16776	0.02493	0.03895	0.02058	0.00589	0.00499	0.00149	0.02233	0.02388	0.00335	0.00650
82	0.03276	0.01254	0.09438	0.05903	0.18107	0.04706	0.16015	0.14809	0.02410	0.01742	0.02417	0.06210	0.02366	0.07061	0.00661	0.00180	0.00600	0.01883	0.00312	0.00648

[dist]
# distance from previous block
# <min> <max>
0	158

# created by:
# /home/cegg/simao/soft/augustus-3.2.1/scripts/msa2prfl.pl ./align_prep/EOG091G0YZ0.fa
