[name]
unknown

[dist]
# distance from previous block
# <min> <max>
0	45

[block]
# block no. 0 follows, 53 sequences, length 42
# corresponding to MSA columns:
# 55-96
name=unknown_A
#
# <colnr> <probs for GDERKNQSTAVLIFYWHMCP>
#	G	D	E	R	K	N	Q	S	T	A	V	L	I	F	Y	W	H	M	C	P
0	0.01011	0.00758	0.01093	0.01060	0.03530	0.00764	0.07208	0.10403	0.01238	0.04970	0.02045	0.03973	0.02090	0.01045	0.00624	0.00194	0.02306	0.50988	0.00417	0.04284
1	0.03941	0.00681	0.00812	0.00691	0.00918	0.00628	0.00533	0.04004	0.06896	0.03524	0.37138	0.04738	0.02621	0.02700	0.04067	0.00164	0.00346	0.00627	0.00427	0.24545
2	0.00760	0.00559	0.00639	0.00661	0.02411	0.04034	0.00411	0.00782	0.00747	0.00984	0.01412	0.06417	0.01562	0.53542	0.14405	0.08819	0.00596	0.00648	0.00281	0.00330
3	0.01123	0.03563	0.06633	0.15800	0.20459	0.04465	0.08127	0.04338	0.15739	0.03035	0.08820	0.01566	0.01241	0.02387	0.00530	0.00157	0.00546	0.00495	0.00321	0.00654
4	0.00896	0.00824	0.01331	0.59422	0.06962	0.01001	0.01179	0.01224	0.04667	0.01269	0.01089	0.09264	0.00953	0.00732	0.04074	0.00190	0.03611	0.00525	0.00251	0.00535
5	0.09059	0.00522	0.00610	0.00602	0.00658	0.00559	0.00401	0.00814	0.00746	0.01125	0.03674	0.02568	0.01551	0.50806	0.23875	0.00507	0.00672	0.00607	0.00288	0.00354
6	0.00697	0.00524	0.00714	0.08536	0.00964	0.00510	0.00535	0.00929	0.01310	0.01838	0.71007	0.03364	0.05391	0.00932	0.00555	0.00151	0.00266	0.00824	0.00494	0.00458
7	0.00994	0.02229	0.64699	0.01496	0.02157	0.01130	0.17549	0.01517	0.01034	0.01517	0.00880	0.01067	0.00630	0.00444	0.00477	0.00153	0.00727	0.00397	0.00210	0.00694
8	0.00920	0.00685	0.00765	0.00687	0.00896	0.00675	0.00531	0.04857	0.19265	0.07315	0.22235	0.03204	0.31327	0.00921	0.00529	0.00154	0.00298	0.00776	0.00481	0.03477
9	0.78267	0.08969	0.00878	0.00647	0.00954	0.01152	0.00547	0.01408	0.00829	0.02045	0.00665	0.00775	0.00527	0.00440	0.00297	0.00143	0.00384	0.00258	0.00287	0.00527
10	0.00925	0.00892	0.01569	0.74255	0.03215	0.01076	0.08845	0.01251	0.00973	0.01251	0.00861	0.01276	0.00646	0.00471	0.00486	0.00159	0.00654	0.00438	0.00215	0.00542
11	0.00678	0.00494	0.00641	0.00620	0.00736	0.00457	0.00476	0.00896	0.01310	0.01826	0.67277	0.03818	0.09512	0.01027	0.00573	0.00158	0.00248	0.08293	0.00512	0.00447
12	0.01942	0.00786	0.01056	0.00828	0.01165	0.00695	0.00677	0.02180	0.04657	0.68540	0.10525	0.01848	0.01563	0.00637	0.00490	0.00149	0.00385	0.00526	0.00580	0.00771
13	0.00712	0.00543	0.00783	0.02430	0.08005	0.00575	0.00588	0.00836	0.00827	0.01143	0.01686	0.19495	0.04429	0.17461	0.36042	0.02204	0.00783	0.00734	0.00306	0.00420
14	0.00677	0.00482	0.00579	0.00567	0.00690	0.00435	0.00421	0.00855	0.01203	0.03120	0.42462	0.12310	0.26177	0.01064	0.00551	0.00155	0.00239	0.00923	0.06652	0.00437
15	0.02749	0.01260	0.01277	0.02877	0.01411	0.11657	0.00836	0.34989	0.11583	0.22492	0.01366	0.01309	0.00954	0.00569	0.00469	0.00143	0.00518	0.00436	0.00466	0.02640
16	0.02692	0.15089	0.02488	0.05876	0.01093	0.01882	0.04297	0.02613	0.02500	0.06947	0.03079	0.07760	0.01408	0.30263	0.09754	0.00323	0.00570	0.00584	0.00308	0.00475
17	0.86579	0.00924	0.00702	0.00629	0.00924	0.01072	0.00518	0.01405	0.00813	0.02144	0.00666	0.00776	0.00518	0.00444	0.00296	0.00148	0.00370	0.00259	0.00296	0.00518
18	0.01064	0.00933	0.01267	0.04410	0.18521	0.00801	0.02588	0.02428	0.02763	0.02638	0.00905	0.01079	0.00741	0.00388	0.00396	0.00096	0.00426	0.00337	0.00281	0.57938
19	0.01044	0.23849	0.01563	0.00997	0.01177	0.06158	0.04491	0.02476	0.00907	0.01191	0.01012	0.09029	0.01005	0.01367	0.19334	0.00298	0.22841	0.00485	0.00250	0.00525
20	0.01441	0.01229	0.15090	0.12024	0.15939	0.00980	0.11373	0.01794	0.03911	0.29448	0.01280	0.01357	0.00887	0.00501	0.00486	0.00151	0.00568	0.00455	0.00362	0.00724
21	0.86579	0.00924	0.00702	0.00629	0.00924	0.01072	0.00518	0.01405	0.00813	0.02144	0.00666	0.00776	0.00518	0.00444	0.00296	0.00148	0.00370	0.00259	0.00296	0.00518
22	0.01191	0.01159	0.01856	0.10770	0.67829	0.04516	0.01420	0.02782	0.01106	0.01536	0.00892	0.01178	0.00740	0.00436	0.00472	0.00143	0.00586	0.00421	0.00239	0.00727
23	0.00582	0.00416	0.00555	0.00666	0.00693	0.00388	0.00444	0.00666	0.00915	0.01220	0.02634	0.82891	0.03161	0.01497	0.00610	0.00194	0.00277	0.01359	0.00444	0.00388
24	0.04612	0.00524	0.00634	0.00586	0.00727	0.00497	0.00446	0.01090	0.01247	0.08262	0.51472	0.02864	0.03282	0.00822	0.00491	0.00141	0.00246	0.00707	0.20869	0.00482
25	0.01592	0.00770	0.00987	0.00802	0.01086	0.00723	0.00645	0.07866	0.07435	0.44142	0.25967	0.02202	0.02204	0.00714	0.00507	0.00149	0.00358	0.00600	0.00554	0.00697
26	0.00574	0.00485	0.00497	0.00494	0.00651	0.00407	0.00370	0.00703	0.01111	0.01341	0.10865	0.04517	0.73972	0.01192	0.00565	0.00161	0.00241	0.00997	0.00450	0.00407
27	0.00673	0.00478	0.00603	0.00586	0.00695	0.00440	0.00434	0.00875	0.01262	0.01785	0.60306	0.11262	0.10749	0.01018	0.00552	0.00153	0.00232	0.00895	0.06560	0.00440
28	0.01323	0.76271	0.02402	0.00855	0.01249	0.08949	0.00827	0.01474	0.01005	0.01129	0.00671	0.00775	0.00614	0.00416	0.00318	0.00104	0.00542	0.00260	0.00208	0.00608
29	0.00794	0.00518	0.00651	0.00603	0.00749	0.00464	0.00457	0.00991	0.01290	0.09433	0.54976	0.05424	0.19837	0.01000	0.00557	0.00153	0.00248	0.00868	0.00514	0.00475
30	0.00654	0.00538	0.00582	0.00562	0.00721	0.00492	0.00424	0.00922	0.08784	0.01522	0.23942	0.04060	0.52889	0.01096	0.00557	0.00159	0.00251	0.00926	0.00469	0.00450
31	0.09574	0.71596	0.06045	0.00825	0.01237	0.01774	0.00834	0.01433	0.00958	0.01242	0.00674	0.00779	0.00604	0.00414	0.00313	0.00109	0.00507	0.00261	0.00213	0.00608
32	0.01086	0.01217	0.02602	0.01887	0.02318	0.01161	0.69685	0.01454	0.01096	0.01493	0.01071	0.07064	0.00894	0.00499	0.00610	0.00166	0.04208	0.00614	0.00255	0.00621
33	0.01561	0.01840	0.01437	0.03172	0.17501	0.52040	0.01019	0.01894	0.12316	0.01368	0.00944	0.01066	0.00764	0.00501	0.00448	0.00133	0.00729	0.00367	0.00278	0.00624
34	0.00912	0.00860	0.01451	0.79275	0.05994	0.01064	0.01332	0.01230	0.00960	0.01233	0.00851	0.01271	0.00641	0.00476	0.00478	0.00159	0.00635	0.00425	0.00213	0.00539
35	0.07794	0.00747	0.00973	0.00778	0.01083	0.00671	0.00632	0.01937	0.01325	0.57007	0.19659	0.02011	0.01897	0.00669	0.00487	0.00148	0.00363	0.00553	0.00556	0.00710
36	0.00586	0.00424	0.00554	0.00650	0.00691	0.00392	0.00438	0.00678	0.00948	0.01258	0.06465	0.73572	0.08674	0.01452	0.00605	0.00190	0.00272	0.01310	0.00448	0.00392
37	0.00828	0.00525	0.00668	0.00611	0.00761	0.00472	0.00466	0.01031	0.01311	0.10894	0.58576	0.03515	0.16566	0.00971	0.00554	0.00152	0.00249	0.00844	0.00520	0.00485
38	0.01251	0.74132	0.07987	0.00863	0.01287	0.01805	0.00882	0.01486	0.04410	0.01190	0.00734	0.00828	0.00650	0.00423	0.00325	0.00108	0.00519	0.00275	0.00217	0.00626
39	0.80568	0.01020	0.00749	0.00671	0.00964	0.06758	0.00546	0.01441	0.00852	0.02075	0.00671	0.00783	0.00525	0.00447	0.00305	0.00146	0.00405	0.00262	0.00292	0.00520
40	0.00991	0.00850	0.00991	0.00708	0.01133	0.00637	0.00566	0.01203	0.00991	0.01557	0.00850	0.00991	0.00708	0.00354	0.00354	0.00071	0.00354	0.00283	0.00283	0.86124
41	0.07826	0.00773	0.03737	0.00734	0.02483	0.02551	0.00582	0.07989	0.04408	0.12155	0.07082	0.08077	0.01468	0.00659	0.00437	0.00137	0.01711	0.00532	0.36100	0.00559

[dist]
# distance from previous block
# <min> <max>
0	2

[block]
# block no. 1 follows, 53 sequences, length 18
# corresponding to MSA columns:
# 99-116
name=unknown_B
#
# <colnr> <probs for GDERKNQSTAVLIFYWHMCP>
#	G	D	E	R	K	N	Q	S	T	A	V	L	I	F	Y	W	H	M	C	P
0	0.00659	0.00484	0.00617	0.00592	0.00705	0.00442	0.00441	0.00865	0.01299	0.01808	0.67333	0.08256	0.12652	0.01033	0.00567	0.00154	0.00230	0.00909	0.00512	0.00442
1	0.06998	0.00931	0.01249	0.12930	0.19064	0.00912	0.00895	0.08553	0.02861	0.01729	0.06441	0.01296	0.01003	0.00471	0.00423	0.00120	0.00447	0.00399	0.02883	0.30398
2	0.00903	0.00850	0.01434	0.82054	0.03292	0.01062	0.01327	0.01221	0.00956	0.01221	0.00850	0.01274	0.00637	0.00478	0.00478	0.00159	0.00637	0.00425	0.00212	0.00531
3	0.08139	0.01190	0.02328	0.01930	0.14511	0.01151	0.52951	0.02955	0.02736	0.01621	0.01086	0.01349	0.03176	0.00446	0.00520	0.00156	0.00690	0.00526	0.01892	0.00646
4	0.07403	0.01187	0.12450	0.01157	0.01592	0.00937	0.17929	0.07329	0.01249	0.30230	0.03667	0.01364	0.00979	0.00505	0.00471	0.00143	0.00531	0.00453	0.00397	0.10027
5	0.00737	0.00588	0.00810	0.00805	0.00949	0.00578	0.05080	0.01004	0.06480	0.01428	0.08766	0.11918	0.20906	0.01407	0.08456	0.00244	0.00459	0.28504	0.00422	0.00459
6	0.05433	0.01061	0.01316	0.26375	0.03495	0.10794	0.07012	0.04084	0.01077	0.03263	0.00974	0.05823	0.00823	0.00499	0.00440	0.00129	0.00549	0.00426	0.00276	0.26153
7	0.00664	0.00457	0.00558	0.00590	0.00612	0.00451	0.00373	0.00716	0.00812	0.01092	0.06454	0.25668	0.02305	0.48823	0.05741	0.00377	0.00437	0.03183	0.00350	0.00338
8	0.01443	0.01513	0.01700	0.02195	0.46738	0.26023	0.01234	0.10492	0.01304	0.01607	0.00878	0.01079	0.00720	0.00464	0.00461	0.00136	0.00654	0.00390	0.00267	0.00701
9	0.02530	0.06501	0.06071	0.06041	0.04673	0.06018	0.12421	0.01409	0.01020	0.09379	0.01110	0.01376	0.00883	0.03491	0.00689	0.00159	0.14189	0.00439	0.21029	0.00572
10	0.00667	0.00502	0.00632	0.00710	0.00796	0.00486	0.00532	0.00878	0.06413	0.01337	0.02913	0.45846	0.15204	0.01350	0.00607	0.00193	0.00318	0.19739	0.00446	0.00429
11	0.01172	0.01273	0.07253	0.13597	0.01959	0.05353	0.19893	0.11036	0.01102	0.01513	0.00830	0.01140	0.00674	0.00601	0.00889	0.00173	0.30238	0.00446	0.00253	0.00604
12	0.00582	0.00416	0.00555	0.00666	0.00693	0.00388	0.00444	0.00666	0.00915	0.01220	0.02634	0.82891	0.03161	0.01497	0.00610	0.00194	0.00277	0.01359	0.00444	0.00388
13	0.01207	0.01023	0.01084	0.00969	0.01237	0.01176	0.00754	0.07725	0.70813	0.02038	0.01918	0.05060	0.01484	0.00678	0.00491	0.00162	0.00384	0.00566	0.00484	0.00745
14	0.01210	0.29428	0.01964	0.07486	0.34390	0.01362	0.01105	0.05283	0.02960	0.01469	0.00848	0.01041	0.00714	0.00430	0.00406	0.00123	0.00527	0.00357	0.00246	0.08652
15	0.00792	0.00596	0.00811	0.00729	0.00821	0.00608	0.06520	0.06183	0.00903	0.01218	0.04414	0.06793	0.05574	0.46224	0.15379	0.00430	0.00605	0.00691	0.00317	0.00393
16	0.00853	0.00727	0.01098	0.20955	0.16335	0.00773	0.00873	0.01149	0.04359	0.01626	0.34564	0.04869	0.04907	0.00749	0.00536	0.00153	0.01814	0.00663	0.02458	0.00538
17	0.00592	0.00460	0.00541	0.00588	0.00688	0.00409	0.00424	0.00712	0.01043	0.01325	0.10529	0.36378	0.38190	0.01312	0.00588	0.00177	0.00265	0.04925	0.00451	0.00403

[dist]
# distance from previous block
# <min> <max>
0	1

[block]
# block no. 2 follows, 53 sequences, length 39
# corresponding to MSA columns:
# 118-156
name=unknown_C
#
# <colnr> <probs for GDERKNQSTAVLIFYWHMCP>
#	G	D	E	R	K	N	Q	S	T	A	V	L	I	F	Y	W	H	M	C	P
0	0.05066	0.04320	0.01735	0.08613	0.49155	0.05616	0.04064	0.01475	0.03495	0.01534	0.00896	0.01139	0.00738	0.00432	0.00448	0.00135	0.00558	0.00398	0.00250	0.09933
1	0.00648	0.00472	0.00530	0.00531	0.00596	0.00445	0.00344	0.00716	0.00893	0.01155	0.10388	0.06701	0.26296	0.44041	0.03973	0.00337	0.00389	0.00829	0.00366	0.00349
2	0.05548	0.00883	0.01170	0.00852	0.01259	0.00721	0.09522	0.01324	0.01024	0.06948	0.00956	0.01093	0.00756	0.00390	0.00383	0.00092	0.00404	0.00335	0.04199	0.62143
3	0.00982	0.00831	0.01160	0.10355	0.04221	0.01039	0.00846	0.04598	0.00866	0.04123	0.01062	0.04791	0.01053	0.18644	0.09239	0.00304	0.34601	0.00527	0.00268	0.00492
4	0.16947	0.01133	0.01218	0.07328	0.03818	0.01283	0.00845	0.35155	0.23249	0.02391	0.01251	0.01267	0.00923	0.00559	0.00447	0.00151	0.00466	0.00429	0.00419	0.00720
5	0.11587	0.02502	0.00983	0.00789	0.01082	0.00775	0.00639	0.01907	0.09396	0.44529	0.04844	0.04108	0.04248	0.00873	0.06746	0.00197	0.00447	0.00518	0.03144	0.00685
6	0.03786	0.00982	0.01465	0.30949	0.07752	0.01086	0.08664	0.14326	0.01182	0.02803	0.00960	0.01279	0.00757	0.03534	0.00609	0.00159	0.06214	0.00431	0.03469	0.09593
7	0.01231	0.04868	0.03612	0.01155	0.01500	0.01178	0.16369	0.13012	0.36923	0.03567	0.01739	0.01718	0.07238	0.00606	0.00494	0.00153	0.00489	0.00539	0.00409	0.03199
8	0.10034	0.00960	0.01453	0.24902	0.34629	0.01020	0.01147	0.03714	0.01047	0.01566	0.01069	0.01329	0.04325	0.00482	0.00446	0.00142	0.00521	0.00424	0.03512	0.07278
9	0.00997	0.00856	0.07087	0.00871	0.04105	0.03043	0.02296	0.04110	0.07268	0.10024	0.22926	0.04523	0.13866	0.04521	0.06146	0.00206	0.01428	0.00677	0.02688	0.02363
10	0.00720	0.00495	0.00645	0.00610	0.00729	0.00454	0.00456	0.00930	0.01314	0.04732	0.69111	0.08806	0.07170	0.01006	0.00564	0.00154	0.00236	0.00889	0.00520	0.00458
11	0.01004	0.00952	0.01585	0.52806	0.22557	0.01096	0.04150	0.01397	0.07091	0.01379	0.00952	0.01291	0.00735	0.00475	0.00480	0.00155	0.00606	0.00439	0.00241	0.00610
12	0.01180	0.09498	0.01984	0.08137	0.52673	0.01183	0.09731	0.01471	0.02021	0.03930	0.00991	0.02542	0.01605	0.00459	0.00470	0.00143	0.00578	0.00448	0.00252	0.00706
13	0.01831	0.00828	0.01172	0.04650	0.04306	0.00759	0.03732	0.05216	0.01313	0.58529	0.04613	0.01750	0.01276	0.07009	0.00638	0.00173	0.00441	0.00508	0.00517	0.00738
14	0.00794	0.00424	0.00613	0.00620	0.00626	0.00425	0.00411	0.00642	0.00655	0.00877	0.01040	0.07088	0.01096	0.10347	0.04913	0.68003	0.00444	0.00512	0.00234	0.00237
15	0.01063	0.07460	0.43550	0.01280	0.05983	0.01064	0.05525	0.02909	0.06969	0.06583	0.03995	0.07648	0.02718	0.00587	0.00474	0.00152	0.00584	0.00495	0.00293	0.00672
16	0.02508	0.08044	0.10481	0.04880	0.37316	0.01083	0.02397	0.04542	0.02194	0.12288	0.07174	0.01385	0.01082	0.00525	0.00489	0.01625	0.00527	0.00446	0.00313	0.00702
17	0.04137	0.03097	0.18887	0.01068	0.02781	0.09377	0.03228	0.11442	0.01283	0.25582	0.01363	0.07672	0.01072	0.04038	0.02667	0.00177	0.00567	0.00496	0.00388	0.00679
18	0.08286	0.18460	0.14949	0.01562	0.21843	0.12417	0.06419	0.01484	0.01089	0.01483	0.06954	0.01182	0.00952	0.00479	0.00428	0.00135	0.00593	0.00392	0.00253	0.00639
19	0.00620	0.00477	0.00549	0.00562	0.00671	0.00428	0.00408	0.00749	0.01073	0.01379	0.20261	0.15232	0.38639	0.11456	0.00810	0.00205	0.00282	0.05358	0.00442	0.00400
20	0.01334	0.12082	0.12024	0.03432	0.15645	0.21286	0.04996	0.09147	0.06767	0.01547	0.01041	0.04387	0.00888	0.00543	0.00456	0.00141	0.00633	0.02715	0.00285	0.00652
21	0.01178	0.04565	0.42051	0.01680	0.22436	0.01105	0.02330	0.01661	0.06577	0.10323	0.01054	0.01173	0.00771	0.00473	0.00461	0.00148	0.00608	0.00399	0.00275	0.00731
22	0.01147	0.01146	0.03213	0.02693	0.65421	0.01114	0.11596	0.01442	0.01085	0.01542	0.00980	0.04621	0.00851	0.00468	0.00491	0.00147	0.00589	0.00482	0.00245	0.00726
23	0.00845	0.00476	0.00715	0.00793	0.06801	0.00476	0.00485	0.00695	0.00666	0.00896	0.00900	0.01593	0.00912	0.09387	0.01814	0.71197	0.00432	0.00443	0.00218	0.00258
24	0.01483	0.03705	0.12128	0.06515	0.22167	0.05713	0.04080	0.11940	0.03091	0.21123	0.02629	0.01301	0.00913	0.00511	0.00472	0.00145	0.00559	0.00434	0.00361	0.00732
25	0.05522	0.03823	0.28795	0.01463	0.13411	0.01044	0.10345	0.03933	0.03203	0.18886	0.04152	0.01307	0.00942	0.00501	0.00470	0.00149	0.00578	0.00436	0.00330	0.00713
26	0.07515	0.01129	0.01235	0.01142	0.07438	0.01271	0.00844	0.27030	0.42654	0.02304	0.01514	0.01458	0.01128	0.00592	0.00469	0.00153	0.00440	0.00476	0.00451	0.00758
27	0.04414	0.00903	0.01149	0.11610	0.03829	0.02305	0.03142	0.11748	0.12038	0.15531	0.04381	0.06918	0.01402	0.03827	0.00583	0.00167	0.01619	0.07307	0.00411	0.06716
28	0.00828	0.00441	0.00646	0.02786	0.00700	0.00449	0.00439	0.00679	0.02119	0.00873	0.00915	0.02577	0.00920	0.06453	0.01823	0.76030	0.00421	0.00446	0.00221	0.00234
29	0.08383	0.00842	0.01082	0.00862	0.01179	0.00815	0.02716	0.11637	0.01333	0.47945	0.01578	0.01532	0.01076	0.00952	0.10752	0.00225	0.00530	0.00461	0.05386	0.00716
30	0.05226	0.01175	0.07097	0.08038	0.51265	0.01094	0.08143	0.01515	0.02566	0.06227	0.02497	0.01252	0.00835	0.00455	0.00474	0.00147	0.00574	0.00439	0.00267	0.00714
31	0.01172	0.01141	0.01772	0.14074	0.59252	0.04967	0.01366	0.01536	0.07167	0.01528	0.00966	0.01227	0.00788	0.00454	0.00473	0.00145	0.00577	0.00429	0.00253	0.00715
32	0.00785	0.00536	0.00640	0.00647	0.00777	0.00497	0.00474	0.04348	0.03190	0.07821	0.09358	0.36790	0.28465	0.01221	0.00573	0.00173	0.00289	0.02491	0.00465	0.00462
33	0.04428	0.12286	0.23367	0.04435	0.07365	0.04180	0.09501	0.03965	0.04709	0.15011	0.04165	0.01315	0.02161	0.00510	0.00455	0.00144	0.00575	0.00428	0.00318	0.00681
34	0.01770	0.05456	0.01294	0.01151	0.09763	0.14954	0.00836	0.04851	0.04364	0.41773	0.01543	0.03743	0.01139	0.00610	0.00475	0.00146	0.00511	0.04451	0.00452	0.00718
35	0.00991	0.00999	0.04594	0.41234	0.32370	0.01044	0.02560	0.01294	0.01026	0.01384	0.02579	0.01467	0.05403	0.00508	0.00483	0.00152	0.00585	0.00467	0.00241	0.00617
36	0.01187	0.01275	0.14517	0.06587	0.31308	0.02312	0.12997	0.01554	0.04154	0.09445	0.01228	0.01406	0.03878	0.00494	0.00480	0.00147	0.00579	0.00467	0.05296	0.00689
37	0.01082	0.00954	0.01536	0.13070	0.46868	0.00986	0.01187	0.01419	0.07062	0.04568	0.04328	0.12331	0.01280	0.00622	0.00497	0.00153	0.00504	0.00579	0.00305	0.00667
38	0.00990	0.00939	0.01592	0.57257	0.27402	0.01085	0.01371	0.01298	0.00997	0.01328	0.00865	0.01246	0.00675	0.00462	0.00476	0.00154	0.00615	0.00425	0.00220	0.00602

[dist]
# distance from previous block
# <min> <max>
0	3

[block]
# block no. 3 follows, 53 sequences, length 33
# corresponding to MSA columns:
# 160-192
name=unknown_D
#
# <colnr> <probs for GDERKNQSTAVLIFYWHMCP>
#	G	D	E	R	K	N	Q	S	T	A	V	L	I	F	Y	W	H	M	C	P
0	0.01537	0.01000	0.06347	0.09482	0.13534	0.00912	0.00941	0.11203	0.04270	0.33046	0.04199	0.05396	0.01213	0.02535	0.00529	0.00157	0.00473	0.00514	0.01997	0.00715
1	0.01410	0.01501	0.08287	0.01873	0.28631	0.19510	0.11278	0.07347	0.02467	0.08128	0.02378	0.01191	0.00822	0.00488	0.00503	0.00144	0.02636	0.00425	0.00292	0.00689
2	0.00824	0.00520	0.00714	0.00789	0.00890	0.00498	0.00630	0.00985	0.01050	0.08888	0.02512	0.36824	0.02770	0.01324	0.00623	0.00203	0.00370	0.38677	0.00456	0.00454
3	0.01572	0.04997	0.01310	0.01078	0.01373	0.29601	0.00847	0.17678	0.29505	0.05220	0.01300	0.01279	0.00982	0.00566	0.00457	0.00141	0.00586	0.00421	0.00392	0.00693
4	0.01259	0.72052	0.02256	0.00791	0.01159	0.01704	0.00763	0.01399	0.00962	0.04489	0.00797	0.01028	0.00745	0.08311	0.00517	0.00139	0.00502	0.00307	0.00229	0.00591
5	0.00684	0.00461	0.00537	0.00548	0.00555	0.00463	0.00320	0.00700	0.00720	0.00964	0.01602	0.10668	0.01845	0.71295	0.06338	0.00453	0.00488	0.00749	0.00303	0.00306
6	0.01243	0.65344	0.05772	0.01143	0.08900	0.01729	0.07421	0.01446	0.00997	0.01217	0.00720	0.00860	0.00636	0.00412	0.00350	0.00113	0.00549	0.00302	0.00211	0.00634
7	0.00986	0.00963	0.01371	0.69770	0.02966	0.08676	0.01233	0.01281	0.00996	0.01248	0.00879	0.01263	0.00668	0.00484	0.00465	0.00153	0.00635	0.00415	0.05020	0.00528
8	0.00709	0.00494	0.00590	0.00580	0.00590	0.00522	0.00356	0.00732	0.00705	0.00957	0.01443	0.02900	0.01630	0.70882	0.11018	0.00486	0.04147	0.00663	0.00282	0.00315
9	0.01170	0.01127	0.01895	0.02774	0.72692	0.01167	0.01427	0.01437	0.01054	0.01522	0.00873	0.01170	0.00745	0.00465	0.00578	0.00148	0.08363	0.00425	0.00234	0.00735
10	0.00668	0.00477	0.00611	0.00643	0.00710	0.00454	0.00447	0.03315	0.01096	0.01502	0.30354	0.44009	0.03434	0.09070	0.00763	0.00202	0.00285	0.01087	0.00460	0.00415
11	0.02587	0.00774	0.01136	0.26525	0.12469	0.00854	0.00962	0.04007	0.06399	0.01443	0.01806	0.07730	0.08919	0.02400	0.04300	0.00205	0.00527	0.16086	0.00332	0.00538
12	0.01048	0.00977	0.01457	0.22011	0.34482	0.05169	0.01153	0.05251	0.01076	0.01442	0.01167	0.12618	0.01097	0.00888	0.07888	0.00210	0.00623	0.00557	0.00274	0.00611
13	0.01764	0.00774	0.01015	0.00826	0.01131	0.00709	0.00663	0.02080	0.10394	0.57373	0.09311	0.08631	0.01694	0.00710	0.00500	0.00154	0.00375	0.00597	0.00561	0.00737
14	0.01103	0.01074	0.01889	0.23874	0.52365	0.01123	0.08773	0.01408	0.01057	0.01468	0.00892	0.01217	0.00722	0.00437	0.00483	0.00148	0.00609	0.00439	0.00231	0.00686
15	0.01163	0.01177	0.05329	0.18944	0.20224	0.01157	0.25899	0.12633	0.01252	0.01707	0.05034	0.01347	0.00917	0.00481	0.00508	0.00153	0.00641	0.00490	0.00282	0.00663
16	0.01086	0.00964	0.07647	0.04846	0.12228	0.03452	0.04621	0.04578	0.02322	0.10494	0.07822	0.04658	0.07451	0.00851	0.00576	0.00172	0.02676	0.22584	0.00387	0.00585
17	0.00966	0.00869	0.01449	0.60363	0.15367	0.01021	0.01286	0.01267	0.01000	0.03219	0.01028	0.01625	0.00853	0.00545	0.00493	0.00162	0.00603	0.07072	0.00245	0.00566
18	0.01758	0.02150	0.01403	0.01244	0.01507	0.72269	0.04001	0.03859	0.02947	0.03402	0.00814	0.00926	0.00657	0.00497	0.00440	0.00127	0.00829	0.00331	0.00266	0.00575
19	0.01082	0.00938	0.01527	0.41191	0.27336	0.01061	0.01258	0.01402	0.04453	0.06272	0.02266	0.01321	0.00813	0.00530	0.00564	0.02330	0.04334	0.00440	0.00260	0.00620
20	0.00720	0.00573	0.02431	0.00790	0.06743	0.00492	0.00542	0.00860	0.01050	0.05415	0.05598	0.31053	0.36356	0.01199	0.00571	0.00172	0.00305	0.04241	0.00433	0.00456
21	0.00660	0.00573	0.00741	0.21155	0.01324	0.00573	0.00619	0.00837	0.01066	0.01319	0.09723	0.08616	0.49016	0.01024	0.00546	0.00162	0.00343	0.00871	0.00392	0.00439
22	0.01234	0.01263	0.04771	0.13908	0.23705	0.12426	0.01104	0.06461	0.23229	0.01679	0.04545	0.01413	0.01073	0.00540	0.00475	0.00148	0.00555	0.00457	0.00330	0.00682
23	0.08941	0.02079	0.04887	0.00940	0.01166	0.04391	0.04652	0.01419	0.06067	0.13011	0.05687	0.03959	0.10962	0.00749	0.00714	0.00162	0.18331	0.03591	0.04117	0.04175
24	0.01172	0.01597	0.39016	0.06455	0.04883	0.00938	0.04486	0.01601	0.03902	0.17160	0.12637	0.01567	0.01332	0.00563	0.00483	0.00151	0.00560	0.00476	0.00340	0.00680
25	0.00683	0.00563	0.03795	0.00640	0.00732	0.00508	0.00481	0.00810	0.00921	0.01251	0.16177	0.06787	0.11570	0.31164	0.17285	0.00393	0.00556	0.04939	0.00356	0.00389
26	0.10708	0.01031	0.01412	0.06942	0.40118	0.06430	0.01061	0.04562	0.01047	0.01530	0.01058	0.06430	0.00983	0.08067	0.06433	0.00219	0.00592	0.00487	0.00272	0.00616
27	0.01133	0.01034	0.01609	0.21736	0.43659	0.02618	0.01260	0.05432	0.06158	0.02933	0.01108	0.07180	0.00955	0.00543	0.00485	0.00151	0.00552	0.00500	0.00281	0.00675
28	0.00601	0.00439	0.00586	0.02875	0.00778	0.00417	0.00481	0.00700	0.00937	0.01236	0.02711	0.71658	0.07643	0.01443	0.00607	0.00193	0.00294	0.05568	0.00437	0.00396
29	0.01124	0.01141	0.02135	0.11677	0.41229	0.01142	0.27625	0.01480	0.03182	0.01521	0.00976	0.01327	0.00790	0.00447	0.00509	0.00153	0.00649	0.01961	0.00246	0.00687
30	0.01258	0.01092	0.01700	0.11296	0.54804	0.04376	0.01289	0.03383	0.01153	0.09141	0.05077	0.01345	0.00974	0.00482	0.00477	0.00144	0.00554	0.00449	0.00289	0.00714
31	0.05550	0.01291	0.20349	0.06474	0.14212	0.02469	0.01927	0.04428	0.04695	0.17827	0.05330	0.06434	0.01180	0.00588	0.00472	0.00149	0.00514	0.01323	0.00355	0.04433
32	0.01711	0.02459	0.02209	0.01036	0.06498	0.00828	0.04250	0.05544	0.08241	0.48290	0.10159	0.01796	0.02634	0.00619	0.00490	0.00148	0.00422	0.00525	0.00513	0.01630

[dist]
# distance from previous block
# <min> <max>
0	89

# created by:
# /home/cegg/simao/soft/augustus-3.2.1/scripts/msa2prfl.pl ./align_prep/EOG091G0VTN.fa
