[name]
unknown

[dist]
# distance from previous block
# <min> <max>
0	0

[block]
# block no. 0 follows, 52 sequences, length 21
# corresponding to MSA columns:
# 25-41,47-50
name=unknown_A
#
# <colnr> <probs for GDERKNQSTAVLIFYWHMCP>
#	G	D	E	R	K	N	Q	S	T	A	V	L	I	F	Y	W	H	M	C	P
0	0.00781	0.00558	0.00781	0.00892	0.01004	0.00558	0.00781	0.01004	0.01116	0.01450	0.02566	0.05466	0.02789	0.01339	0.00669	0.00223	0.00446	0.76685	0.00446	0.00446
1	0.01054	0.00860	0.01010	0.00724	0.01152	0.00649	0.00580	0.01268	0.01021	0.04876	0.00905	0.01032	0.00738	0.00369	0.00364	0.00075	0.00361	0.00295	0.00300	0.82367
2	0.01185	0.01137	0.01941	0.06983	0.76050	0.01148	0.01480	0.01475	0.01097	0.01566	0.00909	0.01204	0.00761	0.00434	0.00480	0.00145	0.00579	0.00432	0.00239	0.00756
3	0.00673	0.00495	0.00630	0.00596	0.00716	0.00452	0.00447	0.00890	0.01342	0.01872	0.71286	0.03737	0.13022	0.01017	0.00572	0.00154	0.00231	0.00893	0.00524	0.00452
4	0.00672	0.00495	0.00628	0.00595	0.00715	0.00451	0.00446	0.00887	0.01339	0.01865	0.70415	0.03749	0.13897	0.01020	0.00572	0.00154	0.00231	0.00895	0.00523	0.00451
5	0.01842	0.01357	0.01454	0.01115	0.01503	0.01503	0.00921	0.78330	0.02278	0.03054	0.01163	0.01163	0.00824	0.00582	0.00485	0.00145	0.00533	0.00436	0.00485	0.00824
6	0.00976	0.00934	0.01614	0.64131	0.16530	0.01097	0.05278	0.01297	0.01001	0.01314	0.00876	0.01277	0.00672	0.00472	0.00488	0.00159	0.00643	0.00438	0.00221	0.00584
7	0.01842	0.01357	0.01454	0.01115	0.01503	0.01503	0.00921	0.78330	0.02278	0.03054	0.01163	0.01163	0.00824	0.00582	0.00485	0.00145	0.00533	0.00436	0.00485	0.00824
8	0.00622	0.00493	0.00559	0.00543	0.00685	0.00430	0.00407	0.00791	0.01221	0.01585	0.37460	0.04209	0.47027	0.01124	0.00572	0.00159	0.00238	0.00959	0.00486	0.00430
9	0.00823	0.00527	0.00686	0.00628	0.00770	0.00479	0.00477	0.01042	0.01360	0.09416	0.68492	0.03483	0.08018	0.00965	0.00564	0.00153	0.00247	0.00846	0.00536	0.00490
10	0.00881	0.00456	0.00472	0.00468	0.00581	0.00452	0.00351	0.01107	0.01052	0.01821	0.09485	0.01990	0.01579	0.00608	0.00362	0.00117	0.00226	0.00495	0.77045	0.00452
11	0.01620	0.01228	0.01318	0.01059	0.01399	0.01367	0.00857	0.56263	0.19794	0.02709	0.01440	0.06251	0.01119	0.00656	0.00495	0.00153	0.00484	0.00519	0.00485	0.00785
12	0.01296	0.83261	0.02539	0.00829	0.01244	0.01917	0.00829	0.01451	0.00985	0.01140	0.00674	0.00777	0.00622	0.00415	0.00311	0.00104	0.00518	0.00259	0.00207	0.00622
13	0.01366	0.01168	0.01176	0.01016	0.01308	0.06121	0.00800	0.19758	0.53608	0.02207	0.04901	0.01678	0.01404	0.00644	0.00491	0.00157	0.00441	0.00521	0.00478	0.00755
14	0.01059	0.01025	0.01790	0.40630	0.37290	0.01121	0.07356	0.01373	0.01042	0.01416	0.00893	0.01252	0.00707	0.00455	0.00489	0.00154	0.00628	0.00442	0.00229	0.00649
15	0.01276	0.78325	0.07302	0.00863	0.01296	0.01869	0.00888	0.01456	0.00987	0.01164	0.00686	0.00792	0.00621	0.00417	0.00320	0.00107	0.00530	0.00265	0.00207	0.00628
16	0.01096	0.01267	0.07144	0.18103	0.14593	0.01178	0.46367	0.01478	0.01095	0.01493	0.00939	0.01270	0.00715	0.00430	0.00533	0.00159	0.00740	0.00509	0.00236	0.00652
17	0.00972	0.02507	0.80458	0.01381	0.02097	0.01125	0.01790	0.01535	0.01023	0.01535	0.00870	0.01023	0.00614	0.00460	0.00460	0.00153	0.00716	0.00358	0.00205	0.00716
18	0.00990	0.02393	0.74316	0.01351	0.02033	0.01132	0.01711	0.01615	0.07064	0.01573	0.00955	0.01084	0.00681	0.00476	0.00463	0.00154	0.00690	0.00373	0.00227	0.00720
19	0.00723	0.00547	0.00842	0.00810	0.00914	0.00621	0.03698	0.00909	0.00808	0.01183	0.01302	0.01874	0.01194	0.03319	0.72932	0.00714	0.01214	0.00517	0.05435	0.00443
20	0.11991	0.27442	0.11031	0.03647	0.03562	0.08635	0.08786	0.13586	0.01231	0.01683	0.00972	0.01093	0.03426	0.00489	0.00411	0.00135	0.00584	0.00372	0.00280	0.00644

[dist]
# distance from previous block
# <min> <max>
0	2

[block]
# block no. 1 follows, 52 sequences, length 18
# corresponding to MSA columns:
# 53-70
name=unknown_B
#
# <colnr> <probs for GDERKNQSTAVLIFYWHMCP>
#	G	D	E	R	K	N	Q	S	T	A	V	L	I	F	Y	W	H	M	C	P
0	0.07201	0.16958	0.49570	0.01186	0.01756	0.05861	0.01392	0.01616	0.05950	0.02981	0.00902	0.01014	0.00675	0.00469	0.00423	0.00143	0.00638	0.00345	0.00240	0.00682
1	0.04364	0.01095	0.01734	0.05592	0.57762	0.01113	0.01296	0.03850	0.06706	0.10127	0.01091	0.01279	0.00853	0.00473	0.00475	0.00147	0.00539	0.00440	0.00305	0.00758
2	0.01058	0.00896	0.01033	0.00753	0.01173	0.00721	0.00603	0.05154	0.05560	0.01679	0.00940	0.01059	0.00767	0.00387	0.00373	0.00081	0.00369	0.00310	0.00309	0.76776
3	0.00590	0.00422	0.00562	0.00675	0.00703	0.00394	0.00450	0.00675	0.00928	0.01237	0.02671	0.82653	0.03205	0.01518	0.00619	0.00197	0.00281	0.01378	0.00450	0.00394
4	0.01188	0.01291	0.01380	0.01190	0.01308	0.22751	0.07146	0.01320	0.00946	0.01174	0.00868	0.01356	0.00830	0.09877	0.10646	0.00279	0.35253	0.00447	0.00239	0.00512
5	0.00743	0.00573	0.00675	0.00638	0.00784	0.00550	0.00481	0.03817	0.08652	0.01789	0.45977	0.08559	0.22858	0.01036	0.00564	0.00159	0.00262	0.00897	0.00502	0.00484
6	0.00693	0.00515	0.00757	0.00757	0.00836	0.00594	0.00579	0.00851	0.00772	0.01109	0.01318	0.02014	0.01259	0.10534	0.74215	0.00752	0.01226	0.00535	0.00263	0.00421
7	0.00719	0.00556	0.00818	0.00803	0.00879	0.00662	0.00624	0.00880	0.00773	0.01120	0.01261	0.01900	0.01195	0.06984	0.71874	0.00725	0.07015	0.00521	0.00258	0.00433
8	0.00903	0.00452	0.00452	0.00452	0.00565	0.00452	0.00339	0.01129	0.01016	0.01807	0.01581	0.01807	0.01242	0.00565	0.00339	0.00113	0.00226	0.00452	0.85659	0.00452
9	0.00623	0.00482	0.00631	0.07683	0.00923	0.00462	0.00510	0.00749	0.01010	0.01315	0.09771	0.51055	0.20370	0.01316	0.00592	0.00182	0.00300	0.01171	0.00437	0.00415
10	0.00903	0.00452	0.00452	0.00452	0.00565	0.00452	0.00339	0.01129	0.01016	0.01807	0.01581	0.01807	0.01242	0.00565	0.00339	0.00113	0.00226	0.00452	0.85659	0.00452
11	0.82766	0.00996	0.00741	0.00663	0.00961	0.04514	0.00542	0.01446	0.00848	0.02132	0.00678	0.00791	0.00529	0.00452	0.00306	0.00149	0.00396	0.00265	0.00298	0.00526
12	0.01160	0.01264	0.02421	0.01919	0.09138	0.03170	0.53219	0.01597	0.07873	0.01540	0.01012	0.01300	0.00788	0.00489	0.00680	0.00167	0.10814	0.00533	0.00262	0.00656
13	0.00743	0.00542	0.00722	0.00813	0.00920	0.00533	0.00680	0.00955	0.02743	0.01404	0.02776	0.14286	0.10928	0.04303	0.00715	0.00221	0.00405	0.55431	0.00443	0.00437
14	0.01490	0.00877	0.01044	0.00868	0.01151	0.00894	0.00693	0.13392	0.21868	0.28192	0.21729	0.02123	0.02080	0.00712	0.00510	0.00154	0.00376	0.00595	0.00538	0.00715
15	0.00622	0.00445	0.00596	0.00695	0.00741	0.00419	0.00491	0.00736	0.00989	0.01324	0.09356	0.66422	0.03274	0.01451	0.00621	0.00196	0.00297	0.10464	0.00457	0.00406
16	0.00593	0.00492	0.00519	0.00512	0.00667	0.00418	0.00384	0.00735	0.01152	0.01423	0.18290	0.04477	0.66298	0.01185	0.00573	0.00162	0.00242	0.00997	0.00465	0.00418
17	0.00588	0.00430	0.00553	0.00652	0.00697	0.00396	0.00440	0.00677	0.00950	0.01246	0.02951	0.72894	0.12783	0.01482	0.00613	0.00193	0.00277	0.01333	0.00450	0.00396

[dist]
# distance from previous block
# <min> <max>
0	11

[block]
# block no. 2 follows, 52 sequences, length 32
# corresponding to MSA columns:
# 87-118
name=unknown_C
#
# <colnr> <probs for GDERKNQSTAVLIFYWHMCP>
#	G	D	E	R	K	N	Q	S	T	A	V	L	I	F	Y	W	H	M	C	P
0	0.01296	0.83261	0.02539	0.00829	0.01244	0.01917	0.00829	0.01451	0.00985	0.01140	0.00674	0.00777	0.00622	0.00415	0.00311	0.00104	0.00518	0.00259	0.00207	0.00622
1	0.01036	0.00610	0.00682	0.00716	0.06548	0.00627	0.00492	0.10231	0.01171	0.01937	0.01482	0.01686	0.01158	0.00557	0.00366	0.00119	0.00288	0.00448	0.69326	0.00519
2	0.01315	0.01000	0.01479	0.01267	0.07256	0.02415	0.16467	0.07252	0.14494	0.16461	0.09772	0.05453	0.03106	0.00645	0.00554	0.00154	0.03587	0.00581	0.00416	0.06327
3	0.00607	0.00459	0.00565	0.00634	0.00716	0.00416	0.00454	0.00723	0.01023	0.01318	0.07751	0.47922	0.26322	0.01385	0.00606	0.00187	0.00282	0.07770	0.00454	0.00406
4	0.01046	0.16550	0.60931	0.01255	0.01886	0.01270	0.01546	0.01597	0.06791	0.01502	0.00917	0.01038	0.00679	0.00467	0.00437	0.00146	0.00657	0.00355	0.00226	0.00703
5	0.01133	0.01211	0.07724	0.10554	0.60336	0.01123	0.05282	0.01445	0.01086	0.01536	0.01028	0.01306	0.03130	0.00462	0.00486	0.00148	0.00595	0.00451	0.00241	0.00725
6	0.00590	0.00422	0.00562	0.00675	0.00703	0.00394	0.00450	0.00675	0.00928	0.01237	0.02671	0.82653	0.03205	0.01518	0.00619	0.00197	0.00281	0.01378	0.00450	0.00394
7	0.01005	0.00861	0.01005	0.00718	0.01148	0.00646	0.00574	0.01220	0.01005	0.01579	0.00861	0.01005	0.00718	0.00359	0.00359	0.00072	0.00359	0.00287	0.00287	0.85932
8	0.00641	0.00458	0.00619	0.00722	0.00775	0.00436	0.00528	0.00766	0.00998	0.01329	0.07156	0.59876	0.03187	0.01445	0.00628	0.00200	0.00317	0.19056	0.00454	0.00410
9	0.00915	0.00861	0.01453	0.81804	0.03338	0.01077	0.01346	0.01238	0.00969	0.01238	0.00861	0.01292	0.00646	0.00484	0.00484	0.00161	0.00646	0.00431	0.00215	0.00538
10	0.01081	0.01081	0.05506	0.19638	0.30958	0.00997	0.04414	0.03172	0.01070	0.01536	0.00892	0.01158	0.00718	0.00426	0.00449	0.00128	0.00544	0.00392	0.00252	0.25586
11	0.00943	0.00826	0.01291	0.49869	0.03538	0.00991	0.02349	0.01301	0.07586	0.03732	0.05117	0.10894	0.01237	0.00720	0.01846	0.00178	0.06161	0.00578	0.00295	0.00548
12	0.01296	0.83261	0.02539	0.00829	0.01244	0.01917	0.00829	0.01451	0.00985	0.01140	0.00674	0.00777	0.00622	0.00415	0.00311	0.00104	0.00518	0.00259	0.00207	0.00622
13	0.44394	0.01156	0.01154	0.11346	0.10359	0.11910	0.02235	0.01453	0.00946	0.01743	0.00737	0.00946	0.00596	0.00498	0.00497	0.00154	0.08716	0.00331	0.00266	0.00562
14	0.02137	0.00885	0.01162	0.00891	0.01267	0.00801	0.00736	0.10927	0.01488	0.71575	0.01827	0.01595	0.01157	0.00598	0.00487	0.00149	0.00426	0.00482	0.00587	0.00825
15	0.00915	0.00861	0.01453	0.81804	0.03338	0.01077	0.01346	0.01238	0.00969	0.01238	0.00861	0.01292	0.00646	0.00484	0.00484	0.00161	0.00646	0.00431	0.00215	0.00538
16	0.00682	0.00495	0.00643	0.00606	0.00722	0.00456	0.00455	0.00908	0.01364	0.01924	0.77388	0.03652	0.06888	0.00998	0.00572	0.00153	0.00229	0.00881	0.00531	0.00456
17	0.00701	0.00512	0.00563	0.00552	0.00715	0.00438	0.00418	0.00839	0.01139	0.06796	0.11784	0.09462	0.59705	0.01183	0.00573	0.00166	0.00264	0.03279	0.00468	0.00442
18	0.01337	0.76807	0.02446	0.00863	0.01264	0.08224	0.00838	0.01490	0.01016	0.01144	0.00680	0.00785	0.00622	0.00421	0.00321	0.00105	0.00547	0.00263	0.00211	0.00617
19	0.32203	0.00945	0.01078	0.01029	0.09849	0.00976	0.00739	0.11252	0.01263	0.28515	0.06607	0.01365	0.01094	0.00552	0.00425	0.00149	0.00419	0.00421	0.00433	0.00685
20	0.05564	0.01199	0.01398	0.01293	0.11927	0.08278	0.03547	0.27051	0.04340	0.26752	0.02925	0.01355	0.00999	0.00559	0.00477	0.00146	0.00523	0.00450	0.00452	0.00765
21	0.01198	0.05262	0.01900	0.09754	0.59312	0.05201	0.03673	0.01502	0.03017	0.01511	0.00923	0.01203	0.00768	0.00509	0.02112	0.00157	0.00611	0.00426	0.00243	0.00719
22	0.01117	0.01166	0.01609	0.02822	0.01447	0.06917	0.08489	0.01258	0.00828	0.01206	0.00681	0.01075	0.00645	0.00775	0.01393	0.00200	0.67178	0.00431	0.00218	0.00544
23	0.01913	0.00941	0.06959	0.00891	0.01266	0.00759	0.00778	0.02212	0.06696	0.63502	0.07376	0.01754	0.01416	0.00621	0.00492	0.00151	0.00420	0.00510	0.00558	0.00787
24	0.01113	0.01128	0.01319	0.01155	0.01202	0.11833	0.00939	0.01232	0.00847	0.01207	0.00790	0.01205	0.00749	0.03147	0.06828	0.00239	0.57581	0.00425	0.06545	0.00516
25	0.01189	0.01141	0.01948	0.05878	0.77125	0.01149	0.01482	0.01478	0.01098	0.01570	0.00910	0.01203	0.00763	0.00434	0.00480	0.00145	0.00578	0.00432	0.00239	0.00759
26	0.00666	0.00485	0.00601	0.00637	0.00717	0.00456	0.00464	0.00797	0.01045	0.01382	0.19707	0.21032	0.16967	0.18014	0.00988	0.00242	0.00332	0.14634	0.00436	0.00399
27	0.01174	0.00938	0.00941	0.00848	0.01066	0.06203	0.00651	0.07209	0.38580	0.04207	0.01754	0.01875	0.03258	0.06932	0.06142	0.00215	0.00463	0.00526	0.16385	0.00633
28	0.01315	0.01063	0.00907	0.00807	0.00993	0.20126	0.00621	0.09624	0.01241	0.08209	0.03231	0.01576	0.01121	0.04647	0.02976	0.00165	0.04551	0.00443	0.35839	0.00545
29	0.01181	0.23852	0.24581	0.01075	0.01503	0.11127	0.04627	0.01576	0.07837	0.03849	0.10794	0.01462	0.03449	0.00559	0.00443	0.00138	0.00575	0.00439	0.00297	0.00636
30	0.01140	0.09620	0.25600	0.02404	0.01703	0.02742	0.11661	0.09141	0.06900	0.01693	0.03431	0.01291	0.00910	0.00493	0.00454	0.00135	0.00578	0.02202	0.00293	0.17609
31	0.16398	0.43464	0.10748	0.00907	0.01315	0.07019	0.00887	0.04809	0.04945	0.04410	0.00832	0.00913	0.00676	0.00458	0.00357	0.00125	0.00530	0.00305	0.00267	0.00634

[dist]
# distance from previous block
# <min> <max>
0	1

[block]
# block no. 3 follows, 52 sequences, length 6
# corresponding to MSA columns:
# 123-128
name=unknown_D
#
# <colnr> <probs for GDERKNQSTAVLIFYWHMCP>
#	G	D	E	R	K	N	Q	S	T	A	V	L	I	F	Y	W	H	M	C	P
0	0.07614	0.08344	0.52569	0.05661	0.09737	0.05045	0.01525	0.01519	0.01027	0.01526	0.00838	0.01011	0.00625	0.00456	0.00439	0.00147	0.00665	0.00352	0.00218	0.00683
1	0.01061	0.00868	0.00900	0.00816	0.01036	0.04937	0.00635	0.09322	0.26891	0.03672	0.13647	0.06799	0.16426	0.00863	0.00522	0.00159	0.00368	0.04692	0.03663	0.02724
2	0.00770	0.00625	0.04545	0.00679	0.00837	0.00525	0.00550	0.01039	0.04325	0.05077	0.54915	0.09313	0.09839	0.01007	0.00567	0.00160	0.00280	0.03955	0.00502	0.00488
3	0.00729	0.00567	0.00784	0.00760	0.00822	0.00662	0.00572	0.00852	0.00779	0.01099	0.01504	0.02270	0.06262	0.21075	0.49217	0.00606	0.10172	0.00582	0.00274	0.00411
4	0.00583	0.00452	0.00532	0.00596	0.00682	0.00400	0.00415	0.00684	0.01004	0.01268	0.03635	0.49056	0.36180	0.01393	0.00599	0.00183	0.00266	0.01225	0.00450	0.00400
5	0.01097	0.01061	0.01849	0.30194	0.48294	0.01130	0.06530	0.01405	0.01060	0.01462	0.00899	0.01239	0.00723	0.00448	0.00488	0.00151	0.00616	0.00441	0.00232	0.00681

[dist]
# distance from previous block
# <min> <max>
1	18

[block]
# block no. 4 follows, 52 sequences, length 10
# corresponding to MSA columns:
# 147-156
name=unknown_E
#
# <colnr> <probs for GDERKNQSTAVLIFYWHMCP>
#	G	D	E	R	K	N	Q	S	T	A	V	L	I	F	Y	W	H	M	C	P
0	0.00903	0.00452	0.00452	0.00452	0.00565	0.00452	0.00339	0.01129	0.01016	0.01807	0.01581	0.01807	0.01242	0.00565	0.00339	0.00113	0.00226	0.00452	0.85659	0.00452
1	0.48194	0.06122	0.04673	0.02844	0.01224	0.06203	0.00729	0.14017	0.01171	0.09566	0.00890	0.00958	0.00657	0.00488	0.00369	0.00145	0.00466	0.00323	0.00343	0.00619
2	0.00589	0.00429	0.00555	0.00655	0.00698	0.00395	0.00441	0.00677	0.00947	0.01245	0.02911	0.74297	0.11406	0.01487	0.00614	0.00193	0.00277	0.01340	0.00450	0.00395
3	0.00900	0.05866	0.00925	0.00728	0.00933	0.02392	0.02066	0.01027	0.02677	0.03074	0.03028	0.24550	0.01638	0.08928	0.00845	0.11004	0.00385	0.00681	0.00334	0.28018
4	0.00587	0.00433	0.00550	0.00644	0.00695	0.00396	0.00436	0.00678	0.00957	0.01249	0.03043	0.69683	0.15935	0.01470	0.00611	0.00191	0.00275	0.01319	0.00450	0.00396
5	0.00705	0.00491	0.00649	0.00655	0.00706	0.00532	0.00458	0.00808	0.00771	0.01097	0.01475	0.06475	0.01532	0.34791	0.41068	0.00588	0.00855	0.00632	0.05336	0.00377
6	0.00692	0.00519	0.00779	0.00779	0.00865	0.00606	0.00606	0.00865	0.00779	0.01125	0.01298	0.01904	0.01211	0.03634	0.81049	0.00779	0.01298	0.00519	0.00260	0.00433
7	0.01065	0.01167	0.06914	0.21532	0.26483	0.01149	0.21039	0.01390	0.01031	0.01433	0.00912	0.01263	0.00732	0.00635	0.04656	0.00191	0.07064	0.00467	0.00232	0.00644
8	0.01113	0.01070	0.01453	0.01227	0.01281	0.01435	0.01021	0.06755	0.00869	0.01328	0.00688	0.01064	0.00655	0.00799	0.01436	0.00199	0.71244	0.00417	0.00236	0.05709
9	0.01261	0.20220	0.11055	0.01543	0.07347	0.01411	0.29241	0.12088	0.06142	0.01684	0.00972	0.01152	0.00755	0.00467	0.00501	0.00146	0.02604	0.00443	0.00279	0.00689

[dist]
# distance from previous block
# <min> <max>
0	2

[block]
# block no. 5 follows, 52 sequences, length 14
# corresponding to MSA columns:
# 159-172
name=unknown_F
#
# <colnr> <probs for GDERKNQSTAVLIFYWHMCP>
#	G	D	E	R	K	N	Q	S	T	A	V	L	I	F	Y	W	H	M	C	P
0	0.04950	0.22467	0.05735	0.03550	0.05494	0.29977	0.02569	0.08106	0.04625	0.04337	0.00876	0.00990	0.00704	0.00497	0.00452	0.00132	0.03281	0.00345	0.00279	0.00634
1	0.01651	0.01365	0.04096	0.01101	0.01466	0.11045	0.04109	0.39106	0.11931	0.10244	0.03467	0.01323	0.01012	0.00571	0.00479	0.00143	0.00543	0.00448	0.00439	0.05461
2	0.03546	0.03594	0.04705	0.03893	0.01518	0.30860	0.06903	0.05510	0.03850	0.03698	0.00987	0.01121	0.02566	0.00498	0.00486	0.00126	0.04337	0.00371	0.00288	0.21142
3	0.00887	0.00722	0.00746	0.00689	0.00851	0.07983	0.00523	0.01172	0.07304	0.05830	0.48824	0.03313	0.17401	0.00942	0.00549	0.00153	0.00313	0.00805	0.00492	0.00501
4	0.01078	0.00952	0.00992	0.03203	0.01178	0.05454	0.00711	0.04538	0.44198	0.01834	0.12064	0.05091	0.10869	0.00801	0.00548	0.00164	0.02654	0.02568	0.00461	0.00643
5	0.00705	0.00470	0.00529	0.00529	0.00529	0.00470	0.00294	0.00705	0.00705	0.00940	0.01527	0.03171	0.01762	0.82969	0.02467	0.00470	0.00470	0.00705	0.00294	0.00294
6	0.00599	0.00492	0.00527	0.00518	0.00671	0.00420	0.00389	0.00746	0.01166	0.01455	0.22119	0.04423	0.62449	0.01173	0.00572	0.00161	0.00242	0.00989	0.00469	0.00420
7	0.00679	0.00490	0.00619	0.00614	0.00708	0.00458	0.00449	0.00851	0.01190	0.01637	0.48844	0.09843	0.10581	0.13838	0.00878	0.00212	0.00289	0.06923	0.00475	0.00422
8	0.01245	0.26707	0.09957	0.07614	0.30653	0.07285	0.01228	0.03925	0.01091	0.01416	0.00815	0.01027	0.00684	0.00460	0.00470	0.00135	0.04017	0.00362	0.00232	0.00677
9	0.65439	0.05611	0.02444	0.04142	0.01175	0.05519	0.03318	0.01442	0.00881	0.01949	0.00699	0.00846	0.00554	0.00468	0.00382	0.00150	0.03870	0.00291	0.00281	0.00541
10	0.05079	0.00879	0.01127	0.00873	0.01234	0.00812	0.00719	0.11811	0.01478	0.63793	0.05716	0.01657	0.01299	0.00612	0.00485	0.00150	0.00417	0.00493	0.00571	0.00795
11	0.00630	0.00457	0.00596	0.00649	0.00720	0.00423	0.00461	0.00772	0.01100	0.01494	0.29337	0.47141	0.08632	0.01310	0.00602	0.00180	0.00268	0.04329	0.00478	0.00419
12	0.00848	0.00608	0.00796	0.00852	0.08490	0.00576	0.00569	0.01106	0.05179	0.07165	0.40185	0.03253	0.18866	0.03962	0.03333	0.00186	0.00331	0.00791	0.02390	0.00512
13	0.01163	0.03899	0.04460	0.14857	0.43507	0.01131	0.06986	0.03967	0.05061	0.03810	0.01090	0.04585	0.00920	0.00520	0.00491	0.00152	0.00578	0.01849	0.00277	0.00699

[dist]
# distance from previous block
# <min> <max>
2	41

[block]
# block no. 6 follows, 52 sequences, length 19
# corresponding to MSA columns:
# 216-234
name=unknown_G
#
# <colnr> <probs for GDERKNQSTAVLIFYWHMCP>
#	G	D	E	R	K	N	Q	S	T	A	V	L	I	F	Y	W	H	M	C	P
0	0.03974	0.01093	0.01253	0.07040	0.12925	0.08134	0.00835	0.10048	0.01188	0.01705	0.00887	0.01053	0.00717	0.00420	0.00405	0.00105	0.00478	0.00337	0.00294	0.47107
1	0.01129	0.06249	0.06230	0.07386	0.55601	0.01138	0.05053	0.01427	0.01108	0.01561	0.07570	0.01380	0.01063	0.00482	0.00481	0.00145	0.00566	0.00461	0.00260	0.00710
2	0.01153	0.01187	0.06010	0.12383	0.66651	0.01141	0.01486	0.01460	0.01083	0.01539	0.00903	0.01201	0.00745	0.00440	0.00479	0.00147	0.00592	0.00428	0.00235	0.00737
3	0.00669	0.00509	0.00618	0.00588	0.00720	0.00464	0.00442	0.00900	0.03350	0.01776	0.57634	0.03851	0.24603	0.01045	0.00570	0.00156	0.00237	0.00907	0.00510	0.00453
4	0.00799	0.00597	0.00828	0.00967	0.05104	0.00597	0.00773	0.01060	0.04171	0.01481	0.05094	0.07751	0.06774	0.01254	0.00642	0.00210	0.00427	0.60559	0.00440	0.00472
5	0.00716	0.00518	0.00694	0.00742	0.00850	0.00496	0.00604	0.00923	0.01196	0.01613	0.32398	0.11774	0.07583	0.01215	0.00622	0.00190	0.00337	0.36603	0.00480	0.00444
6	0.01211	0.01043	0.01198	0.01217	0.10894	0.01175	0.00847	0.06360	0.61387	0.02023	0.05864	0.01794	0.01519	0.00643	0.00495	0.00160	0.00407	0.00545	0.00464	0.00754
7	0.01165	0.01117	0.01905	0.12423	0.70764	0.01142	0.01470	0.01457	0.01087	0.01542	0.00906	0.01210	0.00753	0.00438	0.00480	0.00146	0.00584	0.00432	0.00237	0.00740
8	0.01015	0.00964	0.01438	0.26545	0.06444	0.01258	0.01129	0.03662	0.00887	0.01270	0.00799	0.01221	0.00705	0.00954	0.08332	0.00241	0.41926	0.00436	0.00228	0.00547
9	0.01205	0.01041	0.01096	0.00986	0.01260	0.01205	0.00767	0.02575	0.79071	0.02027	0.01972	0.01808	0.01479	0.00657	0.00493	0.00164	0.00384	0.00548	0.00493	0.00767
10	0.01170	0.01135	0.01976	0.10048	0.68226	0.01149	0.06220	0.01469	0.01094	0.01550	0.00911	0.01214	0.00755	0.00435	0.00486	0.00147	0.00597	0.00440	0.00238	0.00740
11	0.01526	0.28221	0.10839	0.01122	0.01478	0.39239	0.01003	0.06131	0.01240	0.01319	0.00759	0.00883	0.00634	0.00484	0.00440	0.00125	0.03389	0.00311	0.00243	0.00613
12	0.00852	0.00613	0.00814	0.00886	0.01011	0.00626	0.00759	0.05806	0.02952	0.01531	0.02401	0.04974	0.02574	0.06336	0.00765	0.00232	0.00452	0.65509	0.00440	0.00468
13	0.84309	0.01054	0.00837	0.00757	0.01065	0.01176	0.00601	0.01538	0.00937	0.02313	0.00850	0.01027	0.00690	0.00563	0.00377	0.00181	0.00434	0.00321	0.00357	0.00613
14	0.01363	0.01263	0.02059	0.03032	0.77990	0.01239	0.01538	0.01599	0.01208	0.01737	0.01080	0.01429	0.00927	0.00545	0.00552	0.00175	0.00630	0.00486	0.00299	0.00850
15	0.00880	0.00606	0.00695	0.00688	0.00717	0.00595	0.00422	0.00861	0.00831	0.01138	0.01645	0.03161	0.01813	0.69136	0.14144	0.00538	0.00649	0.00724	0.00346	0.00409
16	0.07230	0.01437	0.01513	0.01192	0.01581	0.01555	0.00962	0.71649	0.02262	0.03115	0.01295	0.01370	0.00963	0.00683	0.00545	0.00177	0.00579	0.00480	0.00526	0.00886
17	0.01913	0.01425	0.01516	0.01206	0.01587	0.01545	0.00968	0.67343	0.11549	0.03046	0.01422	0.01471	0.01060	0.00700	0.00558	0.00179	0.00570	0.00504	0.00538	0.00898
18	0.00853	0.00623	0.00760	0.00719	0.00852	0.00558	0.00527	0.01022	0.01445	0.02030	0.71016	0.03880	0.11432	0.01111	0.00641	0.00184	0.00293	0.00932	0.00577	0.00543

[dist]
# distance from previous block
# <min> <max>
0	38

[block]
# block no. 7 follows, 52 sequences, length 46
# corresponding to MSA columns:
# 273-286,294-325
name=unknown_H
#
# <colnr> <probs for GDERKNQSTAVLIFYWHMCP>
#	G	D	E	R	K	N	Q	S	T	A	V	L	I	F	Y	W	H	M	C	P
0	0.01387	0.01167	0.01223	0.01108	0.01393	0.01300	0.00844	0.02668	0.76908	0.02185	0.02128	0.02044	0.01635	0.00777	0.00573	0.00198	0.00449	0.00605	0.00551	0.00858
1	0.00883	0.00638	0.00788	0.00743	0.00872	0.00574	0.00543	0.01055	0.01480	0.02103	0.77574	0.03803	0.04638	0.01100	0.00649	0.00187	0.00299	0.00924	0.00590	0.00557
2	0.02005	0.01475	0.01571	0.01233	0.01628	0.01589	0.00994	0.76208	0.02360	0.03182	0.01343	0.01419	0.00999	0.00703	0.00565	0.00180	0.00594	0.00496	0.00543	0.00913
3	0.01387	0.01167	0.01223	0.01108	0.01393	0.01300	0.00844	0.02668	0.76908	0.02185	0.02128	0.02044	0.01635	0.00777	0.00573	0.00198	0.00449	0.00605	0.00551	0.00858
4	0.00609	0.00498	0.00541	0.00546	0.00698	0.00430	0.00420	0.00756	0.01143	0.01412	0.15179	0.04595	0.61784	0.01205	0.00582	0.00168	0.00262	0.08291	0.00461	0.00419
5	0.01273	0.77632	0.07970	0.00868	0.01303	0.01862	0.00896	0.01457	0.00987	0.01168	0.00687	0.00794	0.00621	0.00418	0.00321	0.00107	0.00532	0.00266	0.00207	0.00628
6	0.00995	0.08135	0.75027	0.01343	0.02038	0.01181	0.01723	0.01529	0.01020	0.01507	0.00856	0.01006	0.00614	0.00457	0.00450	0.00150	0.00702	0.00351	0.00205	0.00710
7	0.00988	0.06522	0.76584	0.01354	0.02055	0.01165	0.01743	0.01531	0.01021	0.01515	0.00860	0.01011	0.00614	0.00458	0.00453	0.00151	0.00706	0.00353	0.00205	0.00711
8	0.00972	0.02507	0.80458	0.01381	0.02097	0.01125	0.01790	0.01535	0.01023	0.01535	0.00870	0.01023	0.00614	0.00460	0.00460	0.00153	0.00716	0.00358	0.00205	0.00716
9	0.01179	0.54095	0.30682	0.01029	0.01552	0.01631	0.01176	0.01481	0.00999	0.01283	0.00744	0.00866	0.00619	0.00431	0.00365	0.00122	0.00590	0.00295	0.00206	0.00656
10	0.01032	0.02423	0.76513	0.01355	0.02055	0.01105	0.01737	0.01576	0.01041	0.05451	0.00921	0.01054	0.00643	0.00467	0.00462	0.00153	0.00701	0.00365	0.00224	0.00722
11	0.00592	0.00488	0.00524	0.00548	0.00690	0.00420	0.00413	0.00719	0.01083	0.01312	0.04424	0.14811	0.63433	0.01274	0.00587	0.00173	0.00267	0.07384	0.00450	0.00410
12	0.00972	0.02507	0.80458	0.01381	0.02097	0.01125	0.01790	0.01535	0.01023	0.01535	0.00870	0.01023	0.00614	0.00460	0.00460	0.00153	0.00716	0.00358	0.00205	0.00716
13	0.01971	0.00998	0.06856	0.01035	0.01447	0.00801	0.09779	0.02210	0.01333	0.65656	0.01731	0.01566	0.01105	0.00568	0.00495	0.00152	0.00480	0.00488	0.00531	0.00797
14	0.00976	0.00951	0.01693	0.62882	0.11412	0.01104	0.11481	0.01306	0.01006	0.01316	0.00882	0.01284	0.00671	0.00469	0.00496	0.00160	0.00661	0.00449	0.00222	0.00578
15	0.00972	0.02507	0.80458	0.01381	0.02097	0.01125	0.01790	0.01535	0.01023	0.01535	0.00870	0.01023	0.00614	0.00460	0.00460	0.00153	0.00716	0.00358	0.00205	0.00716
16	0.00637	0.00493	0.00580	0.00558	0.00694	0.00436	0.00419	0.00819	0.01256	0.01667	0.47163	0.04074	0.37272	0.01094	0.00572	0.00157	0.00236	0.00940	0.00497	0.00436
17	0.02035	0.01020	0.10332	0.00922	0.01337	0.00760	0.00837	0.02266	0.01345	0.71142	0.01791	0.01577	0.01132	0.00584	0.00484	0.00150	0.00448	0.00472	0.00554	0.00812
18	0.01345	0.70799	0.05319	0.00892	0.01305	0.06920	0.00877	0.05497	0.01078	0.01258	0.00711	0.00813	0.00632	0.00430	0.00334	0.00109	0.00549	0.00275	0.00224	0.00632
19	0.01842	0.01357	0.01454	0.01115	0.01503	0.01503	0.00921	0.78330	0.02278	0.03054	0.01163	0.01163	0.00824	0.00582	0.00485	0.00145	0.00533	0.00436	0.00485	0.00824
20	0.00692	0.00519	0.00779	0.00779	0.00865	0.00606	0.00606	0.00865	0.00779	0.01125	0.01298	0.01904	0.01211	0.03634	0.81049	0.00779	0.01298	0.00519	0.00260	0.00433
21	0.02153	0.00859	0.01146	0.00878	0.01254	0.00763	0.00726	0.07215	0.01444	0.75349	0.01864	0.01618	0.01176	0.00599	0.00487	0.00150	0.00420	0.00484	0.00592	0.00825
22	0.01726	0.01582	0.01621	0.01295	0.01628	0.31156	0.15339	0.15793	0.01465	0.17691	0.01098	0.01175	0.00799	0.00536	0.00541	0.00145	0.04945	0.00425	0.00361	0.00678
23	0.01810	0.02310	0.01373	0.01248	0.01498	0.81024	0.00936	0.01935	0.01373	0.01186	0.00749	0.00874	0.00624	0.00499	0.00437	0.00125	0.00874	0.00312	0.00250	0.00562
24	0.02174	0.00825	0.01125	0.00862	0.01237	0.00712	0.00712	0.02362	0.01387	0.80282	0.01912	0.01649	0.01200	0.00600	0.00487	0.00150	0.00412	0.00487	0.00600	0.00825
25	0.01000	0.00946	0.01579	0.44330	0.33258	0.01053	0.01324	0.01293	0.01033	0.01380	0.01203	0.01524	0.06985	0.00523	0.00490	0.00155	0.00586	0.00478	0.00244	0.00618
26	0.00625	0.00487	0.00568	0.00559	0.00690	0.00430	0.00415	0.00793	0.01211	0.01590	0.38551	0.10394	0.39664	0.01143	0.00576	0.00161	0.00241	0.00985	0.00488	0.00430
27	0.00573	0.00491	0.00491	0.00491	0.00655	0.00409	0.00368	0.00695	0.01105	0.01309	0.04909	0.04664	0.79750	0.01227	0.00573	0.00164	0.00245	0.01023	0.00450	0.00409
28	0.00979	0.02392	0.74178	0.01373	0.02032	0.01154	0.01732	0.01505	0.01001	0.01505	0.00851	0.01026	0.00616	0.00491	0.00550	0.00158	0.07187	0.00363	0.00205	0.00701
29	0.01196	0.01161	0.02024	0.02915	0.75001	0.01156	0.06387	0.01491	0.01106	0.01581	0.00916	0.01206	0.00766	0.00430	0.00486	0.00145	0.00591	0.00441	0.00240	0.00760
30	0.01136	0.01363	0.06477	0.02012	0.02512	0.01221	0.74625	0.01551	0.01138	0.01551	0.00975	0.01294	0.00730	0.00411	0.00567	0.00163	0.00812	0.00562	0.00243	0.00657
31	0.00599	0.00431	0.00554	0.00647	0.00684	0.00401	0.00430	0.00679	0.00922	0.01217	0.02749	0.69530	0.09167	0.08588	0.00776	0.00218	0.00295	0.01291	0.00436	0.00386
32	0.01031	0.01898	0.45345	0.01389	0.05012	0.06158	0.10985	0.01540	0.07269	0.01521	0.01290	0.04249	0.04584	0.02128	0.00532	0.00164	0.00655	0.03323	0.00267	0.00661
33	0.00928	0.00875	0.01477	0.78130	0.06909	0.01080	0.01352	0.01250	0.00975	0.01254	0.00864	0.01288	0.00652	0.00482	0.00484	0.00161	0.00643	0.00431	0.00216	0.00549
34	0.01189	0.01132	0.01879	0.05761	0.70827	0.01153	0.01425	0.01564	0.07299	0.01606	0.00994	0.01251	0.00820	0.00452	0.00481	0.00146	0.00563	0.00441	0.00259	0.00759
35	0.69756	0.07606	0.05990	0.00725	0.01065	0.01177	0.00651	0.05447	0.00926	0.02097	0.00713	0.00821	0.00554	0.00455	0.00321	0.00146	0.00416	0.00277	0.00296	0.00560
36	0.11751	0.00783	0.07133	0.00871	0.01082	0.00676	0.00790	0.01239	0.01111	0.10718	0.06513	0.06858	0.02263	0.01058	0.00578	0.00195	0.00436	0.44994	0.00431	0.00520
37	0.08310	0.01326	0.01234	0.01186	0.08904	0.21137	0.00846	0.17107	0.11173	0.11760	0.05394	0.07014	0.01235	0.00634	0.00473	0.00147	0.00543	0.00500	0.00403	0.00673
38	0.05368	0.01073	0.01778	0.07491	0.53193	0.01082	0.07394	0.01456	0.04162	0.01586	0.01042	0.05876	0.00911	0.00502	0.00481	0.00147	0.00554	0.00486	0.00266	0.05154
39	0.01096	0.01025	0.01594	0.49586	0.25485	0.04286	0.01338	0.04259	0.01078	0.02961	0.00900	0.01247	0.00698	0.00482	0.00500	0.00155	0.02020	0.00428	0.00242	0.00622
40	0.02482	0.05759	0.04834	0.36856	0.32398	0.01133	0.03459	0.01348	0.01032	0.01404	0.01034	0.01345	0.03891	0.00487	0.00475	0.00151	0.00598	0.00443	0.00236	0.00636
41	0.00991	0.02528	0.01057	0.00988	0.04998	0.03994	0.06075	0.06512	0.08497	0.05681	0.04969	0.28133	0.06965	0.01195	0.06949	0.00216	0.00485	0.04836	0.00406	0.04526
42	0.04379	0.04816	0.14059	0.01130	0.01481	0.00919	0.16490	0.01474	0.02465	0.16806	0.08930	0.08761	0.07547	0.00729	0.00575	0.00163	0.04767	0.03511	0.00378	0.00619
43	0.08903	0.07012	0.36889	0.01019	0.01487	0.00975	0.01135	0.01447	0.04673	0.06975	0.05650	0.03504	0.08963	0.00640	0.00465	0.00151	0.00522	0.04267	0.00317	0.05006
44	0.05224	0.04268	0.04456	0.05385	0.06142	0.00896	0.20640	0.03286	0.02289	0.02991	0.01528	0.23750	0.01541	0.00788	0.00525	0.00161	0.00515	0.05567	0.00333	0.09717
45	0.02634	0.05362	0.06840	0.07486	0.02799	0.04010	0.08720	0.03947	0.06886	0.31906	0.02823	0.05256	0.02249	0.00589	0.00481	0.00147	0.00504	0.00505	0.00420	0.06434

[dist]
# distance from previous block
# <min> <max>
1	6

[block]
# block no. 8 follows, 52 sequences, length 13
# corresponding to MSA columns:
# 332-344
name=unknown_I
#
# <colnr> <probs for GDERKNQSTAVLIFYWHMCP>
#	G	D	E	R	K	N	Q	S	T	A	V	L	I	F	Y	W	H	M	C	P
0	0.03961	0.01099	0.10739	0.00953	0.01321	0.00922	0.03526	0.05317	0.22178	0.22542	0.05678	0.01710	0.03643	0.02869	0.00528	0.00154	0.00440	0.00499	0.00441	0.11480
1	0.03492	0.07290	0.05232	0.03196	0.28698	0.01008	0.05161	0.04133	0.01102	0.03792	0.02959	0.04943	0.00946	0.00485	0.00440	0.00125	0.00494	0.00432	0.00287	0.25785
2	0.01095	0.00928	0.03697	0.13470	0.25117	0.02849	0.03313	0.01417	0.04659	0.06191	0.07641	0.01723	0.01276	0.00564	0.00463	0.00143	0.00473	0.03149	0.18035	0.03797
3	0.04940	0.00990	0.01381	0.03507	0.35687	0.05415	0.01020	0.03394	0.04023	0.14070	0.01483	0.19182	0.01379	0.00715	0.00502	0.00157	0.00486	0.00639	0.00361	0.00669
4	0.18790	0.01005	0.01523	0.24182	0.40033	0.01095	0.01217	0.01381	0.01003	0.01600	0.00901	0.03567	0.00756	0.00482	0.00448	0.00152	0.00545	0.00424	0.00252	0.00643
5	0.01025	0.00850	0.01168	0.17694	0.01633	0.02260	0.06162	0.05137	0.07284	0.04896	0.14498	0.02207	0.04135	0.00672	0.00499	0.00144	0.00456	0.08626	0.00371	0.20283
6	0.00923	0.00847	0.01404	0.44093	0.23070	0.00955	0.01197	0.01187	0.00996	0.01329	0.01250	0.18159	0.01209	0.00685	0.00511	0.00164	0.00552	0.00628	0.00271	0.00569
7	0.68907	0.00914	0.00798	0.00684	0.00999	0.01009	0.00564	0.01619	0.00941	0.18390	0.00932	0.00966	0.00665	0.00481	0.00339	0.00150	0.00383	0.00309	0.00362	0.00587
8	0.01157	0.01345	0.17572	0.01068	0.01434	0.01189	0.00980	0.02359	0.62867	0.01925	0.01743	0.01645	0.01300	0.00617	0.00486	0.00162	0.00453	0.00508	0.00433	0.00756
9	0.00610	0.00437	0.00580	0.00661	0.00707	0.00407	0.00451	0.00725	0.01020	0.01384	0.18661	0.66245	0.03489	0.01409	0.00609	0.00188	0.00270	0.01274	0.00467	0.00407
10	0.00582	0.00457	0.00526	0.00582	0.00679	0.00401	0.00409	0.00685	0.01017	0.01273	0.03796	0.43449	0.41683	0.01372	0.00596	0.00180	0.00263	0.01199	0.00450	0.00401
11	0.01317	0.53951	0.06816	0.00920	0.01313	0.06096	0.00876	0.01748	0.17234	0.04095	0.01002	0.01042	0.00820	0.00479	0.00371	0.00122	0.00518	0.00336	0.00282	0.00661
12	0.18871	0.04001	0.01366	0.06152	0.23148	0.13517	0.04488	0.01453	0.04044	0.01607	0.05978	0.03626	0.03832	0.02616	0.00503	0.00157	0.00539	0.03204	0.00301	0.00597

[dist]
# distance from previous block
# <min> <max>
0	8

# created by:
# /home/cegg/simao/soft/augustus-3.2.1/scripts/msa2prfl.pl ./align_prep/EOG091G0RR3.fa
