[name]
unknown

[dist]
# distance from previous block
# <min> <max>
0	432

[block]
# block no. 0 follows, 44 sequences, length 15
# corresponding to MSA columns:
# 521-535
name=unknown_A
#
# <colnr> <probs for GDERKNQSTAVLIFYWHMCP>
#	G	D	E	R	K	N	Q	S	T	A	V	L	I	F	Y	W	H	M	C	P
0	0.00789	0.00626	0.00890	0.00863	0.01006	0.00584	0.06547	0.00977	0.01215	0.01591	0.15400	0.19674	0.20258	0.09127	0.00888	0.00239	0.00409	0.17946	0.00485	0.00485
1	0.01038	0.00902	0.01385	0.12225	0.20166	0.00996	0.02566	0.01327	0.05751	0.01540	0.07923	0.08299	0.01652	0.09650	0.10662	0.04096	0.08211	0.00668	0.00336	0.00606
2	0.00783	0.00554	0.00695	0.00698	0.00827	0.00513	0.00522	0.00979	0.01314	0.03734	0.34434	0.17840	0.20264	0.01465	0.05780	0.00232	0.00369	0.04719	0.03781	0.00498
3	0.00852	0.00675	0.00742	0.00826	0.00899	0.06725	0.00580	0.00963	0.01110	0.03748	0.02786	0.60892	0.04551	0.04998	0.00769	0.00228	0.00398	0.07301	0.00485	0.00473
4	0.13969	0.01367	0.05989	0.01203	0.03671	0.04766	0.04195	0.29201	0.03531	0.18153	0.01448	0.01584	0.01059	0.00647	0.00518	0.00168	0.00569	0.03415	0.03734	0.00813
5	0.01164	0.01388	0.17080	0.04717	0.20799	0.01134	0.03020	0.02768	0.06680	0.04122	0.05758	0.03685	0.08192	0.00801	0.00717	0.00187	0.09534	0.07176	0.00359	0.00717
6	0.00908	0.00604	0.00699	0.00658	0.00837	0.00544	0.00498	0.03257	0.01379	0.08035	0.26962	0.09149	0.34652	0.01173	0.00613	0.00176	0.00296	0.00999	0.08027	0.00532
7	0.00991	0.00898	0.01301	0.01169	0.01239	0.01147	0.03388	0.01155	0.00915	0.01335	0.01406	0.02183	0.04628	0.04681	0.27956	0.00463	0.37891	0.06419	0.00294	0.00541
8	0.03917	0.07707	0.17063	0.15421	0.22731	0.07000	0.05743	0.03837	0.04520	0.05399	0.01083	0.01311	0.00831	0.00530	0.00519	0.00165	0.00701	0.00457	0.00297	0.00767
9	0.00883	0.00758	0.00839	0.00886	0.00989	0.07802	0.02436	0.03958	0.01190	0.01505	0.02844	0.55978	0.07959	0.01488	0.00672	0.00211	0.00419	0.08209	0.00481	0.00494
10	0.00934	0.00653	0.00858	0.00827	0.00977	0.00617	0.03403	0.06958	0.01328	0.06752	0.16529	0.41062	0.14269	0.01353	0.00655	0.00197	0.00355	0.01204	0.00529	0.00540
11	0.01061	0.00981	0.01711	0.10081	0.01904	0.00969	0.26184	0.01498	0.09223	0.04231	0.13406	0.11199	0.13388	0.00879	0.00626	0.00186	0.00570	0.00847	0.00423	0.00634
12	0.01545	0.01319	0.05822	0.08921	0.08508	0.06536	0.01076	0.16895	0.14685	0.10806	0.01692	0.02000	0.03618	0.00706	0.00551	0.00170	0.00576	0.06671	0.00449	0.07456
13	0.22795	0.10257	0.03820	0.01468	0.12546	0.35032	0.01046	0.01860	0.01265	0.01687	0.00839	0.01012	0.00697	0.00537	0.00486	0.00152	0.03193	0.00356	0.00286	0.00666
14	0.06895	0.06548	0.10944	0.05626	0.06386	0.01224	0.03025	0.14728	0.14240	0.03327	0.07672	0.07693	0.04175	0.04366	0.00642	0.00189	0.00538	0.00634	0.00424	0.00725

[dist]
# distance from previous block
# <min> <max>
0	7

[block]
# block no. 1 follows, 44 sequences, length 12
# corresponding to MSA columns:
# 543-554
name=unknown_B
#
# <colnr> <probs for GDERKNQSTAVLIFYWHMCP>
#	G	D	E	R	K	N	Q	S	T	A	V	L	I	F	Y	W	H	M	C	P
0	0.01120	0.00901	0.01107	0.01096	0.06314	0.00999	0.00784	0.10843	0.19100	0.01866	0.06168	0.02473	0.08909	0.09771	0.22880	0.00411	0.03521	0.00667	0.00424	0.00644
1	0.01560	0.00917	0.01217	0.01148	0.08521	0.00920	0.03629	0.12472	0.01476	0.22087	0.06095	0.02138	0.03596	0.04078	0.00668	0.00178	0.03877	0.02564	0.22142	0.00718
2	0.01376	0.01147	0.01224	0.01092	0.01387	0.01317	0.00848	0.07689	0.66163	0.02266	0.02069	0.01959	0.01564	0.00814	0.00664	0.06022	0.00446	0.00598	0.00532	0.00824
3	0.01174	0.06649	0.01902	0.20290	0.39368	0.01205	0.03961	0.01477	0.01197	0.01644	0.06790	0.06951	0.01338	0.00734	0.02872	0.00190	0.00644	0.00590	0.00302	0.00722
4	0.01030	0.00969	0.01635	0.79530	0.03755	0.01211	0.01514	0.01393	0.01090	0.01393	0.00969	0.01453	0.00727	0.00545	0.00545	0.00182	0.00727	0.00484	0.00242	0.00606
5	0.04924	0.30485	0.27917	0.01311	0.01890	0.01625	0.08873	0.10407	0.01323	0.05085	0.00992	0.01122	0.00760	0.00516	0.00467	0.00152	0.00682	0.00399	0.00297	0.00771
6	0.00704	0.00522	0.00636	0.00705	0.00787	0.00482	0.00498	0.00820	0.01104	0.01423	0.06394	0.38958	0.22755	0.12607	0.00976	0.00256	0.00353	0.09093	0.00485	0.00441
7	0.00783	0.00567	0.00790	0.00790	0.00857	0.00634	0.00574	0.00918	0.00851	0.01202	0.01539	0.02580	0.01553	0.27674	0.55355	0.00769	0.01174	0.00648	0.00304	0.00439
8	0.00779	0.00584	0.00876	0.00876	0.00974	0.00681	0.00681	0.00974	0.00876	0.01266	0.01460	0.02142	0.01363	0.04089	0.78680	0.00876	0.01460	0.00584	0.00292	0.00487
9	0.01380	0.11838	0.13431	0.11335	0.09257	0.07001	0.10907	0.09856	0.12867	0.01865	0.01263	0.04383	0.01017	0.00601	0.00532	0.00167	0.00682	0.00520	0.00340	0.00759
10	0.01443	0.35057	0.04104	0.01076	0.01397	0.20528	0.00936	0.04883	0.01270	0.01444	0.01301	0.14053	0.01329	0.00782	0.00534	0.00156	0.03667	0.05082	0.00319	0.00639
11	0.01214	0.00966	0.01252	0.01328	0.15484	0.00929	0.00860	0.08240	0.11142	0.05422	0.17069	0.07316	0.06383	0.00782	0.00549	0.00154	0.00431	0.00678	0.00457	0.19344

[dist]
# distance from previous block
# <min> <max>
6	13

[block]
# block no. 2 follows, 44 sequences, length 38
# corresponding to MSA columns:
# 571-600,602-609
name=unknown_C
#
# <colnr> <probs for GDERKNQSTAVLIFYWHMCP>
#	G	D	E	R	K	N	Q	S	T	A	V	L	I	F	Y	W	H	M	C	P
0	0.01105	0.02779	0.03816	0.05680	0.03495	0.05933	0.09703	0.01524	0.10187	0.04256	0.20170	0.02647	0.09979	0.01175	0.08640	0.00247	0.03170	0.01582	0.03289	0.00625
1	0.00769	0.00578	0.00717	0.00717	0.00844	0.00546	0.00530	0.01052	0.06025	0.01897	0.43610	0.20948	0.15148	0.01272	0.00652	0.00187	0.00291	0.03144	0.00560	0.00512
2	0.03805	0.58113	0.04822	0.00988	0.01411	0.08037	0.00940	0.04147	0.01186	0.03656	0.00936	0.03281	0.00845	0.00735	0.04937	0.00172	0.00658	0.00367	0.00275	0.00689
3	0.06682	0.10583	0.08470	0.05431	0.04731	0.10601	0.03789	0.12858	0.05119	0.07240	0.01523	0.05216	0.04885	0.00747	0.00599	0.02843	0.02398	0.03303	0.02280	0.00703
4	0.01363	0.00740	0.00885	0.00771	0.01034	0.00679	0.00606	0.03868	0.05849	0.27026	0.05996	0.06286	0.31982	0.01171	0.04203	0.00208	0.00412	0.00844	0.05418	0.00659
5	0.00797	0.00582	0.00726	0.03025	0.00927	0.00546	0.00551	0.01029	0.04143	0.04194	0.28508	0.26252	0.21701	0.01318	0.00653	0.00192	0.00314	0.03495	0.00537	0.00509
6	0.01519	0.19541	0.10041	0.11244	0.05848	0.23280	0.01178	0.05952	0.03741	0.03383	0.01095	0.06044	0.00951	0.00627	0.00535	0.00157	0.03399	0.00467	0.00305	0.00693
7	0.01493	0.47079	0.09369	0.01170	0.01612	0.14991	0.05811	0.04100	0.01258	0.01474	0.04368	0.01127	0.00921	0.00536	0.00466	0.00137	0.02743	0.00378	0.00271	0.00696
8	0.00830	0.00578	0.00697	0.00667	0.00831	0.00513	0.00506	0.01032	0.01399	0.06735	0.39501	0.07906	0.32004	0.01226	0.00643	0.00181	0.00288	0.03383	0.00562	0.00517
9	0.01834	0.01084	0.01226	0.00982	0.01325	0.01129	0.00797	0.32613	0.06674	0.22085	0.04653	0.01766	0.01353	0.00679	0.00514	0.00158	0.00463	0.00537	0.19315	0.00813
10	0.01259	0.00908	0.03369	0.13532	0.04031	0.04792	0.00817	0.06559	0.01271	0.09536	0.01660	0.05196	0.01410	0.06572	0.02366	0.00202	0.00506	0.04982	0.30425	0.00607
11	0.00757	0.00546	0.00723	0.00812	0.00904	0.00518	0.00627	0.00921	0.01187	0.01562	0.11440	0.35281	0.11840	0.01539	0.00743	0.02464	0.00375	0.26786	0.00508	0.00468
12	0.00672	0.00481	0.00634	0.00747	0.00785	0.00449	0.00500	0.00773	0.01065	0.01421	0.06460	0.73194	0.05294	0.03788	0.00748	0.00226	0.00318	0.01495	0.00506	0.00444
13	0.06713	0.14472	0.08697	0.15768	0.20486	0.07554	0.09684	0.01617	0.01185	0.01619	0.01054	0.04039	0.00899	0.00559	0.00507	0.00163	0.00686	0.01433	0.02159	0.00708
14	0.01110	0.00690	0.00894	0.00793	0.00998	0.00662	0.03628	0.01457	0.07862	0.12867	0.28753	0.05628	0.11825	0.01094	0.04189	0.00200	0.00388	0.00810	0.15549	0.00602
15	0.10297	0.06090	0.01307	0.00929	0.01363	0.03772	0.00757	0.13045	0.08745	0.04019	0.01134	0.01218	0.00890	0.00502	0.00437	0.00120	0.00471	0.00379	0.00383	0.44142
16	0.01102	0.00977	0.01388	0.40504	0.02533	0.01014	0.01099	0.03812	0.03756	0.01641	0.01093	0.04051	0.00896	0.00539	0.00495	0.00143	0.00571	0.00462	0.00304	0.33622
17	0.01084	0.00768	0.01066	0.23976	0.01707	0.04705	0.00845	0.01105	0.00934	0.04085	0.01103	0.03941	0.01000	0.01297	0.01384	0.42789	0.02861	0.01392	0.03537	0.00422
18	0.01519	0.12385	0.19377	0.02146	0.01701	0.08836	0.03569	0.20285	0.03254	0.04932	0.04125	0.01445	0.01057	0.00683	0.00628	0.04299	0.03212	0.01390	0.04415	0.00742
19	0.00677	0.00490	0.00649	0.00762	0.00810	0.00462	0.00524	0.00786	0.01057	0.01401	0.03081	0.69268	0.07928	0.01790	0.04306	0.00251	0.00374	0.04440	0.00496	0.00448
20	0.31611	0.01465	0.01304	0.03406	0.01418	0.19917	0.00930	0.01629	0.01057	0.01748	0.00779	0.01037	0.00671	0.00665	0.00864	0.00182	0.26884	0.00375	0.00288	0.03770
21	0.00727	0.00543	0.00658	0.00651	0.00770	0.00493	0.00469	0.00909	0.01332	0.01794	0.42083	0.13614	0.23677	0.08826	0.00852	0.00215	0.00295	0.01080	0.00538	0.00474
22	0.03458	0.00565	0.00712	0.00748	0.00833	0.00558	0.00528	0.03171	0.01166	0.01627	0.19594	0.38815	0.05476	0.10234	0.08563	0.00303	0.00452	0.02241	0.00483	0.00472
23	0.05598	0.01116	0.01312	0.01024	0.01429	0.03173	0.00839	0.19910	0.04134	0.47923	0.01816	0.01655	0.01198	0.00654	0.00528	0.00164	0.00499	0.00514	0.03458	0.03058
24	0.01557	0.01192	0.01281	0.01102	0.01436	0.01343	0.00871	0.16240	0.54204	0.08199	0.02029	0.01887	0.01494	0.00715	0.00546	0.00177	0.00458	0.00584	0.03818	0.00866
25	0.10296	0.01278	0.01399	0.01100	0.01503	0.01369	0.00903	0.42564	0.08249	0.21130	0.01546	0.01479	0.01070	0.00651	0.00522	0.00166	0.00526	0.00496	0.02878	0.00877
26	0.01349	0.01295	0.02213	0.03346	0.77440	0.01295	0.01673	0.01673	0.01241	0.01781	0.01025	0.01349	0.00864	0.00486	0.00540	0.00162	0.00648	0.00486	0.00270	0.00864
27	0.84691	0.01054	0.00801	0.00717	0.01054	0.01223	0.00590	0.01603	0.00928	0.02446	0.00759	0.00886	0.00590	0.00506	0.00337	0.00169	0.00422	0.00295	0.00337	0.00590
28	0.00753	0.00503	0.00657	0.00755	0.00805	0.00475	0.00517	0.00859	0.01053	0.03532	0.02808	0.63542	0.03278	0.08715	0.00869	0.00245	0.00349	0.05946	0.03885	0.00453
29	0.00720	0.00556	0.00658	0.00644	0.00793	0.00494	0.00486	0.00923	0.01395	0.01847	0.42516	0.06383	0.35265	0.01255	0.00649	0.00181	0.00276	0.03912	0.00555	0.00490
30	0.02148	0.00991	0.01261	0.00991	0.01371	0.00947	0.00813	0.16602	0.01672	0.52451	0.01906	0.01784	0.01271	0.00964	0.07310	0.00227	0.00565	0.00538	0.05321	0.00866
31	0.84691	0.01054	0.00801	0.00717	0.01054	0.01223	0.00590	0.01603	0.00928	0.02446	0.00759	0.00886	0.00590	0.00506	0.00337	0.00169	0.00422	0.00295	0.00337	0.00590
32	0.01517	0.33739	0.03953	0.01050	0.01463	0.16892	0.00924	0.07140	0.03903	0.01620	0.00939	0.01066	0.00790	0.00515	0.00458	0.00125	0.02916	0.00349	0.02303	0.18339
33	0.00732	0.00505	0.00658	0.00750	0.00816	0.00465	0.00518	0.00849	0.01114	0.03922	0.07878	0.64877	0.09846	0.01604	0.00685	0.00214	0.00319	0.03264	0.00517	0.00466
34	0.01303	0.01183	0.04128	0.13576	0.13223	0.03661	0.04821	0.13357	0.15755	0.02042	0.06441	0.05752	0.01501	0.05018	0.00673	0.00192	0.00569	0.00616	0.05467	0.00724
35	0.00736	0.00533	0.00681	0.00719	0.00788	0.00533	0.00502	0.00834	0.00970	0.01286	0.02669	0.24692	0.15262	0.20999	0.21081	0.03293	0.00661	0.02936	0.00401	0.00425
36	0.01064	0.00999	0.04750	0.03427	0.03917	0.01054	0.03448	0.01671	0.23374	0.01748	0.06262	0.14028	0.03523	0.03732	0.05011	0.00247	0.12508	0.05837	0.02754	0.00645
37	0.01105	0.12308	0.21963	0.01106	0.01463	0.07135	0.01087	0.04893	0.03654	0.01612	0.01867	0.28474	0.01962	0.01028	0.00579	0.00187	0.00572	0.07993	0.00380	0.00633

[dist]
# distance from previous block
# <min> <max>
2	4

[block]
# block no. 3 follows, 44 sequences, length 7
# corresponding to MSA columns:
# 615-621
name=unknown_D
#
# <colnr> <probs for GDERKNQSTAVLIFYWHMCP>
#	G	D	E	R	K	N	Q	S	T	A	V	L	I	F	Y	W	H	M	C	P
0	0.01335	0.16692	0.10803	0.10991	0.04698	0.04877	0.09015	0.07898	0.18013	0.01814	0.01369	0.05423	0.01137	0.02903	0.00585	0.00177	0.00635	0.00541	0.00355	0.00739
1	0.00975	0.00796	0.01070	0.10803	0.08973	0.00849	0.00822	0.03272	0.09387	0.01769	0.18066	0.05836	0.14391	0.04636	0.03275	0.02378	0.03903	0.03429	0.04786	0.00585
2	0.00697	0.00541	0.00634	0.00639	0.00776	0.00478	0.00469	0.00874	0.01325	0.01735	0.32831	0.17515	0.36863	0.01333	0.00653	0.00186	0.00276	0.01154	0.00543	0.00478
3	0.01583	0.41052	0.05425	0.01227	0.01624	0.26514	0.06393	0.01788	0.01260	0.01367	0.00909	0.01200	0.00814	0.00558	0.00486	0.00141	0.03227	0.03497	0.00263	0.00673
4	0.01066	0.00588	0.00626	0.00599	0.00745	0.00610	0.00459	0.06499	0.01216	0.02051	0.01712	0.01993	0.01360	0.00998	0.08592	0.00208	0.00405	0.00515	0.69220	0.00536
5	0.01526	0.10031	0.07818	0.05446	0.04045	0.12814	0.05871	0.14388	0.14206	0.05311	0.01347	0.03216	0.01081	0.02840	0.05255	0.00217	0.02948	0.00511	0.00383	0.00746
6	0.03325	0.08779	0.03932	0.01314	0.07841	0.06313	0.09837	0.15342	0.04221	0.06188	0.04880	0.08592	0.04459	0.00728	0.00529	0.00163	0.00556	0.00624	0.11670	0.00709

[dist]
# distance from previous block
# <min> <max>
3	5

[block]
# block no. 4 follows, 44 sequences, length 11
# corresponding to MSA columns:
# 646-656
name=unknown_E
#
# <colnr> <probs for GDERKNQSTAVLIFYWHMCP>
#	G	D	E	R	K	N	Q	S	T	A	V	L	I	F	Y	W	H	M	C	P
0	0.01246	0.00899	0.01347	0.01130	0.01404	0.00861	0.13386	0.08009	0.06639	0.12570	0.07079	0.28849	0.02313	0.01043	0.00621	0.00188	0.00484	0.04572	0.00490	0.06868
1	0.00707	0.00548	0.00644	0.00634	0.00778	0.00485	0.00470	0.00898	0.01370	0.01807	0.39579	0.11065	0.36493	0.01281	0.00648	0.00181	0.00270	0.01106	0.00551	0.00485
2	0.01253	0.01044	0.01195	0.00874	0.01345	0.00869	0.00702	0.10291	0.04612	0.01996	0.01064	0.01191	0.00859	0.00448	0.00427	0.00095	0.00428	0.00356	0.00360	0.70588
3	0.03481	0.05037	0.01751	0.01368	0.04138	0.09484	0.12323	0.25530	0.08201	0.06309	0.03954	0.03791	0.02994	0.00661	0.00578	0.00163	0.02908	0.00551	0.00432	0.06343
4	0.01395	0.24221	0.06970	0.04070	0.01597	0.20865	0.04743	0.01603	0.01210	0.01414	0.04600	0.04255	0.02947	0.03300	0.00737	0.00175	0.11119	0.03852	0.00296	0.00631
5	0.00891	0.00706	0.00876	0.00869	0.04953	0.00689	0.00611	0.04518	0.04275	0.01923	0.38353	0.03696	0.19966	0.07435	0.00839	0.00201	0.03719	0.00894	0.00509	0.04077
6	0.07462	0.10338	0.16430	0.03721	0.05783	0.07668	0.07968	0.10772	0.05127	0.04950	0.05133	0.01438	0.01089	0.00646	0.01584	0.00174	0.04237	0.00476	0.04270	0.00735
7	0.29607	0.07446	0.03662	0.01324	0.11355	0.05906	0.00975	0.09787	0.01255	0.09245	0.01055	0.03403	0.00856	0.00631	0.00627	0.00173	0.11193	0.00432	0.00360	0.00709
8	0.00716	0.00552	0.00629	0.00640	0.00786	0.00491	0.00483	0.00887	0.01276	0.01648	0.21011	0.10440	0.42855	0.04379	0.00730	0.00201	0.00305	0.07927	0.03572	0.00472
9	0.01283	0.08613	0.07955	0.07572	0.10314	0.01255	0.07200	0.15180	0.09962	0.02017	0.05848	0.04192	0.09475	0.00840	0.02393	0.00190	0.00594	0.03987	0.00404	0.00727
10	0.05389	0.07762	0.03931	0.13913	0.09199	0.23983	0.04875	0.11932	0.01443	0.01776	0.02742	0.01340	0.02701	0.00607	0.00599	0.00163	0.06177	0.00455	0.00317	0.00695

[dist]
# distance from previous block
# <min> <max>
0	4

[block]
# block no. 5 follows, 44 sequences, length 20
# corresponding to MSA columns:
# 661-671,673-681
name=unknown_F
#
# <colnr> <probs for GDERKNQSTAVLIFYWHMCP>
#	G	D	E	R	K	N	Q	S	T	A	V	L	I	F	Y	W	H	M	C	P
0	0.00707	0.00544	0.00665	0.00742	0.03142	0.00494	0.00495	0.00839	0.01168	0.01518	0.14754	0.33551	0.28671	0.09109	0.00866	0.00229	0.00325	0.01223	0.00496	0.00462
1	0.01093	0.01404	0.19905	0.15348	0.05891	0.01091	0.08887	0.01561	0.07311	0.04407	0.07992	0.02125	0.10166	0.00919	0.05163	0.00221	0.04866	0.00619	0.00348	0.00681
2	0.01603	0.01250	0.01391	0.01145	0.01491	0.01383	0.03205	0.36951	0.27919	0.02722	0.03756	0.06085	0.04201	0.00772	0.00560	0.00174	0.00504	0.00633	0.03425	0.00831
3	0.01519	0.15274	0.06507	0.08604	0.06209	0.09824	0.01101	0.12754	0.11602	0.06394	0.01281	0.04772	0.01047	0.00656	0.00605	0.00164	0.06928	0.00494	0.00373	0.03890
4	0.02446	0.00928	0.01265	0.00970	0.01392	0.00801	0.00801	0.02657	0.01560	0.77817	0.02151	0.01856	0.01350	0.00675	0.00548	0.00169	0.00464	0.00548	0.00675	0.00928
5	0.01397	0.05311	0.07062	0.11600	0.39091	0.06398	0.04410	0.09694	0.01350	0.01819	0.01040	0.01373	0.00857	0.03277	0.00643	0.00177	0.02945	0.00479	0.00294	0.00782
6	0.00865	0.00603	0.00727	0.00709	0.00753	0.00629	0.00465	0.04620	0.00974	0.01322	0.07484	0.09649	0.02202	0.51542	0.07522	0.03574	0.03268	0.02318	0.00370	0.00404
7	0.00731	0.00552	0.00677	0.00671	0.00807	0.00498	0.00504	0.00938	0.01395	0.01877	0.45645	0.11399	0.25828	0.01266	0.00654	0.00184	0.00281	0.05041	0.00559	0.00492
8	0.00663	0.00478	0.00629	0.00749	0.00788	0.00444	0.00501	0.00760	0.01054	0.01396	0.03132	0.76686	0.07322	0.01691	0.00693	0.00220	0.00314	0.01530	0.00506	0.00444
9	0.00699	0.00546	0.00634	0.00630	0.00775	0.00481	0.00466	0.00882	0.01346	0.01759	0.34903	0.12888	0.39430	0.01306	0.00649	0.00183	0.00273	0.01126	0.00545	0.00481
10	0.00737	0.00550	0.00685	0.00664	0.00797	0.00498	0.00493	0.00958	0.01443	0.01979	0.56785	0.10128	0.19843	0.01214	0.00647	0.00178	0.00266	0.01063	0.00574	0.00498
11	0.01093	0.02820	0.78016	0.01554	0.02360	0.01266	0.02014	0.01727	0.01151	0.01727	0.00978	0.01151	0.00691	0.00518	0.00518	0.00173	0.00806	0.00403	0.00230	0.00806
12	0.01349	0.01295	0.02213	0.03346	0.77440	0.01295	0.01673	0.01673	0.01241	0.01781	0.01025	0.01349	0.00864	0.00486	0.00540	0.00162	0.00648	0.00486	0.00270	0.00864
13	0.01407	0.70381	0.13205	0.01018	0.01531	0.02034	0.01082	0.01645	0.01114	0.01344	0.00788	0.00913	0.00698	0.00474	0.00373	0.00124	0.00614	0.00307	0.00233	0.00714
14	0.02243	0.01035	0.01305	0.01024	0.01431	0.00988	0.00838	0.11397	0.12534	0.57996	0.02060	0.01816	0.01345	0.00682	0.00549	0.00170	0.00475	0.00551	0.00642	0.00918
15	0.01140	0.00893	0.00987	0.00888	0.01134	0.00948	0.00688	0.06363	0.33741	0.05013	0.24020	0.03167	0.16851	0.00959	0.00596	0.00179	0.00364	0.00812	0.00562	0.00694
16	0.00792	0.00532	0.00611	0.00611	0.00617	0.00537	0.00351	0.00803	0.00798	0.01069	0.01703	0.03485	0.01946	0.76392	0.07174	0.00549	0.00583	0.00781	0.00328	0.00339
17	0.01303	0.01515	0.06216	0.04483	0.06704	0.03024	0.58504	0.03475	0.01282	0.01743	0.01066	0.01419	0.00814	0.00501	0.00690	0.00184	0.05462	0.00600	0.00277	0.00736
18	0.01180	0.01156	0.04417	0.44164	0.25430	0.01258	0.01504	0.04765	0.03996	0.01641	0.01088	0.03213	0.00875	0.00574	0.00575	0.00177	0.02486	0.00511	0.00281	0.00709
19	0.00671	0.00490	0.00633	0.00739	0.00794	0.00452	0.00505	0.00781	0.01090	0.01437	0.06138	0.67335	0.11930	0.01644	0.00689	0.00216	0.00314	0.03184	0.00510	0.00449

[dist]
# distance from previous block
# <min> <max>
0	1

[block]
# block no. 6 follows, 44 sequences, length 8
# corresponding to MSA columns:
# 683-690
name=unknown_G
#
# <colnr> <probs for GDERKNQSTAVLIFYWHMCP>
#	G	D	E	R	K	N	Q	S	T	A	V	L	I	F	Y	W	H	M	C	P
0	0.00783	0.00528	0.00665	0.00721	0.00819	0.00476	0.00506	0.00911	0.01168	0.06317	0.10789	0.51961	0.19298	0.01515	0.00670	0.00205	0.00311	0.01346	0.00526	0.00484
1	0.05156	0.35527	0.15810	0.05130	0.04051	0.07041	0.03231	0.07192	0.01273	0.06594	0.00961	0.01099	0.00763	0.00534	0.00493	0.00148	0.03583	0.00379	0.00295	0.00738
2	0.01347	0.28709	0.19457	0.09499	0.02075	0.05979	0.10639	0.04896	0.04514	0.01594	0.00963	0.01168	0.00770	0.00542	0.00561	0.00159	0.05716	0.00419	0.00269	0.00725
3	0.18413	0.16682	0.06267	0.04535	0.12691	0.21462	0.01108	0.05978	0.01275	0.01759	0.00870	0.01054	0.00717	0.00543	0.00512	0.00155	0.04624	0.00371	0.00290	0.00694
4	0.00917	0.00560	0.00656	0.00646	0.00755	0.00521	0.00445	0.01041	0.01121	0.08204	0.11681	0.16046	0.16622	0.25932	0.01271	0.00287	0.00372	0.00946	0.11506	0.00471
5	0.01192	0.00879	0.03032	0.04330	0.01284	0.00861	0.05432	0.06599	0.06816	0.08913	0.05057	0.14120	0.01833	0.10346	0.00881	0.00215	0.04875	0.02706	0.14254	0.06374
6	0.08499	0.06091	0.22778	0.05542	0.07950	0.05739	0.04495	0.12038	0.07660	0.08862	0.01313	0.01411	0.02793	0.00593	0.00534	0.00168	0.01915	0.00469	0.00366	0.00784
7	0.01266	0.01238	0.06953	0.15949	0.25405	0.03003	0.03423	0.06589	0.07863	0.04173	0.01408	0.01804	0.03793	0.08347	0.04155	0.00237	0.02786	0.00552	0.00333	0.00722

[dist]
# distance from previous block
# <min> <max>
1	6

[block]
# block no. 7 follows, 44 sequences, length 26
# corresponding to MSA columns:
# 697-722
name=unknown_H
#
# <colnr> <probs for GDERKNQSTAVLIFYWHMCP>
#	G	D	E	R	K	N	Q	S	T	A	V	L	I	F	Y	W	H	M	C	P
0	0.01286	0.06787	0.02997	0.06996	0.13362	0.02513	0.00983	0.07779	0.04160	0.01848	0.01028	0.01220	0.00838	0.00490	0.00503	0.00123	0.03373	0.00391	0.00325	0.42999
1	0.00978	0.00612	0.00646	0.00640	0.00767	0.01841	0.00471	0.05162	0.01213	0.01881	0.04846	0.16211	0.09407	0.04099	0.00605	0.00171	0.01895	0.00778	0.47265	0.00512
2	0.00651	0.00544	0.00568	0.00581	0.00745	0.00460	0.00428	0.00789	0.01232	0.01491	0.07996	0.13666	0.66163	0.01407	0.00650	0.00188	0.00280	0.01189	0.00510	0.00460
3	0.00725	0.00531	0.00691	0.00781	0.00867	0.00497	0.00583	0.00881	0.01179	0.01552	0.11924	0.43905	0.13538	0.01547	0.00696	0.00218	0.00348	0.18555	0.00516	0.00467
4	0.00681	0.00547	0.00607	0.00606	0.00762	0.00474	0.00449	0.00848	0.01309	0.01662	0.24926	0.10992	0.51555	0.01334	0.00648	0.00184	0.00274	0.01138	0.00532	0.00474
5	0.01356	0.01171	0.01233	0.01109	0.01418	0.01356	0.00863	0.02897	0.76455	0.02281	0.02219	0.02034	0.01664	0.00740	0.00555	0.00185	0.00431	0.00616	0.00555	0.00863
6	0.67610	0.01048	0.00910	0.00779	0.01134	0.01165	0.00642	0.04206	0.01092	0.15658	0.01020	0.01069	0.00734	0.00540	0.00381	0.00169	0.00435	0.00346	0.00403	0.00660
7	0.01320	0.01266	0.02160	0.10274	0.70739	0.01288	0.01659	0.01648	0.01228	0.01746	0.01020	0.01359	0.00851	0.00491	0.00540	0.00164	0.00655	0.00486	0.00267	0.00840
8	0.84691	0.01054	0.00801	0.00717	0.01054	0.01223	0.00590	0.01603	0.00928	0.02446	0.00759	0.00886	0.00590	0.00506	0.00337	0.00169	0.00422	0.00295	0.00337	0.00590
9	0.00835	0.00659	0.00804	0.00785	0.00883	0.04255	0.00578	0.01005	0.01082	0.01484	0.22171	0.02974	0.04473	0.18096	0.36860	0.00564	0.00897	0.00738	0.00388	0.00470
10	0.01130	0.00969	0.01130	0.00807	0.01292	0.00727	0.00646	0.01373	0.01130	0.01776	0.00969	0.01130	0.00807	0.00404	0.00404	0.00081	0.00404	0.00323	0.00323	0.84173
11	0.01458	0.81168	0.02857	0.00933	0.01399	0.02157	0.00933	0.01632	0.01108	0.01283	0.00758	0.00875	0.00700	0.00466	0.00350	0.00117	0.00583	0.00292	0.00233	0.00700
12	0.00792	0.00544	0.00701	0.00715	0.00826	0.00505	0.00524	0.00986	0.01320	0.04099	0.38486	0.27468	0.10232	0.01390	0.03020	0.00210	0.00328	0.03504	0.03853	0.00499
13	0.07465	0.01810	0.01302	0.01136	0.01439	0.41029	0.00876	0.10280	0.03051	0.08903	0.01182	0.01277	0.00907	0.00586	0.00474	0.00144	0.00710	0.00409	0.12676	0.04347
14	0.01422	0.01204	0.01270	0.01123	0.01443	0.01387	0.00879	0.09601	0.69643	0.02387	0.02135	0.01967	0.01596	0.00732	0.00554	0.00183	0.00447	0.00605	0.00554	0.00869
15	0.01030	0.00969	0.01635	0.79530	0.03755	0.01211	0.01514	0.01393	0.01090	0.01393	0.00969	0.01453	0.00727	0.00545	0.00545	0.00182	0.00727	0.00484	0.00242	0.00606
16	0.00951	0.00731	0.01182	0.08045	0.01435	0.00732	0.10651	0.01142	0.01145	0.05844	0.05355	0.35382	0.04214	0.01299	0.00777	0.04146	0.03171	0.12822	0.00443	0.00532
17	0.00710	0.00509	0.00657	0.00757	0.00809	0.00482	0.00529	0.00818	0.01055	0.01388	0.03003	0.54234	0.08737	0.12101	0.00975	0.00263	0.00368	0.11686	0.00482	0.00438
18	0.00728	0.00530	0.00685	0.00699	0.00801	0.00488	0.00504	0.00924	0.01361	0.01880	0.48158	0.28600	0.09962	0.01324	0.00660	0.00188	0.00277	0.01178	0.00563	0.00488
19	0.01299	0.01208	0.01781	0.31396	0.22386	0.05693	0.03894	0.07009	0.01247	0.03382	0.01039	0.01404	0.00829	0.00707	0.03322	0.00201	0.09852	0.00488	0.02161	0.00703
20	0.01157	0.01050	0.01748	0.16735	0.40568	0.01076	0.04309	0.01447	0.01202	0.03442	0.01736	0.10413	0.07938	0.00756	0.00581	0.00179	0.00594	0.04023	0.00331	0.00715
21	0.00671	0.00496	0.00621	0.00709	0.00774	0.00453	0.00482	0.00779	0.01098	0.01436	0.07348	0.58990	0.17689	0.04786	0.00767	0.00224	0.00314	0.01413	0.00504	0.00445
22	0.01178	0.00757	0.02974	0.00830	0.00968	0.00737	0.00629	0.12728	0.04145	0.04367	0.07410	0.01927	0.03622	0.01448	0.01490	0.49962	0.00469	0.00546	0.03362	0.00450
23	0.01394	0.38456	0.11678	0.04344	0.04383	0.06936	0.04244	0.04174	0.03694	0.03625	0.05397	0.01372	0.02762	0.00582	0.00502	0.00147	0.03509	0.00433	0.01662	0.00708
24	0.01192	0.03230	0.18431	0.03274	0.11673	0.01193	0.02910	0.04191	0.15847	0.03055	0.02808	0.04622	0.03710	0.04076	0.03204	0.03447	0.09304	0.00577	0.02547	0.00711
25	0.00976	0.00737	0.00874	0.00868	0.00954	0.03798	0.00627	0.01186	0.06419	0.05984	0.06482	0.35124	0.02585	0.15664	0.02951	0.00281	0.09445	0.02552	0.01979	0.00514

[dist]
# distance from previous block
# <min> <max>
0	2

[block]
# block no. 8 follows, 44 sequences, length 31
# corresponding to MSA columns:
# 725-755
name=unknown_I
#
# <colnr> <probs for GDERKNQSTAVLIFYWHMCP>
#	G	D	E	R	K	N	Q	S	T	A	V	L	I	F	Y	W	H	M	C	P
0	0.02932	0.03631	0.06741	0.14778	0.08425	0.03901	0.18463	0.04783	0.01167	0.01625	0.01128	0.07929	0.01010	0.00714	0.00853	0.00191	0.19070	0.00590	0.01399	0.00670
1	0.00830	0.00560	0.00679	0.00704	0.00836	0.00502	0.00506	0.00991	0.02494	0.07905	0.11841	0.38497	0.28773	0.01429	0.00658	0.00198	0.00310	0.01252	0.00531	0.00504
2	0.01191	0.00995	0.01242	0.03529	0.07735	0.00792	0.00765	0.01442	0.01153	0.04365	0.01014	0.01184	0.00828	0.00424	0.00425	0.00094	0.00436	0.00349	0.00328	0.71710
3	0.01001	0.00628	0.00760	0.00712	0.00897	0.00568	0.00548	0.01216	0.03022	0.13052	0.26075	0.04257	0.29366	0.07830	0.00816	0.00213	0.00344	0.07602	0.00546	0.00548
4	0.00754	0.00532	0.00698	0.00737	0.00779	0.00553	0.00500	0.00846	0.00901	0.01230	0.02035	0.25171	0.02285	0.33008	0.25219	0.00540	0.00751	0.02675	0.00373	0.00414
5	0.10047	0.00851	0.01030	0.00860	0.01180	0.00807	0.00695	0.02070	0.08503	0.40244	0.10958	0.02555	0.10220	0.00818	0.00549	0.00173	0.00404	0.03064	0.04217	0.00757
6	0.00672	0.00483	0.00637	0.00748	0.00791	0.00449	0.00504	0.00780	0.01086	0.01452	0.08525	0.72663	0.05880	0.01655	0.00690	0.00217	0.00311	0.01497	0.00513	0.00449
7	0.01003	0.00652	0.00835	0.00787	0.00955	0.00629	0.00614	0.01354	0.07730	0.09358	0.49159	0.03924	0.04024	0.03536	0.00702	0.00194	0.00335	0.11241	0.02394	0.00576
8	0.01458	0.81168	0.02857	0.00933	0.01399	0.02157	0.00933	0.01632	0.01108	0.01283	0.00758	0.00875	0.00700	0.00466	0.00350	0.00117	0.00583	0.00292	0.00233	0.00700
9	0.04875	0.00907	0.01207	0.00935	0.01337	0.00797	0.00770	0.02543	0.01517	0.71070	0.02086	0.01836	0.01329	0.00667	0.00532	0.00166	0.00450	0.00538	0.05543	0.00893
10	0.01497	0.75835	0.02768	0.00965	0.01419	0.07349	0.00941	0.01669	0.01137	0.01286	0.00764	0.00882	0.00700	0.00473	0.00359	0.00118	0.00610	0.00296	0.00236	0.00695
11	0.01240	0.00966	0.01142	0.00821	0.01300	0.00733	0.00659	0.01480	0.01166	0.08128	0.01068	0.01191	0.00853	0.00426	0.00416	0.00088	0.00409	0.00342	0.00352	0.77219
12	0.01024	0.00907	0.01250	0.01119	0.01151	0.01193	0.00894	0.01153	0.00859	0.01310	0.01107	0.01814	0.01096	0.12995	0.20642	0.00428	0.44429	0.00550	0.05552	0.00526
13	0.84691	0.01054	0.00801	0.00717	0.01054	0.01223	0.00590	0.01603	0.00928	0.02446	0.00759	0.00886	0.00590	0.00506	0.00337	0.00169	0.00422	0.00295	0.00337	0.00590
14	0.00794	0.00567	0.00644	0.00634	0.00790	0.00500	0.00464	0.00938	0.01230	0.06343	0.14051	0.13341	0.45607	0.08125	0.03306	0.00237	0.00349	0.01089	0.00508	0.00485
15	0.01202	0.09889	0.58429	0.01459	0.02125	0.01397	0.01764	0.04227	0.01170	0.03392	0.00967	0.01151	0.00717	0.00568	0.00641	0.00174	0.09288	0.00407	0.00252	0.00780
16	0.00644	0.00552	0.00552	0.00552	0.00736	0.00460	0.00414	0.00782	0.01243	0.01473	0.05523	0.05247	0.77218	0.01381	0.00644	0.00184	0.00276	0.01151	0.00506	0.00460
17	0.00961	0.00618	0.00856	0.00938	0.01066	0.00606	0.00777	0.01169	0.01210	0.07918	0.02751	0.20058	0.02965	0.03357	0.04666	0.00276	0.00511	0.48271	0.00503	0.00521
18	0.08172	0.00720	0.00768	0.00712	0.00897	0.00744	0.00540	0.11901	0.01323	0.06876	0.01879	0.16683	0.01698	0.03773	0.00559	0.00171	0.00353	0.00697	0.40953	0.00582
19	0.00793	0.00634	0.00742	0.03049	0.00938	0.00605	0.00543	0.01146	0.09530	0.01895	0.38907	0.04229	0.32644	0.01160	0.00631	0.00178	0.00298	0.00995	0.00548	0.00534
20	0.00780	0.00581	0.00858	0.00858	0.00950	0.00672	0.00659	0.00962	0.00871	0.01252	0.01477	0.02232	0.01402	0.08942	0.73881	0.00854	0.01401	0.00597	0.00294	0.00477
21	0.01269	0.01178	0.01944	0.36270	0.36776	0.01294	0.03818	0.07731	0.01287	0.01749	0.01027	0.01395	0.00808	0.00525	0.00546	0.00171	0.00686	0.00490	0.00281	0.00753
22	0.00816	0.00567	0.00713	0.00705	0.00744	0.00614	0.00472	0.00897	0.00842	0.01192	0.01607	0.02946	0.01709	0.49192	0.26173	0.00601	0.03513	0.00699	0.05597	0.00399
23	0.84691	0.01054	0.00801	0.00717	0.01054	0.01223	0.00590	0.01603	0.00928	0.02446	0.00759	0.00886	0.00590	0.00506	0.00337	0.00169	0.00422	0.00295	0.00337	0.00590
24	0.01992	0.01487	0.01591	0.01238	0.01660	0.01653	0.01017	0.67446	0.10870	0.03306	0.01411	0.01390	0.01010	0.00664	0.00546	0.00166	0.00581	0.00505	0.00546	0.00920
25	0.06376	0.00859	0.01267	0.09062	0.16939	0.00876	0.03486	0.04821	0.01273	0.06348	0.11911	0.25416	0.02390	0.01022	0.00605	0.00190	0.00478	0.05613	0.00438	0.00629
26	0.01987	0.01334	0.01464	0.01295	0.07610	0.09130	0.00965	0.29912	0.05246	0.26158	0.07877	0.01713	0.01416	0.00680	0.00549	0.00164	0.00564	0.00541	0.00542	0.00855
27	0.01004	0.00903	0.01327	0.01245	0.02947	0.06058	0.14390	0.01246	0.01203	0.01578	0.02253	0.21266	0.02406	0.01307	0.03286	0.00237	0.02861	0.29792	0.04141	0.00550
28	0.01877	0.01298	0.04086	0.01149	0.01553	0.01301	0.03212	0.43737	0.02030	0.16897	0.05389	0.01598	0.01233	0.00801	0.02856	0.03030	0.00578	0.00524	0.02293	0.04559
29	0.06697	0.05232	0.01169	0.07172	0.01258	0.02685	0.03201	0.03282	0.00977	0.01435	0.01333	0.05569	0.01337	0.23169	0.13154	0.01940	0.13680	0.00610	0.05589	0.00509
30	0.01287	0.11439	0.31843	0.01237	0.01736	0.02992	0.05501	0.04157	0.01225	0.11371	0.01541	0.09774	0.03808	0.03655	0.05841	0.00230	0.00704	0.00594	0.00348	0.00717

[dist]
# distance from previous block
# <min> <max>
2	8

[block]
# block no. 9 follows, 44 sequences, length 13
# corresponding to MSA columns:
# 765-777
name=unknown_J
#
# <colnr> <probs for GDERKNQSTAVLIFYWHMCP>
#	G	D	E	R	K	N	Q	S	T	A	V	L	I	F	Y	W	H	M	C	P
0	0.01817	0.01427	0.04938	0.01347	0.03556	0.04907	0.08573	0.34518	0.09174	0.14300	0.03387	0.01589	0.01161	0.02883	0.00666	0.00181	0.03708	0.00538	0.00490	0.00841
1	0.00767	0.00555	0.00680	0.00718	0.00847	0.00502	0.00542	0.00935	0.01255	0.04054	0.17573	0.26176	0.29446	0.01420	0.00672	0.00202	0.00324	0.12318	0.00528	0.00487
2	0.01056	0.00975	0.01679	0.42015	0.15319	0.01087	0.08799	0.01379	0.01139	0.01534	0.01366	0.11597	0.01254	0.00717	0.00574	0.00184	0.00649	0.03649	0.04396	0.00632
3	0.00911	0.00476	0.00697	0.00709	0.00712	0.00473	0.00470	0.00719	0.00747	0.00997	0.01190	0.09578	0.01263	0.05851	0.02021	0.71598	0.00461	0.00596	0.00268	0.00262
4	0.00669	0.00492	0.00629	0.00735	0.00794	0.00452	0.00505	0.00776	0.01083	0.01413	0.03399	0.65956	0.15248	0.01649	0.00690	0.00217	0.00316	0.04025	0.00506	0.00448
5	0.84691	0.01054	0.00801	0.00717	0.01054	0.01223	0.00590	0.01603	0.00928	0.02446	0.00759	0.00886	0.00590	0.00506	0.00337	0.00169	0.00422	0.00295	0.00337	0.00590
6	0.00861	0.00557	0.00690	0.00705	0.00831	0.00500	0.00504	0.01003	0.01224	0.09125	0.16731	0.35694	0.22744	0.05296	0.00760	0.00213	0.00320	0.01209	0.00531	0.00503
7	0.00913	0.00796	0.01195	0.13654	0.01519	0.00942	0.04605	0.01060	0.00972	0.01342	0.01772	0.31823	0.01971	0.08656	0.03473	0.02750	0.20767	0.00929	0.00353	0.00508
8	0.01108	0.00972	0.01276	0.00937	0.01388	0.00776	0.06784	0.01364	0.01118	0.01723	0.01029	0.01259	0.00864	0.00774	0.08194	0.00168	0.00551	0.00375	0.00316	0.69024
9	0.01885	0.01613	0.06988	0.01417	0.03737	0.05762	0.08487	0.49691	0.06347	0.06578	0.01326	0.01365	0.00949	0.00622	0.00551	0.00166	0.00652	0.00502	0.00482	0.00878
10	0.01350	0.56543	0.21692	0.01120	0.01643	0.01903	0.01221	0.01636	0.01102	0.01396	0.00811	0.00964	0.00698	0.00509	0.00481	0.00138	0.05509	0.00331	0.00233	0.00720
11	0.00728	0.00567	0.00664	0.00698	0.00821	0.00526	0.00506	0.00958	0.05832	0.01604	0.15684	0.30859	0.30756	0.03466	0.00716	0.00207	0.00312	0.04091	0.00519	0.00486
12	0.01228	0.03894	0.20323	0.04777	0.06825	0.04190	0.08694	0.08632	0.05802	0.03492	0.06304	0.04155	0.05810	0.00843	0.02588	0.00195	0.00653	0.07847	0.00375	0.03375

[dist]
# distance from previous block
# <min> <max>
6	11

[block]
# block no. 10 follows, 44 sequences, length 20
# corresponding to MSA columns:
# 791-810
name=unknown_K
#
# <colnr> <probs for GDERKNQSTAVLIFYWHMCP>
#	G	D	E	R	K	N	Q	S	T	A	V	L	I	F	Y	W	H	M	C	P
0	0.00949	0.00890	0.07487	0.00959	0.02853	0.00712	0.05487	0.04864	0.01359	0.05392	0.16669	0.09921	0.29312	0.01152	0.00638	0.00189	0.00422	0.09680	0.00489	0.00575
1	0.01227	0.01005	0.01288	0.02992	0.09641	0.00855	0.02146	0.04460	0.03834	0.05446	0.05745	0.01530	0.03259	0.00521	0.00465	0.00113	0.00447	0.00440	0.00369	0.54216
2	0.00762	0.00550	0.00694	0.00775	0.00841	0.00530	0.00534	0.05225	0.01137	0.01506	0.02964	0.64229	0.07517	0.06458	0.00813	0.00236	0.00350	0.03913	0.00498	0.00468
3	0.01537	0.01283	0.01390	0.04144	0.05879	0.04477	0.00967	0.18517	0.46476	0.04223	0.03926	0.01826	0.01474	0.00701	0.00551	0.00176	0.00509	0.00575	0.00518	0.00850
4	0.01452	0.14462	0.11765	0.03791	0.18277	0.01311	0.09162	0.04384	0.05765	0.11910	0.03444	0.01427	0.01042	0.00542	0.00509	0.00153	0.00614	0.00475	0.00354	0.09163
5	0.08599	0.01013	0.01340	0.15289	0.12967	0.04851	0.03811	0.05311	0.01264	0.08649	0.01936	0.08125	0.09469	0.03074	0.00647	0.00191	0.02053	0.07031	0.03733	0.00646
6	0.01408	0.69083	0.09819	0.01021	0.01491	0.02045	0.01049	0.01622	0.01096	0.01326	0.00776	0.00919	0.00700	0.00500	0.00451	0.00129	0.05315	0.00313	0.00233	0.00703
7	0.05873	0.01242	0.07383	0.06207	0.09467	0.07470	0.15369	0.03568	0.01227	0.01675	0.06067	0.12505	0.08902	0.03243	0.04705	0.00227	0.03152	0.00737	0.00354	0.00628
8	0.01420	0.04044	0.01826	0.19900	0.26050	0.07154	0.04648	0.12874	0.03584	0.03949	0.04808	0.01705	0.01163	0.00617	0.00551	0.00170	0.00658	0.03776	0.00350	0.00754
9	0.01203	0.01120	0.01873	0.13347	0.54582	0.01150	0.01449	0.01497	0.01198	0.01682	0.04616	0.07240	0.01289	0.04633	0.00668	0.00188	0.00611	0.00599	0.00301	0.00756
10	0.01079	0.00644	0.00778	0.00761	0.00939	0.00596	0.00562	0.01334	0.07402	0.16511	0.03442	0.34156	0.23872	0.01291	0.00628	0.00194	0.00341	0.01123	0.03768	0.00580
11	0.03396	0.08426	0.10152	0.17190	0.06102	0.10550	0.10636	0.05213	0.06237	0.08074	0.01300	0.02775	0.02192	0.00620	0.00569	0.00171	0.02778	0.02558	0.00339	0.00719
12	0.04521	0.08007	0.05969	0.04491	0.08598	0.08654	0.08054	0.21445	0.03597	0.10651	0.01222	0.01366	0.00921	0.00796	0.05032	0.00206	0.04817	0.00478	0.00394	0.00783
13	0.00764	0.00531	0.00689	0.00776	0.00863	0.00493	0.00568	0.00902	0.01146	0.04098	0.06217	0.51085	0.14067	0.01567	0.00691	0.00217	0.00346	0.13988	0.00515	0.00475
14	0.00898	0.00806	0.05255	0.03872	0.03969	0.00711	0.06722	0.01178	0.05672	0.03776	0.02533	0.44848	0.04174	0.03024	0.00708	0.00218	0.00456	0.10169	0.00458	0.00552
15	0.03840	0.07101	0.05589	0.09372	0.18290	0.11049	0.04609	0.04471	0.06573	0.10340	0.05691	0.01514	0.01155	0.00623	0.00633	0.00169	0.07377	0.00498	0.00359	0.00747
16	0.04821	0.01015	0.01547	0.60035	0.08416	0.04134	0.01375	0.01399	0.01100	0.01460	0.01094	0.05924	0.00918	0.00748	0.03669	0.00208	0.00723	0.00536	0.00267	0.00610
17	0.01329	0.01202	0.01304	0.01088	0.05003	0.08297	0.00827	0.10154	0.01330	0.01891	0.01079	0.01403	0.00925	0.00544	0.00544	0.00119	0.05757	0.04041	0.00346	0.52818
18	0.00888	0.05223	0.01010	0.00953	0.04776	0.00773	0.00692	0.02787	0.00968	0.01365	0.01618	0.05687	0.04318	0.06854	0.49958	0.05620	0.01091	0.00625	0.04290	0.00504
19	0.00898	0.00726	0.00869	0.00835	0.01001	0.04493	0.03944	0.01131	0.04039	0.04580	0.18345	0.20027	0.23766	0.02559	0.02438	0.00214	0.00412	0.08695	0.00504	0.00524

[dist]
# distance from previous block
# <min> <max>
2	6

[block]
# block no. 11 follows, 44 sequences, length 10
# corresponding to MSA columns:
# 817-826
name=unknown_L
#
# <colnr> <probs for GDERKNQSTAVLIFYWHMCP>
#	G	D	E	R	K	N	Q	S	T	A	V	L	I	F	Y	W	H	M	C	P
0	0.09796	0.10844	0.06331	0.04249	0.04342	0.05548	0.07513	0.07507	0.03206	0.08438	0.01432	0.09647	0.02569	0.04386	0.00662	0.00181	0.03568	0.01501	0.00372	0.07906
1	0.00799	0.00506	0.00676	0.00715	0.00768	0.00486	0.00498	0.00787	0.00956	0.01252	0.05203	0.23359	0.13965	0.06459	0.04590	0.32580	0.00439	0.05209	0.00386	0.00367
2	0.01288	0.01276	0.09269	0.15254	0.25727	0.01189	0.05007	0.10340	0.01339	0.04803	0.01427	0.04976	0.03988	0.00821	0.04162	0.00208	0.03192	0.02530	0.02466	0.00740
3	0.01306	0.04810	0.15683	0.13060	0.20212	0.05482	0.07546	0.03655	0.03296	0.06647	0.02828	0.05285	0.03798	0.00652	0.00575	0.00173	0.02075	0.01849	0.00329	0.00740
4	0.01167	0.05875	0.49401	0.01707	0.02368	0.01367	0.20735	0.01695	0.01159	0.01679	0.00980	0.01224	0.00728	0.00535	0.00643	0.00178	0.07085	0.00465	0.00243	0.00766
5	0.00695	0.00521	0.00650	0.00728	0.00820	0.00476	0.00528	0.00835	0.01169	0.01517	0.10690	0.44653	0.22881	0.01542	0.00684	0.00211	0.00323	0.10102	0.00515	0.00461
6	0.01251	0.09199	0.22566	0.04677	0.13479	0.07519	0.14766	0.01670	0.03600	0.01632	0.01236	0.05457	0.01088	0.00653	0.00603	0.00176	0.03815	0.05596	0.00292	0.00725
7	0.01041	0.00981	0.06475	0.04686	0.09662	0.03839	0.00867	0.01388	0.08204	0.05656	0.11357	0.09236	0.18725	0.06360	0.02880	0.00226	0.01952	0.05416	0.00442	0.00607
8	0.00809	0.00601	0.00873	0.00942	0.01042	0.00584	0.04152	0.00992	0.01144	0.01506	0.02771	0.34482	0.03134	0.06850	0.00861	0.00255	0.00451	0.37590	0.00482	0.00478
9	0.01091	0.02503	0.02819	0.11865	0.05029	0.00891	0.14049	0.01312	0.01145	0.09217	0.02117	0.28135	0.07059	0.03971	0.00787	0.02268	0.03820	0.00925	0.00402	0.00594

[dist]
# distance from previous block
# <min> <max>
0	2

[block]
# block no. 12 follows, 44 sequences, length 10
# corresponding to MSA columns:
# 829-838
name=unknown_M
#
# <colnr> <probs for GDERKNQSTAVLIFYWHMCP>
#	G	D	E	R	K	N	Q	S	T	A	V	L	I	F	Y	W	H	M	C	P
0	0.27912	0.03307	0.02950	0.09638	0.14011	0.10140	0.10107	0.01697	0.03325	0.04420	0.01095	0.03608	0.00919	0.02841	0.00550	0.00180	0.00629	0.01678	0.00323	0.00671
1	0.11931	0.00905	0.03526	0.12279	0.05879	0.00930	0.07635	0.01324	0.03609	0.01669	0.03573	0.09175	0.01646	0.06778	0.11242	0.00306	0.01953	0.10277	0.04787	0.00574
2	0.01349	0.01295	0.02213	0.03346	0.77440	0.01295	0.01673	0.01673	0.01241	0.01781	0.01025	0.01349	0.00864	0.00486	0.00540	0.00162	0.00648	0.00486	0.00270	0.00864
3	0.08340	0.00851	0.01094	0.00874	0.01224	0.00769	0.00711	0.02233	0.01478	0.55254	0.12980	0.02119	0.01850	0.00723	0.00533	0.00166	0.00414	0.00590	0.06986	0.00810
4	0.01189	0.02595	0.62143	0.01658	0.07405	0.07198	0.01866	0.01731	0.01167	0.01674	0.00955	0.01154	0.00705	0.00547	0.00598	0.00174	0.05812	0.00409	0.00237	0.00783
5	0.00665	0.00544	0.00589	0.00608	0.00764	0.00468	0.00451	0.00810	0.01237	0.01521	0.10507	0.16065	0.58503	0.01412	0.00655	0.00191	0.00288	0.03744	0.00513	0.00463
6	0.01235	0.18649	0.36768	0.01680	0.02328	0.01490	0.26945	0.01714	0.01189	0.01641	0.00975	0.01203	0.00739	0.00487	0.00526	0.00165	0.00798	0.00462	0.00246	0.00760
7	0.09370	0.04062	0.09329	0.01068	0.01471	0.08705	0.00945	0.16074	0.07316	0.24541	0.04480	0.01586	0.01223	0.00640	0.00505	0.00162	0.00550	0.00491	0.06686	0.00796
8	0.00715	0.00516	0.00682	0.00763	0.00835	0.00483	0.00549	0.00869	0.01196	0.01612	0.20692	0.50297	0.06961	0.01529	0.00688	0.00212	0.00323	0.10084	0.00528	0.00468
9	0.04216	0.07567	0.01371	0.01063	0.01341	0.03408	0.02477	0.18114	0.14840	0.08516	0.03815	0.13810	0.03343	0.01088	0.05519	0.00225	0.05577	0.02519	0.00471	0.00720

[dist]
# distance from previous block
# <min> <max>
0	4

[block]
# block no. 13 follows, 44 sequences, length 12
# corresponding to MSA columns:
# 843-854
name=unknown_N
#
# <colnr> <probs for GDERKNQSTAVLIFYWHMCP>
#	G	D	E	R	K	N	Q	S	T	A	V	L	I	F	Y	W	H	M	C	P
0	0.01556	0.21542	0.01880	0.07619	0.04378	0.13955	0.06562	0.10282	0.05824	0.07183	0.05816	0.01474	0.01170	0.00600	0.00506	0.00151	0.01745	0.00471	0.06571	0.00714
1	0.00949	0.00618	0.00774	0.00743	0.00822	0.00645	0.00508	0.04836	0.00970	0.05952	0.01720	0.07256	0.01799	0.44942	0.24551	0.00572	0.00788	0.00744	0.00361	0.00450
