[name]
unknown

[dist]
# distance from previous block
# <min> <max>
0	382

[block]
# block no. 0 follows, 59 sequences, length 12
# corresponding to MSA columns:
# 396-407
name=unknown_A
#
# <colnr> <probs for GDERKNQSTAVLIFYWHMCP>
#	G	D	E	R	K	N	Q	S	T	A	V	L	I	F	Y	W	H	M	C	P
0	0.14469	0.10887	0.04010	0.05332	0.14599	0.10579	0.03116	0.05591	0.13578	0.09802	0.01052	0.01194	0.00820	0.00482	0.00399	0.00133	0.00488	0.02548	0.00309	0.00613
1	0.13248	0.11901	0.01142	0.00809	0.02933	0.04268	0.00655	0.20742	0.01215	0.03007	0.03884	0.01446	0.08490	0.00545	0.00416	0.00120	0.02850	0.02967	0.01668	0.17694
2	0.28199	0.01258	0.01232	0.05009	0.03692	0.21639	0.10942	0.15013	0.01186	0.01751	0.05500	0.01042	0.00801	0.00467	0.00393	0.00132	0.00542	0.00359	0.00292	0.00552
3	0.03302	0.00746	0.00734	0.00656	0.00856	0.06635	0.00506	0.08126	0.10819	0.04141	0.13051	0.02826	0.33847	0.03404	0.00529	0.00147	0.00328	0.02377	0.00400	0.06571
4	0.00895	0.00677	0.00849	0.00824	0.06801	0.00657	0.03178	0.07340	0.11609	0.07872	0.17905	0.06003	0.29124	0.00825	0.00489	0.00142	0.00314	0.00708	0.00418	0.03372
5	0.01277	0.01386	0.11872	0.01033	0.01416	0.21504	0.10072	0.06278	0.01127	0.10387	0.00896	0.00994	0.00677	0.00414	0.00400	0.00109	0.00552	0.00335	0.00281	0.28990
6	0.01215	0.02611	0.01375	0.01136	0.01380	0.23494	0.19357	0.01413	0.01092	0.11809	0.01389	0.09685	0.01309	0.00708	0.00523	0.00153	0.03026	0.17475	0.00323	0.00526
7	0.00873	0.00861	0.01561	0.03004	0.01534	0.00862	0.35028	0.01240	0.10299	0.01362	0.01692	0.16053	0.07296	0.00760	0.00581	0.00164	0.05124	0.10870	0.00317	0.00518
8	0.00973	0.01851	0.56242	0.01181	0.01703	0.01008	0.07121	0.11631	0.01056	0.01518	0.00905	0.01197	0.00715	0.10238	0.00643	0.00173	0.00611	0.00387	0.00232	0.00616
9	0.00730	0.00588	0.00859	0.00927	0.10248	0.00622	0.00628	0.00891	0.00765	0.01115	0.01094	0.01631	0.01028	0.09173	0.53965	0.00524	0.02745	0.00448	0.00239	0.11779
10	0.00765	0.00491	0.00622	0.00615	0.00739	0.00431	0.00439	0.00875	0.00929	0.10634	0.06635	0.47885	0.09137	0.05632	0.00605	0.00168	0.00283	0.00944	0.00403	0.11767
11	0.00895	0.00475	0.00639	0.00657	0.00761	0.00431	0.00469	0.00996	0.00949	0.21154	0.02263	0.63721	0.02469	0.01176	0.00534	0.00169	0.00286	0.01055	0.00444	0.00456

[dist]
# distance from previous block
# <min> <max>
0	8

[block]
# block no. 1 follows, 59 sequences, length 24
# corresponding to MSA columns:
# 416-439
name=unknown_B
#
# <colnr> <probs for GDERKNQSTAVLIFYWHMCP>
#	G	D	E	R	K	N	Q	S	T	A	V	L	I	F	Y	W	H	M	C	P
0	0.01026	0.01095	0.02302	0.01663	0.02065	0.01030	0.67090	0.03274	0.01097	0.03050	0.10588	0.01447	0.01100	0.00443	0.00518	0.00147	0.00667	0.00550	0.00266	0.00581
1	0.87598	0.00854	0.00649	0.00581	0.00854	0.00991	0.00478	0.01298	0.00752	0.01982	0.00615	0.00717	0.00478	0.00410	0.00273	0.00137	0.00342	0.00239	0.00273	0.00478
2	0.01679	0.01237	0.01325	0.01016	0.01370	0.01370	0.00839	0.80251	0.02077	0.02783	0.01060	0.01060	0.00751	0.00530	0.00442	0.00133	0.00486	0.00398	0.00442	0.00751
3	0.00583	0.00450	0.00532	0.00511	0.00634	0.00399	0.00384	0.00752	0.01151	0.01535	0.49994	0.03688	0.35811	0.00991	0.00521	0.00143	0.00215	0.00853	0.00455	0.00399
4	0.00581	0.00429	0.00556	0.00625	0.00693	0.00392	0.00444	0.00685	0.00888	0.01185	0.03915	0.62911	0.08574	0.01270	0.00550	0.00172	0.00274	0.09517	0.00402	0.05936
5	0.01215	0.68629	0.11010	0.00814	0.01219	0.01576	0.00843	0.01400	0.00932	0.07854	0.00728	0.00800	0.00610	0.00397	0.00312	0.00103	0.00484	0.00264	0.00219	0.00592
6	0.03193	0.01225	0.04895	0.01155	0.01487	0.06723	0.15606	0.33835	0.10531	0.06489	0.01084	0.02261	0.00812	0.00523	0.00522	0.00141	0.06493	0.00429	0.00357	0.02238
7	0.03660	0.00998	0.01149	0.00916	0.01193	0.06221	0.03153	0.28014	0.01415	0.28187	0.02282	0.01272	0.00912	0.00657	0.03697	0.00159	0.08393	0.00414	0.06652	0.00656
8	0.04459	0.00532	0.00667	0.03686	0.02095	0.00525	0.00483	0.05339	0.01088	0.06876	0.31517	0.23714	0.03948	0.06276	0.00604	0.00165	0.00286	0.00791	0.06507	0.00442
9	0.00990	0.26281	0.51242	0.01223	0.06817	0.01241	0.03760	0.01374	0.00930	0.01297	0.00746	0.00885	0.00574	0.00404	0.00384	0.00126	0.00595	0.00310	0.00190	0.00629
10	0.01043	0.00833	0.01000	0.03458	0.06854	0.02037	0.00692	0.23618	0.08456	0.01856	0.25206	0.05057	0.04466	0.06089	0.00668	0.00162	0.06968	0.00587	0.00396	0.00553
11	0.00537	0.00389	0.00508	0.00603	0.00637	0.00360	0.00405	0.00616	0.00857	0.01132	0.02581	0.78431	0.08585	0.01365	0.00561	0.00177	0.00254	0.01232	0.00410	0.00360
12	0.00584	0.00451	0.00595	0.00655	0.00693	0.00461	0.00463	0.00673	0.00860	0.01151	0.04890	0.64830	0.09816	0.01282	0.00646	0.00177	0.08368	0.02639	0.00391	0.00375
13	0.01043	0.01211	0.07165	0.01161	0.01262	0.13605	0.04146	0.01182	0.00806	0.01108	0.00727	0.05597	0.00711	0.00717	0.01129	0.00175	0.57126	0.00421	0.00211	0.00497
14	0.00834	0.00785	0.01325	0.83417	0.03042	0.00981	0.01227	0.01128	0.00883	0.01128	0.00785	0.01178	0.00589	0.00442	0.00442	0.00147	0.00589	0.00393	0.00196	0.00491
15	0.00538	0.00384	0.00512	0.00615	0.00641	0.00359	0.00410	0.00615	0.00846	0.01127	0.02434	0.84190	0.02921	0.01384	0.00564	0.00179	0.00256	0.01256	0.00410	0.00359
16	0.00945	0.00933	0.01525	0.54848	0.21648	0.04465	0.06925	0.01230	0.00939	0.01222	0.00799	0.01142	0.00620	0.00426	0.00444	0.00142	0.00594	0.00397	0.00205	0.00549
17	0.82814	0.00848	0.00670	0.00592	0.00869	0.00972	0.00488	0.01346	0.00780	0.06454	0.00678	0.00761	0.00513	0.00418	0.00283	0.00137	0.00344	0.00251	0.00289	0.00494
18	0.00538	0.00384	0.00512	0.00615	0.00641	0.00359	0.00410	0.00615	0.00846	0.01127	0.02434	0.84190	0.02921	0.01384	0.00564	0.00179	0.00256	0.01256	0.00410	0.00359
19	0.00850	0.00437	0.00440	0.00431	0.00541	0.00442	0.00325	0.03500	0.00962	0.01682	0.01429	0.01628	0.01120	0.00515	0.00313	0.00104	0.00215	0.00411	0.84232	0.00422
20	0.01181	0.84744	0.02314	0.00756	0.01134	0.01748	0.00756	0.01323	0.00897	0.01039	0.00614	0.00708	0.00567	0.00378	0.00283	0.00094	0.00472	0.00236	0.00189	0.00567
21	0.01583	0.01920	0.01208	0.01090	0.01325	0.71261	0.00826	0.03041	0.02714	0.03189	0.00802	0.00994	0.00676	0.00484	0.00406	0.00117	0.00738	0.03186	0.00251	0.04188
22	0.00914	0.00544	0.00713	0.00660	0.00816	0.00509	0.00529	0.04026	0.01231	0.15612	0.47037	0.03261	0.05281	0.00896	0.00522	0.00151	0.00287	0.16051	0.00477	0.00484
23	0.01058	0.38838	0.35534	0.00972	0.01446	0.01333	0.01106	0.07009	0.01020	0.01362	0.05910	0.00994	0.00808	0.00440	0.00367	0.00119	0.00532	0.00322	0.00225	0.00606

[dist]
# distance from previous block
# <min> <max>
0	2

[block]
# block no. 2 follows, 59 sequences, length 17
# corresponding to MSA columns:
# 459-475
name=unknown_C
#
# <colnr> <probs for GDERKNQSTAVLIFYWHMCP>
#	G	D	E	R	K	N	Q	S	T	A	V	L	I	F	Y	W	H	M	C	P
0	0.00939	0.00890	0.07089	0.00733	0.01124	0.00639	0.02692	0.01188	0.03055	0.04374	0.04199	0.01146	0.02891	0.00394	0.00359	0.00083	0.00358	0.00325	0.00283	0.67238
1	0.00918	0.06716	0.71658	0.01204	0.01811	0.01071	0.01513	0.01466	0.06982	0.01413	0.00859	0.00974	0.00620	0.00431	0.00414	0.00138	0.00620	0.00334	0.00207	0.00652
2	0.03658	0.00900	0.01102	0.00971	0.03789	0.00955	0.05949	0.09856	0.38299	0.09023	0.01577	0.05972	0.01284	0.00624	0.00455	0.00144	0.00395	0.06412	0.00408	0.08225
3	0.00641	0.00433	0.00506	0.00506	0.00514	0.00441	0.00298	0.00658	0.00649	0.00874	0.01369	0.02768	0.01552	0.75862	0.10792	0.00458	0.00508	0.00624	0.00264	0.00281
4	0.01068	0.05508	0.07387	0.02068	0.01244	0.08314	0.07763	0.03046	0.05275	0.08786	0.06167	0.06769	0.01132	0.02946	0.08087	0.00211	0.22926	0.00486	0.00289	0.00530
5	0.01181	0.84744	0.02314	0.00756	0.01134	0.01748	0.00756	0.01323	0.00897	0.01039	0.00614	0.00708	0.00567	0.00378	0.00283	0.00094	0.00472	0.00236	0.00189	0.00567
6	0.00888	0.00868	0.01246	0.01075	0.01112	0.01154	0.04348	0.01000	0.00728	0.01088	0.01011	0.07106	0.05848	0.01001	0.07090	0.00224	0.63025	0.00494	0.00227	0.00466
7	0.00886	0.02285	0.82190	0.01259	0.01912	0.01026	0.01632	0.01399	0.00932	0.01399	0.00793	0.00932	0.00559	0.00420	0.00420	0.00140	0.00653	0.00326	0.00186	0.00653
8	0.00816	0.00569	0.00837	0.04491	0.03482	0.00561	0.03873	0.02197	0.01050	0.07475	0.11840	0.15726	0.02443	0.01050	0.00561	0.00179	0.00384	0.41610	0.00406	0.00452
9	0.00773	0.00466	0.00531	0.00505	0.00628	0.00449	0.00382	0.01015	0.04591	0.04630	0.31885	0.02528	0.10482	0.00727	0.00421	0.00124	0.00221	0.00615	0.38590	0.00435
10	0.00638	0.00444	0.00563	0.00572	0.00602	0.00466	0.00381	0.00698	0.00690	0.00941	0.01420	0.06176	0.01557	0.52443	0.26284	0.00491	0.00647	0.04400	0.00271	0.00316
11	0.01129	0.00884	0.01046	0.00881	0.01113	0.00951	0.04775	0.33901	0.12323	0.01964	0.05363	0.17885	0.10689	0.00800	0.00513	0.00150	0.02572	0.02057	0.00416	0.00588
12	0.00550	0.00422	0.00508	0.00571	0.00653	0.00380	0.00413	0.00655	0.00927	0.01174	0.03222	0.44403	0.33635	0.01262	0.00552	0.00170	0.00260	0.09462	0.00410	0.00369
13	0.04069	0.00874	0.01447	0.44775	0.33566	0.00981	0.01217	0.01205	0.00929	0.01287	0.00877	0.03240	0.00735	0.00465	0.00441	0.00143	0.00542	0.02422	0.00218	0.00566
14	0.31066	0.08519	0.01175	0.03268	0.05359	0.16993	0.06287	0.02585	0.02297	0.08334	0.04672	0.03012	0.00904	0.00504	0.00379	0.00133	0.00486	0.03198	0.00295	0.00535
15	0.05839	0.01020	0.01495	0.01139	0.01484	0.04941	0.26357	0.07632	0.13699	0.06767	0.05121	0.01375	0.01014	0.00477	0.00443	0.00129	0.00501	0.02431	0.00325	0.17813
16	0.01238	0.01277	0.06289	0.01112	0.01441	0.16491	0.15124	0.09981	0.22822	0.04870	0.02813	0.01329	0.00969	0.00503	0.00442	0.00132	0.00536	0.02336	0.00333	0.09961

[dist]
# distance from previous block
# <min> <max>
0	11

[block]
# block no. 3 follows, 59 sequences, length 12
# corresponding to MSA columns:
# 487-491,493-499
name=unknown_D
#
# <colnr> <probs for GDERKNQSTAVLIFYWHMCP>
#	G	D	E	R	K	N	Q	S	T	A	V	L	I	F	Y	W	H	M	C	P
0	0.01185	0.00954	0.01183	0.00953	0.01237	0.07581	0.11496	0.16975	0.05715	0.10051	0.10060	0.03106	0.05770	0.00639	0.00467	0.00135	0.00450	0.09066	0.00379	0.12596
1	0.00962	0.00801	0.00978	0.00734	0.01084	0.00673	0.03786	0.03932	0.09090	0.03369	0.08605	0.01246	0.01073	0.00423	0.00372	0.00088	0.00342	0.00356	0.00313	0.61772
2	0.00680	0.00446	0.00557	0.00574	0.00645	0.00418	0.00400	0.00780	0.00925	0.06065	0.18087	0.27861	0.10721	0.23452	0.00998	0.00234	0.00307	0.06080	0.00395	0.00374
3	0.00872	0.00679	0.00826	0.00745	0.00923	0.00690	0.02783	0.13474	0.13008	0.01723	0.24870	0.16783	0.08006	0.00881	0.00503	0.00149	0.00320	0.07402	0.00430	0.04933
4	0.00565	0.00402	0.00525	0.00591	0.00629	0.00377	0.00398	0.00660	0.00905	0.01226	0.17665	0.60718	0.03037	0.09248	0.00717	0.00195	0.00263	0.01108	0.00411	0.00361
5	0.05636	0.00842	0.01326	0.66588	0.09177	0.01015	0.01169	0.06711	0.00970	0.01317	0.00799	0.01137	0.00603	0.00442	0.00432	0.00144	0.00563	0.00385	0.00219	0.00525
6	0.01202	0.00593	0.00784	0.00663	0.00870	0.00536	0.00523	0.01431	0.03993	0.34950	0.45787	0.02500	0.02800	0.00745	0.00487	0.00138	0.00282	0.00642	0.00510	0.00565
7	0.00851	0.00773	0.01284	0.71028	0.08361	0.00940	0.01161	0.01136	0.00895	0.01192	0.00841	0.01210	0.00641	0.00444	0.00431	0.00142	0.00553	0.00394	0.07222	0.00499
8	0.00915	0.00912	0.01516	0.57384	0.07638	0.03564	0.11165	0.01192	0.00902	0.01176	0.00778	0.01141	0.00604	0.00463	0.00550	0.00150	0.08825	0.00405	0.00202	0.00517
9	0.01803	0.00981	0.01163	0.00890	0.01239	0.00987	0.00735	0.38914	0.01635	0.42008	0.01389	0.01275	0.00917	0.00532	0.00439	0.00132	0.00426	0.00416	0.00488	0.03630
10	0.00622	0.00497	0.00694	0.00715	0.00796	0.02119	0.05757	0.00749	0.00938	0.01241	0.11036	0.55221	0.07097	0.01213	0.00556	0.00173	0.00309	0.09478	0.00402	0.00390
11	0.04492	0.53076	0.05752	0.00764	0.01085	0.04676	0.00726	0.03345	0.00984	0.03827	0.09404	0.08059	0.01165	0.00534	0.00353	0.00113	0.00440	0.00399	0.00262	0.00543

[dist]
# distance from previous block
# <min> <max>
2	5

[block]
# block no. 4 follows, 59 sequences, length 12
# corresponding to MSA columns:
# 506-517
name=unknown_E
#
# <colnr> <probs for GDERKNQSTAVLIFYWHMCP>
#	G	D	E	R	K	N	Q	S	T	A	V	L	I	F	Y	W	H	M	C	P
0	0.01253	0.08038	0.07537	0.00984	0.08517	0.00794	0.00787	0.04657	0.04303	0.27855	0.08023	0.05610	0.03010	0.00741	0.01514	0.00155	0.00418	0.14794	0.00407	0.00603
1	0.01087	0.00779	0.00914	0.00673	0.01034	0.00630	0.00541	0.06099	0.01031	0.11511	0.00973	0.01055	0.00752	0.00382	0.00347	0.00081	0.00333	0.00305	0.07192	0.64278
2	0.00765	0.00445	0.00644	0.00628	0.00632	0.00483	0.00436	0.00636	0.00602	0.00820	0.00854	0.03258	0.00879	0.08234	0.05111	0.66612	0.08093	0.00428	0.00205	0.00237
3	0.01044	0.01068	0.01890	0.09032	0.01846	0.01218	0.35186	0.07511	0.00965	0.01358	0.00772	0.01090	0.00633	0.00550	0.00875	0.00165	0.33571	0.00446	0.00226	0.00554
4	0.00548	0.00407	0.00513	0.00583	0.00643	0.00372	0.00406	0.00648	0.00919	0.01203	0.09624	0.58370	0.18961	0.01283	0.00553	0.00171	0.00251	0.03764	0.00416	0.00368
5	0.00876	0.00849	0.01500	0.68640	0.08543	0.01001	0.09991	0.01176	0.00910	0.01183	0.00800	0.01173	0.00606	0.00430	0.00450	0.00146	0.00602	0.00407	0.00201	0.00517
6	0.00632	0.00466	0.00671	0.00667	0.00741	0.00523	0.00506	0.00778	0.00764	0.01092	0.10340	0.02039	0.01507	0.11878	0.64613	0.00614	0.00990	0.00529	0.00268	0.00383
7	0.00634	0.00489	0.00592	0.00634	0.00733	0.00475	0.00474	0.00886	0.10059	0.01320	0.10877	0.35955	0.20691	0.01159	0.00544	0.00169	0.00278	0.13193	0.00422	0.00414
8	0.70360	0.00837	0.00680	0.00599	0.00860	0.00957	0.00490	0.08038	0.00885	0.02012	0.00747	0.00853	0.00576	0.00432	0.00292	0.00132	0.00339	0.00272	0.10144	0.00494
9	0.01174	0.01323	0.01941	0.01485	0.01816	0.18270	0.43281	0.01623	0.15039	0.01392	0.00983	0.01170	0.00760	0.00461	0.00557	0.00145	0.07273	0.00457	0.00261	0.00587
10	0.01146	0.00858	0.01042	0.00791	0.01129	0.00783	0.03458	0.14866	0.06858	0.09863	0.08438	0.01282	0.01087	0.00467	0.00413	0.00102	0.01936	0.00381	0.00353	0.44747
11	0.00957	0.20989	0.54663	0.01075	0.01635	0.01141	0.01305	0.01349	0.00923	0.01321	0.00751	0.00879	0.00572	0.00400	0.00378	0.00121	0.00574	0.00298	0.00196	0.10474

[dist]
# distance from previous block
# <min> <max>
2	6

[block]
# block no. 5 follows, 59 sequences, length 56
# corresponding to MSA columns:
# 524-579
name=unknown_F
#
# <colnr> <probs for GDERKNQSTAVLIFYWHMCP>
#	G	D	E	R	K	N	Q	S	T	A	V	L	I	F	Y	W	H	M	C	P
0	0.01036	0.00934	0.01570	0.14760	0.58855	0.00958	0.01218	0.01282	0.00982	0.04560	0.01011	0.08971	0.00908	0.00500	0.00450	0.00138	0.00503	0.00477	0.00246	0.00638
1	0.01561	0.01517	0.01285	0.02921	0.04567	0.32060	0.00862	0.37246	0.09213	0.01939	0.00967	0.01019	0.00731	0.00504	0.00439	0.00128	0.01687	0.00364	0.00344	0.00645
2	0.00874	0.00837	0.01451	0.69981	0.11338	0.00997	0.05962	0.01170	0.00906	0.01179	0.00796	0.01169	0.00605	0.00432	0.00446	0.00146	0.00591	0.00400	0.00200	0.00519
3	0.01113	0.00883	0.01108	0.00869	0.01135	0.00902	0.02568	0.13918	0.01069	0.07391	0.00939	0.01237	0.00796	0.03532	0.00702	0.00132	0.19919	0.03557	0.00301	0.37928
4	0.01368	0.00864	0.00991	0.00848	0.01122	0.00924	0.00671	0.02221	0.51636	0.28044	0.05040	0.01668	0.01380	0.00594	0.00451	0.00145	0.00352	0.00494	0.00483	0.00705
5	0.00643	0.00486	0.00587	0.00626	0.00724	0.00470	0.00460	0.00887	0.10032	0.02395	0.10143	0.40204	0.20502	0.01163	0.00540	0.00167	0.00272	0.08858	0.00423	0.00416
6	0.00622	0.00451	0.00572	0.00558	0.00664	0.00416	0.00424	0.00813	0.01176	0.01638	0.60288	0.06458	0.13621	0.00957	0.00521	0.00145	0.00226	0.06477	0.03564	0.00408
7	0.00845	0.00796	0.01345	0.79969	0.06403	0.00984	0.01232	0.01138	0.00888	0.01142	0.00787	0.01174	0.00593	0.00440	0.00441	0.00147	0.00586	0.00393	0.00197	0.00500
8	0.01642	0.01426	0.01272	0.01031	0.01344	0.22688	0.00826	0.51180	0.07385	0.05278	0.01039	0.01049	0.00758	0.00516	0.00431	0.00129	0.00554	0.00377	0.00390	0.00685
9	0.01094	0.00743	0.00805	0.00684	0.00882	0.00793	0.00541	0.31705	0.01362	0.01960	0.04437	0.01797	0.09090	0.04422	0.07567	0.00186	0.00410	0.00487	0.30503	0.00532
10	0.00585	0.00463	0.00547	0.00542	0.00648	0.00431	0.00403	0.00722	0.01042	0.01363	0.29622	0.13141	0.38416	0.04230	0.00632	0.00163	0.03648	0.02593	0.00421	0.00387
11	0.01180	0.70521	0.10910	0.00827	0.01233	0.01645	0.00856	0.06325	0.00976	0.01188	0.00662	0.00755	0.00578	0.00392	0.00308	0.00102	0.00493	0.00256	0.00205	0.00588
12	0.00656	0.00481	0.00555	0.00528	0.00659	0.00444	0.00402	0.04178	0.01159	0.01584	0.40298	0.03410	0.31223	0.00931	0.00498	0.00140	0.00230	0.02699	0.09510	0.00415
13	0.19179	0.00916	0.06857	0.00789	0.01142	0.00790	0.00694	0.06904	0.01178	0.52473	0.01373	0.01257	0.00895	0.00502	0.00404	0.00134	0.00395	0.00386	0.00450	0.03283
14	0.01067	0.00747	0.00808	0.00729	0.00935	0.00821	0.00566	0.01859	0.46174	0.08789	0.06734	0.01739	0.01443	0.00590	0.00413	0.00135	0.00302	0.00489	0.25055	0.00604
15	0.01587	0.01208	0.01273	0.01000	0.01335	0.02860	0.00818	0.66498	0.14483	0.02604	0.01169	0.01148	0.00842	0.00540	0.00442	0.00135	0.00470	0.00412	0.00439	0.00738
16	0.03804	0.16786	0.09447	0.01164	0.09706	0.12461	0.02049	0.22500	0.01267	0.03248	0.00819	0.00933	0.00646	0.00464	0.00466	0.00124	0.06624	0.00332	0.00280	0.06880
17	0.03347	0.06787	0.01241	0.01006	0.01263	0.37236	0.00793	0.15991	0.16721	0.03863	0.02257	0.01184	0.00876	0.00530	0.00443	0.00129	0.02799	0.02613	0.00325	0.00596
18	0.00588	0.00446	0.00551	0.00561	0.00663	0.00396	0.00403	0.00725	0.01024	0.01382	0.29899	0.33837	0.20247	0.01094	0.00525	0.00152	0.00237	0.00966	0.00427	0.05876
19	0.00969	0.00739	0.00834	0.00715	0.00934	0.01986	0.00556	0.12931	0.15654	0.05132	0.29993	0.06572	0.07332	0.00728	0.00466	0.00132	0.00311	0.00619	0.00430	0.12966
20	0.01067	0.24871	0.34900	0.01122	0.01596	0.04598	0.09518	0.03761	0.11870	0.01388	0.00894	0.00993	0.00686	0.00432	0.00396	0.00128	0.00572	0.00346	0.00236	0.00626
21	0.00646	0.00430	0.00502	0.00502	0.00507	0.00436	0.00292	0.00651	0.00645	0.00865	0.01354	0.02751	0.01539	0.75616	0.08071	0.03554	0.00481	0.00621	0.00263	0.00274
22	0.00537	0.00388	0.00509	0.00605	0.00638	0.00360	0.00406	0.00616	0.00855	0.01131	0.02550	0.79661	0.07376	0.01369	0.00561	0.00178	0.00254	0.01237	0.00410	0.00360
23	0.03739	0.04753	0.12138	0.00985	0.01280	0.18377	0.03532	0.03778	0.31878	0.01548	0.05320	0.01606	0.02437	0.01540	0.00459	0.00143	0.00503	0.05047	0.00339	0.00598
24	0.02933	0.09678	0.67253	0.01241	0.01845	0.01097	0.07223	0.01391	0.00933	0.01381	0.00780	0.00926	0.00566	0.00412	0.00411	0.00136	0.00636	0.00330	0.00191	0.00637
25	0.00618	0.00444	0.00602	0.00700	0.00766	0.00429	0.00547	0.00755	0.00932	0.01220	0.02473	0.44177	0.05962	0.01297	0.00584	0.00189	0.00325	0.37190	0.00408	0.00382
26	0.87598	0.00854	0.00649	0.00581	0.00854	0.00991	0.00478	0.01298	0.00752	0.01982	0.00615	0.00717	0.00478	0.00410	0.00273	0.00137	0.00342	0.00239	0.00273	0.00478
27	0.00694	0.00423	0.00462	0.00462	0.00491	0.00423	0.00279	0.00754	0.00724	0.01084	0.01406	0.02532	0.01469	0.60313	0.01690	0.00335	0.00364	0.00576	0.25209	0.00309
28	0.00870	0.00834	0.01376	0.59654	0.08099	0.02841	0.06875	0.01151	0.00937	0.01217	0.05963	0.01457	0.00912	0.00502	0.00478	0.00148	0.02182	0.03773	0.00228	0.00505
29	0.00608	0.00437	0.00578	0.00661	0.00721	0.00418	0.00499	0.00731	0.00918	0.01210	0.06476	0.42871	0.07034	0.07321	0.00697	0.00202	0.00316	0.27527	0.00402	0.00372
30	0.01136	0.69330	0.12143	0.00887	0.01303	0.01619	0.05885	0.01338	0.00911	0.01107	0.00654	0.00767	0.00572	0.00383	0.00315	0.00103	0.00512	0.00265	0.00191	0.00579
31	0.00751	0.00621	0.00824	0.00757	0.00773	0.00768	0.00561	0.00814	0.00667	0.00959	0.01074	0.02010	0.01158	0.40252	0.17430	0.00402	0.29054	0.00522	0.00236	0.00366
32	0.00886	0.02285	0.82190	0.01259	0.01912	0.01026	0.01632	0.01399	0.00932	0.01399	0.00793	0.00932	0.00559	0.00420	0.00420	0.00140	0.00653	0.00326	0.00186	0.00653
33	0.00683	0.00501	0.00649	0.00634	0.00697	0.00555	0.00454	0.00865	0.06547	0.01089	0.06377	0.02228	0.01486	0.32536	0.37634	0.00499	0.02955	0.00554	0.02683	0.00374
34	0.00675	0.00516	0.00605	0.00576	0.00707	0.00494	0.00432	0.04356	0.07304	0.01603	0.42266	0.10767	0.24567	0.00959	0.00512	0.00145	0.00240	0.00829	0.02010	0.00436
35	0.01234	0.00646	0.00813	0.00704	0.00917	0.00608	0.00549	0.07992	0.05692	0.32494	0.16916	0.18706	0.09173	0.00834	0.00490	0.00147	0.00315	0.00716	0.00482	0.00573
36	0.01026	0.01058	0.04898	0.24290	0.49254	0.04504	0.02452	0.01309	0.02121	0.01330	0.00840	0.01154	0.00691	0.02654	0.00486	0.00144	0.00557	0.00396	0.00216	0.00620
37	0.87598	0.00854	0.00649	0.00581	0.00854	0.00991	0.00478	0.01298	0.00752	0.01982	0.00615	0.00717	0.00478	0.00410	0.00273	0.00137	0.00342	0.00239	0.00273	0.00478
38	0.00741	0.00631	0.00917	0.00847	0.00901	0.00796	0.01871	0.00870	0.00699	0.01029	0.01011	0.01583	0.00977	0.08931	0.50240	0.00521	0.26333	0.00461	0.00226	0.00415
39	0.00709	0.00517	0.00655	0.00689	0.00792	0.00512	0.00547	0.06548	0.01044	0.01372	0.10151	0.18886	0.12637	0.07987	0.03167	0.00214	0.00367	0.32396	0.00402	0.00408
40	0.00642	0.00431	0.00496	0.00496	0.00501	0.00436	0.00286	0.00652	0.00647	0.00867	0.01378	0.02817	0.01574	0.79342	0.07341	0.00446	0.00476	0.00632	0.00266	0.00276
41	0.00839	0.00790	0.01321	0.63750	0.02613	0.00969	0.05248	0.01136	0.03085	0.01152	0.00873	0.03142	0.00705	0.00693	0.06485	0.00192	0.05874	0.00428	0.00212	0.00491
42	0.01088	0.01044	0.01783	0.04347	0.80128	0.01048	0.01353	0.01351	0.01003	0.01437	0.00830	0.01095	0.00697	0.00394	0.00437	0.00131	0.00526	0.00393	0.00218	0.00695
43	0.87598	0.00854	0.00649	0.00581	0.00854	0.00991	0.00478	0.01298	0.00752	0.01982	0.00615	0.00717	0.00478	0.00410	0.00273	0.00137	0.00342	0.00239	0.00273	0.00478
44	0.00882	0.00721	0.01122	0.56239	0.02316	0.00822	0.00979	0.01135	0.00944	0.07062	0.04725	0.01643	0.08670	0.00540	0.00444	0.00140	0.00489	0.01673	0.02669	0.06784
45	0.00673	0.00483	0.00666	0.00765	0.00853	0.00476	0.00643	0.00849	0.00983	0.01280	0.02416	0.20322	0.04807	0.01249	0.00599	0.00197	0.00372	0.61563	0.00407	0.00396
46	0.01074	0.01030	0.01759	0.08569	0.76012	0.01044	0.01346	0.01339	0.00997	0.01420	0.00827	0.01099	0.00692	0.00397	0.00438	0.00132	0.00529	0.00393	0.00217	0.00684
47	0.00554	0.00449	0.00492	0.00481	0.00616	0.00387	0.00361	0.00696	0.01083	0.01373	0.28462	0.03954	0.57444	0.01051	0.00522	0.00146	0.00219	0.00891	0.00434	0.00387
48	0.01028	0.00897	0.00907	0.00832	0.01041	0.06835	0.00643	0.01895	0.52797	0.02932	0.14618	0.04978	0.03158	0.00696	0.00467	0.00148	0.00355	0.03605	0.01560	0.00608
49	0.00627	0.00453	0.00593	0.00562	0.00666	0.00419	0.00424	0.00836	0.01244	0.01760	0.79463	0.03342	0.04126	0.00911	0.00523	0.00141	0.00213	0.02795	0.00484	0.00416
50	0.01559	0.01058	0.01235	0.00963	0.01280	0.01140	0.03605	0.55206	0.01739	0.13848	0.01176	0.01220	0.00847	0.00838	0.09642	0.00197	0.00550	0.00418	0.02783	0.00696
51	0.01056	0.01012	0.01726	0.14168	0.70554	0.01040	0.01337	0.01323	0.00988	0.01398	0.00824	0.01105	0.00684	0.00400	0.00438	0.00133	0.00534	0.00393	0.00215	0.00670
52	0.00545	0.00426	0.00489	0.00520	0.00616	0.00375	0.00369	0.00654	0.00973	0.01236	0.13745	0.31319	0.42255	0.03682	0.00588	0.00166	0.00239	0.01016	0.00416	0.00371
53	0.00870	0.00643	0.00764	0.00706	0.02073	0.00711	0.00496	0.14998	0.00958	0.01321	0.02939	0.05343	0.03921	0.41932	0.07275	0.00326	0.09490	0.00580	0.04245	0.00410
54	0.06476	0.00923	0.01513	0.32763	0.44574	0.01003	0.01226	0.01268	0.00945	0.02666	0.00839	0.02367	0.00684	0.00430	0.00431	0.00138	0.00531	0.00397	0.00222	0.00603
55	0.03053	0.00558	0.00643	0.00634	0.00769	0.01753	0.00499	0.05890	0.02686	0.03101	0.22282	0.09122	0.22820	0.04418	0.00594	0.00169	0.00305	0.18223	0.02053	0.00430

[dist]
# distance from previous block
# <min> <max>
0	13

[block]
# block no. 6 follows, 59 sequences, length 41
# corresponding to MSA columns:
# 593-633
name=unknown_G
#
# <colnr> <probs for GDERKNQSTAVLIFYWHMCP>
#	G	D	E	R	K	N	Q	S	T	A	V	L	I	F	Y	W	H	M	C	P
0	0.05504	0.03917	0.02935	0.01115	0.08282	0.19301	0.01581	0.24855	0.08089	0.04098	0.01000	0.02260	0.00797	0.00506	0.00442	0.00126	0.02957	0.02116	0.00327	0.09791
1	0.00856	0.00690	0.00836	0.00755	0.00924	0.02116	0.03340	0.04896	0.13180	0.04422	0.08821	0.15576	0.18608	0.00883	0.00577	0.00152	0.07595	0.06502	0.02786	0.06485
2	0.00895	0.05145	0.70703	0.01266	0.03976	0.01024	0.03152	0.01367	0.00940	0.01383	0.00880	0.01171	0.00682	0.00463	0.00428	0.00142	0.00630	0.04916	0.00201	0.00635
3	0.01179	0.00739	0.00940	0.03614	0.01112	0.00625	0.01740	0.01416	0.04981	0.24205	0.04226	0.08551	0.01160	0.00531	0.00404	0.00108	0.00348	0.01383	0.00372	0.42366
4	0.08174	0.00469	0.00556	0.00601	0.00698	0.00450	0.00451	0.00763	0.00963	0.01351	0.15515	0.35003	0.18505	0.01141	0.00531	0.00167	0.00274	0.13588	0.00410	0.00389
5	0.01542	0.01225	0.01221	0.00977	0.01290	0.08375	0.00791	0.57168	0.14191	0.02430	0.01162	0.01159	0.00848	0.00534	0.00432	0.00132	0.00477	0.00404	0.04938	0.00704
6	0.02587	0.07037	0.03217	0.01198	0.03078	0.06316	0.29056	0.01143	0.00964	0.01283	0.01369	0.23446	0.01407	0.00732	0.00523	0.00151	0.03096	0.07474	0.00288	0.05635
7	0.01646	0.01235	0.01392	0.01060	0.01419	0.01356	0.04969	0.76144	0.02023	0.02712	0.01052	0.01067	0.00747	0.00522	0.00446	0.00133	0.00499	0.00404	0.00430	0.00743
8	0.00741	0.00616	0.00916	0.00842	0.00924	0.00749	0.03548	0.02986	0.00750	0.01089	0.01056	0.01579	0.00990	0.05034	0.59057	0.00563	0.17439	0.00461	0.00234	0.00425
9	0.00541	0.00390	0.00514	0.00611	0.00644	0.00362	0.00413	0.00622	0.00856	0.01134	0.02524	0.78965	0.06463	0.01368	0.00563	0.00178	0.00258	0.02822	0.00410	0.00360
10	0.00610	0.00451	0.00570	0.00540	0.00651	0.00410	0.00405	0.00805	0.01215	0.01688	0.70354	0.03437	0.15356	0.00934	0.00521	0.00140	0.00211	0.00818	0.00475	0.00410
11	0.00886	0.02285	0.82190	0.01259	0.01912	0.01026	0.01632	0.01399	0.00932	0.01399	0.00793	0.00932	0.00559	0.00420	0.00420	0.00140	0.00653	0.00326	0.00186	0.00653
12	0.00550	0.00394	0.00523	0.00607	0.00643	0.00367	0.00411	0.00645	0.00901	0.01215	0.13206	0.73168	0.03091	0.01318	0.00558	0.00174	0.00250	0.01193	0.00420	0.00367
13	0.01644	0.01250	0.01304	0.01013	0.01357	0.04131	0.00832	0.73013	0.06661	0.02671	0.01091	0.01086	0.00780	0.00532	0.00441	0.00133	0.00489	0.00400	0.00435	0.00740
14	0.00752	0.00477	0.00619	0.00577	0.00702	0.00433	0.00435	0.00939	0.01203	0.10000	0.61758	0.09470	0.09093	0.00918	0.00516	0.00143	0.00231	0.00807	0.00481	0.00444
15	0.00596	0.00450	0.00587	0.00610	0.00675	0.00441	0.00439	0.00729	0.01008	0.01382	0.33557	0.41153	0.09547	0.01138	0.00595	0.00162	0.05114	0.00999	0.00427	0.00390
16	0.01851	0.00803	0.01038	0.00810	0.01140	0.00744	0.00665	0.08136	0.08985	0.66885	0.03046	0.01514	0.01144	0.00556	0.00446	0.00138	0.00379	0.00452	0.00528	0.00741
17	0.00972	0.00806	0.00944	0.00720	0.01048	0.00698	0.00572	0.10939	0.01041	0.01554	0.00992	0.10145	0.00913	0.00491	0.00423	0.00093	0.04423	0.00395	0.00297	0.62534
18	0.04842	0.01027	0.01184	0.02641	0.02099	0.07124	0.05128	0.23806	0.05500	0.19091	0.05841	0.02204	0.01025	0.00533	0.00481	0.00130	0.04784	0.00420	0.00389	0.11750
19	0.72391	0.00844	0.00772	0.00672	0.00936	0.00954	0.05142	0.03586	0.00816	0.01898	0.00803	0.08039	0.00711	0.00496	0.00318	0.00141	0.00362	0.00349	0.00287	0.00483
20	0.01058	0.08434	0.02380	0.01641	0.02050	0.01140	0.63787	0.05657	0.01072	0.01437	0.00958	0.05217	0.00782	0.00474	0.01716	0.00153	0.00689	0.00525	0.00242	0.00587
21	0.01084	0.56799	0.22427	0.00881	0.01310	0.02850	0.00961	0.01339	0.02140	0.01181	0.04891	0.00916	0.00764	0.00420	0.00335	0.00109	0.00508	0.00293	0.00208	0.00582
22	0.02424	0.01004	0.03137	0.00921	0.01243	0.06637	0.04838	0.18683	0.07247	0.34385	0.03982	0.01585	0.01130	0.00571	0.00450	0.00137	0.00447	0.05553	0.00440	0.05186
23	0.00697	0.00470	0.00569	0.00553	0.00685	0.00417	0.00418	0.00848	0.01098	0.08455	0.32003	0.14091	0.32778	0.01029	0.00524	0.00150	0.00243	0.04101	0.00450	0.00421
24	0.24613	0.00881	0.01055	0.00825	0.01146	0.00890	0.06383	0.16078	0.01228	0.32627	0.01202	0.01177	0.00822	0.00485	0.00391	0.00132	0.00402	0.00378	0.05474	0.03813
25	0.01018	0.39337	0.46299	0.01033	0.01562	0.01350	0.01238	0.01364	0.00917	0.01237	0.00712	0.00832	0.00563	0.00401	0.00358	0.00119	0.00572	0.00286	0.00188	0.00614
26	0.01087	0.56987	0.27175	0.00916	0.01376	0.01507	0.01027	0.01371	0.02875	0.01171	0.00699	0.00801	0.00584	0.00396	0.00330	0.00110	0.00526	0.00271	0.00195	0.00597
27	0.00689	0.00497	0.00680	0.00755	0.00860	0.00487	0.00647	0.00888	0.01052	0.01384	0.14531	0.04688	0.06839	0.01166	0.00592	0.00191	0.00367	0.62862	0.00419	0.00406
28	0.00932	0.00885	0.01502	0.52756	0.32934	0.01007	0.01276	0.01215	0.00930	0.01248	0.00802	0.01145	0.00631	0.00423	0.00440	0.00141	0.00564	0.00393	0.00205	0.00570
29	0.04498	0.01036	0.00919	0.00800	0.01030	0.20054	0.00623	0.13839	0.01275	0.18087	0.06293	0.09133	0.16810	0.00730	0.00457	0.00137	0.00440	0.01690	0.01599	0.00549
30	0.00642	0.00428	0.00482	0.00482	0.00482	0.00428	0.00268	0.00642	0.00642	0.00856	0.01392	0.02890	0.01606	0.84478	0.02248	0.00428	0.00428	0.00642	0.00268	0.00268
31	0.01955	0.00794	0.01051	0.00806	0.01149	0.00712	0.00666	0.08967	0.01335	0.75114	0.01683	0.01465	0.01063	0.00545	0.00444	0.00136	0.00385	0.00440	0.00537	0.00752
32	0.00955	0.17786	0.60138	0.01216	0.01799	0.01170	0.08315	0.01386	0.00935	0.01332	0.00768	0.00913	0.00571	0.00408	0.00403	0.00132	0.00627	0.00326	0.00190	0.00631
33	0.01001	0.01100	0.02281	0.01686	0.03456	0.01079	0.63845	0.01311	0.00970	0.01331	0.00905	0.01315	0.00743	0.07752	0.00763	0.00177	0.08986	0.00516	0.00224	0.00558
34	0.00538	0.00384	0.00512	0.00615	0.00641	0.00359	0.00410	0.00615	0.00846	0.01127	0.02434	0.84190	0.02921	0.01384	0.00564	0.00179	0.00256	0.01256	0.00410	0.00359
35	0.01000	0.00954	0.01624	0.31830	0.53334	0.01025	0.01309	0.01274	0.00961	0.01329	0.00814	0.01124	0.00660	0.00411	0.00439	0.00137	0.00548	0.00393	0.00211	0.00624
36	0.00916	0.00785	0.00916	0.00654	0.01047	0.00589	0.00523	0.01112	0.00916	0.01439	0.00785	0.00916	0.00654	0.00327	0.00327	0.00065	0.00327	0.00262	0.00262	0.87178
37	0.00539	0.00400	0.00507	0.00587	0.00638	0.00369	0.00401	0.00625	0.00871	0.01136	0.02777	0.65810	0.17877	0.01406	0.03649	0.00194	0.00285	0.01164	0.00403	0.00363
38	0.00633	0.00464	0.00598	0.00556	0.00672	0.00422	0.00418	0.00838	0.01230	0.01740	0.76011	0.03240	0.06487	0.00888	0.00514	0.00136	0.00213	0.00783	0.00475	0.03681
39	0.00857	0.00925	0.06041	0.01132	0.01335	0.02562	0.25227	0.01057	0.00889	0.01218	0.06025	0.05974	0.07640	0.15517	0.01025	0.00209	0.18578	0.03052	0.00268	0.00469
40	0.00550	0.00392	0.00518	0.00610	0.00639	0.00368	0.00409	0.00631	0.00853	0.01141	0.05274	0.75348	0.02890	0.05691	0.00651	0.00191	0.00267	0.02815	0.00405	0.00357

[dist]
# distance from previous block
# <min> <max>
0	16

# created by:
# /home/cegg/simao/soft/augustus-3.2.1/scripts/msa2prfl.pl ./align_prep/EOG091G0K0D.fa
