[name]
unknown

[dist]
# distance from previous block
# <min> <max>
0	266

[block]
# block no. 0 follows, 44 sequences, length 23
# corresponding to MSA columns:
# 410-432
name=unknown_A
#
# <colnr> <probs for GDERKNQSTAVLIFYWHMCP>
#	G	D	E	R	K	N	Q	S	T	A	V	L	I	F	Y	W	H	M	C	P
0	0.03781	0.06778	0.01518	0.06616	0.01584	0.01279	0.03988	0.19930	0.03635	0.12094	0.12308	0.02151	0.01714	0.00810	0.00759	0.00184	0.13130	0.06561	0.00458	0.00723
1	0.01510	0.01081	0.12091	0.00968	0.01311	0.00806	0.00870	0.07767	0.01452	0.29857	0.11892	0.18629	0.07471	0.00971	0.00593	0.00181	0.00454	0.00829	0.00544	0.00724
2	0.00702	0.00523	0.00644	0.00702	0.00787	0.00472	0.00480	0.00816	0.01103	0.01459	0.09337	0.49825	0.17052	0.08707	0.00857	0.00232	0.00327	0.01307	0.00490	0.04178
3	0.08542	0.16138	0.05392	0.01189	0.01602	0.01681	0.02724	0.39405	0.08271	0.02594	0.01179	0.01245	0.00893	0.00625	0.00580	0.00163	0.06081	0.00447	0.00429	0.00819
4	0.01333	0.01102	0.03141	0.23122	0.03649	0.04565	0.03083	0.15176	0.04454	0.08141	0.06826	0.16188	0.01692	0.00852	0.00634	0.00184	0.04032	0.00723	0.00422	0.00680
5	0.01154	0.04160	0.01134	0.00821	0.01204	0.03938	0.00647	0.03945	0.01145	0.01658	0.01280	0.01482	0.06123	0.00704	0.00675	0.12192	0.00443	0.00408	0.00326	0.56560
6	0.02104	0.00959	0.01234	0.00964	0.01345	0.00884	0.00788	0.12877	0.01691	0.53649	0.13345	0.02093	0.01848	0.00731	0.00558	0.00166	0.00451	0.00600	0.00635	0.03079
7	0.01218	0.15003	0.38867	0.01577	0.12774	0.01338	0.01517	0.05771	0.01227	0.01739	0.01108	0.06644	0.00942	0.00586	0.00498	0.00157	0.00668	0.00475	0.00281	0.07609
8	0.01563	0.07414	0.28164	0.01494	0.08696	0.04499	0.03420	0.19892	0.01561	0.09675	0.01162	0.01259	0.00844	0.00551	0.00511	0.00157	0.00669	0.00437	0.00366	0.07667
9	0.00885	0.07147	0.00854	0.00702	0.00801	0.00703	0.00512	0.01020	0.00932	0.01366	0.01626	0.05990	0.01624	0.28781	0.26537	0.00508	0.00767	0.00657	0.18134	0.00454
10	0.36244	0.02876	0.08880	0.00809	0.01097	0.00985	0.00709	0.02634	0.04193	0.02089	0.20106	0.02150	0.01992	0.12232	0.00796	0.00221	0.00443	0.00567	0.00401	0.00576
11	0.01806	0.02066	0.01337	0.01207	0.01459	0.55682	0.00905	0.07968	0.01518	0.01588	0.01076	0.01340	0.00909	0.06148	0.00638	0.00167	0.00815	0.00416	0.12335	0.00617
12	0.01534	0.45522	0.02527	0.04767	0.01789	0.19133	0.12268	0.01751	0.01224	0.01370	0.00837	0.01024	0.00721	0.00505	0.00478	0.00139	0.03103	0.00372	0.00251	0.00683
13	0.03802	0.01321	0.10617	0.04219	0.01677	0.01049	0.05092	0.14314	0.03442	0.07196	0.01143	0.01262	0.00865	0.00500	0.00473	0.00127	0.00533	0.00408	0.00375	0.41585
14	0.01587	0.12769	0.05321	0.13055	0.01929	0.07664	0.06938	0.10046	0.08436	0.16297	0.01521	0.05255	0.01224	0.00690	0.00539	0.00170	0.00623	0.04769	0.00418	0.00748
15	0.00690	0.00513	0.00643	0.00697	0.00786	0.00466	0.00490	0.00839	0.01223	0.01628	0.24077	0.43991	0.19007	0.01477	0.00671	0.00200	0.00292	0.01312	0.00532	0.00466
16	0.01146	0.14095	0.67199	0.01464	0.02221	0.01394	0.01859	0.01713	0.01145	0.01663	0.00947	0.01111	0.00692	0.00511	0.00494	0.00165	0.00774	0.00387	0.00231	0.00790
17	0.01280	0.01157	0.07004	0.01057	0.01309	0.11967	0.03888	0.02755	0.03593	0.12140	0.11860	0.16372	0.04716	0.01045	0.00640	0.00190	0.02267	0.13366	0.02769	0.00622
18	0.01190	0.00702	0.01043	0.01000	0.01192	0.00657	0.05770	0.01397	0.01265	0.18749	0.04088	0.28305	0.02766	0.01304	0.00679	0.00217	0.00458	0.28095	0.00529	0.00595
19	0.00947	0.00473	0.00710	0.00710	0.00710	0.00473	0.00473	0.00710	0.00710	0.00947	0.00947	0.01657	0.00947	0.01894	0.02131	0.84138	0.00473	0.00473	0.00237	0.00237
20	0.02205	0.00874	0.01188	0.00929	0.01309	0.00760	0.00760	0.02423	0.01558	0.66933	0.12945	0.02175	0.01896	0.00738	0.00562	0.00169	0.00434	0.00611	0.00664	0.00868
21	0.00917	0.00628	0.00774	0.00819	0.02389	0.00597	0.00650	0.03133	0.01306	0.04546	0.10537	0.05901	0.24138	0.01237	0.00640	0.00199	0.00379	0.28174	0.12513	0.00525
22	0.01481	0.01216	0.02029	0.09203	0.60500	0.01217	0.01535	0.01792	0.01275	0.12692	0.01183	0.01431	0.00922	0.00518	0.00541	0.00165	0.00628	0.00495	0.00326	0.00852

[dist]
# distance from previous block
# <min> <max>
0	1

[block]
# block no. 1 follows, 44 sequences, length 22
# corresponding to MSA columns:
# 434-455
name=unknown_B
#
# <colnr> <probs for GDERKNQSTAVLIFYWHMCP>
#	G	D	E	R	K	N	Q	S	T	A	V	L	I	F	Y	W	H	M	C	P
0	0.00909	0.00700	0.00893	0.00890	0.01023	0.00760	0.00700	0.03395	0.10133	0.01596	0.06760	0.06896	0.09278	0.10554	0.22160	0.00428	0.03755	0.18207	0.00430	0.00533
1	0.01311	0.17578	0.26669	0.01818	0.12680	0.06688	0.16806	0.01706	0.01187	0.01596	0.00940	0.01182	0.00747	0.00525	0.00602	0.00165	0.06355	0.00444	0.00250	0.00752
2	0.01304	0.01104	0.01547	0.01324	0.01384	0.01473	0.01098	0.01441	0.00926	0.10465	0.00957	0.01361	0.00852	0.01215	0.08848	0.00290	0.62994	0.00496	0.00296	0.00626
3	0.02182	0.00892	0.01174	0.00930	0.01303	0.00801	0.00766	0.05921	0.01544	0.61513	0.02101	0.02057	0.01421	0.00709	0.00538	0.00167	0.00447	0.04060	0.10618	0.00857
4	0.01178	0.19451	0.59148	0.01450	0.02174	0.01460	0.04597	0.01707	0.01147	0.01633	0.00936	0.01104	0.00698	0.00505	0.00487	0.00161	0.00763	0.00388	0.00233	0.00780
5	0.00938	0.00805	0.01102	0.00946	0.01178	0.00797	0.09542	0.01486	0.18497	0.01998	0.35222	0.03556	0.19705	0.01009	0.00623	0.00179	0.00380	0.00897	0.00530	0.00608
6	0.00999	0.00927	0.01089	0.01032	0.01135	0.10180	0.00812	0.01174	0.00949	0.01282	0.01262	0.01844	0.01175	0.03142	0.56445	0.00681	0.14529	0.00538	0.00282	0.00523
7	0.00866	0.00634	0.00838	0.00985	0.09873	0.00642	0.00571	0.00944	0.00897	0.01214	0.01724	0.03429	0.01907	0.57616	0.08420	0.00487	0.00615	0.07579	0.00336	0.00423
8	0.01801	0.11714	0.01780	0.08873	0.09738	0.54177	0.01147	0.01986	0.01418	0.01380	0.00863	0.01052	0.00721	0.00541	0.00485	0.00144	0.00876	0.00371	0.00270	0.00662
9	0.00666	0.00491	0.00624	0.00721	0.00783	0.00449	0.00491	0.00776	0.01101	0.01443	0.06987	0.64199	0.16024	0.01625	0.00685	0.00213	0.00307	0.01456	0.00511	0.00449
10	0.00654	0.00516	0.00589	0.00648	0.00761	0.00452	0.00457	0.00772	0.01151	0.01435	0.04360	0.39988	0.43227	0.01532	0.00668	0.00201	0.00295	0.01335	0.00506	0.00452
11	0.01591	0.01176	0.01368	0.01336	0.12359	0.01268	0.00930	0.37534	0.08415	0.02676	0.01634	0.01715	0.04242	0.00663	0.00510	0.00157	0.00495	0.00532	0.20607	0.00792
12	0.02114	0.01393	0.01545	0.01192	0.01619	0.01500	0.00982	0.57965	0.05707	0.18031	0.01516	0.01449	0.01044	0.00662	0.00546	0.00166	0.00566	0.00508	0.00571	0.00924
13	0.00912	0.00582	0.00762	0.00717	0.00863	0.00531	0.00537	0.01142	0.01477	0.09159	0.59159	0.12747	0.07007	0.01151	0.00640	0.00177	0.00284	0.01016	0.00593	0.00543
14	0.01434	0.74198	0.02753	0.00976	0.01402	0.02115	0.00955	0.01605	0.01084	0.01285	0.00754	0.00902	0.00701	0.00509	0.00475	0.00127	0.07491	0.00308	0.00234	0.00691
15	0.01340	0.01007	0.01169	0.00877	0.01317	0.00860	0.00703	0.07993	0.07926	0.09110	0.03769	0.01410	0.01101	0.00509	0.00450	0.00109	0.00421	0.00410	0.02195	0.57323
16	0.01530	0.01251	0.01987	0.12744	0.32001	0.01295	0.10810	0.12057	0.07798	0.11096	0.01302	0.01492	0.00975	0.00558	0.00557	0.00170	0.00646	0.00525	0.00377	0.00829
17	0.04852	0.00822	0.01063	0.10362	0.04464	0.02043	0.02887	0.08113	0.01181	0.03589	0.05614	0.12992	0.04810	0.18409	0.02269	0.04297	0.04204	0.00748	0.06741	0.00538
18	0.00664	0.00474	0.00633	0.00759	0.00791	0.00443	0.00506	0.00759	0.01044	0.01392	0.03005	0.80485	0.03606	0.01708	0.00696	0.00221	0.00316	0.01550	0.00506	0.00443
19	0.01329	0.01252	0.01919	0.29034	0.39864	0.04278	0.01520	0.08516	0.01312	0.01772	0.01016	0.01362	0.00812	0.00540	0.00580	0.00170	0.03193	0.00480	0.00286	0.00764
20	0.00664	0.00474	0.00633	0.00759	0.00791	0.00443	0.00506	0.00759	0.01044	0.01392	0.03005	0.80485	0.03606	0.01708	0.00696	0.00221	0.00316	0.01550	0.00506	0.00443
21	0.01428	0.01186	0.01251	0.01102	0.01418	0.01361	0.00864	0.11535	0.64504	0.02409	0.02092	0.01947	0.01565	0.00725	0.00546	0.00180	0.00444	0.00597	0.03990	0.00856

[dist]
# distance from previous block
# <min> <max>
0	1

[block]
# block no. 2 follows, 44 sequences, length 19
# corresponding to MSA columns:
# 457-475
name=unknown_C
#
# <colnr> <probs for GDERKNQSTAVLIFYWHMCP>
#	G	D	E	R	K	N	Q	S	T	A	V	L	I	F	Y	W	H	M	C	P
0	0.01252	0.01140	0.01699	0.06967	0.38457	0.01055	0.01208	0.03203	0.01214	0.01792	0.01004	0.01261	0.00832	0.00458	0.00482	0.00128	0.00547	0.00416	0.00297	0.36585
1	0.01131	0.00955	0.01222	0.01074	0.01213	0.03032	0.02227	0.09089	0.03620	0.03622	0.19371	0.06301	0.06027	0.01396	0.10897	0.00286	0.25468	0.02048	0.00417	0.00601
2	0.01458	0.81168	0.02857	0.00933	0.01399	0.02157	0.00933	0.01632	0.01108	0.01283	0.00758	0.00875	0.00700	0.00466	0.00350	0.00117	0.00583	0.00292	0.00233	0.00700
3	0.01444	0.57210	0.11258	0.01218	0.03755	0.04480	0.07589	0.04786	0.01208	0.01479	0.00846	0.00993	0.00724	0.00483	0.00413	0.00133	0.00653	0.00351	0.00252	0.00727
4	0.03153	0.03727	0.20502	0.05945	0.08052	0.02698	0.19844	0.01619	0.02721	0.06657	0.05208	0.11143	0.01482	0.00733	0.00584	0.00182	0.00676	0.04019	0.00348	0.00708
5	0.00660	0.00550	0.00579	0.00598	0.00765	0.00469	0.00451	0.00802	0.01227	0.01476	0.05149	0.11625	0.66460	0.01416	0.00655	0.00191	0.00293	0.05667	0.00506	0.00461
6	0.00819	0.00627	0.00912	0.00893	0.00977	0.00746	0.00692	0.00996	0.00874	0.01275	0.01425	0.02154	0.01352	0.08662	0.65716	0.00784	0.07630	0.00587	0.02390	0.00486
7	0.01571	0.06620	0.08546	0.03374	0.17117	0.03852	0.12837	0.22455	0.09449	0.05198	0.01347	0.01469	0.02469	0.00585	0.00546	0.00167	0.00661	0.00517	0.00392	0.00828
8	0.01322	0.09349	0.17979	0.03403	0.13389	0.01287	0.02883	0.05399	0.15385	0.07336	0.04284	0.08320	0.01381	0.00716	0.00610	0.00175	0.05037	0.00591	0.00384	0.00769
9	0.00784	0.00528	0.00612	0.00620	0.00627	0.00531	0.00360	0.00800	0.00813	0.01089	0.01784	0.08241	0.02050	0.71927	0.06631	0.00528	0.00564	0.00829	0.00339	0.00345
10	0.01130	0.01044	0.01739	0.59543	0.09319	0.01228	0.06027	0.06172	0.01217	0.01589	0.01104	0.01683	0.00883	0.00592	0.00562	0.00183	0.00712	0.04341	0.00280	0.00649
11	0.04001	0.04811	0.38386	0.09678	0.11284	0.01295	0.08672	0.04873	0.01238	0.04419	0.03403	0.01341	0.00897	0.00551	0.00564	0.00172	0.02895	0.00465	0.00285	0.00769
12	0.01480	0.18712	0.08796	0.05864	0.07991	0.05036	0.04217	0.11659	0.11809	0.07764	0.04834	0.01691	0.02593	0.01754	0.00543	0.00165	0.00594	0.02117	0.01621	0.00761
13	0.00793	0.00529	0.00595	0.00595	0.00595	0.00529	0.00330	0.00793	0.00793	0.01057	0.01718	0.03568	0.01982	0.80840	0.02775	0.00529	0.00529	0.00793	0.00330	0.00330
14	0.06687	0.01217	0.06311	0.05680	0.08643	0.01038	0.00947	0.13900	0.01380	0.04444	0.01055	0.01207	0.00824	0.00484	0.00456	0.00122	0.00507	0.00386	0.00356	0.44357
15	0.01447	0.60885	0.08919	0.01193	0.07686	0.01921	0.01075	0.01750	0.05340	0.04064	0.00928	0.01035	0.00789	0.00495	0.00398	0.00131	0.00594	0.00344	0.00269	0.00739
16	0.00750	0.00559	0.00750	0.00912	0.05700	0.00532	0.00590	0.00867	0.01060	0.01402	0.02884	0.49616	0.09167	0.13047	0.00989	0.00262	0.00386	0.09597	0.00465	0.00462
17	0.01510	0.15060	0.05351	0.08296	0.27305	0.21689	0.03618	0.03262	0.01295	0.01570	0.00943	0.01188	0.00784	0.00531	0.00536	0.00153	0.03389	0.00419	0.02370	0.00732
18	0.00715	0.00547	0.00655	0.00645	0.00784	0.00488	0.00477	0.00912	0.01384	0.01848	0.43729	0.12216	0.31083	0.01271	0.00649	0.00181	0.00270	0.01103	0.00557	0.00488

[dist]
# distance from previous block
# <min> <max>
0	2

[block]
# block no. 3 follows, 44 sequences, length 14
# corresponding to MSA columns:
# 478-491
name=unknown_D
#
# <colnr> <probs for GDERKNQSTAVLIFYWHMCP>
#	G	D	E	R	K	N	Q	S	T	A	V	L	I	F	Y	W	H	M	C	P
0	0.08262	0.32498	0.10360	0.05122	0.12440	0.04967	0.02634	0.10362	0.01333	0.05942	0.00981	0.01121	0.00779	0.00519	0.00449	0.00147	0.00629	0.00387	0.00310	0.00758
1	0.00964	0.00803	0.00987	0.03725	0.10724	0.05598	0.00734	0.01204	0.03572	0.03513	0.23073	0.18843	0.10770	0.04718	0.05745	0.00240	0.00482	0.00928	0.02817	0.00560
2	0.00670	0.00515	0.00613	0.00669	0.00772	0.00458	0.00471	0.00802	0.01183	0.01522	0.13176	0.41583	0.32595	0.01506	0.00669	0.00201	0.00293	0.01324	0.00518	0.00458
3	0.01546	0.29662	0.02031	0.01460	0.13303	0.20431	0.01057	0.03865	0.13090	0.01625	0.04399	0.01315	0.01077	0.00580	0.00496	0.00147	0.02434	0.00427	0.00325	0.00730
4	0.01131	0.08524	0.38121	0.01173	0.01761	0.02685	0.01317	0.01542	0.01171	0.03235	0.03627	0.04498	0.04926	0.00595	0.00490	0.00144	0.00610	0.00474	0.00302	0.23672
5	0.04739	0.37395	0.20128	0.01216	0.01733	0.11892	0.05021	0.04113	0.01253	0.06573	0.00948	0.01063	0.00750	0.00512	0.00442	0.00143	0.00692	0.00367	0.00284	0.00735
6	0.01201	0.13813	0.43710	0.01344	0.03306	0.02777	0.03765	0.03709	0.01227	0.05084	0.03257	0.06077	0.05607	0.00673	0.00524	0.00168	0.00677	0.02029	0.00309	0.00740
7	0.00688	0.00504	0.00652	0.00761	0.00825	0.00468	0.00540	0.00808	0.01097	0.01433	0.03333	0.61003	0.13566	0.01638	0.00696	0.00220	0.00334	0.10474	0.00506	0.00453
8	0.01349	0.01295	0.02213	0.03346	0.77440	0.01295	0.01673	0.01673	0.01241	0.01781	0.01025	0.01349	0.00864	0.00486	0.00540	0.00162	0.00648	0.00486	0.00270	0.00864
9	0.05588	0.01587	0.01571	0.01238	0.01649	0.08765	0.01010	0.61904	0.06203	0.03140	0.01289	0.01298	0.00930	0.00644	0.00532	0.00163	0.00619	0.00476	0.00512	0.00882
10	0.01565	0.10492	0.26319	0.01191	0.01726	0.06225	0.01224	0.08052	0.06950	0.17220	0.03024	0.01394	0.01032	0.00574	0.00498	0.00153	0.00618	0.00443	0.00393	0.10906
11	0.01341	0.19056	0.38899	0.01283	0.01885	0.01385	0.03613	0.06194	0.03804	0.08332	0.06015	0.01389	0.01091	0.00570	0.00496	0.00158	0.00661	0.00446	0.00327	0.03056
12	0.16779	0.01144	0.01304	0.01029	0.01425	0.06029	0.03444	0.11826	0.01568	0.45128	0.03784	0.01606	0.01207	0.00640	0.00513	0.00167	0.00518	0.00499	0.00557	0.00831
13	0.01349	0.01295	0.02213	0.03346	0.77440	0.01295	0.01673	0.01673	0.01241	0.01781	0.01025	0.01349	0.00864	0.00486	0.00540	0.00162	0.00648	0.00486	0.00270	0.00864

[dist]
# distance from previous block
# <min> <max>
0	1

[block]
# block no. 4 follows, 44 sequences, length 10
# corresponding to MSA columns:
# 493-502
name=unknown_E
#
# <colnr> <probs for GDERKNQSTAVLIFYWHMCP>
#	G	D	E	R	K	N	Q	S	T	A	V	L	I	F	Y	W	H	M	C	P
0	0.01271	0.01137	0.01838	0.12419	0.42656	0.02720	0.05707	0.01597	0.02809	0.06023	0.04878	0.04410	0.06478	0.00669	0.00570	0.00173	0.00608	0.02940	0.00341	0.00754
1	0.00947	0.00473	0.00710	0.00710	0.00710	0.00473	0.00473	0.00710	0.00710	0.00947	0.00947	0.01657	0.00947	0.01894	0.02131	0.84138	0.00473	0.00473	0.00237	0.00237
2	0.01030	0.00969	0.01635	0.79530	0.03755	0.01211	0.01514	0.01393	0.01090	0.01393	0.00969	0.01453	0.00727	0.00545	0.00545	0.00182	0.00727	0.00484	0.00242	0.00606
3	0.01321	0.08650	0.10291	0.01016	0.01480	0.03671	0.03077	0.07527	0.03637	0.06547	0.03115	0.04672	0.01102	0.02148	0.00513	0.00132	0.00517	0.00454	0.00363	0.39768
4	0.00780	0.00529	0.00627	0.00638	0.00651	0.00536	0.00382	0.00808	0.00824	0.01109	0.01810	0.10508	0.02069	0.65760	0.10289	0.00536	0.00604	0.00841	0.00343	0.00357
5	0.01103	0.00550	0.00610	0.00603	0.00748	0.00536	0.00461	0.01338	0.01178	0.08716	0.01993	0.09498	0.01704	0.00791	0.00448	0.00147	0.00294	0.05145	0.63597	0.00539
6	0.01247	0.02025	0.31578	0.01279	0.01705	0.22827	0.01299	0.01590	0.01233	0.01517	0.01509	0.11849	0.03344	0.01109	0.07754	0.00241	0.00816	0.06116	0.00313	0.00649
7	0.01295	0.01455	0.08063	0.07114	0.29551	0.07021	0.18647	0.04010	0.01258	0.01690	0.01281	0.03195	0.04266	0.03767	0.00721	0.00188	0.04880	0.00568	0.00292	0.00737
8	0.00791	0.00537	0.00636	0.00636	0.00650	0.00551	0.00382	0.00819	0.00805	0.01087	0.01680	0.03360	0.01892	0.69648	0.13844	0.00579	0.00664	0.00762	0.00325	0.00353
9	0.01376	0.09161	0.34445	0.01971	0.21925	0.15820	0.04375	0.01789	0.01250	0.01630	0.00951	0.01160	0.00744	0.00511	0.00509	0.00159	0.00782	0.00414	0.00252	0.00777

[dist]
# distance from previous block
# <min> <max>
0	1

[block]
# block no. 5 follows, 44 sequences, length 30
# corresponding to MSA columns:
# 504-533
name=unknown_F
#
# <colnr> <probs for GDERKNQSTAVLIFYWHMCP>
#	G	D	E	R	K	N	Q	S	T	A	V	L	I	F	Y	W	H	M	C	P
0	0.01057	0.00957	0.02500	0.04734	0.12986	0.00935	0.11949	0.07248	0.03202	0.01899	0.19580	0.09645	0.13625	0.00950	0.00649	0.00184	0.02405	0.04418	0.00441	0.00637
1	0.00743	0.00546	0.00696	0.00680	0.00802	0.00499	0.00502	0.00965	0.01443	0.01999	0.59108	0.14276	0.13266	0.01223	0.00650	0.00180	0.00267	0.01079	0.00577	0.00499
2	0.01234	0.08544	0.62997	0.01495	0.02226	0.04695	0.04086	0.01785	0.01189	0.05398	0.01017	0.01167	0.00728	0.00522	0.00510	0.00167	0.00784	0.00407	0.00256	0.00794
3	0.01458	0.81168	0.02857	0.00933	0.01399	0.02157	0.00933	0.01632	0.01108	0.01283	0.00758	0.00875	0.00700	0.00466	0.00350	0.00117	0.00583	0.00292	0.00233	0.00700
4	0.00801	0.00549	0.00734	0.00734	0.00779	0.00594	0.00505	0.00868	0.00823	0.01142	0.01528	0.02737	0.01602	0.38356	0.37501	0.08430	0.00950	0.00668	0.00304	0.00393
5	0.02062	0.02191	0.01565	0.01341	0.01677	0.50868	0.01039	0.26164	0.01878	0.04638	0.01040	0.01119	0.00798	0.00596	0.00511	0.00149	0.00840	0.00403	0.00381	0.00738
6	0.00796	0.00569	0.00773	0.00787	0.00852	0.00619	0.00575	0.00925	0.00890	0.01232	0.01723	0.03139	0.01800	0.32098	0.41524	0.00674	0.01004	0.09260	0.00331	0.00431
7	0.69956	0.01032	0.00884	0.00762	0.01115	0.01147	0.00628	0.01791	0.01041	0.15950	0.01008	0.01059	0.00726	0.00536	0.00375	0.00169	0.00429	0.00341	0.00398	0.00651
8	0.01356	0.01171	0.01233	0.01109	0.01418	0.01356	0.00863	0.02897	0.76455	0.02281	0.02219	0.02034	0.01664	0.00740	0.00555	0.00185	0.00431	0.00616	0.00555	0.00863
9	0.00673	0.00485	0.00639	0.00759	0.00803	0.00452	0.00518	0.00776	0.01063	0.01406	0.03124	0.73537	0.07231	0.01683	0.00696	0.00221	0.00322	0.04660	0.00506	0.00446
10	0.00684	0.00497	0.00649	0.00756	0.00813	0.00462	0.00527	0.00801	0.01099	0.01452	0.06431	0.64818	0.10137	0.01638	0.00693	0.00218	0.00324	0.07039	0.00510	0.00452
11	0.01030	0.00969	0.01635	0.79530	0.03755	0.01211	0.01514	0.01393	0.01090	0.01393	0.00969	0.01453	0.00727	0.00545	0.00545	0.00182	0.00727	0.00484	0.00242	0.00606
12	0.01069	0.00637	0.00828	0.00856	0.02912	0.00589	0.00602	0.04299	0.01264	0.15414	0.08106	0.46852	0.11684	0.01366	0.00649	0.00200	0.00355	0.01211	0.00539	0.00569
13	0.01524	0.67145	0.02627	0.03844	0.01525	0.12951	0.00971	0.01701	0.01169	0.01294	0.00778	0.00911	0.00701	0.00483	0.00377	0.00122	0.00645	0.00307	0.00240	0.00687
14	0.01530	0.00861	0.00936	0.00788	0.01057	0.02665	0.00625	0.13233	0.04986	0.18269	0.01738	0.01808	0.01278	0.00637	0.00454	0.00142	0.00386	0.00505	0.42841	0.05259
15	0.02934	0.04570	0.19216	0.03493	0.04712	0.01450	0.03268	0.31782	0.13690	0.05357	0.03242	0.01464	0.01086	0.00625	0.00535	0.00169	0.00617	0.00498	0.00440	0.00849
16	0.14332	0.09476	0.07001	0.07459	0.27768	0.01318	0.10985	0.04776	0.01208	0.01836	0.01145	0.08178	0.01022	0.00604	0.00515	0.00169	0.00626	0.00545	0.00306	0.00731
17	0.06066	0.44509	0.33514	0.01175	0.01773	0.01739	0.01356	0.01669	0.01115	0.01531	0.00848	0.00988	0.00690	0.00490	0.00418	0.00143	0.00665	0.00337	0.00238	0.00737
18	0.00780	0.00573	0.00821	0.00817	0.00902	0.00643	0.00614	0.00952	0.00925	0.01320	0.08508	0.02533	0.01805	0.15265	0.60128	0.00759	0.01210	0.00652	0.00326	0.00466
19	0.01784	0.03488	0.01561	0.07902	0.01790	0.04939	0.01031	0.45651	0.21167	0.02820	0.01477	0.01480	0.01082	0.00658	0.00540	0.00168	0.00584	0.00511	0.00502	0.00865
20	0.01134	0.04019	0.59538	0.01423	0.02148	0.03033	0.03357	0.01674	0.01159	0.01718	0.00972	0.01145	0.00715	0.00497	0.00497	0.00155	0.00737	0.00391	0.00249	0.15441
21	0.01253	0.11836	0.48023	0.01660	0.10413	0.03369	0.04433	0.01730	0.01170	0.04502	0.00989	0.01175	0.00744	0.00533	0.00566	0.00166	0.04616	0.00414	0.00257	0.02152
22	0.02037	0.02598	0.01545	0.01404	0.01685	0.78652	0.01053	0.02177	0.01545	0.01334	0.00843	0.00983	0.00702	0.00562	0.00492	0.00140	0.00983	0.00351	0.00281	0.00632
23	0.01747	0.01333	0.01429	0.01173	0.01548	0.01494	0.00944	0.37958	0.37669	0.06016	0.01777	0.01677	0.01296	0.00696	0.00550	0.00174	0.00514	0.00553	0.00555	0.00897
24	0.00779	0.00641	0.00676	0.00675	0.00858	0.00605	0.00509	0.01138	0.12862	0.01616	0.04522	0.12294	0.52541	0.01292	0.00630	0.00188	0.00312	0.03806	0.03530	0.00524
25	0.00700	0.00500	0.00611	0.00685	0.00726	0.00470	0.00443	0.00772	0.00994	0.01302	0.02932	0.48460	0.12146	0.25128	0.01306	0.00308	0.00374	0.01276	0.00454	0.00412
26	0.01175	0.03398	0.04284	0.00817	0.01055	0.00715	0.00673	0.01527	0.06784	0.16853	0.51507	0.03267	0.03824	0.00956	0.00603	0.00170	0.00344	0.00827	0.00583	0.00638
27	0.01189	0.00997	0.01140	0.04321	0.01375	0.00983	0.00751	0.04882	0.28802	0.02043	0.11578	0.01950	0.01735	0.03179	0.00578	0.00153	0.00420	0.00547	0.00450	0.32925
28	0.01063	0.03613	0.01758	0.71658	0.05541	0.01251	0.04700	0.01423	0.01103	0.01415	0.00969	0.01433	0.00734	0.00537	0.00543	0.00179	0.00728	0.00485	0.00244	0.00621
29	0.00810	0.00659	0.00812	0.00785	0.03397	0.00592	0.03758	0.01063	0.04992	0.04018	0.19096	0.04463	0.51135	0.01206	0.00633	0.00180	0.00326	0.01030	0.00515	0.00530

[dist]
# distance from previous block
# <min> <max>
0	3

[block]
# block no. 6 follows, 44 sequences, length 19
# corresponding to MSA columns:
# 537-555
name=unknown_G
#
# <colnr> <probs for GDERKNQSTAVLIFYWHMCP>
#	G	D	E	R	K	N	Q	S	T	A	V	L	I	F	Y	W	H	M	C	P
0	0.01309	0.01388	0.02693	0.02228	0.13585	0.01362	0.50453	0.01953	0.15507	0.01853	0.01303	0.01559	0.00991	0.00516	0.00611	0.00181	0.00787	0.00615	0.00328	0.00778
1	0.00793	0.00529	0.00595	0.00595	0.00595	0.00529	0.00330	0.00793	0.00793	0.01057	0.01718	0.03568	0.01982	0.80840	0.02775	0.00529	0.00529	0.00793	0.00330	0.00330
2	0.00767	0.00535	0.00675	0.00694	0.00732	0.00552	0.00456	0.00833	0.00869	0.01177	0.01984	0.14795	0.05165	0.43690	0.22277	0.02468	0.00729	0.00860	0.00352	0.00392
3	0.01966	0.00891	0.01183	0.00944	0.01334	0.00762	0.00783	0.02188	0.01434	0.52183	0.02036	0.02352	0.01511	0.00746	0.00551	0.00164	0.00458	0.11311	0.00583	0.16621
4	0.00677	0.00540	0.00607	0.00627	0.00771	0.00471	0.00462	0.00830	0.01258	0.01586	0.17466	0.19307	0.48699	0.01400	0.00657	0.00191	0.00287	0.03175	0.00522	0.00468
5	0.01173	0.02364	0.52131	0.01404	0.01998	0.12575	0.01620	0.01650	0.01157	0.01581	0.01050	0.01314	0.00820	0.01200	0.15308	0.00301	0.00956	0.00430	0.00249	0.00720
6	0.00793	0.00654	0.00711	0.00710	0.00882	0.00631	0.00526	0.01197	0.15461	0.01666	0.10038	0.19694	0.42414	0.01304	0.00638	0.00191	0.00312	0.01117	0.00523	0.00537
7	0.01865	0.00807	0.01086	0.00891	0.01216	0.00728	0.00721	0.02062	0.01384	0.52063	0.02518	0.02410	0.12548	0.01425	0.15350	0.00305	0.00625	0.00644	0.00577	0.00775
8	0.01149	0.16222	0.02100	0.53257	0.03175	0.01415	0.12316	0.01490	0.01122	0.01424	0.00949	0.01346	0.00736	0.00518	0.00523	0.00170	0.00728	0.00471	0.00245	0.00643
9	0.01929	0.17398	0.01799	0.01305	0.01632	0.59036	0.01029	0.06977	0.01530	0.01465	0.00858	0.00984	0.00717	0.00550	0.00468	0.00137	0.00882	0.00349	0.00290	0.00665
10	0.00944	0.00838	0.01313	0.46271	0.05762	0.00961	0.01192	0.01245	0.01166	0.01491	0.04372	0.03033	0.13749	0.00877	0.00603	0.00194	0.00594	0.14478	0.00346	0.00570
11	0.03402	0.16988	0.40454	0.01169	0.01686	0.01249	0.01329	0.02822	0.01081	0.01536	0.01179	0.04907	0.01092	0.17774	0.00973	0.00240	0.00669	0.00512	0.00272	0.00665
12	0.49013	0.01326	0.01080	0.02938	0.01280	0.15891	0.00785	0.01607	0.01043	0.01971	0.00924	0.06277	0.00835	0.00664	0.00610	0.00178	0.12248	0.00421	0.00321	0.00590
13	0.01024	0.00930	0.00977	0.00993	0.03414	0.12219	0.00710	0.01166	0.01044	0.01375	0.03556	0.16588	0.01819	0.13837	0.22210	0.00425	0.08629	0.01978	0.06604	0.00502
14	0.01782	0.02000	0.01424	0.01252	0.01529	0.47408	0.00965	0.15814	0.01646	0.01751	0.01613	0.01688	0.12037	0.00726	0.00611	0.00158	0.06070	0.00504	0.00361	0.00660
15	0.01353	0.23343	0.01951	0.04799	0.16852	0.04490	0.01113	0.05878	0.06032	0.03160	0.01215	0.09863	0.01143	0.00738	0.00740	0.00172	0.15578	0.00551	0.00321	0.00707
16	0.04002	0.02448	0.05723	0.06269	0.01534	0.03411	0.02474	0.04330	0.27518	0.16649	0.07091	0.03393	0.07079	0.00752	0.00547	0.00173	0.00483	0.00624	0.02941	0.02559
17	0.00900	0.00823	0.05970	0.00823	0.01024	0.00727	0.00680	0.01334	0.12448	0.03172	0.38059	0.09490	0.15243	0.01084	0.00667	0.00181	0.03635	0.00924	0.02234	0.00581
18	0.03535	0.00863	0.01212	0.19232	0.08868	0.00987	0.00961	0.02387	0.12160	0.01564	0.01671	0.16783	0.01638	0.08120	0.09047	0.02581	0.05566	0.01868	0.00364	0.00593

[dist]
# distance from previous block
# <min> <max>
0	74

# created by:
# /home/cegg/simao/soft/augustus-3.2.1/scripts/msa2prfl.pl ./align_prep/EOG091G0S8Y.fa
