[name]
unknown

[dist]
# distance from previous block
# <min> <max>
0	20

[block]
# block no. 0 follows, 47 sequences, length 6
# corresponding to MSA columns:
# 20-25
name=unknown_A
#
# <colnr> <probs for GDERKNQSTAVLIFYWHMCP>
#	G	D	E	R	K	N	Q	S	T	A	V	L	I	F	Y	W	H	M	C	P
0	0.00874	0.00648	0.00926	0.20327	0.01535	0.00702	0.00791	0.01122	0.04469	0.04121	0.02097	0.29469	0.02223	0.07929	0.03850	0.00248	0.00494	0.13236	0.04437	0.00501
1	0.00975	0.00572	0.00726	0.00693	0.00847	0.00518	0.00520	0.01158	0.01290	0.14212	0.31531	0.19067	0.14384	0.03385	0.00656	0.00184	0.00306	0.03358	0.05088	0.00529
2	0.01028	0.00603	0.00753	0.00690	0.00858	0.00590	0.04783	0.01324	0.04878	0.06745	0.06661	0.07083	0.05832	0.00775	0.00462	0.00147	0.00317	0.04542	0.51395	0.00534
3	0.03260	0.00847	0.01274	0.21306	0.03730	0.00932	0.07370	0.05358	0.06154	0.04027	0.01800	0.26289	0.01832	0.03425	0.00705	0.00201	0.04463	0.06070	0.00383	0.00574
4	0.03056	0.00905	0.01226	0.20680	0.09284	0.00950	0.00928	0.10325	0.05310	0.06015	0.09550	0.09069	0.05378	0.05009	0.00641	0.00178	0.00490	0.00640	0.00392	0.09975
5	0.13772	0.00996	0.01181	0.07558	0.01459	0.02843	0.04489	0.08292	0.15427	0.18095	0.03241	0.06332	0.05404	0.04333	0.00602	0.00180	0.00475	0.00585	0.00455	0.04279

[dist]
# distance from previous block
# <min> <max>
5	33

[block]
# block no. 1 follows, 47 sequences, length 14
# corresponding to MSA columns:
# 64-77
name=unknown_B
#
# <colnr> <probs for GDERKNQSTAVLIFYWHMCP>
#	G	D	E	R	K	N	Q	S	T	A	V	L	I	F	Y	W	H	M	C	P
0	0.05375	0.01080	0.01388	0.01132	0.01433	0.06291	0.14346	0.12306	0.10295	0.04458	0.04333	0.15081	0.06040	0.03317	0.03069	0.00196	0.00554	0.00711	0.00414	0.08182
1	0.02944	0.02791	0.01204	0.12658	0.04733	0.04946	0.02470	0.08005	0.02839	0.01623	0.05730	0.03682	0.06719	0.00901	0.02480	0.13568	0.02389	0.00519	0.00331	0.19469
2	0.08658	0.01039	0.01236	0.09190	0.09751	0.11861	0.06794	0.01361	0.04158	0.03647	0.05191	0.25905	0.01864	0.06183	0.00690	0.00198	0.00538	0.00799	0.00371	0.00567
3	0.03035	0.01032	0.04868	0.06193	0.04667	0.11560	0.06159	0.01231	0.03579	0.01477	0.11380	0.18534	0.06131	0.10630	0.00893	0.04250	0.00526	0.02963	0.00376	0.00517
4	0.04057	0.04458	0.01701	0.03923	0.04816	0.08161	0.20558	0.10285	0.08070	0.01807	0.03628	0.05543	0.11378	0.00797	0.03165	0.00183	0.00625	0.00626	0.00367	0.05853
5	0.04437	0.00920	0.01221	0.09490	0.05956	0.03806	0.07997	0.05160	0.03096	0.01728	0.12446	0.05712	0.09151	0.06733	0.00675	0.00175	0.00479	0.00637	0.03721	0.16458
6	0.01242	0.00953	0.01099	0.03487	0.02431	0.05901	0.03043	0.12753	0.07694	0.08515	0.18794	0.02465	0.09833	0.04641	0.03959	0.02920	0.02837	0.00659	0.03059	0.03717
7	0.01177	0.01203	0.01978	0.47440	0.05432	0.06940	0.21561	0.05143	0.01196	0.01523	0.00969	0.01350	0.00732	0.00503	0.00542	0.00170	0.00753	0.00495	0.00258	0.00636
8	0.12743	0.01323	0.06240	0.03726	0.12519	0.15086	0.05180	0.06435	0.04853	0.01751	0.01576	0.11159	0.06783	0.00829	0.03151	0.00185	0.00603	0.00599	0.04630	0.00630
9	0.00740	0.00527	0.00707	0.00717	0.00766	0.00572	0.00499	0.00842	0.00817	0.01137	0.01618	0.09182	0.01723	0.35754	0.41384	0.00648	0.00938	0.00717	0.00311	0.00400
10	0.06658	0.00965	0.01214	0.03818	0.01405	0.00934	0.00807	0.13596	0.04595	0.51033	0.04943	0.01886	0.01394	0.00680	0.00524	0.00165	0.00462	0.03520	0.00579	0.00822
11	0.01569	0.09054	0.05987	0.12501	0.01930	0.19402	0.05716	0.21428	0.13675	0.01990	0.01162	0.01271	0.00883	0.00568	0.00498	0.00154	0.00677	0.00443	0.00363	0.00730
12	0.05090	0.19097	0.14969	0.14645	0.13890	0.07412	0.07199	0.06032	0.04013	0.01631	0.00946	0.01159	0.00747	0.00497	0.00470	0.00151	0.00668	0.00409	0.00269	0.00706
13	0.11273	0.01044	0.01172	0.00929	0.01294	0.01050	0.00754	0.22277	0.08764	0.21142	0.10242	0.01672	0.01457	0.00633	0.00489	0.00148	0.00439	0.00501	0.00501	0.14218

[dist]
# distance from previous block
# <min> <max>
7	17

[block]
# block no. 2 follows, 47 sequences, length 12
# corresponding to MSA columns:
# 95-106
name=unknown_C
#
# <colnr> <probs for GDERKNQSTAVLIFYWHMCP>
#	G	D	E	R	K	N	Q	S	T	A	V	L	I	F	Y	W	H	M	C	P
0	0.16196	0.01032	0.01505	0.45534	0.08351	0.01201	0.04577	0.07513	0.03626	0.04230	0.01000	0.01304	0.00748	0.00524	0.00490	0.00168	0.00618	0.00444	0.00297	0.00642
1	0.04701	0.06988	0.10279	0.13785	0.08455	0.01028	0.09237	0.01500	0.01183	0.09498	0.10797	0.04441	0.01458	0.00622	0.00510	0.00154	0.00552	0.02530	0.00349	0.11933
2	0.01518	0.05556	0.14094	0.01247	0.01688	0.01320	0.08823	0.17025	0.29083	0.11778	0.01567	0.01537	0.01133	0.00608	0.00520	0.00165	0.00561	0.00511	0.00449	0.00815
3	0.00703	0.00759	0.10392	0.00783	0.00937	0.00539	0.00653	0.00877	0.01070	0.01428	0.08257	0.46509	0.15554	0.05464	0.00735	0.00212	0.00367	0.03842	0.00448	0.00470
4	0.01154	0.01055	0.01699	0.10206	0.42117	0.01081	0.04990	0.05385	0.02733	0.01698	0.06273	0.01950	0.10745	0.00694	0.00630	0.03946	0.02045	0.00582	0.00320	0.00697
5	0.01092	0.08986	0.57794	0.01428	0.04661	0.01220	0.04129	0.01598	0.01101	0.01622	0.00921	0.01092	0.00684	0.00474	0.00472	0.00150	0.00702	0.00377	0.00234	0.11262
6	0.01428	0.04324	0.03619	0.09671	0.12626	0.00918	0.05183	0.01734	0.04048	0.25998	0.14151	0.02336	0.06616	0.00733	0.00549	0.00166	0.00491	0.04244	0.00460	0.00708
7	0.01921	0.00785	0.01065	0.00871	0.01189	0.00685	0.00696	0.02107	0.01403	0.59635	0.07710	0.15916	0.01930	0.00848	0.00555	0.00170	0.00404	0.00722	0.00611	0.00776
8	0.00924	0.00692	0.00992	0.01129	0.10623	0.00689	0.03172	0.01147	0.04043	0.04259	0.05337	0.10750	0.05011	0.21061	0.05152	0.00309	0.00525	0.23268	0.00407	0.00511
9	0.06052	0.01586	0.25076	0.01688	0.17403	0.01111	0.09325	0.04053	0.02885	0.23770	0.01299	0.01371	0.00908	0.00533	0.00512	0.00163	0.00624	0.00466	0.00374	0.00800
10	0.01037	0.00877	0.01032	0.00757	0.01177	0.00669	0.00601	0.01270	0.01129	0.01746	0.10570	0.01431	0.01289	0.00470	0.00414	0.00088	0.00368	0.00388	0.00342	0.74346
11	0.01919	0.00998	0.01228	0.00946	0.01352	0.00923	0.00772	0.12711	0.09228	0.44390	0.01713	0.01572	0.01155	0.00594	0.00495	0.00145	0.00446	0.00478	0.00546	0.18388

[dist]
# distance from previous block
# <min> <max>
3	9

[block]
# block no. 3 follows, 47 sequences, length 24
# corresponding to MSA columns:
# 116-139
name=unknown_D
#
# <colnr> <probs for GDERKNQSTAVLIFYWHMCP>
#	G	D	E	R	K	N	Q	S	T	A	V	L	I	F	Y	W	H	M	C	P
0	0.02753	0.00572	0.00691	0.00725	0.00863	0.00536	0.00561	0.01003	0.03734	0.04791	0.11840	0.23752	0.27112	0.01327	0.00637	0.00197	0.00335	0.17589	0.00497	0.00485
1	0.85377	0.01007	0.00765	0.00685	0.01007	0.01168	0.00564	0.01531	0.00886	0.02336	0.00725	0.00846	0.00564	0.00483	0.00322	0.00161	0.00403	0.00282	0.00322	0.00564
2	0.01205	0.01149	0.01950	0.27818	0.46164	0.01227	0.05663	0.03376	0.03355	0.01633	0.01006	0.01345	0.00804	0.00492	0.00523	0.00163	0.00650	0.00476	0.00264	0.00741
3	0.53407	0.00847	0.00778	0.00720	0.00968	0.00933	0.00573	0.01399	0.00945	0.08358	0.01251	0.06484	0.02459	0.03483	0.00659	0.09436	0.00412	0.05997	0.00363	0.00528
4	0.01484	0.00693	0.00894	0.00762	0.01007	0.00611	0.00588	0.01649	0.01314	0.38933	0.14051	0.09790	0.15118	0.09729	0.00797	0.00206	0.00377	0.00793	0.00557	0.00649
5	0.00782	0.00524	0.00672	0.00682	0.00794	0.00476	0.00493	0.00951	0.01258	0.06453	0.35720	0.33153	0.13510	0.01285	0.00628	0.00183	0.00282	0.01139	0.00532	0.00483
6	0.02190	0.00852	0.01156	0.00902	0.01279	0.00738	0.00739	0.02387	0.01464	0.72073	0.04052	0.04901	0.03368	0.00709	0.00534	0.00163	0.00428	0.00584	0.00633	0.00848
7	0.85377	0.01007	0.00765	0.00685	0.01007	0.01168	0.00564	0.01531	0.00886	0.02336	0.00725	0.00846	0.00564	0.00483	0.00322	0.00161	0.00403	0.00282	0.00322	0.00564
8	0.52601	0.00996	0.00963	0.00798	0.01153	0.01064	0.00658	0.06689	0.01186	0.27652	0.01198	0.01178	0.00824	0.00546	0.00402	0.00161	0.00427	0.00374	0.00441	0.00691
9	0.04535	0.01087	0.01319	0.01014	0.01419	0.01070	0.00837	0.28148	0.01805	0.50566	0.01739	0.01566	0.01129	0.00633	0.00517	0.00159	0.00487	0.00498	0.00593	0.00877
10	0.06527	0.00751	0.00979	0.00820	0.01102	0.00677	0.00650	0.01864	0.01387	0.45611	0.20516	0.12709	0.02409	0.00867	0.00553	0.00168	0.00374	0.00737	0.00587	0.00711
11	0.00758	0.00519	0.00654	0.00655	0.00743	0.00483	0.00457	0.00910	0.01203	0.03975	0.38566	0.22044	0.08230	0.17238	0.01028	0.00244	0.00318	0.01029	0.00498	0.00449
12	0.85377	0.01007	0.00765	0.00685	0.01007	0.01168	0.00564	0.01531	0.00886	0.02336	0.00725	0.00846	0.00564	0.00483	0.00322	0.00161	0.00403	0.00282	0.00322	0.00564
13	0.00652	0.00473	0.00617	0.00717	0.00771	0.00439	0.00497	0.00765	0.01057	0.01400	0.08105	0.65282	0.09916	0.01556	0.00660	0.00207	0.00305	0.05659	0.00489	0.00432
14	0.79075	0.00972	0.00754	0.00678	0.00987	0.01116	0.00555	0.01481	0.00919	0.02291	0.03595	0.01117	0.03796	0.00537	0.00344	0.00162	0.00392	0.00337	0.00337	0.00557
15	0.07037	0.00934	0.01209	0.00932	0.01332	0.00850	0.00770	0.07831	0.01525	0.69010	0.01921	0.01682	0.01219	0.00634	0.00512	0.00161	0.00450	0.00506	0.00617	0.00868
16	0.00644	0.00460	0.00616	0.00736	0.00771	0.00431	0.00501	0.00742	0.01007	0.01340	0.02865	0.77729	0.03423	0.01622	0.00667	0.00213	0.00311	0.05012	0.00483	0.00426
17	0.03305	0.00520	0.00530	0.00513	0.00655	0.00518	0.00390	0.01290	0.01107	0.05901	0.01691	0.01903	0.01312	0.00605	0.00371	0.00124	0.00257	0.00482	0.78016	0.00508
18	0.00746	0.00549	0.00792	0.00792	0.00869	0.00626	0.00594	0.00901	0.00824	0.01175	0.01436	0.02275	0.01401	0.17001	0.66675	0.00781	0.01245	0.00592	0.00285	0.00440
19	0.00744	0.00558	0.00837	0.00837	0.00930	0.00651	0.00651	0.00930	0.00837	0.01209	0.01395	0.02046	0.01302	0.03906	0.79635	0.00837	0.01395	0.00558	0.00279	0.00465
20	0.85377	0.01007	0.00765	0.00685	0.01007	0.01168	0.00564	0.01531	0.00886	0.02336	0.00725	0.00846	0.00564	0.00483	0.00322	0.00161	0.00403	0.00282	0.00322	0.00564
21	0.00793	0.00552	0.00708	0.00777	0.00856	0.00535	0.00552	0.06454	0.01146	0.03381	0.04421	0.64660	0.04731	0.01500	0.00653	0.00206	0.00337	0.06771	0.00492	0.00475
22	0.81858	0.01012	0.00783	0.00701	0.01022	0.01174	0.00575	0.01583	0.04093	0.02330	0.00783	0.00892	0.00607	0.00493	0.00331	0.00162	0.00403	0.00295	0.00331	0.00575
23	0.00723	0.00514	0.00690	0.00789	0.00854	0.00496	0.00594	0.00870	0.01083	0.01440	0.08336	0.43218	0.03275	0.07887	0.00838	0.00241	0.00376	0.26863	0.00475	0.00439

[dist]
# distance from previous block
# <min> <max>
2	4

[block]
# block no. 4 follows, 47 sequences, length 45
# corresponding to MSA columns:
# 144-188
name=unknown_E
#
# <colnr> <probs for GDERKNQSTAVLIFYWHMCP>
#	G	D	E	R	K	N	Q	S	T	A	V	L	I	F	Y	W	H	M	C	P
0	0.70307	0.01113	0.00907	0.00781	0.01117	0.03095	0.00641	0.13349	0.01146	0.02460	0.00809	0.00912	0.00617	0.00507	0.00357	0.00160	0.00442	0.00313	0.00352	0.00615
1	0.01865	0.00851	0.01083	0.00870	0.01206	0.00779	0.00702	0.06000	0.06971	0.51839	0.07929	0.02371	0.11495	0.02845	0.00597	0.00173	0.00412	0.00636	0.00596	0.00781
2	0.00808	0.00599	0.00730	0.00687	0.00863	0.00536	0.03284	0.03176	0.01209	0.06503	0.08353	0.17852	0.46687	0.03103	0.03020	0.00207	0.00352	0.01060	0.00482	0.00490
3	0.01253	0.35874	0.33714	0.01257	0.01825	0.04484	0.06969	0.01695	0.05664	0.01490	0.00921	0.01056	0.00729	0.00484	0.00437	0.00143	0.00673	0.00368	0.00245	0.00719
4	0.01259	0.01410	0.05855	0.24233	0.25821	0.13051	0.11374	0.01571	0.01161	0.01489	0.00943	0.01284	0.00759	0.00610	0.02856	0.00183	0.04749	0.00462	0.00250	0.00680
5	0.02183	0.01033	0.01292	0.01002	0.01399	0.00993	0.00830	0.22866	0.01743	0.55196	0.01860	0.01781	0.01241	0.00669	0.00530	0.00163	0.00480	0.03264	0.00604	0.00871
6	0.05396	0.00725	0.00946	0.00901	0.03241	0.00735	0.00696	0.01391	0.02830	0.17561	0.26694	0.07574	0.08584	0.01015	0.00701	0.00184	0.08208	0.11521	0.00506	0.00591
7	0.00661	0.00496	0.00607	0.00677	0.00761	0.00453	0.00482	0.00782	0.01085	0.01400	0.08091	0.43362	0.24742	0.06165	0.00769	0.00218	0.00316	0.08024	0.00479	0.00431
8	0.00905	0.00452	0.00678	0.00678	0.00678	0.00452	0.00452	0.00678	0.00678	0.00905	0.00905	0.01583	0.00905	0.01809	0.02035	0.84848	0.00452	0.00452	0.00226	0.00226
9	0.01080	0.00926	0.01080	0.00771	0.01234	0.00694	0.00617	0.01311	0.01080	0.01697	0.00926	0.01080	0.00771	0.00386	0.00386	0.00077	0.00386	0.00309	0.00309	0.84882
10	0.01271	0.05624	0.12005	0.02021	0.05617	0.01326	0.56585	0.03288	0.01238	0.04258	0.01057	0.01344	0.00789	0.00458	0.00577	0.00169	0.00817	0.00558	0.00274	0.00724
11	0.00763	0.00571	0.00818	0.00813	0.00905	0.00653	0.00620	0.00978	0.03419	0.01259	0.04576	0.02241	0.01512	0.10699	0.66820	0.00757	0.01235	0.00593	0.00303	0.00465
12	0.00737	0.00532	0.00696	0.00655	0.00778	0.00491	0.00491	0.00983	0.01474	0.02088	0.78175	0.03890	0.04914	0.01065	0.00614	0.00164	0.00246	0.00942	0.00573	0.00491
13	0.01195	0.01137	0.01913	0.26950	0.52841	0.01214	0.01526	0.01554	0.03638	0.01603	0.01000	0.01341	0.00810	0.00489	0.00518	0.00161	0.00635	0.00468	0.00259	0.00749
14	0.01358	0.52775	0.18681	0.01145	0.01659	0.03800	0.07845	0.01642	0.01111	0.04523	0.00854	0.00983	0.00703	0.00466	0.00404	0.00131	0.00636	0.00342	0.00244	0.00700
15	0.00983	0.00926	0.01562	0.80447	0.03587	0.01157	0.01446	0.01331	0.01041	0.01331	0.00926	0.01388	0.00694	0.00521	0.00521	0.00174	0.00694	0.00463	0.00231	0.00579
16	0.00632	0.00524	0.00554	0.00556	0.00716	0.00445	0.00413	0.00776	0.01212	0.01489	0.14449	0.09542	0.64285	0.01306	0.00618	0.00176	0.00264	0.01102	0.00495	0.00445
17	0.01138	0.01122	0.01857	0.27117	0.20349	0.01335	0.09453	0.01434	0.02571	0.01447	0.00899	0.01299	0.00750	0.00627	0.00907	0.00187	0.26130	0.00480	0.00246	0.00652
18	0.01666	0.23516	0.01751	0.01060	0.01446	0.04192	0.00901	0.28072	0.21717	0.08473	0.01385	0.01350	0.01037	0.00596	0.00470	0.00149	0.00528	0.00448	0.00443	0.00800
19	0.01295	0.01119	0.01178	0.01060	0.01354	0.01295	0.00824	0.02767	0.77509	0.02178	0.02120	0.01943	0.01590	0.00707	0.00530	0.00177	0.00412	0.00589	0.00530	0.00824
20	0.00744	0.00558	0.00837	0.00837	0.00930	0.00651	0.00651	0.00930	0.00837	0.01209	0.01395	0.02046	0.01302	0.03906	0.79635	0.00837	0.01395	0.00558	0.00279	0.00465
21	0.10979	0.00656	0.00832	0.00872	0.01036	0.00652	0.00720	0.01260	0.01159	0.12430	0.02443	0.20999	0.02567	0.01256	0.00633	0.00213	0.00427	0.39847	0.00485	0.00534
22	0.00745	0.00554	0.00815	0.00815	0.00900	0.00639	0.00624	0.00916	0.00830	0.01193	0.01415	0.02157	0.01350	0.10264	0.73342	0.00810	0.01322	0.00574	0.00282	0.00453
23	0.00737	0.00503	0.00578	0.00587	0.00607	0.00493	0.00348	0.00768	0.00850	0.01132	0.06959	0.11275	0.06146	0.64349	0.02216	0.00437	0.00455	0.00859	0.00358	0.00344
24	0.56058	0.00964	0.00922	0.00770	0.01121	0.01026	0.00635	0.01886	0.01100	0.29336	0.01194	0.01173	0.00820	0.00540	0.00393	0.00161	0.00417	0.00367	0.00436	0.00678
25	0.64606	0.00997	0.00883	0.00755	0.01095	0.01104	0.00621	0.03417	0.03545	0.17261	0.01041	0.01071	0.00746	0.00525	0.00373	0.00162	0.00415	0.00343	0.00396	0.00642
26	0.06482	0.01434	0.01520	0.01170	0.01582	0.01591	0.00967	0.72655	0.02364	0.03231	0.01222	0.01228	0.00868	0.00617	0.00510	0.00157	0.00564	0.00459	0.00510	0.00868
27	0.00679	0.00500	0.00576	0.00608	0.00722	0.00448	0.00436	0.00829	0.01163	0.01551	0.16166	0.29182	0.33783	0.01302	0.00605	0.00180	0.00271	0.01131	0.09421	0.00448
28	0.28121	0.00813	0.00891	0.00772	0.01052	0.00812	0.00617	0.03025	0.01242	0.27998	0.13359	0.09965	0.06183	0.00809	0.00497	0.00169	0.00380	0.02150	0.00501	0.00645
29	0.00847	0.00586	0.00709	0.00720	0.00838	0.00559	0.00521	0.05581	0.02542	0.05412	0.11898	0.34088	0.17761	0.10091	0.00851	0.00226	0.00346	0.05451	0.00487	0.00485
30	0.01443	0.01192	0.01261	0.01090	0.01410	0.01364	0.00860	0.18703	0.61333	0.02416	0.01932	0.01794	0.01438	0.00689	0.00528	0.00172	0.00447	0.00563	0.00528	0.00838
31	0.04276	0.00892	0.01183	0.00920	0.01309	0.00794	0.00756	0.02485	0.05193	0.71242	0.03961	0.01812	0.01378	0.00654	0.00521	0.00162	0.00436	0.00532	0.00629	0.00865
32	0.14554	0.00746	0.00910	0.00799	0.01058	0.00701	0.00623	0.01700	0.01243	0.37181	0.06756	0.24526	0.05148	0.00953	0.00542	0.00176	0.00378	0.00807	0.00538	0.00663
33	0.02031	0.01376	0.01511	0.01159	0.01573	0.01492	0.00957	0.65938	0.02309	0.14254	0.01367	0.01326	0.00944	0.00628	0.00521	0.00157	0.00554	0.00477	0.00539	0.00886
34	0.02292	0.00896	0.01207	0.00932	0.01330	0.00788	0.00768	0.02548	0.04725	0.75550	0.02057	0.01780	0.01302	0.00647	0.00524	0.00162	0.00442	0.00526	0.00640	0.00884
35	0.01307	0.00664	0.00885	0.00789	0.01010	0.00600	0.00630	0.01520	0.01389	0.29237	0.31603	0.06868	0.07959	0.01076	0.02625	0.00193	0.00378	0.10073	0.00570	0.00623
36	0.01947	0.00825	0.01089	0.00886	0.01220	0.00737	0.00711	0.02214	0.06449	0.59197	0.02352	0.12262	0.06077	0.00816	0.00548	0.00170	0.00412	0.00685	0.00607	0.00796
37	0.00955	0.00598	0.00728	0.00683	0.00845	0.00567	0.00519	0.01259	0.06763	0.09722	0.38634	0.09158	0.11697	0.01005	0.00567	0.00164	0.00288	0.02199	0.13107	0.00543
38	0.01147	0.00782	0.00893	0.00797	0.00938	0.00822	0.00565	0.21379	0.02658	0.04646	0.01678	0.12661	0.01727	0.38356	0.04950	0.03812	0.00529	0.00740	0.00404	0.00517
39	0.01019	0.00950	0.01580	0.75890	0.05933	0.01172	0.01439	0.03320	0.01083	0.01394	0.00936	0.01382	0.00703	0.00522	0.00520	0.00172	0.00689	0.00463	0.00240	0.00594
40	0.01848	0.01380	0.01479	0.01165	0.01557	0.01535	0.00952	0.60444	0.17553	0.04456	0.01440	0.01399	0.01035	0.00642	0.00523	0.00160	0.00538	0.00494	0.00525	0.00873
41	0.01071	0.00921	0.01088	0.00791	0.01225	0.00723	0.00634	0.01298	0.01081	0.01692	0.03391	0.01172	0.00901	0.00428	0.00445	0.00086	0.03531	0.00335	0.00314	0.78874
42	0.01636	0.00888	0.01233	0.11084	0.01588	0.00883	0.03923	0.02095	0.14791	0.37743	0.10926	0.03816	0.01805	0.00741	0.00552	0.00171	0.00463	0.04374	0.00536	0.00752
43	0.00827	0.00533	0.00682	0.00732	0.00839	0.00488	0.00538	0.00959	0.01117	0.08642	0.06011	0.43649	0.17082	0.04110	0.00714	0.00212	0.00338	0.11557	0.00496	0.00476
44	0.00757	0.00542	0.00740	0.00856	0.00941	0.00529	0.00688	0.00935	0.01115	0.01459	0.02828	0.33617	0.04710	0.03220	0.00738	0.00234	0.00410	0.44750	0.00478	0.00454

[dist]
# distance from previous block
# <min> <max>
0	54

[block]
# block no. 5 follows, 47 sequences, length 32
# corresponding to MSA columns:
# 243-274
name=unknown_F
#
# <colnr> <probs for GDERKNQSTAVLIFYWHMCP>
#	G	D	E	R	K	N	Q	S	T	A	V	L	I	F	Y	W	H	M	C	P
0	0.09670	0.04242	0.03507	0.22152	0.04281	0.31371	0.03039	0.11103	0.01389	0.03239	0.00922	0.01127	0.00713	0.00532	0.00478	0.00152	0.00740	0.00394	0.00300	0.00649
1	0.00731	0.00500	0.00654	0.02325	0.00821	0.00479	0.00507	0.00831	0.01006	0.03512	0.05025	0.53072	0.05133	0.15773	0.01012	0.00261	0.00361	0.07114	0.00456	0.00427
2	0.00870	0.00577	0.00774	0.00790	0.00918	0.00551	0.00637	0.01092	0.01310	0.06185	0.37122	0.05869	0.03714	0.06244	0.00780	0.00217	0.00369	0.30962	0.00522	0.00497
3	0.01314	0.00975	0.01078	0.01019	0.01254	0.05849	0.00837	0.09862	0.21571	0.10369	0.02192	0.03499	0.02030	0.03548	0.00672	0.00207	0.00497	0.32068	0.00497	0.00662
4	0.05041	0.01069	0.01644	0.48737	0.15615	0.03361	0.04143	0.05162	0.02388	0.06402	0.01032	0.01361	0.00774	0.00523	0.00513	0.00167	0.00656	0.00463	0.00287	0.00662
5	0.30916	0.01582	0.01501	0.07049	0.01725	0.26490	0.13112	0.08725	0.01289	0.01901	0.00868	0.01044	0.00675	0.00509	0.00450	0.00155	0.00690	0.00384	0.00307	0.00630
6	0.42079	0.01211	0.01151	0.00927	0.01301	0.01347	0.00764	0.36227	0.01618	0.02737	0.00979	0.01046	0.00724	0.00543	0.00418	0.00154	0.00480	0.00370	0.00413	0.05511
7	0.00807	0.00474	0.00647	0.00675	0.00703	0.00461	0.00457	0.00726	0.00821	0.01077	0.01852	0.16791	0.08566	0.11892	0.01663	0.46366	0.00416	0.04975	0.00322	0.00307
8	0.00734	0.00532	0.00711	0.00777	0.00872	0.00500	0.00592	0.00910	0.01170	0.01587	0.20441	0.38473	0.03557	0.01395	0.00658	0.00203	0.00343	0.22301	0.00497	0.03747
9	0.11403	0.01065	0.01227	0.00978	0.01352	0.01090	0.00799	0.20780	0.12611	0.38285	0.03872	0.01623	0.01254	0.00642	0.00504	0.00162	0.00461	0.00504	0.00559	0.00830
10	0.00778	0.00620	0.00709	0.00732	0.00889	0.00600	0.00577	0.01108	0.11177	0.01537	0.05289	0.08778	0.37601	0.05858	0.00751	0.00214	0.00358	0.21449	0.00481	0.00494
11	0.35464	0.00751	0.00724	0.00683	0.00911	0.00778	0.00534	0.01264	0.01069	0.09286	0.05986	0.13088	0.20049	0.03325	0.00558	0.00185	0.00359	0.04021	0.00432	0.00532
12	0.23538	0.00805	0.00925	0.00790	0.01081	0.00782	0.00634	0.01771	0.01262	0.35461	0.12173	0.09274	0.05681	0.00804	0.00506	0.00169	0.00385	0.02761	0.00523	0.00673
13	0.01428	0.01172	0.01337	0.01104	0.01446	0.01285	0.05135	0.22935	0.41974	0.02383	0.01871	0.01803	0.04693	0.00673	0.00522	0.00163	0.00470	0.00559	0.02983	0.06064
14	0.00712	0.00513	0.00619	0.00672	0.00736	0.00488	0.00470	0.00805	0.00984	0.01271	0.02877	0.24683	0.17435	0.30424	0.01381	0.00315	0.00400	0.14396	0.00422	0.00398
15	0.10069	0.00818	0.01049	0.00841	0.01173	0.00743	0.00684	0.02087	0.01428	0.53974	0.19170	0.02162	0.02040	0.00724	0.00525	0.00162	0.00394	0.00595	0.00597	0.00765
16	0.06659	0.00816	0.01060	0.00872	0.01189	0.00742	0.00697	0.04674	0.01398	0.53815	0.05829	0.16427	0.01807	0.00837	0.00542	0.00170	0.00410	0.00704	0.00589	0.00763
17	0.00774	0.00562	0.00755	0.00835	0.00950	0.00543	0.00691	0.00986	0.01220	0.01608	0.16214	0.15020	0.10499	0.01386	0.00684	0.00217	0.00396	0.45690	0.00497	0.00471
18	0.00650	0.00531	0.00566	0.00573	0.00735	0.00455	0.00437	0.00784	0.01187	0.01441	0.09273	0.04890	0.65501	0.01330	0.00673	0.03151	0.00286	0.06620	0.00480	0.00438
19	0.76498	0.00994	0.00813	0.00711	0.01042	0.01125	0.00586	0.01638	0.00951	0.10513	0.00867	0.00945	0.00642	0.00501	0.00344	0.00161	0.00407	0.00308	0.00357	0.00598
20	0.01899	0.01147	0.01316	0.01057	0.01431	0.01209	0.00858	0.27120	0.25170	0.30300	0.01809	0.01652	0.01248	0.00657	0.00525	0.00164	0.00477	0.00526	0.00568	0.00867
21	0.79018	0.01081	0.00823	0.00730	0.01053	0.04242	0.00597	0.04353	0.00967	0.02330	0.00748	0.00865	0.00580	0.00491	0.00335	0.00160	0.00430	0.00291	0.00328	0.00578
22	0.00962	0.00664	0.00884	0.00892	0.01074	0.00640	0.02960	0.01256	0.06000	0.08650	0.04534	0.04882	0.20488	0.01256	0.00660	0.00210	0.00429	0.42531	0.00494	0.00536
23	0.00773	0.00516	0.00666	0.00706	0.00805	0.00471	0.00508	0.00920	0.01177	0.06380	0.21492	0.44447	0.13049	0.01383	0.00640	0.00194	0.00300	0.04584	0.00515	0.00473
24	0.00993	0.00599	0.00731	0.00690	0.00844	0.00579	0.00519	0.01318	0.07924	0.10052	0.35491	0.14057	0.03222	0.00966	0.00548	0.00162	0.00288	0.00840	0.19626	0.00551
25	0.01106	0.01134	0.02078	0.37484	0.02844	0.01289	0.27493	0.01489	0.03916	0.01467	0.00975	0.01374	0.00759	0.00562	0.00746	0.00183	0.13698	0.00519	0.00253	0.00629
26	0.10721	0.01394	0.01459	0.01137	0.01538	0.01551	0.00936	0.64979	0.06164	0.03125	0.01240	0.01244	0.00888	0.00614	0.00501	0.00158	0.00547	0.00455	0.00501	0.00849
27	0.00644	0.00524	0.00575	0.00605	0.00752	0.00455	0.00458	0.00783	0.01165	0.01423	0.05893	0.16411	0.57870	0.01374	0.00634	0.00188	0.00292	0.09027	0.00485	0.00442
28	0.01180	0.02622	0.17990	0.01019	0.01544	0.00947	0.03359	0.09666	0.01239	0.01852	0.00964	0.01109	0.00759	0.00438	0.00430	0.00108	0.00507	0.00352	0.00310	0.53604
29	0.00744	0.00558	0.00837	0.00837	0.00930	0.00651	0.00651	0.00930	0.00837	0.01209	0.01395	0.02046	0.01302	0.03906	0.79635	0.00837	0.01395	0.00558	0.00279	0.00465
30	0.01281	0.07691	0.20033	0.01885	0.19055	0.01350	0.18106	0.07621	0.14253	0.01849	0.01181	0.01345	0.00902	0.00518	0.00522	0.00162	0.00668	0.00487	0.00314	0.00778
31	0.05944	0.05161	0.23885	0.01300	0.05034	0.02731	0.10114	0.02749	0.01112	0.01690	0.00916	0.01112	0.00723	0.00469	0.00516	0.00134	0.04741	0.00382	0.00271	0.31016

[dist]
# distance from previous block
# <min> <max>
0	1

[block]
# block no. 6 follows, 47 sequences, length 52
# corresponding to MSA columns:
# 276,278-328
name=unknown_G
#
# <colnr> <probs for GDERKNQSTAVLIFYWHMCP>
#	G	D	E	R	K	N	Q	S	T	A	V	L	I	F	Y	W	H	M	C	P
0	0.00866	0.00678	0.00791	0.00675	0.00891	0.00569	0.00477	0.00996	0.00988	0.01419	0.05560	0.12428	0.07014	0.27933	0.01208	0.00249	0.00400	0.00693	0.00358	0.35806
1	0.66605	0.01033	0.00826	0.00739	0.01039	0.04671	0.00599	0.04572	0.01043	0.03325	0.07176	0.02350	0.02091	0.00582	0.00378	0.00162	0.00420	0.01456	0.00359	0.00573
2	0.03697	0.00926	0.01152	0.00891	0.01285	0.00821	0.00725	0.05995	0.06574	0.42030	0.04844	0.01702	0.01308	0.00603	0.00488	0.00140	0.00423	0.01753	0.00524	0.24117
3	0.01289	0.01237	0.02114	0.03196	0.78450	0.01237	0.01598	0.01598	0.01186	0.01701	0.00980	0.01289	0.00825	0.00464	0.00516	0.00155	0.00619	0.00464	0.00258	0.00825
4	0.01177	0.01251	0.02219	0.01717	0.01939	0.01478	0.32999	0.01429	0.00980	0.01429	0.00840	0.01251	0.00729	0.00712	0.01247	0.00206	0.47007	0.00523	0.00243	0.00626
5	0.00723	0.00499	0.00653	0.00738	0.00809	0.00465	0.00528	0.00848	0.01079	0.03838	0.07737	0.55773	0.09488	0.03543	0.00711	0.00215	0.00328	0.11089	0.00489	0.00448
6	0.02200	0.00874	0.01180	0.00922	0.01302	0.00768	0.00761	0.04294	0.01504	0.70567	0.05627	0.02004	0.01509	0.00692	0.00535	0.00164	0.00438	0.03174	0.00632	0.00853
7	0.00897	0.00455	0.00673	0.00673	0.00673	0.00455	0.00446	0.00682	0.00682	0.00910	0.00940	0.01671	0.00952	0.05659	0.02065	0.80784	0.00455	0.00467	0.00230	0.00230
8	0.01038	0.00620	0.00831	0.00865	0.01022	0.00589	0.00709	0.01255	0.02590	0.14560	0.04848	0.20058	0.09093	0.01310	0.00661	0.00212	0.00413	0.38275	0.00512	0.00540
9	0.04333	0.00549	0.00695	0.00740	0.00844	0.00519	0.00528	0.01018	0.02680	0.09127	0.11051	0.54424	0.06727	0.01386	0.00628	0.00198	0.00319	0.03239	0.00503	0.00493
10	0.01146	0.01124	0.01563	0.01340	0.01356	0.01556	0.01115	0.03302	0.00844	0.01307	0.00729	0.01180	0.00715	0.01029	0.04933	0.00251	0.75239	0.00460	0.00238	0.00574
11	0.01864	0.01101	0.01262	0.01003	0.01367	0.01141	0.00816	0.30292	0.14165	0.28257	0.01697	0.01602	0.01177	0.00637	0.00504	0.00156	0.00466	0.00504	0.08861	0.03131
12	0.54747	0.01035	0.00960	0.00801	0.01147	0.01137	0.00659	0.12793	0.01238	0.17102	0.01085	0.01115	0.00773	0.00539	0.00391	0.00159	0.00431	0.00362	0.02855	0.00671
13	0.00965	0.00935	0.00827	0.00789	0.00949	0.16328	0.00587	0.01196	0.04217	0.01715	0.37581	0.11185	0.18635	0.01054	0.00587	0.00166	0.00400	0.00893	0.00484	0.00509
14	0.00716	0.00542	0.00674	0.00720	0.00847	0.00500	0.00570	0.00902	0.01228	0.01593	0.19932	0.15280	0.28187	0.01344	0.00655	0.00199	0.00334	0.24815	0.00502	0.00461
15	0.68559	0.01053	0.01035	0.01187	0.16496	0.01182	0.00771	0.01544	0.00946	0.02209	0.00776	0.00935	0.00616	0.00480	0.00361	0.00160	0.00446	0.00318	0.00309	0.00616
16	0.08681	0.00958	0.01165	0.00943	0.01310	0.00939	0.00765	0.02519	0.21796	0.52193	0.01966	0.01744	0.01312	0.00648	0.00509	0.00165	0.00432	0.00522	0.00588	0.00844
17	0.00728	0.00543	0.00665	0.00645	0.00777	0.00501	0.00484	0.00965	0.03166	0.01864	0.51620	0.06864	0.20943	0.03078	0.00663	0.00179	0.00270	0.03683	0.01880	0.00481
18	0.00733	0.00508	0.00592	0.00597	0.00719	0.00464	0.00438	0.00920	0.01238	0.01742	0.29996	0.16779	0.24349	0.01139	0.00573	0.00167	0.00260	0.00984	0.17337	0.00464
19	0.02265	0.01001	0.01279	0.00981	0.01387	0.00935	0.00810	0.17373	0.01682	0.63704	0.01894	0.01668	0.01208	0.00641	0.00523	0.00160	0.00469	0.00513	0.00620	0.00886
20	0.01092	0.00968	0.01183	0.00891	0.01261	0.00874	0.00722	0.01300	0.01023	0.01608	0.00877	0.01092	0.00754	0.00491	0.00650	0.00107	0.16458	0.00338	0.00292	0.68019
21	0.00688	0.00504	0.00674	0.00748	0.00823	0.00495	0.00550	0.00818	0.01018	0.01349	0.04134	0.42281	0.13087	0.02013	0.16490	0.02265	0.00541	0.10647	0.00438	0.00438
22	0.01318	0.17012	0.01225	0.00789	0.01055	0.01050	0.00659	0.04938	0.16282	0.11207	0.01641	0.01812	0.01285	0.00708	0.02335	0.00158	0.00413	0.03104	0.32353	0.00654
23	0.00820	0.00641	0.00902	0.01158	0.16239	0.00625	0.00656	0.00938	0.00993	0.01343	0.06038	0.27243	0.06572	0.29338	0.01326	0.00299	0.00438	0.03574	0.00384	0.00472
24	0.17601	0.00580	0.00655	0.00725	0.00828	0.00588	0.00523	0.00922	0.01013	0.01579	0.05481	0.54736	0.04963	0.01357	0.00597	0.00201	0.00332	0.06408	0.00454	0.00458
25	0.68482	0.00896	0.00748	0.00684	0.00941	0.01025	0.00542	0.01360	0.00845	0.02050	0.00761	0.00993	0.00632	0.00749	0.00665	0.17099	0.00413	0.00316	0.00303	0.00496
26	0.68428	0.00896	0.00733	0.00693	0.00957	0.01019	0.00548	0.01370	0.00908	0.02135	0.01154	0.16949	0.01140	0.00713	0.00391	0.00171	0.00383	0.00522	0.00355	0.00536
27	0.01149	0.00935	0.01095	0.00786	0.01246	0.00716	0.00631	0.02929	0.01125	0.04824	0.00978	0.01111	0.00794	0.00401	0.00394	0.00082	0.00392	0.00321	0.00326	0.79765
28	0.00785	0.16784	0.01015	0.00713	0.00861	0.00756	0.00546	0.00904	0.01063	0.01346	0.04954	0.46467	0.19331	0.01311	0.00586	0.00182	0.00343	0.01142	0.00434	0.00478
29	0.00793	0.00611	0.00744	0.00800	0.00907	0.00621	0.00583	0.01188	0.16363	0.01577	0.07708	0.47966	0.07736	0.01371	0.00637	0.00202	0.00336	0.08843	0.00498	0.00515
30	0.00731	0.00560	0.00683	0.00739	0.00853	0.00537	0.00556	0.00984	0.07211	0.01530	0.10347	0.33908	0.22566	0.01389	0.00647	0.00201	0.00330	0.15258	0.00495	0.00476
31	0.01013	0.00937	0.01485	0.61790	0.05753	0.01067	0.01286	0.01336	0.01054	0.01417	0.00928	0.01323	0.00714	0.00492	0.00493	0.00154	0.00630	0.00432	0.00248	0.17448
32	0.02063	0.00806	0.01064	0.00838	0.01185	0.00709	0.00685	0.02273	0.01411	0.63436	0.01983	0.01806	0.01298	0.00637	0.00492	0.00153	0.00403	0.00516	0.17434	0.00806
33	0.01951	0.00788	0.01072	0.00881	0.01199	0.00688	0.00702	0.02128	0.01379	0.61271	0.02239	0.19788	0.01777	0.00868	0.00556	0.00173	0.00411	0.00740	0.00608	0.00781
34	0.00866	0.00461	0.00657	0.00663	0.00684	0.00451	0.00448	0.00707	0.00763	0.01019	0.02777	0.06255	0.07337	0.01712	0.01773	0.69460	0.00419	0.00570	0.02712	0.00266
35	0.00826	0.00676	0.00989	0.00947	0.01023	0.00838	0.00755	0.01000	0.00842	0.01230	0.01301	0.02000	0.01238	0.03220	0.61258	0.00694	0.17233	0.03168	0.00276	0.00486
36	0.01425	0.01391	0.01237	0.01116	0.01405	0.16958	0.00861	0.02630	0.62302	0.01998	0.01857	0.01742	0.01406	0.00673	0.00518	0.00168	0.00518	0.00538	0.00478	0.00780
37	0.07170	0.00797	0.01045	0.00863	0.01178	0.00714	0.00688	0.02067	0.01353	0.56283	0.04340	0.17693	0.01780	0.00844	0.00542	0.00171	0.00407	0.00712	0.00590	0.00762
38	0.85377	0.01007	0.00765	0.00685	0.01007	0.01168	0.00564	0.01531	0.00886	0.02336	0.00725	0.00846	0.00564	0.00483	0.00322	0.00161	0.00403	0.00282	0.00322	0.00564
39	0.00687	0.00530	0.00627	0.00603	0.00748	0.00470	0.00452	0.00887	0.01357	0.01810	0.48395	0.04348	0.34868	0.01168	0.00615	0.00169	0.00253	0.01006	0.00537	0.00470
40	0.00737	0.00532	0.00696	0.00655	0.00778	0.00491	0.00491	0.00983	0.01474	0.02088	0.78175	0.03890	0.04914	0.01065	0.00614	0.00164	0.00246	0.00942	0.00573	0.00491
41	0.65330	0.00913	0.00796	0.00724	0.01004	0.01050	0.00589	0.01448	0.00899	0.04984	0.00909	0.01121	0.00739	0.01174	0.16193	0.00296	0.00603	0.00346	0.00326	0.00556
42	0.68697	0.01097	0.00925	0.00788	0.01129	0.01258	0.00649	0.16568	0.01199	0.02526	0.00830	0.00927	0.00628	0.00512	0.00362	0.00160	0.00437	0.00319	0.00362	0.00628
43	0.00675	0.00482	0.00651	0.00772	0.00820	0.00458	0.00555	0.00796	0.01037	0.01375	0.02848	0.66261	0.03355	0.01593	0.00676	0.00217	0.00338	0.16174	0.00483	0.00434
44	0.01800	0.01352	0.01466	0.01113	0.01539	0.01431	0.00915	0.61632	0.02175	0.02965	0.01185	0.01216	0.00863	0.00577	0.00494	0.00140	0.00536	0.00437	0.00478	0.17685
45	0.01357	0.00874	0.01026	0.00933	0.01181	0.00919	0.00720	0.02130	0.36835	0.20162	0.05658	0.19821	0.02120	0.00935	0.00568	0.00182	0.00390	0.02918	0.00547	0.00725
46	0.00963	0.00710	0.00842	0.00755	0.00935	0.00704	0.00579	0.16080	0.01595	0.02183	0.47939	0.10197	0.12361	0.01055	0.00600	0.00168	0.00318	0.00912	0.00545	0.00558
47	0.02121	0.00944	0.01210	0.00959	0.01340	0.00889	0.00782	0.04086	0.16714	0.61954	0.02051	0.01796	0.01341	0.00657	0.00525	0.00164	0.00440	0.00536	0.00619	0.00874
48	0.01057	0.00765	0.01263	0.01066	0.01303	0.00716	0.15820	0.01335	0.01351	0.11046	0.33384	0.03583	0.03103	0.00971	0.00624	0.00184	0.00453	0.18990	0.02409	0.00578
49	0.00971	0.00485	0.00485	0.00485	0.00607	0.00485	0.00364	0.01213	0.01092	0.01942	0.01699	0.01942	0.01335	0.00607	0.00364	0.00121	0.00243	0.00485	0.84589	0.00485
50	0.01992	0.00815	0.01072	0.00847	0.01204	0.00700	0.00691	0.02180	0.01430	0.63329	0.02699	0.02420	0.16679	0.00779	0.00542	0.00164	0.00407	0.00639	0.00612	0.00797
51	0.01260	0.01032	0.01176	0.00857	0.01310	0.00878	0.00692	0.16392	0.01354	0.02014	0.00991	0.01114	0.00794	0.00434	0.00413	0.00093	0.00423	0.00341	0.00351	0.68082

[dist]
# distance from previous block
# <min> <max>
0	2

[block]
# block no. 7 follows, 47 sequences, length 68
# corresponding to MSA columns:
# 331-344,361-414
name=unknown_H
#
# <colnr> <probs for GDERKNQSTAVLIFYWHMCP>
#	G	D	E	R	K	N	Q	S	T	A	V	L	I	F	Y	W	H	M	C	P
0	0.01215	0.01235	0.05250	0.02843	0.64067	0.01165	0.05459	0.01523	0.01167	0.01663	0.01157	0.08702	0.01059	0.00572	0.00534	0.00161	0.00609	0.00563	0.00277	0.00779
1	0.00746	0.00500	0.00571	0.00583	0.00585	0.00497	0.00331	0.00754	0.00780	0.01039	0.01755	0.10627	0.02037	0.74283	0.02467	0.00478	0.00486	0.00824	0.00331	0.00325
2	0.00646	0.00461	0.00617	0.00738	0.00773	0.00433	0.00503	0.00745	0.01008	0.01342	0.02864	0.77212	0.03420	0.01621	0.00668	0.00213	0.00312	0.05516	0.00483	0.00426
3	0.01683	0.01970	0.01430	0.01278	0.01512	0.53905	0.02945	0.04880	0.01358	0.02872	0.00957	0.01233	0.00821	0.01040	0.11195	0.00241	0.08089	0.01703	0.00287	0.00600
4	0.00792	0.00576	0.00778	0.00879	0.00997	0.00562	0.00745	0.01006	0.01189	0.01540	0.05801	0.12698	0.11358	0.01430	0.00699	0.00227	0.00431	0.57339	0.00484	0.00470
5	0.70122	0.01040	0.00894	0.04090	0.01187	0.01190	0.00650	0.08533	0.01066	0.06057	0.00846	0.00951	0.00634	0.00506	0.00359	0.00161	0.00433	0.00318	0.00352	0.00610
6	0.54034	0.01015	0.00965	0.00801	0.01155	0.01095	0.00661	0.08780	0.01203	0.24175	0.01152	0.01147	0.00800	0.00542	0.00398	0.00161	0.00430	0.00368	0.00432	0.00685
7	0.01050	0.00887	0.01032	0.00753	0.01172	0.00677	0.00589	0.01260	0.01050	0.01633	0.00992	0.01295	0.00875	0.07916	0.00595	0.00117	0.00397	0.00350	0.00309	0.77050
8	0.00633	0.00460	0.00597	0.00707	0.00751	0.00425	0.00475	0.00727	0.01015	0.01337	0.03093	0.74288	0.10371	0.01603	0.00660	0.00208	0.00299	0.01445	0.00483	0.00425
9	0.24480	0.00900	0.01051	0.00843	0.01199	0.00869	0.00691	0.03897	0.01350	0.49363	0.08728	0.01707	0.01420	0.00640	0.00478	0.00161	0.00417	0.00496	0.00548	0.00763
10	0.00751	0.00623	0.00874	0.00810	0.00990	0.00567	0.07569	0.00962	0.01262	0.01635	0.22838	0.06359	0.34780	0.01205	0.00638	0.00187	0.00363	0.16616	0.00485	0.00485
11	0.77686	0.00996	0.00806	0.00707	0.01037	0.01131	0.00583	0.01624	0.00942	0.09419	0.00848	0.00932	0.00631	0.00498	0.00341	0.00161	0.00407	0.00304	0.00352	0.00594
12	0.00719	0.00481	0.00608	0.00679	0.00710	0.00459	0.00436	0.00783	0.00932	0.03272	0.02450	0.53955	0.02884	0.27594	0.01306	0.00305	0.00372	0.01220	0.00433	0.00400
13	0.77570	0.01000	0.00795	0.00693	0.01028	0.01124	0.00569	0.01510	0.00904	0.02277	0.00744	0.00868	0.00583	0.00474	0.00328	0.00153	0.00401	0.00284	0.00321	0.08373
14	0.00896	0.00550	0.00719	0.00696	0.00816	0.00506	0.00505	0.01074	0.01287	0.10584	0.43024	0.23646	0.03844	0.08483	0.00802	0.00207	0.00306	0.01017	0.00535	0.00503
15	0.00720	0.00525	0.00677	0.00654	0.00771	0.00482	0.00485	0.00944	0.01412	0.01975	0.66611	0.11135	0.09395	0.01133	0.00619	0.00169	0.00252	0.01002	0.00559	0.00482
16	0.00744	0.00512	0.00601	0.00608	0.00634	0.00513	0.00375	0.00784	0.00829	0.01106	0.03931	0.06857	0.06494	0.62377	0.09477	0.00489	0.00557	0.02421	0.00340	0.00350
17	0.01790	0.00766	0.01005	0.00811	0.01128	0.00666	0.00655	0.01990	0.01430	0.53011	0.14344	0.02585	0.13219	0.00808	0.00546	0.00162	0.00380	0.00672	0.03283	0.00746
18	0.01953	0.01262	0.01397	0.01082	0.01468	0.01352	0.00890	0.55908	0.02144	0.17223	0.01442	0.01412	0.01002	0.00627	0.00507	0.00154	0.00518	0.00481	0.08330	0.00849
19	0.01809	0.01315	0.01410	0.01099	0.01461	0.01448	0.00892	0.65406	0.02215	0.02996	0.01312	0.01489	0.01004	0.08132	0.00709	0.00187	0.00548	0.00497	0.05260	0.00810
20	0.00701	0.00549	0.00642	0.00681	0.00796	0.00517	0.00486	0.00951	0.08201	0.01520	0.12164	0.39253	0.28871	0.01375	0.00630	0.00191	0.00293	0.01207	0.00498	0.00474
21	0.72268	0.00988	0.00835	0.00723	0.01058	0.01105	0.00596	0.01690	0.00982	0.14409	0.00935	0.00992	0.00678	0.00509	0.00354	0.00161	0.00409	0.00320	0.00373	0.00615
22	0.10753	0.01349	0.01409	0.01119	0.01503	0.01510	0.00915	0.55419	0.15756	0.02983	0.01350	0.01332	0.00978	0.00625	0.00501	0.00160	0.00526	0.00470	0.00501	0.00840
23	0.01019	0.00624	0.00862	0.00914	0.01063	0.00608	0.00779	0.01227	0.01201	0.11291	0.03990	0.04995	0.04324	0.04329	0.02577	0.02772	0.00487	0.55937	0.00484	0.00516
24	0.00769	0.00501	0.00577	0.00577	0.00577	0.00501	0.00326	0.00751	0.00751	0.01001	0.01583	0.03264	0.01815	0.75399	0.02602	0.07155	0.00501	0.00733	0.00308	0.00308
25	0.00654	0.00465	0.00615	0.00729	0.00762	0.00438	0.00493	0.00747	0.00994	0.01323	0.02788	0.72266	0.03323	0.06572	0.00791	0.00231	0.00325	0.05594	0.00473	0.00420
26	0.01121	0.00950	0.01102	0.00791	0.01252	0.00736	0.00634	0.04749	0.01142	0.01769	0.00940	0.01088	0.00777	0.00397	0.00392	0.00081	0.00394	0.00316	0.00318	0.81053
27	0.01126	0.00924	0.01085	0.00777	0.01238	0.00697	0.00622	0.01356	0.01095	0.04516	0.00967	0.01105	0.00790	0.00395	0.00391	0.00080	0.00388	0.00316	0.00321	0.81811
28	0.01400	0.01131	0.01208	0.01061	0.01369	0.01289	0.00832	0.09826	0.65623	0.05776	0.03249	0.01900	0.01562	0.00702	0.00530	0.00174	0.00426	0.00580	0.00535	0.00828
29	0.01587	0.01263	0.01342	0.01119	0.01465	0.01431	0.00895	0.34251	0.45551	0.02648	0.01749	0.01648	0.01290	0.00672	0.00526	0.00168	0.00481	0.00538	0.00526	0.00850
30	0.01723	0.00756	0.01021	0.00850	0.01144	0.00667	0.00687	0.01933	0.01430	0.48976	0.20440	0.07086	0.02404	0.00858	0.00566	0.00169	0.00390	0.06307	0.00601	0.01992
31	0.00881	0.00525	0.00678	0.00715	0.00793	0.00489	0.00488	0.00975	0.01032	0.11015	0.05320	0.49389	0.04206	0.18457	0.01066	0.00265	0.00363	0.02408	0.00471	0.00462
32	0.85377	0.01007	0.00765	0.00685	0.01007	0.01168	0.00564	0.01531	0.00886	0.02336	0.00725	0.00846	0.00564	0.00483	0.00322	0.00161	0.00403	0.00282	0.00322	0.00564
33	0.02297	0.00950	0.01248	0.00957	0.01361	0.00859	0.00790	0.10751	0.01597	0.70448	0.01965	0.01715	0.01244	0.00642	0.00523	0.00161	0.00458	0.00518	0.00631	0.00886
34	0.70685	0.01063	0.00879	0.00765	0.01096	0.01225	0.00627	0.09642	0.06329	0.02427	0.00877	0.00965	0.00669	0.00514	0.00358	0.00162	0.00422	0.00323	0.00358	0.00616
35	0.00643	0.00462	0.00612	0.00728	0.00767	0.00431	0.00496	0.00741	0.01012	0.01342	0.02949	0.75462	0.06032	0.01612	0.00665	0.00211	0.00308	0.04617	0.00483	0.00426
36	0.00915	0.00651	0.00953	0.00905	0.01012	0.00768	0.00716	0.01094	0.00884	0.07333	0.01365	0.01920	0.01230	0.03305	0.64460	0.00714	0.10420	0.00544	0.00302	0.00510
37	0.03446	0.01423	0.01531	0.01176	0.01590	0.01565	0.00971	0.71741	0.02374	0.06999	0.01281	0.01269	0.00900	0.00624	0.00518	0.00157	0.00564	0.00468	0.00524	0.00880
38	0.00679	0.00531	0.00619	0.00632	0.00773	0.00472	0.00483	0.00853	0.01256	0.01617	0.26025	0.11061	0.41908	0.01285	0.00631	0.00183	0.00287	0.09738	0.00509	0.00458
39	0.02177	0.01118	0.01349	0.01037	0.01443	0.01112	0.00856	0.31989	0.03203	0.47483	0.01736	0.01568	0.01134	0.00638	0.00523	0.00159	0.00494	0.00503	0.00593	0.00885
40	0.00676	0.00507	0.00632	0.00687	0.00785	0.00463	0.00505	0.00828	0.01173	0.01539	0.19603	0.35793	0.23249	0.01405	0.00648	0.00195	0.00301	0.10060	0.00502	0.00449
41	0.00744	0.00558	0.00837	0.00837	0.00930	0.00651	0.00651	0.00930	0.00837	0.01209	0.01395	0.02046	0.01302	0.03906	0.79635	0.00837	0.01395	0.00558	0.00279	0.00465
42	0.85377	0.01007	0.00765	0.00685	0.01007	0.01168	0.00564	0.01531	0.00886	0.02336	0.00725	0.00846	0.00564	0.00483	0.00322	0.00161	0.00403	0.00282	0.00322	0.00564
43	0.85377	0.01007	0.00765	0.00685	0.01007	0.01168	0.00564	0.01531	0.00886	0.02336	0.00725	0.00846	0.00564	0.00483	0.00322	0.00161	0.00403	0.00282	0.00322	0.00564
44	0.00643	0.00460	0.00612	0.00719	0.00757	0.00429	0.00484	0.00746	0.01036	0.01392	0.09037	0.75015	0.03565	0.01585	0.00661	0.00208	0.00298	0.01436	0.00491	0.00429
45	0.00731	0.00519	0.00652	0.00658	0.00773	0.00470	0.00478	0.00909	0.01281	0.04023	0.39945	0.26251	0.18847	0.01265	0.00626	0.00180	0.00271	0.01115	0.00532	0.00473
46	0.00644	0.00463	0.00612	0.00714	0.00756	0.00430	0.00482	0.00751	0.01049	0.01407	0.10469	0.71878	0.05276	0.01568	0.00659	0.00206	0.00296	0.01418	0.00492	0.00430
47	0.00757	0.00505	0.00568	0.00568	0.00568	0.00505	0.00316	0.00757	0.00757	0.01010	0.01641	0.03408	0.01893	0.81698	0.02651	0.00505	0.00505	0.00757	0.00316	0.00316
