[name]
unknown

[dist]
# distance from previous block
# <min> <max>
0	82

[block]
# block no. 0 follows, 53 sequences, length 51
# corresponding to MSA columns:
# 82-125,140-146
name=unknown_A
#
# <colnr> <probs for GDERKNQSTAVLIFYWHMCP>
#	G	D	E	R	K	N	Q	S	T	A	V	L	I	F	Y	W	H	M	C	P
0	0.01493	0.04315	0.01137	0.00929	0.01195	0.02882	0.02531	0.09516	0.06332	0.27990	0.09954	0.13035	0.05532	0.00903	0.00566	0.00179	0.00441	0.08059	0.00519	0.02492
1	0.01316	0.07501	0.51587	0.01351	0.04197	0.01133	0.04976	0.01710	0.01154	0.16111	0.01257	0.01374	0.02903	0.00568	0.00506	0.00168	0.00660	0.00437	0.00323	0.00766
2	0.05426	0.10663	0.21678	0.03050	0.03634	0.01089	0.10228	0.01649	0.05075	0.14853	0.06605	0.05393	0.01288	0.00641	0.00511	0.00166	0.00566	0.01621	0.00373	0.05491
3	0.00691	0.00535	0.00748	0.00770	0.03153	0.00488	0.05094	0.00840	0.01065	0.03388	0.14356	0.37009	0.23593	0.01216	0.00584	0.00176	0.00312	0.05102	0.00441	0.00441
4	0.01060	0.01183	0.04659	0.07794	0.02260	0.01124	0.56592	0.01421	0.01081	0.01501	0.03992	0.01388	0.00889	0.00547	0.02708	0.00176	0.05445	0.00541	0.04138	0.01502
5	0.01154	0.01161	0.03634	0.14335	0.54405	0.04944	0.04919	0.03357	0.01103	0.01512	0.00964	0.04572	0.00829	0.00485	0.00481	0.00147	0.00593	0.00464	0.00248	0.00694
6	0.01148	0.01218	0.06671	0.04947	0.61029	0.03478	0.06868	0.01448	0.01090	0.01534	0.03224	0.01261	0.00859	0.00526	0.02525	0.00160	0.00612	0.00443	0.00243	0.00716
7	0.00604	0.00434	0.00574	0.00678	0.00719	0.00408	0.00472	0.00701	0.00936	0.01238	0.02677	0.70025	0.05874	0.03352	0.00656	0.00202	0.00298	0.09321	0.00440	0.00392
8	0.01146	0.01367	0.11357	0.01798	0.04465	0.01158	0.56457	0.06622	0.01195	0.03147	0.02635	0.01423	0.03857	0.00466	0.00542	0.00158	0.00729	0.00549	0.00273	0.00656
9	0.08237	0.04725	0.01434	0.01353	0.15412	0.06664	0.06300	0.16686	0.08393	0.16223	0.01389	0.06154	0.02597	0.00600	0.00471	0.00148	0.00507	0.01618	0.00394	0.00698
10	0.01004	0.02419	0.74469	0.01409	0.04671	0.04754	0.01718	0.01530	0.01027	0.01500	0.00854	0.01008	0.00611	0.00455	0.00454	0.00150	0.00709	0.00354	0.00205	0.00701
11	0.00640	0.00452	0.00574	0.00623	0.00692	0.00416	0.00431	0.00757	0.01033	0.02940	0.20651	0.48241	0.12909	0.06459	0.00706	0.00196	0.00275	0.01142	0.00456	0.00407
12	0.01100	0.28081	0.46734	0.01332	0.09032	0.03219	0.01417	0.01492	0.01012	0.01387	0.00797	0.00945	0.00622	0.00438	0.00409	0.00134	0.00635	0.00328	0.00207	0.00678
13	0.01280	0.05028	0.07580	0.01885	0.36200	0.08434	0.03506	0.12001	0.04357	0.04345	0.04206	0.03293	0.04671	0.00549	0.00475	0.00143	0.00556	0.00478	0.00314	0.00698
14	0.00679	0.00488	0.00652	0.00660	0.00713	0.00527	0.00466	0.00779	0.00768	0.01060	0.01611	0.07004	0.04808	0.33301	0.42339	0.00587	0.00859	0.02039	0.00290	0.00372
15	0.01207	0.01246	0.02216	0.05163	0.37982	0.04739	0.32443	0.05025	0.02282	0.01592	0.00944	0.01222	0.00746	0.00431	0.00509	0.00150	0.00675	0.00478	0.00253	0.00697
16	0.08579	0.08511	0.03583	0.01344	0.06846	0.10515	0.22223	0.06359	0.06708	0.11654	0.02947	0.02979	0.04529	0.00542	0.00474	0.00147	0.00585	0.00488	0.00337	0.00649
17	0.00778	0.00604	0.00683	0.00702	0.00802	0.04186	0.00511	0.01006	0.07223	0.03510	0.17742	0.35935	0.10068	0.04346	0.00661	0.00185	0.02179	0.04908	0.03517	0.00454
18	0.01100	0.01276	0.04651	0.01956	0.04065	0.01167	0.71372	0.01490	0.01115	0.01517	0.01039	0.04988	0.00834	0.00454	0.00561	0.00162	0.00774	0.00592	0.00250	0.00637
19	0.01164	0.01131	0.01853	0.07432	0.63860	0.02994	0.04879	0.01510	0.05613	0.01550	0.01045	0.01298	0.02586	0.00460	0.00479	0.00145	0.00571	0.00449	0.00255	0.00726
20	0.01217	0.41924	0.24528	0.01045	0.01512	0.04575	0.03575	0.05016	0.04059	0.03360	0.00862	0.00984	0.00697	0.00590	0.04061	0.00154	0.00618	0.00331	0.00242	0.00650
21	0.00660	0.00474	0.00615	0.00635	0.00710	0.00482	0.00457	0.00791	0.00912	0.01265	0.10981	0.20137	0.12175	0.13640	0.27941	0.00411	0.00627	0.00821	0.05866	0.00400
22	0.02702	0.01305	0.05040	0.03119	0.03725	0.04920	0.34566	0.23284	0.01409	0.01906	0.02503	0.03443	0.00902	0.00550	0.00600	0.00159	0.06857	0.02023	0.00319	0.00665
23	0.01180	0.01142	0.01880	0.07761	0.72241	0.02990	0.01433	0.01481	0.02462	0.01539	0.00911	0.01192	0.00759	0.00435	0.00473	0.00143	0.00576	0.00425	0.00240	0.00738
24	0.01517	0.00869	0.01038	0.00873	0.01147	0.00886	0.00699	0.20922	0.11311	0.28220	0.03198	0.11752	0.02461	0.00870	0.03712	0.00180	0.00438	0.04096	0.05122	0.00690
25	0.00778	0.00525	0.00693	0.03813	0.00893	0.00496	0.00554	0.00959	0.01153	0.07456	0.27779	0.19020	0.15315	0.01182	0.02119	0.00186	0.00330	0.15823	0.00468	0.00459
26	0.08396	0.01316	0.04737	0.01234	0.06559	0.05966	0.07017	0.40851	0.08547	0.07597	0.01217	0.01248	0.02019	0.00548	0.00468	0.00146	0.00540	0.00438	0.00412	0.00742
27	0.06376	0.00964	0.01360	0.01161	0.05773	0.03618	0.14968	0.08194	0.09574	0.22499	0.05783	0.10241	0.05952	0.00691	0.00506	0.00156	0.00477	0.00619	0.00430	0.00660
28	0.00944	0.00912	0.01606	0.68828	0.08247	0.01081	0.09094	0.01268	0.00982	0.01275	0.00865	0.01270	0.00654	0.00467	0.00486	0.00158	0.00650	0.00439	0.00217	0.00557
29	0.01201	0.01274	0.02522	0.01934	0.07833	0.03069	0.61654	0.04214	0.06128	0.03668	0.01049	0.01307	0.00786	0.00433	0.00545	0.00158	0.00743	0.00540	0.00274	0.00668
30	0.01092	0.01129	0.02182	0.02102	0.27563	0.01095	0.40153	0.01481	0.05765	0.01553	0.03206	0.08196	0.01083	0.00532	0.00534	0.00157	0.00643	0.00592	0.00279	0.00661
31	0.00582	0.00416	0.00555	0.00666	0.00693	0.00388	0.00444	0.00666	0.00915	0.01220	0.02634	0.82891	0.03161	0.01497	0.00610	0.00194	0.00277	0.01359	0.00444	0.00388
32	0.04803	0.48569	0.32733	0.01021	0.01540	0.01554	0.01172	0.01462	0.00979	0.01319	0.00739	0.00861	0.00606	0.00428	0.00363	0.00123	0.00581	0.00294	0.00207	0.00645
33	0.26329	0.00957	0.01033	0.00832	0.01164	0.00997	0.00682	0.19491	0.05317	0.31509	0.04069	0.01420	0.03027	0.00576	0.00432	0.00148	0.00412	0.00434	0.00469	0.00702
34	0.01128	0.01289	0.02820	0.02015	0.02498	0.01209	0.78485	0.01531	0.01128	0.01531	0.00967	0.01289	0.00725	0.00403	0.00564	0.00161	0.00806	0.00564	0.00242	0.00645
35	0.00593	0.00426	0.00575	0.00673	0.00707	0.00407	0.00457	0.00687	0.00914	0.01229	0.04519	0.74007	0.03030	0.01660	0.07416	0.00241	0.00361	0.01275	0.00430	0.00393
36	0.01467	0.01564	0.01196	0.01069	0.01307	0.37188	0.00813	0.10388	0.25674	0.01616	0.01280	0.04496	0.01071	0.05980	0.00619	0.00165	0.02668	0.00462	0.00356	0.00621
37	0.00966	0.02423	0.77493	0.01389	0.02086	0.01114	0.04950	0.01514	0.01014	0.01514	0.00862	0.01021	0.00610	0.00452	0.00459	0.00152	0.00711	0.00362	0.00203	0.00704
38	0.01786	0.02248	0.01357	0.01227	0.01478	0.78720	0.00923	0.04373	0.01383	0.01229	0.00752	0.00871	0.00622	0.00495	0.00432	0.00124	0.00851	0.00312	0.00254	0.00562
39	0.01311	0.01497	0.07117	0.04359	0.21870	0.23401	0.05913	0.03908	0.17450	0.01551	0.01237	0.01401	0.03573	0.00543	0.00487	0.00146	0.01526	0.01739	0.00305	0.00664
40	0.04595	0.00710	0.00727	0.00673	0.00864	0.04306	0.00523	0.06685	0.07181	0.07386	0.12090	0.05872	0.32193	0.02151	0.00545	0.00161	0.00331	0.05228	0.07269	0.00510
41	0.00673	0.00488	0.00634	0.00597	0.00712	0.00449	0.00448	0.00895	0.01344	0.01896	0.77493	0.03604	0.06999	0.00985	0.00564	0.00151	0.00226	0.00869	0.00523	0.00449
42	0.01078	0.01001	0.01674	0.02431	0.61444	0.01002	0.02513	0.02826	0.01071	0.01517	0.01201	0.14471	0.01165	0.00724	0.03614	0.00175	0.00551	0.00583	0.00276	0.00684
43	0.02809	0.22437	0.41758	0.01298	0.06384	0.04449	0.04245	0.06976	0.02712	0.01535	0.00850	0.00985	0.00652	0.00453	0.00421	0.00137	0.00633	0.00347	0.00235	0.00683
44	0.00959	0.02472	0.80726	0.01362	0.02069	0.01110	0.01766	0.01514	0.01009	0.01514	0.00858	0.01009	0.00605	0.00454	0.00454	0.00151	0.00706	0.00353	0.00202	0.00706
45	0.00599	0.00428	0.00573	0.00684	0.00719	0.00402	0.00472	0.00694	0.00931	0.01238	0.02625	0.76197	0.03126	0.01482	0.00614	0.00196	0.00291	0.07893	0.00443	0.00393
46	0.02307	0.33723	0.12542	0.01133	0.04526	0.10553	0.05567	0.07096	0.01165	0.12073	0.00923	0.01013	0.00715	0.00481	0.00455	0.00131	0.04300	0.00350	0.00285	0.00663
47	0.00649	0.00483	0.00654	0.02662	0.04138	0.00464	0.00528	0.00762	0.00951	0.01260	0.04831	0.53776	0.08167	0.08376	0.00759	0.00214	0.00329	0.10170	0.00418	0.00408
48	0.00588	0.00424	0.00558	0.00653	0.00693	0.00393	0.00441	0.00683	0.00954	0.01272	0.08196	0.73900	0.06578	0.01448	0.00605	0.00190	0.00272	0.01309	0.00450	0.00393
49	0.08307	0.18935	0.21603	0.02772	0.25659	0.03999	0.01236	0.04755	0.02727	0.03120	0.00865	0.01024	0.00687	0.00447	0.00416	0.00135	0.00572	0.00355	0.00249	0.02136
50	0.04877	0.12943	0.09787	0.01134	0.09839	0.01138	0.00913	0.16020	0.06366	0.09659	0.01052	0.01117	0.00797	0.00468	0.00413	0.00122	0.00476	0.00365	0.00339	0.22175

[dist]
# distance from previous block
# <min> <max>
0	1

[block]
# block no. 1 follows, 53 sequences, length 35
# corresponding to MSA columns:
# 148-181,197
name=unknown_B
#
# <colnr> <probs for GDERKNQSTAVLIFYWHMCP>
#	G	D	E	R	K	N	Q	S	T	A	V	L	I	F	Y	W	H	M	C	P
0	0.09962	0.35273	0.11352	0.01050	0.03218	0.01509	0.05555	0.15073	0.09746	0.01734	0.00935	0.01015	0.00740	0.00473	0.00392	0.00131	0.00527	0.00352	0.00295	0.00670
1	0.08336	0.03362	0.01316	0.01093	0.01396	0.42052	0.02509	0.13265	0.03831	0.16800	0.01054	0.01080	0.00774	0.00521	0.00439	0.00134	0.00664	0.00367	0.00357	0.00649
2	0.03069	0.05708	0.15055	0.01289	0.13217	0.12261	0.01009	0.02979	0.18328	0.07106	0.12566	0.01630	0.02549	0.00593	0.00469	0.00145	0.00519	0.00484	0.00359	0.00663
3	0.00663	0.00488	0.00620	0.00587	0.00706	0.00445	0.00440	0.00876	0.01321	0.01842	0.70999	0.03693	0.13526	0.01005	0.00564	0.00152	0.00227	0.00882	0.00516	0.00445
4	0.00689	0.00489	0.00651	0.00651	0.00696	0.00534	0.00451	0.00778	0.00733	0.01023	0.01388	0.02472	0.01453	0.41422	0.43824	0.00623	0.00892	0.00599	0.00272	0.00362
5	0.01183	0.01136	0.01940	0.02934	0.80221	0.01136	0.01467	0.01467	0.01088	0.01562	0.00899	0.01183	0.00757	0.00426	0.00473	0.00142	0.00568	0.00426	0.00237	0.00757
6	0.00687	0.00494	0.00633	0.00709	0.00769	0.00480	0.00495	0.06697	0.01027	0.01369	0.02515	0.72832	0.02960	0.01418	0.00602	0.00191	0.00304	0.04949	0.00446	0.00423
7	0.00639	0.00515	0.00580	0.00583	0.00721	0.00474	0.00437	0.00853	0.05827	0.01419	0.16386	0.12018	0.46583	0.02632	0.04900	0.00203	0.00318	0.04032	0.00447	0.00432
8	0.86579	0.00924	0.00702	0.00629	0.00924	0.01072	0.00518	0.01405	0.00813	0.02144	0.00666	0.00776	0.00518	0.00444	0.00296	0.00148	0.00370	0.00259	0.00296	0.00518
9	0.00991	0.00850	0.00991	0.00708	0.01133	0.00637	0.00566	0.01203	0.00991	0.01557	0.00850	0.00991	0.00708	0.00354	0.00354	0.00071	0.00354	0.00283	0.00283	0.86124
10	0.00717	0.00499	0.00640	0.00599	0.00725	0.00455	0.00451	0.00931	0.01328	0.04602	0.70020	0.03601	0.11654	0.00986	0.00561	0.00151	0.00233	0.00865	0.00521	0.00459
11	0.00582	0.00416	0.00555	0.00666	0.00693	0.00388	0.00444	0.00666	0.00915	0.01220	0.02634	0.82891	0.03161	0.01497	0.00610	0.00194	0.00277	0.01359	0.00444	0.00388
12	0.00649	0.00487	0.00602	0.00580	0.00702	0.00440	0.00436	0.00847	0.01275	0.01742	0.58748	0.05720	0.22461	0.01052	0.00567	0.00155	0.00235	0.02359	0.00503	0.00438
13	0.01173	0.01128	0.01919	0.05249	0.72236	0.01138	0.03923	0.01504	0.04176	0.01567	0.00941	0.01213	0.00780	0.00436	0.00477	0.00144	0.00570	0.00435	0.00246	0.00747
14	0.01131	0.01263	0.02653	0.01916	0.02371	0.01213	0.70613	0.01600	0.07154	0.01558	0.01034	0.01321	0.00779	0.00432	0.00582	0.00162	0.02746	0.00559	0.00260	0.00650
15	0.03058	0.45257	0.29493	0.01037	0.01538	0.04712	0.01150	0.06306	0.01076	0.01401	0.00765	0.00879	0.00621	0.00439	0.00373	0.00124	0.00591	0.00303	0.00224	0.00654
16	0.00616	0.00456	0.00580	0.00665	0.00722	0.00431	0.00460	0.00767	0.04320	0.01292	0.05658	0.66525	0.10584	0.01409	0.00600	0.00189	0.00281	0.03588	0.00448	0.00409
17	0.09334	0.13565	0.40314	0.01046	0.01534	0.01133	0.01190	0.05671	0.04937	0.01652	0.07211	0.02705	0.03949	0.00552	0.00432	0.00144	0.00542	0.00427	0.03024	0.00638
18	0.00965	0.05610	0.75075	0.01325	0.02001	0.01123	0.01697	0.01494	0.01011	0.01496	0.00904	0.01140	0.00675	0.00480	0.00455	0.00152	0.00690	0.02806	0.00210	0.00694
19	0.02095	0.00893	0.01159	0.00888	0.01260	0.00821	0.00734	0.13912	0.01501	0.68781	0.01774	0.01554	0.01127	0.00589	0.00480	0.00147	0.00425	0.00473	0.00574	0.00813
20	0.01095	0.01048	0.01783	0.23396	0.53889	0.01104	0.03849	0.01416	0.03149	0.01476	0.00954	0.02984	0.00795	0.00468	0.00481	0.00149	0.00582	0.00453	0.00242	0.00687
21	0.05365	0.04033	0.03854	0.01496	0.01911	0.02566	0.43291	0.05021	0.02361	0.18430	0.01251	0.06062	0.00961	0.00523	0.00518	0.00156	0.00639	0.00552	0.00342	0.00667
22	0.01546	0.01776	0.01245	0.01128	0.01384	0.49181	0.00857	0.02162	0.32619	0.01502	0.01222	0.01231	0.00954	0.00555	0.00453	0.00139	0.00668	0.00401	0.00342	0.00635
23	0.00672	0.00488	0.00633	0.00597	0.00711	0.00449	0.00448	0.00894	0.01343	0.01893	0.77092	0.03610	0.07401	0.00986	0.00564	0.00151	0.00226	0.00870	0.00523	0.00449
24	0.23288	0.08382	0.08129	0.01006	0.01360	0.08958	0.07956	0.15074	0.02378	0.10021	0.03820	0.05575	0.00979	0.00559	0.00428	0.00145	0.00520	0.00437	0.00351	0.00634
25	0.01183	0.01136	0.01940	0.02934	0.80221	0.01136	0.01467	0.01467	0.01088	0.01562	0.00899	0.01183	0.00757	0.00426	0.00473	0.00142	0.00568	0.00426	0.00237	0.00757
26	0.00903	0.00850	0.01434	0.82054	0.03292	0.01062	0.01327	0.01221	0.00956	0.01221	0.00850	0.01274	0.00637	0.00478	0.00478	0.00159	0.00637	0.00425	0.00212	0.00531
27	0.00616	0.00479	0.00569	0.00627	0.00737	0.00432	0.00478	0.00748	0.01040	0.01301	0.03669	0.28010	0.39907	0.01320	0.00600	0.00184	0.00297	0.18136	0.00443	0.00407
28	0.01162	0.37157	0.33703	0.01205	0.06727	0.01435	0.02492	0.03948	0.01051	0.03175	0.00865	0.01080	0.00710	0.00467	0.00402	0.00132	0.00594	0.02801	0.00231	0.00666
29	0.00685	0.00503	0.00721	0.00721	0.00790	0.00572	0.00538	0.00823	0.00754	0.01074	0.01324	0.02118	0.01299	0.18858	0.66178	0.00710	0.01124	0.00547	0.00262	0.00400
30	0.00569	0.00484	0.00485	0.00485	0.00642	0.00405	0.00361	0.00686	0.01077	0.01280	0.04735	0.04553	0.77527	0.03828	0.00625	0.00171	0.00249	0.00999	0.00439	0.00400
31	0.04192	0.01478	0.03779	0.02531	0.11533	0.20907	0.02520	0.26480	0.13671	0.06467	0.01149	0.01197	0.00859	0.00535	0.00463	0.00142	0.00592	0.00415	0.00376	0.00714
32	0.32394	0.03285	0.01232	0.04067	0.16720	0.05341	0.00851	0.12420	0.01210	0.16728	0.01018	0.01089	0.00742	0.00489	0.00405	0.00144	0.00477	0.00365	0.00357	0.00666
33	0.00959	0.02472	0.80726	0.01362	0.02069	0.01110	0.01766	0.01514	0.01009	0.01514	0.00858	0.01009	0.00605	0.00454	0.00454	0.00151	0.00706	0.00353	0.00202	0.00706
34	0.00609	0.00473	0.00559	0.00613	0.00714	0.00428	0.00449	0.00750	0.02365	0.01313	0.06528	0.36393	0.36409	0.01320	0.00592	0.00180	0.00279	0.09169	0.00447	0.00409

[dist]
# distance from previous block
# <min> <max>
0	2

[block]
# block no. 2 follows, 53 sequences, length 30
# corresponding to MSA columns:
# 200-229
name=unknown_C
#
# <colnr> <probs for GDERKNQSTAVLIFYWHMCP>
#	G	D	E	R	K	N	Q	S	T	A	V	L	I	F	Y	W	H	M	C	P
0	0.00978	0.00829	0.01279	0.01048	0.01255	0.00892	0.17283	0.07046	0.08059	0.01633	0.09083	0.04829	0.04224	0.01153	0.13658	0.00255	0.10071	0.00580	0.15298	0.00546
1	0.03970	0.27893	0.42565	0.01122	0.01661	0.04225	0.01294	0.01600	0.08793	0.01448	0.00894	0.00996	0.00690	0.00460	0.00405	0.00136	0.00606	0.00336	0.00236	0.00670
2	0.10659	0.28606	0.10223	0.01168	0.08897	0.08321	0.03394	0.05114	0.12302	0.04805	0.00997	0.01102	0.00794	0.00484	0.00400	0.00133	0.00538	0.01113	0.00293	0.00658
3	0.01152	0.01007	0.01256	0.03968	0.01369	0.10373	0.12134	0.07567	0.12137	0.07601	0.01728	0.25436	0.01690	0.00878	0.00588	0.00170	0.04387	0.05588	0.00391	0.00578
4	0.00622	0.00485	0.00575	0.00622	0.00729	0.00447	0.00460	0.00785	0.03507	0.01326	0.07021	0.32878	0.35399	0.01371	0.03056	0.00198	0.00312	0.09348	0.00443	0.00416
5	0.01330	0.01238	0.10166	0.05458	0.28607	0.02884	0.07929	0.09550	0.09101	0.12860	0.05167	0.01410	0.01055	0.00519	0.00486	0.00148	0.00550	0.00469	0.00347	0.00725
6	0.03976	0.38078	0.17306	0.01022	0.01465	0.05624	0.03589	0.10162	0.05571	0.07693	0.00937	0.01003	0.00727	0.00469	0.00393	0.00128	0.00559	0.00341	0.00286	0.00672
7	0.00634	0.00474	0.00644	0.00702	0.00776	0.00448	0.02262	0.00761	0.00985	0.01301	0.07958	0.48995	0.12306	0.03722	0.04207	0.00223	0.00355	0.12408	0.00432	0.00407
8	0.04905	0.16105	0.56728	0.01299	0.04344	0.01256	0.03874	0.03603	0.01034	0.01519	0.00829	0.00975	0.00617	0.00447	0.00426	0.00143	0.00652	0.00343	0.00216	0.00685
9	0.01259	0.01279	0.06402	0.11858	0.49015	0.07382	0.04475	0.07000	0.01182	0.04227	0.00932	0.01175	0.00740	0.00454	0.00474	0.00144	0.00608	0.00420	0.00262	0.00713
10	0.01166	0.07359	0.04872	0.05401	0.60370	0.01197	0.09787	0.01464	0.01076	0.01512	0.00886	0.01160	0.00733	0.00425	0.00470	0.00142	0.00597	0.00425	0.00233	0.00724
11	0.01205	0.01169	0.02167	0.01612	0.02008	0.01147	0.48826	0.17941	0.01361	0.01833	0.03035	0.05444	0.01142	0.00593	0.00557	0.00164	0.00672	0.08150	0.00328	0.00644
12	0.01193	0.27101	0.35517	0.01158	0.01657	0.11339	0.04716	0.01574	0.04394	0.03193	0.00915	0.03563	0.00745	0.00487	0.00418	0.00135	0.00636	0.00370	0.00239	0.00651
13	0.03927	0.01143	0.06192	0.02637	0.26130	0.02050	0.13866	0.08420	0.07478	0.13834	0.04043	0.02399	0.04583	0.00547	0.00493	0.00150	0.00541	0.00507	0.00354	0.00706
14	0.01021	0.00984	0.01587	0.01331	0.03866	0.01150	0.18917	0.06304	0.01002	0.01424	0.04554	0.08424	0.03658	0.00953	0.05663	0.00219	0.35190	0.02916	0.00286	0.00551
15	0.00973	0.00937	0.01602	0.59177	0.13344	0.01105	0.07460	0.01316	0.03373	0.01312	0.00889	0.01269	0.00685	0.00486	0.00531	0.00159	0.04140	0.00439	0.00226	0.00577
16	0.03151	0.10408	0.62892	0.01295	0.04049	0.01158	0.01554	0.01562	0.01029	0.07327	0.00911	0.01030	0.00651	0.00459	0.00438	0.00146	0.00653	0.00353	0.00234	0.00702
17	0.01451	0.03884	0.03405	0.01060	0.04929	0.17826	0.00817	0.19260	0.13239	0.10765	0.09573	0.03336	0.07054	0.00660	0.00481	0.00144	0.00511	0.00524	0.00418	0.00663
18	0.00594	0.00438	0.00556	0.00628	0.00689	0.00400	0.00432	0.00705	0.01009	0.01337	0.14750	0.58655	0.15305	0.01374	0.00596	0.00182	0.00264	0.01229	0.00456	0.00400
19	0.08443	0.05517	0.02834	0.01148	0.01474	0.18749	0.12956	0.08991	0.13589	0.12949	0.01320	0.01444	0.03038	0.00569	0.00493	0.00148	0.02523	0.02795	0.00366	0.00656
20	0.01245	0.01221	0.04010	0.04551	0.58544	0.03708	0.04877	0.08637	0.05443	0.01695	0.00974	0.01205	0.00787	0.00455	0.00477	0.00144	0.00579	0.00433	0.00271	0.00743
21	0.00590	0.00425	0.00561	0.00657	0.00693	0.00402	0.00442	0.00677	0.00909	0.01208	0.02631	0.72691	0.06529	0.04333	0.04596	0.00230	0.00331	0.01279	0.00429	0.00387
22	0.01119	0.01295	0.04582	0.04838	0.05852	0.01198	0.70661	0.01517	0.01118	0.01521	0.00957	0.01278	0.00721	0.00408	0.00555	0.00160	0.00787	0.00548	0.00240	0.00647
23	0.01289	0.01253	0.02266	0.03800	0.09892	0.05762	0.47708	0.07367	0.01227	0.08271	0.01080	0.01403	0.00830	0.00482	0.00559	0.00158	0.02631	0.03063	0.00294	0.00665
24	0.01179	0.08904	0.20060	0.01635	0.06379	0.06786	0.35770	0.02742	0.04646	0.03415	0.01010	0.01290	0.00786	0.00467	0.00498	0.00151	0.00704	0.02657	0.00258	0.00661
25	0.00772	0.00516	0.00653	0.00658	0.00737	0.00525	0.00469	0.03337	0.00903	0.04819	0.02019	0.18314	0.08527	0.27166	0.20953	0.00411	0.00599	0.05159	0.03056	0.00406
26	0.04148	0.01336	0.05821	0.01773	0.02225	0.04790	0.60141	0.04313	0.04734	0.01602	0.01117	0.01364	0.03293	0.00454	0.00537	0.00158	0.00741	0.00541	0.00268	0.00642
27	0.03898	0.06956	0.03912	0.11714	0.12166	0.01105	0.20066	0.07676	0.01164	0.06718	0.07083	0.05564	0.03575	0.00594	0.00563	0.00155	0.05614	0.00541	0.00313	0.00623
28	0.01498	0.00800	0.02409	0.04603	0.02819	0.00716	0.07053	0.01738	0.03422	0.41401	0.08132	0.11182	0.01691	0.02593	0.00558	0.00164	0.00429	0.04895	0.00483	0.03414
29	0.01179	0.01020	0.01857	0.05174	0.07946	0.01006	0.33909	0.04237	0.03671	0.11124	0.03813	0.05883	0.03157	0.00638	0.00596	0.00165	0.04813	0.07200	0.00339	0.02274

[dist]
# distance from previous block
# <min> <max>
0	26

# created by:
# /home/cegg/simao/soft/augustus-3.2.1/scripts/msa2prfl.pl ./align_prep/EOG091G105E.fa
