[name]
unknown

[dist]
# distance from previous block
# <min> <max>
0	6

[block]
# block no. 0 follows, 42 sequences, length 46
# corresponding to MSA columns:
# 6-51
name=unknown_A
#
# <colnr> <probs for GDERKNQSTAVLIFYWHMCP>
#	G	D	E	R	K	N	Q	S	T	A	V	L	I	F	Y	W	H	M	C	P
0	0.04949	0.02722	0.03818	0.01270	0.04487	0.01123	0.07929	0.11231	0.06955	0.33529	0.01682	0.01698	0.01181	0.00643	0.00577	0.00167	0.02349	0.01894	0.00522	0.11276
1	0.07129	0.05041	0.01455	0.01392	0.14369	0.01137	0.00946	0.12067	0.05230	0.18608	0.08316	0.01983	0.05491	0.01875	0.00665	0.02368	0.03495	0.00577	0.02372	0.05484
2	0.04954	0.01114	0.01534	0.03941	0.21616	0.01090	0.01071	0.09836	0.05755	0.29164	0.04701	0.01899	0.05057	0.00674	0.00556	0.00169	0.00528	0.00571	0.00506	0.05265
3	0.11468	0.00876	0.01158	0.14113	0.10201	0.00912	0.00862	0.03561	0.01209	0.01840	0.17311	0.02365	0.02002	0.14437	0.05619	0.00273	0.00566	0.00628	0.00383	0.10218
4	0.01246	0.01165	0.01779	0.17714	0.37974	0.02845	0.01360	0.01604	0.04079	0.01770	0.04819	0.04895	0.01217	0.00597	0.00546	0.00161	0.00607	0.00547	0.00321	0.14756
5	0.01328	0.01518	0.03321	0.02372	0.02941	0.01423	0.74668	0.01803	0.01328	0.01803	0.01139	0.01518	0.00854	0.00474	0.00664	0.00190	0.00949	0.00664	0.00285	0.00759
6	0.01460	0.71260	0.11855	0.01040	0.01563	0.02117	0.01097	0.01697	0.01149	0.01379	0.00810	0.00937	0.00721	0.00488	0.00382	0.00127	0.00629	0.00315	0.00240	0.00735
7	0.00876	0.00643	0.00912	0.01094	0.04855	0.00635	0.00852	0.01099	0.01240	0.01630	0.02914	0.24410	0.03242	0.01554	0.00752	0.00247	0.00478	0.51538	0.00507	0.00522
8	0.01257	0.00997	0.01176	0.00845	0.01341	0.00755	0.00677	0.01505	0.01196	0.06838	0.01081	0.01217	0.00871	0.00435	0.00427	0.00089	0.00421	0.00349	0.00358	0.78164
9	0.01167	0.01000	0.01167	0.00834	0.01334	0.00750	0.00667	0.01417	0.01167	0.01834	0.01000	0.01167	0.00834	0.00417	0.00417	0.00083	0.00417	0.00333	0.00333	0.83663
10	0.01279	0.01183	0.04743	0.01654	0.23696	0.00964	0.01050	0.02873	0.01239	0.03837	0.01085	0.02345	0.00902	0.00477	0.00474	0.00118	0.00513	0.00413	0.00329	0.50823
11	0.80094	0.01168	0.00866	0.00776	0.01121	0.05096	0.00633	0.01684	0.00990	0.02468	0.00788	0.00919	0.00615	0.00525	0.00356	0.00173	0.00464	0.00308	0.00345	0.00612
12	0.84197	0.01088	0.00827	0.00740	0.01088	0.01262	0.00609	0.01654	0.00958	0.02525	0.00784	0.00914	0.00609	0.00522	0.00348	0.00174	0.00435	0.00305	0.00348	0.00609
13	0.00806	0.00596	0.00872	0.00872	0.00961	0.00686	0.00662	0.00984	0.00895	0.01282	0.01537	0.02377	0.01479	0.12821	0.69491	0.00864	0.01399	0.00627	0.00306	0.00484
14	0.38266	0.01249	0.01552	0.06199	0.18389	0.04081	0.07853	0.05509	0.01245	0.09260	0.01058	0.01232	0.00799	0.00542	0.00474	0.00173	0.00588	0.00430	0.00362	0.00739
15	0.04852	0.05114	0.01441	0.01260	0.11604	0.04288	0.00881	0.05311	0.01302	0.07441	0.01150	0.01389	0.00942	0.00511	0.00463	0.00119	0.00504	0.02580	0.00364	0.48484
16	0.00720	0.00570	0.00636	0.00651	0.00800	0.00503	0.00485	0.00876	0.01277	0.01603	0.15427	0.10653	0.48121	0.07848	0.00858	0.00226	0.00327	0.07426	0.00522	0.00475
17	0.04687	0.20913	0.06564	0.01405	0.07252	0.13444	0.07909	0.04951	0.04026	0.03991	0.01038	0.01236	0.00853	0.02067	0.00587	0.00154	0.04433	0.00420	0.00316	0.13753
18	0.00889	0.00614	0.00823	0.00811	0.00886	0.00672	0.00581	0.01068	0.06876	0.01310	0.04396	0.02543	0.01655	0.22080	0.35609	0.16816	0.00940	0.00652	0.00334	0.00445
19	0.01782	0.01435	0.11869	0.03392	0.28964	0.01199	0.04053	0.10145	0.01521	0.26134	0.01499	0.03065	0.01087	0.00612	0.00565	0.00173	0.00629	0.00539	0.00443	0.00894
20	0.01114	0.01063	0.01828	0.66539	0.12671	0.01268	0.04626	0.01488	0.01153	0.01502	0.01013	0.01488	0.00772	0.00552	0.00566	0.00185	0.00749	0.00507	0.00255	0.00663
21	0.01213	0.01228	0.01207	0.08375	0.06852	0.18209	0.00891	0.03242	0.04261	0.01765	0.21946	0.06929	0.14744	0.00962	0.00683	0.00180	0.05480	0.00784	0.00439	0.00609
22	0.01113	0.00963	0.01160	0.01219	0.11899	0.04679	0.00792	0.01381	0.04769	0.03531	0.02102	0.23240	0.08642	0.00923	0.00558	0.00155	0.00449	0.00805	0.00413	0.31207
23	0.05051	0.00906	0.01118	0.00891	0.01260	0.00783	0.00708	0.01735	0.01283	0.26287	0.01915	0.12821	0.05252	0.00780	0.00580	0.00150	0.03815	0.00638	0.00485	0.33542
24	0.01288	0.01261	0.02079	0.31088	0.39829	0.03631	0.06639	0.01686	0.03847	0.01692	0.01080	0.01455	0.00861	0.00534	0.00566	0.00176	0.00721	0.00513	0.00279	0.00777
25	0.01417	0.01178	0.01707	0.28342	0.12387	0.01299	0.05550	0.10773	0.17170	0.06823	0.02862	0.01659	0.01138	0.00618	0.00565	0.00177	0.00628	0.00546	0.00402	0.04758
26	0.27887	0.00771	0.00845	0.00876	0.04099	0.00842	0.00630	0.01189	0.01018	0.01781	0.04775	0.09631	0.10436	0.08242	0.24192	0.00432	0.00744	0.00698	0.00378	0.00534
27	0.00797	0.00575	0.00688	0.00705	0.00785	0.00533	0.00465	0.00881	0.01014	0.01363	0.04764	0.28157	0.08715	0.35820	0.01625	0.00351	0.00433	0.04237	0.00430	0.07662
28	0.09425	0.01561	0.01555	0.01319	0.04848	0.08947	0.01022	0.46027	0.12575	0.02959	0.01364	0.01381	0.01004	0.00651	0.00535	0.00168	0.00613	0.00488	0.00500	0.03059
29	0.67913	0.01143	0.00919	0.00803	0.01149	0.04475	0.00651	0.04340	0.01068	0.04618	0.00869	0.01007	0.00676	0.00585	0.00443	0.03347	0.00469	0.00331	0.00359	0.04835
30	0.01045	0.00870	0.01172	0.07538	0.11473	0.04753	0.00881	0.04341	0.01075	0.01458	0.01421	0.05920	0.01367	0.10800	0.34334	0.07216	0.01002	0.00622	0.00316	0.02396
31	0.03635	0.01066	0.01420	0.07729	0.01663	0.01118	0.08511	0.18238	0.10990	0.10856	0.09275	0.08178	0.05670	0.05995	0.00751	0.00210	0.00540	0.02917	0.00503	0.00734
32	0.04183	0.00752	0.00987	0.00973	0.01163	0.00752	0.04263	0.01407	0.11087	0.05579	0.05742	0.17232	0.13507	0.01325	0.00714	0.01816	0.00448	0.26970	0.00517	0.00583
33	0.00885	0.00606	0.00696	0.00688	0.00779	0.00585	0.00462	0.01043	0.04844	0.04659	0.08441	0.08999	0.17182	0.42062	0.01801	0.00378	0.00449	0.04542	0.00446	0.00453
34	0.34268	0.00935	0.00989	0.00853	0.01181	0.00954	0.00682	0.01956	0.04415	0.30288	0.01954	0.12528	0.05175	0.00815	0.00507	0.00183	0.00429	0.00641	0.00521	0.00724
35	0.23579	0.00762	0.00782	0.00772	0.00975	0.00792	0.00581	0.01331	0.07478	0.05845	0.03787	0.27353	0.18120	0.01308	0.03873	0.00227	0.00415	0.00972	0.00480	0.00569
36	0.21583	0.00828	0.00867	0.00831	0.01005	0.03237	0.00631	0.01386	0.06072	0.04947	0.01573	0.02507	0.01499	0.19189	0.19044	0.03612	0.00733	0.07035	0.02886	0.00536
37	0.08705	0.00710	0.00845	0.00765	0.00975	0.00670	0.00579	0.01447	0.03177	0.18518	0.27167	0.10883	0.13675	0.08402	0.00821	0.00217	0.00367	0.00907	0.00562	0.00608
38	0.47222	0.00982	0.00974	0.00821	0.01171	0.01030	0.00671	0.01936	0.01249	0.26833	0.10609	0.01648	0.01447	0.00657	0.00458	0.00174	0.00429	0.00478	0.00495	0.00713
39	0.01264	0.00797	0.00969	0.00866	0.01089	0.00782	0.00679	0.10707	0.05563	0.13858	0.29226	0.06025	0.10668	0.06666	0.00800	0.00214	0.00402	0.08197	0.00579	0.00648
40	0.04744	0.01045	0.01119	0.01046	0.01294	0.04013	0.00830	0.11429	0.27736	0.03518	0.02392	0.10493	0.05817	0.03261	0.04018	0.00243	0.00533	0.15239	0.00517	0.00711
41	0.05439	0.00859	0.01018	0.00886	0.01160	0.00846	0.00691	0.05586	0.13822	0.24154	0.18078	0.09876	0.11454	0.02740	0.00654	0.00192	0.00398	0.00830	0.00592	0.00724
42	0.10112	0.00690	0.00787	0.00715	0.00897	0.00659	0.00521	0.01248	0.01211	0.11636	0.19411	0.04442	0.14474	0.23065	0.04088	0.00304	0.00446	0.00817	0.00482	0.03992
43	0.56975	0.01103	0.01003	0.00853	0.01207	0.01228	0.00696	0.10443	0.03553	0.12590	0.01100	0.01175	0.00808	0.00640	0.00498	0.04168	0.00466	0.00383	0.00422	0.00689
44	0.00986	0.00667	0.00841	0.00824	0.00927	0.00697	0.00599	0.08519	0.01155	0.02813	0.03499	0.18314	0.05149	0.17132	0.16626	0.09958	0.01740	0.04446	0.04619	0.00490
45	0.03042	0.00747	0.00988	0.00958	0.03811	0.00771	0.00700	0.03050	0.07067	0.10578	0.07344	0.02418	0.07080	0.05333	0.28876	0.11599	0.00829	0.00644	0.00411	0.03753

[dist]
# distance from previous block
# <min> <max>
0	1

[block]
# block no. 1 follows, 42 sequences, length 8
# corresponding to MSA columns:
# 53-60
name=unknown_B
#
# <colnr> <probs for GDERKNQSTAVLIFYWHMCP>
#	G	D	E	R	K	N	Q	S	T	A	V	L	I	F	Y	W	H	M	C	P
0	0.12923	0.00640	0.00758	0.00792	0.00926	0.00645	0.00588	0.01085	0.01131	0.05358	0.08080	0.35295	0.09249	0.04395	0.09420	0.00300	0.00498	0.06919	0.00481	0.00517
1	0.00956	0.00648	0.00905	0.00877	0.00977	0.00718	0.00665	0.01117	0.00984	0.06734	0.04641	0.02775	0.01771	0.19880	0.45080	0.00677	0.04923	0.04803	0.00361	0.00508
2	0.06641	0.00941	0.01258	0.10574	0.12739	0.03719	0.00965	0.01522	0.09510	0.04419	0.01422	0.01918	0.01231	0.06543	0.30902	0.03208	0.00957	0.00558	0.00341	0.00631
3	0.04165	0.00666	0.00850	0.00898	0.03756	0.00666	0.00625	0.03526	0.03888	0.05053	0.02450	0.20194	0.11559	0.09320	0.06323	0.17666	0.00509	0.06969	0.00427	0.00490
4	0.11400	0.02153	0.04797	0.05006	0.01887	0.45754	0.08320	0.04701	0.07660	0.01730	0.01033	0.01184	0.00816	0.00579	0.00515	0.00161	0.00860	0.00422	0.00325	0.00695
5	0.01141	0.00827	0.01173	0.20147	0.01761	0.00927	0.02874	0.03832	0.08922	0.05979	0.03986	0.05630	0.01469	0.07759	0.10273	0.09956	0.02860	0.00630	0.09271	0.00583
6	0.01249	0.01479	0.13540	0.07019	0.36399	0.01271	0.09799	0.01705	0.06176	0.01798	0.03685	0.07057	0.01241	0.00657	0.00643	0.00183	0.04374	0.00609	0.00317	0.00796
7	0.01217	0.04047	0.07132	0.34191	0.18623	0.03079	0.09791	0.04294	0.01264	0.01671	0.01332	0.03895	0.04079	0.00632	0.00576	0.00182	0.00721	0.02264	0.00297	0.00714

[dist]
# distance from previous block
# <min> <max>
0	1

[block]
# block no. 2 follows, 42 sequences, length 50
# corresponding to MSA columns:
# 62-66,69-88,108-126,130-135
name=unknown_C
#
# <colnr> <probs for GDERKNQSTAVLIFYWHMCP>
#	G	D	E	R	K	N	Q	S	T	A	V	L	I	F	Y	W	H	M	C	P
0	0.01159	0.01176	0.03974	0.46797	0.12578	0.03753	0.06845	0.02740	0.01200	0.01565	0.01301	0.03226	0.04215	0.00656	0.00645	0.00189	0.04704	0.02321	0.00286	0.00669
1	0.01192	0.04624	0.05806	0.41118	0.08484	0.01279	0.07034	0.01526	0.01154	0.05382	0.01293	0.01667	0.04485	0.00796	0.04085	0.00219	0.08352	0.00540	0.00292	0.00674
2	0.01099	0.11715	0.17316	0.05997	0.05335	0.05462	0.07112	0.01412	0.01241	0.01637	0.08989	0.19836	0.03976	0.00954	0.00597	0.00187	0.00605	0.05508	0.00375	0.00648
3	0.01156	0.08882	0.15335	0.16664	0.09786	0.01184	0.11650	0.01488	0.01172	0.03590	0.01438	0.12516	0.01347	0.00913	0.02655	0.04387	0.00700	0.04144	0.00318	0.00675
4	0.00838	0.00629	0.00782	0.04228	0.04954	0.00577	0.00590	0.00995	0.01238	0.05330	0.09518	0.22051	0.38406	0.06311	0.00800	0.00218	0.00360	0.01151	0.00502	0.00519
5	0.01153	0.07980	0.72453	0.01562	0.02371	0.01367	0.02006	0.01776	0.01185	0.01752	0.00995	0.01170	0.00713	0.00531	0.00523	0.00174	0.00817	0.00408	0.00238	0.00825
6	0.01179	0.06663	0.19087	0.05124	0.04202	0.07249	0.07599	0.01589	0.04837	0.01663	0.01756	0.07364	0.01716	0.00942	0.00689	0.00204	0.04832	0.22267	0.00365	0.00672
7	0.01145	0.00975	0.01488	0.27196	0.08816	0.03515	0.06971	0.01468	0.04458	0.06512	0.05486	0.22219	0.01885	0.02401	0.00692	0.00202	0.02703	0.00839	0.00391	0.00639
8	0.04012	0.16604	0.25624	0.05414	0.02000	0.01657	0.01379	0.32355	0.01781	0.02440	0.01104	0.01212	0.00816	0.00585	0.00510	0.00164	0.00684	0.00434	0.00378	0.00847
9	0.07123	0.01023	0.01338	0.09849	0.01699	0.00993	0.00911	0.10844	0.01636	0.51717	0.05613	0.01857	0.01419	0.00691	0.00557	0.00175	0.00513	0.00559	0.00606	0.00878
10	0.01146	0.06394	0.06835	0.45490	0.09193	0.02735	0.09122	0.01515	0.01197	0.01556	0.03064	0.01816	0.03171	0.00624	0.00572	0.00183	0.00730	0.03705	0.00284	0.00670
11	0.01023	0.00901	0.00863	0.00844	0.00997	0.11337	0.00632	0.01174	0.01291	0.04866	0.12789	0.16557	0.26372	0.07685	0.00887	0.00225	0.03940	0.06610	0.00483	0.00524
12	0.03567	0.00971	0.01242	0.00981	0.01364	0.00903	0.00800	0.09896	0.04365	0.53661	0.12059	0.02159	0.01874	0.00754	0.00571	0.00174	0.00457	0.00618	0.02705	0.00881
13	0.00755	0.00587	0.00697	0.00752	0.00872	0.00552	0.00546	0.01002	0.06719	0.01610	0.09259	0.38737	0.27752	0.01518	0.00690	0.00211	0.00331	0.06374	0.00533	0.00505
14	0.00994	0.00921	0.07660	0.01014	0.01205	0.00825	0.02723	0.01366	0.09494	0.04092	0.07542	0.15145	0.02421	0.12702	0.11005	0.00352	0.04574	0.14947	0.00441	0.00577
15	0.01203	0.00986	0.01154	0.00830	0.01318	0.00746	0.00664	0.01453	0.01180	0.04029	0.01058	0.01214	0.00866	0.00431	0.00420	0.00087	0.00414	0.00345	0.02572	0.79028
16	0.00788	0.00536	0.00704	0.00800	0.00864	0.00505	0.00565	0.00907	0.01118	0.03846	0.04282	0.56065	0.06314	0.08813	0.00914	0.00258	0.00375	0.11360	0.00512	0.00473
17	0.00744	0.00553	0.00732	0.00822	0.00871	0.00554	0.00581	0.00857	0.01071	0.01429	0.02954	0.57497	0.07167	0.06916	0.04293	0.00280	0.04359	0.07367	0.00487	0.00465
18	0.01042	0.00973	0.04856	0.01444	0.07471	0.00859	0.18548	0.01337	0.02599	0.04970	0.05937	0.28664	0.07120	0.01158	0.00677	0.00208	0.00554	0.10515	0.00446	0.00623
19	0.02525	0.00958	0.01306	0.01001	0.01437	0.00827	0.00827	0.02743	0.01611	0.77102	0.02220	0.01915	0.01393	0.00697	0.00566	0.00174	0.00479	0.00566	0.00697	0.00958
20	0.01129	0.02911	0.77306	0.01604	0.02436	0.01307	0.02079	0.01782	0.01188	0.01782	0.01010	0.01188	0.00713	0.00535	0.00535	0.00178	0.00832	0.00416	0.00238	0.00832
21	0.01148	0.01398	0.14151	0.42566	0.09125	0.01283	0.09686	0.03491	0.01198	0.01619	0.01137	0.02818	0.01997	0.00663	0.02018	0.00200	0.03997	0.00535	0.00272	0.00696
22	0.01475	0.71031	0.02854	0.01054	0.01496	0.02156	0.03397	0.01660	0.01125	0.01342	0.00790	0.00952	0.00728	0.00525	0.00501	0.00134	0.07493	0.00330	0.00243	0.00714
23	0.01063	0.01000	0.01688	0.78870	0.03876	0.01250	0.01563	0.01438	0.01125	0.01438	0.01000	0.01500	0.00750	0.00563	0.00563	0.00188	0.00750	0.00500	0.00250	0.00625
24	0.01396	0.01409	0.18876	0.24723	0.02435	0.01088	0.05599	0.04064	0.01319	0.17486	0.01620	0.06022	0.01337	0.00762	0.00596	0.00193	0.00670	0.09268	0.00399	0.00739
25	0.00912	0.00706	0.00927	0.00956	0.04753	0.00737	0.01887	0.01230	0.09496	0.02674	0.06187	0.06463	0.14567	0.18391	0.26010	0.00494	0.00788	0.01871	0.00411	0.00539
26	0.00700	0.00500	0.00670	0.00800	0.00839	0.00470	0.00547	0.00809	0.01092	0.01453	0.03094	0.75057	0.03691	0.01749	0.00722	0.00231	0.00339	0.06256	0.00522	0.00461
27	0.01215	0.01157	0.01970	0.27207	0.43355	0.01228	0.04256	0.01547	0.01222	0.01674	0.01356	0.05798	0.04311	0.00628	0.00576	0.00179	0.00670	0.00596	0.00293	0.00760
28	0.01306	0.01200	0.02272	0.07675	0.02281	0.01215	0.37339	0.02948	0.01283	0.08401	0.01629	0.08860	0.02780	0.00805	0.00797	0.00205	0.09662	0.08278	0.00369	0.00697
29	0.00776	0.00579	0.00845	0.00914	0.00998	0.00557	0.04190	0.00934	0.01128	0.01512	0.02876	0.55348	0.03321	0.01759	0.04594	0.00265	0.00454	0.16306	0.02155	0.00488
30	0.01118	0.01056	0.01787	0.66329	0.15988	0.01265	0.01590	0.01486	0.01151	0.01504	0.01010	0.01482	0.00774	0.00552	0.00562	0.00184	0.00737	0.00500	0.00255	0.00669
31	0.01263	0.01492	0.19356	0.35321	0.07348	0.01229	0.04733	0.05300	0.01291	0.07730	0.04582	0.01657	0.02890	0.00624	0.00602	0.00183	0.02811	0.00533	0.00325	0.00730
32	0.01917	0.02314	0.01488	0.01371	0.01642	0.62358	0.01046	0.05908	0.01598	0.01529	0.01215	0.04482	0.01131	0.00738	0.00549	0.00162	0.00913	0.08656	0.00339	0.00646
33	0.00976	0.00976	0.05398	0.48045	0.02788	0.01066	0.01275	0.01270	0.01091	0.01441	0.01532	0.21187	0.01528	0.03021	0.00746	0.00211	0.05763	0.00780	0.00320	0.00586
34	0.01411	0.45965	0.31963	0.01216	0.01832	0.01793	0.01393	0.01779	0.01186	0.05508	0.00947	0.01068	0.00754	0.00514	0.00440	0.00146	0.00685	0.00360	0.00264	0.00777
35	0.01281	0.05661	0.51072	0.03279	0.02087	0.01180	0.01655	0.01782	0.01228	0.11673	0.01387	0.05397	0.01113	0.00829	0.03951	0.00214	0.00762	0.04330	0.00330	0.00789
36	0.01129	0.02911	0.77306	0.01604	0.02436	0.01307	0.02079	0.01782	0.01188	0.01782	0.01010	0.01188	0.00713	0.00535	0.00535	0.00178	0.00832	0.00416	0.00238	0.00832
37	0.04761	0.01265	0.03612	0.08212	0.06624	0.10225	0.01015	0.02448	0.04600	0.48657	0.01795	0.01691	0.01192	0.00650	0.00551	0.00172	0.00587	0.00522	0.00551	0.00869
38	0.01117	0.09392	0.31992	0.03927	0.17912	0.01191	0.01471	0.01529	0.01254	0.01759	0.10812	0.06094	0.07748	0.00738	0.00560	0.00174	0.00630	0.00626	0.00333	0.00742
39	0.00695	0.00528	0.00641	0.00704	0.00802	0.00474	0.00493	0.00832	0.01218	0.01582	0.14544	0.44916	0.27407	0.01566	0.00693	0.00209	0.00304	0.01383	0.00537	0.00474
40	0.00907	0.00648	0.00907	0.01036	0.01166	0.00648	0.00907	0.01166	0.01296	0.01684	0.02980	0.06348	0.03239	0.01555	0.00777	0.00259	0.00518	0.72924	0.00518	0.00518
41	0.01484	0.01398	0.07201	0.07511	0.57933	0.01299	0.01637	0.04441	0.01345	0.08611	0.01166	0.01431	0.00918	0.00531	0.00557	0.00170	0.00666	0.00502	0.00322	0.00880
42	0.05812	0.55411	0.02475	0.01084	0.01507	0.22763	0.00979	0.01836	0.01257	0.01399	0.00806	0.00934	0.00717	0.00510	0.00400	0.00130	0.00706	0.00318	0.00260	0.00698
43	0.00810	0.00594	0.00797	0.04132	0.00974	0.00575	0.00579	0.01063	0.01486	0.02097	0.64219	0.03920	0.04677	0.05161	0.06232	0.00247	0.00388	0.00956	0.00567	0.00524
44	0.01182	0.05360	0.17081	0.01076	0.03759	0.00956	0.01005	0.01515	0.01174	0.01798	0.00993	0.01165	0.00805	0.00447	0.00443	0.00107	0.00519	0.00354	0.00307	0.59954
45	0.60636	0.06243	0.04471	0.03323	0.01300	0.08809	0.00761	0.01673	0.01041	0.02201	0.00857	0.01088	0.00706	0.04377	0.00501	0.00186	0.00536	0.00346	0.00327	0.00618
46	0.00978	0.00489	0.00733	0.00733	0.00733	0.00489	0.00489	0.00733	0.00733	0.00978	0.00978	0.01711	0.00978	0.01955	0.02199	0.83627	0.00489	0.00489	0.00244	0.00244
47	0.01201	0.03875	0.34081	0.02185	0.29178	0.01245	0.05773	0.01667	0.01282	0.01855	0.10917	0.01669	0.01389	0.00599	0.00563	0.00173	0.00699	0.00537	0.00305	0.00807
48	0.00875	0.00667	0.00816	0.00762	0.00926	0.00653	0.00576	0.01324	0.12289	0.02223	0.61079	0.03979	0.09436	0.01112	0.00651	0.00180	0.00293	0.00974	0.00606	0.00579
49	0.84197	0.01088	0.00827	0.00740	0.01088	0.01262	0.00609	0.01654	0.00958	0.02525	0.00784	0.00914	0.00609	0.00522	0.00348	0.00174	0.00435	0.00305	0.00348	0.00609

[dist]
# distance from previous block
# <min> <max>
0	4

[block]
# block no. 3 follows, 42 sequences, length 7
# corresponding to MSA columns:
# 140-146
name=unknown_D
#
# <colnr> <probs for GDERKNQSTAVLIFYWHMCP>
#	G	D	E	R	K	N	Q	S	T	A	V	L	I	F	Y	W	H	M	C	P
0	0.01226	0.05202	0.56928	0.01656	0.06926	0.01300	0.05222	0.01841	0.04742	0.05105	0.01199	0.04058	0.00915	0.00589	0.00546	0.00178	0.00767	0.00488	0.00289	0.00823
1	0.04077	0.01272	0.01342	0.05392	0.01599	0.07832	0.00851	0.16586	0.03638	0.06867	0.01167	0.01275	0.00898	0.00523	0.00474	0.00124	0.00535	0.00403	0.00402	0.44745
2	0.00757	0.00582	0.00727	0.03701	0.00944	0.00537	0.00554	0.00967	0.01401	0.01871	0.39408	0.14472	0.26403	0.01308	0.00672	0.00192	0.00309	0.04130	0.00559	0.00507
3	0.00809	0.00581	0.00795	0.00795	0.00857	0.00644	0.00566	0.00934	0.00872	0.01225	0.01608	0.02767	0.01648	0.32938	0.49605	0.00769	0.01144	0.00684	0.00316	0.00441
4	0.01343	0.01468	0.07270	0.02021	0.23305	0.07222	0.04094	0.05021	0.01182	0.01652	0.01139	0.01485	0.03972	0.00886	0.03925	0.00227	0.32254	0.00520	0.00288	0.00725
5	0.01577	0.04417	0.01405	0.01177	0.01498	0.11882	0.00922	0.16086	0.42711	0.02326	0.01933	0.08410	0.01573	0.00797	0.00566	0.00181	0.00552	0.00644	0.00515	0.00827
6	0.01156	0.22216	0.06358	0.01243	0.10585	0.01228	0.00946	0.04822	0.05288	0.01732	0.10646	0.14165	0.07815	0.03642	0.00643	0.00188	0.00504	0.05750	0.00409	0.00662

[dist]
# distance from previous block
# <min> <max>
0	3

[block]
# block no. 4 follows, 42 sequences, length 29
# corresponding to MSA columns:
# 156-160,168-191
name=unknown_E
#
# <colnr> <probs for GDERKNQSTAVLIFYWHMCP>
#	G	D	E	R	K	N	Q	S	T	A	V	L	I	F	Y	W	H	M	C	P
0	0.01231	0.01280	0.08502	0.31749	0.17493	0.01290	0.02709	0.01848	0.16181	0.03233	0.01313	0.01603	0.01014	0.00775	0.04193	0.00219	0.03754	0.00529	0.00331	0.00753
1	0.00867	0.00545	0.00749	0.00771	0.00788	0.00568	0.00520	0.00816	0.00860	0.01165	0.01722	0.22335	0.01929	0.17867	0.08463	0.34298	0.04185	0.00853	0.00341	0.00358
2	0.00823	0.00660	0.00840	0.03786	0.01019	0.00653	0.00619	0.01041	0.01386	0.01892	0.40775	0.07597	0.22370	0.01194	0.00754	0.00188	0.06860	0.03150	0.00531	0.03861
3	0.01324	0.08608	0.26245	0.01271	0.01807	0.01302	0.04574	0.08570	0.16269	0.02981	0.01318	0.01441	0.01010	0.00764	0.03681	0.02931	0.00663	0.00468	0.00362	0.14414
4	0.01179	0.00966	0.01144	0.00836	0.01304	0.00742	0.00668	0.01426	0.01187	0.04087	0.04084	0.01352	0.01053	0.00604	0.03480	0.00122	0.00455	0.00378	0.00355	0.74577
5	0.01380	0.06827	0.01391	0.06806	0.01539	0.04883	0.00914	0.20036	0.12474	0.02151	0.04415	0.12651	0.07697	0.00939	0.00665	0.00185	0.05451	0.04658	0.00466	0.04473
6	0.01020	0.00758	0.00866	0.03298	0.01055	0.03220	0.00620	0.04232	0.04546	0.05753	0.04438	0.14617	0.15529	0.20622	0.06897	0.00331	0.00540	0.06459	0.00452	0.04748
7	0.09997	0.06936	0.18046	0.03812	0.07784	0.01294	0.12412	0.02938	0.03544	0.03224	0.03414	0.01682	0.04978	0.03230	0.00852	0.05004	0.09302	0.00538	0.00316	0.00695
8	0.03003	0.07108	0.64590	0.01578	0.02350	0.01381	0.05777	0.04647	0.01245	0.01843	0.01012	0.01190	0.00728	0.00534	0.00529	0.00175	0.00808	0.00424	0.00255	0.00822
9	0.00798	0.00573	0.00774	0.00810	0.00870	0.00614	0.00581	0.00919	0.00973	0.01359	0.02198	0.28455	0.04380	0.14945	0.27774	0.02975	0.03831	0.02391	0.04322	0.00459
10	0.05266	0.00638	0.00864	0.00857	0.00956	0.00716	0.00645	0.01057	0.00934	0.03590	0.01662	0.07158	0.01660	0.17330	0.49203	0.00703	0.02973	0.02954	0.00341	0.00493
11	0.06614	0.01206	0.01160	0.00984	0.01299	0.15707	0.00772	0.02045	0.04977	0.29839	0.11603	0.02210	0.06166	0.02557	0.03891	0.00204	0.00576	0.00604	0.02473	0.05115
12	0.01017	0.00932	0.01289	0.01186	0.01201	0.01214	0.00936	0.01130	0.00929	0.01364	0.01574	0.26169	0.01779	0.05566	0.05152	0.00288	0.46522	0.00864	0.00341	0.00546
13	0.08551	0.01177	0.01445	0.18825	0.04414	0.03509	0.01064	0.15096	0.11884	0.21404	0.01598	0.04166	0.01176	0.00689	0.00580	0.00181	0.02395	0.00553	0.00484	0.00809
14	0.01487	0.21334	0.07308	0.05270	0.04675	0.05293	0.01029	0.12838	0.05770	0.04406	0.01193	0.04318	0.00991	0.00583	0.00477	0.00139	0.00582	0.00450	0.00363	0.21493
15	0.03354	0.01122	0.04927	0.10259	0.08337	0.03950	0.05711	0.02934	0.03426	0.07267	0.01374	0.01772	0.02401	0.03151	0.14593	0.02460	0.00765	0.02077	0.00348	0.19771
16	0.03771	0.01432	0.17054	0.05563	0.22249	0.01116	0.04204	0.07363	0.01321	0.08350	0.01604	0.11813	0.03674	0.02766	0.02958	0.02324	0.00650	0.00665	0.00370	0.00753
17	0.01417	0.41119	0.18596	0.01280	0.04591	0.03017	0.02365	0.05563	0.02946	0.02646	0.00994	0.03102	0.00857	0.00620	0.00599	0.02058	0.06790	0.00414	0.00282	0.00745
18	0.01147	0.00817	0.01104	0.11568	0.01488	0.00876	0.02250	0.07375	0.05487	0.07959	0.05044	0.12058	0.06595	0.11763	0.07833	0.02944	0.03114	0.09544	0.00444	0.00592
19	0.01261	0.02716	0.06769	0.07636	0.05665	0.03215	0.04832	0.05983	0.01366	0.10572	0.12719	0.09464	0.04552	0.07667	0.02325	0.00225	0.00557	0.04839	0.03050	0.04588
20	0.01362	0.06370	0.11666	0.12383	0.15731	0.08229	0.05215	0.04034	0.01266	0.06272	0.03220	0.01663	0.04568	0.00904	0.04986	0.04075	0.06494	0.00528	0.00321	0.00713
21	0.01247	0.01067	0.04369	0.38656	0.14414	0.01135	0.01339	0.01621	0.04620	0.09168	0.01360	0.01959	0.01122	0.06795	0.03812	0.00242	0.02079	0.03969	0.00336	0.00689
22	0.01344	0.01066	0.04347	0.03594	0.11975	0.04265	0.04454	0.02866	0.07245	0.13813	0.12341	0.06362	0.04383	0.01304	0.10112	0.04129	0.03167	0.02092	0.00446	0.00696
23	0.01142	0.08581	0.04091	0.00914	0.01075	0.07113	0.00718	0.01269	0.01031	0.06569	0.01692	0.04856	0.05057	0.30298	0.15840	0.00446	0.07764	0.00671	0.00346	0.00529
24	0.20771	0.07037	0.03670	0.10481	0.01486	0.01114	0.00816	0.11542	0.01304	0.02010	0.04355	0.09373	0.09758	0.08987	0.00762	0.00215	0.00506	0.02311	0.00402	0.03102
25	0.01158	0.00968	0.01327	0.09641	0.13291	0.01080	0.00975	0.07033	0.08158	0.01687	0.01492	0.03890	0.01418	0.19605	0.08247	0.00336	0.09786	0.03519	0.01922	0.04468
26	0.01016	0.00895	0.01311	0.05646	0.06959	0.03050	0.08665	0.02906	0.02610	0.01543	0.02212	0.20626	0.08197	0.08714	0.04992	0.02942	0.08016	0.08741	0.00396	0.00564
27	0.03520	0.00779	0.01003	0.04597	0.07448	0.04588	0.00763	0.01136	0.01059	0.04886	0.01943	0.18612	0.05752	0.01510	0.03327	0.26277	0.02881	0.07982	0.01450	0.00486
28	0.01313	0.07452	0.01361	0.01072	0.01311	0.03876	0.00863	0.16061	0.11205	0.01960	0.01595	0.08938	0.01465	0.03975	0.17771	0.00351	0.09324	0.02896	0.02152	0.05061

[dist]
# distance from previous block
# <min> <max>
0	32

# created by:
# /home/cegg/simao/soft/augustus-3.2.1/scripts/msa2prfl.pl ./align_prep/EOG091G0MHM.fa
