[name]
unknown

[dist]
# distance from previous block
# <min> <max>
22	323

[block]
# block no. 0 follows, 41 sequences, length 32
# corresponding to MSA columns:
# 469-475,480-491,502-514
name=unknown_A
#
# <colnr> <probs for GDERKNQSTAVLIFYWHMCP>
#	G	D	E	R	K	N	Q	S	T	A	V	L	I	F	Y	W	H	M	C	P
0	0.01380	0.10070	0.37611	0.02550	0.02090	0.05078	0.06051	0.07501	0.02968	0.04515	0.01176	0.01486	0.00924	0.00635	0.00644	0.00179	0.06779	0.03415	0.01487	0.03459
1	0.00973	0.00669	0.00888	0.06947	0.01205	0.00656	0.00684	0.05843	0.01265	0.06541	0.05300	0.56046	0.03136	0.01471	0.00684	0.00214	0.00400	0.02596	0.00519	0.03963
2	0.04101	0.11963	0.43972	0.01561	0.02238	0.01419	0.12341	0.01850	0.01238	0.07647	0.01097	0.01271	0.00802	0.00552	0.00577	0.00175	0.03294	0.00454	0.00292	0.03159
3	0.83938	0.01106	0.00841	0.00752	0.01106	0.01283	0.00619	0.01681	0.00973	0.02566	0.00796	0.00929	0.00619	0.00531	0.00354	0.00177	0.00442	0.00310	0.00354	0.00619
4	0.01292	0.01189	0.06668	0.02393	0.01445	0.01184	0.00917	0.03595	0.44446	0.05401	0.11294	0.05140	0.08568	0.00897	0.00639	0.00193	0.02647	0.00746	0.00547	0.00798
5	0.00877	0.00743	0.03638	0.00796	0.00980	0.00663	0.00631	0.01299	0.10067	0.02188	0.55600	0.07076	0.10942	0.01150	0.00661	0.00185	0.00317	0.01006	0.00597	0.00585
6	0.01600	0.01299	0.01428	0.07278	0.01699	0.04234	0.01003	0.32325	0.17743	0.02603	0.04618	0.04667	0.06994	0.00869	0.00669	0.00190	0.04663	0.04791	0.00517	0.00809
7	0.01169	0.06783	0.01723	0.14449	0.12762	0.01226	0.07433	0.04189	0.04480	0.01823	0.17377	0.02201	0.03555	0.01105	0.07887	0.00255	0.09870	0.00652	0.00378	0.00681
8	0.01360	0.22261	0.37366	0.01655	0.10921	0.01639	0.01634	0.07015	0.01287	0.01793	0.00975	0.01174	0.00769	0.00574	0.00615	0.00170	0.07286	0.00416	0.00272	0.00815
9	0.77955	0.06852	0.00997	0.00769	0.01132	0.01354	0.00646	0.01684	0.00987	0.02478	0.00796	0.00928	0.00628	0.00528	0.00355	0.00173	0.00455	0.00309	0.00346	0.00628
10	0.14008	0.45936	0.08678	0.03539	0.01672	0.12133	0.03781	0.01790	0.01206	0.01598	0.00847	0.01001	0.00722	0.00516	0.00418	0.00144	0.00680	0.00345	0.00270	0.00715
11	0.00885	0.00680	0.01032	0.01074	0.01215	0.00660	0.06551	0.01116	0.01256	0.01645	0.02988	0.26925	0.05096	0.01551	0.00761	0.00247	0.00499	0.44784	0.00509	0.00527
12	0.01084	0.00907	0.01098	0.12763	0.01562	0.01001	0.00828	0.01888	0.31048	0.02082	0.24892	0.03097	0.10183	0.04190	0.00714	0.00204	0.00432	0.00807	0.00532	0.00687
13	0.01392	0.01368	0.04713	0.01388	0.01554	0.05942	0.03416	0.14254	0.03100	0.01838	0.01264	0.09474	0.01227	0.02779	0.01321	0.00230	0.41033	0.02667	0.00357	0.00684
14	0.00831	0.00558	0.00642	0.00642	0.00648	0.00564	0.00369	0.00843	0.00837	0.01122	0.01786	0.03651	0.02040	0.75259	0.07496	0.00577	0.00615	0.00818	0.00344	0.00357
15	0.00787	0.00584	0.00734	0.00696	0.00841	0.00530	0.00522	0.01036	0.01567	0.02169	0.64329	0.04478	0.17174	0.01216	0.00675	0.00182	0.00273	0.01063	0.00613	0.00530
16	0.02366	0.01024	0.01317	0.01031	0.01449	0.00949	0.00845	0.08361	0.08033	0.61063	0.02175	0.01927	0.01412	0.00710	0.00567	0.00176	0.00485	0.00575	0.04589	0.00947
17	0.01505	0.16175	0.24622	0.03355	0.10322	0.20590	0.01490	0.01838	0.01266	0.01565	0.00917	0.01149	0.00754	0.00605	0.00692	0.00171	0.11561	0.00411	0.00262	0.00752
18	0.01850	0.39267	0.02270	0.01240	0.01627	0.42088	0.01046	0.02015	0.01405	0.01374	0.00842	0.00978	0.00735	0.00542	0.00446	0.00136	0.00834	0.00339	0.00271	0.00697
19	0.00697	0.00498	0.00664	0.00796	0.00830	0.00465	0.00531	0.00796	0.01095	0.01460	0.03153	0.79525	0.03783	0.01792	0.00730	0.00232	0.00332	0.01626	0.00531	0.00465
20	0.01222	0.02381	0.47578	0.01702	0.02351	0.06261	0.16125	0.01744	0.01236	0.01738	0.01195	0.07409	0.00995	0.00656	0.00652	0.00189	0.04941	0.00567	0.00278	0.00777
21	0.07831	0.01689	0.23204	0.03780	0.01898	0.06470	0.10422	0.04314	0.03661	0.08962	0.01511	0.10506	0.01320	0.03217	0.06050	0.00250	0.02106	0.01708	0.00373	0.00728
22	0.01342	0.01295	0.02258	0.08091	0.60998	0.01302	0.07353	0.01680	0.01282	0.01813	0.01213	0.06507	0.01081	0.00595	0.00586	0.00177	0.00685	0.00595	0.00298	0.00849
23	0.00680	0.00565	0.00594	0.00617	0.00783	0.00480	0.00451	0.00817	0.01267	0.01530	0.05333	0.18441	0.63460	0.01509	0.00685	0.00200	0.00297	0.01280	0.00531	0.00480
24	0.01346	0.01337	0.02039	0.31595	0.43223	0.07308	0.01642	0.01686	0.01268	0.01679	0.01039	0.01427	0.00839	0.00539	0.00564	0.00176	0.00738	0.00498	0.00273	0.00785
25	0.01042	0.00974	0.06678	0.01251	0.06187	0.00851	0.06268	0.10014	0.01376	0.01847	0.02584	0.37845	0.05591	0.01337	0.00691	0.00218	0.00507	0.13642	0.00480	0.00617
26	0.04405	0.09934	0.01771	0.06825	0.01832	0.01635	0.01061	0.48394	0.02205	0.14223	0.01402	0.01409	0.00989	0.00656	0.00544	0.00169	0.00610	0.00495	0.00528	0.00913
27	0.10102	0.01304	0.01482	0.01176	0.01559	0.01402	0.04054	0.43392	0.03612	0.09916	0.06958	0.06769	0.01530	0.03325	0.00648	0.00191	0.00560	0.00630	0.00545	0.00843
28	0.06928	0.01160	0.01471	0.08642	0.06137	0.02291	0.04067	0.10887	0.01449	0.13796	0.01249	0.01371	0.00932	0.00533	0.00496	0.00137	0.00541	0.00437	0.00413	0.37065
29	0.03599	0.03912	0.01406	0.01112	0.03124	0.05942	0.07239	0.10354	0.01519	0.07502	0.14845	0.07594	0.07610	0.00804	0.00565	0.00157	0.00510	0.00689	0.00462	0.21057
30	0.01714	0.01305	0.01704	0.05324	0.01864	0.01377	0.10890	0.28203	0.16947	0.10159	0.01750	0.01789	0.03822	0.00837	0.03889	0.00208	0.00644	0.00586	0.00505	0.06485
31	0.08995	0.01111	0.01505	0.03589	0.23995	0.01090	0.01065	0.08997	0.03787	0.10714	0.02833	0.11969	0.01424	0.00731	0.00547	0.00166	0.00525	0.00632	0.00426	0.15900

[dist]
# distance from previous block
# <min> <max>
8	47

[block]
# block no. 1 follows, 41 sequences, length 75
# corresponding to MSA columns:
# 578-593,599-608,610-643,653-667
name=unknown_B
#
# <colnr> <probs for GDERKNQSTAVLIFYWHMCP>
#	G	D	E	R	K	N	Q	S	T	A	V	L	I	F	Y	W	H	M	C	P
0	0.01531	0.01334	0.08381	0.03516	0.03639	0.01105	0.04401	0.16039	0.04925	0.10342	0.01448	0.01526	0.03448	0.00577	0.00516	0.00140	0.00549	0.00475	0.00427	0.35684
1	0.01611	0.16137	0.09314	0.01626	0.02122	0.09762	0.25246	0.11375	0.05681	0.06046	0.01285	0.01447	0.02403	0.00589	0.00598	0.00172	0.02904	0.00529	0.00357	0.00795
2	0.00722	0.00585	0.00665	0.02391	0.00900	0.00519	0.00533	0.00886	0.01290	0.01596	0.09497	0.16839	0.51154	0.01478	0.00694	0.00206	0.00330	0.08694	0.00531	0.00492
3	0.09040	0.01058	0.01219	0.00909	0.01367	0.00913	0.00735	0.04603	0.01253	0.08811	0.01110	0.01243	0.00878	0.00502	0.00515	0.00114	0.04664	0.00374	0.00379	0.60313
4	0.01448	0.01115	0.03761	0.01214	0.03687	0.02033	0.10798	0.05355	0.04882	0.15498	0.10490	0.07764	0.02844	0.00727	0.00566	0.00156	0.00522	0.00650	0.00468	0.26023
5	0.00737	0.00598	0.00664	0.00650	0.00832	0.00509	0.00482	0.00907	0.01332	0.01700	0.18755	0.13993	0.48850	0.01371	0.00666	0.00188	0.00300	0.01170	0.00538	0.05756
6	0.01567	0.69529	0.06324	0.01054	0.01543	0.09125	0.01043	0.01770	0.01206	0.01372	0.00814	0.00942	0.00734	0.00501	0.00389	0.00127	0.00661	0.00317	0.00249	0.00733
7	0.10152	0.01038	0.01180	0.00893	0.01326	0.00913	0.00720	0.04893	0.01249	0.05130	0.03182	0.01455	0.03956	0.00555	0.00536	0.00120	0.05273	0.00416	0.00377	0.56639
8	0.09071	0.05147	0.04678	0.01291	0.01646	0.31405	0.02303	0.11115	0.11269	0.08349	0.01328	0.01505	0.01044	0.00733	0.01945	0.00183	0.02986	0.02829	0.00409	0.00760
9	0.00947	0.00615	0.00769	0.00719	0.00884	0.00554	0.00538	0.01165	0.01491	0.09241	0.47088	0.08273	0.19334	0.04892	0.00773	0.00203	0.00312	0.01048	0.00598	0.00557
10	0.00698	0.00510	0.00658	0.00770	0.00824	0.00469	0.00521	0.00808	0.01135	0.01497	0.05849	0.68892	0.11797	0.01734	0.00722	0.00226	0.00325	0.01560	0.00534	0.00469
11	0.01688	0.07796	0.03804	0.10894	0.01920	0.27501	0.04514	0.08077	0.03493	0.08584	0.04929	0.05157	0.02597	0.00787	0.01693	0.00183	0.02358	0.02924	0.00390	0.00711
12	0.01450	0.55648	0.20551	0.01217	0.01789	0.04473	0.04675	0.01761	0.01197	0.01481	0.00870	0.01019	0.00738	0.00505	0.00428	0.00140	0.00697	0.00353	0.00248	0.00760
13	0.00720	0.00526	0.00683	0.00792	0.00857	0.00488	0.00556	0.00848	0.01164	0.01532	0.06862	0.60886	0.12029	0.01704	0.00727	0.00228	0.00342	0.08045	0.00535	0.00476
14	0.01145	0.02733	0.67663	0.01633	0.02414	0.01306	0.06385	0.01771	0.01230	0.01828	0.04550	0.01372	0.00953	0.00577	0.00580	0.00183	0.02123	0.00468	0.00263	0.00823
15	0.04896	0.01021	0.01525	0.20709	0.12464	0.03741	0.07808	0.01503	0.01254	0.06997	0.02057	0.05055	0.10049	0.02852	0.03728	0.00232	0.00659	0.10164	0.02628	0.00658
16	0.01250	0.12947	0.30685	0.01401	0.01860	0.01402	0.05883	0.01614	0.01148	0.05886	0.01327	0.12757	0.01230	0.00821	0.00836	0.00195	0.17087	0.00624	0.00316	0.00730
17	0.02137	0.01031	0.01275	0.01026	0.01412	0.01002	0.00831	0.08611	0.16451	0.47817	0.04336	0.02020	0.01566	0.00730	0.00566	0.00177	0.00468	0.00595	0.07036	0.00913
18	0.07123	0.01405	0.08115	0.28888	0.16328	0.01349	0.25153	0.01677	0.01232	0.01760	0.01058	0.01444	0.00809	0.00526	0.00587	0.00186	0.00797	0.00542	0.00277	0.00743
19	0.01334	0.09014	0.12186	0.09221	0.23149	0.01341	0.04801	0.07446	0.04626	0.03880	0.01367	0.08613	0.01203	0.00951	0.06153	0.00233	0.02756	0.00604	0.00343	0.00780
20	0.00754	0.00559	0.00705	0.00728	0.00841	0.00510	0.00529	0.00949	0.01392	0.01886	0.38971	0.27902	0.17383	0.01423	0.00695	0.00201	0.00300	0.03188	0.00579	0.00506
21	0.09279	0.01033	0.01317	0.01019	0.01455	0.00949	0.00841	0.08233	0.01663	0.64929	0.02067	0.01818	0.01316	0.00692	0.00557	0.00177	0.00494	0.00549	0.00668	0.00944
22	0.06179	0.07147	0.01796	0.02433	0.01746	0.01329	0.14422	0.05788	0.23627	0.18643	0.01896	0.03720	0.03765	0.00721	0.00632	0.00186	0.04024	0.00619	0.00495	0.00830
23	0.01950	0.01721	0.01754	0.11011	0.03348	0.16994	0.04581	0.44162	0.02155	0.02740	0.01228	0.01352	0.00906	0.00640	0.00561	0.00169	0.00734	0.00492	0.02656	0.00846
24	0.00786	0.00569	0.00741	0.00730	0.00848	0.00525	0.00535	0.01022	0.01516	0.02124	0.61040	0.17815	0.07026	0.01289	0.00685	0.00190	0.00282	0.01145	0.00609	0.00525
25	0.01545	0.64972	0.10683	0.01093	0.01602	0.09069	0.01110	0.01776	0.01209	0.01400	0.00828	0.00959	0.00733	0.00504	0.00399	0.00131	0.00675	0.00324	0.00249	0.00739
26	0.05310	0.08710	0.05017	0.09440	0.01730	0.18385	0.02266	0.07540	0.09667	0.03830	0.01694	0.19564	0.01631	0.00898	0.00572	0.00183	0.00645	0.01822	0.00410	0.00687
27	0.00764	0.00548	0.00734	0.00835	0.00909	0.00519	0.00614	0.00928	0.01235	0.01656	0.15486	0.49869	0.05242	0.01635	0.00733	0.00229	0.00362	0.16664	0.00547	0.00491
28	0.00975	0.00770	0.00916	0.00955	0.01122	0.00806	0.00746	0.01574	0.22986	0.01819	0.03183	0.26402	0.11503	0.01390	0.00698	0.00226	0.00420	0.22351	0.00545	0.00615
29	0.06273	0.01992	0.35415	0.20812	0.10834	0.01336	0.10634	0.01707	0.01200	0.01773	0.01027	0.01333	0.00765	0.00546	0.00579	0.00185	0.02076	0.00478	0.00262	0.00774
30	0.11979	0.02163	0.01678	0.01427	0.01765	0.45699	0.06700	0.13447	0.01654	0.03220	0.00989	0.01138	0.00782	0.00611	0.00582	0.00164	0.04517	0.00418	0.00350	0.00718
31	0.00732	0.00519	0.00685	0.00797	0.00839	0.00491	0.00545	0.00843	0.01113	0.01487	0.06440	0.63399	0.03665	0.08905	0.00932	0.00262	0.00364	0.07002	0.00518	0.00462
32	0.11141	0.01316	0.01494	0.03799	0.03739	0.10782	0.07618	0.11850	0.03966	0.20656	0.01499	0.01574	0.01081	0.00649	0.00587	0.00172	0.04273	0.00509	0.12515	0.00780
33	0.35557	0.01282	0.01258	0.01196	0.08199	0.06767	0.00870	0.17036	0.01532	0.11764	0.04693	0.01412	0.01089	0.00624	0.00475	0.00171	0.00535	0.00452	0.04328	0.00759
34	0.05290	0.01134	0.01361	0.01272	0.07188	0.06945	0.07545	0.05259	0.14894	0.12324	0.04782	0.08264	0.19459	0.00934	0.00608	0.00186	0.00522	0.00801	0.00502	0.00730
35	0.00739	0.00539	0.00702	0.00798	0.00875	0.00502	0.00575	0.00887	0.01213	0.01607	0.12471	0.52175	0.11780	0.01648	0.00725	0.00226	0.00346	0.11162	0.00543	0.00484
36	0.01299	0.07443	0.02366	0.04282	0.02055	0.01678	0.24576	0.01551	0.01058	0.01523	0.00893	0.01328	0.00787	0.00782	0.01333	0.00220	0.45342	0.00542	0.00262	0.00681
37	0.01897	0.03705	0.08048	0.01782	0.16853	0.14305	0.01288	0.33196	0.05412	0.06058	0.01275	0.01362	0.00950	0.00623	0.00555	0.00168	0.00709	0.00486	0.00439	0.00888
38	0.00919	0.00698	0.00770	0.00792	0.00966	0.03613	0.00622	0.01098	0.01327	0.06246	0.07434	0.14893	0.38226	0.01433	0.00698	0.00212	0.00394	0.18591	0.00536	0.00531
39	0.01964	0.01498	0.01598	0.01274	0.01694	0.01676	0.01036	0.54447	0.23008	0.03266	0.01640	0.01586	0.01189	0.00712	0.00575	0.00178	0.00580	0.00552	0.00575	0.00954
40	0.02396	0.01344	0.01484	0.01159	0.01593	0.08188	0.00947	0.26676	0.01987	0.45391	0.01836	0.01671	0.01206	0.00690	0.00569	0.00172	0.00584	0.00536	0.00625	0.00945
41	0.00844	0.00634	0.00755	0.00792	0.00918	0.00603	0.00574	0.07586	0.01341	0.01744	0.08325	0.44328	0.23141	0.01549	0.00700	0.00214	0.00353	0.04535	0.00541	0.00524
42	0.01908	0.01498	0.01585	0.01330	0.01721	0.01655	0.01048	0.35447	0.40705	0.03063	0.02015	0.01977	0.01518	0.00831	0.00641	0.00211	0.00585	0.00632	0.00623	0.01008
43	0.01272	0.00684	0.00899	0.00789	0.00992	0.00620	0.00601	0.01505	0.01552	0.21713	0.49871	0.03614	0.04049	0.08264	0.00854	0.00213	0.00353	0.00895	0.00624	0.00636
44	0.39663	0.24160	0.10192	0.01144	0.01622	0.01593	0.11075	0.01726	0.01106	0.02030	0.00871	0.01041	0.00698	0.00514	0.00423	0.00164	0.00608	0.00372	0.00301	0.00698
45	0.01387	0.01240	0.00976	0.00914	0.01104	0.23201	0.00695	0.04969	0.01343	0.01843	0.01496	0.01795	0.01223	0.01291	0.14225	0.00279	0.00733	0.00498	0.40200	0.00588
46	0.00759	0.00592	0.00694	0.00710	0.00857	0.00538	0.00530	0.00987	0.03782	0.01782	0.25054	0.18815	0.35253	0.01419	0.00690	0.00201	0.00313	0.05949	0.00561	0.00512
47	0.01384	0.13129	0.24259	0.05219	0.02485	0.01550	0.29592	0.08502	0.04849	0.01929	0.01136	0.01368	0.00853	0.00537	0.00575	0.00177	0.00816	0.00526	0.00307	0.00806
48	0.01210	0.00921	0.01043	0.00950	0.01197	0.00983	0.00730	0.02119	0.37553	0.07152	0.27115	0.06517	0.08131	0.00994	0.00625	0.00190	0.00378	0.00853	0.00600	0.00740
49	0.00880	0.00671	0.00973	0.00948	0.01042	0.00805	0.00745	0.01081	0.00937	0.01395	0.01479	0.02138	0.01365	0.03679	0.64049	0.00791	0.09204	0.00595	0.06698	0.00524
50	0.01283	0.01316	0.07280	0.41753	0.28106	0.01344	0.01644	0.07225	0.01321	0.01790	0.01065	0.01454	0.00824	0.00558	0.00568	0.00181	0.00730	0.00503	0.00288	0.00768
51	0.01579	0.53143	0.09448	0.04670	0.04196	0.15590	0.01158	0.01814	0.01252	0.01421	0.00851	0.01008	0.00741	0.00517	0.00426	0.00137	0.00717	0.00344	0.00255	0.00733
52	0.09748	0.01202	0.01385	0.01089	0.01509	0.01229	0.00894	0.26660	0.07608	0.37244	0.01820	0.01682	0.01222	0.00689	0.00549	0.00175	0.00521	0.00535	0.03321	0.00921
53	0.00815	0.00588	0.00772	0.00734	0.00869	0.00545	0.00557	0.01084	0.01606	0.02268	0.72771	0.04370	0.05303	0.01188	0.00680	0.00184	0.00281	0.04222	0.00625	0.00539
54	0.04815	0.29662	0.05318	0.00997	0.01359	0.15040	0.00888	0.07321	0.03383	0.01843	0.01201	0.01353	0.00976	0.00583	0.00432	0.00140	0.00593	0.00410	0.22997	0.00690
55	0.05877	0.01339	0.01985	0.02393	0.38252	0.01388	0.06988	0.20293	0.04067	0.02326	0.01375	0.08572	0.01196	0.00680	0.00581	0.00179	0.00637	0.00620	0.00394	0.00857
56	0.01056	0.00848	0.00987	0.01004	0.01183	0.00920	0.00766	0.01851	0.33675	0.01915	0.02768	0.32261	0.02800	0.01308	0.00676	0.00221	0.00420	0.14117	0.00553	0.00669
57	0.33139	0.00905	0.00818	0.00740	0.01002	0.01006	0.00587	0.07238	0.08582	0.02438	0.01462	0.01611	0.01130	0.00627	0.00413	0.00159	0.00381	0.00457	0.36668	0.00637
58	0.01347	0.50254	0.25609	0.01165	0.01729	0.01836	0.01294	0.01672	0.01171	0.01498	0.01049	0.07083	0.00967	0.00607	0.00449	0.00149	0.00662	0.00444	0.00266	0.00748
59	0.02183	0.03213	0.01434	0.01093	0.01506	0.01191	0.00898	0.23625	0.09831	0.40046	0.05249	0.01881	0.01483	0.00723	0.00569	0.00175	0.00512	0.00578	0.02881	0.00928
60	0.01013	0.00656	0.00867	0.00841	0.01007	0.00622	0.00668	0.01316	0.03951	0.08952	0.47709	0.06761	0.04375	0.01228	0.00691	0.00201	0.00357	0.17590	0.00608	0.00586
61	0.01529	0.80242	0.02997	0.00979	0.01468	0.02263	0.00979	0.01713	0.01162	0.01346	0.00795	0.00918	0.00734	0.00489	0.00367	0.00122	0.00612	0.00306	0.00245	0.00734
62	0.03905	0.01161	0.01422	0.01208	0.01518	0.06289	0.06579	0.17242	0.01662	0.18096	0.04074	0.06548	0.04285	0.01040	0.02069	0.00215	0.04040	0.17375	0.00523	0.00748
63	0.04131	0.02104	0.01652	0.01374	0.01755	0.36414	0.01084	0.39701	0.02160	0.02572	0.01136	0.01206	0.00856	0.00638	0.00541	0.00161	0.00809	0.00443	0.00440	0.00823
64	0.00690	0.00580	0.00599	0.00594	0.00781	0.00489	0.00446	0.00848	0.01337	0.01624	0.13220	0.05374	0.68623	0.01419	0.00676	0.00192	0.00288	0.01189	0.00542	0.00489
65	0.01374	0.01317	0.02246	0.12830	0.67336	0.01348	0.01735	0.01719	0.01283	0.01818	0.01069	0.01429	0.00888	0.00517	0.00567	0.00172	0.00690	0.00509	0.00280	0.00872
66	0.21102	0.01266	0.01309	0.01055	0.01444	0.01382	0.00862	0.34961	0.07611	0.13072	0.01482	0.01482	0.01060	0.00658	0.00505	0.00172	0.00517	0.00487	0.08731	0.00842
67	0.00945	0.00672	0.00956	0.01038	0.01183	0.00667	0.03071	0.01215	0.01315	0.01769	0.04811	0.05850	0.03108	0.01452	0.00748	0.00247	0.00509	0.61821	0.08088	0.00535
68	0.00816	0.00610	0.00905	0.00901	0.01006	0.00699	0.00699	0.01027	0.00983	0.01416	0.08360	0.02433	0.01794	0.04004	0.70578	0.00851	0.01416	0.00651	0.00336	0.00513
69	0.01504	0.01280	0.01928	0.01533	0.01937	0.01340	0.23230	0.08000	0.34518	0.08197	0.01957	0.02276	0.01534	0.00748	0.00628	0.00197	0.00631	0.07223	0.00497	0.00841
70	0.00743	0.00520	0.00659	0.00761	0.00828	0.00485	0.00529	0.00876	0.01152	0.01564	0.05031	0.58719	0.11459	0.01626	0.00696	0.00219	0.00330	0.05229	0.08098	0.00478
71	0.00840	0.00611	0.00818	0.00912	0.01033	0.00589	0.00748	0.01063	0.01318	0.01730	0.13460	0.18973	0.11368	0.01547	0.00751	0.00239	0.00432	0.42512	0.00542	0.00513
72	0.02430	0.00977	0.01363	0.08121	0.01687	0.00880	0.00909	0.02666	0.01592	0.69828	0.02143	0.01908	0.01356	0.00695	0.00575	0.00178	0.00512	0.00569	0.00666	0.00942
73	0.01379	0.01277	0.02053	0.24146	0.43455	0.01403	0.01609	0.08304	0.01352	0.01876	0.01061	0.01430	0.00860	0.00581	0.00670	0.00182	0.06741	0.00509	0.00299	0.00815
74	0.06609	0.00734	0.00817	0.00751	0.00950	0.00761	0.00581	0.01700	0.08095	0.14067	0.01971	0.09080	0.01610	0.00793	0.00538	0.00163	0.03843	0.00635	0.45661	0.00642

[dist]
# distance from previous block
# <min> <max>
0	1

[block]
# block no. 2 follows, 41 sequences, length 15
# corresponding to MSA columns:
# 670-684
name=unknown_C
#
# <colnr> <probs for GDERKNQSTAVLIFYWHMCP>
#	G	D	E	R	K	N	Q	S	T	A	V	L	I	F	Y	W	H	M	C	P
0	0.11716	0.02722	0.67220	0.01518	0.02301	0.01323	0.01923	0.01795	0.01178	0.01908	0.00997	0.01172	0.00711	0.00542	0.00519	0.00181	0.00794	0.00408	0.00256	0.00816
1	0.00711	0.00521	0.00668	0.00757	0.00826	0.00478	0.00520	0.00843	0.01201	0.01598	0.14588	0.58672	0.13204	0.01654	0.00715	0.00219	0.00317	0.01483	0.00546	0.00478
2	0.05323	0.16517	0.07343	0.01376	0.01854	0.04738	0.10436	0.31031	0.11453	0.02536	0.01292	0.01363	0.00973	0.00614	0.00534	0.00168	0.00669	0.00492	0.00432	0.00857
3	0.01372	0.05132	0.02185	0.28419	0.28096	0.09734	0.10773	0.01708	0.01268	0.01632	0.01020	0.01398	0.00820	0.00553	0.00614	0.00178	0.03571	0.00505	0.00272	0.00752
4	0.02122	0.01390	0.01513	0.01206	0.01624	0.04449	0.00980	0.36171	0.17923	0.23751	0.01806	0.01684	0.01253	0.00708	0.00573	0.00177	0.00567	0.00554	0.00601	0.00946
5	0.01103	0.00682	0.00938	0.01008	0.01174	0.00659	0.00859	0.01343	0.01339	0.11261	0.03053	0.11840	0.06056	0.01481	0.00753	0.00247	0.00496	0.54581	0.00550	0.00577
6	0.04361	0.01437	0.05762	0.05551	0.24305	0.04378	0.21870	0.05927	0.02697	0.11507	0.03480	0.01685	0.03163	0.00594	0.00595	0.00179	0.00724	0.00584	0.00376	0.00824
7	0.01273	0.01004	0.01146	0.00859	0.01292	0.00847	0.00686	0.10527	0.01400	0.02140	0.05332	0.01502	0.01194	0.00529	0.00453	0.00107	0.00421	0.00424	0.10946	0.57920
8	0.01057	0.00765	0.01013	0.01134	0.10591	0.00731	0.00746	0.01400	0.07785	0.08501	0.26583	0.13017	0.18999	0.01164	0.00656	0.00192	0.00380	0.04102	0.00551	0.00634
9	0.01120	0.04751	0.11557	0.01564	0.01932	0.01214	0.25154	0.01466	0.01109	0.01573	0.01217	0.01695	0.01039	0.01958	0.29326	0.00462	0.09531	0.00578	0.00285	0.02470
10	0.10472	0.01143	0.01780	0.17997	0.14024	0.01205	0.11540	0.03720	0.04680	0.16434	0.01529	0.05357	0.02326	0.00685	0.00622	0.00188	0.03430	0.01691	0.00407	0.00770
11	0.01022	0.00686	0.00984	0.00960	0.01093	0.00671	0.04735	0.01173	0.01193	0.11105	0.02981	0.49159	0.09418	0.01483	0.00788	0.00223	0.05991	0.05253	0.00520	0.00563
12	0.10819	0.01084	0.01338	0.01036	0.01472	0.01029	0.00856	0.13686	0.01731	0.57910	0.01972	0.01755	0.01266	0.00687	0.00552	0.00176	0.00504	0.00539	0.00651	0.00937
13	0.07211	0.07508	0.21134	0.10910	0.07289	0.07799	0.05667	0.04624	0.05366	0.15185	0.01294	0.01413	0.00932	0.00587	0.00537	0.00174	0.00709	0.00476	0.00374	0.00811
14	0.01292	0.05734	0.02463	0.25979	0.10536	0.01426	0.30717	0.01856	0.10710	0.01765	0.01234	0.01565	0.00944	0.00551	0.00603	0.00186	0.00787	0.00582	0.00313	0.00758

[dist]
# distance from previous block
# <min> <max>
0	2

[block]
# block no. 3 follows, 41 sequences, length 11
# corresponding to MSA columns:
# 687-697
name=unknown_D
#
# <colnr> <probs for GDERKNQSTAVLIFYWHMCP>
#	G	D	E	R	K	N	Q	S	T	A	V	L	I	F	Y	W	H	M	C	P
0	0.00707	0.00581	0.00622	0.00612	0.00791	0.00496	0.00459	0.00880	0.01376	0.01717	0.21889	0.05222	0.59896	0.01385	0.00676	0.00190	0.00285	0.01168	0.00554	0.00496
1	0.01281	0.01111	0.01817	0.29825	0.29387	0.01253	0.01464	0.01592	0.01181	0.06427	0.01155	0.01575	0.00936	0.01048	0.10022	0.00276	0.08087	0.00525	0.00300	0.00739
2	0.03879	0.23158	0.33079	0.01541	0.07502	0.04397	0.03375	0.10571	0.01382	0.01901	0.00992	0.01161	0.00772	0.00560	0.00545	0.00165	0.03503	0.00413	0.00292	0.00813
3	0.00768	0.00641	0.00779	0.10102	0.01223	0.00606	0.00655	0.00961	0.01289	0.01585	0.07390	0.08535	0.50077	0.01367	0.00683	0.00205	0.00383	0.11741	0.00501	0.00509
4	0.01362	0.01304	0.02225	0.15466	0.64793	0.01345	0.01729	0.01709	0.01277	0.01804	0.01066	0.01433	0.00883	0.00520	0.00567	0.00173	0.00693	0.00509	0.00279	0.00863
5	0.04141	0.07002	0.01863	0.50557	0.13243	0.01418	0.01472	0.10361	0.01348	0.01806	0.01044	0.01426	0.00800	0.00570	0.00548	0.00180	0.00713	0.00487	0.00299	0.00720
6	0.01064	0.00900	0.01121	0.02961	0.10283	0.02910	0.00859	0.01657	0.22237	0.01856	0.07945	0.32351	0.02787	0.01226	0.00660	0.00210	0.00449	0.07351	0.00510	0.00663
7	0.00707	0.00510	0.00670	0.00779	0.00829	0.00473	0.00527	0.00826	0.01157	0.01547	0.10535	0.68578	0.07315	0.01714	0.00722	0.00225	0.00324	0.01548	0.00541	0.00473
8	0.11439	0.39284	0.22209	0.01212	0.01764	0.01818	0.03610	0.07111	0.01261	0.01801	0.00910	0.01060	0.00740	0.00540	0.00486	0.00155	0.03183	0.00371	0.00283	0.00765
9	0.01079	0.00721	0.01005	0.04656	0.01232	0.00714	0.03312	0.02628	0.03293	0.11190	0.12522	0.34030	0.08130	0.01346	0.00731	0.00214	0.03240	0.08829	0.00536	0.00593
10	0.00859	0.10182	0.00942	0.00762	0.00842	0.00725	0.00530	0.00937	0.01011	0.01321	0.02339	0.37558	0.02733	0.31893	0.01534	0.00345	0.00460	0.04148	0.00425	0.00454

[dist]
# distance from previous block
# <min> <max>
1	26

# created by:
# /home/cegg/simao/soft/augustus-3.2.1/scripts/msa2prfl.pl ./align_prep/EOG091G0NP7.fa
