[name]
unknown

[dist]
# distance from previous block
# <min> <max>
0	23

[block]
# block no. 0 follows, 56 sequences, length 22
# corresponding to MSA columns:
# 29-36,38-51
name=unknown_A
#
# <colnr> <probs for GDERKNQSTAVLIFYWHMCP>
#	G	D	E	R	K	N	Q	S	T	A	V	L	I	F	Y	W	H	M	C	P
0	0.00917	0.00702	0.01017	0.13474	0.01365	0.00819	0.00879	0.01115	0.00972	0.07121	0.01712	0.03335	0.01745	0.00985	0.00798	0.00195	0.19725	0.42296	0.00348	0.00481
1	0.00931	0.00850	0.01377	0.76793	0.03035	0.01049	0.01246	0.06893	0.01009	0.01299	0.00837	0.01215	0.00624	0.00466	0.00459	0.00152	0.00604	0.00408	0.00223	0.00530
2	0.06342	0.00836	0.01359	0.73137	0.07325	0.01025	0.01233	0.01197	0.00916	0.01247	0.00807	0.01189	0.00611	0.00454	0.00448	0.00151	0.00592	0.00398	0.00210	0.00521
3	0.34903	0.00840	0.01059	0.32390	0.08228	0.00962	0.00873	0.01277	0.00917	0.04461	0.06552	0.01191	0.00865	0.00477	0.00392	0.00144	0.00460	0.00373	0.00274	0.03362
4	0.11307	0.00684	0.00854	0.06667	0.01088	0.00641	0.00587	0.01373	0.01162	0.23959	0.31239	0.02053	0.02159	0.00648	0.00452	0.00132	0.00329	0.00543	0.00439	0.13683
5	0.87108	0.00888	0.00675	0.00604	0.00888	0.01030	0.00497	0.01350	0.00781	0.02060	0.00639	0.00746	0.00497	0.00426	0.00284	0.00142	0.00355	0.00249	0.00284	0.00497
6	0.00923	0.00538	0.00671	0.00617	0.00782	0.00482	0.00469	0.01113	0.03035	0.18543	0.32321	0.13992	0.22765	0.00976	0.00529	0.00152	0.00268	0.00843	0.00487	0.00495
7	0.67743	0.00881	0.00775	0.00661	0.00961	0.00975	0.00545	0.04267	0.00932	0.17339	0.00881	0.00915	0.00630	0.00458	0.00324	0.00142	0.00367	0.00295	0.00345	0.00562
8	0.03674	0.00819	0.01094	0.00874	0.03109	0.00733	0.00700	0.06456	0.01344	0.73528	0.01726	0.01511	0.01095	0.00561	0.00458	0.00142	0.00400	0.00454	0.00548	0.00774
9	0.00611	0.00477	0.00504	0.00491	0.00648	0.00403	0.00370	0.00741	0.01084	0.04327	0.12775	0.04204	0.69537	0.01116	0.00539	0.00153	0.00237	0.00935	0.00440	0.00407
10	0.01359	0.11813	0.01883	0.01445	0.09620	0.09292	0.24652	0.01629	0.03860	0.17446	0.01031	0.01174	0.00776	0.00498	0.00596	0.00146	0.11413	0.00430	0.00299	0.00639
11	0.01168	0.01177	0.01834	0.07037	0.65716	0.07963	0.05559	0.01435	0.01062	0.01448	0.00851	0.01120	0.00708	0.00416	0.00456	0.00137	0.00585	0.00407	0.00227	0.00693
12	0.01224	0.01203	0.03948	0.02011	0.30755	0.01204	0.27447	0.16843	0.01250	0.01734	0.00911	0.01150	0.00714	0.00461	0.00566	0.00148	0.07023	0.00452	0.00272	0.00683
13	0.01093	0.01057	0.01716	0.26099	0.42390	0.03517	0.07764	0.04352	0.04793	0.01462	0.00907	0.01187	0.00720	0.00439	0.00463	0.00143	0.00582	0.00422	0.00241	0.00650
14	0.00639	0.00475	0.00668	0.01832	0.00799	0.00440	0.04531	0.00751	0.00937	0.03588	0.05184	0.58324	0.14866	0.02602	0.01907	0.00190	0.00313	0.01138	0.00415	0.00403
15	0.01507	0.07366	0.25095	0.00992	0.01432	0.00924	0.02893	0.01901	0.08688	0.39860	0.03755	0.01388	0.01041	0.00528	0.00447	0.00142	0.00485	0.00428	0.00410	0.00717
16	0.01169	0.01435	0.22302	0.03208	0.17207	0.01061	0.33682	0.01544	0.01073	0.11301	0.00996	0.01190	0.00726	0.00427	0.00487	0.00147	0.00656	0.00453	0.00262	0.00673
17	0.01405	0.02853	0.35679	0.01014	0.01485	0.00865	0.01100	0.03002	0.03114	0.35458	0.08232	0.01452	0.01167	0.00542	0.00455	0.00143	0.00502	0.00438	0.00391	0.00702
18	0.01085	0.01059	0.01672	0.22064	0.54836	0.05254	0.01323	0.01356	0.01028	0.01396	0.00905	0.01300	0.00767	0.00458	0.00461	0.00142	0.00571	0.03439	0.00230	0.00652
19	0.00682	0.00502	0.00679	0.00677	0.00743	0.00561	0.00492	0.00855	0.04846	0.01062	0.01361	0.04336	0.01362	0.26532	0.52547	0.00608	0.00932	0.00566	0.00272	0.00387
20	0.01242	0.01037	0.05737	0.20131	0.44306	0.00994	0.01254	0.01517	0.01065	0.16708	0.01032	0.01229	0.00772	0.00452	0.00456	0.00142	0.00537	0.00415	0.00286	0.00687
21	0.03947	0.41563	0.23030	0.00960	0.01404	0.01346	0.04062	0.01471	0.00990	0.11514	0.00947	0.05225	0.00786	0.00482	0.00378	0.00125	0.00523	0.00365	0.00260	0.00624

[dist]
# distance from previous block
# <min> <max>
0	1

[block]
# block no. 1 follows, 56 sequences, length 34
# corresponding to MSA columns:
# 53-86
name=unknown_B
#
# <colnr> <probs for GDERKNQSTAVLIFYWHMCP>
#	G	D	E	R	K	N	Q	S	T	A	V	L	I	F	Y	W	H	M	C	P
0	0.01028	0.00958	0.01583	0.12300	0.56232	0.00999	0.01209	0.01258	0.00960	0.01353	0.00934	0.01419	0.00848	0.12798	0.00776	0.00187	0.03858	0.00447	0.00231	0.00625
1	0.78490	0.00903	0.00756	0.00716	0.04308	0.01031	0.00551	0.03350	0.00845	0.04687	0.00699	0.00798	0.00535	0.00433	0.00302	0.00142	0.00368	0.00267	0.00296	0.00524
2	0.01235	0.04652	0.01116	0.00928	0.01181	0.13018	0.00728	0.12060	0.43389	0.01882	0.13236	0.01716	0.01601	0.00629	0.00462	0.00144	0.00434	0.00507	0.00426	0.00656
3	0.00925	0.06708	0.63772	0.01213	0.01797	0.01044	0.04176	0.02567	0.01027	0.01500	0.10026	0.01251	0.01021	0.00492	0.00444	0.00143	0.00615	0.00399	0.00235	0.00645
4	0.00575	0.00430	0.00512	0.00570	0.00634	0.00392	0.00388	0.00657	0.00904	0.01156	0.03023	0.45175	0.26879	0.13563	0.00833	0.00216	0.00286	0.03037	0.00404	0.00365
5	0.01613	0.01066	0.03765	0.01277	0.01676	0.00984	0.29277	0.13366	0.01337	0.37436	0.01342	0.01353	0.00902	0.00500	0.00506	0.00147	0.01843	0.00480	0.00415	0.00715
6	0.00994	0.13751	0.45710	0.01098	0.01583	0.01053	0.03238	0.04853	0.01025	0.04807	0.01172	0.13382	0.01065	0.00621	0.00451	0.00147	0.00562	0.03604	0.00267	0.00617
7	0.01198	0.17237	0.04587	0.00933	0.01189	0.22541	0.02752	0.10653	0.03582	0.01400	0.04031	0.08347	0.05769	0.01046	0.12525	0.00221	0.00659	0.00488	0.00299	0.00543
8	0.00965	0.01150	0.08317	0.01628	0.03409	0.00989	0.55387	0.01301	0.01045	0.01429	0.03851	0.15841	0.01222	0.00595	0.00540	0.00159	0.00654	0.00668	0.00273	0.00576
9	0.00635	0.00429	0.00509	0.00555	0.00608	0.00407	0.00372	0.00727	0.00877	0.01216	0.04755	0.37088	0.12202	0.21698	0.00975	0.00234	0.00301	0.02915	0.13133	0.00362
10	0.01162	0.05629	0.29285	0.01046	0.01440	0.02103	0.05822	0.11128	0.02690	0.12076	0.03753	0.01552	0.03041	0.12880	0.00775	0.00189	0.04043	0.00458	0.00314	0.00613
11	0.01063	0.13510	0.05985	0.01620	0.02034	0.01221	0.55258	0.01390	0.01019	0.01371	0.00926	0.03718	0.00759	0.00549	0.03379	0.00169	0.04698	0.00504	0.00230	0.00597
12	0.00704	0.00508	0.00712	0.00800	0.00895	0.00516	0.00674	0.00893	0.00991	0.01304	0.02314	0.12685	0.04264	0.01605	0.12691	0.00286	0.00522	0.56823	0.00397	0.00415
13	0.02990	0.04592	0.01199	0.00941	0.01247	0.01216	0.00761	0.33782	0.34792	0.06117	0.03627	0.01535	0.03918	0.00604	0.00458	0.00145	0.00420	0.00480	0.00454	0.00722
14	0.06525	0.01022	0.01606	0.06471	0.48006	0.03688	0.08217	0.03284	0.01006	0.01448	0.00940	0.01391	0.00840	0.12783	0.00730	0.00184	0.00551	0.00446	0.00244	0.00619
15	0.01004	0.01108	0.02353	0.01724	0.02112	0.01051	0.65632	0.01338	0.01044	0.01417	0.01158	0.13431	0.01041	0.00553	0.00573	0.00161	0.02810	0.00651	0.00260	0.00580
16	0.00615	0.00441	0.00596	0.00695	0.00750	0.00421	0.00518	0.00740	0.00949	0.01256	0.05244	0.56372	0.04214	0.01366	0.00598	0.00192	0.00310	0.23905	0.00428	0.00390
17	0.03417	0.23469	0.43689	0.01074	0.01562	0.01163	0.03924	0.01310	0.00945	0.01332	0.01026	0.13150	0.00949	0.00571	0.00421	0.00139	0.00562	0.00462	0.00233	0.00603
18	0.01000	0.00759	0.03318	0.00828	0.03622	0.00736	0.00645	0.07701	0.18452	0.09073	0.36283	0.02717	0.05485	0.00805	0.00512	0.00151	0.00329	0.06541	0.00471	0.00571
19	0.00685	0.00438	0.00493	0.00504	0.00522	0.00435	0.00299	0.00724	0.00732	0.01040	0.01562	0.10853	0.01733	0.63291	0.01863	0.00369	0.00393	0.00696	0.13056	0.00310
20	0.01014	0.01011	0.03921	0.35582	0.43525	0.01074	0.01346	0.01301	0.00977	0.01348	0.00832	0.01162	0.00671	0.00446	0.00498	0.00146	0.03896	0.00406	0.00216	0.00627
21	0.02693	0.03936	0.10478	0.01032	0.05075	0.02467	0.04145	0.11092	0.22022	0.01739	0.11598	0.14993	0.02404	0.00741	0.00520	0.00154	0.03292	0.00629	0.00384	0.00605
22	0.01338	0.01506	0.01325	0.01397	0.15258	0.37639	0.00943	0.01660	0.12812	0.01300	0.00940	0.01123	0.00786	0.00791	0.07769	0.00193	0.11994	0.00380	0.00265	0.00580
23	0.00559	0.00400	0.00533	0.00639	0.00666	0.00373	0.00426	0.00639	0.00879	0.01172	0.02530	0.83566	0.03036	0.01438	0.00586	0.00186	0.00266	0.01305	0.00426	0.00373
24	0.00953	0.02293	0.75670	0.01328	0.01988	0.01081	0.04999	0.03831	0.01010	0.01498	0.00837	0.00985	0.00593	0.00438	0.00441	0.00146	0.00677	0.00350	0.00204	0.00679
25	0.01133	0.16697	0.48044	0.01235	0.04896	0.13190	0.01350	0.01543	0.03650	0.03027	0.00831	0.00951	0.00629	0.00442	0.00410	0.00133	0.00646	0.00328	0.00219	0.00647
26	0.00666	0.00452	0.00536	0.00536	0.00548	0.00464	0.00322	0.00690	0.00678	0.00916	0.01414	0.02826	0.01592	0.71949	0.14148	0.00488	0.00561	0.00642	0.00273	0.00298
27	0.01826	0.00749	0.00985	0.00771	0.01097	0.00653	0.00632	0.04168	0.01298	0.67256	0.02212	0.01973	0.12933	0.00656	0.00474	0.00144	0.00370	0.00535	0.00544	0.00723
28	0.03503	0.03950	0.01252	0.03764	0.01346	0.01176	0.00796	0.45138	0.08603	0.18034	0.02586	0.02288	0.03231	0.00591	0.00458	0.00142	0.00455	0.01501	0.00459	0.00729
29	0.01160	0.01137	0.01742	0.03985	0.61147	0.05516	0.01303	0.03570	0.01037	0.01454	0.00822	0.01101	0.00701	0.00476	0.00608	0.00145	0.12783	0.00402	0.00230	0.00681
30	0.00966	0.00947	0.01332	0.01153	0.01162	0.01313	0.00956	0.01073	0.00707	0.01100	0.00673	0.01094	0.00663	0.01098	0.10491	0.00261	0.73900	0.00412	0.00206	0.00492
31	0.01064	0.01011	0.01679	0.15418	0.53824	0.01011	0.03966	0.01335	0.01012	0.01445	0.00851	0.01127	0.00700	0.00406	0.00441	0.00130	0.00534	0.00393	0.00230	0.13423
32	0.03031	0.05036	0.04731	0.01302	0.06109	0.22229	0.17450	0.14459	0.03263	0.01626	0.01996	0.01058	0.00737	0.00454	0.00453	0.00126	0.01896	0.00384	0.00284	0.13377
33	0.00991	0.19950	0.48309	0.13340	0.05977	0.01225	0.01420	0.01393	0.00958	0.01333	0.00784	0.00965	0.00595	0.00429	0.00410	0.00136	0.00621	0.00332	0.00198	0.00636

[dist]
# distance from previous block
# <min> <max>
0	1

[block]
# block no. 2 follows, 56 sequences, length 26
# corresponding to MSA columns:
# 88-113
name=unknown_C
#
# <colnr> <probs for GDERKNQSTAVLIFYWHMCP>
#	G	D	E	R	K	N	Q	S	T	A	V	L	I	F	Y	W	H	M	C	P
0	0.01224	0.01065	0.01600	0.27303	0.31306	0.01166	0.03775	0.23656	0.01325	0.01795	0.00919	0.01157	0.00705	0.00465	0.00460	0.00143	0.00562	0.00414	0.00286	0.00671
1	0.00977	0.00911	0.01439	0.03915	0.54059	0.00897	0.01088	0.03337	0.01073	0.01457	0.01952	0.02076	0.23625	0.00630	0.00480	0.00142	0.00456	0.00569	0.00290	0.00627
2	0.01464	0.07703	0.01288	0.00999	0.01307	0.46198	0.00780	0.08054	0.01246	0.01374	0.00767	0.00879	0.00632	0.00436	0.00388	0.00104	0.00637	0.00295	0.00262	0.25186
3	0.02916	0.00867	0.01050	0.00787	0.01162	0.00761	0.00642	0.13100	0.01276	0.33563	0.02431	0.01251	0.00928	0.00472	0.00408	0.00110	0.00383	0.00376	0.00421	0.37095
4	0.00971	0.04889	0.17334	0.03137	0.03188	0.00943	0.27732	0.01338	0.03610	0.04823	0.23776	0.01812	0.01746	0.00579	0.00518	0.00147	0.01994	0.00559	0.00321	0.00584
5	0.00637	0.00432	0.00510	0.00540	0.00548	0.00424	0.00320	0.00660	0.00728	0.00971	0.01756	0.26038	0.02060	0.60298	0.01836	0.00371	0.00394	0.00850	0.00320	0.00305
6	0.00944	0.00895	0.01516	0.59905	0.25418	0.01040	0.01313	0.01240	0.00954	0.01266	0.00830	0.01199	0.00645	0.00445	0.00458	0.00148	0.00593	0.00408	0.00211	0.00572
7	0.02676	0.00765	0.01104	0.24423	0.10423	0.03105	0.05982	0.02548	0.01961	0.01388	0.11496	0.05818	0.24134	0.00759	0.00500	0.00151	0.00439	0.01500	0.00330	0.00499
8	0.01027	0.01090	0.02146	0.24985	0.05064	0.01148	0.45186	0.02699	0.01015	0.01374	0.00864	0.01205	0.00665	0.00453	0.00611	0.00158	0.09020	0.00483	0.00225	0.00583
9	0.00663	0.00452	0.00533	0.00523	0.00554	0.00442	0.00322	0.00724	0.00848	0.01162	0.24124	0.03126	0.02430	0.60155	0.01823	0.00359	0.00380	0.00714	0.00343	0.00322
10	0.01026	0.01098	0.02201	0.24969	0.02525	0.01119	0.51018	0.01459	0.07071	0.01420	0.00968	0.01270	0.00726	0.00426	0.00512	0.00154	0.00696	0.00502	0.00242	0.00596
11	0.01074	0.36648	0.38499	0.01122	0.03311	0.01391	0.04211	0.01481	0.05852	0.01327	0.00815	0.00931	0.00643	0.00427	0.00383	0.00126	0.00581	0.00320	0.00214	0.00643
12	0.00846	0.00653	0.00815	0.00860	0.01006	0.00696	0.00720	0.01361	0.23668	0.01520	0.02275	0.08151	0.02307	0.01092	0.00584	0.00194	0.00398	0.51910	0.00436	0.00507
13	0.01200	0.00529	0.00610	0.00539	0.00717	0.00498	0.00422	0.01404	0.01063	0.24473	0.01587	0.01669	0.01165	0.00544	0.00361	0.00117	0.00264	0.00438	0.61869	0.00529
14	0.01651	0.00710	0.00979	0.00800	0.01077	0.00663	0.00650	0.03559	0.01168	0.56620	0.01629	0.01621	0.01132	0.01390	0.23788	0.00312	0.00633	0.00469	0.00474	0.00675
15	0.01269	0.00897	0.01053	0.05063	0.05228	0.03564	0.00728	0.17921	0.17189	0.14506	0.24123	0.03105	0.01990	0.00677	0.00485	0.00145	0.00391	0.00569	0.00459	0.00640
16	0.00597	0.00457	0.00504	0.00526	0.00651	0.00393	0.00382	0.00705	0.01007	0.03853	0.03951	0.26954	0.55958	0.01222	0.00552	0.00164	0.00247	0.01048	0.00431	0.00396
17	0.60836	0.00999	0.00884	0.00738	0.01047	0.01135	0.00608	0.23705	0.01187	0.04036	0.00797	0.00866	0.00592	0.00465	0.00338	0.00141	0.00399	0.00300	0.00340	0.00584
18	0.00619	0.00468	0.00571	0.00545	0.00667	0.00420	0.00409	0.00807	0.01227	0.01669	0.58999	0.03712	0.26200	0.01003	0.00542	0.00147	0.00221	0.00870	0.00483	0.00420
19	0.01186	0.60438	0.02492	0.01114	0.01527	0.01629	0.23244	0.01402	0.00976	0.01192	0.00721	0.00880	0.00620	0.00391	0.00365	0.00114	0.00572	0.00330	0.00207	0.00598
20	0.01170	0.01208	0.01052	0.00824	0.01183	0.23889	0.00642	0.01350	0.01052	0.01390	0.00786	0.00917	0.00655	0.00378	0.00361	0.00082	0.00480	0.00279	0.00262	0.62043
21	0.00590	0.00413	0.00524	0.00600	0.00619	0.00394	0.00384	0.00647	0.00819	0.01091	0.02220	0.60532	0.02645	0.25006	0.01087	0.00260	0.00317	0.01123	0.00384	0.00346
22	0.01738	0.00876	0.01073	0.00869	0.01193	0.00870	0.00703	0.06399	0.27585	0.50756	0.01793	0.01588	0.01206	0.00585	0.00463	0.00146	0.00388	0.00478	0.00529	0.00763
23	0.01818	0.01133	0.01279	0.00984	0.01345	0.01202	0.00812	0.55254	0.04078	0.25290	0.01326	0.01251	0.00900	0.00558	0.00460	0.00139	0.00469	0.00430	0.00491	0.00779
24	0.58653	0.00997	0.00882	0.02599	0.01082	0.02608	0.00617	0.20932	0.01161	0.03286	0.02981	0.00932	0.00687	0.00475	0.00344	0.00141	0.00404	0.00313	0.00335	0.00571
25	0.01123	0.01077	0.01839	0.06860	0.77066	0.01087	0.01402	0.01397	0.01039	0.01483	0.00861	0.01141	0.00721	0.00412	0.00455	0.00137	0.00549	0.00409	0.00226	0.00716

[dist]
# distance from previous block
# <min> <max>
4	5

[block]
# block no. 3 follows, 56 sequences, length 41
# corresponding to MSA columns:
# 120-160
name=unknown_D
#
# <colnr> <probs for GDERKNQSTAVLIFYWHMCP>
#	G	D	E	R	K	N	Q	S	T	A	V	L	I	F	Y	W	H	M	C	P
0	0.00672	0.00495	0.00643	0.00678	0.00783	0.00474	0.00538	0.00889	0.03513	0.01522	0.31913	0.15250	0.11865	0.01138	0.00578	0.00175	0.00301	0.27692	0.00456	0.00425
1	0.00559	0.00400	0.00533	0.00639	0.00666	0.00373	0.00426	0.00639	0.00879	0.01172	0.02530	0.83566	0.03036	0.01438	0.00586	0.00186	0.00266	0.01305	0.00426	0.00373
2	0.81358	0.00975	0.00717	0.00643	0.00924	0.06484	0.00523	0.01382	0.00816	0.01997	0.00644	0.00751	0.00504	0.00429	0.00293	0.00140	0.00387	0.00252	0.00281	0.00500
3	0.00633	0.00474	0.00594	0.00597	0.00712	0.00436	0.00462	0.00816	0.01168	0.01573	0.44512	0.08010	0.22830	0.01114	0.01996	0.00170	0.00273	0.12749	0.00465	0.00417
4	0.87108	0.00888	0.00675	0.00604	0.00888	0.01030	0.00497	0.01350	0.00781	0.02060	0.00639	0.00746	0.00497	0.00426	0.00284	0.00142	0.00355	0.00249	0.00284	0.00497
5	0.01218	0.81595	0.04869	0.00802	0.01204	0.01793	0.00814	0.01377	0.00934	0.01092	0.00644	0.00744	0.00589	0.00394	0.00299	0.00100	0.00497	0.00248	0.00196	0.00592
6	0.00667	0.00446	0.00506	0.00506	0.00508	0.00448	0.00285	0.00671	0.00669	0.00894	0.01442	0.02977	0.01657	0.82055	0.04132	0.00452	0.00463	0.00664	0.00277	0.00281
7	0.00656	0.00490	0.00730	0.00730	0.00810	0.00570	0.00564	0.00815	0.00736	0.01060	0.01237	0.01842	0.01165	0.06037	0.79476	0.00728	0.01204	0.00498	0.00247	0.00406
8	0.00657	0.00488	0.00717	0.00717	0.00792	0.00563	0.00548	0.00807	0.00732	0.01051	0.01248	0.01907	0.01193	0.10380	0.75171	0.00713	0.01162	0.00507	0.00249	0.00399
9	0.00921	0.02375	0.81487	0.01309	0.01987	0.01066	0.01696	0.01454	0.00969	0.01454	0.00824	0.00969	0.00582	0.00436	0.00436	0.00145	0.00678	0.00339	0.00194	0.00678
10	0.00558	0.00403	0.00529	0.00629	0.00663	0.00374	0.00422	0.00640	0.00889	0.01176	0.02655	0.78909	0.07613	0.01422	0.00583	0.00185	0.00264	0.01285	0.00426	0.00374
11	0.46698	0.00991	0.00955	0.00778	0.01099	0.01090	0.00642	0.25297	0.01291	0.15740	0.00979	0.00993	0.00692	0.00488	0.00368	0.00141	0.00407	0.00335	0.00386	0.00632
12	0.00641	0.00469	0.00602	0.00569	0.00681	0.00430	0.00427	0.00850	0.01280	0.01794	0.74749	0.03507	0.10372	0.00956	0.00542	0.00145	0.00218	0.00841	0.00499	0.00430
13	0.01085	0.01233	0.02681	0.01964	0.05016	0.01159	0.76741	0.01469	0.01082	0.01472	0.00927	0.01235	0.00698	0.00388	0.00539	0.00154	0.00766	0.00537	0.00232	0.00623
14	0.00563	0.00463	0.00496	0.00493	0.00634	0.00395	0.00368	0.00697	0.01087	0.01349	0.18731	0.07564	0.63305	0.01133	0.00544	0.00154	0.00231	0.00957	0.00441	0.00395
15	0.00618	0.00484	0.00562	0.00539	0.00673	0.00435	0.00405	0.00824	0.03641	0.01580	0.44950	0.03809	0.37761	0.01027	0.00540	0.00149	0.00228	0.00881	0.00470	0.00422
16	0.00921	0.02375	0.81487	0.01309	0.01987	0.01066	0.01696	0.01454	0.00969	0.01454	0.00824	0.00969	0.00582	0.00436	0.00436	0.00145	0.00678	0.00339	0.00194	0.00678
17	0.00633	0.00469	0.00590	0.00560	0.00675	0.00426	0.00420	0.00833	0.01259	0.01745	0.68534	0.03588	0.16617	0.00975	0.00542	0.00146	0.00219	0.00853	0.00493	0.00426
18	0.00856	0.00428	0.00428	0.00428	0.00535	0.00428	0.00321	0.01070	0.00963	0.01712	0.01498	0.01712	0.01177	0.00535	0.00321	0.00107	0.00214	0.00428	0.86414	0.00428
19	0.00585	0.00424	0.00557	0.00654	0.00704	0.00397	0.00466	0.00687	0.00920	0.01208	0.02702	0.65046	0.09798	0.01389	0.00589	0.00187	0.00286	0.12592	0.00426	0.00382
20	0.02008	0.00811	0.01077	0.00832	0.01183	0.00725	0.00685	0.05413	0.04666	0.74763	0.01785	0.01550	0.01133	0.00570	0.00462	0.00142	0.00394	0.00462	0.00560	0.00779
21	0.01052	0.00836	0.00935	0.00871	0.01072	0.00940	0.00670	0.03309	0.51923	0.05769	0.01977	0.19844	0.01756	0.00827	0.00532	0.00165	0.03014	0.03420	0.00453	0.00634
22	0.01439	0.01453	0.01513	0.13567	0.17531	0.29651	0.06726	0.14108	0.01311	0.05772	0.00905	0.01073	0.00697	0.00471	0.00446	0.00134	0.00652	0.00382	0.01543	0.00626
23	0.00993	0.03137	0.09358	0.01057	0.01234	0.03612	0.02670	0.02272	0.00837	0.03271	0.00816	0.01149	0.00728	0.01150	0.15839	0.00268	0.39492	0.00393	0.00232	0.11491
24	0.01053	0.00974	0.01580	0.33485	0.34124	0.01066	0.04519	0.08722	0.01098	0.01484	0.01071	0.01347	0.05022	0.00489	0.00484	0.00146	0.02021	0.00445	0.00251	0.00621
25	0.01610	0.01968	0.01253	0.01137	0.01378	0.67231	0.00858	0.01944	0.15725	0.01269	0.00922	0.00990	0.00740	0.00500	0.00424	0.00125	0.00743	0.00337	0.00279	0.00568
26	0.87108	0.00888	0.00675	0.00604	0.00888	0.01030	0.00497	0.01350	0.00781	0.02060	0.00639	0.00746	0.00497	0.00426	0.00284	0.00142	0.00355	0.00249	0.00284	0.00497
27	0.87108	0.00888	0.00675	0.00604	0.00888	0.01030	0.00497	0.01350	0.00781	0.02060	0.00639	0.00746	0.00497	0.00426	0.00284	0.00142	0.00355	0.00249	0.00284	0.00497
28	0.00567	0.00412	0.00538	0.00635	0.00677	0.00382	0.00436	0.00657	0.00903	0.01189	0.02710	0.72527	0.09783	0.01405	0.00585	0.00185	0.00272	0.05334	0.00426	0.00377
29	0.00598	0.00478	0.00545	0.00581	0.00714	0.00425	0.00461	0.00738	0.01038	0.01272	0.03895	0.10103	0.53995	0.01211	0.00571	0.00173	0.00287	0.22094	0.00425	0.00396
30	0.03696	0.05384	0.10971	0.02424	0.03022	0.06126	0.00881	0.17865	0.26866	0.09137	0.01318	0.01317	0.00976	0.00626	0.02978	0.00158	0.00499	0.00422	0.02589	0.02745
31	0.00563	0.00418	0.00521	0.00601	0.00657	0.00381	0.00411	0.00650	0.00912	0.01182	0.02955	0.62464	0.19819	0.03867	0.00630	0.00188	0.00268	0.02716	0.00422	0.00374
32	0.03145	0.35979	0.25717	0.01014	0.01455	0.10501	0.01066	0.05665	0.06120	0.02790	0.00825	0.00918	0.00657	0.00449	0.00394	0.00124	0.02001	0.00312	0.00240	0.00628
33	0.00965	0.06394	0.74730	0.01274	0.01927	0.01116	0.01622	0.04208	0.01010	0.01486	0.00825	0.00962	0.00589	0.00438	0.00430	0.00143	0.00663	0.00337	0.00203	0.00678
34	0.00562	0.00401	0.00535	0.00638	0.00666	0.00374	0.00426	0.00645	0.00889	0.01189	0.04480	0.81569	0.03069	0.01426	0.00585	0.00185	0.00265	0.01293	0.00428	0.00374
35	0.00891	0.00842	0.01337	0.47612	0.08900	0.01053	0.01132	0.01121	0.00872	0.01183	0.00946	0.09706	0.00871	0.00641	0.00728	0.00167	0.20759	0.00500	0.00228	0.00512
36	0.01096	0.12238	0.09041	0.08082	0.09748	0.08308	0.20847	0.02379	0.08618	0.01392	0.02913	0.05211	0.00932	0.00579	0.02115	0.00156	0.05012	0.00470	0.00261	0.00600
37	0.00967	0.00885	0.01501	0.50815	0.17243	0.01024	0.06058	0.01243	0.00950	0.04081	0.00934	0.05102	0.00771	0.00518	0.00538	0.00154	0.05963	0.00460	0.00233	0.00560
38	0.00588	0.00427	0.00556	0.00609	0.00670	0.00394	0.00424	0.00716	0.01029	0.01399	0.28699	0.52351	0.07923	0.01256	0.00569	0.00171	0.00248	0.01128	0.00453	0.00394
39	0.00718	0.00627	0.02843	0.06664	0.01014	0.02259	0.03193	0.00953	0.05339	0.02517	0.17503	0.22144	0.22026	0.01048	0.00546	0.00165	0.00337	0.09244	0.00412	0.00448
40	0.01254	0.01038	0.01670	0.06803	0.47301	0.03434	0.08066	0.01543	0.03547	0.13741	0.01131	0.01306	0.02492	0.00469	0.00479	0.00141	0.01925	0.00441	0.02531	0.00689

[dist]
# distance from previous block
# <min> <max>
3	6

[block]
# block no. 4 follows, 56 sequences, length 30
# corresponding to MSA columns:
# 167-196
name=unknown_E
#
# <colnr> <probs for GDERKNQSTAVLIFYWHMCP>
#	G	D	E	R	K	N	Q	S	T	A	V	L	I	F	Y	W	H	M	C	P
0	0.01072	0.01215	0.10518	0.03795	0.11553	0.12113	0.11294	0.03074	0.05532	0.03504	0.04971	0.03171	0.03220	0.09205	0.06421	0.00220	0.07788	0.00495	0.00279	0.00559
1	0.01288	0.00969	0.01529	0.13963	0.05857	0.01116	0.12293	0.04419	0.01014	0.20892	0.01011	0.01220	0.00762	0.00602	0.00854	0.00167	0.30688	0.00438	0.00307	0.00611
2	0.01102	0.01355	0.10562	0.01825	0.02306	0.01165	0.67342	0.05628	0.01129	0.01545	0.00927	0.01204	0.00690	0.00401	0.00527	0.00153	0.00750	0.00515	0.00240	0.00634
3	0.01136	0.44979	0.35338	0.01019	0.01526	0.03339	0.01168	0.03017	0.00988	0.02675	0.00747	0.00858	0.00599	0.00419	0.00363	0.00120	0.00576	0.00293	0.00208	0.00632
4	0.00580	0.00465	0.00519	0.00509	0.00644	0.00403	0.00380	0.00730	0.01129	0.01446	0.30930	0.06466	0.51994	0.01093	0.00544	0.00152	0.00228	0.00931	0.00454	0.00403
5	0.05570	0.01124	0.01186	0.00972	0.01285	0.01264	0.00784	0.42521	0.33552	0.02432	0.03531	0.01394	0.01113	0.00584	0.00456	0.00145	0.00433	0.00459	0.00455	0.00736
6	0.01165	0.01291	0.06813	0.01182	0.03996	0.21004	0.17332	0.05598	0.06210	0.03987	0.06653	0.03611	0.11150	0.00751	0.04395	0.00170	0.00610	0.00536	0.02984	0.00563
7	0.01161	0.54643	0.26608	0.00960	0.01439	0.01565	0.01070	0.05563	0.01009	0.01291	0.00720	0.00827	0.00597	0.00415	0.00347	0.00115	0.00549	0.00283	0.00210	0.00627
8	0.01227	0.84142	0.02406	0.00786	0.01178	0.01817	0.00786	0.01375	0.00933	0.01080	0.00638	0.00736	0.00589	0.00393	0.00295	0.00098	0.00491	0.00245	0.00196	0.00589
9	0.00564	0.00424	0.00523	0.00587	0.00656	0.00383	0.00406	0.00668	0.00967	0.01260	0.11287	0.54171	0.23810	0.01313	0.00570	0.00174	0.00252	0.01166	0.00435	0.00383
10	0.00666	0.00539	0.02806	0.03794	0.02667	0.00480	0.00535	0.02529	0.01009	0.02831	0.10391	0.44659	0.17965	0.01201	0.00559	0.00172	0.00303	0.06051	0.00418	0.00423
11	0.01053	0.00793	0.01190	0.41877	0.02137	0.00901	0.03400	0.05540	0.08195	0.10511	0.02404	0.04719	0.01134	0.00618	0.00478	0.00156	0.00503	0.08430	0.05402	0.00558
12	0.02047	0.00801	0.01078	0.00826	0.01182	0.00704	0.00683	0.05291	0.01347	0.78218	0.01783	0.01544	0.01122	0.00568	0.00462	0.00142	0.00395	0.00460	0.00564	0.00781
13	0.01062	0.00607	0.00706	0.00622	0.00842	0.00543	0.00486	0.02599	0.06517	0.25352	0.05446	0.06285	0.45235	0.00942	0.00513	0.00152	0.00294	0.00786	0.00474	0.00536
14	0.01141	0.05130	0.04240	0.12212	0.57053	0.03637	0.04130	0.04343	0.01074	0.01479	0.00852	0.01115	0.00699	0.00422	0.00449	0.00137	0.00570	0.00400	0.00231	0.00685
15	0.01137	0.01085	0.01820	0.02719	0.76826	0.01093	0.01373	0.01463	0.05186	0.01522	0.00916	0.01166	0.00762	0.00420	0.00455	0.00137	0.00536	0.00415	0.00240	0.00727
16	0.00568	0.00410	0.00540	0.00641	0.00678	0.00382	0.00438	0.00657	0.00897	0.01186	0.02638	0.75245	0.07163	0.01415	0.00586	0.00186	0.00273	0.05296	0.00426	0.00376
17	0.10229	0.01037	0.01589	0.15329	0.48156	0.01121	0.01219	0.08319	0.01076	0.01608	0.00838	0.01099	0.00682	0.00454	0.00498	0.00144	0.05302	0.00392	0.00249	0.00659
18	0.00844	0.00557	0.00676	0.00661	0.03187	0.00506	0.00486	0.01066	0.05311	0.12787	0.25506	0.06504	0.35816	0.00977	0.00529	0.00153	0.00274	0.03212	0.00465	0.00485
19	0.00598	0.00419	0.00538	0.00617	0.00642	0.00401	0.00409	0.00666	0.00837	0.01114	0.02253	0.58557	0.02670	0.22022	0.01026	0.00253	0.00321	0.05916	0.00389	0.00352
20	0.87108	0.00888	0.00675	0.00604	0.00888	0.01030	0.00497	0.01350	0.00781	0.02060	0.00639	0.00746	0.00497	0.00426	0.00284	0.00142	0.00355	0.00249	0.00284	0.00497
21	0.03198	0.01756	0.05144	0.02516	0.03854	0.43726	0.00918	0.20648	0.10807	0.01692	0.00952	0.01020	0.00735	0.00505	0.00432	0.00130	0.00667	0.00357	0.00316	0.00627
22	0.84047	0.00902	0.00700	0.00620	0.00907	0.01044	0.00511	0.04151	0.00831	0.02090	0.00656	0.00759	0.00507	0.00431	0.00290	0.00142	0.00361	0.00255	0.00290	0.00507
23	0.00668	0.00445	0.00501	0.00501	0.00501	0.00445	0.00278	0.00668	0.00668	0.00890	0.01447	0.03004	0.01669	0.83866	0.02337	0.00445	0.00445	0.00668	0.00278	0.00278
24	0.13908	0.01004	0.01346	0.14365	0.06691	0.01111	0.11243	0.15031	0.21789	0.01890	0.04997	0.01418	0.01055	0.00534	0.00452	0.00149	0.00486	0.01544	0.00351	0.00634
25	0.00671	0.00515	0.00626	0.00627	0.00735	0.01795	0.00472	0.00903	0.04962	0.01608	0.46596	0.17658	0.12126	0.01058	0.00552	0.00159	0.00263	0.07774	0.00469	0.00432
26	0.00621	0.00510	0.00616	0.00611	0.00707	0.00509	0.00455	0.00744	0.00999	0.01302	0.16991	0.20462	0.37662	0.03439	0.03301	0.00191	0.09139	0.00931	0.00406	0.00403
27	0.04463	0.00944	0.01105	0.00935	0.06004	0.03594	0.02176	0.10866	0.07346	0.10083	0.03188	0.01184	0.00897	0.00459	0.00429	0.00108	0.02959	0.00364	0.02306	0.40588
28	0.00717	0.00513	0.00629	0.00632	0.00746	0.00496	0.00470	0.00995	0.09255	0.03705	0.32950	0.25067	0.11703	0.01055	0.00538	0.00160	0.00263	0.05062	0.04592	0.00451
29	0.72347	0.07168	0.00875	0.00694	0.02803	0.01102	0.00560	0.05383	0.00874	0.02004	0.00672	0.00777	0.00528	0.00428	0.00299	0.00137	0.00377	0.00261	0.00285	0.02427

[dist]
# distance from previous block
# <min> <max>
2	7

[block]
# block no. 5 follows, 56 sequences, length 22
# corresponding to MSA columns:
# 204-225
name=unknown_F
#
# <colnr> <probs for GDERKNQSTAVLIFYWHMCP>
#	G	D	E	R	K	N	Q	S	T	A	V	L	I	F	Y	W	H	M	C	P
0	0.00778	0.00615	0.00928	0.06255	0.01071	0.00696	0.05411	0.03859	0.02731	0.01189	0.04904	0.01817	0.01220	0.09863	0.45270	0.07036	0.05157	0.00507	0.00265	0.00429
1	0.00593	0.00441	0.00565	0.00645	0.00715	0.00413	0.00474	0.00708	0.00940	0.01218	0.02898	0.48976	0.19224	0.01441	0.04312	0.00210	0.00332	0.15092	0.00417	0.00387
2	0.00627	0.00468	0.00582	0.00554	0.00672	0.00423	0.00415	0.00822	0.01246	0.01713	0.64554	0.03640	0.20618	0.00986	0.00542	0.00147	0.00220	0.00860	0.00489	0.00423
3	0.01075	0.01213	0.02617	0.05782	0.05157	0.01152	0.72950	0.01454	0.01074	0.01458	0.00921	0.01234	0.00694	0.00391	0.00535	0.00154	0.00758	0.00531	0.00231	0.00618
4	0.01709	0.01251	0.01339	0.01031	0.01387	0.01383	0.00850	0.76262	0.02110	0.02845	0.01118	0.01127	0.00797	0.00550	0.00454	0.00137	0.00493	0.00414	0.03978	0.00766
5	0.00610	0.00468	0.00559	0.00536	0.00662	0.00416	0.00402	0.00790	0.01206	0.01619	0.52605	0.03795	0.32625	0.01021	0.00542	0.00148	0.00222	0.00882	0.00476	0.00416
6	0.01068	0.00812	0.00964	0.00694	0.01097	0.00619	0.00558	0.01269	0.00990	0.09830	0.00920	0.01016	0.00728	0.00364	0.00353	0.00076	0.00345	0.00292	0.00303	0.77705
7	0.51069	0.00843	0.00844	0.06595	0.01134	0.00917	0.00609	0.01606	0.04568	0.23170	0.03962	0.01141	0.00858	0.00494	0.00362	0.00144	0.00378	0.00351	0.00371	0.00582
8	0.00921	0.02375	0.81487	0.01309	0.01987	0.01066	0.01696	0.01454	0.00969	0.01454	0.00824	0.00969	0.00582	0.00436	0.00436	0.00145	0.00678	0.00339	0.00194	0.00678
9	0.00566	0.00404	0.00540	0.00647	0.00677	0.00379	0.00438	0.00651	0.00886	0.01180	0.02527	0.80625	0.03022	0.01432	0.00588	0.00187	0.00272	0.04179	0.00426	0.00375
10	0.01707	0.01555	0.01337	0.01090	0.01411	0.26747	0.00870	0.51351	0.05650	0.02290	0.01016	0.01045	0.00751	0.00530	0.00445	0.00133	0.00600	0.00381	0.00390	0.00700
11	0.00749	0.00505	0.00690	0.00761	0.00864	0.00488	0.00627	0.00929	0.01058	0.05155	0.11146	0.21134	0.05025	0.01231	0.00603	0.00194	0.00361	0.47611	0.00440	0.00429
12	0.01201	0.73235	0.06171	0.00908	0.01320	0.01725	0.07499	0.01387	0.00947	0.01131	0.00672	0.00790	0.00598	0.00394	0.00322	0.00105	0.00524	0.00275	0.00199	0.00596
13	0.01029	0.01282	0.13375	0.01320	0.01493	0.04282	0.11888	0.01233	0.00817	0.01207	0.00684	0.01025	0.00612	0.00680	0.01176	0.00183	0.56555	0.00408	0.00205	0.00545
14	0.01192	0.01002	0.01064	0.00944	0.01210	0.01150	0.00743	0.10701	0.68880	0.02006	0.01806	0.01773	0.01379	0.00639	0.00472	0.00156	0.00381	0.03317	0.00465	0.00721
15	0.01308	0.02658	0.08610	0.01177	0.13957	0.02964	0.00865	0.05547	0.13367	0.23407	0.12000	0.04262	0.01565	0.02928	0.00526	0.00154	0.00433	0.03196	0.00416	0.00660
16	0.00706	0.00483	0.00597	0.00567	0.00698	0.00432	0.00426	0.00883	0.01201	0.06774	0.49437	0.09524	0.24534	0.01012	0.00540	0.00150	0.00236	0.00879	0.00482	0.00439
17	0.00564	0.00417	0.00530	0.00617	0.00670	0.00382	0.00426	0.00657	0.00917	0.01193	0.02906	0.65871	0.16953	0.01381	0.00580	0.00182	0.00267	0.04680	0.00426	0.00378
18	0.01125	0.01265	0.07098	0.04362	0.09525	0.04528	0.44296	0.07327	0.07579	0.01575	0.01164	0.01370	0.04530	0.00471	0.00519	0.00150	0.01697	0.00509	0.00273	0.00634
19	0.01099	0.00881	0.05953	0.03415	0.07758	0.00776	0.16133	0.04200	0.03000	0.16608	0.06567	0.20314	0.06091	0.00766	0.00521	0.00155	0.01454	0.00705	0.03025	0.00580
20	0.01958	0.00781	0.01043	0.00811	0.01154	0.00690	0.00666	0.02194	0.05548	0.74280	0.01912	0.01669	0.03904	0.00592	0.00465	0.00143	0.00384	0.00482	0.00558	0.00765
21	0.07225	0.04001	0.23382	0.01218	0.02689	0.01160	0.13136	0.23016	0.03076	0.09016	0.01061	0.01252	0.00795	0.00518	0.00493	0.00147	0.03562	0.03247	0.00328	0.00677

[dist]
# distance from previous block
# <min> <max>
1	7

[block]
# block no. 6 follows, 56 sequences, length 39
# corresponding to MSA columns:
# 233-271
name=unknown_G
#
# <colnr> <probs for GDERKNQSTAVLIFYWHMCP>
#	G	D	E	R	K	N	Q	S	T	A	V	L	I	F	Y	W	H	M	C	P
0	0.03257	0.01376	0.04817	0.01642	0.21060	0.19193	0.15847	0.03045	0.20461	0.01551	0.01096	0.01222	0.00854	0.00478	0.00458	0.00141	0.00602	0.00430	0.01821	0.00651
1	0.59642	0.00870	0.00803	0.00677	0.00978	0.00946	0.00557	0.05433	0.00995	0.21395	0.03278	0.01040	0.00778	0.00482	0.00344	0.00142	0.00367	0.00326	0.00368	0.00579
2	0.03294	0.00576	0.00739	0.00759	0.03378	0.02686	0.00542	0.00890	0.00781	0.02652	0.01280	0.02163	0.01271	0.20652	0.31801	0.09394	0.04772	0.06390	0.05594	0.00388
3	0.00774	0.00551	0.00660	0.00610	0.00763	0.00524	0.00465	0.01097	0.10845	0.06757	0.48567	0.03330	0.21435	0.00928	0.00528	0.00148	0.00249	0.00801	0.00486	0.00480
4	0.01502	0.01192	0.01239	0.01011	0.01331	0.03655	0.00814	0.46214	0.33527	0.02450	0.01399	0.01340	0.01025	0.00578	0.00461	0.00144	0.00457	0.00452	0.00456	0.00752
5	0.00743	0.00607	0.00834	0.03119	0.08840	0.00606	0.02238	0.02200	0.02980	0.01571	0.35570	0.08808	0.18247	0.00924	0.00581	0.00154	0.04771	0.04107	0.02631	0.00471
6	0.05106	0.01322	0.07074	0.01135	0.06033	0.04946	0.00921	0.52296	0.06153	0.06606	0.01104	0.01122	0.00793	0.00525	0.00446	0.00137	0.00510	0.00400	0.00411	0.02958
7	0.01046	0.12279	0.18345	0.00993	0.02622	0.02649	0.05470	0.07015	0.07305	0.07134	0.05317	0.12148	0.06970	0.00772	0.01733	0.00159	0.00486	0.06629	0.00344	0.00585
8	0.00569	0.00424	0.00532	0.00605	0.00668	0.00386	0.00422	0.00672	0.00953	0.01244	0.08759	0.57759	0.19731	0.01336	0.00575	0.00178	0.00261	0.04112	0.00432	0.00382
9	0.00940	0.00831	0.01326	0.08934	0.24607	0.00844	0.10411	0.03056	0.06238	0.01482	0.04716	0.02281	0.09755	0.05052	0.00590	0.00167	0.00472	0.10130	0.07608	0.00561
10	0.06852	0.18302	0.09071	0.05547	0.13255	0.05395	0.06652	0.13527	0.04061	0.05782	0.00952	0.01112	0.00745	0.00474	0.00434	0.00133	0.02252	0.01248	0.03563	0.00642
11	0.02393	0.14711	0.20337	0.01452	0.17097	0.09259	0.06302	0.12698	0.01210	0.03465	0.05131	0.01131	0.00861	0.00475	0.00443	0.00133	0.01589	0.00386	0.00273	0.00655
12	0.00598	0.00447	0.00642	0.00694	0.00742	0.00429	0.03830	0.00692	0.00861	0.01156	0.02275	0.67460	0.02680	0.07265	0.07666	0.00250	0.00383	0.01159	0.00392	0.00380
13	0.26033	0.01118	0.03454	0.09935	0.33958	0.06577	0.02809	0.05901	0.01044	0.03930	0.00824	0.01019	0.00650	0.00436	0.00405	0.00139	0.00518	0.00358	0.00264	0.00626
14	0.00797	0.00399	0.00598	0.00598	0.00598	0.00399	0.00399	0.00598	0.00598	0.00797	0.00797	0.01396	0.00797	0.01595	0.01794	0.86643	0.00399	0.00399	0.00199	0.00199
15	0.01078	0.15282	0.43551	0.01154	0.01685	0.04945	0.05488	0.05728	0.05941	0.01490	0.00873	0.00991	0.00660	0.00437	0.00412	0.00130	0.00599	0.00342	0.00237	0.08980
16	0.02102	0.09321	0.24489	0.09801	0.09347	0.01087	0.06160	0.05696	0.10396	0.04977	0.01931	0.03276	0.00851	0.00485	0.00434	0.00136	0.00538	0.00411	0.00281	0.08280
17	0.00971	0.15476	0.35877	0.00998	0.01419	0.02755	0.01089	0.01359	0.06534	0.02934	0.05379	0.05538	0.01080	0.05818	0.04017	0.00181	0.02739	0.00439	0.00262	0.05136
18	0.00867	0.00816	0.01377	0.82762	0.03162	0.01020	0.01275	0.01173	0.00918	0.01173	0.00816	0.01224	0.00612	0.00459	0.00459	0.00153	0.00612	0.00408	0.00204	0.00510
19	0.01773	0.00760	0.00985	0.00781	0.01089	0.00696	0.00636	0.05586	0.05989	0.59658	0.07839	0.01708	0.01386	0.00596	0.00455	0.00140	0.00365	0.00488	0.08350	0.00719
20	0.01067	0.01297	0.14855	0.13940	0.14684	0.06219	0.24898	0.02457	0.02173	0.02911	0.00980	0.02667	0.00769	0.00503	0.01773	0.00153	0.00639	0.00452	0.06956	0.00608
21	0.01090	0.03783	0.01806	0.20354	0.22670	0.05031	0.19727	0.02634	0.01017	0.03602	0.00933	0.04888	0.00787	0.00512	0.00584	0.00152	0.09116	0.00471	0.00242	0.00601
22	0.03689	0.00737	0.00924	0.00749	0.01017	0.00692	0.00603	0.11801	0.01390	0.40172	0.25815	0.02217	0.06756	0.00710	0.00486	0.00143	0.00343	0.00592	0.00519	0.00645
23	0.00567	0.00414	0.00535	0.00621	0.00668	0.00381	0.00425	0.00662	0.00928	0.01227	0.07933	0.68419	0.11275	0.01373	0.00579	0.00181	0.00263	0.02738	0.00431	0.00379
24	0.01223	0.37394	0.25715	0.01123	0.05680	0.13326	0.01107	0.04864	0.03289	0.01322	0.00771	0.00884	0.00626	0.00432	0.00375	0.00121	0.00596	0.00304	0.00222	0.00627
25	0.00968	0.04834	0.08647	0.01284	0.11090	0.01121	0.04270	0.04494	0.00867	0.01259	0.00898	0.03449	0.00846	0.05972	0.14803	0.00283	0.33695	0.00451	0.00234	0.00535
26	0.00663	0.00461	0.00625	0.00715	0.00785	0.00441	0.00549	0.00802	0.00977	0.02990	0.05828	0.47007	0.04556	0.01328	0.00599	0.00193	0.00326	0.30322	0.00431	0.00403
27	0.00616	0.00465	0.00572	0.00591	0.00689	0.00430	0.00430	0.00801	0.03678	0.01481	0.33694	0.28657	0.21536	0.01146	0.00556	0.00162	0.00247	0.03376	0.00459	0.00413
28	0.06527	0.02329	0.01682	0.09573	0.45925	0.01099	0.06911	0.09602	0.01139	0.05841	0.00956	0.03059	0.00777	0.00468	0.00472	0.00142	0.02115	0.00430	0.00275	0.00679
29	0.00989	0.11355	0.61552	0.01253	0.01850	0.01147	0.05952	0.04783	0.01023	0.01468	0.00885	0.02759	0.00685	0.00469	0.00434	0.00142	0.00642	0.01737	0.00217	0.00659
30	0.79520	0.01010	0.03596	0.00659	0.00955	0.05307	0.00561	0.01379	0.00815	0.01989	0.00650	0.00758	0.00505	0.00429	0.00296	0.00141	0.00392	0.00254	0.00278	0.00506
31	0.00585	0.00420	0.00560	0.00658	0.00701	0.00395	0.00463	0.00687	0.00921	0.01224	0.05549	0.68740	0.05088	0.01391	0.00589	0.00187	0.00283	0.10749	0.00429	0.00382
32	0.01719	0.00701	0.00934	0.00742	0.01039	0.00612	0.00604	0.01901	0.01276	0.61660	0.12241	0.01966	0.05762	0.00646	0.00467	0.00141	0.00348	0.00534	0.06013	0.00693
33	0.00797	0.00399	0.00598	0.00598	0.00598	0.00399	0.00399	0.00598	0.00598	0.00797	0.00797	0.01396	0.00797	0.01595	0.01794	0.86643	0.00399	0.00399	0.00199	0.00199
34	0.00591	0.00451	0.00542	0.00552	0.00658	0.00403	0.00402	0.00739	0.01111	0.01471	0.35395	0.22707	0.31046	0.01136	0.00552	0.00158	0.00234	0.00991	0.00459	0.00403
35	0.01227	0.84142	0.02406	0.00786	0.01178	0.01817	0.00786	0.01375	0.00933	0.01080	0.00638	0.00736	0.00589	0.00393	0.00295	0.00098	0.00491	0.00245	0.00196	0.00589
36	0.01142	0.11290	0.12356	0.02859	0.08709	0.04728	0.01922	0.16257	0.14952	0.01710	0.03398	0.14087	0.01309	0.00674	0.00462	0.00146	0.00480	0.02543	0.00348	0.00629
37	0.01177	0.01195	0.02551	0.01828	0.02282	0.01114	0.71791	0.01544	0.01106	0.09128	0.01013	0.01269	0.00739	0.00404	0.00534	0.00154	0.00737	0.00534	0.00264	0.00635
38	0.06313	0.13813	0.01383	0.00931	0.01266	0.12424	0.04120	0.15543	0.05930	0.24018	0.01178	0.01203	0.00860	0.02844	0.00468	0.00136	0.00499	0.00385	0.00382	0.06303

[dist]
# distance from previous block
# <min> <max>
1	4

[block]
# block no. 7 follows, 56 sequences, length 12
# corresponding to MSA columns:
# 276-287
name=unknown_H
#
# <colnr> <probs for GDERKNQSTAVLIFYWHMCP>
#	G	D	E	R	K	N	Q	S	T	A	V	L	I	F	Y	W	H	M	C	P
0	0.07218	0.03325	0.56092	0.01288	0.01860	0.01060	0.12045	0.01440	0.00967	0.03971	0.00847	0.01014	0.00616	0.00464	0.00488	0.02107	0.02294	0.00364	0.00219	0.02320
1	0.01084	0.04158	0.02286	0.12850	0.19941	0.02004	0.04018	0.02370	0.07590	0.08342	0.05779	0.03276	0.02685	0.00640	0.03843	0.00156	0.02252	0.00454	0.00308	0.15963
2	0.01095	0.00935	0.01276	0.02852	0.04129	0.03715	0.12029	0.18836	0.07727	0.02767	0.01501	0.25258	0.01485	0.00851	0.00659	0.02492	0.09352	0.02114	0.00362	0.00566
3	0.00657	0.00489	0.00722	0.00722	0.00799	0.00566	0.00555	0.00810	0.00733	0.01054	0.01244	0.01881	0.01182	0.08662	0.76874	0.00719	0.01179	0.00503	0.00248	0.00401
4	0.00794	0.00409	0.00578	0.00578	0.00597	0.00413	0.00392	0.00675	0.00657	0.00937	0.00935	0.01512	0.00895	0.04329	0.05393	0.67914	0.00414	0.00416	0.11918	0.00243
5	0.00638	0.00434	0.00514	0.00541	0.00552	0.00425	0.00324	0.00668	0.00749	0.01003	0.04887	0.24614	0.02141	0.58479	0.01796	0.00364	0.00388	0.00845	0.00327	0.00310
6	0.00899	0.00759	0.00895	0.00674	0.01031	0.00580	0.00528	0.01086	0.00942	0.01452	0.01049	0.12176	0.01000	0.00489	0.00373	0.00084	0.00330	0.00412	0.00293	0.74947
7	0.21808	0.00972	0.01009	0.00816	0.01120	0.01053	0.00667	0.32534	0.06592	0.15499	0.01214	0.01217	0.00867	0.00527	0.00400	0.00136	0.00402	0.00391	0.12115	0.00662
8	0.00648	0.00525	0.00831	0.00803	0.00893	0.00493	0.11141	0.00767	0.00896	0.01193	0.02258	0.59133	0.04749	0.09727	0.00760	0.00209	0.00358	0.03834	0.00385	0.00399
9	0.00667	0.00472	0.00568	0.00547	0.00588	0.00458	0.02938	0.00706	0.00752	0.00998	0.01911	0.06427	0.12429	0.63466	0.01889	0.00373	0.00412	0.00722	0.03362	0.00314
10	0.03611	0.01227	0.03380	0.04487	0.06545	0.15803	0.04694	0.10733	0.15074	0.06401	0.02660	0.01198	0.00894	0.00487	0.00441	0.00125	0.01671	0.00389	0.00333	0.19845
11	0.09102	0.18640	0.16819	0.00957	0.01355	0.05050	0.04144	0.12126	0.02539	0.14404	0.03209	0.01214	0.02009	0.03276	0.00469	0.00141	0.00509	0.00382	0.00324	0.03331

[dist]
# distance from previous block
# <min> <max>
0	132

# created by:
# /home/cegg/simao/soft/augustus-3.2.1/scripts/msa2prfl.pl ./align_prep/EOG091G0GWO.fa
