[name]
unknown

[dist]
# distance from previous block
# <min> <max>
0	148

[block]
# block no. 0 follows, 56 sequences, length 12
# corresponding to MSA columns:
# 148-159
name=unknown_A
#
# <colnr> <probs for GDERKNQSTAVLIFYWHMCP>
#	G	D	E	R	K	N	Q	S	T	A	V	L	I	F	Y	W	H	M	C	P
0	0.22425	0.01034	0.00965	0.00828	0.01100	0.11196	0.00664	0.12713	0.07885	0.11812	0.01343	0.02759	0.04539	0.01828	0.02212	0.00158	0.01973	0.06093	0.00370	0.08103
1	0.04320	0.02541	0.02709	0.06953	0.08092	0.11191	0.00810	0.04580	0.02537	0.11830	0.08288	0.01587	0.03561	0.07646	0.02579	0.00183	0.13763	0.00462	0.00321	0.06047
2	0.00772	0.00646	0.00962	0.04574	0.22249	0.00638	0.00747	0.00990	0.03630	0.01432	0.17479	0.29188	0.08503	0.00968	0.00532	0.00161	0.00355	0.05293	0.00381	0.00501
3	0.04615	0.00693	0.00855	0.07675	0.02467	0.00717	0.00614	0.08775	0.09141	0.12095	0.21754	0.06947	0.06581	0.11315	0.00730	0.00189	0.00367	0.03514	0.00425	0.00530
4	0.00563	0.00460	0.00497	0.00499	0.00636	0.00394	0.00370	0.00694	0.01078	0.01342	0.18033	0.10769	0.60778	0.01146	0.00546	0.00156	0.00232	0.00972	0.00440	0.00394
5	0.11812	0.00840	0.01332	0.62995	0.06001	0.01009	0.04125	0.01206	0.00926	0.01334	0.03660	0.01239	0.00739	0.00467	0.00443	0.00151	0.00569	0.00408	0.00227	0.00519
6	0.00617	0.00428	0.00540	0.00607	0.00631	0.00414	0.00400	0.00679	0.00817	0.01086	0.02117	0.46217	0.02489	0.32194	0.01244	0.00285	0.00348	0.08175	0.00371	0.00342
7	0.01423	0.00857	0.03885	0.04126	0.01207	0.02312	0.02465	0.06111	0.12962	0.35324	0.11666	0.02114	0.07533	0.02314	0.00522	0.00154	0.00398	0.03497	0.00476	0.00654
8	0.00757	0.00842	0.11178	0.28504	0.06224	0.00739	0.00949	0.00997	0.00928	0.01254	0.04704	0.29905	0.01706	0.01015	0.05277	0.00199	0.00511	0.03526	0.00303	0.00484
9	0.11547	0.00973	0.04705	0.03940	0.20266	0.01019	0.07210	0.04199	0.00954	0.07407	0.00991	0.04467	0.00852	0.01002	0.12986	0.00245	0.15932	0.00448	0.00272	0.00584
10	0.76221	0.11442	0.00894	0.00627	0.00925	0.01130	0.00534	0.01353	0.00801	0.01936	0.00639	0.00745	0.00509	0.00422	0.00285	0.00136	0.00372	0.00248	0.00273	0.00509
11	0.11851	0.00535	0.00544	0.00512	0.00646	0.00572	0.00398	0.01158	0.00940	0.05159	0.01350	0.01541	0.01055	0.00538	0.00391	0.00118	0.05069	0.00405	0.66759	0.00456

[dist]
# distance from previous block
# <min> <max>
0	2

[block]
# block no. 1 follows, 56 sequences, length 13
# corresponding to MSA columns:
# 162-174
name=unknown_B
#
# <colnr> <probs for GDERKNQSTAVLIFYWHMCP>
#	G	D	E	R	K	N	Q	S	T	A	V	L	I	F	Y	W	H	M	C	P
0	0.01289	0.00933	0.01144	0.05476	0.04090	0.01059	0.00806	0.03281	0.39922	0.17999	0.03102	0.01532	0.01188	0.00623	0.00627	0.00157	0.13390	0.00478	0.00420	0.02483
1	0.01676	0.02123	0.01307	0.01184	0.01408	0.77621	0.00893	0.01793	0.01268	0.01123	0.00704	0.00838	0.00592	0.00491	0.00474	0.00123	0.05316	0.00301	0.00235	0.00531
2	0.00847	0.00771	0.01277	0.69877	0.02814	0.00943	0.01191	0.01138	0.00940	0.01205	0.01070	0.01846	0.00931	0.00586	0.00487	0.00162	0.00582	0.12599	0.00238	0.00496
3	0.01077	0.00890	0.01019	0.00739	0.01141	0.00740	0.00596	0.13475	0.01142	0.01716	0.00861	0.00976	0.00696	0.00373	0.00359	0.00079	0.00366	0.00294	0.00301	0.73161
4	0.00670	0.00458	0.00555	0.00560	0.00582	0.00470	0.00356	0.00714	0.00718	0.00971	0.03565	0.02955	0.01715	0.64159	0.14727	0.00469	0.00561	0.05194	0.00288	0.00312
5	0.00653	0.00475	0.00669	0.00675	0.00735	0.00531	0.00495	0.00773	0.00729	0.01030	0.01358	0.06906	0.01383	0.22503	0.58240	0.00636	0.00986	0.00582	0.00264	0.00376
6	0.00953	0.00951	0.02986	0.15212	0.14082	0.01160	0.03560	0.01133	0.00827	0.01201	0.00881	0.08124	0.00853	0.00809	0.03860	0.00198	0.41965	0.00487	0.00227	0.00532
7	0.00611	0.00755	0.13230	0.00633	0.00847	0.00495	0.00579	0.00793	0.01021	0.01298	0.08186	0.16981	0.50747	0.01081	0.00533	0.00158	0.00307	0.00918	0.00394	0.00434
8	0.00795	0.00594	0.00776	0.00666	0.00852	0.00535	0.02962	0.04443	0.01262	0.03873	0.55646	0.02893	0.06052	0.00815	0.00506	0.00134	0.00276	0.02439	0.00455	0.14027
9	0.01322	0.00615	0.00822	0.00694	0.00917	0.00545	0.00547	0.01508	0.01270	0.40227	0.34802	0.07846	0.05317	0.00800	0.00506	0.00146	0.00305	0.00688	0.00528	0.00596
10	0.01560	0.00808	0.01036	0.00866	0.01157	0.00785	0.02406	0.08585	0.14016	0.42289	0.02000	0.02302	0.05757	0.00721	0.00497	0.00156	0.00401	0.13467	0.00503	0.00687
11	0.00999	0.02406	0.11089	0.04530	0.05471	0.12998	0.02352	0.01197	0.00896	0.01196	0.00923	0.01368	0.00837	0.02756	0.20498	0.01890	0.19182	0.03104	0.00232	0.06073
12	0.01147	0.01172	0.01346	0.13495	0.13954	0.19406	0.06510	0.06531	0.05330	0.01415	0.05071	0.01374	0.02092	0.00971	0.13311	0.00231	0.02421	0.00436	0.00275	0.03512

[dist]
# distance from previous block
# <min> <max>
7	31

[block]
# block no. 2 follows, 56 sequences, length 10
# corresponding to MSA columns:
# 206-215
name=unknown_C
#
# <colnr> <probs for GDERKNQSTAVLIFYWHMCP>
#	G	D	E	R	K	N	Q	S	T	A	V	L	I	F	Y	W	H	M	C	P
0	0.00651	0.00541	0.00642	0.00720	0.06118	0.00507	0.00486	0.00875	0.07590	0.01314	0.06224	0.18868	0.45097	0.02942	0.02826	0.00183	0.00308	0.03260	0.00411	0.00437
1	0.01067	0.02275	0.63141	0.04672	0.01930	0.16223	0.01527	0.01513	0.01029	0.01380	0.00802	0.00953	0.00585	0.00444	0.00433	0.00141	0.00704	0.00334	0.00202	0.00644
2	0.01167	0.01171	0.02218	0.01620	0.02012	0.01162	0.54010	0.16007	0.01283	0.01749	0.07586	0.01383	0.01010	0.00485	0.00576	0.00153	0.04949	0.00534	0.00296	0.00628
3	0.16781	0.00512	0.00567	0.00600	0.00706	0.00509	0.00432	0.00819	0.00962	0.01476	0.17616	0.43165	0.11984	0.01119	0.00516	0.00166	0.00269	0.00975	0.00415	0.00410
4	0.70960	0.00874	0.00806	0.15988	0.01314	0.01028	0.00643	0.01316	0.00807	0.01894	0.00672	0.00835	0.00519	0.00432	0.00317	0.00144	0.00403	0.00278	0.00269	0.00500
5	0.01369	0.01036	0.01084	0.00891	0.01153	0.03139	0.00702	0.42322	0.17383	0.02249	0.03497	0.01593	0.01152	0.11871	0.00704	0.00180	0.00443	0.00479	0.08099	0.00655
6	0.00662	0.00468	0.00630	0.00635	0.00685	0.00512	0.00449	0.00764	0.00726	0.01028	0.01382	0.06201	0.01432	0.32819	0.46016	0.00582	0.00860	0.00594	0.03194	0.00360
7	0.17283	0.61750	0.08661	0.00795	0.01191	0.01607	0.00807	0.01377	0.00907	0.01295	0.00654	0.00758	0.00571	0.00403	0.00304	0.00110	0.00481	0.00254	0.00213	0.00579
8	0.00994	0.00815	0.00979	0.04989	0.01200	0.00636	0.00588	0.01202	0.00965	0.04825	0.00858	0.00992	0.00696	0.00356	0.00351	0.00076	0.00356	0.00287	0.00281	0.78555
9	0.00699	0.00825	0.15756	0.00811	0.00993	0.00566	0.00742	0.02647	0.00971	0.01309	0.02239	0.41328	0.06440	0.03149	0.00606	0.00188	0.00389	0.19513	0.00379	0.00450

[dist]
# distance from previous block
# <min> <max>
0	9

[block]
# block no. 3 follows, 56 sequences, length 23
# corresponding to MSA columns:
# 225-247
name=unknown_D
#
# <colnr> <probs for GDERKNQSTAVLIFYWHMCP>
#	G	D	E	R	K	N	Q	S	T	A	V	L	I	F	Y	W	H	M	C	P
0	0.03310	0.12571	0.01150	0.00693	0.01095	0.00793	0.00577	0.01192	0.00945	0.01453	0.00786	0.00916	0.00662	0.00350	0.00332	0.00074	0.00362	0.00268	0.00262	0.72210
1	0.01586	0.01936	0.01202	0.01100	0.01303	0.70509	0.00818	0.01659	0.01202	0.01078	0.00722	0.00908	0.00620	0.00631	0.00609	0.12323	0.00767	0.00310	0.00231	0.00485
2	0.02022	0.04561	0.09122	0.04587	0.06255	0.03446	0.13291	0.05873	0.03676	0.04530	0.06421	0.10151	0.08402	0.12470	0.02204	0.00202	0.00509	0.01424	0.00323	0.00531
3	0.01001	0.04390	0.01238	0.10262	0.14919	0.08217	0.00888	0.03182	0.04295	0.01246	0.00970	0.01389	0.00870	0.06431	0.18326	0.03390	0.15199	0.00430	0.02837	0.00518
4	0.15074	0.03397	0.01205	0.01047	0.01307	0.51171	0.02314	0.01844	0.12333	0.04834	0.00912	0.00977	0.00716	0.00488	0.00403	0.00129	0.00661	0.00331	0.00290	0.00568
5	0.00973	0.13848	0.66171	0.01268	0.01895	0.01177	0.05669	0.01444	0.00970	0.01402	0.00803	0.00951	0.00589	0.00427	0.00422	0.00139	0.00657	0.00337	0.00196	0.00663
6	0.01053	0.01016	0.01754	0.20336	0.56529	0.01054	0.05750	0.01334	0.01019	0.01417	0.00991	0.01277	0.03530	0.00445	0.00464	0.00142	0.00562	0.00436	0.00229	0.00661
7	0.00576	0.00417	0.00541	0.00622	0.00668	0.00387	0.00426	0.00673	0.00928	0.01234	0.09582	0.64401	0.09399	0.04315	0.00643	0.00190	0.00271	0.03920	0.00428	0.00378
8	0.00713	0.00479	0.00610	0.00596	0.00705	0.00445	0.00439	0.00919	0.02954	0.05360	0.51319	0.19732	0.07494	0.01007	0.00534	0.00152	0.00239	0.00890	0.04972	0.00441
9	0.13940	0.00969	0.01095	0.00876	0.01188	0.01028	0.00719	0.34500	0.01513	0.25527	0.01262	0.01285	0.00896	0.00946	0.11943	0.00224	0.00552	0.00415	0.00436	0.00688
10	0.00759	0.00545	0.00639	0.00642	0.00728	0.00543	0.00445	0.11783	0.01044	0.01389	0.05519	0.40319	0.10076	0.21032	0.00978	0.00236	0.00337	0.00961	0.01612	0.00412
11	0.01647	0.13729	0.01458	0.01124	0.01385	0.69015	0.00872	0.03400	0.01267	0.01155	0.00708	0.00821	0.00595	0.00463	0.00398	0.00116	0.00774	0.00291	0.00236	0.00545
12	0.00663	0.00471	0.00573	0.00594	0.00637	0.00476	0.00395	0.00780	0.04310	0.01096	0.05362	0.19682	0.05495	0.42843	0.10062	0.00371	0.00467	0.05033	0.00338	0.00351
13	0.00997	0.21190	0.46654	0.12750	0.05092	0.01238	0.03290	0.01394	0.00959	0.01329	0.00783	0.00964	0.00596	0.00427	0.00410	0.00135	0.00622	0.00335	0.00198	0.00634
14	0.00874	0.00829	0.01418	0.80272	0.03138	0.01024	0.03680	0.01182	0.00923	0.01182	0.00819	0.01224	0.00615	0.00457	0.00462	0.00153	0.00617	0.00412	0.00205	0.00513
15	0.00771	0.00495	0.00575	0.00561	0.00708	0.00430	0.00415	0.00891	0.01052	0.12548	0.08512	0.21153	0.45405	0.03614	0.00595	0.00168	0.00268	0.00953	0.00447	0.00440
16	0.02229	0.00927	0.03355	0.31654	0.27204	0.02592	0.04589	0.02809	0.00959	0.01303	0.00989	0.04109	0.00890	0.12287	0.02066	0.00198	0.00573	0.00475	0.00238	0.00555
17	0.00757	0.00638	0.00920	0.00862	0.00916	0.00809	0.00685	0.00895	0.00724	0.01069	0.01058	0.01629	0.01015	0.06526	0.54890	0.00568	0.24899	0.00474	0.00234	0.00430
18	0.00814	0.00446	0.00662	0.00646	0.00646	0.00478	0.00446	0.00638	0.00606	0.00822	0.00782	0.01365	0.00782	0.01533	0.01772	0.79851	0.06890	0.00399	0.00199	0.00223
19	0.00587	0.00436	0.00535	0.00599	0.00666	0.00401	0.00423	0.00684	0.00928	0.01196	0.04718	0.44771	0.23213	0.09899	0.00760	0.00207	0.00291	0.08901	0.00412	0.00373
20	0.53027	0.01086	0.00912	0.00838	0.04461	0.12427	0.00639	0.06897	0.01038	0.12199	0.02232	0.00951	0.00689	0.00468	0.00349	0.00138	0.00442	0.00311	0.00328	0.00567
21	0.00965	0.01161	0.17533	0.04225	0.06518	0.03132	0.14261	0.04282	0.02384	0.01524	0.06065	0.06050	0.02143	0.00643	0.02127	0.00157	0.07823	0.00504	0.17944	0.00558
22	0.69035	0.00882	0.00706	0.00677	0.03472	0.03853	0.00520	0.01271	0.00846	0.01892	0.01215	0.01279	0.11837	0.00531	0.00331	0.00143	0.00361	0.00357	0.00301	0.00490

[dist]
# distance from previous block
# <min> <max>
0	2

[block]
# block no. 4 follows, 56 sequences, length 12
# corresponding to MSA columns:
# 250-261
name=unknown_E
#
# <colnr> <probs for GDERKNQSTAVLIFYWHMCP>
#	G	D	E	R	K	N	Q	S	T	A	V	L	I	F	Y	W	H	M	C	P
0	0.01763	0.00743	0.00978	0.00781	0.01083	0.00669	0.00633	0.05086	0.03609	0.60991	0.07078	0.07082	0.01470	0.00649	0.00468	0.00143	0.00365	0.00540	0.05159	0.00711
1	0.02980	0.05079	0.07810	0.06606	0.05486	0.01122	0.06234	0.06867	0.15448	0.02527	0.01091	0.04330	0.00918	0.01699	0.04297	0.00183	0.19024	0.00452	0.01582	0.06267
2	0.00732	0.00559	0.00666	0.00618	0.00787	0.00495	0.00464	0.00940	0.04489	0.01455	0.17508	0.18754	0.12641	0.05803	0.00597	0.00156	0.00291	0.05933	0.06261	0.20849
3	0.05276	0.01155	0.01218	0.00990	0.01313	0.01300	0.00801	0.46920	0.31580	0.02489	0.01371	0.01317	0.01003	0.00573	0.00455	0.00145	0.00445	0.00446	0.00455	0.00748
4	0.02981	0.02790	0.04244	0.10158	0.31756	0.05510	0.06088	0.01404	0.07831	0.02654	0.06283	0.05528	0.01111	0.00588	0.01787	0.00152	0.04314	0.00481	0.00280	0.04059
5	0.08447	0.00863	0.00933	0.00698	0.01073	0.03451	0.00555	0.03134	0.00976	0.01553	0.00877	0.04433	0.00763	0.00404	0.00351	0.00083	0.00359	0.00318	0.00283	0.70445
6	0.00830	0.00532	0.00686	0.00633	0.00774	0.00497	0.00486	0.03054	0.02765	0.10037	0.59721	0.07022	0.05891	0.00929	0.00536	0.00149	0.00257	0.04223	0.00500	0.00479
7	0.06029	0.01142	0.15908	0.07721	0.01497	0.00918	0.03930	0.11397	0.08562	0.26986	0.01444	0.10054	0.01122	0.00616	0.00464	0.00150	0.00473	0.00515	0.00403	0.00670
8	0.01012	0.03671	0.23389	0.10736	0.18327	0.02800	0.09111	0.01341	0.01021	0.04563	0.04733	0.03510	0.02412	0.00523	0.00472	0.00143	0.02042	0.01618	0.07968	0.00608
9	0.00564	0.00411	0.00540	0.00630	0.00672	0.00387	0.00429	0.00653	0.00884	0.01171	0.02632	0.71198	0.09774	0.01546	0.05947	0.00220	0.00327	0.01222	0.00414	0.00377
10	0.00559	0.00400	0.00533	0.00639	0.00666	0.00373	0.00426	0.00639	0.00879	0.01172	0.02530	0.83566	0.03036	0.01438	0.00586	0.00186	0.00266	0.01305	0.00426	0.00373
11	0.79211	0.00878	0.00711	0.00624	0.00914	0.00997	0.00514	0.01432	0.00831	0.09420	0.00748	0.00822	0.00557	0.00439	0.00301	0.00142	0.00358	0.00268	0.00310	0.00524

[dist]
# distance from previous block
# <min> <max>
0	18

[block]
# block no. 5 follows, 56 sequences, length 32
# corresponding to MSA columns:
# 280-283,286-313
name=unknown_F
#
# <colnr> <probs for GDERKNQSTAVLIFYWHMCP>
#	G	D	E	R	K	N	Q	S	T	A	V	L	I	F	Y	W	H	M	C	P
0	0.00578	0.00417	0.00538	0.00622	0.00662	0.00393	0.00422	0.00661	0.00874	0.01154	0.02553	0.63947	0.09125	0.09414	0.03335	0.00227	0.00317	0.03987	0.00406	0.00368
1	0.02992	0.01068	0.08852	0.00906	0.01271	0.00939	0.00804	0.27305	0.01525	0.38992	0.03861	0.01410	0.01058	0.00557	0.00449	0.00139	0.00438	0.00440	0.06263	0.00733
2	0.78827	0.00907	0.00789	0.00817	0.08605	0.01036	0.00585	0.01355	0.00807	0.02006	0.00661	0.00783	0.00519	0.00425	0.00301	0.00142	0.00373	0.00264	0.00279	0.00519
3	0.00636	0.00453	0.00542	0.00550	0.00594	0.00451	0.00357	0.00697	0.00782	0.01037	0.05248	0.10110	0.14101	0.47115	0.15000	0.00413	0.00517	0.00748	0.00318	0.00332
4	0.00657	0.00470	0.00566	0.00606	0.00641	0.00474	0.00390	0.00805	0.07305	0.01107	0.01964	0.39186	0.02249	0.37582	0.03647	0.00313	0.00380	0.00938	0.00360	0.00361
5	0.03722	0.00848	0.00973	0.02509	0.01147	0.00708	0.00586	0.03532	0.08612	0.01588	0.00920	0.01029	0.00745	0.00379	0.00356	0.00083	0.00353	0.00302	0.00295	0.71312
6	0.00645	0.00534	0.00580	0.00604	0.00721	0.02347	0.00439	0.00872	0.08636	0.01329	0.09475	0.31743	0.36593	0.01176	0.00549	0.00165	0.00273	0.02463	0.00432	0.00423
7	0.01023	0.06978	0.01503	0.01317	0.08879	0.01382	0.01015	0.01146	0.00754	0.01140	0.00648	0.01020	0.00629	0.00811	0.03595	0.00202	0.66831	0.00394	0.00204	0.00528
8	0.01024	0.00868	0.01058	0.00770	0.01165	0.00711	0.03800	0.08702	0.01066	0.01615	0.00862	0.01006	0.00706	0.00465	0.03075	0.00101	0.00403	0.00304	0.00288	0.72011
9	0.00889	0.00802	0.01045	0.23893	0.05903	0.06974	0.00884	0.02488	0.04527	0.01351	0.09137	0.04326	0.03895	0.01071	0.08968	0.00226	0.03502	0.19308	0.00321	0.00492
10	0.01242	0.03368	0.01110	0.00925	0.01198	0.01152	0.00738	0.22037	0.48792	0.02078	0.01772	0.04281	0.04206	0.00663	0.00470	0.00152	0.00396	0.03098	0.01623	0.00699
11	0.00701	0.00612	0.03651	0.00711	0.00838	0.00608	0.00565	0.00981	0.09314	0.01292	0.11328	0.09273	0.14572	0.05986	0.34430	0.00413	0.03255	0.00680	0.00343	0.00446
12	0.00826	0.00710	0.02694	0.06024	0.08029	0.00716	0.00738	0.01273	0.18334	0.01528	0.14365	0.09342	0.09094	0.01016	0.03512	0.00190	0.00407	0.20278	0.00404	0.00521
13	0.03835	0.03802	0.24239	0.07628	0.05369	0.08223	0.04005	0.03805	0.21867	0.01540	0.01319	0.04748	0.03874	0.03144	0.00510	0.00156	0.00540	0.00468	0.00304	0.00624
14	0.01876	0.00752	0.01024	0.00807	0.01129	0.00671	0.00662	0.02079	0.03093	0.70198	0.03290	0.01626	0.01206	0.00854	0.08323	0.00200	0.00467	0.00473	0.00534	0.00737
15	0.00970	0.01163	0.25073	0.05194	0.03724	0.00803	0.00929	0.10346	0.03832	0.01328	0.00902	0.01273	0.00766	0.03332	0.01085	0.37666	0.00511	0.00395	0.00242	0.00466
16	0.03626	0.00974	0.04017	0.58411	0.16791	0.03731	0.03514	0.01260	0.00955	0.01274	0.00819	0.01173	0.00630	0.00447	0.00453	0.00148	0.00606	0.00401	0.00212	0.00557
17	0.01351	0.01367	0.01195	0.13466	0.09177	0.36055	0.00882	0.03009	0.01162	0.10060	0.01279	0.14242	0.03513	0.00651	0.00462	0.00140	0.00606	0.00525	0.00308	0.00550
18	0.00958	0.00956	0.01381	0.61050	0.05387	0.08796	0.04470	0.01266	0.03391	0.01218	0.00952	0.05345	0.00791	0.00521	0.00467	0.00152	0.00610	0.01536	0.00231	0.00523
19	0.01090	0.10982	0.08638	0.29206	0.16342	0.04967	0.05835	0.03555	0.02137	0.05148	0.02430	0.03494	0.00813	0.00504	0.00479	0.01384	0.01729	0.00423	0.00250	0.00595
20	0.03185	0.00978	0.05762	0.10230	0.24973	0.02184	0.04006	0.04674	0.06855	0.14833	0.01395	0.12464	0.01224	0.00646	0.00482	0.00152	0.00484	0.04489	0.00345	0.00637
21	0.01133	0.00951	0.09083	0.13861	0.13416	0.02370	0.00928	0.01466	0.08372	0.18079	0.01703	0.13834	0.06845	0.00706	0.00484	0.00152	0.00453	0.03203	0.00365	0.02595
22	0.01321	0.03506	0.22222	0.03748	0.09916	0.00858	0.03380	0.03609	0.01113	0.28178	0.02429	0.08819	0.01080	0.00594	0.00482	0.01767	0.00490	0.00488	0.00361	0.05638
23	0.01127	0.03386	0.17869	0.08008	0.16708	0.05133	0.05203	0.09525	0.10944	0.04146	0.01264	0.06433	0.03438	0.00580	0.00494	0.00148	0.02700	0.01943	0.00304	0.00644
24	0.03056	0.09502	0.27498	0.02401	0.12727	0.07590	0.05465	0.01486	0.04786	0.07181	0.03275	0.04865	0.00922	0.01552	0.00496	0.00143	0.03308	0.00426	0.00269	0.03053
25	0.02016	0.02423	0.33313	0.03223	0.11558	0.00956	0.07147	0.03776	0.05177	0.13483	0.05106	0.05936	0.02720	0.00557	0.00466	0.00147	0.00543	0.00483	0.00313	0.00659
26	0.05244	0.10607	0.06414	0.01117	0.08332	0.05151	0.07417	0.03150	0.06264	0.22029	0.03570	0.07749	0.03766	0.00602	0.00490	0.00141	0.03847	0.00500	0.00363	0.03246
27	0.02045	0.03753	0.07967	0.02933	0.17494	0.02028	0.02932	0.07695	0.05101	0.18095	0.06497	0.12161	0.04356	0.00659	0.00471	0.00144	0.00443	0.00573	0.00377	0.04276
28	0.06003	0.04701	0.22301	0.10122	0.07634	0.04354	0.05083	0.01569	0.04292	0.19034	0.01223	0.07325	0.00971	0.00557	0.00451	0.00146	0.00532	0.01788	0.00322	0.01593
29	0.02903	0.03558	0.19353	0.04083	0.15959	0.05852	0.03709	0.09473	0.06899	0.13752	0.04526	0.02351	0.00973	0.00507	0.00447	0.00138	0.00530	0.00424	0.00329	0.04233
30	0.02369	0.06300	0.14200	0.09168	0.13463	0.02305	0.06563	0.13208	0.01230	0.13777	0.03947	0.03023	0.06037	0.00547	0.00457	0.00141	0.00519	0.00467	0.00332	0.01947
31	0.04892	0.03679	0.18059	0.01328	0.16292	0.08305	0.03206	0.04688	0.07446	0.07311	0.06300	0.10443	0.01242	0.00600	0.00454	0.00141	0.00507	0.00510	0.00318	0.04277

[dist]
# distance from previous block
# <min> <max>
0	246

# created by:
# /home/cegg/simao/soft/augustus-3.2.1/scripts/msa2prfl.pl ./align_prep/EOG091G15N9.fa
