[name]
unknown

[dist]
# distance from previous block
# <min> <max>
0	297

[block]
# block no. 0 follows, 48 sequences, length 23
# corresponding to MSA columns:
# 349-371
name=unknown_A
#
# <colnr> <probs for GDERKNQSTAVLIFYWHMCP>
#	G	D	E	R	K	N	Q	S	T	A	V	L	I	F	Y	W	H	M	C	P
0	0.01248	0.03786	0.04948	0.01629	0.04963	0.13796	0.35680	0.01654	0.06652	0.01621	0.06729	0.01815	0.03654	0.00590	0.00554	0.00161	0.00711	0.04485	0.00318	0.05006
1	0.00909	0.00569	0.00722	0.00658	0.00824	0.00510	0.00503	0.01126	0.01405	0.11892	0.55843	0.03756	0.17232	0.01039	0.00594	0.00163	0.00270	0.00902	0.00559	0.00525
2	0.01272	0.50964	0.27807	0.01089	0.01623	0.04005	0.01214	0.01621	0.03703	0.01378	0.00831	0.00949	0.00687	0.00466	0.00392	0.00130	0.00624	0.00321	0.00230	0.00695
3	0.00746	0.00497	0.00560	0.00560	0.00560	0.00497	0.00311	0.00746	0.00746	0.00995	0.01617	0.03358	0.01865	0.81967	0.02612	0.00497	0.00497	0.00746	0.00311	0.00311
4	0.01071	0.02512	0.73571	0.01413	0.02136	0.01151	0.01803	0.01639	0.01111	0.04779	0.03504	0.01200	0.00812	0.00512	0.00492	0.00162	0.00728	0.00403	0.00245	0.00754
5	0.43705	0.00932	0.00974	0.00795	0.01152	0.00951	0.00655	0.02007	0.01173	0.40935	0.01373	0.01293	0.00915	0.00556	0.00417	0.00159	0.00417	0.00398	0.00477	0.00715
6	0.00971	0.00906	0.01447	0.45568	0.02503	0.01134	0.04237	0.01215	0.00938	0.01267	0.00999	0.03010	0.00894	0.09676	0.05028	0.00252	0.18659	0.00515	0.00244	0.00536
7	0.01602	0.01470	0.01253	0.01067	0.01388	0.26124	0.00838	0.13136	0.14550	0.10148	0.01500	0.01650	0.04060	0.00682	0.01733	0.00154	0.00607	0.03962	0.00409	0.13666
8	0.01015	0.00793	0.00911	0.00699	0.01067	0.00614	0.00553	0.01212	0.01124	0.07011	0.02262	0.02261	0.23882	0.00671	0.00457	0.00111	0.00348	0.00550	0.00378	0.54080
9	0.01333	0.10303	0.13315	0.01127	0.01534	0.01191	0.09811	0.19698	0.06855	0.07542	0.07984	0.02004	0.12013	0.00692	0.00518	0.00157	0.00532	0.00582	0.02102	0.00706
10	0.04300	0.57449	0.05154	0.01025	0.05310	0.01717	0.00924	0.01601	0.01083	0.09181	0.02659	0.01054	0.00833	0.00562	0.01996	0.00140	0.03720	0.00339	0.00276	0.00677
11	0.04474	0.03487	0.06110	0.01153	0.02716	0.17965	0.04432	0.21495	0.03030	0.04593	0.01075	0.01193	0.00826	0.00546	0.00517	0.00138	0.04479	0.00404	0.06975	0.14394
12	0.01360	0.78363	0.02635	0.00901	0.01318	0.02008	0.00890	0.01522	0.01030	0.01209	0.00711	0.00838	0.00659	0.00461	0.00395	0.00115	0.04429	0.00283	0.00220	0.00654
13	0.00853	0.00568	0.00685	0.00681	0.02023	0.00587	0.00435	0.03237	0.00875	0.03514	0.01673	0.04258	0.03709	0.54628	0.12654	0.00471	0.02163	0.00697	0.05896	0.00394
14	0.02997	0.14149	0.01726	0.01260	0.01435	0.19404	0.03284	0.03422	0.05002	0.01364	0.00805	0.01077	0.00720	0.00703	0.01047	0.00178	0.40157	0.00403	0.00258	0.00608
15	0.74172	0.01007	0.00844	0.03640	0.01131	0.01154	0.00619	0.05441	0.00987	0.06018	0.00811	0.00918	0.00611	0.00492	0.00344	0.00159	0.00418	0.00305	0.00340	0.00588
16	0.00627	0.00525	0.00548	0.00556	0.00723	0.00447	0.00426	0.00769	0.01180	0.01421	0.07597	0.04962	0.70334	0.01299	0.00614	0.00178	0.00275	0.06601	0.00479	0.00438
17	0.01310	0.01234	0.02068	0.04800	0.68278	0.01248	0.04564	0.07090	0.01258	0.01780	0.00986	0.01274	0.00813	0.00469	0.00512	0.00154	0.00618	0.00463	0.00273	0.00807
18	0.01274	0.01312	0.02123	0.09103	0.28111	0.08142	0.25887	0.04701	0.05976	0.01687	0.03155	0.04021	0.01017	0.00535	0.00545	0.00162	0.00693	0.00547	0.00297	0.00714
19	0.00636	0.00453	0.00601	0.00716	0.00747	0.00425	0.00481	0.00726	0.00980	0.01305	0.02780	0.76421	0.03324	0.04540	0.00728	0.00220	0.00310	0.03720	0.00470	0.00415
20	0.00637	0.00455	0.00608	0.00727	0.00762	0.00427	0.00496	0.00734	0.00994	0.01323	0.02822	0.77360	0.03369	0.01597	0.00658	0.00210	0.00308	0.05619	0.00476	0.00420
21	0.06936	0.01283	0.02379	0.07944	0.09526	0.03952	0.46120	0.02689	0.01155	0.01632	0.01044	0.04778	0.00862	0.00536	0.00647	0.00174	0.06838	0.00572	0.00271	0.00662
22	0.01191	0.01342	0.02877	0.07885	0.02706	0.01294	0.69231	0.01608	0.01185	0.01608	0.01018	0.01375	0.00769	0.00452	0.00629	0.00174	0.03130	0.00590	0.00256	0.00679

[dist]
# distance from previous block
# <min> <max>
0	56

[block]
# block no. 1 follows, 48 sequences, length 36
# corresponding to MSA columns:
# 428-463
name=unknown_B
#
# <colnr> <probs for GDERKNQSTAVLIFYWHMCP>
#	G	D	E	R	K	N	Q	S	T	A	V	L	I	F	Y	W	H	M	C	P
0	0.00691	0.00511	0.00653	0.00739	0.00799	0.00499	0.00507	0.00914	0.07886	0.01442	0.08541	0.68568	0.03341	0.01483	0.00639	0.00202	0.00303	0.01340	0.00487	0.00457
1	0.00741	0.00495	0.00561	0.00566	0.00567	0.00494	0.00318	0.00745	0.00756	0.01008	0.01666	0.06538	0.01928	0.78702	0.02532	0.00486	0.00489	0.00775	0.00318	0.00315
2	0.00695	0.00512	0.00691	0.05951	0.00955	0.00505	0.00555	0.03226	0.01052	0.01405	0.06030	0.70326	0.03200	0.01479	0.00639	0.00202	0.00329	0.01337	0.00465	0.00444
3	0.01277	0.01252	0.01929	0.06984	0.63867	0.06327	0.01472	0.01606	0.03642	0.01638	0.01063	0.01470	0.00913	0.00514	0.00514	0.00156	0.00622	0.03711	0.00271	0.00771
4	0.05846	0.00957	0.01187	0.00927	0.01310	0.03156	0.00761	0.06372	0.03949	0.65970	0.01887	0.01663	0.01210	0.00625	0.00504	0.00158	0.00452	0.00499	0.01723	0.00844
5	0.01285	0.01247	0.01551	0.03308	0.06545	0.08657	0.03554	0.07027	0.04667	0.02766	0.00880	0.01176	0.00762	0.00712	0.01110	0.00181	0.42836	0.00434	0.00283	0.11018
6	0.00681	0.00520	0.00625	0.00604	0.00740	0.00464	0.00451	0.00879	0.01338	0.01798	0.50400	0.07007	0.30316	0.01156	0.00607	0.00167	0.00250	0.01001	0.00531	0.00464
7	0.01735	0.25052	0.04407	0.01192	0.01531	0.50340	0.00988	0.06520	0.01384	0.01376	0.00802	0.00920	0.00673	0.00507	0.00429	0.00128	0.00791	0.00324	0.00265	0.00636
8	0.00882	0.00683	0.00796	0.00799	0.00942	0.00712	0.00589	0.04626	0.21370	0.01740	0.12492	0.36742	0.08467	0.01196	0.00597	0.00187	0.00332	0.03498	0.02795	0.00554
9	0.17021	0.01233	0.01259	0.01026	0.01375	0.05187	0.00839	0.38372	0.06417	0.12611	0.01350	0.01509	0.01018	0.00773	0.03942	0.00189	0.00557	0.04093	0.00469	0.00760
10	0.09144	0.13343	0.42984	0.01398	0.02006	0.01310	0.14602	0.02919	0.01120	0.05235	0.00949	0.01109	0.00697	0.00479	0.00472	0.00156	0.00695	0.00402	0.00258	0.00721
11	0.00647	0.00462	0.00620	0.00739	0.00779	0.00436	0.00514	0.00752	0.01004	0.01334	0.02816	0.73433	0.03346	0.01587	0.00661	0.00211	0.00317	0.09443	0.00476	0.00423
12	0.01762	0.00996	0.01174	0.00974	0.01316	0.01026	0.00780	0.06617	0.36098	0.37549	0.02115	0.01900	0.03933	0.00684	0.00522	0.00166	0.00424	0.00561	0.00572	0.00831
13	0.07843	0.37211	0.07481	0.01189	0.04861	0.25831	0.03842	0.01730	0.01183	0.03476	0.00811	0.00939	0.00679	0.00479	0.00404	0.00130	0.00680	0.00326	0.00255	0.00652
14	0.00728	0.00570	0.00710	0.00757	0.00840	0.00580	0.00552	0.00945	0.06892	0.01420	0.06075	0.44713	0.16455	0.04079	0.00771	0.00211	0.05588	0.07189	0.00461	0.00463
15	0.00626	0.00501	0.00560	0.00592	0.00719	0.00436	0.00429	0.00756	0.01143	0.01428	0.11137	0.26243	0.49808	0.01364	0.00621	0.00183	0.00272	0.02264	0.00484	0.00434
16	0.00661	0.00523	0.00555	0.00560	0.00723	0.00444	0.00418	0.00795	0.01169	0.03505	0.07344	0.12247	0.65573	0.01305	0.00610	0.00177	0.00271	0.02191	0.00484	0.00446
17	0.05087	0.01506	0.12120	0.03177	0.03133	0.04390	0.20303	0.27781	0.01639	0.13950	0.01212	0.01304	0.00853	0.00542	0.00524	0.00160	0.00658	0.00483	0.00400	0.00780
18	0.01161	0.01335	0.04483	0.04673	0.02574	0.01233	0.67760	0.01571	0.01187	0.01610	0.01148	0.06616	0.00943	0.00513	0.00603	0.00175	0.00820	0.00651	0.00272	0.00671
19	0.01861	0.07879	0.01544	0.01311	0.03483	0.64677	0.00985	0.05254	0.03308	0.03870	0.00882	0.00990	0.00715	0.00532	0.00460	0.00134	0.00847	0.00347	0.00290	0.00631
20	0.07779	0.00808	0.02442	0.01125	0.08381	0.00925	0.00812	0.01099	0.00857	0.01339	0.01140	0.01744	0.01082	0.09435	0.39613	0.00524	0.17320	0.00506	0.00269	0.02800
21	0.00658	0.00517	0.00594	0.00585	0.00727	0.00453	0.00435	0.00832	0.01276	0.01663	0.35801	0.09481	0.42717	0.01214	0.00609	0.00171	0.00255	0.01042	0.00514	0.00453
22	0.78105	0.01032	0.00824	0.00720	0.01046	0.01190	0.00593	0.08271	0.01011	0.02386	0.00761	0.00869	0.00584	0.00489	0.00335	0.00158	0.00412	0.00294	0.00335	0.00584
23	0.01816	0.01358	0.01425	0.01121	0.01489	0.03897	0.00914	0.66135	0.02226	0.02984	0.01343	0.06504	0.01052	0.00677	0.00514	0.00155	0.00543	0.00524	0.04508	0.00815
24	0.00761	0.00535	0.00682	0.00639	0.00775	0.00486	0.00481	0.00988	0.01419	0.04373	0.67304	0.03901	0.13595	0.01066	0.00603	0.00163	0.00250	0.00934	0.00556	0.00490
25	0.00639	0.00498	0.00580	0.00608	0.00725	0.00439	0.00438	0.00781	0.01174	0.01511	0.20647	0.28607	0.38842	0.01340	0.00621	0.00182	0.00268	0.01166	0.00496	0.00439
26	0.01178	0.01101	0.01849	0.14474	0.50979	0.01153	0.04994	0.01503	0.02676	0.01637	0.02900	0.01408	0.00936	0.00513	0.00556	0.00157	0.04092	0.00479	0.06689	0.00726
27	0.01211	0.01384	0.03028	0.02163	0.02682	0.01298	0.76903	0.01644	0.01211	0.01644	0.01038	0.01384	0.00779	0.00433	0.00606	0.00173	0.00865	0.00606	0.00260	0.00692
28	0.07199	0.01008	0.01117	0.00908	0.01225	0.01057	0.00733	0.28863	0.08671	0.18650	0.04924	0.04104	0.01324	0.00659	0.00480	0.00151	0.00429	0.00522	0.15202	0.02773
29	0.03894	0.26596	0.21854	0.01000	0.01387	0.03679	0.02286	0.01378	0.03570	0.01418	0.04547	0.09901	0.03131	0.05498	0.04191	0.03650	0.00594	0.00537	0.00290	0.00600
30	0.01223	0.36080	0.02878	0.02015	0.01215	0.06443	0.00776	0.04731	0.04664	0.04075	0.18219	0.03839	0.04972	0.00768	0.02379	0.00154	0.00498	0.01908	0.00363	0.02800
31	0.03219	0.37078	0.10509	0.01066	0.01518	0.03109	0.08311	0.08218	0.01199	0.01593	0.02151	0.04003	0.01867	0.00515	0.00420	0.00127	0.00564	0.00404	0.00283	0.13846
32	0.08871	0.17156	0.27652	0.01088	0.01542	0.03529	0.01153	0.07220	0.01188	0.06129	0.01283	0.06863	0.01151	0.00757	0.02466	0.00177	0.00604	0.08862	0.00323	0.01988
33	0.02172	0.29829	0.30602	0.01094	0.01581	0.03663	0.01198	0.01567	0.03196	0.05979	0.03727	0.07912	0.01169	0.00634	0.00459	0.00150	0.00592	0.03505	0.00296	0.00676
34	0.03062	0.28675	0.17331	0.01105	0.01584	0.04301	0.01096	0.29046	0.01564	0.02067	0.01045	0.01120	0.02349	0.00533	0.00439	0.00138	0.00595	0.00383	0.00337	0.03230
35	0.01453	0.43767	0.19899	0.01077	0.01581	0.01694	0.01126	0.17479	0.01357	0.04895	0.00923	0.01006	0.00726	0.00495	0.00412	0.00133	0.00595	0.00348	0.00298	0.00735

[dist]
# distance from previous block
# <min> <max>
2	11

[block]
# block no. 2 follows, 48 sequences, length 17
# corresponding to MSA columns:
# 475-484,505-511
name=unknown_C
#
# <colnr> <probs for GDERKNQSTAVLIFYWHMCP>
#	G	D	E	R	K	N	Q	S	T	A	V	L	I	F	Y	W	H	M	C	P
0	0.05717	0.44011	0.08576	0.00935	0.01340	0.02836	0.00903	0.06129	0.05051	0.01545	0.03320	0.01298	0.00971	0.00738	0.05473	0.00173	0.00586	0.03136	0.00288	0.06975
1	0.04437	0.25682	0.22732	0.01003	0.01472	0.01302	0.01053	0.08835	0.01244	0.07113	0.06350	0.01383	0.02888	0.00551	0.00433	0.00137	0.00535	0.00416	0.05496	0.06939
2	0.06302	0.29601	0.10722	0.01123	0.01538	0.15470	0.06995	0.07622	0.01267	0.07672	0.01136	0.04198	0.03171	0.00562	0.00442	0.00141	0.00630	0.00426	0.00309	0.00673
3	0.06980	0.24278	0.36168	0.01127	0.01670	0.01343	0.02634	0.01579	0.05469	0.01602	0.04744	0.01291	0.03224	0.00529	0.00439	0.00144	0.00596	0.00401	0.00272	0.05509
4	0.00780	0.00557	0.00688	0.00644	0.00792	0.00512	0.00487	0.01041	0.04149	0.04783	0.57847	0.03913	0.19732	0.01072	0.00599	0.00164	0.00259	0.00932	0.00548	0.00500
5	0.00745	0.00502	0.00585	0.00585	0.00593	0.00511	0.00342	0.00762	0.00754	0.01013	0.01594	0.03232	0.01811	0.74616	0.09888	0.00528	0.00580	0.00728	0.00308	0.00325
6	0.85592	0.00992	0.00754	0.00675	0.00992	0.01151	0.00556	0.01508	0.00873	0.02302	0.00714	0.00834	0.00556	0.00476	0.00318	0.00159	0.00397	0.00278	0.00318	0.00556
7	0.00672	0.00507	0.00573	0.00577	0.00677	0.00460	0.00396	0.00785	0.01092	0.01410	0.19307	0.12062	0.34233	0.23637	0.01167	0.00264	0.00326	0.00995	0.00449	0.00408
8	0.07668	0.00844	0.00892	0.00832	0.01061	0.00912	0.00649	0.03702	0.35556	0.01921	0.10415	0.06009	0.20642	0.00941	0.00552	0.00176	0.00358	0.05745	0.00494	0.00631
9	0.08244	0.01253	0.01309	0.01080	0.01430	0.01416	0.00870	0.37990	0.35891	0.02676	0.01573	0.01505	0.01157	0.00641	0.00502	0.00163	0.00481	0.00500	0.00502	0.00821
10	0.00873	0.00547	0.00710	0.00690	0.00825	0.00502	0.00521	0.01073	0.01313	0.09631	0.43442	0.18663	0.09181	0.01139	0.00604	0.00174	0.00288	0.05761	0.03558	0.00506
11	0.00635	0.00487	0.00582	0.00629	0.00729	0.00434	0.00445	0.00765	0.01132	0.01464	0.16408	0.39465	0.32186	0.01397	0.00628	0.00187	0.00274	0.01227	0.00491	0.00434
12	0.01791	0.07380	0.01506	0.01250	0.01533	0.66337	0.00958	0.01932	0.01377	0.01285	0.00794	0.00936	0.00669	0.00522	0.00484	0.00129	0.03266	0.00328	0.00263	0.07260
13	0.00641	0.00475	0.00601	0.00685	0.00755	0.00435	0.00481	0.00758	0.01066	0.01393	0.08867	0.56266	0.18286	0.01494	0.00645	0.00200	0.00297	0.05745	0.00483	0.00428
14	0.01524	0.01224	0.01235	0.01066	0.01380	0.07451	0.00842	0.16135	0.47524	0.09584	0.01900	0.01843	0.02894	0.00691	0.00521	0.00167	0.00477	0.02236	0.00509	0.00797
15	0.01382	0.08829	0.37725	0.01449	0.04753	0.06126	0.09290	0.12676	0.01337	0.08227	0.01040	0.01167	0.00755	0.00520	0.00520	0.00157	0.02568	0.00419	0.00304	0.00757
16	0.03160	0.07451	0.01776	0.32521	0.28347	0.01280	0.01349	0.01404	0.01043	0.01447	0.00936	0.01390	0.00796	0.00571	0.00663	0.00169	0.11895	0.02902	0.00246	0.00654

[dist]
# distance from previous block
# <min> <max>
0	3

[block]
# block no. 3 follows, 48 sequences, length 17
# corresponding to MSA columns:
# 515-531
name=unknown_D
#
# <colnr> <probs for GDERKNQSTAVLIFYWHMCP>
#	G	D	E	R	K	N	Q	S	T	A	V	L	I	F	Y	W	H	M	C	P
0	0.01066	0.00967	0.04525	0.06627	0.04927	0.00969	0.05419	0.09789	0.19497	0.01905	0.15237	0.14021	0.05501	0.00952	0.02268	0.00189	0.02236	0.02821	0.00445	0.00638
1	0.03448	0.09010	0.21222	0.01268	0.01775	0.05185	0.15205	0.04101	0.01171	0.06006	0.01010	0.02537	0.00793	0.00486	0.00488	0.00136	0.02126	0.00417	0.00292	0.23325
2	0.04018	0.00596	0.00610	0.00570	0.00726	0.00616	0.00438	0.07837	0.02799	0.02057	0.07146	0.01954	0.01509	0.00630	0.00392	0.00128	0.00277	0.00504	0.66670	0.00523
3	0.00834	0.00552	0.00673	0.00633	0.00793	0.00489	0.00478	0.01023	0.01327	0.09362	0.41053	0.08918	0.29685	0.01129	0.00600	0.00168	0.00271	0.00974	0.00536	0.00501
4	0.04117	0.04619	0.22556	0.08032	0.24627	0.01240	0.18322	0.03710	0.01178	0.05277	0.01004	0.01243	0.00761	0.00477	0.00512	0.00160	0.00693	0.00459	0.00269	0.00743
5	0.01251	0.05737	0.16198	0.01934	0.04844	0.04331	0.52214	0.01675	0.01196	0.04054	0.01020	0.01293	0.00762	0.00453	0.00559	0.00165	0.00811	0.00531	0.00262	0.00708
6	0.00637	0.00484	0.00581	0.00634	0.00723	0.00435	0.00442	0.00758	0.01101	0.01426	0.13948	0.42353	0.28716	0.04428	0.00705	0.00201	0.00285	0.01233	0.00482	0.00428
7	0.01066	0.01032	0.03161	0.25898	0.37389	0.01076	0.02979	0.01357	0.01098	0.01505	0.03918	0.01737	0.06318	0.03433	0.03974	0.00202	0.02390	0.00531	0.00274	0.00662
8	0.03615	0.18089	0.16242	0.01513	0.15360	0.05450	0.03730	0.15890	0.05758	0.04753	0.01118	0.04268	0.00906	0.00557	0.00471	0.00149	0.00605	0.00448	0.00329	0.00747
9	0.00688	0.00484	0.00651	0.00727	0.00772	0.00479	0.00509	0.00786	0.00951	0.01283	0.05122	0.47324	0.02804	0.12352	0.12826	0.03382	0.00503	0.07531	0.00418	0.00409
10	0.00634	0.00483	0.00583	0.00638	0.00730	0.00432	0.00448	0.00760	0.01117	0.01449	0.15061	0.43947	0.29027	0.01419	0.00631	0.00189	0.00277	0.01251	0.00490	0.00432
11	0.00932	0.04154	0.01087	0.04745	0.09578	0.00765	0.03657	0.03863	0.05638	0.04349	0.07912	0.35179	0.05938	0.04633	0.03269	0.00217	0.00445	0.02666	0.00424	0.00548
12	0.03855	0.27687	0.26059	0.01297	0.01833	0.01527	0.12803	0.12194	0.03785	0.03001	0.00965	0.01097	0.00741	0.00490	0.00455	0.00146	0.00653	0.00397	0.00285	0.00730
13	0.01006	0.01017	0.04906	0.14531	0.17543	0.01021	0.13750	0.02325	0.01062	0.01465	0.01430	0.19388	0.01435	0.02946	0.04391	0.00220	0.08360	0.02293	0.00307	0.00603
14	0.01473	0.00707	0.00827	0.00702	0.00941	0.00685	0.00557	0.07869	0.03900	0.26971	0.05012	0.01885	0.01422	0.00634	0.00438	0.00139	0.00335	0.00512	0.44341	0.00650
15	0.04220	0.03462	0.33494	0.05807	0.13237	0.06813	0.03953	0.07749	0.03375	0.04290	0.03580	0.01503	0.01989	0.00573	0.00503	0.00161	0.00660	0.03603	0.00303	0.00723
16	0.01298	0.08895	0.18939	0.02185	0.37368	0.03087	0.07314	0.04405	0.05656	0.04461	0.01047	0.01243	0.00819	0.00488	0.00495	0.00153	0.00644	0.00442	0.00282	0.00777

[dist]
# distance from previous block
# <min> <max>
0	10

[block]
# block no. 4 follows, 48 sequences, length 7
# corresponding to MSA columns:
# 542-548
name=unknown_E
#
# <colnr> <probs for GDERKNQSTAVLIFYWHMCP>
#	G	D	E	R	K	N	Q	S	T	A	V	L	I	F	Y	W	H	M	C	P
0	0.01039	0.01220	0.12438	0.09412	0.12753	0.01038	0.20868	0.03520	0.01125	0.01549	0.01449	0.15027	0.01414	0.04352	0.00716	0.00196	0.04116	0.06832	0.00311	0.00625
1	0.00686	0.00488	0.00596	0.00640	0.00708	0.00457	0.00439	0.00800	0.01052	0.01415	0.15561	0.34461	0.14574	0.18141	0.01036	0.00253	0.00329	0.04007	0.03945	0.00413
2	0.01269	0.10189	0.16981	0.16428	0.13806	0.07135	0.09837	0.04999	0.01203	0.05548	0.02885	0.01345	0.00888	0.02587	0.00546	0.00163	0.00667	0.00452	0.02387	0.00687
3	0.04518	0.12703	0.13306	0.04221	0.18820	0.15066	0.05378	0.12440	0.05615	0.01788	0.00988	0.01146	0.00776	0.00509	0.00473	0.00148	0.00669	0.00408	0.00299	0.00731
4	0.00739	0.00537	0.00654	0.00661	0.00777	0.00505	0.00482	0.00875	0.01125	0.04996	0.15750	0.26643	0.31076	0.04878	0.04918	0.00231	0.03146	0.01077	0.00472	0.00457
5	0.00666	0.00471	0.00613	0.00701	0.00739	0.00447	0.00475	0.00764	0.00997	0.01336	0.08622	0.58104	0.03241	0.14013	0.00958	0.00251	0.00336	0.06400	0.00457	0.00410
6	0.10133	0.05731	0.10853	0.01276	0.01680	0.20678	0.09898	0.18922	0.04347	0.08042	0.01066	0.01159	0.00792	0.00547	0.00510	0.00153	0.02723	0.00417	0.00355	0.00717

[dist]
# distance from previous block
# <min> <max>
1	5

[block]
# block no. 5 follows, 48 sequences, length 13
# corresponding to MSA columns:
# 554-566
name=unknown_F
#
# <colnr> <probs for GDERKNQSTAVLIFYWHMCP>
#	G	D	E	R	K	N	Q	S	T	A	V	L	I	F	Y	W	H	M	C	P
0	0.03198	0.01377	0.10880	0.09561	0.24092	0.09547	0.05155	0.01554	0.01134	0.06992	0.01250	0.03015	0.04762	0.00614	0.00658	0.00165	0.11127	0.00493	0.03749	0.00678
1	0.01396	0.01211	0.01642	0.05150	0.06939	0.05026	0.12793	0.17524	0.03230	0.06091	0.02889	0.01300	0.00915	0.00555	0.00632	0.00146	0.10053	0.00453	0.00352	0.21701
2	0.00761	0.00590	0.00702	0.00679	0.00822	0.00569	0.00506	0.01119	0.11268	0.01842	0.44411	0.12820	0.19731	0.01120	0.00600	0.00171	0.00274	0.00977	0.00530	0.00508
3	0.80956	0.00986	0.00778	0.00688	0.01010	0.01129	0.00567	0.01564	0.00906	0.06578	0.00787	0.00884	0.00595	0.00485	0.00329	0.00159	0.00399	0.00291	0.00335	0.00573
4	0.00666	0.00466	0.00594	0.00672	0.00695	0.00450	0.00433	0.00732	0.00905	0.01210	0.02404	0.54778	0.02847	0.26047	0.04370	0.00320	0.00401	0.01207	0.00418	0.00386
5	0.00630	0.00467	0.00589	0.00671	0.00736	0.00426	0.00460	0.00741	0.01059	0.01389	0.09788	0.60121	0.18048	0.01500	0.00641	0.00198	0.00286	0.01340	0.00484	0.00426
6	0.00629	0.00495	0.00565	0.00615	0.00726	0.00437	0.00441	0.00744	0.01084	0.01351	0.04055	0.34107	0.43722	0.04191	0.00699	0.00201	0.00293	0.04751	0.00471	0.00425
7	0.01828	0.01934	0.01396	0.01205	0.01504	0.46663	0.00932	0.24893	0.05210	0.01947	0.01050	0.01136	0.00814	0.00568	0.00473	0.00140	0.00742	0.00393	0.06491	0.00681
8	0.01029	0.02654	0.79309	0.01462	0.02221	0.01192	0.01896	0.01625	0.01083	0.01625	0.00921	0.01083	0.00650	0.00487	0.00487	0.00162	0.00758	0.00379	0.00217	0.00758
9	0.00969	0.00912	0.01539	0.80734	0.03534	0.01140	0.01425	0.01311	0.01026	0.01311	0.00912	0.01368	0.00684	0.00513	0.00513	0.00171	0.00684	0.00456	0.00228	0.00570
10	0.00724	0.00505	0.00574	0.00574	0.00607	0.00499	0.00348	0.00758	0.00817	0.01070	0.02148	0.03498	0.13604	0.63596	0.08221	0.00473	0.00528	0.00783	0.00334	0.00341
11	0.00652	0.00509	0.00591	0.00597	0.00728	0.00448	0.00438	0.00814	0.01237	0.01609	0.30576	0.17545	0.39895	0.01264	0.00614	0.00175	0.00260	0.01092	0.00508	0.00448
12	0.01943	0.02338	0.01436	0.01294	0.01567	0.74477	0.00975	0.02080	0.01455	0.06598	0.00878	0.00982	0.00703	0.00536	0.00466	0.00134	0.00892	0.00343	0.00290	0.00614

[dist]
# distance from previous block
# <min> <max>
0	1

[block]
# block no. 6 follows, 48 sequences, length 26
# corresponding to MSA columns:
# 568-580,597-605,608-611
name=unknown_G
#
# <colnr> <probs for GDERKNQSTAVLIFYWHMCP>
#	G	D	E	R	K	N	Q	S	T	A	V	L	I	F	Y	W	H	M	C	P
0	0.01106	0.00937	0.01086	0.00780	0.01234	0.00727	0.00625	0.04849	0.01127	0.01745	0.00927	0.01072	0.00765	0.00391	0.00386	0.00080	0.00389	0.00311	0.00314	0.81149
1	0.01491	0.00933	0.01136	0.00862	0.01248	0.00822	0.00699	0.09609	0.01335	0.24618	0.04977	0.01563	0.04136	0.00570	0.00513	0.00123	0.04112	0.00449	0.00439	0.40365
2	0.01288	0.02886	0.05571	0.09749	0.11680	0.01234	0.49359	0.01677	0.01203	0.08552	0.01095	0.01379	0.00810	0.00464	0.00567	0.00167	0.00768	0.00550	0.00287	0.00713
3	0.00629	0.00511	0.00558	0.00566	0.00712	0.00440	0.00417	0.00773	0.01194	0.01491	0.17351	0.14501	0.56476	0.01296	0.00612	0.00176	0.00262	0.01104	0.00491	0.00440
4	0.02095	0.00981	0.01223	0.00947	0.01324	0.00939	0.00779	0.20880	0.01680	0.53789	0.03991	0.01688	0.01276	0.00640	0.00509	0.00155	0.00452	0.00512	0.05298	0.00840
5	0.00928	0.05925	0.00872	0.00720	0.00889	0.00608	0.00546	0.01110	0.01244	0.09794	0.34586	0.28333	0.03391	0.01091	0.00575	0.00166	0.00312	0.00962	0.00500	0.07447
6	0.01064	0.00912	0.01064	0.00760	0.01216	0.00684	0.00608	0.01292	0.01064	0.01672	0.00912	0.01064	0.00760	0.00380	0.00380	0.00076	0.00380	0.00304	0.00304	0.85104
7	0.00848	0.00676	0.00810	0.00861	0.00966	0.04312	0.02150	0.03997	0.06164	0.01512	0.02531	0.47925	0.02839	0.01365	0.00636	0.00204	0.00396	0.18773	0.02547	0.00489
8	0.00795	0.00643	0.00873	0.00866	0.00896	0.00760	0.00642	0.00897	0.00879	0.01249	0.01859	0.36125	0.02110	0.12345	0.13317	0.00343	0.21183	0.00938	0.02831	0.00448
9	0.01231	0.05540	0.31171	0.04575	0.15475	0.02225	0.10055	0.08986	0.04752	0.03019	0.01092	0.02828	0.00866	0.00555	0.00559	0.00164	0.03988	0.01887	0.00289	0.00742
10	0.01783	0.01614	0.01795	0.01395	0.01791	0.18806	0.16381	0.39409	0.04630	0.05562	0.01159	0.01241	0.00848	0.00563	0.00521	0.00154	0.00694	0.00469	0.00412	0.00772
11	0.00624	0.00451	0.00590	0.00702	0.00741	0.00418	0.00471	0.00716	0.00995	0.01315	0.02984	0.76594	0.08332	0.01587	0.00652	0.00206	0.00295	0.01434	0.00476	0.00418
12	0.04100	0.01072	0.04310	0.09716	0.01850	0.03694	0.25883	0.04812	0.03559	0.01586	0.01655	0.06395	0.08616	0.01021	0.07252	0.04214	0.02434	0.04025	0.03222	0.00583
13	0.04038	0.05830	0.11530	0.04582	0.36766	0.05512	0.02621	0.16130	0.01401	0.01936	0.03090	0.01306	0.01944	0.00524	0.00494	0.00152	0.00619	0.00450	0.00311	0.00766
14	0.01138	0.27855	0.55058	0.01277	0.01935	0.01457	0.01574	0.01597	0.01070	0.01493	0.00855	0.01001	0.00653	0.00472	0.00437	0.00146	0.00692	0.00346	0.00218	0.00727
15	0.00685	0.00504	0.00628	0.00682	0.00781	0.00462	0.00509	0.00811	0.01115	0.01442	0.13268	0.29561	0.26502	0.01419	0.00731	0.05771	0.00319	0.13909	0.00471	0.00427
16	0.01342	0.08832	0.14872	0.06468	0.24290	0.02585	0.06030	0.03554	0.05664	0.11788	0.02553	0.04233	0.01022	0.00575	0.00551	0.00159	0.03916	0.00493	0.00328	0.00743
17	0.01192	0.04226	0.20406	0.28781	0.18021	0.01203	0.05033	0.06469	0.01199	0.05348	0.02684	0.01325	0.00836	0.00513	0.00506	0.00161	0.00661	0.00452	0.00277	0.00706
18	0.01977	0.00852	0.01186	0.00948	0.01296	0.00763	0.03482	0.03479	0.02869	0.60209	0.04636	0.02282	0.01571	0.03292	0.00609	0.00179	0.00453	0.08538	0.00587	0.00792
19	0.08630	0.01253	0.01674	0.08003	0.13759	0.12756	0.17476	0.04096	0.01229	0.03778	0.06192	0.02948	0.03905	0.00579	0.00532	0.00154	0.02489	0.00518	0.03837	0.06192
20	0.03958	0.02726	0.08868	0.15121	0.28809	0.08547	0.06364	0.04021	0.03468	0.06512	0.03234	0.01464	0.03569	0.00542	0.00507	0.00157	0.00635	0.00480	0.00305	0.00712
21	0.01346	0.01147	0.01743	0.06098	0.47940	0.01191	0.01307	0.06758	0.14717	0.06754	0.01327	0.01629	0.01073	0.00569	0.00521	0.00162	0.00557	0.04018	0.00351	0.00793
22	0.15403	0.10073	0.04260	0.03747	0.12503	0.41043	0.02908	0.01795	0.01246	0.01506	0.00810	0.00978	0.00668	0.00497	0.00438	0.00140	0.00742	0.00346	0.00264	0.00633
23	0.01096	0.04265	0.01452	0.01739	0.27847	0.00955	0.03142	0.06264	0.01247	0.01691	0.01807	0.03397	0.01827	0.00920	0.00593	0.00188	0.00535	0.36138	0.00376	0.04519
24	0.04760	0.01119	0.01400	0.01284	0.12212	0.04073	0.05103	0.09205	0.06274	0.04061	0.01044	0.01191	0.00831	0.00479	0.00498	0.00121	0.04190	0.00389	0.00335	0.41429
25	0.00859	0.00590	0.00738	0.00714	0.00800	0.00638	0.00511	0.07087	0.00964	0.01382	0.01551	0.06067	0.01554	0.30351	0.33159	0.00542	0.00815	0.00644	0.10592	0.00441

[dist]
# distance from previous block
# <min> <max>
0	1

[block]
# block no. 7 follows, 48 sequences, length 14
# corresponding to MSA columns:
# 613-626
name=unknown_H
#
# <colnr> <probs for GDERKNQSTAVLIFYWHMCP>
#	G	D	E	R	K	N	Q	S	T	A	V	L	I	F	Y	W	H	M	C	P
0	0.01496	0.23453	0.01994	0.06556	0.22455	0.21504	0.04133	0.03663	0.01255	0.05286	0.03049	0.01165	0.00858	0.00502	0.00455	0.00138	0.00669	0.00397	0.00280	0.00691
1	0.00790	0.00491	0.00542	0.00547	0.00576	0.00490	0.00328	0.00849	0.00832	0.01219	0.01677	0.06074	0.01798	0.60048	0.02015	0.00399	0.00430	0.00712	0.19830	0.00354
2	0.06273	0.21454	0.03755	0.04244	0.01496	0.01467	0.05195	0.17321	0.09707	0.04596	0.02923	0.01307	0.00970	0.00704	0.03157	0.00177	0.10620	0.00438	0.03504	0.00693
3	0.00845	0.00690	0.01002	0.01042	0.06445	0.00818	0.00747	0.01056	0.03657	0.01247	0.01300	0.01968	0.01233	0.10655	0.53281	0.00640	0.12050	0.00550	0.00279	0.00496
4	0.00721	0.00510	0.00685	0.00712	0.00776	0.00542	0.00509	0.00848	0.00875	0.01235	0.01915	0.20677	0.04681	0.18621	0.38044	0.00547	0.00835	0.00812	0.06034	0.00420
5	0.00640	0.00484	0.00591	0.00642	0.00733	0.00435	0.00452	0.00773	0.01134	0.01485	0.18979	0.42803	0.26185	0.01401	0.00630	0.00188	0.00275	0.01238	0.00494	0.00435
6	0.00794	0.00523	0.00717	0.00803	0.00884	0.00502	0.00619	0.00931	0.01082	0.04612	0.06681	0.40066	0.03049	0.01477	0.00758	0.05924	0.00377	0.29286	0.00469	0.00447
7	0.00632	0.00513	0.00554	0.00573	0.00714	0.00444	0.00422	0.00760	0.01135	0.01390	0.07595	0.14736	0.57939	0.05698	0.00726	0.00198	0.00287	0.04783	0.00471	0.00428
8	0.01355	0.00934	0.01001	0.00841	0.01095	0.01004	0.00669	0.33449	0.07091	0.02462	0.08669	0.04446	0.04754	0.00715	0.00478	0.00147	0.00392	0.00576	0.29258	0.00666
9	0.01234	0.01182	0.02017	0.12462	0.69737	0.01210	0.01557	0.01543	0.01151	0.01632	0.00959	0.01282	0.00797	0.00464	0.00509	0.00155	0.00619	0.00457	0.00251	0.00784
10	0.01228	0.00963	0.01114	0.00986	0.01218	0.03042	0.04191	0.12026	0.30753	0.05738	0.01924	0.14795	0.01730	0.09324	0.05055	0.00243	0.00506	0.02244	0.02256	0.00664
11	0.00891	0.00653	0.00878	0.00857	0.02497	0.00749	0.00637	0.06323	0.00953	0.01392	0.01357	0.02048	0.01275	0.14292	0.44489	0.02767	0.07274	0.00552	0.09639	0.00477
12	0.01182	0.01204	0.03937	0.17125	0.38699	0.04282	0.11009	0.01572	0.05659	0.01634	0.05978	0.01583	0.01120	0.00541	0.00530	0.00162	0.00634	0.02145	0.00289	0.00713
13	0.03678	0.01545	0.21769	0.03956	0.09702	0.05686	0.07189	0.08138	0.10021	0.06722	0.01387	0.03794	0.01155	0.00648	0.00524	0.00166	0.00612	0.08342	0.00354	0.04611

[dist]
# distance from previous block
# <min> <max>
1	33

[block]
# block no. 8 follows, 48 sequences, length 16
# corresponding to MSA columns:
# 660-675
name=unknown_I
#
# <colnr> <probs for GDERKNQSTAVLIFYWHMCP>
#	G	D	E	R	K	N	Q	S	T	A	V	L	I	F	Y	W	H	M	C	P
0	0.07173	0.07113	0.15947	0.01361	0.08934	0.06502	0.08988	0.06506	0.04776	0.07462	0.01259	0.04990	0.03001	0.00638	0.01954	0.00163	0.02362	0.00482	0.00329	0.10059
1	0.03229	0.08631	0.45317	0.01331	0.03409	0.02606	0.05182	0.06970	0.01215	0.05987	0.02720	0.01330	0.00881	0.00533	0.00482	0.00154	0.00661	0.02835	0.00289	0.06239
2	0.00841	0.10215	0.04111	0.03346	0.01012	0.00735	0.00637	0.01065	0.04683	0.03332	0.14176	0.26351	0.18021	0.01209	0.01870	0.02448	0.00380	0.04628	0.00437	0.00505
3	0.00822	0.00733	0.04781	0.00808	0.00975	0.00650	0.02286	0.04247	0.08560	0.01572	0.08713	0.23364	0.19184	0.08847	0.00805	0.00220	0.00388	0.12087	0.00455	0.00504
4	0.00773	0.00501	0.00654	0.00654	0.00678	0.00525	0.00428	0.00776	0.00751	0.01026	0.01401	0.02624	0.01507	0.44314	0.23294	0.18126	0.00723	0.00631	0.00283	0.00332
5	0.01682	0.01056	0.01209	0.00983	0.01312	0.01104	0.00791	0.30810	0.14450	0.22313	0.09075	0.06004	0.05358	0.00758	0.00536	0.00163	0.00447	0.00620	0.00547	0.00782
6	0.01917	0.02445	0.01454	0.01322	0.01586	0.79907	0.00991	0.02049	0.01454	0.01256	0.00793	0.00925	0.00661	0.00529	0.00463	0.00132	0.00925	0.00330	0.00264	0.00595
7	0.04386	0.07206	0.01489	0.01022	0.01441	0.00910	0.11216	0.01880	0.01269	0.35469	0.04637	0.01496	0.01141	0.00534	0.00474	0.00134	0.00479	0.00461	0.00447	0.23907
8	0.01029	0.02654	0.79309	0.01462	0.02221	0.01192	0.01896	0.01625	0.01083	0.01625	0.00921	0.01083	0.00650	0.00487	0.00487	0.00162	0.00758	0.00379	0.00217	0.00758
9	0.01108	0.21053	0.61603	0.01327	0.02012	0.01385	0.01661	0.01605	0.01074	0.01528	0.00873	0.01023	0.00652	0.00476	0.00451	0.00150	0.00710	0.00355	0.00217	0.00735
10	0.01040	0.02389	0.66122	0.01593	0.08236	0.01169	0.05638	0.01586	0.01100	0.01620	0.01103	0.01269	0.03821	0.00515	0.00500	0.00163	0.00732	0.00425	0.00232	0.00746
11	0.00714	0.00543	0.00636	0.00622	0.00743	0.00488	0.00432	0.00830	0.01037	0.01380	0.12475	0.18642	0.24002	0.21568	0.04539	0.00278	0.00386	0.00946	0.00419	0.09320
12	0.00700	0.00494	0.00557	0.00575	0.00614	0.00473	0.00351	0.00739	0.00866	0.01120	0.02515	0.15351	0.17452	0.53825	0.01918	0.00389	0.00420	0.00920	0.00369	0.00351
13	0.01148	0.05674	0.05463	0.00888	0.01103	0.03677	0.00746	0.07317	0.02466	0.10674	0.07908	0.11187	0.08211	0.01431	0.14879	0.01992	0.07582	0.00669	0.06403	0.00580
14	0.01216	0.10041	0.37669	0.01849	0.20954	0.04961	0.07852	0.03975	0.03735	0.01647	0.00963	0.01153	0.00740	0.00483	0.00487	0.00154	0.00700	0.00414	0.00251	0.00754
15	0.01153	0.09561	0.30976	0.04282	0.10584	0.03831	0.09359	0.01529	0.01125	0.04786	0.05033	0.05790	0.01134	0.00623	0.00589	0.00165	0.06046	0.02462	0.00284	0.00687

[dist]
# distance from previous block
# <min> <max>
0	2

[block]
# block no. 9 follows, 48 sequences, length 9
# corresponding to MSA columns:
# 678-686
name=unknown_J
#
# <colnr> <probs for GDERKNQSTAVLIFYWHMCP>
#	G	D	E	R	K	N	Q	S	T	A	V	L	I	F	Y	W	H	M	C	P
0	0.08669	0.01005	0.01203	0.00937	0.01314	0.00987	0.00771	0.21867	0.01644	0.48332	0.01692	0.01550	0.01113	0.00615	0.00490	0.00155	0.00455	0.00481	0.05898	0.00823
1	0.01028	0.10581	0.15897	0.01060	0.06656	0.00961	0.00920	0.01417	0.08856	0.04894	0.10316	0.11839	0.10265	0.00833	0.00550	0.00163	0.02917	0.02046	0.08183	0.00616
2	0.01006	0.00620	0.00739	0.00720	0.00862	0.02421	0.00532	0.01197	0.03517	0.13792	0.14828	0.24123	0.11124	0.08866	0.02522	0.00222	0.00372	0.04989	0.07033	0.00517
3	0.01583	0.01342	0.01585	0.05974	0.18237	0.08677	0.03561	0.38444	0.01779	0.02357	0.01251	0.07565	0.01040	0.00639	0.00516	0.00156	0.00592	0.00532	0.03409	0.00761
4	0.07402	0.00533	0.00583	0.00584	0.00616	0.00542	0.00350	0.00812	0.00802	0.01164	0.04693	0.09186	0.01998	0.66183	0.02202	0.00435	0.00464	0.00771	0.00334	0.00345
5	0.01391	0.12439	0.32807	0.01307	0.01810	0.05223	0.03467	0.22837	0.01440	0.01963	0.00951	0.01097	0.00721	0.00564	0.00612	0.00159	0.09762	0.00401	0.00305	0.00746
6	0.00729	0.00530	0.00741	0.00746	0.00814	0.00585	0.00545	0.00867	0.00852	0.01203	0.05943	0.07462	0.01755	0.21621	0.52487	0.00672	0.01039	0.00674	0.00313	0.00423
7	0.01612	0.08803	0.03623	0.01028	0.01429	0.01366	0.00874	0.45695	0.05629	0.02583	0.01200	0.01250	0.00897	0.00559	0.00462	0.00135	0.00504	0.00423	0.07191	0.14736
8	0.00814	0.00593	0.00745	0.00695	0.00836	0.00567	0.00529	0.06789	0.01482	0.02065	0.63134	0.07575	0.07507	0.01067	0.00604	0.00166	0.00278	0.03497	0.00550	0.00508

[dist]
# distance from previous block
# <min> <max>
6	10

[block]
# block no. 10 follows, 48 sequences, length 6
# corresponding to MSA columns:
# 697,701-705
name=unknown_K
#
# <colnr> <probs for GDERKNQSTAVLIFYWHMCP>
#	G	D	E	R	K	N	Q	S	T	A	V	L	I	F	Y	W	H	M	C	P
0	0.61274	0.00984	0.00866	0.00783	0.01080	0.01117	0.00653	0.11081	0.01119	0.02298	0.01103	0.01682	0.00982	0.00646	0.00405	0.00171	0.00430	0.12376	0.00367	0.00583
1	0.01331	0.05828	0.04594	0.15862	0.25274	0.06682	0.12675	0.04579	0.06808	0.07127	0.01163	0.03757	0.00928	0.00539	0.00516	0.00159	0.00647	0.00501	0.00311	0.00721
2	0.01062	0.00605	0.00809	0.00751	0.00817	0.00630	0.00531	0.12960	0.00949	0.01268	0.00946	0.01507	0.00888	0.01595	0.01765	0.71407	0.00465	0.00448	0.00270	0.00327
3	0.03489	0.15411	0.04843	0.01337	0.07497	0.05424	0.09394	0.26285	0.06086	0.06254	0.01282	0.06423	0.01063	0.00627	0.00497	0.00154	0.00585	0.02215	0.00389	0.00743
4	0.01046	0.10825	0.39577	0.01251	0.06319	0.01121	0.01291	0.05132	0.01061	0.01498	0.01094	0.01605	0.00968	0.16878	0.07971	0.00281	0.00719	0.00464	0.00258	0.00641
5	0.12068	0.30566	0.12172	0.01052	0.06054	0.03878	0.00943	0.06645	0.03442	0.03565	0.01590	0.01635	0.13246	0.00617	0.00432	0.00143	0.00521	0.00460	0.00316	0.00654

[dist]
# distance from previous block
# <min> <max>
0	1

[block]
# block no. 11 follows, 48 sequences, length 28
# corresponding to MSA columns:
# 707-715,722-740
name=unknown_L
#
# <colnr> <probs for GDERKNQSTAVLIFYWHMCP>
#	G	D	E	R	K	N	Q	S	T	A	V	L	I	F	Y	W	H	M	C	P
0	0.05462	0.71233	0.04647	0.00901	0.01336	0.04656	0.00892	0.01581	0.01061	0.03300	0.00756	0.00858	0.00669	0.00450	0.00343	0.00116	0.00558	0.00286	0.00237	0.00660
1	0.05440	0.07438	0.19702	0.01086	0.03394	0.01013	0.03660	0.06333	0.04351	0.20559	0.16158	0.01925	0.04019	0.00720	0.01826	0.00169	0.00518	0.00551	0.00431	0.00710
2	0.01248	0.01689	0.32193	0.01231	0.01778	0.03089	0.09019	0.04530	0.03165	0.10407	0.05216	0.01353	0.01015	0.00513	0.00484	0.00141	0.00601	0.00435	0.00328	0.21564
3	0.00802	0.00596	0.00846	0.00916	0.01027	0.00592	0.03377	0.01041	0.03873	0.01481	0.02617	0.24667	0.02893	0.04794	0.00765	0.00236	0.00440	0.48103	0.00461	0.00471
4	0.01161	0.04668	0.11137	0.02818	0.25659	0.01158	0.03361	0.03277	0.24576	0.01826	0.07718	0.01907	0.07208	0.00646	0.00520	0.00162	0.00516	0.00566	0.00376	0.00739
5	0.01144	0.00955	0.01201	0.00867	0.01320	0.00758	0.05283	0.02964	0.03025	0.04675	0.00998	0.01134	0.00803	0.00406	0.00405	0.00089	0.00416	0.00341	0.00324	0.72893
6	0.00774	0.00578	0.00805	0.00856	0.04104	0.00614	0.01681	0.00901	0.00905	0.01260	0.01948	0.16837	0.06534	0.18659	0.26971	0.02615	0.03974	0.05136	0.04410	0.00437
7	0.00969	0.00912	0.01539	0.80734	0.03534	0.01140	0.01425	0.01311	0.01026	0.01311	0.00912	0.01368	0.00684	0.00513	0.00513	0.00171	0.00684	0.00456	0.00228	0.00570
8	0.01184	0.01065	0.01521	0.20505	0.21421	0.01184	0.03565	0.04774	0.29402	0.01832	0.05295	0.03432	0.01319	0.00619	0.00526	0.00167	0.00534	0.00553	0.00377	0.00728
9	0.00701	0.00521	0.00653	0.00625	0.00752	0.00473	0.00467	0.00918	0.01386	0.01912	0.62785	0.06433	0.18251	0.01112	0.00607	0.00165	0.00247	0.00973	0.00546	0.00473
10	0.00723	0.00529	0.00689	0.00770	0.00864	0.00504	0.00595	0.02106	0.01141	0.01495	0.09723	0.36942	0.13360	0.01435	0.00660	0.00208	0.00353	0.26967	0.00483	0.00452
11	0.00662	0.00488	0.00608	0.00646	0.00730	0.00447	0.00452	0.00802	0.01154	0.01546	0.27580	0.37438	0.17757	0.06345	0.00751	0.00205	0.00285	0.01174	0.00495	0.00435
12	0.00670	0.00502	0.00566	0.00580	0.00669	0.00458	0.00391	0.00767	0.01043	0.01338	0.13351	0.16423	0.32612	0.26913	0.01250	0.00280	0.00339	0.01015	0.00436	0.00398
13	0.01153	0.09816	0.21788	0.03241	0.10294	0.01091	0.03118	0.01585	0.07254	0.03201	0.01020	0.01165	0.00800	0.00458	0.00440	0.00125	0.00545	0.00376	0.00288	0.32241
14	0.12213	0.02030	0.01190	0.02661	0.03476	0.03771	0.00785	0.09346	0.04341	0.43279	0.02672	0.01743	0.01217	0.02449	0.00539	0.00166	0.00470	0.03667	0.00516	0.03469
15	0.01625	0.25197	0.04122	0.01383	0.13538	0.08742	0.01033	0.23843	0.04683	0.08067	0.01093	0.01189	0.00851	0.01886	0.00489	0.00146	0.00588	0.00406	0.00362	0.00760
16	0.03728	0.01272	0.05417	0.22412	0.42422	0.05650	0.06312	0.02531	0.01154	0.01598	0.00952	0.01271	0.00763	0.00480	0.00504	0.00157	0.00657	0.00451	0.01554	0.00717
17	0.00700	0.00500	0.00639	0.00713	0.00776	0.00481	0.00515	0.00804	0.00990	0.01292	0.02772	0.35551	0.12548	0.16625	0.04095	0.02754	0.00413	0.16996	0.00430	0.00407
18	0.04795	0.13324	0.05507	0.01052	0.01466	0.13815	0.06937	0.07519	0.01245	0.01688	0.03680	0.01137	0.00871	0.00478	0.00448	0.00117	0.01953	0.00368	0.00302	0.33295
19	0.04071	0.08088	0.12268	0.03556	0.03956	0.08689	0.08097	0.10814	0.05066	0.09963	0.08669	0.01522	0.02110	0.00614	0.00586	0.00156	0.06708	0.00486	0.00366	0.04216
20	0.00724	0.00534	0.00606	0.00620	0.00774	0.00466	0.00472	0.00868	0.01172	0.05361	0.08159	0.16327	0.51718	0.01312	0.00620	0.00184	0.00296	0.08839	0.00489	0.00460
21	0.00711	0.00555	0.00691	0.00773	0.03617	0.00510	0.00573	0.00882	0.01172	0.01499	0.12949	0.15001	0.34119	0.03410	0.00689	0.00201	0.00340	0.21376	0.00474	0.00458
22	0.04800	0.25137	0.14418	0.06741	0.04549	0.07646	0.09174	0.03647	0.09628	0.05775	0.01102	0.03304	0.00884	0.00535	0.00458	0.00148	0.00623	0.00433	0.00303	0.00696
23	0.01200	0.08012	0.10660	0.07479	0.34121	0.01241	0.08424	0.04489	0.09238	0.01683	0.01220	0.07736	0.01058	0.00584	0.00514	0.00160	0.00602	0.00540	0.00302	0.00736
24	0.00662	0.00508	0.00617	0.00661	0.00774	0.00463	0.00494	0.00813	0.01147	0.01479	0.15215	0.27875	0.32645	0.01446	0.03028	0.00210	0.00330	0.10709	0.00483	0.00442
25	0.01238	0.01383	0.09055	0.07836	0.45968	0.04911	0.13131	0.01613	0.04196	0.01617	0.01003	0.01295	0.00809	0.00513	0.00565	0.02721	0.00669	0.00472	0.00260	0.00745
26	0.01437	0.11088	0.27564	0.03798	0.05035	0.11737	0.04310	0.11387	0.09708	0.07415	0.01134	0.01219	0.00839	0.00535	0.00482	0.00153	0.00666	0.00418	0.00328	0.00748
27	0.00975	0.00981	0.09027	0.01119	0.05157	0.03350	0.06961	0.04334	0.01036	0.03667	0.03420	0.12661	0.01588	0.14723	0.21912	0.00402	0.05247	0.02574	0.00329	0.00537

[dist]
# distance from previous block
# <min> <max>
0	63

# created by:
# /home/cegg/simao/soft/augustus-3.2.1/scripts/msa2prfl.pl ./align_prep/EOG091G0IXA.fa
