[name]
unknown

[dist]
# distance from previous block
# <min> <max>
2	96

[block]
# block no. 0 follows, 50 sequences, length 23
# corresponding to MSA columns:
# 146-152,162-177
name=unknown_A
#
# <colnr> <probs for GDERKNQSTAVLIFYWHMCP>
#	G	D	E	R	K	N	Q	S	T	A	V	L	I	F	Y	W	H	M	C	P
0	0.02537	0.12070	0.18585	0.02594	0.01379	0.01003	0.05160	0.08462	0.03643	0.02835	0.05089	0.23743	0.04507	0.03156	0.00592	0.01356	0.00495	0.00730	0.00356	0.01708
1	0.02775	0.07492	0.10482	0.02190	0.05007	0.00911	0.06209	0.06306	0.04073	0.12390	0.05860	0.12481	0.08939	0.04432	0.05026	0.00208	0.00519	0.00667	0.03418	0.00613
2	0.01162	0.05535	0.10268	0.03792	0.06419	0.05521	0.02124	0.05388	0.03273	0.07907	0.03026	0.04580	0.03708	0.11433	0.03754	0.00209	0.03525	0.00514	0.05335	0.12527
3	0.00944	0.02413	0.01005	0.03472	0.01136	0.02112	0.03084	0.05496	0.04189	0.01686	0.17502	0.09382	0.13470	0.00794	0.00545	0.00138	0.03624	0.00669	0.00397	0.27943
4	0.01084	0.03036	0.01105	0.00942	0.06207	0.03480	0.00689	0.03847	0.03847	0.04121	0.04031	0.07633	0.02351	0.01946	0.03452	0.00144	0.01845	0.02599	0.00340	0.47301
5	0.01412	0.01167	0.05379	0.05425	0.11624	0.09785	0.01999	0.12605	0.02363	0.15692	0.05096	0.07666	0.02747	0.06761	0.00650	0.00173	0.00529	0.00555	0.00394	0.07977
6	0.00961	0.04368	0.01140	0.06089	0.01194	0.05688	0.00791	0.01146	0.04540	0.01206	0.01164	0.06004	0.01148	0.11304	0.23467	0.03136	0.24182	0.00541	0.00272	0.01660
7	0.03077	0.00932	0.02649	0.12503	0.09964	0.03705	0.11716	0.04624	0.03909	0.06288	0.03736	0.23670	0.04344	0.03557	0.00612	0.00179	0.00513	0.00767	0.00366	0.02888
8	0.01278	0.06540	0.05806	0.16766	0.15477	0.04663	0.07320	0.08850	0.09034	0.06718	0.04533	0.01475	0.01052	0.00543	0.00489	0.00150	0.00575	0.01888	0.00333	0.06511
9	0.01331	0.00911	0.01111	0.00885	0.04468	0.00757	0.00676	0.07286	0.01221	0.16914	0.02722	0.01259	0.00940	0.00457	0.00414	0.00101	0.00396	0.00370	0.02654	0.55126
10	0.00895	0.00782	0.01260	0.42517	0.08001	0.00875	0.03498	0.01173	0.01121	0.02909	0.18891	0.07318	0.07280	0.00733	0.00536	0.00165	0.00511	0.00657	0.00338	0.00543
11	0.01174	0.01356	0.11308	0.04831	0.04409	0.01155	0.47133	0.06099	0.01202	0.04153	0.01130	0.03517	0.00902	0.00682	0.04984	0.00200	0.00779	0.02346	0.00285	0.02355
12	0.01572	0.00806	0.01026	0.02557	0.01172	0.00776	0.00685	0.07372	0.10809	0.38251	0.25141	0.03782	0.02312	0.00759	0.00530	0.00158	0.00375	0.00641	0.00563	0.00713
13	0.00866	0.00433	0.00649	0.00649	0.00649	0.00433	0.00433	0.00649	0.00649	0.00866	0.00866	0.01515	0.00866	0.01732	0.01948	0.85498	0.00433	0.00433	0.00216	0.00216
14	0.00646	0.00479	0.00602	0.00630	0.00723	0.00436	0.00450	0.00803	0.01182	0.01595	0.35595	0.34451	0.18024	0.01276	0.00607	0.00177	0.00259	0.01130	0.00499	0.00436
15	0.02725	0.05963	0.68269	0.01375	0.02050	0.01194	0.03823	0.02778	0.01073	0.01602	0.02610	0.01106	0.00727	0.00491	0.00492	0.00157	0.02237	0.00382	0.00226	0.00719
16	0.03589	0.01751	0.01363	0.01168	0.01477	0.36470	0.00911	0.26319	0.18268	0.02042	0.01176	0.01199	0.00895	0.00575	0.00474	0.00144	0.00667	0.00413	0.00389	0.00709
17	0.00657	0.00481	0.00619	0.00708	0.00768	0.00459	0.00500	0.00813	0.03767	0.01354	0.06273	0.59805	0.08638	0.03847	0.00688	0.00208	0.00312	0.09215	0.00463	0.00425
18	0.07286	0.30765	0.06183	0.12174	0.04730	0.09216	0.05609	0.08339	0.01190	0.05098	0.00961	0.04618	0.00812	0.00525	0.00426	0.00139	0.00594	0.00406	0.00284	0.00646
19	0.09942	0.03794	0.01289	0.01148	0.07130	0.01237	0.00859	0.13633	0.30309	0.11136	0.04470	0.01541	0.01232	0.00645	0.00603	0.00164	0.09203	0.00490	0.00440	0.00736
20	0.00865	0.00742	0.03148	0.05505	0.05852	0.00699	0.05747	0.01078	0.01140	0.04995	0.23567	0.06697	0.18210	0.04489	0.06883	0.00225	0.05092	0.00765	0.00404	0.03899
21	0.01172	0.21598	0.41480	0.04911	0.07146	0.01341	0.05207	0.03684	0.01101	0.04303	0.00900	0.01057	0.00682	0.00464	0.00443	0.00143	0.00653	0.00368	0.00241	0.03105
22	0.05201	0.17211	0.31210	0.02543	0.02740	0.02778	0.04188	0.09061	0.03279	0.03153	0.01099	0.01218	0.03756	0.00569	0.02037	0.00153	0.00611	0.00393	0.00282	0.08517

[dist]
# distance from previous block
# <min> <max>
0	1

[block]
# block no. 1 follows, 50 sequences, length 6
# corresponding to MSA columns:
# 179-184
name=unknown_B
#
# <colnr> <probs for GDERKNQSTAVLIFYWHMCP>
#	G	D	E	R	K	N	Q	S	T	A	V	L	I	F	Y	W	H	M	C	P
0	0.01266	0.08809	0.17719	0.05354	0.19504	0.05620	0.16386	0.05255	0.03075	0.06208	0.03691	0.01361	0.02478	0.00509	0.00497	0.00152	0.00650	0.00468	0.00291	0.00708
1	0.01094	0.01040	0.01739	0.14310	0.39950	0.01096	0.06732	0.01369	0.01038	0.01480	0.00955	0.01314	0.00807	0.00874	0.10171	0.00230	0.07372	0.00452	0.00247	0.07730
2	0.00899	0.00809	0.00905	0.06851	0.01146	0.10164	0.03524	0.05499	0.01200	0.01537	0.17649	0.40324	0.05256	0.01138	0.00582	0.00176	0.00414	0.01009	0.00431	0.00486
3	0.70207	0.01008	0.00853	0.00730	0.01055	0.01143	0.00602	0.10665	0.01067	0.07636	0.00841	0.00917	0.00624	0.00489	0.00344	0.00154	0.00408	0.00307	0.00352	0.00598
4	0.00679	0.00514	0.00627	0.00673	0.00767	0.00488	0.00484	0.00890	0.06103	0.01463	0.15698	0.39624	0.19131	0.04588	0.00690	0.00199	0.00299	0.06169	0.00473	0.00443
5	0.00981	0.00636	0.00810	0.00731	0.00917	0.00596	0.02620	0.03036	0.06613	0.13415	0.30567	0.10867	0.19923	0.03032	0.00623	0.00174	0.00320	0.03089	0.00511	0.00542

[dist]
# distance from previous block
# <min> <max>
0	34

[block]
# block no. 2 follows, 50 sequences, length 54
# corresponding to MSA columns:
# 219-243,249-253,262-285
name=unknown_C
#
# <colnr> <probs for GDERKNQSTAVLIFYWHMCP>
#	G	D	E	R	K	N	Q	S	T	A	V	L	I	F	Y	W	H	M	C	P
0	0.01187	0.41365	0.20232	0.01226	0.03225	0.01548	0.12954	0.01518	0.03252	0.01363	0.00873	0.01080	0.00731	0.02198	0.03568	0.00167	0.02250	0.00374	0.00232	0.00658
1	0.00615	0.00440	0.00588	0.00703	0.00736	0.00412	0.00477	0.00708	0.00962	0.01282	0.02743	0.78971	0.03279	0.01554	0.00638	0.00204	0.00296	0.04522	0.00463	0.00407
2	0.01155	0.03176	0.01547	0.01293	0.01325	0.05707	0.01075	0.02924	0.00838	0.01242	0.00673	0.01076	0.00658	0.00836	0.01516	0.00209	0.73542	0.00426	0.00226	0.00556
3	0.01099	0.00949	0.01067	0.00773	0.01209	0.02675	0.00618	0.05268	0.01111	0.01694	0.00899	0.01039	0.00742	0.00385	0.00378	0.00079	0.00392	0.00304	0.00305	0.79014
4	0.01269	0.43659	0.19615	0.01048	0.03018	0.01547	0.01066	0.05575	0.04349	0.04909	0.05002	0.02528	0.00972	0.00529	0.00442	0.00134	0.02998	0.00383	0.00280	0.00675
5	0.00665	0.00504	0.00612	0.00593	0.00722	0.00452	0.00442	0.00859	0.01303	0.01762	0.52536	0.08139	0.27349	0.01122	0.00591	0.00163	0.00243	0.00974	0.00518	0.00452
6	0.00730	0.00484	0.00561	0.00561	0.00566	0.00488	0.00324	0.00730	0.00726	0.00972	0.01529	0.03121	0.01743	0.75023	0.06571	0.04039	0.00525	0.00703	0.00297	0.00306
7	0.31260	0.05183	0.01097	0.00817	0.01176	0.00971	0.00681	0.04770	0.02754	0.44411	0.01431	0.01327	0.00953	0.00554	0.00425	0.00152	0.00420	0.00408	0.00482	0.00729
8	0.01340	0.04053	0.02875	0.00832	0.01103	0.00840	0.00679	0.01900	0.23318	0.24657	0.25313	0.02392	0.04371	0.00760	0.00519	0.00157	0.00360	0.00641	0.03208	0.00683
9	0.01206	0.00912	0.01188	0.05373	0.01319	0.04026	0.07713	0.06095	0.03739	0.12622	0.01529	0.03124	0.05301	0.19237	0.01053	0.00225	0.07284	0.02392	0.00362	0.15301
10	0.01072	0.00878	0.01027	0.00743	0.01172	0.00673	0.00594	0.02544	0.01077	0.04236	0.02295	0.01187	0.02601	0.00412	0.00384	0.00081	0.00369	0.00332	0.00317	0.78005
11	0.00941	0.00886	0.01495	0.81285	0.03433	0.01107	0.01384	0.01274	0.00997	0.01274	0.00886	0.01329	0.00664	0.00498	0.00498	0.00166	0.00664	0.00443	0.00221	0.00554
12	0.00654	0.00509	0.00600	0.00636	0.00751	0.00466	0.00467	0.00842	0.04105	0.01466	0.15924	0.29805	0.33963	0.01306	0.00608	0.00182	0.00282	0.06515	0.00478	0.00441
13	0.01333	0.82783	0.02612	0.00853	0.01279	0.01972	0.00853	0.01493	0.01013	0.01173	0.00693	0.00800	0.00640	0.00426	0.00320	0.00107	0.00533	0.00267	0.00213	0.00640
14	0.00614	0.00495	0.00549	0.00573	0.00707	0.00430	0.00424	0.00747	0.01127	0.01400	0.11462	0.19843	0.53727	0.01303	0.00603	0.00177	0.00268	0.04657	0.00471	0.00424
15	0.00611	0.00463	0.00564	0.00630	0.00710	0.00416	0.00438	0.00724	0.01053	0.01363	0.10593	0.51114	0.26683	0.01419	0.00617	0.00188	0.00273	0.01257	0.00471	0.00416
16	0.01047	0.01034	0.01612	0.01336	0.01422	0.01330	0.12564	0.01198	0.00826	0.01240	0.00810	0.01284	0.00766	0.02788	0.10439	0.02870	0.56191	0.00476	0.00230	0.00538
17	0.01156	0.06554	0.19252	0.10357	0.03302	0.01144	0.18919	0.07414	0.02174	0.05662	0.01128	0.04740	0.00933	0.02506	0.04881	0.03494	0.04023	0.01429	0.00289	0.00641
18	0.01430	0.01660	0.01117	0.01025	0.01228	0.49873	0.00769	0.01599	0.01394	0.01511	0.27037	0.01890	0.02032	0.00686	0.00491	0.00137	0.00645	0.00522	0.04416	0.00536
19	0.00935	0.00798	0.09682	0.00731	0.00971	0.00585	0.00650	0.01190	0.02342	0.12294	0.32650	0.03415	0.23510	0.00961	0.00557	0.00161	0.00334	0.03932	0.03759	0.00542
20	0.00925	0.01000	0.09147	0.22085	0.05969	0.00948	0.05721	0.01315	0.08071	0.01516	0.10542	0.03585	0.09585	0.00890	0.03710	0.00198	0.06500	0.07379	0.00338	0.00574
21	0.00866	0.00433	0.00649	0.00649	0.00649	0.00433	0.00433	0.00649	0.00649	0.00866	0.00866	0.01515	0.00866	0.01732	0.01948	0.85498	0.00433	0.00433	0.00216	0.00216
22	0.01176	0.01345	0.02941	0.02101	0.02605	0.01261	0.77563	0.01597	0.01176	0.01597	0.01008	0.01345	0.00756	0.00420	0.00588	0.00168	0.00840	0.00588	0.00252	0.00672
23	0.01106	0.01037	0.01700	0.30855	0.19724	0.02492	0.12400	0.07485	0.03158	0.01605	0.04825	0.04895	0.01109	0.00677	0.03047	0.00183	0.00643	0.02128	0.00294	0.00638
24	0.01179	0.01285	0.05304	0.01422	0.17217	0.21967	0.00950	0.03823	0.03533	0.01450	0.01632	0.22496	0.01705	0.03485	0.00607	0.00179	0.00576	0.10269	0.00347	0.00576
25	0.00715	0.00522	0.00741	0.00739	0.00810	0.00587	0.00548	0.00857	0.00810	0.01151	0.04588	0.02309	0.01509	0.20435	0.60573	0.00707	0.01108	0.00590	0.00286	0.00416
26	0.01097	0.01021	0.01686	0.48761	0.30799	0.01158	0.01414	0.05402	0.01118	0.01501	0.00921	0.01287	0.00719	0.00484	0.00497	0.00159	0.00632	0.00444	0.00245	0.00655
27	0.00941	0.00920	0.05411	0.37504	0.13160	0.00977	0.01135	0.01226	0.03129	0.01318	0.03206	0.01669	0.01018	0.10259	0.09781	0.03032	0.04012	0.00497	0.00255	0.00549
28	0.00654	0.00507	0.00591	0.00570	0.00707	0.00449	0.00425	0.00834	0.01269	0.01679	0.43924	0.04189	0.37816	0.03412	0.00643	0.00171	0.00250	0.00964	0.00504	0.00444
29	0.01635	0.21196	0.01687	0.03694	0.01478	0.08917	0.00899	0.44009	0.01799	0.02302	0.01236	0.01280	0.04916	0.00580	0.00452	0.00138	0.00559	0.00425	0.02066	0.00732
30	0.00743	0.00534	0.00760	0.00765	0.00821	0.00602	0.00567	0.00837	0.00797	0.01120	0.01466	0.10733	0.01516	0.14040	0.45475	0.10683	0.05043	0.02808	0.00290	0.00399
31	0.05075	0.05316	0.04851	0.05632	0.03075	0.00961	0.00851	0.10810	0.03852	0.45314	0.03618	0.01569	0.01162	0.00759	0.04709	0.00187	0.00517	0.00477	0.00497	0.00769
32	0.01240	0.01208	0.02628	0.01660	0.22716	0.10272	0.03073	0.08326	0.01136	0.01550	0.03217	0.01412	0.03271	0.02329	0.00949	0.04622	0.24884	0.00468	0.04422	0.00618
33	0.02979	0.00922	0.01112	0.03193	0.01277	0.00979	0.03165	0.09149	0.32257	0.16696	0.14956	0.07593	0.01999	0.00760	0.00526	0.00164	0.00402	0.00649	0.00511	0.00710
34	0.01190	0.01146	0.01862	0.11487	0.63189	0.03207	0.01426	0.01476	0.01117	0.01567	0.00983	0.03796	0.00849	0.00484	0.00492	0.00148	0.00589	0.00465	0.00253	0.04273
35	0.01288	0.01116	0.01116	0.00992	0.01261	0.06758	0.00775	0.10560	0.53481	0.02109	0.08279	0.01964	0.01674	0.00698	0.00507	0.00162	0.00429	0.02337	0.03759	0.00734
36	0.04456	0.00896	0.01449	0.74868	0.03249	0.01113	0.01327	0.01334	0.03979	0.01344	0.00922	0.01328	0.00692	0.00504	0.00491	0.00166	0.00643	0.00440	0.00236	0.00562
37	0.02071	0.00958	0.01160	0.00912	0.01264	0.05482	0.00739	0.08559	0.01451	0.62753	0.01796	0.01696	0.01197	0.04946	0.02490	0.00185	0.00487	0.00499	0.00561	0.00794
38	0.01009	0.02521	0.76693	0.01488	0.05337	0.01159	0.01829	0.01577	0.01056	0.01581	0.00896	0.01060	0.00638	0.00472	0.00474	0.00157	0.00731	0.00371	0.00212	0.00739
39	0.00781	0.00550	0.00740	0.00772	0.02425	0.00520	0.00601	0.01004	0.01293	0.03921	0.44606	0.06772	0.07777	0.01141	0.00617	0.00182	0.00322	0.24990	0.00509	0.00479
40	0.05460	0.00950	0.01518	0.53053	0.09845	0.01084	0.05401	0.04536	0.01060	0.01469	0.00900	0.01270	0.00695	0.00520	0.00528	0.02864	0.00616	0.00430	0.00248	0.07554
41	0.81570	0.00960	0.00772	0.04858	0.01093	0.01118	0.00584	0.01455	0.00856	0.02186	0.00704	0.00837	0.00546	0.00465	0.00318	0.00155	0.00400	0.00279	0.00304	0.00541
42	0.81562	0.00987	0.00773	0.00681	0.00995	0.01141	0.00561	0.05491	0.00927	0.02284	0.00721	0.00830	0.00556	0.00470	0.00319	0.00154	0.00394	0.00279	0.00319	0.00556
43	0.75432	0.00997	0.00844	0.00812	0.05085	0.01143	0.00616	0.04646	0.03389	0.02237	0.00770	0.00881	0.00597	0.00474	0.00332	0.00154	0.00403	0.00296	0.00319	0.00573
44	0.01007	0.00954	0.01606	0.62558	0.19191	0.01136	0.01406	0.01325	0.01018	0.01345	0.00890	0.01302	0.00690	0.00498	0.00532	0.00164	0.03105	0.00443	0.00227	0.00603
45	0.01234	0.01184	0.02023	0.03059	0.79373	0.01184	0.01530	0.01530	0.01135	0.01628	0.00938	0.01234	0.00790	0.00444	0.00493	0.00148	0.00592	0.00444	0.00247	0.00790
46	0.01034	0.00886	0.01034	0.00738	0.01181	0.00664	0.00591	0.01255	0.01034	0.01624	0.00886	0.01034	0.00738	0.00369	0.00369	0.00074	0.00369	0.00295	0.00295	0.85530
47	0.00883	0.00500	0.00756	0.06402	0.00882	0.00538	0.00535	0.00723	0.00680	0.00912	0.00856	0.01480	0.00840	0.01599	0.01829	0.74944	0.04733	0.00434	0.00217	0.00258
48	0.01075	0.01004	0.01458	0.11800	0.09271	0.02268	0.11305	0.01344	0.01065	0.01567	0.00906	0.01132	0.00734	0.00403	0.00430	0.00107	0.00504	0.00370	0.00274	0.52983
49	0.01176	0.01345	0.02941	0.02101	0.02605	0.01261	0.77563	0.01597	0.01176	0.01597	0.01008	0.01345	0.00756	0.00420	0.00588	0.00168	0.00840	0.00588	0.00252	0.00672
50	0.01234	0.01184	0.02023	0.03059	0.79373	0.01184	0.01530	0.01530	0.01135	0.01628	0.00938	0.01234	0.00790	0.00444	0.00493	0.00148	0.00592	0.00444	0.00247	0.00790
51	0.81730	0.00968	0.00786	0.02551	0.03188	0.01120	0.00586	0.01463	0.00860	0.02198	0.00705	0.00833	0.00550	0.00463	0.00318	0.00154	0.00398	0.00279	0.00305	0.00547
52	0.07088	0.00981	0.01058	0.00951	0.01200	0.01093	0.00745	0.20719	0.33230	0.02153	0.01917	0.18336	0.01739	0.00870	0.00530	0.00174	0.00415	0.05637	0.00479	0.00686
53	0.86003	0.00964	0.00733	0.00655	0.00964	0.01118	0.00540	0.01465	0.00848	0.02236	0.00694	0.00810	0.00540	0.00463	0.00308	0.00154	0.00386	0.00270	0.00308	0.00540

[dist]
# distance from previous block
# <min> <max>
0	1

[block]
# block no. 3 follows, 50 sequences, length 17
# corresponding to MSA columns:
# 287-303
name=unknown_D
#
# <colnr> <probs for GDERKNQSTAVLIFYWHMCP>
#	G	D	E	R	K	N	Q	S	T	A	V	L	I	F	Y	W	H	M	C	P
0	0.02129	0.00895	0.01176	0.00898	0.01289	0.00794	0.00741	0.08439	0.01475	0.68377	0.01833	0.01612	0.01170	0.00599	0.00492	0.00149	0.00431	0.00483	0.00586	0.06432
1	0.00941	0.00886	0.01495	0.81285	0.03433	0.01107	0.01384	0.01274	0.00997	0.01274	0.00886	0.01329	0.00664	0.00498	0.00498	0.00166	0.00664	0.00443	0.00221	0.00554
2	0.01029	0.01020	0.01558	0.01302	0.01380	0.01311	0.10827	0.01187	0.00887	0.01324	0.07508	0.08004	0.01227	0.00883	0.01330	0.00205	0.57627	0.00576	0.00271	0.00544
3	0.82141	0.00984	0.00768	0.00678	0.00991	0.01138	0.00559	0.04966	0.00917	0.02278	0.00717	0.00827	0.00554	0.00469	0.00317	0.00154	0.00393	0.00278	0.00317	0.00554
4	0.01868	0.05339	0.01550	0.01133	0.01533	0.01566	0.00943	0.74019	0.02279	0.03046	0.01172	0.01177	0.00838	0.00590	0.00490	0.00148	0.00548	0.00440	0.00485	0.00838
5	0.00763	0.00677	0.00689	0.05804	0.00961	0.04533	0.00521	0.05074	0.02931	0.01443	0.04060	0.11816	0.56618	0.01156	0.00574	0.00169	0.00334	0.00969	0.00440	0.00467
6	0.00992	0.00968	0.01490	0.76902	0.03329	0.05456	0.01361	0.01313	0.01019	0.01271	0.00880	0.01305	0.00663	0.00499	0.00496	0.00164	0.00677	0.00436	0.00223	0.00555
7	0.01948	0.01311	0.01443	0.01107	0.01503	0.01420	0.00914	0.66071	0.02202	0.14982	0.01316	0.01274	0.00907	0.00601	0.00499	0.00150	0.00529	0.00457	0.00517	0.00848
8	0.01034	0.00886	0.01034	0.00738	0.01181	0.00664	0.00591	0.01255	0.01034	0.01624	0.00886	0.01034	0.00738	0.00369	0.00369	0.00074	0.00369	0.00295	0.00295	0.85530
9	0.00694	0.00578	0.00863	0.00844	0.00947	0.00560	0.08314	0.00828	0.01005	0.01322	0.02856	0.53639	0.16064	0.01351	0.00678	0.00195	0.04667	0.03724	0.00428	0.00444
10	0.00815	0.00451	0.00644	0.00647	0.00662	0.00453	0.00433	0.00695	0.00733	0.00991	0.06112	0.06084	0.01379	0.11654	0.07044	0.59634	0.00478	0.00556	0.00264	0.00268
11	0.00928	0.00841	0.01301	0.34565	0.15831	0.00928	0.01064	0.01186	0.01076	0.01456	0.12360	0.02072	0.10277	0.03184	0.00639	0.00168	0.05078	0.00576	0.00307	0.06163
12	0.59086	0.01074	0.01042	0.01145	0.14213	0.05363	0.00774	0.01474	0.00929	0.01989	0.00791	0.01041	0.00661	0.00516	0.00448	0.00158	0.05962	0.02459	0.00293	0.00582
13	0.86003	0.00964	0.00733	0.00655	0.00964	0.01118	0.00540	0.01465	0.00848	0.02236	0.00694	0.00810	0.00540	0.00463	0.00308	0.00154	0.00386	0.00270	0.00308	0.00540
14	0.86003	0.00964	0.00733	0.00655	0.00964	0.01118	0.00540	0.01465	0.00848	0.02236	0.00694	0.00810	0.00540	0.00463	0.00308	0.00154	0.00386	0.00270	0.00308	0.00540
15	0.00920	0.00774	0.01080	0.02957	0.13676	0.00764	0.04799	0.07344	0.06289	0.01812	0.28368	0.06867	0.20521	0.00909	0.00561	0.00161	0.00377	0.00802	0.00446	0.00571
16	0.01660	0.00802	0.01001	0.00808	0.01102	0.00755	0.00652	0.12945	0.01501	0.40705	0.17196	0.02180	0.05316	0.00718	0.00504	0.00150	0.00375	0.00593	0.10325	0.00710

[dist]
# distance from previous block
# <min> <max>
0	1

[block]
# block no. 4 follows, 50 sequences, length 40
# corresponding to MSA columns:
# 305-322,330-342,363-371
name=unknown_E
#
# <colnr> <probs for GDERKNQSTAVLIFYWHMCP>
#	G	D	E	R	K	N	Q	S	T	A	V	L	I	F	Y	W	H	M	C	P
0	0.83134	0.00961	0.00758	0.03375	0.01047	0.01118	0.00568	0.01459	0.00853	0.02204	0.00701	0.00827	0.00544	0.00464	0.00315	0.00155	0.00395	0.00276	0.00306	0.00540
1	0.01077	0.00885	0.01038	0.00744	0.01185	0.00667	0.00596	0.01297	0.01048	0.04423	0.00925	0.01057	0.00756	0.00378	0.00374	0.00077	0.00371	0.00303	0.00307	0.82495
2	0.00951	0.00895	0.01512	0.78805	0.05840	0.01110	0.01389	0.01282	0.01001	0.01285	0.00888	0.01326	0.00668	0.00497	0.00498	0.00166	0.00662	0.00443	0.00222	0.00561
3	0.50066	0.01175	0.01097	0.00898	0.01242	0.04817	0.03454	0.25781	0.01377	0.04632	0.00904	0.00981	0.00670	0.00511	0.00391	0.00152	0.00478	0.00347	0.00373	0.00653
4	0.03950	0.00889	0.01023	0.00735	0.01174	0.00680	0.00589	0.01262	0.01027	0.01645	0.00879	0.01026	0.00731	0.00372	0.00367	0.00077	0.00370	0.00294	0.00296	0.82612
5	0.01183	0.01080	0.01344	0.08031	0.15132	0.03672	0.03477	0.02131	0.47126	0.01826	0.01767	0.01785	0.04485	0.00758	0.03816	0.00190	0.00515	0.00545	0.00410	0.00730
6	0.04446	0.01184	0.01281	0.01017	0.01387	0.01266	0.00824	0.38907	0.22280	0.07212	0.01400	0.01365	0.01023	0.00580	0.00475	0.00144	0.00467	0.00453	0.00470	0.13821
7	0.03982	0.00807	0.01051	0.02810	0.01109	0.03744	0.00778	0.05657	0.00908	0.01322	0.01094	0.01595	0.01007	0.02488	0.46703	0.02937	0.20759	0.00483	0.00268	0.00498
8	0.00729	0.00500	0.00649	0.00649	0.00683	0.00534	0.00434	0.00783	0.00749	0.01033	0.01435	0.02649	0.01534	0.47063	0.32448	0.06052	0.00807	0.00633	0.00283	0.00351
9	0.00733	0.00561	0.00858	0.00823	0.00919	0.00632	0.03765	0.00899	0.00807	0.01152	0.01350	0.02092	0.01295	0.13196	0.67703	0.00736	0.01211	0.00560	0.00271	0.00437
10	0.00808	0.00701	0.05588	0.04529	0.01174	0.00625	0.00852	0.01062	0.01146	0.01523	0.09880	0.04817	0.02747	0.01346	0.03957	0.00239	0.00499	0.57594	0.00434	0.00481
11	0.00611	0.00440	0.00580	0.00690	0.00728	0.00409	0.00466	0.00702	0.00967	0.01281	0.02848	0.77003	0.06699	0.01544	0.00635	0.00201	0.00291	0.03034	0.00463	0.00407
12	0.02789	0.03841	0.01118	0.00793	0.01215	0.08348	0.00634	0.01338	0.01065	0.01582	0.00865	0.01008	0.00722	0.00387	0.00374	0.00082	0.00426	0.00296	0.00289	0.72829
13	0.00807	0.03530	0.02576	0.00768	0.00890	0.00646	0.00601	0.01018	0.05652	0.01314	0.02071	0.15344	0.04777	0.24370	0.05973	0.00310	0.01918	0.21492	0.00378	0.05565
14	0.01107	0.03932	0.01395	0.04962	0.27700	0.07333	0.00999	0.05454	0.02805	0.01450	0.01119	0.01585	0.01004	0.07854	0.23653	0.01712	0.03081	0.00479	0.01775	0.00602
15	0.01019	0.00864	0.02063	0.01111	0.11090	0.01949	0.00760	0.07803	0.21157	0.01933	0.27862	0.06683	0.06821	0.00970	0.03853	0.00189	0.00417	0.02368	0.00464	0.00622
16	0.00939	0.00879	0.01465	0.70213	0.06613	0.01083	0.01325	0.01248	0.00992	0.01287	0.00993	0.06188	0.00828	0.00573	0.00545	0.00169	0.03367	0.00501	0.00237	0.00555
17	0.00848	0.00631	0.03988	0.00700	0.00861	0.00533	0.00553	0.01095	0.04002	0.08987	0.43588	0.19232	0.10891	0.01079	0.00582	0.00167	0.00292	0.00948	0.00514	0.00510
18	0.00994	0.05801	0.01372	0.04522	0.05461	0.02573	0.08374	0.02317	0.00994	0.03740	0.01611	0.26272	0.02760	0.01072	0.03106	0.00207	0.22501	0.05451	0.00335	0.00538
19	0.81188	0.00957	0.00757	0.00669	0.00982	0.01096	0.00551	0.01521	0.00882	0.06691	0.00767	0.00861	0.00580	0.00472	0.00320	0.00154	0.00388	0.00283	0.00326	0.00558
20	0.00607	0.00434	0.00578	0.00694	0.00723	0.00405	0.00463	0.00694	0.00954	0.01272	0.02747	0.82157	0.03297	0.01562	0.00636	0.00202	0.00289	0.01417	0.00463	0.00405
21	0.01085	0.00947	0.01394	0.10637	0.29227	0.01001	0.02759	0.01628	0.20303	0.03181	0.06606	0.09537	0.05170	0.00698	0.00519	0.00161	0.00473	0.00630	0.03369	0.00675
22	0.01302	0.00891	0.01018	0.00846	0.01107	0.00918	0.00674	0.28208	0.06530	0.10376	0.29781	0.02639	0.11916	0.00838	0.00543	0.00156	0.00377	0.00698	0.00525	0.00656
23	0.01829	0.00917	0.01123	0.00920	0.01258	0.00909	0.00741	0.02468	0.29568	0.48786	0.01978	0.01761	0.01340	0.00637	0.00498	0.00158	0.00407	0.00523	0.03364	0.00814
24	0.00607	0.00434	0.00578	0.00694	0.00723	0.00405	0.00463	0.00694	0.00954	0.01272	0.02747	0.82157	0.03297	0.01562	0.00636	0.00202	0.00289	0.01417	0.00463	0.00405
25	0.01712	0.01305	0.01393	0.01110	0.01476	0.01460	0.00903	0.56724	0.23629	0.02846	0.01429	0.01382	0.01036	0.00620	0.00501	0.00155	0.00505	0.00481	0.00501	0.00831
26	0.01030	0.00660	0.00780	0.00694	0.00897	0.00628	0.00540	0.06497	0.07131	0.13350	0.32442	0.03364	0.23963	0.00961	0.00556	0.00159	0.00304	0.01842	0.03639	0.00562
27	0.01234	0.01184	0.02023	0.03059	0.79373	0.01184	0.01530	0.01530	0.01135	0.01628	0.00938	0.01234	0.00790	0.00444	0.00493	0.00148	0.00592	0.00444	0.00247	0.00790
28	0.00707	0.00542	0.00746	0.00781	0.00821	0.00578	0.01905	0.00805	0.00898	0.01223	0.02169	0.47653	0.02517	0.14519	0.09100	0.00310	0.08704	0.05222	0.00389	0.00415
29	0.01925	0.00839	0.01093	0.00874	0.01216	0.00764	0.00716	0.05327	0.06712	0.59682	0.05362	0.02139	0.06154	0.00711	0.00519	0.00159	0.00411	0.04028	0.00585	0.00785
30	0.01176	0.01345	0.02941	0.02101	0.02605	0.01261	0.77563	0.01597	0.01176	0.01597	0.01008	0.01345	0.00756	0.00420	0.00588	0.00168	0.00840	0.00588	0.00252	0.00672
31	0.07929	0.61851	0.02249	0.00916	0.01303	0.16212	0.00849	0.01581	0.01073	0.01263	0.00707	0.00818	0.00632	0.00445	0.00343	0.00114	0.00588	0.00277	0.00228	0.00621
32	0.01309	0.67233	0.02302	0.00869	0.01244	0.07776	0.00826	0.01470	0.01027	0.01198	0.00782	0.00937	0.00710	0.00708	0.06868	0.00165	0.00616	0.00299	0.03047	0.00613
33	0.00614	0.00438	0.00583	0.00696	0.00726	0.00410	0.00467	0.00702	0.00954	0.01271	0.02722	0.78939	0.03258	0.03143	0.00675	0.00209	0.00297	0.03034	0.00459	0.00404
34	0.01031	0.01009	0.01423	0.04230	0.03120	0.01371	0.01035	0.01158	0.00806	0.01218	0.00984	0.01389	0.05433	0.01081	0.07245	0.00254	0.65960	0.00481	0.00237	0.00536
35	0.00634	0.00504	0.00563	0.00551	0.00694	0.00440	0.00409	0.00792	0.01212	0.01554	0.30076	0.05796	0.49717	0.04054	0.00658	0.00176	0.00255	0.00996	0.00486	0.00433
36	0.00686	0.00510	0.00639	0.00610	0.00737	0.00463	0.00459	0.00901	0.01356	0.01870	0.64100	0.03955	0.18374	0.01070	0.00590	0.00160	0.00242	0.02286	0.00531	0.00461
37	0.01329	0.53235	0.09586	0.04851	0.05862	0.09483	0.01013	0.02783	0.03539	0.01316	0.00797	0.00927	0.00682	0.00453	0.00375	0.00121	0.00590	0.00313	0.00235	0.02510
38	0.04895	0.13415	0.01606	0.04406	0.01551	0.11324	0.00930	0.47892	0.03049	0.04638	0.01073	0.01117	0.00794	0.00555	0.00459	0.00142	0.00583	0.00402	0.00412	0.00759
39	0.00709	0.00465	0.00614	0.00694	0.00755	0.00428	0.00476	0.00810	0.01010	0.06034	0.06000	0.70547	0.06643	0.01469	0.00624	0.00196	0.00293	0.01324	0.00476	0.00435

[dist]
# distance from previous block
# <min> <max>
0	3

[block]
# block no. 5 follows, 50 sequences, length 26
# corresponding to MSA columns:
# 375-400
name=unknown_F
#
# <colnr> <probs for GDERKNQSTAVLIFYWHMCP>
#	G	D	E	R	K	N	Q	S	T	A	V	L	I	F	Y	W	H	M	C	P
0	0.01156	0.00959	0.01100	0.00797	0.01233	0.00790	0.00642	0.12160	0.01220	0.01841	0.00930	0.01057	0.00754	0.00402	0.00388	0.00085	0.00395	0.00317	0.00324	0.73452
1	0.01343	0.01144	0.01405	0.01154	0.01491	0.01255	0.10268	0.14391	0.51859	0.03499	0.01716	0.01649	0.01278	0.00617	0.00509	0.00161	0.00473	0.00535	0.00466	0.04786
2	0.04003	0.33008	0.04780	0.02187	0.01376	0.08373	0.02124	0.08483	0.05998	0.04815	0.00951	0.01059	0.00774	0.01617	0.00421	0.00122	0.00528	0.00341	0.00300	0.18740
3	0.01239	0.52134	0.15767	0.01030	0.03117	0.04343	0.01040	0.03335	0.01085	0.01342	0.00988	0.01461	0.00921	0.00559	0.00405	0.00133	0.00574	0.09633	0.00252	0.00640
4	0.01183	0.00972	0.01202	0.00952	0.05282	0.00812	0.03175	0.09914	0.01203	0.04255	0.00962	0.01093	0.00769	0.00408	0.00401	0.00092	0.00418	0.00336	0.00324	0.66247
5	0.02695	0.11742	0.23170	0.02845	0.10333	0.05800	0.26978	0.06447	0.01192	0.01621	0.00918	0.01140	0.00705	0.00463	0.00510	0.00153	0.01899	0.00441	0.00252	0.00698
6	0.00716	0.00517	0.00716	0.00716	0.00776	0.00577	0.00517	0.00836	0.00776	0.01094	0.01413	0.02389	0.01433	0.29745	0.54756	0.00696	0.01054	0.00597	0.00279	0.00398
7	0.00708	0.10611	0.00831	0.00690	0.00803	0.00614	0.00517	0.00825	0.01020	0.01305	0.04556	0.49936	0.18054	0.01338	0.00590	0.00185	0.00322	0.06218	0.00434	0.00442
8	0.00994	0.04495	0.39066	0.02932	0.09183	0.01018	0.06370	0.01439	0.04100	0.02885	0.06477	0.09355	0.03572	0.00692	0.00519	0.00165	0.00597	0.05176	0.00304	0.00660
9	0.01203	0.37401	0.24415	0.01136	0.03161	0.05605	0.04064	0.04557	0.01081	0.01395	0.00871	0.01066	0.00728	0.00860	0.10277	0.00213	0.00723	0.00355	0.00235	0.00653
10	0.00614	0.00439	0.00585	0.00689	0.00725	0.00410	0.00463	0.00712	0.00988	0.01325	0.08320	0.76433	0.03399	0.01522	0.00633	0.00199	0.00285	0.01379	0.00469	0.00410
11	0.01120	0.00850	0.10518	0.00770	0.01040	0.00614	0.00692	0.01354	0.01263	0.21746	0.24091	0.04662	0.19902	0.02474	0.00586	0.00168	0.00364	0.03799	0.03402	0.00584
12	0.04155	0.04247	0.21809	0.17117	0.14207	0.10942	0.08132	0.01615	0.03850	0.05163	0.01036	0.01246	0.02026	0.00505	0.00500	0.00155	0.01930	0.00427	0.00265	0.00673
13	0.01133	0.01320	0.20272	0.12017	0.07920	0.02008	0.05454	0.04069	0.03757	0.08928	0.01159	0.01507	0.00930	0.02316	0.15921	0.00292	0.08149	0.01911	0.00294	0.00643
14	0.01066	0.01081	0.01505	0.68416	0.06118	0.10895	0.01338	0.01372	0.01053	0.01281	0.00874	0.01272	0.00666	0.00498	0.00492	0.00161	0.00691	0.00428	0.00227	0.00566
15	0.10854	0.01218	0.01252	0.05459	0.04292	0.19945	0.04988	0.02433	0.01043	0.02903	0.01150	0.12077	0.01120	0.03679	0.08529	0.00241	0.16313	0.00551	0.01412	0.00541
16	0.00993	0.00552	0.00754	0.00711	0.00760	0.00570	0.00496	0.10149	0.00858	0.01146	0.00907	0.01476	0.00864	0.01592	0.01769	0.74976	0.00447	0.00435	0.00251	0.00294
17	0.72553	0.01213	0.10516	0.00772	0.01131	0.03926	0.00715	0.01498	0.00893	0.02119	0.00721	0.00843	0.00555	0.00466	0.00334	0.00154	0.00447	0.00284	0.00295	0.00565
18	0.05262	0.09653	0.06265	0.02069	0.02475	0.03167	0.03569	0.06253	0.03892	0.11273	0.02478	0.08342	0.01126	0.03229	0.00523	0.00139	0.01452	0.00479	0.00355	0.27998
19	0.01852	0.01334	0.01450	0.01120	0.01504	0.01470	0.00924	0.71107	0.02234	0.06076	0.01234	0.01252	0.00882	0.00747	0.04276	0.00181	0.00581	0.00455	0.00492	0.00829
20	0.00710	0.00512	0.00676	0.00668	0.00779	0.00478	0.00511	0.00933	0.01344	0.01881	0.63840	0.09959	0.04369	0.01105	0.00604	0.00169	0.00267	0.10201	0.00531	0.00464
21	0.00607	0.00434	0.00578	0.00694	0.00723	0.00405	0.00463	0.00694	0.00954	0.01272	0.02747	0.82157	0.03297	0.01562	0.00636	0.00202	0.00289	0.01417	0.00463	0.00405
22	0.00653	0.00474	0.00544	0.00579	0.00632	0.00443	0.00371	0.00713	0.00904	0.01160	0.02852	0.27414	0.22881	0.36478	0.01446	0.00315	0.00363	0.01020	0.00393	0.00365
23	0.00720	0.00536	0.00673	0.00634	0.00764	0.00502	0.00477	0.01000	0.05024	0.01943	0.68630	0.03734	0.11431	0.01025	0.00584	0.00158	0.00244	0.00899	0.00539	0.00481
24	0.01311	0.66733	0.04018	0.00944	0.01311	0.04743	0.00911	0.01471	0.00993	0.01187	0.00695	0.00849	0.00642	0.00493	0.00512	0.00124	0.11927	0.00294	0.00215	0.00626
25	0.02727	0.16524	0.10761	0.02206	0.02592	0.04106	0.00868	0.06104	0.02939	0.16333	0.15849	0.08741	0.02801	0.00737	0.00529	0.00153	0.03268	0.01711	0.00407	0.00643

[dist]
# distance from previous block
# <min> <max>
1	4

[block]
# block no. 6 follows, 50 sequences, length 37
# corresponding to MSA columns:
# 405-427,437-450
name=unknown_G
#
# <colnr> <probs for GDERKNQSTAVLIFYWHMCP>
#	G	D	E	R	K	N	Q	S	T	A	V	L	I	F	Y	W	H	M	C	P
0	0.00939	0.08824	0.33203	0.01033	0.02630	0.06513	0.01096	0.01262	0.01110	0.01458	0.07719	0.05963	0.20718	0.02308	0.01772	0.00173	0.00550	0.01821	0.00320	0.00588
1	0.00878	0.00656	0.00758	0.00805	0.00927	0.05120	0.00647	0.01044	0.01112	0.05437	0.04631	0.11798	0.13279	0.11341	0.00873	0.00238	0.00435	0.39125	0.00439	0.00456
2	0.01073	0.00887	0.01027	0.00747	0.01171	0.00693	0.00598	0.04775	0.01108	0.03336	0.01162	0.01271	0.05258	0.00436	0.00391	0.00084	0.00372	0.00350	0.00321	0.74939
3	0.02271	0.01538	0.27146	0.19928	0.07402	0.01117	0.16727	0.05828	0.01143	0.03582	0.01113	0.07900	0.00921	0.00567	0.00517	0.00164	0.00671	0.00528	0.00273	0.00664
4	0.01800	0.02155	0.01387	0.01240	0.01504	0.66627	0.00942	0.10819	0.01487	0.01442	0.00853	0.00995	0.00701	0.00709	0.05052	0.00170	0.00883	0.00348	0.00286	0.00602
5	0.00625	0.00500	0.00553	0.00570	0.00704	0.00437	0.00422	0.00760	0.01127	0.01404	0.13166	0.14043	0.52541	0.05329	0.00698	0.00191	0.00279	0.05763	0.00465	0.00421
6	0.05482	0.00899	0.06640	0.00876	0.02699	0.00831	0.00703	0.08027	0.17771	0.07196	0.14490	0.16683	0.03816	0.04102	0.00599	0.00177	0.00381	0.00737	0.07287	0.00606
7	0.01235	0.01276	0.17092	0.02965	0.06172	0.04094	0.08962	0.05384	0.02407	0.14977	0.04831	0.07179	0.08962	0.00867	0.04069	0.00194	0.05237	0.03072	0.00374	0.00652
8	0.03488	0.00840	0.01125	0.00878	0.01243	0.00740	0.00719	0.04167	0.01413	0.72077	0.01972	0.06290	0.01332	0.00668	0.00506	0.00157	0.00419	0.00549	0.00600	0.00818
9	0.01350	0.00982	0.01088	0.00944	0.01224	0.01079	0.00743	0.09762	0.48456	0.12153	0.12849	0.02037	0.01863	0.00707	0.00514	0.00162	0.00387	0.00590	0.02359	0.00750
10	0.01516	0.27133	0.15907	0.01105	0.01555	0.06830	0.04403	0.19945	0.01437	0.10770	0.04127	0.01190	0.00923	0.00527	0.00442	0.00138	0.00587	0.00399	0.00346	0.00721
11	0.12090	0.15739	0.08760	0.12115	0.05021	0.11244	0.03787	0.13013	0.05373	0.03211	0.00987	0.02672	0.00789	0.00571	0.01518	0.00155	0.01588	0.00402	0.00306	0.00659
12	0.00724	0.00561	0.00683	0.00731	0.02353	0.00542	0.00513	0.06190	0.01123	0.01461	0.06433	0.44537	0.26040	0.01376	0.01978	0.00196	0.02494	0.01156	0.00455	0.00456
13	0.13942	0.06678	0.01772	0.04876	0.49584	0.05393	0.02412	0.02628	0.01106	0.01673	0.00898	0.02046	0.00757	0.00463	0.00450	0.00144	0.00567	0.00407	0.00262	0.03943
14	0.01142	0.00998	0.01245	0.01148	0.04349	0.01190	0.01927	0.07839	0.30711	0.01737	0.01498	0.06285	0.01292	0.01092	0.09132	0.00247	0.21990	0.02869	0.00382	0.02929
15	0.00690	0.00515	0.00611	0.00617	0.00707	0.00496	0.00433	0.00843	0.03386	0.01353	0.16288	0.11878	0.23203	0.24701	0.09223	0.00326	0.00440	0.03465	0.00413	0.00409
16	0.01817	0.02259	0.01394	0.01261	0.01523	0.72981	0.00950	0.03694	0.07049	0.01325	0.00871	0.00975	0.00711	0.00527	0.00455	0.00132	0.00854	0.00341	0.00280	0.00599
17	0.00626	0.00466	0.00584	0.00641	0.00718	0.00423	0.00448	0.00755	0.01096	0.01455	0.20830	0.48493	0.18889	0.01376	0.00616	0.00185	0.00269	0.01225	0.00483	0.00423
18	0.00709	0.00538	0.00675	0.00741	0.00872	0.00504	0.00615	0.00893	0.01143	0.01444	0.06270	0.09195	0.31555	0.01331	0.00645	0.00203	0.00365	0.41396	0.00464	0.00442
19	0.01092	0.00901	0.01051	0.00755	0.01195	0.00693	0.00605	0.03634	0.01084	0.03762	0.00924	0.01056	0.00755	0.00383	0.00377	0.00078	0.00376	0.00306	0.00310	0.80662
20	0.03333	0.00750	0.00959	0.00807	0.01070	0.00704	0.00638	0.05213	0.06904	0.38369	0.24772	0.10198	0.02450	0.00829	0.00536	0.00161	0.00358	0.00707	0.00562	0.00682
21	0.00707	0.00629	0.04664	0.03194	0.00935	0.00580	0.00607	0.00896	0.01001	0.01376	0.17593	0.06970	0.15127	0.07301	0.35622	0.00463	0.00775	0.00741	0.00364	0.00453
22	0.74085	0.00961	0.00801	0.00695	0.01015	0.01083	0.00573	0.03466	0.00953	0.11357	0.00856	0.00923	0.00629	0.00484	0.00336	0.00154	0.00394	0.00302	0.00349	0.00584
23	0.00683	0.00513	0.00643	0.00724	0.00789	0.00505	0.00499	0.00930	0.10074	0.01388	0.04650	0.68387	0.05450	0.01435	0.00618	0.00196	0.00299	0.01293	0.00470	0.00452
24	0.01755	0.02162	0.01426	0.10673	0.01763	0.68029	0.01012	0.04911	0.01401	0.01302	0.00801	0.00961	0.00653	0.00515	0.00457	0.00134	0.00857	0.00340	0.00262	0.00586
25	0.00773	0.00517	0.00678	0.00638	0.00751	0.00486	0.00474	0.00976	0.02752	0.03535	0.64906	0.03339	0.04034	0.01077	0.00738	0.10177	0.00265	0.00821	0.02607	0.00454
26	0.00842	0.00691	0.01005	0.10326	0.01235	0.00860	0.00775	0.01002	0.00820	0.01199	0.01147	0.01756	0.01072	0.07664	0.41227	0.03064	0.19210	0.00507	0.05131	0.00465
27	0.06377	0.01337	0.01458	0.01139	0.01486	0.01520	0.00942	0.64578	0.02077	0.02864	0.01106	0.01163	0.00808	0.00623	0.00622	0.00158	0.10054	0.00438	0.00455	0.00795
28	0.00790	0.00791	0.10044	0.00919	0.01105	0.00614	0.00857	0.01039	0.01119	0.01470	0.02673	0.11309	0.09927	0.01275	0.00649	0.00213	0.00458	0.53834	0.00430	0.00483
29	0.00657	0.00487	0.00632	0.00699	0.00777	0.00435	0.00478	0.00760	0.00964	0.01314	0.02529	0.72631	0.02996	0.01422	0.00605	0.00187	0.00299	0.01285	0.00443	0.10401
30	0.01234	0.01184	0.02023	0.03059	0.79373	0.01184	0.01530	0.01530	0.01135	0.01628	0.00938	0.01234	0.00790	0.00444	0.00493	0.00148	0.00592	0.00444	0.00247	0.00790
31	0.01160	0.01089	0.01474	0.01256	0.01308	0.01468	0.01042	0.10164	0.00951	0.01425	0.00764	0.01161	0.00717	0.01032	0.06789	0.00249	0.66678	0.00444	0.00254	0.00574
32	0.01286	0.30443	0.30922	0.01274	0.04131	0.05567	0.06147	0.10503	0.01214	0.01598	0.00857	0.00998	0.00673	0.00476	0.00449	0.00139	0.02013	0.00357	0.00252	0.00702
33	0.01255	0.01053	0.01190	0.01135	0.07321	0.01151	0.00821	0.04523	0.57928	0.04250	0.02859	0.01717	0.01390	0.00623	0.00491	0.00155	0.00410	0.00522	0.00466	0.10739
34	0.00635	0.00455	0.00603	0.00675	0.00729	0.00423	0.00465	0.00764	0.01084	0.01478	0.24403	0.59914	0.03696	0.01408	0.00623	0.00189	0.00274	0.01271	0.00487	0.00423
35	0.00736	0.00553	0.00699	0.00632	0.00791	0.00490	0.00478	0.00963	0.01349	0.01912	0.65079	0.03478	0.09109	0.00959	0.00562	0.00148	0.00252	0.00840	0.00513	0.10456
36	0.00677	0.00542	0.00855	0.00855	0.00939	0.00507	0.09512	0.00801	0.00974	0.01302	0.02512	0.70578	0.02959	0.03570	0.00681	0.00206	0.00359	0.01301	0.00434	0.00434

[dist]
# distance from previous block
# <min> <max>
0	12

[block]
# block no. 7 follows, 50 sequences, length 21
# corresponding to MSA columns:
# 463-483
name=unknown_H
#
# <colnr> <probs for GDERKNQSTAVLIFYWHMCP>
#	G	D	E	R	K	N	Q	S	T	A	V	L	I	F	Y	W	H	M	C	P
0	0.01279	0.01065	0.01142	0.01022	0.01302	0.01216	0.00809	0.11611	0.62130	0.02159	0.01984	0.02125	0.01563	0.00731	0.00523	0.00172	0.00419	0.07480	0.00502	0.00766
1	0.00827	0.00822	0.07623	0.08970	0.13703	0.00709	0.02737	0.01055	0.02468	0.02438	0.04481	0.45198	0.02302	0.01150	0.01927	0.00193	0.00447	0.02039	0.00381	0.00531
2	0.03685	0.15668	0.05793	0.06739	0.06302	0.03071	0.01784	0.09600	0.03592	0.25541	0.01289	0.01313	0.00924	0.00526	0.00442	0.00137	0.00500	0.00414	0.05447	0.07234
3	0.01885	0.00947	0.01302	0.01007	0.01376	0.00894	0.07789	0.11118	0.07942	0.50438	0.01968	0.01807	0.05807	0.00639	0.00511	0.00156	0.00460	0.00540	0.02619	0.00792
4	0.00985	0.00553	0.00723	0.00680	0.00829	0.00503	0.00509	0.01175	0.01277	0.16625	0.39861	0.22041	0.04941	0.01050	0.00568	0.00165	0.00284	0.00925	0.05780	0.00525
5	0.01189	0.13643	0.22650	0.10238	0.10085	0.06937	0.03064	0.03694	0.04409	0.06149	0.01447	0.05128	0.08070	0.00610	0.00478	0.00151	0.00594	0.00500	0.00300	0.00662
6	0.00961	0.04699	0.10918	0.13734	0.12106	0.00959	0.02644	0.03695	0.01018	0.01396	0.04808	0.08425	0.01463	0.18779	0.01056	0.00240	0.06988	0.05264	0.00299	0.00547
7	0.00621	0.00478	0.00569	0.00615	0.00716	0.00426	0.00440	0.00750	0.01102	0.01419	0.15313	0.37092	0.33735	0.01354	0.00612	0.00183	0.00271	0.03405	0.00476	0.00423
8	0.01128	0.02315	0.66159	0.01429	0.02114	0.01127	0.08143	0.01658	0.01097	0.08757	0.01003	0.01136	0.00697	0.00482	0.00486	0.00158	0.00717	0.00399	0.00251	0.00741
9	0.05051	0.07931	0.28610	0.08861	0.12438	0.07570	0.04447	0.08105	0.01180	0.03311	0.00942	0.02746	0.00745	0.00528	0.00537	0.00155	0.05474	0.00414	0.00266	0.00689
10	0.01183	0.01198	0.04535	0.17427	0.51986	0.01187	0.10035	0.03559	0.01144	0.01598	0.00942	0.01257	0.00759	0.00457	0.00505	0.00154	0.00637	0.00458	0.00248	0.00732
11	0.00760	0.00486	0.00626	0.00681	0.00768	0.00441	0.00476	0.00871	0.01050	0.08531	0.07541	0.59284	0.13799	0.01401	0.00614	0.00191	0.00293	0.01251	0.00482	0.00452
12	0.00643	0.00466	0.00601	0.00690	0.00741	0.00437	0.00470	0.02591	0.01026	0.01365	0.07261	0.70864	0.08012	0.01488	0.00627	0.00196	0.00290	0.01341	0.00469	0.00420
13	0.00994	0.00813	0.04231	0.00955	0.01085	0.00860	0.05455	0.05393	0.04167	0.03428	0.01136	0.01692	0.01040	0.09399	0.19740	0.20640	0.14971	0.00501	0.03030	0.00469
14	0.01184	0.08585	0.01652	0.01249	0.01395	0.04297	0.09912	0.02661	0.00961	0.06165	0.03974	0.04937	0.01016	0.02512	0.02890	0.00208	0.45035	0.00509	0.00279	0.00578
15	0.00892	0.15937	0.01134	0.00909	0.05592	0.02141	0.00658	0.03541	0.04575	0.01463	0.10437	0.41675	0.02578	0.01126	0.00553	0.00174	0.00380	0.05307	0.00412	0.00516
16	0.01330	0.01396	0.03342	0.07940	0.01557	0.20267	0.01890	0.09521	0.07838	0.01566	0.02393	0.01262	0.01878	0.00714	0.02533	0.00175	0.24267	0.00427	0.01292	0.08413
17	0.01117	0.00957	0.01504	0.65401	0.06324	0.01148	0.01313	0.10354	0.01178	0.04561	0.00967	0.01324	0.00714	0.00512	0.00498	0.00163	0.00638	0.00446	0.00271	0.00610
18	0.01181	0.01084	0.04655	0.00996	0.01211	0.08300	0.00821	0.11417	0.09777	0.03944	0.01268	0.02734	0.01094	0.04452	0.21137	0.00335	0.13178	0.01904	0.03639	0.06874
19	0.01340	0.38945	0.03322	0.00983	0.03202	0.04463	0.00847	0.14310	0.11995	0.01684	0.01175	0.08519	0.01050	0.00595	0.00420	0.00132	0.00503	0.00454	0.00332	0.05728
20	0.08054	0.00889	0.01031	0.03973	0.01214	0.02544	0.00679	0.07017	0.08606	0.20182	0.02342	0.04170	0.02272	0.05536	0.02042	0.05248	0.02425	0.00482	0.01256	0.20038

[dist]
# distance from previous block
# <min> <max>
3	63

# created by:
# /home/cegg/simao/soft/augustus-3.2.1/scripts/msa2prfl.pl ./align_prep/EOG091G0N0R.fa
