[name]
unknown

[dist]
# distance from previous block
# <min> <max>
0	13

[block]
# block no. 0 follows, 44 sequences, length 57
# corresponding to MSA columns:
# 18-54,56-68,82-88
name=unknown_A
#
# <colnr> <probs for GDERKNQSTAVLIFYWHMCP>
#	G	D	E	R	K	N	Q	S	T	A	V	L	I	F	Y	W	H	M	C	P
0	0.01120	0.00824	0.01179	0.05878	0.01474	0.00850	0.05927	0.07085	0.06491	0.05992	0.02446	0.06404	0.02479	0.01219	0.00691	0.00226	0.00540	0.48085	0.00488	0.00603
1	0.09004	0.04126	0.08213	0.00888	0.01231	0.00844	0.00774	0.01877	0.01296	0.37529	0.07081	0.02353	0.07156	0.14170	0.00906	0.00229	0.00480	0.00617	0.00511	0.00715
2	0.01337	0.12271	0.50756	0.01468	0.02142	0.05924	0.06638	0.05526	0.01273	0.06249	0.01038	0.01178	0.00753	0.00526	0.00507	0.00164	0.00765	0.00415	0.00279	0.00791
3	0.14232	0.01369	0.06351	0.01590	0.09783	0.05063	0.19005	0.07511	0.06759	0.19497	0.01390	0.01524	0.01008	0.00580	0.00538	0.00173	0.00641	0.01777	0.00418	0.00790
4	0.01118	0.04827	0.01242	0.03692	0.05397	0.00834	0.05286	0.01420	0.04195	0.09137	0.02471	0.09012	0.03851	0.01205	0.00675	0.00220	0.00524	0.43821	0.00474	0.00600
5	0.01228	0.01061	0.01708	0.47393	0.16683	0.01208	0.03719	0.05918	0.04199	0.05527	0.05165	0.01609	0.01070	0.00582	0.00553	0.00176	0.00661	0.00525	0.00319	0.00697
6	0.01553	0.01294	0.06513	0.03251	0.02012	0.04981	0.29440	0.01965	0.05533	0.22395	0.06700	0.02169	0.01502	0.00684	0.00606	0.00182	0.00678	0.07350	0.00439	0.00754
7	0.01490	0.01575	0.06870	0.10666	0.09816	0.17099	0.02313	0.07951	0.25568	0.03254	0.02664	0.01534	0.01141	0.00614	0.00531	0.00164	0.00645	0.00498	0.00395	0.05212
8	0.00716	0.00552	0.00654	0.00636	0.00782	0.00490	0.00474	0.00918	0.01400	0.01865	0.45174	0.08026	0.33848	0.01248	0.00646	0.00179	0.00267	0.01077	0.00558	0.00490
9	0.14670	0.01092	0.03864	0.01098	0.01524	0.00987	0.09161	0.07012	0.01468	0.44086	0.05103	0.01679	0.01278	0.00628	0.00524	0.00167	0.00516	0.00523	0.00539	0.04080
10	0.02720	0.07028	0.18029	0.01683	0.16673	0.04309	0.02364	0.17505	0.06586	0.09525	0.02797	0.01391	0.01000	0.00606	0.00598	0.00168	0.05337	0.00475	0.00383	0.00823
11	0.00834	0.00624	0.00870	0.01045	0.05644	0.00608	0.00794	0.01041	0.01202	0.01568	0.03044	0.23866	0.09898	0.01482	0.00716	0.00232	0.00445	0.45094	0.00489	0.00506
12	0.00682	0.00488	0.00650	0.00756	0.00801	0.00455	0.00515	0.00800	0.01108	0.01492	0.11902	0.69680	0.03780	0.01632	0.00691	0.00216	0.00313	0.03068	0.00517	0.00453
13	0.06208	0.01252	0.02097	0.14460	0.47952	0.01312	0.09298	0.04009	0.02409	0.01804	0.01027	0.01355	0.00833	0.00517	0.00579	0.00170	0.03153	0.00493	0.00283	0.00789
14	0.62163	0.01210	0.06094	0.00839	0.01210	0.01252	0.00739	0.12339	0.01193	0.02517	0.00914	0.01032	0.00693	0.00536	0.00382	0.00166	0.00464	0.00343	0.05267	0.00649
15	0.00647	0.00542	0.00562	0.00578	0.00743	0.00458	0.00426	0.00779	0.01217	0.01462	0.05204	0.14765	0.67905	0.01422	0.00651	0.00189	0.00281	0.01201	0.00506	0.00458
16	0.01301	0.41055	0.38934	0.01246	0.01870	0.04127	0.01456	0.01695	0.01142	0.01498	0.00867	0.01011	0.00695	0.00494	0.00435	0.00144	0.00703	0.00347	0.00233	0.00748
17	0.01020	0.00948	0.01589	0.74762	0.03595	0.01176	0.01475	0.01377	0.01100	0.01407	0.01085	0.01739	0.00873	0.00603	0.00558	0.00186	0.00713	0.04934	0.00258	0.00599
18	0.00779	0.00583	0.00868	0.00868	0.00963	0.00677	0.00672	0.00968	0.00874	0.01260	0.01467	0.02181	0.01380	0.06225	0.76567	0.00866	0.01434	0.00590	0.00293	0.00482
19	0.02037	0.02598	0.01545	0.01404	0.01685	0.78652	0.01053	0.02177	0.01545	0.01334	0.00843	0.00983	0.00702	0.00562	0.00492	0.00140	0.00983	0.00351	0.00281	0.00632
20	0.01130	0.00969	0.01130	0.00807	0.01292	0.00727	0.00646	0.01373	0.01130	0.01776	0.00969	0.01130	0.00807	0.00404	0.00404	0.00081	0.00404	0.00323	0.00323	0.84173
21	0.01247	0.17954	0.51563	0.01531	0.05091	0.02717	0.06669	0.01745	0.01175	0.04092	0.00981	0.01146	0.00730	0.00508	0.00495	0.00161	0.00755	0.00404	0.00251	0.00784
22	0.01900	0.02295	0.01572	0.01399	0.01644	0.60794	0.01075	0.06970	0.01496	0.01472	0.00853	0.01040	0.00720	0.00633	0.00709	0.00158	0.13953	0.00381	0.00292	0.00646
23	0.00668	0.00482	0.00626	0.00739	0.00779	0.00447	0.00493	0.00762	0.01047	0.01384	0.03124	0.72428	0.08489	0.04773	0.00773	0.00231	0.00322	0.01493	0.00499	0.00440
24	0.12348	0.01146	0.04640	0.01544	0.18660	0.01008	0.06119	0.02705	0.01261	0.17717	0.03056	0.01499	0.01054	0.00543	0.00492	0.00146	0.00527	0.01967	0.00392	0.23175
25	0.01182	0.01100	0.05004	0.01106	0.04173	0.01145	0.00849	0.02225	0.48532	0.01992	0.06217	0.04858	0.06315	0.09322	0.00842	0.00222	0.02989	0.00696	0.00492	0.00739
26	0.00671	0.00482	0.00626	0.00738	0.00776	0.00449	0.00491	0.00762	0.01039	0.01376	0.03061	0.71812	0.07423	0.06495	0.00819	0.00238	0.00327	0.01483	0.00495	0.00437
27	0.01098	0.02788	0.76246	0.01571	0.02371	0.01269	0.03752	0.01727	0.01154	0.01727	0.00981	0.01159	0.00694	0.00517	0.00521	0.00173	0.00808	0.00409	0.00231	0.00804
28	0.01430	0.01292	0.03791	0.24784	0.19636	0.10219	0.03057	0.04375	0.01286	0.11003	0.01243	0.06184	0.01019	0.00629	0.00586	0.00169	0.03492	0.00535	0.00338	0.04934
29	0.00800	0.00615	0.00916	0.00904	0.00997	0.00731	0.00707	0.00991	0.00874	0.01268	0.01423	0.02094	0.01330	0.03931	0.74801	0.00844	0.05414	0.00579	0.00289	0.00492
30	0.00766	0.00557	0.00721	0.00680	0.00811	0.00512	0.00510	0.01018	0.01529	0.02153	0.73866	0.04126	0.08450	0.01127	0.00643	0.00172	0.00258	0.00993	0.00596	0.00512
31	0.02466	0.11649	0.51168	0.01590	0.07721	0.01346	0.06112	0.01658	0.01172	0.01707	0.05471	0.01323	0.00976	0.00553	0.00547	0.00168	0.02903	0.00445	0.00260	0.00767
32	0.00926	0.04147	0.09612	0.02458	0.01300	0.00848	0.04601	0.01366	0.12419	0.01639	0.04077	0.20035	0.15608	0.01307	0.04349	0.00233	0.00515	0.13524	0.00446	0.00591
33	0.01285	0.01494	0.05377	0.02205	0.02749	0.01374	0.68798	0.01814	0.05741	0.01777	0.01165	0.01494	0.00873	0.00478	0.00634	0.00184	0.00887	0.00634	0.00291	0.00745
34	0.04550	0.00976	0.01186	0.00949	0.01299	0.00948	0.00769	0.19226	0.01709	0.40247	0.08590	0.05974	0.03987	0.00774	0.00548	0.00168	0.00449	0.00631	0.06204	0.00814
35	0.01332	0.01184	0.01968	0.26719	0.26670	0.01262	0.11906	0.07834	0.05254	0.05655	0.02659	0.01580	0.02375	0.00566	0.00562	0.00174	0.00672	0.00540	0.00331	0.00759
36	0.01298	0.04944	0.62326	0.01480	0.02193	0.09710	0.01796	0.01835	0.01220	0.06784	0.01036	0.01172	0.00736	0.00532	0.00512	0.00167	0.00796	0.00404	0.00266	0.00792
37	0.04303	0.02556	0.01525	0.01386	0.01668	0.76528	0.01041	0.02161	0.01528	0.01365	0.00840	0.00980	0.00699	0.00560	0.00487	0.00141	0.00968	0.00350	0.00282	0.00631
38	0.01564	0.00939	0.01255	0.01040	0.01345	0.00930	0.07037	0.04433	0.20543	0.27850	0.09183	0.09359	0.04851	0.06220	0.00733	0.00204	0.00463	0.00742	0.00555	0.00755
39	0.00779	0.00584	0.00876	0.00876	0.00974	0.00681	0.00681	0.00974	0.00876	0.01266	0.01460	0.02142	0.01363	0.04089	0.78680	0.00876	0.01460	0.00584	0.00292	0.00487
40	0.01449	0.78608	0.02819	0.00949	0.01400	0.02142	0.00941	0.01622	0.01099	0.01284	0.00757	0.00885	0.00700	0.00482	0.00396	0.00121	0.03120	0.00297	0.00233	0.00696
41	0.00706	0.00541	0.00806	0.00863	0.00929	0.00506	0.05543	0.00825	0.01060	0.01416	0.02877	0.75175	0.03419	0.01624	0.00692	0.00219	0.00357	0.01489	0.00491	0.00462
42	0.01126	0.09356	0.67777	0.01464	0.02224	0.01314	0.01854	0.01701	0.01146	0.01691	0.00959	0.01127	0.00697	0.00508	0.00498	0.00163	0.00767	0.00389	0.00235	0.05002
43	0.02446	0.00928	0.01265	0.00970	0.01392	0.00801	0.00801	0.02657	0.01560	0.77817	0.02151	0.01856	0.01350	0.00675	0.00548	0.00169	0.00464	0.00548	0.00675	0.00928
44	0.01962	0.02479	0.01505	0.01373	0.01643	0.74027	0.01031	0.02106	0.01505	0.01330	0.00879	0.01052	0.00741	0.00771	0.05129	0.00184	0.01011	0.00365	0.00282	0.00623
45	0.00664	0.00474	0.00633	0.00759	0.00791	0.00443	0.00506	0.00759	0.01044	0.01392	0.03005	0.80485	0.03606	0.01708	0.00696	0.00221	0.00316	0.01550	0.00506	0.00443
46	0.02330	0.00928	0.01247	0.00964	0.01368	0.00818	0.00793	0.05329	0.01597	0.70400	0.06673	0.01969	0.01564	0.00701	0.00554	0.00169	0.00457	0.00573	0.00665	0.00903
47	0.00769	0.00552	0.00696	0.00664	0.00796	0.00507	0.00496	0.01009	0.01479	0.02085	0.63882	0.05673	0.12685	0.01130	0.00630	0.00171	0.00260	0.00990	0.05018	0.00507
48	0.00664	0.00474	0.00633	0.00759	0.00791	0.00443	0.00506	0.00759	0.01044	0.01392	0.03005	0.80485	0.03606	0.01708	0.00696	0.00221	0.00316	0.01550	0.00506	0.00443
49	0.01337	0.01283	0.02191	0.06240	0.74641	0.01292	0.01667	0.01663	0.01236	0.01766	0.01023	0.01353	0.00858	0.00488	0.00540	0.00163	0.00651	0.00486	0.00269	0.00854
50	0.00718	0.00521	0.00664	0.00763	0.00808	0.00506	0.00510	0.00889	0.05492	0.01411	0.02830	0.68160	0.03329	0.09543	0.00895	0.00250	0.00344	0.01419	0.00491	0.00457
51	0.00779	0.00584	0.00876	0.00876	0.00974	0.00681	0.00681	0.00974	0.00876	0.01266	0.01460	0.02142	0.01363	0.04089	0.78680	0.00876	0.01460	0.00584	0.00292	0.00487
52	0.01284	0.01462	0.03170	0.02271	0.02806	0.01388	0.73198	0.01733	0.01273	0.01733	0.01091	0.01462	0.00824	0.00475	0.00678	0.00185	0.03323	0.00638	0.00275	0.00731
53	0.00773	0.00520	0.00601	0.00620	0.00625	0.00515	0.00358	0.00788	0.00832	0.01109	0.01918	0.15560	0.02235	0.68502	0.02451	0.00481	0.00495	0.00911	0.00358	0.00348
54	0.05102	0.04565	0.01564	0.05990	0.01777	0.64315	0.01059	0.06553	0.01544	0.01506	0.00873	0.01024	0.00713	0.00562	0.00488	0.00145	0.00912	0.00364	0.00295	0.00649
55	0.01140	0.00999	0.01257	0.00898	0.01387	0.00766	0.05189	0.01395	0.01140	0.01775	0.00977	0.01151	0.00809	0.00407	0.00418	0.00087	0.00435	0.00342	0.00320	0.79107
56	0.07140	0.01286	0.03991	0.01367	0.06130	0.06055	0.05624	0.15369	0.05811	0.11570	0.02798	0.05433	0.01249	0.00858	0.02510	0.00204	0.17292	0.04167	0.00415	0.00732

[dist]
# distance from previous block
# <min> <max>
0	1

[block]
# block no. 1 follows, 44 sequences, length 33
# corresponding to MSA columns:
# 90-122
name=unknown_B
#
# <colnr> <probs for GDERKNQSTAVLIFYWHMCP>
#	G	D	E	R	K	N	Q	S	T	A	V	L	I	F	Y	W	H	M	C	P
0	0.00795	0.00564	0.00735	0.00790	0.02880	0.00583	0.00517	0.00887	0.00908	0.01237	0.03779	0.12617	0.02160	0.42920	0.20537	0.00536	0.00722	0.06060	0.00360	0.00413
1	0.01610	0.07239	0.03930	0.08849	0.06796	0.33711	0.24449	0.04005	0.01396	0.01561	0.00957	0.01206	0.00759	0.00519	0.00540	0.00159	0.00878	0.00464	0.00278	0.00693
2	0.01056	0.03177	0.05045	0.03406	0.03452	0.00962	0.02498	0.04958	0.19863	0.01841	0.10942	0.13991	0.07704	0.06719	0.00795	0.00213	0.02935	0.06963	0.00463	0.03015
3	0.02670	0.28419	0.10166	0.01190	0.03168	0.16084	0.02153	0.03807	0.10903	0.01623	0.01036	0.01148	0.00847	0.00541	0.00494	0.00140	0.03543	0.00382	0.00306	0.11380
4	0.00689	0.00554	0.00614	0.00599	0.00764	0.00479	0.00449	0.00869	0.01348	0.01722	0.30582	0.04836	0.52004	0.01288	0.00644	0.00180	0.00270	0.01093	0.00539	0.00479
5	0.01401	0.01049	0.01158	0.01023	0.01319	0.01158	0.00799	0.04054	0.53742	0.11232	0.12687	0.02362	0.04002	0.00798	0.00568	0.00181	0.00411	0.00671	0.00574	0.00813
6	0.01495	0.00950	0.01184	0.00976	0.01251	0.04550	0.07134	0.13495	0.01468	0.17111	0.05480	0.01903	0.01417	0.01133	0.11380	0.00253	0.00611	0.00553	0.26974	0.00681
7	0.05942	0.01081	0.01973	0.01590	0.04030	0.01056	0.35890	0.01536	0.08924	0.01739	0.03253	0.21707	0.03115	0.02554	0.00675	0.00201	0.00636	0.03069	0.00384	0.00645
8	0.00653	0.00553	0.00565	0.00562	0.00742	0.00464	0.00421	0.00800	0.01264	0.01523	0.10574	0.05164	0.72136	0.01362	0.00644	0.00183	0.00275	0.01139	0.00513	0.00464
9	0.00676	0.00479	0.00629	0.00744	0.00773	0.00451	0.00490	0.00762	0.01021	0.01361	0.02886	0.73379	0.03456	0.09018	0.00888	0.00250	0.00336	0.01480	0.00490	0.00432
10	0.00667	0.00480	0.00638	0.00757	0.00795	0.00451	0.00509	0.00767	0.01044	0.01390	0.03025	0.75694	0.05646	0.01778	0.03311	0.00242	0.00354	0.01506	0.00499	0.00445
11	0.01349	0.01295	0.02213	0.03346	0.77440	0.01295	0.01673	0.01673	0.01241	0.01781	0.01025	0.01349	0.00864	0.00486	0.00540	0.00162	0.00648	0.00486	0.00270	0.00864
12	0.02343	0.00927	0.01235	0.00954	0.01358	0.00821	0.00786	0.05630	0.01577	0.70085	0.02093	0.01843	0.01335	0.00672	0.00538	0.00166	0.00457	0.00543	0.05736	0.00902
13	0.00679	0.00490	0.00646	0.00766	0.00813	0.00457	0.00528	0.00787	0.01070	0.01414	0.03129	0.71075	0.07459	0.01676	0.00697	0.00222	0.00328	0.06811	0.00506	0.00448
14	0.01356	0.01171	0.01233	0.01109	0.01418	0.01356	0.00863	0.02897	0.76455	0.02281	0.02219	0.02034	0.01664	0.00740	0.00555	0.00185	0.00431	0.00616	0.00555	0.00863
15	0.02040	0.02491	0.01554	0.01389	0.01686	0.70954	0.01052	0.09523	0.01647	0.01544	0.00889	0.01016	0.00725	0.00571	0.00497	0.00143	0.00945	0.00365	0.00307	0.00662
16	0.00695	0.00489	0.00632	0.00733	0.00761	0.00465	0.00481	0.00776	0.01000	0.01332	0.02747	0.63308	0.03272	0.17366	0.01109	0.00283	0.00363	0.03296	0.00471	0.00422
17	0.01130	0.00969	0.01130	0.00807	0.01292	0.00727	0.00646	0.01373	0.01130	0.01776	0.00969	0.01130	0.00807	0.00404	0.00404	0.00081	0.00404	0.00323	0.00323	0.84173
18	0.01253	0.01227	0.01607	0.01376	0.01411	0.04343	0.01133	0.05634	0.00958	0.01423	0.00808	0.01317	0.00794	0.05142	0.01723	0.00246	0.68250	0.00490	0.00263	0.00603
19	0.01514	0.01204	0.01288	0.01120	0.01452	0.01368	0.00882	0.12451	0.62380	0.06822	0.02095	0.01928	0.01549	0.00725	0.00553	0.00181	0.00456	0.00596	0.00560	0.00875
20	0.01478	0.78380	0.02810	0.00950	0.01409	0.04872	0.00937	0.01652	0.01123	0.01284	0.00761	0.00878	0.00700	0.00470	0.00355	0.00117	0.00597	0.00294	0.00235	0.00697
21	0.00783	0.00528	0.00594	0.00598	0.00606	0.00523	0.00339	0.00791	0.00819	0.01084	0.01914	0.05957	0.05138	0.75172	0.02624	0.00505	0.00512	0.00830	0.00343	0.00339
22	0.00980	0.00780	0.00882	0.00811	0.01016	0.00803	0.00621	0.05823	0.22323	0.02114	0.34905	0.06019	0.18650	0.01057	0.00615	0.00179	0.00331	0.00906	0.00562	0.00622
23	0.00686	0.00490	0.00658	0.00784	0.00826	0.00462	0.00544	0.00797	0.01065	0.01416	0.02993	0.72842	0.03558	0.01687	0.00702	0.00224	0.00335	0.08975	0.00506	0.00449
24	0.01163	0.00551	0.00586	0.00556	0.00713	0.00538	0.00424	0.01413	0.01186	0.09824	0.01817	0.02014	0.01392	0.00639	0.00398	0.00131	0.00276	0.00512	0.75314	0.00551
25	0.01325	0.01375	0.06602	0.05413	0.70976	0.01291	0.01688	0.01668	0.01232	0.01767	0.01021	0.01341	0.00850	0.00489	0.00539	0.00163	0.00659	0.00481	0.00267	0.00853
26	0.01004	0.00512	0.00528	0.00528	0.00653	0.00517	0.00397	0.01255	0.01129	0.01992	0.01762	0.02038	0.01396	0.00818	0.04516	0.00167	0.00318	0.00512	0.79453	0.00507
27	0.00697	0.00503	0.00667	0.00787	0.00841	0.00473	0.00560	0.00819	0.01087	0.01434	0.03115	0.64928	0.07292	0.01659	0.00702	0.00224	0.00344	0.12910	0.00505	0.00453
28	0.00657	0.00503	0.00603	0.00682	0.00771	0.00449	0.00472	0.00768	0.01118	0.01422	0.03941	0.52498	0.30988	0.01586	0.00677	0.00208	0.00301	0.01401	0.00506	0.00449
29	0.01421	0.35821	0.04467	0.01036	0.01374	0.15347	0.00902	0.07936	0.05124	0.01566	0.01397	0.18553	0.01409	0.00789	0.00484	0.00153	0.00597	0.00617	0.00345	0.00662
30	0.03151	0.03227	0.20269	0.01518	0.03446	0.01164	0.23210	0.06928	0.02873	0.04938	0.01257	0.07347	0.01041	0.00588	0.00544	0.00160	0.00672	0.00560	0.00333	0.16773
31	0.05699	0.08160	0.03931	0.06456	0.11624	0.01253	0.12747	0.07413	0.06757	0.12653	0.10100	0.01808	0.03034	0.00662	0.00618	0.00172	0.05187	0.00571	0.00408	0.00747
32	0.01199	0.03462	0.02033	0.06234	0.07949	0.06127	0.23950	0.01467	0.01160	0.01564	0.06658	0.03481	0.07373	0.00765	0.00948	0.00193	0.23852	0.00629	0.00308	0.00646

[dist]
# distance from previous block
# <min> <max>
1	5

[block]
# block no. 2 follows, 44 sequences, length 28
# corresponding to MSA columns:
# 154-177,179-182
name=unknown_C
#
# <colnr> <probs for GDERKNQSTAVLIFYWHMCP>
#	G	D	E	R	K	N	Q	S	T	A	V	L	I	F	Y	W	H	M	C	P
0	0.01295	0.33166	0.36196	0.01334	0.03976	0.06843	0.03263	0.01683	0.01173	0.01532	0.02599	0.02830	0.00864	0.00537	0.00461	0.00150	0.00707	0.00402	0.00251	0.00738
1	0.03270	0.11292	0.33864	0.13800	0.03800	0.01314	0.04291	0.04120	0.01180	0.01700	0.02625	0.01245	0.00825	0.00534	0.00542	0.00158	0.03742	0.00420	0.00268	0.11010
2	0.01370	0.08112	0.01690	0.01174	0.01621	0.03666	0.12579	0.08348	0.15721	0.03745	0.01265	0.01363	0.00985	0.00516	0.00485	0.00131	0.00543	0.00448	0.00379	0.35860
3	0.00697	0.00562	0.00616	0.00619	0.00772	0.00497	0.00454	0.00889	0.03479	0.01607	0.18554	0.13489	0.50215	0.04204	0.00724	0.00198	0.00291	0.01137	0.00519	0.00476
4	0.05985	0.03028	0.05286	0.11690	0.10944	0.08136	0.13518	0.08234	0.05603	0.14149	0.03605	0.01696	0.02782	0.00618	0.00550	0.00171	0.00658	0.02195	0.00394	0.00756
5	0.03741	0.01465	0.06894	0.11264	0.11436	0.05881	0.27319	0.04820	0.13212	0.01829	0.01207	0.01455	0.00927	0.00566	0.00645	0.00180	0.05546	0.00543	0.00323	0.00749
6	0.00666	0.00550	0.00585	0.00583	0.00752	0.00469	0.00435	0.00823	0.01286	0.01590	0.17471	0.07911	0.62299	0.01348	0.00646	0.00183	0.00274	0.01138	0.00522	0.00469
7	0.00802	0.00638	0.00758	0.00852	0.03604	0.02389	0.00625	0.01006	0.02863	0.01580	0.07827	0.23501	0.27552	0.01382	0.00664	0.00205	0.00373	0.19055	0.03825	0.00498
8	0.01071	0.10201	0.05331	0.01114	0.05472	0.03265	0.04239	0.03774	0.01065	0.04167	0.03311	0.02017	0.01337	0.11937	0.38664	0.00548	0.01032	0.00562	0.00315	0.00577
9	0.00684	0.00483	0.00637	0.00741	0.00780	0.00452	0.00496	0.00775	0.01056	0.01411	0.07104	0.68577	0.05495	0.04830	0.00821	0.02959	0.00326	0.01442	0.00496	0.00436
10	0.18213	0.01009	0.01243	0.00993	0.01342	0.01032	0.00821	0.04893	0.01376	0.50245	0.01658	0.01559	0.01102	0.00679	0.00674	0.00178	0.11131	0.00488	0.00546	0.00818
11	0.04894	0.45423	0.07886	0.01120	0.01536	0.16721	0.01048	0.07514	0.01283	0.01542	0.00831	0.00972	0.00714	0.00538	0.00502	0.00139	0.06025	0.00339	0.00271	0.00701
12	0.00777	0.04322	0.00763	0.00731	0.00859	0.04913	0.00533	0.00900	0.01159	0.01423	0.03757	0.40577	0.31940	0.01453	0.00650	0.00199	0.00357	0.03733	0.00481	0.00474
13	0.00664	0.00474	0.00633	0.00759	0.00791	0.00443	0.00506	0.00759	0.01044	0.01392	0.03005	0.80485	0.03606	0.01708	0.00696	0.00221	0.00316	0.01550	0.00506	0.00443
14	0.01093	0.02820	0.78016	0.01554	0.02360	0.01266	0.02014	0.01727	0.01151	0.01727	0.00978	0.01151	0.00691	0.00518	0.00518	0.00173	0.00806	0.00403	0.00230	0.00806
15	0.01250	0.01251	0.06171	0.12942	0.04736	0.02458	0.16328	0.05512	0.26361	0.01963	0.04211	0.02124	0.01452	0.00699	0.00580	0.00184	0.00614	0.06792	0.03633	0.00739
16	0.01079	0.00554	0.00567	0.00552	0.00697	0.00559	0.00418	0.01394	0.04796	0.04481	0.01812	0.02027	0.01409	0.00641	0.00395	0.00131	0.00269	0.00515	0.77166	0.00539
17	0.01368	0.34602	0.06126	0.04190	0.03950	0.05658	0.23365	0.01650	0.01153	0.01465	0.00884	0.01144	0.00745	0.00538	0.00650	0.00160	0.10963	0.00441	0.00250	0.00699
18	0.00788	0.00526	0.00596	0.00601	0.00602	0.00525	0.00337	0.00792	0.00803	0.01070	0.01767	0.06539	0.02045	0.77784	0.02695	0.00517	0.00520	0.00822	0.00337	0.00335
19	0.01283	0.04123	0.02367	0.08380	0.16588	0.01267	0.35339	0.03108	0.06851	0.04483	0.05223	0.01818	0.05395	0.00588	0.00594	0.00176	0.00713	0.00625	0.00339	0.00741
20	0.01196	0.03934	0.13326	0.01390	0.06789	0.01000	0.12393	0.05480	0.02918	0.09014	0.01950	0.21632	0.03481	0.01067	0.03173	0.00215	0.02062	0.07897	0.00410	0.00673
21	0.00881	0.00550	0.00642	0.00630	0.00662	0.00539	0.00376	0.00911	0.00886	0.05615	0.05268	0.07797	0.02181	0.68075	0.02431	0.00474	0.00500	0.00830	0.00373	0.00380
22	0.00947	0.00473	0.00710	0.00710	0.00710	0.00473	0.00473	0.00710	0.00710	0.00947	0.00947	0.01657	0.00947	0.01894	0.02131	0.84138	0.00473	0.00473	0.00237	0.00237
23	0.06367	0.07243	0.09309	0.04498	0.06165	0.10241	0.15452	0.09670	0.19000	0.04687	0.01327	0.01429	0.01000	0.00578	0.00531	0.00168	0.00677	0.00501	0.00378	0.00778
24	0.01363	0.01339	0.13004	0.24590	0.09208	0.01201	0.05655	0.10928	0.03920	0.10607	0.03447	0.01635	0.02686	0.00809	0.04959	0.00215	0.02805	0.00528	0.00362	0.00740
25	0.00852	0.00562	0.00720	0.00725	0.00854	0.00514	0.00533	0.01030	0.01297	0.07841	0.29801	0.28763	0.16724	0.01446	0.03770	0.00220	0.00350	0.02940	0.00545	0.00514
26	0.04221	0.12197	0.13271	0.09259	0.08623	0.01370	0.05699	0.13516	0.01360	0.06523	0.01310	0.06243	0.02888	0.00807	0.03646	0.00200	0.07250	0.00539	0.00347	0.00732
27	0.03309	0.01536	0.12795	0.01525	0.13000	0.07411	0.03793	0.20288	0.07928	0.09574	0.07659	0.01819	0.05567	0.00678	0.00550	0.00168	0.00603	0.00560	0.00438	0.00798

[dist]
# distance from previous block
# <min> <max>
0	2

[block]
# block no. 3 follows, 44 sequences, length 41
# corresponding to MSA columns:
# 185-225
name=unknown_D
#
# <colnr> <probs for GDERKNQSTAVLIFYWHMCP>
#	G	D	E	R	K	N	Q	S	T	A	V	L	I	F	Y	W	H	M	C	P
0	0.01463	0.08242	0.03262	0.05349	0.04506	0.26987	0.02789	0.05500	0.08178	0.01654	0.01614	0.02410	0.03653	0.00805	0.00584	0.00175	0.02609	0.16029	0.03541	0.00649
1	0.04411	0.01035	0.01221	0.09216	0.03025	0.02778	0.00861	0.12886	0.06797	0.01978	0.01479	0.08436	0.01357	0.00806	0.02312	0.00168	0.01709	0.08128	0.00396	0.30999
2	0.03136	0.28743	0.30808	0.07804	0.03127	0.03592	0.01378	0.04228	0.05099	0.01634	0.01032	0.03518	0.00847	0.00553	0.00465	0.00153	0.00668	0.00417	0.00275	0.02523
3	0.03386	0.00794	0.07208	0.03201	0.01072	0.02487	0.00693	0.01048	0.01130	0.05477	0.07701	0.49117	0.06939	0.04286	0.00724	0.00216	0.00403	0.03127	0.00473	0.00516
4	0.00902	0.00652	0.00735	0.00720	0.00867	0.00652	0.00523	0.02761	0.12481	0.01763	0.11223	0.19312	0.14497	0.09558	0.02699	0.00229	0.00367	0.00925	0.16081	0.03052
5	0.01313	0.12507	0.19734	0.06145	0.05324	0.04793	0.10064	0.09886	0.04646	0.04248	0.03828	0.05730	0.06361	0.00696	0.00544	0.00169	0.00650	0.02280	0.00354	0.00728
6	0.33399	0.01294	0.03153	0.12085	0.09482	0.08393	0.07557	0.01737	0.07876	0.01951	0.01037	0.01324	0.00835	0.00583	0.00549	0.00176	0.05413	0.02169	0.00322	0.00664
7	0.00682	0.00554	0.00604	0.00591	0.00759	0.00476	0.00444	0.00855	0.01331	0.01682	0.26550	0.04902	0.56060	0.01303	0.00644	0.00180	0.00271	0.01102	0.00534	0.00476
8	0.01362	0.00994	0.01234	0.03591	0.03667	0.01054	0.03645	0.10941	0.27535	0.11110	0.18359	0.08921	0.03466	0.00869	0.00588	0.00180	0.00440	0.00752	0.00544	0.00749
9	0.82512	0.01067	0.00823	0.00731	0.01071	0.01235	0.00602	0.03555	0.00971	0.02472	0.00774	0.00897	0.00599	0.00510	0.00343	0.00169	0.00426	0.00300	0.00343	0.00599
10	0.00793	0.00529	0.00595	0.00595	0.00595	0.00529	0.00330	0.00793	0.00793	0.01057	0.01718	0.03568	0.01982	0.80840	0.02775	0.00529	0.00529	0.00793	0.00330	0.00330
11	0.01191	0.04592	0.40338	0.01431	0.01899	0.05945	0.03776	0.01582	0.01080	0.03084	0.01015	0.03454	0.00859	0.03700	0.02741	0.00217	0.21657	0.00476	0.00259	0.00702
12	0.01466	0.72506	0.07179	0.00994	0.01470	0.06084	0.01002	0.01666	0.01133	0.01311	0.00775	0.00896	0.00699	0.00474	0.00367	0.00121	0.00617	0.00301	0.00236	0.00702
13	0.02106	0.01473	0.01603	0.01229	0.01664	0.01611	0.01015	0.69053	0.02473	0.10132	0.01385	0.01358	0.00965	0.00656	0.00546	0.00164	0.00588	0.00496	0.00557	0.00927
14	0.00666	0.00553	0.00582	0.00575	0.00749	0.00469	0.00431	0.00824	0.01293	0.01592	0.17486	0.05051	0.65181	0.01336	0.00644	0.00182	0.00273	0.01123	0.00522	0.00469
15	0.01051	0.00991	0.01674	0.74416	0.08701	0.01217	0.01525	0.01412	0.01100	0.01419	0.00973	0.01446	0.00736	0.00541	0.00545	0.00180	0.00721	0.00485	0.00244	0.00623
16	0.01407	0.01404	0.02157	0.03184	0.71098	0.07771	0.01621	0.01715	0.01267	0.01744	0.01010	0.01319	0.00850	0.00492	0.00536	0.00160	0.00676	0.00474	0.00271	0.00844
17	0.00791	0.00534	0.00625	0.00625	0.00635	0.00545	0.00368	0.00812	0.00802	0.01079	0.01690	0.03415	0.01916	0.72629	0.10896	0.00566	0.00628	0.00770	0.00326	0.00347
18	0.00709	0.00555	0.00642	0.00620	0.00776	0.00488	0.00465	0.00908	0.01396	0.01837	0.42085	0.04647	0.40429	0.01245	0.00644	0.00178	0.00266	0.01067	0.00554	0.00488
19	0.08039	0.00583	0.00571	0.00552	0.00705	0.00600	0.00421	0.03256	0.01178	0.02110	0.04546	0.01995	0.01460	0.00643	0.00392	0.00133	0.00277	0.00508	0.71505	0.00526
20	0.01136	0.01124	0.01574	0.06600	0.01529	0.01538	0.01149	0.01273	0.00886	0.01331	0.01135	0.01550	0.07120	0.00962	0.01610	0.00230	0.67871	0.00534	0.00261	0.00586
21	0.00811	0.00598	0.00763	0.00714	0.00855	0.00571	0.00538	0.01154	0.06572	0.02193	0.72122	0.03936	0.04910	0.01089	0.00637	0.00172	0.00269	0.00961	0.00597	0.00538
22	0.00755	0.00557	0.00705	0.00668	0.00804	0.00507	0.00501	0.00996	0.01503	0.02091	0.67613	0.04229	0.14742	0.01150	0.00643	0.00173	0.00260	0.01008	0.00588	0.00507
23	0.55805	0.01405	0.01054	0.00920	0.01259	0.17027	0.00737	0.08459	0.01236	0.06504	0.00903	0.00998	0.00686	0.00540	0.00399	0.00162	0.00555	0.00338	0.00363	0.00648
24	0.00912	0.00716	0.00821	0.00873	0.07276	0.00657	0.00595	0.04957	0.05054	0.05837	0.04578	0.04370	0.58947	0.01197	0.00621	0.00180	0.00342	0.01001	0.00500	0.00564
25	0.01420	0.01203	0.01269	0.01122	0.01442	0.01386	0.00878	0.09371	0.69877	0.02383	0.02138	0.01969	0.01599	0.00732	0.00554	0.00183	0.00446	0.00605	0.00554	0.00869
26	0.00784	0.00563	0.00772	0.00772	0.00833	0.00625	0.00551	0.00906	0.00845	0.01188	0.01556	0.02671	0.01593	0.32573	0.50510	0.00747	0.01114	0.00662	0.00306	0.00429
27	0.01287	0.01471	0.03217	0.02298	0.02849	0.01379	0.75460	0.01746	0.01287	0.01746	0.01103	0.01471	0.00827	0.00460	0.00643	0.00184	0.00919	0.00643	0.00276	0.00735
28	0.01334	0.01215	0.01392	0.14203	0.01819	0.05264	0.01032	0.06502	0.41755	0.01997	0.03904	0.01772	0.01373	0.00738	0.00746	0.00189	0.13002	0.00563	0.00440	0.00760
29	0.00659	0.00551	0.00575	0.00574	0.00747	0.00466	0.00428	0.00810	0.01271	0.01551	0.13569	0.07370	0.66838	0.01360	0.00646	0.00184	0.00275	0.01144	0.00517	0.00466
30	0.06859	0.30028	0.27629	0.06042	0.05818	0.03279	0.02946	0.01629	0.01145	0.01615	0.03202	0.01176	0.00856	0.00516	0.00448	0.00148	0.00652	0.00387	0.02250	0.03378
31	0.01197	0.01111	0.01831	0.19617	0.42045	0.01186	0.02929	0.03833	0.01233	0.01718	0.06328	0.06879	0.01312	0.00716	0.02069	0.00188	0.04166	0.00596	0.00310	0.00735
32	0.03392	0.11122	0.06717	0.13761	0.01840	0.08604	0.04264	0.15544	0.02959	0.01877	0.06823	0.01563	0.02356	0.00823	0.02453	0.08894	0.00639	0.00489	0.00348	0.05532
33	0.00905	0.01000	0.10320	0.01048	0.01243	0.03901	0.04727	0.01163	0.02549	0.01565	0.11104	0.29723	0.02607	0.01577	0.10239	0.00288	0.06385	0.08688	0.00418	0.00549
34	0.00664	0.00474	0.00633	0.00759	0.00791	0.00443	0.00506	0.00759	0.01044	0.01392	0.03005	0.80485	0.03606	0.01708	0.00696	0.00221	0.00316	0.01550	0.00506	0.00443
35	0.06046	0.01017	0.01414	0.06634	0.13715	0.01011	0.04068	0.10223	0.03016	0.29002	0.04466	0.01904	0.03037	0.00665	0.00532	0.00167	0.00509	0.02320	0.09464	0.00788
36	0.01264	0.03935	0.43669	0.05062	0.04607	0.04391	0.11832	0.06706	0.03562	0.04090	0.01255	0.02869	0.03135	0.00579	0.00543	0.00173	0.00755	0.00498	0.00298	0.00776
37	0.00715	0.00506	0.00669	0.00781	0.00825	0.00483	0.00548	0.00825	0.01050	0.01394	0.02839	0.59313	0.03343	0.10683	0.00942	0.00261	0.00371	0.13526	0.00485	0.00440
38	0.00664	0.00474	0.00633	0.00759	0.00791	0.00443	0.00506	0.00759	0.01044	0.01392	0.03005	0.80485	0.03606	0.01708	0.00696	0.00221	0.00316	0.01550	0.00506	0.00443
39	0.77772	0.01184	0.00864	0.00774	0.01107	0.07704	0.00629	0.01651	0.00979	0.02353	0.00766	0.00894	0.00600	0.00511	0.00350	0.00166	0.00469	0.00300	0.00333	0.00594
40	0.32100	0.32606	0.01677	0.00866	0.01222	0.08108	0.00762	0.02880	0.01163	0.01876	0.11143	0.01329	0.01267	0.00580	0.00401	0.00146	0.00514	0.00396	0.00331	0.00632

[dist]
# distance from previous block
# <min> <max>
0	4

[block]
# block no. 4 follows, 44 sequences, length 6
# corresponding to MSA columns:
# 230-235
name=unknown_E
#
# <colnr> <probs for GDERKNQSTAVLIFYWHMCP>
#	G	D	E	R	K	N	Q	S	T	A	V	L	I	F	Y	W	H	M	C	P
0	0.04220	0.25759	0.09261	0.01154	0.04410	0.07780	0.01004	0.09651	0.11958	0.01802	0.01258	0.06085	0.01088	0.00833	0.05252	0.00192	0.00639	0.00479	0.00347	0.06828
1	0.07305	0.44618	0.23676	0.01086	0.01638	0.01687	0.01189	0.01691	0.01130	0.05238	0.00901	0.01016	0.00727	0.00490	0.00409	0.00136	0.00617	0.00338	0.00267	0.05839
2	0.01416	0.09499	0.10740	0.01461	0.09232	0.04843	0.09938	0.11570	0.09147	0.07966	0.04411	0.03283	0.04392	0.01001	0.08447	0.00238	0.00710	0.00566	0.00390	0.00751
3	0.01156	0.07003	0.19358	0.01478	0.04195	0.01221	0.20379	0.01810	0.17274	0.01845	0.09711	0.02104	0.08655	0.00690	0.00572	0.00175	0.00627	0.00638	0.00378	0.00731
4	0.00794	0.00520	0.00683	0.00750	0.00830	0.00477	0.00521	0.00922	0.01160	0.06478	0.13588	0.60170	0.07972	0.01538	0.00676	0.00209	0.00315	0.01382	0.00530	0.00485
5	0.01410	0.03563	0.04699	0.07849	0.39882	0.10516	0.04581	0.06830	0.03304	0.01798	0.01111	0.04077	0.00940	0.00554	0.00530	0.00158	0.00671	0.00498	0.00306	0.06723

[dist]
# distance from previous block
# <min> <max>
0	3

[block]
# block no. 5 follows, 44 sequences, length 9
# corresponding to MSA columns:
# 239-247
name=unknown_F
#
# <colnr> <probs for GDERKNQSTAVLIFYWHMCP>
#	G	D	E	R	K	N	Q	S	T	A	V	L	I	F	Y	W	H	M	C	P
0	0.06292	0.06345	0.01789	0.04932	0.30015	0.13900	0.01229	0.12181	0.03786	0.09788	0.01219	0.01473	0.00970	0.00587	0.00519	0.00162	0.00651	0.03000	0.00369	0.00794
1	0.01313	0.01280	0.02013	0.10486	0.54738	0.05044	0.04203	0.01698	0.05329	0.01772	0.05881	0.01555	0.01154	0.00548	0.00549	0.00165	0.00646	0.00523	0.00304	0.00800
2	0.01080	0.01037	0.00991	0.00959	0.01094	0.18481	0.00728	0.01254	0.01039	0.01311	0.01353	0.01958	0.01252	0.07795	0.51801	0.00645	0.01227	0.00539	0.04943	0.00512
3	0.51925	0.05266	0.06094	0.01095	0.05465	0.05275	0.03588	0.10300	0.01201	0.02314	0.00867	0.01010	0.00674	0.00533	0.00438	0.00166	0.02423	0.00355	0.00339	0.00671
4	0.00947	0.00473	0.00710	0.00710	0.00710	0.00473	0.00473	0.00710	0.00710	0.00947	0.00947	0.01657	0.00947	0.01894	0.02131	0.84138	0.00473	0.00473	0.00237	0.00237
5	0.01427	0.01289	0.01928	0.06014	0.44099	0.01374	0.03546	0.11946	0.15868	0.02066	0.01282	0.01478	0.01013	0.00577	0.00594	0.00171	0.03608	0.00516	0.00360	0.00846
6	0.01353	0.18121	0.35593	0.06195	0.01949	0.06023	0.01411	0.01741	0.01196	0.10389	0.01183	0.06198	0.00960	0.00611	0.00523	0.00161	0.02388	0.00471	0.00307	0.03227
7	0.01215	0.11045	0.15006	0.01562	0.08159	0.05021	0.18716	0.03903	0.03258	0.03040	0.02807	0.17941	0.01517	0.00786	0.00572	0.00176	0.00654	0.02084	0.00345	0.02195
8	0.40193	0.14187	0.17365	0.00994	0.01463	0.03402	0.00995	0.06843	0.01163	0.04889	0.00904	0.01015	0.00690	0.00517	0.00406	0.00157	0.00556	0.00342	0.00323	0.03595

[dist]
# distance from previous block
# <min> <max>
0	1

[block]
# block no. 6 follows, 44 sequences, length 33
# corresponding to MSA columns:
# 249-281
name=unknown_G
#
# <colnr> <probs for GDERKNQSTAVLIFYWHMCP>
#	G	D	E	R	K	N	Q	S	T	A	V	L	I	F	Y	W	H	M	C	P
0	0.40202	0.13597	0.03678	0.01062	0.01442	0.18094	0.05482	0.07609	0.01246	0.02045	0.00848	0.00982	0.00675	0.00521	0.00413	0.00155	0.00623	0.00347	0.00319	0.00658
1	0.00991	0.08143	0.01383	0.04262	0.08360	0.03590	0.08428	0.02335	0.02338	0.01558	0.06477	0.28900	0.05740	0.01358	0.06730	0.00246	0.00579	0.07600	0.00408	0.00575
2	0.00708	0.00555	0.00641	0.00619	0.00776	0.00487	0.00464	0.00906	0.01393	0.01830	0.41433	0.04658	0.41085	0.01247	0.00644	0.00178	0.00267	0.01068	0.00553	0.00487
3	0.00883	0.00627	0.00699	0.00681	0.00739	0.00645	0.00429	0.03784	0.07969	0.01306	0.02008	0.06510	0.05592	0.61698	0.02256	0.00448	0.00501	0.02431	0.00378	0.00417
4	0.00675	0.00553	0.00595	0.00585	0.00755	0.00473	0.00438	0.00842	0.01315	0.01645	0.22803	0.04963	0.59830	0.01316	0.00644	0.00181	0.00272	0.01111	0.00529	0.00473
5	0.02000	0.00985	0.01162	0.00938	0.01276	0.04938	0.00754	0.07199	0.04357	0.48395	0.04668	0.02057	0.04131	0.04232	0.00655	0.00181	0.01835	0.00579	0.08854	0.00805
6	0.01901	0.02201	0.01512	0.01395	0.04292	0.56680	0.01034	0.12582	0.03575	0.01728	0.05121	0.01373	0.01069	0.00632	0.00518	0.00150	0.00851	0.02361	0.00348	0.00678
7	0.01282	0.01456	0.03134	0.02251	0.02773	0.01394	0.71471	0.01723	0.01263	0.01723	0.01082	0.01456	0.00821	0.00486	0.00705	0.00187	0.05157	0.00634	0.00274	0.00728
8	0.01211	0.28041	0.53822	0.01354	0.02050	0.01553	0.01666	0.01696	0.01137	0.01584	0.00907	0.01062	0.00694	0.00501	0.00464	0.00155	0.00734	0.00367	0.00231	0.00772
9	0.03857	0.11864	0.63140	0.01414	0.02134	0.01335	0.01772	0.01680	0.01156	0.01719	0.04414	0.01243	0.00891	0.00539	0.00498	0.00166	0.00742	0.00413	0.00251	0.00773
10	0.01820	0.01899	0.01484	0.01404	0.06855	0.40645	0.01013	0.19309	0.04349	0.04210	0.01313	0.10699	0.01169	0.00726	0.00536	0.00160	0.00754	0.00553	0.00391	0.00712
11	0.00682	0.00554	0.00604	0.00592	0.00759	0.00476	0.00444	0.00855	0.01331	0.01683	0.26606	0.04901	0.56004	0.01302	0.00644	0.00180	0.00271	0.01102	0.00534	0.00476
12	0.01349	0.01295	0.02213	0.03346	0.77440	0.01295	0.01673	0.01673	0.01241	0.01781	0.01025	0.01349	0.00864	0.00486	0.00540	0.00162	0.00648	0.00486	0.00270	0.00864
13	0.01310	0.01130	0.01212	0.01047	0.01392	0.01227	0.00818	0.02584	0.60975	0.02177	0.01962	0.01848	0.01488	0.00671	0.00524	0.00164	0.00426	0.00556	0.00507	0.17984
14	0.01318	0.01263	0.02156	0.10848	0.70184	0.01287	0.01657	0.01646	0.01226	0.01743	0.01020	0.01360	0.00850	0.00492	0.00540	0.00164	0.00655	0.00486	0.00267	0.00838
15	0.01960	0.02409	0.01562	0.01399	0.01662	0.67327	0.01065	0.06040	0.01533	0.01445	0.00856	0.01020	0.00716	0.00603	0.00616	0.00151	0.08330	0.00370	0.00291	0.00645
16	0.00644	0.00552	0.00552	0.00552	0.00736	0.00460	0.00414	0.00782	0.01243	0.01473	0.05523	0.05247	0.77218	0.01381	0.00644	0.00184	0.00276	0.01151	0.00506	0.00460
17	0.01236	0.01051	0.01120	0.03366	0.01322	0.04574	0.00790	0.08069	0.40140	0.02231	0.22741	0.06685	0.02596	0.00874	0.00583	0.00179	0.00425	0.00742	0.00542	0.00731
18	0.01129	0.10535	0.70615	0.01493	0.02265	0.01354	0.01908	0.01717	0.01147	0.01683	0.00957	0.01124	0.00691	0.00513	0.00501	0.00167	0.00784	0.00392	0.00230	0.00795
19	0.01350	0.01291	0.02179	0.03269	0.74802	0.01297	0.01645	0.01716	0.03851	0.01798	0.01067	0.01373	0.00891	0.00495	0.00540	0.00163	0.00640	0.00490	0.00280	0.00864
20	0.00657	0.00553	0.00570	0.00565	0.00744	0.00466	0.00424	0.00807	0.01272	0.01543	0.12576	0.05131	0.70121	0.01354	0.00644	0.00183	0.00274	0.01134	0.00516	0.00466
21	0.04359	0.40982	0.15237	0.01098	0.01562	0.09311	0.01092	0.01886	0.13534	0.01603	0.03891	0.01243	0.01018	0.00555	0.00437	0.00144	0.00618	0.00396	0.00308	0.00727
22	0.00793	0.00529	0.00595	0.00595	0.00595	0.00529	0.00330	0.00793	0.00793	0.01057	0.01718	0.03568	0.01982	0.80840	0.02775	0.00529	0.00529	0.00793	0.00330	0.00330
23	0.01248	0.36019	0.46169	0.01291	0.01953	0.01644	0.01556	0.01687	0.01133	0.01538	0.00885	0.01034	0.00694	0.00496	0.00447	0.00149	0.00711	0.00356	0.00231	0.00761
24	0.05716	0.01797	0.01628	0.01489	0.09108	0.25224	0.01090	0.39374	0.01975	0.02496	0.01088	0.01189	0.00828	0.00615	0.00570	0.00160	0.03996	0.00438	0.00415	0.00801
25	0.00796	0.00554	0.00712	0.00695	0.00822	0.00506	0.00513	0.01011	0.01425	0.04492	0.54384	0.17735	0.11841	0.01232	0.00649	0.00182	0.00276	0.01088	0.00577	0.00510
26	0.14539	0.01216	0.05580	0.01148	0.01594	0.01116	0.08231	0.16289	0.01608	0.40721	0.01615	0.01530	0.01068	0.00616	0.00524	0.00169	0.00547	0.00501	0.00536	0.00851
27	0.25657	0.01202	0.01328	0.01042	0.01451	0.02625	0.04804	0.22271	0.04245	0.18947	0.01308	0.01315	0.00925	0.00579	0.00475	0.00158	0.00515	0.00438	0.00470	0.10245
28	0.00673	0.00530	0.00607	0.00637	0.00766	0.00465	0.00459	0.00820	0.01239	0.01577	0.17642	0.26981	0.42814	0.01428	0.00659	0.00193	0.00284	0.01237	0.00523	0.00465
29	0.00864	0.00620	0.00859	0.00980	0.01105	0.00616	0.00851	0.01106	0.01249	0.01619	0.02988	0.08224	0.05912	0.01507	0.00747	0.00248	0.00488	0.69015	0.00502	0.00499
30	0.02309	0.01038	0.01433	0.01149	0.04189	0.00953	0.04261	0.11409	0.01658	0.62659	0.01961	0.01754	0.01257	0.00656	0.00552	0.00169	0.00508	0.00543	0.00627	0.00917
31	0.01689	0.01420	0.01494	0.01236	0.01558	0.15506	0.07127	0.20321	0.12820	0.12248	0.01807	0.08682	0.05557	0.00788	0.00634	0.00175	0.05075	0.00634	0.00470	0.00759
32	0.09721	0.01000	0.01041	0.00875	0.01158	0.01081	0.00699	0.29195	0.06170	0.06037	0.01597	0.04891	0.01248	0.00682	0.00469	0.00154	0.00422	0.00532	0.32318	0.00710

[dist]
# distance from previous block
# <min> <max>
0	4

# created by:
# /home/cegg/simao/soft/augustus-3.2.1/scripts/msa2prfl.pl ./align_prep/EOG091G0IXT.fa
