[name]
unknown

[dist]
# distance from previous block
# <min> <max>
0	89

[block]
# block no. 0 follows, 43 sequences, length 18
# corresponding to MSA columns:
# 234-251
name=unknown_A
#
# <colnr> <probs for GDERKNQSTAVLIFYWHMCP>
#	G	D	E	R	K	N	Q	S	T	A	V	L	I	F	Y	W	H	M	C	P
0	0.10978	0.05658	0.03002	0.04352	0.11245	0.04379	0.02183	0.02470	0.02214	0.01751	0.05352	0.10068	0.02507	0.03579	0.00693	0.02818	0.02735	0.06995	0.00363	0.16657
1	0.01444	0.01739	0.14577	0.03408	0.27441	0.17152	0.01383	0.03683	0.04449	0.04058	0.06979	0.01701	0.01282	0.00634	0.00573	0.00167	0.02245	0.03381	0.00337	0.03367
2	0.03527	0.00959	0.01076	0.00862	0.01201	0.00908	0.00687	0.19950	0.01631	0.05731	0.16643	0.02517	0.14089	0.00801	0.00537	0.00147	0.00408	0.00656	0.03788	0.23883
3	0.03840	0.06236	0.15648	0.08787	0.03128	0.06340	0.04294	0.11393	0.05253	0.01857	0.01828	0.14714	0.07677	0.03309	0.00631	0.00188	0.00603	0.00704	0.00381	0.03190
4	0.05785	0.03291	0.01406	0.01147	0.01504	0.05676	0.00919	0.28955	0.36710	0.02663	0.01715	0.01655	0.01277	0.00687	0.00533	0.00173	0.00527	0.00536	0.03989	0.00855
5	0.00747	0.00515	0.00682	0.00782	0.00822	0.00497	0.00532	0.00857	0.03612	0.01389	0.02724	0.62236	0.03194	0.04687	0.00956	0.10117	0.00360	0.04376	0.00477	0.00438
6	0.01413	0.19912	0.22016	0.10575	0.03714	0.08001	0.06628	0.05032	0.08395	0.05337	0.03162	0.01360	0.00980	0.00567	0.00507	0.00162	0.00701	0.00455	0.00321	0.00760
7	0.01380	0.35430	0.27386	0.01260	0.04094	0.01678	0.01318	0.10387	0.04163	0.01798	0.03401	0.01316	0.03052	0.00571	0.00467	0.00151	0.00647	0.00422	0.00306	0.00773
8	0.00680	0.00486	0.00647	0.00768	0.00804	0.00453	0.00515	0.00784	0.01085	0.01453	0.06642	0.76473	0.03739	0.01706	0.00704	0.00222	0.00318	0.01547	0.00519	0.00453
9	0.00765	0.00626	0.00718	0.00755	0.03216	0.00577	0.00533	0.01046	0.07516	0.01698	0.18248	0.16371	0.43275	0.01321	0.00652	0.00190	0.00308	0.01134	0.00529	0.00522
10	0.04651	0.14354	0.18955	0.13014	0.10540	0.01419	0.16330	0.01781	0.03126	0.07737	0.01102	0.01327	0.00831	0.00532	0.00549	0.00170	0.02045	0.00476	0.00299	0.00763
11	0.03895	0.01857	0.38172	0.01436	0.08867	0.01092	0.01422	0.03200	0.06953	0.08012	0.04039	0.07136	0.10049	0.00756	0.00559	0.00179	0.00617	0.00627	0.00372	0.00760
12	0.00672	0.00491	0.00633	0.00746	0.00797	0.00452	0.00503	0.00774	0.01084	0.01424	0.03355	0.71335	0.12307	0.01696	0.00701	0.00220	0.00316	0.01527	0.00514	0.00452
13	0.01199	0.01210	0.01669	0.24806	0.04628	0.07032	0.03039	0.01417	0.01006	0.01381	0.00892	0.01362	0.00788	0.01035	0.07212	0.00264	0.39700	0.00490	0.00253	0.00615
14	0.01327	0.01704	0.21132	0.07521	0.23106	0.04491	0.08572	0.10379	0.04530	0.01962	0.04457	0.03516	0.03564	0.00624	0.00564	0.00174	0.00693	0.00557	0.00336	0.00791
15	0.01181	0.01006	0.09448	0.01039	0.01356	0.00774	0.09537	0.01495	0.04294	0.16185	0.13512	0.16237	0.19518	0.01052	0.00627	0.00187	0.00463	0.00933	0.00504	0.00650
16	0.00832	0.00534	0.00594	0.00594	0.00609	0.00534	0.00342	0.00863	0.00847	0.01191	0.01752	0.03440	0.01943	0.71101	0.02532	0.00489	0.00504	0.00771	0.10171	0.00357
17	0.01601	0.13410	0.22439	0.10550	0.03748	0.03095	0.04714	0.15412	0.01516	0.14722	0.02824	0.01392	0.00970	0.00584	0.00523	0.00165	0.00673	0.00468	0.00383	0.00810

[dist]
# distance from previous block
# <min> <max>
0	1

[block]
# block no. 1 follows, 43 sequences, length 54
# corresponding to MSA columns:
# 253-280,285-310
name=unknown_B
#
# <colnr> <probs for GDERKNQSTAVLIFYWHMCP>
#	G	D	E	R	K	N	Q	S	T	A	V	L	I	F	Y	W	H	M	C	P
0	0.01516	0.54136	0.14137	0.01127	0.01619	0.14324	0.01134	0.01796	0.03187	0.01408	0.00858	0.00981	0.00736	0.00505	0.00410	0.00133	0.00689	0.00332	0.00253	0.00721
1	0.01317	0.08210	0.10602	0.05765	0.16218	0.04933	0.01220	0.09614	0.05650	0.01810	0.02418	0.01521	0.01039	0.02704	0.10253	0.00266	0.09945	0.00491	0.03174	0.02852
2	0.00766	0.00565	0.00716	0.00678	0.00817	0.00515	0.00509	0.01011	0.01526	0.02123	0.67159	0.04298	0.14918	0.01169	0.00653	0.00176	0.00264	0.01024	0.00597	0.00515
3	0.01914	0.10330	0.01639	0.01312	0.01617	0.61661	0.01012	0.05507	0.01552	0.01461	0.01197	0.01302	0.05968	0.00623	0.00498	0.00144	0.00890	0.00413	0.00309	0.00651
4	0.00855	0.00590	0.00714	0.00668	0.00839	0.00523	0.00506	0.01070	0.01460	0.07144	0.46211	0.04408	0.30562	0.01198	0.00647	0.00179	0.00283	0.01031	0.00581	0.00532
5	0.01224	0.27383	0.47852	0.01386	0.02057	0.01555	0.04841	0.01695	0.01151	0.01594	0.00947	0.01133	0.00737	0.00645	0.03438	0.00185	0.00777	0.00391	0.00239	0.00769
6	0.01070	0.10749	0.36388	0.06551	0.01919	0.01224	0.02714	0.01472	0.01086	0.01536	0.01232	0.03754	0.01100	0.05329	0.12348	0.00305	0.05526	0.04746	0.00274	0.00678
7	0.00788	0.00571	0.00746	0.00715	0.00847	0.00529	0.00545	0.01045	0.01539	0.02163	0.69785	0.04314	0.07015	0.01167	0.00661	0.00180	0.00279	0.05990	0.00600	0.00520
8	0.01348	0.01479	0.02448	0.04081	0.09946	0.11057	0.40378	0.03550	0.01317	0.01694	0.01420	0.01799	0.06131	0.00716	0.02809	0.00203	0.06140	0.02471	0.00306	0.00707
9	0.01574	0.09240	0.07284	0.03963	0.13448	0.04155	0.06710	0.09865	0.04380	0.14912	0.01300	0.01515	0.01008	0.02908	0.06154	0.00233	0.09687	0.00506	0.00381	0.00777
10	0.00756	0.00527	0.00670	0.00735	0.00824	0.00482	0.00514	0.00886	0.01170	0.04410	0.11813	0.52561	0.17211	0.01633	0.02858	0.00229	0.00345	0.01368	0.00525	0.00481
11	0.00856	0.00612	0.00850	0.00975	0.01087	0.00606	0.00826	0.01086	0.01246	0.01629	0.04326	0.17912	0.03301	0.01555	0.00754	0.00249	0.00475	0.60643	0.00512	0.00501
12	0.03307	0.01830	0.30332	0.03469	0.03790	0.06450	0.03335	0.09851	0.03692	0.14056	0.02952	0.08854	0.01328	0.00737	0.00563	0.00180	0.00661	0.03431	0.00403	0.00779
13	0.05618	0.01358	0.01452	0.01203	0.03645	0.06023	0.00947	0.39729	0.06416	0.19300	0.03479	0.04000	0.02852	0.00717	0.00552	0.00170	0.00562	0.00561	0.00549	0.00868
14	0.00792	0.00591	0.00880	0.00880	0.00976	0.00687	0.00680	0.00983	0.00887	0.01278	0.01492	0.02225	0.01406	0.06769	0.75755	0.00878	0.01451	0.00601	0.00298	0.00489
15	0.05722	0.01599	0.18349	0.08719	0.31115	0.01290	0.11840	0.01783	0.08181	0.01834	0.01274	0.01513	0.03187	0.00554	0.00552	0.00175	0.00693	0.00520	0.00302	0.00797
16	0.06508	0.01514	0.01604	0.01240	0.01674	0.01681	0.01023	0.69027	0.04804	0.03400	0.01328	0.01330	0.00947	0.00659	0.00543	0.00167	0.00594	0.00492	0.00543	0.00921
17	0.06375	0.10970	0.01729	0.01498	0.07783	0.59610	0.01083	0.02078	0.01462	0.01447	0.00857	0.01012	0.00720	0.00551	0.00479	0.00143	0.00896	0.00358	0.00282	0.00666
18	0.01166	0.01168	0.09072	0.03099	0.03770	0.00832	0.00860	0.02683	0.01177	0.03350	0.01108	0.04215	0.00943	0.00579	0.02332	0.00125	0.00496	0.00407	0.00332	0.62283
19	0.01450	0.01283	0.08552	0.15372	0.09827	0.01154	0.17079	0.05758	0.05701	0.14647	0.04963	0.01683	0.01197	0.00593	0.00564	0.00172	0.00649	0.00558	0.04864	0.03935
20	0.01294	0.27502	0.48796	0.01369	0.02042	0.06878	0.01632	0.01755	0.01183	0.01584	0.00914	0.01069	0.00705	0.00513	0.00470	0.00155	0.00759	0.00370	0.00238	0.00772
21	0.00962	0.00481	0.00722	0.00722	0.00722	0.00481	0.00481	0.00722	0.00722	0.00962	0.00962	0.01684	0.00962	0.01924	0.02165	0.83886	0.00481	0.00481	0.00241	0.00241
22	0.01450	0.01108	0.01681	0.17850	0.29191	0.01167	0.01303	0.10236	0.03453	0.11828	0.03062	0.03522	0.01316	0.00793	0.02754	0.00200	0.00633	0.07276	0.00397	0.00779
23	0.03491	0.06715	0.02124	0.09776	0.50706	0.01334	0.04793	0.01655	0.01226	0.04125	0.02283	0.02724	0.01002	0.00569	0.00596	0.00170	0.03967	0.01648	0.00295	0.00801
24	0.00797	0.00570	0.00774	0.00774	0.00833	0.00629	0.00547	0.00914	0.00856	0.01200	0.01590	0.02764	0.01640	0.35199	0.47646	0.00747	0.01099	0.00680	0.00312	0.00430
25	0.02485	0.00943	0.01285	0.00985	0.01414	0.00814	0.00814	0.02699	0.01585	0.77465	0.02185	0.01885	0.01371	0.00685	0.00557	0.00171	0.00471	0.00557	0.00685	0.00943
26	0.01298	0.01239	0.02095	0.04476	0.63699	0.01255	0.03458	0.01614	0.01265	0.01803	0.06365	0.01662	0.03109	0.00579	0.00609	0.00170	0.03630	0.00549	0.00302	0.00824
27	0.00842	0.00566	0.00637	0.00628	0.00642	0.00571	0.00361	0.03061	0.00866	0.01155	0.01761	0.05243	0.02017	0.76377	0.02704	0.00519	0.00534	0.00813	0.00346	0.00356
28	0.01461	0.76678	0.06920	0.00982	0.01474	0.02143	0.01007	0.01664	0.01128	0.01327	0.00782	0.00904	0.00710	0.00477	0.00365	0.00122	0.00604	0.00302	0.00237	0.00717
29	0.01181	0.04231	0.04003	0.31637	0.06399	0.01242	0.20163	0.01579	0.03461	0.01629	0.01046	0.01395	0.00813	0.00516	0.00580	0.00164	0.02915	0.00497	0.00280	0.16271
30	0.05416	0.00803	0.01028	0.00971	0.01055	0.03557	0.00752	0.01107	0.00896	0.01332	0.01311	0.02083	0.01279	0.14119	0.45543	0.00647	0.16725	0.00578	0.00294	0.00505
31	0.01113	0.01050	0.01760	0.63499	0.17271	0.01249	0.01553	0.01501	0.02796	0.01508	0.01023	0.01470	0.00785	0.00547	0.00553	0.00181	0.00717	0.00495	0.00258	0.00669
32	0.00791	0.00593	0.00890	0.00890	0.00989	0.00692	0.00692	0.00989	0.00890	0.01286	0.01483	0.02176	0.01385	0.04154	0.78341	0.00890	0.01483	0.00593	0.00297	0.00494
33	0.01378	0.01190	0.01252	0.01127	0.01440	0.01378	0.00877	0.02943	0.76081	0.02317	0.02254	0.02066	0.01691	0.00751	0.00564	0.00188	0.00438	0.00626	0.00564	0.00877
34	0.01046	0.00984	0.01661	0.79205	0.03814	0.01230	0.01538	0.01415	0.01107	0.01415	0.00984	0.01477	0.00738	0.00554	0.00554	0.00185	0.00738	0.00492	0.00246	0.00615
35	0.02042	0.02595	0.01573	0.01428	0.01704	0.75926	0.01075	0.02184	0.01547	0.01355	0.00852	0.01005	0.00714	0.00583	0.00540	0.00146	0.03445	0.00361	0.00284	0.00641
36	0.00675	0.00482	0.00643	0.00771	0.00803	0.00450	0.00514	0.00771	0.01060	0.01414	0.03053	0.80175	0.03663	0.01735	0.00707	0.00225	0.00321	0.01574	0.00514	0.00450
37	0.00776	0.00566	0.00730	0.00689	0.00823	0.00519	0.00517	0.01031	0.01550	0.02179	0.72680	0.04206	0.09361	0.01148	0.00653	0.00175	0.00262	0.01011	0.00604	0.00519
38	0.01502	0.73783	0.02790	0.00988	0.01438	0.04490	0.00964	0.03207	0.01159	0.01352	0.00783	0.00913	0.00716	0.00500	0.00420	0.00125	0.03608	0.00309	0.00245	0.00709
39	0.01417	0.03759	0.40932	0.01590	0.05978	0.01263	0.10177	0.06158	0.06501	0.12686	0.03340	0.01465	0.01027	0.00579	0.00551	0.00175	0.00716	0.00497	0.00357	0.00832
40	0.84448	0.01071	0.00814	0.00728	0.01071	0.01242	0.00600	0.01628	0.00943	0.02485	0.00771	0.00900	0.00600	0.00514	0.00343	0.00171	0.00428	0.00300	0.00343	0.00600
41	0.02069	0.02640	0.01569	0.01427	0.01712	0.78313	0.01070	0.02212	0.01569	0.01355	0.00856	0.00999	0.00713	0.00571	0.00499	0.00143	0.00999	0.00357	0.00285	0.00642
42	0.74612	0.10532	0.01062	0.00754	0.01113	0.01355	0.00641	0.01632	0.00964	0.02345	0.00771	0.00898	0.00613	0.00509	0.00344	0.00165	0.00448	0.00299	0.00330	0.00613
43	0.01288	0.01227	0.02084	0.15387	0.62049	0.01264	0.01622	0.01614	0.01228	0.01729	0.01121	0.04834	0.00977	0.00557	0.00556	0.00170	0.00656	0.00541	0.00280	0.00817
44	0.00802	0.00549	0.00666	0.00666	0.00687	0.00570	0.00413	0.00845	0.00824	0.01120	0.01689	0.03312	0.01878	0.64052	0.19118	0.00613	0.00741	0.00760	0.00327	0.00370
45	0.02069	0.02640	0.01569	0.01427	0.01712	0.78313	0.01070	0.02212	0.01569	0.01355	0.00856	0.00999	0.00713	0.00571	0.00499	0.00143	0.00999	0.00357	0.00285	0.00642
46	0.00674	0.00485	0.00639	0.00762	0.00801	0.00451	0.00510	0.00772	0.01069	0.01417	0.03164	0.76902	0.06864	0.01721	0.00705	0.00223	0.00320	0.01557	0.00514	0.00451
47	0.00827	0.00611	0.00805	0.00905	0.01039	0.00589	0.00766	0.01047	0.01258	0.01607	0.03520	0.10812	0.19167	0.01516	0.00737	0.00238	0.00448	0.53101	0.00511	0.00497
48	0.00747	0.00558	0.00646	0.00660	0.00807	0.00489	0.00486	0.00906	0.01288	0.03948	0.18989	0.21842	0.41991	0.01405	0.00666	0.00194	0.00298	0.03052	0.00538	0.00490
49	0.00673	0.00487	0.00637	0.00757	0.00799	0.00451	0.00508	0.00773	0.01074	0.01419	0.03229	0.75020	0.08704	0.01712	0.00703	0.00222	0.00319	0.01547	0.00514	0.00451
50	0.01032	0.00516	0.00516	0.00516	0.00645	0.00516	0.00387	0.01290	0.01161	0.02065	0.01807	0.02065	0.01420	0.00645	0.00387	0.00129	0.00258	0.00516	0.83611	0.00516
51	0.00962	0.00481	0.00722	0.00722	0.00722	0.00481	0.00481	0.00722	0.00722	0.00962	0.00962	0.01684	0.00962	0.01924	0.02165	0.83886	0.00481	0.00481	0.00241	0.00241
52	0.72364	0.01199	0.00923	0.00811	0.01158	0.06443	0.00661	0.05650	0.01091	0.04399	0.00843	0.00955	0.00646	0.00530	0.00370	0.00169	0.00478	0.00321	0.00359	0.00630
53	0.05591	0.02686	0.70190	0.01500	0.02278	0.01260	0.01908	0.01731	0.01156	0.01795	0.00982	0.01154	0.00701	0.00520	0.00511	0.00171	0.00780	0.00400	0.00244	0.04441

[dist]
# distance from previous block
# <min> <max>
4	54

[block]
# block no. 2 follows, 43 sequences, length 29
# corresponding to MSA columns:
# 372-380,390-409
name=unknown_C
#
# <colnr> <probs for GDERKNQSTAVLIFYWHMCP>
#	G	D	E	R	K	N	Q	S	T	A	V	L	I	F	Y	W	H	M	C	P
0	0.09722	0.01226	0.01368	0.01067	0.01477	0.01277	0.00877	0.36999	0.03817	0.25700	0.01575	0.01514	0.01083	0.00647	0.00519	0.00163	0.00517	0.00495	0.05584	0.04372
1	0.00661	0.00561	0.00570	0.00568	0.00752	0.00470	0.00426	0.00807	0.01277	0.01531	0.09042	0.05272	0.73403	0.01390	0.00654	0.00186	0.00280	0.01161	0.00519	0.00470
2	0.01212	0.01212	0.01696	0.01454	0.01454	0.01696	0.01212	0.01333	0.00848	0.01333	0.00727	0.01212	0.00727	0.00969	0.01818	0.00242	0.79523	0.00485	0.00242	0.00606
3	0.01551	0.71944	0.02763	0.00984	0.01455	0.02138	0.00959	0.09938	0.01292	0.01549	0.00833	0.00938	0.00737	0.00495	0.00378	0.00124	0.00594	0.00319	0.00273	0.00737
4	0.01212	0.01212	0.01696	0.01454	0.01454	0.01696	0.01212	0.01333	0.00848	0.01333	0.00727	0.01212	0.00727	0.00969	0.01818	0.00242	0.79523	0.00485	0.00242	0.00606
5	0.02163	0.01106	0.01343	0.01068	0.01473	0.01101	0.00870	0.15393	0.18949	0.47240	0.02052	0.01830	0.01370	0.00697	0.00558	0.00174	0.00488	0.00563	0.00634	0.00927
6	0.06614	0.57323	0.04148	0.01052	0.01485	0.18647	0.00978	0.01779	0.01212	0.01396	0.00794	0.00919	0.00704	0.00498	0.00390	0.00128	0.00676	0.00312	0.00254	0.00692
7	0.02225	0.01359	0.01543	0.01183	0.01622	0.01433	0.00977	0.52369	0.02283	0.26810	0.01599	0.01505	0.01077	0.00671	0.00555	0.00168	0.00566	0.00517	0.00595	0.00942
8	0.01217	0.01229	0.01791	0.01507	0.01541	0.01678	0.05675	0.01360	0.00876	0.01360	0.00751	0.01229	0.00734	0.00939	0.01747	0.00239	0.74774	0.00495	0.00245	0.00614
9	0.01032	0.00516	0.00516	0.00516	0.00645	0.00516	0.00387	0.01290	0.01161	0.02065	0.01807	0.02065	0.01420	0.00645	0.00387	0.00129	0.00258	0.00516	0.83611	0.00516
10	0.00807	0.00541	0.00636	0.00627	0.00654	0.00532	0.00379	0.00851	0.00958	0.01305	0.17080	0.03657	0.02632	0.61340	0.02351	0.03579	0.00478	0.00833	0.00388	0.00370
11	0.00841	0.00601	0.00833	0.00956	0.01062	0.00593	0.00798	0.01062	0.01237	0.01622	0.05259	0.22339	0.03355	0.01562	0.00749	0.00246	0.00461	0.55413	0.00514	0.00497
12	0.01358	0.01303	0.02226	0.06282	0.74295	0.01313	0.01694	0.01689	0.01255	0.01794	0.01040	0.01375	0.00872	0.00496	0.00548	0.00165	0.00661	0.00493	0.00273	0.00867
13	0.00798	0.00631	0.00741	0.00787	0.00923	0.02303	0.00613	0.01022	0.03303	0.01674	0.16991	0.19818	0.25742	0.01417	0.00689	0.00210	0.00368	0.20942	0.00526	0.00501
14	0.00703	0.00502	0.00675	0.00803	0.00848	0.00474	0.00563	0.00820	0.01088	0.01445	0.03037	0.70587	0.03601	0.01708	0.00714	0.00229	0.00346	0.10884	0.00514	0.00458
15	0.03371	0.13468	0.09175	0.02030	0.13163	0.01539	0.34348	0.08952	0.01358	0.01871	0.01039	0.01313	0.00813	0.00522	0.00623	0.00173	0.04648	0.00524	0.00295	0.00775
16	0.84448	0.01071	0.00814	0.00728	0.01071	0.01242	0.00600	0.01628	0.00943	0.02485	0.00771	0.00900	0.00600	0.00514	0.00343	0.00171	0.00428	0.00300	0.00343	0.00600
17	0.03974	0.07458	0.16558	0.03339	0.12961	0.10486	0.14032	0.10107	0.12012	0.01974	0.01199	0.01357	0.00917	0.00560	0.00539	0.00169	0.00730	0.00488	0.00340	0.00798
18	0.00680	0.00486	0.00647	0.00768	0.00804	0.00453	0.00515	0.00784	0.01084	0.01452	0.06508	0.76611	0.03736	0.01707	0.00704	0.00223	0.00319	0.01548	0.00519	0.00453
19	0.01274	0.03864	0.03579	0.21702	0.22951	0.01263	0.06320	0.06640	0.12209	0.01855	0.01337	0.01725	0.01084	0.04226	0.00649	0.00190	0.00629	0.01912	0.05848	0.00743
20	0.01111	0.02865	0.77667	0.01579	0.02397	0.01286	0.02046	0.01754	0.01169	0.01754	0.00994	0.01169	0.00702	0.00526	0.00526	0.00175	0.00818	0.00409	0.00234	0.00818
21	0.01200	0.01111	0.04774	0.01221	0.07792	0.01136	0.00902	0.02260	0.46131	0.02191	0.19129	0.02571	0.05534	0.00832	0.00585	0.00182	0.00428	0.00713	0.00532	0.00777
22	0.00901	0.00771	0.01218	0.34845	0.07801	0.00863	0.01069	0.01143	0.01110	0.01460	0.02002	0.35535	0.02162	0.01119	0.00633	0.00205	0.00539	0.05688	0.00380	0.00557
23	0.00798	0.00566	0.00750	0.00750	0.00801	0.00616	0.00518	0.00899	0.00849	0.01182	0.01611	0.02883	0.01692	0.41439	0.41476	0.00718	0.01021	0.00697	0.00316	0.00417
24	0.01573	0.22778	0.19065	0.01375	0.05336	0.03027	0.08366	0.06392	0.04956	0.15637	0.01307	0.03691	0.01003	0.00588	0.00505	0.00159	0.00646	0.00482	0.00371	0.02741
25	0.00946	0.00504	0.00749	0.00764	0.00783	0.00509	0.00538	0.00783	0.00792	0.01057	0.01211	0.02225	0.01235	0.01987	0.05678	0.70393	0.00533	0.08758	0.00274	0.00283
26	0.01148	0.00984	0.01148	0.00820	0.01312	0.00738	0.00656	0.01395	0.01148	0.01805	0.00984	0.01148	0.00820	0.00410	0.00410	0.00082	0.00410	0.00328	0.00328	0.83922
27	0.07216	0.15086	0.08205	0.03521	0.15199	0.13213	0.05590	0.15004	0.06595	0.03672	0.01108	0.01246	0.00863	0.00558	0.00501	0.00159	0.00687	0.00440	0.00349	0.00789
28	0.09176	0.07113	0.16780	0.16001	0.17871	0.07477	0.06450	0.03470	0.04310	0.03068	0.02599	0.01345	0.00897	0.00547	0.00519	0.00169	0.00703	0.00462	0.00299	0.00748

[dist]
# distance from previous block
# <min> <max>
0	56

[block]
# block no. 3 follows, 43 sequences, length 26
# corresponding to MSA columns:
# 476-501
name=unknown_D
#
# <colnr> <probs for GDERKNQSTAVLIFYWHMCP>
#	G	D	E	R	K	N	Q	S	T	A	V	L	I	F	Y	W	H	M	C	P
0	0.10934	0.04869	0.18278	0.05660	0.11255	0.06590	0.10643	0.09546	0.10899	0.04308	0.01203	0.01350	0.00903	0.00563	0.00525	0.00172	0.00687	0.00476	0.00350	0.00789
1	0.04838	0.08411	0.43692	0.01732	0.10562	0.04612	0.09369	0.03195	0.01247	0.05795	0.01049	0.01226	0.00773	0.00525	0.00522	0.00169	0.00764	0.00438	0.00280	0.00801
2	0.00799	0.00571	0.00786	0.00914	0.01000	0.00557	0.00731	0.00986	0.01183	0.01553	0.02984	0.37875	0.03391	0.01618	0.00740	0.00242	0.00429	0.42645	0.00512	0.00484
3	0.01285	0.01331	0.04836	0.09396	0.23096	0.09119	0.09079	0.03906	0.10383	0.01871	0.12500	0.02157	0.05006	0.00707	0.00583	0.00175	0.00630	0.02825	0.00382	0.00732
4	0.01198	0.01679	0.27473	0.01795	0.18558	0.01106	0.08837	0.03630	0.01332	0.04266	0.15804	0.01849	0.01672	0.00630	0.00560	0.00166	0.00635	0.00568	0.00351	0.07891
5	0.01017	0.00916	0.01314	0.06014	0.27219	0.00926	0.00997	0.01365	0.08272	0.01676	0.05224	0.09226	0.27021	0.03168	0.00703	0.00193	0.02837	0.00845	0.00411	0.00656
6	0.14654	0.07455	0.16636	0.03660	0.07119	0.01414	0.01182	0.26597	0.01641	0.08559	0.01172	0.01276	0.00858	0.00623	0.00545	0.02640	0.00606	0.00439	0.02123	0.00803
7	0.01108	0.04046	0.24326	0.22906	0.03969	0.01191	0.09457	0.04939	0.03482	0.01706	0.03436	0.01941	0.10192	0.00817	0.03955	0.00210	0.00728	0.00582	0.00314	0.00696
8	0.04525	0.01476	0.01586	0.23791	0.10515	0.18059	0.01208	0.11559	0.09971	0.06031	0.01220	0.01415	0.00927	0.00608	0.00569	0.00171	0.03054	0.00476	0.02102	0.00738
9	0.01238	0.13292	0.05647	0.06281	0.01459	0.07373	0.00874	0.05352	0.16910	0.03619	0.10795	0.04330	0.17134	0.00854	0.00552	0.00168	0.00502	0.00694	0.00443	0.02482
10	0.00737	0.00527	0.00703	0.00788	0.00860	0.00522	0.00571	0.00881	0.01068	0.01453	0.02861	0.47130	0.08915	0.02118	0.16384	0.00354	0.00567	0.08073	0.05016	0.00470
11	0.10934	0.03356	0.15347	0.10611	0.03182	0.04026	0.06696	0.10635	0.04942	0.08496	0.02414	0.06929	0.01146	0.00751	0.02188	0.00192	0.03625	0.00553	0.02068	0.01909
12	0.01052	0.03233	0.19928	0.01416	0.12492	0.00988	0.01154	0.01560	0.11788	0.01799	0.09615	0.19974	0.02157	0.00940	0.00592	0.00184	0.00524	0.04764	0.00410	0.05433
13	0.06650	0.12515	0.01682	0.01303	0.01624	0.61283	0.01012	0.02077	0.01461	0.01430	0.00845	0.00985	0.00711	0.00549	0.00469	0.00139	0.00892	0.00345	0.00284	0.03746
14	0.04984	0.24764	0.13899	0.01636	0.04885	0.01569	0.28391	0.05308	0.01273	0.01759	0.01060	0.01364	0.00855	0.00522	0.00518	0.00162	0.00734	0.02197	0.03381	0.00741
15	0.02575	0.00564	0.00674	0.00643	0.00781	0.00533	0.00484	0.01105	0.01433	0.02143	0.51897	0.03615	0.08461	0.01012	0.00579	0.00163	0.00265	0.00874	0.21678	0.00519
16	0.01869	0.00832	0.01027	0.00848	0.01163	0.00785	0.00681	0.02263	0.10567	0.43347	0.02068	0.01967	0.01426	0.00680	0.00502	0.00159	0.00397	0.00552	0.28073	0.00794
17	0.00810	0.00620	0.00925	0.00915	0.01009	0.00736	0.00715	0.01004	0.00888	0.01288	0.01450	0.02134	0.01356	0.04015	0.75007	0.00862	0.04884	0.00589	0.00294	0.00499
18	0.00655	0.00561	0.00561	0.00561	0.00748	0.00468	0.00421	0.00795	0.01262	0.01496	0.05610	0.05330	0.76857	0.01403	0.00655	0.00187	0.00281	0.01169	0.00514	0.00468
19	0.02069	0.02640	0.01569	0.01427	0.01712	0.78313	0.01070	0.02212	0.01569	0.01355	0.00856	0.00999	0.00713	0.00571	0.00499	0.00143	0.00999	0.00357	0.00285	0.00642
20	0.01514	0.76415	0.02826	0.00975	0.01438	0.06526	0.00955	0.01690	0.01151	0.01306	0.00775	0.00895	0.00711	0.00479	0.00364	0.00120	0.00615	0.00300	0.00240	0.00707
21	0.01858	0.09536	0.01637	0.01183	0.01574	0.11590	0.00970	0.43482	0.09449	0.04449	0.01668	0.01650	0.07092	0.00702	0.00536	0.00162	0.00612	0.00528	0.00488	0.00835
22	0.00753	0.00741	0.06884	0.00810	0.00987	0.00574	0.00684	0.00949	0.01189	0.01534	0.05897	0.25983	0.30152	0.01592	0.04930	0.00248	0.00443	0.14667	0.00482	0.00502
23	0.77739	0.01082	0.00885	0.00787	0.01102	0.01279	0.00649	0.01604	0.00935	0.02392	0.00768	0.00925	0.00610	0.00551	0.00462	0.00177	0.06804	0.00315	0.00335	0.00600
24	0.00690	0.00496	0.00668	0.00777	0.00820	0.00473	0.00529	0.00804	0.01074	0.01448	0.06960	0.69727	0.03565	0.01897	0.06962	0.00276	0.00412	0.01464	0.00502	0.00457
25	0.01198	0.01193	0.01694	0.07721	0.01644	0.01659	0.01238	0.01339	0.00869	0.01339	0.00748	0.01233	0.00728	0.00936	0.01716	0.00238	0.73172	0.00485	0.00243	0.00607

[dist]
# distance from previous block
# <min> <max>
0	13

[block]
# block no. 4 follows, 43 sequences, length 7
# corresponding to MSA columns:
# 515-521
name=unknown_E
#
# <colnr> <probs for GDERKNQSTAVLIFYWHMCP>
#	G	D	E	R	K	N	Q	S	T	A	V	L	I	F	Y	W	H	M	C	P
0	0.01046	0.00984	0.01661	0.79205	0.03814	0.01230	0.01538	0.01415	0.01107	0.01415	0.00984	0.01477	0.00738	0.00554	0.00554	0.00185	0.00738	0.00492	0.00246	0.00615
1	0.00782	0.00571	0.00738	0.00711	0.00846	0.00527	0.00543	0.01033	0.01521	0.02121	0.65549	0.04392	0.10686	0.01184	0.00662	0.00181	0.00282	0.06558	0.00595	0.00517
2	0.01111	0.02865	0.77667	0.01579	0.02397	0.01286	0.02046	0.01754	0.01169	0.01754	0.00994	0.01169	0.00702	0.00526	0.00526	0.00175	0.00818	0.00409	0.00234	0.00818
3	0.02069	0.02640	0.01569	0.01427	0.01712	0.78313	0.01070	0.02212	0.01569	0.01355	0.00856	0.00999	0.00713	0.00571	0.00499	0.00143	0.00999	0.00357	0.00285	0.00642
4	0.04774	0.00889	0.01123	0.16157	0.01674	0.00843	0.00807	0.01455	0.06712	0.05364	0.09230	0.07545	0.07880	0.00730	0.00519	0.00146	0.00448	0.00618	0.00404	0.32680
5	0.01988	0.01533	0.01562	0.01225	0.01619	0.06634	0.00990	0.63856	0.02377	0.03136	0.01335	0.01511	0.01022	0.07733	0.00751	0.00198	0.00629	0.00516	0.00517	0.00869
6	0.01313	0.01349	0.01525	0.01316	0.01437	0.12597	0.01068	0.01582	0.07560	0.01495	0.03755	0.01394	0.01009	0.00967	0.04192	0.00230	0.48414	0.00488	0.00300	0.08007

[dist]
# distance from previous block
# <min> <max>
0	1

[block]
# block no. 5 follows, 43 sequences, length 23
# corresponding to MSA columns:
# 524-546
name=unknown_F
#
# <colnr> <probs for GDERKNQSTAVLIFYWHMCP>
#	G	D	E	R	K	N	Q	S	T	A	V	L	I	F	Y	W	H	M	C	P
0	0.01416	0.35036	0.31616	0.01308	0.01886	0.12948	0.03623	0.01809	0.02901	0.01522	0.00913	0.01058	0.00734	0.00514	0.00456	0.00148	0.00746	0.00367	0.00251	0.00747
1	0.07393	0.01037	0.01184	0.02794	0.01372	0.01058	0.02987	0.07757	0.26584	0.02223	0.11690	0.01928	0.01734	0.00669	0.00510	0.00152	0.00431	0.00555	0.05299	0.22642
2	0.02337	0.00960	0.01256	0.00973	0.01378	0.00867	0.00800	0.08722	0.01638	0.65220	0.02083	0.01852	0.01339	0.00681	0.00543	0.00168	0.00466	0.00549	0.07261	0.00909
3	0.00875	0.00589	0.00754	0.00699	0.00855	0.00534	0.00529	0.01119	0.01535	0.06793	0.64219	0.04131	0.12995	0.01135	0.00647	0.00175	0.00276	0.00993	0.00604	0.00542
4	0.02077	0.01537	0.01646	0.01269	0.01707	0.01704	0.01046	0.72433	0.05452	0.03445	0.01366	0.01358	0.00971	0.00668	0.00554	0.00167	0.00603	0.00504	0.00554	0.00939
5	0.00692	0.00494	0.00662	0.00791	0.00831	0.00465	0.00544	0.00801	0.01077	0.01433	0.03043	0.74303	0.03625	0.01719	0.00712	0.00227	0.00336	0.07275	0.00514	0.00455
6	0.01212	0.01212	0.01696	0.01454	0.01454	0.01696	0.01212	0.01333	0.00848	0.01333	0.00727	0.01212	0.00727	0.00969	0.01818	0.00242	0.79523	0.00485	0.00242	0.00606
7	0.00675	0.00482	0.00643	0.00771	0.00803	0.00450	0.00514	0.00771	0.01060	0.01414	0.03053	0.80175	0.03663	0.01735	0.00707	0.00225	0.00321	0.01574	0.00514	0.00450
8	0.00791	0.00593	0.00890	0.00890	0.00989	0.00692	0.00692	0.00989	0.00890	0.01286	0.01483	0.02176	0.01385	0.04154	0.78341	0.00890	0.01483	0.00593	0.00297	0.00494
9	0.01686	0.01158	0.01230	0.00990	0.01307	0.01261	0.00797	0.47033	0.02038	0.02901	0.01509	0.01683	0.01152	0.04411	0.00605	0.00171	0.00489	0.00519	0.28293	0.00771
10	0.01148	0.00984	0.01148	0.00820	0.01312	0.00738	0.00656	0.01395	0.01148	0.01805	0.00984	0.01148	0.00820	0.00410	0.00410	0.00082	0.00410	0.00328	0.00328	0.83922
11	0.01255	0.00981	0.01159	0.00833	0.01321	0.00744	0.00669	0.01498	0.01183	0.07814	0.01080	0.01207	0.00864	0.00432	0.00422	0.00089	0.00415	0.00346	0.00357	0.77331
12	0.00797	0.00541	0.00618	0.00618	0.00633	0.00543	0.00360	0.00815	0.00832	0.01106	0.01912	0.03622	0.05494	0.72452	0.07035	0.00541	0.00579	0.00810	0.00342	0.00351
13	0.01559	0.33837	0.10443	0.01607	0.12889	0.11787	0.08179	0.10425	0.01399	0.01734	0.00944	0.01113	0.00774	0.00517	0.00472	0.00146	0.00713	0.00403	0.00290	0.00768
14	0.01514	0.01267	0.07698	0.04055	0.04473	0.01209	0.04107	0.20798	0.17448	0.10026	0.07336	0.02314	0.01688	0.05047	0.02045	0.00214	0.00573	0.06907	0.00494	0.00787
15	0.01022	0.00518	0.00525	0.00524	0.00653	0.00516	0.00393	0.01281	0.01178	0.02071	0.04843	0.02149	0.01574	0.00665	0.00398	0.00131	0.00258	0.00536	0.80250	0.00516
16	0.05420	0.05974	0.05036	0.09368	0.09314	0.06596	0.12123	0.22571	0.01564	0.02135	0.01062	0.01313	0.00834	0.00735	0.03337	0.00201	0.10818	0.00488	0.00349	0.00762
17	0.01162	0.00812	0.00925	0.00833	0.01066	0.00819	0.00656	0.10049	0.13841	0.07936	0.22544	0.03562	0.20127	0.01034	0.00607	0.00180	0.00368	0.05852	0.06978	0.00647
18	0.00805	0.00540	0.00617	0.00617	0.00622	0.00544	0.00352	0.00814	0.00809	0.01084	0.01733	0.03557	0.01984	0.76969	0.06346	0.00553	0.00581	0.00795	0.00334	0.00343
19	0.01659	0.44889	0.04806	0.01215	0.01624	0.28813	0.04451	0.01851	0.01283	0.01358	0.00822	0.00974	0.00718	0.00524	0.00469	0.00136	0.03121	0.00343	0.00256	0.00689
20	0.01348	0.05317	0.15280	0.02329	0.19554	0.01374	0.39648	0.01788	0.01277	0.05018	0.01111	0.01401	0.00843	0.00492	0.00591	0.00176	0.00816	0.00556	0.00287	0.00795
21	0.01298	0.01286	0.01957	0.42648	0.04752	0.10196	0.17494	0.01686	0.03620	0.05072	0.01115	0.01485	0.00844	0.00677	0.03363	0.00205	0.00814	0.00523	0.00291	0.00672
22	0.01412	0.01221	0.01260	0.01129	0.01437	0.03472	0.00877	0.07583	0.65736	0.02326	0.02192	0.05590	0.01705	0.00786	0.00568	0.00187	0.00460	0.00654	0.00553	0.00855

[dist]
# distance from previous block
# <min> <max>
0	1

[block]
# block no. 6 follows, 43 sequences, length 19
# corresponding to MSA columns:
# 548-566
name=unknown_G
#
# <colnr> <probs for GDERKNQSTAVLIFYWHMCP>
#	G	D	E	R	K	N	Q	S	T	A	V	L	I	F	Y	W	H	M	C	P
0	0.01300	0.01444	0.06401	0.04634	0.21790	0.04955	0.15934	0.01582	0.01106	0.01572	0.00916	0.01306	0.00787	0.00689	0.01082	0.00201	0.32811	0.00510	0.00260	0.00719
1	0.01324	0.01280	0.03797	0.24169	0.37749	0.01325	0.07269	0.07991	0.02729	0.01841	0.01071	0.01406	0.00848	0.00535	0.00578	0.00172	0.02120	0.00502	0.00296	0.02999
2	0.01750	0.01690	0.01543	0.05709	0.03570	0.27678	0.04176	0.15574	0.13878	0.07605	0.01517	0.05187	0.03112	0.00711	0.00601	0.00170	0.03806	0.00549	0.00422	0.00752
3	0.01370	0.01343	0.05884	0.02130	0.30187	0.01292	0.10759	0.10152	0.17001	0.02101	0.04885	0.03128	0.02962	0.00633	0.00569	0.00172	0.00609	0.00589	0.00391	0.03841
4	0.01124	0.00673	0.00789	0.00712	0.00895	0.00661	0.00548	0.07090	0.03769	0.08010	0.36052	0.02940	0.03125	0.00875	0.00540	0.00158	0.00309	0.00743	0.30393	0.00596
5	0.01339	0.01415	0.06940	0.04290	0.38550	0.03561	0.10537	0.01908	0.14312	0.01866	0.01248	0.01464	0.00990	0.00533	0.00548	0.00164	0.00652	0.00511	0.00328	0.08844
6	0.00847	0.00628	0.00814	0.00806	0.00960	0.00593	0.00640	0.01143	0.04221	0.01991	0.44341	0.07985	0.06339	0.01220	0.00669	0.00194	0.00347	0.20504	0.00558	0.05200
7	0.01339	0.01149	0.01219	0.01099	0.01401	0.01322	0.00854	0.02820	0.71260	0.02311	0.07076	0.02200	0.01919	0.00776	0.00569	0.00187	0.00427	0.00650	0.00567	0.00854
8	0.00805	0.00537	0.00604	0.00604	0.00604	0.00537	0.00336	0.00805	0.00805	0.01074	0.01745	0.03624	0.02013	0.80536	0.02819	0.00537	0.00537	0.00805	0.00336	0.00336
9	0.00945	0.00546	0.00805	0.00791	0.00814	0.00593	0.00562	0.00822	0.00772	0.01072	0.01070	0.01761	0.01041	0.02273	0.16917	0.60982	0.05201	0.00504	0.02212	0.00317
10	0.02105	0.01551	0.01662	0.01274	0.01717	0.01717	0.01053	0.75235	0.02604	0.03490	0.01330	0.01330	0.00942	0.00665	0.00554	0.00166	0.00609	0.00499	0.00554	0.00942
11	0.01253	0.01268	0.03923	0.09847	0.46272	0.01233	0.15008	0.01601	0.01248	0.01735	0.01371	0.04079	0.03890	0.00616	0.00587	0.00178	0.00688	0.04123	0.00299	0.00782
12	0.00843	0.05757	0.00867	0.00741	0.00811	0.00706	0.00518	0.00934	0.00860	0.01173	0.01577	0.02869	0.01678	0.44845	0.32827	0.00651	0.00919	0.00688	0.00314	0.00423
13	0.84448	0.01071	0.00814	0.00728	0.01071	0.01242	0.00600	0.01628	0.00943	0.02485	0.00771	0.00900	0.00600	0.00514	0.00343	0.00171	0.00428	0.00300	0.00343	0.00600
14	0.01235	0.06401	0.28719	0.01568	0.07700	0.06423	0.12417	0.01629	0.01258	0.04983	0.06692	0.01947	0.10364	0.00697	0.00640	0.00176	0.05516	0.00586	0.00327	0.00724
15	0.01131	0.01055	0.01800	0.48558	0.22016	0.01198	0.05592	0.01474	0.01146	0.01549	0.01079	0.01576	0.00868	0.04207	0.00654	0.00193	0.00698	0.00517	0.04019	0.00672
16	0.01271	0.01224	0.04425	0.11519	0.08200	0.04129	0.03002	0.02196	0.38487	0.01978	0.08090	0.01946	0.01616	0.00751	0.00670	0.02726	0.04159	0.00594	0.00441	0.02576
17	0.01492	0.05676	0.03832	0.01421	0.12610	0.10134	0.02190	0.18121	0.02957	0.02073	0.02866	0.01427	0.01024	0.04315	0.02896	0.00175	0.00624	0.00451	0.00368	0.25347
18	0.03542	0.01100	0.06255	0.16244	0.08801	0.03697	0.06495	0.02722	0.01107	0.01547	0.04752	0.04598	0.02916	0.18113	0.03839	0.00283	0.08098	0.00627	0.02234	0.03029

[dist]
# distance from previous block
# <min> <max>
0	42

# created by:
# /home/cegg/simao/soft/augustus-3.2.1/scripts/msa2prfl.pl ./align_prep/EOG091G0LAR.fa
