[name]
unknown

[dist]
# distance from previous block
# <min> <max>
0	45

[block]
# block no. 0 follows, 44 sequences, length 15
# corresponding to MSA columns:
# 50-64
name=unknown_A
#
# <colnr> <probs for GDERKNQSTAVLIFYWHMCP>
#	G	D	E	R	K	N	Q	S	T	A	V	L	I	F	Y	W	H	M	C	P
0	0.01518	0.09409	0.01325	0.00976	0.01308	0.01188	0.00796	0.11025	0.29323	0.16581	0.05450	0.02448	0.13390	0.00817	0.00552	0.00173	0.00444	0.01959	0.00536	0.00783
1	0.06326	0.01265	0.03705	0.15635	0.11155	0.01300	0.01140	0.29381	0.01747	0.17701	0.01330	0.01416	0.00938	0.00596	0.00527	0.00165	0.00590	0.00481	0.00454	0.04148
2	0.14240	0.01329	0.15961	0.03931	0.08361	0.01098	0.05906	0.07054	0.07140	0.03147	0.01223	0.01619	0.01016	0.04041	0.11293	0.09069	0.00723	0.01863	0.00329	0.00657
3	0.00903	0.00492	0.00701	0.00694	0.00714	0.00486	0.00465	0.00769	0.00849	0.01152	0.12940	0.02235	0.01711	0.10035	0.01966	0.62262	0.00445	0.00587	0.00303	0.00290
4	0.13872	0.00672	0.00777	0.08915	0.01142	0.00679	0.00609	0.01062	0.01261	0.01847	0.27289	0.09300	0.26424	0.01097	0.00592	0.00182	0.00349	0.02935	0.00483	0.00513
5	0.01528	0.01638	0.12174	0.03817	0.33600	0.06578	0.11058	0.16861	0.01532	0.04318	0.01107	0.01323	0.00850	0.00533	0.00549	0.00166	0.00713	0.00489	0.00334	0.00834
6	0.13908	0.00611	0.00627	0.00614	0.00666	0.00637	0.00371	0.00919	0.00814	0.01274	0.01568	0.03148	0.01764	0.68282	0.02394	0.00472	0.00512	0.00715	0.00331	0.00371
7	0.00789	0.00533	0.00616	0.00609	0.00629	0.00526	0.00359	0.00830	0.00910	0.01234	0.13510	0.03647	0.02476	0.68377	0.02442	0.00473	0.00486	0.00823	0.00373	0.00359
8	0.14465	0.01291	0.01481	0.01717	0.24023	0.07226	0.01069	0.10869	0.21102	0.02171	0.03079	0.01751	0.04918	0.00656	0.00520	0.00170	0.00547	0.01758	0.00411	0.00778
9	0.06784	0.13813	0.20461	0.03373	0.03847	0.10800	0.01120	0.03714	0.04643	0.11257	0.01244	0.01597	0.01029	0.13104	0.00838	0.00215	0.00653	0.00469	0.00340	0.00697
10	0.02004	0.00917	0.01161	0.00898	0.01288	0.00812	0.00733	0.07623	0.01506	0.49409	0.01850	0.01728	0.01241	0.00625	0.00501	0.00148	0.00434	0.00503	0.12739	0.13880
11	0.73131	0.03744	0.00958	0.08973	0.01349	0.01253	0.00699	0.01582	0.00951	0.02297	0.00781	0.00945	0.00608	0.00509	0.00360	0.00168	0.00459	0.00315	0.00324	0.00596
12	0.00666	0.00536	0.00571	0.00593	0.00729	0.00465	0.00420	0.00780	0.01154	0.01409	0.04626	0.18176	0.55326	0.10990	0.00909	0.00232	0.00313	0.01177	0.00485	0.00442
13	0.01181	0.04643	0.01228	0.00830	0.01312	0.00828	0.00674	0.04161	0.01183	0.01816	0.00972	0.01126	0.00807	0.00416	0.00407	0.00085	0.00419	0.00328	0.00327	0.77259
14	0.10466	0.01210	0.03285	0.01062	0.01470	0.04611	0.04361	0.18855	0.03571	0.22556	0.04478	0.04447	0.01249	0.00643	0.00511	0.00154	0.00519	0.00517	0.00487	0.15547

[dist]
# distance from previous block
# <min> <max>
0	5

[block]
# block no. 1 follows, 44 sequences, length 52
# corresponding to MSA columns:
# 70-121
name=unknown_B
#
# <colnr> <probs for GDERKNQSTAVLIFYWHMCP>
#	G	D	E	R	K	N	Q	S	T	A	V	L	I	F	Y	W	H	M	C	P
0	0.32936	0.19187	0.06373	0.02705	0.03396	0.05277	0.02332	0.05969	0.06757	0.04073	0.00985	0.01091	0.00774	0.00524	0.00413	0.00152	0.00543	0.00363	0.00336	0.05816
1	0.01172	0.09805	0.02852	0.00826	0.01110	0.00849	0.00682	0.04085	0.01371	0.11670	0.27788	0.09882	0.07838	0.00903	0.00583	0.00156	0.02259	0.00759	0.00487	0.14924
2	0.04076	0.06290	0.01381	0.00977	0.01401	0.00947	0.00818	0.06373	0.01569	0.67283	0.01985	0.01742	0.01269	0.00656	0.00531	0.00165	0.00478	0.00523	0.00632	0.00906
3	0.01755	0.01086	0.07729	0.01044	0.03358	0.00898	0.00879	0.05026	0.10738	0.38141	0.14467	0.02165	0.03270	0.00732	0.00554	0.00166	0.00457	0.00609	0.00568	0.06358
4	0.04942	0.01824	0.01518	0.03347	0.10255	0.34548	0.01066	0.12396	0.18843	0.01946	0.01298	0.01454	0.01033	0.00629	0.00521	0.00161	0.00725	0.02362	0.00386	0.00747
5	0.00906	0.00708	0.01007	0.00957	0.01067	0.00848	0.00757	0.05965	0.00984	0.01414	0.01375	0.01991	0.01269	0.03545	0.65748	0.00765	0.09297	0.00567	0.00303	0.00527
6	0.07894	0.00958	0.01248	0.00964	0.01380	0.00862	0.00796	0.05267	0.01555	0.70080	0.02027	0.01771	0.01284	0.00663	0.00534	0.00169	0.00466	0.00529	0.00648	0.00905
7	0.00859	0.00675	0.00837	0.00787	0.00918	0.00692	0.00599	0.05916	0.01390	0.01896	0.36779	0.16473	0.19154	0.01221	0.00768	0.00189	0.08771	0.01026	0.00523	0.00527
8	0.00949	0.00761	0.00896	0.06039	0.01185	0.00785	0.00683	0.06840	0.15107	0.01880	0.15577	0.14665	0.24331	0.01166	0.00630	0.00191	0.00379	0.06832	0.00516	0.00588
9	0.00903	0.00555	0.00639	0.00620	0.00648	0.00547	0.00362	0.00917	0.00844	0.06154	0.01747	0.03454	0.01940	0.75517	0.02627	0.00505	0.00524	0.00777	0.00353	0.00370
10	0.01450	0.00961	0.01122	0.00947	0.01223	0.01000	0.00750	0.21839	0.12757	0.13236	0.28750	0.05424	0.02721	0.00962	0.02622	0.00190	0.00439	0.00736	0.02136	0.00733
11	0.01450	0.34079	0.20822	0.01285	0.01808	0.16007	0.07552	0.02921	0.01239	0.01507	0.00880	0.01037	0.00720	0.00495	0.00449	0.00139	0.00729	0.00365	0.00256	0.06263
12	0.01955	0.02387	0.01563	0.01397	0.01660	0.65885	0.01066	0.06968	0.01542	0.01472	0.00861	0.01026	0.00719	0.00607	0.00624	0.00152	0.08800	0.00373	0.00294	0.00648
13	0.08159	0.00976	0.01564	0.72814	0.03525	0.01212	0.01435	0.01411	0.01076	0.01483	0.00951	0.01405	0.00715	0.00542	0.00527	0.00181	0.00701	0.00468	0.00250	0.00604
14	0.00677	0.00563	0.00598	0.00616	0.00792	0.00484	0.00480	0.00831	0.01244	0.01495	0.05152	0.05374	0.66796	0.01398	0.00660	0.00194	0.00308	0.11367	0.00506	0.00466
15	0.01244	0.01332	0.02668	0.12121	0.11075	0.01355	0.47968	0.01635	0.01205	0.01667	0.01055	0.01441	0.00822	0.00530	0.00733	0.00185	0.09153	0.00584	0.02515	0.00712
16	0.01303	0.02734	0.01625	0.05012	0.32759	0.06438	0.01185	0.07875	0.05116	0.01841	0.01615	0.05653	0.05479	0.00721	0.00553	0.00165	0.00577	0.08119	0.00361	0.10870
17	0.03337	0.45603	0.04341	0.01188	0.04463	0.17713	0.01025	0.09784	0.03019	0.01605	0.00883	0.01004	0.00750	0.00529	0.00455	0.00136	0.02812	0.00348	0.00288	0.00718
18	0.00879	0.00628	0.00879	0.01004	0.01130	0.00628	0.00879	0.01130	0.01255	0.01632	0.02887	0.06150	0.03138	0.01506	0.00753	0.00251	0.00502	0.73770	0.00502	0.00502
19	0.00667	0.00476	0.00632	0.00755	0.00786	0.00445	0.00502	0.00760	0.01038	0.01384	0.02974	0.78614	0.03566	0.03632	0.00746	0.00229	0.00321	0.01531	0.00502	0.00440
20	0.05523	0.00692	0.00841	0.00828	0.01025	0.00630	0.00639	0.02973	0.01154	0.01655	0.02422	0.34613	0.05731	0.01237	0.00612	0.00188	0.00391	0.17529	0.00452	0.20864
21	0.01359	0.67593	0.09094	0.00971	0.01430	0.01935	0.00989	0.01566	0.01106	0.01330	0.00968	0.07682	0.00946	0.00577	0.00394	0.00130	0.00579	0.00408	0.00256	0.00687
22	0.00664	0.00474	0.00633	0.00759	0.00791	0.00443	0.00506	0.00759	0.01044	0.01392	0.03005	0.80485	0.03606	0.01708	0.00696	0.00221	0.00316	0.01550	0.00506	0.00443
23	0.01824	0.09925	0.01623	0.01252	0.01594	0.34876	0.00992	0.19076	0.19650	0.02036	0.01270	0.01298	0.00983	0.00616	0.00505	0.00154	0.00723	0.00440	0.00402	0.00761
24	0.01310	0.01256	0.02142	0.12631	0.68459	0.01285	0.01654	0.01639	0.01223	0.01734	0.01019	0.01362	0.00847	0.00493	0.00540	0.00164	0.00657	0.00486	0.00266	0.00832
25	0.01174	0.19265	0.54318	0.01347	0.02048	0.01401	0.01647	0.01671	0.01140	0.01637	0.00931	0.01090	0.00704	0.00496	0.00471	0.00151	0.00718	0.00371	0.00240	0.09179
26	0.00845	0.00651	0.00803	0.00783	0.00935	0.00670	0.00597	0.08392	0.01199	0.01576	0.03097	0.15020	0.28135	0.02437	0.31750	0.00464	0.00787	0.00919	0.00425	0.00515
27	0.00718	0.00513	0.00694	0.00821	0.00876	0.00489	0.00600	0.00852	0.01097	0.01452	0.02975	0.61829	0.03488	0.01657	0.00710	0.00229	0.00363	0.19675	0.00505	0.00458
28	0.01282	0.01286	0.01863	0.21133	0.35975	0.10091	0.05522	0.01577	0.01214	0.01579	0.01162	0.01803	0.01032	0.04580	0.00690	0.00192	0.02081	0.05943	0.00285	0.00709
29	0.01315	0.34205	0.43550	0.01272	0.01920	0.01598	0.01512	0.01740	0.01156	0.05769	0.00955	0.01079	0.00731	0.00506	0.00452	0.00150	0.00697	0.00366	0.00256	0.00770
30	0.00825	0.00589	0.00817	0.00943	0.01044	0.00581	0.00785	0.01037	0.01202	0.01571	0.02916	0.24806	0.03255	0.01557	0.00739	0.00244	0.00455	0.55645	0.00503	0.00487
31	0.77589	0.01075	0.00922	0.00941	0.07563	0.01229	0.00683	0.01609	0.00955	0.02389	0.00782	0.00925	0.00614	0.00504	0.00355	0.00168	0.00441	0.00311	0.00332	0.00614
32	0.00656	0.00553	0.00569	0.00565	0.00744	0.00465	0.00424	0.00806	0.01271	0.01540	0.12317	0.05135	0.70382	0.01355	0.00644	0.00183	0.00274	0.01135	0.00515	0.00465
33	0.01455	0.01283	0.01294	0.05029	0.01564	0.07922	0.00920	0.06652	0.58652	0.04235	0.02003	0.01963	0.01520	0.00725	0.00553	0.00181	0.00505	0.02198	0.00517	0.00828
34	0.01003	0.00717	0.00968	0.04536	0.07583	0.00683	0.00703	0.01301	0.05673	0.08237	0.33018	0.17585	0.08064	0.01056	0.00610	0.00176	0.00361	0.00934	0.00517	0.06274
35	0.00800	0.00584	0.00774	0.00838	0.00961	0.00558	0.00685	0.01024	0.01314	0.01747	0.24286	0.12991	0.12141	0.01401	0.00704	0.00218	0.00388	0.37561	0.00531	0.00495
36	0.84691	0.01054	0.00801	0.00717	0.01054	0.01223	0.00590	0.01603	0.00928	0.02446	0.00759	0.00886	0.00590	0.00506	0.00337	0.00169	0.00422	0.00295	0.00337	0.00590
37	0.01435	0.74353	0.02756	0.00975	0.01402	0.02116	0.00955	0.01605	0.01084	0.01285	0.00754	0.00902	0.00701	0.00508	0.00472	0.00127	0.07337	0.00307	0.00234	0.00691
38	0.00714	0.00564	0.00650	0.00655	0.00814	0.00499	0.00508	0.00903	0.01333	0.01705	0.26206	0.05028	0.45698	0.01320	0.00659	0.00190	0.00302	0.11237	0.00533	0.00482
39	0.00645	0.00549	0.00555	0.00560	0.00738	0.00460	0.00418	0.00781	0.01235	0.01470	0.05425	0.08169	0.74359	0.01393	0.00646	0.00186	0.00278	0.01166	0.00506	0.00460
40	0.04137	0.01117	0.07811	0.01026	0.01479	0.00888	0.00910	0.05638	0.01554	0.66520	0.01984	0.01751	0.01259	0.00657	0.00541	0.00169	0.00498	0.00528	0.00624	0.00910
41	0.00678	0.00575	0.00587	0.00580	0.00766	0.00496	0.00436	0.00874	0.04022	0.01542	0.09375	0.05064	0.70445	0.01342	0.00641	0.00183	0.00281	0.01122	0.00513	0.00478
42	0.00664	0.00474	0.00633	0.00759	0.00791	0.00443	0.00506	0.00759	0.01044	0.01392	0.03005	0.80485	0.03606	0.01708	0.00696	0.00221	0.00316	0.01550	0.00506	0.00443
43	0.01186	0.01129	0.01918	0.42212	0.39848	0.01252	0.01592	0.01530	0.01164	0.01583	0.00997	0.01402	0.00794	0.00516	0.00542	0.00172	0.00688	0.00485	0.00256	0.00732
44	0.01255	0.01107	0.01497	0.01295	0.01351	0.03440	0.01064	0.01390	0.00920	0.07819	0.00968	0.01432	0.00889	0.03297	0.12241	0.00325	0.58317	0.00502	0.00286	0.00604
45	0.02422	0.00967	0.01290	0.00989	0.01411	0.00860	0.00817	0.07445	0.01626	0.72936	0.02096	0.01820	0.01322	0.00673	0.00548	0.00168	0.00473	0.00544	0.00666	0.00928
46	0.01337	0.01303	0.02286	0.04883	0.69511	0.01301	0.07957	0.01673	0.01242	0.01770	0.01031	0.01362	0.00858	0.00485	0.00549	0.00164	0.00672	0.00499	0.00270	0.00847
47	0.01140	0.05812	0.16089	0.03596	0.10310	0.03355	0.11014	0.01615	0.09171	0.03364	0.15518	0.05715	0.06720	0.00776	0.00595	0.00176	0.01749	0.02201	0.00389	0.00694
48	0.00869	0.00580	0.00753	0.00699	0.00845	0.00534	0.00527	0.01109	0.01491	0.06783	0.64644	0.03936	0.08727	0.03125	0.02799	0.00200	0.00310	0.00952	0.00585	0.00532
49	0.01289	0.05559	0.01509	0.01211	0.01339	0.03419	0.01002	0.11367	0.01191	0.03384	0.07063	0.01570	0.01210	0.01225	0.10019	0.00280	0.42659	0.00521	0.03552	0.00633
50	0.01342	0.09137	0.23962	0.20972	0.04288	0.03265	0.03037	0.09658	0.05200	0.07450	0.02880	0.01534	0.03735	0.00601	0.00526	0.00169	0.00670	0.00490	0.00338	0.00747
51	0.01311	0.01621	0.11984	0.06477	0.09408	0.04348	0.47973	0.05059	0.01322	0.01785	0.01109	0.01490	0.00856	0.00508	0.00605	0.00179	0.00850	0.02082	0.00285	0.00748

[dist]
# distance from previous block
# <min> <max>
32	207

[block]
# block no. 2 follows, 44 sequences, length 13
# corresponding to MSA columns:
# 465-477
name=unknown_C
#
# <colnr> <probs for GDERKNQSTAVLIFYWHMCP>
#	G	D	E	R	K	N	Q	S	T	A	V	L	I	F	Y	W	H	M	C	P
0	0.05863	0.03108	0.16006	0.01671	0.18175	0.04020	0.05628	0.06973	0.04647	0.08737	0.05674	0.03434	0.01310	0.00644	0.00536	0.00165	0.00605	0.04467	0.00375	0.07961
1	0.05722	0.08330	0.15125	0.01052	0.01421	0.07622	0.00974	0.08235	0.07927	0.10017	0.05170	0.05094	0.03592	0.00878	0.00759	0.12896	0.00564	0.00535	0.00388	0.03700
2	0.02712	0.05635	0.20232	0.04732	0.04750	0.09591	0.06136	0.09213	0.06699	0.03745	0.10639	0.04259	0.01488	0.00741	0.02398	0.00180	0.00659	0.00550	0.00370	0.05272
3	0.06996	0.02760	0.08830	0.04227	0.06665	0.02858	0.03549	0.04015	0.04193	0.06422	0.18979	0.06185	0.02012	0.00810	0.00675	0.04050	0.04462	0.00624	0.00407	0.11282
4	0.04945	0.01293	0.05848	0.04497	0.04775	0.12768	0.00882	0.07642	0.04856	0.04408	0.11038	0.08293	0.04453	0.00728	0.00520	0.00149	0.00531	0.00596	0.00403	0.21374
5	0.04211	0.01097	0.10998	0.00974	0.01331	0.00853	0.02045	0.01660	0.11876	0.10195	0.17998	0.04142	0.04003	0.00827	0.00560	0.00166	0.00450	0.09072	0.00470	0.17072
6	0.06436	0.01273	0.09210	0.01818	0.26497	0.01100	0.04604	0.04635	0.08211	0.05709	0.11420	0.01727	0.01495	0.00601	0.00526	0.00156	0.00543	0.00531	0.00380	0.13129
7	0.01275	0.04054	0.01858	0.07789	0.42832	0.07909	0.04642	0.01528	0.01213	0.01608	0.01382	0.04835	0.04871	0.00718	0.00648	0.05258	0.00638	0.03936	0.00299	0.02708
8	0.01217	0.00952	0.01448	0.15921	0.05651	0.00937	0.10522	0.04256	0.05387	0.10511	0.12806	0.05291	0.10094	0.00761	0.00570	0.00166	0.00520	0.00685	0.00427	0.11877
9	0.01123	0.05487	0.06485	0.54268	0.17087	0.01286	0.03706	0.01488	0.01128	0.01489	0.00972	0.01385	0.00751	0.00526	0.00535	0.00174	0.00715	0.00474	0.00247	0.00674
10	0.01068	0.05790	0.01564	0.47769	0.10057	0.01144	0.01271	0.04168	0.01193	0.01573	0.06407	0.09603	0.01406	0.00719	0.00557	0.00179	0.00618	0.02452	0.01840	0.00622
11	0.04516	0.00653	0.00898	0.00897	0.04753	0.00618	0.03862	0.01133	0.01374	0.04655	0.44553	0.15763	0.07552	0.01095	0.00616	0.00178	0.00330	0.00973	0.05038	0.00545
12	0.01284	0.04127	0.01310	0.08145	0.06933	0.04969	0.00909	0.09815	0.19951	0.03842	0.01810	0.15548	0.01674	0.02736	0.00610	0.00181	0.00509	0.04637	0.00439	0.10570

[dist]
# distance from previous block
# <min> <max>
11	61

[block]
# block no. 3 follows, 44 sequences, length 19
# corresponding to MSA columns:
# 601-619
name=unknown_D
#
# <colnr> <probs for GDERKNQSTAVLIFYWHMCP>
#	G	D	E	R	K	N	Q	S	T	A	V	L	I	F	Y	W	H	M	C	P
0	0.14076	0.01483	0.09811	0.05036	0.28579	0.04309	0.15807	0.04885	0.03577	0.03290	0.01046	0.01295	0.00818	0.00525	0.00565	0.00172	0.03175	0.00479	0.00304	0.00768
1	0.09065	0.01188	0.01814	0.22947	0.42522	0.03804	0.01432	0.01623	0.01206	0.04654	0.03922	0.01444	0.00978	0.00537	0.00525	0.00168	0.00637	0.00485	0.00297	0.00751
2	0.06661	0.01182	0.01576	0.10637	0.15291	0.01248	0.06032	0.18991	0.12196	0.02202	0.01684	0.01841	0.08092	0.00658	0.00538	0.00166	0.00560	0.01626	0.00407	0.08414
3	0.05331	0.08602	0.01529	0.01107	0.01504	0.04333	0.00910	0.34493	0.20086	0.05279	0.01445	0.01431	0.01075	0.00625	0.00503	0.00156	0.00535	0.00476	0.01975	0.08606
4	0.00780	0.00767	0.07893	0.00744	0.00945	0.00575	0.00637	0.01052	0.01456	0.02022	0.57906	0.04000	0.16960	0.01104	0.00632	0.00174	0.00311	0.00960	0.00550	0.00532
5	0.00793	0.00529	0.00595	0.00595	0.00595	0.00529	0.00330	0.00793	0.00793	0.01057	0.01718	0.03568	0.01982	0.80840	0.02775	0.00529	0.00529	0.00793	0.00330	0.00330
6	0.01449	0.32327	0.18273	0.01317	0.08579	0.02952	0.01199	0.04660	0.05591	0.08196	0.01075	0.01176	0.00844	0.00524	0.00472	0.00142	0.01980	0.00389	0.00314	0.08542
7	0.01006	0.00931	0.01551	0.72191	0.03481	0.01146	0.01421	0.01359	0.01132	0.01467	0.08060	0.01697	0.01138	0.00598	0.00554	0.00181	0.00683	0.00531	0.00276	0.00597
8	0.00664	0.00474	0.00633	0.00759	0.00791	0.00443	0.00506	0.00759	0.01044	0.01392	0.03005	0.80485	0.03606	0.01708	0.00696	0.00221	0.00316	0.01550	0.00506	0.00443
9	0.63526	0.01213	0.00980	0.00853	0.01184	0.08165	0.00695	0.05508	0.01111	0.08058	0.00898	0.01002	0.00680	0.00549	0.00435	0.00169	0.03636	0.00337	0.00365	0.00637
10	0.05430	0.14646	0.18849	0.01308	0.07559	0.01325	0.01180	0.05415	0.06454	0.16754	0.01429	0.01484	0.04015	0.00626	0.00601	0.00164	0.07281	0.00466	0.00380	0.04633
11	0.16990	0.07175	0.22956	0.01329	0.05228	0.11251	0.01247	0.21412	0.03812	0.02254	0.01033	0.01140	0.00774	0.00559	0.00479	0.00162	0.00669	0.00403	0.00352	0.00773
12	0.01725	0.17781	0.01801	0.01208	0.03075	0.07965	0.03065	0.29966	0.13210	0.06020	0.01385	0.01551	0.01087	0.00643	0.00509	0.00157	0.00594	0.03823	0.00444	0.03990
13	0.01316	0.05380	0.11361	0.01445	0.15614	0.01106	0.01076	0.13157	0.03754	0.05046	0.16492	0.01838	0.01739	0.00641	0.00522	0.00147	0.00515	0.00540	0.00408	0.17904
14	0.13986	0.08213	0.07438	0.01013	0.01433	0.04063	0.00893	0.13293	0.09199	0.17911	0.05623	0.01504	0.01215	0.00608	0.00482	0.00153	0.00512	0.00463	0.00455	0.11541
15	0.01376	0.14777	0.05599	0.01126	0.01540	0.04306	0.08188	0.16598	0.10963	0.02037	0.03660	0.01911	0.11658	0.00678	0.00514	0.00150	0.00549	0.00557	0.00403	0.13409
16	0.02983	0.07608	0.08312	0.01120	0.04315	0.01226	0.00935	0.09630	0.29516	0.07234	0.04365	0.02040	0.09227	0.00717	0.00527	0.00164	0.00481	0.00582	0.00467	0.08552
17	0.12420	0.08116	0.06339	0.05020	0.04813	0.01294	0.00959	0.04887	0.33087	0.05513	0.04157	0.01855	0.01404	0.00679	0.00510	0.00172	0.00496	0.03889	0.00445	0.03946
18	0.01356	0.08249	0.06963	0.01157	0.05297	0.04240	0.03218	0.13788	0.11189	0.04854	0.07856	0.04662	0.07517	0.00706	0.00522	0.00151	0.00513	0.00583	0.00426	0.16753

[dist]
# distance from previous block
# <min> <max>
1	51

[block]
# block no. 4 follows, 44 sequences, length 18
# corresponding to MSA columns:
# 694-711
name=unknown_E
#
# <colnr> <probs for GDERKNQSTAVLIFYWHMCP>
#	G	D	E	R	K	N	Q	S	T	A	V	L	I	F	Y	W	H	M	C	P
0	0.01368	0.01158	0.03941	0.15277	0.27625	0.01149	0.07289	0.06072	0.06594	0.10580	0.07317	0.03500	0.03080	0.00656	0.00568	0.00174	0.00601	0.01896	0.00387	0.00767
1	0.09219	0.01446	0.01367	0.06642	0.01629	0.18165	0.02621	0.18851	0.05526	0.08281	0.05037	0.01549	0.03924	0.00627	0.00505	0.00151	0.00607	0.00481	0.00420	0.12948
2	0.01640	0.01352	0.01480	0.01430	0.11426	0.08428	0.01008	0.27532	0.17981	0.06277	0.07006	0.04912	0.01485	0.00723	0.00587	0.00169	0.02820	0.00583	0.00482	0.02676
3	0.18127	0.01379	0.01655	0.08528	0.03479	0.04043	0.10349	0.37232	0.01812	0.02653	0.01105	0.01240	0.00815	0.00572	0.00508	0.00164	0.00621	0.00458	0.00417	0.04842
4	0.00841	0.00618	0.00750	0.00703	0.00844	0.00587	0.00520	0.06226	0.01476	0.02025	0.50543	0.08212	0.14736	0.08508	0.00836	0.00208	0.00312	0.00988	0.00553	0.00515
5	0.00834	0.00578	0.00764	0.00713	0.00748	0.00578	0.04504	0.00847	0.00816	0.01095	0.01600	0.03206	0.01793	0.65393	0.06287	0.08240	0.00590	0.00745	0.00317	0.00352
6	0.15373	0.01666	0.07302	0.03150	0.05238	0.16288	0.04367	0.27260	0.01716	0.09263	0.01139	0.01225	0.00833	0.00591	0.00529	0.00164	0.02267	0.00437	0.00411	0.00781
7	0.01030	0.00969	0.01635	0.79530	0.03755	0.01211	0.01514	0.01393	0.01090	0.01393	0.00969	0.01453	0.00727	0.00545	0.00545	0.00182	0.00727	0.00484	0.00242	0.00606
8	0.08416	0.00528	0.00648	0.00755	0.00815	0.00515	0.00514	0.00837	0.01033	0.01489	0.02798	0.73141	0.03328	0.01597	0.00663	0.00217	0.00326	0.01434	0.00491	0.00456
9	0.68965	0.10450	0.01038	0.00740	0.01078	0.01283	0.00625	0.01566	0.00992	0.02291	0.06155	0.01109	0.00925	0.00544	0.00360	0.00163	0.00429	0.00344	0.00344	0.00598
10	0.19962	0.17838	0.03939	0.00983	0.02929	0.03013	0.02037	0.07755	0.03179	0.10927	0.01330	0.06857	0.02833	0.00626	0.00449	0.00148	0.00499	0.00476	0.00385	0.13835
11	0.12508	0.01251	0.01623	0.03628	0.28176	0.06690	0.04640	0.07666	0.07118	0.04114	0.03120	0.01748	0.07805	0.00733	0.02374	0.00188	0.04975	0.00542	0.00362	0.00739
12	0.01413	0.16208	0.07515	0.03884	0.03482	0.06785	0.10669	0.11130	0.07316	0.06033	0.01692	0.06030	0.08098	0.00688	0.00523	0.00159	0.00603	0.00580	0.01699	0.05491
13	0.06069	0.07396	0.15970	0.01350	0.07077	0.04817	0.04938	0.06956	0.04414	0.09300	0.05775	0.01435	0.01119	0.00605	0.00620	0.00159	0.08124	0.00465	0.00360	0.13053
14	0.10723	0.10555	0.08837	0.05354	0.09184	0.01197	0.06394	0.06105	0.05510	0.13576	0.07226	0.03226	0.03792	0.02146	0.00560	0.00173	0.00553	0.02121	0.00407	0.02361
15	0.09008	0.13678	0.11502	0.03086	0.14941	0.08997	0.02592	0.03966	0.05931	0.01788	0.08065	0.03204	0.02804	0.00639	0.00558	0.00160	0.04453	0.00501	0.00333	0.03794
16	0.06953	0.06455	0.22055	0.12894	0.10263	0.02967	0.01314	0.09087	0.04309	0.04244	0.03810	0.01514	0.04057	0.00589	0.00507	0.00161	0.00623	0.00474	0.00334	0.07391
17	0.12373	0.10897	0.05591	0.01251	0.08516	0.02672	0.00980	0.17566	0.10749	0.04535	0.01460	0.01795	0.02857	0.00778	0.02399	0.01508	0.01996	0.06158	0.02174	0.03743

[dist]
# distance from previous block
# <min> <max>
5	39

[block]
# block no. 5 follows, 44 sequences, length 6
# corresponding to MSA columns:
# 762,772-776
name=unknown_F
#
# <colnr> <probs for GDERKNQSTAVLIFYWHMCP>
#	G	D	E	R	K	N	Q	S	T	A	V	L	I	F	Y	W	H	M	C	P
0	0.00973	0.01004	0.10631	0.00851	0.01125	0.00800	0.00753	0.09625	0.07948	0.01993	0.26204	0.03535	0.25299	0.05958	0.00741	0.00198	0.00403	0.00862	0.00498	0.00601
1	0.00830	0.00627	0.00877	0.00874	0.00973	0.00608	0.05309	0.05643	0.01178	0.01583	0.09016	0.50363	0.03162	0.11551	0.00945	0.00251	0.00404	0.04840	0.00480	0.00487
2	0.05448	0.01394	0.11624	0.22255	0.45405	0.01267	0.01622	0.01605	0.01176	0.01710	0.00992	0.01327	0.00793	0.00506	0.00528	0.00169	0.00676	0.00465	0.00261	0.00777
3	0.01333	0.16478	0.01694	0.11805	0.07619	0.10639	0.03092	0.08242	0.04553	0.01696	0.01441	0.08551	0.02976	0.00723	0.00519	0.00158	0.00601	0.06497	0.00349	0.11033
4	0.04377	0.16192	0.01558	0.05659	0.04292	0.01304	0.00880	0.14091	0.14519	0.02037	0.04518	0.07212	0.01381	0.00681	0.00494	0.00150	0.00494	0.02305	0.00406	0.17449
5	0.08484	0.11318	0.06277	0.05830	0.01515	0.01231	0.00919	0.11116	0.12934	0.07121	0.04330	0.02058	0.07299	0.00726	0.00547	0.00164	0.02775	0.05191	0.00423	0.09742

[dist]
# distance from previous block
# <min> <max>
14	289

# created by:
# /home/cegg/simao/soft/augustus-3.2.1/scripts/msa2prfl.pl ./align_prep/EOG091G0MLD.fa
