[name]
unknown

[dist]
# distance from previous block
# <min> <max>
3	278

[block]
# block no. 0 follows, 55 sequences, length 8
# corresponding to MSA columns:
# 348-355
name=unknown_A
#
# <colnr> <probs for GDERKNQSTAVLIFYWHMCP>
#	G	D	E	R	K	N	Q	S	T	A	V	L	I	F	Y	W	H	M	C	P
0	0.33023	0.05701	0.05141	0.02916	0.02638	0.07779	0.00756	0.17215	0.07554	0.06502	0.02565	0.01055	0.00783	0.00492	0.00383	0.00137	0.00463	0.00348	0.00342	0.04208
1	0.01236	0.00962	0.08126	0.02993	0.05589	0.00748	0.00761	0.04739	0.04243	0.20001	0.07644	0.03304	0.01178	0.00509	0.00424	0.00115	0.00401	0.00424	0.00372	0.36232
2	0.01047	0.20527	0.04847	0.18464	0.12925	0.01188	0.14892	0.05205	0.01075	0.01409	0.05898	0.04634	0.04866	0.00536	0.00454	0.00140	0.00551	0.00486	0.00264	0.00590
3	0.01137	0.07960	0.13086	0.01131	0.09801	0.00965	0.03438	0.13668	0.02637	0.05820	0.01206	0.13632	0.01091	0.00594	0.00440	0.00128	0.00463	0.00505	0.00325	0.21975
4	0.21256	0.32680	0.04140	0.06170	0.01289	0.06888	0.00774	0.05377	0.07445	0.05567	0.00887	0.00973	0.00704	0.00459	0.00352	0.00126	0.00478	0.00316	0.03526	0.00594
5	0.01056	0.00688	0.03767	0.00707	0.00911	0.00607	0.00571	0.06997	0.04171	0.18606	0.37644	0.09312	0.09017	0.03118	0.00572	0.00158	0.00313	0.00747	0.00490	0.00547
6	0.01314	0.18539	0.03168	0.01372	0.15234	0.08118	0.06332	0.16358	0.16770	0.01739	0.02777	0.01198	0.00910	0.00512	0.00475	0.00137	0.03638	0.00410	0.00322	0.00678
7	0.00676	0.00490	0.00705	0.00702	0.00782	0.00555	0.00536	0.00834	0.00786	0.01144	0.05774	0.02015	0.01391	0.09716	0.66468	0.00656	0.01069	0.00529	0.04766	0.00407

[dist]
# distance from previous block
# <min> <max>
0	1

[block]
# block no. 1 follows, 55 sequences, length 9
# corresponding to MSA columns:
# 357-365
name=unknown_B
#
# <colnr> <probs for GDERKNQSTAVLIFYWHMCP>
#	G	D	E	R	K	N	Q	S	T	A	V	L	I	F	Y	W	H	M	C	P
0	0.00696	0.00751	0.10130	0.03701	0.00985	0.00590	0.00649	0.00974	0.07421	0.01396	0.12550	0.26872	0.23361	0.01074	0.00566	0.00168	0.02049	0.05195	0.00404	0.00466
1	0.01132	0.01182	0.06440	0.12470	0.28149	0.03369	0.17504	0.08714	0.06491	0.01604	0.02587	0.01363	0.03725	0.00496	0.00511	0.00148	0.02709	0.00472	0.00277	0.00658
2	0.00648	0.00473	0.00610	0.00594	0.00702	0.00436	0.00447	0.00849	0.01255	0.01746	0.65095	0.09099	0.10395	0.01021	0.00557	0.00154	0.00235	0.04758	0.00496	0.00431
3	0.00794	0.00661	0.02152	0.02242	0.04990	0.01819	0.06407	0.02414	0.03040	0.04921	0.05487	0.39787	0.15531	0.01130	0.02092	0.00179	0.02793	0.00958	0.00395	0.02208
4	0.00665	0.00498	0.00748	0.00748	0.00831	0.00582	0.00582	0.00831	0.00748	0.01080	0.01246	0.01828	0.01163	0.03489	0.81807	0.00748	0.01246	0.00498	0.00249	0.00415
5	0.00973	0.00536	0.00547	0.00509	0.00648	0.00552	0.00391	0.10275	0.01118	0.01875	0.01470	0.01662	0.01145	0.00544	0.00342	0.00112	0.00252	0.00432	0.76141	0.00476
6	0.59525	0.07654	0.01002	0.00900	0.10344	0.01065	0.00642	0.01353	0.00857	0.01871	0.00696	0.00827	0.00561	0.00417	0.00316	0.00131	0.00392	0.00274	0.00272	0.10904
7	0.01096	0.01395	0.14371	0.01185	0.10600	0.22023	0.00934	0.01338	0.01152	0.01473	0.22353	0.01716	0.03445	0.00617	0.00531	0.00135	0.05902	0.00486	0.00310	0.08938
8	0.00904	0.08577	0.00629	0.00469	0.00606	0.00571	0.00371	0.01114	0.00973	0.01672	0.01433	0.01638	0.01134	0.00528	0.00323	0.00108	0.00244	0.00416	0.77842	0.00450

[dist]
# distance from previous block
# <min> <max>
0	3

[block]
# block no. 2 follows, 55 sequences, length 13
# corresponding to MSA columns:
# 369-381
name=unknown_C
#
# <colnr> <probs for GDERKNQSTAVLIFYWHMCP>
#	G	D	E	R	K	N	Q	S	T	A	V	L	I	F	Y	W	H	M	C	P
0	0.19252	0.01140	0.01159	0.00943	0.01269	0.01285	0.00767	0.42999	0.22234	0.02499	0.01223	0.01204	0.00896	0.00551	0.00431	0.00145	0.00443	0.00412	0.00431	0.00717
1	0.00675	0.00461	0.00638	0.00733	0.00791	0.00449	0.00566	0.00779	0.00934	0.01230	0.02309	0.39748	0.02632	0.01402	0.00762	0.10572	0.00355	0.34181	0.00403	0.00379
2	0.00965	0.00827	0.00965	0.00689	0.01102	0.00620	0.00551	0.01171	0.00965	0.01516	0.00827	0.00965	0.00689	0.00345	0.00345	0.00069	0.00345	0.00276	0.00276	0.86494
3	0.00764	0.00598	0.00679	0.00668	0.00815	0.00591	0.00488	0.01157	0.19585	0.03091	0.06941	0.29692	0.22732	0.04825	0.00617	0.00176	0.00296	0.00919	0.00434	0.04934
4	0.00933	0.02406	0.81240	0.01326	0.02014	0.01080	0.01719	0.01473	0.00982	0.01473	0.00835	0.00982	0.00589	0.00442	0.00442	0.00147	0.00688	0.00344	0.00196	0.00688
5	0.00665	0.00496	0.00734	0.00734	0.00812	0.00574	0.00565	0.00822	0.00744	0.01070	0.01259	0.01896	0.01193	0.08025	0.77311	0.00731	0.01201	0.00509	0.00251	0.00408
6	0.00844	0.00431	0.00442	0.00450	0.00552	0.00429	0.00333	0.01051	0.00969	0.01693	0.01597	0.07938	0.01336	0.00612	0.00346	0.00115	0.00221	0.00501	0.79711	0.00429
7	0.00979	0.02345	0.76814	0.01312	0.01982	0.01101	0.01673	0.05782	0.01049	0.01554	0.00851	0.00990	0.00601	0.00448	0.00443	0.00147	0.00678	0.00348	0.00211	0.00693
8	0.00668	0.00484	0.00677	0.00677	0.00735	0.00543	0.00493	0.00785	0.00727	0.01027	0.01311	0.02188	0.01319	0.27227	0.58282	0.00660	0.01011	0.00551	0.00259	0.00376
9	0.00856	0.00688	0.00936	0.00899	0.00997	0.00816	0.00736	0.07253	0.03193	0.01348	0.01504	0.06205	0.01512	0.01963	0.31815	0.00407	0.17400	0.20677	0.00319	0.00475
10	0.01086	0.00842	0.00990	0.00715	0.01122	0.00656	0.00575	0.04217	0.01041	0.07984	0.00919	0.01020	0.00730	0.00371	0.00359	0.00078	0.00355	0.00297	0.00307	0.76337
11	0.01260	0.18047	0.36569	0.01163	0.01642	0.21325	0.02945	0.01641	0.05164	0.04860	0.00871	0.00972	0.00664	0.00457	0.00414	0.00132	0.00661	0.00334	0.00240	0.00639
12	0.00949	0.00696	0.00882	0.00792	0.00935	0.02712	0.00617	0.03359	0.05024	0.08799	0.08909	0.01949	0.01447	0.11161	0.31475	0.00408	0.09875	0.01868	0.00327	0.07815

[dist]
# distance from previous block
# <min> <max>
0	2

[block]
# block no. 3 follows, 55 sequences, length 24
# corresponding to MSA columns:
# 384-407
name=unknown_D
#
# <colnr> <probs for GDERKNQSTAVLIFYWHMCP>
#	G	D	E	R	K	N	Q	S	T	A	V	L	I	F	Y	W	H	M	C	P
0	0.01357	0.12567	0.38911	0.01104	0.01623	0.01062	0.04096	0.01759	0.04528	0.26772	0.01178	0.01185	0.00810	0.00485	0.00437	0.00141	0.00559	0.00386	0.00331	0.00709
1	0.01147	0.01117	0.01957	0.02784	0.74463	0.01111	0.07658	0.01433	0.01062	0.01517	0.00880	0.01160	0.00734	0.00413	0.00468	0.00140	0.00571	0.00425	0.00231	0.00728
2	0.06617	0.00484	0.00485	0.00467	0.00601	0.00488	0.00357	0.01167	0.00983	0.06095	0.01478	0.01662	0.01145	0.00537	0.00331	0.00113	0.00236	0.00423	0.75875	0.00458
3	0.01086	0.01060	0.01699	0.24256	0.50713	0.03801	0.01340	0.01353	0.01005	0.01385	0.00836	0.01154	0.00691	0.00462	0.00546	0.00147	0.07181	0.00410	0.00222	0.00652
4	0.01125	0.01481	0.28979	0.04180	0.04632	0.01000	0.26673	0.01496	0.01066	0.12787	0.01309	0.03590	0.06061	0.00531	0.00524	0.00153	0.02977	0.00503	0.00287	0.00646
5	0.00808	0.00404	0.00606	0.00606	0.00606	0.00404	0.00404	0.00606	0.00606	0.00808	0.00808	0.01414	0.00808	0.01616	0.01818	0.86465	0.00404	0.00404	0.00202	0.00202
6	0.00614	0.00449	0.00608	0.05392	0.00836	0.00436	0.00498	0.00718	0.00927	0.01226	0.06772	0.58036	0.07981	0.03333	0.00669	0.03104	0.00307	0.07298	0.00412	0.00386
7	0.00959	0.02149	0.66285	0.01510	0.10898	0.01069	0.04904	0.01452	0.00999	0.01477	0.00898	0.01155	0.00681	0.00465	0.00455	0.00149	0.00668	0.02937	0.00210	0.00682
8	0.01028	0.01178	0.12207	0.12097	0.52686	0.01020	0.01342	0.01327	0.01030	0.01445	0.01209	0.03219	0.07161	0.00509	0.00469	0.00144	0.00547	0.00471	0.00244	0.00668
9	0.01554	0.01911	0.01346	0.01204	0.01383	0.61259	0.00929	0.01669	0.01164	0.01134	0.00691	0.00885	0.00602	0.00565	0.00702	0.00141	0.21772	0.00327	0.00230	0.00532
10	0.00611	0.00425	0.00546	0.00626	0.00656	0.00406	0.00419	0.00690	0.00870	0.01171	0.04099	0.57831	0.02749	0.18357	0.00955	0.00242	0.00315	0.06148	0.02519	0.00364
11	0.01078	0.05702	0.01102	0.00741	0.01149	0.00790	0.00606	0.10602	0.01111	0.01662	0.00851	0.00970	0.00696	0.00373	0.00356	0.00079	0.00374	0.00291	0.00294	0.71170
12	0.01294	0.27504	0.19207	0.01020	0.01435	0.08221	0.02419	0.18828	0.05285	0.02856	0.05581	0.01180	0.02233	0.00510	0.00412	0.00129	0.00548	0.00381	0.00303	0.00653
13	0.00897	0.08037	0.46998	0.01221	0.06816	0.00981	0.03040	0.01281	0.00977	0.01406	0.07125	0.07238	0.01157	0.03602	0.07049	0.00205	0.00637	0.00478	0.00248	0.00606
14	0.00694	0.00577	0.05237	0.00609	0.00672	0.00507	0.00439	0.00770	0.00763	0.01040	0.05791	0.02956	0.01780	0.59804	0.11025	0.00435	0.00540	0.05727	0.00296	0.00339
15	0.03147	0.07226	0.31576	0.01313	0.06044	0.01105	0.12290	0.09323	0.01185	0.18803	0.01074	0.01153	0.00755	0.00479	0.00478	0.00145	0.02484	0.00404	0.00315	0.00700
16	0.01119	0.01185	0.13225	0.26620	0.37174	0.01044	0.02889	0.01437	0.01034	0.08457	0.00941	0.01194	0.00716	0.00448	0.00462	0.00146	0.00583	0.00411	0.00249	0.00666
17	0.05716	0.00546	0.00740	0.05443	0.02384	0.00543	0.02463	0.00917	0.02334	0.04071	0.11296	0.40682	0.05585	0.02583	0.00590	0.00183	0.00339	0.12733	0.00414	0.00439
18	0.00958	0.00792	0.01008	0.01154	0.14938	0.04371	0.00761	0.04855	0.13172	0.03539	0.18883	0.11293	0.02214	0.01084	0.07617	0.00212	0.00471	0.11720	0.00400	0.00555
19	0.02284	0.00988	0.14665	0.04970	0.15574	0.02668	0.00885	0.01101	0.03376	0.01459	0.13747	0.16611	0.15385	0.00840	0.00506	0.00155	0.00415	0.01880	0.01958	0.00532
20	0.15906	0.08806	0.10545	0.01007	0.09043	0.02105	0.00803	0.06394	0.02155	0.07476	0.03847	0.16775	0.07365	0.00760	0.00458	0.00153	0.00425	0.05064	0.00350	0.00564
21	0.11698	0.13165	0.12347	0.00995	0.03744	0.08991	0.02071	0.14255	0.05938	0.05572	0.07327	0.01210	0.01012	0.00504	0.00408	0.00128	0.00498	0.00382	0.00326	0.09427
22	0.06569	0.19733	0.20342	0.01038	0.03094	0.02617	0.05067	0.12031	0.08526	0.04719	0.02881	0.01161	0.00861	0.00486	0.00405	0.00132	0.00510	0.00378	0.07197	0.02255
23	0.14660	0.13222	0.13402	0.00986	0.05499	0.01025	0.03410	0.05935	0.02241	0.14973	0.01100	0.05841	0.00880	0.00511	0.00400	0.00129	0.00458	0.00403	0.02445	0.12481

[dist]
# distance from previous block
# <min> <max>
1	26

[block]
# block no. 4 follows, 55 sequences, length 7
# corresponding to MSA columns:
# 434-440
name=unknown_E
#
# <colnr> <probs for GDERKNQSTAVLIFYWHMCP>
#	G	D	E	R	K	N	Q	S	T	A	V	L	I	F	Y	W	H	M	C	P
0	0.28386	0.05541	0.25263	0.00873	0.01258	0.02660	0.00904	0.03019	0.04314	0.05693	0.09497	0.03001	0.06668	0.00578	0.00410	0.00145	0.00457	0.00439	0.00317	0.00578
1	0.19775	0.01478	0.26814	0.00992	0.01397	0.08641	0.02539	0.04191	0.07097	0.08723	0.01129	0.08830	0.00935	0.00564	0.00423	0.00144	0.00519	0.00440	0.00312	0.05056
2	0.05611	0.24524	0.34921	0.01037	0.01534	0.01260	0.01152	0.05640	0.06549	0.12145	0.00995	0.01045	0.00730	0.00466	0.00401	0.00134	0.00548	0.00346	0.00286	0.00676
3	0.09800	0.25429	0.21835	0.01173	0.11408	0.01226	0.01044	0.01455	0.03594	0.07041	0.08399	0.01216	0.01028	0.00500	0.00433	0.00134	0.03002	0.00379	0.00276	0.00629
4	0.01220	0.15061	0.28549	0.01578	0.23160	0.01244	0.01282	0.14253	0.01206	0.04297	0.00894	0.01031	0.00686	0.00448	0.00425	0.00133	0.00571	0.00362	0.00265	0.03334
5	0.09268	0.01114	0.01699	0.10220	0.61842	0.05061	0.01301	0.01420	0.01034	0.01523	0.00841	0.01107	0.00697	0.00424	0.00443	0.00139	0.00555	0.00393	0.00234	0.00684
6	0.07080	0.01090	0.01874	0.08074	0.60469	0.01105	0.10675	0.01415	0.01037	0.01533	0.00864	0.01142	0.00709	0.00417	0.00460	0.00142	0.00572	0.00419	0.00233	0.00692

[dist]
# distance from previous block
# <min> <max>
1	3

[block]
# block no. 5 follows, 55 sequences, length 11
# corresponding to MSA columns:
# 444-454
name=unknown_F
#
# <colnr> <probs for GDERKNQSTAVLIFYWHMCP>
#	G	D	E	R	K	N	Q	S	T	A	V	L	I	F	Y	W	H	M	C	P
0	0.00861	0.00804	0.01348	0.78025	0.03065	0.00997	0.01245	0.01159	0.00928	0.01189	0.00923	0.05760	0.00755	0.00520	0.00472	0.00157	0.00601	0.00463	0.00219	0.00509
1	0.86937	0.00900	0.00684	0.00612	0.00900	0.01044	0.00504	0.01368	0.00792	0.02087	0.00648	0.00756	0.00504	0.00432	0.00288	0.00144	0.00360	0.00252	0.00288	0.00504
2	0.86937	0.00900	0.00684	0.00612	0.00900	0.01044	0.00504	0.01368	0.00792	0.02087	0.00648	0.00756	0.00504	0.00432	0.00288	0.00144	0.00360	0.00252	0.00288	0.00504
3	0.01047	0.00998	0.01699	0.33476	0.50947	0.01078	0.01376	0.01336	0.01010	0.01393	0.00857	0.01186	0.00692	0.00434	0.00462	0.00145	0.00579	0.00414	0.00221	0.00652
4	0.81546	0.00893	0.00709	0.00626	0.00918	0.01021	0.00515	0.01425	0.00826	0.07105	0.00723	0.00808	0.00545	0.00441	0.00299	0.00144	0.00362	0.00266	0.00306	0.00522
5	0.00888	0.00875	0.01398	0.01159	0.01395	0.06769	0.27131	0.01130	0.01105	0.01423	0.11112	0.12370	0.10417	0.00893	0.00568	0.00171	0.00516	0.19825	0.00359	0.00496
6	0.00644	0.00509	0.00606	0.00659	0.03051	0.00465	0.00478	0.03133	0.01081	0.01372	0.10432	0.21722	0.41694	0.01193	0.00566	0.00170	0.00285	0.11086	0.00434	0.00420
7	0.01127	0.01081	0.01844	0.09965	0.73829	0.01099	0.01416	0.01406	0.01048	0.01490	0.00871	0.01159	0.00726	0.00419	0.00461	0.00140	0.00559	0.00414	0.00228	0.00717
8	0.01317	0.00986	0.01384	0.01088	0.01413	0.04473	0.18064	0.04983	0.20717	0.20041	0.05218	0.05153	0.05160	0.00610	0.00488	0.00146	0.00474	0.00554	0.00416	0.07313
9	0.01146	0.01113	0.01800	0.07643	0.69974	0.03710	0.01365	0.01416	0.01056	0.01487	0.00865	0.01139	0.00723	0.00417	0.00455	0.00136	0.00557	0.00405	0.00231	0.04364
10	0.01184	0.01136	0.01905	0.05336	0.66319	0.03737	0.08208	0.01464	0.01075	0.03841	0.00903	0.01166	0.00738	0.00421	0.00467	0.00140	0.00580	0.00424	0.00240	0.00715

[dist]
# distance from previous block
# <min> <max>
2	6

[block]
# block no. 6 follows, 55 sequences, length 16
# corresponding to MSA columns:
# 461-476
name=unknown_G
#
# <colnr> <probs for GDERKNQSTAVLIFYWHMCP>
#	G	D	E	R	K	N	Q	S	T	A	V	L	I	F	Y	W	H	M	C	P
0	0.18096	0.01067	0.18683	0.01001	0.09414	0.00786	0.00846	0.01205	0.02332	0.03039	0.33135	0.03454	0.03782	0.00680	0.00462	0.00146	0.00393	0.00568	0.00365	0.00547
1	0.01019	0.03963	0.07356	0.00895	0.05548	0.03109	0.00723	0.01333	0.06821	0.01519	0.00900	0.01022	0.00732	0.00383	0.00369	0.00088	0.00404	0.00307	0.00278	0.63233
2	0.01129	0.01173	0.05296	0.12359	0.43786	0.01132	0.20969	0.05667	0.01112	0.01547	0.00897	0.01180	0.00711	0.00424	0.00483	0.00145	0.00623	0.00446	0.00240	0.00683
3	0.10516	0.01033	0.01598	0.09554	0.39474	0.02397	0.08578	0.07086	0.01099	0.01628	0.04253	0.06213	0.00989	0.00528	0.00494	0.00147	0.03015	0.00481	0.00276	0.00640
4	0.00603	0.00473	0.00544	0.00527	0.00661	0.00415	0.00395	0.00770	0.01185	0.01552	0.41501	0.03991	0.43587	0.01068	0.00549	0.00152	0.00228	0.00914	0.00471	0.00415
5	0.01215	0.01039	0.01176	0.07258	0.05651	0.07023	0.04931	0.14184	0.32411	0.01888	0.01421	0.01477	0.01080	0.00604	0.01797	0.00152	0.00466	0.00462	0.15113	0.00651
6	0.00601	0.00463	0.00553	0.00587	0.00688	0.00420	0.00428	0.00757	0.02674	0.01378	0.19233	0.31963	0.31982	0.01225	0.00568	0.00169	0.00258	0.05199	0.00449	0.00406
7	0.09382	0.01047	0.01171	0.00917	0.01245	0.01106	0.00747	0.43910	0.01687	0.24310	0.01270	0.01298	0.00898	0.03553	0.00591	0.04810	0.00458	0.00426	0.00459	0.00716
8	0.00958	0.00903	0.01503	0.45710	0.19022	0.01020	0.06953	0.01349	0.08009	0.01405	0.07661	0.01455	0.01040	0.00505	0.00478	0.00151	0.00562	0.00470	0.00263	0.00584
9	0.01421	0.00795	0.01185	0.00929	0.01235	0.00724	0.13004	0.05348	0.03055	0.37634	0.08226	0.02382	0.18018	0.00725	0.00510	0.00151	0.00416	0.03126	0.00475	0.00642
10	0.01119	0.00885	0.01146	0.00915	0.03974	0.00776	0.06598	0.09362	0.05439	0.07066	0.01138	0.07206	0.00962	0.00491	0.00410	0.00105	0.00399	0.00424	0.02294	0.49290
11	0.00879	0.00827	0.01395	0.82532	0.03204	0.01034	0.01292	0.01189	0.00930	0.01189	0.00827	0.01240	0.00620	0.00465	0.00465	0.00155	0.00620	0.00413	0.00207	0.00517
12	0.55204	0.01084	0.00886	0.00759	0.01059	0.11572	0.00614	0.07341	0.01055	0.15327	0.00892	0.00933	0.00647	0.00472	0.00349	0.00140	0.00440	0.00307	0.00343	0.00578
13	0.01128	0.01082	0.01847	0.09576	0.74208	0.01099	0.01416	0.01408	0.01048	0.01492	0.00871	0.01159	0.00727	0.00419	0.00461	0.00140	0.00558	0.00414	0.00228	0.00718
14	0.01124	0.01078	0.01840	0.10736	0.73079	0.01098	0.01414	0.01404	0.01047	0.01487	0.00870	0.01160	0.00725	0.00420	0.00461	0.00140	0.00559	0.00414	0.00228	0.00715
15	0.01128	0.01082	0.01847	0.09576	0.74208	0.01099	0.01416	0.01408	0.01048	0.01492	0.00871	0.01159	0.00727	0.00419	0.00461	0.00140	0.00558	0.00414	0.00228	0.00718

[dist]
# distance from previous block
# <min> <max>
0	1

[block]
# block no. 7 follows, 55 sequences, length 33
# corresponding to MSA columns:
# 478-510
name=unknown_H
#
# <colnr> <probs for GDERKNQSTAVLIFYWHMCP>
#	G	D	E	R	K	N	Q	S	T	A	V	L	I	F	Y	W	H	M	C	P
0	0.00650	0.00475	0.00611	0.00588	0.00699	0.00437	0.00444	0.00856	0.01273	0.01775	0.68616	0.05977	0.10850	0.00999	0.00554	0.00151	0.00231	0.03882	0.00500	0.00433
1	0.01144	0.00984	0.01042	0.00944	0.01202	0.01136	0.00737	0.02422	0.77289	0.01928	0.01912	0.01852	0.01462	0.00653	0.00479	0.00160	0.00370	0.03087	0.00472	0.00726
2	0.00766	0.00623	0.00897	0.27850	0.01555	0.00679	0.00736	0.01080	0.05954	0.01629	0.45335	0.02596	0.04441	0.00763	0.00510	0.00149	0.00362	0.00671	0.02924	0.00482
3	0.00634	0.00470	0.00591	0.00569	0.00682	0.00427	0.00424	0.00827	0.01246	0.01718	0.62499	0.08509	0.17638	0.01022	0.00552	0.00151	0.00225	0.00895	0.00493	0.00427
4	0.01018	0.00811	0.01020	0.07323	0.05624	0.00886	0.04947	0.04639	0.32653	0.01798	0.09610	0.01860	0.03509	0.00615	0.00449	0.00142	0.00371	0.00529	0.21596	0.00602
5	0.86937	0.00900	0.00684	0.00612	0.00900	0.01044	0.00504	0.01368	0.00792	0.02087	0.00648	0.00756	0.00504	0.00432	0.00288	0.00144	0.00360	0.00252	0.00288	0.00504
6	0.00578	0.00413	0.00552	0.00660	0.00692	0.00387	0.00451	0.00667	0.00902	0.01200	0.02558	0.78652	0.03053	0.01447	0.00597	0.00190	0.00279	0.05909	0.00432	0.00381
7	0.05198	0.01165	0.05719	0.05470	0.05054	0.06592	0.02815	0.25058	0.01506	0.34698	0.01320	0.01280	0.00890	0.00533	0.00457	0.00142	0.00505	0.00423	0.00443	0.00735
8	0.02793	0.06081	0.01173	0.00947	0.01233	0.01233	0.00755	0.12165	0.63766	0.02022	0.01696	0.01579	0.01273	0.00604	0.00458	0.00152	0.00394	0.00490	0.00452	0.00731
9	0.00703	0.00491	0.00603	0.00592	0.00615	0.00531	0.00386	0.00755	0.00709	0.00995	0.01376	0.02613	0.01497	0.58235	0.18400	0.00479	0.05171	0.00612	0.04905	0.00330
10	0.11979	0.55819	0.17829	0.00885	0.01324	0.03044	0.00944	0.01414	0.00940	0.01295	0.00686	0.00796	0.00584	0.00412	0.00328	0.00115	0.00524	0.00269	0.00210	0.00602
11	0.00562	0.00472	0.00488	0.00484	0.00636	0.00398	0.00363	0.00691	0.01089	0.01325	0.13219	0.04365	0.72011	0.01153	0.00550	0.00156	0.00234	0.00966	0.00441	0.00398
12	0.01276	0.71904	0.06427	0.00855	0.01260	0.04918	0.00853	0.05734	0.01031	0.01218	0.00685	0.00783	0.00607	0.00412	0.00320	0.00105	0.00522	0.00265	0.00215	0.00610
13	0.00588	0.00428	0.00563	0.00650	0.00698	0.00391	0.00438	0.00676	0.00895	0.01205	0.02470	0.78905	0.02948	0.01397	0.00580	0.00182	0.00274	0.01266	0.00423	0.05021
14	0.01127	0.01151	0.05547	0.07081	0.72911	0.01100	0.01434	0.01417	0.01049	0.01500	0.00871	0.01148	0.00724	0.00419	0.00460	0.00140	0.00563	0.00411	0.00227	0.00723
15	0.00935	0.07141	0.26683	0.01192	0.10399	0.00910	0.04663	0.01343	0.06881	0.03631	0.27961	0.03026	0.02009	0.00637	0.00480	0.00144	0.00468	0.00553	0.00342	0.00602
16	0.02087	0.00792	0.01080	0.00828	0.01188	0.00684	0.00684	0.02267	0.01332	0.81071	0.01835	0.01583	0.01152	0.00576	0.00468	0.00144	0.00396	0.00468	0.00576	0.00792
17	0.01641	0.01110	0.01626	0.04998	0.01687	0.01125	0.20135	0.31612	0.03573	0.25670	0.01293	0.01311	0.00885	0.00520	0.00487	0.00146	0.00546	0.00468	0.00430	0.00737
18	0.01084	0.01037	0.01767	0.22521	0.61609	0.01088	0.01394	0.01369	0.01027	0.01438	0.00863	0.01173	0.00708	0.00427	0.00462	0.00142	0.00569	0.00414	0.00224	0.00683
19	0.00751	0.00523	0.00697	0.00650	0.00700	0.00528	0.04605	0.00808	0.00772	0.03926	0.03539	0.11586	0.01769	0.56863	0.06247	0.00391	0.03102	0.00716	0.01478	0.00350
20	0.00677	0.00451	0.00507	0.00507	0.00507	0.00451	0.00282	0.00677	0.00677	0.00902	0.01466	0.03044	0.01691	0.83650	0.02368	0.00451	0.00451	0.00677	0.00282	0.00282
21	0.33274	0.00903	0.00978	0.00782	0.01117	0.00923	0.00646	0.12723	0.01253	0.41041	0.01297	0.01213	0.00863	0.00520	0.00401	0.00143	0.00399	0.00381	0.00454	0.00686
22	0.03513	0.01287	0.01663	0.05837	0.01735	0.14082	0.24173	0.08810	0.25546	0.01681	0.01182	0.01296	0.00901	0.00526	0.00546	0.00152	0.05631	0.00466	0.00328	0.00645
23	0.01071	0.01022	0.01720	0.20345	0.57068	0.01090	0.01349	0.01343	0.01018	0.01433	0.02938	0.01225	0.00800	0.00462	0.00523	0.00146	0.05124	0.00425	0.00231	0.00668
24	0.00677	0.00451	0.00507	0.00507	0.00507	0.00451	0.00282	0.00677	0.00677	0.00902	0.01466	0.03044	0.01691	0.83650	0.02368	0.00451	0.00451	0.00677	0.00282	0.00282
25	0.01901	0.01090	0.01264	0.00969	0.01336	0.01126	0.00801	0.47112	0.01830	0.35521	0.01417	0.01311	0.00941	0.00566	0.00466	0.00141	0.00464	0.00439	0.00511	0.00791
26	0.00876	0.00452	0.00453	0.00450	0.00563	0.00457	0.00338	0.01128	0.03488	0.01741	0.01530	0.01734	0.01200	0.00545	0.00330	0.00110	0.00222	0.00437	0.83504	0.00443
27	0.86937	0.00900	0.00684	0.00612	0.00900	0.01044	0.00504	0.01368	0.00792	0.02087	0.00648	0.00756	0.00504	0.00432	0.00288	0.00144	0.00360	0.00252	0.00288	0.00504
28	0.01897	0.01096	0.01268	0.00972	0.01340	0.01136	0.00803	0.48102	0.01841	0.34516	0.01407	0.01305	0.00937	0.00565	0.00466	0.00141	0.00465	0.00439	0.00510	0.00791
29	0.01768	0.01303	0.01396	0.01070	0.01443	0.01443	0.00884	0.79197	0.02187	0.02932	0.01117	0.01117	0.00791	0.00558	0.00465	0.00140	0.00512	0.00419	0.00465	0.00791
30	0.00752	0.00511	0.00681	0.04402	0.00839	0.00480	0.00491	0.00970	0.01291	0.06632	0.69499	0.03289	0.06548	0.00913	0.00540	0.00147	0.00249	0.00803	0.00499	0.00462
31	0.01250	0.01102	0.01101	0.00974	0.01246	0.06089	0.00760	0.09706	0.67762	0.01990	0.01748	0.01623	0.01311	0.00615	0.00469	0.00154	0.00410	0.00502	0.00458	0.00730
32	0.65723	0.09793	0.00925	0.00659	0.00970	0.01077	0.00557	0.01470	0.00875	0.11175	0.00791	0.00856	0.00594	0.00443	0.00311	0.00137	0.00378	0.00277	0.00312	0.02675

[dist]
# distance from previous block
# <min> <max>
0	1

[block]
# block no. 8 follows, 55 sequences, length 36
# corresponding to MSA columns:
# 512-525,531-552
name=unknown_I
#
# <colnr> <probs for GDERKNQSTAVLIFYWHMCP>
#	G	D	E	R	K	N	Q	S	T	A	V	L	I	F	Y	W	H	M	C	P
0	0.03902	0.81355	0.02383	0.00790	0.01185	0.01816	0.00787	0.01392	0.00941	0.01125	0.00647	0.00747	0.00594	0.00399	0.00298	0.00101	0.00493	0.00249	0.00202	0.00594
1	0.00941	0.02357	0.78254	0.01384	0.04976	0.01081	0.01708	0.01472	0.00985	0.01475	0.00836	0.00989	0.00595	0.00441	0.00443	0.00147	0.00682	0.00346	0.00198	0.00689
2	0.00562	0.00472	0.00488	0.00484	0.00636	0.00398	0.00363	0.00691	0.01088	0.01323	0.12962	0.04368	0.72269	0.01153	0.00550	0.00156	0.00234	0.00967	0.00441	0.00398
3	0.00656	0.00554	0.03635	0.00603	0.00742	0.00466	0.00478	0.00886	0.02652	0.01727	0.60764	0.06575	0.16552	0.00983	0.00545	0.00150	0.00244	0.00858	0.00483	0.00444
4	0.00562	0.00472	0.00488	0.00484	0.00636	0.00398	0.00363	0.00691	0.01088	0.01323	0.12962	0.04368	0.72269	0.01153	0.00550	0.00156	0.00234	0.00967	0.00441	0.00398
5	0.01098	0.01255	0.02745	0.01961	0.02431	0.01176	0.79059	0.01490	0.01098	0.01490	0.00941	0.01255	0.00706	0.00392	0.00549	0.00157	0.00784	0.00549	0.00235	0.00627
6	0.86937	0.00900	0.00684	0.00612	0.00900	0.01044	0.00504	0.01368	0.00792	0.02087	0.00648	0.00756	0.00504	0.00432	0.00288	0.00144	0.00360	0.00252	0.00288	0.00504
7	0.01244	0.83930	0.02438	0.00796	0.01194	0.01841	0.00796	0.01393	0.00945	0.01095	0.00647	0.00746	0.00597	0.00398	0.00299	0.00100	0.00498	0.00249	0.00199	0.00597
8	0.00654	0.00468	0.00572	0.00550	0.00641	0.00436	0.00390	0.00812	0.01132	0.01570	0.51200	0.03461	0.13346	0.19448	0.00950	0.00215	0.00273	0.00812	0.02674	0.00398
9	0.01074	0.00971	0.01391	0.01832	0.40937	0.01012	0.01027	0.03717	0.25011	0.01679	0.06428	0.01830	0.09855	0.00600	0.00480	0.00147	0.00441	0.00536	0.00349	0.00683
10	0.01192	0.72667	0.10604	0.00850	0.01268	0.01720	0.00885	0.01383	0.00943	0.01134	0.00686	0.00807	0.00615	0.00505	0.03007	0.00126	0.00542	0.00267	0.00200	0.00600
11	0.01203	0.73190	0.12820	0.00866	0.01302	0.01741	0.00918	0.01404	0.00950	0.01144	0.00672	0.00777	0.00596	0.00404	0.00317	0.00106	0.00523	0.00261	0.00199	0.00609
12	0.00590	0.00440	0.00554	0.00625	0.00697	0.00403	0.00449	0.00705	0.00983	0.01280	0.09350	0.50460	0.20746	0.01334	0.00585	0.00181	0.00275	0.09510	0.00438	0.00392
13	0.00657	0.00465	0.00540	0.00547	0.00607	0.00443	0.00368	0.00723	0.00874	0.01137	0.10907	0.03592	0.20532	0.43768	0.01546	0.03561	0.00371	0.08669	0.00354	0.00337
14	0.01219	0.62494	0.05006	0.00819	0.01194	0.01611	0.00798	0.09797	0.01106	0.01361	0.05703	0.01119	0.03921	0.00525	0.01520	0.00120	0.00490	0.00338	0.00257	0.00601
15	0.00654	0.00466	0.00557	0.00555	0.00648	0.00426	0.00389	0.00780	0.01055	0.03341	0.30617	0.15706	0.23947	0.17702	0.00919	0.00217	0.00282	0.00910	0.00434	0.00394
16	0.00561	0.00459	0.00495	0.00513	0.00642	0.00393	0.00375	0.00679	0.01046	0.01287	0.09670	0.19536	0.60300	0.01216	0.00558	0.00162	0.00241	0.01037	0.00438	0.00393
17	0.00943	0.00851	0.01270	0.00976	0.01303	0.00755	0.17337	0.02855	0.08484	0.01580	0.10464	0.11636	0.01492	0.00595	0.00458	0.00121	0.00420	0.00557	0.00336	0.37567
18	0.00967	0.11293	0.72650	0.01268	0.01924	0.01163	0.01618	0.01465	0.00978	0.01432	0.00814	0.00956	0.00590	0.00437	0.00426	0.00142	0.00667	0.00333	0.00197	0.00678
19	0.01140	0.01114	0.01929	0.02613	0.65691	0.01129	0.09833	0.01461	0.04071	0.01515	0.00910	0.01179	0.00754	0.00438	0.00517	0.00144	0.04174	0.00433	0.00239	0.00715
20	0.00799	0.00410	0.00615	0.00615	0.00620	0.00415	0.00415	0.00620	0.00615	0.00825	0.00835	0.01439	0.00830	0.01730	0.06660	0.81276	0.00455	0.00410	0.00205	0.00215
21	0.03307	0.00881	0.00979	0.00720	0.01114	0.03756	0.00575	0.02478	0.01024	0.06941	0.02370	0.01045	0.00782	0.00382	0.00360	0.00080	0.00368	0.00302	0.00302	0.72233
22	0.00968	0.04946	0.67014	0.01402	0.02048	0.01120	0.13124	0.01473	0.00998	0.01463	0.00844	0.01015	0.00607	0.00433	0.00453	0.00147	0.00696	0.00371	0.00202	0.00676
23	0.00590	0.00473	0.00526	0.00513	0.00653	0.00410	0.00385	0.00745	0.01154	0.01480	0.32476	0.04110	0.52657	0.01095	0.00549	0.00153	0.00230	0.00930	0.00461	0.00410
24	0.01234	0.59074	0.18284	0.00931	0.01385	0.01647	0.00992	0.09275	0.01078	0.01357	0.00732	0.00832	0.00615	0.00423	0.00344	0.00113	0.00537	0.00285	0.00225	0.00635
25	0.00978	0.20344	0.55207	0.01144	0.01708	0.01195	0.01391	0.01393	0.00961	0.01365	0.01969	0.01030	0.00691	0.00672	0.06649	0.00182	0.00676	0.00341	0.00207	0.01897
26	0.01191	0.63486	0.07312	0.00988	0.01382	0.01689	0.09389	0.01388	0.00946	0.01163	0.00688	0.00837	0.00609	0.00432	0.00429	0.00117	0.06851	0.00300	0.00203	0.00599
27	0.01362	0.08276	0.01252	0.01848	0.01211	0.02262	0.00758	0.43927	0.03019	0.02180	0.05511	0.06822	0.01265	0.06766	0.03382	0.00187	0.03647	0.03058	0.02629	0.00640
28	0.00646	0.00605	0.00543	0.00532	0.00693	0.06635	0.00399	0.00768	0.01091	0.01274	0.07727	0.04154	0.71092	0.01115	0.00540	0.00154	0.00281	0.00923	0.00421	0.00406
29	0.01104	0.21166	0.45585	0.01168	0.01675	0.03826	0.01338	0.07387	0.01047	0.01448	0.00785	0.00937	0.00609	0.00482	0.00528	0.00141	0.09572	0.00333	0.00220	0.00650
30	0.01186	0.64921	0.02071	0.00813	0.01146	0.07754	0.00762	0.01329	0.00973	0.01121	0.00941	0.09941	0.00958	0.00558	0.00355	0.00116	0.00496	0.03759	0.00238	0.00561
31	0.10021	0.06869	0.00699	0.00643	0.00737	0.00565	0.00463	0.00791	0.00906	0.01301	0.04432	0.61104	0.07332	0.01234	0.00534	0.00174	0.00294	0.01090	0.00400	0.00411
32	0.70984	0.00890	0.00810	0.00854	0.09575	0.01004	0.00599	0.01337	0.00861	0.02009	0.06795	0.01007	0.00827	0.00470	0.00327	0.00144	0.00370	0.00315	0.00299	0.00524
33	0.01141	0.51594	0.22592	0.01090	0.06223	0.01569	0.01089	0.01395	0.00944	0.01220	0.00706	0.00852	0.00605	0.00442	0.00439	0.00122	0.06860	0.00295	0.00201	0.00622
34	0.00915	0.00882	0.01641	0.01462	0.12587	0.00845	0.30984	0.02229	0.01167	0.01623	0.29712	0.06879	0.02226	0.00691	0.00556	0.00154	0.01792	0.02746	0.00353	0.00555
35	0.01177	0.01097	0.01786	0.02575	0.69549	0.01090	0.01326	0.06402	0.01124	0.01610	0.00887	0.01135	0.00737	0.00418	0.00452	0.00133	0.00534	0.00404	0.00249	0.07316

[dist]
# distance from previous block
# <min> <max>
0	4

# created by:
# /home/cegg/simao/soft/augustus-3.2.1/scripts/msa2prfl.pl ./align_prep/EOG091G0R9X.fa
