[name]
unknown

[dist]
# distance from previous block
# <min> <max>
4	280

[block]
# block no. 0 follows, 46 sequences, length 6
# corresponding to MSA columns:
# 419-424
name=unknown_A
#
# <colnr> <probs for GDERKNQSTAVLIFYWHMCP>
#	G	D	E	R	K	N	Q	S	T	A	V	L	I	F	Y	W	H	M	C	P
0	0.12518	0.00878	0.01111	0.01070	0.06015	0.02688	0.05557	0.06293	0.06418	0.08361	0.14474	0.14603	0.05840	0.01167	0.06776	0.00231	0.00516	0.04416	0.00453	0.00613
1	0.05380	0.00779	0.00752	0.00728	0.00841	0.07256	0.00508	0.05872	0.01105	0.01452	0.06067	0.09634	0.14439	0.36321	0.01507	0.00326	0.00478	0.05714	0.00396	0.00445
2	0.01116	0.09754	0.18926	0.06410	0.06419	0.01122	0.07606	0.01569	0.11474	0.03775	0.01418	0.01832	0.03759	0.11996	0.05954	0.04717	0.00663	0.00535	0.00313	0.00642
3	0.04478	0.01077	0.09357	0.00937	0.01209	0.07688	0.04078	0.01205	0.01062	0.01482	0.05432	0.07365	0.07899	0.09973	0.19830	0.00355	0.00744	0.00624	0.00332	0.14871
4	0.01033	0.04436	0.01186	0.11079	0.03985	0.00906	0.03537	0.07142	0.01056	0.04165	0.01427	0.09093	0.01400	0.17043	0.21044	0.05245	0.04729	0.00643	0.00326	0.00525
5	0.01297	0.01171	0.07800	0.01204	0.10769	0.00956	0.00897	0.14103	0.01329	0.05562	0.01141	0.01457	0.00955	0.09739	0.00710	0.00163	0.00502	0.00429	0.00353	0.39463

[dist]
# distance from previous block
# <min> <max>
0	2

[block]
# block no. 1 follows, 46 sequences, length 6
# corresponding to MSA columns:
# 427-432
name=unknown_B
#
# <colnr> <probs for GDERKNQSTAVLIFYWHMCP>
#	G	D	E	R	K	N	Q	S	T	A	V	L	I	F	Y	W	H	M	C	P
0	0.01222	0.10824	0.11132	0.03891	0.11536	0.11512	0.01133	0.01493	0.03562	0.01461	0.06925	0.01566	0.01187	0.06332	0.05245	0.00232	0.19342	0.00487	0.00285	0.00633
1	0.01364	0.03441	0.15371	0.07375	0.06282	0.16926	0.01119	0.03796	0.03413	0.05783	0.01158	0.01529	0.00958	0.00569	0.00487	0.00141	0.00635	0.05852	0.00321	0.23481
2	0.07092	0.19915	0.03986	0.01436	0.16279	0.13255	0.01010	0.05009	0.01234	0.09730	0.01171	0.05562	0.01008	0.00989	0.09898	0.00231	0.00709	0.00467	0.00327	0.00690
3	0.01094	0.01164	0.10682	0.08213	0.01640	0.01082	0.07594	0.08757	0.06122	0.01664	0.03401	0.07851	0.01311	0.08528	0.10480	0.00290	0.12381	0.00603	0.00333	0.06811
4	0.11002	0.06795	0.20458	0.07919	0.19904	0.01269	0.12425	0.01555	0.01134	0.01728	0.06060	0.01373	0.01010	0.00544	0.00566	0.00166	0.04635	0.00472	0.00276	0.00709
5	0.11154	0.32655	0.15446	0.04670	0.01575	0.04709	0.01057	0.10141	0.01221	0.01703	0.00992	0.04540	0.00861	0.00805	0.06240	0.00196	0.00661	0.00409	0.00290	0.00677

[dist]
# distance from previous block
# <min> <max>
2	5

[block]
# block no. 2 follows, 46 sequences, length 31
# corresponding to MSA columns:
# 440-470
name=unknown_C
#
# <colnr> <probs for GDERKNQSTAVLIFYWHMCP>
#	G	D	E	R	K	N	Q	S	T	A	V	L	I	F	Y	W	H	M	C	P
0	0.04946	0.03441	0.38999	0.01492	0.03447	0.04049	0.14439	0.01812	0.09124	0.05908	0.05024	0.01422	0.01044	0.00559	0.00544	0.00169	0.02039	0.00483	0.00312	0.00748
1	0.01096	0.00940	0.01096	0.00783	0.01253	0.00705	0.00626	0.01331	0.01096	0.01723	0.00940	0.01096	0.00783	0.00392	0.00392	0.00078	0.00392	0.00313	0.00313	0.84653
2	0.01530	0.01228	0.01440	0.01176	0.01455	0.01425	0.00960	0.27116	0.19044	0.05650	0.01312	0.01405	0.01012	0.00712	0.00860	0.00176	0.23225	0.00486	0.00430	0.09358
3	0.01267	0.01206	0.02060	0.03048	0.70887	0.01203	0.02978	0.01573	0.01199	0.01708	0.01135	0.03975	0.01016	0.00551	0.00539	0.00163	0.00617	0.03788	0.00279	0.00807
4	0.00653	0.00470	0.00620	0.00723	0.00767	0.00437	0.00489	0.00762	0.01065	0.01426	0.10132	0.71191	0.06125	0.01591	0.00668	0.00209	0.00300	0.01438	0.00499	0.00437
5	0.00858	0.00682	0.00885	0.00846	0.00852	0.00807	0.00600	0.00902	0.00829	0.01161	0.01628	0.19352	0.01871	0.38353	0.01963	0.03650	0.23193	0.00827	0.00328	0.00413
6	0.00887	0.00667	0.00947	0.14255	0.03763	0.00687	0.00824	0.02765	0.01213	0.03951	0.10699	0.20364	0.09817	0.01219	0.00646	0.00205	0.00445	0.25670	0.00455	0.00522
7	0.00709	0.00534	0.00656	0.00636	0.00769	0.00481	0.00473	0.00919	0.01390	0.01890	0.54126	0.09126	0.23986	0.01185	0.00627	0.00173	0.00258	0.01032	0.00552	0.00481
8	0.01216	0.01441	0.15015	0.09517	0.10019	0.01253	0.18589	0.03805	0.23399	0.01801	0.01333	0.01519	0.01017	0.00637	0.00659	0.04779	0.02395	0.00529	0.00339	0.00737
9	0.01000	0.00952	0.01649	0.71226	0.03453	0.01153	0.06610	0.01347	0.01068	0.01374	0.01036	0.04940	0.00835	0.00573	0.00542	0.00178	0.00700	0.00526	0.00248	0.00589
10	0.00702	0.00564	0.00630	0.00616	0.00778	0.00505	0.00465	0.00936	0.04664	0.01694	0.29119	0.05967	0.47358	0.01234	0.00624	0.00177	0.00274	0.02690	0.00523	0.00482
11	0.01357	0.01228	0.03874	0.11666	0.55820	0.01209	0.04425	0.01715	0.03538	0.08372	0.01120	0.01383	0.00882	0.00501	0.00529	0.00162	0.00629	0.00484	0.00301	0.00808
12	0.02848	0.01164	0.01386	0.06063	0.08115	0.01157	0.00912	0.26220	0.08881	0.04525	0.01199	0.01291	0.00913	0.00527	0.00474	0.00131	0.00498	0.00423	0.00407	0.32866
13	0.05716	0.00688	0.00803	0.00798	0.00929	0.00723	0.00587	0.05526	0.11094	0.01713	0.11992	0.33187	0.09863	0.05327	0.02626	0.02069	0.03078	0.02282	0.00473	0.00526
14	0.01324	0.01236	0.01752	0.05979	0.45544	0.07635	0.02247	0.06701	0.01329	0.03574	0.05160	0.01850	0.06160	0.00619	0.00537	0.00159	0.00598	0.03506	0.00331	0.03761
15	0.56532	0.03757	0.01061	0.13939	0.01511	0.03213	0.00780	0.04417	0.01000	0.02082	0.00819	0.01061	0.00660	0.02980	0.00511	0.00177	0.04254	0.00348	0.00310	0.00585
16	0.01266	0.01266	0.01415	0.35070	0.02350	0.18895	0.03499	0.01620	0.07200	0.04253	0.03554	0.05381	0.03453	0.00754	0.02765	0.00187	0.03118	0.00544	0.02803	0.00607
17	0.01258	0.03214	0.01172	0.00834	0.01279	0.03594	0.00670	0.04171	0.01191	0.07733	0.01081	0.03152	0.00890	0.00460	0.00416	0.00094	0.00426	0.00366	0.00348	0.67651
18	0.00865	0.00738	0.03317	0.03677	0.03899	0.00822	0.00798	0.01014	0.00861	0.01236	0.01309	0.01904	0.02954	0.03948	0.48730	0.10259	0.12372	0.00543	0.00271	0.00483
19	0.00945	0.03265	0.00870	0.05849	0.03681	0.00596	0.00582	0.00804	0.00751	0.00998	0.00954	0.01628	0.00936	0.04155	0.04126	0.68346	0.00514	0.00467	0.00235	0.00299
20	0.01089	0.09214	0.61702	0.01441	0.02103	0.01307	0.03828	0.01605	0.01090	0.01597	0.00981	0.03802	0.00771	0.00567	0.00590	0.00170	0.06735	0.00431	0.00234	0.00744
21	0.01303	0.01262	0.02099	0.07866	0.72081	0.02812	0.01601	0.01616	0.01201	0.01696	0.00988	0.01307	0.00826	0.00476	0.00523	0.00158	0.00639	0.00468	0.00260	0.00818
22	0.01321	0.12087	0.13202	0.17691	0.26709	0.02771	0.01401	0.04337	0.01195	0.07464	0.01034	0.01286	0.00810	0.00626	0.02886	0.00180	0.03535	0.00439	0.00285	0.00740
23	0.00822	0.00588	0.00663	0.00644	0.00820	0.00526	0.00487	0.01040	0.04890	0.07521	0.14476	0.11410	0.47697	0.02716	0.00659	0.00187	0.00302	0.03530	0.00515	0.00505
24	0.00694	0.00502	0.00643	0.00726	0.00805	0.00468	0.00527	0.00836	0.01125	0.01497	0.11104	0.48144	0.14426	0.01486	0.00660	0.00205	0.00319	0.12076	0.03307	0.00450
25	0.01278	0.05415	0.09941	0.12282	0.28688	0.01235	0.02453	0.05012	0.10218	0.05842	0.03396	0.01611	0.02885	0.03314	0.00646	0.00178	0.04015	0.00512	0.00333	0.00747
26	0.04533	0.20041	0.22099	0.06247	0.05161	0.01435	0.10396	0.06009	0.01163	0.01638	0.01041	0.04907	0.00895	0.00605	0.00606	0.00164	0.08480	0.01710	0.02178	0.00691
27	0.00678	0.00479	0.00626	0.00731	0.00764	0.00455	0.00493	0.00768	0.00992	0.01320	0.02724	0.64210	0.03234	0.13229	0.00972	0.00260	0.00350	0.06834	0.00466	0.00418
28	0.46258	0.01106	0.01223	0.08966	0.17610	0.04038	0.00933	0.01534	0.01003	0.01996	0.00852	0.01081	0.00688	0.00531	0.00504	0.00166	0.06652	0.00367	0.03864	0.00628
29	0.00657	0.00473	0.00616	0.00720	0.00764	0.00441	0.00487	0.00756	0.01034	0.01369	0.05287	0.68516	0.08238	0.05164	0.00761	0.00225	0.00316	0.03262	0.00486	0.00429
30	0.04925	0.33711	0.11697	0.01080	0.01471	0.05734	0.04476	0.04064	0.03361	0.03348	0.03934	0.01426	0.01040	0.02871	0.06302	0.00207	0.05267	0.02525	0.00293	0.02268

[dist]
# distance from previous block
# <min> <max>
2	16

[block]
# block no. 3 follows, 46 sequences, length 35
# corresponding to MSA columns:
# 487-521
name=unknown_D
#
# <colnr> <probs for GDERKNQSTAVLIFYWHMCP>
#	G	D	E	R	K	N	Q	S	T	A	V	L	I	F	Y	W	H	M	C	P
0	0.00921	0.00729	0.00850	0.00715	0.00987	0.00630	0.00550	0.01203	0.06212	0.03707	0.17325	0.02909	0.21320	0.04653	0.05293	0.00195	0.00402	0.00703	0.00433	0.30264
1	0.01350	0.00885	0.01169	0.11871	0.03010	0.00917	0.02091	0.11158	0.10522	0.17273	0.30778	0.02505	0.02600	0.00798	0.00568	0.00168	0.00432	0.00687	0.00525	0.00691
2	0.00678	0.00534	0.00606	0.00593	0.00741	0.00468	0.00440	0.00851	0.01299	0.01682	0.33324	0.06995	0.44897	0.03709	0.00689	0.00185	0.00269	0.01055	0.00521	0.00462
3	0.00870	0.00741	0.01051	0.00948	0.01045	0.00838	0.03919	0.01069	0.01221	0.01740	0.39926	0.12562	0.05038	0.01100	0.00940	0.00194	0.22448	0.03375	0.00455	0.00520
4	0.01300	0.01205	0.02017	0.02985	0.70201	0.01190	0.01514	0.01601	0.01208	0.03723	0.01207	0.01475	0.04136	0.00510	0.00523	0.00155	0.00600	0.00495	0.00283	0.03668
5	0.01975	0.02520	0.01498	0.01362	0.01634	0.79299	0.01021	0.02111	0.01498	0.01294	0.00817	0.00953	0.00681	0.00545	0.00477	0.00136	0.00953	0.00340	0.00272	0.00613
6	0.00993	0.00840	0.00889	0.00811	0.01042	0.00884	0.00629	0.06901	0.28678	0.01860	0.05792	0.03531	0.40331	0.01044	0.00623	0.00179	0.02986	0.00857	0.00505	0.00625
7	0.01147	0.00967	0.01172	0.00853	0.01312	0.00765	0.03134	0.01465	0.05757	0.03696	0.01047	0.01178	0.00848	0.00420	0.00412	0.00090	0.00411	0.00346	0.00334	0.74647
8	0.01469	0.05404	0.30918	0.01414	0.05110	0.06095	0.04564	0.21148	0.03679	0.06793	0.01208	0.04907	0.00941	0.00616	0.00559	0.00165	0.03381	0.00487	0.00358	0.00782
9	0.00991	0.00954	0.00856	0.00820	0.00985	0.16699	0.00629	0.01196	0.01415	0.01770	0.41093	0.03755	0.16477	0.01058	0.00605	0.00171	0.00424	0.09097	0.00492	0.00512
10	0.01746	0.01983	0.01247	0.01139	0.01379	0.57997	0.00856	0.01910	0.01404	0.03590	0.01072	0.01224	0.00862	0.00565	0.00452	0.00134	0.00768	0.00383	0.20697	0.00592
11	0.01872	0.01284	0.07297	0.01316	0.08230	0.06915	0.05256	0.12480	0.04778	0.36805	0.01748	0.05424	0.02782	0.00669	0.00538	0.00165	0.00560	0.00560	0.00503	0.00818
12	0.01045	0.05874	0.01602	0.20439	0.16979	0.01019	0.09197	0.01309	0.01137	0.03454	0.01868	0.15020	0.07997	0.00863	0.00599	0.00183	0.01875	0.08580	0.00344	0.00615
13	0.00644	0.00460	0.00613	0.00736	0.00767	0.00429	0.00491	0.00736	0.01012	0.01350	0.02914	0.81076	0.03497	0.01656	0.00675	0.00215	0.00307	0.01503	0.00491	0.00429
14	0.01011	0.00706	0.01099	0.04498	0.18880	0.00733	0.00802	0.01056	0.04364	0.01215	0.01061	0.01642	0.00988	0.03876	0.08662	0.47628	0.00595	0.00487	0.00259	0.00438
15	0.04727	0.01147	0.07058	0.14919	0.32542	0.01083	0.03270	0.03237	0.04343	0.03311	0.07783	0.01925	0.07807	0.01917	0.02549	0.00188	0.00592	0.00570	0.00331	0.00702
16	0.00686	0.00536	0.00621	0.00604	0.00752	0.00471	0.00451	0.00875	0.01342	0.01764	0.40672	0.06472	0.40419	0.01221	0.00625	0.00173	0.00260	0.01048	0.00535	0.00471
17	0.01294	0.01242	0.02120	0.06788	0.74692	0.01252	0.01615	0.01610	0.01197	0.01710	0.00992	0.01313	0.00831	0.00474	0.00524	0.00158	0.00632	0.00471	0.00260	0.00826
18	0.01157	0.01157	0.01619	0.01388	0.01388	0.01619	0.01157	0.01272	0.00810	0.01272	0.00694	0.01157	0.00694	0.00925	0.01735	0.00231	0.80453	0.00463	0.00231	0.00578
19	0.00644	0.00460	0.00613	0.00736	0.00767	0.00429	0.00491	0.00736	0.01012	0.01350	0.02914	0.81076	0.03497	0.01656	0.00675	0.00215	0.00307	0.01503	0.00491	0.00429
20	0.00674	0.00534	0.00607	0.00595	0.00746	0.00466	0.00444	0.00852	0.01312	0.01699	0.33932	0.07826	0.45936	0.01250	0.00626	0.00175	0.00262	0.01069	0.00527	0.00466
21	0.01174	0.01324	0.10584	0.31364	0.33935	0.01237	0.08241	0.02933	0.01168	0.01609	0.00981	0.01334	0.00768	0.00497	0.00532	0.00167	0.00696	0.00475	0.00253	0.00729
22	0.00666	0.00537	0.00593	0.00579	0.00739	0.00464	0.00434	0.00838	0.01302	0.01659	0.29556	0.04708	0.53564	0.01253	0.00624	0.00174	0.00262	0.01062	0.00521	0.00464
23	0.01202	0.01230	0.05853	0.03791	0.19172	0.01194	0.18015	0.01955	0.27417	0.01892	0.07963	0.05029	0.01543	0.00653	0.00565	0.00174	0.00580	0.00628	0.00392	0.00755
24	0.01096	0.00940	0.01096	0.00783	0.01253	0.00705	0.00626	0.01331	0.01096	0.01723	0.00940	0.01096	0.00783	0.00392	0.00392	0.00078	0.00392	0.00313	0.00313	0.84653
25	0.00657	0.00514	0.00595	0.00622	0.00746	0.00452	0.00449	0.00802	0.01209	0.01551	0.19929	0.27354	0.40481	0.01378	0.00639	0.00187	0.00275	0.01197	0.00510	0.00452
26	0.01301	0.01312	0.04511	0.08729	0.28717	0.08093	0.04490	0.04364	0.21443	0.01833	0.05228	0.01626	0.01245	0.00734	0.03900	0.00194	0.00638	0.00526	0.00359	0.00758
27	0.00811	0.00586	0.00742	0.00743	0.00819	0.00578	0.02245	0.00976	0.06121	0.01303	0.02060	0.26284	0.02297	0.34639	0.03493	0.03952	0.00462	0.05798	0.01798	0.04296
28	0.01080	0.00927	0.01128	0.02845	0.04567	0.00727	0.00682	0.01322	0.01126	0.01739	0.05921	0.01298	0.01056	0.00443	0.00416	0.00090	0.00400	0.00365	0.00326	0.73542
29	0.06824	0.15234	0.03799	0.01273	0.03842	0.17069	0.10333	0.01499	0.01086	0.01410	0.00987	0.01329	0.00868	0.01476	0.21955	0.00344	0.09362	0.00442	0.00264	0.00604
30	0.71204	0.01227	0.04224	0.00894	0.04466	0.07507	0.00713	0.01607	0.00970	0.02227	0.00763	0.00897	0.00597	0.00495	0.00355	0.00161	0.00478	0.00303	0.00315	0.00596
31	0.00778	0.01019	0.18681	0.00916	0.01146	0.00643	0.00847	0.01003	0.01048	0.01438	0.02411	0.45930	0.05758	0.06395	0.00756	0.00219	0.00445	0.06967	0.00412	0.03186
32	0.01096	0.00940	0.01096	0.00783	0.01253	0.00705	0.00626	0.01331	0.01096	0.01723	0.00940	0.01096	0.00783	0.00392	0.00392	0.00078	0.00392	0.00313	0.00313	0.84653
33	0.01417	0.13900	0.15243	0.01225	0.04013	0.03781	0.03191	0.07404	0.32906	0.07598	0.01607	0.01577	0.02594	0.00619	0.00502	0.00162	0.00552	0.00498	0.00417	0.00794
34	0.05094	0.10916	0.40637	0.01402	0.07322	0.03375	0.01448	0.03174	0.06473	0.04422	0.01083	0.02994	0.00844	0.00549	0.00513	0.00157	0.02895	0.00422	0.00288	0.05993

[dist]
# distance from previous block
# <min> <max>
2	7

[block]
# block no. 4 follows, 46 sequences, length 6
# corresponding to MSA columns:
# 534-539
name=unknown_E
#
# <colnr> <probs for GDERKNQSTAVLIFYWHMCP>
#	G	D	E	R	K	N	Q	S	T	A	V	L	I	F	Y	W	H	M	C	P
0	0.20907	0.12956	0.10850	0.05322	0.01527	0.09420	0.00975	0.06660	0.01207	0.12780	0.01072	0.01216	0.00820	0.00868	0.07811	0.00221	0.03976	0.00395	0.00341	0.00678
1	0.05476	0.01046	0.01134	0.01009	0.01295	0.01181	0.00790	0.05092	0.54912	0.07650	0.07180	0.02023	0.01726	0.00946	0.05937	0.00222	0.00483	0.00596	0.00521	0.00782
2	0.00825	0.00696	0.02901	0.04827	0.03188	0.00710	0.03478	0.00985	0.00964	0.01338	0.06439	0.09050	0.09315	0.15607	0.26250	0.03884	0.05443	0.00733	0.02896	0.00471
3	0.00653	0.00476	0.00615	0.00708	0.00764	0.00438	0.00482	0.00766	0.01083	0.01438	0.10992	0.65162	0.11348	0.01563	0.00664	0.00206	0.00297	0.01406	0.00500	0.00438
4	0.01368	0.04628	0.01904	0.07544	0.30649	0.15002	0.08163	0.01754	0.08768	0.01597	0.01113	0.01485	0.00943	0.00598	0.00656	0.00169	0.09167	0.03477	0.00294	0.00721
5	0.04727	0.07291	0.31915	0.06725	0.04194	0.03652	0.03053	0.21719	0.01465	0.02045	0.01084	0.04155	0.00855	0.00634	0.00568	0.03729	0.00664	0.00458	0.00325	0.00743

[dist]
# distance from previous block
# <min> <max>
0	1

[block]
# block no. 5 follows, 46 sequences, length 12
# corresponding to MSA columns:
# 541-543,546-554
name=unknown_F
#
# <colnr> <probs for GDERKNQSTAVLIFYWHMCP>
#	G	D	E	R	K	N	Q	S	T	A	V	L	I	F	Y	W	H	M	C	P
0	0.01612	0.08207	0.01552	0.04305	0.09524	0.42434	0.01014	0.03383	0.10738	0.01475	0.01083	0.01311	0.00913	0.04157	0.05884	0.00208	0.00819	0.00422	0.00307	0.00652
1	0.85155	0.01022	0.00777	0.00695	0.01022	0.01186	0.00573	0.01554	0.00900	0.02372	0.00736	0.00859	0.00573	0.00491	0.00327	0.00164	0.00409	0.00286	0.00327	0.00573
2	0.01131	0.10449	0.51405	0.01519	0.06915	0.01298	0.05738	0.01731	0.07847	0.01702	0.04590	0.01324	0.00971	0.00538	0.00502	0.00163	0.00699	0.00442	0.00273	0.00762
3	0.00742	0.00492	0.00613	0.00683	0.00734	0.00474	0.00468	0.00861	0.01024	0.01443	0.07093	0.43230	0.02924	0.17305	0.01032	0.00260	0.00350	0.07030	0.12817	0.00426
4	0.00755	0.00659	0.03214	0.10863	0.01211	0.00610	0.00677	0.00980	0.01237	0.01646	0.28386	0.09192	0.24352	0.01384	0.07557	0.00240	0.00451	0.05629	0.00462	0.00496
5	0.00785	0.00657	0.00696	0.00669	0.00809	0.05331	0.00494	0.00977	0.01360	0.01789	0.45779	0.06802	0.25669	0.04994	0.00716	0.00186	0.00313	0.00975	0.00521	0.00480
6	0.01284	0.04821	0.01407	0.14313	0.08991	0.05871	0.03069	0.11887	0.16671	0.03722	0.05994	0.02132	0.07877	0.05862	0.00673	0.00188	0.00543	0.01983	0.02027	0.00683
7	0.06362	0.06123	0.01799	0.14173	0.29445	0.01153	0.07999	0.01515	0.02840	0.01667	0.00987	0.01272	0.00806	0.00508	0.00524	0.02514	0.00583	0.00433	0.01833	0.17464
8	0.01257	0.04847	0.03962	0.20809	0.18616	0.06672	0.05861	0.04991	0.03615	0.04570	0.02796	0.08260	0.01138	0.00652	0.00600	0.00167	0.05363	0.00560	0.01568	0.03697
9	0.00675	0.00516	0.00688	0.00731	0.00820	0.00471	0.02734	0.00811	0.01134	0.01499	0.15426	0.51789	0.17809	0.01467	0.00655	0.00199	0.00307	0.01315	0.00499	0.00452
10	0.06851	0.16510	0.12309	0.05089	0.23172	0.04670	0.09518	0.01633	0.03370	0.03137	0.04240	0.02948	0.01024	0.00540	0.00486	0.00154	0.00626	0.00471	0.02533	0.00718
11	0.01157	0.01082	0.09098	0.00862	0.01283	0.00799	0.00765	0.08240	0.01296	0.05049	0.10130	0.01733	0.05468	0.00578	0.00459	0.00116	0.00421	0.00472	0.04928	0.46063

[dist]
# distance from previous block
# <min> <max>
0	5

[block]
# block no. 6 follows, 46 sequences, length 6
# corresponding to MSA columns:
# 560-565
name=unknown_G
#
# <colnr> <probs for GDERKNQSTAVLIFYWHMCP>
#	G	D	E	R	K	N	Q	S	T	A	V	L	I	F	Y	W	H	M	C	P
0	0.01403	0.04300	0.13678	0.04099	0.20811	0.11266	0.08295	0.04943	0.05767	0.08002	0.04063	0.05006	0.01136	0.00605	0.00554	0.00162	0.02432	0.00523	0.00338	0.02617
1	0.01201	0.04891	0.06431	0.23751	0.17340	0.09015	0.05208	0.01494	0.01192	0.04542	0.04808	0.06636	0.04283	0.00660	0.00534	0.00164	0.00630	0.02491	0.00313	0.04416
2	0.01147	0.06037	0.09630	0.01173	0.07346	0.00887	0.05547	0.04334	0.04578	0.11852	0.04342	0.28878	0.06594	0.01132	0.03849	0.00209	0.00513	0.00882	0.00433	0.00637
3	0.01246	0.06620	0.14019	0.01424	0.12533	0.05909	0.08260	0.04192	0.04231	0.09355	0.05128	0.07108	0.16177	0.00777	0.00549	0.00166	0.00562	0.00672	0.00385	0.00686
4	0.06724	0.04341	0.10349	0.04669	0.05126	0.04105	0.00933	0.01903	0.09423	0.24724	0.06521	0.05256	0.01434	0.03825	0.00590	0.00171	0.00505	0.00544	0.00444	0.08409
5	0.01492	0.04859	0.01550	0.03200	0.01582	0.06059	0.11098	0.22086	0.11194	0.08416	0.05112	0.06451	0.05830	0.00710	0.00537	0.00160	0.00549	0.00608	0.02288	0.06220

[dist]
# distance from previous block
# <min> <max>
0	83

# created by:
# /home/cegg/simao/soft/augustus-3.2.1/scripts/msa2prfl.pl ./align_prep/EOG091G0LCK.fa
