[name]
unknown

[dist]
# distance from previous block
# <min> <max>
0	74

[block]
# block no. 0 follows, 50 sequences, length 19
# corresponding to MSA columns:
# 80-98
name=unknown_A
#
# <colnr> <probs for GDERKNQSTAVLIFYWHMCP>
#	G	D	E	R	K	N	Q	S	T	A	V	L	I	F	Y	W	H	M	C	P
0	0.30087	0.06190	0.06093	0.07255	0.03657	0.15434	0.06713	0.03134	0.01075	0.02974	0.00960	0.01131	0.02812	0.00566	0.01899	0.00158	0.02751	0.00372	0.02625	0.04114
1	0.10592	0.00689	0.04062	0.00765	0.00944	0.00611	0.05336	0.00988	0.01047	0.04700	0.09698	0.27730	0.20755	0.04236	0.05374	0.00224	0.00414	0.00940	0.00418	0.00478
2	0.04843	0.05966	0.03384	0.00944	0.01287	0.17069	0.02141	0.08851	0.02819	0.05126	0.04798	0.05650	0.01101	0.02290	0.00497	0.00129	0.01686	0.00436	0.00339	0.30647
3	0.04586	0.03192	0.07434	0.03966	0.06162	0.03038	0.03245	0.06340	0.07863	0.04245	0.15963	0.05685	0.07685	0.04035	0.00577	0.00159	0.00439	0.00604	0.01601	0.13179
4	0.02852	0.21640	0.16052	0.03047	0.06950	0.05984	0.11549	0.12440	0.04659	0.02686	0.00983	0.01179	0.00785	0.02573	0.02793	0.00171	0.02270	0.00412	0.00287	0.00688
5	0.01403	0.31205	0.13496	0.01011	0.01401	0.12635	0.00970	0.12964	0.01279	0.04215	0.00972	0.01099	0.00779	0.00618	0.03194	0.00153	0.02284	0.00358	0.09307	0.00656
6	0.00748	0.00546	0.00718	0.00791	0.05596	0.00566	0.00496	0.00857	0.01911	0.01156	0.03345	0.10058	0.04625	0.40864	0.23590	0.00495	0.00688	0.00727	0.01825	0.00399
7	0.00790	0.00605	0.00890	0.00913	0.05146	0.00667	0.02737	0.03083	0.00856	0.01209	0.01352	0.02167	0.01321	0.20703	0.54531	0.00660	0.01071	0.00570	0.00280	0.00450
8	0.00672	0.00478	0.00596	0.00622	0.00689	0.00451	0.00425	0.00797	0.01067	0.01458	0.27259	0.29351	0.10273	0.18500	0.03145	0.00258	0.00336	0.01028	0.02187	0.00408
9	0.01035	0.00896	0.03476	0.07717	0.16316	0.00914	0.00910	0.03948	0.19767	0.04140	0.07640	0.15220	0.03104	0.01145	0.09360	0.00239	0.00543	0.02602	0.00396	0.00632
10	0.06431	0.00990	0.01372	0.07268	0.07189	0.03854	0.10951	0.09098	0.03267	0.01737	0.04835	0.01543	0.02144	0.00848	0.06493	0.00207	0.14405	0.00491	0.16287	0.00591
11	0.06373	0.04434	0.01416	0.01240	0.01488	0.69076	0.00945	0.01899	0.01330	0.01273	0.00757	0.00903	0.00637	0.00531	0.00512	0.00135	0.05896	0.00324	0.00256	0.00575
12	0.74047	0.01001	0.00869	0.02806	0.05323	0.01148	0.00640	0.06223	0.00961	0.02236	0.00743	0.00870	0.00576	0.00471	0.00335	0.00154	0.00414	0.00295	0.00315	0.00573
13	0.01116	0.01023	0.01744	0.30167	0.32239	0.01110	0.08169	0.02672	0.01083	0.03845	0.02288	0.01434	0.00874	0.04002	0.03166	0.00194	0.03481	0.00480	0.00261	0.00654
14	0.00871	0.00632	0.00896	0.16276	0.05521	0.00631	0.00718	0.01058	0.01096	0.07817	0.10848	0.29993	0.13346	0.01056	0.00566	0.00174	0.00383	0.02748	0.02173	0.03199
15	0.00859	0.00609	0.00761	0.00784	0.04070	0.00590	0.00541	0.07391	0.02564	0.04664	0.26485	0.26449	0.11388	0.07970	0.00745	0.00197	0.00325	0.00968	0.02143	0.00496
16	0.02705	0.11875	0.07860	0.03601	0.05817	0.14947	0.09500	0.13841	0.03701	0.01708	0.02290	0.03434	0.00920	0.02287	0.02580	0.00166	0.04003	0.00445	0.02366	0.05952
17	0.09332	0.07646	0.12586	0.04632	0.01456	0.04142	0.05282	0.12010	0.06367	0.06325	0.01238	0.05721	0.01047	0.07800	0.00635	0.00175	0.00525	0.00484	0.04903	0.07693
18	0.11719	0.20882	0.11704	0.01044	0.01427	0.13300	0.02557	0.12214	0.08327	0.04594	0.01150	0.03728	0.02833	0.00568	0.00451	0.00143	0.01948	0.00415	0.00327	0.00667

[dist]
# distance from previous block
# <min> <max>
0	12

[block]
# block no. 1 follows, 50 sequences, length 54
# corresponding to MSA columns:
# 111-127,131-167
name=unknown_B
#
# <colnr> <probs for GDERKNQSTAVLIFYWHMCP>
#	G	D	E	R	K	N	Q	S	T	A	V	L	I	F	Y	W	H	M	C	P
0	0.01190	0.02745	0.03672	0.05031	0.06999	0.14563	0.19131	0.05079	0.02716	0.03199	0.06969	0.05742	0.08460	0.03338	0.01957	0.01680	0.03162	0.00602	0.03176	0.00590
1	0.15317	0.04426	0.07188	0.02199	0.01283	0.06790	0.01893	0.10868	0.03492	0.04898	0.01278	0.02694	0.05545	0.01905	0.03937	0.00175	0.07365	0.00438	0.04107	0.14202
2	0.26782	0.14577	0.06781	0.00885	0.01209	0.16158	0.00771	0.06029	0.03832	0.01706	0.01386	0.03931	0.09841	0.02148	0.00452	0.00150	0.00524	0.00442	0.00317	0.02078
3	0.25674	0.07419	0.05266	0.00928	0.03270	0.04378	0.01861	0.09059	0.02867	0.23306	0.06159	0.01423	0.02216	0.00572	0.00431	0.00149	0.00458	0.00430	0.03455	0.00678
4	0.02433	0.07359	0.02480	0.00843	0.05231	0.00769	0.00626	0.01183	0.09445	0.01639	0.27448	0.04827	0.16219	0.04934	0.06596	0.00217	0.01863	0.00732	0.00421	0.04736
5	0.00733	0.00521	0.00678	0.00672	0.00787	0.00515	0.00502	0.00891	0.01044	0.04655	0.17918	0.12223	0.21323	0.06317	0.28466	0.00406	0.00649	0.00844	0.00410	0.00449
6	0.01224	0.06608	0.01585	0.32228	0.02221	0.03570	0.05821	0.15002	0.02608	0.03942	0.01011	0.02589	0.00812	0.00800	0.05954	0.00208	0.12436	0.00462	0.00297	0.00622
7	0.01039	0.00569	0.00738	0.00713	0.00862	0.00521	0.00529	0.01219	0.02783	0.19678	0.18273	0.33864	0.07607	0.02763	0.00616	0.00182	0.00315	0.02989	0.04207	0.00532
8	0.01055	0.01288	0.21663	0.04256	0.03738	0.00967	0.01022	0.14320	0.04153	0.01919	0.20304	0.02186	0.07187	0.00828	0.02902	0.00179	0.04789	0.02095	0.04521	0.00628
9	0.00968	0.00825	0.03544	0.00735	0.01056	0.00652	0.00588	0.03998	0.02255	0.02852	0.03371	0.10283	0.06409	0.08025	0.02129	0.00156	0.00394	0.00544	0.03125	0.48093
10	0.01093	0.00943	0.01504	0.62894	0.09766	0.01122	0.01312	0.07729	0.01138	0.04320	0.00973	0.01336	0.00726	0.00508	0.00494	0.00162	0.00629	0.00446	0.02296	0.00607
11	0.00620	0.00458	0.00623	0.00708	0.00757	0.00425	0.01971	0.00720	0.00983	0.01305	0.05077	0.73452	0.08034	0.01505	0.00631	0.00198	0.00296	0.01363	0.00461	0.00413
12	0.00841	0.00569	0.00710	0.07258	0.00981	0.00554	0.00532	0.01063	0.03444	0.03199	0.10470	0.25831	0.03522	0.03820	0.01869	0.00173	0.00336	0.00800	0.24520	0.09510
13	0.83807	0.00961	0.00744	0.00662	0.00972	0.01108	0.00545	0.01490	0.00863	0.04268	0.00727	0.00833	0.00558	0.00467	0.00314	0.00154	0.00387	0.00276	0.00317	0.00548
14	0.86003	0.00964	0.00733	0.00655	0.00964	0.01118	0.00540	0.01465	0.00848	0.02236	0.00694	0.00810	0.00540	0.00463	0.00308	0.00154	0.00386	0.00270	0.00308	0.00540
15	0.01234	0.01184	0.02023	0.03059	0.79373	0.01184	0.01530	0.01530	0.01135	0.01628	0.00938	0.01234	0.00790	0.00444	0.00493	0.00148	0.00592	0.00444	0.00247	0.00790
16	0.86003	0.00964	0.00733	0.00655	0.00964	0.01118	0.00540	0.01465	0.00848	0.02236	0.00694	0.00810	0.00540	0.00463	0.00308	0.00154	0.00386	0.00270	0.00308	0.00540
17	0.86003	0.00964	0.00733	0.00655	0.00964	0.01118	0.00540	0.01465	0.00848	0.02236	0.00694	0.00810	0.00540	0.00463	0.00308	0.00154	0.00386	0.00270	0.00308	0.00540
18	0.00725	0.00483	0.00544	0.00544	0.00544	0.00483	0.00302	0.00725	0.00725	0.00966	0.01571	0.03262	0.01812	0.82483	0.02537	0.00483	0.00483	0.00725	0.00302	0.00302
19	0.86003	0.00964	0.00733	0.00655	0.00964	0.01118	0.00540	0.01465	0.00848	0.02236	0.00694	0.00810	0.00540	0.00463	0.00308	0.00154	0.00386	0.00270	0.00308	0.00540
20	0.01947	0.01313	0.01444	0.01107	0.01504	0.01422	0.00915	0.66274	0.02204	0.14775	0.01314	0.01273	0.00906	0.00601	0.00499	0.00150	0.00530	0.00457	0.00517	0.00848
21	0.00781	0.00558	0.00777	0.00892	0.00997	0.00554	0.00764	0.00994	0.01125	0.01466	0.02652	0.14473	0.02918	0.01398	0.00682	0.00226	0.00439	0.67391	0.00459	0.00453
22	0.00605	0.00442	0.00570	0.00672	0.00717	0.00407	0.00453	0.00697	0.00975	0.01281	0.03013	0.73211	0.12071	0.01527	0.00631	0.00198	0.00285	0.01375	0.00463	0.00407
23	0.00941	0.00886	0.01495	0.81285	0.03433	0.01107	0.01384	0.01274	0.00997	0.01274	0.00886	0.01329	0.00664	0.00498	0.00498	0.00166	0.00664	0.00443	0.00221	0.00554
24	0.02184	0.00838	0.01144	0.00888	0.01264	0.00727	0.00735	0.02378	0.01417	0.76881	0.01991	0.01839	0.01293	0.00644	0.00508	0.00157	0.00425	0.03240	0.00611	0.00834
25	0.00619	0.00493	0.00560	0.00607	0.00729	0.00434	0.00452	0.00746	0.01086	0.01342	0.04114	0.26972	0.48691	0.01361	0.00614	0.00185	0.00287	0.09826	0.00462	0.00421
26	0.86003	0.00964	0.00733	0.00655	0.00964	0.01118	0.00540	0.01465	0.00848	0.02236	0.00694	0.00810	0.00540	0.00463	0.00308	0.00154	0.00386	0.00270	0.00308	0.00540
27	0.02060	0.00833	0.01126	0.00898	0.01253	0.00738	0.00747	0.04501	0.01422	0.68400	0.02021	0.02136	0.01411	0.00704	0.00523	0.00163	0.00432	0.09233	0.00595	0.00803
28	0.01135	0.01264	0.02687	0.16011	0.02750	0.01234	0.64181	0.01540	0.01145	0.01540	0.00987	0.01342	0.00740	0.00434	0.00572	0.00168	0.00809	0.00563	0.00247	0.00651
29	0.00603	0.00505	0.00524	0.00519	0.00682	0.00427	0.00389	0.00741	0.01168	0.01422	0.13614	0.04673	0.70559	0.01234	0.00589	0.00167	0.00250	0.01035	0.00473	0.00427
30	0.01118	0.07007	0.66533	0.01373	0.02037	0.10376	0.01685	0.01621	0.01092	0.01515	0.00869	0.01021	0.00633	0.00476	0.00462	0.00152	0.00744	0.00357	0.00216	0.00713
31	0.01234	0.01184	0.02023	0.03059	0.79373	0.01184	0.01530	0.01530	0.01135	0.01628	0.00938	0.01234	0.00790	0.00444	0.00493	0.00148	0.00592	0.00444	0.00247	0.00790
32	0.01312	0.01222	0.01160	0.01046	0.01324	0.10404	0.00809	0.02573	0.69561	0.01985	0.01883	0.01749	0.01420	0.00657	0.00501	0.00164	0.00453	0.00535	0.00478	0.00765
33	0.01220	0.01085	0.01204	0.10367	0.03966	0.03169	0.00885	0.02439	0.65227	0.01956	0.01832	0.01755	0.01378	0.00644	0.00504	0.00167	0.00444	0.00540	0.00460	0.00757
34	0.01792	0.02174	0.01384	0.01246	0.01513	0.67199	0.00942	0.06017	0.10373	0.01420	0.00938	0.01026	0.00754	0.00537	0.00459	0.00134	0.00822	0.00356	0.00298	0.00616
35	0.00986	0.00951	0.01509	0.71603	0.05259	0.03492	0.01356	0.01297	0.00997	0.01277	0.00869	0.01298	0.00666	0.00522	0.00571	0.00168	0.05956	0.00439	0.00223	0.00560
36	0.01038	0.11854	0.70962	0.01355	0.02056	0.01252	0.01727	0.01569	0.01048	0.01532	0.00871	0.01023	0.00632	0.00468	0.00456	0.00152	0.00713	0.00357	0.00211	0.00725
37	0.02236	0.00848	0.01157	0.00887	0.01272	0.00733	0.00733	0.02429	0.01427	0.79719	0.01966	0.01697	0.01234	0.00617	0.00501	0.00154	0.00424	0.00501	0.00617	0.00848
38	0.01041	0.00572	0.00584	0.00543	0.00692	0.00590	0.00418	0.10014	0.01195	0.02007	0.01576	0.01782	0.01228	0.00583	0.00366	0.00120	0.00269	0.00463	0.75449	0.00509
39	0.00941	0.00886	0.01495	0.81285	0.03433	0.01107	0.01384	0.01274	0.00997	0.01274	0.00886	0.01329	0.00664	0.00498	0.00498	0.00166	0.00664	0.00443	0.00221	0.00554
40	0.01333	0.82783	0.02612	0.00853	0.01279	0.01972	0.00853	0.01493	0.01013	0.01173	0.00693	0.00800	0.00640	0.00426	0.00320	0.00107	0.00533	0.00267	0.00213	0.00640
41	0.00607	0.00434	0.00578	0.00694	0.00723	0.00405	0.00463	0.00694	0.00954	0.01272	0.02747	0.82157	0.03297	0.01562	0.00636	0.00202	0.00289	0.01417	0.00463	0.00405
42	0.01895	0.01396	0.01496	0.01147	0.01546	0.01546	0.00947	0.77711	0.02344	0.03141	0.01197	0.01197	0.00848	0.00598	0.00499	0.00150	0.00548	0.00449	0.00499	0.00848
43	0.86003	0.00964	0.00733	0.00655	0.00964	0.01118	0.00540	0.01465	0.00848	0.02236	0.00694	0.00810	0.00540	0.00463	0.00308	0.00154	0.00386	0.00270	0.00308	0.00540
44	0.00941	0.00886	0.01495	0.81285	0.03433	0.01107	0.01384	0.01274	0.00997	0.01274	0.00886	0.01329	0.00664	0.00498	0.00498	0.00166	0.00664	0.00443	0.00221	0.00554
45	0.00941	0.00886	0.01495	0.81285	0.03433	0.01107	0.01384	0.01274	0.00997	0.01274	0.00886	0.01329	0.00664	0.00498	0.00498	0.00166	0.00664	0.00443	0.00221	0.00554
46	0.00644	0.00470	0.00614	0.00717	0.00779	0.00440	0.00520	0.00764	0.01014	0.01324	0.02992	0.58060	0.11987	0.01490	0.00641	0.00204	0.00319	0.16143	0.00462	0.00417
47	0.00941	0.00886	0.01495	0.81285	0.03433	0.01107	0.01384	0.01274	0.00997	0.01274	0.00886	0.01329	0.00664	0.00498	0.00498	0.00166	0.00664	0.00443	0.00221	0.00554
48	0.01362	0.80100	0.02564	0.00854	0.01279	0.01932	0.00849	0.01523	0.01026	0.03744	0.00735	0.00829	0.00659	0.00433	0.00326	0.00108	0.00529	0.00274	0.00226	0.00646
49	0.00652	0.00507	0.00593	0.00571	0.00712	0.00448	0.00428	0.00838	0.01285	0.01701	0.45274	0.04214	0.38725	0.01130	0.00588	0.00162	0.00243	0.00970	0.00509	0.00448
50	0.01862	0.02376	0.01413	0.01284	0.01541	0.80482	0.00963	0.01990	0.01413	0.01220	0.00770	0.00899	0.00642	0.00514	0.00449	0.00128	0.00899	0.00321	0.00257	0.00578
51	0.01334	0.06329	0.34763	0.01278	0.01704	0.15257	0.01332	0.01658	0.01091	0.10443	0.00931	0.01095	0.00709	0.00586	0.00731	0.00163	0.19271	0.00385	0.00268	0.00672
52	0.01000	0.02578	0.79900	0.01421	0.02157	0.01158	0.01842	0.01579	0.01052	0.01579	0.00895	0.01052	0.00631	0.00474	0.00474	0.00158	0.00737	0.00368	0.00210	0.00737
53	0.01211	0.01182	0.02078	0.07613	0.67667	0.01187	0.08651	0.01521	0.01131	0.01604	0.00941	0.01250	0.00779	0.00445	0.00503	0.00151	0.00620	0.00458	0.00246	0.00765

[dist]
# distance from previous block
# <min> <max>
9	15

[block]
# block no. 2 follows, 50 sequences, length 16
# corresponding to MSA columns:
# 184-199
name=unknown_C
#
# <colnr> <probs for GDERKNQSTAVLIFYWHMCP>
#	G	D	E	R	K	N	Q	S	T	A	V	L	I	F	Y	W	H	M	C	P
0	0.01029	0.02247	0.62087	0.01489	0.05202	0.01123	0.09028	0.01549	0.01066	0.01586	0.00906	0.01086	0.00660	0.00458	0.00476	0.00151	0.00707	0.00386	0.00224	0.08540
1	0.03858	0.09238	0.13315	0.17479	0.20101	0.01108	0.04176	0.01587	0.01123	0.15582	0.01295	0.03968	0.03917	0.00556	0.00482	0.00154	0.00573	0.00480	0.00317	0.00692
2	0.01128	0.15770	0.56100	0.01443	0.07872	0.06371	0.01597	0.01587	0.01075	0.01492	0.00856	0.01014	0.00646	0.00466	0.00448	0.00147	0.00702	0.00354	0.00217	0.00714
3	0.01374	0.01185	0.10724	0.14203	0.31993	0.01026	0.03060	0.03309	0.01199	0.19966	0.02950	0.04605	0.01042	0.00556	0.00504	0.00156	0.00566	0.00501	0.00346	0.00737
4	0.01330	0.04168	0.38665	0.10548	0.01986	0.01028	0.05432	0.01733	0.01163	0.22759	0.03797	0.03050	0.00995	0.00552	0.00493	0.00158	0.00617	0.00461	0.00341	0.00724
5	0.01099	0.05494	0.34046	0.05226	0.09397	0.01111	0.18827	0.01515	0.01127	0.05660	0.06154	0.03454	0.03531	0.00552	0.00512	0.00158	0.00659	0.00513	0.00281	0.00685
6	0.01103	0.01129	0.07678	0.42231	0.32577	0.01128	0.01453	0.01435	0.01069	0.04121	0.00944	0.01284	0.00730	0.00480	0.00495	0.00158	0.00634	0.00440	0.00244	0.00669
7	0.01124	0.00972	0.01615	0.34994	0.35773	0.01055	0.01314	0.01406	0.01071	0.06434	0.01102	0.05622	0.00938	0.03793	0.00585	0.00172	0.00591	0.00509	0.00274	0.00656
8	0.01119	0.01130	0.09363	0.09090	0.31971	0.00982	0.11001	0.01414	0.01122	0.07501	0.03798	0.14354	0.03578	0.00681	0.00533	0.00163	0.00563	0.00646	0.00320	0.00671
9	0.01146	0.04219	0.29371	0.14940	0.32060	0.01172	0.03786	0.01542	0.01092	0.04654	0.00949	0.01193	0.00726	0.00469	0.00485	0.00154	0.00653	0.00418	0.00244	0.00727
10	0.01158	0.01113	0.01915	0.22853	0.58010	0.01167	0.03595	0.01467	0.01101	0.01538	0.00926	0.01261	0.00757	0.00457	0.00497	0.00153	0.00617	0.00448	0.00240	0.00727
11	0.00659	0.00505	0.00675	0.09381	0.01017	0.00493	0.00559	0.00775	0.00995	0.01283	0.02964	0.49912	0.19301	0.01380	0.00666	0.03595	0.00335	0.04659	0.00427	0.00419
12	0.01192	0.09438	0.42551	0.01664	0.12403	0.01220	0.14909	0.01635	0.01111	0.07805	0.00987	0.01156	0.00723	0.00467	0.00484	0.00153	0.00692	0.00418	0.00255	0.00732
13	0.01081	0.00997	0.01646	0.41849	0.32481	0.01113	0.01379	0.04319	0.01114	0.01500	0.01052	0.01615	0.00888	0.00548	0.00511	0.00163	0.00616	0.06218	0.00260	0.00649
14	0.00767	0.00610	0.00910	0.04899	0.15798	0.00601	0.00733	0.00921	0.01009	0.01375	0.02276	0.54402	0.02605	0.01256	0.00599	0.00190	0.00376	0.07318	0.02863	0.00491
15	0.00851	0.00610	0.00846	0.09014	0.08312	0.00617	0.00666	0.02695	0.02962	0.04514	0.04930	0.44213	0.04375	0.01114	0.00557	0.00176	0.00358	0.00997	0.11690	0.00502

[dist]
# distance from previous block
# <min> <max>
4	6

[block]
# block no. 3 follows, 50 sequences, length 38
# corresponding to MSA columns:
# 206-243
name=unknown_D
#
# <colnr> <probs for GDERKNQSTAVLIFYWHMCP>
#	G	D	E	R	K	N	Q	S	T	A	V	L	I	F	Y	W	H	M	C	P
0	0.01108	0.05392	0.31760	0.01328	0.08620	0.09672	0.04522	0.01472	0.02883	0.03238	0.04191	0.01508	0.01039	0.08238	0.07813	0.00238	0.02160	0.00456	0.03730	0.00630
1	0.00745	0.00514	0.00617	0.00658	0.03721	0.00519	0.00369	0.00766	0.00745	0.01003	0.01532	0.03110	0.01741	0.74935	0.06674	0.00487	0.00534	0.00703	0.00298	0.00329
2	0.01219	0.06902	0.06460	0.03012	0.19320	0.10082	0.02233	0.03214	0.16387	0.02744	0.09833	0.01687	0.04456	0.00648	0.00620	0.00158	0.09498	0.00513	0.00343	0.00671
3	0.01400	0.72837	0.02469	0.00898	0.01312	0.06968	0.00866	0.06023	0.01117	0.01292	0.00728	0.00829	0.00652	0.00442	0.00339	0.00111	0.00557	0.00281	0.00233	0.00648
4	0.03318	0.05200	0.15351	0.01350	0.13565	0.00964	0.07862	0.01491	0.02027	0.07956	0.01064	0.01259	0.01686	0.03149	0.00509	0.00134	0.00526	0.00398	0.00296	0.31895
5	0.08162	0.12015	0.28665	0.01341	0.08305	0.06005	0.04836	0.07378	0.03190	0.10609	0.01065	0.02907	0.00812	0.00526	0.00478	0.00150	0.02122	0.00412	0.00308	0.00712
6	0.00712	0.00532	0.00793	0.00793	0.00879	0.00618	0.00612	0.00885	0.00799	0.01151	0.01343	0.02001	0.01265	0.06333	0.77938	0.00791	0.01307	0.00540	0.00268	0.00440
7	0.01102	0.20797	0.32170	0.01217	0.01699	0.03583	0.08982	0.01566	0.08321	0.01476	0.01150	0.03833	0.00989	0.02658	0.03980	0.00188	0.00663	0.04697	0.00271	0.00659
8	0.01145	0.03323	0.14465	0.14847	0.25287	0.01234	0.18825	0.03149	0.05295	0.01578	0.00981	0.01260	0.00766	0.00491	0.00573	0.00161	0.05196	0.00467	0.00255	0.00700
9	0.01359	0.03835	0.16383	0.01625	0.06220	0.01153	0.33373	0.08608	0.01297	0.14240	0.03105	0.01516	0.02102	0.00527	0.00534	0.00161	0.00674	0.02229	0.00339	0.00720
10	0.00881	0.00740	0.01156	0.44327	0.07555	0.00853	0.01015	0.01141	0.01010	0.01388	0.01541	0.14669	0.05505	0.00797	0.02379	0.00178	0.00526	0.00639	0.13179	0.00522
11	0.01500	0.02735	0.08564	0.06380	0.05050	0.01299	0.06865	0.29803	0.03801	0.10807	0.03466	0.02789	0.00995	0.00633	0.00678	0.00165	0.12858	0.00486	0.00392	0.00733
12	0.01260	0.18990	0.30393	0.01409	0.11808	0.06475	0.04001	0.01637	0.03172	0.08667	0.05097	0.01320	0.02620	0.00524	0.00458	0.00144	0.00615	0.00421	0.00288	0.00701
13	0.00803	0.00700	0.00725	0.00781	0.00878	0.09042	0.00575	0.00982	0.03856	0.01405	0.09848	0.44050	0.09871	0.01311	0.00611	0.00190	0.00377	0.13092	0.00450	0.00453
14	0.01560	0.01005	0.05427	0.00911	0.01277	0.00880	0.00768	0.11186	0.12425	0.30286	0.05563	0.06807	0.01405	0.00647	0.00487	0.00143	0.00423	0.00535	0.00486	0.17779
15	0.02974	0.18017	0.49512	0.01239	0.01832	0.01304	0.03665	0.07391	0.01167	0.01662	0.06017	0.01193	0.00919	0.00508	0.00453	0.00147	0.00645	0.00394	0.00259	0.00703
16	0.01281	0.04897	0.05616	0.30435	0.18132	0.18275	0.01236	0.03281	0.03024	0.04136	0.02608	0.01329	0.02588	0.00525	0.00482	0.00150	0.00663	0.00433	0.00272	0.00638
17	0.00737	0.00538	0.00741	0.00713	0.00838	0.00492	0.03973	0.00920	0.01221	0.04349	0.37966	0.26621	0.14658	0.01181	0.00602	0.00174	0.00293	0.03019	0.00498	0.00466
18	0.05176	0.17951	0.35080	0.01178	0.01669	0.12101	0.01270	0.09427	0.01192	0.01607	0.00863	0.01018	0.00673	0.00544	0.00529	0.03169	0.03749	0.00352	0.01782	0.00668
19	0.01298	0.45350	0.27327	0.01064	0.01576	0.04411	0.01169	0.05377	0.01130	0.04564	0.02144	0.00989	0.00739	0.00471	0.00395	0.00129	0.00603	0.00330	0.00250	0.00685
20	0.02135	0.01011	0.01257	0.00964	0.01354	0.00974	0.00796	0.24777	0.01699	0.56987	0.01738	0.01548	0.01119	0.00611	0.00500	0.00153	0.00461	0.00486	0.00582	0.00848
21	0.00678	0.00493	0.00623	0.00618	0.00714	0.00455	0.00443	0.00854	0.01237	0.01706	0.50785	0.17513	0.11661	0.09036	0.00785	0.00198	0.00270	0.00990	0.00501	0.00438
22	0.01074	0.08144	0.27479	0.05842	0.13766	0.01063	0.07080	0.01468	0.04600	0.05848	0.01417	0.16077	0.02618	0.00693	0.00509	0.00162	0.00578	0.00613	0.00307	0.00664
23	0.01194	0.01388	0.17809	0.02919	0.19359	0.01081	0.21373	0.01648	0.07595	0.08965	0.02522	0.01598	0.05483	0.00679	0.03984	0.00187	0.00663	0.00528	0.00315	0.00709
24	0.75314	0.00935	0.00765	0.00674	0.00980	0.01058	0.00553	0.01523	0.00921	0.08700	0.04192	0.01010	0.00778	0.00500	0.00337	0.00154	0.00382	0.00317	0.00345	0.00563
25	0.00675	0.00473	0.00609	0.00685	0.00732	0.00453	0.00480	0.00761	0.00947	0.01248	0.04080	0.43459	0.07587	0.18256	0.01087	0.03679	0.00360	0.13621	0.00421	0.00387
26	0.01291	0.03070	0.02189	0.06426	0.25715	0.03668	0.31581	0.05756	0.04587	0.06114	0.03857	0.01403	0.00961	0.00488	0.00531	0.00157	0.00670	0.00518	0.00304	0.00715
27	0.04311	0.00971	0.03655	0.04989	0.18171	0.00889	0.02620	0.01987	0.06032	0.41217	0.07295	0.01736	0.02633	0.00605	0.00503	0.00155	0.00470	0.00519	0.00476	0.00767
28	0.04525	0.01052	0.01265	0.01074	0.05529	0.02912	0.00824	0.23846	0.02606	0.40124	0.01631	0.01602	0.02899	0.04161	0.00623	0.00169	0.03369	0.00493	0.00512	0.00784
29	0.05009	0.03119	0.04894	0.02892	0.08428	0.01213	0.02605	0.28751	0.16137	0.11569	0.05176	0.01612	0.03878	0.00623	0.00494	0.00154	0.00489	0.00506	0.01690	0.00761
30	0.07481	0.01396	0.07150	0.04088	0.07539	0.08019	0.00989	0.34751	0.11062	0.03920	0.03868	0.01311	0.00999	0.00570	0.00477	0.00148	0.00548	0.00442	0.00410	0.04831
31	0.14467	0.02635	0.06049	0.01400	0.18362	0.07035	0.00960	0.12275	0.09301	0.03496	0.05368	0.07244	0.01328	0.00666	0.00480	0.00158	0.00503	0.04596	0.03013	0.00667
32	0.05950	0.05840	0.08174	0.01300	0.14567	0.00994	0.03408	0.09017	0.03284	0.10394	0.05773	0.03557	0.02587	0.00621	0.00478	0.00144	0.00483	0.06517	0.01683	0.15229
33	0.01277	0.02583	0.04345	0.03605	0.09364	0.07239	0.00866	0.22079	0.04626	0.04644	0.21156	0.02281	0.08039	0.00749	0.00524	0.00153	0.00472	0.03210	0.00437	0.02351
34	0.05819	0.03414	0.09637	0.07119	0.15072	0.05781	0.02880	0.24720	0.07169	0.04334	0.01362	0.04572	0.04716	0.00607	0.00490	0.00154	0.00562	0.00498	0.00370	0.00722
35	0.08337	0.01038	0.02950	0.08325	0.09472	0.02294	0.03532	0.13250	0.10959	0.14056	0.06894	0.06582	0.01350	0.00635	0.00489	0.00152	0.00477	0.00536	0.00417	0.08256
36	0.02994	0.05302	0.16703	0.05575	0.19033	0.05394	0.01153	0.11789	0.03073	0.06434	0.04817	0.04496	0.01092	0.00568	0.00473	0.00146	0.00553	0.00471	0.05401	0.04533
37	0.03492	0.04145	0.12703	0.13989	0.05925	0.01096	0.02485	0.09486	0.10164	0.14882	0.04136	0.03498	0.04352	0.00630	0.00555	0.00160	0.04909	0.00509	0.00380	0.02502

[dist]
# distance from previous block
# <min> <max>
1	35

[block]
# block no. 4 follows, 50 sequences, length 16
# corresponding to MSA columns:
# 288-303
name=unknown_E
#
# <colnr> <probs for GDERKNQSTAVLIFYWHMCP>
#	G	D	E	R	K	N	Q	S	T	A	V	L	I	F	Y	W	H	M	C	P
0	0.04436	0.02831	0.01505	0.05425	0.28284	0.04075	0.02710	0.10195	0.06486	0.11346	0.05486	0.03837	0.01168	0.00563	0.00482	0.00145	0.00511	0.00489	0.01783	0.08242
1	0.02630	0.01184	0.03242	0.07958	0.27240	0.03877	0.01102	0.21013	0.02814	0.09109	0.01232	0.03515	0.02536	0.00550	0.00484	0.00144	0.00539	0.00467	0.00364	0.10001
2	0.07063	0.01141	0.07806	0.03671	0.15705	0.02490	0.01882	0.10500	0.08084	0.14774	0.04383	0.03932	0.01217	0.02397	0.00529	0.00157	0.00496	0.03292	0.00393	0.10088
3	0.01279	0.01180	0.01806	0.02598	0.62443	0.05754	0.01351	0.01580	0.03541	0.05851	0.01202	0.05342	0.02761	0.00539	0.00501	0.00151	0.00572	0.00506	0.00291	0.00753
4	0.01199	0.01101	0.01855	0.15541	0.61626	0.01130	0.01438	0.01492	0.01123	0.04310	0.01108	0.01389	0.03495	0.00487	0.00498	0.00152	0.00586	0.00467	0.00263	0.00741
5	0.06997	0.01059	0.01519	0.07469	0.36026	0.02377	0.01129	0.06563	0.05189	0.08828	0.01340	0.04504	0.04265	0.00603	0.00551	0.00156	0.04793	0.02040	0.00335	0.04257
6	0.05457	0.00932	0.01228	0.04616	0.27843	0.04982	0.00917	0.01577	0.05275	0.11054	0.01364	0.01616	0.01073	0.00555	0.00444	0.00142	0.00453	0.02716	0.27105	0.00652
7	0.06588	0.00697	0.04847	0.00754	0.00898	0.00617	0.02021	0.01015	0.06112	0.01400	0.04139	0.31417	0.04527	0.19854	0.02719	0.00262	0.00416	0.05483	0.00388	0.05847
8	0.00828	0.00470	0.00657	0.00671	0.00706	0.00465	0.00470	0.00749	0.03090	0.01025	0.01564	0.07703	0.08596	0.01616	0.01588	0.62348	0.00407	0.06480	0.00284	0.00285
9	0.00938	0.03890	0.00963	0.00922	0.03699	0.00697	0.03473	0.02516	0.05206	0.04282	0.05604	0.36058	0.13655	0.05274	0.00726	0.00215	0.00402	0.08006	0.00468	0.03007
10	0.47579	0.25631	0.08312	0.00799	0.01175	0.01347	0.00764	0.01494	0.00943	0.04003	0.00819	0.01032	0.00684	0.00491	0.00346	0.00143	0.00465	0.03094	0.00285	0.00593
11	0.02487	0.14120	0.10316	0.00826	0.01079	0.03598	0.00746	0.02660	0.01134	0.06624	0.13290	0.14924	0.10365	0.07451	0.00687	0.00189	0.00438	0.08138	0.00393	0.00536
12	0.10319	0.38503	0.22852	0.00968	0.01424	0.01443	0.01037	0.04079	0.01063	0.03154	0.01136	0.06442	0.04601	0.00568	0.00404	0.00137	0.00540	0.00419	0.00270	0.00641
13	0.14917	0.26769	0.17297	0.00846	0.01216	0.01173	0.00861	0.01283	0.01030	0.01533	0.05956	0.08644	0.12384	0.00698	0.00431	0.00145	0.00462	0.00542	0.03237	0.00576
14	0.03727	0.26442	0.06661	0.00823	0.01089	0.01110	0.00722	0.09541	0.01133	0.03748	0.01756	0.26212	0.06146	0.07952	0.00659	0.00183	0.00446	0.00737	0.00358	0.00558
15	0.05291	0.21282	0.20734	0.01056	0.01491	0.05092	0.02128	0.19899	0.03606	0.01853	0.02510	0.03168	0.06051	0.03146	0.00514	0.00154	0.00567	0.00453	0.00327	0.00678

[dist]
# distance from previous block
# <min> <max>
0	3

[block]
# block no. 5 follows, 50 sequences, length 6
# corresponding to MSA columns:
# 307-312
name=unknown_F
#
# <colnr> <probs for GDERKNQSTAVLIFYWHMCP>
#	G	D	E	R	K	N	Q	S	T	A	V	L	I	F	Y	W	H	M	C	P
0	0.11561	0.15244	0.13734	0.00972	0.01351	0.05008	0.00914	0.24140	0.01425	0.01985	0.01570	0.08625	0.10101	0.00692	0.00462	0.00150	0.00515	0.00534	0.00363	0.00656
1	0.01445	0.14577	0.10819	0.01047	0.01452	0.01356	0.00961	0.36024	0.03735	0.02228	0.03167	0.04169	0.01044	0.00610	0.00495	0.00142	0.02642	0.03053	0.00386	0.10649
2	0.05056	0.25237	0.14005	0.01261	0.10561	0.03463	0.01065	0.21114	0.04374	0.01917	0.02907	0.01227	0.02798	0.00532	0.00434	0.00138	0.00552	0.00402	0.02246	0.00712
3	0.03457	0.28849	0.16285	0.01245	0.10556	0.01449	0.01080	0.16826	0.04595	0.01814	0.03005	0.01255	0.03217	0.00529	0.00428	0.00137	0.00544	0.00402	0.03625	0.00703
4	0.07304	0.13762	0.28848	0.04071	0.10804	0.07901	0.01280	0.13905	0.01276	0.01773	0.00966	0.04181	0.00785	0.00529	0.00451	0.00147	0.00628	0.00407	0.00283	0.00700
5	0.04885	0.21424	0.12324	0.01237	0.07826	0.04118	0.04635	0.19861	0.05678	0.01868	0.01194	0.10562	0.01062	0.00627	0.00462	0.00148	0.00554	0.00507	0.00337	0.00691

[dist]
# distance from previous block
# <min> <max>
3	248

# created by:
# /home/cegg/simao/soft/augustus-3.2.1/scripts/msa2prfl.pl ./align_prep/EOG091G0NOA.fa
