[name]
unknown

[dist]
# distance from previous block
# <min> <max>
0	56

[block]
# block no. 0 follows, 39 sequences, length 36
# corresponding to MSA columns:
# 56-91
name=unknown_A
#
# <colnr> <probs for GDERKNQSTAVLIFYWHMCP>
#	G	D	E	R	K	N	Q	S	T	A	V	L	I	F	Y	W	H	M	C	P
0	0.01098	0.00823	0.01114	0.04459	0.01400	0.00898	0.01002	0.06717	0.01411	0.01894	0.02626	0.05317	0.02763	0.01415	0.00879	0.00254	0.08034	0.52787	0.04515	0.00594
1	0.01964	0.01575	0.01601	0.07037	0.01863	0.09313	0.01073	0.47634	0.05152	0.05191	0.01928	0.01932	0.09494	0.00785	0.00598	0.00180	0.00652	0.00605	0.00537	0.00886
2	0.01128	0.07689	0.04628	0.10495	0.01666	0.00984	0.04775	0.05286	0.01340	0.04209	0.09213	0.25737	0.02437	0.01246	0.03951	0.00227	0.00571	0.04880	0.00450	0.09088
3	0.01199	0.01120	0.01854	0.44768	0.17339	0.01311	0.04565	0.01578	0.03087	0.01628	0.01158	0.01685	0.00945	0.03919	0.03190	0.00235	0.06549	0.00554	0.02611	0.00705
4	0.01879	0.01163	0.01344	0.01128	0.01499	0.01228	0.00899	0.10207	0.36523	0.26552	0.09019	0.02266	0.01960	0.00807	0.00607	0.00191	0.00481	0.00667	0.00648	0.00931
5	0.01158	0.01006	0.00967	0.00988	0.01128	0.12020	0.00702	0.01524	0.13244	0.04867	0.02639	0.46423	0.02875	0.06550	0.00839	0.00240	0.00493	0.01220	0.00517	0.00600
6	0.01126	0.00941	0.01117	0.00856	0.01284	0.00728	0.00668	0.01372	0.01261	0.01923	0.08941	0.10775	0.01720	0.00685	0.00502	0.00116	0.00410	0.00582	0.00405	0.64586
7	0.00773	0.00554	0.00674	0.00740	0.00814	0.00515	0.00502	0.00893	0.01181	0.01573	0.09991	0.41006	0.16221	0.15468	0.01129	0.00284	0.00373	0.02996	0.03841	0.00473
8	0.00828	0.00555	0.00732	0.00829	0.00903	0.00514	0.00578	0.00958	0.01214	0.05056	0.07834	0.63359	0.07728	0.01731	0.00744	0.00233	0.00353	0.04772	0.00564	0.00514
9	0.00844	0.00600	0.00754	0.00755	0.00823	0.00614	0.00519	0.00960	0.01050	0.01425	0.11251	0.03824	0.08598	0.39768	0.21690	0.00578	0.00776	0.04315	0.00409	0.00448
10	0.00742	0.00557	0.00706	0.00775	0.00868	0.00521	0.00547	0.00887	0.01225	0.01614	0.11966	0.45201	0.20484	0.01968	0.08748	0.00299	0.00456	0.01400	0.00536	0.00499
11	0.04246	0.02776	0.01656	0.01505	0.01811	0.74948	0.01130	0.02346	0.01659	0.01478	0.00912	0.01064	0.00759	0.00608	0.00529	0.00153	0.01051	0.00379	0.00306	0.00684
12	0.00741	0.00529	0.00710	0.00847	0.00890	0.00498	0.00585	0.00859	0.01153	0.01533	0.03248	0.72438	0.03866	0.01833	0.00760	0.00243	0.00361	0.07871	0.00549	0.00486
13	0.79623	0.01137	0.00893	0.00791	0.01161	0.01305	0.00651	0.01792	0.01038	0.06076	0.00894	0.01010	0.00679	0.00558	0.00377	0.00183	0.00460	0.00333	0.00383	0.00658
14	0.65918	0.01067	0.00893	0.00785	0.01138	0.01196	0.00643	0.01829	0.01107	0.10788	0.01106	0.01206	0.00822	0.00584	0.00396	0.00178	0.00444	0.00375	0.08854	0.00672
15	0.01186	0.03059	0.76153	0.01686	0.02560	0.01373	0.02185	0.01873	0.01249	0.01873	0.01061	0.01249	0.00749	0.00562	0.00562	0.00187	0.00874	0.00437	0.00250	0.00874
16	0.00943	0.00674	0.00942	0.01078	0.01210	0.00672	0.00936	0.01208	0.01352	0.01759	0.03137	0.09738	0.03425	0.01643	0.00814	0.00271	0.00536	0.68578	0.00545	0.00542
17	0.00752	0.00556	0.00708	0.00797	0.00883	0.00511	0.00568	0.00901	0.01261	0.01660	0.13128	0.49993	0.16630	0.01687	0.00743	0.00229	0.00345	0.07588	0.00562	0.00499
18	0.00840	0.00629	0.00920	0.00920	0.01023	0.00721	0.00707	0.01037	0.00962	0.01370	0.01777	0.02543	0.04502	0.08351	0.69806	0.00900	0.01478	0.00671	0.00328	0.00518
19	0.00764	0.00602	0.00689	0.00667	0.00839	0.00527	0.00500	0.00975	0.01501	0.01962	0.38572	0.05092	0.42479	0.01362	0.00698	0.00193	0.00290	0.01164	0.00597	0.00527
20	0.00717	0.00541	0.00663	0.00758	0.00841	0.00487	0.00521	0.00837	0.01205	0.01552	0.05521	0.56411	0.24330	0.01738	0.00738	0.00227	0.00329	0.01545	0.00551	0.00487
21	0.01567	0.46697	0.08879	0.06056	0.05462	0.01911	0.12609	0.01869	0.01279	0.07163	0.01042	0.01217	0.00843	0.00532	0.00483	0.00154	0.00713	0.00430	0.00299	0.00795
22	0.01398	0.04630	0.03397	0.02392	0.02959	0.01543	0.67246	0.01868	0.01366	0.01853	0.01163	0.01556	0.00886	0.00523	0.00742	0.00199	0.04519	0.00675	0.00295	0.00789
23	0.01117	0.01051	0.01774	0.77795	0.04073	0.01314	0.01642	0.01511	0.01182	0.01511	0.01051	0.01577	0.00788	0.00591	0.00591	0.00197	0.00788	0.00526	0.00263	0.00657
24	0.00719	0.00519	0.00682	0.00813	0.00855	0.00481	0.00544	0.00825	0.01143	0.01514	0.03390	0.75343	0.07315	0.01836	0.00752	0.00238	0.00341	0.01661	0.00549	0.00481
25	0.01435	0.01581	0.08643	0.28581	0.19501	0.07112	0.12544	0.08204	0.03156	0.01912	0.01142	0.01488	0.00876	0.00577	0.00600	0.00187	0.00809	0.00537	0.00314	0.00800
26	0.02573	0.01044	0.01387	0.01067	0.01517	0.00933	0.00880	0.08162	0.01774	0.68476	0.04263	0.02034	0.01542	0.00743	0.00597	0.00183	0.00508	0.00603	0.00719	0.00994
27	0.01382	0.01553	0.03299	0.02366	0.02938	0.01466	0.66595	0.01854	0.01368	0.01879	0.01173	0.01563	0.00892	0.00514	0.00728	0.00195	0.03761	0.00671	0.00301	0.05501
28	0.05772	0.07591	0.01999	0.07320	0.18659	0.30092	0.04815	0.10256	0.01614	0.04912	0.01087	0.01283	0.00860	0.00590	0.00547	0.00167	0.00830	0.00458	0.00348	0.00799
29	0.00789	0.00716	0.02948	0.00698	0.00914	0.00598	0.00553	0.01075	0.05958	0.01814	0.19353	0.05089	0.54653	0.01369	0.00688	0.00197	0.00323	0.01152	0.00564	0.00549
30	0.01694	0.07258	0.04917	0.01052	0.01544	0.01186	0.00905	0.17310	0.04495	0.13646	0.01406	0.01454	0.01047	0.00579	0.00501	0.00136	0.00522	0.00451	0.04475	0.35424
31	0.12587	0.08136	0.21054	0.01371	0.05737	0.02396	0.05312	0.03586	0.04204	0.11751	0.05883	0.07394	0.01433	0.00714	0.00550	0.00178	0.00624	0.00588	0.00410	0.06090
32	0.01425	0.40720	0.25987	0.04975	0.07551	0.01882	0.01488	0.03109	0.01242	0.01635	0.00939	0.01136	0.00776	0.00558	0.00541	0.00160	0.04417	0.00393	0.00262	0.00803
33	0.01495	0.01497	0.02419	0.05629	0.63347	0.06102	0.07163	0.01846	0.01366	0.01886	0.01105	0.01452	0.00918	0.00532	0.00591	0.00177	0.00750	0.00531	0.00293	0.00902
34	0.06070	0.01280	0.01536	0.01209	0.01645	0.01318	0.03874	0.26005	0.13557	0.31687	0.02042	0.01897	0.03630	0.00742	0.00591	0.00185	0.00558	0.00598	0.00624	0.00953
35	0.04874	0.01125	0.04241	0.23697	0.05685	0.01137	0.07146	0.05107	0.09241	0.08915	0.08819	0.02550	0.13338	0.00820	0.00617	0.00193	0.00599	0.00715	0.00448	0.00734

[dist]
# distance from previous block
# <min> <max>
0	14

[block]
# block no. 1 follows, 39 sequences, length 23
# corresponding to MSA columns:
# 107-129
name=unknown_B
#
# <colnr> <probs for GDERKNQSTAVLIFYWHMCP>
#	G	D	E	R	K	N	Q	S	T	A	V	L	I	F	Y	W	H	M	C	P
0	0.01439	0.01407	0.02533	0.20808	0.27737	0.01456	0.24532	0.09126	0.01470	0.02003	0.01156	0.01528	0.00896	0.00552	0.00623	0.00189	0.00812	0.00582	0.00318	0.00832
1	0.01023	0.00646	0.00850	0.00776	0.00948	0.00590	0.00590	0.01297	0.01676	0.09917	0.67740	0.04171	0.05158	0.01160	0.00687	0.00186	0.00302	0.01021	0.00659	0.00604
2	0.00775	0.00581	0.00731	0.00829	0.00936	0.00538	0.00625	0.00935	0.01253	0.01602	0.03999	0.39466	0.23981	0.01696	0.00755	0.00237	0.00383	0.19630	0.00548	0.00502
3	0.01729	0.19994	0.06724	0.01633	0.05848	0.29213	0.08974	0.03616	0.01395	0.01583	0.00932	0.01173	0.00792	0.00638	0.00749	0.00173	0.13370	0.00437	0.00288	0.00740
4	0.01493	0.56742	0.17171	0.01411	0.09311	0.02057	0.01321	0.01795	0.01226	0.01540	0.00898	0.01060	0.00775	0.00519	0.00436	0.00143	0.00686	0.00361	0.00256	0.00799
5	0.00737	0.00595	0.00656	0.00653	0.00826	0.00514	0.00485	0.00919	0.01420	0.01799	0.24347	0.10429	0.51656	0.01445	0.00702	0.00199	0.00297	0.01230	0.00576	0.00514
6	0.00932	0.00778	0.00836	0.00802	0.01018	0.00773	0.00606	0.01515	0.21395	0.01947	0.15122	0.09627	0.39842	0.01289	0.00676	0.00201	0.00346	0.01093	0.00579	0.00626
7	0.12571	0.01441	0.01477	0.01192	0.01604	0.05525	0.00967	0.35017	0.13104	0.15059	0.04915	0.01692	0.01346	0.00724	0.00566	0.00182	0.00580	0.00552	0.00574	0.00911
8	0.03423	0.01114	0.01291	0.01154	0.01449	0.01227	0.00936	0.11067	0.30820	0.11651	0.08114	0.03058	0.02197	0.00984	0.00716	0.00211	0.04664	0.14515	0.00586	0.00824
9	0.00858	0.00615	0.00817	0.00918	0.01012	0.00601	0.00713	0.01068	0.02533	0.01680	0.09109	0.31066	0.05256	0.08861	0.00983	0.00279	0.00449	0.32131	0.00539	0.00512
10	0.00860	0.00624	0.00760	0.00806	0.00864	0.00638	0.00533	0.01094	0.08536	0.01461	0.02510	0.36549	0.02834	0.30915	0.07917	0.00420	0.00545	0.01183	0.00464	0.00485
11	0.03691	0.22249	0.07987	0.01386	0.01774	0.42535	0.01191	0.04594	0.01494	0.01572	0.00909	0.01076	0.00767	0.00610	0.00588	0.00157	0.06016	0.00382	0.00295	0.00727
12	0.01318	0.13772	0.03635	0.09998	0.22885	0.01257	0.01187	0.01565	0.01206	0.01704	0.01030	0.01347	0.00878	0.00660	0.00682	0.08616	0.00601	0.00433	0.00297	0.26932
13	0.08316	0.09372	0.02322	0.09433	0.34187	0.01472	0.12466	0.05654	0.01389	0.04605	0.02713	0.01474	0.00995	0.00558	0.00563	0.00175	0.00703	0.00524	0.00334	0.02744
14	0.00855	0.00630	0.00840	0.00815	0.00889	0.00616	0.04252	0.00953	0.01045	0.01392	0.06355	0.16136	0.08190	0.43296	0.07241	0.00461	0.00590	0.04577	0.00423	0.00444
15	0.00800	0.00582	0.00755	0.00848	0.00938	0.00550	0.00634	0.00966	0.01260	0.01659	0.11143	0.38597	0.12326	0.06320	0.00894	0.00258	0.00398	0.20023	0.00547	0.00501
16	0.02904	0.10733	0.25676	0.01547	0.06399	0.09499	0.01462	0.20998	0.09215	0.04113	0.01282	0.01367	0.00954	0.00626	0.00550	0.00175	0.00742	0.00474	0.00398	0.00886
17	0.07115	0.01951	0.33577	0.01292	0.01873	0.01243	0.01396	0.11253	0.08298	0.08388	0.05675	0.02023	0.08833	0.00742	0.00575	0.00184	0.00641	0.00589	0.00431	0.03921
18	0.00787	0.00758	0.06988	0.00876	0.01019	0.00580	0.00700	0.00979	0.01255	0.01687	0.13545	0.49688	0.11496	0.01603	0.00728	0.00226	0.00386	0.05632	0.00538	0.00530
19	0.00813	0.00575	0.00662	0.00692	0.00743	0.00551	0.00442	0.00874	0.01023	0.01325	0.02920	0.16595	0.15860	0.47767	0.02089	0.00433	0.00484	0.05301	0.00435	0.00415
20	0.01334	0.05408	0.05846	0.17094	0.32523	0.01383	0.07035	0.01889	0.11341	0.01926	0.07190	0.01796	0.01376	0.00630	0.00595	0.00184	0.00681	0.00587	0.00354	0.00829
21	0.07905	0.02510	0.08088	0.05267	0.07895	0.01103	0.03857	0.07850	0.01360	0.02106	0.01073	0.01272	0.00857	0.00500	0.00486	0.00130	0.00561	0.00408	0.00351	0.46419
22	0.05744	0.06897	0.02769	0.02042	0.06153	0.01509	0.43584	0.13017	0.01555	0.02156	0.01354	0.07910	0.01144	0.00649	0.00641	0.00192	0.00820	0.00699	0.00366	0.00800

[dist]
# distance from previous block
# <min> <max>
1	6

[block]
# block no. 2 follows, 39 sequences, length 68
# corresponding to MSA columns:
# 136-183,185-204
name=unknown_C
#
# <colnr> <probs for GDERKNQSTAVLIFYWHMCP>
#	G	D	E	R	K	N	Q	S	T	A	V	L	I	F	Y	W	H	M	C	P
0	0.00828	0.00565	0.00739	0.00847	0.00922	0.00539	0.00610	0.00999	0.02267	0.02869	0.04834	0.56773	0.05164	0.01681	0.00733	0.00234	0.00371	0.12150	0.06363	0.00513
1	0.00963	0.00802	0.00946	0.00956	0.01086	0.05542	0.00730	0.01251	0.06469	0.01516	0.02312	0.12147	0.07647	0.08161	0.39018	0.00610	0.01052	0.07835	0.00408	0.00550
2	0.02048	0.01710	0.04205	0.04502	0.04772	0.07854	0.01186	0.53808	0.05919	0.03180	0.01393	0.01462	0.01021	0.00817	0.03207	0.00204	0.00723	0.00526	0.00523	0.00939
3	0.01274	0.01270	0.07035	0.08167	0.30931	0.01219	0.01383	0.01574	0.01272	0.04347	0.07492	0.08302	0.04420	0.00818	0.00811	0.00193	0.12488	0.00679	0.00361	0.05964
4	0.03860	0.05403	0.12435	0.08939	0.29058	0.01482	0.07090	0.15073	0.01595	0.07612	0.01230	0.01447	0.00929	0.00583	0.00577	0.00180	0.00722	0.00518	0.00372	0.00894
5	0.01923	0.01050	0.01502	0.05861	0.06625	0.01070	0.03405	0.05273	0.03201	0.37167	0.01932	0.05167	0.01500	0.03589	0.00930	0.03511	0.09806	0.05117	0.00544	0.00828
6	0.00820	0.00561	0.00728	0.00831	0.00911	0.00535	0.00611	0.00990	0.01235	0.01706	0.08024	0.47735	0.06090	0.01615	0.00721	0.00229	0.00370	0.15462	0.10322	0.00508
7	0.01268	0.01215	0.02093	0.44865	0.32994	0.01358	0.04450	0.01649	0.01257	0.01696	0.01081	0.01532	0.00853	0.00562	0.00593	0.00188	0.00762	0.00533	0.00276	0.00776
8	0.01620	0.01319	0.01303	0.01136	0.01447	0.09287	0.00875	0.10966	0.35282	0.08288	0.01956	0.02124	0.01547	0.09473	0.04526	0.00262	0.00614	0.00618	0.03344	0.04013
9	0.00999	0.00765	0.00925	0.00910	0.01088	0.00776	0.00709	0.04321	0.14289	0.02156	0.31079	0.13584	0.10441	0.01302	0.00706	0.00212	0.00386	0.14128	0.00599	0.00625
10	0.00803	0.00567	0.00707	0.00765	0.00810	0.00558	0.00509	0.00889	0.01032	0.01370	0.02697	0.31042	0.07731	0.33643	0.09338	0.00447	0.00572	0.05632	0.00448	0.00441
11	0.01436	0.21567	0.35494	0.01566	0.07262	0.05292	0.01596	0.04836	0.11941	0.01896	0.01208	0.01326	0.00929	0.00588	0.00524	0.00171	0.00744	0.00448	0.00321	0.00855
12	0.01483	0.15950	0.02063	0.33026	0.16371	0.09145	0.01408	0.04143	0.01344	0.04907	0.01108	0.01425	0.00873	0.00579	0.00538	0.00172	0.00734	0.00476	0.03501	0.00754
13	0.00726	0.00556	0.00666	0.00732	0.00839	0.00496	0.00513	0.00865	0.01272	0.01638	0.12315	0.43663	0.30291	0.01650	0.00728	0.00219	0.00320	0.01454	0.00560	0.00496
14	0.02163	0.00930	0.01239	0.00985	0.01361	0.00830	0.00799	0.05505	0.01735	0.53658	0.21245	0.02612	0.02514	0.00855	0.00621	0.00184	0.00451	0.00715	0.00705	0.00890
15	0.01236	0.01201	0.01751	0.01493	0.01599	0.01532	0.08476	0.01583	0.09757	0.01610	0.01400	0.13494	0.01399	0.01080	0.01470	0.00243	0.48924	0.00735	0.00349	0.00671
16	0.06889	0.01194	0.01338	0.01073	0.01461	0.01249	0.00873	0.28019	0.09411	0.24938	0.01850	0.01791	0.01294	0.00713	0.00548	0.00175	0.00509	0.00556	0.15222	0.00896
17	0.02248	0.01656	0.01775	0.01361	0.01834	0.01834	0.01124	0.73556	0.02780	0.03727	0.01420	0.01420	0.01006	0.00710	0.00592	0.00177	0.00651	0.00532	0.00592	0.01006
18	0.00761	0.00639	0.00667	0.00665	0.00858	0.00567	0.00496	0.01019	0.06286	0.01699	0.09935	0.10560	0.60860	0.01458	0.00696	0.00202	0.00313	0.01228	0.00559	0.00531
19	0.00953	0.00681	0.00953	0.01089	0.01225	0.00681	0.00953	0.01225	0.01361	0.01770	0.03131	0.06671	0.03403	0.01634	0.00817	0.00272	0.00545	0.71547	0.00545	0.00545
20	0.01195	0.01131	0.01916	0.60999	0.20256	0.01335	0.01681	0.01580	0.01220	0.01606	0.01065	0.01551	0.00822	0.00577	0.00590	0.00192	0.00769	0.00526	0.00270	0.00720
21	0.00725	0.00518	0.00690	0.00820	0.00859	0.00483	0.00549	0.00835	0.01153	0.01543	0.06055	0.75939	0.03976	0.01828	0.00753	0.00238	0.00341	0.01657	0.00553	0.00483
22	0.10702	0.25487	0.02020	0.01281	0.01663	0.42087	0.01049	0.06332	0.01528	0.01694	0.00907	0.01041	0.00762	0.00578	0.00473	0.00149	0.00847	0.00364	0.00313	0.00722
23	0.01560	0.10012	0.02326	0.09796	0.08710	0.01420	0.21979	0.10375	0.03179	0.07710	0.01246	0.01465	0.00947	0.00550	0.00570	0.00164	0.00712	0.00528	0.00374	0.16376
24	0.02891	0.10964	0.07037	0.01115	0.01550	0.07124	0.00981	0.13820	0.01735	0.25840	0.13763	0.01990	0.01829	0.00736	0.00565	0.00167	0.00572	0.00582	0.00539	0.06200
25	0.02272	0.01618	0.01751	0.01342	0.01815	0.01777	0.01109	0.69373	0.02716	0.08001	0.01474	0.01455	0.01033	0.00711	0.00592	0.00178	0.00642	0.00536	0.00600	0.01006
26	0.00990	0.00709	0.00969	0.01083	0.01226	0.00714	0.00934	0.04086	0.01404	0.01831	0.03071	0.11027	0.03340	0.01611	0.00804	0.00266	0.00536	0.64293	0.00547	0.00559
27	0.10579	0.54085	0.07034	0.01109	0.01590	0.14129	0.01063	0.01868	0.01259	0.01567	0.00851	0.00987	0.00746	0.00531	0.00414	0.00140	0.00698	0.00334	0.00273	0.00741
28	0.01447	0.01389	0.02371	0.07098	0.72186	0.01401	0.01807	0.01801	0.01339	0.01912	0.01110	0.01469	0.00930	0.00530	0.00586	0.00177	0.00707	0.00527	0.00291	0.00924
29	0.00721	0.00515	0.00686	0.00823	0.00858	0.00480	0.00549	0.00823	0.01132	0.01510	0.03259	0.78831	0.03911	0.01853	0.00755	0.00240	0.00343	0.01681	0.00549	0.00480
30	0.00883	0.00597	0.00843	0.00843	0.00903	0.00657	0.00605	0.00955	0.00895	0.01254	0.01548	0.02599	0.01557	0.22088	0.45082	0.16134	0.01140	0.00666	0.00316	0.00436
31	0.01637	0.66847	0.06346	0.01104	0.01604	0.11174	0.01082	0.01846	0.01260	0.01421	0.00844	0.00977	0.00759	0.00521	0.00406	0.00132	0.00695	0.00330	0.00259	0.00756
32	0.00721	0.00515	0.00686	0.00823	0.00858	0.00480	0.00549	0.00823	0.01132	0.01510	0.03259	0.78831	0.03911	0.01853	0.00755	0.00240	0.00343	0.01681	0.00549	0.00480
33	0.00936	0.00675	0.00929	0.01056	0.01196	0.00668	0.00919	0.01200	0.01360	0.01758	0.03324	0.06605	0.08253	0.01624	0.00809	0.00267	0.00528	0.66805	0.00545	0.00541
34	0.01254	0.00964	0.01082	0.01005	0.01261	0.01036	0.00775	0.02210	0.38795	0.06882	0.15473	0.10619	0.10934	0.01084	0.00653	0.00204	0.00410	0.03988	0.00605	0.00765
35	0.00953	0.00681	0.00953	0.01089	0.01225	0.00681	0.00953	0.01225	0.01361	0.01770	0.03131	0.06671	0.03403	0.01634	0.00817	0.00272	0.00545	0.71547	0.00545	0.00545
36	0.01737	0.00870	0.01120	0.00963	0.01273	0.00804	0.00786	0.06496	0.02946	0.34574	0.17802	0.03635	0.11386	0.01061	0.00663	0.00199	0.00448	0.11804	0.00653	0.00781
37	0.00836	0.00582	0.00724	0.00727	0.00788	0.00576	0.00483	0.00957	0.01141	0.01577	0.22252	0.12559	0.04657	0.37178	0.10831	0.00459	0.00576	0.00989	0.01652	0.00453
38	0.01464	0.01405	0.02400	0.03630	0.75528	0.01405	0.01815	0.01815	0.01347	0.01932	0.01112	0.01464	0.00937	0.00527	0.00585	0.00176	0.00703	0.00527	0.00293	0.00937
39	0.00880	0.00607	0.00897	0.00897	0.00977	0.00687	0.00673	0.00990	0.00911	0.01294	0.01498	0.02323	0.01437	0.08722	0.58283	0.16202	0.01320	0.00626	0.00308	0.00467
40	0.01400	0.01584	0.03425	0.02560	0.07378	0.01490	0.69144	0.01890	0.01393	0.01897	0.01191	0.01587	0.00900	0.00500	0.00691	0.00198	0.00980	0.00688	0.00299	0.00806
41	0.00795	0.00576	0.00739	0.00762	0.00864	0.00534	0.00546	0.00992	0.01420	0.01952	0.41084	0.28000	0.09644	0.06379	0.00865	0.00231	0.00327	0.03183	0.00590	0.00516
42	0.01099	0.00808	0.01024	0.00955	0.01127	0.00838	0.03068	0.07007	0.11947	0.04837	0.11128	0.22034	0.05891	0.13681	0.11445	0.00366	0.00609	0.01008	0.00510	0.00617
43	0.01320	0.00977	0.01206	0.03184	0.01377	0.03844	0.03634	0.08849	0.08675	0.10464	0.02654	0.31823	0.07412	0.01274	0.00773	0.00218	0.05993	0.05111	0.00532	0.00681
44	0.01539	0.00826	0.00938	0.00812	0.01066	0.00829	0.00639	0.10127	0.06746	0.17028	0.10141	0.02322	0.01919	0.00766	0.00515	0.00161	0.00378	0.00624	0.41902	0.00722
45	0.01307	0.01104	0.01435	0.04367	0.14701	0.01024	0.00974	0.03729	0.12676	0.03693	0.01535	0.08933	0.01348	0.00746	0.02047	0.00161	0.00524	0.00582	0.00410	0.38703
46	0.16380	0.09213	0.01654	0.28520	0.03608	0.05064	0.02812	0.08447	0.06263	0.02009	0.01181	0.01479	0.00928	0.00874	0.05929	0.00234	0.00731	0.00483	0.03480	0.00712
47	0.06294	0.01132	0.01415	0.01033	0.01544	0.00948	0.05892	0.06515	0.01370	0.08470	0.01183	0.01318	0.00923	0.00493	0.00476	0.00115	0.00499	0.00407	0.00397	0.59577
48	0.01338	0.01384	0.04859	0.18497	0.17757	0.06407	0.13428	0.05289	0.02553	0.01804	0.04070	0.01750	0.01161	0.03188	0.09124	0.00285	0.05455	0.00586	0.00323	0.00745
49	0.01498	0.37842	0.27415	0.01428	0.02064	0.01876	0.09032	0.09149	0.01399	0.01844	0.01002	0.01165	0.00795	0.00545	0.00496	0.00160	0.00753	0.00419	0.00291	0.00827
50	0.00751	0.00564	0.00696	0.00741	0.00850	0.00509	0.00526	0.00920	0.01354	0.01797	0.26055	0.37024	0.22931	0.01563	0.00723	0.00213	0.00312	0.01381	0.00580	0.00509
51	0.00742	0.00548	0.00697	0.00797	0.00875	0.00504	0.00561	0.00878	0.01226	0.01607	0.09007	0.55282	0.16667	0.01727	0.00745	0.00231	0.00345	0.06512	0.00556	0.00494
52	0.01201	0.10193	0.01186	0.00966	0.01132	0.05966	0.00737	0.01344	0.01252	0.10799	0.02591	0.47425	0.02866	0.01424	0.00725	0.00216	0.03481	0.05385	0.00509	0.00603
53	0.00929	0.00668	0.00785	0.00753	0.00931	0.00613	0.00563	0.05370	0.01528	0.05227	0.29666	0.16932	0.31084	0.01374	0.00697	0.00199	0.00329	0.01185	0.00596	0.00569
54	0.01580	0.01325	0.01399	0.01226	0.01579	0.01522	0.00962	0.13022	0.64402	0.02650	0.02268	0.02096	0.01693	0.00789	0.00600	0.00197	0.00494	0.00649	0.00600	0.00946
55	0.00864	0.00768	0.05831	0.00862	0.00968	0.00659	0.00645	0.01083	0.05683	0.01471	0.02465	0.35305	0.02785	0.28689	0.06183	0.00394	0.00550	0.03845	0.00452	0.00499
56	0.02031	0.02435	0.01671	0.10582	0.02076	0.58317	0.01187	0.06527	0.06593	0.01659	0.01061	0.01225	0.00850	0.00626	0.00548	0.00162	0.00968	0.00427	0.00337	0.00718
57	0.01294	0.01294	0.01811	0.01553	0.01553	0.01811	0.01294	0.01423	0.00906	0.01423	0.00776	0.01294	0.00776	0.01035	0.01941	0.00259	0.78134	0.00518	0.00259	0.00647
58	0.00822	0.00604	0.00768	0.00848	0.00936	0.00585	0.00614	0.01057	0.05370	0.01686	0.11902	0.43622	0.08650	0.07556	0.00917	0.00259	0.00388	0.12350	0.00549	0.00517
59	0.01593	0.65760	0.05593	0.01016	0.01498	0.02080	0.01002	0.01792	0.01215	0.06677	0.01009	0.01233	0.00902	0.05834	0.00579	0.00163	0.00628	0.00377	0.00294	0.00754
60	0.07972	0.05995	0.09384	0.01153	0.01639	0.01232	0.01040	0.11498	0.10046	0.41055	0.01897	0.01743	0.01270	0.00693	0.00563	0.00181	0.00561	0.00543	0.00594	0.00944
61	0.00765	0.00595	0.00678	0.00695	0.00854	0.00524	0.00525	0.00916	0.01342	0.01681	0.15075	0.11331	0.47970	0.01534	0.00817	0.05434	0.00337	0.07887	0.00545	0.00495
62	0.01382	0.01459	0.09399	0.30293	0.22411	0.06634	0.01568	0.05176	0.01374	0.04614	0.01343	0.04810	0.01145	0.00698	0.00603	0.00192	0.00744	0.05048	0.00335	0.00772
63	0.11462	0.21067	0.10250	0.05244	0.09735	0.04640	0.10865	0.04479	0.01325	0.04576	0.01450	0.06086	0.05085	0.00677	0.00535	0.00174	0.00680	0.00567	0.00344	0.00761
64	0.00930	0.00669	0.00856	0.00875	0.00943	0.00715	0.00635	0.03759	0.01100	0.01510	0.02240	0.19850	0.02474	0.28802	0.12928	0.00461	0.05252	0.11953	0.03560	0.00488
65	0.00947	0.00711	0.00903	0.04519	0.01122	0.00712	0.00663	0.01279	0.06104	0.04866	0.40942	0.04062	0.19835	0.01421	0.06130	0.00247	0.03386	0.00987	0.00571	0.00592
66	0.01494	0.06172	0.13144	0.13602	0.09904	0.01388	0.03733	0.16153	0.04756	0.04204	0.01305	0.01641	0.01033	0.00683	0.01598	0.00182	0.01565	0.03323	0.00384	0.13738
67	0.09227	0.33202	0.14451	0.01265	0.01771	0.11554	0.04340	0.09646	0.01432	0.01880	0.01151	0.01282	0.03624	0.00604	0.00511	0.00159	0.02381	0.00425	0.00320	0.00774

[dist]
# distance from previous block
# <min> <max>
1	2

[block]
# block no. 3 follows, 39 sequences, length 15
# corresponding to MSA columns:
# 207-215,217-222
name=unknown_D
#
# <colnr> <probs for GDERKNQSTAVLIFYWHMCP>
#	G	D	E	R	K	N	Q	S	T	A	V	L	I	F	Y	W	H	M	C	P
0	0.03163	0.06245	0.13996	0.03760	0.11047	0.09337	0.04291	0.11689	0.06170	0.08312	0.02573	0.02856	0.01159	0.00903	0.05721	0.00226	0.00757	0.00534	0.04110	0.03154
1	0.01014	0.00740	0.00888	0.04049	0.01123	0.00741	0.00652	0.01360	0.10419	0.07409	0.10161	0.21022	0.26921	0.06608	0.00893	0.00234	0.03501	0.01122	0.00542	0.00597
2	0.01164	0.00929	0.01328	0.04176	0.05048	0.00972	0.07333	0.07185	0.07785	0.04076	0.09882	0.22269	0.06383	0.01197	0.00764	0.00215	0.05352	0.09506	0.03773	0.00664
3	0.04675	0.07036	0.12065	0.05243	0.10915	0.12560	0.13366	0.07875	0.01462	0.04839	0.01358	0.07214	0.01189	0.00729	0.00650	0.00188	0.03936	0.03562	0.00359	0.00779
4	0.01250	0.01197	0.02227	0.05034	0.13380	0.01170	0.31288	0.04808	0.01377	0.01904	0.01833	0.11553	0.04490	0.00963	0.03572	0.00229	0.00757	0.05579	0.06664	0.00726
5	0.00821	0.00636	0.00752	0.00728	0.00892	0.00587	0.00543	0.01127	0.05778	0.02066	0.43461	0.09363	0.28425	0.01321	0.00696	0.00195	0.00301	0.01144	0.00608	0.00556
6	0.05262	0.35171	0.14501	0.01274	0.01768	0.12933	0.03955	0.05164	0.03717	0.04658	0.01058	0.01244	0.00873	0.02953	0.00598	0.00170	0.03196	0.00415	0.00316	0.00774
7	0.03243	0.04921	0.17352	0.06143	0.06032	0.11699	0.01214	0.01661	0.06195	0.01693	0.05345	0.08020	0.01651	0.10401	0.04554	0.00274	0.04714	0.03845	0.00361	0.00680
8	0.01244	0.00866	0.01023	0.00934	0.01164	0.00886	0.00722	0.06529	0.18633	0.09328	0.28539	0.08040	0.09034	0.04649	0.00774	0.00216	0.00406	0.05703	0.00609	0.00700
9	0.01135	0.01039	0.01642	0.01658	0.13248	0.01202	0.08866	0.01331	0.01035	0.01491	0.01321	0.03677	0.01308	0.17228	0.18326	0.00454	0.23453	0.00656	0.00307	0.00622
10	0.01636	0.07584	0.02015	0.27528	0.05559	0.11880	0.08945	0.13741	0.01586	0.06976	0.03410	0.01534	0.01026	0.00638	0.00628	0.00182	0.03459	0.00530	0.00371	0.00773
11	0.03716	0.00974	0.01589	0.05729	0.05880	0.01006	0.16038	0.01512	0.07115	0.01848	0.05183	0.17697	0.02273	0.01224	0.03640	0.00246	0.03696	0.14411	0.05570	0.00652
12	0.00762	0.00539	0.00665	0.00752	0.00818	0.00500	0.00507	0.00881	0.01168	0.01572	0.06611	0.52543	0.13895	0.09242	0.00941	0.00258	0.00352	0.01435	0.06079	0.00479
13	0.00923	0.00730	0.00844	0.00800	0.00981	0.00717	0.00607	0.06812	0.04749	0.01994	0.23932	0.13345	0.32771	0.01467	0.03750	0.00231	0.03085	0.01119	0.00564	0.00579
14	0.01413	0.19073	0.34728	0.01583	0.06632	0.04982	0.03982	0.06118	0.07467	0.01906	0.01273	0.01629	0.01037	0.00643	0.00548	0.00178	0.00756	0.04892	0.00325	0.00834

[dist]
# distance from previous block
# <min> <max>
4	16

[block]
# block no. 4 follows, 39 sequences, length 45
# corresponding to MSA columns:
# 240-244,248-255,258-281,286-293
name=unknown_E
#
# <colnr> <probs for GDERKNQSTAVLIFYWHMCP>
#	G	D	E	R	K	N	Q	S	T	A	V	L	I	F	Y	W	H	M	C	P
0	0.00834	0.00619	0.00799	0.00885	0.00959	0.00629	0.00646	0.01036	0.04082	0.01622	0.03168	0.52689	0.08167	0.01644	0.00803	0.00235	0.04921	0.10484	0.05255	0.00522
1	0.07486	0.04637	0.01612	0.01221	0.01647	0.01550	0.02912	0.38034	0.14962	0.02927	0.01496	0.01552	0.01128	0.00888	0.05018	0.00215	0.00640	0.00523	0.01430	0.10121
2	0.01666	0.14096	0.02620	0.01300	0.05832	0.02086	0.03969	0.08695	0.05842	0.17509	0.01630	0.06778	0.01392	0.07550	0.00921	0.00215	0.09058	0.01934	0.00453	0.06454
3	0.29096	0.17423	0.14127	0.01049	0.01496	0.05817	0.01013	0.01837	0.01186	0.10873	0.01110	0.01324	0.00882	0.04093	0.00688	0.05890	0.00613	0.00413	0.00356	0.00712
4	0.05418	0.07745	0.55135	0.01605	0.02370	0.01421	0.07275	0.03691	0.01313	0.07039	0.01140	0.01298	0.00811	0.00568	0.00553	0.00183	0.00816	0.00456	0.00301	0.00861
5	0.00883	0.00677	0.01007	0.00927	0.01045	0.00656	0.08296	0.01010	0.01110	0.01498	0.08768	0.20207	0.09974	0.23750	0.09826	0.06095	0.00615	0.01028	0.02149	0.00480
6	0.01270	0.01474	0.11810	0.01803	0.07168	0.05488	0.27978	0.01545	0.01226	0.01631	0.01450	0.02081	0.04309	0.01018	0.01080	0.19808	0.02404	0.05501	0.00309	0.00649
7	0.05339	0.04414	0.01430	0.01273	0.04461	0.08875	0.07120	0.05850	0.11249	0.01908	0.02097	0.27148	0.03411	0.01083	0.00714	0.00202	0.05939	0.00923	0.05887	0.00676
8	0.00899	0.00623	0.00716	0.00708	0.00892	0.00541	0.00529	0.01069	0.01387	0.08247	0.14788	0.17645	0.45428	0.01453	0.00702	0.00205	0.00327	0.02712	0.00579	0.00550
9	0.01082	0.00996	0.01634	0.59187	0.03375	0.01249	0.01462	0.01426	0.01123	0.01481	0.01124	0.01686	0.00907	0.01288	0.13901	0.00332	0.06298	0.00544	0.00272	0.00634
10	0.01499	0.06172	0.02453	0.01817	0.02194	0.13144	0.31641	0.06747	0.01386	0.01777	0.01135	0.01518	0.00938	0.01161	0.11411	0.00300	0.13086	0.00578	0.00314	0.00732
11	0.01524	0.14841	0.04890	0.01167	0.01553	0.01513	0.03830	0.10300	0.35682	0.03576	0.01860	0.01888	0.01429	0.00712	0.00541	0.00177	0.00530	0.01445	0.11695	0.00849
12	0.00949	0.00779	0.00755	0.00817	0.00922	0.08669	0.00574	0.01096	0.01239	0.01645	0.03121	0.46395	0.12599	0.01454	0.00660	0.00206	0.00402	0.01272	0.15928	0.00518
13	0.00815	0.00627	0.00882	0.01127	0.08871	0.00594	0.00706	0.00959	0.01185	0.01579	0.03202	0.60695	0.08284	0.01672	0.00737	0.00233	0.00393	0.06381	0.00521	0.00535
14	0.01706	0.01436	0.02265	0.01323	0.07821	0.17623	0.00949	0.09099	0.10154	0.15558	0.02641	0.08472	0.16562	0.00936	0.00614	0.00185	0.00605	0.00761	0.00514	0.00775
15	0.01020	0.00945	0.11664	0.00864	0.01027	0.00705	0.00715	0.01118	0.00966	0.04528	0.01625	0.04369	0.01665	0.38810	0.09353	0.15022	0.00683	0.00709	0.03743	0.00470
16	0.00760	0.00537	0.00669	0.00758	0.00792	0.00509	0.00487	0.00836	0.01065	0.01408	0.03008	0.52488	0.07571	0.24601	0.01415	0.00336	0.00408	0.01414	0.00493	0.00446
17	0.01419	0.01803	0.15567	0.02373	0.07964	0.01442	0.53286	0.01928	0.01380	0.05086	0.01217	0.01546	0.00900	0.00521	0.00663	0.00195	0.00935	0.00638	0.00309	0.00829
18	0.01587	0.45689	0.07510	0.01056	0.01547	0.01805	0.01020	0.09056	0.01387	0.06056	0.01101	0.01233	0.00907	0.00722	0.03879	0.00173	0.00647	0.00392	0.04392	0.09841
19	0.00961	0.00762	0.02887	0.00905	0.01029	0.00752	0.00708	0.03987	0.02997	0.01658	0.03713	0.15991	0.09528	0.18610	0.07855	0.00365	0.05115	0.15521	0.06123	0.00531
20	0.01637	0.01765	0.01809	0.01781	0.11786	0.25160	0.02742	0.05026	0.01321	0.01660	0.00971	0.01311	0.00850	0.00786	0.01138	0.00202	0.33751	0.00482	0.05108	0.00712
21	0.00983	0.00848	0.00920	0.00921	0.03973	0.04048	0.00660	0.01458	0.14357	0.02051	0.31115	0.04227	0.29806	0.01189	0.00670	0.00192	0.00371	0.01012	0.00576	0.00624
22	0.01222	0.01159	0.01965	0.55196	0.25846	0.01342	0.01695	0.01604	0.01232	0.01639	0.01070	0.01542	0.00834	0.00572	0.00589	0.00191	0.00762	0.00526	0.00272	0.00742
23	0.00807	0.00603	0.00749	0.00713	0.00865	0.00545	0.00535	0.01058	0.01604	0.02204	0.60278	0.04692	0.20622	0.01271	0.00698	0.00189	0.00283	0.01108	0.00629	0.00545
24	0.02194	0.01630	0.01745	0.01350	0.01813	0.01809	0.01111	0.68695	0.07728	0.03641	0.01488	0.01474	0.01061	0.00716	0.00592	0.00179	0.00638	0.00542	0.00592	0.01001
25	0.00819	0.00648	0.00748	0.00782	0.00940	0.00607	0.00593	0.01109	0.07208	0.01741	0.11079	0.20820	0.36029	0.02662	0.00755	0.00223	0.00361	0.11775	0.00559	0.00541
26	0.00788	0.00546	0.00679	0.00749	0.00771	0.00533	0.00472	0.00850	0.01002	0.01341	0.02562	0.41948	0.03017	0.36597	0.05074	0.00420	0.00500	0.01268	0.00454	0.00428
27	0.00732	0.00541	0.00688	0.00801	0.00872	0.00497	0.00558	0.00855	0.01185	0.01542	0.03733	0.61144	0.16474	0.01776	0.00749	0.00235	0.00349	0.06231	0.00549	0.00488
28	0.07015	0.01269	0.02017	0.25668	0.42621	0.01378	0.01609	0.01828	0.07356	0.01900	0.01182	0.01525	0.00944	0.00571	0.00573	0.00185	0.00692	0.00524	0.00314	0.00832
29	0.04717	0.24240	0.06299	0.12508	0.01699	0.02778	0.00982	0.01434	0.04086	0.01584	0.01885	0.31441	0.02027	0.01062	0.00580	0.00191	0.00552	0.00902	0.00389	0.00643
30	0.43319	0.01369	0.06707	0.05503	0.24627	0.01376	0.02608	0.01751	0.01141	0.02256	0.00946	0.01193	0.00758	0.00563	0.00528	0.00185	0.03674	0.00418	0.00325	0.00753
31	0.00855	0.00623	0.00784	0.00802	0.00912	0.00602	0.00581	0.03973	0.01365	0.01848	0.25725	0.27386	0.11382	0.10005	0.06010	0.00301	0.00450	0.05329	0.00547	0.00522
32	0.01396	0.01595	0.03490	0.02493	0.03091	0.01496	0.73380	0.01894	0.01396	0.01894	0.01196	0.01595	0.00897	0.00499	0.00698	0.00199	0.00997	0.00698	0.00299	0.00798
33	0.02089	0.02198	0.01638	0.01492	0.04675	0.44844	0.01108	0.16569	0.08275	0.06306	0.01329	0.04395	0.01075	0.00700	0.00565	0.00168	0.00855	0.00506	0.00422	0.00792
34	0.01512	0.08327	0.12619	0.01339	0.01827	0.03673	0.08970	0.18301	0.01605	0.03587	0.01379	0.09609	0.01208	0.00718	0.00617	0.00166	0.03856	0.00595	0.00401	0.19691
35	0.01908	0.35941	0.02247	0.01243	0.01648	0.33220	0.01051	0.02203	0.07252	0.06646	0.01091	0.01171	0.00892	0.00588	0.00476	0.00147	0.00791	0.00390	0.00335	0.00760
36	0.71732	0.01151	0.00938	0.00832	0.01199	0.01322	0.00680	0.01928	0.08501	0.05662	0.01047	0.01131	0.00793	0.00582	0.00399	0.00185	0.00460	0.00367	0.00405	0.00686
37	0.01365	0.01329	0.06682	0.27849	0.11026	0.01380	0.04372	0.12218	0.12443	0.02087	0.04297	0.01770	0.01229	0.00930	0.05906	0.00245	0.03120	0.00578	0.00384	0.00789
38	0.00844	0.00573	0.00644	0.00649	0.00664	0.00565	0.00372	0.00858	0.00904	0.01192	0.02194	0.07095	0.07066	0.70866	0.02764	0.00535	0.00546	0.00920	0.00379	0.00373
39	0.01261	0.01149	0.01083	0.00990	0.01174	0.15080	0.00748	0.05524	0.03359	0.04349	0.32567	0.08519	0.09623	0.05595	0.00878	0.00212	0.05857	0.00893	0.00524	0.00615
40	0.00957	0.00791	0.01179	0.09448	0.06609	0.00790	0.05626	0.04379	0.01345	0.01783	0.10109	0.33746	0.12297	0.01356	0.00707	0.00218	0.00478	0.07099	0.00495	0.00591
41	0.01351	0.10995	0.01644	0.01179	0.04712	0.01103	0.07104	0.03799	0.06422	0.07010	0.04741	0.09583	0.04828	0.00733	0.00541	0.00148	0.00513	0.00634	0.00424	0.32538
42	0.01234	0.01154	0.01157	0.01098	0.04473	0.11165	0.00800	0.01724	0.15078	0.01947	0.15129	0.05753	0.12351	0.01086	0.04083	0.00208	0.03619	0.00753	0.03874	0.13313
43	0.11826	0.14045	0.05707	0.01436	0.03624	0.06883	0.11398	0.19224	0.08558	0.02317	0.01245	0.01469	0.00996	0.04460	0.00719	0.00197	0.04183	0.00508	0.00398	0.00807
44	0.39076	0.01349	0.06579	0.11070	0.08201	0.04524	0.05209	0.03022	0.01251	0.07716	0.05967	0.01458	0.01107	0.00613	0.00496	0.00184	0.00602	0.00470	0.00382	0.00723

[dist]
# distance from previous block
# <min> <max>
1	44

[block]
# block no. 5 follows, 39 sequences, length 25
# corresponding to MSA columns:
# 348-372
name=unknown_F
#
# <colnr> <probs for GDERKNQSTAVLIFYWHMCP>
#	G	D	E	R	K	N	Q	S	T	A	V	L	I	F	Y	W	H	M	C	P
0	0.11659	0.03684	0.01078	0.00988	0.03388	0.09154	0.00721	0.02771	0.04098	0.03675	0.03289	0.03911	0.07703	0.14976	0.14763	0.00384	0.03621	0.00657	0.08888	0.00592
1	0.59490	0.01382	0.05064	0.01324	0.12791	0.04924	0.00944	0.04573	0.01172	0.02486	0.00908	0.01076	0.00712	0.00555	0.00427	0.00180	0.00553	0.00369	0.00354	0.00715
2	0.04757	0.35533	0.13433	0.04451	0.08174	0.07208	0.06468	0.01898	0.05670	0.01696	0.01032	0.01207	0.00848	0.00542	0.00482	0.00154	0.00711	0.00415	0.00294	0.05025
3	0.01175	0.01047	0.01613	0.52818	0.03147	0.01286	0.01385	0.06610	0.01269	0.01680	0.05589	0.01923	0.01219	0.08040	0.00959	0.00236	0.08449	0.00589	0.00318	0.00647
4	0.14589	0.00934	0.01191	0.07587	0.06805	0.00978	0.03700	0.09197	0.01534	0.02339	0.29124	0.07371	0.05608	0.01843	0.00631	0.00191	0.00459	0.00804	0.04459	0.00656
5	0.01162	0.01145	0.08073	0.01061	0.01364	0.01047	0.00910	0.06224	0.28814	0.02092	0.03232	0.12287	0.18908	0.01160	0.00665	0.00211	0.00474	0.09896	0.00543	0.00732
6	0.01339	0.01272	0.01502	0.06719	0.15950	0.11107	0.03921	0.05119	0.14353	0.01907	0.07253	0.14322	0.04072	0.07525	0.00829	0.00225	0.00614	0.00810	0.00441	0.00722
7	0.00779	0.00570	0.00740	0.00814	0.00898	0.00517	0.00556	0.00908	0.01181	0.01612	0.09757	0.62586	0.03747	0.04493	0.00805	0.00234	0.00353	0.01482	0.00535	0.07432
8	0.76544	0.01285	0.00937	0.00841	0.01201	0.07698	0.00683	0.01791	0.01063	0.02552	0.00831	0.00970	0.00651	0.00554	0.00380	0.00180	0.00509	0.00325	0.00361	0.00644
9	0.01380	0.04946	0.05003	0.05422	0.14370	0.01325	0.01121	0.07368	0.31091	0.02259	0.08082	0.05863	0.01887	0.00809	0.00596	0.00189	0.00534	0.02197	0.04724	0.00834
10	0.02209	0.02819	0.01676	0.01524	0.01828	0.76843	0.01143	0.02361	0.01676	0.01447	0.00914	0.01066	0.00762	0.00609	0.00533	0.00152	0.01066	0.00381	0.00305	0.00686
11	0.00850	0.00637	0.00814	0.00896	0.01042	0.00601	0.00740	0.01073	0.01364	0.01748	0.09965	0.12288	0.24502	0.01577	0.00767	0.00241	0.00434	0.39379	0.00555	0.00527
12	0.00846	0.00629	0.00928	0.00928	0.01026	0.00727	0.00712	0.01042	0.00944	0.01357	0.01604	0.02435	0.01527	0.09825	0.71549	0.00923	0.01511	0.00650	0.00320	0.00516
13	0.08540	0.04137	0.05228	0.01169	0.01506	0.12681	0.00967	0.22404	0.07576	0.04209	0.08690	0.13790	0.01967	0.00934	0.00600	0.00189	0.00603	0.03545	0.00502	0.00764
14	0.01438	0.07024	0.05342	0.05255	0.14841	0.10344	0.01131	0.06108	0.07159	0.04786	0.13931	0.02279	0.03072	0.00912	0.03620	0.00204	0.00653	0.03998	0.00428	0.07476
15	0.01708	0.08718	0.09852	0.01338	0.01763	0.05569	0.05479	0.22397	0.10748	0.07645	0.01497	0.03738	0.01172	0.00899	0.04345	0.00219	0.06286	0.00559	0.03466	0.02603
16	0.04361	0.05349	0.06336	0.16903	0.14895	0.03126	0.07930	0.06602	0.03824	0.03812	0.04681	0.01773	0.01229	0.03541	0.09644	0.00285	0.02472	0.00567	0.00350	0.02325
17	0.08489	0.05591	0.10594	0.07729	0.01970	0.09863	0.09089	0.02616	0.01360	0.08421	0.05483	0.01502	0.01145	0.00579	0.00527	0.00154	0.00664	0.00479	0.00370	0.23377
18	0.05250	0.06100	0.12460	0.01219	0.03385	0.06520	0.07088	0.04373	0.01469	0.06505	0.19469	0.06895	0.09208	0.00879	0.00602	0.00178	0.00570	0.00750	0.00456	0.06624
19	0.01444	0.09294	0.21042	0.09787	0.09343	0.01309	0.01390	0.03904	0.05106	0.10622	0.03617	0.01571	0.01123	0.00801	0.04272	0.00208	0.03329	0.00498	0.00369	0.10970
20	0.05559	0.01247	0.06824	0.01295	0.03678	0.01179	0.08688	0.08226	0.23307	0.04051	0.08337	0.07021	0.07185	0.01039	0.03461	0.02210	0.00584	0.02259	0.00495	0.03352
21	0.01515	0.02503	0.01635	0.12414	0.10450	0.05348	0.02145	0.13883	0.08039	0.06469	0.01569	0.07721	0.01402	0.06500	0.00993	0.00230	0.12754	0.03253	0.00421	0.00759
22	0.02954	0.01163	0.01562	0.10453	0.04379	0.03044	0.09572	0.16027	0.08573	0.04125	0.06251	0.06791	0.12196	0.00948	0.00647	0.00198	0.00595	0.07534	0.00486	0.02502
23	0.03776	0.01316	0.04546	0.11141	0.05431	0.01321	0.04577	0.26110	0.07120	0.09170	0.07069	0.02177	0.08914	0.00779	0.00603	0.00183	0.00595	0.00649	0.00506	0.04020
24	0.17476	0.11051	0.08348	0.03331	0.04778	0.01453	0.10847	0.12463	0.06054	0.03043	0.04467	0.04145	0.05650	0.00711	0.00572	0.00182	0.02102	0.00584	0.00405	0.02337

[dist]
# distance from previous block
# <min> <max>
1	26

[block]
# block no. 6 follows, 39 sequences, length 18
# corresponding to MSA columns:
# 404-421
name=unknown_G
#
# <colnr> <probs for GDERKNQSTAVLIFYWHMCP>
#	G	D	E	R	K	N	Q	S	T	A	V	L	I	F	Y	W	H	M	C	P
0	0.06421	0.01301	0.08245	0.02945	0.07958	0.05364	0.04086	0.09106	0.12052	0.02073	0.03740	0.20876	0.02099	0.01160	0.03029	0.00230	0.00614	0.07513	0.00464	0.00724
1	0.07766	0.01251	0.01396	0.07760	0.01742	0.08074	0.00968	0.08114	0.09557	0.35406	0.01894	0.02008	0.01361	0.00736	0.00577	0.00183	0.00583	0.04562	0.00569	0.05490
2	0.01580	0.08414	0.02084	0.13108	0.28269	0.01302	0.07592	0.01921	0.02587	0.16130	0.04483	0.01746	0.01245	0.00877	0.05898	0.00232	0.00735	0.00568	0.00392	0.00837
3	0.05477	0.04280	0.21096	0.08242	0.06499	0.05619	0.10246	0.07849	0.08228	0.14581	0.01421	0.01530	0.01016	0.00618	0.00578	0.00185	0.00738	0.00525	0.00409	0.00863
4	0.06015	0.02454	0.48736	0.01545	0.02171	0.06330	0.04369	0.01801	0.01224	0.01860	0.01075	0.01314	0.00814	0.00633	0.00718	0.00190	0.10699	0.00455	0.06806	0.00791
5	0.00756	0.00547	0.00720	0.00822	0.00890	0.00510	0.00580	0.00902	0.01243	0.01662	0.13861	0.57616	0.08156	0.01720	0.00749	0.00233	0.00349	0.07622	0.00563	0.00498
6	0.08704	0.16749	0.10404	0.01370	0.01799	0.40845	0.01194	0.09137	0.01593	0.01809	0.00956	0.01092	0.00774	0.00590	0.00500	0.00157	0.00873	0.00385	0.00322	0.00748
7	0.00913	0.00699	0.00985	0.00960	0.01102	0.00667	0.06375	0.01164	0.05317	0.01668	0.02648	0.44443	0.02945	0.08625	0.00904	0.00249	0.00438	0.06346	0.07603	0.05948
8	0.00789	0.00597	0.00844	0.01082	0.07745	0.00566	0.00666	0.00915	0.01152	0.01549	0.03061	0.71694	0.03637	0.01730	0.00739	0.00234	0.00376	0.01575	0.00525	0.00522
9	0.05481	0.01242	0.08444	0.01257	0.01720	0.01012	0.10610	0.04893	0.01561	0.42477	0.01975	0.02102	0.01386	0.00723	0.00591	0.00186	0.00587	0.04568	0.08302	0.00882
10	0.01343	0.10155	0.07107	0.18778	0.07902	0.07979	0.16875	0.01691	0.01301	0.01681	0.04280	0.01998	0.01253	0.00719	0.00732	0.00196	0.07880	0.07094	0.00316	0.00720
11	0.01075	0.07764	0.01380	0.01147	0.01339	0.07879	0.09389	0.01341	0.05472	0.01616	0.02526	0.45528	0.02826	0.01382	0.00691	0.00218	0.00536	0.06825	0.00474	0.00593
12	0.00775	0.00572	0.00732	0.00813	0.00911	0.00529	0.00598	0.00944	0.01303	0.01721	0.16607	0.41428	0.16392	0.01641	0.00745	0.00229	0.00356	0.12631	0.00567	0.00508
13	0.55956	0.01278	0.00976	0.00898	0.01218	0.10442	0.00708	0.01805	0.06958	0.02344	0.01412	0.08041	0.04506	0.00734	0.00454	0.00186	0.00515	0.00516	0.00402	0.00649
14	0.25206	0.01184	0.01319	0.02244	0.09845	0.01262	0.00917	0.15473	0.09770	0.06816	0.07334	0.06732	0.01551	0.00746	0.00534	0.00180	0.00507	0.00593	0.00480	0.07305
15	0.09109	0.04095	0.10224	0.05604	0.04247	0.01205	0.01043	0.12234	0.12314	0.02228	0.04120	0.08315	0.03353	0.04498	0.00691	0.00205	0.00556	0.05923	0.03893	0.06145
16	0.08999	0.06748	0.18158	0.01558	0.09933	0.01259	0.09331	0.01884	0.11153	0.04782	0.13109	0.04717	0.01846	0.00737	0.00579	0.00185	0.00614	0.00642	0.02986	0.00782
17	0.03037	0.08078	0.01694	0.01358	0.05066	0.09683	0.09187	0.05990	0.10352	0.11082	0.04907	0.04485	0.07563	0.00867	0.00612	0.00186	0.00619	0.09342	0.00476	0.05416

[dist]
# distance from previous block
# <min> <max>
8	32

[block]
# block no. 7 follows, 39 sequences, length 7
# corresponding to MSA columns:
# 460-466
name=unknown_H
#
# <colnr> <probs for GDERKNQSTAVLIFYWHMCP>
#	G	D	E	R	K	N	Q	S	T	A	V	L	I	F	Y	W	H	M	C	P
0	0.00829	0.00560	0.00654	0.00685	0.00693	0.00552	0.00401	0.00852	0.00921	0.01228	0.02177	0.20688	0.02545	0.61860	0.02504	0.00499	0.00522	0.01044	0.00401	0.00386
1	0.13129	0.17411	0.06245	0.01235	0.03616	0.09775	0.01044	0.18200	0.10297	0.08075	0.01339	0.01457	0.01041	0.03963	0.00613	0.00186	0.00644	0.00472	0.00434	0.00825
