[name]
unknown

[dist]
# distance from previous block
# <min> <max>
0	54

[block]
# block no. 0 follows, 49 sequences, length 9
# corresponding to MSA columns:
# 63-71
name=unknown_A
#
# <colnr> <probs for GDERKNQSTAVLIFYWHMCP>
#	G	D	E	R	K	N	Q	S	T	A	V	L	I	F	Y	W	H	M	C	P
0	0.00773	0.00542	0.00633	0.00617	0.00678	0.00516	0.00395	0.00824	0.00821	0.01118	0.01670	0.06276	0.01883	0.62185	0.02074	0.00408	0.00468	0.08166	0.00328	0.09623
1	0.00902	0.00798	0.00913	0.12730	0.01244	0.09384	0.00681	0.01032	0.00881	0.01129	0.01289	0.02229	0.01300	0.31508	0.28759	0.00505	0.03436	0.00572	0.00274	0.00433
2	0.68189	0.00916	0.00779	0.00685	0.00985	0.01024	0.00559	0.01525	0.00981	0.09915	0.09374	0.01234	0.01080	0.00547	0.00363	0.00157	0.00378	0.00367	0.00371	0.00571
3	0.00740	0.00512	0.00654	0.00619	0.00738	0.00477	0.00464	0.00978	0.01392	0.02013	0.70585	0.03576	0.04401	0.00986	0.00571	0.00155	0.00238	0.00867	0.09559	0.00477
4	0.00722	0.00542	0.00813	0.00813	0.00903	0.00632	0.00632	0.00903	0.00813	0.01174	0.01354	0.01987	0.01264	0.03792	0.80225	0.00813	0.01354	0.00542	0.00271	0.00451
5	0.00635	0.00468	0.00599	0.00697	0.00760	0.00432	0.00493	0.00746	0.01020	0.01328	0.03163	0.60703	0.15849	0.01513	0.00643	0.00203	0.00306	0.09553	0.00469	0.00419
6	0.00616	0.00440	0.00587	0.00704	0.00733	0.00411	0.00469	0.00704	0.00968	0.01291	0.02787	0.81899	0.03344	0.01584	0.00645	0.00205	0.00293	0.01438	0.00469	0.00411
7	0.00791	0.00582	0.00819	0.08712	0.01090	0.00644	0.00634	0.02942	0.01012	0.01451	0.16311	0.04930	0.01984	0.08424	0.39786	0.00504	0.00858	0.00640	0.07418	0.00467
8	0.01289	0.00918	0.00836	0.00734	0.00938	0.09549	0.00572	0.20061	0.01426	0.02135	0.01446	0.01612	0.01117	0.00586	0.00402	0.00128	0.00389	0.00451	0.54829	0.00580

[dist]
# distance from previous block
# <min> <max>
0	3

[block]
# block no. 1 follows, 49 sequences, length 38
# corresponding to MSA columns:
# 75-90,101-122
name=unknown_B
#
# <colnr> <probs for GDERKNQSTAVLIFYWHMCP>
#	G	D	E	R	K	N	Q	S	T	A	V	L	I	F	Y	W	H	M	C	P
0	0.01023	0.03177	0.07772	0.01021	0.06011	0.00851	0.02199	0.01564	0.21619	0.06979	0.08833	0.18035	0.13458	0.00944	0.00554	0.00172	0.00403	0.02836	0.00450	0.02100
1	0.01737	0.04373	0.04784	0.08196	0.01741	0.65437	0.01043	0.01946	0.03778	0.01284	0.00835	0.00984	0.00681	0.00521	0.00460	0.00136	0.00858	0.00345	0.00262	0.00599
2	0.04967	0.00993	0.05214	0.00878	0.04534	0.00738	0.00700	0.01302	0.01058	0.01687	0.03478	0.01138	0.00870	0.00410	0.00390	0.00089	0.00400	0.00329	0.00302	0.70524
3	0.01169	0.01224	0.06546	0.17448	0.52053	0.01166	0.06150	0.01497	0.01118	0.01579	0.00941	0.01256	0.00763	0.00458	0.00500	0.00152	0.00628	0.00448	0.00246	0.04657
4	0.04252	0.00597	0.00824	0.00796	0.00889	0.00684	0.00606	0.00988	0.00829	0.04810	0.01360	0.02099	0.01297	0.16421	0.56046	0.00670	0.05530	0.00556	0.00292	0.00456
5	0.01159	0.01090	0.03261	0.22152	0.46821	0.01109	0.04222	0.01465	0.01128	0.04110	0.02550	0.02993	0.02278	0.00544	0.00517	0.00160	0.00603	0.02853	0.00276	0.00708
6	0.79108	0.01022	0.00780	0.00690	0.01007	0.03723	0.00564	0.01494	0.00888	0.02206	0.00716	0.00835	0.00560	0.00467	0.00321	0.00152	0.00408	0.00277	0.00311	0.04472
7	0.04987	0.03527	0.01560	0.56926	0.07905	0.01190	0.02862	0.06944	0.01104	0.01498	0.00920	0.01304	0.00711	0.00625	0.03162	0.00187	0.03294	0.00442	0.00253	0.00600
8	0.00997	0.00798	0.00873	0.00804	0.01013	0.00863	0.00617	0.01821	0.39955	0.01983	0.24363	0.02768	0.11258	0.00844	0.00532	0.00163	0.00322	0.00717	0.08677	0.00633
9	0.00722	0.00542	0.00813	0.00813	0.00903	0.00632	0.00632	0.00903	0.00813	0.01174	0.01354	0.01987	0.01264	0.03792	0.80225	0.00813	0.01354	0.00542	0.00271	0.00451
10	0.00627	0.00513	0.00553	0.00543	0.00701	0.00439	0.00407	0.00783	0.01222	0.01532	0.23594	0.04593	0.60294	0.01219	0.00597	0.00168	0.00252	0.01029	0.00491	0.00439
11	0.85801	0.00978	0.00743	0.00665	0.00978	0.01134	0.00548	0.01486	0.00861	0.02269	0.00704	0.00821	0.00548	0.00469	0.00313	0.00156	0.00391	0.00274	0.00313	0.00548
12	0.00751	0.00533	0.00687	0.00726	0.03619	0.00560	0.00451	0.00817	0.00774	0.01064	0.01497	0.02833	0.01626	0.55528	0.25876	0.00574	0.00755	0.00666	0.00294	0.00369
13	0.01258	0.01086	0.01143	0.01029	0.01315	0.01258	0.00800	0.02687	0.78161	0.02115	0.02058	0.01887	0.01544	0.00686	0.00515	0.00172	0.00400	0.00572	0.00515	0.00800
14	0.00743	0.00550	0.00719	0.03037	0.00858	0.00526	0.00517	0.01030	0.04313	0.02009	0.73600	0.03634	0.04528	0.01005	0.00591	0.00160	0.00258	0.00888	0.00545	0.00492
15	0.01581	0.43073	0.05207	0.01086	0.01454	0.37330	0.00956	0.01746	0.01212	0.01228	0.00747	0.00867	0.00650	0.00475	0.00390	0.00120	0.00717	0.00300	0.00236	0.00625
16	0.01054	0.00904	0.01051	0.00757	0.01202	0.00690	0.00605	0.01313	0.03206	0.01661	0.00931	0.01072	0.00771	0.00383	0.00378	0.00078	0.00375	0.00307	0.00306	0.82955
17	0.01472	0.01845	0.16070	0.10641	0.06693	0.33893	0.01158	0.03781	0.03421	0.06433	0.06637	0.01334	0.01046	0.00560	0.00483	0.00147	0.00712	0.00425	0.02602	0.00647
18	0.00955	0.00899	0.01517	0.81013	0.03483	0.01123	0.01404	0.01292	0.01011	0.01292	0.00899	0.01348	0.00674	0.00506	0.00506	0.00169	0.00674	0.00449	0.00225	0.00562
19	0.00955	0.00899	0.01517	0.81013	0.03483	0.01123	0.01404	0.01292	0.01011	0.01292	0.00899	0.01348	0.00674	0.00506	0.00506	0.00169	0.00674	0.00449	0.00225	0.00562
20	0.00629	0.00589	0.03731	0.00584	0.00757	0.00460	0.00463	0.00782	0.01156	0.01434	0.12147	0.13427	0.59556	0.01258	0.00598	0.00173	0.00278	0.01066	0.00468	0.00443
21	0.07402	0.02527	0.03168	0.18353	0.30766	0.03895	0.09127	0.03245	0.07898	0.01647	0.01135	0.01386	0.03121	0.00529	0.00541	0.00161	0.03654	0.00473	0.00284	0.00691
22	0.01211	0.01383	0.02923	0.02139	0.04689	0.03065	0.73459	0.01627	0.01198	0.01612	0.01016	0.01351	0.00766	0.00429	0.00591	0.00169	0.00847	0.00587	0.00256	0.00683
23	0.01106	0.01106	0.01549	0.01328	0.01328	0.01549	0.01106	0.01217	0.00774	0.01217	0.00664	0.01106	0.00664	0.00885	0.01659	0.00221	0.81303	0.00443	0.00221	0.00553
24	0.01889	0.02410	0.01433	0.01303	0.01563	0.80199	0.00977	0.02019	0.01433	0.01238	0.00782	0.00912	0.00651	0.00521	0.00456	0.00130	0.00912	0.00326	0.00261	0.00586
25	0.13754	0.00971	0.01403	0.22793	0.22018	0.01036	0.01092	0.01706	0.05631	0.19091	0.01281	0.04946	0.00988	0.00571	0.00483	0.00161	0.00526	0.00488	0.00362	0.00696
26	0.79530	0.01099	0.06576	0.00722	0.01067	0.01137	0.00645	0.01495	0.00876	0.02219	0.00719	0.00840	0.00555	0.00470	0.00325	0.00157	0.00418	0.00281	0.00306	0.00562
27	0.01062	0.00945	0.02797	0.23184	0.27554	0.00972	0.02314	0.02559	0.04880	0.04518	0.07589	0.06271	0.09623	0.00684	0.00526	0.00162	0.00519	0.00615	0.02583	0.00642
28	0.01167	0.11973	0.09221	0.10202	0.32581	0.01297	0.05372	0.02812	0.01079	0.01502	0.03329	0.01272	0.00869	0.00620	0.01876	0.02695	0.10758	0.00442	0.00250	0.00682
29	0.07657	0.00915	0.01251	0.10231	0.14521	0.00968	0.00897	0.09038	0.01192	0.20976	0.01336	0.01750	0.01093	0.15524	0.05589	0.00259	0.05264	0.00509	0.00380	0.00652
30	0.85801	0.00978	0.00743	0.00665	0.00978	0.01134	0.00548	0.01486	0.00861	0.02269	0.00704	0.00821	0.00548	0.00469	0.00313	0.00156	0.00391	0.00274	0.00313	0.00548
31	0.79623	0.00969	0.00775	0.00682	0.01001	0.01105	0.00562	0.01559	0.00904	0.07975	0.00800	0.00888	0.00600	0.00481	0.00327	0.00156	0.00394	0.00291	0.00336	0.00571
32	0.02147	0.00829	0.01130	0.00885	0.01250	0.00719	0.00723	0.02334	0.01412	0.73646	0.02054	0.07650	0.01406	0.00697	0.00519	0.00160	0.00420	0.00577	0.00614	0.00827
33	0.01007	0.00807	0.01234	0.15906	0.21555	0.03006	0.00955	0.01103	0.00915	0.01251	0.02303	0.01493	0.00926	0.01294	0.09142	0.30574	0.03021	0.00460	0.02563	0.00487
34	0.01070	0.00996	0.01632	0.47086	0.23206	0.01140	0.03432	0.01496	0.09168	0.01470	0.01038	0.01386	0.00809	0.00549	0.00556	0.02974	0.00623	0.00466	0.00263	0.00642
35	0.07510	0.01078	0.01114	0.01002	0.01290	0.01249	0.00782	0.02598	0.72444	0.02127	0.01958	0.01808	0.01470	0.00670	0.00500	0.00170	0.00400	0.00550	0.00500	0.00782
36	0.01841	0.06354	0.01567	0.01184	0.01539	0.18279	0.00966	0.53137	0.02018	0.02558	0.01065	0.01121	0.00794	0.00593	0.00543	0.00148	0.04682	0.00416	0.00423	0.00774
37	0.33919	0.03180	0.01260	0.09194	0.06370	0.32767	0.02141	0.01707	0.02468	0.01685	0.00799	0.00965	0.00640	0.00495	0.00410	0.00146	0.00652	0.00334	0.00280	0.00589

[dist]
# distance from previous block
# <min> <max>
0	1

[block]
# block no. 2 follows, 49 sequences, length 21
# corresponding to MSA columns:
# 124-134,136-145
name=unknown_C
#
# <colnr> <probs for GDERKNQSTAVLIFYWHMCP>
#	G	D	E	R	K	N	Q	S	T	A	V	L	I	F	Y	W	H	M	C	P
0	0.01109	0.01051	0.01758	0.37082	0.41304	0.01136	0.01430	0.01421	0.01084	0.01494	0.00925	0.01282	0.00742	0.00470	0.00495	0.00154	0.00619	0.00441	0.00242	0.05761
1	0.81719	0.00989	0.00806	0.00783	0.04748	0.01138	0.00596	0.01490	0.00875	0.02239	0.00716	0.00842	0.00560	0.00468	0.00322	0.00156	0.00401	0.00282	0.00310	0.00560
2	0.01063	0.00924	0.01120	0.00810	0.01254	0.00722	0.03284	0.01350	0.04562	0.01668	0.00956	0.01098	0.00786	0.00390	0.00389	0.00083	0.00392	0.00322	0.00308	0.78519
3	0.00878	0.00439	0.00659	0.00659	0.00659	0.00439	0.00439	0.00659	0.00659	0.00878	0.00878	0.01537	0.00878	0.01757	0.01976	0.85288	0.00439	0.00439	0.00220	0.00220
4	0.01232	0.19512	0.32151	0.01250	0.04227	0.11364	0.02800	0.04253	0.07871	0.01583	0.05736	0.03726	0.01071	0.00563	0.00462	0.00147	0.00639	0.00438	0.00287	0.00688
5	0.00815	0.00582	0.00815	0.00931	0.01048	0.00582	0.00815	0.01048	0.01164	0.01513	0.02677	0.05704	0.02910	0.01397	0.00698	0.00233	0.00466	0.75671	0.00466	0.00466
6	0.00760	0.00604	0.02586	0.00661	0.00818	0.00532	0.00517	0.01052	0.04864	0.01952	0.61892	0.03535	0.09874	0.00982	0.00572	0.00156	0.00264	0.00858	0.04065	0.03456
7	0.00638	0.00459	0.00610	0.00722	0.00767	0.00431	0.00505	0.00744	0.00997	0.01319	0.02866	0.70306	0.06249	0.01551	0.00650	0.00207	0.00311	0.09782	0.00469	0.00418
8	0.00639	0.00529	0.00553	0.00550	0.00706	0.00463	0.00405	0.00813	0.03798	0.01427	0.11259	0.07267	0.62791	0.05696	0.00705	0.00189	0.00274	0.01031	0.00470	0.00437
9	0.00689	0.00531	0.00631	0.00603	0.00745	0.00480	0.00453	0.00920	0.03387	0.01798	0.50868	0.04109	0.30715	0.01111	0.00595	0.00163	0.00249	0.00959	0.00525	0.00468
10	0.01110	0.01084	0.01507	0.01294	0.01311	0.01498	0.01075	0.03554	0.00826	0.01275	0.00719	0.01159	0.00703	0.01038	0.05994	0.00252	0.74360	0.00448	0.00233	0.00557
11	0.80740	0.05865	0.00857	0.00677	0.00997	0.01186	0.00567	0.01488	0.00871	0.02204	0.00704	0.00821	0.00554	0.00467	0.00314	0.00154	0.00400	0.00274	0.00307	0.00554
12	0.00735	0.00490	0.00552	0.00552	0.00552	0.00490	0.00306	0.00735	0.00735	0.00980	0.01593	0.03309	0.01838	0.82229	0.02574	0.00490	0.00490	0.00735	0.00306	0.00306
13	0.01043	0.00899	0.01077	0.05649	0.01338	0.00702	0.00648	0.01274	0.01046	0.01626	0.00899	0.01067	0.00744	0.00382	0.00382	0.00081	0.00393	0.00309	0.00295	0.80145
14	0.01805	0.06937	0.03259	0.01235	0.01547	0.53246	0.00976	0.17044	0.06273	0.01685	0.00944	0.01029	0.00747	0.00542	0.00462	0.00136	0.00784	0.00364	0.00321	0.00661
15	0.01475	0.32904	0.13328	0.06053	0.04678	0.18819	0.01097	0.07868	0.01260	0.05371	0.00914	0.01089	0.00745	0.00506	0.00425	0.00134	0.00657	0.01724	0.00276	0.00675
16	0.00738	0.00605	0.00672	0.00702	0.04324	0.00564	0.00494	0.01039	0.09704	0.01584	0.14433	0.04042	0.51920	0.01101	0.00569	0.00165	0.00284	0.00927	0.05639	0.00495
17	0.01904	0.01154	0.01315	0.01020	0.01394	0.01203	0.00838	0.46786	0.01976	0.26253	0.04033	0.01639	0.04876	0.00658	0.00510	0.00154	0.00486	0.00515	0.02467	0.00819
18	0.05764	0.00865	0.01155	0.00890	0.01278	0.00760	0.00735	0.02423	0.01423	0.76196	0.01941	0.01683	0.01222	0.00619	0.00500	0.00156	0.00429	0.00499	0.00613	0.00847
19	0.00616	0.00440	0.00587	0.00704	0.00733	0.00411	0.00469	0.00704	0.00968	0.01291	0.02787	0.81899	0.03344	0.01584	0.00645	0.00205	0.00293	0.01438	0.00469	0.00411
20	0.07277	0.00996	0.01747	0.59596	0.03133	0.01155	0.16217	0.01371	0.01036	0.01429	0.00909	0.01312	0.00683	0.00487	0.00509	0.00168	0.00688	0.00465	0.00237	0.00584

[dist]
# distance from previous block
# <min> <max>
0	36

[block]
# block no. 3 follows, 49 sequences, length 19
# corresponding to MSA columns:
# 182-200
name=unknown_D
#
# <colnr> <probs for GDERKNQSTAVLIFYWHMCP>
#	G	D	E	R	K	N	Q	S	T	A	V	L	I	F	Y	W	H	M	C	P
0	0.00735	0.00490	0.00552	0.00552	0.00552	0.00490	0.00306	0.00735	0.00735	0.00980	0.01593	0.03309	0.01838	0.82229	0.02574	0.00490	0.00490	0.00735	0.00306	0.00306
1	0.01014	0.02616	0.79609	0.01441	0.02189	0.01174	0.01868	0.01601	0.01068	0.01601	0.00907	0.01068	0.00641	0.00480	0.00480	0.00160	0.00747	0.00374	0.00214	0.00747
2	0.00878	0.00439	0.00659	0.00659	0.00659	0.00439	0.00439	0.00659	0.00659	0.00878	0.00878	0.01537	0.00878	0.01757	0.01976	0.85288	0.00439	0.00439	0.00220	0.00220
3	0.02181	0.00894	0.01181	0.00917	0.01301	0.00807	0.00754	0.04676	0.07359	0.71262	0.01977	0.01719	0.01263	0.00630	0.00509	0.00157	0.00432	0.00512	0.00614	0.00856
4	0.00858	0.00439	0.00653	0.00662	0.00664	0.00437	0.00441	0.00662	0.00682	0.00910	0.01025	0.07702	0.01068	0.01743	0.01874	0.78761	0.00428	0.00516	0.00239	0.00234
5	0.01196	0.01351	0.02900	0.02081	0.02582	0.01278	0.73746	0.01669	0.04709	0.01642	0.01070	0.01388	0.00803	0.00438	0.00593	0.00171	0.00832	0.00596	0.00268	0.00687
6	0.01243	0.01397	0.04641	0.01563	0.07736	0.13342	0.10012	0.01426	0.00963	0.01316	0.00755	0.01117	0.00684	0.00727	0.01218	0.00194	0.50391	0.00441	0.00233	0.00600
7	0.01049	0.00899	0.01049	0.00749	0.01198	0.00674	0.00599	0.01273	0.01049	0.01648	0.00899	0.01049	0.00749	0.00374	0.00374	0.00075	0.00374	0.00300	0.00300	0.85320
8	0.15471	0.04044	0.07183	0.03617	0.17887	0.01313	0.05641	0.09483	0.05656	0.03612	0.00987	0.02660	0.00813	0.00608	0.00732	0.00171	0.18693	0.00443	0.00305	0.00681
9	0.01160	0.00930	0.01259	0.15835	0.17203	0.03861	0.00963	0.11583	0.01317	0.07204	0.09427	0.14564	0.08379	0.00873	0.01825	0.00177	0.00504	0.01918	0.00394	0.00625
10	0.01890	0.01401	0.01500	0.01157	0.01556	0.01553	0.00953	0.73809	0.06009	0.03136	0.01255	0.01246	0.00893	0.00611	0.00506	0.00153	0.00549	0.00461	0.00506	0.00857
11	0.01036	0.00962	0.01526	0.62876	0.04948	0.01173	0.03193	0.03675	0.09701	0.01454	0.01034	0.01394	0.00782	0.00540	0.00552	0.00170	0.03647	0.00467	0.00267	0.00606
12	0.00955	0.00899	0.01517	0.81013	0.03483	0.01123	0.01404	0.01292	0.01011	0.01292	0.00899	0.01348	0.00674	0.00506	0.00506	0.00169	0.00674	0.00449	0.00225	0.00562
13	0.00614	0.00447	0.00579	0.00684	0.00728	0.00412	0.00461	0.00706	0.00987	0.01299	0.03026	0.74024	0.11065	0.01553	0.00641	0.00202	0.00290	0.01400	0.00469	0.00412
14	0.03158	0.01246	0.01621	0.11107	0.26399	0.11479	0.05759	0.06366	0.05999	0.10282	0.01148	0.01383	0.00900	0.03571	0.00610	0.00166	0.03381	0.00460	0.01874	0.03090
15	0.01229	0.07417	0.01621	0.01289	0.03010	0.07681	0.05937	0.03937	0.01004	0.04278	0.03179	0.04298	0.00972	0.00791	0.01160	0.00190	0.46578	0.02174	0.00278	0.02977
16	0.03134	0.00534	0.00674	0.00678	0.00799	0.00499	0.00499	0.00922	0.01165	0.04250	0.29873	0.28744	0.12649	0.01403	0.06553	0.00223	0.00364	0.02935	0.00480	0.03624
17	0.08984	0.04077	0.02894	0.07100	0.02923	0.02235	0.03711	0.10674	0.05657	0.11899	0.02761	0.01281	0.00935	0.00498	0.00437	0.00126	0.00469	0.00400	0.01751	0.31186
18	0.04111	0.01320	0.12206	0.12750	0.24395	0.06621	0.01216	0.05624	0.03838	0.09405	0.05191	0.05254	0.01141	0.00583	0.00497	0.00154	0.00577	0.00500	0.00333	0.04283

[dist]
# distance from previous block
# <min> <max>
0	4

[block]
# block no. 4 follows, 49 sequences, length 38
# corresponding to MSA columns:
# 205-242
name=unknown_E
#
# <colnr> <probs for GDERKNQSTAVLIFYWHMCP>
#	G	D	E	R	K	N	Q	S	T	A	V	L	I	F	Y	W	H	M	C	P
0	0.02539	0.01093	0.01512	0.14078	0.24417	0.06996	0.05263	0.06861	0.07411	0.04749	0.04744	0.10633	0.01330	0.00799	0.03970	0.00189	0.00598	0.00593	0.00343	0.01882
1	0.01242	0.01029	0.01431	0.30328	0.11648	0.01120	0.01102	0.12744	0.10444	0.05277	0.01145	0.01357	0.00871	0.00594	0.02172	0.00163	0.01897	0.00445	0.00335	0.14655
2	0.03208	0.01285	0.01719	0.17202	0.32352	0.10974	0.04611	0.08956	0.03526	0.04224	0.01002	0.01241	0.00788	0.00500	0.00510	0.00151	0.01962	0.00435	0.00295	0.05058
3	0.05392	0.05013	0.66151	0.01445	0.02139	0.01209	0.08568	0.01594	0.01067	0.01624	0.00901	0.01073	0.00647	0.00473	0.00477	0.00159	0.00732	0.00385	0.00223	0.00728
4	0.03156	0.03688	0.01630	0.05754	0.20557	0.07817	0.03832	0.25497	0.11365	0.08380	0.01231	0.01315	0.00920	0.00550	0.00494	0.00152	0.00577	0.00456	0.00395	0.02235
5	0.05084	0.01013	0.01320	0.06570	0.08286	0.04198	0.06319	0.11076	0.04263	0.10572	0.08728	0.04961	0.03057	0.02077	0.02159	0.00171	0.03723	0.03196	0.00394	0.12833
6	0.00695	0.00490	0.00604	0.00630	0.00668	0.00491	0.00409	0.00762	0.00852	0.01142	0.04185	0.21266	0.08014	0.42143	0.15018	0.00446	0.00566	0.00894	0.00357	0.00369
7	0.04421	0.25724	0.13290	0.01459	0.06621	0.03419	0.23360	0.01675	0.01141	0.11167	0.01020	0.01199	0.00785	0.01993	0.00505	0.00152	0.00654	0.00432	0.00287	0.00697
8	0.00809	0.00531	0.00695	0.00681	0.00739	0.00564	0.00467	0.00895	0.00805	0.05088	0.01512	0.02665	0.01564	0.44661	0.35514	0.00610	0.00855	0.00641	0.00308	0.00397
9	0.01347	0.01079	0.01292	0.11903	0.07369	0.09972	0.00953	0.03159	0.03512	0.13020	0.01173	0.01396	0.00915	0.00653	0.00799	0.00166	0.23499	0.00451	0.16722	0.00620
10	0.00681	0.00463	0.00582	0.00644	0.00673	0.00443	0.00417	0.00718	0.00883	0.01164	0.02390	0.42845	0.07828	0.26693	0.01372	0.08462	0.00370	0.02616	0.00395	0.00362
11	0.05341	0.00945	0.01370	0.62549	0.02913	0.04978	0.01220	0.01335	0.03793	0.01350	0.01029	0.04074	0.00856	0.05505	0.00624	0.00187	0.00638	0.00488	0.00254	0.00550
12	0.00681	0.00513	0.00629	0.00606	0.00735	0.00461	0.00452	0.00884	0.01339	0.01824	0.56318	0.07136	0.24326	0.01121	0.00599	0.00164	0.00245	0.00975	0.00530	0.00461
13	0.00668	0.00464	0.00618	0.00702	0.00755	0.00432	0.00485	0.00787	0.01059	0.02856	0.15339	0.65544	0.03531	0.01471	0.00636	0.00198	0.00291	0.03247	0.00487	0.00431
14	0.03211	0.01258	0.04397	0.01053	0.01437	0.01287	0.00888	0.45651	0.11253	0.13940	0.01425	0.01393	0.01009	0.00603	0.00489	0.00150	0.00497	0.00466	0.05721	0.03872
15	0.01247	0.01903	0.35008	0.06946	0.01955	0.11779	0.06719	0.02922	0.01125	0.06635	0.03209	0.01219	0.00823	0.00587	0.00711	0.00168	0.15675	0.00427	0.00267	0.00674
16	0.00792	0.00566	0.00789	0.00905	0.01012	0.00562	0.00775	0.01008	0.01142	0.01488	0.02690	0.14430	0.02960	0.01418	0.00692	0.00230	0.00446	0.67170	0.00466	0.00459
17	0.00621	0.00446	0.00587	0.00694	0.00729	0.00415	0.00464	0.00713	0.00983	0.01310	0.05289	0.75639	0.05301	0.03345	0.00685	0.00209	0.00295	0.01395	0.00469	0.00411
18	0.02577	0.01231	0.01574	0.44128	0.07154	0.15762	0.07379	0.01540	0.05908	0.01406	0.01018	0.03408	0.00818	0.00546	0.00522	0.00162	0.02082	0.00469	0.01721	0.00599
19	0.01003	0.00689	0.00829	0.00750	0.00942	0.00685	0.00580	0.03659	0.16288	0.09762	0.44673	0.03289	0.10925	0.00947	0.00572	0.00164	0.00306	0.02810	0.00543	0.00584
20	0.52972	0.00927	0.00866	0.00716	0.01061	0.00961	0.00585	0.01611	0.01005	0.15776	0.00997	0.01055	0.00732	0.00484	0.00360	0.00140	0.00390	0.00326	0.03051	0.15985
21	0.01049	0.00899	0.01049	0.00749	0.01198	0.00674	0.00599	0.01273	0.01049	0.01648	0.00899	0.01049	0.00749	0.00374	0.00374	0.00075	0.00374	0.00300	0.00300	0.85320
22	0.00878	0.00439	0.00659	0.00659	0.00659	0.00439	0.00439	0.00659	0.00659	0.00878	0.00878	0.01537	0.00878	0.01757	0.01976	0.85288	0.00439	0.00439	0.00220	0.00220
23	0.01586	0.08207	0.01386	0.01185	0.06417	0.34299	0.00870	0.12395	0.04734	0.04526	0.02214	0.01310	0.00944	0.03517	0.00549	0.00149	0.02333	0.00411	0.12334	0.00635
24	0.00964	0.00916	0.01570	0.78155	0.03452	0.01129	0.04152	0.01304	0.01018	0.01304	0.00903	0.01349	0.00677	0.00503	0.00509	0.00169	0.00681	0.00455	0.00226	0.00566
25	0.00627	0.00447	0.00594	0.00707	0.00739	0.00419	0.00477	0.00718	0.00968	0.01289	0.02745	0.76647	0.03281	0.04134	0.00708	0.00215	0.00306	0.04105	0.00464	0.00409
26	0.01189	0.00910	0.01074	0.00775	0.01218	0.00707	0.00623	0.03612	0.01125	0.08998	0.01011	0.01117	0.00799	0.00405	0.00391	0.00085	0.00385	0.00324	0.00336	0.74915
27	0.00616	0.00442	0.00585	0.00699	0.00732	0.00411	0.00467	0.00705	0.00973	0.01293	0.02844	0.80021	0.05185	0.01577	0.00644	0.00205	0.00292	0.01429	0.00469	0.00411
28	0.01248	0.01024	0.01162	0.01117	0.06068	0.01156	0.00818	0.02385	0.59575	0.06007	0.08282	0.02031	0.03248	0.00714	0.00553	0.00170	0.02587	0.00595	0.00499	0.00763
29	0.00712	0.00511	0.00608	0.00619	0.00745	0.00455	0.00453	0.00859	0.01176	0.04807	0.22455	0.23574	0.34263	0.03640	0.00666	0.00187	0.00281	0.03047	0.00493	0.00451
30	0.00992	0.00968	0.01711	0.67528	0.03288	0.01161	0.11346	0.01332	0.01026	0.01332	0.00906	0.01341	0.00686	0.00510	0.00563	0.00171	0.03867	0.00468	0.00229	0.00577
31	0.00878	0.00439	0.00659	0.00659	0.00659	0.00439	0.00439	0.00659	0.00659	0.00878	0.00878	0.01537	0.00878	0.01757	0.01976	0.85288	0.00439	0.00439	0.00220	0.00220
32	0.00624	0.00445	0.00590	0.00697	0.00730	0.00416	0.00465	0.00716	0.00982	0.01314	0.06044	0.76415	0.03366	0.03719	0.00695	0.00211	0.00296	0.01396	0.00469	0.00411
33	0.01256	0.10104	0.08822	0.17675	0.23728	0.06315	0.01238	0.08046	0.01242	0.04791	0.02811	0.03004	0.03290	0.00598	0.00497	0.00156	0.00601	0.04839	0.00305	0.00681
34	0.01228	0.13426	0.06727	0.03444	0.01791	0.02405	0.23954	0.04565	0.04416	0.04798	0.01029	0.01220	0.00807	0.00571	0.03435	0.00155	0.00630	0.00429	0.00295	0.24672
35	0.05510	0.18912	0.40104	0.01425	0.09047	0.01328	0.06046	0.01620	0.03597	0.03580	0.00931	0.01079	0.00709	0.00470	0.00446	0.00146	0.00646	0.00375	0.00249	0.03779
36	0.00752	0.00570	0.00816	0.07767	0.01041	0.00653	0.00620	0.00894	0.00814	0.01139	0.01413	0.05264	0.01427	0.24055	0.47693	0.00633	0.03126	0.00616	0.00282	0.00424
37	0.04386	0.00968	0.07251	0.19498	0.07146	0.00921	0.02406	0.02829	0.03361	0.10578	0.04959	0.06070	0.05306	0.03618	0.03785	0.00203	0.05326	0.04110	0.03613	0.03666

[dist]
# distance from previous block
# <min> <max>
6	9

[block]
# block no. 5 follows, 49 sequences, length 17
# corresponding to MSA columns:
# 252-268
name=unknown_F
#
# <colnr> <probs for GDERKNQSTAVLIFYWHMCP>
#	G	D	E	R	K	N	Q	S	T	A	V	L	I	F	Y	W	H	M	C	P
0	0.01049	0.00899	0.01049	0.00749	0.01198	0.00674	0.00599	0.01273	0.01049	0.01648	0.00899	0.01049	0.00749	0.00374	0.00374	0.00075	0.00374	0.00300	0.00300	0.85320
1	0.01061	0.02009	0.07297	0.02174	0.11767	0.02500	0.03603	0.06369	0.02300	0.05332	0.02768	0.20678	0.06840	0.04048	0.00611	0.00170	0.00464	0.04220	0.00377	0.15412
2	0.01106	0.01106	0.01549	0.01328	0.01328	0.01549	0.01106	0.01217	0.00774	0.01217	0.00664	0.01106	0.00664	0.00885	0.01659	0.00221	0.81303	0.00443	0.00221	0.00553
3	0.00776	0.00564	0.00760	0.00838	0.00961	0.00548	0.00714	0.00999	0.01208	0.01585	0.15828	0.05292	0.10985	0.01323	0.00671	0.00214	0.00406	0.55382	0.00481	0.00464
4	0.01199	0.01007	0.05509	0.00965	0.04976	0.00778	0.03045	0.03736	0.03360	0.10487	0.05344	0.01436	0.03452	0.00493	0.00435	0.00108	0.00422	0.00412	0.00359	0.52477
5	0.00633	0.00615	0.04743	0.00599	0.00776	0.00469	0.00483	0.00789	0.01147	0.01426	0.11043	0.15135	0.57849	0.01258	0.00598	0.00174	0.00286	0.01068	0.00464	0.00446
6	0.02786	0.00959	0.09417	0.07128	0.03671	0.00793	0.00828	0.01762	0.08573	0.27084	0.15179	0.02063	0.03495	0.00679	0.00496	0.00154	0.00418	0.00568	0.13270	0.00677
7	0.00919	0.00919	0.06309	0.06345	0.01267	0.05109	0.06246	0.03457	0.00947	0.01271	0.01432	0.05932	0.03764	0.24271	0.22578	0.00434	0.07411	0.00619	0.00291	0.00481
8	0.80088	0.01088	0.06057	0.00717	0.01059	0.01137	0.00637	0.01494	0.00875	0.02224	0.00718	0.00838	0.00554	0.00470	0.00324	0.00157	0.00415	0.00281	0.00306	0.00561
9	0.03841	0.02843	0.06656	0.04721	0.12156	0.02653	0.04683	0.03949	0.02713	0.13192	0.01115	0.01242	0.00846	0.00477	0.00471	0.00125	0.02384	0.00396	0.03102	0.32434
10	0.05252	0.00657	0.04413	0.00668	0.00844	0.00546	0.00536	0.00978	0.01273	0.01830	0.49213	0.08508	0.13968	0.03417	0.00625	0.00168	0.00292	0.00868	0.00487	0.05456
11	0.01084	0.06454	0.04425	0.12917	0.15688	0.00961	0.03719	0.03751	0.03941	0.05251	0.08318	0.04038	0.10809	0.00688	0.00507	0.00150	0.00487	0.03841	0.00353	0.12619
12	0.01478	0.03419	0.01207	0.02571	0.03587	0.02485	0.00761	0.24398	0.01534	0.15964	0.03301	0.11294	0.04689	0.00705	0.00492	0.00142	0.00446	0.00580	0.02250	0.18699
13	0.04164	0.01143	0.07645	0.14711	0.26626	0.01069	0.06624	0.03830	0.04476	0.01681	0.08057	0.01548	0.01179	0.02987	0.00594	0.00162	0.03051	0.00491	0.01549	0.08412
14	0.01224	0.01068	0.01622	0.07396	0.38109	0.03460	0.05089	0.01581	0.07468	0.07047	0.04918	0.05802	0.01235	0.03521	0.00582	0.00163	0.00542	0.00539	0.00330	0.08303
15	0.01102	0.05706	0.01300	0.07394	0.15995	0.03791	0.02198	0.08906	0.02646	0.03922	0.13305	0.06281	0.12165	0.00958	0.05889	0.00196	0.00524	0.00641	0.00380	0.06702
16	0.06942	0.01139	0.03532	0.09488	0.15562	0.02762	0.14970	0.09400	0.05256	0.05902	0.02795	0.07365	0.01091	0.00588	0.00524	0.00155	0.01861	0.00538	0.00340	0.09790

[dist]
# distance from previous block
# <min> <max>
2	98

[block]
# block no. 6 follows, 49 sequences, length 15
# corresponding to MSA columns:
# 375-389
name=unknown_G
#
# <colnr> <probs for GDERKNQSTAVLIFYWHMCP>
#	G	D	E	R	K	N	Q	S	T	A	V	L	I	F	Y	W	H	M	C	P
0	0.06332	0.16892	0.13778	0.01059	0.03036	0.03464	0.05793	0.08684	0.01252	0.10416	0.05737	0.07272	0.06599	0.00653	0.00472	0.00146	0.00519	0.00533	0.00360	0.07005
1	0.05668	0.10567	0.09270	0.03890	0.02760	0.04457	0.02778	0.12892	0.03868	0.10657	0.06176	0.11552	0.03961	0.02973	0.00586	0.00168	0.02509	0.02469	0.00395	0.02403
2	0.04153	0.07674	0.11666	0.01170	0.07146	0.04706	0.03835	0.05762	0.08579	0.11696	0.06287	0.01632	0.02941	0.00755	0.02982	0.04239	0.03158	0.01798	0.01877	0.07942
3	0.04836	0.04778	0.06918	0.02781	0.13495	0.04486	0.00931	0.09915	0.08946	0.10310	0.06541	0.06273	0.06749	0.00816	0.02871	0.01736	0.00514	0.02433	0.00398	0.04274
4	0.02984	0.08825	0.11765	0.01135	0.07313	0.02946	0.05914	0.08932	0.01293	0.05696	0.14561	0.04793	0.09355	0.02551	0.00554	0.00159	0.00488	0.02588	0.02578	0.05570
5	0.02869	0.02961	0.08779	0.14204	0.13287	0.00900	0.03034	0.02739	0.04317	0.03168	0.03253	0.09829	0.11251	0.09167	0.00776	0.01701	0.01987	0.00658	0.04545	0.00573
6	0.00943	0.00471	0.00471	0.00471	0.00589	0.00471	0.00353	0.01178	0.01060	0.01885	0.01650	0.01885	0.01296	0.00589	0.00353	0.00118	0.00236	0.00471	0.85036	0.00471
7	0.06245	0.06829	0.03491	0.07623	0.01352	0.01063	0.02830	0.15988	0.03813	0.03361	0.09489	0.07787	0.05377	0.05211	0.06181	0.00225	0.07676	0.00607	0.04258	0.00595
8	0.00659	0.00500	0.00633	0.00716	0.03253	0.00458	0.00477	0.00789	0.01097	0.01451	0.18540	0.41522	0.20718	0.05880	0.00728	0.00202	0.00295	0.01176	0.00471	0.00435
9	0.00943	0.00471	0.00471	0.00471	0.00589	0.00471	0.00353	0.01178	0.01060	0.01885	0.01650	0.01885	0.01296	0.00589	0.00353	0.00118	0.00236	0.00471	0.85036	0.00471
10	0.06820	0.07453	0.03389	0.06157	0.06049	0.11769	0.02125	0.05311	0.01164	0.08551	0.03139	0.09207	0.03627	0.01004	0.06917	0.00217	0.08489	0.05559	0.02456	0.00596
11	0.10847	0.07405	0.13300	0.07612	0.09951	0.01147	0.12906	0.03540	0.06771	0.04502	0.03031	0.07107	0.02949	0.00647	0.00534	0.00166	0.02776	0.03829	0.00324	0.00655
12	0.01153	0.02853	0.07937	0.08914	0.06384	0.00952	0.02742	0.08985	0.09253	0.06413	0.06092	0.04410	0.07051	0.03846	0.00663	0.03505	0.02628	0.00556	0.04179	0.11484
13	0.00723	0.00540	0.00628	0.00630	0.00746	0.00508	0.00456	0.02816	0.03424	0.01559	0.22757	0.16899	0.26689	0.12546	0.00874	0.00219	0.00311	0.04302	0.02927	0.00445
14	0.03391	0.09358	0.08718	0.03555	0.15643	0.07495	0.15856	0.04564	0.04516	0.05607	0.01182	0.03193	0.00993	0.02599	0.00592	0.00165	0.03627	0.03811	0.04460	0.00674

[dist]
# distance from previous block
# <min> <max>
0	19

[block]
# block no. 7 follows, 49 sequences, length 6
# corresponding to MSA columns:
# 409-414
name=unknown_H
#
# <colnr> <probs for GDERKNQSTAVLIFYWHMCP>
#	G	D	E	R	K	N	Q	S	T	A	V	L	I	F	Y	W	H	M	C	P
0	0.08035	0.19970	0.15230	0.01189	0.07389	0.06314	0.03062	0.11772	0.03121	0.03579	0.04203	0.03610	0.03768	0.02485	0.00497	0.00150	0.00560	0.00451	0.00321	0.04292
1	0.04742	0.00926	0.01320	0.16925	0.14896	0.00955	0.03641	0.06293	0.07915	0.08683	0.05435	0.11508	0.04313	0.00699	0.00512	0.00157	0.00487	0.00616	0.00377	0.09599
2	0.00736	0.00514	0.00647	0.00700	0.00788	0.00484	0.00501	0.00908	0.04062	0.04455	0.11018	0.46321	0.13776	0.05759	0.00732	0.00210	0.00316	0.07144	0.00477	0.00451
3	0.07553	0.01150	0.06425	0.14366	0.10735	0.04742	0.03062	0.13171	0.09246	0.01906	0.05179	0.06187	0.01225	0.00640	0.00528	0.00159	0.03394	0.00527	0.09153	0.00653
4	0.00943	0.00471	0.00471	0.00471	0.00589	0.00471	0.00353	0.01178	0.01060	0.01885	0.01650	0.01885	0.01296	0.00589	0.00353	0.00118	0.00236	0.00471	0.85036	0.00471
5	0.00723	0.00556	0.00646	0.00635	0.00763	0.00503	0.00444	0.00889	0.04153	0.01401	0.11125	0.25318	0.21888	0.17771	0.00986	0.00233	0.00332	0.00977	0.00428	0.10228

[dist]
# distance from previous block
# <min> <max>
0	3

[block]
# block no. 8 follows, 49 sequences, length 17
# corresponding to MSA columns:
# 418-434
name=unknown_I
#
# <colnr> <probs for GDERKNQSTAVLIFYWHMCP>
#	G	D	E	R	K	N	Q	S	T	A	V	L	I	F	Y	W	H	M	C	P
0	0.23671	0.04568	0.06915	0.05792	0.06067	0.11168	0.00941	0.16218	0.05012	0.02000	0.01068	0.04720	0.00901	0.00604	0.00499	0.00157	0.04118	0.02544	0.00340	0.02697
1	0.08539	0.00517	0.00496	0.00489	0.00624	0.00531	0.00371	0.01206	0.01043	0.01920	0.01565	0.01790	0.01229	0.00578	0.00350	0.00121	0.00250	0.00454	0.77451	0.00478
2	0.02833	0.13551	0.01567	0.05080	0.07609	0.06535	0.05141	0.12445	0.13977	0.03242	0.08155	0.03706	0.01327	0.01981	0.00543	0.00151	0.02689	0.00500	0.00371	0.08596
3	0.00813	0.00676	0.04183	0.00836	0.00980	0.00596	0.00673	0.01054	0.05455	0.03120	0.02377	0.39867	0.02636	0.03138	0.00683	0.00203	0.01983	0.22212	0.00439	0.08075
4	0.01302	0.00926	0.01165	0.04186	0.10821	0.03246	0.02356	0.06443	0.16937	0.16817	0.16151	0.02465	0.13460	0.00776	0.00538	0.00161	0.00424	0.00662	0.00480	0.00683
5	0.01719	0.00943	0.01111	0.00893	0.01201	0.00958	0.00720	0.26103	0.04405	0.30180	0.04593	0.01750	0.01305	0.04311	0.04094	0.00193	0.00475	0.00515	0.13792	0.00740
6	0.01106	0.01106	0.01549	0.01328	0.01328	0.01549	0.01106	0.01217	0.00774	0.01217	0.00664	0.01106	0.00664	0.00885	0.01659	0.00221	0.81303	0.00443	0.00221	0.00553
7	0.00753	0.00571	0.00674	0.00668	0.00815	0.00530	0.00500	0.01012	0.07132	0.03166	0.23043	0.18545	0.27437	0.03434	0.00651	0.00183	0.00299	0.06230	0.00487	0.03868
8	0.00789	0.00722	0.03945	0.07993	0.05012	0.00646	0.00673	0.02662	0.04931	0.01539	0.12823	0.12996	0.31794	0.03771	0.00641	0.00181	0.00368	0.04192	0.00428	0.03894
9	0.00943	0.00471	0.00471	0.00471	0.00589	0.00471	0.00353	0.01178	0.01060	0.01885	0.01650	0.01885	0.01296	0.00589	0.00353	0.00118	0.00236	0.00471	0.85036	0.00471
10	0.00627	0.00445	0.00584	0.00690	0.00717	0.00418	0.00455	0.00707	0.00947	0.01263	0.02680	0.74863	0.03210	0.08804	0.00818	0.00231	0.00311	0.01375	0.00455	0.00401
11	0.05785	0.00917	0.01174	0.00909	0.01287	0.00846	0.00749	0.11184	0.01531	0.63820	0.05099	0.01709	0.01324	0.00634	0.00503	0.00156	0.00435	0.00509	0.00595	0.00831
12	0.02687	0.08533	0.19122	0.19961	0.27707	0.07472	0.02844	0.03122	0.01134	0.01529	0.00897	0.01162	0.00708	0.00477	0.00477	0.00152	0.00669	0.00408	0.00241	0.00699
13	0.01017	0.05812	0.09999	0.07608	0.07359	0.01057	0.09553	0.04400	0.06028	0.01534	0.03884	0.13190	0.03923	0.02429	0.07663	0.00234	0.09889	0.00646	0.03175	0.00599
14	0.00797	0.00574	0.00589	0.00591	0.00640	0.03858	0.00376	0.00860	0.00881	0.01191	0.03697	0.05487	0.08612	0.54224	0.01861	0.00375	0.00444	0.03638	0.10943	0.00362
15	0.00885	0.02176	0.00857	0.04950	0.02610	0.00650	0.00631	0.04189	0.02742	0.01595	0.08823	0.57990	0.05208	0.01418	0.00663	0.00214	0.00379	0.01236	0.02247	0.00537
16	0.09341	0.01512	0.11614	0.04717	0.19047	0.06391	0.09008	0.10580	0.09787	0.03861	0.01238	0.02574	0.00992	0.00633	0.00600	0.00183	0.04401	0.00499	0.00369	0.02653

[dist]
# distance from previous block
# <min> <max>
0	28

[block]
# block no. 9 follows, 49 sequences, length 32
# corresponding to MSA columns:
# 463-494
name=unknown_J
#
# <colnr> <probs for GDERKNQSTAVLIFYWHMCP>
#	G	D	E	R	K	N	Q	S	T	A	V	L	I	F	Y	W	H	M	C	P
0	0.27246	0.10384	0.11011	0.02807	0.06162	0.08763	0.03395	0.07637	0.03058	0.02928	0.00979	0.03886	0.00825	0.02271	0.04411	0.00191	0.02705	0.00408	0.00303	0.00629
1	0.01072	0.04545	0.04579	0.03079	0.01566	0.02199	0.18294	0.04810	0.01027	0.01423	0.01196	0.02050	0.01154	0.10385	0.06590	0.00270	0.24975	0.09937	0.00286	0.00562
2	0.00659	0.00485	0.00626	0.00675	0.00754	0.00473	0.00482	0.00791	0.01004	0.01353	0.09221	0.38285	0.16972	0.04044	0.18482	0.00335	0.00522	0.01073	0.03336	0.00428
3	0.00625	0.00484	0.00569	0.00609	0.00715	0.00429	0.00434	0.00755	0.01126	0.01447	0.16534	0.35362	0.36381	0.01360	0.00616	0.00183	0.00268	0.01189	0.00484	0.00429
4	0.01083	0.00898	0.01052	0.00753	0.01201	0.00676	0.00603	0.01307	0.01060	0.03837	0.00930	0.01067	0.00763	0.00382	0.00378	0.00077	0.00376	0.00305	0.00309	0.82943
5	0.00689	0.00535	0.00630	0.00618	0.00754	0.00490	0.00459	0.00930	0.05049	0.01713	0.40134	0.12551	0.31267	0.01166	0.00598	0.00169	0.00259	0.01010	0.00514	0.00468
6	0.03876	0.10969	0.42294	0.01255	0.04504	0.03815	0.01352	0.06206	0.02758	0.05751	0.01074	0.05425	0.00871	0.00650	0.00583	0.06586	0.00630	0.00438	0.00280	0.00683
7	0.71976	0.00962	0.00831	0.00796	0.04825	0.01080	0.00605	0.01534	0.00931	0.08032	0.00988	0.01070	0.03703	0.00512	0.00348	0.00157	0.00399	0.00332	0.00340	0.00579
8	0.01240	0.07506	0.11227	0.08752	0.09468	0.05915	0.07954	0.07224	0.09043	0.05233	0.08166	0.02705	0.02392	0.00631	0.00585	0.00160	0.06186	0.01795	0.01947	0.01872
9	0.00943	0.00471	0.00471	0.00471	0.00589	0.00471	0.00353	0.01178	0.01060	0.01885	0.01650	0.01885	0.01296	0.00589	0.00353	0.00118	0.00236	0.00471	0.85036	0.00471
10	0.01115	0.00938	0.01084	0.00780	0.01226	0.00742	0.00627	0.07024	0.01149	0.01764	0.00923	0.01061	0.00757	0.00392	0.00384	0.00081	0.00388	0.00311	0.00315	0.78939
11	0.11895	0.01018	0.04569	0.06842	0.12974	0.02572	0.03513	0.13534	0.03237	0.03597	0.03558	0.20477	0.03415	0.00810	0.00531	0.00167	0.01790	0.00694	0.04182	0.00624
12	0.00943	0.00471	0.00471	0.00471	0.00589	0.00471	0.00353	0.01178	0.01060	0.01885	0.01650	0.01885	0.01296	0.00589	0.00353	0.00118	0.00236	0.00471	0.85036	0.00471
13	0.15032	0.15667	0.12636	0.03416	0.19375	0.05937	0.01107	0.01457	0.01028	0.01562	0.00956	0.02876	0.00848	0.03110	0.02341	0.00177	0.06886	0.02327	0.02623	0.00639
14	0.08900	0.01273	0.12055	0.03386	0.08264	0.06029	0.03108	0.07415	0.10724	0.10088	0.09083	0.04497	0.02385	0.01691	0.00603	0.00167	0.06189	0.00535	0.02935	0.00674
15	0.01331	0.01354	0.05976	0.11800	0.07224	0.13677	0.03768	0.15657	0.08101	0.01802	0.05405	0.02501	0.02667	0.00678	0.00663	0.03005	0.08173	0.01642	0.00343	0.04232
16	0.00732	0.00558	0.00721	0.00831	0.06651	0.00531	0.00536	0.00917	0.03672	0.01501	0.18972	0.30347	0.15837	0.10598	0.00828	0.00216	0.00328	0.02953	0.02811	0.00461
17	0.00707	0.00520	0.00682	0.00790	0.02515	0.00505	0.00537	0.03251	0.03643	0.01433	0.06401	0.67407	0.03199	0.01462	0.00634	0.00200	0.00318	0.04872	0.00471	0.00453
18	0.00878	0.00439	0.00659	0.00659	0.00659	0.00439	0.00439	0.00659	0.00659	0.00878	0.00878	0.01537	0.00878	0.01757	0.01976	0.85288	0.00439	0.00439	0.00220	0.00220
19	0.67069	0.01102	0.00833	0.00743	0.01044	0.09823	0.00599	0.01558	0.00981	0.06118	0.03521	0.01085	0.02816	0.00524	0.00356	0.00154	0.00442	0.00334	0.00336	0.00563
20	0.01422	0.55592	0.06376	0.00946	0.01352	0.07828	0.00908	0.06153	0.01154	0.06446	0.00885	0.01005	0.00747	0.00719	0.06403	0.00172	0.00636	0.00327	0.00268	0.00661
21	0.00638	0.00453	0.00587	0.00673	0.00722	0.00418	0.00456	0.00715	0.00990	0.01304	0.06480	0.62204	0.13021	0.01532	0.00737	0.06627	0.00297	0.01290	0.00455	0.00401
22	0.00651	0.00509	0.00593	0.00606	0.00739	0.00451	0.00455	0.00814	0.01211	0.01562	0.26277	0.14906	0.41263	0.01257	0.00611	0.00177	0.00272	0.06708	0.00495	0.00442
23	0.02727	0.00944	0.01629	0.57057	0.11534	0.01095	0.08303	0.01315	0.01031	0.01373	0.00993	0.02994	0.00810	0.00579	0.00569	0.03164	0.00656	0.02403	0.00243	0.00582
24	0.05275	0.01135	0.07505	0.13020	0.26511	0.01107	0.06388	0.03363	0.01064	0.03528	0.01076	0.05685	0.00945	0.02105	0.07273	0.00224	0.09444	0.00507	0.00277	0.03567
25	0.01313	0.01106	0.01519	0.06887	0.32179	0.07011	0.02195	0.06385	0.01215	0.08537	0.01228	0.03213	0.01046	0.02923	0.01982	0.00175	0.05189	0.04240	0.06812	0.04844
26	0.01190	0.01277	0.04242	0.16370	0.22800	0.13673	0.05564	0.03330	0.04955	0.01502	0.01572	0.03828	0.11379	0.00654	0.00586	0.00161	0.05426	0.00551	0.00299	0.00640
27	0.51484	0.00901	0.00861	0.03489	0.03147	0.01015	0.00641	0.04079	0.03576	0.06599	0.01164	0.07767	0.01013	0.00635	0.00430	0.00163	0.02626	0.03081	0.06757	0.00573
28	0.05839	0.05488	0.02673	0.00815	0.01027	0.00760	0.10080	0.03312	0.01082	0.01735	0.01629	0.04567	0.03961	0.02496	0.06292	0.00197	0.00462	0.05045	0.42020	0.00520
29	0.01012	0.03561	0.01234	0.03089	0.01256	0.02980	0.09055	0.04988	0.04095	0.04405	0.09337	0.07754	0.01621	0.07027	0.24594	0.00380	0.07582	0.00621	0.00344	0.05064
30	0.16185	0.08589	0.13259	0.09896	0.02721	0.03329	0.07012	0.08827	0.01224	0.07784	0.08531	0.01599	0.02905	0.00634	0.00522	0.03002	0.00549	0.02452	0.00343	0.00635
31	0.01321	0.12985	0.10934	0.01124	0.03952	0.20205	0.03061	0.02736	0.03333	0.05875	0.09486	0.03952	0.03367	0.03353	0.00598	0.00153	0.04520	0.00488	0.00326	0.08230

[dist]
# distance from previous block
# <min> <max>
0	86

# created by:
# /home/cegg/simao/soft/augustus-3.2.1/scripts/msa2prfl.pl ./align_prep/EOG091G0J09.fa
