[name]
unknown

[dist]
# distance from previous block
# <min> <max>
0	173

[block]
# block no. 0 follows, 51 sequences, length 18
# corresponding to MSA columns:
# 173-190
name=unknown_A
#
# <colnr> <probs for GDERKNQSTAVLIFYWHMCP>
#	G	D	E	R	K	N	Q	S	T	A	V	L	I	F	Y	W	H	M	C	P
0	0.00872	0.00573	0.00798	0.00885	0.01009	0.00563	0.00760	0.01084	0.01135	0.06773	0.02566	0.11503	0.02753	0.01322	0.00662	0.00219	0.00437	0.65150	0.00463	0.00474
1	0.01303	0.55417	0.17295	0.01126	0.07773	0.01645	0.01074	0.01553	0.01043	0.06610	0.00826	0.00931	0.00681	0.00443	0.00370	0.00121	0.00561	0.00312	0.00239	0.00675
2	0.00789	0.00604	0.00703	0.03307	0.04633	0.00559	0.00509	0.05287	0.01170	0.04838	0.09403	0.06025	0.49719	0.09369	0.00760	0.00195	0.00325	0.00898	0.00437	0.00470
3	0.00598	0.00432	0.00566	0.00674	0.00710	0.00400	0.00451	0.00685	0.00951	0.01259	0.02838	0.77965	0.07610	0.01523	0.00625	0.00198	0.00283	0.01376	0.00456	0.00400
4	0.01135	0.01079	0.01831	0.15315	0.63059	0.01112	0.01425	0.01421	0.01087	0.01530	0.01019	0.05888	0.00901	0.00510	0.00495	0.00152	0.00578	0.00493	0.00252	0.00720
5	0.01894	0.01065	0.09096	0.03741	0.01504	0.00858	0.06157	0.07485	0.01387	0.56248	0.01705	0.04146	0.01145	0.00606	0.00501	0.00155	0.00489	0.00511	0.00518	0.00790
6	0.00986	0.02542	0.80183	0.01401	0.02127	0.01141	0.01816	0.01556	0.01038	0.01556	0.00882	0.01038	0.00623	0.00467	0.00467	0.00156	0.00726	0.00363	0.00208	0.00726
7	0.00646	0.00560	0.00723	0.00670	0.00842	0.00490	0.06679	0.00801	0.01123	0.01389	0.09357	0.12726	0.56727	0.01197	0.00590	0.00171	0.00307	0.04118	0.00445	0.00438
8	0.05599	0.11513	0.18942	0.01149	0.07744	0.01030	0.01027	0.04355	0.02630	0.29925	0.01459	0.07161	0.01141	0.00627	0.00473	0.00153	0.00507	0.03443	0.00402	0.00720
9	0.00992	0.00949	0.01637	0.63436	0.17211	0.01113	0.05084	0.01317	0.01016	0.01335	0.00889	0.01294	0.00682	0.00478	0.00495	0.00161	0.00651	0.00444	0.00224	0.00594
10	0.01203	0.01154	0.01971	0.06657	0.76128	0.01164	0.01502	0.01496	0.01113	0.01589	0.00922	0.01221	0.00773	0.00440	0.00487	0.00147	0.00587	0.00438	0.00242	0.00768
11	0.00963	0.00909	0.01537	0.72032	0.12627	0.01101	0.01382	0.01286	0.00999	0.01298	0.00880	0.01299	0.00670	0.00485	0.00491	0.00162	0.00646	0.00437	0.00221	0.00574
12	0.01147	0.01247	0.08323	0.15185	0.54370	0.01160	0.08433	0.01478	0.01095	0.01543	0.00919	0.01227	0.00743	0.00447	0.00494	0.00151	0.00629	0.00445	0.00237	0.00727
13	0.00875	0.01039	0.12210	0.01250	0.01543	0.00810	0.26017	0.02648	0.01091	0.01494	0.07059	0.34570	0.02101	0.00962	0.00586	0.00180	0.00532	0.04126	0.00361	0.00545
14	0.00615	0.00450	0.00580	0.00660	0.00719	0.00414	0.00457	0.00729	0.01027	0.01366	0.13321	0.60758	0.12091	0.01429	0.00617	0.00190	0.00279	0.03419	0.00468	0.00411
15	0.01165	0.06716	0.54736	0.01280	0.01876	0.01109	0.04677	0.01645	0.03075	0.12080	0.01127	0.04917	0.00853	0.00543	0.00496	0.00156	0.02114	0.00438	0.00282	0.00716
16	0.01213	0.16769	0.47939	0.01297	0.03480	0.08480	0.02607	0.07009	0.02894	0.02668	0.00899	0.01024	0.00673	0.00476	0.00443	0.00144	0.00678	0.00358	0.00246	0.00706
17	0.01268	0.02969	0.01768	0.07521	0.45382	0.02700	0.04950	0.09841	0.09004	0.03285	0.05572	0.01419	0.01070	0.00516	0.00494	0.00150	0.00557	0.00478	0.00318	0.00739

[dist]
# distance from previous block
# <min> <max>
4	8

[block]
# block no. 1 follows, 51 sequences, length 25
# corresponding to MSA columns:
# 199-223
name=unknown_B
#
# <colnr> <probs for GDERKNQSTAVLIFYWHMCP>
#	G	D	E	R	K	N	Q	S	T	A	V	L	I	F	Y	W	H	M	C	P
0	0.01183	0.01182	0.04291	0.10123	0.70390	0.01160	0.01504	0.01487	0.01104	0.01572	0.00918	0.01219	0.00763	0.00444	0.00486	0.00148	0.00595	0.00436	0.00240	0.00756
1	0.01207	0.01154	0.01943	0.05462	0.74066	0.01167	0.01474	0.01544	0.04229	0.01612	0.00966	0.01244	0.00803	0.00449	0.00487	0.00147	0.00578	0.00443	0.00253	0.00771
2	0.00741	0.00550	0.00763	0.00754	0.00835	0.00629	0.00566	0.00942	0.04463	0.01169	0.01386	0.02138	0.01332	0.17451	0.59709	0.00678	0.02427	0.00558	0.02477	0.00432
3	0.00715	0.00476	0.00536	0.00536	0.00536	0.00476	0.00298	0.00715	0.00715	0.00953	0.01548	0.03216	0.01787	0.82729	0.02501	0.00476	0.00476	0.00715	0.00298	0.00298
4	0.01133	0.01082	0.01844	0.25778	0.57555	0.01146	0.01467	0.01435	0.01079	0.01504	0.00910	0.01243	0.00743	0.00453	0.00488	0.00151	0.00604	0.00438	0.00236	0.00711
5	0.00928	0.00873	0.01474	0.81548	0.03385	0.01092	0.01365	0.01256	0.00983	0.01256	0.00873	0.01310	0.00655	0.00491	0.00491	0.00164	0.00655	0.00437	0.00218	0.00546
6	0.48158	0.01148	0.04690	0.02457	0.01246	0.02652	0.00741	0.21476	0.01303	0.10586	0.00960	0.01013	0.00692	0.00509	0.00387	0.00151	0.00457	0.00345	0.00378	0.00653
7	0.01129	0.37171	0.41822	0.01173	0.01746	0.01479	0.04665	0.01508	0.01033	0.01392	0.02313	0.00993	0.00709	0.00455	0.00409	0.00134	0.00635	0.00339	0.00217	0.00677
8	0.00604	0.00430	0.00569	0.00677	0.00704	0.00403	0.00449	0.00686	0.00930	0.01240	0.02654	0.78671	0.03181	0.05372	0.00716	0.00213	0.00294	0.01365	0.00449	0.00394
9	0.01147	0.00924	0.08490	0.00928	0.04798	0.03962	0.02404	0.04408	0.02282	0.19083	0.06781	0.18038	0.22833	0.00951	0.00545	0.00164	0.00407	0.00814	0.00450	0.00589
10	0.01595	0.01159	0.10982	0.14174	0.18374	0.00979	0.03886	0.05174	0.01265	0.35370	0.01362	0.01408	0.00930	0.00529	0.00492	0.00153	0.00548	0.00458	0.00403	0.00759
11	0.01148	0.01087	0.01798	0.02557	0.62379	0.01090	0.03856	0.01510	0.06663	0.01645	0.06159	0.01605	0.05244	0.00532	0.00501	0.00150	0.00538	0.00511	0.00292	0.00735
12	0.01126	0.06899	0.43826	0.03535	0.02085	0.05072	0.18656	0.05621	0.02752	0.01589	0.00943	0.01141	0.00702	0.00574	0.03204	0.00175	0.00746	0.00419	0.00242	0.00691
13	0.01100	0.01674	0.34056	0.09644	0.05209	0.03831	0.13580	0.01589	0.07514	0.06058	0.01340	0.04796	0.05050	0.00577	0.00521	0.00161	0.01827	0.00510	0.00289	0.00672
14	0.01119	0.05119	0.60058	0.04810	0.08477	0.03840	0.01639	0.01603	0.01076	0.06440	0.00940	0.01089	0.00675	0.00474	0.00465	0.00152	0.00690	0.00375	0.00238	0.00721
15	0.01132	0.10363	0.41332	0.01102	0.01621	0.01069	0.01249	0.02602	0.06781	0.09755	0.09849	0.01551	0.03869	0.00573	0.00467	0.00146	0.00556	0.00458	0.00324	0.05201
16	0.00834	0.04979	0.00970	0.00892	0.03872	0.00760	0.00675	0.01062	0.04113	0.03698	0.05129	0.01962	0.03692	0.02846	0.57995	0.00610	0.04585	0.00538	0.00297	0.00493
17	0.00933	0.01037	0.12888	0.08052	0.05316	0.06426	0.03166	0.01156	0.03733	0.02872	0.01539	0.16639	0.03090	0.11903	0.07687	0.08884	0.00596	0.03278	0.00310	0.00496
18	0.01213	0.07229	0.16948	0.07265	0.29366	0.01207	0.11635	0.06678	0.04556	0.04539	0.03935	0.01305	0.00921	0.00490	0.00488	0.00150	0.00614	0.00454	0.00285	0.00721
19	0.01156	0.04779	0.08813	0.21640	0.35540	0.01207	0.07306	0.05139	0.06658	0.01596	0.00992	0.01255	0.00780	0.00474	0.00487	0.00152	0.00614	0.00443	0.00263	0.00704
20	0.03708	0.01005	0.04074	0.05588	0.11909	0.09629	0.02150	0.04141	0.01058	0.01516	0.03670	0.04502	0.01174	0.02649	0.14917	0.00271	0.08965	0.02145	0.16381	0.00549
21	0.40719	0.01197	0.03741	0.05581	0.07811	0.10348	0.00806	0.09407	0.05254	0.05007	0.00971	0.02700	0.00762	0.00519	0.00396	0.00149	0.00494	0.00371	0.03150	0.00615
22	0.05640	0.01058	0.06568	0.06930	0.03137	0.08937	0.02345	0.09597	0.02205	0.05691	0.06254	0.07624	0.01323	0.01396	0.20216	0.00304	0.00717	0.00532	0.02891	0.06637
23	0.01395	0.04375	0.04851	0.02843	0.32624	0.12464	0.04216	0.10050	0.01292	0.08506	0.01201	0.02758	0.03843	0.00597	0.02227	0.00156	0.00608	0.00456	0.00316	0.05222
24	0.04532	0.05031	0.10948	0.02654	0.16236	0.06734	0.02300	0.05398	0.01214	0.05859	0.15294	0.05141	0.07233	0.02360	0.00529	0.00152	0.00488	0.00569	0.01305	0.06023

[dist]
# distance from previous block
# <min> <max>
15	34

[block]
# block no. 2 follows, 51 sequences, length 46
# corresponding to MSA columns:
# 258-303
name=unknown_C
#
# <colnr> <probs for GDERKNQSTAVLIFYWHMCP>
#	G	D	E	R	K	N	Q	S	T	A	V	L	I	F	Y	W	H	M	C	P
0	0.03649	0.08813	0.07816	0.02799	0.18003	0.03907	0.03398	0.07971	0.10055	0.05823	0.03822	0.09557	0.01275	0.04599	0.02382	0.00179	0.00529	0.00547	0.00345	0.04532
1	0.08813	0.15253	0.12936	0.01346	0.16076	0.04757	0.01019	0.09286	0.06840	0.01678	0.01283	0.16149	0.01218	0.00680	0.00464	0.00152	0.00516	0.00563	0.00322	0.00650
2	0.02777	0.06391	0.06024	0.01081	0.04112	0.00945	0.10908	0.03215	0.02904	0.04667	0.02775	0.03838	0.06690	0.04705	0.08708	0.00218	0.07655	0.00505	0.00309	0.21575
3	0.01063	0.00939	0.01213	0.04431	0.10886	0.07446	0.05483	0.03061	0.06387	0.04345	0.17388	0.03719	0.04008	0.02751	0.00678	0.00176	0.06748	0.14630	0.00387	0.04262
4	0.01165	0.01184	0.04370	0.00998	0.02961	0.15260	0.01850	0.07579	0.24602	0.01760	0.12677	0.07732	0.12532	0.00805	0.00542	0.00159	0.02122	0.00661	0.00424	0.00617
5	0.00608	0.00441	0.00569	0.00666	0.00710	0.00409	0.00452	0.00698	0.00955	0.01256	0.02884	0.68855	0.10817	0.04928	0.00703	0.00209	0.00295	0.03698	0.00449	0.00398
6	0.01284	0.01168	0.09070	0.00919	0.01348	0.00959	0.00815	0.24778	0.01435	0.04292	0.01226	0.01388	0.04151	0.00519	0.00436	0.00115	0.00454	0.02782	0.00365	0.42493
7	0.00972	0.00921	0.01544	0.67811	0.13352	0.01119	0.01371	0.01286	0.00991	0.01299	0.00871	0.01288	0.00671	0.00500	0.00538	0.00164	0.04069	0.00437	0.00222	0.00576
8	0.01343	0.01183	0.01847	0.08650	0.17321	0.02948	0.20908	0.17470	0.05035	0.06394	0.01255	0.01428	0.04139	0.00536	0.00552	0.00154	0.03565	0.00500	0.00338	0.04435
9	0.01014	0.04428	0.70215	0.01486	0.04584	0.01170	0.07250	0.01554	0.01048	0.01549	0.00886	0.01058	0.00636	0.00461	0.00472	0.00155	0.00724	0.00379	0.00212	0.00721
10	0.00686	0.00495	0.00648	0.00625	0.00732	0.00457	0.00463	0.00903	0.01346	0.01899	0.71715	0.11566	0.04498	0.01058	0.00584	0.00159	0.00237	0.00940	0.00532	0.00457
11	0.00637	0.00494	0.00526	0.00528	0.00676	0.00430	0.00397	0.00788	0.01143	0.01468	0.14732	0.06625	0.56872	0.01156	0.00561	0.00162	0.00252	0.03134	0.08991	0.00427
12	0.00983	0.00915	0.01524	0.64463	0.14777	0.01093	0.01345	0.02995	0.01025	0.01345	0.00907	0.01319	0.00702	0.00620	0.03877	0.00187	0.00670	0.00441	0.00230	0.00583
13	0.00978	0.00931	0.01594	0.67434	0.14775	0.01108	0.03660	0.01303	0.01008	0.01317	0.00885	0.01297	0.00676	0.00481	0.00493	0.00161	0.00650	0.00441	0.00223	0.00584
14	0.00608	0.00432	0.00572	0.00680	0.00709	0.00406	0.00454	0.00691	0.00933	0.01243	0.02649	0.77215	0.03170	0.05599	0.00722	0.00214	0.00297	0.02564	0.00448	0.00395
15	0.00928	0.00873	0.01474	0.81548	0.03385	0.01092	0.01365	0.01256	0.00983	0.01256	0.00873	0.01310	0.00655	0.00491	0.00491	0.00164	0.00655	0.00437	0.00218	0.00546
16	0.01068	0.22637	0.60806	0.01261	0.01911	0.01342	0.01572	0.01535	0.01028	0.01456	0.00832	0.00975	0.00625	0.00455	0.00429	0.00143	0.00676	0.00338	0.00208	0.00702
17	0.00895	0.00829	0.01383	0.73440	0.03117	0.01022	0.01274	0.01198	0.00978	0.01255	0.01057	0.09442	0.00915	0.00596	0.00505	0.00167	0.00618	0.00533	0.00242	0.00531
18	0.45756	0.02474	0.04391	0.01046	0.09019	0.10796	0.00780	0.08780	0.02972	0.04497	0.00888	0.01000	0.00683	0.00488	0.00377	0.00146	0.00488	0.00334	0.04472	0.00612
19	0.01005	0.02356	0.69289	0.01444	0.02106	0.01172	0.07510	0.01534	0.01028	0.01534	0.00875	0.01062	0.00633	0.00488	0.00549	0.00160	0.05950	0.00384	0.00211	0.00709
20	0.01019	0.00873	0.01019	0.00728	0.01165	0.00655	0.00582	0.01237	0.01019	0.01601	0.00873	0.01019	0.00728	0.00364	0.00364	0.00073	0.00364	0.00291	0.00291	0.85734
21	0.00595	0.00498	0.00518	0.00513	0.00673	0.00421	0.00385	0.00733	0.01154	0.01408	0.14245	0.04598	0.70148	0.01215	0.00581	0.00165	0.00247	0.01019	0.00467	0.00421
22	0.00864	0.00727	0.01128	0.33765	0.09758	0.00814	0.00960	0.01136	0.04420	0.02763	0.03598	0.28415	0.01768	0.02473	0.03157	0.00201	0.00512	0.02683	0.00336	0.00524
23	0.00598	0.00431	0.00567	0.00676	0.00711	0.00400	0.00452	0.00685	0.00949	0.01258	0.02812	0.78885	0.06707	0.01526	0.00625	0.00198	0.00283	0.01381	0.00456	0.00400
24	0.00714	0.00478	0.00544	0.00544	0.00547	0.00481	0.00308	0.00720	0.00717	0.00959	0.01541	0.03175	0.01769	0.80192	0.05014	0.00486	0.00503	0.00709	0.00297	0.00302
25	0.78369	0.00940	0.00761	0.00668	0.00979	0.01067	0.00550	0.01533	0.00889	0.09459	0.00801	0.00880	0.00596	0.00470	0.00322	0.00152	0.00384	0.00287	0.00332	0.00561
26	0.00986	0.02542	0.80183	0.01401	0.02127	0.01141	0.01816	0.01556	0.01038	0.01556	0.00882	0.01038	0.00623	0.00467	0.00467	0.00156	0.00726	0.00363	0.00208	0.00726
27	0.01519	0.01251	0.03698	0.01061	0.01398	0.03229	0.00868	0.34814	0.38036	0.04393	0.01573	0.01534	0.01167	0.02511	0.00540	0.00164	0.00479	0.00498	0.00480	0.00786
28	0.01143	0.37657	0.36430	0.01160	0.01674	0.01532	0.03119	0.01482	0.00995	0.01344	0.00774	0.00939	0.00631	0.00485	0.00518	0.00140	0.08773	0.00331	0.00210	0.00664
29	0.00963	0.00920	0.08865	0.00893	0.01116	0.04230	0.03846	0.04601	0.05787	0.06495	0.05354	0.11862	0.08510	0.06869	0.25047	0.00372	0.00726	0.00673	0.00359	0.02509
30	0.01178	0.48531	0.30185	0.01102	0.01628	0.01594	0.04972	0.01497	0.01023	0.01326	0.00812	0.01008	0.00682	0.00457	0.00390	0.00129	0.00610	0.01995	0.00216	0.00662
31	0.03476	0.01002	0.01218	0.00950	0.01322	0.00989	0.00780	0.22201	0.09391	0.50704	0.01724	0.01545	0.01133	0.00607	0.00491	0.00152	0.00447	0.00483	0.00562	0.00825
32	0.00773	0.00499	0.00569	0.00561	0.00597	0.00511	0.00350	0.02616	0.00811	0.01164	0.01527	0.02822	0.01626	0.59999	0.09407	0.00439	0.00516	0.00649	0.14214	0.00350
33	0.01131	0.03053	0.02099	0.09234	0.15929	0.03699	0.35069	0.04912	0.01132	0.01522	0.01127	0.08717	0.01010	0.04197	0.00682	0.00178	0.04811	0.00592	0.00275	0.00630
34	0.00928	0.00873	0.01474	0.81548	0.03385	0.01092	0.01365	0.01256	0.00983	0.01256	0.00873	0.01310	0.00655	0.00491	0.00491	0.00164	0.00655	0.00437	0.00218	0.00546
35	0.00614	0.00452	0.00634	0.00722	0.00764	0.00422	0.02573	0.00709	0.00947	0.01263	0.02662	0.80192	0.03182	0.01509	0.00626	0.00199	0.00300	0.01375	0.00451	0.00406
36	0.00944	0.00892	0.01491	0.75411	0.05639	0.01113	0.01356	0.01260	0.00976	0.01263	0.00864	0.01296	0.00658	0.00507	0.00543	0.00166	0.04412	0.00436	0.00219	0.00553
37	0.01089	0.01056	0.01860	0.17443	0.45439	0.01094	0.11315	0.01379	0.01072	0.01490	0.01096	0.09386	0.00996	0.00565	0.00540	0.00159	0.02532	0.00552	0.00260	0.00676
38	0.00706	0.00520	0.00577	0.00591	0.00714	0.00487	0.00432	0.04072	0.01102	0.01471	0.04888	0.26459	0.38728	0.01183	0.00574	0.00167	0.01927	0.01009	0.13953	0.00438
39	0.00986	0.02542	0.80183	0.01401	0.02127	0.01141	0.01816	0.01556	0.01038	0.01556	0.00882	0.01038	0.00623	0.00467	0.00467	0.00156	0.00726	0.00363	0.00208	0.00726
40	0.00617	0.00504	0.00550	0.00567	0.00716	0.00437	0.00437	0.00761	0.01134	0.01391	0.10145	0.08070	0.60835	0.01254	0.00595	0.00174	0.00275	0.10652	0.00462	0.00423
41	0.00891	0.00717	0.01019	0.00923	0.01093	0.00706	0.10303	0.13885	0.01231	0.01626	0.02509	0.45067	0.11902	0.01192	0.00595	0.00184	0.00401	0.04812	0.00436	0.00511
42	0.01493	0.01640	0.33090	0.01229	0.01750	0.01066	0.07961	0.09590	0.08881	0.26273	0.01361	0.01353	0.00926	0.00538	0.00491	0.00156	0.00587	0.00450	0.00393	0.00771
43	0.01101	0.01021	0.01056	0.00782	0.01200	0.08687	0.00619	0.01310	0.01056	0.01561	0.00862	0.01006	0.00718	0.00378	0.00372	0.00078	0.00416	0.00294	0.00287	0.77194
44	0.01034	0.14507	0.68645	0.01317	0.01998	0.01261	0.01671	0.01544	0.01032	0.01497	0.00852	0.01000	0.00624	0.00460	0.00444	0.00148	0.00696	0.00348	0.00208	0.00712
45	0.00879	0.00788	0.08670	0.00727	0.00939	0.02446	0.00625	0.01136	0.02997	0.09121	0.42548	0.08093	0.17176	0.00970	0.00558	0.00159	0.00324	0.00836	0.00486	0.00522

[dist]
# distance from previous block
# <min> <max>
1	4

[block]
# block no. 3 follows, 51 sequences, length 25
# corresponding to MSA columns:
# 309-333
name=unknown_D
#
# <colnr> <probs for GDERKNQSTAVLIFYWHMCP>
#	G	D	E	R	K	N	Q	S	T	A	V	L	I	F	Y	W	H	M	C	P
0	0.86201	0.00950	0.00722	0.00646	0.00950	0.01102	0.00532	0.01445	0.00836	0.02205	0.00684	0.00798	0.00532	0.00456	0.00304	0.00152	0.00380	0.00266	0.00304	0.00532
1	0.00647	0.00453	0.00580	0.00653	0.00679	0.00440	0.00429	0.00716	0.00870	0.01164	0.02274	0.51077	0.02678	0.26432	0.05593	0.00317	0.00406	0.03824	0.00397	0.00372
2	0.00969	0.01020	0.05802	0.72022	0.05856	0.03539	0.01382	0.01302	0.01003	0.01282	0.00872	0.01279	0.00657	0.00489	0.00488	0.00162	0.00664	0.00429	0.00220	0.00564
3	0.01836	0.02342	0.01393	0.01266	0.01519	0.80756	0.00950	0.01962	0.01393	0.01203	0.00760	0.00886	0.00633	0.00506	0.00443	0.00127	0.00886	0.00317	0.00253	0.00570
4	0.01314	0.83025	0.02575	0.00841	0.01261	0.01945	0.00841	0.01472	0.00999	0.01156	0.00683	0.00788	0.00631	0.00420	0.00315	0.00105	0.00526	0.00263	0.00210	0.00631
5	0.00683	0.00463	0.00545	0.00576	0.00584	0.00456	0.00340	0.00706	0.00776	0.01034	0.01861	0.24539	0.02181	0.60869	0.01997	0.00402	0.00425	0.00898	0.00340	0.00325
6	0.01189	0.01243	0.02425	0.02567	0.42986	0.01203	0.37841	0.01540	0.01138	0.01591	0.00958	0.01268	0.00763	0.00427	0.00531	0.00155	0.00700	0.00505	0.00246	0.00723
7	0.01430	0.08036	0.37223	0.01102	0.01621	0.01020	0.01216	0.01859	0.05445	0.28873	0.06284	0.01450	0.01133	0.00558	0.00474	0.00151	0.00553	0.00445	0.00384	0.00743
8	0.02205	0.00836	0.01140	0.00874	0.01254	0.00722	0.00722	0.02395	0.01407	0.80004	0.01939	0.01673	0.01216	0.00608	0.00494	0.00152	0.00418	0.00494	0.00608	0.00836
9	0.00702	0.00502	0.00689	0.00803	0.00877	0.00489	0.00636	0.00864	0.01043	0.01371	0.02651	0.41131	0.03024	0.01442	0.00655	0.00214	0.00375	0.41651	0.00454	0.00428
10	0.01173	0.48543	0.35825	0.01081	0.01632	0.01600	0.01259	0.01508	0.01015	0.01328	0.00768	0.00895	0.00627	0.00440	0.00380	0.00127	0.00612	0.00306	0.00209	0.00672
11	0.01144	0.01210	0.04891	0.15998	0.42426	0.01175	0.22901	0.01486	0.01105	0.01536	0.00934	0.01257	0.00743	0.00441	0.00513	0.00155	0.00669	0.00475	0.00239	0.00705
12	0.00655	0.00492	0.00607	0.00597	0.00714	0.00444	0.00440	0.00842	0.01268	0.01722	0.51438	0.13691	0.23027	0.01130	0.00586	0.00163	0.00243	0.00989	0.00509	0.00444
13	0.01293	0.77912	0.07505	0.00876	0.01316	0.01893	0.00903	0.01477	0.01001	0.01182	0.00696	0.00804	0.00630	0.00423	0.00325	0.00108	0.00538	0.00269	0.00210	0.00637
14	0.01183	0.01528	0.17349	0.01881	0.02415	0.01196	0.59455	0.01615	0.01150	0.05750	0.01023	0.01290	0.00748	0.00434	0.00554	0.00163	0.00787	0.00535	0.00260	0.00684
15	0.03406	0.06634	0.17045	0.01304	0.01773	0.01062	0.22771	0.05468	0.01264	0.27811	0.04311	0.01476	0.02284	0.00535	0.00502	0.00154	0.00596	0.00494	0.00385	0.00725
16	0.00802	0.02734	0.04365	0.00832	0.00960	0.05752	0.00673	0.00980	0.00839	0.01151	0.01262	0.01882	0.01186	0.08484	0.64998	0.00682	0.01188	0.00512	0.00261	0.00455
17	0.00606	0.00442	0.00570	0.00657	0.00709	0.00407	0.00448	0.00709	0.01002	0.01329	0.10019	0.66499	0.11880	0.01457	0.00618	0.00192	0.00276	0.01310	0.00464	0.00407
18	0.01499	0.26857	0.01956	0.01289	0.05589	0.32465	0.12132	0.01695	0.01223	0.05090	0.05145	0.01128	0.00904	0.00495	0.00436	0.00129	0.00692	0.00385	0.00272	0.00620
19	0.00988	0.05003	0.70432	0.01383	0.02058	0.01139	0.05377	0.01516	0.01038	0.01531	0.00962	0.04641	0.00745	0.00510	0.00474	0.00156	0.00705	0.00416	0.00221	0.00706
20	0.00620	0.00492	0.00563	0.00609	0.00733	0.00436	0.00462	0.00751	0.01079	0.01333	0.04046	0.23468	0.48675	0.01334	0.00608	0.00184	0.00291	0.13443	0.00456	0.00417
21	0.00852	0.00636	0.00775	0.00752	0.00877	0.04369	0.03215	0.01044	0.03524	0.06883	0.24143	0.29504	0.09190	0.06917	0.00722	0.00196	0.00350	0.05116	0.00463	0.00473
22	0.17122	0.01132	0.04101	0.03210	0.23688	0.03887	0.02197	0.07127	0.08337	0.14838	0.02300	0.01299	0.00921	0.00610	0.02302	0.00169	0.05266	0.00430	0.00358	0.00705
23	0.25751	0.05846	0.06978	0.01139	0.04244	0.05592	0.09155	0.23102	0.03903	0.04580	0.01055	0.04675	0.00840	0.00550	0.00439	0.00151	0.00538	0.00432	0.00357	0.00673
24	0.15157	0.01274	0.06070	0.05989	0.04389	0.04920	0.26740	0.10513	0.10903	0.04659	0.03836	0.01339	0.00951	0.00513	0.00491	0.00157	0.00611	0.00481	0.00336	0.00671

[dist]
# distance from previous block
# <min> <max>
0	37

[block]
# block no. 4 follows, 51 sequences, length 21
# corresponding to MSA columns:
# 371-391
name=unknown_E
#
# <colnr> <probs for GDERKNQSTAVLIFYWHMCP>
#	G	D	E	R	K	N	Q	S	T	A	V	L	I	F	Y	W	H	M	C	P
0	0.03611	0.01282	0.04990	0.05390	0.23303	0.10715	0.11150	0.07973	0.05105	0.14151	0.01334	0.04029	0.03602	0.00561	0.00498	0.00152	0.00596	0.00501	0.00349	0.00708
1	0.11994	0.05808	0.01272	0.01022	0.01240	0.18957	0.03290	0.05115	0.01138	0.08696	0.07119	0.05650	0.01184	0.00882	0.06199	0.00200	0.16196	0.00476	0.00329	0.03233
2	0.01272	0.55172	0.15819	0.01170	0.09558	0.01662	0.01073	0.01559	0.03769	0.03764	0.00828	0.00940	0.00693	0.00445	0.00371	0.00122	0.00558	0.00316	0.00236	0.00674
3	0.00790	0.08218	0.05564	0.00726	0.00886	0.03695	0.00594	0.00980	0.01170	0.01572	0.36298	0.21264	0.06651	0.05778	0.00669	0.00181	0.00348	0.03703	0.00439	0.00472
4	0.01317	0.06026	0.04467	0.04534	0.40070	0.04805	0.03204	0.04174	0.01187	0.11580	0.04637	0.01451	0.03083	0.00633	0.03206	0.00168	0.02460	0.00466	0.00315	0.02218
5	0.00907	0.03066	0.13274	0.00780	0.01034	0.00662	0.00719	0.01215	0.04005	0.09066	0.45536	0.02958	0.09950	0.00977	0.03533	0.00178	0.00382	0.00741	0.00467	0.00550
6	0.01019	0.03819	0.07753	0.04733	0.13728	0.01008	0.04057	0.06340	0.07799	0.01581	0.04619	0.15918	0.07636	0.00801	0.00660	0.00164	0.11127	0.00665	0.00342	0.06231
7	0.04888	0.47401	0.18844	0.01000	0.01450	0.03520	0.01043	0.04191	0.06594	0.02940	0.00861	0.00959	0.00705	0.00476	0.00417	0.00129	0.03344	0.00323	0.00253	0.00664
8	0.01151	0.34359	0.34889	0.01236	0.07916	0.01403	0.01273	0.01499	0.01065	0.03753	0.06430	0.01159	0.00942	0.00488	0.00417	0.00135	0.00590	0.00370	0.00247	0.00677
9	0.28456	0.08484	0.07960	0.00991	0.01356	0.09888	0.03779	0.14150	0.11479	0.04691	0.01022	0.01084	0.00774	0.00515	0.00423	0.00146	0.01391	0.00368	0.00346	0.02699
10	0.00921	0.04417	0.00924	0.04209	0.01067	0.03773	0.00635	0.01480	0.24643	0.01772	0.30652	0.05702	0.12605	0.00901	0.00541	0.00162	0.00349	0.04211	0.00472	0.00564
11	0.01319	0.03910	0.01214	0.01014	0.01313	0.01291	0.00803	0.13541	0.64990	0.02176	0.01836	0.01703	0.01374	0.00647	0.00492	0.00162	0.00416	0.00529	0.00489	0.00781
12	0.00747	0.00579	0.00707	0.00701	0.00784	0.03289	0.00516	0.00818	0.00871	0.01135	0.02228	0.07976	0.21059	0.09372	0.28756	0.14628	0.04426	0.00702	0.00317	0.00389
13	0.01040	0.15880	0.67321	0.01308	0.01983	0.01274	0.01654	0.01542	0.01031	0.01490	0.00849	0.00996	0.00624	0.00459	0.00442	0.00147	0.00693	0.00347	0.00208	0.00710
14	0.01262	0.23999	0.32255	0.01234	0.05131	0.01410	0.02955	0.17882	0.01289	0.01750	0.00928	0.01102	0.00731	0.02810	0.03094	0.00169	0.00640	0.00376	0.00276	0.00704
15	0.00598	0.00482	0.00535	0.00570	0.00695	0.00419	0.00417	0.00720	0.01079	0.01331	0.06166	0.25759	0.53413	0.01323	0.00598	0.00178	0.00268	0.04578	0.00458	0.00414
16	0.01105	0.04062	0.13263	0.01610	0.10845	0.01066	0.28452	0.04799	0.01159	0.04915	0.04305	0.10702	0.03949	0.00671	0.00587	0.00166	0.03870	0.03519	0.00315	0.00641
17	0.01381	0.03318	0.26542	0.01607	0.15469	0.03781	0.12630	0.03766	0.03047	0.19201	0.03645	0.01349	0.00955	0.00511	0.00494	0.00153	0.00620	0.00457	0.00336	0.00739
18	0.00814	0.00690	0.02906	0.00888	0.03034	0.03777	0.02329	0.02814	0.01111	0.01452	0.02625	0.24942	0.11604	0.01230	0.00609	0.00195	0.00410	0.33102	0.04998	0.00468
19	0.16839	0.00964	0.01142	0.06185	0.01379	0.00979	0.00767	0.18634	0.01475	0.41125	0.04582	0.01466	0.01112	0.00586	0.00463	0.00152	0.00446	0.00455	0.00501	0.00748
20	0.01278	0.07140	0.14835	0.02342	0.21557	0.03747	0.06371	0.05068	0.02290	0.13018	0.10368	0.01659	0.04121	0.00577	0.00487	0.00147	0.00538	0.00503	0.03261	0.00692

[dist]
# distance from previous block
# <min> <max>
0	9

[block]
# block no. 5 follows, 51 sequences, length 32
# corresponding to MSA columns:
# 402-412,433-453
name=unknown_F
#
# <colnr> <probs for GDERKNQSTAVLIFYWHMCP>
#	G	D	E	R	K	N	Q	S	T	A	V	L	I	F	Y	W	H	M	C	P
0	0.03365	0.22859	0.17215	0.01291	0.07948	0.08687	0.05781	0.07075	0.05695	0.03854	0.04935	0.01197	0.00934	0.00534	0.00525	0.00144	0.06602	0.00402	0.00287	0.00669
1	0.04743	0.03942	0.06176	0.13046	0.13145	0.03609	0.04890	0.01230	0.03226	0.01376	0.03449	0.12580	0.01281	0.05648	0.07638	0.02631	0.09960	0.00593	0.00285	0.00551
2	0.01391	0.71265	0.02408	0.00896	0.01299	0.09347	0.00856	0.05417	0.01102	0.01259	0.00716	0.00817	0.00641	0.00437	0.00336	0.00109	0.00560	0.00277	0.00229	0.00635
3	0.01142	0.00850	0.01033	0.00972	0.01173	0.06151	0.05186	0.11152	0.03537	0.07626	0.02047	0.07799	0.02019	0.01007	0.00580	0.00187	0.00480	0.38028	0.08475	0.00558
4	0.05290	0.22177	0.11885	0.01412	0.11433	0.08525	0.08960	0.10231	0.04261	0.01617	0.00901	0.01078	0.00732	0.00592	0.02831	0.00162	0.06582	0.00387	0.00271	0.00671
5	0.00690	0.03215	0.00678	0.00613	0.00742	0.00506	0.00467	0.00872	0.01231	0.01650	0.43957	0.06805	0.24037	0.05854	0.00692	0.00182	0.00279	0.06604	0.00484	0.00443
6	0.00739	0.00604	0.00645	0.00616	0.00797	0.00566	0.00475	0.05423	0.08259	0.01580	0.13175	0.04178	0.54914	0.01132	0.00573	0.00167	0.00287	0.04918	0.00472	0.00480
7	0.00930	0.04332	0.00911	0.00836	0.01001	0.03245	0.00636	0.02864	0.28374	0.01610	0.05386	0.31762	0.06087	0.01134	0.02365	0.00193	0.00388	0.06928	0.00454	0.00564
8	0.01107	0.01175	0.08683	0.05910	0.24736	0.01117	0.10500	0.03100	0.18735	0.01659	0.03527	0.03336	0.01175	0.00779	0.05245	0.00200	0.04761	0.03244	0.00323	0.00688
9	0.00731	0.00502	0.00622	0.00633	0.00691	0.00496	0.00423	0.00864	0.03563	0.03206	0.15960	0.23113	0.04328	0.34055	0.08320	0.00350	0.00448	0.00898	0.00397	0.00397
10	0.00710	0.00481	0.00606	0.00661	0.00746	0.00436	0.00463	0.00815	0.01008	0.05868	0.04617	0.54002	0.17125	0.05127	0.00693	0.00201	0.00301	0.03749	0.00457	0.01935
11	0.01174	0.01204	0.05117	0.04825	0.37278	0.01155	0.22793	0.02614	0.10630	0.01671	0.01115	0.01354	0.00876	0.00472	0.00506	0.00153	0.00615	0.00490	0.05239	0.00718
12	0.00717	0.00505	0.00609	0.00612	0.00623	0.00530	0.00381	0.00747	0.00751	0.01017	0.01631	0.12998	0.01871	0.62333	0.08148	0.00452	0.04660	0.00772	0.00311	0.00333
13	0.00610	0.00451	0.00562	0.00641	0.00701	0.00414	0.00439	0.00707	0.00984	0.01279	0.05341	0.57134	0.19095	0.06185	0.00727	0.00208	0.00292	0.03380	0.00449	0.00400
14	0.00732	0.05322	0.00818	0.00762	0.00854	0.00581	0.03055	0.04719	0.01050	0.01397	0.06801	0.65070	0.02964	0.01356	0.00599	0.00188	0.00330	0.02514	0.00442	0.00448
15	0.21200	0.04261	0.01624	0.06457	0.35707	0.03435	0.08432	0.01426	0.01020	0.01648	0.00930	0.02980	0.00793	0.00741	0.07178	0.00203	0.00624	0.00429	0.00262	0.00647
16	0.03183	0.03745	0.00777	0.00809	0.04820	0.00574	0.00579	0.00917	0.01084	0.01493	0.17880	0.26915	0.09485	0.05933	0.00696	0.00199	0.00343	0.16806	0.03310	0.00453
17	0.00854	0.00427	0.00640	0.00640	0.00640	0.00427	0.00427	0.00640	0.00640	0.00854	0.00854	0.01494	0.00854	0.01707	0.01921	0.85702	0.00427	0.00427	0.00213	0.00213
18	0.44729	0.01187	0.00977	0.00835	0.01152	0.16495	0.00670	0.01829	0.01115	0.25210	0.01073	0.01076	0.00756	0.00511	0.00388	0.00147	0.00490	0.00344	0.00385	0.00630
19	0.01214	0.21135	0.17829	0.04828	0.22781	0.09578	0.08610	0.01523	0.01115	0.01448	0.04843	0.01183	0.00885	0.00475	0.00451	0.00139	0.00638	0.00405	0.00244	0.00675
20	0.01147	0.17212	0.27090	0.01634	0.05400	0.02851	0.32895	0.01545	0.01084	0.01475	0.00885	0.01114	0.00682	0.00445	0.00511	0.00151	0.02538	0.00437	0.00227	0.00677
21	0.00605	0.00438	0.00574	0.00680	0.00721	0.00407	0.00464	0.00699	0.00961	0.01268	0.02864	0.73902	0.08599	0.01512	0.00626	0.00198	0.00289	0.04334	0.00456	0.00402
22	0.01819	0.02136	0.01454	0.01315	0.03728	0.67552	0.03989	0.04079	0.01402	0.06829	0.00868	0.00976	0.00688	0.00510	0.00455	0.00131	0.00833	0.00346	0.00284	0.00605
23	0.07470	0.01363	0.04108	0.03569	0.07795	0.12014	0.05300	0.32106	0.01663	0.14776	0.04202	0.01300	0.00974	0.00559	0.00480	0.00148	0.00574	0.00444	0.00416	0.00738
24	0.03323	0.00809	0.01295	0.62127	0.02776	0.00975	0.01164	0.01220	0.01008	0.03708	0.05597	0.01671	0.05242	0.00789	0.06149	0.00207	0.00641	0.00498	0.00267	0.00535
25	0.03164	0.06465	0.21270	0.02052	0.01579	0.02912	0.05504	0.14171	0.10150	0.05130	0.01114	0.01199	0.00834	0.00492	0.00443	0.00133	0.00537	0.00396	0.03395	0.19060
26	0.06263	0.15828	0.17658	0.01129	0.06905	0.01142	0.03137	0.06510	0.08450	0.08446	0.03551	0.08175	0.04184	0.00622	0.00456	0.00145	0.00500	0.00508	0.00343	0.06046
27	0.01376	0.08922	0.18517	0.02978	0.01587	0.04241	0.07169	0.05400	0.02981	0.19611	0.01162	0.01306	0.00868	0.00889	0.08802	0.00223	0.12522	0.00436	0.00333	0.00678
28	0.04266	0.01764	0.44082	0.01178	0.01666	0.03645	0.06372	0.02733	0.02090	0.01672	0.17866	0.05954	0.03314	0.00657	0.00503	0.00157	0.00579	0.00557	0.00314	0.00632
29	0.01175	0.01125	0.01910	0.08977	0.71454	0.01139	0.01463	0.01465	0.01109	0.01570	0.01041	0.01328	0.03108	0.00466	0.00490	0.00148	0.00579	0.00456	0.00248	0.00750
30	0.00954	0.00780	0.01165	0.31445	0.04598	0.00865	0.03466	0.03426	0.07541	0.04057	0.01903	0.08678	0.07986	0.00846	0.00550	0.00178	0.00506	0.17609	0.02897	0.00549
31	0.12926	0.01218	0.01315	0.01077	0.03640	0.01332	0.00857	0.49328	0.09241	0.12243	0.01278	0.01253	0.00904	0.00577	0.00468	0.00150	0.00491	0.00436	0.00475	0.00789

[dist]
# distance from previous block
# <min> <max>
4	50

[block]
# block no. 6 follows, 51 sequences, length 123
# corresponding to MSA columns:
# 504-626
name=unknown_G
#
# <colnr> <probs for GDERKNQSTAVLIFYWHMCP>
#	G	D	E	R	K	N	Q	S	T	A	V	L	I	F	Y	W	H	M	C	P
0	0.01733	0.03961	0.01377	0.01055	0.01394	0.10995	0.08618	0.09813	0.06809	0.36302	0.09150	0.01769	0.01433	0.00630	0.00504	0.00151	0.00516	0.02580	0.00483	0.00727
1	0.03205	0.01246	0.01446	0.11224	0.03461	0.01388	0.02648	0.56830	0.05626	0.02671	0.01199	0.02723	0.00890	0.00588	0.00489	0.00151	0.00540	0.00465	0.02440	0.00769
2	0.02119	0.00817	0.01113	0.00860	0.01225	0.00708	0.00708	0.02311	0.01406	0.75554	0.06356	0.01787	0.01412	0.00631	0.00499	0.00152	0.00408	0.00517	0.00604	0.00815
3	0.01165	0.00977	0.01127	0.01020	0.02967	0.01081	0.04358	0.02243	0.58357	0.05071	0.02337	0.02251	0.11883	0.00739	0.00518	0.00167	0.00398	0.02143	0.00480	0.00720
4	0.00898	0.00830	0.01358	0.01141	0.01267	0.00975	0.15014	0.01075	0.00837	0.01208	0.01090	0.01737	0.01041	0.12718	0.32222	0.00463	0.24850	0.00533	0.00251	0.00491
5	0.04763	0.01248	0.07946	0.08069	0.19782	0.04678	0.01096	0.12386	0.19993	0.10378	0.01358	0.01510	0.01034	0.00572	0.00487	0.00156	0.00532	0.02890	0.00383	0.00740
6	0.01160	0.01326	0.02900	0.02071	0.02568	0.01243	0.77879	0.01574	0.01160	0.01574	0.00994	0.01326	0.00746	0.00414	0.00580	0.00166	0.00829	0.00580	0.00249	0.00663
7	0.01222	0.01056	0.01111	0.01000	0.01278	0.01222	0.00778	0.02611	0.78776	0.02056	0.02000	0.01833	0.01500	0.00667	0.00500	0.00167	0.00389	0.00556	0.00500	0.00778
8	0.04909	0.03622	0.27528	0.11507	0.07810	0.01081	0.20323	0.01419	0.01099	0.01587	0.09448	0.01634	0.01201	0.00553	0.00510	0.00160	0.00645	0.04049	0.00274	0.00639
9	0.03569	0.01258	0.14268	0.01045	0.01427	0.01056	0.03850	0.25632	0.07385	0.17441	0.10396	0.06342	0.02751	0.00682	0.00507	0.00156	0.00488	0.00565	0.00457	0.00725
10	0.00702	0.00527	0.00790	0.00790	0.00878	0.00614	0.00614	0.00878	0.00790	0.01141	0.01316	0.01931	0.01229	0.03686	0.80782	0.00790	0.01316	0.00527	0.00263	0.00439
11	0.00603	0.00437	0.00570	0.00667	0.00710	0.00404	0.00451	0.00700	0.00980	0.01301	0.07247	0.72281	0.08861	0.01488	0.00621	0.00195	0.00279	0.01342	0.00461	0.00404
12	0.01163	0.01256	0.09852	0.18381	0.51689	0.01166	0.01472	0.04690	0.02687	0.01602	0.00942	0.01228	0.00755	0.00462	0.00486	0.00151	0.00607	0.00433	0.00250	0.00729
13	0.01019	0.00873	0.01019	0.00728	0.01165	0.00655	0.00582	0.01237	0.01019	0.01601	0.00873	0.01019	0.00728	0.00364	0.00364	0.00073	0.00364	0.00291	0.00291	0.85734
14	0.00599	0.00428	0.00570	0.00684	0.00713	0.00399	0.00456	0.00684	0.00941	0.01254	0.02709	0.82409	0.03250	0.01540	0.00627	0.00200	0.00285	0.01397	0.00456	0.00399
15	0.00694	0.00471	0.00557	0.00588	0.00600	0.00465	0.00358	0.00725	0.00785	0.01045	0.01853	0.20226	0.02155	0.61018	0.02003	0.00404	0.00434	0.04951	0.00340	0.00328
16	0.01081	0.01046	0.01554	0.59418	0.15770	0.06634	0.01340	0.04789	0.01093	0.01392	0.00888	0.01260	0.00682	0.00488	0.00487	0.00158	0.00654	0.00429	0.00237	0.00599
17	0.01217	0.01157	0.01964	0.04602	0.69590	0.01163	0.04654	0.04518	0.01160	0.01646	0.00982	0.03316	0.00840	0.00473	0.00494	0.00149	0.00586	0.00469	0.00258	0.00761
18	0.00599	0.00428	0.00570	0.00684	0.00713	0.00399	0.00456	0.00684	0.00941	0.01254	0.02709	0.82409	0.03250	0.01540	0.00627	0.00200	0.00285	0.01397	0.00456	0.00399
19	0.01122	0.01045	0.01796	0.34901	0.43571	0.01128	0.04412	0.01431	0.01072	0.03484	0.00933	0.01271	0.00738	0.00463	0.00492	0.00154	0.00618	0.00444	0.00243	0.00681
20	0.01444	0.01511	0.01690	0.05346	0.39674	0.24490	0.01235	0.09109	0.04674	0.01622	0.00935	0.01141	0.00763	0.00501	0.00519	0.00145	0.03809	0.00408	0.00279	0.00704
21	0.02956	0.01228	0.01758	0.17049	0.37611	0.11249	0.07334	0.01507	0.01104	0.04222	0.00953	0.02534	0.00795	0.02007	0.00593	0.00160	0.05564	0.00452	0.00257	0.00667
22	0.01577	0.01462	0.04541	0.01222	0.05952	0.15979	0.00945	0.28089	0.28326	0.04708	0.01382	0.01363	0.01027	0.00588	0.00484	0.00151	0.00558	0.00456	0.00428	0.00759
23	0.00617	0.00450	0.00568	0.00640	0.00704	0.00412	0.00441	0.00733	0.01033	0.01379	0.13515	0.57144	0.15589	0.01394	0.00606	0.00186	0.00271	0.01246	0.02660	0.00412
24	0.01200	0.03853	0.01179	0.00829	0.01251	0.00853	0.02177	0.11202	0.04854	0.05082	0.01006	0.01103	0.00795	0.00420	0.00395	0.00093	0.00405	0.00336	0.00336	0.62631
25	0.01439	0.10813	0.33195	0.01106	0.01621	0.01098	0.02392	0.06979	0.04489	0.24729	0.01402	0.01390	0.03981	0.00547	0.00465	0.00147	0.00560	0.00432	0.00370	0.02845
26	0.01314	0.83025	0.02575	0.00841	0.01261	0.01945	0.00841	0.01472	0.00999	0.01156	0.00683	0.00788	0.00631	0.00420	0.00315	0.00105	0.00526	0.00263	0.00210	0.00631
27	0.00582	0.00495	0.00501	0.00505	0.00666	0.00414	0.00377	0.00704	0.01113	0.01325	0.04886	0.07875	0.76378	0.01257	0.00583	0.00167	0.00250	0.01052	0.00456	0.00414
28	0.01018	0.00815	0.01159	0.01400	0.21682	0.00828	0.02918	0.09646	0.07451	0.03350	0.01851	0.34689	0.01936	0.05406	0.00654	0.00187	0.00427	0.00862	0.03132	0.00591
29	0.01212	0.38125	0.34194	0.01169	0.04717	0.05206	0.01253	0.01540	0.01043	0.03864	0.00842	0.01007	0.00684	0.02696	0.00456	0.00140	0.00622	0.00333	0.00228	0.00670
30	0.01705	0.01208	0.01350	0.01063	0.01387	0.01347	0.00874	0.56848	0.01950	0.08464	0.01226	0.01286	0.00894	0.00743	0.03942	0.00178	0.07684	0.00450	0.06633	0.00766
31	0.00601	0.00451	0.00559	0.00643	0.00711	0.00409	0.00446	0.00702	0.00995	0.01281	0.03302	0.59245	0.23300	0.01456	0.00617	0.00192	0.00281	0.03948	0.00456	0.00405
32	0.01195	0.00953	0.01054	0.04043	0.01264	0.01063	0.00742	0.09999	0.48440	0.05191	0.09063	0.06071	0.07252	0.00764	0.00518	0.00164	0.00387	0.00642	0.00491	0.00705
33	0.08743	0.37614	0.20763	0.02776	0.01453	0.06080	0.01025	0.01487	0.02943	0.02960	0.01060	0.02917	0.04321	0.00629	0.03229	0.00155	0.00590	0.00376	0.00254	0.00626
34	0.00581	0.00498	0.00498	0.00498	0.00664	0.00415	0.00373	0.00705	0.01120	0.01328	0.04978	0.04729	0.79464	0.01245	0.00581	0.00166	0.00249	0.01037	0.00456	0.00415
35	0.00746	0.00575	0.00638	0.00609	0.00768	0.00552	0.00460	0.01100	0.12317	0.01709	0.30716	0.03658	0.34117	0.01012	0.00546	0.00157	0.00261	0.00859	0.08710	0.00488
36	0.02865	0.01173	0.04604	0.06908	0.54246	0.02850	0.06477	0.03552	0.01154	0.02888	0.04468	0.04541	0.01032	0.00518	0.00498	0.00151	0.00581	0.00498	0.00277	0.00720
37	0.01007	0.00931	0.01121	0.02587	0.01073	0.06948	0.02170	0.03824	0.00854	0.01170	0.01057	0.01942	0.01119	0.33278	0.03657	0.00321	0.35685	0.00540	0.00262	0.00456
38	0.00667	0.00482	0.00644	0.00739	0.00810	0.00459	0.00560	0.00811	0.01047	0.01383	0.08568	0.46745	0.08108	0.01422	0.00637	0.00203	0.00333	0.25500	0.00461	0.00422
39	0.00653	0.00485	0.00617	0.00707	0.00769	0.00467	0.00497	0.00838	0.06064	0.01329	0.02833	0.65072	0.09127	0.01445	0.00619	0.00197	0.00302	0.07090	0.00459	0.00429
40	0.01239	0.19451	0.20162	0.01505	0.06407	0.08963	0.21789	0.01614	0.04344	0.03008	0.00911	0.01105	0.00718	0.00483	0.00544	0.00148	0.06281	0.00415	0.00246	0.00668
41	0.00928	0.00873	0.01474	0.81548	0.03385	0.01092	0.01365	0.01256	0.00983	0.01256	0.00873	0.01310	0.00655	0.00491	0.00491	0.00164	0.00655	0.00437	0.00218	0.00546
42	0.01310	0.16743	0.36618	0.01252	0.01727	0.25563	0.01324	0.01638	0.01118	0.01350	0.00792	0.00950	0.00629	0.00499	0.00516	0.00142	0.06625	0.00336	0.00222	0.00648
43	0.00702	0.00527	0.00790	0.00790	0.00878	0.00614	0.00614	0.00878	0.00790	0.01141	0.01316	0.01931	0.01229	0.03686	0.80782	0.00790	0.01316	0.00527	0.00263	0.00439
44	0.00644	0.00493	0.00590	0.00582	0.00706	0.00439	0.00430	0.00821	0.01245	0.01662	0.44308	0.12471	0.31530	0.01149	0.00585	0.00163	0.00244	0.00997	0.00501	0.00439
45	0.01145	0.01011	0.01653	0.08122	0.49716	0.01038	0.02656	0.01448	0.04105	0.05307	0.01341	0.08208	0.02706	0.00642	0.00556	0.00161	0.03464	0.05723	0.00304	0.00693
46	0.02205	0.00836	0.01140	0.00874	0.01254	0.00722	0.00722	0.02395	0.01407	0.80004	0.01939	0.01673	0.01216	0.00608	0.00494	0.00152	0.00418	0.00494	0.00608	0.00836
47	0.01849	0.01934	0.01427	0.01209	0.01521	0.47251	0.00943	0.34128	0.01781	0.02004	0.00937	0.01010	0.00719	0.00542	0.00464	0.00135	0.00740	0.00370	0.00354	0.00682
48	0.01363	0.73763	0.04961	0.00872	0.01299	0.01851	0.00871	0.04549	0.01069	0.04548	0.00762	0.00849	0.00663	0.00437	0.00335	0.00110	0.00528	0.00283	0.00238	0.00650
49	0.01920	0.00868	0.01113	0.03716	0.01287	0.02378	0.00730	0.08655	0.01435	0.58923	0.05047	0.05600	0.04661	0.00687	0.00506	0.00154	0.00426	0.00565	0.00561	0.00768
50	0.00702	0.00527	0.00790	0.00790	0.00878	0.00614	0.00614	0.00878	0.00790	0.01141	0.01316	0.01931	0.01229	0.03686	0.80782	0.00790	0.01316	0.00527	0.00263	0.00439
51	0.00599	0.00428	0.00570	0.00684	0.00713	0.00399	0.00456	0.00684	0.00941	0.01254	0.02709	0.82409	0.03250	0.01540	0.00627	0.00200	0.00285	0.01397	0.00456	0.00399
52	0.01135	0.04738	0.15487	0.04018	0.02391	0.01249	0.55701	0.01619	0.05652	0.01574	0.01019	0.01286	0.00762	0.00440	0.00544	0.00162	0.00769	0.00526	0.00254	0.00676
53	0.00792	0.00566	0.00792	0.00905	0.01018	0.00566	0.00792	0.01018	0.01131	0.01471	0.02602	0.05543	0.02828	0.01358	0.00679	0.00226	0.00453	0.76356	0.00453	0.00453
54	0.02192	0.00858	0.01154	0.00885	0.01265	0.00754	0.00731	0.05394	0.01442	0.76954	0.01909	0.01653	0.01201	0.00608	0.00494	0.00152	0.00423	0.00492	0.00604	0.00836
55	0.00581	0.00498	0.00498	0.00498	0.00664	0.00415	0.00373	0.00705	0.01120	0.01328	0.04978	0.04729	0.79464	0.01245	0.00581	0.00166	0.00249	0.01037	0.00456	0.00415
56	0.86201	0.00950	0.00722	0.00646	0.00950	0.01102	0.00532	0.01445	0.00836	0.02205	0.00684	0.00798	0.00532	0.00456	0.00304	0.00152	0.00380	0.00266	0.00304	0.00532
57	0.01836	0.02324	0.01394	0.01263	0.01519	0.79258	0.00949	0.03401	0.01410	0.01239	0.00768	0.00892	0.00637	0.00508	0.00444	0.00127	0.00880	0.00319	0.00258	0.00575
58	0.02178	0.00880	0.01168	0.00895	0.01276	0.00787	0.00739	0.08522	0.01480	0.73774	0.01877	0.01633	0.01186	0.00607	0.00494	0.00152	0.00428	0.00490	0.00599	0.00836
59	0.01019	0.00873	0.01019	0.00728	0.01165	0.00655	0.00582	0.01237	0.01019	0.01601	0.00873	0.01019	0.00728	0.00364	0.00364	0.00073	0.00364	0.00291	0.00291	0.85734
60	0.00854	0.00427	0.00640	0.00640	0.00640	0.00427	0.00427	0.00640	0.00640	0.00854	0.00854	0.01494	0.00854	0.01707	0.01921	0.85702	0.00427	0.00427	0.00213	0.00213
61	0.01019	0.00873	0.01019	0.00728	0.01165	0.00655	0.00582	0.01237	0.01019	0.01601	0.00873	0.01019	0.00728	0.00364	0.00364	0.00073	0.00364	0.00291	0.00291	0.85734
62	0.00581	0.00498	0.00498	0.00498	0.00664	0.00415	0.00373	0.00705	0.01120	0.01328	0.04978	0.04729	0.79464	0.01245	0.00581	0.00166	0.00249	0.01037	0.00456	0.00415
63	0.86201	0.00950	0.00722	0.00646	0.00950	0.01102	0.00532	0.01445	0.00836	0.02205	0.00684	0.00798	0.00532	0.00456	0.00304	0.00152	0.00380	0.00266	0.00304	0.00532
64	0.00696	0.00502	0.00657	0.00618	0.00734	0.00464	0.00464	0.00927	0.01391	0.01971	0.79405	0.03671	0.04637	0.01005	0.00580	0.00155	0.00232	0.00889	0.00541	0.00464
65	0.01222	0.01056	0.01111	0.01000	0.01278	0.01222	0.00778	0.02611	0.78776	0.02056	0.02000	0.01833	0.01500	0.00667	0.00500	0.00167	0.00389	0.00556	0.00500	0.00778
66	0.00841	0.00649	0.00820	0.00922	0.01042	0.04331	0.00799	0.01062	0.01144	0.01458	0.02515	0.05325	0.02725	0.01318	0.00668	0.00222	0.00473	0.72786	0.00443	0.00458
