[name]
unknown

[dist]
# distance from previous block
# <min> <max>
0	164

[block]
# block no. 0 follows, 54 sequences, length 22
# corresponding to MSA columns:
# 164-185
name=unknown_A
#
# <colnr> <probs for GDERKNQSTAVLIFYWHMCP>
#	G	D	E	R	K	N	Q	S	T	A	V	L	I	F	Y	W	H	M	C	P
0	0.09220	0.00951	0.01151	0.05295	0.05161	0.03939	0.00778	0.12833	0.03134	0.45396	0.03110	0.01502	0.01084	0.00570	0.00459	0.00145	0.00447	0.01985	0.00480	0.02361
1	0.01167	0.01120	0.01914	0.02894	0.80488	0.01120	0.01447	0.01447	0.01074	0.01540	0.00887	0.01167	0.00747	0.00420	0.00467	0.00140	0.00560	0.00420	0.00233	0.00747
2	0.00890	0.00838	0.01414	0.82296	0.03247	0.01048	0.01309	0.01205	0.00943	0.01205	0.00838	0.01257	0.00629	0.00471	0.00471	0.00157	0.00629	0.00419	0.00210	0.00524
3	0.12294	0.00964	0.01140	0.07646	0.04355	0.05447	0.07332	0.07018	0.20728	0.05987	0.09701	0.01979	0.12123	0.00662	0.00475	0.00152	0.00441	0.00557	0.00393	0.00606
4	0.02038	0.00805	0.01086	0.00829	0.01198	0.00689	0.00684	0.02222	0.01324	0.75426	0.01791	0.01562	0.01135	0.00568	0.00466	0.00141	0.00398	0.00461	0.00563	0.06614
5	0.05735	0.16328	0.12391	0.01002	0.01370	0.07728	0.02018	0.07833	0.32996	0.04104	0.01281	0.01270	0.00973	0.00530	0.00426	0.00140	0.00497	0.00408	0.00356	0.02611
6	0.01386	0.01175	0.01484	0.07308	0.27413	0.04709	0.01065	0.24718	0.19901	0.04184	0.01219	0.01300	0.00923	0.00526	0.00470	0.00146	0.00517	0.00444	0.00370	0.00740
7	0.01047	0.15796	0.43256	0.01266	0.01806	0.03615	0.12134	0.01505	0.05222	0.01429	0.00903	0.01070	0.00692	0.00589	0.04317	0.00168	0.00679	0.00375	0.00227	0.03905
8	0.00573	0.00415	0.00542	0.00644	0.00680	0.00384	0.00432	0.00658	0.00915	0.01209	0.02757	0.77417	0.08721	0.01457	0.00599	0.00189	0.00271	0.01315	0.00438	0.00384
9	0.01494	0.06085	0.01303	0.01101	0.01352	0.45142	0.00850	0.02055	0.29666	0.01447	0.01152	0.01182	0.00909	0.00550	0.00481	0.00138	0.03758	0.00388	0.00325	0.00621
10	0.01127	0.25008	0.01823	0.04672	0.01423	0.01445	0.09316	0.03385	0.00920	0.03534	0.00946	0.01193	0.04883	0.00647	0.00919	0.00162	0.37377	0.00415	0.00239	0.00565
11	0.01070	0.42715	0.11987	0.15868	0.01697	0.01402	0.04720	0.01313	0.00957	0.01206	0.00890	0.01293	0.00798	0.02879	0.04762	0.00171	0.00600	0.04873	0.00223	0.00575
12	0.01734	0.06617	0.01397	0.01193	0.01444	0.77263	0.00905	0.01858	0.01316	0.01152	0.00725	0.00845	0.00607	0.00481	0.00419	0.00120	0.00832	0.00301	0.00241	0.00550
13	0.00784	0.00415	0.00616	0.00627	0.00635	0.00417	0.00423	0.00632	0.00654	0.00876	0.01035	0.10183	0.01086	0.01733	0.06405	0.72050	0.00445	0.00515	0.00232	0.00237
14	0.01254	0.48233	0.14223	0.00936	0.01323	0.14393	0.00926	0.01457	0.01026	0.02996	0.00870	0.05740	0.00796	0.02073	0.00407	0.00125	0.00568	0.00356	0.01707	0.00592
15	0.01212	0.12350	0.23117	0.03979	0.01984	0.08202	0.30535	0.03033	0.01110	0.07107	0.00961	0.02568	0.00734	0.00457	0.00474	0.00145	0.00688	0.00441	0.00255	0.00647
16	0.01024	0.20719	0.57539	0.01236	0.03927	0.01249	0.01470	0.01460	0.00988	0.01410	0.00804	0.00945	0.00608	0.00433	0.00411	0.00135	0.00634	0.00325	0.00204	0.04479
17	0.04384	0.36010	0.35625	0.01039	0.01540	0.02839	0.01177	0.05986	0.01037	0.01413	0.00803	0.00986	0.00659	0.04121	0.00469	0.00142	0.00586	0.00324	0.00224	0.00637
18	0.01028	0.12238	0.49193	0.01187	0.03854	0.01139	0.01344	0.04899	0.06288	0.01572	0.05946	0.01186	0.00919	0.00485	0.00433	0.00137	0.00584	0.00381	0.00257	0.06930
19	0.04875	0.02908	0.10740	0.01080	0.09663	0.04928	0.02156	0.03913	0.02705	0.09204	0.05669	0.01216	0.00963	0.00453	0.00408	0.00111	0.00454	0.00369	0.00315	0.37870
20	0.00994	0.09256	0.65331	0.01286	0.01918	0.01130	0.05498	0.01475	0.01010	0.03318	0.01008	0.01138	0.03639	0.00473	0.00446	0.00146	0.00661	0.00378	0.00219	0.00677
21	0.01096	0.13931	0.56311	0.01268	0.01873	0.01185	0.07184	0.01563	0.02556	0.07432	0.00924	0.01042	0.00666	0.00452	0.00438	0.00143	0.00648	0.00363	0.00237	0.00688

[dist]
# distance from previous block
# <min> <max>
0	13

[block]
# block no. 1 follows, 54 sequences, length 27
# corresponding to MSA columns:
# 199-225
name=unknown_B
#
# <colnr> <probs for GDERKNQSTAVLIFYWHMCP>
#	G	D	E	R	K	N	Q	S	T	A	V	L	I	F	Y	W	H	M	C	P
0	0.01572	0.00896	0.06266	0.07914	0.03931	0.00746	0.02623	0.01827	0.03028	0.45674	0.09460	0.04048	0.01413	0.00601	0.00475	0.00143	0.00427	0.00510	0.00468	0.07976
1	0.74378	0.01055	0.07598	0.00730	0.01060	0.01068	0.02755	0.01434	0.03353	0.02041	0.00721	0.00831	0.00553	0.00444	0.00318	0.00147	0.00405	0.00280	0.00288	0.00537
2	0.08361	0.01134	0.09333	0.01121	0.06321	0.01083	0.05880	0.10793	0.34803	0.01964	0.10166	0.01749	0.03135	0.00620	0.00476	0.00154	0.00443	0.01383	0.00406	0.00677
3	0.00695	0.00453	0.00523	0.00523	0.00528	0.00451	0.00300	0.00678	0.00690	0.00916	0.01520	0.02966	0.04011	0.72857	0.02289	0.08923	0.00446	0.00668	0.00282	0.00281
4	0.01416	0.01210	0.04967	0.06052	0.26337	0.06072	0.05897	0.18598	0.07760	0.12075	0.02752	0.02674	0.00960	0.00526	0.00476	0.00145	0.00546	0.00459	0.00358	0.00720
5	0.01013	0.00842	0.01294	0.11280	0.16568	0.00834	0.08832	0.02951	0.07510	0.06709	0.17159	0.03722	0.08636	0.00662	0.00499	0.00145	0.00444	0.02009	0.00365	0.08526
6	0.02058	0.00788	0.01074	0.00832	0.01184	0.00681	0.00683	0.02237	0.01333	0.77848	0.01888	0.04642	0.01240	0.00617	0.00479	0.00148	0.00396	0.00506	0.00578	0.00787
7	0.04769	0.12641	0.01457	0.00988	0.01351	0.01405	0.00828	0.48955	0.13020	0.04492	0.01167	0.01162	0.00860	0.00540	0.00437	0.00136	0.00480	0.00405	0.00423	0.04484
8	0.03792	0.11436	0.23993	0.03981	0.04473	0.07925	0.07853	0.04058	0.07827	0.11913	0.01970	0.01165	0.00817	0.00486	0.00455	0.00139	0.01880	0.00391	0.00302	0.05143
9	0.01138	0.33652	0.39420	0.01236	0.06752	0.03595	0.03186	0.01491	0.01007	0.03394	0.00801	0.00933	0.00628	0.00432	0.00396	0.00129	0.00613	0.00323	0.00214	0.00662
10	0.00930	0.03381	0.21923	0.01060	0.08644	0.00755	0.03198	0.01230	0.01173	0.08588	0.31110	0.02457	0.12135	0.00741	0.00505	0.00148	0.00421	0.00640	0.00387	0.00575
11	0.00602	0.00435	0.00576	0.00678	0.00726	0.00409	0.00482	0.00707	0.00942	0.01240	0.02720	0.66207	0.07899	0.01433	0.00607	0.00193	0.00296	0.13020	0.00437	0.00392
12	0.03292	0.01369	0.15307	0.02018	0.36263	0.01147	0.12110	0.13692	0.01259	0.07511	0.00993	0.01169	0.00751	0.00457	0.00473	0.00145	0.00594	0.00428	0.00292	0.00730
13	0.06482	0.06695	0.01620	0.08272	0.34843	0.20713	0.01134	0.07504	0.03726	0.01541	0.00862	0.01060	0.00704	0.00468	0.00461	0.00137	0.02486	0.00375	0.00261	0.00656
14	0.00890	0.00838	0.01414	0.82296	0.03247	0.01048	0.01309	0.01205	0.00943	0.01205	0.00838	0.01257	0.00629	0.00471	0.00471	0.00157	0.00629	0.00419	0.00210	0.00524
15	0.00939	0.00706	0.02194	0.03606	0.03225	0.00652	0.04396	0.01296	0.10041	0.09500	0.43784	0.02638	0.05454	0.00772	0.00513	0.00143	0.00328	0.00681	0.00458	0.08674
16	0.00600	0.00488	0.00537	0.02272	0.00711	0.00430	0.00406	0.00735	0.01084	0.01346	0.15614	0.04252	0.57955	0.06914	0.00689	0.00181	0.00270	0.04679	0.00434	0.00402
17	0.01055	0.00998	0.01675	0.15097	0.59233	0.01025	0.01306	0.01320	0.01043	0.01453	0.01194	0.06260	0.05213	0.00534	0.00481	0.00147	0.00536	0.00506	0.00253	0.00671
18	0.01152	0.01021	0.01515	0.01968	0.43365	0.01061	0.02635	0.05705	0.21126	0.03043	0.11169	0.01621	0.01398	0.00554	0.00483	0.00147	0.00470	0.00507	0.00350	0.00710
19	0.05101	0.00786	0.01050	0.00815	0.01161	0.00690	0.00670	0.02174	0.01329	0.72863	0.06871	0.01698	0.01355	0.00603	0.00473	0.00146	0.00388	0.00491	0.00569	0.00769
20	0.01084	0.01000	0.01681	0.28188	0.48894	0.01076	0.01350	0.01365	0.01029	0.03346	0.00943	0.01345	0.00783	0.00482	0.00504	0.00150	0.02825	0.03055	0.00240	0.00660
21	0.00890	0.00838	0.01414	0.82296	0.03247	0.01048	0.01309	0.01205	0.00943	0.01205	0.00838	0.01257	0.00629	0.00471	0.00471	0.00157	0.00629	0.00419	0.00210	0.00524
22	0.07507	0.00879	0.01356	0.66266	0.05299	0.01072	0.01207	0.04122	0.05207	0.01390	0.00894	0.01239	0.00673	0.00480	0.00458	0.00155	0.00589	0.00413	0.00241	0.00552
23	0.05675	0.01053	0.00995	0.08188	0.05812	0.18616	0.00739	0.07114	0.05991	0.02852	0.08395	0.16305	0.12477	0.00831	0.00499	0.00154	0.00476	0.02929	0.00369	0.00529
24	0.06875	0.00921	0.01124	0.00935	0.03237	0.05981	0.07788	0.05892	0.06325	0.13858	0.15424	0.05415	0.03924	0.00623	0.00461	0.00132	0.00419	0.00534	0.00398	0.19734
25	0.22776	0.05068	0.02837	0.02861	0.04192	0.06253	0.03655	0.07134	0.10927	0.18713	0.01442	0.02253	0.06381	0.00578	0.00458	0.00147	0.02861	0.00442	0.00384	0.00639
26	0.14907	0.05890	0.04243	0.00946	0.02904	0.04433	0.02312	0.25744	0.07599	0.06571	0.01213	0.04102	0.02728	0.04004	0.00506	0.00148	0.00465	0.00433	0.00373	0.10480

[dist]
# distance from previous block
# <min> <max>
2	42

[block]
# block no. 2 follows, 54 sequences, length 8
# corresponding to MSA columns:
# 270-277
name=unknown_C
#
# <colnr> <probs for GDERKNQSTAVLIFYWHMCP>
#	G	D	E	R	K	N	Q	S	T	A	V	L	I	F	Y	W	H	M	C	P
0	0.15306	0.01206	0.08507	0.04475	0.08156	0.03727	0.03468	0.19557	0.10733	0.09962	0.03220	0.01240	0.00914	0.00532	0.00480	0.00146	0.03570	0.00413	0.00368	0.04020
1	0.19739	0.00914	0.01134	0.06117	0.17196	0.00943	0.00812	0.08532	0.07616	0.07207	0.07842	0.05761	0.01215	0.00563	0.00430	0.00138	0.00418	0.00465	0.00352	0.12607
2	0.21277	0.08752	0.01375	0.01239	0.14807	0.11360	0.00861	0.23065	0.01342	0.01985	0.00856	0.00968	0.00672	0.00465	0.00395	0.00129	0.00514	0.00339	0.00316	0.09284
3	0.03333	0.00775	0.01013	0.06468	0.08382	0.02144	0.00703	0.03341	0.01166	0.23842	0.12759	0.12002	0.04766	0.00702	0.00475	0.00138	0.00384	0.00602	0.00420	0.16586
4	0.00719	0.00517	0.00658	0.00750	0.07822	0.00511	0.00421	0.00778	0.00815	0.01110	0.11085	0.08614	0.02058	0.60070	0.01873	0.00372	0.00425	0.00728	0.00320	0.00354
5	0.09140	0.01274	0.01411	0.01399	0.16768	0.12790	0.03963	0.27566	0.05181	0.11595	0.03584	0.01232	0.00922	0.00526	0.00455	0.00141	0.00542	0.00421	0.00383	0.00708
6	0.33389	0.01019	0.00951	0.00837	0.02809	0.06967	0.00650	0.12043	0.10972	0.09282	0.03911	0.03179	0.05221	0.00572	0.00404	0.00142	0.00416	0.00426	0.00379	0.06431
7	0.00676	0.00459	0.00511	0.00511	0.00524	0.00452	0.00291	0.00685	0.00716	0.00943	0.01745	0.03200	0.07901	0.76955	0.02255	0.00434	0.00440	0.00710	0.00298	0.00295

[dist]
# distance from previous block
# <min> <max>
23	185

[block]
# block no. 3 follows, 54 sequences, length 65
# corresponding to MSA columns:
# 514-555,558,559,566-586
name=unknown_D
#
# <colnr> <probs for GDERKNQSTAVLIFYWHMCP>
#	G	D	E	R	K	N	Q	S	T	A	V	L	I	F	Y	W	H	M	C	P
0	0.05635	0.08599	0.07633	0.01231	0.11881	0.02951	0.03199	0.19773	0.06942	0.14624	0.01258	0.02188	0.03102	0.00535	0.00462	0.00138	0.02022	0.00426	0.00372	0.07029
1	0.01269	0.05009	0.10135	0.02287	0.04347	0.03802	0.08619	0.23460	0.05064	0.05471	0.04096	0.08373	0.01157	0.00694	0.02662	0.00160	0.02551	0.01779	0.00359	0.08705
2	0.03344	0.04124	0.10863	0.02228	0.13062	0.10015	0.02744	0.20299	0.10897	0.09126	0.02422	0.02206	0.00923	0.00525	0.00453	0.00139	0.00541	0.00423	0.00359	0.05308
3	0.09835	0.05412	0.07069	0.02346	0.14351	0.02941	0.08250	0.22179	0.03176	0.04851	0.03478	0.03759	0.05305	0.00559	0.00455	0.00142	0.00510	0.00470	0.00345	0.04564
4	0.05287	0.08853	0.03737	0.01115	0.09673	0.09814	0.00829	0.16075	0.08818	0.12363	0.09219	0.01506	0.01259	0.02537	0.00491	0.00143	0.00482	0.01284	0.01337	0.05176
5	0.07629	0.06196	0.07583	0.06383	0.11751	0.09223	0.03307	0.12139	0.06217	0.04444	0.01156	0.04102	0.00966	0.00595	0.01330	0.00148	0.01344	0.04176	0.07183	0.04129
6	0.07749	0.02872	0.10175	0.01471	0.19184	0.10269	0.02496	0.13296	0.09758	0.02717	0.01821	0.01170	0.00824	0.00592	0.02518	0.00159	0.07119	0.00400	0.01234	0.04176
7	0.03180	0.04925	0.12862	0.02222	0.06481	0.09266	0.03181	0.27805	0.06285	0.03813	0.03749	0.04255	0.00992	0.00650	0.02655	0.00159	0.03007	0.00448	0.01289	0.02776
8	0.07384	0.14007	0.02589	0.03207	0.08190	0.06913	0.03063	0.25026	0.09799	0.03261	0.01112	0.01230	0.02070	0.00517	0.00426	0.00132	0.00507	0.01838	0.00348	0.08382
9	0.01194	0.08321	0.35547	0.01404	0.11330	0.01126	0.06944	0.07829	0.06230	0.09632	0.01834	0.04568	0.00893	0.00520	0.00460	0.00146	0.00585	0.00441	0.00298	0.00698
10	0.00707	0.00552	0.00752	0.00748	0.00829	0.02945	0.00570	0.00858	0.00768	0.01079	0.01268	0.01938	0.01212	0.10913	0.71790	0.00711	0.01176	0.00516	0.00255	0.00412
11	0.00896	0.00817	0.00987	0.05172	0.01111	0.08586	0.04250	0.03935	0.02412	0.01264	0.03151	0.21452	0.02959	0.09078	0.16950	0.00315	0.13086	0.00701	0.02416	0.00462
12	0.07549	0.01233	0.11566	0.12712	0.20900	0.03843	0.04148	0.08925	0.05365	0.15803	0.01101	0.01225	0.00803	0.00496	0.00480	0.00148	0.02268	0.00416	0.00328	0.00692
13	0.03845	0.03542	0.04392	0.04747	0.32735	0.01230	0.21785	0.13796	0.01227	0.01729	0.00911	0.01155	0.00720	0.00465	0.00547	0.00149	0.05620	0.00445	0.00270	0.00692
14	0.00582	0.00429	0.00545	0.00620	0.00679	0.00392	0.00426	0.00686	0.00980	0.01293	0.11804	0.61330	0.15759	0.01373	0.00589	0.00181	0.00262	0.01229	0.00447	0.00392
15	0.01367	0.01051	0.03986	0.04673	0.41613	0.01008	0.04211	0.03124	0.09351	0.19723	0.01246	0.01353	0.00924	0.00490	0.00468	0.00144	0.00506	0.00448	0.03581	0.00736
16	0.20167	0.04369	0.05725	0.03411	0.04971	0.00995	0.00792	0.13862	0.03695	0.30793	0.05692	0.01360	0.01068	0.00546	0.00430	0.00144	0.00436	0.00421	0.00431	0.00692
17	0.00574	0.00410	0.00547	0.00657	0.00684	0.00383	0.00438	0.00657	0.00903	0.01204	0.02599	0.83122	0.03119	0.01477	0.00602	0.00191	0.00274	0.01340	0.00438	0.00383
18	0.01761	0.02247	0.01336	0.01215	0.01458	0.81537	0.00911	0.01883	0.01336	0.01154	0.00729	0.00850	0.00607	0.00486	0.00425	0.00121	0.00850	0.00304	0.00243	0.00547
19	0.00944	0.01357	0.28178	0.10113	0.10901	0.00911	0.12472	0.01309	0.01022	0.01514	0.02822	0.03839	0.04233	0.00532	0.00456	0.00144	0.00550	0.00479	0.17627	0.00596
20	0.04954	0.05033	0.01320	0.00976	0.01326	0.01307	0.00809	0.57503	0.03670	0.09481	0.01206	0.01208	0.00861	0.00555	0.00445	0.00138	0.00474	0.00418	0.07564	0.00750
21	0.00662	0.00472	0.00599	0.00581	0.00676	0.00438	0.00421	0.00845	0.01209	0.01700	0.59673	0.10510	0.07510	0.09252	0.00738	0.00182	0.00251	0.00874	0.02987	0.00421
22	0.01097	0.00809	0.01021	0.17329	0.01478	0.00881	0.00769	0.18651	0.10576	0.07273	0.09246	0.22173	0.05019	0.00848	0.00517	0.00161	0.00415	0.00733	0.00422	0.00584
23	0.01286	0.31504	0.07216	0.04837	0.12348	0.06006	0.09891	0.07077	0.02765	0.05817	0.00902	0.01099	0.00736	0.00479	0.00474	0.00134	0.04878	0.01640	0.00263	0.00648
24	0.00827	0.00440	0.00634	0.00626	0.00633	0.00458	0.00426	0.00671	0.00646	0.00898	0.00885	0.01504	0.00872	0.04850	0.01753	0.73445	0.03931	0.00423	0.05841	0.00237
25	0.00562	0.00469	0.00490	0.00504	0.00645	0.00397	0.00371	0.00679	0.01059	0.01280	0.06407	0.14646	0.68423	0.01225	0.00563	0.00163	0.00243	0.01036	0.00440	0.00397
26	0.01192	0.03570	0.01694	0.03256	0.26251	0.01091	0.16284	0.07045	0.17281	0.05929	0.10236	0.01588	0.01325	0.00542	0.00493	0.00148	0.00518	0.00517	0.00351	0.00689
27	0.01233	0.11009	0.03256	0.05765	0.40465	0.01252	0.03918	0.12766	0.07335	0.01697	0.01020	0.01299	0.00844	0.00500	0.00491	0.00143	0.03027	0.02987	0.00288	0.00705
28	0.01048	0.01011	0.01447	0.01289	0.05023	0.01339	0.04150	0.04485	0.00836	0.01270	0.00788	0.04913	0.00772	0.00800	0.01328	0.00195	0.65455	0.00464	0.02853	0.00535
29	0.00657	0.00479	0.00620	0.00614	0.00721	0.00443	0.00465	0.00855	0.01246	0.01726	0.59083	0.12164	0.10360	0.01066	0.00569	0.00160	0.00248	0.07593	0.00496	0.00434
30	0.08806	0.26793	0.11946	0.01208	0.08657	0.22035	0.03591	0.04245	0.04572	0.01427	0.02230	0.00974	0.00725	0.00461	0.00394	0.00127	0.00610	0.00333	0.00251	0.00618
31	0.03541	0.10797	0.08802	0.03234	0.20677	0.06976	0.05746	0.17550	0.08327	0.07162	0.02075	0.01186	0.00846	0.00493	0.00448	0.00139	0.00557	0.00410	0.00327	0.00706
32	0.05685	0.06101	0.01350	0.01151	0.01407	0.67820	0.00881	0.04954	0.02551	0.01288	0.00790	0.00952	0.00663	0.00501	0.00420	0.00125	0.00782	0.01760	0.00260	0.00559
33	0.01067	0.00831	0.00980	0.00718	0.01115	0.00646	0.00573	0.03439	0.01037	0.07386	0.00997	0.04560	0.00840	0.00421	0.00373	0.00083	0.00355	0.00343	0.00314	0.73924
34	0.00708	0.00513	0.00662	0.00679	0.00747	0.00547	0.00494	0.03178	0.00908	0.01279	0.03946	0.32150	0.07566	0.09656	0.20346	0.00341	0.05605	0.00859	0.09403	0.00412
35	0.00813	0.00461	0.00493	0.03186	0.00665	0.00453	0.00376	0.01019	0.01022	0.01669	0.07483	0.03767	0.12849	0.00686	0.00388	0.00123	0.00237	0.00564	0.63312	0.00436
36	0.00985	0.37079	0.01462	0.00743	0.02633	0.07826	0.00630	0.01127	0.01057	0.01231	0.06744	0.03713	0.31604	0.00764	0.00433	0.00130	0.00412	0.00598	0.00318	0.00511
37	0.00578	0.00412	0.00546	0.00652	0.00678	0.00385	0.00433	0.00657	0.00895	0.01194	0.02562	0.80456	0.03072	0.04207	0.00662	0.00200	0.00280	0.01319	0.00433	0.00380
38	0.01306	0.01152	0.01205	0.03239	0.03470	0.06869	0.02235	0.14757	0.55965	0.02036	0.01634	0.01556	0.01224	0.00602	0.00475	0.00154	0.00450	0.00494	0.00444	0.00733
39	0.00978	0.00838	0.00978	0.00698	0.01117	0.00629	0.00559	0.01187	0.00978	0.01536	0.00838	0.00978	0.00698	0.00349	0.00349	0.00070	0.00349	0.00279	0.00279	0.86312
40	0.00636	0.00495	0.00546	0.00532	0.00675	0.00439	0.00399	0.02678	0.01167	0.01515	0.26487	0.07406	0.49172	0.01093	0.00546	0.00155	0.00242	0.00928	0.04466	0.00423
41	0.00686	0.00457	0.00514	0.00514	0.00514	0.00457	0.00286	0.00686	0.00686	0.00914	0.01486	0.03086	0.01714	0.83430	0.02400	0.00457	0.00457	0.00686	0.00286	0.00286
42	0.01126	0.03309	0.08992	0.27547	0.32421	0.06581	0.03054	0.01495	0.06072	0.03535	0.00945	0.01200	0.00737	0.00461	0.00463	0.00146	0.00602	0.00413	0.00248	0.00653
43	0.01267	0.76914	0.05800	0.00846	0.01256	0.05065	0.00851	0.01434	0.00975	0.01128	0.00667	0.00770	0.00605	0.00409	0.00314	0.00104	0.00527	0.00258	0.00203	0.00607
44	0.00674	0.00505	0.00758	0.00758	0.00842	0.00589	0.00589	0.00842	0.00758	0.01095	0.01263	0.01852	0.01179	0.03536	0.81561	0.00758	0.01263	0.00505	0.00253	0.00421
45	0.01083	0.09132	0.50948	0.03368	0.05527	0.05857	0.02833	0.04713	0.04456	0.02499	0.00974	0.01234	0.00759	0.00499	0.00450	0.00147	0.00646	0.03958	0.00244	0.00672
46	0.01100	0.01132	0.05099	0.18127	0.55680	0.01111	0.08044	0.01407	0.01048	0.01471	0.00882	0.01186	0.00715	0.00429	0.00475	0.00145	0.00599	0.00429	0.00228	0.00692
47	0.00851	0.00765	0.01093	0.00991	0.01032	0.01010	0.00802	0.00984	0.00739	0.01111	0.00949	0.01470	0.00912	0.03724	0.40456	0.00479	0.41476	0.00463	0.00230	0.00465
48	0.00603	0.00433	0.00569	0.00661	0.00702	0.00411	0.00458	0.00696	0.00908	0.01202	0.02568	0.63323	0.06654	0.07533	0.03447	0.00231	0.00334	0.08466	0.00420	0.00383
49	0.02361	0.01225	0.10864	0.05481	0.26959	0.04636	0.04756	0.07285	0.09059	0.15558	0.02336	0.04107	0.01019	0.00545	0.00476	0.00148	0.00535	0.01596	0.00347	0.00706
50	0.03381	0.17044	0.34507	0.05061	0.07342	0.08586	0.01273	0.11609	0.03185	0.02553	0.00875	0.01001	0.00664	0.00464	0.00422	0.00137	0.00619	0.00349	0.00256	0.00673
51	0.00579	0.00462	0.00518	0.00557	0.00670	0.00405	0.00406	0.00691	0.01015	0.01253	0.03900	0.27614	0.50451	0.03479	0.00626	0.00180	0.00268	0.06102	0.00433	0.00393
52	0.01105	0.11478	0.42647	0.06354	0.05680	0.08160	0.08468	0.03007	0.06033	0.01463	0.00898	0.01056	0.00676	0.00456	0.00444	0.00143	0.00662	0.00373	0.00232	0.00664
53	0.03857	0.07377	0.14603	0.07361	0.12324	0.01095	0.16461	0.05780	0.06604	0.11745	0.01203	0.05098	0.00963	0.00543	0.00478	0.00151	0.00571	0.02804	0.00317	0.00667
54	0.01119	0.07420	0.22192	0.05351	0.25817	0.04836	0.08144	0.04469	0.02066	0.02936	0.01013	0.06910	0.00867	0.00519	0.00478	0.00144	0.01722	0.00460	0.00256	0.03282
55	0.03541	0.03349	0.16467	0.11524	0.13945	0.02646	0.01065	0.01284	0.02876	0.04017	0.03442	0.02448	0.00974	0.03838	0.14877	0.00267	0.07572	0.00444	0.02857	0.02566
56	0.25368	0.05388	0.15039	0.01027	0.03437	0.04946	0.05157	0.15073	0.02967	0.06731	0.00944	0.02137	0.00718	0.00479	0.00401	0.00137	0.00507	0.00361	0.00319	0.08864
57	0.13466	0.02942	0.08988	0.03416	0.17197	0.07208	0.02130	0.21774	0.01369	0.10427	0.01135	0.01220	0.03083	0.00513	0.00436	0.00141	0.00524	0.00404	0.02943	0.00684
58	0.08590	0.02848	0.06726	0.08209	0.09195	0.07316	0.01834	0.14389	0.06162	0.07693	0.06055	0.06901	0.03300	0.02301	0.00524	0.01799	0.00489	0.00503	0.00355	0.04813
59	0.08204	0.06012	0.11738	0.01243	0.10745	0.04656	0.04600	0.17157	0.09801	0.08935	0.01281	0.02266	0.04419	0.00545	0.00467	0.00142	0.02081	0.00437	0.00352	0.04919
60	0.04425	0.10266	0.13524	0.07418	0.08855	0.10365	0.02434	0.21207	0.03463	0.05998	0.04273	0.01209	0.00897	0.01752	0.00470	0.00142	0.00568	0.00401	0.00325	0.02007
61	0.03453	0.07395	0.05666	0.04304	0.08656	0.09043	0.06025	0.22968	0.10481	0.05235	0.01369	0.05360	0.05198	0.00592	0.00464	0.00143	0.00530	0.00487	0.00362	0.02269
62	0.11543	0.09144	0.12325	0.02078	0.02635	0.09729	0.04822	0.15149	0.10762	0.02936	0.05815	0.01279	0.01010	0.02556	0.00488	0.00145	0.01416	0.00409	0.00331	0.05427
63	0.08817	0.04751	0.04531	0.01285	0.13385	0.06540	0.03517	0.24228	0.09844	0.07583	0.01208	0.03502	0.00960	0.00561	0.00451	0.00143	0.00506	0.02992	0.01910	0.03287
64	0.06955	0.07407	0.13614	0.02567	0.03867	0.05714	0.03564	0.18555	0.05245	0.04412	0.09937	0.04656	0.01283	0.00596	0.00470	0.00141	0.01857	0.01817	0.00353	0.06990

[dist]
# distance from previous block
# <min> <max>
28	193

[block]
# block no. 4 follows, 54 sequences, length 11
# corresponding to MSA columns:
# 918-928
name=unknown_E
#
# <colnr> <probs for GDERKNQSTAVLIFYWHMCP>
#	G	D	E	R	K	N	Q	S	T	A	V	L	I	F	Y	W	H	M	C	P
0	0.08050	0.19894	0.29068	0.01141	0.04357	0.04849	0.03315	0.01729	0.20155	0.01562	0.01049	0.01117	0.00806	0.00483	0.00414	0.00140	0.00553	0.00371	0.00280	0.00667
1	0.09795	0.17269	0.36411	0.01141	0.03139	0.03416	0.03459	0.04589	0.11285	0.03843	0.00971	0.01057	0.00730	0.00471	0.00413	0.00140	0.00574	0.00358	0.00270	0.00669
2	0.10523	0.18407	0.50336	0.01130	0.01694	0.03780	0.01346	0.01514	0.00994	0.05075	0.00830	0.00946	0.00616	0.00445	0.00402	0.00138	0.00613	0.00323	0.00229	0.00658
3	0.04914	0.15812	0.34440	0.01170	0.03493	0.05334	0.01223	0.22301	0.03889	0.01851	0.00912	0.01003	0.00681	0.00479	0.00423	0.00138	0.00596	0.00354	0.00289	0.00697
4	0.01104	0.31377	0.28948	0.00988	0.01422	0.01308	0.01067	0.09840	0.01065	0.01425	0.00908	0.01207	0.00784	0.09082	0.07410	0.00213	0.00631	0.00369	0.00243	0.00610
5	0.01062	0.01522	0.36656	0.01143	0.01591	0.00910	0.09147	0.04491	0.05181	0.10665	0.12178	0.10516	0.01534	0.00657	0.00497	0.00155	0.00538	0.00575	0.00343	0.00640
6	0.00937	0.03951	0.00971	0.00703	0.01059	0.00670	0.00557	0.01190	0.05390	0.01497	0.01252	0.10196	0.04374	0.00527	0.00391	0.00093	0.00343	0.00440	0.00312	0.65146
7	0.01098	0.01057	0.12137	0.00804	0.01256	0.00701	0.00738	0.01352	0.01021	0.10247	0.00952	0.01049	0.00736	0.00389	0.00377	0.00089	0.00403	0.00310	0.00302	0.64982
8	0.09786	0.01262	0.12506	0.02227	0.52779	0.01104	0.01310	0.04502	0.04331	0.01677	0.03484	0.01203	0.00853	0.00458	0.00450	0.00143	0.00539	0.00413	0.00263	0.00709
9	0.01042	0.03932	0.00945	0.00749	0.00996	0.13403	0.00574	0.01260	0.04145	0.04740	0.24967	0.01987	0.01964	0.08967	0.00639	0.00148	0.00410	0.00514	0.00364	0.28252
10	0.00923	0.23333	0.33669	0.00955	0.01375	0.01077	0.01062	0.01239	0.01041	0.01424	0.15544	0.09849	0.05336	0.00669	0.00450	0.00141	0.00495	0.00545	0.00293	0.00581

[dist]
# distance from previous block
# <min> <max>
0	11

[block]
# block no. 5 follows, 54 sequences, length 14
# corresponding to MSA columns:
# 940-953
name=unknown_F
#
# <colnr> <probs for GDERKNQSTAVLIFYWHMCP>
#	G	D	E	R	K	N	Q	S	T	A	V	L	I	F	Y	W	H	M	C	P
0	0.01132	0.01186	0.09979	0.03425	0.23059	0.06342	0.03654	0.03402	0.12109	0.04918	0.09414	0.01538	0.03327	0.00535	0.00461	0.00134	0.00494	0.00466	0.00327	0.14099
1	0.01143	0.01138	0.16024	0.00938	0.01373	0.00769	0.06530	0.01458	0.03638	0.14208	0.04897	0.03735	0.01032	0.00482	0.00425	0.00114	0.00447	0.00411	0.00333	0.40906
2	0.00880	0.00758	0.09385	0.00701	0.00923	0.00571	0.00613	0.01162	0.05138	0.11690	0.39565	0.05253	0.19691	0.00907	0.00532	0.00152	0.00309	0.00778	0.00471	0.00521
3	0.01043	0.10011	0.11123	0.02236	0.15435	0.03079	0.02030	0.02808	0.10935	0.05958	0.16431	0.12082	0.03444	0.00716	0.00485	0.00148	0.00443	0.00620	0.00365	0.00609
4	0.00945	0.10926	0.58985	0.01194	0.01761	0.01082	0.01462	0.01394	0.01017	0.01458	0.04333	0.01622	0.01026	0.00573	0.00462	0.00153	0.00623	0.10099	0.00242	0.00643
5	0.01055	0.12740	0.41281	0.11638	0.10713	0.01195	0.01400	0.01567	0.09523	0.03146	0.00962	0.01111	0.00722	0.00466	0.00438	0.00144	0.00606	0.00375	0.00243	0.00676
6	0.28462	0.41093	0.01691	0.11089	0.01391	0.07155	0.00784	0.01411	0.00933	0.01445	0.00684	0.00829	0.00578	0.00429	0.00329	0.00124	0.00500	0.00278	0.00234	0.00561
7	0.01627	0.00844	0.01024	0.00820	0.01113	0.00834	0.00668	0.20089	0.01443	0.38556	0.01961	0.01868	0.11081	0.00749	0.02910	0.00163	0.03261	0.00523	0.09778	0.00691
8	0.00707	0.00510	0.00611	0.00642	0.02576	0.00507	0.00431	0.00868	0.04223	0.01342	0.13156	0.20910	0.14130	0.22510	0.01046	0.00237	0.03107	0.00849	0.11233	0.00404
9	0.00662	0.00477	0.00657	0.00673	0.00724	0.00521	0.00480	0.00770	0.00758	0.01059	0.01524	0.14199	0.01619	0.26199	0.46859	0.00588	0.00885	0.00680	0.00289	0.00376
10	0.01488	0.05436	0.07243	0.00989	0.01340	0.01182	0.03382	0.34823	0.15573	0.10822	0.01351	0.01349	0.00978	0.00556	0.00448	0.00140	0.00464	0.00441	0.11273	0.00723
11	0.00954	0.00838	0.01355	0.03043	0.35527	0.00819	0.07362	0.01174	0.02220	0.03776	0.01855	0.10975	0.13659	0.11195	0.00754	0.00193	0.00475	0.02938	0.00315	0.00574
12	0.01062	0.00991	0.01645	0.51359	0.32602	0.01110	0.01383	0.01343	0.01035	0.01396	0.00923	0.01311	0.00736	0.00495	0.00498	0.00163	0.00623	0.00441	0.00242	0.00643
13	0.00973	0.00582	0.00648	0.00605	0.00749	0.00585	0.03013	0.01300	0.09579	0.01839	0.06383	0.01932	0.01470	0.00622	0.00397	0.00132	0.00280	0.00499	0.67898	0.00515

[dist]
# distance from previous block
# <min> <max>
0	4

[block]
# block no. 6 follows, 54 sequences, length 7
# corresponding to MSA columns:
# 958-964
name=unknown_G
#
# <colnr> <probs for GDERKNQSTAVLIFYWHMCP>
#	G	D	E	R	K	N	Q	S	T	A	V	L	I	F	Y	W	H	M	C	P
0	0.01116	0.01051	0.01767	0.02644	0.72079	0.01051	0.01325	0.01367	0.01033	0.01475	0.00950	0.01369	0.00849	0.09148	0.00670	0.00173	0.00549	0.00448	0.00239	0.00698
1	0.00604	0.00439	0.00572	0.00637	0.00698	0.00406	0.00448	0.00730	0.01030	0.01388	0.21970	0.54315	0.09054	0.01322	0.00589	0.00180	0.00265	0.04493	0.00458	0.00402
2	0.00684	0.00462	0.00540	0.00540	0.00548	0.00471	0.00317	0.00702	0.00693	0.00933	0.01463	0.02958	0.01659	0.75139	0.10614	0.00488	0.00541	0.00667	0.00282	0.00300
3	0.00749	0.00558	0.00767	0.00727	0.00816	0.00619	0.00559	0.00909	0.00949	0.03852	0.23557	0.02502	0.07258	0.08790	0.36158	0.00446	0.09360	0.00638	0.00348	0.00437
4	0.01140	0.01105	0.01941	0.02693	0.68258	0.01097	0.09314	0.01428	0.01078	0.01530	0.00980	0.01400	0.00849	0.00465	0.00486	0.00146	0.00577	0.04549	0.00245	0.00719
5	0.01155	0.01115	0.01772	0.04862	0.61869	0.04379	0.04073	0.03284	0.03386	0.01547	0.02790	0.03679	0.00923	0.00553	0.02452	0.00158	0.00577	0.00463	0.00259	0.00704
6	0.16915	0.40101	0.16082	0.01103	0.09347	0.03881	0.00991	0.04313	0.01006	0.01477	0.00733	0.00859	0.00608	0.00428	0.00353	0.00124	0.00530	0.00295	0.00232	0.00624

[dist]
# distance from previous block
# <min> <max>
0	5

[block]
# block no. 7 follows, 54 sequences, length 17
# corresponding to MSA columns:
# 970-986
name=unknown_H
#
# <colnr> <probs for GDERKNQSTAVLIFYWHMCP>
#	G	D	E	R	K	N	Q	S	T	A	V	L	I	F	Y	W	H	M	C	P
0	0.33215	0.14560	0.03730	0.01048	0.08544	0.15871	0.00799	0.05720	0.06229	0.05112	0.00856	0.00945	0.00673	0.00466	0.00369	0.00134	0.00514	0.00318	0.00295	0.00603
1	0.04288	0.08305	0.17324	0.01551	0.19627	0.10295	0.05974	0.14379	0.04285	0.06010	0.02917	0.01154	0.00829	0.00486	0.00448	0.00139	0.00592	0.00400	0.00302	0.00692
2	0.00703	0.00463	0.00598	0.00598	0.00621	0.00486	0.00389	0.00718	0.00695	0.00950	0.01320	0.02485	0.01426	0.48446	0.24326	0.13938	0.00674	0.00592	0.00264	0.00311
3	0.05419	0.03554	0.01428	0.01530	0.25218	0.04254	0.05466	0.15055	0.07558	0.07370	0.12891	0.01712	0.05297	0.00594	0.00477	0.00144	0.00476	0.00516	0.00374	0.00669
4	0.01100	0.35327	0.46662	0.01118	0.01686	0.01419	0.01336	0.03910	0.01019	0.01384	0.00778	0.00903	0.00607	0.00434	0.00390	0.00129	0.00613	0.00312	0.00209	0.00663
5	0.00950	0.00868	0.01431	0.33543	0.32401	0.00955	0.01178	0.01205	0.00983	0.01354	0.01159	0.14237	0.01092	0.00623	0.00511	0.00155	0.02523	0.00566	0.03682	0.00584
6	0.86760	0.00912	0.00693	0.00620	0.00912	0.01058	0.00511	0.01386	0.00802	0.02115	0.00657	0.00766	0.00511	0.00438	0.00292	0.00146	0.00365	0.00255	0.00292	0.00511
7	0.00662	0.00506	0.00651	0.00671	0.04176	0.00462	0.00470	0.00860	0.01252	0.01719	0.57900	0.06478	0.20421	0.01008	0.00554	0.00152	0.00243	0.00882	0.00486	0.00446
8	0.86760	0.00912	0.00693	0.00620	0.00912	0.01058	0.00511	0.01386	0.00802	0.02115	0.00657	0.00766	0.00511	0.00438	0.00292	0.00146	0.00365	0.00255	0.00292	0.00511
9	0.01063	0.00944	0.01019	0.01032	0.06245	0.06294	0.00749	0.01846	0.43190	0.01639	0.01881	0.05280	0.03532	0.08401	0.00714	0.00195	0.02650	0.12298	0.00413	0.00615
10	0.00576	0.00417	0.00545	0.00643	0.00681	0.00386	0.00433	0.00665	0.00927	0.01229	0.05131	0.75567	0.08171	0.01443	0.00598	0.00188	0.00270	0.01303	0.00440	0.00386
11	0.00908	0.00848	0.01106	0.06252	0.01160	0.05056	0.00808	0.01028	0.00771	0.01095	0.00948	0.01577	0.00940	0.14198	0.23449	0.00388	0.38302	0.00475	0.00233	0.00457
12	0.00586	0.00431	0.00542	0.00612	0.00669	0.00395	0.00417	0.00685	0.00964	0.01269	0.10629	0.57711	0.16422	0.05494	0.00680	0.00195	0.00272	0.01200	0.00438	0.00387
13	0.01128	0.01180	0.06984	0.02695	0.72146	0.01089	0.01422	0.01419	0.01069	0.01526	0.01043	0.01293	0.03979	0.00453	0.00469	0.00141	0.00556	0.00439	0.00240	0.00729
14	0.01144	0.01069	0.07899	0.01301	0.18214	0.00874	0.02394	0.06213	0.07027	0.06567	0.01069	0.02439	0.00863	0.00457	0.00421	0.00113	0.00448	0.01697	0.00313	0.39479
15	0.00993	0.02361	0.00817	0.00717	0.00900	0.03117	0.00551	0.04719	0.13947	0.10867	0.32540	0.11678	0.11305	0.00898	0.00522	0.00153	0.00313	0.00771	0.02289	0.00545
16	0.13743	0.13539	0.15945	0.01060	0.06863	0.03912	0.00937	0.11594	0.04026	0.07508	0.02630	0.01074	0.00793	0.00467	0.00397	0.00127	0.00494	0.00350	0.00310	0.14231

[dist]
# distance from previous block
# <min> <max>
1	9

[block]
# block no. 8 follows, 54 sequences, length 25
# corresponding to MSA columns:
# 998-1022
name=unknown_I
#
# <colnr> <probs for GDERKNQSTAVLIFYWHMCP>
#	G	D	E	R	K	N	Q	S	T	A	V	L	I	F	Y	W	H	M	C	P
0	0.12431	0.01085	0.01698	0.04551	0.63887	0.01099	0.01284	0.01426	0.01061	0.01634	0.01075	0.01328	0.04383	0.00488	0.00466	0.00150	0.00535	0.00438	0.00265	0.00715
1	0.00994	0.00785	0.00916	0.00851	0.01025	0.00862	0.00658	0.01608	0.32552	0.05218	0.14435	0.09961	0.10596	0.01096	0.06336	0.00216	0.07379	0.03461	0.00454	0.00598
2	0.01139	0.01268	0.02701	0.07840	0.02543	0.01204	0.72649	0.01516	0.01127	0.01527	0.00988	0.01328	0.00750	0.00432	0.00568	0.00167	0.00795	0.00559	0.00251	0.00649
3	0.00708	0.00474	0.00623	0.00698	0.00757	0.00438	0.00484	0.00803	0.01003	0.04956	0.10407	0.67368	0.03169	0.01398	0.00611	0.00194	0.00297	0.04711	0.00466	0.00434
4	0.00638	0.00477	0.00583	0.00627	0.00711	0.00429	0.00440	0.00752	0.01078	0.01429	0.21979	0.43945	0.22522	0.01305	0.00597	0.00181	0.00268	0.01145	0.00471	0.00425
5	0.00683	0.00509	0.00626	0.00617	0.00734	0.00460	0.00459	0.00856	0.01248	0.01701	0.51747	0.11709	0.21157	0.01106	0.00583	0.00166	0.00257	0.04432	0.00502	0.00451
6	0.00934	0.00868	0.01441	0.81783	0.03264	0.01070	0.01323	0.01235	0.00970	0.01246	0.00881	0.01315	0.00670	0.00500	0.00490	0.00165	0.00642	0.00433	0.00225	0.00546
7	0.01985	0.00997	0.01134	0.00919	0.01254	0.09675	0.00742	0.02234	0.07130	0.62359	0.01803	0.01745	0.01228	0.00635	0.00495	0.00155	0.00465	0.03726	0.00544	0.00775
8	0.01301	0.62614	0.09709	0.00928	0.01337	0.04706	0.02546	0.01484	0.01034	0.04786	0.03636	0.00996	0.00811	0.00475	0.00383	0.00121	0.01930	0.00319	0.00247	0.00635
9	0.01283	0.01180	0.01116	0.01003	0.01269	0.10911	0.00773	0.05264	0.63398	0.01918	0.01902	0.01797	0.04688	0.00669	0.00494	0.00162	0.00446	0.00534	0.00462	0.00730
10	0.01749	0.01479	0.01275	0.01074	0.01381	0.27605	0.00842	0.23363	0.14911	0.17247	0.03277	0.01355	0.01047	0.00593	0.00479	0.00147	0.00587	0.00437	0.00434	0.00720
11	0.00680	0.00512	0.00627	0.00702	0.00770	0.00493	0.00482	0.00884	0.09097	0.01331	0.02759	0.67027	0.10025	0.01386	0.00602	0.00193	0.00296	0.01233	0.00456	0.00445
12	0.80017	0.00957	0.00813	0.00815	0.06723	0.01085	0.00598	0.01419	0.00851	0.02109	0.00717	0.00856	0.00570	0.00465	0.00324	0.00153	0.00394	0.00282	0.00302	0.00550
13	0.01563	0.01889	0.01536	0.01450	0.09610	0.55522	0.10081	0.01860	0.09459	0.01321	0.00896	0.01027	0.00721	0.00485	0.00450	0.00132	0.00764	0.00369	0.00266	0.00598
14	0.00585	0.00470	0.00522	0.00527	0.00659	0.00407	0.00388	0.00725	0.01115	0.01411	0.22350	0.13882	0.52954	0.01174	0.00562	0.00161	0.00239	0.01004	0.00457	0.00407
15	0.00580	0.00417	0.00552	0.00657	0.00692	0.00389	0.00446	0.00668	0.00915	0.01213	0.02673	0.77671	0.05858	0.01461	0.00602	0.00191	0.00278	0.03913	0.00438	0.00385
16	0.00600	0.00418	0.00547	0.00639	0.00677	0.00391	0.00432	0.00701	0.00942	0.01291	0.08722	0.71927	0.03111	0.01381	0.00582	0.00183	0.00266	0.01248	0.05550	0.00391
17	0.01761	0.02247	0.01336	0.01215	0.01458	0.81537	0.00911	0.01883	0.01336	0.01154	0.00729	0.00850	0.00607	0.00486	0.00425	0.00121	0.00850	0.00304	0.00243	0.00547
18	0.00718	0.00565	0.00632	0.00604	0.00749	0.00542	0.00448	0.04421	0.09297	0.01566	0.25415	0.09786	0.35305	0.07014	0.00682	0.00179	0.00279	0.00886	0.00456	0.00456
19	0.00789	0.00614	0.00771	0.13429	0.01174	0.02921	0.00627	0.04196	0.01057	0.04340	0.05503	0.32944	0.18143	0.03351	0.00609	0.00182	0.00372	0.08128	0.00402	0.00451
20	0.00597	0.00440	0.00565	0.00621	0.00688	0.00408	0.00434	0.00721	0.01021	0.01368	0.20801	0.50627	0.14038	0.01400	0.03777	0.00199	0.00296	0.01147	0.00449	0.00401
21	0.09993	0.01336	0.01259	0.01031	0.01342	0.19311	0.04820	0.24544	0.10781	0.05840	0.01203	0.01261	0.03521	0.01586	0.00495	0.00141	0.02802	0.00413	0.00369	0.07951
22	0.07356	0.01309	0.12092	0.01186	0.09424	0.06609	0.03880	0.18496	0.02375	0.07724	0.00983	0.01078	0.00738	0.00456	0.00421	0.00123	0.00512	0.00363	0.00328	0.24546
23	0.15408	0.08650	0.01437	0.01111	0.05114	0.06938	0.07415	0.28287	0.10360	0.05428	0.02277	0.03537	0.00921	0.00545	0.00437	0.00142	0.00508	0.00431	0.00376	0.00678
24	0.00732	0.00547	0.00663	0.00686	0.00809	0.00526	0.00540	0.06301	0.01133	0.01467	0.11310	0.15820	0.24906	0.07109	0.00720	0.00201	0.00340	0.25320	0.00437	0.00433

[dist]
# distance from previous block
# <min> <max>
3	7

[block]
# block no. 9 follows, 54 sequences, length 17
# corresponding to MSA columns:
# 1034-1039,1043-1053
name=unknown_J
#
# <colnr> <probs for GDERKNQSTAVLIFYWHMCP>
#	G	D	E	R	K	N	Q	S	T	A	V	L	I	F	Y	W	H	M	C	P
0	0.00840	0.00691	0.01015	0.00932	0.01108	0.00694	0.10572	0.02910	0.12899	0.01616	0.19223	0.13749	0.04627	0.01018	0.00580	0.00180	0.00401	0.26001	0.00436	0.00509
1	0.61450	0.01129	0.00999	0.02597	0.09074	0.12154	0.03711	0.01462	0.00918	0.01884	0.00705	0.00847	0.00558	0.00442	0.00342	0.00143	0.00473	0.00293	0.00276	0.00544
2	0.01158	0.01224	0.07209	0.02586	0.66918	0.03689	0.01391	0.01495	0.04539	0.01553	0.03110	0.01236	0.00865	0.00449	0.00467	0.00141	0.00561	0.00428	0.00250	0.00729
3	0.01647	0.02026	0.01413	0.01459	0.13452	0.66043	0.00986	0.01842	0.04491	0.01246	0.00801	0.00935	0.00662	0.00482	0.00434	0.00126	0.00787	0.00331	0.00251	0.00585
4	0.01679	0.08924	0.01417	0.01154	0.01421	0.63975	0.00890	0.06849	0.06945	0.01326	0.00834	0.00925	0.00679	0.00495	0.00422	0.00124	0.00766	0.00323	0.00271	0.00582
5	0.00679	0.00481	0.00615	0.00593	0.00706	0.00439	0.00440	0.00873	0.01259	0.03584	0.61527	0.12102	0.12862	0.01036	0.00559	0.00154	0.00234	0.00912	0.00503	0.00441
6	0.00988	0.00689	0.00892	0.00889	0.01048	0.02872	0.02917	0.08095	0.02499	0.08383	0.03966	0.14493	0.02331	0.01137	0.00622	0.01801	0.00433	0.45004	0.00439	0.00502
7	0.04172	0.00474	0.00560	0.00611	0.00699	0.00443	0.00441	0.00746	0.00981	0.01310	0.08574	0.36683	0.25088	0.07855	0.00722	0.00201	0.00296	0.09325	0.00425	0.00395
8	0.00708	0.00502	0.00624	0.00589	0.00716	0.00462	0.00443	0.02564	0.01282	0.03571	0.58738	0.07282	0.16526	0.00998	0.00549	0.00151	0.00238	0.00870	0.02738	0.00450
9	0.00985	0.00540	0.00560	0.00530	0.00674	0.00556	0.00405	0.03168	0.09829	0.05082	0.01584	0.01737	0.01223	0.00561	0.00356	0.00118	0.00252	0.00451	0.70893	0.00497
10	0.00660	0.00510	0.00620	0.00593	0.00736	0.00444	0.00437	0.00826	0.01133	0.01549	0.35296	0.20807	0.21704	0.01053	0.00540	0.00150	0.00254	0.00920	0.00452	0.11316
11	0.01020	0.00798	0.00948	0.00704	0.01085	0.00611	0.00557	0.01216	0.00996	0.06908	0.01063	0.08258	0.00944	0.00465	0.00380	0.00086	0.00346	0.00386	0.00314	0.72916
12	0.01373	0.01538	0.01129	0.01033	0.01270	0.41733	0.00788	0.01807	0.20735	0.01414	0.01320	0.08489	0.01187	0.00655	0.00463	0.00139	0.00609	0.05853	0.00335	0.08131
13	0.01049	0.00881	0.01016	0.00732	0.01148	0.00702	0.00588	0.08035	0.01087	0.01663	0.00864	0.00991	0.00707	0.00368	0.00360	0.00076	0.00364	0.00292	0.00296	0.78778
14	0.01087	0.19412	0.15677	0.00893	0.01336	0.03312	0.02409	0.01417	0.06225	0.03249	0.00997	0.01094	0.02798	0.00430	0.00380	0.00104	0.00469	0.00332	0.00270	0.38108
15	0.01130	0.03443	0.03187	0.00774	0.01018	0.00786	0.00630	0.18388	0.04442	0.11971	0.14711	0.14679	0.16106	0.00877	0.00512	0.00151	0.00359	0.01819	0.00457	0.04560
16	0.02433	0.31933	0.12871	0.01334	0.14526	0.03954	0.06136	0.06821	0.05357	0.01456	0.00956	0.04593	0.00828	0.00629	0.04126	0.00159	0.00587	0.00401	0.00258	0.00643

[dist]
# distance from previous block
# <min> <max>
0	17

[block]
# block no. 10 follows, 54 sequences, length 23
# corresponding to MSA columns:
# 1071-1093
name=unknown_K
#
# <colnr> <probs for GDERKNQSTAVLIFYWHMCP>
#	G	D	E	R	K	N	Q	S	T	A	V	L	I	F	Y	W	H	M	C	P
0	0.01056	0.00824	0.00971	0.00703	0.01109	0.00627	0.00563	0.01261	0.01011	0.07900	0.01043	0.01139	0.03218	0.00394	0.00366	0.00079	0.00350	0.00317	0.00309	0.76760
1	0.00879	0.00649	0.00754	0.00702	0.00875	0.00662	0.00540	0.01400	0.23719	0.05811	0.35407	0.05002	0.13910	0.00896	0.00527	0.00156	0.00287	0.03849	0.03434	0.00541
2	0.01109	0.00899	0.01016	0.00814	0.01159	0.00843	0.00650	0.06935	0.24793	0.04356	0.01389	0.01561	0.02617	0.00530	0.00422	0.00115	0.00372	0.04769	0.00375	0.45275
3	0.00685	0.00512	0.00646	0.00666	0.00766	0.00505	0.00506	0.00900	0.05155	0.01418	0.21503	0.13941	0.15030	0.10328	0.10428	0.00275	0.00429	0.15464	0.00421	0.00423
4	0.00671	0.00435	0.00582	0.00668	0.00717	0.00402	0.00454	0.00760	0.00931	0.06210	0.02552	0.77996	0.02996	0.01421	0.00594	0.00189	0.00282	0.01286	0.00447	0.00409
5	0.00587	0.00458	0.00531	0.00571	0.00674	0.00406	0.00413	0.00705	0.01031	0.01306	0.10811	0.31647	0.40872	0.03094	0.00618	0.00179	0.00264	0.04996	0.00442	0.00397
6	0.00906	0.00854	0.01443	0.77778	0.07642	0.01052	0.01317	0.01218	0.00950	0.01224	0.00841	0.01252	0.00635	0.00468	0.00471	0.00156	0.00625	0.00419	0.00211	0.00536
7	0.00656	0.00476	0.00619	0.00596	0.00701	0.00438	0.00442	0.00863	0.01290	0.01814	0.71363	0.10579	0.06362	0.01015	0.00560	0.00152	0.00227	0.00900	0.00510	0.00438
8	0.01177	0.01117	0.01882	0.05517	0.75472	0.01128	0.01426	0.03802	0.01104	0.01573	0.00893	0.01169	0.00745	0.00426	0.00467	0.00141	0.00561	0.00420	0.00240	0.00741
9	0.04223	0.06340	0.05293	0.00981	0.01300	0.01262	0.00821	0.16477	0.53641	0.02083	0.01596	0.01507	0.01194	0.00594	0.00459	0.00152	0.00425	0.00476	0.00440	0.00737
10	0.11298	0.05002	0.08401	0.02019	0.07205	0.01152	0.00897	0.27270	0.08212	0.16797	0.01193	0.01197	0.00851	0.00517	0.00434	0.00139	0.00476	0.00399	0.00403	0.06137
11	0.01086	0.13317	0.48472	0.01266	0.04365	0.06249	0.03914	0.03630	0.06013	0.01501	0.02486	0.01070	0.00747	0.00464	0.00432	0.00139	0.00632	0.00363	0.00239	0.03618
12	0.02704	0.49282	0.23021	0.00967	0.01419	0.04617	0.01046	0.01457	0.01002	0.04193	0.00869	0.01142	0.00755	0.00482	0.00374	0.00124	0.00558	0.05134	0.00233	0.00622
13	0.02071	0.00789	0.01071	0.00825	0.01180	0.00684	0.00680	0.02255	0.01337	0.77974	0.01849	0.01610	0.01169	0.00582	0.00469	0.00145	0.00395	0.00473	0.03655	0.00789
14	0.01274	0.66954	0.09869	0.00868	0.01290	0.01689	0.00887	0.01526	0.05006	0.05725	0.00807	0.00879	0.00679	0.00430	0.00335	0.00111	0.00510	0.00288	0.00237	0.00632
