[name]
unknown

[dist]
# distance from previous block
# <min> <max>
15	694

[block]
# block no. 0 follows, 44 sequences, length 6
# corresponding to MSA columns:
# 877-882
name=unknown_A
#
# <colnr> <probs for GDERKNQSTAVLIFYWHMCP>
#	G	D	E	R	K	N	Q	S	T	A	V	L	I	F	Y	W	H	M	C	P
0	0.09034	0.06631	0.13024	0.30054	0.10565	0.01293	0.01338	0.08224	0.01252	0.01817	0.04930	0.01407	0.00973	0.00572	0.00546	0.00168	0.03126	0.00461	0.00301	0.04284
1	0.01227	0.01401	0.11862	0.37198	0.19965	0.05776	0.01508	0.06630	0.01248	0.01656	0.01028	0.01392	0.00803	0.00745	0.05127	0.00213	0.00769	0.00472	0.00273	0.00708
2	0.01355	0.05391	0.09797	0.12170	0.04414	0.05622	0.01099	0.19942	0.01497	0.02026	0.05387	0.05274	0.01219	0.00932	0.06795	0.00215	0.04054	0.00525	0.00366	0.11921
3	0.06493	0.06862	0.01697	0.34734	0.08159	0.01238	0.06639	0.04181	0.04795	0.07240	0.01158	0.01523	0.00912	0.04228	0.03363	0.00211	0.02385	0.00493	0.00318	0.03372
4	0.07543	0.09464	0.05687	0.26716	0.08307	0.04841	0.01236	0.17105	0.01413	0.01952	0.00989	0.01244	0.00768	0.00566	0.00567	0.00164	0.05078	0.00432	0.00320	0.05608
5	0.07854	0.01085	0.04710	0.33212	0.10317	0.03247	0.01184	0.04353	0.01155	0.07229	0.01172	0.01638	0.00956	0.08328	0.03657	0.00234	0.04194	0.00501	0.04331	0.00642

[dist]
# distance from previous block
# <min> <max>
23	104

[block]
# block no. 1 follows, 44 sequences, length 14
# corresponding to MSA columns:
# 994-997,999-1008
name=unknown_B
#
# <colnr> <probs for GDERKNQSTAVLIFYWHMCP>
#	G	D	E	R	K	N	Q	S	T	A	V	L	I	F	Y	W	H	M	C	P
0	0.10941	0.01257	0.08828	0.00999	0.01332	0.10086	0.00859	0.07748	0.01383	0.18381	0.09126	0.13728	0.01776	0.01002	0.04939	0.00208	0.00576	0.00662	0.00459	0.05711
1	0.04324	0.01023	0.05156	0.07883	0.01549	0.00923	0.03120	0.11046	0.03263	0.20370	0.08668	0.09992	0.05884	0.00833	0.00564	0.00171	0.00485	0.04302	0.00491	0.09954
2	0.04092	0.01052	0.05043	0.01425	0.17506	0.03502	0.00937	0.04711	0.03706	0.08420	0.01910	0.18184	0.05365	0.05385	0.00686	0.00190	0.00499	0.04447	0.00410	0.12530
3	0.01229	0.00994	0.04827	0.05913	0.05114	0.03427	0.00845	0.12187	0.05482	0.08531	0.06711	0.21560	0.06370	0.05517	0.00720	0.00204	0.00481	0.04607	0.02475	0.02807
4	0.09318	0.07604	0.11108	0.01124	0.05248	0.05779	0.00942	0.01687	0.05546	0.16382	0.01895	0.21944	0.01806	0.00936	0.00558	0.00184	0.00518	0.06299	0.00442	0.00680
5	0.07914	0.01117	0.01375	0.01164	0.05724	0.01101	0.04674	0.18957	0.07695	0.13270	0.01579	0.01632	0.04938	0.00802	0.04907	0.00188	0.00555	0.00500	0.00448	0.21459
6	0.18646	0.01174	0.05030	0.00990	0.01288	0.05469	0.00814	0.13331	0.16352	0.06727	0.05864	0.16688	0.01799	0.00877	0.00539	0.00182	0.00479	0.02581	0.00475	0.00696
7	0.10018	0.01412	0.09778	0.05029	0.01734	0.06216	0.08883	0.13842	0.12510	0.02087	0.01327	0.05456	0.01085	0.00815	0.04917	0.00201	0.00648	0.00521	0.00381	0.13138
8	0.05161	0.05530	0.04806	0.09936	0.10425	0.03777	0.16010	0.01671	0.05890	0.08834	0.04283	0.04489	0.09231	0.00674	0.00550	0.00167	0.00602	0.00614	0.00371	0.06977
9	0.01023	0.00796	0.01089	0.01234	0.13827	0.00774	0.00793	0.01334	0.07831	0.03721	0.14048	0.07127	0.04707	0.09810	0.06560	0.04160	0.00521	0.09142	0.00420	0.11083
10	0.01525	0.01170	0.01260	0.01161	0.04715	0.05945	0.00864	0.06572	0.41177	0.13641	0.02017	0.09227	0.01611	0.00774	0.00553	0.00174	0.00477	0.00647	0.00524	0.05968
11	0.01347	0.01022	0.01242	0.01019	0.06031	0.00856	0.00757	0.08938	0.01341	0.09196	0.04656	0.01367	0.01076	0.00493	0.00451	0.00107	0.00437	0.00402	0.00388	0.58873
12	0.11625	0.05156	0.02013	0.05847	0.07558	0.01265	0.28135	0.08252	0.07124	0.01889	0.01297	0.05305	0.01128	0.10071	0.00816	0.00218	0.00669	0.00606	0.00342	0.00684
13	0.09905	0.04942	0.07390	0.01158	0.01489	0.00936	0.19001	0.01330	0.01179	0.05575	0.04812	0.12549	0.18696	0.06015	0.00727	0.00205	0.00541	0.02556	0.00398	0.00596

[dist]
# distance from previous block
# <min> <max>
16	55

[block]
# block no. 2 follows, 44 sequences, length 7
# corresponding to MSA columns:
# 1103-1109
name=unknown_C
#
# <colnr> <probs for GDERKNQSTAVLIFYWHMCP>
#	G	D	E	R	K	N	Q	S	T	A	V	L	I	F	Y	W	H	M	C	P
0	0.01310	0.00977	0.01143	0.00916	0.01303	0.00876	0.00732	0.07573	0.12600	0.09135	0.01595	0.07571	0.01385	0.00682	0.00500	0.00135	0.00430	0.06237	0.00436	0.44464
1	0.07549	0.01245	0.01128	0.01050	0.01287	0.18268	0.00828	0.12726	0.03457	0.08698	0.05746	0.16531	0.02062	0.01016	0.00594	0.00189	0.00568	0.15949	0.00470	0.00639
2	0.01291	0.01210	0.02021	0.28865	0.43667	0.01300	0.04896	0.06989	0.01289	0.01769	0.01031	0.01387	0.00820	0.00517	0.00547	0.00170	0.00683	0.00493	0.00281	0.00775
3	0.01009	0.00612	0.00790	0.00743	0.00876	0.00608	0.00542	0.01145	0.01059	0.12661	0.07830	0.03142	0.13603	0.25464	0.26962	0.00510	0.00767	0.00758	0.00416	0.00504
4	0.01981	0.00909	0.01353	0.06775	0.01586	0.00826	0.06647	0.02217	0.01462	0.54364	0.07834	0.08230	0.01736	0.00765	0.00575	0.00175	0.00491	0.00665	0.00593	0.00819
5	0.01208	0.24363	0.36773	0.01370	0.01970	0.01481	0.10565	0.01723	0.06668	0.01627	0.01335	0.01459	0.06039	0.00572	0.00498	0.00160	0.00693	0.00468	0.00279	0.00748
6	0.01287	0.01471	0.03217	0.02298	0.02849	0.01379	0.75460	0.01746	0.01287	0.01746	0.01103	0.01471	0.00827	0.00460	0.00643	0.00184	0.00919	0.00643	0.00276	0.00735

[dist]
# distance from previous block
# <min> <max>
0	2

[block]
# block no. 3 follows, 44 sequences, length 13
# corresponding to MSA columns:
# 1112-1124
name=unknown_D
#
# <colnr> <probs for GDERKNQSTAVLIFYWHMCP>
#	G	D	E	R	K	N	Q	S	T	A	V	L	I	F	Y	W	H	M	C	P
0	0.01312	0.01272	0.02213	0.11305	0.65146	0.01292	0.06141	0.01648	0.01228	0.01738	0.01024	0.01368	0.00847	0.00490	0.00547	0.00165	0.00672	0.00495	0.00267	0.00829
1	0.01030	0.00969	0.01635	0.79530	0.03755	0.01211	0.01514	0.01393	0.01090	0.01393	0.00969	0.01453	0.00727	0.00545	0.00545	0.00182	0.00727	0.00484	0.00242	0.00606
2	0.01312	0.01257	0.02145	0.12332	0.68749	0.01285	0.01654	0.01640	0.01224	0.01735	0.01019	0.01362	0.00847	0.00493	0.00540	0.00164	0.00657	0.00486	0.00267	0.00833
3	0.00790	0.00601	0.00864	0.01102	0.09311	0.00580	0.00722	0.00947	0.01115	0.01491	0.02759	0.54283	0.03194	0.01526	0.00692	0.00222	0.00396	0.18422	0.00479	0.00503
4	0.00663	0.00480	0.00627	0.00744	0.00787	0.00444	0.00499	0.00761	0.01058	0.01398	0.03188	0.75016	0.08956	0.01684	0.00692	0.00219	0.00313	0.01521	0.00506	0.00444
5	0.00947	0.00473	0.00710	0.00710	0.00710	0.00473	0.00473	0.00710	0.00710	0.00947	0.00947	0.01657	0.00947	0.01894	0.02131	0.84138	0.00473	0.00473	0.00237	0.00237
6	0.27249	0.01276	0.01939	0.01556	0.06239	0.01309	0.28049	0.11990	0.03591	0.09985	0.01161	0.01317	0.00848	0.00532	0.00517	0.00174	0.00645	0.00495	0.00381	0.00748
7	0.25472	0.01337	0.01602	0.01712	0.21441	0.08124	0.05560	0.11129	0.01348	0.09600	0.01061	0.01224	0.00813	0.00573	0.00582	0.00170	0.06703	0.00435	0.00363	0.00751
8	0.03841	0.03754	0.01964	0.02558	0.50521	0.09983	0.01400	0.07801	0.01378	0.05105	0.01057	0.01286	0.00856	0.00511	0.00516	0.00154	0.00651	0.00453	0.00315	0.05897
9	0.01482	0.05157	0.12649	0.02452	0.44695	0.05336	0.01508	0.08403	0.05135	0.06277	0.01147	0.01341	0.00897	0.00532	0.00527	0.00162	0.00659	0.00469	0.00325	0.00845
10	0.01276	0.07038	0.38270	0.01686	0.12665	0.03497	0.06967	0.03872	0.05979	0.05373	0.07128	0.01503	0.01176	0.00579	0.00533	0.00168	0.00694	0.00492	0.00320	0.00787
11	0.26151	0.01578	0.19701	0.01208	0.06687	0.06436	0.01083	0.03739	0.07726	0.06357	0.03034	0.01435	0.04171	0.00587	0.00468	0.00161	0.00565	0.00440	0.00359	0.08113
12	0.01569	0.30943	0.10636	0.01430	0.09465	0.03814	0.06585	0.13116	0.03242	0.08217	0.01079	0.01194	0.00841	0.00542	0.00509	0.00149	0.02969	0.00417	0.00336	0.02946

[dist]
# distance from previous block
# <min> <max>
1	26

[block]
# block no. 4 follows, 44 sequences, length 12
# corresponding to MSA columns:
# 1155-1166
name=unknown_E
#
# <colnr> <probs for GDERKNQSTAVLIFYWHMCP>
#	G	D	E	R	K	N	Q	S	T	A	V	L	I	F	Y	W	H	M	C	P
0	0.10985	0.01163	0.01294	0.01056	0.01409	0.09060	0.05007	0.08492	0.08100	0.33392	0.06142	0.05051	0.04970	0.00735	0.00541	0.00171	0.00522	0.00599	0.00534	0.00779
1	0.06669	0.01779	0.16205	0.01541	0.10303	0.15545	0.05391	0.14144	0.10151	0.06370	0.01331	0.05799	0.01067	0.00643	0.00532	0.00168	0.00679	0.00522	0.00384	0.00776
2	0.01167	0.01189	0.01489	0.01526	0.14466	0.13970	0.10794	0.01399	0.01295	0.01664	0.15507	0.11197	0.11096	0.00897	0.00690	0.00177	0.07001	0.00774	0.03087	0.00616
3	0.00947	0.00473	0.00710	0.00710	0.00710	0.00473	0.00473	0.00710	0.00710	0.00947	0.00947	0.01657	0.00947	0.01894	0.02131	0.84138	0.00473	0.00473	0.00237	0.00237
4	0.07974	0.08379	0.39638	0.01576	0.09353	0.01376	0.05354	0.12205	0.01368	0.06273	0.01067	0.01206	0.00778	0.00535	0.00505	0.00166	0.00700	0.00427	0.00315	0.00806
5	0.24633	0.01345	0.01653	0.03338	0.30279	0.08947	0.04587	0.06295	0.03614	0.06574	0.01049	0.01237	0.00821	0.00542	0.00521	0.00166	0.02872	0.00435	0.00339	0.00754
6	0.01501	0.00854	0.01054	0.00952	0.01213	0.00857	0.00746	0.02090	0.23712	0.27715	0.07009	0.19188	0.02314	0.01014	0.00605	0.00192	0.00413	0.07244	0.00583	0.00742
7	0.01532	0.01399	0.01509	0.05929	0.09504	0.16023	0.04980	0.06342	0.26244	0.08365	0.01678	0.06911	0.01380	0.00736	0.00591	0.00177	0.02655	0.02848	0.00437	0.00761
8	0.00778	0.00522	0.00599	0.00614	0.00618	0.00518	0.00351	0.00789	0.00823	0.01097	0.01870	0.12668	0.02174	0.71478	0.02529	0.00492	0.00503	0.00882	0.00351	0.00344
9	0.22008	0.06046	0.01399	0.05501	0.04564	0.01295	0.00898	0.17397	0.05969	0.17879	0.01282	0.01326	0.00928	0.00604	0.00545	0.00164	0.05048	0.00438	0.00442	0.06266
10	0.12580	0.17672	0.02328	0.01636	0.06923	0.16255	0.27197	0.01833	0.01265	0.05971	0.00992	0.01193	0.00778	0.00501	0.00502	0.00158	0.00754	0.00455	0.00298	0.00708
11	0.01474	0.54879	0.06915	0.01441	0.14902	0.09461	0.01137	0.01698	0.01177	0.01401	0.00826	0.00985	0.00728	0.00482	0.00407	0.00130	0.00646	0.00338	0.00244	0.00728

[dist]
# distance from previous block
# <min> <max>
1	4

[block]
# block no. 5 follows, 44 sequences, length 18
# corresponding to MSA columns:
# 1171-1188
name=unknown_F
#
# <colnr> <probs for GDERKNQSTAVLIFYWHMCP>
#	G	D	E	R	K	N	Q	S	T	A	V	L	I	F	Y	W	H	M	C	P
0	0.01040	0.00967	0.01726	0.05757	0.01821	0.00954	0.26861	0.01477	0.07883	0.01821	0.17591	0.06631	0.02506	0.00947	0.00660	0.00200	0.00595	0.19508	0.00434	0.00621
1	0.01816	0.05472	0.01551	0.01227	0.01577	0.21500	0.06235	0.09688	0.16592	0.19503	0.03789	0.01834	0.01339	0.00689	0.00545	0.00167	0.00642	0.04585	0.00472	0.00777
2	0.01777	0.01209	0.09895	0.01041	0.01437	0.01019	0.00929	0.21575	0.01777	0.30580	0.20478	0.02183	0.02108	0.00761	0.00568	0.00168	0.00487	0.00626	0.00572	0.00811
3	0.01349	0.01295	0.02213	0.03346	0.77440	0.01295	0.01673	0.01673	0.01241	0.01781	0.01025	0.01349	0.00864	0.00486	0.00540	0.00162	0.00648	0.00486	0.00270	0.00864
4	0.00793	0.00529	0.00595	0.00595	0.00595	0.00529	0.00330	0.00793	0.00793	0.01057	0.01718	0.03568	0.01982	0.80840	0.02775	0.00529	0.00529	0.00793	0.00330	0.00330
5	0.01152	0.00992	0.01636	0.38474	0.25436	0.01097	0.01383	0.01463	0.01172	0.05330	0.01398	0.08263	0.01269	0.00722	0.00576	0.00185	0.00635	0.07821	0.00319	0.00676
6	0.01172	0.01115	0.01893	0.45483	0.36685	0.01249	0.01585	0.01518	0.01158	0.01566	0.00994	0.01407	0.00788	0.00519	0.00543	0.00173	0.00691	0.00485	0.00255	0.00721
7	0.00664	0.00474	0.00633	0.00759	0.00791	0.00443	0.00506	0.00759	0.01044	0.01392	0.03005	0.80485	0.03606	0.01708	0.00696	0.00221	0.00316	0.01550	0.00506	0.00443
8	0.00879	0.00628	0.00879	0.01004	0.01130	0.00628	0.00879	0.01130	0.01255	0.01632	0.02887	0.06150	0.03138	0.01506	0.00753	0.00251	0.00502	0.73770	0.00502	0.00502
9	0.84691	0.01054	0.00801	0.00717	0.01054	0.01223	0.00590	0.01603	0.00928	0.02446	0.00759	0.00886	0.00590	0.00506	0.00337	0.00169	0.00422	0.00295	0.00337	0.00590
10	0.00682	0.00561	0.00604	0.00615	0.00788	0.00484	0.00476	0.00842	0.01268	0.01548	0.10981	0.05256	0.62901	0.01374	0.00657	0.00191	0.00301	0.09489	0.00513	0.00469
11	0.01333	0.01273	0.02118	0.05789	0.67787	0.01310	0.01604	0.01718	0.05405	0.01778	0.01078	0.01385	0.00898	0.00520	0.00588	0.00167	0.03629	0.00493	0.00284	0.00844
12	0.21823	0.15867	0.08104	0.01121	0.01543	0.13360	0.02826	0.18399	0.04701	0.05977	0.01054	0.01128	0.00801	0.00559	0.00453	0.00155	0.00624	0.00391	0.00372	0.00742
13	0.03630	0.13611	0.29555	0.01326	0.01896	0.05177	0.07772	0.07325	0.03841	0.15447	0.01220	0.01289	0.00875	0.00548	0.00502	0.00159	0.00676	0.00438	0.00357	0.04357
14	0.20876	0.15021	0.14993	0.01158	0.04098	0.03604	0.03375	0.03689	0.01215	0.17343	0.01127	0.01202	0.00827	0.00551	0.00504	0.00158	0.03835	0.00398	0.00364	0.05661
15	0.03551	0.01629	0.23378	0.01371	0.08563	0.03109	0.01228	0.10230	0.10659	0.14081	0.06127	0.01577	0.01248	0.00607	0.00522	0.00160	0.00582	0.00493	0.00417	0.10469
16	0.13429	0.05858	0.10595	0.01131	0.04462	0.05451	0.00975	0.09355	0.06679	0.23830	0.04954	0.01511	0.01183	0.00607	0.00493	0.00158	0.00538	0.00468	0.00456	0.07866
17	0.20116	0.06040	0.05802	0.04539	0.07663	0.04524	0.05783	0.08291	0.09196	0.09623	0.07503	0.01534	0.01257	0.00602	0.00491	0.00162	0.00546	0.00484	0.00405	0.05438

[dist]
# distance from previous block
# <min> <max>
2	39

[block]
# block no. 6 follows, 44 sequences, length 40
# corresponding to MSA columns:
# 1274-1295,1297-1303,1309-1319
name=unknown_G
#
# <colnr> <probs for GDERKNQSTAVLIFYWHMCP>
#	G	D	E	R	K	N	Q	S	T	A	V	L	I	F	Y	W	H	M	C	P
0	0.01476	0.07106	0.27069	0.01511	0.11381	0.04809	0.03151	0.07308	0.03590	0.13582	0.04882	0.01443	0.01091	0.00570	0.00514	0.00156	0.00637	0.00465	0.00367	0.08892
1	0.03196	0.06938	0.33697	0.01359	0.05779	0.03527	0.01366	0.12087	0.04380	0.06629	0.01297	0.07960	0.01068	0.00643	0.00516	0.00163	0.00639	0.00517	0.00352	0.07886
2	0.22643	0.01113	0.01175	0.01010	0.02914	0.01197	0.00790	0.23281	0.11502	0.10024	0.08630	0.06542	0.01540	0.00724	0.00506	0.00169	0.00461	0.00568	0.00493	0.04720
3	0.04590	0.13173	0.23351	0.01233	0.03288	0.05254	0.05829	0.01595	0.02926	0.06539	0.01326	0.08597	0.01178	0.03028	0.09271	0.00250	0.00732	0.01545	0.00322	0.05971
4	0.04368	0.23422	0.12008	0.01800	0.24588	0.03266	0.04229	0.01774	0.03430	0.07959	0.01059	0.01217	0.00840	0.00503	0.00471	0.00146	0.00620	0.00414	0.00304	0.07583
5	0.01142	0.07865	0.01587	0.01179	0.01474	0.01136	0.14716	0.04658	0.19388	0.01918	0.16817	0.07892	0.08078	0.00853	0.00658	0.00177	0.05377	0.00749	0.00448	0.03888
6	0.00900	0.00772	0.01044	0.04571	0.01236	0.03666	0.07814	0.03915	0.01219	0.01602	0.08555	0.37309	0.10922	0.03611	0.00707	0.00205	0.00443	0.05385	0.00455	0.05668
7	0.01378	0.01409	0.06906	0.07359	0.44152	0.02962	0.13851	0.03582	0.01264	0.05267	0.01068	0.01368	0.00850	0.00531	0.00633	0.00172	0.05643	0.00506	0.00291	0.00806
8	0.01358	0.01444	0.09593	0.07897	0.39164	0.01302	0.18463	0.03931	0.03277	0.05312	0.01122	0.01403	0.00873	0.00515	0.00582	0.00171	0.01960	0.00520	0.00299	0.00812
9	0.01300	0.01388	0.02806	0.13614	0.02855	0.01372	0.56955	0.06289	0.04339	0.01819	0.01140	0.01481	0.00852	0.00495	0.00619	0.00182	0.00852	0.00609	0.00299	0.00733
10	0.01261	0.12230	0.50786	0.01495	0.02176	0.01366	0.09915	0.01847	0.05824	0.06452	0.01114	0.01250	0.00808	0.00528	0.00515	0.00167	0.00746	0.00438	0.00283	0.00796
11	0.01227	0.05385	0.49285	0.04189	0.19488	0.01262	0.01774	0.01731	0.01200	0.05726	0.03064	0.01309	0.00885	0.00533	0.00522	0.00168	0.00726	0.00443	0.00273	0.00808
12	0.00755	0.00540	0.00732	0.00833	0.00912	0.00518	0.00637	0.00928	0.01191	0.01592	0.13895	0.43392	0.03670	0.01550	0.00708	0.00224	0.00372	0.26560	0.00519	0.00474
13	0.00782	0.00530	0.00626	0.00643	0.00657	0.00533	0.00389	0.00813	0.00840	0.01124	0.01874	0.11379	0.02149	0.65226	0.07226	0.00509	0.00564	0.03427	0.00352	0.00358
14	0.01448	0.06219	0.02093	0.28972	0.02667	0.03239	0.19627	0.20383	0.01526	0.03796	0.01091	0.01374	0.00815	0.00566	0.00605	0.00175	0.03823	0.00512	0.00338	0.00733
15	0.01757	0.15441	0.01851	0.01301	0.01670	0.28845	0.07292	0.13170	0.16793	0.04810	0.01249	0.01301	0.00966	0.00591	0.00503	0.00154	0.00720	0.00448	0.00382	0.00755
16	0.00738	0.00527	0.00717	0.00843	0.00907	0.00506	0.00634	0.00886	0.01116	0.01474	0.02964	0.55039	0.03445	0.01639	0.00715	0.00232	0.00380	0.26271	0.00505	0.00463
17	0.01340	0.43708	0.28213	0.01297	0.01880	0.04734	0.08761	0.01697	0.01157	0.01481	0.00870	0.01032	0.00709	0.00487	0.00441	0.00143	0.00707	0.00367	0.00238	0.00736
18	0.01430	0.01191	0.06711	0.11870	0.02194	0.01076	0.27129	0.01776	0.01322	0.20076	0.08592	0.02133	0.03220	0.00689	0.00650	0.00184	0.03726	0.04895	0.00412	0.00723
19	0.01269	0.01595	0.10128	0.02229	0.02804	0.01368	0.68673	0.01744	0.01274	0.01744	0.01091	0.01441	0.00815	0.00465	0.00632	0.00183	0.00909	0.00621	0.00272	0.00742
20	0.00779	0.00584	0.00876	0.00876	0.00974	0.00681	0.00681	0.00974	0.00876	0.01266	0.01460	0.02142	0.01363	0.04089	0.78680	0.00876	0.01460	0.00584	0.00292	0.00487
21	0.01140	0.07474	0.63896	0.01610	0.02363	0.01335	0.11267	0.01723	0.01166	0.01702	0.00981	0.01175	0.00708	0.00507	0.00524	0.00171	0.00806	0.00427	0.00236	0.00790
22	0.01107	0.00700	0.00989	0.00991	0.04587	0.00660	0.03339	0.01327	0.01325	0.13630	0.22475	0.04174	0.07690	0.10586	0.00911	0.00239	0.00441	0.23740	0.00516	0.00574
23	0.02446	0.00928	0.01265	0.00970	0.01392	0.00801	0.00801	0.02657	0.01560	0.77817	0.02151	0.01856	0.01350	0.00675	0.00548	0.00169	0.00464	0.00548	0.00675	0.00928
24	0.01030	0.00969	0.01635	0.79530	0.03755	0.01211	0.01514	0.01393	0.01090	0.01393	0.00969	0.01453	0.00727	0.00545	0.00545	0.00182	0.00727	0.00484	0.00242	0.00606
25	0.04209	0.01018	0.01442	0.01183	0.01493	0.01025	0.13141	0.19310	0.03393	0.10845	0.13073	0.09784	0.04846	0.00938	0.00618	0.00188	0.00525	0.11766	0.00505	0.00698
26	0.01637	0.01134	0.01744	0.01448	0.06428	0.01124	0.18787	0.09104	0.15826	0.23314	0.06968	0.01974	0.01517	0.05589	0.00715	0.00197	0.00581	0.00620	0.00492	0.00799
27	0.01356	0.01171	0.01233	0.01109	0.01418	0.01356	0.00863	0.02897	0.76455	0.02281	0.02219	0.02034	0.01664	0.00740	0.00555	0.00185	0.00431	0.00616	0.00555	0.00863
28	0.01193	0.01193	0.01670	0.01431	0.01431	0.01670	0.01193	0.01312	0.00835	0.01312	0.00716	0.01193	0.00716	0.00954	0.01789	0.00239	0.79843	0.00477	0.00239	0.00596
29	0.01356	0.01171	0.01233	0.01109	0.01418	0.01356	0.00863	0.02897	0.76455	0.02281	0.02219	0.02034	0.01664	0.00740	0.00555	0.00185	0.00431	0.00616	0.00555	0.00863
30	0.01166	0.01196	0.02323	0.01785	0.02130	0.01225	0.43370	0.01510	0.01191	0.01655	0.01449	0.04260	0.01336	0.00780	0.00850	0.00204	0.14374	0.14372	0.04176	0.00650
31	0.01040	0.00980	0.01655	0.76958	0.06242	0.01214	0.01519	0.01402	0.01095	0.01406	0.00971	0.01450	0.00731	0.00543	0.00545	0.00181	0.00724	0.00485	0.00243	0.00614
32	0.79539	0.01084	0.00853	0.00750	0.01094	0.01252	0.00618	0.06218	0.01030	0.02508	0.00793	0.00912	0.00611	0.00515	0.00350	0.00168	0.00433	0.00307	0.00350	0.00611
33	0.00790	0.00570	0.00757	0.00784	0.00896	0.00550	0.00613	0.01007	0.01318	0.01805	0.37384	0.11105	0.06792	0.06443	0.05618	0.00265	0.00424	0.21865	0.00525	0.00489
34	0.84691	0.01054	0.00801	0.00717	0.01054	0.01223	0.00590	0.01603	0.00928	0.02446	0.00759	0.00886	0.00590	0.00506	0.00337	0.00169	0.00422	0.00295	0.00337	0.00590
35	0.00670	0.00477	0.00631	0.00752	0.00782	0.00447	0.00498	0.00761	0.01032	0.01376	0.02945	0.76934	0.03531	0.05361	0.00792	0.00236	0.00326	0.01515	0.00498	0.00438
36	0.84691	0.01054	0.00801	0.00717	0.01054	0.01223	0.00590	0.01603	0.00928	0.02446	0.00759	0.00886	0.00590	0.00506	0.00337	0.00169	0.00422	0.00295	0.00337	0.00590
37	0.00799	0.00530	0.00620	0.00620	0.00626	0.00537	0.00361	0.00802	0.00795	0.01067	0.01664	0.03380	0.01891	0.71842	0.08035	0.04419	0.00591	0.00764	0.00323	0.00337
38	0.33195	0.01238	0.01285	0.01044	0.01425	0.01373	0.03685	0.26889	0.13715	0.09118	0.01311	0.01318	0.00951	0.00606	0.00472	0.00170	0.00506	0.00448	0.00469	0.00782
39	0.01996	0.01395	0.01568	0.04232	0.01705	0.01542	0.01023	0.56055	0.06632	0.12379	0.01426	0.01419	0.01005	0.00672	0.00604	0.00170	0.04242	0.00504	0.00536	0.00896

[dist]
# distance from previous block
# <min> <max>
0	24

# created by:
# /home/cegg/simao/soft/augustus-3.2.1/scripts/msa2prfl.pl ./align_prep/EOG091G0YUO.fa
