[name]
unknown

[dist]
# distance from previous block
# <min> <max>
0	302

[block]
# block no. 0 follows, 43 sequences, length 17
# corresponding to MSA columns:
# 342-358
name=unknown_A
#
# <colnr> <probs for GDERKNQSTAVLIFYWHMCP>
#	G	D	E	R	K	N	Q	S	T	A	V	L	I	F	Y	W	H	M	C	P
0	0.03742	0.03696	0.01294	0.07781	0.07442	0.05940	0.00890	0.08762	0.07083	0.16193	0.04239	0.11203	0.01621	0.03953	0.02443	0.00201	0.00542	0.02441	0.05275	0.05257
1	0.03091	0.02804	0.05092	0.22483	0.05146	0.03262	0.04754	0.13601	0.03323	0.05366	0.02749	0.07534	0.02891	0.05399	0.03047	0.00219	0.03262	0.00611	0.01902	0.03464
2	0.04363	0.03802	0.06166	0.06779	0.05090	0.03989	0.02426	0.14902	0.03618	0.04848	0.01646	0.06725	0.03931	0.11098	0.05635	0.00262	0.02062	0.02585	0.07634	0.02439
3	0.11354	0.01094	0.03065	0.03675	0.01382	0.03654	0.02305	0.18016	0.08252	0.11163	0.01683	0.11128	0.01454	0.05041	0.08616	0.00267	0.00614	0.00645	0.05888	0.00705
4	0.04603	0.03583	0.01573	0.05749	0.06128	0.12463	0.05833	0.25363	0.03658	0.05552	0.05613	0.01726	0.01273	0.00790	0.03145	0.00191	0.02131	0.02947	0.06930	0.00750
5	0.04388	0.07579	0.05740	0.03122	0.03128	0.04406	0.03188	0.22830	0.06764	0.12526	0.01683	0.07569	0.03849	0.00835	0.02289	0.00188	0.02854	0.02676	0.00462	0.03924
6	0.03589	0.03427	0.05926	0.05183	0.09335	0.05001	0.02707	0.15177	0.06073	0.12493	0.08210	0.04788	0.03120	0.00708	0.00537	0.00164	0.00537	0.00588	0.08138	0.04301
7	0.08054	0.03396	0.05060	0.03518	0.08330	0.03744	0.02709	0.12759	0.09998	0.14917	0.01668	0.03511	0.04038	0.00752	0.02119	0.00179	0.00562	0.03223	0.00451	0.11012
8	0.01222	0.02812	0.05417	0.11021	0.09879	0.03620	0.01016	0.10198	0.04071	0.01853	0.03545	0.10352	0.03517	0.02873	0.03296	0.00192	0.03558	0.00611	0.00369	0.20578
9	0.01531	0.04337	0.04565	0.08106	0.13714	0.10998	0.05333	0.14247	0.06052	0.06908	0.06205	0.01858	0.01344	0.02844	0.00673	0.00182	0.03982	0.04205	0.00398	0.02517
10	0.01032	0.00516	0.00516	0.00516	0.00645	0.00516	0.00387	0.01290	0.01161	0.02065	0.01807	0.02065	0.01420	0.00645	0.00387	0.00129	0.00258	0.00516	0.83611	0.00516
11	0.00962	0.00481	0.00722	0.00722	0.00722	0.00481	0.00481	0.00722	0.00722	0.00962	0.00962	0.01684	0.00962	0.01924	0.02165	0.83886	0.00481	0.00481	0.00241	0.00241
12	0.01717	0.01831	0.01941	0.04929	0.24552	0.29298	0.07475	0.13800	0.01567	0.01875	0.01009	0.01235	0.00812	0.00575	0.00609	0.00164	0.05067	0.00458	0.00321	0.00767
13	0.01032	0.00516	0.00516	0.00516	0.00645	0.00516	0.00387	0.01290	0.01161	0.02065	0.01807	0.02065	0.01420	0.00645	0.00387	0.00129	0.00258	0.00516	0.83611	0.00516
14	0.36171	0.09067	0.05816	0.03211	0.10693	0.04922	0.07888	0.10682	0.01278	0.02200	0.00924	0.01104	0.00726	0.00538	0.00485	0.00167	0.02687	0.00398	0.00331	0.00714
15	0.09240	0.01106	0.01450	0.03289	0.10648	0.01186	0.05659	0.17886	0.06210	0.09530	0.06624	0.01984	0.03563	0.09581	0.02340	0.02178	0.05780	0.00591	0.00435	0.00722
16	0.01409	0.07084	0.10917	0.05952	0.10349	0.05865	0.04771	0.10368	0.05208	0.06506	0.04559	0.03867	0.01205	0.02453	0.02680	0.00181	0.00633	0.00515	0.00372	0.15106

[dist]
# distance from previous block
# <min> <max>
0	7

[block]
# block no. 1 follows, 43 sequences, length 15
# corresponding to MSA columns:
# 371-385
name=unknown_B
#
# <colnr> <probs for GDERKNQSTAVLIFYWHMCP>
#	G	D	E	R	K	N	Q	S	T	A	V	L	I	F	Y	W	H	M	C	P
0	0.09430	0.04734	0.10184	0.01583	0.18499	0.06031	0.01122	0.04312	0.11824	0.05640	0.07161	0.05664	0.04665	0.00712	0.00563	0.00170	0.02518	0.00584	0.00395	0.04207
1	0.14509	0.10040	0.01642	0.01258	0.06523	0.07016	0.07977	0.12582	0.01374	0.03916	0.01125	0.03829	0.00944	0.02378	0.00573	0.00158	0.03513	0.00461	0.03868	0.16313
2	0.01394	0.07427	0.15080	0.04864	0.10291	0.06474	0.07583	0.06153	0.13498	0.05747	0.03777	0.04028	0.01200	0.00670	0.00618	0.02217	0.02960	0.00536	0.00368	0.05115
3	0.00826	0.00629	0.00901	0.02402	0.00984	0.00632	0.06075	0.00936	0.00982	0.01320	0.03922	0.24478	0.02466	0.36853	0.06070	0.00400	0.02199	0.07092	0.00396	0.00437
4	0.00838	0.00594	0.00686	0.00684	0.00730	0.00611	0.00430	0.01006	0.07273	0.01270	0.04330	0.09228	0.04399	0.57255	0.07971	0.00488	0.00567	0.00849	0.00379	0.00412
5	0.01015	0.00518	0.00523	0.00523	0.00642	0.00518	0.00383	0.01254	0.01135	0.01991	0.01802	0.02181	0.01464	0.06607	0.00569	0.00159	0.00279	0.00538	0.77397	0.00503
6	0.05515	0.03956	0.05030	0.03069	0.01515	0.04154	0.03653	0.17456	0.02661	0.06781	0.01373	0.03787	0.02469	0.00604	0.00486	0.00139	0.00521	0.01547	0.06616	0.28668
7	0.07094	0.09602	0.05495	0.05113	0.08905	0.02777	0.07128	0.19551	0.01521	0.08899	0.01271	0.01528	0.00999	0.05415	0.02344	0.00201	0.03440	0.00496	0.07471	0.00752
8	0.01039	0.00716	0.07081	0.00607	0.00794	0.00582	0.00528	0.01330	0.01162	0.02038	0.01738	0.01989	0.01358	0.00635	0.00399	0.00133	0.00306	0.00507	0.76516	0.00542
9	0.23948	0.03417	0.08154	0.08234	0.15006	0.08467	0.06738	0.03017	0.02509	0.01897	0.03569	0.02898	0.00959	0.00613	0.00620	0.00177	0.08304	0.00469	0.00311	0.00693
10	0.01313	0.00862	0.01124	0.01065	0.05424	0.00912	0.00783	0.04809	0.07386	0.16455	0.21403	0.04114	0.06782	0.06785	0.02772	0.00229	0.11499	0.02513	0.03106	0.00663
11	0.00706	0.00526	0.00657	0.00703	0.00799	0.00477	0.00497	0.00864	0.01266	0.01691	0.27298	0.39848	0.19699	0.01471	0.00679	0.00201	0.00293	0.01304	0.00545	0.00477
12	0.01220	0.01360	0.02884	0.05599	0.02688	0.01284	0.63084	0.01643	0.01287	0.01723	0.01556	0.04269	0.07392	0.00590	0.00651	0.00188	0.00850	0.00719	0.00306	0.00708
13	0.01236	0.07943	0.09512	0.04112	0.11531	0.02487	0.01002	0.05522	0.01253	0.03140	0.01321	0.08042	0.02692	0.00610	0.00483	0.00133	0.00520	0.00508	0.03851	0.34102
14	0.04571	0.00884	0.01027	0.00805	0.01183	0.00727	0.00629	0.01362	0.04579	0.01892	0.13882	0.08534	0.01833	0.00666	0.00481	0.00118	0.00380	0.00561	0.00403	0.55484

[dist]
# distance from previous block
# <min> <max>
2	6

[block]
# block no. 2 follows, 43 sequences, length 29
# corresponding to MSA columns:
# 394-422
name=unknown_C
#
# <colnr> <probs for GDERKNQSTAVLIFYWHMCP>
#	G	D	E	R	K	N	Q	S	T	A	V	L	I	F	Y	W	H	M	C	P
0	0.01148	0.06792	0.03563	0.13557	0.04504	0.03631	0.00907	0.03495	0.04972	0.07685	0.09304	0.17859	0.08135	0.01052	0.02087	0.00196	0.00516	0.05637	0.00438	0.04521
1	0.01787	0.34855	0.02117	0.01185	0.01575	0.29930	0.01004	0.13402	0.06244	0.01727	0.00982	0.01072	0.00809	0.00557	0.00452	0.00139	0.00734	0.00371	0.00325	0.00732
2	0.00803	0.00589	0.00835	0.00836	0.00906	0.00667	0.00618	0.00941	0.00877	0.01243	0.01591	0.06944	0.01612	0.19075	0.54582	0.03180	0.03244	0.00686	0.00314	0.00456
3	0.00805	0.00539	0.00616	0.00616	0.00620	0.00543	0.00350	0.00813	0.00809	0.01082	0.01734	0.03566	0.01988	0.77461	0.05860	0.00551	0.00575	0.00797	0.00334	0.00342
4	0.01399	0.19991	0.18179	0.05183	0.07877	0.04221	0.10887	0.06263	0.07629	0.03968	0.01129	0.01309	0.00880	0.00570	0.00586	0.00165	0.05536	0.00460	0.03002	0.00766
5	0.00707	0.00521	0.00626	0.00691	0.00789	0.00472	0.00490	0.00847	0.01182	0.01558	0.10245	0.42758	0.26720	0.01504	0.00668	0.00204	0.00305	0.03652	0.05594	0.00468
6	0.00777	0.00550	0.00699	0.00779	0.00840	0.00533	0.00565	0.00894	0.01059	0.01387	0.02788	0.30024	0.07886	0.25730	0.01366	0.00327	0.00440	0.22464	0.00458	0.00434
7	0.35259	0.21525	0.05791	0.01179	0.05233	0.13363	0.05318	0.03669	0.01178	0.01926	0.00845	0.00996	0.00688	0.00513	0.00414	0.00154	0.00624	0.00349	0.00300	0.00677
8	0.00864	0.00579	0.00687	0.02593	0.00874	0.00560	0.00528	0.03185	0.01272	0.01828	0.17542	0.18104	0.15030	0.04796	0.00694	0.00197	0.00329	0.06647	0.23189	0.00503
9	0.04627	0.09847	0.16126	0.04120	0.17424	0.08645	0.05318	0.06522	0.01322	0.03839	0.01107	0.01289	0.02263	0.00526	0.00497	0.00148	0.00665	0.00432	0.00309	0.14974
10	0.01159	0.01415	0.14069	0.17547	0.15243	0.04465	0.15603	0.01535	0.01241	0.01706	0.07683	0.01898	0.04586	0.03409	0.00647	0.00186	0.00688	0.00590	0.05643	0.00689
11	0.03581	0.12268	0.03781	0.08053	0.10506	0.05567	0.06460	0.19799	0.15710	0.03475	0.01490	0.01576	0.04057	0.00630	0.00531	0.00167	0.00620	0.00519	0.00408	0.00803
12	0.00795	0.00545	0.00663	0.00671	0.00693	0.00563	0.00417	0.00840	0.00838	0.01137	0.01773	0.08008	0.01989	0.60532	0.17714	0.00588	0.00712	0.00810	0.00339	0.00374
13	0.01660	0.32182	0.07440	0.11053	0.01849	0.10820	0.01096	0.09669	0.03717	0.12394	0.01215	0.01300	0.02226	0.00575	0.00471	0.00150	0.00650	0.00421	0.00356	0.00756
14	0.00712	0.00541	0.00655	0.00674	0.00795	0.00484	0.00488	0.00888	0.01327	0.01761	0.33175	0.25981	0.27731	0.01389	0.00669	0.00193	0.00284	0.01217	0.00552	0.00484
15	0.01559	0.48025	0.07259	0.01231	0.05223	0.13142	0.03538	0.05793	0.01318	0.03309	0.04314	0.01160	0.00955	0.00537	0.00436	0.00137	0.00664	0.00383	0.00292	0.00726
16	0.01330	0.07198	0.01538	0.01153	0.01480	0.06481	0.11395	0.05501	0.17109	0.07276	0.17230	0.07751	0.03906	0.00804	0.00574	0.00168	0.00520	0.00708	0.00473	0.07405
17	0.01391	0.03653	0.14405	0.05873	0.13792	0.03336	0.11494	0.07109	0.03897	0.07580	0.01220	0.03812	0.00990	0.02639	0.00740	0.00182	0.09071	0.00528	0.00338	0.07951
18	0.01335	0.07426	0.19995	0.06304	0.19094	0.03641	0.10213	0.06532	0.01356	0.05735	0.06941	0.04942	0.01327	0.00645	0.00560	0.00172	0.00679	0.01992	0.00341	0.00769
19	0.00683	0.00497	0.00646	0.00758	0.00810	0.00460	0.00519	0.00793	0.01100	0.01451	0.05265	0.68850	0.10343	0.01682	0.00703	0.00221	0.00322	0.03926	0.00517	0.00455
20	0.01408	0.01416	0.06748	0.04432	0.10518	0.01389	0.24862	0.10599	0.19370	0.03783	0.03693	0.01649	0.01186	0.00625	0.00669	0.00184	0.05683	0.00588	0.00392	0.00804
21	0.01500	0.01424	0.04311	0.15021	0.26398	0.08367	0.08743	0.10659	0.04225	0.06527	0.03181	0.01480	0.01008	0.00589	0.00614	0.00174	0.04128	0.00517	0.00347	0.00788
22	0.01392	0.03274	0.01959	0.22453	0.30983	0.08511	0.06079	0.04986	0.04125	0.03913	0.01103	0.01419	0.00878	0.00668	0.03018	0.00194	0.03492	0.00496	0.00302	0.00758
23	0.00797	0.00571	0.00776	0.00776	0.00836	0.00631	0.00551	0.00916	0.00856	0.01202	0.01587	0.02751	0.01634	0.34488	0.48348	0.00750	0.01108	0.00678	0.00312	0.00431
24	0.01081	0.01015	0.01696	0.39856	0.15092	0.01158	0.06941	0.01440	0.03559	0.01547	0.02830	0.06355	0.03513	0.00907	0.05387	0.00231	0.04532	0.01905	0.00302	0.00651
25	0.01422	0.11926	0.14836	0.05188	0.13159	0.06550	0.16627	0.07437	0.03746	0.04305	0.01123	0.02890	0.00900	0.00615	0.00649	0.02523	0.04529	0.00506	0.00310	0.00760
26	0.00687	0.00496	0.00653	0.00774	0.00821	0.00463	0.00532	0.00796	0.01086	0.01434	0.03202	0.71010	0.08112	0.01702	0.00707	0.00224	0.00331	0.06002	0.00514	0.00455
27	0.01356	0.01497	0.03170	0.02270	0.02823	0.01420	0.70552	0.06258	0.01386	0.01879	0.01133	0.01484	0.00847	0.00479	0.00648	0.00185	0.00914	0.00644	0.00297	0.00759
28	0.03684	0.01251	0.01578	0.36072	0.09404	0.08883	0.01274	0.10298	0.09835	0.06826	0.01320	0.01692	0.01026	0.00636	0.00553	0.00179	0.00672	0.03725	0.00367	0.00725

[dist]
# distance from previous block
# <min> <max>
0	51

[block]
# block no. 3 follows, 43 sequences, length 54
# corresponding to MSA columns:
# 474-527
name=unknown_D
#
# <colnr> <probs for GDERKNQSTAVLIFYWHMCP>
#	G	D	E	R	K	N	Q	S	T	A	V	L	I	F	Y	W	H	M	C	P
0	0.01135	0.00839	0.01162	0.04125	0.05292	0.02244	0.05655	0.07863	0.02800	0.08232	0.09832	0.30843	0.06171	0.01215	0.00726	0.03065	0.02220	0.05494	0.00484	0.00604
1	0.00706	0.00506	0.00649	0.00728	0.00781	0.00472	0.00490	0.00820	0.01124	0.01508	0.14736	0.54985	0.08097	0.10550	0.00935	0.00250	0.00334	0.01372	0.00509	0.00449
2	0.01212	0.01212	0.01696	0.01454	0.01454	0.01696	0.01212	0.01333	0.00848	0.01333	0.00727	0.01212	0.00727	0.00969	0.01818	0.00242	0.79523	0.00485	0.00242	0.00606
3	0.01148	0.00984	0.01148	0.00820	0.01312	0.00738	0.00656	0.01395	0.01148	0.01805	0.00984	0.01148	0.00820	0.00410	0.00410	0.00082	0.00410	0.00328	0.00328	0.83922
4	0.01481	0.80869	0.02902	0.00948	0.01421	0.02191	0.00948	0.01658	0.01125	0.01303	0.00770	0.00888	0.00711	0.00474	0.00355	0.00118	0.00592	0.00296	0.00237	0.00711
5	0.01330	0.01336	0.01818	0.14685	0.41791	0.11925	0.01388	0.01590	0.01209	0.01575	0.01125	0.03626	0.01024	0.09364	0.00843	0.00210	0.03619	0.00536	0.00283	0.00722
6	0.00803	0.00546	0.00652	0.00652	0.00668	0.00563	0.00395	0.00836	0.00820	0.01109	0.01701	0.03382	0.01908	0.67750	0.15461	0.00596	0.00695	0.00770	0.00329	0.00362
7	0.12195	0.01332	0.01476	0.01177	0.01570	0.03234	0.04297	0.39205	0.09709	0.11814	0.04401	0.01712	0.01267	0.00697	0.00544	0.00174	0.00560	0.03267	0.00526	0.00844
8	0.03999	0.01684	0.02056	0.08345	0.05065	0.26987	0.26434	0.01818	0.03010	0.03391	0.01249	0.09448	0.01104	0.00664	0.00604	0.00175	0.02358	0.00613	0.00320	0.00675
9	0.04411	0.01229	0.02054	0.18725	0.53239	0.01293	0.03270	0.01660	0.01217	0.03967	0.01047	0.01389	0.00848	0.00525	0.00579	0.00172	0.02797	0.00491	0.00282	0.00805
10	0.04130	0.03522	0.03429	0.01185	0.01611	0.03346	0.00990	0.48163	0.12078	0.07461	0.01532	0.01505	0.02723	0.00666	0.00537	0.00164	0.00569	0.00509	0.00522	0.05360
11	0.01365	0.09560	0.25245	0.03858	0.06532	0.03586	0.11161	0.12686	0.01427	0.03014	0.04342	0.01386	0.01004	0.00640	0.02459	0.00176	0.00716	0.00473	0.00327	0.10042
12	0.01370	0.06340	0.15136	0.10694	0.17659	0.03163	0.02709	0.01915	0.13262	0.10039	0.05703	0.04329	0.01338	0.00663	0.00590	0.00175	0.03195	0.00560	0.00379	0.00781
13	0.01111	0.02865	0.77667	0.01579	0.02397	0.01286	0.02046	0.01754	0.01169	0.01754	0.00994	0.01169	0.00702	0.00526	0.00526	0.00175	0.00818	0.00409	0.00234	0.00818
14	0.01260	0.01305	0.02533	0.16013	0.28887	0.01306	0.33844	0.01648	0.01247	0.01710	0.01142	0.04418	0.00942	0.00539	0.00601	0.00180	0.00780	0.00604	0.00281	0.00758
15	0.01474	0.19457	0.20207	0.01510	0.06259	0.08718	0.09833	0.08242	0.08511	0.04277	0.01138	0.01286	0.00883	0.00640	0.02165	0.00178	0.03668	0.00452	0.00323	0.00779
16	0.00871	0.00770	0.00794	0.00779	0.00892	0.07375	0.00564	0.00989	0.01066	0.01326	0.02963	0.08906	0.27209	0.19907	0.18969	0.00429	0.04456	0.00880	0.00391	0.00464
17	0.02141	0.01494	0.01627	0.01247	0.01689	0.01633	0.01030	0.68420	0.02508	0.10440	0.01410	0.01382	0.00982	0.00667	0.00554	0.00167	0.00596	0.00504	0.00566	0.00942
18	0.01444	0.03297	0.35993	0.01333	0.01876	0.01154	0.04797	0.07211	0.04222	0.17582	0.01566	0.11330	0.01277	0.00743	0.00609	0.00183	0.03572	0.00614	0.00402	0.00796
19	0.10318	0.06364	0.25309	0.03387	0.09274	0.05006	0.08409	0.06088	0.05786	0.03959	0.04129	0.05574	0.01159	0.00700	0.02045	0.00187	0.00686	0.00532	0.00338	0.00751
20	0.01063	0.00989	0.01525	0.01291	0.01441	0.04561	0.15087	0.01224	0.01006	0.01390	0.03305	0.10680	0.01407	0.03605	0.18531	0.10399	0.20969	0.00681	0.00306	0.00540
21	0.02105	0.01551	0.01662	0.01274	0.01717	0.01717	0.01053	0.75235	0.02604	0.03490	0.01330	0.01330	0.00942	0.00665	0.00554	0.00166	0.00609	0.00499	0.00554	0.00942
22	0.02178	0.01299	0.01501	0.02606	0.01630	0.01362	0.00965	0.43322	0.06706	0.30017	0.01688	0.01577	0.01138	0.00676	0.00556	0.00170	0.00552	0.00527	0.00596	0.00932
23	0.00775	0.00579	0.00813	0.00908	0.02925	0.00555	0.02816	0.02214	0.02524	0.01537	0.07363	0.62731	0.03421	0.01586	0.00734	0.02479	0.00365	0.04688	0.00501	0.00488
24	0.00738	0.00555	0.00682	0.00670	0.00804	0.00500	0.00495	0.00948	0.01429	0.01938	0.49698	0.13339	0.23629	0.01273	0.00660	0.00183	0.00273	0.01112	0.00574	0.00500
25	0.02070	0.02599	0.01573	0.01421	0.01712	0.75473	0.01069	0.04918	0.01608	0.01435	0.00874	0.01011	0.00722	0.00574	0.00501	0.00144	0.00984	0.00362	0.00295	0.00653
26	0.01402	0.08292	0.06281	0.06239	0.50133	0.03104	0.05119	0.01788	0.04660	0.04551	0.01104	0.01368	0.00894	0.00525	0.00560	0.00165	0.02199	0.00485	0.00296	0.00833
27	0.05107	0.00947	0.01270	0.00977	0.01403	0.00828	0.00807	0.02665	0.01565	0.75066	0.02140	0.01854	0.01346	0.00680	0.00550	0.00171	0.00470	0.00549	0.00675	0.00932
28	0.00808	0.00616	0.00913	0.00903	0.00996	0.00726	0.00702	0.00997	0.00886	0.01281	0.01462	0.02181	0.01378	0.06280	0.73174	0.00855	0.04458	0.00595	0.00296	0.00494
29	0.01494	0.01421	0.01929	0.17141	0.25830	0.11281	0.09213	0.12438	0.04276	0.03350	0.01141	0.01454	0.00907	0.02705	0.00660	0.02441	0.00720	0.00508	0.00331	0.00761
30	0.01284	0.01085	0.01144	0.01038	0.01325	0.01234	0.00805	0.02628	0.63899	0.02240	0.05344	0.02385	0.07311	0.00808	0.00565	0.00184	0.00411	0.00675	0.04821	0.00815
31	0.00675	0.00482	0.00643	0.00771	0.00803	0.00450	0.00514	0.00771	0.01060	0.01414	0.03053	0.80175	0.03663	0.01735	0.00707	0.00225	0.00321	0.01574	0.00514	0.00450
32	0.01289	0.01082	0.01575	0.04905	0.04515	0.03304	0.15997	0.16715	0.04881	0.05053	0.02093	0.29283	0.04823	0.01019	0.00631	0.00193	0.00568	0.00938	0.00456	0.00682
33	0.04166	0.16117	0.03601	0.04657	0.22826	0.07910	0.01197	0.04902	0.07908	0.07996	0.01286	0.03526	0.02401	0.00643	0.00636	0.00168	0.08449	0.00495	0.00348	0.00769
34	0.01182	0.01011	0.01184	0.00857	0.01331	0.00803	0.00688	0.03807	0.01186	0.01844	0.00987	0.01157	0.00821	0.00438	0.00463	0.00090	0.03125	0.00339	0.00333	0.78356
35	0.00682	0.00503	0.00644	0.00739	0.00803	0.00465	0.00507	0.00798	0.01114	0.01468	0.07622	0.61789	0.14772	0.01733	0.03354	0.00239	0.00351	0.01446	0.00512	0.00458
36	0.01649	0.07138	0.11465	0.06421	0.14108	0.03594	0.09040	0.30552	0.03134	0.04193	0.01178	0.01326	0.00878	0.00574	0.00542	0.00165	0.00684	0.00485	0.00391	0.02484
37	0.01046	0.00984	0.01661	0.79205	0.03814	0.01230	0.01538	0.01415	0.01107	0.01415	0.00984	0.01477	0.00738	0.00554	0.00554	0.00185	0.00738	0.00492	0.00246	0.00615
38	0.67590	0.01045	0.00911	0.00781	0.01142	0.01154	0.00644	0.01848	0.01075	0.17907	0.01062	0.01102	0.00758	0.00549	0.00387	0.00171	0.00437	0.00353	0.00413	0.00670
39	0.00772	0.00701	0.04384	0.03250	0.03569	0.00601	0.04962	0.00936	0.01109	0.01484	0.05390	0.56786	0.07905	0.04464	0.00760	0.00225	0.00406	0.01326	0.00469	0.00502
40	0.00826	0.00644	0.00956	0.00936	0.01027	0.00775	0.00735	0.01017	0.00887	0.01290	0.01421	0.02097	0.01331	0.03892	0.72061	0.00837	0.07888	0.00584	0.00292	0.00504
41	0.00765	0.00555	0.00742	0.00859	0.00945	0.00531	0.00667	0.00933	0.01169	0.01524	0.03222	0.42348	0.09772	0.01619	0.00727	0.00234	0.00398	0.32001	0.00512	0.00477
42	0.00675	0.00482	0.00643	0.00771	0.00803	0.00450	0.00514	0.00771	0.01060	0.01414	0.03053	0.80175	0.03663	0.01735	0.00707	0.00225	0.00321	0.01574	0.00514	0.00450
43	0.01275	0.07013	0.28374	0.04146	0.23850	0.01370	0.13278	0.03886	0.03684	0.01769	0.01057	0.01320	0.00824	0.00571	0.00627	0.02851	0.02557	0.00481	0.00274	0.00794
44	0.00692	0.00515	0.00715	0.00807	0.00862	0.00478	0.02684	0.00802	0.01077	0.01428	0.03121	0.74241	0.07139	0.01682	0.00703	0.00222	0.00337	0.01528	0.00507	0.00459
45	0.01378	0.01762	0.14774	0.10107	0.17513	0.14918	0.10310	0.03214	0.01254	0.01638	0.03186	0.01350	0.00903	0.00622	0.00775	0.00181	0.14626	0.00488	0.00277	0.00726
46	0.66306	0.03089	0.00997	0.00851	0.01192	0.12986	0.00689	0.01766	0.01071	0.05704	0.00849	0.00959	0.00655	0.00530	0.00377	0.00166	0.00521	0.00320	0.00347	0.00624
47	0.04739	0.03395	0.12411	0.04806	0.03054	0.00842	0.03695	0.01243	0.01275	0.03513	0.20789	0.06334	0.18358	0.01144	0.03633	0.00214	0.02533	0.06990	0.00441	0.00592
48	0.01389	0.03556	0.15005	0.05864	0.07494	0.03098	0.06497	0.14700	0.08898	0.05485	0.08409	0.05174	0.01481	0.02193	0.00684	0.00183	0.05629	0.00594	0.00405	0.03259
49	0.00719	0.00650	0.03493	0.00687	0.00868	0.00518	0.00540	0.00892	0.01247	0.01589	0.12691	0.20642	0.44594	0.01375	0.00655	0.00192	0.00321	0.04018	0.00507	0.03802
50	0.06679	0.17041	0.21267	0.01285	0.05157	0.01388	0.04091	0.11380	0.01364	0.04971	0.03303	0.01255	0.00926	0.00541	0.00499	0.00147	0.02074	0.00416	0.00334	0.15881
51	0.02751	0.04651	0.62197	0.01662	0.04311	0.04228	0.09081	0.01767	0.01195	0.01744	0.00992	0.01188	0.00718	0.00520	0.00530	0.00173	0.00819	0.00428	0.00243	0.00799
52	0.26576	0.16325	0.17659	0.05315	0.06441	0.05142	0.01124	0.05332	0.01187	0.01922	0.01186	0.04236	0.04281	0.00607	0.00454	0.00164	0.00598	0.00445	0.00313	0.00693
53	0.03633	0.06140	0.06446	0.04844	0.03599	0.16730	0.04738	0.07227	0.27967	0.01990	0.03428	0.01554	0.01212	0.00625	0.00523	0.00162	0.00632	0.00500	0.00408	0.07643

[dist]
# distance from previous block
# <min> <max>
0	4

[block]
# block no. 4 follows, 43 sequences, length 20
# corresponding to MSA columns:
# 532-540,544-554
name=unknown_E
#
# <colnr> <probs for GDERKNQSTAVLIFYWHMCP>
#	G	D	E	R	K	N	Q	S	T	A	V	L	I	F	Y	W	H	M	C	P
0	0.05514	0.03249	0.02136	0.00938	0.01185	0.07384	0.00755	0.05038	0.01348	0.13858	0.08363	0.18575	0.02332	0.02768	0.00646	0.00193	0.00481	0.14890	0.01969	0.08377
1	0.07347	0.44936	0.09218	0.01057	0.01535	0.08688	0.01020	0.09766	0.01321	0.01719	0.00880	0.00998	0.00738	0.00505	0.00410	0.00131	0.00623	0.00337	0.00292	0.08479
2	0.01502	0.01268	0.05319	0.04378	0.09576	0.07561	0.05588	0.05999	0.02725	0.14761	0.01407	0.05002	0.01158	0.03783	0.00613	0.00162	0.00579	0.02383	0.00399	0.25837
3	0.04631	0.19241	0.34263	0.01423	0.04411	0.03107	0.07643	0.01779	0.03235	0.07076	0.01236	0.02801	0.02540	0.00597	0.00532	0.00167	0.02265	0.01986	0.00303	0.00764
4	0.00785	0.00528	0.00610	0.00630	0.00635	0.00523	0.00363	0.00800	0.00845	0.01127	0.01949	0.15575	0.02271	0.68234	0.02489	0.00488	0.00503	0.00925	0.00363	0.00353
5	0.00685	0.00494	0.00632	0.00738	0.00780	0.00459	0.00490	0.00776	0.01054	0.01389	0.03149	0.66665	0.09752	0.09043	0.00899	0.00251	0.00338	0.01468	0.00498	0.00441
6	0.03314	0.01132	0.12112	0.01144	0.01447	0.00917	0.04231	0.11712	0.01447	0.05753	0.05049	0.10399	0.03472	0.01150	0.00664	0.00215	0.00554	0.34167	0.00475	0.00644
7	0.01324	0.09182	0.51645	0.01513	0.04961	0.01408	0.01707	0.09489	0.05107	0.04769	0.01113	0.01243	0.00810	0.00564	0.00553	0.00171	0.02881	0.00431	0.00303	0.00826
8	0.00703	0.00566	0.00630	0.00642	0.00806	0.00494	0.00491	0.00874	0.01308	0.01636	0.17674	0.08737	0.53301	0.01384	0.00668	0.00194	0.00303	0.08579	0.00531	0.00481
9	0.00846	0.00601	0.00823	0.00940	0.01040	0.00595	0.00777	0.01051	0.01197	0.01564	0.02853	0.19238	0.03172	0.08305	0.00930	0.00274	0.00479	0.54336	0.00496	0.00484
10	0.01306	0.05727	0.59613	0.01585	0.05215	0.05174	0.03507	0.01852	0.01230	0.08175	0.01084	0.01226	0.00770	0.00537	0.00524	0.00171	0.00785	0.00424	0.00278	0.00817
11	0.00897	0.00714	0.00912	0.06723	0.08621	0.02065	0.00708	0.01099	0.02854	0.05194	0.05494	0.27448	0.31532	0.01284	0.00645	0.00195	0.00393	0.02194	0.00478	0.00551
12	0.02000	0.02486	0.01732	0.01505	0.01822	0.67833	0.07959	0.05335	0.01590	0.01487	0.00901	0.01059	0.00735	0.00565	0.00516	0.00148	0.00976	0.00390	0.00297	0.00665
13	0.01119	0.09929	0.64134	0.01437	0.02153	0.01307	0.01798	0.01664	0.01134	0.01654	0.01037	0.01353	0.00814	0.07345	0.00706	0.00201	0.00773	0.00433	0.00243	0.00767
14	0.01394	0.01895	0.29786	0.10263	0.11998	0.04351	0.10514	0.06249	0.08300	0.08024	0.01243	0.01413	0.00906	0.00562	0.00554	0.00175	0.00734	0.00494	0.00334	0.00811
15	0.00702	0.00520	0.00655	0.00713	0.00800	0.00473	0.00500	0.00852	0.01238	0.01654	0.24124	0.45593	0.17129	0.01507	0.00683	0.00204	0.00297	0.01342	0.00541	0.00473
16	0.03728	0.17213	0.27171	0.01231	0.01763	0.01349	0.02829	0.04873	0.01326	0.23588	0.03605	0.01421	0.01046	0.00614	0.00590	0.00167	0.05826	0.00459	0.00393	0.00808
17	0.03674	0.15192	0.48129	0.01372	0.02033	0.06860	0.01605	0.03525	0.01262	0.09869	0.01078	0.01185	0.00779	0.00541	0.00496	0.00163	0.00742	0.00402	0.00297	0.00799
18	0.01872	0.00960	0.01117	0.00919	0.01239	0.04722	0.00724	0.05077	0.07517	0.41795	0.04619	0.04072	0.04640	0.08177	0.00758	0.00201	0.00469	0.00628	0.07668	0.02825
19	0.02803	0.07419	0.18411	0.17703	0.07179	0.03736	0.13414	0.07341	0.01305	0.04739	0.01170	0.01433	0.02526	0.01560	0.00600	0.00174	0.02750	0.00492	0.00305	0.04941

[dist]
# distance from previous block
# <min> <max>
1	6

[block]
# block no. 5 follows, 43 sequences, length 14
# corresponding to MSA columns:
# 562-569,574-579
name=unknown_F
#
# <colnr> <probs for GDERKNQSTAVLIFYWHMCP>
#	G	D	E	R	K	N	Q	S	T	A	V	L	I	F	Y	W	H	M	C	P
0	0.01544	0.21503	0.28726	0.01473	0.07436	0.05354	0.05519	0.04465	0.03213	0.13980	0.01179	0.01269	0.00867	0.00546	0.00498	0.00159	0.00693	0.00431	0.00335	0.00809
1	0.01434	0.08468	0.26586	0.04793	0.22101	0.05030	0.03609	0.03802	0.05716	0.09591	0.01292	0.01435	0.02563	0.00567	0.00530	0.00167	0.00690	0.00477	0.00330	0.00819
2	0.00886	0.00603	0.00759	0.00772	0.00900	0.00571	0.00569	0.01093	0.03746	0.07697	0.19689	0.34678	0.17869	0.01391	0.00701	0.00203	0.02494	0.04305	0.00543	0.00530
3	0.03653	0.05009	0.13664	0.06079	0.32336	0.05306	0.08296	0.07727	0.01349	0.01872	0.02980	0.06919	0.01122	0.00620	0.00552	0.00171	0.00684	0.00563	0.00316	0.00783
4	0.01298	0.11838	0.22578	0.06562	0.13476	0.07319	0.06905	0.05047	0.01305	0.03241	0.03631	0.05884	0.03980	0.00684	0.00548	0.00171	0.00690	0.03787	0.00321	0.00735
5	0.00751	0.00545	0.00643	0.00688	0.00809	0.00484	0.00493	0.00881	0.01191	0.04310	0.07511	0.35777	0.35449	0.04230	0.00751	0.00216	0.00321	0.03955	0.00519	0.00478
6	0.13971	0.04017	0.14170	0.03440	0.05002	0.09886	0.07588	0.05481	0.01320	0.12936	0.04510	0.06798	0.01275	0.00729	0.00605	0.02307	0.02550	0.02318	0.00386	0.00713
7	0.01540	0.03923	0.12166	0.05330	0.09895	0.07000	0.11500	0.15249	0.06599	0.09302	0.04919	0.03116	0.03590	0.00662	0.00597	0.00174	0.02675	0.00569	0.00404	0.00790
8	0.04524	0.03359	0.11656	0.04113	0.09146	0.07614	0.07574	0.07142	0.09630	0.11120	0.05462	0.05072	0.04807	0.05504	0.00695	0.00196	0.00616	0.00614	0.00414	0.00741
9	0.01333	0.01445	0.01096	0.01036	0.01236	0.32055	0.00777	0.03328	0.04369	0.01650	0.17289	0.13154	0.10883	0.01155	0.04524	0.00209	0.00654	0.02798	0.00433	0.00577
10	0.02821	0.05777	0.07408	0.20041	0.24811	0.05552	0.07880	0.03358	0.05029	0.02920	0.04031	0.01602	0.03418	0.00594	0.00576	0.00172	0.02426	0.00527	0.00312	0.00744
11	0.05743	0.01496	0.15891	0.03577	0.07966	0.05030	0.03886	0.12837	0.04418	0.19324	0.09195	0.01896	0.04905	0.00691	0.00554	0.00172	0.00591	0.00569	0.00461	0.00798
12	0.01245	0.04347	0.14491	0.05834	0.23122	0.02926	0.04034	0.03471	0.08403	0.04613	0.05965	0.04034	0.09112	0.00744	0.00605	0.00178	0.02762	0.02994	0.00371	0.00750
13	0.00765	0.00630	0.00955	0.00930	0.01064	0.00581	0.09208	0.00930	0.01160	0.01516	0.05616	0.48632	0.17280	0.01489	0.00694	0.00214	0.00398	0.06954	0.00490	0.00495

[dist]
# distance from previous block
# <min> <max>
0	11

[block]
# block no. 6 follows, 43 sequences, length 14
# corresponding to MSA columns:
# 615-628
name=unknown_G
#
# <colnr> <probs for GDERKNQSTAVLIFYWHMCP>
#	G	D	E	R	K	N	Q	S	T	A	V	L	I	F	Y	W	H	M	C	P
0	0.03648	0.12023	0.20250	0.05875	0.19151	0.16379	0.03654	0.04886	0.01342	0.04709	0.02494	0.01258	0.00874	0.00544	0.00510	0.00159	0.00744	0.00434	0.00297	0.00770
1	0.01379	0.17285	0.25186	0.07200	0.15982	0.07368	0.01487	0.04595	0.01254	0.03820	0.02505	0.01251	0.00861	0.00573	0.00605	0.00165	0.07008	0.00430	0.00280	0.00766
2	0.00898	0.03549	0.00943	0.00934	0.03615	0.00668	0.03074	0.04538	0.01203	0.03720	0.05083	0.47599	0.09037	0.03870	0.01979	0.00228	0.00409	0.05132	0.02992	0.00528
3	0.01282	0.01102	0.05082	0.01002	0.01292	0.04367	0.02278	0.07632	0.26230	0.07582	0.07187	0.05151	0.13850	0.01989	0.06848	0.00240	0.00543	0.00724	0.04906	0.00713
4	0.02797	0.06547	0.17704	0.12668	0.19566	0.05577	0.01407	0.06283	0.08372	0.03416	0.01366	0.04906	0.03327	0.00647	0.00576	0.00174	0.03036	0.00534	0.00331	0.00766
5	0.01337	0.10845	0.18406	0.05457	0.13821	0.06821	0.17172	0.06286	0.01321	0.01763	0.02946	0.04087	0.01060	0.00616	0.00600	0.00173	0.03486	0.02752	0.00302	0.00750
6	0.00882	0.00628	0.00752	0.00768	0.00898	0.00576	0.00553	0.01069	0.04014	0.04760	0.21207	0.28407	0.22424	0.06304	0.00829	0.00232	0.00352	0.04252	0.00555	0.00539
7	0.03480	0.04512	0.04808	0.01270	0.01659	0.15098	0.01054	0.34124	0.04405	0.13969	0.04678	0.01556	0.01204	0.00718	0.00631	0.00179	0.04773	0.00514	0.00504	0.00863
8	0.01486	0.08474	0.09164	0.04692	0.19523	0.01316	0.10205	0.07632	0.09659	0.09538	0.04788	0.01986	0.07584	0.00702	0.00586	0.00183	0.00630	0.00607	0.00418	0.00826
9	0.01912	0.01087	0.04542	0.01131	0.03522	0.01014	0.00911	0.12037	0.01552	0.37503	0.01914	0.07908	0.01461	0.01027	0.05467	0.00233	0.06754	0.00633	0.08561	0.00833
10	0.00858	0.00585	0.00678	0.00691	0.00708	0.00577	0.00412	0.00865	0.00888	0.01196	0.01951	0.13137	0.02231	0.65215	0.07210	0.00528	0.00590	0.00906	0.00378	0.00397
11	0.05875	0.08542	0.19469	0.09110	0.10353	0.08745	0.01372	0.13983	0.04188	0.04657	0.01202	0.02849	0.00955	0.00719	0.02146	0.00196	0.03989	0.00485	0.00362	0.00805
12	0.06616	0.08163	0.15408	0.06182	0.12922	0.10376	0.13096	0.10026	0.04706	0.05281	0.01184	0.01389	0.00910	0.00590	0.00558	0.00179	0.00753	0.00491	0.00354	0.00816
13	0.34379	0.06929	0.05085	0.01216	0.04713	0.31177	0.00946	0.01862	0.01254	0.01879	0.00906	0.01107	0.00752	0.00651	0.00547	0.04529	0.00715	0.00368	0.00323	0.00662

[dist]
# distance from previous block
# <min> <max>
3	24

[block]
# block no. 7 follows, 43 sequences, length 22
# corresponding to MSA columns:
# 670-684,686-692
name=unknown_H
#
# <colnr> <probs for GDERKNQSTAVLIFYWHMCP>
#	G	D	E	R	K	N	Q	S	T	A	V	L	I	F	Y	W	H	M	C	P
0	0.03359	0.01412	0.04141	0.09606	0.50705	0.01401	0.06070	0.08682	0.04988	0.02055	0.01216	0.01534	0.00989	0.00593	0.00593	0.00187	0.00696	0.00535	0.00347	0.00891
1	0.01607	0.08598	0.20398	0.08896	0.18398	0.01293	0.01421	0.06843	0.01428	0.16634	0.02679	0.01745	0.02441	0.00670	0.00573	0.00186	0.00663	0.01922	0.02747	0.00858
2	0.01198	0.00983	0.04053	0.00973	0.01165	0.06176	0.00752	0.01492	0.09685	0.09230	0.06590	0.29556	0.12573	0.02861	0.03034	0.00241	0.03928	0.02057	0.02809	0.00643
3	0.00835	0.00624	0.00769	0.00823	0.00934	0.00551	0.00573	0.00937	0.01191	0.01609	0.07658	0.56574	0.11733	0.01578	0.00711	0.00222	0.00363	0.03460	0.00533	0.08323
4	0.04001	0.01029	0.01116	0.00967	0.01253	0.02484	0.00757	0.19704	0.07282	0.11797	0.13961	0.06418	0.20815	0.01054	0.00638	0.00197	0.00457	0.03070	0.02254	0.00744
5	0.01474	0.01838	0.16031	0.12207	0.32698	0.13217	0.08141	0.01811	0.01324	0.01750	0.01093	0.01429	0.00887	0.00596	0.00625	0.00188	0.03067	0.00502	0.00299	0.00825
6	0.00934	0.00685	0.00923	0.05706	0.01260	0.00674	0.00838	0.01113	0.01256	0.01648	0.02998	0.25522	0.06253	0.03419	0.00818	0.00263	0.00498	0.44124	0.00522	0.00547
7	0.01450	0.01366	0.02085	0.10928	0.52992	0.03531	0.03104	0.01940	0.12829	0.01920	0.01316	0.01614	0.01075	0.00607	0.00594	0.00188	0.00679	0.00544	0.00350	0.00887
8	0.00928	0.00704	0.00985	0.00950	0.01094	0.00755	0.00731	0.01101	0.00979	0.01430	0.01527	0.02200	0.01416	0.03812	0.69878	0.00821	0.01401	0.00598	0.00333	0.08354
9	0.00898	0.00652	0.00858	0.03978	0.01023	0.00673	0.00623	0.01015	0.01071	0.01491	0.13426	0.11585	0.02510	0.25581	0.29663	0.00567	0.00856	0.02607	0.00417	0.00505
10	0.01635	0.06517	0.01533	0.04436	0.06114	0.08844	0.00996	0.15319	0.12218	0.10243	0.05043	0.08762	0.06589	0.00896	0.00721	0.00197	0.07970	0.00684	0.00490	0.00794
11	0.02046	0.02075	0.01552	0.01340	0.01669	0.41912	0.01031	0.26607	0.04229	0.02259	0.01247	0.01381	0.00981	0.00680	0.00551	0.00169	0.00807	0.00461	0.08215	0.00788
12	0.00954	0.00660	0.00746	0.00741	0.00922	0.00570	0.00548	0.01077	0.01335	0.08738	0.09596	0.19205	0.46880	0.01437	0.00700	0.00212	0.00351	0.04194	0.00567	0.00567
13	0.03141	0.11785	0.29531	0.01775	0.15018	0.03395	0.09841	0.08347	0.01352	0.01892	0.05640	0.03563	0.01123	0.00591	0.00534	0.00167	0.00705	0.00510	0.00310	0.00781
14	0.03966	0.11990	0.18435	0.04612	0.05506	0.16750	0.04191	0.02917	0.08186	0.03296	0.09794	0.01663	0.01392	0.00652	0.00562	0.00166	0.02993	0.01867	0.00345	0.00718
15	0.01401	0.06014	0.03739	0.13103	0.33300	0.01287	0.04952	0.04477	0.05249	0.08862	0.02831	0.04665	0.01135	0.00627	0.00614	0.00174	0.04584	0.00554	0.01645	0.00787
16	0.00763	0.00558	0.00665	0.00669	0.00810	0.00494	0.00490	0.00939	0.01335	0.04184	0.29821	0.21423	0.33117	0.01359	0.00663	0.00190	0.00289	0.01181	0.00553	0.00498
17	0.02605	0.01350	0.05058	0.09493	0.52634	0.05114	0.03646	0.01635	0.01261	0.01765	0.05634	0.03393	0.01170	0.00581	0.00581	0.00170	0.02277	0.00541	0.00297	0.00795
18	0.04777	0.12701	0.24283	0.01365	0.07983	0.08641	0.02700	0.05857	0.01317	0.08527	0.01407	0.05630	0.03480	0.00645	0.00502	0.00161	0.00639	0.00511	0.08132	0.00740
19	0.01039	0.00915	0.01391	0.10500	0.28978	0.00936	0.01089	0.02587	0.05719	0.01663	0.02304	0.26379	0.10581	0.01031	0.00616	0.00191	0.00502	0.02517	0.00400	0.00661
20	0.00976	0.00990	0.05853	0.10241	0.21152	0.00903	0.04549	0.01256	0.02525	0.01625	0.06135	0.19858	0.18148	0.01018	0.00640	0.00189	0.02005	0.00909	0.00395	0.00633
21	0.01263	0.01072	0.01603	0.16321	0.02028	0.03559	0.14734	0.05812	0.07459	0.07856	0.05158	0.05915	0.08167	0.02611	0.00710	0.00195	0.04148	0.06614	0.00411	0.04364

[dist]
# distance from previous block
# <min> <max>
0	16

# created by:
# /home/cegg/simao/soft/augustus-3.2.1/scripts/msa2prfl.pl ./align_prep/EOG091G0O5A.fa
