[name]
unknown

[dist]
# distance from previous block
# <min> <max>
0	89

[block]
# block no. 0 follows, 46 sequences, length 50
# corresponding to MSA columns:
# 174-193,196-225
name=unknown_A
#
# <colnr> <probs for GDERKNQSTAVLIFYWHMCP>
#	G	D	E	R	K	N	Q	S	T	A	V	L	I	F	Y	W	H	M	C	P
0	0.03246	0.01070	0.02540	0.00938	0.01238	0.09053	0.00755	0.08921	0.08660	0.19975	0.21037	0.04971	0.02232	0.00789	0.00543	0.00159	0.00457	0.03626	0.00511	0.09282
1	0.01575	0.15102	0.17411	0.01218	0.02797	0.15044	0.01133	0.14828	0.12897	0.07571	0.02825	0.01311	0.00998	0.00577	0.00483	0.00151	0.00640	0.00432	0.00374	0.02633
2	0.01305	0.01216	0.02018	0.02901	0.65562	0.01223	0.03216	0.06571	0.01277	0.01806	0.01156	0.07182	0.01037	0.00569	0.00537	0.00162	0.00607	0.00551	0.00297	0.00809
3	0.01705	0.06128	0.11517	0.07111	0.01917	0.05089	0.08326	0.35792	0.03364	0.09970	0.01224	0.01299	0.00876	0.00575	0.00518	0.00158	0.00641	0.00465	0.00421	0.02903
4	0.01071	0.02343	0.06607	0.00871	0.01066	0.03426	0.00706	0.02330	0.01191	0.13497	0.10679	0.41077	0.04574	0.01195	0.00648	0.00187	0.03457	0.01039	0.00478	0.03559
5	0.00644	0.00460	0.00613	0.00736	0.00767	0.00429	0.00491	0.00736	0.01012	0.01350	0.02914	0.81076	0.03497	0.01656	0.00675	0.00215	0.00307	0.01503	0.00491	0.00429
6	0.07961	0.00895	0.01149	0.06790	0.01424	0.00904	0.02377	0.13847	0.01480	0.26093	0.07433	0.10844	0.01929	0.00902	0.00574	0.00183	0.00473	0.13526	0.00518	0.00697
7	0.01379	0.01448	0.14714	0.03947	0.43624	0.01205	0.04096	0.01876	0.10189	0.10428	0.01248	0.01416	0.00950	0.00526	0.00526	0.00163	0.00619	0.00485	0.00332	0.00826
8	0.00644	0.00460	0.00613	0.00736	0.00767	0.00429	0.00491	0.00736	0.01012	0.01350	0.02914	0.81076	0.03497	0.01656	0.00675	0.00215	0.00307	0.01503	0.00491	0.00429
9	0.00998	0.00940	0.01586	0.80150	0.03641	0.01175	0.01468	0.01351	0.01057	0.01351	0.00940	0.01409	0.00705	0.00529	0.00529	0.00176	0.00705	0.00470	0.00235	0.00587
10	0.01338	0.01186	0.02018	0.14821	0.59049	0.01210	0.03535	0.01653	0.01205	0.07321	0.01068	0.01363	0.00851	0.00493	0.00527	0.00161	0.00634	0.00479	0.00287	0.00800
11	0.01357	0.01296	0.05097	0.12890	0.55168	0.01282	0.01530	0.10363	0.01336	0.03104	0.01035	0.01317	0.00828	0.00502	0.00524	0.00160	0.00636	0.00469	0.00294	0.00811
12	0.01315	0.01136	0.01195	0.01076	0.01375	0.01315	0.00837	0.02809	0.77168	0.02211	0.02152	0.01972	0.01614	0.00717	0.00538	0.00179	0.00418	0.00598	0.00538	0.00837
13	0.85155	0.01022	0.00777	0.00695	0.01022	0.01186	0.00573	0.01554	0.00900	0.02372	0.00736	0.00859	0.00573	0.00491	0.00327	0.00164	0.00409	0.00286	0.00327	0.00573
14	0.00810	0.00630	0.00970	0.00899	0.01007	0.00698	0.06159	0.00982	0.00871	0.01247	0.01433	0.02271	0.01386	0.18431	0.54560	0.00699	0.02902	0.00605	0.02978	0.00464
15	0.04895	0.01154	0.01250	0.01019	0.01394	0.01215	0.00814	0.19780	0.34515	0.07043	0.01606	0.01551	0.01195	0.00611	0.00494	0.00150	0.00452	0.00488	0.00483	0.19892
16	0.00738	0.00514	0.00588	0.00593	0.00633	0.00496	0.00364	0.00790	0.00924	0.01222	0.10564	0.09773	0.12255	0.56021	0.02039	0.00408	0.00436	0.00892	0.00384	0.00365
17	0.04401	0.00877	0.01019	0.00872	0.01151	0.00875	0.00704	0.16933	0.06670	0.19403	0.15590	0.03090	0.17445	0.00935	0.00577	0.00175	0.00406	0.07644	0.00548	0.00685
18	0.01775	0.02151	0.01555	0.07357	0.10510	0.58543	0.01109	0.02054	0.07328	0.01419	0.00950	0.01107	0.00773	0.00549	0.00491	0.00145	0.00856	0.00385	0.00289	0.00654
19	0.00985	0.00493	0.00493	0.00493	0.00616	0.00493	0.00370	0.01232	0.01109	0.01971	0.01725	0.01971	0.01355	0.00616	0.00370	0.00123	0.00246	0.00493	0.84356	0.00493
20	0.01198	0.01145	0.01936	0.29222	0.49964	0.01242	0.01552	0.01517	0.01139	0.01582	0.00964	0.01337	0.00787	0.00508	0.00571	0.00166	0.03704	0.00470	0.00251	0.00743
21	0.01353	0.04316	0.10918	0.02713	0.54812	0.03207	0.07385	0.01696	0.01217	0.05830	0.01040	0.01297	0.00831	0.00484	0.00522	0.00158	0.00662	0.00467	0.00278	0.00813
22	0.02372	0.00900	0.01227	0.00941	0.01350	0.00777	0.00777	0.02576	0.01513	0.78489	0.02086	0.01799	0.01309	0.00654	0.00532	0.00164	0.00450	0.00532	0.00654	0.00900
23	0.00644	0.00460	0.00613	0.00736	0.00767	0.00429	0.00491	0.00736	0.01012	0.01350	0.02914	0.81076	0.03497	0.01656	0.00675	0.00215	0.00307	0.01503	0.00491	0.00429
24	0.01177	0.03556	0.48615	0.01528	0.02163	0.02838	0.16247	0.04316	0.01238	0.04677	0.05739	0.01469	0.02912	0.00557	0.00535	0.00168	0.00738	0.00494	0.00288	0.00746
25	0.01141	0.00907	0.01389	0.07378	0.19705	0.02500	0.06876	0.01453	0.06189	0.09250	0.01979	0.27652	0.02000	0.00991	0.00602	0.00189	0.00512	0.08230	0.00414	0.00644
26	0.01287	0.00972	0.01142	0.00989	0.01106	0.05250	0.00766	0.08702	0.01109	0.10286	0.01308	0.01993	0.01214	0.24263	0.03066	0.00295	0.26998	0.00559	0.08132	0.00563
27	0.23821	0.18308	0.08206	0.04294	0.01553	0.30104	0.00976	0.04397	0.01236	0.01676	0.00811	0.00950	0.00659	0.00510	0.00415	0.00144	0.00691	0.00329	0.00281	0.00639
28	0.12363	0.04190	0.03070	0.01210	0.01492	0.54731	0.00944	0.04446	0.01369	0.01501	0.00886	0.01071	0.00741	0.00896	0.08713	0.00215	0.00906	0.00361	0.00287	0.00608
29	0.01520	0.66739	0.02529	0.00991	0.01409	0.16711	0.00927	0.01683	0.01154	0.01253	0.00751	0.00868	0.00679	0.00470	0.00365	0.00117	0.00639	0.00294	0.00235	0.00666
30	0.00744	0.00598	0.03146	0.00714	0.00828	0.00517	0.00531	0.02171	0.01131	0.02922	0.13360	0.36784	0.18970	0.09396	0.04037	0.00253	0.00382	0.02580	0.00473	0.00463
31	0.04332	0.08081	0.20693	0.07299	0.12679	0.05299	0.03935	0.07029	0.07464	0.09686	0.03950	0.01563	0.04517	0.00595	0.00508	0.00161	0.00617	0.00490	0.00353	0.00748
32	0.01281	0.01381	0.08060	0.02529	0.37485	0.01229	0.29827	0.01653	0.01218	0.04808	0.01147	0.04830	0.00946	0.00523	0.00567	0.00169	0.00718	0.00570	0.00287	0.00771
33	0.02372	0.00900	0.01227	0.00941	0.01350	0.00777	0.00777	0.02576	0.01513	0.78489	0.02086	0.01799	0.01309	0.00654	0.00532	0.00164	0.00450	0.00532	0.00654	0.00900
34	0.01080	0.02619	0.72718	0.01642	0.08197	0.01230	0.01927	0.01670	0.01123	0.01678	0.00952	0.01131	0.00683	0.00500	0.00504	0.00167	0.00769	0.00397	0.00226	0.00786
35	0.01604	0.04947	0.14025	0.01646	0.14575	0.06029	0.10538	0.14941	0.05208	0.16171	0.02857	0.02785	0.01055	0.00584	0.00530	0.00162	0.00638	0.00507	0.00399	0.00801
36	0.00937	0.00513	0.00761	0.00743	0.00743	0.00550	0.00513	0.00734	0.00698	0.00946	0.00901	0.01572	0.00901	0.01766	0.02040	0.78043	0.06692	0.00459	0.00230	0.00257
37	0.00644	0.00460	0.00613	0.00736	0.00767	0.00429	0.00491	0.00736	0.01012	0.01350	0.02914	0.81076	0.03497	0.01656	0.00675	0.00215	0.00307	0.01503	0.00491	0.00429
38	0.01216	0.01343	0.07480	0.09055	0.16378	0.05998	0.10074	0.04302	0.01102	0.01531	0.01039	0.07457	0.00959	0.00738	0.00968	0.00191	0.28678	0.00553	0.00275	0.00662
39	0.02854	0.03430	0.42133	0.01647	0.10374	0.01187	0.10680	0.03834	0.01247	0.15834	0.01178	0.01295	0.00826	0.00522	0.00519	0.00166	0.00701	0.00452	0.00322	0.00798
40	0.01168	0.01581	0.16214	0.01985	0.02524	0.01247	0.57245	0.01615	0.01206	0.01663	0.01192	0.07578	0.00989	0.00550	0.00606	0.00179	0.00826	0.00651	0.00277	0.00703
41	0.02289	0.00931	0.01231	0.00948	0.01351	0.00830	0.00782	0.07951	0.01575	0.70490	0.02130	0.01866	0.03729	0.00675	0.00534	0.00164	0.00454	0.00546	0.00640	0.00885
42	0.01224	0.01478	0.09890	0.08063	0.16375	0.01300	0.49032	0.01672	0.02450	0.01681	0.01053	0.01383	0.00802	0.00466	0.00586	0.00173	0.00812	0.00563	0.00264	0.00735
43	0.01547	0.01323	0.07853	0.10695	0.32517	0.02497	0.06932	0.10017	0.02663	0.16851	0.01250	0.01410	0.00916	0.00537	0.00531	0.00163	0.00630	0.00488	0.00367	0.00812
44	0.00985	0.01669	0.35423	0.07323	0.09908	0.01011	0.07624	0.01388	0.01107	0.01569	0.01510	0.19634	0.01474	0.00886	0.02400	0.00198	0.00661	0.04258	0.00307	0.00666
45	0.85155	0.01022	0.00777	0.00695	0.01022	0.01186	0.00573	0.01554	0.00900	0.02372	0.00736	0.00859	0.00573	0.00491	0.00327	0.00164	0.00409	0.00286	0.00327	0.00573
46	0.00918	0.00459	0.00689	0.00689	0.00689	0.00459	0.00459	0.00689	0.00689	0.00918	0.00918	0.01607	0.00918	0.01837	0.02066	0.84619	0.00459	0.00459	0.00230	0.00230
47	0.01947	0.04843	0.04571	0.01158	0.01573	0.07378	0.03996	0.34366	0.04962	0.24859	0.01596	0.01533	0.03472	0.00639	0.00524	0.00159	0.00575	0.00501	0.00509	0.00838
48	0.01275	0.01249	0.03585	0.09899	0.59645	0.01256	0.03263	0.01731	0.09539	0.01744	0.01117	0.01389	0.00906	0.00503	0.00527	0.00162	0.00621	0.00487	0.00289	0.00811
49	0.02128	0.00860	0.01162	0.00928	0.01291	0.00759	0.00764	0.03970	0.01472	0.65279	0.02195	0.03663	0.03517	0.00785	0.00593	0.02406	0.00448	0.06331	0.00620	0.00829

[dist]
# distance from previous block
# <min> <max>
0	1

[block]
# block no. 1 follows, 46 sequences, length 17
# corresponding to MSA columns:
# 227-243
name=unknown_B
#
# <colnr> <probs for GDERKNQSTAVLIFYWHMCP>
#	G	D	E	R	K	N	Q	S	T	A	V	L	I	F	Y	W	H	M	C	P
0	0.01406	0.01292	0.02147	0.02907	0.62385	0.04097	0.08678	0.01718	0.01242	0.07418	0.01076	0.01343	0.00863	0.00485	0.00532	0.00159	0.00652	0.00485	0.00292	0.00822
1	0.00705	0.00518	0.00676	0.00750	0.00834	0.00473	0.00533	0.00834	0.01080	0.01458	0.08268	0.59783	0.05870	0.01491	0.00654	0.00203	0.00325	0.08357	0.00484	0.06706
2	0.10633	0.09272	0.19785	0.01655	0.08631	0.01294	0.25121	0.01694	0.01165	0.08701	0.01168	0.01355	0.03001	0.00530	0.00561	0.00167	0.03755	0.00486	0.00300	0.00725
3	0.57879	0.05546	0.04054	0.00849	0.01213	0.06102	0.00729	0.09057	0.01157	0.07975	0.00902	0.00985	0.00676	0.00519	0.00379	0.00159	0.00486	0.00330	0.00359	0.00645
4	0.09067	0.00964	0.01511	0.66684	0.03223	0.01209	0.01359	0.01364	0.01024	0.01443	0.00902	0.01338	0.00691	0.00554	0.00599	0.00179	0.06609	0.00452	0.00243	0.00585
5	0.01441	0.01187	0.03920	0.12530	0.23447	0.03329	0.04448	0.12966	0.01442	0.11750	0.08517	0.01599	0.01270	0.00579	0.00524	0.00154	0.00573	0.00510	0.00384	0.09428
6	0.01620	0.01007	0.01172	0.01038	0.01338	0.01047	0.00813	0.02454	0.40091	0.26278	0.02302	0.09843	0.01849	0.00880	0.00591	0.00194	0.00446	0.05622	0.00588	0.00827
7	0.01712	0.01298	0.04222	0.08743	0.22665	0.04801	0.01176	0.21088	0.04746	0.19164	0.01339	0.01413	0.00964	0.00571	0.00520	0.00158	0.00586	0.00476	0.00428	0.03929
8	0.01200	0.03966	0.33372	0.01844	0.02447	0.04202	0.39040	0.01683	0.01184	0.01645	0.00990	0.01260	0.00738	0.00489	0.00602	0.00173	0.03682	0.00505	0.00248	0.00731
9	0.85155	0.01022	0.00777	0.00695	0.01022	0.01186	0.00573	0.01554	0.00900	0.02372	0.00736	0.00859	0.00573	0.00491	0.00327	0.00164	0.00409	0.00286	0.00327	0.00573
10	0.00649	0.00463	0.00617	0.00733	0.00768	0.00432	0.00491	0.00747	0.01033	0.01382	0.06089	0.77808	0.03560	0.01632	0.00673	0.00213	0.00304	0.01480	0.00495	0.00432
11	0.00670	0.00537	0.00598	0.00583	0.00742	0.00465	0.00437	0.00846	0.01311	0.01681	0.31827	0.04672	0.51280	0.01245	0.00624	0.00174	0.00261	0.01057	0.00524	0.00465
12	0.59759	0.01037	0.00933	0.00792	0.01134	0.01151	0.00650	0.08891	0.03359	0.13994	0.03287	0.01163	0.00874	0.00553	0.00392	0.00164	0.00427	0.00370	0.00410	0.00659
13	0.00775	0.00538	0.00680	0.00676	0.00797	0.00490	0.00496	0.00962	0.01317	0.04891	0.42820	0.20833	0.16020	0.03627	0.00695	0.00191	0.00287	0.02881	0.00540	0.00486
14	0.00904	0.00624	0.00808	0.00870	0.04426	0.00604	0.00603	0.03989	0.03064	0.06331	0.15454	0.29672	0.09533	0.10406	0.02849	0.00247	0.00399	0.08222	0.00484	0.00513
15	0.02859	0.00865	0.01120	0.01027	0.04392	0.02515	0.07632	0.08341	0.11206	0.01960	0.23840	0.06701	0.12313	0.04435	0.02653	0.00203	0.00448	0.02861	0.04029	0.00599
16	0.05614	0.13444	0.15086	0.05906	0.09896	0.23139	0.11187	0.04065	0.01261	0.01569	0.00892	0.01103	0.00714	0.00516	0.00527	0.00154	0.03568	0.00405	0.00263	0.00692

[dist]
# distance from previous block
# <min> <max>
1	4

[block]
# block no. 2 follows, 46 sequences, length 38
# corresponding to MSA columns:
# 250-287
name=unknown_C
#
# <colnr> <probs for GDERKNQSTAVLIFYWHMCP>
#	G	D	E	R	K	N	Q	S	T	A	V	L	I	F	Y	W	H	M	C	P
0	0.01719	0.02010	0.03122	0.04660	0.11882	0.47265	0.04315	0.08119	0.03228	0.01585	0.00950	0.01148	0.00777	0.02130	0.00537	0.00150	0.00814	0.00400	0.00299	0.04889
1	0.01357	0.01120	0.01251	0.03028	0.03307	0.09835	0.02586	0.11468	0.06981	0.09760	0.10030	0.05324	0.09993	0.00930	0.02522	0.00193	0.14297	0.02361	0.03006	0.00651
2	0.34838	0.00956	0.01042	0.00846	0.01212	0.00962	0.00695	0.03462	0.03594	0.42923	0.03497	0.01481	0.01116	0.00603	0.00454	0.00164	0.00430	0.00447	0.00518	0.00759
3	0.01575	0.00843	0.01051	0.00878	0.01161	0.00815	0.00697	0.10118	0.09496	0.32125	0.26768	0.06330	0.04106	0.00859	0.00571	0.00168	0.00385	0.00729	0.00594	0.00731
4	0.00759	0.00557	0.00736	0.00834	0.00941	0.00533	0.00677	0.00946	0.01170	0.01512	0.05310	0.25272	0.15027	0.01482	0.00696	0.00224	0.00399	0.41968	0.00491	0.00466
5	0.00781	0.00550	0.00704	0.00660	0.00798	0.00501	0.00497	0.01017	0.01467	0.04173	0.68351	0.04005	0.12317	0.01095	0.00621	0.00167	0.00257	0.00961	0.00575	0.00505
6	0.01060	0.02735	0.78682	0.01507	0.02288	0.01228	0.01953	0.01674	0.01116	0.01674	0.00949	0.01116	0.00670	0.00502	0.00502	0.00167	0.00781	0.00391	0.00223	0.00781
7	0.00725	0.00536	0.00678	0.00660	0.00786	0.00489	0.00494	0.00945	0.01408	0.01940	0.58791	0.09560	0.16300	0.01174	0.00631	0.00174	0.00264	0.03401	0.00558	0.00485
8	0.01975	0.02520	0.01498	0.01362	0.01634	0.79299	0.01021	0.02111	0.01498	0.01294	0.00817	0.00953	0.00681	0.00545	0.00477	0.00136	0.00953	0.00340	0.00272	0.00613
9	0.00985	0.00493	0.00493	0.00493	0.00616	0.00493	0.00370	0.01232	0.01109	0.01971	0.01725	0.01971	0.01355	0.00616	0.00370	0.00123	0.00246	0.00493	0.84356	0.00493
10	0.01069	0.02672	0.75053	0.01541	0.02311	0.01233	0.05519	0.01675	0.01122	0.01675	0.00955	0.01131	0.00676	0.00500	0.00508	0.00168	0.00787	0.00402	0.00225	0.00778
11	0.01315	0.01136	0.01195	0.01076	0.01375	0.01315	0.00837	0.02809	0.77168	0.02211	0.02152	0.01972	0.01614	0.00717	0.00538	0.00179	0.00418	0.00598	0.00538	0.00837
12	0.01413	0.81739	0.02770	0.00905	0.01357	0.02092	0.00905	0.01583	0.01074	0.01244	0.00735	0.00848	0.00678	0.00452	0.00339	0.00113	0.00565	0.00283	0.00226	0.00678
13	0.00769	0.00513	0.00577	0.00577	0.00577	0.00513	0.00320	0.00769	0.00769	0.01025	0.01666	0.03460	0.01922	0.81421	0.02691	0.00513	0.00513	0.00769	0.00320	0.00320
14	0.00826	0.00558	0.00731	0.00678	0.00816	0.00512	0.00512	0.01073	0.01497	0.05759	0.74234	0.03847	0.04813	0.01060	0.00619	0.00166	0.00259	0.00936	0.00585	0.00518
15	0.05684	0.01012	0.01275	0.00981	0.01390	0.00952	0.00811	0.16119	0.01667	0.61546	0.01880	0.01663	0.01203	0.00644	0.00523	0.00163	0.00472	0.00511	0.00618	0.00886
16	0.01086	0.01029	0.01744	0.58371	0.24734	0.01198	0.01512	0.01428	0.01099	0.01457	0.00955	0.01381	0.00742	0.00512	0.00527	0.00171	0.00683	0.00470	0.00242	0.00658
17	0.01930	0.02373	0.01481	0.01335	0.01616	0.70130	0.01008	0.05698	0.06851	0.01455	0.00932	0.01040	0.00757	0.00561	0.00483	0.00140	0.00898	0.00365	0.00303	0.00642
18	0.03296	0.11500	0.19383	0.03454	0.16858	0.01254	0.02709	0.08956	0.06472	0.04915	0.02387	0.06362	0.01182	0.00647	0.00511	0.00162	0.00588	0.04475	0.00343	0.04548
19	0.01406	0.03318	0.10264	0.03807	0.35467	0.10486	0.02989	0.07167	0.06110	0.03606	0.02768	0.01337	0.00939	0.00567	0.00620	0.00164	0.07442	0.00466	0.00308	0.00770
20	0.00769	0.00513	0.00577	0.00577	0.00577	0.00513	0.00320	0.00769	0.00769	0.01025	0.01666	0.03460	0.01922	0.81421	0.02691	0.00513	0.00513	0.00769	0.00320	0.00320
21	0.01167	0.01222	0.02386	0.06958	0.12338	0.01245	0.42324	0.01514	0.01174	0.01638	0.05626	0.04932	0.01162	0.00610	0.00746	0.00182	0.11172	0.00627	0.02304	0.00674
22	0.05203	0.08811	0.09658	0.05186	0.08636	0.10007	0.19501	0.17323	0.05423	0.01987	0.01106	0.02791	0.00868	0.00548	0.00520	0.00161	0.00705	0.00488	0.00334	0.00744
23	0.00702	0.00496	0.00648	0.00737	0.00780	0.00477	0.00511	0.00808	0.01018	0.01360	0.06729	0.51085	0.03183	0.16193	0.02798	0.00284	0.00389	0.10919	0.00460	0.00422
24	0.01007	0.00617	0.00802	0.00740	0.00909	0.00575	0.00569	0.01292	0.04758	0.13238	0.53675	0.08440	0.05660	0.01061	0.00615	0.00173	0.00301	0.04423	0.00579	0.00566
25	0.01436	0.12911	0.15683	0.03207	0.11872	0.14538	0.14885	0.03962	0.10216	0.04632	0.01119	0.01270	0.00862	0.00523	0.00507	0.00156	0.00718	0.00454	0.00307	0.00744
26	0.03376	0.19858	0.03660	0.01319	0.04806	0.06050	0.15221	0.04650	0.09747	0.07634	0.03142	0.04284	0.06317	0.00674	0.00584	0.00163	0.05275	0.02185	0.00361	0.00693
27	0.01138	0.00659	0.00844	0.00751	0.00951	0.00613	0.00579	0.01454	0.06897	0.18979	0.48549	0.06542	0.07910	0.00998	0.00599	0.00169	0.00309	0.00867	0.00586	0.00606
28	0.01905	0.00939	0.01174	0.00957	0.01294	0.00906	0.00768	0.13735	0.09224	0.45360	0.05656	0.12283	0.01738	0.00810	0.00555	0.00171	0.00439	0.00678	0.00598	0.00812
29	0.03868	0.02587	0.03290	0.07390	0.10604	0.09617	0.07683	0.10929	0.04651	0.05125	0.04546	0.15113	0.01643	0.03097	0.00619	0.00184	0.00576	0.05389	0.02434	0.00654
30	0.13275	0.01003	0.01115	0.00919	0.01259	0.04126	0.00744	0.08527	0.09718	0.38169	0.07114	0.02068	0.06426	0.00725	0.00519	0.00167	0.00448	0.02357	0.00551	0.00770
31	0.01013	0.00678	0.00730	0.00696	0.00865	0.00718	0.00527	0.01596	0.22246	0.02022	0.14783	0.06168	0.03736	0.00787	0.00479	0.00152	0.00298	0.00661	0.41262	0.00585
32	0.02540	0.00602	0.00768	0.00807	0.00906	0.00608	0.00605	0.04007	0.01133	0.04154	0.05808	0.41406	0.10343	0.03987	0.04341	0.00247	0.04223	0.12558	0.00471	0.00487
33	0.07119	0.05289	0.04506	0.06309	0.20430	0.14599	0.05583	0.06252	0.01301	0.12286	0.01165	0.04808	0.00946	0.00608	0.00596	0.00164	0.06486	0.00487	0.00342	0.00725
34	0.01010	0.02804	0.01422	0.01236	0.03618	0.01176	0.06811	0.01172	0.00921	0.01337	0.04883	0.01969	0.03717	0.09823	0.17087	0.00370	0.37541	0.02276	0.00286	0.00541
35	0.08621	0.00902	0.01052	0.02346	0.01183	0.03089	0.01739	0.05411	0.08828	0.15742	0.07493	0.03821	0.06404	0.00944	0.04429	0.00203	0.09290	0.03666	0.12025	0.02812
36	0.01336	0.04868	0.07743	0.07705	0.08601	0.06167	0.14379	0.14102	0.04475	0.03647	0.03059	0.06125	0.04172	0.00681	0.00610	0.00169	0.04988	0.02348	0.01405	0.03421
37	0.08507	0.06222	0.03880	0.01274	0.06308	0.07699	0.05790	0.18688	0.17793	0.05436	0.02677	0.06864	0.02947	0.00695	0.00550	0.00167	0.02766	0.00563	0.00426	0.00745

[dist]
# distance from previous block
# <min> <max>
3	19

[block]
# block no. 3 follows, 46 sequences, length 12
# corresponding to MSA columns:
# 314,322-332
name=unknown_D
#
# <colnr> <probs for GDERKNQSTAVLIFYWHMCP>
#	G	D	E	R	K	N	Q	S	T	A	V	L	I	F	Y	W	H	M	C	P
0	0.11776	0.01005	0.05765	0.02467	0.01222	0.00963	0.00767	0.14731	0.09175	0.06722	0.09230	0.08895	0.18346	0.00930	0.00582	0.00177	0.02442	0.03689	0.00472	0.00642
1	0.11742	0.04687	0.02806	0.03205	0.03676	0.07434	0.00684	0.04150	0.01146	0.05435	0.06124	0.19375	0.07940	0.14469	0.00906	0.00234	0.00476	0.04576	0.00404	0.00533
2	0.00691	0.00506	0.00668	0.00746	0.00793	0.00502	0.00518	0.00798	0.00997	0.01338	0.04926	0.53945	0.06783	0.09761	0.09350	0.00311	0.02437	0.04052	0.00448	0.00432
3	0.05806	0.20663	0.08272	0.03138	0.03039	0.18191	0.02221	0.10862	0.04471	0.04000	0.02427	0.03605	0.00995	0.03867	0.00590	0.00163	0.03319	0.00443	0.03254	0.00675
4	0.13306	0.01237	0.05132	0.01226	0.08176	0.01229	0.00941	0.26753	0.10977	0.16339	0.01550	0.04694	0.02608	0.00656	0.00505	0.00164	0.00505	0.00520	0.00478	0.03004
5	0.06174	0.19645	0.34279	0.02874	0.04251	0.01380	0.01341	0.06196	0.03430	0.02955	0.01000	0.01236	0.00797	0.00592	0.00560	0.03575	0.02966	0.02160	0.00277	0.04310
6	0.01467	0.15821	0.28567	0.04376	0.02007	0.01360	0.12808	0.09051	0.03153	0.14657	0.01180	0.01278	0.00845	0.00529	0.00502	0.00159	0.00674	0.00447	0.00340	0.00778
7	0.00672	0.00486	0.00640	0.00744	0.00800	0.00454	0.00524	0.00793	0.01078	0.01430	0.08021	0.63182	0.08310	0.01577	0.00674	0.00212	0.00319	0.09148	0.00496	0.00441
8	0.11930	0.01296	0.01430	0.05734	0.19102	0.12325	0.01019	0.17594	0.01462	0.08998	0.01254	0.05759	0.01047	0.03977	0.02647	0.00192	0.00614	0.00508	0.02395	0.00717
9	0.03544	0.04254	0.07136	0.03860	0.17060	0.14408	0.16257	0.11584	0.03343	0.07874	0.01199	0.04934	0.00964	0.00578	0.00532	0.00162	0.00701	0.00519	0.00345	0.00747
10	0.00657	0.00477	0.00614	0.00713	0.00764	0.00442	0.00486	0.00760	0.01047	0.01381	0.05946	0.65081	0.11200	0.04710	0.00748	0.00222	0.00314	0.03520	0.00487	0.00431
11	0.01219	0.01012	0.01476	0.13112	0.18371	0.03350	0.06186	0.04599	0.05940	0.08053	0.10151	0.07986	0.04174	0.00821	0.03291	0.00186	0.00564	0.00635	0.00386	0.08487

[dist]
# distance from previous block
# <min> <max>
4	9

[block]
# block no. 4 follows, 46 sequences, length 7
# corresponding to MSA columns:
# 349-355
name=unknown_E
#
# <colnr> <probs for GDERKNQSTAVLIFYWHMCP>
#	G	D	E	R	K	N	Q	S	T	A	V	L	I	F	Y	W	H	M	C	P
0	0.01500	0.01205	0.01323	0.01204	0.06376	0.03551	0.00895	0.30577	0.24171	0.02444	0.01679	0.08964	0.01399	0.00741	0.00532	0.00164	0.00494	0.02383	0.03360	0.07038
1	0.00657	0.00478	0.00620	0.00709	0.00766	0.00441	0.00484	0.00775	0.01096	0.01464	0.13623	0.63789	0.10049	0.01549	0.00663	0.00205	0.00295	0.01393	0.00504	0.00441
2	0.08374	0.01299	0.08151	0.01431	0.10785	0.01185	0.09212	0.21935	0.03428	0.20078	0.01681	0.01689	0.07071	0.00634	0.00529	0.00165	0.00565	0.00536	0.00453	0.00798
3	0.01405	0.63600	0.14045	0.01031	0.01518	0.08101	0.01071	0.01639	0.01114	0.01312	0.00774	0.00897	0.00677	0.00467	0.00375	0.00123	0.00629	0.00303	0.00229	0.00689
4	0.01042	0.00989	0.03178	0.02928	0.01513	0.01056	0.16666	0.01364	0.07547	0.03977	0.02025	0.16653	0.10416	0.03298	0.00966	0.00210	0.20927	0.04284	0.00371	0.00589
5	0.00917	0.00719	0.00818	0.00816	0.00955	0.02870	0.00601	0.06179	0.13304	0.01824	0.20443	0.35554	0.05929	0.01228	0.00618	0.00189	0.00350	0.03457	0.02677	0.00551
6	0.02187	0.00885	0.01185	0.00927	0.01307	0.00785	0.00759	0.02466	0.05734	0.68287	0.07987	0.01976	0.01612	0.00691	0.00539	0.00165	0.00432	0.00568	0.00642	0.00865

[dist]
# distance from previous block
# <min> <max>
0	2

[block]
# block no. 5 follows, 46 sequences, length 21
# corresponding to MSA columns:
# 358-378
name=unknown_F
#
# <colnr> <probs for GDERKNQSTAVLIFYWHMCP>
#	G	D	E	R	K	N	Q	S	T	A	V	L	I	F	Y	W	H	M	C	P
0	0.00830	0.00597	0.00790	0.00905	0.05188	0.00579	0.00600	0.05970	0.01150	0.03299	0.04603	0.56148	0.08234	0.01524	0.02790	0.02786	0.00380	0.02660	0.00473	0.00494
1	0.01350	0.03095	0.03584	0.00988	0.01242	0.05203	0.02295	0.04783	0.17705	0.16821	0.11352	0.13022	0.02168	0.03651	0.01728	0.00201	0.02905	0.06733	0.00497	0.00676
2	0.00679	0.00557	0.00630	0.00663	0.02765	0.00486	0.00482	0.00844	0.01252	0.01566	0.17896	0.07201	0.55891	0.01288	0.00630	0.00181	0.00289	0.05730	0.00501	0.00468
3	0.69596	0.01188	0.00905	0.00805	0.01120	0.08878	0.00652	0.03486	0.04032	0.02257	0.00812	0.00930	0.00636	0.00519	0.00389	0.00163	0.02391	0.00313	0.00333	0.00595
4	0.01373	0.01300	0.01617	0.11312	0.27832	0.11582	0.02630	0.09077	0.13743	0.03084	0.01459	0.08598	0.02726	0.00670	0.00538	0.00166	0.00608	0.00584	0.00363	0.00738
5	0.00667	0.00498	0.00609	0.00661	0.00745	0.00452	0.00458	0.00793	0.01136	0.01492	0.17502	0.41984	0.22640	0.06870	0.00789	0.00217	0.00300	0.01252	0.00496	0.00439
6	0.75817	0.01134	0.00886	0.00853	0.04470	0.06480	0.00649	0.01595	0.00954	0.02270	0.00753	0.00885	0.00592	0.00494	0.00346	0.00161	0.00455	0.00298	0.00321	0.00587
7	0.01060	0.02735	0.78682	0.01507	0.02288	0.01228	0.01953	0.01674	0.01116	0.01674	0.00949	0.01116	0.00670	0.00502	0.00502	0.00167	0.00781	0.00391	0.00223	0.00781
8	0.01865	0.02321	0.01574	0.04418	0.10266	0.67744	0.01105	0.02029	0.01449	0.01344	0.00841	0.01010	0.00699	0.00536	0.00484	0.00140	0.00908	0.00360	0.00270	0.00637
9	0.01022	0.00650	0.00794	0.00786	0.00973	0.00610	0.00623	0.01305	0.07690	0.13807	0.05485	0.16771	0.27394	0.01251	0.00636	0.00197	0.00368	0.18556	0.00522	0.00560
10	0.02813	0.01098	0.04611	0.01112	0.05592	0.05231	0.02360	0.17366	0.06306	0.14512	0.15815	0.10319	0.04669	0.03043	0.00624	0.00180	0.00481	0.02674	0.00496	0.00698
11	0.00827	0.00569	0.00697	0.00725	0.00849	0.00532	0.00525	0.01056	0.06318	0.06997	0.12919	0.40705	0.20446	0.01370	0.00639	0.00195	0.00313	0.03296	0.00517	0.00505
12	0.05871	0.01101	0.01711	0.47855	0.26427	0.03570	0.01442	0.03055	0.01137	0.01565	0.00948	0.01331	0.00742	0.00511	0.00514	0.00168	0.00669	0.00456	0.00256	0.00671
13	0.01016	0.00957	0.01617	0.75832	0.07823	0.01179	0.01477	0.01366	0.01065	0.01372	0.00943	0.01404	0.00712	0.00525	0.00528	0.00175	0.00700	0.00470	0.00236	0.00601
14	0.13293	0.00916	0.01167	0.00908	0.01306	0.00831	0.00750	0.02441	0.01432	0.68447	0.01908	0.01675	0.01212	0.00633	0.00505	0.00164	0.00444	0.00499	0.00611	0.00857
15	0.04019	0.00674	0.02321	0.00731	0.00910	0.00610	0.00565	0.04451	0.01310	0.11035	0.27014	0.15004	0.17369	0.07026	0.02893	0.00220	0.00372	0.02424	0.00512	0.00539
16	0.05139	0.00639	0.00729	0.00692	0.00831	0.00675	0.00520	0.03564	0.07309	0.05394	0.04063	0.07090	0.01547	0.04472	0.04827	0.11083	0.02534	0.01644	0.36735	0.00512
17	0.00729	0.00520	0.00648	0.00682	0.00757	0.00496	0.00482	0.00836	0.01060	0.01402	0.14527	0.21028	0.15847	0.20746	0.05404	0.04563	0.00427	0.08991	0.00440	0.00415
18	0.04866	0.01191	0.03545	0.14769	0.27256	0.02492	0.03253	0.14060	0.06684	0.06543	0.03262	0.01488	0.01037	0.00613	0.01659	0.00171	0.00594	0.00492	0.05269	0.00756
19	0.01298	0.00771	0.00948	0.00817	0.01059	0.00747	0.00635	0.03813	0.14491	0.21304	0.36008	0.02917	0.05276	0.04084	0.00658	0.00179	0.00354	0.00751	0.00569	0.03321
20	0.03948	0.08243	0.01463	0.05438	0.06697	0.07963	0.03416	0.08331	0.05298	0.04389	0.01140	0.01400	0.00936	0.00525	0.00454	0.00126	0.00527	0.03341	0.02578	0.33788

[dist]
# distance from previous block
# <min> <max>
1	5

[block]
# block no. 6 follows, 46 sequences, length 12
# corresponding to MSA columns:
# 385-396
name=unknown_G
#
# <colnr> <probs for GDERKNQSTAVLIFYWHMCP>
#	G	D	E	R	K	N	Q	S	T	A	V	L	I	F	Y	W	H	M	C	P
0	0.06079	0.00786	0.02984	0.00840	0.03071	0.02661	0.03125	0.05936	0.02972	0.01663	0.11830	0.09958	0.24068	0.08794	0.00910	0.07609	0.00408	0.02651	0.03150	0.00502
1	0.01088	0.01057	0.04132	0.02867	0.08956	0.02330	0.11886	0.06367	0.04252	0.01598	0.05210	0.05542	0.06261	0.08186	0.12281	0.00310	0.16095	0.00643	0.00333	0.00607
2	0.00664	0.00499	0.00607	0.00658	0.00746	0.00451	0.00458	0.00793	0.01143	0.01497	0.17398	0.41376	0.24655	0.05596	0.00756	0.00211	0.00296	0.01255	0.00499	0.00441
3	0.24563	0.01093	0.01077	0.00913	0.01213	0.06053	0.00723	0.14990	0.09370	0.16318	0.03943	0.01660	0.01209	0.08516	0.05941	0.00242	0.00554	0.00488	0.00447	0.00688
4	0.32215	0.01086	0.01092	0.00920	0.01234	0.01218	0.00746	0.26341	0.07206	0.04455	0.06936	0.01488	0.01204	0.01042	0.10396	0.00250	0.00583	0.00464	0.00432	0.00691
5	0.00883	0.00654	0.00903	0.00868	0.00985	0.00754	0.00676	0.07434	0.01004	0.01443	0.01453	0.04592	0.01356	0.05577	0.61644	0.00706	0.03597	0.00588	0.04376	0.00507
6	0.01161	0.00799	0.00922	0.00818	0.01054	0.00804	0.00641	0.08019	0.18236	0.11629	0.26980	0.03321	0.19404	0.00976	0.00588	0.00173	0.00351	0.02925	0.00554	0.00646
7	0.01157	0.01157	0.01619	0.01388	0.01388	0.01619	0.01157	0.01272	0.00810	0.01272	0.00694	0.01157	0.00694	0.00925	0.01735	0.00231	0.80453	0.00463	0.00231	0.00578
8	0.21743	0.00981	0.01043	0.00803	0.01210	0.00897	0.00647	0.06295	0.03732	0.06230	0.04453	0.01245	0.00984	0.00487	0.00408	0.00116	0.00406	0.00367	0.00369	0.47585
9	0.05599	0.01082	0.05208	0.00985	0.01359	0.00991	0.02381	0.12663	0.13511	0.25078	0.05333	0.01827	0.04824	0.00786	0.02717	0.02739	0.00490	0.00535	0.00495	0.11399
10	0.11527	0.00963	0.04505	0.00907	0.01211	0.02480	0.04604	0.02834	0.08894	0.01872	0.13151	0.08341	0.01906	0.02823	0.02538	0.00178	0.00457	0.05520	0.03262	0.22029
11	0.06287	0.01098	0.04934	0.01187	0.05078	0.03125	0.09063	0.06221	0.10284	0.10927	0.12278	0.06750	0.03212	0.00741	0.00585	0.00163	0.03658	0.02562	0.00434	0.11410

[dist]
# distance from previous block
# <min> <max>
1	7

[block]
# block no. 7 follows, 46 sequences, length 18
# corresponding to MSA columns:
# 404-421
name=unknown_H
#
# <colnr> <probs for GDERKNQSTAVLIFYWHMCP>
#	G	D	E	R	K	N	Q	S	T	A	V	L	I	F	Y	W	H	M	C	P
0	0.17710	0.10085	0.06168	0.01037	0.01394	0.12213	0.02154	0.12711	0.07537	0.03349	0.04501	0.01424	0.04439	0.00615	0.00524	0.00152	0.04902	0.00441	0.00366	0.08278
1	0.19621	0.09748	0.02742	0.01329	0.12048	0.10961	0.02925	0.14934	0.03026	0.03214	0.04832	0.01317	0.02436	0.00571	0.00485	0.00150	0.02361	0.00428	0.00355	0.06517
2	0.01026	0.00752	0.00877	0.00800	0.01000	0.00760	0.00615	0.08739	0.12937	0.03796	0.22111	0.10452	0.08884	0.04337	0.04917	0.00218	0.00414	0.04059	0.06865	0.06442
3	0.01263	0.00988	0.02948	0.01105	0.01375	0.03417	0.11682	0.11878	0.08762	0.11376	0.07859	0.26324	0.05319	0.01003	0.00601	0.00184	0.00487	0.02291	0.00482	0.00654
4	0.00838	0.00585	0.00734	0.00774	0.00870	0.00582	0.00571	0.01060	0.06244	0.04527	0.06547	0.31853	0.09044	0.13850	0.02679	0.00268	0.01900	0.14311	0.02283	0.00479
5	0.85155	0.01022	0.00777	0.00695	0.01022	0.01186	0.00573	0.01554	0.00900	0.02372	0.00736	0.00859	0.00573	0.00491	0.00327	0.00164	0.00409	0.00286	0.00327	0.00573
6	0.01275	0.01201	0.01991	0.17541	0.59046	0.01256	0.01547	0.04260	0.03580	0.01728	0.01030	0.01347	0.00839	0.00495	0.00525	0.00161	0.00634	0.00475	0.00275	0.00793
7	0.00749	0.00558	0.00812	0.00816	0.00903	0.00636	0.00622	0.00919	0.00858	0.01221	0.01592	0.04583	0.03622	0.09897	0.68764	0.00785	0.01280	0.00625	0.00298	0.00458
8	0.78478	0.00999	0.00793	0.00704	0.01027	0.01143	0.00578	0.01576	0.00948	0.05549	0.03727	0.01016	0.00771	0.00520	0.00347	0.00164	0.00405	0.00322	0.00351	0.00583
9	0.12118	0.00993	0.01203	0.00946	0.01333	0.00960	0.00777	0.12095	0.05655	0.53124	0.04088	0.01691	0.01294	0.00648	0.00510	0.00164	0.00455	0.00511	0.00590	0.00845
10	0.00678	0.00500	0.00629	0.00706	0.00782	0.00462	0.00502	0.00804	0.01105	0.01446	0.10430	0.47097	0.18336	0.05514	0.00767	0.00221	0.00322	0.08770	0.00490	0.00440
11	0.00786	0.00547	0.00692	0.00662	0.00799	0.00496	0.00494	0.01001	0.01407	0.05096	0.56418	0.10846	0.16461	0.01156	0.00624	0.00172	0.00266	0.01012	0.00562	0.00501
12	0.01699	0.00860	0.03551	0.00861	0.01180	0.00737	0.00715	0.06676	0.01499	0.42973	0.18008	0.05662	0.09395	0.00840	0.00560	0.00166	0.00399	0.00705	0.02773	0.00740
13	0.00830	0.00573	0.00696	0.00697	0.00779	0.00598	0.00488	0.03385	0.04011	0.01423	0.04004	0.14696	0.05713	0.27402	0.20549	0.00447	0.00646	0.00799	0.11817	0.00448
14	0.03874	0.01516	0.15219	0.17793	0.25009	0.04492	0.10930	0.08256	0.01265	0.01760	0.01004	0.01324	0.00790	0.02332	0.00597	0.00174	0.02183	0.00472	0.00277	0.00733
15	0.14638	0.02521	0.04824	0.10266	0.08694	0.03702	0.12018	0.08916	0.08067	0.05323	0.01209	0.01503	0.00954	0.00574	0.00523	0.00162	0.02275	0.03433	0.02940	0.07457
16	0.11943	0.04879	0.07458	0.01115	0.05006	0.05389	0.02290	0.10308	0.15924	0.01948	0.01783	0.11855	0.07600	0.00781	0.00556	0.00167	0.03537	0.00628	0.00401	0.06434
17	0.07251	0.12024	0.12858	0.03363	0.14246	0.04165	0.04296	0.10525	0.04459	0.09828	0.01159	0.03244	0.00910	0.00566	0.00523	0.00154	0.03306	0.00451	0.00348	0.06323

[dist]
# distance from previous block
# <min> <max>
1	13

[block]
# block no. 8 follows, 46 sequences, length 13
# corresponding to MSA columns:
# 465-477
name=unknown_I
#
# <colnr> <probs for GDERKNQSTAVLIFYWHMCP>
#	G	D	E	R	K	N	Q	S	T	A	V	L	I	F	Y	W	H	M	C	P
0	0.01079	0.11630	0.02657	0.02492	0.04744	0.05129	0.07997	0.04175	0.08707	0.02906	0.06901	0.25943	0.09490	0.00984	0.00566	0.00173	0.00479	0.00868	0.00414	0.02665
1	0.05984	0.10115	0.19075	0.03742	0.09872	0.09000	0.05373	0.07132	0.01257	0.06633	0.03215	0.03431	0.01037	0.04668	0.04458	0.00206	0.00686	0.00476	0.00318	0.03324
2	0.01223	0.17737	0.24289	0.03005	0.04628	0.05366	0.08944	0.01631	0.05220	0.05342	0.05209	0.04977	0.03587	0.02004	0.00551	0.00168	0.00634	0.04472	0.00323	0.00690
3	0.00740	0.00514	0.00645	0.00686	0.00774	0.00472	0.00481	0.00872	0.01148	0.04104	0.19539	0.39811	0.15552	0.09108	0.00846	0.00226	0.00317	0.03212	0.00500	0.00454
4	0.59748	0.03560	0.01064	0.00908	0.03746	0.01194	0.02961	0.03513	0.01016	0.08549	0.00903	0.01035	0.00694	0.00627	0.02778	0.00184	0.04373	0.00345	0.00346	0.02458
5	0.01207	0.01137	0.01665	0.42742	0.22249	0.05624	0.01376	0.07152	0.04276	0.01625	0.01081	0.03334	0.00874	0.00651	0.02671	0.00187	0.00688	0.00496	0.00286	0.00679
6	0.04155	0.05226	0.01900	0.11100	0.21849	0.05531	0.13797	0.12339	0.02827	0.01851	0.01266	0.06025	0.01124	0.00656	0.00575	0.00172	0.02443	0.06120	0.00333	0.00712
7	0.00652	0.00481	0.00604	0.00690	0.00753	0.00440	0.00470	0.00758	0.01070	0.01403	0.08230	0.59853	0.16809	0.04242	0.00730	0.00215	0.00303	0.01373	0.00491	0.00433
8	0.16761	0.00678	0.00704	0.00627	0.00849	0.00682	0.00495	0.01582	0.01158	0.18602	0.01621	0.01729	0.01201	0.00601	0.00397	0.00139	0.00320	0.00463	0.50795	0.00595
9	0.01230	0.01377	0.02953	0.02249	0.08371	0.01297	0.67767	0.01652	0.01236	0.01683	0.01132	0.04376	0.00905	0.00493	0.00618	0.00178	0.00850	0.00645	0.00275	0.00712
10	0.01168	0.01190	0.01805	0.01492	0.01559	0.01584	0.10471	0.01325	0.00864	0.01325	0.00741	0.01190	0.00707	0.00866	0.01597	0.00225	0.70579	0.00483	0.00236	0.00595
11	0.00673	0.00537	0.00602	0.00586	0.00743	0.00467	0.00439	0.00851	0.01318	0.01696	0.33467	0.04646	0.49629	0.01239	0.00624	0.00174	0.00261	0.01054	0.00526	0.00467
12	0.00722	0.00543	0.00671	0.00648	0.00786	0.00491	0.00492	0.00943	0.01410	0.01921	0.56076	0.04332	0.23093	0.01164	0.00629	0.00173	0.00266	0.04601	0.00555	0.00485

[dist]
# distance from previous block
# <min> <max>
0	15

[block]
# block no. 9 follows, 46 sequences, length 10
# corresponding to MSA columns:
# 493-502
name=unknown_J
#
# <colnr> <probs for GDERKNQSTAVLIFYWHMCP>
#	G	D	E	R	K	N	Q	S	T	A	V	L	I	F	Y	W	H	M	C	P
0	0.85155	0.01022	0.00777	0.00695	0.01022	0.01186	0.00573	0.01554	0.00900	0.02372	0.00736	0.00859	0.00573	0.00491	0.00327	0.00164	0.00409	0.00286	0.00327	0.00573
1	0.00880	0.03748	0.08333	0.00975	0.01168	0.00703	0.00903	0.01150	0.01212	0.01621	0.08191	0.08116	0.02844	0.01286	0.00673	0.00221	0.00485	0.53979	0.02993	0.00521
2	0.01982	0.05946	0.01537	0.01348	0.06892	0.43413	0.00990	0.06603	0.03694	0.20783	0.01208	0.01233	0.00889	0.00573	0.00492	0.00146	0.00747	0.00410	0.00388	0.00727
3	0.01096	0.00940	0.01096	0.00783	0.01253	0.00705	0.00626	0.01331	0.01096	0.01723	0.00940	0.01096	0.00783	0.00392	0.00392	0.00078	0.00392	0.00313	0.00313	0.84653
4	0.01185	0.05762	0.06150	0.01516	0.15845	0.01077	0.09564	0.07952	0.11750	0.03938	0.11962	0.14870	0.01943	0.00840	0.00610	0.02693	0.00517	0.00728	0.00410	0.00686
5	0.01439	0.01208	0.03882	0.11291	0.26765	0.01241	0.01195	0.21611	0.08712	0.05509	0.03883	0.01638	0.03738	0.00611	0.00525	0.00162	0.00558	0.00523	0.04729	0.00783
6	0.00657	0.00520	0.00592	0.00611	0.00743	0.00455	0.00444	0.00808	0.01228	0.01569	0.21415	0.22017	0.44364	0.01352	0.00636	0.00184	0.00272	0.01167	0.00512	0.00455
7	0.74068	0.01112	0.05217	0.06745	0.01291	0.01187	0.00718	0.01545	0.00924	0.02256	0.00763	0.00915	0.00588	0.00494	0.00352	0.00165	0.00452	0.00306	0.00314	0.00585
8	0.03900	0.12483	0.12984	0.07292	0.06075	0.14503	0.04997	0.09851	0.11761	0.01821	0.06060	0.01436	0.01139	0.00675	0.02655	0.00175	0.00673	0.00466	0.00341	0.00711
9	0.03766	0.09391	0.13191	0.01131	0.06869	0.00941	0.00970	0.02828	0.02731	0.04286	0.04702	0.13881	0.01889	0.01043	0.03695	0.00203	0.00535	0.17402	0.02415	0.08131

[dist]
# distance from previous block
# <min> <max>
3	53

[block]
# block no. 10 follows, 46 sequences, length 24
# corresponding to MSA columns:
# 557-580
name=unknown_K
#
# <colnr> <probs for GDERKNQSTAVLIFYWHMCP>
#	G	D	E	R	K	N	Q	S	T	A	V	L	I	F	Y	W	H	M	C	P
0	0.12563	0.10930	0.11499	0.01230	0.05569	0.21159	0.03006	0.10279	0.03696	0.01848	0.02627	0.01200	0.00877	0.00565	0.00480	0.01664	0.00644	0.00396	0.06191	0.03578
1	0.26057	0.12100	0.10943	0.01241	0.11271	0.01272	0.00992	0.08365	0.04987	0.04864	0.04692	0.01423	0.01054	0.00573	0.00445	0.00155	0.00516	0.03160	0.00350	0.05538
2	0.04109	0.39383	0.25641	0.01123	0.01633	0.05819	0.03504	0.03011	0.01132	0.01472	0.01094	0.01274	0.04636	0.03534	0.00511	0.00154	0.00641	0.00393	0.00255	0.00683
3	0.01502	0.35918	0.17795	0.01125	0.01610	0.06671	0.01129	0.13360	0.09379	0.05259	0.01077	0.01136	0.00838	0.00534	0.00440	0.00142	0.00616	0.00383	0.00328	0.00756
4	0.01145	0.07092	0.69142	0.01453	0.02191	0.01304	0.01829	0.06775	0.01207	0.01763	0.00959	0.01112	0.00686	0.00508	0.00495	0.00164	0.00756	0.00390	0.00244	0.00784
5	0.01283	0.05940	0.04064	0.04309	0.12147	0.01298	0.01007	0.06342	0.39714	0.02018	0.06524	0.01765	0.01472	0.00668	0.00588	0.00168	0.04975	0.00545	0.00434	0.04740
6	0.01207	0.00945	0.05305	0.20014	0.11457	0.00906	0.02833	0.04288	0.03118	0.10939	0.09640	0.02021	0.05490	0.00662	0.00510	0.00159	0.00490	0.00571	0.18797	0.00650
7	0.00725	0.00517	0.00701	0.00819	0.00882	0.00499	0.00619	0.00870	0.01080	0.01425	0.02829	0.50556	0.03274	0.04310	0.00764	0.00236	0.00381	0.28584	0.00483	0.00447
8	0.00642	0.00493	0.00594	0.00666	0.00755	0.00445	0.00465	0.00753	0.01077	0.01374	0.03762	0.49442	0.31155	0.01634	0.03938	0.00228	0.00338	0.01319	0.00482	0.00437
9	0.01209	0.06285	0.01403	0.03248	0.12463	0.01076	0.00929	0.03630	0.01059	0.09558	0.01216	0.03316	0.01079	0.06345	0.19484	0.00347	0.16376	0.00508	0.00322	0.10146
10	0.01248	0.01426	0.03119	0.02228	0.02763	0.01337	0.76203	0.01693	0.01248	0.01693	0.01070	0.01426	0.00802	0.00446	0.00624	0.00178	0.00891	0.00624	0.00267	0.00713
11	0.04844	0.09706	0.33512	0.01372	0.08893	0.01229	0.01334	0.04059	0.09542	0.04294	0.01101	0.01214	0.00834	0.00507	0.00467	0.00146	0.00604	0.00399	0.00306	0.15637
12	0.00816	0.00575	0.00725	0.00717	0.00773	0.00613	0.00491	0.04093	0.00894	0.01224	0.01640	0.05372	0.01757	0.45894	0.29027	0.00596	0.00821	0.03237	0.00327	0.00407
13	0.00655	0.00479	0.00618	0.00717	0.00774	0.00442	0.00494	0.00766	0.01069	0.01410	0.07410	0.65137	0.12280	0.01580	0.00668	0.00209	0.00305	0.04054	0.00496	0.00437
14	0.03962	0.00571	0.00712	0.00758	0.00855	0.00549	0.00534	0.01013	0.04636	0.05503	0.03684	0.51170	0.04026	0.08228	0.00852	0.02839	0.00358	0.05314	0.00467	0.03970
15	0.01388	0.68377	0.09830	0.00996	0.01455	0.04485	0.01018	0.01596	0.01081	0.01287	0.00756	0.00890	0.00678	0.00480	0.00417	0.00124	0.03931	0.00302	0.00228	0.00682
16	0.04172	0.04890	0.08281	0.00966	0.01431	0.03598	0.00851	0.14149	0.06687	0.03521	0.01083	0.01179	0.00846	0.00482	0.00436	0.00115	0.00489	0.00370	0.00359	0.46096
17	0.06545	0.13495	0.07679	0.01209	0.03821	0.07239	0.01034	0.38344	0.07694	0.06135	0.01200	0.01229	0.00887	0.00585	0.00484	0.00153	0.00595	0.00432	0.00429	0.00811
18	0.00849	0.00711	0.01058	0.05522	0.09381	0.00715	0.05115	0.01113	0.04639	0.01549	0.11336	0.17760	0.15601	0.01558	0.12292	0.01729	0.00572	0.07550	0.00416	0.00536
19	0.01315	0.01130	0.01335	0.05666	0.06167	0.01258	0.03364	0.09928	0.50311	0.02160	0.01966	0.03977	0.04044	0.00707	0.00539	0.00172	0.00470	0.00601	0.00482	0.04409
20	0.00726	0.00531	0.00681	0.00663	0.00781	0.00486	0.00490	0.00947	0.01415	0.01972	0.62987	0.13138	0.10870	0.01170	0.00630	0.00173	0.00258	0.01034	0.00564	0.00486
21	0.42585	0.01063	0.01277	0.04399	0.05710	0.02272	0.09484	0.03041	0.01151	0.19628	0.01283	0.01349	0.03576	0.00557	0.00444	0.00165	0.00505	0.00433	0.00396	0.00681
22	0.01172	0.12870	0.36151	0.05038	0.02324	0.01400	0.25891	0.01632	0.01133	0.01585	0.00944	0.01195	0.00717	0.00502	0.00590	0.00168	0.05263	0.00459	0.00239	0.00725
23	0.00764	0.00534	0.00691	0.00692	0.00785	0.00520	0.00499	0.00908	0.01125	0.03040	0.26634	0.14745	0.11818	0.14855	0.14959	0.03273	0.00526	0.02735	0.00449	0.00447

[dist]
# distance from previous block
# <min> <max>
0	1

[block]
# block no. 11 follows, 46 sequences, length 10
# corresponding to MSA columns:
# 584-593
name=unknown_L
#
# <colnr> <probs for GDERKNQSTAVLIFYWHMCP>
#	G	D	E	R	K	N	Q	S	T	A	V	L	I	F	Y	W	H	M	C	P
0	0.00708	0.00533	0.00701	0.04878	0.00952	0.00521	0.00563	0.00898	0.04384	0.01480	0.10732	0.57779	0.08595	0.01469	0.00654	0.00205	0.00329	0.03665	0.00489	0.00466
1	0.01449	0.17452	0.10613	0.06554	0.08140	0.06048	0.13468	0.06973	0.05019	0.11213	0.01220	0.03523	0.00960	0.00718	0.04209	0.00189	0.00693	0.00489	0.00338	0.00733
2	0.06179	0.12634	0.20160	0.09004	0.05123	0.06354	0.05878	0.01881	0.02854	0.05981	0.01489	0.04694	0.01275	0.00976	0.04178	0.00259	0.02224	0.00583	0.00431	0.07843
3	0.06287	0.01812	0.06966	0.03419	0.04028	0.17163	0.12239	0.10962	0.04838	0.08070	0.06846	0.02003	0.01508	0.00900	0.00837	0.00243	0.09846	0.00626	0.00500	0.00907
