[name]
unknown

[dist]
# distance from previous block
# <min> <max>
0	115

[block]
# block no. 0 follows, 56 sequences, length 26
# corresponding to MSA columns:
# 156-158,162-184
name=unknown_A
#
# <colnr> <probs for GDERKNQSTAVLIFYWHMCP>
#	G	D	E	R	K	N	Q	S	T	A	V	L	I	F	Y	W	H	M	C	P
0	0.04963	0.02207	0.05916	0.09440	0.16140	0.05719	0.03181	0.06585	0.07029	0.03187	0.01260	0.03804	0.01147	0.02919	0.00570	0.00160	0.04415	0.13296	0.02019	0.06045
1	0.00878	0.00708	0.01034	0.05281	0.21862	0.00741	0.00767	0.01125	0.06244	0.03662	0.13870	0.07288	0.02879	0.16406	0.08424	0.00260	0.03866	0.02217	0.01980	0.00511
2	0.01319	0.01521	0.01402	0.17202	0.10330	0.38356	0.01047	0.01486	0.01057	0.01170	0.00722	0.00980	0.00613	0.00542	0.00687	0.00147	0.20303	0.00355	0.00221	0.00542
3	0.00633	0.00590	0.05967	0.00603	0.00754	0.00459	0.00495	0.00834	0.01179	0.01607	0.49639	0.10015	0.23515	0.01003	0.00538	0.00151	0.00256	0.00871	0.00458	0.00433
4	0.00644	0.00467	0.00593	0.00666	0.00725	0.00449	0.00464	0.05913	0.00979	0.01297	0.02533	0.71429	0.06593	0.01360	0.00577	0.00183	0.00286	0.04010	0.00428	0.00403
5	0.00602	0.00450	0.00541	0.00555	0.00658	0.00403	0.00406	0.00723	0.01060	0.01384	0.27047	0.20143	0.33899	0.01183	0.00637	0.05933	0.00252	0.03303	0.00435	0.00387
6	0.63309	0.00846	0.00779	0.00762	0.06237	0.00935	0.00564	0.01424	0.00885	0.11103	0.02575	0.00995	0.00719	0.00460	0.00324	0.00139	0.00358	0.00310	0.06735	0.00539
7	0.00950	0.00609	0.00640	0.00594	0.00736	0.05916	0.00451	0.01176	0.03035	0.09646	0.32035	0.05240	0.02420	0.00724	0.00439	0.00130	0.00279	0.00611	0.33893	0.00477
8	0.01144	0.00967	0.01027	0.00923	0.01174	0.01110	0.00717	0.07548	0.69584	0.01937	0.01861	0.07135	0.01468	0.00672	0.00475	0.00157	0.00366	0.00564	0.00464	0.00707
9	0.83551	0.00883	0.00691	0.00613	0.00900	0.01015	0.00505	0.01387	0.00804	0.05375	0.00688	0.00780	0.00524	0.00432	0.00292	0.00142	0.00357	0.00258	0.00296	0.00509
10	0.01745	0.01286	0.01378	0.01056	0.01424	0.01424	0.00873	0.79471	0.02159	0.02893	0.01102	0.01102	0.00781	0.00551	0.00459	0.00138	0.00505	0.00413	0.00459	0.00781
11	0.00650	0.00469	0.00614	0.00578	0.00686	0.00433	0.00433	0.00866	0.01300	0.01841	0.80760	0.03429	0.04332	0.00939	0.00541	0.00144	0.00217	0.00830	0.00505	0.00433
12	0.02060	0.00781	0.01065	0.00817	0.01172	0.00675	0.00675	0.02237	0.01314	0.81320	0.01811	0.01563	0.01136	0.00568	0.00462	0.00142	0.00391	0.00462	0.00568	0.00781
13	0.01640	0.00941	0.01102	0.00901	0.01219	0.00978	0.00726	0.14066	0.33378	0.37237	0.01727	0.01553	0.01190	0.00588	0.00464	0.00147	0.00397	0.00478	0.00511	0.00759
14	0.00559	0.00443	0.00503	0.00535	0.00642	0.00387	0.00383	0.00672	0.01014	0.01275	0.11335	0.31304	0.46856	0.01235	0.00557	0.00165	0.00243	0.01070	0.00434	0.00387
15	0.01113	0.01063	0.01810	0.02730	0.77761	0.01062	0.01369	0.01378	0.01039	0.01487	0.00931	0.04462	0.00820	0.00451	0.00460	0.00138	0.00534	0.00445	0.00235	0.00713
16	0.00664	0.00443	0.00573	0.00627	0.00697	0.00408	0.00440	0.00772	0.00970	0.05723	0.12309	0.54646	0.10808	0.04741	0.00644	0.00187	0.00278	0.04230	0.00438	0.00403
17	0.01069	0.00926	0.01039	0.00791	0.02725	0.05636	0.01950	0.03635	0.01027	0.04413	0.00857	0.00980	0.00695	0.00365	0.00358	0.00079	0.00388	0.00292	0.00285	0.72490
18	0.00793	0.03122	0.08913	0.01027	0.05168	0.03548	0.12147	0.00986	0.00976	0.02672	0.05157	0.45312	0.04567	0.01025	0.00540	0.00168	0.00423	0.02619	0.00358	0.00479
19	0.00558	0.00407	0.00525	0.00620	0.00661	0.00374	0.00418	0.00641	0.00897	0.01179	0.02761	0.74951	0.11503	0.01408	0.00581	0.00183	0.00263	0.01269	0.00426	0.00374
20	0.00693	0.00476	0.00589	0.00562	0.00686	0.00430	0.00421	0.00876	0.01202	0.05320	0.51735	0.09176	0.20799	0.00990	0.00533	0.00148	0.00232	0.00862	0.03836	0.00435
21	0.01256	0.08674	0.18414	0.06353	0.10046	0.09930	0.11120	0.11895	0.06488	0.05558	0.00969	0.01110	0.00733	0.00479	0.00485	0.00140	0.03845	0.00395	0.01456	0.00654
22	0.07101	0.01329	0.18169	0.04648	0.22727	0.04159	0.09116	0.11056	0.03311	0.01657	0.01087	0.08090	0.00945	0.00552	0.00461	0.00147	0.00554	0.02531	0.01723	0.00638
23	0.00562	0.00404	0.00529	0.00628	0.00659	0.00376	0.00419	0.00641	0.00880	0.01167	0.02594	0.77812	0.06439	0.03731	0.00633	0.00192	0.00270	0.01272	0.00422	0.00371
24	0.00814	0.00755	0.02780	0.07626	0.11895	0.00721	0.13712	0.03841	0.02798	0.01349	0.02012	0.34777	0.10967	0.00952	0.00566	0.02305	0.00433	0.00858	0.00342	0.00498
25	0.08349	0.07036	0.25861	0.01347	0.08023	0.06421	0.14684	0.08047	0.06354	0.06219	0.00997	0.02902	0.00764	0.00476	0.00441	0.00142	0.00594	0.00410	0.00281	0.00652

[dist]
# distance from previous block
# <min> <max>
1	8

[block]
# block no. 1 follows, 56 sequences, length 18
# corresponding to MSA columns:
# 193-210
name=unknown_B
#
# <colnr> <probs for GDERKNQSTAVLIFYWHMCP>
#	G	D	E	R	K	N	Q	S	T	A	V	L	I	F	Y	W	H	M	C	P
0	0.16638	0.07337	0.05474	0.07100	0.11657	0.23244	0.03360	0.06587	0.02997	0.01530	0.02668	0.01035	0.00736	0.00522	0.01568	0.00143	0.04355	0.00352	0.02120	0.00577
1	0.00752	0.00487	0.00598	0.00581	0.00699	0.00442	0.00428	0.00899	0.01098	0.08637	0.31708	0.13528	0.20964	0.10656	0.00748	0.00189	0.00278	0.04358	0.02523	0.00428
2	0.01138	0.11343	0.35170	0.03503	0.04663	0.13480	0.06402	0.04198	0.02978	0.03262	0.01048	0.01175	0.04710	0.00495	0.00465	0.00138	0.03287	0.00385	0.01537	0.00622
3	0.00601	0.00457	0.00553	0.00551	0.00661	0.00409	0.00405	0.00763	0.01151	0.01540	0.43646	0.16485	0.28928	0.01091	0.00549	0.00155	0.00230	0.00951	0.00467	0.00409
4	0.01078	0.01042	0.03627	0.26562	0.39711	0.01068	0.11386	0.01390	0.02244	0.04577	0.00905	0.01195	0.00710	0.00439	0.00487	0.00146	0.02124	0.00428	0.00237	0.00645
5	0.00636	0.00476	0.00593	0.00576	0.00685	0.00443	0.00426	0.00844	0.03192	0.01628	0.53834	0.10233	0.17464	0.03329	0.03433	0.00179	0.00269	0.00871	0.00469	0.00423
6	0.00640	0.00460	0.00562	0.00546	0.00658	0.00419	0.00406	0.00827	0.01191	0.01664	0.53405	0.08921	0.19316	0.00983	0.00526	0.00146	0.00223	0.00856	0.07829	0.00419
7	0.01120	0.00745	0.00875	0.00779	0.00995	0.00768	0.00610	0.07539	0.25631	0.14927	0.19166	0.10905	0.04727	0.00805	0.00499	0.00153	0.00332	0.04578	0.02184	0.02661
8	0.01142	0.00986	0.01038	0.00934	0.01194	0.01142	0.00727	0.02440	0.80172	0.01920	0.01869	0.01713	0.01401	0.00623	0.00467	0.00156	0.00363	0.00519	0.00467	0.00727
9	0.01026	0.07750	0.46646	0.02837	0.13870	0.01134	0.03053	0.04635	0.04131	0.01494	0.00861	0.01023	0.00654	0.00452	0.00475	0.00140	0.04206	0.00358	0.00226	0.05028
10	0.01273	0.01261	0.01398	0.21239	0.09237	0.20186	0.01052	0.08957	0.01098	0.05204	0.00811	0.01065	0.00657	0.00569	0.00744	0.00155	0.23883	0.00383	0.00255	0.00573
11	0.01963	0.00937	0.01162	0.00891	0.01249	0.00905	0.00736	0.26008	0.01574	0.57182	0.01593	0.01421	0.01027	0.00563	0.00461	0.00141	0.00426	0.00447	0.00535	0.00781
12	0.00950	0.00975	0.06842	0.07618	0.32657	0.00901	0.09368	0.02228	0.04214	0.01435	0.05292	0.14794	0.01382	0.04559	0.00595	0.00166	0.01668	0.02410	0.01356	0.00590
13	0.00992	0.00988	0.01418	0.01203	0.01222	0.01352	0.04173	0.01100	0.00717	0.01110	0.00655	0.01106	0.00656	0.04627	0.01506	0.00210	0.75845	0.00420	0.00206	0.00497
14	0.00668	0.00445	0.00501	0.00501	0.00501	0.00445	0.00278	0.00668	0.00668	0.00890	0.01447	0.03004	0.01669	0.83866	0.02337	0.00445	0.00445	0.00668	0.00278	0.00278
15	0.00655	0.00451	0.00557	0.00570	0.00619	0.00460	0.00384	0.00740	0.00786	0.01094	0.03760	0.13463	0.08507	0.36947	0.21274	0.00421	0.00570	0.00719	0.07673	0.00349
16	0.01344	0.21438	0.08105	0.01330	0.16498	0.09621	0.02323	0.17590	0.04929	0.04518	0.00917	0.01016	0.00721	0.00453	0.00404	0.00122	0.00537	0.00351	0.00293	0.07490
17	0.01066	0.02812	0.04313	0.08427	0.13556	0.02215	0.04716	0.04271	0.05044	0.09530	0.05498	0.08303	0.06668	0.00639	0.00485	0.00137	0.02145	0.03783	0.00338	0.16056

[dist]
# distance from previous block
# <min> <max>
3	61

[block]
# block no. 2 follows, 56 sequences, length 11
# corresponding to MSA columns:
# 283-293
name=unknown_C
#
# <colnr> <probs for GDERKNQSTAVLIFYWHMCP>
#	G	D	E	R	K	N	Q	S	T	A	V	L	I	F	Y	W	H	M	C	P
0	0.00822	0.02550	0.00700	0.00609	0.00746	0.00523	0.00470	0.01015	0.01201	0.09542	0.50881	0.05290	0.11099	0.00884	0.00549	0.00144	0.03609	0.00754	0.08143	0.00467
1	0.01033	0.03296	0.19815	0.07143	0.13395	0.03123	0.08789	0.03574	0.10283	0.01530	0.02784	0.01255	0.02807	0.00462	0.00436	0.00128	0.00528	0.00406	0.00273	0.18939
2	0.04124	0.00470	0.00561	0.00561	0.00670	0.00433	0.00411	0.00780	0.01110	0.01531	0.40066	0.18205	0.24245	0.01092	0.00583	0.03147	0.00242	0.00916	0.00450	0.00404
3	0.00660	0.00493	0.00704	0.00718	0.00772	0.00558	0.00534	0.00773	0.00757	0.01068	0.01495	0.20872	0.01582	0.09054	0.48785	0.04158	0.05658	0.00686	0.00286	0.00387
4	0.05543	0.09216	0.03354	0.07432	0.04179	0.03337	0.05041	0.22353	0.15425	0.01850	0.01233	0.03446	0.03149	0.00642	0.02419	0.00158	0.06396	0.00449	0.03744	0.00633
5	0.01262	0.78285	0.02327	0.00814	0.01196	0.07548	0.00793	0.01407	0.00959	0.01083	0.00643	0.00743	0.00589	0.00399	0.00303	0.00100	0.00515	0.00249	0.00199	0.00585
6	0.01183	0.10927	0.17002	0.07074	0.10699	0.03385	0.06056	0.07806	0.07516	0.10499	0.10186	0.03339	0.01238	0.00547	0.00452	0.00140	0.00513	0.00466	0.00329	0.00642
7	0.01216	0.56677	0.05106	0.00863	0.01219	0.04891	0.03050	0.05191	0.02775	0.03544	0.08558	0.01096	0.01000	0.00479	0.00384	0.00114	0.02645	0.00341	0.00258	0.00591
8	0.00921	0.02375	0.81487	0.01309	0.01987	0.01066	0.01696	0.01454	0.00969	0.01454	0.00824	0.00969	0.00582	0.00436	0.00436	0.00145	0.00678	0.00339	0.00194	0.00678
9	0.00797	0.00399	0.00598	0.00598	0.00598	0.00399	0.00399	0.00598	0.00598	0.00797	0.00797	0.01396	0.00797	0.01595	0.01794	0.86643	0.00399	0.00399	0.00199	0.00199
10	0.02864	0.07395	0.13756	0.01284	0.10238	0.09116	0.09970	0.13150	0.05984	0.12772	0.01377	0.01422	0.07551	0.00536	0.00453	0.00139	0.00548	0.00449	0.00336	0.00661

[dist]
# distance from previous block
# <min> <max>
1	3

[block]
# block no. 3 follows, 56 sequences, length 50
# corresponding to MSA columns:
# 297-346
name=unknown_D
#
# <colnr> <probs for GDERKNQSTAVLIFYWHMCP>
#	G	D	E	R	K	N	Q	S	T	A	V	L	I	F	Y	W	H	M	C	P
0	0.07922	0.11283	0.03479	0.04693	0.31789	0.06222	0.08521	0.06001	0.04134	0.01535	0.00876	0.01083	0.00714	0.00460	0.00489	0.00137	0.05755	0.00385	0.03885	0.00637
1	0.00821	0.00753	0.01231	0.58074	0.05000	0.00882	0.03107	0.01093	0.00973	0.01255	0.06859	0.03390	0.09108	0.00623	0.00487	0.00156	0.00532	0.04897	0.00265	0.00495
2	0.50869	0.01092	0.04888	0.00836	0.02805	0.01152	0.00699	0.26315	0.02457	0.02272	0.00823	0.00898	0.00614	0.00468	0.00355	0.00140	0.00423	0.00314	0.00337	0.02245
3	0.01227	0.84142	0.02406	0.00786	0.01178	0.01817	0.00786	0.01375	0.00933	0.01080	0.00638	0.00736	0.00589	0.00393	0.00295	0.00098	0.00491	0.00245	0.00196	0.00589
4	0.00952	0.00816	0.00952	0.00680	0.01088	0.00612	0.00544	0.01156	0.00952	0.01496	0.00816	0.00952	0.00680	0.00340	0.00340	0.00068	0.00340	0.00272	0.00272	0.86672
5	0.00643	0.00469	0.00604	0.00570	0.00682	0.00430	0.00428	0.00853	0.01284	0.01803	0.75946	0.03492	0.09169	0.00953	0.00542	0.00145	0.00218	0.00839	0.00500	0.00430
6	0.00563	0.00404	0.00535	0.00632	0.00666	0.00376	0.00425	0.00649	0.00901	0.01202	0.05945	0.78238	0.04942	0.01410	0.00583	0.00184	0.00263	0.01277	0.00430	0.00376
7	0.01004	0.01004	0.01406	0.01205	0.01205	0.01406	0.01004	0.01105	0.00703	0.01105	0.00603	0.01004	0.00603	0.00804	0.01507	0.00201	0.83025	0.00402	0.00201	0.00502
8	0.00543	0.00465	0.00465	0.00465	0.00620	0.00388	0.00349	0.00659	0.01046	0.01240	0.04651	0.04418	0.80815	0.01163	0.00543	0.00155	0.00233	0.00969	0.00426	0.00388
9	0.01046	0.27783	0.53935	0.01141	0.01715	0.04300	0.01383	0.01443	0.00970	0.01325	0.00762	0.00892	0.00584	0.00424	0.00391	0.00130	0.00626	0.00308	0.00196	0.00645
10	0.00559	0.00400	0.00533	0.00639	0.00666	0.00373	0.00426	0.00639	0.00879	0.01172	0.02530	0.83566	0.03036	0.01438	0.00586	0.00186	0.00266	0.01305	0.00426	0.00373
11	0.14729	0.00842	0.01159	0.45832	0.02198	0.00982	0.00972	0.08872	0.02599	0.08816	0.04588	0.01296	0.00864	0.00501	0.00430	0.00147	0.00502	0.00410	0.03705	0.00556
12	0.01018	0.00971	0.01651	0.37791	0.46950	0.01060	0.01350	0.01306	0.00990	0.01357	0.00843	0.01175	0.00677	0.00431	0.00456	0.00144	0.00575	0.00409	0.00217	0.00632
13	0.00797	0.00399	0.00598	0.00598	0.00598	0.00399	0.00399	0.00598	0.00598	0.00797	0.00797	0.01396	0.00797	0.01595	0.01794	0.86643	0.00399	0.00399	0.00199	0.00199
14	0.02060	0.00781	0.01065	0.00817	0.01172	0.00675	0.00675	0.02237	0.01314	0.81320	0.01811	0.01563	0.01136	0.00568	0.00462	0.00142	0.00391	0.00462	0.00568	0.00781
15	0.01212	0.74386	0.04363	0.00837	0.01206	0.03192	0.00827	0.01365	0.00923	0.01092	0.00642	0.00764	0.00590	0.00426	0.00390	0.00107	0.06635	0.00260	0.00197	0.00584
16	0.00607	0.00444	0.00548	0.00600	0.00686	0.00402	0.00433	0.00726	0.00999	0.02818	0.12268	0.43644	0.25754	0.01270	0.00569	0.00173	0.00265	0.06959	0.00438	0.00396
17	0.00657	0.00457	0.00583	0.00647	0.00688	0.00449	0.00463	0.00746	0.00850	0.01122	0.02070	0.27664	0.02374	0.34046	0.01294	0.00297	0.00385	0.24489	0.00366	0.00351
18	0.00607	0.00445	0.00570	0.00587	0.00672	0.00407	0.00422	0.00766	0.01127	0.01545	0.45551	0.31459	0.11866	0.01136	0.00557	0.00160	0.00236	0.01010	0.00470	0.00407
19	0.00559	0.00462	0.00490	0.00491	0.00632	0.00393	0.00365	0.00687	0.01073	0.01322	0.15387	0.08954	0.65305	0.01147	0.00545	0.00155	0.00232	0.00969	0.00438	0.00393
20	0.02003	0.00788	0.01054	0.00812	0.01158	0.00695	0.00669	0.05247	0.01334	0.75269	0.01772	0.01550	0.01124	0.00566	0.00456	0.00141	0.00389	0.00459	0.03746	0.00768
21	0.00952	0.00816	0.00952	0.00680	0.01088	0.00612	0.00544	0.01156	0.00952	0.01496	0.00816	0.00952	0.00680	0.00340	0.00340	0.00068	0.00340	0.00272	0.00272	0.86672
22	0.00559	0.00402	0.00530	0.00632	0.00664	0.00374	0.00423	0.00640	0.00886	0.01175	0.02622	0.80162	0.06381	0.01426	0.00584	0.00185	0.00265	0.01291	0.00426	0.00374
23	0.01275	0.76525	0.02311	0.00810	0.01201	0.01780	0.00794	0.08554	0.01046	0.01247	0.00681	0.00770	0.00607	0.00407	0.00310	0.00102	0.00492	0.00261	0.00221	0.00607
24	0.02060	0.00781	0.01065	0.00817	0.01172	0.00675	0.00675	0.02237	0.01314	0.81320	0.01811	0.01563	0.01136	0.00568	0.00462	0.00142	0.00391	0.00462	0.00568	0.00781
25	0.01715	0.02188	0.01301	0.01183	0.01419	0.82022	0.00887	0.01833	0.01301	0.01124	0.00710	0.00828	0.00591	0.00473	0.00414	0.00118	0.00828	0.00296	0.00237	0.00532
26	0.01240	0.01035	0.01093	0.00954	0.01231	0.01188	0.00750	0.14915	0.67538	0.02078	0.01744	0.01614	0.01301	0.00611	0.00466	0.00153	0.00386	0.00502	0.00466	0.00735
27	0.00589	0.00421	0.00566	0.00673	0.00712	0.00398	0.00477	0.00690	0.00908	0.01205	0.02514	0.70785	0.02972	0.01411	0.00594	0.00191	0.00292	0.13796	0.00426	0.00381
28	0.37379	0.00841	0.00913	0.00736	0.01062	0.00845	0.00607	0.04203	0.01118	0.46025	0.01303	0.01209	0.00860	0.00509	0.00388	0.00142	0.00379	0.00372	0.00447	0.00663
29	0.01136	0.01091	0.01863	0.02818	0.81002	0.01091	0.01409	0.01409	0.01045	0.01500	0.00864	0.01136	0.00727	0.00409	0.00455	0.00136	0.00545	0.00409	0.00227	0.00727
30	0.00647	0.00472	0.00556	0.00581	0.00704	0.00419	0.00440	0.00779	0.01042	0.04736	0.10062	0.22672	0.42474	0.01197	0.00561	0.00168	0.00271	0.11370	0.00438	0.00410
31	0.01946	0.00836	0.01078	0.00834	0.01178	0.00772	0.00686	0.12255	0.03177	0.65897	0.01707	0.01512	0.01098	0.00566	0.00455	0.00140	0.00397	0.00455	0.04243	0.00765
32	0.04740	0.01466	0.01282	0.01065	0.01354	0.29654	0.05627	0.27947	0.09043	0.03733	0.02647	0.01161	0.00866	0.00523	0.00434	0.00132	0.00586	0.00394	0.06712	0.00635
33	0.87108	0.00888	0.00675	0.00604	0.00888	0.01030	0.00497	0.01350	0.00781	0.02060	0.00639	0.00746	0.00497	0.00426	0.00284	0.00142	0.00355	0.00249	0.00284	0.00497
34	0.00564	0.00450	0.00511	0.00547	0.00659	0.00396	0.00401	0.00680	0.00999	0.01242	0.06068	0.27670	0.49552	0.01286	0.02092	0.00178	0.00272	0.05619	0.00425	0.00387
35	0.00856	0.00428	0.00428	0.00428	0.00535	0.00428	0.00321	0.01070	0.00963	0.01712	0.01498	0.01712	0.01177	0.00535	0.00321	0.00107	0.00214	0.00428	0.86414	0.00428
36	0.01227	0.84142	0.02406	0.00786	0.01178	0.01817	0.00786	0.01375	0.00933	0.01080	0.00638	0.00736	0.00589	0.00393	0.00295	0.00098	0.00491	0.00245	0.00196	0.00589
37	0.01715	0.02188	0.01301	0.01183	0.01419	0.82022	0.00887	0.01833	0.01301	0.01124	0.00710	0.00828	0.00591	0.00473	0.00414	0.00118	0.00828	0.00296	0.00237	0.00532
38	0.00557	0.00407	0.00525	0.00620	0.00661	0.00375	0.00418	0.00641	0.00898	0.01180	0.02765	0.74803	0.11648	0.01408	0.00581	0.00183	0.00263	0.01268	0.00426	0.00375
39	0.00571	0.00412	0.00541	0.00624	0.00667	0.00382	0.00424	0.00671	0.00943	0.01267	0.13397	0.69552	0.06128	0.01359	0.00578	0.00179	0.00258	0.01227	0.00437	0.00382
40	0.01112	0.00934	0.01002	0.00911	0.01150	0.01066	0.00707	0.07238	0.64930	0.01894	0.01900	0.09796	0.01559	0.00718	0.00483	0.00159	0.00365	0.02928	0.00461	0.00686
41	0.00863	0.00441	0.00442	0.00440	0.00551	0.00445	0.00331	0.01102	0.02845	0.01717	0.01506	0.01712	0.01182	0.00537	0.00324	0.00108	0.00217	0.00430	0.84372	0.00435
42	0.00727	0.00563	0.00663	0.00623	0.00766	0.00557	0.00471	0.01126	0.15948	0.01742	0.50322	0.04677	0.16189	0.00916	0.00523	0.00148	0.00247	0.00794	0.02516	0.00479
43	0.01036	0.00566	0.00713	0.00635	0.00816	0.00514	0.00492	0.01244	0.03639	0.23081	0.32953	0.05095	0.16158	0.04573	0.00594	0.00161	0.00289	0.03244	0.03677	0.00519
44	0.00867	0.00816	0.01377	0.82762	0.03162	0.01020	0.01275	0.01173	0.00918	0.01173	0.00816	0.01224	0.00612	0.00459	0.00459	0.00153	0.00612	0.00408	0.00204	0.00510
45	0.04532	0.00776	0.01039	0.00802	0.01149	0.00680	0.00662	0.02185	0.01290	0.77181	0.01770	0.01542	0.01119	0.00563	0.00453	0.00141	0.00386	0.00455	0.02511	0.00765
46	0.00797	0.00399	0.00598	0.00598	0.00598	0.00399	0.00399	0.00598	0.00598	0.00797	0.00797	0.01396	0.00797	0.01595	0.01794	0.86643	0.00399	0.00399	0.00199	0.00199
47	0.01207	0.73121	0.07014	0.00851	0.01260	0.03266	0.02890	0.01384	0.00947	0.01125	0.00663	0.00771	0.00594	0.00395	0.00313	0.00102	0.00511	0.00261	0.00200	0.03124
48	0.00802	0.00631	0.00809	0.07221	0.01055	0.00612	0.01734	0.05508	0.05960	0.01466	0.10676	0.27943	0.04161	0.05655	0.00609	0.00167	0.00350	0.06736	0.01689	0.16215
49	0.09563	0.03396	0.07285	0.07386	0.21248	0.07810	0.03517	0.16192	0.05305	0.05269	0.01069	0.03938	0.02150	0.00526	0.00476	0.00143	0.03341	0.00427	0.00309	0.00650

[dist]
# distance from previous block
# <min> <max>
0	1

[block]
# block no. 4 follows, 56 sequences, length 66
# corresponding to MSA columns:
# 348-353,357-376,384-423
name=unknown_E
#
# <colnr> <probs for GDERKNQSTAVLIFYWHMCP>
#	G	D	E	R	K	N	Q	S	T	A	V	L	I	F	Y	W	H	M	C	P
0	0.01086	0.01039	0.01772	0.17797	0.66417	0.01078	0.01384	0.01365	0.01021	0.01439	0.00855	0.01153	0.00706	0.00418	0.00455	0.00139	0.00558	0.00409	0.00223	0.00687
1	0.00954	0.00812	0.00944	0.00680	0.01080	0.00619	0.00544	0.01181	0.02575	0.01509	0.00850	0.00982	0.00704	0.00349	0.00342	0.00071	0.00338	0.00280	0.01894	0.83291
2	0.00567	0.00407	0.00530	0.00622	0.00654	0.00379	0.00414	0.00647	0.00883	0.01173	0.04320	0.73399	0.06442	0.06371	0.00688	0.00200	0.00274	0.01241	0.00419	0.00369
3	0.00568	0.00420	0.00520	0.00589	0.00645	0.00384	0.00399	0.00657	0.00922	0.01201	0.07004	0.56700	0.19609	0.07259	0.00700	0.00196	0.00269	0.01163	0.00420	0.00372
4	0.00663	0.00448	0.00522	0.00523	0.00534	0.00451	0.00308	0.00686	0.00706	0.00951	0.04987	0.04986	0.01788	0.72863	0.07393	0.00444	0.00481	0.00680	0.00290	0.00296
5	0.01037	0.00481	0.00524	0.00486	0.00631	0.00465	0.00374	0.01245	0.01016	0.13665	0.01545	0.01689	0.01171	0.00540	0.00342	0.00112	0.00240	0.00433	0.73524	0.00481
6	0.00941	0.00804	0.00940	0.00679	0.01076	0.00605	0.00541	0.01141	0.00950	0.01487	0.00866	0.03362	0.00749	0.00372	0.00347	0.00071	0.00338	0.00302	0.00276	0.84155
7	0.02060	0.00781	0.01065	0.00817	0.01172	0.00675	0.00675	0.02237	0.01314	0.81320	0.01811	0.01563	0.01136	0.00568	0.00462	0.00142	0.00391	0.00462	0.00568	0.00781
8	0.00740	0.00528	0.00740	0.00845	0.00951	0.00528	0.00740	0.00951	0.01057	0.01374	0.02431	0.05179	0.02642	0.01268	0.00634	0.00211	0.00423	0.77912	0.00423	0.00423
9	0.01715	0.02188	0.01301	0.01183	0.01419	0.82022	0.00887	0.01833	0.01301	0.01124	0.00710	0.00828	0.00591	0.00473	0.00414	0.00118	0.00828	0.00296	0.00237	0.00532
10	0.01158	0.00994	0.01047	0.00938	0.01200	0.01149	0.00731	0.04479	0.78107	0.01946	0.01848	0.01697	0.01385	0.00621	0.00467	0.00155	0.00367	0.00516	0.00467	0.00728
11	0.01129	0.00773	0.01174	0.16358	0.17144	0.00829	0.00904	0.01327	0.01000	0.18561	0.03330	0.09589	0.01269	0.04437	0.05284	0.00203	0.08838	0.04431	0.02847	0.00573
12	0.00740	0.00528	0.00740	0.00845	0.00951	0.00528	0.00740	0.00951	0.01057	0.01374	0.02431	0.05179	0.02642	0.01268	0.00634	0.00211	0.00423	0.77912	0.00423	0.00423
13	0.00764	0.00415	0.00614	0.00617	0.00631	0.00427	0.00422	0.00636	0.00630	0.00853	0.00937	0.03912	0.00947	0.04762	0.14155	0.67849	0.00525	0.00449	0.00216	0.00240
14	0.01117	0.10811	0.36346	0.01307	0.05447	0.11383	0.11372	0.03891	0.04250	0.02851	0.01051	0.03888	0.03276	0.00498	0.00443	0.00139	0.00632	0.00417	0.00247	0.00632
15	0.01060	0.01097	0.01398	0.01204	0.01222	0.07679	0.00995	0.01162	0.00750	0.01106	0.00611	0.00991	0.00602	0.00778	0.01422	0.00194	0.76629	0.00394	0.00204	0.00505
16	0.00952	0.00816	0.00952	0.00680	0.01088	0.00612	0.00544	0.01156	0.00952	0.01496	0.00816	0.00952	0.00680	0.00340	0.00340	0.00068	0.00340	0.00272	0.00272	0.86672
17	0.00593	0.00457	0.00522	0.00537	0.00657	0.00400	0.00394	0.00723	0.01060	0.02567	0.18207	0.21818	0.46626	0.01175	0.00553	0.00161	0.00243	0.02465	0.00443	0.00399
18	0.01169	0.01000	0.01053	0.00940	0.01204	0.01154	0.00733	0.05865	0.76703	0.01964	0.01834	0.01686	0.01374	0.00620	0.00467	0.00155	0.00370	0.00514	0.00467	0.00729
19	0.03135	0.01063	0.07379	0.05365	0.03446	0.00962	0.03440	0.23683	0.01468	0.40547	0.01413	0.01396	0.00955	0.00589	0.01667	0.00152	0.00485	0.01661	0.00458	0.00736
20	0.01054	0.01319	0.15582	0.12163	0.16672	0.06159	0.18153	0.01490	0.09279	0.01468	0.02878	0.01323	0.00871	0.00471	0.00467	0.00142	0.00599	0.02379	0.00260	0.07272
21	0.01084	0.01203	0.02246	0.01677	0.01988	0.04450	0.51768	0.01371	0.00973	0.01343	0.00818	0.01149	0.00663	0.00520	0.00838	0.00168	0.26450	0.00488	0.00223	0.00579
22	0.00605	0.00479	0.00546	0.00534	0.00667	0.00429	0.00399	0.00796	0.03641	0.01494	0.34392	0.08587	0.43637	0.01074	0.00542	0.00153	0.00232	0.00920	0.00459	0.00415
23	0.04430	0.13470	0.14267	0.01107	0.03966	0.07233	0.07228	0.16875	0.06437	0.16636	0.01116	0.01148	0.00806	0.00489	0.00426	0.00134	0.00534	0.00389	0.02627	0.00681
24	0.00975	0.02757	0.01313	0.06712	0.11743	0.02801	0.13023	0.02750	0.18038	0.03526	0.08681	0.14958	0.08084	0.00741	0.00518	0.00155	0.01614	0.00674	0.00362	0.00577
25	0.00563	0.00404	0.00536	0.00641	0.00672	0.00377	0.00432	0.00647	0.00886	0.01178	0.02563	0.80405	0.04318	0.01430	0.00586	0.00187	0.00269	0.03104	0.00426	0.00374
26	0.01089	0.01056	0.05092	0.04014	0.51428	0.01009	0.06604	0.01439	0.06861	0.04043	0.04318	0.03801	0.02338	0.00512	0.00484	0.00143	0.01681	0.01374	0.02042	0.00674
27	0.07620	0.05591	0.16943	0.02799	0.03409	0.04268	0.05954	0.31834	0.05171	0.09332	0.01060	0.01112	0.00761	0.00498	0.00436	0.00139	0.00539	0.00392	0.01445	0.00697
28	0.00707	0.00416	0.00550	0.00569	0.00573	0.00412	0.00358	0.00632	0.00673	0.00898	0.01345	0.16348	0.01517	0.32622	0.01788	0.39013	0.00393	0.00658	0.00269	0.00259
29	0.84242	0.00895	0.00714	0.00678	0.03559	0.01032	0.00528	0.01352	0.00790	0.02041	0.00647	0.00759	0.00505	0.00426	0.00290	0.00142	0.00361	0.00254	0.00282	0.00505
30	0.00671	0.00514	0.00762	0.00754	0.00830	0.00608	0.00587	0.00827	0.00738	0.01067	0.01230	0.03525	0.01171	0.04742	0.74876	0.00694	0.05236	0.00508	0.00248	0.00411
31	0.00874	0.00763	0.02410	0.03615	0.16371	0.00768	0.00735	0.02543	0.14651	0.02874	0.19771	0.02557	0.18964	0.04543	0.02786	0.00179	0.04015	0.00656	0.00383	0.00544
32	0.00910	0.01982	0.60290	0.01276	0.01837	0.02438	0.10093	0.01357	0.00967	0.01398	0.01044	0.04941	0.02799	0.04270	0.02278	0.00174	0.00663	0.00439	0.00220	0.00625
33	0.00585	0.00466	0.00525	0.00517	0.00651	0.00406	0.00388	0.00737	0.01131	0.01453	0.31522	0.06587	0.49820	0.01094	0.00545	0.00153	0.00231	0.02330	0.00454	0.00404
34	0.01012	0.00923	0.05353	0.02616	0.01200	0.00722	0.00659	0.06517	0.02372	0.02887	0.00885	0.01031	0.00719	0.00516	0.04012	0.00113	0.01726	0.00307	0.00285	0.66144
35	0.00934	0.00591	0.00653	0.00557	0.00762	0.00543	0.00432	0.04947	0.02539	0.03535	0.09880	0.01671	0.01375	0.00532	0.00362	0.00104	0.00267	0.00434	0.47528	0.22354
36	0.00592	0.00477	0.00528	0.00514	0.00654	0.00418	0.00386	0.00766	0.02696	0.01463	0.31109	0.04020	0.52604	0.01074	0.00541	0.00151	0.00230	0.00912	0.00455	0.00410
37	0.01462	0.01268	0.17920	0.01028	0.03249	0.01024	0.00946	0.28539	0.06017	0.21122	0.08175	0.01472	0.01191	0.02191	0.02153	0.00160	0.00495	0.00458	0.00421	0.00708
38	0.01136	0.01091	0.01863	0.02818	0.81002	0.01091	0.01409	0.01409	0.01045	0.01500	0.00864	0.01136	0.00727	0.00409	0.00455	0.00136	0.00545	0.00409	0.00227	0.00727
39	0.01019	0.00950	0.02810	0.05771	0.30234	0.02038	0.02406	0.01604	0.26727	0.01585	0.04924	0.09834	0.02433	0.00664	0.00487	0.00154	0.00448	0.04922	0.00349	0.00641
40	0.00559	0.00400	0.00533	0.00639	0.00666	0.00373	0.00426	0.00639	0.00879	0.01172	0.02530	0.83566	0.03036	0.01438	0.00586	0.00186	0.00266	0.01305	0.00426	0.00373
41	0.01116	0.00585	0.00779	0.00719	0.00910	0.00533	0.00589	0.01308	0.01210	0.27078	0.25808	0.03424	0.10453	0.00935	0.00542	0.00164	0.00332	0.22484	0.00494	0.00537
42	0.00856	0.00428	0.00428	0.00428	0.00535	0.00428	0.00321	0.01070	0.00963	0.01712	0.01498	0.01712	0.01177	0.00535	0.00321	0.00107	0.00214	0.00428	0.86414	0.00428
43	0.84940	0.00886	0.00692	0.02669	0.00945	0.01030	0.00517	0.01345	0.00785	0.02038	0.00644	0.00758	0.00500	0.00427	0.00289	0.00142	0.00362	0.00253	0.00282	0.00498
44	0.01220	0.82135	0.04347	0.00798	0.01198	0.01798	0.00808	0.01377	0.00934	0.01089	0.00643	0.00742	0.00589	0.00394	0.00298	0.00099	0.00496	0.00248	0.00196	0.00591
45	0.01074	0.01352	0.23206	0.02767	0.09107	0.01066	0.03654	0.04529	0.37258	0.03008	0.07017	0.01528	0.01257	0.00559	0.00465	0.00149	0.00480	0.00476	0.00361	0.00688
46	0.87108	0.00888	0.00675	0.00604	0.00888	0.01030	0.00497	0.01350	0.00781	0.02060	0.00639	0.00746	0.00497	0.00426	0.00284	0.00142	0.00355	0.00249	0.00284	0.00497
47	0.00840	0.00691	0.00858	0.05306	0.09805	0.04390	0.00645	0.01083	0.07559	0.04674	0.10149	0.19865	0.15428	0.07163	0.04921	0.00211	0.02444	0.03111	0.00375	0.00481
48	0.87108	0.00888	0.00675	0.00604	0.00888	0.01030	0.00497	0.01350	0.00781	0.02060	0.00639	0.00746	0.00497	0.00426	0.00284	0.00142	0.00355	0.00249	0.00284	0.00497
49	0.10758	0.00792	0.01025	0.00795	0.01143	0.00711	0.00657	0.02147	0.01260	0.73214	0.01691	0.01479	0.01071	0.00554	0.00444	0.00142	0.00387	0.00440	0.00539	0.00752
50	0.00740	0.00528	0.00740	0.00845	0.00951	0.00528	0.00740	0.00951	0.01057	0.01374	0.02431	0.05179	0.02642	0.01268	0.00634	0.00211	0.00423	0.77912	0.00423	0.00423
51	0.01914	0.00840	0.04615	0.00833	0.01186	0.00693	0.00715	0.02138	0.03279	0.71223	0.01780	0.01658	0.01167	0.00585	0.00463	0.00144	0.00399	0.02908	0.02704	0.00755
52	0.00981	0.05436	0.73778	0.01274	0.01923	0.01116	0.01613	0.06015	0.01037	0.01524	0.00833	0.00968	0.00594	0.00441	0.00432	0.00143	0.00661	0.00340	0.00209	0.00681
53	0.00795	0.00591	0.00720	0.00680	0.00813	0.00538	0.00502	0.00982	0.03282	0.01825	0.60561	0.06345	0.11940	0.01140	0.04168	0.00195	0.00321	0.00855	0.00514	0.03232
54	0.07609	0.22567	0.08293	0.00954	0.04332	0.03378	0.00825	0.22356	0.03683	0.03776	0.02275	0.03987	0.00851	0.00558	0.00460	0.04301	0.00473	0.00380	0.01402	0.07542
55	0.01123	0.05170	0.03799	0.00997	0.04213	0.02502	0.00774	0.03409	0.63010	0.01814	0.03216	0.05265	0.01412	0.00636	0.00463	0.00152	0.00390	0.00531	0.00430	0.00695
56	0.00547	0.00465	0.00471	0.00470	0.00623	0.00389	0.00352	0.00667	0.01057	0.01265	0.07818	0.04377	0.77632	0.01153	0.00543	0.00155	0.00232	0.00963	0.00430	0.00389
57	0.00801	0.00503	0.00649	0.00596	0.00735	0.00455	0.00452	0.00999	0.01263	0.11052	0.61398	0.05613	0.11846	0.00933	0.00534	0.00146	0.00240	0.00815	0.00502	0.00467
58	0.01259	0.14658	0.24704	0.03821	0.09300	0.05486	0.09678	0.11795	0.03488	0.08163	0.00947	0.01067	0.00707	0.00464	0.00458	0.00137	0.02542	0.00380	0.00278	0.00669
59	0.01939	0.00947	0.05706	0.06426	0.20405	0.03811	0.04779	0.02227	0.11830	0.06738	0.13368	0.04728	0.02818	0.04416	0.02653	0.01758	0.00477	0.02297	0.02090	0.00587
60	0.00715	0.00536	0.00644	0.00607	0.00745	0.00514	0.00458	0.01040	0.10895	0.03285	0.52715	0.05851	0.18347	0.00951	0.00532	0.00149	0.00243	0.00826	0.00485	0.00465
61	0.03855	0.03356	0.07306	0.03844	0.20095	0.03366	0.08935	0.01120	0.00988	0.01377	0.07134	0.19209	0.04262	0.00989	0.07239	0.00204	0.01836	0.04043	0.00305	0.00537
62	0.02571	0.06036	0.19712	0.16188	0.04580	0.04346	0.13275	0.13118	0.04535	0.05843	0.01012	0.02716	0.00776	0.00491	0.00456	0.00144	0.00597	0.01407	0.00285	0.01911
63	0.01009	0.00795	0.03293	0.03610	0.02553	0.02323	0.02271	0.04280	0.09477	0.11086	0.04600	0.04851	0.14697	0.08314	0.09899	0.00248	0.12554	0.00596	0.03020	0.00525
64	0.00638	0.00446	0.00559	0.00616	0.00685	0.00412	0.00427	0.01994	0.00958	0.03817	0.07322	0.56326	0.15733	0.05604	0.00662	0.00191	0.00278	0.02509	0.00428	0.00395
65	0.04506	0.01304	0.09807	0.03862	0.09470	0.13499	0.14884	0.10637	0.03262	0.01570	0.02554	0.06684	0.02570	0.03675	0.00545	0.00149	0.01876	0.00480	0.00289	0.08376

[dist]
# distance from previous block
# <min> <max>
0	21

# created by:
# /home/cegg/simao/soft/augustus-3.2.1/scripts/msa2prfl.pl ./align_prep/EOG091G0SB2.fa
