[name]
unknown

[dist]
# distance from previous block
# <min> <max>
0	90

[block]
# block no. 0 follows, 58 sequences, length 83
# corresponding to MSA columns:
# 98-180
name=unknown_A
#
# <colnr> <probs for GDERKNQSTAVLIFYWHMCP>
#	G	D	E	R	K	N	Q	S	T	A	V	L	I	F	Y	W	H	M	C	P
0	0.01238	0.69438	0.12281	0.00893	0.01303	0.01666	0.00906	0.01401	0.00997	0.01234	0.04129	0.01007	0.00828	0.00482	0.00363	0.00124	0.00525	0.00312	0.00241	0.00633
1	0.00941	0.00853	0.01375	0.78462	0.03024	0.01025	0.01243	0.01197	0.00962	0.01246	0.00972	0.04801	0.00797	0.00558	0.00498	0.00170	0.00616	0.00469	0.00245	0.00547
2	0.00755	0.00568	0.00803	0.00799	0.00884	0.00634	0.00610	0.00879	0.00796	0.01149	0.01338	0.05315	0.01277	0.03237	0.75904	0.00694	0.03077	0.00544	0.00283	0.00457
3	0.01652	0.01972	0.01274	0.01167	0.01399	0.68000	0.00869	0.01874	0.10838	0.01294	0.01010	0.04541	0.00873	0.00588	0.00463	0.00142	0.00759	0.00392	0.00302	0.00590
4	0.00650	0.00533	0.00540	0.00535	0.00686	0.00448	0.00389	0.00731	0.01077	0.01310	0.06213	0.04317	0.74969	0.04667	0.00646	0.00182	0.00274	0.00954	0.00445	0.00432
5	0.01084	0.01037	0.01367	0.01186	0.01206	0.03219	0.00966	0.01155	0.00780	0.01200	0.00763	0.01212	0.00746	0.03479	0.01450	0.00216	0.74106	0.00433	0.03859	0.00536
6	0.01735	0.01279	0.01365	0.01072	0.01416	0.01391	0.00864	0.73386	0.04184	0.02788	0.01210	0.01313	0.00913	0.04113	0.00570	0.00167	0.00521	0.00450	0.00474	0.00790
7	0.01161	0.01275	0.02686	0.01939	0.02395	0.01186	0.78604	0.01504	0.01122	0.01532	0.01010	0.01350	0.00780	0.00449	0.00572	0.00170	0.00785	0.00560	0.00263	0.00657
8	0.00687	0.00498	0.00627	0.00712	0.00762	0.00465	0.00485	0.00788	0.03794	0.01302	0.05524	0.74250	0.03001	0.01404	0.00610	0.00199	0.00305	0.03696	0.00453	0.00437
9	0.01005	0.02364	0.80700	0.01339	0.02000	0.01095	0.01682	0.01488	0.01013	0.01516	0.00910	0.01092	0.00669	0.00496	0.00471	0.00161	0.00693	0.00366	0.00226	0.00714
10	0.01085	0.01051	0.01437	0.01240	0.01251	0.01421	0.01019	0.01153	0.00757	0.01181	0.00698	0.01126	0.00690	0.00848	0.01497	0.00214	0.82128	0.00426	0.00233	0.00545
11	0.00658	0.00471	0.00600	0.00698	0.00734	0.00431	0.00465	0.00707	0.00926	0.01245	0.02545	0.82766	0.03022	0.01456	0.00615	0.00200	0.00298	0.01292	0.00449	0.00421
12	0.01161	0.01275	0.02686	0.01939	0.02395	0.01186	0.78604	0.01504	0.01122	0.01532	0.01010	0.01350	0.00780	0.00449	0.00572	0.00170	0.00785	0.00560	0.00263	0.00657
13	0.01795	0.01321	0.01410	0.01097	0.01460	0.01438	0.00892	0.78773	0.02152	0.02895	0.01177	0.01219	0.00860	0.00606	0.00493	0.00154	0.00527	0.00437	0.00481	0.00812
14	0.01203	0.01125	0.01860	0.05440	0.77655	0.01116	0.01402	0.01437	0.01081	0.01549	0.00946	0.01255	0.00805	0.00472	0.00489	0.00153	0.00568	0.00433	0.00258	0.00754
15	0.00751	0.00560	0.00797	0.00792	0.00881	0.00623	0.00606	0.00880	0.00791	0.01144	0.01299	0.01891	0.01212	0.03378	0.81200	0.00729	0.01222	0.00512	0.00276	0.00457
16	0.00665	0.00535	0.00567	0.00555	0.00704	0.00454	0.00408	0.00770	0.01140	0.01438	0.21253	0.04188	0.63324	0.01145	0.00573	0.00168	0.00263	0.00940	0.00466	0.00445
17	0.86120	0.00939	0.00736	0.00664	0.00946	0.01060	0.00533	0.01388	0.00832	0.02096	0.00733	0.00878	0.00589	0.00486	0.00325	0.00158	0.00384	0.00279	0.00313	0.00540
18	0.01217	0.01034	0.01084	0.00980	0.01240	0.01168	0.00752	0.02432	0.79435	0.01963	0.01911	0.01804	0.01455	0.00675	0.00501	0.00171	0.00391	0.00538	0.00488	0.00760
19	0.86120	0.00939	0.00736	0.00664	0.00946	0.01060	0.00533	0.01388	0.00832	0.02096	0.00733	0.00878	0.00589	0.00486	0.00325	0.00158	0.00384	0.00279	0.00313	0.00540
20	0.01085	0.01051	0.01437	0.01240	0.01251	0.01421	0.01019	0.01153	0.00757	0.01181	0.00698	0.01126	0.00690	0.00848	0.01497	0.00214	0.82128	0.00426	0.00233	0.00545
21	0.02054	0.00904	0.01152	0.00900	0.01252	0.00820	0.00729	0.12861	0.01455	0.69792	0.01762	0.01599	0.01154	0.00620	0.00495	0.00157	0.00433	0.00477	0.00571	0.00813
22	0.01292	0.81406	0.04174	0.00849	0.01242	0.01798	0.00829	0.01414	0.00978	0.01166	0.00736	0.00874	0.00676	0.00455	0.00338	0.00117	0.00518	0.00278	0.00229	0.00630
23	0.01217	0.01020	0.01077	0.00973	0.01229	0.01143	0.00751	0.05864	0.71357	0.01973	0.01956	0.01952	0.03255	0.00705	0.00508	0.00172	0.00397	0.03220	0.00486	0.00745
24	0.06549	0.01170	0.01102	0.00989	0.01246	0.10960	0.00758	0.08741	0.55231	0.01928	0.01665	0.04884	0.01319	0.00672	0.00488	0.00166	0.00453	0.00518	0.00448	0.00714
25	0.01191	0.01113	0.01839	0.09014	0.74171	0.01113	0.01396	0.01427	0.01076	0.01535	0.00944	0.01259	0.00800	0.00474	0.00489	0.00154	0.00571	0.00433	0.00257	0.00744
26	0.00813	0.00507	0.00665	0.00661	0.00690	0.00511	0.00441	0.00741	0.00711	0.00977	0.01186	0.02094	0.01228	0.28344	0.21171	0.37506	0.00632	0.00528	0.00267	0.00328
27	0.01005	0.02364	0.80700	0.01339	0.02000	0.01095	0.01682	0.01488	0.01013	0.01516	0.00910	0.01092	0.00669	0.00496	0.00471	0.00161	0.00693	0.00366	0.00226	0.00714
28	0.00777	0.00389	0.00583	0.00583	0.00583	0.00389	0.00389	0.00583	0.00583	0.00777	0.00777	0.01360	0.00777	0.01554	0.01748	0.86985	0.00389	0.00389	0.00194	0.00194
29	0.00570	0.00407	0.00547	0.00644	0.00683	0.00384	0.00452	0.00669	0.00896	0.01195	0.06027	0.70886	0.02970	0.01360	0.00575	0.00183	0.00276	0.10488	0.00418	0.00372
30	0.00839	0.00694	0.00762	0.00706	0.00867	0.03787	0.00538	0.02663	0.26742	0.01761	0.45075	0.05456	0.05691	0.00820	0.00501	0.00146	0.00289	0.01679	0.00463	0.00519
31	0.01648	0.02094	0.01271	0.01153	0.01376	0.79808	0.00868	0.01763	0.01248	0.01094	0.00688	0.00812	0.00577	0.00472	0.00438	0.00118	0.03533	0.00292	0.00229	0.00518
32	0.01031	0.01166	0.02495	0.01796	0.02216	0.01112	0.73108	0.01385	0.01038	0.01408	0.01036	0.01320	0.03897	0.00426	0.00571	0.00153	0.04484	0.00538	0.00232	0.00589
33	0.00979	0.00979	0.01370	0.01174	0.01174	0.01370	0.00979	0.01077	0.00685	0.01077	0.00587	0.00979	0.00587	0.00783	0.01468	0.00196	0.83461	0.00391	0.00196	0.00489
34	0.00845	0.00795	0.01342	0.83204	0.03081	0.00994	0.01242	0.01143	0.00894	0.01143	0.00795	0.01193	0.00596	0.00447	0.00447	0.00149	0.00596	0.00398	0.00199	0.00497
35	0.01196	0.84548	0.02344	0.00765	0.01148	0.01770	0.00765	0.01339	0.00909	0.01052	0.00622	0.00718	0.00574	0.00383	0.00287	0.00096	0.00478	0.00239	0.00191	0.00574
36	0.03057	0.01248	0.01284	0.01012	0.01349	0.05022	0.00826	0.64865	0.12437	0.02602	0.01148	0.01135	0.00828	0.00541	0.00444	0.00136	0.00486	0.00408	0.00436	0.00738
37	0.04660	0.00533	0.00664	0.00659	0.00752	0.02302	0.00495	0.01867	0.00830	0.03362	0.04322	0.13929	0.03169	0.08252	0.40402	0.00445	0.02134	0.00605	0.10210	0.00409
38	0.01665	0.00790	0.00960	0.00759	0.01051	0.00763	0.00620	0.19172	0.01383	0.45553	0.01540	0.01457	0.01040	0.00542	0.00417	0.00129	0.00365	0.00432	0.20680	0.00681
39	0.01682	0.01235	0.01323	0.01016	0.01369	0.01366	0.00839	0.78302	0.02078	0.02794	0.01082	0.01087	0.00769	0.00537	0.00445	0.00134	0.00486	0.00403	0.02301	0.00753
40	0.00649	0.00472	0.00681	0.00681	0.00753	0.00539	0.00518	0.00794	0.00722	0.01049	0.01232	0.01877	0.01173	0.11767	0.70312	0.00661	0.01073	0.00495	0.04167	0.00387
41	0.00631	0.00474	0.00603	0.00668	0.00774	0.00446	0.00544	0.00790	0.01011	0.01291	0.06840	0.16909	0.26513	0.01215	0.00579	0.00182	0.00323	0.39394	0.00417	0.00395
42	0.87439	0.00865	0.00657	0.00588	0.00865	0.01003	0.00484	0.01315	0.00761	0.02007	0.00623	0.00727	0.00484	0.00415	0.00277	0.00138	0.00346	0.00242	0.00277	0.00484
43	0.00974	0.00973	0.01369	0.03880	0.01237	0.01358	0.00987	0.01079	0.00692	0.01079	0.00594	0.00986	0.00587	0.00772	0.01434	0.00194	0.80727	0.00392	0.00196	0.00490
44	0.00803	0.02380	0.00846	0.00732	0.00819	0.03602	0.02185	0.00896	0.00768	0.02155	0.04745	0.02025	0.01293	0.35060	0.17531	0.00374	0.14566	0.00518	0.00261	0.08440
45	0.01215	0.77045	0.02250	0.00801	0.01162	0.06295	0.00778	0.01356	0.00921	0.01056	0.00625	0.00732	0.00575	0.00401	0.00334	0.00100	0.03346	0.00247	0.00194	0.00568
46	0.00621	0.00473	0.00659	0.00713	0.00792	0.00451	0.03664	0.00776	0.03046	0.01226	0.02550	0.52601	0.09830	0.01276	0.00573	0.00183	0.00315	0.19451	0.00408	0.00395
47	0.00550	0.00396	0.00523	0.00623	0.00657	0.00369	0.00423	0.00634	0.00869	0.01151	0.02548	0.77971	0.06196	0.01385	0.00571	0.00181	0.00263	0.03909	0.00415	0.00366
48	0.01633	0.04902	0.04091	0.01118	0.01394	0.60558	0.00885	0.17430	0.01411	0.01450	0.00769	0.00862	0.00613	0.00472	0.00409	0.00119	0.00727	0.00311	0.00271	0.00574
49	0.00665	0.00504	0.00667	0.00666	0.00722	0.02208	0.00484	0.00774	0.00717	0.00997	0.01295	0.05784	0.01325	0.26014	0.53119	0.00593	0.02287	0.00558	0.00256	0.00365
50	0.00645	0.00435	0.00486	0.00486	0.00493	0.00431	0.00274	0.00650	0.00668	0.00884	0.01560	0.02994	0.05468	0.80271	0.02193	0.00420	0.00424	0.00665	0.00278	0.00276
51	0.07175	0.00870	0.01078	0.00832	0.01176	0.00830	0.00687	0.18287	0.01419	0.60512	0.01551	0.01381	0.00997	0.00542	0.00439	0.00138	0.00402	0.00427	0.00515	0.00744
52	0.00570	0.00458	0.00492	0.00494	0.00631	0.00395	0.00366	0.00708	0.02106	0.02336	0.13428	0.12032	0.62185	0.01119	0.00531	0.00153	0.00232	0.00948	0.00427	0.00391
53	0.01640	0.00775	0.00972	0.00775	0.01065	0.01793	0.00629	0.10559	0.04679	0.51222	0.15924	0.01801	0.01633	0.00616	0.00458	0.00137	0.00361	0.00508	0.03770	0.00682
54	0.00900	0.05406	0.77045	0.01240	0.01876	0.01051	0.01590	0.01395	0.00941	0.01396	0.00834	0.02853	0.00622	0.00446	0.00423	0.00141	0.00645	0.00349	0.00194	0.00651
55	0.01671	0.02132	0.01268	0.01152	0.01383	0.82483	0.00864	0.01786	0.01268	0.01095	0.00691	0.00807	0.00576	0.00461	0.00403	0.00115	0.00807	0.00288	0.00230	0.00519
56	0.00897	0.02314	0.81962	0.01275	0.01936	0.01039	0.01653	0.01417	0.00944	0.01417	0.00803	0.00944	0.00567	0.00425	0.00425	0.00142	0.00661	0.00331	0.00189	0.00661
57	0.01672	0.01021	0.01160	0.00913	0.01241	0.01078	0.00747	0.40595	0.13777	0.27407	0.01420	0.01329	0.00977	0.00552	0.00444	0.00137	0.00425	0.00434	0.03932	0.00739
58	0.01088	0.01043	0.01781	0.08684	0.75702	0.01058	0.01363	0.01356	0.01009	0.01438	0.00838	0.01113	0.00700	0.00402	0.00443	0.00134	0.00536	0.00398	0.00220	0.00693
59	0.05694	0.00825	0.04108	0.00805	0.01160	0.00687	0.00688	0.02113	0.01245	0.75250	0.01678	0.01466	0.01059	0.00543	0.00441	0.00139	0.00390	0.00436	0.00528	0.00745
60	0.00845	0.00795	0.01342	0.83204	0.03081	0.00994	0.01242	0.01143	0.00894	0.01143	0.00795	0.01193	0.00596	0.00447	0.00447	0.00149	0.00596	0.00398	0.00199	0.00497
61	0.00617	0.00457	0.00575	0.00545	0.00658	0.00415	0.00409	0.00812	0.01227	0.01701	0.69101	0.03494	0.16431	0.00949	0.00528	0.00142	0.00213	0.00830	0.00480	0.00415
62	0.00910	0.00862	0.01460	0.63167	0.22607	0.01011	0.01275	0.01200	0.00925	0.01222	0.00807	0.01171	0.00624	0.00435	0.00446	0.00145	0.00580	0.00398	0.00204	0.00550
63	0.00651	0.00434	0.00488	0.00488	0.00488	0.00434	0.00271	0.00651	0.00651	0.00867	0.01409	0.02927	0.01626	0.84279	0.02277	0.00434	0.00434	0.00651	0.00271	0.00271
64	0.01621	0.03948	0.01269	0.01118	0.01350	0.75331	0.00845	0.03823	0.01282	0.01166	0.03773	0.00908	0.00720	0.00478	0.00407	0.00116	0.00768	0.00310	0.00245	0.00523
65	0.00576	0.00411	0.00539	0.00625	0.00664	0.00388	0.00434	0.00668	0.00881	0.01171	0.05998	0.62968	0.05064	0.08299	0.00716	0.00203	0.00287	0.09337	0.00406	0.00364
66	0.00696	0.00510	0.00682	0.00768	0.00869	0.00508	0.00643	0.00923	0.04613	0.01322	0.02520	0.17429	0.08431	0.01226	0.00596	0.00196	0.00371	0.56866	0.00415	0.00415
67	0.00918	0.02135	0.70032	0.03069	0.04835	0.01047	0.08943	0.01411	0.00956	0.01414	0.00814	0.00980	0.00583	0.00420	0.00436	0.00142	0.00664	0.00353	0.00194	0.00654
68	0.01058	0.01013	0.01727	0.17767	0.66851	0.01050	0.01348	0.01330	0.00995	0.01402	0.00833	0.01123	0.00688	0.00408	0.00444	0.00136	0.00544	0.00398	0.00217	0.00669
69	0.00713	0.00512	0.00710	0.00809	0.00914	0.00509	0.00706	0.00915	0.01029	0.01333	0.02455	0.05016	0.05721	0.01232	0.00614	0.00204	0.00404	0.75379	0.00412	0.00411
70	0.00553	0.00397	0.00521	0.00615	0.00648	0.00370	0.00414	0.00635	0.00869	0.01154	0.04166	0.74920	0.06066	0.04007	0.00623	0.00188	0.00266	0.02813	0.00412	0.00363
71	0.01056	0.01207	0.02640	0.01885	0.02338	0.01131	0.79864	0.01433	0.01056	0.01433	0.00905	0.01207	0.00679	0.00377	0.00528	0.00151	0.00754	0.00528	0.00226	0.00603
72	0.00928	0.00795	0.00928	0.00663	0.01060	0.00596	0.00530	0.01126	0.00928	0.01458	0.00795	0.00928	0.00663	0.00331	0.00331	0.00066	0.00331	0.00265	0.00265	0.87014
73	0.00848	0.00430	0.00432	0.00427	0.00535	0.00433	0.00321	0.02312	0.00957	0.01686	0.01453	0.01658	0.01140	0.00521	0.00315	0.00105	0.00213	0.00417	0.85374	0.00422
74	0.84358	0.00917	0.03552	0.00613	0.00903	0.01005	0.00526	0.01319	0.00768	0.01986	0.00629	0.00734	0.00487	0.00416	0.00282	0.00139	0.00357	0.00245	0.00274	0.00491
75	0.00942	0.00792	0.00945	0.00732	0.03914	0.00606	0.00556	0.01140	0.00941	0.03097	0.00950	0.01066	0.03544	0.00367	0.00345	0.00073	0.00336	0.00298	0.00275	0.79082
76	0.00929	0.00802	0.00943	0.00681	0.01064	0.00624	0.00546	0.01125	0.00919	0.01444	0.00788	0.00929	0.00660	0.00347	0.00372	0.00071	0.03291	0.00270	0.00263	0.83934
77	0.01098	0.00854	0.04201	0.04469	0.01197	0.00675	0.00638	0.03122	0.04749	0.13565	0.01055	0.04025	0.00840	0.00429	0.00375	0.00094	0.00366	0.00352	0.00321	0.57577
78	0.01000	0.26333	0.46644	0.01270	0.10569	0.01240	0.01321	0.01367	0.00934	0.01301	0.00768	0.00925	0.00604	0.00514	0.03309	0.00148	0.00612	0.00317	0.00195	0.00631
79	0.01024	0.00977	0.01641	0.14662	0.63595	0.01001	0.01275	0.01283	0.01000	0.01394	0.01113	0.01362	0.06783	0.00461	0.00450	0.00137	0.00518	0.00440	0.00233	0.00652
80	0.00967	0.00776	0.00906	0.00691	0.01033	0.00636	0.00549	0.07069	0.02344	0.03770	0.02314	0.08271	0.03133	0.00500	0.00381	0.00091	0.00336	0.02202	0.00313	0.63716
81	0.01012	0.17546	0.58976	0.01222	0.04483	0.06659	0.01425	0.01426	0.00962	0.01329	0.00763	0.00899	0.00574	0.00419	0.00398	0.00131	0.00632	0.00313	0.00193	0.00637
82	0.01085	0.48418	0.20590	0.00874	0.01270	0.04632	0.00923	0.01347	0.03969	0.01202	0.03323	0.00998	0.00769	0.02270	0.00434	0.03218	0.00507	0.00311	0.03296	0.00567

[dist]
# distance from previous block
# <min> <max>
0	15

# created by:
# /home/cegg/simao/soft/augustus-3.2.1/scripts/msa2prfl.pl ./align_prep/EOG091G0ZLI.fa
