[name]
unknown

[dist]
# distance from previous block
# <min> <max>
0	147

[block]
# block no. 0 follows, 44 sequences, length 12
# corresponding to MSA columns:
# 164-175
name=unknown_A
#
# <colnr> <probs for GDERKNQSTAVLIFYWHMCP>
#	G	D	E	R	K	N	Q	S	T	A	V	L	I	F	Y	W	H	M	C	P
0	0.05494	0.01116	0.06112	0.01076	0.04405	0.02311	0.04168	0.09154	0.01331	0.04523	0.05012	0.05935	0.01404	0.00668	0.00501	0.00140	0.00486	0.06835	0.04284	0.35044
1	0.06314	0.04024	0.05086	0.01001	0.03256	0.00808	0.04381	0.02547	0.01065	0.01571	0.05090	0.23135	0.01927	0.02047	0.26701	0.00410	0.00792	0.00797	0.00368	0.08679
2	0.01306	0.19644	0.10316	0.02418	0.06520	0.11527	0.01008	0.09036	0.01384	0.01747	0.11083	0.08117	0.08305	0.00778	0.00549	0.00158	0.02452	0.00617	0.00368	0.02668
3	0.00857	0.00680	0.00872	0.00978	0.09645	0.00641	0.00627	0.04630	0.01368	0.01831	0.31161	0.09612	0.25995	0.07720	0.00806	0.00207	0.00351	0.00980	0.00502	0.00538
4	0.02940	0.12362	0.07621	0.09777	0.26581	0.03790	0.05153	0.02866	0.04157	0.01665	0.01132	0.06380	0.01000	0.00602	0.00575	0.00161	0.04636	0.00513	0.00295	0.07796
5	0.00947	0.00473	0.00710	0.00710	0.00710	0.00473	0.00473	0.00710	0.00710	0.00947	0.00947	0.01657	0.00947	0.01894	0.02131	0.84138	0.00473	0.00473	0.00237	0.00237
6	0.00958	0.00794	0.00959	0.00881	0.05968	0.00649	0.00622	0.01173	0.01200	0.01734	0.09794	0.07868	0.19321	0.00809	0.00511	0.00131	0.00361	0.00686	0.04755	0.40825
7	0.00763	0.00538	0.00618	0.00628	0.00672	0.00527	0.00395	0.00813	0.00903	0.01177	0.02454	0.07125	0.15137	0.55543	0.07749	0.00472	0.00542	0.03199	0.00371	0.00375
8	0.01131	0.01014	0.03621	0.00866	0.01304	0.00798	0.00718	0.04451	0.01186	0.01818	0.04562	0.01343	0.01044	0.00705	0.05523	0.00147	0.02695	0.00385	0.00338	0.66350
9	0.04212	0.05216	0.01856	0.08482	0.19570	0.02615	0.11978	0.02990	0.04659	0.16747	0.02827	0.01483	0.01036	0.00548	0.00542	0.00157	0.01775	0.00496	0.00379	0.12434
10	0.05349	0.03279	0.01267	0.09591	0.01512	0.00906	0.08921	0.07844	0.01282	0.07309	0.06194	0.27238	0.05286	0.02148	0.00661	0.00195	0.02670	0.03132	0.04620	0.00599
11	0.07322	0.01088	0.01418	0.24942	0.07240	0.04818	0.03300	0.01509	0.04496	0.01681	0.01085	0.04428	0.00913	0.00553	0.00523	0.00144	0.02974	0.00459	0.00308	0.30801

[dist]
# distance from previous block
# <min> <max>
1	6

[block]
# block no. 1 follows, 44 sequences, length 21
# corresponding to MSA columns:
# 182-202
name=unknown_B
#
# <colnr> <probs for GDERKNQSTAVLIFYWHMCP>
#	G	D	E	R	K	N	Q	S	T	A	V	L	I	F	Y	W	H	M	C	P
0	0.03350	0.00809	0.01165	0.09372	0.11349	0.00818	0.03587	0.05735	0.01213	0.07116	0.07801	0.26809	0.02246	0.13219	0.00935	0.00239	0.00485	0.00908	0.00425	0.02420
1	0.06839	0.00695	0.00828	0.00799	0.00967	0.00684	0.00583	0.03654	0.06289	0.07316	0.02266	0.33436	0.05634	0.07223	0.07026	0.04035	0.00471	0.00956	0.01764	0.08533
2	0.00926	0.00500	0.00732	0.03293	0.00805	0.00511	0.00497	0.00750	0.00738	0.00984	0.01055	0.01893	0.01075	0.11314	0.04463	0.68913	0.00518	0.00515	0.00250	0.00268
3	0.01411	0.01635	0.07704	0.23044	0.09886	0.23420	0.03504	0.02838	0.05522	0.02713	0.01058	0.01357	0.00847	0.00850	0.06551	0.00223	0.06014	0.00460	0.00289	0.00674
4	0.00847	0.00584	0.00705	0.00714	0.00830	0.00556	0.00508	0.01060	0.07139	0.04574	0.15303	0.26017	0.20468	0.07119	0.00949	0.08771	0.00342	0.01067	0.01964	0.00483
5	0.04354	0.01042	0.01229	0.00999	0.01342	0.01057	0.00802	0.22342	0.09818	0.32274	0.06538	0.08133	0.01675	0.02836	0.00612	0.00182	0.00468	0.00644	0.02834	0.00820
6	0.05410	0.01463	0.01601	0.07456	0.01828	0.01633	0.01056	0.66654	0.02378	0.03232	0.01259	0.01303	0.00897	0.00640	0.00537	0.00165	0.00603	0.00482	0.00513	0.00888
7	0.05266	0.01286	0.01584	0.19828	0.05102	0.07208	0.06739	0.15821	0.18852	0.04331	0.01376	0.01595	0.01061	0.04224	0.00681	0.00192	0.03188	0.00525	0.00399	0.00744
8	0.05878	0.00639	0.00737	0.00712	0.00860	0.00609	0.00512	0.04403	0.01230	0.08886	0.14319	0.22432	0.19576	0.15547	0.01008	0.00250	0.00369	0.01022	0.00497	0.00514
9	0.01133	0.00846	0.00973	0.00871	0.01099	0.00885	0.00673	0.06474	0.26896	0.06339	0.37619	0.03175	0.08860	0.00955	0.00602	0.00176	0.00350	0.00818	0.00578	0.00677
10	0.00773	0.00570	0.00691	0.00728	0.00854	0.00534	0.00562	0.00982	0.02741	0.01659	0.17652	0.15039	0.24845	0.06287	0.00793	0.00221	0.00351	0.18973	0.05264	0.00481
11	0.36498	0.00927	0.00977	0.05805	0.01273	0.00979	0.00692	0.04182	0.03217	0.15901	0.07718	0.03720	0.02741	0.00755	0.00590	0.06843	0.00439	0.00493	0.00427	0.05821
12	0.07028	0.00797	0.00976	0.00875	0.01125	0.00759	0.00676	0.04970	0.06093	0.24606	0.05460	0.25161	0.02227	0.04322	0.00676	0.00198	0.00413	0.05799	0.00532	0.07307
13	0.00878	0.00573	0.00758	0.00704	0.00841	0.00528	0.00528	0.01101	0.01491	0.06418	0.68030	0.03792	0.04661	0.01139	0.00732	0.05512	0.00283	0.00928	0.00581	0.00520
14	0.66061	0.01089	0.00938	0.00811	0.01158	0.01232	0.00670	0.10862	0.01184	0.07333	0.00995	0.01196	0.00775	0.00572	0.00392	0.00171	0.00450	0.03070	0.00391	0.00650
15	0.02995	0.00817	0.00927	0.00855	0.01071	0.00832	0.00648	0.11662	0.14228	0.09121	0.08896	0.24039	0.17833	0.02689	0.00655	0.00195	0.00382	0.00981	0.00536	0.00637
16	0.00773	0.00554	0.00711	0.00730	0.00795	0.00567	0.00509	0.00916	0.02357	0.01383	0.12379	0.16276	0.05553	0.29742	0.20579	0.00482	0.00672	0.04182	0.00406	0.00435
17	0.05489	0.01308	0.01454	0.01127	0.01531	0.01394	0.00922	0.50970	0.02157	0.20936	0.01510	0.01550	0.01074	0.05223	0.00665	0.00186	0.00556	0.00514	0.00555	0.00879
18	0.01285	0.01197	0.01780	0.04501	0.50725	0.06057	0.01340	0.01607	0.04287	0.01698	0.01171	0.01532	0.00993	0.02310	0.07468	0.02990	0.00693	0.00498	0.07117	0.00750
19	0.00713	0.00533	0.00614	0.00638	0.00732	0.00488	0.00438	0.00825	0.01121	0.01444	0.13545	0.19681	0.29916	0.23074	0.01239	0.00286	0.00358	0.03454	0.00471	0.00430
20	0.00871	0.00549	0.00734	0.00732	0.00823	0.00541	0.00533	0.00918	0.01009	0.04459	0.09476	0.07773	0.15536	0.08450	0.16869	0.24760	0.00611	0.04555	0.00387	0.00416

[dist]
# distance from previous block
# <min> <max>
3	101

[block]
# block no. 2 follows, 44 sequences, length 11
# corresponding to MSA columns:
# 304-314
name=unknown_C
#
# <colnr> <probs for GDERKNQSTAVLIFYWHMCP>
#	G	D	E	R	K	N	Q	S	T	A	V	L	I	F	Y	W	H	M	C	P
0	0.01274	0.03905	0.01643	0.12438	0.25626	0.04217	0.01208	0.07845	0.12288	0.01781	0.01276	0.01585	0.01052	0.01303	0.16536	0.00315	0.04131	0.00513	0.00333	0.00731
1	0.01044	0.00815	0.00924	0.00883	0.01075	0.00865	0.00655	0.01781	0.33138	0.03628	0.11581	0.24590	0.04983	0.05467	0.00720	0.00207	0.00373	0.00937	0.02693	0.03641
2	0.01400	0.01329	0.01638	0.14106	0.15414	0.10955	0.04834	0.05798	0.20930	0.03739	0.02903	0.01795	0.01229	0.00685	0.00659	0.00181	0.07098	0.04181	0.00381	0.00745
3	0.00781	0.00553	0.00695	0.00663	0.00797	0.00517	0.00499	0.01020	0.01432	0.02036	0.57235	0.03908	0.13090	0.01263	0.04909	0.00207	0.00325	0.00937	0.08626	0.00506
4	0.00986	0.00886	0.01259	0.01138	0.01184	0.01165	0.00920	0.01139	0.00876	0.01315	0.03780	0.01782	0.01193	0.04918	0.34989	0.00521	0.40583	0.00552	0.00277	0.00537
5	0.06266	0.02466	0.01511	0.01362	0.01653	0.70832	0.01029	0.05831	0.01564	0.01497	0.00862	0.00994	0.00708	0.00564	0.00486	0.00143	0.00935	0.00355	0.00297	0.00645
6	0.03138	0.01247	0.08541	0.19415	0.22565	0.04076	0.05171	0.01583	0.01239	0.08455	0.05710	0.02060	0.06983	0.00689	0.00602	0.00177	0.03102	0.04193	0.00345	0.00708
7	0.01248	0.17050	0.28370	0.01577	0.09257	0.04575	0.03774	0.01590	0.01079	0.01509	0.00884	0.01161	0.00740	0.00725	0.03099	0.00198	0.21785	0.00420	0.00242	0.00717
8	0.00970	0.00779	0.01070	0.11592	0.11762	0.00784	0.00823	0.01325	0.07979	0.05020	0.25119	0.06202	0.22446	0.00993	0.00606	0.00178	0.00405	0.00863	0.00478	0.00606
9	0.00675	0.00500	0.00621	0.00712	0.00778	0.00458	0.00488	0.00779	0.01079	0.01397	0.03478	0.56870	0.19685	0.06366	0.00811	0.00233	0.00326	0.03807	0.00495	0.00442
10	0.01028	0.03135	0.13191	0.01012	0.01270	0.03168	0.02371	0.07163	0.03830	0.01726	0.07941	0.16445	0.08995	0.04043	0.09182	0.00272	0.06145	0.03089	0.05399	0.00596

[dist]
# distance from previous block
# <min> <max>
4	8

[block]
# block no. 3 follows, 44 sequences, length 29
# corresponding to MSA columns:
# 324-348,363-366
name=unknown_D
#
# <colnr> <probs for GDERKNQSTAVLIFYWHMCP>
#	G	D	E	R	K	N	Q	S	T	A	V	L	I	F	Y	W	H	M	C	P
0	0.00974	0.00909	0.01471	0.64331	0.05260	0.01089	0.01336	0.01299	0.01120	0.01417	0.01727	0.02081	0.13442	0.00682	0.00561	0.00182	0.00650	0.00595	0.00287	0.00588
1	0.03741	0.01183	0.10027	0.03768	0.06219	0.02584	0.02347	0.02709	0.01169	0.02699	0.01124	0.01326	0.00897	0.00495	0.00465	0.00120	0.02187	0.00396	0.15129	0.41415
2	0.01322	0.01257	0.09347	0.07271	0.17247	0.04916	0.02923	0.06997	0.02377	0.08899	0.02581	0.14557	0.01415	0.00736	0.00541	0.00162	0.00559	0.00643	0.03367	0.12883
3	0.20040	0.14201	0.02785	0.01373	0.11262	0.12627	0.01012	0.16484	0.05431	0.04453	0.01036	0.01152	0.00814	0.00575	0.00522	0.00159	0.04568	0.00402	0.00361	0.00744
4	0.01081	0.01000	0.01404	0.07551	0.02908	0.05055	0.14541	0.01590	0.16459	0.01787	0.20522	0.02724	0.05762	0.14092	0.00962	0.00235	0.00544	0.00740	0.00430	0.00612
5	0.01430	0.01128	0.01278	0.00939	0.01408	0.01004	0.00761	0.22621	0.01550	0.04004	0.01093	0.01198	0.00854	0.00482	0.00448	0.00106	0.00461	0.00376	0.00395	0.58465
6	0.00729	0.00560	0.00803	0.13846	0.01284	0.00573	0.00674	0.00874	0.01069	0.01420	0.05317	0.64620	0.03182	0.01494	0.00669	0.00213	0.00382	0.01353	0.00466	0.00472
7	0.00666	0.00546	0.00588	0.00593	0.00754	0.00467	0.00439	0.00819	0.01272	0.01578	0.16602	0.12036	0.59012	0.01369	0.00649	0.00186	0.00277	0.01162	0.00521	0.00467
8	0.01475	0.01230	0.01300	0.01134	0.01463	0.01412	0.00892	0.14982	0.64176	0.02473	0.02068	0.01914	0.01542	0.00725	0.00553	0.00181	0.00459	0.00596	0.00553	0.00874
9	0.00852	0.00938	0.13579	0.00849	0.01091	0.00651	0.00777	0.01148	0.01377	0.03785	0.47849	0.08621	0.08068	0.01284	0.06489	0.00229	0.00449	0.00896	0.00506	0.00563
10	0.01688	0.01198	0.01309	0.01066	0.01397	0.01292	0.00855	0.50682	0.02093	0.05533	0.01925	0.14790	0.06357	0.00876	0.00566	0.00172	0.00503	0.00713	0.06196	0.00788
11	0.01828	0.02264	0.01434	0.01317	0.01567	0.65695	0.00992	0.01977	0.01434	0.01323	0.00945	0.01176	0.00812	0.01148	0.13485	0.00263	0.01062	0.00390	0.00283	0.00608
12	0.01124	0.01092	0.01538	0.01339	0.01355	0.01506	0.01108	0.01256	0.00842	0.01304	0.00839	0.01350	0.00823	0.01475	0.14567	0.00345	0.66817	0.00495	0.00247	0.00578
13	0.01177	0.05029	0.01870	0.17958	0.02139	0.01349	0.16184	0.01576	0.08631	0.03178	0.03194	0.01569	0.01040	0.01061	0.09405	0.00270	0.22871	0.00544	0.00303	0.00651
14	0.01703	0.01238	0.01315	0.01044	0.01400	0.01338	0.00851	0.53890	0.02166	0.02934	0.02068	0.02054	0.13664	0.00773	0.00541	0.00162	0.00503	0.00603	0.10956	0.00797
15	0.01000	0.00511	0.00522	0.00520	0.00647	0.00509	0.00390	0.01255	0.01169	0.02042	0.06657	0.02165	0.01640	0.00666	0.00398	0.00130	0.00254	0.00539	0.78478	0.00509
16	0.02949	0.00551	0.00677	0.00740	0.00814	0.00533	0.00532	0.00889	0.01068	0.01432	0.06783	0.28359	0.11431	0.23230	0.01260	0.00304	0.00410	0.17147	0.00458	0.00435
17	0.01560	0.67934	0.02654	0.00986	0.01448	0.02080	0.00950	0.13928	0.01350	0.01640	0.00849	0.00947	0.00737	0.00498	0.00382	0.00124	0.00586	0.00325	0.00285	0.00737
18	0.01377	0.62235	0.07948	0.00956	0.01450	0.01856	0.00963	0.01596	0.01115	0.01396	0.00809	0.00937	0.00717	0.00460	0.00371	0.00115	0.00569	0.00305	0.00248	0.14579
19	0.01194	0.01274	0.13914	0.00940	0.01475	0.00820	0.00882	0.01500	0.01157	0.05798	0.01033	0.01172	0.00817	0.00437	0.00430	0.00101	0.00474	0.00348	0.00326	0.65908
20	0.27263	0.00884	0.00992	0.00921	0.01087	0.01052	0.00731	0.02947	0.04706	0.01832	0.06370	0.13237	0.03440	0.01456	0.13746	0.00310	0.16360	0.01729	0.00374	0.00564
21	0.00703	0.00541	0.00649	0.00722	0.00821	0.00502	0.00513	0.00890	0.04813	0.01473	0.03771	0.48649	0.27200	0.01545	0.00675	0.00209	0.00318	0.05024	0.00508	0.00472
22	0.01130	0.00876	0.00894	0.00861	0.00916	0.13544	0.00609	0.01027	0.00898	0.01117	0.01080	0.05447	0.01073	0.03602	0.01690	0.53999	0.05677	0.00516	0.04691	0.00353
23	0.41006	0.01819	0.01795	0.01598	0.02012	0.01755	0.01173	0.12861	0.05777	0.17263	0.02252	0.02678	0.01863	0.01273	0.00894	0.00360	0.00821	0.00750	0.00793	0.01259
24	0.01036	0.00760	0.00876	0.00819	0.00996	0.02977	0.00640	0.04554	0.07172	0.06832	0.27955	0.07891	0.16848	0.01102	0.00676	0.00184	0.04371	0.07908	0.05824	0.00578
25	0.00681	0.00485	0.00638	0.00743	0.00780	0.00454	0.00495	0.00783	0.01067	0.01433	0.08824	0.69423	0.03623	0.06782	0.00826	0.00237	0.00325	0.01456	0.00502	0.00441
26	0.05452	0.07443	0.03139	0.09913	0.41186	0.02525	0.01315	0.01582	0.01180	0.01728	0.00970	0.01242	0.00806	0.00475	0.00484	0.00143	0.00594	0.00422	0.00279	0.19124
27	0.00791	0.00521	0.00714	0.00807	0.03007	0.00494	0.00534	0.00805	0.00978	0.01300	0.04438	0.40270	0.07941	0.04483	0.01188	0.25407	0.00384	0.03779	0.00412	0.01747
28	0.03761	0.05019	0.01831	0.43756	0.24181	0.01290	0.02895	0.05427	0.01212	0.01663	0.01012	0.01388	0.00792	0.00530	0.00525	0.00170	0.00671	0.00474	0.02702	0.00699

[dist]
# distance from previous block
# <min> <max>
1	4

[block]
# block no. 4 follows, 44 sequences, length 36
# corresponding to MSA columns:
# 371-392,400-413
name=unknown_E
#
# <colnr> <probs for GDERKNQSTAVLIFYWHMCP>
#	G	D	E	R	K	N	Q	S	T	A	V	L	I	F	Y	W	H	M	C	P
0	0.00949	0.00663	0.00871	0.05709	0.05534	0.00695	0.00647	0.02261	0.08592	0.01507	0.03127	0.16827	0.03561	0.13370	0.04488	0.15531	0.00481	0.02822	0.11879	0.00487
1	0.01871	0.02169	0.01582	0.08335	0.06115	0.53790	0.01115	0.10610	0.06276	0.01666	0.01004	0.01148	0.00799	0.00578	0.00509	0.00151	0.00863	0.00403	0.00325	0.00691
2	0.05696	0.00999	0.01183	0.17187	0.03190	0.06336	0.02580	0.05455	0.09097	0.01721	0.06104	0.12367	0.03870	0.09720	0.02218	0.00221	0.00551	0.00690	0.00385	0.10434
3	0.01321	0.09779	0.11989	0.18142	0.24078	0.09406	0.03605	0.04368	0.01231	0.01609	0.00993	0.01336	0.00819	0.03226	0.01853	0.00185	0.03176	0.00454	0.00269	0.02160
4	0.01117	0.00991	0.01579	0.11190	0.31636	0.01027	0.04150	0.05535	0.02643	0.01740	0.06577	0.14574	0.04117	0.01121	0.07647	0.00243	0.00641	0.02425	0.00362	0.00686
5	0.00872	0.00670	0.00837	0.00868	0.01027	0.00657	0.00708	0.01183	0.07410	0.01646	0.07508	0.09060	0.16815	0.05797	0.00816	0.00232	0.01728	0.36050	0.00488	0.05630
6	0.01091	0.01002	0.01635	0.74899	0.03633	0.01240	0.01486	0.05784	0.01177	0.01514	0.00989	0.01445	0.00739	0.00552	0.00545	0.00181	0.00719	0.00485	0.00260	0.00625
7	0.01036	0.00500	0.00743	0.00726	0.00751	0.00493	0.00493	0.00825	0.00761	0.05495	0.01018	0.01669	0.00971	0.01822	0.02037	0.79170	0.00473	0.00478	0.00263	0.00278
8	0.01570	0.07812	0.01440	0.01087	0.01434	0.01445	0.00883	0.28840	0.34868	0.02595	0.05851	0.01788	0.01493	0.00701	0.00529	0.00167	0.00484	0.00558	0.05622	0.00832
9	0.00884	0.00661	0.00816	0.00786	0.00978	0.00581	0.00583	0.01107	0.04339	0.04046	0.08593	0.38146	0.08930	0.01232	0.00610	0.00179	0.00352	0.06035	0.00477	0.20667
10	0.17018	0.00933	0.01116	0.00906	0.01266	0.00901	0.00736	0.02302	0.09124	0.47666	0.10604	0.01956	0.01685	0.00702	0.00522	0.00171	0.00429	0.00560	0.00593	0.00812
11	0.02446	0.00928	0.01265	0.00970	0.01392	0.00801	0.00801	0.02657	0.01560	0.77817	0.02151	0.01856	0.01350	0.00675	0.00548	0.00169	0.00464	0.00548	0.00675	0.00928
12	0.01550	0.05722	0.04907	0.01507	0.05919	0.03755	0.08333	0.11687	0.01291	0.13003	0.01080	0.01317	0.00855	0.00742	0.01088	0.00196	0.35472	0.00489	0.00351	0.00734
13	0.01455	0.74576	0.06939	0.00981	0.01460	0.04344	0.00996	0.01654	0.01123	0.01308	0.00772	0.00893	0.00699	0.00472	0.00363	0.00120	0.00607	0.00299	0.00234	0.00703
14	0.00662	0.00553	0.00577	0.00571	0.00747	0.00468	0.00428	0.00817	0.01285	0.01574	0.15665	0.05080	0.67013	0.01343	0.00644	0.00182	0.00273	0.01127	0.00520	0.00468
15	0.00989	0.00514	0.00533	0.00528	0.00655	0.00509	0.00396	0.01243	0.01188	0.02050	0.10187	0.02260	0.01815	0.00689	0.00410	0.00132	0.00254	0.00561	0.74577	0.00509
16	0.00806	0.00529	0.00597	0.00597	0.00607	0.00531	0.00343	0.00827	0.00817	0.01122	0.01714	0.03435	0.01929	0.73843	0.04698	0.00513	0.00537	0.00770	0.05437	0.00345
17	0.01429	0.01253	0.01271	0.01131	0.01446	0.04643	0.00882	0.07314	0.68771	0.02311	0.02105	0.01945	0.01578	0.00727	0.00551	0.00182	0.00465	0.00597	0.00543	0.00857
18	0.01603	0.01763	0.01737	0.15587	0.21850	0.33895	0.03619	0.05871	0.01411	0.01628	0.00998	0.01252	0.00803	0.00545	0.00515	0.00155	0.00788	0.00435	0.04845	0.00701
19	0.01305	0.04169	0.23980	0.03885	0.15791	0.03445	0.01332	0.08534	0.07214	0.05975	0.07469	0.01671	0.01306	0.02415	0.07010	0.00231	0.00700	0.00516	0.00357	0.02696
20	0.00843	0.00570	0.00775	0.00779	0.00881	0.00524	0.01757	0.00898	0.00998	0.02853	0.03927	0.39159	0.04123	0.05725	0.03646	0.18645	0.00425	0.03158	0.00412	0.09903
21	0.01090	0.01042	0.01460	0.01284	0.01299	0.01420	0.01050	0.01214	0.00850	0.01300	0.00985	0.05767	0.01015	0.04633	0.12441	0.00338	0.61424	0.00563	0.00264	0.00562
22	0.02080	0.01479	0.01553	0.01213	0.01631	0.05875	0.00993	0.56549	0.06880	0.13942	0.01459	0.01414	0.01020	0.00657	0.00543	0.00164	0.00592	0.00499	0.00550	0.00907
23	0.01044	0.00891	0.01294	0.09651	0.07813	0.03032	0.07145	0.03744	0.06743	0.02929	0.01747	0.10367	0.04541	0.08387	0.23697	0.00417	0.02569	0.01957	0.01441	0.00591
24	0.00793	0.00529	0.00595	0.00595	0.00595	0.00529	0.00330	0.00793	0.00793	0.01057	0.01718	0.03568	0.01982	0.80840	0.02775	0.00529	0.00529	0.00793	0.00330	0.00330
25	0.07701	0.00572	0.00612	0.00605	0.00632	0.00586	0.00352	0.00859	0.00804	0.01171	0.01639	0.03347	0.01867	0.74226	0.02574	0.00499	0.00520	0.00752	0.00331	0.00352
26	0.06495	0.01188	0.01265	0.01072	0.01401	0.07483	0.00883	0.27061	0.01775	0.21451	0.01833	0.04189	0.01530	0.00842	0.00569	0.00181	0.00547	0.15591	0.03875	0.00769
27	0.00753	0.00576	0.00829	0.13889	0.01306	0.00603	0.00698	0.00903	0.01037	0.01377	0.02475	0.53126	0.02846	0.06109	0.06469	0.00281	0.00490	0.05325	0.00436	0.00470
28	0.77888	0.01093	0.00870	0.00761	0.01107	0.01262	0.00627	0.07697	0.01062	0.02528	0.00804	0.00920	0.00618	0.00518	0.00355	0.00168	0.00436	0.00311	0.00355	0.00618
29	0.01296	0.01261	0.02209	0.14674	0.60275	0.01290	0.07708	0.01637	0.01222	0.01720	0.01023	0.01375	0.00840	0.00492	0.00549	0.00167	0.00682	0.00499	0.00266	0.00814
30	0.01155	0.00741	0.00716	0.00674	0.00851	0.05397	0.00513	0.01540	0.09832	0.06154	0.08209	0.02308	0.05959	0.00726	0.00453	0.00144	0.00332	0.00589	0.53129	0.00577
31	0.00703	0.00554	0.00628	0.00610	0.00765	0.00485	0.00454	0.00886	0.01355	0.01759	0.35520	0.04699	0.44513	0.03803	0.00712	0.00190	0.00276	0.01070	0.00540	0.00479
32	0.01130	0.00969	0.01130	0.00807	0.01292	0.00727	0.00646	0.01373	0.01130	0.01776	0.00969	0.01130	0.00807	0.00404	0.00404	0.00081	0.00404	0.00323	0.00323	0.84173
33	0.00762	0.00560	0.00716	0.00691	0.00817	0.00519	0.00513	0.01018	0.02817	0.02058	0.63346	0.11651	0.10116	0.01185	0.00647	0.00178	0.00268	0.01047	0.00583	0.00510
34	0.05559	0.00774	0.07026	0.03836	0.01005	0.00627	0.00619	0.01125	0.01270	0.01888	0.23726	0.03359	0.23961	0.00961	0.00545	0.00164	0.00335	0.00803	0.21888	0.00529
35	0.05979	0.00974	0.01586	0.74867	0.03595	0.01212	0.01459	0.01405	0.01081	0.01455	0.00957	0.01420	0.00719	0.00543	0.00533	0.00181	0.00709	0.00473	0.00248	0.00605

[dist]
# distance from previous block
# <min> <max>
5	36

[block]
# block no. 5 follows, 44 sequences, length 23
# corresponding to MSA columns:
# 467-489
name=unknown_F
#
# <colnr> <probs for GDERKNQSTAVLIFYWHMCP>
#	G	D	E	R	K	N	Q	S	T	A	V	L	I	F	Y	W	H	M	C	P
0	0.01279	0.14486	0.14482	0.19931	0.25343	0.03499	0.02991	0.01661	0.03107	0.02983	0.01006	0.01273	0.00799	0.00509	0.00502	0.00158	0.00676	0.00437	0.00269	0.04611
1	0.34228	0.00989	0.01071	0.00874	0.01245	0.01005	0.00717	0.05032	0.03171	0.36108	0.01490	0.01448	0.01024	0.00797	0.04995	0.00206	0.00508	0.00442	0.00499	0.04152
2	0.00806	0.00598	0.00777	0.00845	0.00985	0.00569	0.00709	0.01031	0.01300	0.01686	0.15760	0.05594	0.20934	0.01412	0.00709	0.00222	0.00408	0.44642	0.00519	0.00494
3	0.01560	0.67301	0.02625	0.01016	0.01450	0.15658	0.00954	0.01729	0.01185	0.01292	0.00773	0.00894	0.00700	0.00483	0.00375	0.00121	0.00654	0.00302	0.00242	0.00688
4	0.00779	0.00535	0.00656	0.00672	0.00696	0.00549	0.00425	0.00830	0.00846	0.01144	0.01838	0.11377	0.02073	0.57029	0.15821	0.00550	0.00669	0.02790	0.00346	0.00374
5	0.01089	0.00574	0.00643	0.00621	0.00789	0.00539	0.00479	0.01307	0.01222	0.11143	0.04256	0.07585	0.15429	0.00902	0.00496	0.00157	0.00303	0.05140	0.46780	0.00547
6	0.00674	0.00522	0.00614	0.00657	0.00771	0.00462	0.00468	0.00814	0.01214	0.01560	0.16514	0.35081	0.35765	0.01467	0.00665	0.00197	0.00289	0.01282	0.00522	0.00462
7	0.01198	0.14948	0.49450	0.01681	0.06645	0.01428	0.13836	0.01712	0.01172	0.01662	0.00966	0.01171	0.00724	0.00498	0.00513	0.00165	0.00780	0.00429	0.00240	0.00781
8	0.01169	0.01167	0.03634	0.20498	0.39721	0.01171	0.10013	0.01496	0.01194	0.01638	0.01434	0.07707	0.05467	0.00643	0.00571	0.00175	0.00654	0.00622	0.00295	0.00732
9	0.00778	0.00508	0.00668	0.00763	0.00828	0.00471	0.00527	0.00891	0.01090	0.05564	0.03020	0.68288	0.06392	0.01599	0.00678	0.00215	0.00327	0.03881	0.03038	0.00474
10	0.05342	0.05134	0.01592	0.03716	0.14165	0.42808	0.01078	0.02050	0.01422	0.12186	0.01096	0.01219	0.00848	0.00562	0.00492	0.00149	0.00774	0.00407	0.04255	0.00706
11	0.04543	0.03908	0.04541	0.11270	0.18648	0.07774	0.07531	0.02664	0.01194	0.04764	0.01421	0.15832	0.01349	0.00776	0.00643	0.00178	0.06529	0.00668	0.05096	0.00669
12	0.81256	0.01118	0.00832	0.00746	0.01081	0.04441	0.00610	0.01626	0.00953	0.02400	0.00763	0.00890	0.00595	0.00508	0.00344	0.00168	0.00445	0.00298	0.00335	0.00592
13	0.03246	0.25541	0.21628	0.05122	0.04610	0.01505	0.04322	0.05048	0.01204	0.09703	0.01059	0.01241	0.00827	0.00767	0.05119	0.00202	0.07393	0.00420	0.00303	0.00741
14	0.00947	0.00473	0.00710	0.00710	0.00710	0.00473	0.00473	0.00710	0.00710	0.00947	0.00947	0.01657	0.00947	0.01894	0.02131	0.84138	0.00473	0.00473	0.00237	0.00237
15	0.00745	0.00552	0.00695	0.00669	0.00801	0.00502	0.00498	0.00974	0.01467	0.02027	0.61486	0.08694	0.16488	0.01191	0.00646	0.00176	0.00264	0.01045	0.00580	0.00502
16	0.01193	0.01193	0.01670	0.01431	0.01431	0.01670	0.01193	0.01312	0.00835	0.01312	0.00716	0.01193	0.00716	0.00954	0.01789	0.00239	0.79843	0.00477	0.00239	0.00596
17	0.00703	0.00557	0.00630	0.00621	0.00778	0.00489	0.00469	0.00885	0.01336	0.01718	0.30223	0.04838	0.46743	0.03326	0.00703	0.00192	0.00287	0.04491	0.00534	0.00478
18	0.00792	0.00533	0.00616	0.00616	0.00624	0.00540	0.00357	0.00807	0.00799	0.01073	0.01698	0.03458	0.01934	0.74927	0.08623	0.00555	0.00600	0.00777	0.00327	0.00342
19	0.01130	0.00969	0.01130	0.00807	0.01292	0.00727	0.00646	0.01373	0.01130	0.01776	0.00969	0.01130	0.00807	0.00404	0.00404	0.00081	0.00404	0.00323	0.00323	0.84173
20	0.01093	0.02820	0.78016	0.01554	0.02360	0.01266	0.02014	0.01727	0.01151	0.01727	0.00978	0.01151	0.00691	0.00518	0.00518	0.00173	0.00806	0.00403	0.00230	0.00806
21	0.84691	0.01054	0.00801	0.00717	0.01054	0.01223	0.00590	0.01603	0.00928	0.02446	0.00759	0.00886	0.00590	0.00506	0.00337	0.00169	0.00422	0.00295	0.00337	0.00590
22	0.03265	0.01192	0.01999	0.24041	0.53683	0.01259	0.01583	0.01618	0.01200	0.03505	0.01031	0.01379	0.00831	0.00507	0.00537	0.00168	0.00660	0.00482	0.00274	0.00788

[dist]
# distance from previous block
# <min> <max>
1	13

[block]
# block no. 6 follows, 44 sequences, length 9
# corresponding to MSA columns:
# 582-590
name=unknown_G
#
# <colnr> <probs for GDERKNQSTAVLIFYWHMCP>
#	G	D	E	R	K	N	Q	S	T	A	V	L	I	F	Y	W	H	M	C	P
0	0.84691	0.01054	0.00801	0.00717	0.01054	0.01223	0.00590	0.01603	0.00928	0.02446	0.00759	0.00886	0.00590	0.00506	0.00337	0.00169	0.00422	0.00295	0.00337	0.00590
1	0.00725	0.00555	0.00665	0.00637	0.00786	0.00495	0.00478	0.00939	0.01434	0.01927	0.51111	0.04499	0.31347	0.01211	0.00643	0.00176	0.00264	0.01046	0.00566	0.00495
2	0.84691	0.01054	0.00801	0.00717	0.01054	0.01223	0.00590	0.01603	0.00928	0.02446	0.00759	0.00886	0.00590	0.00506	0.00337	0.00169	0.00422	0.00295	0.00337	0.00590
3	0.01030	0.00969	0.01635	0.79530	0.03755	0.01211	0.01514	0.01393	0.01090	0.01393	0.00969	0.01453	0.00727	0.00545	0.00545	0.00182	0.00727	0.00484	0.00242	0.00606
4	0.00688	0.00506	0.00651	0.00758	0.00825	0.00469	0.00539	0.00809	0.01101	0.01434	0.03377	0.59583	0.14855	0.01632	0.00695	0.00219	0.00333	0.10566	0.00506	0.00453
5	0.00661	0.00540	0.00584	0.00601	0.00754	0.00463	0.00440	0.00804	0.01239	0.01532	0.12391	0.17928	0.57353	0.01409	0.00653	0.00189	0.00281	0.01202	0.00516	0.00463
6	0.01565	0.00952	0.03100	0.01088	0.05212	0.03793	0.00828	0.06146	0.04775	0.28835	0.01898	0.06725	0.01601	0.08631	0.16129	0.00349	0.00705	0.06477	0.00485	0.00706
7	0.01145	0.13912	0.67376	0.01466	0.02224	0.01392	0.01861	0.01713	0.01145	0.01664	0.00947	0.01112	0.00692	0.00511	0.00494	0.00165	0.00774	0.00387	0.00231	0.00791
8	0.01548	0.00969	0.01055	0.00880	0.01154	0.01025	0.00701	0.32677	0.01767	0.08680	0.01709	0.08036	0.01373	0.00733	0.00489	0.00153	0.00422	0.00588	0.35327	0.00713

[dist]
# distance from previous block
# <min> <max>
1	4

[block]
# block no. 7 follows, 44 sequences, length 11
# corresponding to MSA columns:
# 596-606
name=unknown_H
#
# <colnr> <probs for GDERKNQSTAVLIFYWHMCP>
#	G	D	E	R	K	N	Q	S	T	A	V	L	I	F	Y	W	H	M	C	P
0	0.01023	0.04474	0.01284	0.12858	0.05747	0.02960	0.06630	0.01264	0.01282	0.05842	0.23482	0.17283	0.07941	0.01010	0.00640	0.00184	0.02326	0.02739	0.00447	0.00583
1	0.01246	0.03237	0.02998	0.01019	0.01255	0.11892	0.02853	0.04003	0.17626	0.04233	0.17835	0.06066	0.05551	0.00897	0.00631	0.00177	0.04407	0.06046	0.07382	0.00647
2	0.01130	0.00969	0.01130	0.00807	0.01292	0.00727	0.00646	0.01373	0.01130	0.01776	0.00969	0.01130	0.00807	0.00404	0.00404	0.00081	0.00404	0.00323	0.00323	0.84173
3	0.00691	0.00562	0.00615	0.00632	0.00784	0.00499	0.00462	0.00890	0.04396	0.01557	0.11627	0.20946	0.51616	0.01398	0.00651	0.00191	0.00289	0.01197	0.00517	0.00479
4	0.00705	0.00555	0.00636	0.00616	0.00774	0.00486	0.00462	0.00900	0.01386	0.01813	0.39653	0.04687	0.42876	0.01254	0.00644	0.00178	0.00267	0.01072	0.00551	0.00486
5	0.00678	0.00519	0.00622	0.00670	0.00776	0.00463	0.00474	0.00820	0.01213	0.01576	0.18340	0.38401	0.30535	0.01474	0.00667	0.00198	0.00290	0.01296	0.00524	0.00463
6	0.01130	0.00969	0.01130	0.00807	0.01292	0.00727	0.00646	0.01373	0.01130	0.01776	0.00969	0.01130	0.00807	0.00404	0.00404	0.00081	0.00404	0.00323	0.00323	0.84173
7	0.00732	0.00544	0.00653	0.00700	0.00798	0.00505	0.00510	0.00864	0.01138	0.01464	0.10045	0.21571	0.26364	0.17193	0.01097	0.00272	0.00374	0.14255	0.00479	0.00443
8	0.00910	0.00500	0.00729	0.00726	0.00759	0.00515	0.00507	0.00810	0.00818	0.01147	0.05984	0.01920	0.01317	0.02157	0.15434	0.59123	0.00621	0.00528	0.05180	0.00315
9	0.01193	0.01193	0.01670	0.01431	0.01431	0.01670	0.01193	0.01312	0.00835	0.01312	0.00716	0.01193	0.00716	0.00954	0.01789	0.00239	0.79843	0.00477	0.00239	0.00596
10	0.00784	0.00807	0.09854	0.00791	0.00986	0.00589	0.00685	0.01030	0.01284	0.01787	0.31402	0.20441	0.14994	0.01313	0.03615	0.00211	0.00391	0.03238	0.05273	0.00523

[dist]
# distance from previous block
# <min> <max>
1	4

[block]
# block no. 8 follows, 44 sequences, length 10
# corresponding to MSA columns:
# 615-624
name=unknown_I
#
# <colnr> <probs for GDERKNQSTAVLIFYWHMCP>
#	G	D	E	R	K	N	Q	S	T	A	V	L	I	F	Y	W	H	M	C	P
0	0.00937	0.00679	0.00912	0.01007	0.01148	0.00691	0.00867	0.04291	0.04198	0.01721	0.02800	0.09211	0.03010	0.01450	0.00734	0.00243	0.00495	0.64566	0.00506	0.00531
1	0.01600	0.55770	0.06325	0.01074	0.01526	0.13475	0.01018	0.10725	0.01352	0.01575	0.00849	0.00958	0.00727	0.00506	0.00403	0.00129	0.00656	0.00330	0.00278	0.00723
2	0.01446	0.51806	0.08211	0.03085	0.04049	0.05291	0.05262	0.04628	0.08696	0.01545	0.00978	0.01095	0.00817	0.00511	0.00424	0.00137	0.00628	0.00373	0.00283	0.00735
3	0.00784	0.00590	0.00731	0.00719	0.00849	0.00562	0.00530	0.01099	0.07380	0.01965	0.49263	0.18585	0.12430	0.01227	0.00646	0.00183	0.00284	0.01082	0.00568	0.00523
4	0.00710	0.00528	0.00728	0.08511	0.01067	0.00525	0.00591	0.00824	0.01028	0.01365	0.02702	0.66570	0.03193	0.07894	0.00847	0.00242	0.00374	0.01385	0.00466	0.00450
5	0.01130	0.00969	0.01130	0.00807	0.01292	0.00727	0.00646	0.01373	0.01130	0.01776	0.00969	0.01130	0.00807	0.00404	0.00404	0.00081	0.00404	0.00323	0.00323	0.84173
6	0.02037	0.02598	0.01545	0.01404	0.01685	0.78652	0.01053	0.02177	0.01545	0.01334	0.00843	0.00983	0.00702	0.00562	0.00492	0.00140	0.00983	0.00351	0.00281	0.00632
7	0.01251	0.07605	0.21915	0.01666	0.18089	0.01187	0.05002	0.04937	0.06943	0.06220	0.10586	0.01910	0.05394	0.00808	0.03958	0.00198	0.00638	0.00570	0.00367	0.00756
8	0.01270	0.01626	0.21307	0.07563	0.10044	0.07216	0.01236	0.03903	0.02936	0.03831	0.01051	0.01244	0.00820	0.00580	0.02418	0.00153	0.00641	0.00401	0.00304	0.31457
9	0.09368	0.00977	0.01098	0.00799	0.01269	0.00776	0.00641	0.01395	0.01111	0.01842	0.00948	0.01106	0.00786	0.00414	0.00397	0.00089	0.00406	0.00320	0.00324	0.75934

[dist]
# distance from previous block
# <min> <max>
0	1

[block]
# block no. 9 follows, 44 sequences, length 28
# corresponding to MSA columns:
# 626-645,647-654
name=unknown_J
#
# <colnr> <probs for GDERKNQSTAVLIFYWHMCP>
#	G	D	E	R	K	N	Q	S	T	A	V	L	I	F	Y	W	H	M	C	P
0	0.00822	0.00635	0.00921	0.00907	0.01012	0.00749	0.00708	0.01082	0.04672	0.01318	0.01473	0.02104	0.01356	0.03813	0.72109	0.00819	0.04105	0.00582	0.00303	0.00509
1	0.00805	0.00660	0.00910	0.19273	0.01511	0.00698	0.00756	0.01015	0.01143	0.01481	0.12080	0.03633	0.25142	0.09517	0.12890	0.00329	0.00606	0.06651	0.00405	0.00496
2	0.00897	0.00721	0.00848	0.00733	0.00987	0.00589	0.00534	0.01051	0.01070	0.01529	0.02166	0.23390	0.10733	0.12914	0.00866	0.00198	0.00384	0.00822	0.00395	0.39175
3	0.01160	0.01226	0.04555	0.41108	0.13145	0.04254	0.12796	0.01500	0.01132	0.01500	0.01023	0.03622	0.00839	0.00600	0.00694	0.00185	0.09208	0.00530	0.00259	0.00663
4	0.00983	0.00669	0.00843	0.06404	0.01099	0.00677	0.00623	0.01262	0.09601	0.07396	0.11785	0.10707	0.13343	0.16876	0.02420	0.07415	0.00444	0.06481	0.00456	0.00516
5	0.60849	0.01083	0.00973	0.09342	0.04868	0.04757	0.00739	0.01541	0.00977	0.02132	0.00880	0.01201	0.00742	0.07359	0.00584	0.00199	0.00500	0.00369	0.00321	0.00584
6	0.01385	0.01449	0.02331	0.06698	0.46929	0.09216	0.18484	0.01718	0.01265	0.01696	0.01014	0.01341	0.00828	0.00503	0.00591	0.00168	0.02817	0.00508	0.00270	0.00791
7	0.01268	0.01240	0.01958	0.15940	0.42479	0.04303	0.05714	0.01636	0.05031	0.01687	0.04045	0.03065	0.01080	0.00600	0.00661	0.00175	0.07528	0.00536	0.00295	0.00757
8	0.00717	0.00540	0.00664	0.00666	0.00789	0.00486	0.00487	0.00911	0.01366	0.01843	0.43847	0.19506	0.23581	0.01301	0.00654	0.00185	0.00274	0.01140	0.00557	0.00486
9	0.01336	0.01138	0.01213	0.01094	0.01389	0.01311	0.00850	0.05405	0.68274	0.02254	0.02186	0.04844	0.01696	0.00894	0.03412	0.00211	0.00471	0.00644	0.00543	0.00836
10	0.00727	0.00529	0.00679	0.00717	0.00802	0.00498	0.00511	0.00888	0.01221	0.01659	0.29433	0.32219	0.10893	0.08341	0.04655	0.00260	0.00374	0.04615	0.00514	0.00465
11	0.01266	0.01301	0.01047	0.01061	0.02559	0.28926	0.00756	0.01395	0.01253	0.04195	0.03679	0.40283	0.02286	0.01227	0.02292	0.00200	0.02578	0.00976	0.02175	0.00545
12	0.00748	0.00557	0.00698	0.00678	0.00794	0.00535	0.00496	0.00930	0.01245	0.01696	0.36547	0.03900	0.19706	0.13459	0.15259	0.00356	0.00522	0.00920	0.00483	0.00470
13	0.84691	0.01054	0.00801	0.00717	0.01054	0.01223	0.00590	0.01603	0.00928	0.02446	0.00759	0.00886	0.00590	0.00506	0.00337	0.00169	0.00422	0.00295	0.00337	0.00590
14	0.01404	0.06875	0.17676	0.06186	0.21435	0.15123	0.14545	0.01763	0.01270	0.03843	0.01087	0.04330	0.00896	0.00556	0.00540	0.00165	0.00770	0.00503	0.00282	0.00749
15	0.01150	0.00948	0.01122	0.00816	0.01279	0.00727	0.00652	0.01389	0.01130	0.03902	0.01027	0.01202	0.00851	0.00597	0.04341	0.00123	0.00459	0.00342	0.00331	0.77613
16	0.00699	0.00538	0.00597	0.00627	0.00738	0.00485	0.00440	0.00804	0.01102	0.01370	0.04015	0.17614	0.41927	0.20436	0.01169	0.00277	0.00358	0.05911	0.00464	0.00429
17	0.01560	0.44786	0.07752	0.01110	0.01570	0.08670	0.02609	0.13915	0.07143	0.01776	0.00998	0.01086	0.00817	0.00528	0.00430	0.00136	0.00626	0.00371	0.00317	0.03799
18	0.00830	0.00559	0.00693	0.00702	0.00788	0.00526	0.00479	0.00971	0.02301	0.04827	0.20575	0.27780	0.06706	0.25164	0.01289	0.00294	0.00377	0.02306	0.00480	0.02352
19	0.07213	0.05457	0.07777	0.06419	0.13432	0.06290	0.01151	0.22419	0.10542	0.02217	0.01346	0.07781	0.01135	0.00693	0.00576	0.00172	0.03656	0.00551	0.00398	0.00774
20	0.03154	0.22802	0.19775	0.01208	0.01691	0.05108	0.04061	0.05861	0.04857	0.04999	0.01015	0.01160	0.00805	0.00556	0.00588	0.00150	0.08553	0.00395	0.00304	0.12958
21	0.00839	0.05270	0.03541	0.00840	0.00976	0.00712	0.00666	0.01089	0.05305	0.01620	0.17467	0.31845	0.07456	0.05755	0.00814	0.00222	0.03435	0.11152	0.00482	0.00516
22	0.00735	0.00560	0.00745	0.02724	0.03870	0.00527	0.00599	0.00894	0.01186	0.01571	0.15022	0.43250	0.15950	0.01463	0.00675	0.00207	0.00342	0.08691	0.00505	0.00483
23	0.01388	0.12624	0.23864	0.04851	0.11238	0.05509	0.06378	0.01793	0.04190	0.11994	0.03556	0.07742	0.01217	0.00649	0.00529	0.00167	0.00653	0.00552	0.00348	0.00757
24	0.01314	0.09645	0.13697	0.14085	0.14702	0.04955	0.10625	0.05723	0.04598	0.02944	0.01099	0.01456	0.00890	0.00636	0.00681	0.03400	0.06025	0.02507	0.00295	0.00723
25	0.00760	0.00509	0.00669	0.00769	0.00834	0.00476	0.00541	0.00881	0.01094	0.04201	0.03033	0.64517	0.06812	0.01596	0.00681	0.00217	0.00334	0.07890	0.03716	0.00469
26	0.01260	0.01241	0.04808	0.41840	0.27583	0.04084	0.02823	0.05005	0.01242	0.03461	0.01030	0.01394	0.00795	0.00532	0.00542	0.00172	0.00704	0.00481	0.00277	0.00724
27	0.04129	0.09392	0.08890	0.01441	0.11203	0.04649	0.02760	0.18720	0.04411	0.22767	0.01398	0.01418	0.00996	0.00608	0.00558	0.00163	0.03319	0.00474	0.01866	0.00838

[dist]
# distance from previous block
# <min> <max>
0	1

[block]
# block no. 10 follows, 44 sequences, length 14
# corresponding to MSA columns:
# 656-669
name=unknown_K
#
# <colnr> <probs for GDERKNQSTAVLIFYWHMCP>
#	G	D	E	R	K	N	Q	S	T	A	V	L	I	F	Y	W	H	M	C	P
0	0.11548	0.06434	0.01728	0.03989	0.17036	0.39829	0.04831	0.01886	0.01334	0.01583	0.00899	0.01109	0.00747	0.00612	0.02399	0.00167	0.00815	0.00392	0.00282	0.02379
1	0.01510	0.03601	0.01576	0.07175	0.25360	0.01007	0.03279	0.01834	0.04184	0.22990	0.12191	0.02283	0.01801	0.00722	0.00568	0.00173	0.00526	0.06321	0.02130	0.00770
2	0.03688	0.10247	0.01657	0.01176	0.01583	0.08819	0.00970	0.44519	0.12801	0.02725	0.01305	0.01316	0.00973	0.00620	0.00508	0.00155	0.00595	0.00460	0.00471	0.05410
3	0.01623	0.11360	0.18047	0.01147	0.01682	0.01093	0.06465	0.01946	0.01290	0.27622	0.01357	0.01375	0.00955	0.00532	0.00488	0.00142	0.00570	0.00436	0.00408	0.21459
4	0.00947	0.01110	0.14661	0.02595	0.01376	0.00825	0.04366	0.01422	0.11039	0.01866	0.23859	0.12170	0.06550	0.01007	0.00613	0.00185	0.00462	0.09297	0.00464	0.05185
5	0.01288	0.02283	0.52386	0.01426	0.02080	0.01279	0.03229	0.13080	0.06702	0.04509	0.03450	0.03587	0.01033	0.00609	0.00537	0.00174	0.00709	0.00491	0.00335	0.00812
6	0.01396	0.00836	0.01064	0.01088	0.07851	0.00824	0.00791	0.05962	0.09783	0.19814	0.02549	0.05827	0.11257	0.00944	0.00579	0.00183	0.00431	0.14862	0.13266	0.00693
7	0.00974	0.00893	0.01482	0.67497	0.03302	0.01094	0.01360	0.01296	0.01083	0.01393	0.01280	0.13526	0.01167	0.00723	0.00568	0.00188	0.00664	0.00647	0.00283	0.00581
8	0.01396	0.01259	0.01990	0.08681	0.55871	0.01301	0.01497	0.12896	0.01420	0.01982	0.01178	0.05878	0.01020	0.00586	0.00550	0.00167	0.00627	0.00547	0.00323	0.00830
9	0.01296	0.00888	0.03274	0.01003	0.03434	0.00801	0.03252	0.01607	0.06181	0.18558	0.18586	0.07656	0.04172	0.05443	0.00767	0.00189	0.04788	0.04190	0.00492	0.13421
10	0.00739	0.00592	0.00674	0.00660	0.00831	0.00502	0.00475	0.00876	0.01149	0.01495	0.06530	0.26605	0.36288	0.06480	0.00761	0.00201	0.00323	0.01112	0.00470	0.13237
11	0.01306	0.01140	0.01294	0.13089	0.01775	0.01334	0.00962	0.02667	0.64942	0.02145	0.02028	0.01945	0.01521	0.00710	0.00553	0.00184	0.00477	0.00596	0.00507	0.00824
12	0.01434	0.58417	0.04984	0.01064	0.01453	0.06395	0.01012	0.01673	0.04371	0.01348	0.00827	0.00989	0.00744	0.00560	0.00592	0.00141	0.12714	0.00341	0.00251	0.00691
13	0.01065	0.00905	0.01321	0.17113	0.17098	0.00940	0.00995	0.02622	0.01107	0.02761	0.03781	0.02215	0.06129	0.15678	0.05887	0.00273	0.04496	0.01927	0.00324	0.13362

[dist]
# distance from previous block
# <min> <max>
0	1

[block]
# block no. 11 follows, 44 sequences, length 17
# corresponding to MSA columns:
# 671-687
name=unknown_L
#
# <colnr> <probs for GDERKNQSTAVLIFYWHMCP>
#	G	D	E	R	K	N	Q	S	T	A	V	L	I	F	Y	W	H	M	C	P
0	0.01237	0.04522	0.02905	0.02050	0.02536	0.01313	0.63981	0.01634	0.01224	0.01650	0.01159	0.01685	0.00953	0.09581	0.00874	0.00220	0.00861	0.00646	0.00280	0.00688
1	0.03561	0.11975	0.45645	0.01345	0.01993	0.01332	0.04454	0.06734	0.03427	0.01842	0.02805	0.01225	0.00857	0.00526	0.00490	0.00155	0.00689	0.00412	0.00286	0.10247
2	0.01218	0.03851	0.47824	0.01486	0.03887	0.04776	0.07386	0.01705	0.01204	0.05001	0.04170	0.01317	0.00933	0.00545	0.00554	0.00162	0.03018	0.00442	0.00282	0.10239
3	0.00740	0.00518	0.00629	0.00684	0.00721	0.00498	0.00445	0.00809	0.00970	0.01281	0.04578	0.32505	0.08005	0.38138	0.01653	0.00361	0.00423	0.06214	0.00427	0.00398
4	0.03189	0.01009	0.04016	0.14064	0.01720	0.04951	0.05931	0.02733	0.01179	0.03800	0.04240	0.09289	0.02829	0.05785	0.02665	0.00224	0.05707	0.15261	0.01348	0.10060
5	0.10872	0.02697	0.03523	0.12203	0.20265	0.04796	0.03430	0.11110	0.06831	0.06041	0.01465	0.03250	0.04971	0.00663	0.00580	0.00174	0.03707	0.02307	0.00372	0.00742
6	0.00663	0.00478	0.00628	0.00748	0.00788	0.00444	0.00501	0.00760	0.01054	0.01396	0.03136	0.76567	0.07439	0.01691	0.00693	0.00219	0.00314	0.01529	0.00506	0.00444
7	0.01222	0.01228	0.05061	0.24769	0.44622	0.01206	0.01525	0.01561	0.01182	0.01667	0.01001	0.01346	0.00811	0.00495	0.00525	0.00159	0.00649	0.00463	0.00266	0.10241
8	0.01322	0.08059	0.11909	0.01161	0.06389	0.01060	0.02762	0.07264	0.10838	0.10919	0.09162	0.08025	0.04279	0.00770	0.00533	0.00165	0.00488	0.01718	0.09916	0.03263
9	0.01290	0.01779	0.27220	0.04016	0.03725	0.01259	0.23683	0.10039	0.01364	0.04554	0.02619	0.01574	0.05000	0.00589	0.00614	0.00173	0.03912	0.00543	0.00323	0.05725
10	0.01753	0.00999	0.01163	0.00985	0.01318	0.01038	0.00784	0.02616	0.37982	0.32435	0.02142	0.01963	0.01508	0.00702	0.00532	0.00172	0.00424	0.00577	0.10057	0.00849
11	0.01057	0.02303	0.58190	0.01496	0.05174	0.01171	0.01714	0.01614	0.03830	0.01685	0.01299	0.12334	0.01143	0.00709	0.00596	0.00182	0.03892	0.00578	0.00283	0.00751
12	0.01595	0.04598	0.12443	0.06932	0.16179	0.01295	0.06927	0.14124	0.05899	0.16479	0.01382	0.03616	0.01040	0.00626	0.00604	0.00173	0.04336	0.00528	0.00406	0.00821
13	0.00680	0.00486	0.00650	0.00777	0.00815	0.00456	0.00533	0.00786	0.01059	0.01409	0.02996	0.75086	0.03572	0.01693	0.00700	0.00224	0.00330	0.06795	0.00506	0.00447
14	0.01257	0.02875	0.01610	0.01340	0.01411	0.01589	0.01115	0.09715	0.01055	0.01557	0.01011	0.01405	0.03842	0.01070	0.05087	0.00254	0.62388	0.00507	0.00286	0.00626
15	0.04906	0.01338	0.07299	0.07057	0.10835	0.09348	0.11098	0.10052	0.01304	0.02978	0.04166	0.05007	0.01157	0.01067	0.07044	0.09758	0.04054	0.00553	0.00328	0.00651
16	0.03342	0.01253	0.07208	0.20236	0.13311	0.05215	0.07052	0.02673	0.02509	0.06017	0.03158	0.05343	0.03147	0.00723	0.00732	0.00186	0.11728	0.03194	0.02297	0.00677

[dist]
# distance from previous block
# <min> <max>
0	58

# created by:
# /home/cegg/simao/soft/augustus-3.2.1/scripts/msa2prfl.pl ./align_prep/EOG091G0DPL.fa
