[name]
unknown

[dist]
# distance from previous block
# <min> <max>
0	114

[block]
# block no. 0 follows, 46 sequences, length 12
# corresponding to MSA columns:
# 114-125
name=unknown_A
#
# <colnr> <probs for GDERKNQSTAVLIFYWHMCP>
#	G	D	E	R	K	N	Q	S	T	A	V	L	I	F	Y	W	H	M	C	P
0	0.00857	0.03186	0.00769	0.00684	0.00854	0.00563	0.00536	0.01059	0.01353	0.07381	0.37735	0.06209	0.27339	0.01162	0.00620	0.00177	0.00305	0.08163	0.00535	0.00514
1	0.01300	0.25448	0.11905	0.01201	0.06913	0.04085	0.04616	0.05855	0.04631	0.04693	0.01206	0.01602	0.01041	0.08727	0.01992	0.00195	0.02971	0.02484	0.08469	0.00666
2	0.00689	0.00550	0.00625	0.00642	0.00800	0.00486	0.00505	0.00864	0.01256	0.01573	0.16980	0.05066	0.51282	0.01319	0.00645	0.00189	0.00307	0.15252	0.00505	0.00463
3	0.03303	0.04438	0.01597	0.54226	0.05502	0.10720	0.01313	0.05125	0.05866	0.01525	0.01004	0.01342	0.00767	0.00541	0.00510	0.00167	0.00696	0.00450	0.00275	0.00632
4	0.00697	0.00510	0.00660	0.00749	0.00807	0.00492	0.00513	0.00893	0.05754	0.01487	0.11111	0.67721	0.03545	0.01535	0.00661	0.00207	0.00307	0.01387	0.00504	0.00462
5	0.03693	0.00896	0.01108	0.00852	0.01240	0.00760	0.00683	0.05173	0.01324	0.33478	0.04136	0.06067	0.01330	0.03178	0.00551	0.00144	0.00419	0.00513	0.00483	0.33972
6	0.01414	0.00999	0.01249	0.08318	0.05345	0.03617	0.03371	0.14416	0.11293	0.13954	0.10304	0.05392	0.03379	0.00877	0.03036	0.00191	0.00517	0.04789	0.06836	0.00703
7	0.01512	0.08300	0.11547	0.01351	0.07306	0.08916	0.09466	0.04218	0.06270	0.19105	0.06102	0.06092	0.02510	0.02765	0.00609	0.00173	0.02047	0.00575	0.00407	0.00729
8	0.01076	0.00954	0.01596	0.64251	0.07512	0.01146	0.03149	0.01410	0.01104	0.04895	0.04682	0.01536	0.00947	0.00567	0.00571	0.00176	0.03041	0.00499	0.00273	0.00614
9	0.04044	0.00969	0.01371	0.04714	0.21726	0.01010	0.02204	0.05824	0.06225	0.09431	0.13979	0.04799	0.10586	0.00793	0.00663	0.00172	0.07870	0.00663	0.00418	0.02539
10	0.01287	0.12969	0.01532	0.11411	0.05938	0.14858	0.03388	0.03919	0.07961	0.02843	0.08635	0.07202	0.04020	0.00700	0.00540	0.00154	0.02946	0.00568	0.03169	0.05960
11	0.02856	0.00831	0.01054	0.05380	0.06143	0.04558	0.04079	0.05481	0.02357	0.01665	0.13468	0.14643	0.04630	0.09063	0.05286	0.03643	0.01615	0.02315	0.05565	0.05369

[dist]
# distance from previous block
# <min> <max>
3	11

[block]
# block no. 1 follows, 46 sequences, length 14
# corresponding to MSA columns:
# 137-150
name=unknown_B
#
# <colnr> <probs for GDERKNQSTAVLIFYWHMCP>
#	G	D	E	R	K	N	Q	S	T	A	V	L	I	F	Y	W	H	M	C	P
0	0.08193	0.15529	0.17894	0.04156	0.04373	0.04500	0.04917	0.12462	0.11574	0.03041	0.01172	0.02631	0.00933	0.02283	0.02059	0.00180	0.02580	0.00453	0.00339	0.00731
1	0.08591	0.10218	0.23062	0.13898	0.04358	0.06897	0.01247	0.05853	0.04033	0.05600	0.01131	0.01282	0.02762	0.00537	0.00470	0.00152	0.00630	0.00413	0.00305	0.08562
2	0.06646	0.03760	0.03786	0.02876	0.04446	0.10062	0.12240	0.09103	0.09169	0.07788	0.04750	0.03336	0.06701	0.00655	0.00564	0.00158	0.03574	0.00549	0.00389	0.09446
3	0.01202	0.01069	0.03073	0.08508	0.22644	0.00984	0.07487	0.05823	0.01239	0.03792	0.03977	0.05560	0.01139	0.00557	0.00495	0.00139	0.00529	0.00509	0.05120	0.26154
4	0.02957	0.06504	0.01596	0.28157	0.11053	0.05182	0.01194	0.03313	0.01068	0.01437	0.01157	0.01669	0.04044	0.03709	0.02348	0.00208	0.20262	0.03261	0.00272	0.00608
5	0.00665	0.00490	0.00603	0.00669	0.00738	0.00449	0.00455	0.00772	0.01078	0.01414	0.11307	0.48575	0.19096	0.10070	0.00875	0.00234	0.00314	0.01285	0.00482	0.00429
6	0.00757	0.00546	0.00735	0.00719	0.00813	0.00556	0.00532	0.00946	0.01161	0.01638	0.38561	0.03332	0.03251	0.15222	0.26146	0.00444	0.00673	0.03066	0.00440	0.00461
7	0.01334	0.01026	0.01126	0.00988	0.01272	0.01132	0.00774	0.09708	0.48151	0.07704	0.15958	0.02350	0.04569	0.00791	0.00555	0.00174	0.00401	0.00663	0.00552	0.00773
8	0.01109	0.00951	0.01102	0.00800	0.01260	0.00740	0.00638	0.01415	0.05435	0.01751	0.01009	0.01146	0.00830	0.00410	0.00400	0.00084	0.00393	0.00329	0.00326	0.79873
9	0.85155	0.01022	0.00777	0.00695	0.01022	0.01186	0.00573	0.01554	0.00900	0.02372	0.00736	0.00859	0.00573	0.00491	0.00327	0.00164	0.00409	0.00286	0.00327	0.00573
10	0.01280	0.34561	0.37317	0.01256	0.01854	0.01587	0.04757	0.03792	0.04289	0.03405	0.00953	0.01077	0.00740	0.00496	0.00445	0.00146	0.00670	0.00372	0.00258	0.00745
11	0.00886	0.00891	0.08581	0.00828	0.01061	0.00747	0.00707	0.01432	0.18678	0.01958	0.38679	0.07157	0.14296	0.01006	0.00595	0.00174	0.00347	0.00868	0.00518	0.00593
12	0.00633	0.00531	0.00550	0.00556	0.00722	0.00448	0.00413	0.00770	0.01208	0.01461	0.09170	0.10020	0.69020	0.01346	0.00628	0.00180	0.00269	0.01132	0.00496	0.00448
13	0.01397	0.01157	0.01236	0.01092	0.01399	0.01321	0.00865	0.14650	0.60038	0.02352	0.02051	0.02120	0.01592	0.00753	0.00549	0.00180	0.00449	0.05439	0.00533	0.00824

[dist]
# distance from previous block
# <min> <max>
5	11

[block]
# block no. 2 follows, 46 sequences, length 6
# corresponding to MSA columns:
# 162-167
name=unknown_C
#
# <colnr> <probs for GDERKNQSTAVLIFYWHMCP>
#	G	D	E	R	K	N	Q	S	T	A	V	L	I	F	Y	W	H	M	C	P
0	0.85155	0.01022	0.00777	0.00695	0.01022	0.01186	0.00573	0.01554	0.00900	0.02372	0.00736	0.00859	0.00573	0.00491	0.00327	0.00164	0.00409	0.00286	0.00327	0.00573
1	0.01315	0.01136	0.01195	0.01076	0.01375	0.01315	0.00837	0.02809	0.77168	0.02211	0.02152	0.01972	0.01614	0.00717	0.00538	0.00179	0.00418	0.00598	0.00538	0.00837
2	0.00757	0.00561	0.00820	0.00820	0.00905	0.00645	0.00624	0.00925	0.00841	0.01206	0.01443	0.02225	0.01386	0.12284	0.71095	0.00813	0.01319	0.00588	0.00287	0.00456
3	0.01024	0.05034	0.05188	0.00896	0.01100	0.04790	0.00773	0.01318	0.04810	0.06337	0.16553	0.10072	0.06646	0.01115	0.00613	0.00192	0.00442	0.27319	0.05222	0.00557
4	0.08434	0.29061	0.31333	0.01214	0.01764	0.05591	0.03996	0.05590	0.05481	0.01685	0.00941	0.01063	0.00735	0.00504	0.00439	0.00148	0.00659	0.00367	0.00271	0.00727
5	0.15632	0.31763	0.31640	0.01134	0.01679	0.07142	0.01261	0.01651	0.01091	0.01606	0.00824	0.00961	0.00657	0.00485	0.00410	0.00144	0.00650	0.00329	0.00246	0.00695

[dist]
# distance from previous block
# <min> <max>
1	5

[block]
# block no. 3 follows, 46 sequences, length 70
# corresponding to MSA columns:
# 173-242
name=unknown_D
#
# <colnr> <probs for GDERKNQSTAVLIFYWHMCP>
#	G	D	E	R	K	N	Q	S	T	A	V	L	I	F	Y	W	H	M	C	P
0	0.06697	0.06063	0.03114	0.06410	0.23276	0.06877	0.01026	0.02838	0.04382	0.04518	0.04734	0.05392	0.01316	0.02521	0.09822	0.00246	0.00650	0.02125	0.07335	0.00657
1	0.00641	0.00471	0.00602	0.00708	0.00759	0.00432	0.00478	0.00739	0.01039	0.01361	0.03257	0.70382	0.13969	0.01612	0.00668	0.00210	0.00301	0.01448	0.00491	0.00432
2	0.01051	0.00912	0.01360	0.10796	0.26087	0.00969	0.01047	0.01406	0.08716	0.03672	0.05317	0.13309	0.12269	0.01029	0.04703	0.00213	0.05375	0.00746	0.00374	0.00649
3	0.02257	0.01084	0.01341	0.01028	0.01441	0.01050	0.00849	0.25960	0.01821	0.54671	0.01827	0.01631	0.01179	0.00648	0.00531	0.00162	0.00492	0.00514	0.00615	0.00899
4	0.02033	0.01443	0.01563	0.01198	0.01621	0.01583	0.00990	0.71545	0.02422	0.08237	0.01323	0.01304	0.00926	0.00636	0.00529	0.00159	0.00573	0.00480	0.00537	0.00899
5	0.00748	0.00540	0.00707	0.00665	0.00790	0.00499	0.00499	0.00998	0.01496	0.02120	0.77844	0.03949	0.04988	0.01081	0.00624	0.00166	0.00249	0.00956	0.00582	0.00499
6	0.02225	0.00867	0.01180	0.00916	0.01299	0.00752	0.00752	0.02433	0.01512	0.71569	0.08951	0.01994	0.01642	0.00693	0.00540	0.00164	0.00432	0.00570	0.00648	0.00863
7	0.85155	0.01022	0.00777	0.00695	0.01022	0.01186	0.00573	0.01554	0.00900	0.02372	0.00736	0.00859	0.00573	0.00491	0.00327	0.00164	0.00409	0.00286	0.00327	0.00573
8	0.00995	0.00829	0.06352	0.04275	0.01155	0.00712	0.01795	0.06911	0.03237	0.06582	0.54773	0.03197	0.03776	0.00932	0.00592	0.00166	0.00356	0.00813	0.01964	0.00587
9	0.00814	0.00626	0.00880	0.00999	0.09977	0.00593	0.00660	0.01059	0.01401	0.01963	0.55910	0.08467	0.06000	0.01083	0.00624	0.00175	0.00319	0.07389	0.00528	0.00532
10	0.01069	0.02363	0.61475	0.05276	0.06537	0.01197	0.07099	0.01623	0.01147	0.01686	0.04896	0.01308	0.00911	0.00527	0.00519	0.00168	0.00750	0.00444	0.00247	0.00756
11	0.01110	0.01164	0.04157	0.37140	0.13967	0.01218	0.23945	0.01477	0.01120	0.01509	0.01008	0.01423	0.00787	0.00696	0.04986	0.00213	0.02651	0.00519	0.00251	0.00660
12	0.00740	0.00540	0.00695	0.00656	0.00784	0.00495	0.00492	0.00981	0.01476	0.02071	0.72727	0.04029	0.10136	0.01099	0.00624	0.00167	0.00251	0.00967	0.00576	0.00495
13	0.06575	0.08073	0.01554	0.01284	0.01581	0.65054	0.00987	0.06190	0.01489	0.01464	0.00832	0.00958	0.00687	0.00540	0.00461	0.00137	0.00874	0.00341	0.00286	0.00631
14	0.01300	0.01270	0.02152	0.07448	0.68768	0.02695	0.05355	0.01620	0.01203	0.01696	0.00992	0.01313	0.00825	0.00474	0.00528	0.00159	0.00652	0.00476	0.00261	0.00813
15	0.00644	0.00460	0.00613	0.00736	0.00767	0.00429	0.00491	0.00736	0.01012	0.01350	0.02914	0.81076	0.03497	0.01656	0.00675	0.00215	0.00307	0.01503	0.00491	0.00429
16	0.00641	0.00536	0.00557	0.00552	0.00724	0.00453	0.00414	0.00789	0.01242	0.01517	0.14646	0.04942	0.68563	0.01306	0.00625	0.00177	0.00265	0.01095	0.00503	0.00453
17	0.01438	0.00996	0.01056	0.00889	0.01158	0.01092	0.00706	0.31185	0.14748	0.02515	0.01610	0.01726	0.01230	0.02359	0.02205	0.00170	0.00439	0.00511	0.33258	0.00709
18	0.00738	0.00541	0.00693	0.00659	0.00789	0.00496	0.00497	0.00976	0.01462	0.02040	0.69092	0.04105	0.12103	0.01114	0.00626	0.00169	0.00256	0.02578	0.00571	0.00493
19	0.01130	0.01100	0.01714	0.41531	0.25833	0.05500	0.03999	0.01452	0.01178	0.01553	0.08826	0.01614	0.01186	0.00566	0.00537	0.00167	0.00655	0.00518	0.00282	0.00660
20	0.01344	0.00932	0.01122	0.00814	0.01272	0.00719	0.00656	0.01573	0.01177	0.16631	0.01162	0.01233	0.00885	0.00443	0.00419	0.00095	0.00403	0.00356	0.00379	0.68388
21	0.00651	0.00470	0.00618	0.00725	0.00766	0.00443	0.00488	0.00747	0.01010	0.01340	0.02954	0.71198	0.07609	0.03891	0.04154	0.00248	0.00358	0.01420	0.00477	0.00429
22	0.01306	0.01264	0.02188	0.03201	0.74834	0.01260	0.04878	0.01626	0.01206	0.01726	0.00998	0.01314	0.00836	0.00470	0.00528	0.00158	0.00640	0.00478	0.00262	0.00832
23	0.05854	0.01243	0.01271	0.01083	0.01416	0.04207	0.00860	0.21596	0.45879	0.06164	0.01790	0.01689	0.01322	0.00673	0.00518	0.00170	0.00477	0.00535	0.02426	0.00826
24	0.01013	0.00954	0.01612	0.76567	0.07112	0.01178	0.01475	0.01363	0.01064	0.01368	0.00942	0.01405	0.00711	0.00526	0.00528	0.00175	0.00701	0.00470	0.00236	0.00599
25	0.00756	0.00563	0.00834	0.00834	0.00923	0.00652	0.00641	0.00934	0.00845	0.01216	0.01430	0.02156	0.01356	0.08414	0.74924	0.00830	0.01364	0.00578	0.00285	0.00463
26	0.01611	0.01927	0.01419	0.01260	0.01502	0.51959	0.05422	0.01815	0.03240	0.01472	0.13195	0.01720	0.02615	0.02443	0.00625	0.00160	0.04512	0.02175	0.00335	0.00593
27	0.79669	0.01017	0.00798	0.00701	0.01037	0.01155	0.00576	0.01539	0.00913	0.02330	0.00749	0.00874	0.00586	0.00484	0.00331	0.00158	0.00408	0.00288	0.00326	0.06060
28	0.01052	0.02676	0.76590	0.01484	0.02248	0.01208	0.01914	0.01656	0.01126	0.01686	0.03012	0.01192	0.00786	0.00518	0.00506	0.00167	0.00767	0.00406	0.00233	0.00774
29	0.00683	0.00538	0.00617	0.00597	0.00750	0.00471	0.00448	0.00872	0.01343	0.01757	0.39803	0.04547	0.43256	0.01216	0.00624	0.00173	0.00259	0.01040	0.00534	0.00471
30	0.85155	0.01022	0.00777	0.00695	0.01022	0.01186	0.00573	0.01554	0.00900	0.02372	0.00736	0.00859	0.00573	0.00491	0.00327	0.00164	0.00409	0.00286	0.00327	0.00573
31	0.01413	0.81739	0.02770	0.00905	0.01357	0.02092	0.00905	0.01583	0.01074	0.01244	0.00735	0.00848	0.00678	0.00452	0.00339	0.00113	0.00565	0.00283	0.00226	0.00678
32	0.00741	0.00562	0.00727	0.05076	0.00936	0.00528	0.00537	0.00977	0.01423	0.01961	0.61357	0.03999	0.17021	0.01093	0.00618	0.00169	0.00278	0.00956	0.00547	0.00495
33	0.00719	0.00539	0.00666	0.00634	0.00772	0.00486	0.00475	0.00940	0.01426	0.01954	0.60415	0.04223	0.22521	0.01143	0.00624	0.00169	0.00254	0.00994	0.00560	0.00486
34	0.00724	0.00539	0.00673	0.00640	0.00775	0.00489	0.00480	0.00951	0.01440	0.01985	0.63691	0.04171	0.19226	0.01131	0.00624	0.00169	0.00253	0.00987	0.00564	0.00489
35	0.77362	0.01011	0.00819	0.00718	0.01053	0.01147	0.00592	0.01650	0.00957	0.09537	0.00863	0.00947	0.00642	0.00506	0.00346	0.00164	0.00413	0.00309	0.00358	0.00603
36	0.00998	0.00940	0.01586	0.80150	0.03641	0.01175	0.01468	0.01351	0.01057	0.01351	0.00940	0.01409	0.00705	0.00529	0.00529	0.00176	0.00705	0.00470	0.00235	0.00587
37	0.00661	0.00537	0.00586	0.00574	0.00737	0.00462	0.00431	0.00830	0.01292	0.01634	0.26879	0.04750	0.56257	0.01262	0.00624	0.00175	0.00262	0.01068	0.00518	0.00462
38	0.01207	0.01030	0.01160	0.01071	0.03131	0.01153	0.02430	0.04151	0.56628	0.02139	0.11414	0.05222	0.05330	0.00809	0.00558	0.00178	0.00407	0.00691	0.00527	0.00763
39	0.01081	0.04647	0.71831	0.01539	0.02296	0.01257	0.06773	0.01673	0.01124	0.01665	0.00951	0.01130	0.00679	0.00497	0.00506	0.00167	0.00783	0.00403	0.00226	0.00774
40	0.00740	0.00540	0.00696	0.00657	0.00785	0.00495	0.00493	0.00982	0.01478	0.02075	0.73181	0.04022	0.09679	0.01097	0.00624	0.00167	0.00251	0.00966	0.00576	0.00495
41	0.06263	0.01354	0.02577	0.01876	0.02346	0.03382	0.56716	0.07885	0.01325	0.01884	0.01118	0.01415	0.00842	0.00482	0.00572	0.00170	0.00782	0.00572	0.07742	0.00698
42	0.01246	0.01452	0.05032	0.02257	0.06262	0.01330	0.70804	0.01690	0.01242	0.01694	0.01063	0.01413	0.00800	0.00448	0.00616	0.00177	0.00876	0.00611	0.00266	0.00721
43	0.01283	0.01230	0.02100	0.09480	0.72085	0.01249	0.01610	0.01600	0.01192	0.01697	0.00990	0.01317	0.00827	0.00476	0.00524	0.00159	0.00634	0.00471	0.00260	0.00817
44	0.00975	0.00908	0.01522	0.74967	0.03453	0.01126	0.01404	0.01311	0.01054	0.01351	0.01068	0.06609	0.00887	0.00602	0.00538	0.00179	0.00679	0.00537	0.00252	0.00577
45	0.00918	0.00459	0.00689	0.00689	0.00689	0.00459	0.00459	0.00689	0.00689	0.00918	0.00918	0.01607	0.00918	0.01837	0.02066	0.84619	0.00459	0.00459	0.00230	0.00230
46	0.01287	0.01234	0.02107	0.08571	0.72965	0.01250	0.01612	0.01604	0.01194	0.01701	0.00991	0.01315	0.00828	0.00475	0.00524	0.00158	0.00633	0.00471	0.00260	0.00820
47	0.00737	0.00538	0.00692	0.00658	0.00784	0.00493	0.00492	0.00974	0.01463	0.02050	0.70661	0.06156	0.10095	0.01115	0.00625	0.00168	0.00252	0.00982	0.00573	0.00493
48	0.01300	0.56438	0.27081	0.01097	0.01655	0.01815	0.01240	0.01612	0.01088	0.01382	0.00803	0.00934	0.00676	0.00468	0.00391	0.00130	0.00635	0.00317	0.00225	0.00711
49	0.01213	0.01022	0.01085	0.00984	0.01254	0.01160	0.00763	0.02468	0.63021	0.02149	0.08903	0.02318	0.06158	0.00779	0.00543	0.00176	0.00388	0.00653	0.04192	0.00771
50	0.07331	0.02292	0.01492	0.01425	0.05856	0.66489	0.01032	0.02011	0.01413	0.01387	0.00816	0.00976	0.00683	0.00554	0.00524	0.00143	0.04330	0.00350	0.00274	0.00621
51	0.07515	0.01325	0.01456	0.01123	0.01537	0.01424	0.00927	0.55559	0.02172	0.19485	0.01411	0.01357	0.00966	0.00629	0.00516	0.00160	0.00542	0.00476	0.00543	0.00878
52	0.01071	0.01014	0.01717	0.62159	0.21066	0.01194	0.01504	0.01414	0.01091	0.01439	0.00952	0.01386	0.00736	0.00515	0.00527	0.00172	0.00687	0.00470	0.00241	0.00646
53	0.00656	0.00468	0.00627	0.00749	0.00785	0.00439	0.00511	0.00756	0.01024	0.01362	0.02907	0.76887	0.03471	0.01645	0.00678	0.00216	0.00317	0.05577	0.00491	0.00433
54	0.01421	0.69297	0.02530	0.00942	0.01355	0.08961	0.00899	0.01589	0.01098	0.01247	0.00787	0.00938	0.00721	0.00690	0.05507	0.00163	0.00656	0.00306	0.00234	0.00659
55	0.02077	0.01372	0.01519	0.01165	0.01585	0.01479	0.00962	0.62598	0.02304	0.17350	0.01422	0.01368	0.00975	0.00638	0.00529	0.00160	0.00557	0.00486	0.00552	0.00899
56	0.01002	0.00699	0.00791	0.00727	0.00905	0.03865	0.00556	0.03985	0.01414	0.10197	0.38767	0.03827	0.20595	0.05562	0.00725	0.00191	0.00345	0.04774	0.00535	0.00540
57	0.00644	0.00460	0.00613	0.00736	0.00767	0.00429	0.00491	0.00736	0.01012	0.01350	0.02914	0.81076	0.03497	0.01656	0.00675	0.00215	0.00307	0.01503	0.00491	0.00429
58	0.00828	0.00693	0.01071	0.01002	0.01139	0.00682	0.10403	0.02609	0.01086	0.01474	0.02413	0.51916	0.03907	0.01337	0.00722	0.00204	0.05639	0.07244	0.00435	0.05196
59	0.00642	0.00468	0.00605	0.00714	0.00761	0.00431	0.00481	0.00739	0.01034	0.01358	0.03185	0.72627	0.11770	0.01621	0.00669	0.00211	0.00302	0.01460	0.00491	0.00431
60	0.01933	0.01458	0.01631	0.01255	0.01654	0.01630	0.03088	0.69401	0.02342	0.03152	0.01226	0.01266	0.00883	0.00648	0.00610	0.00164	0.05803	0.00479	0.00502	0.00873
61	0.01917	0.01318	0.01436	0.01115	0.01496	0.01433	0.00910	0.61168	0.02224	0.10033	0.01392	0.01479	0.01019	0.05141	0.00641	0.00177	0.00547	0.00498	0.05211	0.00844
62	0.00823	0.00660	0.00760	0.00739	0.00875	0.04905	0.00572	0.01058	0.01439	0.01955	0.58454	0.04136	0.09044	0.01120	0.00630	0.00176	0.00323	0.11282	0.00546	0.00500
63	0.01938	0.02442	0.01481	0.01346	0.01620	0.74950	0.01011	0.02150	0.05718	0.01345	0.00892	0.01010	0.00733	0.00554	0.00480	0.00139	0.00924	0.00355	0.00287	0.00625
64	0.00644	0.00460	0.00613	0.00736	0.00767	0.00429	0.00491	0.00736	0.01012	0.01350	0.02914	0.81076	0.03497	0.01656	0.00675	0.00215	0.00307	0.01503	0.00491	0.00429
65	0.01096	0.00940	0.01096	0.00783	0.01253	0.00705	0.00626	0.01331	0.01096	0.01723	0.00940	0.01096	0.00783	0.00392	0.00392	0.00078	0.00392	0.00313	0.00313	0.84653
66	0.80531	0.01016	0.00802	0.00709	0.01041	0.01163	0.00584	0.01611	0.00934	0.06624	0.00811	0.00911	0.00614	0.00500	0.00339	0.00164	0.00411	0.00300	0.00345	0.00591
67	0.85155	0.01022	0.00777	0.00695	0.01022	0.01186	0.00573	0.01554	0.00900	0.02372	0.00736	0.00859	0.00573	0.00491	0.00327	0.00164	0.00409	0.00286	0.00327	0.00573
68	0.01060	0.02735	0.78682	0.01507	0.02288	0.01228	0.01953	0.01674	0.01116	0.01674	0.00949	0.01116	0.00670	0.00502	0.00502	0.00167	0.00781	0.00391	0.00223	0.00781
69	0.00719	0.00521	0.00663	0.00752	0.00812	0.00498	0.00514	0.04955	0.01105	0.01464	0.02958	0.72381	0.07508	0.01582	0.00664	0.00210	0.00320	0.01424	0.00493	0.00457

[dist]
# distance from previous block
# <min> <max>
0	3

[block]
# block no. 4 follows, 46 sequences, length 90
# corresponding to MSA columns:
# 252-278,280-325,335-350,356
name=unknown_E
#
# <colnr> <probs for GDERKNQSTAVLIFYWHMCP>
#	G	D	E	R	K	N	Q	S	T	A	V	L	I	F	Y	W	H	M	C	P
0	0.00998	0.00940	0.01586	0.80150	0.03641	0.01175	0.01468	0.01351	0.01057	0.01351	0.00940	0.01409	0.00705	0.00529	0.00529	0.00176	0.00705	0.00470	0.00235	0.00587
1	0.01006	0.00947	0.01599	0.78323	0.05410	0.01176	0.01472	0.01357	0.01061	0.01360	0.00941	0.01407	0.00708	0.00527	0.00528	0.00176	0.00703	0.00470	0.00236	0.00593
2	0.01037	0.00980	0.01656	0.70459	0.13027	0.01185	0.01488	0.01385	0.01076	0.01398	0.00947	0.01397	0.00721	0.00521	0.00528	0.00174	0.00695	0.00470	0.00238	0.00619
3	0.10975	0.01424	0.01453	0.01136	0.01532	0.03892	0.00933	0.63055	0.02230	0.03113	0.01216	0.01243	0.00875	0.00616	0.00499	0.00157	0.00561	0.00452	0.03799	0.00839
4	0.01693	0.01049	0.10361	0.00956	0.01326	0.00806	0.00864	0.03977	0.05270	0.41802	0.15691	0.02489	0.05553	0.00793	0.00561	0.00170	0.00449	0.04861	0.00563	0.00766
5	0.01086	0.02575	0.70500	0.01590	0.06039	0.01235	0.03223	0.01716	0.04083	0.01698	0.01000	0.01165	0.00717	0.00508	0.00507	0.00168	0.00762	0.00407	0.00238	0.00785
6	0.01413	0.81739	0.02770	0.00905	0.01357	0.02092	0.00905	0.01583	0.01074	0.01244	0.00735	0.00848	0.00678	0.00452	0.00339	0.00113	0.00565	0.00283	0.00226	0.00678
7	0.01060	0.02735	0.78682	0.01507	0.02288	0.01228	0.01953	0.01674	0.01116	0.01674	0.00949	0.01116	0.00670	0.00502	0.00502	0.00167	0.00781	0.00391	0.00223	0.00781
8	0.00956	0.00895	0.01567	0.01626	0.16641	0.00899	0.17789	0.01173	0.01086	0.01495	0.01928	0.40500	0.02123	0.01086	0.00724	0.00196	0.07344	0.01011	0.00373	0.00587
9	0.01330	0.00874	0.01110	0.01064	0.03060	0.03863	0.03350	0.06945	0.09124	0.16688	0.02195	0.11278	0.02092	0.01119	0.00721	0.05723	0.00494	0.27850	0.00490	0.00631
10	0.00852	0.00608	0.00852	0.00974	0.01095	0.00608	0.00852	0.01095	0.01217	0.01582	0.02799	0.05963	0.03042	0.01460	0.00730	0.00243	0.00487	0.74565	0.00487	0.00487
11	0.01045	0.00965	0.01586	0.76484	0.03548	0.01196	0.01447	0.04835	0.01123	0.01443	0.00955	0.01403	0.00714	0.00533	0.00529	0.00175	0.00699	0.00470	0.00249	0.00602
12	0.04869	0.15934	0.13530	0.09429	0.21448	0.02452	0.15372	0.06048	0.01220	0.01697	0.00946	0.01200	0.00752	0.00495	0.00525	0.00158	0.02478	0.00444	0.00266	0.00737
13	0.00773	0.00563	0.00807	0.00807	0.00890	0.00645	0.00613	0.00942	0.00860	0.01254	0.01492	0.04584	0.01440	0.11558	0.63301	0.00744	0.02551	0.00609	0.05108	0.00458
14	0.00658	0.00470	0.00629	0.00752	0.00788	0.00441	0.00514	0.00760	0.01026	0.01365	0.02906	0.76163	0.03467	0.01643	0.00678	0.00217	0.00318	0.06282	0.00490	0.00433
15	0.01263	0.03138	0.02533	0.03257	0.17896	0.05519	0.45373	0.02644	0.03063	0.01677	0.01398	0.01663	0.06907	0.00537	0.00584	0.00170	0.00766	0.00604	0.00293	0.00715
16	0.01077	0.06404	0.75156	0.01479	0.02245	0.01268	0.01905	0.01670	0.01114	0.01654	0.00939	0.01104	0.00670	0.00500	0.00495	0.00165	0.00771	0.00386	0.00223	0.00777
17	0.81209	0.01072	0.03139	0.00724	0.01066	0.01180	0.00618	0.01575	0.00917	0.03643	0.00765	0.00883	0.00588	0.00494	0.00336	0.00164	0.00421	0.00294	0.00330	0.00584
18	0.01413	0.81739	0.02770	0.00905	0.01357	0.02092	0.00905	0.01583	0.01074	0.01244	0.00735	0.00848	0.00678	0.00452	0.00339	0.00113	0.00565	0.00283	0.00226	0.00678
19	0.00651	0.00465	0.00620	0.00731	0.00768	0.00434	0.00491	0.00753	0.01044	0.01400	0.07815	0.76031	0.03594	0.01619	0.00671	0.00212	0.00303	0.01467	0.00497	0.00434
20	0.00641	0.00534	0.00559	0.00558	0.00725	0.00452	0.00417	0.00788	0.01236	0.01513	0.14381	0.07241	0.66506	0.01316	0.00626	0.00178	0.00267	0.01107	0.00502	0.00452
21	0.01848	0.01355	0.01452	0.01136	0.01519	0.01497	0.00931	0.63582	0.07237	0.03119	0.03849	0.01454	0.01112	0.00653	0.00521	0.00158	0.00536	0.00501	0.06689	0.00852
22	0.02372	0.00900	0.01227	0.00941	0.01350	0.00777	0.00777	0.02576	0.01513	0.78489	0.02086	0.01799	0.01309	0.00654	0.00532	0.00164	0.00450	0.00532	0.00654	0.00900
23	0.01060	0.02735	0.78682	0.01507	0.02288	0.01228	0.01953	0.01674	0.01116	0.01674	0.00949	0.01116	0.00670	0.00502	0.00502	0.00167	0.00781	0.00391	0.00223	0.00781
24	0.00745	0.00540	0.00702	0.00661	0.00788	0.00497	0.00496	0.00991	0.01488	0.02100	0.75743	0.03982	0.07102	0.01088	0.00624	0.00167	0.00250	0.00961	0.00579	0.00497
25	0.01210	0.01338	0.02795	0.07187	0.02639	0.01299	0.62084	0.01617	0.01203	0.01645	0.01080	0.01517	0.00848	0.00503	0.00675	0.00179	0.05406	0.02545	0.00271	0.03959
26	0.01962	0.01747	0.01611	0.01424	0.07427	0.28443	0.03955	0.32509	0.01872	0.12138	0.01189	0.01237	0.00868	0.00586	0.00514	0.00152	0.00709	0.00442	0.00426	0.00788
27	0.00738	0.00555	0.00684	0.00649	0.00789	0.00509	0.00488	0.00995	0.03395	0.01980	0.60994	0.04132	0.19881	0.01124	0.00622	0.00169	0.00258	0.00980	0.00562	0.00497
28	0.04774	0.00695	0.00790	0.00762	0.00807	0.03757	0.00526	0.00949	0.00839	0.01181	0.01502	0.05060	0.01645	0.48463	0.15252	0.00493	0.09453	0.02338	0.00311	0.00404
29	0.03698	0.06864	0.03151	0.01072	0.01446	0.07714	0.00896	0.37358	0.01920	0.16815	0.12162	0.01680	0.01508	0.00675	0.00520	0.00156	0.00540	0.00524	0.00507	0.00794
30	0.01399	0.78628	0.05759	0.00928	0.01394	0.02058	0.00946	0.01587	0.01076	0.01261	0.00743	0.00859	0.00678	0.00454	0.00346	0.00115	0.00574	0.00287	0.00226	0.00682
31	0.85155	0.01022	0.00777	0.00695	0.01022	0.01186	0.00573	0.01554	0.00900	0.02372	0.00736	0.00859	0.00573	0.00491	0.00327	0.00164	0.00409	0.00286	0.00327	0.00573
32	0.04047	0.01039	0.01218	0.00971	0.01321	0.01052	0.00789	0.26705	0.06771	0.31376	0.12278	0.02036	0.04660	0.00732	0.00538	0.00163	0.00451	0.00591	0.02457	0.00805
33	0.00657	0.00471	0.00624	0.00724	0.00769	0.00438	0.00490	0.00769	0.01076	0.01447	0.12275	0.70178	0.04960	0.01579	0.00668	0.00208	0.00299	0.01428	0.00502	0.00438
34	0.01960	0.01458	0.01611	0.01236	0.01654	0.01606	0.03174	0.72645	0.02419	0.03244	0.01297	0.02911	0.00950	0.00650	0.00535	0.00160	0.00585	0.00501	0.00520	0.00884
35	0.00644	0.00460	0.00613	0.00736	0.00767	0.00429	0.00491	0.00736	0.01012	0.01350	0.02914	0.81076	0.03497	0.01656	0.00675	0.00215	0.00307	0.01503	0.00491	0.00429
36	0.01145	0.01159	0.01483	0.01291	0.01327	0.06550	0.01062	0.01269	0.00881	0.01279	0.01032	0.01448	0.05171	0.01188	0.08316	0.00276	0.63808	0.00501	0.00253	0.00564
37	0.01282	0.01102	0.01167	0.01052	0.01341	0.01268	0.00817	0.02705	0.72833	0.02206	0.06488	0.02086	0.01807	0.00738	0.00543	0.00179	0.00409	0.00618	0.00540	0.00817
38	0.01036	0.00978	0.01654	0.70715	0.12779	0.01185	0.01487	0.01384	0.01075	0.01397	0.00946	0.01397	0.00721	0.00521	0.00528	0.00174	0.00695	0.00470	0.00238	0.00618
39	0.01878	0.06159	0.01577	0.01179	0.01560	0.12792	0.00964	0.55823	0.02190	0.02829	0.06798	0.01396	0.01155	0.00644	0.00517	0.00153	0.00610	0.00481	0.00478	0.00816
40	0.00649	0.00464	0.00619	0.00742	0.00775	0.00434	0.00500	0.00745	0.01017	0.01355	0.02911	0.79203	0.03485	0.01651	0.00676	0.00215	0.00311	0.03324	0.00491	0.00431
41	0.01288	0.01235	0.02109	0.08270	0.73257	0.01251	0.01612	0.01605	0.01194	0.01703	0.00991	0.01315	0.00829	0.00475	0.00524	0.00158	0.00633	0.00471	0.00260	0.00821
42	0.00853	0.00657	0.00942	0.00906	0.01013	0.00780	0.00713	0.05286	0.00941	0.01351	0.01360	0.01970	0.01256	0.03575	0.69737	0.00770	0.06538	0.00554	0.00294	0.00503
43	0.85155	0.01022	0.00777	0.00695	0.01022	0.01186	0.00573	0.01554	0.00900	0.02372	0.00736	0.00859	0.00573	0.00491	0.00327	0.00164	0.00409	0.00286	0.00327	0.00573
44	0.01308	0.01256	0.02146	0.03245	0.78123	0.01256	0.01622	0.01622	0.01204	0.01727	0.00994	0.01308	0.00837	0.00471	0.00523	0.00157	0.00628	0.00471	0.00262	0.00837
45	0.00644	0.00460	0.00613	0.00736	0.00767	0.00429	0.00491	0.00736	0.01012	0.01350	0.02914	0.81076	0.03497	0.01656	0.00675	0.00215	0.00307	0.01503	0.00491	0.00429
46	0.42070	0.01213	0.01153	0.00932	0.01305	0.01353	0.00768	0.35030	0.01631	0.04254	0.01026	0.01089	0.00754	0.00557	0.00424	0.00158	0.00484	0.00381	0.01964	0.03456
47	0.01248	0.01426	0.03119	0.02228	0.02763	0.01337	0.76203	0.01693	0.01248	0.01693	0.01070	0.01426	0.00802	0.00446	0.00624	0.00178	0.00891	0.00624	0.00267	0.00713
48	0.85155	0.01022	0.00777	0.00695	0.01022	0.01186	0.00573	0.01554	0.00900	0.02372	0.00736	0.00859	0.00573	0.00491	0.00327	0.00164	0.00409	0.00286	0.00327	0.00573
49	0.00908	0.00683	0.00774	0.00714	0.00896	0.00670	0.00544	0.09890	0.06857	0.02001	0.31977	0.08754	0.25804	0.01088	0.00594	0.00170	0.00309	0.00928	0.05889	0.00549
50	0.00664	0.00477	0.00634	0.00753	0.00797	0.00447	0.00523	0.00772	0.01038	0.01375	0.02982	0.71304	0.05871	0.01627	0.00679	0.00216	0.00323	0.08593	0.00490	0.00436
51	0.00712	0.00515	0.00672	0.00683	0.00780	0.00476	0.00493	0.00909	0.01337	0.01859	0.52329	0.27992	0.06728	0.01268	0.00640	0.00182	0.00268	0.01131	0.00551	0.00476
52	0.01319	0.01246	0.02174	0.11343	0.32458	0.01266	0.22433	0.10423	0.02602	0.03049	0.01255	0.01528	0.03848	0.00593	0.01968	0.00179	0.00699	0.00544	0.00312	0.00760
53	0.00740	0.00538	0.00697	0.00662	0.00786	0.00494	0.00494	0.00980	0.01469	0.02067	0.72480	0.06316	0.08074	0.01109	0.00625	0.00168	0.00252	0.00979	0.00575	0.00494
54	0.01696	0.01241	0.01341	0.01060	0.01385	0.01355	0.00840	0.56839	0.02050	0.02754	0.01352	0.01761	0.01129	0.18471	0.02313	0.00246	0.00576	0.00538	0.00474	0.02578
55	0.01096	0.00940	0.01096	0.00783	0.01253	0.00705	0.00626	0.01331	0.01096	0.01723	0.00940	0.01096	0.00783	0.00392	0.00392	0.00078	0.00392	0.00313	0.00313	0.84653
56	0.02025	0.01416	0.01542	0.01186	0.01605	0.01548	0.00979	0.67328	0.04409	0.10479	0.01371	0.01339	0.00957	0.00639	0.00529	0.00160	0.00565	0.00485	0.00541	0.00897
57	0.00655	0.00467	0.00617	0.00726	0.00761	0.00437	0.00484	0.00752	0.01030	0.01381	0.07157	0.73585	0.03520	0.04781	0.00752	0.00224	0.00312	0.01442	0.00489	0.00429
58	0.00675	0.00538	0.00605	0.00588	0.00745	0.00468	0.00441	0.00856	0.01324	0.01710	0.34940	0.04623	0.48148	0.01234	0.00624	0.00174	0.00260	0.01051	0.00528	0.00468
59	0.01254	0.01198	0.02049	0.09806	0.66464	0.01216	0.03015	0.01567	0.01188	0.01682	0.01080	0.03169	0.00941	0.00527	0.00535	0.00163	0.00629	0.02453	0.00270	0.00795
60	0.01009	0.00954	0.01588	0.74999	0.03494	0.01204	0.01448	0.01346	0.01041	0.01346	0.00924	0.01393	0.00704	0.00554	0.00607	0.00180	0.05921	0.00469	0.00235	0.00587
61	0.01172	0.01068	0.01865	0.36246	0.04660	0.01162	0.22380	0.08639	0.01260	0.01743	0.01131	0.01485	0.00855	0.00527	0.00531	0.00166	0.00673	0.00518	0.13275	0.00645
62	0.01308	0.01256	0.02146	0.03245	0.78123	0.01256	0.01622	0.01622	0.01204	0.01727	0.00994	0.01308	0.00837	0.00471	0.00523	0.00157	0.00628	0.00471	0.00262	0.00837
63	0.01458	0.01327	0.01213	0.01098	0.01380	0.15678	0.00848	0.02508	0.52147	0.06967	0.01958	0.06391	0.01560	0.00751	0.00538	0.00174	0.00515	0.02228	0.00492	0.00768
64	0.01152	0.01151	0.01618	0.03514	0.01449	0.01607	0.01165	0.01274	0.00816	0.01274	0.00701	0.01163	0.00694	0.00915	0.01702	0.00230	0.78301	0.00463	0.00231	0.00579
65	0.00765	0.00518	0.00591	0.00593	0.00611	0.00512	0.00351	0.00792	0.00842	0.01122	0.06210	0.03632	0.05092	0.71103	0.02428	0.00471	0.00487	0.03192	0.00347	0.00341
66	0.01157	0.01157	0.01619	0.01388	0.01388	0.01619	0.01157	0.01272	0.00810	0.01272	0.00694	0.01157	0.00694	0.00925	0.01735	0.00231	0.80453	0.00463	0.00231	0.00578
67	0.01771	0.18298	0.01738	0.01230	0.01541	0.47599	0.00983	0.08526	0.06413	0.01521	0.00933	0.01052	0.00772	0.00615	0.01787	0.00151	0.03740	0.00366	0.00302	0.00662
68	0.00647	0.00461	0.00613	0.00733	0.00763	0.00431	0.00487	0.00737	0.01007	0.01343	0.02887	0.79431	0.03463	0.03347	0.00717	0.00221	0.00311	0.01487	0.00487	0.00427
69	0.01137	0.00936	0.01084	0.00824	0.01231	0.00788	0.00656	0.04356	0.07901	0.03770	0.01427	0.03213	0.05988	0.00611	0.02130	0.00121	0.01735	0.00436	0.00364	0.61292
70	0.01072	0.00740	0.00628	0.00610	0.00745	0.09942	0.00451	0.01289	0.01154	0.01827	0.04759	0.02098	0.03519	0.05274	0.00532	0.00150	0.00347	0.00526	0.63842	0.00496
71	0.79715	0.01120	0.00824	0.00739	0.01062	0.06295	0.00602	0.01590	0.00939	0.02301	0.00741	0.00865	0.00580	0.00494	0.00337	0.00162	0.00445	0.00290	0.00324	0.00575
72	0.01965	0.00828	0.01107	0.00880	0.01222	0.00733	0.00714	0.03405	0.02733	0.58082	0.18511	0.02320	0.03546	0.00760	0.00553	0.00165	0.00405	0.00635	0.00632	0.00803
73	0.09519	0.01449	0.01435	0.01148	0.01509	0.08226	0.00935	0.52436	0.05755	0.02853	0.01219	0.01267	0.00897	0.00630	0.00555	0.00160	0.04284	0.00453	0.04463	0.00807
74	0.00675	0.00525	0.00614	0.00619	0.00752	0.00463	0.00454	0.00846	0.01283	0.01679	0.32634	0.17594	0.37376	0.01294	0.00633	0.00180	0.00267	0.01121	0.00526	0.00463
75	0.00634	0.00536	0.00548	0.00545	0.00719	0.00450	0.00409	0.00776	0.01226	0.01478	0.10532	0.05006	0.72702	0.01320	0.00625	0.00178	0.00266	0.01104	0.00497	0.00450
76	0.00650	0.00474	0.00610	0.00715	0.00764	0.00438	0.00485	0.00748	0.01032	0.01355	0.03150	0.68613	0.11762	0.03769	0.00725	0.00219	0.00312	0.03261	0.00486	0.00430
77	0.80500	0.01015	0.00802	0.00709	0.01041	0.01163	0.00584	0.01611	0.00934	0.06653	0.00812	0.00912	0.00614	0.00500	0.00339	0.00164	0.00411	0.00300	0.00346	0.00591
78	0.01917	0.02315	0.01466	0.01318	0.01595	0.67465	0.00995	0.09858	0.01579	0.01511	0.00962	0.04708	0.00835	0.00606	0.00491	0.00142	0.00884	0.00409	0.00310	0.00634
79	0.01975	0.02520	0.01498	0.01362	0.01634	0.79299	0.01021	0.02111	0.01498	0.01294	0.00817	0.00953	0.00681	0.00545	0.00477	0.00136	0.00953	0.00340	0.00272	0.00613
80	0.85155	0.01022	0.00777	0.00695	0.01022	0.01186	0.00573	0.01554	0.00900	0.02372	0.00736	0.00859	0.00573	0.00491	0.00327	0.00164	0.00409	0.00286	0.00327	0.00573
81	0.00753	0.00530	0.00689	0.00699	0.00739	0.00566	0.00471	0.00837	0.00821	0.01132	0.01664	0.09030	0.01805	0.43971	0.33355	0.00625	0.00860	0.00745	0.00319	0.00390
82	0.00699	0.00541	0.00599	0.00589	0.00751	0.00466	0.00440	0.00861	0.01272	0.03514	0.22688	0.09269	0.53887	0.01278	0.00625	0.00177	0.00270	0.01086	0.00517	0.00469
83	0.00918	0.00459	0.00689	0.00689	0.00689	0.00459	0.00459	0.00689	0.00689	0.00918	0.00918	0.01607	0.00918	0.01837	0.02066	0.84619	0.00459	0.00459	0.00230	0.00230
84	0.00638	0.00527	0.00560	0.00571	0.00727	0.00449	0.00421	0.00778	0.01209	0.01483	0.11730	0.13748	0.62630	0.01352	0.00630	0.00182	0.00271	0.01146	0.00499	0.00449
85	0.10118	0.00903	0.01015	0.00898	0.01129	0.01017	0.00715	0.20296	0.10589	0.02114	0.01444	0.01715	0.01176	0.01845	0.29317	0.00409	0.00797	0.00506	0.13359	0.00638
86	0.01215	0.00928	0.01113	0.02706	0.01293	0.00777	0.00678	0.01494	0.04082	0.08694	0.01124	0.01255	0.00890	0.00469	0.00474	0.00102	0.04116	0.00365	0.05161	0.63065
87	0.01270	0.01190	0.04773	0.01161	0.05717	0.06585	0.00882	0.05220	0.40582	0.04158	0.02160	0.09824	0.07060	0.01916	0.00600	0.00181	0.01817	0.02115	0.00471	0.02317
88	0.10504	0.00914	0.02359	0.01017	0.06154	0.00847	0.03657	0.05936	0.05638	0.05212	0.16064	0.04398	0.08915	0.00773	0.00520	0.00152	0.00416	0.05416	0.00431	0.20675
89	0.12216	0.04749	0.16882	0.05877	0.05108	0.15191	0.07336	0.05769	0.04288	0.06772	0.01081	0.03501	0.00858	0.00586	0.00567	0.00164	0.05772	0.00449	0.00319	0.02515

[dist]
# distance from previous block
# <min> <max>
2	9

[block]
# block no. 5 follows, 46 sequences, length 9
# corresponding to MSA columns:
# 376-384
name=unknown_F
#
# <colnr> <probs for GDERKNQSTAVLIFYWHMCP>
#	G	D	E	R	K	N	Q	S	T	A	V	L	I	F	Y	W	H	M	C	P
0	0.10577	0.17079	0.06744	0.01110	0.03048	0.01362	0.02666	0.09354	0.06982	0.17360	0.03727	0.03819	0.01120	0.00664	0.00652	0.00166	0.11963	0.00480	0.00399	0.00729
1	0.49945	0.12492	0.01079	0.00757	0.01050	0.01180	0.00627	0.05541	0.01080	0.02106	0.07809	0.11801	0.01381	0.00700	0.00412	0.00163	0.00413	0.00516	0.00368	0.00580
2	0.50086	0.08406	0.12264	0.00937	0.01335	0.01355	0.00889	0.11490	0.01152	0.02240	0.00835	0.00966	0.00646	0.00532	0.00458	0.00163	0.04929	0.00336	0.00325	0.00655
3	0.01038	0.00766	0.00878	0.00786	0.00918	0.00822	0.00567	0.17472	0.01222	0.01630	0.02028	0.02916	0.12442	0.37917	0.12311	0.00420	0.04274	0.00712	0.00382	0.00498
4	0.01111	0.01184	0.17089	0.11502	0.01642	0.00913	0.01018	0.01622	0.14099	0.10548	0.09486	0.09140	0.08576	0.02600	0.06891	0.00236	0.00577	0.00692	0.00418	0.00657
5	0.01451	0.01472	0.04336	0.01540	0.01911	0.12467	0.27272	0.11743	0.11517	0.05290	0.01442	0.04976	0.03710	0.00658	0.00670	0.00175	0.07695	0.00590	0.00369	0.00717
6	0.01765	0.15008	0.01595	0.01133	0.01452	0.32071	0.00915	0.14080	0.01499	0.11859	0.01132	0.01261	0.00891	0.01049	0.11763	0.00242	0.00827	0.00411	0.00359	0.00689
7	0.00902	0.12309	0.01291	0.00971	0.01140	0.03538	0.10618	0.01040	0.01053	0.01352	0.02199	0.45624	0.04312	0.04930	0.00766	0.03867	0.00463	0.02732	0.00396	0.00497
8	0.01181	0.05521	0.38417	0.12078	0.09503	0.03090	0.04223	0.05401	0.01154	0.01637	0.00924	0.01182	0.00711	0.00567	0.00682	0.00174	0.12156	0.00426	0.00248	0.00727

[dist]
# distance from previous block
# <min> <max>
0	1

[block]
# block no. 6 follows, 46 sequences, length 41
# corresponding to MSA columns:
# 386-426
name=unknown_G
#
# <colnr> <probs for GDERKNQSTAVLIFYWHMCP>
#	G	D	E	R	K	N	Q	S	T	A	V	L	I	F	Y	W	H	M	C	P
0	0.01208	0.01055	0.05102	0.11274	0.03379	0.02791	0.00869	0.04655	0.06450	0.07427	0.11193	0.01647	0.01424	0.00579	0.00507	0.00131	0.02329	0.00475	0.01746	0.35758
1	0.00715	0.00537	0.00650	0.00623	0.00754	0.00485	0.00460	0.00915	0.01366	0.01852	0.52331	0.04240	0.25453	0.06395	0.00759	0.00192	0.00272	0.00989	0.00539	0.00472
2	0.01576	0.09024	0.03498	0.03294	0.04440	0.03543	0.04645	0.29797	0.02897	0.06108	0.01126	0.01216	0.00852	0.00524	0.00473	0.00132	0.00551	0.00415	0.00397	0.25493
3	0.03086	0.03918	0.03687	0.16189	0.17855	0.01038	0.11778	0.02783	0.03171	0.01575	0.01628	0.17478	0.03618	0.00992	0.04993	0.00218	0.00633	0.04394	0.00333	0.00632
4	0.02793	0.03779	0.22197	0.01227	0.01703	0.01329	0.02240	0.27261	0.08859	0.12967	0.03426	0.01418	0.01049	0.00624	0.00584	0.00166	0.05073	0.00476	0.00431	0.02397
5	0.01391	0.61919	0.13021	0.01023	0.01501	0.06278	0.01051	0.01694	0.05375	0.01360	0.00848	0.00954	0.00730	0.00479	0.00380	0.00126	0.00609	0.00318	0.00246	0.00698
6	0.01009	0.00954	0.01588	0.75012	0.03494	0.01204	0.01448	0.01346	0.01041	0.01346	0.00924	0.01393	0.00704	0.00554	0.00607	0.00180	0.05908	0.00469	0.00235	0.00587
7	0.03297	0.02505	0.68056	0.04343	0.02291	0.01212	0.05739	0.01639	0.01117	0.01676	0.01052	0.01229	0.02474	0.00519	0.00508	0.00168	0.00762	0.00420	0.00235	0.00757
8	0.00964	0.00667	0.00838	0.03902	0.01020	0.00652	0.00598	0.05432	0.06284	0.07556	0.48862	0.08550	0.10513	0.01040	0.00606	0.00171	0.00317	0.00906	0.00553	0.00566
9	0.00719	0.00540	0.00587	0.00587	0.00749	0.00469	0.00442	0.00879	0.01231	0.03429	0.13997	0.09180	0.53936	0.01259	0.00610	0.00177	0.00279	0.03736	0.06725	0.00468
10	0.04871	0.01071	0.01264	0.00986	0.01364	0.01075	0.00810	0.29569	0.01816	0.39024	0.04445	0.01664	0.01270	0.00654	0.00513	0.00158	0.00473	0.00515	0.07619	0.00840
11	0.00998	0.00940	0.01586	0.80150	0.03641	0.01175	0.01468	0.01351	0.01057	0.01351	0.00940	0.01409	0.00705	0.00529	0.00529	0.00176	0.00705	0.00470	0.00235	0.00587
12	0.00691	0.00512	0.00650	0.00733	0.00799	0.00487	0.00504	0.00881	0.05350	0.01483	0.10718	0.63140	0.09032	0.01521	0.00658	0.00205	0.00304	0.01368	0.00503	0.00461
13	0.01021	0.00963	0.01627	0.74521	0.09093	0.01181	0.01479	0.01371	0.01068	0.01378	0.00944	0.01402	0.00714	0.00524	0.00528	0.00175	0.00699	0.00470	0.00237	0.00606
14	0.01975	0.02520	0.01498	0.01362	0.01634	0.79299	0.01021	0.02111	0.01498	0.01294	0.00817	0.00953	0.00681	0.00545	0.00477	0.00136	0.00953	0.00340	0.00272	0.00613
15	0.01063	0.00583	0.00602	0.00566	0.00716	0.00595	0.00433	0.07870	0.01252	0.02100	0.05957	0.02020	0.01519	0.00644	0.00398	0.00129	0.00276	0.00517	0.72232	0.00529
16	0.00650	0.00532	0.00573	0.00573	0.00732	0.00455	0.00426	0.00803	0.01249	0.01556	0.19130	0.09777	0.59086	0.01310	0.00628	0.00178	0.00267	0.01110	0.00508	0.00455
17	0.00892	0.00640	0.00889	0.00906	0.03113	0.00611	0.04582	0.03833	0.03649	0.06387	0.08811	0.46821	0.09506	0.03643	0.00700	0.00207	0.00373	0.03426	0.00488	0.00522
18	0.07105	0.00915	0.01105	0.00900	0.01230	0.00882	0.00725	0.15668	0.01550	0.41353	0.02128	0.11565	0.06060	0.00802	0.00532	0.00167	0.00431	0.00658	0.05454	0.00770
19	0.00643	0.00463	0.00610	0.00728	0.00765	0.00430	0.00487	0.00737	0.01020	0.01353	0.03011	0.78048	0.06461	0.01644	0.00673	0.00213	0.00305	0.01487	0.00491	0.00430
20	0.01993	0.00998	0.01215	0.00960	0.01322	0.02430	0.00782	0.17437	0.03877	0.47022	0.11849	0.02064	0.04140	0.00727	0.00545	0.00163	0.00454	0.00592	0.00603	0.00826
21	0.01633	0.04339	0.10847	0.05898	0.09287	0.07025	0.09448	0.11167	0.07069	0.20744	0.04076	0.01516	0.01113	0.00597	0.00563	0.00164	0.02810	0.00504	0.00416	0.00784
22	0.01332	0.01132	0.01543	0.03437	0.01540	0.03757	0.12375	0.19483	0.02445	0.01981	0.01185	0.01476	0.00957	0.00965	0.07798	0.00234	0.20558	0.00504	0.16640	0.00655
23	0.04064	0.06570	0.01896	0.14113	0.42069	0.10079	0.01376	0.03667	0.01200	0.01615	0.00949	0.01258	0.00793	0.00641	0.03408	0.00184	0.04681	0.00441	0.00265	0.00731
24	0.00761	0.00562	0.00731	0.00795	0.00918	0.00533	0.00647	0.00967	0.01250	0.01639	0.19206	0.14152	0.18145	0.01379	0.00681	0.00211	0.00373	0.36068	0.00508	0.00475
25	0.00876	0.00675	0.00993	0.00996	0.01152	0.00657	0.06545	0.03803	0.01237	0.01635	0.06769	0.20269	0.05343	0.01342	0.00686	0.00219	0.00463	0.43399	0.00474	0.02467
26	0.00642	0.00470	0.00603	0.00711	0.00760	0.00432	0.00479	0.00739	0.01037	0.01360	0.03225	0.71386	0.12986	0.01616	0.00668	0.00210	0.00302	0.01454	0.00491	0.00432
27	0.00856	0.03625	0.00920	0.00830	0.00943	0.00753	0.00635	0.04505	0.03023	0.01320	0.01445	0.02219	0.01385	0.16373	0.57908	0.00716	0.01169	0.00586	0.00306	0.00485
28	0.01413	0.81739	0.02770	0.00905	0.01357	0.02092	0.00905	0.01583	0.01074	0.01244	0.00735	0.00848	0.00678	0.00452	0.00339	0.00113	0.00565	0.00283	0.00226	0.00678
29	0.01386	0.01240	0.01231	0.01100	0.01402	0.06416	0.00856	0.05694	0.69256	0.02196	0.02029	0.01878	0.01524	0.00703	0.00534	0.00176	0.00460	0.00576	0.00520	0.00825
30	0.01924	0.01472	0.01536	0.01204	0.01607	0.04096	0.00985	0.65047	0.11518	0.03130	0.01362	0.01344	0.00979	0.00642	0.00528	0.00160	0.00574	0.00486	0.00522	0.00882
31	0.00668	0.00536	0.00596	0.00584	0.00741	0.00464	0.00437	0.00841	0.01303	0.01667	0.30477	0.06106	0.51208	0.01255	0.00625	0.00175	0.00262	0.01067	0.00523	0.00464
32	0.00825	0.00694	0.00886	0.00889	0.01023	0.03178	0.05361	0.01124	0.09503	0.01520	0.04418	0.42960	0.13395	0.01359	0.00649	0.00204	0.00394	0.10631	0.00476	0.00509
