[name]
unknown

[dist]
# distance from previous block
# <min> <max>
4	42

[block]
# block no. 0 follows, 50 sequences, length 33
# corresponding to MSA columns:
# 42-59,63-77
name=unknown_A
#
# <colnr> <probs for GDERKNQSTAVLIFYWHMCP>
#	G	D	E	R	K	N	Q	S	T	A	V	L	I	F	Y	W	H	M	C	P
0	0.03955	0.18908	0.10263	0.03214	0.12860	0.11503	0.10813	0.13369	0.04046	0.03079	0.01082	0.02595	0.00883	0.00570	0.00501	0.00161	0.00670	0.00449	0.00330	0.00749
1	0.01343	0.11780	0.15613	0.03194	0.18588	0.06052	0.14035	0.04441	0.03179	0.06240	0.02714	0.01665	0.07596	0.00614	0.00534	0.00168	0.00651	0.00522	0.00332	0.00741
2	0.00901	0.00749	0.00765	0.00739	0.00899	0.05596	0.00546	0.06196	0.01342	0.01721	0.24150	0.16180	0.34437	0.01206	0.00623	0.00185	0.00354	0.02380	0.00506	0.00524
3	0.01258	0.02790	0.21746	0.07969	0.09780	0.01100	0.06913	0.09356	0.06649	0.06732	0.10581	0.05029	0.01596	0.00731	0.00565	0.00181	0.00593	0.05308	0.00393	0.00729
4	0.01837	0.03133	0.03607	0.02735	0.04379	0.06735	0.02616	0.15022	0.01508	0.36864	0.01734	0.08288	0.01367	0.05692	0.00672	0.00194	0.00539	0.01787	0.00513	0.00779
5	0.00700	0.00611	0.00613	0.00616	0.00753	0.05452	0.00452	0.00845	0.01188	0.01482	0.22085	0.17660	0.43338	0.01209	0.00588	0.00169	0.00295	0.01033	0.00470	0.00440
6	0.66582	0.00995	0.05677	0.00696	0.00999	0.01025	0.00606	0.02563	0.00908	0.02117	0.00922	0.05849	0.00783	0.00543	0.00345	0.00154	0.00390	0.00366	0.07937	0.00542
7	0.06054	0.05814	0.06564	0.12476	0.19232	0.05925	0.09944	0.07439	0.02911	0.06148	0.01085	0.01479	0.00906	0.11054	0.00745	0.00194	0.00612	0.00471	0.00298	0.00650
8	0.00752	0.00619	0.00796	0.00734	0.00898	0.00590	0.05147	0.01081	0.10563	0.01648	0.28273	0.12399	0.28484	0.03450	0.00642	0.00179	0.00315	0.02460	0.00479	0.00492
9	0.00637	0.00474	0.00636	0.00731	0.00758	0.00473	0.00501	0.00725	0.00943	0.01268	0.02621	0.77250	0.03137	0.01520	0.00697	0.00203	0.05210	0.01358	0.00448	0.00413
10	0.03903	0.01550	0.02836	0.01031	0.01280	0.36027	0.00804	0.12965	0.04972	0.03092	0.17709	0.04949	0.03654	0.00702	0.00495	0.00145	0.00603	0.00541	0.02145	0.00599
11	0.01459	0.51900	0.02100	0.00967	0.01327	0.25304	0.00859	0.03374	0.01171	0.01243	0.00992	0.01080	0.05399	0.00507	0.00379	0.00118	0.00626	0.00335	0.00248	0.00613
12	0.02461	0.02532	0.02531	0.07408	0.12690	0.02414	0.03141	0.10351	0.13761	0.07786	0.07862	0.01736	0.05982	0.00600	0.00483	0.00141	0.00467	0.00509	0.00391	0.16755
13	0.12119	0.02674	0.07231	0.03546	0.21038	0.18060	0.02627	0.12530	0.03571	0.06643	0.01078	0.04758	0.00879	0.00553	0.00467	0.00149	0.00612	0.00442	0.00329	0.00694
14	0.01126	0.01043	0.03298	0.39844	0.15611	0.01104	0.16777	0.01456	0.01091	0.06793	0.02450	0.01391	0.00834	0.00500	0.00534	0.00162	0.02138	0.00484	0.02729	0.00636
15	0.01103	0.12662	0.01333	0.00931	0.06545	0.00924	0.00705	0.01395	0.05896	0.01589	0.00933	0.01066	0.00777	0.00402	0.00379	0.00090	0.00409	0.00318	0.00294	0.62251
16	0.00627	0.00448	0.00601	0.00717	0.00754	0.00422	0.00497	0.00728	0.00974	0.01294	0.02736	0.74478	0.03254	0.01543	0.00641	0.00205	0.00306	0.08903	0.00462	0.00410
17	0.01300	0.01120	0.01728	0.05461	0.43265	0.01115	0.05053	0.06862	0.09227	0.06661	0.01127	0.01307	0.00883	0.00480	0.00484	0.00142	0.00543	0.00447	0.00320	0.12474
18	0.01346	0.12759	0.41157	0.01192	0.01748	0.01197	0.02645	0.06388	0.06276	0.16685	0.01215	0.03229	0.00889	0.00542	0.00468	0.00152	0.00606	0.00428	0.00333	0.00746
19	0.00941	0.00886	0.01495	0.81285	0.03433	0.01107	0.01384	0.01274	0.00997	0.01274	0.00886	0.01329	0.00664	0.00498	0.00498	0.00166	0.00664	0.00443	0.00221	0.00554
20	0.00724	0.00487	0.00561	0.00561	0.00567	0.00493	0.00324	0.00736	0.00730	0.00979	0.01554	0.03173	0.01773	0.77103	0.07864	0.00505	0.00541	0.00712	0.00300	0.00312
21	0.00941	0.00886	0.01495	0.81285	0.03433	0.01107	0.01384	0.01274	0.00997	0.01274	0.00886	0.01329	0.00664	0.00498	0.00498	0.00166	0.00664	0.00443	0.00221	0.00554
22	0.02236	0.00848	0.01157	0.00887	0.01272	0.00733	0.00733	0.02429	0.01427	0.79719	0.01966	0.01697	0.01234	0.00617	0.00501	0.00154	0.00424	0.00501	0.00617	0.00848
23	0.00607	0.00434	0.00578	0.00694	0.00723	0.00405	0.00463	0.00694	0.00954	0.01272	0.02747	0.82157	0.03297	0.01562	0.00636	0.00202	0.00289	0.01417	0.00463	0.00405
24	0.00725	0.00483	0.00544	0.00544	0.00544	0.00483	0.00302	0.00725	0.00725	0.00966	0.01571	0.03262	0.01812	0.82483	0.02537	0.00483	0.00483	0.00725	0.00302	0.00302
25	0.01239	0.01051	0.01122	0.01014	0.01289	0.01208	0.00797	0.05914	0.69766	0.02092	0.02033	0.02087	0.01583	0.00721	0.00519	0.00172	0.00406	0.05714	0.00504	0.00769
26	0.00607	0.00434	0.00578	0.00694	0.00723	0.00405	0.00463	0.00694	0.00954	0.01272	0.02747	0.82157	0.03297	0.01562	0.00636	0.00202	0.00289	0.01417	0.00463	0.00405
27	0.01033	0.00980	0.01661	0.56630	0.27368	0.01132	0.01430	0.01354	0.01040	0.01385	0.00902	0.01299	0.00704	0.00481	0.00497	0.00160	0.00642	0.00443	0.00229	0.00628
28	0.07754	0.02163	0.01349	0.01218	0.01485	0.67369	0.00922	0.04439	0.06237	0.01408	0.00858	0.00962	0.00697	0.00523	0.00445	0.00133	0.00820	0.00337	0.00284	0.00597
29	0.00639	0.00523	0.00700	0.00703	0.00822	0.00467	0.05266	0.00768	0.01059	0.01350	0.06395	0.42677	0.34099	0.01348	0.00612	0.00185	0.00307	0.01197	0.00453	0.00431
30	0.78382	0.01069	0.02603	0.00755	0.02768	0.04690	0.00611	0.01493	0.00885	0.02162	0.00708	0.00829	0.00552	0.00465	0.00323	0.00153	0.00421	0.00278	0.00303	0.00552
31	0.82220	0.01027	0.00763	0.00684	0.00990	0.04687	0.00559	0.01489	0.00874	0.02191	0.00697	0.00814	0.00544	0.00465	0.00315	0.00153	0.00409	0.00272	0.00306	0.00542
32	0.04386	0.07781	0.11636	0.03806	0.13784	0.01116	0.01032	0.13718	0.01290	0.11305	0.01080	0.02599	0.00836	0.00510	0.00481	0.00133	0.03052	0.00404	0.00340	0.20711

[dist]
# distance from previous block
# <min> <max>
0	2

[block]
# block no. 1 follows, 50 sequences, length 9
# corresponding to MSA columns:
# 80-88
name=unknown_B
#
# <colnr> <probs for GDERKNQSTAVLIFYWHMCP>
#	G	D	E	R	K	N	Q	S	T	A	V	L	I	F	Y	W	H	M	C	P
0	0.00634	0.00537	0.00638	0.00603	0.00769	0.00463	0.03668	0.00788	0.01172	0.01457	0.16597	0.08760	0.59739	0.01204	0.00591	0.00168	0.00277	0.01028	0.00468	0.00438
1	0.04734	0.18960	0.21030	0.04522	0.08975	0.05745	0.07384	0.06940	0.05506	0.07962	0.01020	0.01138	0.00772	0.00488	0.00448	0.00143	0.00613	0.00393	0.00296	0.02930
2	0.03459	0.00918	0.08000	0.00964	0.01215	0.00799	0.11894	0.09897	0.01134	0.05906	0.03775	0.01651	0.02807	0.01047	0.05911	0.20051	0.00533	0.00493	0.19020	0.00525
3	0.00589	0.00505	0.00505	0.00505	0.00673	0.00421	0.00379	0.00715	0.01136	0.01347	0.05049	0.04797	0.79171	0.01262	0.00589	0.00168	0.00252	0.01052	0.00463	0.00421
4	0.07274	0.01447	0.09598	0.01393	0.09861	0.05893	0.05706	0.37059	0.01685	0.05315	0.03814	0.01253	0.00919	0.00578	0.00563	0.00155	0.05903	0.00446	0.00388	0.00750
5	0.01254	0.04708	0.12426	0.22287	0.19275	0.05275	0.14183	0.08441	0.01226	0.04751	0.00977	0.01233	0.00740	0.00482	0.00499	0.00155	0.00674	0.00447	0.00273	0.00693
6	0.13082	0.00691	0.00723	0.00636	0.00853	0.00709	0.00503	0.06403	0.04696	0.16071	0.01549	0.01641	0.01151	0.00576	0.00387	0.00133	0.00316	0.00448	0.48848	0.00584
7	0.00708	0.00476	0.00549	0.00565	0.00569	0.00472	0.00325	0.00720	0.00758	0.01010	0.01739	0.14552	0.02025	0.70902	0.02265	0.00443	0.00455	0.00824	0.00325	0.00317
8	0.08565	0.12519	0.10073	0.06022	0.10382	0.06245	0.02864	0.09977	0.04710	0.05003	0.07869	0.07748	0.01350	0.00645	0.00472	0.00151	0.00527	0.01920	0.02308	0.00649

[dist]
# distance from previous block
# <min> <max>
0	1

[block]
# block no. 2 follows, 50 sequences, length 54
# corresponding to MSA columns:
# 90-132,135-145
name=unknown_C
#
# <colnr> <probs for GDERKNQSTAVLIFYWHMCP>
#	G	D	E	R	K	N	Q	S	T	A	V	L	I	F	Y	W	H	M	C	P
0	0.01323	0.80495	0.04816	0.00869	0.01304	0.01949	0.00881	0.01495	0.01014	0.01184	0.00699	0.00807	0.00639	0.00428	0.00324	0.00108	0.00539	0.00269	0.00213	0.00642
1	0.07585	0.20491	0.13077	0.01218	0.09527	0.02751	0.03083	0.14131	0.02672	0.01810	0.00907	0.01034	0.00721	0.00460	0.00413	0.00125	0.00538	0.00351	0.00295	0.18810
2	0.01895	0.01396	0.01496	0.01147	0.01546	0.01546	0.00947	0.77711	0.02344	0.03141	0.01197	0.01197	0.00848	0.00598	0.00499	0.00150	0.00548	0.00449	0.00499	0.00848
3	0.02002	0.02635	0.06240	0.00898	0.01283	0.00763	0.00784	0.02222	0.01392	0.66128	0.08718	0.01816	0.01490	0.00639	0.00503	0.00154	0.00430	0.00523	0.00576	0.00803
4	0.00607	0.00434	0.00578	0.00694	0.00723	0.00405	0.00463	0.00694	0.00954	0.01272	0.02747	0.82157	0.03297	0.01562	0.00636	0.00202	0.00289	0.01417	0.00463	0.00405
5	0.00607	0.00434	0.00578	0.00694	0.00723	0.00405	0.00463	0.00694	0.00954	0.01272	0.02747	0.82157	0.03297	0.01562	0.00636	0.00202	0.00289	0.01417	0.00463	0.00405
6	0.01250	0.01232	0.01928	0.02853	0.71289	0.06287	0.01452	0.01527	0.01146	0.01588	0.00997	0.04346	0.00877	0.00492	0.00496	0.00149	0.00600	0.00474	0.00256	0.00761
7	0.01091	0.01091	0.01527	0.01309	0.01309	0.01527	0.01091	0.01200	0.00763	0.01200	0.00654	0.01091	0.00654	0.00872	0.01636	0.00218	0.81570	0.00436	0.00218	0.00545
8	0.01000	0.02578	0.79900	0.01421	0.02157	0.01158	0.01842	0.01579	0.01052	0.01579	0.00895	0.01052	0.00631	0.00474	0.00474	0.00158	0.00737	0.00368	0.00210	0.00737
9	0.00657	0.00439	0.00561	0.00658	0.00701	0.00414	0.00445	0.00767	0.00968	0.01364	0.02573	0.69666	0.02983	0.01409	0.00591	0.00189	0.00280	0.01269	0.13652	0.00414
10	0.02236	0.00848	0.01157	0.00887	0.01272	0.00733	0.00733	0.02429	0.01427	0.79719	0.01966	0.01697	0.01234	0.00617	0.00501	0.00154	0.00424	0.00501	0.00617	0.00848
11	0.00713	0.00531	0.00785	0.00785	0.00868	0.00614	0.00603	0.00880	0.00796	0.01145	0.01350	0.02041	0.01282	0.08735	0.75560	0.00781	0.01281	0.00546	0.00269	0.00436
12	0.00929	0.00465	0.00465	0.00465	0.00581	0.00465	0.00348	0.01161	0.01045	0.01858	0.01626	0.01858	0.01278	0.00581	0.00348	0.00116	0.00232	0.00465	0.85250	0.00465
13	0.00615	0.00439	0.00587	0.00703	0.00735	0.00411	0.00476	0.00707	0.00962	0.01281	0.02743	0.79154	0.03280	0.01554	0.00638	0.00203	0.00296	0.04345	0.00463	0.00407
14	0.86003	0.00964	0.00733	0.00655	0.00964	0.01118	0.00540	0.01465	0.00848	0.02236	0.00694	0.00810	0.00540	0.00463	0.00308	0.00154	0.00386	0.00270	0.00308	0.00540
15	0.01176	0.01345	0.02941	0.02101	0.02605	0.01261	0.77563	0.01597	0.01176	0.01597	0.01008	0.01345	0.00756	0.00420	0.00588	0.00168	0.00840	0.00588	0.00252	0.00672
16	0.00802	0.00585	0.00792	0.00890	0.01013	0.00586	0.00768	0.01067	0.04138	0.01500	0.02774	0.07108	0.07765	0.01346	0.00674	0.00223	0.00439	0.66602	0.00461	0.00468
17	0.03174	0.01346	0.02598	0.10665	0.05575	0.06365	0.59565	0.01581	0.01163	0.01553	0.00970	0.01297	0.00735	0.00437	0.00559	0.00164	0.00805	0.00542	0.00250	0.00655
18	0.01389	0.74408	0.02493	0.00889	0.01307	0.04978	0.00863	0.06445	0.01114	0.01302	0.00729	0.00829	0.00653	0.00441	0.00336	0.00110	0.00548	0.00280	0.00233	0.00651
19	0.01221	0.09930	0.16267	0.05337	0.12237	0.01112	0.03266	0.10231	0.01213	0.05653	0.02289	0.03951	0.00920	0.02263	0.00518	0.00141	0.02126	0.00430	0.00307	0.20588
20	0.01181	0.03352	0.05577	0.27631	0.11330	0.01083	0.02690	0.07697	0.03348	0.09443	0.01201	0.04513	0.00988	0.00968	0.09790	0.00239	0.05913	0.02105	0.00314	0.00636
21	0.02236	0.00848	0.01157	0.00887	0.01272	0.00733	0.00733	0.02429	0.01427	0.79719	0.01966	0.01697	0.01234	0.00617	0.00501	0.00154	0.00424	0.00501	0.00617	0.00848
22	0.00607	0.00489	0.00540	0.00562	0.00693	0.00423	0.00408	0.00737	0.01126	0.01405	0.13077	0.22282	0.53301	0.01302	0.00600	0.00175	0.00259	0.01118	0.00473	0.00423
23	0.04129	0.06589	0.01165	0.03143	0.01261	0.00816	0.00646	0.03892	0.01078	0.03435	0.00901	0.01039	0.00737	0.00394	0.00375	0.00086	0.00397	0.00307	0.00302	0.69310
24	0.00838	0.00681	0.00862	0.00934	0.08882	0.00679	0.00629	0.02738	0.13169	0.01780	0.33821	0.06182	0.19957	0.01102	0.04201	0.00192	0.00362	0.01973	0.00474	0.00545
25	0.00607	0.00434	0.00578	0.00694	0.00723	0.00405	0.00463	0.00694	0.00954	0.01272	0.02747	0.82157	0.03297	0.01562	0.00636	0.00202	0.00289	0.01417	0.00463	0.00405
26	0.00980	0.01004	0.10835	0.02663	0.07709	0.00839	0.00831	0.09323	0.11426	0.02991	0.18004	0.03979	0.22101	0.00946	0.02639	0.00179	0.00431	0.02086	0.00432	0.00604
27	0.01446	0.07257	0.09925	0.11287	0.20283	0.08211	0.02942	0.16465	0.03400	0.09265	0.01132	0.01274	0.02036	0.00533	0.00507	0.00150	0.02391	0.00435	0.00332	0.00729
28	0.00693	0.00520	0.00644	0.00615	0.00743	0.00477	0.00460	0.00930	0.03141	0.01855	0.60985	0.06125	0.18815	0.01073	0.00588	0.00161	0.00244	0.00937	0.00529	0.00466
29	0.00607	0.00434	0.00578	0.00694	0.00723	0.00405	0.00463	0.00694	0.00954	0.01272	0.02747	0.82157	0.03297	0.01562	0.00636	0.00202	0.00289	0.01417	0.00463	0.00405
30	0.03265	0.01607	0.24813	0.10081	0.23543	0.04141	0.09206	0.07411	0.01222	0.08470	0.01024	0.01216	0.00758	0.00486	0.00493	0.00155	0.00656	0.00433	0.00287	0.00733
31	0.01448	0.65188	0.02349	0.00947	0.01337	0.19151	0.00877	0.01601	0.01100	0.01183	0.00710	0.00821	0.00640	0.00446	0.00348	0.00111	0.00613	0.00278	0.00223	0.00626
32	0.02771	0.00974	0.03443	0.05692	0.14579	0.00992	0.00896	0.01880	0.29589	0.10407	0.11508	0.03400	0.05262	0.00692	0.00532	0.00160	0.02079	0.00588	0.01988	0.02567
33	0.06863	0.03158	0.05982	0.04746	0.08103	0.27398	0.06024	0.20676	0.06443	0.03221	0.01010	0.01127	0.00773	0.00533	0.00489	0.00147	0.01876	0.00404	0.00336	0.00693
34	0.01105	0.01398	0.11604	0.01885	0.02371	0.01167	0.60844	0.01514	0.01147	0.01569	0.01171	0.06707	0.00988	0.00537	0.00582	0.00171	0.00778	0.03538	0.00269	0.00654
35	0.01137	0.06728	0.64810	0.01344	0.02006	0.01216	0.01657	0.06532	0.01144	0.05391	0.00948	0.01080	0.00675	0.00496	0.00499	0.00156	0.02816	0.00376	0.00249	0.00739
36	0.01175	0.00872	0.01034	0.00768	0.01175	0.00699	0.00614	0.01471	0.06115	0.11199	0.05475	0.01319	0.01072	0.00456	0.00406	0.00094	0.00370	0.00372	0.00362	0.64951
37	0.00747	0.00556	0.00725	0.00810	0.00939	0.00534	0.00692	0.00950	0.01144	0.01454	0.03270	0.05406	0.22855	0.01347	0.00662	0.00213	0.00405	0.56382	0.00460	0.00449
38	0.00773	0.00533	0.00692	0.00652	0.00779	0.00497	0.00489	0.01029	0.03470	0.04964	0.69091	0.08671	0.04391	0.01029	0.00585	0.00160	0.00250	0.00910	0.00545	0.00489
39	0.00941	0.00886	0.01495	0.81285	0.03433	0.01107	0.01384	0.01274	0.00997	0.01274	0.00886	0.01329	0.00664	0.00498	0.00498	0.00166	0.00664	0.00443	0.00221	0.00554
40	0.01091	0.01091	0.01527	0.01309	0.01309	0.01527	0.01091	0.01200	0.00763	0.01200	0.00654	0.01091	0.00654	0.00872	0.01636	0.00218	0.81570	0.00436	0.00218	0.00545
41	0.01000	0.02578	0.79900	0.01421	0.02157	0.01158	0.01842	0.01579	0.01052	0.01579	0.00895	0.01052	0.00631	0.00474	0.00474	0.00158	0.00737	0.00368	0.00210	0.00737
42	0.02236	0.00848	0.01157	0.00887	0.01272	0.00733	0.00733	0.02429	0.01427	0.79719	0.01966	0.01697	0.01234	0.00617	0.00501	0.00154	0.00424	0.00501	0.00617	0.00848
43	0.63074	0.00932	0.00849	0.00719	0.01048	0.01013	0.00593	0.01729	0.01007	0.23445	0.01042	0.01052	0.00730	0.00505	0.00361	0.00154	0.00396	0.00333	0.00393	0.00624
44	0.01000	0.02578	0.79900	0.01421	0.02157	0.01158	0.01842	0.01579	0.01052	0.01579	0.00895	0.01052	0.00631	0.00474	0.00474	0.00158	0.00737	0.00368	0.00210	0.00737
45	0.04714	0.00852	0.01144	0.00880	0.01263	0.00744	0.00727	0.02401	0.01410	0.77427	0.01929	0.01670	0.01213	0.00612	0.00496	0.00154	0.00423	0.00494	0.00608	0.00839
46	0.00613	0.00448	0.00578	0.00680	0.00729	0.00413	0.00466	0.00710	0.00984	0.01290	0.03020	0.69890	0.12423	0.01518	0.00633	0.00199	0.00291	0.04245	0.00463	0.00409
47	0.82858	0.00960	0.00749	0.00664	0.00976	0.01104	0.00547	0.01501	0.00870	0.05146	0.00742	0.00843	0.00566	0.00468	0.00316	0.00154	0.00387	0.00279	0.00320	0.00551
48	0.02236	0.00848	0.01157	0.00887	0.01272	0.00733	0.00733	0.02429	0.01427	0.79719	0.01966	0.01697	0.01234	0.00617	0.00501	0.00154	0.00424	0.00501	0.00617	0.00848
49	0.00590	0.00501	0.00509	0.00515	0.00676	0.00420	0.00383	0.00714	0.01126	0.01343	0.04926	0.08929	0.75119	0.01278	0.00592	0.00170	0.00254	0.01071	0.00463	0.00420
50	0.79476	0.00955	0.00766	0.00674	0.00988	0.01088	0.00555	0.01540	0.00893	0.08274	0.00793	0.00879	0.00594	0.00475	0.00323	0.00154	0.00389	0.00288	0.00332	0.00564
51	0.01451	0.16696	0.02867	0.04309	0.05392	0.16553	0.00871	0.16365	0.01404	0.06896	0.06379	0.05942	0.01202	0.00617	0.00477	0.00138	0.02202	0.00473	0.06245	0.03520
52	0.01182	0.02104	0.02605	0.00967	0.04179	0.00853	0.03575	0.08011	0.07601	0.07953	0.01378	0.10714	0.02471	0.00610	0.00487	0.00124	0.02734	0.00512	0.00370	0.41570
53	0.03560	0.17069	0.24174	0.02644	0.10045	0.05693	0.03309	0.15622	0.03938	0.03304	0.02366	0.01138	0.00808	0.00520	0.00498	0.00147	0.03754	0.00395	0.00299	0.00718

[dist]
# distance from previous block
# <min> <max>
0	2

[block]
# block no. 3 follows, 50 sequences, length 19
# corresponding to MSA columns:
# 192-210
name=unknown_D
#
# <colnr> <probs for GDERKNQSTAVLIFYWHMCP>
#	G	D	E	R	K	N	Q	S	T	A	V	L	I	F	Y	W	H	M	C	P
0	0.01113	0.00690	0.00850	0.00749	0.00944	0.00671	0.00579	0.11671	0.03588	0.14233	0.42361	0.11044	0.05770	0.00943	0.00560	0.00160	0.00318	0.00816	0.02358	0.00581
1	0.00756	0.00633	0.04058	0.07191	0.04896	0.00552	0.00631	0.00921	0.01055	0.04162	0.06311	0.39791	0.20343	0.01197	0.00578	0.00179	0.00344	0.01057	0.04868	0.00475
2	0.02615	0.14171	0.25040	0.01115	0.01610	0.06609	0.02583	0.15457	0.01310	0.04786	0.00944	0.01053	0.00719	0.00484	0.00458	0.00131	0.02358	0.00359	0.00302	0.17897
3	0.00690	0.00538	0.00624	0.00632	0.00754	0.00506	0.00457	0.00944	0.08012	0.01552	0.24269	0.23366	0.29135	0.05375	0.00693	0.00190	0.00281	0.01041	0.00482	0.00457
4	0.00607	0.00434	0.00578	0.00694	0.00723	0.00405	0.00463	0.00694	0.00954	0.01272	0.02747	0.82157	0.03297	0.01562	0.00636	0.00202	0.00289	0.01417	0.00463	0.00405
5	0.01176	0.01740	0.32199	0.04524	0.27211	0.03207	0.10264	0.05454	0.01190	0.03353	0.04244	0.01283	0.00894	0.00492	0.00500	0.00155	0.00666	0.00449	0.00266	0.00733
6	0.01159	0.05115	0.28604	0.04438	0.35852	0.01227	0.07589	0.03324	0.03863	0.01624	0.00957	0.01184	0.00748	0.00471	0.00503	0.00153	0.01767	0.00426	0.00247	0.00747
7	0.00775	0.00618	0.00889	0.00853	0.00918	0.00753	0.00662	0.00921	0.00786	0.01142	0.01252	0.01969	0.01216	0.12445	0.58621	0.00669	0.14261	0.00540	0.00263	0.00445
8	0.01409	0.01014	0.01279	0.05480	0.11142	0.01073	0.02614	0.29410	0.06869	0.09034	0.06050	0.09519	0.03734	0.00713	0.00508	0.00155	0.00464	0.00603	0.08225	0.00704
9	0.01449	0.05682	0.13073	0.07068	0.14047	0.27433	0.06329	0.06831	0.05931	0.03249	0.00961	0.01130	0.00753	0.00515	0.00515	0.00148	0.03525	0.00402	0.00281	0.00677
10	0.01348	0.73512	0.02487	0.00896	0.01295	0.01923	0.00872	0.05525	0.01068	0.01279	0.00717	0.00838	0.00652	0.00463	0.00409	0.00116	0.05440	0.00286	0.00229	0.00645
11	0.01160	0.05116	0.01248	0.01059	0.11419	0.00818	0.00737	0.03060	0.01097	0.06064	0.00968	0.01108	0.00783	0.00406	0.00393	0.00092	0.00411	0.00332	0.02316	0.61412
12	0.01048	0.00788	0.00855	0.00755	0.00954	0.05200	0.00584	0.11505	0.05809	0.07285	0.43592	0.03141	0.14644	0.00924	0.00558	0.00156	0.00339	0.00784	0.00515	0.00563
13	0.00828	0.00707	0.00960	0.14245	0.03490	0.00670	0.03389	0.02839	0.01198	0.01618	0.23102	0.02952	0.25310	0.00842	0.00530	0.00147	0.00375	0.00727	0.00403	0.15670
14	0.01074	0.02337	0.68995	0.01340	0.02013	0.01109	0.01680	0.03904	0.01131	0.05649	0.05389	0.01241	0.00899	0.00516	0.00482	0.00157	0.00687	0.00408	0.00259	0.00731
15	0.00686	0.00509	0.00639	0.00606	0.00732	0.00462	0.00455	0.00902	0.01364	0.01888	0.66496	0.03906	0.17387	0.01060	0.00588	0.00159	0.00238	0.00927	0.00534	0.00462
16	0.02087	0.00918	0.01237	0.01055	0.06639	0.00841	0.00802	0.10176	0.01502	0.64071	0.04106	0.01673	0.01266	0.00615	0.00503	0.00153	0.00443	0.00504	0.00577	0.00833
17	0.01036	0.07330	0.69821	0.01358	0.02045	0.01213	0.01710	0.01647	0.06357	0.01589	0.00960	0.01092	0.00693	0.00485	0.00467	0.00156	0.00701	0.00376	0.00231	0.00734
18	0.01196	0.01027	0.01089	0.00992	0.01257	0.01183	0.00767	0.02515	0.73159	0.02029	0.02078	0.07364	0.01643	0.00737	0.00516	0.00171	0.00387	0.00622	0.00504	0.00763

[dist]
# distance from previous block
# <min> <max>
0	1

[block]
# block no. 4 follows, 50 sequences, length 14
# corresponding to MSA columns:
# 212-225
name=unknown_E
#
# <colnr> <probs for GDERKNQSTAVLIFYWHMCP>
#	G	D	E	R	K	N	Q	S	T	A	V	L	I	F	Y	W	H	M	C	P
0	0.03309	0.01382	0.13147	0.01659	0.02123	0.01148	0.45933	0.04525	0.01191	0.06787	0.01438	0.01637	0.08507	0.00552	0.00603	0.00167	0.04348	0.00577	0.00301	0.00666
1	0.00604	0.00448	0.00564	0.00657	0.00713	0.00408	0.00446	0.00698	0.00990	0.01287	0.03196	0.67062	0.18103	0.01503	0.00627	0.00196	0.00282	0.01346	0.00463	0.00408
2	0.02076	0.00807	0.01100	0.00868	0.01218	0.00700	0.00706	0.02258	0.01380	0.71973	0.02044	0.09641	0.01438	0.00710	0.00515	0.00159	0.00411	0.00592	0.00602	0.00804
3	0.00652	0.02531	0.00649	0.00665	0.00739	0.00464	0.00468	0.00785	0.01098	0.01479	0.24302	0.52208	0.09403	0.01358	0.00611	0.00185	0.00277	0.01216	0.00481	0.00430
4	0.05566	0.13145	0.13470	0.19099	0.12276	0.04075	0.06183	0.02808	0.02608	0.04744	0.01019	0.01241	0.00787	0.00490	0.00445	0.00145	0.00584	0.00410	0.10260	0.00644
5	0.00924	0.00845	0.01395	0.65066	0.07706	0.01021	0.01247	0.01210	0.00977	0.01265	0.01036	0.04956	0.00898	0.08635	0.00705	0.00198	0.00626	0.00512	0.00241	0.00537
6	0.00677	0.00531	0.00619	0.00653	0.00766	0.00501	0.00468	0.00927	0.08730	0.01473	0.13502	0.37785	0.28927	0.01302	0.00601	0.00182	0.00280	0.01142	0.00478	0.00457
7	0.01230	0.05166	0.24072	0.08900	0.25198	0.06295	0.13538	0.05052	0.01180	0.03315	0.00945	0.01177	0.00725	0.00468	0.00493	0.00153	0.00690	0.00431	0.00254	0.00719
8	0.00884	0.05506	0.00771	0.00663	0.00692	0.00536	0.00460	0.00712	0.00680	0.00898	0.00897	0.01550	0.00900	0.04686	0.04525	0.74255	0.00471	0.00437	0.00221	0.00253
9	0.00704	0.00561	0.00826	0.00971	0.08768	0.00528	0.03845	0.00838	0.01026	0.01377	0.08511	0.57048	0.08715	0.02997	0.00651	0.00195	0.00340	0.01202	0.00435	0.00459
10	0.01204	0.01422	0.16864	0.03065	0.11900	0.05262	0.20202	0.06743	0.01195	0.06281	0.01286	0.11491	0.01152	0.00672	0.00614	0.00169	0.06123	0.03373	0.00314	0.00666
11	0.05154	0.04297	0.08780	0.03007	0.03888	0.14008	0.05136	0.35438	0.03469	0.02222	0.01329	0.02895	0.05652	0.00606	0.00485	0.00149	0.00603	0.00473	0.01695	0.00714
12	0.14919	0.03486	0.07048	0.03248	0.07468	0.10129	0.07628	0.04740	0.01088	0.07948	0.01032	0.02607	0.00849	0.01066	0.13405	0.00260	0.09195	0.00435	0.00300	0.03150
13	0.11907	0.06635	0.10632	0.03821	0.16131	0.08018	0.06210	0.07819	0.04616	0.04564	0.01039	0.01344	0.00862	0.08588	0.00674	0.00180	0.01812	0.00430	0.00302	0.04418

[dist]
# distance from previous block
# <min> <max>
2	17

[block]
# block no. 5 follows, 50 sequences, length 15
# corresponding to MSA columns:
# 243-257
name=unknown_F
#
# <colnr> <probs for GDERKNQSTAVLIFYWHMCP>
#	G	D	E	R	K	N	Q	S	T	A	V	L	I	F	Y	W	H	M	C	P
0	0.15770	0.15896	0.07872	0.01013	0.01388	0.01289	0.06817	0.20167	0.06591	0.03363	0.02661	0.04678	0.04577	0.00617	0.00451	0.00149	0.00504	0.02295	0.01854	0.02049
1	0.14560	0.06197	0.08683	0.01406	0.14554	0.13943	0.06512	0.04501	0.06825	0.06640	0.01092	0.01258	0.01979	0.03183	0.00514	0.00154	0.00586	0.00410	0.00313	0.06690
2	0.07642	0.01769	0.01338	0.01165	0.01407	0.42576	0.00910	0.16555	0.01448	0.01713	0.03484	0.01107	0.00835	0.00597	0.00621	0.00148	0.12338	0.00383	0.03349	0.00615
3	0.01167	0.01042	0.03707	0.00945	0.04710	0.03668	0.00737	0.09779	0.01207	0.03317	0.03613	0.03876	0.00971	0.00490	0.00456	0.00104	0.03081	0.00389	0.00330	0.56413
4	0.00773	0.00583	0.00785	0.00772	0.00864	0.00663	0.00576	0.01051	0.09403	0.01221	0.01460	0.02213	0.01392	0.19470	0.55718	0.00666	0.01057	0.00576	0.00301	0.00454
5	0.01386	0.02437	0.01350	0.01289	0.11523	0.10904	0.07575	0.12248	0.02845	0.12979	0.02842	0.08834	0.04792	0.03899	0.00609	0.00170	0.01797	0.04513	0.07362	0.00646
6	0.01839	0.01368	0.01465	0.01136	0.01525	0.01520	0.00934	0.71326	0.08820	0.03052	0.01267	0.01253	0.00905	0.00605	0.00499	0.00151	0.00535	0.00459	0.00499	0.00843
7	0.00685	0.00509	0.00638	0.00606	0.00732	0.00462	0.00454	0.00901	0.01363	0.01884	0.66108	0.03912	0.17776	0.01062	0.00588	0.00159	0.00238	0.00928	0.00534	0.00462
8	0.01252	0.73646	0.02386	0.00835	0.01218	0.01798	0.00810	0.01404	0.01006	0.01184	0.00921	0.09826	0.00934	0.00552	0.00355	0.00117	0.00506	0.00394	0.00241	0.00614
9	0.01034	0.00886	0.01034	0.00738	0.01181	0.00664	0.00591	0.01255	0.01034	0.01624	0.00886	0.01034	0.00738	0.00369	0.00369	0.00074	0.00369	0.00295	0.00295	0.85530
10	0.01840	0.00897	0.01135	0.00921	0.01254	0.00881	0.00747	0.07522	0.17190	0.49805	0.01856	0.01724	0.01267	0.00974	0.09379	0.00229	0.00528	0.00514	0.00547	0.00791
11	0.01034	0.00886	0.01034	0.00738	0.01181	0.00664	0.00591	0.01255	0.01034	0.01624	0.00886	0.01034	0.00738	0.00369	0.00369	0.00074	0.00369	0.00295	0.00295	0.85530
12	0.01282	0.09985	0.01241	0.00800	0.01212	0.00872	0.00660	0.06888	0.01178	0.12785	0.01116	0.04417	0.00910	0.00476	0.00403	0.00100	0.00405	0.00378	0.00353	0.54540
13	0.03910	0.02329	0.01023	0.00820	0.01101	0.00813	0.00657	0.08711	0.06381	0.39475	0.01842	0.04613	0.03122	0.06268	0.00646	0.00175	0.02360	0.01714	0.13342	0.00699
14	0.03296	0.04203	0.16809	0.02898	0.12496	0.09687	0.07085	0.09377	0.05304	0.08367	0.03800	0.06411	0.01095	0.00584	0.00488	0.00149	0.00592	0.00496	0.00339	0.06526

[dist]
# distance from previous block
# <min> <max>
0	3

[block]
# block no. 6 follows, 50 sequences, length 13
# corresponding to MSA columns:
# 261-273
name=unknown_G
#
# <colnr> <probs for GDERKNQSTAVLIFYWHMCP>
#	G	D	E	R	K	N	Q	S	T	A	V	L	I	F	Y	W	H	M	C	P
0	0.01186	0.18106	0.22723	0.04601	0.04282	0.11275	0.01118	0.05711	0.05416	0.01545	0.07243	0.01580	0.07428	0.00668	0.01996	0.00159	0.03556	0.00465	0.00299	0.00641
1	0.05883	0.04897	0.06386	0.10080	0.23478	0.05811	0.02477	0.08507	0.11876	0.01692	0.01183	0.01592	0.01011	0.10711	0.00734	0.00195	0.00570	0.01939	0.00314	0.00664
2	0.10236	0.32991	0.03745	0.01061	0.03399	0.17277	0.00903	0.18633	0.04456	0.01788	0.00885	0.00968	0.00715	0.00497	0.00400	0.00130	0.00595	0.00337	0.00308	0.00676
3	0.00748	0.00594	0.02736	0.00651	0.00805	0.00518	0.00509	0.01018	0.04877	0.03689	0.54413	0.06797	0.18669	0.01048	0.00581	0.00161	0.00266	0.00912	0.00520	0.00489
4	0.05924	0.05022	0.17230	0.03539	0.09713	0.04920	0.04775	0.14066	0.14121	0.06474	0.04239	0.01359	0.01033	0.00546	0.00475	0.00150	0.00561	0.00447	0.00361	0.05045
5	0.02637	0.06621	0.26114	0.07661	0.22777	0.02990	0.05045	0.05741	0.03603	0.01662	0.05068	0.01300	0.00947	0.00523	0.00527	0.00154	0.03927	0.00439	0.01562	0.00703
6	0.00632	0.00441	0.00591	0.00685	0.00721	0.00413	0.00462	0.00717	0.00984	0.01325	0.10479	0.69671	0.03307	0.01515	0.00703	0.04892	0.00292	0.01310	0.00458	0.00401
7	0.01159	0.04458	0.11291	0.28414	0.23529	0.01212	0.06802	0.09281	0.03326	0.01637	0.00980	0.01271	0.00761	0.00591	0.03051	0.00177	0.00663	0.00444	0.00267	0.00685
8	0.03392	0.07794	0.18411	0.09339	0.07438	0.05994	0.03365	0.19469	0.07992	0.04492	0.02310	0.03526	0.00948	0.00564	0.00476	0.00152	0.00591	0.00454	0.02581	0.00712
9	0.03199	0.00749	0.01148	0.02227	0.01229	0.00706	0.16546	0.02202	0.04300	0.03984	0.14640	0.05609	0.32193	0.00983	0.00583	0.00172	0.00418	0.08158	0.00431	0.00523
10	0.00629	0.00450	0.00602	0.00690	0.00732	0.00430	0.00470	0.00734	0.00983	0.01329	0.10444	0.65871	0.03247	0.04217	0.06415	0.00250	0.00365	0.01279	0.00452	0.00411
11	0.00748	0.00615	0.00748	0.00808	0.00892	0.04894	0.02782	0.00918	0.03514	0.01365	0.04836	0.55817	0.04840	0.01389	0.00627	0.00199	0.00368	0.13747	0.00449	0.00446
12	0.01464	0.53051	0.02141	0.00984	0.01350	0.22741	0.00876	0.01743	0.09067	0.01279	0.00851	0.00935	0.00731	0.00475	0.00373	0.00119	0.00616	0.00311	0.00255	0.00639

[dist]
# distance from previous block
# <min> <max>
0	1

[block]
# block no. 7 follows, 50 sequences, length 31
# corresponding to MSA columns:
# 275-305
name=unknown_H
#
# <colnr> <probs for GDERKNQSTAVLIFYWHMCP>
#	G	D	E	R	K	N	Q	S	T	A	V	L	I	F	Y	W	H	M	C	P
0	0.03492	0.08381	0.03444	0.01331	0.10661	0.19023	0.02078	0.24977	0.04669	0.06464	0.01213	0.08343	0.01027	0.00633	0.00501	0.00149	0.02043	0.00494	0.00374	0.00703
1	0.01099	0.03020	0.12566	0.05752	0.05703	0.03828	0.15777	0.01402	0.02553	0.09467	0.04546	0.21431	0.01616	0.00781	0.00531	0.00165	0.00534	0.00720	0.07906	0.00604
2	0.01494	0.11124	0.02850	0.00993	0.01393	0.02589	0.00839	0.36126	0.10787	0.02303	0.01161	0.01238	0.00894	0.00534	0.00446	0.00128	0.00490	0.01441	0.00403	0.22768
3	0.00617	0.00443	0.00598	0.00704	0.00738	0.00424	0.00477	0.00711	0.00941	0.01262	0.02622	0.75026	0.03114	0.01755	0.07738	0.00256	0.00382	0.01338	0.00445	0.00408
4	0.00736	0.00493	0.00590	0.00600	0.00617	0.00500	0.00375	0.00762	0.00765	0.01023	0.01622	0.03311	0.01829	0.66470	0.08093	0.03644	0.00542	0.07395	0.00310	0.00323
5	0.01210	0.28382	0.35442	0.01293	0.04250	0.10320	0.06492	0.01565	0.01088	0.01398	0.00891	0.03890	0.00744	0.00497	0.00435	0.00140	0.00675	0.00385	0.00230	0.00673
6	0.00950	0.00886	0.01454	0.74123	0.03233	0.01068	0.01314	0.01272	0.01000	0.01305	0.00886	0.01303	0.00671	0.00487	0.00487	0.00158	0.00638	0.00430	0.00228	0.08109
7	0.00713	0.00530	0.00778	0.00778	0.00859	0.00611	0.00595	0.00875	0.00794	0.01140	0.01356	0.02074	0.01296	0.10740	0.73575	0.00773	0.01259	0.00551	0.00270	0.00432
8	0.08548	0.00952	0.01577	0.61456	0.09982	0.01126	0.06735	0.01337	0.01009	0.01414	0.00882	0.01275	0.00671	0.00485	0.00487	0.00164	0.00646	0.00438	0.00234	0.00582
9	0.02142	0.08156	0.01300	0.00895	0.01284	0.00877	0.00752	0.05484	0.01428	0.69543	0.01821	0.01596	0.01165	0.00599	0.00485	0.00150	0.00439	0.00478	0.00576	0.00830
10	0.00783	0.00561	0.00779	0.00892	0.01001	0.00557	0.00767	0.00999	0.01132	0.01471	0.02700	0.11542	0.04574	0.01389	0.00682	0.00226	0.00441	0.68588	0.00459	0.00454
11	0.00725	0.00483	0.00544	0.00544	0.00544	0.00483	0.00302	0.00725	0.00725	0.00966	0.01571	0.03262	0.01812	0.82483	0.02537	0.00483	0.00483	0.00725	0.00302	0.00302
12	0.02055	0.01058	0.01276	0.00988	0.01372	0.01054	0.00813	0.29411	0.06305	0.47701	0.01694	0.01527	0.01112	0.00614	0.00501	0.00153	0.00467	0.00486	0.00568	0.00845
13	0.00607	0.00434	0.00578	0.00694	0.00723	0.00405	0.00463	0.00694	0.00954	0.01272	0.02747	0.82157	0.03297	0.01562	0.00636	0.00202	0.00289	0.01417	0.00463	0.00405
14	0.00941	0.00886	0.01495	0.81285	0.03433	0.01107	0.01384	0.01274	0.00997	0.01274	0.00886	0.01329	0.00664	0.00498	0.00498	0.00166	0.00664	0.00443	0.00221	0.00554
15	0.01837	0.06173	0.01469	0.01264	0.01529	0.76774	0.00958	0.01967	0.01394	0.01218	0.00767	0.00894	0.00642	0.00510	0.00443	0.00127	0.00882	0.00318	0.00255	0.00581
16	0.00781	0.00616	0.00817	0.00948	0.08546	0.02144	0.02362	0.00929	0.01083	0.04088	0.05793	0.38283	0.22102	0.01259	0.00604	0.00185	0.00353	0.08187	0.00441	0.00479
17	0.50675	0.01062	0.00997	0.19357	0.01601	0.08365	0.00784	0.02670	0.00992	0.05847	0.00844	0.01019	0.00639	0.00489	0.00379	0.00153	0.00497	0.00335	0.02732	0.00565
18	0.25639	0.02597	0.01112	0.00938	0.01247	0.05632	0.00750	0.16416	0.34708	0.02260	0.01389	0.01362	0.01044	0.00585	0.00439	0.00157	0.00448	0.00437	0.02133	0.00708
19	0.01147	0.13570	0.25260	0.01335	0.11365	0.03104	0.03675	0.03986	0.07385	0.02774	0.05307	0.01388	0.03613	0.00524	0.00454	0.00137	0.00558	0.00429	0.00297	0.13691
20	0.04294	0.12817	0.56672	0.03138	0.04171	0.03778	0.01565	0.01608	0.01070	0.05204	0.00908	0.01047	0.00663	0.00475	0.00449	0.00150	0.00682	0.00360	0.00236	0.00714
21	0.02085	0.01092	0.01307	0.01002	0.01394	0.01094	0.00828	0.35887	0.01834	0.45685	0.01624	0.01474	0.01062	0.00609	0.00500	0.00152	0.00479	0.00478	0.00564	0.00848
22	0.00971	0.00584	0.00726	0.00653	0.00837	0.00524	0.00503	0.01197	0.03129	0.16192	0.44074	0.03581	0.23091	0.00999	0.00570	0.00160	0.00278	0.00858	0.00538	0.00535
23	0.00847	0.00733	0.04100	0.01172	0.14960	0.01773	0.00740	0.02425	0.02945	0.04036	0.02334	0.54090	0.05428	0.01220	0.00589	0.00185	0.00381	0.01101	0.00418	0.00523
24	0.02037	0.00805	0.01085	0.00847	0.01202	0.00697	0.00694	0.02228	0.01408	0.69899	0.07287	0.02015	0.06082	0.00682	0.00512	0.00155	0.00401	0.00561	0.00603	0.00798
25	0.00606	0.00441	0.00571	0.00675	0.00718	0.00406	0.00454	0.00696	0.00972	0.01280	0.02973	0.74556	0.10752	0.01532	0.00632	0.00199	0.00286	0.01381	0.00463	0.00406
26	0.19006	0.00896	0.01029	0.00836	0.01171	0.00894	0.00681	0.06311	0.10529	0.43774	0.02843	0.01551	0.01163	0.00595	0.00453	0.00153	0.00403	0.00462	0.06504	0.00746
27	0.04759	0.18688	0.33500	0.01397	0.11555	0.01295	0.03058	0.04869	0.04819	0.06498	0.02936	0.02614	0.00889	0.00515	0.00450	0.00147	0.00600	0.00410	0.00285	0.00715
28	0.76770	0.00951	0.00779	0.00681	0.00998	0.01076	0.00561	0.01571	0.00912	0.10777	0.00834	0.00907	0.00616	0.00480	0.00330	0.00154	0.00390	0.00295	0.00342	0.00574
29	0.00618	0.00440	0.00585	0.00696	0.00727	0.00413	0.00468	0.00707	0.00953	0.01269	0.02701	0.76758	0.03229	0.04460	0.00706	0.00213	0.00302	0.03894	0.00457	0.00403
30	0.01205	0.03547	0.02058	0.04696	0.41902	0.04987	0.18882	0.01526	0.03577	0.01528	0.00998	0.01375	0.00848	0.05668	0.00698	0.00177	0.04886	0.00488	0.00257	0.00697

[dist]
# distance from previous block
# <min> <max>
1	2

[block]
# block no. 8 follows, 50 sequences, length 85
# corresponding to MSA columns:
# 308-350,356-368,376-381,394-416
name=unknown_I
#
# <colnr> <probs for GDERKNQSTAVLIFYWHMCP>
#	G	D	E	R	K	N	Q	S	T	A	V	L	I	F	Y	W	H	M	C	P
0	0.41988	0.08130	0.08015	0.02723	0.03620	0.05585	0.00849	0.20270	0.01290	0.02220	0.00850	0.00954	0.00647	0.00497	0.00388	0.00148	0.00508	0.00334	0.00332	0.00651
1	0.20218	0.01302	0.01330	0.01040	0.01419	0.01453	0.00859	0.61101	0.02018	0.02944	0.01087	0.01112	0.00781	0.00569	0.00457	0.00151	0.00513	0.00410	0.00457	0.00781
2	0.02203	0.00861	0.01162	0.00889	0.01276	0.00749	0.00734	0.04060	0.01438	0.76359	0.01926	0.01671	0.01215	0.00611	0.00498	0.00152	0.00426	0.00496	0.00607	0.02665
3	0.00607	0.00434	0.00578	0.00694	0.00723	0.00405	0.00463	0.00694	0.00954	0.01272	0.02747	0.82157	0.03297	0.01562	0.00636	0.00202	0.00289	0.01417	0.00463	0.00405
4	0.00718	0.00483	0.00543	0.00546	0.00552	0.00479	0.00308	0.00724	0.00743	0.00986	0.01709	0.05198	0.04291	0.77981	0.02430	0.00467	0.00471	0.00752	0.00311	0.00308
5	0.01022	0.00953	0.01584	0.65454	0.16198	0.01135	0.01395	0.03814	0.01064	0.01395	0.00905	0.01308	0.00692	0.00492	0.00498	0.00163	0.00648	0.00443	0.00235	0.00603
6	0.01091	0.01091	0.01527	0.01309	0.01309	0.01527	0.01091	0.01200	0.00763	0.01200	0.00654	0.01091	0.00654	0.00872	0.01636	0.00218	0.81570	0.00436	0.00218	0.00545
7	0.01000	0.02578	0.79900	0.01421	0.02157	0.01158	0.01842	0.01579	0.01052	0.01579	0.00895	0.01052	0.00631	0.00474	0.00474	0.00158	0.00737	0.00368	0.00210	0.00737
8	0.00638	0.00507	0.00573	0.00557	0.00703	0.00442	0.00417	0.00810	0.01252	0.01622	0.36321	0.04344	0.47728	0.01160	0.00589	0.00163	0.00245	0.00988	0.00499	0.00442
9	0.24114	0.00878	0.01046	0.00826	0.01192	0.00833	0.00682	0.02177	0.01276	0.59483	0.01634	0.01465	0.01053	0.00577	0.00451	0.00154	0.00414	0.00441	0.00536	0.00768
10	0.00719	0.00508	0.00669	0.00669	0.00712	0.00551	0.00458	0.00805	0.00762	0.01059	0.01456	0.02629	0.01537	0.44268	0.40376	0.00637	0.00897	0.00632	0.00285	0.00371
11	0.00702	0.00509	0.00661	0.00623	0.00742	0.00469	0.00467	0.00933	0.01402	0.01978	0.76690	0.03758	0.07136	0.01027	0.00588	0.00157	0.00236	0.00906	0.00546	0.00469
12	0.00614	0.00437	0.00576	0.00685	0.00712	0.00410	0.00453	0.00696	0.00940	0.01254	0.02676	0.77356	0.03206	0.06486	0.00752	0.00220	0.00301	0.01375	0.00453	0.00399
13	0.86003	0.00964	0.00733	0.00655	0.00964	0.01118	0.00540	0.01465	0.00848	0.02236	0.00694	0.00810	0.00540	0.00463	0.00308	0.00154	0.00386	0.00270	0.00308	0.00540
14	0.01176	0.01345	0.02941	0.02101	0.02605	0.01261	0.77563	0.01597	0.01176	0.01597	0.01008	0.01345	0.00756	0.00420	0.00588	0.00168	0.00840	0.00588	0.00252	0.00672
15	0.00673	0.00493	0.00645	0.00734	0.00816	0.00465	0.00560	0.00821	0.01071	0.01398	0.07775	0.41657	0.14193	0.01426	0.00643	0.00203	0.00335	0.25194	0.00467	0.00429
16	0.01171	0.01334	0.02907	0.03989	0.02625	0.01257	0.75747	0.01589	0.01172	0.01589	0.01005	0.01344	0.00754	0.00422	0.00586	0.00168	0.00836	0.00585	0.00251	0.00669
17	0.01308	0.22958	0.15698	0.01283	0.04797	0.05832	0.03753	0.12719	0.01178	0.01579	0.00817	0.01027	0.00683	0.00592	0.00769	0.00159	0.23541	0.00381	0.00261	0.00665
18	0.01158	0.06497	0.32438	0.01293	0.08820	0.01038	0.03636	0.03500	0.02791	0.06821	0.01083	0.01205	0.02487	0.00471	0.00446	0.00130	0.00566	0.00386	0.00286	0.24948
19	0.01636	0.03740	0.04154	0.02700	0.03129	0.04169	0.02128	0.06478	0.06155	0.37968	0.08687	0.05448	0.04001	0.00689	0.00499	0.00153	0.00440	0.00572	0.06538	0.00717
20	0.04605	0.01058	0.01176	0.00945	0.01277	0.01123	0.00768	0.33343	0.14035	0.21647	0.01565	0.01510	0.01103	0.00608	0.00472	0.00149	0.00441	0.00476	0.12926	0.00772
21	0.00714	0.00544	0.00633	0.00602	0.00754	0.00496	0.00454	0.00966	0.05440	0.03148	0.42639	0.04034	0.35559	0.01095	0.00582	0.00162	0.00254	0.00939	0.00512	0.00474
22	0.02968	0.05509	0.14199	0.00989	0.04603	0.00863	0.02498	0.01417	0.01063	0.06453	0.00945	0.01076	0.00744	0.00411	0.00400	0.00101	0.00461	0.00330	0.00294	0.54675
23	0.08683	0.00994	0.03018	0.01264	0.01585	0.00962	0.27563	0.03933	0.01113	0.17311	0.01307	0.02773	0.01057	0.09987	0.11102	0.00281	0.03717	0.00546	0.02186	0.00620
24	0.00607	0.00434	0.00578	0.00694	0.00723	0.00405	0.00463	0.00694	0.00954	0.01272	0.02747	0.82157	0.03297	0.01562	0.00636	0.00202	0.00289	0.01417	0.00463	0.00405
25	0.01179	0.00916	0.02519	0.06491	0.14092	0.00896	0.06883	0.03294	0.15827	0.13716	0.03569	0.06579	0.20324	0.00787	0.00537	0.00164	0.00450	0.00692	0.00426	0.00659
26	0.01516	0.06293	0.25069	0.01403	0.09291	0.03772	0.09776	0.05315	0.01264	0.26436	0.01338	0.01376	0.02306	0.00531	0.00488	0.00152	0.00602	0.00453	0.01864	0.00754
27	0.08393	0.01210	0.01204	0.05422	0.01405	0.13185	0.00818	0.21251	0.06774	0.20029	0.06964	0.01504	0.01213	0.00617	0.00511	0.00151	0.03075	0.00468	0.05102	0.00704
28	0.00607	0.00434	0.00578	0.00694	0.00723	0.00405	0.00463	0.00694	0.00954	0.01272	0.02747	0.82157	0.03297	0.01562	0.00636	0.00202	0.00289	0.01417	0.00463	0.00405
29	0.01265	0.01771	0.37646	0.08895	0.09518	0.01135	0.09123	0.07947	0.01211	0.11777	0.01083	0.01268	0.00784	0.02263	0.00560	0.00166	0.02125	0.00437	0.00298	0.00729
30	0.01320	0.53175	0.02246	0.07102	0.09050	0.08096	0.02596	0.04043	0.01097	0.01308	0.00840	0.04067	0.00769	0.00498	0.00408	0.00125	0.02018	0.00362	0.00241	0.00640
31	0.02422	0.02481	0.06036	0.07909	0.13519	0.02717	0.03551	0.08168	0.12367	0.07065	0.05606	0.10447	0.01449	0.02490	0.00569	0.00164	0.01969	0.01776	0.03126	0.06170
32	0.07593	0.11727	0.11029	0.01118	0.03138	0.09010	0.02257	0.18505	0.14285	0.08869	0.01270	0.04757	0.00998	0.00601	0.00493	0.00151	0.02637	0.00459	0.00384	0.00718
33	0.01028	0.02389	0.68378	0.01554	0.04733	0.01170	0.10665	0.01579	0.01070	0.01582	0.00909	0.01092	0.00651	0.00466	0.00488	0.00159	0.00744	0.00396	0.00217	0.00731
34	0.01702	0.06990	0.01460	0.01199	0.01453	0.51803	0.00934	0.13240	0.01444	0.01527	0.00891	0.02789	0.00754	0.00580	0.00562	0.00140	0.08423	0.00377	0.03118	0.00612
35	0.01242	0.01739	0.41658	0.01111	0.01686	0.00926	0.01256	0.01642	0.01118	0.16418	0.01114	0.01190	0.00791	0.00475	0.00447	0.00133	0.00565	0.00376	0.02502	0.23610
36	0.00803	0.00574	0.00803	0.00918	0.01033	0.00574	0.00803	0.01033	0.01147	0.01492	0.02639	0.05622	0.02869	0.01377	0.00688	0.00229	0.00459	0.76018	0.00459	0.00459
37	0.00705	0.00510	0.00666	0.00627	0.00745	0.00470	0.00470	0.00941	0.01411	0.01999	0.79110	0.03723	0.04703	0.01019	0.00588	0.00157	0.00235	0.00901	0.00549	0.00470
38	0.00941	0.00886	0.01495	0.81285	0.03433	0.01107	0.01384	0.01274	0.00997	0.01274	0.00886	0.01329	0.00664	0.00498	0.00498	0.00166	0.00664	0.00443	0.00221	0.00554
39	0.01091	0.01091	0.01527	0.01309	0.01309	0.01527	0.01091	0.01200	0.00763	0.01200	0.00654	0.01091	0.00654	0.00872	0.01636	0.00218	0.81570	0.00436	0.00218	0.00545
40	0.01000	0.02578	0.79900	0.01421	0.02157	0.01158	0.01842	0.01579	0.01052	0.01579	0.00895	0.01052	0.00631	0.00474	0.00474	0.00158	0.00737	0.00368	0.00210	0.00737
41	0.01002	0.00486	0.00503	0.00488	0.00619	0.00480	0.00370	0.01232	0.01067	0.06195	0.01645	0.01849	0.01275	0.00583	0.00357	0.00118	0.00243	0.00467	0.80536	0.00486
42	0.02236	0.00848	0.01157	0.00887	0.01272	0.00733	0.00733	0.02429	0.01427	0.79719	0.01966	0.01697	0.01234	0.00617	0.00501	0.00154	0.00424	0.00501	0.00617	0.00848
