[name]
unknown

[dist]
# distance from previous block
# <min> <max>
0	436

[block]
# block no. 0 follows, 45 sequences, length 13
# corresponding to MSA columns:
# 475-487
name=unknown_A
#
# <colnr> <probs for GDERKNQSTAVLIFYWHMCP>
#	G	D	E	R	K	N	Q	S	T	A	V	L	I	F	Y	W	H	M	C	P
0	0.05050	0.06169	0.20422	0.01236	0.07141	0.03630	0.01111	0.03295	0.05916	0.15112	0.03758	0.07703	0.07790	0.00773	0.00562	0.00171	0.02237	0.04217	0.00407	0.03300
1	0.19530	0.06010	0.07092	0.08208	0.03250	0.03418	0.00937	0.10236	0.03640	0.08697	0.05582	0.07877	0.02645	0.00714	0.00582	0.00170	0.06420	0.00543	0.00389	0.04061
2	0.17454	0.05437	0.10269	0.01466	0.18920	0.05912	0.01022	0.01525	0.05835	0.01838	0.11239	0.08184	0.04792	0.03204	0.00576	0.00178	0.00522	0.00606	0.00362	0.00658
3	0.00976	0.04331	0.01000	0.00839	0.01036	0.04769	0.03249	0.05220	0.03718	0.01575	0.06561	0.27192	0.09065	0.13815	0.00918	0.00224	0.00437	0.00914	0.00420	0.13741
4	0.01097	0.01110	0.06415	0.14688	0.05695	0.06974	0.04547	0.07067	0.01269	0.01651	0.06914	0.07785	0.15186	0.00898	0.00683	0.07045	0.00543	0.00677	0.00363	0.09392
5	0.00804	0.00643	0.00976	0.05758	0.01158	0.00705	0.04859	0.00984	0.00973	0.01350	0.07315	0.13908	0.04664	0.11708	0.38274	0.00551	0.03762	0.00780	0.00347	0.00481
6	0.01143	0.09058	0.21967	0.05697	0.04382	0.01160	0.01137	0.04583	0.18977	0.03396	0.08158	0.09105	0.07438	0.00785	0.00542	0.00172	0.00533	0.00656	0.00401	0.00712
7	0.01261	0.01366	0.11395	0.08450	0.40431	0.01206	0.05558	0.01766	0.10667	0.04145	0.01394	0.01775	0.02887	0.00600	0.00551	0.00172	0.00629	0.04634	0.00325	0.00789
8	0.05964	0.00718	0.00921	0.00982	0.06701	0.00687	0.00674	0.05375	0.01260	0.15976	0.05233	0.37155	0.11359	0.01212	0.00612	0.00193	0.00384	0.03489	0.00508	0.00597
9	0.13273	0.03663	0.04909	0.10615	0.11736	0.02420	0.07074	0.03083	0.03501	0.03529	0.01370	0.09898	0.02441	0.04580	0.08396	0.00257	0.04330	0.00596	0.01243	0.03085
10	0.01269	0.09561	0.12735	0.01099	0.04443	0.04920	0.03588	0.03297	0.01203	0.08422	0.01428	0.07951	0.04434	0.02976	0.00545	0.00145	0.00531	0.00517	0.00349	0.30588
11	0.28438	0.07011	0.06211	0.01336	0.09013	0.29546	0.03364	0.01864	0.01237	0.06178	0.00906	0.01041	0.00712	0.00523	0.00440	0.00153	0.00690	0.00361	0.00309	0.00667
12	0.01393	0.52494	0.11001	0.01017	0.01458	0.06101	0.01008	0.07599	0.01256	0.01543	0.05169	0.05703	0.01111	0.00591	0.00422	0.00135	0.00590	0.00428	0.00292	0.00691

[dist]
# distance from previous block
# <min> <max>
0	11

[block]
# block no. 1 follows, 45 sequences, length 9
# corresponding to MSA columns:
# 499-507
name=unknown_B
#
# <colnr> <probs for GDERKNQSTAVLIFYWHMCP>
#	G	D	E	R	K	N	Q	S	T	A	V	L	I	F	Y	W	H	M	C	P
0	0.05442	0.01085	0.01547	0.16954	0.19629	0.01103	0.03750	0.05482	0.09843	0.08537	0.01352	0.01517	0.03189	0.00552	0.00504	0.00152	0.00549	0.00481	0.00362	0.17968
1	0.01125	0.04686	0.03760	0.28455	0.10946	0.01125	0.06954	0.06546	0.05142	0.01687	0.03045	0.09280	0.03909	0.00718	0.00553	0.00172	0.00597	0.04062	0.00338	0.06900
2	0.00766	0.00585	0.00717	0.03811	0.00919	0.00584	0.00534	0.01016	0.08302	0.01482	0.10207	0.34531	0.14822	0.15103	0.03884	0.00278	0.00403	0.01118	0.00464	0.00474
3	0.10440	0.05937	0.06700	0.07066	0.01658	0.01360	0.00995	0.35602	0.04549	0.09680	0.04079	0.05396	0.01224	0.00691	0.00518	0.00167	0.00548	0.02140	0.00465	0.00784
4	0.01429	0.08072	0.06283	0.12783	0.23713	0.03817	0.04947	0.19282	0.04989	0.02002	0.01143	0.01458	0.00928	0.06058	0.00671	0.00186	0.00647	0.00489	0.00339	0.00764
5	0.00960	0.00681	0.00804	0.00782	0.00945	0.00666	0.00588	0.08421	0.06218	0.05830	0.14906	0.25253	0.20072	0.04879	0.00731	0.00207	0.00359	0.06630	0.00520	0.00549
6	0.00957	0.00730	0.03125	0.00944	0.01130	0.00665	0.04257	0.01262	0.05621	0.07048	0.13348	0.15753	0.10391	0.01269	0.00670	0.00211	0.00433	0.31127	0.00506	0.00553
7	0.06038	0.06414	0.01184	0.02924	0.01268	0.02780	0.03014	0.06449	0.17664	0.07961	0.11481	0.14638	0.04957	0.00977	0.00579	0.00185	0.00447	0.09899	0.00489	0.00653
8	0.01191	0.07940	0.01201	0.02921	0.03102	0.04699	0.02936	0.09324	0.04919	0.08477	0.06533	0.20561	0.14220	0.01078	0.00596	0.00184	0.00459	0.08572	0.00471	0.00615

[dist]
# distance from previous block
# <min> <max>
0	7

[block]
# block no. 2 follows, 45 sequences, length 9
# corresponding to MSA columns:
# 515-519,522-525
name=unknown_C
#
# <colnr> <probs for GDERKNQSTAVLIFYWHMCP>
#	G	D	E	R	K	N	Q	S	T	A	V	L	I	F	Y	W	H	M	C	P
0	0.01226	0.00812	0.01142	0.08032	0.01408	0.00804	0.05970	0.06284	0.06381	0.15802	0.27338	0.08817	0.08140	0.00952	0.00605	0.00179	0.00428	0.04512	0.00526	0.00642
1	0.04241	0.01143	0.01796	0.12987	0.46197	0.01211	0.01376	0.05447	0.04168	0.01837	0.07964	0.03411	0.01291	0.00608	0.00590	0.00169	0.03939	0.00545	0.00323	0.00758
2	0.01763	0.01381	0.01420	0.01150	0.01499	0.06907	0.00927	0.54585	0.04011	0.02817	0.01569	0.08612	0.03590	0.00992	0.06026	0.00215	0.00637	0.00597	0.00497	0.00803
3	0.01433	0.01252	0.01741	0.21335	0.32307	0.08207	0.01345	0.01864	0.10001	0.10556	0.01234	0.01452	0.00945	0.00566	0.00574	0.00168	0.03428	0.00488	0.00338	0.00765
4	0.01343	0.01198	0.01786	0.16299	0.42720	0.05331	0.01371	0.03560	0.04537	0.06599	0.01254	0.06927	0.01071	0.00601	0.00538	0.00165	0.00617	0.00549	0.00324	0.03208
5	0.06720	0.01429	0.07981	0.09205	0.12398	0.15225	0.06074	0.05476	0.02448	0.05147	0.01232	0.04058	0.01101	0.12346	0.02495	0.00234	0.03482	0.01980	0.00323	0.00647
6	0.01141	0.01143	0.01687	0.45965	0.18042	0.08139	0.04890	0.01453	0.01161	0.01464	0.01317	0.04334	0.05773	0.00615	0.00547	0.00173	0.00689	0.00551	0.00275	0.00641
7	0.01269	0.09866	0.27507	0.04190	0.17880	0.08233	0.04868	0.06615	0.01276	0.01701	0.01310	0.07505	0.04204	0.00636	0.00523	0.00164	0.00684	0.00536	0.00296	0.00736
8	0.01354	0.01305	0.01990	0.11654	0.39627	0.07762	0.09638	0.01693	0.03945	0.05165	0.01143	0.04411	0.00961	0.00586	0.00634	0.00171	0.06376	0.00531	0.00299	0.00755

[dist]
# distance from previous block
# <min> <max>
0	2

[block]
# block no. 3 follows, 45 sequences, length 28
# corresponding to MSA columns:
# 528,529,537-554,565-572
name=unknown_D
#
# <colnr> <probs for GDERKNQSTAVLIFYWHMCP>
#	G	D	E	R	K	N	Q	S	T	A	V	L	I	F	Y	W	H	M	C	P
0	0.01067	0.01126	0.06805	0.03816	0.20913	0.01010	0.18296	0.01461	0.06875	0.01662	0.01963	0.19056	0.07566	0.00865	0.00601	0.00184	0.00584	0.03646	0.01834	0.00670
1	0.00712	0.00587	0.00619	0.00611	0.00789	0.00520	0.00461	0.03216	0.03182	0.01582	0.10373	0.09450	0.61757	0.01324	0.00634	0.00183	0.00292	0.02718	0.00508	0.00481
2	0.00697	0.00505	0.00652	0.00720	0.00787	0.00475	0.00504	0.00829	0.01125	0.01509	0.17298	0.46843	0.10195	0.07606	0.03800	0.00254	0.00364	0.04894	0.00495	0.00447
3	0.00679	0.00494	0.00633	0.00705	0.00771	0.00456	0.00484	0.00807	0.01142	0.01531	0.18928	0.53929	0.11333	0.04541	0.00747	0.00215	0.00303	0.01340	0.00511	0.00448
4	0.01105	0.08930	0.72446	0.01482	0.02249	0.01315	0.01900	0.01693	0.01130	0.01666	0.00946	0.01112	0.00681	0.00506	0.00497	0.00166	0.00776	0.00388	0.00227	0.00785
5	0.84927	0.01038	0.00789	0.00706	0.01038	0.01204	0.00581	0.01578	0.00914	0.02408	0.00747	0.00872	0.00581	0.00498	0.00332	0.00166	0.00415	0.00291	0.00332	0.00581
6	0.01170	0.01269	0.09273	0.18823	0.27327	0.04476	0.02377	0.02929	0.04592	0.01600	0.02965	0.07648	0.01150	0.00795	0.02421	0.04495	0.05141	0.00567	0.00297	0.00685
7	0.01105	0.01094	0.01602	0.61666	0.08908	0.07267	0.01409	0.01424	0.01117	0.01396	0.01131	0.01538	0.04015	0.00584	0.00581	0.00176	0.03627	0.00495	0.00255	0.00611
8	0.00670	0.00485	0.00631	0.00730	0.00782	0.00450	0.00500	0.00782	0.01082	0.01437	0.08942	0.64932	0.09194	0.03454	0.00727	0.00219	0.00315	0.03724	0.00501	0.00442
9	0.00643	0.00540	0.00559	0.00563	0.00733	0.00455	0.00419	0.00784	0.01231	0.01489	0.09703	0.09245	0.69079	0.01361	0.00637	0.00183	0.00273	0.01145	0.00504	0.00455
10	0.01330	0.01210	0.05490	0.09578	0.19732	0.05647	0.05680	0.08667	0.07657	0.06778	0.07810	0.03864	0.03401	0.00699	0.00551	0.00169	0.00573	0.04303	0.06138	0.00720
11	0.01343	0.50219	0.24182	0.01204	0.01764	0.01801	0.06868	0.04373	0.01169	0.01499	0.00853	0.00998	0.00704	0.00480	0.00420	0.00137	0.00662	0.00351	0.00243	0.00729
12	0.14100	0.00931	0.01181	0.00920	0.01323	0.00848	0.00760	0.02469	0.01448	0.67426	0.01924	0.01692	0.01223	0.00641	0.00510	0.00166	0.00451	0.00505	0.00617	0.00866
13	0.00677	0.00504	0.00623	0.00691	0.00767	0.00465	0.00479	0.00792	0.01091	0.01423	0.09007	0.46013	0.21159	0.07860	0.03859	0.00255	0.00362	0.03048	0.00484	0.00440
14	0.03028	0.09595	0.20050	0.04784	0.23050	0.07428	0.11510	0.01749	0.02505	0.05810	0.01028	0.01250	0.00800	0.00526	0.00576	0.00164	0.04653	0.00452	0.00280	0.00762
15	0.02187	0.00951	0.01210	0.00950	0.01320	0.02732	0.00775	0.06610	0.01539	0.62130	0.04414	0.01874	0.01411	0.02223	0.00601	0.00171	0.02196	0.00547	0.05307	0.00852
16	0.69069	0.01161	0.01059	0.01048	0.08217	0.05510	0.03927	0.01622	0.00991	0.02258	0.00791	0.00944	0.00622	0.00498	0.00372	0.00165	0.00487	0.00326	0.00320	0.00614
17	0.01223	0.00648	0.00804	0.00738	0.00941	0.00590	0.00563	0.03272	0.01306	0.22642	0.10848	0.20795	0.18682	0.01186	0.02898	0.00197	0.00369	0.00933	0.10767	0.00599
18	0.01149	0.01158	0.07976	0.04604	0.16686	0.03220	0.07947	0.04603	0.01324	0.04961	0.22410	0.04028	0.07265	0.00804	0.00711	0.00176	0.09229	0.00686	0.00397	0.00664
19	0.00934	0.00673	0.00832	0.00766	0.00980	0.00567	0.00561	0.01085	0.01085	0.06159	0.02215	0.37268	0.05026	0.07149	0.00733	0.00190	0.00371	0.03933	0.00434	0.29039
20	0.01250	0.01686	0.19655	0.05165	0.26505	0.06437	0.16752	0.01626	0.01176	0.01628	0.01043	0.04288	0.00876	0.00581	0.00677	0.00176	0.08951	0.00521	0.00263	0.00744
21	0.01369	0.01007	0.01329	0.01190	0.04655	0.01069	0.06629	0.11688	0.23916	0.11249	0.10799	0.02340	0.01869	0.01251	0.11987	0.00278	0.00628	0.05518	0.00490	0.00738
22	0.00699	0.00517	0.00631	0.00659	0.00751	0.00473	0.00460	0.00842	0.01200	0.01601	0.27449	0.29723	0.20388	0.11037	0.00905	0.00231	0.00309	0.01169	0.00507	0.00449
23	0.00738	0.00533	0.00657	0.00668	0.00732	0.00535	0.00452	0.00833	0.00947	0.01264	0.07240	0.11856	0.14577	0.35885	0.20261	0.00491	0.00659	0.00882	0.00380	0.00407
24	0.00858	0.00618	0.00724	0.00741	0.02884	0.00646	0.00449	0.01055	0.09468	0.01214	0.01709	0.03169	0.01837	0.63663	0.08386	0.00498	0.00585	0.00736	0.00346	0.00412
25	0.01985	0.01547	0.01575	0.01234	0.01644	0.06755	0.01009	0.65600	0.08055	0.03160	0.01326	0.01321	0.00953	0.00645	0.00534	0.00161	0.00603	0.00483	0.00520	0.00889
26	0.01338	0.10009	0.09325	0.27853	0.10030	0.09326	0.07987	0.09055	0.05548	0.01707	0.01069	0.01374	0.00837	0.00550	0.00520	0.00165	0.00711	0.01591	0.00297	0.00709
27	0.01016	0.07262	0.07765	0.01183	0.09069	0.00932	0.04064	0.04788	0.06566	0.01857	0.28121	0.13341	0.03739	0.02708	0.00687	0.02140	0.01770	0.01936	0.00444	0.00613

[dist]
# distance from previous block
# <min> <max>
0	4

[block]
# block no. 4 follows, 45 sequences, length 7
# corresponding to MSA columns:
# 577-583
name=unknown_E
#
# <colnr> <probs for GDERKNQSTAVLIFYWHMCP>
#	G	D	E	R	K	N	Q	S	T	A	V	L	I	F	Y	W	H	M	C	P
0	0.04225	0.17371	0.31520	0.01583	0.15388	0.01390	0.01422	0.08546	0.01294	0.05769	0.03253	0.01268	0.00914	0.00535	0.00479	0.00155	0.00640	0.00422	0.03051	0.00775
1	0.01330	0.31615	0.05970	0.03702	0.06439	0.09299	0.03604	0.03070	0.01134	0.03282	0.01103	0.09025	0.01051	0.00894	0.05589	0.00203	0.11244	0.00504	0.00286	0.00655
2	0.00817	0.00535	0.00669	0.00700	0.00807	0.00485	0.00493	0.00947	0.01169	0.07728	0.14819	0.41789	0.18830	0.06657	0.00789	0.00218	0.00320	0.01230	0.00515	0.00482
3	0.04248	0.08118	0.07749	0.05020	0.21870	0.04141	0.01178	0.13479	0.04826	0.12332	0.01352	0.06763	0.01103	0.00647	0.00554	0.00165	0.03043	0.00531	0.02100	0.00779
4	0.06155	0.20314	0.20553	0.01377	0.11552	0.03124	0.01194	0.03759	0.03055	0.05605	0.01187	0.07536	0.01034	0.00712	0.02643	0.00174	0.02950	0.00486	0.02556	0.04034
5	0.00685	0.00497	0.00632	0.00701	0.00767	0.00466	0.00482	0.00784	0.01056	0.01391	0.08300	0.48537	0.16469	0.06741	0.06004	0.03932	0.00394	0.01262	0.00468	0.00431
6	0.03488	0.03444	0.03442	0.09843	0.14016	0.01049	0.05275	0.04429	0.02847	0.05052	0.01485	0.01657	0.08545	0.00596	0.00573	0.00144	0.05574	0.00494	0.00335	0.27713

[dist]
# distance from previous block
# <min> <max>
2	11

[block]
# block no. 5 follows, 45 sequences, length 18
# corresponding to MSA columns:
# 595-612
name=unknown_F
#
# <colnr> <probs for GDERKNQSTAVLIFYWHMCP>
#	G	D	E	R	K	N	Q	S	T	A	V	L	I	F	Y	W	H	M	C	P
0	0.22362	0.09646	0.11192	0.07316	0.06317	0.04694	0.05642	0.05756	0.05382	0.06278	0.01072	0.01323	0.00856	0.05187	0.00655	0.00186	0.04689	0.00433	0.00328	0.00685
1	0.01335	0.00882	0.06950	0.00848	0.01114	0.00729	0.00712	0.01704	0.09427	0.24019	0.22282	0.07971	0.04748	0.07312	0.00738	0.00198	0.00399	0.00751	0.07218	0.00662
2	0.01464	0.01578	0.11644	0.01872	0.21540	0.10850	0.11982	0.10589	0.04966	0.05216	0.01183	0.01365	0.00907	0.00534	0.00519	0.00156	0.00669	0.00475	0.06880	0.05610
3	0.00728	0.00572	0.00820	0.00819	0.00918	0.00532	0.06382	0.00861	0.01088	0.01434	0.08369	0.46335	0.14191	0.10975	0.00916	0.00243	0.00379	0.03516	0.00466	0.00455
4	0.00815	0.00633	0.00906	0.03021	0.03476	0.00659	0.03854	0.01004	0.01059	0.01477	0.10739	0.08549	0.13569	0.09622	0.27753	0.00446	0.02536	0.02469	0.06923	0.00491
5	0.01229	0.01188	0.02055	0.02833	0.60144	0.01170	0.08558	0.01533	0.01215	0.01704	0.01477	0.06234	0.07017	0.00614	0.00558	0.00167	0.00616	0.00605	0.00298	0.00783
6	0.00802	0.00613	0.00746	0.00717	0.00867	0.00589	0.00544	0.01166	0.09548	0.01992	0.51307	0.07199	0.16193	0.01141	0.00631	0.00178	0.00288	0.04384	0.00563	0.00531
7	0.01288	0.01141	0.01495	0.02830	0.26417	0.04128	0.01016	0.05153	0.05634	0.03421	0.01113	0.01367	0.00926	0.04125	0.00571	0.00141	0.00522	0.00424	0.00329	0.37957
8	0.00932	0.00814	0.01204	0.05725	0.07259	0.03972	0.07829	0.01137	0.01028	0.01400	0.07428	0.05899	0.01731	0.14622	0.31428	0.00500	0.02676	0.03565	0.00327	0.00523
9	0.03484	0.05498	0.18719	0.11225	0.21426	0.01289	0.05713	0.04569	0.06790	0.01689	0.01046	0.01330	0.00836	0.00659	0.00737	0.06751	0.06776	0.00463	0.00281	0.00719
10	0.01415	0.23040	0.09412	0.01264	0.06500	0.04770	0.04007	0.03439	0.14472	0.09893	0.04389	0.01504	0.01174	0.00876	0.06693	0.00213	0.05365	0.00475	0.00364	0.00736
11	0.00743	0.00539	0.00645	0.00697	0.00823	0.00482	0.00519	0.00881	0.01163	0.04468	0.04017	0.33831	0.36449	0.01471	0.00664	0.00203	0.00324	0.11106	0.00504	0.00470
12	0.01351	0.01441	0.05795	0.07866	0.28821	0.07353	0.21528	0.06652	0.05676	0.01808	0.01202	0.01640	0.00989	0.00566	0.00568	0.00172	0.00725	0.04773	0.00312	0.00761
13	0.01098	0.03679	0.09483	0.04432	0.02432	0.00975	0.03292	0.13838	0.09299	0.01886	0.05264	0.19824	0.10199	0.05632	0.00720	0.00206	0.00491	0.06174	0.00443	0.00631
14	0.00918	0.00484	0.00722	0.00731	0.00746	0.00490	0.00509	0.00746	0.00751	0.01003	0.01111	0.02005	0.01124	0.01959	0.06414	0.73007	0.00524	0.06231	0.00257	0.00268
15	0.01838	0.01375	0.01484	0.01163	0.01557	0.01511	0.00951	0.60135	0.10386	0.03118	0.07350	0.01574	0.01313	0.00682	0.00542	0.00162	0.00541	0.00530	0.00536	0.03253
16	0.01534	0.34805	0.08644	0.01171	0.04801	0.04238	0.01037	0.19928	0.09274	0.03307	0.05496	0.01328	0.01110	0.00581	0.00459	0.00144	0.00577	0.00431	0.00368	0.00767
17	0.00721	0.00558	0.00839	0.00854	0.00942	0.00521	0.06406	0.00870	0.01133	0.01535	0.15909	0.61076	0.03602	0.01483	0.00672	0.00206	0.00348	0.01358	0.00497	0.00471

[dist]
# distance from previous block
# <min> <max>
6	10

[block]
# block no. 6 follows, 45 sequences, length 11
# corresponding to MSA columns:
# 623-633
name=unknown_G
#
# <colnr> <probs for GDERKNQSTAVLIFYWHMCP>
#	G	D	E	R	K	N	Q	S	T	A	V	L	I	F	Y	W	H	M	C	P
0	0.52057	0.01029	0.00987	0.00825	0.01186	0.01108	0.00678	0.05556	0.04851	0.25223	0.01255	0.01234	0.00873	0.00566	0.00415	0.00167	0.00437	0.00390	0.00452	0.00710
1	0.00685	0.00535	0.00607	0.00608	0.00742	0.00472	0.00440	0.00840	0.01254	0.01615	0.26019	0.12814	0.42390	0.07606	0.00805	0.00208	0.00290	0.01100	0.00512	0.00457
2	0.00851	0.00532	0.00605	0.00600	0.00636	0.00522	0.00361	0.00891	0.00871	0.04218	0.01932	0.07536	0.05012	0.63629	0.02251	0.00443	0.00474	0.00802	0.07460	0.00375
3	0.04202	0.13775	0.13705	0.03240	0.24534	0.01390	0.10369	0.07577	0.01281	0.07745	0.01081	0.01326	0.00855	0.03034	0.00620	0.00172	0.03548	0.00463	0.00310	0.00772
4	0.01103	0.01093	0.06127	0.18505	0.25400	0.01082	0.01233	0.01592	0.12533	0.01726	0.07499	0.08575	0.03068	0.00751	0.00588	0.00178	0.02297	0.03612	0.02342	0.00695
5	0.01186	0.00997	0.01152	0.00830	0.01303	0.00790	0.00666	0.07201	0.01224	0.01877	0.00980	0.01127	0.00804	0.00417	0.00408	0.00086	0.00413	0.00331	0.00335	0.77873
6	0.06967	0.25029	0.08809	0.01331	0.07060	0.10981	0.05177	0.14809	0.05647	0.04021	0.01032	0.01143	0.00813	0.00540	0.00484	0.00147	0.02194	0.00401	0.00333	0.03080
7	0.01104	0.04173	0.01082	0.00952	0.03156	0.05903	0.00717	0.01418	0.08442	0.06515	0.19540	0.15292	0.06842	0.00975	0.00682	0.00172	0.08014	0.02832	0.02171	0.10018
8	0.04406	0.11585	0.16745	0.01313	0.05499	0.02903	0.06974	0.14917	0.02972	0.06397	0.04620	0.07956	0.03748	0.00741	0.00574	0.00171	0.03094	0.04279	0.00384	0.00724
9	0.03436	0.10317	0.11069	0.04242	0.24540	0.07752	0.04204	0.11189	0.01390	0.05938	0.04150	0.01497	0.01064	0.00738	0.04311	0.00193	0.00689	0.02188	0.00334	0.00759
10	0.01083	0.00989	0.03711	0.03908	0.09422	0.05850	0.02774	0.09995	0.01316	0.01718	0.04779	0.15189	0.10831	0.07643	0.03941	0.00241	0.00554	0.12416	0.00414	0.03227

[dist]
# distance from previous block
# <min> <max>
1	11

[block]
# block no. 7 follows, 45 sequences, length 19
# corresponding to MSA columns:
# 645-663
name=unknown_H
#
# <colnr> <probs for GDERKNQSTAVLIFYWHMCP>
#	G	D	E	R	K	N	Q	S	T	A	V	L	I	F	Y	W	H	M	C	P
0	0.05296	0.05056	0.19295	0.06230	0.12868	0.01212	0.02548	0.13082	0.02599	0.13278	0.05400	0.01536	0.01139	0.02545	0.02327	0.00188	0.02217	0.00490	0.00382	0.02313
1	0.04529	0.07042	0.13749	0.04106	0.11700	0.24197	0.04784	0.06476	0.01303	0.01640	0.00915	0.01138	0.00745	0.00625	0.02054	0.00171	0.09154	0.00408	0.00279	0.04984
2	0.01560	0.01117	0.01383	0.14280	0.03211	0.01192	0.00971	0.24834	0.09597	0.12862	0.04089	0.05422	0.01262	0.00680	0.00579	0.00162	0.03708	0.00548	0.00459	0.12082
3	0.00682	0.00502	0.00642	0.00713	0.00783	0.00474	0.00497	0.00803	0.01082	0.01432	0.10179	0.48789	0.15272	0.06482	0.07131	0.00278	0.00407	0.02927	0.00480	0.00444
4	0.01113	0.00954	0.01113	0.00795	0.01272	0.00716	0.00636	0.01352	0.01113	0.01749	0.00954	0.01113	0.00795	0.00398	0.00398	0.00080	0.00398	0.00318	0.00318	0.84417
5	0.00677	0.00503	0.00626	0.00684	0.00766	0.00458	0.00475	0.00811	0.01167	0.01545	0.19582	0.45687	0.19280	0.04238	0.00734	0.00210	0.00298	0.01298	0.00512	0.00451
6	0.01374	0.07664	0.01342	0.01063	0.01352	0.04729	0.00844	0.13726	0.41527	0.02163	0.04584	0.09546	0.03450	0.00813	0.00585	0.00176	0.03140	0.00660	0.00493	0.00766
7	0.00698	0.00518	0.00643	0.00669	0.00769	0.00472	0.00475	0.00861	0.01257	0.01690	0.33693	0.30633	0.19342	0.04863	0.00743	0.00204	0.00289	0.01187	0.00528	0.00463
8	0.00675	0.00545	0.00600	0.00586	0.00750	0.00470	0.00440	0.00849	0.01319	0.01676	0.28648	0.04794	0.54218	0.01275	0.00634	0.00177	0.00266	0.01081	0.00528	0.00470
9	0.01097	0.00549	0.00607	0.00599	0.00748	0.00539	0.00471	0.01344	0.01173	0.08112	0.01920	0.02504	0.01591	0.00738	0.00435	0.00144	0.00298	0.09898	0.66701	0.00533
10	0.01435	0.81458	0.02813	0.00918	0.01378	0.02124	0.00918	0.01607	0.01091	0.01263	0.00746	0.00861	0.00689	0.00459	0.00344	0.00115	0.00574	0.00287	0.00230	0.00689
11	0.01783	0.02196	0.01689	0.11468	0.02027	0.58717	0.08663	0.02025	0.03847	0.01392	0.00915	0.01109	0.00737	0.00546	0.00508	0.00149	0.00912	0.00400	0.00280	0.00637
12	0.00694	0.00534	0.00587	0.00589	0.00739	0.00467	0.00436	0.00862	0.01265	0.01646	0.21209	0.11551	0.48254	0.01270	0.00618	0.00177	0.00270	0.01081	0.07284	0.00467
13	0.01055	0.00979	0.01559	0.69803	0.03404	0.01211	0.01409	0.01560	0.10732	0.01483	0.01111	0.01504	0.00833	0.00561	0.00538	0.00179	0.00678	0.00494	0.00278	0.00629
14	0.01293	0.51251	0.25675	0.01100	0.01641	0.01759	0.01222	0.01651	0.03663	0.01468	0.04227	0.01120	0.00910	0.00512	0.00414	0.00136	0.00622	0.00361	0.00255	0.00718
15	0.01113	0.00954	0.01113	0.00795	0.01272	0.00716	0.00636	0.01352	0.01113	0.01749	0.00954	0.01113	0.00795	0.00398	0.00398	0.00080	0.00398	0.00318	0.00318	0.84417
16	0.60631	0.01214	0.00897	0.00816	0.01097	0.13852	0.00641	0.01559	0.00986	0.02041	0.00785	0.00985	0.00644	0.00682	0.00582	0.10901	0.00512	0.00322	0.00310	0.00544
17	0.01920	0.02379	0.01482	0.01346	0.01626	0.69079	0.01013	0.02234	0.11123	0.01433	0.01003	0.01100	0.00812	0.00575	0.00492	0.00144	0.00899	0.00379	0.00311	0.00651
18	0.00922	0.00538	0.00711	0.00772	0.00867	0.00500	0.00553	0.01054	0.01116	0.11231	0.02745	0.58728	0.03056	0.01452	0.00646	0.00206	0.00339	0.06776	0.07283	0.00506

[dist]
# distance from previous block
# <min> <max>
0	1

[block]
# block no. 8 follows, 45 sequences, length 14
# corresponding to MSA columns:
# 665-678
name=unknown_I
#
# <colnr> <probs for GDERKNQSTAVLIFYWHMCP>
#	G	D	E	R	K	N	Q	S	T	A	V	L	I	F	Y	W	H	M	C	P
0	0.03519	0.01284	0.01355	0.01110	0.01468	0.04555	0.00892	0.33590	0.25570	0.12647	0.06933	0.01750	0.01467	0.00698	0.00540	0.00168	0.00510	0.00554	0.00545	0.00846
1	0.00686	0.00567	0.00596	0.00596	0.00760	0.00502	0.00438	0.00887	0.04885	0.01510	0.09768	0.10095	0.60089	0.05319	0.00738	0.00200	0.00293	0.01106	0.00498	0.00468
2	0.00664	0.00493	0.00621	0.00707	0.00779	0.00450	0.00491	0.00782	0.01110	0.01451	0.08864	0.57276	0.19029	0.01567	0.00673	0.00208	0.00304	0.03579	0.00505	0.00446
3	0.01014	0.00954	0.01610	0.79845	0.03697	0.01193	0.01491	0.01371	0.01073	0.01371	0.00954	0.01431	0.00716	0.00537	0.00537	0.00179	0.00716	0.00477	0.00239	0.00596
4	0.01674	0.01145	0.01237	0.01011	0.01339	0.03695	0.00812	0.32310	0.12899	0.14184	0.11476	0.02069	0.05621	0.00750	0.00541	0.00163	0.00472	0.00603	0.07215	0.00786
5	0.05472	0.00819	0.01024	0.00829	0.01157	0.00756	0.00672	0.02216	0.05160	0.50617	0.01964	0.01842	0.01325	0.00650	0.00487	0.00156	0.00398	0.00522	0.23150	0.00785
6	0.02219	0.01005	0.01267	0.01001	0.01368	0.04692	0.00819	0.02450	0.03276	0.64552	0.04633	0.01821	0.01394	0.00695	0.00625	0.00170	0.05999	0.00542	0.00610	0.00861
7	0.38073	0.01007	0.01073	0.00866	0.01246	0.01027	0.00715	0.07057	0.01333	0.40414	0.01470	0.01378	0.00978	0.00591	0.00450	0.00166	0.00448	0.00428	0.00512	0.00770
8	0.01369	0.00679	0.00895	0.00780	0.01011	0.00602	0.00606	0.01577	0.01445	0.31158	0.33987	0.12105	0.09515	0.01020	0.00603	0.00174	0.00340	0.00883	0.00601	0.00650
9	0.64129	0.01112	0.00912	0.00775	0.01133	0.04369	0.00631	0.05401	0.01053	0.02310	0.00811	0.00935	0.00636	0.00492	0.00359	0.00151	0.00444	0.00307	0.00338	0.13700
10	0.01152	0.00559	0.00623	0.00580	0.00743	0.00538	0.00445	0.01397	0.01227	0.11804	0.11120	0.02226	0.01824	0.00688	0.00428	0.00136	0.00277	0.00563	0.63116	0.00554
11	0.01333	0.09295	0.22151	0.15150	0.06730	0.02640	0.07505	0.14235	0.01355	0.03564	0.01058	0.01344	0.00824	0.03665	0.00674	0.00181	0.05492	0.00463	0.01609	0.00732
12	0.03199	0.02966	0.05871	0.17984	0.26101	0.11136	0.07796	0.15024	0.01454	0.01912	0.01020	0.01279	0.00794	0.00529	0.00528	0.00163	0.00712	0.00464	0.00310	0.00759
13	0.00730	0.00533	0.00673	0.00666	0.00774	0.00490	0.00481	0.00926	0.01354	0.01867	0.51820	0.16725	0.12826	0.06772	0.00787	0.00203	0.00283	0.01067	0.00547	0.00476

[dist]
# distance from previous block
# <min> <max>
0	5

[block]
# block no. 9 follows, 45 sequences, length 19
# corresponding to MSA columns:
# 684-692,697-705,708
name=unknown_J
#
# <colnr> <probs for GDERKNQSTAVLIFYWHMCP>
#	G	D	E	R	K	N	Q	S	T	A	V	L	I	F	Y	W	H	M	C	P
0	0.01083	0.00669	0.00584	0.00573	0.00710	0.06920	0.00429	0.01324	0.01158	0.01945	0.01676	0.01917	0.01320	0.00619	0.00384	0.00126	0.00309	0.00488	0.77257	0.00510
1	0.00967	0.00596	0.00747	0.00687	0.00845	0.00562	0.00523	0.01264	0.04362	0.08809	0.55378	0.03407	0.03991	0.00967	0.00579	0.00162	0.00277	0.00841	0.14482	0.00554
2	0.01495	0.60905	0.04655	0.01045	0.01451	0.14127	0.00986	0.01671	0.01140	0.01285	0.00762	0.00909	0.00690	0.00511	0.00476	0.00129	0.06539	0.00313	0.00237	0.00674
3	0.00964	0.00665	0.00838	0.00772	0.00982	0.00573	0.00585	0.01149	0.01209	0.08073	0.17069	0.25048	0.06126	0.04125	0.00670	0.00181	0.00359	0.08231	0.00478	0.21904
4	0.00932	0.00466	0.00699	0.00699	0.00699	0.00466	0.00466	0.00699	0.00699	0.00932	0.00932	0.01632	0.00932	0.01865	0.02098	0.84382	0.00466	0.00466	0.00233	0.00233
5	0.01301	0.42667	0.33347	0.01253	0.01845	0.04427	0.05276	0.01670	0.01132	0.01465	0.00855	0.01006	0.00692	0.00483	0.00431	0.00141	0.00694	0.00352	0.00232	0.00731
6	0.01356	0.01151	0.03940	0.02571	0.01444	0.01060	0.00822	0.17844	0.16517	0.03631	0.01399	0.05505	0.01137	0.00596	0.00482	0.00132	0.00462	0.00485	0.00422	0.39045
7	0.01303	0.01425	0.09781	0.03119	0.70255	0.01273	0.01681	0.01653	0.01213	0.01748	0.01005	0.01309	0.00833	0.00481	0.00529	0.00160	0.00653	0.00470	0.00262	0.00845
8	0.00992	0.00647	0.00810	0.00727	0.00897	0.00620	0.00558	0.07271	0.01574	0.07293	0.60645	0.03493	0.04204	0.00997	0.00600	0.00165	0.00294	0.00867	0.06781	0.00566
9	0.00686	0.00507	0.00647	0.00744	0.00808	0.00476	0.00517	0.00840	0.03253	0.01448	0.06133	0.62898	0.12057	0.01584	0.00676	0.00212	0.00317	0.05236	0.00503	0.00456
10	0.01046	0.00974	0.01570	0.71985	0.03467	0.01207	0.01427	0.01519	0.08633	0.01459	0.01077	0.01488	0.00808	0.00556	0.00538	0.00179	0.00687	0.00490	0.00269	0.00622
11	0.19207	0.01208	0.01319	0.01032	0.01436	0.01274	0.00852	0.35896	0.01859	0.28454	0.01458	0.01385	0.00985	0.00621	0.00496	0.00164	0.00509	0.00463	0.00538	0.00845
12	0.37005	0.01086	0.01128	0.00907	0.01290	0.01141	0.00749	0.17067	0.01475	0.31160	0.01374	0.01317	0.00930	0.00591	0.00452	0.00165	0.00466	0.00424	0.00499	0.00774
13	0.01529	0.08903	0.01232	0.00937	0.01225	0.00982	0.00795	0.14197	0.03172	0.21270	0.04224	0.02993	0.03530	0.00895	0.00561	0.00179	0.00465	0.21250	0.10962	0.00698
14	0.84927	0.01038	0.00789	0.00706	0.01038	0.01204	0.00581	0.01578	0.00914	0.02408	0.00747	0.00872	0.00581	0.00498	0.00332	0.00166	0.00415	0.00291	0.00332	0.00581
15	0.09156	0.01126	0.01328	0.01031	0.01441	0.01129	0.00850	0.26940	0.03723	0.45032	0.01729	0.01573	0.01136	0.00645	0.00522	0.00165	0.00497	0.00502	0.00591	0.00884
16	0.01139	0.01147	0.01691	0.01415	0.01479	0.01521	0.07814	0.01288	0.00895	0.01343	0.01126	0.01525	0.07002	0.00930	0.01568	0.00226	0.66504	0.00539	0.00260	0.00589
17	0.00781	0.00520	0.00585	0.00585	0.00585	0.00520	0.00325	0.00781	0.00781	0.01041	0.01691	0.03513	0.01952	0.81135	0.02732	0.00520	0.00520	0.00781	0.00325	0.00325
18	0.01059	0.01029	0.01796	0.40750	0.06522	0.01204	0.14086	0.01377	0.01079	0.01461	0.04353	0.01575	0.00991	0.00947	0.08555	0.00254	0.11549	0.00534	0.00265	0.00614

[dist]
# distance from previous block
# <min> <max>
4	5

[block]
# block no. 10 follows, 45 sequences, length 10
# corresponding to MSA columns:
# 714-723
name=unknown_K
#
# <colnr> <probs for GDERKNQSTAVLIFYWHMCP>
#	G	D	E	R	K	N	Q	S	T	A	V	L	I	F	Y	W	H	M	C	P
0	0.03456	0.11041	0.04340	0.01400	0.09547	0.22210	0.03277	0.17376	0.05946	0.01937	0.01067	0.01238	0.00863	0.03089	0.00550	0.00153	0.00672	0.00416	0.00346	0.11076
1	0.00780	0.00601	0.00817	0.03135	0.03779	0.00560	0.03149	0.00966	0.01200	0.01641	0.17980	0.30815	0.17327	0.01250	0.00622	0.00186	0.00343	0.04536	0.07164	0.03149
2	0.01316	0.16709	0.24834	0.01222	0.04244	0.01378	0.01203	0.10558	0.17550	0.03743	0.06207	0.01642	0.03714	0.00633	0.00499	0.00160	0.00571	0.00500	0.02550	0.00768
3	0.01018	0.00503	0.00743	0.00733	0.00766	0.00495	0.00511	0.00842	0.00784	0.05679	0.01124	0.01920	0.01092	0.01768	0.01918	0.73986	0.00467	0.05084	0.00276	0.00291
4	0.04282	0.22958	0.15689	0.01352	0.09947	0.13483	0.01147	0.03876	0.03717	0.03915	0.03469	0.01253	0.00947	0.00741	0.05239	0.00185	0.00699	0.00403	0.00298	0.06401
5	0.01368	0.19812	0.20087	0.01323	0.03399	0.08058	0.08310	0.08929	0.07134	0.03374	0.03556	0.03732	0.03923	0.00631	0.00556	0.00160	0.04091	0.00500	0.00330	0.00728
6	0.00681	0.00533	0.00620	0.00645	0.00778	0.00472	0.00478	0.00841	0.01248	0.01600	0.20909	0.21310	0.40720	0.01378	0.00652	0.00190	0.00290	0.05673	0.00519	0.00464
7	0.04499	0.01313	0.07967	0.07776	0.08175	0.06877	0.03592	0.06222	0.04833	0.11430	0.01175	0.01316	0.00891	0.00599	0.02178	0.00155	0.02925	0.00425	0.00360	0.27292
8	0.03979	0.08055	0.15620	0.06819	0.05359	0.15473	0.03379	0.11244	0.09557	0.04855	0.01305	0.06825	0.01076	0.00644	0.00509	0.00162	0.00656	0.00513	0.03242	0.00725
9	0.01099	0.02958	0.04085	0.04338	0.03908	0.07372	0.03110	0.06391	0.02850	0.01552	0.03390	0.10829	0.05186	0.05649	0.13552	0.00321	0.13925	0.08552	0.00357	0.00576

[dist]
# distance from previous block
# <min> <max>
3	8

[block]
# block no. 11 follows, 45 sequences, length 12
# corresponding to MSA columns:
# 735-746
name=unknown_L
#
# <colnr> <probs for GDERKNQSTAVLIFYWHMCP>
#	G	D	E	R	K	N	Q	S	T	A	V	L	I	F	Y	W	H	M	C	P
0	0.01521	0.03937	0.01314	0.08828	0.01580	0.02956	0.00890	0.20690	0.21893	0.11021	0.04740	0.02084	0.04666	0.02616	0.00591	0.00177	0.00502	0.03758	0.03563	0.02673
1	0.01331	0.01150	0.01519	0.07193	0.14527	0.06197	0.07068	0.09231	0.12798	0.05500	0.04388	0.06755	0.03106	0.00850	0.03818	0.00199	0.05514	0.00607	0.05792	0.02459
2	0.00785	0.00547	0.00671	0.00647	0.00771	0.00501	0.00471	0.00978	0.01340	0.03789	0.46662	0.09082	0.17334	0.09625	0.00846	0.00210	0.00294	0.00986	0.03980	0.00483
3	0.00818	0.00635	0.00816	0.00794	0.00862	0.00705	0.00589	0.00933	0.00976	0.01347	0.06876	0.11365	0.14381	0.20426	0.14918	0.02244	0.13125	0.03817	0.03926	0.00449
4	0.00710	0.00522	0.00639	0.00655	0.00750	0.00479	0.00459	0.00862	0.01228	0.01651	0.32869	0.24295	0.18820	0.12492	0.00940	0.00233	0.00310	0.01122	0.00511	0.00452
5	0.02302	0.00937	0.01243	0.00969	0.01373	0.00843	0.00795	0.02639	0.08991	0.70641	0.02124	0.01844	0.01359	0.00671	0.00540	0.00168	0.00454	0.00546	0.00653	0.00907
6	0.03833	0.55018	0.13033	0.01035	0.01519	0.01862	0.01058	0.09022	0.04345	0.01607	0.00906	0.01019	0.00762	0.00583	0.02291	0.00149	0.00616	0.00342	0.00277	0.00724
7	0.01919	0.02012	0.01440	0.01253	0.01554	0.49491	0.00966	0.11526	0.04356	0.09266	0.01105	0.01190	0.00851	0.00594	0.00539	0.00147	0.03757	0.00402	0.03993	0.03640
8	0.02898	0.01388	0.01447	0.14445	0.07182	0.20532	0.04736	0.10925	0.03044	0.04648	0.01251	0.01630	0.01020	0.02013	0.02191	0.00182	0.03748	0.03660	0.12402	0.00658
9	0.07026	0.07640	0.03257	0.09520	0.04601	0.02360	0.04490	0.12738	0.04418	0.03630	0.08801	0.01918	0.06450	0.04180	0.03529	0.00193	0.00551	0.00547	0.02090	0.12062
10	0.06907	0.07758	0.04657	0.05832	0.05011	0.02750	0.04601	0.15789	0.03480	0.07275	0.04700	0.09864	0.01529	0.00780	0.00554	0.00168	0.01641	0.07869	0.00416	0.08420
11	0.06371	0.09281	0.04171	0.06241	0.06462	0.01171	0.05361	0.08138	0.15248	0.04310	0.08846	0.08494	0.03761	0.00948	0.04885	0.00209	0.01637	0.01882	0.00414	0.02170

[dist]
# distance from previous block
# <min> <max>
19	109

[block]
# block no. 12 follows, 45 sequences, length 21
# corresponding to MSA columns:
# 873-893
name=unknown_M
#
# <colnr> <probs for GDERKNQSTAVLIFYWHMCP>
#	G	D	E	R	K	N	Q	S	T	A	V	L	I	F	Y	W	H	M	C	P
0	0.01222	0.00741	0.00890	0.00798	0.01027	0.00710	0.00615	0.03979	0.12539	0.19339	0.21387	0.12657	0.19792	0.01059	0.00602	0.00179	0.00347	0.00907	0.00567	0.00643
1	0.00681	0.00492	0.00629	0.00704	0.00762	0.00457	0.00478	0.00798	0.01109	0.01485	0.15978	0.54588	0.10021	0.08155	0.00842	0.00231	0.00315	0.01334	0.00500	0.00440
2	0.00873	0.00576	0.00714	0.00679	0.00839	0.00518	0.00511	0.01068	0.01357	0.09215	0.38342	0.11788	0.25722	0.01312	0.03861	0.00206	0.00333	0.01016	0.00549	0.00522
3	0.00675	0.00541	0.00602	0.00596	0.00752	0.00469	0.00444	0.00845	0.01305	0.01664	0.27758	0.09128	0.50740	0.01296	0.00637	0.00179	0.00268	0.01105	0.00527	0.00469
4	0.67045	0.01052	0.00883	0.00779	0.01099	0.01201	0.00632	0.11277	0.01134	0.02450	0.01002	0.07567	0.00872	0.00616	0.00388	0.00170	0.00430	0.00419	0.00373	0.00613
5	0.68868	0.08894	0.01054	0.00792	0.01131	0.08849	0.00658	0.01636	0.00990	0.02192	0.00755	0.00880	0.00602	0.00500	0.00348	0.00158	0.00484	0.00296	0.00317	0.00596
6	0.08078	0.10174	0.64668	0.01403	0.02126	0.01327	0.01765	0.01681	0.01111	0.01717	0.00925	0.01086	0.00673	0.00504	0.00479	0.00164	0.00741	0.00377	0.00236	0.00766
7	0.01464	0.01288	0.07653	0.01125	0.01488	0.01296	0.00949	0.07499	0.58374	0.09650	0.02018	0.01867	0.01482	0.00698	0.00542	0.00178	0.00469	0.00575	0.00531	0.00855
8	0.01108	0.01552	0.24978	0.01320	0.01613	0.01287	0.02375	0.01504	0.07282	0.03260	0.01248	0.10976	0.01162	0.00990	0.04164	0.00231	0.33394	0.00595	0.00303	0.00659
9	0.76914	0.01061	0.00922	0.00954	0.08394	0.01211	0.00684	0.01585	0.00943	0.02346	0.00773	0.00916	0.00607	0.00496	0.00351	0.00165	0.00437	0.00309	0.00326	0.00607
10	0.00708	0.00513	0.00650	0.00682	0.00764	0.00475	0.00476	0.00861	0.01224	0.01666	0.33534	0.34556	0.11211	0.09131	0.00858	0.00224	0.00304	0.01189	0.00519	0.00456
11	0.01926	0.04806	0.01702	0.01423	0.09041	0.04375	0.01073	0.61103	0.04322	0.03033	0.01247	0.01283	0.00909	0.00620	0.00527	0.00159	0.00603	0.00473	0.00489	0.00886
12	0.01222	0.03605	0.12083	0.03282	0.03861	0.09808	0.02364	0.09521	0.02749	0.03052	0.02556	0.19324	0.03638	0.03674	0.00643	0.00174	0.02394	0.00696	0.00375	0.14982
13	0.01437	0.18082	0.29837	0.04644	0.02024	0.17189	0.08540	0.05065	0.01280	0.03908	0.00948	0.01117	0.00729	0.00525	0.00516	0.00155	0.02607	0.00400	0.00269	0.00727
14	0.01933	0.01083	0.01359	0.01226	0.08709	0.01078	0.00900	0.20908	0.09048	0.36843	0.04421	0.01961	0.06615	0.00710	0.00548	0.00167	0.00486	0.00581	0.00569	0.00856
15	0.00838	0.00655	0.00866	0.06946	0.03756	0.00696	0.00672	0.01138	0.08419	0.01527	0.07886	0.23013	0.11278	0.06974	0.15228	0.00336	0.02026	0.02304	0.04924	0.00518
16	0.01449	0.01526	0.11296	0.13586	0.22707	0.10622	0.10141	0.03888	0.03344	0.10499	0.01195	0.03448	0.00932	0.00572	0.00569	0.00168	0.02469	0.00508	0.00326	0.00755
17	0.00864	0.00594	0.00733	0.00766	0.00840	0.00591	0.00521	0.08118	0.01122	0.03327	0.02433	0.50660	0.02798	0.20160	0.03619	0.00302	0.00426	0.01197	0.00459	0.00469
18	0.08542	0.00769	0.00967	0.00835	0.01109	0.00709	0.00658	0.03315	0.01375	0.38366	0.12001	0.17615	0.07834	0.00972	0.00574	0.00179	0.00389	0.02517	0.00576	0.00698
19	0.03046	0.01333	0.12417	0.08865	0.14394	0.04447	0.04460	0.05758	0.08560	0.04745	0.03130	0.04595	0.01169	0.00979	0.08151	0.00240	0.07205	0.00541	0.05264	0.00702
20	0.03054	0.07617	0.22952	0.09472	0.07885	0.06279	0.05814	0.20306	0.04702	0.03234	0.01142	0.03125	0.00880	0.00578	0.00517	0.00164	0.00685	0.00471	0.00343	0.00777

[dist]
# distance from previous block
# <min> <max>
1	12

[block]
# block no. 13 follows, 45 sequences, length 36
# corresponding to MSA columns:
# 1006-1031,1033-1035,1040-1046
name=unknown_N
#
# <colnr> <probs for GDERKNQSTAVLIFYWHMCP>
#	G	D	E	R	K	N	Q	S	T	A	V	L	I	F	Y	W	H	M	C	P
0	0.18922	0.19098	0.06058	0.08045	0.05079	0.15519	0.03863	0.05188	0.01250	0.02976	0.01130	0.01312	0.03960	0.00599	0.00510	0.00163	0.03390	0.00420	0.01832	0.00685
1	0.55919	0.01026	0.00970	0.03487	0.03577	0.01132	0.00700	0.03669	0.04226	0.10451	0.01140	0.03666	0.00906	0.00667	0.00498	0.04001	0.00455	0.00417	0.02440	0.00651
2	0.02652	0.00894	0.01354	0.14384	0.19279	0.00919	0.04099	0.01363	0.03084	0.04070	0.16246	0.09354	0.06844	0.03439	0.03090	0.00214	0.01655	0.00744	0.05669	0.00645
3	0.01029	0.00887	0.01413	0.47520	0.08780	0.01011	0.02783	0.01311	0.01135	0.01551	0.03801	0.14714	0.01451	0.00781	0.00571	0.00187	0.00599	0.00688	0.09180	0.00608
4	0.00981	0.00603	0.00765	0.00766	0.00902	0.00541	0.00553	0.01126	0.01296	0.12288	0.24152	0.37600	0.13568	0.01359	0.00665	0.00201	0.00329	0.01189	0.00564	0.00553
5	0.01516	0.01507	0.01434	0.01421	0.09450	0.24671	0.02575	0.09732	0.08523	0.03379	0.03845	0.08446	0.02634	0.04158	0.06174	0.00242	0.07428	0.01789	0.00390	0.00686
6	0.00711	0.00585	0.00612	0.00603	0.00779	0.00495	0.00448	0.00850	0.01302	0.01610	0.16711	0.05025	0.65652	0.01347	0.00656	0.00189	0.00289	0.01119	0.00529	0.00490
7	0.01166	0.00991	0.01149	0.00832	0.01310	0.00747	0.00659	0.01388	0.01146	0.01797	0.01007	0.01186	0.00845	0.00434	0.00421	0.00090	0.00416	0.00336	0.00336	0.83744
8	0.00775	0.00559	0.00729	0.00815	0.00895	0.00523	0.00600	0.00917	0.01204	0.01616	0.16383	0.46747	0.07108	0.01545	0.00707	0.00223	0.00358	0.17276	0.00530	0.00491
9	0.02950	0.06415	0.09748	0.01126	0.02872	0.01103	0.05120	0.08244	0.15142	0.12135	0.17843	0.04828	0.03704	0.00803	0.00588	0.00178	0.01819	0.00665	0.03972	0.00746
10	0.01729	0.03147	0.04208	0.04941	0.05935	0.34927	0.01066	0.09847	0.01478	0.05316	0.01026	0.01203	0.00825	0.00595	0.00595	0.00152	0.06474	0.00406	0.00341	0.15788
11	0.52147	0.10588	0.06731	0.04207	0.01396	0.06231	0.00849	0.02856	0.04498	0.02127	0.00903	0.01062	0.00722	0.00562	0.00448	0.00172	0.03159	0.00351	0.00333	0.00657
12	0.00756	0.00558	0.00708	0.00699	0.00830	0.00515	0.00539	0.00981	0.01403	0.01917	0.51846	0.04492	0.16307	0.03970	0.00723	0.00195	0.00302	0.12217	0.00552	0.00490
13	0.01352	0.37091	0.26939	0.01232	0.01769	0.08537	0.04379	0.01823	0.09293	0.01533	0.00993	0.01106	0.00794	0.00513	0.00444	0.00145	0.00677	0.00376	0.00269	0.00735
14	0.01964	0.01479	0.01672	0.01457	0.09850	0.01623	0.01088	0.68002	0.02384	0.03208	0.01259	0.01293	0.00906	0.00627	0.00536	0.00161	0.00596	0.00483	0.00508	0.00906
15	0.00654	0.00467	0.00623	0.00747	0.00779	0.00436	0.00498	0.00747	0.01028	0.01370	0.02959	0.80785	0.03550	0.01682	0.00685	0.00218	0.00311	0.01526	0.00498	0.00436
16	0.02005	0.02558	0.01521	0.01383	0.01659	0.78980	0.01037	0.02143	0.01521	0.01314	0.00830	0.00968	0.00691	0.00553	0.00484	0.00138	0.00968	0.00346	0.00277	0.00622
17	0.01569	0.01076	0.01221	0.00985	0.01327	0.01106	0.00791	0.28355	0.13266	0.13186	0.16734	0.02167	0.05369	0.00755	0.00547	0.00159	0.00445	0.00618	0.00542	0.09782
18	0.22159	0.01024	0.01157	0.00932	0.01310	0.01035	0.00763	0.10287	0.09587	0.41581	0.03700	0.01615	0.01235	0.00640	0.00492	0.00167	0.00452	0.00492	0.00556	0.00816
19	0.01212	0.00952	0.01044	0.00964	0.01191	0.04466	0.00779	0.16414	0.13615	0.03413	0.17139	0.03606	0.08383	0.03426	0.00684	0.00201	0.00460	0.20892	0.00518	0.00642
20	0.02258	0.00936	0.01242	0.00946	0.01369	0.00807	0.00779	0.04672	0.01520	0.67709	0.01968	0.01734	0.01259	0.00635	0.00524	0.00157	0.00454	0.00514	0.00623	0.09893
21	0.10330	0.00725	0.00892	0.00839	0.01052	0.00695	0.00646	0.03457	0.02696	0.25471	0.04287	0.33541	0.04715	0.01152	0.00597	0.00194	0.00390	0.07156	0.00536	0.00628
22	0.25439	0.01214	0.01245	0.01015	0.01390	0.01338	0.00828	0.29472	0.16601	0.14077	0.01437	0.01392	0.01025	0.00623	0.00481	0.00167	0.00488	0.00462	0.00500	0.00807
23	0.00674	0.00532	0.00607	0.00616	0.00756	0.00466	0.00452	0.00837	0.01276	0.01640	0.25875	0.17522	0.44167	0.01338	0.00643	0.00184	0.00273	0.01152	0.00525	0.00466
24	0.00679	0.00532	0.00620	0.00665	0.00794	0.00474	0.00497	0.00828	0.01199	0.01512	0.11016	0.25692	0.41759	0.01438	0.00661	0.00198	0.00308	0.10162	0.00506	0.00458
25	0.03491	0.00615	0.00774	0.00798	0.00924	0.00592	0.00572	0.02852	0.05510	0.12233	0.06956	0.55202	0.04604	0.01387	0.00639	0.00202	0.00343	0.01236	0.00525	0.00546
26	0.00797	0.00554	0.00681	0.00673	0.00699	0.00591	0.00434	0.00853	0.00811	0.01125	0.01603	0.03069	0.01754	0.58444	0.20002	0.00577	0.03348	0.00715	0.02897	0.00374
27	0.01087	0.02604	0.70105	0.01517	0.02225	0.01289	0.01896	0.01656	0.01100	0.01656	0.00935	0.01138	0.00683	0.00556	0.00645	0.00177	0.09327	0.00405	0.00228	0.00771
28	0.18802	0.00663	0.00704	0.00714	0.00896	0.00652	0.00551	0.01101	0.01135	0.06482	0.04691	0.23198	0.26860	0.01223	0.00590	0.00194	0.00352	0.10204	0.00475	0.00511
29	0.01129	0.01025	0.01671	0.35673	0.31078	0.01130	0.01376	0.04495	0.01185	0.01615	0.01263	0.11430	0.01150	0.00666	0.00549	0.00174	0.00618	0.00611	0.02480	0.00682
30	0.10090	0.01018	0.01618	0.58327	0.16001	0.01208	0.01420	0.01441	0.01081	0.01548	0.00941	0.01354	0.00724	0.00523	0.00514	0.00174	0.00670	0.00457	0.00253	0.00638
31	0.01277	0.01428	0.02875	0.04285	0.08026	0.04011	0.61809	0.01731	0.03602	0.01706	0.01149	0.03412	0.00904	0.00499	0.00617	0.00179	0.00854	0.00630	0.00285	0.00723
32	0.00715	0.00505	0.00643	0.00720	0.00766	0.00486	0.00491	0.00801	0.00988	0.01304	0.02714	0.43916	0.08455	0.21287	0.04413	0.02114	0.00427	0.08400	0.00441	0.00413
