[name]
unknown

[dist]
# distance from previous block
# <min> <max>
0	59

[block]
# block no. 0 follows, 53 sequences, length 25
# corresponding to MSA columns:
# 59-83
name=unknown_A
#
# <colnr> <probs for GDERKNQSTAVLIFYWHMCP>
#	G	D	E	R	K	N	Q	S	T	A	V	L	I	F	Y	W	H	M	C	P
0	0.00770	0.00550	0.00770	0.00880	0.00990	0.00550	0.00770	0.00990	0.01100	0.01430	0.02531	0.05391	0.02751	0.01320	0.00660	0.00220	0.00440	0.77004	0.00440	0.00440
1	0.00695	0.00463	0.00521	0.00521	0.00521	0.00463	0.00290	0.00695	0.00695	0.00927	0.01506	0.03128	0.01738	0.83203	0.02433	0.00463	0.00463	0.00695	0.00290	0.00290
2	0.00728	0.00534	0.00662	0.00630	0.00759	0.00508	0.00471	0.01025	0.07894	0.03300	0.57513	0.09767	0.12369	0.01009	0.00559	0.00156	0.00248	0.00885	0.00508	0.00474
3	0.00607	0.00444	0.00571	0.00648	0.00703	0.00415	0.00444	0.00739	0.02597	0.01341	0.13796	0.63405	0.09752	0.01382	0.00597	0.00184	0.00269	0.01242	0.00456	0.00406
4	0.01552	0.00873	0.01048	0.00852	0.01142	0.00876	0.00686	0.19702	0.11392	0.31152	0.21101	0.02022	0.01959	0.00689	0.00498	0.00148	0.00381	0.00571	0.02650	0.00707
5	0.00930	0.02317	0.74665	0.01310	0.01965	0.01055	0.01666	0.01450	0.01002	0.01491	0.00992	0.07200	0.00799	0.00533	0.00466	0.00155	0.00674	0.00429	0.00220	0.00682
6	0.00690	0.00501	0.00665	0.00748	0.00839	0.00482	0.00600	0.00856	0.01056	0.01380	0.08629	0.24998	0.11415	0.04246	0.00693	0.00210	0.00361	0.40771	0.00443	0.00418
7	0.01211	0.01144	0.01550	0.06407	0.43184	0.08431	0.01150	0.08795	0.08280	0.01724	0.10965	0.01557	0.02398	0.00549	0.00484	0.00144	0.00530	0.00489	0.00321	0.00688
8	0.01272	0.56640	0.02222	0.00980	0.01336	0.04927	0.06708	0.05635	0.03834	0.01292	0.00782	0.00932	0.00686	0.00584	0.03498	0.00146	0.07352	0.00324	0.00236	0.00615
9	0.01064	0.00933	0.00963	0.00877	0.01096	0.05608	0.00676	0.01993	0.50574	0.01902	0.23817	0.02236	0.02261	0.00818	0.02876	0.00174	0.00390	0.00617	0.00477	0.00649
10	0.00666	0.00502	0.00617	0.00594	0.00717	0.00463	0.00443	0.00900	0.04011	0.01748	0.56972	0.08575	0.19924	0.01046	0.00564	0.00156	0.00237	0.00913	0.00503	0.00448
11	0.00926	0.00879	0.01515	0.66690	0.08868	0.01044	0.06129	0.01242	0.00998	0.01304	0.05148	0.01393	0.00862	0.00496	0.00488	0.00158	0.00620	0.00457	0.00233	0.00551
12	0.00640	0.00521	0.00571	0.00553	0.00706	0.00469	0.00416	0.00874	0.06216	0.01534	0.28366	0.04093	0.51131	0.01101	0.00559	0.00158	0.00246	0.00933	0.00473	0.00441
13	0.01135	0.01062	0.07768	0.02349	0.04205	0.01918	0.04999	0.05038	0.04337	0.07200	0.01042	0.01268	0.00841	0.00467	0.00464	0.00111	0.03913	0.03168	0.00313	0.48403
14	0.01078	0.00847	0.01000	0.00719	0.01139	0.00642	0.00577	0.01289	0.01020	0.07530	0.00928	0.01039	0.00744	0.00372	0.00364	0.00077	0.00358	0.00298	0.00306	0.79674
15	0.00985	0.09954	0.17131	0.04425	0.05493	0.00902	0.00891	0.05179	0.00888	0.01230	0.00873	0.01261	0.00768	0.01129	0.05110	0.35436	0.04752	0.00393	0.02737	0.00462
16	0.01093	0.05660	0.07051	0.04354	0.17578	0.10572	0.13654	0.04339	0.01095	0.01413	0.01353	0.12518	0.04218	0.04236	0.02353	0.00182	0.03994	0.03462	0.00288	0.00586
17	0.00688	0.00460	0.00523	0.00531	0.00532	0.00458	0.00300	0.00693	0.00709	0.00946	0.01579	0.08306	0.01830	0.77899	0.02314	0.00446	0.00451	0.00738	0.00300	0.00296
18	0.12247	0.01332	0.09279	0.03790	0.11723	0.12095	0.07723	0.03479	0.06088	0.01506	0.00890	0.01141	0.00737	0.00788	0.06807	0.00207	0.18900	0.00405	0.00260	0.00601
19	0.06426	0.00898	0.06539	0.26450	0.11000	0.00893	0.04211	0.01151	0.02407	0.01396	0.04081	0.17779	0.06822	0.00778	0.00567	0.00167	0.04954	0.02643	0.00304	0.00535
20	0.01257	0.12648	0.02959	0.02109	0.44851	0.09062	0.06180	0.04686	0.01139	0.01520	0.00860	0.01079	0.00717	0.00428	0.00441	0.00129	0.00584	0.00385	0.00247	0.08717
21	0.00709	0.00521	0.00641	0.00671	0.00758	0.00501	0.00470	0.05823	0.03002	0.01440	0.12575	0.51759	0.08217	0.07189	0.00713	0.00198	0.00303	0.01111	0.00442	0.02957
22	0.01377	0.12237	0.01573	0.01310	0.09573	0.35572	0.07485	0.01650	0.07514	0.01353	0.04644	0.01366	0.06038	0.00556	0.00488	0.00134	0.03563	0.00427	0.00284	0.02853
23	0.01136	0.38610	0.25017	0.01184	0.04912	0.01442	0.08392	0.04252	0.01031	0.01362	0.00830	0.01013	0.00685	0.00702	0.07372	0.00183	0.00665	0.00349	0.00223	0.00641
24	0.01836	0.00993	0.06287	0.00903	0.01271	0.00859	0.00783	0.17704	0.01513	0.50936	0.07398	0.01740	0.04275	0.00630	0.00488	0.00148	0.00431	0.00510	0.00533	0.00765

[dist]
# distance from previous block
# <min> <max>
0	1

[block]
# block no. 1 follows, 53 sequences, length 12
# corresponding to MSA columns:
# 86-90,95-101
name=unknown_B
#
# <colnr> <probs for GDERKNQSTAVLIFYWHMCP>
#	G	D	E	R	K	N	Q	S	T	A	V	L	I	F	Y	W	H	M	C	P
0	0.00601	0.00474	0.00521	0.00529	0.00661	0.00412	0.00389	0.00740	0.01113	0.01419	0.18583	0.14728	0.52514	0.01180	0.00562	0.00162	0.00243	0.01006	0.03751	0.00412
1	0.01320	0.00976	0.06390	0.12728	0.11928	0.00915	0.00941	0.09567	0.08909	0.21073	0.10634	0.01920	0.04417	0.01949	0.01790	0.00167	0.00478	0.02810	0.00416	0.00670
2	0.03128	0.25911	0.28148	0.01124	0.03062	0.04007	0.06282	0.01528	0.09427	0.01433	0.04149	0.01254	0.00934	0.03926	0.03617	0.00174	0.00608	0.00397	0.00259	0.00634
3	0.01104	0.01983	0.55409	0.01317	0.04511	0.01052	0.04634	0.04685	0.04968	0.08849	0.01200	0.03904	0.03173	0.00535	0.00473	0.00153	0.00627	0.00441	0.00281	0.00703
4	0.00584	0.00426	0.00550	0.00644	0.00689	0.00392	0.00435	0.00677	0.00950	0.01254	0.05783	0.71643	0.11318	0.01448	0.00604	0.00189	0.00272	0.01303	0.00447	0.00392
5	0.01722	0.05851	0.01410	0.04943	0.01550	0.74024	0.00937	0.01855	0.01319	0.01170	0.00741	0.00877	0.00617	0.00488	0.00428	0.00124	0.00836	0.00311	0.00243	0.00556
6	0.03249	0.01048	0.01509	0.30000	0.33801	0.08311	0.01229	0.01334	0.01047	0.01390	0.01083	0.07336	0.00988	0.00581	0.00487	0.00155	0.00585	0.05000	0.00258	0.00608
7	0.01160	0.01112	0.01899	0.09368	0.73965	0.01130	0.01456	0.01447	0.01078	0.01534	0.00895	0.01190	0.00747	0.00430	0.00474	0.00143	0.00573	0.00426	0.00235	0.00739
8	0.00614	0.00432	0.00557	0.00637	0.00661	0.00416	0.00415	0.00682	0.00856	0.01146	0.02304	0.60276	0.02732	0.20668	0.05021	0.00285	0.00370	0.01162	0.00398	0.00367
9	0.02034	0.00811	0.01090	0.00843	0.01196	0.00715	0.00693	0.05066	0.01400	0.72419	0.07076	0.01739	0.01392	0.00617	0.00486	0.00148	0.00399	0.00504	0.00583	0.00789
10	0.01785	0.02278	0.01354	0.01231	0.01478	0.81284	0.00924	0.01909	0.01354	0.01170	0.00739	0.00862	0.00616	0.00493	0.00431	0.00123	0.00862	0.00308	0.00246	0.00554
11	0.01183	0.01136	0.01940	0.02934	0.80221	0.01136	0.01467	0.01467	0.01088	0.01562	0.00899	0.01183	0.00757	0.00426	0.00473	0.00142	0.00568	0.00426	0.00237	0.00757

[dist]
# distance from previous block
# <min> <max>
0	4

[block]
# block no. 2 follows, 53 sequences, length 16
# corresponding to MSA columns:
# 119-134
name=unknown_C
#
# <colnr> <probs for GDERKNQSTAVLIFYWHMCP>
#	G	D	E	R	K	N	Q	S	T	A	V	L	I	F	Y	W	H	M	C	P
0	0.00663	0.00488	0.00620	0.00587	0.00706	0.00445	0.00440	0.00876	0.01321	0.01841	0.70831	0.03696	0.13696	0.01006	0.00564	0.00152	0.00228	0.00882	0.00516	0.00445
1	0.00655	0.00473	0.00630	0.00637	0.00726	0.00448	0.00468	0.00840	0.01192	0.01667	0.52522	0.23739	0.03878	0.01311	0.06540	0.00209	0.00322	0.02827	0.00483	0.00433
2	0.00732	0.00602	0.00847	0.00886	0.03060	0.00697	0.00653	0.00854	0.00861	0.01202	0.01883	0.37901	0.03769	0.01803	0.19846	0.00332	0.17965	0.05323	0.00344	0.00439
3	0.08431	0.06738	0.01411	0.01217	0.03361	0.66905	0.02421	0.01823	0.01279	0.01261	0.00737	0.00866	0.00613	0.00481	0.00417	0.00125	0.00795	0.00309	0.00247	0.00561
4	0.00700	0.00498	0.00624	0.00597	0.00713	0.00468	0.00446	0.00948	0.03744	0.01839	0.62922	0.07681	0.07908	0.00971	0.00544	0.00150	0.00234	0.00853	0.07706	0.00454
5	0.86579	0.00924	0.00702	0.00629	0.00924	0.01072	0.00518	0.01405	0.00813	0.02144	0.00666	0.00776	0.00518	0.00444	0.00296	0.00148	0.00370	0.00259	0.00296	0.00518
6	0.00588	0.00420	0.00559	0.00662	0.00694	0.00392	0.00444	0.00679	0.00940	0.01260	0.07020	0.78392	0.03238	0.01468	0.00607	0.00192	0.00274	0.01331	0.00448	0.00392
7	0.00908	0.00507	0.00532	0.00508	0.00623	0.00513	0.00374	0.05898	0.01071	0.01767	0.07725	0.02045	0.01520	0.10515	0.00613	0.00159	0.00271	0.00508	0.63493	0.00450
8	0.00579	0.00478	0.00509	0.00514	0.00658	0.00408	0.00381	0.00709	0.01104	0.01357	0.13324	0.11718	0.64191	0.01210	0.00569	0.00163	0.00243	0.01024	0.00453	0.00408
9	0.01485	0.00739	0.00983	0.00935	0.07679	0.00714	0.00675	0.03288	0.06943	0.37096	0.04059	0.01717	0.01274	0.00970	0.10818	0.00220	0.00488	0.00488	0.18763	0.00665
10	0.00589	0.00428	0.00555	0.00643	0.00691	0.00395	0.00437	0.00687	0.00968	0.01285	0.09355	0.68970	0.10380	0.01427	0.00602	0.00187	0.00270	0.01285	0.00451	0.00395
11	0.00837	0.00691	0.00958	0.07364	0.06378	0.02236	0.00704	0.00921	0.00793	0.01099	0.01240	0.11561	0.01314	0.20420	0.14738	0.09684	0.17767	0.00609	0.00266	0.00420
12	0.01240	0.73810	0.11851	0.00883	0.01327	0.01798	0.00931	0.01441	0.00976	0.01171	0.00688	0.00796	0.00612	0.00414	0.00324	0.00108	0.00534	0.00267	0.00204	0.00624
13	0.00587	0.00476	0.00507	0.00514	0.00646	0.00411	0.00372	0.00704	0.01063	0.01308	0.10901	0.11703	0.59666	0.08126	0.00726	0.00189	0.00263	0.01002	0.00438	0.00397
14	0.01002	0.00842	0.01010	0.01073	0.10125	0.00911	0.00730	0.04137	0.39203	0.01812	0.14528	0.13637	0.06082	0.00832	0.00521	0.00163	0.00360	0.01943	0.00455	0.00635
15	0.01181	0.03527	0.06531	0.05422	0.41539	0.04528	0.02242	0.08869	0.01144	0.01585	0.00950	0.01308	0.00820	0.08103	0.00669	0.00167	0.02844	0.00426	0.00264	0.07879

[dist]
# distance from previous block
# <min> <max>
0	3

[block]
# block no. 3 follows, 53 sequences, length 16
# corresponding to MSA columns:
# 138-153
name=unknown_D
#
# <colnr> <probs for GDERKNQSTAVLIFYWHMCP>
#	G	D	E	R	K	N	Q	S	T	A	V	L	I	F	Y	W	H	M	C	P
0	0.00655	0.00532	0.00704	0.05743	0.06843	0.00505	0.00562	0.00796	0.01022	0.01314	0.07068	0.34633	0.30802	0.01249	0.01851	0.00184	0.00329	0.04356	0.00415	0.00436
1	0.37015	0.04128	0.27400	0.01168	0.09398	0.01121	0.02593	0.01555	0.06847	0.03469	0.00881	0.00998	0.00663	0.00462	0.00390	0.00148	0.00516	0.00339	0.00275	0.00634
2	0.01190	0.60279	0.21638	0.00969	0.01434	0.01682	0.01060	0.01440	0.00971	0.01221	0.00710	0.00837	0.00612	0.00437	0.00394	0.00119	0.03884	0.00286	0.00204	0.00632
3	0.01807	0.01153	0.01291	0.00999	0.01350	0.01227	0.00815	0.55293	0.01929	0.20602	0.01343	0.01406	0.00967	0.06803	0.00626	0.00169	0.00494	0.00462	0.00490	0.00774
4	0.00722	0.00567	0.00789	0.00810	0.03272	0.00646	0.00579	0.00841	0.00795	0.01114	0.01611	0.11866	0.06024	0.19113	0.39554	0.00521	0.09807	0.00667	0.00290	0.00414
5	0.00588	0.00482	0.00518	0.00517	0.00662	0.00412	0.00385	0.00727	0.01132	0.01411	0.19529	0.08475	0.61144	0.01179	0.00567	0.00161	0.00241	0.00999	0.00460	0.00412
6	0.00710	0.00532	0.00703	0.00854	0.10118	0.00517	0.00487	0.00785	0.00857	0.01149	0.04734	0.27182	0.07111	0.40462	0.01462	0.00313	0.00397	0.00890	0.00348	0.00388
7	0.00991	0.00850	0.00991	0.00708	0.01133	0.00637	0.00566	0.01203	0.00991	0.01557	0.00850	0.00991	0.00708	0.00354	0.00354	0.00071	0.00354	0.00283	0.00283	0.86124
8	0.76368	0.00937	0.00748	0.00670	0.00962	0.01086	0.00546	0.01541	0.10206	0.02127	0.00819	0.00897	0.00630	0.00468	0.00319	0.00150	0.00371	0.00292	0.00319	0.00546
9	0.01300	0.80000	0.02455	0.00836	0.01238	0.05303	0.00822	0.01452	0.00988	0.01126	0.00668	0.00771	0.00613	0.00413	0.00312	0.00103	0.00526	0.00258	0.00206	0.00611
10	0.78429	0.01003	0.03532	0.00683	0.00998	0.01099	0.00585	0.06119	0.00908	0.02175	0.00702	0.00807	0.00539	0.00452	0.00312	0.00148	0.00391	0.00273	0.00304	0.00542
11	0.07026	0.00853	0.01071	0.00852	0.01176	0.00825	0.00698	0.13893	0.01386	0.51528	0.01613	0.01536	0.01088	0.00937	0.10129	0.00220	0.00521	0.00462	0.03450	0.00736
12	0.01411	0.01035	0.01171	0.00948	0.01211	0.01141	0.00762	0.45898	0.03602	0.04487	0.16549	0.01808	0.01627	0.06242	0.04762	0.00202	0.05484	0.00540	0.00451	0.00670
13	0.01027	0.00974	0.01342	0.01158	0.01171	0.01342	0.00961	0.01146	0.00764	0.01226	0.00739	0.01134	0.00699	0.00803	0.01421	0.00197	0.72510	0.00422	0.10451	0.00514
14	0.01163	0.01008	0.01123	0.01102	0.07167	0.01148	0.00795	0.02376	0.69531	0.01962	0.05797	0.01828	0.01560	0.00648	0.00489	0.00160	0.00385	0.00548	0.00470	0.00741
15	0.05087	0.01231	0.09537	0.08437	0.40049	0.02962	0.10505	0.01451	0.03500	0.01548	0.01058	0.01289	0.03652	0.00463	0.00468	0.00142	0.00579	0.00438	0.00254	0.07349

[dist]
# distance from previous block
# <min> <max>
2	31

[block]
# block no. 4 follows, 53 sequences, length 26
# corresponding to MSA columns:
# 185-210
name=unknown_E
#
# <colnr> <probs for GDERKNQSTAVLIFYWHMCP>
#	G	D	E	R	K	N	Q	S	T	A	V	L	I	F	Y	W	H	M	C	P
0	0.00695	0.00463	0.00521	0.00521	0.00521	0.00463	0.00290	0.00695	0.00695	0.00927	0.01506	0.03128	0.01738	0.83203	0.02433	0.00463	0.00463	0.00695	0.00290	0.00290
1	0.00933	0.00873	0.01435	0.75357	0.03129	0.01096	0.01301	0.03072	0.00973	0.01260	0.00844	0.01258	0.00641	0.00501	0.00542	0.00162	0.05444	0.00425	0.00219	0.00537
2	0.00849	0.00533	0.00748	0.00719	0.00827	0.00575	0.00547	0.01006	0.00871	0.09531	0.06364	0.02108	0.01472	0.12811	0.53694	0.00592	0.00965	0.00550	0.04786	0.00453
3	0.00632	0.00483	0.00580	0.00564	0.00689	0.00431	0.00420	0.00812	0.01235	0.01657	0.49106	0.08601	0.30877	0.01089	0.00567	0.00157	0.00234	0.00944	0.00492	0.00431
4	0.00672	0.00488	0.00633	0.00597	0.00712	0.00449	0.00448	0.00894	0.01343	0.01894	0.77195	0.03608	0.07298	0.00986	0.00564	0.00151	0.00226	0.00870	0.00523	0.00449
5	0.00695	0.00463	0.00521	0.00521	0.00521	0.00463	0.00290	0.00695	0.00695	0.00927	0.01506	0.03128	0.01738	0.83203	0.02433	0.00463	0.00463	0.00695	0.00290	0.00290
6	0.00935	0.00892	0.01450	0.65434	0.04628	0.01137	0.01279	0.01214	0.00918	0.01216	0.00810	0.01230	0.00638	0.00543	0.00678	0.00168	0.15660	0.00424	0.00212	0.00534
7	0.00991	0.00850	0.00991	0.00708	0.01133	0.00637	0.00566	0.01203	0.00991	0.01557	0.00850	0.00991	0.00708	0.00354	0.00354	0.00071	0.00354	0.00283	0.00283	0.86124
8	0.00833	0.00666	0.05694	0.00652	0.00743	0.00587	0.00474	0.05434	0.02295	0.03438	0.02665	0.04144	0.01697	0.60790	0.01935	0.01723	0.00471	0.05056	0.00321	0.00382
9	0.00634	0.00476	0.00597	0.00655	0.00751	0.00439	0.00497	0.00780	0.01071	0.01391	0.14736	0.31722	0.24578	0.01300	0.00602	0.00184	0.00297	0.18422	0.00455	0.00414
10	0.13121	0.34672	0.21980	0.01052	0.01506	0.09331	0.05601	0.03738	0.02513	0.01464	0.00777	0.00900	0.00626	0.00442	0.00378	0.00129	0.00591	0.00314	0.00236	0.00628
11	0.01077	0.05179	0.63827	0.01339	0.01976	0.03476	0.05179	0.07830	0.02844	0.01624	0.00900	0.01038	0.00647	0.00465	0.00456	0.00149	0.00687	0.00369	0.00234	0.00706
12	0.00595	0.00483	0.00527	0.00520	0.00665	0.00416	0.00389	0.00742	0.01154	0.01454	0.24581	0.06534	0.57957	0.01157	0.00566	0.00159	0.00239	0.00981	0.00466	0.00416
13	0.00582	0.00428	0.00543	0.00634	0.00682	0.00392	0.00428	0.00669	0.00937	0.01225	0.02953	0.68859	0.15122	0.03313	0.00645	0.00195	0.00276	0.01289	0.00440	0.00388
14	0.00784	0.00719	0.04461	0.00763	0.02648	0.00652	0.01760	0.01234	0.17762	0.01693	0.31510	0.05376	0.25041	0.00951	0.00544	0.00159	0.00308	0.02649	0.00464	0.00522
15	0.82985	0.00920	0.00720	0.00638	0.00937	0.01056	0.00525	0.01444	0.00837	0.05482	0.00717	0.00813	0.00546	0.00450	0.00304	0.00148	0.00371	0.00268	0.00308	0.00530
16	0.01143	0.01128	0.03300	0.12964	0.59204	0.02383	0.03389	0.01503	0.06030	0.01543	0.02242	0.01266	0.00841	0.00457	0.00477	0.00146	0.00573	0.00440	0.00254	0.00716
17	0.00584	0.00485	0.00511	0.00504	0.00657	0.00412	0.00378	0.00723	0.01134	0.01398	0.17682	0.04424	0.67121	0.01171	0.00565	0.00160	0.00239	0.00984	0.00458	0.00412
18	0.01018	0.00968	0.01643	0.49397	0.35044	0.01092	0.01385	0.01323	0.01010	0.01362	0.00870	0.01237	0.00687	0.00456	0.00476	0.00152	0.00609	0.00425	0.00222	0.00624
19	0.12434	0.01266	0.01293	0.01172	0.08532	0.10319	0.00866	0.41445	0.01675	0.06963	0.01078	0.01165	0.00805	0.00757	0.06400	0.00187	0.00591	0.00404	0.01943	0.00706
20	0.00955	0.00517	0.00535	0.00515	0.00646	0.00528	0.00397	0.06916	0.01100	0.01858	0.01573	0.01902	0.01265	0.00593	0.00360	0.00119	0.00256	0.03991	0.75501	0.00473
21	0.01709	0.05268	0.06480	0.01106	0.01497	0.06164	0.00953	0.62408	0.05339	0.02678	0.01117	0.01131	0.00806	0.00557	0.00466	0.00142	0.00550	0.00415	0.00435	0.00779
22	0.01033	0.00954	0.01602	0.32410	0.08327	0.01005	0.15893	0.03454	0.01051	0.03463	0.02218	0.02943	0.00879	0.00520	0.00539	0.00148	0.04725	0.03280	0.00267	0.15290
23	0.01071	0.17594	0.61093	0.01252	0.01874	0.06328	0.01536	0.01523	0.01024	0.01419	0.00814	0.00955	0.00608	0.00448	0.00425	0.00140	0.00680	0.00332	0.00205	0.00679
24	0.82642	0.00944	0.00736	0.00650	0.00950	0.01091	0.00536	0.04992	0.00880	0.02185	0.00688	0.00794	0.00531	0.00450	0.00304	0.00148	0.00377	0.00267	0.00304	0.00531
25	0.00658	0.00488	0.00613	0.00582	0.00703	0.00443	0.00436	0.00866	0.01309	0.01811	0.67313	0.03744	0.17232	0.01016	0.00564	0.00152	0.00228	0.00889	0.00512	0.00443

[dist]
# distance from previous block
# <min> <max>
3	3

[block]
# block no. 5 follows, 53 sequences, length 10
# corresponding to MSA columns:
# 217-226
name=unknown_F
#
# <colnr> <probs for GDERKNQSTAVLIFYWHMCP>
#	G	D	E	R	K	N	Q	S	T	A	V	L	I	F	Y	W	H	M	C	P
0	0.00612	0.00443	0.00585	0.00688	0.00739	0.00416	0.00492	0.00720	0.00958	0.01260	0.02770	0.64772	0.08404	0.01449	0.00615	0.00196	0.00302	0.13740	0.00443	0.00398
1	0.68806	0.01246	0.17313	0.00781	0.01162	0.01080	0.00777	0.01428	0.00854	0.02014	0.00705	0.00825	0.00536	0.00446	0.00329	0.00149	0.00440	0.00278	0.00276	0.00557
2	0.00695	0.00463	0.00521	0.00521	0.00521	0.00463	0.00290	0.00695	0.00695	0.00927	0.01506	0.03128	0.01738	0.83203	0.02433	0.00463	0.00463	0.00695	0.00290	0.00290
3	0.00695	0.00463	0.00521	0.00521	0.00521	0.00463	0.00290	0.00695	0.00695	0.00927	0.01506	0.03128	0.01738	0.83203	0.02433	0.00463	0.00463	0.00695	0.00290	0.00290
4	0.01224	0.69798	0.15724	0.00910	0.01369	0.01759	0.00978	0.01445	0.00978	0.01190	0.00697	0.00808	0.00612	0.00417	0.00332	0.00111	0.00544	0.00272	0.00204	0.00629
5	0.01278	0.83490	0.02505	0.00818	0.01227	0.01891	0.00818	0.01431	0.00971	0.01125	0.00664	0.00767	0.00613	0.00409	0.00307	0.00102	0.00511	0.00256	0.00204	0.00613
6	0.00573	0.00484	0.00495	0.00492	0.00650	0.00407	0.00369	0.00701	0.01108	0.01335	0.10053	0.04528	0.74789	0.01194	0.00565	0.00161	0.00241	0.00999	0.00450	0.00407
7	0.00618	0.00462	0.00569	0.00608	0.00693	0.00425	0.00434	0.00746	0.01048	0.01381	0.20260	0.33691	0.23261	0.06765	0.02975	0.00211	0.00305	0.04699	0.00446	0.00403
8	0.00579	0.00485	0.00504	0.00499	0.00654	0.00410	0.00374	0.00713	0.01123	0.01371	0.14382	0.04469	0.70438	0.01181	0.00565	0.00160	0.00240	0.00990	0.00454	0.00410
9	0.01009	0.00905	0.01223	0.00874	0.01306	0.00710	0.10460	0.01245	0.01009	0.01554	0.00864	0.01029	0.00710	0.00360	0.00381	0.00082	0.00411	0.00319	0.00278	0.75270

[dist]
# distance from previous block
# <min> <max>
0	1

[block]
# block no. 6 follows, 53 sequences, length 9
# corresponding to MSA columns:
# 228-236
name=unknown_G
#
# <colnr> <probs for GDERKNQSTAVLIFYWHMCP>
#	G	D	E	R	K	N	Q	S	T	A	V	L	I	F	Y	W	H	M	C	P
0	0.01222	0.20454	0.27470	0.04131	0.01608	0.09005	0.01152	0.07807	0.11253	0.03076	0.01035	0.03874	0.00836	0.00540	0.00485	0.00143	0.04567	0.00400	0.00282	0.00661
1	0.01663	0.01100	0.01316	0.09841	0.09986	0.07761	0.00917	0.23940	0.01510	0.28024	0.03182	0.01400	0.01005	0.00735	0.05266	0.00182	0.00569	0.00451	0.00430	0.00724
2	0.00594	0.00424	0.00568	0.00679	0.00712	0.00398	0.00464	0.00686	0.00927	0.01233	0.02628	0.77996	0.03135	0.01486	0.00613	0.00196	0.00288	0.06137	0.00443	0.00391
3	0.01099	0.01195	0.02427	0.01734	0.02205	0.01086	0.61745	0.01461	0.01099	0.01537	0.00942	0.01225	0.00722	0.00392	0.00519	0.00142	0.00709	0.00504	0.00251	0.19009
4	0.01002	0.01015	0.01708	0.01457	0.06932	0.01189	0.22263	0.01202	0.00892	0.01280	0.01124	0.01529	0.06364	0.04785	0.06702	0.00239	0.39008	0.00520	0.00244	0.00546
5	0.01057	0.00965	0.01072	0.00876	0.05842	0.06223	0.00644	0.01268	0.01022	0.01531	0.00845	0.00994	0.00704	0.00368	0.00366	0.00079	0.00402	0.00293	0.00278	0.75171
6	0.01866	0.01277	0.01344	0.01049	0.01415	0.06935	0.00858	0.53498	0.04661	0.20196	0.01311	0.01257	0.00904	0.00575	0.00476	0.00144	0.00518	0.00437	0.00487	0.00793
7	0.00985	0.00939	0.01547	0.48014	0.24836	0.01102	0.01302	0.01264	0.00974	0.01313	0.00983	0.01343	0.03522	0.00528	0.00596	0.00160	0.09329	0.00445	0.00227	0.00590
8	0.00709	0.00462	0.00550	0.00550	0.00557	0.00468	0.00326	0.00699	0.00693	0.00930	0.01417	0.02857	0.01601	0.68619	0.08191	0.09633	0.00518	0.00652	0.00278	0.00291

[dist]
# distance from previous block
# <min> <max>
0	9

[block]
# block no. 7 follows, 53 sequences, length 14
# corresponding to MSA columns:
# 246-259
name=unknown_H
#
# <colnr> <probs for GDERKNQSTAVLIFYWHMCP>
#	G	D	E	R	K	N	Q	S	T	A	V	L	I	F	Y	W	H	M	C	P
0	0.01195	0.65729	0.09834	0.00853	0.01261	0.03592	0.00872	0.01388	0.01007	0.01206	0.04275	0.01117	0.05047	0.00482	0.00349	0.00113	0.00512	0.00333	0.00232	0.00603
1	0.08825	0.05615	0.59672	0.01308	0.01929	0.01168	0.07470	0.05834	0.01068	0.01640	0.00857	0.01007	0.00619	0.00454	0.00443	0.00149	0.00665	0.00361	0.00229	0.00686
2	0.01582	0.03368	0.01263	0.01090	0.07299	0.00913	0.05135	0.05872	0.17953	0.37017	0.06835	0.01903	0.03162	0.00642	0.00495	0.00153	0.00431	0.03660	0.00491	0.00734
3	0.01055	0.09824	0.62020	0.01441	0.09071	0.01205	0.01604	0.05647	0.01079	0.01562	0.00859	0.01010	0.00631	0.00454	0.00443	0.00146	0.00666	0.00355	0.00220	0.00708
4	0.08926	0.01287	0.02535	0.01838	0.02282	0.04223	0.66328	0.01523	0.01097	0.01563	0.00922	0.01220	0.00700	0.00422	0.00562	0.00160	0.03018	0.00523	0.00246	0.00626
5	0.01073	0.00559	0.00720	0.00660	0.00830	0.00503	0.00501	0.01248	0.01210	0.23479	0.28472	0.19675	0.09480	0.00962	0.00530	0.00156	0.00288	0.00837	0.08285	0.00534
6	0.00830	0.00415	0.00623	0.00623	0.00623	0.00415	0.00415	0.00623	0.00623	0.00830	0.00830	0.01453	0.00830	0.01660	0.01868	0.86094	0.00415	0.00415	0.00208	0.00208
7	0.00819	0.00521	0.00666	0.00615	0.00759	0.00469	0.00466	0.01019	0.01300	0.10446	0.57798	0.06774	0.14536	0.00989	0.00557	0.00153	0.00250	0.00863	0.00519	0.00482
8	0.00830	0.00415	0.00623	0.00623	0.00623	0.00415	0.00415	0.00623	0.00623	0.00830	0.00830	0.01453	0.00830	0.01660	0.01868	0.86094	0.00415	0.00415	0.00208	0.00208
9	0.00943	0.02088	0.61596	0.01373	0.03968	0.01041	0.09159	0.01433	0.01052	0.01538	0.07085	0.01384	0.04178	0.00519	0.00478	0.00152	0.00657	0.00442	0.00241	0.00670
10	0.00684	0.00508	0.00749	0.00749	0.00828	0.00587	0.00574	0.00841	0.00763	0.01096	0.01298	0.01973	0.01236	0.09675	0.75274	0.00745	0.01218	0.00526	0.00259	0.00416
11	0.08945	0.12708	0.31569	0.01176	0.04826	0.03264	0.04225	0.11664	0.03517	0.01741	0.03225	0.01085	0.00788	0.00472	0.00422	0.00135	0.00569	0.00366	0.00277	0.09026
12	0.01243	0.01008	0.01112	0.01029	0.04113	0.07118	0.03074	0.07478	0.36795	0.09030	0.10118	0.07004	0.01797	0.00746	0.00511	0.00161	0.00430	0.06105	0.00459	0.00669
13	0.18009	0.29600	0.38404	0.01033	0.01557	0.01367	0.01198	0.01464	0.00958	0.01507	0.00754	0.00881	0.00591	0.00437	0.00373	0.00134	0.00574	0.00301	0.00221	0.00638

[dist]
# distance from previous block
# <min> <max>
1	11

[block]
# block no. 8 follows, 53 sequences, length 6
# corresponding to MSA columns:
# 271-276
name=unknown_I
#
# <colnr> <probs for GDERKNQSTAVLIFYWHMCP>
#	G	D	E	R	K	N	Q	S	T	A	V	L	I	F	Y	W	H	M	C	P
0	0.26178	0.05813	0.25434	0.03231	0.09995	0.04502	0.06029	0.01558	0.05458	0.04235	0.00910	0.01048	0.00688	0.00463	0.00408	0.00146	0.00554	0.00358	0.02356	0.00637
1	0.01393	0.01109	0.01581	0.06055	0.41780	0.03892	0.01158	0.07992	0.14216	0.14107	0.01239	0.01343	0.00934	0.00506	0.00476	0.00147	0.00521	0.00450	0.00352	0.00752
2	0.01046	0.01046	0.01464	0.01255	0.01255	0.01464	0.01046	0.01150	0.00732	0.01150	0.00627	0.01046	0.00627	0.00837	0.01569	0.00209	0.82328	0.00418	0.00209	0.00523
3	0.01378	0.56588	0.05514	0.01047	0.05824	0.14481	0.00918	0.06965	0.01131	0.01306	0.00732	0.00843	0.00636	0.00437	0.00354	0.00113	0.00580	0.00290	0.00232	0.00630
4	0.00614	0.00435	0.00575	0.00676	0.00710	0.00413	0.00465	0.00704	0.00915	0.01216	0.02517	0.66838	0.02982	0.09143	0.00787	0.00222	0.00313	0.09661	0.00429	0.00385
5	0.00670	0.00468	0.00577	0.00592	0.00623	0.00478	0.00381	0.00724	0.00763	0.01027	0.01795	0.14196	0.06012	0.50265	0.18936	0.00474	0.00600	0.00766	0.00312	0.00339

[dist]
# distance from previous block
# <min> <max>
0	1

[block]
# block no. 9 follows, 53 sequences, length 18
# corresponding to MSA columns:
# 278-295
name=unknown_J
#
# <colnr> <probs for GDERKNQSTAVLIFYWHMCP>
#	G	D	E	R	K	N	Q	S	T	A	V	L	I	F	Y	W	H	M	C	P
0	0.01217	0.57195	0.13104	0.00922	0.01347	0.01655	0.00938	0.01645	0.15281	0.01338	0.00925	0.00986	0.00767	0.00459	0.00360	0.00120	0.00514	0.00321	0.00256	0.00652
1	0.00994	0.00792	0.03672	0.02389	0.01119	0.00728	0.06512	0.06607	0.06976	0.09433	0.27153	0.03972	0.17102	0.00830	0.00560	0.00152	0.02989	0.01657	0.00445	0.05919
2	0.69616	0.03847	0.04106	0.00741	0.01051	0.11216	0.00629	0.01474	0.00895	0.01963	0.00683	0.00796	0.00537	0.00449	0.00320	0.00143	0.00450	0.00269	0.00283	0.00533
3	0.03296	0.05424	0.60607	0.01192	0.01751	0.01010	0.01450	0.01352	0.00985	0.01462	0.01169	0.15934	0.01070	0.00642	0.00472	0.00157	0.00611	0.00530	0.00249	0.00639
4	0.01025	0.09019	0.20396	0.07501	0.07100	0.03371	0.02209	0.07124	0.03518	0.02480	0.02609	0.16212	0.05015	0.00691	0.00472	0.00145	0.00506	0.00585	0.00311	0.09709
5	0.00594	0.00485	0.00525	0.00515	0.00663	0.00416	0.00386	0.00742	0.01158	0.01455	0.24473	0.04331	0.60294	0.01150	0.00565	0.00159	0.00238	0.00971	0.00465	0.00416
6	0.00992	0.00919	0.01436	0.56889	0.13000	0.01095	0.01241	0.01494	0.15280	0.01408	0.01056	0.01355	0.00803	0.00502	0.00479	0.00158	0.00581	0.00446	0.00266	0.00602
7	0.00664	0.00453	0.00528	0.00553	0.00565	0.00444	0.00328	0.00688	0.00760	0.01007	0.01884	0.21605	0.04821	0.61443	0.01946	0.00391	0.00413	0.00859	0.00331	0.00316
8	0.00932	0.01165	0.15937	0.62057	0.08195	0.01076	0.01417	0.01291	0.00974	0.01297	0.00854	0.01220	0.00639	0.00470	0.00473	0.00157	0.00645	0.00412	0.00212	0.00578
9	0.00887	0.00645	0.00788	0.00700	0.00862	0.00642	0.00543	0.15088	0.01509	0.02103	0.63463	0.03178	0.03787	0.00913	0.00551	0.00151	0.00286	0.02872	0.00515	0.00517
10	0.01063	0.00976	0.00891	0.00805	0.01000	0.15402	0.00616	0.07342	0.14369	0.03242	0.34441	0.02701	0.13569	0.00829	0.00519	0.00148	0.00396	0.00689	0.00454	0.00549
11	0.05309	0.36883	0.01806	0.04685	0.04965	0.01452	0.00841	0.20317	0.01326	0.13139	0.01012	0.01123	0.00794	0.03857	0.00475	0.00140	0.00500	0.00364	0.00337	0.00676
12	0.01074	0.20498	0.60298	0.01222	0.01849	0.01269	0.01515	0.01526	0.01014	0.04370	0.00853	0.00978	0.00629	0.00449	0.00422	0.00140	0.00652	0.00336	0.00217	0.00690
13	0.16681	0.02461	0.06315	0.00920	0.04393	0.00985	0.00735	0.08690	0.24976	0.03145	0.09803	0.04261	0.06317	0.05150	0.00572	0.00173	0.00403	0.02999	0.00406	0.00614
14	0.00774	0.00614	0.00941	0.00794	0.00882	0.00599	0.14559	0.00848	0.00774	0.01037	0.01408	0.02792	0.01553	0.68093	0.02092	0.00408	0.00526	0.00671	0.00281	0.00354
15	0.00824	0.00880	0.09982	0.00865	0.01079	0.02326	0.05910	0.02391	0.13019	0.01590	0.21662	0.23917	0.08846	0.03742	0.00611	0.00175	0.00383	0.00856	0.00421	0.00521
16	0.01058	0.44840	0.24829	0.00948	0.01374	0.01390	0.01024	0.01315	0.00972	0.01255	0.01080	0.15823	0.01076	0.00621	0.00405	0.00133	0.00525	0.00485	0.00247	0.00599
17	0.01104	0.00874	0.00978	0.00913	0.03582	0.00976	0.00667	0.09665	0.39309	0.03152	0.05557	0.04911	0.03096	0.15757	0.00880	0.00214	0.03159	0.00598	0.03985	0.00623

[dist]
# distance from previous block
# <min> <max>
0	1

[block]
# block no. 10 follows, 53 sequences, length 9
# corresponding to MSA columns:
# 297-305
name=unknown_K
#
# <colnr> <probs for GDERKNQSTAVLIFYWHMCP>
#	G	D	E	R	K	N	Q	S	T	A	V	L	I	F	Y	W	H	M	C	P
0	0.01190	0.00991	0.05110	0.00902	0.01157	0.01005	0.00737	0.24805	0.25064	0.02097	0.05690	0.18147	0.01699	0.00797	0.00497	0.00157	0.00397	0.00672	0.08234	0.00652
1	0.00950	0.00806	0.00947	0.00704	0.01088	0.00612	0.00554	0.01149	0.00983	0.01523	0.01029	0.09240	0.00955	0.00469	0.00380	0.00083	0.00346	0.00392	0.00299	0.77489
2	0.04925	0.00924	0.02748	0.00894	0.01156	0.00952	0.04615	0.20032	0.19229	0.04883	0.09047	0.06220	0.08540	0.00749	0.00493	0.00154	0.00399	0.04351	0.09055	0.00630
3	0.47724	0.01118	0.05000	0.00809	0.01113	0.09088	0.00687	0.06669	0.03805	0.10519	0.01073	0.04781	0.00886	0.00571	0.00389	0.00151	0.00451	0.04234	0.00351	0.00582
4	0.01092	0.00852	0.01002	0.00758	0.01129	0.00712	0.00603	0.09658	0.01130	0.05545	0.01086	0.07093	0.00947	0.00637	0.04489	0.00127	0.00417	0.00399	0.00330	0.61994
5	0.01342	0.11734	0.12429	0.03434	0.02953	0.05836	0.00949	0.13977	0.05181	0.11576	0.02550	0.04329	0.00946	0.00572	0.00551	0.00139	0.08752	0.00425	0.00340	0.11985
6	0.18016	0.07373	0.01217	0.00956	0.03271	0.07144	0.03720	0.12750	0.13943	0.07692	0.06207	0.04131	0.01216	0.00595	0.00436	0.00142	0.00455	0.02878	0.00383	0.07475
7	0.04426	0.05291	0.06641	0.00978	0.01361	0.01033	0.06725	0.16748	0.13012	0.13435	0.03366	0.01477	0.04838	0.00549	0.00450	0.00133	0.00457	0.00453	0.00398	0.18229
8	0.04515	0.04795	0.25422	0.04361	0.10491	0.05042	0.01119	0.04062	0.17172	0.03208	0.03541	0.04960	0.01103	0.04743	0.00559	0.00164	0.00538	0.00472	0.00315	0.03419

[dist]
# distance from previous block
# <min> <max>
1	52

[block]
# block no. 11 follows, 53 sequences, length 13
# corresponding to MSA columns:
# 361-373
name=unknown_L
#
# <colnr> <probs for GDERKNQSTAVLIFYWHMCP>
#	G	D	E	R	K	N	Q	S	T	A	V	L	I	F	Y	W	H	M	C	P
0	0.08680	0.01244	0.12519	0.01214	0.06364	0.02369	0.10662	0.14734	0.10026	0.13338	0.03799	0.05512	0.01099	0.00572	0.00472	0.00148	0.00515	0.00491	0.00381	0.05863
1	0.03055	0.09672	0.13412	0.01261	0.06694	0.04261	0.14409	0.05302	0.06547	0.15701	0.03968	0.02526	0.02714	0.00524	0.00463	0.00140	0.00547	0.00460	0.00344	0.08000
2	0.03879	0.12402	0.23901	0.02635	0.19627	0.09996	0.05304	0.02997	0.03027	0.05631	0.02610	0.02709	0.02232	0.00501	0.00447	0.00141	0.00607	0.00414	0.00268	0.00670
3	0.03077	0.01111	0.01424	0.05032	0.29502	0.10535	0.03532	0.05443	0.06017	0.05066	0.10315	0.04865	0.02904	0.00595	0.00511	0.00144	0.02935	0.00514	0.00330	0.06149
4	0.01045	0.01304	0.18365	0.09105	0.39677	0.01031	0.01321	0.01448	0.06272	0.01572	0.07567	0.01475	0.03219	0.00515	0.00475	0.00145	0.00545	0.00464	0.00275	0.04180
5	0.01261	0.00785	0.00925	0.00779	0.01039	0.00763	0.00622	0.15408	0.07989	0.19778	0.17241	0.04592	0.16240	0.00821	0.00515	0.00151	0.00356	0.04197	0.00493	0.06046
6	0.01177	0.00927	0.01068	0.00778	0.01193	0.00776	0.00628	0.13721	0.01211	0.05448	0.00945	0.01046	0.00747	0.00400	0.00380	0.00086	0.00384	0.00316	0.00329	0.68441
7	0.00696	0.00502	0.00747	0.00747	0.00822	0.00577	0.00571	0.00828	0.00753	0.01079	0.01249	0.01884	0.01182	0.06176	0.71624	0.08223	0.01176	0.00510	0.00253	0.00403
8	0.01096	0.00913	0.01072	0.14972	0.01512	0.02887	0.00805	0.09269	0.30182	0.03370	0.05103	0.08943	0.04087	0.00729	0.00499	0.00156	0.00432	0.05450	0.00410	0.08112
9	0.00575	0.00446	0.00524	0.00586	0.00672	0.00395	0.00409	0.00674	0.00991	0.01251	0.03598	0.48715	0.36715	0.01372	0.00590	0.00180	0.00262	0.01206	0.00444	0.00395
10	0.04630	0.00819	0.05826	0.00859	0.04913	0.00765	0.00658	0.01397	0.23900	0.01623	0.13972	0.05337	0.19362	0.08133	0.02540	0.00201	0.00382	0.03715	0.00418	0.00547
11	0.45554	0.00902	0.00906	0.00746	0.01067	0.00950	0.00614	0.08463	0.01158	0.29752	0.04782	0.01236	0.00961	0.00532	0.00389	0.00148	0.00390	0.00380	0.00426	0.00644
12	0.07865	0.01054	0.01177	0.00936	0.01267	0.01118	0.00763	0.38437	0.09218	0.21317	0.10483	0.01577	0.01370	0.00622	0.00476	0.00147	0.00437	0.00491	0.00498	0.00744

[dist]
# distance from previous block
# <min> <max>
5	32

[block]
# block no. 12 follows, 53 sequences, length 6
# corresponding to MSA columns:
# 412-417
name=unknown_M
#
# <colnr> <probs for GDERKNQSTAVLIFYWHMCP>
#	G	D	E	R	K	N	Q	S	T	A	V	L	I	F	Y	W	H	M	C	P
0	0.00802	0.00627	0.00822	0.00792	0.00869	0.00697	0.00601	0.00918	0.00938	0.04772	0.06071	0.37542	0.12191	0.01139	0.00822	0.00181	0.21473	0.00927	0.03899	0.03915
1	0.00792	0.04714	0.00756	0.00703	0.00827	0.00643	0.00525	0.01166	0.16426	0.01501	0.07146	0.37693	0.07460	0.01093	0.00532	0.00169	0.00306	0.05629	0.11428	0.00487
2	0.01391	0.17278	0.01490	0.11411	0.03576	0.01300	0.00870	0.29461	0.10772	0.05953	0.01254	0.06244	0.01012	0.00591	0.00445	0.00141	0.00483	0.00469	0.05177	0.00683
3	0.01117	0.00575	0.00827	0.00749	0.00822	0.00607	0.00553	0.01027	0.00784	0.16571	0.01012	0.01435	0.00874	0.01344	0.01556	0.58125	0.10946	0.00428	0.00283	0.00367
4	0.00844	0.00501	0.00782	0.16658	0.01148	0.00542	0.00595	0.00741	0.00688	0.00907	0.00834	0.01418	0.00792	0.01428	0.01594	0.69171	0.00459	0.00417	0.00209	0.00271
5	0.01500	0.06989	0.06154	0.01050	0.01379	0.17782	0.00880	0.21488	0.26032	0.06611	0.04365	0.01376	0.01114	0.00579	0.00461	0.00143	0.00540	0.00443	0.00406	0.00708

[dist]
# distance from previous block
# <min> <max>
0	33

# created by:
# /home/cegg/simao/soft/augustus-3.2.1/scripts/msa2prfl.pl ./align_prep/EOG091G0LO1.fa
