[name]
unknown

[dist]
# distance from previous block
# <min> <max>
0	164

[block]
# block no. 0 follows, 44 sequences, length 13
# corresponding to MSA columns:
# 245-249,251-258
name=unknown_A
#
# <colnr> <probs for GDERKNQSTAVLIFYWHMCP>
#	G	D	E	R	K	N	Q	S	T	A	V	L	I	F	Y	W	H	M	C	P
0	0.04957	0.22545	0.07706	0.01634	0.20787	0.06542	0.03100	0.01702	0.03527	0.05634	0.01250	0.01513	0.03629	0.00568	0.00476	0.00146	0.00600	0.03238	0.00314	0.10130
1	0.00817	0.00627	0.00735	0.00726	0.00867	0.00596	0.00523	0.04226	0.05401	0.01660	0.15235	0.26409	0.22017	0.09320	0.03963	0.00249	0.00386	0.01084	0.00491	0.04667
2	0.01501	0.32856	0.04251	0.01325	0.12182	0.03907	0.01016	0.10105	0.03956	0.05781	0.01034	0.01146	0.00838	0.00503	0.00437	0.00128	0.00565	0.00378	0.00328	0.17762
3	0.08427	0.00971	0.03468	0.01053	0.06209	0.00866	0.00784	0.09179	0.02783	0.08765	0.01730	0.21847	0.01690	0.00863	0.00532	0.00159	0.00442	0.03962	0.00433	0.25837
4	0.01674	0.07451	0.04950	0.01386	0.06982	0.07537	0.04288	0.33325	0.17790	0.02536	0.05497	0.01558	0.01259	0.00650	0.00537	0.00164	0.00600	0.00521	0.00462	0.00833
5	0.01259	0.09995	0.15445	0.09720	0.04424	0.03915	0.13730	0.05445	0.05041	0.04473	0.01506	0.03684	0.02339	0.00753	0.00607	0.02308	0.00667	0.11686	0.02312	0.00691
6	0.00865	0.00640	0.00776	0.00754	0.00905	0.00602	0.00543	0.03986	0.03562	0.01646	0.09868	0.32816	0.07191	0.08665	0.06565	0.00260	0.00435	0.01006	0.06125	0.12791
7	0.05756	0.00967	0.01509	0.07856	0.20716	0.00967	0.08483	0.01395	0.01189	0.05903	0.04593	0.13963	0.08907	0.00859	0.00633	0.00180	0.04057	0.04524	0.00379	0.07164
8	0.04798	0.03427	0.06139	0.01579	0.20195	0.03776	0.03893	0.06418	0.02528	0.01804	0.04835	0.17436	0.02860	0.03373	0.00660	0.00183	0.03061	0.01695	0.05008	0.06332
9	0.11760	0.19128	0.17762	0.05641	0.07806	0.03857	0.01192	0.01630	0.03021	0.04956	0.01200	0.01521	0.03111	0.00759	0.03686	0.00193	0.06464	0.03684	0.00302	0.02327
10	0.00782	0.00545	0.00721	0.00732	0.00776	0.00583	0.00500	0.00862	0.00846	0.01169	0.01689	0.09587	0.01819	0.38247	0.34532	0.04224	0.00900	0.00757	0.00326	0.00402
11	0.01559	0.06605	0.14241	0.16024	0.12560	0.07790	0.08763	0.04265	0.03507	0.17534	0.01261	0.01411	0.00909	0.00557	0.00534	0.00167	0.00693	0.00481	0.00359	0.00779
12	0.06148	0.14114	0.07312	0.04141	0.17694	0.16726	0.05283	0.04968	0.01311	0.05790	0.01237	0.09015	0.01117	0.00660	0.00514	0.00162	0.00673	0.02091	0.00329	0.00714

[dist]
# distance from previous block
# <min> <max>
1	7

[block]
# block no. 1 follows, 44 sequences, length 65
# corresponding to MSA columns:
# 268-290,297-338
name=unknown_B
#
# <colnr> <probs for GDERKNQSTAVLIFYWHMCP>
#	G	D	E	R	K	N	Q	S	T	A	V	L	I	F	Y	W	H	M	C	P
0	0.01290	0.03368	0.14421	0.01910	0.26340	0.01175	0.06674	0.06848	0.04313	0.01893	0.01068	0.01272	0.00848	0.00486	0.00499	0.00141	0.00606	0.00435	0.00310	0.26104
1	0.08574	0.05232	0.46176	0.01291	0.01855	0.02498	0.04210	0.01525	0.01162	0.01758	0.07346	0.11204	0.02549	0.00732	0.00536	0.00177	0.00654	0.01510	0.00313	0.00700
2	0.00895	0.00584	0.00770	0.03944	0.01004	0.00558	0.00599	0.02168	0.01157	0.09062	0.04670	0.46397	0.14097	0.01652	0.06572	0.00258	0.00439	0.04161	0.00499	0.00515
3	0.01331	0.14431	0.29501	0.01931	0.16559	0.09141	0.16165	0.01750	0.01228	0.01633	0.00964	0.01192	0.00753	0.00497	0.00518	0.00161	0.00781	0.00444	0.00252	0.00769
4	0.01595	0.16646	0.07000	0.03567	0.12740	0.11838	0.01148	0.16467	0.18607	0.03223	0.01290	0.01356	0.00998	0.00590	0.00501	0.00157	0.00632	0.00457	0.00386	0.00804
5	0.01887	0.00838	0.01095	0.00895	0.01222	0.00754	0.00716	0.03734	0.04928	0.50719	0.12463	0.08229	0.07094	0.02071	0.00612	0.00180	0.00415	0.00727	0.00628	0.00793
6	0.03370	0.52979	0.02354	0.01000	0.01451	0.05691	0.00924	0.15550	0.01401	0.01762	0.00886	0.00986	0.00750	0.00501	0.00398	0.00124	0.00585	0.00335	0.00305	0.08645
7	0.01387	0.47398	0.21085	0.01154	0.03698	0.01735	0.01195	0.04639	0.01195	0.03563	0.00897	0.01021	0.00738	0.00487	0.00414	0.00132	0.00621	0.00342	0.00266	0.08033
8	0.01089	0.04042	0.03230	0.00875	0.01114	0.00792	0.03133	0.04592	0.06837	0.09923	0.21679	0.15190	0.15814	0.01131	0.02483	0.00194	0.02213	0.00902	0.00508	0.04261
9	0.00781	0.03669	0.00788	0.00678	0.00827	0.00571	0.00517	0.01020	0.01487	0.02058	0.64840	0.04102	0.14393	0.01124	0.00632	0.00171	0.00272	0.00981	0.00574	0.00514
10	0.01291	0.01244	0.02153	0.14675	0.61483	0.01276	0.05245	0.01626	0.01221	0.01719	0.01052	0.01450	0.00879	0.00510	0.00549	0.00167	0.00670	0.01707	0.00270	0.00813
11	0.01339	0.01228	0.01941	0.30749	0.37819	0.03056	0.03620	0.09041	0.01333	0.03135	0.01051	0.01387	0.00824	0.00529	0.00544	0.00170	0.00684	0.00488	0.00295	0.00768
12	0.00708	0.00525	0.00695	0.00817	0.02856	0.00489	0.00556	0.00842	0.01139	0.01513	0.11122	0.56893	0.11336	0.01563	0.00685	0.00213	0.00328	0.06744	0.00510	0.00468
13	0.00790	0.00540	0.00631	0.00659	0.00690	0.00537	0.00408	0.00897	0.03945	0.01275	0.04466	0.24356	0.02485	0.50097	0.01949	0.00402	0.00446	0.00985	0.04046	0.00396
14	0.01798	0.01448	0.03590	0.01295	0.03557	0.01563	0.02686	0.48546	0.24423	0.02968	0.01559	0.01525	0.01136	0.00668	0.00549	0.00171	0.00564	0.00529	0.00527	0.00899
15	0.00673	0.00490	0.00628	0.00727	0.00779	0.00452	0.00490	0.00779	0.01084	0.01433	0.07529	0.65144	0.11392	0.04694	0.00768	0.00226	0.00317	0.01446	0.00505	0.00444
16	0.03480	0.08962	0.50752	0.01542	0.03613	0.03219	0.08507	0.06035	0.01248	0.03814	0.01006	0.01179	0.00737	0.00534	0.00552	0.00169	0.03172	0.00424	0.00270	0.00786
17	0.00934	0.00770	0.00854	0.00862	0.00933	0.06439	0.00631	0.01086	0.03477	0.01310	0.01935	0.11173	0.02112	0.33760	0.10815	0.00423	0.06097	0.15561	0.00376	0.00453
18	0.01980	0.01243	0.01314	0.03316	0.01488	0.16110	0.03115	0.04947	0.04387	0.41348	0.01888	0.09243	0.01463	0.02936	0.00620	0.00181	0.00580	0.02529	0.00534	0.00779
19	0.08834	0.01379	0.01371	0.06614	0.01639	0.10934	0.00900	0.27142	0.04462	0.04253	0.01128	0.01227	0.00856	0.00548	0.00477	0.00138	0.00571	0.00410	0.00407	0.26710
20	0.06050	0.01171	0.01724	0.24344	0.15024	0.06394	0.09465	0.03327	0.01157	0.01600	0.01184	0.06517	0.01071	0.00870	0.04637	0.00222	0.10587	0.03708	0.00296	0.00651
21	0.01464	0.01171	0.01784	0.08891	0.28047	0.01207	0.07916	0.17064	0.02693	0.08704	0.03503	0.04743	0.04487	0.00778	0.02574	0.02582	0.00626	0.00594	0.00393	0.00778
22	0.01137	0.04658	0.52442	0.01535	0.07708	0.03256	0.01660	0.03917	0.01192	0.01712	0.03930	0.06346	0.01074	0.00687	0.00633	0.03724	0.02862	0.00507	0.00276	0.00742
23	0.01167	0.01024	0.03447	0.01652	0.22216	0.01013	0.04016	0.03680	0.16726	0.04766	0.06368	0.08698	0.08510	0.01182	0.08303	0.00251	0.00599	0.05243	0.00426	0.00712
24	0.01037	0.00907	0.01171	0.04580	0.11096	0.04991	0.03189	0.03045	0.10697	0.01758	0.16081	0.22761	0.02684	0.04606	0.00751	0.00208	0.02581	0.06799	0.00454	0.00604
25	0.01310	0.05996	0.13857	0.15647	0.30741	0.03277	0.10108	0.03111	0.03230	0.03722	0.01056	0.01341	0.00827	0.00527	0.00574	0.00169	0.02968	0.00482	0.00281	0.00776
26	0.00947	0.00855	0.04251	0.03461	0.03983	0.03862	0.03615	0.01151	0.01222	0.04827	0.18676	0.17446	0.15886	0.05281	0.04626	0.00241	0.05833	0.02843	0.00449	0.00545
27	0.01064	0.00916	0.01376	0.03721	0.26443	0.02925	0.03268	0.01296	0.01152	0.03472	0.06006	0.10038	0.08018	0.04693	0.15311	0.00323	0.02804	0.03428	0.03114	0.00630
28	0.02669	0.01199	0.05825	0.16256	0.25017	0.01185	0.08359	0.03613	0.11233	0.01769	0.01759	0.03259	0.09299	0.00700	0.00602	0.00180	0.02684	0.03318	0.00347	0.00727
29	0.03011	0.07535	0.34580	0.07377	0.13911	0.04715	0.09097	0.01641	0.01161	0.01639	0.01086	0.01335	0.02820	0.00622	0.01998	0.00184	0.05825	0.00462	0.00256	0.00745
30	0.01271	0.13304	0.25909	0.06377	0.08586	0.03945	0.23015	0.01693	0.01207	0.03432	0.01089	0.02833	0.00877	0.00550	0.00561	0.00170	0.01926	0.02241	0.00272	0.00743
31	0.00846	0.00555	0.00743	0.00810	0.00903	0.00527	0.00606	0.01002	0.01172	0.06255	0.11487	0.41635	0.05290	0.05543	0.02648	0.00249	0.00399	0.18326	0.00513	0.00491
32	0.00800	0.00637	0.00863	0.05396	0.07188	0.00610	0.00701	0.01008	0.01277	0.01686	0.21970	0.17666	0.22805	0.01273	0.00658	0.00197	0.00374	0.13878	0.00495	0.00519
33	0.06498	0.15236	0.09079	0.08484	0.18260	0.15721	0.06252	0.05631	0.01329	0.07122	0.01021	0.01206	0.00797	0.00526	0.00493	0.00155	0.00709	0.00424	0.00307	0.00748
34	0.01190	0.01235	0.07317	0.17441	0.34002	0.04231	0.01380	0.04757	0.01247	0.01687	0.01448	0.13813	0.01397	0.00768	0.00576	0.00181	0.00625	0.05666	0.00326	0.00713
35	0.00772	0.00582	0.00717	0.00684	0.00830	0.00539	0.00517	0.01054	0.04368	0.02033	0.57981	0.04283	0.19365	0.01164	0.00643	0.00177	0.00274	0.02924	0.00577	0.00517
36	0.01202	0.01226	0.02370	0.12057	0.22083	0.01219	0.34798	0.02638	0.01251	0.01720	0.05308	0.04677	0.01198	0.00761	0.04836	0.00216	0.00789	0.00631	0.00301	0.00718
37	0.01197	0.04027	0.03008	0.60814	0.06142	0.02573	0.01407	0.04363	0.01196	0.06357	0.01170	0.01534	0.02795	0.00574	0.00539	0.00176	0.00691	0.00495	0.00290	0.00652
38	0.01335	0.08373	0.01703	0.01341	0.01442	0.10916	0.01109	0.04569	0.02661	0.01426	0.00892	0.04627	0.00868	0.00880	0.01380	0.00211	0.54875	0.00496	0.00275	0.00623
39	0.01262	0.08324	0.10340	0.03099	0.02706	0.03471	0.05016	0.01610	0.05518	0.07469	0.04065	0.04525	0.01190	0.04084	0.00620	0.00152	0.02945	0.00486	0.00353	0.32767
40	0.04720	0.02352	0.09477	0.01105	0.01335	0.05850	0.07071	0.04297	0.01123	0.02824	0.01680	0.17994	0.01719	0.09369	0.12305	0.00327	0.07501	0.05479	0.02900	0.00571
41	0.01458	0.81168	0.02857	0.00933	0.01399	0.02157	0.00933	0.01632	0.01108	0.01283	0.00758	0.00875	0.00700	0.00466	0.00350	0.00117	0.00583	0.00292	0.00233	0.00700
42	0.03425	0.01303	0.13123	0.14412	0.03690	0.05151	0.01092	0.05505	0.16565	0.01800	0.05849	0.01869	0.01371	0.05799	0.11777	0.00294	0.02032	0.00549	0.03724	0.00671
43	0.33334	0.03927	0.03204	0.07528	0.08293	0.08586	0.00931	0.10855	0.03849	0.08538	0.01094	0.01227	0.00827	0.00658	0.02677	0.00184	0.00586	0.00405	0.02595	0.00703
44	0.01964	0.01457	0.01561	0.01215	0.01623	0.01616	0.00993	0.67055	0.07867	0.03248	0.01393	0.01460	0.01027	0.04165	0.00643	0.00181	0.00585	0.00513	0.00537	0.00896
45	0.00997	0.00726	0.00907	0.04301	0.01165	0.00716	0.00707	0.03336	0.10435	0.05890	0.06569	0.24409	0.09462	0.03391	0.00696	0.00207	0.00412	0.17201	0.00494	0.07980
46	0.01093	0.02820	0.78016	0.01554	0.02360	0.01266	0.02014	0.01727	0.01151	0.01727	0.00978	0.01151	0.00691	0.00518	0.00518	0.00173	0.00806	0.00403	0.00230	0.00806
47	0.01550	0.00866	0.01157	0.00952	0.01244	0.00836	0.03975	0.08240	0.07993	0.29024	0.30263	0.02657	0.02748	0.01017	0.04759	0.00209	0.00468	0.00720	0.00587	0.00734
48	0.01329	0.01234	0.04842	0.27156	0.25664	0.01241	0.13578	0.04916	0.03243	0.07721	0.01198	0.03337	0.00935	0.00560	0.00563	0.00175	0.00693	0.00542	0.00318	0.00755
49	0.00673	0.00536	0.00597	0.00617	0.00755	0.00467	0.00446	0.00816	0.01233	0.01552	0.15845	0.20760	0.48405	0.03911	0.00722	0.00201	0.00290	0.01198	0.00515	0.00461
50	0.08785	0.00933	0.01194	0.00936	0.01331	0.00849	0.00769	0.04200	0.03496	0.63011	0.04220	0.01965	0.04383	0.00703	0.00538	0.00170	0.00450	0.00564	0.00633	0.00870
51	0.01185	0.00886	0.01347	0.20163	0.15066	0.00926	0.03042	0.01474	0.03099	0.11931	0.06573	0.08153	0.13534	0.00923	0.02567	0.00197	0.02798	0.01713	0.03767	0.00655
52	0.00840	0.03597	0.00935	0.01058	0.07543	0.00646	0.00743	0.00996	0.01129	0.01484	0.02746	0.36530	0.07289	0.01478	0.00764	0.04779	0.00425	0.26059	0.00460	0.00499
53	0.01372	0.01179	0.01241	0.01113	0.01424	0.01363	0.00867	0.04470	0.74857	0.02306	0.02199	0.02018	0.01648	0.00738	0.00555	0.00184	0.00435	0.00614	0.00555	0.00864
54	0.12472	0.00862	0.01021	0.00857	0.01153	0.00835	0.00680	0.08693	0.02662	0.32196	0.16698	0.08412	0.07095	0.03148	0.00620	0.00184	0.00409	0.00719	0.00569	0.00718
55	0.02833	0.10843	0.06242	0.24000	0.19267	0.03232	0.08043	0.01578	0.02489	0.04401	0.03157	0.01631	0.04345	0.02712	0.00624	0.00178	0.02912	0.00519	0.00297	0.00698
56	0.00649	0.00550	0.00560	0.00562	0.00740	0.00462	0.00420	0.00790	0.01248	0.01494	0.07824	0.07091	0.72997	0.01380	0.00646	0.00185	0.00277	0.01155	0.00509	0.00462
57	0.01005	0.00934	0.01555	0.70573	0.03439	0.01162	0.01422	0.01341	0.01075	0.01387	0.01101	0.06358	0.00921	0.00719	0.02593	0.00203	0.02807	0.00553	0.00260	0.00592
58	0.01644	0.03446	0.01532	0.07800	0.03878	0.25413	0.05160	0.14762	0.03589	0.07881	0.04181	0.03481	0.01171	0.02396	0.06631	0.00223	0.02842	0.00517	0.02756	0.00695
59	0.00785	0.00604	0.00930	0.00926	0.01024	0.00612	0.06383	0.00938	0.01009	0.01372	0.02246	0.36162	0.02497	0.07627	0.23991	0.02674	0.00740	0.08604	0.00405	0.00472
60	0.01177	0.01510	0.12890	0.07124	0.04724	0.01248	0.50009	0.01609	0.01234	0.01676	0.01453	0.01797	0.07015	0.03201	0.00687	0.00193	0.00819	0.00642	0.00288	0.00704
61	0.08039	0.07637	0.45066	0.08399	0.06993	0.03730	0.05595	0.01655	0.01152	0.01716	0.02980	0.01248	0.00828	0.00553	0.00534	0.01717	0.00733	0.00427	0.00257	0.00739
62	0.01137	0.01000	0.01422	0.03326	0.01375	0.01292	0.02667	0.01339	0.03122	0.05247	0.07417	0.05317	0.01420	0.01382	0.11476	0.00308	0.47321	0.02511	0.00326	0.00593
63	0.00891	0.00712	0.01001	0.01028	0.03617	0.02484	0.06780	0.01092	0.01164	0.01569	0.02609	0.28561	0.06962	0.04354	0.00740	0.00220	0.00457	0.24686	0.07195	0.03876
64	0.01162	0.05622	0.33404	0.01602	0.07054	0.01253	0.14178	0.05591	0.03172	0.01766	0.03542	0.09086	0.03699	0.00704	0.00640	0.00180	0.05687	0.00611	0.00313	0.00733

[dist]
# distance from previous block
# <min> <max>
0	50

[block]
# block no. 2 follows, 44 sequences, length 48
# corresponding to MSA columns:
# 389-436
name=unknown_C
#
# <colnr> <probs for GDERKNQSTAVLIFYWHMCP>
#	G	D	E	R	K	N	Q	S	T	A	V	L	I	F	Y	W	H	M	C	P
0	0.01310	0.01419	0.08866	0.09306	0.47570	0.04314	0.03069	0.03831	0.07078	0.01790	0.01291	0.01542	0.03841	0.00608	0.01697	0.00177	0.00667	0.00513	0.00304	0.00805
1	0.01136	0.05341	0.03853	0.01103	0.01198	0.07676	0.00893	0.01273	0.02508	0.01293	0.01168	0.01883	0.02518	0.18866	0.06444	0.04244	0.34868	0.00547	0.02658	0.00530
2	0.01159	0.01069	0.01572	0.14853	0.08101	0.00993	0.09498	0.01491	0.03592	0.01703	0.01019	0.01275	0.00824	0.00476	0.00532	0.00127	0.03995	0.00417	0.00303	0.47000
3	0.01212	0.01264	0.05496	0.29850	0.34807	0.03107	0.04216	0.01543	0.01147	0.01576	0.00982	0.01375	0.00799	0.00628	0.02305	0.00192	0.08034	0.00485	0.00256	0.00727
4	0.01584	0.46194	0.02301	0.04592	0.01617	0.26225	0.03586	0.01770	0.01272	0.01362	0.04379	0.01105	0.00914	0.00530	0.00427	0.00132	0.00713	0.00364	0.00267	0.00667
5	0.01303	0.01199	0.01833	0.04446	0.50757	0.02969	0.01371	0.06187	0.06816	0.01895	0.07824	0.01737	0.02413	0.00830	0.05866	0.00213	0.00655	0.00552	0.00341	0.00794
6	0.05361	0.01037	0.04785	0.13724	0.17694	0.00992	0.01102	0.04773	0.01295	0.21277	0.04154	0.04871	0.01423	0.05142	0.05306	0.00237	0.00615	0.05066	0.00421	0.00727
7	0.05405	0.01365	0.01340	0.02142	0.01440	0.19883	0.04812	0.11440	0.03891	0.08454	0.07467	0.12381	0.02613	0.00882	0.00691	0.00181	0.08489	0.04939	0.01527	0.00658
8	0.01255	0.01197	0.02019	0.15786	0.60700	0.01232	0.01572	0.01574	0.01216	0.01699	0.01283	0.01598	0.05368	0.00549	0.00547	0.00167	0.00639	0.00525	0.00279	0.00797
9	0.06802	0.00994	0.01341	0.23433	0.03715	0.03595	0.06270	0.08505	0.06707	0.01986	0.23169	0.02431	0.07263	0.00779	0.00572	0.00175	0.00529	0.00677	0.00424	0.00633
10	0.01132	0.00838	0.01162	0.07029	0.05528	0.01994	0.04976	0.06329	0.02666	0.08648	0.10947	0.10608	0.12844	0.04673	0.07224	0.05323	0.04353	0.00785	0.02352	0.00589
11	0.00835	0.00552	0.00724	0.00813	0.00900	0.00532	0.00606	0.01026	0.03120	0.04564	0.04518	0.49542	0.03212	0.01494	0.00673	0.00217	0.00363	0.18605	0.07211	0.00494
12	0.01079	0.00986	0.01396	0.06360	0.26051	0.06146	0.04087	0.01308	0.01194	0.01634	0.06008	0.28259	0.02042	0.00948	0.00583	0.00177	0.00515	0.00865	0.05825	0.04538
13	0.01024	0.01693	0.33538	0.01217	0.01636	0.05564	0.01312	0.01408	0.01215	0.01651	0.07133	0.04500	0.09325	0.00961	0.00686	0.00198	0.05794	0.20140	0.00364	0.00640
14	0.01355	0.03127	0.01192	0.05780	0.08089	0.03121	0.00839	0.11058	0.05082	0.15717	0.02575	0.20244	0.14098	0.01029	0.00599	0.00185	0.00468	0.04269	0.00494	0.00679
15	0.00690	0.00599	0.00710	0.00662	0.00856	0.00513	0.04392	0.00854	0.01265	0.01545	0.11295	0.07015	0.65044	0.01318	0.00646	0.00184	0.00310	0.01121	0.00502	0.00479
16	0.01385	0.46342	0.10896	0.01217	0.01679	0.01760	0.11152	0.05992	0.01216	0.03071	0.01041	0.06461	0.00941	0.00593	0.00511	0.00148	0.04136	0.00462	0.00285	0.00712
17	0.01275	0.01224	0.02145	0.24131	0.40258	0.01284	0.13098	0.04866	0.01263	0.01747	0.01052	0.01411	0.00835	0.00509	0.00554	0.00170	0.00701	0.00511	0.02201	0.00767
18	0.01030	0.00969	0.01635	0.79530	0.03755	0.01211	0.01514	0.01393	0.01090	0.01393	0.00969	0.01453	0.00727	0.00545	0.00545	0.00182	0.00727	0.00484	0.00242	0.00606
19	0.01502	0.05834	0.02045	0.10366	0.43507	0.21761	0.03896	0.01778	0.01301	0.01596	0.00960	0.01242	0.00797	0.00510	0.00521	0.00157	0.00750	0.00445	0.00268	0.00763
20	0.01360	0.06020	0.02204	0.07129	0.66919	0.01353	0.01603	0.03762	0.01263	0.01778	0.01015	0.01325	0.00848	0.00493	0.00529	0.00160	0.00647	0.00474	0.00274	0.00842
21	0.00803	0.00608	0.00859	0.01025	0.07507	0.00616	0.00674	0.00931	0.01040	0.01408	0.03923	0.41037	0.04039	0.09274	0.08931	0.03391	0.03180	0.09846	0.00430	0.00480
22	0.00664	0.00474	0.00633	0.00759	0.00791	0.00443	0.00506	0.00759	0.01044	0.01392	0.03005	0.80485	0.03606	0.01708	0.00696	0.00221	0.00316	0.01550	0.00506	0.00443
23	0.09863	0.01292	0.01945	0.09580	0.56294	0.04888	0.01483	0.01713	0.02802	0.03555	0.01036	0.01320	0.00844	0.00506	0.00518	0.00164	0.00639	0.00464	0.00290	0.00804
24	0.01100	0.02458	0.09873	0.01283	0.07045	0.11621	0.04456	0.01331	0.01082	0.01413	0.02739	0.03579	0.02677	0.11626	0.23807	0.00428	0.07047	0.05552	0.00308	0.00575
25	0.00672	0.00480	0.00641	0.00768	0.00803	0.00449	0.00520	0.00772	0.01051	0.01400	0.03001	0.77802	0.03589	0.01701	0.00698	0.00222	0.00323	0.04156	0.00506	0.00445
26	0.06699	0.00945	0.01519	0.69499	0.03395	0.01166	0.01391	0.01370	0.01076	0.01464	0.01075	0.06100	0.00888	0.00611	0.00540	0.00183	0.00682	0.00535	0.00264	0.00595
27	0.02937	0.01161	0.04276	0.36162	0.14793	0.02510	0.09353	0.05921	0.04403	0.02717	0.01464	0.04383	0.06287	0.00639	0.00561	0.00178	0.00666	0.00583	0.00317	0.00686
28	0.01110	0.02954	0.03810	0.03511	0.01196	0.00857	0.02471	0.01566	0.21206	0.06125	0.08666	0.07587	0.07448	0.01318	0.04253	0.23753	0.00491	0.00688	0.00422	0.00568
29	0.01500	0.54375	0.02429	0.10526	0.01736	0.15779	0.01034	0.01689	0.01174	0.01306	0.00797	0.00976	0.00704	0.00511	0.00453	0.00133	0.03629	0.00332	0.00243	0.00672
30	0.00918	0.00796	0.01171	0.04611	0.05779	0.04430	0.05870	0.01137	0.00964	0.01331	0.01368	0.02010	0.01258	0.05745	0.59218	0.00711	0.01291	0.00574	0.00288	0.00533
31	0.01272	0.13345	0.31676	0.08236	0.21552	0.01373	0.01575	0.04930	0.01230	0.02824	0.00989	0.01203	0.00767	0.00505	0.00495	0.00156	0.00685	0.00415	0.00269	0.06503
32	0.01197	0.00976	0.01462	0.36842	0.13014	0.01098	0.01200	0.07547	0.06125	0.05312	0.09959	0.05867	0.01535	0.00693	0.00556	0.00175	0.00576	0.00610	0.04580	0.00676
33	0.00792	0.00532	0.00614	0.00614	0.00620	0.00539	0.00354	0.00805	0.00798	0.01071	0.01700	0.03471	0.01940	0.75620	0.07938	0.00552	0.00592	0.00779	0.00328	0.00341
34	0.01202	0.10733	0.57459	0.01470	0.02160	0.06593	0.05643	0.01727	0.01180	0.01669	0.00990	0.01169	0.00733	0.00518	0.00499	0.00163	0.00775	0.00405	0.04147	0.00765
35	0.01061	0.00845	0.01046	0.02732	0.10742	0.08296	0.00747	0.01061	0.00921	0.01194	0.01203	0.05976	0.01212	0.10666	0.12071	0.35129	0.03817	0.00571	0.00278	0.00432
36	0.00794	0.00588	0.00722	0.00735	0.00862	0.00559	0.00539	0.01081	0.07393	0.03066	0.31067	0.28590	0.16906	0.01326	0.00655	0.00193	0.00305	0.03554	0.00548	0.00517
37	0.00901	0.00616	0.00758	0.00881	0.06015	0.00618	0.00578	0.01216	0.08899	0.01729	0.02436	0.38628	0.04283	0.01154	0.00563	0.00181	0.00329	0.01019	0.28658	0.00537
38	0.01291	0.03968	0.39130	0.06018	0.16676	0.01266	0.10272	0.03248	0.02573	0.07319	0.01110	0.01314	0.00816	0.00547	0.00565	0.01597	0.00738	0.00466	0.00289	0.00798
39	0.02797	0.03131	0.19576	0.06668	0.28843	0.03183	0.16694	0.02876	0.01267	0.08108	0.01112	0.01351	0.00839	0.00511	0.00549	0.00169	0.00731	0.00494	0.00299	0.00802
40	0.00664	0.00474	0.00633	0.00759	0.00791	0.00443	0.00506	0.00759	0.01044	0.01392	0.03005	0.80485	0.03606	0.01708	0.00696	0.00221	0.00316	0.01550	0.00506	0.00443
41	0.26191	0.12294	0.03949	0.01400	0.02950	0.22671	0.19861	0.01805	0.01223	0.01778	0.00879	0.01074	0.00703	0.00504	0.00467	0.00158	0.00738	0.00404	0.00288	0.00663
42	0.00659	0.00524	0.00592	0.00635	0.00761	0.00457	0.00454	0.00789	0.01189	0.01487	0.09004	0.32455	0.46105	0.01483	0.00663	0.00197	0.00290	0.01285	0.00512	0.00457
43	0.01117	0.01447	0.20680	0.01417	0.08145	0.01069	0.09976	0.04957	0.14509	0.02025	0.22920	0.02369	0.05476	0.00759	0.00583	0.00175	0.00553	0.00677	0.00426	0.00720
44	0.00802	0.00614	0.00890	0.00880	0.00958	0.00721	0.00672	0.00967	0.00874	0.01255	0.01517	0.06358	0.01498	0.11291	0.61870	0.00764	0.06640	0.00648	0.00303	0.00477
45	0.01294	0.05379	0.01584	0.07364	0.21057	0.01328	0.01111	0.04162	0.35771	0.01971	0.03789	0.01914	0.05354	0.00698	0.00610	0.00177	0.04636	0.00583	0.00424	0.00793
46	0.01087	0.00843	0.00990	0.00774	0.01119	0.00679	0.00584	0.02496	0.01105	0.04783	0.01433	0.09067	0.02712	0.15211	0.00876	0.00182	0.00422	0.00550	0.00363	0.54725
47	0.03931	0.04049	0.04740	0.00901	0.01239	0.00878	0.00757	0.01389	0.01100	0.07526	0.03983	0.01869	0.01263	0.09366	0.05623	0.00219	0.07732	0.04328	0.00354	0.38752

[dist]
# distance from previous block
# <min> <max>
7	9

[block]
# block no. 3 follows, 44 sequences, length 8
# corresponding to MSA columns:
# 447-454
name=unknown_D
#
# <colnr> <probs for GDERKNQSTAVLIFYWHMCP>
#	G	D	E	R	K	N	Q	S	T	A	V	L	I	F	Y	W	H	M	C	P
0	0.07866	0.01275	0.06961	0.01126	0.01452	0.01331	0.00955	0.08579	0.42926	0.07228	0.01756	0.01717	0.01315	0.00713	0.00659	0.00183	0.08923	0.00542	0.03686	0.00805
1	0.01135	0.01088	0.01882	0.53675	0.24895	0.01244	0.05342	0.01492	0.01144	0.01523	0.00992	0.01424	0.00771	0.00524	0.00549	0.00176	0.00714	0.00493	0.00252	0.00686
2	0.01205	0.01148	0.01952	0.37759	0.44155	0.01257	0.01601	0.01547	0.01173	0.01606	0.01000	0.01396	0.00802	0.00513	0.00542	0.00171	0.00683	0.00485	0.00257	0.00747
3	0.14667	0.08028	0.15906	0.04940	0.01451	0.07046	0.00965	0.06138	0.01101	0.04585	0.01004	0.01377	0.00849	0.04396	0.01044	0.24616	0.00600	0.00425	0.00296	0.00565
4	0.04560	0.05991	0.03508	0.01322	0.08749	0.01194	0.05800	0.25571	0.01677	0.10565	0.07824	0.15592	0.01797	0.00851	0.00571	0.00176	0.00528	0.02497	0.00477	0.00750
5	0.01205	0.00728	0.00975	0.10002	0.01361	0.00729	0.00750	0.01534	0.09363	0.18953	0.05900	0.32998	0.06107	0.01177	0.00628	0.00199	0.00418	0.05825	0.00523	0.00626
6	0.01175	0.01108	0.01870	0.30444	0.37257	0.01196	0.04779	0.01548	0.03938	0.01631	0.01241	0.05622	0.01089	0.00625	0.00565	0.00178	0.00657	0.04057	0.00294	0.00726
7	0.01404	0.01225	0.02046	0.13395	0.46047	0.01255	0.07902	0.07382	0.01348	0.06869	0.01214	0.01645	0.00993	0.00568	0.00561	0.00172	0.00659	0.04181	0.00326	0.00808

[dist]
# distance from previous block
# <min> <max>
0	3

[block]
# block no. 4 follows, 44 sequences, length 22
# corresponding to MSA columns:
# 485-506
name=unknown_E
#
# <colnr> <probs for GDERKNQSTAVLIFYWHMCP>
#	G	D	E	R	K	N	Q	S	T	A	V	L	I	F	Y	W	H	M	C	P
0	0.01650	0.04487	0.12464	0.06699	0.10796	0.04309	0.03929	0.01944	0.01353	0.31422	0.02039	0.02143	0.09991	0.00715	0.00555	0.00172	0.00577	0.03518	0.00457	0.00780
1	0.00882	0.00792	0.03913	0.00965	0.01025	0.00875	0.00755	0.00998	0.00895	0.01277	0.01648	0.21149	0.01809	0.16667	0.19377	0.03362	0.21980	0.00818	0.00333	0.00480
2	0.01219	0.00619	0.00697	0.04830	0.00928	0.00624	0.00514	0.04249	0.01241	0.10614	0.01759	0.01954	0.01338	0.00636	0.00415	0.00136	0.00316	0.00511	0.66824	0.00577
3	0.01066	0.16360	0.15223	0.05179	0.03495	0.02349	0.04971	0.01332	0.01169	0.04960	0.02425	0.14798	0.19559	0.01046	0.03534	0.00199	0.00569	0.00775	0.00368	0.00623
4	0.07028	0.13708	0.06137	0.12161	0.36656	0.03003	0.07439	0.01683	0.01198	0.04584	0.01002	0.01269	0.00805	0.00500	0.00504	0.00160	0.00663	0.00451	0.00279	0.00771
5	0.00758	0.00580	0.00719	0.00749	0.02437	0.00538	0.00539	0.00991	0.03605	0.01805	0.36306	0.16985	0.23115	0.03216	0.00706	0.00197	0.00306	0.05407	0.00540	0.00501
6	0.00922	0.00766	0.01165	0.16901	0.12367	0.00812	0.03013	0.01128	0.01089	0.01484	0.14471	0.02756	0.05298	0.24682	0.10545	0.00362	0.00650	0.00707	0.00352	0.00529
7	0.01541	0.01671	0.08536	0.02041	0.15144	0.15736	0.31824	0.01893	0.01347	0.10703	0.01283	0.01488	0.03074	0.00540	0.00576	0.00169	0.00803	0.00545	0.00326	0.00759
8	0.02967	0.10298	0.51508	0.03460	0.09887	0.01345	0.03274	0.01787	0.04411	0.04600	0.01057	0.01216	0.00778	0.00524	0.00505	0.00167	0.00731	0.00420	0.00269	0.00797
9	0.01113	0.00974	0.01556	0.20967	0.28404	0.01021	0.03002	0.01472	0.04733	0.03898	0.18895	0.04163	0.06028	0.00739	0.00578	0.00173	0.00541	0.00673	0.00382	0.00687
10	0.00986	0.00960	0.01617	0.07487	0.07635	0.03970	0.22314	0.01235	0.01176	0.01537	0.02249	0.33871	0.07914	0.01085	0.00647	0.00198	0.00578	0.03566	0.00392	0.00583
11	0.01468	0.17213	0.10030	0.09596	0.27918	0.03402	0.03193	0.04700	0.01285	0.11181	0.01188	0.04386	0.00965	0.00570	0.00509	0.00159	0.00637	0.00488	0.00327	0.00785
12	0.01457	0.05893	0.14447	0.06989	0.01798	0.02963	0.10581	0.01832	0.05720	0.22678	0.01804	0.18213	0.01568	0.00819	0.00574	0.00181	0.00586	0.00727	0.00439	0.00732
13	0.00981	0.00851	0.01395	0.07126	0.23817	0.00903	0.04565	0.01216	0.01025	0.01443	0.01421	0.08055	0.01369	0.08437	0.34364	0.00505	0.00981	0.00643	0.00301	0.00603
14	0.01478	0.01115	0.01787	0.17819	0.35796	0.01189	0.01367	0.01756	0.01227	0.17679	0.01280	0.03974	0.01009	0.00628	0.00686	0.00178	0.09365	0.00532	0.00354	0.00783
15	0.01624	0.01465	0.17512	0.07564	0.10345	0.04159	0.10084	0.01966	0.01324	0.28415	0.01547	0.07073	0.01169	0.00648	0.00557	0.00172	0.00639	0.00575	0.00421	0.02742
16	0.03593	0.01526	0.17655	0.04708	0.17242	0.02664	0.13946	0.07185	0.04428	0.04145	0.02967	0.08582	0.04403	0.00698	0.00617	0.00179	0.03747	0.00627	0.00345	0.00743
17	0.00844	0.00806	0.05208	0.18150	0.08573	0.00753	0.02660	0.01055	0.01083	0.01454	0.02229	0.50017	0.02510	0.01251	0.00638	0.00204	0.00476	0.01139	0.00407	0.00543
18	0.01323	0.01857	0.31456	0.04041	0.12418	0.03990	0.15206	0.04683	0.01290	0.08703	0.01314	0.07074	0.01078	0.00634	0.00566	0.00177	0.00728	0.02365	0.00326	0.00771
19	0.05349	0.01505	0.17270	0.03104	0.19800	0.02972	0.02853	0.12254	0.01456	0.18221	0.01531	0.06809	0.03104	0.00665	0.00543	0.00171	0.00607	0.00563	0.00412	0.00810
20	0.03325	0.01563	0.17791	0.01933	0.10857	0.01193	0.34571	0.01739	0.01265	0.09588	0.01446	0.03467	0.03463	0.00610	0.00596	0.00182	0.00750	0.04575	0.00333	0.00753
21	0.01387	0.01265	0.03895	0.16281	0.15330	0.01223	0.33194	0.01796	0.03442	0.12112	0.01379	0.01629	0.03335	0.00548	0.00590	0.00177	0.00739	0.00585	0.00338	0.00756

[dist]
# distance from previous block
# <min> <max>
0	95

# created by:
# /home/cegg/simao/soft/augustus-3.2.1/scripts/msa2prfl.pl ./align_prep/EOG091G0EM6.fa
