[name]
unknown

[dist]
# distance from previous block
# <min> <max>
0	67

[block]
# block no. 0 follows, 54 sequences, length 28
# corresponding to MSA columns:
# 106-133
name=unknown_A
#
# <colnr> <probs for GDERKNQSTAVLIFYWHMCP>
#	G	D	E	R	K	N	Q	S	T	A	V	L	I	F	Y	W	H	M	C	P
0	0.01259	0.01039	0.06287	0.03318	0.03636	0.04712	0.09769	0.11840	0.09880	0.14928	0.06395	0.13027	0.01526	0.00787	0.02547	0.00169	0.00502	0.03759	0.00405	0.04213
1	0.05886	0.01077	0.04955	0.10156	0.11658	0.03318	0.06425	0.13082	0.12506	0.09197	0.08964	0.01537	0.02455	0.00563	0.00482	0.00145	0.01479	0.00480	0.00370	0.05265
2	0.01247	0.03643	0.07185	0.05122	0.06816	0.04460	0.04119	0.07317	0.09070	0.15284	0.05037	0.04528	0.05141	0.00708	0.03525	0.00161	0.01874	0.00499	0.02729	0.11536
3	0.02445	0.02739	0.05965	0.05293	0.10032	0.07699	0.08287	0.11669	0.12377	0.10590	0.05353	0.04999	0.02751	0.00646	0.02002	0.00157	0.00525	0.00508	0.03472	0.02492
4	0.01397	0.02416	0.08050	0.01095	0.06014	0.03148	0.03970	0.19292	0.09527	0.16647	0.02235	0.03462	0.01933	0.02517	0.02809	0.02011	0.01907	0.01612	0.00395	0.09563
5	0.01289	0.05708	0.08966	0.01055	0.03516	0.05029	0.04767	0.23001	0.08713	0.06995	0.05878	0.09959	0.01365	0.00670	0.00479	0.00145	0.00486	0.04023	0.00391	0.07565
6	0.03304	0.05108	0.11681	0.03161	0.04788	0.07268	0.06706	0.15532	0.04251	0.08562	0.05197	0.07111	0.06308	0.00727	0.03198	0.00163	0.00539	0.00526	0.00356	0.05513
7	0.06848	0.04519	0.03413	0.01196	0.08391	0.05626	0.08851	0.16379	0.07858	0.14568	0.02279	0.06577	0.01042	0.00573	0.00481	0.00141	0.02210	0.00480	0.00379	0.08188
8	0.07425	0.07699	0.04299	0.01096	0.06660	0.05761	0.07554	0.17385	0.07024	0.05741	0.03573	0.01527	0.07396	0.02050	0.02788	0.00157	0.00511	0.00460	0.01294	0.09598
9	0.01239	0.11497	0.19140	0.01425	0.14996	0.06477	0.05858	0.11609	0.07927	0.04808	0.03955	0.01294	0.02495	0.00593	0.02472	0.00157	0.02654	0.00426	0.00303	0.00676
10	0.17487	0.19358	0.09688	0.00949	0.03019	0.08358	0.03916	0.04455	0.02641	0.10960	0.03187	0.03484	0.00898	0.02467	0.00440	0.00137	0.00500	0.00382	0.00309	0.07365
11	0.06137	0.05867	0.17590	0.01388	0.07656	0.03402	0.17513	0.15437	0.07230	0.08012	0.01137	0.01242	0.02450	0.00503	0.00490	0.00148	0.02348	0.00439	0.00322	0.00689
12	0.00595	0.00448	0.00551	0.00591	0.00677	0.00404	0.00418	0.00726	0.01069	0.01413	0.24651	0.39893	0.24330	0.01259	0.00577	0.00171	0.00250	0.01112	0.00460	0.00404
13	0.01030	0.01007	0.03522	0.05611	0.16252	0.07218	0.08172	0.04979	0.05326	0.02949	0.08067	0.05835	0.11951	0.03979	0.04608	0.00196	0.07804	0.00599	0.00325	0.00569
14	0.00581	0.00440	0.00537	0.00607	0.00683	0.00397	0.00428	0.00685	0.00979	0.01256	0.05537	0.51807	0.27957	0.01363	0.00589	0.00181	0.00269	0.04871	0.00440	0.00392
15	0.01608	0.04221	0.01360	0.01041	0.01390	0.01400	0.00853	0.55725	0.22826	0.02638	0.01325	0.01286	0.00965	0.00580	0.00468	0.00145	0.00479	0.00447	0.00464	0.00780
16	0.01240	0.51720	0.18614	0.02786	0.03065	0.07695	0.04191	0.01488	0.01013	0.03299	0.00753	0.00875	0.00626	0.00425	0.00364	0.00118	0.00583	0.00301	0.00217	0.00627
17	0.04776	0.01204	0.01363	0.08748	0.06939	0.03313	0.00929	0.48631	0.09675	0.07881	0.01189	0.01221	0.00855	0.00549	0.00464	0.00145	0.00512	0.00429	0.00427	0.00749
18	0.00879	0.00439	0.00439	0.00439	0.00549	0.00439	0.00330	0.01099	0.00989	0.01758	0.01538	0.01758	0.01209	0.00549	0.00330	0.00110	0.00220	0.00439	0.86047	0.00439
19	0.00733	0.00509	0.00654	0.00641	0.02488	0.00463	0.00465	0.00931	0.01267	0.05939	0.58324	0.07012	0.16805	0.00993	0.00552	0.00152	0.00244	0.00868	0.00499	0.00460
20	0.03194	0.03168	0.10805	0.06077	0.45131	0.02801	0.15275	0.05079	0.01116	0.01577	0.00890	0.01144	0.00710	0.00430	0.00473	0.00144	0.00619	0.00427	0.00241	0.00701
21	0.00940	0.00903	0.01571	0.67027	0.12559	0.01067	0.06768	0.01256	0.00971	0.01267	0.00852	0.01247	0.00649	0.00460	0.00477	0.00155	0.00632	0.00429	0.00214	0.00559
22	0.00579	0.00418	0.00550	0.00653	0.00690	0.00388	0.00443	0.00667	0.00917	0.01213	0.02710	0.76783	0.07155	0.01457	0.00601	0.00191	0.00276	0.03488	0.00438	0.00385
23	0.06066	0.01027	0.01588	0.11656	0.42250	0.03248	0.05432	0.04638	0.02424	0.03959	0.01116	0.10586	0.01010	0.00573	0.00501	0.00151	0.02317	0.00524	0.00282	0.00652
24	0.01087	0.04183	0.45883	0.03275	0.18696	0.02830	0.06100	0.06042	0.04594	0.01588	0.00918	0.01086	0.00687	0.00454	0.00457	0.00146	0.00645	0.00386	0.00238	0.00703
25	0.00611	0.00505	0.00540	0.00541	0.00687	0.00451	0.00401	0.00815	0.06085	0.01382	0.13070	0.12545	0.58377	0.01162	0.00557	0.00161	0.00249	0.00986	0.00450	0.00424
26	0.04837	0.00753	0.00894	0.02199	0.01050	0.00774	0.00641	0.06799	0.14781	0.22528	0.05554	0.04171	0.08570	0.00764	0.00514	0.00156	0.02697	0.09775	0.11930	0.00613
27	0.03646	0.19109	0.30709	0.01323	0.10124	0.03294	0.05266	0.07889	0.07382	0.03128	0.03229	0.01124	0.00825	0.00476	0.00428	0.00138	0.00581	0.00381	0.00270	0.00678

[dist]
# distance from previous block
# <min> <max>
0	3

[block]
# block no. 1 follows, 54 sequences, length 25
# corresponding to MSA columns:
# 139-163
name=unknown_B
#
# <colnr> <probs for GDERKNQSTAVLIFYWHMCP>
#	G	D	E	R	K	N	Q	S	T	A	V	L	I	F	Y	W	H	M	C	P
0	0.37319	0.12108	0.07344	0.01078	0.09345	0.13331	0.00845	0.10770	0.01115	0.01836	0.00762	0.00880	0.00603	0.00455	0.00365	0.00135	0.00520	0.00306	0.00281	0.00602
1	0.05799	0.01572	0.27697	0.04584	0.08159	0.04262	0.07156	0.17778	0.03136	0.08436	0.04420	0.01230	0.00892	0.00514	0.00485	0.00148	0.02300	0.00420	0.00321	0.00691
2	0.00801	0.00539	0.00683	0.04933	0.00822	0.00574	0.00477	0.02118	0.02555	0.04419	0.01505	0.05629	0.01561	0.44045	0.15946	0.00421	0.02359	0.04223	0.06001	0.00388
3	0.00574	0.00410	0.00547	0.00657	0.00684	0.00383	0.00438	0.00657	0.00903	0.01204	0.02599	0.83122	0.03119	0.01477	0.00602	0.00191	0.00274	0.01340	0.00438	0.00383
4	0.00890	0.00838	0.01414	0.82296	0.03247	0.01048	0.01309	0.01205	0.00943	0.01205	0.00838	0.01257	0.00629	0.00471	0.00471	0.00157	0.00629	0.00419	0.00210	0.00524
5	0.00611	0.00469	0.00559	0.00559	0.00676	0.00417	0.00411	0.00772	0.01168	0.01549	0.39462	0.16444	0.32933	0.01132	0.00564	0.00159	0.00237	0.00983	0.00476	0.00417
6	0.02929	0.00972	0.02609	0.01113	0.01386	0.01013	0.16836	0.10891	0.21756	0.05604	0.10506	0.06033	0.01590	0.00736	0.01885	0.00170	0.05734	0.03980	0.03629	0.00629
7	0.00659	0.00482	0.00619	0.00585	0.00699	0.00441	0.00438	0.00874	0.01315	0.01845	0.74589	0.03598	0.10128	0.00981	0.00556	0.00149	0.00224	0.00863	0.00513	0.00441
8	0.00995	0.12111	0.67358	0.01259	0.01898	0.01192	0.01577	0.01537	0.05136	0.01472	0.00880	0.01007	0.00643	0.00453	0.00432	0.00144	0.00657	0.00347	0.00214	0.00688
9	0.74758	0.01018	0.00791	0.00693	0.00989	0.05335	0.00566	0.08276	0.00956	0.02141	0.00702	0.00803	0.00542	0.00452	0.00315	0.00144	0.00404	0.00273	0.00305	0.00538
10	0.86760	0.00912	0.00693	0.00620	0.00912	0.01058	0.00511	0.01386	0.00802	0.02115	0.00657	0.00766	0.00511	0.00438	0.00292	0.00146	0.00365	0.00255	0.00292	0.00511
11	0.86760	0.00912	0.00693	0.00620	0.00912	0.01058	0.00511	0.01386	0.00802	0.02115	0.00657	0.00766	0.00511	0.00438	0.00292	0.00146	0.00365	0.00255	0.00292	0.00511
12	0.00879	0.00439	0.00439	0.00439	0.00549	0.00439	0.00330	0.01099	0.00989	0.01758	0.01538	0.01758	0.01209	0.00549	0.00330	0.00110	0.00220	0.00439	0.86047	0.00439
13	0.01792	0.01321	0.01415	0.01085	0.01462	0.01462	0.00896	0.78916	0.02217	0.02972	0.01132	0.01132	0.00802	0.00566	0.00472	0.00142	0.00519	0.00425	0.00472	0.00802
14	0.86760	0.00912	0.00693	0.00620	0.00912	0.01058	0.00511	0.01386	0.00802	0.02115	0.00657	0.00766	0.00511	0.00438	0.00292	0.00146	0.00365	0.00255	0.00292	0.00511
15	0.00686	0.00457	0.00514	0.00514	0.00514	0.00457	0.00286	0.00686	0.00686	0.00914	0.01486	0.03086	0.01714	0.83430	0.02400	0.00457	0.00457	0.00686	0.00286	0.00286
16	0.01115	0.01263	0.02724	0.01953	0.02423	0.01192	0.76148	0.01544	0.03758	0.01526	0.00986	0.01288	0.00740	0.00406	0.00554	0.00159	0.00781	0.00556	0.00247	0.00640
17	0.00674	0.00505	0.00758	0.00758	0.00842	0.00589	0.00589	0.00842	0.00758	0.01095	0.01263	0.01852	0.01179	0.03536	0.81561	0.00758	0.01263	0.00505	0.00253	0.00421
18	0.01119	0.01074	0.01752	0.04538	0.68526	0.03184	0.01328	0.01379	0.01071	0.01506	0.03028	0.07351	0.01012	0.00516	0.00478	0.00144	0.00539	0.00497	0.00256	0.00701
19	0.00678	0.00454	0.00516	0.00524	0.00526	0.00452	0.00296	0.00684	0.00700	0.00933	0.01559	0.08395	0.01807	0.77993	0.02281	0.00439	0.00445	0.00729	0.00296	0.00292
20	0.01382	0.25833	0.12845	0.01007	0.01398	0.06966	0.00949	0.28186	0.07443	0.01900	0.03551	0.02594	0.00918	0.00600	0.02318	0.00146	0.00555	0.00395	0.00334	0.00679
21	0.00595	0.00431	0.00556	0.00636	0.00685	0.00400	0.00437	0.00696	0.00959	0.01274	0.10601	0.61248	0.10009	0.05240	0.00680	0.00198	0.00280	0.04247	0.00439	0.00388
22	0.01230	0.75786	0.10129	0.00859	0.01291	0.01791	0.00898	0.01420	0.00962	0.01147	0.00674	0.00780	0.00604	0.00408	0.00317	0.00106	0.00523	0.00262	0.00201	0.00614
23	0.01404	0.10902	0.01533	0.01383	0.17320	0.05216	0.02366	0.20787	0.24959	0.05828	0.01270	0.01292	0.00964	0.00529	0.00450	0.00140	0.00494	0.00432	0.00381	0.02349
24	0.01224	0.02852	0.10349	0.01520	0.19902	0.17860	0.07478	0.04451	0.07711	0.04312	0.14686	0.01611	0.02835	0.00571	0.00479	0.00142	0.00568	0.00492	0.00325	0.00633

[dist]
# distance from previous block
# <min> <max>
0	1

[block]
# block no. 2 follows, 54 sequences, length 62
# corresponding to MSA columns:
# 165-226
name=unknown_C
#
# <colnr> <probs for GDERKNQSTAVLIFYWHMCP>
#	G	D	E	R	K	N	Q	S	T	A	V	L	I	F	Y	W	H	M	C	P
0	0.00723	0.05146	0.00814	0.04812	0.05619	0.00613	0.00566	0.00947	0.05247	0.01431	0.17752	0.17200	0.30348	0.01029	0.00536	0.00159	0.00312	0.03885	0.00415	0.02447
1	0.03478	0.03368	0.06165	0.01209	0.04056	0.46385	0.04157	0.01734	0.08752	0.01338	0.00989	0.02436	0.00852	0.00554	0.00485	0.00136	0.03717	0.04612	0.00277	0.05299
2	0.01211	0.11214	0.38287	0.01281	0.09518	0.01124	0.01270	0.09115	0.01153	0.09733	0.00959	0.01059	0.00704	0.00453	0.00426	0.00132	0.00571	0.00356	0.00279	0.11156
3	0.03281	0.67332	0.15076	0.00895	0.01341	0.02965	0.00952	0.01432	0.00966	0.01196	0.00687	0.00797	0.00602	0.00413	0.00328	0.00110	0.00537	0.00269	0.00204	0.00617
4	0.01261	0.83713	0.02471	0.00807	0.01210	0.01866	0.00807	0.01412	0.00958	0.01109	0.00656	0.00756	0.00605	0.00403	0.00303	0.00101	0.00504	0.00252	0.00202	0.00605
5	0.00911	0.00838	0.02409	0.34140	0.23763	0.00898	0.01104	0.01197	0.02826	0.01376	0.02997	0.07242	0.07931	0.00661	0.00494	0.00157	0.00509	0.06056	0.03929	0.00561
6	0.00724	0.00567	0.00757	0.00681	0.00834	0.00530	0.05200	0.04153	0.02402	0.01717	0.45438	0.08410	0.21556	0.00989	0.00551	0.00154	0.00282	0.02056	0.02538	0.00461
7	0.00679	0.00462	0.00531	0.00528	0.00545	0.00459	0.00312	0.00705	0.00747	0.01001	0.06830	0.03121	0.04996	0.71354	0.05512	0.00437	0.00467	0.00702	0.00306	0.00306
8	0.11540	0.03413	0.54617	0.01357	0.06957	0.02569	0.05676	0.03331	0.02325	0.01600	0.00875	0.02132	0.00657	0.00462	0.00436	0.00148	0.00637	0.00369	0.00230	0.00669
9	0.01101	0.01177	0.07543	0.17264	0.37643	0.01102	0.18942	0.03014	0.01081	0.02927	0.01015	0.01291	0.02809	0.00453	0.00489	0.00149	0.00624	0.00462	0.00244	0.00669
10	0.15480	0.45003	0.09729	0.02383	0.01321	0.12704	0.00874	0.03537	0.01031	0.03204	0.00728	0.00833	0.00608	0.00435	0.00344	0.00119	0.00549	0.00282	0.00238	0.00599
11	0.72600	0.06741	0.02709	0.00694	0.00999	0.07085	0.00589	0.01427	0.00857	0.01961	0.00666	0.00777	0.00526	0.00439	0.00306	0.00141	0.00418	0.00261	0.00280	0.00524
12	0.01567	0.00697	0.00924	0.00754	0.01020	0.00626	0.00601	0.01800	0.04518	0.49692	0.26065	0.02269	0.02216	0.04344	0.00584	0.00161	0.00347	0.00603	0.00546	0.00667
13	0.10676	0.01058	0.03147	0.23020	0.45371	0.01099	0.06130	0.01383	0.01011	0.01516	0.00852	0.01149	0.00685	0.00434	0.00454	0.00146	0.00573	0.00409	0.00233	0.00655
14	0.00654	0.00480	0.00612	0.00582	0.00697	0.00439	0.00436	0.00862	0.01298	0.01810	0.70539	0.05354	0.12480	0.01000	0.00557	0.00150	0.00225	0.00878	0.00509	0.00439
15	0.00691	0.00499	0.00634	0.00597	0.00717	0.00464	0.00450	0.00891	0.01273	0.03644	0.63554	0.05414	0.15636	0.00998	0.00577	0.00152	0.01995	0.00867	0.00500	0.00446
16	0.00744	0.00532	0.00620	0.00582	0.00736	0.00488	0.00442	0.00998	0.06414	0.06000	0.39299	0.03644	0.33367	0.00999	0.00541	0.00152	0.00249	0.00854	0.02873	0.00466
17	0.01261	0.83713	0.02471	0.00807	0.01210	0.01866	0.00807	0.01412	0.00958	0.01109	0.00656	0.00756	0.00605	0.00403	0.00303	0.00101	0.00504	0.00252	0.00202	0.00605
18	0.03090	0.07589	0.19025	0.01521	0.15800	0.04074	0.12867	0.13464	0.05673	0.04525	0.03866	0.02362	0.00927	0.00502	0.00462	0.00143	0.00581	0.00442	0.02403	0.00683
19	0.04664	0.23425	0.09504	0.00960	0.04664	0.01155	0.00836	0.01559	0.18724	0.05232	0.07186	0.06596	0.04478	0.00683	0.00476	0.00147	0.02596	0.06155	0.00350	0.00610
20	0.01792	0.01321	0.01415	0.01085	0.01462	0.01462	0.00896	0.78916	0.02217	0.02972	0.01132	0.01132	0.00802	0.00566	0.00472	0.00142	0.00519	0.00425	0.00472	0.00802
21	0.00586	0.00423	0.00556	0.00650	0.00693	0.00393	0.00446	0.00683	0.00944	0.01254	0.07004	0.70936	0.07891	0.01425	0.00598	0.00188	0.00275	0.04223	0.00442	0.00389
22	0.03534	0.12541	0.46195	0.01326	0.06144	0.01173	0.07841	0.04504	0.01075	0.08006	0.00921	0.01045	0.00671	0.00449	0.00436	0.00141	0.00624	0.00366	0.00251	0.02757
23	0.00660	0.00475	0.00627	0.00640	0.00690	0.00506	0.00446	0.00753	0.00765	0.01050	0.01694	0.11871	0.05960	0.32901	0.38264	0.00547	0.00792	0.00696	0.00297	0.00365
24	0.00621	0.00465	0.00547	0.00558	0.00671	0.00416	0.00410	0.00775	0.01123	0.01498	0.29430	0.19819	0.33038	0.01138	0.00554	0.00160	0.00243	0.02594	0.05525	0.00414
25	0.01260	0.01286	0.05647	0.08089	0.49600	0.08292	0.02940	0.10401	0.04904	0.01663	0.00945	0.01163	0.00757	0.00458	0.00466	0.00142	0.00589	0.00415	0.00270	0.00714
26	0.86760	0.00912	0.00693	0.00620	0.00912	0.01058	0.00511	0.01386	0.00802	0.02115	0.00657	0.00766	0.00511	0.00438	0.00292	0.00146	0.00365	0.00255	0.00292	0.00511
27	0.01907	0.01136	0.01301	0.00997	0.01370	0.01188	0.00824	0.51625	0.01908	0.30699	0.01391	0.01300	0.00932	0.00572	0.00473	0.00143	0.00477	0.00442	0.00512	0.00802
28	0.01107	0.00954	0.01095	0.00975	0.01229	0.01079	0.04316	0.03458	0.62858	0.01876	0.03638	0.02063	0.03472	0.00811	0.03885	0.00188	0.00429	0.05416	0.00456	0.00694
29	0.00605	0.00474	0.00548	0.00541	0.00669	0.00417	0.00401	0.00765	0.01171	0.01530	0.36611	0.10275	0.42071	0.01119	0.00560	0.00157	0.00235	0.00962	0.00472	0.00417
30	0.01216	0.72190	0.13603	0.00883	0.01328	0.01756	0.00939	0.01423	0.00963	0.01164	0.00683	0.00790	0.00604	0.00410	0.00323	0.00108	0.00532	0.00266	0.00201	0.00618
31	0.00677	0.00490	0.00682	0.00682	0.00741	0.00548	0.00495	0.00794	0.00735	0.01039	0.01332	0.02234	0.01344	0.28261	0.57063	0.00665	0.01014	0.00561	0.00263	0.00379
32	0.01198	0.01205	0.05760	0.04457	0.01581	0.03328	0.13036	0.15295	0.07472	0.01623	0.00907	0.01160	0.00742	0.00651	0.00967	0.00175	0.37654	0.00441	0.01735	0.00614
33	0.01131	0.03686	0.31883	0.01354	0.01839	0.02751	0.18890	0.07550	0.21385	0.01709	0.01158	0.01257	0.00857	0.00501	0.00497	0.00153	0.01955	0.00447	0.00302	0.00695
34	0.00963	0.06915	0.76662	0.01314	0.01995	0.01137	0.01691	0.01489	0.00993	0.01472	0.00836	0.00982	0.00598	0.00446	0.00440	0.00147	0.00686	0.00343	0.00199	0.00692
35	0.00584	0.00417	0.00558	0.00667	0.00698	0.00391	0.00454	0.00672	0.00912	0.01214	0.02594	0.79294	0.03099	0.01469	0.00604	0.00193	0.00281	0.05078	0.00438	0.00385
36	0.00557	0.00478	0.00478	0.00478	0.00637	0.00398	0.00358	0.00677	0.01075	0.01274	0.04776	0.04538	0.80297	0.01194	0.00557	0.00159	0.00239	0.00995	0.00438	0.00398
37	0.00915	0.00864	0.01459	0.75108	0.10240	0.01054	0.01322	0.01227	0.00955	0.01235	0.00842	0.01249	0.00639	0.00467	0.00471	0.00156	0.00622	0.00419	0.00212	0.00544
38	0.01840	0.01244	0.01367	0.01048	0.01424	0.01348	0.00866	0.67537	0.02088	0.14533	0.01240	0.01202	0.00856	0.00569	0.00472	0.00142	0.00501	0.00432	0.00488	0.00802
39	0.19105	0.01048	0.01139	0.00899	0.01244	0.01109	0.00739	0.35146	0.04251	0.26647	0.03223	0.01283	0.00966	0.00558	0.00438	0.00145	0.00439	0.00420	0.00471	0.00732
40	0.00686	0.00457	0.00514	0.00514	0.00514	0.00457	0.00286	0.00686	0.00686	0.00914	0.01486	0.03086	0.01714	0.83430	0.02400	0.00457	0.00457	0.00686	0.00286	0.00286
41	0.00963	0.00952	0.01733	0.50525	0.05095	0.01077	0.20836	0.02639	0.01017	0.01345	0.03784	0.02715	0.00838	0.00502	0.00542	0.00159	0.03999	0.00485	0.00237	0.00558
42	0.00629	0.00482	0.00579	0.00568	0.00695	0.00432	0.00431	0.00809	0.01212	0.01614	0.45484	0.06101	0.32549	0.01083	0.00563	0.00158	0.00242	0.05461	0.00482	0.00425
43	0.00792	0.00620	0.00772	0.00713	0.00869	0.00608	0.03344	0.08508	0.07446	0.01715	0.31055	0.18731	0.19613	0.01034	0.00553	0.00161	0.00301	0.02210	0.00467	0.00488
44	0.06928	0.15584	0.01652	0.01331	0.10324	0.39253	0.06926	0.05334	0.02730	0.04565	0.00834	0.00958	0.00672	0.00465	0.00416	0.00127	0.00682	0.00341	0.00267	0.00610
45	0.01695	0.02150	0.01289	0.01174	0.01412	0.77068	0.00881	0.01816	0.01322	0.01161	0.00952	0.01053	0.04996	0.00525	0.00432	0.00124	0.00817	0.00342	0.00254	0.00538
46	0.00978	0.00838	0.00978	0.00698	0.01117	0.00629	0.00559	0.01187	0.00978	0.01536	0.00838	0.00978	0.00698	0.00349	0.00349	0.00070	0.00349	0.00279	0.00279	0.86312
47	0.02543	0.01082	0.02060	0.03824	0.16710	0.03244	0.42982	0.01332	0.01063	0.01451	0.01258	0.16403	0.01191	0.00622	0.00539	0.00161	0.00638	0.02020	0.00278	0.00599
48	0.02046	0.00823	0.01099	0.00853	0.01209	0.00733	0.00704	0.05472	0.03296	0.73680	0.01847	0.01680	0.01197	0.00602	0.00479	0.00148	0.00406	0.02362	0.00573	0.00792
49	0.01148	0.18190	0.51883	0.01220	0.01802	0.04578	0.04978	0.01562	0.01038	0.08125	0.00895	0.01007	0.00653	0.00450	0.00426	0.00139	0.00645	0.00348	0.00236	0.00679
50	0.02890	0.01166	0.02010	0.03525	0.14723	0.05166	0.36289	0.03341	0.06050	0.01512	0.01129	0.02736	0.01960	0.00561	0.00636	0.00163	0.09603	0.05642	0.00274	0.00622
51	0.74071	0.00994	0.00811	0.02705	0.03240	0.04444	0.00594	0.05674	0.00914	0.02084	0.00697	0.00813	0.00540	0.00447	0.00316	0.00145	0.00405	0.00275	0.00296	0.00535
52	0.00879	0.00439	0.00439	0.00439	0.00549	0.00439	0.00330	0.01099	0.00989	0.01758	0.01538	0.01758	0.01209	0.00549	0.00330	0.00110	0.00220	0.00439	0.86047	0.00439
53	0.01792	0.01321	0.01415	0.01085	0.01462	0.01462	0.00896	0.78916	0.02217	0.02972	0.01132	0.01132	0.00802	0.00566	0.00472	0.00142	0.00519	0.00425	0.00472	0.00802
54	0.00879	0.00439	0.00439	0.00439	0.00549	0.00439	0.00330	0.01099	0.00989	0.01758	0.01538	0.01758	0.01209	0.00549	0.00330	0.00110	0.00220	0.00439	0.86047	0.00439
55	0.82976	0.00893	0.00690	0.00619	0.00903	0.01031	0.00508	0.01364	0.00826	0.02106	0.04154	0.00887	0.00684	0.00461	0.00303	0.00146	0.00358	0.00282	0.00302	0.00508
56	0.01760	0.00950	0.01141	0.00899	0.01230	0.00953	0.00734	0.27299	0.07751	0.39507	0.11147	0.01695	0.01467	0.00628	0.00484	0.00146	0.00416	0.00508	0.00531	0.00754
57	0.01873	0.01369	0.01458	0.01144	0.01515	0.01481	0.00925	0.73928	0.02224	0.03014	0.01282	0.01347	0.00948	0.00655	0.00524	0.00165	0.00551	0.00470	0.04275	0.00852
58	0.00830	0.00562	0.00620	0.00614	0.00627	0.00543	0.00353	0.00794	0.00780	0.01054	0.01610	0.03231	0.01823	0.81743	0.02417	0.00476	0.00504	0.00724	0.00332	0.00363
59	0.01906	0.01365	0.01481	0.01172	0.01541	0.07170	0.04330	0.50883	0.06012	0.16565	0.01396	0.01421	0.01010	0.00649	0.00532	0.00168	0.00572	0.00480	0.00508	0.00839
60	0.00764	0.00591	0.00656	0.00632	0.00778	0.00511	0.00457	0.00875	0.01222	0.01608	0.31302	0.06034	0.42789	0.06239	0.00723	0.00197	0.00301	0.00946	0.00496	0.02877
61	0.01245	0.01218	0.05194	0.08487	0.66541	0.01154	0.01444	0.01490	0.01147	0.01629	0.01190	0.01501	0.04358	0.00551	0.00529	0.00168	0.00601	0.00487	0.00287	0.00780

[dist]
# distance from previous block
# <min> <max>
0	50

# created by:
# /home/cegg/simao/soft/augustus-3.2.1/scripts/msa2prfl.pl ./align_prep/EOG091G0XVD.fa
