[name]
unknown

[dist]
# distance from previous block
# <min> <max>
0	78

[block]
# block no. 0 follows, 59 sequences, length 29
# corresponding to MSA columns:
# 119-147
name=unknown_A
#
# <colnr> <probs for GDERKNQSTAVLIFYWHMCP>
#	G	D	E	R	K	N	Q	S	T	A	V	L	I	F	Y	W	H	M	C	P
0	0.04389	0.00708	0.01205	0.02400	0.01206	0.00736	0.22190	0.01046	0.05223	0.01192	0.01181	0.01850	0.01104	0.18389	0.32607	0.00422	0.00800	0.02649	0.00256	0.00446
1	0.01175	0.58512	0.04163	0.04879	0.01244	0.07558	0.01999	0.01342	0.00956	0.05160	0.05176	0.00977	0.00817	0.00547	0.03752	0.00131	0.00522	0.00306	0.00229	0.00556
2	0.01107	0.10388	0.04753	0.01402	0.06098	0.01050	0.37965	0.05087	0.04331	0.08692	0.01102	0.05447	0.00913	0.03331	0.05361	0.00184	0.00625	0.01294	0.00280	0.00590
3	0.68822	0.05124	0.06702	0.00761	0.01083	0.01043	0.08273	0.01318	0.00800	0.01839	0.00654	0.00778	0.00507	0.00405	0.00308	0.00136	0.00409	0.00272	0.00258	0.00506
4	0.05170	0.00838	0.04278	0.00699	0.01056	0.00652	0.00583	0.01103	0.00893	0.01428	0.00858	0.05501	0.00763	0.00416	0.00398	0.00085	0.04513	0.00324	0.00264	0.70180
5	0.00996	0.00833	0.00959	0.00692	0.01081	0.00671	0.00557	0.09440	0.01038	0.01581	0.00814	0.00931	0.00664	0.00348	0.00339	0.00072	0.00344	0.00276	0.00281	0.78083
6	0.00963	0.14512	0.52221	0.01175	0.05573	0.01059	0.03180	0.01357	0.00980	0.04715	0.09301	0.01185	0.00972	0.00467	0.00414	0.00133	0.00563	0.00375	0.00236	0.00620
7	0.01073	0.01140	0.10622	0.11328	0.03806	0.05964	0.13065	0.15566	0.08031	0.01552	0.02837	0.01304	0.02038	0.00893	0.10461	0.04570	0.04465	0.00434	0.00282	0.00567
8	0.00617	0.00449	0.00580	0.00553	0.00656	0.00412	0.00412	0.00815	0.01223	0.01718	0.74641	0.06469	0.07934	0.00932	0.00523	0.00141	0.00211	0.00823	0.00479	0.00412
9	0.00708	0.00637	0.03811	0.00688	0.03344	0.00580	0.00528	0.01097	0.16772	0.01537	0.29894	0.04777	0.30176	0.00901	0.00504	0.00147	0.00274	0.02725	0.00429	0.00474
10	0.00920	0.01347	0.33327	0.00931	0.01354	0.01587	0.02847	0.01239	0.02311	0.05715	0.02549	0.07654	0.01698	0.05880	0.00543	0.00139	0.01877	0.00428	0.00265	0.27388
11	0.00619	0.00419	0.00543	0.00599	0.00653	0.00391	0.00413	0.00716	0.00908	0.04113	0.12912	0.54581	0.06643	0.10193	0.00734	0.00199	0.00277	0.04303	0.00410	0.00374
12	0.76726	0.00827	0.00672	0.00592	0.00864	0.00938	0.00486	0.01361	0.00803	0.08833	0.00745	0.00823	0.00558	0.00426	0.00289	0.00135	0.00339	0.00264	0.03821	0.00499
13	0.00925	0.02044	0.19648	0.01048	0.05964	0.02069	0.00931	0.08396	0.02845	0.01385	0.04823	0.01412	0.00989	0.06696	0.16672	0.00276	0.17888	0.00429	0.05032	0.00527
14	0.00633	0.00440	0.00555	0.00562	0.00591	0.00459	0.00369	0.00692	0.00703	0.00962	0.04266	0.08019	0.01662	0.52107	0.24301	0.00475	0.00617	0.01993	0.00279	0.00316
15	0.02435	0.07462	0.03328	0.00847	0.02902	0.02100	0.00687	0.13255	0.10434	0.03699	0.15225	0.13731	0.02041	0.00846	0.00520	0.00155	0.02828	0.16581	0.00395	0.00529
16	0.00882	0.00819	0.01109	0.00985	0.01010	0.03450	0.00797	0.00965	0.00691	0.01023	0.00758	0.01215	0.00741	0.03077	0.20577	0.08468	0.52387	0.00409	0.00206	0.00432
17	0.01080	0.00867	0.00984	0.00769	0.02288	0.00787	0.00604	0.14102	0.12543	0.02974	0.01021	0.01091	0.00799	0.00412	0.00366	0.00092	0.00354	0.00330	0.04484	0.54053
18	0.00943	0.00498	0.00534	0.00493	0.00629	0.00498	0.00379	0.06906	0.01061	0.06888	0.08497	0.01740	0.01369	0.00552	0.00346	0.00110	0.00238	0.00447	0.67413	0.00459
19	0.00995	0.01543	0.31344	0.01563	0.02065	0.01042	0.45665	0.01405	0.01007	0.03602	0.00949	0.01288	0.00731	0.00435	0.00487	0.00148	0.00685	0.04206	0.00228	0.00612
20	0.08278	0.54921	0.16140	0.00913	0.03636	0.05953	0.00911	0.02709	0.00934	0.01224	0.00663	0.00771	0.00565	0.00395	0.00320	0.00109	0.00513	0.00262	0.00203	0.00579
21	0.01145	0.66972	0.07473	0.00840	0.01219	0.01578	0.04095	0.05247	0.00962	0.01171	0.00760	0.05364	0.00710	0.00443	0.00326	0.00106	0.00484	0.00318	0.00215	0.00571
22	0.00542	0.00406	0.00505	0.00579	0.00640	0.00369	0.00403	0.00635	0.00899	0.01161	0.04154	0.59743	0.22746	0.01303	0.00554	0.00172	0.00253	0.04159	0.00411	0.00365
23	0.00620	0.00451	0.00584	0.00550	0.00657	0.00415	0.00413	0.00824	0.01238	0.01743	0.77791	0.03345	0.07884	0.00913	0.00521	0.00139	0.00209	0.00805	0.00483	0.00415
24	0.00884	0.00460	0.00537	0.00510	0.00636	0.00436	0.00385	0.01072	0.01036	0.11371	0.19962	0.09696	0.04184	0.00704	0.00403	0.00124	0.00232	0.00596	0.46324	0.00448
25	0.01065	0.01026	0.01768	0.10878	0.71536	0.01044	0.03527	0.01334	0.00994	0.01410	0.00828	0.01104	0.00688	0.00398	0.00440	0.00133	0.00537	0.00397	0.00216	0.00676
26	0.03558	0.00619	0.00739	0.00629	0.00826	0.00601	0.00497	0.10516	0.01247	0.22162	0.27638	0.02057	0.02053	0.00649	0.00427	0.00128	0.00286	0.00540	0.24287	0.00541
27	0.09133	0.11025	0.18213	0.00925	0.02580	0.03005	0.00865	0.01740	0.36113	0.01609	0.05256	0.01480	0.05133	0.00551	0.00413	0.00138	0.00428	0.00437	0.00338	0.00619
28	0.00880	0.00837	0.02141	0.00733	0.00921	0.11212	0.02714	0.06165	0.13165	0.02378	0.08150	0.11696	0.33193	0.00896	0.00494	0.00148	0.00364	0.03039	0.00392	0.00482

[dist]
# distance from previous block
# <min> <max>
1	3

[block]
# block no. 1 follows, 59 sequences, length 46
# corresponding to MSA columns:
# 151-191,208-212
name=unknown_B
#
# <colnr> <probs for GDERKNQSTAVLIFYWHMCP>
#	G	D	E	R	K	N	Q	S	T	A	V	L	I	F	Y	W	H	M	C	P
0	0.01126	0.25531	0.03861	0.05268	0.33793	0.08623	0.09055	0.01356	0.01004	0.01290	0.04536	0.01067	0.00800	0.00419	0.00401	0.00122	0.00547	0.00368	0.00222	0.00610
1	0.00610	0.00451	0.00569	0.00539	0.00650	0.00410	0.00404	0.00803	0.01213	0.01684	0.69883	0.03443	0.15828	0.00935	0.00521	0.00140	0.00211	0.00819	0.00475	0.00410
2	0.00916	0.00785	0.00916	0.00654	0.01047	0.00589	0.00523	0.01112	0.00916	0.01439	0.00785	0.00916	0.00654	0.00327	0.00327	0.00065	0.00327	0.00262	0.00262	0.87178
3	0.00634	0.00461	0.00649	0.00649	0.00707	0.00519	0.00477	0.00750	0.00692	0.00980	0.01238	0.02041	0.01237	0.24836	0.61387	0.00635	0.00983	0.00518	0.00245	0.00361
4	0.00642	0.00428	0.00482	0.00482	0.00482	0.00428	0.00268	0.00642	0.00642	0.00856	0.01392	0.02890	0.01606	0.84478	0.02248	0.00428	0.00428	0.00642	0.00268	0.00268
5	0.01650	0.02105	0.01252	0.01138	0.01365	0.82705	0.00853	0.01764	0.01252	0.01081	0.00683	0.00796	0.00569	0.00455	0.00398	0.00114	0.00796	0.00284	0.00228	0.00512
6	0.01982	0.00752	0.01025	0.00786	0.01127	0.00649	0.00649	0.02152	0.01264	0.82029	0.01742	0.01503	0.01093	0.00547	0.00444	0.00137	0.00376	0.00444	0.00547	0.00752
7	0.01000	0.00845	0.00937	0.00683	0.01065	0.04452	0.00545	0.01191	0.00948	0.05197	0.00825	0.00938	0.00671	0.00343	0.00336	0.00071	0.00351	0.00271	0.00273	0.79055
8	0.00559	0.00447	0.00499	0.00489	0.00620	0.00388	0.00366	0.00704	0.01089	0.01395	0.31577	0.05745	0.52468	0.01049	0.00523	0.00146	0.00219	0.00893	0.00437	0.00388
9	0.00633	0.00467	0.00678	0.00678	0.00746	0.00535	0.00512	0.00768	0.00700	0.01002	0.01212	0.01896	0.01174	0.14616	0.71520	0.00671	0.01078	0.00497	0.00241	0.00377
10	0.00619	0.00465	0.00583	0.00657	0.00717	0.00463	0.00458	0.00857	0.11578	0.01232	0.02384	0.68947	0.04177	0.01268	0.00549	0.00176	0.00273	0.03775	0.00415	0.00406
11	0.00938	0.05114	0.68324	0.01340	0.05632	0.01068	0.06490	0.03556	0.00973	0.01427	0.00802	0.00952	0.00579	0.00417	0.00422	0.00138	0.00641	0.00340	0.00197	0.00651
12	0.04512	0.09257	0.02724	0.01078	0.01337	0.64955	0.00844	0.07938	0.01264	0.01249	0.00706	0.00809	0.00580	0.00452	0.00388	0.00115	0.00725	0.00288	0.00242	0.00537
13	0.01070	0.01066	0.04443	0.04743	0.71168	0.01036	0.01315	0.01387	0.04744	0.01449	0.00909	0.01208	0.00766	0.00425	0.00441	0.00134	0.00520	0.02257	0.00232	0.00685
14	0.01069	0.01685	0.39072	0.01469	0.06590	0.01107	0.24375	0.12991	0.04417	0.01627	0.00905	0.01066	0.00660	0.00428	0.00455	0.00141	0.00635	0.00405	0.00247	0.00655
15	0.01037	0.01153	0.02431	0.01831	0.07446	0.01075	0.69229	0.01389	0.01031	0.01418	0.00882	0.01165	0.00671	0.00370	0.00502	0.00142	0.00700	0.00494	0.00226	0.06808
16	0.00536	0.00448	0.00467	0.00462	0.00605	0.00379	0.00346	0.00661	0.01039	0.01271	0.14841	0.04122	0.71129	0.01090	0.00522	0.00148	0.00222	0.00914	0.00420	0.00379
17	0.87598	0.00854	0.00649	0.00581	0.00854	0.00991	0.00478	0.01298	0.00752	0.01982	0.00615	0.00717	0.00478	0.00410	0.00273	0.00137	0.00342	0.00239	0.00273	0.00478
18	0.01072	0.01028	0.01744	0.02629	0.78778	0.01025	0.01318	0.01329	0.01006	0.01434	0.00963	0.01208	0.03634	0.00420	0.00440	0.00132	0.00514	0.00413	0.00226	0.00688
19	0.00573	0.00449	0.00518	0.00501	0.00628	0.00394	0.00376	0.00732	0.01127	0.01478	0.42432	0.03782	0.43409	0.01012	0.00521	0.00144	0.00216	0.00866	0.00448	0.00394
20	0.01181	0.84744	0.02314	0.00756	0.01134	0.01748	0.00756	0.01323	0.00897	0.01039	0.00614	0.00708	0.00567	0.00378	0.00283	0.00094	0.00472	0.00236	0.00189	0.00567
21	0.00924	0.13044	0.71768	0.01193	0.01810	0.01120	0.01517	0.01389	0.00928	0.01352	0.00769	0.00903	0.00560	0.00414	0.00402	0.00134	0.00629	0.00315	0.00187	0.00642
22	0.00528	0.00448	0.00455	0.00453	0.00600	0.00375	0.00340	0.00645	0.01020	0.01225	0.08764	0.04197	0.77234	0.01107	0.00522	0.00149	0.00223	0.00925	0.00414	0.00375
23	0.00633	0.00424	0.00484	0.00493	0.00495	0.00422	0.00280	0.00640	0.00659	0.00879	0.01480	0.09776	0.01717	0.77440	0.02105	0.00407	0.00414	0.00694	0.00280	0.00275
24	0.87598	0.00854	0.00649	0.00581	0.00854	0.00991	0.00478	0.01298	0.00752	0.01982	0.00615	0.00717	0.00478	0.00410	0.00273	0.00137	0.00342	0.00239	0.00273	0.00478
25	0.03616	0.01283	0.01440	0.01138	0.01448	0.23451	0.19059	0.02744	0.11079	0.03383	0.00918	0.01053	0.00724	0.00448	0.00485	0.00122	0.06166	0.00372	0.00272	0.20798
26	0.00584	0.00450	0.00543	0.00564	0.00672	0.00400	0.00417	0.00718	0.01007	0.01323	0.20518	0.28746	0.29645	0.01124	0.00533	0.00157	0.00251	0.07467	0.00420	0.04462
27	0.00952	0.04851	0.01472	0.57033	0.15947	0.05587	0.03383	0.01251	0.03031	0.01201	0.00809	0.01133	0.00627	0.00434	0.00433	0.00140	0.00582	0.00386	0.00209	0.00539
28	0.01200	0.67351	0.08998	0.00888	0.03339	0.09675	0.00856	0.01373	0.00938	0.01084	0.00642	0.00746	0.00570	0.00389	0.00310	0.00101	0.00521	0.00253	0.00193	0.00572
29	0.00668	0.00508	0.00710	0.05270	0.00836	0.00587	0.00522	0.00777	0.00695	0.00977	0.01191	0.02039	0.01208	0.30048	0.45998	0.00551	0.06292	0.00519	0.00242	0.00363
30	0.00775	0.00564	0.00732	0.00699	0.00792	0.02022	0.00529	0.08867	0.00844	0.01179	0.01159	0.01758	0.01093	0.12932	0.53140	0.08315	0.00910	0.00474	0.02818	0.00399
31	0.00628	0.00440	0.00537	0.00521	0.00579	0.00419	0.00348	0.00739	0.00968	0.01339	0.42459	0.04416	0.05486	0.37787	0.01284	0.00267	0.00307	0.00741	0.00386	0.00349
32	0.01638	0.01217	0.01302	0.01008	0.01354	0.01350	0.00830	0.74733	0.07661	0.02717	0.01113	0.01102	0.00793	0.00535	0.00442	0.00134	0.00476	0.00405	0.00442	0.00747
33	0.00596	0.00450	0.00550	0.00525	0.00642	0.00404	0.00394	0.00777	0.01181	0.01607	0.59649	0.03569	0.26111	0.00964	0.00521	0.00142	0.00213	0.00837	0.00465	0.00404
34	0.01080	0.01043	0.01694	0.10974	0.67801	0.03035	0.01299	0.01388	0.04756	0.01420	0.00868	0.01121	0.00715	0.00410	0.00437	0.00133	0.00530	0.00396	0.00227	0.00673
35	0.00546	0.00390	0.00521	0.00619	0.00649	0.00365	0.00419	0.00630	0.00862	0.01151	0.04627	0.79603	0.02945	0.01366	0.00564	0.00179	0.00259	0.03532	0.00412	0.00362
36	0.11883	0.01293	0.01255	0.00994	0.01322	0.12071	0.02608	0.56224	0.03021	0.03637	0.00976	0.01004	0.00707	0.00504	0.00418	0.00131	0.00512	0.00369	0.00390	0.00683
37	0.01068	0.40705	0.40413	0.01011	0.01518	0.01382	0.01179	0.05755	0.00980	0.01308	0.00724	0.00835	0.00574	0.00406	0.00357	0.00118	0.00559	0.00288	0.00202	0.00618
38	0.04612	0.22227	0.03709	0.01024	0.01305	0.55571	0.00837	0.03730	0.01160	0.01157	0.00677	0.00783	0.00570	0.00436	0.00367	0.00111	0.00689	0.00275	0.00224	0.00534
39	0.00708	0.00516	0.00671	0.00713	0.00825	0.00506	0.00591	0.04575	0.01094	0.01446	0.18635	0.08836	0.10978	0.03151	0.00612	0.00185	0.00343	0.44778	0.00422	0.00415
40	0.05929	0.01086	0.01571	0.09401	0.57207	0.08355	0.01195	0.03409	0.01021	0.01432	0.00861	0.03518	0.00740	0.00487	0.01827	0.00143	0.00547	0.00402	0.00232	0.00638
41	0.01690	0.00750	0.00981	0.00757	0.01083	0.00653	0.00619	0.04731	0.02513	0.59741	0.08785	0.01572	0.01303	0.00549	0.00435	0.00127	0.00358	0.00451	0.00497	0.12403
42	0.05098	0.11920	0.02566	0.03221	0.14724	0.09134	0.00923	0.37389	0.01478	0.03657	0.00889	0.00986	0.00682	0.00485	0.00462	0.00130	0.04912	0.00358	0.00324	0.00663
43	0.04480	0.01153	0.01249	0.04831	0.01380	0.01283	0.00813	0.66930	0.05142	0.02550	0.01078	0.01164	0.00799	0.04471	0.00521	0.00148	0.00478	0.00408	0.00417	0.00705
44	0.00642	0.00430	0.00491	0.00491	0.00494	0.00433	0.00279	0.00648	0.00645	0.00863	0.01383	0.02843	0.01585	0.81149	0.05549	0.00440	0.00459	0.00635	0.00266	0.00273
45	0.01252	0.01157	0.04413	0.01860	0.37735	0.05903	0.10305	0.12761	0.10158	0.07259	0.02182	0.01199	0.00840	0.00456	0.00448	0.00135	0.00531	0.00421	0.00303	0.00682

[dist]
# distance from previous block
# <min> <max>
3	5

[block]
# block no. 2 follows, 59 sequences, length 6
# corresponding to MSA columns:
# 226-231
name=unknown_C
#
# <colnr> <probs for GDERKNQSTAVLIFYWHMCP>
#	G	D	E	R	K	N	Q	S	T	A	V	L	I	F	Y	W	H	M	C	P
0	0.01095	0.01094	0.03918	0.05972	0.63692	0.03266	0.04864	0.03523	0.03262	0.01461	0.00901	0.01209	0.00756	0.00429	0.00445	0.00135	0.00539	0.02530	0.00235	0.00673
1	0.00603	0.00424	0.00514	0.00533	0.00574	0.00404	0.00346	0.00682	0.00867	0.01173	0.21517	0.24485	0.07423	0.37028	0.01276	0.00275	0.00317	0.00860	0.00367	0.00335
2	0.00732	0.00557	0.00694	0.00673	0.00761	0.00625	0.00488	0.01065	0.17433	0.01140	0.01381	0.02103	0.01323	0.29881	0.38646	0.00499	0.00757	0.00535	0.00291	0.00416
3	0.00767	0.00794	0.00628	0.00601	0.00763	0.17564	0.00451	0.00888	0.01080	0.01222	0.10645	0.03443	0.57644	0.00961	0.00496	0.00141	0.00342	0.00785	0.00379	0.00406
4	0.01417	0.55422	0.01901	0.00805	0.01166	0.05862	0.00746	0.08438	0.01096	0.18102	0.00892	0.00910	0.00693	0.00431	0.00337	0.00108	0.00471	0.00296	0.00288	0.00619
5	0.00887	0.00751	0.00845	0.00650	0.00977	0.00626	0.00515	0.04948	0.08004	0.01489	0.01657	0.01683	0.17606	0.00526	0.00384	0.00094	0.00315	0.00429	0.00318	0.57296

[dist]
# distance from previous block
# <min> <max>
1	20

[block]
# block no. 3 follows, 59 sequences, length 27
# corresponding to MSA columns:
# 276-302
name=unknown_D
#
# <colnr> <probs for GDERKNQSTAVLIFYWHMCP>
#	G	D	E	R	K	N	Q	S	T	A	V	L	I	F	Y	W	H	M	C	P
0	0.01055	0.01009	0.01703	0.02560	0.76328	0.01004	0.01288	0.01307	0.01006	0.01426	0.01073	0.01303	0.06076	0.00442	0.00443	0.00132	0.00505	0.00429	0.00231	0.00678
1	0.00550	0.00396	0.00512	0.00597	0.00634	0.00369	0.00402	0.00630	0.00858	0.01134	0.04355	0.69021	0.08783	0.06875	0.00673	0.00193	0.00268	0.02992	0.00402	0.00356
2	0.00618	0.00449	0.00568	0.00636	0.00694	0.00431	0.00442	0.05921	0.00943	0.01247	0.02474	0.71144	0.07920	0.01305	0.00554	0.00175	0.00274	0.03405	0.00412	0.00387
3	0.00915	0.06265	0.00979	0.00649	0.01015	0.00654	0.00522	0.01095	0.00896	0.01374	0.00814	0.01034	0.00712	0.05927	0.00452	0.00091	0.00343	0.00285	0.00257	0.75721
4	0.00568	0.00423	0.00545	0.00606	0.00673	0.00388	0.00419	0.00661	0.00858	0.01148	0.02456	0.64870	0.10890	0.01412	0.05929	0.00203	0.00318	0.01104	0.00389	0.06136
5	0.01206	0.01027	0.05399	0.11946	0.03613	0.00945	0.36366	0.05843	0.01139	0.18541	0.08372	0.01426	0.01066	0.00478	0.00484	0.00144	0.00575	0.00495	0.00322	0.00612
6	0.00850	0.00802	0.01354	0.78329	0.08002	0.00986	0.01235	0.01143	0.00891	0.01148	0.00788	0.01172	0.00596	0.00439	0.00441	0.00146	0.00585	0.00393	0.00198	0.00504
7	0.00642	0.00428	0.00482	0.00482	0.00482	0.00428	0.00268	0.00642	0.00642	0.00856	0.01392	0.02890	0.01606	0.84478	0.02248	0.00428	0.00428	0.00642	0.00268	0.00268
8	0.00538	0.00384	0.00512	0.00615	0.00641	0.00359	0.00410	0.00615	0.00846	0.01127	0.02434	0.84190	0.02921	0.01384	0.00564	0.00179	0.00256	0.01256	0.00410	0.00359
9	0.04426	0.00802	0.00918	0.00663	0.01049	0.00630	0.00532	0.03659	0.00946	0.01504	0.00787	0.00913	0.00650	0.00337	0.00329	0.00070	0.00333	0.00265	0.00268	0.80918
10	0.11140	0.00989	0.01643	0.19272	0.26070	0.02581	0.20261	0.04447	0.00996	0.01458	0.00922	0.06531	0.00788	0.00472	0.00447	0.00142	0.00556	0.00461	0.00243	0.00580
11	0.04615	0.00828	0.00907	0.00715	0.01032	0.05724	0.00563	0.03416	0.02950	0.15960	0.01188	0.11735	0.01032	0.00526	0.00387	0.00103	0.00361	0.00432	0.00340	0.47185
12	0.14505	0.00851	0.01053	0.06221	0.03527	0.00763	0.05552	0.05123	0.00960	0.02517	0.00791	0.00938	0.00635	0.00365	0.00348	0.00093	0.00387	0.00296	0.00268	0.54809
13	0.52754	0.00965	0.01030	0.00908	0.04661	0.03380	0.09932	0.04028	0.13845	0.01859	0.00868	0.00957	0.00666	0.00439	0.00348	0.00138	0.00416	0.00328	0.00297	0.02181
14	0.08443	0.01336	0.21850	0.07707	0.05935	0.01049	0.06608	0.22229	0.03177	0.07134	0.00943	0.01048	0.00685	0.00448	0.00416	0.00131	0.00518	0.00366	0.00304	0.09674
15	0.12744	0.00872	0.01319	0.15916	0.27553	0.00907	0.06346	0.04807	0.01046	0.06834	0.11237	0.01477	0.03988	0.00508	0.00433	0.00136	0.00459	0.00452	0.00296	0.02670
16	0.46532	0.00948	0.03218	0.07023	0.04203	0.02459	0.10330	0.03305	0.03046	0.09010	0.02781	0.01003	0.00702	0.00438	0.00360	0.00136	0.00435	0.00337	0.00295	0.03440
17	0.16828	0.00814	0.01126	0.21668	0.14617	0.00847	0.02755	0.01312	0.02892	0.11118	0.06198	0.01366	0.04461	0.00487	0.00406	0.00130	0.00432	0.00409	0.00299	0.11833
18	0.30877	0.00959	0.06247	0.21091	0.13630	0.00941	0.04076	0.01266	0.00877	0.03024	0.00756	0.00960	0.00587	0.00405	0.00369	0.00129	0.00463	0.00323	0.00242	0.12778
19	0.28952	0.00859	0.01154	0.33796	0.15156	0.00973	0.00941	0.03138	0.00915	0.06806	0.00807	0.01027	0.00610	0.00429	0.00384	0.00138	0.00475	0.00343	0.00255	0.02842
20	0.42512	0.00814	0.00939	0.14271	0.09981	0.00891	0.00730	0.01342	0.00904	0.12008	0.03627	0.01294	0.00857	0.00496	0.00371	0.00140	0.00405	0.05275	0.00305	0.02837
21	0.55908	0.00910	0.00872	0.16239	0.04846	0.06110	0.00679	0.01306	0.00834	0.04596	0.00729	0.00931	0.00577	0.03431	0.00397	0.00147	0.00429	0.00299	0.00263	0.00495
22	0.46053	0.00873	0.01060	0.22165	0.07784	0.00986	0.05769	0.01295	0.03700	0.01655	0.00743	0.00937	0.00575	0.00417	0.00354	0.00137	0.00444	0.00319	0.00252	0.04481
23	0.53807	0.00909	0.00900	0.21300	0.03584	0.05630	0.00715	0.01299	0.00838	0.03645	0.00700	0.00872	0.00538	0.00421	0.00333	0.00135	0.00434	0.00290	0.00256	0.03393
24	0.62486	0.04559	0.00859	0.15018	0.01258	0.03926	0.00632	0.01270	0.00817	0.01752	0.03572	0.00893	0.00638	0.00434	0.00316	0.00136	0.00402	0.00288	0.00262	0.00483
25	0.53505	0.00822	0.00898	0.25142	0.05049	0.00963	0.00743	0.01225	0.00809	0.01662	0.00751	0.01062	0.00615	0.01925	0.00377	0.00147	0.00427	0.03138	0.00253	0.00485
26	0.48718	0.02442	0.00907	0.16366	0.04227	0.00969	0.00687	0.06784	0.00910	0.02650	0.04438	0.01036	0.00746	0.00629	0.05535	0.00173	0.00455	0.00328	0.00277	0.01724

[dist]
# distance from previous block
# <min> <max>
7	120

# created by:
# /home/cegg/simao/soft/augustus-3.2.1/scripts/msa2prfl.pl ./align_prep/EOG091G0Z6Z.fa
