[name]
unknown

[dist]
# distance from previous block
# <min> <max>
1	256

[block]
# block no. 0 follows, 45 sequences, length 22
# corresponding to MSA columns:
# 284-305
name=unknown_A
#
# <colnr> <probs for GDERKNQSTAVLIFYWHMCP>
#	G	D	E	R	K	N	Q	S	T	A	V	L	I	F	Y	W	H	M	C	P
0	0.01093	0.07832	0.01145	0.01012	0.05794	0.00932	0.00722	0.06864	0.14359	0.04483	0.04052	0.23874	0.06114	0.04643	0.07521	0.04422	0.00513	0.00840	0.00436	0.03349
1	0.01382	0.01864	0.05967	0.05802	0.09389	0.00955	0.00909	0.14079	0.03632	0.15880	0.03514	0.11890	0.06919	0.11726	0.00865	0.00224	0.00510	0.03354	0.00456	0.00684
2	0.01482	0.03330	0.01477	0.10742	0.07370	0.06729	0.05090	0.20933	0.04230	0.10401	0.01711	0.14664	0.03894	0.00959	0.04332	0.00206	0.00617	0.00684	0.00434	0.00716
3	0.01082	0.00692	0.00800	0.00757	0.00936	0.02901	0.00565	0.01340	0.06608	0.14925	0.16621	0.21048	0.19125	0.04010	0.02800	0.00212	0.00380	0.00979	0.03647	0.00570
4	0.05018	0.00605	0.00713	0.00684	0.00836	0.00563	0.00494	0.01138	0.01154	0.13308	0.10744	0.18470	0.21638	0.15934	0.03298	0.00264	0.00392	0.00958	0.03276	0.00511
5	0.04121	0.01055	0.07805	0.01130	0.07236	0.03643	0.00859	0.11273	0.04955	0.09016	0.04709	0.24277	0.05556	0.02777	0.06525	0.02600	0.00551	0.00831	0.00443	0.00638
6	0.04189	0.01147	0.03825	0.01083	0.01389	0.01208	0.03312	0.20218	0.27833	0.03865	0.11367	0.05042	0.05517	0.00829	0.00616	0.00180	0.03778	0.03345	0.00506	0.00751
7	0.06868	0.00959	0.07623	0.00860	0.01111	0.00850	0.00720	0.09057	0.12332	0.04836	0.11196	0.16358	0.15063	0.06677	0.00726	0.00204	0.00411	0.00852	0.02687	0.00610
8	0.18754	0.00748	0.00802	0.00761	0.00955	0.00773	0.00569	0.03800	0.07752	0.10585	0.06698	0.24478	0.06505	0.07854	0.00725	0.00210	0.00377	0.00849	0.06234	0.00573
9	0.00765	0.00576	0.00697	0.00735	0.00848	0.00559	0.00534	0.03531	0.04800	0.01576	0.08744	0.38605	0.21180	0.01643	0.07485	0.00256	0.00414	0.03335	0.03227	0.00489
10	0.34403	0.00943	0.00899	0.00784	0.01077	0.03827	0.00624	0.04355	0.03685	0.15702	0.07925	0.06071	0.08423	0.00738	0.00465	0.00164	0.00408	0.00566	0.05341	0.03600
11	0.01018	0.00670	0.00859	0.00944	0.07584	0.00638	0.00634	0.03400	0.02950	0.09411	0.10790	0.19620	0.16470	0.06886	0.00750	0.00206	0.00372	0.06020	0.10217	0.00558
12	0.00979	0.00729	0.00895	0.00953	0.07583	0.00740	0.00620	0.01400	0.15842	0.04287	0.21507	0.05662	0.09289	0.21756	0.01138	0.00262	0.00400	0.00803	0.04593	0.00562
13	0.01463	0.00759	0.00853	0.00731	0.00966	0.00759	0.00578	0.14401	0.01449	0.18208	0.01791	0.04620	0.01363	0.00674	0.00449	0.00143	0.00354	0.00542	0.49240	0.00656
14	0.00804	0.00631	0.00830	0.03720	0.07599	0.00623	0.00611	0.01015	0.04744	0.01516	0.15075	0.22304	0.15245	0.17442	0.05178	0.00290	0.00445	0.00996	0.00441	0.00492
15	0.03721	0.00720	0.00824	0.00788	0.00956	0.00736	0.00580	0.02798	0.18650	0.05786	0.20438	0.19586	0.11741	0.09235	0.00821	0.00219	0.00356	0.00950	0.00518	0.00577
16	0.54258	0.00972	0.00903	0.00766	0.01104	0.01050	0.00629	0.03900	0.01136	0.21696	0.01199	0.01226	0.00850	0.00556	0.00395	0.00162	0.00416	0.00378	0.07736	0.00668
17	0.01488	0.74479	0.02708	0.00946	0.01403	0.02084	0.00927	0.08101	0.01216	0.01448	0.00794	0.00898	0.00708	0.00475	0.00361	0.00119	0.00576	0.00304	0.00256	0.00708
18	0.01231	0.01122	0.01657	0.11137	0.25902	0.05110	0.05815	0.05408	0.03716	0.03706	0.03174	0.04563	0.01170	0.03306	0.13218	0.00294	0.07906	0.00562	0.00317	0.00685
19	0.08840	0.00653	0.00707	0.00708	0.00831	0.03098	0.00506	0.01055	0.01141	0.05493	0.17425	0.23125	0.11216	0.16619	0.01010	0.00251	0.00379	0.03650	0.02813	0.00479
20	0.02775	0.00617	0.00777	0.00777	0.00887	0.00609	0.02246	0.04817	0.03893	0.01703	0.19240	0.33634	0.05861	0.11997	0.00916	0.00238	0.00366	0.04762	0.03393	0.00492
21	0.04484	0.08051	0.16801	0.06576	0.03777	0.01321	0.19513	0.13991	0.04869	0.05607	0.01340	0.01587	0.03715	0.05228	0.00663	0.00188	0.00679	0.00529	0.00346	0.00737

[dist]
# distance from previous block
# <min> <max>
3	28

[block]
# block no. 1 follows, 45 sequences, length 30
# corresponding to MSA columns:
# 339-352,360-375
name=unknown_B
#
# <colnr> <probs for GDERKNQSTAVLIFYWHMCP>
#	G	D	E	R	K	N	Q	S	T	A	V	L	I	F	Y	W	H	M	C	P
0	0.03774	0.01526	0.01390	0.01189	0.01442	0.22264	0.00938	0.18248	0.09617	0.01941	0.02951	0.03681	0.01091	0.03145	0.03312	0.00200	0.15713	0.00493	0.00375	0.06708
1	0.01296	0.14541	0.05930	0.07603	0.03554	0.01117	0.03616	0.03911	0.03055	0.12981	0.02585	0.14835	0.01523	0.00893	0.02546	0.00185	0.05362	0.04811	0.00390	0.09267
2	0.03153	0.00658	0.00776	0.00765	0.00874	0.03285	0.00551	0.02780	0.04997	0.03037	0.10674	0.19049	0.09833	0.01443	0.01145	0.30371	0.00405	0.03149	0.00404	0.02653
3	0.00849	0.00683	0.05139	0.00846	0.02951	0.00572	0.00626	0.01038	0.02681	0.05957	0.11070	0.43353	0.06661	0.07445	0.04680	0.00254	0.00419	0.01140	0.03126	0.00508
4	0.01145	0.01040	0.01787	0.57955	0.17425	0.01200	0.05594	0.01494	0.01131	0.04649	0.01020	0.01429	0.00772	0.00526	0.00541	0.00175	0.00701	0.00489	0.00263	0.00664
5	0.02212	0.00903	0.01190	0.00926	0.01309	0.00809	0.00760	0.06932	0.01565	0.64723	0.05149	0.01897	0.01461	0.00678	0.00531	0.00163	0.00441	0.00551	0.06931	0.00866
6	0.00846	0.00542	0.00661	0.00678	0.00788	0.00494	0.00476	0.00972	0.01148	0.08136	0.12678	0.33431	0.20042	0.12331	0.00924	0.00237	0.00334	0.01139	0.03663	0.00478
7	0.06127	0.00934	0.01023	0.00876	0.01139	0.00982	0.00684	0.20411	0.12590	0.10405	0.10472	0.06240	0.10419	0.07534	0.00725	0.00198	0.00422	0.00700	0.07438	0.00682
8	0.01435	0.81458	0.02813	0.00918	0.01378	0.02124	0.00918	0.01607	0.01091	0.01263	0.00746	0.00861	0.00689	0.00459	0.00344	0.00115	0.00574	0.00287	0.00230	0.00689
9	0.01928	0.02282	0.04686	0.01343	0.01670	0.56553	0.01060	0.15509	0.06786	0.01766	0.01010	0.01103	0.00795	0.00580	0.00499	0.00147	0.00856	0.00390	0.00340	0.00697
10	0.02566	0.00790	0.00992	0.00861	0.01116	0.00747	0.00669	0.08130	0.04871	0.31685	0.13898	0.18990	0.06423	0.03876	0.00668	0.00192	0.00398	0.01858	0.00574	0.00693
11	0.07305	0.00952	0.01021	0.00925	0.01182	0.01054	0.00717	0.02173	0.46198	0.04051	0.21183	0.02599	0.06726	0.00838	0.00557	0.00177	0.00373	0.00703	0.00542	0.00723
12	0.01174	0.01174	0.01644	0.01409	0.01409	0.01644	0.01174	0.01292	0.00822	0.01292	0.00705	0.01174	0.00705	0.00940	0.01762	0.00235	0.80153	0.00470	0.00235	0.00587
13	0.39731	0.00899	0.00911	0.00766	0.01087	0.00929	0.00620	0.01885	0.01166	0.30347	0.01427	0.01488	0.01022	0.04071	0.00519	0.00176	0.00414	0.00432	0.11427	0.00683
14	0.00934	0.00615	0.00738	0.00724	0.00875	0.00577	0.00527	0.01196	0.07735	0.10222	0.17034	0.26169	0.22144	0.07044	0.00782	0.00213	0.00332	0.01080	0.00526	0.00535
15	0.00676	0.00541	0.00604	0.00598	0.00753	0.00469	0.00445	0.00847	0.01307	0.01671	0.28461	0.09232	0.49916	0.01294	0.00637	0.00179	0.00268	0.01104	0.00528	0.00469
16	0.66515	0.01010	0.00891	0.00761	0.01112	0.01112	0.00628	0.01810	0.01052	0.19310	0.01053	0.01085	0.00748	0.00535	0.00379	0.00166	0.00425	0.00346	0.00406	0.00655
17	0.18815	0.00763	0.00866	0.00810	0.01035	0.00761	0.00633	0.04692	0.01220	0.20089	0.02264	0.23625	0.06302	0.03612	0.00627	0.00200	0.00403	0.09014	0.03662	0.00608
18	0.05525	0.00515	0.00639	0.00692	0.00752	0.00498	0.00471	0.00813	0.00969	0.01361	0.05034	0.40081	0.10098	0.06980	0.01112	0.19534	0.00359	0.01071	0.03100	0.00396
19	0.01670	0.01249	0.01341	0.01090	0.01435	0.01383	0.00879	0.45777	0.19692	0.02875	0.07048	0.03085	0.01467	0.00713	0.00535	0.00164	0.00494	0.00567	0.07712	0.00825
20	0.06874	0.00608	0.00806	0.00754	0.00836	0.00621	0.00535	0.05985	0.00897	0.06753	0.01029	0.01570	0.00936	0.01602	0.01759	0.66861	0.00470	0.00461	0.00291	0.00352
21	0.01384	0.00944	0.06499	0.00876	0.01140	0.04103	0.00731	0.03976	0.04395	0.24063	0.10355	0.08996	0.12016	0.05683	0.00830	0.07209	0.00449	0.03275	0.02444	0.00632
22	0.04472	0.00631	0.00753	0.00711	0.00899	0.00585	0.00540	0.01212	0.03222	0.13936	0.18206	0.15514	0.28983	0.01386	0.06270	0.00231	0.00398	0.00977	0.00522	0.00552
23	0.00840	0.00562	0.00716	0.00686	0.00809	0.00520	0.00504	0.01038	0.01358	0.05950	0.50428	0.08477	0.09571	0.12040	0.00922	0.00224	0.00315	0.04004	0.00542	0.00495
24	0.04633	0.00684	0.00756	0.00710	0.00893	0.00670	0.00528	0.03684	0.09871	0.08507	0.11364	0.11971	0.25549	0.09811	0.00812	0.00214	0.00350	0.00897	0.07543	0.00554
25	0.29783	0.05869	0.01099	0.00912	0.01166	0.20642	0.00712	0.01602	0.05732	0.01804	0.07781	0.03591	0.07895	0.05864	0.00646	0.00185	0.03260	0.00519	0.00361	0.00577
26	0.01038	0.05517	0.01294	0.06271	0.01394	0.08136	0.08438	0.04280	0.01163	0.01502	0.05007	0.27533	0.04957	0.05519	0.06809	0.00252	0.04712	0.00872	0.00379	0.04926
27	0.03925	0.09779	0.01473	0.13905	0.12384	0.01205	0.00966	0.16386	0.05651	0.01907	0.03378	0.06286	0.01320	0.12030	0.02387	0.00226	0.00564	0.00578	0.04988	0.00663
28	0.01273	0.04828	0.01529	0.06280	0.28283	0.05636	0.01073	0.04142	0.06786	0.06002	0.01766	0.02033	0.10446	0.06278	0.04355	0.00217	0.02348	0.00575	0.02782	0.03368
29	0.01330	0.05856	0.05399	0.09658	0.23383	0.07905	0.07220	0.07415	0.07409	0.01736	0.01172	0.01568	0.00987	0.03073	0.04069	0.00207	0.05509	0.02847	0.00314	0.02944

[dist]
# distance from previous block
# <min> <max>
0	8

[block]
# block no. 2 follows, 45 sequences, length 29
# corresponding to MSA columns:
# 397-406,409-416,421-431
name=unknown_C
#
# <colnr> <probs for GDERKNQSTAVLIFYWHMCP>
#	G	D	E	R	K	N	Q	S	T	A	V	L	I	F	Y	W	H	M	C	P
0	0.08352	0.21573	0.01589	0.05730	0.01416	0.11081	0.00869	0.07919	0.06355	0.01642	0.03356	0.04273	0.01147	0.03870	0.13904	0.00286	0.05199	0.00484	0.00326	0.00629
1	0.00798	0.00544	0.00705	0.00702	0.00788	0.00509	0.02619	0.00880	0.01047	0.03547	0.10951	0.25792	0.15618	0.21036	0.01297	0.08433	0.00384	0.01027	0.02899	0.00423
2	0.07875	0.00878	0.00961	0.06724	0.01221	0.05194	0.00690	0.08080	0.08279	0.04246	0.06507	0.13842	0.05063	0.11361	0.08303	0.04945	0.00564	0.00727	0.01809	0.02731
3	0.03445	0.03715	0.37044	0.01347	0.01879	0.03628	0.07737	0.11916	0.01339	0.06155	0.01345	0.11317	0.01155	0.00859	0.04535	0.00208	0.00718	0.00582	0.00340	0.00736
4	0.03750	0.00611	0.00684	0.00652	0.00828	0.00560	0.00492	0.04285	0.01354	0.04392	0.26706	0.11072	0.40221	0.01222	0.00620	0.00179	0.00295	0.01040	0.00528	0.00509
5	0.05733	0.00617	0.00690	0.00683	0.00811	0.00603	0.00479	0.01094	0.07166	0.05027	0.11338	0.19567	0.20881	0.21581	0.01150	0.00272	0.00370	0.00988	0.00466	0.00483
6	0.00828	0.00598	0.00741	0.00789	0.00874	0.00597	0.00560	0.05482	0.05780	0.01559	0.06714	0.46409	0.05121	0.11086	0.00959	0.02838	0.00377	0.07726	0.00479	0.00480
7	0.04475	0.00728	0.00822	0.00703	0.00945	0.00714	0.00558	0.08584	0.01363	0.23439	0.01775	0.01846	0.01291	0.00634	0.00435	0.00141	0.00345	0.00502	0.50043	0.00657
8	0.43522	0.00891	0.00818	0.00740	0.00979	0.00989	0.00560	0.01582	0.10738	0.07094	0.03891	0.01886	0.01283	0.21849	0.01018	0.00262	0.00442	0.00501	0.00389	0.00568
9	0.05752	0.00587	0.00683	0.00685	0.00782	0.00572	0.00472	0.02547	0.01088	0.05464	0.12738	0.22488	0.08816	0.28428	0.01332	0.00302	0.00395	0.03386	0.03025	0.00456
10	0.00716	0.00508	0.00637	0.00701	0.00771	0.00476	0.00491	0.00847	0.01118	0.01511	0.14714	0.41908	0.11589	0.10873	0.00902	0.00240	0.00333	0.06690	0.04533	0.00443
11	0.06815	0.01176	0.01378	0.01062	0.01479	0.01191	0.00877	0.34290	0.01929	0.41633	0.01683	0.01541	0.01108	0.00647	0.00527	0.00164	0.00512	0.00502	0.00591	0.00895
12	0.01894	0.01380	0.01484	0.01153	0.01544	0.01518	0.00947	0.66528	0.02372	0.03218	0.06086	0.01505	0.01202	0.00672	0.00533	0.00159	0.00548	0.00515	0.05883	0.00861
13	0.03356	0.00623	0.00760	0.00743	0.00881	0.00595	0.00538	0.05706	0.01254	0.09815	0.16221	0.32422	0.11052	0.07100	0.00826	0.03207	0.00351	0.01057	0.02969	0.00522
14	0.00656	0.00540	0.00578	0.00589	0.00750	0.00462	0.00440	0.00804	0.01237	0.01518	0.12286	0.11518	0.61620	0.01365	0.00642	0.00185	0.00281	0.03562	0.00507	0.00458
15	0.01435	0.81458	0.02813	0.00918	0.01378	0.02124	0.00918	0.01607	0.01091	0.01263	0.00746	0.00861	0.00689	0.00459	0.00344	0.00115	0.00574	0.00287	0.00230	0.00689
16	0.00732	0.00534	0.00653	0.00661	0.00786	0.00478	0.00481	0.00907	0.01302	0.03454	0.34669	0.24396	0.26342	0.01319	0.00645	0.00185	0.00279	0.01155	0.00541	0.00481
17	0.01435	0.81458	0.02813	0.00918	0.01378	0.02124	0.00918	0.01607	0.01091	0.01263	0.00746	0.00861	0.00689	0.00459	0.00344	0.00115	0.00574	0.00287	0.00230	0.00689
18	0.01174	0.01174	0.01644	0.01409	0.01409	0.01644	0.01174	0.01292	0.00822	0.01292	0.00705	0.01174	0.00705	0.00940	0.01762	0.00235	0.80153	0.00470	0.00235	0.00587
19	0.00780	0.00522	0.00592	0.00590	0.00596	0.00520	0.00334	0.00792	0.00818	0.01097	0.05550	0.03538	0.02110	0.77061	0.02625	0.00503	0.00507	0.00790	0.00339	0.00334
20	0.00723	0.00546	0.00616	0.00615	0.00754	0.00488	0.00445	0.00859	0.01177	0.03462	0.13610	0.11777	0.45851	0.10827	0.05610	0.00264	0.00377	0.01060	0.00482	0.00457
21	0.01730	0.01193	0.13642	0.01084	0.01484	0.00893	0.03556	0.07475	0.03320	0.39132	0.02013	0.15109	0.01642	0.00843	0.00572	0.00180	0.00513	0.04301	0.00532	0.00785
22	0.02316	0.00893	0.01216	0.00939	0.01338	0.00773	0.00773	0.02526	0.01535	0.73896	0.06345	0.01949	0.01538	0.00689	0.00545	0.00166	0.00445	0.00564	0.00660	0.00891
23	0.29934	0.01084	0.03551	0.19769	0.23221	0.01149	0.01126	0.01535	0.01061	0.04530	0.00963	0.01244	0.00759	0.00581	0.00539	0.04453	0.00557	0.00414	0.02874	0.00658
24	0.02001	0.01484	0.01589	0.01227	0.01650	0.01646	0.01011	0.71895	0.06690	0.03319	0.01339	0.01329	0.00954	0.00649	0.00538	0.00162	0.00581	0.00490	0.00538	0.00909
25	0.00747	0.00508	0.00656	0.00713	0.00760	0.00490	0.00490	0.00811	0.00994	0.01323	0.08062	0.33447	0.07482	0.19902	0.03590	0.10702	0.00422	0.08077	0.00426	0.00399
26	0.01547	0.05642	0.01741	0.07523	0.14180	0.10645	0.04925	0.23374	0.01545	0.03991	0.01105	0.01389	0.00898	0.03533	0.06568	0.00230	0.09594	0.00479	0.00353	0.00735
27	0.00675	0.00490	0.00615	0.00692	0.00758	0.00448	0.00472	0.00768	0.01076	0.01404	0.08042	0.53327	0.19274	0.04093	0.00808	0.04501	0.00314	0.01330	0.00485	0.00430
28	0.01342	0.01570	0.14304	0.07104	0.30332	0.05417	0.15168	0.05570	0.01279	0.04157	0.01089	0.01450	0.00876	0.00557	0.00622	0.00172	0.05276	0.02654	0.00291	0.00770

[dist]
# distance from previous block
# <min> <max>
0	28

[block]
# block no. 3 follows, 45 sequences, length 6
# corresponding to MSA columns:
# 460-465
name=unknown_D
#
# <colnr> <probs for GDERKNQSTAVLIFYWHMCP>
#	G	D	E	R	K	N	Q	S	T	A	V	L	I	F	Y	W	H	M	C	P
0	0.01544	0.56953	0.02285	0.00918	0.01330	0.01693	0.00871	0.01732	0.01204	0.15648	0.04837	0.01553	0.01185	0.00599	0.00422	0.00136	0.00531	0.05502	0.00346	0.00708
1	0.01973	0.00816	0.01088	0.00875	0.01218	0.00708	0.00707	0.02170	0.01470	0.58898	0.08798	0.07304	0.09856	0.00838	0.00567	0.00171	0.00411	0.00700	0.00630	0.00801
2	0.06987	0.00860	0.00983	0.05081	0.01250	0.00923	0.00716	0.01877	0.30417	0.09932	0.10186	0.17741	0.08898	0.00975	0.00574	0.00185	0.00390	0.00834	0.00518	0.00673
3	0.01682	0.01669	0.01516	0.05105	0.09104	0.28292	0.01072	0.18066	0.10565	0.04034	0.01302	0.03545	0.01087	0.00692	0.00615	0.00167	0.05978	0.04396	0.00387	0.00728
4	0.00849	0.00522	0.00697	0.00763	0.00843	0.00480	0.00530	0.00969	0.01125	0.09574	0.09437	0.65656	0.03448	0.01522	0.00665	0.00208	0.00322	0.01373	0.00524	0.00493
5	0.03116	0.05760	0.03381	0.03616	0.11784	0.15996	0.03775	0.05378	0.06316	0.03478	0.01062	0.01222	0.00853	0.00566	0.02058	0.00143	0.00620	0.00398	0.00326	0.30153

[dist]
# distance from previous block
# <min> <max>
0	1

[block]
# block no. 4 follows, 45 sequences, length 23
# corresponding to MSA columns:
# 467-489
name=unknown_E
#
# <colnr> <probs for GDERKNQSTAVLIFYWHMCP>
#	G	D	E	R	K	N	Q	S	T	A	V	L	I	F	Y	W	H	M	C	P
0	0.01301	0.04054	0.03926	0.25736	0.12072	0.02747	0.09275	0.11342	0.01276	0.03853	0.01033	0.01376	0.00820	0.00809	0.05475	0.00221	0.13200	0.00490	0.00299	0.00694
1	0.01014	0.00954	0.01610	0.79845	0.03697	0.01193	0.01491	0.01371	0.01073	0.01371	0.00954	0.01431	0.00716	0.00537	0.00537	0.00179	0.00716	0.00477	0.00239	0.00596
2	0.11569	0.00963	0.01077	0.00790	0.01246	0.00779	0.00635	0.01424	0.01103	0.04496	0.00969	0.01108	0.00787	0.00419	0.00394	0.00093	0.00402	0.00322	0.00332	0.71091
3	0.00812	0.00603	0.00680	0.00628	0.00749	0.00541	0.00407	0.00884	0.00929	0.01259	0.02229	0.07968	0.13951	0.48387	0.01834	0.00365	0.00445	0.00795	0.00362	0.16170
4	0.00690	0.00485	0.00624	0.00721	0.00749	0.00461	0.00474	0.00769	0.00982	0.01307	0.02677	0.61029	0.03183	0.19066	0.01135	0.00285	0.00364	0.04125	0.00460	0.00414
5	0.01174	0.01174	0.01644	0.01409	0.01409	0.01644	0.01174	0.01292	0.00822	0.01292	0.00705	0.01174	0.00705	0.00940	0.01762	0.00235	0.80153	0.00470	0.00235	0.00587
6	0.01394	0.00883	0.00821	0.00731	0.00940	0.09276	0.00567	0.09400	0.01367	0.11433	0.01646	0.01791	0.01246	0.00624	0.00424	0.00135	0.00390	0.00486	0.55836	0.00608
7	0.01680	0.01302	0.01389	0.01138	0.01490	0.01462	0.00909	0.42065	0.32159	0.02783	0.01672	0.01712	0.01268	0.05652	0.00676	0.00192	0.00520	0.00551	0.00528	0.00851
8	0.04489	0.01182	0.01249	0.01062	0.01387	0.01325	0.00844	0.25225	0.41615	0.02549	0.06830	0.02063	0.06285	0.00756	0.00547	0.00174	0.00456	0.00613	0.00536	0.00813
9	0.00797	0.00539	0.00658	0.00673	0.00783	0.00488	0.00474	0.00932	0.01188	0.06270	0.20017	0.30078	0.22295	0.11220	0.00905	0.00232	0.00323	0.01150	0.00508	0.00472
10	0.00821	0.00639	0.00716	0.00651	0.00860	0.00552	0.00484	0.01015	0.04097	0.01572	0.09123	0.08673	0.34707	0.05352	0.00772	0.05431	0.00329	0.00859	0.05441	0.17908
11	0.00865	0.00692	0.00807	0.00709	0.00947	0.00582	0.00526	0.02874	0.01182	0.01642	0.12022	0.18875	0.19354	0.07016	0.00718	0.00177	0.00347	0.00870	0.00436	0.29358
12	0.01026	0.00641	0.00788	0.00742	0.00904	0.00603	0.00547	0.04123	0.04397	0.12602	0.26443	0.20700	0.14609	0.08406	0.00814	0.00213	0.00342	0.01007	0.00539	0.00554
13	0.00798	0.00559	0.00694	0.00717	0.00834	0.00519	0.00520	0.01009	0.04185	0.05172	0.24301	0.33675	0.17727	0.03179	0.00698	0.00201	0.00310	0.03876	0.00530	0.00497
14	0.01254	0.00661	0.00821	0.00739	0.00917	0.00627	0.00550	0.04080	0.03677	0.19854	0.12772	0.09662	0.08573	0.10418	0.01002	0.10742	0.00384	0.00753	0.11952	0.00562
15	0.06071	0.00638	0.00731	0.00727	0.00864	0.00626	0.00521	0.03585	0.06256	0.05598	0.12945	0.29570	0.16813	0.11518	0.00888	0.00233	0.00354	0.01059	0.00491	0.00512
16	0.01140	0.00791	0.00916	0.00847	0.01055	0.00801	0.00651	0.10088	0.13807	0.08334	0.09387	0.15900	0.12481	0.07418	0.00768	0.00211	0.00399	0.07972	0.03775	0.03260
17	0.00784	0.00554	0.00687	0.00743	0.00826	0.00550	0.00536	0.01004	0.05636	0.01512	0.06847	0.34745	0.07430	0.12194	0.05728	0.00285	0.00427	0.10331	0.08712	0.00468
18	0.01140	0.00859	0.01128	0.09247	0.10807	0.02750	0.00852	0.09226	0.05212	0.06139	0.04602	0.19596	0.09791	0.01128	0.00787	0.10713	0.00476	0.04533	0.00423	0.00590
19	0.00815	0.00533	0.00651	0.00690	0.00754	0.00512	0.00461	0.02774	0.01066	0.03871	0.08071	0.40537	0.05302	0.23041	0.01201	0.00284	0.00369	0.01126	0.07497	0.00444
20	0.00907	0.00657	0.00792	0.00787	0.00941	0.00649	0.00577	0.01280	0.13908	0.06104	0.09165	0.32893	0.15178	0.02875	0.07306	0.00253	0.00430	0.01062	0.00496	0.03738
21	0.11541	0.00983	0.03695	0.07678	0.03264	0.00978	0.00883	0.13665	0.04162	0.15630	0.07738	0.06915	0.01873	0.03713	0.00645	0.00198	0.00495	0.14784	0.00480	0.00679
22	0.06274	0.00978	0.01463	0.13345	0.10014	0.03012	0.09469	0.04479	0.01076	0.01551	0.01276	0.01715	0.04232	0.03149	0.15515	0.08025	0.09595	0.00533	0.03719	0.00580

[dist]
# distance from previous block
# <min> <max>
1	15

[block]
# block no. 5 follows, 45 sequences, length 32
# corresponding to MSA columns:
# 516-532,536-550
name=unknown_F
#
# <colnr> <probs for GDERKNQSTAVLIFYWHMCP>
#	G	D	E	R	K	N	Q	S	T	A	V	L	I	F	Y	W	H	M	C	P
0	0.01270	0.01142	0.01610	0.03139	0.32337	0.05474	0.03418	0.11801	0.01336	0.01808	0.03186	0.04469	0.05174	0.01254	0.13193	0.02680	0.03159	0.02509	0.00339	0.00702
1	0.03211	0.19691	0.04970	0.01066	0.03430	0.04155	0.05412	0.03983	0.04792	0.03861	0.01548	0.08147	0.06163	0.10301	0.02751	0.00214	0.05693	0.00586	0.00338	0.09687
2	0.03791	0.01159	0.01534	0.08570	0.10882	0.04935	0.08749	0.21135	0.01526	0.03690	0.04803	0.08830	0.03144	0.00759	0.00634	0.03041	0.02992	0.00613	0.05501	0.03711
3	0.00915	0.00674	0.00790	0.00819	0.00907	0.04528	0.00595	0.03491	0.05539	0.01412	0.04383	0.30111	0.06570	0.01613	0.03878	0.23661	0.00460	0.08802	0.00412	0.00440
4	0.02484	0.00938	0.06457	0.05305	0.09802	0.00863	0.02986	0.10042	0.01271	0.01851	0.04058	0.11050	0.07179	0.03133	0.09898	0.00258	0.00580	0.02718	0.18524	0.00604
5	0.01071	0.03798	0.01183	0.11466	0.06770	0.04876	0.00844	0.08042	0.03127	0.01583	0.04068	0.11284	0.10514	0.13740	0.04768	0.00267	0.06098	0.03514	0.00374	0.02614
6	0.00776	0.00548	0.00702	0.00767	0.00838	0.00544	0.00538	0.03076	0.04565	0.01528	0.07927	0.53492	0.03107	0.04359	0.05164	0.03205	0.00399	0.03537	0.04458	0.00470
7	0.08986	0.00982	0.01095	0.00877	0.01231	0.00934	0.00693	0.15491	0.06334	0.08396	0.03862	0.08253	0.04200	0.02936	0.00586	0.02208	0.00431	0.00552	0.00432	0.31520
8	0.07977	0.00563	0.00741	0.00741	0.00821	0.00559	0.00519	0.00985	0.00900	0.08791	0.01648	0.24194	0.01730	0.03931	0.03812	0.40107	0.00449	0.00773	0.00364	0.00397
9	0.00787	0.00655	0.02955	0.00794	0.00955	0.00576	0.00659	0.03304	0.01260	0.01613	0.08921	0.15614	0.30364	0.01384	0.00674	0.00209	0.00383	0.27902	0.00497	0.00494
10	0.00889	0.00553	0.00691	0.00711	0.00825	0.00507	0.00512	0.01012	0.01143	0.09370	0.10005	0.32090	0.17566	0.10575	0.00926	0.02655	0.00352	0.06094	0.03040	0.00482
11	0.00836	0.00613	0.00711	0.00730	0.00814	0.00614	0.00492	0.05773	0.06936	0.01468	0.02647	0.35903	0.10821	0.27588	0.01331	0.00307	0.00402	0.01100	0.00448	0.00464
12	0.02786	0.00724	0.00833	0.00752	0.00973	0.00704	0.00585	0.03969	0.12063	0.13155	0.23111	0.04540	0.23216	0.01003	0.00580	0.00172	0.00333	0.02378	0.07509	0.00614
13	0.02265	0.01143	0.01388	0.01064	0.01485	0.01129	0.00879	0.31137	0.01920	0.49095	0.01796	0.01618	0.01167	0.00657	0.00539	0.00164	0.00509	0.00518	0.00615	0.00913
14	0.03675	0.00569	0.00677	0.00664	0.00729	0.00563	0.00439	0.03198	0.00951	0.03234	0.06086	0.08162	0.09516	0.37235	0.01889	0.18905	0.00452	0.02309	0.00367	0.00380
15	0.06564	0.00811	0.00903	0.00839	0.01026	0.00856	0.00620	0.08941	0.18608	0.06388	0.07369	0.19451	0.07731	0.13313	0.00963	0.03270	0.00411	0.00853	0.00482	0.00598
16	0.01890	0.01429	0.01526	0.01205	0.01607	0.01594	0.00984	0.60413	0.18352	0.03141	0.01480	0.01441	0.01067	0.00662	0.00539	0.00166	0.00555	0.00510	0.00539	0.00899
17	0.01174	0.01174	0.01644	0.01409	0.01409	0.01644	0.01174	0.01292	0.00822	0.01292	0.00705	0.01174	0.00705	0.00940	0.01762	0.00235	0.80153	0.00470	0.00235	0.00587
18	0.01181	0.01195	0.01761	0.01475	0.01516	0.01622	0.06901	0.01325	0.00856	0.01325	0.00734	0.01195	0.00713	0.00902	0.01675	0.00231	0.74074	0.00482	0.00238	0.00598
19	0.00768	0.00604	0.00687	0.00694	0.00835	0.00578	0.00504	0.01080	0.11297	0.01620	0.15850	0.22477	0.32791	0.03815	0.00753	0.03232	0.00314	0.01095	0.00505	0.00499
20	0.01014	0.00954	0.01610	0.79845	0.03697	0.01193	0.01491	0.01371	0.01073	0.01371	0.00954	0.01431	0.00716	0.00537	0.00537	0.00179	0.00716	0.00477	0.00239	0.00596
21	0.01435	0.81458	0.02813	0.00918	0.01378	0.02124	0.00918	0.01607	0.01091	0.01263	0.00746	0.00861	0.00689	0.00459	0.00344	0.00115	0.00574	0.00287	0.00230	0.00689
22	0.37056	0.01034	0.01096	0.00882	0.01264	0.01064	0.00728	0.10607	0.01388	0.37727	0.01446	0.01364	0.00967	0.00592	0.00452	0.00166	0.00455	0.00429	0.00510	0.00774
23	0.01152	0.01070	0.01022	0.00994	0.03740	0.13212	0.00725	0.01710	0.23336	0.03067	0.16034	0.05151	0.16345	0.01164	0.05897	0.03023	0.00525	0.00745	0.00466	0.00621
24	0.01014	0.00954	0.01610	0.79845	0.03697	0.01193	0.01491	0.01371	0.01073	0.01371	0.00954	0.01431	0.00716	0.00537	0.00537	0.00179	0.00716	0.00477	0.00239	0.00596
25	0.01048	0.01001	0.01617	0.63016	0.03206	0.01289	0.01423	0.01354	0.01019	0.01354	0.00901	0.01376	0.00713	0.00623	0.00799	0.00191	0.17759	0.00475	0.00238	0.00594
26	0.84927	0.01038	0.00789	0.00706	0.01038	0.01204	0.00581	0.01578	0.00914	0.02408	0.00747	0.00872	0.00581	0.00498	0.00332	0.00166	0.00415	0.00291	0.00332	0.00581
27	0.00682	0.00499	0.00645	0.00729	0.00787	0.00478	0.00504	0.00790	0.01021	0.01347	0.02999	0.52970	0.12758	0.08681	0.09539	0.00312	0.00456	0.03908	0.00460	0.00436
28	0.00924	0.00472	0.00708	0.00708	0.00712	0.00477	0.00477	0.00712	0.00708	0.00948	0.00958	0.01656	0.00953	0.01974	0.05974	0.80173	0.00515	0.00472	0.00236	0.00246
29	0.00725	0.00519	0.00608	0.00643	0.00698	0.00491	0.00421	0.00800	0.00987	0.01284	0.06419	0.22720	0.17270	0.38221	0.01620	0.00350	0.00407	0.05000	0.00423	0.00395
30	0.04076	0.00638	0.00803	0.03537	0.03826	0.00629	0.00566	0.01209	0.01017	0.07567	0.01531	0.01975	0.03397	0.07555	0.08223	0.17010	0.00491	0.00520	0.28007	0.07423
31	0.01196	0.00981	0.01156	0.00839	0.01295	0.00787	0.00675	0.04220	0.01171	0.04474	0.00999	0.01147	0.00815	0.00436	0.00457	0.00091	0.03263	0.00337	0.00335	0.75326

[dist]
# distance from previous block
# <min> <max>
1	9

[block]
# block no. 6 follows, 45 sequences, length 6
# corresponding to MSA columns:
# 569-574
name=unknown_G
#
# <colnr> <probs for GDERKNQSTAVLIFYWHMCP>
#	G	D	E	R	K	N	Q	S	T	A	V	L	I	F	Y	W	H	M	C	P
0	0.62502	0.00986	0.00844	0.00760	0.01049	0.01125	0.00607	0.08154	0.01060	0.02292	0.01060	0.07952	0.00962	0.04196	0.04359	0.00219	0.00477	0.00449	0.00362	0.00583
1	0.01732	0.01466	0.01647	0.01523	0.11117	0.07460	0.01113	0.41292	0.08364	0.02546	0.01190	0.01310	0.00913	0.00677	0.00754	0.00174	0.14992	0.00480	0.00429	0.00819
2	0.01435	0.01203	0.01270	0.01113	0.01434	0.01382	0.00874	0.13200	0.66306	0.02406	0.02058	0.01902	0.01536	0.00716	0.00545	0.00179	0.00448	0.00589	0.00545	0.00859
3	0.07830	0.06425	0.01451	0.07078	0.08109	0.05215	0.03555	0.05216	0.01285	0.15943	0.02949	0.01352	0.00982	0.00519	0.00462	0.00133	0.00517	0.00420	0.02227	0.28332
4	0.01315	0.00983	0.01251	0.08926	0.05651	0.00852	0.00813	0.06047	0.01269	0.11157	0.04296	0.01375	0.01040	0.00493	0.00454	0.00113	0.00455	0.00407	0.00374	0.52730
5	0.00734	0.00559	0.00688	0.00725	0.00838	0.00531	0.00531	0.00975	0.05805	0.01640	0.21226	0.32993	0.20378	0.01477	0.03301	0.00219	0.00346	0.06030	0.00516	0.00487

[dist]
# distance from previous block
# <min> <max>
0	1

[block]
# block no. 7 follows, 45 sequences, length 29
# corresponding to MSA columns:
# 584-591,593-613
name=unknown_H
#
# <colnr> <probs for GDERKNQSTAVLIFYWHMCP>
#	G	D	E	R	K	N	Q	S	T	A	V	L	I	F	Y	W	H	M	C	P
0	0.01197	0.01059	0.01187	0.00984	0.05513	0.05482	0.00723	0.04739	0.01191	0.01757	0.01041	0.04197	0.00907	0.00518	0.00481	0.02751	0.00453	0.00387	0.00327	0.65108
1	0.04494	0.00835	0.01149	0.01162	0.07787	0.04301	0.05630	0.02403	0.01020	0.01430	0.01791	0.02264	0.10599	0.05034	0.43861	0.00564	0.04199	0.00618	0.00315	0.00542
2	0.08351	0.00666	0.00803	0.03185	0.00954	0.02628	0.00581	0.02328	0.02947	0.03507	0.07661	0.13736	0.01830	0.09387	0.16262	0.19854	0.00627	0.00704	0.03540	0.00449
3	0.00817	0.00533	0.00689	0.00730	0.00818	0.00500	0.00513	0.00944	0.01116	0.06932	0.12757	0.42950	0.10169	0.10149	0.05645	0.00277	0.00406	0.03089	0.00491	0.00473
4	0.00767	0.00575	0.00863	0.00863	0.00959	0.00671	0.00671	0.00959	0.00863	0.01246	0.01438	0.02109	0.01342	0.04026	0.79008	0.00863	0.01438	0.00575	0.00288	0.00479
5	0.00828	0.00610	0.00705	0.00708	0.00848	0.02781	0.00525	0.00994	0.01257	0.06027	0.22373	0.23251	0.27488	0.01462	0.04980	0.00225	0.00380	0.03548	0.00513	0.00497
6	0.10531	0.00908	0.01022	0.00868	0.01165	0.00908	0.00687	0.13872	0.08365	0.21007	0.08380	0.11052	0.14363	0.00901	0.00552	0.00172	0.00407	0.00743	0.00533	0.03565
7	0.08253	0.00692	0.00785	0.00772	0.00944	0.00691	0.00587	0.07192	0.03931	0.06278	0.05670	0.25446	0.19484	0.03946	0.02904	0.00222	0.00399	0.07970	0.03290	0.00542
8	0.01100	0.00939	0.01028	0.00937	0.01173	0.03299	0.03155	0.07279	0.31963	0.01940	0.05072	0.16082	0.19887	0.01027	0.00590	0.00183	0.00405	0.00879	0.02402	0.00662
9	0.10518	0.00819	0.00954	0.00874	0.01102	0.02990	0.03538	0.04632	0.05835	0.11486	0.10986	0.09073	0.10783	0.00991	0.00572	0.00183	0.00418	0.14381	0.09264	0.00601
10	0.01242	0.00815	0.00941	0.00856	0.01063	0.00831	0.00648	0.15615	0.09559	0.11184	0.04463	0.23365	0.10367	0.08887	0.00801	0.00217	0.00411	0.02962	0.05146	0.00627
11	0.00741	0.00550	0.00653	0.00717	0.00813	0.00526	0.00504	0.01802	0.06512	0.01514	0.03355	0.50059	0.20083	0.02404	0.00667	0.00204	0.00315	0.02222	0.05883	0.00479
12	0.01138	0.00914	0.01066	0.00778	0.01223	0.00697	0.00621	0.01370	0.01138	0.04982	0.01280	0.01399	0.05089	0.00470	0.00416	0.00090	0.00388	0.00379	0.03285	0.73280
13	0.00997	0.00869	0.01175	0.01061	0.01143	0.01067	0.00846	0.03979	0.00993	0.01435	0.04076	0.13778	0.04775	0.04007	0.13384	0.02503	0.34698	0.03209	0.00334	0.05670
14	0.00848	0.00593	0.00693	0.00683	0.00818	0.00559	0.00497	0.03370	0.03832	0.04611	0.20329	0.18174	0.23659	0.11087	0.00881	0.00225	0.00333	0.03080	0.05233	0.00496
15	0.03854	0.00592	0.00691	0.00688	0.00826	0.00567	0.00511	0.03565	0.01239	0.05988	0.16575	0.21327	0.15131	0.06118	0.00717	0.00200	0.00328	0.05283	0.15293	0.00507
16	0.03949	0.01208	0.01493	0.06141	0.01652	0.03977	0.06659	0.29805	0.01730	0.16421	0.03775	0.01748	0.06006	0.00801	0.02926	0.00191	0.07364	0.00552	0.02833	0.00766
17	0.00897	0.00658	0.00876	0.00836	0.00938	0.02391	0.03452	0.01068	0.03343	0.03772	0.15499	0.16065	0.02475	0.15358	0.16093	0.06825	0.03058	0.03260	0.02662	0.00473
18	0.05356	0.00532	0.00615	0.00663	0.00753	0.00503	0.00457	0.00849	0.01087	0.01507	0.10702	0.39031	0.19693	0.11517	0.00897	0.00237	0.00327	0.01181	0.03651	0.00443
19	0.00860	0.00667	0.00902	0.04242	0.01119	0.00723	0.00752	0.03848	0.01136	0.01517	0.04999	0.13877	0.11068	0.04550	0.16714	0.00360	0.06796	0.24948	0.00422	0.00501
20	0.02844	0.07284	0.03179	0.08076	0.07333	0.09920	0.05017	0.01502	0.07853	0.01540	0.03665	0.02068	0.05845	0.01327	0.14492	0.02472	0.03801	0.05544	0.00331	0.05906
21	0.01021	0.00839	0.01005	0.04313	0.03668	0.02828	0.00726	0.08192	0.10118	0.01670	0.05227	0.26343	0.09938	0.06878	0.00938	0.04301	0.07842	0.00914	0.00432	0.02807
22	0.03996	0.01025	0.01327	0.03596	0.06327	0.01126	0.07355	0.08140	0.30754	0.02080	0.06186	0.05028	0.01650	0.00933	0.05075	0.00215	0.02137	0.03041	0.09294	0.00717
23	0.20895	0.03630	0.03082	0.06634	0.05891	0.03541	0.00791	0.05785	0.05611	0.06718	0.06498	0.15721	0.05755	0.00918	0.00621	0.05750	0.00464	0.00684	0.00407	0.00605
24	0.03507	0.01220	0.06524	0.04180	0.01579	0.03483	0.09792	0.13002	0.18969	0.02014	0.06733	0.04361	0.03654	0.09402	0.00817	0.00207	0.02787	0.00617	0.00416	0.06735
25	0.08683	0.06408	0.08846	0.17241	0.09777	0.03506	0.01117	0.10210	0.03506	0.05450	0.05564	0.09345	0.01408	0.00838	0.03210	0.00196	0.00604	0.03045	0.00368	0.00678
26	0.03628	0.06406	0.20426	0.05556	0.01793	0.03766	0.07355	0.09108	0.11289	0.04177	0.03614	0.01989	0.05328	0.02779	0.00612	0.00180	0.01832	0.05540	0.00371	0.04251
27	0.01160	0.05514	0.03444	0.01335	0.13906	0.09419	0.00916	0.01528	0.09632	0.04609	0.13342	0.10500	0.05229	0.01209	0.07893	0.00241	0.00598	0.08473	0.00419	0.00635
28	0.05990	0.01001	0.05506	0.01201	0.09537	0.00917	0.04187	0.09989	0.01299	0.01869	0.05972	0.08479	0.11729	0.03618	0.03075	0.00204	0.03528	0.07787	0.03950	0.10162

[dist]
# distance from previous block
# <min> <max>
0	42

# created by:
# /home/cegg/simao/soft/augustus-3.2.1/scripts/msa2prfl.pl ./align_prep/EOG091G0XRQ.fa
