[name]
unknown

[dist]
# distance from previous block
# <min> <max>
0	28

[block]
# block no. 0 follows, 44 sequences, length 14
# corresponding to MSA columns:
# 265-278
name=unknown_A
#
# <colnr> <probs for GDERKNQSTAVLIFYWHMCP>
#	G	D	E	R	K	N	Q	S	T	A	V	L	I	F	Y	W	H	M	C	P
0	0.00681	0.00487	0.00652	0.00779	0.00818	0.00458	0.00536	0.00789	0.01061	0.01411	0.02995	0.74552	0.03568	0.01692	0.00700	0.00224	0.00331	0.07314	0.00506	0.00448
1	0.07664	0.14705	0.13336	0.04428	0.01589	0.04709	0.01016	0.08975	0.01340	0.15303	0.01214	0.01300	0.00899	0.00559	0.00494	0.00146	0.02771	0.00411	0.07039	0.12104
2	0.01288	0.00968	0.01231	0.11180	0.03329	0.00833	0.00808	0.01599	0.04327	0.11373	0.03221	0.01386	0.01019	0.00491	0.00456	0.00114	0.00456	0.00406	0.00373	0.55141
3	0.03385	0.39355	0.15948	0.05257	0.07653	0.01648	0.04332	0.03296	0.01158	0.01564	0.00898	0.01083	0.00747	0.00497	0.00459	0.00139	0.02419	0.00368	0.02409	0.07386
4	0.01331	0.28199	0.19262	0.06040	0.03484	0.05021	0.03296	0.03256	0.08953	0.04543	0.06293	0.02977	0.01215	0.00601	0.00479	0.00153	0.00614	0.00472	0.03086	0.00726
5	0.00696	0.00534	0.00649	0.00677	0.00789	0.00495	0.00488	0.00845	0.01178	0.01538	0.17242	0.25794	0.30858	0.05041	0.10344	0.00292	0.00440	0.01149	0.00490	0.00463
6	0.01265	0.01090	0.06866	0.23782	0.02044	0.01057	0.04003	0.13657	0.05217	0.05750	0.01660	0.05331	0.05518	0.00686	0.00523	0.00165	0.00544	0.00580	0.16134	0.04127
7	0.01287	0.01188	0.01765	0.31792	0.33127	0.05322	0.01419	0.06928	0.01287	0.01752	0.01082	0.01427	0.00855	0.00538	0.00526	0.00165	0.00657	0.00480	0.07676	0.00726
8	0.02262	0.00916	0.01201	0.00934	0.01324	0.00821	0.00767	0.06813	0.01572	0.64821	0.02059	0.01843	0.01330	0.00669	0.00529	0.00164	0.00448	0.00540	0.10107	0.00880
9	0.01318	0.00729	0.00782	0.00695	0.00904	0.00751	0.00543	0.10607	0.07462	0.09956	0.01795	0.01926	0.01357	0.00650	0.00432	0.00140	0.00332	0.00519	0.58470	0.00631
10	0.07243	0.02643	0.01540	0.18329	0.09873	0.01276	0.02908	0.21502	0.06123	0.12346	0.03837	0.01554	0.01107	0.00624	0.00553	0.00169	0.02366	0.00508	0.04728	0.00772
11	0.00793	0.00600	0.00873	0.00868	0.00950	0.00699	0.00663	0.00962	0.00874	0.01253	0.01517	0.05494	0.01487	0.11008	0.65130	0.00790	0.04622	0.00639	0.00302	0.00475
12	0.01213	0.01162	0.01700	0.29095	0.21758	0.06377	0.05597	0.04617	0.03302	0.01599	0.01230	0.01692	0.02988	0.07124	0.04121	0.00229	0.02315	0.00531	0.00294	0.03052
13	0.05020	0.42264	0.04178	0.01275	0.09416	0.13031	0.01022	0.06205	0.03133	0.04801	0.00957	0.01073	0.00794	0.00514	0.00421	0.00134	0.00629	0.00359	0.01978	0.02794

[dist]
# distance from previous block
# <min> <max>
3	32

[block]
# block no. 1 follows, 44 sequences, length 9
# corresponding to MSA columns:
# 311-319
name=unknown_B
#
# <colnr> <probs for GDERKNQSTAVLIFYWHMCP>
#	G	D	E	R	K	N	Q	S	T	A	V	L	I	F	Y	W	H	M	C	P
0	0.06111	0.03741	0.08073	0.13506	0.22228	0.03871	0.14171	0.04376	0.07326	0.01828	0.01206	0.03501	0.00972	0.00565	0.00533	0.00169	0.00661	0.00525	0.05900	0.00737
1	0.01047	0.01013	0.04973	0.24535	0.04683	0.01030	0.07645	0.04060	0.05215	0.01644	0.06943	0.06072	0.01463	0.01317	0.14599	0.00302	0.03356	0.02656	0.00336	0.07113
2	0.01126	0.01115	0.06495	0.21720	0.16992	0.01088	0.07923	0.04164	0.07288	0.01808	0.11130	0.04225	0.01578	0.00826	0.04247	0.00206	0.00634	0.00608	0.06144	0.00684
3	0.01216	0.03713	0.11331	0.09025	0.10608	0.02703	0.14361	0.01737	0.12981	0.05321	0.06257	0.07271	0.01455	0.00890	0.04529	0.02852	0.00669	0.00627	0.00365	0.02088
4	0.01181	0.00958	0.01120	0.00833	0.01281	0.00760	0.00661	0.01505	0.06371	0.05113	0.01204	0.05002	0.01024	0.00501	0.00434	0.00099	0.00404	0.00412	0.00363	0.70773
5	0.01262	0.05507	0.28451	0.12219	0.12053	0.03700	0.10488	0.06774	0.01326	0.03833	0.08091	0.01538	0.01181	0.00578	0.00545	0.00169	0.00709	0.00511	0.00312	0.00752
6	0.00929	0.00486	0.00728	0.00728	0.00739	0.00496	0.00496	0.00739	0.00728	0.00982	0.01003	0.01710	0.00992	0.02132	0.10448	0.75092	0.00581	0.00486	0.00243	0.00264
7	0.01213	0.04979	0.01624	0.30679	0.16171	0.01074	0.05463	0.01506	0.01236	0.10479	0.06378	0.02214	0.13291	0.00708	0.00562	0.00173	0.00586	0.00628	0.00363	0.00674
8	0.04558	0.22140	0.14890	0.03982	0.09254	0.16152	0.02596	0.05784	0.06900	0.04762	0.01113	0.03569	0.00912	0.00575	0.00480	0.00153	0.00685	0.00437	0.00317	0.00740

[dist]
# distance from previous block
# <min> <max>
1	49

[block]
# block no. 2 follows, 44 sequences, length 21
# corresponding to MSA columns:
# 369-371,386-395,397-404
name=unknown_C
#
# <colnr> <probs for GDERKNQSTAVLIFYWHMCP>
#	G	D	E	R	K	N	Q	S	T	A	V	L	I	F	Y	W	H	M	C	P
0	0.05843	0.21868	0.03935	0.10020	0.13583	0.01282	0.07586	0.01387	0.01101	0.01506	0.01429	0.10490	0.04336	0.01033	0.06789	0.03658	0.00656	0.02559	0.00303	0.00635
1	0.01287	0.07251	0.10704	0.13607	0.30478	0.04180	0.06522	0.04674	0.07235	0.01746	0.01305	0.04047	0.03394	0.00593	0.00539	0.00168	0.00662	0.00534	0.00308	0.00766
2	0.00794	0.00575	0.00832	0.00832	0.00924	0.00659	0.00636	0.00976	0.00885	0.01294	0.01499	0.02249	0.01414	0.09993	0.68072	0.00805	0.01316	0.00596	0.05172	0.00476
3	0.01201	0.01154	0.01501	0.18841	0.08033	0.10931	0.07954	0.06562	0.01317	0.01717	0.13576	0.02021	0.03628	0.02138	0.10493	0.00265	0.04617	0.00599	0.02829	0.00624
4	0.01240	0.00977	0.01146	0.00837	0.01306	0.00768	0.00670	0.01554	0.05455	0.07372	0.01127	0.01235	0.00896	0.00443	0.00423	0.00093	0.00410	0.00356	0.00362	0.73330
5	0.02090	0.01498	0.01618	0.01241	0.01676	0.01648	0.01025	0.72139	0.02515	0.06986	0.01349	0.01335	0.00947	0.00655	0.00546	0.00164	0.00593	0.00494	0.00552	0.00927
6	0.00906	0.00731	0.00993	0.00922	0.01071	0.00822	0.00721	0.01204	0.07127	0.01430	0.03439	0.02034	0.01388	0.06061	0.50782	0.00634	0.08381	0.00565	0.00322	0.10465
7	0.02037	0.02598	0.01545	0.01404	0.01685	0.78652	0.01053	0.02177	0.01545	0.01334	0.00843	0.00983	0.00702	0.00562	0.00492	0.00140	0.00983	0.00351	0.00281	0.00632
8	0.00887	0.00764	0.01104	0.05077	0.19002	0.00733	0.02291	0.01102	0.01252	0.01653	0.16259	0.08103	0.28692	0.05728	0.00748	0.00202	0.00424	0.04970	0.00439	0.00571
9	0.16557	0.01077	0.01194	0.00957	0.01321	0.01115	0.00782	0.24007	0.04098	0.28752	0.06000	0.01673	0.01326	0.00663	0.00501	0.00164	0.00465	0.00511	0.08033	0.00804
10	0.01130	0.00969	0.01130	0.00807	0.01292	0.00727	0.00646	0.01373	0.01130	0.01776	0.00969	0.01130	0.00807	0.00404	0.00404	0.00081	0.00404	0.00323	0.00323	0.84173
11	0.03588	0.01242	0.02026	0.04970	0.05165	0.01271	0.28536	0.05581	0.24633	0.12128	0.01636	0.01817	0.01225	0.00623	0.00586	0.00182	0.00648	0.02910	0.00435	0.00798
12	0.08311	0.25515	0.05346	0.03599	0.01551	0.01601	0.00962	0.28439	0.03727	0.09242	0.01199	0.01343	0.00935	0.05259	0.00599	0.00173	0.00573	0.00437	0.00410	0.00779
13	0.01067	0.02033	0.01056	0.02498	0.01148	0.08335	0.00746	0.05481	0.07236	0.01714	0.19614	0.07062	0.08268	0.03355	0.15250	0.02980	0.09497	0.01676	0.00422	0.00564
14	0.12517	0.01072	0.01145	0.02915	0.01335	0.01190	0.00790	0.19237	0.26841	0.04980	0.10964	0.07072	0.01867	0.02749	0.00593	0.00185	0.00447	0.00646	0.02712	0.00745
15	0.01121	0.00932	0.01081	0.00784	0.01240	0.00709	0.00625	0.01365	0.01132	0.01797	0.01033	0.01202	0.00854	0.00422	0.00402	0.00084	0.00392	0.00338	0.06960	0.77526
16	0.00914	0.00582	0.00738	0.00682	0.00839	0.00532	0.00518	0.01158	0.01486	0.08122	0.58823	0.03824	0.10612	0.01062	0.00614	0.00169	0.00275	0.00925	0.07584	0.00542
17	0.00684	0.00498	0.00649	0.00757	0.00814	0.00463	0.00528	0.00803	0.01101	0.01453	0.06403	0.64069	0.10550	0.01635	0.00693	0.00218	0.00325	0.07393	0.00510	0.00452
18	0.00944	0.00595	0.00752	0.00746	0.00888	0.00549	0.00549	0.01156	0.03729	0.11002	0.24777	0.29578	0.15101	0.03728	0.00715	0.00204	0.00327	0.03572	0.00550	0.00538
19	0.02002	0.07842	0.01650	0.01191	0.01595	0.08030	0.00983	0.53672	0.02188	0.09584	0.01284	0.01312	0.00929	0.00691	0.00599	0.04021	0.00613	0.00468	0.00496	0.00853
20	0.14688	0.06228	0.03654	0.16907	0.13885	0.10792	0.03854	0.03549	0.05488	0.09925	0.01143	0.02320	0.00886	0.00582	0.00549	0.00168	0.03866	0.00458	0.00341	0.00717

[dist]
# distance from previous block
# <min> <max>
1	22

[block]
# block no. 3 follows, 44 sequences, length 19
# corresponding to MSA columns:
# 427-445
name=unknown_D
#
# <colnr> <probs for GDERKNQSTAVLIFYWHMCP>
#	G	D	E	R	K	N	Q	S	T	A	V	L	I	F	Y	W	H	M	C	P
0	0.05850	0.29185	0.09361	0.01125	0.01578	0.06742	0.02908	0.20992	0.05642	0.04527	0.02263	0.01214	0.00916	0.00562	0.00458	0.00146	0.00606	0.00410	0.02203	0.03313
1	0.01310	0.13041	0.45735	0.01380	0.03938	0.03479	0.03331	0.04878	0.01257	0.07308	0.02297	0.01293	0.00882	0.00545	0.00493	0.00160	0.00694	0.00426	0.06780	0.00773
2	0.01091	0.00905	0.01449	0.54217	0.02911	0.01044	0.03106	0.01398	0.01098	0.04882	0.01118	0.01555	0.00867	0.01976	0.03363	0.03270	0.00668	0.00488	0.06925	0.07668
3	0.00759	0.00572	0.00706	0.00687	0.00826	0.00528	0.00517	0.01019	0.03718	0.01963	0.51892	0.09507	0.20171	0.01214	0.00648	0.00181	0.00280	0.03735	0.00569	0.00508
4	0.00667	0.00513	0.00610	0.00671	0.00772	0.00456	0.00471	0.00794	0.01169	0.01499	0.10996	0.43792	0.32589	0.01524	0.00671	0.00202	0.00295	0.01340	0.00515	0.00456
5	0.01311	0.00979	0.01586	0.01386	0.07222	0.00980	0.17154	0.01712	0.08145	0.14734	0.20209	0.02473	0.03351	0.00855	0.02206	0.00194	0.06505	0.03438	0.04867	0.00694
6	0.03825	0.04040	0.01254	0.00902	0.01335	0.00948	0.00734	0.10638	0.05738	0.15197	0.05557	0.01479	0.01199	0.00546	0.00464	0.00121	0.00438	0.00434	0.00437	0.44713
7	0.00916	0.00670	0.00906	0.01012	0.01152	0.00684	0.00877	0.01267	0.07094	0.01682	0.02835	0.05830	0.03023	0.01447	0.00738	0.00246	0.00497	0.68090	0.00506	0.00530
8	0.01031	0.00884	0.01277	0.29898	0.08117	0.00986	0.01096	0.04140	0.09743	0.01700	0.06010	0.04516	0.11008	0.00924	0.00610	0.00195	0.00548	0.16297	0.00402	0.00619
9	0.00935	0.00478	0.00701	0.00701	0.00701	0.00478	0.00462	0.00717	0.00717	0.00956	0.01007	0.01806	0.01027	0.08024	0.02181	0.77647	0.00478	0.00498	0.00244	0.00244
10	0.79897	0.01082	0.00850	0.00748	0.01091	0.01250	0.00616	0.05898	0.01023	0.02503	0.00791	0.00910	0.00610	0.00515	0.00349	0.00168	0.00432	0.00307	0.00349	0.00610
11	0.00728	0.00523	0.00704	0.00827	0.00891	0.00499	0.00616	0.00872	0.01113	0.01466	0.03044	0.55813	0.05659	0.01637	0.00712	0.00229	0.00371	0.23329	0.00505	0.00461
12	0.00777	0.08052	0.00845	0.00647	0.00833	0.00642	0.00507	0.00971	0.01364	0.01773	0.37016	0.04316	0.37967	0.01177	0.00616	0.00172	0.00296	0.00997	0.00523	0.00507
13	0.01085	0.00930	0.01077	0.00784	0.01240	0.00702	0.00624	0.01318	0.01141	0.01748	0.01393	0.01513	0.07914	0.00495	0.00426	0.00090	0.00392	0.00400	0.00340	0.76388
14	0.01580	0.01184	0.01420	0.06829	0.01612	0.05669	0.06089	0.22921	0.03401	0.12720	0.01533	0.01875	0.03796	0.13258	0.00933	0.00217	0.03485	0.00555	0.00435	0.10489
15	0.08735	0.00528	0.00719	0.00711	0.00742	0.00543	0.00484	0.00793	0.00730	0.01086	0.00929	0.01585	0.00914	0.01765	0.01964	0.76329	0.00469	0.00457	0.00246	0.00270
16	0.01199	0.00917	0.01147	0.00997	0.01087	0.01095	0.00755	0.12244	0.01113	0.05412	0.01341	0.02313	0.01355	0.35800	0.04808	0.00374	0.26528	0.00624	0.00349	0.00543
17	0.09100	0.05383	0.04487	0.10285	0.45239	0.02501	0.04066	0.04431	0.06000	0.01861	0.01066	0.01327	0.00860	0.00516	0.00515	0.00165	0.00636	0.00467	0.00299	0.00796
18	0.33959	0.05706	0.20451	0.01223	0.05694	0.05248	0.02642	0.09677	0.01273	0.08059	0.01006	0.01114	0.00741	0.00537	0.00447	0.00165	0.00599	0.00383	0.00346	0.00732

[dist]
# distance from previous block
# <min> <max>
1	7

[block]
# block no. 4 follows, 44 sequences, length 42
# corresponding to MSA columns:
# 455-469,471-497
name=unknown_E
#
# <colnr> <probs for GDERKNQSTAVLIFYWHMCP>
#	G	D	E	R	K	N	Q	S	T	A	V	L	I	F	Y	W	H	M	C	P
0	0.19842	0.01348	0.05441	0.01845	0.18446	0.03061	0.22703	0.03540	0.03275	0.01960	0.01014	0.01250	0.00796	0.00485	0.00503	0.00159	0.00649	0.00462	0.00308	0.12913
1	0.00796	0.00598	0.00763	0.00786	0.00874	0.00634	0.00561	0.01052	0.08304	0.01374	0.02324	0.24281	0.07967	0.17974	0.28616	0.00506	0.00770	0.00938	0.00401	0.00479
2	0.01751	0.01534	0.03234	0.01359	0.04763	0.13062	0.04259	0.31752	0.14629	0.06579	0.01468	0.05692	0.01162	0.00713	0.00626	0.00173	0.05415	0.00555	0.00464	0.00812
3	0.01256	0.01064	0.01151	0.01064	0.01335	0.01213	0.00830	0.02562	0.63241	0.02178	0.05570	0.06685	0.02036	0.00868	0.00582	0.00191	0.00423	0.06405	0.00550	0.00797
4	0.01576	0.01691	0.01338	0.01189	0.01421	0.34696	0.00922	0.12493	0.04968	0.01692	0.01685	0.01954	0.10839	0.04309	0.05068	0.00223	0.10629	0.02307	0.00364	0.00635
5	0.02037	0.02598	0.01545	0.01404	0.01685	0.78652	0.01053	0.02177	0.01545	0.01334	0.00843	0.00983	0.00702	0.00562	0.00492	0.00140	0.00983	0.00351	0.00281	0.00632
6	0.01336	0.00641	0.00708	0.00634	0.00831	0.00627	0.00494	0.05596	0.01297	0.15976	0.01821	0.01961	0.01363	0.00643	0.00421	0.00137	0.00311	0.00515	0.64082	0.00608
7	0.01030	0.00969	0.01635	0.79530	0.03755	0.01211	0.01514	0.01393	0.01090	0.01393	0.00969	0.01453	0.00727	0.00545	0.00545	0.00182	0.00727	0.00484	0.00242	0.00606
8	0.01294	0.02891	0.01124	0.02272	0.01218	0.01047	0.00748	0.30858	0.01669	0.02231	0.02352	0.24742	0.11151	0.05400	0.00750	0.00204	0.02768	0.02513	0.04116	0.00651
9	0.01226	0.31377	0.50621	0.01328	0.02010	0.01591	0.01620	0.01692	0.01135	0.01565	0.00898	0.01050	0.00694	0.00499	0.00457	0.00152	0.00725	0.00362	0.00231	0.00767
10	0.25435	0.01302	0.01273	0.02853	0.02907	0.06746	0.00890	0.15624	0.25876	0.02355	0.01347	0.01394	0.01030	0.00655	0.00600	0.00178	0.07888	0.00464	0.00430	0.00750
11	0.00746	0.00554	0.00710	0.00789	0.00898	0.00519	0.00615	0.00922	0.01217	0.01579	0.11522	0.29153	0.20564	0.01499	0.00698	0.00218	0.00365	0.26444	0.00515	0.00475
12	0.01010	0.00771	0.01120	0.01247	0.09759	0.00771	0.04895	0.01363	0.09936	0.05288	0.02441	0.29182	0.02589	0.05560	0.00780	0.00231	0.00471	0.21528	0.00470	0.00589
13	0.01291	0.10868	0.36138	0.01471	0.05871	0.05183	0.05393	0.08020	0.10181	0.01842	0.01265	0.04119	0.01034	0.02389	0.00574	0.00177	0.00695	0.02395	0.00321	0.00771
14	0.01653	0.01387	0.01949	0.04385	0.42885	0.01464	0.01394	0.33567	0.01808	0.02485	0.01146	0.01335	0.00887	0.00560	0.00542	0.00163	0.00629	0.00488	0.00388	0.00884
15	0.01385	0.01199	0.01718	0.19846	0.28664	0.04573	0.02524	0.07734	0.07629	0.06793	0.01277	0.04167	0.01042	0.02460	0.00615	0.00176	0.02044	0.00532	0.00349	0.05274
16	0.01291	0.00960	0.01080	0.00967	0.01200	0.01021	0.00745	0.29885	0.08789	0.02333	0.06452	0.30412	0.06674	0.01129	0.00613	0.00189	0.00434	0.02683	0.02465	0.00677
17	0.00783	0.00567	0.00791	0.00791	0.00859	0.00635	0.00575	0.00919	0.00851	0.01202	0.01538	0.02573	0.01550	0.27321	0.55704	0.00771	0.01178	0.00647	0.00304	0.00439
18	0.07539	0.01293	0.01823	0.14432	0.40035	0.04756	0.01376	0.15071	0.01427	0.02016	0.01037	0.01321	0.00830	0.00589	0.00591	0.03657	0.00642	0.00466	0.00320	0.00779
19	0.12090	0.10638	0.06343	0.05194	0.05849	0.01032	0.00854	0.01505	0.02960	0.06693	0.10887	0.01870	0.03389	0.04106	0.00572	0.00158	0.00476	0.02247	0.00373	0.22764
20	0.01339	0.01073	0.03823	0.00929	0.01397	0.00849	0.02734	0.08510	0.01312	0.09806	0.01212	0.04533	0.00988	0.00515	0.00455	0.00109	0.00452	0.00424	0.00384	0.59156
21	0.00685	0.00488	0.00622	0.00719	0.00754	0.00459	0.00471	0.00766	0.01011	0.01338	0.02918	0.63079	0.07303	0.15413	0.01054	0.00273	0.00351	0.01397	0.00476	0.00424
22	0.07874	0.01338	0.12333	0.13219	0.08695	0.06327	0.07929	0.05519	0.02415	0.05404	0.02978	0.13613	0.03259	0.03478	0.00639	0.00193	0.00622	0.03140	0.00363	0.00664
23	0.01414	0.01364	0.04574	0.16556	0.42805	0.06673	0.05257	0.03354	0.01271	0.06979	0.01078	0.01371	0.00850	0.00536	0.00588	0.00169	0.03590	0.00485	0.00298	0.00789
24	0.75601	0.01073	0.00979	0.05064	0.01299	0.01231	0.04741	0.01599	0.00956	0.02351	0.00789	0.00948	0.00611	0.00506	0.00365	0.00170	0.00465	0.00325	0.00329	0.00599
25	0.01252	0.01306	0.02348	0.31965	0.09805	0.04684	0.32493	0.04316	0.01253	0.01646	0.01031	0.01419	0.00787	0.00519	0.00616	0.00180	0.02866	0.00545	0.00271	0.00696
26	0.01030	0.00969	0.01635	0.79530	0.03755	0.01211	0.01514	0.01393	0.01090	0.01393	0.00969	0.01453	0.00727	0.00545	0.00545	0.00182	0.00727	0.00484	0.00242	0.00606
27	0.01016	0.00508	0.00508	0.00508	0.00635	0.00508	0.00381	0.01270	0.01143	0.02033	0.01778	0.02033	0.01397	0.00635	0.00381	0.00127	0.00254	0.00508	0.83867	0.00508
28	0.00847	0.00578	0.00728	0.00678	0.00834	0.00521	0.00513	0.01080	0.01490	0.06483	0.59881	0.04154	0.17884	0.01137	0.00638	0.00174	0.00273	0.00990	0.00588	0.00529
29	0.00745	0.00559	0.00691	0.00665	0.00807	0.00505	0.00503	0.00973	0.01460	0.01992	0.57018	0.04434	0.22593	0.01194	0.00647	0.00177	0.00271	0.03691	0.00574	0.00501
30	0.02776	0.00508	0.00642	0.00728	0.00795	0.00474	0.00500	0.00819	0.01129	0.01535	0.13360	0.60666	0.10936	0.01565	0.00675	0.00210	0.00307	0.01402	0.00515	0.00458
31	0.01752	0.00724	0.00898	0.00746	0.01024	0.00659	0.00597	0.01984	0.01358	0.41028	0.01970	0.01941	0.01373	0.00656	0.00467	0.00148	0.00362	0.00529	0.41060	0.00724
32	0.01356	0.47441	0.26008	0.01252	0.01822	0.05002	0.07162	0.01693	0.01153	0.01458	0.00857	0.01011	0.00707	0.00486	0.00431	0.00140	0.00695	0.00356	0.00238	0.00732
33	0.84691	0.01054	0.00801	0.00717	0.01054	0.01223	0.00590	0.01603	0.00928	0.02446	0.00759	0.00886	0.00590	0.00506	0.00337	0.00169	0.00422	0.00295	0.00337	0.00590
34	0.00790	0.00540	0.00653	0.00653	0.00673	0.00560	0.00403	0.00830	0.00810	0.01100	0.01664	0.03272	0.01854	0.64922	0.18518	0.00601	0.00722	0.00750	0.00322	0.00363
35	0.00781	0.00576	0.00836	0.00836	0.00919	0.00660	0.00631	0.00948	0.00864	0.01236	0.01497	0.02346	0.01452	0.15109	0.67782	0.00826	0.01327	0.00614	0.00298	0.00464
36	0.01093	0.02820	0.78016	0.01554	0.02360	0.01266	0.02014	0.01727	0.01151	0.01727	0.00978	0.01151	0.00691	0.00518	0.00518	0.00173	0.00806	0.00403	0.00230	0.00806
37	0.00947	0.00473	0.00710	0.00710	0.00710	0.00473	0.00473	0.00710	0.00710	0.00947	0.00947	0.01657	0.00947	0.01894	0.02131	0.84138	0.00473	0.00473	0.00237	0.00237
38	0.01277	0.01349	0.02559	0.09625	0.25872	0.03249	0.38483	0.01648	0.01226	0.01672	0.01075	0.01502	0.00873	0.03986	0.00724	0.00192	0.03101	0.00574	0.00272	0.00739
39	0.01369	0.01194	0.01671	0.24680	0.08207	0.04480	0.09652	0.02174	0.30366	0.08094	0.01565	0.01686	0.01162	0.00617	0.00558	0.00179	0.00617	0.00554	0.00406	0.00768
40	0.10171	0.07830	0.04766	0.02674	0.03246	0.01271	0.11611	0.06721	0.21410	0.03532	0.06296	0.01737	0.01373	0.02684	0.00619	0.00178	0.03708	0.00543	0.07059	0.02570
41	0.15348	0.02775	0.07578	0.06849	0.28115	0.05879	0.08367	0.06335	0.06625	0.03950	0.02463	0.01353	0.00931	0.00542	0.00512	0.00167	0.00641	0.00472	0.00331	0.00768

[dist]
# distance from previous block
# <min> <max>
1	6

[block]
# block no. 5 follows, 44 sequences, length 14
# corresponding to MSA columns:
# 504-517
name=unknown_F
#
# <colnr> <probs for GDERKNQSTAVLIFYWHMCP>
#	G	D	E	R	K	N	Q	S	T	A	V	L	I	F	Y	W	H	M	C	P
0	0.04292	0.06552	0.24806	0.07220	0.07880	0.09575	0.12437	0.08396	0.02942	0.01844	0.04057	0.01465	0.03353	0.00575	0.00531	0.00165	0.00725	0.00492	0.00310	0.02384
1	0.01260	0.01205	0.02006	0.21658	0.51763	0.01305	0.01577	0.01608	0.03084	0.01663	0.01018	0.01380	0.00839	0.00543	0.00637	0.00173	0.06743	0.00488	0.00268	0.00780
2	0.01396	0.01460	0.09066	0.01928	0.04847	0.01250	0.48368	0.05623	0.01360	0.09782	0.01425	0.01646	0.04686	0.00542	0.00605	0.00175	0.00784	0.00612	0.00341	0.04102
3	0.01416	0.00960	0.01160	0.00843	0.01314	0.00743	0.00680	0.01651	0.01224	0.18260	0.01225	0.01288	0.00925	0.00462	0.00435	0.00100	0.00417	0.00372	0.00399	0.66128
4	0.00934	0.00690	0.00979	0.00926	0.01010	0.00822	0.00715	0.01087	0.00892	0.05229	0.01417	0.02195	0.01354	0.15202	0.50713	0.00684	0.13739	0.00597	0.00309	0.00503
5	0.00764	0.00529	0.00643	0.00664	0.00690	0.00535	0.00417	0.00815	0.00862	0.01159	0.02015	0.16366	0.04535	0.53178	0.14044	0.00519	0.00628	0.00900	0.00360	0.00377
6	0.00678	0.00543	0.00586	0.00592	0.00734	0.00473	0.00425	0.00811	0.01208	0.01503	0.13390	0.11867	0.53191	0.10498	0.00893	0.00226	0.00307	0.01127	0.00497	0.00450
7	0.00860	0.00690	0.01003	0.01008	0.03655	0.00827	0.00748	0.01025	0.00873	0.01265	0.01369	0.02148	0.01326	0.12671	0.55845	0.00718	0.12593	0.00590	0.00288	0.00497
8	0.01231	0.00812	0.00877	0.00826	0.00967	0.06636	0.00601	0.01416	0.05046	0.15221	0.05529	0.03443	0.02099	0.38660	0.01634	0.00351	0.00529	0.13151	0.00443	0.00528
9	0.01295	0.01224	0.07273	0.01342	0.14213	0.00967	0.00969	0.09337	0.01312	0.03724	0.01043	0.01205	0.00833	0.00459	0.00454	0.00112	0.00498	0.00379	0.00339	0.53021
10	0.01309	0.04506	0.02827	0.04003	0.04821	0.05212	0.57044	0.03733	0.01290	0.01710	0.01104	0.01466	0.00859	0.00752	0.06609	0.00231	0.00929	0.00598	0.00282	0.00716
11	0.04690	0.13068	0.08808	0.01198	0.07511	0.04325	0.00978	0.11655	0.07296	0.11619	0.07383	0.01789	0.06452	0.00656	0.00502	0.00151	0.00528	0.00520	0.00422	0.10449
12	0.01404	0.10450	0.24184	0.02685	0.15498	0.03534	0.04776	0.03403	0.02506	0.12814	0.05052	0.02832	0.01185	0.02808	0.00579	0.00172	0.00633	0.00506	0.04209	0.00767
13	0.27609	0.11689	0.10433	0.01175	0.06077	0.03832	0.04153	0.01867	0.16289	0.03173	0.01367	0.04413	0.03295	0.00622	0.00462	0.00166	0.00535	0.00479	0.00363	0.02001

[dist]
# distance from previous block
# <min> <max>
9	46

[block]
# block no. 6 follows, 44 sequences, length 15
# corresponding to MSA columns:
# 565-579
name=unknown_G
#
# <colnr> <probs for GDERKNQSTAVLIFYWHMCP>
#	G	D	E	R	K	N	Q	S	T	A	V	L	I	F	Y	W	H	M	C	P
0	0.45281	0.08702	0.01306	0.08262	0.01518	0.05657	0.03181	0.08981	0.04622	0.03843	0.02261	0.01135	0.00807	0.00545	0.00418	0.00163	0.00528	0.00378	0.00355	0.02055
1	0.01080	0.00882	0.01204	0.06285	0.12390	0.02514	0.03033	0.03249	0.01097	0.01536	0.05115	0.04416	0.04141	0.10284	0.01095	0.16773	0.00508	0.00560	0.00324	0.23515
2	0.01293	0.01261	0.01870	0.31717	0.23550	0.06706	0.06757	0.06423	0.01262	0.01678	0.00992	0.01344	0.00788	0.00546	0.00615	0.00169	0.05650	0.00475	0.00280	0.06622
3	0.00727	0.00530	0.00700	0.00780	0.00860	0.00487	0.00555	0.00864	0.01123	0.01523	0.10489	0.59817	0.03538	0.01543	0.00678	0.00211	0.00335	0.08996	0.00504	0.05738
4	0.00736	0.00539	0.00700	0.00798	0.00863	0.00524	0.00562	0.00951	0.06053	0.01527	0.08189	0.63466	0.03546	0.01585	0.00688	0.00218	0.00336	0.07722	0.00516	0.00481
5	0.01325	0.01081	0.01437	0.05457	0.20049	0.01197	0.01062	0.02148	0.33947	0.06684	0.01715	0.01875	0.01345	0.00921	0.06134	0.00227	0.04645	0.02051	0.05916	0.00783
6	0.00802	0.00582	0.00778	0.00885	0.00992	0.00565	0.00725	0.00998	0.01192	0.01541	0.03173	0.22022	0.11702	0.04349	0.00800	0.00247	0.00437	0.47235	0.00497	0.00478
7	0.02446	0.00928	0.01265	0.00970	0.01392	0.00801	0.00801	0.02657	0.01560	0.77817	0.02151	0.01856	0.01350	0.00675	0.00548	0.00169	0.00464	0.00548	0.00675	0.00928
8	0.77770	0.01044	0.00840	0.00738	0.01083	0.01188	0.00608	0.01691	0.00981	0.08789	0.00876	0.00967	0.00654	0.00520	0.00355	0.00169	0.00425	0.00317	0.00366	0.00619
9	0.00669	0.00511	0.00614	0.00678	0.00774	0.00457	0.00474	0.00796	0.01168	0.01505	0.11761	0.45554	0.30022	0.01528	0.00672	0.00203	0.00296	0.01348	0.00516	0.00457
10	0.00790	0.00540	0.00653	0.00653	0.00673	0.00560	0.00403	0.00830	0.00810	0.01100	0.01664	0.03272	0.01854	0.64926	0.18514	0.00601	0.00722	0.00750	0.00322	0.00363
11	0.04830	0.42772	0.11989	0.01198	0.01672	0.15449	0.05744	0.07730	0.01312	0.01597	0.00867	0.01002	0.00721	0.00506	0.00430	0.00138	0.00698	0.00354	0.00273	0.00717
12	0.01032	0.00702	0.00882	0.04474	0.07919	0.00678	0.00650	0.03695	0.03008	0.07272	0.19469	0.03260	0.23356	0.00938	0.00556	0.00164	0.00348	0.00796	0.20218	0.00584
13	0.00967	0.00614	0.00829	0.00793	0.00845	0.00662	0.00566	0.01002	0.07948	0.01251	0.08204	0.02157	0.06172	0.04176	0.01748	0.53625	0.07167	0.00586	0.00319	0.00368
14	0.01338	0.06842	0.16076	0.11519	0.17232	0.07310	0.04327	0.05218	0.13551	0.02947	0.02737	0.01501	0.01043	0.02851	0.00631	0.00179	0.03114	0.00494	0.00330	0.00760

[dist]
# distance from previous block
# <min> <max>
2	11

[block]
# block no. 7 follows, 44 sequences, length 39
# corresponding to MSA columns:
# 591-602,604-630
name=unknown_H
#
# <colnr> <probs for GDERKNQSTAVLIFYWHMCP>
#	G	D	E	R	K	N	Q	S	T	A	V	L	I	F	Y	W	H	M	C	P
0	0.01238	0.03335	0.09902	0.01387	0.14018	0.03403	0.02951	0.04742	0.07196	0.06624	0.06675	0.05439	0.10027	0.00736	0.00537	0.00156	0.00512	0.02494	0.01904	0.16726
1	0.00762	0.00601	0.00790	0.04767	0.04673	0.00579	0.00641	0.00964	0.03515	0.01535	0.08187	0.38896	0.21498	0.01421	0.00666	0.00206	0.00362	0.08949	0.00489	0.00499
2	0.00850	0.00679	0.00957	0.00924	0.01021	0.00811	0.00721	0.01095	0.04809	0.01324	0.01619	0.02237	0.04933	0.06693	0.59022	0.00721	0.10153	0.00609	0.00311	0.00511
3	0.05880	0.01403	0.01487	0.01187	0.01586	0.01567	0.00967	0.52388	0.20987	0.04564	0.01527	0.01481	0.01104	0.00669	0.00538	0.00169	0.00546	0.00514	0.00540	0.00895
4	0.00814	0.00566	0.00786	0.00786	0.00874	0.00636	0.00591	0.00991	0.00903	0.01346	0.01540	0.02319	0.01452	0.13976	0.57276	0.00723	0.01163	0.00602	0.12187	0.00469
5	0.01590	0.01272	0.01356	0.01142	0.01488	0.01438	0.00910	0.29404	0.45823	0.02699	0.05496	0.01867	0.01562	0.00727	0.00556	0.00176	0.00485	0.00588	0.00553	0.00870
6	0.00699	0.00554	0.00627	0.00609	0.00770	0.00483	0.00457	0.00887	0.01371	0.01777	0.36037	0.04746	0.46514	0.01267	0.00644	0.00179	0.00268	0.01080	0.00546	0.00483
7	0.00645	0.00548	0.00556	0.00563	0.00739	0.00459	0.00419	0.00781	0.01232	0.01469	0.05392	0.09152	0.73397	0.01398	0.00647	0.00186	0.00278	0.01171	0.00506	0.00459
8	0.01356	0.01171	0.01233	0.01109	0.01418	0.01356	0.00863	0.02897	0.76455	0.02281	0.02219	0.02034	0.01664	0.00740	0.00555	0.00185	0.00431	0.00616	0.00555	0.00863
9	0.00893	0.00689	0.00957	0.04822	0.08461	0.00689	0.00752	0.01187	0.04674	0.01848	0.36560	0.04006	0.03517	0.10788	0.00909	0.00233	0.00415	0.17565	0.00494	0.00543
10	0.01373	0.33552	0.31847	0.01296	0.03049	0.05711	0.04781	0.01745	0.01183	0.05484	0.00951	0.01086	0.00744	0.00499	0.00452	0.00144	0.00693	0.00372	0.00264	0.04774
11	0.02226	0.01230	0.01446	0.01114	0.01539	0.01257	0.00919	0.38473	0.04597	0.38748	0.01740	0.01593	0.01153	0.00667	0.00547	0.00167	0.00530	0.00522	0.00607	0.00925
12	0.01847	0.05675	0.04159	0.01226	0.01586	0.21200	0.01014	0.38767	0.04157	0.02484	0.01193	0.01278	0.00904	0.00631	0.00563	0.00157	0.04235	0.00447	0.07696	0.00783
13	0.07917	0.04298	0.12075	0.03352	0.28787	0.05273	0.03219	0.07900	0.04877	0.01939	0.01051	0.01248	0.00835	0.00508	0.00493	0.00150	0.00620	0.00429	0.00314	0.14714
14	0.06461	0.04299	0.04255	0.01250	0.06604	0.07588	0.05408	0.11185	0.10809	0.20925	0.08813	0.01995	0.06592	0.00710	0.00544	0.00168	0.00543	0.00586	0.00489	0.00777
15	0.00741	0.00527	0.00672	0.00729	0.00795	0.00501	0.00514	0.00872	0.01133	0.01522	0.18396	0.34597	0.07379	0.18366	0.01131	0.00278	0.00371	0.10547	0.00488	0.00442
16	0.04769	0.04342	0.05486	0.02632	0.07245	0.10340	0.08229	0.40328	0.01968	0.07560	0.01212	0.01291	0.00881	0.00595	0.00533	0.00162	0.00674	0.00475	0.00441	0.00840
17	0.04154	0.09111	0.01124	0.00854	0.00988	0.02193	0.00647	0.10545	0.03572	0.01445	0.01043	0.01567	0.00965	0.04597	0.01578	0.48601	0.04328	0.00467	0.01782	0.00439
18	0.00694	0.00518	0.00605	0.00661	0.00769	0.00464	0.00472	0.00832	0.01169	0.01528	0.08814	0.37794	0.33002	0.01458	0.00651	0.00197	0.00297	0.03309	0.06305	0.00461
19	0.01193	0.01193	0.01670	0.01431	0.01431	0.01670	0.01193	0.01312	0.00835	0.01312	0.00716	0.01193	0.00716	0.00954	0.01789	0.00239	0.79843	0.00477	0.00239	0.00596
20	0.01283	0.19206	0.04513	0.01294	0.01487	0.06204	0.03700	0.02779	0.01022	0.01394	0.00907	0.01398	0.00865	0.00948	0.04798	0.00228	0.41970	0.03913	0.00263	0.01828
21	0.01030	0.00969	0.01635	0.79530	0.03755	0.01211	0.01514	0.01393	0.01090	0.01393	0.00969	0.01453	0.00727	0.00545	0.00545	0.00182	0.00727	0.00484	0.00242	0.00606
22	0.00890	0.00645	0.00865	0.00956	0.01094	0.00640	0.00821	0.03618	0.01305	0.01698	0.06351	0.08010	0.08909	0.01456	0.00731	0.00238	0.00471	0.60281	0.00508	0.00512
23	0.01130	0.00969	0.01130	0.00807	0.01292	0.00727	0.00646	0.01373	0.01130	0.01776	0.00969	0.01130	0.00807	0.00404	0.00404	0.00081	0.00404	0.00323	0.00323	0.84173
24	0.02202	0.00871	0.01184	0.00933	0.01308	0.00757	0.00760	0.02412	0.01533	0.67018	0.09148	0.05956	0.01813	0.00767	0.00564	0.00172	0.00437	0.00638	0.00659	0.00865
25	0.00791	0.00568	0.00627	0.00611	0.00774	0.00498	0.00453	0.00947	0.01256	0.05357	0.15880	0.05751	0.48582	0.08590	0.00826	0.00213	0.00311	0.02953	0.04528	0.00483
26	0.00663	0.00478	0.00629	0.00749	0.00788	0.00444	0.00502	0.00760	0.01053	0.01396	0.03124	0.76913	0.07100	0.01692	0.00693	0.00220	0.00314	0.01531	0.00506	0.00444
27	0.01408	0.34560	0.24476	0.01213	0.01715	0.08952	0.01270	0.06749	0.04884	0.01637	0.02951	0.01155	0.00877	0.00563	0.00531	0.00151	0.05501	0.00389	0.00283	0.00736
28	0.30204	0.10235	0.04786	0.01071	0.02911	0.10914	0.00886	0.09854	0.20271	0.02199	0.01211	0.01252	0.00933	0.00583	0.00447	0.00163	0.00551	0.00412	0.00390	0.00727
29	0.01224	0.31489	0.39872	0.01290	0.01906	0.01545	0.05297	0.01634	0.01124	0.01532	0.00940	0.01185	0.00769	0.04471	0.00570	0.00167	0.00702	0.00391	0.00242	0.03652
30	0.01316	0.18425	0.42177	0.01416	0.02042	0.05151	0.08457	0.03168	0.03449	0.05504	0.03303	0.01268	0.00904	0.00539	0.00501	0.00161	0.00731	0.00433	0.00286	0.00771
31	0.01579	0.13282	0.25126	0.01331	0.01876	0.01228	0.12294	0.01991	0.03649	0.25130	0.01574	0.01677	0.03683	0.00613	0.00533	0.00168	0.00647	0.02420	0.00401	0.00799
32	0.00743	0.00546	0.00668	0.00661	0.00793	0.00496	0.00493	0.00953	0.01386	0.01899	0.45544	0.12769	0.22542	0.01234	0.00640	0.00180	0.00275	0.03111	0.04574	0.00492
33	0.01502	0.02908	0.06618	0.25018	0.03776	0.07639	0.04781	0.11782	0.01422	0.14199	0.01410	0.04267	0.01144	0.00708	0.00621	0.00181	0.04422	0.06498	0.00388	0.00717
34	0.01317	0.21733	0.04597	0.10492	0.20407	0.09340	0.04106	0.01599	0.02622	0.03081	0.04735	0.05482	0.04821	0.00663	0.00514	0.00159	0.00628	0.02691	0.00315	0.00697
35	0.00947	0.00473	0.00710	0.00710	0.00710	0.00473	0.00473	0.00710	0.00710	0.00947	0.00947	0.01657	0.00947	0.01894	0.02131	0.84138	0.00473	0.00473	0.00237	0.00237
36	0.00663	0.00478	0.00629	0.00749	0.00788	0.00444	0.00501	0.00760	0.01054	0.01396	0.03132	0.76682	0.07326	0.01691	0.00693	0.00220	0.00314	0.01530	0.00506	0.00444
37	0.01525	0.60701	0.06459	0.01156	0.05441	0.10306	0.01044	0.05262	0.01234	0.01440	0.00819	0.00946	0.00719	0.00489	0.00393	0.00127	0.00642	0.00323	0.00255	0.00717
38	0.01052	0.01039	0.08058	0.00913	0.01080	0.06822	0.00733	0.03868	0.06885	0.02801	0.05253	0.02567	0.01673	0.35187	0.15201	0.00448	0.04900	0.00650	0.00350	0.00521

[dist]
# distance from previous block
# <min> <max>
1	2

[block]
# block no. 8 follows, 44 sequences, length 13
# corresponding to MSA columns:
# 633-635,637-646
name=unknown_I
#
# <colnr> <probs for GDERKNQSTAVLIFYWHMCP>
#	G	D	E	R	K	N	Q	S	T	A	V	L	I	F	Y	W	H	M	C	P
0	0.00775	0.00793	0.08995	0.00761	0.00959	0.00582	0.00654	0.01022	0.01354	0.01856	0.42705	0.10253	0.19055	0.05151	0.00743	0.00198	0.00344	0.02760	0.00518	0.00519
1	0.03740	0.09856	0.09771	0.04735	0.08794	0.01178	0.01020	0.10886	0.04688	0.03237	0.01065	0.01209	0.00841	0.00491	0.00455	0.00126	0.00531	0.00388	0.00339	0.36649
2	0.01510	0.05571	0.03733	0.01052	0.03252	0.01101	0.00843	0.16482	0.15215	0.15396	0.03776	0.11322	0.06006	0.00883	0.02270	0.00181	0.00489	0.00671	0.00500	0.09746
3	0.01422	0.06580	0.08036	0.01849	0.21417	0.08514	0.09557	0.10561	0.08335	0.04160	0.03161	0.09892	0.01307	0.00694	0.00576	0.00171	0.02023	0.00612	0.00370	0.00764
4	0.01343	0.13240	0.31740	0.05450	0.11485	0.01389	0.16141	0.03585	0.01247	0.07747	0.01078	0.01273	0.00800	0.00512	0.00526	0.00165	0.00741	0.00462	0.00288	0.00787
5	0.02252	0.00887	0.01189	0.00925	0.01321	0.00765	0.00760	0.02455	0.01526	0.69606	0.02513	0.02220	0.09510	0.00751	0.00559	0.00170	0.00444	0.00613	0.00657	0.00878
6	0.00772	0.00545	0.00727	0.00804	0.02651	0.00521	0.00556	0.00926	0.01162	0.03466	0.17919	0.41847	0.09440	0.03463	0.09102	0.00282	0.00443	0.02795	0.02095	0.00486
7	0.01590	0.07582	0.10321	0.07854	0.23930	0.17134	0.07640	0.07697	0.01408	0.08146	0.01083	0.01276	0.00832	0.00535	0.00524	0.00159	0.00738	0.00454	0.00319	0.00778
8	0.00867	0.00646	0.00869	0.00982	0.06205	0.00645	0.02700	0.01147	0.08331	0.01573	0.02441	0.42367	0.02672	0.09860	0.00858	0.00236	0.00394	0.05885	0.10799	0.00520
9	0.00663	0.00507	0.00600	0.00673	0.00760	0.00454	0.00462	0.00770	0.01106	0.01405	0.03886	0.48167	0.31241	0.05686	0.00784	0.00223	0.00312	0.01360	0.00497	0.00444
10	0.01448	0.01483	0.03838	0.11452	0.25566	0.11687	0.12769	0.07060	0.01310	0.03972	0.01010	0.01314	0.00812	0.00591	0.00747	0.00177	0.13233	0.00491	0.00295	0.00745
11	0.01298	0.04501	0.09667	0.01130	0.04654	0.01042	0.03301	0.09665	0.01297	0.04047	0.01026	0.01185	0.00817	0.00487	0.00516	0.00118	0.04478	0.00380	0.00336	0.50054
12	0.01226	0.00918	0.01153	0.05244	0.09991	0.02647	0.00843	0.07006	0.14311	0.08709	0.11112	0.04590	0.09160	0.05210	0.09088	0.00269	0.00572	0.03642	0.03639	0.00669

[dist]
# distance from previous block
# <min> <max>
0	8

[block]
# block no. 9 follows, 44 sequences, length 10
# corresponding to MSA columns:
# 655-664
name=unknown_J
#
# <colnr> <probs for GDERKNQSTAVLIFYWHMCP>
#	G	D	E	R	K	N	Q	S	T	A	V	L	I	F	Y	W	H	M	C	P
0	0.06261	0.12078	0.28950	0.01379	0.05492	0.10301	0.03690	0.06225	0.12037	0.01836	0.01394	0.01479	0.05385	0.00603	0.00502	0.00163	0.00674	0.00468	0.00327	0.00755
1	0.04159	0.07219	0.08335	0.01267	0.05983	0.15132	0.05081	0.09890	0.08297	0.06603	0.07649	0.01725	0.03483	0.00658	0.00536	0.00159	0.02253	0.00522	0.10340	0.00712
2	0.00674	0.00511	0.00622	0.00684	0.00777	0.00459	0.00479	0.00806	0.01180	0.01535	0.14775	0.45706	0.26784	0.01518	0.00672	0.00202	0.00295	0.01342	0.00520	0.00459
3	0.01427	0.05164	0.08243	0.06153	0.09349	0.04417	0.11448	0.10352	0.23369	0.06095	0.03795	0.01792	0.04626	0.00651	0.00555	0.00173	0.00608	0.00572	0.00420	0.00791
4	0.00894	0.00562	0.00771	0.00761	0.00774	0.00608	0.00522	0.00819	0.00790	0.01077	0.01351	0.06378	0.01457	0.24407	0.08043	0.40164	0.07147	0.02855	0.00290	0.00331
5	0.01082	0.01025	0.01440	0.01265	0.01286	0.01394	0.01035	0.01210	0.00841	0.01288	0.00931	0.01529	0.00925	0.06130	0.18275	0.00391	0.58620	0.00518	0.00255	0.00558
6	0.03881	0.00998	0.01282	0.13357	0.01732	0.00904	0.03126	0.05700	0.03520	0.07555	0.01212	0.05149	0.00999	0.00539	0.00469	0.00124	0.00484	0.00453	0.00364	0.48153
7	0.00772	0.00557	0.00729	0.00686	0.00814	0.00514	0.00514	0.01029	0.01543	0.02186	0.77152	0.04072	0.05144	0.01115	0.00643	0.00171	0.00257	0.00986	0.00600	0.00514
8	0.01953	0.12043	0.01776	0.01204	0.01638	0.01735	0.01013	0.61959	0.06309	0.03089	0.01285	0.01290	0.00936	0.00634	0.00520	0.00159	0.00589	0.00471	0.00505	0.00894
9	0.01607	0.01410	0.01484	0.01464	0.12004	0.10458	0.01028	0.23908	0.27267	0.02386	0.01600	0.01764	0.01255	0.00680	0.00542	0.00168	0.00573	0.03942	0.02768	0.03691

[dist]
# distance from previous block
# <min> <max>
0	1

[block]
# block no. 10 follows, 44 sequences, length 7
# corresponding to MSA columns:
# 666-672
name=unknown_K
#
# <colnr> <probs for GDERKNQSTAVLIFYWHMCP>
#	G	D	E	R	K	N	Q	S	T	A	V	L	I	F	Y	W	H	M	C	P
0	0.00997	0.03630	0.00880	0.04226	0.01035	0.00688	0.00600	0.01265	0.08055	0.09479	0.09917	0.30803	0.08858	0.11865	0.02656	0.00252	0.00413	0.01027	0.02809	0.00545
1	0.00824	0.00553	0.00699	0.00676	0.00804	0.00521	0.00516	0.01080	0.01450	0.02119	0.58165	0.03845	0.04319	0.01054	0.00603	0.00169	0.00274	0.06008	0.15809	0.00512
2	0.01873	0.02244	0.01474	0.01287	0.01614	0.60339	0.00978	0.05917	0.01523	0.01526	0.00890	0.01027	0.00733	0.00538	0.00478	0.00131	0.00857	0.00353	0.00303	0.15914
3	0.01711	0.05516	0.01331	0.01139	0.01381	0.50808	0.00858	0.04680	0.01422	0.01515	0.01108	0.01420	0.00955	0.07944	0.00677	0.00173	0.00775	0.00423	0.15568	0.00596
4	0.05601	0.01054	0.01153	0.00958	0.01234	0.01132	0.00746	0.31432	0.09884	0.06537	0.14854	0.02399	0.04043	0.15411	0.00963	0.00235	0.00484	0.00658	0.00512	0.00710
5	0.01064	0.00922	0.01425	0.38773	0.13016	0.01044	0.01199	0.08062	0.01233	0.01634	0.01600	0.24410	0.01602	0.00885	0.00588	0.00189	0.00585	0.00795	0.00351	0.00624
6	0.01575	0.01830	0.01320	0.01202	0.01402	0.46491	0.00917	0.01743	0.01397	0.01513	0.14855	0.01697	0.01590	0.00951	0.05955	0.00207	0.10287	0.00505	0.03973	0.00591

[dist]
# distance from previous block
# <min> <max>
0	9

[block]
# block no. 11 follows, 44 sequences, length 10
# corresponding to MSA columns:
# 682-691
name=unknown_L
#
# <colnr> <probs for GDERKNQSTAVLIFYWHMCP>
#	G	D	E	R	K	N	Q	S	T	A	V	L	I	F	Y	W	H	M	C	P
0	0.01490	0.04212	0.07941	0.02277	0.38048	0.25953	0.01375	0.01755	0.01309	0.01584	0.01132	0.08279	0.01038	0.00621	0.00531	0.00160	0.00736	0.00525	0.00290	0.00742
1	0.17829	0.24799	0.03577	0.01006	0.01399	0.01584	0.00881	0.18183	0.16051	0.04629	0.01301	0.04329	0.01049	0.00625	0.00454	0.00158	0.00517	0.00459	0.00409	0.00760
2	0.01191	0.05167	0.09318	0.01136	0.07470	0.05882	0.00905	0.03784	0.01230	0.01767	0.05690	0.07334	0.01264	0.00585	0.00471	0.00121	0.00502	0.00483	0.00340	0.45361
3	0.01185	0.12305	0.25523	0.07697	0.03956	0.01346	0.11827	0.03989	0.06370	0.01671	0.01165	0.03323	0.00949	0.00904	0.07591	0.00235	0.05836	0.00501	0.02912	0.00715
4	0.01134	0.00590	0.00663	0.00628	0.00767	0.00609	0.00482	0.01364	0.01153	0.08720	0.01818	0.06980	0.01488	0.00729	0.00512	0.00144	0.05684	0.00576	0.65410	0.00547
5	0.01051	0.01035	0.01024	0.13501	0.01490	0.15351	0.00802	0.01326	0.06049	0.01524	0.09556	0.16154	0.16291	0.02925	0.05954	0.00238	0.00592	0.04177	0.00415	0.00545
6	0.01317	0.01287	0.08981	0.11288	0.27944	0.01167	0.11856	0.01730	0.05471	0.09565	0.07252	0.04537	0.01352	0.00634	0.00608	0.00176	0.03124	0.00592	0.00355	0.00765
7	0.01195	0.01070	0.04646	0.14460	0.08095	0.00905	0.05293	0.01493	0.01165	0.05418	0.01094	0.01321	0.00861	0.00471	0.00463	0.00122	0.00518	0.00409	0.05992	0.45007
8	0.00835	0.00635	0.00768	0.00845	0.06121	0.00590	0.00582	0.01082	0.04457	0.03073	0.17081	0.08323	0.36108	0.03014	0.00668	0.00190	0.00332	0.06805	0.07962	0.00527
9	0.04514	0.23765	0.16980	0.01429	0.09442	0.05110	0.06240	0.07691	0.09882	0.01822	0.03687	0.01493	0.04520	0.00593	0.00490	0.00156	0.00628	0.00475	0.00331	0.00752

[dist]
# distance from previous block
# <min> <max>
0	107

# created by:
# /home/cegg/simao/soft/augustus-3.2.1/scripts/msa2prfl.pl ./align_prep/EOG091G09R0.fa
