[name]
unknown

[dist]
# distance from previous block
# <min> <max>
0	464

[block]
# block no. 0 follows, 55 sequences, length 23
# corresponding to MSA columns:
# 506-528
name=unknown_A
#
# <colnr> <probs for GDERKNQSTAVLIFYWHMCP>
#	G	D	E	R	K	N	Q	S	T	A	V	L	I	F	Y	W	H	M	C	P
0	0.01065	0.10307	0.01494	0.01152	0.01215	0.05574	0.00972	0.01179	0.00790	0.01133	0.00725	0.01218	0.00726	0.00777	0.01282	0.00188	0.64710	0.04759	0.00218	0.00516
1	0.00941	0.00807	0.00937	0.00677	0.01076	0.00607	0.00540	0.01143	0.00970	0.01501	0.01047	0.01164	0.05215	0.00392	0.00356	0.00074	0.00338	0.00316	0.00284	0.81615
2	0.00949	0.00930	0.01397	0.70159	0.07608	0.06600	0.01248	0.01236	0.00958	0.01198	0.00838	0.01252	0.00652	0.02529	0.00509	0.00159	0.00627	0.00412	0.00212	0.00526
3	0.01260	0.01543	0.08007	0.05628	0.07873	0.36746	0.03174	0.01519	0.06157	0.01278	0.04195	0.04370	0.02719	0.07282	0.03711	0.00186	0.01815	0.01720	0.00276	0.00542
4	0.00567	0.00405	0.00540	0.00648	0.00675	0.00378	0.00432	0.00648	0.00891	0.01188	0.02564	0.83347	0.03077	0.01457	0.00594	0.00189	0.00270	0.01323	0.00432	0.00378
5	0.00557	0.00472	0.00481	0.00479	0.00633	0.00396	0.00359	0.00682	0.01077	0.01297	0.09758	0.04410	0.75489	0.01163	0.00550	0.00156	0.00235	0.00972	0.00437	0.00396
6	0.01039	0.00825	0.00972	0.00698	0.01108	0.00624	0.00560	0.01244	0.00989	0.06812	0.00894	0.01006	0.00720	0.00360	0.00353	0.00074	0.00348	0.00288	0.00296	0.80789
7	0.01131	0.03217	0.49954	0.01534	0.13248	0.02671	0.07198	0.08818	0.01138	0.05425	0.00918	0.01062	0.00665	0.00452	0.00453	0.00145	0.00645	0.00380	0.00249	0.00701
8	0.00564	0.00414	0.00530	0.00623	0.00668	0.00380	0.00421	0.00651	0.00914	0.01197	0.02860	0.72487	0.13746	0.01419	0.00588	0.00185	0.00265	0.01276	0.00432	0.00380
9	0.00860	0.00451	0.00466	0.00469	0.00576	0.00452	0.00348	0.02878	0.00996	0.01712	0.01606	0.09323	0.01359	0.00628	0.00354	0.00117	0.00229	0.00516	0.76225	0.00437
10	0.01073	0.01015	0.01594	0.41354	0.32092	0.03860	0.02784	0.06689	0.01079	0.01436	0.00870	0.01194	0.00685	0.00499	0.01742	0.00156	0.00608	0.00414	0.00236	0.00620
11	0.00886	0.06411	0.03980	0.01257	0.01524	0.00871	0.34933	0.01110	0.00989	0.01333	0.05932	0.27715	0.01671	0.00861	0.00651	0.06124	0.02165	0.00775	0.00308	0.00505
12	0.00666	0.00450	0.00529	0.00551	0.00562	0.00447	0.00335	0.00692	0.00733	0.00975	0.01686	0.14254	0.01950	0.66644	0.02004	0.00399	0.00425	0.06080	0.00313	0.00305
13	0.00665	0.00498	0.00748	0.00748	0.00831	0.00582	0.00582	0.00831	0.00748	0.01080	0.01246	0.01828	0.01163	0.03489	0.81807	0.00748	0.01246	0.00498	0.00249	0.00415
14	0.06302	0.15622	0.10127	0.01270	0.07660	0.11526	0.05843	0.09422	0.01067	0.01453	0.00762	0.00980	0.00643	0.00604	0.02220	0.00161	0.23132	0.00363	0.00244	0.00599
15	0.00622	0.00493	0.00768	0.00783	0.00856	0.00460	0.08556	0.00735	0.00912	0.01219	0.02396	0.74864	0.02832	0.01347	0.00589	0.00186	0.00323	0.01243	0.00412	0.00404
16	0.65740	0.01072	0.09167	0.05506	0.06687	0.01053	0.02119	0.01375	0.00843	0.01923	0.00698	0.00843	0.00539	0.00433	0.00330	0.00145	0.00429	0.00287	0.00269	0.00542
17	0.00940	0.00444	0.00655	0.00629	0.00666	0.00433	0.00433	0.00778	0.00681	0.09102	0.00914	0.01432	0.00844	0.01509	0.01679	0.77545	0.00403	0.00411	0.00241	0.00263
18	0.00767	0.00503	0.00663	0.00628	0.00751	0.00466	0.00483	0.00977	0.01274	0.07259	0.64732	0.03515	0.03911	0.03339	0.00605	0.00162	0.00260	0.08744	0.00501	0.00458
19	0.01178	0.01010	0.01063	0.00951	0.01218	0.01167	0.00741	0.05040	0.77306	0.01979	0.01867	0.01715	0.01399	0.00629	0.00473	0.00157	0.00373	0.00522	0.00473	0.00738
20	0.86937	0.00900	0.00684	0.00612	0.00900	0.01044	0.00504	0.01368	0.00792	0.02087	0.00648	0.00756	0.00504	0.00432	0.00288	0.00144	0.00360	0.00252	0.00288	0.00504
21	0.01238	0.01040	0.01097	0.00963	0.01241	0.01195	0.00756	0.12618	0.69630	0.02076	0.01791	0.01654	0.01337	0.00622	0.00472	0.00155	0.00387	0.00512	0.00472	0.00744
22	0.86937	0.00900	0.00684	0.00612	0.00900	0.01044	0.00504	0.01368	0.00792	0.02087	0.00648	0.00756	0.00504	0.00432	0.00288	0.00144	0.00360	0.00252	0.00288	0.00504

[dist]
# distance from previous block
# <min> <max>
0	1

[block]
# block no. 1 follows, 55 sequences, length 6
# corresponding to MSA columns:
# 530-535
name=unknown_B
#
# <colnr> <probs for GDERKNQSTAVLIFYWHMCP>
#	G	D	E	R	K	N	Q	S	T	A	V	L	I	F	Y	W	H	M	C	P
0	0.69346	0.00877	0.00766	0.00657	0.00959	0.00969	0.00541	0.01554	0.00904	0.18461	0.00894	0.00927	0.00638	0.00462	0.00325	0.00144	0.00367	0.00297	0.00348	0.00564
1	0.00599	0.00476	0.00522	0.00529	0.00655	0.00420	0.00395	0.00723	0.01039	0.01291	0.12308	0.04261	0.53791	0.11949	0.00797	0.00200	0.00282	0.08955	0.00421	0.00387
2	0.01656	0.01247	0.01333	0.01048	0.01400	0.01390	0.00857	0.65065	0.16503	0.02750	0.01260	0.01231	0.00907	0.00572	0.00467	0.00143	0.00485	0.00439	0.00467	0.00781
3	0.00593	0.00467	0.00539	0.00566	0.00687	0.00414	0.00427	0.00730	0.01069	0.01350	0.15234	0.18813	0.45930	0.01208	0.00569	0.00168	0.00262	0.10129	0.00443	0.00401
4	0.01081	0.01034	0.01762	0.23284	0.60867	0.01087	0.01393	0.01366	0.01026	0.01435	0.00863	0.01174	0.00707	0.00427	0.00462	0.00142	0.00570	0.00414	0.00224	0.00680
5	0.00916	0.04890	0.07704	0.09314	0.05038	0.01054	0.04787	0.03649	0.00878	0.01249	0.01058	0.10886	0.01030	0.01313	0.17686	0.00293	0.26954	0.00529	0.00251	0.00519

[dist]
# distance from previous block
# <min> <max>
0	23

[block]
# block no. 2 follows, 55 sequences, length 35
# corresponding to MSA columns:
# 559-593
name=unknown_C
#
# <colnr> <probs for GDERKNQSTAVLIFYWHMCP>
#	G	D	E	R	K	N	Q	S	T	A	V	L	I	F	Y	W	H	M	C	P
0	0.57677	0.04480	0.08997	0.02454	0.02719	0.08327	0.06606	0.01430	0.00895	0.01829	0.00702	0.00839	0.00546	0.00433	0.00342	0.00141	0.00481	0.00294	0.00264	0.00543
1	0.01327	0.59031	0.06288	0.00976	0.03246	0.16601	0.02328	0.03327	0.01051	0.01184	0.00692	0.00804	0.00607	0.00419	0.00341	0.00109	0.00578	0.00277	0.00214	0.00600
2	0.01106	0.06229	0.37636	0.01553	0.18788	0.03995	0.02603	0.07733	0.01077	0.02689	0.00886	0.01139	0.00710	0.04962	0.00627	0.00162	0.06818	0.00386	0.00239	0.00662
3	0.00555	0.00473	0.00484	0.00484	0.00638	0.00401	0.00364	0.00675	0.01046	0.01249	0.04554	0.04356	0.76922	0.01284	0.04273	0.00184	0.00282	0.00960	0.00424	0.00394
4	0.00667	0.00489	0.00700	0.00700	0.00767	0.00556	0.00522	0.00800	0.00734	0.01045	0.01289	0.02068	0.01267	0.19300	0.66138	0.00689	0.01089	0.00534	0.00256	0.00389
5	0.00575	0.00466	0.00506	0.00521	0.00651	0.00404	0.00386	0.00696	0.01041	0.01280	0.09157	0.13458	0.58848	0.04980	0.00643	0.00177	0.00259	0.05132	0.00430	0.00391
6	0.02033	0.00790	0.01065	0.00822	0.01174	0.00692	0.00677	0.02247	0.03627	0.76999	0.01830	0.01591	0.01160	0.00577	0.00465	0.00144	0.00391	0.00469	0.02465	0.00782
7	0.00965	0.00827	0.00965	0.00689	0.01102	0.00620	0.00551	0.01171	0.00965	0.01516	0.00827	0.00965	0.00689	0.00345	0.00345	0.00069	0.00345	0.00276	0.00276	0.86494
8	0.01768	0.01303	0.01396	0.01070	0.01443	0.01443	0.00884	0.79197	0.02187	0.02932	0.01117	0.01117	0.00791	0.00558	0.00465	0.00140	0.00512	0.00419	0.00465	0.00791
9	0.84124	0.00896	0.00697	0.00619	0.00909	0.01032	0.00510	0.01397	0.00810	0.04706	0.00687	0.00783	0.00525	0.00437	0.00294	0.00144	0.00361	0.00259	0.00297	0.00513
10	0.00658	0.00476	0.00622	0.00585	0.00695	0.00439	0.00439	0.00878	0.01317	0.01866	0.80503	0.03475	0.04390	0.00951	0.00549	0.00146	0.00219	0.00841	0.00512	0.00439
11	0.01098	0.01255	0.02745	0.01961	0.02431	0.01176	0.79059	0.01490	0.01098	0.01490	0.00941	0.01255	0.00706	0.00392	0.00549	0.00157	0.00784	0.00549	0.00235	0.00627
12	0.01151	0.01105	0.01888	0.02855	0.80748	0.01105	0.01428	0.01428	0.01059	0.01520	0.00875	0.01151	0.00737	0.00415	0.00461	0.00138	0.00553	0.00415	0.00230	0.00737
13	0.00933	0.02406	0.81240	0.01326	0.02014	0.01080	0.01719	0.01473	0.00982	0.01473	0.00835	0.00982	0.00589	0.00442	0.00442	0.00147	0.00688	0.00344	0.00196	0.00688
14	0.00853	0.00766	0.01261	0.69102	0.02798	0.00937	0.01162	0.01140	0.00938	0.01228	0.01051	0.06194	0.00902	0.00570	0.00475	0.00158	0.00568	0.04631	0.04765	0.00500
15	0.00588	0.00481	0.00524	0.00542	0.00678	0.00423	0.00408	0.00744	0.02972	0.01310	0.08557	0.14699	0.58217	0.01196	0.00561	0.00165	0.00257	0.06837	0.00437	0.00405
16	0.01074	0.01166	0.06692	0.01878	0.18505	0.01061	0.42842	0.01403	0.01065	0.03761	0.03567	0.05103	0.00981	0.00508	0.00564	0.00155	0.04463	0.01578	0.03008	0.00627
17	0.03925	0.00871	0.00987	0.00729	0.01124	0.00726	0.00584	0.05791	0.07447	0.01652	0.00924	0.01029	0.00748	0.00383	0.00360	0.00083	0.00357	0.00303	0.00303	0.71673
18	0.08698	0.26569	0.39316	0.01109	0.01618	0.10384	0.03511	0.01484	0.00996	0.01377	0.00752	0.00884	0.00589	0.00431	0.00386	0.00130	0.00622	0.00308	0.00211	0.00626
19	0.01186	0.68712	0.17148	0.00895	0.01347	0.01699	0.00968	0.01408	0.00952	0.01165	0.00682	0.00790	0.00596	0.00406	0.00325	0.00108	0.00533	0.00266	0.00199	0.00614
20	0.00629	0.00456	0.00605	0.00691	0.00761	0.00432	0.00523	0.00765	0.00995	0.01311	0.09058	0.45991	0.09887	0.01339	0.00601	0.00190	0.00311	0.24615	0.00437	0.00400
21	0.00677	0.00451	0.00507	0.00507	0.00507	0.00451	0.00282	0.00677	0.00677	0.00902	0.01466	0.03044	0.01691	0.83650	0.02368	0.00451	0.00451	0.00677	0.00282	0.00282
22	0.00662	0.00509	0.00658	0.00683	0.04999	0.00465	0.00474	0.00862	0.01248	0.01716	0.59847	0.03566	0.20635	0.00971	0.00544	0.00148	0.00241	0.00849	0.00480	0.00445
23	0.00955	0.00883	0.01649	0.01249	0.01536	0.00859	0.38925	0.01274	0.02951	0.01584	0.10471	0.01797	0.05029	0.00560	0.00530	0.00144	0.04283	0.00564	0.24219	0.00538
24	0.01368	0.54383	0.02013	0.00913	0.01261	0.20341	0.00817	0.04259	0.08441	0.01247	0.00796	0.00873	0.00681	0.00444	0.00349	0.00111	0.00565	0.00292	0.00243	0.00603
25	0.00804	0.02723	0.01972	0.00604	0.00778	0.00544	0.00473	0.04498	0.02770	0.08368	0.05571	0.10148	0.45885	0.07780	0.00685	0.00183	0.00310	0.05023	0.00427	0.00456
26	0.01227	0.21594	0.21424	0.01156	0.04937	0.14629	0.05526	0.07113	0.02147	0.02397	0.00928	0.01083	0.02582	0.02431	0.00472	0.00133	0.02009	0.00356	0.00250	0.07605
27	0.44928	0.08527	0.26783	0.00885	0.01309	0.01133	0.00939	0.01494	0.07298	0.01793	0.00809	0.00907	0.00614	0.00448	0.00353	0.00142	0.00478	0.00303	0.00266	0.00590
28	0.08049	0.05688	0.15482	0.11633	0.16097	0.08019	0.10507	0.01420	0.03998	0.01503	0.06963	0.01289	0.00978	0.00491	0.00462	0.00142	0.01979	0.00424	0.04274	0.00603
29	0.01205	0.58032	0.07145	0.00799	0.01165	0.01482	0.00784	0.01407	0.03019	0.07680	0.05277	0.01250	0.03655	0.04824	0.00456	0.00131	0.00472	0.00359	0.00266	0.00590
30	0.00573	0.00442	0.00511	0.00555	0.00642	0.00394	0.00385	0.00671	0.00971	0.01231	0.07592	0.37750	0.37219	0.07989	0.00716	0.00194	0.00267	0.01094	0.00424	0.00380
31	0.01316	0.01477	0.24593	0.07895	0.06824	0.02516	0.05981	0.24022	0.01367	0.09364	0.01059	0.01224	0.00778	0.00521	0.00510	0.00147	0.04454	0.01663	0.03600	0.00688
32	0.13919	0.00733	0.00766	0.00746	0.00882	0.05069	0.00560	0.06853	0.05195	0.04195	0.05597	0.31871	0.02001	0.07705	0.00700	0.00191	0.04145	0.06070	0.02324	0.00475
33	0.00962	0.00955	0.07491	0.00741	0.01177	0.00658	0.00646	0.01196	0.00966	0.01512	0.00828	0.00966	0.00681	0.00352	0.00352	0.00075	0.00372	0.00281	0.00269	0.79519
34	0.01135	0.00862	0.01030	0.00808	0.03767	0.00711	0.00620	0.08690	0.01115	0.08965	0.01017	0.04245	0.00836	0.00432	0.00381	0.00090	0.00369	0.00352	0.00326	0.64250

[dist]
# distance from previous block
# <min> <max>
1	5

[block]
# block no. 3 follows, 55 sequences, length 17
# corresponding to MSA columns:
# 599-615
name=unknown_D
#
# <colnr> <probs for GDERKNQSTAVLIFYWHMCP>
#	G	D	E	R	K	N	Q	S	T	A	V	L	I	F	Y	W	H	M	C	P
0	0.00599	0.00409	0.00529	0.00622	0.00655	0.00386	0.00416	0.00689	0.00889	0.01226	0.02420	0.72360	0.02843	0.04868	0.00644	0.00193	0.00273	0.01213	0.08386	0.00379
1	0.01133	0.01070	0.01765	0.13476	0.59507	0.01112	0.03413	0.03985	0.07061	0.01552	0.00955	0.01209	0.00774	0.00442	0.00465	0.00143	0.00553	0.00427	0.00253	0.00706
2	0.01019	0.00921	0.01514	0.07308	0.54439	0.00930	0.01184	0.01272	0.01039	0.01472	0.01311	0.05766	0.03507	0.00610	0.00485	0.00150	0.00497	0.10378	0.05559	0.00637
3	0.01680	0.01259	0.01346	0.01052	0.01409	0.01401	0.00863	0.68071	0.13457	0.02789	0.01230	0.01207	0.00882	0.00569	0.00467	0.00142	0.00491	0.00434	0.00467	0.00783
4	0.01102	0.01421	0.14951	0.01828	0.02329	0.01147	0.64666	0.01511	0.01087	0.03841	0.00951	0.01222	0.00701	0.00405	0.00530	0.00155	0.00758	0.00515	0.00239	0.00642
5	0.00867	0.00434	0.00434	0.00434	0.00542	0.00434	0.00325	0.01084	0.00976	0.01734	0.01518	0.01734	0.01192	0.00542	0.00325	0.00108	0.00217	0.00434	0.86233	0.00434
6	0.01151	0.00949	0.01079	0.00952	0.01210	0.01073	0.03492	0.02268	0.65602	0.05674	0.04685	0.01780	0.01474	0.00807	0.05480	0.00193	0.00433	0.00534	0.00457	0.00705
7	0.00965	0.00827	0.00965	0.00689	0.01102	0.00620	0.00551	0.01171	0.00965	0.01516	0.00827	0.00965	0.00689	0.00345	0.00345	0.00069	0.00345	0.00276	0.00276	0.86494
8	0.00567	0.00405	0.00540	0.00648	0.00675	0.00378	0.00432	0.00648	0.00891	0.01188	0.02564	0.83347	0.03077	0.01457	0.00594	0.00189	0.00270	0.01323	0.00432	0.00378
9	0.00677	0.00451	0.00507	0.00507	0.00507	0.00451	0.00282	0.00677	0.00677	0.00902	0.01466	0.03044	0.01691	0.83650	0.02368	0.00451	0.00451	0.00677	0.00282	0.00282
10	0.00733	0.00523	0.00730	0.00837	0.00937	0.00521	0.00720	0.00935	0.01054	0.01373	0.02473	0.12494	0.02714	0.01301	0.00638	0.00212	0.00414	0.70539	0.00429	0.00424
11	0.01271	0.01257	0.00952	0.00875	0.01061	0.31644	0.00657	0.09748	0.08543	0.01554	0.02944	0.12298	0.01279	0.03691	0.00505	0.00145	0.00515	0.00525	0.20009	0.00527
12	0.01907	0.00751	0.01003	0.00782	0.01116	0.00649	0.00642	0.02082	0.01295	0.71191	0.02092	0.01857	0.08520	0.00631	0.00471	0.00144	0.00375	0.00514	0.03234	0.00744
13	0.00666	0.00494	0.00727	0.00727	0.00803	0.00570	0.00556	0.00818	0.00742	0.01065	0.01265	0.01932	0.01208	0.10334	0.75024	0.00722	0.01178	0.00514	0.00252	0.00404
14	0.01078	0.00949	0.01274	0.23414	0.11585	0.01085	0.02351	0.08270	0.31589	0.01688	0.02883	0.03981	0.04135	0.00605	0.00510	0.00155	0.02935	0.00516	0.00356	0.00644
15	0.00886	0.00748	0.06593	0.03231	0.05050	0.00660	0.03040	0.02883	0.01034	0.08770	0.03253	0.25623	0.08500	0.01136	0.03378	0.00199	0.04612	0.19515	0.00390	0.00499
16	0.00891	0.00839	0.01417	0.78994	0.06648	0.01037	0.01298	0.01199	0.00936	0.01203	0.00829	0.01236	0.00625	0.00463	0.00465	0.00154	0.00617	0.00413	0.00208	0.00527

[dist]
# distance from previous block
# <min> <max>
0	15

[block]
# block no. 4 follows, 55 sequences, length 21
# corresponding to MSA columns:
# 631-651
name=unknown_E
#
# <colnr> <probs for GDERKNQSTAVLIFYWHMCP>
#	G	D	E	R	K	N	Q	S	T	A	V	L	I	F	Y	W	H	M	C	P
0	0.34596	0.09340	0.01224	0.02031	0.02288	0.31595	0.02660	0.05049	0.01091	0.03396	0.00734	0.00851	0.00588	0.00463	0.00390	0.00132	0.02452	0.00297	0.00271	0.00552
1	0.02052	0.00848	0.01114	0.00854	0.01215	0.00767	0.00706	0.10674	0.01425	0.72531	0.01757	0.01532	0.01112	0.00574	0.00468	0.00143	0.00409	0.00462	0.00564	0.00792
2	0.67978	0.01161	0.12304	0.00804	0.01159	0.02651	0.05271	0.01399	0.00847	0.01946	0.00693	0.00819	0.00530	0.00432	0.00328	0.00145	0.00441	0.00283	0.00271	0.00538
3	0.01991	0.00795	0.01054	0.00814	0.01159	0.00706	0.00671	0.06144	0.01352	0.71872	0.01778	0.01569	0.01136	0.00573	0.00458	0.00141	0.00390	0.00463	0.06166	0.00768
4	0.00669	0.00474	0.00613	0.00578	0.00688	0.00439	0.00433	0.00888	0.01300	0.01859	0.76682	0.03391	0.04235	0.00931	0.00538	0.00144	0.00219	0.00822	0.04659	0.00439
5	0.00551	0.00467	0.00476	0.00483	0.00631	0.00392	0.00359	0.00666	0.01049	0.01252	0.04568	0.09788	0.75342	0.01197	0.00553	0.00159	0.00238	0.01005	0.00432	0.00392
6	0.01018	0.01018	0.01425	0.01221	0.01221	0.01425	0.01018	0.01120	0.00712	0.01120	0.00611	0.01018	0.00611	0.00814	0.01527	0.00204	0.82799	0.00407	0.00204	0.00509
7	0.01422	0.01131	0.01201	0.01000	0.01311	0.01281	0.00800	0.35704	0.46245	0.02373	0.01557	0.01468	0.01148	0.00600	0.00470	0.00150	0.00430	0.00480	0.00470	0.00760
8	0.01018	0.01018	0.01425	0.01221	0.01221	0.01425	0.01018	0.01120	0.00712	0.01120	0.00611	0.01018	0.00611	0.00814	0.01527	0.00204	0.82799	0.00407	0.00204	0.00509
9	0.01768	0.01303	0.01396	0.01070	0.01443	0.01443	0.00884	0.79197	0.02187	0.02932	0.01117	0.01117	0.00791	0.00558	0.00465	0.00140	0.00512	0.00419	0.00465	0.00791
10	0.01110	0.01053	0.01776	0.02397	0.59628	0.01034	0.07832	0.03561	0.01089	0.01541	0.01102	0.01471	0.03718	0.00483	0.00473	0.00140	0.00539	0.04282	0.00258	0.06514
11	0.01529	0.04647	0.01174	0.06219	0.01287	0.06018	0.00754	0.14002	0.01254	0.31760	0.01313	0.01480	0.00986	0.08041	0.07319	0.00219	0.07399	0.00445	0.00402	0.03752
12	0.02055	0.00843	0.01112	0.00852	0.01213	0.00761	0.00704	0.10052	0.01418	0.73164	0.01763	0.01536	0.01115	0.00574	0.00468	0.00144	0.00408	0.00463	0.00565	0.00792
13	0.00747	0.00572	0.00672	0.00642	0.00759	0.04502	0.00488	0.00953	0.01277	0.03332	0.65786	0.04719	0.03921	0.02686	0.00587	0.00157	0.00276	0.06989	0.00487	0.00446
14	0.00674	0.00494	0.00690	0.04524	0.00938	0.00495	0.00631	0.00836	0.00978	0.01284	0.02428	0.35542	0.04710	0.01419	0.04539	0.00226	0.00409	0.38360	0.00411	0.00411
15	0.01546	0.00674	0.00888	0.00724	0.00989	0.00600	0.00581	0.01762	0.02994	0.49644	0.22614	0.02182	0.04322	0.00691	0.00480	0.00142	0.00329	0.00580	0.07601	0.00657
16	0.01204	0.01022	0.01078	0.00956	0.01227	0.01179	0.00748	0.08318	0.73986	0.02021	0.01834	0.01689	0.01372	0.00626	0.00473	0.00156	0.00379	0.00518	0.00473	0.00741
17	0.00570	0.00412	0.00541	0.00641	0.00679	0.00383	0.00435	0.00657	0.00906	0.01197	0.02702	0.76272	0.08129	0.01435	0.00592	0.00187	0.00272	0.03179	0.00432	0.00380
18	0.00646	0.00461	0.00588	0.00653	0.00728	0.00433	0.00476	0.00758	0.00965	0.03563	0.04932	0.49388	0.17864	0.03181	0.00643	0.00190	0.01654	0.12046	0.00431	0.00402
19	0.00909	0.03296	0.00834	0.00733	0.00849	0.04723	0.00549	0.09820	0.03815	0.01317	0.05269	0.01901	0.01295	0.16694	0.30371	0.12777	0.00736	0.00507	0.03178	0.00429
20	0.01065	0.09699	0.03394	0.00959	0.04816	0.00914	0.06949	0.06419	0.07216	0.01583	0.00984	0.04025	0.00830	0.00436	0.00391	0.00100	0.00424	0.00369	0.00294	0.49133

[dist]
# distance from previous block
# <min> <max>
0	2

[block]
# block no. 5 follows, 55 sequences, length 22
# corresponding to MSA columns:
# 654-675
name=unknown_F
#
# <colnr> <probs for GDERKNQSTAVLIFYWHMCP>
#	G	D	E	R	K	N	Q	S	T	A	V	L	I	F	Y	W	H	M	C	P
0	0.03589	0.01223	0.06969	0.07076	0.43272	0.04739	0.03193	0.10137	0.07155	0.01677	0.00956	0.01153	0.00760	0.00457	0.00467	0.00139	0.01722	0.00406	0.00275	0.04633
1	0.00926	0.02205	0.71760	0.01257	0.01884	0.01041	0.01583	0.01484	0.05020	0.01524	0.06226	0.01188	0.00886	0.00486	0.00451	0.00148	0.00640	0.00386	0.00232	0.00673
2	0.00676	0.00452	0.00513	0.00511	0.00516	0.00450	0.00289	0.00686	0.00707	0.00947	0.05175	0.03065	0.01818	0.79769	0.02282	0.00437	0.00440	0.00684	0.00293	0.00289
3	0.00977	0.00866	0.01345	0.42251	0.19150	0.00983	0.01117	0.06017	0.05788	0.01490	0.09152	0.02675	0.01161	0.02109	0.00507	0.00155	0.00524	0.00483	0.02672	0.00577
4	0.00628	0.00461	0.00485	0.00486	0.00621	0.00406	0.00362	0.00776	0.01067	0.01424	0.13238	0.07503	0.51599	0.01035	0.00506	0.00147	0.00231	0.00870	0.17747	0.00406
5	0.01286	0.01064	0.01125	0.00973	0.01259	0.01218	0.00768	0.18705	0.63464	0.02155	0.01729	0.01605	0.01287	0.00616	0.00472	0.00154	0.00399	0.00503	0.00472	0.00748
6	0.01019	0.04726	0.01511	0.01221	0.01266	0.01400	0.04869	0.01139	0.00743	0.01135	0.00653	0.01048	0.00636	0.00875	0.04432	0.00217	0.71979	0.00410	0.00207	0.00515
7	0.00851	0.00852	0.01684	0.01329	0.01594	0.00799	0.40858	0.01101	0.01015	0.01358	0.01802	0.33438	0.04667	0.00889	0.00572	0.00173	0.00543	0.05636	0.00331	0.00510
8	0.00947	0.02310	0.74695	0.01379	0.02048	0.01088	0.08168	0.01475	0.00992	0.01475	0.00844	0.01005	0.00599	0.00438	0.00451	0.00148	0.00696	0.00361	0.00200	0.00683
9	0.00750	0.00535	0.00750	0.00857	0.00964	0.00535	0.00750	0.00964	0.01071	0.01392	0.02463	0.05248	0.02677	0.01285	0.00643	0.00214	0.00428	0.77617	0.00428	0.00428
10	0.00551	0.00469	0.00474	0.00479	0.00630	0.00392	0.00357	0.00667	0.01053	0.01254	0.04624	0.07746	0.77348	0.01190	0.00552	0.00158	0.00237	0.00996	0.00432	0.00392
11	0.01151	0.01105	0.01888	0.02855	0.80748	0.01105	0.01428	0.01428	0.01059	0.01520	0.00875	0.01151	0.00737	0.00415	0.00461	0.00138	0.00553	0.00415	0.00230	0.00737
12	0.86937	0.00900	0.00684	0.00612	0.00900	0.01044	0.00504	0.01368	0.00792	0.02087	0.00648	0.00756	0.00504	0.00432	0.00288	0.00144	0.00360	0.00252	0.00288	0.00504
13	0.00561	0.00469	0.00489	0.00490	0.00637	0.00397	0.00365	0.00687	0.01078	0.01313	0.12018	0.07648	0.69917	0.01168	0.00552	0.00157	0.00235	0.00982	0.00440	0.00397
14	0.00890	0.00783	0.01289	0.27420	0.22961	0.00866	0.03112	0.01091	0.00896	0.01219	0.01112	0.03075	0.03850	0.04347	0.14796	0.08714	0.02349	0.00480	0.00236	0.00514
15	0.01370	0.17090	0.01771	0.04508	0.34783	0.30153	0.01115	0.01567	0.01126	0.01292	0.00775	0.00966	0.00657	0.00436	0.00415	0.00125	0.00647	0.00342	0.00227	0.00632
16	0.17441	0.10844	0.08084	0.04646	0.01420	0.01035	0.15525	0.04380	0.01016	0.06849	0.00988	0.01159	0.00759	0.00513	0.01766	0.00143	0.02988	0.00384	0.14721	0.05338
17	0.03172	0.04511	0.05415	0.01517	0.21509	0.09112	0.05829	0.13872	0.19588	0.04236	0.04508	0.01382	0.02201	0.00532	0.00460	0.00142	0.00523	0.00452	0.00348	0.00690
18	0.01169	0.09338	0.08504	0.00921	0.01196	0.02709	0.00795	0.26969	0.11157	0.01881	0.01612	0.25523	0.01575	0.00833	0.00491	0.00156	0.00441	0.03716	0.00399	0.00614
19	0.50903	0.01186	0.02299	0.01084	0.09976	0.13864	0.05581	0.02963	0.00960	0.03182	0.00733	0.00879	0.00579	0.00455	0.00401	0.00143	0.03671	0.00310	0.00274	0.00556
20	0.15033	0.03974	0.06030	0.40603	0.05300	0.01022	0.02912	0.01320	0.07194	0.01447	0.02350	0.04444	0.00913	0.00598	0.01936	0.00165	0.00542	0.03409	0.00265	0.00545
21	0.01282	0.01139	0.01021	0.03962	0.01185	0.26022	0.00722	0.05333	0.01107	0.12244	0.01137	0.01387	0.00928	0.01601	0.30373	0.00354	0.00850	0.00412	0.04844	0.04098

[dist]
# distance from previous block
# <min> <max>
0	1

[block]
# block no. 6 follows, 55 sequences, length 78
# corresponding to MSA columns:
# 694-705,755-820
name=unknown_G
#
# <colnr> <probs for GDERKNQSTAVLIFYWHMCP>
#	G	D	E	R	K	N	Q	S	T	A	V	L	I	F	Y	W	H	M	C	P
0	0.00737	0.00611	0.00794	0.00787	0.00856	0.03790	0.00598	0.01926	0.00822	0.01134	0.01525	0.20971	0.02797	0.05409	0.45108	0.00501	0.10232	0.00687	0.00294	0.00422
1	0.01002	0.00943	0.01328	0.56575	0.08355	0.07632	0.01155	0.05093	0.01041	0.01336	0.00967	0.02850	0.00788	0.00519	0.00461	0.00150	0.00590	0.03141	0.05538	0.00538
2	0.00709	0.00559	0.00733	0.00728	0.00804	0.03785	0.00547	0.00847	0.00759	0.01054	0.01260	0.01980	0.01224	0.15973	0.66086	0.00676	0.01105	0.00519	0.00254	0.00399
3	0.05854	0.59357	0.02071	0.00916	0.04276	0.03999	0.02157	0.01424	0.05506	0.01229	0.00881	0.00988	0.03396	0.00509	0.01576	0.00125	0.04598	0.00315	0.00232	0.00590
4	0.01052	0.33556	0.51130	0.01123	0.01700	0.01371	0.01366	0.01443	0.00968	0.01329	0.00763	0.00892	0.00592	0.00425	0.00387	0.00129	0.00615	0.00307	0.00197	0.00653
5	0.00957	0.02901	0.30375	0.01259	0.09479	0.00963	0.04144	0.02442	0.17643	0.01579	0.06106	0.08592	0.01454	0.00687	0.00494	0.00159	0.00513	0.09295	0.00327	0.00630
6	0.00571	0.00411	0.00542	0.00638	0.00674	0.00382	0.00429	0.00661	0.00920	0.01227	0.06877	0.75947	0.06160	0.01419	0.00590	0.00185	0.00266	0.01283	0.00436	0.00382
7	0.00700	0.00507	0.00631	0.00591	0.00721	0.00472	0.00446	0.00955	0.04945	0.03676	0.63933	0.03494	0.15251	0.00960	0.00543	0.00148	0.00233	0.00838	0.00500	0.00455
8	0.00638	0.00475	0.00593	0.00563	0.00682	0.00430	0.00423	0.00838	0.01268	0.01749	0.65964	0.03667	0.19002	0.00995	0.00549	0.00148	0.00223	0.00868	0.00497	0.00430
9	0.00965	0.00827	0.00965	0.00689	0.01102	0.00620	0.00551	0.01171	0.00965	0.01516	0.00827	0.00965	0.00689	0.00345	0.00345	0.00069	0.00345	0.00276	0.00276	0.86494
10	0.00550	0.00471	0.00471	0.00471	0.00628	0.00393	0.00353	0.00668	0.01060	0.01257	0.04713	0.04477	0.80560	0.01178	0.00550	0.00157	0.00236	0.00982	0.00432	0.00393
11	0.00569	0.00472	0.00498	0.00491	0.00640	0.00401	0.00369	0.00705	0.01106	0.01364	0.18053	0.04301	0.67153	0.01138	0.00550	0.00155	0.00233	0.00957	0.00446	0.00401
12	0.00933	0.02406	0.81240	0.01326	0.02014	0.01080	0.01719	0.01473	0.00982	0.01473	0.00835	0.00982	0.00589	0.00442	0.00442	0.00147	0.00688	0.00344	0.00196	0.00688
13	0.01738	0.02217	0.01318	0.01199	0.01438	0.81783	0.00899	0.01858	0.01318	0.01139	0.00719	0.00839	0.00599	0.00479	0.00419	0.00120	0.00839	0.00300	0.00240	0.00539
14	0.01170	0.00954	0.01024	0.00918	0.01175	0.01086	0.00714	0.02355	0.70880	0.05869	0.05865	0.03008	0.01581	0.00657	0.00479	0.00157	0.00361	0.00551	0.00480	0.00719
15	0.00958	0.00764	0.00914	0.00745	0.04173	0.00603	0.00555	0.01160	0.00973	0.03157	0.01043	0.06387	0.00914	0.00447	0.00365	0.00086	0.00334	0.00371	0.10390	0.65662
16	0.00806	0.05128	0.20758	0.03416	0.01086	0.00732	0.00767	0.01025	0.05088	0.01144	0.01270	0.08232	0.01290	0.31056	0.06854	0.09531	0.00548	0.00565	0.00265	0.00439
17	0.00950	0.06831	0.76963	0.01297	0.01969	0.01122	0.01669	0.01469	0.00980	0.01453	0.00825	0.00969	0.00590	0.00440	0.00434	0.00145	0.00677	0.00339	0.00197	0.00683
18	0.01158	0.01302	0.19339	0.15047	0.29137	0.01035	0.03284	0.04480	0.01076	0.09643	0.00965	0.01167	0.00728	0.00462	0.00489	0.00142	0.03367	0.00400	0.01443	0.05337
19	0.01192	0.70325	0.15589	0.00884	0.01331	0.01714	0.00950	0.01406	0.00951	0.01158	0.00678	0.00786	0.00596	0.00405	0.00322	0.00107	0.00529	0.00265	0.00199	0.00612
20	0.00567	0.00405	0.00540	0.00648	0.00675	0.00378	0.00432	0.00648	0.00891	0.01188	0.02564	0.83347	0.03077	0.01457	0.00594	0.00189	0.00270	0.01323	0.00432	0.00378
21	0.01180	0.01246	0.12452	0.04930	0.41071	0.01082	0.09376	0.01655	0.13007	0.07708	0.01103	0.01264	0.00845	0.00463	0.00470	0.00145	0.00557	0.00440	0.00289	0.00715
22	0.01113	0.28752	0.42366	0.03899	0.01702	0.01320	0.02683	0.04548	0.02651	0.04432	0.00855	0.00993	0.00657	0.01647	0.00428	0.00136	0.00597	0.00335	0.00230	0.00654
23	0.01236	0.05271	0.02492	0.37708	0.02183	0.08132	0.01043	0.24796	0.01348	0.01728	0.01026	0.01234	0.03394	0.00514	0.00464	0.00141	0.01703	0.00408	0.00298	0.04882
24	0.00687	0.00489	0.00670	0.00772	0.00848	0.00480	0.00624	0.00847	0.00993	0.01302	0.02446	0.30405	0.02758	0.05440	0.00713	0.00218	0.00378	0.49105	0.00422	0.00405
25	0.01550	0.05012	0.05564	0.04214	0.08434	0.02024	0.00827	0.04056	0.07729	0.40510	0.09709	0.01639	0.01367	0.00674	0.02905	0.00162	0.01991	0.00483	0.00451	0.00699
26	0.01123	0.02953	0.15901	0.14948	0.29739	0.03873	0.05434	0.01470	0.04089	0.06304	0.00972	0.02125	0.00766	0.00486	0.00522	0.00147	0.05568	0.00420	0.02506	0.00654
27	0.01879	0.00771	0.01026	0.00807	0.01135	0.00689	0.00660	0.02137	0.06454	0.67548	0.08858	0.01765	0.01459	0.00612	0.00473	0.00144	0.00375	0.00504	0.01951	0.00751
28	0.00678	0.00503	0.00656	0.00738	0.00846	0.00481	0.00614	0.00852	0.01045	0.01333	0.03014	0.15171	0.21345	0.01282	0.00614	0.00197	0.00362	0.49426	0.00430	0.00413
29	0.01154	0.04673	0.28231	0.04020	0.11352	0.09774	0.05429	0.03719	0.04710	0.08142	0.02741	0.05758	0.02116	0.03228	0.00527	0.00156	0.00586	0.02758	0.00292	0.00633
30	0.02319	0.10839	0.29587	0.06193	0.15630	0.09523	0.07806	0.01495	0.02053	0.05044	0.00952	0.03914	0.00773	0.00486	0.00444	0.00141	0.00624	0.01288	0.00244	0.00645
31	0.00665	0.00498	0.00748	0.00748	0.00831	0.00582	0.00582	0.00831	0.00748	0.01080	0.01246	0.01828	0.01163	0.03489	0.81807	0.00748	0.01246	0.00498	0.00249	0.00415
32	0.00965	0.00827	0.00965	0.00689	0.01102	0.00620	0.00551	0.01171	0.00965	0.01516	0.00827	0.00965	0.00689	0.00345	0.00345	0.00069	0.00345	0.00276	0.00276	0.86494
33	0.14161	0.29056	0.27781	0.01103	0.04644	0.04458	0.04810	0.01474	0.00974	0.05035	0.00788	0.00912	0.00617	0.00437	0.00397	0.00131	0.02050	0.00316	0.00233	0.00624
34	0.01302	0.01006	0.01069	0.00917	0.01193	0.01134	0.00726	0.21211	0.49840	0.04421	0.01659	0.01579	0.01232	0.00602	0.00455	0.00147	0.00388	0.00488	0.09911	0.00718
35	0.01181	0.00829	0.00820	0.00706	0.00917	0.05202	0.00556	0.22349	0.07731	0.02019	0.01363	0.01490	0.01050	0.00609	0.02234	0.00134	0.00371	0.00425	0.46035	0.03977
36	0.02021	0.00772	0.01045	0.00806	0.01153	0.00670	0.00664	0.02203	0.01312	0.76765	0.01818	0.01592	0.01154	0.00574	0.00460	0.00142	0.00386	0.00466	0.05224	0.00772
37	0.00642	0.00475	0.00599	0.00568	0.00685	0.00432	0.00426	0.00846	0.01279	0.01775	0.69171	0.03625	0.15779	0.00985	0.00549	0.00148	0.00222	0.00862	0.00500	0.00432
38	0.00566	0.00408	0.00536	0.00639	0.00672	0.00379	0.00428	0.00649	0.00899	0.01191	0.02671	0.79422	0.06933	0.01444	0.00592	0.00187	0.00268	0.01306	0.00432	0.00379
39	0.00647	0.00475	0.00606	0.00573	0.00688	0.00434	0.00430	0.00856	0.01290	0.01802	0.72618	0.03579	0.12314	0.00975	0.00549	0.00147	0.00221	0.00856	0.00504	0.00434
40	0.00879	0.00827	0.01395	0.82532	0.03204	0.01034	0.01292	0.01189	0.00930	0.01189	0.00827	0.01240	0.00620	0.00465	0.00465	0.00155	0.00620	0.00413	0.00207	0.00517
41	0.00914	0.00846	0.01395	0.79298	0.03134	0.01050	0.01276	0.04286	0.00980	0.01258	0.00838	0.01235	0.00627	0.00469	0.00465	0.00154	0.00616	0.00414	0.00217	0.00528
42	0.01018	0.01018	0.01425	0.01221	0.01221	0.01425	0.01018	0.01120	0.00712	0.01120	0.00611	0.01018	0.00611	0.00814	0.01527	0.00204	0.82799	0.00407	0.00204	0.00509
43	0.86937	0.00900	0.00684	0.00612	0.00900	0.01044	0.00504	0.01368	0.00792	0.02087	0.00648	0.00756	0.00504	0.00432	0.00288	0.00144	0.00360	0.00252	0.00288	0.00504
44	0.00632	0.00463	0.00582	0.00577	0.00672	0.00426	0.00418	0.00801	0.01167	0.01602	0.51449	0.15486	0.14551	0.07228	0.00692	0.00178	0.00249	0.01944	0.00471	0.00412
45	0.00665	0.00498	0.00748	0.00748	0.00831	0.00582	0.00582	0.00831	0.00748	0.01080	0.01246	0.01828	0.01163	0.03489	0.81807	0.00748	0.01246	0.00498	0.00249	0.00415
46	0.00649	0.00475	0.00609	0.00575	0.00689	0.00435	0.00431	0.00859	0.01294	0.01812	0.73792	0.03564	0.11134	0.00971	0.00549	0.00147	0.00221	0.00854	0.00505	0.00435
47	0.00808	0.00404	0.00606	0.00606	0.00606	0.00404	0.00404	0.00606	0.00606	0.00808	0.00808	0.01414	0.00808	0.01616	0.01818	0.86465	0.00404	0.00404	0.00202	0.00202
48	0.85007	0.00897	0.00693	0.00617	0.00906	0.01035	0.00508	0.01388	0.00804	0.03883	0.00675	0.00775	0.00519	0.00435	0.00292	0.00144	0.00361	0.00257	0.00294	0.00510
49	0.01147	0.25538	0.24298	0.01307	0.12357	0.02675	0.03466	0.06231	0.07866	0.01484	0.00887	0.01016	0.00706	0.00456	0.00443	0.00130	0.03554	0.00350	0.00249	0.05840
50	0.01359	0.01179	0.01160	0.00999	0.01287	0.08120	0.00787	0.21494	0.53868	0.02122	0.01600	0.01505	0.01194	0.00600	0.00467	0.00150	0.00444	0.00480	0.00451	0.00733
51	0.00808	0.00404	0.00606	0.00606	0.00606	0.00404	0.00404	0.00606	0.00606	0.00808	0.00808	0.01414	0.00808	0.01616	0.01818	0.86465	0.00404	0.00404	0.00202	0.00202
52	0.01036	0.01691	0.32476	0.01720	0.02273	0.01140	0.49766	0.01484	0.01054	0.01484	0.00901	0.01152	0.00662	0.00411	0.00508	0.00153	0.00748	0.00471	0.00221	0.00650
53	0.01147	0.01270	0.08779	0.04712	0.37862	0.01154	0.28264	0.06810	0.01134	0.01586	0.00905	0.01171	0.00712	0.00427	0.00508	0.00147	0.02023	0.00455	0.00244	0.00688
54	0.01972	0.00817	0.01076	0.00842	0.01190	0.00742	0.00690	0.02293	0.11079	0.71255	0.01843	0.01602	0.01185	0.00583	0.00469	0.00146	0.00392	0.00475	0.00563	0.00785
55	0.01151	0.01105	0.01888	0.02855	0.80748	0.01105	0.01428	0.01428	0.01059	0.01520	0.00875	0.01151	0.00737	0.00415	0.00461	0.00138	0.00553	0.00415	0.00230	0.00737
56	0.01241	0.00903	0.00995	0.00881	0.01138	0.00995	0.00688	0.04573	0.55464	0.13483	0.03718	0.06263	0.04440	0.00691	0.00480	0.00156	0.00360	0.00579	0.02250	0.00701
57	0.00776	0.00606	0.00921	0.00940	0.01077	0.00607	0.07252	0.00997	0.01062	0.01386	0.02396	0.04757	0.06330	0.01192	0.00655	0.00206	0.02796	0.65191	0.00406	0.00445
58	0.01315	0.00707	0.00803	0.00693	0.00913	0.01836	0.00548	0.06980	0.13023	0.23995	0.01610	0.01642	0.01178	0.00725	0.04820	0.00163	0.00375	0.00458	0.37613	0.00604
59	0.00933	0.02406	0.81240	0.01326	0.02014	0.01080	0.01719	0.01473	0.00982	0.01473	0.00835	0.00982	0.00589	0.00442	0.00442	0.00147	0.00688	0.00344	0.00196	0.00688
60	0.00918	0.00488	0.00494	0.00476	0.00600	0.00498	0.00361	0.04999	0.02625	0.01798	0.01505	0.01704	0.01177	0.00545	0.00335	0.00111	0.00235	0.00435	0.80238	0.00457
61	0.00658	0.00490	0.00722	0.00730	0.00805	0.00562	0.00557	0.00811	0.00754	0.01079	0.01346	0.07445	0.01318	0.07113	0.72539	0.00696	0.01142	0.00563	0.00263	0.00407
62	0.01211	0.73841	0.06645	0.00854	0.01240	0.01771	0.00861	0.01379	0.00931	0.01117	0.00655	0.00778	0.00598	0.00429	0.00390	0.00109	0.06131	0.00265	0.00199	0.00596
63	0.00665	0.00498	0.00748	0.00748	0.00831	0.00582	0.00582	0.00831	0.00748	0.01080	0.01246	0.01828	0.01163	0.03489	0.81807	0.00748	0.01246	0.00498	0.00249	0.00415
64	0.00570	0.00407	0.00542	0.00646	0.00675	0.00380	0.00432	0.00655	0.00904	0.01209	0.05062	0.80787	0.03119	0.01441	0.00592	0.00188	0.00268	0.01307	0.00434	0.00380
65	0.00677	0.00453	0.00517	0.00524	0.00528	0.00453	0.00303	0.00687	0.00696	0.00927	0.01526	0.04703	0.01757	0.78839	0.02266	0.00437	0.00447	0.03680	0.00291	0.00289
66	0.01234	0.60556	0.15404	0.00978	0.04078	0.01656	0.00978	0.08009	0.01061	0.01328	0.00726	0.00831	0.00617	0.00419	0.00342	0.00112	0.00532	0.00285	0.00222	0.00633
67	0.00641	0.00485	0.00551	0.00566	0.00696	0.00432	0.00421	0.00802	0.03305	0.03887	0.11570	0.21887	0.46951	0.01188	0.00559	0.00166	0.00260	0.04768	0.00446	0.00418
68	0.01996	0.00797	0.01065	0.00824	0.01171	0.00707	0.00678	0.04829	0.02769	0.73260	0.04036	0.01627	0.01237	0.00586	0.00467	0.00143	0.00391	0.00477	0.02166	0.00774
69	0.00713	0.00540	0.00620	0.00593	0.00716	0.03211	0.00443	0.00917	0.02244	0.03069	0.54198	0.08313	0.16577	0.00973	0.00534	0.00148	0.00251	0.00845	0.04655	0.00441
70	0.03069	0.01468	0.18327	0.01825	0.15078	0.04263	0.38674	0.05769	0.01123	0.01561	0.00958	0.03943	0.00764	0.00456	0.00499	0.00150	0.00686	0.00488	0.00247	0.00652
71	0.00719	0.00516	0.00710	0.00812	0.00909	0.00510	0.00689	0.00911	0.01042	0.01354	0.02540	0.14351	0.05590	0.02788	0.00665	0.00213	0.00403	0.64432	0.00426	0.00418
72	0.01098	0.01053	0.01779	0.16141	0.63102	0.01112	0.01381	0.01370	0.01017	0.01441	0.00852	0.01159	0.00710	0.00446	0.00523	0.00145	0.05346	0.00414	0.00225	0.00687
73	0.01168	0.01062	0.01890	0.03304	0.27305	0.01048	0.28238	0.08639	0.03878	0.06225	0.01222	0.10484	0.01066	0.00567	0.00510	0.00153	0.00582	0.01692	0.00307	0.00658
74	0.00870	0.00630	0.00781	0.00749	0.00844	0.01779	0.00572	0.05277	0.01022	0.06077	0.08030	0.30617	0.08733	0.01098	0.02985	0.00185	0.14722	0.02650	0.11915	0.00466
75	0.74935	0.01047	0.00792	0.00751	0.03676	0.09651	0.00577	0.01422	0.00857	0.01967	0.00663	0.00778	0.00522	0.00436	0.00308	0.00141	0.00418	0.00263	0.00281	0.00516
76	0.00589	0.00433	0.00549	0.00632	0.00690	0.00402	0.00445	0.00688	0.00930	0.01208	0.02882	0.56579	0.16831	0.05534	0.00681	0.00199	0.00290	0.09631	0.00424	0.00381
77	0.01289	0.57063	0.04778	0.00921	0.02731	0.16489	0.00836	0.01469	0.02444	0.01158	0.00762	0.03453	0.00698	0.00451	0.00343	0.00108	0.00553	0.00305	0.00222	0.03926

[dist]
# distance from previous block
# <min> <max>
0	96

# created by:
# /home/cegg/simao/soft/augustus-3.2.1/scripts/msa2prfl.pl ./align_prep/EOG091G0GMC.fa
