[name]
unknown

[dist]
# distance from previous block
# <min> <max>
0	148

[block]
# block no. 0 follows, 51 sequences, length 68
# corresponding to MSA columns:
# 157-204,217-236
name=unknown_A
#
# <colnr> <probs for GDERKNQSTAVLIFYWHMCP>
#	G	D	E	R	K	N	Q	S	T	A	V	L	I	F	Y	W	H	M	C	P
0	0.00860	0.00646	0.00834	0.02479	0.02862	0.00644	0.00713	0.02612	0.05829	0.01542	0.02373	0.06510	0.09001	0.02280	0.01855	0.00201	0.01794	0.41375	0.07544	0.08046
1	0.01171	0.01021	0.02657	0.09988	0.20494	0.01074	0.00990	0.05974	0.29804	0.03875	0.05750	0.01678	0.01305	0.03571	0.03078	0.00184	0.00501	0.00510	0.00380	0.05994
2	0.20221	0.05480	0.01311	0.38236	0.07079	0.01127	0.01031	0.05509	0.04385	0.01619	0.01031	0.07640	0.00887	0.00579	0.00469	0.00160	0.01903	0.00471	0.00285	0.00576
3	0.17100	0.01077	0.01219	0.00964	0.01297	0.01159	0.02270	0.32774	0.01612	0.23122	0.03824	0.01341	0.01006	0.00597	0.00528	0.00153	0.05518	0.00441	0.03261	0.00734
4	0.01128	0.01126	0.01574	0.44719	0.16360	0.10252	0.04573	0.03726	0.04334	0.01438	0.03831	0.01346	0.00866	0.00517	0.00514	0.00157	0.02220	0.00451	0.00260	0.00610
5	0.00663	0.00566	0.00609	0.00639	0.03209	0.00510	0.00464	0.00898	0.07225	0.01401	0.04485	0.04437	0.66608	0.01180	0.00577	0.00169	0.00282	0.05168	0.00453	0.00457
6	0.00996	0.05065	0.77750	0.01383	0.02100	0.01166	0.01785	0.01554	0.01036	0.01544	0.00876	0.01030	0.00623	0.00465	0.00462	0.00154	0.00720	0.00360	0.00208	0.00723
7	0.00599	0.00428	0.00570	0.00684	0.00713	0.00399	0.00456	0.00684	0.00941	0.01254	0.02709	0.82409	0.03250	0.01540	0.00627	0.00200	0.00285	0.01397	0.00456	0.00399
8	0.86201	0.00950	0.00722	0.00646	0.00950	0.01102	0.00532	0.01445	0.00836	0.02205	0.00684	0.00798	0.00532	0.00456	0.00304	0.00152	0.00380	0.00266	0.00304	0.00532
9	0.04162	0.72169	0.02381	0.00853	0.01261	0.04835	0.00828	0.01547	0.01034	0.06094	0.00764	0.00847	0.00664	0.00437	0.00331	0.00110	0.00528	0.00279	0.00240	0.00638
10	0.00692	0.00500	0.00631	0.00598	0.00719	0.00458	0.00448	0.00912	0.01345	0.01893	0.67768	0.03709	0.12810	0.01013	0.00570	0.00154	0.00234	0.00887	0.04201	0.00458
11	0.01222	0.01056	0.01111	0.01000	0.01278	0.01222	0.00778	0.02611	0.78776	0.02056	0.02000	0.01833	0.01500	0.00667	0.00500	0.00167	0.00389	0.00556	0.00500	0.00778
12	0.01088	0.00918	0.01195	0.00898	0.01257	0.00820	0.06168	0.06501	0.01142	0.03736	0.09409	0.01361	0.01164	0.00507	0.00535	0.00109	0.08260	0.00405	0.00330	0.54195
13	0.01075	0.01075	0.01505	0.01290	0.01290	0.01505	0.01075	0.01183	0.00753	0.01183	0.00645	0.01075	0.00645	0.00860	0.01613	0.00215	0.81830	0.00430	0.00215	0.00538
14	0.01836	0.02342	0.01393	0.01266	0.01519	0.80756	0.00950	0.01962	0.01393	0.01203	0.00760	0.00886	0.00633	0.00506	0.00443	0.00127	0.00886	0.00317	0.00253	0.00570
15	0.00593	0.00483	0.00515	0.00537	0.00666	0.00416	0.00385	0.00702	0.01059	0.01290	0.04316	0.19989	0.59570	0.06369	0.00709	0.00192	0.00270	0.01088	0.00446	0.00404
16	0.01208	0.01174	0.01973	0.07846	0.71742	0.02565	0.03277	0.01502	0.01116	0.01576	0.00920	0.01219	0.00767	0.00442	0.00488	0.00147	0.00599	0.00439	0.00242	0.00758
17	0.01160	0.01326	0.02900	0.02071	0.02568	0.01243	0.77879	0.01574	0.01160	0.01574	0.00994	0.01326	0.00746	0.00414	0.00580	0.00166	0.00829	0.00580	0.00249	0.00663
18	0.00599	0.00428	0.00570	0.00684	0.00713	0.00399	0.00456	0.00684	0.00941	0.01254	0.02709	0.82409	0.03250	0.01540	0.00627	0.00200	0.00285	0.01397	0.00456	0.00399
19	0.01199	0.01150	0.01964	0.07659	0.75154	0.01163	0.01500	0.01493	0.01111	0.01585	0.00921	0.01222	0.00771	0.00441	0.00487	0.00147	0.00588	0.00438	0.00242	0.00765
20	0.01003	0.00922	0.01547	0.43960	0.27752	0.01033	0.02815	0.01298	0.01031	0.01411	0.01062	0.06816	0.00911	0.00549	0.00492	0.00157	0.00584	0.00506	0.05543	0.00608
21	0.00602	0.00442	0.00566	0.00655	0.00708	0.00405	0.00446	0.00702	0.00993	0.01309	0.07780	0.67142	0.13512	0.01467	0.00618	0.00192	0.00277	0.01317	0.00461	0.00405
22	0.01836	0.02342	0.01393	0.01266	0.01519	0.80756	0.00950	0.01962	0.01393	0.01203	0.00760	0.00886	0.00633	0.00506	0.00443	0.00127	0.00886	0.00317	0.00253	0.00570
23	0.01386	0.01321	0.05099	0.01623	0.02070	0.01274	0.42931	0.19733	0.11250	0.06353	0.01213	0.01364	0.00884	0.00500	0.00540	0.00160	0.00679	0.00532	0.00356	0.00730
24	0.00696	0.00503	0.00661	0.00624	0.00739	0.00469	0.00469	0.00926	0.01371	0.01944	0.76854	0.03614	0.04526	0.01092	0.03200	0.00175	0.00267	0.00877	0.00532	0.00463
25	0.00654	0.00501	0.00599	0.00574	0.00708	0.00446	0.00431	0.00846	0.01292	0.01735	0.52151	0.04058	0.32037	0.01093	0.00580	0.00159	0.00238	0.00943	0.00510	0.00446
26	0.00702	0.00471	0.00540	0.00552	0.00555	0.00468	0.00315	0.00711	0.00739	0.00986	0.01675	0.11841	0.01946	0.73887	0.02297	0.00446	0.00456	0.00789	0.00315	0.00309
27	0.01019	0.00873	0.01019	0.00728	0.01165	0.00655	0.00582	0.01237	0.01019	0.01601	0.00873	0.01019	0.00728	0.00364	0.00364	0.00073	0.00364	0.00291	0.00291	0.85734
28	0.00696	0.00502	0.00657	0.00618	0.00734	0.00464	0.00464	0.00927	0.01391	0.01971	0.79405	0.03671	0.04637	0.01005	0.00580	0.00155	0.00232	0.00889	0.00541	0.00464
29	0.01632	0.01176	0.01280	0.01016	0.01356	0.01278	0.00827	0.55417	0.07709	0.07020	0.04540	0.03839	0.07747	0.00748	0.01953	0.00164	0.00494	0.00547	0.00493	0.00763
30	0.00702	0.00527	0.00790	0.00790	0.00878	0.00614	0.00614	0.00878	0.00790	0.01141	0.01316	0.01931	0.01229	0.03686	0.80782	0.00790	0.01316	0.00527	0.00263	0.00439
31	0.01838	0.02288	0.01397	0.01258	0.01519	0.76351	0.00949	0.06191	0.01444	0.01308	0.00783	0.00903	0.00644	0.00511	0.00446	0.00128	0.00867	0.00324	0.00266	0.00584
32	0.01279	0.74596	0.10703	0.00899	0.01352	0.01860	0.00943	0.01480	0.01003	0.01198	0.00704	0.00814	0.00630	0.00425	0.00331	0.00110	0.00547	0.00273	0.00210	0.00641
33	0.01204	0.01155	0.01972	0.06410	0.76368	0.01164	0.01502	0.01497	0.01113	0.01590	0.00922	0.01220	0.00773	0.00440	0.00487	0.00147	0.00587	0.00438	0.00242	0.00768
34	0.00715	0.00476	0.00536	0.00536	0.00536	0.00476	0.00298	0.00715	0.00715	0.00953	0.01548	0.03216	0.01787	0.82729	0.02501	0.00476	0.00476	0.00715	0.00298	0.00298
35	0.00702	0.00527	0.00790	0.00790	0.00878	0.00614	0.00614	0.00878	0.00790	0.01141	0.01316	0.01931	0.01229	0.03686	0.80782	0.00790	0.01316	0.00527	0.00263	0.00439
36	0.01119	0.01061	0.01784	0.04239	0.57328	0.01064	0.06058	0.01456	0.05427	0.01592	0.03577	0.09238	0.02684	0.00589	0.00511	0.00155	0.00544	0.00571	0.00291	0.00713
37	0.01346	0.78009	0.02502	0.00867	0.01277	0.06844	0.00848	0.01502	0.01023	0.01159	0.00688	0.00794	0.00631	0.00426	0.00323	0.00106	0.00548	0.00266	0.00213	0.00627
38	0.00684	0.00498	0.00643	0.00614	0.00729	0.00457	0.00458	0.00901	0.01351	0.01894	0.70871	0.07880	0.09083	0.01047	0.00582	0.00158	0.00236	0.00924	0.00531	0.00457
39	0.00599	0.00428	0.00570	0.00684	0.00713	0.00399	0.00456	0.00684	0.00941	0.01254	0.02709	0.82409	0.03250	0.01540	0.00627	0.00200	0.00285	0.01397	0.00456	0.00399
40	0.00986	0.02542	0.80183	0.01401	0.02127	0.01141	0.01816	0.01556	0.01038	0.01556	0.00882	0.01038	0.00623	0.00467	0.00467	0.00156	0.00726	0.00363	0.00208	0.00726
41	0.01323	0.00732	0.00970	0.00903	0.05884	0.00690	0.00657	0.08865	0.01443	0.27195	0.37716	0.07011	0.02849	0.00831	0.00540	0.00155	0.00347	0.00719	0.00535	0.00636
42	0.81710	0.00924	0.00708	0.00636	0.00930	0.01069	0.00522	0.01429	0.00847	0.02185	0.00733	0.00853	0.00571	0.00462	0.00306	0.00150	0.00372	0.00276	0.04788	0.00528
43	0.01033	0.02531	0.75803	0.01393	0.02093	0.05568	0.01768	0.01579	0.01057	0.01537	0.00875	0.01029	0.00623	0.00469	0.00466	0.00154	0.00735	0.00361	0.00210	0.00718
44	0.00624	0.00462	0.00619	0.00716	0.00743	0.00457	0.00489	0.00711	0.00931	0.01251	0.02600	0.78126	0.03113	0.01504	0.00679	0.00200	0.04579	0.01346	0.00443	0.00406
45	0.02088	0.00834	0.01109	0.00864	0.01226	0.00742	0.00709	0.02354	0.06200	0.71780	0.01928	0.01690	0.01236	0.00610	0.00488	0.00151	0.00408	0.00496	0.04268	0.00816
46	0.01216	0.01168	0.01995	0.03016	0.79664	0.01168	0.01508	0.01508	0.01119	0.01605	0.00924	0.01216	0.00778	0.00438	0.00487	0.00146	0.00584	0.00438	0.00243	0.00778
47	0.00599	0.00428	0.00570	0.00684	0.00713	0.00399	0.00456	0.00684	0.00941	0.01254	0.02709	0.82409	0.03250	0.01540	0.00627	0.00200	0.00285	0.01397	0.00456	0.00399
48	0.02144	0.00823	0.01121	0.00864	0.01233	0.00712	0.00712	0.02336	0.01406	0.76846	0.05074	0.01754	0.01355	0.00624	0.00498	0.00152	0.00411	0.00510	0.00606	0.00821
49	0.00703	0.00521	0.00763	0.00763	0.00841	0.00600	0.00581	0.00860	0.00782	0.01121	0.01341	0.02067	0.01288	0.12076	0.72472	0.00757	0.01227	0.00546	0.00267	0.00424
50	0.00719	0.00507	0.00690	0.00690	0.00752	0.00562	0.00499	0.00844	0.00781	0.01125	0.01406	0.02324	0.01404	0.28042	0.51468	0.00650	0.00988	0.00581	0.05571	0.00396
51	0.01836	0.02342	0.01393	0.01266	0.01519	0.80756	0.00950	0.01962	0.01393	0.01203	0.00760	0.00886	0.00633	0.00506	0.00443	0.00127	0.00886	0.00317	0.00253	0.00570
52	0.01314	0.83025	0.02575	0.00841	0.01261	0.01945	0.00841	0.01472	0.00999	0.01156	0.00683	0.00788	0.00631	0.00420	0.00315	0.00105	0.00526	0.00263	0.00210	0.00631
53	0.00597	0.00498	0.00520	0.00515	0.00674	0.00422	0.00386	0.00737	0.01158	0.01419	0.15516	0.04580	0.68870	0.01211	0.00581	0.00164	0.00246	0.01016	0.00468	0.00422
54	0.01030	0.00587	0.00772	0.00680	0.00856	0.00536	0.00526	0.02558	0.01410	0.18227	0.61941	0.03212	0.03860	0.00915	0.00560	0.00154	0.00276	0.00799	0.00554	0.00548
55	0.00696	0.00502	0.00657	0.00618	0.00734	0.00464	0.00464	0.00927	0.01391	0.01971	0.79405	0.03671	0.04637	0.01005	0.00580	0.00155	0.00232	0.00889	0.00541	0.00464
56	0.86201	0.00950	0.00722	0.00646	0.00950	0.01102	0.00532	0.01445	0.00836	0.02205	0.00684	0.00798	0.00532	0.00456	0.00304	0.00152	0.00380	0.00266	0.00304	0.00532
57	0.13477	0.00852	0.01084	0.00844	0.01214	0.00773	0.00697	0.02267	0.01330	0.69563	0.01770	0.01555	0.01125	0.00588	0.00469	0.00152	0.00413	0.00464	0.00567	0.00796
58	0.00696	0.00502	0.00657	0.00618	0.00734	0.00464	0.00464	0.00927	0.01391	0.01971	0.79405	0.03671	0.04637	0.01005	0.00580	0.00155	0.00232	0.00889	0.00541	0.00464
59	0.00916	0.00458	0.00458	0.00458	0.00573	0.00458	0.00344	0.01145	0.01031	0.01832	0.01603	0.01832	0.01260	0.00573	0.00344	0.00115	0.00229	0.00458	0.85457	0.00458
60	0.00967	0.00507	0.00512	0.00494	0.00623	0.00515	0.00375	0.05244	0.01099	0.01900	0.01581	0.01797	0.01237	0.00573	0.00351	0.00116	0.00246	0.00457	0.80927	0.00478
61	0.00928	0.00873	0.01474	0.81548	0.03385	0.01092	0.01365	0.01256	0.00983	0.01256	0.00873	0.01310	0.00655	0.00491	0.00491	0.00164	0.00655	0.00437	0.00218	0.00546
62	0.00662	0.00683	0.07703	0.00626	0.00823	0.00499	0.00538	0.00869	0.01219	0.01601	0.33880	0.03982	0.42970	0.01081	0.00570	0.00161	0.00285	0.00918	0.00467	0.00462
63	0.01282	0.78679	0.02468	0.00825	0.01223	0.01867	0.00812	0.01432	0.00984	0.01145	0.00729	0.00916	0.00692	0.04754	0.00430	0.00125	0.00523	0.00287	0.00215	0.00613
64	0.01163	0.01101	0.01343	0.05437	0.04332	0.05188	0.04405	0.01924	0.38206	0.01683	0.05754	0.01603	0.01288	0.00703	0.00817	0.00177	0.23319	0.00518	0.00374	0.00665
65	0.01509	0.01246	0.05654	0.01059	0.01386	0.02944	0.00894	0.44275	0.13018	0.04207	0.06290	0.06995	0.01389	0.00719	0.00549	0.00159	0.03150	0.03352	0.00465	0.00740
66	0.11159	0.16822	0.31432	0.01304	0.01824	0.01263	0.18508	0.01532	0.01037	0.04930	0.00916	0.01103	0.00699	0.00621	0.04675	0.00181	0.00689	0.00396	0.00249	0.00661
67	0.14004	0.10158	0.01500	0.01264	0.06137	0.52523	0.03326	0.01784	0.01237	0.01380	0.00756	0.00900	0.00631	0.00490	0.00437	0.00132	0.02180	0.00321	0.00255	0.00585

[dist]
# distance from previous block
# <min> <max>
0	1

[block]
# block no. 1 follows, 51 sequences, length 20
# corresponding to MSA columns:
# 238-257
name=unknown_B
#
# <colnr> <probs for GDERKNQSTAVLIFYWHMCP>
#	G	D	E	R	K	N	Q	S	T	A	V	L	I	F	Y	W	H	M	C	P
0	0.01404	0.01193	0.01937	0.01547	0.06760	0.02722	0.32033	0.22548	0.02990	0.09148	0.05340	0.04359	0.02961	0.00594	0.00541	0.00159	0.00620	0.02056	0.00383	0.00705
1	0.01009	0.00956	0.01621	0.59386	0.24911	0.01113	0.01405	0.01327	0.01021	0.01354	0.00888	0.01284	0.00690	0.00476	0.00490	0.00159	0.00635	0.00437	0.00225	0.00612
2	0.00971	0.00920	0.01539	0.67802	0.12636	0.01122	0.01368	0.01283	0.00988	0.01295	0.00868	0.01287	0.00670	0.00504	0.00548	0.00164	0.04805	0.00437	0.00221	0.00574
3	0.00599	0.00428	0.00570	0.00684	0.00713	0.00399	0.00456	0.00684	0.00941	0.01254	0.02709	0.82409	0.03250	0.01540	0.00627	0.00200	0.00285	0.01397	0.00456	0.00399
4	0.00702	0.00527	0.00790	0.00790	0.00878	0.00614	0.00614	0.00878	0.00790	0.01141	0.01316	0.01931	0.01229	0.03686	0.80782	0.00790	0.01316	0.00527	0.00263	0.00439
5	0.00581	0.00498	0.00498	0.00498	0.00664	0.00415	0.00373	0.00705	0.01120	0.01328	0.04978	0.04729	0.79464	0.01245	0.00581	0.00166	0.00249	0.01037	0.00456	0.00415
6	0.00792	0.00566	0.00792	0.00905	0.01018	0.00566	0.00792	0.01018	0.01131	0.01471	0.02602	0.05543	0.02828	0.01358	0.00679	0.00226	0.00453	0.76356	0.00453	0.00453
7	0.01222	0.01056	0.01111	0.01000	0.01278	0.01222	0.00778	0.02611	0.78776	0.02056	0.02000	0.01833	0.01500	0.00667	0.00500	0.00167	0.00389	0.00556	0.00500	0.00778
8	0.00599	0.00428	0.00570	0.00684	0.00713	0.00399	0.00456	0.00684	0.00941	0.01254	0.02709	0.82409	0.03250	0.01540	0.00627	0.00200	0.00285	0.01397	0.00456	0.00399
9	0.86201	0.00950	0.00722	0.00646	0.00950	0.01102	0.00532	0.01445	0.00836	0.02205	0.00684	0.00798	0.00532	0.00456	0.00304	0.00152	0.00380	0.00266	0.00304	0.00532
10	0.00916	0.00458	0.00458	0.00458	0.00573	0.00458	0.00344	0.01145	0.01031	0.01832	0.01603	0.01832	0.01260	0.00573	0.00344	0.00115	0.00229	0.00458	0.85457	0.00458
11	0.00599	0.00428	0.00570	0.00684	0.00713	0.00399	0.00456	0.00684	0.00941	0.01254	0.02709	0.82409	0.03250	0.01540	0.00627	0.00200	0.00285	0.01397	0.00456	0.00399
12	0.01764	0.00816	0.01097	0.03076	0.01247	0.00788	0.00735	0.09740	0.01335	0.50489	0.01678	0.01676	0.01165	0.01364	0.20335	0.00310	0.00659	0.00495	0.00500	0.00730
13	0.01132	0.00889	0.01053	0.00783	0.01186	0.00725	0.00634	0.05619	0.01115	0.06626	0.01041	0.01303	0.00870	0.00455	0.00426	0.00093	0.02394	0.04213	0.00329	0.69114
14	0.00702	0.00527	0.00790	0.00790	0.00878	0.00614	0.00614	0.00878	0.00790	0.01141	0.01316	0.01931	0.01229	0.03686	0.80782	0.00790	0.01316	0.00527	0.00263	0.00439
15	0.00928	0.00873	0.01474	0.81548	0.03385	0.01092	0.01365	0.01256	0.00983	0.01256	0.00873	0.01310	0.00655	0.00491	0.00491	0.00164	0.00655	0.00437	0.00218	0.00546
16	0.00943	0.00889	0.01501	0.77523	0.07294	0.01096	0.01372	0.01269	0.00990	0.01274	0.00876	0.01305	0.00661	0.00489	0.00491	0.00163	0.00651	0.00437	0.00220	0.00558
17	0.00685	0.00549	0.00787	0.04936	0.00966	0.00584	0.02682	0.00795	0.00927	0.01255	0.02332	0.66735	0.02751	0.01377	0.00732	0.00199	0.09652	0.01215	0.00411	0.00430
18	0.80551	0.00952	0.00773	0.03164	0.01038	0.01116	0.00577	0.01429	0.00838	0.02139	0.00689	0.00824	0.00540	0.00472	0.00356	0.00155	0.03278	0.00277	0.00298	0.00533
19	0.00588	0.00498	0.00508	0.00505	0.00668	0.00418	0.00379	0.00719	0.01137	0.01368	0.09684	0.04662	0.74733	0.01229	0.00581	0.00165	0.00248	0.01028	0.00462	0.00418

[dist]
# distance from previous block
# <min> <max>
0	2

[block]
# block no. 2 follows, 51 sequences, length 70
# corresponding to MSA columns:
# 260-268,270-281,293-306,308-342
name=unknown_C
#
# <colnr> <probs for GDERKNQSTAVLIFYWHMCP>
#	G	D	E	R	K	N	Q	S	T	A	V	L	I	F	Y	W	H	M	C	P
0	0.00841	0.00708	0.01050	0.01366	0.24948	0.00679	0.00802	0.01066	0.01214	0.01666	0.31381	0.07131	0.15586	0.00933	0.00564	0.00163	0.00368	0.08562	0.00422	0.00548
1	0.00773	0.00552	0.00770	0.00883	0.00988	0.00549	0.00759	0.00985	0.01113	0.01449	0.02612	0.13122	0.02870	0.01375	0.00674	0.00224	0.00436	0.68965	0.00453	0.00447
2	0.00650	0.00461	0.00596	0.00639	0.00695	0.00433	0.00436	0.00775	0.01069	0.01467	0.29938	0.42837	0.03534	0.13082	0.00881	0.00224	0.00294	0.01117	0.00464	0.00408
3	0.01381	0.02072	0.27899	0.01568	0.06370	0.28470	0.17155	0.06447	0.01268	0.01537	0.00884	0.01064	0.00674	0.00476	0.00485	0.00147	0.00783	0.00401	0.00251	0.00669
4	0.01075	0.01075	0.01505	0.01290	0.01290	0.01505	0.01075	0.01183	0.00753	0.01183	0.00645	0.01075	0.00645	0.00860	0.01613	0.00215	0.81830	0.00430	0.00215	0.00538
5	0.00669	0.00501	0.00621	0.00591	0.00718	0.00453	0.00443	0.00877	0.01329	0.01824	0.62379	0.03913	0.21754	0.01060	0.00580	0.00157	0.00236	0.00923	0.00522	0.00453
6	0.00635	0.00463	0.00619	0.00716	0.00749	0.00455	0.00496	0.00728	0.00938	0.01255	0.02575	0.70302	0.03060	0.05063	0.00749	0.00214	0.03260	0.06877	0.00440	0.00404
7	0.01659	0.03971	0.01613	0.01679	0.19240	0.56817	0.03826	0.02964	0.01326	0.01334	0.00810	0.00979	0.00673	0.00487	0.00455	0.00132	0.00802	0.00354	0.00253	0.00626
8	0.00648	0.00502	0.00620	0.00627	0.00741	0.00496	0.00469	0.00788	0.00962	0.01259	0.04845	0.08792	0.35860	0.06715	0.31565	0.00424	0.00674	0.00828	0.02767	0.00419
9	0.00966	0.00528	0.00650	0.00603	0.00749	0.00492	0.00458	0.01182	0.01245	0.12351	0.38241	0.07680	0.02963	0.00840	0.00492	0.00144	0.00259	0.00723	0.28926	0.00508
10	0.03023	0.04173	0.46219	0.01674	0.15343	0.07092	0.08293	0.01581	0.01085	0.03425	0.00908	0.01098	0.00682	0.00509	0.01523	0.00160	0.01879	0.00393	0.00233	0.00707
11	0.01204	0.01286	0.07651	0.06810	0.43666	0.05646	0.08807	0.05973	0.04329	0.01645	0.02368	0.06308	0.00998	0.00540	0.00503	0.00153	0.00605	0.00511	0.00283	0.00713
12	0.01294	0.72642	0.04206	0.01042	0.06208	0.01848	0.04283	0.01480	0.01014	0.01211	0.00716	0.00844	0.00645	0.00422	0.00341	0.00111	0.00547	0.00290	0.00214	0.00643
13	0.76745	0.00968	0.02937	0.00688	0.00994	0.01062	0.00588	0.01441	0.00872	0.03798	0.00836	0.01118	0.00692	0.00516	0.00336	0.00157	0.00395	0.05001	0.00317	0.00539
14	0.06855	0.03662	0.01345	0.01163	0.01427	0.47146	0.03362	0.05297	0.16407	0.01527	0.01096	0.04393	0.00914	0.00584	0.00487	0.00143	0.02833	0.00419	0.00321	0.00616
15	0.00740	0.05612	0.00689	0.00582	0.00631	0.00579	0.00374	0.00780	0.00773	0.01017	0.01734	0.03033	0.07694	0.62049	0.11353	0.00466	0.00560	0.00690	0.00301	0.00344
16	0.01341	0.64702	0.07206	0.00929	0.01333	0.03994	0.00920	0.04274	0.01056	0.03809	0.00754	0.00868	0.00658	0.00467	0.00427	0.00119	0.05969	0.00296	0.00235	0.00643
17	0.01741	0.01634	0.01385	0.01148	0.01450	0.28802	0.00912	0.41126	0.03517	0.02232	0.01043	0.01122	0.00792	0.00579	0.00537	0.00143	0.05690	0.00402	0.05043	0.00703
18	0.00618	0.00625	0.05465	0.00567	0.00762	0.00465	0.00473	0.00782	0.01144	0.01410	0.12570	0.04388	0.66678	0.01171	0.00574	0.00164	0.00277	0.00980	0.00450	0.00439
19	0.00782	0.00550	0.00683	0.00662	0.00717	0.00590	0.00448	0.05575	0.00840	0.01152	0.01444	0.02640	0.01532	0.49967	0.29768	0.00566	0.00774	0.00632	0.00298	0.00381
20	0.00598	0.00432	0.00566	0.00673	0.00710	0.00400	0.00451	0.00686	0.00952	0.01259	0.02850	0.77583	0.07985	0.01521	0.00624	0.00197	0.00283	0.01375	0.00456	0.00400
21	0.01075	0.01075	0.01505	0.01290	0.01290	0.01505	0.01075	0.01183	0.00753	0.01183	0.00645	0.01075	0.00645	0.00860	0.01613	0.00215	0.81830	0.00430	0.00215	0.00538
22	0.00696	0.00502	0.00657	0.00618	0.00734	0.00464	0.00464	0.00927	0.01391	0.01971	0.79405	0.03671	0.04637	0.01005	0.00580	0.00155	0.00232	0.00889	0.00541	0.00464
23	0.01163	0.01318	0.02855	0.02118	0.06351	0.01239	0.74132	0.01571	0.01158	0.01576	0.00991	0.01320	0.00747	0.00415	0.00575	0.00165	0.00816	0.00573	0.00248	0.00668
24	0.00644	0.00500	0.00585	0.00564	0.00702	0.00442	0.00423	0.00827	0.01269	0.01681	0.45892	0.04148	0.38330	0.01113	0.00580	0.00160	0.00240	0.00956	0.00503	0.00442
25	0.01789	0.05881	0.01447	0.01167	0.01474	0.45104	0.00917	0.29630	0.01695	0.01914	0.00940	0.01023	0.00729	0.00535	0.00451	0.00133	0.00719	0.00365	0.03425	0.00666
26	0.01836	0.02342	0.01393	0.01266	0.01519	0.80756	0.00950	0.01962	0.01393	0.01203	0.00760	0.00886	0.00633	0.00506	0.00443	0.00127	0.00886	0.00317	0.00253	0.00570
27	0.01130	0.19610	0.50447	0.01358	0.05160	0.02869	0.05014	0.04659	0.02632	0.01539	0.00878	0.01023	0.00663	0.00463	0.00442	0.00144	0.00671	0.00361	0.00230	0.00707
28	0.35147	0.04541	0.05529	0.00942	0.01320	0.01353	0.00820	0.40491	0.01605	0.02582	0.00948	0.01006	0.00696	0.00524	0.00409	0.00148	0.00487	0.00361	0.00391	0.00702
29	0.02205	0.00836	0.01140	0.00874	0.01254	0.00722	0.00722	0.02395	0.01407	0.80004	0.01939	0.01673	0.01216	0.00608	0.00494	0.00152	0.00418	0.00494	0.00608	0.00836
30	0.00581	0.00495	0.00500	0.00505	0.00666	0.00414	0.00376	0.00705	0.01114	0.01325	0.04896	0.07543	0.76703	0.01255	0.00582	0.00167	0.00250	0.01050	0.00456	0.00414
31	0.04087	0.39769	0.15453	0.02734	0.06251	0.05006	0.04388	0.04730	0.05368	0.06649	0.00927	0.01026	0.00735	0.00468	0.00401	0.00131	0.00576	0.00349	0.00272	0.00680
32	0.00715	0.00476	0.00536	0.00536	0.00536	0.00476	0.00298	0.00715	0.00715	0.00953	0.01548	0.03216	0.01787	0.82729	0.02501	0.00476	0.00476	0.00715	0.00298	0.00298
33	0.00702	0.00527	0.00790	0.00790	0.00878	0.00614	0.00614	0.00878	0.00790	0.01141	0.01316	0.01931	0.01229	0.03686	0.80782	0.00790	0.01316	0.00527	0.00263	0.00439
34	0.01137	0.01272	0.09606	0.16049	0.46575	0.01164	0.12709	0.01498	0.02361	0.01544	0.00939	0.01241	0.00749	0.00450	0.00499	0.00153	0.00642	0.00453	0.00241	0.00717
35	0.01202	0.01155	0.01959	0.05150	0.74080	0.01180	0.01485	0.01487	0.01099	0.01577	0.00911	0.01213	0.00769	0.00458	0.00536	0.00149	0.04150	0.00437	0.00241	0.00761
36	0.00715	0.00476	0.00536	0.00536	0.00536	0.00476	0.00298	0.00715	0.00715	0.00953	0.01548	0.03216	0.01787	0.82729	0.02501	0.00476	0.00476	0.00715	0.00298	0.00298
37	0.80906	0.01049	0.05659	0.00693	0.01023	0.01105	0.00612	0.01452	0.00849	0.02165	0.00697	0.00813	0.00538	0.00457	0.00314	0.00152	0.00402	0.00272	0.00298	0.00544
38	0.00715	0.00476	0.00536	0.00536	0.00536	0.00476	0.00298	0.00715	0.00715	0.00953	0.01548	0.03216	0.01787	0.82729	0.02501	0.00476	0.00476	0.00715	0.00298	0.00298
39	0.01012	0.02376	0.70445	0.01569	0.09057	0.01147	0.04510	0.01553	0.01049	0.01561	0.00890	0.01064	0.00641	0.00462	0.00473	0.00155	0.00717	0.00378	0.00212	0.00729
40	0.00586	0.00498	0.00505	0.00503	0.00667	0.00417	0.00377	0.00715	0.01132	0.01357	0.08375	0.04681	0.76049	0.01234	0.00581	0.00165	0.00248	0.01030	0.00460	0.00417
41	0.00669	0.00512	0.00626	0.00595	0.00724	0.00470	0.00449	0.00866	0.01297	0.01763	0.55567	0.03937	0.26960	0.01074	0.00600	0.00159	0.01849	0.00924	0.00509	0.00451
42	0.05724	0.12498	0.63914	0.01275	0.01930	0.01228	0.01593	0.01563	0.01032	0.03715	0.00875	0.01011	0.00635	0.00464	0.00440	0.00149	0.00674	0.00349	0.00224	0.00707
43	0.01192	0.01077	0.03066	0.03722	0.05643	0.01194	0.00854	0.02436	0.68299	0.01974	0.01894	0.03660	0.01453	0.00664	0.00501	0.00166	0.00414	0.00560	0.00469	0.00760
44	0.01206	0.01157	0.01976	0.05827	0.76934	0.01165	0.01503	0.01499	0.01114	0.01593	0.00923	0.01220	0.00774	0.00440	0.00487	0.00147	0.00586	0.00438	0.00242	0.00770
45	0.01080	0.01953	0.45516	0.01981	0.25340	0.01164	0.12869	0.01545	0.01080	0.01574	0.00911	0.01133	0.00687	0.00451	0.00489	0.00154	0.00699	0.00417	0.00224	0.00733
46	0.01389	0.01568	0.01598	0.03509	0.04355	0.30757	0.08173	0.04300	0.01103	0.01312	0.00765	0.01056	0.00671	0.00695	0.02155	0.00180	0.35186	0.00404	0.00244	0.00579
47	0.00702	0.00527	0.00790	0.00790	0.00878	0.00614	0.00614	0.00878	0.00790	0.01141	0.01316	0.01931	0.01229	0.03686	0.80782	0.00790	0.01316	0.00527	0.00263	0.00439
48	0.00702	0.00527	0.00790	0.00790	0.00878	0.00614	0.00614	0.00878	0.00790	0.01141	0.01316	0.01931	0.01229	0.03686	0.80782	0.00790	0.01316	0.00527	0.00263	0.00439
49	0.01204	0.01155	0.01972	0.06489	0.76291	0.01164	0.01502	0.01497	0.01113	0.01590	0.00922	0.01220	0.00773	0.00440	0.00487	0.00147	0.00587	0.00438	0.00242	0.00768
50	0.00940	0.00885	0.01495	0.78371	0.06471	0.01095	0.01371	0.01266	0.00988	0.01270	0.00876	0.01306	0.00660	0.00489	0.00491	0.00163	0.00652	0.00437	0.00219	0.00555
51	0.00581	0.00498	0.00498	0.00498	0.00664	0.00415	0.00373	0.00705	0.01120	0.01328	0.04978	0.04729	0.79464	0.01245	0.00581	0.00166	0.00249	0.01037	0.00456	0.00415
52	0.01011	0.08805	0.74144	0.01357	0.02060	0.01204	0.01740	0.01550	0.01034	0.01525	0.00866	0.01018	0.00623	0.00463	0.00455	0.00152	0.00711	0.00355	0.00208	0.00719
53	0.01019	0.00873	0.01019	0.00728	0.01165	0.00655	0.00582	0.01237	0.01019	0.01601	0.00873	0.01019	0.00728	0.00364	0.00364	0.00073	0.00364	0.00291	0.00291	0.85734
54	0.02125	0.00862	0.01148	0.00878	0.01261	0.00754	0.00724	0.05649	0.01425	0.72339	0.01847	0.01615	0.01173	0.00594	0.00487	0.00148	0.00421	0.00481	0.00586	0.05483
55	0.01314	0.83025	0.02575	0.00841	0.01261	0.01945	0.00841	0.01472	0.00999	0.01156	0.00683	0.00788	0.00631	0.00420	0.00315	0.00105	0.00526	0.00263	0.00210	0.00631
56	0.02205	0.00836	0.01140	0.00874	0.01254	0.00722	0.00722	0.02395	0.01407	0.80004	0.01939	0.01673	0.01216	0.00608	0.00494	0.00152	0.00418	0.00494	0.00608	0.00836
57	0.00966	0.00909	0.01272	0.01121	0.01139	0.01231	0.00912	0.01079	0.00757	0.01154	0.00863	0.01439	0.00866	0.08580	0.18128	0.00357	0.58025	0.00475	0.00232	0.00496
58	0.00702	0.00577	0.03498	0.00647	0.00788	0.00488	0.00516	0.00940	0.01357	0.01908	0.70506	0.03684	0.08541	0.01008	0.00578	0.00157	0.00256	0.02859	0.00522	0.00470
59	0.00599	0.00428	0.00570	0.00684	0.00713	0.00399	0.00456	0.00684	0.00941	0.01254	0.02709	0.82409	0.03250	0.01540	0.00627	0.00200	0.00285	0.01397	0.00456	0.00399
60	0.01132	0.01445	0.11545	0.01969	0.02483	0.01216	0.67562	0.01559	0.01145	0.01570	0.01018	0.01390	0.00779	0.00442	0.00569	0.00166	0.00808	0.02286	0.00249	0.00665
61	0.01205	0.01156	0.01974	0.06193	0.76578	0.01165	0.01502	0.01498	0.01113	0.01591	0.00922	0.01220	0.00773	0.00440	0.00487	0.00147	0.00587	0.00438	0.00242	0.00769
62	0.01353	0.03989	0.05594	0.07517	0.01549	0.12325	0.00923	0.13115	0.42230	0.01948	0.01532	0.03329	0.01180	0.00620	0.00485	0.00156	0.00522	0.00496	0.00416	0.00722
63	0.00621	0.00446	0.00577	0.00670	0.00712	0.00418	0.00456	0.00713	0.00956	0.01266	0.04877	0.64319	0.08086	0.08326	0.00783	0.00221	0.00307	0.05405	0.00445	0.00396
64	0.02686	0.00958	0.01528	0.46536	0.23473	0.01105	0.01288	0.01411	0.07353	0.01434	0.01149	0.01461	0.04212	0.00534	0.00522	0.00161	0.02840	0.00470	0.00260	0.00621
65	0.01189	0.03039	0.04420	0.05840	0.05019	0.07024	0.03054	0.08818	0.14489	0.03626	0.09494	0.01614	0.03967	0.00569	0.00461	0.00129	0.00468	0.00472	0.00369	0.25940
66	0.08556	0.03858	0.04917	0.05781	0.15534	0.07889	0.06786	0.06654	0.08115	0.02706	0.01080	0.05088	0.00905	0.00524	0.00468	0.00137	0.01748	0.00442	0.00310	0.18503
67	0.07816	0.02996	0.02419	0.01180	0.08808	0.09633	0.08864	0.11511	0.03250	0.06934	0.06805	0.05342	0.03928	0.01656	0.00496	0.00147	0.00502	0.01646	0.08133	0.07935
68	0.09936	0.03409	0.01240	0.01051	0.05138	0.10145	0.03001	0.15476	0.09743	0.14525	0.04223	0.05158	0.02997	0.00656	0.01650	0.00152	0.00500	0.00488	0.00412	0.10098
69	0.13620	0.02814	0.05968	0.02237	0.03175	0.14432	0.07227	0.12993	0.10364	0.08265	0.03430	0.03174	0.02531	0.00566	0.00458	0.00145	0.00551	0.00451	0.00368	0.07231

[dist]
# distance from previous block
# <min> <max>
0	68

# created by:
# /home/cegg/simao/soft/augustus-3.2.1/scripts/msa2prfl.pl ./align_prep/EOG091G0PAG.fa
