[name]
unknown

[dist]
# distance from previous block
# <min> <max>
0	30

[block]
# block no. 0 follows, 55 sequences, length 12
# corresponding to MSA columns:
# 338-349
name=unknown_A
#
# <colnr> <probs for GDERKNQSTAVLIFYWHMCP>
#	G	D	E	R	K	N	Q	S	T	A	V	L	I	F	Y	W	H	M	C	P
0	0.01133	0.02342	0.16175	0.02600	0.01291	0.00869	0.00868	0.13037	0.06402	0.10912	0.07883	0.04890	0.07033	0.00747	0.02259	0.00157	0.02141	0.06858	0.00380	0.12023
1	0.00703	0.03271	0.00778	0.00730	0.00836	0.00532	0.04301	0.03979	0.00951	0.01283	0.02162	0.62277	0.02517	0.05531	0.00649	0.00186	0.00328	0.01092	0.00395	0.07498
2	0.16874	0.02230	0.04562	0.05105	0.08060	0.00991	0.10500	0.07510	0.10289	0.19800	0.01256	0.04609	0.00948	0.00530	0.00441	0.00145	0.00473	0.00452	0.00373	0.04852
3	0.05819	0.07350	0.10209	0.05974	0.38130	0.06198	0.01169	0.03945	0.01068	0.03256	0.04774	0.01244	0.00907	0.00711	0.07136	0.00187	0.00610	0.00407	0.00258	0.00647
4	0.01412	0.04933	0.01089	0.00853	0.01108	0.06710	0.02409	0.12806	0.02846	0.27476	0.10289	0.07776	0.05523	0.00923	0.06567	0.00191	0.02339	0.01789	0.02336	0.00622
5	0.75151	0.01030	0.07356	0.00704	0.01009	0.01068	0.00632	0.01363	0.00803	0.01984	0.00661	0.00789	0.00517	0.00454	0.00368	0.00147	0.04902	0.00268	0.00276	0.00519
6	0.00582	0.00424	0.00528	0.00599	0.00647	0.00392	0.00400	0.00663	0.00906	0.01188	0.05696	0.57490	0.15292	0.11926	0.00812	0.00216	0.00286	0.01167	0.00416	0.00370
7	0.00763	0.00625	0.00861	0.00806	0.00843	0.00772	0.00613	0.00864	0.00718	0.01039	0.01138	0.01959	0.01166	0.25830	0.37269	0.00515	0.23044	0.00525	0.00246	0.00402
8	0.00701	0.00467	0.00544	0.00541	0.00590	0.00452	0.00342	0.00750	0.00807	0.04125	0.04928	0.09303	0.14459	0.53587	0.06153	0.00377	0.00436	0.00763	0.00335	0.00340
9	0.01244	0.83930	0.02438	0.00796	0.01194	0.01841	0.00796	0.01393	0.00945	0.01095	0.00647	0.00746	0.00597	0.00398	0.00299	0.00100	0.00498	0.00249	0.00199	0.00597
10	0.01028	0.27253	0.57223	0.01164	0.01764	0.01312	0.01438	0.01449	0.00971	0.01358	0.00778	0.00910	0.00592	0.00429	0.00398	0.00133	0.00630	0.00315	0.00197	0.00660
11	0.00644	0.00567	0.03700	0.00676	0.00765	0.03015	0.00508	0.00769	0.00976	0.01276	0.10018	0.50831	0.12607	0.04261	0.00641	0.00189	0.00315	0.07421	0.00419	0.00403

[dist]
# distance from previous block
# <min> <max>
0	1

[block]
# block no. 1 follows, 55 sequences, length 10
# corresponding to MSA columns:
# 351-360
name=unknown_B
#
# <colnr> <probs for GDERKNQSTAVLIFYWHMCP>
#	G	D	E	R	K	N	Q	S	T	A	V	L	I	F	Y	W	H	M	C	P
0	0.01441	0.07506	0.01231	0.01004	0.01235	0.42434	0.00784	0.11237	0.01263	0.03229	0.00947	0.01142	0.00788	0.01099	0.16887	0.00248	0.00806	0.00364	0.05807	0.00549
1	0.01102	0.01056	0.01766	0.10817	0.56628	0.01086	0.06620	0.01492	0.09222	0.01520	0.01097	0.01330	0.03230	0.00464	0.00471	0.00144	0.00547	0.00452	0.00260	0.00696
2	0.00591	0.00440	0.00551	0.00593	0.00672	0.00400	0.00418	0.00722	0.01055	0.01409	0.26844	0.43186	0.18920	0.01247	0.00571	0.00170	0.00248	0.01107	0.00456	0.00400
3	0.00940	0.00846	0.01375	0.66422	0.09903	0.01017	0.01222	0.04533	0.00999	0.01329	0.00890	0.01260	0.00676	0.00470	0.00455	0.00150	0.00583	0.00415	0.05972	0.00543
4	0.00630	0.00468	0.00587	0.00572	0.00681	0.00425	0.00423	0.00818	0.01229	0.01691	0.59424	0.11800	0.17446	0.01042	0.00553	0.00153	0.00227	0.00915	0.00490	0.00425
5	0.00639	0.00610	0.06103	0.00753	0.00877	0.00486	0.05873	0.00775	0.00949	0.01263	0.07126	0.53750	0.13415	0.01254	0.00616	0.03270	0.00330	0.01096	0.00399	0.00415
6	0.01096	0.33806	0.38013	0.01182	0.04524	0.03878	0.03236	0.01429	0.00966	0.01295	0.00748	0.00902	0.00602	0.00449	0.00462	0.00132	0.06126	0.00318	0.00201	0.00636
7	0.01034	0.00952	0.00996	0.00735	0.01133	0.07897	0.00582	0.01233	0.00996	0.01482	0.00817	0.00953	0.00681	0.00357	0.00351	0.00073	0.00389	0.00278	0.00272	0.78788
8	0.03314	0.13938	0.33350	0.03917	0.01643	0.15561	0.01206	0.09156	0.01148	0.04206	0.02238	0.01006	0.00699	0.00493	0.00493	0.00139	0.06258	0.00347	0.00253	0.00635
9	0.00809	0.00628	0.00676	0.00637	0.00782	0.06033	0.00479	0.01025	0.04098	0.06574	0.42418	0.08669	0.21523	0.01029	0.02390	0.00164	0.00309	0.00827	0.00466	0.00463

[dist]
# distance from previous block
# <min> <max>
0	1

[block]
# block no. 2 follows, 55 sequences, length 67
# corresponding to MSA columns:
# 362-390,485-494,497-509,527-541
name=unknown_C
#
# <colnr> <probs for GDERKNQSTAVLIFYWHMCP>
#	G	D	E	R	K	N	Q	S	T	A	V	L	I	F	Y	W	H	M	C	P
0	0.03101	0.08289	0.03696	0.02390	0.14863	0.12893	0.18208	0.12883	0.05959	0.04572	0.01194	0.03916	0.04254	0.00548	0.01065	0.00145	0.00601	0.00472	0.00307	0.00645
1	0.01163	0.06056	0.14852	0.03281	0.10481	0.04149	0.37114	0.08675	0.02038	0.01568	0.00899	0.01136	0.00690	0.00450	0.00550	0.00150	0.05398	0.00453	0.00248	0.00651
2	0.01317	0.01085	0.01190	0.01089	0.05836	0.01229	0.00815	0.22538	0.54996	0.02180	0.01631	0.01540	0.01216	0.00600	0.00471	0.00152	0.00416	0.00491	0.00457	0.00751
3	0.02272	0.03792	0.09168	0.01098	0.01396	0.24912	0.07841	0.07064	0.15210	0.03795	0.05234	0.01578	0.08777	0.00610	0.00523	0.00144	0.05175	0.00476	0.00331	0.00602
4	0.01062	0.14940	0.39282	0.01408	0.09585	0.03516	0.10362	0.01506	0.05540	0.02337	0.00983	0.01284	0.00793	0.00488	0.00446	0.00144	0.00623	0.04805	0.00239	0.00656
5	0.00572	0.00410	0.00535	0.00632	0.00663	0.00383	0.00420	0.00650	0.00886	0.01174	0.02593	0.75356	0.06320	0.06163	0.00694	0.00203	0.00279	0.01271	0.00423	0.00373
6	0.01083	0.01075	0.01739	0.26166	0.45851	0.05399	0.06943	0.01364	0.01033	0.01391	0.00901	0.03313	0.00754	0.00459	0.00470	0.00145	0.00597	0.00441	0.00229	0.00644
7	0.02728	0.28453	0.41275	0.01172	0.01704	0.03304	0.08494	0.01470	0.03052	0.01377	0.02477	0.00996	0.00703	0.00440	0.00405	0.00132	0.00615	0.00345	0.00218	0.00642
8	0.00980	0.04309	0.70195	0.01295	0.01911	0.04104	0.01606	0.01485	0.02520	0.01441	0.00834	0.00988	0.00607	0.00467	0.00500	0.00149	0.05389	0.00347	0.00204	0.00671
9	0.00968	0.00584	0.00539	0.00513	0.00645	0.05037	0.00390	0.05680	0.01065	0.01771	0.01450	0.01648	0.01136	0.00539	0.00339	0.00111	0.00269	0.00425	0.76430	0.00460
10	0.01985	0.04086	0.10248	0.07736	0.41629	0.01071	0.09856	0.01359	0.03063	0.01427	0.00995	0.05090	0.00880	0.05262	0.00611	0.00164	0.03174	0.00474	0.00243	0.00647
11	0.03042	0.23555	0.20857	0.02961	0.05992	0.12736	0.02706	0.01503	0.01080	0.10280	0.04799	0.02218	0.05337	0.00524	0.00417	0.00131	0.00560	0.00404	0.00281	0.00616
12	0.00669	0.00460	0.00563	0.00568	0.00588	0.00478	0.00356	0.00710	0.00702	0.00955	0.01463	0.06212	0.01631	0.61917	0.20336	0.00507	0.00624	0.00664	0.00281	0.00316
13	0.00836	0.00677	0.03783	0.00741	0.00922	0.00605	0.04917	0.06505	0.04739	0.05416	0.38915	0.12554	0.12691	0.03849	0.00602	0.00164	0.00320	0.00814	0.00455	0.00495
14	0.04020	0.28508	0.19801	0.01155	0.06026	0.12112	0.03183	0.08637	0.09633	0.01511	0.00897	0.00990	0.00710	0.00460	0.00397	0.00128	0.00580	0.00340	0.00263	0.00648
15	0.01216	0.01141	0.01809	0.08004	0.56352	0.05787	0.07685	0.01534	0.04465	0.06056	0.00967	0.01198	0.00771	0.00439	0.00467	0.00141	0.00576	0.00427	0.00260	0.00704
16	0.00594	0.00469	0.00530	0.00553	0.00669	0.00418	0.00408	0.00730	0.01883	0.01310	0.12419	0.18613	0.46621	0.05939	0.00668	0.00183	0.00269	0.06895	0.00432	0.00395
17	0.15496	0.07423	0.08607	0.03965	0.02372	0.02679	0.02452	0.17405	0.16483	0.08199	0.01276	0.07390	0.01041	0.02628	0.00480	0.00154	0.00462	0.00470	0.00372	0.00646
18	0.01115	0.17946	0.33779	0.03404	0.03708	0.10351	0.12303	0.03691	0.01066	0.01383	0.01029	0.01174	0.05209	0.00480	0.00446	0.00137	0.01530	0.00392	0.00230	0.00625
19	0.00677	0.00451	0.00507	0.00507	0.00507	0.00451	0.00282	0.00677	0.00677	0.00902	0.01466	0.03044	0.01691	0.83650	0.02368	0.00451	0.00451	0.00677	0.00282	0.00282
20	0.04292	0.07456	0.04980	0.09900	0.12867	0.05834	0.38630	0.01431	0.01032	0.01407	0.00846	0.01131	0.00668	0.00444	0.00565	0.00151	0.07076	0.00451	0.00227	0.00612
21	0.01161	0.02062	0.11711	0.10105	0.43944	0.04107	0.01302	0.07470	0.09216	0.01613	0.01006	0.01246	0.00805	0.00472	0.00460	0.00143	0.00562	0.01645	0.00270	0.00699
22	0.00687	0.00566	0.00597	0.00617	0.02679	0.03456	0.00436	0.00839	0.03104	0.03533	0.09153	0.13412	0.50420	0.05901	0.02343	0.00187	0.00310	0.00920	0.00418	0.00422
23	0.01195	0.00781	0.00913	0.00774	0.01008	0.00797	0.00612	0.17139	0.14458	0.15305	0.32180	0.02477	0.08830	0.00775	0.00506	0.00147	0.00334	0.00653	0.00500	0.00614
24	0.34694	0.21161	0.08784	0.00866	0.01206	0.08586	0.05114	0.04910	0.00982	0.01636	0.02819	0.01028	0.00736	0.05222	0.00466	0.00150	0.00499	0.00328	0.00264	0.00552
25	0.21921	0.07145	0.21255	0.01233	0.09518	0.11572	0.04516	0.10851	0.02018	0.01736	0.00874	0.01098	0.00698	0.00482	0.00409	0.00141	0.00572	0.03064	0.00273	0.00624
26	0.00645	0.00447	0.00532	0.00553	0.00578	0.00439	0.00343	0.00690	0.00783	0.01046	0.06341	0.19659	0.06506	0.52786	0.06356	0.00380	0.00434	0.00826	0.00332	0.00324
27	0.00692	0.02664	0.00620	0.00585	0.00718	0.00509	0.00435	0.03490	0.02745	0.03159	0.04341	0.26763	0.42669	0.01145	0.00557	0.00162	0.01989	0.00976	0.05352	0.00429
28	0.06347	0.07246	0.22907	0.03254	0.16706	0.10198	0.03245	0.08341	0.07713	0.05036	0.03062	0.02090	0.00856	0.00493	0.00438	0.00140	0.00576	0.00399	0.00288	0.00665
29	0.00729	0.00576	0.00695	0.00704	0.01569	0.00574	0.00548	0.05669	0.03053	0.01459	0.11969	0.15647	0.32013	0.01137	0.00622	0.00174	0.04915	0.17072	0.00429	0.00446
30	0.00864	0.00613	0.00737	0.00685	0.00838	0.00603	0.00525	0.12651	0.03068	0.04774	0.36607	0.17129	0.13196	0.01005	0.00544	0.00158	0.00295	0.04734	0.00478	0.00494
31	0.01251	0.44671	0.20001	0.01092	0.03549	0.06601	0.05931	0.08509	0.01107	0.02301	0.00774	0.00891	0.00630	0.00430	0.00375	0.00120	0.00581	0.00314	0.00233	0.00639
32	0.05621	0.05659	0.12338	0.02299	0.10789	0.12450	0.12796	0.09872	0.09274	0.06083	0.02877	0.03565	0.00919	0.00525	0.00487	0.00144	0.02901	0.00443	0.00310	0.00650
33	0.00594	0.00425	0.00540	0.00609	0.00647	0.00401	0.00404	0.00674	0.00889	0.01183	0.07594	0.56178	0.08260	0.16130	0.03002	0.00245	0.00322	0.01131	0.00406	0.00367
34	0.11746	0.00872	0.01076	0.00835	0.01188	0.00825	0.00690	0.12350	0.01383	0.61694	0.01604	0.01427	0.01030	0.00557	0.00447	0.00143	0.00407	0.00437	0.00528	0.00759
35	0.01254	0.05512	0.13785	0.04833	0.38970	0.07695	0.03285	0.01586	0.04320	0.10592	0.03074	0.01220	0.00862	0.00466	0.00452	0.00139	0.00568	0.00411	0.00281	0.00694
36	0.01118	0.11932	0.46323	0.03603	0.03823	0.04159	0.09604	0.03258	0.01930	0.06433	0.00895	0.01039	0.00657	0.00456	0.00468	0.00143	0.02890	0.00369	0.00237	0.00666
37	0.00823	0.00517	0.00677	0.00625	0.00760	0.00478	0.00472	0.01052	0.03015	0.10704	0.64102	0.09214	0.03862	0.00940	0.00541	0.00150	0.00246	0.00829	0.00512	0.00481
38	0.01024	0.19011	0.62437	0.01214	0.01827	0.04008	0.01503	0.01470	0.00986	0.01385	0.00793	0.00929	0.00591	0.00434	0.00412	0.00137	0.00654	0.00323	0.00198	0.00664
39	0.01281	0.01227	0.03985	0.10243	0.42783	0.09681	0.05201	0.06777	0.04058	0.07033	0.00970	0.01174	0.00759	0.00464	0.00485	0.00142	0.02360	0.00415	0.00276	0.00689
40	0.00993	0.02167	0.66039	0.01449	0.04753	0.01084	0.11912	0.01495	0.01009	0.03554	0.00876	0.01040	0.00624	0.00438	0.00457	0.00148	0.00688	0.00377	0.00213	0.00684
41	0.01128	0.01082	0.01847	0.09597	0.74188	0.01099	0.01416	0.01408	0.01048	0.01492	0.00871	0.01159	0.00727	0.00419	0.00461	0.00140	0.00558	0.00414	0.00228	0.00718
42	0.00729	0.00538	0.00704	0.00780	0.00886	0.00538	0.00642	0.00985	0.06692	0.01383	0.04497	0.17604	0.08732	0.04080	0.00672	0.00208	0.00379	0.49088	0.00429	0.00435
43	0.01083	0.01026	0.04293	0.32524	0.37021	0.02643	0.01265	0.04082	0.01042	0.04342	0.00929	0.01293	0.00756	0.05097	0.00568	0.00162	0.00576	0.00426	0.00244	0.00627
44	0.04098	0.00814	0.01067	0.00834	0.01183	0.00737	0.00684	0.02264	0.08751	0.71632	0.01811	0.01577	0.01161	0.00577	0.00464	0.00145	0.00392	0.00468	0.00559	0.00779
45	0.00569	0.00467	0.00503	0.00521	0.00657	0.00401	0.00390	0.00692	0.01052	0.01286	0.08025	0.14490	0.62521	0.01209	0.00561	0.00164	0.00250	0.05411	0.00436	0.00395
46	0.82177	0.00973	0.00719	0.00645	0.00930	0.05554	0.00526	0.01395	0.00821	0.02034	0.00652	0.00760	0.00509	0.00435	0.00295	0.00143	0.00387	0.00255	0.00285	0.00506
47	0.01468	0.00905	0.01033	0.00860	0.01144	0.01829	0.00690	0.20427	0.19415	0.25507	0.06521	0.04590	0.08306	0.00705	0.00486	0.00150	0.00392	0.02731	0.02150	0.00691
48	0.00951	0.00918	0.01597	0.51869	0.05453	0.01058	0.15249	0.03394	0.03908	0.01327	0.00984	0.05832	0.00811	0.00529	0.00533	0.00158	0.04140	0.00493	0.00242	0.00552
49	0.01721	0.02182	0.01311	0.01191	0.01432	0.79453	0.00894	0.01875	0.03589	0.01162	0.00753	0.00865	0.00623	0.00484	0.00421	0.00121	0.00825	0.00306	0.00246	0.00545
50	0.00774	0.00583	0.00893	0.07668	0.03837	0.00582	0.06004	0.00933	0.00982	0.05744	0.06485	0.45660	0.03988	0.01144	0.00598	0.00180	0.02752	0.10339	0.00398	0.00456
51	0.00651	0.00428	0.00568	0.00653	0.00702	0.00395	0.00444	0.00739	0.00920	0.05652	0.02580	0.76714	0.04998	0.01401	0.00586	0.00186	0.00276	0.01266	0.00440	0.00401
52	0.01122	0.01145	0.01924	0.05304	0.47776	0.05600	0.18238	0.01396	0.01050	0.01441	0.00962	0.05865	0.00846	0.00495	0.00539	0.00148	0.04757	0.00489	0.00241	0.00662
53	0.01606	0.01240	0.01298	0.01042	0.01376	0.04178	0.00852	0.59063	0.15180	0.02614	0.01311	0.01448	0.00998	0.00610	0.00475	0.00146	0.00494	0.04858	0.00457	0.00752
54	0.00798	0.00550	0.00674	0.00659	0.00802	0.00519	0.00522	0.05287	0.01196	0.06137	0.26602	0.06124	0.22913	0.04727	0.00641	0.00179	0.00312	0.19312	0.01590	0.00456
55	0.01637	0.05805	0.07826	0.00916	0.01269	0.00997	0.00800	0.16541	0.15417	0.36502	0.01539	0.01509	0.01084	0.05329	0.00566	0.00161	0.00446	0.00458	0.00467	0.00733
56	0.01089	0.01043	0.01743	0.08600	0.65776	0.01077	0.01332	0.01349	0.01030	0.01457	0.01077	0.01341	0.05302	0.00485	0.00527	0.00144	0.05254	0.00447	0.00239	0.00688
57	0.01054	0.04479	0.18106	0.02544	0.04178	0.01155	0.47767	0.01516	0.06962	0.01486	0.01027	0.04031	0.00812	0.00467	0.00531	0.00154	0.02330	0.00514	0.00250	0.00637
58	0.00953	0.00905	0.01519	0.58747	0.22259	0.01071	0.01312	0.01244	0.00951	0.01267	0.00828	0.01207	0.00649	0.00470	0.00518	0.00153	0.04752	0.00413	0.00212	0.00571
59	0.00966	0.06483	0.69014	0.01365	0.02015	0.01130	0.09721	0.01471	0.00992	0.01456	0.00836	0.00998	0.00602	0.00435	0.00446	0.00146	0.00688	0.00360	0.00201	0.00677
60	0.01648	0.00913	0.01071	0.05542	0.01280	0.05465	0.00723	0.10968	0.10892	0.42743	0.01852	0.07778	0.05660	0.00668	0.00479	0.00148	0.00426	0.00549	0.00491	0.00701
61	0.01056	0.01493	0.21581	0.12466	0.11381	0.06273	0.32085	0.01429	0.01045	0.01412	0.00932	0.04042	0.00745	0.00465	0.00506	0.00151	0.01611	0.00475	0.00228	0.00624
62	0.01057	0.01286	0.10404	0.12972	0.14339	0.01143	0.46907	0.01429	0.01048	0.01443	0.00897	0.01204	0.00685	0.00421	0.00537	0.00154	0.02732	0.00486	0.00226	0.00632
63	0.01060	0.01217	0.05014	0.04180	0.04431	0.01121	0.64808	0.01467	0.03990	0.01481	0.01061	0.05966	0.00863	0.00466	0.00541	0.00158	0.00725	0.00578	0.00253	0.00619
64	0.01039	0.01143	0.02398	0.04785	0.03870	0.01102	0.63025	0.01392	0.01086	0.01485	0.07189	0.03536	0.01049	0.00485	0.00587	0.00158	0.04233	0.00578	0.00260	0.00599
65	0.00590	0.00441	0.00570	0.00639	0.00705	0.00423	0.00456	0.00699	0.00910	0.01193	0.02769	0.49335	0.18271	0.02613	0.13402	0.00275	0.00428	0.05491	0.00401	0.00389
66	0.01062	0.05947	0.06292	0.04382	0.13707	0.01162	0.46412	0.01392	0.01042	0.01433	0.02905	0.03774	0.00859	0.00509	0.01455	0.00160	0.06130	0.00519	0.00241	0.00619

[dist]
# distance from previous block
# <min> <max>
0	12

[block]
# block no. 3 follows, 55 sequences, length 35
# corresponding to MSA columns:
# 557-591
name=unknown_D
#
# <colnr> <probs for GDERKNQSTAVLIFYWHMCP>
#	G	D	E	R	K	N	Q	S	T	A	V	L	I	F	Y	W	H	M	C	P
0	0.01740	0.03370	0.01253	0.00938	0.01277	0.00872	0.06863	0.13603	0.05087	0.48433	0.07166	0.01612	0.01288	0.00689	0.03456	0.00166	0.00464	0.00491	0.00500	0.00732
1	0.00703	0.00821	0.13321	0.01011	0.08003	0.00592	0.04599	0.00891	0.00939	0.01290	0.03707	0.57585	0.02395	0.01145	0.00555	0.00176	0.00384	0.01042	0.00370	0.00471
2	0.00555	0.00466	0.00481	0.00489	0.00634	0.00393	0.00362	0.00673	0.01055	0.01270	0.06914	0.10650	0.72082	0.01193	0.00553	0.00159	0.00238	0.01004	0.00435	0.00393
3	0.08148	0.00782	0.00928	0.00891	0.06142	0.01916	0.00645	0.08232	0.07733	0.21358	0.02147	0.12717	0.15306	0.05292	0.00633	0.00173	0.03755	0.02186	0.00429	0.00586
4	0.00956	0.08437	0.75411	0.01287	0.01953	0.01137	0.01651	0.01467	0.00979	0.01445	0.00821	0.00965	0.00590	0.00439	0.00431	0.00144	0.00673	0.00337	0.00197	0.00681
5	0.01187	0.01170	0.01842	0.10466	0.58561	0.06346	0.06984	0.05078	0.01119	0.01526	0.00876	0.01146	0.00717	0.00429	0.00465	0.00140	0.00593	0.00417	0.00240	0.00697
6	0.04410	0.01137	0.01543	0.09407	0.26471	0.04468	0.06349	0.23237	0.08290	0.04689	0.01122	0.01381	0.00886	0.00525	0.00470	0.00146	0.00541	0.03894	0.00339	0.00695
7	0.00740	0.00562	0.00704	0.00739	0.00859	0.00566	0.00586	0.01088	0.12994	0.01531	0.19911	0.19435	0.09042	0.01137	0.00579	0.00181	0.00327	0.28098	0.00455	0.00465
8	0.01015	0.01715	0.38938	0.01517	0.02061	0.01057	0.34622	0.01449	0.01050	0.04239	0.01202	0.01378	0.06574	0.00480	0.00497	0.00152	0.00685	0.00483	0.00244	0.00644
9	0.00575	0.00411	0.00548	0.00647	0.00676	0.00390	0.00433	0.00657	0.00877	0.01172	0.02466	0.76814	0.02942	0.04549	0.04245	0.00223	0.00320	0.01263	0.00418	0.00376
10	0.00962	0.09886	0.74010	0.01277	0.01938	0.01150	0.01634	0.01466	0.00979	0.01439	0.00818	0.00961	0.00590	0.00438	0.00429	0.00143	0.00670	0.00335	0.00197	0.00679
11	0.00948	0.00940	0.01574	0.66517	0.06533	0.03950	0.10471	0.01259	0.00970	0.01237	0.00839	0.01224	0.00635	0.00455	0.00473	0.00153	0.00644	0.00425	0.00212	0.00541
12	0.00603	0.00426	0.00575	0.00659	0.00700	0.00419	0.00458	0.00706	0.00873	0.01196	0.02284	0.63139	0.02650	0.02856	0.13949	0.00281	0.00435	0.03217	0.04189	0.00387
13	0.01059	0.07163	0.03479	0.42412	0.27347	0.03273	0.02567	0.04754	0.01042	0.01373	0.00841	0.01154	0.00663	0.00447	0.00451	0.00144	0.00595	0.00399	0.00226	0.00611
14	0.04046	0.00697	0.02340	0.00693	0.02175	0.02346	0.00533	0.08349	0.04901	0.07877	0.18745	0.09962	0.33641	0.00955	0.00519	0.00153	0.00312	0.00804	0.00447	0.00504
15	0.01007	0.01718	0.36864	0.01598	0.02125	0.01119	0.38980	0.01437	0.01015	0.01445	0.00899	0.01191	0.00687	0.03473	0.00612	0.00166	0.04352	0.00458	0.00219	0.00636
16	0.00825	0.00603	0.00883	0.07721	0.01085	0.00706	0.00682	0.00981	0.00830	0.07405	0.01404	0.16071	0.01380	0.02284	0.43334	0.00478	0.11949	0.00622	0.00297	0.00460
17	0.01231	0.11900	0.25284	0.03077	0.05567	0.15744	0.21580	0.01563	0.01083	0.05503	0.00867	0.01044	0.00660	0.00445	0.00476	0.00140	0.02577	0.00390	0.00236	0.00634
18	0.01650	0.01011	0.01177	0.00935	0.01248	0.01069	0.00761	0.41694	0.04371	0.24503	0.01375	0.01434	0.00996	0.04000	0.11334	0.00234	0.00570	0.00456	0.00461	0.00721
19	0.00567	0.00405	0.00540	0.00648	0.00675	0.00378	0.00432	0.00648	0.00891	0.01188	0.02564	0.83347	0.03077	0.01457	0.00594	0.00189	0.00270	0.01323	0.00432	0.00378
20	0.00993	0.00947	0.01730	0.11076	0.06455	0.02101	0.34880	0.04878	0.01085	0.02887	0.01462	0.16217	0.04956	0.00656	0.00517	0.00156	0.00568	0.00664	0.07213	0.00558
21	0.01123	0.00981	0.01642	0.18869	0.50495	0.01007	0.03376	0.01390	0.01055	0.07689	0.01226	0.01452	0.06649	0.00493	0.00471	0.00144	0.00537	0.00464	0.00268	0.00668
22	0.00849	0.01844	0.06572	0.00719	0.00922	0.00618	0.01815	0.01193	0.11569	0.07789	0.18491	0.12568	0.22365	0.00946	0.00522	0.00158	0.00323	0.05769	0.04459	0.00509
23	0.00973	0.08334	0.69169	0.01407	0.08146	0.01139	0.01628	0.01464	0.00986	0.01449	0.00824	0.00978	0.00601	0.00437	0.00433	0.00143	0.00663	0.00342	0.00199	0.00685
24	0.01389	0.01069	0.09446	0.01215	0.08660	0.00919	0.09706	0.14484	0.04208	0.24116	0.01698	0.03487	0.05989	0.00672	0.00504	0.00156	0.00494	0.10698	0.00415	0.00676
25	0.00999	0.15368	0.62679	0.01213	0.01823	0.01208	0.01498	0.01534	0.06814	0.01448	0.00883	0.01000	0.00652	0.00449	0.00421	0.00140	0.00633	0.00342	0.00217	0.00677
26	0.01024	0.01132	0.02385	0.07012	0.02271	0.01076	0.64163	0.01381	0.01083	0.01448	0.01302	0.01694	0.07074	0.00501	0.00548	0.00159	0.00714	0.04183	0.00258	0.00592
27	0.01288	0.01363	0.01770	0.09087	0.02946	0.22557	0.28954	0.07834	0.02611	0.04369	0.02292	0.07658	0.00947	0.00555	0.00534	0.00149	0.03693	0.00514	0.00288	0.00589
28	0.01012	0.18650	0.57451	0.01284	0.01892	0.01243	0.09391	0.01459	0.00987	0.01399	0.00808	0.00963	0.00603	0.00428	0.00424	0.00139	0.00659	0.00346	0.00201	0.00663
29	0.00702	0.00530	0.00608	0.00623	0.00715	0.00525	0.00448	0.00935	0.10217	0.01252	0.05404	0.12292	0.20960	0.29364	0.01182	0.00270	0.00358	0.12826	0.00388	0.00401
30	0.00597	0.00471	0.00505	0.00506	0.00644	0.00404	0.00371	0.00716	0.01054	0.02871	0.10935	0.11626	0.61395	0.05034	0.00637	0.00173	0.00251	0.00977	0.00435	0.00398
31	0.01262	0.34718	0.28585	0.01090	0.01551	0.18605	0.02494	0.04362	0.01085	0.01305	0.00748	0.00868	0.00604	0.00436	0.00383	0.00122	0.00640	0.00303	0.00217	0.00623
32	0.01144	0.03560	0.03546	0.12483	0.04348	0.17667	0.30986	0.01409	0.01046	0.01293	0.00918	0.04027	0.00776	0.00725	0.06598	0.00196	0.08005	0.00474	0.00235	0.00563
33	0.00744	0.00464	0.00578	0.00601	0.00648	0.00447	0.00392	0.00801	0.00826	0.07339	0.01980	0.33935	0.03524	0.39460	0.04734	0.00329	0.00405	0.02059	0.00366	0.00369
34	0.03231	0.00730	0.00855	0.07172	0.01101	0.01459	0.01944	0.10134	0.16466	0.01646	0.11796	0.12734	0.20188	0.04039	0.04233	0.00194	0.00397	0.00744	0.00413	0.00524

[dist]
# distance from previous block
# <min> <max>
0	4

# created by:
# /home/cegg/simao/soft/augustus-3.2.1/scripts/msa2prfl.pl ./align_prep/EOG091G0VSN.fa
