[name]
unknown

[dist]
# distance from previous block
# <min> <max>
0	381

[block]
# block no. 0 follows, 45 sequences, length 51
# corresponding to MSA columns:
# 622-636,640-675
name=unknown_A
#
# <colnr> <probs for GDERKNQSTAVLIFYWHMCP>
#	G	D	E	R	K	N	Q	S	T	A	V	L	I	F	Y	W	H	M	C	P
0	0.01242	0.07961	0.48701	0.01496	0.02127	0.10900	0.09610	0.01795	0.05550	0.01669	0.03353	0.01265	0.00885	0.00536	0.00514	0.00164	0.00774	0.00438	0.00267	0.00752
1	0.01251	0.09681	0.34024	0.06269	0.06261	0.07452	0.24164	0.01710	0.01201	0.01618	0.00971	0.01217	0.00733	0.00491	0.00532	0.00166	0.00808	0.00463	0.00247	0.00741
2	0.00732	0.00518	0.00606	0.00623	0.00675	0.00493	0.00397	0.00808	0.01004	0.01331	0.13995	0.18152	0.13886	0.42475	0.01724	0.00361	0.00404	0.01000	0.00423	0.00392
3	0.00936	0.00743	0.00841	0.00787	0.00969	0.00766	0.00590	0.03782	0.22917	0.01969	0.31085	0.08318	0.16570	0.06408	0.00749	0.00201	0.00337	0.00903	0.00536	0.00591
4	0.76762	0.01051	0.00872	0.00774	0.01074	0.01247	0.00639	0.01550	0.00905	0.02300	0.00743	0.00901	0.00593	0.00541	0.00472	0.00173	0.08189	0.00308	0.00323	0.00582
5	0.00716	0.00522	0.00676	0.00777	0.00852	0.00493	0.00577	0.00852	0.01098	0.01428	0.03193	0.45983	0.13317	0.05859	0.00804	0.00237	0.00367	0.21313	0.00488	0.00448
6	0.01596	0.26914	0.09130	0.01228	0.03137	0.20357	0.02588	0.09398	0.12656	0.04055	0.02072	0.01221	0.00933	0.00568	0.00487	0.00147	0.02030	0.00409	0.00338	0.00736
7	0.01198	0.16694	0.53589	0.01537	0.08000	0.03716	0.01694	0.01737	0.04075	0.01635	0.00971	0.01129	0.00732	0.00508	0.00483	0.00159	0.00733	0.00390	0.00244	0.00776
8	0.00745	0.00548	0.00697	0.00660	0.00793	0.00500	0.00495	0.00984	0.01484	0.02069	0.68965	0.04147	0.13655	0.01128	0.00633	0.00170	0.00255	0.00990	0.00580	0.00500
9	0.01105	0.05615	0.13004	0.34107	0.19794	0.01223	0.05064	0.01464	0.01130	0.01525	0.01218	0.03929	0.03283	0.00610	0.00565	0.00174	0.02301	0.02940	0.00268	0.00681
10	0.02259	0.07143	0.15702	0.06517	0.08040	0.03993	0.01107	0.03903	0.07415	0.14981	0.01909	0.10579	0.08220	0.00797	0.00587	0.00175	0.03357	0.02196	0.00406	0.00714
11	0.02072	0.00960	0.05323	0.00966	0.01354	0.00785	0.00833	0.02300	0.01433	0.61700	0.02134	0.02093	0.03875	0.01007	0.07452	0.00231	0.00557	0.03492	0.00595	0.00837
12	0.01237	0.01363	0.02877	0.05302	0.10790	0.01305	0.60949	0.01657	0.01233	0.01684	0.01092	0.01470	0.00843	0.00651	0.04836	0.00215	0.00898	0.00608	0.00270	0.00719
13	0.17303	0.08718	0.09070	0.07862	0.06600	0.19931	0.04684	0.09760	0.02590	0.04051	0.00983	0.02016	0.00777	0.00559	0.00508	0.00159	0.03006	0.00410	0.00319	0.00694
14	0.01232	0.01239	0.02063	0.30424	0.29528	0.05265	0.15122	0.01609	0.03671	0.01588	0.01032	0.01396	0.00814	0.00532	0.00579	0.01700	0.00722	0.00503	0.00266	0.00713
15	0.00760	0.00549	0.00718	0.00675	0.00802	0.00506	0.00506	0.01013	0.01519	0.02153	0.77503	0.04010	0.05065	0.01097	0.00633	0.00169	0.00253	0.00971	0.00591	0.00506
16	0.00957	0.00780	0.00911	0.00837	0.01056	0.00789	0.03403	0.01567	0.25916	0.04072	0.12565	0.11721	0.31103	0.01101	0.00608	0.00183	0.00353	0.00947	0.00522	0.00611
17	0.01441	0.09200	0.32043	0.01538	0.08760	0.01288	0.08492	0.09661	0.03636	0.12959	0.01260	0.01473	0.00945	0.02532	0.00576	0.00174	0.00675	0.02200	0.00349	0.00796
18	0.01606	0.00870	0.04925	0.03826	0.01274	0.00727	0.00756	0.03967	0.01396	0.39318	0.10943	0.14225	0.09487	0.03352	0.00646	0.00187	0.00426	0.00790	0.00563	0.00715
19	0.01174	0.02114	0.41435	0.01958	0.07569	0.01295	0.33227	0.01705	0.01196	0.01712	0.01018	0.01280	0.00748	0.00484	0.00564	0.00174	0.00830	0.00502	0.00248	0.00768
20	0.01435	0.16495	0.22463	0.04333	0.19788	0.13840	0.04815	0.02665	0.02688	0.05191	0.01000	0.01178	0.00782	0.00511	0.00490	0.00153	0.00722	0.00413	0.00277	0.00759
21	0.01317	0.06892	0.13352	0.10639	0.20802	0.07838	0.07056	0.03867	0.01270	0.05782	0.07393	0.01645	0.03062	0.00619	0.00605	0.00167	0.05257	0.01399	0.00319	0.00721
22	0.00728	0.00498	0.00601	0.00653	0.00666	0.00485	0.00397	0.00767	0.00883	0.01178	0.02217	0.35579	0.02615	0.48164	0.01883	0.00395	0.00434	0.01090	0.00397	0.00371
23	0.00991	0.03278	0.01113	0.01021	0.03358	0.00759	0.06602	0.01178	0.01165	0.07086	0.12035	0.15658	0.06325	0.12855	0.01030	0.00250	0.05786	0.18533	0.00445	0.00531
24	0.03124	0.03789	0.09168	0.01574	0.18223	0.05706	0.06027	0.04389	0.08503	0.03432	0.14296	0.07656	0.03510	0.02205	0.05832	0.00221	0.00613	0.00659	0.00388	0.00686
25	0.01726	0.00865	0.01069	0.03374	0.01259	0.00841	0.00720	0.06871	0.11559	0.37418	0.08579	0.02198	0.05752	0.00735	0.00526	0.00163	0.00407	0.00605	0.14567	0.00766
26	0.06770	0.01253	0.02480	0.28500	0.02990	0.01291	0.45567	0.01592	0.01178	0.01647	0.01019	0.01404	0.00765	0.00484	0.00580	0.00179	0.00808	0.00557	0.00264	0.00671
27	0.23046	0.16157	0.26355	0.01346	0.08537	0.08489	0.02829	0.01722	0.01130	0.04633	0.00906	0.01052	0.00699	0.00504	0.00438	0.00155	0.00648	0.00363	0.00280	0.00712
28	0.01023	0.03627	0.16237	0.13115	0.13139	0.01034	0.11533	0.01372	0.01177	0.01600	0.05557	0.06973	0.09160	0.00918	0.03621	0.00208	0.00655	0.08072	0.00331	0.00648
29	0.00960	0.00921	0.04246	0.47882	0.07721	0.00993	0.01222	0.01294	0.01220	0.01645	0.24088	0.02192	0.02037	0.00701	0.00564	0.00174	0.00574	0.00623	0.00346	0.00593
30	0.01084	0.00974	0.01604	0.66589	0.06016	0.01176	0.02836	0.01496	0.05177	0.03724	0.01119	0.01617	0.00865	0.00577	0.00545	0.00180	0.00686	0.02829	0.00277	0.00627
31	0.01239	0.10635	0.33104	0.06085	0.08925	0.09679	0.07476	0.03006	0.01176	0.01563	0.01046	0.03716	0.00887	0.05941	0.00696	0.00188	0.03197	0.00474	0.00261	0.00706
32	0.01328	0.00732	0.00918	0.00837	0.01056	0.00698	0.00648	0.04835	0.05568	0.25317	0.05083	0.23827	0.15777	0.01188	0.02223	0.00202	0.02245	0.04272	0.02606	0.00642
33	0.11430	0.01350	0.01815	0.11051	0.04701	0.12823	0.21724	0.05403	0.05329	0.01777	0.04052	0.06320	0.01190	0.00669	0.00629	0.00178	0.05854	0.02715	0.00333	0.00656
34	0.07515	0.01352	0.13432	0.21635	0.14069	0.05674	0.02740	0.03073	0.03734	0.04741	0.04364	0.08210	0.01233	0.02820	0.00628	0.00184	0.03030	0.00570	0.00323	0.00673
35	0.02261	0.12522	0.23492	0.03088	0.06079	0.05644	0.15403	0.11936	0.03440	0.03891	0.01169	0.05146	0.00953	0.01957	0.00561	0.00170	0.00705	0.00512	0.00320	0.00750
36	0.00845	0.00551	0.00714	0.00754	0.00857	0.00514	0.00542	0.01026	0.03397	0.07571	0.18351	0.46478	0.09016	0.01425	0.00679	0.01495	0.00322	0.04435	0.00527	0.00501
37	0.01478	0.07077	0.22376	0.03495	0.01710	0.11494	0.01184	0.11173	0.11848	0.10367	0.01573	0.07709	0.02979	0.00711	0.00530	0.00168	0.00629	0.02347	0.00399	0.00751
38	0.07715	0.10641	0.08625	0.01270	0.08000	0.03634	0.05004	0.11306	0.01413	0.20692	0.03928	0.08144	0.01368	0.03050	0.00586	0.00176	0.00556	0.02714	0.00434	0.00745
39	0.00738	0.00626	0.00869	0.00810	0.00967	0.00579	0.07251	0.00911	0.01210	0.01564	0.15912	0.25123	0.35045	0.01312	0.00686	0.00192	0.02880	0.02355	0.00485	0.00486
40	0.01352	0.03990	0.02552	0.19363	0.02770	0.05041	0.45842	0.03964	0.01286	0.06846	0.01109	0.01423	0.00820	0.00497	0.00586	0.00175	0.00815	0.00562	0.00298	0.00708
41	0.02779	0.06272	0.08144	0.01631	0.15575	0.05354	0.13773	0.07279	0.04401	0.10714	0.06216	0.03163	0.07058	0.03780	0.00635	0.00180	0.00611	0.01319	0.00386	0.00728
42	0.01279	0.04267	0.09631	0.17706	0.44074	0.05473	0.06659	0.01629	0.01199	0.01631	0.00981	0.01301	0.00791	0.00494	0.00528	0.00163	0.00702	0.00467	0.00256	0.00769
43	0.00794	0.00574	0.00729	0.00806	0.00885	0.00561	0.00574	0.07400	0.01184	0.01571	0.02874	0.64895	0.05452	0.01563	0.00676	0.00215	0.00351	0.07912	0.00501	0.00484
44	0.01400	0.01426	0.02019	0.02611	0.49477	0.10963	0.06616	0.01837	0.10279	0.01728	0.01115	0.01364	0.00914	0.00543	0.00607	0.00165	0.05351	0.00488	0.00299	0.00798
45	0.01317	0.17751	0.34860	0.01523	0.07041	0.04496	0.07560	0.07961	0.06331	0.01766	0.01028	0.01185	0.00789	0.00537	0.00539	0.00161	0.03680	0.00422	0.00283	0.00770
46	0.00744	0.00599	0.00656	0.00674	0.00797	0.03507	0.00488	0.00908	0.01265	0.01655	0.26361	0.26617	0.28208	0.01317	0.00634	0.00185	0.00304	0.01145	0.03464	0.00473
47	0.00987	0.00924	0.01569	0.27966	0.02223	0.01102	0.11686	0.01260	0.00985	0.01363	0.01106	0.01635	0.00952	0.01839	0.28851	0.00433	0.13755	0.00533	0.00260	0.00571
48	0.09212	0.26089	0.04663	0.01140	0.06500	0.03039	0.00939	0.16993	0.02930	0.14744	0.05543	0.01477	0.03347	0.00607	0.00465	0.00149	0.00534	0.00457	0.00412	0.00762
49	0.01111	0.07239	0.37559	0.27190	0.07643	0.01298	0.07414	0.01585	0.01127	0.01569	0.00958	0.01249	0.00714	0.00509	0.00519	0.00169	0.00752	0.00439	0.00237	0.00720
50	0.00673	0.00496	0.00644	0.00742	0.00806	0.00467	0.00522	0.00790	0.01059	0.01390	0.03207	0.59514	0.14061	0.01778	0.05914	0.00258	0.00393	0.06357	0.00484	0.00445

[dist]
# distance from previous block
# <min> <max>
0	1

[block]
# block no. 1 follows, 45 sequences, length 7
# corresponding to MSA columns:
# 677-683
name=unknown_B
#
# <colnr> <probs for GDERKNQSTAVLIFYWHMCP>
#	G	D	E	R	K	N	Q	S	T	A	V	L	I	F	Y	W	H	M	C	P
0	0.01281	0.06247	0.01983	0.22186	0.27501	0.07357	0.07745	0.01635	0.05162	0.01553	0.00993	0.01324	0.00813	0.00571	0.00692	0.00173	0.11329	0.00475	0.00269	0.00712
1	0.01013	0.00743	0.00871	0.00801	0.00990	0.00770	0.00615	0.01580	0.21660	0.06150	0.35397	0.05979	0.11738	0.00991	0.00625	0.00175	0.02718	0.00843	0.05726	0.00614
2	0.01564	0.01536	0.01617	0.06442	0.13848	0.20956	0.04895	0.18410	0.05831	0.02012	0.05323	0.01664	0.01201	0.00645	0.00566	0.00160	0.02611	0.04491	0.00376	0.05850
3	0.01008	0.00931	0.01559	0.62637	0.09758	0.01130	0.01395	0.01340	0.01058	0.01388	0.01024	0.01513	0.00811	0.00998	0.11035	0.00269	0.00805	0.00490	0.00247	0.00603
4	0.33519	0.10498	0.19873	0.01126	0.01600	0.08327	0.04348	0.11624	0.01271	0.02115	0.00894	0.01023	0.00681	0.00519	0.00430	0.00159	0.00618	0.00361	0.00315	0.00698
5	0.01436	0.35363	0.29800	0.01230	0.01782	0.12049	0.01328	0.08354	0.01292	0.01617	0.00884	0.01012	0.00706	0.00507	0.00440	0.00142	0.00707	0.00352	0.00262	0.00738
6	0.08866	0.10932	0.15972	0.01054	0.01504	0.05355	0.01011	0.07114	0.04020	0.09939	0.03259	0.01389	0.03405	0.00581	0.00530	0.00145	0.04857	0.00426	0.00359	0.19283

[dist]
# distance from previous block
# <min> <max>
0	2

[block]
# block no. 2 follows, 45 sequences, length 51
# corresponding to MSA columns:
# 686-719,742-758
name=unknown_C
#
# <colnr> <probs for GDERKNQSTAVLIFYWHMCP>
#	G	D	E	R	K	N	Q	S	T	A	V	L	I	F	Y	W	H	M	C	P
0	0.01134	0.01112	0.01968	0.29576	0.25473	0.01216	0.14365	0.01453	0.01127	0.01541	0.01152	0.08481	0.01026	0.00641	0.00668	0.00182	0.07332	0.00598	0.00275	0.00680
1	0.00768	0.00569	0.00831	0.00831	0.00916	0.00654	0.00632	0.00938	0.00853	0.01223	0.01466	0.02268	0.01411	0.12748	0.70380	0.00824	0.01334	0.00598	0.00292	0.00462
2	0.00707	0.00523	0.00670	0.00715	0.00810	0.00472	0.00501	0.00853	0.01174	0.01598	0.21942	0.50222	0.09955	0.01430	0.00650	0.00194	0.00299	0.01280	0.00511	0.05494
3	0.01217	0.04299	0.37242	0.01574	0.02138	0.01283	0.19644	0.01766	0.07079	0.05850	0.01258	0.01443	0.03020	0.00645	0.02072	0.00190	0.07725	0.00506	0.00296	0.00751
4	0.00658	0.00470	0.00626	0.00745	0.00779	0.00439	0.00499	0.00757	0.01045	0.01398	0.05614	0.78050	0.03604	0.01661	0.00683	0.00216	0.00309	0.01506	0.00502	0.00439
5	0.01387	0.00764	0.00945	0.00851	0.01103	0.00728	0.00681	0.01788	0.12856	0.26927	0.11450	0.07619	0.15041	0.01013	0.00598	0.00184	0.00387	0.11328	0.03671	0.00678
6	0.01247	0.01153	0.01323	0.06532	0.14663	0.05840	0.00973	0.02188	0.42795	0.01927	0.02316	0.02268	0.12945	0.00758	0.00553	0.00175	0.00490	0.00641	0.00454	0.00759
7	0.00961	0.01497	0.29178	0.01472	0.10707	0.00924	0.07477	0.01325	0.01159	0.01637	0.07249	0.25167	0.02040	0.00956	0.00599	0.00189	0.00583	0.05874	0.00360	0.00648
8	0.01088	0.02697	0.73842	0.01574	0.02352	0.01253	0.06415	0.01701	0.01141	0.01701	0.00971	0.01152	0.00688	0.00507	0.00517	0.00171	0.00800	0.00411	0.00229	0.00789
9	0.01213	0.01219	0.01423	0.01248	0.01317	0.10174	0.01003	0.01460	0.07818	0.01416	0.06018	0.01628	0.01194	0.07507	0.03563	0.00255	0.50131	0.00529	0.00300	0.00585
10	0.01410	0.11465	0.19552	0.10200	0.26293	0.05574	0.01451	0.06618	0.01303	0.07926	0.02608	0.01309	0.00897	0.00532	0.00505	0.00158	0.00666	0.00444	0.00307	0.00780
11	0.05132	0.00613	0.00681	0.00720	0.00832	0.03142	0.00525	0.00941	0.01185	0.01620	0.18282	0.32919	0.17290	0.04464	0.00716	0.00207	0.00341	0.07113	0.02807	0.00470
12	0.00675	0.00503	0.00641	0.00722	0.00799	0.00469	0.00512	0.00802	0.01098	0.01438	0.07833	0.51428	0.18631	0.01724	0.05840	0.00252	0.00384	0.05309	0.00490	0.00450
13	0.01277	0.01276	0.02388	0.09200	0.20948	0.01270	0.36660	0.01804	0.10761	0.03919	0.01385	0.01636	0.03779	0.00541	0.00586	0.00175	0.00726	0.00594	0.00321	0.00755
14	0.03503	0.06484	0.47436	0.03901	0.09459	0.03479	0.10487	0.01684	0.01171	0.03410	0.01126	0.01312	0.03117	0.00529	0.00517	0.00167	0.00748	0.00451	0.00259	0.00761
15	0.01075	0.02330	0.57980	0.01632	0.06256	0.01191	0.11027	0.01616	0.01158	0.01681	0.01323	0.03317	0.05844	0.00585	0.00539	0.00173	0.00753	0.00506	0.00259	0.00757
16	0.03618	0.06632	0.06491	0.17661	0.35431	0.05438	0.03152	0.03577	0.07294	0.01709	0.01187	0.01437	0.02973	0.00543	0.00517	0.00163	0.00647	0.00480	0.00294	0.00754
17	0.06271	0.01501	0.15859	0.29121	0.14386	0.07696	0.05728	0.03228	0.01193	0.04462	0.01053	0.01417	0.00820	0.00641	0.02717	0.00190	0.00735	0.02007	0.00280	0.00694
18	0.00806	0.00598	0.02256	0.00820	0.03045	0.00528	0.00590	0.00964	0.01168	0.05769	0.12845	0.41712	0.16471	0.01515	0.03712	0.00227	0.00379	0.05600	0.00499	0.00499
19	0.01191	0.01167	0.05750	0.22695	0.16224	0.04909	0.10340	0.01558	0.04221	0.05878	0.04012	0.05488	0.04355	0.00736	0.00581	0.00182	0.00640	0.09057	0.00346	0.00671
20	0.09509	0.09940	0.15138	0.06157	0.06821	0.01285	0.09544	0.06209	0.13589	0.07828	0.01459	0.06216	0.02729	0.00640	0.00515	0.00169	0.00592	0.00546	0.00372	0.00742
21	0.01334	0.05902	0.18354	0.03248	0.07641	0.03538	0.12705	0.05950	0.10618	0.09293	0.02384	0.05637	0.04893	0.00683	0.00549	0.00171	0.00621	0.02752	0.02985	0.00742
22	0.00756	0.00548	0.00711	0.00739	0.00771	0.00580	0.00499	0.00837	0.00902	0.01235	0.04131	0.28875	0.02388	0.33276	0.16758	0.00461	0.04767	0.00978	0.00378	0.00411
23	0.04085	0.05706	0.13622	0.06536	0.04202	0.06562	0.13128	0.07117	0.11351	0.04804	0.05258	0.07713	0.01381	0.03730	0.02280	0.00199	0.00651	0.00604	0.00369	0.00701
24	0.04097	0.01395	0.10395	0.05953	0.05686	0.14953	0.04676	0.03065	0.02138	0.12513	0.01857	0.16814	0.07624	0.00861	0.00633	0.00178	0.05406	0.00710	0.00391	0.00655
25	0.01393	0.00743	0.00992	0.00937	0.04196	0.00709	0.00687	0.06754	0.01374	0.26190	0.16076	0.19013	0.02439	0.01311	0.08240	0.02634	0.00491	0.00823	0.04347	0.00653
26	0.01148	0.21427	0.57961	0.01354	0.02049	0.01431	0.01681	0.01649	0.01126	0.01588	0.01051	0.01194	0.03073	0.00524	0.00474	0.00157	0.00725	0.00393	0.00236	0.00758
27	0.05113	0.07417	0.23819	0.18668	0.13967	0.05609	0.09675	0.03147	0.01202	0.03397	0.02491	0.01297	0.00831	0.00521	0.00515	0.00165	0.00719	0.00453	0.00271	0.00725
28	0.01505	0.02021	0.31845	0.03135	0.01897	0.13960	0.03123	0.11306	0.05739	0.09970	0.01224	0.03392	0.00926	0.00623	0.00603	0.00169	0.05955	0.00470	0.01374	0.00764
29	0.01077	0.02777	0.78354	0.01530	0.02323	0.01247	0.01983	0.01700	0.01133	0.01700	0.00963	0.01133	0.00680	0.00510	0.00510	0.00170	0.00793	0.00397	0.00227	0.00793
30	0.01046	0.01004	0.01733	0.69939	0.06053	0.01219	0.06391	0.01401	0.01084	0.01405	0.00958	0.01422	0.00726	0.00541	0.00578	0.00180	0.02981	0.00487	0.00242	0.00613
31	0.01228	0.38008	0.35681	0.01213	0.01792	0.01608	0.02843	0.01640	0.03109	0.01488	0.00932	0.01104	0.00756	0.00724	0.05616	0.00191	0.00729	0.00369	0.00241	0.00726
32	0.01252	0.01128	0.01285	0.03932	0.12562	0.11767	0.00936	0.07051	0.04480	0.04834	0.01727	0.21036	0.03850	0.02708	0.04999	0.00228	0.11857	0.00756	0.02985	0.00626
33	0.00781	0.00520	0.00585	0.00585	0.00585	0.00520	0.00325	0.00781	0.00781	0.01041	0.01691	0.03513	0.01952	0.81135	0.02732	0.00520	0.00520	0.00781	0.00325	0.00325
34	0.01858	0.03767	0.01501	0.01162	0.01544	0.06388	0.05381	0.22076	0.21205	0.24266	0.04015	0.01686	0.01319	0.00662	0.00539	0.00166	0.00542	0.00540	0.00535	0.00847
35	0.01303	0.00973	0.01378	0.01253	0.05937	0.03327	0.09714	0.05507	0.06964	0.14745	0.09244	0.21571	0.04189	0.00975	0.00743	0.00189	0.10023	0.00838	0.00462	0.00664
36	0.00706	0.00491	0.00619	0.00700	0.00724	0.00472	0.00452	0.00773	0.00949	0.01264	0.02513	0.51112	0.02977	0.29335	0.01400	0.00324	0.00391	0.03961	0.00438	0.00400
37	0.01955	0.01367	0.01628	0.01254	0.01675	0.01468	0.06699	0.50444	0.10966	0.14641	0.01506	0.01467	0.01054	0.00643	0.00546	0.00166	0.00575	0.00518	0.00537	0.00891
38	0.01961	0.01251	0.01285	0.01060	0.01410	0.12616	0.00845	0.12963	0.14832	0.36039	0.06809	0.03517	0.01523	0.00707	0.00542	0.00165	0.00530	0.00564	0.00559	0.00822
39	0.05911	0.00994	0.01272	0.01076	0.05414	0.03045	0.00827	0.05535	0.01519	0.62747	0.01915	0.01718	0.01237	0.00642	0.00523	0.00163	0.00477	0.00516	0.03597	0.00873
40	0.00720	0.00545	0.00667	0.00660	0.00796	0.00492	0.00498	0.00925	0.01375	0.01847	0.45519	0.10478	0.26641	0.01245	0.00644	0.00181	0.00278	0.05455	0.00550	0.00484
41	0.01244	0.01260	0.01802	0.43188	0.29885	0.10490	0.01493	0.01562	0.01180	0.01501	0.00959	0.01339	0.00761	0.00518	0.00529	0.00167	0.00718	0.00462	0.00253	0.00690
42	0.01224	0.17033	0.39614	0.01235	0.01783	0.05965	0.01389	0.04835	0.03357	0.03502	0.01402	0.04563	0.05069	0.03097	0.00570	0.00174	0.00669	0.03500	0.00302	0.00715
43	0.08241	0.01271	0.01380	0.01111	0.01461	0.01412	0.00905	0.54763	0.02066	0.02875	0.01358	0.05610	0.01093	0.01203	0.12475	0.00271	0.00691	0.00538	0.00481	0.00796
44	0.01123	0.01099	0.01546	0.01340	0.01353	0.01522	0.01111	0.01250	0.00827	0.01286	0.00797	0.01292	0.00785	0.01328	0.11491	0.00314	0.70238	0.00483	0.00242	0.00574
45	0.01124	0.15898	0.62637	0.01394	0.02105	0.01365	0.01747	0.01658	0.01141	0.01644	0.03919	0.01200	0.00853	0.00524	0.00487	0.00161	0.00735	0.00401	0.00241	0.00765
46	0.01423	0.01303	0.02101	0.05789	0.61172	0.01334	0.03801	0.12958	0.01416	0.01987	0.01052	0.01330	0.00854	0.00505	0.00536	0.00161	0.00642	0.00484	0.00306	0.00847
47	0.01178	0.02356	0.54320	0.01709	0.02416	0.01298	0.21530	0.05657	0.01243	0.01795	0.01013	0.01225	0.00728	0.00502	0.00544	0.00172	0.00812	0.00464	0.00255	0.00781
48	0.01185	0.01058	0.01612	0.62815	0.08250	0.04236	0.01412	0.03610	0.03700	0.05461	0.01064	0.01442	0.00792	0.00549	0.00535	0.00175	0.00694	0.00480	0.00282	0.00648
49	0.01689	0.00958	0.01150	0.00988	0.01306	0.00970	0.00798	0.07997	0.24751	0.32248	0.02408	0.05625	0.06707	0.00861	0.00576	0.00183	0.00444	0.08965	0.00581	0.00797
50	0.01254	0.01370	0.02109	0.27784	0.02680	0.13100	0.28004	0.01579	0.01174	0.01472	0.00992	0.01388	0.00788	0.00775	0.05850	0.00224	0.08041	0.00519	0.00259	0.00638

[dist]
# distance from previous block
# <min> <max>
0	3

[block]
# block no. 3 follows, 45 sequences, length 24
# corresponding to MSA columns:
# 764-767,774-793
name=unknown_D
#
# <colnr> <probs for GDERKNQSTAVLIFYWHMCP>
#	G	D	E	R	K	N	Q	S	T	A	V	L	I	F	Y	W	H	M	C	P
0	0.01175	0.01031	0.01104	0.01012	0.01252	0.03798	0.00786	0.02206	0.49450	0.01939	0.04898	0.02311	0.08510	0.01344	0.13540	0.00294	0.03500	0.00648	0.00480	0.00723
1	0.01308	0.01254	0.02142	0.08317	0.72926	0.01270	0.01637	0.01629	0.01212	0.01729	0.01006	0.01335	0.00841	0.00482	0.00532	0.00161	0.00643	0.00478	0.00264	0.00834
2	0.01071	0.01065	0.01140	0.01049	0.01215	0.17978	0.05477	0.01273	0.01093	0.01373	0.08160	0.01987	0.01502	0.02769	0.49652	0.00597	0.01193	0.00564	0.00312	0.00529
3	0.00822	0.00470	0.00665	0.00710	0.00722	0.00458	0.00470	0.00721	0.00824	0.01098	0.01715	0.30624	0.01946	0.06291	0.01618	0.48914	0.00413	0.00871	0.00335	0.00312
4	0.25475	0.01340	0.01352	0.01072	0.01463	0.01500	0.00884	0.52337	0.02011	0.03033	0.01141	0.01199	0.00834	0.00719	0.03177	0.00187	0.00570	0.00432	0.00470	0.00804
5	0.00654	0.00532	0.00580	0.00594	0.00744	0.00458	0.00435	0.00799	0.01232	0.01531	0.14649	0.17034	0.56138	0.01376	0.00642	0.00185	0.00276	0.01174	0.00511	0.00458
6	0.03808	0.00555	0.00606	0.00614	0.00768	0.00493	0.00457	0.00854	0.01247	0.01622	0.19618	0.14910	0.48335	0.01320	0.00632	0.00185	0.00284	0.02716	0.00511	0.00467
7	0.49262	0.00942	0.00902	0.00794	0.01105	0.01015	0.00636	0.01795	0.05862	0.20125	0.01448	0.11539	0.01210	0.00706	0.00440	0.00174	0.00412	0.00530	0.00446	0.00658
8	0.01977	0.01472	0.01575	0.01222	0.01640	0.01635	0.01005	0.69382	0.09242	0.03280	0.01370	0.01353	0.00979	0.00652	0.00538	0.00163	0.00576	0.00494	0.00538	0.00907
9	0.01054	0.00612	0.00758	0.00705	0.00896	0.00543	0.00541	0.01244	0.01352	0.17132	0.26380	0.12550	0.26205	0.01154	0.00616	0.00179	0.00315	0.03707	0.03494	0.00564
10	0.06385	0.00617	0.00725	0.00747	0.00871	0.00608	0.00532	0.01159	0.08079	0.06670	0.09780	0.41349	0.10168	0.07145	0.00773	0.00220	0.00343	0.01130	0.02181	0.00517
11	0.67951	0.00928	0.00750	0.00701	0.00982	0.01051	0.00559	0.01412	0.00949	0.02205	0.01355	0.12007	0.06035	0.00716	0.00400	0.00174	0.00392	0.00514	0.00366	0.00553
12	0.02078	0.01099	0.01319	0.01049	0.01441	0.01109	0.00854	0.18829	0.19228	0.44072	0.01951	0.01749	0.01309	0.00675	0.00541	0.00169	0.00479	0.00543	0.00609	0.00899
13	0.00785	0.00569	0.00658	0.00659	0.00770	0.00539	0.00461	0.01001	0.05923	0.02868	0.19359	0.17977	0.22800	0.18849	0.01088	0.00258	0.00342	0.01025	0.03601	0.00468
14	0.00657	0.00513	0.00597	0.00643	0.00756	0.00452	0.00457	0.00789	0.01177	0.01498	0.12745	0.36286	0.38594	0.01462	0.00655	0.00195	0.00286	0.01277	0.00509	0.00452
15	0.52378	0.01140	0.01037	0.00878	0.01231	0.01291	0.00717	0.16796	0.11422	0.06876	0.01126	0.01161	0.00832	0.00568	0.00414	0.00167	0.00454	0.00386	0.00421	0.00703
16	0.00722	0.00529	0.00641	0.00660	0.00752	0.00491	0.00465	0.00862	0.01176	0.01565	0.25668	0.19738	0.19668	0.18919	0.01113	0.00264	0.00342	0.05496	0.00488	0.00440
17	0.06531	0.00657	0.00763	0.00725	0.00909	0.00633	0.00554	0.01329	0.06423	0.11914	0.19981	0.13621	0.16992	0.03367	0.00643	0.00188	0.00335	0.04987	0.08887	0.00563
18	0.52267	0.00879	0.00814	0.00744	0.01014	0.00977	0.00595	0.01513	0.00997	0.10240	0.01247	0.08432	0.01079	0.01089	0.10599	0.00259	0.00533	0.00479	0.05660	0.00585
19	0.03992	0.01387	0.01489	0.01177	0.01578	0.01536	0.00962	0.55182	0.17402	0.07419	0.01503	0.01453	0.01075	0.00659	0.00534	0.00166	0.00545	0.00507	0.00541	0.00892
20	0.06669	0.01089	0.01183	0.01037	0.01331	0.01203	0.00841	0.24846	0.27039	0.02464	0.08855	0.02676	0.04668	0.00869	0.00573	0.00184	0.00466	0.12734	0.00524	0.00748
21	0.00723	0.00545	0.00665	0.00672	0.00800	0.00512	0.00496	0.00880	0.01160	0.02833	0.16655	0.15962	0.33720	0.04898	0.16654	0.00336	0.00524	0.01029	0.00468	0.00468
22	0.08764	0.01167	0.01103	0.07853	0.04676	0.17645	0.00821	0.07035	0.01312	0.01707	0.10540	0.04805	0.13243	0.01381	0.13907	0.00285	0.00715	0.02081	0.00381	0.00577
23	0.01766	0.01986	0.01481	0.01520	0.11411	0.51353	0.01035	0.03255	0.02791	0.06273	0.01181	0.08351	0.01055	0.00779	0.03269	0.00177	0.00834	0.00497	0.00330	0.00658

[dist]
# distance from previous block
# <min> <max>
5	12

[block]
# block no. 4 follows, 45 sequences, length 14
# corresponding to MSA columns:
# 812-825
name=unknown_E
#
# <colnr> <probs for GDERKNQSTAVLIFYWHMCP>
#	G	D	E	R	K	N	Q	S	T	A	V	L	I	F	Y	W	H	M	C	P
0	0.00750	0.03763	0.00749	0.00733	0.00828	0.00567	0.00532	0.00921	0.03272	0.01504	0.13818	0.38983	0.13407	0.09563	0.00867	0.00234	0.00350	0.08208	0.00484	0.00465
1	0.00767	0.00625	0.00862	0.00872	0.04353	0.00571	0.04767	0.00974	0.01308	0.01735	0.30503	0.14213	0.28186	0.01226	0.00644	0.00186	0.00340	0.06853	0.00508	0.00506
2	0.04423	0.04447	0.21460	0.10714	0.06207	0.03349	0.07548	0.08859	0.03436	0.04197	0.05315	0.11126	0.01367	0.01626	0.00613	0.00180	0.03474	0.00615	0.00346	0.00696
3	0.04716	0.10327	0.33867	0.05401	0.07060	0.05716	0.06809	0.08352	0.07037	0.01854	0.03228	0.01297	0.00918	0.00547	0.00504	0.00163	0.00697	0.00444	0.00303	0.00760
4	0.06155	0.01067	0.01374	0.01235	0.07287	0.01107	0.04125	0.17393	0.09135	0.25992	0.01731	0.09242	0.01389	0.05248	0.00733	0.00195	0.04683	0.00625	0.00503	0.00780
5	0.04494	0.05310	0.01829	0.01467	0.06644	0.01146	0.23444	0.11976	0.05652	0.04698	0.09378	0.06933	0.04812	0.03974	0.00673	0.00191	0.00594	0.05691	0.00411	0.00683
6	0.07477	0.06870	0.10577	0.01432	0.11826	0.12760	0.01102	0.10045	0.10547	0.07948	0.03533	0.06812	0.01216	0.00681	0.00576	0.00167	0.04777	0.00529	0.00384	0.00740
7	0.22877	0.04524	0.04776	0.09460	0.13719	0.05660	0.08896	0.11767	0.03761	0.05006	0.01111	0.01404	0.00880	0.00568	0.00490	0.00167	0.00613	0.03255	0.00348	0.00718
8	0.07075	0.09192	0.03390	0.01147	0.05350	0.14624	0.03840	0.03339	0.07422	0.04123	0.04892	0.01897	0.06538	0.05286	0.03521	0.00197	0.03428	0.02602	0.00357	0.11781
9	0.10764	0.05586	0.16768	0.01335	0.08543	0.01134	0.07322	0.11806	0.01377	0.07414	0.10176	0.07517	0.03498	0.02910	0.00592	0.00179	0.00561	0.01420	0.00394	0.00705
10	0.05888	0.04129	0.09964	0.06836	0.01529	0.06324	0.00952	0.17226	0.10139	0.02039	0.06651	0.09202	0.08117	0.03936	0.00636	0.00189	0.00538	0.04608	0.00427	0.00671
11	0.01118	0.01067	0.01382	0.01302	0.06945	0.10327	0.13108	0.05870	0.06734	0.01767	0.14917	0.28612	0.02521	0.01023	0.00613	0.00184	0.00528	0.00935	0.00439	0.00607
12	0.01111	0.06097	0.12647	0.08860	0.06577	0.05828	0.14925	0.01488	0.05405	0.01573	0.01683	0.13378	0.05648	0.03285	0.00633	0.00184	0.00629	0.03968	0.00335	0.05746
13	0.01281	0.12170	0.10017	0.04859	0.04365	0.07305	0.00960	0.08648	0.04103	0.07913	0.10140	0.13837	0.04552	0.00995	0.03956	0.00199	0.00575	0.03052	0.00412	0.00661

[dist]
# distance from previous block
# <min> <max>
8	40

[block]
# block no. 5 follows, 45 sequences, length 7
# corresponding to MSA columns:
# 903-909
name=unknown_F
#
# <colnr> <probs for GDERKNQSTAVLIFYWHMCP>
#	G	D	E	R	K	N	Q	S	T	A	V	L	I	F	Y	W	H	M	C	P
0	0.01376	0.18651	0.12618	0.10043	0.01828	0.01359	0.06733	0.13185	0.06005	0.07919	0.01508	0.01695	0.06300	0.04323	0.04017	0.00205	0.00644	0.00514	0.00361	0.00717
1	0.00722	0.00617	0.04025	0.00744	0.00855	0.00516	0.00570	0.00867	0.01103	0.01445	0.08652	0.35180	0.18757	0.12435	0.00953	0.00250	0.00373	0.11015	0.00469	0.00453
2	0.05063	0.01456	0.04841	0.18181	0.20103	0.13678	0.15236	0.06020	0.01328	0.01748	0.06308	0.01471	0.01069	0.00553	0.00542	0.00166	0.00723	0.00509	0.00303	0.00703
3	0.06775	0.09562	0.17208	0.03461	0.07339	0.06745	0.09354	0.06734	0.12172	0.06041	0.02989	0.04535	0.03507	0.00632	0.00518	0.00166	0.00627	0.00531	0.00362	0.00741
4	0.06161	0.00978	0.04408	0.01116	0.04668	0.03821	0.07635	0.03204	0.07373	0.13073	0.05840	0.15156	0.09630	0.01091	0.03995	0.00213	0.00524	0.07085	0.03390	0.00640
5	0.01084	0.01213	0.12914	0.03172	0.05925	0.06515	0.07219	0.06259	0.01291	0.04003	0.12616	0.22086	0.06272	0.06082	0.00733	0.00202	0.00537	0.00860	0.00411	0.00606
6	0.09814	0.01281	0.03809	0.01482	0.13471	0.10382	0.07567	0.07061	0.07386	0.05018	0.04095	0.06422	0.04582	0.00771	0.00702	0.05133	0.05882	0.00570	0.00366	0.04205

[dist]
# distance from previous block
# <min> <max>
2	158

# created by:
# /home/cegg/simao/soft/augustus-3.2.1/scripts/msa2prfl.pl ./align_prep/EOG091G0CXE.fa
