[name]
unknown

[dist]
# distance from previous block
# <min> <max>
0	44

[block]
# block no. 0 follows, 49 sequences, length 38
# corresponding to MSA columns:
# 45-82
name=unknown_A
#
# <colnr> <probs for GDERKNQSTAVLIFYWHMCP>
#	G	D	E	R	K	N	Q	S	T	A	V	L	I	F	Y	W	H	M	C	P
0	0.09649	0.01030	0.01355	0.01629	0.27465	0.01085	0.00984	0.11475	0.16035	0.05254	0.06991	0.05623	0.04898	0.00681	0.00506	0.00161	0.00465	0.02320	0.01679	0.00715
1	0.11794	0.00793	0.00948	0.01011	0.10586	0.00825	0.00642	0.08949	0.05404	0.05154	0.07762	0.05773	0.03503	0.29610	0.03473	0.00294	0.00478	0.00634	0.00377	0.01991
2	0.04370	0.01288	0.10523	0.02606	0.08422	0.02137	0.32287	0.04987	0.03861	0.08267	0.07172	0.01773	0.01255	0.05766	0.00677	0.00186	0.00655	0.02757	0.00336	0.00673
3	0.04500	0.01049	0.04718	0.05116	0.03235	0.04427	0.04517	0.05809	0.03156	0.18881	0.03038	0.06403	0.05673	0.00628	0.00506	0.00139	0.02393	0.00519	0.00400	0.24894
4	0.06371	0.42510	0.04987	0.00896	0.01261	0.06216	0.00832	0.01610	0.01139	0.14222	0.07267	0.01406	0.04572	0.00579	0.00462	0.00134	0.04146	0.00411	0.00330	0.00650
5	0.01551	0.13729	0.23799	0.01309	0.06233	0.04575	0.01232	0.35046	0.01670	0.04612	0.01043	0.01119	0.00767	0.00534	0.00470	0.00147	0.00621	0.00401	0.00359	0.00783
6	0.01350	0.75841	0.06777	0.00905	0.01354	0.01944	0.00922	0.03738	0.01069	0.01270	0.00729	0.00837	0.00655	0.00440	0.00338	0.00112	0.00552	0.00281	0.00225	0.00660
7	0.00770	0.00554	0.00697	0.00662	0.00802	0.00519	0.00506	0.01046	0.04819	0.03850	0.59669	0.03892	0.13808	0.01061	0.00597	0.00165	0.00266	0.05285	0.00540	0.00494
8	0.01370	0.01662	0.06308	0.01364	0.01569	0.30344	0.09295	0.01559	0.01119	0.01338	0.05345	0.01230	0.00918	0.00728	0.02119	0.00184	0.32263	0.00441	0.00259	0.00585
9	0.00644	0.00514	0.00577	0.00561	0.00712	0.00447	0.00421	0.00816	0.01263	0.01628	0.34286	0.04435	0.49542	0.01183	0.00597	0.00166	0.00249	0.01007	0.00504	0.00447
10	0.01317	0.01095	0.01190	0.04616	0.01420	0.01254	0.00835	0.14928	0.57586	0.02208	0.01909	0.06435	0.01496	0.00717	0.00520	0.00170	0.00432	0.00598	0.00497	0.00777
11	0.00747	0.00578	0.00848	0.00789	0.00878	0.00593	0.06912	0.00864	0.00854	0.01161	0.01832	0.11298	0.06960	0.33935	0.28966	0.00522	0.00783	0.00755	0.00319	0.00408
12	0.01033	0.07160	0.75233	0.01409	0.02138	0.01221	0.01811	0.01596	0.01065	0.01578	0.00896	0.01053	0.00641	0.00478	0.00472	0.00157	0.00736	0.00368	0.00214	0.00742
13	0.01343	0.80384	0.04720	0.00881	0.01322	0.01979	0.00892	0.01517	0.01029	0.01201	0.00709	0.00818	0.00649	0.00434	0.00329	0.00110	0.00546	0.00273	0.00216	0.00652
14	0.01194	0.01364	0.02984	0.02131	0.02643	0.01279	0.77238	0.01620	0.01194	0.01620	0.01023	0.01364	0.00767	0.00426	0.00597	0.00171	0.00853	0.00597	0.00256	0.00682
15	0.01188	0.01273	0.02627	0.02066	0.09676	0.01213	0.59771	0.04541	0.01230	0.01670	0.01184	0.03189	0.00987	0.00532	0.00593	0.00173	0.00777	0.06346	0.00285	0.00679
16	0.01209	0.01154	0.01988	0.04884	0.67855	0.01156	0.04884	0.01510	0.01151	0.01631	0.01083	0.01594	0.00955	0.00522	0.00520	0.00158	0.00604	0.06113	0.00266	0.00764
17	0.00598	0.00512	0.00512	0.00512	0.00683	0.00427	0.00384	0.00726	0.01153	0.01366	0.05123	0.04866	0.78869	0.01281	0.00598	0.00171	0.00256	0.01067	0.00470	0.00427
18	0.01889	0.02410	0.01433	0.01303	0.01563	0.80199	0.00977	0.02019	0.01433	0.01238	0.00782	0.00912	0.00651	0.00521	0.00456	0.00130	0.00912	0.00326	0.00261	0.00586
19	0.01166	0.05999	0.01819	0.13320	0.46231	0.01187	0.03634	0.01585	0.10246	0.01601	0.01250	0.06108	0.02513	0.00567	0.00506	0.00157	0.00567	0.00528	0.00293	0.00725
20	0.00735	0.00490	0.00552	0.00552	0.00552	0.00490	0.00306	0.00735	0.00735	0.00980	0.01593	0.03309	0.01838	0.82229	0.02574	0.00490	0.00490	0.00735	0.00306	0.00306
21	0.02269	0.00861	0.01174	0.00900	0.01291	0.00743	0.00743	0.02464	0.01447	0.79425	0.01995	0.01721	0.01252	0.00626	0.00509	0.00156	0.00430	0.00509	0.00626	0.00861
22	0.01132	0.01156	0.01594	0.57162	0.15770	0.11966	0.01370	0.01435	0.01092	0.01344	0.00891	0.01272	0.00692	0.00499	0.00498	0.00160	0.00694	0.00433	0.00234	0.00605
23	0.01253	0.01355	0.01720	0.01761	0.19381	0.18761	0.13176	0.01462	0.01099	0.01392	0.01094	0.10652	0.01051	0.00847	0.04451	0.00202	0.18889	0.00564	0.00274	0.00617
24	0.01723	0.02040	0.01353	0.01220	0.01487	0.58447	0.00924	0.04920	0.17402	0.01516	0.03453	0.01213	0.00971	0.00574	0.00474	0.00141	0.00772	0.00400	0.00331	0.00638
25	0.02123	0.01217	0.01303	0.01025	0.01403	0.11375	0.00834	0.23152	0.01703	0.48078	0.01620	0.01475	0.01065	0.00607	0.00501	0.00152	0.00528	0.00470	0.00545	0.00824
26	0.01084	0.01030	0.01758	0.36682	0.39842	0.01123	0.03313	0.01391	0.01081	0.01474	0.01038	0.06017	0.00894	0.00540	0.00514	0.00162	0.00621	0.00511	0.00252	0.00672
27	0.00724	0.00543	0.00710	0.00765	0.00845	0.00545	0.00583	0.00877	0.02447	0.01415	0.10158	0.35047	0.13805	0.01394	0.00772	0.04467	0.05219	0.18794	0.00450	0.00438
28	0.04426	0.16827	0.24907	0.01209	0.01675	0.10751	0.06065	0.05090	0.19613	0.01694	0.01206	0.01271	0.02045	0.00539	0.00461	0.00150	0.00624	0.00421	0.00314	0.00711
29	0.01161	0.40330	0.39739	0.01138	0.01708	0.01539	0.01337	0.01530	0.01048	0.01403	0.02199	0.01018	0.00734	0.00555	0.02502	0.00153	0.00657	0.00339	0.00222	0.00688
30	0.00644	0.00480	0.00597	0.00673	0.00735	0.00453	0.00459	0.00775	0.03153	0.01300	0.03038	0.56400	0.16752	0.07415	0.04404	0.00246	0.00352	0.01255	0.00450	0.00419
31	0.01257	0.01205	0.02060	0.05074	0.72443	0.01211	0.04340	0.03316	0.01178	0.01677	0.00959	0.01257	0.00798	0.00455	0.00504	0.00151	0.00611	0.00456	0.00256	0.00792
32	0.01241	0.33139	0.35552	0.01107	0.01646	0.02757	0.01262	0.01590	0.01103	0.08112	0.02645	0.01320	0.03909	0.00536	0.00434	0.00141	0.00608	0.01931	0.00273	0.00693
33	0.01030	0.09301	0.63722	0.01388	0.02051	0.01206	0.06110	0.01541	0.01066	0.01548	0.01010	0.05938	0.00812	0.00540	0.00484	0.00159	0.00708	0.00442	0.00232	0.00715
34	0.00621	0.00485	0.00567	0.00624	0.00729	0.00431	0.00450	0.00741	0.01078	0.01354	0.05192	0.38393	0.39984	0.01416	0.00625	0.00190	0.00285	0.05942	0.00471	0.00423
35	0.01210	0.04114	0.21720	0.05487	0.30704	0.01148	0.06609	0.01678	0.08496	0.07054	0.01224	0.06160	0.01003	0.00562	0.00507	0.00159	0.00607	0.00510	0.00304	0.00744
36	0.01223	0.02367	0.11189	0.01056	0.04349	0.05889	0.04020	0.09051	0.05594	0.12196	0.17753	0.07441	0.09671	0.02204	0.00580	0.00169	0.00476	0.03690	0.00444	0.00637
37	0.01274	0.01258	0.01986	0.07174	0.70345	0.05962	0.01509	0.01566	0.01161	0.01608	0.00938	0.01236	0.00785	0.00458	0.00498	0.00150	0.00623	0.00443	0.00250	0.00775

[dist]
# distance from previous block
# <min> <max>
1	13

[block]
# block no. 1 follows, 49 sequences, length 17
# corresponding to MSA columns:
# 96-112
name=unknown_B
#
# <colnr> <probs for GDERKNQSTAVLIFYWHMCP>
#	G	D	E	R	K	N	Q	S	T	A	V	L	I	F	Y	W	H	M	C	P
0	0.01097	0.20390	0.25696	0.01188	0.01641	0.01248	0.11272	0.05568	0.02503	0.01633	0.13220	0.01648	0.03441	0.00781	0.05191	0.00189	0.01837	0.00501	0.00305	0.00652
1	0.00636	0.00454	0.00597	0.00700	0.00737	0.00427	0.00475	0.00730	0.00976	0.01299	0.04384	0.69342	0.04806	0.07006	0.00776	0.00224	0.00314	0.05247	0.00460	0.00408
2	0.01229	0.01256	0.02347	0.02550	0.42513	0.01237	0.31437	0.01671	0.07427	0.01677	0.01070	0.01348	0.00848	0.00460	0.00540	0.00160	0.00684	0.00518	0.00274	0.00754
3	0.01893	0.02282	0.01444	0.01285	0.01564	0.70043	0.00975	0.11754	0.01555	0.01489	0.00837	0.00951	0.00678	0.00532	0.00462	0.00133	0.00866	0.00342	0.00292	0.00622
4	0.00734	0.00577	0.00828	0.01066	0.12981	0.00553	0.00642	0.00871	0.01032	0.01393	0.07608	0.51953	0.07554	0.04637	0.02538	0.00218	0.00373	0.03533	0.00430	0.00476
5	0.01215	0.08175	0.49132	0.01535	0.07448	0.01309	0.08618	0.13437	0.01287	0.01824	0.00954	0.01112	0.00698	0.00490	0.00485	0.00155	0.00702	0.00405	0.00266	0.00755
6	0.01378	0.54967	0.16811	0.01019	0.01506	0.01779	0.01067	0.13388	0.01246	0.01579	0.00821	0.00922	0.00680	0.00469	0.00382	0.00125	0.00582	0.00319	0.00261	0.00700
7	0.01970	0.00804	0.01081	0.00874	0.01205	0.00712	0.00703	0.02198	0.04455	0.64108	0.02121	0.14258	0.01591	0.00778	0.00530	0.00165	0.00408	0.00656	0.00597	0.00788
8	0.05046	0.03275	0.00815	0.00704	0.01934	0.00731	0.00523	0.11498	0.01231	0.07719	0.08489	0.06813	0.04284	0.14414	0.02087	0.00211	0.00381	0.00616	0.28693	0.00535
9	0.01380	0.47237	0.21225	0.01064	0.01568	0.01715	0.01129	0.16294	0.01300	0.01679	0.00852	0.00952	0.00688	0.00478	0.00398	0.00129	0.00594	0.00332	0.00272	0.00714
10	0.01234	0.20813	0.49700	0.01265	0.01887	0.01426	0.01496	0.13425	0.01263	0.01754	0.00908	0.01031	0.00677	0.00489	0.00449	0.00147	0.00670	0.00363	0.00260	0.00742
11	0.00633	0.00473	0.00562	0.00619	0.00691	0.00431	0.00418	0.00726	0.01007	0.01295	0.06432	0.43094	0.26024	0.14073	0.00930	0.00238	0.00311	0.01194	0.00448	0.00402
12	0.03030	0.06670	0.12607	0.00900	0.01148	0.00764	0.00831	0.03317	0.01146	0.08500	0.05224	0.25795	0.06475	0.01113	0.00583	0.00188	0.00441	0.20289	0.00427	0.00551
13	0.00760	0.00590	0.00860	0.01115	0.13029	0.00571	0.00698	0.00908	0.01035	0.01393	0.04082	0.50077	0.02837	0.04514	0.00707	0.00212	0.00381	0.15323	0.00430	0.00479
14	0.02264	0.00593	0.00701	0.00693	0.00809	0.02366	0.00498	0.01076	0.03286	0.09358	0.21647	0.25608	0.07800	0.14582	0.00916	0.00229	0.00347	0.03783	0.02968	0.00477
15	0.01244	0.58903	0.12943	0.13469	0.01760	0.01751	0.01086	0.01491	0.01030	0.01262	0.00761	0.00930	0.00652	0.00451	0.00374	0.00125	0.00590	0.00312	0.00217	0.00649
16	0.07026	0.41971	0.21525	0.01030	0.01509	0.01607	0.01087	0.03832	0.13118	0.01567	0.00980	0.01055	0.00786	0.00492	0.00397	0.00136	0.00561	0.00349	0.00277	0.00696

[dist]
# distance from previous block
# <min> <max>
0	72

[block]
# block no. 2 follows, 49 sequences, length 13
# corresponding to MSA columns:
# 186-198
name=unknown_C
#
# <colnr> <probs for GDERKNQSTAVLIFYWHMCP>
#	G	D	E	R	K	N	Q	S	T	A	V	L	I	F	Y	W	H	M	C	P
0	0.00783	0.00698	0.00671	0.00669	0.00812	0.07583	0.00499	0.00955	0.03241	0.01428	0.13273	0.08339	0.40358	0.10027	0.00811	0.00209	0.00365	0.08387	0.00445	0.00447
1	0.78278	0.08243	0.00913	0.00683	0.01006	0.01212	0.00576	0.01489	0.00875	0.02173	0.00704	0.00821	0.00557	0.00466	0.00314	0.00152	0.00404	0.00274	0.00304	0.00557
2	0.01101	0.15837	0.56859	0.01293	0.01930	0.01324	0.01566	0.01723	0.10721	0.01597	0.01017	0.01127	0.00755	0.00498	0.00459	0.00153	0.00669	0.00381	0.00252	0.00737
3	0.00787	0.00575	0.00712	0.00664	0.00803	0.00552	0.00502	0.03810	0.05320	0.02017	0.63633	0.05376	0.08243	0.01010	0.00581	0.00160	0.00260	0.00885	0.03607	0.00503
4	0.00728	0.00487	0.00554	0.00561	0.00563	0.00485	0.00317	0.00733	0.00750	0.01000	0.01670	0.08340	0.01935	0.77066	0.02450	0.00472	0.00478	0.00780	0.00317	0.00313
5	0.00655	0.00504	0.00587	0.00595	0.00715	0.00450	0.00433	0.00806	0.01185	0.01542	0.27909	0.15300	0.36637	0.07175	0.00752	0.00197	0.00279	0.03360	0.00485	0.00433
6	0.01354	0.03426	0.01265	0.02985	0.05253	0.14262	0.00860	0.22818	0.05969	0.01879	0.01350	0.10622	0.01217	0.01286	0.14989	0.00277	0.05237	0.00564	0.03751	0.00637
7	0.01074	0.01111	0.03177	0.01457	0.01665	0.02806	0.26216	0.03256	0.01019	0.01426	0.01237	0.12912	0.01235	0.03566	0.01071	0.00207	0.31240	0.04458	0.00291	0.00575
8	0.03838	0.20398	0.08708	0.01224	0.06082	0.12508	0.01030	0.31079	0.04899	0.02114	0.01008	0.01082	0.00777	0.00528	0.00446	0.00138	0.00606	0.00383	0.00354	0.02796
9	0.00902	0.00829	0.01419	0.01284	0.07407	0.00783	0.21343	0.01193	0.05049	0.01544	0.09445	0.28497	0.05272	0.03918	0.00662	0.00187	0.00485	0.03417	0.00388	0.05975
10	0.01258	0.13485	0.44786	0.01326	0.05199	0.01310	0.01443	0.10516	0.06717	0.05604	0.01051	0.01146	0.00771	0.00506	0.00463	0.00150	0.00640	0.00391	0.00293	0.02945
11	0.01273	0.09577	0.29048	0.06025	0.19271	0.02677	0.10214	0.03069	0.03855	0.08685	0.01053	0.01221	0.00785	0.00488	0.00488	0.00154	0.00661	0.00430	0.00282	0.00744
12	0.01425	0.01019	0.01129	0.00988	0.01286	0.01127	0.00776	0.02570	0.60363	0.16688	0.05381	0.01938	0.01629	0.00690	0.00517	0.00168	0.00399	0.00575	0.00537	0.00798

[dist]
# distance from previous block
# <min> <max>
0	7

[block]
# block no. 3 follows, 49 sequences, length 42
# corresponding to MSA columns:
# 219-260
name=unknown_D
#
# <colnr> <probs for GDERKNQSTAVLIFYWHMCP>
#	G	D	E	R	K	N	Q	S	T	A	V	L	I	F	Y	W	H	M	C	P
0	0.01147	0.01388	0.09394	0.01888	0.05967	0.03663	0.52354	0.01581	0.04395	0.01600	0.01245	0.07268	0.01066	0.00572	0.00582	0.00173	0.00757	0.04005	0.00287	0.00666
1	0.01324	0.10078	0.34281	0.01502	0.07632	0.05562	0.11419	0.10108	0.03228	0.06946	0.01070	0.01259	0.00804	0.00516	0.00490	0.00154	0.00682	0.01911	0.00297	0.00740
2	0.01023	0.00755	0.00946	0.01010	0.06235	0.00792	0.00744	0.12502	0.08738	0.01782	0.02091	0.16031	0.02127	0.06863	0.02939	0.00228	0.00458	0.25660	0.08517	0.00559
3	0.00618	0.00449	0.00583	0.00684	0.00729	0.00414	0.00462	0.00714	0.01000	0.01322	0.05466	0.72137	0.10483	0.01538	0.00639	0.00201	0.00288	0.01386	0.00472	0.00414
4	0.01196	0.17285	0.42838	0.01302	0.04127	0.03341	0.04581	0.03986	0.03589	0.05802	0.04998	0.02750	0.00983	0.00537	0.00468	0.00150	0.00644	0.00428	0.00281	0.00715
5	0.01234	0.16513	0.40563	0.04814	0.09637	0.03854	0.05128	0.01676	0.03159	0.07416	0.00989	0.01132	0.00736	0.00485	0.00463	0.00150	0.00670	0.00391	0.00261	0.00729
6	0.07982	0.00899	0.01103	0.00884	0.01227	0.02163	0.00718	0.05684	0.07147	0.54268	0.03746	0.01810	0.03447	0.02306	0.04094	0.00193	0.00472	0.00522	0.00556	0.00779
7	0.01213	0.01205	0.04011	0.07042	0.71158	0.01177	0.01523	0.01519	0.01142	0.01625	0.01053	0.01343	0.02764	0.00475	0.00503	0.00152	0.00600	0.00464	0.00254	0.00778
8	0.01243	0.03975	0.33050	0.02451	0.14688	0.01193	0.05762	0.11201	0.08490	0.05482	0.03090	0.04909	0.01037	0.00576	0.00504	0.00160	0.00619	0.00493	0.00326	0.00751
9	0.03306	0.05417	0.05319	0.15528	0.24630	0.11526	0.10859	0.08019	0.03466	0.02544	0.01017	0.02352	0.00813	0.00508	0.00493	0.00153	0.00660	0.00455	0.02242	0.00694
10	0.00917	0.00724	0.01028	0.01312	0.20632	0.00705	0.00775	0.01184	0.06853	0.05224	0.08078	0.28805	0.15045	0.03159	0.00632	0.00186	0.00386	0.03363	0.00427	0.00567
11	0.03780	0.05140	0.27819	0.01811	0.16175	0.03227	0.22758	0.01508	0.01109	0.01578	0.01124	0.09538	0.00984	0.00573	0.00521	0.00163	0.00687	0.00552	0.00263	0.00689
12	0.01401	0.09216	0.18180	0.01828	0.24445	0.02970	0.10892	0.05462	0.03218	0.14123	0.01215	0.01339	0.02386	0.00512	0.00495	0.00152	0.00623	0.00458	0.00324	0.00761
13	0.03819	0.10101	0.65580	0.01347	0.02025	0.03438	0.01678	0.01629	0.03046	0.01587	0.00908	0.01052	0.00662	0.00482	0.00460	0.00155	0.00712	0.00364	0.00226	0.00728
14	0.00607	0.00511	0.00527	0.00535	0.00697	0.00432	0.00402	0.00738	0.01150	0.01379	0.06333	0.08307	0.71903	0.01293	0.00603	0.00174	0.00264	0.03245	0.00471	0.00428
15	0.02560	0.09355	0.17001	0.03454	0.20453	0.06242	0.02174	0.04225	0.04405	0.19007	0.03101	0.01397	0.00997	0.02800	0.00538	0.00160	0.00586	0.00447	0.00353	0.00745
16	0.10130	0.08789	0.19773	0.02490	0.07674	0.08748	0.01096	0.09395	0.02295	0.17675	0.02290	0.01377	0.03942	0.00562	0.00462	0.00150	0.00575	0.00431	0.01428	0.00720
17	0.00654	0.00521	0.00598	0.00675	0.00748	0.02901	0.00465	0.00758	0.01041	0.01329	0.05556	0.58649	0.21335	0.01462	0.00627	0.00193	0.00302	0.01299	0.00466	0.00422
18	0.01134	0.06550	0.53149	0.01627	0.09715	0.01220	0.11037	0.01657	0.03141	0.04661	0.00988	0.01156	0.00720	0.00479	0.00490	0.00158	0.00713	0.00414	0.00247	0.00745
19	0.05628	0.03043	0.22032	0.01221	0.03475	0.01170	0.05615	0.22390	0.04187	0.20534	0.03192	0.02987	0.01037	0.00587	0.00498	0.00157	0.00569	0.00477	0.00423	0.00779
20	0.03527	0.03381	0.05738	0.17265	0.28105	0.07446	0.17016	0.01544	0.03567	0.01544	0.01131	0.03260	0.03165	0.00522	0.00514	0.00158	0.00667	0.00503	0.00266	0.00680
21	0.08175	0.00678	0.00756	0.00667	0.00871	0.00675	0.00522	0.08901	0.01312	0.14195	0.17687	0.04962	0.04725	0.00738	0.00459	0.00144	0.00314	0.00605	0.33042	0.00575
22	0.08351	0.10582	0.16717	0.03598	0.05706	0.13434	0.01077	0.11959	0.08861	0.06476	0.05305	0.01324	0.01041	0.00647	0.02667	0.00167	0.00621	0.00425	0.00345	0.00697
23	0.06481	0.18656	0.13390	0.02766	0.10152	0.03110	0.01073	0.17238	0.05219	0.13008	0.03459	0.01266	0.00956	0.00541	0.00454	0.00146	0.00552	0.00417	0.00369	0.00747
24	0.00639	0.00512	0.00606	0.00636	0.00742	0.00480	0.00461	0.00761	0.01075	0.01370	0.08958	0.32455	0.40108	0.01456	0.03791	0.00210	0.03707	0.01144	0.00457	0.00431
25	0.01237	0.01326	0.08371	0.07455	0.40517	0.01201	0.23890	0.01625	0.03195	0.04687	0.01036	0.01312	0.00808	0.00462	0.00528	0.00159	0.00679	0.00493	0.00269	0.00749
26	0.09798	0.03474	0.19827	0.08712	0.01958	0.07555	0.15249	0.07850	0.06558	0.09258	0.01171	0.01419	0.00887	0.00548	0.00498	0.00161	0.00652	0.03400	0.00330	0.00695
27	0.00865	0.00953	0.12312	0.01046	0.07094	0.00713	0.05080	0.01188	0.05842	0.04065	0.17569	0.16628	0.20802	0.01004	0.00576	0.00172	0.00409	0.02693	0.00428	0.00560
28	0.00728	0.00522	0.00713	0.00827	0.00909	0.00508	0.00662	0.00898	0.01084	0.01418	0.02790	0.36805	0.05198	0.01470	0.00674	0.00220	0.00389	0.43276	0.00467	0.00442
29	0.12579	0.06291	0.01464	0.01152	0.04496	0.07495	0.02678	0.37449	0.09677	0.09976	0.01232	0.01239	0.00895	0.00572	0.00469	0.00151	0.00542	0.00431	0.00441	0.00773
30	0.01288	0.48625	0.25687	0.01168	0.05057	0.05322	0.01206	0.03928	0.01106	0.01399	0.00795	0.00925	0.00660	0.00457	0.00391	0.00128	0.00623	0.00318	0.00228	0.00689
31	0.00628	0.00449	0.00600	0.00710	0.00747	0.00420	0.00483	0.00729	0.00996	0.01332	0.06175	0.75461	0.03391	0.01552	0.00645	0.00204	0.00298	0.04290	0.00473	0.00416
32	0.01234	0.01183	0.02020	0.07823	0.74496	0.01197	0.01543	0.01536	0.01143	0.01630	0.00948	0.01257	0.00793	0.00454	0.00501	0.00151	0.00605	0.00450	0.00249	0.00786
33	0.03925	0.00830	0.00981	0.00834	0.01100	0.00832	0.00660	0.10173	0.15828	0.23763	0.23032	0.05264	0.08954	0.00831	0.00540	0.00162	0.00366	0.00698	0.00545	0.00683
34	0.01171	0.01266	0.02500	0.02003	0.09907	0.01300	0.50848	0.01555	0.03756	0.01553	0.00996	0.01342	0.00793	0.00623	0.03168	0.00197	0.15543	0.00551	0.00258	0.00667
35	0.00616	0.00440	0.00587	0.00704	0.00733	0.00411	0.00469	0.00704	0.00968	0.01291	0.02787	0.81899	0.03344	0.01584	0.00645	0.00205	0.00293	0.01438	0.00469	0.00411
36	0.00722	0.00542	0.00813	0.00813	0.00903	0.00632	0.00632	0.00903	0.00813	0.01174	0.01354	0.01987	0.01264	0.03792	0.80225	0.00813	0.01354	0.00542	0.00271	0.00451
37	0.19926	0.00922	0.01214	0.00940	0.01323	0.00865	0.06274	0.02195	0.01304	0.57375	0.01650	0.01504	0.01067	0.00578	0.00473	0.00157	0.00453	0.00465	0.00532	0.00781
38	0.01213	0.01166	0.02000	0.12935	0.68265	0.01193	0.02776	0.01520	0.01134	0.01606	0.00946	0.01266	0.00784	0.00457	0.00503	0.00153	0.00614	0.00453	0.00247	0.00769
39	0.00735	0.00490	0.00552	0.00552	0.00552	0.00490	0.00306	0.00735	0.00735	0.00980	0.01593	0.03309	0.01838	0.82229	0.02574	0.00490	0.00490	0.00735	0.00306	0.00306
40	0.85801	0.00978	0.00743	0.00665	0.00978	0.01134	0.00548	0.01486	0.00861	0.02269	0.00704	0.00821	0.00548	0.00469	0.00313	0.00156	0.00391	0.00274	0.00313	0.00548
41	0.04677	0.05398	0.01529	0.01352	0.08256	0.34504	0.00991	0.28527	0.06480	0.02048	0.01022	0.01101	0.00790	0.00550	0.00470	0.00142	0.00693	0.00393	0.00362	0.00716

[dist]
# distance from previous block
# <min> <max>
0	1

[block]
# block no. 4 follows, 49 sequences, length 8
# corresponding to MSA columns:
# 262-269
name=unknown_E
#
# <colnr> <probs for GDERKNQSTAVLIFYWHMCP>
#	G	D	E	R	K	N	Q	S	T	A	V	L	I	F	Y	W	H	M	C	P
0	0.01718	0.01959	0.01449	0.05866	0.01618	0.53455	0.01011	0.05673	0.01340	0.05476	0.00854	0.01030	0.00697	0.00595	0.00678	0.00151	0.15171	0.00370	0.00283	0.00607
1	0.00598	0.00512	0.00512	0.00512	0.00683	0.00427	0.00384	0.00726	0.01153	0.01366	0.05123	0.04866	0.78869	0.01281	0.00598	0.00171	0.00256	0.01067	0.00470	0.00427
2	0.01783	0.02152	0.01407	0.01262	0.01512	0.65134	0.00960	0.08127	0.01442	0.01393	0.00847	0.01012	0.00707	0.00748	0.05459	0.00179	0.04642	0.00355	0.00280	0.00599
3	0.00616	0.00440	0.00587	0.00704	0.00733	0.00411	0.00469	0.00704	0.00968	0.01291	0.02787	0.81899	0.03344	0.01584	0.00645	0.00205	0.00293	0.01438	0.00469	0.00411
4	0.01014	0.02616	0.79609	0.01441	0.02189	0.01174	0.01868	0.01601	0.01068	0.01601	0.00907	0.01068	0.00641	0.00480	0.00480	0.00160	0.00747	0.00374	0.00214	0.00747
5	0.02029	0.01193	0.03709	0.01000	0.01375	0.12492	0.00832	0.09015	0.03947	0.51464	0.01702	0.01641	0.01153	0.00622	0.00502	0.00153	0.00521	0.02737	0.00530	0.03383
6	0.01218	0.50821	0.33188	0.01094	0.01651	0.01673	0.01263	0.01549	0.01043	0.01353	0.00784	0.00913	0.00646	0.00452	0.00386	0.00129	0.00623	0.00311	0.00215	0.00688
7	0.01216	0.31161	0.42428	0.01242	0.01838	0.01507	0.04666	0.07649	0.01164	0.01582	0.00864	0.01000	0.00667	0.00471	0.00431	0.00141	0.00662	0.00353	0.00240	0.00718

[dist]
# distance from previous block
# <min> <max>
0	3

# created by:
# /home/cegg/simao/soft/augustus-3.2.1/scripts/msa2prfl.pl ./align_prep/EOG091G10MO.fa
