[name]
unknown

[dist]
# distance from previous block
# <min> <max>
0	25

[block]
# block no. 0 follows, 48 sequences, length 9
# corresponding to MSA columns:
# 26-29,32-36
name=unknown_A
#
# <colnr> <probs for GDERKNQSTAVLIFYWHMCP>
#	G	D	E	R	K	N	Q	S	T	A	V	L	I	F	Y	W	H	M	C	P
0	0.00882	0.16118	0.01107	0.00801	0.00982	0.00819	0.00688	0.01088	0.01210	0.01580	0.22795	0.04154	0.09373	0.04194	0.00673	0.00197	0.00408	0.31986	0.00443	0.00502
1	0.01275	0.55125	0.20554	0.01151	0.01673	0.01757	0.09220	0.01568	0.01070	0.01351	0.00796	0.00943	0.00669	0.00450	0.00396	0.00129	0.00631	0.00334	0.00223	0.00685
2	0.03595	0.17852	0.11641	0.00915	0.01317	0.01129	0.00866	0.09428	0.05444	0.18563	0.02036	0.01976	0.15710	0.00685	0.00476	0.00147	0.00472	0.00536	0.02001	0.05211
3	0.00737	0.00531	0.00607	0.00614	0.00766	0.00462	0.00459	0.00881	0.01183	0.06239	0.12172	0.19268	0.48202	0.01296	0.00615	0.00181	0.00286	0.04541	0.00495	0.00464
4	0.03661	0.00645	0.00970	0.01030	0.07479	0.00610	0.08696	0.00918	0.01037	0.01405	0.02738	0.46388	0.15294	0.05760	0.00726	0.00208	0.00392	0.01141	0.00420	0.00481
5	0.10570	0.04608	0.07922	0.01306	0.07363	0.36521	0.01006	0.10985	0.05308	0.01712	0.01054	0.05410	0.00907	0.02541	0.00519	0.00156	0.00704	0.00436	0.00320	0.00652
6	0.01094	0.00829	0.00912	0.00834	0.01001	0.05043	0.00640	0.14112	0.07623	0.01742	0.01464	0.01941	0.01273	0.10705	0.31590	0.00446	0.00815	0.00533	0.16851	0.00554
7	0.01377	0.10642	0.12309	0.08761	0.32327	0.12186	0.03082	0.06110	0.03540	0.03497	0.00979	0.01187	0.00778	0.00494	0.00483	0.00149	0.00666	0.00417	0.00277	0.00740
8	0.01106	0.00941	0.01346	0.35248	0.07332	0.00971	0.01054	0.07137	0.01167	0.03341	0.01106	0.04977	0.00936	0.00552	0.00481	0.00140	0.00540	0.02742	0.00304	0.28576

[dist]
# distance from previous block
# <min> <max>
0	2

[block]
# block no. 1 follows, 48 sequences, length 39
# corresponding to MSA columns:
# 39-58,60-78
name=unknown_B
#
# <colnr> <probs for GDERKNQSTAVLIFYWHMCP>
#	G	D	E	R	K	N	Q	S	T	A	V	L	I	F	Y	W	H	M	C	P
0	0.01162	0.26340	0.16992	0.01229	0.09339	0.05613	0.01061	0.04712	0.03527	0.01497	0.02593	0.16386	0.01400	0.02718	0.00534	0.00163	0.00557	0.03224	0.00312	0.00642
1	0.01092	0.13593	0.62669	0.01344	0.02025	0.01304	0.01668	0.01672	0.05621	0.01599	0.00961	0.01096	0.00707	0.00491	0.00466	0.00154	0.00702	0.00375	0.00237	0.02224
2	0.01367	0.78177	0.02612	0.00886	0.01318	0.01992	0.00875	0.01597	0.04921	0.01255	0.00783	0.00878	0.00704	0.00452	0.00339	0.00113	0.00542	0.00290	0.00235	0.00666
3	0.00734	0.00530	0.00733	0.00736	0.00797	0.00589	0.00531	0.00856	0.00804	0.01131	0.01492	0.04609	0.01528	0.28931	0.52896	0.00703	0.01063	0.00638	0.00292	0.00410
4	0.00733	0.00550	0.00825	0.00825	0.00916	0.00641	0.00641	0.00916	0.00825	0.01191	0.01374	0.02016	0.01283	0.03848	0.79934	0.00825	0.01374	0.00550	0.00275	0.00458
5	0.22115	0.05251	0.02643	0.01150	0.05758	0.06518	0.07798	0.08397	0.06915	0.18635	0.02675	0.01486	0.02184	0.00729	0.04086	0.00188	0.00567	0.01799	0.00407	0.00700
6	0.00683	0.00535	0.00627	0.00681	0.00791	0.00502	0.00492	0.00906	0.07054	0.01431	0.05074	0.40869	0.31083	0.01400	0.00629	0.00194	0.00302	0.05806	0.00481	0.00458
7	0.00629	0.00454	0.00597	0.00709	0.00749	0.00422	0.00480	0.00725	0.00998	0.01320	0.02966	0.75186	0.07832	0.01585	0.00653	0.00207	0.00300	0.03293	0.00476	0.00419
8	0.72875	0.01156	0.00865	0.00769	0.01078	0.09190	0.00624	0.03773	0.00976	0.02201	0.00737	0.00861	0.00578	0.00494	0.00366	0.00157	0.02123	0.00292	0.00316	0.00569
9	0.00956	0.00478	0.00478	0.00478	0.00598	0.00478	0.00359	0.01196	0.01076	0.01913	0.01674	0.01913	0.01315	0.00598	0.00359	0.00120	0.00239	0.00478	0.84816	0.00478
10	0.01461	0.69646	0.02506	0.00930	0.01360	0.04655	0.00894	0.10788	0.01224	0.01457	0.00779	0.00877	0.00685	0.00464	0.00356	0.00116	0.00564	0.00299	0.00257	0.00682
11	0.01045	0.06281	0.75818	0.01436	0.02180	0.01230	0.01849	0.01621	0.01081	0.01606	0.00911	0.01071	0.00650	0.00485	0.00480	0.00160	0.00749	0.00374	0.00217	0.00754
12	0.01256	0.06257	0.01187	0.01010	0.02354	0.10109	0.00765	0.19489	0.12194	0.01878	0.01876	0.32953	0.01919	0.01003	0.00590	0.00175	0.03075	0.00844	0.00439	0.00628
13	0.01990	0.01374	0.01501	0.01150	0.01560	0.01497	0.00950	0.68669	0.02306	0.11771	0.01321	0.01290	0.00917	0.00618	0.00514	0.00155	0.00550	0.00468	0.00527	0.00873
14	0.01613	0.01330	0.01346	0.01121	0.01463	0.06070	0.00895	0.35596	0.39923	0.02575	0.01633	0.01554	0.01206	0.00651	0.00515	0.00163	0.00507	0.00513	0.00503	0.00826
15	0.00971	0.03714	0.05564	0.00816	0.01061	0.00801	0.00684	0.03821	0.17681	0.03689	0.38043	0.03015	0.08981	0.00889	0.00556	0.00160	0.00350	0.03180	0.00498	0.05525
16	0.01071	0.12370	0.69960	0.01391	0.02110	0.01294	0.01772	0.01614	0.01078	0.01574	0.00895	0.01052	0.00651	0.00482	0.00468	0.00156	0.00733	0.00366	0.00217	0.00746
17	0.01211	0.01384	0.03028	0.02163	0.02682	0.01298	0.76903	0.01644	0.01211	0.01644	0.01038	0.01384	0.00779	0.00433	0.00606	0.00173	0.00865	0.00606	0.00260	0.00692
18	0.00607	0.00517	0.00522	0.00527	0.00695	0.00433	0.00393	0.00736	0.01163	0.01383	0.05114	0.07639	0.75911	0.01310	0.00608	0.00175	0.00261	0.01096	0.00476	0.00433
19	0.01098	0.01020	0.01478	0.01232	0.01485	0.07608	0.21963	0.03331	0.12595	0.04053	0.04471	0.29433	0.02003	0.00942	0.00587	0.00180	0.00536	0.02219	0.03168	0.00598
20	0.01935	0.01059	0.01182	0.02571	0.01352	0.08682	0.00785	0.02406	0.18136	0.48840	0.03347	0.01740	0.01333	0.00642	0.00508	0.00158	0.00473	0.00517	0.03529	0.00805
21	0.01029	0.02654	0.79309	0.01462	0.02221	0.01192	0.01896	0.01625	0.01083	0.01625	0.00921	0.01083	0.00650	0.00487	0.00487	0.00162	0.00758	0.00379	0.00217	0.00758
22	0.00736	0.00537	0.00758	0.00758	0.00826	0.00605	0.00558	0.00873	0.00805	0.01141	0.01436	0.02356	0.01430	0.23632	0.60352	0.00742	0.01152	0.00599	0.00284	0.00421
23	0.01261	0.01210	0.02066	0.05577	0.76413	0.01217	0.01570	0.01566	0.01164	0.01665	0.00963	0.01273	0.00809	0.00459	0.00508	0.00153	0.00612	0.00457	0.00253	0.00805
24	0.00953	0.00786	0.01012	0.00948	0.04946	0.03309	0.05141	0.05074	0.05317	0.04117	0.40119	0.03254	0.17372	0.00953	0.00633	0.00166	0.04034	0.00819	0.00486	0.00559
25	0.00949	0.00868	0.01444	0.42749	0.18327	0.00976	0.02854	0.01221	0.01048	0.01393	0.01411	0.21687	0.01399	0.00777	0.00550	0.00177	0.00575	0.00714	0.00297	0.00584
26	0.02167	0.00865	0.01163	0.00901	0.01277	0.00762	0.00741	0.04946	0.01500	0.70515	0.07948	0.01891	0.01534	0.00667	0.00523	0.00159	0.00426	0.00546	0.00625	0.00843
27	0.00631	0.00451	0.00602	0.00721	0.00753	0.00422	0.00486	0.00724	0.00988	0.01316	0.02825	0.79478	0.03381	0.01602	0.00656	0.00209	0.00303	0.03557	0.00476	0.00418
28	0.01214	0.04122	0.20733	0.05192	0.04281	0.02708	0.30364	0.01630	0.03038	0.08531	0.01359	0.05535	0.03502	0.00573	0.00538	0.00165	0.00685	0.00567	0.04575	0.00689
29	0.00836	0.00528	0.00664	0.00671	0.00760	0.00576	0.00505	0.01023	0.00959	0.01533	0.01705	0.14295	0.01607	0.03557	0.26289	0.00375	0.04583	0.00658	0.38414	0.00463
30	0.01123	0.01123	0.01572	0.01347	0.01347	0.01572	0.01123	0.01235	0.00786	0.01235	0.00674	0.01123	0.00674	0.00898	0.01684	0.00225	0.81028	0.00449	0.00225	0.00561
31	0.01064	0.00912	0.01064	0.00760	0.01216	0.00684	0.00608	0.01292	0.01064	0.01672	0.00912	0.01064	0.00760	0.00380	0.00380	0.00076	0.00380	0.00304	0.00304	0.85104
32	0.01372	0.82276	0.02689	0.00878	0.01317	0.02030	0.00878	0.01536	0.01043	0.01207	0.00713	0.00823	0.00658	0.00439	0.00329	0.00110	0.00549	0.00274	0.00219	0.00658
33	0.01245	0.01194	0.02038	0.09477	0.72631	0.01213	0.01563	0.01553	0.01157	0.01647	0.00961	0.01278	0.00802	0.00462	0.00508	0.00154	0.00616	0.00457	0.00252	0.00793
34	0.01672	0.01988	0.01513	0.01329	0.01535	0.52156	0.02862	0.05595	0.01323	0.01375	0.02255	0.01058	0.00757	0.00637	0.00789	0.00159	0.21738	0.00386	0.00272	0.00600
35	0.01280	0.13806	0.08836	0.05797	0.04996	0.02454	0.04378	0.06685	0.01200	0.07440	0.01023	0.02380	0.00818	0.00470	0.00431	0.00117	0.00517	0.00381	0.00315	0.36677
36	0.41750	0.19132	0.16634	0.04952	0.01465	0.05712	0.00956	0.01557	0.00991	0.01823	0.00769	0.00912	0.00609	0.00475	0.00371	0.00148	0.00545	0.00309	0.00269	0.00621
37	0.01593	0.38858	0.01968	0.01063	0.01412	0.37652	0.00899	0.01748	0.01234	0.01276	0.00791	0.00918	0.00686	0.00482	0.00394	0.00119	0.00703	0.00308	0.03008	0.04888
38	0.01310	0.01239	0.08067	0.01905	0.34963	0.01051	0.01179	0.08928	0.01267	0.06408	0.01033	0.01212	0.00815	0.00461	0.00466	0.00129	0.00532	0.00405	0.00315	0.28316

[dist]
# distance from previous block
# <min> <max>
1	32

[block]
# block no. 2 follows, 48 sequences, length 8
# corresponding to MSA columns:
# 111-118
name=unknown_C
#
# <colnr> <probs for GDERKNQSTAVLIFYWHMCP>
#	G	D	E	R	K	N	Q	S	T	A	V	L	I	F	Y	W	H	M	C	P
0	0.01278	0.01354	0.26325	0.01101	0.04742	0.00843	0.01069	0.01668	0.04001	0.21995	0.27468	0.02222	0.02267	0.00722	0.00537	0.00161	0.00481	0.00611	0.00456	0.00700
1	0.01368	0.01436	0.23535	0.05250	0.07450	0.00987	0.13056	0.01763	0.03312	0.22294	0.08834	0.03967	0.03139	0.00627	0.00536	0.00165	0.00592	0.00565	0.00393	0.00732
2	0.01235	0.06191	0.09460	0.09578	0.25961	0.08017	0.20219	0.01630	0.05048	0.01576	0.01174	0.01489	0.03237	0.00526	0.00525	0.00160	0.00694	0.02301	0.00274	0.00707
3	0.00746	0.00497	0.00560	0.00560	0.00560	0.00497	0.00311	0.00746	0.00746	0.00995	0.01617	0.03358	0.01865	0.81967	0.02612	0.00497	0.00497	0.00746	0.00311	0.00311
4	0.01363	0.01305	0.02723	0.02048	0.06840	0.01219	0.62211	0.01757	0.01244	0.12216	0.01168	0.01427	0.00848	0.00462	0.00588	0.00170	0.00792	0.00585	0.00310	0.00724
5	0.01110	0.01068	0.01893	0.14870	0.41806	0.01087	0.12872	0.01409	0.01128	0.01559	0.01285	0.12192	0.01215	0.00653	0.00551	0.00169	0.00613	0.03540	0.00289	0.00690
6	0.00624	0.00452	0.00589	0.00699	0.00740	0.00418	0.00470	0.00716	0.00997	0.01316	0.03014	0.75610	0.09296	0.01583	0.00651	0.00206	0.00295	0.01429	0.00476	0.00418
7	0.01296	0.01349	0.02658	0.02308	0.21009	0.01306	0.51446	0.08787	0.01315	0.01803	0.01039	0.01342	0.00796	0.00456	0.00573	0.00166	0.00775	0.00556	0.00282	0.00738

[dist]
# distance from previous block
# <min> <max>
0	67

[block]
# block no. 3 follows, 48 sequences, length 35
# corresponding to MSA columns:
# 186-220
name=unknown_D
#
# <colnr> <probs for GDERKNQSTAVLIFYWHMCP>
#	G	D	E	R	K	N	Q	S	T	A	V	L	I	F	Y	W	H	M	C	P
0	0.01164	0.03462	0.37814	0.03547	0.14123	0.02823	0.13895	0.01636	0.03334	0.04513	0.01074	0.01377	0.00835	0.00619	0.02758	0.00184	0.03154	0.02693	0.00265	0.00729
1	0.02302	0.00873	0.01191	0.00913	0.01310	0.00754	0.00754	0.02501	0.01469	0.79122	0.02024	0.01746	0.01270	0.00635	0.00516	0.00159	0.00437	0.00516	0.00635	0.00873
2	0.01255	0.01204	0.02056	0.07003	0.75030	0.01215	0.01567	0.01562	0.01161	0.01658	0.00963	0.01275	0.00806	0.00460	0.00508	0.00153	0.00613	0.00457	0.00253	0.00801
3	0.01088	0.16380	0.66100	0.01362	0.02065	0.01336	0.01720	0.01610	0.01076	0.01553	0.00885	0.01038	0.00651	0.00479	0.00460	0.00153	0.00722	0.00361	0.00217	0.00741
4	0.00828	0.00675	0.00752	0.00712	0.00893	0.00677	0.00539	0.01350	0.21955	0.01812	0.28674	0.07302	0.29729	0.01067	0.00585	0.00171	0.00295	0.00913	0.00518	0.00552
5	0.00625	0.00447	0.00595	0.00714	0.00744	0.00417	0.00476	0.00714	0.00982	0.01310	0.02828	0.81633	0.03394	0.01608	0.00655	0.00208	0.00298	0.01459	0.00476	0.00417
6	0.01097	0.00761	0.00810	0.00763	0.00954	0.00830	0.00581	0.03507	0.32721	0.03407	0.01976	0.11241	0.01651	0.00758	0.00467	0.00154	0.00326	0.00635	0.36736	0.00625
7	0.01539	0.53038	0.05107	0.01046	0.01439	0.27658	0.00953	0.01709	0.01180	0.01239	0.00747	0.00866	0.00659	0.00470	0.00379	0.00119	0.00681	0.00297	0.00234	0.00641
8	0.01180	0.04331	0.28498	0.01056	0.01587	0.00980	0.01108	0.04366	0.02637	0.07126	0.02836	0.01200	0.00867	0.00484	0.00478	0.00124	0.02946	0.00374	0.00310	0.37512
9	0.01159	0.05467	0.57072	0.01526	0.08379	0.04090	0.01668	0.06394	0.04702	0.01722	0.01021	0.01225	0.00767	0.00521	0.00490	0.00160	0.00710	0.01910	0.00259	0.00757
10	0.04327	0.01227	0.01784	0.08042	0.41880	0.01295	0.02508	0.24624	0.01530	0.02140	0.01122	0.01477	0.00919	0.00558	0.00515	0.00159	0.00591	0.04173	0.00345	0.00786
11	0.00969	0.00912	0.01539	0.80734	0.03534	0.01140	0.01425	0.01311	0.01026	0.01311	0.00912	0.01368	0.00684	0.00513	0.00513	0.00171	0.00684	0.00456	0.00228	0.00570
12	0.03828	0.02634	0.01467	0.07271	0.15740	0.02411	0.02452	0.11130	0.08470	0.35605	0.01556	0.01526	0.01074	0.00583	0.00505	0.00158	0.00514	0.00488	0.01781	0.00808
13	0.01446	0.01499	0.01479	0.20638	0.08709	0.29819	0.03688	0.06093	0.01298	0.05564	0.01207	0.08371	0.02062	0.00663	0.00561	0.00160	0.03850	0.01961	0.00313	0.00621
14	0.00733	0.00548	0.00818	0.00818	0.00907	0.00638	0.00633	0.00912	0.00823	0.01186	0.01380	0.02049	0.01297	0.05803	0.78000	0.00816	0.01352	0.00555	0.00276	0.00454
15	0.01372	0.82276	0.02689	0.00878	0.01317	0.02030	0.00878	0.01536	0.01043	0.01207	0.00713	0.00823	0.00658	0.00439	0.00329	0.00110	0.00549	0.00274	0.00219	0.00658
16	0.01111	0.00948	0.01536	0.07671	0.37169	0.00992	0.03085	0.01343	0.01069	0.05584	0.04067	0.08614	0.01330	0.08037	0.09586	0.00269	0.06028	0.00603	0.00308	0.00650
17	0.00891	0.00446	0.00668	0.00668	0.00668	0.00446	0.00446	0.00668	0.00668	0.00891	0.00891	0.01560	0.00891	0.01783	0.02005	0.85071	0.00446	0.00446	0.00223	0.00223
18	0.00988	0.00911	0.01507	0.57394	0.14213	0.01075	0.01335	0.01324	0.02546	0.01391	0.01151	0.05653	0.00998	0.00692	0.02396	0.00189	0.00653	0.04723	0.00265	0.00595
19	0.02609	0.01188	0.01624	0.51772	0.07829	0.11593	0.05446	0.02960	0.02811	0.01414	0.00922	0.01290	0.00715	0.00534	0.00574	0.00167	0.05248	0.00447	0.00250	0.00606
20	0.01875	0.01364	0.01459	0.01127	0.01515	0.01506	0.00928	0.71270	0.02311	0.03133	0.01266	0.01284	0.00906	0.00615	0.00502	0.00151	0.00540	0.00463	0.06943	0.00843
21	0.56884	0.01056	0.01259	0.09597	0.10580	0.01175	0.09704	0.01511	0.00964	0.02047	0.00803	0.01006	0.00625	0.00473	0.00394	0.00161	0.00507	0.00356	0.00294	0.00603
22	0.00647	0.00509	0.00580	0.00612	0.00736	0.00451	0.00451	0.00782	0.01137	0.01428	0.11319	0.21484	0.45256	0.05085	0.00718	0.00200	0.00295	0.07400	0.00477	0.00432
23	0.01687	0.01120	0.03239	0.01163	0.04558	0.01111	0.04783	0.19036	0.20601	0.25687	0.01741	0.03800	0.01292	0.00668	0.00525	0.00163	0.00490	0.03343	0.00510	0.04482
24	0.00666	0.00530	0.00605	0.00622	0.00771	0.00469	0.00484	0.00833	0.01216	0.01531	0.18029	0.07655	0.49581	0.01285	0.00625	0.00183	0.00294	0.13679	0.00492	0.00449
25	0.04919	0.01135	0.01288	0.00957	0.01391	0.01078	0.02602	0.31389	0.01595	0.02317	0.01034	0.01129	0.00797	0.00479	0.00436	0.00113	0.00466	0.00373	0.00387	0.46116
26	0.00741	0.00517	0.00660	0.00660	0.00695	0.00552	0.00436	0.00811	0.00776	0.01069	0.01525	0.02848	0.01644	0.52298	0.31979	0.00622	0.00831	0.00672	0.00297	0.00367
27	0.03312	0.03690	0.09155	0.05327	0.32342	0.01299	0.18762	0.04120	0.01143	0.01647	0.00932	0.01233	0.00757	0.00518	0.00671	0.00165	0.11298	0.00470	0.00258	0.02901
28	0.01304	0.07896	0.08953	0.01945	0.06080	0.07177	0.52806	0.01692	0.01213	0.04383	0.01017	0.01289	0.00769	0.00453	0.00556	0.00163	0.00808	0.00530	0.00267	0.00700
29	0.00871	0.00457	0.00677	0.00677	0.00685	0.00465	0.00456	0.00694	0.00686	0.00922	0.00967	0.01683	0.00970	0.05673	0.08832	0.73809	0.00529	0.00469	0.00231	0.00247
30	0.00927	0.01207	0.22035	0.03071	0.01469	0.00804	0.09165	0.01220	0.01089	0.05356	0.05065	0.31121	0.05189	0.01001	0.00616	0.00183	0.03269	0.03023	0.03614	0.00577
31	0.31575	0.01128	0.01067	0.00883	0.01227	0.11472	0.00714	0.03597	0.01276	0.38201	0.03233	0.01355	0.01015	0.00575	0.00441	0.00155	0.00486	0.00416	0.00469	0.00715
32	0.00721	0.00530	0.00732	0.05823	0.01017	0.00525	0.00641	0.00883	0.01083	0.01434	0.08723	0.42830	0.04822	0.03467	0.00708	0.00218	0.00377	0.24557	0.00462	0.00447
33	0.04612	0.01469	0.01744	0.07947	0.32588	0.15927	0.03189	0.21079	0.01527	0.03569	0.01012	0.01200	0.00789	0.00519	0.00497	0.00151	0.00658	0.00433	0.00331	0.00758
34	0.01291	0.35363	0.26899	0.01279	0.05274	0.09743	0.05349	0.03427	0.01151	0.01447	0.00998	0.01132	0.03601	0.00501	0.00432	0.00138	0.00664	0.00375	0.00244	0.00689

[dist]
# distance from previous block
# <min> <max>
1	17

[block]
# block no. 4 follows, 48 sequences, length 20
# corresponding to MSA columns:
# 238-257
name=unknown_E
#
# <colnr> <probs for GDERKNQSTAVLIFYWHMCP>
#	G	D	E	R	K	N	Q	S	T	A	V	L	I	F	Y	W	H	M	C	P
0	0.01795	0.01291	0.01406	0.01107	0.01480	0.01416	0.00904	0.56884	0.12407	0.07861	0.06906	0.01542	0.01274	0.00659	0.00521	0.00158	0.00512	0.00515	0.00526	0.00837
1	0.00796	0.00574	0.00761	0.00844	0.00940	0.00574	0.00681	0.01034	0.04599	0.01493	0.07525	0.18161	0.02957	0.11157	0.00915	0.00255	0.00428	0.45384	0.00462	0.00460
2	0.01123	0.01123	0.01572	0.01347	0.01347	0.01572	0.01123	0.01235	0.00786	0.01235	0.00674	0.01123	0.00674	0.00898	0.01684	0.00225	0.81028	0.00449	0.00225	0.00561
3	0.00891	0.00446	0.00668	0.00668	0.00668	0.00446	0.00446	0.00668	0.00668	0.00891	0.00891	0.01560	0.00891	0.01783	0.02005	0.85071	0.00446	0.00446	0.00223	0.00223
4	0.02106	0.00981	0.01236	0.00959	0.01339	0.00933	0.00788	0.18769	0.03430	0.56053	0.06468	0.01763	0.01405	0.00657	0.00521	0.00158	0.00452	0.00530	0.00602	0.00848
5	0.01151	0.04619	0.01101	0.00947	0.04154	0.02234	0.00714	0.16391	0.20035	0.02141	0.25710	0.02745	0.14233	0.00858	0.00549	0.00162	0.00387	0.00719	0.00498	0.00655
6	0.01039	0.00948	0.01381	0.25159	0.12240	0.02322	0.04429	0.01337	0.02619	0.01581	0.08923	0.03010	0.01250	0.02467	0.00532	0.00143	0.00521	0.00485	0.00306	0.29307
7	0.03503	0.03328	0.01780	0.02217	0.43892	0.06900	0.01260	0.13807	0.07889	0.08665	0.01170	0.01314	0.00905	0.00523	0.00499	0.00153	0.00586	0.00456	0.00352	0.00802
8	0.01239	0.01142	0.01621	0.01933	0.32910	0.01214	0.03774	0.01967	0.30604	0.01824	0.01373	0.01490	0.01086	0.00572	0.00588	0.00159	0.06250	0.00493	0.00360	0.09402
9	0.01247	0.01338	0.07685	0.02928	0.65536	0.01225	0.09293	0.01585	0.01167	0.01669	0.00969	0.01268	0.00798	0.00457	0.00516	0.00155	0.00646	0.00467	0.00252	0.00797
10	0.01232	0.42148	0.23982	0.01200	0.07083	0.01565	0.01184	0.01592	0.04491	0.01448	0.00871	0.01001	0.00718	0.00459	0.00400	0.00127	0.00588	0.00334	0.00243	0.09332
11	0.00998	0.00895	0.01327	0.26706	0.08565	0.00918	0.04933	0.01379	0.08897	0.01536	0.01403	0.16421	0.01318	0.00695	0.00512	0.00153	0.00510	0.00627	0.00328	0.21880
12	0.00926	0.00638	0.00847	0.00912	0.01063	0.00632	0.00786	0.04888	0.01254	0.05066	0.02865	0.05293	0.10498	0.01330	0.00680	0.00222	0.00454	0.60655	0.00482	0.00506
13	0.00690	0.00548	0.00846	0.00854	0.00942	0.00511	0.08282	0.00823	0.01034	0.01383	0.06488	0.67462	0.05245	0.01451	0.00646	0.00201	0.00352	0.01335	0.00459	0.00449
14	0.01250	0.03911	0.39226	0.01257	0.01837	0.01183	0.04508	0.12837	0.08750	0.04276	0.01112	0.01209	0.00815	0.00509	0.00478	0.00146	0.00620	0.00409	0.00320	0.15347
15	0.13685	0.12763	0.17741	0.01135	0.01595	0.03944	0.08771	0.07089	0.02377	0.13923	0.01175	0.01389	0.00901	0.00547	0.00460	0.00151	0.00577	0.03806	0.01745	0.06225
16	0.08044	0.01418	0.12355	0.01103	0.01539	0.06144	0.04343	0.21006	0.07936	0.13025	0.01271	0.02846	0.00943	0.00561	0.00476	0.00145	0.00547	0.00444	0.00410	0.15444
17	0.13311	0.11727	0.07867	0.01171	0.05523	0.05410	0.03272	0.13828	0.02678	0.08550	0.01054	0.01193	0.00816	0.00583	0.00618	0.00156	0.12422	0.00405	0.07050	0.02366
18	0.16549	0.11194	0.09493	0.01020	0.03142	0.01155	0.03448	0.12958	0.03713	0.07779	0.05172	0.12372	0.01365	0.02077	0.00538	0.00164	0.02438	0.00567	0.00383	0.04474
19	0.01486	0.11966	0.07538	0.02870	0.09976	0.04444	0.06289	0.09815	0.15823	0.15046	0.04175	0.01588	0.03506	0.00596	0.00496	0.00153	0.00543	0.00498	0.00408	0.02783

[dist]
# distance from previous block
# <min> <max>
18	73

[block]
# block no. 5 follows, 48 sequences, length 13
# corresponding to MSA columns:
# 339-351
name=unknown_F
#
# <colnr> <probs for GDERKNQSTAVLIFYWHMCP>
#	G	D	E	R	K	N	Q	S	T	A	V	L	I	F	Y	W	H	M	C	P
0	0.01334	0.01085	0.01251	0.00936	0.01358	0.05739	0.04424	0.11915	0.01305	0.08159	0.01064	0.01187	0.00833	0.00582	0.03553	0.00131	0.00507	0.00369	0.00354	0.53913
1	0.01718	0.03569	0.01472	0.01157	0.03618	0.08815	0.00916	0.48321	0.06046	0.02612	0.01158	0.01199	0.00862	0.00561	0.00480	0.00138	0.00558	0.00422	0.00438	0.15942
2	0.03659	0.24863	0.32673	0.01113	0.01673	0.01375	0.01232	0.08062	0.02926	0.01684	0.00908	0.01030	0.00709	0.00470	0.00421	0.00131	0.00596	0.00345	0.00269	0.15862
3	0.01055	0.00582	0.00750	0.00714	0.00879	0.00518	0.00532	0.01216	0.01248	0.20446	0.21790	0.30359	0.15517	0.01182	0.00601	0.00179	0.00312	0.01036	0.00537	0.00547
4	0.00855	0.00660	0.01085	0.00965	0.01130	0.00611	0.14198	0.01047	0.01161	0.06342	0.18863	0.42892	0.05681	0.01206	0.00625	0.00188	0.00395	0.01120	0.00466	0.00509
5	0.01329	0.01398	0.04754	0.29603	0.11824	0.16350	0.09520	0.10520	0.01291	0.01596	0.00947	0.01257	0.00740	0.00593	0.00607	0.05597	0.00715	0.00445	0.00275	0.00639
6	0.01275	0.01270	0.01933	0.05265	0.57461	0.06319	0.01451	0.01535	0.01113	0.01558	0.00900	0.01225	0.00774	0.00543	0.00716	0.00165	0.15054	0.00448	0.00249	0.00746
7	0.00746	0.00497	0.00560	0.00560	0.00560	0.00497	0.00311	0.00746	0.00746	0.00995	0.01617	0.03358	0.01865	0.81967	0.02612	0.00497	0.00497	0.00746	0.00311	0.00311
8	0.00967	0.00834	0.01349	0.66341	0.03007	0.01021	0.01234	0.01290	0.01035	0.01419	0.01049	0.01466	0.00797	0.00528	0.00485	0.00162	0.00604	0.00460	0.15398	0.00554
9	0.01804	0.02155	0.01406	0.01265	0.01541	0.61979	0.00958	0.05836	0.15200	0.01512	0.01047	0.01118	0.00834	0.00563	0.00476	0.00141	0.00815	0.00382	0.00323	0.00647
10	0.00733	0.00550	0.00825	0.00825	0.00916	0.00641	0.00641	0.00916	0.00825	0.01191	0.01374	0.02016	0.01283	0.03848	0.79934	0.00825	0.01374	0.00550	0.00275	0.00458
11	0.01066	0.04178	0.55592	0.01456	0.06938	0.01127	0.04409	0.01561	0.01089	0.01627	0.00921	0.01097	0.00685	0.00463	0.00470	0.00145	0.00680	0.00376	0.00236	0.15883
12	0.00732	0.00624	0.00643	0.00620	0.00812	0.00587	0.00470	0.01105	0.14933	0.01555	0.08229	0.04342	0.61141	0.01179	0.00591	0.00173	0.00285	0.00985	0.00489	0.00504

[dist]
# distance from previous block
# <min> <max>
0	0

# created by:
# /home/cegg/simao/soft/augustus-3.2.1/scripts/msa2prfl.pl ./align_prep/EOG091G0UTL.fa
