[name]
unknown

[dist]
# distance from previous block
# <min> <max>
5	574

[block]
# block no. 0 follows, 53 sequences, length 13
# corresponding to MSA columns:
# 588-600
name=unknown_A
#
# <colnr> <probs for GDERKNQSTAVLIFYWHMCP>
#	G	D	E	R	K	N	Q	S	T	A	V	L	I	F	Y	W	H	M	C	P
0	0.00713	0.00553	0.00612	0.00608	0.00745	0.00517	0.00449	0.08293	0.01141	0.01440	0.05893	0.22051	0.43313	0.07426	0.00712	0.00192	0.00302	0.04168	0.00438	0.00434
1	0.01255	0.01127	0.01656	0.12061	0.41871	0.03660	0.03656	0.16413	0.04406	0.01796	0.01070	0.04643	0.00889	0.00520	0.00479	0.00147	0.00556	0.00471	0.02618	0.00706
2	0.01915	0.00748	0.00998	0.00788	0.01110	0.00656	0.00643	0.02101	0.01301	0.66837	0.01870	0.04754	0.01264	0.00621	0.00466	0.00145	0.00377	0.00509	0.12150	0.00747
3	0.01349	0.04801	0.01386	0.06848	0.01544	0.21654	0.07493	0.11268	0.27333	0.01729	0.02566	0.01624	0.04048	0.00609	0.00481	0.00149	0.00576	0.03523	0.00369	0.00650
4	0.00720	0.00517	0.00652	0.00705	0.00775	0.00508	0.00494	0.08288	0.01073	0.01439	0.07901	0.63564	0.02957	0.04626	0.00668	0.00198	0.00311	0.03725	0.00447	0.00432
5	0.09321	0.07857	0.67587	0.01254	0.01900	0.01160	0.01580	0.01497	0.00987	0.01549	0.00826	0.00970	0.00597	0.00450	0.00429	0.00148	0.00660	0.00337	0.00211	0.00682
6	0.04418	0.01848	0.01261	0.03326	0.02738	0.56606	0.00861	0.04911	0.01277	0.01345	0.00817	0.00989	0.00681	0.02133	0.00491	0.00130	0.03066	0.00331	0.03881	0.08891
7	0.00627	0.00474	0.00563	0.00564	0.00681	0.00423	0.00414	0.00791	0.01175	0.01571	0.37488	0.16768	0.31824	0.01134	0.00565	0.00160	0.00240	0.00984	0.03132	0.00423
8	0.01266	0.09870	0.20473	0.01080	0.01483	0.05719	0.02284	0.10730	0.32714	0.04796	0.03821	0.01411	0.01120	0.00564	0.00460	0.00148	0.00518	0.00449	0.00376	0.00716
9	0.04946	0.08192	0.25035	0.04096	0.10348	0.14384	0.04119	0.12549	0.02337	0.04945	0.00913	0.01052	0.00693	0.00493	0.00489	0.00144	0.03936	0.00374	0.00279	0.00676
10	0.00741	0.00472	0.00599	0.00644	0.00730	0.00428	0.00449	0.00844	0.01000	0.08981	0.06580	0.54746	0.15832	0.04758	0.00664	0.00193	0.00289	0.01163	0.00456	0.00431
11	0.02174	0.01143	0.08334	0.28130	0.12189	0.08812	0.01102	0.08530	0.02233	0.02789	0.01195	0.01494	0.05104	0.02419	0.12089	0.00244	0.00702	0.00457	0.00274	0.00586
12	0.01333	0.00861	0.01017	0.00797	0.01156	0.00773	0.00638	0.01802	0.19642	0.23509	0.01619	0.01557	0.05458	0.00537	0.00432	0.00119	0.00368	0.00439	0.00426	0.37518

[dist]
# distance from previous block
# <min> <max>
0	20

[block]
# block no. 1 follows, 53 sequences, length 32
# corresponding to MSA columns:
# 622-653
name=unknown_B
#
# <colnr> <probs for GDERKNQSTAVLIFYWHMCP>
#	G	D	E	R	K	N	Q	S	T	A	V	L	I	F	Y	W	H	M	C	P
0	0.40980	0.12877	0.08285	0.00968	0.01282	0.02983	0.07650	0.01433	0.03302	0.01702	0.00744	0.00918	0.00606	0.00508	0.00552	0.00153	0.13899	0.00329	0.00260	0.00568
1	0.01082	0.12556	0.21733	0.00969	0.01426	0.03353	0.02478	0.04242	0.02320	0.02871	0.01022	0.01391	0.00873	0.00496	0.00416	0.00118	0.00505	0.07190	0.00279	0.34679
2	0.04555	0.49114	0.06083	0.00908	0.01287	0.06359	0.00857	0.06658	0.06643	0.08487	0.00919	0.00984	0.00743	0.00522	0.01623	0.00132	0.02873	0.00324	0.00284	0.00647
3	0.00742	0.00539	0.00713	0.00810	0.07758	0.00555	0.00487	0.00815	0.00773	0.01054	0.01481	0.02877	0.01619	0.54909	0.17078	0.00475	0.00626	0.06033	0.00289	0.00368
4	0.03666	0.00929	0.03496	0.37952	0.04078	0.04273	0.03167	0.04174	0.02502	0.05252	0.04294	0.05200	0.01022	0.00762	0.06182	0.00190	0.00596	0.00475	0.02220	0.09570
5	0.00812	0.00466	0.00693	0.07916	0.00865	0.00491	0.00494	0.00700	0.00670	0.00895	0.00939	0.01657	0.00941	0.11036	0.07018	0.62975	0.00497	0.00454	0.00221	0.00260
6	0.06939	0.00605	0.00732	0.00704	0.00815	0.02890	0.00525	0.01039	0.00856	0.08330	0.01416	0.06857	0.01349	0.18306	0.37489	0.00491	0.02058	0.00566	0.07589	0.00445
7	0.00618	0.00444	0.00571	0.00651	0.00699	0.00417	0.00450	0.00717	0.00950	0.01260	0.08194	0.55442	0.08493	0.10838	0.00818	0.00222	0.00307	0.08089	0.00432	0.00387
8	0.08822	0.01101	0.01797	0.02670	0.70926	0.01114	0.01363	0.01448	0.01064	0.01610	0.00923	0.01263	0.00791	0.00452	0.00462	0.00145	0.00547	0.02528	0.00248	0.00727
9	0.00638	0.00453	0.00569	0.00631	0.00676	0.00432	0.00431	0.00725	0.00915	0.01211	0.07345	0.41392	0.08740	0.24004	0.01113	0.00266	0.00340	0.09340	0.00406	0.00372
10	0.01168	0.01110	0.01833	0.07040	0.44324	0.04042	0.14889	0.01502	0.04936	0.05141	0.01352	0.01551	0.07895	0.00516	0.00497	0.00149	0.00579	0.00506	0.00283	0.00687
11	0.00891	0.00445	0.00445	0.00445	0.00557	0.00445	0.00334	0.01114	0.01002	0.01782	0.01559	0.01782	0.01225	0.00557	0.00334	0.00111	0.00223	0.00445	0.85856	0.00445
12	0.21170	0.01022	0.01110	0.03253	0.01264	0.09300	0.07656	0.08719	0.09648	0.07254	0.02739	0.13880	0.01363	0.00730	0.00492	0.00161	0.02007	0.05912	0.01742	0.00580
13	0.05251	0.01915	0.01391	0.01190	0.01484	0.52997	0.03421	0.21669	0.01555	0.03490	0.00875	0.00963	0.00679	0.00511	0.00443	0.00131	0.00743	0.00350	0.00316	0.00628
14	0.00891	0.00445	0.00445	0.00445	0.00557	0.00445	0.00334	0.01114	0.01002	0.01782	0.01559	0.01782	0.01225	0.00557	0.00334	0.00111	0.00223	0.00445	0.85856	0.00445
15	0.55839	0.01131	0.00884	0.02978	0.01099	0.15066	0.02314	0.01481	0.04592	0.01819	0.00825	0.01074	0.00696	0.07876	0.00531	0.00173	0.00482	0.00331	0.00292	0.00518
16	0.00963	0.04928	0.68912	0.01358	0.02007	0.01109	0.07099	0.01472	0.01012	0.01488	0.00943	0.04861	0.00734	0.00498	0.00464	0.00152	0.00687	0.00412	0.00216	0.00684
17	0.00915	0.00969	0.11603	0.08276	0.06396	0.00792	0.05159	0.07771	0.03956	0.02678	0.31390	0.04218	0.10957	0.00772	0.00522	0.00152	0.00418	0.00677	0.00401	0.01979
18	0.01622	0.05732	0.01425	0.01064	0.01424	0.04676	0.02062	0.52460	0.16806	0.02560	0.01242	0.01233	0.00912	0.00564	0.00465	0.00141	0.00508	0.00433	0.00444	0.04226
19	0.01218	0.32345	0.20307	0.01314	0.12470	0.08661	0.03322	0.04697	0.01084	0.01396	0.00809	0.00970	0.00668	0.00536	0.03028	0.00144	0.00621	0.00333	0.00231	0.05846
20	0.01272	0.05313	0.09116	0.03008	0.44019	0.12405	0.03438	0.01550	0.02122	0.04547	0.00891	0.01119	0.00729	0.00483	0.00559	0.00146	0.07942	0.00401	0.00248	0.00693
21	0.00931	0.00529	0.00839	0.00749	0.00818	0.00513	0.07412	0.00835	0.00731	0.06545	0.01014	0.01690	0.00976	0.13144	0.01734	0.60060	0.00456	0.00473	0.00250	0.00301
22	0.01027	0.01062	0.01502	0.01293	0.05102	0.10306	0.18963	0.01244	0.01086	0.01434	0.15828	0.02178	0.08632	0.00770	0.00812	0.00170	0.21747	0.05991	0.00318	0.00536
23	0.02566	0.16401	0.13954	0.00872	0.01163	0.00984	0.00827	0.06317	0.00978	0.03616	0.01092	0.01448	0.00949	0.04339	0.34812	0.00408	0.00845	0.00420	0.03449	0.04560
24	0.00723	0.00504	0.00603	0.00589	0.00709	0.00452	0.00425	0.00857	0.01082	0.05543	0.24084	0.16159	0.25558	0.14275	0.00862	0.00209	0.00297	0.03021	0.00443	0.03606
25	0.01375	0.03847	0.04525	0.07138	0.01485	0.03341	0.02464	0.30826	0.25947	0.02209	0.01403	0.01494	0.01064	0.00591	0.00466	0.00148	0.00480	0.02334	0.08152	0.00710
26	0.02587	0.01021	0.19386	0.00881	0.01141	0.00687	0.00819	0.06602	0.01087	0.11491	0.01983	0.46154	0.02098	0.01054	0.00542	0.00174	0.00413	0.00926	0.00406	0.00549
27	0.03959	0.06837	0.16128	0.01099	0.01471	0.01092	0.07916	0.21782	0.04798	0.07474	0.03469	0.06933	0.01348	0.00712	0.00504	0.00161	0.00527	0.12749	0.00383	0.00658
28	0.01100	0.27766	0.45893	0.02901	0.01777	0.01388	0.02967	0.04621	0.01036	0.01430	0.00800	0.00952	0.00621	0.00462	0.00464	0.00139	0.04466	0.00335	0.00215	0.00668
29	0.01295	0.01412	0.15813	0.10558	0.06097	0.04478	0.06588	0.25997	0.08374	0.01992	0.04749	0.01297	0.00956	0.00548	0.00530	0.00149	0.04511	0.00444	0.00341	0.03873
30	0.00996	0.00835	0.01070	0.00948	0.03040	0.06414	0.09765	0.04177	0.09505	0.06277	0.26084	0.06459	0.10068	0.06221	0.02384	0.00190	0.01125	0.03480	0.00425	0.00537
31	0.03702	0.04296	0.02523	0.00848	0.01206	0.03322	0.06052	0.01395	0.07954	0.05406	0.11824	0.01544	0.01348	0.00513	0.00422	0.00110	0.00404	0.02148	0.00344	0.44642

[dist]
# distance from previous block
# <min> <max>
0	5

[block]
# block no. 2 follows, 53 sequences, length 34
# corresponding to MSA columns:
# 659-687,703-707
name=unknown_C
#
# <colnr> <probs for GDERKNQSTAVLIFYWHMCP>
#	G	D	E	R	K	N	Q	S	T	A	V	L	I	F	Y	W	H	M	C	P
0	0.33535	0.00921	0.01117	0.18420	0.10118	0.01061	0.00877	0.04080	0.05372	0.05544	0.04519	0.01362	0.00938	0.00560	0.00503	0.00158	0.06674	0.03351	0.00312	0.00579
1	0.62939	0.01252	0.00889	0.00790	0.01079	0.19190	0.00630	0.05627	0.01012	0.01971	0.00708	0.00815	0.00555	0.00462	0.00336	0.00142	0.00489	0.00279	0.00294	0.00542
2	0.01140	0.01042	0.01395	0.48332	0.07038	0.08450	0.01145	0.07425	0.01115	0.04788	0.00902	0.01197	0.00687	0.00488	0.00500	0.00145	0.03601	0.00401	0.00262	0.09950
3	0.47609	0.05879	0.02629	0.01081	0.12606	0.01174	0.00771	0.11802	0.05364	0.05811	0.00895	0.00984	0.00682	0.00475	0.00369	0.00145	0.00436	0.00333	0.00329	0.00628
4	0.11060	0.06366	0.08080	0.01241	0.11424	0.06869	0.02941	0.18662	0.07781	0.01945	0.11718	0.01449	0.01279	0.00647	0.02217	0.00160	0.04700	0.00457	0.00352	0.00651
5	0.01385	0.00804	0.00891	0.00764	0.00985	0.06627	0.00583	0.01682	0.10806	0.31497	0.15529	0.02310	0.04721	0.15351	0.00837	0.00203	0.00403	0.00599	0.03418	0.00603
6	0.01553	0.01625	0.01393	0.01192	0.01404	0.34204	0.00947	0.21272	0.05177	0.01674	0.00869	0.01032	0.00710	0.00619	0.00772	0.00155	0.24094	0.00382	0.00306	0.00621
7	0.00676	0.00474	0.00617	0.00670	0.00712	0.00479	0.00474	0.00768	0.00848	0.01136	0.01994	0.26198	0.02260	0.31874	0.13493	0.00385	0.00529	0.15689	0.00358	0.00368
8	0.00847	0.00594	0.00808	0.00730	0.00877	0.00583	0.03428	0.06638	0.01263	0.06111	0.44370	0.10708	0.05294	0.03006	0.12300	0.00251	0.00442	0.00798	0.00461	0.00490
9	0.01264	0.00938	0.01305	0.01051	0.01343	0.00948	0.14507	0.25201	0.03453	0.09425	0.02040	0.06889	0.13073	0.00786	0.00528	0.00161	0.00475	0.10222	0.05763	0.00627
10	0.01192	0.01114	0.01839	0.12916	0.64772	0.01151	0.01409	0.06939	0.01154	0.01621	0.00910	0.01192	0.00746	0.00443	0.00474	0.00144	0.00574	0.00426	0.00251	0.00732
11	0.00891	0.00445	0.00445	0.00445	0.00557	0.00445	0.00334	0.01114	0.01002	0.01782	0.01559	0.01782	0.01225	0.00557	0.00334	0.00111	0.00223	0.00445	0.85856	0.00445
12	0.01141	0.01098	0.01857	0.08267	0.61847	0.01113	0.05060	0.01419	0.01058	0.01517	0.00883	0.01175	0.00738	0.00442	0.00519	0.00142	0.04252	0.00422	0.00237	0.06814
13	0.02518	0.00507	0.00681	0.00829	0.06379	0.00494	0.00535	0.00791	0.00909	0.01237	0.02232	0.48549	0.02595	0.17412	0.00959	0.00246	0.00360	0.11968	0.00395	0.00405
14	0.00891	0.00445	0.00445	0.00445	0.00557	0.00445	0.00334	0.01114	0.01002	0.01782	0.01559	0.01782	0.01225	0.00557	0.00334	0.00111	0.00223	0.00445	0.85856	0.00445
15	0.19857	0.01111	0.01232	0.01099	0.07903	0.01208	0.00823	0.39729	0.01617	0.12442	0.01149	0.01294	0.00864	0.03589	0.00538	0.00160	0.02204	0.02051	0.00420	0.00712
16	0.01050	0.00919	0.01431	0.65051	0.08481	0.03583	0.01259	0.01389	0.03935	0.06931	0.00964	0.01299	0.00715	0.00489	0.00477	0.00156	0.00613	0.00429	0.00252	0.00576
17	0.00965	0.05567	0.56609	0.01335	0.07385	0.01068	0.01475	0.01490	0.06299	0.01548	0.06838	0.05170	0.01084	0.00552	0.00467	0.00151	0.00610	0.00452	0.00259	0.00675
18	0.07753	0.01994	0.01320	0.08690	0.01607	0.63466	0.00931	0.06273	0.01331	0.01351	0.00768	0.00911	0.00622	0.00492	0.00428	0.00129	0.00786	0.00322	0.00260	0.00564
19	0.01575	0.01260	0.01371	0.01098	0.01423	0.05319	0.03537	0.50700	0.15279	0.02492	0.01249	0.01296	0.00932	0.00801	0.06285	0.00193	0.03558	0.00453	0.00434	0.00746
20	0.00679	0.00489	0.00581	0.00605	0.00730	0.00435	0.00453	0.00816	0.01088	0.05153	0.12662	0.25199	0.38992	0.01241	0.00583	0.00174	0.00278	0.08953	0.00460	0.00428
21	0.01324	0.54428	0.08431	0.01063	0.06958	0.06341	0.00944	0.06006	0.05925	0.03424	0.00840	0.00928	0.00702	0.00448	0.00363	0.00117	0.00541	0.00312	0.00252	0.00653
22	0.00575	0.00482	0.00500	0.00500	0.00653	0.00407	0.00373	0.00704	0.01107	0.01344	0.11342	0.06986	0.70992	0.01199	0.00566	0.00161	0.00242	0.01007	0.00451	0.00407
23	0.00610	0.00454	0.00571	0.00626	0.00705	0.00414	0.00447	0.00740	0.01058	0.01400	0.20081	0.44842	0.19305	0.01314	0.00593	0.00179	0.00268	0.05522	0.00462	0.00408
24	0.04999	0.04619	0.27417	0.05204	0.18159	0.01141	0.05543	0.12058	0.02929	0.02985	0.00935	0.01097	0.00709	0.00456	0.00446	0.00139	0.00583	0.00385	0.00275	0.09920
25	0.12360	0.34692	0.08089	0.01279	0.14511	0.07104	0.03875	0.03918	0.01040	0.02684	0.00797	0.00963	0.00670	0.00584	0.04043	0.00156	0.02033	0.00331	0.00243	0.00629
26	0.01578	0.01222	0.01343	0.01140	0.04942	0.01367	0.00883	0.51010	0.23739	0.02592	0.01356	0.01358	0.01003	0.01974	0.00534	0.00155	0.02097	0.00465	0.00461	0.00780
27	0.04773	0.03815	0.04645	0.02576	0.02342	0.16031	0.00623	0.01079	0.01101	0.02966	0.04917	0.15955	0.35459	0.00973	0.00515	0.00155	0.00421	0.00803	0.00376	0.00475
28	0.15607	0.03836	0.09087	0.01695	0.24646	0.01170	0.13319	0.09211	0.04724	0.05964	0.02617	0.01194	0.00826	0.00487	0.00494	0.00150	0.03562	0.00425	0.00302	0.00683
29	0.03718	0.01022	0.03256	0.01133	0.10425	0.00946	0.02411	0.19916	0.03108	0.15633	0.01228	0.01455	0.00960	0.03521	0.00517	0.00139	0.00456	0.03853	0.00387	0.25917
30	0.00674	0.00504	0.00729	0.00733	0.00815	0.00571	0.00559	0.00827	0.00786	0.01111	0.01533	0.05129	0.05443	0.08638	0.68849	0.00695	0.01134	0.00582	0.00275	0.00415
31	0.01220	0.04264	0.06167	0.06919	0.06398	0.14419	0.02201	0.04006	0.36546	0.01694	0.04153	0.04915	0.01273	0.00614	0.00472	0.00150	0.00511	0.00505	0.02909	0.00663
32	0.03168	0.02543	0.06536	0.01264	0.12552	0.09027	0.02650	0.12015	0.03715	0.25489	0.04279	0.04042	0.02194	0.00714	0.03060	0.00169	0.02076	0.03402	0.00410	0.00695
33	0.05371	0.23692	0.31463	0.03258	0.02978	0.06209	0.02597	0.13248	0.01214	0.04540	0.00874	0.00983	0.00662	0.00466	0.00413	0.00135	0.00607	0.00343	0.00268	0.00679

[dist]
# distance from previous block
# <min> <max>
0	4

[block]
# block no. 3 follows, 53 sequences, length 28
# corresponding to MSA columns:
# 712-739
name=unknown_D
#
# <colnr> <probs for GDERKNQSTAVLIFYWHMCP>
#	G	D	E	R	K	N	Q	S	T	A	V	L	I	F	Y	W	H	M	C	P
0	0.32264	0.05253	0.26228	0.00951	0.01372	0.11879	0.00976	0.01444	0.00982	0.01665	0.00980	0.03187	0.04069	0.00506	0.00389	0.00140	0.00540	0.00358	0.00265	0.06551
1	0.01190	0.01176	0.04506	0.09345	0.39122	0.05919	0.07771	0.06518	0.07346	0.03076	0.04493	0.05234	0.01073	0.00539	0.00490	0.00149	0.00568	0.00502	0.00298	0.00687
2	0.00753	0.00532	0.00652	0.00705	0.05188	0.00541	0.00408	0.03333	0.00786	0.01061	0.01505	0.07218	0.01691	0.65744	0.07582	0.00440	0.00518	0.00694	0.00299	0.00349
3	0.01183	0.01143	0.02036	0.08601	0.53912	0.01154	0.16513	0.03764	0.01118	0.02855	0.00926	0.01214	0.00748	0.00441	0.00514	0.00149	0.02312	0.00454	0.00248	0.00716
4	0.01229	0.01053	0.01171	0.01127	0.07425	0.01190	0.00818	0.07988	0.65288	0.02026	0.01773	0.01666	0.01335	0.00617	0.00481	0.00156	0.00403	0.00516	0.00460	0.03277
5	0.00652	0.00499	0.00539	0.00534	0.00693	0.00426	0.00406	0.00787	0.01117	0.04760	0.10834	0.07357	0.64061	0.01180	0.00567	0.00164	0.00258	0.04284	0.00457	0.00426
6	0.00854	0.00530	0.00685	0.00623	0.00773	0.00479	0.00475	0.01065	0.01331	0.11916	0.63296	0.03413	0.10807	0.00949	0.00553	0.00151	0.00250	0.00828	0.00527	0.00493
7	0.03639	0.01006	0.10793	0.01024	0.03606	0.00830	0.10169	0.03106	0.11948	0.13631	0.18513	0.02371	0.14613	0.00736	0.00530	0.00155	0.01654	0.00640	0.00422	0.00614
8	0.00692	0.00462	0.00522	0.00526	0.00527	0.00461	0.00294	0.00694	0.00702	0.00936	0.01541	0.05604	0.01782	0.80666	0.02376	0.00455	0.00458	0.00716	0.00294	0.00293
9	0.01167	0.55316	0.29706	0.01007	0.01520	0.01620	0.01148	0.01460	0.00984	0.01260	0.00732	0.00851	0.00611	0.00425	0.00358	0.00119	0.00579	0.00290	0.00204	0.00646
10	0.00891	0.00445	0.00445	0.00445	0.00557	0.00445	0.00334	0.01114	0.01002	0.01782	0.01559	0.01782	0.01225	0.00557	0.00334	0.00111	0.00223	0.00445	0.85856	0.00445
11	0.00892	0.00832	0.01396	0.78162	0.03169	0.01033	0.01286	0.01206	0.00975	0.01254	0.04630	0.01384	0.00822	0.00502	0.00482	0.00159	0.00617	0.00446	0.00227	0.00527
12	0.86579	0.00924	0.00702	0.00629	0.00924	0.01072	0.00518	0.01405	0.00813	0.02144	0.00666	0.00776	0.00518	0.00444	0.00296	0.00148	0.00370	0.00259	0.00296	0.00518
13	0.00763	0.00500	0.00653	0.00679	0.00782	0.00465	0.00513	0.00920	0.01112	0.07190	0.24782	0.28491	0.09844	0.05460	0.00688	0.00194	0.00310	0.15742	0.00469	0.00443
14	0.00971	0.02390	0.75279	0.01408	0.02099	0.01117	0.07130	0.01515	0.01017	0.01515	0.00865	0.01029	0.00614	0.00451	0.00462	0.00152	0.00713	0.00368	0.00205	0.00702
15	0.00967	0.00824	0.00966	0.00705	0.01107	0.00623	0.00559	0.01172	0.00987	0.01538	0.00953	0.05745	0.00850	0.00420	0.00369	0.00078	0.00350	0.00346	0.00292	0.81148
16	0.00866	0.00702	0.00840	0.02303	0.05989	0.02297	0.00599	0.07145	0.10603	0.01859	0.44290	0.03089	0.15751	0.00891	0.00538	0.00152	0.00312	0.00768	0.00474	0.00531
17	0.01307	0.42806	0.25252	0.00973	0.01448	0.01411	0.01059	0.01578	0.01038	0.14471	0.00956	0.01068	0.00747	0.03471	0.00457	0.00137	0.00550	0.00338	0.00271	0.00662
18	0.00695	0.00465	0.00531	0.00531	0.00535	0.00469	0.00302	0.00702	0.00698	0.00934	0.01497	0.03077	0.01716	0.79959	0.05646	0.00476	0.00497	0.00688	0.00288	0.00295
19	0.01405	0.21787	0.08786	0.01284	0.04287	0.01434	0.17362	0.29038	0.02875	0.03525	0.01082	0.01183	0.02814	0.00500	0.00454	0.00138	0.00586	0.00426	0.00330	0.00705
20	0.01053	0.00791	0.00935	0.00694	0.01053	0.00618	0.00539	0.01233	0.00983	0.08623	0.01037	0.01355	0.00898	0.12235	0.00663	0.00134	0.00374	0.00360	0.00312	0.66109
21	0.09483	0.01026	0.01698	0.48652	0.04967	0.03792	0.19279	0.02936	0.01026	0.01430	0.00863	0.01210	0.00652	0.00458	0.00478	0.00157	0.00653	0.00437	0.00235	0.00569
22	0.08829	0.12381	0.13180	0.00940	0.01321	0.06609	0.00877	0.11827	0.05654	0.21042	0.09379	0.01424	0.01224	0.00562	0.00439	0.00139	0.00488	0.00432	0.00396	0.02857
23	0.83756	0.00938	0.00727	0.00644	0.00943	0.01086	0.00531	0.03977	0.00861	0.02173	0.00682	0.00789	0.00527	0.00448	0.00302	0.00148	0.00375	0.00265	0.00302	0.00527
24	0.00788	0.00430	0.00591	0.00591	0.00591	0.00430	0.00376	0.00645	0.00645	0.00860	0.01041	0.01975	0.01113	0.27084	0.02044	0.59395	0.00430	0.00502	0.00233	0.00233
25	0.01072	0.00778	0.03847	0.03742	0.05743	0.00699	0.03821	0.05801	0.05665	0.15526	0.15271	0.02806	0.26178	0.02174	0.00547	0.00157	0.00368	0.00703	0.04528	0.00573
26	0.05407	0.00736	0.00972	0.00778	0.01079	0.00655	0.00631	0.01927	0.01340	0.57211	0.21657	0.02084	0.01999	0.00683	0.00494	0.00149	0.00359	0.00569	0.00562	0.00709
27	0.01125	0.06529	0.24284	0.04029	0.34311	0.02205	0.02584	0.07306	0.01165	0.01642	0.07969	0.01317	0.01038	0.00502	0.00486	0.00145	0.01965	0.00435	0.00268	0.00696

[dist]
# distance from previous block
# <min> <max>
1	2

[block]
# block no. 4 follows, 53 sequences, length 6
# corresponding to MSA columns:
# 742-747
name=unknown_E
#
# <colnr> <probs for GDERKNQSTAVLIFYWHMCP>
#	G	D	E	R	K	N	Q	S	T	A	V	L	I	F	Y	W	H	M	C	P
0	0.01130	0.25869	0.39341	0.01084	0.01584	0.08501	0.01228	0.01530	0.04425	0.01416	0.00907	0.01035	0.00707	0.00463	0.00398	0.00131	0.00601	0.00338	0.08669	0.00642
1	0.08712	0.07066	0.04120	0.01038	0.01393	0.08470	0.00872	0.43116	0.16354	0.02404	0.01177	0.01179	0.00871	0.00554	0.00448	0.00143	0.00520	0.00411	0.00415	0.00737
2	0.61825	0.01030	0.00923	0.04535	0.06120	0.04423	0.00677	0.07906	0.05539	0.02090	0.00806	0.00917	0.00621	0.00469	0.00347	0.00147	0.00428	0.00309	0.00312	0.00573
3	0.01233	0.01116	0.04161	0.03125	0.13828	0.03777	0.05488	0.06180	0.31005	0.06730	0.04189	0.03120	0.01207	0.00614	0.00598	0.00157	0.08958	0.00503	0.00380	0.03632
4	0.01049	0.01038	0.08301	0.03198	0.15314	0.00915	0.06547	0.04543	0.16552	0.03623	0.21131	0.01884	0.01831	0.00612	0.00489	0.00142	0.00443	0.00546	0.00379	0.11465
5	0.00694	0.00468	0.00547	0.00547	0.00556	0.00477	0.00322	0.00711	0.00703	0.00946	0.01483	0.02998	0.01681	0.74954	0.10604	0.00495	0.00548	0.00676	0.00286	0.00304

[dist]
# distance from previous block
# <min> <max>
7	10

[block]
# block no. 5 follows, 53 sequences, length 23
# corresponding to MSA columns:
# 758-780
name=unknown_F
#
# <colnr> <probs for GDERKNQSTAVLIFYWHMCP>
#	G	D	E	R	K	N	Q	S	T	A	V	L	I	F	Y	W	H	M	C	P
0	0.01086	0.37686	0.41387	0.01093	0.01631	0.01414	0.01287	0.01444	0.00999	0.01338	0.00883	0.01189	0.00749	0.00491	0.00403	0.00134	0.00604	0.05314	0.00219	0.00648
1	0.00830	0.00415	0.00623	0.00623	0.00623	0.00415	0.00415	0.00623	0.00623	0.00830	0.00830	0.01453	0.00830	0.01660	0.01868	0.86094	0.00415	0.00415	0.00208	0.00208
2	0.03847	0.00906	0.03617	0.00830	0.01086	0.06030	0.00677	0.03338	0.17938	0.23111	0.22156	0.02239	0.04608	0.00832	0.03478	0.00174	0.00419	0.02008	0.02069	0.00636
3	0.06778	0.60793	0.19097	0.00922	0.01387	0.01671	0.01001	0.01447	0.00969	0.01274	0.00706	0.00819	0.00605	0.00421	0.00337	0.00116	0.00544	0.00277	0.00210	0.00627
4	0.00694	0.00501	0.00735	0.00735	0.00807	0.00573	0.00556	0.00823	0.00752	0.01074	0.01273	0.01970	0.01223	0.11111	0.68580	0.06269	0.01146	0.00523	0.00256	0.00399
5	0.01229	0.72939	0.02243	0.00771	0.01142	0.01708	0.00756	0.01391	0.00975	0.01208	0.00778	0.00896	0.00691	0.00428	0.00310	0.00103	0.00475	0.00280	0.11087	0.00592
6	0.01035	0.17043	0.52234	0.01242	0.01823	0.01222	0.06879	0.03949	0.01077	0.01523	0.06862	0.01184	0.00919	0.00486	0.00444	0.00143	0.00635	0.00392	0.00239	0.00669
7	0.01184	0.01208	0.04273	0.05271	0.66542	0.04165	0.04203	0.01495	0.02599	0.01541	0.00912	0.01180	0.00755	0.00433	0.00472	0.00142	0.00586	0.00424	0.00241	0.02374
8	0.06996	0.01117	0.03494	0.00972	0.03271	0.16505	0.04278	0.02571	0.07028	0.24467	0.03413	0.10195	0.12188	0.00736	0.00489	0.00151	0.00485	0.00605	0.00421	0.00619
9	0.06568	0.03989	0.04245	0.01999	0.34695	0.11230	0.15712	0.08910	0.01213	0.01676	0.00923	0.01143	0.00736	0.00451	0.00462	0.00141	0.00620	0.00420	0.04186	0.00681
10	0.01070	0.03200	0.31665	0.07749	0.04789	0.07910	0.19742	0.01467	0.03025	0.02940	0.01058	0.05750	0.00890	0.05912	0.00617	0.00174	0.00676	0.00491	0.00251	0.00624
11	0.01484	0.01110	0.01224	0.00934	0.01307	0.01126	0.00757	0.44285	0.05210	0.05011	0.01129	0.01233	0.00863	0.04293	0.00528	0.00136	0.00457	0.00402	0.00411	0.28099
12	0.00692	0.00507	0.00646	0.00608	0.00725	0.00476	0.00454	0.00948	0.04143	0.01869	0.72258	0.03527	0.06856	0.03451	0.00617	0.00161	0.00239	0.00852	0.00515	0.00456
13	0.58431	0.00916	0.00817	0.03323	0.01048	0.01036	0.00586	0.12134	0.01081	0.04126	0.06259	0.01122	0.00899	0.00510	0.00353	0.00145	0.00382	0.00347	0.05927	0.00557
14	0.00600	0.00486	0.00533	0.00522	0.00667	0.00419	0.00391	0.00755	0.01173	0.01491	0.28786	0.04272	0.55958	0.01136	0.00565	0.00158	0.00237	0.00963	0.00470	0.00419
15	0.00904	0.11504	0.01069	0.00809	0.00975	0.00882	0.00656	0.08647	0.05300	0.01357	0.01232	0.01671	0.01104	0.03807	0.55622	0.00569	0.01024	0.00473	0.01889	0.00506
16	0.05603	0.15302	0.56279	0.01198	0.01791	0.04287	0.01450	0.03836	0.01043	0.01524	0.00840	0.00978	0.00626	0.00454	0.00419	0.00141	0.00644	0.00336	0.02578	0.00672
17	0.00632	0.00461	0.00560	0.00581	0.00653	0.00427	0.00397	0.00747	0.01030	0.01378	0.26114	0.26967	0.17349	0.19361	0.00991	0.00234	0.00296	0.00999	0.00435	0.00388
18	0.01149	0.01693	0.36114	0.01571	0.15284	0.01124	0.08508	0.03233	0.18546	0.06256	0.01183	0.01276	0.00870	0.00498	0.00477	0.00153	0.00598	0.00436	0.00303	0.00729
19	0.06751	0.01000	0.01248	0.01065	0.01179	0.02582	0.00869	0.16117	0.01051	0.03206	0.00870	0.01238	0.00777	0.03765	0.10140	0.04684	0.42196	0.00429	0.00283	0.00551
20	0.01145	0.04326	0.07312	0.16059	0.18482	0.04971	0.33193	0.03531	0.03444	0.01503	0.00937	0.01218	0.00723	0.00440	0.00503	0.00152	0.00692	0.00470	0.00245	0.00654
21	0.00702	0.00477	0.00554	0.03434	0.00620	0.00485	0.00327	0.00714	0.00704	0.00937	0.01483	0.03062	0.01698	0.80247	0.02363	0.00453	0.00470	0.00685	0.00287	0.00298
22	0.00709	0.00673	0.05978	0.00809	0.06947	0.00544	0.00598	0.00945	0.02367	0.01676	0.45118	0.06293	0.23586	0.00975	0.00550	0.00154	0.00292	0.00847	0.00457	0.00481

[dist]
# distance from previous block
# <min> <max>
0	90

# created by:
# /home/cegg/simao/soft/augustus-3.2.1/scripts/msa2prfl.pl ./align_prep/EOG091G0SM9.fa
