[name]
unknown

[dist]
# distance from previous block
# <min> <max>
0	93

[block]
# block no. 0 follows, 49 sequences, length 36
# corresponding to MSA columns:
# 93,98-132
name=unknown_A
#
# <colnr> <probs for GDERKNQSTAVLIFYWHMCP>
#	G	D	E	R	K	N	Q	S	T	A	V	L	I	F	Y	W	H	M	C	P
0	0.01227	0.00734	0.00954	0.02531	0.06392	0.00691	0.00697	0.01531	0.08129	0.23284	0.09092	0.05511	0.21625	0.01011	0.02498	0.00186	0.00405	0.09964	0.00494	0.03043
1	0.03763	0.00620	0.00769	0.00716	0.00904	0.00574	0.00569	0.01220	0.03573	0.12556	0.35848	0.03737	0.16149	0.01025	0.00581	0.00170	0.00319	0.12862	0.00518	0.03527
2	0.00799	0.00511	0.00588	0.00583	0.00606	0.00511	0.00350	0.00837	0.02146	0.03055	0.01623	0.03206	0.01798	0.70133	0.02322	0.03631	0.00475	0.03179	0.03311	0.00337
3	0.01869	0.02335	0.01456	0.01357	0.04122	0.74816	0.00995	0.04664	0.01457	0.01320	0.00802	0.00934	0.00664	0.00522	0.00459	0.00132	0.00889	0.00334	0.00269	0.00603
4	0.08574	0.01032	0.01704	0.36471	0.30747	0.01135	0.06440	0.01407	0.01068	0.01538	0.01051	0.01443	0.02730	0.00514	0.00499	0.00162	0.00620	0.01961	0.00255	0.00651
5	0.00740	0.00548	0.00702	0.00642	0.00790	0.00492	0.00484	0.00974	0.01392	0.01978	0.70386	0.03585	0.06521	0.00987	0.00578	0.00153	0.00250	0.00869	0.00533	0.07396
6	0.01418	0.72824	0.02507	0.00911	0.01330	0.07746	0.00878	0.05107	0.01121	0.01287	0.00733	0.00837	0.00659	0.00447	0.00343	0.00112	0.00569	0.00283	0.00233	0.00654
7	0.01139	0.06200	0.14789	0.08864	0.05949	0.02676	0.05356	0.05749	0.03124	0.06909	0.01299	0.01552	0.04387	0.01283	0.18257	0.00299	0.04729	0.00476	0.00304	0.06659
8	0.02553	0.19796	0.38075	0.01387	0.08657	0.03273	0.02678	0.06504	0.03384	0.07707	0.00999	0.01109	0.00745	0.00492	0.00452	0.00147	0.00643	0.00380	0.00280	0.00740
9	0.00955	0.00899	0.01517	0.81013	0.03483	0.01123	0.01404	0.01292	0.01011	0.01292	0.00899	0.01348	0.00674	0.00506	0.00506	0.00169	0.00674	0.00449	0.00225	0.00562
10	0.00647	0.00549	0.00677	0.02913	0.00865	0.00486	0.03875	0.00797	0.01142	0.01417	0.10465	0.17585	0.54270	0.01252	0.00603	0.00176	0.00300	0.01079	0.00460	0.00444
11	0.01317	0.03509	0.06753	0.12165	0.43742	0.01246	0.08198	0.10748	0.01289	0.04688	0.01013	0.01263	0.00792	0.00482	0.00505	0.00154	0.00628	0.00457	0.00289	0.00763
12	0.01329	0.15081	0.19931	0.02941	0.13233	0.03450	0.04459	0.02807	0.04136	0.14869	0.05294	0.07822	0.01245	0.00619	0.00488	0.00153	0.00566	0.00523	0.00348	0.00710
13	0.00710	0.00507	0.00649	0.00629	0.00734	0.00470	0.00460	0.00917	0.01326	0.01870	0.62509	0.11029	0.06606	0.06079	0.00716	0.00183	0.00260	0.00944	0.02943	0.00459
14	0.85801	0.00978	0.00743	0.00665	0.00978	0.01134	0.00548	0.01486	0.00861	0.02269	0.00704	0.00821	0.00548	0.00469	0.00313	0.00156	0.00391	0.00274	0.00313	0.00548
15	0.01153	0.00901	0.01071	0.00776	0.01209	0.00701	0.00624	0.01373	0.01076	0.08208	0.00986	0.01107	0.00789	0.00408	0.00417	0.00085	0.02337	0.00321	0.00325	0.76134
16	0.01384	0.77756	0.02577	0.00891	0.01314	0.06663	0.00872	0.01544	0.01052	0.01193	0.00708	0.00817	0.00649	0.00438	0.00332	0.00109	0.00563	0.00274	0.00219	0.00645
17	0.00953	0.00902	0.01533	0.76738	0.03388	0.01110	0.03539	0.01287	0.01020	0.01303	0.01009	0.01437	0.02646	0.00523	0.00510	0.00169	0.00669	0.00469	0.00232	0.00562
18	0.01884	0.00800	0.01065	0.00866	0.01182	0.00717	0.00694	0.06127	0.01415	0.57780	0.06218	0.15521	0.01778	0.00811	0.00537	0.00165	0.00403	0.00686	0.00589	0.00763
19	0.01467	0.00625	0.00749	0.00641	0.00867	0.00579	0.00508	0.01687	0.01213	0.32554	0.01786	0.01820	0.01279	0.00604	0.00415	0.00133	0.00313	0.00486	0.51649	0.00625
20	0.02207	0.00959	0.01234	0.00946	0.01340	0.00889	0.00782	0.15739	0.01612	0.65917	0.01857	0.01631	0.01182	0.00623	0.00508	0.00156	0.00453	0.00499	0.00605	0.00860
21	0.01014	0.02616	0.79609	0.01441	0.02189	0.01174	0.01868	0.01601	0.01068	0.01601	0.00907	0.01068	0.00641	0.00480	0.00480	0.00160	0.00747	0.00374	0.00214	0.00747
22	0.00878	0.00439	0.00659	0.00659	0.00659	0.00439	0.00439	0.00659	0.00659	0.00878	0.00878	0.01537	0.00878	0.01757	0.01976	0.85288	0.00439	0.00439	0.00220	0.00220
23	0.00634	0.00462	0.00599	0.00685	0.00743	0.00427	0.00475	0.00750	0.01051	0.01399	0.12514	0.61774	0.10891	0.01479	0.00637	0.00197	0.00289	0.04090	0.00480	0.00423
24	0.00651	0.00478	0.00616	0.00711	0.00772	0.00450	0.00500	0.00793	0.02886	0.01360	0.05168	0.62985	0.10961	0.01499	0.00641	0.00202	0.00306	0.08121	0.00473	0.00429
25	0.01016	0.00961	0.01626	0.65087	0.18935	0.01139	0.01435	0.01345	0.01040	0.01366	0.00909	0.01328	0.00700	0.00494	0.00505	0.00165	0.00659	0.00450	0.00230	0.00611
26	0.01468	0.01548	0.01005	0.00933	0.01130	0.44732	0.00700	0.01645	0.01267	0.01526	0.01168	0.01345	0.00938	0.00551	0.00410	0.00125	0.00611	0.00390	0.37973	0.00535
27	0.85801	0.00978	0.00743	0.00665	0.00978	0.01134	0.00548	0.01486	0.00861	0.02269	0.00704	0.00821	0.00548	0.00469	0.00313	0.00156	0.00391	0.00274	0.00313	0.00548
28	0.23977	0.00891	0.01062	0.00839	0.01210	0.00845	0.00692	0.02210	0.01295	0.59373	0.01659	0.01487	0.01069	0.00585	0.00458	0.00156	0.00420	0.00448	0.00545	0.00779
29	0.12087	0.01038	0.01319	0.03518	0.18722	0.01133	0.00951	0.20455	0.04298	0.04891	0.01363	0.08209	0.01247	0.06649	0.00738	0.00193	0.06243	0.05896	0.00381	0.00670
30	0.00778	0.00533	0.00681	0.00634	0.00773	0.00484	0.00479	0.01002	0.01399	0.05780	0.66205	0.03806	0.13447	0.01043	0.00592	0.00160	0.00250	0.00913	0.00550	0.00490
31	0.04225	0.01018	0.01708	0.36755	0.29191	0.01119	0.07340	0.01438	0.03164	0.01549	0.03243	0.01405	0.00891	0.00503	0.00500	0.00159	0.00613	0.00473	0.04052	0.00653
32	0.00814	0.00502	0.00672	0.00671	0.00701	0.00525	0.00450	0.00818	0.04190	0.01033	0.01308	0.05163	0.01365	0.26970	0.15955	0.37061	0.00611	0.00592	0.00278	0.00321
33	0.01101	0.00973	0.03695	0.03507	0.21089	0.00952	0.10405	0.03461	0.05018	0.05916	0.23177	0.05337	0.02090	0.00724	0.00624	0.00163	0.06332	0.00647	0.04145	0.00644
34	0.49825	0.15278	0.04382	0.00945	0.04508	0.12683	0.00775	0.01568	0.00990	0.01852	0.00733	0.00869	0.00598	0.00482	0.00388	0.00146	0.02812	0.00297	0.00280	0.00589
35	0.08333	0.04510	0.03977	0.03644	0.04575	0.00959	0.06735	0.09658	0.04014	0.08709	0.03775	0.02192	0.03375	0.17109	0.03938	0.00252	0.03124	0.05438	0.05096	0.00586

[dist]
# distance from previous block
# <min> <max>
1	3

[block]
# block no. 1 follows, 49 sequences, length 11
# corresponding to MSA columns:
# 136-146
name=unknown_B
#
# <colnr> <probs for GDERKNQSTAVLIFYWHMCP>
#	G	D	E	R	K	N	Q	S	T	A	V	L	I	F	Y	W	H	M	C	P
0	0.00840	0.00618	0.03532	0.00744	0.00841	0.00575	0.02023	0.02391	0.02388	0.01213	0.07816	0.05899	0.02820	0.15730	0.16177	0.31395	0.00609	0.00605	0.00303	0.03482
1	0.00884	0.00819	0.01265	0.01092	0.01239	0.03227	0.15736	0.01080	0.02489	0.01436	0.11696	0.31488	0.05390	0.03400	0.00874	0.02143	0.13927	0.00932	0.00381	0.00502
2	0.12831	0.01082	0.03756	0.04092	0.18170	0.03327	0.05287	0.05447	0.11213	0.04867	0.10913	0.01675	0.01405	0.02123	0.05879	0.00211	0.06189	0.00515	0.00358	0.00660
3	0.01341	0.62870	0.02376	0.00976	0.01320	0.06774	0.00916	0.01492	0.01007	0.01198	0.00701	0.00871	0.00652	0.00520	0.00573	0.00130	0.15133	0.00305	0.00220	0.00628
4	0.00723	0.00538	0.00794	0.00794	0.00878	0.00622	0.00609	0.00891	0.00807	0.01160	0.01372	0.02081	0.01305	0.09421	0.74653	0.00790	0.01292	0.00556	0.00273	0.00441
5	0.01802	0.08077	0.01499	0.01250	0.01525	0.68566	0.00956	0.02034	0.07239	0.01301	0.00873	0.00979	0.00719	0.00527	0.00451	0.00132	0.00846	0.00340	0.00277	0.00607
6	0.07508	0.01165	0.06797	0.01083	0.04938	0.07081	0.00867	0.16199	0.05021	0.20601	0.01732	0.15439	0.03291	0.00799	0.00551	0.00167	0.02696	0.02917	0.00453	0.00695
7	0.00654	0.00501	0.00745	0.00798	0.00860	0.00468	0.05546	0.00765	0.00983	0.01313	0.02670	0.76573	0.03174	0.01508	0.00642	0.00203	0.00330	0.01382	0.00455	0.00429
8	0.01064	0.00893	0.01039	0.00769	0.01184	0.00704	0.00609	0.05457	0.01116	0.01706	0.01060	0.07206	0.00953	0.00479	0.00402	0.00089	0.00378	0.00395	0.00324	0.74172
9	0.06798	0.09072	0.01403	0.01096	0.04443	0.05161	0.08266	0.09798	0.16925	0.03026	0.01764	0.11898	0.07473	0.00736	0.00498	0.00155	0.00483	0.01737	0.00393	0.08876
10	0.28905	0.06040	0.28287	0.08790	0.07352	0.01222	0.02911	0.06327	0.01092	0.03539	0.00877	0.01043	0.00655	0.00484	0.00426	0.00156	0.00585	0.00361	0.00278	0.00671

[dist]
# distance from previous block
# <min> <max>
2	8

[block]
# block no. 2 follows, 49 sequences, length 25
# corresponding to MSA columns:
# 155-179
name=unknown_C
#
# <colnr> <probs for GDERKNQSTAVLIFYWHMCP>
#	G	D	E	R	K	N	Q	S	T	A	V	L	I	F	Y	W	H	M	C	P
0	0.01095	0.00949	0.01386	0.02642	0.29452	0.04821	0.02851	0.01311	0.01051	0.04731	0.01378	0.08243	0.01316	0.04781	0.14342	0.00294	0.07617	0.06495	0.04636	0.00611
1	0.00619	0.00505	0.00550	0.00568	0.00711	0.00435	0.00422	0.00756	0.01151	0.01421	0.11475	0.16298	0.57890	0.01308	0.00608	0.00177	0.00268	0.03929	0.00477	0.00431
2	0.01078	0.01843	0.39029	0.01728	0.11686	0.01134	0.21233	0.03402	0.01185	0.01701	0.09921	0.01483	0.01175	0.00529	0.00527	0.00161	0.00693	0.00505	0.00276	0.00709
3	0.07871	0.01519	0.29289	0.01144	0.03201	0.01021	0.01160	0.04705	0.03605	0.24482	0.09279	0.01557	0.01280	0.00622	0.00583	0.00163	0.06913	0.00478	0.00399	0.00729
4	0.00639	0.00510	0.00568	0.00560	0.00705	0.00444	0.00415	0.00797	0.01224	0.01563	0.28272	0.07396	0.50679	0.03190	0.00647	0.00176	0.00258	0.01025	0.00493	0.00439
5	0.01332	0.69535	0.05460	0.00977	0.04174	0.05623	0.00916	0.01513	0.01058	0.01231	0.00891	0.00995	0.03607	0.00471	0.00354	0.00115	0.00558	0.00314	0.00229	0.00647
6	0.14986	0.00834	0.01045	0.00839	0.01181	0.00769	0.00683	0.02125	0.01318	0.58827	0.04355	0.07978	0.01423	0.00691	0.00492	0.00160	0.00407	0.00559	0.00563	0.00764
7	0.01416	0.03922	0.01284	0.01074	0.01364	0.10593	0.00849	0.14413	0.48764	0.02117	0.04491	0.01669	0.01385	0.00666	0.00546	0.00163	0.03538	0.00522	0.00464	0.00759
8	0.06063	0.41983	0.28203	0.01091	0.01609	0.07489	0.01196	0.04563	0.01115	0.01471	0.00798	0.00921	0.00649	0.00464	0.00393	0.00132	0.00630	0.00317	0.00236	0.00680
9	0.01910	0.01267	0.01405	0.01095	0.01483	0.01369	0.00899	0.53633	0.11373	0.18023	0.01470	0.01395	0.01020	0.00620	0.00507	0.00155	0.00513	0.00480	0.00530	0.00853
10	0.15905	0.01001	0.01039	0.00854	0.01156	0.01084	0.00692	0.29745	0.07645	0.11331	0.01399	0.01437	0.01022	0.00587	0.00434	0.00146	0.00416	0.00444	0.22966	0.00699
11	0.00605	0.00510	0.00525	0.00528	0.00689	0.00429	0.00393	0.00738	0.01162	0.01402	0.09426	0.08030	0.71277	0.01279	0.00600	0.00172	0.00257	0.01074	0.00475	0.00429
12	0.01010	0.03741	0.01006	0.00962	0.01131	0.00839	0.00826	0.09175	0.08547	0.01734	0.02265	0.04344	0.02322	0.01158	0.00677	0.00209	0.04058	0.51729	0.03719	0.00549
13	0.01276	0.18582	0.01717	0.02320	0.09341	0.05233	0.01011	0.04348	0.01015	0.06718	0.00905	0.01202	0.00793	0.01036	0.10345	0.00247	0.32600	0.00418	0.00270	0.00622
14	0.00790	0.00845	0.08359	0.08653	0.05275	0.00740	0.00803	0.01016	0.01108	0.01476	0.15324	0.03194	0.30490	0.01269	0.08741	0.00238	0.07778	0.03006	0.00382	0.00513
15	0.82278	0.00973	0.00761	0.00675	0.00991	0.01118	0.00556	0.01528	0.00885	0.05522	0.00759	0.00859	0.00577	0.00476	0.00321	0.00156	0.00393	0.00284	0.00326	0.00561
16	0.00712	0.00480	0.00558	0.00581	0.00587	0.00475	0.00338	0.00729	0.00781	0.01041	0.01827	0.18719	0.02134	0.66416	0.02196	0.00434	0.00452	0.00873	0.00338	0.00327
17	0.03033	0.35547	0.10554	0.07254	0.01569	0.01376	0.02441	0.03753	0.01090	0.03877	0.00859	0.01001	0.00704	0.00439	0.00387	0.00114	0.00527	0.00324	0.00265	0.24889
18	0.01031	0.00996	0.01404	0.01227	0.01244	0.01369	0.01013	0.01155	0.00782	0.01208	0.00799	0.01279	0.00782	0.01456	0.17077	0.00337	0.65615	0.00462	0.00231	0.00533
19	0.00684	0.00474	0.00590	0.00646	0.00675	0.00458	0.00419	0.00754	0.00917	0.01230	0.08283	0.39013	0.02805	0.35290	0.01451	0.00322	0.00380	0.04824	0.00408	0.00375
20	0.04521	0.11935	0.11946	0.10908	0.17012	0.03764	0.03149	0.07313	0.07312	0.05316	0.07768	0.01466	0.01173	0.00555	0.00474	0.00150	0.00558	0.00463	0.03525	0.00693
21	0.66288	0.06987	0.00913	0.00712	0.00996	0.04131	0.00582	0.01432	0.00882	0.02006	0.00789	0.01049	0.00677	0.06996	0.02066	0.00192	0.02147	0.00321	0.00301	0.00536
22	0.00770	0.00457	0.00536	0.00594	0.00667	0.00441	0.00416	0.00931	0.01023	0.01586	0.04268	0.42744	0.02433	0.01108	0.00509	0.00164	0.00265	0.00976	0.39674	0.00441
23	0.01274	0.01592	0.16723	0.08198	0.32110	0.10083	0.07372	0.04570	0.08627	0.01661	0.01037	0.01252	0.00813	0.00503	0.00521	0.00156	0.02050	0.00445	0.00278	0.00737
24	0.01038	0.00931	0.01333	0.06125	0.01359	0.01209	0.02788	0.03552	0.00889	0.02988	0.01024	0.01670	0.00982	0.05711	0.17466	0.00348	0.45519	0.04267	0.00267	0.00535

[dist]
# distance from previous block
# <min> <max>
0	60

[block]
# block no. 3 follows, 49 sequences, length 21
# corresponding to MSA columns:
# 241-261
name=unknown_D
#
# <colnr> <probs for GDERKNQSTAVLIFYWHMCP>
#	G	D	E	R	K	N	Q	S	T	A	V	L	I	F	Y	W	H	M	C	P
0	0.00643	0.00491	0.00591	0.00614	0.00723	0.00439	0.00442	0.00795	0.01188	0.01564	0.29041	0.28797	0.30257	0.01294	0.00612	0.00178	0.00262	0.01133	0.00499	0.00439
1	0.01175	0.11652	0.25080	0.09655	0.23372	0.01284	0.04911	0.05483	0.06633	0.01642	0.01060	0.03944	0.00863	0.00525	0.00484	0.00154	0.00629	0.00454	0.00272	0.00727
2	0.01245	0.03831	0.20562	0.10246	0.23284	0.03450	0.01352	0.08180	0.12773	0.03683	0.01145	0.01321	0.00880	0.00642	0.03232	0.00180	0.02498	0.00446	0.00309	0.00741
3	0.00637	0.00509	0.00573	0.00589	0.00728	0.00445	0.00442	0.00787	0.01181	0.01487	0.18032	0.14513	0.50497	0.01283	0.00611	0.00177	0.00272	0.06317	0.00485	0.00437
4	0.01079	0.03831	0.01495	0.08590	0.38278	0.04790	0.01098	0.03194	0.02281	0.01598	0.08904	0.02293	0.19066	0.00708	0.00524	0.00155	0.00504	0.00623	0.00335	0.00652
5	0.00652	0.00461	0.00580	0.00661	0.00692	0.00437	0.00432	0.00723	0.00921	0.01219	0.02582	0.55264	0.06601	0.22867	0.01154	0.00280	0.00348	0.03314	0.00426	0.00385
6	0.01138	0.03151	0.06463	0.01168	0.03456	0.05115	0.03363	0.06509	0.03742	0.01581	0.05435	0.01615	0.05724	0.00767	0.00998	0.00179	0.36132	0.00506	0.12375	0.00587
7	0.01370	0.06515	0.01725	0.19467	0.22222	0.19810	0.02859	0.06387	0.04928	0.01526	0.00931	0.01184	0.00755	0.00537	0.00584	0.00155	0.07690	0.00418	0.00271	0.00668
8	0.01020	0.02439	0.00592	0.00535	0.00675	0.03427	0.00409	0.03885	0.01119	0.01892	0.01581	0.01802	0.01243	0.00584	0.00362	0.00119	0.00278	0.00461	0.77084	0.00493
9	0.04209	0.00978	0.01169	0.03466	0.12173	0.06519	0.00855	0.06442	0.05244	0.03565	0.05439	0.04162	0.10692	0.00893	0.01840	0.04306	0.08846	0.09073	0.00365	0.09764
10	0.00893	0.00769	0.00934	0.00893	0.00997	0.07310	0.00693	0.03798	0.00914	0.01246	0.01260	0.01866	0.01180	0.06990	0.60911	0.00671	0.07395	0.00523	0.00277	0.00478
11	0.00623	0.00485	0.00567	0.00605	0.00714	0.00429	0.00431	0.00754	0.01127	0.01442	0.15932	0.34059	0.38313	0.01357	0.00616	0.00182	0.00268	0.01184	0.00483	0.00429
12	0.03942	0.21090	0.33469	0.01309	0.03848	0.01366	0.09741	0.01698	0.11380	0.01591	0.01028	0.01163	0.00794	0.00549	0.01964	0.00160	0.00647	0.00400	0.00267	0.03595
13	0.01491	0.61963	0.02341	0.00972	0.01366	0.19247	0.00893	0.04323	0.01165	0.01271	0.00739	0.00848	0.00657	0.00458	0.00360	0.00115	0.00623	0.00289	0.00236	0.00643
14	0.06219	0.11043	0.27101	0.10181	0.05617	0.08803	0.03999	0.01615	0.04845	0.05840	0.02767	0.01528	0.04652	0.00576	0.00477	0.00155	0.00629	0.02994	0.00294	0.00667
15	0.12097	0.00717	0.00812	0.00684	0.00942	0.00696	0.00549	0.04225	0.01229	0.32011	0.01651	0.01667	0.01171	0.00589	0.00413	0.00139	0.00341	0.00461	0.38964	0.00644
16	0.00648	0.00470	0.00617	0.00714	0.00773	0.00440	0.00509	0.00769	0.01042	0.01379	0.08324	0.59857	0.09678	0.01495	0.00645	0.00203	0.00309	0.11229	0.00475	0.00424
17	0.04051	0.01519	0.20073	0.04323	0.14103	0.06525	0.09161	0.06074	0.01187	0.06003	0.02668	0.02343	0.00936	0.00593	0.00616	0.01898	0.06772	0.03008	0.00298	0.07851
18	0.13691	0.00932	0.03179	0.19935	0.10506	0.02791	0.03752	0.03797	0.01040	0.01560	0.01364	0.15573	0.01343	0.01080	0.08403	0.00239	0.04499	0.05439	0.00314	0.00563
19	0.00675	0.00463	0.00605	0.00700	0.00755	0.00427	0.00479	0.00773	0.01003	0.03964	0.02941	0.71607	0.09198	0.01524	0.00638	0.00202	0.00299	0.02845	0.00475	0.00428
20	0.03353	0.01163	0.04127	0.03980	0.03471	0.01229	0.00906	0.38516	0.01745	0.05226	0.13667	0.01764	0.04302	0.00711	0.00645	0.00160	0.09756	0.00541	0.02201	0.02537

[dist]
# distance from previous block
# <min> <max>
0	3

[block]
# block no. 4 follows, 49 sequences, length 39
# corresponding to MSA columns:
# 265-303
name=unknown_E
#
# <colnr> <probs for GDERKNQSTAVLIFYWHMCP>
#	G	D	E	R	K	N	Q	S	T	A	V	L	I	F	Y	W	H	M	C	P
0	0.01153	0.01046	0.01063	0.04364	0.02803	0.14749	0.00753	0.06664	0.02929	0.05173	0.08377	0.06351	0.09407	0.06642	0.14170	0.00291	0.08638	0.00617	0.00360	0.04451
1	0.05086	0.00536	0.00718	0.00742	0.00842	0.00504	0.03734	0.00868	0.01059	0.03831	0.11711	0.55189	0.10571	0.01354	0.00612	0.00191	0.00316	0.01216	0.00467	0.00452
2	0.03922	0.01368	0.10226	0.05668	0.31231	0.02949	0.22884	0.03392	0.01208	0.10610	0.01079	0.01301	0.00811	0.00475	0.00520	0.00158	0.00671	0.00482	0.00298	0.00747
3	0.02829	0.25779	0.15374	0.02479	0.10400	0.12115	0.01127	0.09016	0.02965	0.05959	0.00942	0.01060	0.00744	0.00496	0.00454	0.00136	0.02281	0.00362	0.00290	0.05193
4	0.05218	0.01266	0.01335	0.01089	0.01442	0.01426	0.00879	0.44285	0.32626	0.02719	0.01530	0.01466	0.01120	0.00633	0.00501	0.00160	0.00487	0.00494	0.00501	0.00823
5	0.00624	0.00449	0.00593	0.00702	0.00742	0.00418	0.00477	0.00721	0.00992	0.01317	0.04596	0.74774	0.06291	0.01554	0.00644	0.00204	0.00296	0.03720	0.00471	0.00415
6	0.01014	0.01142	0.12957	0.08412	0.15577	0.00939	0.10699	0.02510	0.07312	0.03792	0.05529	0.19089	0.05930	0.00855	0.01786	0.00181	0.00547	0.00741	0.00354	0.00633
7	0.01120	0.02608	0.15327	0.11108	0.08586	0.04111	0.04334	0.07517	0.05469	0.01609	0.02573	0.01571	0.02728	0.02804	0.08006	0.00234	0.13055	0.01643	0.04964	0.00632
8	0.00644	0.00460	0.00617	0.00724	0.00769	0.00433	0.00507	0.00757	0.01019	0.01362	0.07643	0.68666	0.03389	0.01529	0.00648	0.00205	0.00308	0.09422	0.00475	0.00421
9	0.01153	0.01889	0.34682	0.01831	0.08377	0.03758	0.33355	0.02887	0.02902	0.01631	0.00996	0.01253	0.00747	0.01593	0.00560	0.00167	0.00771	0.00483	0.00249	0.00716
10	0.00638	0.00505	0.00574	0.00575	0.00712	0.00441	0.00424	0.00796	0.01220	0.01569	0.28433	0.13718	0.46127	0.01238	0.00603	0.00171	0.00255	0.01063	0.00497	0.00441
11	0.01284	0.01098	0.04457	0.04396	0.03607	0.03595	0.00813	0.31146	0.07522	0.02233	0.13410	0.02446	0.17312	0.03661	0.00608	0.00170	0.00461	0.00657	0.00460	0.00664
12	0.10077	0.01497	0.13136	0.04860	0.14309	0.04370	0.01157	0.35247	0.01677	0.07245	0.01093	0.01185	0.00795	0.00542	0.00480	0.00153	0.00586	0.00422	0.00387	0.00779
13	0.00943	0.00471	0.00471	0.00471	0.00589	0.00471	0.00353	0.01178	0.01060	0.01885	0.01650	0.01885	0.01296	0.00589	0.00353	0.00118	0.00236	0.00471	0.85036	0.00471
14	0.42431	0.03445	0.01033	0.01008	0.09959	0.02885	0.00705	0.03884	0.01011	0.06396	0.01000	0.03026	0.00836	0.03002	0.07732	0.00216	0.00522	0.00386	0.02727	0.07797
15	0.01820	0.08754	0.04291	0.01249	0.01564	0.57948	0.00997	0.14549	0.01545	0.01572	0.00852	0.00960	0.00686	0.00527	0.00454	0.00133	0.00817	0.00345	0.00296	0.00643
16	0.00662	0.00509	0.00605	0.00592	0.00725	0.00452	0.00440	0.00846	0.01287	0.01712	0.44101	0.09875	0.34024	0.01172	0.00600	0.00167	0.00249	0.01013	0.00516	0.00452
17	0.01277	0.06094	0.01248	0.04656	0.01397	0.01283	0.00823	0.07056	0.61962	0.02076	0.01853	0.01755	0.01396	0.00653	0.00495	0.00164	0.00424	0.00536	0.04082	0.00770
18	0.01390	0.65138	0.05253	0.00916	0.01349	0.04354	0.00895	0.05406	0.03472	0.03094	0.00817	0.00907	0.00704	0.00456	0.00356	0.00115	0.00547	0.00301	0.00254	0.04276
19	0.01418	0.05561	0.12310	0.08292	0.20266	0.07818	0.05714	0.11460	0.04612	0.10188	0.02925	0.01363	0.00948	0.02338	0.00539	0.00158	0.00616	0.00455	0.00337	0.02683
20	0.74809	0.00968	0.00782	0.00687	0.00999	0.01106	0.00565	0.04746	0.00959	0.05564	0.00824	0.00925	0.00625	0.00487	0.00331	0.00155	0.00393	0.00301	0.04204	0.00571
21	0.00638	0.00470	0.00590	0.00651	0.00721	0.00430	0.00449	0.00758	0.01080	0.01433	0.17960	0.49682	0.16688	0.05107	0.00716	0.00203	0.00285	0.01239	0.00479	0.00422
22	0.01032	0.07978	0.02480	0.07897	0.11203	0.00845	0.02498	0.04979	0.01178	0.08553	0.03678	0.21259	0.18943	0.00982	0.00555	0.00171	0.00431	0.04356	0.00407	0.00576
23	0.01493	0.03114	0.10331	0.04532	0.03365	0.01106	0.04798	0.17959	0.05225	0.19763	0.08984	0.01672	0.01345	0.03194	0.02310	0.00184	0.07072	0.00517	0.00430	0.02606
24	0.00617	0.00457	0.00577	0.00666	0.00725	0.00417	0.00454	0.00719	0.01023	0.01338	0.06686	0.64244	0.17221	0.01504	0.00634	0.00197	0.00284	0.01346	0.00473	0.00417
25	0.03164	0.03113	0.04009	0.06790	0.21351	0.04936	0.05895	0.05632	0.10025	0.04409	0.05709	0.01438	0.01090	0.00657	0.01775	0.00174	0.15762	0.00482	0.00321	0.03269
26	0.05956	0.04506	0.11745	0.01457	0.11158	0.07519	0.09520	0.04199	0.01956	0.08784	0.05025	0.03365	0.05046	0.00666	0.00733	0.00169	0.16703	0.00512	0.00321	0.00658
27	0.00618	0.00443	0.00584	0.00695	0.00728	0.00413	0.00463	0.00705	0.00969	0.01287	0.02834	0.77946	0.05617	0.03221	0.00683	0.00210	0.00296	0.01412	0.00466	0.00409
28	0.04391	0.03431	0.01640	0.19968	0.21774	0.03038	0.05938	0.09497	0.12536	0.01780	0.02668	0.01450	0.02671	0.00558	0.00541	0.00158	0.03608	0.00480	0.00323	0.03550
29	0.01654	0.01762	0.01546	0.01643	0.18508	0.42344	0.03619	0.05185	0.01359	0.08322	0.01089	0.06701	0.00937	0.00598	0.00519	0.00147	0.02629	0.00464	0.00315	0.00660
30	0.00616	0.00440	0.00587	0.00704	0.00733	0.00411	0.00469	0.00704	0.00968	0.01291	0.02787	0.81899	0.03344	0.01584	0.00645	0.00205	0.00293	0.01438	0.00469	0.00411
31	0.01155	0.01678	0.26505	0.06953	0.25064	0.02270	0.22541	0.03269	0.01156	0.01628	0.00991	0.02668	0.00779	0.00481	0.00523	0.00161	0.00718	0.00483	0.00249	0.00728
32	0.01123	0.01265	0.11716	0.07375	0.02787	0.05636	0.12014	0.07479	0.15742	0.01672	0.02706	0.01700	0.04388	0.01303	0.17935	0.00307	0.03344	0.00531	0.00333	0.00645
33	0.00619	0.00443	0.00590	0.00702	0.00734	0.00413	0.00470	0.00713	0.00984	0.01316	0.05349	0.79266	0.03393	0.01566	0.00644	0.00204	0.00292	0.01420	0.00472	0.00413
34	0.00924	0.06875	0.02564	0.12013	0.14464	0.00891	0.00863	0.02777	0.01044	0.01408	0.08489	0.15270	0.05420	0.14502	0.03585	0.00245	0.04789	0.03010	0.00338	0.00531
35	0.00653	0.00493	0.00608	0.00683	0.00757	0.00464	0.00472	0.00830	0.05338	0.01385	0.06654	0.59379	0.17509	0.01452	0.00627	0.00195	0.00290	0.01296	0.00476	0.00439
36	0.07792	0.00974	0.03214	0.06239	0.02866	0.01044	0.01837	0.22956	0.03579	0.03686	0.01272	0.01840	0.01133	0.21045	0.09135	0.00308	0.05834	0.00523	0.04130	0.00593
37	0.10711	0.48841	0.07636	0.01054	0.04664	0.12045	0.00950	0.01600	0.01073	0.03467	0.00772	0.00897	0.00661	0.00474	0.00411	0.00127	0.03423	0.00305	0.00245	0.00645
38	0.00641	0.00460	0.00614	0.00727	0.00772	0.00433	0.00511	0.00749	0.00999	0.01321	0.02842	0.69903	0.05515	0.01551	0.00651	0.00208	0.00314	0.10902	0.00469	0.00418

[dist]
# distance from previous block
# <min> <max>
0	1

[block]
# block no. 5 follows, 49 sequences, length 6
# corresponding to MSA columns:
# 305-310
name=unknown_F
#
# <colnr> <probs for GDERKNQSTAVLIFYWHMCP>
#	G	D	E	R	K	N	Q	S	T	A	V	L	I	F	Y	W	H	M	C	P
0	0.34913	0.03777	0.11308	0.00870	0.01202	0.01041	0.00798	0.08515	0.01077	0.09472	0.01073	0.01313	0.00859	0.04155	0.17308	0.00305	0.00669	0.00400	0.00336	0.00608
1	0.00800	0.00538	0.00673	0.00645	0.00789	0.00484	0.00488	0.00997	0.01317	0.07612	0.46211	0.10761	0.21535	0.01123	0.00598	0.00169	0.00271	0.03971	0.00530	0.00488
2	0.07550	0.01240	0.09120	0.13558	0.36077	0.01165	0.03465	0.06326	0.07913	0.01779	0.03570	0.01468	0.03500	0.00538	0.00496	0.00158	0.00574	0.00479	0.00304	0.00720
3	0.01537	0.23497	0.15708	0.01318	0.05041	0.35453	0.04227	0.05027	0.01280	0.01407	0.00819	0.00959	0.00669	0.00487	0.00435	0.00133	0.00753	0.00342	0.00250	0.00656
4	0.03561	0.01074	0.03719	0.10527	0.34056	0.04415	0.01131	0.01402	0.03990	0.01576	0.01524	0.06190	0.07917	0.00645	0.00504	0.00152	0.00528	0.04560	0.00308	0.12222
5	0.07595	0.10694	0.30779	0.03373	0.01873	0.03996	0.13050	0.03344	0.07897	0.06151	0.01140	0.01269	0.02542	0.00530	0.00520	0.00158	0.03662	0.00435	0.00292	0.00700

[dist]
# distance from previous block
# <min> <max>
0	1

[block]
# block no. 6 follows, 49 sequences, length 7
# corresponding to MSA columns:
# 312-318
name=unknown_G
#
# <colnr> <probs for GDERKNQSTAVLIFYWHMCP>
#	G	D	E	R	K	N	Q	S	T	A	V	L	I	F	Y	W	H	M	C	P
0	0.00889	0.00639	0.00724	0.00699	0.00851	0.00665	0.00525	0.01395	0.20363	0.01842	0.22414	0.12376	0.07854	0.01033	0.03850	0.00185	0.00333	0.00775	0.22044	0.00544
1	0.00892	0.00791	0.05670	0.03622	0.02926	0.02811	0.02511	0.01180	0.05911	0.06098	0.26844	0.15714	0.14601	0.03703	0.00648	0.00183	0.00378	0.04523	0.00463	0.00530
2	0.03185	0.08313	0.10173	0.04183	0.10779	0.05639	0.18556	0.06445	0.06254	0.09354	0.01122	0.01295	0.00851	0.00538	0.00594	0.00159	0.07532	0.00464	0.03859	0.00704
3	0.01081	0.05540	0.12483	0.07686	0.09096	0.00983	0.02945	0.09121	0.06474	0.04320	0.08775	0.04194	0.09861	0.08739	0.03870	0.00219	0.00544	0.03082	0.00368	0.00619
4	0.05190	0.00479	0.00586	0.00673	0.00724	0.00459	0.00451	0.00751	0.00951	0.01316	0.02717	0.63953	0.08380	0.09871	0.00824	0.00230	0.00316	0.01276	0.00444	0.00408
5	0.03285	0.01298	0.05285	0.10570	0.21858	0.04719	0.23442	0.07687	0.05741	0.05869	0.01124	0.03000	0.00880	0.00523	0.00553	0.00162	0.02467	0.00511	0.00309	0.00717
6	0.01460	0.01329	0.05798	0.01604	0.18058	0.08916	0.07238	0.15155	0.13657	0.09468	0.03999	0.03727	0.01217	0.00633	0.00553	0.00161	0.02824	0.03063	0.00396	0.00744

[dist]
# distance from previous block
# <min> <max>
0	16

[block]
# block no. 7 follows, 49 sequences, length 10
# corresponding to MSA columns:
# 335-344
name=unknown_H
#
# <colnr> <probs for GDERKNQSTAVLIFYWHMCP>
#	G	D	E	R	K	N	Q	S	T	A	V	L	I	F	Y	W	H	M	C	P
0	0.04481	0.09116	0.05612	0.01186	0.06631	0.07556	0.04330	0.13179	0.03406	0.30278	0.01389	0.01452	0.01003	0.04378	0.02143	0.00179	0.02041	0.00459	0.00433	0.00749
1	0.00686	0.00532	0.00640	0.00729	0.00786	0.03331	0.00510	0.00801	0.01050	0.01379	0.10154	0.63393	0.05882	0.01469	0.00636	0.00199	0.00322	0.06604	0.00470	0.00428
2	0.01138	0.00908	0.01063	0.00778	0.01205	0.00718	0.00622	0.05738	0.01141	0.05295	0.01046	0.04432	0.00886	0.00450	0.00400	0.00089	0.00384	0.00365	0.00334	0.73010
3	0.09691	0.03121	0.03322	0.03681	0.09467	0.27482	0.07938	0.11228	0.01367	0.04202	0.05532	0.03873	0.01055	0.00667	0.02464	0.00167	0.03309	0.00463	0.00327	0.00644
4	0.00996	0.00502	0.00566	0.00566	0.00690	0.00484	0.00418	0.01194	0.01077	0.09265	0.01945	0.20296	0.01764	0.00822	0.00436	0.00142	0.00268	0.00697	0.57378	0.00495
5	0.01246	0.08689	0.22197	0.03629	0.18657	0.08100	0.04932	0.03507	0.05824	0.05575	0.01200	0.09018	0.01039	0.00616	0.00538	0.00158	0.03557	0.00517	0.00300	0.00701
6	0.00642	0.00508	0.00574	0.00584	0.00719	0.00446	0.00434	0.00792	0.01183	0.01505	0.21609	0.13032	0.47235	0.03950	0.00673	0.00186	0.00274	0.04735	0.00484	0.00435
7	0.01243	0.18984	0.22744	0.02557	0.07647	0.10825	0.05568	0.05065	0.02956	0.02869	0.02464	0.08126	0.02334	0.00624	0.00507	0.00152	0.02708	0.01674	0.00289	0.00665
8	0.04760	0.00671	0.00861	0.08571	0.03077	0.00696	0.00637	0.05510	0.02984	0.06444	0.04970	0.21243	0.04996	0.18759	0.08483	0.00304	0.00516	0.03288	0.00391	0.02837
9	0.06179	0.25318	0.06059	0.03842	0.11354	0.04474	0.02207	0.08823	0.04499	0.01636	0.01201	0.07103	0.02957	0.00616	0.00484	0.00143	0.03155	0.02680	0.00308	0.06961

[dist]
# distance from previous block
# <min> <max>
0	182

# created by:
# /home/cegg/simao/soft/augustus-3.2.1/scripts/msa2prfl.pl ./align_prep/EOG091G0WCB.fa
