[name]
unknown

[dist]
# distance from previous block
# <min> <max>
7	61

[block]
# block no. 0 follows, 36 sequences, length 9
# corresponding to MSA columns:
# 74-82
name=unknown_A
#
# <colnr> <probs for GDERKNQSTAVLIFYWHMCP>
#	G	D	E	R	K	N	Q	S	T	A	V	L	I	F	Y	W	H	M	C	P
0	0.51834	0.03434	0.15066	0.01073	0.01547	0.01408	0.01048	0.05336	0.03358	0.02564	0.01147	0.01488	0.00933	0.00794	0.03042	0.00225	0.00625	0.03945	0.00386	0.00744
1	0.11276	0.01597	0.07894	0.01794	0.02334	0.03457	0.30708	0.06077	0.06530	0.11610	0.01547	0.01901	0.01181	0.00664	0.00642	0.00200	0.00793	0.04143	0.00434	0.05214
2	0.01649	0.05409	0.01882	0.01468	0.01821	0.13239	0.13005	0.13153	0.05777	0.06426	0.01516	0.01852	0.01233	0.02025	0.26153	0.00463	0.01131	0.00602	0.00415	0.00780
3	0.01994	0.09495	0.22344	0.01447	0.02057	0.01710	0.01444	0.34017	0.05899	0.11309	0.01496	0.01514	0.01060	0.00691	0.00594	0.00187	0.00721	0.00526	0.00506	0.00992
4	0.01654	0.14223	0.01663	0.01006	0.01529	0.01175	0.00845	0.02018	0.06543	0.15489	0.01421	0.01471	0.01088	0.00559	0.00494	0.00126	0.00511	0.00435	0.00446	0.47305
5	0.01424	0.01420	0.02543	0.10388	0.27763	0.01353	0.23914	0.01827	0.01388	0.01975	0.01179	0.01542	0.00943	0.00531	0.00620	0.00174	0.00785	0.00570	0.00321	0.19339
6	0.12281	0.01327	0.01472	0.06843	0.01788	0.01346	0.00963	0.28257	0.01911	0.02848	0.06458	0.01602	0.01292	0.00656	0.00545	0.00157	0.00565	0.00506	0.00483	0.28700
7	0.01762	0.01386	0.01544	0.01146	0.01675	0.01311	0.00933	0.32364	0.02007	0.02858	0.01277	0.01381	0.00983	0.00586	0.00532	0.00134	0.00559	0.00453	0.00480	0.46630
8	0.07638	0.01192	0.01441	0.01067	0.01593	0.01022	0.04643	0.05705	0.05591	0.06598	0.01284	0.01413	0.01007	0.00531	0.00499	0.00125	0.00513	0.00432	0.00421	0.57286

[dist]
# distance from previous block
# <min> <max>
1	9

[block]
# block no. 1 follows, 36 sequences, length 6
# corresponding to MSA columns:
# 93-98
name=unknown_B
#
# <colnr> <probs for GDERKNQSTAVLIFYWHMCP>
#	G	D	E	R	K	N	Q	S	T	A	V	L	I	F	Y	W	H	M	C	P
0	0.82504	0.01205	0.00916	0.00819	0.01205	0.01398	0.00675	0.01832	0.01060	0.02795	0.00868	0.01012	0.00675	0.00578	0.00386	0.00193	0.00482	0.00337	0.00386	0.00675
1	0.11148	0.01440	0.02007	0.02566	0.40175	0.04837	0.01451	0.07361	0.01591	0.19268	0.01453	0.01595	0.01078	0.00627	0.00591	0.00187	0.00675	0.00540	0.00449	0.00962
2	0.01238	0.01107	0.01562	0.36394	0.02796	0.01090	0.01203	0.01580	0.01270	0.01825	0.01107	0.01465	0.00880	0.00537	0.00537	0.00146	0.00634	0.00456	0.00326	0.43846
3	0.09691	0.01423	0.01552	0.01193	0.01686	0.01451	0.00976	0.34938	0.06091	0.11533	0.01504	0.01516	0.01090	0.00664	0.00559	0.00165	0.00578	0.00505	0.00552	0.22334
4	0.15347	0.01124	0.01227	0.00905	0.01430	0.00929	0.00727	0.01614	0.01252	0.02163	0.01066	0.01244	0.00880	0.00482	0.00448	0.00110	0.00465	0.00364	0.00372	0.67853
5	0.01135	0.00892	0.01077	0.00887	0.01213	0.00767	0.00686	0.05864	0.01612	0.02343	0.35392	0.07780	0.03459	0.00956	0.00621	0.00157	0.00391	0.00826	0.00547	0.33394

[dist]
# distance from previous block
# <min> <max>
0	1

[block]
# block no. 2 follows, 36 sequences, length 9
# corresponding to MSA columns:
# 100-108
name=unknown_C
#
# <colnr> <probs for GDERKNQSTAVLIFYWHMCP>
#	G	D	E	R	K	N	Q	S	T	A	V	L	I	F	Y	W	H	M	C	P
0	0.01316	0.01073	0.01239	0.00983	0.01394	0.00971	0.00775	0.07800	0.12447	0.02404	0.20511	0.02351	0.02387	0.00758	0.00573	0.00146	0.00441	0.00636	0.00515	0.41281
1	0.14042	0.01367	0.01917	0.04145	0.02035	0.01325	0.16706	0.15484	0.01672	0.11624	0.01350	0.01493	0.00991	0.00593	0.00569	0.00169	0.00661	0.00522	0.00456	0.22880
2	0.01540	0.01629	0.02017	0.19414	0.04497	0.16668	0.14498	0.01995	0.07225	0.01862	0.01224	0.01508	0.00961	0.00583	0.00590	0.00168	0.00807	0.00520	0.00347	0.21947
3	0.01494	0.01430	0.02658	0.01904	0.02496	0.01260	0.41236	0.01910	0.01426	0.06866	0.01285	0.01568	0.00977	0.00518	0.00628	0.00166	0.00801	0.00595	0.00365	0.30417
4	0.15768	0.24211	0.01774	0.00955	0.01405	0.01397	0.00830	0.01863	0.01382	0.12712	0.11484	0.01753	0.01634	0.00664	0.00493	0.00152	0.00513	0.00498	0.00445	0.20066
5	0.15923	0.01305	0.01384	0.01116	0.01532	0.01375	0.00902	0.26988	0.10476	0.06713	0.12482	0.01991	0.01828	0.00769	0.00576	0.00179	0.00527	0.00600	0.00563	0.12771
6	0.15817	0.01136	0.01244	0.01066	0.01451	0.01157	0.00869	0.08449	0.16584	0.14530	0.02278	0.02737	0.06381	0.00891	0.00601	0.00195	0.00509	0.10407	0.00560	0.13137
7	0.25926	0.01198	0.01251	0.00999	0.01458	0.01180	0.00807	0.05852	0.12274	0.13469	0.01478	0.01501	0.01098	0.00617	0.00498	0.00161	0.00495	0.00460	0.00489	0.28789
8	0.24246	0.01123	0.01181	0.01011	0.01383	0.01183	0.00806	0.02381	0.22884	0.16221	0.12763	0.02190	0.02016	0.00791	0.00565	0.00191	0.00464	0.00624	0.00577	0.07400

[dist]
# distance from previous block
# <min> <max>
10	19

[block]
# block no. 3 follows, 36 sequences, length 13
# corresponding to MSA columns:
# 131-143
name=unknown_D
#
# <colnr> <probs for GDERKNQSTAVLIFYWHMCP>
#	G	D	E	R	K	N	Q	S	T	A	V	L	I	F	Y	W	H	M	C	P
0	0.08878	0.01284	0.01727	0.01475	0.01659	0.03720	0.06996	0.03513	0.01218	0.03807	0.01494	0.02439	0.03081	0.01049	0.01342	0.00243	0.38217	0.12292	0.00375	0.05190
1	0.02062	0.01751	0.01649	0.01358	0.01745	0.14184	0.01088	0.38897	0.13803	0.03035	0.01598	0.01645	0.01196	0.00759	0.00660	0.00186	0.04126	0.00558	0.08777	0.00925
2	0.68771	0.01546	0.13416	0.00981	0.01457	0.01406	0.00950	0.01855	0.01103	0.02656	0.00910	0.01063	0.00694	0.00581	0.00420	0.00194	0.00556	0.00358	0.00365	0.00716
3	0.01292	0.01107	0.01292	0.00923	0.01477	0.00831	0.00738	0.01569	0.01292	0.02030	0.01107	0.01292	0.00923	0.00461	0.00461	0.00092	0.00461	0.00369	0.00369	0.81912
4	0.00906	0.00604	0.00680	0.00680	0.00680	0.00604	0.00378	0.00906	0.00906	0.01208	0.01963	0.04077	0.02265	0.78103	0.03171	0.00604	0.00604	0.00906	0.00378	0.00378
5	0.00890	0.00668	0.01001	0.01001	0.01113	0.00779	0.00779	0.01113	0.01001	0.01446	0.01669	0.02448	0.01558	0.04673	0.75634	0.01001	0.01669	0.00668	0.00334	0.00556
6	0.00890	0.00640	0.00816	0.00913	0.00987	0.00622	0.00628	0.06647	0.01334	0.01780	0.03277	0.71517	0.03873	0.01854	0.00781	0.00248	0.00388	0.01673	0.00582	0.00551
7	0.00939	0.00676	0.00937	0.01059	0.01155	0.00685	0.00856	0.01137	0.01309	0.01726	0.03156	0.30280	0.03554	0.01793	0.00950	0.03664	0.03462	0.41568	0.00551	0.00543
8	0.01427	0.01363	0.02321	0.26794	0.52149	0.01450	0.01855	0.01811	0.01364	0.01896	0.01152	0.01580	0.00938	0.00577	0.00619	0.00192	0.00769	0.00555	0.00298	0.00894
9	0.01300	0.12335	0.66205	0.01690	0.02564	0.01570	0.02152	0.01960	0.01309	0.01912	0.01088	0.01277	0.00791	0.00585	0.00569	0.00190	0.00890	0.00445	0.00264	0.00906
10	0.01229	0.01133	0.01148	0.00986	0.01328	0.09769	0.00738	0.01432	0.01314	0.01813	0.01914	0.28346	0.02042	0.01011	0.00592	0.00158	0.00506	0.00870	0.00437	0.43235
11	0.01225	0.01050	0.01212	0.00888	0.01400	0.00794	0.00706	0.01487	0.01308	0.01988	0.01738	0.01862	0.09767	0.00597	0.00495	0.00107	0.00444	0.00484	0.00394	0.72058
12	0.42761	0.03351	0.01317	0.01360	0.12975	0.01280	0.00916	0.01971	0.04553	0.11385	0.11060	0.01784	0.01594	0.00703	0.00511	0.00191	0.00510	0.00531	0.00469	0.00778

[dist]
# distance from previous block
# <min> <max>
0	8

[block]
# block no. 4 follows, 36 sequences, length 47
# corresponding to MSA columns:
# 152-175,177-191,194-201
name=unknown_E
#
# <colnr> <probs for GDERKNQSTAVLIFYWHMCP>
#	G	D	E	R	K	N	Q	S	T	A	V	L	I	F	Y	W	H	M	C	P
0	0.13148	0.01564	0.01525	0.01303	0.03991	0.10125	0.01009	0.26087	0.11424	0.10753	0.01579	0.01595	0.01157	0.00698	0.00562	0.00179	0.00629	0.00524	0.04951	0.07197
1	0.01310	0.18136	0.52985	0.01577	0.02352	0.01589	0.03615	0.01890	0.01344	0.01912	0.06712	0.01520	0.01190	0.00631	0.00568	0.00185	0.00824	0.00493	0.00298	0.00869
2	0.00759	0.00542	0.00723	0.00868	0.00904	0.00506	0.00578	0.00868	0.01193	0.01591	0.03434	0.77697	0.04121	0.01952	0.00795	0.00253	0.00361	0.01771	0.00578	0.00506
3	0.01550	0.01338	0.01409	0.01268	0.01620	0.01550	0.00986	0.03311	0.73091	0.02606	0.02536	0.02325	0.01902	0.00845	0.00634	0.00211	0.00493	0.00704	0.00634	0.00986
4	0.82504	0.01205	0.00916	0.00819	0.01205	0.01398	0.00675	0.01832	0.01060	0.02795	0.00868	0.01012	0.00675	0.00578	0.00386	0.00193	0.00482	0.00337	0.00386	0.00675
5	0.02475	0.15715	0.01876	0.01202	0.01676	0.10057	0.01013	0.11892	0.01837	0.43203	0.01861	0.01714	0.01255	0.00709	0.00577	0.00177	0.00645	0.00537	0.00606	0.00972
6	0.01519	0.01329	0.01623	0.05217	0.15172	0.01491	0.01186	0.04578	0.50958	0.02465	0.04198	0.02311	0.01815	0.00813	0.00639	0.00207	0.00556	0.02413	0.00557	0.00953
7	0.02205	0.16957	0.02043	0.01505	0.01866	0.62054	0.01178	0.02373	0.01673	0.01514	0.00945	0.01101	0.00802	0.00622	0.00532	0.00155	0.01039	0.00389	0.00311	0.00737
8	0.00778	0.00556	0.00745	0.00889	0.00934	0.00522	0.00611	0.00900	0.01212	0.01612	0.03424	0.72218	0.04079	0.01934	0.00800	0.00256	0.00378	0.07063	0.00578	0.00511
9	0.00937	0.00696	0.00911	0.01019	0.01179	0.00670	0.00872	0.01192	0.01431	0.01819	0.04049	0.06771	0.21108	0.01686	0.00830	0.00268	0.00509	0.52916	0.00575	0.00562
10	0.01913	0.01246	0.03753	0.01195	0.01585	0.01247	0.00972	0.06843	0.35418	0.26254	0.04816	0.08097	0.02002	0.00907	0.00645	0.00206	0.00513	0.00759	0.00664	0.00962
11	0.01216	0.01484	0.15109	0.01432	0.01654	0.01438	0.01323	0.03769	0.01099	0.01642	0.01191	0.01769	0.01089	0.04185	0.24604	0.00491	0.34931	0.00578	0.00304	0.00691
12	0.00890	0.00668	0.01001	0.01001	0.01113	0.00779	0.00779	0.01113	0.01001	0.01446	0.01669	0.02448	0.01558	0.04673	0.75634	0.01001	0.01669	0.00668	0.00334	0.00556
13	0.46864	0.01928	0.01296	0.03596	0.01602	0.31946	0.00927	0.02094	0.01357	0.02233	0.00915	0.01079	0.00732	0.00606	0.00466	0.00180	0.00757	0.00371	0.00355	0.00695
14	0.00759	0.00542	0.00723	0.00868	0.00904	0.00506	0.00578	0.00868	0.01193	0.01591	0.03434	0.77697	0.04121	0.01952	0.00795	0.00253	0.00361	0.01771	0.00578	0.00506
15	0.01271	0.02878	0.61358	0.01750	0.02500	0.01532	0.02128	0.01885	0.01249	0.01885	0.01063	0.01324	0.00795	0.00684	0.00861	0.00211	0.15007	0.00476	0.00265	0.00876
16	0.01368	0.01379	0.01995	0.01684	0.01715	0.01892	0.04834	0.01524	0.00980	0.01524	0.00840	0.01379	0.00824	0.01063	0.01980	0.00270	0.73231	0.00555	0.00275	0.00689
17	0.02206	0.01463	0.01629	0.01308	0.01757	0.01583	0.01061	0.34896	0.24812	0.19398	0.02040	0.01898	0.01434	0.00784	0.00627	0.00196	0.00590	0.00621	0.00660	0.01037
18	0.00867	0.00639	0.00925	0.00952	0.01040	0.00715	0.00711	0.01051	0.01029	0.01455	0.02019	0.16513	0.02087	0.09862	0.56153	0.00832	0.01344	0.00891	0.00382	0.00533
19	0.02197	0.02250	0.01735	0.01484	0.01872	0.36760	0.01157	0.26395	0.15375	0.02544	0.01436	0.01473	0.01094	0.00716	0.00596	0.00179	0.00857	0.00512	0.00482	0.00886
20	0.01531	0.01469	0.02508	0.06083	0.72046	0.01477	0.01907	0.01902	0.01413	0.02022	0.01170	0.01546	0.00982	0.00557	0.00617	0.00186	0.00743	0.00555	0.00307	0.00978
21	0.00906	0.00604	0.00680	0.00680	0.00680	0.00604	0.00378	0.00906	0.00906	0.01208	0.01963	0.04077	0.02265	0.78103	0.03171	0.00604	0.00604	0.00906	0.00378	0.00378
22	0.01747	0.01346	0.01528	0.01583	0.14898	0.05157	0.01055	0.30149	0.02016	0.02828	0.01933	0.02067	0.06836	0.00765	0.00575	0.00175	0.00579	0.00616	0.23295	0.00853
23	0.67495	0.09249	0.07318	0.00924	0.01369	0.01511	0.00850	0.01847	0.01103	0.02591	0.00888	0.01036	0.00697	0.00575	0.00404	0.00187	0.00537	0.00347	0.00363	0.00708
24	0.01490	0.01427	0.02435	0.14191	0.64257	0.01467	0.01886	0.01867	0.01394	0.01972	0.01163	0.01559	0.00965	0.00565	0.00618	0.00188	0.00753	0.00555	0.00304	0.00945
25	0.01542	0.01480	0.02529	0.03824	0.74217	0.01480	0.01912	0.01912	0.01419	0.02036	0.01172	0.01542	0.00987	0.00555	0.00617	0.00185	0.00740	0.00555	0.00308	0.00987
26	0.00865	0.00618	0.00800	0.00800	0.00910	0.00578	0.00576	0.01091	0.01550	0.02163	0.50245	0.18677	0.05073	0.09818	0.01017	0.00254	0.00350	0.03437	0.00628	0.00549
27	0.01524	0.01462	0.02496	0.07442	0.70741	0.01476	0.01903	0.01896	0.01410	0.02013	0.01169	0.01548	0.00979	0.00559	0.00617	0.00186	0.00745	0.00555	0.00307	0.00972
28	0.01330	0.17700	0.61099	0.01639	0.02486	0.01643	0.02064	0.01952	0.01306	0.01876	0.01070	0.01255	0.00791	0.00581	0.00555	0.00185	0.00872	0.00436	0.00264	0.00897
29	0.01710	0.01601	0.02745	0.02655	0.26012	0.01608	0.28491	0.20378	0.01829	0.02505	0.01354	0.03704	0.01077	0.00633	0.00669	0.00197	0.00834	0.00659	0.00401	0.00937
30	0.00759	0.00542	0.00723	0.00868	0.00904	0.00506	0.00578	0.00868	0.01193	0.01591	0.03434	0.77697	0.04121	0.01952	0.00795	0.00253	0.00361	0.01771	0.00578	0.00506
31	0.02427	0.01652	0.01812	0.01389	0.01885	0.01793	0.01148	0.62696	0.02773	0.13591	0.01627	0.01581	0.01126	0.00751	0.00624	0.00188	0.00664	0.00570	0.00643	0.01060
32	0.02419	0.01952	0.01784	0.01430	0.01882	0.20130	0.01151	0.44955	0.02476	0.13402	0.01500	0.01492	0.01064	0.00725	0.00608	0.00181	0.00773	0.00531	0.00569	0.00976
33	0.00906	0.00604	0.00680	0.00680	0.00680	0.00604	0.00378	0.00906	0.00906	0.01208	0.01963	0.04077	0.02265	0.78103	0.03171	0.00604	0.00604	0.00906	0.00378	0.00378
34	0.00759	0.00542	0.00723	0.00868	0.00904	0.00506	0.00578	0.00868	0.01193	0.01591	0.03434	0.77697	0.04121	0.01952	0.00795	0.00253	0.00361	0.01771	0.00578	0.00506
35	0.01307	0.01155	0.01491	0.01065	0.01625	0.00893	0.06672	0.01604	0.01307	0.02027	0.01120	0.01324	0.00925	0.00467	0.00484	0.00102	0.00511	0.00400	0.00365	0.75157
36	0.04106	0.12662	0.10438	0.01479	0.01909	0.42432	0.01271	0.07737	0.06297	0.01856	0.01132	0.01276	0.00913	0.00772	0.02978	0.00195	0.00966	0.00438	0.00353	0.00792
37	0.00757	0.00550	0.00715	0.00848	0.00899	0.00508	0.00570	0.00870	0.01212	0.01598	0.03674	0.71722	0.09940	0.01921	0.00790	0.00249	0.00358	0.01733	0.00578	0.00508
38	0.01292	0.01107	0.01292	0.00923	0.01477	0.00831	0.00738	0.01569	0.01292	0.02030	0.01107	0.01292	0.00923	0.00461	0.00461	0.00092	0.00461	0.00369	0.00369	0.81912
39	0.82504	0.01205	0.00916	0.00819	0.01205	0.01398	0.00675	0.01832	0.01060	0.02795	0.00868	0.01012	0.00675	0.00578	0.00386	0.00193	0.00482	0.00337	0.00386	0.00675
40	0.01142	0.01010	0.00987	0.01005	0.01204	0.11313	0.00812	0.01371	0.01529	0.03812	0.12914	0.05430	0.25271	0.01440	0.00757	0.00231	0.00535	0.28083	0.00559	0.00595
41	0.00888	0.00830	0.00769	0.00754	0.00962	0.06809	0.00568	0.01057	0.01415	0.01668	0.07191	0.05193	0.58676	0.01807	0.08355	0.00286	0.00520	0.01168	0.00535	0.00547
42	0.01717	0.72624	0.03149	0.01108	0.01624	0.08135	0.01077	0.01914	0.01305	0.01470	0.00874	0.01009	0.00800	0.00541	0.00412	0.00135	0.00702	0.00338	0.00271	0.00794
43	0.12952	0.00980	0.01069	0.03725	0.01347	0.01054	0.00778	0.03507	0.22672	0.08997	0.04286	0.18660	0.07764	0.01084	0.00624	0.00209	0.00446	0.00912	0.08182	0.00753
44	0.01328	0.01082	0.01258	0.00941	0.01442	0.00861	0.00757	0.05301	0.01410	0.03967	0.01703	0.01995	0.07162	0.00639	0.00517	0.00119	0.00468	0.03849	0.00420	0.64782
45	0.61262	0.01287	0.01043	0.00925	0.01292	0.04981	0.00747	0.05686	0.07251	0.02755	0.06706	0.01435	0.01207	0.00667	0.00455	0.00193	0.00510	0.00444	0.00439	0.00717
46	0.01820	0.09216	0.02051	0.01529	0.01855	0.16173	0.07808	0.16745	0.07137	0.04037	0.05957	0.01644	0.01305	0.00809	0.00947	0.00202	0.18947	0.00570	0.00426	0.00822

[dist]
# distance from previous block
# <min> <max>
0	3

[block]
# block no. 5 follows, 36 sequences, length 49
# corresponding to MSA columns:
# 205-221,223-239,242,243,245-257
name=unknown_F
#
# <colnr> <probs for GDERKNQSTAVLIFYWHMCP>
#	G	D	E	R	K	N	Q	S	T	A	V	L	I	F	Y	W	H	M	C	P
0	0.01333	0.01478	0.06452	0.01841	0.02208	0.03455	0.29564	0.01852	0.09769	0.01909	0.04422	0.13982	0.01718	0.00939	0.00979	0.00227	0.15857	0.00851	0.00398	0.00764
1	0.07842	0.65235	0.10032	0.01116	0.01675	0.02284	0.01156	0.01873	0.01255	0.01617	0.00891	0.01031	0.00789	0.00542	0.00417	0.00144	0.00677	0.00346	0.00275	0.00802
2	0.11530	0.08516	0.01811	0.01556	0.04537	0.58598	0.01159	0.02342	0.01633	0.01687	0.00952	0.01117	0.00794	0.00623	0.00531	0.00163	0.01000	0.00394	0.00324	0.00733
3	0.02368	0.01745	0.01870	0.01434	0.01932	0.01932	0.01184	0.72139	0.02929	0.03927	0.01496	0.01496	0.01060	0.00748	0.00623	0.00187	0.00686	0.00561	0.00623	0.01060
4	0.02243	0.01683	0.01799	0.01408	0.01884	0.01873	0.01154	0.61568	0.13705	0.03724	0.01656	0.01623	0.01189	0.00763	0.00625	0.00191	0.00656	0.00583	0.00625	0.01048
5	0.00759	0.00542	0.00723	0.00868	0.00904	0.00506	0.00578	0.00868	0.01193	0.01591	0.03434	0.77697	0.04121	0.01952	0.00795	0.00253	0.00361	0.01771	0.00578	0.00506
6	0.01277	0.01114	0.01861	0.70507	0.05895	0.01360	0.01689	0.01682	0.01281	0.05736	0.01185	0.01684	0.00875	0.00630	0.00623	0.00206	0.00811	0.00558	0.00306	0.00720
7	0.02305	0.01725	0.01921	0.01617	0.07491	0.01897	0.01240	0.66739	0.02813	0.03781	0.01471	0.01499	0.01054	0.00733	0.00623	0.00187	0.00690	0.00561	0.00599	0.01054
8	0.00829	0.00604	0.00780	0.00800	0.00915	0.00555	0.00576	0.01049	0.01543	0.02126	0.44683	0.29538	0.10627	0.01528	0.00755	0.00216	0.00319	0.01360	0.00641	0.00555
9	0.00738	0.00626	0.00636	0.00645	0.00845	0.00525	0.00479	0.00893	0.01407	0.01678	0.06149	0.10052	0.70013	0.01599	0.00740	0.00213	0.00318	0.01341	0.00579	0.00525
10	0.01395	0.10427	0.58161	0.01733	0.02569	0.01528	0.07457	0.02024	0.01349	0.06036	0.01180	0.01358	0.00845	0.00591	0.00586	0.00192	0.00883	0.00478	0.00296	0.00911
11	0.01537	0.01496	0.02617	0.03732	0.68760	0.01488	0.07298	0.01919	0.01423	0.02032	0.01179	0.01553	0.00984	0.00553	0.00626	0.00187	0.00764	0.00569	0.00309	0.00976
12	0.01285	0.01107	0.01325	0.05204	0.01636	0.00862	0.00794	0.01570	0.01289	0.02005	0.01107	0.01313	0.00918	0.00471	0.00471	0.00099	0.00482	0.00380	0.00364	0.77317
13	0.01292	0.01107	0.01292	0.00923	0.01477	0.00831	0.00738	0.01569	0.01292	0.02030	0.01107	0.01292	0.00923	0.00461	0.00461	0.00092	0.00461	0.00369	0.00369	0.81912
14	0.00800	0.00660	0.00734	0.00711	0.00896	0.00595	0.00538	0.00994	0.01496	0.01898	0.24508	0.05456	0.52670	0.01477	0.00785	0.00209	0.03193	0.01235	0.00596	0.00549
15	0.50374	0.00959	0.00820	0.00774	0.01053	0.01068	0.00609	0.01595	0.01182	0.02542	0.07327	0.10079	0.01667	0.00817	0.00470	0.00190	0.00415	0.00610	0.16822	0.00630
16	0.77664	0.01238	0.00973	0.00856	0.01249	0.01430	0.00706	0.06078	0.01173	0.02864	0.00906	0.01041	0.00698	0.00589	0.00400	0.00192	0.00494	0.00351	0.00400	0.00698
17	0.08293	0.01654	0.02252	0.03114	0.53584	0.10095	0.01666	0.08115	0.01562	0.02204	0.01151	0.01446	0.00947	0.00584	0.00592	0.00183	0.00759	0.00520	0.00344	0.00937
18	0.01606	0.09727	0.47508	0.01613	0.02378	0.01679	0.01870	0.21933	0.01770	0.02482	0.01202	0.01338	0.00867	0.00631	0.00583	0.00188	0.00830	0.00477	0.00366	0.00949
19	0.00801	0.00560	0.00711	0.00814	0.00840	0.00534	0.00521	0.00879	0.01111	0.01482	0.03015	0.56744	0.03593	0.23625	0.01471	0.00353	0.00431	0.01525	0.00521	0.00469
20	0.01367	0.01176	0.01183	0.06058	0.01497	0.11231	0.00870	0.09768	0.09296	0.05003	0.06088	0.31669	0.08136	0.01312	0.00702	0.00218	0.00554	0.02632	0.00547	0.00693
21	0.01286	0.01064	0.01317	0.00978	0.01470	0.00827	0.03396	0.01547	0.01290	0.04104	0.01367	0.07320	0.01243	0.03761	0.00613	0.00133	0.00484	0.00520	0.00395	0.66883
22	0.00756	0.00554	0.00710	0.00835	0.00895	0.00509	0.00564	0.00871	0.01224	0.01603	0.03831	0.67803	0.13759	0.01900	0.00787	0.00247	0.00355	0.01708	0.00578	0.00509
23	0.01692	0.01460	0.01485	0.01304	0.01675	0.04628	0.01022	0.12543	0.60730	0.02740	0.02332	0.02164	0.01744	0.00824	0.00630	0.00206	0.00545	0.00673	0.00620	0.00985
24	0.35687	0.01476	0.01438	0.01149	0.01602	0.01638	0.00947	0.38178	0.02056	0.05446	0.01248	0.01305	0.00908	0.00667	0.00518	0.00186	0.00588	0.00463	0.00519	0.03979
25	0.01619	0.01057	0.01220	0.01045	0.01350	0.02874	0.00825	0.12076	0.13961	0.16897	0.32281	0.03306	0.05466	0.01029	0.00679	0.00198	0.00457	0.02175	0.00671	0.00817
26	0.01309	0.01386	0.02883	0.02173	0.02652	0.01307	0.51711	0.01746	0.01432	0.01927	0.01856	0.11384	0.01759	0.00892	0.00763	0.00228	0.00890	0.12553	0.00389	0.00757
27	0.00759	0.00542	0.00723	0.00868	0.00904	0.00506	0.00578	0.00868	0.01193	0.01591	0.03434	0.77697	0.04121	0.01952	0.00795	0.00253	0.00361	0.01771	0.00578	0.00506
28	0.02372	0.05600	0.03078	0.01180	0.01644	0.01247	0.00990	0.11964	0.14279	0.45157	0.04337	0.02070	0.01612	0.00779	0.00617	0.00192	0.00553	0.00626	0.00687	0.01016
29	0.82504	0.01205	0.00916	0.00819	0.01205	0.01398	0.00675	0.01832	0.01060	0.02795	0.00868	0.01012	0.00675	0.00578	0.00386	0.00193	0.00482	0.00337	0.00386	0.00675
30	0.00906	0.00604	0.00680	0.00680	0.00680	0.00604	0.00378	0.00906	0.00906	0.01208	0.01963	0.04077	0.02265	0.78103	0.03171	0.00604	0.00604	0.00906	0.00378	0.00378
31	0.01177	0.01107	0.01869	0.76606	0.04291	0.01384	0.01730	0.01592	0.01246	0.01592	0.01107	0.01661	0.00831	0.00623	0.00623	0.00208	0.00831	0.00554	0.00277	0.00692
32	0.00759	0.00542	0.00723	0.00868	0.00904	0.00506	0.00578	0.00868	0.01193	0.01591	0.03434	0.77697	0.04121	0.01952	0.00795	0.00253	0.00361	0.01771	0.00578	0.00506
33	0.01363	0.01363	0.01908	0.01636	0.01636	0.01908	0.01363	0.01499	0.00954	0.01499	0.00818	0.01363	0.00818	0.01091	0.02045	0.00273	0.76963	0.00545	0.00273	0.00682
34	0.01437	0.01157	0.01327	0.01012	0.01516	0.00999	0.00805	0.02049	0.17597	0.06367	0.01509	0.01574	0.01181	0.00566	0.00510	0.00125	0.00473	0.00460	0.00452	0.58884
35	0.82504	0.01205	0.00916	0.00819	0.01205	0.01398	0.00675	0.01832	0.01060	0.02795	0.00868	0.01012	0.00675	0.00578	0.00386	0.00193	0.00482	0.00337	0.00386	0.00675
36	0.01319	0.01088	0.01279	0.00926	0.01462	0.00823	0.00738	0.01589	0.01303	0.04121	0.01220	0.03712	0.01041	0.00517	0.00477	0.00100	0.00460	0.00421	0.00387	0.77017
37	0.00759	0.00542	0.00723	0.00868	0.00904	0.00506	0.00578	0.00868	0.01193	0.01591	0.03434	0.77697	0.04121	0.01952	0.00795	0.00253	0.00361	0.01771	0.00578	0.00506
38	0.01292	0.01107	0.01292	0.00923	0.01477	0.00831	0.00738	0.01569	0.01292	0.02030	0.01107	0.01292	0.00923	0.00461	0.00461	0.00092	0.00461	0.00369	0.00369	0.81912
39	0.01292	0.10839	0.67628	0.01704	0.02586	0.01550	0.02177	0.01962	0.01310	0.01922	0.01093	0.01283	0.00790	0.00586	0.00573	0.00191	0.00895	0.00448	0.00263	0.00909
40	0.01471	0.01681	0.03676	0.02626	0.03256	0.01576	0.71954	0.01996	0.01471	0.01996	0.01261	0.01681	0.00945	0.00525	0.00735	0.00210	0.01050	0.00735	0.00315	0.00840
41	0.00936	0.00651	0.00921	0.00921	0.01035	0.00741	0.00710	0.01164	0.01050	0.01588	0.01738	0.02471	0.01584	0.06024	0.60947	0.00846	0.01407	0.00659	0.14049	0.00556
42	0.01209	0.01152	0.01980	0.69432	0.08236	0.01398	0.04611	0.01627	0.01265	0.01634	0.01117	0.01655	0.00844	0.00615	0.00627	0.00206	0.00834	0.00561	0.00280	0.00715
43	0.01375	0.01017	0.01232	0.01214	0.01374	0.02819	0.00900	0.01659	0.09597	0.06216	0.02581	0.26064	0.02605	0.02700	0.26817	0.00545	0.05322	0.03117	0.02080	0.00768
44	0.01436	0.00948	0.01161	0.01155	0.01366	0.00883	0.00904	0.03180	0.04407	0.10151	0.16753	0.11756	0.11629	0.03880	0.00943	0.00295	0.00554	0.27134	0.00692	0.00774
45	0.02167	0.02275	0.01985	0.01840	0.06093	0.34836	0.01361	0.11527	0.01776	0.02104	0.01290	0.01674	0.01126	0.01100	0.03963	0.00277	0.22710	0.00568	0.00435	0.00893
46	0.01587	0.01330	0.02104	0.01660	0.02064	0.01235	0.26286	0.04134	0.07687	0.08415	0.05983	0.03628	0.22391	0.07046	0.01003	0.00283	0.00739	0.00983	0.00572	0.00868
47	0.01970	0.01545	0.02483	0.01925	0.02421	0.01487	0.30575	0.02667	0.21335	0.17458	0.04548	0.02506	0.03900	0.00891	0.00786	0.00252	0.00808	0.00806	0.00604	0.01033
48	0.01643	0.01262	0.01457	0.01109	0.01646	0.00976	0.00856	0.01832	0.01482	0.07822	0.01530	0.03863	0.01301	0.00702	0.00596	0.00155	0.00552	0.00515	0.00492	0.70208

[dist]
# distance from previous block
# <min> <max>
2	43

[block]
# block no. 6 follows, 36 sequences, length 15
# corresponding to MSA columns:
# 301-315
name=unknown_G
#
# <colnr> <probs for GDERKNQSTAVLIFYWHMCP>
#	G	D	E	R	K	N	Q	S	T	A	V	L	I	F	Y	W	H	M	C	P
0	0.01542	0.01480	0.02529	0.03824	0.74217	0.01480	0.01912	0.01912	0.01419	0.02036	0.01172	0.01542	0.00987	0.00555	0.00617	0.00185	0.00740	0.00555	0.00308	0.00987
1	0.01779	0.01962	0.02098	0.02026	0.12881	0.26218	0.07176	0.06196	0.01455	0.01776	0.00997	0.01345	0.00863	0.00794	0.01144	0.00212	0.29466	0.00516	0.00319	0.00777
2	0.08927	0.01421	0.02320	0.10246	0.61092	0.01464	0.01782	0.01875	0.01370	0.02064	0.01138	0.01504	0.00944	0.00564	0.00596	0.00188	0.00725	0.00535	0.00313	0.00931
3	0.01338	0.01326	0.01860	0.01602	0.01608	0.01848	0.01332	0.01479	0.00957	0.01497	0.00864	0.01421	0.00858	0.01283	0.05997	0.00312	0.72919	0.00552	0.00276	0.00675
4	0.01499	0.01437	0.02452	0.12307	0.66067	0.01469	0.01891	0.01875	0.01399	0.01984	0.01164	0.01556	0.00969	0.00563	0.00618	0.00188	0.00751	0.00555	0.00305	0.00953
5	0.01473	0.01465	0.02560	0.08791	0.45455	0.01560	0.13040	0.01833	0.01337	0.01906	0.01122	0.01544	0.00940	0.00645	0.00874	0.00205	0.13478	0.00582	0.00301	0.00890
6	0.01528	0.01436	0.01966	0.01639	0.01742	0.01900	0.03897	0.12846	0.01290	0.01907	0.00943	0.01396	0.00861	0.01015	0.01769	0.00257	0.61975	0.00555	0.00330	0.00748
7	0.01433	0.01373	0.02315	0.23418	0.51221	0.01478	0.01832	0.01802	0.01346	0.01885	0.01135	0.01564	0.00935	0.00603	0.00698	0.00196	0.05022	0.00554	0.00298	0.00890
8	0.01460	0.01276	0.01707	0.01577	0.07537	0.01525	0.01190	0.01909	0.12669	0.06188	0.01308	0.01616	0.01101	0.01050	0.04766	0.00255	0.37646	0.00553	0.00382	0.14287
9	0.01594	0.06179	0.02894	0.03071	0.40749	0.01608	0.24687	0.07700	0.01551	0.02144	0.01209	0.01551	0.00968	0.00560	0.00643	0.00190	0.00833	0.00601	0.00334	0.00934
10	0.04880	0.38166	0.05130	0.01109	0.01588	0.01811	0.01029	0.07758	0.09482	0.06247	0.01656	0.01892	0.05114	0.00720	0.00513	0.00164	0.00602	0.04282	0.00413	0.07445
11	0.40212	0.01438	0.10976	0.00988	0.01510	0.01185	0.00917	0.01749	0.01184	0.02389	0.00994	0.01161	0.00786	0.00535	0.00443	0.00155	0.00533	0.00366	0.00363	0.32117
12	0.16265	0.04972	0.12130	0.01028	0.01397	0.01057	0.02548	0.03264	0.05168	0.04827	0.19240	0.09131	0.14533	0.01043	0.00626	0.00200	0.00495	0.00864	0.00510	0.00702
13	0.08938	0.04250	0.05384	0.01101	0.01556	0.05603	0.02531	0.07645	0.09558	0.04934	0.06217	0.03330	0.06953	0.00733	0.00554	0.00159	0.00550	0.00586	0.00461	0.28958
14	0.05533	0.01315	0.05757	0.01114	0.01578	0.05029	0.04406	0.01792	0.09512	0.02109	0.07403	0.07314	0.01650	0.00708	0.00551	0.00147	0.00538	0.00597	0.00430	0.42517

[dist]
# distance from previous block
# <min> <max>
2	73

[block]
# block no. 7 follows, 36 sequences, length 6
# corresponding to MSA columns:
# 436-441
name=unknown_H
#
# <colnr> <probs for GDERKNQSTAVLIFYWHMCP>
#	G	D	E	R	K	N	Q	S	T	A	V	L	I	F	Y	W	H	M	C	P
0	0.01376	0.28144	0.36633	0.16028	0.02636	0.01778	0.01775	0.01863	0.01285	0.01729	0.01031	0.01276	0.00801	0.00578	0.00533	0.00178	0.00818	0.00436	0.00267	0.00836
1	0.01743	0.01489	0.02013	0.07797	0.30732	0.01615	0.01462	0.21435	0.20241	0.02667	0.01606	0.01739	0.01231	0.00687	0.00623	0.00194	0.00668	0.00595	0.00476	0.00985
2	0.01608	0.42309	0.02919	0.02362	0.35711	0.02003	0.01464	0.01888	0.01338	0.01733	0.01010	0.01254	0.00888	0.00543	0.00502	0.00158	0.00701	0.00437	0.00286	0.00888
3	0.01338	0.01273	0.01691	0.01384	0.01580	0.01528	0.01143	0.01524	0.01073	0.01687	0.00920	0.01338	0.00855	0.00869	0.01487	0.00209	0.49992	0.00483	0.00307	0.29320
4	0.01544	0.01453	0.02312	0.03329	0.60158	0.01494	0.01733	0.02183	0.15298	0.02146	0.01436	0.01694	0.01164	0.00611	0.00620	0.00190	0.00692	0.00584	0.00371	0.00987
5	0.01542	0.01480	0.02529	0.03824	0.74217	0.01480	0.01912	0.01912	0.01419	0.02036	0.01172	0.01542	0.00987	0.00555	0.00617	0.00185	0.00740	0.00555	0.00308	0.00987

[dist]
# distance from previous block
# <min> <max>
0	1

[block]
# block no. 8 follows, 36 sequences, length 8
# corresponding to MSA columns:
# 443-450
name=unknown_I
#
# <colnr> <probs for GDERKNQSTAVLIFYWHMCP>
#	G	D	E	R	K	N	Q	S	T	A	V	L	I	F	Y	W	H	M	C	P
0	0.01512	0.01450	0.02475	0.09731	0.68542	0.01473	0.01897	0.01886	0.01405	0.02000	0.01167	0.01552	0.00974	0.00561	0.00617	0.00187	0.00748	0.00555	0.00306	0.00963
1	0.01347	0.01281	0.02176	0.42768	0.36801	0.01429	0.01815	0.01741	0.01326	0.01798	0.01137	0.01606	0.00903	0.00591	0.00620	0.00197	0.00789	0.00554	0.00292	0.00829
2	0.01437	0.01412	0.02166	0.02545	0.31773	0.01731	0.01591	0.01671	0.01147	0.01722	0.00965	0.01437	0.00888	0.00868	0.01452	0.00236	0.45313	0.00549	0.00287	0.00808
3	0.01471	0.28377	0.20090	0.11024	0.23713	0.01800	0.01693	0.01873	0.01321	0.01772	0.01046	0.01315	0.00856	0.00564	0.00537	0.00173	0.00769	0.00456	0.00279	0.00871
4	0.01475	0.43902	0.36166	0.01392	0.02103	0.01997	0.01634	0.01915	0.01289	0.01699	0.00982	0.01145	0.00795	0.00560	0.00488	0.00163	0.00783	0.00392	0.00265	0.00855
5	0.01498	0.26815	0.44441	0.01535	0.02268	0.09839	0.01795	0.01995	0.01349	0.01765	0.01022	0.01195	0.00794	0.00579	0.00528	0.00173	0.00863	0.00414	0.00270	0.00861
6	0.01548	0.25260	0.10630	0.02756	0.44183	0.01779	0.01695	0.01905	0.01361	0.01854	0.01072	0.01351	0.00908	0.00552	0.00548	0.00171	0.00737	0.00477	0.00291	0.00922
7	0.01303	0.06050	0.37118	0.01488	0.05689	0.01244	0.01571	0.01797	0.01308	0.01974	0.01104	0.01301	0.00855	0.00533	0.00529	0.00150	0.00708	0.00421	0.00310	0.34548

[dist]
# distance from previous block
# <min> <max>
5	9

[block]
# block no. 9 follows, 36 sequences, length 22
# corresponding to MSA columns:
# 464,467-487
name=unknown_J
#
# <colnr> <probs for GDERKNQSTAVLIFYWHMCP>
#	G	D	E	R	K	N	Q	S	T	A	V	L	I	F	Y	W	H	M	C	P
0	0.01687	0.01576	0.02601	0.03857	0.72527	0.01554	0.01949	0.02007	0.01509	0.02168	0.01323	0.01748	0.01130	0.00658	0.00681	0.00213	0.00787	0.00603	0.00362	0.01058
1	0.01484	0.01369	0.02234	0.44295	0.33677	0.01500	0.01848	0.01829	0.01413	0.01922	0.01287	0.01814	0.01044	0.00696	0.00684	0.00226	0.00837	0.00602	0.00344	0.00894
2	0.01687	0.01576	0.02601	0.03857	0.72527	0.01554	0.01949	0.02007	0.01509	0.02168	0.01323	0.01748	0.01130	0.00658	0.00681	0.00213	0.00787	0.00603	0.00362	0.01058
3	0.01687	0.01576	0.02601	0.03857	0.72527	0.01554	0.01949	0.02007	0.01509	0.02168	0.01323	0.01748	0.01130	0.00658	0.00681	0.00213	0.00787	0.00603	0.00362	0.01058
4	0.01687	0.01912	0.02892	0.02761	0.24650	0.18359	0.34470	0.02082	0.01522	0.01901	0.01166	0.01512	0.00926	0.00561	0.00660	0.00191	0.00972	0.00604	0.00314	0.00858
5	0.01512	0.01457	0.02152	0.33341	0.34772	0.06910	0.01731	0.07124	0.01487	0.01959	0.01155	0.01557	0.00915	0.00604	0.00616	0.00193	0.00801	0.00544	0.00320	0.00852
6	0.01371	0.01386	0.02038	0.01708	0.01755	0.01884	0.06539	0.01536	0.00992	0.01536	0.00850	0.01386	0.00827	0.01049	0.01949	0.00268	0.71397	0.00559	0.00276	0.00693
7	0.02293	0.01672	0.01789	0.01380	0.01857	0.01848	0.01137	0.67712	0.02828	0.03826	0.01529	0.01548	0.01093	0.00747	0.00612	0.00184	0.00661	0.00562	0.05692	0.01030
8	0.01292	0.01107	0.01292	0.00923	0.01477	0.00831	0.00738	0.01569	0.01292	0.02030	0.01107	0.01292	0.00923	0.00461	0.00461	0.00092	0.00461	0.00369	0.00369	0.81912
9	0.01356	0.22440	0.56589	0.01595	0.02416	0.01707	0.01986	0.01946	0.01303	0.01844	0.01054	0.01235	0.00792	0.00577	0.00543	0.00181	0.00856	0.00428	0.00264	0.00890
10	0.01441	0.07708	0.01820	0.01365	0.01578	0.01603	0.01143	0.01625	0.01113	0.05786	0.01008	0.01385	0.00902	0.00956	0.03225	0.00229	0.45369	0.00491	0.00326	0.20928
11	0.13821	0.01279	0.01374	0.01065	0.01551	0.01239	0.00860	0.16017	0.11523	0.05691	0.01404	0.01469	0.01074	0.00602	0.00513	0.00147	0.00517	0.00460	0.00476	0.38917
12	0.46814	0.01210	0.01135	0.00962	0.01358	0.01323	0.00782	0.09092	0.08857	0.10643	0.06644	0.01600	0.01331	0.00688	0.00491	0.00189	0.00494	0.00489	0.00498	0.05399
13	0.35245	0.01086	0.01104	0.00965	0.01314	0.01143	0.00782	0.09901	0.01506	0.14592	0.07119	0.09000	0.03592	0.00915	0.00564	0.00202	0.00491	0.06150	0.00535	0.03794
14	0.29341	0.01212	0.01135	0.01030	0.01337	0.05442	0.00799	0.11206	0.11743	0.04345	0.04122	0.19993	0.01933	0.00999	0.00581	0.00205	0.00513	0.00803	0.00514	0.02746
15	0.17316	0.01235	0.01290	0.01090	0.01467	0.01318	0.00866	0.19927	0.16509	0.07660	0.02053	0.10628	0.04538	0.00882	0.00584	0.00192	0.00512	0.00705	0.02557	0.08671
16	0.11380	0.01284	0.01329	0.01073	0.01489	0.04155	0.00856	0.19840	0.07759	0.05434	0.07265	0.05294	0.06116	0.00796	0.00571	0.00167	0.00527	0.00631	0.00518	0.23515
17	0.10254	0.01501	0.02006	0.01543	0.02007	0.05644	0.19864	0.22049	0.04593	0.02590	0.01763	0.06859	0.05761	0.00768	0.00625	0.00188	0.00708	0.00686	0.00464	0.10123
18	0.13355	0.01264	0.01740	0.01328	0.01805	0.01210	0.12877	0.07942	0.03871	0.18358	0.01550	0.01776	0.01170	0.00667	0.00631	0.00175	0.03634	0.03206	0.00485	0.22955
19	0.06701	0.01471	0.01725	0.01387	0.01768	0.08432	0.06958	0.12100	0.08206	0.14075	0.01530	0.01774	0.01189	0.00770	0.00837	0.00193	0.13546	0.03092	0.00478	0.13767
20	0.04489	0.01520	0.01642	0.01324	0.01711	0.03813	0.01073	0.45579	0.05093	0.04818	0.04500	0.08757	0.01536	0.00895	0.00748	0.00198	0.06999	0.00683	0.00570	0.04053
21	0.15616	0.01718	0.01565	0.01291	0.01694	0.18255	0.03717	0.24800	0.01927	0.05365	0.03764	0.07031	0.01319	0.00765	0.00574	0.00179	0.00701	0.00585	0.00482	0.08653

[dist]
# distance from previous block
# <min> <max>
0	100

# created by:
# /home/cegg/simao/soft/augustus-3.2.1/scripts/msa2prfl.pl ./align_prep/EOG091G0U4B.fa
