[name]
unknown

[dist]
# distance from previous block
# <min> <max>
0	341

[block]
# block no. 0 follows, 43 sequences, length 28
# corresponding to MSA columns:
# 396-423
name=unknown_A
#
# <colnr> <probs for GDERKNQSTAVLIFYWHMCP>
#	G	D	E	R	K	N	Q	S	T	A	V	L	I	F	Y	W	H	M	C	P
0	0.01211	0.00982	0.02976	0.01046	0.03503	0.07262	0.03327	0.04525	0.09348	0.09943	0.12418	0.26312	0.06690	0.01113	0.00622	0.00190	0.00460	0.03878	0.02140	0.02055
1	0.00820	0.05218	0.00849	0.00718	0.00868	0.00633	0.00548	0.01073	0.03286	0.01967	0.51638	0.09495	0.13327	0.03930	0.00717	0.00192	0.00309	0.03335	0.00556	0.00523
2	0.03388	0.01308	0.06911	0.16879	0.13087	0.03846	0.04210	0.15024	0.06528	0.03730	0.01498	0.08503	0.03723	0.00815	0.02307	0.00199	0.06317	0.00616	0.00376	0.00736
3	0.00780	0.00552	0.00681	0.00681	0.00801	0.00503	0.00493	0.00968	0.01347	0.03420	0.38988	0.20634	0.18588	0.05245	0.00762	0.00204	0.00296	0.01122	0.03440	0.00495
4	0.00853	0.00606	0.00794	0.04790	0.00973	0.00618	0.00574	0.01006	0.04856	0.01560	0.23677	0.14444	0.10279	0.10757	0.01269	0.18076	0.03071	0.00905	0.00442	0.00449
5	0.01420	0.10715	0.01648	0.17363	0.04969	0.25859	0.04497	0.01623	0.03043	0.01356	0.01043	0.01516	0.00929	0.08688	0.03617	0.07935	0.02438	0.00470	0.00278	0.00592
6	0.01165	0.00650	0.00852	0.00835	0.00983	0.00609	0.00608	0.05509	0.01299	0.17617	0.10827	0.46805	0.03061	0.01395	0.00733	0.04372	0.00371	0.01180	0.00549	0.00580
7	0.77699	0.01110	0.00884	0.00773	0.01124	0.01281	0.00637	0.07661	0.01079	0.02567	0.00817	0.00935	0.00628	0.00526	0.00360	0.00171	0.00443	0.00316	0.00360	0.00628
8	0.01010	0.00914	0.01448	0.43547	0.11204	0.01045	0.01232	0.01288	0.01099	0.01467	0.01494	0.15662	0.03210	0.04045	0.00721	0.00200	0.03980	0.00705	0.00312	0.05415
9	0.00785	0.00627	0.00797	0.00874	0.04170	0.00600	0.00641	0.00972	0.01271	0.01653	0.16925	0.16373	0.30951	0.01374	0.00731	0.00206	0.03780	0.16255	0.00508	0.00507
10	0.08312	0.03266	0.03482	0.10657	0.03614	0.06417	0.05532	0.30580	0.01767	0.08346	0.01205	0.01328	0.00884	0.00593	0.00541	0.00161	0.02105	0.00464	0.02150	0.08595
11	0.00792	0.00590	0.00874	0.00874	0.00967	0.00683	0.00672	0.00978	0.00885	0.01273	0.01499	0.02260	0.01421	0.08573	0.73972	0.00870	0.01429	0.00606	0.00299	0.00485
12	0.12273	0.12952	0.01757	0.05284	0.04093	0.03482	0.10449	0.09013	0.05782	0.10820	0.01524	0.06750	0.02913	0.00739	0.00612	0.00179	0.05487	0.04768	0.00403	0.00719
13	0.06341	0.11933	0.14219	0.05330	0.10716	0.05297	0.09286	0.10652	0.07460	0.06628	0.01179	0.01317	0.00892	0.00549	0.00511	0.00160	0.00662	0.00458	0.00352	0.06055
14	0.17718	0.01042	0.01218	0.00976	0.01362	0.01031	0.00800	0.15301	0.01608	0.44069	0.01833	0.06347	0.01322	0.00729	0.00529	0.00175	0.00480	0.02036	0.00584	0.00840
15	0.00729	0.00488	0.00664	0.00763	0.00791	0.00468	0.00510	0.00773	0.00991	0.01326	0.02615	0.62044	0.03089	0.04497	0.04169	0.13476	0.00401	0.01336	0.00456	0.00415
16	0.05311	0.04313	0.12773	0.14825	0.15651	0.13204	0.12638	0.01794	0.03666	0.04917	0.01127	0.03625	0.00905	0.00579	0.00570	0.00173	0.02387	0.00507	0.00302	0.00735
17	0.00774	0.00557	0.00711	0.04629	0.00967	0.00520	0.00558	0.00916	0.01178	0.04306	0.10520	0.43759	0.21564	0.03689	0.00736	0.00216	0.00342	0.03059	0.00511	0.00486
18	0.01307	0.01494	0.03268	0.02334	0.02894	0.01401	0.75070	0.01774	0.01307	0.01774	0.01120	0.01494	0.00840	0.00467	0.00654	0.00187	0.00934	0.00654	0.00280	0.00747
19	0.01333	0.04396	0.09692	0.07316	0.18579	0.10454	0.15581	0.01725	0.04991	0.03424	0.01440	0.04958	0.03563	0.00683	0.00626	0.00179	0.03920	0.04777	0.01635	0.00727
20	0.01262	0.01210	0.07101	0.17206	0.05192	0.05647	0.08886	0.05257	0.02383	0.07768	0.06443	0.07261	0.04385	0.04495	0.03956	0.00229	0.07564	0.00654	0.02439	0.00660
21	0.00843	0.00661	0.03121	0.00837	0.00942	0.00628	0.00632	0.01008	0.03481	0.04018	0.06025	0.39547	0.11241	0.01858	0.11148	0.06978	0.04961	0.01123	0.00451	0.00495
22	0.01534	0.00994	0.02931	0.03253	0.03881	0.00982	0.02407	0.13686	0.05822	0.21562	0.12020	0.08569	0.06699	0.04849	0.00769	0.00199	0.05037	0.00732	0.03345	0.00731
23	0.03317	0.09966	0.01923	0.25412	0.06051	0.14913	0.09258	0.10522	0.03049	0.01729	0.01030	0.01359	0.00830	0.03010	0.00671	0.00181	0.05304	0.00474	0.00306	0.00693
24	0.01274	0.01259	0.06294	0.15455	0.14790	0.02535	0.16190	0.04430	0.04955	0.04745	0.01285	0.04840	0.01090	0.00811	0.02566	0.04772	0.06645	0.03003	0.00325	0.02736
25	0.01027	0.00969	0.01378	0.08104	0.03218	0.02711	0.04996	0.01212	0.01081	0.01515	0.10398	0.15825	0.07724	0.01117	0.02491	0.00223	0.32400	0.00796	0.00361	0.02455
26	0.04430	0.02872	0.01446	0.05272	0.13379	0.02675	0.10381	0.01271	0.01187	0.03361	0.08506	0.27045	0.07615	0.02409	0.00730	0.00200	0.05265	0.00941	0.00407	0.00607
27	0.03607	0.22341	0.07925	0.03157	0.06574	0.10491	0.06604	0.05862	0.03765	0.12802	0.01452	0.06115	0.02703	0.00678	0.00515	0.00162	0.00640	0.03483	0.00377	0.00744

[dist]
# distance from previous block
# <min> <max>
1	68

[block]
# block no. 1 follows, 43 sequences, length 11
# corresponding to MSA columns:
# 492-502
name=unknown_B
#
# <colnr> <probs for GDERKNQSTAVLIFYWHMCP>
#	G	D	E	R	K	N	Q	S	T	A	V	L	I	F	Y	W	H	M	C	P
0	0.01276	0.02571	0.04473	0.11028	0.03824	0.05380	0.04887	0.03802	0.11829	0.08368	0.03826	0.03580	0.03731	0.11105	0.07292	0.00270	0.00651	0.00596	0.00393	0.11117
1	0.04006	0.04791	0.03157	0.11827	0.07166	0.09579	0.08566	0.03280	0.02319	0.12350	0.04954	0.02925	0.01195	0.01845	0.02928	0.00183	0.01717	0.00514	0.02768	0.13931
2	0.17455	0.19806	0.01790	0.01193	0.01543	0.33700	0.04552	0.01856	0.01272	0.01606	0.00835	0.01000	0.00705	0.00543	0.00508	0.00146	0.04863	0.00352	0.00286	0.05990
3	0.01294	0.01002	0.04270	0.04812	0.01391	0.01007	0.00842	0.07174	0.26004	0.11190	0.12286	0.06280	0.06861	0.01334	0.11422	0.00281	0.00591	0.00721	0.00512	0.00726
4	0.00681	0.00494	0.00644	0.00749	0.00801	0.00457	0.00507	0.00794	0.01114	0.01481	0.08786	0.68616	0.09503	0.01664	0.00699	0.00218	0.00314	0.01500	0.00521	0.00457
5	0.00683	0.00516	0.00623	0.00692	0.00779	0.00465	0.00477	0.00801	0.01150	0.01484	0.09308	0.47536	0.26609	0.05219	0.00784	0.00224	0.00314	0.01369	0.00513	0.00456
6	0.00707	0.00513	0.00650	0.00738	0.00798	0.00478	0.00508	0.00819	0.01104	0.01454	0.07902	0.52982	0.12687	0.10176	0.00929	0.00253	0.00348	0.06005	0.00501	0.00448
7	0.00970	0.00690	0.00933	0.00842	0.01016	0.00678	0.07459	0.03674	0.05997	0.01974	0.18449	0.18352	0.06430	0.00999	0.00564	0.00171	0.00358	0.00887	0.28998	0.00560
8	0.01147	0.02620	0.65080	0.01646	0.02409	0.01304	0.10646	0.01815	0.04878	0.01784	0.01071	0.01252	0.00767	0.00530	0.00543	0.00177	0.00813	0.00449	0.00256	0.00813
9	0.01186	0.01157	0.01590	0.01350	0.01400	0.01545	0.01114	0.01315	0.00877	0.01369	0.00800	0.01317	0.00796	0.04585	0.01720	0.00240	0.67780	0.00483	0.00255	0.09119
10	0.01534	0.14268	0.09244	0.01262	0.03875	0.16563	0.05536	0.02887	0.01280	0.11310	0.01228	0.04969	0.01034	0.02423	0.05851	0.00208	0.04270	0.00485	0.00343	0.11429

[dist]
# distance from previous block
# <min> <max>
0	1

[block]
# block no. 2 follows, 43 sequences, length 15
# corresponding to MSA columns:
# 504-518
name=unknown_C
#
# <colnr> <probs for GDERKNQSTAVLIFYWHMCP>
#	G	D	E	R	K	N	Q	S	T	A	V	L	I	F	Y	W	H	M	C	P
0	0.01155	0.01009	0.01207	0.00888	0.01328	0.00841	0.00716	0.01388	0.01116	0.01754	0.00957	0.01155	0.00810	0.00470	0.00560	0.00099	0.08854	0.00345	0.00319	0.75029
1	0.00821	0.00605	0.00772	0.00723	0.00865	0.00576	0.00545	0.01163	0.06195	0.02227	0.72160	0.04008	0.05006	0.01109	0.00648	0.00175	0.00272	0.00978	0.00607	0.00545
2	0.00792	0.00590	0.00872	0.00872	0.00965	0.00683	0.00670	0.00977	0.00885	0.01272	0.01500	0.02266	0.01424	0.08934	0.73615	0.00868	0.01424	0.00607	0.00299	0.00485
3	0.01378	0.01190	0.01252	0.01127	0.01440	0.01378	0.00877	0.02943	0.76081	0.02317	0.02254	0.02066	0.01691	0.00751	0.00564	0.00188	0.00438	0.00626	0.00564	0.00877
4	0.02962	0.00664	0.00768	0.00731	0.00905	0.00638	0.00550	0.03042	0.08749	0.03859	0.35742	0.12181	0.24730	0.01198	0.00638	0.00184	0.00309	0.01032	0.00562	0.00557
5	0.84448	0.01071	0.00814	0.00728	0.01071	0.01242	0.00600	0.01628	0.00943	0.02485	0.00771	0.00900	0.00600	0.00514	0.00343	0.00171	0.00428	0.00300	0.00343	0.00600
6	0.00742	0.00630	0.00794	0.13132	0.01271	0.00623	0.00646	0.00912	0.01189	0.01484	0.06497	0.21623	0.43439	0.01322	0.00685	0.00196	0.02726	0.01128	0.00467	0.00493
7	0.01159	0.01045	0.01661	0.70887	0.03591	0.01282	0.01486	0.09294	0.01267	0.01637	0.01021	0.01461	0.00760	0.00566	0.00554	0.00183	0.00725	0.00493	0.00279	0.00650
8	0.20655	0.08360	0.01556	0.05479	0.04872	0.07139	0.05361	0.09664	0.25995	0.02195	0.01367	0.01427	0.01049	0.00615	0.00514	0.00172	0.01934	0.00475	0.00410	0.00761
9	0.11522	0.03398	0.05056	0.06205	0.34707	0.06640	0.03730	0.05489	0.01325	0.08915	0.02829	0.05487	0.01099	0.00609	0.00529	0.00169	0.00627	0.00530	0.00351	0.00782
10	0.10178	0.14531	0.11664	0.01144	0.01566	0.08252	0.06945	0.03419	0.05369	0.06878	0.02768	0.08494	0.01212	0.00805	0.03843	0.00187	0.00637	0.00533	0.00358	0.11218
11	0.01012	0.03594	0.01077	0.00953	0.01132	0.04201	0.00751	0.05133	0.07873	0.01527	0.01466	0.01970	0.01306	0.03174	0.56850	0.00685	0.01232	0.00556	0.00334	0.05176
12	0.03459	0.11138	0.05520	0.03412	0.01592	0.11507	0.00959	0.16896	0.14949	0.02137	0.03866	0.01408	0.01113	0.00590	0.00489	0.00144	0.00582	0.00448	0.00403	0.19390
13	0.01247	0.10224	0.20355	0.01278	0.05221	0.02342	0.05511	0.03800	0.03676	0.07905	0.04979	0.08149	0.04650	0.00869	0.00649	0.04537	0.00591	0.08367	0.00381	0.05266
14	0.05619	0.06517	0.35316	0.01559	0.08483	0.03204	0.07342	0.07409	0.02785	0.04388	0.01290	0.09665	0.01102	0.00663	0.00539	0.00174	0.00689	0.00561	0.00326	0.02366

[dist]
# distance from previous block
# <min> <max>
0	2

[block]
# block no. 3 follows, 43 sequences, length 40
# corresponding to MSA columns:
# 521-560
name=unknown_D
#
# <colnr> <probs for GDERKNQSTAVLIFYWHMCP>
#	G	D	E	R	K	N	Q	S	T	A	V	L	I	F	Y	W	H	M	C	P
0	0.03025	0.02156	0.48875	0.01375	0.02020	0.01154	0.05147	0.01757	0.07574	0.04189	0.01533	0.03206	0.06683	0.00628	0.00535	0.00170	0.00683	0.00516	0.00317	0.08457
1	0.01471	0.10312	0.19564	0.02632	0.07676	0.06749	0.08373	0.05466	0.14235	0.09901	0.02622	0.02870	0.01158	0.03803	0.00628	0.00184	0.00663	0.00527	0.00380	0.00788
2	0.01292	0.01117	0.01842	0.48275	0.14916	0.02736	0.08088	0.03363	0.01241	0.08580	0.01207	0.01557	0.02230	0.00567	0.00563	0.00179	0.00712	0.00523	0.00307	0.00704
3	0.00740	0.00547	0.00699	0.00804	0.00862	0.00535	0.00548	0.00972	0.07986	0.01497	0.02979	0.72964	0.03481	0.01644	0.00694	0.00221	0.00332	0.01487	0.00519	0.00489
4	0.01226	0.01215	0.04483	0.24389	0.34031	0.01282	0.03700	0.03396	0.04367	0.01711	0.03553	0.04507	0.01098	0.00638	0.00680	0.00182	0.07939	0.00557	0.00301	0.00746
5	0.03132	0.04201	0.01598	0.07417	0.13482	0.05530	0.03624	0.13367	0.03918	0.25071	0.01675	0.03608	0.01322	0.02131	0.00606	0.00183	0.00593	0.07259	0.00478	0.00806
6	0.00841	0.07987	0.00919	0.00814	0.00927	0.00710	0.00589	0.03814	0.05208	0.01536	0.02876	0.61423	0.07270	0.01506	0.00658	0.00209	0.00361	0.01341	0.00493	0.00517
7	0.76429	0.01224	0.00888	0.00796	0.01133	0.08745	0.00646	0.01685	0.01004	0.02375	0.00779	0.00909	0.00611	0.00520	0.00358	0.00169	0.00484	0.00305	0.00337	0.00604
8	0.02316	0.00907	0.01218	0.00946	0.01352	0.00782	0.00778	0.02523	0.01555	0.70452	0.02501	0.02203	0.08340	0.00752	0.00566	0.00173	0.00454	0.00613	0.00670	0.00899
9	0.01283	0.28648	0.45942	0.01333	0.01996	0.01607	0.01582	0.04310	0.05391	0.01695	0.01001	0.01132	0.00768	0.00526	0.00472	0.00157	0.00715	0.00387	0.00264	0.00790
10	0.00781	0.00541	0.00628	0.00629	0.00668	0.00527	0.00388	0.00840	0.00968	0.01294	0.12469	0.08096	0.09441	0.56114	0.03997	0.00446	0.00486	0.00904	0.00399	0.00384
11	0.00944	0.00796	0.01173	0.18681	0.04654	0.00947	0.00925	0.01150	0.01030	0.01439	0.09857	0.02433	0.02959	0.14405	0.20309	0.00423	0.13343	0.02365	0.01635	0.00533
12	0.01211	0.01090	0.01715	0.40145	0.17664	0.01298	0.01409	0.03855	0.03440	0.03841	0.04793	0.01568	0.01040	0.00653	0.00769	0.00189	0.13807	0.00523	0.00301	0.00689
13	0.01307	0.01109	0.01180	0.01061	0.01354	0.01259	0.00824	0.05128	0.62499	0.02302	0.09291	0.02415	0.06192	0.00820	0.00577	0.00186	0.00419	0.00687	0.00565	0.00823
14	0.11533	0.21469	0.03281	0.01228	0.01580	0.47659	0.01004	0.03562	0.01403	0.01528	0.00838	0.00971	0.00704	0.00542	0.00448	0.00141	0.00821	0.00339	0.00285	0.00664
15	0.01046	0.00984	0.01661	0.79205	0.03814	0.01230	0.01538	0.01415	0.01107	0.01415	0.00984	0.01477	0.00738	0.00554	0.00554	0.00185	0.00738	0.00492	0.00246	0.00615
16	0.84448	0.01071	0.00814	0.00728	0.01071	0.01242	0.00600	0.01628	0.00943	0.02485	0.00771	0.00900	0.00600	0.00514	0.00343	0.00171	0.00428	0.00300	0.00343	0.00600
17	0.84448	0.01071	0.00814	0.00728	0.01071	0.01242	0.00600	0.01628	0.00943	0.02485	0.00771	0.00900	0.00600	0.00514	0.00343	0.00171	0.00428	0.00300	0.00343	0.00600
18	0.00887	0.05017	0.00828	0.00801	0.00894	0.00581	0.00566	0.00999	0.01112	0.08429	0.02845	0.68516	0.03286	0.01568	0.00673	0.00214	0.00350	0.01409	0.00514	0.00510
19	0.00902	0.00620	0.00686	0.00642	0.00852	0.00536	0.00491	0.01100	0.03028	0.10490	0.14824	0.04691	0.56591	0.01267	0.00641	0.00183	0.00304	0.01062	0.00548	0.00540
20	0.01378	0.01190	0.01252	0.01127	0.01440	0.01378	0.00877	0.02943	0.76081	0.02317	0.02254	0.02066	0.01691	0.00751	0.00564	0.00188	0.00438	0.00626	0.00564	0.00877
21	0.00803	0.00546	0.00652	0.00652	0.00668	0.00563	0.00395	0.00836	0.00820	0.01109	0.01701	0.03383	0.01909	0.67809	0.15403	0.00596	0.00695	0.00770	0.00329	0.00362
22	0.01212	0.01212	0.01696	0.01454	0.01454	0.01696	0.01212	0.01333	0.00848	0.01333	0.00727	0.01212	0.00727	0.00969	0.01818	0.00242	0.79523	0.00485	0.00242	0.00606
23	0.81159	0.01134	0.00844	0.00756	0.01097	0.04320	0.00619	0.01651	0.00968	0.02440	0.00775	0.00904	0.00604	0.00516	0.00349	0.00170	0.00451	0.00302	0.00340	0.00601
24	0.01130	0.00965	0.01129	0.00818	0.01293	0.00727	0.00651	0.01371	0.01145	0.01790	0.01063	0.04165	0.00929	0.00461	0.00421	0.00087	0.00407	0.00376	0.00335	0.80736
25	0.84448	0.01071	0.00814	0.00728	0.01071	0.01242	0.00600	0.01628	0.00943	0.02485	0.00771	0.00900	0.00600	0.00514	0.00343	0.00171	0.00428	0.00300	0.00343	0.00600
26	0.01307	0.01494	0.03268	0.02334	0.02894	0.01401	0.75070	0.01774	0.01307	0.01774	0.01120	0.01494	0.00840	0.00467	0.00654	0.00187	0.00934	0.00654	0.00280	0.00747
27	0.00681	0.00486	0.00650	0.00778	0.00813	0.00455	0.00525	0.00782	0.01066	0.01421	0.03049	0.78064	0.03649	0.01729	0.00709	0.00226	0.00327	0.03624	0.00514	0.00452
28	0.00766	0.00556	0.00722	0.00700	0.00821	0.00512	0.00518	0.01003	0.01496	0.02098	0.65331	0.13069	0.07903	0.01213	0.00660	0.00181	0.00269	0.01075	0.00595	0.00512
29	0.01445	0.00680	0.00859	0.00744	0.00972	0.00621	0.00580	0.01679	0.01427	0.28251	0.25703	0.04318	0.02668	0.02728	0.00595	0.00170	0.00341	0.00713	0.24848	0.00661
30	0.00840	0.00666	0.00984	0.00956	0.01043	0.00810	0.00753	0.01029	0.00885	0.01291	0.01395	0.02063	0.01308	0.03782	0.69400	0.00814	0.10602	0.00581	0.00290	0.00507
31	0.01148	0.00984	0.01148	0.00820	0.01312	0.00738	0.00656	0.01395	0.01148	0.01805	0.00984	0.01148	0.00820	0.00410	0.00410	0.00082	0.00410	0.00328	0.00328	0.83922
32	0.00695	0.00561	0.00618	0.00607	0.00774	0.00484	0.00454	0.00871	0.01352	0.01716	0.27357	0.06547	0.53370	0.01327	0.00655	0.00184	0.00275	0.01126	0.00544	0.00484
33	0.00677	0.00508	0.00617	0.00702	0.00775	0.00460	0.00477	0.00780	0.01101	0.01416	0.03689	0.54329	0.24134	0.06590	0.00825	0.00234	0.00323	0.01412	0.00503	0.00448
34	0.01611	0.18135	0.01842	0.08525	0.03612	0.36032	0.01101	0.01787	0.01265	0.01353	0.00877	0.01144	0.00767	0.00856	0.05997	0.00209	0.13580	0.00397	0.00265	0.00644
35	0.00675	0.00482	0.00643	0.00771	0.00803	0.00450	0.00514	0.00771	0.01060	0.01414	0.03053	0.80175	0.03663	0.01735	0.00707	0.00225	0.00321	0.01574	0.00514	0.00450
36	0.10021	0.01234	0.05919	0.16418	0.29450	0.01241	0.01331	0.01837	0.09564	0.08884	0.02580	0.01510	0.01029	0.00593	0.00590	0.00176	0.04464	0.00498	0.01886	0.00776
37	0.02739	0.20232	0.03794	0.11730	0.04674	0.10670	0.11834	0.05642	0.01245	0.01614	0.01029	0.03558	0.00882	0.00628	0.00691	0.00168	0.12334	0.00481	0.05375	0.00679
38	0.00824	0.00601	0.00754	0.00748	0.00768	0.00656	0.00494	0.00878	0.00856	0.01175	0.01783	0.13269	0.02016	0.51152	0.13970	0.00522	0.07945	0.00845	0.00345	0.00400
39	0.11258	0.01533	0.04383	0.06402	0.25065	0.16542	0.08394	0.01874	0.03435	0.08755	0.02437	0.01434	0.02332	0.00581	0.00570	0.00169	0.03259	0.00486	0.00337	0.00752

[dist]
# distance from previous block
# <min> <max>
0	5

[block]
# block no. 4 follows, 43 sequences, length 24
# corresponding to MSA columns:
# 566-574,581-595
name=unknown_E
#
# <colnr> <probs for GDERKNQSTAVLIFYWHMCP>
#	G	D	E	R	K	N	Q	S	T	A	V	L	I	F	Y	W	H	M	C	P
0	0.01113	0.00927	0.01333	0.08090	0.18467	0.00886	0.02685	0.02956	0.05109	0.04481	0.01992	0.23133	0.06767	0.00903	0.00573	0.00168	0.00481	0.00811	0.00401	0.18724
1	0.22740	0.01374	0.01480	0.10196	0.03290	0.04354	0.03417	0.36596	0.06910	0.02748	0.01181	0.01282	0.00870	0.00606	0.00502	0.00171	0.00593	0.00456	0.00441	0.00794
2	0.00758	0.00556	0.00720	0.00763	0.00874	0.00518	0.00580	0.00956	0.01328	0.01789	0.32215	0.25744	0.13956	0.01414	0.00690	0.00206	0.00330	0.15559	0.00551	0.00493
3	0.01115	0.01051	0.01764	0.61423	0.18545	0.01232	0.01543	0.01472	0.01140	0.01507	0.00996	0.01445	0.00769	0.00537	0.00548	0.00177	0.00712	0.00487	0.00254	0.03283
4	0.01200	0.00844	0.03262	0.04469	0.05907	0.03313	0.02473	0.03337	0.07544	0.05786	0.01295	0.01812	0.01119	0.01320	0.01377	0.43439	0.00520	0.02562	0.07934	0.00486
5	0.00840	0.00665	0.00983	0.00955	0.01043	0.00808	0.00752	0.01029	0.00885	0.01291	0.01396	0.02065	0.01309	0.03786	0.69516	0.00815	0.10484	0.00581	0.00290	0.00507
6	0.00763	0.00565	0.00711	0.00674	0.00814	0.00514	0.00506	0.01004	0.01517	0.02101	0.65062	0.04334	0.17028	0.01177	0.00653	0.00176	0.00264	0.01029	0.00594	0.00514
7	0.05131	0.06485	0.09139	0.01155	0.02863	0.10428	0.03904	0.12148	0.01459	0.15624	0.01383	0.01500	0.01029	0.00725	0.02713	0.00180	0.05594	0.00473	0.17330	0.00735
8	0.01534	0.01437	0.07791	0.06359	0.14293	0.03826	0.22733	0.08406	0.08762	0.12510	0.01405	0.03798	0.01071	0.00610	0.00619	0.00180	0.02888	0.00583	0.00388	0.00807
9	0.00670	0.00499	0.00625	0.00726	0.00791	0.00454	0.00494	0.00776	0.01104	0.01432	0.03607	0.63962	0.19518	0.01663	0.00696	0.00217	0.00312	0.01487	0.00514	0.00454
10	0.01127	0.02749	0.71384	0.01642	0.02439	0.01296	0.08212	0.01756	0.01181	0.01756	0.01005	0.01197	0.00713	0.00521	0.00537	0.00176	0.00828	0.00430	0.00238	0.00812
11	0.01571	0.07615	0.16168	0.08902	0.17790	0.06797	0.08680	0.03197	0.01338	0.17487	0.01320	0.01592	0.00999	0.00591	0.00547	0.00171	0.00697	0.03377	0.00363	0.00800
12	0.01354	0.00920	0.01049	0.00949	0.01202	0.00987	0.00748	0.05482	0.33495	0.11149	0.11830	0.02662	0.02152	0.00895	0.00632	0.03507	0.00410	0.07554	0.12293	0.00730
13	0.01004	0.00617	0.00764	0.00696	0.00884	0.00550	0.00533	0.01227	0.01477	0.12766	0.45113	0.04036	0.22692	0.01118	0.00629	0.00175	0.00296	0.00961	0.03894	0.00568
14	0.00756	0.00612	0.00663	0.00650	0.00836	0.00544	0.00503	0.04121	0.01365	0.01699	0.15203	0.05065	0.57220	0.01343	0.00659	0.00190	0.00312	0.07230	0.00529	0.00500
15	0.03518	0.05420	0.12466	0.27237	0.09759	0.09457	0.17574	0.01729	0.02834	0.03287	0.01045	0.01356	0.00795	0.00529	0.00551	0.00174	0.00784	0.00492	0.00277	0.00716
16	0.00940	0.00694	0.00826	0.00857	0.00998	0.00715	0.00635	0.01437	0.19704	0.03661	0.06282	0.39197	0.07543	0.01335	0.00649	0.00207	0.00363	0.08073	0.05301	0.00582
17	0.01099	0.00558	0.00584	0.00570	0.00713	0.00556	0.00429	0.03232	0.01210	0.05128	0.01881	0.06519	0.01534	0.00710	0.00417	0.00137	0.00279	0.00578	0.73326	0.00541
18	0.05389	0.03651	0.10097	0.14626	0.15679	0.03464	0.07266	0.08806	0.04652	0.10341	0.01216	0.01476	0.00933	0.03211	0.00712	0.00189	0.06669	0.00502	0.00353	0.00768
19	0.01315	0.04031	0.12473	0.11814	0.19798	0.01280	0.07436	0.15196	0.01432	0.01962	0.01373	0.10512	0.01248	0.03067	0.00669	0.00191	0.02488	0.02613	0.00351	0.00750
20	0.00932	0.00775	0.01015	0.03237	0.01113	0.05134	0.06976	0.01066	0.00987	0.01289	0.01763	0.06025	0.01882	0.38414	0.17343	0.00498	0.00783	0.09966	0.00346	0.00455
21	0.63745	0.03474	0.04559	0.02289	0.06803	0.03841	0.00811	0.05639	0.01094	0.02369	0.00838	0.00982	0.00652	0.00523	0.00386	0.00169	0.00501	0.00335	0.00338	0.00653
22	0.00679	0.00523	0.00621	0.00679	0.00784	0.00465	0.00478	0.00812	0.01199	0.01539	0.12467	0.41636	0.33065	0.01534	0.00680	0.00204	0.00298	0.01347	0.00525	0.00465
23	0.01324	0.01680	0.18590	0.06209	0.19959	0.06124	0.14482	0.07733	0.03741	0.01926	0.07433	0.01670	0.01252	0.00597	0.00569	0.00171	0.00713	0.01999	0.00332	0.03497

[dist]
# distance from previous block
# <min> <max>
4	7

[block]
# block no. 5 follows, 43 sequences, length 8
# corresponding to MSA columns:
# 603-610
name=unknown_F
#
# <colnr> <probs for GDERKNQSTAVLIFYWHMCP>
#	G	D	E	R	K	N	Q	S	T	A	V	L	I	F	Y	W	H	M	C	P
0	0.01323	0.01282	0.10253	0.01440	0.14114	0.00993	0.04110	0.06169	0.03644	0.07519	0.07250	0.01536	0.01246	0.00544	0.00501	0.00133	0.00526	0.00469	0.00376	0.36572
1	0.01430	0.29420	0.01886	0.01091	0.01337	0.09581	0.00931	0.01579	0.01089	0.08210	0.01063	0.01464	0.00968	0.08545	0.09114	0.00277	0.20625	0.00453	0.00300	0.00640
2	0.01296	0.01118	0.01236	0.05519	0.01528	0.01234	0.00865	0.02536	0.57142	0.02185	0.05551	0.01995	0.01676	0.00708	0.00545	0.00171	0.00443	0.00592	0.00513	0.13148
3	0.84448	0.01071	0.00814	0.00728	0.01071	0.01242	0.00600	0.01628	0.00943	0.02485	0.00771	0.00900	0.00600	0.00514	0.00343	0.00171	0.00428	0.00300	0.00343	0.00600
4	0.00760	0.00558	0.00713	0.00690	0.00817	0.00510	0.00511	0.00994	0.01488	0.02070	0.62513	0.11415	0.12463	0.01217	0.00658	0.00180	0.00269	0.01073	0.00591	0.00510
5	0.00962	0.00481	0.00722	0.00722	0.00722	0.00481	0.00481	0.00722	0.00722	0.00962	0.00962	0.01684	0.00962	0.01924	0.02165	0.83886	0.00481	0.00481	0.00241	0.00241
6	0.00741	0.00552	0.00689	0.00680	0.00808	0.00501	0.00501	0.00953	0.01430	0.01953	0.51352	0.15766	0.19477	0.01277	0.00662	0.00184	0.00274	0.01121	0.00576	0.00501
7	0.34587	0.06765	0.10882	0.04212	0.07913	0.17562	0.01056	0.03823	0.05254	0.02001	0.00943	0.01089	0.00740	0.00542	0.00442	0.00163	0.00644	0.00372	0.00319	0.00691

[dist]
# distance from previous block
# <min> <max>
0	5

[block]
# block no. 6 follows, 43 sequences, length 52
# corresponding to MSA columns:
# 616-667
name=unknown_G
#
# <colnr> <probs for GDERKNQSTAVLIFYWHMCP>
#	G	D	E	R	K	N	Q	S	T	A	V	L	I	F	Y	W	H	M	C	P
0	0.04991	0.51138	0.17482	0.01174	0.04116	0.06283	0.01177	0.01758	0.01178	0.05006	0.00894	0.01013	0.00741	0.00502	0.00413	0.00137	0.00650	0.00341	0.00266	0.00740
1	0.01592	0.04239	0.03701	0.31130	0.08980	0.25383	0.01288	0.05707	0.01385	0.08425	0.01082	0.01356	0.00830	0.01920	0.00568	0.00171	0.00776	0.00453	0.00318	0.00697
2	0.01371	0.01316	0.02248	0.03399	0.77081	0.01316	0.01700	0.01700	0.01261	0.01809	0.01042	0.01371	0.00877	0.00493	0.00548	0.00164	0.00658	0.00493	0.00274	0.00877
3	0.00669	0.00555	0.00585	0.00592	0.00760	0.00472	0.00438	0.00818	0.01276	0.01561	0.12444	0.11288	0.63829	0.01403	0.00659	0.00189	0.00282	0.01185	0.00524	0.00472
4	0.01504	0.00655	0.00766	0.00668	0.00895	0.00613	0.00526	0.01747	0.01299	0.26527	0.01929	0.02006	0.01404	0.00658	0.00442	0.00143	0.00327	0.00529	0.56707	0.00655
5	0.02450	0.00998	0.01319	0.01012	0.01441	0.00896	0.00836	0.09266	0.01677	0.70768	0.02108	0.01835	0.01332	0.00684	0.00557	0.00171	0.00484	0.00552	0.00674	0.00942
6	0.00686	0.00565	0.00608	0.00628	0.00798	0.00487	0.00482	0.00840	0.01261	0.01530	0.07165	0.09644	0.62432	0.01428	0.00670	0.00196	0.00308	0.09282	0.00516	0.00473
7	0.84448	0.01071	0.00814	0.00728	0.01071	0.01242	0.00600	0.01628	0.00943	0.02485	0.00771	0.00900	0.00600	0.00514	0.00343	0.00171	0.00428	0.00300	0.00343	0.00600
8	0.00700	0.00563	0.00624	0.00609	0.00776	0.00487	0.00457	0.00883	0.01370	0.01751	0.30689	0.04910	0.51619	0.01307	0.00654	0.00182	0.00274	0.01110	0.00548	0.00487
9	0.01229	0.01252	0.01680	0.19904	0.02031	0.06667	0.01280	0.01411	0.00958	0.01354	0.00797	0.01260	0.00729	0.00844	0.01430	0.00222	0.55617	0.00478	0.00246	0.00610
10	0.22620	0.00866	0.00934	0.03383	0.01161	0.00883	0.00652	0.06674	0.01348	0.22959	0.05830	0.02054	0.08171	0.00715	0.00477	0.00163	0.00402	0.00555	0.19470	0.00683
11	0.19784	0.08603	0.01583	0.03698	0.01615	0.01635	0.00958	0.48778	0.03545	0.02983	0.01166	0.01217	0.00855	0.00613	0.00491	0.00164	0.00570	0.00440	0.00470	0.00835
12	0.01060	0.01008	0.01715	0.74145	0.03707	0.01251	0.03923	0.01424	0.01105	0.01424	0.00980	0.01468	0.00741	0.00565	0.00599	0.00187	0.03335	0.00497	0.00247	0.00619
13	0.11164	0.00698	0.00899	0.00867	0.00976	0.00819	0.00666	0.01065	0.00893	0.01414	0.01504	0.02250	0.03834	0.14549	0.48228	0.00668	0.08104	0.00598	0.00311	0.00493
14	0.00735	0.00564	0.00673	0.00646	0.00798	0.00502	0.00484	0.00951	0.01453	0.01948	0.49996	0.04586	0.32190	0.01234	0.00654	0.00179	0.00269	0.01065	0.00574	0.00502
15	0.01353	0.01163	0.01232	0.01114	0.01419	0.01341	0.00868	0.02859	0.72682	0.02301	0.04130	0.02204	0.01810	0.00777	0.00570	0.00189	0.00435	0.02130	0.00564	0.00860
16	0.01533	0.01218	0.01326	0.01157	0.01483	0.01370	0.00935	0.25639	0.41023	0.02587	0.02066	0.02486	0.01687	0.00846	0.00592	0.00191	0.00504	0.11965	0.00552	0.00840
17	0.01212	0.01212	0.01696	0.01454	0.01454	0.01696	0.01212	0.01333	0.00848	0.01333	0.00727	0.01212	0.00727	0.00969	0.01818	0.00242	0.79523	0.00485	0.00242	0.00606
18	0.84448	0.01071	0.00814	0.00728	0.01071	0.01242	0.00600	0.01628	0.00943	0.02485	0.00771	0.00900	0.00600	0.00514	0.00343	0.00171	0.00428	0.00300	0.00343	0.00600
19	0.00694	0.00511	0.00615	0.00689	0.00767	0.00466	0.00470	0.00804	0.01111	0.01449	0.05218	0.48871	0.24009	0.07850	0.00848	0.00235	0.00324	0.01352	0.03268	0.00450
20	0.09776	0.00972	0.01233	0.00960	0.01369	0.00893	0.00791	0.06790	0.01569	0.63258	0.01992	0.01771	0.01278	0.00667	0.00530	0.00169	0.00467	0.00529	0.04091	0.00894
21	0.00675	0.00491	0.00633	0.00746	0.00793	0.00454	0.00501	0.00774	0.01076	0.01415	0.03288	0.70850	0.11156	0.03376	0.00746	0.00228	0.00322	0.01516	0.00510	0.00449
22	0.02069	0.02640	0.01569	0.01427	0.01712	0.78313	0.01070	0.02212	0.01569	0.01355	0.00856	0.00999	0.00713	0.00571	0.00499	0.00143	0.00999	0.00357	0.00285	0.00642
23	0.00988	0.00525	0.00556	0.00549	0.00678	0.00517	0.00411	0.01246	0.01234	0.02093	0.15289	0.02437	0.02104	0.00733	0.00435	0.00137	0.00259	0.00603	0.68687	0.00517
24	0.01875	0.19059	0.01792	0.01240	0.01576	0.46624	0.00994	0.11514	0.01580	0.01672	0.00966	0.01093	0.00792	0.00567	0.00468	0.00140	0.00809	0.00373	0.06180	0.00687
25	0.01347	0.01233	0.01204	0.01102	0.01383	0.09495	0.00860	0.02484	0.52364	0.02130	0.08951	0.02494	0.02020	0.00828	0.00579	0.00185	0.00488	0.07207	0.00526	0.03119
26	0.01609	0.65661	0.04376	0.01003	0.01466	0.08052	0.00971	0.01798	0.01203	0.08213	0.00910	0.00994	0.00771	0.00502	0.00389	0.00126	0.00619	0.00327	0.00281	0.00729
27	0.00690	0.00493	0.00660	0.00788	0.00827	0.00463	0.00540	0.00797	0.01075	0.01431	0.03044	0.75055	0.03630	0.01721	0.00711	0.00227	0.00334	0.06546	0.00514	0.00454
28	0.09251	0.03464	0.09811	0.08011	0.07944	0.01385	0.02328	0.21303	0.16592	0.09211	0.02956	0.01533	0.01126	0.00638	0.00553	0.00174	0.01936	0.00508	0.00448	0.00828
29	0.00971	0.00532	0.00768	0.00738	0.00787	0.00514	0.00507	0.00795	0.00768	0.01053	0.00988	0.01658	0.00969	0.01891	0.05550	0.72438	0.00521	0.00472	0.00251	0.07828
30	0.00805	0.00540	0.00617	0.00617	0.00622	0.00544	0.00352	0.00814	0.00809	0.01084	0.01733	0.03557	0.01984	0.77002	0.06313	0.00553	0.00581	0.00796	0.00334	0.00343
31	0.03495	0.15995	0.20397	0.05051	0.10239	0.11230	0.09926	0.13827	0.01465	0.01920	0.01006	0.01191	0.00778	0.00536	0.00511	0.00160	0.00750	0.00436	0.00306	0.00781
32	0.01226	0.01241	0.01643	0.11083	0.04216	0.06855	0.01221	0.01391	0.00947	0.01357	0.00832	0.01304	0.00780	0.01103	0.07021	0.00272	0.56160	0.00485	0.00251	0.00610
33	0.00655	0.00561	0.00561	0.00561	0.00748	0.00468	0.00421	0.00795	0.01262	0.01496	0.05610	0.05330	0.76857	0.01403	0.00655	0.00187	0.00281	0.01169	0.00514	0.00468
34	0.00956	0.05526	0.04148	0.00823	0.01031	0.04361	0.00670	0.01358	0.09528	0.02087	0.54645	0.03505	0.07198	0.01013	0.00614	0.00172	0.00358	0.00872	0.00548	0.00587
35	0.01204	0.00983	0.01154	0.00827	0.01317	0.00741	0.00663	0.01449	0.01167	0.04947	0.01034	0.01179	0.00843	0.00422	0.00416	0.00086	0.00413	0.00338	0.00343	0.80476
36	0.01032	0.00516	0.00516	0.00516	0.00645	0.00516	0.00387	0.01290	0.01161	0.02065	0.01807	0.02065	0.01420	0.00645	0.00387	0.00129	0.00258	0.00516	0.83611	0.00516
37	0.84448	0.01071	0.00814	0.00728	0.01071	0.01242	0.00600	0.01628	0.00943	0.02485	0.00771	0.00900	0.00600	0.00514	0.00343	0.00171	0.00428	0.00300	0.00343	0.00600
38	0.00667	0.00538	0.00585	0.00620	0.00756	0.00466	0.00442	0.00789	0.01186	0.01454	0.04732	0.25688	0.53388	0.05175	0.00770	0.00214	0.00304	0.01263	0.00506	0.00457
39	0.01126	0.01641	0.29582	0.01382	0.04866	0.01047	0.07981	0.01559	0.02552	0.05033	0.18008	0.02227	0.01938	0.00746	0.00658	0.00177	0.05809	0.05103	0.00374	0.08191
40	0.60209	0.21257	0.02775	0.00814	0.01198	0.03152	0.00724	0.01651	0.01006	0.02149	0.00777	0.00904	0.00632	0.00505	0.00353	0.00157	0.00489	0.00302	0.00313	0.00633
41	0.01341	0.01234	0.02016	0.02967	0.64467	0.01248	0.01519	0.01756	0.06884	0.01871	0.01202	0.01486	0.00988	0.00527	0.00535	0.00163	0.00605	0.00506	0.07841	0.00845
42	0.64351	0.01281	0.08242	0.00906	0.01268	0.01314	0.00818	0.05766	0.01049	0.02368	0.00820	0.00978	0.00640	0.00565	0.00506	0.00178	0.07636	0.00338	0.00335	0.00640
43	0.00827	0.00607	0.00762	0.00708	0.00857	0.00567	0.00535	0.04104	0.01583	0.02208	0.67211	0.04128	0.11533	0.01137	0.00649	0.00175	0.00277	0.00996	0.00599	0.00535
44	0.01378	0.01190	0.01252	0.01127	0.01440	0.01378	0.00877	0.02943	0.76081	0.02317	0.02254	0.02066	0.01691	0.00751	0.00564	0.00188	0.00438	0.00626	0.00564	0.00877
45	0.02105	0.01551	0.01662	0.01274	0.01717	0.01717	0.01053	0.75235	0.02604	0.03490	0.01330	0.01330	0.00942	0.00665	0.00554	0.00166	0.00609	0.00499	0.00554	0.00942
46	0.00700	0.00500	0.00662	0.00782	0.00824	0.00471	0.00538	0.00807	0.01072	0.01422	0.03035	0.68529	0.05041	0.05234	0.00806	0.00241	0.00347	0.08030	0.00506	0.00451
47	0.01996	0.01422	0.01629	0.01267	0.01694	0.01546	0.04441	0.52064	0.14072	0.11685	0.01564	0.01518	0.01105	0.00672	0.00561	0.00171	0.00582	0.00533	0.00558	0.00923
48	0.01345	0.01695	0.17785	0.11211	0.25768	0.08597	0.09792	0.03106	0.01265	0.03823	0.01136	0.03280	0.00941	0.00605	0.00634	0.00178	0.05231	0.02554	0.00291	0.00765
49	0.01088	0.02476	0.64468	0.01436	0.02140	0.01159	0.01791	0.01660	0.01222	0.03455	0.09972	0.04107	0.01343	0.00640	0.00548	0.00177	0.00729	0.00520	0.00297	0.00775
50	0.00775	0.00573	0.00711	0.00786	0.00871	0.00556	0.00550	0.02938	0.06163	0.01598	0.07101	0.58971	0.10115	0.01553	0.00681	0.00213	0.00333	0.02877	0.02135	0.00499
51	0.38219	0.06361	0.02888	0.05589	0.08573	0.07438	0.07768	0.09055	0.03130	0.02203	0.00977	0.01152	0.00761	0.00537	0.00447	0.00166	0.00589	0.00402	0.03052	0.00693

[dist]
# distance from previous block
# <min> <max>
2	4

[block]
# block no. 7 follows, 43 sequences, length 20
# corresponding to MSA columns:
# 673-692
name=unknown_H
#
# <colnr> <probs for GDERKNQSTAVLIFYWHMCP>
#	G	D	E	R	K	N	Q	S	T	A	V	L	I	F	Y	W	H	M	C	P
0	0.00754	0.00552	0.00665	0.00668	0.00794	0.00503	0.00491	0.00948	0.01346	0.01833	0.37015	0.14684	0.23656	0.05102	0.00754	0.00202	0.00297	0.03814	0.05434	0.00488
1	0.07173	0.01277	0.02790	0.03628	0.03710	0.03515	0.02931	0.18401	0.29560	0.02388	0.01587	0.03212	0.01226	0.00650	0.00520	0.00162	0.00517	0.00527	0.02412	0.13813
2	0.00814	0.00648	0.00750	0.00732	0.00909	0.00606	0.00558	0.01154	0.09431	0.01818	0.25661	0.11911	0.30961	0.01252	0.00648	0.00188	0.00320	0.06905	0.00539	0.04195
3	0.05787	0.19801	0.29779	0.01458	0.06885	0.04625	0.05255	0.03302	0.02514	0.06109	0.01142	0.01487	0.00932	0.00604	0.00551	0.00168	0.03668	0.04869	0.00303	0.00759
4	0.01290	0.20942	0.39462	0.04452	0.07076	0.03454	0.03363	0.03958	0.05788	0.01703	0.01023	0.01192	0.00789	0.00542	0.00528	0.00163	0.02805	0.00414	0.00270	0.00785
5	0.01268	0.00702	0.00903	0.00801	0.01020	0.00648	0.00618	0.01581	0.06363	0.22578	0.41233	0.09618	0.08298	0.01052	0.00626	0.00179	0.00336	0.00913	0.00614	0.00650
6	0.01091	0.00916	0.03668	0.01192	0.11287	0.00858	0.00828	0.04943	0.14192	0.06177	0.08184	0.10008	0.26899	0.01083	0.00623	0.00189	0.00422	0.06282	0.00499	0.00659
7	0.11010	0.05328	0.02837	0.00934	0.01378	0.02901	0.02781	0.01525	0.01138	0.05004	0.00984	0.01147	0.00802	0.00479	0.00503	0.00114	0.05297	0.00354	0.00331	0.55155
8	0.03713	0.03510	0.08708	0.02700	0.14047	0.01105	0.02275	0.09489	0.03498	0.04886	0.12659	0.06474	0.04481	0.00817	0.01918	0.00179	0.06698	0.00626	0.00403	0.11816
9	0.00754	0.00522	0.00648	0.00706	0.00732	0.00511	0.00454	0.00821	0.00959	0.01283	0.04514	0.35391	0.02824	0.39219	0.04355	0.00396	0.00471	0.04614	0.00424	0.00402
10	0.00761	0.00600	0.00866	0.08431	0.03872	0.00588	0.02425	0.00923	0.01151	0.01534	0.11276	0.53656	0.08904	0.01453	0.00675	0.00209	0.00378	0.01314	0.00485	0.00498
11	0.08131	0.11616	0.20728	0.12528	0.07072	0.12465	0.03971	0.03448	0.01267	0.05899	0.03270	0.01413	0.00960	0.00679	0.02767	0.00186	0.00740	0.01831	0.00307	0.00720
12	0.01922	0.01287	0.01639	0.01268	0.01666	0.05100	0.11425	0.27109	0.05100	0.24345	0.01692	0.01684	0.02944	0.00666	0.00589	0.00170	0.02672	0.00553	0.07329	0.00841
13	0.00787	0.00529	0.00610	0.00628	0.00632	0.00525	0.00361	0.00801	0.00842	0.01122	0.01931	0.14498	0.02248	0.69343	0.02519	0.00493	0.00506	0.00915	0.00361	0.00352
14	0.03108	0.01408	0.09837	0.06873	0.13306	0.02948	0.04649	0.20595	0.04895	0.17762	0.01447	0.01654	0.01085	0.07074	0.00734	0.00201	0.00627	0.00531	0.00443	0.00823
15	0.01446	0.18968	0.20558	0.01663	0.11228	0.07042	0.10526	0.01895	0.07005	0.07284	0.01124	0.01287	0.00871	0.00567	0.00601	0.00166	0.06226	0.00455	0.00309	0.00780
16	0.03480	0.01151	0.09514	0.03758	0.01528	0.02769	0.12040	0.03279	0.14051	0.01894	0.17855	0.06984	0.07756	0.08784	0.00819	0.00217	0.00531	0.00772	0.02180	0.00640
17	0.00789	0.00533	0.00622	0.00638	0.00646	0.00534	0.00374	0.00810	0.00840	0.01125	0.01889	0.12729	0.02181	0.67471	0.06147	0.00516	0.00556	0.00888	0.00355	0.00357
18	0.07572	0.10770	0.14118	0.04395	0.12415	0.13548	0.14912	0.07795	0.01388	0.06461	0.01060	0.01246	0.00809	0.00533	0.00521	0.00163	0.00751	0.00456	0.00318	0.00768
19	0.01097	0.07075	0.00789	0.00618	0.00785	0.00717	0.00485	0.05240	0.01222	0.02017	0.01764	0.06707	0.01473	0.00800	0.02660	0.00158	0.00343	0.00564	0.64935	0.00550

[dist]
# distance from previous block
# <min> <max>
0	44

# created by:
# /home/cegg/simao/soft/augustus-3.2.1/scripts/msa2prfl.pl ./align_prep/EOG091G0G8R.fa
