[name]
unknown

[dist]
# distance from previous block
# <min> <max>
0	110

[block]
# block no. 0 follows, 51 sequences, length 17
# corresponding to MSA columns:
# 118-134
name=unknown_A
#
# <colnr> <probs for GDERKNQSTAVLIFYWHMCP>
#	G	D	E	R	K	N	Q	S	T	A	V	L	I	F	Y	W	H	M	C	P
0	0.03465	0.08442	0.03956	0.06628	0.07440	0.03846	0.08945	0.08317	0.05019	0.18194	0.01276	0.01534	0.00989	0.00575	0.00538	0.00149	0.05103	0.04887	0.02287	0.08411
1	0.07287	0.08063	0.19910	0.01235	0.04491	0.07296	0.12088	0.03334	0.05639	0.10315	0.03973	0.01768	0.07632	0.00612	0.00487	0.00154	0.00580	0.04142	0.00337	0.00655
2	0.01343	0.10354	0.10379	0.07164	0.05384	0.01142	0.08187	0.11621	0.11925	0.13876	0.02968	0.05991	0.01167	0.04209	0.00574	0.00166	0.00531	0.00521	0.00379	0.02118
3	0.04538	0.05410	0.07425	0.00767	0.00945	0.00748	0.02544	0.01080	0.04777	0.03049	0.04989	0.05645	0.05168	0.33950	0.08920	0.00343	0.02728	0.01828	0.00322	0.04825
4	0.00842	0.00654	0.02757	0.00802	0.04318	0.00601	0.00577	0.01169	0.11104	0.06393	0.24990	0.23073	0.15838	0.03826	0.00634	0.00180	0.00316	0.00936	0.00475	0.00517
5	0.05987	0.02373	0.10481	0.07862	0.16314	0.09816	0.14046	0.07292	0.07462	0.01685	0.03357	0.03764	0.03919	0.00583	0.00501	0.00156	0.00614	0.02820	0.00310	0.00658
6	0.01460	0.06304	0.09536	0.13253	0.03944	0.08045	0.01016	0.14967	0.08266	0.17078	0.01355	0.03559	0.01051	0.00737	0.03843	0.00180	0.00592	0.03730	0.00387	0.00694
7	0.00702	0.00500	0.00617	0.04084	0.00750	0.00507	0.00426	0.00770	0.00831	0.01103	0.04417	0.12026	0.08052	0.49833	0.09509	0.00417	0.00518	0.04248	0.00336	0.00355
8	0.00627	0.00458	0.00584	0.00667	0.00726	0.00425	0.00468	0.00734	0.00997	0.01309	0.07278	0.55287	0.13896	0.06015	0.00728	0.00210	0.00304	0.08430	0.00452	0.00404
9	0.01199	0.03057	0.11858	0.17599	0.26593	0.04761	0.07027	0.05064	0.06668	0.05235	0.01189	0.03671	0.02824	0.00536	0.00494	0.00154	0.00607	0.00483	0.00292	0.00690
10	0.04254	0.06050	0.06920	0.12809	0.10344	0.19503	0.10418	0.07066	0.07186	0.03405	0.01003	0.02555	0.00801	0.00534	0.00537	0.00152	0.05092	0.00433	0.00289	0.00649
11	0.01146	0.01015	0.03511	0.11414	0.07153	0.04167	0.04221	0.16445	0.06516	0.02885	0.05110	0.17574	0.03254	0.00821	0.00626	0.00169	0.07743	0.02587	0.03033	0.00609
12	0.00856	0.00640	0.00728	0.00744	0.00868	0.04069	0.00552	0.03636	0.06226	0.05925	0.13689	0.38311	0.12422	0.01223	0.00591	0.00182	0.00338	0.08040	0.00472	0.00487
13	0.05887	0.03701	0.01277	0.01015	0.05825	0.00883	0.06791	0.05289	0.02685	0.03705	0.03048	0.01294	0.03151	0.00614	0.04001	0.00141	0.04169	0.00392	0.00312	0.45821
14	0.03944	0.05849	0.06814	0.08711	0.05144	0.07278	0.06873	0.15250	0.04596	0.05609	0.03580	0.01389	0.04282	0.00558	0.00529	0.00142	0.05189	0.00445	0.00337	0.13482
15	0.01262	0.14237	0.01549	0.06929	0.06880	0.04784	0.05799	0.18994	0.02477	0.02786	0.03994	0.05517	0.04247	0.02443	0.00587	0.00159	0.04686	0.06689	0.01606	0.04375
16	0.01130	0.21535	0.08175	0.14405	0.15943	0.03046	0.03303	0.03928	0.02881	0.01413	0.01016	0.01323	0.02512	0.05216	0.03121	0.00177	0.03637	0.00415	0.01382	0.05440

[dist]
# distance from previous block
# <min> <max>
23	54

[block]
# block no. 1 follows, 51 sequences, length 15
# corresponding to MSA columns:
# 224-238
name=unknown_B
#
# <colnr> <probs for GDERKNQSTAVLIFYWHMCP>
#	G	D	E	R	K	N	Q	S	T	A	V	L	I	F	Y	W	H	M	C	P
0	0.06831	0.01008	0.01448	0.21889	0.24520	0.01969	0.02116	0.09706	0.01183	0.04936	0.01167	0.01453	0.03897	0.01487	0.00529	0.00152	0.03206	0.01613	0.03216	0.07673
1	0.01108	0.01084	0.04653	0.12476	0.30995	0.03193	0.06161	0.05676	0.03151	0.01660	0.10413	0.03836	0.01322	0.01680	0.00548	0.00153	0.02414	0.00519	0.02445	0.06515
2	0.02633	0.01190	0.03484	0.13985	0.35736	0.06204	0.06992	0.06628	0.01177	0.03726	0.01002	0.03995	0.00834	0.00506	0.00510	0.00147	0.02558	0.00458	0.00278	0.07957
3	0.06700	0.01070	0.01397	0.08141	0.23088	0.04558	0.02233	0.11848	0.08030	0.10890	0.06137	0.01461	0.01130	0.00556	0.00499	0.00147	0.02510	0.00464	0.04745	0.04393
4	0.03580	0.01196	0.01629	0.06674	0.43611	0.07201	0.01203	0.11913	0.05741	0.01777	0.01111	0.06404	0.00959	0.00548	0.00484	0.00147	0.00560	0.00486	0.00308	0.04469
5	0.13430	0.00871	0.03304	0.05116	0.12457	0.00883	0.04704	0.04542	0.09231	0.01655	0.03700	0.13332	0.06446	0.09744	0.01673	0.00203	0.01947	0.00650	0.05553	0.00560
6	0.00670	0.00499	0.00652	0.00729	0.00780	0.00501	0.00513	0.00839	0.04970	0.01344	0.07466	0.63647	0.03087	0.03365	0.00704	0.00204	0.03506	0.05644	0.00450	0.00429
7	0.01562	0.01282	0.01334	0.01127	0.04344	0.06392	0.00872	0.40288	0.23427	0.02455	0.01337	0.01326	0.00994	0.00574	0.00476	0.00143	0.00501	0.00448	0.00446	0.10669
8	0.01312	0.00874	0.01154	0.20674	0.01685	0.03619	0.02091	0.10597	0.02910	0.20045	0.04138	0.06671	0.04693	0.02227	0.09743	0.00235	0.02554	0.00567	0.03589	0.00620
9	0.03010	0.01120	0.05035	0.32883	0.34993	0.03868	0.01342	0.01468	0.05819	0.01486	0.01093	0.01379	0.03387	0.00503	0.00486	0.00155	0.00600	0.00453	0.00257	0.00662
10	0.03856	0.01910	0.46224	0.01640	0.11644	0.01103	0.15753	0.01518	0.01068	0.03773	0.01048	0.06331	0.00847	0.00526	0.00496	0.00159	0.00679	0.00479	0.00250	0.00697
11	0.01079	0.01022	0.01498	0.36275	0.25928	0.06143	0.01229	0.04692	0.01098	0.01431	0.01142	0.01621	0.03479	0.04254	0.04302	0.00200	0.00646	0.03093	0.00262	0.00607
12	0.01051	0.00918	0.01476	0.35593	0.26444	0.01027	0.01217	0.01350	0.02849	0.04587	0.01275	0.04763	0.04390	0.00602	0.00555	0.00161	0.04735	0.02414	0.03975	0.00617
13	0.01211	0.03867	0.13764	0.20110	0.18340	0.03839	0.12141	0.01564	0.03029	0.10678	0.01154	0.06080	0.00928	0.00544	0.00501	0.00157	0.00623	0.00503	0.00294	0.00673
14	0.00665	0.00577	0.04720	0.00786	0.02531	0.00482	0.00582	0.00796	0.00968	0.01291	0.02572	0.57939	0.05768	0.06621	0.00741	0.00216	0.00348	0.11543	0.00428	0.00426

[dist]
# distance from previous block
# <min> <max>
7	9

[block]
# block no. 2 follows, 51 sequences, length 25
# corresponding to MSA columns:
# 248-272
name=unknown_C
#
# <colnr> <probs for GDERKNQSTAVLIFYWHMCP>
#	G	D	E	R	K	N	Q	S	T	A	V	L	I	F	Y	W	H	M	C	P
0	0.22108	0.09643	0.05770	0.01172	0.04157	0.01232	0.14569	0.08103	0.05646	0.06647	0.01020	0.01172	0.00785	0.00529	0.00547	0.00154	0.08935	0.00410	0.06761	0.00639
1	0.00906	0.00759	0.01293	0.01127	0.03129	0.00733	0.20423	0.03449	0.01054	0.03549	0.02071	0.22944	0.09126	0.06447	0.00865	0.07800	0.02186	0.11284	0.00366	0.00490
2	0.01125	0.06048	0.01708	0.23543	0.36961	0.03913	0.03072	0.01514	0.08857	0.01495	0.01215	0.03032	0.04338	0.00533	0.00486	0.00152	0.00575	0.00483	0.00274	0.00673
3	0.00705	0.00516	0.00738	0.00738	0.00807	0.00586	0.00549	0.00844	0.00774	0.01102	0.01364	0.02194	0.01343	0.19897	0.64727	0.00726	0.01144	0.00565	0.00270	0.00410
4	0.01284	0.07863	0.25581	0.01476	0.13076	0.06681	0.06973	0.09931	0.04235	0.07578	0.01346	0.01443	0.07001	0.00562	0.00511	0.00151	0.02833	0.00461	0.00311	0.00703
5	0.01203	0.34201	0.08991	0.01063	0.05129	0.01310	0.05212	0.07108	0.01131	0.06821	0.01383	0.17076	0.03295	0.00712	0.00480	0.00145	0.02358	0.01439	0.00320	0.00623
6	0.00805	0.00525	0.00656	0.00656	0.00724	0.00530	0.00449	0.03264	0.00918	0.05251	0.05478	0.18909	0.03663	0.36115	0.15104	0.00409	0.00557	0.02861	0.02719	0.00405
7	0.00737	0.00776	0.10272	0.04448	0.01102	0.00578	0.04233	0.00929	0.01045	0.03543	0.06976	0.40384	0.18832	0.01190	0.00585	0.00181	0.00377	0.02920	0.00415	0.00477
8	0.04205	0.02786	0.07419	0.04020	0.04023	0.00813	0.00768	0.04676	0.01090	0.05440	0.00930	0.01064	0.00737	0.00406	0.00390	0.00096	0.00426	0.00322	0.00303	0.60086
9	0.00613	0.00450	0.00578	0.00669	0.00726	0.00415	0.00466	0.00720	0.01000	0.01313	0.06716	0.62885	0.13990	0.01461	0.00622	0.00194	0.00288	0.06027	0.00460	0.00408
10	0.01249	0.01373	0.01459	0.06144	0.01478	0.22436	0.02372	0.01384	0.00945	0.01197	0.00732	0.01090	0.00676	0.00890	0.05532	0.00219	0.49643	0.00408	0.00229	0.00543
11	0.04292	0.05753	0.18132	0.09023	0.08774	0.15047	0.07617	0.09945	0.02649	0.01615	0.00932	0.01150	0.00734	0.00672	0.04564	0.00183	0.05784	0.00405	0.02079	0.00651
12	0.00641	0.00445	0.00582	0.00684	0.00731	0.00420	0.00479	0.00753	0.00971	0.01321	0.02671	0.66794	0.04957	0.01441	0.00610	0.00195	0.00297	0.08738	0.06860	0.00409
13	0.00854	0.00427	0.00640	0.00640	0.00640	0.00427	0.00427	0.00640	0.00640	0.00854	0.00854	0.01494	0.00854	0.01707	0.01921	0.85702	0.00427	0.00427	0.00213	0.00213
14	0.00995	0.03100	0.03530	0.10044	0.35331	0.00929	0.01067	0.01316	0.06405	0.01539	0.05632	0.17697	0.04256	0.00744	0.00511	0.00158	0.00471	0.00676	0.04972	0.00627
15	0.11723	0.25044	0.12504	0.01347	0.01813	0.03227	0.27218	0.08702	0.01171	0.01663	0.00864	0.01044	0.00676	0.00447	0.00443	0.00143	0.00647	0.00403	0.00262	0.00660
16	0.00702	0.00527	0.00790	0.00790	0.00878	0.00614	0.00614	0.00878	0.00790	0.01141	0.01316	0.01931	0.01229	0.03686	0.80782	0.00790	0.01316	0.00527	0.00263	0.00439
17	0.00681	0.00524	0.00632	0.00671	0.00804	0.00481	0.00542	0.00854	0.01143	0.01450	0.13420	0.04848	0.37554	0.04419	0.00693	0.00200	0.00334	0.29861	0.00460	0.00431
18	0.01135	0.01128	0.08222	0.26445	0.17026	0.03983	0.02747	0.08887	0.03869	0.04088	0.01282	0.08525	0.03037	0.00623	0.00526	0.00159	0.02771	0.00537	0.04376	0.00634
19	0.01334	0.22369	0.16331	0.03900	0.07599	0.11200	0.09261	0.11611	0.04626	0.01627	0.00930	0.01082	0.00734	0.00491	0.00472	0.00140	0.02843	0.00386	0.02383	0.00679
20	0.00956	0.00688	0.00782	0.00767	0.00891	0.05693	0.00571	0.03730	0.03280	0.08763	0.10006	0.30960	0.05305	0.03680	0.10614	0.00258	0.03072	0.02931	0.06558	0.00496
21	0.00660	0.00442	0.00557	0.00633	0.00686	0.00417	0.00432	0.00779	0.00992	0.01400	0.09028	0.58447	0.05390	0.03567	0.00629	0.00189	0.00276	0.01176	0.13890	0.00412
22	0.21888	0.07177	0.10783	0.01155	0.05185	0.27356	0.03155	0.06023	0.01200	0.06834	0.00923	0.02833	0.00739	0.00578	0.02078	0.00155	0.00650	0.00367	0.00298	0.00623
23	0.18766	0.03932	0.03309	0.00717	0.00914	0.00762	0.00571	0.08491	0.01128	0.03481	0.09303	0.26715	0.14074	0.03000	0.02523	0.00190	0.00376	0.00830	0.00413	0.00506
24	0.02846	0.03486	0.18804	0.08996	0.11481	0.04135	0.04426	0.05119	0.06071	0.04429	0.03491	0.15412	0.01324	0.00697	0.00523	0.00159	0.02373	0.00599	0.02338	0.03290

[dist]
# distance from previous block
# <min> <max>
1	16

[block]
# block no. 3 follows, 51 sequences, length 47
# corresponding to MSA columns:
# 295-341
name=unknown_D
#
# <colnr> <probs for GDERKNQSTAVLIFYWHMCP>
#	G	D	E	R	K	N	Q	S	T	A	V	L	I	F	Y	W	H	M	C	P
0	0.03348	0.14000	0.22858	0.01407	0.06377	0.10755	0.15659	0.03829	0.05741	0.03837	0.01030	0.03910	0.00831	0.00546	0.01457	0.00153	0.00666	0.00438	0.00274	0.02882
1	0.01172	0.03413	0.15082	0.01298	0.04278	0.10920	0.15224	0.06864	0.05693	0.03473	0.02357	0.07280	0.05578	0.01584	0.00565	0.00165	0.02008	0.08941	0.00334	0.03771
2	0.00765	0.02176	0.02093	0.00654	0.00758	0.00538	0.00483	0.00917	0.03175	0.04009	0.12759	0.13769	0.15332	0.28385	0.03196	0.00293	0.00400	0.09472	0.00407	0.00420
3	0.03303	0.04177	0.05568	0.01361	0.04391	0.10295	0.18819	0.20277	0.13304	0.03499	0.01206	0.02298	0.00928	0.00653	0.03264	0.00174	0.02101	0.00479	0.03204	0.00698
4	0.01277	0.01128	0.05351	0.08044	0.08587	0.02797	0.21887	0.11236	0.03650	0.11539	0.01524	0.10603	0.04089	0.00680	0.00567	0.00166	0.02698	0.03150	0.00364	0.00663
5	0.01195	0.02971	0.04073	0.09283	0.31981	0.03751	0.07481	0.08573	0.06351	0.03682	0.10980	0.04909	0.01402	0.00594	0.00508	0.00153	0.00546	0.00545	0.00335	0.00687
6	0.00612	0.00443	0.00575	0.00674	0.00718	0.00413	0.00461	0.00706	0.00958	0.01261	0.02855	0.68309	0.09826	0.04694	0.00700	0.00209	0.00299	0.05438	0.00450	0.00399
7	0.00837	0.00605	0.00740	0.00774	0.00867	0.03229	0.00578	0.02962	0.03281	0.05064	0.06572	0.39105	0.05573	0.03243	0.04745	0.04970	0.02434	0.13538	0.00430	0.00453
8	0.01169	0.01120	0.01910	0.15800	0.67247	0.01155	0.01485	0.01467	0.01097	0.01549	0.00916	0.01232	0.00758	0.00447	0.00487	0.00149	0.00595	0.00438	0.00239	0.00741
9	0.01928	0.00857	0.01095	0.00866	0.01211	0.00792	0.00706	0.09306	0.06162	0.58699	0.02094	0.04340	0.06561	0.00681	0.00501	0.00154	0.00408	0.00557	0.02299	0.00783
10	0.01274	0.73152	0.12095	0.00910	0.01367	0.01846	0.00960	0.01482	0.01003	0.01205	0.00708	0.00819	0.00630	0.00426	0.00334	0.00111	0.00550	0.00275	0.00210	0.00642
11	0.00666	0.00473	0.00626	0.00669	0.00707	0.00488	0.00454	0.00752	0.00824	0.01125	0.01924	0.33239	0.02180	0.27717	0.25386	0.00465	0.00656	0.00920	0.00348	0.00379
12	0.01036	0.01020	0.01417	0.01216	0.01250	0.01381	0.02273	0.01202	0.03699	0.01262	0.04090	0.01440	0.05786	0.00875	0.01449	0.00207	0.69113	0.00493	0.00254	0.00538
13	0.86201	0.00950	0.00722	0.00646	0.00950	0.01102	0.00532	0.01445	0.00836	0.02205	0.00684	0.00798	0.00532	0.00456	0.00304	0.00152	0.00380	0.00266	0.00304	0.00532
14	0.01948	0.00795	0.01032	0.00811	0.01142	0.00716	0.00663	0.06192	0.01385	0.61397	0.01836	0.01676	0.01204	0.00601	0.00466	0.00145	0.00390	0.00485	0.16352	0.00766
15	0.00889	0.01067	0.14449	0.05784	0.15075	0.00865	0.05348	0.01144	0.01027	0.01425	0.08224	0.09411	0.11511	0.03588	0.07237	0.02331	0.07099	0.02655	0.00313	0.00559
16	0.00630	0.00486	0.00574	0.00610	0.00720	0.00436	0.00450	0.00767	0.01102	0.01412	0.15905	0.25329	0.36438	0.04316	0.00674	0.00191	0.00285	0.08792	0.00464	0.00418
17	0.01220	0.01222	0.09318	0.07449	0.22878	0.01166	0.02327	0.12990	0.24831	0.01929	0.04281	0.04390	0.01246	0.00612	0.00503	0.00159	0.00516	0.01858	0.00374	0.00732
18	0.00684	0.00502	0.00641	0.00606	0.00727	0.00459	0.00455	0.00905	0.01364	0.01907	0.72034	0.03776	0.12047	0.01028	0.00580	0.00156	0.00234	0.00903	0.00533	0.00459
19	0.01148	0.02488	0.00955	0.03573	0.01112	0.03124	0.00659	0.07530	0.20839	0.11041	0.21445	0.05086	0.10431	0.00831	0.00524	0.00159	0.00368	0.03481	0.04591	0.00617
20	0.02687	0.01143	0.06547	0.42350	0.22526	0.03853	0.05626	0.03796	0.01099	0.04372	0.00935	0.01256	0.00713	0.00479	0.00489	0.00156	0.00642	0.00435	0.00251	0.00643
21	0.04999	0.01321	0.01418	0.01094	0.01481	0.01453	0.00903	0.68882	0.03925	0.07723	0.01226	0.01210	0.00863	0.00588	0.00485	0.00148	0.00524	0.00442	0.00492	0.00823
22	0.01189	0.01162	0.01866	0.16602	0.57920	0.04308	0.03414	0.01530	0.04357	0.01546	0.00956	0.01248	0.00780	0.00459	0.00489	0.00150	0.00606	0.00441	0.00250	0.00726
23	0.01018	0.00657	0.00580	0.00557	0.00692	0.07789	0.00420	0.03422	0.01115	0.01817	0.04593	0.01800	0.01324	0.00584	0.00366	0.00118	0.00298	0.00462	0.71908	0.00479
24	0.01136	0.01005	0.04084	0.00940	0.03956	0.00839	0.03408	0.14189	0.01262	0.01856	0.05846	0.03196	0.01058	0.00552	0.02207	0.00118	0.00442	0.00403	0.00338	0.53165
25	0.04611	0.01274	0.01365	0.01068	0.01438	0.01406	0.00876	0.61393	0.10279	0.06856	0.01301	0.01280	0.00928	0.00594	0.00482	0.00149	0.00504	0.00452	0.02935	0.00809
26	0.00690	0.00525	0.00729	0.00765	0.00818	0.00579	0.00558	0.00835	0.02409	0.01204	0.01937	0.38869	0.02154	0.06836	0.32804	0.00451	0.06124	0.00931	0.00355	0.00426
27	0.00726	0.00612	0.03171	0.02723	0.03765	0.00538	0.00561	0.00987	0.03244	0.01838	0.59661	0.03545	0.14804	0.00980	0.00569	0.00156	0.00277	0.00857	0.00499	0.00486
28	0.76415	0.04231	0.00827	0.00683	0.00976	0.03588	0.00562	0.01438	0.00855	0.02081	0.00708	0.00867	0.00573	0.02533	0.00390	0.00159	0.02004	0.00282	0.00297	0.00531
29	0.00814	0.00644	0.00900	0.00901	0.04970	0.00611	0.06670	0.02143	0.06786	0.04640	0.10615	0.29699	0.23610	0.01139	0.00584	0.00176	0.00351	0.03795	0.00447	0.00503
30	0.04031	0.01252	0.08383	0.08129	0.12451	0.03901	0.03249	0.14605	0.25645	0.08005	0.01513	0.01539	0.03919	0.00587	0.00490	0.00156	0.00520	0.00490	0.00398	0.00736
31	0.86201	0.00950	0.00722	0.00646	0.00950	0.01102	0.00532	0.01445	0.00836	0.02205	0.00684	0.00798	0.00532	0.00456	0.00304	0.00152	0.00380	0.00266	0.00304	0.00532
32	0.00634	0.00532	0.00551	0.00549	0.00708	0.00473	0.00407	0.00844	0.06459	0.01386	0.07290	0.08873	0.64582	0.03728	0.00637	0.00177	0.00267	0.01009	0.00458	0.00437
33	0.00663	0.00484	0.00593	0.00595	0.00705	0.00440	0.00435	0.00841	0.01220	0.01675	0.42975	0.19468	0.21079	0.01141	0.00576	0.00164	0.00246	0.00999	0.05262	0.00440
34	0.00674	0.00486	0.00606	0.00617	0.00724	0.00439	0.00447	0.00837	0.01195	0.03345	0.37973	0.27699	0.20721	0.01211	0.00592	0.00171	0.00256	0.01067	0.00498	0.00442
35	0.00910	0.00871	0.01650	0.04186	0.04321	0.00837	0.32509	0.01168	0.01061	0.01417	0.01809	0.20027	0.03538	0.07733	0.00764	0.00210	0.00580	0.15540	0.00341	0.00528
36	0.01085	0.26857	0.56736	0.01232	0.01865	0.01384	0.01521	0.01531	0.01026	0.01435	0.00822	0.00962	0.00625	0.00453	0.00421	0.00140	0.00666	0.00333	0.00208	0.00697
37	0.03402	0.00995	0.01068	0.00972	0.01228	0.01132	0.00765	0.08452	0.58188	0.02034	0.01976	0.04745	0.01623	0.02475	0.00559	0.00179	0.00406	0.08596	0.00484	0.00720
38	0.01194	0.01150	0.01980	0.08785	0.72038	0.01164	0.03478	0.01491	0.01110	0.01579	0.00922	0.01226	0.00768	0.00441	0.00489	0.00148	0.00595	0.00441	0.00242	0.00758
39	0.06964	0.01814	0.01331	0.01226	0.03409	0.50689	0.00926	0.01720	0.01201	0.04390	0.00865	0.01170	0.00759	0.03347	0.00731	0.00161	0.15874	0.02589	0.00270	0.00565
40	0.01033	0.00829	0.00909	0.00832	0.01053	0.00904	0.00645	0.01918	0.45925	0.03846	0.19710	0.02667	0.11211	0.00822	0.00526	0.00163	0.00334	0.02554	0.03472	0.00648
41	0.00698	0.00474	0.00553	0.00571	0.00584	0.00471	0.00341	0.00722	0.00766	0.01019	0.01801	0.13624	0.03894	0.65850	0.04584	0.00437	0.00471	0.02494	0.00325	0.00322
42	0.01207	0.01217	0.01825	0.11651	0.44676	0.09104	0.09209	0.01562	0.05924	0.01556	0.03724	0.01479	0.00994	0.00514	0.00503	0.00153	0.00619	0.03113	0.00275	0.00696
43	0.00611	0.00483	0.00530	0.00552	0.00681	0.00420	0.00403	0.00740	0.01097	0.01381	0.10518	0.20590	0.52511	0.02321	0.00609	0.00175	0.00260	0.02272	0.03429	0.00416
44	0.00621	0.00483	0.00543	0.00558	0.00684	0.00423	0.00407	0.00763	0.01135	0.01462	0.19448	0.20089	0.45915	0.01230	0.00581	0.00168	0.00252	0.01057	0.03756	0.00423
45	0.26646	0.00976	0.00950	0.00839	0.01118	0.01110	0.00666	0.08542	0.37933	0.04079	0.01489	0.01464	0.01119	0.00585	0.00422	0.00154	0.00381	0.00446	0.10406	0.00673
46	0.01089	0.01228	0.12070	0.14007	0.39042	0.01055	0.05476	0.01432	0.02428	0.02491	0.01213	0.01592	0.04496	0.00532	0.00496	0.00152	0.00585	0.04200	0.00267	0.06148

[dist]
# distance from previous block
# <min> <max>
0	1

[block]
# block no. 4 follows, 51 sequences, length 19
# corresponding to MSA columns:
# 343-361
name=unknown_E
#
# <colnr> <probs for GDERKNQSTAVLIFYWHMCP>
#	G	D	E	R	K	N	Q	S	T	A	V	L	I	F	Y	W	H	M	C	P
0	0.01278	0.41649	0.23973	0.01158	0.03979	0.05877	0.03939	0.07082	0.04230	0.01474	0.00849	0.00965	0.00687	0.00460	0.00399	0.00129	0.00609	0.00335	0.00246	0.00680
1	0.01533	0.39155	0.01906	0.01038	0.01356	0.36473	0.00877	0.04428	0.01201	0.01240	0.00768	0.00950	0.00686	0.03751	0.00499	0.00134	0.02852	0.00315	0.00243	0.00596
2	0.00940	0.00990	0.07300	0.13695	0.27486	0.00905	0.05358	0.01217	0.01126	0.01544	0.15115	0.04674	0.13841	0.00717	0.00558	0.00159	0.02803	0.00641	0.00328	0.00603
3	0.00652	0.00490	0.00608	0.00644	0.00741	0.00453	0.00469	0.00831	0.03024	0.01522	0.26625	0.34492	0.20396	0.01279	0.00603	0.00179	0.00274	0.05802	0.00483	0.00435
4	0.01054	0.00993	0.01656	0.39524	0.37692	0.01099	0.01368	0.01392	0.03779	0.01442	0.01019	0.04966	0.00858	0.00521	0.00496	0.00157	0.00597	0.00485	0.00250	0.00653
5	0.01050	0.02850	0.04581	0.03117	0.03291	0.00951	0.00736	0.06373	0.34451	0.01917	0.15252	0.02395	0.10155	0.00760	0.00504	0.00157	0.00374	0.02133	0.08312	0.00641
6	0.00613	0.00495	0.00546	0.00542	0.00686	0.00427	0.00403	0.00765	0.01184	0.01501	0.25373	0.08962	0.54388	0.01196	0.00583	0.00165	0.00246	0.01017	0.00480	0.00427
7	0.00985	0.00837	0.00983	0.00724	0.01128	0.00634	0.00572	0.01193	0.01013	0.01573	0.01022	0.07620	0.00932	0.00459	0.00385	0.00083	0.00358	0.00381	0.00305	0.78813
8	0.01216	0.01168	0.01995	0.03016	0.79664	0.01168	0.01508	0.01508	0.01119	0.01605	0.00924	0.01216	0.00778	0.00438	0.00487	0.00146	0.00584	0.00438	0.00243	0.00778
9	0.02972	0.03980	0.10550	0.08845	0.10573	0.08535	0.07816	0.10760	0.02885	0.06013	0.03883	0.08417	0.01180	0.01896	0.00557	0.00159	0.02785	0.02647	0.00331	0.05216
10	0.06777	0.06319	0.07612	0.01126	0.02848	0.26237	0.03170	0.10996	0.04136	0.03763	0.06394	0.01341	0.01051	0.00574	0.00518	0.00140	0.05265	0.02483	0.00324	0.08927
11	0.01373	0.00985	0.01014	0.00844	0.01100	0.03916	0.00674	0.35317	0.07768	0.02401	0.09355	0.01697	0.01413	0.00629	0.00449	0.00138	0.00404	0.00498	0.29371	0.00655
12	0.00725	0.00681	0.06657	0.00758	0.03287	0.00542	0.00600	0.00966	0.03027	0.01703	0.44357	0.11101	0.16303	0.01064	0.00614	0.02671	0.00305	0.03690	0.00471	0.00478
13	0.00702	0.00476	0.00535	0.00539	0.00551	0.00470	0.00309	0.00713	0.00749	0.00988	0.01812	0.06342	0.06798	0.74426	0.02307	0.00446	0.00455	0.00761	0.00314	0.00309
14	0.03693	0.01445	0.16192	0.01205	0.05943	0.08048	0.02837	0.19300	0.13748	0.09525	0.02804	0.01492	0.01063	0.00590	0.00496	0.00152	0.01834	0.02672	0.06241	0.00718
15	0.00653	0.00494	0.00567	0.00577	0.00680	0.00450	0.00413	0.00775	0.01068	0.01377	0.18948	0.10023	0.34477	0.20226	0.01039	0.00243	0.00317	0.06836	0.00436	0.00399
16	0.01120	0.01404	0.19065	0.03005	0.16422	0.06701	0.02943	0.05963	0.06000	0.01614	0.05101	0.01646	0.02917	0.00794	0.04869	0.00195	0.10979	0.03909	0.04711	0.00644
17	0.00700	0.00550	0.00652	0.00673	0.00753	0.02628	0.00480	0.00831	0.02198	0.01415	0.21358	0.34778	0.16860	0.05333	0.00797	0.04086	0.03999	0.01047	0.00442	0.00420
18	0.19503	0.30955	0.07680	0.03241	0.08307	0.09582	0.02321	0.02999	0.01056	0.03626	0.00844	0.03139	0.00720	0.00480	0.00381	0.00131	0.00546	0.00344	0.00264	0.03881

[dist]
# distance from previous block
# <min> <max>
0	1

[block]
# block no. 5 follows, 51 sequences, length 25
# corresponding to MSA columns:
# 363-387
name=unknown_F
#
# <colnr> <probs for GDERKNQSTAVLIFYWHMCP>
#	G	D	E	R	K	N	Q	S	T	A	V	L	I	F	Y	W	H	M	C	P
0	0.24988	0.26532	0.01604	0.02353	0.05684	0.13731	0.02803	0.05663	0.02457	0.03122	0.03174	0.01004	0.00777	0.00478	0.00377	0.00131	0.00536	0.00332	0.00287	0.03967
1	0.03407	0.00635	0.00766	0.00819	0.05320	0.03925	0.00548	0.00956	0.00924	0.04048	0.07502	0.08897	0.07212	0.26022	0.19456	0.03846	0.00634	0.04313	0.00341	0.00427
2	0.00925	0.02635	0.08871	0.09121	0.10030	0.00843	0.03517	0.01333	0.12013	0.03624	0.15596	0.18560	0.07704	0.00872	0.00559	0.00167	0.01888	0.00768	0.00393	0.00581
3	0.00912	0.00642	0.00755	0.00703	0.00836	0.00656	0.00513	0.13117	0.02199	0.03722	0.11783	0.13886	0.13070	0.20549	0.11686	0.00320	0.00499	0.00793	0.02881	0.00479
4	0.01176	0.01080	0.06219	0.01398	0.17199	0.01090	0.00971	0.07213	0.29594	0.04905	0.06981	0.01746	0.02604	0.00984	0.09594	0.00232	0.05392	0.00529	0.00392	0.00701
5	0.00676	0.00493	0.00556	0.00565	0.00678	0.00438	0.00397	0.00784	0.01051	0.04067	0.11117	0.18855	0.41302	0.15702	0.00927	0.00226	0.00300	0.01014	0.00442	0.00411
6	0.00777	0.00530	0.00715	0.00709	0.00776	0.00572	0.00511	0.00886	0.00819	0.04724	0.01622	0.08053	0.03278	0.30158	0.38905	0.00569	0.02729	0.02944	0.00313	0.00408
7	0.86201	0.00950	0.00722	0.00646	0.00950	0.01102	0.00532	0.01445	0.00836	0.02205	0.00684	0.00798	0.00532	0.00456	0.00304	0.00152	0.00380	0.00266	0.00304	0.00532
8	0.01519	0.05262	0.01778	0.04726	0.30953	0.20359	0.05324	0.20752	0.01475	0.01848	0.00940	0.01118	0.00745	0.00492	0.00475	0.00142	0.00659	0.00410	0.00306	0.00722
9	0.01282	0.03790	0.06989	0.02770	0.13088	0.13368	0.07040	0.05233	0.01075	0.05018	0.00884	0.01171	0.00745	0.00836	0.06457	0.00213	0.28727	0.00426	0.00262	0.00625
10	0.00671	0.00472	0.00555	0.00591	0.00628	0.00453	0.00379	0.00724	0.00855	0.01114	0.02390	0.23979	0.13089	0.45523	0.01640	0.00347	0.00394	0.05477	0.00370	0.00350
11	0.01080	0.00978	0.05245	0.12617	0.03214	0.05235	0.15297	0.06263	0.01155	0.03251	0.01449	0.03600	0.03486	0.03846	0.00555	0.00162	0.00520	0.05010	0.26479	0.00558
12	0.00894	0.00736	0.00953	0.02265	0.05542	0.00768	0.03465	0.06781	0.12548	0.01675	0.18095	0.12018	0.16986	0.05332	0.05312	0.00220	0.03740	0.01701	0.00430	0.00540
13	0.01010	0.00955	0.01594	0.49106	0.26548	0.01107	0.01350	0.01303	0.01009	0.01359	0.00960	0.04995	0.00812	0.00544	0.00561	0.00163	0.05297	0.00481	0.00237	0.00610
14	0.06225	0.00974	0.01100	0.00831	0.01233	0.00884	0.00672	0.14323	0.08226	0.10816	0.01135	0.01180	0.00859	0.00462	0.00409	0.00107	0.00403	0.00362	0.00380	0.49419
15	0.04974	0.01184	0.01291	0.01019	0.01369	0.05515	0.02583	0.37079	0.08707	0.20685	0.01394	0.01438	0.01011	0.05314	0.00596	0.00166	0.00507	0.00464	0.00475	0.04231
16	0.01006	0.14922	0.56928	0.01245	0.01850	0.01194	0.03576	0.01465	0.01055	0.01498	0.04288	0.01401	0.04472	0.00539	0.00461	0.00150	0.00648	0.02383	0.00240	0.00677
17	0.00928	0.00873	0.01474	0.81548	0.03385	0.01092	0.01365	0.01256	0.00983	0.01256	0.00873	0.01310	0.00655	0.00491	0.00491	0.00164	0.00655	0.00437	0.00218	0.00546
18	0.01884	0.01203	0.01383	0.01133	0.04705	0.01277	0.00891	0.49593	0.07404	0.23221	0.01427	0.01357	0.00980	0.00594	0.00493	0.00150	0.00500	0.00464	0.00513	0.00829
19	0.01388	0.00873	0.01025	0.00943	0.05599	0.05476	0.00693	0.08463	0.07845	0.25371	0.29910	0.02445	0.06309	0.00771	0.00526	0.00153	0.00388	0.00651	0.00515	0.00656
20	0.01220	0.01145	0.01904	0.12108	0.66222	0.01179	0.01458	0.05891	0.01172	0.01651	0.00933	0.01225	0.00767	0.00453	0.00487	0.00148	0.00590	0.00438	0.00255	0.00754
21	0.01260	0.01222	0.01956	0.02893	0.74308	0.04507	0.01469	0.03571	0.01162	0.01628	0.00924	0.01201	0.00774	0.00445	0.00485	0.00145	0.00595	0.00433	0.00250	0.00771
22	0.00679	0.00487	0.00556	0.00562	0.00618	0.00466	0.00364	0.00744	0.00888	0.01156	0.08307	0.06769	0.20433	0.48342	0.04504	0.00370	0.00425	0.03614	0.00364	0.00353
23	0.01207	0.01158	0.01978	0.05566	0.77187	0.01165	0.01504	0.01500	0.01115	0.01594	0.00923	0.01219	0.00774	0.00440	0.00487	0.00147	0.00586	0.00438	0.00242	0.00771
24	0.04961	0.01314	0.01190	0.02312	0.01314	0.24413	0.03909	0.13934	0.06413	0.09058	0.13057	0.05384	0.01579	0.00741	0.02210	0.00160	0.00572	0.02102	0.02922	0.02455

[dist]
# distance from previous block
# <min> <max>
0	3

[block]
# block no. 6 follows, 51 sequences, length 6
# corresponding to MSA columns:
# 391-396
name=unknown_G
#
# <colnr> <probs for GDERKNQSTAVLIFYWHMCP>
#	G	D	E	R	K	N	Q	S	T	A	V	L	I	F	Y	W	H	M	C	P
0	0.05869	0.01002	0.01292	0.05502	0.18854	0.06228	0.04580	0.05860	0.11607	0.01581	0.04636	0.03875	0.01281	0.14861	0.07118	0.00261	0.04132	0.00542	0.00324	0.00594
1	0.09828	0.01058	0.05450	0.05076	0.03774	0.07283	0.01786	0.10507	0.03402	0.05372	0.08765	0.04135	0.08248	0.03492	0.00612	0.00163	0.05170	0.03823	0.04076	0.07982
2	0.01048	0.01035	0.08498	0.01132	0.11330	0.05268	0.00827	0.05337	0.12686	0.05297	0.04054	0.10754	0.15867	0.05055	0.05726	0.00213	0.00505	0.00681	0.00384	0.04306
3	0.03691	0.00723	0.00857	0.03702	0.01043	0.00684	0.00591	0.07337	0.01202	0.07803	0.12259	0.04377	0.23253	0.00992	0.05036	0.00180	0.03161	0.02435	0.02465	0.18210
4	0.01155	0.36047	0.21238	0.00981	0.01382	0.07721	0.01007	0.01467	0.05351	0.01325	0.03652	0.01496	0.01040	0.10435	0.00660	0.00174	0.00578	0.03426	0.00261	0.00605
5	0.00701	0.06306	0.00789	0.00731	0.00800	0.00610	0.00535	0.00800	0.00945	0.01245	0.02542	0.55660	0.09528	0.05221	0.00771	0.00206	0.06833	0.04941	0.00412	0.00426

[dist]
# distance from previous block
# <min> <max>
0	7

# created by:
# /home/cegg/simao/soft/augustus-3.2.1/scripts/msa2prfl.pl ./align_prep/EOG091G0O40.fa
