[name]
unknown

[dist]
# distance from previous block
# <min> <max>
0	67

[block]
# block no. 0 follows, 37 sequences, length 17
# corresponding to MSA columns:
# 67-83
name=unknown_A
#
# <colnr> <probs for GDERKNQSTAVLIFYWHMCP>
#	G	D	E	R	K	N	Q	S	T	A	V	L	I	F	Y	W	H	M	C	P
0	0.08653	0.01489	0.01519	0.10930	0.04834	0.15155	0.01091	0.13762	0.01702	0.12513	0.07144	0.03801	0.01545	0.00789	0.00641	0.00186	0.03216	0.04079	0.00475	0.06476
1	0.01087	0.00723	0.00932	0.04232	0.01170	0.00714	0.00703	0.05429	0.02907	0.06948	0.14935	0.28522	0.07441	0.08552	0.01044	0.04744	0.00448	0.08331	0.00555	0.00582
2	0.01048	0.00748	0.00959	0.08510	0.01330	0.00751	0.00731	0.06939	0.01426	0.05576	0.11172	0.30238	0.15318	0.07497	0.02858	0.00269	0.00478	0.03017	0.00542	0.00593
3	0.13594	0.01267	0.01563	0.14833	0.11142	0.06600	0.04394	0.08675	0.04866	0.03274	0.03955	0.05598	0.02957	0.03935	0.00778	0.02088	0.03200	0.02570	0.03980	0.00732
4	0.01202	0.01064	0.03368	0.26207	0.04527	0.04326	0.01095	0.08939	0.01388	0.01843	0.03577	0.19844	0.01946	0.10451	0.02806	0.00272	0.00657	0.00875	0.04971	0.00644
5	0.00908	0.00736	0.00802	0.00858	0.00962	0.04701	0.00597	0.03853	0.01334	0.01712	0.09011	0.48542	0.15408	0.06493	0.00894	0.00251	0.00411	0.01442	0.00552	0.00532
6	0.09155	0.07300	0.01837	0.16947	0.09965	0.06839	0.05583	0.06812	0.05433	0.05050	0.01392	0.06880	0.01195	0.00964	0.05133	0.00239	0.04910	0.00603	0.00381	0.03382
7	0.03992	0.06481	0.15151	0.12381	0.02142	0.13002	0.05275	0.08624	0.01490	0.01937	0.05006	0.07575	0.04915	0.00934	0.02313	0.03119	0.02279	0.00650	0.02005	0.00729
8	0.03487	0.01092	0.05275	0.01067	0.01388	0.01016	0.03235	0.09831	0.05775	0.20495	0.06705	0.02443	0.01790	0.06727	0.05046	0.00261	0.03227	0.02965	0.17395	0.00780
9	0.00867	0.00563	0.00717	0.00763	0.00820	0.00533	0.00511	0.00894	0.01118	0.01496	0.09017	0.29637	0.12267	0.13818	0.01513	0.20174	0.00421	0.01160	0.03276	0.00433
10	0.08551	0.03261	0.08313	0.13779	0.09424	0.05207	0.13125	0.04204	0.08234	0.06269	0.03062	0.06340	0.01344	0.03260	0.02803	0.00231	0.00756	0.00651	0.00395	0.00788
11	0.01575	0.01409	0.01945	0.26915	0.21372	0.09972	0.05269	0.02022	0.07023	0.09720	0.04000	0.03465	0.01264	0.00677	0.00618	0.00192	0.00751	0.00603	0.00388	0.00820
12	0.00887	0.00764	0.03392	0.00828	0.00942	0.03452	0.00605	0.01027	0.01224	0.01597	0.08843	0.30245	0.15022	0.20937	0.01333	0.00318	0.00460	0.05040	0.02581	0.00503
13	0.01327	0.02568	0.49601	0.01643	0.02342	0.06241	0.07409	0.06084	0.01442	0.02023	0.06449	0.05243	0.01325	0.00741	0.00659	0.02316	0.00834	0.00586	0.00332	0.00834
14	0.09568	0.05956	0.09182	0.21124	0.05707	0.08301	0.07267	0.10460	0.04391	0.04111	0.01254	0.03115	0.00990	0.00790	0.03115	0.00218	0.02755	0.00541	0.00366	0.00791
15	0.06672	0.04039	0.01421	0.06603	0.10434	0.02617	0.00980	0.10302	0.06894	0.10881	0.08426	0.10535	0.06665	0.05155	0.05436	0.00265	0.00617	0.00790	0.00503	0.00764
16	0.00944	0.00721	0.00777	0.00810	0.00917	0.04682	0.00560	0.01071	0.01254	0.04040	0.08740	0.33333	0.17268	0.15591	0.03651	0.00313	0.00471	0.01267	0.03074	0.00518

[dist]
# distance from previous block
# <min> <max>
9	47

[block]
# block no. 1 follows, 37 sequences, length 6
# corresponding to MSA columns:
# 133-138
name=unknown_B
#
# <colnr> <probs for GDERKNQSTAVLIFYWHMCP>
#	G	D	E	R	K	N	Q	S	T	A	V	L	I	F	Y	W	H	M	C	P
0	0.01990	0.06543	0.01396	0.01024	0.01406	0.01004	0.00834	0.05923	0.06069	0.38603	0.16309	0.07248	0.02419	0.00897	0.00622	0.00185	0.00476	0.00749	0.00655	0.05648
1	0.14630	0.00861	0.01004	0.00897	0.01123	0.00873	0.03447	0.05352	0.01415	0.06716	0.16381	0.10790	0.20286	0.09426	0.00965	0.00247	0.03482	0.00962	0.00528	0.00616
2	0.01603	0.09152	0.05044	0.01243	0.01631	0.05335	0.07130	0.07072	0.10405	0.13392	0.15769	0.02536	0.05106	0.00857	0.00675	0.00187	0.03613	0.02971	0.00522	0.05758
3	0.12482	0.01374	0.07892	0.01233	0.01623	0.06449	0.08597	0.01880	0.05562	0.11346	0.05099	0.01976	0.05528	0.00958	0.03594	0.04865	0.04841	0.00587	0.04199	0.09912
4	0.06124	0.09327	0.08810	0.01195	0.01613	0.06819	0.03072	0.10137	0.04196	0.04190	0.03286	0.07576	0.01355	0.02652	0.00708	0.00179	0.06094	0.00582	0.03719	0.18364
5	0.08060	0.08849	0.08553	0.06019	0.04677	0.10318	0.08560	0.07360	0.03180	0.11849	0.04509	0.01843	0.02566	0.06369	0.00758	0.00208	0.00713	0.00567	0.00421	0.04619

[dist]
# distance from previous block
# <min> <max>
2	14

[block]
# block no. 2 follows, 37 sequences, length 15
# corresponding to MSA columns:
# 153-167
name=unknown_C
#
# <colnr> <probs for GDERKNQSTAVLIFYWHMCP>
#	G	D	E	R	K	N	Q	S	T	A	V	L	I	F	Y	W	H	M	C	P
0	0.03774	0.08931	0.02034	0.08666	0.11085	0.08046	0.07933	0.21459	0.01799	0.05990	0.01295	0.01477	0.00987	0.00619	0.00564	0.00169	0.00706	0.00512	0.05322	0.08632
1	0.15675	0.04019	0.12701	0.02860	0.05068	0.01276	0.01102	0.16770	0.01598	0.06801	0.03580	0.08100	0.01517	0.05483	0.00723	0.00214	0.00599	0.03797	0.03489	0.04629
2	0.08138	0.03484	0.07737	0.04891	0.07362	0.01298	0.01053	0.17937	0.08964	0.02328	0.01517	0.04542	0.01333	0.13600	0.01033	0.02438	0.00613	0.00606	0.00433	0.10693
3	0.01948	0.04357	0.06922	0.01527	0.06465	0.13239	0.03834	0.31992	0.03785	0.06458	0.04146	0.01768	0.03418	0.03388	0.00685	0.00192	0.00725	0.00571	0.00489	0.04090
4	0.05538	0.03989	0.10888	0.01126	0.01500	0.04608	0.03441	0.08578	0.01479	0.06440	0.05672	0.24195	0.06827	0.01072	0.00630	0.00191	0.00552	0.00917	0.00479	0.11880
5	0.01509	0.06600	0.06886	0.04730	0.19921	0.06211	0.01217	0.06236	0.03026	0.08932	0.04248	0.11154	0.07439	0.00853	0.00608	0.00182	0.00617	0.00729	0.00437	0.08465
6	0.04725	0.23467	0.10173	0.01526	0.10786	0.03166	0.04729	0.08808	0.01438	0.02010	0.01090	0.01332	0.00910	0.02989	0.00581	0.00161	0.00663	0.00438	0.00338	0.20672
7	0.11605	0.04609	0.05299	0.00956	0.01251	0.01070	0.00793	0.16903	0.01601	0.02285	0.05404	0.19061	0.18712	0.04856	0.00751	0.00221	0.00482	0.00968	0.02495	0.00677
8	0.00809	0.00578	0.00695	0.00750	0.00822	0.00538	0.00502	0.00889	0.01157	0.01498	0.06306	0.31942	0.20076	0.21988	0.01479	0.05259	0.00421	0.03327	0.00502	0.00460
9	0.17709	0.08586	0.08022	0.03864	0.07546	0.06182	0.00989	0.03772	0.01259	0.03541	0.01722	0.18066	0.01771	0.11055	0.00907	0.00250	0.00606	0.03078	0.00404	0.00670
10	0.01641	0.50597	0.10850	0.01254	0.01775	0.07120	0.03154	0.05211	0.07392	0.01718	0.01059	0.01186	0.00891	0.00591	0.00518	0.00155	0.03352	0.00404	0.00313	0.00818
11	0.43109	0.04230	0.01326	0.01050	0.01465	0.08348	0.00859	0.16424	0.04073	0.08416	0.01177	0.01244	0.00876	0.00625	0.00473	0.00179	0.00582	0.00418	0.00454	0.04673
12	0.00859	0.00655	0.00714	0.00709	0.00838	0.00619	0.00488	0.01062	0.06026	0.01578	0.07703	0.06445	0.35352	0.28582	0.01607	0.02537	0.00433	0.02801	0.00500	0.00493
13	0.00804	0.00553	0.00701	0.00793	0.00834	0.00526	0.00520	0.00909	0.01152	0.01575	0.07365	0.53874	0.03639	0.18109	0.01256	0.00313	0.00398	0.01460	0.04740	0.00479
14	0.01136	0.00569	0.00818	0.00803	0.00832	0.00559	0.00537	0.00941	0.00876	0.05546	0.01306	0.04343	0.01304	0.10308	0.02317	0.66015	0.00533	0.00611	0.00316	0.00331

[dist]
# distance from previous block
# <min> <max>
1	2

[block]
# block no. 3 follows, 37 sequences, length 20
# corresponding to MSA columns:
# 170-189
name=unknown_D
#
# <colnr> <probs for GDERKNQSTAVLIFYWHMCP>
#	G	D	E	R	K	N	Q	S	T	A	V	L	I	F	Y	W	H	M	C	P
0	0.01389	0.00741	0.00986	0.00859	0.01095	0.00667	0.00667	0.01663	0.01738	0.22650	0.54347	0.03880	0.04591	0.01114	0.00692	0.00192	0.00353	0.00970	0.00697	0.00707
1	0.01269	0.01088	0.01269	0.00907	0.01451	0.00816	0.00725	0.01541	0.01269	0.01995	0.01088	0.01269	0.00907	0.00453	0.00453	0.00091	0.00453	0.00363	0.00363	0.82229
2	0.01397	0.01304	0.02110	0.16604	0.47491	0.01378	0.01642	0.01913	0.09460	0.01985	0.04852	0.01802	0.01295	0.00764	0.03232	0.00217	0.00727	0.00593	0.00352	0.00883
3	0.01806	0.03991	0.01881	0.01890	0.16643	0.22283	0.02952	0.12888	0.01611	0.04240	0.01209	0.01578	0.01027	0.06218	0.00991	0.00216	0.13463	0.00528	0.03790	0.00793
4	0.01156	0.01088	0.01836	0.77016	0.04216	0.01360	0.01700	0.01564	0.01224	0.01564	0.01088	0.01632	0.00816	0.00612	0.00612	0.00204	0.00816	0.00544	0.00272	0.00680
5	0.01156	0.01088	0.01836	0.77016	0.04216	0.01360	0.01700	0.01564	0.01224	0.01564	0.01088	0.01632	0.00816	0.00612	0.00612	0.00204	0.00816	0.00544	0.00272	0.00680
6	0.01913	0.01509	0.01604	0.01325	0.01740	0.01705	0.01063	0.36907	0.39273	0.03190	0.01996	0.01889	0.01467	0.00784	0.00618	0.00196	0.00576	0.00624	0.00618	0.01004
7	0.00887	0.00674	0.00826	0.00902	0.05086	0.00608	0.00617	0.01071	0.01390	0.04833	0.14246	0.17247	0.41007	0.01689	0.05858	0.00263	0.00438	0.01228	0.00559	0.00571
8	0.01331	0.03021	0.70278	0.01700	0.02575	0.01386	0.02169	0.02010	0.01324	0.06926	0.01188	0.01346	0.00826	0.00594	0.00584	0.00194	0.00878	0.00463	0.00293	0.00914
9	0.01208	0.01089	0.01756	0.16211	0.35211	0.01119	0.01373	0.01545	0.01465	0.02037	0.23512	0.02707	0.06557	0.00828	0.00649	0.00191	0.00588	0.00757	0.00424	0.00772
10	0.01500	0.01630	0.01852	0.50704	0.08363	0.22467	0.01566	0.01834	0.01380	0.01575	0.01052	0.01475	0.00819	0.00613	0.00595	0.00189	0.00891	0.00502	0.00286	0.00708
11	0.01026	0.00824	0.01287	0.28767	0.05730	0.00928	0.01115	0.01226	0.01173	0.01546	0.02014	0.23985	0.02135	0.01352	0.00985	0.11999	0.02716	0.10227	0.00395	0.00567
12	0.03829	0.03660	0.01453	0.01587	0.16329	0.04584	0.01034	0.04645	0.25143	0.02286	0.01952	0.02342	0.01599	0.00784	0.00572	0.00186	0.00531	0.06285	0.20383	0.00815
13	0.01156	0.01088	0.01836	0.77016	0.04216	0.01360	0.01700	0.01564	0.01224	0.01564	0.01088	0.01632	0.00816	0.00612	0.00612	0.00204	0.00816	0.00544	0.00272	0.00680
14	0.01333	0.01269	0.02157	0.40797	0.39048	0.01407	0.01788	0.01720	0.01308	0.01779	0.01119	0.01574	0.00892	0.00579	0.00609	0.00193	0.00772	0.00545	0.00287	0.00823
15	0.00964	0.00765	0.01111	0.24232	0.01904	0.00862	0.00917	0.01165	0.01090	0.01439	0.01996	0.06258	0.05347	0.27696	0.15203	0.00485	0.00826	0.06846	0.00367	0.00527
16	0.50313	0.01572	0.01319	0.01119	0.01513	0.16270	0.04887	0.05851	0.01368	0.09279	0.01072	0.01181	0.00803	0.00604	0.00468	0.00184	0.00646	0.00405	0.00410	0.00737
17	0.01377	0.06768	0.01377	0.03294	0.01450	0.02830	0.00831	0.09248	0.06889	0.05092	0.04129	0.04018	0.11025	0.01156	0.06376	0.04343	0.02949	0.00635	0.00445	0.25767
18	0.04631	0.09003	0.07001	0.06146	0.01829	0.06824	0.03842	0.03713	0.05437	0.01958	0.01288	0.01463	0.03135	0.00579	0.00545	0.00140	0.02633	0.00449	0.00360	0.39022
19	0.11979	0.09126	0.14109	0.02299	0.31087	0.07718	0.03777	0.01845	0.01307	0.01929	0.01114	0.01452	0.00933	0.02664	0.05968	0.00245	0.00820	0.00491	0.00306	0.00831

[dist]
# distance from previous block
# <min> <max>
6	21

[block]
# block no. 4 follows, 37 sequences, length 41
# corresponding to MSA columns:
# 219-259
name=unknown_E
#
# <colnr> <probs for GDERKNQSTAVLIFYWHMCP>
#	G	D	E	R	K	N	Q	S	T	A	V	L	I	F	Y	W	H	M	C	P
0	0.02126	0.09153	0.01880	0.01578	0.04095	0.56805	0.01190	0.05622	0.04932	0.01665	0.01031	0.01189	0.00855	0.00656	0.00621	0.00165	0.04931	0.00421	0.00336	0.00749
1	0.00737	0.00582	0.00665	0.00725	0.00856	0.00510	0.00513	0.00875	0.01307	0.01636	0.06808	0.37334	0.41885	0.01702	0.00749	0.00225	0.00329	0.01482	0.00571	0.00510
2	0.03319	0.13713	0.05921	0.15355	0.07870	0.01224	0.06888	0.01459	0.01361	0.01830	0.14758	0.11439	0.10554	0.00955	0.00629	0.00193	0.00591	0.00837	0.00417	0.00686
3	0.01302	0.00940	0.01103	0.00961	0.01238	0.00933	0.00760	0.13521	0.09160	0.06423	0.33230	0.03744	0.11371	0.01099	0.00677	0.00193	0.00419	0.05622	0.00621	0.06683
4	0.01141	0.00571	0.00571	0.00571	0.00713	0.00571	0.00428	0.01426	0.01284	0.02282	0.01997	0.02282	0.01569	0.00713	0.00428	0.00143	0.00285	0.00571	0.81886	0.00571
5	0.04178	0.10408	0.09019	0.01274	0.03749	0.16112	0.02646	0.03459	0.01411	0.05972	0.01347	0.08728	0.01204	0.00761	0.01960	0.00167	0.00694	0.00544	0.00376	0.25992
6	0.01433	0.01986	0.28326	0.01538	0.04102	0.04278	0.06037	0.02379	0.26254	0.05997	0.09635	0.02054	0.01751	0.00746	0.00621	0.00197	0.00684	0.00632	0.00462	0.00887
7	0.01141	0.00571	0.00571	0.00571	0.00713	0.00571	0.00428	0.01426	0.01284	0.02282	0.01997	0.02282	0.01569	0.00713	0.00428	0.00143	0.00285	0.00571	0.81886	0.00571
8	0.77651	0.03810	0.00981	0.00818	0.01194	0.01391	0.00679	0.01780	0.01047	0.02663	0.00875	0.01035	0.00692	0.00685	0.02596	0.00211	0.00514	0.00341	0.00373	0.00664
9	0.01535	0.06855	0.02044	0.04240	0.04697	0.10068	0.05113	0.05785	0.04238	0.01705	0.00978	0.01369	0.00872	0.00890	0.01428	0.00230	0.46382	0.00524	0.00311	0.00736
10	0.01208	0.21144	0.01578	0.00999	0.01234	0.06546	0.00803	0.01348	0.01180	0.01514	0.03619	0.21383	0.01945	0.03908	0.12367	0.06492	0.03809	0.00810	0.00378	0.07734
11	0.01336	0.01293	0.02015	0.05764	0.25469	0.01575	0.03439	0.01578	0.01119	0.01656	0.01040	0.01544	0.00947	0.01277	0.10148	0.00319	0.37877	0.00559	0.00288	0.00758
12	0.01165	0.02273	0.44154	0.01717	0.02370	0.01242	0.16177	0.01702	0.01297	0.01860	0.01632	0.18413	0.01533	0.00865	0.00655	0.00209	0.00809	0.00793	0.00338	0.00798
13	0.01575	0.03131	0.03267	0.05055	0.25719	0.02470	0.01185	0.01847	0.01437	0.18253	0.05552	0.07941	0.08165	0.04460	0.00743	0.00206	0.00583	0.02244	0.00474	0.05690
14	0.39556	0.01230	0.01474	0.02960	0.03395	0.01502	0.05805	0.01643	0.01062	0.02142	0.02819	0.01350	0.00918	0.00967	0.05017	0.00260	0.26412	0.00474	0.00337	0.00676
15	0.01088	0.00880	0.01144	0.06826	0.01389	0.00989	0.00846	0.04432	0.10049	0.02157	0.33055	0.07693	0.05316	0.01428	0.07361	0.00276	0.10869	0.00904	0.02643	0.00654
16	0.00749	0.00544	0.00700	0.00822	0.00873	0.00503	0.00550	0.00856	0.01183	0.01557	0.03594	0.68051	0.10890	0.04925	0.00868	0.00258	0.00360	0.01662	0.00560	0.00494
17	0.01141	0.00571	0.00571	0.00571	0.00713	0.00571	0.00428	0.01426	0.01284	0.02282	0.01997	0.02282	0.01569	0.00713	0.00428	0.00143	0.00285	0.00571	0.81886	0.00571
18	0.44005	0.01287	0.03067	0.00931	0.01386	0.03526	0.00778	0.06125	0.01274	0.03920	0.01010	0.01149	0.00792	0.00546	0.00434	0.00155	0.00511	0.00366	0.00390	0.28348
19	0.01529	0.01582	0.01482	0.01333	0.01503	0.22054	0.01037	0.04785	0.09836	0.01670	0.01346	0.01861	0.01217	0.09102	0.16210	0.00401	0.21440	0.00574	0.00359	0.00678
20	0.01141	0.00571	0.00571	0.00571	0.00713	0.00571	0.00428	0.01426	0.01284	0.02282	0.01997	0.02282	0.01569	0.00713	0.00428	0.00143	0.00285	0.00571	0.81886	0.00571
21	0.00867	0.00640	0.00951	0.00966	0.01064	0.00732	0.00739	0.01061	0.00997	0.01425	0.01797	0.09954	0.01769	0.04256	0.66527	0.03127	0.01481	0.00761	0.00350	0.00534
22	0.03440	0.04415	0.20084	0.01949	0.16682	0.03120	0.08319	0.08636	0.01608	0.19796	0.04861	0.01710	0.01263	0.00655	0.00606	0.00188	0.00726	0.00568	0.00448	0.00927
23	0.01437	0.01364	0.02283	0.09654	0.61844	0.01387	0.01749	0.01831	0.03255	0.01986	0.04201	0.01790	0.03266	0.00615	0.00615	0.00185	0.00699	0.00592	0.00331	0.00917
24	0.00845	0.00625	0.00788	0.00747	0.00901	0.00568	0.00561	0.01113	0.01682	0.02334	0.64053	0.04772	0.16145	0.01297	0.00722	0.00195	0.00292	0.01135	0.00658	0.00568
25	0.01362	0.01258	0.04718	0.24646	0.26991	0.01271	0.05003	0.04471	0.01395	0.04814	0.01705	0.03716	0.06320	0.00732	0.00646	0.00195	0.02075	0.02470	0.05417	0.00796
26	0.01648	0.07333	0.18202	0.07642	0.15975	0.01366	0.10831	0.03372	0.03453	0.16712	0.01563	0.03812	0.01215	0.00688	0.00617	0.00194	0.00742	0.03333	0.00412	0.00889
27	0.01228	0.03166	0.75316	0.01745	0.02649	0.01422	0.02262	0.01939	0.01292	0.01939	0.01099	0.01292	0.00775	0.00582	0.00582	0.00194	0.00905	0.00452	0.00258	0.00905
28	0.01523	0.01315	0.01384	0.01246	0.01592	0.01523	0.00969	0.03253	0.73563	0.02561	0.02491	0.02284	0.01869	0.00830	0.00623	0.00208	0.00484	0.00692	0.00623	0.00969
29	0.03695	0.01898	0.23641	0.06401	0.26158	0.01430	0.03388	0.09547	0.03645	0.07570	0.03773	0.01604	0.01128	0.00642	0.00640	0.00192	0.02811	0.00545	0.00378	0.00915
30	0.01509	0.03755	0.27946	0.01518	0.03914	0.01126	0.10231	0.01927	0.01407	0.18617	0.04225	0.17474	0.01805	0.00909	0.00648	0.00204	0.00688	0.00809	0.00458	0.00830
31	0.00911	0.00666	0.00803	0.00845	0.01029	0.00605	0.00688	0.01123	0.01426	0.04679	0.08492	0.08359	0.38947	0.01567	0.00767	0.00235	0.00414	0.27306	0.00580	0.00558
32	0.01381	0.01457	0.02910	0.26827	0.08176	0.01491	0.42769	0.03857	0.01411	0.01889	0.01190	0.01631	0.00898	0.00555	0.00676	0.00203	0.00931	0.00648	0.00306	0.00794
33	0.01542	0.14677	0.32078	0.05714	0.07777	0.01529	0.05410	0.07706	0.01478	0.09025	0.01375	0.01777	0.01086	0.00674	0.00586	0.00189	0.00773	0.05366	0.00364	0.00875
34	0.01940	0.01630	0.12133	0.02198	0.21810	0.03252	0.14448	0.05243	0.01583	0.27150	0.01602	0.01692	0.01121	0.00628	0.00626	0.00190	0.00744	0.00586	0.00468	0.00955
35	0.00782	0.00632	0.00705	0.00739	0.00921	0.00555	0.00578	0.00965	0.01399	0.01716	0.08172	0.09901	0.53888	0.01586	0.00751	0.00223	0.00362	0.15024	0.00572	0.00527
36	0.17257	0.01479	0.03824	0.05268	0.08172	0.04507	0.34411	0.01863	0.03573	0.02066	0.03588	0.01835	0.01176	0.04235	0.00767	0.00219	0.02220	0.02429	0.00350	0.00762
37	0.05422	0.05683	0.16002	0.04706	0.23020	0.05279	0.07834	0.04034	0.03886	0.11371	0.02795	0.01565	0.01087	0.00609	0.00586	0.00182	0.00739	0.00532	0.00384	0.04286
38	0.01403	0.04848	0.34754	0.04027	0.14521	0.03779	0.12145	0.05533	0.05062	0.02030	0.01394	0.01703	0.02902	0.00642	0.00614	0.00194	0.00832	0.02411	0.00328	0.00879
39	0.00940	0.01384	0.24114	0.01142	0.01459	0.00823	0.01110	0.01271	0.03627	0.01687	0.02508	0.47396	0.02790	0.01474	0.00800	0.04613	0.00541	0.01237	0.00457	0.00628
40	0.52889	0.04831	0.01372	0.01386	0.13731	0.01406	0.02546	0.05537	0.01216	0.02496	0.01075	0.03844	0.00926	0.03862	0.00566	0.00204	0.00550	0.00459	0.00377	0.00727

[dist]
# distance from previous block
# <min> <max>
0	2

[block]
# block no. 5 follows, 37 sequences, length 17
# corresponding to MSA columns:
# 262-278
name=unknown_F
#
# <colnr> <probs for GDERKNQSTAVLIFYWHMCP>
#	G	D	E	R	K	N	Q	S	T	A	V	L	I	F	Y	W	H	M	C	P
0	0.05093	0.00698	0.00832	0.00886	0.00961	0.02924	0.00625	0.01030	0.01097	0.01527	0.02531	0.36711	0.04302	0.15449	0.15107	0.02863	0.02387	0.04021	0.00457	0.00500
1	0.01741	0.14649	0.15587	0.06159	0.10087	0.20032	0.03808	0.12912	0.01674	0.02058	0.04855	0.01448	0.01107	0.00638	0.00565	0.00173	0.00825	0.00491	0.00357	0.00833
2	0.01596	0.01134	0.01470	0.01126	0.01572	0.01024	0.04637	0.03845	0.06412	0.16452	0.01559	0.05483	0.01251	0.00679	0.00666	0.00150	0.07098	0.00545	0.00465	0.42835
3	0.01014	0.00836	0.00974	0.00794	0.01138	0.00671	0.00616	0.01261	0.01433	0.02036	0.23074	0.03398	0.21312	0.00962	0.00599	0.00149	0.00370	0.00813	0.00504	0.38044
4	0.01598	0.20851	0.24822	0.07961	0.02286	0.04686	0.07359	0.03684	0.09571	0.09522	0.01346	0.01466	0.01001	0.00617	0.00557	0.00180	0.00762	0.00496	0.00368	0.00866
5	0.01498	0.01383	0.01993	0.04972	0.31461	0.05651	0.07247	0.11584	0.03800	0.02282	0.14827	0.03771	0.03447	0.00777	0.00674	0.00190	0.02465	0.00700	0.00434	0.00844
6	0.01362	0.15948	0.58690	0.01611	0.02421	0.03664	0.01991	0.04213	0.01347	0.01904	0.01064	0.01240	0.00786	0.00578	0.00550	0.00182	0.00860	0.00433	0.00272	0.00883
7	0.01110	0.00929	0.01009	0.00933	0.01143	0.04710	0.00709	0.01774	0.21028	0.02400	0.48407	0.03834	0.07339	0.01119	0.00687	0.00195	0.00384	0.00967	0.00637	0.00687
8	0.01170	0.00699	0.00894	0.00821	0.01030	0.00627	0.00635	0.01422	0.01646	0.14833	0.44544	0.06395	0.16705	0.01258	0.00712	0.00201	0.00349	0.04753	0.00662	0.00645
9	0.00855	0.00624	0.00808	0.00775	0.00910	0.00588	0.00575	0.01109	0.01586	0.02221	0.57790	0.06302	0.09903	0.05671	0.07313	0.00284	0.00424	0.01086	0.00618	0.00558
10	0.00777	0.00554	0.00729	0.00827	0.00882	0.00518	0.00560	0.00913	0.01265	0.01715	0.16958	0.60085	0.04286	0.05773	0.00891	0.00256	0.00355	0.01574	0.00578	0.00506
11	0.00876	0.00650	0.00957	0.00957	0.01057	0.00750	0.00731	0.01076	0.00976	0.01401	0.01664	0.02542	0.01590	0.10930	0.69804	0.00950	0.01550	0.00676	0.00332	0.00531
12	0.02960	0.14649	0.25405	0.03770	0.09302	0.04702	0.11523	0.02038	0.09615	0.01886	0.01207	0.01427	0.00945	0.00633	0.00696	0.00191	0.07373	0.00511	0.00318	0.00850
13	0.73038	0.05279	0.01080	0.03511	0.01334	0.03923	0.00737	0.01814	0.01082	0.02595	0.00864	0.01020	0.00679	0.00570	0.00393	0.00186	0.00516	0.00341	0.00367	0.00671
14	0.05000	0.14264	0.61271	0.01599	0.02423	0.01567	0.02009	0.01917	0.01274	0.01902	0.01051	0.01233	0.00772	0.00572	0.00544	0.00184	0.00848	0.00428	0.00264	0.00876
15	0.01538	0.12139	0.07387	0.12193	0.28061	0.01525	0.07107	0.03820	0.08133	0.06941	0.04314	0.01686	0.01226	0.00626	0.00592	0.00184	0.00709	0.00564	0.00374	0.00881
16	0.03080	0.06087	0.07713	0.01293	0.07680	0.01103	0.01018	0.04839	0.08319	0.15016	0.07796	0.08285	0.03531	0.00817	0.00587	0.00172	0.00529	0.02223	0.00499	0.19412

[dist]
# distance from previous block
# <min> <max>
4	10

[block]
# block no. 6 follows, 37 sequences, length 17
# corresponding to MSA columns:
# 290-306
name=unknown_G
#
# <colnr> <probs for GDERKNQSTAVLIFYWHMCP>
#	G	D	E	R	K	N	Q	S	T	A	V	L	I	F	Y	W	H	M	C	P
0	0.44979	0.14588	0.07213	0.01249	0.07044	0.10132	0.01017	0.04184	0.01260	0.02302	0.00924	0.01082	0.00742	0.00573	0.00441	0.00176	0.00635	0.00371	0.00345	0.00743
1	0.01466	0.01426	0.02510	0.07303	0.60880	0.01428	0.09232	0.01845	0.01403	0.01990	0.03790	0.01645	0.01130	0.00571	0.00623	0.00186	0.00748	0.00584	0.00315	0.00925
2	0.01147	0.01065	0.01757	0.59859	0.06204	0.01325	0.01567	0.01511	0.01181	0.01556	0.01139	0.01703	0.00909	0.01131	0.10009	0.00304	0.06123	0.00557	0.00280	0.00673
3	0.00788	0.00642	0.00705	0.00676	0.00879	0.00547	0.00509	0.00987	0.01487	0.01898	0.25514	0.05312	0.51546	0.01417	0.00711	0.00198	0.00310	0.01199	0.00590	0.04086
4	0.00818	0.00624	0.00752	0.00720	0.00885	0.00557	0.00540	0.01062	0.01619	0.02185	0.51414	0.05016	0.28876	0.01352	0.00722	0.00197	0.00296	0.01169	0.00638	0.00557
5	0.01257	0.02986	0.67392	0.01922	0.07931	0.01429	0.04781	0.01935	0.01305	0.01944	0.01107	0.01322	0.00795	0.00577	0.00588	0.00193	0.00896	0.00469	0.00264	0.00907
6	0.00952	0.00773	0.01153	0.17452	0.01807	0.00802	0.03576	0.01230	0.01390	0.01826	0.15513	0.15702	0.11648	0.01355	0.00745	0.00233	0.00526	0.22219	0.00512	0.00585
7	0.01584	0.19807	0.12987	0.01934	0.22387	0.05657	0.01403	0.04812	0.01415	0.05140	0.01119	0.01310	0.00903	0.00549	0.00520	0.00153	0.00692	0.00440	0.00332	0.16857
8	0.01359	0.01296	0.02204	0.35493	0.44148	0.01414	0.01801	0.01742	0.01320	0.01811	0.01124	0.01566	0.00903	0.00574	0.00609	0.00191	0.00766	0.00545	0.00290	0.00844
9	0.01438	0.01683	0.16702	0.02351	0.34012	0.01252	0.01560	0.03774	0.01386	0.03973	0.01164	0.01409	0.00928	0.00536	0.00555	0.00157	0.00673	0.00473	0.00333	0.25640
10	0.01161	0.01088	0.01809	0.73432	0.04086	0.01334	0.01654	0.01563	0.01226	0.01584	0.01088	0.01615	0.00820	0.00605	0.00605	0.00199	0.00799	0.00535	0.00276	0.04520
11	0.01269	0.01088	0.01269	0.00907	0.01451	0.00816	0.00725	0.01541	0.01269	0.01995	0.01088	0.01269	0.00907	0.00453	0.00453	0.00091	0.00453	0.00363	0.00363	0.82229
12	0.04741	0.11468	0.01829	0.01429	0.07938	0.02932	0.04113	0.26866	0.01956	0.09840	0.10286	0.07486	0.03299	0.00857	0.00611	0.00186	0.00600	0.02177	0.00529	0.00858
13	0.01063	0.00532	0.00797	0.00797	0.00797	0.00532	0.00532	0.00797	0.00797	0.01063	0.01063	0.01861	0.01063	0.02127	0.02392	0.82190	0.00532	0.00532	0.00266	0.00266
14	0.00900	0.00590	0.00675	0.00675	0.00675	0.00590	0.00380	0.00885	0.00885	0.01180	0.01881	0.03888	0.02162	0.74308	0.03076	0.05060	0.00590	0.00871	0.00365	0.00365
15	0.02004	0.01503	0.01606	0.01283	0.01700	0.04540	0.01036	0.39642	0.14251	0.08748	0.04873	0.01820	0.01427	0.02738	0.00717	0.00193	0.03299	0.00591	0.00578	0.07451
16	0.01465	0.03223	0.02364	0.10338	0.39738	0.01420	0.12382	0.07445	0.01468	0.02042	0.01297	0.05088	0.01112	0.00789	0.03737	0.00219	0.00786	0.00620	0.00340	0.04127

[dist]
# distance from previous block
# <min> <max>
0	31

# created by:
# /home/cegg/simao/soft/augustus-3.2.1/scripts/msa2prfl.pl ./align_prep/EOG091G0PVT.fa
