[name]
unknown

[dist]
# distance from previous block
# <min> <max>
0	254

[block]
# block no. 0 follows, 56 sequences, length 14
# corresponding to MSA columns:
# 358-371
name=unknown_A
#
# <colnr> <probs for GDERKNQSTAVLIFYWHMCP>
#	G	D	E	R	K	N	Q	S	T	A	V	L	I	F	Y	W	H	M	C	P
0	0.16582	0.00789	0.00865	0.00755	0.00983	0.00830	0.00601	0.16785	0.08303	0.12214	0.18027	0.08344	0.03601	0.02443	0.00505	0.00157	0.00356	0.05505	0.01780	0.00575
1	0.01127	0.02086	0.66937	0.01220	0.01840	0.00995	0.01511	0.01596	0.01032	0.15903	0.01003	0.01077	0.00682	0.00460	0.00441	0.00145	0.00626	0.00361	0.00262	0.00697
2	0.00877	0.01098	0.15870	0.68026	0.02949	0.01028	0.01351	0.01224	0.00927	0.01224	0.00817	0.01178	0.00606	0.00455	0.00455	0.00152	0.00624	0.00396	0.00202	0.00540
3	0.00624	0.00771	0.15165	0.00724	0.00892	0.00503	0.00637	0.00791	0.00922	0.01228	0.02596	0.51423	0.17354	0.03395	0.00597	0.00180	0.00339	0.01049	0.00380	0.00428
4	0.00840	0.15599	0.00966	0.00681	0.00786	0.00711	0.00540	0.00837	0.00828	0.01077	0.08973	0.04589	0.05582	0.01213	0.01124	0.40173	0.03241	0.11612	0.00279	0.00350
5	0.63072	0.15939	0.01027	0.00658	0.00969	0.01137	0.00567	0.01443	0.00862	0.09803	0.00756	0.00826	0.00578	0.00434	0.00304	0.00134	0.00383	0.00269	0.00297	0.00542
6	0.00680	0.15550	0.00872	0.00666	0.00759	0.00634	0.00491	0.00772	0.00889	0.01155	0.02188	0.68581	0.02594	0.01249	0.00533	0.00170	0.00307	0.01113	0.00385	0.00412
7	0.01234	0.16038	0.01310	0.00913	0.01205	0.01256	0.00751	0.09887	0.52742	0.04432	0.01587	0.01590	0.01227	0.00595	0.00441	0.00145	0.00404	0.03129	0.00419	0.00698
8	0.00936	0.06499	0.77498	0.01282	0.01946	0.01104	0.01650	0.01450	0.00967	0.01435	0.00815	0.00958	0.00582	0.00434	0.00429	0.00143	0.00669	0.00335	0.00194	0.00674
9	0.00727	0.00524	0.00721	0.00820	0.00929	0.00519	0.00714	0.00932	0.01056	0.01365	0.02580	0.05128	0.07891	0.01261	0.00628	0.00208	0.00410	0.72745	0.00423	0.00420
10	0.00668	0.00445	0.00501	0.00501	0.00501	0.00445	0.00278	0.00668	0.00668	0.00890	0.01447	0.03004	0.01669	0.83866	0.02337	0.00445	0.00445	0.00668	0.00278	0.00278
11	0.00952	0.00816	0.00952	0.00680	0.01088	0.00612	0.00544	0.01156	0.00952	0.01496	0.00816	0.00952	0.00680	0.00340	0.00340	0.00068	0.00340	0.00272	0.00272	0.86672
12	0.01017	0.17743	0.56733	0.01235	0.01821	0.03290	0.06557	0.01481	0.03497	0.01391	0.00826	0.00963	0.00617	0.00432	0.00417	0.00137	0.00643	0.00339	0.00207	0.00655
13	0.07830	0.00954	0.04475	0.14394	0.05944	0.00916	0.00803	0.13964	0.08323	0.01725	0.01180	0.01347	0.04823	0.03137	0.00470	0.00132	0.00435	0.00401	0.02772	0.25977

[dist]
# distance from previous block
# <min> <max>
0	1

[block]
# block no. 1 follows, 56 sequences, length 71
# corresponding to MSA columns:
# 373-380,385-447
name=unknown_B
#
# <colnr> <probs for GDERKNQSTAVLIFYWHMCP>
#	G	D	E	R	K	N	Q	S	T	A	V	L	I	F	Y	W	H	M	C	P
0	0.00641	0.00463	0.00605	0.00595	0.00692	0.00430	0.00443	0.00834	0.01217	0.01702	0.63685	0.13377	0.05895	0.02598	0.00586	0.00159	0.00238	0.04934	0.00485	0.00421
1	0.00871	0.00817	0.01398	0.73858	0.02977	0.00994	0.05291	0.01176	0.00940	0.01223	0.03360	0.01307	0.00748	0.00472	0.00462	0.00152	0.00598	0.00429	0.02417	0.00511
2	0.01523	0.06239	0.01357	0.04044	0.03760	0.39056	0.02602	0.17867	0.07303	0.03368	0.01015	0.01102	0.02257	0.00518	0.00454	0.00129	0.02709	0.00371	0.03721	0.00606
3	0.11229	0.00716	0.00831	0.00719	0.00934	0.00717	0.00553	0.07584	0.09072	0.25426	0.13417	0.10427	0.03271	0.12189	0.00726	0.00190	0.00359	0.00618	0.00450	0.00572
4	0.05476	0.00869	0.00965	0.00829	0.01087	0.00932	0.00655	0.12908	0.33717	0.16097	0.10798	0.05108	0.04669	0.00680	0.00468	0.00149	0.00358	0.00562	0.03011	0.00663
5	0.27075	0.02447	0.05644	0.00803	0.01042	0.02722	0.00683	0.15764	0.01085	0.03966	0.03513	0.04494	0.00958	0.01118	0.14917	0.03842	0.05297	0.00417	0.03680	0.00534
6	0.08755	0.02542	0.01133	0.02743	0.12097	0.09763	0.00772	0.12680	0.07839	0.16919	0.13669	0.01630	0.02927	0.00588	0.00446	0.00138	0.00440	0.00477	0.03812	0.00633
7	0.00985	0.00639	0.00759	0.00694	0.00874	0.00630	0.00530	0.04771	0.15636	0.14494	0.21881	0.14949	0.16250	0.03006	0.00565	0.00162	0.00303	0.01861	0.00474	0.00537
8	0.08973	0.00688	0.00802	0.00709	0.00897	0.00713	0.00540	0.04366	0.14178	0.19020	0.11976	0.02800	0.01651	0.16552	0.10472	0.00271	0.00466	0.00547	0.03834	0.00544
9	0.04504	0.15262	0.02553	0.03619	0.04498	0.04325	0.04589	0.22003	0.15724	0.03494	0.03625	0.01251	0.00961	0.00540	0.00490	0.00138	0.05821	0.00413	0.05542	0.00648
10	0.20356	0.00734	0.00766	0.00807	0.06447	0.04540	0.00557	0.04382	0.03475	0.06067	0.02358	0.20835	0.05220	0.06756	0.01976	0.00181	0.00377	0.02374	0.11304	0.00488
11	0.01367	0.01031	0.01123	0.00950	0.01234	0.01147	0.00759	0.31327	0.37907	0.06657	0.02650	0.06125	0.01328	0.00666	0.00478	0.00152	0.00413	0.03502	0.00466	0.00715
12	0.00814	0.00688	0.02898	0.04285	0.12653	0.00672	0.03671	0.01107	0.09179	0.01435	0.15202	0.15038	0.03761	0.05463	0.07506	0.04612	0.00450	0.03653	0.06424	0.00489
13	0.01324	0.02788	0.01267	0.06084	0.08262	0.05750	0.01881	0.28903	0.16649	0.04460	0.02192	0.01532	0.04683	0.06570	0.00657	0.00167	0.05322	0.00474	0.00378	0.00655
14	0.40576	0.00783	0.00741	0.00665	0.00884	0.00861	0.00520	0.11277	0.03850	0.04649	0.08327	0.11592	0.01365	0.05721	0.00507	0.00164	0.00348	0.00508	0.06150	0.00512
15	0.07767	0.00646	0.00755	0.00682	0.00886	0.00629	0.00542	0.03084	0.10024	0.17984	0.22505	0.04493	0.19030	0.00867	0.00505	0.00154	0.00310	0.08129	0.00469	0.00538
16	0.01139	0.01028	0.01708	0.05508	0.56414	0.01031	0.06951	0.05002	0.02825	0.04579	0.01201	0.01405	0.06051	0.00480	0.00464	0.00140	0.00524	0.00461	0.02405	0.00685
17	0.35099	0.01002	0.01044	0.01157	0.17123	0.08360	0.00748	0.06802	0.03335	0.05467	0.02168	0.01068	0.00744	0.00595	0.00547	0.09810	0.01577	0.00348	0.02455	0.00551
18	0.00796	0.00521	0.00654	0.00679	0.00773	0.00508	0.00490	0.03266	0.06206	0.08198	0.06041	0.44251	0.05647	0.11416	0.00781	0.00210	0.00324	0.08372	0.00427	0.00440
19	0.00653	0.00486	0.00705	0.00705	0.00782	0.00554	0.00537	0.00799	0.00743	0.01056	0.01382	0.02018	0.04262	0.10980	0.71355	0.00688	0.01117	0.00527	0.00256	0.00397
20	0.15145	0.01164	0.01307	0.09188	0.07696	0.10347	0.06150	0.26459	0.03720	0.08030	0.02453	0.01145	0.00799	0.00542	0.00485	0.03467	0.00528	0.00395	0.00347	0.00635
21	0.00702	0.00459	0.00553	0.00572	0.00603	0.00453	0.00358	0.00767	0.02541	0.04201	0.01778	0.26347	0.02022	0.51780	0.04574	0.00362	0.00417	0.00836	0.00336	0.00341
22	0.07389	0.01145	0.01223	0.00972	0.01304	0.01264	0.00791	0.51928	0.16705	0.08707	0.01278	0.01271	0.00926	0.02373	0.00490	0.00148	0.00458	0.00431	0.00453	0.00740
23	0.02394	0.00771	0.01199	0.58972	0.05640	0.00923	0.01065	0.04177	0.00977	0.01372	0.00959	0.01303	0.00731	0.00475	0.00429	0.00143	0.00523	0.00409	0.17026	0.00513
24	0.04067	0.01201	0.01227	0.03722	0.05776	0.12047	0.00828	0.31495	0.15042	0.12715	0.06186	0.01371	0.01112	0.00565	0.00454	0.00140	0.00493	0.00443	0.00422	0.00696
25	0.01631	0.00804	0.01002	0.00816	0.01111	0.00773	0.00656	0.10577	0.12379	0.47120	0.06197	0.08232	0.05212	0.00691	0.00480	0.00148	0.00373	0.00575	0.00521	0.00704
26	0.00940	0.00665	0.00790	0.00766	0.00916	0.00685	0.00584	0.13789	0.11392	0.06103	0.04180	0.35481	0.06616	0.03901	0.00606	0.00181	0.00348	0.11103	0.00441	0.00513
27	0.00792	0.00401	0.00594	0.00594	0.00594	0.00401	0.00394	0.00601	0.00601	0.00801	0.00823	0.01459	0.00832	0.04854	0.01816	0.83228	0.00401	0.00409	0.00202	0.00202
28	0.00580	0.00461	0.00509	0.00507	0.00639	0.00400	0.00376	0.00722	0.01101	0.01408	0.24908	0.09677	0.52969	0.01108	0.00540	0.00153	0.00230	0.00943	0.02369	0.00400
29	0.15364	0.00546	0.00586	0.00579	0.00680	0.00558	0.00401	0.00934	0.03923	0.03893	0.12139	0.19191	0.06650	0.28586	0.01093	0.00253	0.00338	0.00747	0.03139	0.00399
30	0.02968	0.00719	0.00798	0.00700	0.00854	0.00759	0.00502	0.13285	0.15266	0.10715	0.01496	0.02212	0.01378	0.41307	0.01370	0.00291	0.00422	0.00559	0.03896	0.00505
31	0.01466	0.01147	0.01221	0.01000	0.01317	0.01293	0.00805	0.43848	0.38235	0.02443	0.01457	0.01385	0.01068	0.00584	0.00463	0.00146	0.00440	0.00462	0.00463	0.00756
32	0.01697	0.01262	0.01350	0.01046	0.01405	0.01401	0.00861	0.73275	0.08433	0.02815	0.01164	0.01151	0.00831	0.00557	0.00460	0.00139	0.00494	0.00422	0.00460	0.00776
33	0.01364	0.00921	0.01022	0.00832	0.01064	0.00983	0.00640	0.42678	0.01541	0.09403	0.03069	0.05075	0.01260	0.26840	0.01058	0.00237	0.00460	0.00542	0.00412	0.00599
34	0.01045	0.00614	0.00792	0.00757	0.00934	0.00594	0.00614	0.01361	0.10336	0.19790	0.18922	0.09584	0.06606	0.00971	0.00547	0.00170	0.00343	0.25006	0.00479	0.00537
35	0.00565	0.00460	0.00502	0.00514	0.00646	0.00397	0.00383	0.00693	0.01058	0.01310	0.13592	0.13824	0.59149	0.01172	0.00551	0.00160	0.00242	0.03952	0.00436	0.00393
36	0.00563	0.00402	0.00537	0.00644	0.00672	0.00376	0.00433	0.00646	0.00883	0.01176	0.02528	0.81826	0.03028	0.01435	0.00587	0.00187	0.00270	0.03005	0.00426	0.00374
37	0.00826	0.00495	0.00604	0.00564	0.00654	0.00464	0.00384	0.00924	0.00974	0.11343	0.25816	0.04846	0.08385	0.40176	0.01382	0.00288	0.00349	0.00728	0.00398	0.00399
38	0.04131	0.00629	0.00836	0.00738	0.00957	0.00563	0.00568	0.01559	0.01120	0.46226	0.02067	0.34886	0.01889	0.00918	0.00507	0.00160	0.00339	0.00798	0.00501	0.00606
39	0.00952	0.00816	0.00952	0.00680	0.01088	0.00612	0.00544	0.01156	0.00952	0.01496	0.00816	0.00952	0.00680	0.00340	0.00340	0.00068	0.00340	0.00272	0.00272	0.86672
40	0.00618	0.00456	0.00578	0.00573	0.00673	0.00416	0.00420	0.00795	0.01187	0.01633	0.55643	0.18217	0.14966	0.01062	0.00550	0.00154	0.00228	0.00937	0.00480	0.00416
41	0.00662	0.00481	0.00576	0.00590	0.00718	0.00431	0.00456	0.00814	0.01092	0.04571	0.20559	0.14517	0.37638	0.01144	0.00560	0.00166	0.00272	0.13888	0.00449	0.00417
42	0.00651	0.00443	0.00501	0.00510	0.00521	0.00436	0.00294	0.00665	0.00707	0.00934	0.01726	0.09635	0.06517	0.72218	0.02087	0.00407	0.00418	0.00737	0.00299	0.00292
43	0.00921	0.02375	0.81487	0.01309	0.01987	0.01066	0.01696	0.01454	0.00969	0.01454	0.00824	0.00969	0.00582	0.00436	0.00436	0.00145	0.00678	0.00339	0.00194	0.00678
44	0.00930	0.00715	0.00805	0.00725	0.00917	0.00744	0.00563	0.10221	0.23333	0.03810	0.29751	0.02871	0.16831	0.02422	0.00547	0.00157	0.00309	0.03329	0.00470	0.00552
45	0.00921	0.02375	0.81487	0.01309	0.01987	0.01066	0.01696	0.01454	0.00969	0.01454	0.00824	0.00969	0.00582	0.00436	0.00436	0.00145	0.00678	0.00339	0.00194	0.00678
46	0.00894	0.00829	0.01387	0.61175	0.15769	0.00978	0.01235	0.01182	0.00949	0.01243	0.00992	0.03366	0.00848	0.00537	0.00475	0.00156	0.00578	0.06640	0.00230	0.00536
47	0.01480	0.00688	0.00903	0.00765	0.01011	0.00632	0.00606	0.06228	0.03250	0.45072	0.13467	0.17942	0.02005	0.00813	0.00503	0.00153	0.00348	0.02976	0.00518	0.00639
48	0.01151	0.01323	0.02462	0.01798	0.02219	0.09720	0.66012	0.01537	0.04139	0.01442	0.00933	0.01207	0.00710	0.00416	0.00550	0.00152	0.02864	0.00511	0.00241	0.00611
49	0.00718	0.00531	0.00694	0.00758	0.00862	0.00535	0.00617	0.00979	0.07250	0.01382	0.08410	0.16743	0.07582	0.04567	0.03761	0.00224	0.00398	0.43137	0.00421	0.00431
50	0.00958	0.02241	0.73087	0.01380	0.04325	0.01065	0.06118	0.01469	0.00985	0.02983	0.00850	0.01001	0.00603	0.00435	0.00443	0.00146	0.00675	0.00355	0.00204	0.00678
51	0.00985	0.07836	0.55286	0.01436	0.02038	0.01144	0.21965	0.01453	0.00997	0.01432	0.00838	0.01023	0.00612	0.00420	0.00454	0.00145	0.00690	0.00386	0.00204	0.00657
52	0.01204	0.05582	0.01529	0.01162	0.01456	0.04109	0.24110	0.07064	0.01207	0.15828	0.07962	0.05091	0.01612	0.00727	0.00526	0.00160	0.00526	0.19179	0.00381	0.00584
53	0.01143	0.01246	0.06329	0.05004	0.02290	0.01131	0.64380	0.03434	0.01107	0.06491	0.00974	0.01238	0.00716	0.00414	0.00541	0.00154	0.02007	0.00516	0.00255	0.00630
54	0.00830	0.00763	0.01281	0.28612	0.19214	0.00812	0.07418	0.01055	0.00955	0.01273	0.01589	0.26524	0.06203	0.00783	0.00509	0.00160	0.00482	0.00727	0.00293	0.00517
55	0.01207	0.01144	0.01703	0.03368	0.01684	0.08187	0.31438	0.20422	0.05176	0.01766	0.01278	0.13004	0.01134	0.00622	0.00504	0.00151	0.00587	0.02272	0.03745	0.00607
56	0.01072	0.01243	0.04579	0.03976	0.04334	0.01163	0.70230	0.01446	0.01060	0.01448	0.00908	0.01219	0.00688	0.00408	0.00574	0.00156	0.04125	0.00524	0.00229	0.00616
57	0.01079	0.01256	0.04621	0.01880	0.02334	0.01164	0.73809	0.01481	0.02688	0.01470	0.00937	0.01235	0.00706	0.00404	0.00562	0.00156	0.02829	0.00533	0.00235	0.00620
58	0.01003	0.00967	0.01584	0.46506	0.36488	0.03022	0.01323	0.01290	0.00982	0.01312	0.00834	0.01177	0.00661	0.00438	0.00456	0.00145	0.00589	0.00406	0.00215	0.00604
59	0.01070	0.01330	0.09052	0.01885	0.02366	0.01153	0.73084	0.01469	0.01074	0.01469	0.00920	0.01217	0.00687	0.00391	0.00533	0.00154	0.00766	0.00525	0.00229	0.00624
60	0.00618	0.00477	0.00565	0.00570	0.00695	0.00429	0.00442	0.00782	0.01126	0.01464	0.31054	0.04153	0.38114	0.03709	0.00614	0.00170	0.00266	0.13897	0.00449	0.00406
61	0.00608	0.00438	0.00567	0.00654	0.00700	0.00417	0.00448	0.03642	0.00937	0.01244	0.02543	0.76111	0.05461	0.01392	0.00581	0.00184	0.00278	0.02979	0.00427	0.00390
62	0.00569	0.00408	0.00536	0.00629	0.00660	0.00385	0.00420	0.00648	0.00866	0.01153	0.02484	0.72984	0.05400	0.06531	0.03786	0.00222	0.00313	0.01224	0.00410	0.00369
63	0.81054	0.00911	0.00690	0.00624	0.00897	0.03628	0.00507	0.01338	0.00802	0.01996	0.00713	0.03895	0.00597	0.00466	0.00300	0.00143	0.00367	0.00290	0.00288	0.00494
64	0.03798	0.00829	0.00954	0.00701	0.01092	0.00666	0.00561	0.01297	0.06723	0.04578	0.00925	0.01024	0.00744	0.00372	0.00352	0.00080	0.00344	0.00296	0.00298	0.74366
65	0.13349	0.01747	0.01282	0.01106	0.01372	0.49068	0.03813	0.15327	0.02800	0.01589	0.00794	0.00904	0.00631	0.00493	0.00453	0.00130	0.03953	0.00327	0.00285	0.00577
66	0.01512	0.00936	0.01135	0.00999	0.05690	0.00969	0.00761	0.18824	0.20529	0.27595	0.06691	0.01675	0.01325	0.00612	0.00493	0.00145	0.02417	0.02985	0.00471	0.04236
67	0.18887	0.00772	0.00941	0.03409	0.01125	0.00739	0.00634	0.01841	0.02644	0.50849	0.01560	0.04900	0.01133	0.03755	0.00505	0.00157	0.00387	0.02899	0.00470	0.02392
68	0.00850	0.00572	0.00718	0.00713	0.00850	0.00560	0.00567	0.08670	0.01187	0.06393	0.18739	0.17716	0.10926	0.01130	0.02602	0.00185	0.00350	0.22838	0.03965	0.00469
69	0.12969	0.02262	0.01215	0.00941	0.01271	0.01209	0.02699	0.51310	0.03251	0.06134	0.04498	0.03311	0.04005	0.00587	0.00443	0.00139	0.00452	0.00453	0.00428	0.02421
70	0.59304	0.00994	0.00976	0.02042	0.06116	0.04642	0.05559	0.05390	0.04163	0.02958	0.00805	0.00973	0.00636	0.00457	0.00346	0.00142	0.00427	0.01892	0.00297	0.01882

[dist]
# distance from previous block
# <min> <max>
0	40

# created by:
# /home/cegg/simao/soft/augustus-3.2.1/scripts/msa2prfl.pl ./align_prep/EOG091G0XN1.fa
