[name]
unknown

[dist]
# distance from previous block
# <min> <max>
0	53

[block]
# block no. 0 follows, 48 sequences, length 19
# corresponding to MSA columns:
# 71-89
name=unknown_A
#
# <colnr> <probs for GDERKNQSTAVLIFYWHMCP>
#	G	D	E	R	K	N	Q	S	T	A	V	L	I	F	Y	W	H	M	C	P
0	0.02736	0.06946	0.13370	0.03162	0.07591	0.01198	0.08660	0.14300	0.10978	0.10002	0.04985	0.01788	0.01978	0.00776	0.03937	0.00192	0.01418	0.04857	0.00393	0.00732
1	0.42264	0.02591	0.05281	0.00893	0.03203	0.02791	0.00744	0.03350	0.04841	0.10797	0.01274	0.05283	0.01096	0.00651	0.00431	0.00163	0.00448	0.07978	0.00380	0.05540
2	0.02775	0.01511	0.08002	0.01114	0.02994	0.23974	0.03837	0.04757	0.05617	0.07410	0.08140	0.03435	0.03035	0.00595	0.00479	0.00134	0.00592	0.00472	0.00359	0.20767
3	0.00981	0.00698	0.00888	0.00821	0.00962	0.00767	0.00625	0.09142	0.05876	0.05441	0.05256	0.02384	0.06009	0.16790	0.38286	0.00536	0.03033	0.00622	0.00364	0.00521
4	0.46011	0.03754	0.12544	0.00869	0.01229	0.02949	0.00808	0.01675	0.13247	0.02093	0.09273	0.01365	0.01194	0.00574	0.00410	0.00160	0.00452	0.00412	0.00357	0.00623
5	0.02647	0.00608	0.00715	0.00691	0.00806	0.01630	0.00498	0.05448	0.01242	0.04051	0.32415	0.16988	0.08541	0.17757	0.01014	0.00241	0.00351	0.03410	0.00478	0.00471
6	0.01210	0.06234	0.01549	0.01281	0.07692	0.08597	0.08345	0.03150	0.02499	0.03089	0.01243	0.05087	0.05411	0.00647	0.00732	0.00148	0.17841	0.00490	0.00303	0.24452
7	0.04072	0.35722	0.13805	0.01103	0.01564	0.09839	0.04547	0.10378	0.01298	0.09894	0.00972	0.01051	0.00752	0.00497	0.00422	0.00134	0.00616	0.00360	0.00309	0.02664
8	0.01166	0.00876	0.00959	0.00887	0.03621	0.05692	0.00634	0.04013	0.13929	0.10447	0.10604	0.10366	0.05505	0.15871	0.00911	0.00216	0.00431	0.00692	0.00437	0.12741
9	0.04603	0.00595	0.00757	0.00792	0.00923	0.00571	0.00625	0.01041	0.01093	0.05393	0.06849	0.20343	0.04970	0.11617	0.00885	0.00240	0.00409	0.32088	0.00449	0.05757
10	0.10957	0.02661	0.01103	0.19742	0.05520	0.00963	0.00846	0.02588	0.13279	0.03809	0.11079	0.07702	0.05024	0.00738	0.00532	0.00165	0.02870	0.00613	0.09214	0.00596
11	0.02966	0.06220	0.03393	0.06337	0.07918	0.01126	0.00918	0.13615	0.05141	0.08654	0.09499	0.03440	0.01451	0.04958	0.11317	0.00270	0.11201	0.00548	0.00379	0.00648
12	0.63002	0.00950	0.00824	0.00719	0.01029	0.01049	0.00583	0.04989	0.01028	0.07051	0.04854	0.05175	0.00987	0.00573	0.00374	0.00156	0.00393	0.00395	0.00366	0.05502
13	0.06211	0.00810	0.04747	0.00779	0.00910	0.05256	0.00594	0.01062	0.00989	0.05257	0.06061	0.20798	0.05354	0.27553	0.01294	0.00285	0.04851	0.04122	0.00381	0.02686
14	0.09403	0.01183	0.01370	0.01192	0.06854	0.05704	0.06351	0.15012	0.17554	0.05847	0.03614	0.01398	0.01078	0.00548	0.00471	0.00140	0.00501	0.00451	0.00403	0.20926
15	0.10356	0.01217	0.01365	0.05260	0.07721	0.05911	0.01877	0.30287	0.06163	0.13634	0.01355	0.05363	0.01045	0.00641	0.00530	0.00160	0.02961	0.00501	0.02898	0.00754
16	0.01219	0.09154	0.04660	0.02560	0.06027	0.03044	0.00787	0.05349	0.11215	0.12520	0.32152	0.02495	0.05136	0.00786	0.00533	0.00156	0.00410	0.00664	0.00479	0.00652
17	0.01276	0.01287	0.09705	0.17485	0.37165	0.01193	0.06400	0.06289	0.01227	0.06743	0.02911	0.01363	0.00896	0.00520	0.00556	0.00161	0.03313	0.00474	0.00293	0.00744
18	0.01695	0.05624	0.03912	0.01267	0.04516	0.21415	0.03643	0.30590	0.09071	0.04434	0.02680	0.01278	0.00956	0.00586	0.00514	0.00148	0.02325	0.00440	0.02447	0.02458

[dist]
# distance from previous block
# <min> <max>
0	3

[block]
# block no. 1 follows, 48 sequences, length 16
# corresponding to MSA columns:
# 93-108
name=unknown_B
#
# <colnr> <probs for GDERKNQSTAVLIFYWHMCP>
#	G	D	E	R	K	N	Q	S	T	A	V	L	I	F	Y	W	H	M	C	P
0	0.03838	0.14899	0.19370	0.01667	0.15714	0.08656	0.09943	0.11140	0.02639	0.01745	0.00937	0.01123	0.00739	0.00513	0.00539	0.00153	0.04966	0.00412	0.00279	0.00728
1	0.00658	0.00485	0.00620	0.00676	0.00745	0.00462	0.00471	0.00778	0.01034	0.01380	0.12832	0.43714	0.14707	0.08306	0.10368	0.00295	0.00431	0.01164	0.00450	0.00424
2	0.12189	0.03668	0.15771	0.00975	0.01330	0.00918	0.04235	0.01516	0.10141	0.07144	0.07132	0.15881	0.01659	0.01960	0.02134	0.00178	0.00485	0.01477	0.00385	0.10822
3	0.01241	0.01190	0.10659	0.01042	0.01418	0.01011	0.04166	0.12847	0.09202	0.06295	0.07470	0.01649	0.01293	0.02042	0.04608	0.00182	0.06161	0.02155	0.00382	0.24986
4	0.03438	0.01081	0.01173	0.00936	0.01258	0.02202	0.00757	0.40718	0.01861	0.07906	0.13615	0.01875	0.04641	0.00691	0.00501	0.00147	0.00446	0.00549	0.09872	0.06335
5	0.01123	0.01123	0.01572	0.01347	0.01347	0.01572	0.01123	0.01235	0.00786	0.01235	0.00674	0.01123	0.00674	0.00898	0.01684	0.00225	0.81028	0.00449	0.00225	0.00561
6	0.01122	0.10734	0.01298	0.06374	0.01394	0.00892	0.00705	0.01375	0.02655	0.03034	0.00933	0.01086	0.00769	0.00408	0.00389	0.00090	0.00423	0.00321	0.00299	0.65701
7	0.00785	0.00566	0.00709	0.00771	0.00846	0.00558	0.00537	0.09927	0.01155	0.01542	0.02635	0.71930	0.03089	0.01488	0.00638	0.00202	0.00330	0.01338	0.00481	0.00472
8	0.00984	0.01966	0.50003	0.06982	0.05462	0.01074	0.05897	0.01455	0.01061	0.01535	0.01199	0.01540	0.03602	0.01006	0.11480	0.00257	0.00811	0.02756	0.00247	0.00682
9	0.01067	0.06464	0.02506	0.01090	0.08198	0.00828	0.04103	0.03934	0.02845	0.10556	0.07804	0.32067	0.04468	0.04708	0.02805	0.00211	0.04437	0.00906	0.00426	0.00575
10	0.01896	0.01488	0.01509	0.01268	0.05379	0.10945	0.00981	0.54448	0.06775	0.08222	0.01274	0.01275	0.00915	0.00604	0.00508	0.00153	0.00592	0.00457	0.00480	0.00832
11	0.01027	0.12024	0.61555	0.01311	0.01952	0.01209	0.01620	0.01516	0.01067	0.01540	0.01102	0.09758	0.00948	0.00603	0.00486	0.00161	0.00683	0.00483	0.00245	0.00709
12	0.01153	0.00989	0.01618	0.20343	0.37553	0.01032	0.02721	0.03549	0.01182	0.05773	0.05828	0.11206	0.01412	0.00682	0.00540	0.00167	0.00558	0.02684	0.00327	0.00683
13	0.04630	0.03751	0.04803	0.01386	0.08155	0.49390	0.01023	0.05645	0.01338	0.01437	0.00898	0.01109	0.00756	0.00932	0.10087	0.00223	0.03167	0.00377	0.00275	0.00618
14	0.00833	0.04633	0.00858	0.00744	0.00813	0.00722	0.00536	0.03117	0.00840	0.01158	0.01394	0.02477	0.01458	0.38750	0.31998	0.02800	0.05550	0.00614	0.00291	0.00413
15	0.09709	0.08205	0.07317	0.06103	0.12456	0.04939	0.14576	0.09226	0.01255	0.11113	0.01042	0.01224	0.00789	0.00546	0.00616	0.00163	0.09242	0.00446	0.00324	0.00712

[dist]
# distance from previous block
# <min> <max>
0	51

[block]
# block no. 2 follows, 48 sequences, length 30
# corresponding to MSA columns:
# 160-189
name=unknown_C
#
# <colnr> <probs for GDERKNQSTAVLIFYWHMCP>
#	G	D	E	R	K	N	Q	S	T	A	V	L	I	F	Y	W	H	M	C	P
0	0.01572	0.04117	0.04333	0.06988	0.09721	0.44138	0.01107	0.01873	0.08190	0.01399	0.00962	0.01198	0.00805	0.00588	0.00611	0.00153	0.09508	0.01820	0.00281	0.00637
1	0.01097	0.01278	0.10059	0.21144	0.09337	0.02649	0.28119	0.03169	0.02548	0.01559	0.01240	0.09320	0.01094	0.00628	0.00577	0.00175	0.01673	0.03400	0.00286	0.00648
2	0.01116	0.23823	0.25469	0.05281	0.04569	0.01322	0.05284	0.03530	0.03661	0.01451	0.01069	0.03804	0.00948	0.08664	0.05916	0.00228	0.02499	0.00460	0.00261	0.00647
3	0.01357	0.01547	0.11355	0.12060	0.21223	0.15617	0.12223	0.04109	0.01251	0.05583	0.01084	0.01447	0.00873	0.00536	0.00516	0.00157	0.00704	0.03893	0.01441	0.03024
4	0.00816	0.00642	0.00914	0.09667	0.01293	0.00656	0.03350	0.01080	0.04205	0.01483	0.04016	0.14261	0.12169	0.03875	0.00717	0.00220	0.00455	0.39257	0.00438	0.00487
5	0.01560	0.15364	0.16485	0.01289	0.01679	0.40151	0.04721	0.04627	0.01317	0.01436	0.03352	0.01073	0.00808	0.00535	0.00503	0.00141	0.03674	0.00372	0.00265	0.00647
6	0.00771	0.00543	0.00722	0.00799	0.00871	0.00545	0.00624	0.00918	0.01009	0.01332	0.02335	0.15096	0.02596	0.23863	0.06715	0.00345	0.00518	0.39562	0.00415	0.00419
7	0.01611	0.01220	0.01503	0.09777	0.01759	0.11491	0.11609	0.12650	0.09517	0.21930	0.04053	0.05187	0.04010	0.00663	0.00534	0.00162	0.00585	0.00571	0.00445	0.00723
8	0.01044	0.00787	0.00918	0.00918	0.01098	0.03440	0.00746	0.03959	0.18205	0.05997	0.10914	0.10899	0.05186	0.01131	0.00623	0.00199	0.00426	0.32431	0.00497	0.00582
9	0.00733	0.00482	0.00646	0.00738	0.00797	0.00449	0.00515	0.00842	0.01036	0.05606	0.04980	0.70028	0.03291	0.01526	0.00649	0.00206	0.00315	0.06227	0.00487	0.00447
10	0.00984	0.00928	0.01567	0.76765	0.07383	0.01144	0.01433	0.01324	0.01033	0.01330	0.00915	0.01363	0.00691	0.00510	0.00513	0.00170	0.00680	0.00456	0.00229	0.00582
11	0.01748	0.02046	0.01469	0.09799	0.06129	0.57492	0.01049	0.03082	0.06902	0.04178	0.00959	0.01097	0.00762	0.00540	0.00477	0.00142	0.00822	0.00377	0.00295	0.00634
12	0.01120	0.00910	0.01034	0.04777	0.01229	0.03517	0.00749	0.06867	0.21812	0.06377	0.09078	0.08359	0.18302	0.00946	0.00693	0.00179	0.09666	0.03301	0.00460	0.00623
13	0.01186	0.01507	0.11230	0.02038	0.02552	0.01302	0.64244	0.01617	0.01172	0.01617	0.01004	0.01336	0.00758	0.00466	0.00657	0.00175	0.05624	0.00572	0.00253	0.00691
14	0.85592	0.00992	0.00754	0.00675	0.00992	0.01151	0.00556	0.01508	0.00873	0.02302	0.00714	0.00834	0.00556	0.00476	0.00318	0.00159	0.00397	0.00278	0.00318	0.00556
15	0.00701	0.00569	0.00642	0.00735	0.00796	0.04777	0.00508	0.00802	0.01036	0.01323	0.02970	0.66148	0.11401	0.01508	0.00641	0.00201	0.00334	0.04012	0.00465	0.00430
16	0.04357	0.01134	0.01569	0.01322	0.01390	0.03670	0.05562	0.01328	0.00862	0.04635	0.00794	0.01225	0.00743	0.03235	0.02486	0.00229	0.64172	0.00461	0.00252	0.00575
17	0.02074	0.00828	0.01130	0.00907	0.01261	0.00725	0.00752	0.02279	0.01435	0.67363	0.04975	0.02287	0.01597	0.00740	0.00541	0.00168	0.00433	0.09077	0.00614	0.00813
18	0.01064	0.00912	0.01064	0.00760	0.01216	0.00684	0.00608	0.01292	0.01064	0.01672	0.00912	0.01064	0.00760	0.00380	0.00380	0.00076	0.00380	0.00304	0.00304	0.85104
19	0.00647	0.00464	0.00613	0.00724	0.00766	0.00436	0.00500	0.00748	0.00999	0.01323	0.02860	0.69534	0.05880	0.04192	0.00722	0.00219	0.00319	0.08166	0.00471	0.00419
20	0.01093	0.01034	0.01725	0.38636	0.35241	0.01163	0.01419	0.01400	0.01096	0.01503	0.05168	0.01447	0.00966	0.00542	0.00586	0.00166	0.05409	0.00482	0.00257	0.00668
21	0.00667	0.00504	0.00665	0.00792	0.03686	0.00471	0.00535	0.00789	0.01043	0.01367	0.04732	0.55731	0.15970	0.01548	0.02848	0.00219	0.00346	0.07182	0.00464	0.00441
22	0.06907	0.01266	0.08342	0.01441	0.01828	0.02822	0.27733	0.02976	0.08942	0.14656	0.04272	0.01786	0.01202	0.00635	0.00652	0.00176	0.07791	0.05499	0.00376	0.00698
23	0.00954	0.00608	0.00849	0.00922	0.01061	0.00599	0.00789	0.01175	0.01179	0.09086	0.02587	0.09713	0.02729	0.01477	0.04739	0.00257	0.00505	0.59784	0.00478	0.00508
24	0.01029	0.02654	0.79309	0.01462	0.02221	0.01192	0.01896	0.01625	0.01083	0.01625	0.00921	0.01083	0.00650	0.00487	0.00487	0.00162	0.00758	0.00379	0.00217	0.00758
25	0.00827	0.00691	0.01072	0.32375	0.04547	0.00776	0.02050	0.01036	0.00984	0.01311	0.01750	0.25754	0.03243	0.09441	0.07255	0.00269	0.00580	0.02869	0.02679	0.00491
26	0.01208	0.01165	0.01758	0.20240	0.39447	0.05530	0.03441	0.04064	0.04019	0.01575	0.01067	0.04123	0.00924	0.03615	0.00665	0.00176	0.05508	0.00503	0.00276	0.00696
27	0.02002	0.00910	0.01155	0.00911	0.01268	0.00844	0.00745	0.13959	0.01558	0.55435	0.02179	0.02123	0.07857	0.03453	0.00600	0.00173	0.00445	0.02993	0.00586	0.00804
28	0.01531	0.00752	0.00964	0.00803	0.01074	0.00697	0.00639	0.03541	0.07805	0.37622	0.29477	0.02621	0.05457	0.00811	0.00546	0.00160	0.00353	0.00687	0.03763	0.00698
29	0.01310	0.04240	0.08605	0.15654	0.20410	0.04171	0.08719	0.13662	0.03945	0.03244	0.01137	0.01513	0.00919	0.00554	0.00513	0.00157	0.00632	0.04549	0.00318	0.05748

[dist]
# distance from previous block
# <min> <max>
0	1

[block]
# block no. 3 follows, 48 sequences, length 32
# corresponding to MSA columns:
# 191-221,223
name=unknown_D
#
# <colnr> <probs for GDERKNQSTAVLIFYWHMCP>
#	G	D	E	R	K	N	Q	S	T	A	V	L	I	F	Y	W	H	M	C	P
0	0.01398	0.03959	0.02264	0.04741	0.30495	0.01256	0.28313	0.07532	0.03751	0.09458	0.01143	0.01364	0.00865	0.00487	0.00539	0.00160	0.00674	0.00514	0.00320	0.00767
1	0.04739	0.00749	0.00746	0.00691	0.00879	0.05368	0.00528	0.06017	0.05455	0.01819	0.30218	0.03716	0.35073	0.01050	0.00574	0.00165	0.00327	0.00879	0.00493	0.00515
2	0.49059	0.01170	0.06449	0.01116	0.01488	0.01157	0.19090	0.01563	0.05091	0.02018	0.01006	0.05887	0.00841	0.00551	0.00446	0.00167	0.01524	0.00453	0.00316	0.00607
3	0.01063	0.00988	0.01546	0.59838	0.02975	0.01255	0.01336	0.06237	0.01069	0.01421	0.00886	0.01311	0.00694	0.00596	0.00745	0.00180	0.16573	0.00455	0.00246	0.00588
4	0.00666	0.00496	0.00643	0.00722	0.00791	0.00458	0.00500	0.00772	0.01003	0.01344	0.02817	0.67932	0.07917	0.01491	0.00651	0.00199	0.01502	0.03688	0.00461	0.05946
5	0.01186	0.00985	0.01130	0.00818	0.01268	0.00809	0.00659	0.11759	0.01250	0.01888	0.00956	0.01087	0.00776	0.00413	0.00398	0.00087	0.00406	0.00326	0.00333	0.73468
6	0.05864	0.00554	0.00606	0.00579	0.00643	0.00546	0.00359	0.00870	0.00842	0.01245	0.06537	0.02998	0.01875	0.61327	0.02055	0.00404	0.00450	0.00684	0.05855	0.05705
7	0.00645	0.00458	0.00607	0.00718	0.00751	0.00432	0.00487	0.00737	0.00979	0.01303	0.02742	0.71981	0.03268	0.06838	0.00786	0.00229	0.00321	0.05839	0.00465	0.00413
8	0.01208	0.01102	0.06231	0.00994	0.01430	0.00891	0.06603	0.06507	0.01173	0.06381	0.01017	0.01209	0.00815	0.00473	0.00519	0.00112	0.06223	0.01359	0.00326	0.55429
9	0.01855	0.01387	0.01520	0.05996	0.01695	0.01547	0.00994	0.68488	0.06363	0.03059	0.01258	0.01277	0.00898	0.00614	0.00514	0.00156	0.00563	0.00468	0.00496	0.00851
10	0.01809	0.01450	0.05074	0.01195	0.01587	0.01550	0.01016	0.63632	0.07357	0.02956	0.01239	0.01264	0.00896	0.00634	0.00589	0.00160	0.05801	0.00465	0.00482	0.00843
11	0.07146	0.04864	0.01424	0.08016	0.01663	0.57629	0.00990	0.01843	0.01325	0.01344	0.00913	0.01268	0.00801	0.00590	0.00511	0.00146	0.03592	0.05078	0.00275	0.00584
12	0.00847	0.00532	0.00674	0.00699	0.00811	0.00482	0.00501	0.00971	0.01101	0.10241	0.09320	0.42765	0.15426	0.07306	0.00769	0.00213	0.00327	0.04604	0.00486	0.01922
13	0.05365	0.00881	0.01174	0.01016	0.01298	0.00871	0.05412	0.15026	0.01457	0.25878	0.02056	0.10581	0.01863	0.00948	0.00585	0.00188	0.00481	0.23730	0.00510	0.00679
14	0.01147	0.02838	0.03107	0.10567	0.02564	0.00943	0.10621	0.05626	0.03855	0.11474	0.02614	0.27522	0.01780	0.00990	0.01911	0.00194	0.08528	0.01664	0.01450	0.00604
15	0.01393	0.58624	0.13594	0.01046	0.01523	0.05939	0.04502	0.01632	0.01100	0.05361	0.00831	0.00940	0.00695	0.00461	0.00381	0.00124	0.00607	0.00320	0.00245	0.00682
16	0.01119	0.00790	0.00906	0.00806	0.01034	0.00809	0.00626	0.05592	0.25115	0.10809	0.29587	0.03055	0.15815	0.00913	0.00565	0.00167	0.00335	0.00776	0.00542	0.00641
17	0.00627	0.00452	0.00590	0.00700	0.00737	0.00420	0.00467	0.00716	0.00987	0.01306	0.02931	0.75363	0.07589	0.03592	0.00701	0.00214	0.00301	0.01420	0.00472	0.00415
18	0.01200	0.04079	0.01289	0.18591	0.06127	0.05311	0.00948	0.11108	0.21034	0.03116	0.01744	0.17523	0.02733	0.00817	0.00539	0.00173	0.00510	0.02091	0.00407	0.00660
19	0.81384	0.01065	0.00789	0.00707	0.01022	0.05112	0.00578	0.01535	0.00902	0.02250	0.00718	0.00838	0.00561	0.00479	0.00325	0.00157	0.00423	0.00280	0.00315	0.00558
20	0.01380	0.03058	0.01692	0.31658	0.13291	0.20570	0.06021	0.09015	0.05423	0.01600	0.00989	0.01252	0.00768	0.00522	0.00503	0.00156	0.00715	0.00438	0.00286	0.00662
21	0.01317	0.69105	0.02396	0.00870	0.01263	0.04783	0.00839	0.01479	0.01057	0.01237	0.01024	0.01134	0.05359	0.00590	0.02356	0.00134	0.01833	0.00339	0.02255	0.00632
22	0.01197	0.15818	0.34021	0.01143	0.01642	0.01232	0.02384	0.08567	0.07306	0.05855	0.03062	0.08123	0.06164	0.00671	0.00492	0.00158	0.00579	0.00541	0.00337	0.00706
23	0.01164	0.18698	0.10096	0.00943	0.01272	0.01197	0.02272	0.08067	0.19458	0.01785	0.04190	0.04517	0.06415	0.03600	0.01525	0.00174	0.00479	0.03638	0.09857	0.00655
24	0.00629	0.00513	0.00558	0.00579	0.00725	0.00442	0.00432	0.00766	0.01162	0.01430	0.09933	0.16374	0.58259	0.01334	0.00619	0.00181	0.00275	0.04872	0.00483	0.00436
25	0.39565	0.22044	0.05531	0.00881	0.01269	0.01467	0.00800	0.15481	0.05397	0.02148	0.00895	0.00976	0.00700	0.00505	0.00377	0.00146	0.00486	0.00333	0.00334	0.00665
26	0.00804	0.00548	0.00626	0.00601	0.00661	0.00538	0.00378	0.03226	0.00915	0.02774	0.06855	0.03376	0.10668	0.59113	0.05016	0.00427	0.00486	0.00767	0.00357	0.01866
27	0.04957	0.04606	0.49259	0.01300	0.01889	0.01159	0.06835	0.03104	0.08668	0.01755	0.01107	0.01250	0.00817	0.00513	0.00472	0.00156	0.00645	0.00417	0.08478	0.02614
28	0.01350	0.77245	0.07530	0.00915	0.01374	0.01977	0.00942	0.01542	0.01045	0.01234	0.00726	0.00840	0.00658	0.00442	0.00339	0.00113	0.00562	0.00281	0.00219	0.00665
29	0.00730	0.00615	0.00632	0.00626	0.00752	0.04710	0.00450	0.00869	0.01172	0.01482	0.22456	0.11436	0.36501	0.12078	0.03026	0.00232	0.00357	0.00980	0.00460	0.00437
30	0.00655	0.00467	0.00597	0.00683	0.00719	0.00444	0.00454	0.00737	0.00949	0.01257	0.02692	0.57904	0.07532	0.16829	0.03556	0.00281	0.00372	0.03033	0.00439	0.00400
31	0.07844	0.07273	0.01477	0.01225	0.01517	0.62227	0.00944	0.06007	0.01439	0.04360	0.00852	0.00960	0.00688	0.00528	0.00449	0.00135	0.00826	0.00337	0.00293	0.00621

[dist]
# distance from previous block
# <min> <max>
0	1

[block]
# block no. 4 follows, 48 sequences, length 20
# corresponding to MSA columns:
# 225-230,235-248
name=unknown_E
#
# <colnr> <probs for GDERKNQSTAVLIFYWHMCP>
#	G	D	E	R	K	N	Q	S	T	A	V	L	I	F	Y	W	H	M	C	P
0	0.01113	0.00977	0.04233	0.00844	0.01271	0.00751	0.02663	0.04033	0.01135	0.04902	0.02680	0.02778	0.03829	0.00545	0.01881	0.00112	0.01700	0.00398	0.00333	0.63820
1	0.03414	0.07821	0.41061	0.02955	0.01844	0.01267	0.01387	0.17873	0.03360	0.07690	0.02431	0.01326	0.02874	0.00612	0.01746	0.00168	0.00647	0.00434	0.00335	0.00759
2	0.01143	0.14399	0.03931	0.08696	0.01634	0.09974	0.15152	0.01395	0.04140	0.01337	0.03646	0.03223	0.01194	0.19265	0.02509	0.00248	0.06730	0.00544	0.00283	0.00558
3	0.01553	0.01292	0.04595	0.13431	0.06296	0.04250	0.02642	0.42619	0.01810	0.02445	0.02571	0.01389	0.00947	0.01992	0.00576	0.02419	0.00576	0.00470	0.07390	0.00737
4	0.01032	0.02523	0.73437	0.01410	0.02145	0.01154	0.01799	0.01600	0.01082	0.01628	0.00920	0.01082	0.00658	0.00479	0.00479	0.00156	0.00730	0.00374	0.00223	0.07088
5	0.01879	0.00938	0.09988	0.09410	0.01457	0.00772	0.07927	0.03612	0.01242	0.03368	0.24772	0.07522	0.12376	0.04530	0.00688	0.00189	0.01465	0.06897	0.00418	0.00548
6	0.00984	0.00666	0.00885	0.00901	0.01060	0.01727	0.02740	0.04205	0.01234	0.09194	0.04559	0.18453	0.09886	0.01284	0.00654	0.00209	0.00433	0.39920	0.00485	0.00522
7	0.48140	0.00974	0.05145	0.13844	0.01439	0.01010	0.00759	0.01404	0.00998	0.04996	0.09674	0.04651	0.01249	0.03248	0.00487	0.00174	0.00447	0.00458	0.00344	0.00560
8	0.01209	0.09229	0.16331	0.01441	0.01895	0.12806	0.26329	0.01548	0.01200	0.01547	0.05399	0.03054	0.04202	0.00574	0.00519	0.00152	0.00697	0.02944	0.00289	0.08635
9	0.07569	0.00913	0.01057	0.00773	0.01211	0.00728	0.00623	0.01465	0.01102	0.11794	0.01042	0.01135	0.00811	0.00420	0.00393	0.00093	0.00389	0.00330	0.00348	0.67802
10	0.01075	0.01030	0.01474	0.07222	0.01461	0.01365	0.03867	0.03318	0.00873	0.01294	0.00927	0.05737	0.00944	0.08548	0.01554	0.00242	0.57730	0.00539	0.00256	0.00544
11	0.01624	0.00726	0.00957	0.00806	0.01084	0.00644	0.00646	0.01836	0.02418	0.45645	0.15067	0.08066	0.09344	0.00874	0.00553	0.00167	0.00372	0.04732	0.03740	0.00699
12	0.00845	0.00623	0.02964	0.00766	0.00921	0.00548	0.00636	0.01088	0.01351	0.06049	0.46841	0.04263	0.06999	0.01129	0.00628	0.00184	0.00336	0.22794	0.00528	0.00507
13	0.00817	0.00606	0.00775	0.00799	0.00938	0.00605	0.00652	0.01159	0.08506	0.01761	0.29123	0.04437	0.09452	0.01276	0.03452	0.00217	0.00395	0.31778	0.02747	0.00505
14	0.01150	0.02486	0.71922	0.01410	0.02135	0.01150	0.01788	0.01708	0.01120	0.08953	0.01025	0.01146	0.00709	0.00501	0.00490	0.00162	0.00728	0.00392	0.00256	0.00769
15	0.01092	0.01028	0.01638	0.20609	0.38193	0.03131	0.01297	0.01364	0.01048	0.01451	0.01022	0.01439	0.00874	0.01235	0.17903	0.00307	0.04983	0.00473	0.00251	0.00660
16	0.03699	0.01154	0.01769	0.15892	0.27392	0.01202	0.08211	0.15796	0.02862	0.15134	0.01208	0.01373	0.00884	0.00530	0.00516	0.00160	0.00599	0.00479	0.00370	0.00774
17	0.00766	0.00654	0.00693	0.00782	0.00845	0.07956	0.00541	0.00889	0.02410	0.01329	0.02673	0.68134	0.04801	0.01475	0.00635	0.00201	0.00364	0.03951	0.00457	0.00443
18	0.63154	0.00968	0.00873	0.00882	0.06811	0.02412	0.00636	0.03275	0.00955	0.02114	0.04988	0.01109	0.00849	0.00634	0.00514	0.08187	0.00422	0.00348	0.00321	0.00548
19	0.00707	0.00554	0.00652	0.00702	0.00821	0.00527	0.00520	0.00961	0.08352	0.01461	0.05294	0.35462	0.30259	0.01375	0.00630	0.00195	0.00314	0.10262	0.00482	0.00468

[dist]
# distance from previous block
# <min> <max>
0	22

# created by:
# /home/cegg/simao/soft/augustus-3.2.1/scripts/msa2prfl.pl ./align_prep/EOG091G0V3C.fa
