[name]
unknown

[dist]
# distance from previous block
# <min> <max>
0	48

[block]
# block no. 0 follows, 46 sequences, length 41
# corresponding to MSA columns:
# 61-78,82-102,105,106
name=unknown_A
#
# <colnr> <probs for GDERKNQSTAVLIFYWHMCP>
#	G	D	E	R	K	N	Q	S	T	A	V	L	I	F	Y	W	H	M	C	P
0	0.03704	0.01072	0.06468	0.01215	0.03233	0.00923	0.12865	0.04880	0.06715	0.09940	0.03632	0.04236	0.01641	0.00794	0.00568	0.00172	0.00538	0.19754	0.00416	0.17233
1	0.02532	0.01106	0.05456	0.01164	0.03286	0.00935	0.12466	0.01873	0.11863	0.19098	0.05203	0.01655	0.02884	0.00567	0.00504	0.00141	0.00502	0.00506	0.00426	0.27834
2	0.01263	0.01270	0.01994	0.01932	0.23082	0.05599	0.22487	0.01655	0.06080	0.01722	0.01063	0.01297	0.00851	0.00459	0.00509	0.00138	0.00634	0.00466	0.00298	0.27201
3	0.06147	0.01254	0.01981	0.02827	0.63981	0.01270	0.01472	0.08690	0.01304	0.01916	0.01004	0.01272	0.00826	0.00485	0.00508	0.00155	0.00603	0.00456	0.00292	0.03555
4	0.66982	0.01050	0.00937	0.00934	0.06867	0.01197	0.00685	0.03629	0.07845	0.02328	0.02838	0.01081	0.00806	0.00528	0.00374	0.00164	0.00427	0.00350	0.00353	0.00623
5	0.01308	0.01256	0.02146	0.03245	0.78123	0.01256	0.01622	0.01622	0.01204	0.01727	0.00994	0.01308	0.00837	0.00471	0.00523	0.00157	0.00628	0.00471	0.00262	0.00837
6	0.01221	0.01217	0.09260	0.01650	0.08771	0.01012	0.31807	0.01586	0.01334	0.10731	0.23383	0.02159	0.02063	0.00661	0.00593	0.00170	0.00620	0.00673	0.00399	0.00690
7	0.46428	0.00968	0.01006	0.05412	0.03331	0.01017	0.00712	0.01800	0.01109	0.24082	0.01216	0.03410	0.00893	0.00565	0.00417	0.00160	0.00440	0.00408	0.00418	0.06209
8	0.01315	0.01136	0.01195	0.01076	0.01375	0.01315	0.00837	0.02809	0.77168	0.02211	0.02152	0.01972	0.01614	0.00717	0.00538	0.00179	0.00418	0.00598	0.00538	0.00837
9	0.01268	0.01215	0.02074	0.13155	0.68526	0.01246	0.01603	0.01587	0.01185	0.01679	0.00987	0.01321	0.00820	0.00478	0.00524	0.00159	0.00638	0.00471	0.00258	0.00805
10	0.82937	0.01008	0.00770	0.00690	0.01012	0.01168	0.00567	0.01546	0.00905	0.02361	0.00762	0.00888	0.00593	0.00494	0.00328	0.00163	0.00405	0.00292	0.02542	0.00570
11	0.03871	0.01252	0.02137	0.01940	0.18417	0.03703	0.29922	0.05253	0.03588	0.18884	0.03023	0.01596	0.02739	0.00552	0.00562	0.00168	0.00670	0.00562	0.00385	0.00776
12	0.01296	0.01243	0.02123	0.06432	0.75037	0.01253	0.01616	0.01611	0.01198	0.01712	0.00992	0.01313	0.00832	0.00473	0.00524	0.00158	0.00631	0.00471	0.00261	0.00827
13	0.01239	0.01496	0.07438	0.02217	0.04951	0.01328	0.69738	0.01690	0.01239	0.01693	0.01060	0.01405	0.00796	0.00450	0.00614	0.00177	0.00877	0.00606	0.00265	0.00721
14	0.00625	0.00536	0.00536	0.00536	0.00714	0.00446	0.00402	0.00759	0.01205	0.01428	0.05355	0.05088	0.77909	0.01339	0.00625	0.00179	0.00268	0.01116	0.00491	0.00446
15	0.00857	0.00619	0.00834	0.00827	0.02995	0.00640	0.00593	0.01037	0.01205	0.04960	0.37625	0.12024	0.05009	0.11205	0.10027	0.00298	0.07398	0.00880	0.00467	0.00498
16	0.01130	0.02472	0.65265	0.01524	0.02244	0.01229	0.08102	0.01772	0.05846	0.03949	0.01066	0.01215	0.00758	0.00515	0.00516	0.00169	0.00758	0.00427	0.00259	0.00782
17	0.01088	0.08868	0.72789	0.01460	0.02216	0.01295	0.01872	0.01667	0.01113	0.01641	0.00932	0.01095	0.00670	0.00498	0.00490	0.00163	0.00765	0.00382	0.00223	0.00773
18	0.01975	0.02520	0.01498	0.01362	0.01634	0.79299	0.01021	0.02111	0.01498	0.01294	0.00817	0.00953	0.00681	0.00545	0.00477	0.00136	0.00953	0.00340	0.00272	0.00613
19	0.01259	0.03440	0.03870	0.08857	0.27927	0.01032	0.07752	0.03723	0.02302	0.10923	0.12170	0.02197	0.10864	0.00693	0.00554	0.00165	0.00540	0.00631	0.00388	0.00713
20	0.01897	0.05545	0.17547	0.01156	0.01641	0.03466	0.02754	0.16178	0.05062	0.36975	0.01570	0.01484	0.01051	0.00604	0.00516	0.00161	0.00573	0.00479	0.00494	0.00848
21	0.01315	0.01136	0.01195	0.01076	0.01375	0.01315	0.00837	0.02809	0.77168	0.02211	0.02152	0.01972	0.01614	0.00717	0.00538	0.00179	0.00418	0.00598	0.00538	0.00837
22	0.00664	0.00476	0.00632	0.00736	0.00783	0.00445	0.00507	0.00779	0.01073	0.01438	0.10331	0.68423	0.05111	0.01584	0.00671	0.00211	0.00309	0.04887	0.00500	0.00439
23	0.01538	0.06120	0.01881	0.04340	0.33544	0.14739	0.03244	0.16113	0.05240	0.01934	0.02303	0.01289	0.00909	0.00556	0.00561	0.00157	0.03971	0.00457	0.00330	0.00775
24	0.00762	0.00517	0.00611	0.00616	0.00629	0.00527	0.00369	0.00789	0.00789	0.01063	0.01687	0.06508	0.01914	0.68710	0.11913	0.00541	0.00614	0.00775	0.00323	0.00343
25	0.00755	0.00566	0.00850	0.00850	0.00944	0.00661	0.00661	0.00944	0.00850	0.01227	0.01416	0.02077	0.01322	0.03965	0.79326	0.00850	0.01416	0.00566	0.00283	0.00472
26	0.01122	0.00970	0.01451	0.38847	0.06843	0.01109	0.04057	0.11478	0.07246	0.01751	0.03582	0.13193	0.01435	0.00769	0.00565	0.00181	0.00589	0.03815	0.00358	0.00639
27	0.01422	0.01621	0.01404	0.21589	0.06398	0.37881	0.01090	0.01634	0.01259	0.01343	0.01199	0.03494	0.03232	0.01028	0.09795	0.00239	0.00869	0.03630	0.00284	0.00588
28	0.00763	0.00572	0.00730	0.00789	0.00924	0.00538	0.00652	0.00972	0.01256	0.01625	0.16511	0.07491	0.24747	0.01366	0.00680	0.00211	0.00378	0.38815	0.00505	0.00476
29	0.01317	0.00770	0.00903	0.00765	0.01032	0.00716	0.00607	0.12138	0.01523	0.22646	0.16657	0.03451	0.33315	0.01007	0.00586	0.00169	0.00359	0.00838	0.00557	0.00643
30	0.05841	0.00547	0.00659	0.00695	0.00795	0.00518	0.00485	0.00956	0.01084	0.06931	0.09537	0.44510	0.12117	0.09892	0.00841	0.00229	0.00334	0.01165	0.02396	0.00469
31	0.47462	0.00891	0.00799	0.00705	0.00991	0.00963	0.00566	0.06227	0.01145	0.08184	0.05818	0.02043	0.16033	0.02521	0.00484	0.00173	0.00384	0.00533	0.03496	0.00582
32	0.06858	0.00964	0.01189	0.00935	0.01307	0.00918	0.00762	0.12921	0.04710	0.50934	0.05153	0.01804	0.01387	0.02942	0.00578	0.00170	0.00452	0.00531	0.02629	0.02856
33	0.04681	0.01642	0.01238	0.01111	0.01361	0.36482	0.00852	0.09285	0.09981	0.04868	0.05409	0.05070	0.02983	0.02840	0.00600	0.00166	0.02921	0.02567	0.05305	0.00640
34	0.21671	0.00885	0.01028	0.00848	0.01173	0.00867	0.00685	0.05736	0.02634	0.39998	0.12172	0.06848	0.01761	0.00737	0.00505	0.00167	0.00410	0.00591	0.00548	0.00736
35	0.00786	0.00596	0.00675	0.00662	0.00827	0.00546	0.00493	0.01043	0.07173	0.04248	0.16727	0.15162	0.39500	0.04188	0.00695	0.00193	0.00306	0.03129	0.00505	0.02545
36	0.01051	0.00884	0.01095	0.04361	0.01225	0.07155	0.03209	0.06687	0.01058	0.03285	0.01343	0.02032	0.01248	0.12119	0.41168	0.00561	0.07545	0.01893	0.01552	0.00529
37	0.05600	0.00664	0.00726	0.00721	0.00860	0.03454	0.00516	0.01152	0.03332	0.10645	0.06391	0.31312	0.15792	0.11943	0.00873	0.00229	0.00372	0.01018	0.03893	0.00506
38	0.02522	0.00667	0.00816	0.00781	0.00950	0.00645	0.00583	0.05127	0.07225	0.12947	0.18675	0.31089	0.11072	0.02425	0.00645	0.00192	0.00342	0.02193	0.00534	0.00572
39	0.05695	0.00610	0.00714	0.00684	0.00835	0.00585	0.00505	0.01092	0.05304	0.05005	0.29493	0.12463	0.19063	0.07689	0.03696	0.02616	0.00359	0.00920	0.00491	0.02180
40	0.01314	0.02718	0.01286	0.07733	0.01533	0.17768	0.04156	0.03667	0.21795	0.03943	0.04514	0.06633	0.03398	0.03547	0.04019	0.00213	0.02990	0.05817	0.02311	0.00645

[dist]
# distance from previous block
# <min> <max>
10	27

[block]
# block no. 1 follows, 46 sequences, length 28
# corresponding to MSA columns:
# 134-161
name=unknown_B
#
# <colnr> <probs for GDERKNQSTAVLIFYWHMCP>
#	G	D	E	R	K	N	Q	S	T	A	V	L	I	F	Y	W	H	M	C	P
0	0.05604	0.00601	0.00748	0.00791	0.00919	0.00586	0.00605	0.02366	0.02596	0.08217	0.05481	0.38507	0.06055	0.01320	0.00626	0.00203	0.00364	0.17667	0.06230	0.00514
1	0.03038	0.00851	0.00884	0.00851	0.00984	0.06730	0.00614	0.08055	0.12107	0.01603	0.04293	0.24816	0.05353	0.14089	0.03858	0.08096	0.01977	0.00862	0.00420	0.00519
2	0.03923	0.00615	0.00721	0.00707	0.00850	0.00597	0.00520	0.02861	0.06426	0.05845	0.22984	0.22652	0.15480	0.06587	0.00740	0.00203	0.00324	0.02224	0.05225	0.00517
3	0.03504	0.00548	0.00631	0.00659	0.00711	0.00541	0.00422	0.03589	0.00961	0.01305	0.02378	0.31548	0.08689	0.40272	0.01632	0.00353	0.00417	0.01037	0.00404	0.00400
4	0.01827	0.01086	0.01254	0.01004	0.01359	0.01121	0.00815	0.29399	0.12557	0.27729	0.07726	0.01981	0.05745	0.00725	0.00539	0.00164	0.00462	0.00584	0.03099	0.00823
5	0.04652	0.00817	0.00871	0.00811	0.01001	0.05089	0.00610	0.07128	0.09089	0.09457	0.18625	0.21379	0.10809	0.03496	0.00644	0.00187	0.00381	0.00903	0.03467	0.00585
6	0.06059	0.00679	0.00851	0.00764	0.00987	0.00619	0.00594	0.01486	0.01319	0.27684	0.19963	0.14999	0.14182	0.02950	0.00638	0.00186	0.00356	0.04514	0.00553	0.00615
7	0.01060	0.00688	0.00822	0.00752	0.00950	0.00656	0.00574	0.05910	0.07919	0.12767	0.27870	0.14583	0.21146	0.01105	0.00605	0.00176	0.00325	0.00952	0.00550	0.00587
8	0.00833	0.00677	0.01066	0.00985	0.01102	0.00757	0.07611	0.01024	0.00923	0.01320	0.01580	0.11154	0.01577	0.06909	0.46681	0.00596	0.07441	0.03841	0.03434	0.00491
9	0.16880	0.00735	0.00821	0.00740	0.00959	0.00733	0.00570	0.03464	0.04099	0.15410	0.20941	0.09126	0.13428	0.05593	0.04031	0.00220	0.00402	0.00769	0.00496	0.00583
10	0.31122	0.00904	0.00936	0.00804	0.01106	0.00946	0.00650	0.06314	0.07149	0.22403	0.05919	0.04033	0.04345	0.00699	0.00464	0.00165	0.00401	0.02761	0.08203	0.00676
11	0.01856	0.01219	0.01331	0.01043	0.01406	0.01312	0.00854	0.52821	0.02100	0.12239	0.01457	0.01470	0.01037	0.00633	0.00498	0.00152	0.00501	0.00486	0.16765	0.00821
12	0.00804	0.00647	0.00861	0.00863	0.00958	0.03579	0.00666	0.00980	0.00924	0.01278	0.03469	0.08808	0.03422	0.04716	0.59332	0.00690	0.03459	0.03749	0.00320	0.00475
13	0.01226	0.01179	0.02227	0.21973	0.02593	0.01235	0.36962	0.06643	0.01230	0.04855	0.01110	0.01482	0.00854	0.00884	0.08940	0.00249	0.04839	0.00556	0.00293	0.00669
14	0.04738	0.00810	0.00891	0.00796	0.00950	0.00858	0.00574	0.18630	0.05489	0.03551	0.01764	0.02896	0.04468	0.42071	0.01686	0.02686	0.00505	0.05711	0.00404	0.00522
15	0.00852	0.00608	0.00852	0.00974	0.01095	0.00608	0.00852	0.01095	0.01217	0.01582	0.02799	0.05963	0.03042	0.01460	0.00730	0.00243	0.00487	0.74565	0.00487	0.00487
16	0.05120	0.01113	0.01442	0.09877	0.05515	0.03183	0.06228	0.22104	0.04867	0.19066	0.10219	0.04890	0.01567	0.00703	0.00546	0.00168	0.00536	0.01622	0.00482	0.00755
17	0.03533	0.00841	0.01045	0.00937	0.01128	0.00924	0.00739	0.19495	0.01356	0.07687	0.04878	0.09917	0.01661	0.06687	0.29031	0.00441	0.04332	0.04346	0.00416	0.00605
18	0.00808	0.00590	0.00780	0.00873	0.00996	0.00575	0.00740	0.01016	0.01184	0.01518	0.03152	0.05645	0.15580	0.06903	0.00846	0.00251	0.00452	0.57148	0.00476	0.00469
19	0.05280	0.01087	0.01308	0.01010	0.01412	0.01074	0.00833	0.27393	0.01806	0.47858	0.01749	0.01591	0.01145	0.00640	0.00518	0.00161	0.00486	0.00502	0.03272	0.00874
20	0.01191	0.01141	0.01914	0.30605	0.38150	0.01244	0.06358	0.01627	0.07845	0.01623	0.01076	0.01408	0.00853	0.00521	0.00557	0.00169	0.02218	0.00492	0.00276	0.00734
21	0.01593	0.00926	0.01127	0.00850	0.01265	0.00781	0.00688	0.04968	0.04530	0.29346	0.01469	0.01452	0.01051	0.00525	0.00452	0.00120	0.00412	0.00423	0.06196	0.41827
22	0.01396	0.01102	0.01521	0.01669	0.22742	0.02526	0.04776	0.10461	0.15973	0.09995	0.14856	0.01958	0.01775	0.00685	0.00592	0.00166	0.03606	0.00593	0.02848	0.00761
23	0.00749	0.00536	0.00727	0.00738	0.00794	0.00581	0.00520	0.00864	0.00857	0.01195	0.03919	0.10459	0.01856	0.30684	0.42435	0.00649	0.00956	0.00742	0.00326	0.00416
24	0.11163	0.02738	0.05758	0.01207	0.01604	0.04707	0.01004	0.33511	0.17680	0.10350	0.01609	0.01708	0.01217	0.00740	0.00570	0.00192	0.00588	0.02231	0.00533	0.00889
25	0.06108	0.25272	0.35366	0.01333	0.01920	0.01554	0.04609	0.06087	0.04107	0.04341	0.01130	0.01307	0.00890	0.00602	0.00515	0.00177	0.00700	0.00428	0.00331	0.03223
26	0.03079	0.20169	0.07683	0.06713	0.04114	0.16204	0.01132	0.18696	0.12682	0.02081	0.01270	0.01413	0.01014	0.00661	0.00535	0.00176	0.00694	0.00462	0.00404	0.00819
27	0.66569	0.01185	0.01154	0.01045	0.04291	0.01300	0.05878	0.04517	0.05337	0.02447	0.01023	0.01206	0.00816	0.00605	0.00443	0.00192	0.00510	0.00393	0.00390	0.00697

[dist]
# distance from previous block
# <min> <max>
0	43

[block]
# block no. 2 follows, 46 sequences, length 31
# corresponding to MSA columns:
# 205-227,235-242
name=unknown_C
#
# <colnr> <probs for GDERKNQSTAVLIFYWHMCP>
#	G	D	E	R	K	N	Q	S	T	A	V	L	I	F	Y	W	H	M	C	P
0	0.00863	0.00635	0.00759	0.00836	0.00919	0.00565	0.00568	0.00917	0.01209	0.01610	0.08699	0.59936	0.16940	0.01658	0.00743	0.00240	0.00369	0.01427	0.00560	0.00547
1	0.01169	0.00739	0.00922	0.04011	0.01150	0.00671	0.00684	0.01273	0.01329	0.13308	0.13815	0.32224	0.14212	0.03472	0.00771	0.00239	0.00427	0.08377	0.00576	0.00631
2	0.01600	0.73233	0.06719	0.01082	0.01553	0.04097	0.01041	0.01733	0.01214	0.01463	0.00956	0.01152	0.00872	0.00593	0.00442	0.00155	0.00652	0.00360	0.00298	0.00783
3	0.31443	0.01327	0.01332	0.01092	0.01483	0.01398	0.00870	0.31110	0.05644	0.10511	0.01376	0.01475	0.01041	0.00703	0.00534	0.00193	0.00550	0.00473	0.00517	0.06929
4	0.82688	0.01160	0.00925	0.00837	0.01174	0.01290	0.00662	0.01687	0.01032	0.02532	0.00944	0.01146	0.00770	0.00625	0.00419	0.00200	0.00479	0.00356	0.00395	0.00677
5	0.01141	0.00949	0.00967	0.00922	0.01116	0.05741	0.00681	0.04266	0.14521	0.01965	0.20946	0.11375	0.25030	0.03725	0.00752	0.00225	0.00439	0.04014	0.00565	0.00658
6	0.01413	0.81739	0.02770	0.00905	0.01357	0.02092	0.00905	0.01583	0.01074	0.01244	0.00735	0.00848	0.00678	0.00452	0.00339	0.00113	0.00565	0.00283	0.00226	0.00678
7	0.00644	0.00460	0.00613	0.00736	0.00767	0.00429	0.00491	0.00736	0.01012	0.01350	0.02914	0.81076	0.03497	0.01656	0.00675	0.00215	0.00307	0.01503	0.00491	0.00429
8	0.01975	0.02520	0.01498	0.01362	0.01634	0.79299	0.01021	0.02111	0.01498	0.01294	0.00817	0.00953	0.00681	0.00545	0.00477	0.00136	0.00953	0.00340	0.00272	0.00613
9	0.00823	0.00594	0.00814	0.00927	0.01047	0.00586	0.00797	0.01049	0.01203	0.01557	0.02990	0.10574	0.08453	0.01464	0.00719	0.00237	0.00460	0.64738	0.00487	0.00480
10	0.03696	0.05297	0.57330	0.01616	0.10783	0.01214	0.03559	0.01614	0.01148	0.01717	0.06342	0.01327	0.00993	0.00536	0.00505	0.00164	0.00709	0.00438	0.00257	0.00756
11	0.39064	0.01349	0.04934	0.01186	0.01591	0.06699	0.15749	0.13327	0.03033	0.06969	0.01015	0.01136	0.00750	0.00524	0.00453	0.00164	0.00589	0.00413	0.00363	0.00689
12	0.85155	0.01022	0.00777	0.00695	0.01022	0.01186	0.00573	0.01554	0.00900	0.02372	0.00736	0.00859	0.00573	0.00491	0.00327	0.00164	0.00409	0.00286	0.00327	0.00573
13	0.00821	0.00700	0.00747	0.00786	0.00938	0.06000	0.00635	0.01008	0.01252	0.01545	0.11182	0.08020	0.32868	0.01318	0.00658	0.00201	0.00401	0.29958	0.00483	0.00478
14	0.12474	0.00945	0.01181	0.00926	0.01320	0.00882	0.00762	0.04805	0.05353	0.62839	0.01897	0.01676	0.01221	0.00637	0.00507	0.00164	0.00447	0.00503	0.00604	0.00856
15	0.01060	0.02735	0.78682	0.01507	0.02288	0.01228	0.01953	0.01674	0.01116	0.01674	0.00949	0.01116	0.00670	0.00502	0.00502	0.00167	0.00781	0.00391	0.00223	0.00781
16	0.01180	0.01201	0.01558	0.01349	0.01373	0.06432	0.01114	0.01302	0.00856	0.01270	0.00752	0.01208	0.00737	0.01113	0.07053	0.00268	0.69962	0.00462	0.00238	0.00573
17	0.00780	0.00527	0.00680	0.00703	0.00810	0.00482	0.00509	0.00949	0.01256	0.05770	0.32418	0.36024	0.12414	0.01337	0.00643	0.00190	0.00292	0.03197	0.00535	0.00485
18	0.01308	0.01256	0.02146	0.03245	0.78123	0.01256	0.01622	0.01622	0.01204	0.01727	0.00994	0.01308	0.00837	0.00471	0.00523	0.00157	0.00628	0.00471	0.00262	0.00837
19	0.01413	0.81739	0.02770	0.00905	0.01357	0.02092	0.00905	0.01583	0.01074	0.01244	0.00735	0.00848	0.00678	0.00452	0.00339	0.00113	0.00565	0.00283	0.00226	0.00678
20	0.00756	0.00522	0.00647	0.00677	0.00780	0.00474	0.00480	0.00896	0.01179	0.05077	0.20892	0.35512	0.20417	0.06949	0.00786	0.00214	0.00309	0.02462	0.00508	0.00465
21	0.00645	0.00533	0.00565	0.00564	0.00728	0.00454	0.00420	0.00794	0.01242	0.01531	0.16365	0.08107	0.63603	0.01313	0.00627	0.00178	0.00267	0.01108	0.00505	0.00454
22	0.00632	0.00506	0.00566	0.00614	0.00735	0.00440	0.00436	0.00750	0.01130	0.01398	0.04406	0.34628	0.48981	0.01462	0.00644	0.00193	0.00283	0.01266	0.00491	0.00440
23	0.00654	0.00466	0.00616	0.00726	0.00759	0.00436	0.00483	0.00749	0.01022	0.01367	0.06008	0.74367	0.03489	0.05195	0.00763	0.00226	0.00313	0.01447	0.00487	0.00427
24	0.01416	0.01113	0.01198	0.01063	0.01372	0.01264	0.00831	0.02787	0.69951	0.09488	0.02145	0.01956	0.01585	0.00711	0.00537	0.00178	0.00421	0.00591	0.00549	0.00843
25	0.05822	0.01123	0.01323	0.01030	0.01424	0.01137	0.00846	0.30963	0.04706	0.39990	0.04897	0.01650	0.01284	0.00660	0.00526	0.00162	0.00489	0.00520	0.00584	0.00866
26	0.36286	0.00797	0.00721	0.00655	0.00917	0.00824	0.00521	0.04173	0.01153	0.06114	0.05315	0.02947	0.35974	0.00910	0.00491	0.00170	0.00349	0.00705	0.00435	0.00543
27	0.00994	0.00736	0.00830	0.00764	0.00952	0.00760	0.00584	0.07868	0.17592	0.02100	0.31198	0.07747	0.11217	0.00957	0.00562	0.00166	0.00319	0.00818	0.13242	0.00595
28	0.01196	0.01384	0.05261	0.02057	0.02538	0.01281	0.64529	0.01608	0.01210	0.01652	0.01187	0.05776	0.00989	0.00558	0.00677	0.00184	0.04563	0.02379	0.00281	0.00688
29	0.00828	0.00583	0.00734	0.00736	0.00860	0.00557	0.00548	0.03359	0.04315	0.03944	0.36808	0.26443	0.08802	0.01242	0.00632	0.00186	0.00306	0.06196	0.02411	0.00511
30	0.00801	0.00545	0.00706	0.00778	0.00858	0.00522	0.00551	0.03261	0.03211	0.04937	0.06692	0.62516	0.04763	0.01505	0.00660	0.00208	0.00333	0.06164	0.00505	0.00484

[dist]
# distance from previous block
# <min> <max>
0	1

[block]
# block no. 3 follows, 46 sequences, length 34
# corresponding to MSA columns:
# 244-248,250-262,272-287
name=unknown_D
#
# <colnr> <probs for GDERKNQSTAVLIFYWHMCP>
#	G	D	E	R	K	N	Q	S	T	A	V	L	I	F	Y	W	H	M	C	P
0	0.02000	0.01397	0.01523	0.01178	0.01591	0.01528	0.00970	0.63679	0.07462	0.11080	0.01414	0.01372	0.00990	0.00642	0.00530	0.00161	0.00557	0.00490	0.00543	0.00895
1	0.00941	0.00615	0.00738	0.00751	0.00894	0.00595	0.00562	0.04145	0.06388	0.07627	0.05522	0.34039	0.15335	0.01255	0.00606	0.00190	0.00338	0.08159	0.10767	0.00531
2	0.00825	0.00571	0.00655	0.00653	0.00777	0.00533	0.00457	0.00999	0.05020	0.06614	0.05994	0.19749	0.30988	0.20737	0.02815	0.00280	0.00379	0.01027	0.00462	0.00466
3	0.01972	0.01472	0.01554	0.01202	0.01607	0.03544	0.00987	0.71957	0.02400	0.03200	0.01246	0.01273	0.00894	0.00673	0.00579	0.02998	0.00587	0.00472	0.00512	0.00869
4	0.01658	0.01956	0.09320	0.01291	0.03615	0.40073	0.01042	0.17029	0.01565	0.01762	0.01219	0.09044	0.01116	0.04435	0.00619	0.00172	0.00756	0.02318	0.00348	0.00660
5	0.00799	0.00606	0.00913	0.00987	0.06156	0.00684	0.00695	0.00969	0.00863	0.01237	0.01390	0.02112	0.01320	0.09373	0.65917	0.03381	0.01266	0.00572	0.00283	0.00478
6	0.00772	0.00516	0.00585	0.00584	0.00603	0.00510	0.00344	0.00803	0.00844	0.01143	0.06309	0.03530	0.04519	0.70137	0.02394	0.00464	0.00480	0.01951	0.03169	0.00343
7	0.00907	0.00466	0.00700	0.00700	0.00706	0.00473	0.00473	0.00706	0.00700	0.00939	0.00952	0.01639	0.00946	0.01981	0.07319	0.78924	0.00524	0.00466	0.00233	0.00246
8	0.00777	0.00537	0.00688	0.00727	0.00792	0.00540	0.00505	0.04145	0.01004	0.01363	0.02352	0.38032	0.07434	0.13262	0.14421	0.07719	0.00545	0.01038	0.03691	0.00428
9	0.00659	0.00472	0.00607	0.00705	0.00743	0.00441	0.00467	0.00748	0.01010	0.01339	0.04899	0.66049	0.07755	0.10365	0.00891	0.00244	0.00325	0.01385	0.00474	0.00420
10	0.00826	0.00474	0.00673	0.00716	0.00738	0.00463	0.00492	0.00735	0.00833	0.01103	0.01744	0.24067	0.03854	0.03561	0.01558	0.50869	0.00415	0.06237	0.00330	0.00312
11	0.00713	0.00499	0.00645	0.00741	0.00788	0.00477	0.00497	0.00855	0.03983	0.02844	0.02775	0.70649	0.03263	0.07567	0.00817	0.00235	0.00329	0.01394	0.00483	0.00446
12	0.00771	0.00502	0.00662	0.00740	0.00811	0.00462	0.00513	0.00886	0.01091	0.06653	0.07949	0.65521	0.07031	0.01531	0.00660	0.00207	0.00314	0.02719	0.00508	0.00468
13	0.06337	0.00748	0.00971	0.00822	0.01098	0.00675	0.00648	0.01830	0.01390	0.42998	0.19382	0.14529	0.04470	0.00914	0.00565	0.00172	0.00375	0.00779	0.00590	0.00706
14	0.01096	0.00940	0.01096	0.00783	0.01253	0.00705	0.00626	0.01331	0.01096	0.01723	0.00940	0.01096	0.00783	0.00392	0.00392	0.00078	0.00392	0.00313	0.00313	0.84653
15	0.29403	0.00751	0.00750	0.00690	0.00927	0.00760	0.00538	0.01353	0.01110	0.14154	0.03875	0.09433	0.21403	0.05977	0.00637	0.00195	0.00370	0.03321	0.03798	0.00557
16	0.01044	0.00906	0.01505	0.69504	0.03298	0.01111	0.01365	0.01375	0.01061	0.05064	0.01036	0.01486	0.00787	0.00830	0.07307	0.00234	0.00754	0.00481	0.00259	0.00592
17	0.20644	0.00899	0.01087	0.00870	0.01237	0.00846	0.00712	0.02230	0.01356	0.56290	0.04017	0.04815	0.01339	0.00670	0.00495	0.00166	0.00429	0.00528	0.00573	0.00797
18	0.14437	0.00584	0.00633	0.00664	0.00751	0.00591	0.00451	0.00906	0.00953	0.01451	0.05515	0.29387	0.08484	0.28850	0.01307	0.00305	0.00395	0.03505	0.00409	0.00421
19	0.00858	0.00579	0.00873	0.00835	0.00889	0.00640	0.02987	0.00862	0.00796	0.01110	0.01251	0.05737	0.01257	0.09130	0.30553	0.34431	0.05986	0.00580	0.00271	0.00374
20	0.00714	0.00519	0.00693	0.00788	0.00867	0.00498	0.00596	0.00869	0.01112	0.01469	0.08103	0.44291	0.09467	0.01646	0.04480	0.00247	0.00405	0.22296	0.00486	0.00454
21	0.00718	0.00488	0.00633	0.00721	0.00781	0.00449	0.00490	0.00820	0.01056	0.04447	0.05231	0.67221	0.09761	0.03599	0.00715	0.00216	0.00313	0.01397	0.00496	0.00449
22	0.00918	0.00459	0.00689	0.00689	0.00689	0.00459	0.00459	0.00689	0.00689	0.00918	0.00918	0.01607	0.00918	0.01837	0.02066	0.84619	0.00459	0.00459	0.00230	0.00230
23	0.09636	0.00876	0.01235	0.05128	0.15440	0.02649	0.06367	0.01332	0.04298	0.01979	0.40548	0.02704	0.04065	0.00811	0.00563	0.00166	0.00428	0.00724	0.00446	0.00604
24	0.03796	0.02143	0.01565	0.01416	0.04642	0.54590	0.04205	0.12435	0.07179	0.01704	0.00994	0.01104	0.00789	0.00562	0.00493	0.00146	0.00834	0.00394	0.00328	0.00681
25	0.00698	0.00528	0.00609	0.00602	0.00717	0.00477	0.00425	0.00843	0.01209	0.01587	0.29985	0.09093	0.32573	0.17119	0.01036	0.00243	0.00312	0.01015	0.00489	0.00439
26	0.06873	0.00512	0.00615	0.00705	0.00778	0.00488	0.00484	0.00800	0.01031	0.01436	0.03096	0.64478	0.13742	0.01526	0.00642	0.00206	0.00309	0.01359	0.00479	0.00442
27	0.34066	0.01163	0.01430	0.01309	0.10594	0.01227	0.08522	0.17215	0.01413	0.16555	0.01162	0.01230	0.00832	0.00544	0.00460	0.00163	0.00527	0.00427	0.00416	0.00747
28	0.01107	0.00975	0.01245	0.00890	0.01364	0.00751	0.06199	0.01358	0.01107	0.01720	0.00949	0.01121	0.00784	0.00396	0.00409	0.00086	0.00428	0.00336	0.00310	0.78463
29	0.00891	0.00473	0.00688	0.00688	0.00695	0.00479	0.00459	0.00716	0.00709	0.00952	0.01034	0.01839	0.01055	0.10533	0.07646	0.69612	0.00533	0.00500	0.00243	0.00257
30	0.00739	0.00505	0.00581	0.00602	0.00618	0.00494	0.00355	0.00763	0.00836	0.01105	0.02096	0.17076	0.06583	0.62902	0.02220	0.00441	0.00463	0.00917	0.00360	0.00347
31	0.01076	0.00804	0.01006	0.00875	0.01029	0.00837	0.06110	0.11152	0.11453	0.03328	0.01777	0.04681	0.03056	0.46021	0.01762	0.00366	0.00525	0.03228	0.00394	0.00519
32	0.07981	0.03181	0.01932	0.01401	0.01843	0.01093	0.27824	0.04991	0.01375	0.37114	0.01500	0.01522	0.01016	0.00563	0.00570	0.00167	0.02460	0.00532	0.00459	0.02476
33	0.01253	0.16608	0.15702	0.07680	0.08390	0.01281	0.07621	0.08047	0.01236	0.01732	0.00947	0.01140	0.00753	0.00467	0.00456	0.00131	0.00599	0.00388	0.00285	0.25283

[dist]
# distance from previous block
# <min> <max>
0	6

[block]
# block no. 4 follows, 46 sequences, length 11
# corresponding to MSA columns:
# 294-304
name=unknown_E
#
# <colnr> <probs for GDERKNQSTAVLIFYWHMCP>
#	G	D	E	R	K	N	Q	S	T	A	V	L	I	F	Y	W	H	M	C	P
0	0.01501	0.11216	0.27317	0.01308	0.01849	0.10950	0.09347	0.04472	0.01288	0.14995	0.01128	0.01220	0.00818	0.00515	0.00487	0.00148	0.00682	0.00416	0.00330	0.10013
1	0.01373	0.07607	0.10799	0.01166	0.01640	0.03201	0.11691	0.07993	0.05801	0.10063	0.04657	0.01394	0.01068	0.00520	0.00482	0.00133	0.00556	0.00448	0.00368	0.29039
2	0.01207	0.04574	0.53910	0.01433	0.02104	0.05657	0.07563	0.01707	0.01165	0.05508	0.01001	0.01156	0.00725	0.00495	0.00495	0.00155	0.00735	0.00402	0.00261	0.09746
3	0.00927	0.00783	0.01156	0.01058	0.04583	0.00763	0.09459	0.01209	0.04064	0.03356	0.24238	0.04921	0.18007	0.01011	0.00693	0.00180	0.06137	0.10582	0.00455	0.06417
4	0.01673	0.33841	0.06414	0.01158	0.01550	0.31391	0.01018	0.10707	0.04864	0.01579	0.00906	0.01005	0.00748	0.00524	0.00432	0.00133	0.00721	0.00348	0.00294	0.00693
5	0.01179	0.16329	0.55874	0.01337	0.02020	0.01367	0.01628	0.05906	0.01186	0.01697	0.00929	0.01077	0.00692	0.00494	0.00468	0.00152	0.00706	0.00372	0.00247	0.06340
6	0.01308	0.01256	0.02146	0.03245	0.78123	0.01256	0.01622	0.01622	0.01204	0.01727	0.00994	0.01308	0.00837	0.00471	0.00523	0.00157	0.00628	0.00471	0.00262	0.00837
7	0.01279	0.01226	0.02092	0.10626	0.70974	0.01248	0.01608	0.01596	0.01190	0.01691	0.00989	0.01318	0.00825	0.00477	0.00524	0.00159	0.00635	0.00471	0.00259	0.00813
8	0.01218	0.01276	0.02622	0.12017	0.06475	0.01233	0.53968	0.01619	0.01221	0.03562	0.01179	0.01702	0.00944	0.00525	0.00604	0.00177	0.00802	0.05230	0.00288	0.03339
9	0.01124	0.01060	0.01756	0.44197	0.31702	0.01165	0.01455	0.01452	0.01116	0.01525	0.00960	0.01344	0.00762	0.00495	0.00515	0.00161	0.00649	0.00457	0.00252	0.07851
10	0.01199	0.01292	0.08513	0.25090	0.50356	0.01230	0.01607	0.01549	0.01154	0.01615	0.00975	0.01321	0.00785	0.00490	0.00523	0.00163	0.00663	0.00464	0.00251	0.00761

[dist]
# distance from previous block
# <min> <max>
0	2

[block]
# block no. 5 follows, 46 sequences, length 6
# corresponding to MSA columns:
# 317-319,324-326
name=unknown_F
#
# <colnr> <probs for GDERKNQSTAVLIFYWHMCP>
#	G	D	E	R	K	N	Q	S	T	A	V	L	I	F	Y	W	H	M	C	P
0	0.01028	0.00970	0.01640	0.72724	0.10834	0.01182	0.01483	0.01377	0.01071	0.01387	0.00945	0.01400	0.00718	0.00523	0.00528	0.00174	0.00697	0.00470	0.00237	0.00611
1	0.01166	0.01110	0.01888	0.38632	0.43851	0.01219	0.01551	0.01497	0.01136	0.01554	0.00969	0.01355	0.00776	0.00497	0.00526	0.00166	0.00663	0.00470	0.00249	0.00722
2	0.01075	0.00838	0.01400	0.01223	0.01477	0.00806	0.18388	0.01408	0.04411	0.08278	0.07341	0.04200	0.06670	0.01092	0.00667	0.00210	0.00547	0.38924	0.00459	0.00588
3	0.06819	0.01030	0.01489	0.17882	0.18852	0.04786	0.04638	0.01636	0.01228	0.15295	0.01577	0.02462	0.01382	0.00750	0.00564	0.00183	0.00593	0.17768	0.00384	0.00681
4	0.01093	0.01036	0.01756	0.56787	0.26268	0.01199	0.01515	0.01433	0.01102	0.01465	0.00956	0.01379	0.00745	0.00511	0.00527	0.00170	0.00681	0.00470	0.00243	0.00663
5	0.05512	0.00959	0.01563	0.32260	0.04561	0.01081	0.11283	0.01388	0.01098	0.05253	0.05969	0.01960	0.01254	0.03881	0.03858	0.00221	0.08585	0.05929	0.00312	0.03073

[dist]
# distance from previous block
# <min> <max>
0	5

# created by:
# /home/cegg/simao/soft/augustus-3.2.1/scripts/msa2prfl.pl ./align_prep/EOG091G0P5H.fa
