[name]
unknown

[dist]
# distance from previous block
# <min> <max>
0	144

[block]
# block no. 0 follows, 52 sequences, length 10
# corresponding to MSA columns:
# 184-193
name=unknown_A
#
# <colnr> <probs for GDERKNQSTAVLIFYWHMCP>
#	G	D	E	R	K	N	Q	S	T	A	V	L	I	F	Y	W	H	M	C	P
0	0.00905	0.00559	0.00756	0.00784	0.00910	0.00537	0.00641	0.01095	0.01145	0.10680	0.17557	0.09298	0.02880	0.09212	0.00802	0.00223	0.00391	0.40683	0.00467	0.00474
1	0.02623	0.01151	0.16182	0.12764	0.04623	0.02316	0.03791	0.05356	0.08128	0.12398	0.06583	0.12731	0.05872	0.02633	0.00554	0.00168	0.00498	0.00632	0.00376	0.00622
2	0.00752	0.00556	0.00681	0.00638	0.00774	0.00527	0.00480	0.06974	0.01365	0.01877	0.55902	0.10674	0.14880	0.01040	0.00569	0.00157	0.00260	0.00908	0.00510	0.00474
3	0.00845	0.00718	0.01039	0.15857	0.06203	0.00812	0.02546	0.02385	0.02687	0.01334	0.06009	0.10278	0.09441	0.11492	0.07480	0.00263	0.11246	0.06675	0.02207	0.00484
4	0.02734	0.04205	0.20851	0.07525	0.04790	0.06381	0.05297	0.01547	0.10410	0.02967	0.02473	0.01288	0.02642	0.00547	0.01777	0.00144	0.02337	0.00406	0.00288	0.21391
5	0.12885	0.32280	0.06396	0.05206	0.01486	0.27044	0.02964	0.04210	0.01137	0.01398	0.00744	0.00878	0.00620	0.00458	0.00380	0.00126	0.00640	0.00306	0.00244	0.00598
6	0.00705	0.00470	0.00529	0.00529	0.00529	0.00470	0.00294	0.00705	0.00705	0.00940	0.01527	0.03171	0.01762	0.82969	0.02467	0.00470	0.00470	0.00705	0.00294	0.00294
7	0.00774	0.00510	0.00611	0.00604	0.00745	0.00448	0.00446	0.00916	0.01145	0.09922	0.19881	0.24558	0.35272	0.01186	0.00575	0.00168	0.00269	0.01027	0.00484	0.00460
8	0.01546	0.04222	0.01315	0.01027	0.01360	0.05274	0.00833	0.44852	0.23166	0.02473	0.01643	0.01588	0.07219	0.00643	0.00485	0.00150	0.00486	0.00501	0.00463	0.00755
9	0.01211	0.03571	0.39581	0.01283	0.06569	0.01027	0.04647	0.05477	0.04054	0.12593	0.04741	0.01283	0.00949	0.00501	0.00463	0.00142	0.00580	0.00415	0.00313	0.10601

[dist]
# distance from previous block
# <min> <max>
0	4

[block]
# block no. 1 follows, 52 sequences, length 16
# corresponding to MSA columns:
# 198-213
name=unknown_B
#
# <colnr> <probs for GDERKNQSTAVLIFYWHMCP>
#	G	D	E	R	K	N	Q	S	T	A	V	L	I	F	Y	W	H	M	C	P
0	0.10496	0.06307	0.31883	0.06564	0.04474	0.01035	0.03179	0.03796	0.03017	0.08658	0.12175	0.01462	0.01261	0.00549	0.00456	0.00148	0.00539	0.00445	0.00318	0.03239
1	0.00985	0.05784	0.77296	0.01359	0.02063	0.01158	0.01751	0.01531	0.01022	0.01519	0.00862	0.01013	0.00614	0.00459	0.00454	0.00151	0.00708	0.00354	0.00205	0.00712
2	0.01036	0.02318	0.69971	0.01492	0.07555	0.01115	0.03791	0.01562	0.01045	0.04389	0.00913	0.01066	0.00649	0.00462	0.00466	0.00153	0.00698	0.00374	0.00222	0.00722
3	0.02639	0.10669	0.15622	0.05676	0.12753	0.09558	0.09159	0.03363	0.10821	0.12299	0.01143	0.01240	0.00850	0.00498	0.00461	0.00145	0.00600	0.00421	0.01384	0.00698
4	0.02653	0.01151	0.07346	0.01021	0.02358	0.02557	0.04206	0.31498	0.07238	0.12926	0.07482	0.04904	0.08741	0.00694	0.00500	0.00152	0.00469	0.00571	0.02832	0.00701
5	0.00614	0.00431	0.00567	0.00662	0.00699	0.00402	0.00448	0.00682	0.00920	0.01214	0.02674	0.67989	0.08333	0.03049	0.00741	0.06231	0.00296	0.03237	0.00430	0.00381
6	0.00819	0.00585	0.00718	0.00716	0.00820	0.00589	0.00525	0.08690	0.02246	0.03317	0.13318	0.31531	0.09318	0.12888	0.03263	0.00240	0.02033	0.07489	0.00436	0.00457
7	0.02966	0.09972	0.16154	0.13432	0.21954	0.03726	0.06947	0.06522	0.04420	0.05261	0.01028	0.02826	0.00819	0.00502	0.00467	0.00148	0.00603	0.01287	0.00278	0.00685
8	0.00996	0.06592	0.73056	0.01382	0.02073	0.01170	0.05098	0.01531	0.01026	0.01515	0.00864	0.01023	0.00620	0.00456	0.00458	0.00151	0.00710	0.00362	0.00207	0.00709
9	0.00740	0.00494	0.00591	0.00593	0.00719	0.00441	0.00434	0.00892	0.01141	0.06917	0.23281	0.24499	0.29190	0.01153	0.00562	0.00165	0.00261	0.01001	0.06477	0.00449
10	0.03379	0.11364	0.54511	0.04664	0.02028	0.01205	0.09644	0.01548	0.01040	0.04973	0.00900	0.01058	0.00652	0.00457	0.00453	0.00149	0.00679	0.00376	0.00230	0.00691
11	0.01036	0.00858	0.01031	0.03039	0.03529	0.00711	0.00637	0.04442	0.04491	0.03063	0.01105	0.08345	0.00986	0.00495	0.00402	0.00096	0.00376	0.00414	0.00321	0.64624
12	0.13159	0.00826	0.03525	0.05594	0.07545	0.00839	0.06361	0.05021	0.03458	0.03056	0.06578	0.01954	0.08929	0.03878	0.26770	0.00367	0.00739	0.00543	0.00321	0.00536
13	0.00648	0.00459	0.00603	0.00690	0.00741	0.00437	0.00494	0.00751	0.00963	0.01274	0.06108	0.50748	0.06630	0.09166	0.00835	0.02640	0.00330	0.15659	0.00431	0.00393
14	0.04259	0.06925	0.05260	0.22046	0.43012	0.01211	0.01340	0.07426	0.01140	0.01601	0.00892	0.01167	0.00716	0.00457	0.00462	0.00146	0.00585	0.00410	0.00251	0.00694
15	0.00998	0.01012	0.03852	0.64159	0.11030	0.04621	0.01330	0.01362	0.04434	0.01315	0.00911	0.01279	0.00693	0.00487	0.00482	0.00158	0.00639	0.00429	0.00231	0.00578

[dist]
# distance from previous block
# <min> <max>
0	8

[block]
# block no. 2 follows, 52 sequences, length 28
# corresponding to MSA columns:
# 222-249
name=unknown_C
#
# <colnr> <probs for GDERKNQSTAVLIFYWHMCP>
#	G	D	E	R	K	N	Q	S	T	A	V	L	I	F	Y	W	H	M	C	P
0	0.05155	0.08990	0.01174	0.05948	0.13167	0.00836	0.03077	0.02282	0.01024	0.01419	0.05100	0.32961	0.03675	0.01009	0.00571	0.00174	0.02901	0.09656	0.00362	0.00517
1	0.00939	0.00889	0.01458	0.51479	0.16381	0.01041	0.02570	0.01218	0.00993	0.01307	0.01295	0.03011	0.08661	0.00591	0.00571	0.00163	0.06110	0.00509	0.00248	0.00565
2	0.00753	0.08833	0.00956	0.00784	0.00903	0.00738	0.00628	0.00924	0.00799	0.01126	0.01235	0.01791	0.01152	0.03311	0.72936	0.00711	0.01220	0.00493	0.00254	0.00452
3	0.01089	0.01925	0.45616	0.01490	0.02071	0.01148	0.23024	0.09216	0.01206	0.01719	0.06027	0.01285	0.00925	0.00492	0.00501	0.00155	0.00695	0.00459	0.00265	0.00693
4	0.00903	0.06411	0.01096	0.04111	0.05189	0.00845	0.03751	0.06321	0.00947	0.01289	0.01343	0.02342	0.01352	0.24147	0.24552	0.00429	0.06019	0.08187	0.00293	0.00473
5	0.05771	0.48061	0.05877	0.01001	0.01403	0.01584	0.08623	0.10213	0.02742	0.03853	0.00874	0.01007	0.00724	0.00656	0.05593	0.00165	0.00596	0.00345	0.00268	0.00644
6	0.01105	0.01059	0.01434	0.01206	0.01275	0.01401	0.01002	0.06161	0.00868	0.01330	0.00693	0.01061	0.00656	0.00782	0.01395	0.00194	0.68598	0.00411	0.00237	0.09130
7	0.00842	0.00467	0.00676	0.00662	0.00662	0.00495	0.00449	0.00673	0.00646	0.00873	0.00897	0.01617	0.00921	0.09797	0.01932	0.71776	0.05706	0.00450	0.00219	0.00239
8	0.01253	0.69652	0.02281	0.00849	0.01230	0.01758	0.00820	0.01535	0.08839	0.01249	0.00927	0.01184	0.00848	0.00499	0.00352	0.00117	0.00500	0.05230	0.00251	0.00625
9	0.10207	0.33786	0.03507	0.05045	0.01412	0.17462	0.02210	0.01625	0.06092	0.05019	0.00846	0.00974	0.00699	0.00508	0.00500	0.00135	0.08772	0.00332	0.00264	0.00608
10	0.02087	0.00807	0.01100	0.00855	0.01214	0.00700	0.00706	0.02277	0.01378	0.75527	0.04314	0.01824	0.01350	0.00634	0.00495	0.00152	0.00408	0.02775	0.00593	0.00802
11	0.00573	0.00491	0.00491	0.00491	0.00655	0.00409	0.00368	0.00695	0.01105	0.01309	0.04909	0.04664	0.79750	0.01227	0.00573	0.00164	0.00245	0.01023	0.00450	0.00409
12	0.01109	0.01332	0.13415	0.02849	0.03927	0.03140	0.05219	0.05141	0.00911	0.01351	0.00731	0.01077	0.00651	0.00727	0.01232	0.00192	0.55761	0.00420	0.00228	0.00587
13	0.77293	0.05290	0.00862	0.00733	0.03370	0.03070	0.00580	0.01440	0.00855	0.02078	0.00684	0.00801	0.00540	0.00449	0.00309	0.00147	0.00401	0.00269	0.00292	0.00538
14	0.00697	0.00501	0.00688	0.00688	0.00743	0.00556	0.00492	0.00807	0.00752	0.01057	0.01381	0.02365	0.01412	0.32517	0.52440	0.00666	0.00997	0.00587	0.00272	0.00382
15	0.00924	0.00871	0.01470	0.79302	0.05770	0.01079	0.01350	0.01246	0.00973	0.01249	0.00863	0.01289	0.00650	0.00483	0.00484	0.00161	0.00644	0.00431	0.00216	0.00546
16	0.00972	0.02507	0.80458	0.01381	0.02097	0.01125	0.01790	0.01535	0.01023	0.01535	0.00870	0.01023	0.00614	0.00460	0.00460	0.00153	0.00716	0.00358	0.00205	0.00716
17	0.01099	0.00933	0.01003	0.00916	0.01156	0.01059	0.00706	0.02242	0.64238	0.01962	0.11344	0.06314	0.03407	0.00753	0.00511	0.00165	0.00357	0.00639	0.00495	0.00704
18	0.00972	0.02507	0.80458	0.01381	0.02097	0.01125	0.01790	0.01535	0.01023	0.01535	0.00870	0.01023	0.00614	0.00460	0.00460	0.00153	0.00716	0.00358	0.00205	0.00716
19	0.00976	0.00902	0.01489	0.40867	0.30035	0.01001	0.01237	0.01243	0.01010	0.01352	0.02567	0.01635	0.05900	0.05625	0.00636	0.01620	0.00573	0.00494	0.00249	0.00589
20	0.08521	0.02152	0.01200	0.06758	0.11030	0.01038	0.02022	0.21277	0.11673	0.03589	0.04299	0.18867	0.01539	0.00773	0.00501	0.00160	0.00446	0.01738	0.00406	0.02011
21	0.01123	0.06930	0.01743	0.08897	0.12839	0.05442	0.20262	0.07777	0.04743	0.01566	0.03083	0.05720	0.08918	0.00720	0.03008	0.00174	0.04311	0.00572	0.01556	0.00614
22	0.00845	0.00443	0.00673	0.04704	0.00767	0.00454	0.00467	0.00662	0.00648	0.00862	0.00843	0.01464	0.00832	0.01623	0.01823	0.81599	0.00432	0.00421	0.00211	0.00227
23	0.12515	0.01365	0.01247	0.09150	0.01531	0.18645	0.00863	0.30708	0.07576	0.02094	0.01050	0.01201	0.00815	0.03374	0.03129	0.00174	0.00604	0.00402	0.00364	0.03194
24	0.02465	0.05203	0.20083	0.01339	0.14327	0.02973	0.02119	0.08777	0.05287	0.08695	0.03381	0.01220	0.00899	0.00479	0.00441	0.00129	0.00524	0.00393	0.00319	0.20947
25	0.02507	0.08361	0.24905	0.02193	0.05142	0.02240	0.08644	0.04788	0.01155	0.15053	0.07360	0.03965	0.01145	0.00581	0.00558	0.00151	0.06683	0.00474	0.00330	0.03766
26	0.05803	0.01574	0.01105	0.00980	0.01220	0.41500	0.00752	0.14753	0.01406	0.01709	0.01141	0.01258	0.03155	0.00548	0.00419	0.00128	0.00615	0.00386	0.20977	0.00574
27	0.01245	0.02797	0.08399	0.15994	0.06947	0.05834	0.13973	0.11813	0.10529	0.05826	0.03529	0.03838	0.01043	0.00592	0.00555	0.01416	0.03077	0.01604	0.00332	0.00658

[dist]
# distance from previous block
# <min> <max>
0	1

[block]
# block no. 3 follows, 52 sequences, length 8
# corresponding to MSA columns:
# 251-258
name=unknown_D
#
# <colnr> <probs for GDERKNQSTAVLIFYWHMCP>
#	G	D	E	R	K	N	Q	S	T	A	V	L	I	F	Y	W	H	M	C	P
0	0.07481	0.01294	0.15176	0.08338	0.09991	0.05626	0.05410	0.07597	0.01228	0.19185	0.04494	0.04280	0.01048	0.00553	0.00470	0.00147	0.00544	0.00464	0.00359	0.06316
1	0.00598	0.00483	0.00531	0.00537	0.00674	0.00417	0.00396	0.00737	0.01137	0.01429	0.19759	0.13971	0.55205	0.01215	0.00578	0.00165	0.00246	0.01036	0.00467	0.00417
2	0.00592	0.00453	0.00532	0.00591	0.00671	0.00405	0.00406	0.00685	0.00982	0.01244	0.03476	0.45899	0.33476	0.07351	0.00735	0.00204	0.00281	0.01188	0.00439	0.00392
3	0.02867	0.11204	0.09674	0.09352	0.16037	0.11319	0.15307	0.07483	0.02822	0.03284	0.01022	0.05588	0.00857	0.00522	0.00475	0.00147	0.00641	0.00467	0.00277	0.00657
4	0.00938	0.00885	0.01495	0.75458	0.09505	0.01083	0.01357	0.01258	0.00980	0.01266	0.00865	0.01285	0.00656	0.00480	0.00484	0.00160	0.00640	0.00431	0.00217	0.00557
5	0.00669	0.00491	0.00631	0.00633	0.00742	0.00453	0.00479	0.00864	0.01251	0.01716	0.51788	0.14824	0.13488	0.01129	0.00588	0.00167	0.00261	0.08882	0.00503	0.00441
6	0.01022	0.00986	0.04439	0.49743	0.13982	0.01060	0.07086	0.01399	0.05306	0.04256	0.02960	0.01466	0.03173	0.00518	0.00495	0.00158	0.00607	0.00475	0.00264	0.00604
7	0.04173	0.18522	0.12414	0.05827	0.10660	0.07465	0.04629	0.06358	0.03828	0.11966	0.02771	0.01177	0.00853	0.00496	0.00457	0.00137	0.02219	0.00391	0.00310	0.05347

[dist]
# distance from previous block
# <min> <max>
6	25

[block]
# block no. 4 follows, 52 sequences, length 47
# corresponding to MSA columns:
# 285-331
name=unknown_E
#
# <colnr> <probs for GDERKNQSTAVLIFYWHMCP>
#	G	D	E	R	K	N	Q	S	T	A	V	L	I	F	Y	W	H	M	C	P
0	0.00952	0.00903	0.01595	0.01305	0.04407	0.00864	0.29815	0.01262	0.05145	0.02734	0.03325	0.18099	0.09657	0.00795	0.00596	0.00164	0.04191	0.03357	0.02667	0.08168
1	0.00695	0.00567	0.00739	0.04660	0.00960	0.03441	0.03221	0.00826	0.00993	0.01282	0.02612	0.56125	0.08705	0.01345	0.00607	0.00192	0.00359	0.11820	0.00424	0.00424
2	0.13190	0.04710	0.01302	0.04181	0.04391	0.03989	0.04805	0.16713	0.03456	0.02952	0.00931	0.01058	0.00730	0.00457	0.00431	0.00119	0.02369	0.00352	0.00325	0.33539
3	0.00913	0.00762	0.01021	0.02522	0.01084	0.00847	0.03018	0.07594	0.02485	0.01412	0.01498	0.23244	0.01584	0.07715	0.11856	0.00279	0.17993	0.02501	0.00333	0.11339
4	0.00837	0.00557	0.00700	0.00642	0.00794	0.00519	0.00489	0.01118	0.05958	0.08861	0.59991	0.03450	0.12284	0.00962	0.00560	0.00154	0.00256	0.00838	0.00528	0.00503
5	0.01060	0.01060	0.01484	0.01272	0.01272	0.01484	0.01060	0.01166	0.00742	0.01166	0.00636	0.01060	0.00636	0.00848	0.01590	0.00212	0.82082	0.00424	0.00212	0.00530
6	0.02378	0.00502	0.00611	0.00581	0.00710	0.00459	0.00437	0.00880	0.01295	0.01805	0.60166	0.03760	0.21023	0.01024	0.00562	0.00154	0.00235	0.00889	0.02079	0.00448
7	0.00590	0.00424	0.00560	0.00670	0.00702	0.00394	0.00448	0.00675	0.00933	0.01239	0.02732	0.80528	0.05291	0.01510	0.00617	0.00196	0.00280	0.01368	0.00450	0.00394
8	0.01296	0.83261	0.02539	0.00829	0.01244	0.01917	0.00829	0.01451	0.00985	0.01140	0.00674	0.00777	0.00622	0.00415	0.00311	0.00104	0.00518	0.00259	0.00207	0.00622
9	0.00589	0.00425	0.00559	0.00665	0.00700	0.00394	0.00446	0.00676	0.00937	0.01241	0.02789	0.78546	0.07236	0.01503	0.00616	0.00195	0.00279	0.01359	0.00450	0.00394
10	0.01655	0.18388	0.07812	0.01051	0.05930	0.01059	0.02915	0.04705	0.03396	0.39882	0.01513	0.07222	0.01132	0.00602	0.00459	0.00144	0.00473	0.00492	0.00437	0.00733
11	0.01198	0.03602	0.20102	0.02847	0.28824	0.00998	0.03398	0.01522	0.01086	0.09798	0.00989	0.01151	0.00758	0.00438	0.00445	0.00129	0.00545	0.00384	0.00280	0.21507
12	0.05471	0.16663	0.16590	0.05781	0.09776	0.16225	0.01084	0.03547	0.05448	0.10360	0.01139	0.01223	0.03656	0.00515	0.00434	0.00139	0.00600	0.00390	0.00299	0.00662
13	0.86392	0.00937	0.00712	0.00637	0.00937	0.01087	0.00525	0.01425	0.00825	0.02174	0.00675	0.00787	0.00525	0.00450	0.00300	0.00150	0.00375	0.00262	0.00300	0.00525
14	0.00763	0.00572	0.00803	0.05925	0.00951	0.00652	0.00593	0.00887	0.00877	0.01248	0.15676	0.02279	0.01803	0.16351	0.30230	0.07962	0.08855	0.00592	0.02571	0.00410
15	0.00581	0.00491	0.00503	0.00500	0.00660	0.00413	0.00375	0.00712	0.01125	0.01356	0.10489	0.04586	0.74140	0.01210	0.00573	0.00163	0.00244	0.01012	0.00456	0.00413
16	0.05298	0.01174	0.01801	0.07790	0.64341	0.05999	0.01371	0.01474	0.01093	0.01556	0.00933	0.03292	0.00803	0.00469	0.00472	0.00146	0.00581	0.00441	0.00247	0.00719
17	0.01131	0.00857	0.01018	0.00733	0.01158	0.00653	0.00589	0.01344	0.01046	0.10091	0.00975	0.01075	0.00770	0.00385	0.00373	0.00080	0.00365	0.00309	0.00321	0.76727
18	0.01060	0.01060	0.01484	0.01272	0.01272	0.01484	0.01060	0.01166	0.00742	0.01166	0.00636	0.01060	0.00636	0.00848	0.01590	0.00212	0.82082	0.00424	0.00212	0.00530
19	0.00654	0.00510	0.00595	0.00575	0.00713	0.00461	0.00430	0.00874	0.03918	0.01664	0.43846	0.05944	0.35872	0.01091	0.00571	0.00159	0.00242	0.00939	0.00495	0.00446
20	0.01296	0.83261	0.02539	0.00829	0.01244	0.01917	0.00829	0.01451	0.00985	0.01140	0.00674	0.00777	0.00622	0.00415	0.00311	0.00104	0.00518	0.00259	0.00207	0.00622
21	0.01877	0.01323	0.01417	0.01091	0.01474	0.03350	0.00899	0.68293	0.02160	0.11325	0.01234	0.01209	0.00860	0.00582	0.00484	0.00145	0.00529	0.00439	0.00491	0.00818
22	0.00761	0.00573	0.00689	0.00644	0.00792	0.00553	0.00488	0.01124	0.11695	0.03149	0.55610	0.03519	0.16590	0.00979	0.00560	0.00156	0.00255	0.00850	0.00515	0.00497
23	0.01062	0.01011	0.01719	0.41021	0.42972	0.01115	0.01419	0.01367	0.01039	0.01417	0.00887	0.01244	0.00709	0.00457	0.00482	0.00152	0.00610	0.00431	0.00228	0.00657
24	0.00704	0.00475	0.00553	0.00553	0.00561	0.00483	0.00324	0.00720	0.00712	0.00957	0.01505	0.03049	0.01709	0.75347	0.10017	0.00500	0.00549	0.00687	0.00290	0.00307
25	0.00933	0.00460	0.00467	0.00461	0.00580	0.00458	0.00347	0.01158	0.01025	0.03633	0.01589	0.01803	0.01241	0.00565	0.00342	0.00114	0.00230	0.00453	0.83680	0.00460
26	0.86392	0.00937	0.00712	0.00637	0.00937	0.01087	0.00525	0.01425	0.00825	0.02174	0.00675	0.00787	0.00525	0.00450	0.00300	0.00150	0.00375	0.00262	0.00300	0.00525
27	0.03056	0.14641	0.05129	0.08617	0.01538	0.20760	0.00915	0.16723	0.06161	0.08314	0.01066	0.01156	0.00810	0.00528	0.00453	0.00136	0.02237	0.00382	0.06726	0.00653
28	0.01035	0.00884	0.00969	0.00925	0.03795	0.00976	0.00687	0.02015	0.53538	0.01887	0.12908	0.02484	0.14272	0.00785	0.00516	0.00162	0.00347	0.00664	0.00483	0.00668
29	0.00573	0.00491	0.00491	0.00491	0.00655	0.00409	0.00368	0.00695	0.01105	0.01309	0.04909	0.04664	0.79750	0.01227	0.00573	0.00164	0.00245	0.01023	0.00450	0.00409
30	0.02074	0.00879	0.01145	0.00890	0.01257	0.00806	0.00731	0.07674	0.07593	0.68710	0.01864	0.01628	0.01196	0.00603	0.00488	0.00151	0.00419	0.00489	0.00583	0.00820
31	0.84028	0.00940	0.00723	0.00647	0.00946	0.01090	0.00532	0.01456	0.02996	0.02170	0.00711	0.00816	0.00551	0.00456	0.00305	0.00150	0.00375	0.00270	0.00305	0.00532
32	0.00590	0.00443	0.00547	0.00623	0.00691	0.00400	0.00429	0.00690	0.00993	0.01285	0.06426	0.58751	0.23536	0.01420	0.00604	0.00186	0.00270	0.01263	0.00453	0.00400
33	0.01661	0.01209	0.01259	0.00991	0.01322	0.03467	0.00810	0.61409	0.02011	0.02763	0.01232	0.01279	0.00899	0.00576	0.00455	0.00139	0.00483	0.00436	0.16852	0.00745
34	0.00590	0.00422	0.00562	0.00675	0.00703	0.00394	0.00450	0.00675	0.00928	0.01237	0.02671	0.82653	0.03205	0.01518	0.00619	0.00197	0.00281	0.01378	0.00450	0.00394
35	0.00655	0.00438	0.00585	0.00682	0.00725	0.00407	0.00461	0.00744	0.00947	0.04482	0.02640	0.79328	0.03123	0.01481	0.00613	0.00195	0.00287	0.01341	0.00456	0.00411
36	0.01738	0.01306	0.01396	0.01094	0.01463	0.01454	0.00896	0.65972	0.14806	0.02887	0.01295	0.01269	0.00931	0.00594	0.00486	0.00149	0.00509	0.00455	0.00486	0.00815
37	0.01424	0.33404	0.03265	0.00906	0.01312	0.03527	0.00809	0.21228	0.03512	0.06078	0.00950	0.01010	0.00750	0.00465	0.00387	0.00113	0.00490	0.00335	0.00327	0.19709
38	0.03730	0.01134	0.01235	0.00965	0.01306	0.01222	0.00792	0.54282	0.01927	0.13025	0.01317	0.01320	0.00933	0.00578	0.00458	0.00141	0.00465	0.00441	0.13971	0.00758
39	0.00666	0.00495	0.00620	0.00588	0.00711	0.00449	0.00441	0.00875	0.01324	0.01829	0.66230	0.03808	0.18105	0.01033	0.00572	0.00154	0.00232	0.00903	0.00518	0.00449
40	0.00772	0.00551	0.00770	0.00882	0.00990	0.00550	0.00765	0.00988	0.01107	0.01440	0.02571	0.09177	0.02809	0.01347	0.00667	0.00222	0.00438	0.73064	0.00446	0.00444
41	0.00949	0.00896	0.01515	0.72373	0.12504	0.01086	0.01363	0.01268	0.00985	0.01279	0.00867	0.01281	0.00661	0.00478	0.00484	0.00159	0.00638	0.00431	0.00218	0.00566
42	0.00606	0.00431	0.00571	0.00671	0.00700	0.00410	0.00449	0.00690	0.00908	0.01213	0.02529	0.72088	0.03011	0.07990	0.03719	0.00240	0.00336	0.02617	0.00431	0.00388
43	0.00817	0.00651	0.00928	0.04732	0.03975	0.00639	0.05875	0.01166	0.08776	0.03257	0.53715	0.03120	0.08649	0.00883	0.00555	0.00155	0.00321	0.00789	0.00479	0.00519
44	0.01154	0.01050	0.01404	0.06132	0.05418	0.03200	0.03004	0.14684	0.01101	0.01552	0.01017	0.07046	0.00967	0.00931	0.04912	0.00215	0.40885	0.03296	0.00292	0.01739
45	0.01138	0.11550	0.30753	0.01196	0.05987	0.03298	0.03033	0.09076	0.06934	0.04671	0.10382	0.05419	0.03273	0.00616	0.00475	0.00148	0.00548	0.00507	0.00329	0.00667
46	0.10742	0.13508	0.11505	0.06850	0.22319	0.06823	0.09576	0.04158	0.01106	0.04793	0.00964	0.01150	0.02294	0.00475	0.00459	0.00143	0.01808	0.00399	0.00264	0.00664

[dist]
# distance from previous block
# <min> <max>
2	47

[block]
# block no. 5 follows, 52 sequences, length 15
# corresponding to MSA columns:
# 379-393
name=unknown_F
#
# <colnr> <probs for GDERKNQSTAVLIFYWHMCP>
#	G	D	E	R	K	N	Q	S	T	A	V	L	I	F	Y	W	H	M	C	P
0	0.01160	0.03596	0.02253	0.00744	0.02296	0.00598	0.00572	0.01343	0.01221	0.25349	0.27196	0.16281	0.06407	0.03954	0.00600	0.00168	0.00328	0.00786	0.04584	0.00565
1	0.01258	0.56557	0.07777	0.01136	0.08607	0.06372	0.03819	0.01460	0.01020	0.01242	0.00791	0.02901	0.00715	0.00465	0.00394	0.00119	0.02576	0.00332	0.01831	0.00628
2	0.00827	0.00544	0.00660	0.00649	0.00782	0.00506	0.00479	0.01036	0.05619	0.09689	0.19410	0.21834	0.22583	0.08506	0.00745	0.00198	0.00306	0.04686	0.00472	0.00471
3	0.00618	0.00452	0.00606	0.00696	0.00725	0.00448	0.00474	0.00705	0.00903	0.01215	0.02468	0.71574	0.02934	0.05077	0.05531	0.00244	0.03244	0.01264	0.00423	0.00397
4	0.00663	0.00446	0.00592	0.00684	0.00735	0.00414	0.00471	0.00758	0.00960	0.04537	0.02716	0.73513	0.05853	0.01463	0.00613	0.00195	0.00292	0.04226	0.00456	0.00414
5	0.01108	0.01232	0.12234	0.03579	0.16966	0.02849	0.05153	0.04870	0.03862	0.01636	0.00929	0.01102	0.00742	0.00417	0.00424	0.00112	0.00504	0.00361	0.00278	0.41643
6	0.01037	0.00920	0.01540	0.51994	0.04574	0.01003	0.10407	0.01344	0.01023	0.05908	0.00938	0.01264	0.00704	0.00460	0.00474	0.00146	0.00603	0.00427	0.00254	0.14983
7	0.06889	0.00822	0.01306	0.60338	0.05614	0.01001	0.01174	0.01211	0.00947	0.01323	0.00955	0.01428	0.00768	0.00852	0.09448	0.00229	0.00682	0.02150	0.02335	0.00530
8	0.01807	0.01233	0.01344	0.01039	0.01404	0.01340	0.00855	0.64474	0.02089	0.11190	0.01274	0.01263	0.00895	0.00582	0.00474	0.00143	0.00497	0.00443	0.06853	0.00796
9	0.00607	0.00434	0.00581	0.00694	0.00729	0.00408	0.00479	0.00703	0.00944	0.01256	0.02662	0.75930	0.03169	0.01503	0.00623	0.00199	0.00296	0.07937	0.00450	0.00398
10	0.00692	0.00519	0.00779	0.00779	0.00865	0.00606	0.00606	0.00865	0.00779	0.01125	0.01298	0.01904	0.01211	0.03634	0.81049	0.00779	0.01298	0.00519	0.00260	0.00433
11	0.00599	0.00493	0.00532	0.00524	0.00676	0.00425	0.00394	0.00744	0.01146	0.01427	0.19455	0.04362	0.62242	0.01265	0.03398	0.00183	0.00279	0.00976	0.00460	0.00419
12	0.00715	0.00517	0.00702	0.00805	0.00899	0.00504	0.00663	0.00895	0.01066	0.01384	0.02778	0.25358	0.08964	0.01376	0.00649	0.00212	0.00388	0.51250	0.00447	0.00430
13	0.01180	0.01037	0.01534	0.40793	0.20220	0.01185	0.01241	0.15574	0.09233	0.01731	0.01042	0.01300	0.00792	0.00508	0.00484	0.00155	0.00582	0.00444	0.00299	0.00666
14	0.36456	0.26799	0.01494	0.03038	0.04169	0.14367	0.00771	0.01500	0.00974	0.01595	0.00698	0.00841	0.00589	0.00467	0.00402	0.00135	0.04594	0.00288	0.00254	0.00571

[dist]
# distance from previous block
# <min> <max>
0	55

[block]
# block no. 6 follows, 52 sequences, length 12
# corresponding to MSA columns:
# 449-460
name=unknown_G
#
# <colnr> <probs for GDERKNQSTAVLIFYWHMCP>
#	G	D	E	R	K	N	Q	S	T	A	V	L	I	F	Y	W	H	M	C	P
0	0.01264	0.06896	0.06834	0.05507	0.04903	0.01056	0.03280	0.17024	0.13501	0.09391	0.12422	0.06004	0.01593	0.02381	0.01869	0.00165	0.00475	0.00556	0.00413	0.04467
1	0.01882	0.00782	0.01045	0.00830	0.01156	0.00693	0.00678	0.04846	0.01391	0.62870	0.10338	0.04120	0.03865	0.00701	0.00507	0.00153	0.00390	0.02424	0.00577	0.00753
2	0.00915	0.00861	0.01453	0.81804	0.03338	0.01077	0.01346	0.01238	0.00969	0.01238	0.00861	0.01292	0.00646	0.00484	0.00484	0.00161	0.00646	0.00431	0.00215	0.00538
3	0.00727	0.00567	0.00862	0.00822	0.00911	0.00653	0.03557	0.00888	0.00783	0.01124	0.01282	0.01977	0.01226	0.11679	0.66375	0.00699	0.04641	0.00537	0.00261	0.00431
4	0.02850	0.29510	0.17215	0.01493	0.19491	0.07828	0.01176	0.06273	0.03165	0.01483	0.00847	0.01010	0.00698	0.00524	0.01929	0.00145	0.03091	0.00351	0.00245	0.00677
5	0.00699	0.00494	0.00649	0.00649	0.00691	0.00535	0.00444	0.00782	0.00740	0.01029	0.01417	0.02561	0.01497	0.44776	0.40297	0.00619	0.00869	0.00615	0.00277	0.00361
6	0.01351	0.01282	0.05066	0.01150	0.05338	0.08404	0.00893	0.14643	0.51985	0.02071	0.01625	0.01551	0.01219	0.00610	0.00484	0.00156	0.00477	0.00494	0.00443	0.00755
7	0.01060	0.01060	0.01484	0.01272	0.01272	0.01484	0.01060	0.01166	0.00742	0.01166	0.00636	0.01060	0.00636	0.00848	0.01590	0.00212	0.82082	0.00424	0.00212	0.00530
8	0.01120	0.02188	0.62946	0.01404	0.02057	0.01093	0.10623	0.01625	0.01076	0.09899	0.00993	0.01123	0.00690	0.00469	0.00476	0.00154	0.00696	0.00397	0.00251	0.00720
9	0.00603	0.00488	0.00536	0.00533	0.00675	0.00420	0.00396	0.00750	0.01162	0.01467	0.23963	0.09396	0.55544	0.01185	0.00575	0.00163	0.00243	0.01008	0.00471	0.00420
10	0.00601	0.00429	0.00574	0.00687	0.00719	0.00403	0.00468	0.00693	0.00938	0.01249	0.02665	0.78464	0.03183	0.01508	0.00621	0.00198	0.00290	0.05465	0.00450	0.00396
11	0.13564	0.03739	0.01468	0.11283	0.26875	0.01117	0.01041	0.12132	0.01216	0.10467	0.00995	0.01158	0.00760	0.00485	0.00472	0.00141	0.02990	0.00393	0.00322	0.09383

[dist]
# distance from previous block
# <min> <max>
0	42

[block]
# block no. 7 follows, 52 sequences, length 25
# corresponding to MSA columns:
# 503-527
name=unknown_H
#
# <colnr> <probs for GDERKNQSTAVLIFYWHMCP>
#	G	D	E	R	K	N	Q	S	T	A	V	L	I	F	Y	W	H	M	C	P
0	0.05837	0.32295	0.06706	0.03382	0.08313	0.24316	0.00969	0.04940	0.01175	0.05037	0.00816	0.00934	0.00668	0.00462	0.00392	0.00124	0.00626	0.00319	0.00259	0.02430
1	0.01270	0.12181	0.42245	0.01414	0.09816	0.04731	0.03242	0.09944	0.01211	0.08115	0.00964	0.01077	0.00705	0.00477	0.00450	0.00144	0.00641	0.00375	0.00274	0.00722
2	0.01039	0.08047	0.39718	0.02986	0.06886	0.04204	0.04539	0.03546	0.03099	0.01494	0.01121	0.08210	0.00986	0.00669	0.02056	0.00169	0.05097	0.03203	0.02289	0.00645
3	0.01842	0.01357	0.01454	0.01115	0.01503	0.01503	0.00921	0.78330	0.02278	0.03054	0.01163	0.01163	0.00824	0.00582	0.00485	0.00145	0.00533	0.00436	0.00485	0.00824
4	0.00830	0.00725	0.02699	0.03103	0.09816	0.02592	0.01942	0.02413	0.02562	0.01300	0.08395	0.06757	0.10354	0.26276	0.12582	0.00345	0.04000	0.02519	0.00330	0.00460
5	0.00726	0.00481	0.00572	0.00567	0.00571	0.00495	0.00338	0.00715	0.00702	0.00943	0.01428	0.02898	0.01620	0.69509	0.05804	0.08936	0.02453	0.00662	0.00282	0.00297
6	0.08874	0.03792	0.05889	0.17363	0.26882	0.13011	0.07165	0.03345	0.01122	0.03970	0.00946	0.02390	0.00773	0.00494	0.00465	0.00148	0.00627	0.01831	0.00263	0.00647
7	0.62055	0.05624	0.06939	0.00815	0.01154	0.09508	0.02544	0.03759	0.00956	0.01979	0.00719	0.00837	0.00561	0.00457	0.00339	0.00145	0.00476	0.00287	0.00287	0.00560
8	0.01187	0.03468	0.20318	0.09426	0.09472	0.09365	0.18796	0.03646	0.03444	0.05834	0.03056	0.06611	0.00994	0.00556	0.00515	0.00155	0.01711	0.00510	0.00285	0.00651
9	0.01025	0.00940	0.02711	0.18268	0.16391	0.01020	0.03901	0.01252	0.01002	0.04655	0.06217	0.05119	0.05657	0.00668	0.00746	0.00161	0.19423	0.00524	0.00288	0.10033
10	0.00647	0.00494	0.00594	0.00569	0.00700	0.00441	0.00427	0.00839	0.01280	0.01726	0.54012	0.03978	0.30387	0.01072	0.00572	0.00156	0.00234	0.00927	0.00505	0.00441
11	0.01020	0.04617	0.04314	0.01030	0.06384	0.00833	0.08157	0.01323	0.06313	0.03695	0.03268	0.04348	0.07630	0.03800	0.00550	0.00132	0.02660	0.00482	0.00319	0.39126
12	0.01014	0.00962	0.01632	0.54445	0.29926	0.01103	0.01395	0.01325	0.01016	0.01358	0.00879	0.01260	0.00688	0.00466	0.00483	0.00155	0.00622	0.00431	0.00224	0.00618
13	0.18349	0.21507	0.07963	0.01077	0.05935	0.04554	0.03642	0.09323	0.09612	0.05355	0.02770	0.02946	0.00901	0.00535	0.00451	0.00142	0.03570	0.00396	0.00320	0.00651
14	0.00958	0.00931	0.01450	0.77924	0.03249	0.04928	0.01326	0.01272	0.00988	0.01236	0.00856	0.01272	0.00645	0.00485	0.00482	0.00160	0.00657	0.00425	0.00217	0.00539
15	0.00915	0.00861	0.01453	0.81804	0.03338	0.01077	0.01346	0.01238	0.00969	0.01238	0.00861	0.01292	0.00646	0.00484	0.00484	0.00161	0.00646	0.00431	0.00215	0.00538
16	0.00589	0.00486	0.00518	0.00520	0.00668	0.00415	0.00386	0.00724	0.01128	0.01390	0.14944	0.10197	0.63927	0.01216	0.00576	0.00165	0.00246	0.01029	0.00461	0.00415
17	0.01835	0.01268	0.01389	0.01069	0.01445	0.01379	0.00881	0.67253	0.02149	0.11353	0.04158	0.01307	0.01004	0.00599	0.00488	0.00146	0.00509	0.00458	0.00499	0.00811
18	0.00632	0.00489	0.00577	0.00565	0.00694	0.00433	0.00420	0.00807	0.01231	0.01633	0.43474	0.09361	0.35689	0.01124	0.00575	0.00160	0.00239	0.00971	0.00493	0.00433
19	0.00597	0.00491	0.00529	0.00549	0.00694	0.00423	0.00417	0.00729	0.01097	0.01333	0.06506	0.11662	0.63573	0.01257	0.00586	0.00172	0.00267	0.08252	0.00452	0.00413
20	0.00936	0.00489	0.00548	0.04782	0.00753	0.00493	0.00417	0.01147	0.01016	0.05488	0.01641	0.07985	0.01373	0.03002	0.00436	0.00134	0.00268	0.00530	0.68096	0.00465
21	0.00915	0.00861	0.01453	0.81804	0.03338	0.01077	0.01346	0.01238	0.00969	0.01238	0.00861	0.01292	0.00646	0.00484	0.00484	0.00161	0.00646	0.00431	0.00215	0.00538
22	0.01695	0.01806	0.03221	0.01195	0.03754	0.44075	0.00918	0.22915	0.05329	0.03652	0.01092	0.01160	0.02731	0.00550	0.00455	0.00135	0.00693	0.00389	0.03584	0.00652
23	0.00982	0.07652	0.37722	0.01552	0.16728	0.01052	0.06998	0.01356	0.01027	0.01463	0.01203	0.16072	0.01132	0.00640	0.00488	0.00155	0.00595	0.00567	0.00261	0.02356
24	0.01112	0.00904	0.01051	0.00782	0.01193	0.00693	0.00613	0.01299	0.01102	0.03795	0.06347	0.01335	0.01085	0.00475	0.00420	0.00098	0.00386	0.00366	0.00345	0.76598

[dist]
# distance from previous block
# <min> <max>
0	150

# created by:
# /home/cegg/simao/soft/augustus-3.2.1/scripts/msa2prfl.pl ./align_prep/EOG091G0U2U.fa
