[name]
unknown

[dist]
# distance from previous block
# <min> <max>
0	281

[block]
# block no. 0 follows, 46 sequences, length 43
# corresponding to MSA columns:
# 593-633,641,642
name=unknown_A
#
# <colnr> <probs for GDERKNQSTAVLIFYWHMCP>
#	G	D	E	R	K	N	Q	S	T	A	V	L	I	F	Y	W	H	M	C	P
0	0.03059	0.02470	0.01508	0.23001	0.04300	0.01088	0.08360	0.08719	0.03869	0.14747	0.01529	0.04434	0.04485	0.01098	0.10902	0.00263	0.04548	0.00570	0.00377	0.00673
1	0.01011	0.00952	0.01608	0.77049	0.06645	0.01178	0.01474	0.01362	0.01063	0.01366	0.00942	0.01405	0.00710	0.00526	0.00528	0.00175	0.00702	0.00470	0.00236	0.00597
2	0.04402	0.00845	0.01353	0.60578	0.02943	0.01022	0.01231	0.01233	0.01041	0.01393	0.01336	0.17729	0.01272	0.00758	0.00550	0.00184	0.00611	0.00674	0.00291	0.00554
3	0.01189	0.01639	0.21592	0.17859	0.14933	0.05527	0.17423	0.03766	0.01193	0.01620	0.01070	0.05173	0.00879	0.00567	0.00585	0.00172	0.03316	0.00526	0.00266	0.00707
4	0.01082	0.07154	0.56301	0.01563	0.05396	0.01235	0.10295	0.01599	0.01131	0.01631	0.01182	0.04505	0.03459	0.00567	0.00518	0.00167	0.00738	0.00484	0.00250	0.00744
5	0.00998	0.00940	0.01586	0.80150	0.03641	0.01175	0.01468	0.01351	0.01057	0.01351	0.00940	0.01409	0.00705	0.00529	0.00529	0.00176	0.00705	0.00470	0.00235	0.00587
6	0.01137	0.07057	0.63836	0.01436	0.02141	0.01244	0.04836	0.01715	0.03098	0.04312	0.01038	0.01188	0.00746	0.00512	0.00495	0.00163	0.00734	0.00408	0.03135	0.00768
7	0.01047	0.01127	0.07436	0.34412	0.16411	0.01121	0.08884	0.01410	0.03556	0.01506	0.01412	0.09793	0.04822	0.00687	0.00607	0.00179	0.04035	0.00622	0.00291	0.00644
8	0.00625	0.00536	0.00536	0.00536	0.00714	0.00446	0.00402	0.00759	0.01205	0.01428	0.05355	0.05088	0.77909	0.01339	0.00625	0.00179	0.00268	0.01116	0.00491	0.00446
9	0.52066	0.01090	0.00970	0.00831	0.01159	0.01242	0.00677	0.16985	0.10135	0.02520	0.01084	0.01156	0.00819	0.00556	0.00396	0.00161	0.00433	0.00377	0.06679	0.00664
10	0.00965	0.01470	0.31443	0.01120	0.01512	0.00871	0.03556	0.01410	0.07659	0.04791	0.05456	0.29252	0.04621	0.01001	0.00585	0.00187	0.00528	0.02544	0.00393	0.00636
11	0.04719	0.00999	0.11253	0.04617	0.03976	0.00809	0.04283	0.01365	0.08694	0.04933	0.07813	0.19803	0.08287	0.03064	0.00647	0.00198	0.00469	0.11227	0.02252	0.00590
12	0.77611	0.04674	0.00903	0.04247	0.01154	0.01226	0.00627	0.01546	0.00915	0.02275	0.00745	0.00883	0.00583	0.00491	0.00337	0.00162	0.00429	0.00294	0.00318	0.00578
13	0.01222	0.00696	0.00886	0.00780	0.00989	0.00666	0.00613	0.05867	0.04048	0.18964	0.41782	0.03100	0.03302	0.01057	0.04089	0.00196	0.00380	0.03810	0.06932	0.00620
14	0.01253	0.04661	0.08935	0.01170	0.07283	0.04464	0.03356	0.07459	0.03858	0.03666	0.01159	0.04595	0.00987	0.00535	0.00461	0.00122	0.00513	0.02282	0.00338	0.42904
15	0.09203	0.04526	0.34589	0.06082	0.01912	0.01273	0.05090	0.11152	0.01264	0.01886	0.04611	0.01483	0.05120	0.00631	0.00630	0.00172	0.08884	0.00477	0.00307	0.00706
16	0.00988	0.00624	0.00780	0.00706	0.00886	0.00574	0.00540	0.04509	0.01473	0.11842	0.49246	0.07026	0.16601	0.01074	0.00610	0.00170	0.00296	0.00930	0.00570	0.00556
17	0.00918	0.00459	0.00689	0.00689	0.00689	0.00459	0.00459	0.00689	0.00689	0.00918	0.00918	0.01607	0.00918	0.01837	0.02066	0.84619	0.00459	0.00459	0.00230	0.00230
18	0.60075	0.01150	0.04374	0.00817	0.01169	0.03251	0.00699	0.07146	0.04341	0.08598	0.00989	0.01063	0.00733	0.00530	0.00381	0.00162	0.00451	0.00346	0.03083	0.00642
19	0.01232	0.04998	0.01635	0.16817	0.28524	0.03790	0.02277	0.06905	0.01231	0.04814	0.01332	0.11632	0.01231	0.01750	0.05752	0.00214	0.00644	0.01496	0.00327	0.03399
20	0.02010	0.01481	0.01587	0.01216	0.01639	0.01639	0.01005	0.76360	0.02486	0.03332	0.01269	0.01269	0.00899	0.00635	0.00529	0.00159	0.00582	0.00476	0.00529	0.00899
21	0.01096	0.00940	0.01096	0.00783	0.01253	0.00705	0.00626	0.01331	0.01096	0.01723	0.00940	0.01096	0.00783	0.00392	0.00392	0.00078	0.00392	0.00313	0.00313	0.84653
22	0.01333	0.06723	0.13316	0.07563	0.17406	0.01188	0.01176	0.07164	0.14613	0.08675	0.01450	0.03563	0.02799	0.03221	0.00578	0.00169	0.00558	0.00511	0.00371	0.07623
23	0.01051	0.01135	0.09261	0.28167	0.07817	0.03355	0.04957	0.01359	0.01129	0.02657	0.10521	0.02925	0.02168	0.02216	0.03084	0.00204	0.09195	0.03905	0.02417	0.02478
24	0.06383	0.02776	0.04670	0.04286	0.04681	0.00829	0.02778	0.03333	0.01192	0.12173	0.03214	0.09277	0.06198	0.00673	0.00483	0.00137	0.00442	0.01554	0.02370	0.32551
25	0.01274	0.20960	0.42981	0.01258	0.01865	0.03499	0.01449	0.09229	0.03182	0.02772	0.01124	0.01231	0.03381	0.00538	0.00468	0.00151	0.00672	0.00402	0.00282	0.03281
26	0.01323	0.20358	0.10034	0.01051	0.01469	0.03967	0.04667	0.16585	0.01391	0.01859	0.03861	0.04970	0.04541	0.00732	0.02434	0.02920	0.00570	0.00486	0.00344	0.16438
27	0.01479	0.36654	0.03754	0.01117	0.04886	0.04316	0.00945	0.19786	0.08002	0.01886	0.01128	0.03769	0.00956	0.00786	0.05481	0.00183	0.00618	0.00429	0.00345	0.03482
28	0.05175	0.22790	0.10923	0.01122	0.01570	0.01633	0.01047	0.35680	0.08545	0.02378	0.01151	0.01210	0.00877	0.00672	0.02840	0.00170	0.00604	0.00420	0.00397	0.00794
29	0.03431	0.47185	0.23298	0.01089	0.01617	0.01724	0.01180	0.05097	0.05446	0.04191	0.00944	0.01037	0.00758	0.00497	0.00410	0.00137	0.00609	0.00347	0.00274	0.00730
30	0.04894	0.13977	0.33868	0.01215	0.01741	0.07661	0.01308	0.08385	0.03058	0.04934	0.02985	0.03804	0.00946	0.00580	0.00514	0.00154	0.03240	0.00432	0.00308	0.05997
31	0.03354	0.10493	0.25966	0.01277	0.05153	0.01280	0.01233	0.04973	0.04369	0.07331	0.03429	0.03523	0.01055	0.04967	0.00833	0.00188	0.15287	0.00479	0.00316	0.04492
32	0.05037	0.07849	0.15054	0.01114	0.01501	0.01187	0.04699	0.06813	0.22077	0.05073	0.04879	0.06574	0.03406	0.00797	0.02413	0.00184	0.02944	0.02440	0.00407	0.05551
33	0.06918	0.12097	0.11266	0.01033	0.04712	0.01096	0.00897	0.07440	0.06340	0.01849	0.05647	0.06835	0.02842	0.00611	0.00458	0.00133	0.00477	0.00491	0.00352	0.28507
34	0.03250	0.05899	0.14480	0.01091	0.03970	0.05436	0.04028	0.04431	0.03183	0.06491	0.19771	0.09575	0.02244	0.05464	0.03045	0.00208	0.00542	0.03978	0.00410	0.02504
35	0.04023	0.01792	0.32052	0.05625	0.11797	0.04876	0.01426	0.08226	0.01268	0.06024	0.02517	0.03457	0.01030	0.00638	0.00600	0.00171	0.05939	0.04649	0.00317	0.03574
36	0.04522	0.16619	0.17136	0.04837	0.18974	0.03455	0.03861	0.07408	0.04923	0.01732	0.01147	0.03833	0.00989	0.00672	0.02232	0.00176	0.02435	0.04022	0.00301	0.00728
37	0.06317	0.13313	0.15359	0.03023	0.11424	0.08836	0.01140	0.05908	0.01253	0.09292	0.04747	0.06292	0.03642	0.00672	0.00584	0.00162	0.06478	0.00517	0.00342	0.00699
38	0.11434	0.04145	0.12298	0.04194	0.19789	0.06452	0.03124	0.03316	0.09296	0.06337	0.04611	0.01547	0.01121	0.00602	0.00556	0.00164	0.04341	0.02851	0.00343	0.03477
39	0.02402	0.07143	0.06344	0.09236	0.23652	0.06564	0.04300	0.06625	0.03293	0.08434	0.02659	0.04857	0.03636	0.00630	0.00590	0.00163	0.05411	0.00526	0.00338	0.03198
40	0.01276	0.05845	0.06616	0.07878	0.26055	0.07433	0.05761	0.04987	0.03864	0.04708	0.01691	0.04484	0.11110	0.00667	0.00560	0.00161	0.02563	0.00576	0.00333	0.03434
41	0.02285	0.04159	0.09647	0.07660	0.12933	0.10123	0.02208	0.18089	0.02786	0.01909	0.01586	0.04316	0.09515	0.02840	0.00644	0.00172	0.04794	0.00553	0.00355	0.03426
42	0.11013	0.11933	0.11877	0.05072	0.16102	0.03879	0.02469	0.12999	0.03165	0.01919	0.01186	0.03235	0.01036	0.02767	0.00548	0.00170	0.00593	0.06288	0.00332	0.03418

[dist]
# distance from previous block
# <min> <max>
22	187

[block]
# block no. 1 follows, 46 sequences, length 7
# corresponding to MSA columns:
# 833-839
name=unknown_B
#
# <colnr> <probs for GDERKNQSTAVLIFYWHMCP>
#	G	D	E	R	K	N	Q	S	T	A	V	L	I	F	Y	W	H	M	C	P
0	0.01271	0.03253	0.01884	0.05374	0.48207	0.01220	0.03859	0.07940	0.01290	0.01788	0.01357	0.02016	0.03242	0.00663	0.00611	0.00173	0.04438	0.10341	0.00318	0.00755
1	0.01197	0.03837	0.01896	0.06854	0.57339	0.01191	0.01404	0.01474	0.01172	0.01628	0.01547	0.01793	0.11065	0.00612	0.00593	0.00163	0.04645	0.00550	0.00288	0.00753
2	0.01548	0.01285	0.03546	0.06414	0.35234	0.04324	0.11264	0.09134	0.03089	0.15253	0.02874	0.01464	0.01010	0.00541	0.00539	0.00162	0.00635	0.00509	0.00368	0.00807
3	0.01473	0.01434	0.05023	0.04555	0.51514	0.11584	0.01437	0.04483	0.01307	0.07741	0.01125	0.01451	0.00920	0.00538	0.00524	0.00159	0.00659	0.02969	0.00309	0.00794
4	0.12436	0.01227	0.01849	0.12662	0.52692	0.04100	0.01424	0.01583	0.01141	0.01732	0.00936	0.01243	0.00774	0.00500	0.00541	0.00162	0.03538	0.00441	0.00266	0.00752
5	0.01424	0.01252	0.01622	0.12289	0.30566	0.07933	0.01204	0.16407	0.03453	0.05614	0.01689	0.01827	0.11109	0.00648	0.00535	0.00162	0.00595	0.00552	0.00369	0.00748
6	0.01229	0.01188	0.02040	0.20474	0.54796	0.01256	0.04861	0.01550	0.01156	0.01622	0.00973	0.01330	0.00800	0.00502	0.00579	0.00165	0.03981	0.00477	0.00255	0.00765

[dist]
# distance from previous block
# <min> <max>
5	31

[block]
# block no. 2 follows, 46 sequences, length 15
# corresponding to MSA columns:
# 871-885
name=unknown_C
#
# <colnr> <probs for GDERKNQSTAVLIFYWHMCP>
#	G	D	E	R	K	N	Q	S	T	A	V	L	I	F	Y	W	H	M	C	P
0	0.04459	0.11349	0.20330	0.02885	0.03890	0.01360	0.09129	0.21450	0.05324	0.02170	0.11188	0.01574	0.01363	0.00611	0.00515	0.00160	0.00606	0.00510	0.00377	0.00748
1	0.08165	0.13236	0.27271	0.01208	0.03160	0.03811	0.01224	0.15858	0.04093	0.10520	0.01240	0.05776	0.00977	0.00611	0.00484	0.00159	0.00609	0.00470	0.00366	0.00763
2	0.06588	0.14645	0.28040	0.01147	0.01640	0.01355	0.01200	0.19021	0.04609	0.04477	0.04991	0.03948	0.01140	0.04262	0.00584	0.00174	0.00597	0.00481	0.00359	0.00739
3	0.02667	0.08443	0.19685	0.01449	0.11674	0.05874	0.05027	0.09279	0.01280	0.07596	0.01313	0.05141	0.03217	0.06884	0.00720	0.00186	0.03656	0.00519	0.00332	0.05057
4	0.16019	0.07914	0.28064	0.01204	0.03380	0.06189	0.02543	0.09623	0.04739	0.04409	0.02581	0.07383	0.01049	0.00624	0.00479	0.00162	0.00607	0.00485	0.00336	0.02208
5	0.08041	0.09544	0.41814	0.01270	0.01820	0.01220	0.05706	0.04530	0.02772	0.03426	0.01061	0.01341	0.00841	0.04884	0.07890	0.01684	0.00753	0.00433	0.00274	0.00698
6	0.03547	0.18385	0.32135	0.01156	0.01613	0.07311	0.01241	0.01495	0.01103	0.03161	0.02774	0.09975	0.02898	0.02672	0.04202	0.00201	0.04654	0.00533	0.00288	0.00657
7	0.00938	0.04262	0.13160	0.00995	0.01281	0.04684	0.05837	0.02880	0.01207	0.01614	0.12049	0.25415	0.09974	0.01052	0.00588	0.00177	0.00476	0.05918	0.00412	0.07082
8	0.00955	0.00522	0.00735	0.00724	0.00752	0.00538	0.00494	0.00884	0.07745	0.01038	0.01032	0.01641	0.00982	0.01733	0.01925	0.76829	0.00455	0.00472	0.00258	0.00286
9	0.00795	0.00700	0.03885	0.00901	0.06859	0.00606	0.00640	0.01082	0.04810	0.01860	0.43381	0.12406	0.17844	0.01107	0.00613	0.00174	0.00317	0.00971	0.00514	0.00534
10	0.01172	0.08844	0.65671	0.01447	0.02156	0.08498	0.01786	0.01707	0.01148	0.01606	0.00920	0.01080	0.00671	0.00502	0.00487	0.00160	0.00780	0.00378	0.00228	0.00758
11	0.01237	0.01243	0.04994	0.22419	0.39640	0.02995	0.08387	0.01567	0.01173	0.03789	0.03126	0.01410	0.00912	0.00529	0.00590	0.00168	0.04320	0.00493	0.00273	0.00735
12	0.05802	0.06990	0.04628	0.05365	0.12595	0.07829	0.01067	0.20928	0.22649	0.02212	0.01334	0.01390	0.01017	0.00588	0.00497	0.00158	0.00571	0.00466	0.00407	0.03506
13	0.06485	0.01120	0.02558	0.07092	0.28505	0.06464	0.01086	0.04117	0.09460	0.03743	0.09309	0.04642	0.01524	0.00767	0.03019	0.00184	0.00559	0.02105	0.06564	0.00697
14	0.03068	0.05458	0.09110	0.10634	0.06377	0.12210	0.01005	0.05513	0.02794	0.09492	0.08565	0.05887	0.08433	0.00758	0.00532	0.00162	0.00566	0.04234	0.00389	0.04812

[dist]
# distance from previous block
# <min> <max>
0	41

[block]
# block no. 3 follows, 46 sequences, length 10
# corresponding to MSA columns:
# 938-947
name=unknown_D
#
# <colnr> <probs for GDERKNQSTAVLIFYWHMCP>
#	G	D	E	R	K	N	Q	S	T	A	V	L	I	F	Y	W	H	M	C	P
0	0.17676	0.15023	0.21071	0.01276	0.08304	0.04384	0.02717	0.01821	0.04971	0.12806	0.01097	0.01179	0.00815	0.00517	0.00446	0.00152	0.00586	0.00390	0.00332	0.04439
1	0.06213	0.26516	0.27410	0.01149	0.01651	0.05482	0.01223	0.11089	0.03182	0.01790	0.03744	0.03544	0.01035	0.00598	0.00462	0.00152	0.00625	0.03111	0.00309	0.00715
2	0.15086	0.19414	0.19851	0.01052	0.01473	0.05436	0.01060	0.06218	0.01210	0.05708	0.06369	0.03583	0.03950	0.00655	0.00528	0.00159	0.04829	0.02417	0.00333	0.00670
3	0.00915	0.00780	0.07500	0.00807	0.00994	0.00622	0.00677	0.03830	0.01266	0.06977	0.24685	0.17800	0.10583	0.09095	0.02719	0.00235	0.00414	0.09089	0.00485	0.00528
4	0.00688	0.00533	0.00611	0.00599	0.00734	0.00473	0.00437	0.00855	0.01276	0.01667	0.34053	0.07251	0.39037	0.08484	0.00813	0.00205	0.00284	0.01034	0.00512	0.00455
5	0.85155	0.01022	0.00777	0.00695	0.01022	0.01186	0.00573	0.01554	0.00900	0.02372	0.00736	0.00859	0.00573	0.00491	0.00327	0.00164	0.00409	0.00286	0.00327	0.00573
6	0.01096	0.00940	0.01096	0.00783	0.01253	0.00705	0.00626	0.01331	0.01096	0.01723	0.00940	0.01096	0.00783	0.00392	0.00392	0.00078	0.00392	0.00313	0.00313	0.84653
7	0.01071	0.03458	0.27051	0.01058	0.01450	0.00914	0.01089	0.01577	0.11257	0.08132	0.15867	0.11468	0.05651	0.00895	0.00571	0.00179	0.00502	0.06715	0.00430	0.00665
8	0.01516	0.00999	0.01516	0.01234	0.05697	0.00873	0.13924	0.01825	0.04279	0.26220	0.01550	0.06231	0.01216	0.00608	0.00516	0.00144	0.00509	0.02754	0.00436	0.27952
9	0.01189	0.01167	0.07416	0.10481	0.21729	0.01015	0.01118	0.03560	0.05293	0.03880	0.01156	0.05367	0.00980	0.00548	0.00518	0.00138	0.02791	0.00469	0.00318	0.30865

[dist]
# distance from previous block
# <min> <max>
4	9

[block]
# block no. 4 follows, 46 sequences, length 54
# corresponding to MSA columns:
# 957-1010
name=unknown_E
#
# <colnr> <probs for GDERKNQSTAVLIFYWHMCP>
#	G	D	E	R	K	N	Q	S	T	A	V	L	I	F	Y	W	H	M	C	P
0	0.06559	0.01174	0.01603	0.32657	0.15527	0.01337	0.01254	0.23687	0.07313	0.02130	0.01127	0.01360	0.00846	0.00562	0.00516	0.00167	0.00615	0.00470	0.00355	0.00741
1	0.01248	0.00994	0.01359	0.04562	0.01520	0.00879	0.07873	0.02625	0.02266	0.09666	0.01116	0.01333	0.00891	0.00580	0.02460	0.00136	0.06203	0.01535	0.00343	0.52408
2	0.00866	0.00721	0.01113	0.04948	0.23115	0.00712	0.00880	0.01048	0.01098	0.01498	0.04774	0.47568	0.02633	0.01236	0.00627	0.00197	0.00425	0.05563	0.00417	0.00559
3	0.01468	0.34226	0.08646	0.01762	0.24869	0.17765	0.01235	0.01712	0.01205	0.01437	0.00849	0.01032	0.00727	0.00481	0.00437	0.00136	0.00683	0.00361	0.00246	0.00722
4	0.00727	0.00541	0.00658	0.00667	0.00755	0.00540	0.00475	0.00836	0.00954	0.01241	0.02796	0.03741	0.24971	0.30164	0.23183	0.00486	0.00687	0.05792	0.00373	0.00412
5	0.85155	0.01022	0.00777	0.00695	0.01022	0.01186	0.00573	0.01554	0.00900	0.02372	0.00736	0.00859	0.00573	0.00491	0.00327	0.00164	0.00409	0.00286	0.00327	0.00573
6	0.03847	0.00957	0.01455	0.07522	0.26453	0.01091	0.01109	0.01239	0.01021	0.01487	0.01488	0.25552	0.01591	0.00956	0.00881	0.00196	0.21438	0.00777	0.00324	0.00618
7	0.02262	0.01077	0.01336	0.01025	0.01438	0.01040	0.00846	0.25045	0.01809	0.55602	0.01837	0.01638	0.01184	0.00648	0.00531	0.00162	0.00490	0.00515	0.00616	0.00899
8	0.00644	0.00460	0.00613	0.00736	0.00767	0.00429	0.00491	0.00736	0.01012	0.01350	0.02914	0.81076	0.03497	0.01656	0.00675	0.00215	0.00307	0.01503	0.00491	0.00429
9	0.00682	0.00476	0.00602	0.00688	0.00709	0.00455	0.00439	0.00746	0.00938	0.01251	0.02534	0.57440	0.03017	0.25946	0.01289	0.00305	0.00369	0.01279	0.00439	0.00396
10	0.01096	0.00940	0.01096	0.00783	0.01253	0.00705	0.00626	0.01331	0.01096	0.01723	0.00940	0.01096	0.00783	0.00392	0.00392	0.00078	0.00392	0.00313	0.00313	0.84653
11	0.59622	0.01094	0.01194	0.01472	0.24501	0.01207	0.00892	0.01575	0.00992	0.02176	0.00815	0.00996	0.00653	0.00485	0.00387	0.00162	0.00476	0.00343	0.00307	0.00653
12	0.01136	0.02284	0.55375	0.02036	0.25382	0.01236	0.01853	0.01658	0.01143	0.01690	0.00963	0.01175	0.00721	0.00493	0.00509	0.00164	0.00735	0.00415	0.00235	0.00798
13	0.59604	0.01145	0.01490	0.01162	0.01552	0.01232	0.23604	0.01596	0.01006	0.02165	0.00838	0.01032	0.00642	0.00477	0.00418	0.00168	0.00556	0.00389	0.00309	0.00615
14	0.02004	0.01070	0.04096	0.01661	0.24760	0.00938	0.01074	0.02256	0.01406	0.52546	0.01715	0.01627	0.01144	0.00593	0.00528	0.00162	0.00515	0.00508	0.00520	0.00877
15	0.02080	0.25517	0.01697	0.00930	0.01352	0.01177	0.00816	0.02274	0.01379	0.54966	0.01674	0.01510	0.01117	0.00593	0.00473	0.00148	0.00485	0.00456	0.00524	0.00832
16	0.01204	0.00874	0.01076	0.01048	0.01261	0.00922	0.00898	0.24015	0.01603	0.02115	0.02333	0.04534	0.02390	0.01209	0.00669	0.00218	0.00516	0.52003	0.00500	0.00612
17	0.01954	0.00912	0.01336	0.25062	0.02047	0.00898	0.00987	0.02203	0.01374	0.54999	0.01737	0.01681	0.01125	0.00616	0.00531	0.00167	0.00527	0.00513	0.00527	0.00805
18	0.01529	0.01243	0.19822	0.01010	0.01388	0.00824	0.03444	0.01778	0.01182	0.33758	0.01649	0.02127	0.01324	0.25206	0.01185	0.00271	0.00564	0.00573	0.00435	0.00688
19	0.00831	0.00673	0.01038	0.24963	0.01718	0.00798	0.00862	0.01045	0.00902	0.01239	0.01303	0.02053	0.01212	0.12986	0.45370	0.00601	0.01082	0.00563	0.00273	0.00487
20	0.00743	0.00548	0.00740	0.00714	0.00832	0.00545	0.00542	0.00967	0.01282	0.01807	0.50231	0.03447	0.08237	0.01974	0.24590	0.00375	0.00606	0.00847	0.00486	0.00488
21	0.01863	0.01195	0.01639	0.01648	0.20061	0.01206	0.04696	0.26213	0.04002	0.27373	0.01533	0.03703	0.01107	0.00623	0.00537	0.00163	0.00552	0.00532	0.00492	0.00860
22	0.01312	0.05357	0.29919	0.01087	0.01521	0.00902	0.01133	0.01632	0.01192	0.22697	0.01850	0.25641	0.01707	0.00893	0.00555	0.00178	0.00535	0.00763	0.00423	0.00702
23	0.59604	0.01145	0.01490	0.01162	0.01552	0.01232	0.23604	0.01596	0.01006	0.02165	0.00838	0.01032	0.00642	0.00477	0.00418	0.00168	0.00556	0.00389	0.00309	0.00615
24	0.01214	0.01160	0.01975	0.26664	0.55442	0.01231	0.01575	0.01540	0.01159	0.01612	0.00978	0.01339	0.00797	0.00489	0.00525	0.00163	0.00651	0.00471	0.00254	0.00761
25	0.01093	0.01036	0.01756	0.56731	0.26323	0.01199	0.01515	0.01433	0.01102	0.01465	0.00956	0.01379	0.00745	0.00511	0.00527	0.00170	0.00681	0.00470	0.00243	0.00663
26	0.00631	0.00513	0.00559	0.00597	0.00730	0.00441	0.00429	0.00752	0.01146	0.01404	0.04612	0.28228	0.55249	0.01436	0.00640	0.00190	0.00280	0.01234	0.00491	0.00441
27	0.26694	0.00965	0.00999	0.00756	0.01183	0.00851	0.00610	0.01399	0.01036	0.01920	0.00878	0.01024	0.00719	0.00422	0.00372	0.00104	0.00397	0.00305	0.00317	0.59048
28	0.01306	0.01104	0.01586	0.56113	0.03032	0.01316	0.01327	0.24193	0.01492	0.01954	0.01040	0.01367	0.00764	0.00561	0.00529	0.00171	0.00667	0.00472	0.00324	0.00682
29	0.00974	0.00793	0.01312	0.55953	0.02742	0.00957	0.01161	0.01149	0.00945	0.01219	0.00933	0.01470	0.00770	0.00927	0.00997	0.25891	0.00630	0.00467	0.00233	0.00478
30	0.85155	0.01022	0.00777	0.00695	0.01022	0.01186	0.00573	0.01554	0.00900	0.02372	0.00736	0.00859	0.00573	0.00491	0.00327	0.00164	0.00409	0.00286	0.00327	0.00573
31	0.00934	0.02042	0.54908	0.01272	0.01825	0.00985	0.01508	0.01389	0.01084	0.01575	0.01547	0.25466	0.01531	0.00854	0.00555	0.00182	0.00637	0.00729	0.00305	0.00674
32	0.00833	0.00755	0.01026	0.01361	0.24287	0.00693	0.00773	0.01022	0.01205	0.01519	0.04027	0.03937	0.54439	0.01075	0.00594	0.00172	0.00377	0.00919	0.00421	0.00565
33	0.85155	0.01022	0.00777	0.00695	0.01022	0.01186	0.00573	0.01554	0.00900	0.02372	0.00736	0.00859	0.00573	0.00491	0.00327	0.00164	0.00409	0.00286	0.00327	0.00573
34	0.00771	0.01153	0.24387	0.00971	0.01230	0.00673	0.00936	0.01022	0.01044	0.01448	0.02315	0.56726	0.02636	0.01305	0.00622	0.00200	0.00451	0.01164	0.00409	0.00537
35	0.01105	0.00953	0.00994	0.00911	0.01174	0.01050	0.00704	0.02185	0.54036	0.01973	0.03127	0.02921	0.24847	0.00907	0.00564	0.00179	0.00373	0.00755	0.00524	0.00718
36	0.01565	0.01142	0.01260	0.01050	0.01345	0.01239	0.00831	0.51240	0.01999	0.02690	0.01783	0.25592	0.01703	0.00945	0.00569	0.00175	0.00489	0.00789	0.02851	0.00745
37	0.01169	0.31145	0.18647	0.00992	0.01394	0.07758	0.01008	0.01460	0.01248	0.01627	0.24294	0.01887	0.02006	0.00666	0.00474	0.00143	0.00541	0.00521	0.02385	0.00636
38	0.01087	0.02545	0.67746	0.01611	0.02357	0.01244	0.12699	0.01677	0.01135	0.01677	0.00966	0.01161	0.00689	0.00494	0.00520	0.00169	0.00797	0.00424	0.00230	0.00771
39	0.00631	0.00513	0.00559	0.00597	0.00730	0.00441	0.00429	0.00752	0.01146	0.01404	0.04612	0.28228	0.55249	0.01436	0.00640	0.00190	0.00280	0.01234	0.00491	0.00441
40	0.27423	0.02947	0.02390	0.00903	0.01285	0.00985	0.02315	0.05988	0.01354	0.43325	0.04904	0.01539	0.01190	0.00611	0.00470	0.00163	0.00453	0.00466	0.00520	0.00771
41	0.01617	0.02441	0.03998	0.01001	0.01320	0.10312	0.02628	0.30522	0.03068	0.07843	0.01417	0.01508	0.01053	0.00609	0.00469	0.00145	0.00516	0.00469	0.28347	0.00717
42	0.00759	0.00533	0.00679	0.00666	0.00726	0.00543	0.00453	0.00879	0.01009	0.01405	0.24806	0.03290	0.02717	0.39096	0.19732	0.00485	0.00641	0.00779	0.00391	0.00410
43	0.01136	0.02284	0.55375	0.02036	0.25382	0.01236	0.01853	0.01658	0.01143	0.01690	0.00963	0.01175	0.00721	0.00493	0.00509	0.00164	0.00735	0.00415	0.00235	0.00798
44	0.01419	0.11578	0.01319	0.01043	0.07408	0.02985	0.01945	0.17079	0.05021	0.07854	0.02528	0.01699	0.01202	0.01842	0.00483	0.00147	0.00448	0.01791	0.31528	0.00680
45	0.01503	0.01118	0.01277	0.01026	0.01336	0.01197	0.02324	0.44748	0.03882	0.02816	0.30086	0.02297	0.02452	0.00801	0.00567	0.00162	0.00459	0.00662	0.00544	0.00743
46	0.59414	0.00874	0.00703	0.00647	0.00928	0.00961	0.00520	0.01312	0.00993	0.02084	0.02143	0.02147	0.24123	0.00749	0.00418	0.00168	0.00366	0.00539	0.00377	0.00534
47	0.00878	0.00743	0.01069	0.00998	0.01059	0.00944	0.00793	0.01034	0.00833	0.01230	0.01210	0.01874	0.01164	0.07386	0.51397	0.00642	0.25434	0.00546	0.00269	0.00496
48	0.00824	0.00662	0.00974	0.24870	0.01658	0.00705	0.00794	0.01105	0.01363	0.01886	0.54425	0.03176	0.03684	0.00913	0.00595	0.00169	0.00388	0.00808	0.00476	0.00526
49	0.00852	0.00608	0.00852	0.00974	0.01095	0.00608	0.00852	0.01095	0.01217	0.01582	0.02799	0.05963	0.03042	0.01460	0.00730	0.00243	0.00487	0.74565	0.00487	0.00487
50	0.02010	0.01481	0.01587	0.01216	0.01639	0.01639	0.01005	0.76360	0.02486	0.03332	0.01269	0.01269	0.00899	0.00635	0.00529	0.00159	0.00582	0.00476	0.00529	0.00899
51	0.59836	0.01162	0.01024	0.00854	0.01210	0.01324	0.00704	0.24334	0.01383	0.02664	0.00898	0.00984	0.00672	0.00535	0.00389	0.00162	0.00462	0.00344	0.00389	0.00672
52	0.01594	0.01170	0.01290	0.01070	0.01374	0.01271	0.00848	0.53331	0.02037	0.02728	0.01770	0.25572	0.01690	0.00946	0.00573	0.00176	0.00498	0.00789	0.00517	0.00756
53	0.00998	0.00940	0.01586	0.80150	0.03641	0.01175	0.01468	0.01351	0.01057	0.01351	0.00940	0.01409	0.00705	0.00529	0.00529	0.00176	0.00705	0.00470	0.00235	0.00587

[dist]
# distance from previous block
# <min> <max>
0	2

[block]
# block no. 5 follows, 46 sequences, length 53
# corresponding to MSA columns:
# 1013-1065
name=unknown_F
#
# <colnr> <probs for GDERKNQSTAVLIFYWHMCP>
#	G	D	E	R	K	N	Q	S	T	A	V	L	I	F	Y	W	H	M	C	P
0	0.01157	0.01157	0.01619	0.01388	0.01388	0.01619	0.01157	0.01272	0.00810	0.01272	0.00694	0.01157	0.00694	0.00925	0.01735	0.00231	0.80453	0.00463	0.00231	0.00578
1	0.00998	0.00940	0.01586	0.80150	0.03641	0.01175	0.01468	0.01351	0.01057	0.01351	0.00940	0.01409	0.00705	0.00529	0.00529	0.00176	0.00705	0.00470	0.00235	0.00587
2	0.00998	0.00940	0.01586	0.80150	0.03641	0.01175	0.01468	0.01351	0.01057	0.01351	0.00940	0.01409	0.00705	0.00529	0.00529	0.00176	0.00705	0.00470	0.00235	0.00587
3	0.00852	0.00608	0.00852	0.00974	0.01095	0.00608	0.00852	0.01095	0.01217	0.01582	0.02799	0.05963	0.03042	0.01460	0.00730	0.00243	0.00487	0.74565	0.00487	0.00487
4	0.01060	0.02735	0.78682	0.01507	0.02288	0.01228	0.01953	0.01674	0.01116	0.01674	0.00949	0.01116	0.00670	0.00502	0.00502	0.00167	0.00781	0.00391	0.00223	0.00781
5	0.02372	0.00900	0.01227	0.00941	0.01350	0.00777	0.00777	0.02576	0.01513	0.78489	0.02086	0.01799	0.01309	0.00654	0.00532	0.00164	0.00450	0.00532	0.00654	0.00900
6	0.00748	0.00540	0.00707	0.00665	0.00790	0.00499	0.00499	0.00998	0.01496	0.02120	0.77844	0.03949	0.04988	0.01081	0.00624	0.00166	0.00249	0.00956	0.00582	0.00499
7	0.00998	0.00940	0.01586	0.80150	0.03641	0.01175	0.01468	0.01351	0.01057	0.01351	0.00940	0.01409	0.00705	0.00529	0.00529	0.00176	0.00705	0.00470	0.00235	0.00587
8	0.00636	0.00490	0.00583	0.00657	0.00746	0.00436	0.00455	0.00745	0.01089	0.01381	0.03883	0.50922	0.33026	0.01530	0.00655	0.00200	0.00291	0.01349	0.00491	0.00436
9	0.00998	0.00940	0.01586	0.80150	0.03641	0.01175	0.01468	0.01351	0.01057	0.01351	0.00940	0.01409	0.00705	0.00529	0.00529	0.00176	0.00705	0.00470	0.00235	0.00587
10	0.01308	0.01256	0.02146	0.03245	0.78123	0.01256	0.01622	0.01622	0.01204	0.01727	0.00994	0.01308	0.00837	0.00471	0.00523	0.00157	0.00628	0.00471	0.00262	0.00837
11	0.01060	0.02735	0.78682	0.01507	0.02288	0.01228	0.01953	0.01674	0.01116	0.01674	0.00949	0.01116	0.00670	0.00502	0.00502	0.00167	0.00781	0.00391	0.00223	0.00781
12	0.01976	0.02472	0.01502	0.01355	0.01635	0.75750	0.01021	0.05504	0.01543	0.01387	0.00838	0.00968	0.00691	0.00549	0.00479	0.00137	0.00936	0.00347	0.00284	0.00626
13	0.01248	0.01426	0.03119	0.02228	0.02763	0.01337	0.76203	0.01693	0.01248	0.01693	0.01070	0.01426	0.00802	0.00446	0.00624	0.00178	0.00891	0.00624	0.00267	0.00713
14	0.00626	0.00532	0.00539	0.00545	0.00716	0.00446	0.00406	0.00758	0.01196	0.01425	0.05244	0.08560	0.74508	0.01353	0.00627	0.00180	0.00270	0.01133	0.00491	0.00446
15	0.00755	0.00566	0.00850	0.00850	0.00944	0.00661	0.00661	0.00944	0.00850	0.01227	0.01416	0.02077	0.01322	0.03965	0.79326	0.00850	0.01416	0.00566	0.00283	0.00472
16	0.01984	0.01468	0.01572	0.01211	0.01630	0.01628	0.00999	0.73674	0.05214	0.03291	0.01301	0.01295	0.00925	0.00638	0.00529	0.00159	0.00576	0.00480	0.00529	0.00897
17	0.02372	0.00900	0.01227	0.00941	0.01350	0.00777	0.00777	0.02576	0.01513	0.78489	0.02086	0.01799	0.01309	0.00654	0.00532	0.00164	0.00450	0.00532	0.00654	0.00900
18	0.01413	0.81739	0.02770	0.00905	0.01357	0.02092	0.00905	0.01583	0.01074	0.01244	0.00735	0.00848	0.00678	0.00452	0.00339	0.00113	0.00565	0.00283	0.00226	0.00678
19	0.01060	0.02735	0.78682	0.01507	0.02288	0.01228	0.01953	0.01674	0.01116	0.01674	0.00949	0.01116	0.00670	0.00502	0.00502	0.00167	0.00781	0.00391	0.00223	0.00781
20	0.01308	0.01256	0.02146	0.03245	0.78123	0.01256	0.01622	0.01622	0.01204	0.01727	0.00994	0.01308	0.00837	0.00471	0.00523	0.00157	0.00628	0.00471	0.00262	0.00837
21	0.00992	0.00925	0.01554	0.76753	0.03532	0.01150	0.01442	0.01340	0.01064	0.01361	0.01019	0.01605	0.00805	0.00569	0.00537	0.00179	0.00695	0.03649	0.00246	0.00583
22	0.02372	0.00900	0.01227	0.00941	0.01350	0.00777	0.00777	0.02576	0.01513	0.78489	0.02086	0.01799	0.01309	0.00654	0.00532	0.00164	0.00450	0.00532	0.00654	0.00900
23	0.00644	0.00460	0.00613	0.00736	0.00767	0.00429	0.00491	0.00736	0.01012	0.01350	0.02914	0.81076	0.03497	0.01656	0.00675	0.00215	0.00307	0.01503	0.00491	0.00429
24	0.02314	0.00885	0.01206	0.00934	0.01330	0.00765	0.00767	0.02515	0.01496	0.75904	0.02113	0.04456	0.01382	0.00688	0.00536	0.00165	0.00445	0.00564	0.00649	0.00884
25	0.01506	0.01051	0.01271	0.01186	0.05349	0.01111	0.00941	0.34823	0.01816	0.08328	0.04709	0.03231	0.01909	0.00964	0.00610	0.00192	0.00525	0.29246	0.00510	0.00721
26	0.00769	0.00513	0.00577	0.00577	0.00577	0.00513	0.00320	0.00769	0.00769	0.01025	0.01666	0.03460	0.01922	0.81421	0.02691	0.00513	0.00513	0.00769	0.00320	0.00320
27	0.01990	0.02065	0.01537	0.01298	0.01637	0.45351	0.01014	0.34568	0.01930	0.02185	0.01015	0.01091	0.00776	0.00584	0.00499	0.00146	0.00791	0.00400	0.00384	0.00738
28	0.01248	0.01258	0.02319	0.05566	0.46727	0.01269	0.22707	0.01585	0.01175	0.01659	0.01016	0.01371	0.00836	0.00639	0.03996	0.00197	0.04887	0.00518	0.00262	0.00764
29	0.01058	0.05413	0.73495	0.01454	0.02204	0.01232	0.01866	0.01641	0.01118	0.01651	0.01085	0.01236	0.03186	0.00528	0.00501	0.00166	0.00757	0.00411	0.00232	0.00767
30	0.01060	0.02735	0.78682	0.01507	0.02288	0.01228	0.01953	0.01674	0.01116	0.01674	0.00949	0.01116	0.00670	0.00502	0.00502	0.00167	0.00781	0.00391	0.00223	0.00781
31	0.00998	0.00940	0.01586	0.80150	0.03641	0.01175	0.01468	0.01351	0.01057	0.01351	0.00940	0.01409	0.00705	0.00529	0.00529	0.00176	0.00705	0.00470	0.00235	0.00587
32	0.04094	0.03826	0.02183	0.23981	0.02606	0.01286	0.32937	0.09641	0.03959	0.04305	0.01193	0.01634	0.00934	0.00560	0.00567	0.00176	0.00726	0.04380	0.00320	0.00690
33	0.01295	0.01242	0.02121	0.06666	0.74810	0.01252	0.01616	0.01610	0.01197	0.01710	0.00992	0.01313	0.00831	0.00474	0.00524	0.00158	0.00631	0.00471	0.00260	0.00826
34	0.01014	0.00956	0.01615	0.76154	0.07511	0.01179	0.01476	0.01365	0.01065	0.01370	0.00942	0.01404	0.00712	0.00526	0.00528	0.00175	0.00701	0.00470	0.00236	0.00600
35	0.01060	0.02735	0.78682	0.01507	0.02288	0.01228	0.01953	0.01674	0.01116	0.01674	0.00949	0.01116	0.00670	0.00502	0.00502	0.00167	0.00781	0.00391	0.00223	0.00781
36	0.09147	0.02029	0.01405	0.01235	0.01543	0.50034	0.00950	0.12664	0.09351	0.05204	0.01067	0.01132	0.00826	0.00575	0.00480	0.00147	0.00776	0.00390	0.00358	0.00686
37	0.01269	0.04545	0.01816	0.11928	0.40510	0.01172	0.03910	0.01595	0.04634	0.07540	0.01326	0.10735	0.01190	0.00665	0.00602	0.00170	0.04731	0.00599	0.00325	0.00739
38	0.00625	0.00536	0.00536	0.00536	0.00714	0.00446	0.00402	0.00759	0.01205	0.01428	0.05355	0.05088	0.77909	0.01339	0.00625	0.00179	0.00268	0.01116	0.00491	0.00446
39	0.00644	0.00460	0.00613	0.00736	0.00767	0.00429	0.00491	0.00736	0.01012	0.01350	0.02914	0.81076	0.03497	0.01656	0.00675	0.00215	0.00307	0.01503	0.00491	0.00429
40	0.16200	0.01285	0.01364	0.03905	0.04807	0.04895	0.00917	0.33845	0.09773	0.15765	0.01368	0.01356	0.00970	0.00607	0.00493	0.00162	0.00535	0.00459	0.00483	0.00810
41	0.06680	0.06905	0.02466	0.01723	0.02204	0.01475	0.42610	0.25289	0.01606	0.02223	0.01089	0.01302	0.00810	0.00509	0.00556	0.00167	0.00741	0.00533	0.00351	0.00761
42	0.00769	0.00513	0.00577	0.00577	0.00577	0.00513	0.00320	0.00769	0.00769	0.01025	0.01666	0.03460	0.01922	0.81421	0.02691	0.00513	0.00513	0.00769	0.00320	0.00320
43	0.01102	0.01045	0.01773	0.54458	0.28523	0.01202	0.01520	0.01441	0.01106	0.01476	0.00958	0.01376	0.00749	0.00509	0.00527	0.00170	0.00679	0.00470	0.00244	0.00671
44	0.01161	0.17560	0.50832	0.01520	0.02195	0.01412	0.14903	0.01660	0.01131	0.01596	0.00929	0.01120	0.00695	0.00483	0.00493	0.00159	0.00760	0.00411	0.00232	0.00750
45	0.00804	0.00575	0.00793	0.00891	0.00999	0.00564	0.00743	0.01023	0.01223	0.01620	0.13426	0.17865	0.03391	0.01439	0.00706	0.00228	0.00424	0.52306	0.00501	0.00479
46	0.00709	0.00533	0.00656	0.00638	0.00769	0.00480	0.00474	0.00917	0.01385	0.01886	0.53751	0.10191	0.23290	0.01190	0.00628	0.00173	0.00258	0.01039	0.00552	0.00480
47	0.01374	0.01397	0.04943	0.01338	0.06951	0.17119	0.03461	0.15956	0.02878	0.01745	0.01135	0.01464	0.00962	0.01687	0.25751	0.00384	0.10002	0.00479	0.00323	0.00651
48	0.01567	0.01183	0.01640	0.26799	0.11584	0.03802	0.04059	0.18903	0.03124	0.15431	0.01236	0.01416	0.00893	0.00593	0.00602	0.00170	0.05368	0.00486	0.00388	0.00755
49	0.01285	0.01225	0.02053	0.09070	0.68385	0.01253	0.01570	0.01663	0.05140	0.01723	0.01050	0.01351	0.00867	0.00488	0.00525	0.00160	0.00623	0.00478	0.00274	0.00818
50	0.01102	0.00853	0.00982	0.00969	0.02853	0.00921	0.00706	0.05034	0.35806	0.05286	0.04103	0.32163	0.04826	0.01091	0.00594	0.00190	0.00381	0.00956	0.00518	0.00667
51	0.06246	0.02689	0.01780	0.06944	0.29366	0.02952	0.06410	0.12995	0.07888	0.10543	0.01263	0.01486	0.00978	0.00582	0.00572	0.00167	0.03820	0.02156	0.00375	0.00788
52	0.31081	0.02837	0.07932	0.08226	0.17497	0.04010	0.08073	0.06206	0.01179	0.05375	0.00969	0.01163	0.00741	0.00506	0.00455	0.00162	0.00587	0.00408	0.01900	0.00695

[dist]
# distance from previous block
# <min> <max>
0	489

# created by:
# /home/cegg/simao/soft/augustus-3.2.1/scripts/msa2prfl.pl ./align_prep/EOG091G0NTO.fa
