[name]
unknown

[dist]
# distance from previous block
# <min> <max>
0	79

[block]
# block no. 0 follows, 50 sequences, length 18
# corresponding to MSA columns:
# 156-173
name=unknown_A
#
# <colnr> <probs for GDERKNQSTAVLIFYWHMCP>
#	G	D	E	R	K	N	Q	S	T	A	V	L	I	F	Y	W	H	M	C	P
0	0.03677	0.00773	0.00978	0.02204	0.08226	0.02504	0.02749	0.07227	0.05324	0.07978	0.14998	0.12767	0.08393	0.14343	0.00904	0.02057	0.00419	0.02404	0.00422	0.01653
1	0.11344	0.00772	0.00897	0.05492	0.04120	0.02887	0.00646	0.02280	0.08832	0.14934	0.07100	0.13887	0.06923	0.11242	0.03593	0.00228	0.00443	0.01510	0.02308	0.00564
2	0.07277	0.03152	0.13075	0.09831	0.06010	0.02057	0.00955	0.12576	0.05165	0.05707	0.17588	0.06320	0.04635	0.00711	0.00502	0.00156	0.00474	0.00593	0.01472	0.01744
3	0.07325	0.01006	0.01318	0.01218	0.09814	0.03599	0.09858	0.14486	0.06894	0.08241	0.02453	0.04196	0.03677	0.08260	0.00754	0.04809	0.00503	0.00533	0.05470	0.05584
4	0.00912	0.00762	0.07215	0.00781	0.01006	0.00596	0.05044	0.01157	0.02405	0.10533	0.30084	0.09833	0.21097	0.02159	0.00591	0.00167	0.00347	0.00848	0.03933	0.00531
5	0.00885	0.00796	0.01306	0.65021	0.02881	0.00968	0.01194	0.01173	0.00991	0.01294	0.01223	0.14860	0.01126	0.00679	0.00516	0.00170	0.00587	0.00607	0.03198	0.00526
6	0.03927	0.01991	0.02577	0.00800	0.00905	0.16109	0.00588	0.01082	0.00946	0.01207	0.01476	0.12858	0.01575	0.26453	0.06299	0.07655	0.03035	0.05002	0.05095	0.00419
7	0.02025	0.00861	0.01116	0.00869	0.01232	0.00772	0.00713	0.09082	0.01478	0.64190	0.02234	0.01990	0.09722	0.00686	0.00511	0.00155	0.00417	0.00557	0.00589	0.00801
8	0.08542	0.01270	0.01475	0.10045	0.09071	0.01407	0.01011	0.53910	0.01936	0.04813	0.01119	0.01197	0.00808	0.00562	0.00483	0.00152	0.00549	0.00435	0.00432	0.00785
9	0.01225	0.01048	0.01690	0.11658	0.48900	0.01049	0.01272	0.01500	0.01138	0.07977	0.05523	0.01401	0.01028	0.00501	0.00517	0.00145	0.02666	0.00459	0.00296	0.10008
10	0.01139	0.01086	0.01814	0.09172	0.64562	0.01095	0.01392	0.01420	0.01124	0.01569	0.01383	0.01631	0.09351	0.00538	0.00504	0.00152	0.00561	0.00510	0.00268	0.00730
11	0.01751	0.01013	0.01180	0.00957	0.01286	0.01050	0.00765	0.20425	0.23286	0.33103	0.01767	0.01749	0.01269	0.07252	0.00667	0.00184	0.00450	0.00524	0.00532	0.00787
12	0.50538	0.00971	0.01075	0.01028	0.07535	0.01059	0.06891	0.07391	0.01056	0.04474	0.01115	0.10019	0.01011	0.00627	0.00417	0.00163	0.00445	0.03253	0.00346	0.00587
13	0.47126	0.01093	0.01151	0.00998	0.03843	0.01224	0.06916	0.14247	0.15202	0.02286	0.01052	0.01121	0.00794	0.00520	0.00405	0.00157	0.00458	0.00384	0.00369	0.00655
14	0.04652	0.01449	0.07701	0.01111	0.01488	0.07825	0.00953	0.48234	0.09711	0.04270	0.04145	0.03827	0.01097	0.00630	0.00494	0.00153	0.00549	0.00485	0.00453	0.00772
15	0.01484	0.01110	0.01275	0.07615	0.03186	0.01223	0.00875	0.32590	0.24782	0.07569	0.09980	0.01713	0.01478	0.00653	0.00509	0.00156	0.00467	0.00533	0.00483	0.02319
16	0.01178	0.01036	0.01796	0.38350	0.31496	0.01119	0.08311	0.01493	0.01100	0.07845	0.01005	0.01325	0.00766	0.00481	0.00505	0.00159	0.00634	0.00461	0.00266	0.00676
17	0.01567	0.02035	0.09996	0.01261	0.01565	0.53657	0.07177	0.01766	0.01279	0.01327	0.00893	0.01083	0.00728	0.00646	0.02886	0.03173	0.00818	0.00370	0.07195	0.00577

[dist]
# distance from previous block
# <min> <max>
0	6

[block]
# block no. 1 follows, 50 sequences, length 9
# corresponding to MSA columns:
# 180-188
name=unknown_B
#
# <colnr> <probs for GDERKNQSTAVLIFYWHMCP>
#	G	D	E	R	K	N	Q	S	T	A	V	L	I	F	Y	W	H	M	C	P
0	0.01100	0.00986	0.01417	0.25403	0.17360	0.01024	0.01070	0.05505	0.05533	0.01613	0.02683	0.01280	0.00859	0.00495	0.00522	0.00136	0.05016	0.00414	0.00288	0.27296
1	0.42801	0.00965	0.00999	0.07529	0.04868	0.00998	0.00698	0.05646	0.01027	0.04025	0.00840	0.00984	0.00656	0.00448	0.00366	0.00131	0.00423	0.00316	0.00313	0.25967
2	0.01157	0.01128	0.01989	0.21949	0.53043	0.01173	0.09316	0.01474	0.01106	0.01539	0.00932	0.01268	0.00756	0.00455	0.00504	0.00154	0.00635	0.00459	0.00241	0.00720
3	0.02780	0.01087	0.04643	0.30790	0.02106	0.04278	0.01148	0.02794	0.00944	0.01336	0.00816	0.01201	0.00692	0.00780	0.04581	0.00205	0.31535	0.00421	0.00237	0.07626
4	0.00838	0.00729	0.01174	0.38244	0.02114	0.00841	0.03636	0.01081	0.00932	0.01256	0.01272	0.11360	0.01202	0.04503	0.24160	0.00365	0.00802	0.00596	0.00272	0.04622
5	0.73422	0.00978	0.00891	0.05871	0.07867	0.01123	0.00677	0.01459	0.00882	0.02124	0.00727	0.00878	0.00569	0.00463	0.00336	0.00154	0.00421	0.00296	0.00298	0.00562
6	0.00956	0.00530	0.00699	0.00666	0.00774	0.00498	0.00476	0.00966	0.00924	0.12235	0.03650	0.11520	0.14981	0.10088	0.07923	0.29154	0.00459	0.00707	0.00366	0.02428
7	0.01142	0.01082	0.01831	0.12828	0.62921	0.01107	0.01419	0.01425	0.01102	0.01553	0.01087	0.08212	0.00989	0.00547	0.00506	0.00155	0.00575	0.00528	0.00262	0.00726
8	0.01045	0.00912	0.01482	0.11779	0.38425	0.00942	0.02783	0.01306	0.01130	0.03158	0.12754	0.09565	0.01670	0.00688	0.00558	0.00159	0.03301	0.02101	0.05600	0.00640

[dist]
# distance from previous block
# <min> <max>
2	3

[block]
# block no. 2 follows, 50 sequences, length 14
# corresponding to MSA columns:
# 192-205
name=unknown_C
#
# <colnr> <probs for GDERKNQSTAVLIFYWHMCP>
#	G	D	E	R	K	N	Q	S	T	A	V	L	I	F	Y	W	H	M	C	P
0	0.81400	0.01041	0.00770	0.00690	0.00996	0.05461	0.00563	0.01494	0.00879	0.02181	0.00698	0.00815	0.00545	0.00465	0.00316	0.00153	0.00414	0.00273	0.00306	0.00542
1	0.04353	0.15265	0.07630	0.01354	0.03717	0.04100	0.15213	0.01561	0.06827	0.05218	0.02247	0.01204	0.00830	0.00619	0.00854	0.00170	0.27483	0.00441	0.00275	0.00638
2	0.00797	0.00605	0.00813	0.06326	0.02502	0.00674	0.00589	0.00988	0.06117	0.01208	0.05292	0.03910	0.03444	0.29463	0.26946	0.04824	0.04136	0.00630	0.00309	0.00427
3	0.00919	0.00557	0.00735	0.00663	0.00818	0.00507	0.00507	0.01148	0.01413	0.12827	0.68363	0.03441	0.04220	0.00963	0.00576	0.00156	0.00261	0.00846	0.00558	0.00523
4	0.01146	0.01289	0.11766	0.05328	0.07553	0.01251	0.12163	0.06730	0.13416	0.01632	0.01080	0.01327	0.00870	0.00815	0.05940	0.00213	0.21972	0.00471	0.00296	0.04742
5	0.01617	0.01139	0.07756	0.06829	0.10396	0.00989	0.12072	0.06907	0.05367	0.33484	0.03082	0.01503	0.01067	0.00547	0.00506	0.00153	0.00544	0.00491	0.00432	0.05120
6	0.75960	0.01078	0.00818	0.00723	0.01033	0.06238	0.00589	0.05706	0.00967	0.02221	0.00727	0.00837	0.00563	0.00473	0.00328	0.00152	0.00428	0.00283	0.00316	0.00559
7	0.01395	0.01394	0.06177	0.02587	0.01464	0.20441	0.05826	0.07086	0.17514	0.08357	0.04375	0.01998	0.01361	0.03744	0.01693	0.00184	0.04119	0.09248	0.00388	0.00648
8	0.00650	0.00539	0.00585	0.00572	0.00749	0.00454	0.00437	0.00797	0.01136	0.01417	0.09049	0.08613	0.58397	0.01195	0.00580	0.00166	0.00278	0.06289	0.00454	0.07643
9	0.00609	0.00442	0.00575	0.00675	0.00719	0.00408	0.00456	0.00703	0.00984	0.01301	0.05266	0.72941	0.10045	0.01519	0.00631	0.00198	0.00284	0.01369	0.00465	0.00408
10	0.04570	0.00653	0.00856	0.00739	0.00957	0.00601	0.00577	0.01510	0.01319	0.31699	0.36043	0.07053	0.02871	0.03108	0.04984	0.00202	0.00383	0.00727	0.00539	0.00609
11	0.01186	0.00975	0.01266	0.18726	0.09974	0.01104	0.00970	0.05631	0.36371	0.05790	0.01639	0.07471	0.01325	0.00817	0.04355	0.00197	0.00521	0.00576	0.00408	0.00699
12	0.01176	0.01345	0.02941	0.02101	0.02605	0.01261	0.77563	0.01597	0.01176	0.01597	0.01008	0.01345	0.00756	0.00420	0.00588	0.00168	0.00840	0.00588	0.00252	0.00672
13	0.00993	0.00976	0.01212	0.32855	0.09741	0.12339	0.01003	0.01205	0.01041	0.01282	0.01471	0.21071	0.03098	0.04899	0.04468	0.00214	0.00615	0.00693	0.00299	0.00524

[dist]
# distance from previous block
# <min> <max>
0	2

[block]
# block no. 3 follows, 50 sequences, length 9
# corresponding to MSA columns:
# 208-216
name=unknown_D
#
# <colnr> <probs for GDERKNQSTAVLIFYWHMCP>
#	G	D	E	R	K	N	Q	S	T	A	V	L	I	F	Y	W	H	M	C	P
0	0.18715	0.01066	0.01123	0.03555	0.05869	0.11594	0.04386	0.01550	0.13433	0.03896	0.04663	0.15709	0.01468	0.00930	0.05000	0.00202	0.05279	0.00615	0.00363	0.00583
1	0.00789	0.00610	0.00732	0.00733	0.00868	0.00596	0.00539	0.02680	0.10425	0.01458	0.04739	0.31113	0.12043	0.09679	0.05315	0.00245	0.00404	0.07981	0.00427	0.08623
2	0.01004	0.00968	0.01527	0.65825	0.12115	0.04353	0.01355	0.01318	0.01022	0.01308	0.00904	0.01324	0.00700	0.00616	0.03534	0.00187	0.00691	0.00442	0.00228	0.00578
3	0.00774	0.00471	0.00598	0.00594	0.00620	0.00469	0.00381	0.00743	0.00787	0.01076	0.07562	0.02640	0.04597	0.38174	0.06086	0.29120	0.00472	0.00632	0.03899	0.00305
4	0.01011	0.00975	0.01416	0.01215	0.01254	0.01300	0.04823	0.01138	0.00787	0.01196	0.00843	0.01397	0.00835	0.07524	0.13257	0.00322	0.59475	0.00480	0.00233	0.00518
5	0.01034	0.00886	0.01034	0.00738	0.01181	0.00664	0.00591	0.01255	0.01034	0.01624	0.00886	0.01034	0.00738	0.00369	0.00369	0.00074	0.00369	0.00295	0.00295	0.85530
6	0.86003	0.00964	0.00733	0.00655	0.00964	0.01118	0.00540	0.01465	0.00848	0.02236	0.00694	0.00810	0.00540	0.00463	0.00308	0.00154	0.00386	0.00270	0.00308	0.00540
7	0.03643	0.00880	0.06812	0.00930	0.01184	0.00749	0.04779	0.10243	0.01262	0.22353	0.02072	0.36928	0.02047	0.01023	0.00562	0.00178	0.00424	0.02840	0.00474	0.00618
8	0.01459	0.01715	0.01470	0.01278	0.01452	0.42633	0.06516	0.01595	0.01131	0.01220	0.00834	0.01202	0.00763	0.06808	0.03920	0.00209	0.24584	0.00412	0.00249	0.00550

[dist]
# distance from previous block
# <min> <max>
2	13

[block]
# block no. 4 follows, 50 sequences, length 32
# corresponding to MSA columns:
# 231-262
name=unknown_E
#
# <colnr> <probs for GDERKNQSTAVLIFYWHMCP>
#	G	D	E	R	K	N	Q	S	T	A	V	L	I	F	Y	W	H	M	C	P
0	0.00761	0.00585	0.00745	0.10319	0.02328	0.00597	0.00592	0.00980	0.05612	0.01363	0.05692	0.16324	0.18582	0.18651	0.00999	0.00245	0.00394	0.09911	0.04874	0.00445
1	0.74441	0.04515	0.00928	0.00736	0.01062	0.01141	0.03774	0.01522	0.00899	0.06198	0.00773	0.00878	0.00589	0.00467	0.00331	0.00153	0.00413	0.00295	0.00318	0.00566
2	0.07414	0.01056	0.05012	0.38419	0.20176	0.01133	0.01256	0.05655	0.05977	0.01609	0.01006	0.01313	0.00782	0.00596	0.02700	0.00177	0.01702	0.00438	0.02939	0.00640
3	0.01575	0.23713	0.01778	0.03837	0.09994	0.44944	0.00994	0.01738	0.01236	0.01251	0.00795	0.00966	0.00683	0.00617	0.03758	0.00154	0.00778	0.00333	0.00243	0.00611
4	0.26109	0.07231	0.01349	0.01521	0.26090	0.11754	0.00918	0.01443	0.01041	0.01659	0.01052	0.07429	0.00987	0.04893	0.00539	0.00167	0.00527	0.02013	0.02672	0.00606
5	0.01308	0.01066	0.01119	0.00982	0.01258	0.02347	0.00769	0.14401	0.55447	0.02170	0.01800	0.01732	0.01359	0.00747	0.02199	0.02528	0.00434	0.00530	0.07056	0.00747
6	0.00606	0.00437	0.00575	0.00685	0.00721	0.00406	0.00459	0.00695	0.00963	0.01276	0.02853	0.78599	0.06787	0.01548	0.00634	0.00201	0.00287	0.01400	0.00463	0.00406
7	0.00769	0.00642	0.04017	0.00728	0.00809	0.00638	0.00543	0.00935	0.04173	0.01178	0.06055	0.02591	0.01676	0.39933	0.29011	0.00534	0.04415	0.00635	0.00306	0.00411
8	0.02218	0.00877	0.01175	0.00901	0.01287	0.00775	0.00744	0.06400	0.01475	0.75679	0.01926	0.01670	0.01213	0.00616	0.00501	0.00154	0.00431	0.00498	0.00611	0.00848
9	0.00755	0.00613	0.00949	0.01039	0.06826	0.00587	0.07378	0.00928	0.01049	0.01388	0.02585	0.41884	0.08582	0.01346	0.02034	0.00210	0.00420	0.20532	0.00424	0.00473
10	0.00975	0.02778	0.36485	0.04669	0.04022	0.00982	0.06372	0.01475	0.07791	0.01673	0.11351	0.01791	0.05545	0.00618	0.00509	0.00156	0.01820	0.00521	0.09822	0.00644
11	0.01355	0.18519	0.12681	0.02705	0.03901	0.01203	0.00967	0.08417	0.01185	0.13014	0.01013	0.01116	0.00777	0.00503	0.00525	0.00128	0.07796	0.00364	0.00321	0.23510
12	0.86003	0.00964	0.00733	0.00655	0.00964	0.01118	0.00540	0.01465	0.00848	0.02236	0.00694	0.00810	0.00540	0.00463	0.00308	0.00154	0.00386	0.00270	0.00308	0.00540
13	0.00970	0.00913	0.02394	0.10925	0.24943	0.00941	0.05229	0.01316	0.08015	0.01566	0.10914	0.08200	0.14404	0.00785	0.00616	0.00166	0.06053	0.00687	0.00352	0.00611
14	0.00699	0.00509	0.00657	0.00620	0.00740	0.00467	0.00465	0.00927	0.01395	0.01960	0.74702	0.03787	0.09136	0.01033	0.00588	0.00157	0.00236	0.00910	0.00544	0.00467
15	0.00850	0.00717	0.01094	0.27122	0.09516	0.00791	0.00924	0.01083	0.01063	0.01423	0.14017	0.05056	0.06101	0.09006	0.05845	0.00246	0.02089	0.12208	0.00343	0.00506
16	0.00699	0.00513	0.00653	0.00649	0.00743	0.00507	0.00477	0.00851	0.01058	0.01436	0.26474	0.03544	0.15797	0.19358	0.19162	0.00381	0.00558	0.06311	0.00410	0.00419
17	0.01352	0.01248	0.07068	0.01071	0.01410	0.01295	0.00899	0.17517	0.57545	0.02258	0.01779	0.01668	0.01321	0.00646	0.00503	0.00164	0.00451	0.00526	0.00483	0.00797
18	0.01194	0.00943	0.01358	0.05325	0.34128	0.00985	0.01007	0.12504	0.01279	0.01910	0.04566	0.01533	0.01112	0.00549	0.00485	0.00141	0.02731	0.00471	0.27113	0.00664
19	0.00985	0.05897	0.70639	0.01342	0.02012	0.01137	0.01696	0.01509	0.01043	0.01538	0.01024	0.07083	0.00830	0.00553	0.00479	0.00159	0.00694	0.00442	0.00229	0.00708
20	0.00977	0.00870	0.02450	0.08431	0.29428	0.00860	0.01949	0.01322	0.07423	0.02587	0.22410	0.13016	0.03391	0.00787	0.00540	0.00161	0.00440	0.00717	0.00384	0.01856
21	0.00792	0.00531	0.00690	0.00689	0.00795	0.00528	0.00505	0.00943	0.03480	0.06119	0.10138	0.18459	0.16835	0.07224	0.22376	0.07614	0.00595	0.00846	0.00398	0.00442
22	0.07533	0.14783	0.04825	0.01015	0.01310	0.11864	0.07666	0.10697	0.01317	0.01753	0.18384	0.01942	0.08668	0.00696	0.00550	0.00149	0.05343	0.00550	0.00361	0.00594
23	0.00971	0.00823	0.00972	0.00731	0.01117	0.00639	0.00578	0.01179	0.01017	0.01561	0.01189	0.04840	0.04417	0.00713	0.06360	0.00138	0.00432	0.00396	0.00308	0.71619
24	0.01397	0.07193	0.01318	0.04053	0.03965	0.34278	0.00845	0.07908	0.01275	0.01455	0.01150	0.13154	0.01107	0.00823	0.04705	0.00171	0.01878	0.00509	0.00309	0.12508
25	0.00990	0.00712	0.00887	0.00748	0.00960	0.00652	0.00566	0.05037	0.00977	0.03539	0.01397	0.07200	0.06873	0.03314	0.01032	0.25885	0.05223	0.01687	0.00313	0.32008
26	0.08809	0.23652	0.16724	0.16146	0.08386	0.04707	0.01178	0.05704	0.06257	0.01572	0.00907	0.01084	0.00717	0.00490	0.00443	0.00144	0.01786	0.00368	0.00263	0.00663
27	0.03821	0.01287	0.01416	0.01212	0.03584	0.08061	0.00962	0.31279	0.08063	0.02105	0.01045	0.01212	0.00831	0.00682	0.00870	0.00171	0.28086	0.00439	0.04183	0.00690
28	0.01252	0.00957	0.02077	0.05573	0.03557	0.00940	0.05337	0.09712	0.18777	0.10928	0.09708	0.06023	0.01553	0.00733	0.02757	0.00163	0.00464	0.00558	0.00428	0.18502
29	0.00933	0.01195	0.22361	0.00912	0.01149	0.07475	0.00862	0.01054	0.00934	0.01247	0.08044	0.11512	0.01475	0.06007	0.01171	0.31838	0.00524	0.00585	0.00283	0.00440
30	0.09709	0.02488	0.00937	0.00785	0.01010	0.01949	0.00620	0.05966	0.05502	0.21319	0.13635	0.02510	0.11158	0.09330	0.04983	0.00228	0.03824	0.02992	0.00458	0.00595
31	0.02627	0.06836	0.01699	0.14779	0.12157	0.08565	0.14275	0.01683	0.05281	0.15097	0.06298	0.01718	0.02262	0.00586	0.00510	0.00157	0.00596	0.03857	0.00353	0.00666

[dist]
# distance from previous block
# <min> <max>
2	11

[block]
# block no. 5 follows, 50 sequences, length 15
# corresponding to MSA columns:
# 274-288
name=unknown_F
#
# <colnr> <probs for GDERKNQSTAVLIFYWHMCP>
#	G	D	E	R	K	N	Q	S	T	A	V	L	I	F	Y	W	H	M	C	P
0	0.00932	0.04819	0.07655	0.00836	0.03135	0.04299	0.00672	0.01279	0.10421	0.03528	0.27725	0.04287	0.10121	0.13401	0.00836	0.00203	0.00402	0.00707	0.00420	0.04322
1	0.00893	0.00541	0.00672	0.00669	0.00801	0.00489	0.00492	0.01023	0.01109	0.13424	0.10979	0.26380	0.22192	0.10969	0.00830	0.00217	0.00332	0.07038	0.00476	0.00476
2	0.00852	0.00862	0.06764	0.16069	0.01496	0.05183	0.00876	0.01078	0.00902	0.01221	0.01249	0.01939	0.01153	0.06480	0.45940	0.00543	0.02520	0.04119	0.00264	0.00490
3	0.01111	0.01056	0.01747	0.08948	0.61160	0.01061	0.01341	0.01384	0.01124	0.01557	0.01566	0.01790	0.12846	0.00574	0.00509	0.00153	0.00546	0.00538	0.00278	0.00714
4	0.01135	0.00989	0.01376	0.04491	0.30626	0.01061	0.01013	0.04528	0.26020	0.01693	0.01470	0.01932	0.01272	0.13323	0.04095	0.00237	0.00538	0.03162	0.00356	0.00683
5	0.00823	0.00630	0.00867	0.01016	0.12784	0.00669	0.00592	0.00913	0.00811	0.01135	0.01384	0.02563	0.01478	0.48984	0.17201	0.00473	0.04603	0.00625	0.02029	0.00420
6	0.00866	0.00793	0.00736	0.00710	0.00820	0.12809	0.00505	0.00983	0.01041	0.01286	0.14671	0.03057	0.18162	0.25416	0.15655	0.00368	0.00614	0.00725	0.00362	0.00422
7	0.01431	0.01863	0.13543	0.01309	0.01546	0.34052	0.01147	0.04982	0.01146	0.01353	0.00763	0.01010	0.00654	0.00651	0.00917	0.00169	0.32239	0.00379	0.00245	0.00602
8	0.00782	0.13174	0.00939	0.00641	0.00815	0.00693	0.00514	0.00987	0.01303	0.01761	0.54507	0.03455	0.16678	0.00969	0.00547	0.00151	0.00284	0.00829	0.00483	0.00488
9	0.00640	0.00504	0.00585	0.00577	0.00714	0.00449	0.00431	0.00807	0.01208	0.01572	0.31974	0.08603	0.43171	0.01327	0.05017	0.00201	0.00308	0.00988	0.00484	0.00439
10	0.01014	0.00886	0.01130	0.17598	0.01653	0.00757	0.00757	0.01259	0.01026	0.01551	0.00886	0.01095	0.00723	0.00396	0.00396	0.00093	0.00431	0.00326	0.00280	0.67743
11	0.01271	0.12372	0.24554	0.01446	0.15323	0.06937	0.01212	0.01768	0.13145	0.08567	0.03529	0.01439	0.02291	0.03385	0.00540	0.00160	0.00583	0.00446	0.00320	0.00712
12	0.01150	0.01274	0.11435	0.01943	0.37342	0.02353	0.02654	0.02707	0.03891	0.01646	0.00999	0.02973	0.00834	0.00461	0.00458	0.00129	0.00538	0.00416	0.00275	0.26521
13	0.14186	0.01302	0.10324	0.01625	0.05186	0.01111	0.42183	0.01496	0.01089	0.03032	0.01079	0.07062	0.00902	0.00516	0.00515	0.00160	0.00668	0.00548	0.00281	0.06736
14	0.01169	0.01376	0.17744	0.01296	0.05239	0.01237	0.04260	0.14550	0.03917	0.01792	0.10341	0.01481	0.01228	0.00766	0.02812	0.00188	0.26182	0.00489	0.00321	0.03612

[dist]
# distance from previous block
# <min> <max>
0	20

[block]
# block no. 6 follows, 50 sequences, length 9
# corresponding to MSA columns:
# 316-324
name=unknown_G
#
# <colnr> <probs for GDERKNQSTAVLIFYWHMCP>
#	G	D	E	R	K	N	Q	S	T	A	V	L	I	F	Y	W	H	M	C	P
0	0.28383	0.02843	0.01425	0.02803	0.08264	0.18171	0.12208	0.06004	0.01159	0.03125	0.00934	0.01182	0.00757	0.00654	0.04290	0.00179	0.00643	0.01984	0.02498	0.02494
1	0.01116	0.01018	0.01337	0.29187	0.15598	0.07293	0.01068	0.04592	0.10332	0.03851	0.10209	0.01957	0.09050	0.00652	0.00514	0.00158	0.00538	0.00561	0.00346	0.00623
2	0.00725	0.00483	0.00544	0.00544	0.00544	0.00483	0.00302	0.00725	0.00725	0.00966	0.01571	0.03262	0.01812	0.82483	0.02537	0.00483	0.00483	0.00725	0.00302	0.00302
3	0.01224	0.10305	0.01912	0.10933	0.47009	0.06745	0.04026	0.01536	0.03793	0.01547	0.05481	0.01343	0.01001	0.00493	0.00481	0.00146	0.00596	0.00451	0.00268	0.00710
4	0.00775	0.00683	0.05805	0.00782	0.00905	0.00582	0.00602	0.09349	0.01124	0.01504	0.02565	0.64149	0.06508	0.01369	0.00608	0.00192	0.00345	0.01224	0.00450	0.00476
5	0.00841	0.00756	0.00796	0.00828	0.05403	0.09433	0.00579	0.01040	0.01314	0.01712	0.45085	0.05883	0.19830	0.01010	0.00572	0.00159	0.00343	0.03455	0.00475	0.00488
6	0.06785	0.37248	0.11838	0.09942	0.01641	0.05398	0.01015	0.06411	0.06036	0.07995	0.00965	0.01062	0.00753	0.00489	0.00403	0.00134	0.00565	0.00352	0.00292	0.00673
7	0.01266	0.06381	0.08442	0.05930	0.07898	0.03827	0.07934	0.06278	0.05369	0.13437	0.01622	0.05514	0.01453	0.00906	0.04251	0.00202	0.00592	0.17663	0.00384	0.00649
8	0.00784	0.09747	0.00932	0.00815	0.05896	0.00695	0.00578	0.01007	0.04743	0.01538	0.22879	0.19934	0.24436	0.01091	0.00561	0.00166	0.00321	0.02935	0.00445	0.00497

[dist]
# distance from previous block
# <min> <max>
0	35

# created by:
# /home/cegg/simao/soft/augustus-3.2.1/scripts/msa2prfl.pl ./align_prep/EOG091G17I3.fa
