[name]
unknown

[dist]
# distance from previous block
# <min> <max>
0	512

[block]
# block no. 0 follows, 55 sequences, length 31
# corresponding to MSA columns:
# 513-543
name=unknown_A
#
# <colnr> <probs for GDERKNQSTAVLIFYWHMCP>
#	G	D	E	R	K	N	Q	S	T	A	V	L	I	F	Y	W	H	M	C	P
0	0.00674	0.00468	0.00551	0.00555	0.00585	0.00472	0.00346	0.01986	0.00757	0.01008	0.01772	0.10043	0.07610	0.59291	0.11568	0.00436	0.00515	0.00731	0.00305	0.00323
1	0.01051	0.10204	0.10354	0.12008	0.01763	0.07693	0.18459	0.01301	0.00990	0.03190	0.04776	0.06338	0.01030	0.00716	0.03252	0.02591	0.11751	0.01727	0.00255	0.00550
2	0.01094	0.08313	0.22733	0.10702	0.25872	0.05233	0.12672	0.01491	0.04805	0.01433	0.00891	0.01111	0.00695	0.00436	0.00454	0.00142	0.00630	0.00401	0.00229	0.00662
3	0.01302	0.57495	0.07742	0.01029	0.04705	0.15999	0.03404	0.01486	0.01024	0.01160	0.00692	0.00813	0.00606	0.00416	0.00345	0.00110	0.00583	0.00281	0.00209	0.00600
4	0.86937	0.00900	0.00684	0.00612	0.00900	0.01044	0.00504	0.01368	0.00792	0.02087	0.00648	0.00756	0.00504	0.00432	0.00288	0.00144	0.00360	0.00252	0.00288	0.00504
5	0.00685	0.00477	0.00641	0.00641	0.00698	0.00525	0.00459	0.00799	0.00742	0.01074	0.01343	0.02231	0.01344	0.30315	0.48308	0.00595	0.00893	0.00553	0.07305	0.00372
6	0.00797	0.00493	0.00644	0.00648	0.00755	0.00455	0.00469	0.00969	0.02897	0.11140	0.30380	0.40207	0.06060	0.01141	0.00558	0.00166	0.00268	0.01017	0.00479	0.00459
7	0.00666	0.00479	0.00598	0.00570	0.00692	0.00433	0.00427	0.00858	0.01248	0.03562	0.60029	0.06750	0.19941	0.01009	0.00549	0.00150	0.00229	0.00880	0.00494	0.00435
8	0.00575	0.00435	0.00527	0.00587	0.00663	0.00392	0.00410	0.00679	0.00976	0.01259	0.09128	0.48296	0.28183	0.03285	0.00619	0.00182	0.00263	0.02720	0.00434	0.00386
9	0.01004	0.13324	0.57569	0.01242	0.03791	0.02801	0.03064	0.01441	0.00987	0.01420	0.00809	0.00955	0.00606	0.00426	0.00415	0.00133	0.00631	0.00329	0.00207	0.08845
10	0.20404	0.41868	0.04654	0.02317	0.01265	0.17622	0.02197	0.01477	0.00986	0.01347	0.00676	0.00798	0.00579	0.00431	0.00352	0.00119	0.01839	0.00274	0.00228	0.00566
11	0.00666	0.00449	0.00512	0.00518	0.00526	0.00445	0.00298	0.00679	0.00714	0.00952	0.03541	0.08662	0.03359	0.74339	0.02165	0.00420	0.00429	0.00731	0.00301	0.00295
12	0.00605	0.00421	0.00525	0.00595	0.00623	0.00400	0.00384	0.00669	0.00841	0.01127	0.02320	0.55366	0.05921	0.24272	0.01078	0.00258	0.00317	0.01103	0.02822	0.00353
13	0.01418	0.03459	0.01324	0.04213	0.04270	0.02556	0.03339	0.35609	0.30418	0.03598	0.01483	0.01454	0.03554	0.00585	0.00468	0.00147	0.00468	0.00474	0.00432	0.00731
14	0.01264	0.05620	0.16167	0.04027	0.01440	0.06760	0.02323	0.08894	0.03597	0.13318	0.01077	0.03666	0.00832	0.00479	0.00415	0.00118	0.00493	0.00381	0.00324	0.28806
15	0.01204	0.15097	0.40397	0.01308	0.06851	0.03442	0.07441	0.04409	0.03416	0.10732	0.00970	0.01070	0.00707	0.00456	0.00433	0.00139	0.00610	0.00370	0.00265	0.00685
16	0.00948	0.08041	0.69926	0.01276	0.01912	0.01110	0.03904	0.01443	0.00997	0.01464	0.04200	0.01079	0.00754	0.00459	0.00440	0.00144	0.00657	0.00364	0.00211	0.00669
17	0.00797	0.00478	0.00555	0.00532	0.00656	0.00453	0.00400	0.01018	0.02481	0.05085	0.33668	0.05778	0.10323	0.00806	0.00456	0.00134	0.00232	0.00688	0.35011	0.00450
18	0.01291	0.38779	0.11693	0.04388	0.01536	0.08339	0.09693	0.05357	0.02892	0.07798	0.02251	0.01091	0.00782	0.00464	0.00397	0.00125	0.00571	0.01659	0.00266	0.00626
19	0.02230	0.03049	0.35954	0.04693	0.03126	0.01015	0.04067	0.13810	0.01231	0.15253	0.01234	0.06713	0.00980	0.00585	0.00470	0.00151	0.00562	0.03867	0.00333	0.00677
20	0.00601	0.00435	0.00575	0.00676	0.00727	0.00409	0.00488	0.00710	0.00937	0.01232	0.02694	0.62802	0.08398	0.01405	0.00600	0.00192	0.00298	0.16001	0.00431	0.00389
21	0.00931	0.00876	0.01504	0.38710	0.25633	0.00965	0.06834	0.01207	0.00981	0.01320	0.02498	0.06580	0.02616	0.00710	0.04826	0.00185	0.00604	0.02202	0.00247	0.00570
22	0.02518	0.06665	0.13872	0.02573	0.12524	0.03183	0.13130	0.08777	0.03047	0.13224	0.02192	0.10729	0.01092	0.00598	0.00498	0.00148	0.02458	0.00529	0.01594	0.00649
23	0.01443	0.01115	0.14306	0.18189	0.03864	0.00890	0.10005	0.03121	0.01162	0.35161	0.02779	0.01397	0.00943	0.00511	0.00470	0.00147	0.00532	0.00449	0.02836	0.00680
24	0.30574	0.00721	0.00702	0.00645	0.00866	0.00761	0.00522	0.07131	0.03587	0.06432	0.05014	0.02415	0.18751	0.00751	0.00430	0.00151	0.00332	0.09348	0.10359	0.00506
25	0.05897	0.08065	0.15505	0.08750	0.07639	0.02017	0.11288	0.05956	0.02063	0.09697	0.02588	0.06441	0.02348	0.00666	0.02820	0.01472	0.05403	0.00480	0.00296	0.00611
26	0.04076	0.15484	0.22252	0.07028	0.18464	0.08959	0.01205	0.04821	0.05583	0.04328	0.00896	0.01046	0.00699	0.00464	0.00449	0.00137	0.02839	0.00360	0.00253	0.00657
27	0.00576	0.00440	0.00521	0.00569	0.00650	0.00398	0.00395	0.00675	0.00959	0.01227	0.07427	0.40779	0.32800	0.07257	0.02926	0.00208	0.00294	0.01097	0.00420	0.00381
28	0.00869	0.00599	0.00722	0.00660	0.00820	0.00591	0.00507	0.01201	0.11756	0.09150	0.35863	0.07213	0.16618	0.00899	0.00558	0.00150	0.03678	0.00762	0.05052	0.02332
29	0.03385	0.14305	0.14733	0.05452	0.12910	0.03772	0.06321	0.06474	0.05934	0.13754	0.01130	0.04084	0.00895	0.00531	0.00473	0.00142	0.02871	0.01858	0.00313	0.00663
30	0.05648	0.23202	0.16509	0.04510	0.08259	0.11492	0.07620	0.07691	0.03298	0.06347	0.00886	0.01006	0.00685	0.00452	0.00409	0.00131	0.00594	0.00353	0.00266	0.00644

[dist]
# distance from previous block
# <min> <max>
11	53

[block]
# block no. 1 follows, 55 sequences, length 25
# corresponding to MSA columns:
# 601-625
name=unknown_B
#
# <colnr> <probs for GDERKNQSTAVLIFYWHMCP>
#	G	D	E	R	K	N	Q	S	T	A	V	L	I	F	Y	W	H	M	C	P
0	0.01100	0.04670	0.03657	0.04948	0.07610	0.01180	0.55145	0.03917	0.04717	0.01509	0.01012	0.03991	0.00811	0.00462	0.00552	0.00155	0.03144	0.00535	0.00256	0.00629
1	0.27247	0.02415	0.05269	0.05584	0.04639	0.06218	0.00767	0.15473	0.03004	0.02906	0.04712	0.03543	0.03544	0.00802	0.05793	0.03807	0.02969	0.00423	0.00322	0.00561
2	0.01253	0.01194	0.01550	0.22834	0.28529	0.11471	0.02520	0.15261	0.02815	0.01632	0.00908	0.01148	0.00715	0.00485	0.00501	0.00143	0.04045	0.00405	0.01942	0.00647
3	0.01387	0.46351	0.09363	0.00960	0.02763	0.12380	0.00895	0.04461	0.06056	0.10095	0.00905	0.00956	0.00719	0.00454	0.00367	0.00117	0.00544	0.00315	0.00273	0.00638
4	0.01150	0.34181	0.15189	0.07789	0.18254	0.01367	0.04123	0.01481	0.05617	0.04009	0.00897	0.02424	0.00740	0.00452	0.00400	0.00129	0.00547	0.00366	0.00240	0.00647
5	0.00665	0.00498	0.00748	0.00748	0.00831	0.00582	0.00582	0.00831	0.00748	0.01080	0.01246	0.01828	0.01163	0.03489	0.81807	0.00748	0.01246	0.00498	0.00249	0.00415
6	0.00671	0.00449	0.00509	0.00514	0.00515	0.00448	0.00289	0.00675	0.00686	0.00915	0.01516	0.06734	0.01755	0.79874	0.02286	0.00439	0.00443	0.00706	0.00289	0.00286
7	0.00648	0.00451	0.00586	0.00666	0.00737	0.00419	0.00486	0.00762	0.00963	0.03917	0.02835	0.55022	0.14239	0.01356	0.00592	0.00187	0.00298	0.14997	0.00436	0.00403
8	0.03738	0.21936	0.24095	0.01053	0.01481	0.05585	0.03108	0.06020	0.25307	0.01606	0.01120	0.01156	0.00859	0.00496	0.00415	0.00137	0.00534	0.00381	0.00303	0.00671
9	0.01768	0.01303	0.01396	0.01070	0.01443	0.01443	0.00884	0.79197	0.02187	0.02932	0.01117	0.01117	0.00791	0.00558	0.00465	0.00140	0.00512	0.00419	0.00465	0.00791
10	0.52344	0.01001	0.00899	0.00759	0.01060	0.08302	0.02400	0.04018	0.01031	0.19995	0.03627	0.01066	0.00804	0.00489	0.00361	0.00142	0.00421	0.00337	0.00361	0.00582
11	0.01274	0.75163	0.02322	0.00840	0.01213	0.07868	0.00811	0.01420	0.00966	0.01099	0.00651	0.00762	0.00598	0.00417	0.00346	0.00104	0.03097	0.00258	0.00202	0.00590
12	0.01139	0.01097	0.01889	0.06177	0.75549	0.01104	0.03350	0.01419	0.01055	0.01505	0.00875	0.01158	0.00731	0.00416	0.00463	0.00139	0.00561	0.00418	0.00229	0.00725
13	0.00576	0.00472	0.00507	0.00499	0.00644	0.00404	0.00374	0.00718	0.01122	0.01403	0.22869	0.04237	0.62313	0.01124	0.00550	0.00155	0.00232	0.00948	0.00451	0.00404
14	0.05925	0.00957	0.01351	0.48854	0.06059	0.01126	0.01112	0.20797	0.01250	0.03420	0.00925	0.01193	0.00686	0.00495	0.00471	0.00149	0.01995	0.00407	0.02230	0.00599
15	0.00711	0.00516	0.00674	0.00658	0.00699	0.00579	0.00466	0.00805	0.00756	0.01086	0.04224	0.05060	0.01520	0.36565	0.30017	0.00490	0.07999	0.00601	0.06206	0.00368
16	0.00677	0.00451	0.00507	0.00507	0.00507	0.00451	0.00282	0.00677	0.00677	0.00902	0.01466	0.03044	0.01691	0.83650	0.02368	0.00451	0.00451	0.00677	0.00282	0.00282
17	0.00681	0.00473	0.00571	0.00568	0.00581	0.00496	0.00352	0.00712	0.00694	0.00943	0.01436	0.04824	0.01615	0.66854	0.14632	0.00484	0.02836	0.00658	0.00278	0.00311
18	0.00933	0.02406	0.81240	0.01326	0.02014	0.01080	0.01719	0.01473	0.00982	0.01473	0.00835	0.00982	0.00589	0.00442	0.00442	0.00147	0.00688	0.00344	0.00196	0.00688
19	0.02807	0.03258	0.18847	0.02471	0.20190	0.02620	0.01101	0.10658	0.07697	0.14255	0.06014	0.02978	0.01089	0.00534	0.00456	0.00141	0.00506	0.00448	0.00348	0.03584
20	0.50613	0.12359	0.12345	0.00860	0.03919	0.01181	0.00783	0.07967	0.00982	0.04276	0.00757	0.00855	0.00580	0.00443	0.00337	0.00138	0.00445	0.00291	0.00285	0.00583
21	0.01717	0.00758	0.00995	0.00789	0.01090	0.00687	0.00641	0.08281	0.01399	0.55532	0.20737	0.02001	0.01902	0.00665	0.00487	0.00144	0.00363	0.00554	0.00551	0.00707
22	0.00643	0.00472	0.00595	0.03191	0.02580	0.00454	0.00423	0.00740	0.00926	0.01238	0.17466	0.26332	0.12197	0.29291	0.01177	0.00264	0.00335	0.00917	0.00384	0.00372
23	0.15658	0.44967	0.10896	0.00900	0.01296	0.09912	0.02924	0.01502	0.00990	0.06183	0.00756	0.00849	0.00617	0.00428	0.00343	0.00119	0.00533	0.00287	0.00242	0.00598
24	0.01170	0.16259	0.30289	0.01392	0.14724	0.06783	0.01236	0.09284	0.01120	0.01527	0.00819	0.00972	0.00646	0.00451	0.00458	0.00130	0.04041	0.00340	0.00240	0.08119

[dist]
# distance from previous block
# <min> <max>
2	13

[block]
# block no. 2 follows, 55 sequences, length 12
# corresponding to MSA columns:
# 640-651
name=unknown_C
#
# <colnr> <probs for GDERKNQSTAVLIFYWHMCP>
#	G	D	E	R	K	N	Q	S	T	A	V	L	I	F	Y	W	H	M	C	P
0	0.10156	0.06338	0.24526	0.01489	0.17763	0.18172	0.02789	0.05152	0.04898	0.01538	0.00850	0.00999	0.00665	0.00462	0.00445	0.00138	0.02375	0.00352	0.00249	0.00644
1	0.00654	0.00620	0.07646	0.00667	0.00761	0.00490	0.00509	0.00802	0.03492	0.01193	0.06163	0.42935	0.05603	0.25014	0.01084	0.00256	0.00358	0.00985	0.00373	0.00393
2	0.00839	0.00716	0.00948	0.01070	0.12773	0.03053	0.03738	0.05077	0.08775	0.01508	0.12646	0.34940	0.10021	0.01010	0.00538	0.00164	0.00361	0.00905	0.00405	0.00512
3	0.00713	0.00704	0.07808	0.00846	0.08301	0.00551	0.00632	0.00951	0.01225	0.01709	0.54837	0.03186	0.14969	0.00890	0.00531	0.00147	0.00294	0.00778	0.00446	0.00482
4	0.01173	0.24179	0.07634	0.00895	0.02798	0.03689	0.02350	0.01383	0.00994	0.08356	0.00853	0.00968	0.00690	0.00421	0.00427	0.00103	0.05222	0.00307	0.00268	0.37290
5	0.01033	0.00995	0.04494	0.14418	0.31892	0.00927	0.03516	0.01292	0.01004	0.03347	0.01064	0.01286	0.04803	0.00463	0.00479	0.00126	0.03823	0.00408	0.00256	0.24374
6	0.01050	0.05185	0.35991	0.06012	0.07654	0.02586	0.05131	0.06850	0.01077	0.03784	0.01055	0.03934	0.00892	0.00613	0.01982	0.00160	0.04437	0.06296	0.00263	0.05046
7	0.01043	0.01152	0.05130	0.10343	0.17399	0.16609	0.07986	0.01275	0.01109	0.01401	0.14390	0.08402	0.05254	0.00726	0.02074	0.00160	0.02830	0.01864	0.00304	0.00550
8	0.01781	0.01034	0.01203	0.00943	0.01280	0.01067	0.00770	0.43683	0.01755	0.31835	0.01511	0.08522	0.01126	0.00644	0.00478	0.00146	0.00447	0.00517	0.00503	0.00755
9	0.00581	0.00430	0.00543	0.00605	0.00670	0.00392	0.00419	0.00694	0.01001	0.01327	0.17568	0.54271	0.17169	0.01313	0.00577	0.00175	0.00254	0.01171	0.00447	0.00392
10	0.01740	0.02153	0.01324	0.01190	0.01439	0.76164	0.00898	0.07267	0.01379	0.01264	0.00747	0.00858	0.00613	0.00485	0.00423	0.00121	0.00816	0.00308	0.00255	0.00557
11	0.01151	0.01105	0.01888	0.02855	0.80748	0.01105	0.01428	0.01428	0.01059	0.01520	0.00875	0.01151	0.00737	0.00415	0.00461	0.00138	0.00553	0.00415	0.00230	0.00737

[dist]
# distance from previous block
# <min> <max>
0	75

[block]
# block no. 3 follows, 55 sequences, length 19
# corresponding to MSA columns:
# 727-745
name=unknown_D
#
# <colnr> <probs for GDERKNQSTAVLIFYWHMCP>
#	G	D	E	R	K	N	Q	S	T	A	V	L	I	F	Y	W	H	M	C	P
0	0.00604	0.00476	0.00547	0.00537	0.00672	0.00419	0.00408	0.00769	0.01168	0.01516	0.36133	0.04096	0.45226	0.01089	0.00554	0.00155	0.00238	0.04515	0.00465	0.00414
1	0.83931	0.00896	0.00698	0.00619	0.00910	0.01031	0.00510	0.01399	0.00811	0.04885	0.00690	0.00785	0.00527	0.00437	0.00294	0.00144	0.00361	0.00260	0.00298	0.00514
2	0.01018	0.01018	0.01425	0.01221	0.01221	0.01425	0.01018	0.01120	0.00712	0.01120	0.00611	0.01018	0.00611	0.00814	0.01527	0.00204	0.82799	0.00407	0.00204	0.00509
3	0.09127	0.00841	0.01051	0.00822	0.01166	0.02865	0.00676	0.03740	0.01288	0.68628	0.01676	0.01491	0.01076	0.00638	0.02599	0.00159	0.00429	0.00445	0.00532	0.00751
4	0.00607	0.00413	0.00536	0.00631	0.00671	0.00390	0.00432	0.00708	0.00907	0.01256	0.02443	0.71352	0.02851	0.01349	0.00566	0.00181	0.00270	0.04021	0.10031	0.00386
5	0.01102	0.01050	0.01422	0.01204	0.01246	0.01427	0.01003	0.09855	0.00877	0.01322	0.00667	0.01029	0.00631	0.00786	0.01408	0.00196	0.73592	0.00408	0.00233	0.00540
6	0.01113	0.00872	0.08759	0.02407	0.04262	0.00732	0.09485	0.01337	0.05675	0.17500	0.13285	0.04221	0.04710	0.00883	0.00828	0.19303	0.03183	0.00551	0.00361	0.00532
7	0.00817	0.07011	0.05236	0.01131	0.12295	0.00825	0.02842	0.00980	0.00904	0.01261	0.04214	0.35352	0.01839	0.01216	0.08338	0.00224	0.12666	0.00800	0.01555	0.00494
8	0.01180	0.24435	0.11256	0.01039	0.01296	0.11650	0.00960	0.05861	0.01017	0.01328	0.05201	0.01085	0.00846	0.00593	0.00751	0.00147	0.27025	0.00368	0.03394	0.00569
9	0.01013	0.07797	0.07311	0.00751	0.01183	0.00758	0.00665	0.01240	0.00974	0.03464	0.00838	0.00963	0.00685	0.00362	0.00351	0.00079	0.00385	0.00283	0.00271	0.70625
10	0.10536	0.05771	0.03765	0.00717	0.00938	0.03723	0.00585	0.01314	0.14032	0.05362	0.24748	0.09444	0.12014	0.00801	0.00475	0.00146	0.00336	0.00668	0.00416	0.04211
11	0.00728	0.00527	0.00678	0.00785	0.09508	0.00531	0.00431	0.00775	0.00742	0.01009	0.03699	0.02780	0.01635	0.67621	0.06362	0.00423	0.00498	0.00642	0.00281	0.00345
12	0.01072	0.01071	0.03283	0.26020	0.36223	0.07593	0.05612	0.01304	0.00992	0.01308	0.00843	0.01184	0.00694	0.00569	0.00615	0.09801	0.00595	0.00410	0.00220	0.00588
13	0.10795	0.04900	0.08060	0.14062	0.26763	0.05866	0.06739	0.07418	0.01110	0.04653	0.00910	0.01119	0.00706	0.00451	0.00431	0.00140	0.00559	0.00389	0.04291	0.00639
14	0.00649	0.00481	0.00613	0.00617	0.00716	0.00464	0.00458	0.00801	0.01052	0.02646	0.28804	0.18452	0.21101	0.03910	0.13188	0.00262	0.01962	0.02986	0.00424	0.00415
15	0.01230	0.01180	0.10060	0.00997	0.01323	0.01160	0.00859	0.10206	0.60101	0.05037	0.01693	0.01582	0.01252	0.00600	0.00469	0.00154	0.00420	0.00492	0.00446	0.00739
16	0.00801	0.00648	0.00758	0.00717	0.00752	0.03135	0.00502	0.00934	0.06259	0.01056	0.01370	0.05406	0.01486	0.50000	0.07201	0.00380	0.15319	0.02611	0.00287	0.00378
17	0.01495	0.12189	0.01421	0.01040	0.04889	0.01336	0.00827	0.45136	0.10484	0.03705	0.01165	0.01203	0.00873	0.00546	0.00465	0.00135	0.03203	0.00410	0.08764	0.00712
18	0.02552	0.09007	0.20898	0.03143	0.01429	0.11951	0.02427	0.07153	0.05305	0.04179	0.02971	0.11123	0.01078	0.00586	0.00436	0.00132	0.00529	0.00473	0.00301	0.14326

[dist]
# distance from previous block
# <min> <max>
0	1

[block]
# block no. 4 follows, 55 sequences, length 7
# corresponding to MSA columns:
# 747-753
name=unknown_E
#
# <colnr> <probs for GDERKNQSTAVLIFYWHMCP>
#	G	D	E	R	K	N	Q	S	T	A	V	L	I	F	Y	W	H	M	C	P
0	0.04437	0.01007	0.05797	0.22536	0.30318	0.00957	0.04949	0.01304	0.00998	0.03410	0.00993	0.05258	0.00854	0.00495	0.00453	0.00139	0.00530	0.02332	0.00255	0.12979
1	0.00658	0.00511	0.00669	0.08940	0.00937	0.00490	0.00508	0.00865	0.01223	0.01667	0.56204	0.03460	0.20237	0.00950	0.00540	0.00150	0.00264	0.00828	0.00464	0.00437
2	0.01053	0.01114	0.04874	0.09217	0.38243	0.01067	0.25876	0.01367	0.01026	0.01435	0.00928	0.01255	0.00755	0.00727	0.08805	0.00208	0.00708	0.00463	0.00231	0.00649
3	0.07300	0.11391	0.40638	0.01214	0.05509	0.09182	0.01268	0.07668	0.04853	0.05478	0.00912	0.01009	0.00675	0.00463	0.00418	0.00138	0.00608	0.00346	0.00262	0.00667
4	0.00755	0.00533	0.00629	0.00623	0.00753	0.00507	0.00462	0.03504	0.06744	0.05142	0.21337	0.25094	0.23454	0.01081	0.00539	0.00161	0.00270	0.02768	0.05183	0.00458
5	0.05333	0.00639	0.00732	0.00642	0.00847	0.00623	0.00509	0.09273	0.01218	0.20020	0.09977	0.04645	0.09910	0.00714	0.00439	0.00137	0.00308	0.03896	0.29587	0.00550
6	0.00925	0.03294	0.01398	0.33513	0.24433	0.00934	0.03573	0.01143	0.00912	0.01226	0.00982	0.03419	0.00888	0.10946	0.05500	0.05086	0.00598	0.00472	0.00231	0.00529

[dist]
# distance from previous block
# <min> <max>
0	1

[block]
# block no. 5 follows, 55 sequences, length 21
# corresponding to MSA columns:
# 755-775
name=unknown_F
#
# <colnr> <probs for GDERKNQSTAVLIFYWHMCP>
#	G	D	E	R	K	N	Q	S	T	A	V	L	I	F	Y	W	H	M	C	P
0	0.06117	0.05575	0.07593	0.05225	0.12527	0.13961	0.20523	0.12233	0.03548	0.05648	0.00945	0.01109	0.00718	0.00464	0.00474	0.00142	0.01844	0.00414	0.00287	0.00651
1	0.00566	0.00407	0.00537	0.00641	0.00673	0.00378	0.00429	0.00648	0.00897	0.01190	0.02641	0.80511	0.05863	0.01447	0.00592	0.00188	0.00269	0.01310	0.00432	0.00378
2	0.53464	0.09069	0.05394	0.00921	0.07113	0.11985	0.00724	0.02668	0.00933	0.01797	0.00706	0.00829	0.00563	0.00438	0.00331	0.00136	0.00470	0.00281	0.01630	0.00548
3	0.00626	0.00437	0.00556	0.00617	0.00643	0.00430	0.00408	0.00692	0.00813	0.01088	0.02057	0.42843	0.02402	0.31925	0.07108	0.00328	0.00417	0.05899	0.00363	0.00348
4	0.01025	0.07068	0.18283	0.02651	0.16636	0.04452	0.17132	0.01350	0.02205	0.03455	0.09187	0.01752	0.08186	0.02853	0.00534	0.00153	0.00565	0.01620	0.00284	0.00607
5	0.01216	0.19076	0.18716	0.08213	0.08535	0.12887	0.07222	0.05205	0.03386	0.04170	0.02178	0.01233	0.00819	0.00491	0.00431	0.00136	0.00608	0.03370	0.01484	0.00624
6	0.00965	0.00827	0.00965	0.00689	0.01102	0.00620	0.00551	0.01171	0.00965	0.01516	0.00827	0.00965	0.00689	0.00345	0.00345	0.00069	0.00345	0.00276	0.00276	0.86494
7	0.01263	0.00682	0.00939	0.00920	0.08672	0.00632	0.00647	0.02836	0.03599	0.30799	0.37244	0.04034	0.02642	0.00762	0.00510	0.00147	0.00331	0.02229	0.00503	0.00610
8	0.00617	0.00474	0.00564	0.00542	0.00669	0.00421	0.00406	0.00797	0.01219	0.01632	0.51447	0.03859	0.33591	0.01038	0.00549	0.00150	0.00226	0.00895	0.00481	0.00421
9	0.00951	0.00570	0.00711	0.00633	0.00818	0.00506	0.00482	0.01158	0.02672	0.14576	0.30072	0.15027	0.05742	0.00836	0.00485	0.00138	0.00277	0.00725	0.11056	0.12567
10	0.01104	0.01221	0.02600	0.01876	0.02325	0.01154	0.72508	0.04154	0.01134	0.01535	0.01022	0.01446	0.00806	0.00442	0.00551	0.00159	0.00757	0.04329	0.00253	0.00623
11	0.11270	0.01258	0.01317	0.01019	0.01382	0.01398	0.00842	0.70514	0.02032	0.02838	0.01065	0.01077	0.00759	0.00544	0.00446	0.00140	0.00495	0.00400	0.00446	0.00759
12	0.00750	0.00535	0.00750	0.00857	0.00964	0.00535	0.00750	0.00964	0.01071	0.01392	0.02463	0.05248	0.02677	0.01285	0.00643	0.00214	0.00428	0.77617	0.00428	0.00428
13	0.00664	0.00494	0.00726	0.00722	0.00805	0.00561	0.00556	0.00831	0.00808	0.01161	0.10049	0.02051	0.01539	0.05884	0.70138	0.00671	0.01106	0.00542	0.00279	0.00414
14	0.00557	0.00474	0.00482	0.00486	0.00641	0.00398	0.00368	0.00679	0.01061	0.01262	0.04628	0.04506	0.77616	0.01182	0.00553	0.00159	0.00243	0.03878	0.00432	0.00394
15	0.00664	0.00459	0.00572	0.00581	0.00605	0.00479	0.00372	0.00714	0.00713	0.00972	0.01501	0.09427	0.01670	0.56040	0.22787	0.00506	0.00642	0.00684	0.00286	0.00324
16	0.01151	0.01105	0.01888	0.02855	0.80748	0.01105	0.01428	0.01428	0.01059	0.01520	0.00875	0.01151	0.00737	0.00415	0.00461	0.00138	0.00553	0.00415	0.00230	0.00737
17	0.01303	0.01533	0.01827	0.01431	0.01760	0.33174	0.32776	0.01545	0.01135	0.01308	0.00860	0.01107	0.00698	0.00693	0.07285	0.00185	0.03066	0.00419	0.00241	0.07654
18	0.01053	0.00819	0.00965	0.00708	0.01091	0.00650	0.00567	0.05051	0.01078	0.06874	0.07554	0.01222	0.01033	0.00421	0.00376	0.00084	0.00346	0.00343	0.00325	0.69442
19	0.46607	0.00981	0.00986	0.05549	0.10743	0.06447	0.00737	0.01300	0.00889	0.01711	0.02386	0.01226	0.07302	0.00554	0.00509	0.00151	0.10745	0.00374	0.00278	0.00525
20	0.00614	0.00499	0.00546	0.00519	0.00676	0.00424	0.00385	0.00752	0.01078	0.01379	0.19314	0.06152	0.52163	0.05556	0.00633	0.00164	0.00254	0.00888	0.00427	0.07577

[dist]
# distance from previous block
# <min> <max>
0	48

[block]
# block no. 6 follows, 55 sequences, length 13
# corresponding to MSA columns:
# 824-836
name=unknown_G
#
# <colnr> <probs for GDERKNQSTAVLIFYWHMCP>
#	G	D	E	R	K	N	Q	S	T	A	V	L	I	F	Y	W	H	M	C	P
0	0.01294	0.00826	0.01005	0.00766	0.01128	0.00702	0.00622	0.07345	0.02947	0.22179	0.03024	0.01421	0.01017	0.00587	0.03179	0.00127	0.00402	0.03627	0.00383	0.47418
1	0.01018	0.01018	0.01425	0.01221	0.01221	0.01425	0.01018	0.01120	0.00712	0.01120	0.00611	0.01018	0.00611	0.00814	0.01527	0.00204	0.82799	0.00407	0.00204	0.00509
2	0.01093	0.01221	0.02578	0.05149	0.02382	0.01169	0.70728	0.01543	0.06312	0.01508	0.01000	0.01286	0.00750	0.00411	0.00541	0.00157	0.00750	0.00542	0.00250	0.00630
3	0.01244	0.83930	0.02438	0.00796	0.01194	0.01841	0.00796	0.01393	0.00945	0.01095	0.00647	0.00746	0.00597	0.00398	0.00299	0.00100	0.00498	0.00249	0.00199	0.00597
4	0.05844	0.00881	0.01086	0.00843	0.01186	0.00844	0.00694	0.18428	0.01464	0.55644	0.01608	0.01457	0.01048	0.00563	0.00450	0.00141	0.00407	0.00445	0.06214	0.00755
5	0.01335	0.01039	0.01120	0.00956	0.01237	0.01173	0.00755	0.22789	0.51791	0.05118	0.01623	0.01547	0.01208	0.00665	0.00547	0.05016	0.00410	0.00488	0.00460	0.00723
6	0.00672	0.00469	0.00601	0.00601	0.00633	0.00502	0.00398	0.00737	0.00704	0.00971	0.01380	0.02571	0.01486	0.52475	0.33263	0.00566	0.00760	0.00607	0.00269	0.00334
7	0.00570	0.00410	0.00535	0.00633	0.00666	0.00382	0.00422	0.00650	0.00891	0.01180	0.02627	0.76221	0.06866	0.04732	0.00663	0.00198	0.00275	0.01280	0.00426	0.00375
8	0.00868	0.00797	0.01068	0.00997	0.02832	0.03951	0.00781	0.00991	0.00770	0.01107	0.01094	0.01559	0.04547	0.03556	0.34645	0.02754	0.36517	0.00473	0.00236	0.00459
9	0.01301	0.01116	0.01088	0.00962	0.01226	0.10158	0.00752	0.09766	0.53205	0.06585	0.03835	0.03395	0.01396	0.00645	0.00475	0.00153	0.00432	0.02360	0.00452	0.00700
10	0.01037	0.20202	0.41635	0.01235	0.06392	0.01233	0.04013	0.01555	0.11347	0.01474	0.04891	0.01172	0.00901	0.00479	0.00424	0.00138	0.00575	0.00383	0.00252	0.00662
11	0.00965	0.00827	0.00965	0.00689	0.01102	0.00620	0.00551	0.01171	0.00965	0.01516	0.00827	0.00965	0.00689	0.00345	0.00345	0.00069	0.00345	0.00276	0.00276	0.86494
12	0.00894	0.00832	0.03582	0.00809	0.00989	0.09475	0.03552	0.04239	0.03606	0.01521	0.16850	0.24544	0.02325	0.00923	0.00513	0.00153	0.00391	0.09477	0.06081	0.09245

[dist]
# distance from previous block
# <min> <max>
1	2

[block]
# block no. 7 follows, 55 sequences, length 26
# corresponding to MSA columns:
# 873-898
name=unknown_H
#
# <colnr> <probs for GDERKNQSTAVLIFYWHMCP>
#	G	D	E	R	K	N	Q	S	T	A	V	L	I	F	Y	W	H	M	C	P
0	0.03573	0.00563	0.02604	0.00651	0.00783	0.00505	0.00493	0.00984	0.05281	0.06260	0.28570	0.33006	0.09157	0.01068	0.00537	0.00161	0.00277	0.00941	0.02269	0.02316
1	0.00640	0.00477	0.00603	0.00622	0.00727	0.00443	0.00477	0.00813	0.01130	0.01515	0.35666	0.14297	0.20216	0.02954	0.03135	0.00192	0.00304	0.14917	0.00456	0.00415
2	0.86937	0.00900	0.00684	0.00612	0.00900	0.01044	0.00504	0.01368	0.00792	0.02087	0.00648	0.00756	0.00504	0.00432	0.00288	0.00144	0.00360	0.00252	0.00288	0.00504
3	0.00636	0.00442	0.00529	0.00560	0.00589	0.00427	0.00353	0.00690	0.00825	0.01099	0.08747	0.26950	0.07017	0.45813	0.01547	0.00326	0.00365	0.02394	0.00358	0.00333
4	0.00808	0.00404	0.00606	0.00606	0.00606	0.00404	0.00404	0.00606	0.00606	0.00808	0.00808	0.01414	0.00808	0.01616	0.01818	0.86465	0.00404	0.00404	0.00202	0.00202
5	0.00576	0.00464	0.00492	0.00497	0.00620	0.00403	0.00356	0.00682	0.01014	0.01247	0.09512	0.10036	0.58615	0.12467	0.00802	0.00199	0.00266	0.00955	0.00417	0.00380
6	0.01958	0.00796	0.01066	0.00812	0.01178	0.00676	0.00669	0.02141	0.01289	0.71942	0.01720	0.01512	0.01099	0.00549	0.00454	0.00135	0.00390	0.00446	0.00541	0.10626
7	0.00578	0.00415	0.00549	0.00644	0.00682	0.00386	0.00438	0.00673	0.00931	0.01246	0.08607	0.73826	0.04797	0.01409	0.00590	0.00186	0.00269	0.02954	0.00438	0.00384
8	0.01003	0.18774	0.62043	0.01246	0.01866	0.01238	0.04813	0.01458	0.00980	0.01398	0.00801	0.00946	0.00596	0.00431	0.00418	0.00138	0.00653	0.00333	0.00199	0.00667
9	0.01269	0.79773	0.02381	0.00816	0.01206	0.05908	0.00801	0.01417	0.00964	0.01097	0.00650	0.00751	0.00597	0.00402	0.00305	0.00101	0.00515	0.00251	0.00201	0.00594
10	0.01797	0.00721	0.00967	0.00764	0.01070	0.00631	0.00622	0.01985	0.01302	0.64058	0.12616	0.01855	0.01600	0.00625	0.00468	0.00142	0.00358	0.00516	0.07189	0.00716
11	0.01125	0.03760	0.05086	0.00955	0.01235	0.01139	0.00788	0.02298	0.68711	0.01862	0.01833	0.01873	0.01426	0.00653	0.00476	0.00159	0.00392	0.05071	0.00448	0.00711
12	0.00741	0.00830	0.11270	0.03999	0.01152	0.00655	0.07353	0.01031	0.07007	0.01391	0.10630	0.38774	0.08116	0.01027	0.00563	0.00168	0.02076	0.00921	0.00381	0.01915
13	0.01065	0.14245	0.47690	0.01356	0.03643	0.05881	0.13435	0.01527	0.04286	0.01421	0.00861	0.01016	0.00647	0.00437	0.00438	0.00140	0.00667	0.00368	0.00218	0.00659
14	0.01738	0.02217	0.01318	0.01199	0.01438	0.81783	0.00899	0.01858	0.01318	0.01139	0.00719	0.00839	0.00599	0.00479	0.00419	0.00120	0.00839	0.00300	0.00240	0.00539
15	0.79188	0.00919	0.00738	0.00645	0.00940	0.01054	0.00532	0.05845	0.00890	0.04818	0.00715	0.00804	0.00542	0.00444	0.00304	0.00144	0.00370	0.00269	0.00308	0.00530
16	0.00867	0.00434	0.00434	0.00434	0.00542	0.00434	0.00325	0.01084	0.00976	0.01734	0.01518	0.01734	0.01192	0.00542	0.00325	0.00108	0.00217	0.00434	0.86233	0.00434
17	0.00567	0.00405	0.00540	0.00648	0.00675	0.00378	0.00432	0.00648	0.00891	0.01188	0.02564	0.83347	0.03077	0.01457	0.00594	0.00189	0.00270	0.01323	0.00432	0.00378
18	0.00906	0.00587	0.00860	0.02111	0.02115	0.02094	0.04989	0.04913	0.00753	0.01006	0.00840	0.01384	0.00803	0.02690	0.03104	0.65122	0.04786	0.00418	0.00221	0.00299
19	0.00669	0.00460	0.00532	0.00535	0.00560	0.00456	0.00329	0.00705	0.00754	0.01000	0.05028	0.03212	0.07844	0.66384	0.05878	0.00419	0.00462	0.04156	0.00308	0.00310
20	0.00918	0.00557	0.00640	0.00578	0.00777	0.00481	0.00451	0.02399	0.01166	0.18584	0.12021	0.03703	0.52461	0.01015	0.00532	0.00154	0.00277	0.02323	0.00472	0.00491
21	0.01056	0.00905	0.01145	0.05268	0.11517	0.00778	0.00733	0.08197	0.01085	0.01626	0.00859	0.01017	0.00701	0.00379	0.00377	0.00089	0.00401	0.00314	0.00283	0.63271
22	0.78199	0.00918	0.00774	0.00745	0.05046	0.01047	0.00566	0.03332	0.00854	0.04113	0.00702	0.00806	0.00540	0.00438	0.00306	0.00144	0.00375	0.00270	0.00297	0.00530
23	0.01748	0.01293	0.01385	0.01066	0.01435	0.01433	0.00879	0.76647	0.04770	0.02899	0.01143	0.01137	0.00812	0.00561	0.00466	0.00140	0.00507	0.00422	0.00466	0.00789
24	0.01024	0.01037	0.01530	0.01280	0.01318	0.01405	0.07226	0.01149	0.00743	0.01149	0.00637	0.01037	0.00618	0.00781	0.01449	0.00200	0.76275	0.00418	0.00206	0.00518
25	0.01162	0.05000	0.01561	0.08968	0.36902	0.08918	0.02241	0.02655	0.17549	0.01511	0.01141	0.05493	0.00967	0.00539	0.00497	0.00145	0.03327	0.00468	0.00291	0.00665

[dist]
# distance from previous block
# <min> <max>
3	5

[block]
# block no. 8 follows, 55 sequences, length 10
# corresponding to MSA columns:
# 904-913
name=unknown_I
#
# <colnr> <probs for GDERKNQSTAVLIFYWHMCP>
#	G	D	E	R	K	N	Q	S	T	A	V	L	I	F	Y	W	H	M	C	P
0	0.05801	0.01256	0.09320	0.01092	0.01332	0.04600	0.00955	0.20934	0.15991	0.01818	0.01101	0.01232	0.02648	0.00653	0.00821	0.00166	0.28883	0.00427	0.00330	0.00638
1	0.00938	0.00889	0.04343	0.65422	0.02800	0.01018	0.01205	0.01346	0.08773	0.03799	0.00982	0.01315	0.00737	0.00608	0.03806	0.00179	0.00616	0.00427	0.00246	0.00550
2	0.00907	0.00869	0.01489	0.71675	0.06412	0.01059	0.05414	0.01212	0.00936	0.01216	0.00827	0.01229	0.00629	0.00473	0.00511	0.00156	0.03824	0.00420	0.00209	0.00532
3	0.00697	0.00487	0.00668	0.00735	0.00802	0.00496	0.00576	0.00824	0.00900	0.01198	0.02034	0.17249	0.02240	0.14734	0.14306	0.04916	0.00538	0.35851	0.00364	0.00383
4	0.00669	0.00539	0.00685	0.03043	0.06245	0.00503	0.00514	0.00879	0.03401	0.01547	0.35962	0.09026	0.31592	0.01016	0.00544	0.00155	0.00272	0.02514	0.00447	0.00449
5	0.00955	0.00945	0.01409	0.73166	0.06091	0.07252	0.01267	0.01249	0.00965	0.01198	0.00820	0.01206	0.00623	0.00464	0.00461	0.00152	0.00634	0.00405	0.00210	0.00527
6	0.01573	0.01639	0.01300	0.03585	0.10004	0.44966	0.00904	0.07036	0.08766	0.09579	0.05377	0.01209	0.00970	0.00527	0.00445	0.00132	0.00656	0.00392	0.00324	0.00616
7	0.03555	0.07350	0.03028	0.02080	0.07021	0.03404	0.03584	0.04256	0.04307	0.05469	0.00956	0.02313	0.00777	0.00418	0.00381	0.00099	0.00421	0.00341	0.01824	0.48416
8	0.11271	0.30615	0.13582	0.01042	0.07591	0.05624	0.00919	0.04411	0.04424	0.05141	0.02867	0.01004	0.00769	0.00447	0.00370	0.00120	0.00501	0.00325	0.00268	0.08707
9	0.21245	0.10103	0.10095	0.01094	0.09773	0.13144	0.00867	0.04917	0.05238	0.03512	0.00876	0.02243	0.00708	0.00456	0.00380	0.00125	0.00507	0.00334	0.00280	0.14104

[dist]
# distance from previous block
# <min> <max>
2	7

[block]
# block no. 9 follows, 55 sequences, length 7
# corresponding to MSA columns:
# 921-925,928,929
name=unknown_J
#
# <colnr> <probs for GDERKNQSTAVLIFYWHMCP>
#	G	D	E	R	K	N	Q	S	T	A	V	L	I	F	Y	W	H	M	C	P
0	0.00932	0.08219	0.06840	0.00824	0.02575	0.03860	0.05588	0.04200	0.04805	0.06769	0.08117	0.05410	0.29789	0.07155	0.02726	0.00186	0.00426	0.00694	0.00373	0.00513
1	0.00696	0.00513	0.00641	0.00633	0.00701	0.00551	0.00443	0.00873	0.06725	0.01084	0.01708	0.02590	0.08683	0.37789	0.33807	0.00521	0.00743	0.00622	0.00297	0.00380
2	0.01013	0.17485	0.05133	0.04489	0.06551	0.02771	0.00774	0.03422	0.25109	0.01553	0.09502	0.06395	0.12546	0.00701	0.00459	0.00143	0.00408	0.00580	0.00368	0.00597
3	0.40927	0.03406	0.01033	0.09742	0.06001	0.01038	0.00726	0.12351	0.01130	0.12485	0.06294	0.01175	0.00921	0.00505	0.00384	0.00143	0.00420	0.00371	0.00351	0.00596
4	0.05073	0.03351	0.12758	0.11218	0.09349	0.00971	0.02932	0.12130	0.02830	0.04960	0.00981	0.03608	0.00783	0.00466	0.00418	0.00123	0.00488	0.00386	0.00296	0.26879
5	0.01242	0.12742	0.21128	0.01219	0.09954	0.06387	0.05012	0.01526	0.01086	0.15860	0.01293	0.01563	0.04551	0.00546	0.00444	0.00136	0.00538	0.06228	0.00310	0.08235
6	0.01101	0.02902	0.05074	0.12567	0.10678	0.00923	0.10125	0.06633	0.05032	0.05489	0.03635	0.01234	0.00881	0.00445	0.00429	0.00120	0.00486	0.00399	0.02207	0.29638

[dist]
# distance from previous block
# <min> <max>
0	1

[block]
# block no. 10 follows, 55 sequences, length 48
# corresponding to MSA columns:
# 931-943,948-967,969-983
name=unknown_K
#
# <colnr> <probs for GDERKNQSTAVLIFYWHMCP>
#	G	D	E	R	K	N	Q	S	T	A	V	L	I	F	Y	W	H	M	C	P
0	0.01085	0.09262	0.06404	0.03325	0.03337	0.01960	0.00714	0.10947	0.05023	0.09725	0.07697	0.06311	0.09785	0.04428	0.09521	0.00221	0.00503	0.01749	0.06328	0.01677
1	0.00730	0.00587	0.02975	0.02405	0.00897	0.00635	0.00611	0.02957	0.00789	0.01133	0.01208	0.01831	0.01139	0.09888	0.61002	0.04155	0.03869	0.00497	0.02273	0.00418
2	0.01143	0.26517	0.07537	0.02898	0.05109	0.02760	0.11570	0.01384	0.01007	0.05227	0.00837	0.00981	0.00677	0.00394	0.00381	0.00106	0.00505	0.00329	0.00251	0.30387
3	0.03545	0.24505	0.20298	0.02584	0.02547	0.05636	0.06092	0.08816	0.03734	0.07730	0.01059	0.04090	0.00885	0.00542	0.00445	0.00138	0.02039	0.04391	0.00290	0.00635
4	0.01557	0.08283	0.10925	0.01166	0.05755	0.09497	0.00986	0.45689	0.04461	0.03912	0.01041	0.01088	0.00766	0.00518	0.00441	0.00135	0.00553	0.00389	0.02112	0.00725
5	0.02396	0.03049	0.08911	0.04370	0.15334	0.18959	0.09006	0.13050	0.02907	0.03076	0.01231	0.10926	0.03520	0.00608	0.00473	0.00144	0.00595	0.00520	0.00306	0.00619
6	0.00676	0.00453	0.00519	0.00519	0.00523	0.00457	0.00296	0.00684	0.00680	0.00911	0.01455	0.02986	0.01666	0.79801	0.06183	0.00465	0.00489	0.00668	0.00280	0.00288
7	0.00760	0.00632	0.00855	0.13411	0.04460	0.00655	0.01993	0.01090	0.09349	0.01603	0.36214	0.02944	0.19230	0.00848	0.00538	0.00151	0.01870	0.00733	0.02176	0.00489
8	0.01237	0.00845	0.01010	0.00741	0.01138	0.00682	0.00598	0.05023	0.02734	0.17956	0.01070	0.01115	0.00804	0.00408	0.00378	0.00089	0.00363	0.00327	0.00350	0.63132
9	0.05808	0.00681	0.03332	0.00709	0.00896	0.02243	0.02039	0.01209	0.05888	0.12490	0.34263	0.10939	0.09729	0.00891	0.00515	0.00154	0.00316	0.04571	0.02816	0.00511
10	0.00976	0.00940	0.05925	0.00797	0.01213	0.00691	0.04535	0.02488	0.02490	0.01540	0.00906	0.02708	0.00757	0.00388	0.00370	0.00084	0.00387	0.00325	0.01765	0.70715
11	0.00663	0.00486	0.00615	0.00585	0.00702	0.00450	0.00442	0.00894	0.02771	0.01796	0.68551	0.03548	0.11476	0.00967	0.00546	0.00148	0.00229	0.02646	0.02046	0.00440
12	0.02915	0.02824	0.03597	0.10980	0.38561	0.02813	0.04640	0.11711	0.01173	0.01656	0.00880	0.01105	0.00707	0.00437	0.00458	0.00131	0.01839	0.00390	0.00265	0.12917
13	0.01213	0.01062	0.01790	0.07557	0.69327	0.01066	0.01357	0.01484	0.01074	0.08179	0.00953	0.01193	0.00765	0.00431	0.00461	0.00140	0.00544	0.00419	0.00258	0.00728
14	0.86937	0.00900	0.00684	0.00612	0.00900	0.01044	0.00504	0.01368	0.00792	0.02087	0.00648	0.00756	0.00504	0.00432	0.00288	0.00144	0.00360	0.00252	0.00288	0.00504
15	0.25857	0.04712	0.01138	0.00881	0.01205	0.01223	0.00723	0.30514	0.18966	0.08537	0.01192	0.01172	0.00869	0.00533	0.00410	0.00143	0.00427	0.00392	0.00414	0.00689
16	0.00765	0.00446	0.00546	0.00588	0.00671	0.00426	0.00425	0.00916	0.00981	0.05404	0.07366	0.40597	0.02378	0.01045	0.00492	0.00157	0.00263	0.05205	0.30904	0.00425
17	0.00623	0.00474	0.00573	0.00548	0.00674	0.00424	0.00411	0.00810	0.01234	0.01669	0.56034	0.03799	0.28982	0.01024	0.00549	0.00150	0.00225	0.00887	0.00486	0.00424
18	0.00583	0.00419	0.00549	0.00628	0.00672	0.00390	0.00426	0.00684	0.00957	0.01287	0.14536	0.66198	0.06243	0.03301	0.00627	0.00187	0.00265	0.01221	0.00441	0.00386
19	0.00554	0.00468	0.00475	0.00479	0.00627	0.00394	0.00355	0.00667	0.01044	0.01245	0.04551	0.07466	0.75659	0.03207	0.00596	0.00166	0.00242	0.00987	0.00428	0.00389
20	0.01038	0.08601	0.01518	0.01182	0.01219	0.01463	0.00998	0.01145	0.00734	0.01117	0.00614	0.00993	0.00609	0.00776	0.01414	0.00194	0.75272	0.00393	0.00203	0.00517
21	0.83391	0.00916	0.00713	0.00631	0.00922	0.01060	0.00520	0.04608	0.00850	0.02122	0.00667	0.00771	0.00516	0.00437	0.00295	0.00144	0.00366	0.00259	0.00295	0.00516
22	0.01017	0.01637	0.32225	0.01393	0.03743	0.09719	0.22781	0.02738	0.01057	0.01415	0.01185	0.16622	0.01100	0.00626	0.00499	0.00154	0.00645	0.00584	0.00262	0.00599
23	0.00724	0.00490	0.00643	0.00596	0.00717	0.00450	0.00450	0.00941	0.01318	0.05481	0.76912	0.03389	0.04242	0.00934	0.00545	0.00146	0.00228	0.00824	0.00515	0.00455
24	0.00647	0.00471	0.00608	0.00582	0.00690	0.00433	0.00434	0.00853	0.01278	0.01791	0.71645	0.08033	0.08806	0.00993	0.00551	0.00149	0.00223	0.00877	0.00503	0.00433
25	0.01018	0.01018	0.01425	0.01221	0.01221	0.01425	0.01018	0.01120	0.00712	0.01120	0.00611	0.01018	0.00611	0.00814	0.01527	0.00204	0.82799	0.00407	0.00204	0.00509
26	0.01003	0.00937	0.01569	0.26156	0.44239	0.01005	0.02663	0.01255	0.00966	0.01335	0.00933	0.01408	0.00818	0.09993	0.02400	0.00193	0.01844	0.00448	0.00229	0.00607
27	0.01768	0.01303	0.01396	0.01070	0.01443	0.01443	0.00884	0.79197	0.02187	0.02932	0.01117	0.01117	0.00791	0.00558	0.00465	0.00140	0.00512	0.00419	0.00465	0.00791
28	0.03942	0.18118	0.40194	0.01151	0.04471	0.04467	0.01239	0.02749	0.01038	0.11667	0.00972	0.03400	0.00750	0.00531	0.01528	0.00146	0.02345	0.00372	0.00264	0.00658
29	0.01276	0.02461	0.03771	0.05900	0.09398	0.04984	0.11213	0.06518	0.02381	0.17509	0.01288	0.09979	0.01090	0.00607	0.00531	0.00143	0.05138	0.02399	0.00348	0.13065
30	0.01738	0.02217	0.01318	0.01199	0.01438	0.81783	0.00899	0.01858	0.01318	0.01139	0.00719	0.00839	0.00599	0.00479	0.00419	0.00120	0.00839	0.00300	0.00240	0.00539
31	0.00968	0.00941	0.05724	0.17437	0.22751	0.00947	0.01023	0.05434	0.08688	0.01511	0.07481	0.08848	0.05266	0.02394	0.02230	0.00172	0.05454	0.00569	0.01575	0.00588
32	0.01748	0.01313	0.01383	0.01069	0.01435	0.03145	0.00880	0.75090	0.04660	0.02862	0.01133	0.01131	0.00807	0.00559	0.00465	0.00140	0.00514	0.00420	0.00461	0.00784
33	0.04190	0.33262	0.16301	0.01059	0.02854	0.09597	0.05845	0.09157	0.02371	0.03113	0.00826	0.00945	0.00664	0.00505	0.02211	0.00135	0.00586	0.00326	0.00253	0.05801
34	0.01138	0.04773	0.03260	0.18979	0.26737	0.08503	0.07623	0.04520	0.03768	0.02434	0.02208	0.02403	0.00811	0.00581	0.02564	0.00163	0.08230	0.00433	0.00252	0.00620
35	0.01701	0.01243	0.01346	0.01027	0.01403	0.01342	0.00847	0.69544	0.02046	0.05055	0.01110	0.01116	0.00792	0.00539	0.00454	0.00133	0.00493	0.00407	0.00451	0.08952
36	0.00879	0.00827	0.01395	0.82532	0.03204	0.01034	0.01292	0.01189	0.00930	0.01189	0.00827	0.01240	0.00620	0.00465	0.00465	0.00155	0.00620	0.00413	0.00207	0.00517
37	0.01038	0.03749	0.04265	0.01200	0.01287	0.03797	0.04432	0.01173	0.00778	0.01165	0.00667	0.01052	0.00640	0.02439	0.01327	0.00192	0.65067	0.00401	0.00211	0.05122
38	0.01510	0.00667	0.00874	0.00712	0.00983	0.00580	0.00573	0.01687	0.01280	0.50023	0.18923	0.02503	0.16125	0.00763	0.00500	0.00147	0.00330	0.00639	0.00537	0.00646
39	0.00666	0.00494	0.00726	0.00726	0.00802	0.00570	0.00555	0.00817	0.00741	0.01064	0.01266	0.01936	0.01210	0.10643	0.74717	0.00721	0.01175	0.00514	0.00252	0.00403
40	0.01210	0.01014	0.01073	0.00952	0.01224	0.01166	0.00744	0.07150	0.73821	0.03361	0.01845	0.01695	0.01377	0.00626	0.00473	0.00156	0.00377	0.00518	0.00475	0.00741
41	0.00673	0.00450	0.00511	0.00514	0.00517	0.00449	0.00290	0.00680	0.00698	0.00934	0.03389	0.05498	0.01798	0.79173	0.02270	0.00436	0.00440	0.00700	0.00292	0.00289
42	0.01018	0.01018	0.01425	0.01221	0.01221	0.01425	0.01018	0.01120	0.00712	0.01120	0.00611	0.01018	0.00611	0.00814	0.01527	0.00204	0.82799	0.00407	0.00204	0.00509
43	0.00608	0.00459	0.00563	0.00574	0.00677	0.00413	0.00420	0.00765	0.01137	0.01520	0.38666	0.22971	0.25518	0.01144	0.00562	0.00161	0.00241	0.02721	0.00468	0.00411
44	0.00686	0.00500	0.00639	0.00667	0.00782	0.00481	0.00532	0.00851	0.01038	0.02988	0.14331	0.06592	0.24610	0.06104	0.11539	0.00270	0.00448	0.26113	0.00413	0.00416
45	0.01032	0.28323	0.56188	0.01157	0.01753	0.01322	0.01425	0.01448	0.00970	0.01353	0.00775	0.00907	0.00592	0.00428	0.00396	0.00132	0.00627	0.00314	0.00197	0.00659
46	0.01422	0.02706	0.01347	0.03195	0.03944	0.02314	0.08434	0.22163	0.20027	0.15790	0.02979	0.03174	0.01209	0.01845	0.00542	0.00157	0.02691	0.04936	0.00429	0.00696
47	0.03556	0.04573	0.18796	0.04007	0.22715	0.06360	0.09397	0.04546	0.02586	0.07966	0.02428	0.02561	0.00824	0.00506	0.00542	0.00147	0.07134	0.00425	0.00272	0.00661

[dist]
# distance from previous block
# <min> <max>
0	2

[block]
# block no. 11 follows, 55 sequences, length 8
# corresponding to MSA columns:
# 986-993
name=unknown_L
#
# <colnr> <probs for GDERKNQSTAVLIFYWHMCP>
#	G	D	E	R	K	N	Q	S	T	A	V	L	I	F	Y	W	H	M	C	P
0	0.04826	0.01001	0.01045	0.00895	0.01167	0.04649	0.00707	0.16219	0.37718	0.11256	0.11560	0.01818	0.03781	0.00652	0.00473	0.00149	0.00396	0.00530	0.00469	0.00688
1	0.01148	0.01131	0.06130	0.06208	0.17274	0.05887	0.11057	0.10755	0.07931	0.04320	0.08527	0.05188	0.04904	0.00622	0.00569	0.00152	0.06704	0.00537	0.00331	0.00627
2	0.00734	0.00451	0.00666	0.00666	0.00705	0.00489	0.00480	0.00715	0.00676	0.00940	0.01050	0.01700	0.01024	0.07199	0.39041	0.41670	0.00798	0.00464	0.00229	0.00306
3	0.01726	0.05819	0.01428	0.04029	0.01477	0.06186	0.00882	0.62604	0.01967	0.07623	0.01103	0.01114	0.00786	0.00543	0.00454	0.00137	0.00527	0.00405	0.00435	0.00756
4	0.01130	0.07243	0.13113	0.05328	0.23356	0.01001	0.03037	0.07140	0.01099	0.04572	0.00914	0.01084	0.00720	0.00420	0.00411	0.00117	0.00497	0.00359	0.03150	0.25308
5	0.03321	0.32580	0.33179	0.01176	0.04285	0.05606	0.03187	0.01453	0.01021	0.01375	0.00921	0.05496	0.00807	0.00542	0.00461	0.00146	0.03151	0.00392	0.00244	0.00656
6	0.01804	0.02254	0.01366	0.01245	0.01489	0.80881	0.00928	0.01903	0.01362	0.01212	0.00796	0.00945	0.00672	0.00529	0.00452	0.00134	0.00860	0.00325	0.00266	0.00578
