[name]
unknown

[dist]
# distance from previous block
# <min> <max>
0	134

[block]
# block no. 0 follows, 53 sequences, length 13
# corresponding to MSA columns:
# 268-280
name=unknown_A
#
# <colnr> <probs for GDERKNQSTAVLIFYWHMCP>
#	G	D	E	R	K	N	Q	S	T	A	V	L	I	F	Y	W	H	M	C	P
0	0.05787	0.00856	0.01184	0.19972	0.12525	0.00843	0.00884	0.01247	0.01003	0.02865	0.04052	0.01443	0.00966	0.00502	0.00467	0.00124	0.03489	0.04383	0.03269	0.34141
1	0.00833	0.00688	0.01037	0.05175	0.09999	0.00663	0.08584	0.01064	0.03112	0.05206	0.15387	0.06832	0.28163	0.02506	0.08389	0.00222	0.00471	0.00771	0.00389	0.00510
2	0.14892	0.00754	0.00902	0.00750	0.01025	0.00721	0.00608	0.05973	0.01300	0.37539	0.20469	0.02245	0.06554	0.00723	0.00483	0.00152	0.00356	0.03406	0.00509	0.00643
3	0.00879	0.03124	0.00994	0.08635	0.01188	0.00808	0.03379	0.06789	0.10208	0.01352	0.01352	0.03999	0.01253	0.15885	0.37470	0.00485	0.00854	0.00548	0.00304	0.00493
4	0.00609	0.00485	0.00639	0.00657	0.00759	0.00436	0.03887	0.00733	0.01025	0.01322	0.10412	0.45006	0.29668	0.01302	0.00588	0.00177	0.00284	0.01157	0.00442	0.00411
5	0.08097	0.01089	0.01204	0.01046	0.03106	0.01225	0.03808	0.20346	0.47728	0.02202	0.01678	0.01603	0.03499	0.00616	0.00474	0.00156	0.00430	0.00504	0.00453	0.00736
6	0.00903	0.00850	0.01434	0.82054	0.03292	0.01062	0.01327	0.01221	0.00956	0.01221	0.00850	0.01274	0.00637	0.00478	0.00478	0.00159	0.00637	0.00425	0.00212	0.00531
7	0.01024	0.01008	0.07566	0.19583	0.18583	0.00972	0.01043	0.08170	0.11740	0.01685	0.10711	0.05934	0.05660	0.00650	0.00493	0.00153	0.00480	0.00567	0.03356	0.00622
8	0.01004	0.01620	0.37321	0.01114	0.01544	0.07268	0.05335	0.01429	0.05694	0.04693	0.08967	0.05985	0.05721	0.00817	0.05018	0.00188	0.00610	0.02341	0.02718	0.00611
9	0.01200	0.00974	0.01189	0.10800	0.04241	0.01078	0.03679	0.24216	0.19959	0.01973	0.03388	0.01953	0.10642	0.06858	0.00667	0.00177	0.02661	0.00559	0.03143	0.00642
10	0.00693	0.00462	0.00518	0.00523	0.00551	0.00453	0.00313	0.00734	0.00788	0.01078	0.04818	0.07330	0.08340	0.62483	0.01946	0.00385	0.00407	0.00742	0.07113	0.00323
11	0.01736	0.01211	0.01308	0.01014	0.01367	0.01324	0.00834	0.65736	0.02061	0.07447	0.01236	0.01244	0.00879	0.00573	0.00463	0.00140	0.00486	0.00435	0.09733	0.00773
12	0.01920	0.00793	0.01045	0.00827	0.01154	0.00712	0.00672	0.07095	0.01366	0.64250	0.01876	0.08058	0.01319	0.00660	0.00482	0.00149	0.00393	0.00545	0.05928	0.00757

[dist]
# distance from previous block
# <min> <max>
0	1

[block]
# block no. 1 follows, 53 sequences, length 23
# corresponding to MSA columns:
# 282-287,290-298,305-308,310-313
name=unknown_B
#
# <colnr> <probs for GDERKNQSTAVLIFYWHMCP>
#	G	D	E	R	K	N	Q	S	T	A	V	L	I	F	Y	W	H	M	C	P
0	0.01595	0.00894	0.00992	0.00836	0.01094	0.00884	0.00653	0.21188	0.03141	0.21263	0.01683	0.01783	0.01252	0.00674	0.00480	0.00159	0.00406	0.00502	0.39804	0.00718
1	0.01221	0.07975	0.01648	0.01315	0.01364	0.01573	0.01085	0.01286	0.00858	0.01302	0.00794	0.01240	0.00778	0.00897	0.01504	0.00228	0.73601	0.00456	0.00264	0.00613
2	0.01035	0.00893	0.01382	0.67052	0.02925	0.01041	0.01228	0.01278	0.01057	0.01417	0.01211	0.08280	0.01043	0.00673	0.00545	0.00187	0.00624	0.00554	0.06982	0.00594
3	0.00800	0.00597	0.00789	0.00964	0.07400	0.00550	0.00601	0.00856	0.01032	0.01400	0.02605	0.74338	0.03051	0.01488	0.00663	0.00217	0.00359	0.01309	0.00476	0.00504
4	0.01264	0.01261	0.01494	0.01310	0.01362	0.11238	0.01054	0.01333	0.00918	0.01303	0.00855	0.01305	0.00821	0.01104	0.07664	0.00269	0.64107	0.00463	0.00273	0.00601
5	0.01704	0.01324	0.01329	0.01049	0.01397	0.08303	0.00854	0.60928	0.04172	0.05197	0.01464	0.01441	0.07382	0.00622	0.00482	0.00144	0.00524	0.00472	0.00459	0.00755
6	0.01181	0.09787	0.03482	0.01403	0.22188	0.08626	0.00915	0.06374	0.03960	0.01566	0.01077	0.03624	0.03414	0.00482	0.00418	0.00115	0.00490	0.00397	0.00287	0.30215
7	0.07722	0.02096	0.05732	0.04459	0.04017	0.03152	0.08918	0.16340	0.02358	0.02570	0.01098	0.05393	0.00988	0.09779	0.08004	0.00249	0.14663	0.00502	0.01382	0.00578
8	0.00597	0.00426	0.00567	0.00675	0.00707	0.00400	0.00459	0.00686	0.00920	0.01225	0.02596	0.75846	0.03095	0.03830	0.00665	0.00203	0.00293	0.05983	0.00439	0.00389
9	0.01699	0.01424	0.01358	0.01097	0.01438	0.13441	0.00883	0.53328	0.16049	0.02552	0.01230	0.01219	0.00900	0.00575	0.00473	0.00144	0.00550	0.00432	0.00445	0.00764
10	0.01351	0.48179	0.14992	0.00997	0.02689	0.06006	0.02887	0.02795	0.01086	0.11364	0.03062	0.01024	0.00800	0.00463	0.00379	0.00121	0.00550	0.00333	0.00270	0.00652
11	0.02250	0.07427	0.66002	0.01318	0.03400	0.01128	0.03340	0.01515	0.01013	0.04535	0.00904	0.01084	0.00665	0.02811	0.00503	0.00157	0.00670	0.00366	0.00222	0.00690
12	0.01061	0.15337	0.56406	0.01310	0.04106	0.01206	0.05443	0.01512	0.01035	0.04427	0.03320	0.01092	0.00760	0.00465	0.00441	0.00143	0.00650	0.00371	0.00230	0.00686
13	0.01785	0.02278	0.01354	0.01231	0.01478	0.81284	0.00924	0.01909	0.01354	0.01170	0.00739	0.00862	0.00616	0.00493	0.00431	0.00123	0.00862	0.00308	0.00246	0.00554
14	0.00993	0.00876	0.02592	0.19386	0.21869	0.02354	0.05594	0.04140	0.01076	0.05405	0.01677	0.23964	0.06464	0.00797	0.00523	0.00163	0.00494	0.00728	0.00329	0.00576
15	0.01063	0.01272	0.16217	0.22927	0.24677	0.03084	0.08731	0.01399	0.01074	0.04753	0.04941	0.01511	0.03947	0.00523	0.00490	0.00152	0.00604	0.01730	0.00265	0.00641
16	0.00753	0.00535	0.00613	0.00601	0.00752	0.00486	0.00447	0.00973	0.06534	0.07621	0.15821	0.19389	0.41423	0.01143	0.00562	0.00165	0.00269	0.00981	0.00471	0.00464
17	0.00688	0.00492	0.00666	0.00666	0.00716	0.00542	0.00470	0.00788	0.00738	0.01034	0.01374	0.02395	0.01420	0.36552	0.48648	0.00642	0.00942	0.00588	0.00270	0.00370
18	0.82196	0.03164	0.00769	0.00645	0.00946	0.01104	0.00535	0.03300	0.00853	0.02138	0.00677	0.00785	0.00527	0.00446	0.00301	0.00147	0.00377	0.00263	0.00298	0.00527
19	0.01143	0.01085	0.01838	0.02751	0.74006	0.01082	0.01387	0.01423	0.01109	0.01589	0.07080	0.01370	0.01050	0.00469	0.00480	0.00143	0.00541	0.00460	0.00259	0.00733
20	0.00963	0.00515	0.00523	0.00497	0.00629	0.00527	0.00379	0.07173	0.01100	0.01878	0.01527	0.01732	0.01193	0.00558	0.00345	0.00114	0.00246	0.00444	0.79182	0.00474
21	0.01807	0.02188	0.01339	0.01208	0.01462	0.76338	0.00910	0.01934	0.01355	0.06042	0.00809	0.00909	0.00650	0.00499	0.00434	0.00125	0.00834	0.00318	0.00267	0.00570
22	0.01590	0.01949	0.01368	0.01220	0.01415	0.60345	0.00940	0.01712	0.01200	0.01178	0.00717	0.00908	0.00621	0.00567	0.00690	0.00141	0.19546	0.00332	0.00239	0.03322

[dist]
# distance from previous block
# <min> <max>
0	2

[block]
# block no. 2 follows, 53 sequences, length 34
# corresponding to MSA columns:
# 316-348,361
name=unknown_C
#
# <colnr> <probs for GDERKNQSTAVLIFYWHMCP>
#	G	D	E	R	K	N	Q	S	T	A	V	L	I	F	Y	W	H	M	C	P
0	0.76945	0.00902	0.00723	0.00661	0.00942	0.01041	0.00545	0.01424	0.04161	0.02088	0.00851	0.01143	0.00714	0.00514	0.00329	0.00154	0.00375	0.05652	0.00314	0.00522
1	0.01098	0.01132	0.01456	0.01253	0.01270	0.07060	0.01037	0.01203	0.00776	0.01152	0.00635	0.01033	0.00627	0.00812	0.01489	0.00203	0.76616	0.00411	0.00212	0.00525
2	0.86579	0.00924	0.00702	0.00629	0.00924	0.01072	0.00518	0.01405	0.00813	0.02144	0.00666	0.00776	0.00518	0.00444	0.00296	0.00148	0.00370	0.00259	0.00296	0.00518
3	0.01020	0.01008	0.01415	0.01221	0.01227	0.01403	0.01014	0.01129	0.00735	0.01147	0.00673	0.01104	0.00667	0.01029	0.07159	0.00248	0.76645	0.00425	0.00212	0.00516
4	0.01785	0.02278	0.01354	0.01231	0.01478	0.81284	0.00924	0.01909	0.01354	0.01170	0.00739	0.00862	0.00616	0.00493	0.00431	0.00123	0.00862	0.00308	0.00246	0.00554
5	0.00683	0.00512	0.00768	0.00768	0.00853	0.00597	0.00597	0.00853	0.00768	0.01110	0.01280	0.01878	0.01195	0.03585	0.81308	0.00768	0.01280	0.00512	0.00256	0.00427
6	0.01072	0.00989	0.02895	0.10651	0.29248	0.01035	0.01039	0.03089	0.27095	0.01728	0.11372	0.01828	0.04659	0.00610	0.00493	0.00153	0.00458	0.00541	0.00365	0.00679
7	0.08809	0.00533	0.00646	0.00614	0.00746	0.00512	0.00466	0.00955	0.01262	0.03226	0.61886	0.07327	0.07246	0.00966	0.00542	0.00155	0.00251	0.02905	0.00495	0.00458
8	0.00901	0.01629	0.42798	0.01324	0.12053	0.00913	0.01272	0.01314	0.04319	0.01460	0.04602	0.09830	0.05378	0.08451	0.00673	0.00186	0.00561	0.01444	0.00280	0.00615
9	0.00656	0.00486	0.00612	0.00584	0.00702	0.00442	0.00437	0.00862	0.01300	0.01799	0.66027	0.05500	0.16767	0.01027	0.00565	0.00153	0.00229	0.00899	0.00511	0.00442
10	0.01266	0.01044	0.01129	0.01023	0.03186	0.01190	0.00782	0.09668	0.66741	0.04222	0.03139	0.01734	0.01424	0.00640	0.00486	0.00159	0.00395	0.00531	0.00483	0.00758
11	0.00622	0.00466	0.00578	0.00593	0.00692	0.00421	0.00428	0.00781	0.01160	0.01562	0.39237	0.27678	0.21655	0.01188	0.00578	0.00166	0.00245	0.01047	0.00482	0.00421
12	0.08207	0.00908	0.01449	0.29518	0.17890	0.01015	0.08379	0.01331	0.03104	0.03753	0.01001	0.01367	0.00811	0.03735	0.05683	0.00204	0.04883	0.00445	0.05738	0.00579
13	0.75035	0.00904	0.00745	0.00690	0.02638	0.01033	0.00544	0.03623	0.00907	0.02138	0.07347	0.01031	0.00867	0.00492	0.00327	0.00148	0.00366	0.00318	0.00319	0.00526
14	0.01095	0.01225	0.14939	0.01543	0.26063	0.00913	0.01076	0.01418	0.03325	0.04470	0.00931	0.01102	0.00743	0.00423	0.00447	0.00116	0.02487	0.00358	0.00270	0.37056
15	0.07841	0.00523	0.00573	0.00549	0.00700	0.00481	0.00416	0.00844	0.01185	0.01646	0.38471	0.03813	0.39191	0.01041	0.00542	0.00155	0.00245	0.00880	0.00469	0.00435
16	0.01284	0.47371	0.16980	0.01041	0.03429	0.06438	0.01029	0.09751	0.02242	0.01427	0.00794	0.00915	0.00662	0.00525	0.02198	0.00136	0.02573	0.00314	0.00242	0.00648
17	0.03819	0.00953	0.08202	0.05399	0.05837	0.00726	0.00756	0.01372	0.01048	0.12022	0.02308	0.02478	0.02414	0.00470	0.00401	0.00108	0.00404	0.00384	0.08402	0.42497
18	0.01109	0.12033	0.05343	0.06063	0.11334	0.09363	0.08671	0.01467	0.09430	0.04283	0.15825	0.03278	0.07321	0.00645	0.00498	0.00145	0.01695	0.00554	0.00341	0.00600
19	0.01156	0.00982	0.01041	0.00913	0.01193	0.01088	0.00714	0.07396	0.60168	0.01964	0.02073	0.01940	0.08774	0.00672	0.00482	0.00153	0.00373	0.00556	0.00465	0.07899
20	0.78466	0.00881	0.00685	0.00618	0.00886	0.01015	0.00496	0.01338	0.00802	0.02029	0.00745	0.00999	0.00633	0.08261	0.00498	0.00178	0.00379	0.00300	0.00295	0.00496
21	0.00775	0.00603	0.00915	0.00930	0.01075	0.00595	0.07248	0.00997	0.01078	0.01403	0.02530	0.04726	0.09771	0.01392	0.06298	0.00248	0.00511	0.58041	0.00411	0.00453
22	0.00805	0.00666	0.00708	0.00680	0.00812	0.08092	0.00518	0.01002	0.01285	0.03410	0.52974	0.06895	0.11948	0.00999	0.00560	0.00157	0.00312	0.07236	0.00482	0.00460
23	0.00706	0.00548	0.02136	0.00768	0.00884	0.00506	0.00644	0.00898	0.01093	0.01435	0.12276	0.16055	0.13236	0.01328	0.02568	0.00212	0.00389	0.43439	0.00443	0.00434
24	0.01771	0.09251	0.01434	0.01163	0.01434	0.67577	0.00896	0.01902	0.01322	0.07835	0.00829	0.00918	0.00663	0.00494	0.00424	0.00123	0.00793	0.00318	0.00272	0.00581
25	0.00681	0.00515	0.00610	0.00644	0.00754	0.00487	0.00466	0.00917	0.08438	0.02932	0.10992	0.38847	0.26626	0.01253	0.00579	0.00177	0.00279	0.03900	0.00459	0.00444
26	0.01174	0.01073	0.09043	0.00909	0.01178	0.05023	0.00778	0.10456	0.26526	0.06999	0.10324	0.07453	0.01648	0.00823	0.03921	0.00178	0.01797	0.00573	0.09484	0.00641
27	0.01257	0.48941	0.09115	0.00939	0.04576	0.01420	0.00863	0.01483	0.03032	0.11065	0.03877	0.08005	0.02501	0.00568	0.00392	0.00126	0.00481	0.00434	0.00296	0.00628
28	0.00581	0.00422	0.00548	0.00648	0.00689	0.00390	0.00436	0.00667	0.00932	0.01227	0.02843	0.75495	0.10422	0.01470	0.00606	0.00191	0.00274	0.01326	0.00444	0.00390
29	0.09241	0.08017	0.01859	0.04451	0.58927	0.01178	0.04554	0.01446	0.01049	0.01575	0.00875	0.01131	0.00729	0.00430	0.00443	0.00140	0.00548	0.00402	0.02303	0.00704
30	0.05436	0.05947	0.20381	0.11299	0.17964	0.02134	0.09718	0.02365	0.02576	0.05223	0.06636	0.03965	0.02212	0.00540	0.00486	0.00150	0.01563	0.00478	0.00281	0.00644
31	0.00765	0.00549	0.00749	0.00772	0.03127	0.00582	0.00563	0.00912	0.00923	0.05280	0.06137	0.17649	0.14150	0.03995	0.32643	0.00414	0.05521	0.00760	0.04061	0.00450
32	0.00677	0.00515	0.00642	0.00696	0.00823	0.00480	0.00574	0.00856	0.01115	0.01419	0.11036	0.07455	0.32103	0.01251	0.00613	0.00190	0.00339	0.38340	0.00450	0.00426
33	0.01100	0.10806	0.22640	0.01785	0.23747	0.05124	0.16315	0.01438	0.01069	0.01444	0.01193	0.01380	0.07345	0.00504	0.00493	0.00146	0.02110	0.00457	0.00242	0.00662

[dist]
# distance from previous block
# <min> <max>
0	1

[block]
# block no. 3 follows, 53 sequences, length 20
# corresponding to MSA columns:
# 363-382
name=unknown_D
#
# <colnr> <probs for GDERKNQSTAVLIFYWHMCP>
#	G	D	E	R	K	N	Q	S	T	A	V	L	I	F	Y	W	H	M	C	P
0	0.05006	0.00905	0.03191	0.10761	0.01359	0.06559	0.00745	0.04914	0.02950	0.32436	0.16647	0.01894	0.02958	0.00643	0.00475	0.00146	0.00428	0.00528	0.06816	0.00640
1	0.00596	0.00478	0.00526	0.00528	0.00660	0.00415	0.00387	0.00731	0.01113	0.01403	0.20604	0.11805	0.53228	0.04595	0.00647	0.00175	0.00251	0.00998	0.00455	0.00407
2	0.00731	0.00531	0.00708	0.00778	0.00883	0.00521	0.00642	0.00952	0.03028	0.01477	0.15509	0.12554	0.07631	0.04281	0.00695	0.00210	0.00376	0.47604	0.00451	0.00437
3	0.01259	0.27733	0.16754	0.01472	0.18431	0.15082	0.03351	0.03615	0.01118	0.01380	0.02039	0.01128	0.03738	0.00478	0.00417	0.00129	0.00615	0.00370	0.00240	0.00648
4	0.01025	0.02742	0.08398	0.11958	0.09501	0.00873	0.06991	0.03224	0.04696	0.04129	0.05520	0.08612	0.01178	0.00556	0.00455	0.00129	0.00476	0.00495	0.00309	0.28733
5	0.00648	0.00459	0.00610	0.00702	0.00751	0.00442	0.00511	0.00761	0.00950	0.01260	0.04808	0.50386	0.02920	0.11447	0.00845	0.00233	0.00341	0.21108	0.00426	0.00392
6	0.01278	0.83490	0.02505	0.00818	0.01227	0.01891	0.00818	0.01431	0.00971	0.01125	0.00664	0.00767	0.00613	0.00409	0.00307	0.00102	0.00511	0.00256	0.00204	0.00613
7	0.01046	0.01046	0.01464	0.01255	0.01255	0.01464	0.01046	0.01150	0.00732	0.01150	0.00627	0.01046	0.00627	0.00837	0.01569	0.00209	0.82328	0.00418	0.00209	0.00523
8	0.01110	0.01057	0.01796	0.17139	0.63315	0.01094	0.01403	0.01392	0.01058	0.01487	0.00956	0.04292	0.00826	0.00476	0.00479	0.00147	0.00569	0.00461	0.00240	0.00702
9	0.01647	0.12087	0.01507	0.01170	0.01439	0.63770	0.04130	0.01791	0.01279	0.01213	0.00784	0.00919	0.00653	0.00482	0.00416	0.00122	0.00782	0.00320	0.04931	0.00559
10	0.00585	0.00431	0.00548	0.00634	0.00687	0.00394	0.00432	0.00682	0.00966	0.01269	0.07213	0.66407	0.15152	0.01424	0.00601	0.00187	0.00269	0.01277	0.00448	0.00394
11	0.01340	0.73539	0.02364	0.00868	0.01257	0.11619	0.00831	0.01490	0.01018	0.01130	0.00674	0.00778	0.00614	0.00419	0.00322	0.00105	0.00554	0.00262	0.00210	0.00606
12	0.01083	0.01091	0.03557	0.05737	0.49009	0.01053	0.16820	0.01377	0.01074	0.01504	0.01140	0.08595	0.01048	0.00561	0.00512	0.00155	0.00590	0.04152	0.00264	0.00677
13	0.01272	0.80065	0.02518	0.00868	0.01280	0.01863	0.04054	0.01435	0.00978	0.01141	0.00677	0.00788	0.00618	0.00409	0.00317	0.00105	0.00523	0.00268	0.00206	0.00615
14	0.00709	0.00533	0.00674	0.00608	0.00762	0.00471	0.00460	0.00927	0.01294	0.01838	0.66159	0.03311	0.08181	0.00914	0.00538	0.00141	0.00242	0.00801	0.00492	0.10946
15	0.01096	0.17274	0.21548	0.00920	0.01405	0.04352	0.00937	0.01380	0.01015	0.03144	0.00834	0.00961	0.00670	0.00401	0.00376	0.00101	0.00496	0.00301	0.00252	0.42537
16	0.00712	0.00527	0.00741	0.00728	0.00784	0.00607	0.00539	0.00823	0.00743	0.01056	0.01285	0.02135	0.01289	0.23713	0.53940	0.03451	0.05726	0.00550	0.00260	0.00390
17	0.00873	0.00506	0.00593	0.00562	0.00607	0.00493	0.00340	0.00895	0.00778	0.10683	0.01553	0.02944	0.01670	0.73080	0.02194	0.00425	0.00456	0.00669	0.00327	0.00354
18	0.01454	0.00998	0.01588	0.10995	0.33839	0.01003	0.05340	0.05756	0.01208	0.25721	0.02435	0.01405	0.00949	0.02163	0.00553	0.00155	0.02892	0.00462	0.00360	0.00725
19	0.01394	0.20661	0.10082	0.01257	0.04086	0.25172	0.10487	0.05356	0.10760	0.02581	0.00947	0.01060	0.00753	0.00490	0.00465	0.00135	0.03020	0.00376	0.00275	0.00641

[dist]
# distance from previous block
# <min> <max>
0	3

[block]
# block no. 4 follows, 53 sequences, length 19
# corresponding to MSA columns:
# 386-389,416-430
name=unknown_E
#
# <colnr> <probs for GDERKNQSTAVLIFYWHMCP>
#	G	D	E	R	K	N	Q	S	T	A	V	L	I	F	Y	W	H	M	C	P
0	0.00884	0.00671	0.00808	0.00698	0.00914	0.00630	0.00538	0.01304	0.15086	0.04520	0.46746	0.02642	0.03051	0.00774	0.00503	0.00135	0.00286	0.00671	0.00470	0.18670
1	0.01765	0.01313	0.01405	0.01089	0.01462	0.01458	0.00896	0.72288	0.08672	0.02928	0.01214	0.01200	0.00867	0.00580	0.00479	0.00145	0.00514	0.00439	0.00479	0.00808
2	0.01222	0.01043	0.01100	0.00979	0.01256	0.01205	0.00765	0.06607	0.75236	0.02054	0.01903	0.01749	0.01424	0.00644	0.00486	0.00161	0.00386	0.00534	0.00486	0.00760
3	0.08409	0.00964	0.01034	0.00906	0.01183	0.01075	0.00713	0.05359	0.54084	0.11874	0.07668	0.01789	0.01550	0.00646	0.00475	0.00158	0.00376	0.00529	0.00486	0.00723
4	0.00959	0.02472	0.80726	0.01362	0.02069	0.01110	0.01766	0.01514	0.01009	0.01514	0.00858	0.01009	0.00605	0.00454	0.00454	0.00151	0.00706	0.00353	0.00202	0.00706
5	0.01752	0.02222	0.01359	0.01232	0.01468	0.77675	0.00929	0.01874	0.01326	0.01169	0.00734	0.00870	0.00616	0.00508	0.00482	0.00127	0.04545	0.00313	0.00245	0.00553
6	0.00619	0.00462	0.00576	0.00598	0.00692	0.00419	0.00429	0.00772	0.01142	0.01536	0.36448	0.31619	0.20515	0.01211	0.00580	0.00168	0.00247	0.01069	0.00479	0.00419
7	0.01828	0.00782	0.01023	0.00810	0.01128	0.00710	0.00660	0.05456	0.04689	0.59100	0.11613	0.01865	0.01598	0.00639	0.00482	0.00146	0.00377	0.00527	0.05822	0.00743
8	0.00666	0.00487	0.00600	0.00596	0.00716	0.00439	0.00447	0.00841	0.01205	0.03182	0.42301	0.14645	0.25800	0.01125	0.00574	0.00163	0.00252	0.05035	0.00488	0.00436
9	0.00681	0.00477	0.00615	0.00624	0.00658	0.00506	0.00416	0.00751	0.00740	0.01018	0.01517	0.09314	0.01657	0.47128	0.31275	0.00553	0.00748	0.00683	0.00290	0.00348
10	0.00580	0.00485	0.00505	0.00500	0.00655	0.00410	0.00375	0.00715	0.01124	0.01374	0.14818	0.04463	0.69999	0.01179	0.00565	0.00160	0.00240	0.00990	0.00455	0.00410
11	0.00809	0.00425	0.00616	0.00616	0.00620	0.00428	0.00408	0.00640	0.00637	0.00852	0.00927	0.01665	0.00950	0.11259	0.05023	0.72775	0.00454	0.00452	0.00219	0.00226
12	0.01333	0.40137	0.10541	0.03780	0.05703	0.14674	0.03129	0.07665	0.01134	0.01364	0.00760	0.00910	0.00641	0.00472	0.00461	0.00127	0.05979	0.00322	0.00236	0.00630
13	0.08839	0.01469	0.09610	0.06089	0.06121	0.18366	0.14362	0.15693	0.01304	0.01736	0.01050	0.07897	0.00897	0.00570	0.00489	0.00149	0.01946	0.00481	0.02310	0.00623
14	0.00615	0.00446	0.00587	0.00676	0.00733	0.00417	0.00483	0.00733	0.00993	0.01317	0.09750	0.59268	0.08913	0.01405	0.00609	0.00191	0.00292	0.11717	0.00451	0.00402
15	0.01066	0.01127	0.09414	0.14058	0.25299	0.04082	0.08370	0.04978	0.01176	0.03892	0.14919	0.04976	0.03343	0.00607	0.00503	0.00151	0.00540	0.00557	0.00316	0.00627
16	0.01197	0.01216	0.11068	0.07892	0.35898	0.02237	0.05748	0.05299	0.04775	0.07742	0.01140	0.06540	0.00948	0.00529	0.00479	0.00146	0.00553	0.00485	0.00298	0.05809
17	0.04227	0.00990	0.10665	0.01979	0.02671	0.05512	0.07018	0.02937	0.01076	0.02660	0.11755	0.14063	0.13588	0.02650	0.02841	0.00185	0.06772	0.02728	0.05171	0.00512
18	0.00620	0.00454	0.00591	0.00687	0.00750	0.00425	0.00502	0.00737	0.00978	0.01275	0.02912	0.55742	0.13515	0.01421	0.00615	0.00195	0.00307	0.17430	0.00443	0.00401

[dist]
# distance from previous block
# <min> <max>
1	5

[block]
# block no. 5 follows, 53 sequences, length 20
# corresponding to MSA columns:
# 436-455
name=unknown_F
#
# <colnr> <probs for GDERKNQSTAVLIFYWHMCP>
#	G	D	E	R	K	N	Q	S	T	A	V	L	I	F	Y	W	H	M	C	P
0	0.00823	0.00656	0.02389	0.00808	0.00964	0.00611	0.06750	0.08371	0.02525	0.03242	0.06433	0.39606	0.14457	0.01141	0.00566	0.00174	0.00354	0.05116	0.04530	0.00482
1	0.00634	0.00481	0.00650	0.00731	0.00759	0.00497	0.00515	0.00726	0.00906	0.01223	0.02440	0.71752	0.02903	0.01427	0.00703	0.00197	0.08060	0.04571	0.00421	0.00403
2	0.00762	0.00631	0.00923	0.00973	0.07209	0.00737	0.00696	0.00922	0.00817	0.01162	0.01505	0.02007	0.08570	0.05413	0.53526	0.00573	0.12302	0.00545	0.00267	0.00460
3	0.01018	0.01877	0.47653	0.11879	0.25227	0.01112	0.01623	0.01463	0.01026	0.01491	0.00869	0.01093	0.00654	0.00449	0.00463	0.00150	0.00657	0.00384	0.00213	0.00699
4	0.00657	0.00488	0.00612	0.00581	0.00702	0.00443	0.00436	0.00864	0.01307	0.01807	0.66769	0.03751	0.17778	0.01018	0.00564	0.00152	0.00228	0.00890	0.00512	0.00443
5	0.01213	0.01206	0.09020	0.03931	0.50193	0.01086	0.06551	0.01618	0.08515	0.07880	0.01126	0.03574	0.00907	0.00493	0.00483	0.00148	0.00559	0.00470	0.00291	0.00734
6	0.00626	0.00480	0.00574	0.00571	0.00692	0.00428	0.00424	0.00796	0.01200	0.01594	0.41577	0.13101	0.32362	0.01131	0.00571	0.00161	0.00242	0.02558	0.00484	0.00426
7	0.00867	0.00775	0.01073	0.00961	0.01032	0.02336	0.03577	0.01009	0.00820	0.01199	0.01348	0.04132	0.07307	0.04897	0.27535	0.00388	0.33682	0.00540	0.06056	0.00469
8	0.01017	0.02459	0.75115	0.01353	0.02027	0.06777	0.01706	0.01542	0.01034	0.01489	0.00849	0.00999	0.00606	0.00457	0.00452	0.00149	0.00717	0.00350	0.00205	0.00696
9	0.01263	0.01064	0.01123	0.00988	0.01271	0.01224	0.00775	0.11567	0.70209	0.02120	0.01851	0.01708	0.01382	0.00640	0.00485	0.00160	0.00396	0.00527	0.00485	0.00763
10	0.01227	0.51066	0.18724	0.07440	0.01584	0.07228	0.01058	0.01478	0.01013	0.02697	0.00751	0.00885	0.00626	0.00432	0.00364	0.00119	0.00582	0.00298	0.00216	0.02211
11	0.01355	0.08021	0.01816	0.02164	0.45342	0.23377	0.04207	0.01640	0.04907	0.01438	0.00889	0.01094	0.00739	0.00453	0.00452	0.00135	0.00645	0.00390	0.00249	0.00685
12	0.01703	0.02156	0.01296	0.01181	0.01421	0.75806	0.00886	0.01826	0.01337	0.01178	0.01017	0.01115	0.05994	0.00541	0.00440	0.00126	0.00820	0.00355	0.00260	0.00544
13	0.00791	0.00594	0.00669	0.00630	0.00784	0.00591	0.00481	0.04996	0.08557	0.02660	0.16757	0.03309	0.33265	0.05125	0.07079	0.00218	0.01892	0.02102	0.09026	0.00475
14	0.00932	0.00575	0.00722	0.00656	0.00815	0.00539	0.00499	0.01200	0.06555	0.13901	0.47489	0.03259	0.10159	0.07485	0.00698	0.00179	0.00291	0.03032	0.00505	0.00510
15	0.00932	0.00965	0.12661	0.02953	0.07737	0.00773	0.00804	0.04443	0.12440	0.04891	0.22073	0.04319	0.14582	0.03817	0.02105	0.00176	0.00409	0.00672	0.02673	0.00574
16	0.00686	0.00501	0.00712	0.00712	0.00778	0.00567	0.00527	0.00817	0.00752	0.01068	0.01332	0.02162	0.01318	0.21676	0.63386	0.00699	0.01095	0.00554	0.00264	0.00396
17	0.00946	0.00854	0.01327	0.40072	0.16250	0.00949	0.01113	0.01303	0.07238	0.01387	0.01199	0.07338	0.01069	0.00692	0.02899	0.00173	0.00558	0.05676	0.00278	0.08681
18	0.78577	0.00914	0.00741	0.00650	0.00952	0.01037	0.00535	0.01493	0.00866	0.09575	0.00781	0.00857	0.00581	0.00458	0.00313	0.00148	0.00373	0.00280	0.00324	0.00546
19	0.04033	0.03274	0.51804	0.02270	0.02816	0.04987	0.03772	0.07760	0.08545	0.01678	0.00972	0.01088	0.00710	0.00477	0.00450	0.00147	0.00641	0.00376	0.00261	0.03937

[dist]
# distance from previous block
# <min> <max>
0	53

# created by:
# /home/cegg/simao/soft/augustus-3.2.1/scripts/msa2prfl.pl ./align_prep/EOG091G0TKH.fa
