[name]
unknown

[dist]
# distance from previous block
# <min> <max>
1	56

[block]
# block no. 0 follows, 42 sequences, length 35
# corresponding to MSA columns:
# 111-115,119,121-135,138-147,149-152
name=unknown_A
#
# <colnr> <probs for GDERKNQSTAVLIFYWHMCP>
#	G	D	E	R	K	N	Q	S	T	A	V	L	I	F	Y	W	H	M	C	P
0	0.03068	0.37327	0.16012	0.01186	0.01678	0.10926	0.02365	0.05210	0.09003	0.01670	0.01051	0.01171	0.00859	0.00649	0.02720	0.00167	0.00701	0.00389	0.00303	0.03546
1	0.00913	0.00629	0.00720	0.00702	0.00811	0.02201	0.00484	0.01026	0.01131	0.06716	0.12696	0.11175	0.19400	0.30591	0.08021	0.00381	0.00515	0.00958	0.00457	0.00471
2	0.01590	0.55014	0.02583	0.01149	0.01588	0.15474	0.05384	0.01908	0.07882	0.01454	0.00954	0.01066	0.00819	0.00524	0.00424	0.00135	0.00682	0.00363	0.00282	0.00727
3	0.00935	0.00846	0.05277	0.00848	0.01103	0.00653	0.00666	0.02704	0.01129	0.01616	0.02047	0.35978	0.02266	0.09113	0.00814	0.00205	0.00421	0.02436	0.00420	0.30524
4	0.02929	0.04828	0.08424	0.01414	0.06155	0.15920	0.03750	0.23133	0.13184	0.03136	0.01527	0.10300	0.01305	0.00754	0.00561	0.00174	0.00663	0.00610	0.00437	0.00795
5	0.02480	0.01069	0.09307	0.01214	0.07424	0.00887	0.04750	0.08952	0.03892	0.05429	0.19013	0.20108	0.09545	0.01074	0.00633	0.00191	0.00470	0.02410	0.00492	0.00659
6	0.01235	0.01112	0.06401	0.00959	0.01420	0.00842	0.02944	0.01625	0.07586	0.06885	0.05801	0.05135	0.01340	0.00581	0.00484	0.00120	0.00454	0.00490	0.00396	0.54190
7	0.01164	0.01131	0.06369	0.00886	0.01409	0.00788	0.00763	0.01442	0.01168	0.01830	0.01001	0.01168	0.00825	0.00425	0.00425	0.00090	0.00445	0.00339	0.00327	0.78004
8	0.01332	0.01190	0.08492	0.14250	0.04986	0.01107	0.03723	0.08616	0.17047	0.09971	0.06677	0.10265	0.06857	0.00859	0.00599	0.00189	0.00547	0.02077	0.00470	0.00747
9	0.01813	0.07410	0.01599	0.01263	0.01619	0.24356	0.01002	0.21725	0.28932	0.02306	0.01511	0.01493	0.01149	0.00665	0.00536	0.00166	0.00672	0.00496	0.00462	0.00825
10	0.57826	0.01072	0.00952	0.00803	0.01183	0.01150	0.00654	0.01779	0.06266	0.07483	0.01026	0.01111	0.00781	0.00532	0.00391	0.00159	0.00436	0.00351	0.00385	0.15659
11	0.01259	0.05167	0.26674	0.01607	0.02122	0.09628	0.22359	0.04105	0.01309	0.01724	0.01509	0.13198	0.02907	0.00760	0.00601	0.00186	0.00772	0.03072	0.00326	0.00717
12	0.01255	0.07990	0.57474	0.01709	0.07423	0.01410	0.06113	0.06881	0.01301	0.01879	0.01029	0.01213	0.00751	0.00535	0.00534	0.00173	0.00797	0.00434	0.00266	0.00833
13	0.00796	0.00593	0.00876	0.00886	0.00978	0.00681	0.00678	0.00983	0.00913	0.01308	0.01628	0.07693	0.01592	0.06784	0.69885	0.00844	0.01390	0.00680	0.00318	0.00493
14	0.00690	0.00511	0.00644	0.00738	0.00807	0.00466	0.00505	0.00808	0.01152	0.01510	0.08713	0.60681	0.17405	0.01657	0.00705	0.00218	0.00315	0.01482	0.00529	0.00466
15	0.01172	0.01123	0.02011	0.23705	0.27098	0.01177	0.15029	0.01516	0.01223	0.01661	0.01412	0.06725	0.01298	0.00834	0.03233	0.00216	0.00734	0.08808	0.00314	0.00711
16	0.01183	0.01154	0.01956	0.41182	0.11753	0.01347	0.12328	0.01611	0.06346	0.01585	0.01097	0.01538	0.00873	0.02147	0.00796	0.00201	0.11392	0.00539	0.00282	0.00688
17	0.00800	0.00583	0.00757	0.00736	0.00872	0.00540	0.00566	0.01056	0.01538	0.02140	0.63148	0.04531	0.10052	0.01216	0.00677	0.00187	0.00296	0.09179	0.00601	0.00526
18	0.01022	0.00958	0.01685	0.10996	0.07131	0.00960	0.20659	0.01320	0.01273	0.01706	0.12399	0.09131	0.10343	0.03830	0.00784	0.00214	0.03247	0.11327	0.00405	0.00611
19	0.00947	0.00805	0.01246	0.11802	0.01605	0.00836	0.09883	0.06128	0.01239	0.01644	0.04917	0.21491	0.13707	0.01814	0.17282	0.00352	0.00732	0.02588	0.00414	0.00568
20	0.01129	0.02911	0.77306	0.01604	0.02436	0.01307	0.02079	0.01782	0.01188	0.01782	0.01010	0.01188	0.00713	0.00535	0.00535	0.00178	0.00832	0.00416	0.00238	0.00832
21	0.02029	0.01019	0.01445	0.24335	0.02188	0.01031	0.01065	0.07164	0.03648	0.47416	0.01799	0.01759	0.01181	0.00657	0.00565	0.00178	0.00568	0.00544	0.00550	0.00856
22	0.04050	0.01318	0.03674	0.12453	0.30237	0.01340	0.03452	0.19786	0.01626	0.13026	0.01291	0.01473	0.00957	0.00652	0.02039	0.00187	0.00661	0.00511	0.00406	0.00861
23	0.01280	0.01368	0.03468	0.20741	0.20112	0.12126	0.13274	0.01583	0.01251	0.01591	0.01355	0.13356	0.01280	0.00743	0.00633	0.00186	0.03031	0.01617	0.00313	0.00691
24	0.00992	0.00533	0.00542	0.00542	0.00680	0.00524	0.00407	0.01238	0.01185	0.02000	0.02321	0.02526	0.11053	0.00861	0.02762	0.00162	0.00303	0.00612	0.70241	0.00518
25	0.01363	0.07968	0.08594	0.01031	0.03587	0.01010	0.00892	0.05975	0.01294	0.07816	0.01101	0.01223	0.00866	0.00473	0.00448	0.00110	0.00496	0.00372	0.00357	0.55023
26	0.01592	0.35275	0.09364	0.01434	0.11793	0.01619	0.03575	0.01972	0.07418	0.14858	0.03398	0.01395	0.01080	0.00580	0.00510	0.00154	0.02362	0.00450	0.00365	0.00804
27	0.00772	0.00574	0.00718	0.00682	0.00826	0.00521	0.00512	0.01015	0.01535	0.02119	0.63219	0.04430	0.18591	0.01202	0.00664	0.00179	0.00269	0.01049	0.00601	0.00521
28	0.00835	0.00609	0.00771	0.00742	0.00881	0.00581	0.00560	0.01165	0.05955	0.02162	0.59863	0.08876	0.06769	0.01174	0.00657	0.00183	0.00291	0.03991	0.03389	0.00546
29	0.00984	0.00744	0.00940	0.00936	0.05482	0.00732	0.00662	0.08635	0.04300	0.02278	0.52321	0.03689	0.10494	0.01131	0.02333	0.00192	0.00361	0.00917	0.02266	0.00603
30	0.02097	0.00943	0.01290	0.04338	0.06856	0.00860	0.00868	0.04781	0.01553	0.53944	0.04727	0.02167	0.06578	0.00739	0.00565	0.00173	0.00475	0.00612	0.05569	0.00866
31	0.01441	0.21614	0.07749	0.06104	0.15638	0.09380	0.18674	0.03389	0.01293	0.01660	0.00981	0.01233	0.00798	0.00507	0.00531	0.00155	0.01625	0.00457	0.00277	0.06491
32	0.00920	0.00845	0.03047	0.00978	0.07686	0.02405	0.00691	0.03735	0.01338	0.01741	0.10869	0.08454	0.39035	0.01130	0.00617	0.00174	0.00389	0.03306	0.00472	0.12168
33	0.01471	0.44301	0.02319	0.03369	0.06748	0.04907	0.02666	0.06496	0.05511	0.01661	0.01085	0.01210	0.02524	0.00529	0.00434	0.00131	0.00593	0.00388	0.00307	0.13351
34	0.03986	0.07626	0.09753	0.03681	0.13416	0.05279	0.04790	0.01658	0.06662	0.01755	0.01197	0.04018	0.01039	0.05307	0.00634	0.00165	0.00592	0.00481	0.00325	0.27637

[dist]
# distance from previous block
# <min> <max>
7	23

[block]
# block no. 1 follows, 42 sequences, length 18
# corresponding to MSA columns:
# 178-195
name=unknown_B
#
# <colnr> <probs for GDERKNQSTAVLIFYWHMCP>
#	G	D	E	R	K	N	Q	S	T	A	V	L	I	F	Y	W	H	M	C	P
0	0.03232	0.12736	0.01658	0.01312	0.08907	0.07520	0.03749	0.18474	0.05391	0.05032	0.03824	0.08832	0.01373	0.00711	0.00519	0.00157	0.00561	0.00582	0.07757	0.07672
1	0.27182	0.01353	0.07394	0.01038	0.03710	0.10669	0.00846	0.03927	0.06335	0.03117	0.06710	0.05151	0.03947	0.03682	0.00571	0.00176	0.00534	0.00524	0.00387	0.12747
2	0.01222	0.04052	0.07718	0.01507	0.17662	0.00982	0.07471	0.01579	0.04021	0.04510	0.01537	0.04199	0.01266	0.03515	0.00612	0.00172	0.02472	0.00563	0.34260	0.00681
3	0.01346	0.01252	0.07755	0.09392	0.01801	0.06505	0.09690	0.07620	0.01412	0.10357	0.07237	0.08257	0.09882	0.00850	0.00656	0.00181	0.04485	0.02848	0.03061	0.05416
4	0.01375	0.01325	0.13683	0.01295	0.09873	0.00993	0.01049	0.08170	0.05489	0.11552	0.09884	0.02036	0.07613	0.00685	0.00539	0.00152	0.00513	0.00571	0.00438	0.22765
5	0.01958	0.01202	0.07052	0.01322	0.06771	0.00997	0.07495	0.08274	0.01578	0.41408	0.07287	0.01848	0.01466	0.00659	0.00565	0.00167	0.00549	0.00567	0.00549	0.08287
6	0.01120	0.06927	0.01295	0.03814	0.04066	0.00900	0.00755	0.01344	0.01139	0.01694	0.04065	0.06836	0.01270	0.04319	0.04101	0.00170	0.03589	0.00496	0.00341	0.51760
7	0.01213	0.13931	0.14911	0.17939	0.07826	0.01283	0.01252	0.05407	0.02722	0.01730	0.03366	0.08294	0.01188	0.00656	0.00539	0.00159	0.01944	0.00541	0.00320	0.14780
8	0.34093	0.04201	0.05146	0.01122	0.06475	0.04243	0.02694	0.09190	0.01292	0.07594	0.04005	0.04090	0.01103	0.00749	0.02355	0.02661	0.00544	0.00470	0.04107	0.03865
9	0.00861	0.07622	0.00882	0.00735	0.00828	0.00680	0.00514	0.00963	0.01056	0.02890	0.10547	0.27020	0.06091	0.29247	0.07254	0.00373	0.00511	0.01032	0.00431	0.00462
10	0.04178	0.06530	0.01399	0.02682	0.06127	0.03630	0.00891	0.17660	0.04222	0.23158	0.02172	0.13538	0.07284	0.00896	0.00579	0.00181	0.00514	0.03044	0.00529	0.00783
11	0.01178	0.01036	0.01314	0.00939	0.01444	0.00796	0.05736	0.01443	0.01178	0.01832	0.01010	0.01191	0.00835	0.00421	0.00434	0.00091	0.00453	0.00356	0.00330	0.77983
12	0.01730	0.04435	0.04000	0.01241	0.01623	0.10676	0.01016	0.27231	0.36899	0.02587	0.01705	0.01643	0.01272	0.00694	0.00553	0.00175	0.00591	0.00540	0.00513	0.00877
13	0.00953	0.00850	0.02746	0.04446	0.16137	0.00774	0.03584	0.01173	0.01190	0.01635	0.06192	0.27955	0.09874	0.03596	0.02274	0.00214	0.00489	0.05043	0.00421	0.10456
14	0.01344	0.04760	0.48493	0.07084	0.08946	0.08122	0.03646	0.05442	0.01316	0.04194	0.01053	0.01244	0.00770	0.00547	0.00537	0.00173	0.00802	0.00437	0.00279	0.00812
15	0.01015	0.00552	0.00781	0.00770	0.00798	0.00569	0.00524	0.00933	0.07363	0.01099	0.01094	0.01745	0.01043	0.01850	0.02056	0.76247	0.00485	0.00502	0.00273	0.00302
16	0.01303	0.01608	0.09948	0.05818	0.09019	0.01398	0.58721	0.01778	0.01302	0.01787	0.01114	0.01477	0.00839	0.00486	0.00639	0.00187	0.00906	0.00621	0.00278	0.00771
17	0.01349	0.16919	0.05215	0.15858	0.11348	0.06215	0.19192	0.04052	0.04197	0.01664	0.01178	0.06233	0.01014	0.00614	0.00583	0.00173	0.02602	0.00564	0.00302	0.00729

[dist]
# distance from previous block
# <min> <max>
0	1

[block]
# block no. 2 follows, 42 sequences, length 19
# corresponding to MSA columns:
# 197-206,208-216
name=unknown_C
#
# <colnr> <probs for GDERKNQSTAVLIFYWHMCP>
#	G	D	E	R	K	N	Q	S	T	A	V	L	I	F	Y	W	H	M	C	P
0	0.01273	0.01418	0.03036	0.06199	0.02826	0.01345	0.65098	0.01726	0.01338	0.01819	0.07009	0.01727	0.01196	0.00532	0.00659	0.00189	0.00885	0.00683	0.00309	0.00734
1	0.01035	0.00816	0.00918	0.00940	0.05062	0.06289	0.00656	0.04012	0.01482	0.06236	0.36103	0.16236	0.15682	0.01175	0.00646	0.00184	0.00381	0.01020	0.00547	0.00579
2	0.03342	0.09670	0.07689	0.04772	0.07376	0.01270	0.06069	0.14779	0.01631	0.34087	0.02747	0.01589	0.01140	0.00626	0.00545	0.00169	0.00597	0.00518	0.00504	0.00878
3	0.01508	0.23893	0.08056	0.02519	0.09676	0.10658	0.05652	0.07249	0.02882	0.05755	0.01263	0.09653	0.01146	0.00710	0.00623	0.00168	0.06957	0.00555	0.00340	0.00739
4	0.00818	0.00546	0.00614	0.00614	0.00614	0.00546	0.00341	0.00818	0.00818	0.01091	0.01773	0.03683	0.02046	0.80222	0.02864	0.00546	0.00546	0.00818	0.00341	0.00341
5	0.01817	0.01484	0.08451	0.01275	0.01706	0.01432	0.03857	0.45705	0.05383	0.08644	0.04129	0.04904	0.01427	0.00787	0.00591	0.00181	0.00602	0.06228	0.00530	0.00868
6	0.01568	0.15371	0.18585	0.05846	0.03430	0.04409	0.06078	0.13793	0.04253	0.09765	0.02871	0.01384	0.00984	0.00632	0.00658	0.00173	0.08558	0.00477	0.00368	0.00798
7	0.01052	0.00771	0.00908	0.00867	0.01052	0.00781	0.00656	0.08729	0.13330	0.04883	0.22333	0.24327	0.12199	0.01243	0.00656	0.00198	0.00369	0.04459	0.00566	0.00620
8	0.01103	0.01055	0.01823	0.68843	0.09513	0.01266	0.05530	0.01480	0.01148	0.01489	0.01012	0.01493	0.00767	0.00553	0.00568	0.00186	0.00755	0.00509	0.00254	0.00653
9	0.01389	0.07269	0.05332	0.03613	0.04522	0.04538	0.40562	0.11172	0.01459	0.01928	0.01371	0.09537	0.01206	0.00673	0.00621	0.00185	0.00791	0.02742	0.00346	0.00744
10	0.01451	0.01284	0.01856	0.08323	0.29000	0.03704	0.07060	0.17196	0.06973	0.02128	0.01322	0.03168	0.01079	0.01012	0.09288	0.00255	0.00757	0.00555	0.02785	0.00803
11	0.00731	0.00554	0.00645	0.00668	0.00781	0.00502	0.00473	0.00871	0.01230	0.01591	0.18898	0.19879	0.32133	0.14310	0.01039	0.00256	0.00342	0.04123	0.00513	0.00463
12	0.01735	0.04709	0.01418	0.01144	0.01462	0.16164	0.02041	0.20338	0.08152	0.13570	0.04730	0.09533	0.07112	0.00864	0.00610	0.00177	0.02522	0.02459	0.00499	0.00760
13	0.04882	0.01172	0.01897	0.15174	0.28870	0.03405	0.11967	0.01564	0.01244	0.03941	0.04315	0.04869	0.05158	0.02921	0.00695	0.00194	0.03291	0.03385	0.00335	0.00720
14	0.01099	0.00945	0.01112	0.02609	0.01201	0.07949	0.00826	0.01258	0.01079	0.05320	0.01956	0.16133	0.07075	0.03885	0.20469	0.00395	0.19526	0.03801	0.02804	0.00556
15	0.01133	0.01063	0.01790	0.51385	0.24959	0.01220	0.01538	0.01477	0.01168	0.01555	0.01164	0.06922	0.00998	0.00628	0.00572	0.00184	0.00697	0.00577	0.00277	0.00691
16	0.01661	0.06353	0.13020	0.01539	0.09226	0.11880	0.08805	0.08216	0.05752	0.16396	0.07295	0.04545	0.01426	0.00678	0.00564	0.00171	0.00669	0.00576	0.00429	0.00800
17	0.04918	0.01485	0.13107	0.01597	0.10496	0.05453	0.06248	0.07345	0.04266	0.01818	0.03820	0.04949	0.01342	0.04928	0.01010	0.00219	0.19735	0.06218	0.00346	0.00700
18	0.02718	0.00877	0.03377	0.04016	0.03468	0.00824	0.05335	0.05196	0.06557	0.10133	0.02047	0.17056	0.06176	0.01295	0.02489	0.18582	0.00519	0.04680	0.00430	0.04224

[dist]
# distance from previous block
# <min> <max>
4	11

[block]
# block no. 3 follows, 42 sequences, length 17
# corresponding to MSA columns:
# 232-248
name=unknown_D
#
# <colnr> <probs for GDERKNQSTAVLIFYWHMCP>
#	G	D	E	R	K	N	Q	S	T	A	V	L	I	F	Y	W	H	M	C	P
0	0.03008	0.03372	0.01137	0.03243	0.09918	0.00893	0.00794	0.06403	0.01386	0.01898	0.22241	0.07688	0.22205	0.01147	0.02729	0.00203	0.06825	0.01650	0.00469	0.02792
1	0.01182	0.04342	0.07511	0.08667	0.08259	0.01049	0.03029	0.10564	0.06556	0.02770	0.13777	0.13351	0.06264	0.00897	0.00591	0.00177	0.00512	0.02142	0.00443	0.07918
2	0.02649	0.00899	0.06391	0.01049	0.04597	0.00764	0.00819	0.06375	0.01219	0.01710	0.02132	0.28189	0.02302	0.05389	0.07067	0.02284	0.00557	0.13190	0.00430	0.11987
3	0.01151	0.00955	0.01101	0.00851	0.01258	0.00795	0.00669	0.06618	0.04695	0.01949	0.05851	0.08088	0.06751	0.00674	0.00490	0.00119	0.00407	0.00562	0.00406	0.56608
4	0.01520	0.12439	0.01873	0.05066	0.25271	0.13708	0.03085	0.09639	0.01436	0.04005	0.01331	0.09817	0.01201	0.00685	0.00532	0.00163	0.00649	0.00578	0.06252	0.00751
5	0.07159	0.01073	0.09051	0.05464	0.06074	0.00918	0.02075	0.05409	0.07063	0.08696	0.08336	0.15463	0.08891	0.07395	0.00775	0.00216	0.00493	0.01621	0.01243	0.02587
6	0.02800	0.17126	0.24326	0.06197	0.02045	0.15474	0.04161	0.14238	0.02525	0.04523	0.01059	0.01195	0.00802	0.00565	0.00507	0.00161	0.00762	0.00421	0.00327	0.00786
7	0.01656	0.48660	0.02364	0.01174	0.05440	0.11348	0.00991	0.06999	0.01344	0.08139	0.01078	0.03841	0.00934	0.00697	0.03025	0.00164	0.00668	0.00412	0.00323	0.00743
8	0.01255	0.01664	0.27640	0.16871	0.07385	0.01117	0.07495	0.01681	0.01248	0.09979	0.03548	0.01780	0.06361	0.00724	0.02695	0.00194	0.00710	0.00546	0.00336	0.06772
9	0.01332	0.07844	0.27230	0.01686	0.15429	0.07333	0.04198	0.01768	0.03684	0.05921	0.09187	0.01691	0.03143	0.00620	0.00540	0.00163	0.00669	0.00519	0.00341	0.06702
10	0.27834	0.03989	0.07912	0.07801	0.08258	0.01368	0.08997	0.05845	0.04042	0.08416	0.01087	0.01280	0.00826	0.00602	0.00640	0.00183	0.09381	0.00452	0.00353	0.00733
11	0.00958	0.00491	0.00715	0.00725	0.00736	0.00488	0.00486	0.00770	0.00786	0.01078	0.01199	0.08080	0.01227	0.01866	0.01977	0.72134	0.00463	0.00581	0.04963	0.00277
12	0.01088	0.00914	0.01321	0.04880	0.21093	0.00998	0.00997	0.03226	0.01171	0.01681	0.03699	0.04268	0.11182	0.06836	0.07754	0.00276	0.12421	0.03963	0.11605	0.00628
13	0.01540	0.16564	0.06894	0.07999	0.14334	0.10837	0.07233	0.12009	0.04051	0.04733	0.01414	0.03772	0.04943	0.00638	0.00534	0.00164	0.00686	0.00530	0.00354	0.00771
14	0.00800	0.00563	0.00715	0.00747	0.00798	0.00574	0.00514	0.00898	0.00966	0.01301	0.04440	0.14590	0.04960	0.39308	0.17899	0.00520	0.00695	0.08898	0.00393	0.00421
15	0.01005	0.00529	0.00534	0.00534	0.00660	0.00522	0.00392	0.01240	0.01162	0.01985	0.02107	0.02448	0.06845	0.06370	0.00589	0.00165	0.00284	0.00593	0.71527	0.00508
16	0.01235	0.00832	0.01105	0.04684	0.05468	0.00897	0.00783	0.04514	0.06929	0.13053	0.01969	0.20270	0.01959	0.18892	0.06278	0.00326	0.08897	0.00853	0.00444	0.00614

[dist]
# distance from previous block
# <min> <max>
1	62

[block]
# block no. 4 follows, 42 sequences, length 29
# corresponding to MSA columns:
# 313-327,329-336,372-377
name=unknown_E
#
# <colnr> <probs for GDERKNQSTAVLIFYWHMCP>
#	G	D	E	R	K	N	Q	S	T	A	V	L	I	F	Y	W	H	M	C	P
0	0.01453	0.01286	0.01366	0.06485	0.05897	0.14552	0.03363	0.11335	0.05579	0.06969	0.05239	0.05519	0.05573	0.15521	0.01101	0.00248	0.06783	0.00662	0.00411	0.00659
1	0.01239	0.05782	0.18331	0.01274	0.04280	0.01063	0.08219	0.01589	0.01194	0.04637	0.01109	0.03653	0.00912	0.00525	0.00529	0.00133	0.03089	0.00441	0.00318	0.41685
2	0.01167	0.01000	0.01167	0.00834	0.01334	0.00750	0.00667	0.01417	0.01167	0.01834	0.01000	0.01167	0.00834	0.00417	0.00417	0.00083	0.00417	0.00333	0.00333	0.83663
3	0.00970	0.00805	0.00972	0.01104	0.07301	0.03445	0.00725	0.01406	0.16776	0.01626	0.02445	0.39718	0.02631	0.09079	0.06105	0.00290	0.00510	0.03036	0.00472	0.00585
4	0.00699	0.00500	0.00665	0.00774	0.00819	0.00466	0.00523	0.00818	0.01141	0.01538	0.12162	0.70506	0.03918	0.01687	0.00712	0.00222	0.00319	0.01528	0.00534	0.00466
5	0.01905	0.06591	0.01713	0.03498	0.04499	0.04246	0.01064	0.50397	0.13119	0.02987	0.01406	0.01422	0.01034	0.00656	0.00545	0.00166	0.00606	0.00503	0.00509	0.03131
6	0.00815	0.00639	0.00697	0.00688	0.00858	0.00602	0.00519	0.01129	0.09019	0.01717	0.14278	0.04630	0.41960	0.08351	0.00846	0.00222	0.00340	0.06815	0.05356	0.00520
7	0.00774	0.00567	0.00704	0.00728	0.00858	0.00515	0.00546	0.00964	0.01352	0.03019	0.30289	0.22895	0.24165	0.01409	0.00688	0.00202	0.00316	0.08945	0.00560	0.00504
8	0.03176	0.00854	0.00999	0.00922	0.01119	0.00880	0.00685	0.17727	0.06746	0.09458	0.07150	0.34968	0.02601	0.08967	0.00857	0.00234	0.00435	0.01042	0.00537	0.00646
9	0.06504	0.01220	0.01585	0.18988	0.06716	0.03379	0.04319	0.22075	0.01626	0.13996	0.01339	0.01544	0.00987	0.02462	0.00670	0.00185	0.05237	0.00513	0.05877	0.00778
10	0.00769	0.00553	0.00717	0.00818	0.00891	0.00529	0.00607	0.00907	0.01130	0.01475	0.03140	0.40251	0.10344	0.11953	0.01013	0.00276	0.00410	0.23258	0.00497	0.00462
11	0.06486	0.08003	0.01616	0.01308	0.04205	0.34706	0.00999	0.15783	0.07357	0.01998	0.01082	0.01181	0.00858	0.00577	0.00492	0.00145	0.00741	0.00404	0.00368	0.11690
12	0.04287	0.01586	0.06235	0.02197	0.02726	0.04105	0.62084	0.01786	0.01291	0.01786	0.01088	0.01448	0.00828	0.00512	0.00711	0.00190	0.05492	0.00620	0.00283	0.00745
13	0.05983	0.01169	0.01385	0.12819	0.04456	0.05897	0.02111	0.08252	0.09212	0.12278	0.02666	0.04295	0.01190	0.02781	0.00634	0.00169	0.03556	0.00524	0.00420	0.20204
14	0.01253	0.03780	0.01347	0.05358	0.01536	0.08217	0.05835	0.05457	0.27577	0.01928	0.04752	0.20189	0.02163	0.01014	0.00619	0.00197	0.00535	0.07062	0.00483	0.00698
15	0.00805	0.00564	0.00700	0.00710	0.00839	0.00507	0.00516	0.00985	0.01355	0.05084	0.32640	0.28100	0.22330	0.01391	0.00677	0.00196	0.00299	0.01223	0.00568	0.00513
16	0.01234	0.12947	0.34830	0.01289	0.01829	0.01296	0.04153	0.04239	0.09082	0.05021	0.04909	0.08625	0.05473	0.00752	0.00571	0.00177	0.01832	0.00616	0.00363	0.00760
17	0.01468	0.06007	0.02031	0.12523	0.06996	0.09099	0.19824	0.11865	0.07970	0.04504	0.02556	0.04419	0.05571	0.00686	0.00588	0.00178	0.00708	0.01875	0.00385	0.00747
18	0.05616	0.00573	0.00716	0.00751	0.00856	0.00546	0.00545	0.00978	0.01321	0.01887	0.36425	0.35262	0.06596	0.01392	0.00673	0.00202	0.00312	0.04289	0.00556	0.00503
19	0.00684	0.00497	0.00645	0.00764	0.00811	0.00459	0.00514	0.00786	0.01096	0.01444	0.03342	0.72984	0.10438	0.01732	0.00713	0.00225	0.00323	0.01562	0.00522	0.00459
20	0.01271	0.02744	0.63468	0.01661	0.04933	0.08529	0.04063	0.01849	0.01245	0.03664	0.01033	0.01207	0.00742	0.00540	0.00537	0.00175	0.00838	0.00425	0.00257	0.00818
21	0.00949	0.00666	0.01031	0.00970	0.01109	0.00722	0.04696	0.01132	0.00985	0.05752	0.01669	0.02492	0.02792	0.06254	0.55428	0.06135	0.01232	0.05125	0.00339	0.00521
22	0.00961	0.00966	0.03841	0.01124	0.01251	0.05875	0.07155	0.01123	0.01105	0.01465	0.02392	0.43874	0.07350	0.01347	0.00926	0.00219	0.16926	0.01139	0.00419	0.00543
23	0.01192	0.00954	0.04248	0.00906	0.01165	0.00912	0.00743	0.14145	0.09813	0.06257	0.21191	0.06581	0.19769	0.01127	0.02822	0.00203	0.02855	0.00855	0.03598	0.00666
24	0.01429	0.13024	0.19655	0.01517	0.04426	0.15106	0.13079	0.05308	0.08655	0.01801	0.05649	0.04481	0.02129	0.00646	0.00548	0.00168	0.00739	0.00548	0.00341	0.00750
25	0.00949	0.00607	0.03200	0.00779	0.00824	0.00573	0.00565	0.00816	0.00802	0.01078	0.01338	0.02065	0.05469	0.07365	0.07413	0.61907	0.03108	0.00558	0.00271	0.00313
26	0.00737	0.00530	0.00657	0.00728	0.00787	0.00499	0.00494	0.00840	0.01092	0.01437	0.07936	0.41802	0.13002	0.20299	0.01222	0.00298	0.00383	0.06332	0.00485	0.00441
27	0.09042	0.08855	0.35656	0.04431	0.04389	0.01393	0.13688	0.07113	0.01322	0.06018	0.02345	0.01312	0.00866	0.00548	0.00531	0.00174	0.00743	0.00467	0.00313	0.00795
28	0.03807	0.13339	0.31805	0.01389	0.06191	0.01373	0.01391	0.06796	0.11203	0.08643	0.04223	0.04895	0.01237	0.00656	0.00528	0.00172	0.00637	0.00524	0.00378	0.00812

[dist]
# distance from previous block
# <min> <max>
1	44

[block]
# block no. 5 follows, 42 sequences, length 41
# corresponding to MSA columns:
# 422-449,451-455,457-464
name=unknown_F
#
# <colnr> <probs for GDERKNQSTAVLIFYWHMCP>
#	G	D	E	R	K	N	Q	S	T	A	V	L	I	F	Y	W	H	M	C	P
0	0.00929	0.04681	0.00931	0.06722	0.01071	0.00797	0.00591	0.04011	0.04067	0.01413	0.03952	0.08575	0.13803	0.38812	0.04168	0.00382	0.03383	0.00846	0.00390	0.00477
1	0.01534	0.09242	0.08618	0.04362	0.06969	0.08371	0.02653	0.17479	0.20459	0.02246	0.06175	0.01674	0.01361	0.00672	0.00564	0.00170	0.02119	0.00534	0.03995	0.00805
2	0.01245	0.07104	0.01510	0.01177	0.04660	0.01116	0.06406	0.03699	0.06290	0.04851	0.07092	0.03156	0.03593	0.00881	0.04708	0.00195	0.12518	0.00550	0.06322	0.22928
3	0.01210	0.08314	0.20605	0.01588	0.08631	0.03665	0.14322	0.01464	0.01093	0.01503	0.01048	0.03702	0.00914	0.00930	0.01046	0.20508	0.06306	0.00513	0.00264	0.02372
4	0.00917	0.02385	0.01454	0.05929	0.01559	0.00866	0.17907	0.01135	0.01165	0.01535	0.02727	0.35028	0.14673	0.01246	0.00765	0.00211	0.06274	0.03241	0.00425	0.00559
5	0.70740	0.01091	0.00897	0.00789	0.01143	0.01239	0.00644	0.01802	0.07577	0.05187	0.00977	0.01065	0.00744	0.00546	0.00379	0.00172	0.00437	0.00345	0.00380	0.03846
6	0.01199	0.01177	0.02140	0.33703	0.09059	0.01260	0.24826	0.04552	0.04301	0.01760	0.05851	0.05090	0.01252	0.00630	0.00608	0.00187	0.00741	0.00638	0.00324	0.00701
7	0.00978	0.00489	0.00733	0.00733	0.00733	0.00489	0.00489	0.00733	0.00733	0.00978	0.00978	0.01711	0.00978	0.01955	0.02199	0.83627	0.00489	0.00489	0.00244	0.00244
8	0.00681	0.00524	0.00618	0.00691	0.00787	0.00467	0.00478	0.00794	0.01154	0.01461	0.04124	0.47193	0.33387	0.03955	0.00760	0.00222	0.00316	0.01408	0.00517	0.00461
9	0.00805	0.00599	0.00883	0.00883	0.00976	0.00692	0.00677	0.00991	0.00898	0.01291	0.01527	0.02319	0.01454	0.09784	0.72493	0.00878	0.01437	0.00619	0.00304	0.00491
10	0.04013	0.01096	0.01381	0.01061	0.01498	0.01037	0.00876	0.18559	0.01826	0.59507	0.02002	0.01772	0.01282	0.00689	0.00561	0.00173	0.00509	0.00548	0.00660	0.00951
11	0.00876	0.00608	0.00761	0.00816	0.00915	0.00587	0.00578	0.04680	0.03919	0.04666	0.06049	0.54998	0.08967	0.04670	0.00780	0.00231	0.00363	0.04485	0.00530	0.00520
12	0.00708	0.00507	0.00677	0.00805	0.00850	0.00477	0.00559	0.00823	0.01103	0.01463	0.03136	0.71105	0.04981	0.01736	0.00723	0.00231	0.00345	0.08784	0.00522	0.00464
13	0.02017	0.00950	0.01217	0.00977	0.01332	0.00889	0.00789	0.11799	0.03890	0.47085	0.16621	0.05967	0.02219	0.00835	0.00592	0.00177	0.00448	0.00697	0.00652	0.00849
14	0.01259	0.00639	0.00729	0.00719	0.03470	0.00621	0.00521	0.03281	0.01298	0.11924	0.05490	0.02216	0.03515	0.00699	0.00446	0.00143	0.00314	0.00569	0.61544	0.00604
15	0.00716	0.00529	0.00675	0.00782	0.00844	0.00500	0.00536	0.00881	0.04051	0.01486	0.03324	0.67898	0.10816	0.01686	0.00709	0.00224	0.00331	0.03012	0.00524	0.00477
16	0.01143	0.08490	0.47753	0.04528	0.02140	0.01387	0.03830	0.01615	0.01139	0.01641	0.01309	0.01519	0.06528	0.00673	0.00755	0.00187	0.13861	0.00489	0.00263	0.00749
17	0.01132	0.01037	0.01712	0.02304	0.40923	0.01025	0.06009	0.01441	0.04057	0.01717	0.01970	0.25591	0.04893	0.00958	0.00624	0.00192	0.00555	0.02756	0.00380	0.00724
18	0.01167	0.01000	0.01167	0.00834	0.01334	0.00750	0.00667	0.01417	0.01167	0.01834	0.01000	0.01167	0.00834	0.00417	0.00417	0.00083	0.00417	0.00333	0.00333	0.83663
19	0.00723	0.00529	0.00677	0.00786	0.00837	0.00505	0.00530	0.00890	0.04594	0.01471	0.03122	0.70508	0.06505	0.04461	0.00785	0.00236	0.00338	0.01510	0.00518	0.00474
20	0.01136	0.05467	0.20295	0.01253	0.04181	0.05696	0.03008	0.04683	0.07004	0.01719	0.01994	0.24178	0.06514	0.00987	0.00666	0.00189	0.05225	0.00828	0.00389	0.04587
21	0.01333	0.01044	0.01301	0.00939	0.01435	0.00828	0.04185	0.04453	0.01272	0.08529	0.01128	0.01257	0.00889	0.00454	0.00447	0.00100	0.00455	0.00376	0.00372	0.69202
22	0.03412	0.24695	0.39176	0.01329	0.01904	0.04649	0.01510	0.01676	0.01138	0.01584	0.00950	0.01174	0.00769	0.00839	0.06517	0.00221	0.07065	0.00398	0.00249	0.00745
23	0.01546	0.00889	0.01087	0.00957	0.01242	0.00888	0.00768	0.03337	0.21193	0.26048	0.17723	0.03116	0.05401	0.00940	0.00612	0.00189	0.00419	0.09655	0.03226	0.00765
24	0.01127	0.00881	0.01119	0.01012	0.01095	0.01106	0.00816	0.01413	0.06325	0.01718	0.01445	0.01994	0.01270	0.03855	0.03856	0.00232	0.33683	0.03945	0.32525	0.00581
25	0.02090	0.04919	0.01669	0.01229	0.01661	0.01641	0.01015	0.62677	0.02421	0.09462	0.01416	0.01473	0.01027	0.03879	0.00647	0.00182	0.00604	0.00515	0.00551	0.00922
26	0.01064	0.00838	0.00909	0.00882	0.01060	0.03090	0.00655	0.07613	0.19199	0.01999	0.11869	0.29801	0.08954	0.01194	0.00624	0.00194	0.00383	0.01038	0.08009	0.00625
27	0.00678	0.00521	0.00620	0.00700	0.00794	0.00464	0.00485	0.00793	0.01158	0.01470	0.04125	0.50564	0.32353	0.01630	0.00697	0.00213	0.00310	0.01438	0.00522	0.00464
28	0.01063	0.01000	0.01688	0.78870	0.03876	0.01250	0.01563	0.01438	0.01125	0.01438	0.01000	0.01500	0.00750	0.00563	0.00563	0.00188	0.00750	0.00500	0.00250	0.00625
29	0.01562	0.13908	0.04517	0.01486	0.04472	0.06010	0.16855	0.18170	0.11505	0.04373	0.05085	0.01609	0.01236	0.00855	0.05663	0.00217	0.00733	0.00548	0.00407	0.00793
30	0.00678	0.00518	0.00624	0.00708	0.00796	0.00463	0.00489	0.00792	0.01150	0.01466	0.04018	0.53608	0.29378	0.01644	0.00700	0.00215	0.00312	0.01455	0.00522	0.00463
31	0.02513	0.00978	0.01318	0.01011	0.01447	0.00857	0.00835	0.05059	0.01644	0.74739	0.02192	0.01897	0.01379	0.00696	0.00566	0.00174	0.00483	0.00564	0.00692	0.00958
32	0.01115	0.01054	0.01783	0.66895	0.15441	0.01264	0.01589	0.01484	0.01150	0.01501	0.01010	0.01483	0.00773	0.00553	0.00562	0.00184	0.00737	0.00500	0.00255	0.00667
33	0.01365	0.02320	0.03076	0.17045	0.10843	0.02989	0.04401	0.06582	0.13427	0.09830	0.04887	0.07154	0.05099	0.00788	0.00582	0.00183	0.00566	0.03413	0.04711	0.00738
34	0.01235	0.00592	0.00633	0.00592	0.00763	0.00580	0.00454	0.02763	0.01255	0.10612	0.01871	0.02064	0.01428	0.00661	0.00416	0.00137	0.00293	0.00529	0.72541	0.00581
35	0.02766	0.01159	0.01330	0.01080	0.01430	0.01209	0.03036	0.37097	0.04330	0.11434	0.04913	0.06260	0.16739	0.00927	0.00604	0.00182	0.00507	0.03649	0.00558	0.00792
36	0.01338	0.01636	0.20043	0.10824	0.12959	0.03135	0.11695	0.04974	0.09219	0.06333	0.08091	0.01718	0.01338	0.00638	0.00625	0.00182	0.03539	0.00565	0.00364	0.00785
37	0.00854	0.00594	0.00741	0.00754	0.00879	0.00561	0.00562	0.01027	0.01287	0.05550	0.21610	0.25286	0.21336	0.04156	0.00791	0.00215	0.02865	0.07264	0.03155	0.00514
38	0.01044	0.00975	0.01636	0.74961	0.03723	0.01211	0.01511	0.01405	0.01123	0.01438	0.01105	0.05422	0.00899	0.00623	0.00570	0.00190	0.00729	0.00555	0.00264	0.00617
39	0.05304	0.05284	0.01382	0.03365	0.01490	0.15623	0.00876	0.11588	0.01608	0.31895	0.04578	0.10424	0.01543	0.01751	0.00584	0.00176	0.00587	0.00630	0.00525	0.00784
40	0.02448	0.06552	0.04744	0.13335	0.10663	0.12494	0.08586	0.13233	0.11093	0.01977	0.01395	0.08432	0.01192	0.00694	0.00563	0.00176	0.00692	0.00596	0.00377	0.00758

[dist]
# distance from previous block
# <min> <max>
5	9

[block]
# block no. 6 follows, 42 sequences, length 24
# corresponding to MSA columns:
# 570-585,589-596
name=unknown_G
#
# <colnr> <probs for GDERKNQSTAVLIFYWHMCP>
#	G	D	E	R	K	N	Q	S	T	A	V	L	I	F	Y	W	H	M	C	P
0	0.05799	0.05801	0.21476	0.01529	0.07818	0.02594	0.10718	0.08114	0.06660	0.05433	0.02275	0.03552	0.01030	0.00590	0.00552	0.00163	0.01969	0.00502	0.00354	0.13068
1	0.02664	0.11598	0.04374	0.22368	0.15076	0.07260	0.05516	0.04761	0.01296	0.07024	0.01356	0.11710	0.01218	0.00709	0.00554	0.00175	0.00666	0.00617	0.00341	0.00716
2	0.01139	0.05588	0.00944	0.00783	0.00972	0.00668	0.00595	0.01318	0.01356	0.16775	0.24864	0.24852	0.12354	0.04290	0.00726	0.00203	0.00359	0.01059	0.00562	0.00593
3	0.06564	0.00962	0.01141	0.01052	0.05329	0.00941	0.00772	0.11546	0.09404	0.12850	0.07758	0.13218	0.08410	0.00917	0.00595	0.01488	0.00438	0.01974	0.00506	0.14134
4	0.01641	0.01124	0.03243	0.01087	0.01555	0.00954	0.07902	0.10036	0.02633	0.22995	0.01710	0.01713	0.05796	0.00601	0.00519	0.00139	0.00510	0.00510	0.00469	0.34861
5	0.00719	0.00517	0.00702	0.00795	0.00842	0.00511	0.00547	0.00836	0.01047	0.01419	0.05025	0.58666	0.03242	0.06392	0.15519	0.00372	0.00561	0.01350	0.00474	0.00462
6	0.01990	0.07456	0.01709	0.01530	0.06360	0.65153	0.01111	0.02211	0.04712	0.01444	0.00937	0.01078	0.00777	0.00577	0.00504	0.00147	0.00943	0.00379	0.00298	0.00682
7	0.00684	0.00497	0.00645	0.00764	0.00811	0.00459	0.00514	0.00786	0.01096	0.01444	0.03342	0.72977	0.10445	0.01732	0.00713	0.00225	0.00323	0.01562	0.00522	0.00459
8	0.00727	0.00531	0.00630	0.00690	0.00755	0.00494	0.00459	0.00812	0.01059	0.01364	0.03342	0.37083	0.20929	0.24628	0.01335	0.00313	0.00387	0.03566	0.00469	0.00429
9	0.00681	0.00563	0.00585	0.00593	0.00758	0.00480	0.00433	0.00815	0.01248	0.01511	0.07584	0.10836	0.63996	0.06420	0.00808	0.00215	0.00304	0.01190	0.00514	0.00467
10	0.01167	0.00706	0.00756	0.00710	0.00889	0.00742	0.00543	0.06840	0.11493	0.03666	0.04818	0.06270	0.01714	0.00884	0.03361	0.00179	0.00368	0.00619	0.53666	0.00610
11	0.00680	0.00511	0.00631	0.00726	0.00801	0.00462	0.00497	0.00790	0.01133	0.01459	0.03805	0.59708	0.23415	0.01672	0.00704	0.00218	0.00315	0.01488	0.00522	0.00462
12	0.00817	0.00635	0.00750	0.00711	0.00878	0.00599	0.00536	0.01175	0.08630	0.02056	0.49083	0.04348	0.25300	0.01192	0.00655	0.00182	0.00288	0.01030	0.00587	0.00550
13	0.08174	0.01105	0.01300	0.01022	0.01414	0.01105	0.00838	0.25022	0.01858	0.38259	0.07369	0.01848	0.01495	0.00709	0.00545	0.00170	0.00490	0.00559	0.05845	0.00873
14	0.01368	0.01461	0.01912	0.41551	0.18166	0.17395	0.06966	0.01694	0.01271	0.01534	0.00995	0.01378	0.00781	0.00547	0.00558	0.00175	0.00804	0.00484	0.00267	0.00695
15	0.01019	0.00824	0.00989	0.00949	0.01087	0.07659	0.00737	0.01217	0.01068	0.05433	0.07226	0.02327	0.04422	0.03274	0.55930	0.00696	0.03618	0.00629	0.00352	0.00545
16	0.00818	0.00546	0.00614	0.00614	0.00614	0.00546	0.00341	0.00818	0.00818	0.01091	0.01773	0.03683	0.02046	0.80222	0.02864	0.00546	0.00546	0.00818	0.00341	0.00341
17	0.18924	0.21518	0.09015	0.14110	0.01913	0.07102	0.01118	0.06444	0.01252	0.07457	0.00989	0.01166	0.00769	0.00576	0.00540	0.00165	0.05511	0.00395	0.00323	0.00714
18	0.01321	0.01496	0.03230	0.02307	0.02873	0.01395	0.71552	0.01786	0.01321	0.01804	0.01133	0.01503	0.00853	0.00472	0.00654	0.00185	0.00926	0.00650	0.00287	0.04249
19	0.01337	0.01245	0.04234	0.07415	0.04732	0.10869	0.02537	0.12962	0.07073	0.03653	0.01959	0.12410	0.05490	0.07208	0.03106	0.01614	0.02624	0.08450	0.00426	0.00658
20	0.01505	0.80561	0.02949	0.00963	0.01444	0.02227	0.00963	0.01685	0.01143	0.01324	0.00782	0.00903	0.00722	0.00481	0.00361	0.00120	0.00602	0.00301	0.00241	0.00722
21	0.00712	0.00504	0.00659	0.00772	0.00805	0.00476	0.00515	0.00804	0.01053	0.01403	0.02926	0.67001	0.03487	0.11806	0.00996	0.00270	0.00363	0.04504	0.00499	0.00445
22	0.04257	0.00938	0.01260	0.01156	0.06954	0.00883	0.00861	0.07425	0.01531	0.45174	0.04399	0.07010	0.01685	0.01030	0.05471	0.00227	0.00546	0.05050	0.03315	0.00829
23	0.01460	0.62167	0.09469	0.04315	0.01631	0.02004	0.01079	0.06187	0.01237	0.01513	0.00937	0.04043	0.00853	0.00551	0.00412	0.00136	0.00619	0.00383	0.00272	0.00732

[dist]
# distance from previous block
# <min> <max>
0	41

# created by:
# /home/cegg/simao/soft/augustus-3.2.1/scripts/msa2prfl.pl ./align_prep/EOG091G0NM1.fa
