[name]
unknown

[dist]
# distance from previous block
# <min> <max>
0	434

[block]
# block no. 0 follows, 39 sequences, length 12
# corresponding to MSA columns:
# 473-484
name=unknown_A
#
# <colnr> <probs for GDERKNQSTAVLIFYWHMCP>
#	G	D	E	R	K	N	Q	S	T	A	V	L	I	F	Y	W	H	M	C	P
0	0.03543	0.00858	0.01155	0.06993	0.02968	0.00944	0.00946	0.03780	0.01352	0.07522	0.09416	0.04012	0.05004	0.02965	0.00917	0.00234	0.11541	0.27657	0.07567	0.00625
1	0.14027	0.24005	0.01872	0.01151	0.01534	0.17997	0.00961	0.15680	0.06646	0.02126	0.01277	0.07875	0.01134	0.00711	0.00499	0.00165	0.00667	0.00515	0.00396	0.00761
2	0.17626	0.18749	0.13647	0.14824	0.15261	0.07335	0.01384	0.01789	0.01229	0.01837	0.00958	0.01207	0.00771	0.00550	0.00490	0.00170	0.00708	0.00415	0.00288	0.00762
3	0.01279	0.01238	0.10202	0.01070	0.01392	0.01094	0.00935	0.14477	0.18422	0.02370	0.18554	0.05198	0.06858	0.07323	0.00827	0.00225	0.00501	0.04330	0.02964	0.00740
4	0.23566	0.00965	0.01182	0.00975	0.01299	0.00968	0.06931	0.01869	0.05005	0.19576	0.12985	0.02330	0.04458	0.06333	0.00716	0.00208	0.00476	0.00639	0.07102	0.02418
5	0.07518	0.00659	0.00788	0.00775	0.00906	0.00655	0.00571	0.01068	0.01383	0.01998	0.37074	0.19825	0.14320	0.05229	0.00856	0.00222	0.03931	0.01127	0.00559	0.00534
6	0.01307	0.01217	0.05057	0.08850	0.01877	0.01243	0.09440	0.09718	0.07716	0.01997	0.01595	0.04551	0.01440	0.04769	0.00944	0.00218	0.13097	0.09068	0.05746	0.10152
7	0.00857	0.00650	0.00882	0.01066	0.06982	0.00621	0.00719	0.01027	0.01236	0.01634	0.07749	0.33538	0.11962	0.09843	0.00986	0.00270	0.00437	0.18499	0.00513	0.00527
8	0.01538	0.12823	0.20840	0.01490	0.05371	0.03788	0.07537	0.08817	0.16247	0.06733	0.01519	0.03002	0.01163	0.00654	0.00555	0.00177	0.00674	0.00541	0.05677	0.00853
9	0.00893	0.00666	0.00820	0.00786	0.00949	0.00612	0.00587	0.03407	0.01467	0.02016	0.36638	0.13837	0.13289	0.08016	0.00890	0.00227	0.00362	0.06756	0.00565	0.07217
10	0.08055	0.14501	0.46651	0.01508	0.02224	0.01579	0.05098	0.10215	0.01407	0.02079	0.01053	0.01215	0.00779	0.00566	0.00528	0.00177	0.00783	0.00432	0.00302	0.00849
11	0.15092	0.17354	0.01836	0.10563	0.03795	0.15558	0.02907	0.06548	0.07681	0.03334	0.01136	0.01316	0.00907	0.00626	0.00576	0.00171	0.05264	0.00442	0.04156	0.00739

[dist]
# distance from previous block
# <min> <max>
0	5

[block]
# block no. 1 follows, 39 sequences, length 12
# corresponding to MSA columns:
# 490-501
name=unknown_B
#
# <colnr> <probs for GDERKNQSTAVLIFYWHMCP>
#	G	D	E	R	K	N	Q	S	T	A	V	L	I	F	Y	W	H	M	C	P
0	0.05084	0.07160	0.01709	0.03822	0.01718	0.19198	0.08392	0.18867	0.01717	0.03584	0.04674	0.04188	0.03577	0.03731	0.00683	0.00187	0.02398	0.00586	0.07985	0.00738
1	0.01614	0.00901	0.01096	0.00939	0.01250	0.00860	0.00750	0.05430	0.11565	0.25492	0.12921	0.05509	0.07752	0.00943	0.00609	0.00184	0.00427	0.05852	0.09276	0.06629
2	0.01553	0.01524	0.07044	0.01276	0.01673	0.07265	0.03316	0.13675	0.38611	0.02414	0.01948	0.07287	0.01566	0.00791	0.00592	0.00186	0.00579	0.00655	0.00517	0.07529
3	0.08048	0.01008	0.01263	0.01001	0.01395	0.00944	0.00817	0.09753	0.01735	0.49907	0.12482	0.02227	0.01946	0.00783	0.00586	0.00181	0.00474	0.00635	0.03920	0.00898
4	0.16813	0.11502	0.05382	0.01618	0.02036	0.05523	0.25819	0.01827	0.01236	0.06179	0.01103	0.03140	0.00902	0.00652	0.00784	0.00194	0.13683	0.00538	0.00328	0.00740
5	0.07036	0.09793	0.30906	0.02904	0.01985	0.01290	0.09803	0.01713	0.05542	0.01899	0.07582	0.05156	0.05406	0.02793	0.00648	0.00199	0.00688	0.03549	0.00360	0.00748
6	0.00744	0.00557	0.00697	0.00800	0.00889	0.00510	0.00574	0.00880	0.01216	0.01565	0.03939	0.51153	0.22024	0.01735	0.00748	0.00234	0.00357	0.10335	0.00548	0.00493
7	0.12800	0.00831	0.00990	0.00917	0.01078	0.00904	0.02690	0.05499	0.01259	0.04011	0.08558	0.20048	0.05948	0.08946	0.00992	0.00241	0.09336	0.02434	0.11935	0.00583
8	0.01576	0.04296	0.18202	0.19639	0.09640	0.03330	0.08015	0.10966	0.03356	0.10932	0.01288	0.01502	0.00936	0.00619	0.00628	0.00187	0.03149	0.00524	0.00373	0.00841
9	0.09133	0.03112	0.01171	0.00987	0.01289	0.00975	0.00792	0.07627	0.08981	0.25321	0.05259	0.13245	0.05829	0.01198	0.04627	0.00239	0.00525	0.06724	0.02197	0.00769
10	0.00947	0.00634	0.00791	0.00762	0.00934	0.00570	0.00582	0.01174	0.01525	0.08025	0.40301	0.10547	0.23312	0.01327	0.00703	0.00200	0.00327	0.06152	0.00615	0.00572
11	0.01171	0.00966	0.01556	0.19640	0.02130	0.00998	0.13390	0.06514	0.01385	0.05692	0.05165	0.16302	0.10256	0.05485	0.00810	0.00230	0.00615	0.06606	0.00443	0.00646

[dist]
# distance from previous block
# <min> <max>
0	3

[block]
# block no. 2 follows, 39 sequences, length 7
# corresponding to MSA columns:
# 505-511
name=unknown_C
#
# <colnr> <probs for GDERKNQSTAVLIFYWHMCP>
#	G	D	E	R	K	N	Q	S	T	A	V	L	I	F	Y	W	H	M	C	P
0	0.09264	0.10193	0.31870	0.01521	0.05824	0.01425	0.06607	0.08749	0.01408	0.06604	0.01137	0.01286	0.00843	0.00558	0.00525	0.00168	0.00714	0.00445	0.00341	0.10517
1	0.01594	0.06124	0.40646	0.01474	0.02122	0.07839	0.04132	0.05561	0.03415	0.14772	0.05622	0.01581	0.01201	0.00642	0.00571	0.00181	0.00763	0.00510	0.00389	0.00862
2	0.00761	0.00574	0.00802	0.00875	0.00954	0.00533	0.03269	0.00901	0.01202	0.01595	0.07768	0.62659	0.09321	0.01726	0.00748	0.00234	0.00369	0.04662	0.00546	0.00501
3	0.34956	0.05042	0.01605	0.11338	0.01924	0.11271	0.10029	0.05356	0.01298	0.05241	0.01047	0.01260	0.00805	0.00588	0.00525	0.00180	0.02744	0.00439	0.03647	0.00703
4	0.00746	0.00544	0.00698	0.00805	0.00871	0.00505	0.00560	0.00871	0.01189	0.01562	0.06456	0.58089	0.12981	0.04752	0.00837	0.00248	0.00359	0.06897	0.00545	0.00486
5	0.01626	0.01412	0.01502	0.01160	0.01628	0.10551	0.04582	0.12617	0.09789	0.06780	0.01328	0.01413	0.01023	0.00562	0.00514	0.00133	0.00584	0.00450	0.00430	0.41917
6	0.04311	0.11664	0.12829	0.18210	0.05284	0.05440	0.04654	0.06283	0.01415	0.13547	0.01242	0.01416	0.00913	0.00581	0.00537	0.00167	0.00699	0.00471	0.00372	0.09965

[dist]
# distance from previous block
# <min> <max>
0	17

[block]
# block no. 3 follows, 39 sequences, length 19
# corresponding to MSA columns:
# 529-547
name=unknown_D
#
# <colnr> <probs for GDERKNQSTAVLIFYWHMCP>
#	G	D	E	R	K	N	Q	S	T	A	V	L	I	F	Y	W	H	M	C	P
0	0.01374	0.01288	0.11500	0.01161	0.01529	0.01072	0.05385	0.16077	0.08233	0.07903	0.16366	0.12785	0.08965	0.01004	0.00643	0.00194	0.00523	0.00867	0.02375	0.00758
1	0.05722	0.01140	0.01418	0.01118	0.01550	0.03648	0.02746	0.05936	0.09929	0.55304	0.03757	0.01974	0.01500	0.00732	0.00589	0.00184	0.00531	0.00595	0.00668	0.00957
2	0.08506	0.01346	0.05074	0.04802	0.14178	0.01303	0.19388	0.09056	0.04987	0.06156	0.01545	0.10016	0.01356	0.00761	0.00665	0.00195	0.03493	0.02878	0.00403	0.03891
3	0.01539	0.18183	0.19796	0.01612	0.04774	0.10532	0.13951	0.07366	0.06359	0.01913	0.01136	0.01309	0.00887	0.00560	0.00540	0.00164	0.00781	0.00470	0.00325	0.07804
4	0.01336	0.00713	0.00931	0.00824	0.01053	0.00636	0.00636	0.01575	0.01608	0.23349	0.42223	0.09193	0.11236	0.01147	0.00672	0.00190	0.00350	0.00995	0.00657	0.00675
5	0.00841	0.00565	0.00651	0.00670	0.00674	0.00561	0.00385	0.00855	0.00898	0.01197	0.02056	0.14200	0.02393	0.68556	0.02699	0.00527	0.00542	0.00973	0.00385	0.00375
6	0.06844	0.01203	0.01417	0.01111	0.01542	0.01208	0.00912	0.24614	0.06146	0.40848	0.01947	0.01794	0.01299	0.00716	0.00571	0.00180	0.00531	0.00562	0.05602	0.00954
7	0.00747	0.00531	0.00700	0.00817	0.00858	0.00500	0.00552	0.00858	0.01150	0.01539	0.06929	0.66380	0.03847	0.07576	0.00922	0.00263	0.00365	0.04450	0.00540	0.00478
8	0.01027	0.00514	0.00770	0.00770	0.00770	0.00514	0.00514	0.00770	0.00770	0.01027	0.01027	0.01798	0.01027	0.02054	0.02311	0.82794	0.00514	0.00514	0.00257	0.00257
9	0.00811	0.00586	0.00772	0.00888	0.00973	0.00560	0.00675	0.00973	0.01220	0.01591	0.03395	0.41371	0.10485	0.06191	0.00902	0.00267	0.00425	0.26880	0.00536	0.00498
10	0.04528	0.00775	0.00823	0.00761	0.00972	0.00793	0.00585	0.06549	0.11659	0.02286	0.19098	0.03277	0.16877	0.00975	0.00570	0.00174	0.00342	0.00809	0.27515	0.00632
11	0.02248	0.01656	0.01775	0.01361	0.01834	0.01834	0.01124	0.73556	0.02780	0.03727	0.01420	0.01420	0.01006	0.00710	0.00592	0.00177	0.00651	0.00532	0.00592	0.01006
12	0.07263	0.11446	0.04826	0.01194	0.04406	0.01285	0.04733	0.13384	0.01492	0.04850	0.01122	0.01261	0.00885	0.00521	0.00480	0.00131	0.00559	0.00411	0.00383	0.39368
13	0.00852	0.00740	0.02693	0.03069	0.01236	0.00703	0.07958	0.01014	0.01140	0.01537	0.02736	0.57607	0.03185	0.05903	0.00929	0.00254	0.04534	0.02897	0.00484	0.00529
14	0.00726	0.00519	0.00691	0.00820	0.00859	0.00484	0.00549	0.00836	0.01156	0.01548	0.06450	0.75531	0.03985	0.01824	0.00752	0.00238	0.00340	0.01654	0.00553	0.00484
15	0.01250	0.10077	0.55630	0.01649	0.04808	0.01464	0.03793	0.03316	0.01286	0.01869	0.04578	0.01394	0.00998	0.00613	0.00628	0.00185	0.04872	0.00472	0.00280	0.00839
16	0.00802	0.00604	0.00803	0.00914	0.04439	0.00560	0.00615	0.00988	0.01361	0.01844	0.28035	0.38661	0.12600	0.01521	0.00723	0.00215	0.00341	0.03871	0.00571	0.00533
17	0.01342	0.01496	0.03196	0.09646	0.03080	0.01433	0.63008	0.01820	0.01389	0.01880	0.04718	0.01728	0.01110	0.00541	0.00688	0.00199	0.00943	0.00699	0.00312	0.00773
18	0.00743	0.00531	0.00712	0.00849	0.00893	0.00500	0.00588	0.00862	0.01154	0.01535	0.03247	0.71896	0.03863	0.01832	0.00761	0.00243	0.00362	0.08395	0.00549	0.00487

[dist]
# distance from previous block
# <min> <max>
0	1

[block]
# block no. 4 follows, 39 sequences, length 24
# corresponding to MSA columns:
# 549-572
name=unknown_E
#
# <colnr> <probs for GDERKNQSTAVLIFYWHMCP>
#	G	D	E	R	K	N	Q	S	T	A	V	L	I	F	Y	W	H	M	C	P
0	0.01327	0.01258	0.02046	0.11654	0.52688	0.01302	0.01575	0.01714	0.04699	0.01853	0.01738	0.02011	0.09841	0.00678	0.00641	0.00185	0.02992	0.00619	0.00333	0.00843
1	0.01385	0.01102	0.01307	0.04428	0.01567	0.00908	0.00789	0.07884	0.01385	0.05895	0.01150	0.01300	0.00914	0.00484	0.00467	0.00105	0.00476	0.00387	0.00387	0.67680
2	0.01418	0.01378	0.01555	0.06130	0.11088	0.12709	0.01127	0.07032	0.10197	0.01785	0.01506	0.10903	0.01434	0.06375	0.04248	0.00263	0.19079	0.00685	0.00380	0.00708
3	0.01317	0.01363	0.02194	0.01767	0.01904	0.01739	0.17750	0.01531	0.01018	0.01531	0.00872	0.01363	0.00804	0.00913	0.01657	0.00245	0.60525	0.00559	0.00268	0.00681
4	0.01147	0.01061	0.01859	0.19205	0.19552	0.01090	0.14758	0.01478	0.01305	0.01808	0.08210	0.14587	0.04125	0.00854	0.00637	0.00195	0.00640	0.00819	0.05971	0.00700
5	0.01256	0.01077	0.01240	0.00915	0.01418	0.00870	0.00729	0.01687	0.09979	0.01992	0.01213	0.01343	0.00987	0.00482	0.00458	0.00101	0.00442	0.00388	0.00380	0.73044
6	0.00835	0.00597	0.00814	0.00826	0.00905	0.00635	0.00596	0.00963	0.01019	0.01406	0.07193	0.11269	0.07288	0.18318	0.38667	0.05953	0.01001	0.00857	0.00386	0.00472
7	0.01402	0.08468	0.15575	0.08548	0.37538	0.01456	0.01660	0.01771	0.01277	0.04883	0.01272	0.01551	0.03605	0.00627	0.00693	0.00184	0.07819	0.00520	0.00304	0.00848
8	0.00861	0.00692	0.00922	0.01112	0.09806	0.00656	0.00698	0.01110	0.04702	0.01787	0.17201	0.35941	0.19379	0.01446	0.00704	0.00212	0.00370	0.01286	0.00540	0.00575
9	0.14482	0.00871	0.01138	0.21748	0.01871	0.00948	0.00900	0.01641	0.01262	0.14978	0.08848	0.03740	0.01633	0.04222	0.04771	0.02845	0.00576	0.00607	0.12264	0.00655
10	0.01459	0.01200	0.01985	0.17531	0.18441	0.01242	0.14971	0.06854	0.05467	0.08683	0.07212	0.01900	0.01417	0.00650	0.00603	0.00184	0.00668	0.00618	0.08115	0.00798
11	0.01569	0.01438	0.05173	0.04100	0.29946	0.01364	0.23166	0.06846	0.01454	0.10126	0.01320	0.01651	0.01027	0.03078	0.03080	0.00223	0.02618	0.00596	0.00363	0.00862
12	0.01168	0.00789	0.00879	0.00860	0.00897	0.09636	0.00589	0.00961	0.00879	0.01077	0.01014	0.01710	0.00995	0.01882	0.02099	0.72917	0.00580	0.00498	0.00263	0.00308
13	0.04433	0.04991	0.06234	0.03725	0.04563	0.08675	0.08829	0.07821	0.01415	0.01973	0.03086	0.04213	0.01225	0.02361	0.02150	0.00178	0.01765	0.03797	0.00367	0.28201
14	0.01483	0.15112	0.17172	0.08115	0.07680	0.04338	0.09338	0.06524	0.13503	0.04249	0.01323	0.01497	0.01020	0.00725	0.02727	0.00202	0.03288	0.00515	0.00359	0.00831
15	0.00913	0.00655	0.00813	0.00874	0.00959	0.00649	0.00604	0.09519	0.01309	0.01748	0.02936	0.64020	0.03433	0.07453	0.00903	0.00257	0.00397	0.01483	0.00540	0.00534
16	0.00776	0.00542	0.00697	0.00776	0.00849	0.00505	0.00537	0.00935	0.01276	0.01768	0.20146	0.52747	0.06824	0.01599	0.00713	0.00218	0.00321	0.01435	0.06831	0.00505
17	0.03937	0.05981	0.09505	0.01380	0.06513	0.09850	0.07577	0.04412	0.05818	0.06181	0.03958	0.10509	0.01669	0.13814	0.06054	0.00299	0.00734	0.00716	0.00398	0.00692
18	0.01251	0.01180	0.02006	0.24521	0.37232	0.01245	0.06727	0.01575	0.01245	0.01698	0.01413	0.01986	0.04420	0.09992	0.00890	0.00232	0.00715	0.00612	0.00304	0.00757
19	0.00871	0.00631	0.00831	0.00820	0.00868	0.00700	0.00569	0.00972	0.00903	0.01260	0.01692	0.03067	0.01791	0.42358	0.36135	0.00729	0.04278	0.00744	0.00336	0.00447
20	0.09079	0.01285	0.01342	0.01137	0.01475	0.01445	0.00892	0.26317	0.32721	0.02749	0.04078	0.02095	0.01587	0.10132	0.00868	0.00235	0.00535	0.00626	0.00549	0.00852
21	0.03254	0.09277	0.05942	0.01416	0.04426	0.08561	0.03499	0.16149	0.10622	0.02157	0.01258	0.03200	0.01038	0.00725	0.00816	0.00181	0.15957	0.00512	0.00393	0.10615
22	0.14820	0.00986	0.01327	0.05705	0.01561	0.00975	0.06948	0.04638	0.01492	0.29698	0.12802	0.02154	0.01853	0.00878	0.03383	0.00209	0.00544	0.00622	0.08627	0.00779
23	0.01718	0.08473	0.04242	0.05735	0.06666	0.04699	0.03166	0.32061	0.08593	0.02694	0.10175	0.01793	0.01557	0.00711	0.00577	0.00172	0.00622	0.00574	0.00487	0.05285

[dist]
# distance from previous block
# <min> <max>
1	14

[block]
# block no. 5 follows, 39 sequences, length 24
# corresponding to MSA columns:
# 587-602,604-611
name=unknown_F
#
# <colnr> <probs for GDERKNQSTAVLIFYWHMCP>
#	G	D	E	R	K	N	Q	S	T	A	V	L	I	F	Y	W	H	M	C	P
0	0.01739	0.04961	0.12273	0.03006	0.06004	0.02875	0.07615	0.16790	0.03232	0.14348	0.11883	0.07329	0.03399	0.00882	0.00659	0.00205	0.00654	0.00732	0.00533	0.00882
1	0.01253	0.08488	0.03470	0.18261	0.17093	0.01281	0.10241	0.04092	0.04451	0.01821	0.05519	0.09926	0.01632	0.02937	0.00679	0.00200	0.00663	0.04234	0.00368	0.03393
2	0.01568	0.60345	0.12570	0.01123	0.01676	0.02113	0.01164	0.07419	0.01333	0.01659	0.00909	0.01036	0.00781	0.00527	0.00422	0.00137	0.00658	0.00350	0.00283	0.03926
3	0.01217	0.04898	0.68150	0.01784	0.05668	0.01405	0.05053	0.01869	0.01258	0.01864	0.01063	0.01264	0.00763	0.00556	0.00564	0.00186	0.00865	0.00448	0.00254	0.00871
4	0.01226	0.01051	0.01226	0.00876	0.01401	0.00788	0.00701	0.01489	0.01226	0.01927	0.01051	0.01226	0.00876	0.00438	0.00438	0.00088	0.00438	0.00350	0.00350	0.82832
5	0.01197	0.00962	0.04289	0.00992	0.03045	0.00898	0.00784	0.15525	0.04430	0.03524	0.15356	0.11693	0.16790	0.03854	0.00734	0.00209	0.00443	0.06866	0.07746	0.00664
6	0.00743	0.00553	0.00696	0.00804	0.00873	0.00517	0.00548	0.00907	0.03703	0.01556	0.03621	0.65696	0.14066	0.01765	0.00742	0.00233	0.00341	0.01584	0.00551	0.00499
7	0.01240	0.01083	0.01783	0.04578	0.01850	0.01121	0.21280	0.09910	0.03964	0.01986	0.03922	0.05637	0.03664	0.04787	0.10295	0.00319	0.03747	0.12940	0.05216	0.00679
8	0.00965	0.00605	0.00772	0.00789	0.00856	0.00601	0.00531	0.01054	0.01033	0.07185	0.02284	0.23684	0.02518	0.37870	0.13264	0.00498	0.00657	0.03918	0.00440	0.00475
9	0.01254	0.01285	0.02458	0.42770	0.11364	0.01389	0.27470	0.01681	0.01277	0.01694	0.01110	0.01571	0.00843	0.00551	0.00629	0.00196	0.00854	0.00588	0.00279	0.00737
10	0.01117	0.01051	0.01774	0.77795	0.04073	0.01314	0.01642	0.01511	0.01182	0.01511	0.01051	0.01577	0.00788	0.00591	0.00591	0.00197	0.00788	0.00526	0.00263	0.00657
11	0.02161	0.08813	0.01791	0.01477	0.01804	0.68293	0.01132	0.04868	0.01678	0.01525	0.00925	0.01070	0.00770	0.00605	0.00523	0.00151	0.01017	0.00381	0.00311	0.00703
12	0.00959	0.00629	0.00804	0.00745	0.00911	0.00574	0.00564	0.01223	0.01630	0.07315	0.61379	0.04279	0.11221	0.01182	0.00680	0.00185	0.00296	0.01033	0.03807	0.00583
13	0.00858	0.00581	0.00682	0.00682	0.00695	0.00593	0.00405	0.00884	0.00871	0.01174	0.01829	0.03682	0.02068	0.70133	0.11982	0.00619	0.00696	0.00833	0.00353	0.00379
14	0.00831	0.00577	0.00724	0.00746	0.00781	0.00592	0.00482	0.00906	0.00962	0.01312	0.05193	0.16868	0.02466	0.46171	0.18288	0.00578	0.00736	0.00966	0.00396	0.00425
15	0.01595	0.04661	0.01463	0.01068	0.01527	0.01235	0.00866	0.23911	0.09370	0.04613	0.01457	0.05739	0.01195	0.00650	0.00522	0.00140	0.00512	0.00520	0.00469	0.38488
16	0.01215	0.01143	0.01936	0.23592	0.32813	0.01189	0.06901	0.01547	0.01286	0.01767	0.04361	0.11117	0.03580	0.00754	0.00617	0.00189	0.00666	0.00714	0.00340	0.04272
17	0.03641	0.01409	0.07685	0.21913	0.14383	0.01420	0.04563	0.16382	0.02776	0.06363	0.02786	0.01664	0.02739	0.00763	0.02379	0.00209	0.07171	0.00558	0.00385	0.00812
18	0.01251	0.19933	0.13800	0.18471	0.13288	0.01463	0.07072	0.01603	0.01246	0.01657	0.03433	0.11555	0.01352	0.00732	0.00569	0.00181	0.00696	0.00643	0.00314	0.00742
19	0.01186	0.03059	0.76153	0.01686	0.02560	0.01373	0.02185	0.01873	0.01249	0.01873	0.01061	0.01249	0.00749	0.00562	0.00562	0.00187	0.00874	0.00437	0.00250	0.00874
20	0.01021	0.01564	0.27157	0.09484	0.09787	0.00993	0.01395	0.01399	0.01226	0.01705	0.02115	0.27325	0.04442	0.01102	0.00656	0.00212	0.00627	0.06711	0.00388	0.00690
21	0.04753	0.01424	0.04081	0.16705	0.18818	0.01419	0.30893	0.07396	0.01428	0.01994	0.01238	0.03232	0.01001	0.00596	0.00632	0.00194	0.00817	0.02251	0.00326	0.00801
22	0.00722	0.00594	0.00636	0.00649	0.00826	0.00509	0.00485	0.00883	0.01358	0.01665	0.11933	0.12366	0.60033	0.01509	0.00708	0.00205	0.00310	0.03549	0.00558	0.00504
23	0.01407	0.03797	0.10333	0.05337	0.31998	0.02644	0.13212	0.03056	0.06032	0.03471	0.01447	0.01707	0.04154	0.00628	0.00661	0.00185	0.04590	0.00578	0.03923	0.00840

[dist]
# distance from previous block
# <min> <max>
0	18

[block]
# block no. 6 follows, 39 sequences, length 25
# corresponding to MSA columns:
# 630-654
name=unknown_G
#
# <colnr> <probs for GDERKNQSTAVLIFYWHMCP>
#	G	D	E	R	K	N	Q	S	T	A	V	L	I	F	Y	W	H	M	C	P
0	0.01611	0.52367	0.11650	0.01275	0.04247	0.08027	0.01213	0.06800	0.01345	0.01636	0.00908	0.01061	0.00782	0.00561	0.00511	0.00147	0.04422	0.00368	0.00282	0.00785
1	0.01405	0.03718	0.32378	0.01618	0.04860	0.05709	0.10513	0.06108	0.06403	0.03598	0.01262	0.01502	0.00966	0.00602	0.00598	0.00174	0.02639	0.01831	0.02552	0.11566
2	0.09277	0.06012	0.22818	0.16072	0.21573	0.03454	0.01641	0.03059	0.01282	0.05178	0.01086	0.01355	0.00833	0.00582	0.00594	0.00184	0.03412	0.00469	0.00304	0.00817
3	0.00783	0.00612	0.00715	0.00727	0.00884	0.00553	0.00547	0.01014	0.03298	0.01856	0.26367	0.15591	0.36679	0.01452	0.00713	0.00207	0.00322	0.06567	0.00581	0.00529
4	0.00752	0.00564	0.00779	0.00871	0.00941	0.00524	0.02786	0.00880	0.01170	0.01543	0.03412	0.66569	0.09617	0.01770	0.00752	0.00237	0.00370	0.05427	0.00541	0.00495
5	0.01203	0.04384	0.23758	0.26829	0.09085	0.03332	0.01583	0.01674	0.03909	0.01718	0.01279	0.05981	0.01066	0.00780	0.02595	0.00210	0.04210	0.00564	0.05100	0.00740
6	0.00771	0.00574	0.00795	0.08707	0.01172	0.00573	0.00647	0.00897	0.01118	0.01483	0.02932	0.65478	0.03463	0.07324	0.00901	0.00260	0.00405	0.01503	0.00506	0.00490
7	0.00721	0.00515	0.00686	0.00823	0.00858	0.00480	0.00549	0.00823	0.01132	0.01510	0.03259	0.78831	0.03911	0.01853	0.00755	0.00240	0.00343	0.01681	0.00549	0.00480
8	0.00848	0.00622	0.00890	0.00890	0.00975	0.00706	0.00664	0.01017	0.00933	0.01328	0.01639	0.02628	0.01611	0.19189	0.62300	0.00876	0.01385	0.00678	0.00325	0.00495
9	0.01417	0.15222	0.39385	0.01452	0.02026	0.01551	0.01629	0.01851	0.01215	0.09028	0.01113	0.01310	0.00848	0.00669	0.00810	0.00190	0.16428	0.00452	0.02593	0.00813
10	0.01186	0.03059	0.76153	0.01686	0.02560	0.01373	0.02185	0.01873	0.01249	0.01873	0.01061	0.01249	0.00749	0.00562	0.00562	0.00187	0.00874	0.00437	0.00250	0.00874
11	0.02557	0.01042	0.01380	0.01071	0.01520	0.00937	0.00881	0.04709	0.06989	0.68771	0.02315	0.02012	0.01477	0.00736	0.00595	0.00184	0.00504	0.00598	0.00719	0.01001
12	0.01373	0.01293	0.02166	0.28788	0.48669	0.01389	0.01732	0.04188	0.01340	0.01851	0.01102	0.01501	0.00889	0.00555	0.00588	0.00183	0.00730	0.00527	0.00293	0.00844
13	0.07867	0.07116	0.07442	0.02549	0.08201	0.06739	0.01011	0.02623	0.05470	0.03273	0.04036	0.07038	0.01539	0.08790	0.14737	0.00362	0.06288	0.01671	0.02582	0.00666
14	0.02118	0.02673	0.01768	0.01570	0.01870	0.68978	0.04486	0.02285	0.01618	0.01467	0.00919	0.01104	0.00769	0.00629	0.00623	0.00161	0.05569	0.00404	0.00302	0.00688
15	0.00779	0.00593	0.00716	0.00704	0.00852	0.00530	0.00521	0.00996	0.01509	0.02023	0.44583	0.12594	0.28705	0.01373	0.00704	0.00196	0.00293	0.01193	0.00606	0.00530
16	0.00816	0.00636	0.00865	0.00899	0.01007	0.00608	0.03930	0.01072	0.06528	0.01692	0.10552	0.55316	0.10585	0.01616	0.00730	0.00226	0.00372	0.01460	0.00551	0.00538
17	0.01559	0.20916	0.29896	0.02792	0.01983	0.03835	0.02991	0.06344	0.06518	0.11083	0.03407	0.03719	0.01161	0.00652	0.00538	0.00173	0.00702	0.00509	0.00378	0.00843
18	0.70249	0.02957	0.00970	0.00810	0.01180	0.01276	0.00669	0.01833	0.01105	0.10070	0.03683	0.01193	0.00907	0.00591	0.00402	0.00182	0.00460	0.00375	0.00411	0.00677
19	0.01101	0.01027	0.01726	0.73338	0.03898	0.01281	0.01590	0.01485	0.01169	0.01503	0.01082	0.01620	0.00828	0.00814	0.05016	0.00241	0.00834	0.00532	0.00266	0.00649
20	0.00836	0.00623	0.00921	0.00931	0.01027	0.00715	0.00712	0.01032	0.00960	0.01375	0.01715	0.07916	0.01678	0.06830	0.68812	0.00886	0.01459	0.00717	0.00335	0.00519
21	0.01205	0.01000	0.01165	0.00853	0.01339	0.00760	0.00680	0.01459	0.01261	0.03686	0.03665	0.01708	0.07186	0.00555	0.00471	0.00102	0.00423	0.00452	0.00385	0.71645
22	0.00981	0.00557	0.00623	0.00653	0.00773	0.00543	0.00484	0.01218	0.01268	0.02038	0.09049	0.17952	0.05033	0.01046	0.00538	0.00172	0.00305	0.04653	0.51579	0.00536
23	0.01544	0.33733	0.23607	0.01266	0.01849	0.01797	0.01342	0.16252	0.01521	0.02024	0.01066	0.01223	0.00853	0.00790	0.04949	0.00201	0.00752	0.00415	0.00329	0.04488
24	0.06596	0.01241	0.06688	0.01192	0.04228	0.01099	0.03462	0.15796	0.05892	0.06698	0.09920	0.07661	0.04492	0.00831	0.00584	0.00172	0.00523	0.03944	0.00488	0.18494

[dist]
# distance from previous block
# <min> <max>
0	1

[block]
# block no. 7 follows, 39 sequences, length 16
# corresponding to MSA columns:
# 656-671
name=unknown_H
#
# <colnr> <probs for GDERKNQSTAVLIFYWHMCP>
#	G	D	E	R	K	N	Q	S	T	A	V	L	I	F	Y	W	H	M	C	P
0	0.05351	0.05140	0.30595	0.01493	0.02105	0.06822	0.09725	0.08649	0.02864	0.08952	0.02833	0.01556	0.01052	0.00619	0.00564	0.00176	0.00751	0.02272	0.00373	0.08109
1	0.01425	0.40340	0.13289	0.05945	0.01928	0.01944	0.05747	0.01777	0.04657	0.01557	0.00961	0.01195	0.00821	0.00633	0.00745	0.00173	0.15406	0.00425	0.00274	0.00759
2	0.03380	0.00698	0.00885	0.00847	0.00993	0.00744	0.00641	0.04136	0.05453	0.05465	0.07074	0.06568	0.01827	0.02238	0.25779	0.13466	0.00787	0.00675	0.17784	0.00559
3	0.01141	0.08421	0.12657	0.02522	0.01385	0.01009	0.00949	0.01518	0.07262	0.07454	0.05478	0.07827	0.18923	0.05983	0.08808	0.00298	0.03069	0.04187	0.00448	0.00662
4	0.10981	0.01231	0.07916	0.05994	0.13839	0.01132	0.04552	0.07803	0.03873	0.08048	0.04336	0.07951	0.01677	0.04624	0.06260	0.00270	0.00680	0.07660	0.00429	0.00744
5	0.00742	0.00530	0.00708	0.00822	0.00861	0.00511	0.00553	0.00848	0.01095	0.01470	0.03001	0.66233	0.03556	0.07719	0.08031	0.00331	0.00476	0.01524	0.00513	0.00476
6	0.58684	0.01102	0.01023	0.00862	0.01256	0.01187	0.00710	0.02088	0.01216	0.25082	0.01285	0.01283	0.00892	0.00605	0.00436	0.00183	0.00471	0.00404	0.00478	0.00752
7	0.25814	0.01141	0.01287	0.01019	0.01452	0.01142	0.00841	0.12933	0.01655	0.44257	0.01765	0.01623	0.01160	0.00676	0.00528	0.00182	0.00512	0.00507	0.00606	0.00901
8	0.00723	0.00541	0.00660	0.00751	0.00829	0.00491	0.00510	0.00833	0.01176	0.01513	0.03935	0.54166	0.23602	0.06277	0.00871	0.00248	0.00344	0.01513	0.00538	0.00478
9	0.01478	0.01245	0.02130	0.01633	0.02009	0.01259	0.29004	0.11542	0.03364	0.09679	0.13138	0.09703	0.02013	0.00854	0.00792	0.00202	0.07916	0.00803	0.00467	0.00768
10	0.01829	0.00887	0.01070	0.00903	0.01203	0.00859	0.00711	0.07354	0.08356	0.32978	0.02194	0.07472	0.01681	0.04545	0.00667	0.00193	0.00435	0.00672	0.25194	0.00796
11	0.04076	0.01000	0.01513	0.38421	0.04494	0.01150	0.01240	0.01711	0.01237	0.17448	0.01522	0.07684	0.01268	0.06472	0.00899	0.00229	0.07891	0.00646	0.00396	0.00702
12	0.00734	0.00582	0.00660	0.00680	0.00830	0.00508	0.00495	0.00901	0.01371	0.01746	0.20418	0.21662	0.44293	0.01514	0.00711	0.00206	0.00305	0.01306	0.00571	0.00508
13	0.01310	0.07416	0.40068	0.04040	0.08811	0.07230	0.06859	0.01816	0.03269	0.01739	0.01151	0.01542	0.00940	0.07925	0.00834	0.00219	0.03254	0.00503	0.00282	0.00792
14	0.01006	0.03337	0.04102	0.01266	0.08077	0.05141	0.00886	0.01173	0.01183	0.01585	0.05841	0.47116	0.02865	0.01419	0.00876	0.00224	0.11651	0.01213	0.00454	0.00586
15	0.67376	0.01095	0.00979	0.04399	0.05425	0.01251	0.00743	0.01647	0.01045	0.02455	0.01077	0.08292	0.00969	0.00671	0.00425	0.00189	0.00475	0.00468	0.00374	0.00643

[dist]
# distance from previous block
# <min> <max>
0	7

[block]
# block no. 8 follows, 39 sequences, length 14
# corresponding to MSA columns:
# 679-692
name=unknown_I
#
# <colnr> <probs for GDERKNQSTAVLIFYWHMCP>
#	G	D	E	R	K	N	Q	S	T	A	V	L	I	F	Y	W	H	M	C	P
0	0.01275	0.01201	0.03872	0.01163	0.06831	0.03448	0.00870	0.01788	0.13592	0.02006	0.04732	0.01743	0.04566	0.00597	0.00507	0.00128	0.00485	0.00492	0.00405	0.50301
1	0.11550	0.00784	0.03997	0.00886	0.01024	0.00791	0.00689	0.01113	0.00971	0.01527	0.01713	0.11559	0.01767	0.19901	0.37233	0.00640	0.02226	0.00758	0.00356	0.00516
2	0.01505	0.09597	0.03836	0.04501	0.01649	0.31083	0.05507	0.01694	0.01370	0.01508	0.01676	0.18191	0.04000	0.06219	0.00748	0.00201	0.00754	0.00741	0.00362	0.04855
3	0.01433	0.15915	0.04545	0.01333	0.04303	0.01313	0.12978	0.04900	0.05122	0.05111	0.03662	0.01444	0.01092	0.00537	0.00510	0.00137	0.00599	0.00470	0.00368	0.34227
4	0.12820	0.09332	0.10541	0.03823	0.05200	0.10723	0.14694	0.09834	0.04698	0.04611	0.01230	0.01465	0.00967	0.00681	0.00695	0.00201	0.06736	0.00521	0.00387	0.00841
5	0.01333	0.01437	0.09273	0.18909	0.02671	0.01293	0.26359	0.03065	0.07533	0.03373	0.05954	0.03753	0.06498	0.04806	0.00808	0.00234	0.00781	0.00740	0.00403	0.00778
6	0.01493	0.01373	0.05117	0.01635	0.05028	0.01552	0.07278	0.01669	0.01137	0.08555	0.01176	0.01696	0.01050	0.06251	0.01588	0.00267	0.46274	0.00580	0.00354	0.05925
7	0.01552	0.01203	0.01345	0.01187	0.01496	0.02878	0.03113	0.04999	0.42996	0.09207	0.10744	0.05903	0.05387	0.04190	0.00763	0.00230	0.00511	0.00800	0.00618	0.00877
8	0.01589	0.01150	0.05995	0.01064	0.01442	0.00973	0.00880	0.02037	0.13159	0.19229	0.02297	0.11714	0.06284	0.00918	0.00656	0.00189	0.03063	0.00738	0.06122	0.20501
9	0.08898	0.02999	0.04951	0.01242	0.02705	0.03639	0.05217	0.07516	0.04579	0.28447	0.02020	0.09561	0.01628	0.00892	0.00667	0.00207	0.03238	0.03018	0.07713	0.00862
10	0.01537	0.05957	0.01226	0.00982	0.01202	0.04180	0.00725	0.06356	0.08001	0.15482	0.06908	0.02902	0.02015	0.30844	0.08645	0.00416	0.00686	0.00737	0.00504	0.00695
11	0.00929	0.00643	0.00749	0.00771	0.00836	0.00616	0.00501	0.00994	0.01120	0.01537	0.07450	0.19664	0.10495	0.37499	0.07565	0.00449	0.00565	0.01074	0.06049	0.00492
12	0.01299	0.01206	0.01970	0.57075	0.19723	0.01404	0.01693	0.01640	0.01267	0.01692	0.01150	0.01669	0.00914	0.00660	0.00688	0.00212	0.04110	0.00556	0.00303	0.00768
13	0.01400	0.07224	0.38706	0.06238	0.07172	0.03561	0.03262	0.11905	0.02967	0.02051	0.01167	0.01444	0.00905	0.04621	0.00680	0.00196	0.00773	0.00480	0.00322	0.04926

[dist]
# distance from previous block
# <min> <max>
2	34

[block]
# block no. 9 follows, 39 sequences, length 10
# corresponding to MSA columns:
# 727-736
name=unknown_J
#
# <colnr> <probs for GDERKNQSTAVLIFYWHMCP>
#	G	D	E	R	K	N	Q	S	T	A	V	L	I	F	Y	W	H	M	C	P
0	0.18775	0.11450	0.01568	0.12612	0.04749	0.03505	0.00994	0.13448	0.03836	0.08124	0.07780	0.04240	0.01448	0.02339	0.02581	0.00206	0.00605	0.00557	0.00434	0.00749
1	0.03873	0.11129	0.15763	0.10851	0.10948	0.01621	0.08677	0.21582	0.01664	0.02292	0.01180	0.02977	0.00927	0.00632	0.00613	0.00182	0.03353	0.00522	0.00366	0.00848
2	0.00837	0.00581	0.00729	0.00748	0.00780	0.00603	0.00483	0.00905	0.00921	0.01255	0.01986	0.13887	0.02222	0.49243	0.21685	0.00624	0.00801	0.00916	0.00374	0.00419
3	0.00747	0.00533	0.00713	0.00822	0.00862	0.00518	0.00554	0.00853	0.01088	0.01463	0.02950	0.63753	0.03485	0.08785	0.09548	0.00349	0.00503	0.01492	0.00506	0.00475
4	0.01226	0.01051	0.01226	0.00876	0.01401	0.00788	0.00701	0.01489	0.01226	0.01927	0.01051	0.01226	0.00876	0.00438	0.00438	0.00088	0.00438	0.00350	0.00350	0.82832
5	0.07380	0.01237	0.05625	0.01129	0.01530	0.01151	0.02719	0.10160	0.03971	0.20191	0.02984	0.01769	0.04514	0.00720	0.00725	0.00172	0.10924	0.00536	0.03395	0.19169
6	0.06935	0.01224	0.01618	0.01383	0.01482	0.01606	0.01144	0.06539	0.01068	0.01693	0.00929	0.01389	0.00866	0.01319	0.09869	0.00314	0.54649	0.00509	0.00301	0.05164
7	0.01037	0.00721	0.01035	0.05145	0.01278	0.00693	0.03630	0.01265	0.01328	0.08357	0.19627	0.23280	0.05530	0.01715	0.11358	0.00308	0.00587	0.06364	0.00517	0.06224
8	0.05791	0.00878	0.00980	0.09870	0.01383	0.04762	0.00731	0.01618	0.04092	0.09536	0.07840	0.04747	0.04112	0.00977	0.04843	0.00207	0.00506	0.00629	0.30228	0.06271
9	0.04187	0.01252	0.01932	0.05985	0.34905	0.01296	0.05439	0.06963	0.03890	0.07105	0.05307	0.03473	0.01373	0.03120	0.00763	0.00198	0.06009	0.02003	0.00388	0.04414

[dist]
# distance from previous block
# <min> <max>
8	19

[block]
# block no. 10 follows, 39 sequences, length 13
# corresponding to MSA columns:
# 758-770
name=unknown_K
#
# <colnr> <probs for GDERKNQSTAVLIFYWHMCP>
#	G	D	E	R	K	N	Q	S	T	A	V	L	I	F	Y	W	H	M	C	P
0	0.12111	0.04921	0.01509	0.01170	0.01547	0.06776	0.04311	0.08338	0.08952	0.19174	0.03226	0.01988	0.01370	0.00751	0.00650	0.00181	0.05865	0.06132	0.00492	0.10536
1	0.23143	0.07678	0.06639	0.01092	0.01530	0.08415	0.00954	0.13637	0.05412	0.10580	0.01447	0.01586	0.03271	0.00660	0.00502	0.00169	0.00590	0.02499	0.00442	0.09752
2	0.10007	0.01037	0.01135	0.00940	0.01276	0.05355	0.02498	0.01552	0.01248	0.08241	0.01789	0.08066	0.05764	0.04736	0.00706	0.00175	0.03865	0.03716	0.06917	0.30976
3	0.01256	0.07668	0.68510	0.01631	0.02465	0.01452	0.02068	0.04936	0.01311	0.01923	0.01062	0.01238	0.00761	0.00565	0.00552	0.00183	0.00850	0.00434	0.00265	0.00873
4	0.01477	0.01611	0.11396	0.01759	0.02222	0.05787	0.30945	0.08432	0.01490	0.07209	0.07167	0.03697	0.01432	0.04492	0.03252	0.00237	0.05570	0.00672	0.00386	0.00770
5	0.17253	0.05883	0.04779	0.21204	0.09289	0.04641	0.01169	0.03112	0.04873	0.01839	0.01287	0.07627	0.01177	0.06940	0.00833	0.00223	0.06261	0.00587	0.00340	0.00681
6	0.00743	0.00540	0.00705	0.00820	0.00883	0.00502	0.00572	0.00872	0.01198	0.01582	0.07136	0.62582	0.10571	0.01770	0.00752	0.00236	0.00352	0.07141	0.00554	0.00491
7	0.00767	0.00567	0.00747	0.04134	0.00989	0.00539	0.00582	0.00919	0.01254	0.01683	0.18645	0.50298	0.09699	0.05266	0.00837	0.00239	0.00356	0.01428	0.00549	0.00500
8	0.01549	0.05656	0.35156	0.01791	0.09066	0.18993	0.05026	0.05644	0.05767	0.01876	0.01118	0.01297	0.00853	0.00601	0.00602	0.00179	0.03228	0.00461	0.00307	0.00831
9	0.01762	0.01428	0.11099	0.09086	0.06606	0.01206	0.18100	0.02192	0.05103	0.27778	0.01635	0.01814	0.01169	0.04306	0.00781	0.00210	0.03810	0.00602	0.00457	0.00855
10	0.00957	0.00709	0.00993	0.00956	0.01039	0.00833	0.00729	0.01123	0.00967	0.03271	0.01616	0.04851	0.01580	0.16088	0.47484	0.00723	0.10922	0.00685	0.03948	0.00526
11	0.03146	0.01406	0.06709	0.16508	0.25291	0.01346	0.20660	0.01828	0.03407	0.05043	0.01245	0.01582	0.00960	0.00574	0.00636	0.00188	0.02762	0.00571	0.05331	0.00810
12	0.01627	0.01656	0.10542	0.15716	0.09383	0.07639	0.13419	0.16747	0.01645	0.07347	0.01344	0.03817	0.01060	0.00677	0.00650	0.00190	0.03007	0.02324	0.00390	0.00823

[dist]
# distance from previous block
# <min> <max>
0	41

[block]
# block no. 11 follows, 39 sequences, length 11
# corresponding to MSA columns:
# 812-822
name=unknown_L
#
# <colnr> <probs for GDERKNQSTAVLIFYWHMCP>
#	G	D	E	R	K	N	Q	S	T	A	V	L	I	F	Y	W	H	M	C	P
0	0.04589	0.02911	0.01545	0.11604	0.10977	0.07217	0.03372	0.10480	0.10582	0.06702	0.05142	0.08804	0.03762	0.01022	0.05062	0.00231	0.00666	0.00685	0.02883	0.01766
1	0.05406	0.05333	0.07811	0.09153	0.21458	0.02977	0.14626	0.04065	0.02911	0.12484	0.01280	0.01502	0.00962	0.00592	0.00639	0.00183	0.04110	0.00535	0.00368	0.03607
2	0.00884	0.00729	0.01017	0.04437	0.01177	0.00845	0.00783	0.01023	0.01093	0.01519	0.05770	0.48235	0.02942	0.01786	0.07067	0.00296	0.18155	0.01253	0.00456	0.00533
3	0.00966	0.00803	0.01210	0.11684	0.08866	0.00905	0.00974	0.01193	0.01135	0.01571	0.06685	0.16046	0.03433	0.04116	0.24867	0.00460	0.07527	0.06583	0.00388	0.00587
4	0.01221	0.01143	0.01930	0.32814	0.10228	0.01274	0.12375	0.01530	0.01269	0.01723	0.05094	0.08776	0.01551	0.01026	0.04215	0.00256	0.08538	0.03966	0.00357	0.00714
5	0.01735	0.05184	0.10827	0.02230	0.27287	0.03703	0.08978	0.03660	0.01490	0.17707	0.01660	0.04274	0.01364	0.00755	0.00641	0.00202	0.00719	0.06238	0.00441	0.00907
6	0.00917	0.00676	0.00955	0.00963	0.01059	0.00748	0.00720	0.01076	0.01007	0.01436	0.01814	0.08647	0.01801	0.11395	0.62848	0.00862	0.01401	0.00761	0.00365	0.00549
7	0.00816	0.00584	0.00760	0.00892	0.00940	0.00541	0.00607	0.00907	0.01194	0.01597	0.03301	0.73763	0.03917	0.01875	0.00788	0.00255	0.00383	0.05783	0.00572	0.00526
8	0.01476	0.11114	0.17376	0.07516	0.09639	0.03579	0.07614	0.08519	0.05567	0.03388	0.01492	0.10673	0.01334	0.00823	0.00729	0.00205	0.07079	0.00663	0.00386	0.00828
9	0.01278	0.01051	0.01509	0.11649	0.21246	0.01124	0.01113	0.03633	0.04787	0.03703	0.05044	0.02619	0.03833	0.23819	0.04943	0.00353	0.06496	0.00707	0.00393	0.00701
10	0.01291	0.00739	0.00753	0.00709	0.00890	0.00753	0.00536	0.07270	0.05548	0.02405	0.01981	0.02236	0.01556	0.00746	0.00472	0.00159	0.00345	0.00580	0.70380	0.00650

[dist]
# distance from previous block
# <min> <max>
0	1

[block]
# block no. 12 follows, 39 sequences, length 18
# corresponding to MSA columns:
# 824-841
name=unknown_M
#
# <colnr> <probs for GDERKNQSTAVLIFYWHMCP>
#	G	D	E	R	K	N	Q	S	T	A	V	L	I	F	Y	W	H	M	C	P
0	0.07864	0.01667	0.14416	0.03004	0.05269	0.04370	0.01212	0.21721	0.09637	0.12179	0.01981	0.05783	0.06552	0.00829	0.00614	0.00200	0.00640	0.00647	0.00519	0.00896
1	0.00876	0.00666	0.00930	0.05239	0.06400	0.00645	0.00737	0.00995	0.01189	0.01603	0.02978	0.65826	0.03483	0.01809	0.03290	0.00269	0.00460	0.01511	0.00530	0.00563
2	0.01276	0.01073	0.01240	0.00912	0.01408	0.00818	0.00712	0.01501	0.01249	0.01944	0.01170	0.01480	0.01018	0.05103	0.00620	0.00130	0.00471	0.00405	0.00375	0.77095
3	0.03902	0.00737	0.00916	0.00899	0.01014	0.00805	0.00654	0.01288	0.07265	0.01594	0.01797	0.02750	0.01718	0.23396	0.40657	0.00693	0.01080	0.00699	0.07574	0.00562
4	0.00920	0.00688	0.01002	0.00999	0.01110	0.00782	0.00770	0.01110	0.00998	0.01442	0.01650	0.02410	0.01539	0.04439	0.76029	0.00955	0.01596	0.00655	0.00341	0.00566
5	0.82523	0.01192	0.00922	0.00828	0.01197	0.01363	0.00672	0.01784	0.01053	0.02708	0.00898	0.01063	0.00711	0.00597	0.00399	0.00196	0.00482	0.00345	0.00390	0.00678
6	0.04598	0.00946	0.01066	0.00880	0.01190	0.00954	0.00708	0.17994	0.01704	0.23151	0.01890	0.01933	0.01357	0.00701	0.00502	0.00161	0.00429	0.00551	0.38501	0.00783
7	0.02392	0.00967	0.01301	0.01020	0.01435	0.00852	0.00834	0.02677	0.04214	0.64461	0.11181	0.02311	0.01975	0.00792	0.00607	0.00184	0.00475	0.00655	0.00718	0.00950
8	0.00864	0.00589	0.00705	0.00712	0.00740	0.00597	0.00449	0.00919	0.00946	0.01275	0.05595	0.03939	0.02343	0.62214	0.10233	0.00571	0.00659	0.05870	0.00382	0.00399
9	0.00860	0.00573	0.00645	0.00645	0.00645	0.00573	0.00358	0.00860	0.00860	0.01147	0.01863	0.03870	0.02150	0.79217	0.03010	0.00573	0.00573	0.00860	0.00358	0.00358
10	0.01413	0.01392	0.06967	0.16310	0.06029	0.03872	0.09556	0.10521	0.03276	0.03503	0.01226	0.01601	0.00986	0.03348	0.02325	0.00217	0.14355	0.00542	0.06258	0.06302
11	0.78628	0.01136	0.00899	0.00794	0.01165	0.01300	0.00654	0.01806	0.01047	0.06979	0.00913	0.01023	0.00689	0.00560	0.00379	0.00183	0.00460	0.00336	0.00388	0.00662
12	0.01393	0.01955	0.24287	0.02123	0.02780	0.01396	0.46409	0.01924	0.01379	0.06264	0.03382	0.01602	0.01024	0.00551	0.00652	0.00195	0.00911	0.00627	0.00321	0.00825
13	0.00735	0.00601	0.00649	0.00637	0.00821	0.00515	0.00478	0.00919	0.01433	0.01800	0.24133	0.05357	0.57019	0.01422	0.00699	0.00196	0.00294	0.01201	0.00576	0.00515
14	0.01321	0.29221	0.51173	0.01455	0.02203	0.01704	0.01784	0.01838	0.01233	0.01708	0.00980	0.01146	0.00752	0.00543	0.00499	0.00166	0.00791	0.00396	0.00251	0.00835
15	0.01298	0.01453	0.08814	0.27879	0.27525	0.01421	0.12977	0.01697	0.01253	0.01737	0.01072	0.01489	0.00851	0.00591	0.00719	0.00195	0.07418	0.00545	0.00277	0.00791
16	0.01212	0.01049	0.01312	0.05228	0.06786	0.00845	0.00823	0.01480	0.01228	0.01884	0.01166	0.05144	0.01027	0.00523	0.00473	0.00107	0.00471	0.00439	0.00351	0.68450
17	0.08510	0.00943	0.01284	0.05206	0.02996	0.00910	0.05932	0.05969	0.01566	0.19359	0.26032	0.04620	0.02669	0.00852	0.00600	0.00178	0.00468	0.00737	0.04683	0.06487

[dist]
# distance from previous block
# <min> <max>
0	8

[block]
# block no. 13 follows, 39 sequences, length 24
# corresponding to MSA columns:
# 850-873
name=unknown_N
#
# <colnr> <probs for GDERKNQSTAVLIFYWHMCP>
#	G	D	E	R	K	N	Q	S	T	A	V	L	I	F	Y	W	H	M	C	P
0	0.06669	0.03814	0.07353	0.24551	0.05854	0.03571	0.03456	0.06928	0.20995	0.02059	0.01758	0.01986	0.05485	0.00720	0.00583	0.00192	0.00650	0.02185	0.00408	0.00781
1	0.26122	0.01354	0.01432	0.03662	0.05031	0.11609	0.05246	0.04065	0.03798	0.09451	0.02420	0.06903	0.01270	0.00853	0.01934	0.00210	0.09806	0.03715	0.00410	0.00711
2	0.24441	0.01255	0.03362	0.10836	0.08307	0.01291	0.11509	0.08720	0.05649	0.02292	0.06903	0.01675	0.01276	0.03076	0.00615	0.00192	0.00615	0.00539	0.00391	0.07057
3	0.01424	0.55756	0.02641	0.18321	0.02060	0.01997	0.01136	0.01653	0.01186	0.01425	0.01002	0.05227	0.00933	0.00610	0.00486	0.00152	0.02562	0.00441	0.00271	0.00718
4	0.01143	0.07080	0.01666	0.16402	0.25710	0.01129	0.01237	0.01453	0.03095	0.01716	0.03899	0.13444	0.11221	0.00973	0.00633	0.00198	0.00581	0.07324	0.00392	0.00705
5	0.01436	0.01406	0.10036	0.01258	0.05916	0.06142	0.02593	0.03363	0.02458	0.09364	0.02738	0.05592	0.01254	0.00648	0.00556	0.00143	0.02015	0.02723	0.00399	0.39960
6	0.00841	0.00601	0.00760	0.00720	0.00865	0.00553	0.00540	0.01109	0.01621	0.02296	0.65060	0.04396	0.11256	0.01203	0.00681	0.00184	0.00281	0.01054	0.05426	0.00553
7	0.01186	0.00987	0.01159	0.01072	0.01256	0.06695	0.04549	0.08805	0.06361	0.03723	0.07491	0.30263	0.07833	0.01531	0.05621	0.04132	0.04022	0.02201	0.00495	0.00619
8	0.00795	0.00603	0.00732	0.00700	0.00858	0.00540	0.00525	0.01034	0.01574	0.02135	0.54070	0.04807	0.26873	0.01297	0.00698	0.00190	0.00285	0.01124	0.00620	0.00540
9	0.16020	0.01029	0.01289	0.01007	0.01449	0.00945	0.00831	0.02693	0.01579	0.63805	0.02083	0.01839	0.01328	0.00702	0.00557	0.00183	0.00496	0.00549	0.00671	0.00946
10	0.00736	0.00601	0.00651	0.00638	0.00822	0.00515	0.00479	0.00921	0.01436	0.01808	0.24769	0.05346	0.56378	0.01419	0.00699	0.00196	0.00294	0.01200	0.00577	0.00515
11	0.04803	0.02358	0.01649	0.01425	0.01777	0.50081	0.01101	0.23463	0.01971	0.02184	0.01089	0.01199	0.00851	0.00639	0.00542	0.00160	0.00902	0.00429	0.02602	0.00776
12	0.01340	0.01127	0.05672	0.09371	0.01675	0.01071	0.00959	0.14958	0.12089	0.06163	0.04244	0.26484	0.02159	0.01057	0.00632	0.00195	0.00514	0.00915	0.00509	0.08865
13	0.03708	0.12989	0.34153	0.06093	0.07427	0.01456	0.04386	0.08029	0.03057	0.02010	0.05202	0.01656	0.04178	0.00644	0.00552	0.00178	0.00718	0.00522	0.02231	0.00813
14	0.69292	0.01048	0.00833	0.00763	0.01090	0.01200	0.00626	0.01670	0.01052	0.02557	0.01066	0.01373	0.00874	0.00615	0.00392	0.00181	0.00438	0.03520	0.10787	0.00625
15	0.00815	0.00601	0.00762	0.00727	0.00871	0.00548	0.00543	0.01071	0.01614	0.02242	0.63802	0.06882	0.14787	0.01267	0.00699	0.00189	0.00284	0.01112	0.00634	0.00548
16	0.01141	0.00999	0.01216	0.01120	0.01236	0.05514	0.00873	0.04701	0.06869	0.01556	0.01456	0.02158	0.01366	0.12145	0.37084	0.00608	0.18397	0.00619	0.00343	0.00597
17	0.00754	0.00591	0.00683	0.00682	0.00838	0.00519	0.00503	0.00948	0.01447	0.01883	0.32116	0.14036	0.40029	0.01430	0.00705	0.00199	0.00297	0.01232	0.00588	0.00519
