[name]
unknown

[dist]
# distance from previous block
# <min> <max>
0	60

[block]
# block no. 0 follows, 42 sequences, length 6
# corresponding to MSA columns:
# 384-389
name=unknown_A
#
# <colnr> <probs for GDERKNQSTAVLIFYWHMCP>
#	G	D	E	R	K	N	Q	S	T	A	V	L	I	F	Y	W	H	M	C	P
0	0.02224	0.00900	0.01232	0.01008	0.01386	0.00794	0.00842	0.02450	0.01552	0.63093	0.02361	0.02739	0.01736	0.00856	0.00605	0.00190	0.00486	0.14006	0.00663	0.00876
1	0.33001	0.01075	0.01246	0.03037	0.01418	0.03084	0.08418	0.05826	0.01276	0.16056	0.01927	0.01968	0.13079	0.00767	0.00596	0.02986	0.02562	0.00562	0.00436	0.00677
2	0.02003	0.01717	0.01940	0.01490	0.01938	0.12032	0.12961	0.53191	0.02291	0.02971	0.01251	0.01332	0.00909	0.00630	0.00572	0.00169	0.00726	0.00513	0.00481	0.00884
3	0.01080	0.01000	0.01604	0.66264	0.03465	0.01170	0.01418	0.01434	0.01132	0.01502	0.01000	0.01447	0.00764	0.00539	0.00539	0.00171	0.00696	0.00473	0.00264	0.14039
4	0.00948	0.00849	0.00848	0.00918	0.01025	0.10575	0.00668	0.01180	0.06393	0.01531	0.02879	0.50262	0.07036	0.01494	0.00686	0.00217	0.00448	0.11025	0.00495	0.00522
5	0.01127	0.02237	0.49303	0.01567	0.02167	0.01269	0.11610	0.01615	0.01125	0.01650	0.01097	0.01560	0.00907	0.10882	0.00993	0.00235	0.09154	0.00510	0.00258	0.00735

[dist]
# distance from previous block
# <min> <max>
0	4

[block]
# block no. 1 follows, 42 sequences, length 8
# corresponding to MSA columns:
# 394-400,419
name=unknown_B
#
# <colnr> <probs for GDERKNQSTAVLIFYWHMCP>
#	G	D	E	R	K	N	Q	S	T	A	V	L	I	F	Y	W	H	M	C	P
0	0.01172	0.01036	0.01593	0.12992	0.35959	0.01090	0.01201	0.01533	0.08380	0.01605	0.01388	0.02173	0.01303	0.24784	0.01261	0.00287	0.00621	0.00611	0.00322	0.00686
1	0.00742	0.00572	0.00707	0.00712	0.00835	0.00558	0.00524	0.00901	0.01146	0.01504	0.13323	0.10167	0.30619	0.10239	0.24412	0.00445	0.00684	0.00983	0.00450	0.00476
2	0.58931	0.01643	0.24090	0.01003	0.01498	0.01276	0.01057	0.01693	0.01028	0.02299	0.00852	0.00998	0.00641	0.00526	0.00405	0.00175	0.00556	0.00339	0.00315	0.00677
3	0.01910	0.01266	0.01374	0.01143	0.01520	0.04710	0.00913	0.16195	0.36314	0.25267	0.02032	0.01856	0.01434	0.00719	0.00566	0.00180	0.00513	0.00579	0.00596	0.00913
4	0.00770	0.00595	0.00717	0.00745	0.00903	0.00541	0.00598	0.00978	0.01362	0.01749	0.22014	0.05406	0.36953	0.01398	0.00699	0.00208	0.00351	0.22966	0.00545	0.00502
5	0.01328	0.00686	0.00896	0.00802	0.00969	0.00665	0.00584	0.01456	0.01122	0.24316	0.04543	0.02876	0.04363	0.32713	0.19711	0.00492	0.00733	0.00710	0.00456	0.00578
6	0.01745	0.25509	0.01934	0.01145	0.01560	0.04340	0.00977	0.26645	0.23254	0.05197	0.01466	0.01441	0.01114	0.00640	0.00503	0.00160	0.00572	0.00479	0.00463	0.00856
7	0.00948	0.00845	0.01373	0.55119	0.02945	0.01009	0.01246	0.01239	0.01111	0.01437	0.01639	0.25333	0.01654	0.00928	0.00610	0.00200	0.00621	0.00835	0.00333	0.00574

[dist]
# distance from previous block
# <min> <max>
0	9

[block]
# block no. 2 follows, 42 sequences, length 11
# corresponding to MSA columns:
# 431-440,442
name=unknown_C
#
# <colnr> <probs for GDERKNQSTAVLIFYWHMCP>
#	G	D	E	R	K	N	Q	S	T	A	V	L	I	F	Y	W	H	M	C	P
0	0.01064	0.00760	0.00914	0.00844	0.01043	0.00768	0.00647	0.01646	0.20155	0.07586	0.44086	0.06715	0.07525	0.01070	0.00639	0.00185	0.00336	0.02770	0.00602	0.00646
1	0.01413	0.01359	0.05611	0.27149	0.09608	0.05897	0.07915	0.13167	0.11108	0.03397	0.01340	0.03145	0.01034	0.00624	0.00563	0.00178	0.00682	0.00546	0.04506	0.00758
2	0.28373	0.21269	0.01685	0.01055	0.01443	0.18992	0.00887	0.13031	0.01439	0.05841	0.00961	0.01051	0.00756	0.00557	0.00431	0.00153	0.00639	0.00361	0.00358	0.00718
3	0.00686	0.00490	0.00653	0.00784	0.00816	0.00457	0.00522	0.00784	0.01077	0.01437	0.03102	0.79855	0.03722	0.01763	0.00718	0.00229	0.00326	0.01600	0.00522	0.00457
4	0.00719	0.00541	0.00672	0.00751	0.00850	0.00494	0.00548	0.00865	0.01207	0.01561	0.09846	0.42645	0.24339	0.01589	0.00707	0.00218	0.00336	0.11104	0.00530	0.00477
5	0.01298	0.01185	0.01872	0.41323	0.25599	0.01368	0.01532	0.09844	0.01325	0.01793	0.01038	0.01431	0.00816	0.00589	0.00658	0.00184	0.06608	0.00501	0.00294	0.00743
6	0.08165	0.01235	0.01475	0.01361	0.10018	0.01287	0.00985	0.31686	0.05598	0.22658	0.01780	0.06397	0.03317	0.00741	0.00560	0.00176	0.00538	0.00598	0.00547	0.00877
7	0.65505	0.05228	0.01122	0.09776	0.05953	0.01316	0.00803	0.01636	0.01006	0.02298	0.00825	0.01009	0.00648	0.00524	0.00386	0.00172	0.00494	0.00338	0.00327	0.00634
8	0.10844	0.00842	0.01109	0.01122	0.09670	0.00798	0.00772	0.01744	0.01453	0.27250	0.28209	0.07379	0.04686	0.00898	0.00587	0.00178	0.00406	0.00767	0.00568	0.00718
9	0.00810	0.00616	0.00779	0.00823	0.00973	0.00556	0.00640	0.00993	0.01221	0.01619	0.07359	0.30312	0.16884	0.01450	0.00689	0.00211	0.00385	0.23254	0.00505	0.09920
10	0.10756	0.03072	0.06490	0.10191	0.43105	0.02960	0.01453	0.03606	0.03966	0.01914	0.01057	0.01327	0.00855	0.00521	0.00518	0.00164	0.00639	0.00460	0.00302	0.06642

[dist]
# distance from previous block
# <min> <max>
0	3

[block]
# block no. 3 follows, 42 sequences, length 24
# corresponding to MSA columns:
# 446-469
name=unknown_D
#
# <colnr> <probs for GDERKNQSTAVLIFYWHMCP>
#	G	D	E	R	K	N	Q	S	T	A	V	L	I	F	Y	W	H	M	C	P
0	0.01261	0.01188	0.02006	0.20609	0.52824	0.01244	0.01595	0.01591	0.01237	0.01721	0.01230	0.05132	0.01100	0.00623	0.00576	0.00179	0.00665	0.04130	0.00295	0.00792
1	0.01167	0.01000	0.01167	0.00834	0.01334	0.00750	0.00667	0.01417	0.01167	0.01834	0.01000	0.01167	0.00834	0.00417	0.00417	0.00083	0.00417	0.00333	0.00333	0.83663
2	0.00713	0.00547	0.00658	0.00731	0.00829	0.00503	0.00513	0.00888	0.03791	0.01536	0.07039	0.48803	0.26767	0.01590	0.00695	0.00213	0.00319	0.02852	0.00528	0.00482
3	0.00978	0.00489	0.00733	0.00733	0.00733	0.00489	0.00489	0.00733	0.00733	0.00978	0.00978	0.01711	0.00978	0.01955	0.02199	0.83627	0.00489	0.00489	0.00244	0.00244
4	0.00799	0.00574	0.00781	0.00789	0.00852	0.00624	0.00560	0.00929	0.00923	0.01292	0.05421	0.08718	0.01989	0.29207	0.43246	0.00697	0.01035	0.00771	0.00347	0.00447
5	0.01498	0.59479	0.17251	0.01102	0.01644	0.04010	0.01176	0.01771	0.01187	0.05160	0.00900	0.01011	0.00754	0.00505	0.00409	0.00135	0.00651	0.00338	0.00264	0.00753
6	0.00741	0.00567	0.00679	0.00663	0.00810	0.00505	0.00493	0.00949	0.01443	0.01929	0.45369	0.10040	0.31184	0.01294	0.00668	0.00185	0.00277	0.01121	0.00577	0.00505
7	0.00810	0.00595	0.00876	0.00872	0.00970	0.00675	0.00670	0.00996	0.00964	0.01383	0.08875	0.02420	0.01789	0.05479	0.65774	0.04063	0.01324	0.00644	0.00331	0.00492
8	0.01588	0.03058	0.15871	0.02038	0.25870	0.03661	0.06783	0.02082	0.09151	0.17861	0.02890	0.01578	0.01122	0.00606	0.00604	0.00176	0.03279	0.00527	0.00397	0.00858
9	0.02234	0.01003	0.01376	0.07911	0.04730	0.00945	0.00935	0.02613	0.09271	0.59637	0.02074	0.01877	0.01350	0.00684	0.00566	0.00177	0.00507	0.00565	0.00628	0.00919
10	0.00808	0.00551	0.00645	0.00649	0.00668	0.00558	0.00389	0.00837	0.00851	0.01140	0.01914	0.05979	0.04452	0.66875	0.10940	0.00563	0.00635	0.00831	0.00348	0.00367
11	0.01167	0.01000	0.01167	0.00834	0.01334	0.00750	0.00667	0.01417	0.01167	0.01834	0.01000	0.01167	0.00834	0.00417	0.00417	0.00083	0.00417	0.00333	0.00333	0.83663
12	0.01167	0.01000	0.01167	0.00834	0.01334	0.00750	0.00667	0.01417	0.01167	0.01834	0.01000	0.01167	0.00834	0.00417	0.00417	0.00083	0.00417	0.00333	0.00333	0.83663
13	0.01112	0.01035	0.01676	0.02295	0.42640	0.01017	0.04461	0.01366	0.01237	0.01689	0.02361	0.16329	0.16689	0.00926	0.00643	0.00186	0.02404	0.00845	0.00371	0.00717
14	0.00961	0.02694	0.07986	0.22355	0.06343	0.00957	0.05673	0.01251	0.01117	0.01517	0.05800	0.14095	0.04325	0.04704	0.17366	0.00359	0.00808	0.00756	0.00339	0.00595
15	0.01186	0.06066	0.61323	0.01583	0.04315	0.03163	0.04302	0.01758	0.01201	0.01759	0.01001	0.01186	0.00733	0.00521	0.00521	0.00167	0.00791	0.00413	0.00250	0.07760
16	0.01181	0.01013	0.01173	0.00852	0.01341	0.00789	0.00680	0.01511	0.05633	0.01865	0.01078	0.01223	0.00887	0.00438	0.00426	0.00090	0.00418	0.00352	0.00348	0.78703
17	0.00983	0.02601	0.03737	0.23073	0.01916	0.02145	0.02577	0.03026	0.06152	0.01720	0.14539	0.17683	0.06296	0.01174	0.03660	0.00225	0.00559	0.06908	0.00432	0.00593
18	0.00859	0.00640	0.00875	0.00851	0.00901	0.00739	0.00618	0.00962	0.00863	0.01221	0.01504	0.02618	0.01551	0.30907	0.40562	0.04094	0.08818	0.00664	0.00308	0.00446
19	0.03223	0.28536	0.08075	0.11068	0.04548	0.11103	0.06024	0.06450	0.01346	0.01681	0.06282	0.01607	0.02866	0.00699	0.02164	0.00173	0.00700	0.02434	0.00317	0.00702
20	0.01166	0.01070	0.01738	0.57464	0.17147	0.02642	0.01513	0.01517	0.01190	0.03516	0.03456	0.03033	0.00992	0.00596	0.00567	0.00183	0.00710	0.00536	0.00285	0.00678
21	0.01288	0.03185	0.04047	0.05029	0.09854	0.00920	0.00901	0.03236	0.01250	0.06361	0.03105	0.01333	0.00985	0.00482	0.00461	0.00112	0.00485	0.00399	0.00352	0.56214
22	0.01521	0.00930	0.01239	0.13475	0.03713	0.00917	0.00884	0.03550	0.08317	0.24884	0.06288	0.07503	0.05605	0.04604	0.00704	0.00189	0.02163	0.00667	0.00496	0.12349
23	0.01333	0.01135	0.05155	0.03875	0.07252	0.00983	0.00904	0.15835	0.01515	0.05442	0.07452	0.09396	0.04474	0.00727	0.00533	0.00145	0.00486	0.00612	0.00431	0.32316

[dist]
# distance from previous block
# <min> <max>
0	9

[block]
# block no. 4 follows, 42 sequences, length 24
# corresponding to MSA columns:
# 479-502
name=unknown_E
#
# <colnr> <probs for GDERKNQSTAVLIFYWHMCP>
#	G	D	E	R	K	N	Q	S	T	A	V	L	I	F	Y	W	H	M	C	P
0	0.04677	0.10846	0.18744	0.06898	0.14717	0.08999	0.04700	0.06210	0.03492	0.07841	0.01225	0.01379	0.02417	0.00566	0.00518	0.00162	0.00696	0.00460	0.00334	0.05120
1	0.05599	0.19820	0.08096	0.01188	0.08405	0.01179	0.04032	0.01547	0.01315	0.09781	0.15932	0.02453	0.13728	0.00785	0.00535	0.00161	0.00500	0.00650	0.00419	0.03875
2	0.01335	0.03171	0.08449	0.07037	0.10443	0.06919	0.02534	0.04903	0.07739	0.04158	0.02426	0.04754	0.02415	0.00609	0.00537	0.00145	0.02051	0.00503	0.00361	0.29512
3	0.00828	0.00588	0.00705	0.00683	0.00846	0.00521	0.00514	0.01029	0.01422	0.05791	0.36971	0.11050	0.32767	0.01296	0.00666	0.00188	0.00295	0.02740	0.00575	0.00525
4	0.01251	0.01124	0.01848	0.40880	0.10499	0.01216	0.10506	0.03618	0.03390	0.04951	0.01118	0.01469	0.00851	0.00547	0.00579	0.00171	0.02233	0.00503	0.00307	0.12941
5	0.01413	0.11878	0.21067	0.01901	0.15373	0.07473	0.16432	0.06715	0.01356	0.01831	0.01027	0.01251	0.00804	0.00512	0.00532	0.00159	0.00758	0.00461	0.00290	0.08768
6	0.00680	0.00563	0.00595	0.00603	0.00773	0.00479	0.00446	0.00830	0.01294	0.01584	0.12292	0.12264	0.62796	0.01430	0.00670	0.00192	0.00287	0.01210	0.00532	0.00479
7	0.00829	0.00587	0.00776	0.00750	0.00798	0.00576	0.04277	0.00892	0.00939	0.01279	0.05125	0.18075	0.02385	0.51527	0.04186	0.02157	0.00529	0.00947	0.02967	0.00401
8	0.00804	0.00603	0.00904	0.00904	0.01005	0.00703	0.00703	0.01005	0.00904	0.01306	0.01507	0.02211	0.01407	0.04221	0.77992	0.00904	0.01507	0.00603	0.00301	0.00502
9	0.01344	0.01388	0.12656	0.08606	0.15828	0.01125	0.08623	0.03143	0.04095	0.08045	0.01173	0.01409	0.00908	0.00611	0.00665	0.04511	0.03549	0.00473	0.00333	0.21513
10	0.01129	0.02911	0.77306	0.01604	0.02436	0.01307	0.02079	0.01782	0.01188	0.01782	0.01010	0.01188	0.00713	0.00535	0.00535	0.00178	0.00832	0.00416	0.00238	0.00832
11	0.01505	0.80561	0.02949	0.00963	0.01444	0.02227	0.00963	0.01685	0.01143	0.01324	0.00782	0.00903	0.00722	0.00481	0.00361	0.00120	0.00602	0.00301	0.00241	0.00722
12	0.01067	0.01149	0.11330	0.07101	0.09094	0.02076	0.05045	0.02918	0.05086	0.03297	0.16729	0.08858	0.11309	0.03225	0.00744	0.04135	0.00521	0.00779	0.00421	0.05117
13	0.00779	0.00644	0.02605	0.00664	0.00856	0.00532	0.00523	0.00979	0.01382	0.04000	0.28732	0.04712	0.46642	0.01371	0.02898	0.00206	0.00334	0.01077	0.00546	0.00518
14	0.01063	0.01000	0.01688	0.78870	0.03876	0.01250	0.01563	0.01438	0.01125	0.01438	0.01000	0.01500	0.00750	0.00563	0.00563	0.00188	0.00750	0.00500	0.00250	0.00625
15	0.04076	0.01059	0.05244	0.01026	0.01463	0.00869	0.00881	0.04450	0.01579	0.66512	0.02142	0.05133	0.01428	0.00729	0.00566	0.00177	0.00494	0.00595	0.00654	0.00923
16	0.01398	0.01406	0.02149	0.11156	0.57215	0.08164	0.04412	0.01719	0.01295	0.01744	0.01174	0.01493	0.03073	0.00541	0.00561	0.00169	0.00708	0.00515	0.00284	0.00824
17	0.00813	0.00549	0.00637	0.00637	0.00651	0.00549	0.00374	0.00842	0.00883	0.01191	0.07031	0.05685	0.02293	0.69439	0.05769	0.00526	0.00560	0.00844	0.00364	0.00364
18	0.03634	0.00966	0.01276	0.01153	0.01239	0.04757	0.02642	0.01220	0.00928	0.01364	0.01179	0.01825	0.01129	0.07180	0.37574	0.00565	0.29979	0.00556	0.00284	0.00551
19	0.05324	0.01604	0.14914	0.11480	0.40739	0.03320	0.03476	0.07308	0.01353	0.03642	0.01076	0.01350	0.00842	0.00534	0.00546	0.00172	0.00703	0.00480	0.00303	0.00834
20	0.01251	0.08196	0.14169	0.04035	0.03724	0.03365	0.02755	0.04469	0.11073	0.07529	0.17940	0.08020	0.06366	0.00867	0.00631	0.00180	0.03543	0.00722	0.00452	0.00711
21	0.02693	0.01045	0.03446	0.01101	0.01264	0.10280	0.06115	0.01256	0.01045	0.01403	0.03552	0.03957	0.01465	0.12192	0.38087	0.00577	0.07796	0.01869	0.00316	0.00541
22	0.41362	0.01274	0.03423	0.06808	0.20121	0.05153	0.01030	0.05715	0.01180	0.02177	0.00960	0.01246	0.00789	0.04298	0.00560	0.00187	0.00570	0.00409	0.00330	0.02408
23	0.01602	0.04794	0.01654	0.08244	0.04005	0.16277	0.08237	0.17085	0.05684	0.06537	0.01443	0.03938	0.02548	0.07184	0.05872	0.00246	0.00756	0.00566	0.00398	0.02932

[dist]
# distance from previous block
# <min> <max>
0	10

[block]
# block no. 5 follows, 42 sequences, length 7
# corresponding to MSA columns:
# 513-519
name=unknown_F
#
# <colnr> <probs for GDERKNQSTAVLIFYWHMCP>
#	G	D	E	R	K	N	Q	S	T	A	V	L	I	F	Y	W	H	M	C	P
0	0.10746	0.05266	0.09731	0.11465	0.12736	0.01127	0.01102	0.05960	0.02797	0.04304	0.04244	0.07879	0.01332	0.05466	0.03946	0.00219	0.00610	0.00576	0.00357	0.10137
1	0.01584	0.01004	0.01185	0.05659	0.01452	0.03037	0.00819	0.05912	0.11495	0.22259	0.09453	0.06421	0.08399	0.05653	0.00760	0.00214	0.00498	0.05000	0.00562	0.08632
2	0.00898	0.03878	0.03770	0.00758	0.00934	0.00751	0.00580	0.01267	0.12936	0.01644	0.14886	0.06324	0.23180	0.24287	0.01279	0.00290	0.00418	0.00915	0.00471	0.00533
3	0.01733	0.26016	0.14241	0.01318	0.01753	0.34225	0.01215	0.07210	0.01440	0.01582	0.00896	0.01042	0.00739	0.00566	0.00526	0.00149	0.03974	0.00368	0.00285	0.00723
4	0.00749	0.00548	0.00722	0.00817	0.00897	0.00502	0.00579	0.00877	0.01110	0.01496	0.02926	0.65143	0.03444	0.01635	0.00702	0.00221	0.00356	0.09930	0.00507	0.06838
5	0.01403	0.00944	0.01162	0.01122	0.05362	0.00995	0.00811	0.11608	0.15423	0.14311	0.02272	0.19635	0.04677	0.08255	0.03419	0.00252	0.03873	0.03245	0.00517	0.00713
6	0.04980	0.29945	0.07381	0.05960	0.09883	0.16421	0.05140	0.04889	0.01326	0.01627	0.01069	0.01501	0.00947	0.00603	0.00490	0.00157	0.00719	0.05946	0.00297	0.00721

[dist]
# distance from previous block
# <min> <max>
0	3

[block]
# block no. 6 follows, 42 sequences, length 18
# corresponding to MSA columns:
# 523-534,541-546
name=unknown_G
#
# <colnr> <probs for GDERKNQSTAVLIFYWHMCP>
#	G	D	E	R	K	N	Q	S	T	A	V	L	I	F	Y	W	H	M	C	P
0	0.03473	0.06757	0.10536	0.15272	0.11986	0.20358	0.03004	0.08118	0.05775	0.03786	0.01101	0.01318	0.00859	0.00656	0.02062	0.00183	0.03227	0.00455	0.00323	0.00750
1	0.04748	0.01203	0.01449	0.10944	0.12312	0.07936	0.02978	0.15003	0.04628	0.01927	0.03662	0.02031	0.03612	0.14213	0.07469	0.00299	0.03947	0.00590	0.00373	0.00675
2	0.01276	0.01290	0.03515	0.05522	0.23513	0.08114	0.09712	0.03529	0.05084	0.01854	0.09891	0.03535	0.07752	0.00688	0.00570	0.00163	0.00610	0.00625	0.00371	0.12387
3	0.01797	0.01535	0.01488	0.01244	0.01616	0.10325	0.00990	0.33638	0.35952	0.02752	0.01726	0.01655	0.01279	0.00705	0.00561	0.00176	0.00585	0.00549	0.00536	0.00892
4	0.01215	0.01317	0.13329	0.03798	0.05439	0.01064	0.10557	0.04522	0.15386	0.05440	0.05872	0.09877	0.06885	0.04565	0.00697	0.00196	0.00570	0.00722	0.00425	0.08121
5	0.01472	0.01053	0.01107	0.00953	0.01238	0.01166	0.00753	0.22220	0.27503	0.02588	0.01860	0.01892	0.01404	0.00699	0.00503	0.00162	0.00425	0.00558	0.31672	0.00771
6	0.01281	0.05628	0.14845	0.02111	0.02695	0.01411	0.56057	0.01756	0.01277	0.01752	0.01118	0.01468	0.00851	0.00662	0.04293	0.00218	0.00940	0.00604	0.00276	0.00756
7	0.01304	0.01253	0.03724	0.23664	0.20415	0.05503	0.11222	0.03911	0.01284	0.05628	0.01500	0.08496	0.04746	0.00712	0.00646	0.00185	0.04109	0.00646	0.00334	0.00719
8	0.00836	0.00576	0.00662	0.00645	0.00683	0.00561	0.00382	0.00863	0.00855	0.01162	0.01767	0.06583	0.02012	0.69177	0.05051	0.00513	0.00559	0.00811	0.00347	0.05955
9	0.00728	0.00560	0.00656	0.00655	0.00793	0.00498	0.00477	0.00906	0.01357	0.01782	0.33376	0.14558	0.35019	0.05157	0.00777	0.00207	0.00295	0.01156	0.00552	0.00489
10	0.01337	0.10492	0.25189	0.01820	0.14201	0.01412	0.12384	0.09224	0.06914	0.01949	0.01336	0.04149	0.01123	0.00651	0.00566	0.00179	0.00711	0.05224	0.00337	0.00804
11	0.01049	0.00926	0.01341	0.09861	0.22598	0.00963	0.01047	0.03503	0.05350	0.01731	0.05737	0.11893	0.20643	0.01030	0.00689	0.00194	0.04408	0.05963	0.00419	0.00655
12	0.00824	0.00590	0.00861	0.00861	0.00952	0.00675	0.00656	0.00991	0.00901	0.01308	0.01510	0.02273	0.01426	0.08769	0.66060	0.05193	0.01342	0.00607	0.03720	0.00480
13	0.01368	0.07335	0.14996	0.07725	0.04311	0.08936	0.25025	0.06078	0.05601	0.02782	0.01467	0.04872	0.04583	0.00648	0.00586	0.00179	0.00770	0.01660	0.00334	0.00744
14	0.03410	0.09226	0.25779	0.01614	0.07430	0.03389	0.13724	0.09938	0.03632	0.10639	0.01259	0.01393	0.00918	0.00565	0.00538	0.00170	0.00711	0.00488	0.04357	0.00819
15	0.00716	0.00521	0.00679	0.00781	0.00841	0.00495	0.00546	0.00833	0.01092	0.01439	0.03196	0.57048	0.11209	0.05780	0.06021	0.00288	0.00428	0.07127	0.00498	0.00461
16	0.01303	0.01597	0.17917	0.08516	0.20261	0.01278	0.16299	0.10906	0.01439	0.02003	0.06305	0.06942	0.01334	0.00660	0.00593	0.00181	0.00710	0.00627	0.00345	0.00784
17	0.03656	0.01596	0.12872	0.04178	0.26381	0.04603	0.09865	0.13316	0.06502	0.05259	0.01329	0.05535	0.01079	0.00628	0.00570	0.00177	0.00687	0.00567	0.00370	0.00833

[dist]
# distance from previous block
# <min> <max>
0	3

[block]
# block no. 7 follows, 42 sequences, length 26
# corresponding to MSA columns:
# 550-553,555-565,567-577
name=unknown_H
#
# <colnr> <probs for GDERKNQSTAVLIFYWHMCP>
#	G	D	E	R	K	N	Q	S	T	A	V	L	I	F	Y	W	H	M	C	P
0	0.44128	0.07279	0.10182	0.01066	0.01499	0.08759	0.04388	0.08323	0.03260	0.02269	0.00934	0.01064	0.00722	0.00541	0.00429	0.00165	0.00590	0.00368	0.00344	0.03692
1	0.19604	0.05392	0.17338	0.01289	0.05317	0.18099	0.01144	0.06637	0.01367	0.12136	0.01136	0.01288	0.00862	0.03489	0.00570	0.00177	0.00686	0.00418	0.00364	0.02686
2	0.00941	0.00762	0.03667	0.00866	0.01028	0.00709	0.00668	0.03958	0.10751	0.04073	0.16097	0.31658	0.08432	0.04871	0.06540	0.00271	0.00465	0.03151	0.00518	0.00575
3	0.02478	0.26351	0.06049	0.01365	0.08823	0.12910	0.01086	0.08923	0.09729	0.04782	0.03187	0.01319	0.01031	0.00592	0.00528	0.00150	0.03510	0.00432	0.00355	0.06399
4	0.06721	0.09280	0.42857	0.01572	0.07682	0.08573	0.04227	0.01791	0.01229	0.04157	0.01081	0.03894	0.00856	0.00573	0.00515	0.00168	0.00753	0.00452	0.00282	0.03339
5	0.01340	0.29484	0.37907	0.01328	0.01943	0.04420	0.03139	0.06500	0.01280	0.01706	0.01069	0.05514	0.00905	0.00595	0.00489	0.00159	0.00719	0.00452	0.00279	0.00773
6	0.01337	0.10572	0.31766	0.05145	0.12769	0.04570	0.11023	0.01769	0.01259	0.06709	0.03309	0.03617	0.01044	0.01998	0.00588	0.00178	0.00744	0.00516	0.00304	0.00783
7	0.01116	0.00661	0.00880	0.00940	0.05204	0.00599	0.00649	0.01281	0.01289	0.17098	0.09632	0.36376	0.16911	0.01350	0.00665	0.00203	0.00370	0.03627	0.00553	0.00596
8	0.00902	0.00588	0.00745	0.00728	0.00794	0.00609	0.00490	0.00986	0.00913	0.05445	0.01897	0.03187	0.05304	0.47362	0.27040	0.00625	0.00842	0.00752	0.00357	0.00434
9	0.01402	0.10470	0.32883	0.04524	0.06895	0.04062	0.07744	0.01930	0.06680	0.10712	0.04291	0.01617	0.01145	0.00612	0.00547	0.00174	0.00709	0.02453	0.00349	0.00802
10	0.01447	0.04695	0.21767	0.02180	0.31762	0.01284	0.02843	0.01997	0.10314	0.11061	0.01402	0.01662	0.01089	0.00605	0.00557	0.00176	0.00658	0.03279	0.00362	0.00861
11	0.01755	0.01097	0.05469	0.01041	0.01401	0.01013	0.00872	0.06283	0.23576	0.32366	0.12932	0.05898	0.02106	0.00822	0.00587	0.00182	0.00458	0.00689	0.00608	0.00845
12	0.12909	0.00930	0.03987	0.01060	0.06061	0.00855	0.02393	0.03325	0.04878	0.16219	0.17533	0.08977	0.12017	0.00976	0.00594	0.00187	0.00433	0.05469	0.00522	0.00676
13	0.01368	0.16853	0.24441	0.01956	0.23403	0.03641	0.04326	0.07059	0.03708	0.01828	0.01165	0.05654	0.00990	0.00600	0.00526	0.00166	0.00695	0.00507	0.00304	0.00810
14	0.01424	0.07703	0.09377	0.05295	0.04436	0.01016	0.00970	0.06433	0.05969	0.18616	0.08392	0.16690	0.02106	0.03977	0.00682	0.00201	0.00514	0.04987	0.00490	0.00721
15	0.00813	0.00611	0.00879	0.00899	0.00975	0.00608	0.04732	0.00932	0.01051	0.01405	0.02545	0.39032	0.04474	0.16293	0.05541	0.03600	0.02755	0.11951	0.00444	0.00461
16	0.06759	0.01410	0.12779	0.01613	0.16881	0.06768	0.02985	0.07114	0.03924	0.10215	0.01750	0.21961	0.01664	0.00887	0.00583	0.00186	0.00589	0.00770	0.00419	0.00741
17	0.08447	0.08963	0.17050	0.01374	0.08654	0.03668	0.03258	0.07388	0.03645	0.17525	0.02464	0.07427	0.03353	0.00834	0.03332	0.00200	0.00635	0.00578	0.00420	0.00785
18	0.01314	0.05591	0.31312	0.04563	0.13049	0.01268	0.09373	0.05568	0.03894	0.06508	0.01562	0.01701	0.07406	0.00620	0.00556	0.00173	0.00697	0.00538	0.00334	0.03972
19	0.27877	0.01020	0.01127	0.12993	0.07825	0.04090	0.00872	0.01531	0.07508	0.01896	0.03572	0.06581	0.06962	0.08579	0.00782	0.00221	0.02904	0.02672	0.00376	0.00612
20	0.03055	0.01232	0.08328	0.05376	0.06734	0.03995	0.10328	0.11234	0.05200	0.03824	0.09061	0.11300	0.07975	0.05848	0.00806	0.03257	0.00585	0.00767	0.00423	0.00673
21	0.01209	0.01360	0.12216	0.04108	0.03691	0.04978	0.08229	0.10357	0.08532	0.01946	0.07889	0.04656	0.14159	0.01141	0.07463	0.00245	0.03485	0.00703	0.00412	0.03220
22	0.04191	0.00992	0.06334	0.09657	0.04161	0.00911	0.03035	0.05834	0.04127	0.10148	0.04310	0.26730	0.02167	0.03336	0.00724	0.00209	0.02902	0.06084	0.00458	0.03692
23	0.01351	0.04081	0.07581	0.20586	0.30641	0.01374	0.07792	0.08943	0.06331	0.01933	0.03202	0.01517	0.01018	0.00568	0.00564	0.00175	0.00691	0.00526	0.00325	0.00803
24	0.06657	0.03285	0.13310	0.19996	0.05595	0.11566	0.01220	0.05998	0.01310	0.04449	0.01423	0.09122	0.04044	0.00702	0.00537	0.00169	0.00661	0.00572	0.00341	0.09044
25	0.01178	0.05595	0.14408	0.12516	0.15669	0.01129	0.10663	0.01540	0.01281	0.04710	0.11193	0.05530	0.06312	0.00713	0.00578	0.00173	0.00627	0.00650	0.00356	0.05180

[dist]
# distance from previous block
# <min> <max>
0	356

# created by:
# /home/cegg/simao/soft/augustus-3.2.1/scripts/msa2prfl.pl ./align_prep/EOG091G18YA.fa
