[name]
unknown

[dist]
# distance from previous block
# <min> <max>
0	248

[block]
# block no. 0 follows, 55 sequences, length 19
# corresponding to MSA columns:
# 264-282
name=unknown_A
#
# <colnr> <probs for GDERKNQSTAVLIFYWHMCP>
#	G	D	E	R	K	N	Q	S	T	A	V	L	I	F	Y	W	H	M	C	P
0	0.04519	0.00837	0.01089	0.00835	0.01196	0.00752	0.00689	0.08286	0.01370	0.69572	0.01706	0.01499	0.01087	0.00561	0.00458	0.00141	0.00402	0.00450	0.00547	0.04003
1	0.00965	0.00962	0.01454	0.70321	0.05951	0.07461	0.03921	0.01261	0.00972	0.01207	0.00824	0.01206	0.00626	0.00462	0.00464	0.00152	0.00641	0.00409	0.00211	0.00531
2	0.00842	0.00506	0.00647	0.00630	0.00748	0.00464	0.00457	0.01000	0.02312	0.13382	0.28789	0.28744	0.10571	0.07875	0.00700	0.00186	0.00285	0.00934	0.00469	0.00459
3	0.00962	0.00681	0.00809	0.00765	0.00912	0.00716	0.00567	0.13016	0.14394	0.06316	0.08434	0.32962	0.02186	0.07684	0.07138	0.00235	0.00418	0.00845	0.00433	0.00526
4	0.00675	0.00458	0.00541	0.00541	0.00553	0.00469	0.00324	0.00698	0.00686	0.00927	0.01435	0.02874	0.01617	0.72446	0.13471	0.00492	0.00562	0.00652	0.00277	0.00301
5	0.00661	0.00494	0.00719	0.00719	0.00799	0.00564	0.00550	0.00813	0.00754	0.01073	0.01394	0.02020	0.04219	0.09459	0.72717	0.00703	0.01148	0.00530	0.00259	0.00404
6	0.00932	0.00799	0.00925	0.00672	0.01065	0.00602	0.00536	0.01131	0.00972	0.01495	0.01136	0.01244	0.07039	0.00411	0.00361	0.00076	0.00336	0.00332	0.00288	0.79649
7	0.01351	0.01095	0.01161	0.00986	0.01283	0.01247	0.00783	0.26741	0.55324	0.02258	0.01648	0.01540	0.01221	0.00608	0.00471	0.00152	0.00414	0.00492	0.00471	0.00754
8	0.00567	0.00405	0.00540	0.00648	0.00675	0.00378	0.00432	0.00648	0.00891	0.01188	0.02564	0.83347	0.03077	0.01457	0.00594	0.00189	0.00270	0.01323	0.00432	0.00378
9	0.07729	0.00551	0.00670	0.00654	0.00779	0.00534	0.00474	0.03302	0.01023	0.13547	0.12868	0.34416	0.06072	0.11267	0.03756	0.00222	0.00353	0.00889	0.00429	0.00462
10	0.00685	0.00483	0.00715	0.00715	0.00782	0.00550	0.00541	0.00791	0.00724	0.01033	0.01196	0.01834	0.01141	0.07472	0.66413	0.12721	0.01086	0.00495	0.00244	0.00378
11	0.06608	0.01858	0.01193	0.01085	0.01326	0.60294	0.00820	0.01855	0.13120	0.01323	0.01116	0.01174	0.05210	0.00539	0.00427	0.00129	0.00706	0.00369	0.00289	0.00559
12	0.00686	0.00473	0.00601	0.00588	0.00697	0.00435	0.00438	0.00877	0.01212	0.03579	0.55022	0.13892	0.10551	0.01013	0.00542	0.00152	0.00237	0.03020	0.05549	0.00435
13	0.00951	0.00535	0.00692	0.00655	0.00788	0.00496	0.00485	0.01123	0.02845	0.17966	0.27827	0.21630	0.04516	0.11782	0.00779	0.00198	0.00311	0.04272	0.01665	0.00482
14	0.00776	0.00615	0.00898	0.21774	0.01505	0.00673	0.00837	0.01055	0.05435	0.01338	0.02028	0.16642	0.02144	0.01066	0.00580	0.00192	0.00449	0.41158	0.00375	0.00460
15	0.04753	0.03315	0.46692	0.01453	0.11135	0.01115	0.07600	0.07149	0.05749	0.05268	0.00965	0.01092	0.00702	0.00459	0.00448	0.00146	0.00617	0.00385	0.00260	0.00694
16	0.01232	0.01128	0.01688	0.20092	0.42597	0.04139	0.03721	0.16638	0.01263	0.01708	0.00908	0.01156	0.00716	0.00456	0.00464	0.00142	0.00578	0.00415	0.00272	0.00688
17	0.00738	0.04408	0.00734	0.05205	0.00873	0.00540	0.00498	0.00903	0.01075	0.03766	0.28467	0.19569	0.13260	0.05637	0.00621	0.00167	0.00299	0.02890	0.04843	0.05508
18	0.01358	0.01089	0.01121	0.00922	0.01233	0.05843	0.00735	0.27945	0.27128	0.05800	0.01630	0.01584	0.07337	0.00655	0.02007	0.00148	0.00449	0.00476	0.00428	0.12111

[dist]
# distance from previous block
# <min> <max>
0	4

[block]
# block no. 1 follows, 55 sequences, length 23
# corresponding to MSA columns:
# 287-309
name=unknown_B
#
# <colnr> <probs for GDERKNQSTAVLIFYWHMCP>
#	G	D	E	R	K	N	Q	S	T	A	V	L	I	F	Y	W	H	M	C	P
0	0.00864	0.00811	0.01354	0.78902	0.03090	0.01005	0.01250	0.01166	0.00936	0.01192	0.00999	0.01383	0.04156	0.00497	0.00469	0.00155	0.00603	0.00439	0.00217	0.00511
1	0.01144	0.06041	0.01559	0.30818	0.06356	0.14264	0.10989	0.01394	0.01037	0.04057	0.00845	0.01101	0.00663	0.00443	0.00464	0.00131	0.02676	0.00380	0.00241	0.15396
2	0.04810	0.00427	0.00610	0.00606	0.00620	0.00434	0.00409	0.00641	0.00615	0.00868	0.00801	0.01384	0.00794	0.01561	0.01747	0.82454	0.00402	0.00397	0.00206	0.00216
3	0.00668	0.00486	0.00685	0.00685	0.00746	0.00547	0.00503	0.00790	0.00729	0.01033	0.01304	0.02147	0.01302	0.24533	0.60952	0.00670	0.01037	0.00545	0.00258	0.00380
4	0.01351	0.44676	0.01907	0.00974	0.01269	0.21969	0.00853	0.04182	0.05119	0.01216	0.00740	0.00871	0.00649	0.00494	0.00514	0.00123	0.11974	0.00304	0.00233	0.00584
5	0.00885	0.00835	0.01397	0.79018	0.03118	0.01051	0.01280	0.01186	0.00921	0.01186	0.00818	0.01231	0.00620	0.00480	0.00511	0.00157	0.04172	0.00413	0.00207	0.00516
6	0.00586	0.00475	0.00522	0.00515	0.00658	0.00410	0.00390	0.00735	0.01131	0.01427	0.25255	0.04231	0.57186	0.01120	0.00553	0.00156	0.00238	0.03553	0.00454	0.00407
7	0.01244	0.83930	0.02438	0.00796	0.01194	0.01841	0.00796	0.01393	0.00945	0.01095	0.00647	0.00746	0.00597	0.00398	0.00299	0.00100	0.00498	0.00249	0.00199	0.00597
8	0.06417	0.24735	0.26787	0.08558	0.01717	0.06433	0.05747	0.05355	0.01048	0.03735	0.00807	0.00957	0.00627	0.00445	0.00421	0.00132	0.02276	0.00334	0.00236	0.03235
9	0.01248	0.01116	0.01119	0.01044	0.04562	0.11297	0.00780	0.04174	0.50030	0.05831	0.07666	0.01667	0.01440	0.00633	0.00531	0.00153	0.05099	0.00504	0.00426	0.00680
10	0.00680	0.00481	0.00624	0.00590	0.00706	0.00442	0.00445	0.00891	0.01291	0.03333	0.72007	0.04887	0.08424	0.00971	0.00550	0.00149	0.00229	0.02352	0.00506	0.00442
11	0.00573	0.00455	0.00511	0.00532	0.00647	0.00397	0.00384	0.00694	0.01049	0.01322	0.15298	0.23697	0.48650	0.02905	0.00598	0.00169	0.00246	0.01039	0.00441	0.00394
12	0.00569	0.00409	0.00540	0.00640	0.00674	0.00380	0.00430	0.00656	0.00911	0.01213	0.05338	0.77991	0.05662	0.01431	0.00591	0.00186	0.00267	0.01295	0.00435	0.00380
13	0.86937	0.00900	0.00684	0.00612	0.00900	0.01044	0.00504	0.01368	0.00792	0.02087	0.00648	0.00756	0.00504	0.00432	0.00288	0.00144	0.00360	0.00252	0.00288	0.00504
14	0.02087	0.00792	0.01080	0.00828	0.01188	0.00684	0.00684	0.02267	0.01332	0.81071	0.01835	0.01583	0.01152	0.00576	0.00468	0.00144	0.00396	0.00468	0.00576	0.00792
15	0.00566	0.00408	0.00536	0.00638	0.00672	0.00379	0.00428	0.00649	0.00900	0.01191	0.02679	0.79135	0.07215	0.01443	0.00591	0.00187	0.00268	0.01304	0.00432	0.00379
16	0.00965	0.00827	0.00965	0.00689	0.01102	0.00620	0.00551	0.01171	0.00965	0.01516	0.00827	0.00965	0.00689	0.00345	0.00345	0.00069	0.00345	0.00276	0.00276	0.86494
17	0.00644	0.00441	0.00513	0.00538	0.00552	0.00431	0.00320	0.00669	0.00746	0.00987	0.01893	0.21643	0.06223	0.60288	0.01862	0.00375	0.00398	0.00842	0.00324	0.00310
18	0.00968	0.00886	0.01501	0.59085	0.12543	0.01035	0.05834	0.01282	0.02301	0.03750	0.00893	0.01252	0.00682	0.00529	0.02159	0.00165	0.02516	0.00425	0.00229	0.01967
19	0.16684	0.01202	0.02583	0.02224	0.07896	0.05834	0.00843	0.38894	0.08040	0.05988	0.01066	0.01114	0.00785	0.00540	0.00456	0.01906	0.00488	0.00388	0.00390	0.02678
20	0.00800	0.02070	0.01980	0.09675	0.04662	0.00705	0.03650	0.01079	0.06132	0.01372	0.04916	0.12306	0.06786	0.02215	0.05326	0.00219	0.03174	0.30261	0.02192	0.00477
21	0.01422	0.00980	0.01048	0.00898	0.01182	0.04566	0.00710	0.07862	0.44809	0.21710	0.01887	0.01739	0.04906	0.00627	0.00467	0.00150	0.00395	0.00511	0.03411	0.00719
22	0.01156	0.10211	0.07170	0.14335	0.17355	0.07513	0.12302	0.06827	0.03564	0.01475	0.02268	0.01136	0.00756	0.00473	0.00517	0.00139	0.06020	0.00404	0.00252	0.06127

[dist]
# distance from previous block
# <min> <max>
4	14

[block]
# block no. 2 follows, 55 sequences, length 17
# corresponding to MSA columns:
# 324-340
name=unknown_C
#
# <colnr> <probs for GDERKNQSTAVLIFYWHMCP>
#	G	D	E	R	K	N	Q	S	T	A	V	L	I	F	Y	W	H	M	C	P
0	0.00940	0.02361	0.78143	0.01351	0.02030	0.01084	0.04770	0.01474	0.00987	0.01474	0.00839	0.00993	0.00594	0.00440	0.00446	0.00148	0.00691	0.00352	0.00198	0.00685
1	0.10185	0.03755	0.01321	0.03373	0.06963	0.64217	0.00904	0.01751	0.01229	0.01260	0.00724	0.00861	0.00600	0.00468	0.00408	0.00124	0.00758	0.00305	0.00242	0.00550
2	0.00641	0.00478	0.00598	0.00576	0.00696	0.00435	0.00438	0.00840	0.01252	0.01717	0.61034	0.03771	0.19771	0.01015	0.00554	0.00152	0.00234	0.04879	0.00491	0.00429
3	0.09381	0.01039	0.01550	0.29692	0.39480	0.04310	0.01241	0.03655	0.02606	0.01496	0.00858	0.01142	0.00684	0.00445	0.00444	0.00144	0.00564	0.00396	0.00240	0.00633
4	0.59791	0.00865	0.00810	0.00681	0.00992	0.00928	0.00561	0.01655	0.00964	0.27357	0.01028	0.01021	0.00711	0.00478	0.00345	0.00144	0.00371	0.00321	0.00380	0.00596
5	0.00652	0.00475	0.00612	0.00578	0.00691	0.00436	0.00434	0.00865	0.01301	0.01827	0.75715	0.03538	0.09202	0.00965	0.00549	0.00147	0.00220	0.00850	0.00507	0.00436
6	0.00611	0.00471	0.00558	0.00542	0.00667	0.00418	0.00404	0.00784	0.01196	0.01592	0.46774	0.07298	0.34876	0.01064	0.00551	0.00152	0.00228	0.00918	0.00477	0.00418
7	0.01484	0.01162	0.01236	0.01013	0.01334	0.01310	0.00815	0.43504	0.38344	0.02473	0.01478	0.01405	0.01084	0.00592	0.00469	0.00148	0.00445	0.00469	0.00469	0.00766
8	0.00795	0.00521	0.00721	0.00804	0.00909	0.00507	0.00668	0.00974	0.01045	0.06682	0.02446	0.23959	0.02672	0.01279	0.00619	0.00203	0.00388	0.53928	0.00439	0.00440
9	0.01641	0.02058	0.01258	0.01154	0.01380	0.73809	0.00863	0.01796	0.03745	0.01167	0.00879	0.06396	0.00791	0.00550	0.00433	0.00126	0.00786	0.00375	0.00260	0.00535
10	0.00933	0.02406	0.81240	0.01326	0.02014	0.01080	0.01719	0.01473	0.00982	0.01473	0.00835	0.00982	0.00589	0.00442	0.00442	0.00147	0.00688	0.00344	0.00196	0.00688
11	0.01136	0.44881	0.26511	0.00969	0.01448	0.04410	0.01059	0.01451	0.03726	0.01283	0.00768	0.00878	0.00632	0.00418	0.00358	0.00114	0.00549	0.00292	0.00217	0.08899
12	0.00697	0.00540	0.00782	0.00764	0.00831	0.00643	0.00588	0.00840	0.00737	0.01064	0.01213	0.01886	0.01170	0.11845	0.66116	0.00667	0.08448	0.00509	0.00249	0.00409
13	0.00933	0.02406	0.81240	0.01326	0.02014	0.01080	0.01719	0.01473	0.00982	0.01473	0.00835	0.00982	0.00589	0.00442	0.00442	0.00147	0.00688	0.00344	0.00196	0.00688
14	0.00820	0.00655	0.00763	0.00779	0.00909	0.00704	0.00575	0.01412	0.32758	0.01533	0.05403	0.42337	0.02437	0.01093	0.00547	0.00176	0.00317	0.05802	0.00452	0.00528
15	0.01062	0.00982	0.01440	0.25463	0.29032	0.06081	0.03314	0.04754	0.05150	0.01393	0.02596	0.03059	0.00885	0.01896	0.01969	0.09073	0.00567	0.00449	0.00255	0.00578
16	0.00748	0.00523	0.00718	0.06527	0.00916	0.00560	0.00542	0.00871	0.00840	0.05231	0.03957	0.13576	0.06065	0.22559	0.28594	0.00438	0.02446	0.04162	0.00321	0.00405

[dist]
# distance from previous block
# <min> <max>
4	5

[block]
# block no. 3 follows, 55 sequences, length 6
# corresponding to MSA columns:
# 346-351
name=unknown_D
#
# <colnr> <probs for GDERKNQSTAVLIFYWHMCP>
#	G	D	E	R	K	N	Q	S	T	A	V	L	I	F	Y	W	H	M	C	P
0	0.01150	0.03895	0.35972	0.04444	0.17594	0.01083	0.09110	0.05432	0.03845	0.08443	0.00985	0.01130	0.00723	0.00452	0.00454	0.00142	0.00605	0.00396	0.00266	0.03878
1	0.03670	0.16722	0.43356	0.06066	0.09458	0.01224	0.03593	0.05348	0.01050	0.04172	0.00850	0.00999	0.00637	0.00441	0.00420	0.00138	0.00611	0.00349	0.00231	0.00668
2	0.00794	0.00411	0.00608	0.00604	0.00614	0.00407	0.00407	0.00631	0.00673	0.00907	0.08264	0.01607	0.01143	0.01554	0.01699	0.78390	0.00387	0.00445	0.00231	0.00224
3	0.03983	0.01367	0.16519	0.14771	0.25341	0.06918	0.06628	0.07378	0.01107	0.04270	0.00908	0.01179	0.00718	0.03356	0.00560	0.00156	0.03534	0.00408	0.00254	0.00645
4	0.04384	0.05164	0.09092	0.06214	0.25562	0.04107	0.04700	0.08496	0.03126	0.16732	0.01197	0.07101	0.00963	0.00545	0.00459	0.00144	0.00523	0.00474	0.00334	0.00681
5	0.00932	0.00715	0.00965	0.09855	0.03792	0.03937	0.02495	0.02524	0.02276	0.08714	0.05420	0.28025	0.03338	0.01209	0.07624	0.03221	0.09680	0.04435	0.00358	0.00486

[dist]
# distance from previous block
# <min> <max>
0	35

[block]
# block no. 4 follows, 55 sequences, length 32
# corresponding to MSA columns:
# 387-418
name=unknown_E
#
# <colnr> <probs for GDERKNQSTAVLIFYWHMCP>
#	G	D	E	R	K	N	Q	S	T	A	V	L	I	F	Y	W	H	M	C	P
0	0.74227	0.02886	0.00842	0.00711	0.01002	0.09073	0.02704	0.01420	0.00856	0.01955	0.00663	0.00777	0.00521	0.00435	0.00308	0.00141	0.00422	0.00265	0.00280	0.00513
1	0.00642	0.00475	0.00600	0.00568	0.00685	0.00432	0.00426	0.00847	0.01279	0.01776	0.69337	0.03623	0.15612	0.00985	0.00549	0.00148	0.00222	0.00862	0.00500	0.00432
2	0.01062	0.09256	0.47505	0.01486	0.09663	0.01166	0.12833	0.03066	0.04834	0.03476	0.00919	0.01072	0.00679	0.00443	0.00449	0.00144	0.00645	0.00386	0.00234	0.00682
3	0.00974	0.00901	0.01726	0.01299	0.01563	0.00865	0.41472	0.01190	0.00929	0.05118	0.01189	0.01990	0.01124	0.34124	0.01305	0.00276	0.02599	0.00593	0.00270	0.00493
4	0.00571	0.00415	0.00541	0.00640	0.00680	0.00384	0.00436	0.00660	0.00910	0.01200	0.02737	0.74343	0.09421	0.01429	0.00592	0.00187	0.00272	0.03769	0.00432	0.00381
5	0.00997	0.01022	0.01963	0.29801	0.07658	0.01090	0.35445	0.01318	0.01010	0.01380	0.03342	0.01312	0.00803	0.00474	0.00581	0.00156	0.06983	0.00487	0.03605	0.00574
6	0.00570	0.00415	0.00531	0.00621	0.00661	0.00383	0.00416	0.00651	0.00899	0.01181	0.02750	0.70646	0.11646	0.05428	0.00675	0.00198	0.00275	0.01253	0.00425	0.00375
7	0.01476	0.02578	0.04560	0.03467	0.01442	0.01144	0.04300	0.38147	0.07078	0.10079	0.01136	0.01171	0.00825	0.00508	0.00462	0.00129	0.02114	0.00401	0.00399	0.18586
8	0.01084	0.00928	0.00986	0.00892	0.01136	0.01057	0.00692	0.02245	0.69152	0.01907	0.09193	0.02019	0.05291	0.00685	0.00484	0.00157	0.00349	0.00575	0.00475	0.00694
9	0.00854	0.00721	0.00978	0.05432	0.01145	0.00735	0.07450	0.01378	0.21927	0.01775	0.41296	0.02592	0.05506	0.00765	0.00513	0.00147	0.00338	0.00682	0.00445	0.05323
10	0.01223	0.78553	0.07636	0.00831	0.01248	0.01791	0.00857	0.01398	0.00948	0.01120	0.00659	0.00762	0.00597	0.00401	0.00308	0.00103	0.00510	0.00255	0.00199	0.00603
11	0.00614	0.00462	0.00542	0.00572	0.00660	0.00429	0.00411	0.00705	0.00920	0.01162	0.03097	0.18208	0.35139	0.17884	0.06330	0.02922	0.00377	0.08818	0.00382	0.00367
12	0.03244	0.00676	0.00735	0.00681	0.00804	0.00731	0.00478	0.06387	0.22859	0.01420	0.04108	0.02540	0.06795	0.41016	0.05301	0.00326	0.00447	0.00623	0.00363	0.00466
13	0.29451	0.07000	0.30358	0.01048	0.01504	0.03338	0.06758	0.05073	0.01011	0.07607	0.00848	0.00960	0.00622	0.00456	0.00414	0.00144	0.02181	0.00335	0.00271	0.00622
14	0.01471	0.00815	0.00986	0.00814	0.01092	0.00811	0.00652	0.10998	0.18530	0.34023	0.19024	0.02096	0.05218	0.00693	0.00490	0.00148	0.00358	0.00578	0.00521	0.00686
15	0.00965	0.00827	0.00965	0.00689	0.01102	0.00620	0.00551	0.01171	0.00965	0.01516	0.00827	0.00965	0.00689	0.00345	0.00345	0.00069	0.00345	0.00276	0.00276	0.86494
16	0.01384	0.04301	0.04159	0.00895	0.01203	0.03736	0.00750	0.37959	0.13589	0.02263	0.01268	0.01312	0.00950	0.00542	0.00421	0.00130	0.00433	0.00418	0.19431	0.04857
17	0.00940	0.03490	0.05268	0.01254	0.01546	0.00865	0.33838	0.03503	0.01065	0.04422	0.05487	0.22794	0.06825	0.03069	0.00612	0.00171	0.02107	0.01874	0.00332	0.00537
18	0.04409	0.10787	0.46019	0.01220	0.03891	0.01147	0.04952	0.08396	0.02290	0.09458	0.02597	0.01099	0.00760	0.00471	0.00433	0.00141	0.00597	0.00373	0.00275	0.00684
19	0.01201	0.08686	0.01775	0.05889	0.38877	0.14753	0.07646	0.01433	0.01060	0.01355	0.00900	0.01282	0.00789	0.00567	0.02479	0.00157	0.06128	0.04152	0.00237	0.00633
20	0.00571	0.00422	0.00534	0.00612	0.00668	0.00385	0.00419	0.00669	0.00954	0.01253	0.09019	0.63270	0.16784	0.01369	0.00583	0.00180	0.00260	0.01225	0.00438	0.00385
21	0.00977	0.01184	0.15426	0.09709	0.14562	0.04637	0.09726	0.01287	0.04565	0.02931	0.02065	0.11014	0.04916	0.02597	0.03278	0.02441	0.07274	0.00563	0.00276	0.00571
22	0.01060	0.05035	0.16772	0.20416	0.29039	0.01103	0.05661	0.07286	0.01088	0.01502	0.00972	0.06193	0.00823	0.00505	0.00464	0.00146	0.00584	0.00457	0.00248	0.00647
23	0.74723	0.00884	0.00741	0.00643	0.00941	0.00992	0.00530	0.01497	0.00869	0.13457	0.00819	0.00875	0.00597	0.00453	0.00314	0.00144	0.00365	0.00283	0.00329	0.00545
24	0.00643	0.00467	0.00605	0.00587	0.00690	0.00430	0.00434	0.00842	0.01257	0.01761	0.68174	0.12426	0.07904	0.01018	0.00554	0.00152	0.00226	0.00902	0.00499	0.00430
25	0.01203	0.29510	0.16134	0.05307	0.06587	0.10351	0.09660	0.04898	0.03412	0.02353	0.00939	0.01938	0.02076	0.00482	0.00431	0.00132	0.01875	0.01847	0.00245	0.00620
26	0.00672	0.00449	0.00509	0.00513	0.00514	0.00448	0.00288	0.00675	0.00685	0.00913	0.01507	0.06073	0.01744	0.80550	0.02301	0.00441	0.00444	0.00701	0.00288	0.00286
27	0.00727	0.00509	0.00562	0.00541	0.00708	0.00439	0.00411	0.00877	0.02441	0.09348	0.09295	0.09642	0.59398	0.01114	0.00545	0.00158	0.00258	0.02133	0.00453	0.00441
28	0.01210	0.06643	0.08973	0.02130	0.03080	0.29470	0.05665	0.02735	0.01119	0.04893	0.02550	0.20864	0.01368	0.00869	0.04199	0.00174	0.00627	0.02591	0.00307	0.00534
29	0.02117	0.07495	0.07745	0.15431	0.37148	0.06673	0.07193	0.05859	0.01106	0.01482	0.00948	0.01186	0.02669	0.00454	0.00452	0.00140	0.00595	0.00411	0.00242	0.00656
30	0.00859	0.00705	0.00952	0.00919	0.04773	0.00825	0.01581	0.06071	0.00903	0.01274	0.08467	0.02245	0.02699	0.25920	0.15563	0.00359	0.21132	0.04015	0.00296	0.00444
31	0.02510	0.00970	0.03691	0.32676	0.12250	0.04843	0.03492	0.08976	0.02480	0.04785	0.05134	0.08960	0.04986	0.00626	0.00495	0.00152	0.01552	0.00544	0.00305	0.00574

[dist]
# distance from previous block
# <min> <max>
0	21

[block]
# block no. 5 follows, 55 sequences, length 60
# corresponding to MSA columns:
# 440-499
name=unknown_F
#
# <colnr> <probs for GDERKNQSTAVLIFYWHMCP>
#	G	D	E	R	K	N	Q	S	T	A	V	L	I	F	Y	W	H	M	C	P
0	0.20829	0.04040	0.03488	0.03822	0.11578	0.14085	0.05579	0.15269	0.03875	0.04383	0.00936	0.01058	0.00718	0.00473	0.00405	0.00134	0.00529	0.00363	0.05301	0.03136
1	0.03355	0.01167	0.01243	0.00990	0.01318	0.01298	0.00806	0.56640	0.16762	0.02634	0.03947	0.01336	0.01045	0.00582	0.00459	0.00142	0.00457	0.00451	0.04622	0.00746
2	0.00656	0.00475	0.00619	0.00583	0.00694	0.00438	0.00437	0.00874	0.01312	0.01854	0.79114	0.03493	0.05785	0.00955	0.00549	0.00147	0.00220	0.00844	0.00511	0.00438
3	0.00665	0.00498	0.00748	0.00748	0.00831	0.00582	0.00582	0.00831	0.00748	0.01080	0.01246	0.01828	0.01163	0.03489	0.81807	0.00748	0.01246	0.00498	0.00249	0.00415
4	0.00646	0.00475	0.00604	0.00572	0.00687	0.00434	0.00429	0.00853	0.01287	0.01794	0.71584	0.03593	0.13353	0.00978	0.00549	0.00148	0.00221	0.00858	0.00503	0.00434
5	0.01018	0.01018	0.01425	0.01221	0.01221	0.01425	0.01018	0.01120	0.00712	0.01120	0.00611	0.01018	0.00611	0.00814	0.01527	0.00204	0.82799	0.00407	0.00204	0.00509
6	0.00867	0.00434	0.00434	0.00434	0.00542	0.00434	0.00325	0.01084	0.00976	0.01734	0.01518	0.01734	0.01192	0.00542	0.00325	0.00108	0.00217	0.00434	0.86233	0.00434
7	0.01151	0.01105	0.01888	0.02855	0.80748	0.01105	0.01428	0.01428	0.01059	0.01520	0.00875	0.01151	0.00737	0.00415	0.00461	0.00138	0.00553	0.00415	0.00230	0.00737
8	0.02087	0.00792	0.01080	0.00828	0.01188	0.00684	0.00684	0.02267	0.01332	0.81071	0.01835	0.01583	0.01152	0.00576	0.00468	0.00144	0.00396	0.00468	0.00576	0.00792
9	0.86937	0.00900	0.00684	0.00612	0.00900	0.01044	0.00504	0.01368	0.00792	0.02087	0.00648	0.00756	0.00504	0.00432	0.00288	0.00144	0.00360	0.00252	0.00288	0.00504
10	0.00879	0.00827	0.01395	0.82532	0.03204	0.01034	0.01292	0.01189	0.00930	0.01189	0.00827	0.01240	0.00620	0.00465	0.00465	0.00155	0.00620	0.00413	0.00207	0.00517
11	0.08053	0.01041	0.01092	0.02424	0.01244	0.01182	0.00743	0.25494	0.43122	0.02201	0.01513	0.01503	0.01142	0.03179	0.00510	0.00158	0.00412	0.00471	0.03810	0.00705
12	0.00871	0.00816	0.01374	0.80507	0.03142	0.01017	0.01271	0.01175	0.00929	0.01189	0.00870	0.03271	0.00681	0.00490	0.00468	0.00156	0.00611	0.00436	0.00212	0.00513
13	0.01768	0.01303	0.01396	0.01070	0.01443	0.01443	0.00884	0.79197	0.02187	0.02932	0.01117	0.01117	0.00791	0.00558	0.00465	0.00140	0.00512	0.00419	0.00465	0.00791
14	0.02026	0.00805	0.01078	0.00836	0.01189	0.00715	0.00687	0.02281	0.06502	0.75864	0.01839	0.01593	0.01169	0.00579	0.00468	0.00145	0.00394	0.00472	0.00569	0.00788
15	0.01188	0.00992	0.01053	0.00943	0.01209	0.01141	0.00735	0.02465	0.77261	0.04611	0.01892	0.01731	0.01411	0.00629	0.00473	0.00157	0.00369	0.00524	0.00477	0.00738
16	0.00616	0.00446	0.00589	0.00664	0.00729	0.00419	0.00487	0.00748	0.01010	0.01348	0.16130	0.49493	0.08548	0.01319	0.00592	0.00184	0.00289	0.15545	0.00445	0.00399
17	0.00851	0.00529	0.00691	0.00625	0.00770	0.00488	0.00477	0.01094	0.03351	0.11834	0.68571	0.03192	0.03905	0.00896	0.00537	0.00146	0.00246	0.00786	0.00519	0.00491
18	0.34545	0.00810	0.00881	0.00727	0.01028	0.00816	0.00593	0.04219	0.01131	0.39069	0.06881	0.05052	0.01203	0.00586	0.00410	0.00146	0.00368	0.00448	0.00451	0.00638
19	0.01229	0.00540	0.00625	0.00551	0.00734	0.00508	0.00432	0.01435	0.01081	0.25272	0.01612	0.01690	0.01180	0.00552	0.00368	0.00119	0.00270	0.00444	0.60820	0.00540
20	0.00665	0.00498	0.00748	0.00748	0.00831	0.00582	0.00582	0.00831	0.00748	0.01080	0.01246	0.01828	0.01163	0.03489	0.81807	0.00748	0.01246	0.00498	0.00249	0.00415
21	0.00566	0.00408	0.00537	0.00640	0.00673	0.00379	0.00428	0.00649	0.00898	0.01191	0.02661	0.79807	0.06554	0.01445	0.00592	0.00188	0.00268	0.01307	0.00432	0.00379
22	0.00673	0.00511	0.00642	0.00708	0.00835	0.00480	0.00597	0.00850	0.01067	0.01340	0.03330	0.04951	0.32682	0.01244	0.00607	0.00192	0.00354	0.48093	0.00430	0.00415
23	0.01037	0.01122	0.07987	0.11941	0.25603	0.03074	0.17051	0.02417	0.05773	0.01461	0.01223	0.01838	0.02299	0.00600	0.00547	0.01772	0.01887	0.11478	0.00274	0.00616
24	0.00951	0.03019	0.02339	0.11606	0.26191	0.03592	0.04281	0.01166	0.01031	0.03548	0.08554	0.15855	0.07874	0.00758	0.00563	0.00156	0.05211	0.02433	0.00315	0.00560
25	0.01138	0.01229	0.01257	0.02864	0.03913	0.23166	0.00904	0.01267	0.00901	0.01128	0.00798	0.01177	0.00743	0.02579	0.17632	0.00293	0.37885	0.00401	0.00225	0.00502
26	0.25305	0.02723	0.01114	0.05704	0.08222	0.20036	0.03051	0.04032	0.02222	0.01596	0.02225	0.02423	0.00803	0.00659	0.04525	0.00168	0.04785	0.00372	0.09496	0.00537
27	0.00784	0.00423	0.00620	0.00630	0.00650	0.00430	0.00441	0.00671	0.00673	0.00920	0.01040	0.04466	0.01050	0.01734	0.09590	0.66357	0.00477	0.05176	0.03616	0.00252
28	0.05261	0.04897	0.01266	0.01039	0.03803	0.06074	0.00811	0.32703	0.31848	0.03285	0.03315	0.01371	0.01092	0.00574	0.00452	0.00144	0.00461	0.00449	0.00430	0.00723
29	0.01027	0.00846	0.00986	0.00709	0.01119	0.00657	0.00569	0.04520	0.01026	0.03570	0.00864	0.00987	0.00705	0.00359	0.00353	0.00074	0.00353	0.00287	0.00291	0.80699
30	0.01065	0.07533	0.47865	0.03044	0.04065	0.02059	0.12680	0.03421	0.03186	0.05431	0.00951	0.01160	0.00717	0.04181	0.00538	0.00159	0.00647	0.00398	0.00241	0.00660
31	0.01029	0.05369	0.44689	0.04115	0.12022	0.03170	0.14326	0.01478	0.03045	0.01445	0.00864	0.01064	0.00651	0.00452	0.00506	0.00148	0.04357	0.00391	0.00216	0.00664
32	0.02022	0.00788	0.01060	0.00820	0.01170	0.00692	0.00675	0.02240	0.03842	0.76237	0.01828	0.01593	0.01161	0.00577	0.00464	0.00143	0.00390	0.00469	0.03050	0.00780
33	0.00689	0.00522	0.00672	0.02695	0.00793	0.00516	0.02274	0.00871	0.01102	0.01543	0.34297	0.06749	0.22212	0.02466	0.05053	0.00187	0.04612	0.00783	0.11534	0.00430
34	0.02147	0.10500	0.19344	0.07612	0.05492	0.07504	0.14413	0.09562	0.02960	0.03895	0.01046	0.08134	0.00891	0.00555	0.00504	0.00147	0.03919	0.00475	0.00277	0.00624
35	0.00940	0.00700	0.03223	0.02979	0.06192	0.00710	0.01963	0.01096	0.02293	0.10443	0.02736	0.04614	0.03962	0.27185	0.11533	0.00330	0.10074	0.06083	0.02474	0.00469
36	0.00630	0.00472	0.00596	0.00663	0.00759	0.00439	0.00516	0.00776	0.01030	0.01326	0.08955	0.29125	0.24922	0.01283	0.00594	0.00185	0.00309	0.26578	0.00437	0.00403
37	0.01222	0.00988	0.06088	0.30243	0.21254	0.00961	0.04468	0.01547	0.04218	0.18918	0.03205	0.01417	0.02389	0.00505	0.00471	0.00148	0.00538	0.00453	0.00317	0.00650
38	0.01361	0.04087	0.16270	0.05049	0.11687	0.04681	0.03596	0.27513	0.12318	0.05516	0.01189	0.01251	0.02316	0.00523	0.00459	0.00143	0.00547	0.00425	0.00353	0.00715
39	0.00917	0.00810	0.01277	0.06495	0.38995	0.00800	0.03074	0.01150	0.01069	0.01502	0.10667	0.04213	0.16664	0.00665	0.00479	0.00142	0.00421	0.00601	0.09477	0.00580
40	0.00879	0.00827	0.01395	0.82532	0.03204	0.01034	0.01292	0.01189	0.00930	0.01189	0.00827	0.01240	0.00620	0.00465	0.00465	0.00155	0.00620	0.00413	0.00207	0.00517
41	0.01112	0.00957	0.03508	0.00791	0.01206	0.00775	0.01847	0.13656	0.01168	0.02984	0.00891	0.01004	0.00710	0.00386	0.00372	0.00085	0.00389	0.00308	0.00308	0.67544
42	0.01011	0.01012	0.01457	0.03313	0.01306	0.01392	0.03649	0.01129	0.00732	0.01133	0.00639	0.01046	0.00624	0.00838	0.02876	0.00210	0.76505	0.00414	0.00206	0.00511
43	0.00574	0.00472	0.00504	0.00496	0.00643	0.00403	0.00372	0.00714	0.01116	0.01390	0.21252	0.04258	0.63938	0.01129	0.00550	0.00155	0.00232	0.00951	0.00449	0.00403
44	0.00726	0.00539	0.00735	0.05618	0.04475	0.00548	0.00568	0.00861	0.02395	0.04646	0.06872	0.47376	0.11906	0.02316	0.00679	0.02532	0.05358	0.01019	0.00399	0.00434
45	0.00582	0.00432	0.00537	0.00595	0.00661	0.00394	0.00410	0.00690	0.00985	0.01297	0.15321	0.50745	0.19459	0.04818	0.00653	0.00187	0.00262	0.01147	0.00438	0.00387
46	0.03519	0.00926	0.03614	0.40097	0.05355	0.01068	0.01083	0.06485	0.00997	0.05537	0.00928	0.03288	0.00749	0.00568	0.00664	0.00158	0.16971	0.00428	0.04115	0.03450
47	0.02481	0.03222	0.10719	0.06283	0.04967	0.04224	0.05513	0.31145	0.09183	0.03200	0.01049	0.01155	0.00788	0.00566	0.01741	0.00150	0.05579	0.00407	0.00346	0.07282
48	0.08154	0.01011	0.02508	0.08533	0.26813	0.03659	0.04566	0.02976	0.04472	0.20752	0.02369	0.01265	0.00882	0.00473	0.00441	0.00136	0.00492	0.00413	0.00340	0.09744
49	0.01090	0.01221	0.02554	0.01900	0.04920	0.01205	0.66827	0.01442	0.01049	0.01446	0.00898	0.01222	0.00695	0.00445	0.00667	0.00162	0.10884	0.00527	0.00231	0.00617
50	0.00763	0.00516	0.00800	0.04275	0.00897	0.00526	0.05660	0.00758	0.00790	0.01061	0.05870	0.16462	0.04205	0.04656	0.04713	0.40610	0.03080	0.03748	0.00285	0.00326
51	0.01132	0.13104	0.30085	0.03149	0.03015	0.08430	0.14935	0.03683	0.03729	0.04771	0.01108	0.04863	0.03481	0.00523	0.00472	0.00143	0.02042	0.00446	0.00260	0.00630
52	0.01570	0.00736	0.00972	0.04265	0.01157	0.00687	0.00662	0.03943	0.06856	0.48389	0.13992	0.04861	0.04996	0.00717	0.00496	0.00151	0.00370	0.03980	0.00523	0.00676
53	0.00572	0.00418	0.00539	0.00628	0.00675	0.00385	0.00428	0.00665	0.00932	0.01229	0.06305	0.69512	0.11965	0.01400	0.00588	0.00184	0.00266	0.02489	0.00435	0.00383
54	0.03242	0.06389	0.13547	0.19260	0.13778	0.10079	0.08854	0.01360	0.02352	0.01326	0.00943	0.06080	0.00816	0.00641	0.03511	0.00171	0.06380	0.00449	0.00236	0.00585
55	0.00930	0.04478	0.13220	0.10745	0.06463	0.00930	0.09318	0.03763	0.08202	0.02697	0.02935	0.10534	0.15001	0.00728	0.00555	0.00156	0.05496	0.00624	0.02660	0.00564
56	0.00683	0.00482	0.00609	0.00603	0.00629	0.00520	0.00397	0.00737	0.00700	0.00964	0.01373	0.02606	0.01495	0.56267	0.27106	0.00536	0.03081	0.00613	0.00269	0.00330
57	0.00858	0.00742	0.01066	0.03021	0.01074	0.00937	0.02714	0.04291	0.00809	0.01185	0.01012	0.01548	0.00955	0.06905	0.39606	0.00470	0.30347	0.00471	0.01524	0.00465
58	0.01212	0.08695	0.08334	0.07350	0.27375	0.08717	0.17146	0.08036	0.04698	0.01548	0.00935	0.02173	0.00751	0.00455	0.00462	0.00140	0.00622	0.00428	0.00258	0.00665
59	0.01198	0.03981	0.08366	0.07102	0.12361	0.13337	0.11581	0.09376	0.12027	0.01568	0.01297	0.03511	0.06211	0.00573	0.00534	0.00148	0.05418	0.00481	0.00301	0.00628

[dist]
# distance from previous block
# <min> <max>
0	44

# created by:
# /home/cegg/simao/soft/augustus-3.2.1/scripts/msa2prfl.pl ./align_prep/EOG091G0R21.fa
