[name]
unknown

[dist]
# distance from previous block
# <min> <max>
0	160

[block]
# block no. 0 follows, 56 sequences, length 59
# corresponding to MSA columns:
# 194-197,199-227,250-259,262-277
name=unknown_A
#
# <colnr> <probs for GDERKNQSTAVLIFYWHMCP>
#	G	D	E	R	K	N	Q	S	T	A	V	L	I	F	Y	W	H	M	C	P
0	0.00885	0.00834	0.01409	0.77435	0.08349	0.01025	0.01284	0.01189	0.00926	0.01195	0.00819	0.01218	0.00620	0.00456	0.00459	0.00152	0.00608	0.00408	0.00206	0.00524
1	0.00659	0.00425	0.00568	0.00651	0.00700	0.00393	0.00443	0.00746	0.00908	0.06513	0.02482	0.78101	0.02910	0.01380	0.00578	0.00183	0.00275	0.01249	0.00436	0.00400
2	0.00704	0.00482	0.00698	0.00689	0.00742	0.00540	0.00511	0.00765	0.00733	0.01037	0.06420	0.01888	0.01300	0.09781	0.46991	0.21781	0.03829	0.00504	0.00253	0.00351
3	0.01570	0.00798	0.00966	0.00782	0.01064	0.00785	0.00632	0.14689	0.09991	0.38811	0.09717	0.01718	0.01440	0.00604	0.00447	0.00137	0.00360	0.00492	0.14314	0.00683
4	0.01119	0.01087	0.01895	0.06789	0.71840	0.01092	0.06595	0.01401	0.01041	0.01481	0.00866	0.01147	0.00719	0.00410	0.00461	0.00138	0.00564	0.00418	0.00226	0.00709
5	0.17909	0.00835	0.01013	0.00793	0.01136	0.00791	0.00655	0.07218	0.01271	0.61304	0.01545	0.01380	0.00993	0.00541	0.00428	0.00142	0.00392	0.00419	0.00508	0.00728
6	0.00651	0.00519	0.00629	0.00597	0.00716	0.00506	0.00453	0.00860	0.03985	0.01566	0.43881	0.06870	0.29505	0.01014	0.00605	0.00154	0.05748	0.00857	0.00454	0.00431
7	0.00662	0.00447	0.00503	0.00502	0.00513	0.00442	0.00287	0.00675	0.00707	0.00940	0.04521	0.03079	0.05060	0.77351	0.02196	0.00422	0.00428	0.00686	0.00293	0.00288
8	0.01123	0.00814	0.00907	0.00825	0.01042	0.00890	0.00634	0.04994	0.45930	0.10420	0.05980	0.15457	0.01758	0.00761	0.00480	0.00155	0.00338	0.00650	0.06200	0.00641
9	0.82129	0.00911	0.00716	0.00630	0.00919	0.01053	0.00519	0.05907	0.00862	0.02108	0.00666	0.00767	0.00514	0.00433	0.00294	0.00142	0.00364	0.00258	0.00294	0.00514
10	0.06419	0.00510	0.00690	0.00685	0.00766	0.00581	0.00515	0.00827	0.00728	0.01100	0.01230	0.01953	0.01200	0.17990	0.61981	0.00644	0.01028	0.00508	0.00254	0.00392
11	0.01068	0.01020	0.01748	0.12770	0.59732	0.01044	0.05989	0.01349	0.02256	0.01422	0.00916	0.01287	0.00784	0.05979	0.00586	0.00160	0.00558	0.00436	0.00232	0.00663
12	0.06614	0.00821	0.01330	0.77287	0.03010	0.01021	0.01223	0.01185	0.00909	0.01232	0.00804	0.01192	0.00604	0.00457	0.00447	0.00152	0.00595	0.00397	0.00209	0.00509
13	0.84497	0.00900	0.00696	0.00618	0.00904	0.01042	0.00509	0.03740	0.00823	0.02085	0.00653	0.00757	0.00506	0.00430	0.00289	0.00142	0.00360	0.00254	0.00289	0.00506
14	0.00627	0.00495	0.00753	0.00852	0.05466	0.00467	0.05670	0.00739	0.00902	0.01211	0.02328	0.73346	0.02748	0.01309	0.00575	0.00181	0.00316	0.01203	0.00402	0.00410
15	0.00872	0.00821	0.01386	0.81214	0.04670	0.01021	0.01278	0.01178	0.00920	0.01179	0.00817	0.01222	0.00614	0.00458	0.00459	0.00153	0.00611	0.00408	0.00204	0.00514
16	0.01688	0.02144	0.01303	0.03811	0.01475	0.79413	0.00900	0.01812	0.01289	0.01125	0.00713	0.00841	0.00592	0.00473	0.00415	0.00119	0.00821	0.00299	0.00235	0.00532
17	0.01053	0.01189	0.02582	0.01859	0.02298	0.01115	0.74731	0.01422	0.01072	0.01453	0.01022	0.06041	0.00833	0.00448	0.00544	0.00157	0.00744	0.00586	0.00244	0.00605
18	0.01024	0.01020	0.01404	0.24800	0.04443	0.06099	0.02286	0.03573	0.00864	0.01198	0.00720	0.01094	0.00633	0.00742	0.03652	0.00195	0.45115	0.00403	0.00215	0.00521
19	0.00934	0.02110	0.67554	0.01222	0.01828	0.01034	0.01511	0.01520	0.08895	0.01516	0.03801	0.01131	0.00802	0.00469	0.00439	0.00144	0.00618	0.00372	0.00235	0.03863
20	0.03612	0.01611	0.01421	0.01252	0.03249	0.40893	0.05506	0.05447	0.01102	0.01259	0.00706	0.00933	0.00612	0.00586	0.00806	0.00151	0.29721	0.00355	0.00236	0.00543
21	0.01115	0.01008	0.01293	0.01086	0.01352	0.01143	0.12291	0.02158	0.60305	0.01788	0.01626	0.01591	0.01232	0.00599	0.00551	0.00157	0.06538	0.00511	0.02972	0.00685
22	0.01991	0.00892	0.01134	0.00869	0.01227	0.00839	0.00718	0.19145	0.01499	0.64151	0.01656	0.01462	0.01059	0.00564	0.00461	0.00141	0.00416	0.00451	0.00544	0.00781
23	0.00558	0.00405	0.00527	0.00625	0.00662	0.00374	0.00420	0.00641	0.00893	0.01178	0.02703	0.77139	0.09352	0.01416	0.00582	0.00184	0.00264	0.01278	0.00426	0.00374
24	0.00564	0.00411	0.00531	0.00618	0.00663	0.00378	0.00419	0.00657	0.00924	0.01224	0.08015	0.70255	0.10896	0.01377	0.00579	0.00180	0.00260	0.01240	0.00432	0.00378
25	0.01138	0.01102	0.01752	0.14686	0.63605	0.04500	0.01351	0.03716	0.01070	0.01476	0.00857	0.01135	0.00706	0.00423	0.00454	0.00138	0.00566	0.00404	0.00231	0.00688
26	0.00568	0.00461	0.00503	0.00503	0.00638	0.00397	0.00373	0.00704	0.01091	0.01370	0.21594	0.09766	0.58165	0.01132	0.00545	0.00155	0.00231	0.00961	0.00444	0.00397
27	0.00956	0.11763	0.72407	0.01248	0.01894	0.01152	0.01592	0.01445	0.00965	0.01411	0.00803	0.00943	0.00582	0.00431	0.00420	0.00140	0.00657	0.00328	0.00194	0.00668
28	0.85490	0.00886	0.00682	0.00608	0.00893	0.01023	0.00501	0.01366	0.00791	0.03568	0.00662	0.00761	0.00509	0.00429	0.00287	0.00142	0.00356	0.00253	0.00290	0.00503
29	0.00932	0.00526	0.00645	0.00583	0.00732	0.00498	0.00448	0.03088	0.02247	0.12470	0.44257	0.02602	0.02865	0.00758	0.00464	0.00133	0.00248	0.00650	0.25362	0.00491
30	0.01891	0.04339	0.13458	0.15468	0.03748	0.15214	0.00981	0.03684	0.07658	0.01315	0.02315	0.01359	0.01895	0.02771	0.18691	0.00280	0.03713	0.00417	0.00257	0.00545
31	0.01510	0.01241	0.04240	0.09821	0.04073	0.13024	0.02165	0.21472	0.19062	0.16692	0.01296	0.01295	0.00929	0.00538	0.00455	0.00142	0.00523	0.00427	0.00400	0.00695
32	0.01016	0.00980	0.01713	0.33398	0.42054	0.01052	0.07873	0.01309	0.01000	0.01368	0.00899	0.01302	0.00739	0.00453	0.00469	0.00147	0.00586	0.02791	0.00225	0.00625
33	0.07016	0.07117	0.09130	0.05535	0.23796	0.07450	0.03787	0.02314	0.08871	0.02520	0.00994	0.03551	0.00832	0.00682	0.05894	0.00175	0.02905	0.00409	0.00266	0.06757
34	0.01147	0.26934	0.38755	0.01103	0.01579	0.09580	0.01228	0.01497	0.02960	0.04165	0.00802	0.00927	0.00627	0.00462	0.00469	0.00132	0.06466	0.00320	0.00220	0.00629
35	0.06134	0.00995	0.01076	0.00906	0.01194	0.01100	0.00723	0.22329	0.40256	0.11118	0.07871	0.01620	0.01393	0.00612	0.00460	0.00148	0.00391	0.00495	0.00469	0.00711
36	0.02434	0.15827	0.28996	0.03576	0.01533	0.05297	0.07617	0.05318	0.05156	0.01383	0.01038	0.09764	0.00925	0.00655	0.00561	0.08072	0.00560	0.00459	0.00254	0.00574
37	0.00672	0.00444	0.00504	0.00504	0.00504	0.00444	0.00282	0.00665	0.00665	0.00887	0.01425	0.02951	0.01640	0.81136	0.02319	0.03305	0.00444	0.00659	0.00276	0.00276
38	0.00656	0.00492	0.00738	0.00738	0.00820	0.00574	0.00574	0.00820	0.00738	0.01066	0.01230	0.01804	0.01148	0.03443	0.82046	0.00738	0.01230	0.00492	0.00246	0.00410
39	0.00624	0.00445	0.00563	0.00596	0.00674	0.00408	0.00422	0.00754	0.01038	0.02810	0.27678	0.38076	0.14582	0.06027	0.00667	0.00184	0.00263	0.03348	0.00445	0.00397
40	0.87108	0.00888	0.00675	0.00604	0.00888	0.01030	0.00497	0.01350	0.00781	0.02060	0.00639	0.00746	0.00497	0.00426	0.00284	0.00142	0.00355	0.00249	0.00284	0.00497
41	0.01136	0.01091	0.01863	0.02818	0.81002	0.01091	0.01409	0.01409	0.01045	0.01500	0.00864	0.01136	0.00727	0.00409	0.00455	0.00136	0.00545	0.00409	0.00227	0.00727
42	0.00943	0.00893	0.01514	0.60321	0.25013	0.01040	0.01313	0.01239	0.00954	0.01265	0.00829	0.01199	0.00644	0.00445	0.00458	0.00148	0.00593	0.00408	0.00211	0.00571
43	0.00805	0.00434	0.00461	0.00459	0.00565	0.00425	0.00342	0.01011	0.01012	0.01697	0.13452	0.05085	0.04131	0.00648	0.00370	0.00117	0.00217	0.00537	0.67807	0.00425
44	0.01467	0.00650	0.00876	0.00716	0.00968	0.00573	0.00573	0.01661	0.01308	0.47925	0.34983	0.02347	0.02479	0.00724	0.00495	0.00143	0.00318	0.00617	0.00542	0.00635
45	0.00658	0.00485	0.00702	0.00702	0.00771	0.00554	0.00529	0.00797	0.00727	0.01039	0.01263	0.01986	0.01227	0.15686	0.69912	0.00693	0.01110	0.00519	0.00251	0.00390
46	0.00642	0.00467	0.00605	0.00575	0.00682	0.00429	0.00429	0.00850	0.01274	0.01792	0.74782	0.06351	0.07467	0.00966	0.00543	0.00146	0.00219	0.00853	0.00499	0.00429
47	0.00656	0.00492	0.00738	0.00738	0.00820	0.00574	0.00574	0.00820	0.00738	0.01066	0.01230	0.01804	0.01148	0.03443	0.82046	0.00738	0.01230	0.00492	0.00246	0.00410
48	0.01056	0.01009	0.01719	0.26550	0.57894	0.01070	0.01369	0.01339	0.01008	0.01403	0.00849	0.01162	0.00693	0.00424	0.00456	0.00141	0.00565	0.00409	0.00220	0.00663
49	0.12317	0.00745	0.00942	0.00749	0.01057	0.00681	0.00612	0.01924	0.01235	0.59317	0.11200	0.01693	0.01445	0.00594	0.00445	0.00141	0.00359	0.00479	0.03374	0.00693
50	0.03721	0.01139	0.04868	0.05052	0.65388	0.01093	0.09175	0.01408	0.01034	0.01502	0.00860	0.01131	0.00708	0.00410	0.00458	0.00139	0.00569	0.00415	0.00228	0.00701
51	0.01461	0.01611	0.01443	0.09086	0.22916	0.41506	0.01048	0.06305	0.05625	0.03440	0.00877	0.01031	0.00700	0.00470	0.00436	0.00130	0.00676	0.00360	0.00266	0.00614
52	0.01213	0.01270	0.01613	0.14166	0.47159	0.18229	0.01225	0.01488	0.03627	0.01385	0.00855	0.01096	0.00701	0.00434	0.00443	0.00133	0.00602	0.00383	0.00235	0.03743
53	0.06140	0.00983	0.01139	0.01150	0.10477	0.01110	0.02623	0.02187	0.62445	0.01850	0.01675	0.03683	0.01296	0.00602	0.00460	0.00153	0.00391	0.00511	0.00422	0.00702
54	0.01146	0.00872	0.01132	0.12760	0.15556	0.04791	0.00824	0.09417	0.01214	0.10403	0.16514	0.01654	0.01491	0.00558	0.00444	0.00129	0.00426	0.00476	0.08752	0.11443
55	0.01161	0.00726	0.00860	0.00749	0.00966	0.00745	0.00588	0.03615	0.24998	0.20021	0.24473	0.02339	0.08093	0.00738	0.00508	0.00147	0.02245	0.00617	0.05804	0.00608
56	0.00987	0.00841	0.01044	0.05625	0.06601	0.00691	0.00655	0.01247	0.04258	0.02915	0.00881	0.01023	0.00717	0.00367	0.00362	0.00083	0.00372	0.00303	0.00278	0.70750
57	0.69644	0.00931	0.00854	0.02051	0.02408	0.03340	0.04924	0.01361	0.02801	0.01918	0.00773	0.04264	0.00647	0.00480	0.00349	0.00145	0.01989	0.00325	0.00286	0.00510
58	0.26209	0.08958	0.01319	0.10116	0.14323	0.05270	0.01774	0.05678	0.05947	0.06106	0.00869	0.01023	0.00683	0.00486	0.00485	0.00142	0.07992	0.00350	0.00284	0.01987

[dist]
# distance from previous block
# <min> <max>
0	53

[block]
# block no. 1 follows, 56 sequences, length 46
# corresponding to MSA columns:
# 331-376
name=unknown_B
#
# <colnr> <probs for GDERKNQSTAVLIFYWHMCP>
#	G	D	E	R	K	N	Q	S	T	A	V	L	I	F	Y	W	H	M	C	P
0	0.01128	0.01128	0.05747	0.14420	0.49770	0.04621	0.04797	0.01403	0.01040	0.05176	0.01919	0.03319	0.00816	0.00469	0.00483	0.00142	0.02275	0.00437	0.00247	0.00664
1	0.01151	0.00987	0.04103	0.01601	0.33526	0.00865	0.00960	0.06021	0.01091	0.08481	0.01016	0.04797	0.00847	0.00453	0.00418	0.00114	0.00446	0.00401	0.00295	0.32426
2	0.01500	0.01420	0.01238	0.01054	0.01334	0.23585	0.00830	0.28335	0.29219	0.02002	0.01245	0.01237	0.00940	0.00563	0.00485	0.00141	0.03378	0.00418	0.00392	0.00684
3	0.01131	0.01140	0.01726	0.18436	0.51168	0.08581	0.04809	0.01415	0.02478	0.01396	0.00854	0.01137	0.00699	0.00438	0.00482	0.00141	0.02678	0.00406	0.00227	0.00655
4	0.00778	0.00630	0.00726	0.00688	0.00831	0.00662	0.00517	0.01264	0.24204	0.01615	0.29095	0.11851	0.16685	0.04603	0.00639	0.00170	0.03298	0.00794	0.00450	0.00500
5	0.00876	0.00825	0.01394	0.80017	0.05834	0.01022	0.01280	0.01181	0.00922	0.01184	0.00818	0.01221	0.00616	0.00457	0.00459	0.00152	0.00610	0.00408	0.00205	0.00517
6	0.01241	0.00626	0.00821	0.00691	0.00906	0.00570	0.00546	0.04921	0.01344	0.32415	0.46862	0.02608	0.02945	0.00779	0.00507	0.00143	0.00296	0.00670	0.00527	0.00582
7	0.00556	0.00468	0.00484	0.00487	0.00638	0.00396	0.00370	0.00681	0.01058	0.01273	0.08009	0.04407	0.73886	0.01157	0.00547	0.00157	0.00240	0.04365	0.00430	0.00391
8	0.00797	0.00399	0.00598	0.00598	0.00598	0.00399	0.00399	0.00598	0.00598	0.00797	0.00797	0.01396	0.00797	0.01595	0.01794	0.86643	0.00399	0.00399	0.00199	0.00199
9	0.87108	0.00888	0.00675	0.00604	0.00888	0.01030	0.00497	0.01350	0.00781	0.02060	0.00639	0.00746	0.00497	0.00426	0.00284	0.00142	0.00355	0.00249	0.00284	0.00497
10	0.01114	0.01068	0.01824	0.09322	0.74669	0.01085	0.01398	0.01390	0.01035	0.01473	0.00860	0.01143	0.00718	0.00413	0.00455	0.00138	0.00551	0.00409	0.00225	0.00710
11	0.00638	0.00469	0.00597	0.00565	0.00679	0.00428	0.00424	0.00844	0.01272	0.01775	0.72445	0.03537	0.12687	0.00963	0.00542	0.00146	0.00218	0.00845	0.00497	0.00428
12	0.01045	0.00889	0.00947	0.00870	0.01100	0.01008	0.00676	0.02115	0.64873	0.01782	0.02115	0.02222	0.08002	0.04446	0.00568	0.00172	0.00360	0.05697	0.00452	0.00659
13	0.00891	0.00842	0.01415	0.74276	0.08967	0.01037	0.01277	0.01189	0.00921	0.01196	0.00813	0.01211	0.00620	0.00466	0.00490	0.00153	0.03095	0.00408	0.00206	0.00526
14	0.01369	0.00880	0.01033	0.00804	0.01147	0.00815	0.00646	0.16000	0.09643	0.22107	0.01417	0.06283	0.02695	0.00551	0.00426	0.00118	0.00379	0.00449	0.00415	0.32822
15	0.01004	0.01004	0.01406	0.01205	0.01205	0.01406	0.01004	0.01105	0.00703	0.01105	0.00603	0.01004	0.00603	0.00804	0.01507	0.00201	0.83025	0.00402	0.00201	0.00502
16	0.87108	0.00888	0.00675	0.00604	0.00888	0.01030	0.00497	0.01350	0.00781	0.02060	0.00639	0.00746	0.00497	0.00426	0.00284	0.00142	0.00355	0.00249	0.00284	0.00497
17	0.01478	0.01540	0.01115	0.01062	0.05381	0.45706	0.00769	0.05482	0.07324	0.05870	0.01055	0.01155	0.00825	0.00504	0.00405	0.00122	0.00606	0.00362	0.18679	0.00561
18	0.03738	0.01270	0.01328	0.06752	0.01513	0.05971	0.00880	0.61193	0.08509	0.02570	0.01112	0.01137	0.00803	0.00543	0.00453	0.00139	0.00516	0.00411	0.00425	0.00736
19	0.87108	0.00888	0.00675	0.00604	0.00888	0.01030	0.00497	0.01350	0.00781	0.02060	0.00639	0.00746	0.00497	0.00426	0.00284	0.00142	0.00355	0.00249	0.00284	0.00497
20	0.06635	0.00751	0.00905	0.00793	0.01024	0.00756	0.00652	0.15736	0.04074	0.21106	0.19889	0.02675	0.02113	0.00799	0.00504	0.00157	0.00371	0.17868	0.02598	0.00593
21	0.00697	0.00476	0.00617	0.00578	0.00693	0.00439	0.00435	0.00909	0.01277	0.04217	0.72945	0.04481	0.05319	0.00923	0.00531	0.00144	0.00223	0.00813	0.03844	0.00442
22	0.00867	0.00816	0.01377	0.82762	0.03162	0.01020	0.01275	0.01173	0.00918	0.01173	0.00816	0.01224	0.00612	0.00459	0.00459	0.00153	0.00612	0.00408	0.00204	0.00510
23	0.02020	0.00790	0.01064	0.00822	0.01173	0.00695	0.00677	0.02246	0.04776	0.77834	0.01814	0.01569	0.01148	0.00571	0.00462	0.00143	0.00389	0.00464	0.00564	0.00779
24	0.01099	0.01050	0.01772	0.13774	0.67934	0.01083	0.01370	0.01407	0.03354	0.01467	0.00887	0.01165	0.00731	0.00422	0.00455	0.00139	0.00549	0.00412	0.00231	0.00697
25	0.00668	0.00445	0.00501	0.00501	0.00501	0.00445	0.00278	0.00668	0.00668	0.00890	0.01447	0.03004	0.01669	0.83866	0.02337	0.00445	0.00445	0.00668	0.00278	0.00278
26	0.01088	0.01040	0.01545	0.38907	0.32610	0.05977	0.01256	0.06333	0.04147	0.01433	0.00887	0.01178	0.00696	0.00453	0.00455	0.00144	0.00583	0.00406	0.00241	0.00620
27	0.01266	0.01056	0.01324	0.19967	0.07764	0.02199	0.00975	0.29612	0.14946	0.01968	0.04667	0.01328	0.00982	0.00574	0.00574	0.00151	0.09186	0.00446	0.00356	0.00657
28	0.01715	0.02188	0.01301	0.01183	0.01419	0.82022	0.00887	0.01833	0.01301	0.01124	0.00710	0.00828	0.00591	0.00473	0.00414	0.00118	0.00828	0.00296	0.00237	0.00532
29	0.00564	0.00403	0.00538	0.00645	0.00673	0.00377	0.00434	0.00647	0.00884	0.01177	0.02528	0.81514	0.03026	0.01434	0.00587	0.00187	0.00270	0.03311	0.00426	0.00374
30	0.00952	0.00816	0.00952	0.00680	0.01088	0.00612	0.00544	0.01156	0.00952	0.01496	0.00816	0.00952	0.00680	0.00340	0.00340	0.00068	0.00340	0.00272	0.00272	0.86672
31	0.15859	0.00846	0.01011	0.00782	0.01134	0.00786	0.00643	0.08359	0.01244	0.50071	0.01414	0.01301	0.00935	0.00510	0.00414	0.00131	0.00387	0.00395	0.00469	0.13311
32	0.01108	0.02793	0.01764	0.06595	0.56920	0.02169	0.04318	0.01410	0.04802	0.01447	0.01982	0.01177	0.00783	0.00475	0.00579	0.00146	0.10199	0.00420	0.00238	0.00676
33	0.03861	0.00806	0.01071	0.00823	0.01177	0.00715	0.00680	0.05633	0.01340	0.76160	0.01755	0.01525	0.01107	0.00564	0.00458	0.00142	0.00395	0.00455	0.00557	0.00775
34	0.00666	0.00502	0.00639	0.00708	0.00828	0.00475	0.00595	0.00840	0.01047	0.01321	0.03190	0.07779	0.29277	0.01238	0.00601	0.00191	0.00352	0.48917	0.00424	0.00409
35	0.87108	0.00888	0.00675	0.00604	0.00888	0.01030	0.00497	0.01350	0.00781	0.02060	0.00639	0.00746	0.00497	0.00426	0.00284	0.00142	0.00355	0.00249	0.00284	0.00497
36	0.04921	0.01025	0.01410	0.10050	0.10070	0.04856	0.02700	0.01307	0.00861	0.09053	0.00785	0.01083	0.00666	0.00661	0.01055	0.00176	0.48116	0.00401	0.00246	0.00558
37	0.03163	0.00849	0.01338	0.72020	0.02906	0.01045	0.01203	0.04693	0.05831	0.01317	0.00889	0.01236	0.00665	0.00472	0.00455	0.00152	0.00585	0.00411	0.00233	0.00535
38	0.00586	0.00482	0.00518	0.00506	0.00653	0.00421	0.00380	0.00762	0.03496	0.01405	0.22786	0.04100	0.60108	0.01093	0.00540	0.00153	0.00233	0.00922	0.00446	0.00409
39	0.00885	0.00836	0.01400	0.75646	0.06493	0.01040	0.01269	0.01180	0.00914	0.01184	0.00809	0.01210	0.00617	0.00472	0.00505	0.00154	0.04253	0.00408	0.00205	0.00519
40	0.00601	0.00467	0.00546	0.00527	0.00656	0.00413	0.00395	0.00772	0.01185	0.01569	0.46264	0.03878	0.38997	0.01040	0.00542	0.00149	0.00224	0.00893	0.00470	0.00413
41	0.00717	0.00513	0.00709	0.00786	0.00890	0.00505	0.00669	0.00926	0.01102	0.01464	0.18376	0.06870	0.02996	0.01206	0.00614	0.00197	0.00377	0.60222	0.00440	0.00424
42	0.02930	0.02995	0.00719	0.00716	0.00810	0.00578	0.00528	0.10070	0.01045	0.01414	0.02213	0.58969	0.02542	0.01311	0.02687	0.00194	0.00345	0.09082	0.00415	0.00437
43	0.02371	0.03009	0.00824	0.00782	0.02611	0.00664	0.00596	0.03944	0.02199	0.01197	0.01297	0.01790	0.03188	0.03940	0.66842	0.00629	0.01076	0.00489	0.02113	0.00442
44	0.00931	0.00787	0.00939	0.03874	0.01126	0.00639	0.00572	0.02838	0.00989	0.01511	0.04714	0.03277	0.03011	0.00440	0.00393	0.00085	0.02118	0.00357	0.01920	0.69480
45	0.01612	0.01223	0.01281	0.01007	0.01344	0.04432	0.00828	0.65896	0.01976	0.02638	0.02718	0.01393	0.02324	0.00593	0.00462	0.00138	0.00492	0.04047	0.02336	0.03258

[dist]
# distance from previous block
# <min> <max>
0	117

# created by:
# /home/cegg/simao/soft/augustus-3.2.1/scripts/msa2prfl.pl ./align_prep/EOG091G112U.fa
