[name]
unknown

[dist]
# distance from previous block
# <min> <max>
5	40

[block]
# block no. 0 follows, 59 sequences, length 48
# corresponding to MSA columns:
# 42-74,76-90
name=unknown_A
#
# <colnr> <probs for GDERKNQSTAVLIFYWHMCP>
#	G	D	E	R	K	N	Q	S	T	A	V	L	I	F	Y	W	H	M	C	P
0	0.77115	0.01917	0.02663	0.00631	0.00918	0.01022	0.00534	0.04793	0.04170	0.01986	0.00688	0.00776	0.00530	0.00423	0.00292	0.00137	0.00357	0.00259	0.00285	0.00505
1	0.00911	0.04115	0.53066	0.01077	0.01581	0.00985	0.01261	0.02838	0.15425	0.01494	0.04253	0.01382	0.06606	0.00518	0.00430	0.00139	0.00535	0.00416	0.00267	0.02701
2	0.01650	0.02105	0.01252	0.01138	0.01365	0.82705	0.00853	0.01764	0.01252	0.01081	0.00683	0.00796	0.00569	0.00455	0.00398	0.00114	0.00796	0.00284	0.00228	0.00512
3	0.01449	0.01126	0.01240	0.00985	0.01312	0.01243	0.02868	0.50721	0.25867	0.02398	0.01266	0.01235	0.00925	0.00537	0.00441	0.00135	0.00444	0.00425	0.00430	0.04954
4	0.01093	0.01049	0.01793	0.02711	0.81723	0.01049	0.01355	0.01355	0.01006	0.01443	0.00831	0.01093	0.00700	0.00394	0.00437	0.00131	0.00525	0.00394	0.00219	0.00700
5	0.01854	0.00898	0.01110	0.00853	0.01193	0.00871	0.00704	0.26796	0.01520	0.55093	0.03414	0.01406	0.01058	0.00550	0.00445	0.00135	0.00407	0.00438	0.00512	0.00744
6	0.01170	0.00669	0.02906	0.00688	0.00898	0.02621	0.00555	0.03827	0.01251	0.30354	0.42152	0.06797	0.02712	0.00766	0.00488	0.00139	0.00306	0.00659	0.00488	0.00552
7	0.01330	0.03488	0.29083	0.00938	0.01352	0.00842	0.00974	0.03913	0.08529	0.32803	0.10888	0.01500	0.01276	0.00545	0.00441	0.00138	0.00455	0.00444	0.00394	0.00668
8	0.01982	0.00752	0.01025	0.00786	0.01127	0.00649	0.00649	0.02152	0.01264	0.82029	0.01742	0.01503	0.01093	0.00547	0.00444	0.00137	0.00376	0.00444	0.00547	0.00752
9	0.00928	0.00899	0.01436	0.60599	0.22226	0.04054	0.01244	0.01208	0.00927	0.01204	0.00792	0.01143	0.00615	0.00430	0.00439	0.00142	0.00581	0.00389	0.00203	0.00543
10	0.01620	0.01116	0.18068	0.00957	0.01361	0.00793	0.05749	0.05161	0.03461	0.52438	0.03694	0.01401	0.01035	0.00520	0.00446	0.00138	0.00455	0.00434	0.00443	0.00711
11	0.00843	0.00794	0.01341	0.80668	0.05722	0.00984	0.01231	0.01136	0.00887	0.01139	0.00787	0.01175	0.00593	0.00440	0.00441	0.00147	0.00587	0.00393	0.00197	0.00498
12	0.01078	0.01034	0.01766	0.07343	0.77207	0.01045	0.01348	0.01342	0.00999	0.01425	0.00828	0.01098	0.00693	0.00396	0.00437	0.00132	0.00528	0.00393	0.00217	0.00688
13	0.01610	0.03405	0.19668	0.00987	0.02693	0.03408	0.03565	0.05948	0.03736	0.48302	0.01386	0.01294	0.00911	0.00503	0.00435	0.00136	0.00474	0.00408	0.00420	0.00709
14	0.01571	0.03062	0.27810	0.00971	0.01411	0.04865	0.00996	0.06253	0.01192	0.45400	0.01316	0.01240	0.00862	0.00496	0.00430	0.00136	0.00496	0.00391	0.00399	0.00703
15	0.01553	0.00762	0.01093	0.00979	0.08039	0.00700	0.04776	0.03112	0.05430	0.50584	0.11157	0.04579	0.02701	0.00617	0.00465	0.00140	0.00382	0.01779	0.00479	0.00672
16	0.01067	0.01039	0.01819	0.09480	0.68589	0.01049	0.07759	0.01341	0.00998	0.01414	0.00832	0.01108	0.00688	0.00396	0.00444	0.00134	0.00548	0.00404	0.00217	0.00673
17	0.01281	0.05013	0.21208	0.05622	0.10580	0.00932	0.16462	0.01586	0.01059	0.26759	0.01171	0.04433	0.00859	0.00484	0.00450	0.00140	0.00542	0.00445	0.00320	0.00654
18	0.01450	0.04338	0.21352	0.00935	0.02595	0.03850	0.02095	0.03330	0.01168	0.41118	0.09806	0.01543	0.03316	0.00552	0.00441	0.00136	0.00453	0.00450	0.00409	0.00663
19	0.01198	0.10134	0.36502	0.01262	0.11640	0.01015	0.03536	0.03610	0.03733	0.18672	0.02343	0.01185	0.02275	0.00467	0.00421	0.00134	0.00532	0.00383	0.00293	0.00665
20	0.01158	0.24540	0.09823	0.02526	0.06230	0.08003	0.11629	0.01441	0.05511	0.09746	0.06792	0.04345	0.02340	0.00521	0.00451	0.00130	0.03516	0.00432	0.00284	0.00584
21	0.01369	0.07721	0.20196	0.01919	0.03310	0.00970	0.06058	0.10264	0.04595	0.28596	0.04345	0.02563	0.02174	0.00531	0.00471	0.00138	0.03315	0.00432	0.00368	0.00664
22	0.01001	0.00999	0.06156	0.31171	0.39242	0.00989	0.05401	0.01285	0.00964	0.04329	0.00904	0.03966	0.00741	0.00450	0.00447	0.00140	0.00552	0.00427	0.00228	0.00607
23	0.01023	0.00936	0.03549	0.18049	0.50077	0.00933	0.01184	0.01278	0.00997	0.05804	0.05375	0.06814	0.01034	0.00506	0.00451	0.00138	0.00497	0.00474	0.00259	0.00622
24	0.01122	0.01237	0.17770	0.05750	0.19904	0.00960	0.24410	0.02672	0.01044	0.12993	0.02209	0.05974	0.00892	0.00483	0.00468	0.00143	0.00576	0.00480	0.00278	0.00634
25	0.01065	0.01078	0.05837	0.14206	0.44280	0.01023	0.18074	0.01361	0.01001	0.05047	0.00903	0.02500	0.00724	0.00421	0.00457	0.00139	0.00576	0.00434	0.00233	0.00641
26	0.01193	0.02952	0.39382	0.03362	0.06126	0.00952	0.11582	0.01557	0.01027	0.21544	0.01075	0.01222	0.00766	0.00473	0.00472	0.00142	0.02898	0.02329	0.00289	0.00656
27	0.01063	0.00885	0.12509	0.01003	0.10263	0.00668	0.02126	0.02751	0.04035	0.21575	0.03989	0.22415	0.13226	0.00810	0.00484	0.00150	0.00384	0.00706	0.00391	0.00566
28	0.00938	0.07544	0.72260	0.01235	0.01855	0.01066	0.04224	0.01413	0.00942	0.03413	0.00808	0.00941	0.00577	0.00419	0.00415	0.00137	0.00637	0.00330	0.00197	0.00648
29	0.01152	0.76820	0.09990	0.00804	0.01208	0.01678	0.00840	0.01330	0.00901	0.01074	0.00631	0.00730	0.00566	0.00382	0.00296	0.00099	0.00490	0.00245	0.00189	0.00575
30	0.01514	0.01145	0.21271	0.03778	0.06828	0.00777	0.02848	0.01780	0.01125	0.47748	0.01429	0.05612	0.01002	0.00541	0.00446	0.00140	0.00464	0.00454	0.00409	0.00691
31	0.00740	0.00590	0.04721	0.00839	0.07137	0.00538	0.00591	0.00877	0.00821	0.06559	0.01639	0.30829	0.01744	0.11610	0.28252	0.00378	0.00635	0.00753	0.00318	0.00428
32	0.00767	0.00384	0.00575	0.00575	0.00575	0.00384	0.00384	0.00575	0.00575	0.00767	0.00767	0.01343	0.00767	0.01534	0.01726	0.87150	0.00384	0.00384	0.00192	0.00192
33	0.01049	0.01074	0.09604	0.14120	0.31008	0.00954	0.16178	0.01363	0.02393	0.08104	0.06112	0.01398	0.03679	0.00472	0.00461	0.00140	0.00543	0.00461	0.00268	0.00619
34	0.01146	0.75010	0.11743	0.00815	0.01225	0.01662	0.00859	0.01331	0.00902	0.01082	0.00635	0.00735	0.00566	0.00383	0.00299	0.00100	0.00494	0.00247	0.00189	0.00577
35	0.01242	0.61223	0.08846	0.00869	0.01243	0.15304	0.00847	0.02788	0.02117	0.01118	0.00665	0.00762	0.00581	0.00400	0.00319	0.00103	0.00541	0.00258	0.00203	0.00570
36	0.01173	0.81889	0.02282	0.00769	0.01134	0.01734	0.00763	0.01314	0.00890	0.01040	0.00613	0.00717	0.00567	0.00391	0.00323	0.00098	0.03308	0.00241	0.00189	0.00564
37	0.01076	0.01103	0.05729	0.04679	0.75816	0.01047	0.01366	0.01352	0.00999	0.01433	0.00828	0.01087	0.00690	0.00396	0.00436	0.00132	0.00533	0.00390	0.00216	0.00692
38	0.01046	0.01118	0.01402	0.04089	0.03363	0.16049	0.13756	0.02487	0.02346	0.01188	0.01052	0.10875	0.03654	0.00745	0.02160	0.00172	0.33237	0.00514	0.00247	0.00501
39	0.00635	0.00501	0.00579	0.00587	0.00684	0.03214	0.00428	0.02156	0.01095	0.01461	0.38531	0.28053	0.17042	0.01070	0.00530	0.00153	0.00254	0.02187	0.00439	0.00400
40	0.01212	0.00838	0.04146	0.01075	0.08700	0.05282	0.09329	0.01406	0.01078	0.27540	0.04753	0.21052	0.01660	0.00785	0.00497	0.00154	0.00433	0.09089	0.00400	0.00571
41	0.00968	0.00922	0.01567	0.41627	0.43784	0.01017	0.01293	0.01246	0.00947	0.01291	0.00809	0.01134	0.00646	0.00417	0.00439	0.00139	0.00556	0.00393	0.00208	0.00599
42	0.01093	0.01049	0.01793	0.02711	0.81723	0.01049	0.01355	0.01355	0.01006	0.01443	0.00831	0.01093	0.00700	0.00394	0.00437	0.00131	0.00525	0.00394	0.00219	0.00700
43	0.01941	0.01234	0.14965	0.01646	0.10321	0.00990	0.45807	0.01315	0.02622	0.01392	0.01134	0.11017	0.02424	0.00521	0.00497	0.00149	0.00627	0.00567	0.00248	0.00584
44	0.01145	0.05302	0.03508	0.01637	0.04996	0.05070	0.56246	0.03499	0.01074	0.07393	0.00987	0.04261	0.00776	0.00438	0.00504	0.00144	0.01658	0.00505	0.00257	0.00600
45	0.00886	0.00846	0.01453	0.66481	0.16536	0.00998	0.04215	0.01178	0.00910	0.01193	0.00797	0.01164	0.00611	0.00431	0.00444	0.00145	0.00584	0.00398	0.00201	0.00530
46	0.01089	0.01052	0.01825	0.05472	0.72469	0.01056	0.06659	0.02455	0.01019	0.01449	0.00837	0.01102	0.00694	0.00396	0.00443	0.00133	0.00541	0.00402	0.00221	0.00686
47	0.03506	0.17804	0.49941	0.01048	0.01572	0.01086	0.01245	0.01461	0.00980	0.12469	0.04284	0.01062	0.00784	0.00449	0.00397	0.00131	0.00552	0.00343	0.00252	0.00635

[dist]
# distance from previous block
# <min> <max>
4	57

[block]
# block no. 1 follows, 59 sequences, length 25
# corresponding to MSA columns:
# 177-201
name=unknown_B
#
# <colnr> <probs for GDERKNQSTAVLIFYWHMCP>
#	G	D	E	R	K	N	Q	S	T	A	V	L	I	F	Y	W	H	M	C	P
0	0.01039	0.00994	0.01694	0.19707	0.65153	0.01035	0.01328	0.01308	0.00980	0.01377	0.00821	0.01111	0.00676	0.00404	0.00438	0.00135	0.00538	0.00393	0.00214	0.00656
1	0.00951	0.05016	0.01596	0.47578	0.30129	0.01049	0.04988	0.01230	0.00934	0.01246	0.00798	0.01126	0.00630	0.00419	0.00436	0.00139	0.00568	0.00391	0.00205	0.00572
2	0.00938	0.00799	0.04686	0.04934	0.01356	0.00720	0.21665	0.02511	0.03643	0.11761	0.03279	0.26467	0.09543	0.00832	0.00530	0.00158	0.01744	0.03563	0.00358	0.00515
3	0.00932	0.05983	0.70636	0.01275	0.01893	0.01059	0.07850	0.01410	0.00946	0.02868	0.00810	0.00953	0.00578	0.00416	0.00422	0.00138	0.00647	0.00340	0.00196	0.00646
4	0.01110	0.02710	0.10049	0.01328	0.01701	0.00938	0.38189	0.03376	0.06542	0.13044	0.07242	0.06260	0.01229	0.00552	0.00494	0.00148	0.00563	0.03602	0.00323	0.00600
5	0.00708	0.00501	0.00744	0.04846	0.04716	0.00480	0.03950	0.00828	0.00901	0.06896	0.02200	0.62808	0.04055	0.01177	0.00542	0.00171	0.00319	0.03344	0.00392	0.00421
6	0.01050	0.07162	0.50221	0.05191	0.08452	0.04240	0.08137	0.01453	0.00982	0.07797	0.00864	0.01005	0.00625	0.00423	0.00423	0.00136	0.00619	0.00354	0.00223	0.00641
7	0.00989	0.00943	0.01604	0.35179	0.50069	0.01022	0.01304	0.01264	0.00956	0.01316	0.00812	0.01127	0.00655	0.00413	0.00439	0.00138	0.00550	0.00393	0.00210	0.00616
8	0.01086	0.01042	0.01780	0.04900	0.79589	0.01048	0.01352	0.01349	0.01002	0.01434	0.00830	0.01095	0.00697	0.00395	0.00437	0.00132	0.00526	0.00393	0.00218	0.00694
9	0.01302	0.00914	0.04895	0.06265	0.24943	0.02463	0.05452	0.01555	0.03722	0.29209	0.01410	0.13487	0.01167	0.00603	0.00462	0.00143	0.00455	0.00544	0.00365	0.00643
10	0.01029	0.02011	0.68198	0.01170	0.01761	0.00953	0.01455	0.01485	0.00989	0.12619	0.03604	0.01090	0.00753	0.00453	0.00426	0.00139	0.00599	0.00358	0.00247	0.00659
11	0.01203	0.00876	0.00970	0.04996	0.07421	0.11043	0.00691	0.08950	0.06040	0.19171	0.06531	0.25571	0.03062	0.00795	0.00479	0.00147	0.00412	0.00683	0.00402	0.00560
12	0.01096	0.01137	0.05950	0.04110	0.48211	0.01052	0.25819	0.01402	0.01021	0.04573	0.00883	0.01134	0.00696	0.00395	0.00463	0.00138	0.00595	0.00432	0.00231	0.00662
13	0.01298	0.01004	0.04595	0.18108	0.15498	0.05338	0.11513	0.01621	0.06440	0.24854	0.02262	0.01394	0.00915	0.00493	0.00455	0.00141	0.00524	0.02579	0.00334	0.00635
14	0.00659	0.00425	0.00564	0.00635	0.00697	0.00393	0.00448	0.00755	0.00899	0.07202	0.02480	0.67490	0.06822	0.01294	0.00556	0.00177	0.00276	0.07415	0.00420	0.00393
15	0.00633	0.00430	0.00581	0.00647	0.00696	0.00420	0.00454	0.00726	0.00857	0.05177	0.02279	0.67472	0.04152	0.01485	0.07747	0.00224	0.02571	0.02669	0.00396	0.00386
16	0.00988	0.22062	0.56684	0.01160	0.01728	0.01214	0.05249	0.03684	0.00963	0.01353	0.00762	0.00895	0.00572	0.00410	0.00392	0.00129	0.00609	0.00316	0.00196	0.00632
17	0.01024	0.01862	0.54296	0.01472	0.10940	0.01028	0.12642	0.03751	0.01011	0.06554	0.00879	0.01027	0.00630	0.00421	0.00438	0.00140	0.00629	0.00371	0.00226	0.00659
18	0.00886	0.02285	0.82190	0.01259	0.01912	0.01026	0.01632	0.01399	0.00932	0.01399	0.00793	0.00932	0.00559	0.00420	0.00420	0.00140	0.00653	0.00326	0.00186	0.00653
19	0.03561	0.14853	0.13705	0.00892	0.01153	0.02141	0.04906	0.01133	0.02663	0.03177	0.04826	0.09870	0.03207	0.00846	0.00491	0.00161	0.00451	0.31140	0.00328	0.00495
20	0.04075	0.01211	0.07020	0.01173	0.10164	0.07112	0.02813	0.34592	0.04342	0.19629	0.02736	0.01190	0.00872	0.00508	0.00436	0.00134	0.00493	0.00404	0.00397	0.00701
21	0.03486	0.01243	0.03448	0.04442	0.21693	0.11646	0.08418	0.26704	0.04845	0.07073	0.01005	0.01149	0.00763	0.00476	0.00441	0.00134	0.00550	0.01490	0.00325	0.00667
22	0.00594	0.00534	0.02909	0.00583	0.00688	0.02960	0.00432	0.00721	0.02502	0.01165	0.03109	0.39744	0.35061	0.05139	0.00615	0.00175	0.00283	0.02013	0.00392	0.00381
23	0.04533	0.01098	0.04155	0.04654	0.54559	0.03817	0.05927	0.07146	0.01097	0.04468	0.03710	0.01162	0.00817	0.00431	0.00438	0.00133	0.00527	0.00406	0.00257	0.00666
24	0.25776	0.00805	0.00920	0.00929	0.11587	0.00809	0.00637	0.03280	0.09092	0.11550	0.09601	0.01514	0.06802	0.00534	0.00390	0.00127	0.00350	0.00425	0.00351	0.14521

[dist]
# distance from previous block
# <min> <max>
3	10

[block]
# block no. 2 follows, 59 sequences, length 19
# corresponding to MSA columns:
# 217-235
name=unknown_C
#
# <colnr> <probs for GDERKNQSTAVLIFYWHMCP>
#	G	D	E	R	K	N	Q	S	T	A	V	L	I	F	Y	W	H	M	C	P
0	0.06949	0.00828	0.01005	0.00763	0.01108	0.01832	0.04655	0.04979	0.05890	0.16172	0.05140	0.01277	0.03034	0.00451	0.00383	0.00102	0.00365	0.00372	0.00346	0.44351
1	0.05775	0.00786	0.01012	0.00796	0.01090	0.00720	0.07263	0.12570	0.01154	0.11233	0.08974	0.11751	0.05249	0.00615	0.00428	0.00120	0.00367	0.00531	0.00366	0.29202
2	0.16459	0.01013	0.04155	0.00889	0.02959	0.04053	0.03098	0.17953	0.07357	0.22029	0.02833	0.01173	0.00876	0.00483	0.00399	0.00126	0.00421	0.00375	0.00385	0.12963
3	0.01083	0.01039	0.01774	0.05974	0.78542	0.01047	0.01350	0.01346	0.01001	0.01430	0.00829	0.01097	0.00695	0.00395	0.00437	0.00132	0.00527	0.00393	0.00218	0.00691
4	0.00584	0.00444	0.00539	0.00538	0.00646	0.00399	0.00401	0.00745	0.01113	0.01489	0.44024	0.13969	0.28613	0.01044	0.00530	0.00150	0.00226	0.03702	0.00449	0.00395
5	0.01176	0.01020	0.01051	0.00926	0.01180	0.03957	0.00726	0.10545	0.67764	0.01900	0.01650	0.01539	0.01238	0.00591	0.00472	0.00148	0.02513	0.00478	0.00434	0.00693
6	0.00852	0.00814	0.01404	0.76849	0.05364	0.00990	0.05242	0.01150	0.00895	0.01152	0.00792	0.01176	0.00596	0.00437	0.00445	0.00147	0.00595	0.00399	0.00198	0.00502
7	0.03752	0.00826	0.01177	0.00902	0.01242	0.00758	0.08478	0.06064	0.05360	0.62552	0.01614	0.02983	0.01067	0.00544	0.00450	0.00139	0.00413	0.00463	0.00496	0.00720
8	0.01006	0.04686	0.18908	0.01688	0.04987	0.01100	0.55225	0.01388	0.01012	0.01394	0.00909	0.01247	0.00709	0.00412	0.00491	0.00146	0.00695	0.03172	0.00221	0.00603
9	0.00530	0.00448	0.00459	0.00456	0.00602	0.00376	0.00342	0.00650	0.01026	0.01240	0.10738	0.04173	0.75251	0.01101	0.00522	0.00148	0.00222	0.00921	0.00416	0.00376
10	0.01026	0.06203	0.33640	0.01180	0.01619	0.00955	0.17816	0.05862	0.01067	0.08830	0.07262	0.08976	0.01170	0.00564	0.00461	0.00143	0.00552	0.01782	0.00289	0.00601
11	0.01200	0.05288	0.29949	0.01256	0.11318	0.00942	0.05531	0.04427	0.04055	0.20174	0.01250	0.04272	0.02231	0.00541	0.00461	0.00142	0.01822	0.04173	0.00318	0.00650
12	0.01062	0.02465	0.23508	0.01109	0.03476	0.05520	0.07175	0.04510	0.20053	0.06317	0.03013	0.04409	0.04867	0.00602	0.00537	0.00148	0.07375	0.02924	0.00318	0.00611
13	0.02574	0.00706	0.01019	0.02774	0.13275	0.02372	0.08148	0.01116	0.09214	0.03667	0.07110	0.26375	0.11067	0.00900	0.00510	0.00158	0.00382	0.07771	0.00365	0.00497
14	0.00976	0.06786	0.44896	0.12723	0.03532	0.01026	0.06437	0.03396	0.03042	0.05686	0.01011	0.04051	0.02547	0.00485	0.00444	0.00141	0.01569	0.00404	0.00237	0.00612
15	0.01089	0.01037	0.05497	0.14203	0.47398	0.02150	0.04831	0.03617	0.01044	0.06476	0.04220	0.01272	0.02470	0.00449	0.00444	0.00134	0.00521	0.00422	0.00257	0.02470
16	0.02761	0.05905	0.23046	0.18665	0.17402	0.00988	0.05702	0.04149	0.01006	0.01414	0.06833	0.01406	0.03539	0.00495	0.00437	0.00137	0.00536	0.02525	0.00245	0.02808
17	0.04382	0.02596	0.12483	0.07408	0.08211	0.12925	0.25715	0.01352	0.01019	0.04465	0.01217	0.04005	0.07989	0.00514	0.00481	0.00140	0.02527	0.00476	0.00253	0.01840
18	0.02263	0.01099	0.06951	0.14268	0.17577	0.05861	0.19741	0.03101	0.02620	0.12415	0.01057	0.05608	0.00840	0.00480	0.00456	0.00138	0.00562	0.00460	0.00282	0.04219

[dist]
# distance from previous block
# <min> <max>
5	16

[block]
# block no. 3 follows, 59 sequences, length 15
# corresponding to MSA columns:
# 252-266
name=unknown_D
#
# <colnr> <probs for GDERKNQSTAVLIFYWHMCP>
#	G	D	E	R	K	N	Q	S	T	A	V	L	I	F	Y	W	H	M	C	P
0	0.07203	0.03102	0.05870	0.02324	0.06926	0.00921	0.02654	0.15050	0.19411	0.01851	0.22369	0.04193	0.03445	0.00695	0.01923	0.00150	0.00393	0.00546	0.00391	0.00584
1	0.00910	0.05391	0.10741	0.01102	0.06920	0.01014	0.04136	0.04073	0.00951	0.01379	0.17637	0.05946	0.01474	0.00694	0.00817	0.00154	0.30672	0.00504	0.00281	0.05203
2	0.00861	0.05201	0.16205	0.01018	0.07962	0.10247	0.03021	0.01094	0.02685	0.01273	0.06257	0.25512	0.09752	0.00823	0.00494	0.00148	0.01903	0.02755	0.00312	0.02477
3	0.00980	0.11905	0.42358	0.01110	0.01595	0.01080	0.07228	0.05624	0.08247	0.01475	0.03906	0.03255	0.00853	0.00475	0.00432	0.00132	0.01896	0.00388	0.00249	0.06811
4	0.01099	0.09641	0.11016	0.01214	0.14969	0.07843	0.04881	0.01470	0.11480	0.07984	0.07787	0.03310	0.04657	0.00527	0.00424	0.00126	0.00466	0.00446	0.00309	0.10352
5	0.00889	0.00765	0.03267	0.00695	0.01018	0.00596	0.00574	0.01086	0.00938	0.03815	0.05904	0.05490	0.01134	0.00582	0.02696	0.00111	0.02625	0.05969	0.00297	0.61550
6	0.00563	0.00540	0.06336	0.00615	0.00721	0.00413	0.00478	0.00687	0.00913	0.01195	0.06731	0.53708	0.23027	0.01223	0.00541	0.00167	0.00274	0.01084	0.00398	0.00386
7	0.00856	0.01906	0.63330	0.01136	0.01695	0.00914	0.03273	0.01291	0.00940	0.01391	0.02945	0.05213	0.03768	0.00494	0.00426	0.00135	0.00577	0.00404	0.00221	0.09085
8	0.00886	0.02285	0.82190	0.01259	0.01912	0.01026	0.01632	0.01399	0.00932	0.01399	0.00793	0.00932	0.00559	0.00420	0.00420	0.00140	0.00653	0.00326	0.00186	0.00653
9	0.01650	0.02105	0.01252	0.01138	0.01365	0.82705	0.00853	0.01764	0.01252	0.01081	0.00683	0.00796	0.00569	0.00455	0.00398	0.00114	0.00796	0.00284	0.00228	0.00512
10	0.00608	0.00471	0.00572	0.00565	0.00690	0.00408	0.00409	0.00744	0.00999	0.01353	0.23236	0.32663	0.21870	0.01052	0.00511	0.00146	0.00246	0.00925	0.00410	0.12125
11	0.01650	0.02105	0.01252	0.01138	0.01365	0.82705	0.00853	0.01764	0.01252	0.01081	0.00683	0.00796	0.00569	0.00455	0.00398	0.00114	0.00796	0.00284	0.00228	0.00512
12	0.00837	0.00795	0.01320	0.62985	0.06105	0.00965	0.04115	0.01100	0.00885	0.01152	0.01047	0.03506	0.05695	0.00530	0.00532	0.00151	0.07118	0.00453	0.00217	0.00492
13	0.00787	0.00608	0.00791	0.08648	0.06767	0.00605	0.00603	0.07086	0.04089	0.04175	0.11982	0.24569	0.21034	0.00944	0.00505	0.00152	0.00325	0.03140	0.00390	0.02798
14	0.00738	0.00735	0.07422	0.00905	0.03941	0.00625	0.08183	0.01011	0.04647	0.01455	0.24136	0.09386	0.10703	0.00920	0.00557	0.00163	0.02538	0.21085	0.00384	0.00466

[dist]
# distance from previous block
# <min> <max>
3	10

[block]
# block no. 4 follows, 59 sequences, length 14
# corresponding to MSA columns:
# 277-290
name=unknown_E
#
# <colnr> <probs for GDERKNQSTAVLIFYWHMCP>
#	G	D	E	R	K	N	Q	S	T	A	V	L	I	F	Y	W	H	M	C	P
0	0.00944	0.05032	0.39006	0.01004	0.01428	0.00945	0.02607	0.06706	0.13655	0.02982	0.17106	0.01630	0.03917	0.00572	0.00446	0.00139	0.00482	0.00473	0.00318	0.00608
1	0.01982	0.00752	0.01025	0.00786	0.01127	0.00649	0.00649	0.02152	0.01264	0.82029	0.01742	0.01503	0.01093	0.00547	0.00444	0.00137	0.00376	0.00444	0.00547	0.00752
2	0.00964	0.00869	0.01396	0.57526	0.02546	0.01048	0.06954	0.06345	0.05164	0.03640	0.00872	0.01185	0.00659	0.00485	0.00544	0.00151	0.08474	0.00409	0.00237	0.00533
3	0.07008	0.04169	0.01147	0.00938	0.01219	0.12219	0.00746	0.23682	0.40263	0.01982	0.01323	0.01276	0.00993	0.00540	0.00423	0.00137	0.00452	0.00416	0.00396	0.00669
4	0.00574	0.00444	0.00523	0.00514	0.00631	0.00393	0.00382	0.00731	0.01114	0.01473	0.42332	0.10121	0.37110	0.01033	0.00525	0.00146	0.00219	0.00892	0.00448	0.00393
5	0.04187	0.47412	0.26313	0.00920	0.01363	0.03023	0.01007	0.03892	0.04350	0.01285	0.02205	0.00877	0.00666	0.00417	0.00343	0.00114	0.00519	0.00291	0.00216	0.00597
6	0.01009	0.24375	0.50612	0.01171	0.01721	0.01220	0.09211	0.01399	0.00943	0.03375	0.00779	0.00913	0.00586	0.00407	0.00394	0.00128	0.00606	0.00325	0.00200	0.00626
7	0.01982	0.00752	0.01025	0.00786	0.01127	0.00649	0.00649	0.02152	0.01264	0.82029	0.01742	0.01503	0.01093	0.00547	0.00444	0.00137	0.00376	0.00444	0.00547	0.00752
8	0.00529	0.00436	0.00466	0.00484	0.00608	0.00372	0.00353	0.00639	0.00987	0.01205	0.07364	0.19318	0.63394	0.01159	0.00530	0.00154	0.00229	0.00988	0.00413	0.00372
9	0.04558	0.00986	0.01182	0.01008	0.06018	0.03238	0.02726	0.25751	0.11194	0.34594	0.03230	0.01349	0.01022	0.00536	0.00440	0.00136	0.00431	0.00432	0.00456	0.00715
10	0.00818	0.00492	0.00628	0.00586	0.00728	0.00441	0.00445	0.00986	0.01153	0.14619	0.42910	0.13268	0.17581	0.00951	0.00516	0.00147	0.00249	0.02555	0.00471	0.00456
11	0.00552	0.00394	0.00528	0.00631	0.00662	0.00371	0.00434	0.00639	0.00859	0.01143	0.02427	0.77908	0.02891	0.01371	0.00567	0.00181	0.00268	0.07402	0.00410	0.00363
12	0.13682	0.01163	0.01252	0.08471	0.07194	0.05100	0.00857	0.50721	0.03607	0.02322	0.00957	0.01027	0.00700	0.00494	0.00416	0.00134	0.00489	0.00372	0.00370	0.00673
13	0.02567	0.05228	0.02567	0.00740	0.00933	0.08794	0.00591	0.10439	0.13180	0.01697	0.30708	0.07753	0.07792	0.00764	0.00468	0.00138	0.00352	0.01851	0.02923	0.00514

[dist]
# distance from previous block
# <min> <max>
2	6

[block]
# block no. 5 follows, 59 sequences, length 56
# corresponding to MSA columns:
# 297-352
name=unknown_F
#
# <colnr> <probs for GDERKNQSTAVLIFYWHMCP>
#	G	D	E	R	K	N	Q	S	T	A	V	L	I	F	Y	W	H	M	C	P
0	0.04735	0.19013	0.35978	0.01189	0.09143	0.02869	0.03055	0.05512	0.01006	0.05078	0.00852	0.03162	0.00677	0.00440	0.00389	0.00125	0.00544	0.00344	0.00236	0.05652
1	0.00830	0.04441	0.10788	0.00712	0.00928	0.00605	0.02048	0.02851	0.02332	0.09508	0.25596	0.17739	0.14788	0.01964	0.00516	0.00150	0.00328	0.01744	0.00403	0.01730
2	0.01137	0.73586	0.11723	0.00812	0.01218	0.01640	0.00854	0.01323	0.00907	0.01094	0.01993	0.00778	0.00626	0.00392	0.00303	0.00101	0.00489	0.00256	0.00194	0.00574
3	0.00955	0.00899	0.01445	0.49208	0.26651	0.03699	0.02495	0.01226	0.00946	0.02694	0.00895	0.02479	0.00737	0.00470	0.00448	0.00144	0.00564	0.03269	0.00222	0.00556
4	0.00947	0.00941	0.01316	0.01136	0.01137	0.01309	0.00942	0.01043	0.00684	0.01066	0.00661	0.04622	0.00683	0.00800	0.01411	0.00193	0.80006	0.00425	0.00203	0.00478
5	0.00916	0.00785	0.00916	0.00654	0.01047	0.00589	0.00523	0.01112	0.00916	0.01439	0.00785	0.00916	0.00654	0.00327	0.00327	0.00065	0.00327	0.00262	0.00262	0.87178
6	0.00886	0.02285	0.82190	0.01259	0.01912	0.01026	0.01632	0.01399	0.00932	0.01399	0.00793	0.00932	0.00559	0.00420	0.00420	0.00140	0.00653	0.00326	0.00186	0.00653
7	0.00958	0.00911	0.01549	0.44812	0.40678	0.01014	0.01288	0.01237	0.00942	0.01279	0.00807	0.01137	0.00642	0.00419	0.00439	0.00140	0.00558	0.00393	0.00207	0.00591
8	0.00845	0.00797	0.01345	0.79872	0.06498	0.00984	0.01232	0.01138	0.00889	0.01142	0.00787	0.01174	0.00594	0.00439	0.00441	0.00146	0.00586	0.00393	0.00197	0.00500
9	0.00694	0.00477	0.00656	0.00735	0.00824	0.00464	0.00602	0.00863	0.01002	0.03597	0.10230	0.25452	0.02762	0.01212	0.00584	0.00189	0.00347	0.48485	0.00419	0.00405
10	0.01067	0.01023	0.01745	0.10877	0.73762	0.01042	0.01342	0.01332	0.00993	0.01411	0.00826	0.01102	0.00688	0.00398	0.00438	0.00133	0.00531	0.00393	0.00216	0.00678
11	0.01916	0.00749	0.01012	0.00781	0.01112	0.00654	0.00643	0.03725	0.01280	0.76850	0.05231	0.01573	0.01221	0.00562	0.00447	0.00137	0.00371	0.00459	0.00542	0.00737
12	0.01942	0.00782	0.01040	0.00801	0.01140	0.00698	0.00660	0.06147	0.03444	0.75829	0.01709	0.01485	0.01083	0.00547	0.00444	0.00137	0.00381	0.00443	0.00539	0.00750
13	0.00633	0.00454	0.00618	0.00620	0.00668	0.00500	0.00440	0.00729	0.00687	0.00963	0.01293	0.04211	0.01340	0.34232	0.49994	0.00589	0.00872	0.00557	0.00253	0.00345
14	0.01342	0.01098	0.06360	0.01274	0.16258	0.09342	0.03913	0.03916	0.21217	0.22240	0.02754	0.06024	0.01126	0.00560	0.00449	0.00140	0.00465	0.00478	0.00381	0.00664
15	0.01782	0.00927	0.07383	0.01012	0.08536	0.00762	0.00800	0.06160	0.02900	0.62616	0.01551	0.01401	0.01003	0.00523	0.00442	0.00136	0.00416	0.00429	0.00481	0.00738
16	0.00638	0.00444	0.00559	0.00559	0.00586	0.00470	0.00364	0.00692	0.00665	0.00914	0.01321	0.02497	0.01435	0.56853	0.29639	0.00524	0.00685	0.00585	0.00257	0.00311
17	0.00922	0.02233	0.79482	0.01243	0.01885	0.01013	0.01599	0.01424	0.00944	0.04089	0.00824	0.00952	0.00577	0.00424	0.00420	0.00140	0.00643	0.00330	0.00199	0.00656
18	0.01037	0.07808	0.60442	0.01141	0.01703	0.01046	0.01380	0.01562	0.08847	0.09483	0.00974	0.01044	0.00691	0.00447	0.00415	0.00137	0.00582	0.00349	0.00249	0.00661
19	0.01159	0.01087	0.13597	0.20192	0.06173	0.06118	0.04367	0.05199	0.02400	0.18402	0.07936	0.05756	0.04528	0.00577	0.00455	0.00141	0.00498	0.00494	0.00333	0.00586
20	0.01222	0.01527	0.09319	0.14159	0.01690	0.36806	0.08245	0.01450	0.02033	0.02078	0.00901	0.01309	0.00777	0.00656	0.04269	0.00165	0.06103	0.06536	0.00237	0.00520
21	0.00588	0.00422	0.00568	0.00668	0.00719	0.00402	0.00495	0.00702	0.00899	0.01185	0.02454	0.59491	0.04651	0.01330	0.00576	0.00186	0.00299	0.23583	0.00409	0.00373
22	0.01012	0.00873	0.04389	0.00772	0.03874	0.00657	0.00618	0.04318	0.00985	0.06086	0.00852	0.00962	0.00681	0.00354	0.00346	0.00078	0.00357	0.00285	0.00280	0.72221
23	0.02190	0.00859	0.07223	0.49515	0.04479	0.00869	0.03573	0.03238	0.00955	0.04200	0.01410	0.05098	0.11607	0.00575	0.00453	0.00146	0.00511	0.00501	0.02095	0.00505
24	0.00546	0.00410	0.00507	0.00574	0.00641	0.00372	0.00402	0.00645	0.00920	0.01190	0.07545	0.54610	0.24360	0.01277	0.00552	0.00170	0.00251	0.04247	0.00414	0.00368
25	0.01079	0.01035	0.01767	0.07167	0.77379	0.01046	0.01348	0.01343	0.00999	0.01426	0.00828	0.01098	0.00693	0.00396	0.00437	0.00132	0.00528	0.00393	0.00217	0.00688
26	0.01391	0.03265	0.13669	0.07332	0.04210	0.02159	0.10116	0.07688	0.03036	0.32537	0.01360	0.05087	0.01023	0.00559	0.00458	0.00143	0.00495	0.04441	0.00379	0.00652
27	0.00944	0.07374	0.68740	0.01264	0.01875	0.01069	0.07859	0.01414	0.00947	0.03368	0.00813	0.00953	0.00582	0.00416	0.00420	0.00138	0.00642	0.00339	0.00199	0.00645
28	0.01522	0.01896	0.01205	0.01096	0.01296	0.70837	0.00827	0.01635	0.01169	0.01071	0.00725	0.00916	0.00628	0.02668	0.05699	0.00164	0.05611	0.00311	0.00227	0.00497
29	0.00958	0.00810	0.00939	0.00674	0.01065	0.00632	0.00541	0.05500	0.00980	0.01514	0.00800	0.00924	0.00660	0.00338	0.00333	0.00069	0.00336	0.00269	0.00272	0.82386
30	0.04392	0.01649	0.01198	0.01052	0.01300	0.47211	0.00812	0.15401	0.16972	0.01555	0.00961	0.01012	0.00750	0.00505	0.00447	0.00128	0.03412	0.00348	0.00308	0.00588
31	0.00605	0.00431	0.00585	0.00685	0.00738	0.00416	0.00518	0.00727	0.00904	0.01193	0.02374	0.52938	0.02749	0.03315	0.00621	0.00194	0.00316	0.29910	0.00405	0.00374
32	0.00860	0.00812	0.01372	0.75201	0.11052	0.00988	0.01240	0.01152	0.00896	0.01160	0.00790	0.01169	0.00600	0.00437	0.00441	0.00146	0.00582	0.00393	0.00199	0.00512
33	0.00548	0.00392	0.00524	0.00626	0.00657	0.00367	0.00427	0.00632	0.00856	0.01139	0.02429	0.79598	0.02899	0.01374	0.00566	0.00181	0.00265	0.05749	0.00410	0.00362
34	0.01690	0.01219	0.01314	0.01008	0.01361	0.01343	0.00833	0.77396	0.02047	0.05680	0.01085	0.01077	0.00764	0.00531	0.00442	0.00133	0.00482	0.00399	0.00446	0.00751
35	0.01042	0.01191	0.02606	0.01862	0.02308	0.01117	0.80119	0.01415	0.01042	0.01415	0.00894	0.01191	0.00670	0.00372	0.00521	0.00149	0.00745	0.00521	0.00223	0.00596
36	0.00578	0.00398	0.00529	0.00593	0.00634	0.00372	0.00404	0.00647	0.00888	0.01193	0.15133	0.57610	0.06775	0.01310	0.00688	0.10174	0.00262	0.01065	0.00397	0.00350
37	0.01074	0.01030	0.01759	0.08569	0.76012	0.01044	0.01346	0.01339	0.00997	0.01420	0.00827	0.01099	0.00692	0.00397	0.00438	0.00132	0.00529	0.00393	0.00217	0.00684
38	0.01033	0.01215	0.05196	0.01801	0.02229	0.01127	0.72922	0.01394	0.01018	0.01394	0.00872	0.01170	0.00661	0.00397	0.00571	0.00151	0.05531	0.00507	0.00220	0.00591
39	0.00625	0.00492	0.00654	0.00686	0.00796	0.00462	0.03699	0.00797	0.03174	0.01241	0.02947	0.28697	0.26692	0.01188	0.00561	0.00176	0.00317	0.25996	0.00403	0.00397
40	0.00544	0.00399	0.00511	0.00587	0.00636	0.00366	0.00401	0.00638	0.00906	0.01198	0.10234	0.65726	0.13626	0.01302	0.00554	0.00171	0.00247	0.01169	0.00417	0.00366
41	0.00923	0.00845	0.01369	0.28289	0.31058	0.02287	0.03955	0.01129	0.00892	0.01205	0.00936	0.01514	0.00848	0.09608	0.00767	0.06221	0.03209	0.04198	0.00223	0.00522
42	0.01085	0.01041	0.01778	0.05310	0.79190	0.01047	0.01351	0.01348	0.01002	0.01433	0.00829	0.01096	0.00696	0.00395	0.00437	0.00132	0.00527	0.00393	0.00218	0.00693
43	0.00989	0.19295	0.58380	0.01135	0.01689	0.06226	0.01377	0.01392	0.00947	0.01302	0.00792	0.00990	0.00616	0.00435	0.00395	0.00131	0.00617	0.02476	0.00196	0.00619
44	0.00767	0.00384	0.00575	0.00575	0.00575	0.00384	0.00384	0.00575	0.00575	0.00767	0.00767	0.01343	0.00767	0.01534	0.01726	0.87150	0.00384	0.00384	0.00192	0.00192
45	0.00872	0.00786	0.01190	0.01063	0.01257	0.06110	0.19347	0.01143	0.04674	0.02696	0.01865	0.12117	0.01933	0.00948	0.00560	0.00178	0.00493	0.41941	0.00356	0.00472
46	0.01058	0.01014	0.01730	0.13527	0.71179	0.01040	0.01338	0.01325	0.00989	0.01401	0.00825	0.01104	0.00685	0.00400	0.00438	0.00133	0.00533	0.00393	0.00216	0.00672
47	0.01701	0.01202	0.01304	0.00999	0.01352	0.01317	0.00826	0.74557	0.02017	0.08561	0.01110	0.01093	0.00776	0.00531	0.00442	0.00133	0.00478	0.00401	0.00449	0.00751
48	0.00989	0.00867	0.03659	0.00703	0.01100	0.00661	0.00585	0.06855	0.01006	0.02989	0.00822	0.00937	0.00666	0.00349	0.00341	0.00074	0.00350	0.00277	0.00277	0.76490
49	0.00964	0.19439	0.55705	0.02875	0.04467	0.01183	0.06786	0.01377	0.00934	0.01320	0.00763	0.00913	0.00574	0.00407	0.00399	0.00131	0.00616	0.00324	0.00191	0.00629
50	0.01650	0.02105	0.01252	0.01138	0.01365	0.82705	0.00853	0.01764	0.01252	0.01081	0.00683	0.00796	0.00569	0.00455	0.00398	0.00114	0.00796	0.00284	0.00228	0.00512
51	0.00916	0.00785	0.00916	0.00654	0.01047	0.00589	0.00523	0.01112	0.00916	0.01439	0.00785	0.00916	0.00654	0.00327	0.00327	0.00065	0.00327	0.00262	0.00262	0.87178
52	0.00629	0.00436	0.00582	0.00657	0.00714	0.00418	0.00488	0.00748	0.00918	0.02482	0.09290	0.45012	0.02766	0.09303	0.00734	0.00206	0.00314	0.23526	0.00404	0.00375
53	0.01575	0.01989	0.01201	0.01093	0.01314	0.76944	0.00820	0.01692	0.01243	0.01110	0.03763	0.01003	0.03409	0.00494	0.00407	0.00116	0.00756	0.00325	0.00243	0.00504
54	0.01091	0.01160	0.02474	0.01869	0.07806	0.01090	0.70806	0.01446	0.01050	0.05276	0.00930	0.01199	0.00692	0.00382	0.00512	0.00147	0.00712	0.00509	0.00239	0.00610
55	0.01021	0.00819	0.01296	0.33202	0.16244	0.00877	0.05659	0.03825	0.03944	0.09905	0.01274	0.04227	0.05206	0.02216	0.00489	0.00147	0.00494	0.03087	0.01759	0.04309

[dist]
# distance from previous block
# <min> <max>
0	15

# created by:
# /home/cegg/simao/soft/augustus-3.2.1/scripts/msa2prfl.pl ./align_prep/EOG091G0XXE.fa
