[name]
unknown

[dist]
# distance from previous block
# <min> <max>
0	67

[block]
# block no. 0 follows, 51 sequences, length 82
# corresponding to MSA columns:
# 135-155,160-194,199-215,218-226
name=unknown_A
#
# <colnr> <probs for GDERKNQSTAVLIFYWHMCP>
#	G	D	E	R	K	N	Q	S	T	A	V	L	I	F	Y	W	H	M	C	P
0	0.02113	0.00717	0.03032	0.00987	0.07382	0.00677	0.04082	0.05529	0.02471	0.06582	0.04599	0.19325	0.03886	0.15604	0.05005	0.07274	0.00482	0.08415	0.01346	0.00491
1	0.01027	0.03122	0.34728	0.08257	0.06325	0.01996	0.08870	0.06860	0.03162	0.01679	0.11393	0.04408	0.04799	0.00617	0.00506	0.00157	0.00598	0.00537	0.00306	0.00654
2	0.00663	0.00509	0.00712	0.00837	0.05462	0.00474	0.01941	0.00786	0.01005	0.01349	0.08356	0.62508	0.07765	0.01371	0.00608	0.00189	0.00311	0.02743	0.00443	0.01967
3	0.00638	0.00476	0.00577	0.00603	0.00696	0.00434	0.00428	0.00762	0.01083	0.01424	0.22479	0.27571	0.26952	0.07528	0.02641	0.02463	0.00305	0.02077	0.00455	0.00409
4	0.01227	0.01105	0.03469	0.04778	0.54023	0.01088	0.05873	0.01497	0.01098	0.07732	0.01087	0.01515	0.00927	0.05508	0.00673	0.00174	0.04282	0.02950	0.00280	0.00717
5	0.01160	0.01326	0.02900	0.02071	0.02568	0.01243	0.77879	0.01574	0.01160	0.01574	0.00994	0.01326	0.00746	0.00414	0.00580	0.00166	0.00829	0.00580	0.00249	0.00663
6	0.86201	0.00950	0.00722	0.00646	0.00950	0.01102	0.00532	0.01445	0.00836	0.02205	0.00684	0.00798	0.00532	0.00456	0.00304	0.00152	0.00380	0.00266	0.00304	0.00532
7	0.02194	0.00853	0.01151	0.00882	0.01263	0.00748	0.00729	0.04795	0.01435	0.77564	0.01915	0.01657	0.01204	0.00608	0.00494	0.00152	0.00422	0.00493	0.00605	0.00836
8	0.00986	0.02542	0.80183	0.01401	0.02127	0.01141	0.01816	0.01556	0.01038	0.01556	0.00882	0.01038	0.00623	0.00467	0.00467	0.00156	0.00726	0.00363	0.00208	0.00726
9	0.18329	0.00881	0.01074	0.00841	0.01207	0.00828	0.00695	0.05339	0.01334	0.61877	0.01666	0.01484	0.01069	0.00578	0.00458	0.00152	0.00416	0.00448	0.00545	0.00778
10	0.01037	0.00985	0.01659	0.47301	0.33350	0.01116	0.01395	0.01342	0.01035	0.01394	0.00976	0.01341	0.02371	0.00493	0.00513	0.00158	0.02217	0.00450	0.00233	0.00635
11	0.00629	0.00473	0.00583	0.00612	0.00708	0.00427	0.00437	0.00778	0.01150	0.01532	0.30998	0.33895	0.23445	0.01270	0.00598	0.00175	0.00257	0.01120	0.00487	0.00427
12	0.00715	0.00530	0.00753	0.00747	0.00813	0.00607	0.00557	0.00850	0.00772	0.01100	0.01350	0.02191	0.01336	0.21036	0.61442	0.00706	0.03250	0.00565	0.00270	0.00410
13	0.01044	0.00951	0.03953	0.25426	0.23519	0.00981	0.01117	0.06745	0.01140	0.03956	0.04530	0.09456	0.08614	0.02613	0.00604	0.00170	0.03645	0.00609	0.00316	0.00610
14	0.58447	0.02048	0.00865	0.00731	0.01025	0.01059	0.02305	0.05854	0.06867	0.05542	0.04706	0.01155	0.00904	0.00519	0.00360	0.00150	0.00386	0.00358	0.06141	0.00577
15	0.01150	0.09779	0.10766	0.07169	0.04259	0.09325	0.04852	0.05459	0.18375	0.01642	0.07064	0.04710	0.06558	0.00683	0.00517	0.00156	0.02306	0.03129	0.01468	0.00634
16	0.00713	0.00498	0.00639	0.00644	0.00680	0.00531	0.00433	0.00786	0.00758	0.01042	0.01503	0.02831	0.01621	0.50466	0.31289	0.00582	0.00785	0.03550	0.00291	0.00356
17	0.00799	0.03818	0.01008	0.01076	0.10282	0.02694	0.04616	0.00948	0.00976	0.01318	0.02085	0.46589	0.04066	0.01442	0.08954	0.00245	0.03068	0.02373	0.03160	0.00483
18	0.79149	0.03790	0.00834	0.00728	0.02996	0.02994	0.00578	0.01459	0.00862	0.02130	0.00692	0.00811	0.00544	0.00456	0.00312	0.00150	0.00402	0.00272	0.00298	0.00543
19	0.01157	0.01168	0.07203	0.30577	0.39758	0.02921	0.01411	0.01502	0.03139	0.05056	0.00974	0.01267	0.00760	0.00474	0.00487	0.00153	0.00613	0.00435	0.00256	0.00690
20	0.01256	0.02604	0.10838	0.06741	0.05796	0.00872	0.00888	0.07909	0.02336	0.14028	0.02493	0.03797	0.03030	0.00522	0.00442	0.00122	0.00460	0.00429	0.00355	0.35083
21	0.01360	0.00795	0.00917	0.00793	0.01044	0.00816	0.00627	0.05894	0.24836	0.22628	0.09845	0.02130	0.05129	0.00697	0.00478	0.00150	0.00349	0.01764	0.19075	0.00673
22	0.00611	0.00476	0.00555	0.00584	0.00695	0.00420	0.00419	0.00746	0.01120	0.01441	0.20113	0.29541	0.38948	0.01289	0.00596	0.00174	0.00257	0.01122	0.00474	0.00420
23	0.00828	0.00532	0.00661	0.00625	0.00766	0.00480	0.00467	0.01003	0.01240	0.10043	0.40287	0.09277	0.21261	0.07215	0.00722	0.00186	0.00284	0.03148	0.00502	0.00475
24	0.01216	0.01168	0.01995	0.03016	0.79664	0.01168	0.01508	0.01508	0.01119	0.01605	0.00924	0.01216	0.00778	0.00438	0.00487	0.00146	0.00584	0.00438	0.00243	0.00778
25	0.00986	0.02200	0.63851	0.01365	0.01983	0.01101	0.06348	0.01480	0.01034	0.02597	0.01116	0.04989	0.03453	0.00562	0.00544	0.00162	0.04851	0.00453	0.00236	0.00688
26	0.00928	0.00873	0.01474	0.81548	0.03385	0.01092	0.01365	0.01256	0.00983	0.01256	0.00873	0.01310	0.00655	0.00491	0.00491	0.00164	0.00655	0.00437	0.00218	0.00546
27	0.00754	0.00508	0.00570	0.00558	0.00574	0.00512	0.00323	0.03358	0.00782	0.01046	0.03069	0.03155	0.01810	0.78316	0.02395	0.00459	0.00474	0.00709	0.00309	0.00319
28	0.01048	0.01078	0.09295	0.06752	0.18187	0.00900	0.04350	0.06074	0.04155	0.01710	0.11634	0.02941	0.03141	0.02645	0.00523	0.00142	0.00478	0.00501	0.02316	0.22129
29	0.01216	0.01168	0.01995	0.03016	0.79664	0.01168	0.01508	0.01508	0.01119	0.01605	0.00924	0.01216	0.00778	0.00438	0.00487	0.00146	0.00584	0.00438	0.00243	0.00778
30	0.04507	0.01127	0.01527	0.15404	0.32694	0.06841	0.01161	0.10181	0.04689	0.02746	0.01120	0.06753	0.00971	0.01871	0.00567	0.00160	0.04221	0.00498	0.02292	0.00670
31	0.00702	0.00525	0.00782	0.00782	0.00867	0.00610	0.00604	0.00872	0.00787	0.01135	0.01323	0.01970	0.01246	0.06132	0.78359	0.00780	0.01290	0.00532	0.00264	0.00434
32	0.00928	0.00873	0.01474	0.81548	0.03385	0.01092	0.01365	0.01256	0.00983	0.01256	0.00873	0.01310	0.00655	0.00491	0.00491	0.00164	0.00655	0.00437	0.00218	0.00546
33	0.01014	0.00996	0.01422	0.01221	0.01250	0.01339	0.03928	0.01132	0.00804	0.01217	0.02553	0.06611	0.03509	0.03078	0.01478	0.00216	0.66925	0.00536	0.00249	0.00521
34	0.01194	0.03129	0.03318	0.03525	0.01362	0.03320	0.03682	0.07322	0.01149	0.06831	0.00982	0.02306	0.00793	0.00450	0.00454	0.00103	0.03789	0.00356	0.00317	0.55618
35	0.01282	0.20385	0.18303	0.01113	0.05206	0.01187	0.03527	0.07769	0.03272	0.13172	0.13295	0.04131	0.01472	0.00619	0.00502	0.00146	0.03089	0.00498	0.00361	0.00674
36	0.00601	0.00429	0.00572	0.00683	0.00713	0.00400	0.00456	0.00689	0.00950	0.01269	0.04241	0.80836	0.03278	0.01529	0.00626	0.00199	0.00284	0.01387	0.00458	0.00400
37	0.01299	0.74308	0.09070	0.00898	0.01340	0.03784	0.00925	0.01491	0.01011	0.01191	0.00702	0.00812	0.00630	0.00426	0.00331	0.00110	0.00551	0.00273	0.00211	0.00637
38	0.02388	0.08818	0.23563	0.05826	0.15089	0.05281	0.04164	0.04494	0.07728	0.08041	0.04265	0.03209	0.01030	0.00542	0.00469	0.00149	0.00580	0.00454	0.03217	0.00694
39	0.01148	0.01131	0.04255	0.14493	0.19833	0.01194	0.14995	0.08973	0.06322	0.01630	0.01115	0.04894	0.00954	0.00678	0.02479	0.00183	0.12247	0.02528	0.00292	0.00658
40	0.00595	0.00441	0.00557	0.00649	0.00704	0.00402	0.00441	0.00688	0.00975	0.01268	0.03138	0.67706	0.17675	0.01484	0.00618	0.00193	0.00278	0.01329	0.00456	0.00402
41	0.05701	0.01135	0.01169	0.03501	0.01368	0.03964	0.00811	0.17044	0.52921	0.02191	0.01715	0.03675	0.01311	0.00653	0.00489	0.00162	0.00440	0.00529	0.00470	0.00752
42	0.01184	0.01078	0.01620	0.27761	0.29211	0.03905	0.01278	0.03042	0.05367	0.05423	0.00971	0.01268	0.00774	0.00553	0.00678	0.00164	0.14352	0.00442	0.00268	0.00660
43	0.01056	0.08756	0.27484	0.24266	0.08630	0.01223	0.18781	0.01464	0.01053	0.01444	0.00891	0.01172	0.00673	0.00456	0.00488	0.00155	0.00700	0.00430	0.00223	0.00657
44	0.00928	0.00873	0.01474	0.81548	0.03385	0.01092	0.01365	0.01256	0.00983	0.01256	0.00873	0.01310	0.00655	0.00491	0.00491	0.00164	0.00655	0.00437	0.00218	0.00546
45	0.00875	0.00723	0.00802	0.00786	0.00974	0.00758	0.00617	0.01513	0.31347	0.01661	0.06544	0.09151	0.26444	0.01050	0.00570	0.00179	0.00342	0.14621	0.00476	0.00564
46	0.01246	0.01026	0.01624	0.08328	0.48103	0.01042	0.01226	0.04499	0.05531	0.09241	0.09460	0.01694	0.01326	0.00565	0.00504	0.00153	0.00519	0.02848	0.00338	0.00725
47	0.01805	0.01186	0.01762	0.01322	0.01728	0.09418	0.26009	0.06325	0.01375	0.41671	0.01462	0.01448	0.00979	0.00533	0.00517	0.00154	0.00609	0.00501	0.00446	0.00751
48	0.00986	0.02542	0.80183	0.01401	0.02127	0.01141	0.01816	0.01556	0.01038	0.01556	0.00882	0.01038	0.00623	0.00467	0.00467	0.00156	0.00726	0.00363	0.00208	0.00726
49	0.01403	0.00751	0.01043	0.00854	0.01121	0.00697	0.06357	0.05919	0.03108	0.32147	0.20729	0.04640	0.07989	0.00788	0.00526	0.00156	0.00380	0.03569	0.07177	0.00645
50	0.00981	0.00928	0.01570	0.67082	0.17436	0.01106	0.01391	0.01302	0.01008	0.01320	0.00883	0.01293	0.00678	0.00481	0.00490	0.00160	0.00642	0.00437	0.00223	0.00589
51	0.04053	0.01096	0.01242	0.00976	0.01332	0.02887	0.00803	0.38055	0.01782	0.32057	0.01569	0.01560	0.02525	0.00689	0.02242	0.00164	0.00497	0.02269	0.03419	0.00784
52	0.00848	0.00628	0.00691	0.00690	0.00832	0.03601	0.00517	0.05411	0.01165	0.06523	0.07330	0.25804	0.30077	0.05128	0.00680	0.00192	0.00342	0.08615	0.00457	0.00469
53	0.02893	0.00700	0.02872	0.02810	0.03087	0.00674	0.03417	0.05116	0.06539	0.02834	0.16403	0.34230	0.10621	0.01114	0.00606	0.00177	0.02871	0.02084	0.00442	0.00508
54	0.00973	0.00920	0.01556	0.69184	0.15394	0.01104	0.01387	0.01295	0.01004	0.01311	0.00881	0.01295	0.00675	0.00483	0.00491	0.00161	0.00644	0.00437	0.00222	0.00583
55	0.01073	0.00541	0.00571	0.00530	0.00682	0.00541	0.00408	0.05693	0.01134	0.08091	0.01605	0.01782	0.01232	0.00576	0.00364	0.00119	0.00262	0.00460	0.73827	0.00510
56	0.01069	0.01044	0.03805	0.37053	0.29884	0.01108	0.07365	0.01375	0.01045	0.03191	0.00998	0.04874	0.00832	0.00529	0.00545	0.00161	0.03741	0.00490	0.00248	0.00641
57	0.04499	0.03160	0.01379	0.12966	0.17633	0.05704	0.04740	0.05528	0.05197	0.11432	0.03636	0.06540	0.07050	0.00711	0.00515	0.00162	0.00519	0.07623	0.00369	0.00637
58	0.03910	0.00784	0.01022	0.00818	0.01137	0.00702	0.00661	0.04900	0.01355	0.59160	0.04915	0.07267	0.05610	0.02507	0.00546	0.00162	0.00393	0.00594	0.02814	0.00742
59	0.86201	0.00950	0.00722	0.00646	0.00950	0.01102	0.00532	0.01445	0.00836	0.02205	0.00684	0.00798	0.00532	0.00456	0.00304	0.00152	0.00380	0.00266	0.00304	0.00532
60	0.00618	0.00499	0.00551	0.00544	0.00692	0.00431	0.00409	0.00775	0.01195	0.01514	0.26387	0.06196	0.54727	0.01184	0.00583	0.00165	0.00249	0.02372	0.00481	0.00429
61	0.02510	0.02979	0.01190	0.11271	0.05259	0.00977	0.00824	0.16203	0.03087	0.11576	0.01390	0.12237	0.01220	0.02548	0.03801	0.00183	0.06447	0.00563	0.05158	0.10576
62	0.01488	0.00914	0.01053	0.00900	0.01190	0.00966	0.00713	0.04258	0.41615	0.26567	0.07758	0.01904	0.01614	0.00666	0.00494	0.00157	0.00380	0.00552	0.06056	0.00753
63	0.01019	0.00873	0.01019	0.00728	0.01165	0.00655	0.00582	0.01237	0.01019	0.01601	0.00873	0.01019	0.00728	0.00364	0.00364	0.00073	0.00364	0.00291	0.00291	0.85734
64	0.01433	0.00905	0.04136	0.04719	0.07229	0.00852	0.00810	0.03684	0.17934	0.29359	0.18524	0.02128	0.01957	0.00696	0.00513	0.00157	0.00407	0.02013	0.01835	0.00708
65	0.00644	0.00489	0.00593	0.00591	0.00708	0.00438	0.00434	0.00818	0.01233	0.01651	0.43462	0.16746	0.28072	0.01167	0.00588	0.00165	0.00246	0.01018	0.00500	0.00438
66	0.00695	0.00511	0.00726	0.00738	0.00810	0.00569	0.00551	0.00836	0.00807	0.01134	0.01588	0.09138	0.03339	0.15453	0.58116	0.00663	0.01054	0.02564	0.00294	0.00414
67	0.04857	0.00642	0.03313	0.00762	0.02782	0.00648	0.00529	0.00861	0.00817	0.01187	0.01666	0.23453	0.01887	0.39058	0.03043	0.00333	0.09929	0.00809	0.03027	0.00398
68	0.00908	0.00576	0.00741	0.00672	0.00830	0.00537	0.00517	0.02995	0.03148	0.10945	0.62770	0.03415	0.06355	0.00957	0.00568	0.00156	0.00270	0.02578	0.00542	0.00521
69	0.01366	0.74925	0.02456	0.00884	0.01287	0.09857	0.00852	0.01521	0.01038	0.01161	0.00691	0.00798	0.00631	0.00429	0.00328	0.00107	0.00562	0.00268	0.00215	0.00625
70	0.00727	0.00533	0.00703	0.00737	0.00812	0.00555	0.00550	0.03207	0.00956	0.01288	0.04040	0.24154	0.07188	0.15166	0.22781	0.00405	0.02122	0.13279	0.00376	0.00421
71	0.03221	0.10962	0.21018	0.01097	0.03501	0.13693	0.01024	0.03117	0.14538	0.06187	0.06901	0.04227	0.01254	0.04258	0.00552	0.00160	0.00565	0.00474	0.00336	0.02914
72	0.03513	0.03895	0.10673	0.14878	0.09866	0.07963	0.02845	0.19300	0.11447	0.04824	0.01190	0.03838	0.00926	0.00564	0.00479	0.00152	0.00579	0.00461	0.01908	0.00699
73	0.03201	0.01212	0.01378	0.41698	0.02354	0.18126	0.01126	0.05435	0.01096	0.01357	0.00877	0.01245	0.00713	0.02569	0.03151	0.00187	0.11200	0.00416	0.02107	0.00554
74	0.01086	0.00829	0.01120	0.08472	0.17620	0.00894	0.00842	0.11493	0.04368	0.01825	0.06168	0.05174	0.02998	0.00737	0.02654	0.00164	0.04666	0.01967	0.26326	0.00597
75	0.00599	0.00491	0.00529	0.00543	0.00685	0.00421	0.00402	0.00730	0.01122	0.01380	0.11428	0.14857	0.60793	0.01264	0.00589	0.00171	0.00257	0.02858	0.00464	0.00418
76	0.00700	0.00513	0.00708	0.00708	0.00786	0.00558	0.00527	0.00845	0.00868	0.01212	0.09968	0.02643	0.05973	0.19207	0.49466	0.00607	0.00945	0.03037	0.00316	0.00412
77	0.00777	0.00565	0.00764	0.00865	0.00970	0.00569	0.00722	0.01040	0.05512	0.01460	0.02590	0.21141	0.02839	0.01356	0.00658	0.00217	0.00414	0.56624	0.00456	0.00460
78	0.03099	0.02354	0.70042	0.01396	0.02072	0.01140	0.05474	0.01573	0.01044	0.04132	0.00912	0.01068	0.00646	0.00478	0.00496	0.00157	0.02598	0.00377	0.00225	0.00718
79	0.00945	0.15284	0.18163	0.02901	0.03846	0.02494	0.00957	0.01182	0.00896	0.01242	0.01061	0.01575	0.00980	0.11625	0.26753	0.00395	0.07224	0.00452	0.01486	0.00540
80	0.00627	0.00491	0.00547	0.00556	0.00673	0.00438	0.00399	0.00748	0.01070	0.01350	0.14329	0.11830	0.45915	0.13917	0.02749	0.00232	0.00315	0.02972	0.00439	0.00403
81	0.02944	0.09590	0.27544	0.04322	0.07170	0.02484	0.07073	0.01405	0.03495	0.03454	0.16739	0.03850	0.02552	0.02406	0.00530	0.00157	0.00547	0.00530	0.00316	0.02890

[dist]
# distance from previous block
# <min> <max>
3	4

[block]
# block no. 1 follows, 51 sequences, length 8
# corresponding to MSA columns:
# 231-238
name=unknown_B
#
# <colnr> <probs for GDERKNQSTAVLIFYWHMCP>
#	G	D	E	R	K	N	Q	S	T	A	V	L	I	F	Y	W	H	M	C	P
0	0.00923	0.00545	0.00720	0.00676	0.00820	0.00499	0.00508	0.01113	0.01269	0.14743	0.45138	0.18142	0.07015	0.01174	0.04260	0.00192	0.00323	0.00909	0.00520	0.00510
1	0.01093	0.01053	0.01827	0.35799	0.43482	0.01140	0.05696	0.01406	0.01064	0.01457	0.00907	0.01262	0.00725	0.00459	0.00494	0.00155	0.00627	0.00445	0.00233	0.00675
2	0.01199	0.42800	0.14576	0.04126	0.03499	0.03741	0.12154	0.01526	0.05077	0.01339	0.00917	0.03117	0.00792	0.02650	0.00467	0.00141	0.00603	0.00392	0.00241	0.00642
3	0.00819	0.00682	0.02881	0.04201	0.00971	0.00750	0.00638	0.03502	0.00868	0.01231	0.04544	0.07498	0.01531	0.26997	0.25387	0.00456	0.13393	0.00629	0.02588	0.00435
4	0.00603	0.00486	0.00526	0.00539	0.00669	0.00421	0.00389	0.00723	0.01091	0.01350	0.11264	0.16155	0.55853	0.06834	0.00719	0.00191	0.00268	0.01055	0.00453	0.00409
5	0.03441	0.10912	0.12696	0.02700	0.05981	0.12957	0.08391	0.04776	0.05331	0.07971	0.04033	0.03749	0.05557	0.00798	0.04951	0.00186	0.00632	0.03977	0.00330	0.00633
6	0.04937	0.07121	0.11993	0.04536	0.11413	0.04350	0.08915	0.26703	0.01508	0.07669	0.01170	0.01275	0.02800	0.00530	0.00473	0.00147	0.00585	0.00440	0.02706	0.00727
7	0.01122	0.00875	0.03196	0.00953	0.04308	0.04130	0.02937	0.07368	0.11064	0.11366	0.12255	0.17588	0.10180	0.00983	0.02665	0.00181	0.02529	0.01968	0.01984	0.02347

[dist]
# distance from previous block
# <min> <max>
1	16

[block]
# block no. 2 follows, 51 sequences, length 36
# corresponding to MSA columns:
# 257-292
name=unknown_C
#
# <colnr> <probs for GDERKNQSTAVLIFYWHMCP>
#	G	D	E	R	K	N	Q	S	T	A	V	L	I	F	Y	W	H	M	C	P
0	0.01355	0.09337	0.11021	0.06424	0.04630	0.06608	0.06101	0.13540	0.05358	0.11523	0.05577	0.01581	0.04008	0.00660	0.02510	0.00161	0.00566	0.01769	0.01721	0.05551
1	0.06860	0.02340	0.02744	0.01435	0.19210	0.06952	0.03882	0.12584	0.05219	0.06064	0.02710	0.09248	0.02418	0.00693	0.00569	0.02001	0.04462	0.02369	0.06198	0.02044
2	0.00634	0.00566	0.04919	0.00710	0.00806	0.00456	0.00543	0.00766	0.00998	0.01315	0.04697	0.58579	0.14728	0.01410	0.00614	0.00193	0.00315	0.06883	0.00444	0.00425
3	0.01059	0.12356	0.10556	0.02999	0.09833	0.06420	0.04283	0.05490	0.02499	0.01435	0.01432	0.14480	0.03957	0.02197	0.09866	0.00237	0.05957	0.02991	0.01372	0.00582
4	0.05218	0.02861	0.15363	0.02392	0.06744	0.16438	0.08358	0.04361	0.04929	0.05937	0.01114	0.05600	0.00952	0.05714	0.00634	0.00166	0.03416	0.00467	0.00302	0.09033
5	0.00618	0.00456	0.00575	0.00635	0.00705	0.00417	0.00440	0.00739	0.01060	0.01408	0.18846	0.50895	0.16878	0.03119	0.00649	0.00190	0.00272	0.01215	0.00470	0.00413
6	0.07377	0.00864	0.01058	0.00858	0.01180	0.00835	0.00701	0.11471	0.06262	0.46755	0.04276	0.04234	0.01389	0.00672	0.00487	0.00155	0.00408	0.04002	0.06271	0.00744
7	0.01190	0.04947	0.19542	0.07660	0.22006	0.06613	0.05798	0.07071	0.06910	0.02903	0.01108	0.04614	0.00912	0.00738	0.05681	0.00193	0.00669	0.00469	0.00286	0.00689
8	0.05072	0.02475	0.11343	0.14578	0.16866	0.06093	0.06148	0.04439	0.07710	0.08797	0.01361	0.04273	0.04646	0.00575	0.00484	0.00154	0.00567	0.00497	0.03256	0.00666
9	0.00631	0.00496	0.00570	0.00592	0.00719	0.00440	0.00446	0.00776	0.01128	0.01429	0.16831	0.15365	0.44795	0.04066	0.00664	0.00186	0.00282	0.09696	0.00465	0.00421
10	0.86201	0.00950	0.00722	0.00646	0.00950	0.01102	0.00532	0.01445	0.00836	0.02205	0.00684	0.00798	0.00532	0.00456	0.00304	0.00152	0.00380	0.00266	0.00304	0.00532
11	0.03624	0.01425	0.16227	0.04676	0.11008	0.05261	0.15289	0.07888	0.09785	0.04195	0.03444	0.03743	0.02691	0.00592	0.00605	0.00162	0.07884	0.00507	0.00316	0.00678
12	0.03512	0.03214	0.00782	0.00683	0.00871	0.00618	0.00527	0.01246	0.08361	0.13697	0.21558	0.15115	0.24213	0.01032	0.00552	0.00165	0.00306	0.02522	0.00492	0.00534
13	0.00663	0.00484	0.00574	0.00601	0.00714	0.00428	0.00432	0.00792	0.01107	0.04117	0.16309	0.33946	0.35465	0.01295	0.00595	0.00176	0.00266	0.01131	0.00475	0.00431
14	0.29673	0.00875	0.01012	0.02844	0.01209	0.00856	0.00676	0.02055	0.01209	0.52537	0.01501	0.01377	0.00978	0.00555	0.00432	0.00152	0.00412	0.00418	0.00499	0.00729
15	0.02496	0.01051	0.03330	0.20111	0.43087	0.01073	0.04423	0.03080	0.03070	0.01559	0.02875	0.05939	0.02478	0.00573	0.00505	0.00157	0.00570	0.02672	0.00278	0.00674
16	0.00706	0.00509	0.00691	0.00795	0.00879	0.00493	0.00637	0.00875	0.01065	0.01393	0.04374	0.34347	0.06950	0.01413	0.00652	0.00212	0.00375	0.42748	0.00456	0.00431
17	0.01075	0.01075	0.01505	0.01290	0.01290	0.01505	0.01075	0.01183	0.00753	0.01183	0.00645	0.01075	0.00645	0.00860	0.01613	0.00215	0.81830	0.00430	0.00215	0.00538
18	0.10621	0.23882	0.07360	0.02913	0.07855	0.05147	0.03148	0.18630	0.01358	0.11154	0.01016	0.01091	0.00766	0.00498	0.00418	0.00136	0.00541	0.00372	0.02394	0.00701
19	0.05082	0.03796	0.18759	0.02953	0.08170	0.24686	0.05757	0.05062	0.01245	0.08506	0.03460	0.01396	0.06008	0.00565	0.00498	0.00147	0.02516	0.00440	0.00305	0.00648
20	0.06458	0.31765	0.01835	0.01083	0.01400	0.34723	0.02586	0.07162	0.01236	0.01387	0.00755	0.00888	0.00644	0.00498	0.00468	0.00128	0.05803	0.00316	0.00255	0.00609
21	0.00627	0.00483	0.00559	0.00582	0.00701	0.00428	0.00427	0.00771	0.01132	0.01467	0.20164	0.23513	0.39850	0.01250	0.00589	0.00172	0.00261	0.03696	0.02906	0.00424
22	0.00703	0.00518	0.00579	0.00553	0.00717	0.00446	0.00419	0.00862	0.01215	0.05805	0.26502	0.04254	0.53391	0.01140	0.00576	0.00162	0.00253	0.00964	0.00489	0.00452
23	0.01075	0.01075	0.01505	0.01290	0.01290	0.01505	0.01075	0.01183	0.00753	0.01183	0.00645	0.01075	0.00645	0.00860	0.01613	0.00215	0.81830	0.00430	0.00215	0.00538
24	0.86201	0.00950	0.00722	0.00646	0.00950	0.01102	0.00532	0.01445	0.00836	0.02205	0.00684	0.00798	0.00532	0.00456	0.00304	0.00152	0.00380	0.00266	0.00304	0.00532
25	0.01314	0.83025	0.02575	0.00841	0.01261	0.01945	0.00841	0.01472	0.00999	0.01156	0.00683	0.00788	0.00631	0.00420	0.00315	0.00105	0.00526	0.00263	0.00210	0.00631
26	0.00627	0.00455	0.00600	0.00692	0.00745	0.00417	0.00472	0.00723	0.00950	0.01279	0.02606	0.76036	0.03102	0.01471	0.00614	0.00193	0.00294	0.03223	0.00447	0.05054
27	0.01222	0.01056	0.01111	0.01000	0.01278	0.01222	0.00778	0.02611	0.78776	0.02056	0.02000	0.01833	0.01500	0.00667	0.00500	0.00167	0.00389	0.00556	0.00500	0.00778
28	0.01257	0.01070	0.01131	0.00999	0.01290	0.01222	0.00781	0.07436	0.71132	0.02107	0.01908	0.01763	0.01430	0.00651	0.00495	0.00162	0.00398	0.00539	0.00492	0.03736
29	0.01877	0.01362	0.01466	0.01124	0.01517	0.01502	0.00928	0.75974	0.02286	0.05183	0.01200	0.01193	0.00846	0.00590	0.00492	0.00148	0.00537	0.00444	0.00495	0.00836
30	0.01836	0.02342	0.01393	0.01266	0.01519	0.80756	0.00950	0.01962	0.01393	0.01203	0.00760	0.00886	0.00633	0.00506	0.00443	0.00127	0.00886	0.00317	0.00253	0.00570
31	0.00713	0.00527	0.00677	0.00740	0.00852	0.00502	0.00603	0.00893	0.01119	0.01447	0.11788	0.10638	0.20793	0.06192	0.00750	0.00217	0.00369	0.40293	0.00454	0.00432
32	0.00608	0.00441	0.00576	0.00681	0.00725	0.00410	0.00468	0.00704	0.00966	0.01272	0.02887	0.71913	0.09413	0.01506	0.00626	0.00198	0.00291	0.05455	0.00456	0.00403
33	0.00643	0.00484	0.00590	0.00643	0.00726	0.00452	0.00450	0.02925	0.01037	0.01348	0.06914	0.48593	0.24065	0.03941	0.04580	0.00224	0.00336	0.01183	0.00447	0.00418
34	0.01105	0.08181	0.03401	0.22052	0.14980	0.07380	0.09139	0.05212	0.02274	0.01521	0.07986	0.07219	0.02703	0.00667	0.01921	0.00164	0.00592	0.00548	0.02353	0.00604
35	0.05110	0.09490	0.05648	0.05091	0.11302	0.16768	0.07217	0.05349	0.03136	0.02639	0.00933	0.02726	0.00772	0.00479	0.00449	0.00127	0.01653	0.00386	0.00281	0.20442

[dist]
# distance from previous block
# <min> <max>
2	42

[block]
# block no. 3 follows, 51 sequences, length 13
# corresponding to MSA columns:
# 335-347
name=unknown_D
#
# <colnr> <probs for GDERKNQSTAVLIFYWHMCP>
#	G	D	E	R	K	N	Q	S	T	A	V	L	I	F	Y	W	H	M	C	P
0	0.00612	0.00459	0.00554	0.00611	0.00685	0.00416	0.00419	0.00715	0.01015	0.01316	0.10320	0.45559	0.25591	0.08423	0.00771	0.00210	0.00286	0.01186	0.00450	0.00401
1	0.00860	0.00566	0.00704	0.00661	0.00805	0.00542	0.00501	0.01114	0.05771	0.08811	0.37608	0.03405	0.14851	0.08537	0.06865	0.00237	0.00376	0.04403	0.02893	0.00491
2	0.00668	0.00489	0.00617	0.00679	0.00749	0.00466	0.00486	0.00826	0.03445	0.01370	0.12206	0.42174	0.11210	0.10864	0.00838	0.00225	0.00323	0.11499	0.00449	0.00416
3	0.00587	0.00495	0.00509	0.00512	0.00669	0.00416	0.00382	0.00715	0.01125	0.01355	0.08426	0.08286	0.72353	0.01247	0.00583	0.00167	0.00250	0.01047	0.00460	0.00416
4	0.01314	0.83025	0.02575	0.00841	0.01261	0.01945	0.00841	0.01472	0.00999	0.01156	0.00683	0.00788	0.00631	0.00420	0.00315	0.00105	0.00526	0.00263	0.00210	0.00631
5	0.00715	0.00476	0.00536	0.00536	0.00536	0.00476	0.00298	0.00715	0.00715	0.00953	0.01548	0.03216	0.01787	0.82729	0.02501	0.00476	0.00476	0.00715	0.00298	0.00298
6	0.86201	0.00950	0.00722	0.00646	0.00950	0.01102	0.00532	0.01445	0.00836	0.02205	0.00684	0.00798	0.00532	0.00456	0.00304	0.00152	0.00380	0.00266	0.00304	0.00532
7	0.00599	0.00428	0.00570	0.00684	0.00713	0.00399	0.00456	0.00684	0.00941	0.01254	0.02709	0.82409	0.03250	0.01540	0.00627	0.00200	0.00285	0.01397	0.00456	0.00399
8	0.07659	0.01277	0.01374	0.01065	0.01447	0.01397	0.00878	0.61911	0.04813	0.11341	0.01257	0.01230	0.00880	0.00585	0.00479	0.00149	0.00511	0.00440	0.00492	0.00813
9	0.01023	0.00844	0.01162	0.10861	0.05365	0.00984	0.03081	0.13024	0.01050	0.01450	0.01156	0.01899	0.01115	0.24888	0.14887	0.00366	0.15501	0.00536	0.00293	0.00515
10	0.00849	0.00668	0.00758	0.00706	0.00875	0.00682	0.00535	0.07976	0.14178	0.01703	0.19835	0.07232	0.26481	0.06157	0.08905	0.00246	0.00419	0.00818	0.00456	0.00518
11	0.01485	0.17764	0.18313	0.01111	0.01551	0.06595	0.01080	0.35987	0.01644	0.02162	0.04111	0.01306	0.00957	0.00568	0.00458	0.00143	0.00584	0.03094	0.00361	0.00727
12	0.04924	0.07557	0.03264	0.02898	0.04266	0.04965	0.05883	0.25708	0.06681	0.23488	0.01348	0.02877	0.00973	0.00580	0.00502	0.00150	0.02276	0.00463	0.00440	0.00755

[dist]
# distance from previous block
# <min> <max>
0	1

[block]
# block no. 4 follows, 51 sequences, length 23
# corresponding to MSA columns:
# 349-353,360-365,377-381,383-389
name=unknown_E
#
# <colnr> <probs for GDERKNQSTAVLIFYWHMCP>
#	G	D	E	R	K	N	Q	S	T	A	V	L	I	F	Y	W	H	M	C	P
0	0.07140	0.01108	0.01125	0.01025	0.03800	0.08184	0.00768	0.29973	0.12390	0.03659	0.01655	0.23815	0.01567	0.00844	0.00513	0.00163	0.00467	0.00701	0.00443	0.00660
1	0.01366	0.10038	0.01207	0.00841	0.01156	0.02274	0.00694	0.05088	0.05531	0.22422	0.10806	0.05253	0.01564	0.00661	0.00517	0.00136	0.04188	0.03960	0.00427	0.21871
2	0.00986	0.02542	0.80183	0.01401	0.02127	0.01141	0.01816	0.01556	0.01038	0.01556	0.00882	0.01038	0.00623	0.00467	0.00467	0.00156	0.00726	0.00363	0.00208	0.00726
3	0.01308	0.74532	0.08080	0.00895	0.01332	0.04566	0.00914	0.01494	0.01015	0.01186	0.00700	0.00809	0.00630	0.00427	0.00330	0.00109	0.00552	0.00272	0.00211	0.00635
4	0.01239	0.01105	0.01862	0.05802	0.68390	0.01106	0.01415	0.01520	0.01127	0.06201	0.01064	0.03270	0.00906	0.00498	0.00495	0.00150	0.00567	0.02253	0.00274	0.00756
5	0.62361	0.00918	0.00841	0.00711	0.01037	0.00995	0.00586	0.01714	0.00998	0.24286	0.01040	0.01046	0.00726	0.00499	0.00358	0.00152	0.00391	0.00331	0.00390	0.00619
6	0.00696	0.00502	0.00657	0.00618	0.00734	0.00464	0.00464	0.00927	0.01391	0.01971	0.79405	0.03671	0.04637	0.01005	0.00580	0.00155	0.00232	0.00889	0.00541	0.00464
7	0.01314	0.83025	0.02575	0.00841	0.01261	0.01945	0.00841	0.01472	0.00999	0.01156	0.00683	0.00788	0.00631	0.00420	0.00315	0.00105	0.00526	0.00263	0.00210	0.00631
8	0.00607	0.00434	0.00580	0.00694	0.00726	0.00406	0.00471	0.00699	0.00949	0.01264	0.02704	0.79084	0.03232	0.01532	0.00629	0.00201	0.00292	0.04639	0.00456	0.00401
9	0.00702	0.00527	0.00790	0.00790	0.00878	0.00614	0.00614	0.00878	0.00790	0.01141	0.01316	0.01931	0.01229	0.03686	0.80782	0.00790	0.01316	0.00527	0.00263	0.00439
10	0.00688	0.00497	0.00651	0.00623	0.00733	0.00459	0.00463	0.00910	0.01358	0.01918	0.73776	0.09449	0.04535	0.01044	0.00583	0.00158	0.00236	0.00926	0.00535	0.00459
11	0.00599	0.00428	0.00570	0.00684	0.00713	0.00399	0.00456	0.00684	0.00941	0.01254	0.02709	0.82409	0.03250	0.01540	0.00627	0.00200	0.00285	0.01397	0.00456	0.00399
12	0.00994	0.02486	0.76658	0.01431	0.02147	0.01146	0.05285	0.01557	0.01043	0.01557	0.00887	0.01051	0.00628	0.00464	0.00472	0.00156	0.00731	0.00373	0.00209	0.00723
13	0.00991	0.00938	0.01588	0.64356	0.20084	0.01108	0.01396	0.01311	0.01012	0.01332	0.00885	0.01290	0.00682	0.00480	0.00490	0.00160	0.00639	0.00437	0.00224	0.00597
14	0.02151	0.00922	0.01194	0.00915	0.01297	0.00850	0.00756	0.14423	0.01550	0.67773	0.01818	0.01594	0.01156	0.00605	0.00494	0.00151	0.00438	0.00486	0.00590	0.00836
15	0.00637	0.00455	0.00555	0.00620	0.00658	0.00429	0.00404	0.00704	0.00896	0.01173	0.02621	0.46289	0.12152	0.27014	0.01212	0.00283	0.00344	0.02779	0.00406	0.00370
16	0.03536	0.00550	0.00661	0.00712	0.00807	0.00545	0.00510	0.03408	0.07923	0.01486	0.08380	0.52903	0.10647	0.01319	0.00595	0.00188	0.00306	0.04600	0.00462	0.00460
17	0.01883	0.01353	0.01460	0.01120	0.01512	0.01489	0.00925	0.74758	0.02271	0.06420	0.01213	0.01201	0.00852	0.00591	0.00492	0.00148	0.00535	0.00445	0.00497	0.00836
18	0.01408	0.00998	0.01117	0.00980	0.01270	0.01099	0.00783	0.08973	0.51241	0.15627	0.01976	0.02105	0.01521	0.00716	0.00515	0.00168	0.00413	0.07814	0.00514	0.00762
19	0.01131	0.01168	0.01497	0.01288	0.01307	0.07321	0.01066	0.01240	0.00800	0.01184	0.00653	0.01061	0.00644	0.00834	0.01527	0.00209	0.75890	0.00422	0.00218	0.00540
20	0.01411	0.01034	0.01163	0.00915	0.02701	0.04399	0.00721	0.19489	0.01420	0.13538	0.06856	0.01347	0.01107	0.00519	0.00463	0.00115	0.02276	0.00408	0.00399	0.39718
21	0.04945	0.05717	0.10493	0.01375	0.05339	0.45960	0.09807	0.01766	0.02576	0.01387	0.02461	0.01060	0.00760	0.00502	0.00471	0.00138	0.02019	0.00374	0.02241	0.00608
22	0.01214	0.00873	0.01122	0.00960	0.01205	0.00919	0.06533	0.10425	0.23818	0.11406	0.15452	0.09007	0.02071	0.00865	0.02208	0.00178	0.02101	0.04836	0.04154	0.00652

[dist]
# distance from previous block
# <min> <max>
0	2

[block]
# block no. 5 follows, 51 sequences, length 15
# corresponding to MSA columns:
# 398-412
name=unknown_F
#
# <colnr> <probs for GDERKNQSTAVLIFYWHMCP>
#	G	D	E	R	K	N	Q	S	T	A	V	L	I	F	Y	W	H	M	C	P
0	0.01129	0.06118	0.37919	0.01215	0.05350	0.06711	0.01256	0.06743	0.01165	0.01650	0.04736	0.01157	0.00869	0.00475	0.00440	0.00129	0.00594	0.00372	0.00269	0.21703
1	0.02725	0.03808	0.12165	0.07309	0.11340	0.05396	0.07396	0.03763	0.10150	0.06816	0.03256	0.09195	0.03137	0.00773	0.03969	0.00182	0.02363	0.00554	0.00335	0.05366
2	0.00741	0.00516	0.00681	0.06405	0.00932	0.00495	0.00527	0.00868	0.01016	0.05139	0.10541	0.42435	0.10357	0.10436	0.00809	0.00216	0.00340	0.04642	0.00434	0.02471
3	0.00703	0.00479	0.00553	0.00557	0.00572	0.00481	0.00329	0.00725	0.00747	0.00995	0.01739	0.05844	0.05607	0.70407	0.07903	0.00474	0.00519	0.00740	0.00308	0.00317
4	0.09154	0.09494	0.20351	0.02831	0.09536	0.05054	0.09374	0.13589	0.01261	0.04004	0.00930	0.01076	0.00707	0.00467	0.00444	0.00138	0.00599	0.00382	0.00293	0.10315
5	0.01175	0.04624	0.07134	0.09341	0.06916	0.00958	0.02785	0.01444	0.04298	0.16135	0.11912	0.05677	0.05896	0.00843	0.02649	0.01785	0.13461	0.01981	0.00376	0.00609
6	0.00721	0.00510	0.00580	0.00575	0.00719	0.00443	0.00422	0.00853	0.01131	0.06975	0.14575	0.17575	0.47255	0.04606	0.00662	0.00182	0.00274	0.01026	0.00472	0.00444
7	0.00631	0.00459	0.00593	0.00680	0.00735	0.00434	0.00478	0.00734	0.00959	0.01259	0.02812	0.55669	0.11810	0.07573	0.04307	0.00245	0.00359	0.09426	0.00436	0.00401
8	0.01186	0.09782	0.21924	0.02017	0.34901	0.03735	0.07051	0.02874	0.01113	0.03178	0.02919	0.01243	0.00847	0.02526	0.00550	0.00155	0.02608	0.00427	0.00252	0.00711
9	0.14058	0.01191	0.03983	0.01080	0.04809	0.03700	0.00866	0.31009	0.04042	0.22291	0.01360	0.01341	0.02819	0.00594	0.00521	0.00153	0.04543	0.00441	0.00451	0.00750
10	0.00702	0.00527	0.00790	0.00790	0.00878	0.00614	0.00614	0.00878	0.00790	0.01141	0.01316	0.01931	0.01229	0.03686	0.80782	0.00790	0.01316	0.00527	0.00263	0.00439
11	0.04556	0.01046	0.04223	0.12743	0.20671	0.01038	0.08794	0.09262	0.07292	0.09775	0.01404	0.08256	0.02218	0.00629	0.00504	0.00159	0.00532	0.02671	0.03549	0.00677
12	0.04301	0.05631	0.12413	0.01590	0.22613	0.03453	0.01134	0.08404	0.09577	0.13173	0.01244	0.05255	0.00994	0.00596	0.00571	0.00156	0.07345	0.00477	0.00350	0.00723
13	0.01345	0.01236	0.07142	0.01136	0.03542	0.09125	0.04471	0.18370	0.07699	0.07973	0.03348	0.05383	0.01209	0.09742	0.02210	0.00208	0.12112	0.01611	0.01498	0.00638
14	0.01177	0.00977	0.01003	0.00933	0.03535	0.11144	0.00696	0.19818	0.01358	0.03133	0.09515	0.06408	0.05369	0.05125	0.21200	0.00326	0.00699	0.00590	0.06430	0.00564

[dist]
# distance from previous block
# <min> <max>
1	7

[block]
# block no. 6 follows, 51 sequences, length 21
# corresponding to MSA columns:
# 420-440
name=unknown_G
#
# <colnr> <probs for GDERKNQSTAVLIFYWHMCP>
#	G	D	E	R	K	N	Q	S	T	A	V	L	I	F	Y	W	H	M	C	P
0	0.04878	0.01019	0.05403	0.05225	0.03792	0.00995	0.00827	0.25522	0.01474	0.16759	0.03119	0.05044	0.07312	0.02619	0.07184	0.00213	0.02554	0.00548	0.04840	0.00672
1	0.11288	0.06611	0.06938	0.05146	0.19108	0.04336	0.04299	0.12232	0.04619	0.01814	0.04044	0.01265	0.02033	0.00540	0.00547	0.00148	0.07396	0.00423	0.00307	0.06907
2	0.05148	0.07258	0.35205	0.01155	0.01685	0.01114	0.05109	0.08953	0.04866	0.10268	0.01101	0.02959	0.00824	0.00508	0.00452	0.00142	0.00577	0.00407	0.00315	0.11953
3	0.00762	0.00568	0.00687	0.00647	0.00793	0.00544	0.00488	0.01100	0.10017	0.03428	0.53750	0.06109	0.17200	0.01017	0.00571	0.00159	0.00258	0.00885	0.00520	0.00496
4	0.00634	0.00496	0.00648	0.00673	0.00776	0.00452	0.02883	0.00769	0.01064	0.01384	0.13093	0.39823	0.27179	0.01404	0.03149	0.00202	0.00323	0.04168	0.00454	0.00424
5	0.01498	0.02949	0.01701	0.01978	0.37536	0.02992	0.06056	0.09791	0.06001	0.19170	0.02931	0.01480	0.01040	0.00536	0.00497	0.00150	0.00542	0.02009	0.00376	0.00768
6	0.01197	0.01148	0.01960	0.08271	0.74560	0.01163	0.01499	0.01491	0.01110	0.01582	0.00921	0.01223	0.00770	0.00441	0.00487	0.00147	0.00589	0.00438	0.00242	0.00763
7	0.00653	0.00464	0.00616	0.00673	0.00709	0.00472	0.00456	0.00740	0.00847	0.01151	0.02076	0.42791	0.02386	0.22334	0.20865	0.00414	0.00587	0.01012	0.00369	0.00384
8	0.01267	0.32081	0.31801	0.01353	0.11502	0.05605	0.01293	0.01599	0.01078	0.06938	0.00882	0.01005	0.00688	0.00458	0.00414	0.00134	0.00621	0.00342	0.00244	0.00697
9	0.01043	0.14396	0.64766	0.01352	0.02021	0.01265	0.05536	0.01545	0.01038	0.01498	0.00858	0.01015	0.00630	0.00457	0.00450	0.00149	0.00702	0.00359	0.00210	0.00709
10	0.00684	0.00502	0.00641	0.00606	0.00727	0.00459	0.00455	0.00905	0.01364	0.01907	0.72051	0.03775	0.12030	0.01028	0.00580	0.00156	0.00234	0.00903	0.00533	0.00459
11	0.00993	0.00957	0.01699	0.58752	0.13345	0.01102	0.10996	0.01312	0.01013	0.01331	0.00895	0.01305	0.00689	0.00510	0.00543	0.02637	0.00661	0.00455	0.00225	0.00582
12	0.01358	0.00855	0.05146	0.00986	0.01258	0.00736	0.08707	0.06950	0.01251	0.29502	0.02045	0.27591	0.01919	0.00951	0.00562	0.00176	0.00446	0.08448	0.00478	0.00635
13	0.00928	0.00873	0.01474	0.81548	0.03385	0.01092	0.01365	0.01256	0.00983	0.01256	0.00873	0.01310	0.00655	0.00491	0.00491	0.00164	0.00655	0.00437	0.00218	0.00546
14	0.86201	0.00950	0.00722	0.00646	0.00950	0.01102	0.00532	0.01445	0.00836	0.02205	0.00684	0.00798	0.00532	0.00456	0.00304	0.00152	0.00380	0.00266	0.00304	0.00532
15	0.00928	0.00873	0.01474	0.81548	0.03385	0.01092	0.01365	0.01256	0.00983	0.01256	0.00873	0.01310	0.00655	0.00491	0.00491	0.00164	0.00655	0.00437	0.00218	0.00546
16	0.01216	0.01168	0.01995	0.03016	0.79664	0.01168	0.01508	0.01508	0.01119	0.01605	0.00924	0.01216	0.00778	0.00438	0.00487	0.00146	0.00584	0.00438	0.00243	0.00778
17	0.00928	0.00873	0.01474	0.81548	0.03385	0.01092	0.01365	0.01256	0.00983	0.01256	0.00873	0.01310	0.00655	0.00491	0.00491	0.00164	0.00655	0.00437	0.00218	0.00546
18	0.01318	0.01040	0.01119	0.00973	0.01244	0.01166	0.00762	0.25397	0.41074	0.02251	0.01835	0.13237	0.01539	0.00765	0.00510	0.00163	0.00414	0.00638	0.03824	0.00729
19	0.00792	0.00566	0.00792	0.00905	0.01018	0.00566	0.00792	0.01018	0.01131	0.01471	0.02602	0.05543	0.02828	0.01358	0.00679	0.00226	0.00453	0.76356	0.00453	0.00453
20	0.00744	0.00579	0.03166	0.00629	0.00785	0.00484	0.00498	0.00956	0.01306	0.05314	0.54336	0.05974	0.21304	0.01039	0.00574	0.00158	0.00261	0.00902	0.00512	0.00476

[dist]
# distance from previous block
# <min> <max>
0	1

# created by:
# /home/cegg/simao/soft/augustus-3.2.1/scripts/msa2prfl.pl ./align_prep/EOG091G0LKE.fa
