[name]
unknown

[dist]
# distance from previous block
# <min> <max>
0	56

[block]
# block no. 0 follows, 40 sequences, length 16
# corresponding to MSA columns:
# 72-87
name=unknown_A
#
# <colnr> <probs for GDERKNQSTAVLIFYWHMCP>
#	G	D	E	R	K	N	Q	S	T	A	V	L	I	F	Y	W	H	M	C	P
0	0.00946	0.00697	0.00874	0.00844	0.01022	0.00656	0.00664	0.03328	0.03243	0.02031	0.33014	0.07364	0.06564	0.06480	0.00831	0.00221	0.00394	0.18815	0.03119	0.08893
1	0.01179	0.01090	0.01830	0.24229	0.32708	0.01168	0.04463	0.01525	0.02590	0.01720	0.05169	0.09571	0.01470	0.01051	0.07491	0.00256	0.00744	0.00679	0.00331	0.00736
2	0.00869	0.00692	0.00729	0.00683	0.00883	0.00636	0.00512	0.08255	0.01457	0.01820	0.12163	0.04884	0.54402	0.08379	0.00881	0.00226	0.00352	0.01104	0.00538	0.00535
3	0.00786	0.00609	0.00739	0.00710	0.00859	0.00563	0.00533	0.01007	0.01496	0.02015	0.47109	0.07423	0.29102	0.01303	0.00725	0.00192	0.02592	0.01117	0.00591	0.00529
4	0.01478	0.64858	0.02744	0.07912	0.01707	0.02056	0.01020	0.01690	0.01182	0.01432	0.00851	0.01016	0.00760	0.00498	0.00398	0.00127	0.00616	0.00333	0.00259	0.09061
5	0.01553	0.65261	0.13242	0.01090	0.01635	0.02097	0.01149	0.01809	0.01212	0.05138	0.00915	0.01026	0.00779	0.00516	0.00409	0.00135	0.00649	0.00341	0.00272	0.00774
6	0.01510	0.58612	0.05645	0.09072	0.08485	0.05280	0.01179	0.01748	0.01214	0.01449	0.00870	0.01057	0.00765	0.00514	0.00426	0.00139	0.00671	0.00358	0.00255	0.00753
7	0.01092	0.06690	0.04210	0.00819	0.01034	0.00767	0.00657	0.03521	0.01387	0.09900	0.23937	0.15721	0.15162	0.11384	0.00948	0.00238	0.00412	0.01001	0.00531	0.00591
8	0.04600	0.33806	0.05761	0.08234	0.09238	0.01689	0.01129	0.11978	0.01420	0.04066	0.03307	0.01601	0.01121	0.04618	0.02852	0.00201	0.00658	0.02615	0.00346	0.00760
9	0.01072	0.02836	0.06999	0.00889	0.01059	0.00711	0.00714	0.04705	0.01212	0.06785	0.11934	0.25315	0.03957	0.06306	0.02655	0.20444	0.00481	0.00953	0.00451	0.00523
10	0.01656	0.03360	0.05668	0.07121	0.13348	0.11267	0.01155	0.14223	0.06094	0.11487	0.03023	0.08570	0.01384	0.00975	0.03940	0.04193	0.00692	0.00624	0.00437	0.00784
11	0.08864	0.08229	0.04119	0.04144	0.18055	0.03703	0.06848	0.05262	0.09761	0.06184	0.01421	0.03437	0.03040	0.00652	0.00623	0.00173	0.05445	0.00536	0.00379	0.09124
12	0.03591	0.00940	0.01132	0.01219	0.09524	0.05002	0.00825	0.01470	0.04994	0.09271	0.08049	0.20849	0.12836	0.03072	0.00778	0.00208	0.05345	0.05080	0.00488	0.05327
13	0.02620	0.03094	0.03030	0.06368	0.04015	0.02989	0.14853	0.07263	0.05727	0.09513	0.11398	0.04615	0.08028	0.00812	0.00667	0.00182	0.03920	0.02312	0.00454	0.08137
14	0.01545	0.09151	0.13059	0.04429	0.11520	0.03209	0.06088	0.03543	0.07882	0.12483	0.01308	0.01453	0.00992	0.00616	0.00668	0.00170	0.08116	0.00488	0.00378	0.12903
15	0.09252	0.09596	0.21127	0.03904	0.07059	0.03561	0.01250	0.06865	0.05235	0.08030	0.05395	0.07311	0.05404	0.00782	0.00559	0.00182	0.00616	0.02696	0.00407	0.00769

[dist]
# distance from previous block
# <min> <max>
0	17

[block]
# block no. 1 follows, 40 sequences, length 9
# corresponding to MSA columns:
# 105-113
name=unknown_B
#
# <colnr> <probs for GDERKNQSTAVLIFYWHMCP>
#	G	D	E	R	K	N	Q	S	T	A	V	L	I	F	Y	W	H	M	C	P
0	0.16156	0.28321	0.20525	0.01161	0.01654	0.05640	0.01195	0.01794	0.02993	0.05091	0.01141	0.06527	0.00995	0.00655	0.00529	0.00168	0.03928	0.00467	0.00320	0.00741
1	0.05618	0.17003	0.18207	0.01186	0.01581	0.01365	0.01170	0.01751	0.06596	0.09080	0.05443	0.10391	0.01649	0.00879	0.00731	0.00193	0.10545	0.05481	0.00398	0.00733
2	0.28185	0.08801	0.15321	0.01148	0.01615	0.06915	0.03368	0.01998	0.09441	0.08342	0.01298	0.01552	0.01025	0.00635	0.00490	0.00176	0.00611	0.04162	0.00387	0.04530
3	0.12228	0.16297	0.42040	0.01373	0.02042	0.01584	0.01584	0.12833	0.01418	0.02136	0.01025	0.01164	0.00763	0.00563	0.00500	0.00171	0.00730	0.00408	0.00313	0.00829
4	0.01410	0.45588	0.20735	0.01146	0.01656	0.06943	0.01206	0.01691	0.01182	0.01458	0.01003	0.01381	0.00919	0.10629	0.00758	0.00197	0.00702	0.00413	0.00265	0.00719
5	0.05425	0.01156	0.08159	0.01101	0.01511	0.00958	0.02643	0.02405	0.10875	0.42819	0.02207	0.08801	0.01677	0.00839	0.00595	0.00191	0.00515	0.04272	0.02982	0.00868
6	0.01209	0.01059	0.01358	0.10943	0.07116	0.00885	0.00887	0.01490	0.01209	0.01843	0.01038	0.01267	0.00855	0.00456	0.00460	0.00106	0.00494	0.00379	0.00329	0.66616
7	0.01058	0.00976	0.01687	0.01353	0.01669	0.00914	0.24061	0.01452	0.05263	0.01979	0.24377	0.07800	0.07894	0.00999	0.00681	0.00196	0.00560	0.09985	0.00480	0.06616
8	0.00784	0.00593	0.00723	0.00691	0.00845	0.00532	0.00518	0.01022	0.01554	0.02114	0.55660	0.04703	0.25592	0.01270	0.00686	0.00187	0.00280	0.01102	0.00611	0.00532

[dist]
# distance from previous block
# <min> <max>
0	3

[block]
# block no. 2 follows, 40 sequences, length 6
# corresponding to MSA columns:
# 117-122
name=unknown_C
#
# <colnr> <probs for GDERKNQSTAVLIFYWHMCP>
#	G	D	E	R	K	N	Q	S	T	A	V	L	I	F	Y	W	H	M	C	P
0	0.00941	0.11252	0.01124	0.00839	0.01035	0.00890	0.00666	0.01266	0.07648	0.01736	0.20272	0.10004	0.16590	0.02003	0.20726	0.00381	0.00683	0.00892	0.00470	0.00582
1	0.08455	0.39277	0.12045	0.01025	0.01474	0.01655	0.01020	0.01704	0.07861	0.01660	0.01680	0.01780	0.10295	0.00970	0.06677	0.00218	0.00659	0.00499	0.00331	0.00717
2	0.01159	0.15129	0.41480	0.01477	0.07911	0.01325	0.01558	0.01620	0.01278	0.01775	0.08243	0.02055	0.11192	0.00720	0.00554	0.00175	0.00679	0.00579	0.00324	0.00769
3	0.01225	0.12142	0.24235	0.35206	0.12844	0.01455	0.01714	0.01665	0.01206	0.01631	0.01015	0.01358	0.00779	0.00553	0.00544	0.00179	0.00769	0.00464	0.00257	0.00760
4	0.14043	0.05696	0.01222	0.00882	0.01299	0.01036	0.00715	0.06558	0.07822	0.02143	0.06529	0.01855	0.08010	0.00647	0.00481	0.00135	0.00439	0.00505	0.00417	0.39567
5	0.01437	0.17201	0.28423	0.01369	0.01970	0.01441	0.07950	0.09889	0.01439	0.06191	0.04553	0.03436	0.01131	0.00609	0.00531	0.00162	0.00687	0.00499	0.00353	0.10728

[dist]
# distance from previous block
# <min> <max>
2	16

[block]
# block no. 3 follows, 40 sequences, length 12
# corresponding to MSA columns:
# 139-150
name=unknown_D
#
# <colnr> <probs for GDERKNQSTAVLIFYWHMCP>
#	G	D	E	R	K	N	Q	S	T	A	V	L	I	F	Y	W	H	M	C	P
0	0.04566	0.11648	0.01872	0.05833	0.13493	0.06881	0.03984	0.16571	0.05944	0.06878	0.01276	0.01518	0.01023	0.05182	0.00699	0.00185	0.02406	0.00495	0.00399	0.09145
1	0.01251	0.01162	0.01935	0.11706	0.50757	0.01193	0.01509	0.01561	0.01259	0.01759	0.01528	0.08587	0.03821	0.00981	0.06120	0.00239	0.00714	0.02799	0.00324	0.00795
2	0.01010	0.00505	0.00758	0.00758	0.00758	0.00505	0.00505	0.00758	0.00758	0.01010	0.01010	0.01768	0.01010	0.02020	0.02273	0.83081	0.00505	0.00505	0.00253	0.00253
3	0.01405	0.01294	0.02233	0.20779	0.52086	0.01344	0.05648	0.01763	0.01303	0.04906	0.01134	0.01495	0.00907	0.00540	0.00583	0.00179	0.00718	0.00530	0.00299	0.00852
4	0.04236	0.04699	0.01384	0.02546	0.05219	0.02859	0.06046	0.05003	0.07398	0.09959	0.12394	0.16439	0.05367	0.00934	0.00597	0.00176	0.00489	0.00818	0.00489	0.12948
5	0.00814	0.04466	0.06262	0.00843	0.01029	0.00660	0.00703	0.01008	0.01254	0.01617	0.07967	0.32124	0.26051	0.01491	0.00699	0.00216	0.00399	0.11351	0.00510	0.00532
6	0.44219	0.06643	0.01401	0.01060	0.01438	0.08240	0.07536	0.05350	0.03416	0.07665	0.07060	0.01417	0.01172	0.00618	0.00466	0.00175	0.00564	0.00453	0.00407	0.00701
7	0.13032	0.17145	0.09912	0.01124	0.03212	0.03803	0.03075	0.08735	0.01421	0.12486	0.05261	0.01856	0.06690	0.04376	0.00623	0.00182	0.00579	0.00533	0.00417	0.05538
8	0.04284	0.23505	0.06582	0.01524	0.10585	0.12049	0.05647	0.06623	0.04990	0.06166	0.05303	0.01533	0.02623	0.00642	0.00577	0.00164	0.04149	0.00493	0.01786	0.00777
9	0.11145	0.15150	0.13292	0.01271	0.03629	0.14269	0.03471	0.12791	0.01495	0.02022	0.01399	0.01564	0.06456	0.03096	0.00581	0.00172	0.00687	0.00479	0.00355	0.06677
10	0.12459	0.05536	0.20712	0.01495	0.09338	0.12209	0.03182	0.07230	0.03064	0.02001	0.03366	0.07061	0.03801	0.00700	0.00538	0.00173	0.00683	0.00557	0.00356	0.05539
11	0.09159	0.20910	0.13778	0.01129	0.03904	0.01387	0.01044	0.05655	0.06617	0.05036	0.06034	0.05516	0.08328	0.00759	0.00546	0.00168	0.02277	0.00589	0.02598	0.04566

[dist]
# distance from previous block
# <min> <max>
68	512

[block]
# block no. 4 follows, 40 sequences, length 6
# corresponding to MSA columns:
# 961-966
name=unknown_E
#
# <colnr> <probs for GDERKNQSTAVLIFYWHMCP>
#	G	D	E	R	K	N	Q	S	T	A	V	L	I	F	Y	W	H	M	C	P
0	0.14695	0.01190	0.01730	0.12736	0.26275	0.01250	0.04327	0.05159	0.05640	0.13235	0.01463	0.01894	0.01168	0.00667	0.00567	0.00188	0.00619	0.05974	0.00410	0.00814
1	0.08015	0.00993	0.01226	0.00993	0.01365	0.00953	0.00803	0.06748	0.09877	0.44376	0.15949	0.02335	0.02153	0.00801	0.00588	0.00182	0.00455	0.00658	0.00656	0.00873
2	0.70660	0.01205	0.00997	0.00856	0.01233	0.01384	0.00706	0.13255	0.01268	0.02778	0.00903	0.01017	0.00687	0.00565	0.00395	0.00179	0.00480	0.00348	0.00395	0.00687
3	0.00709	0.00506	0.00675	0.00810	0.00843	0.00472	0.00540	0.00810	0.01113	0.01484	0.03205	0.79184	0.03846	0.01822	0.00742	0.00236	0.00337	0.01653	0.00540	0.00472
4	0.01340	0.01218	0.02038	0.06022	0.02080	0.01229	0.28136	0.14966	0.07019	0.02321	0.21068	0.05943	0.02316	0.00802	0.00657	0.00190	0.00651	0.00786	0.00470	0.00747
5	0.01758	0.16677	0.01794	0.01161	0.01574	0.08259	0.00967	0.28559	0.05929	0.04794	0.01368	0.06639	0.01148	0.00700	0.00565	0.00157	0.02996	0.00527	0.00446	0.13982

[dist]
# distance from previous block
# <min> <max>
1	3

[block]
# block no. 5 follows, 40 sequences, length 12
# corresponding to MSA columns:
# 970-981
name=unknown_F
#
# <colnr> <probs for GDERKNQSTAVLIFYWHMCP>
#	G	D	E	R	K	N	Q	S	T	A	V	L	I	F	Y	W	H	M	C	P
0	0.00886	0.00570	0.00743	0.00809	0.00908	0.00522	0.00573	0.01025	0.01242	0.07844	0.10338	0.54966	0.11230	0.01624	0.00720	0.00224	0.00348	0.04337	0.00564	0.00527
1	0.01290	0.01212	0.02212	0.28731	0.22271	0.01269	0.19358	0.01673	0.01315	0.04661	0.06145	0.01922	0.01278	0.00628	0.00621	0.00190	0.00750	0.03387	0.00329	0.00755
2	0.01151	0.01817	0.30624	0.16740	0.14413	0.01247	0.04669	0.01597	0.01219	0.01717	0.01484	0.06816	0.04229	0.00752	0.00678	0.00197	0.05318	0.04274	0.00304	0.00755
3	0.01166	0.03008	0.76550	0.01657	0.02517	0.01351	0.02149	0.01842	0.01228	0.01842	0.01044	0.01228	0.00737	0.00552	0.00552	0.00184	0.00859	0.00430	0.00246	0.00859
4	0.01574	0.01579	0.03571	0.03146	0.06467	0.19356	0.12401	0.04872	0.14758	0.06963	0.07821	0.08487	0.01729	0.00803	0.00642	0.00186	0.02502	0.01946	0.00440	0.00758
5	0.01205	0.04681	0.28149	0.01924	0.16382	0.01231	0.12630	0.03614	0.01325	0.01862	0.04922	0.09957	0.03005	0.00790	0.00618	0.00193	0.00716	0.05677	0.00345	0.00775
6	0.01374	0.07191	0.34188	0.08114	0.10611	0.01345	0.04597	0.03337	0.01286	0.09278	0.01346	0.01670	0.02761	0.02679	0.00714	0.00196	0.05750	0.02426	0.00327	0.00809
7	0.01099	0.00867	0.01086	0.08452	0.03164	0.04921	0.02565	0.01305	0.03467	0.07747	0.02640	0.26779	0.12537	0.10836	0.04211	0.00283	0.05989	0.01023	0.00452	0.00577
8	0.01421	0.01370	0.02035	0.32973	0.31421	0.07681	0.05304	0.01742	0.01335	0.01787	0.01196	0.01622	0.00965	0.00618	0.00605	0.00194	0.00769	0.00543	0.05619	0.00800
9	0.01472	0.01227	0.03872	0.27981	0.21885	0.01257	0.07302	0.08039	0.01427	0.11469	0.01490	0.05656	0.02988	0.00671	0.00599	0.00187	0.00689	0.00615	0.00378	0.00796
10	0.04977	0.06381	0.08253	0.37158	0.08896	0.01382	0.10853	0.04414	0.01260	0.01733	0.01174	0.03628	0.00976	0.00644	0.00622	0.00192	0.03127	0.03316	0.00299	0.00714
11	0.01208	0.13512	0.46128	0.12866	0.02505	0.01446	0.04770	0.01767	0.03497	0.01724	0.01153	0.04815	0.00923	0.00611	0.00546	0.00180	0.00782	0.00499	0.00274	0.00793

[dist]
# distance from previous block
# <min> <max>
5	8

[block]
# block no. 6 follows, 40 sequences, length 15
# corresponding to MSA columns:
# 1001-1005,1026-1035
name=unknown_G
#
# <colnr> <probs for GDERKNQSTAVLIFYWHMCP>
#	G	D	E	R	K	N	Q	S	T	A	V	L	I	F	Y	W	H	M	C	P
0	0.01346	0.15292	0.04650	0.01504	0.16202	0.01242	0.01025	0.10507	0.03116	0.05406	0.04440	0.22446	0.01938	0.04661	0.00696	0.00199	0.00540	0.00818	0.00428	0.03544
1	0.07996	0.15106	0.39138	0.01339	0.01974	0.01463	0.01516	0.06787	0.05747	0.09032	0.01281	0.03956	0.00982	0.00625	0.00521	0.00175	0.00697	0.00477	0.00353	0.00834
2	0.01138	0.06269	0.09056	0.01002	0.03526	0.00841	0.00850	0.01463	0.04327	0.10599	0.26179	0.11383	0.13543	0.01120	0.00647	0.00193	0.00434	0.06239	0.00536	0.00655
3	0.01778	0.03362	0.19713	0.01484	0.02034	0.01590	0.08429	0.40020	0.06981	0.04268	0.01416	0.03775	0.01061	0.00680	0.00587	0.00181	0.00701	0.00557	0.00469	0.00913
4	0.52960	0.01236	0.01040	0.00903	0.01232	0.05779	0.00719	0.14426	0.01321	0.02529	0.01050	0.01367	0.00880	0.08563	0.03699	0.00245	0.00574	0.00420	0.00393	0.00664
5	0.01318	0.01475	0.09189	0.38078	0.16001	0.05815	0.14243	0.01724	0.01276	0.03752	0.01097	0.01486	0.00833	0.00557	0.00593	0.00187	0.00813	0.00532	0.00284	0.00749
6	0.15536	0.12309	0.01666	0.04151	0.08283	0.31956	0.01036	0.01904	0.03376	0.01672	0.01021	0.01311	0.00884	0.03945	0.06777	0.00238	0.02524	0.00423	0.00311	0.00679
7	0.06574	0.01172	0.05850	0.01124	0.01595	0.00990	0.03439	0.05613	0.04476	0.59759	0.02072	0.01851	0.01332	0.00695	0.00575	0.00181	0.00535	0.00566	0.00648	0.00954
8	0.01462	0.08153	0.24105	0.01899	0.15060	0.04082	0.13115	0.02011	0.08091	0.08764	0.03965	0.01556	0.01129	0.00590	0.00570	0.00175	0.00731	0.00530	0.00356	0.03657
9	0.01416	0.01058	0.01182	0.01040	0.01351	0.01134	0.00811	0.02504	0.45731	0.10682	0.16360	0.02641	0.05269	0.00864	0.00604	0.00186	0.00421	0.00729	0.00600	0.05419
10	0.00987	0.00717	0.01001	0.05733	0.01226	0.00682	0.04387	0.01298	0.03727	0.07107	0.49670	0.03987	0.14975	0.01113	0.00670	0.00186	0.00366	0.00982	0.00587	0.00599
11	0.00911	0.00714	0.00977	0.00896	0.01020	0.00726	0.05401	0.03739	0.01190	0.01604	0.13330	0.11369	0.12965	0.25676	0.11347	0.00410	0.04078	0.02703	0.00440	0.00504
12	0.01098	0.01034	0.01744	0.78165	0.04005	0.01292	0.01615	0.01486	0.01163	0.01486	0.01034	0.01550	0.00775	0.00581	0.00581	0.00194	0.00775	0.00517	0.00258	0.00646
13	0.01651	0.49278	0.09097	0.03708	0.07380	0.07972	0.01182	0.05567	0.01345	0.06603	0.00995	0.01120	0.00819	0.00540	0.00448	0.00144	0.00679	0.00378	0.00304	0.00789
14	0.04497	0.01300	0.04614	0.22016	0.38613	0.01327	0.01550	0.01927	0.09714	0.06871	0.01292	0.01561	0.00999	0.00581	0.00571	0.00182	0.00670	0.00527	0.00345	0.00842

[dist]
# distance from previous block
# <min> <max>
0	4

[block]
# block no. 7 follows, 40 sequences, length 10
# corresponding to MSA columns:
# 1040-1049
name=unknown_H
#
# <colnr> <probs for GDERKNQSTAVLIFYWHMCP>
#	G	D	E	R	K	N	Q	S	T	A	V	L	I	F	Y	W	H	M	C	P
0	0.01235	0.01205	0.01821	0.27814	0.27892	0.05662	0.03611	0.01542	0.01262	0.01670	0.04561	0.07373	0.05507	0.00750	0.00684	0.00191	0.05519	0.00658	0.00324	0.00721
1	0.01036	0.00960	0.01560	0.65235	0.03472	0.01161	0.01424	0.01389	0.01204	0.01534	0.04943	0.02169	0.10149	0.00717	0.00599	0.00194	0.00694	0.00627	0.00310	0.00623
2	0.01736	0.43182	0.10632	0.01258	0.01763	0.14074	0.06340	0.01997	0.01339	0.11213	0.01068	0.01165	0.00846	0.00548	0.00467	0.00147	0.00726	0.00397	0.00321	0.00781
3	0.00893	0.00722	0.00985	0.11004	0.04821	0.00726	0.00779	0.01154	0.04890	0.01614	0.05505	0.33691	0.10777	0.04743	0.05242	0.00264	0.00507	0.04397	0.00462	0.06825
4	0.01497	0.09265	0.36708	0.01701	0.11600	0.10083	0.01614	0.05540	0.01400	0.08041	0.02724	0.04950	0.01073	0.00641	0.00552	0.00175	0.00761	0.00511	0.00335	0.00829
5	0.01728	0.01378	0.14531	0.04517	0.09315	0.01064	0.06003	0.04269	0.02537	0.30162	0.01897	0.05762	0.03081	0.00980	0.05112	0.00234	0.02171	0.03929	0.00488	0.00840
6	0.01318	0.10916	0.50008	0.04511	0.07570	0.01380	0.01785	0.01846	0.01253	0.06415	0.01098	0.01268	0.00806	0.00546	0.00528	0.00169	0.00763	0.00430	0.00286	0.07103
7	0.01512	0.01472	0.11954	0.20267	0.10847	0.05893	0.12825	0.01876	0.01346	0.16197	0.01511	0.09034	0.01227	0.00704	0.00606	0.00189	0.00730	0.00646	0.00385	0.00779
8	0.01284	0.01946	0.30658	0.10741	0.05768	0.06978	0.11345	0.01779	0.04341	0.05178	0.01572	0.10816	0.03528	0.00747	0.00603	0.00191	0.00759	0.00662	0.00340	0.00764
9	0.01228	0.14306	0.27247	0.03231	0.15881	0.01330	0.04586	0.01639	0.01278	0.01788	0.06676	0.03526	0.03995	0.00680	0.00555	0.00171	0.00672	0.03847	0.00322	0.07039

[dist]
# distance from previous block
# <min> <max>
0	3

[block]
# block no. 8 follows, 40 sequences, length 75
# corresponding to MSA columns:
# 1053-1083,1122-1144,1155-1175
name=unknown_I
#
# <colnr> <probs for GDERKNQSTAVLIFYWHMCP>
#	G	D	E	R	K	N	Q	S	T	A	V	L	I	F	Y	W	H	M	C	P
0	0.01370	0.04296	0.11436	0.07232	0.26609	0.01370	0.25519	0.01827	0.03513	0.04290	0.01304	0.03311	0.01074	0.00603	0.00616	0.00188	0.00783	0.03518	0.00320	0.00822
1	0.03521	0.04619	0.06404	0.34363	0.18366	0.01349	0.09915	0.04828	0.01298	0.04216	0.01176	0.03381	0.00947	0.02433	0.00635	0.00194	0.00741	0.00555	0.00309	0.00751
2	0.01223	0.04130	0.29196	0.16661	0.17552	0.01277	0.07194	0.01680	0.01265	0.03542	0.03772	0.05771	0.02883	0.00659	0.00586	0.00186	0.00742	0.00589	0.00307	0.00785
3	0.01350	0.01710	0.18374	0.04234	0.52545	0.01350	0.05581	0.01773	0.01314	0.01893	0.03608	0.01500	0.01031	0.00548	0.00580	0.00177	0.00730	0.00526	0.00290	0.00884
4	0.01647	0.09617	0.21887	0.11931	0.04647	0.01259	0.06447	0.03702	0.01394	0.23719	0.01557	0.03617	0.01174	0.00680	0.00575	0.00184	0.00686	0.04023	0.00421	0.00832
5	0.06913	0.02200	0.41939	0.07050	0.11328	0.03468	0.01716	0.03467	0.01330	0.13399	0.01230	0.01372	0.00869	0.00580	0.00549	0.00181	0.00750	0.00463	0.00341	0.00854
6	0.01450	0.01796	0.23307	0.06156	0.29161	0.04076	0.03752	0.01856	0.01320	0.09747	0.04814	0.01560	0.01120	0.00626	0.00679	0.00184	0.06691	0.00525	0.00335	0.00844
7	0.01302	0.12001	0.22598	0.08398	0.20026	0.01396	0.12118	0.01717	0.01277	0.03886	0.01476	0.03930	0.06073	0.00636	0.00572	0.00178	0.00734	0.00575	0.00307	0.00798
8	0.01880	0.06391	0.15616	0.08970	0.08276	0.08052	0.03966	0.09787	0.01570	0.26339	0.01503	0.02666	0.01066	0.00640	0.00565	0.00176	0.00694	0.00522	0.00452	0.00868
9	0.01447	0.02097	0.36945	0.04033	0.25296	0.01305	0.06993	0.01943	0.01322	0.11291	0.01227	0.01421	0.00894	0.00559	0.00574	0.00181	0.00767	0.00497	0.00323	0.00885
10	0.01241	0.05947	0.08990	0.17967	0.31437	0.04109	0.01472	0.01566	0.01245	0.01673	0.01554	0.08810	0.05847	0.00841	0.02869	0.00206	0.02517	0.00644	0.00315	0.00752
11	0.01570	0.30788	0.10108	0.01966	0.21162	0.06950	0.11253	0.01888	0.01312	0.06341	0.01056	0.01255	0.00853	0.00528	0.00510	0.00158	0.00734	0.00450	0.00298	0.00819
12	0.01252	0.02653	0.62573	0.03448	0.06042	0.01300	0.04081	0.01857	0.01257	0.06058	0.01185	0.03621	0.00883	0.00597	0.00566	0.00185	0.00817	0.00489	0.00285	0.00851
13	0.01470	0.01312	0.02150	0.02782	0.47258	0.01285	0.08429	0.01732	0.01408	0.04572	0.05355	0.09771	0.05113	0.00848	0.00725	0.00213	0.03526	0.00756	0.00408	0.00886
14	0.00833	0.00616	0.00897	0.00897	0.00988	0.00707	0.00680	0.01014	0.00923	0.01322	0.01592	0.02474	0.01536	0.13745	0.67988	0.00888	0.01434	0.00651	0.00317	0.00498
15	0.01908	0.09188	0.04404	0.01351	0.07530	0.01224	0.03572	0.11438	0.07795	0.30934	0.01922	0.04105	0.01484	0.00896	0.03114	0.00209	0.00604	0.06905	0.00542	0.00873
16	0.01283	0.01537	0.11979	0.25501	0.24747	0.01375	0.21640	0.01723	0.01276	0.01757	0.01092	0.01481	0.00843	0.00534	0.00605	0.00187	0.00818	0.00553	0.00275	0.00793
17	0.00999	0.00505	0.00755	0.00759	0.00761	0.00504	0.00506	0.00759	0.00771	0.01027	0.01090	0.04596	0.01114	0.02013	0.02217	0.80054	0.00499	0.00547	0.00263	0.00261
18	0.72222	0.01235	0.00976	0.00851	0.01220	0.04009	0.00697	0.09364	0.01197	0.02679	0.00875	0.00996	0.00672	0.00559	0.00389	0.00178	0.00491	0.00339	0.00381	0.00669
19	0.04814	0.01270	0.02101	0.16573	0.56313	0.01319	0.01640	0.01682	0.01281	0.01840	0.01305	0.01641	0.04534	0.00577	0.00573	0.00178	0.00676	0.00544	0.00298	0.00839
20	0.83671	0.01125	0.00855	0.00765	0.01125	0.01305	0.00630	0.01709	0.00990	0.02609	0.00810	0.00945	0.00630	0.00540	0.00360	0.00180	0.00450	0.00315	0.00360	0.00630
21	0.00744	0.00533	0.00709	0.00802	0.00864	0.00498	0.00558	0.00892	0.01246	0.01691	0.19938	0.58910	0.04205	0.01667	0.00732	0.00225	0.00331	0.04399	0.00563	0.00493
22	0.01818	0.01180	0.01843	0.02360	0.40812	0.01136	0.01328	0.02168	0.04485	0.28765	0.06796	0.01867	0.01462	0.00649	0.00587	0.00177	0.00582	0.00585	0.00481	0.00920
23	0.01373	0.01569	0.03431	0.02451	0.03039	0.01471	0.73824	0.01863	0.01373	0.01863	0.01176	0.01569	0.00882	0.00490	0.00686	0.00196	0.00980	0.00686	0.00294	0.00784
24	0.14735	0.00985	0.02399	0.01050	0.05639	0.00980	0.00782	0.09803	0.07522	0.11174	0.28346	0.02893	0.09547	0.00916	0.00593	0.00183	0.00422	0.00759	0.00556	0.00716
25	0.01244	0.02381	0.48652	0.11183	0.11452	0.01374	0.09676	0.03961	0.01292	0.01863	0.01073	0.01333	0.00786	0.00550	0.00574	0.00185	0.00836	0.00481	0.00267	0.00837
26	0.01472	0.23294	0.07562	0.01447	0.03928	0.06989	0.16113	0.03890	0.01350	0.07915	0.01559	0.10116	0.01460	0.02667	0.00635	0.00189	0.00696	0.07615	0.00374	0.00731
27	0.01453	0.01278	0.02498	0.05903	0.05527	0.01255	0.40982	0.01822	0.01306	0.12771	0.01384	0.01781	0.01072	0.03929	0.10394	0.00301	0.04585	0.00645	0.00358	0.00757
28	0.03863	0.01790	0.19136	0.08120	0.14671	0.02826	0.24339	0.06830	0.05759	0.05149	0.01238	0.01482	0.00921	0.00561	0.00600	0.00186	0.00801	0.00554	0.00336	0.00837
29	0.01656	0.05836	0.09162	0.03650	0.06257	0.06044	0.32269	0.11234	0.05847	0.10218	0.01340	0.01524	0.00980	0.00575	0.00610	0.00183	0.00808	0.00578	0.00387	0.00843
30	0.01670	0.01648	0.02020	0.20950	0.22662	0.21159	0.08733	0.03791	0.01442	0.08695	0.01157	0.01427	0.00887	0.00576	0.00576	0.00175	0.00815	0.00504	0.00332	0.00783
31	0.00876	0.00659	0.00900	0.04620	0.01130	0.00634	0.03288	0.01145	0.04961	0.03997	0.25945	0.33880	0.12951	0.01388	0.00696	0.00207	0.00368	0.01241	0.00556	0.00556
32	0.01560	0.03948	0.37487	0.05309	0.02307	0.02647	0.11651	0.02037	0.01347	0.19720	0.01446	0.01554	0.02487	0.00620	0.00623	0.00186	0.03328	0.00522	0.00375	0.00849
33	0.01458	0.44893	0.26598	0.03823	0.01979	0.01850	0.04887	0.01825	0.01229	0.05248	0.00983	0.01130	0.00785	0.00529	0.00463	0.00152	0.00714	0.00388	0.00273	0.00793
34	0.01964	0.17966	0.03647	0.01073	0.01474	0.01227	0.02280	0.02281	0.06392	0.39281	0.01889	0.02108	0.01419	0.04684	0.02832	0.00217	0.02823	0.05065	0.00535	0.00842
35	0.01072	0.00778	0.04550	0.00910	0.01104	0.00656	0.00747	0.03141	0.01359	0.11041	0.10190	0.26998	0.13888	0.03231	0.00761	0.00229	0.00430	0.17772	0.00553	0.00591
36	0.01190	0.01118	0.01688	0.08950	0.19200	0.01370	0.01274	0.01449	0.02774	0.01575	0.03688	0.01738	0.02626	0.01492	0.15417	0.00351	0.32548	0.00569	0.00300	0.00683
37	0.01166	0.03008	0.76550	0.01657	0.02517	0.01351	0.02149	0.01842	0.01228	0.01842	0.01044	0.01228	0.00737	0.00552	0.00552	0.00184	0.00859	0.00430	0.00246	0.00859
38	0.03529	0.00826	0.01071	0.01048	0.01284	0.00813	0.00894	0.08026	0.01530	0.17128	0.05280	0.04906	0.05717	0.01298	0.00719	0.00233	0.00516	0.43936	0.00576	0.00669
39	0.01953	0.04086	0.06863	0.01606	0.02100	0.12252	0.17562	0.37170	0.02077	0.06684	0.01286	0.01394	0.00933	0.00623	0.00590	0.00175	0.00780	0.00531	0.00454	0.00883
40	0.01439	0.01382	0.02360	0.03569	0.75936	0.01382	0.01785	0.01785	0.01324	0.01900	0.01094	0.01439	0.00921	0.00518	0.00576	0.00173	0.00691	0.00518	0.00288	0.00921
41	0.01206	0.01034	0.01206	0.00861	0.01378	0.00775	0.00689	0.01464	0.01206	0.01895	0.01034	0.01206	0.00861	0.00431	0.00431	0.00086	0.00431	0.00345	0.00345	0.83118
42	0.00725	0.00516	0.00685	0.00809	0.00848	0.00485	0.00546	0.00832	0.01124	0.01501	0.05086	0.71630	0.03802	0.04985	0.00834	0.00249	0.00352	0.03985	0.00535	0.00472
43	0.02609	0.00990	0.01350	0.01035	0.01484	0.00855	0.00855	0.02834	0.01664	0.76338	0.02294	0.01979	0.01439	0.00720	0.00585	0.00180	0.00495	0.00585	0.00720	0.00990
44	0.01098	0.01034	0.01744	0.78165	0.04005	0.01292	0.01615	0.01486	0.01163	0.01486	0.01034	0.01550	0.00775	0.00581	0.00581	0.00194	0.00775	0.00517	0.00258	0.00646
45	0.00978	0.00792	0.01166	0.01077	0.01197	0.00945	0.03281	0.04672	0.01028	0.01479	0.01436	0.02130	0.01339	0.06214	0.57870	0.00765	0.12137	0.00612	0.00318	0.00562
46	0.01689	0.01165	0.06967	0.08452	0.11222	0.04135	0.01052	0.01958	0.01450	0.31285	0.04317	0.02638	0.17820	0.00915	0.02151	0.00198	0.00569	0.00704	0.00518	0.00796
47	0.04520	0.65108	0.02752	0.01066	0.01527	0.13973	0.01002	0.01831	0.01248	0.01420	0.00823	0.00951	0.00743	0.00515	0.00396	0.00130	0.00683	0.00321	0.00261	0.00731
48	0.01555	0.79913	0.03047	0.00995	0.01493	0.02301	0.00995	0.01741	0.01182	0.01368	0.00808	0.00933	0.00746	0.00498	0.00373	0.00124	0.00622	0.00311	0.00249	0.00746
49	0.01402	0.02231	0.41090	0.01958	0.14413	0.03493	0.10501	0.01973	0.04417	0.08860	0.03302	0.01495	0.01026	0.00584	0.00580	0.00183	0.00785	0.00515	0.00330	0.00861
50	0.01546	0.78100	0.04780	0.01011	0.01517	0.02279	0.01022	0.01744	0.01183	0.01379	0.00814	0.00940	0.00746	0.00499	0.00377	0.00126	0.00627	0.00314	0.00249	0.00749
51	0.00709	0.00506	0.00675	0.00810	0.00843	0.00472	0.00540	0.00810	0.01113	0.01484	0.03205	0.79184	0.03846	0.01822	0.00742	0.00236	0.00337	0.01653	0.00540	0.00472
52	0.01445	0.56102	0.22167	0.01238	0.01834	0.02013	0.04851	0.01773	0.01203	0.01515	0.00888	0.01041	0.00750	0.00511	0.00435	0.00143	0.00701	0.00360	0.00250	0.00778
53	0.01457	0.05526	0.07632	0.27468	0.10075	0.07308	0.17279	0.05709	0.04491	0.05705	0.01191	0.01490	0.00895	0.00573	0.00587	0.00183	0.00796	0.00536	0.00326	0.00774
54	0.00971	0.00858	0.03686	0.03302	0.01399	0.00881	0.06104	0.01217	0.01151	0.01570	0.02169	0.09588	0.02278	0.05829	0.18430	0.00420	0.09313	0.29862	0.00411	0.00561
55	0.00772	0.00604	0.00916	0.04193	0.01133	0.00578	0.05790	0.00913	0.01134	0.01511	0.02969	0.70392	0.03506	0.01675	0.00731	0.00232	0.00402	0.01537	0.00510	0.00502
56	0.01209	0.01147	0.01944	0.53940	0.27365	0.01321	0.01670	0.01583	0.01215	0.01620	0.01053	0.01514	0.00823	0.00561	0.00580	0.00187	0.00748	0.00517	0.00268	0.00735
57	0.01461	0.09256	0.48965	0.01528	0.02224	0.07290	0.05150	0.01975	0.01322	0.11091	0.01242	0.01474	0.00919	0.00604	0.00553	0.00179	0.00803	0.02806	0.00321	0.00837
58	0.01359	0.01495	0.06091	0.04539	0.06892	0.01350	0.55296	0.01808	0.01360	0.04884	0.01453	0.04043	0.03129	0.00605	0.00672	0.00197	0.00882	0.02841	0.00329	0.00775
59	0.01239	0.16125	0.56007	0.01531	0.02273	0.01493	0.04288	0.01834	0.03335	0.01773	0.01131	0.01440	0.00883	0.00592	0.00538	0.00178	0.00797	0.03448	0.00270	0.00825
60	0.01100	0.01034	0.01718	0.71534	0.03772	0.01298	0.01564	0.01469	0.01162	0.01506	0.03211	0.01617	0.00913	0.00624	0.00660	0.00197	0.05177	0.00532	0.00269	0.00643
61	0.01479	0.15035	0.41303	0.01323	0.01964	0.01318	0.01525	0.01926	0.01309	0.17020	0.01621	0.05369	0.04962	0.00688	0.00546	0.00177	0.00690	0.00543	0.00373	0.00829
62	0.56427	0.12297	0.15816	0.00969	0.01445	0.01450	0.00974	0.01739	0.01062	0.02290	0.00855	0.00998	0.00666	0.00536	0.00399	0.00173	0.00553	0.00337	0.00322	0.00690
63	0.01555	0.79913	0.03047	0.00995	0.01493	0.02301	0.00995	0.01741	0.01182	0.01368	0.00808	0.00933	0.00746	0.00498	0.00373	0.00124	0.00622	0.00311	0.00249	0.00746
64	0.01206	0.01034	0.01206	0.00861	0.01378	0.00775	0.00689	0.01464	0.01206	0.01895	0.01034	0.01206	0.00861	0.00431	0.00431	0.00086	0.00431	0.00345	0.00345	0.83118
65	0.00937	0.00669	0.00937	0.01071	0.01205	0.00669	0.00937	0.01205	0.01339	0.01740	0.03079	0.06560	0.03347	0.01606	0.00803	0.00268	0.00535	0.72021	0.00535	0.00535
66	0.01445	0.00723	0.01019	0.00948	0.01157	0.00649	0.03072	0.01606	0.01329	0.29643	0.02796	0.47597	0.02844	0.01364	0.00681	0.00214	0.00418	0.01220	0.00599	0.00677
67	0.05000	0.09459	0.21488	0.01521	0.07554	0.07207	0.06599	0.03518	0.01448	0.28411	0.01466	0.01486	0.01014	0.00605	0.00549	0.00174	0.00697	0.00492	0.00436	0.00873
68	0.00836	0.00604	0.00837	0.00855	0.00928	0.00663	0.00629	0.00985	0.00950	0.01325	0.01839	0.07326	0.01911	0.24768	0.46754	0.00743	0.01139	0.06082	0.00352	0.00472
69	0.00773	0.00586	0.00711	0.00786	0.00904	0.00540	0.00597	0.00929	0.01233	0.01559	0.04066	0.26404	0.30292	0.07478	0.00905	0.00255	0.00392	0.20576	0.00525	0.00487
70	0.01389	0.01219	0.01936	0.42731	0.22047	0.03517	0.04961	0.03847	0.03509	0.07475	0.01199	0.01555	0.00904	0.00582	0.00584	0.00186	0.00736	0.00531	0.00324	0.00769
71	0.01484	0.05988	0.04738	0.14033	0.44107	0.03242	0.06199	0.09667	0.01454	0.01986	0.01101	0.01414	0.00884	0.00547	0.00571	0.00175	0.00726	0.00511	0.00313	0.00861
72	0.01463	0.01439	0.02295	0.09552	0.62204	0.05518	0.04096	0.03096	0.01355	0.01870	0.01086	0.01431	0.00900	0.00530	0.00577	0.00174	0.00726	0.00516	0.00292	0.00882
73	0.01393	0.01474	0.06602	0.14864	0.55925	0.03867	0.03921	0.01762	0.01306	0.01816	0.01078	0.01435	0.00881	0.00532	0.00577	0.00177	0.00734	0.00513	0.00281	0.00863
74	0.01673	0.04539	0.08579	0.07116	0.19997	0.08015	0.01255	0.05921	0.05381	0.18670	0.04386	0.04455	0.06003	0.00728	0.00581	0.00178	0.00631	0.00612	0.00447	0.00831

[dist]
# distance from previous block
# <min> <max>
3	17

[block]
# block no. 9 follows, 40 sequences, length 6
# corresponding to MSA columns:
# 1206-1211
name=unknown_J
#
# <colnr> <probs for GDERKNQSTAVLIFYWHMCP>
#	G	D	E	R	K	N	Q	S	T	A	V	L	I	F	Y	W	H	M	C	P
0	0.01163	0.00991	0.01440	0.23489	0.15488	0.01089	0.01151	0.05232	0.11710	0.01958	0.13068	0.13850	0.02169	0.00890	0.00616	0.00192	0.00547	0.00793	0.03455	0.00706
1	0.00834	0.00612	0.00879	0.00879	0.00963	0.00697	0.00657	0.01003	0.00918	0.01309	0.01609	0.02567	0.01576	0.18331	0.63457	0.00866	0.01373	0.00664	0.00319	0.00488
2	0.01432	0.01828	0.17937	0.10084	0.26262	0.08429	0.12621	0.07286	0.01423	0.01912	0.01186	0.04756	0.00977	0.00605	0.00591	0.00182	0.00793	0.00561	0.00311	0.00822
3	0.83671	0.01125	0.00855	0.00765	0.01125	0.01305	0.00630	0.01709	0.00990	0.02609	0.00810	0.00945	0.00630	0.00540	0.00360	0.00180	0.00450	0.00315	0.00360	0.00630
4	0.01655	0.01521	0.08625	0.01115	0.01624	0.09590	0.00973	0.14838	0.01586	0.10813	0.01231	0.01315	0.00927	0.00543	0.00498	0.00130	0.00586	0.00416	0.00416	0.41599
5	0.01314	0.00879	0.03381	0.00941	0.03545	0.02845	0.00669	0.01474	0.03375	0.16019	0.01791	0.06879	0.01712	0.32945	0.05820	0.05505	0.00598	0.00711	0.00426	0.09170

[dist]
# distance from previous block
# <min> <max>
1	2

[block]
# block no. 10 follows, 40 sequences, length 47
# corresponding to MSA columns:
# 1214-1218,1223-1264
name=unknown_K
#
# <colnr> <probs for GDERKNQSTAVLIFYWHMCP>
#	G	D	E	R	K	N	Q	S	T	A	V	L	I	F	Y	W	H	M	C	P
0	0.01176	0.04582	0.08690	0.01016	0.01521	0.00900	0.04342	0.01468	0.01206	0.01825	0.01245	0.08870	0.01138	0.00585	0.00483	0.00117	0.00498	0.00496	0.00348	0.59494
1	0.02139	0.02703	0.01633	0.01484	0.01785	0.73802	0.01114	0.02357	0.04959	0.01469	0.00965	0.01099	0.00795	0.00608	0.00527	0.00152	0.01022	0.00387	0.00313	0.00685
2	0.01098	0.01034	0.01744	0.78165	0.04005	0.01292	0.01615	0.01486	0.01163	0.01486	0.01034	0.01550	0.00775	0.00581	0.00581	0.00194	0.00775	0.00517	0.00258	0.00646
3	0.00844	0.00571	0.00672	0.00672	0.00686	0.00585	0.00400	0.00870	0.00857	0.01156	0.01797	0.03612	0.02030	0.69992	0.12416	0.00611	0.00690	0.00817	0.00347	0.00374
4	0.41914	0.01876	0.01255	0.01126	0.01453	0.35960	0.00878	0.02017	0.01309	0.04375	0.00896	0.01033	0.00713	0.00584	0.00479	0.00168	0.02605	0.00355	0.00341	0.00662
5	0.00689	0.00583	0.00595	0.00604	0.00789	0.00490	0.00448	0.00833	0.01311	0.01565	0.05708	0.10606	0.70808	0.01497	0.00691	0.00199	0.00297	0.01256	0.00540	0.00490
6	0.01056	0.00853	0.01302	0.22002	0.03691	0.00882	0.04276	0.01245	0.01127	0.01530	0.01661	0.08288	0.03229	0.01140	0.00982	0.16732	0.02345	0.13107	0.00350	0.14202
7	0.01206	0.01034	0.01206	0.00861	0.01378	0.00775	0.00689	0.01464	0.01206	0.01895	0.01034	0.01206	0.00861	0.00431	0.00431	0.00086	0.00431	0.00345	0.00345	0.83118
8	0.83671	0.01125	0.00855	0.00765	0.01125	0.01305	0.00630	0.01709	0.00990	0.02609	0.00810	0.00945	0.00630	0.00540	0.00360	0.00180	0.00450	0.00315	0.00360	0.00630
9	0.00927	0.00751	0.01092	0.01041	0.01125	0.00933	0.00827	0.01120	0.00934	0.01384	0.01409	0.02078	0.01317	0.03582	0.59881	0.00775	0.16929	0.00598	0.02754	0.00543
10	0.01098	0.01034	0.01744	0.78165	0.04005	0.01292	0.01615	0.01486	0.01163	0.01486	0.01034	0.01550	0.00775	0.00581	0.00581	0.00194	0.00775	0.00517	0.00258	0.00646
11	0.01010	0.00505	0.00758	0.00758	0.00758	0.00505	0.00505	0.00758	0.00758	0.01010	0.01010	0.01768	0.01010	0.02020	0.02273	0.83081	0.00505	0.00505	0.00253	0.00253
12	0.01555	0.79913	0.03047	0.00995	0.01493	0.02301	0.00995	0.01741	0.01182	0.01368	0.00808	0.00933	0.00746	0.00498	0.00373	0.00124	0.00622	0.00311	0.00249	0.00746
13	0.83671	0.01125	0.00855	0.00765	0.01125	0.01305	0.00630	0.01709	0.00990	0.02609	0.00810	0.00945	0.00630	0.00540	0.00360	0.00180	0.00450	0.00315	0.00360	0.00630
14	0.00818	0.00591	0.00773	0.00735	0.00868	0.00546	0.00548	0.01086	0.01624	0.02297	0.72675	0.07396	0.05420	0.01215	0.00688	0.00185	0.00277	0.01076	0.00636	0.00546
15	0.01598	0.74559	0.02950	0.01030	0.01514	0.07501	0.01004	0.01782	0.01214	0.01372	0.00815	0.00941	0.00746	0.00505	0.00384	0.00126	0.00652	0.00315	0.00252	0.00741
16	0.01098	0.01034	0.01744	0.78165	0.04005	0.01292	0.01615	0.01486	0.01163	0.01486	0.01034	0.01550	0.00775	0.00581	0.00581	0.00194	0.00775	0.00517	0.00258	0.00646
17	0.02211	0.01629	0.01745	0.01338	0.01803	0.01803	0.01105	0.73997	0.02734	0.03665	0.01396	0.01396	0.00989	0.00698	0.00582	0.00175	0.00640	0.00524	0.00582	0.00989
18	0.02035	0.02494	0.01562	0.01412	0.01714	0.64765	0.01065	0.05497	0.05277	0.01584	0.01340	0.01435	0.06012	0.00674	0.00542	0.00156	0.00949	0.00454	0.00343	0.00688
19	0.83671	0.01125	0.00855	0.00765	0.01125	0.01305	0.00630	0.01709	0.00990	0.02609	0.00810	0.00945	0.00630	0.00540	0.00360	0.00180	0.00450	0.00315	0.00360	0.00630
20	0.00840	0.00587	0.00751	0.00751	0.00792	0.00627	0.00498	0.00921	0.00880	0.01214	0.01725	0.03213	0.01857	0.50287	0.31885	0.00708	0.00951	0.00759	0.00336	0.00417
21	0.01166	0.03008	0.76550	0.01657	0.02517	0.01351	0.02149	0.01842	0.01228	0.01842	0.01044	0.01228	0.00737	0.00552	0.00552	0.00184	0.00859	0.00430	0.00246	0.00859
22	0.03965	0.01485	0.03756	0.05811	0.39471	0.05016	0.20610	0.03990	0.01399	0.07088	0.01187	0.01477	0.00923	0.00538	0.00597	0.00180	0.00768	0.00553	0.00329	0.00859
23	0.01363	0.01331	0.02359	0.15241	0.53323	0.01360	0.10802	0.01732	0.01305	0.01825	0.01147	0.01609	0.00957	0.00554	0.00597	0.00182	0.00737	0.02438	0.00291	0.00850
24	0.00987	0.00734	0.01161	0.31037	0.02074	0.00849	0.00971	0.01096	0.00973	0.01290	0.01297	0.07228	0.01235	0.05163	0.13831	0.27919	0.00774	0.00623	0.00289	0.00470
25	0.00833	0.00573	0.00685	0.00689	0.00715	0.00586	0.00425	0.00877	0.00886	0.01192	0.01971	0.05998	0.04628	0.61569	0.15459	0.00604	0.00716	0.00847	0.00358	0.00389
26	0.04531	0.09164	0.21343	0.01434	0.04074	0.06588	0.07847	0.07510	0.06295	0.16801	0.01552	0.07653	0.01229	0.00705	0.00566	0.00180	0.00685	0.00587	0.00425	0.00832
27	0.01294	0.01127	0.03340	0.30642	0.13109	0.04202	0.05395	0.01652	0.03042	0.08810	0.07311	0.06055	0.03824	0.00806	0.00622	0.00195	0.00660	0.06814	0.00393	0.00708
28	0.01025	0.00994	0.01772	0.08610	0.05493	0.00953	0.24792	0.01333	0.01323	0.01717	0.05541	0.09220	0.23563	0.01055	0.00691	0.00207	0.00617	0.10044	0.00424	0.00629
29	0.02238	0.01757	0.01505	0.01250	0.01626	0.29151	0.00987	0.17959	0.01889	0.27866	0.06675	0.01674	0.01369	0.00703	0.00569	0.00168	0.00715	0.00527	0.00530	0.00843
30	0.01818	0.14554	0.19769	0.01571	0.09110	0.14279	0.01379	0.18625	0.01694	0.10078	0.01201	0.01290	0.00891	0.00600	0.00532	0.00165	0.00747	0.00448	0.00387	0.00860
31	0.01468	0.01417	0.04788	0.16174	0.50569	0.02875	0.03386	0.06787	0.01407	0.03915	0.01133	0.01458	0.00903	0.00549	0.00578	0.00177	0.00717	0.00518	0.00314	0.00870
32	0.01454	0.01430	0.05756	0.13520	0.41650	0.01409	0.07449	0.10960	0.04690	0.02094	0.03162	0.01559	0.01055	0.00579	0.00589	0.00180	0.00707	0.00548	0.00342	0.00867
33	0.02487	0.01074	0.01388	0.01077	0.01520	0.00995	0.00885	0.10261	0.06857	0.63643	0.02206	0.01932	0.01416	0.00722	0.00585	0.00181	0.00508	0.00583	0.00696	0.00985
34	0.01198	0.01037	0.01249	0.03225	0.01405	0.06173	0.06843	0.01576	0.11276	0.02156	0.33311	0.16167	0.09329	0.01241	0.00736	0.00224	0.00500	0.01059	0.00595	0.00700
35	0.01550	0.05097	0.21387	0.02335	0.15946	0.01508	0.30817	0.05196	0.01479	0.03909	0.01373	0.03914	0.01109	0.00678	0.00682	0.00216	0.00881	0.00643	0.00367	0.00914
36	0.01438	0.14977	0.57976	0.01630	0.02386	0.01612	0.01934	0.04811	0.01373	0.01976	0.01179	0.01420	0.00910	0.00675	0.00636	0.00207	0.03148	0.00472	0.00319	0.00920
37	0.01190	0.06720	0.38543	0.01349	0.01853	0.01145	0.01451	0.01551	0.01320	0.01862	0.06307	0.18511	0.05427	0.04858	0.00796	0.00245	0.00691	0.04984	0.00424	0.00774
38	0.02532	0.01098	0.01405	0.01118	0.01540	0.00966	0.00891	0.06392	0.01757	0.63304	0.02573	0.02446	0.05937	0.04085	0.00757	0.00227	0.00550	0.00681	0.00733	0.01011
39	0.01023	0.00775	0.01088	0.01071	0.01184	0.00868	0.00820	0.01178	0.01043	0.01513	0.01678	0.02446	0.01568	0.04237	0.72270	0.00918	0.04673	0.00668	0.00366	0.00613
40	0.01570	0.01463	0.02415	0.05502	0.68394	0.01442	0.03764	0.01861	0.01416	0.02025	0.01309	0.03504	0.01141	0.00662	0.00653	0.00206	0.00744	0.00602	0.00351	0.00978
41	0.01155	0.00651	0.00907	0.00900	0.00931	0.00641	0.00613	0.00929	0.00897	0.01228	0.01254	0.02056	0.01226	0.02421	0.12828	0.69375	0.00709	0.00574	0.00320	0.00386
42	0.02349	0.01728	0.01843	0.01440	0.01909	0.01874	0.01166	0.72184	0.02796	0.03765	0.01553	0.01622	0.01143	0.00805	0.00652	0.00205	0.00693	0.00576	0.00632	0.01066
43	0.01291	0.00992	0.01127	0.01020	0.01255	0.01006	0.00771	0.08951	0.20730	0.02591	0.44395	0.03694	0.07293	0.01144	0.00718	0.00217	0.00422	0.00944	0.00666	0.00774
44	0.04842	0.02597	0.56695	0.01597	0.02326	0.01366	0.01866	0.05120	0.01403	0.08371	0.01357	0.01591	0.01014	0.00948	0.05943	0.00265	0.00898	0.00510	0.00368	0.00923
45	0.01692	0.74241	0.06640	0.01138	0.01656	0.02313	0.01114	0.01852	0.01287	0.01552	0.00992	0.01185	0.00907	0.00613	0.00457	0.00159	0.00686	0.00375	0.00307	0.00835
46	0.01081	0.00774	0.01024	0.01147	0.01282	0.00745	0.00953	0.01276	0.01410	0.01859	0.03207	0.15650	0.03500	0.01716	0.00860	0.00292	0.00566	0.61453	0.00587	0.00616

[dist]
# distance from previous block
# <min> <max>
0	37

# created by:
# /home/cegg/simao/soft/augustus-3.2.1/scripts/msa2prfl.pl ./align_prep/EOG091G0I85.fa
