[name]
unknown

[dist]
# distance from previous block
# <min> <max>
2	417

[block]
# block no. 0 follows, 44 sequences, length 15
# corresponding to MSA columns:
# 659-673
name=unknown_A
#
# <colnr> <probs for GDERKNQSTAVLIFYWHMCP>
#	G	D	E	R	K	N	Q	S	T	A	V	L	I	F	Y	W	H	M	C	P
0	0.07029	0.04134	0.03720	0.04532	0.05530	0.11943	0.00915	0.14223	0.04110	0.16807	0.03340	0.11794	0.01436	0.03795	0.00618	0.00180	0.00568	0.00617	0.00450	0.04259
1	0.13517	0.04258	0.08666	0.04523	0.01646	0.01195	0.08483	0.08886	0.16205	0.13359	0.03320	0.01864	0.01291	0.05105	0.00651	0.00194	0.00558	0.03744	0.00438	0.02096
2	0.05883	0.12782	0.27060	0.01246	0.01738	0.01318	0.06219	0.11004	0.08037	0.01936	0.03685	0.09224	0.01268	0.00813	0.03486	0.00195	0.00652	0.00565	0.00352	0.02538
3	0.06803	0.20964	0.11679	0.08988	0.05795	0.07371	0.01102	0.12158	0.04495	0.03605	0.01214	0.03275	0.02430	0.06055	0.00632	0.00180	0.00625	0.00469	0.00334	0.01825
4	0.05638	0.07134	0.01658	0.01585	0.18803	0.01224	0.06062	0.12551	0.05857	0.04394	0.10296	0.01846	0.03203	0.04771	0.00705	0.00179	0.04614	0.00557	0.00392	0.08530
5	0.07017	0.03109	0.13493	0.05176	0.28993	0.01235	0.01323	0.08186	0.08426	0.05196	0.04321	0.01495	0.01103	0.00699	0.03485	0.00190	0.00629	0.00487	0.00352	0.05087
6	0.04950	0.04415	0.09280	0.12658	0.24487	0.05260	0.01298	0.12041	0.06532	0.02003	0.06418	0.01507	0.01161	0.00582	0.00522	0.00161	0.00618	0.00491	0.00348	0.05270
7	0.20199	0.11318	0.06821	0.09156	0.17426	0.01284	0.03149	0.04863	0.04202	0.03409	0.08645	0.01696	0.01321	0.00623	0.00492	0.00167	0.00555	0.03622	0.00349	0.00702
8	0.08884	0.01303	0.05254	0.08446	0.47819	0.01241	0.08816	0.01629	0.01193	0.01806	0.00998	0.01300	0.00813	0.00484	0.00519	0.00160	0.00646	0.00466	0.00277	0.07946
9	0.11943	0.05462	0.22522	0.01882	0.23309	0.01235	0.09205	0.03016	0.01199	0.01841	0.02281	0.01583	0.04813	0.00575	0.00515	0.00165	0.00645	0.02498	0.00298	0.05012
10	0.01291	0.07728	0.22333	0.05133	0.35330	0.04312	0.08983	0.01683	0.01199	0.01673	0.00977	0.01256	0.00784	0.00518	0.00589	0.00167	0.04539	0.00459	0.00255	0.00792
11	0.01235	0.05605	0.02053	0.06987	0.52397	0.01219	0.06561	0.01536	0.01225	0.01712	0.05122	0.09336	0.01337	0.00640	0.00557	0.00168	0.00614	0.00617	0.00307	0.00771
12	0.01343	0.06802	0.01522	0.01660	0.22482	0.20832	0.01019	0.01546	0.01284	0.02993	0.06788	0.18590	0.01713	0.00810	0.00543	0.00160	0.00604	0.00691	0.00357	0.08261
13	0.01210	0.01151	0.01924	0.19462	0.53968	0.01194	0.01514	0.01524	0.01209	0.01667	0.01460	0.01759	0.08416	0.00587	0.00551	0.00168	0.00628	0.00552	0.00287	0.00768
14	0.01257	0.01197	0.01978	0.10837	0.51008	0.01197	0.05556	0.01628	0.04449	0.01744	0.01286	0.01562	0.04551	0.00536	0.00538	0.00159	0.00620	0.00516	0.00296	0.09083

[dist]
# distance from previous block
# <min> <max>
0	11

[block]
# block no. 1 follows, 44 sequences, length 115
# corresponding to MSA columns:
# 685-769,802-812,814-832
name=unknown_B
#
# <colnr> <probs for GDERKNQSTAVLIFYWHMCP>
#	G	D	E	R	K	N	Q	S	T	A	V	L	I	F	Y	W	H	M	C	P
0	0.00938	0.00660	0.00774	0.00825	0.04582	0.00664	0.00573	0.03466	0.08489	0.01774	0.06822	0.12117	0.15579	0.08956	0.03585	0.00233	0.00397	0.05074	0.23954	0.00538
1	0.00725	0.00656	0.04205	0.00663	0.00847	0.00520	0.00537	0.00928	0.01323	0.01731	0.28019	0.08287	0.42605	0.01252	0.00636	0.00181	0.00302	0.03049	0.03039	0.00495
2	0.01019	0.00954	0.01605	0.77153	0.03665	0.01188	0.01484	0.01374	0.01089	0.01393	0.01030	0.03839	0.00814	0.00580	0.00550	0.00183	0.00714	0.00517	0.00250	0.00601
3	0.01097	0.00970	0.04682	0.01060	0.01328	0.00933	0.05165	0.01815	0.27282	0.04017	0.12601	0.03613	0.07612	0.01017	0.00629	0.00198	0.00463	0.21819	0.00507	0.03190
4	0.06360	0.00923	0.01237	0.04579	0.01462	0.00832	0.00811	0.02505	0.01495	0.68307	0.02017	0.01795	0.01285	0.00659	0.00533	0.00168	0.00468	0.00532	0.03149	0.00884
5	0.50172	0.01076	0.04524	0.00836	0.01217	0.01059	0.00722	0.01959	0.01161	0.28175	0.01276	0.01264	0.00879	0.00568	0.00419	0.00168	0.00449	0.00393	0.02969	0.00713
6	0.75675	0.01038	0.00894	0.03147	0.01180	0.01191	0.02951	0.01562	0.00949	0.02344	0.00880	0.04604	0.00741	0.00561	0.00370	0.00172	0.00442	0.00370	0.00340	0.00589
7	0.01430	0.01427	0.02151	0.01660	0.02077	0.07720	0.33635	0.10007	0.25251	0.02064	0.02672	0.01819	0.01250	0.00629	0.00597	0.00181	0.00709	0.03538	0.00407	0.00775
8	0.01253	0.00958	0.01122	0.00951	0.01217	0.01005	0.02970	0.20417	0.16555	0.03771	0.30617	0.02946	0.10899	0.00918	0.00595	0.00173	0.00405	0.00780	0.01751	0.00696
9	0.00934	0.00474	0.00707	0.00712	0.00714	0.00472	0.00475	0.00712	0.00726	0.00968	0.01042	0.05305	0.01070	0.01885	0.02064	0.80255	0.00466	0.00523	0.00249	0.00246
10	0.01111	0.02713	0.72464	0.01657	0.05847	0.01271	0.04005	0.01725	0.01159	0.01730	0.00984	0.01169	0.00702	0.00515	0.00522	0.00172	0.00801	0.00413	0.00233	0.00806
11	0.01486	0.77483	0.02800	0.00948	0.01413	0.02136	0.00938	0.05056	0.01175	0.01382	0.00783	0.00895	0.00710	0.00475	0.00359	0.00119	0.00584	0.00301	0.00248	0.00710
12	0.01395	0.03460	0.02969	0.01150	0.01525	0.10087	0.09262	0.13626	0.06672	0.04413	0.09050	0.07703	0.01584	0.00697	0.00533	0.00149	0.00558	0.01967	0.00417	0.22783
13	0.01901	0.01427	0.01531	0.01205	0.01608	0.01584	0.00985	0.60845	0.14022	0.03198	0.04960	0.01550	0.01237	0.00689	0.00551	0.00167	0.00558	0.00533	0.00549	0.00898
14	0.00674	0.00481	0.00643	0.00770	0.00806	0.00451	0.00522	0.00775	0.01053	0.01402	0.03000	0.77215	0.03585	0.01699	0.00698	0.00223	0.00324	0.04727	0.00506	0.00445
15	0.01175	0.00849	0.00993	0.00945	0.01100	0.07474	0.02924	0.04344	0.01279	0.13322	0.09632	0.43232	0.02811	0.01270	0.00697	0.00199	0.04314	0.02359	0.00503	0.00578
16	0.01194	0.23323	0.54742	0.01385	0.02064	0.01519	0.01692	0.01683	0.01125	0.01591	0.00908	0.01080	0.00694	0.00525	0.00533	0.00161	0.04405	0.00377	0.00231	0.00768
17	0.00933	0.00477	0.00703	0.00703	0.00711	0.00473	0.00471	0.00714	0.00735	0.00971	0.01159	0.01823	0.04476	0.01870	0.02062	0.80253	0.00464	0.00505	0.00249	0.00247
18	0.01283	0.43398	0.22645	0.01069	0.01608	0.01608	0.01155	0.01573	0.01105	0.01466	0.00860	0.01026	0.00726	0.00536	0.00486	0.04014	0.00609	0.00335	0.00247	0.14252
19	0.01549	0.26751	0.08019	0.01029	0.01503	0.03476	0.02446	0.05919	0.06997	0.14467	0.01213	0.01253	0.00923	0.00523	0.00447	0.00131	0.00543	0.00396	0.00373	0.22044
20	0.01549	0.68865	0.02654	0.01003	0.01444	0.12269	0.00951	0.03475	0.01200	0.01341	0.00782	0.00899	0.00705	0.00484	0.00373	0.00121	0.00636	0.00304	0.00247	0.00696
21	0.01458	0.81168	0.02857	0.00933	0.01399	0.02157	0.00933	0.01632	0.01108	0.01283	0.00758	0.00875	0.00700	0.00466	0.00350	0.00117	0.00583	0.00292	0.00233	0.00700
22	0.00792	0.00533	0.00616	0.00616	0.00623	0.00540	0.00357	0.00807	0.00799	0.01073	0.01698	0.03459	0.01935	0.74989	0.08561	0.00555	0.00600	0.00777	0.00327	0.00342
23	0.01030	0.00969	0.01635	0.79530	0.03755	0.01211	0.01514	0.01393	0.01090	0.01393	0.00969	0.01453	0.00727	0.00545	0.00545	0.00182	0.00727	0.00484	0.00242	0.00606
24	0.00662	0.00552	0.00581	0.00599	0.00768	0.00471	0.00453	0.00805	0.01229	0.01478	0.05160	0.10616	0.66828	0.01413	0.00656	0.00191	0.00295	0.06275	0.00506	0.00462
25	0.00793	0.00529	0.00595	0.00595	0.00595	0.00529	0.00330	0.00793	0.00793	0.01057	0.01718	0.03568	0.01982	0.80840	0.02775	0.00529	0.00529	0.00793	0.00330	0.00330
26	0.01007	0.00510	0.00516	0.00515	0.00642	0.00508	0.00386	0.01261	0.01158	0.02038	0.04540	0.02107	0.01535	0.00653	0.00391	0.00129	0.00254	0.00526	0.80816	0.00508
27	0.84691	0.01054	0.00801	0.00717	0.01054	0.01223	0.00590	0.01603	0.00928	0.02446	0.00759	0.00886	0.00590	0.00506	0.00337	0.00169	0.00422	0.00295	0.00337	0.00590
28	0.01458	0.81168	0.02857	0.00933	0.01399	0.02157	0.00933	0.01632	0.01108	0.01283	0.00758	0.00875	0.00700	0.00466	0.00350	0.00117	0.00583	0.00292	0.00233	0.00700
29	0.00664	0.00474	0.00633	0.00759	0.00791	0.00443	0.00506	0.00759	0.01044	0.01392	0.03005	0.80485	0.03606	0.01708	0.00696	0.00221	0.00316	0.01550	0.00506	0.00443
30	0.84691	0.01054	0.00801	0.00717	0.01054	0.01223	0.00590	0.01603	0.00928	0.02446	0.00759	0.00886	0.00590	0.00506	0.00337	0.00169	0.00422	0.00295	0.00337	0.00590
31	0.02037	0.02598	0.01545	0.01404	0.01685	0.78652	0.01053	0.02177	0.01545	0.01334	0.00843	0.00983	0.00702	0.00562	0.00492	0.00140	0.00983	0.00351	0.00281	0.00632
32	0.01292	0.45515	0.37059	0.01215	0.01836	0.01752	0.01425	0.01675	0.01127	0.01485	0.00858	0.01000	0.00696	0.00490	0.00426	0.00142	0.00684	0.00342	0.00232	0.00748
33	0.00772	0.00557	0.00729	0.00686	0.00814	0.00514	0.00514	0.01029	0.01543	0.02186	0.77152	0.04072	0.05144	0.01115	0.00643	0.00171	0.00257	0.00986	0.00600	0.00514
34	0.01728	0.01822	0.01412	0.01252	0.01563	0.34453	0.00964	0.10792	0.36081	0.02006	0.01528	0.01503	0.01170	0.00654	0.00527	0.00163	0.00686	0.00489	0.00437	0.00771
35	0.01458	0.81168	0.02857	0.00933	0.01399	0.02157	0.00933	0.01632	0.01108	0.01283	0.00758	0.00875	0.00700	0.00466	0.00350	0.00117	0.00583	0.00292	0.00233	0.00700
36	0.01245	0.35412	0.46751	0.01296	0.01960	0.01637	0.01564	0.01687	0.01133	0.01542	0.00887	0.01036	0.00694	0.00497	0.00448	0.00149	0.00713	0.00357	0.00231	0.00762
37	0.00827	0.00622	0.00737	0.00735	0.00891	0.00592	0.00563	0.01090	0.06260	0.04471	0.19153	0.15851	0.33609	0.01308	0.00685	0.00195	0.02488	0.08875	0.00527	0.00521
38	0.00664	0.00474	0.00633	0.00759	0.00791	0.00443	0.00506	0.00759	0.01044	0.01392	0.03005	0.80485	0.03606	0.01708	0.00696	0.00221	0.00316	0.01550	0.00506	0.00443
39	0.04300	0.01044	0.01206	0.01082	0.04373	0.03798	0.00818	0.03874	0.26989	0.31213	0.07862	0.04993	0.04452	0.00776	0.00557	0.00176	0.00453	0.00644	0.00573	0.00816
40	0.01045	0.00985	0.01663	0.75804	0.07359	0.01215	0.01522	0.01407	0.01098	0.01412	0.00972	0.01448	0.00733	0.00542	0.00545	0.00181	0.00723	0.00485	0.00244	0.00618
41	0.01906	0.00907	0.01157	0.00944	0.01287	0.00860	0.00759	0.02397	0.16840	0.48043	0.16405	0.02313	0.02134	0.00772	0.00568	0.00173	0.00418	0.00645	0.00636	0.00836
42	0.00793	0.00529	0.00595	0.00595	0.00595	0.00529	0.00330	0.00793	0.00793	0.01057	0.01718	0.03568	0.01982	0.80840	0.02775	0.00529	0.00529	0.00793	0.00330	0.00330
43	0.14126	0.01575	0.01463	0.01186	0.01569	0.13184	0.00966	0.50039	0.02106	0.02885	0.01235	0.01434	0.00952	0.00660	0.00517	0.00165	0.00627	0.04025	0.00473	0.00812
44	0.01252	0.01196	0.02036	0.26622	0.54928	0.01270	0.01625	0.01588	0.01195	0.01662	0.01008	0.01381	0.00822	0.00504	0.00541	0.00168	0.00672	0.00485	0.00261	0.00785
45	0.00782	0.00572	0.00815	0.00815	0.00891	0.00648	0.00605	0.00934	0.00858	0.01220	0.01516	0.02453	0.01498	0.20846	0.62108	0.00800	0.01257	0.00630	0.00300	0.00453
46	0.01203	0.01090	0.01456	0.01048	0.01537	0.02230	0.11404	0.04132	0.01212	0.01825	0.00998	0.01183	0.00813	0.00424	0.00445	0.00100	0.00495	0.00376	0.00324	0.67707
47	0.02050	0.01516	0.01624	0.01250	0.01682	0.01680	0.01031	0.73352	0.04869	0.03400	0.01337	0.01332	0.00950	0.00657	0.00546	0.00164	0.00595	0.00495	0.00546	0.00925
48	0.00788	0.00527	0.00596	0.00601	0.00602	0.00525	0.00337	0.00792	0.00802	0.01069	0.01765	0.06386	0.02042	0.77941	0.02699	0.00517	0.00521	0.00821	0.00337	0.00334
49	0.00943	0.00862	0.01440	0.01262	0.01474	0.02908	0.21161	0.01221	0.03532	0.01582	0.03688	0.36571	0.02629	0.01249	0.00683	0.00213	0.00543	0.17044	0.00439	0.00556
50	0.01264	0.01208	0.02059	0.23627	0.57824	0.01273	0.01631	0.01599	0.01201	0.01678	0.01010	0.01377	0.00827	0.00502	0.00541	0.00167	0.00669	0.00485	0.00263	0.00795
51	0.02446	0.00928	0.01265	0.00970	0.01392	0.00801	0.00801	0.02657	0.01560	0.77817	0.02151	0.01856	0.01350	0.00675	0.00548	0.00169	0.00464	0.00548	0.00675	0.00928
52	0.01320	0.01265	0.02159	0.10420	0.70598	0.01288	0.01658	0.01647	0.01227	0.01745	0.01020	0.01359	0.00851	0.00491	0.00540	0.00164	0.00655	0.00486	0.00267	0.00840
53	0.00763	0.00557	0.00717	0.00677	0.00809	0.00511	0.00508	0.01013	0.01524	0.02141	0.72576	0.04147	0.09749	0.01132	0.00643	0.00172	0.00258	0.00996	0.00594	0.00511
54	0.00704	0.00555	0.00635	0.00615	0.00773	0.00486	0.00461	0.00897	0.01383	0.01806	0.38967	0.04698	0.43567	0.01256	0.00644	0.00178	0.00267	0.01074	0.00550	0.00486
55	0.01030	0.00969	0.01635	0.79530	0.03755	0.01211	0.01514	0.01393	0.01090	0.01393	0.00969	0.01453	0.00727	0.00545	0.00545	0.00182	0.00727	0.00484	0.00242	0.00606
56	0.01458	0.81168	0.02857	0.00933	0.01399	0.02157	0.00933	0.01632	0.01108	0.01283	0.00758	0.00875	0.00700	0.00466	0.00350	0.00117	0.00583	0.00292	0.00233	0.00700
57	0.01371	0.01276	0.02171	0.05357	0.73354	0.01280	0.01645	0.01692	0.01246	0.03848	0.01055	0.01366	0.00873	0.00493	0.00540	0.00163	0.00645	0.00487	0.00280	0.00858
58	0.01050	0.00970	0.01634	0.69823	0.09266	0.01182	0.01475	0.01381	0.01083	0.01401	0.00972	0.01455	0.00748	0.00606	0.00622	0.04286	0.00708	0.00484	0.00244	0.00607
59	0.01547	0.01288	0.01339	0.01151	0.01490	0.03011	0.00910	0.20817	0.56708	0.02546	0.01967	0.01834	0.01463	0.00715	0.00551	0.00179	0.00484	0.00580	0.00547	0.00874
60	0.29951	0.01944	0.01352	0.01335	0.07952	0.44375	0.00949	0.03328	0.01329	0.01788	0.00839	0.00988	0.00682	0.00538	0.00445	0.00152	0.00757	0.00346	0.00304	0.00643
61	0.01349	0.01295	0.02213	0.03346	0.77440	0.01295	0.01673	0.01673	0.01241	0.01781	0.01025	0.01349	0.00864	0.00486	0.00540	0.00162	0.00648	0.00486	0.00270	0.00864
62	0.01514	0.01250	0.01322	0.01141	0.01478	0.01430	0.00901	0.18949	0.60145	0.02536	0.02018	0.01874	0.01502	0.00721	0.00553	0.00180	0.00469	0.00589	0.00553	0.00877
63	0.01329	0.01274	0.02176	0.08230	0.72716	0.01290	0.01663	0.01655	0.01232	0.01756	0.01022	0.01356	0.00855	0.00490	0.00540	0.00163	0.00653	0.00486	0.00268	0.00847
64	0.84691	0.01054	0.00801	0.00717	0.01054	0.01223	0.00590	0.01603	0.00928	0.02446	0.00759	0.00886	0.00590	0.00506	0.00337	0.00169	0.00422	0.00295	0.00337	0.00590
65	0.00785	0.00559	0.00751	0.00751	0.00805	0.00613	0.00525	0.00893	0.00839	0.01173	0.01575	0.02776	0.01638	0.38221	0.44924	0.00722	0.01046	0.00677	0.00309	0.00417
66	0.84691	0.01054	0.00801	0.00717	0.01054	0.01223	0.00590	0.01603	0.00928	0.02446	0.00759	0.00886	0.00590	0.00506	0.00337	0.00169	0.00422	0.00295	0.00337	0.00590
67	0.00793	0.00529	0.00595	0.00595	0.00595	0.00529	0.00330	0.00793	0.00793	0.01057	0.01718	0.03568	0.01982	0.80840	0.02775	0.00529	0.00529	0.00793	0.00330	0.00330
68	0.00823	0.00570	0.00736	0.00687	0.00830	0.00521	0.00518	0.01071	0.01524	0.04862	0.69614	0.04072	0.09874	0.01117	0.00640	0.00172	0.00266	0.00981	0.00596	0.00526
69	0.02072	0.01527	0.01636	0.01254	0.01691	0.01691	0.01036	0.75622	0.02563	0.03436	0.01309	0.01309	0.00927	0.00654	0.00545	0.00164	0.00600	0.00491	0.00545	0.00927
70	0.00793	0.00529	0.00595	0.00595	0.00595	0.00529	0.00330	0.00793	0.00793	0.01057	0.01718	0.03568	0.01982	0.80840	0.02775	0.00529	0.00529	0.00793	0.00330	0.00330
71	0.01337	0.01269	0.02139	0.10926	0.67982	0.01298	0.01640	0.03667	0.01262	0.01787	0.01028	0.01359	0.00852	0.00496	0.00540	0.00164	0.00654	0.00486	0.00275	0.00839
72	0.01449	0.71113	0.09421	0.01006	0.01495	0.05152	0.01033	0.01663	0.01129	0.01324	0.00781	0.00903	0.00699	0.00475	0.00370	0.00122	0.00619	0.00304	0.00235	0.00706
73	0.01130	0.00969	0.01130	0.00807	0.01292	0.00727	0.00646	0.01373	0.01130	0.01776	0.00969	0.01130	0.00807	0.00404	0.00404	0.00081	0.00404	0.00323	0.00323	0.84173
74	0.05481	0.01756	0.05194	0.01661	0.02078	0.22920	0.29345	0.07602	0.06191	0.06813	0.01146	0.01330	0.00865	0.00564	0.00619	0.00171	0.04684	0.00508	0.00341	0.00731
75	0.04055	0.78669	0.02793	0.00926	0.01388	0.02128	0.00922	0.01632	0.01102	0.01319	0.00758	0.00875	0.00696	0.00468	0.00349	0.00118	0.00578	0.00292	0.00236	0.00696
76	0.00788	0.00546	0.00684	0.00684	0.00715	0.00577	0.00442	0.00850	0.00819	0.01123	0.01636	0.03114	0.01785	0.56416	0.26929	0.00639	0.00825	0.00726	0.00318	0.00380
77	0.00781	0.00619	0.00713	0.00701	0.00867	0.00582	0.00537	0.01110	0.08848	0.01817	0.30317	0.07342	0.35093	0.01245	0.00646	0.00187	0.00306	0.07220	0.00544	0.00523
78	0.01236	0.01263	0.05605	0.38741	0.34804	0.04353	0.01574	0.01584	0.01185	0.03059	0.01011	0.01383	0.00794	0.00522	0.00539	0.00171	0.00702	0.00477	0.00263	0.00732
79	0.02446	0.00928	0.01265	0.00970	0.01392	0.00801	0.00801	0.02657	0.01560	0.77817	0.02151	0.01856	0.01350	0.00675	0.00548	0.00169	0.00464	0.00548	0.00675	0.00928
80	0.00861	0.00622	0.00854	0.00970	0.01100	0.00615	0.00843	0.01103	0.01254	0.01619	0.03087	0.06081	0.08782	0.01496	0.00745	0.00246	0.00485	0.68237	0.00502	0.00499
81	0.01164	0.01106	0.01878	0.47550	0.34686	0.01247	0.01581	0.01511	0.01154	0.01556	0.00993	0.01410	0.00784	0.00520	0.00543	0.00173	0.00694	0.00485	0.00254	0.00714
82	0.01116	0.07777	0.73261	0.01515	0.02299	0.01322	0.01946	0.01721	0.01148	0.01698	0.00964	0.01134	0.00691	0.00515	0.00507	0.00169	0.00792	0.00396	0.00230	0.00799
83	0.00854	0.00611	0.00842	0.00959	0.01075	0.00607	0.00819	0.01082	0.01222	0.01588	0.02920	0.11018	0.05147	0.04704	0.00827	0.00258	0.00484	0.63999	0.00495	0.00490
84	0.01958	0.13199	0.01722	0.01341	0.01647	0.68331	0.01037	0.02103	0.01486	0.01327	0.00831	0.00968	0.00702	0.00549	0.00472	0.00137	0.00929	0.00343	0.00274	0.00641
85	0.84691	0.01054	0.00801	0.00717	0.01054	0.01223	0.00590	0.01603	0.00928	0.02446	0.00759	0.00886	0.00590	0.00506	0.00337	0.00169	0.00422	0.00295	0.00337	0.00590
86	0.01294	0.01204	0.01985	0.28098	0.48244	0.01295	0.01578	0.06579	0.01281	0.01766	0.01026	0.01381	0.00823	0.00517	0.00542	0.00168	0.00670	0.00486	0.00279	0.00784
87	0.00811	0.00626	0.00952	0.01036	0.06131	0.00709	0.00738	0.01008	0.00911	0.01308	0.01521	0.06648	0.01460	0.03707	0.68860	0.00790	0.01339	0.00634	0.00303	0.00510
88	0.00804	0.06005	0.00854	0.00688	0.00846	0.00620	0.00532	0.01043	0.01482	0.02049	0.64316	0.03982	0.12564	0.01099	0.00623	0.00169	0.00281	0.00957	0.00565	0.00521
89	0.74169	0.01035	0.00879	0.00868	0.05484	0.01179	0.00648	0.01568	0.00988	0.02390	0.05938	0.01128	0.00914	0.00546	0.00370	0.00168	0.00424	0.00353	0.00351	0.00601
90	0.01976	0.01710	0.01554	0.01251	0.01630	0.19442	0.01005	0.53564	0.02258	0.02864	0.06327	0.01420	0.01160	0.00664	0.00540	0.00159	0.00666	0.00492	0.00488	0.00831
91	0.01007	0.00945	0.01572	0.74933	0.03579	0.01168	0.01450	0.01357	0.01099	0.01398	0.01234	0.01674	0.05179	0.00594	0.00551	0.00182	0.00701	0.00523	0.00258	0.00597
92	0.01128	0.01094	0.06327	0.00858	0.01364	0.00763	0.00738	0.01397	0.01132	0.01773	0.00970	0.01132	0.00800	0.00411	0.00411	0.00087	0.00431	0.00328	0.00317	0.78539
93	0.00693	0.00690	0.05092	0.00648	0.00861	0.00521	0.00544	0.00873	0.01253	0.01533	0.08583	0.05012	0.64232	0.01326	0.00644	0.00187	0.00321	0.06007	0.00494	0.00486
94	0.01300	0.01238	0.02078	0.11335	0.64401	0.01248	0.01587	0.01623	0.01218	0.01739	0.01016	0.01346	0.00845	0.00487	0.00531	0.00159	0.00640	0.00475	0.00270	0.06466
95	0.00729	0.00556	0.00792	0.06233	0.05452	0.00544	0.00642	0.00855	0.01058	0.01414	0.02752	0.70537	0.03252	0.01558	0.00677	0.00215	0.00363	0.01416	0.00474	0.00478
96	0.01066	0.01010	0.01686	0.68515	0.09877	0.01245	0.01509	0.01412	0.01088	0.01421	0.00959	0.01429	0.00738	0.00564	0.00617	0.00183	0.05325	0.00484	0.00244	0.00627
97	0.01460	0.01362	0.02113	0.03077	0.67893	0.06495	0.01581	0.01764	0.01280	0.06176	0.01079	0.01354	0.00881	0.00502	0.00537	0.00161	0.00660	0.00480	0.00294	0.00852
98	0.02002	0.01489	0.01636	0.06545	0.01830	0.01658	0.01069	0.70605	0.02464	0.03298	0.01286	0.01319	0.00914	0.00647	0.00545	0.00165	0.00608	0.00490	0.00525	0.00905
99	0.01428	0.01159	0.01285	0.01138	0.01426	0.04651	0.03256	0.22780	0.25812	0.02343	0.02045	0.06568	0.01818	0.00922	0.00599	0.00192	0.00524	0.17790	0.03517	0.00749
100	0.01032	0.00504	0.00743	0.00731	0.00761	0.00494	0.00498	0.00845	0.00787	0.06168	0.01148	0.06259	0.01129	0.01801	0.01940	0.73579	0.00464	0.00541	0.00282	0.00295
101	0.01333	0.01277	0.02042	0.12770	0.51493	0.03681	0.05940	0.06603	0.01323	0.01809	0.01298	0.01583	0.05287	0.00558	0.00552	0.00167	0.00660	0.00530	0.00299	0.00796
102	0.01517	0.40309	0.07603	0.01348	0.04765	0.10295	0.10945	0.06801	0.05674	0.02954	0.00985	0.01124	0.00806	0.00523	0.00481	0.00144	0.02293	0.00401	0.00293	0.00737
103	0.01204	0.01089	0.01739	0.77498	0.03811	0.01300	0.01566	0.01512	0.01199	0.01558	0.01142	0.01684	0.00893	0.00660	0.00618	0.00213	0.00779	0.00539	0.00303	0.00695
104	0.04043	0.02124	0.01643	0.01415	0.01747	0.43992	0.03732	0.22492	0.01888	0.02193	0.05623	0.01541	0.01210	0.00731	0.00588	0.00183	0.00844	0.00499	0.02719	0.00795
105	0.01003	0.00731	0.00845	0.00865	0.01001	0.00679	0.00627	0.05352	0.01304	0.03053	0.03556	0.28347	0.25634	0.10890	0.03796	0.00299	0.00476	0.10433	0.00536	0.00575
106	0.04530	0.33773	0.29849	0.01304	0.01848	0.01722	0.01382	0.06730	0.01329	0.01845	0.04788	0.01426	0.01093	0.00676	0.00600	0.00185	0.05312	0.00450	0.00336	0.00821
107	0.01115	0.01093	0.07897	0.01014	0.01254	0.04992	0.03520	0.02541	0.07811	0.02017	0.32543	0.08846	0.14472	0.05796	0.00815	0.00230	0.00481	0.02358	0.00546	0.00658
108	0.01102	0.00775	0.01024	0.06291	0.04292	0.00728	0.00759	0.01313	0.01571	0.06641	0.55641	0.04011	0.04307	0.01161	0.00707	0.00211	0.00404	0.07805	0.00609	0.00649
109	0.01417	0.01248	0.01911	0.47860	0.21031	0.01384	0.03170	0.10923	0.01425	0.01915	0.01201	0.01642	0.00953	0.00657	0.00619	0.00206	0.00748	0.00544	0.00348	0.00800
110	0.01511	0.01377	0.02148	0.04369	0.62967	0.01354	0.01587	0.03457	0.05743	0.01994	0.01268	0.01609	0.01068	0.00616	0.00605	0.00190	0.00673	0.00537	0.00356	0.06573
111	0.01439	0.01311	0.02063	0.09498	0.57940	0.01315	0.01557	0.01786	0.06434	0.01953	0.05803	0.01882	0.02997	0.00680	0.00623	0.00198	0.00663	0.00593	0.00371	0.00895
112	0.01317	0.05343	0.39276	0.01801	0.02433	0.01354	0.27490	0.01770	0.01343	0.01917	0.08711	0.01779	0.01345	0.00670	0.00641	0.00206	0.00832	0.00597	0.00344	0.00832
113	0.07132	0.01354	0.02112	0.16333	0.50071	0.01389	0.04547	0.06038	0.01377	0.02007	0.01189	0.01572	0.00986	0.00622	0.00605	0.00198	0.00708	0.00534	0.00346	0.00881
114	0.01294	0.02601	0.64685	0.01582	0.02273	0.01324	0.01880	0.01769	0.01220	0.03482	0.01157	0.01438	0.00889	0.00746	0.00772	0.05096	0.06170	0.00472	0.00302	0.00845

[dist]
# distance from previous block
# <min> <max>
0	176

# created by:
# /home/cegg/simao/soft/augustus-3.2.1/scripts/msa2prfl.pl ./align_prep/EOG091G0TWR.fa
