[name]
unknown

[dist]
# distance from previous block
# <min> <max>
0	118

[block]
# block no. 0 follows, 39 sequences, length 23
# corresponding to MSA columns:
# 282-304
name=unknown_A
#
# <colnr> <probs for GDERKNQSTAVLIFYWHMCP>
#	G	D	E	R	K	N	Q	S	T	A	V	L	I	F	Y	W	H	M	C	P
0	0.03639	0.08392	0.14761	0.01473	0.01945	0.05760	0.01291	0.13108	0.08085	0.19886	0.02152	0.08713	0.01799	0.02567	0.00795	0.00265	0.00751	0.02950	0.00626	0.01041
1	0.02005	0.14643	0.25201	0.01619	0.02192	0.05956	0.03180	0.13845	0.09930	0.08384	0.01801	0.04807	0.01468	0.00929	0.00720	0.00249	0.00829	0.00650	0.00537	0.01056
2	0.01444	0.13752	0.34542	0.06270	0.03672	0.07657	0.01571	0.10014	0.05625	0.01974	0.01238	0.05053	0.01005	0.00648	0.00546	0.00175	0.00758	0.00504	0.00333	0.03219
3	0.07486	0.20571	0.11330	0.03147	0.04282	0.03322	0.04125	0.10521	0.01490	0.02021	0.09140	0.02400	0.16257	0.00814	0.00554	0.00173	0.00585	0.00650	0.00406	0.00728
4	0.06071	0.17756	0.37343	0.01398	0.03814	0.06820	0.01523	0.05136	0.01366	0.01935	0.07522	0.01485	0.01213	0.00621	0.00521	0.00170	0.00727	0.00468	0.03318	0.00793
5	0.05797	0.04613	0.01313	0.05501	0.03586	0.01175	0.00866	0.11701	0.19610	0.06196	0.07510	0.09178	0.08787	0.02874	0.00651	0.00192	0.00486	0.00747	0.00514	0.08703
6	0.02119	0.04846	0.06529	0.01443	0.01910	0.18405	0.03687	0.48209	0.02334	0.02958	0.01256	0.01320	0.00923	0.00664	0.00573	0.00171	0.00768	0.00491	0.00484	0.00910
7	0.00742	0.00519	0.00676	0.00802	0.00847	0.00485	0.00539	0.00856	0.01144	0.01552	0.03255	0.72506	0.05662	0.01777	0.00734	0.00233	0.00338	0.01605	0.05245	0.00485
8	0.00745	0.00533	0.00712	0.00833	0.00882	0.00499	0.00574	0.00873	0.01194	0.01601	0.09552	0.67940	0.04027	0.01783	0.00754	0.00237	0.00350	0.05864	0.00558	0.00491
9	0.01114	0.00669	0.00871	0.00791	0.00985	0.00606	0.00609	0.01375	0.01642	0.13830	0.56296	0.04204	0.10357	0.01169	0.00685	0.00189	0.00323	0.03007	0.00653	0.00623
10	0.00726	0.00595	0.00640	0.00639	0.00818	0.00509	0.00475	0.00897	0.01396	0.01736	0.18671	0.09646	0.58271	0.01465	0.00702	0.00199	0.00298	0.01240	0.00568	0.00509
11	0.00872	0.00619	0.00762	0.00717	0.00885	0.00555	0.00541	0.01114	0.01587	0.05061	0.53804	0.04664	0.24089	0.01268	0.00694	0.00190	0.00293	0.01099	0.00627	0.00560
12	0.00768	0.00564	0.00715	0.00770	0.00864	0.00518	0.00546	0.00936	0.01334	0.01792	0.26314	0.39446	0.14698	0.04263	0.00809	0.00230	0.00332	0.04023	0.00574	0.00506
13	0.01581	0.79572	0.03099	0.01012	0.01518	0.02340	0.01012	0.01771	0.01202	0.01391	0.00822	0.00949	0.00759	0.00506	0.00379	0.00126	0.00632	0.00316	0.00253	0.00759
14	0.01351	0.00987	0.01113	0.00998	0.01269	0.01052	0.00772	0.06279	0.33751	0.08972	0.21008	0.07586	0.07818	0.01001	0.00635	0.00194	0.00409	0.00853	0.03171	0.00781
15	0.02113	0.02440	0.01679	0.01479	0.01794	0.55389	0.01136	0.13898	0.06386	0.01880	0.01082	0.01209	0.00868	0.00664	0.00632	0.00166	0.05634	0.00432	0.00367	0.00751
16	0.01283	0.01032	0.01203	0.00889	0.01367	0.00820	0.00701	0.01613	0.05665	0.05254	0.01242	0.01487	0.01039	0.05418	0.00616	0.00129	0.00451	0.00413	0.00383	0.68994
17	0.07157	0.01118	0.01162	0.05629	0.01434	0.07937	0.00823	0.14745	0.01728	0.11616	0.19882	0.03183	0.16150	0.00992	0.00626	0.00188	0.00506	0.03863	0.00551	0.00708
18	0.01298	0.01132	0.02169	0.01768	0.06592	0.01098	0.33682	0.05914	0.01216	0.01647	0.01134	0.01661	0.00961	0.01168	0.01363	0.34952	0.00753	0.00599	0.00299	0.00592
19	0.01205	0.00854	0.01353	0.26276	0.10457	0.00946	0.01079	0.01291	0.01056	0.06027	0.01313	0.01836	0.03881	0.01260	0.01368	0.34953	0.03452	0.00553	0.00304	0.00536
20	0.31897	0.00817	0.00802	0.00769	0.00992	0.00862	0.00588	0.01319	0.01150	0.05331	0.07035	0.10747	0.16290	0.09121	0.07648	0.00303	0.00521	0.02787	0.00455	0.00567
21	0.01168	0.00965	0.01536	0.01573	0.14771	0.00913	0.12497	0.04644	0.01462	0.06594	0.15128	0.15257	0.18839	0.01086	0.00676	0.00197	0.00516	0.00995	0.00493	0.00688
22	0.01401	0.01357	0.02283	0.25296	0.22063	0.03324	0.18696	0.08346	0.03575	0.01948	0.01281	0.04048	0.01050	0.00629	0.00624	0.00192	0.00782	0.01973	0.00335	0.00797

[dist]
# distance from previous block
# <min> <max>
0	9

[block]
# block no. 1 follows, 39 sequences, length 45
# corresponding to MSA columns:
# 314-349,354-362
name=unknown_B
#
# <colnr> <probs for GDERKNQSTAVLIFYWHMCP>
#	G	D	E	R	K	N	Q	S	T	A	V	L	I	F	Y	W	H	M	C	P
0	0.01356	0.07485	0.01674	0.06943	0.10615	0.03661	0.06142	0.08606	0.01352	0.05384	0.07077	0.07624	0.01734	0.17262	0.01265	0.00273	0.09762	0.00713	0.00394	0.00678
1	0.01365	0.01212	0.01418	0.01263	0.03933	0.09234	0.08784	0.05692	0.17827	0.05645	0.12406	0.04612	0.14220	0.03054	0.00725	0.00203	0.01798	0.03480	0.02404	0.00725
2	0.00751	0.00537	0.00692	0.00796	0.00844	0.00504	0.00536	0.00859	0.01144	0.01521	0.06744	0.59550	0.07215	0.11446	0.01033	0.00278	0.00374	0.04173	0.00530	0.00472
3	0.05793	0.01451	0.01554	0.01280	0.01669	0.04410	0.03775	0.31396	0.31785	0.02923	0.06286	0.01895	0.01581	0.00758	0.00593	0.00188	0.00573	0.00611	0.00566	0.00912
4	0.03303	0.01565	0.06743	0.05516	0.27546	0.02968	0.31652	0.01847	0.01329	0.03881	0.01139	0.01493	0.00896	0.00567	0.00732	0.00193	0.06907	0.00587	0.00303	0.00832
5	0.01087	0.00620	0.00654	0.00636	0.00791	0.00619	0.00480	0.05227	0.01348	0.02188	0.06807	0.06370	0.08396	0.00951	0.02530	0.00175	0.00337	0.00701	0.59515	0.00568
6	0.00777	0.00577	0.00725	0.00813	0.00901	0.00542	0.00582	0.00958	0.03188	0.01630	0.08952	0.47696	0.16109	0.04621	0.00829	0.00244	0.00366	0.09435	0.00550	0.00504
7	0.01572	0.64309	0.12601	0.01135	0.01676	0.07270	0.01175	0.01824	0.01240	0.01458	0.00860	0.00996	0.00758	0.00520	0.00414	0.00136	0.00694	0.00336	0.00256	0.00769
8	0.02394	0.01280	0.01516	0.01168	0.01617	0.01293	0.00963	0.34978	0.02166	0.39494	0.01898	0.01752	0.01258	0.00720	0.00584	0.00178	0.00559	0.00564	0.04632	0.00984
9	0.00844	0.00644	0.00784	0.00782	0.00924	0.00615	0.00573	0.01189	0.08323	0.02038	0.38956	0.22609	0.16739	0.01377	0.00703	0.00203	0.00316	0.01212	0.00604	0.00564
10	0.00859	0.00648	0.00805	0.00858	0.01011	0.00610	0.00692	0.02829	0.01408	0.01815	0.14020	0.14591	0.26847	0.01535	0.00749	0.00231	0.00407	0.28987	0.00562	0.00536
11	0.01354	0.00751	0.00969	0.00849	0.01087	0.00693	0.00659	0.01695	0.06111	0.22049	0.46431	0.05132	0.07634	0.01083	0.00665	0.00188	0.00353	0.00938	0.00663	0.00697
12	0.00844	0.00577	0.00699	0.00740	0.00766	0.00574	0.00476	0.00902	0.00973	0.01295	0.02266	0.18401	0.02608	0.53052	0.04782	0.00488	0.00560	0.09176	0.00415	0.00409
13	0.26883	0.00986	0.01044	0.00872	0.01214	0.01010	0.00707	0.08744	0.01495	0.25742	0.07754	0.01953	0.03267	0.00723	0.00503	0.00175	0.00439	0.00551	0.15174	0.00764
14	0.02211	0.02755	0.01681	0.01515	0.01829	0.72740	0.01142	0.06256	0.01736	0.01572	0.00942	0.01086	0.00775	0.00615	0.00536	0.00154	0.01044	0.00389	0.00320	0.00703
15	0.02295	0.01280	0.01516	0.01194	0.01625	0.01304	0.00985	0.36294	0.02171	0.34697	0.01978	0.04481	0.01444	0.00813	0.00612	0.00188	0.00571	0.04946	0.00648	0.00961
16	0.01255	0.01236	0.01736	0.01500	0.01509	0.01718	0.01246	0.01391	0.00910	0.01419	0.00847	0.01383	0.00837	0.01331	0.08463	0.00319	0.71472	0.00528	0.00264	0.00637
17	0.00731	0.00522	0.00699	0.00836	0.00875	0.00490	0.00568	0.00842	0.01143	0.01522	0.03253	0.75460	0.03888	0.01843	0.00758	0.00242	0.00353	0.04945	0.00549	0.00483
18	0.01014	0.00680	0.00930	0.01017	0.01156	0.00669	0.00861	0.01260	0.01356	0.05226	0.09000	0.06004	0.03378	0.08776	0.01001	0.00289	0.00523	0.55765	0.00545	0.00550
19	0.01096	0.01045	0.01752	0.01551	0.04111	0.04635	0.23785	0.01382	0.01313	0.01715	0.02387	0.27858	0.02565	0.01259	0.00738	0.00230	0.00654	0.20854	0.00448	0.00623
20	0.01775	0.07564	0.01944	0.05642	0.21765	0.11983	0.01297	0.16522	0.08070	0.07130	0.01305	0.01468	0.01015	0.00663	0.00682	0.00179	0.07506	0.00508	0.02121	0.00860
21	0.01698	0.01264	0.01737	0.20908	0.02323	0.01430	0.05029	0.17701	0.07875	0.14336	0.01421	0.01602	0.01043	0.00718	0.00812	0.00195	0.13422	0.00549	0.00447	0.05489
22	0.03641	0.05285	0.02152	0.05358	0.10216	0.06717	0.17391	0.14103	0.13940	0.06127	0.01418	0.01590	0.01082	0.00740	0.02444	0.00206	0.05755	0.00570	0.00417	0.00846
23	0.02209	0.02819	0.01676	0.01524	0.01828	0.76843	0.01143	0.02361	0.01676	0.01447	0.00914	0.01066	0.00762	0.00609	0.00533	0.00152	0.01066	0.00381	0.00305	0.00686
24	0.03846	0.01443	0.03956	0.07594	0.50211	0.01432	0.11986	0.05047	0.04984	0.02027	0.01188	0.01505	0.00955	0.00550	0.00596	0.00182	0.00733	0.00551	0.00321	0.00893
25	0.00734	0.00525	0.00699	0.00814	0.00861	0.00490	0.00550	0.00858	0.01196	0.01612	0.11767	0.70033	0.04109	0.01777	0.00748	0.00234	0.00336	0.01609	0.00561	0.00490
26	0.04821	0.00964	0.01282	0.01001	0.01421	0.00849	0.00821	0.02673	0.01648	0.65876	0.06254	0.02124	0.01668	0.00750	0.00584	0.00181	0.00478	0.00610	0.05047	0.00947
27	0.00779	0.00592	0.00717	0.00708	0.00854	0.00530	0.00523	0.00996	0.01506	0.02023	0.44650	0.13795	0.27419	0.01378	0.00705	0.00197	0.00293	0.01200	0.00606	0.00530
28	0.00752	0.00595	0.00682	0.00705	0.00863	0.00524	0.00531	0.00932	0.01382	0.01754	0.19152	0.16459	0.44277	0.01505	0.00718	0.00209	0.00324	0.07554	0.00569	0.00512
29	0.04247	0.01038	0.01333	0.01042	0.01469	0.00951	0.00854	0.09015	0.03739	0.59030	0.05223	0.02229	0.05482	0.00787	0.00599	0.00184	0.00495	0.00638	0.00695	0.00952
30	0.01682	0.00974	0.01061	0.00883	0.01173	0.01015	0.00707	0.25306	0.01806	0.12344	0.01815	0.01922	0.01341	0.00701	0.00496	0.00157	0.00429	0.00551	0.44879	0.00760
31	0.01415	0.01471	0.01733	0.01504	0.01563	0.12072	0.01230	0.03406	0.01068	0.01487	0.00906	0.03412	0.00888	0.01099	0.04083	0.00264	0.60926	0.00535	0.00284	0.00653
32	0.04016	0.01284	0.01381	0.02771	0.01509	0.05335	0.00932	0.22218	0.14119	0.06928	0.01915	0.02062	0.07109	0.04617	0.02931	0.00226	0.09937	0.00611	0.05280	0.04821
33	0.01540	0.01628	0.05143	0.07314	0.10222	0.11663	0.21633	0.01921	0.04842	0.06253	0.01154	0.01473	0.00918	0.00693	0.00960	0.00204	0.20784	0.00560	0.00326	0.00771
34	0.07339	0.05370	0.18568	0.06281	0.08995	0.03800	0.07943	0.11677	0.06372	0.09301	0.03338	0.01578	0.01120	0.00629	0.00560	0.00180	0.00688	0.00526	0.04895	0.00840
35	0.02181	0.01533	0.01620	0.01286	0.01723	0.05569	0.01046	0.44689	0.15196	0.16311	0.01731	0.01646	0.01216	0.00725	0.00591	0.00181	0.00614	0.00560	0.00603	0.00977
36	0.01323	0.11831	0.11497	0.12310	0.15370	0.03417	0.11966	0.01682	0.01266	0.01768	0.04699	0.01588	0.01121	0.00640	0.00710	0.00182	0.09251	0.00536	0.08090	0.00753
37	0.00860	0.00584	0.00692	0.00698	0.00721	0.00589	0.00431	0.00906	0.00941	0.01268	0.05941	0.05212	0.02379	0.64149	0.08328	0.00560	0.00628	0.04338	0.00384	0.00393
38	0.00715	0.00537	0.00663	0.00765	0.00842	0.00485	0.00523	0.00830	0.01189	0.01533	0.03975	0.59673	0.22607	0.01760	0.00740	0.00230	0.00332	0.01568	0.00549	0.00485
39	0.00846	0.00629	0.00927	0.00927	0.01025	0.00727	0.00710	0.01041	0.00944	0.01356	0.01605	0.02442	0.01530	0.10158	0.71221	0.00922	0.01507	0.00651	0.00320	0.00515
40	0.01219	0.01020	0.01185	0.00856	0.01358	0.00774	0.00683	0.01482	0.01227	0.01944	0.01105	0.01286	0.00915	0.00453	0.00436	0.00091	0.00428	0.00363	0.05383	0.77792
41	0.12235	0.06090	0.03639	0.01281	0.07123	0.05639	0.02694	0.15415	0.08625	0.05947	0.07157	0.07245	0.01652	0.02112	0.00595	0.00184	0.00557	0.01897	0.05613	0.04302
42	0.01522	0.01382	0.06426	0.01920	0.23573	0.01216	0.04734	0.11292	0.05387	0.06473	0.01350	0.01645	0.01083	0.00592	0.00554	0.00156	0.00608	0.03176	0.00399	0.26509
43	0.09942	0.09575	0.09493	0.04757	0.14112	0.17781	0.03260	0.09380	0.05647	0.02014	0.02463	0.02658	0.01007	0.00647	0.00611	0.00176	0.04850	0.00487	0.00351	0.00791
44	0.09066	0.04959	0.01566	0.03587	0.18366	0.01171	0.01042	0.10713	0.02975	0.12244	0.02901	0.01702	0.01164	0.00878	0.00844	0.14219	0.00567	0.02219	0.00415	0.09402

[dist]
# distance from previous block
# <min> <max>
1	26

[block]
# block no. 2 follows, 39 sequences, length 29
# corresponding to MSA columns:
# 389-417
name=unknown_C
#
# <colnr> <probs for GDERKNQSTAVLIFYWHMCP>
#	G	D	E	R	K	N	Q	S	T	A	V	L	I	F	Y	W	H	M	C	P
0	0.01487	0.19452	0.17181	0.01211	0.01686	0.09111	0.03515	0.06930	0.01426	0.06546	0.04379	0.03617	0.04709	0.04964	0.00672	0.00187	0.00669	0.03351	0.01678	0.07231
1	0.01297	0.04020	0.03345	0.03688	0.04724	0.01122	0.07045	0.17681	0.04396	0.02224	0.09576	0.06835	0.13684	0.03278	0.06210	0.00254	0.00621	0.04467	0.02263	0.03269
2	0.17006	0.01116	0.01492	0.28487	0.07439	0.01281	0.01188	0.06747	0.03316	0.07723	0.01255	0.01694	0.01008	0.03708	0.03111	0.00230	0.06266	0.02301	0.00369	0.04263
3	0.05411	0.01647	0.04805	0.01789	0.02281	0.09255	0.33410	0.17032	0.03903	0.02285	0.01321	0.04359	0.01048	0.00621	0.00613	0.00182	0.00806	0.00615	0.02944	0.05674
4	0.12671	0.01198	0.01424	0.11475	0.12146	0.05932	0.02496	0.11525	0.01503	0.02171	0.09937	0.02317	0.08712	0.04404	0.00683	0.00195	0.00582	0.02058	0.00420	0.08153
5	0.01555	0.73895	0.02964	0.01002	0.01509	0.02228	0.00989	0.01750	0.01203	0.01430	0.00839	0.00969	0.00767	0.00501	0.00384	0.00124	0.00618	0.00319	0.00260	0.06693
6	0.74793	0.01108	0.00884	0.00783	0.01144	0.01264	0.00643	0.01789	0.01058	0.06977	0.00964	0.01081	0.00730	0.00566	0.00382	0.00181	0.00452	0.00347	0.04194	0.00658
7	0.01383	0.01435	0.02798	0.08694	0.33049	0.01409	0.35132	0.01803	0.01358	0.01875	0.01234	0.01759	0.01013	0.00566	0.00648	0.00193	0.00840	0.03674	0.00304	0.00833
8	0.00851	0.00636	0.00951	0.00959	0.01066	0.00736	0.00752	0.01066	0.00975	0.01396	0.01676	0.02581	0.01593	0.04269	0.72364	0.00910	0.01522	0.04838	0.00330	0.00529
9	0.01215	0.08591	0.70871	0.01637	0.02484	0.01443	0.02100	0.01865	0.01245	0.01838	0.01044	0.01227	0.00750	0.00558	0.00549	0.00183	0.00857	0.00428	0.00250	0.00866
10	0.00982	0.00734	0.01009	0.01117	0.07187	0.00732	0.00758	0.01163	0.01279	0.05183	0.15527	0.34370	0.07600	0.03444	0.00869	0.00226	0.06898	0.06276	0.00516	0.04130
11	0.00819	0.00556	0.00657	0.00698	0.00708	0.00546	0.00415	0.00849	0.00941	0.01254	0.02277	0.26102	0.02672	0.56272	0.02341	0.00475	0.00505	0.01104	0.00415	0.00395
12	0.02133	0.01275	0.01440	0.01177	0.01587	0.03627	0.00947	0.15444	0.28661	0.33830	0.02155	0.01950	0.01487	0.00750	0.00595	0.00188	0.00534	0.00604	0.00646	0.00970
13	0.01316	0.04658	0.09221	0.01578	0.13028	0.03456	0.04366	0.04583	0.02454	0.07460	0.13213	0.14016	0.02245	0.03037	0.00855	0.00211	0.09753	0.03387	0.00440	0.00724
14	0.03001	0.00709	0.00891	0.00820	0.01025	0.00656	0.00627	0.01491	0.03803	0.17001	0.34535	0.11938	0.11690	0.03750	0.00747	0.00208	0.00363	0.03672	0.02433	0.00640
15	0.01653	0.16367	0.26878	0.01485	0.02028	0.28181	0.03762	0.02158	0.08898	0.01699	0.01109	0.01240	0.00868	0.00591	0.00528	0.00166	0.00861	0.00428	0.00307	0.00791
16	0.01516	0.17870	0.15223	0.08282	0.17874	0.05305	0.07969	0.09345	0.04259	0.01935	0.01104	0.01339	0.00877	0.00587	0.00607	0.00175	0.04099	0.00482	0.00317	0.00836
17	0.01342	0.06721	0.01273	0.01034	0.01310	0.03626	0.00819	0.07251	0.28173	0.05664	0.17561	0.09511	0.07074	0.01029	0.00634	0.00196	0.00459	0.04992	0.00571	0.00757
18	0.00771	0.00597	0.00697	0.00691	0.00846	0.00530	0.00513	0.00970	0.01455	0.01908	0.34776	0.10284	0.36571	0.03841	0.00778	0.00211	0.00309	0.03145	0.00586	0.00520
19	0.01541	0.01162	0.01845	0.23775	0.25950	0.01224	0.04113	0.01990	0.07948	0.15755	0.02746	0.01941	0.01255	0.03582	0.00693	0.00204	0.00664	0.02377	0.00410	0.00827
20	0.01359	0.15113	0.26010	0.01792	0.05035	0.03546	0.22243	0.01850	0.03677	0.01787	0.01157	0.01483	0.00921	0.00603	0.00671	0.00185	0.06411	0.01971	0.03390	0.00797
21	0.12232	0.02245	0.30351	0.05904	0.08188	0.13805	0.13729	0.01941	0.02836	0.01907	0.01060	0.01294	0.00801	0.00561	0.00559	0.00183	0.00845	0.00473	0.00294	0.00794
22	0.00767	0.00591	0.00690	0.00743	0.00857	0.00544	0.00524	0.00955	0.04059	0.01608	0.08396	0.35693	0.30319	0.08140	0.00916	0.00249	0.00354	0.03551	0.00541	0.00501
23	0.09977	0.01282	0.02006	0.11828	0.33895	0.01345	0.08381	0.06106	0.03737	0.06703	0.02766	0.01582	0.01065	0.00601	0.00605	0.00183	0.02651	0.00543	0.03909	0.00834
24	0.01506	0.20225	0.19306	0.08559	0.11053	0.13658	0.05585	0.04070	0.01353	0.01696	0.01129	0.01356	0.02869	0.00606	0.00603	0.00171	0.04723	0.00463	0.00288	0.00783
25	0.00762	0.00549	0.00710	0.00793	0.00860	0.00512	0.00549	0.00902	0.01243	0.01670	0.17370	0.51310	0.08681	0.07045	0.00899	0.00251	0.00352	0.04497	0.00556	0.00491
26	0.00847	0.00647	0.00789	0.00828	0.00983	0.00610	0.00659	0.01113	0.04206	0.01816	0.17942	0.10001	0.28038	0.04415	0.00825	0.00238	0.00396	0.24549	0.00562	0.00536
27	0.03577	0.03190	0.03658	0.04774	0.04985	0.06783	0.00963	0.08528	0.17998	0.10318	0.02273	0.21284	0.03547	0.01045	0.00632	0.00202	0.00545	0.04416	0.00520	0.00762
28	0.01722	0.10262	0.12405	0.10255	0.10305	0.22959	0.02768	0.08836	0.06169	0.04629	0.01159	0.01339	0.00901	0.00618	0.00594	0.00173	0.03292	0.00465	0.00346	0.00803

[dist]
# distance from previous block
# <min> <max>
0	7

[block]
# block no. 3 follows, 39 sequences, length 17
# corresponding to MSA columns:
# 425-441
name=unknown_D
#
# <colnr> <probs for GDERKNQSTAVLIFYWHMCP>
#	G	D	E	R	K	N	Q	S	T	A	V	L	I	F	Y	W	H	M	C	P
0	0.16178	0.09528	0.15302	0.01216	0.03880	0.04229	0.01117	0.10295	0.08444	0.04445	0.08958	0.01926	0.02750	0.00720	0.00535	0.00176	0.00590	0.03519	0.00427	0.05763
1	0.03866	0.01145	0.01414	0.07091	0.01662	0.07393	0.08309	0.08711	0.09592	0.06065	0.08201	0.18163	0.06979	0.01226	0.04970	0.00243	0.02907	0.00883	0.00482	0.00695
2	0.01503	0.04814	0.01723	0.04122	0.05811	0.16839	0.08089	0.08827	0.01458	0.01879	0.03806	0.01793	0.02972	0.01056	0.07907	0.00244	0.08662	0.02613	0.04148	0.11735
3	0.09756	0.01344	0.03672	0.07060	0.01712	0.02816	0.00998	0.27430	0.19721	0.02718	0.01986	0.02100	0.06873	0.00786	0.00572	0.00187	0.00556	0.02679	0.06202	0.00832
4	0.01305	0.25636	0.51351	0.01452	0.02202	0.01635	0.01775	0.01826	0.01234	0.01733	0.00990	0.01159	0.00757	0.00540	0.00503	0.00165	0.00784	0.00398	0.00255	0.04302
5	0.01933	0.01458	0.01560	0.01242	0.01663	0.01604	0.01008	0.48332	0.19141	0.03233	0.01662	0.01644	0.01218	0.00715	0.00573	0.00175	0.00571	0.00555	0.06154	0.05559
6	0.00730	0.00525	0.00695	0.00827	0.00872	0.00490	0.00563	0.00842	0.01151	0.01525	0.03358	0.72820	0.06611	0.01829	0.00755	0.00240	0.00350	0.04783	0.00549	0.00484
7	0.00735	0.00542	0.00690	0.00793	0.00866	0.00498	0.00551	0.00865	0.01214	0.01591	0.08264	0.58430	0.16062	0.01742	0.00745	0.00231	0.00341	0.04793	0.00555	0.00491
8	0.06929	0.01126	0.01390	0.01093	0.01533	0.01085	0.00896	0.11528	0.10552	0.54168	0.02146	0.01905	0.01403	0.00728	0.00583	0.00184	0.00515	0.00581	0.00679	0.00978
9	0.79847	0.01121	0.00866	0.00776	0.01132	0.01294	0.00637	0.01712	0.01035	0.02641	0.04019	0.01109	0.00853	0.00577	0.00380	0.00183	0.00450	0.00352	0.00378	0.00637
10	0.06974	0.01231	0.01454	0.01127	0.01570	0.01233	0.00929	0.28598	0.02031	0.42055	0.01896	0.01746	0.01252	0.00712	0.00572	0.00179	0.00544	0.00555	0.04377	0.00965
11	0.00814	0.00586	0.00789	0.00914	0.00999	0.00561	0.00702	0.00990	0.01248	0.01642	0.05576	0.45276	0.06874	0.01732	0.00775	0.00249	0.00417	0.28798	0.00550	0.00509
12	0.02354	0.01176	0.01432	0.01123	0.01556	0.01161	0.00919	0.20540	0.09734	0.46586	0.02094	0.01894	0.01388	0.00732	0.00586	0.00181	0.00526	0.00585	0.04456	0.00978
13	0.01059	0.00877	0.01356	0.10987	0.19349	0.00901	0.01178	0.01340	0.01308	0.01740	0.02509	0.13396	0.05070	0.01263	0.00722	0.00234	0.00579	0.35039	0.00450	0.00643
14	0.05345	0.00993	0.01320	0.01022	0.01465	0.00868	0.00842	0.02750	0.01653	0.70034	0.02447	0.02144	0.04791	0.00760	0.00592	0.00184	0.00492	0.00615	0.00711	0.00971
15	0.00745	0.00532	0.00714	0.00852	0.00897	0.00502	0.00592	0.00866	0.01156	0.01537	0.03246	0.71200	0.03858	0.01830	0.00761	0.00244	0.00364	0.09069	0.00548	0.00487
16	0.01184	0.00678	0.00805	0.00719	0.00904	0.00682	0.05065	0.05405	0.01335	0.02269	0.01855	0.02123	0.01448	0.00678	0.00441	0.00144	0.00342	0.00559	0.72770	0.00592

[dist]
# distance from previous block
# <min> <max>
1	4

[block]
# block no. 4 follows, 39 sequences, length 9
# corresponding to MSA columns:
# 447-455
name=unknown_E
#
# <colnr> <probs for GDERKNQSTAVLIFYWHMCP>
#	G	D	E	R	K	N	Q	S	T	A	V	L	I	F	Y	W	H	M	C	P
0	0.00717	0.00600	0.00624	0.00618	0.00810	0.00507	0.00463	0.00883	0.01390	0.01697	0.14879	0.05528	0.66337	0.01461	0.00699	0.00198	0.00297	0.01225	0.00562	0.00507
1	0.01849	0.01456	0.01574	0.01340	0.01553	0.15616	0.01081	0.05295	0.01373	0.22522	0.01427	0.05604	0.01166	0.01004	0.03512	0.00234	0.31622	0.00579	0.00433	0.00759
2	0.01277	0.01165	0.01880	0.58376	0.16024	0.01376	0.01626	0.07980	0.01353	0.01780	0.01094	0.01543	0.00833	0.00591	0.00590	0.00192	0.00761	0.00526	0.00297	0.00736
3	0.00863	0.00698	0.00917	0.06684	0.01224	0.00721	0.00752	0.01070	0.01322	0.01738	0.17005	0.17713	0.23343	0.01423	0.00834	0.00224	0.07322	0.15086	0.00520	0.00541
4	0.04161	0.08997	0.17496	0.03673	0.06102	0.15448	0.13632	0.06522	0.06270	0.01998	0.01389	0.01877	0.01166	0.00735	0.00655	0.00203	0.02568	0.05896	0.00376	0.00836
5	0.01372	0.01193	0.02005	0.30445	0.36298	0.01271	0.03807	0.01719	0.01308	0.07347	0.01442	0.03928	0.03997	0.00642	0.00601	0.00188	0.00702	0.00599	0.00333	0.00804
6	0.05159	0.09763	0.33940	0.01471	0.02067	0.15578	0.04062	0.05887	0.09205	0.03710	0.01314	0.01419	0.02650	0.00622	0.00545	0.00176	0.00796	0.00472	0.00341	0.00823
7	0.01424	0.01023	0.01465	0.01527	0.13585	0.02679	0.06591	0.04633	0.06964	0.14524	0.10364	0.22087	0.02403	0.01036	0.00694	0.00200	0.03254	0.00921	0.03880	0.00747
8	0.01458	0.01513	0.10627	0.01570	0.10339	0.07825	0.10002	0.06208	0.01491	0.07666	0.10870	0.01907	0.03419	0.00738	0.02229	0.00176	0.00665	0.00578	0.00408	0.20312

[dist]
# distance from previous block
# <min> <max>
0	2

[block]
# block no. 5 follows, 39 sequences, length 65
# corresponding to MSA columns:
# 463-473,478-509,511-529,532-534
name=unknown_F
#
# <colnr> <probs for GDERKNQSTAVLIFYWHMCP>
#	G	D	E	R	K	N	Q	S	T	A	V	L	I	F	Y	W	H	M	C	P
0	0.06172	0.05727	0.19191	0.09739	0.02286	0.03149	0.17985	0.05504	0.03981	0.02001	0.07579	0.04293	0.01388	0.00681	0.00630	0.00187	0.03083	0.00608	0.03861	0.01956
1	0.01490	0.01790	0.16553	0.10594	0.33270	0.08749	0.03849	0.01953	0.05225	0.05684	0.02466	0.01513	0.01014	0.00598	0.00618	0.00183	0.02748	0.00520	0.00327	0.00855
2	0.00851	0.00644	0.00805	0.00873	0.01003	0.00623	0.00673	0.01148	0.06698	0.01778	0.12639	0.29526	0.17614	0.01565	0.00743	0.00232	0.00393	0.21082	0.00564	0.00545
3	0.01759	0.01881	0.01860	0.05979	0.21312	0.29270	0.01338	0.10611	0.01574	0.01881	0.03527	0.01409	0.01016	0.00750	0.02171	0.00195	0.11857	0.00493	0.00340	0.00777
4	0.06986	0.01485	0.01611	0.01240	0.01707	0.01586	0.01021	0.52465	0.04520	0.11335	0.01477	0.01462	0.01045	0.00679	0.00564	0.00170	0.00597	0.00513	0.00570	0.08968
5	0.01117	0.01051	0.01774	0.77795	0.04073	0.01314	0.01642	0.01511	0.01182	0.01511	0.01051	0.01577	0.00788	0.00591	0.00591	0.00197	0.00788	0.00526	0.00263	0.00657
6	0.00728	0.00599	0.00642	0.00646	0.00828	0.00513	0.00486	0.00899	0.01386	0.01711	0.15780	0.08707	0.59706	0.01476	0.00705	0.00202	0.00307	0.03606	0.00564	0.00508
7	0.00724	0.00516	0.00685	0.00819	0.00853	0.00483	0.00544	0.00824	0.01126	0.01501	0.03225	0.77002	0.03868	0.03740	0.00810	0.00248	0.00349	0.01661	0.00544	0.00477
8	0.00831	0.00620	0.00774	0.00732	0.00886	0.00571	0.00550	0.01123	0.03367	0.02253	0.62614	0.04564	0.16422	0.01245	0.00695	0.00188	0.00287	0.01088	0.00634	0.00558
9	0.00748	0.00592	0.00672	0.00671	0.00833	0.00517	0.00496	0.00936	0.01436	0.01849	0.29011	0.12743	0.44526	0.01437	0.00704	0.00199	0.00297	0.01232	0.00583	0.00517
10	0.01534	0.01379	0.01939	0.02313	0.33020	0.01477	0.05079	0.08835	0.33237	0.02327	0.01707	0.01789	0.01318	0.00662	0.00599	0.00188	0.00611	0.00598	0.00454	0.00935
11	0.47892	0.01138	0.01113	0.00916	0.01324	0.01204	0.00754	0.07420	0.02603	0.25228	0.01368	0.01350	0.00950	0.00617	0.00460	0.00179	0.00485	0.00427	0.00499	0.04072
12	0.02255	0.01400	0.01571	0.01215	0.01656	0.01483	0.01000	0.49635	0.02377	0.21899	0.01694	0.01635	0.01164	0.00714	0.00578	0.00176	0.00582	0.00550	0.07449	0.00968
13	0.10094	0.10220	0.22220	0.01464	0.05760	0.17852	0.01356	0.09694	0.01510	0.08356	0.01149	0.01274	0.00864	0.00610	0.00555	0.00171	0.02749	0.00434	0.02855	0.00810
14	0.05073	0.61358	0.15234	0.01128	0.01685	0.04045	0.01196	0.01802	0.01213	0.01528	0.00865	0.01003	0.00752	0.00520	0.00413	0.00140	0.00677	0.00338	0.00259	0.00771
15	0.05477	0.01444	0.01437	0.01165	0.01537	0.07499	0.00941	0.43482	0.04627	0.05651	0.01521	0.01602	0.01128	0.00844	0.03595	0.00200	0.00632	0.00525	0.15835	0.00858
16	0.02460	0.01111	0.01456	0.01188	0.04506	0.01019	0.00932	0.11710	0.03058	0.58733	0.02104	0.01879	0.01360	0.00707	0.00586	0.00177	0.00526	0.00573	0.00675	0.05242
17	0.01781	0.01240	0.01452	0.03605	0.01601	0.01367	0.00982	0.33511	0.08827	0.12272	0.01956	0.18091	0.01734	0.00991	0.00748	0.00202	0.07438	0.00797	0.00562	0.00844
18	0.01396	0.01595	0.03490	0.02493	0.03091	0.01496	0.73380	0.01894	0.01396	0.01894	0.01196	0.01595	0.00897	0.00499	0.00698	0.00199	0.00997	0.00698	0.00299	0.00798
19	0.00864	0.00662	0.00988	0.00976	0.01078	0.00786	0.00763	0.01072	0.00948	0.01375	0.01549	0.02279	0.01448	0.04288	0.73629	0.00920	0.04899	0.00629	0.00314	0.00533
20	0.00931	0.00668	0.00925	0.01057	0.01189	0.00663	0.00912	0.01189	0.01347	0.01749	0.03235	0.10920	0.05852	0.01642	0.00809	0.00268	0.00524	0.65036	0.00545	0.00539
21	0.02010	0.07461	0.01685	0.01378	0.01724	0.44422	0.01071	0.08088	0.19348	0.05095	0.01370	0.01403	0.01064	0.00662	0.00547	0.00166	0.00835	0.00467	0.00414	0.00790
22	0.00845	0.00595	0.00771	0.00774	0.00825	0.00629	0.00524	0.00949	0.00967	0.01339	0.07227	0.07223	0.02245	0.41850	0.30006	0.00667	0.00913	0.00834	0.00374	0.00442
23	0.00953	0.00681	0.00953	0.01089	0.01225	0.00681	0.00953	0.01225	0.01361	0.01770	0.03131	0.06671	0.03403	0.01634	0.00817	0.00272	0.00545	0.71547	0.00545	0.00545
24	0.02211	0.02757	0.01681	0.01515	0.01829	0.72872	0.01142	0.06130	0.01734	0.01568	0.00941	0.01085	0.00775	0.00615	0.00536	0.00154	0.01044	0.00389	0.00320	0.00703
25	0.00880	0.00606	0.00753	0.00719	0.00872	0.00553	0.00538	0.01127	0.01561	0.04278	0.52744	0.08331	0.16358	0.01238	0.00677	0.00187	0.00292	0.01079	0.06651	0.00557
26	0.00801	0.00590	0.00647	0.00653	0.00743	0.00549	0.00431	0.00882	0.01102	0.01392	0.05642	0.04752	0.31169	0.42232	0.01916	0.00399	0.00455	0.04760	0.00452	0.00429
27	0.00860	0.00573	0.00645	0.00645	0.00645	0.00573	0.00358	0.00860	0.00860	0.01147	0.01863	0.03870	0.02150	0.79217	0.03010	0.00573	0.00573	0.00860	0.00358	0.00358
28	0.01901	0.01174	0.01350	0.01148	0.01528	0.01252	0.00912	0.03048	0.47978	0.29209	0.02380	0.02136	0.01681	0.00777	0.00599	0.00194	0.00481	0.00642	0.00649	0.00962
29	0.02653	0.01006	0.01372	0.01052	0.01510	0.00869	0.00869	0.02882	0.01693	0.75937	0.02333	0.02013	0.01464	0.00732	0.00595	0.00183	0.00503	0.00595	0.00732	0.01006
30	0.01458	0.01600	0.03363	0.02409	0.02998	0.01520	0.68066	0.07165	0.01498	0.02029	0.01213	0.01582	0.00905	0.00514	0.00690	0.00198	0.00972	0.00686	0.00321	0.00813
31	0.01434	0.01375	0.02347	0.09941	0.69448	0.01397	0.01800	0.01789	0.01333	0.01896	0.01107	0.01473	0.00924	0.00532	0.00586	0.00177	0.00710	0.00527	0.00290	0.00913
32	0.01271	0.01490	0.09678	0.03682	0.13522	0.01279	0.38970	0.01703	0.01348	0.01847	0.01590	0.07425	0.01456	0.00768	0.00687	0.00208	0.00827	0.11138	0.00345	0.00765
33	0.18434	0.02150	0.01569	0.06338	0.01861	0.45275	0.03487	0.06416	0.01566	0.06265	0.01029	0.01173	0.00800	0.00606	0.00516	0.00166	0.00866	0.00410	0.00356	0.00716
34	0.00784	0.00621	0.00708	0.00683	0.00859	0.00554	0.00513	0.01037	0.03575	0.01978	0.37724	0.05007	0.41144	0.01345	0.00696	0.00193	0.00295	0.01150	0.00597	0.00539
35	0.00940	0.00685	0.00840	0.00819	0.00982	0.00654	0.00609	0.02639	0.07935	0.04248	0.35764	0.22449	0.12860	0.01335	0.00695	0.00202	0.00338	0.02975	0.00601	0.02428
36	0.00721	0.00576	0.00647	0.00680	0.00826	0.00501	0.00491	0.00873	0.01325	0.01664	0.13377	0.26431	0.46677	0.01565	0.00715	0.00210	0.00310	0.01351	0.00561	0.00501
37	0.01581	0.79572	0.03099	0.01012	0.01518	0.02340	0.01012	0.01771	0.01202	0.01391	0.00822	0.00949	0.00759	0.00506	0.00379	0.00126	0.00632	0.00316	0.00253	0.00759
38	0.01807	0.00865	0.01103	0.00911	0.01226	0.00799	0.00728	0.06309	0.03515	0.36716	0.25370	0.02871	0.04929	0.00901	0.00611	0.00180	0.00411	0.00758	0.09189	0.00801
39	0.01102	0.00551	0.00551	0.00551	0.00689	0.00551	0.00413	0.01378	0.01240	0.02205	0.01929	0.02205	0.01516	0.00689	0.00413	0.00138	0.00276	0.00551	0.82500	0.00551
40	0.01550	0.00942	0.01120	0.00952	0.01253	0.00922	0.00765	0.16996	0.03693	0.19286	0.21594	0.03591	0.17760	0.01072	0.00658	0.00193	0.00437	0.05834	0.00627	0.00753
41	0.00743	0.00537	0.00709	0.00838	0.00892	0.00502	0.00585	0.00866	0.01169	0.01542	0.03408	0.67047	0.08095	0.01809	0.00758	0.00241	0.00361	0.08862	0.00549	0.00488
42	0.04473	0.66414	0.03071	0.01200	0.01714	0.02192	0.10616	0.01786	0.01220	0.01503	0.00872	0.01035	0.00773	0.00506	0.00421	0.00138	0.00675	0.00367	0.00263	0.00760
43	0.05012	0.01860	0.05926	0.03387	0.15341	0.19868	0.13630	0.15970	0.03888	0.02155	0.01174	0.01407	0.00922	0.00772	0.03922	0.00212	0.02852	0.00517	0.00365	0.00820
44	0.01586	0.43677	0.13771	0.01250	0.01754	0.09270	0.03061	0.03428	0.06818	0.03337	0.01046	0.01174	0.00865	0.00582	0.00537	0.00154	0.04631	0.00399	0.00305	0.02357
45	0.01592	0.01151	0.01290	0.01118	0.01404	0.01237	0.00881	0.40612	0.02054	0.02779	0.02167	0.27429	0.02150	0.01146	0.00649	0.00202	0.00520	0.05410	0.05436	0.00776
46	0.47858	0.01330	0.01160	0.00982	0.01366	0.05392	0.00796	0.16761	0.08365	0.02749	0.03308	0.01295	0.00990	0.00623	0.00457	0.00177	0.00524	0.00424	0.00439	0.05002
47	0.00730	0.00523	0.00679	0.00799	0.00839	0.00488	0.00530	0.00827	0.01123	0.01488	0.03298	0.69529	0.07480	0.07524	0.00918	0.00263	0.00358	0.01598	0.00535	0.00472
48	0.00742	0.00530	0.00710	0.00840	0.00886	0.00498	0.00579	0.00865	0.01171	0.01563	0.06128	0.70548	0.03941	0.01811	0.00757	0.00240	0.00355	0.06795	0.00553	0.00488
49	0.01399	0.01585	0.03432	0.02553	0.06925	0.01491	0.69592	0.01890	0.01393	0.01896	0.01192	0.01588	0.00899	0.00500	0.00692	0.00198	0.00981	0.00689	0.00299	0.00805
50	0.01396	0.01595	0.03490	0.02493	0.03091	0.01496	0.73380	0.01894	0.01396	0.01894	0.01196	0.01595	0.00897	0.00499	0.00698	0.00199	0.00997	0.00698	0.00299	0.00798
51	0.47182	0.01061	0.01064	0.00885	0.01275	0.01106	0.00727	0.02158	0.01312	0.31624	0.05275	0.01556	0.01222	0.00656	0.00474	0.00183	0.00466	0.00468	0.00525	0.00781
52	0.01279	0.00659	0.00690	0.00640	0.00822	0.00664	0.00493	0.06775	0.01380	0.06693	0.01916	0.02136	0.01475	0.00693	0.00437	0.00143	0.00317	0.00552	0.71623	0.00612
53	0.01581	0.79572	0.03099	0.01012	0.01518	0.02340	0.01012	0.01771	0.01202	0.01391	0.00822	0.00949	0.00759	0.00506	0.00379	0.00126	0.00632	0.00316	0.00253	0.00759
54	0.00709	0.00596	0.00617	0.00631	0.00818	0.00504	0.00474	0.00860	0.01334	0.01598	0.05710	0.10529	0.68038	0.01526	0.00707	0.00205	0.00311	0.03783	0.00549	0.00500
55	0.01451	0.01240	0.01314	0.01187	0.01509	0.01428	0.00920	0.04832	0.68733	0.02455	0.02427	0.06242	0.01896	0.00856	0.00610	0.00202	0.00466	0.00719	0.00599	0.00914
56	0.68774	0.05375	0.01101	0.00876	0.01239	0.03368	0.00728	0.06101	0.01138	0.02572	0.00860	0.01004	0.00677	0.00577	0.00448	0.00182	0.03600	0.00342	0.00368	0.00670
57	0.83394	0.01144	0.00869	0.00778	0.01144	0.01327	0.00640	0.01738	0.01006	0.02653	0.00823	0.00961	0.00640	0.00549	0.00366	0.00183	0.00457	0.00320	0.00366	0.00640
58	0.01113	0.01096	0.01321	0.01224	0.03019	0.12442	0.10822	0.01320	0.01347	0.01688	0.12859	0.26551	0.09325	0.05291	0.00852	0.00228	0.02861	0.05592	0.00467	0.00582
59	0.00846	0.00629	0.00930	0.00930	0.01028	0.00728	0.00713	0.01043	0.00944	0.01357	0.01603	0.02429	0.01524	0.09545	0.71826	0.00925	0.01515	0.00649	0.00320	0.00516
60	0.00731	0.00519	0.00683	0.00810	0.00842	0.00487	0.00535	0.00826	0.01112	0.01483	0.03157	0.73318	0.03782	0.07542	0.00921	0.00265	0.00360	0.01621	0.00535	0.00471
61	0.01357	0.01279	0.02142	0.13657	0.56562	0.01332	0.01654	0.01681	0.01275	0.01797	0.01182	0.01738	0.01041	0.06357	0.00810	0.00212	0.03057	0.01732	0.00297	0.00840
62	0.00906	0.00647	0.00764	0.00743	0.00918	0.00589	0.00553	0.01177	0.05236	0.06311	0.29291	0.16467	0.31454	0.01372	0.00696	0.00200	0.00320	0.01186	0.00598	0.00569
63	0.01256	0.06874	0.03081	0.00925	0.01434	0.00954	0.00770	0.01614	0.06093	0.01913	0.01174	0.03008	0.00994	0.00502	0.00454	0.00104	0.00462	0.00401	0.00362	0.67624
64	0.01514	0.07294	0.03012	0.02105	0.02615	0.01621	0.49655	0.12273	0.01531	0.02072	0.01171	0.01509	0.00903	0.00652	0.02201	0.00210	0.07893	0.00628	0.00335	0.00806

[dist]
# distance from previous block
# <min> <max>
0	6

[block]
# block no. 6 follows, 39 sequences, length 17
# corresponding to MSA columns:
# 543-559
name=unknown_G
#
# <colnr> <probs for GDERKNQSTAVLIFYWHMCP>
#	G	D	E	R	K	N	Q	S	T	A	V	L	I	F	Y	W	H	M	C	P
0	0.00994	0.00847	0.01287	0.05166	0.11978	0.00830	0.06626	0.01290	0.05178	0.01710	0.04719	0.31450	0.08369	0.05249	0.00811	0.00232	0.00506	0.08170	0.00465	0.04124
1	0.01622	0.15152	0.04611	0.01181	0.01622	0.03369	0.06707	0.17327	0.05173	0.09848	0.05765	0.04227	0.08383	0.00753	0.00561	0.00164	0.00580	0.00618	0.00468	0.11869
2	0.49361	0.01184	0.01142	0.00940	0.01346	0.01279	0.00775	0.12861	0.01459	0.22615	0.01321	0.01314	0.00918	0.00623	0.00462	0.00182	0.00499	0.00426	0.00499	0.00794
3	0.00764	0.00536	0.00691	0.00797	0.00829	0.00511	0.00527	0.00852	0.01083	0.01442	0.02940	0.58357	0.03491	0.19178	0.01263	0.00316	0.00405	0.05056	0.00506	0.00456
4	0.01013	0.00628	0.00825	0.00891	0.01001	0.00597	0.00638	0.01231	0.05338	0.10580	0.03090	0.60146	0.03461	0.01643	0.00731	0.00233	0.00384	0.06422	0.00574	0.00574
5	0.01355	0.01877	0.17495	0.02337	0.02988	0.01472	0.59658	0.01890	0.01367	0.01890	0.01170	0.01528	0.00869	0.00511	0.00672	0.00197	0.00973	0.00648	0.00290	0.00812
6	0.00845	0.00634	0.00950	0.00950	0.01056	0.00739	0.00739	0.01056	0.00950	0.01373	0.01584	0.02323	0.01478	0.04435	0.76873	0.00950	0.01584	0.00634	0.00317	0.00528
7	0.00721	0.00515	0.00686	0.00823	0.00858	0.00480	0.00549	0.00823	0.01132	0.01510	0.03259	0.78831	0.03911	0.01853	0.00755	0.00240	0.00343	0.01681	0.00549	0.00480
8	0.00721	0.00515	0.00686	0.00823	0.00858	0.00480	0.00549	0.00823	0.01132	0.01510	0.03259	0.78831	0.03911	0.01853	0.00755	0.00240	0.00343	0.01681	0.00549	0.00480
9	0.01068	0.00576	0.00800	0.00789	0.00826	0.00592	0.00540	0.01002	0.06663	0.01225	0.01201	0.01859	0.01124	0.01859	0.02041	0.70394	0.00493	0.00529	0.06087	0.00332
10	0.00956	0.00627	0.00808	0.00763	0.00923	0.00569	0.00571	0.01201	0.01588	0.08059	0.55373	0.12047	0.11728	0.01265	0.00695	0.00193	0.00305	0.01112	0.00637	0.00580
11	0.00852	0.00580	0.00692	0.00698	0.00715	0.00594	0.00423	0.00888	0.00885	0.01196	0.01881	0.06820	0.02124	0.64754	0.13956	0.00616	0.00715	0.00861	0.00360	0.00389
12	0.00721	0.00515	0.00686	0.00823	0.00858	0.00480	0.00549	0.00823	0.01132	0.01510	0.03259	0.78831	0.03911	0.01853	0.00755	0.00240	0.00343	0.01681	0.00549	0.00480
13	0.01224	0.01046	0.01212	0.00900	0.01389	0.00829	0.00713	0.01592	0.07046	0.01953	0.01253	0.04617	0.01079	0.00527	0.00465	0.00103	0.00436	0.00432	0.00379	0.72804
14	0.01583	0.41744	0.22830	0.01243	0.01845	0.01896	0.01333	0.12362	0.01460	0.03809	0.01024	0.01139	0.00816	0.00554	0.00469	0.00150	0.00690	0.00390	0.00318	0.04343
15	0.01543	0.01157	0.01572	0.01234	0.04790	0.00988	0.08495	0.08336	0.01458	0.12973	0.01358	0.03727	0.01070	0.00559	0.00518	0.00130	0.00535	0.00487	0.00427	0.48646
16	0.09258	0.13417	0.20033	0.01387	0.03177	0.03559	0.05603	0.18956	0.02945	0.03625	0.01274	0.03023	0.02362	0.00646	0.00577	0.00173	0.03235	0.00493	0.00382	0.05875

[dist]
# distance from previous block
# <min> <max>
0	1

[block]
# block no. 7 follows, 39 sequences, length 8
# corresponding to MSA columns:
# 561-568
name=unknown_H
#
# <colnr> <probs for GDERKNQSTAVLIFYWHMCP>
#	G	D	E	R	K	N	Q	S	T	A	V	L	I	F	Y	W	H	M	C	P
0	0.01148	0.01080	0.05134	0.13215	0.02017	0.01028	0.16074	0.01592	0.07661	0.04371	0.06591	0.09890	0.10674	0.00966	0.00687	0.00204	0.02605	0.07137	0.07252	0.00673
1	0.01171	0.01106	0.01871	0.66258	0.15188	0.01328	0.01669	0.01558	0.01208	0.01576	0.01061	0.01559	0.00811	0.00581	0.00590	0.00194	0.00775	0.00526	0.00267	0.00700
2	0.01657	0.03777	0.19725	0.06630	0.07995	0.01482	0.07353	0.24352	0.01753	0.06930	0.01280	0.01447	0.00940	0.00633	0.00638	0.00180	0.04423	0.00512	0.03624	0.04668
3	0.01525	0.01514	0.05942	0.02619	0.33995	0.01445	0.20040	0.14616	0.01593	0.02208	0.01283	0.01711	0.01046	0.00780	0.04235	0.00223	0.00813	0.03178	0.00356	0.00877
4	0.00719	0.00522	0.00679	0.00805	0.00853	0.00482	0.00541	0.00826	0.01150	0.01517	0.03486	0.72757	0.09838	0.01823	0.00750	0.00237	0.00339	0.01645	0.00549	0.00482
5	0.01068	0.00803	0.00897	0.00829	0.01014	0.05257	0.00627	0.01400	0.05904	0.07331	0.52980	0.06412	0.10856	0.01162	0.00677	0.00188	0.00357	0.01006	0.00620	0.00611
6	0.00721	0.00515	0.00686	0.00823	0.00858	0.00480	0.00549	0.00823	0.01132	0.01510	0.03259	0.78831	0.03911	0.01853	0.00755	0.00240	0.00343	0.01681	0.00549	0.00480
7	0.01448	0.01044	0.01249	0.00903	0.01418	0.00801	0.00727	0.01706	0.01299	0.13440	0.01251	0.01349	0.00967	0.00484	0.00462	0.00102	0.00448	0.00388	0.00410	0.70103

[dist]
# distance from previous block
# <min> <max>
0	3

[block]
# block no. 8 follows, 39 sequences, length 57
# corresponding to MSA columns:
# 572-582,585-594,601-604,614-626,632-646,661-664
name=unknown_I
#
# <colnr> <probs for GDERKNQSTAVLIFYWHMCP>
#	G	D	E	R	K	N	Q	S	T	A	V	L	I	F	Y	W	H	M	C	P
0	0.04179	0.01087	0.01302	0.03669	0.05022	0.00910	0.00808	0.01692	0.06925	0.04606	0.01197	0.01344	0.00961	0.00490	0.00466	0.00111	0.00468	0.00397	0.00378	0.63988
1	0.01404	0.01117	0.01415	0.10056	0.06350	0.00974	0.00924	0.07201	0.01381	0.07028	0.01170	0.01350	0.00919	0.00502	0.00488	0.00119	0.00516	0.00412	0.00381	0.56290
2	0.04046	0.04568	0.01074	0.03478	0.01202	0.00883	0.00699	0.07049	0.07160	0.07550	0.34260	0.03599	0.17314	0.01057	0.00636	0.00183	0.00388	0.00893	0.00577	0.03385
3	0.01327	0.01360	0.04654	0.06909	0.29659	0.01438	0.08967	0.01631	0.01213	0.01770	0.04534	0.01547	0.01085	0.00705	0.00992	0.00198	0.23684	0.00550	0.00302	0.07473
4	0.00826	0.00604	0.00776	0.00733	0.00877	0.00553	0.00550	0.01095	0.01649	0.02311	0.69841	0.04516	0.10992	0.01231	0.00698	0.00187	0.00281	0.01083	0.00643	0.00553
5	0.08248	0.73182	0.02917	0.00993	0.01487	0.02257	0.00982	0.01768	0.01186	0.01494	0.00822	0.00950	0.00749	0.00509	0.00378	0.00131	0.00618	0.00317	0.00262	0.00749
6	0.00882	0.00686	0.01012	0.00991	0.01085	0.00822	0.00774	0.01081	0.00944	0.01371	0.01526	0.02282	0.01440	0.06211	0.68739	0.00884	0.07794	0.00630	0.00313	0.00533
7	0.01145	0.01080	0.01825	0.71752	0.09896	0.01321	0.01656	0.01536	0.01196	0.01545	0.01056	0.01567	0.00800	0.00586	0.00591	0.00195	0.00781	0.00526	0.00265	0.00680
8	0.02597	0.01019	0.01371	0.01059	0.01511	0.00898	0.00872	0.02894	0.05152	0.72445	0.02337	0.02022	0.01480	0.00735	0.00595	0.00184	0.00502	0.00598	0.00726	0.01003
9	0.02640	0.01028	0.01386	0.01062	0.01520	0.00901	0.00878	0.05224	0.01729	0.73544	0.02303	0.01993	0.01449	0.00731	0.00595	0.00183	0.00508	0.00593	0.00727	0.01006
10	0.01102	0.00551	0.00551	0.00551	0.00689	0.00551	0.00413	0.01378	0.01240	0.02205	0.01929	0.02205	0.01516	0.00689	0.00413	0.00138	0.00276	0.00551	0.82500	0.00551
11	0.00860	0.00573	0.00645	0.00645	0.00645	0.00573	0.00358	0.00860	0.00860	0.01147	0.01863	0.03870	0.02150	0.79217	0.03010	0.00573	0.00573	0.00860	0.00358	0.00358
12	0.01102	0.00551	0.00551	0.00551	0.00689	0.00551	0.00413	0.01378	0.01240	0.02205	0.01929	0.02205	0.01516	0.00689	0.00413	0.00138	0.00276	0.00551	0.82500	0.00551
13	0.01294	0.01294	0.01811	0.01553	0.01553	0.01811	0.01294	0.01423	0.00906	0.01423	0.00776	0.01294	0.00776	0.01035	0.01941	0.00259	0.78134	0.00518	0.00259	0.00647
14	0.01173	0.01128	0.01927	0.62142	0.09383	0.01367	0.05907	0.01551	0.01188	0.01560	0.01045	0.01549	0.00805	0.00612	0.00693	0.00200	0.06279	0.00535	0.00267	0.00686
15	0.01696	0.04587	0.26557	0.01693	0.05950	0.26343	0.07101	0.11371	0.03249	0.01971	0.01239	0.01390	0.02984	0.00621	0.00568	0.00174	0.00877	0.00481	0.00335	0.00814
16	0.00726	0.00519	0.00693	0.00830	0.00867	0.00485	0.00559	0.00833	0.01138	0.01516	0.03256	0.77085	0.03899	0.01847	0.00756	0.00241	0.00348	0.03371	0.00549	0.00482
17	0.00725	0.00597	0.00638	0.00634	0.00817	0.00510	0.00473	0.00898	0.01401	0.01739	0.18805	0.08013	0.59790	0.01456	0.00701	0.00199	0.00297	0.01230	0.00568	0.00510
