[name]
unknown

[dist]
# distance from previous block
# <min> <max>
0	42

[block]
# block no. 0 follows, 44 sequences, length 52
# corresponding to MSA columns:
# 45-96
name=unknown_A
#
# <colnr> <probs for GDERKNQSTAVLIFYWHMCP>
#	G	D	E	R	K	N	Q	S	T	A	V	L	I	F	Y	W	H	M	C	P
0	0.02598	0.01291	0.01304	0.15319	0.06391	0.17749	0.00960	0.05450	0.07542	0.01691	0.03669	0.07300	0.04689	0.03057	0.02008	0.00180	0.02253	0.00573	0.03228	0.12747
1	0.12729	0.04492	0.14878	0.01126	0.04181	0.02663	0.03172	0.10713	0.04789	0.02030	0.09820	0.13547	0.05302	0.00847	0.00543	0.00174	0.00516	0.03154	0.00410	0.04915
2	0.00870	0.00674	0.03053	0.00728	0.00836	0.00625	0.00520	0.03164	0.00941	0.01308	0.01742	0.05646	0.03924	0.44307	0.15516	0.02715	0.00668	0.02768	0.02451	0.07543
3	0.02263	0.03140	0.00962	0.07750	0.01213	0.00812	0.00685	0.02756	0.15764	0.03544	0.08827	0.17522	0.09339	0.06863	0.02739	0.11598	0.00452	0.02785	0.00441	0.00545
4	0.01649	0.01084	0.01272	0.03809	0.04490	0.04876	0.00865	0.15605	0.10487	0.22766	0.13827	0.07886	0.01972	0.00810	0.00610	0.00173	0.03261	0.00667	0.00535	0.03357
5	0.01922	0.04871	0.01499	0.01109	0.01505	0.01359	0.00918	0.42685	0.01995	0.18436	0.01480	0.01610	0.01094	0.02983	0.00636	0.00171	0.03268	0.02688	0.02189	0.07581
6	0.00762	0.00545	0.00691	0.00770	0.00841	0.00519	0.00532	0.04189	0.01121	0.01510	0.02871	0.64425	0.05799	0.04737	0.00755	0.00224	0.00343	0.03786	0.02998	0.02581
7	0.01017	0.04312	0.00895	0.00812	0.02855	0.02967	0.00595	0.01196	0.01320	0.11098	0.25063	0.18684	0.19819	0.03878	0.00697	0.00194	0.00361	0.03160	0.00524	0.00554
8	0.07848	0.04692	0.01375	0.01008	0.01421	0.01088	0.00839	0.19355	0.01728	0.49778	0.04050	0.01686	0.01285	0.00662	0.00527	0.00165	0.00492	0.00519	0.00600	0.00882
9	0.80956	0.01076	0.00839	0.00741	0.01083	0.01244	0.00611	0.04949	0.01002	0.02491	0.00784	0.00905	0.00606	0.00513	0.00347	0.00168	0.00430	0.00304	0.00347	0.00606
10	0.60053	0.01016	0.00940	0.00793	0.01155	0.01097	0.00654	0.01918	0.01117	0.25025	0.01176	0.01176	0.00818	0.00557	0.00401	0.00169	0.00434	0.00371	0.00438	0.00691
11	0.01086	0.00663	0.00802	0.00739	0.00931	0.00624	0.00572	0.05005	0.03338	0.12413	0.29990	0.08908	0.17008	0.01074	0.00601	0.00175	0.00327	0.04560	0.10602	0.00584
12	0.05225	0.00932	0.01250	0.00961	0.01380	0.00816	0.00794	0.02621	0.01539	0.75271	0.02104	0.01823	0.01324	0.00669	0.00541	0.00169	0.00462	0.00540	0.00663	0.00916
13	0.84691	0.01054	0.00801	0.00717	0.01054	0.01223	0.00590	0.01603	0.00928	0.02446	0.00759	0.00886	0.00590	0.00506	0.00337	0.00169	0.00422	0.00295	0.00337	0.00590
14	0.00890	0.00677	0.00827	0.00832	0.00974	0.00690	0.00642	0.01340	0.15417	0.01850	0.27311	0.12589	0.07072	0.08522	0.00853	0.00231	0.00379	0.17825	0.00529	0.00550
15	0.01306	0.00845	0.00959	0.00826	0.01048	0.00875	0.00637	0.18262	0.07826	0.08512	0.23310	0.02613	0.02448	0.09908	0.00794	0.00202	0.00397	0.00686	0.17899	0.00649
16	0.03293	0.00587	0.00727	0.00684	0.00824	0.00561	0.00516	0.01126	0.03827	0.02183	0.65781	0.03731	0.04564	0.01042	0.00608	0.00168	0.00267	0.00911	0.08074	0.00527
17	0.01458	0.81168	0.02857	0.00933	0.01399	0.02157	0.00933	0.01632	0.01108	0.01283	0.00758	0.00875	0.00700	0.00466	0.00350	0.00117	0.00583	0.00292	0.00233	0.00700
18	0.00812	0.00552	0.00703	0.00721	0.00835	0.00506	0.00526	0.00984	0.01285	0.05643	0.30548	0.29242	0.14676	0.04954	0.00759	0.00211	0.00317	0.05691	0.00541	0.00495
19	0.03716	0.00834	0.00965	0.00848	0.01108	0.00834	0.00662	0.04820	0.19602	0.18036	0.21519	0.05484	0.17391	0.00966	0.00591	0.00178	0.00367	0.00814	0.00574	0.00692
20	0.00676	0.00479	0.00629	0.00744	0.00773	0.00451	0.00490	0.00762	0.01021	0.01362	0.02889	0.73572	0.03460	0.08820	0.00883	0.00249	0.00335	0.01482	0.00490	0.00433
21	0.00802	0.00555	0.00663	0.00656	0.00669	0.00582	0.00402	0.00832	0.00805	0.01092	0.01655	0.03309	0.01863	0.68302	0.12884	0.00567	0.02924	0.00756	0.00323	0.00359
22	0.01130	0.00969	0.01130	0.00807	0.01292	0.00727	0.00646	0.01373	0.01130	0.01776	0.00969	0.01130	0.00807	0.00404	0.00404	0.00081	0.00404	0.00323	0.00323	0.84173
23	0.00671	0.00492	0.00632	0.00737	0.00795	0.00453	0.00506	0.00782	0.01091	0.01432	0.05313	0.65818	0.13585	0.01641	0.00689	0.00216	0.00315	0.03872	0.00508	0.00449
24	0.01458	0.81168	0.02857	0.00933	0.01399	0.02157	0.00933	0.01632	0.01108	0.01283	0.00758	0.00875	0.00700	0.00466	0.00350	0.00117	0.00583	0.00292	0.00233	0.00700
25	0.01356	0.01171	0.01233	0.01109	0.01418	0.01356	0.00863	0.02897	0.76455	0.02281	0.02219	0.02034	0.01664	0.00740	0.00555	0.00185	0.00431	0.00616	0.00555	0.00863
26	0.00687	0.00531	0.00622	0.00647	0.00768	0.00471	0.00464	0.00840	0.01252	0.01624	0.23224	0.26276	0.35771	0.03418	0.00713	0.00200	0.00289	0.01212	0.00526	0.00466
27	0.01349	0.01295	0.02213	0.03346	0.77440	0.01295	0.01673	0.01673	0.01241	0.01781	0.01025	0.01349	0.00864	0.00486	0.00540	0.00162	0.00648	0.00486	0.00270	0.00864
28	0.01356	0.01171	0.01233	0.01109	0.01418	0.01356	0.00863	0.02897	0.76455	0.02281	0.02219	0.02034	0.01664	0.00740	0.00555	0.00185	0.00431	0.00616	0.00555	0.00863
29	0.01030	0.00969	0.01635	0.79530	0.03755	0.01211	0.01514	0.01393	0.01090	0.01393	0.00969	0.01453	0.00727	0.00545	0.00545	0.00182	0.00727	0.00484	0.00242	0.00606
30	0.00684	0.00506	0.00713	0.00807	0.00855	0.00472	0.02846	0.00790	0.01051	0.01403	0.02945	0.78018	0.03519	0.01669	0.00694	0.00220	0.00335	0.01522	0.00499	0.00452
31	0.01287	0.01471	0.03217	0.02298	0.02849	0.01379	0.75460	0.01746	0.01287	0.01746	0.01103	0.01471	0.00827	0.00460	0.00643	0.00184	0.00919	0.00643	0.00276	0.00735
32	0.02085	0.01507	0.01623	0.01245	0.01680	0.01660	0.01028	0.73134	0.02529	0.05972	0.01338	0.01328	0.00942	0.00655	0.00545	0.00164	0.00595	0.00493	0.00550	0.00927
33	0.05918	0.01525	0.15386	0.01693	0.11210	0.01192	0.20834	0.09138	0.01350	0.06935	0.01113	0.01303	0.00835	0.00497	0.00524	0.00153	0.00665	0.00472	0.00334	0.18923
34	0.01199	0.03523	0.04730	0.10063	0.06840	0.02650	0.29677	0.01527	0.01190	0.04556	0.06071	0.06398	0.01310	0.00893	0.05770	0.00229	0.09402	0.00640	0.02666	0.00667
35	0.84691	0.01054	0.00801	0.00717	0.01054	0.01223	0.00590	0.01603	0.00928	0.02446	0.00759	0.00886	0.00590	0.00506	0.00337	0.00169	0.00422	0.00295	0.00337	0.00590
36	0.00793	0.00529	0.00595	0.00595	0.00595	0.00529	0.00330	0.00793	0.00793	0.01057	0.01718	0.03568	0.01982	0.80840	0.02775	0.00529	0.00529	0.00793	0.00330	0.00330
37	0.01134	0.00865	0.01210	0.09661	0.06350	0.03059	0.05579	0.08914	0.01246	0.05128	0.08259	0.07278	0.09291	0.03673	0.09607	0.16490	0.00630	0.00691	0.00380	0.00554
38	0.01428	0.01259	0.02051	0.13806	0.55112	0.03618	0.03812	0.01745	0.01261	0.08994	0.01122	0.01405	0.00885	0.00514	0.00543	0.00165	0.00660	0.00492	0.00305	0.00822
39	0.02197	0.01211	0.01426	0.01106	0.01525	0.01236	0.00910	0.34806	0.07819	0.39197	0.01785	0.01629	0.01188	0.00671	0.00547	0.00168	0.00521	0.00528	0.00608	0.00922
40	0.84691	0.01054	0.00801	0.00717	0.01054	0.01223	0.00590	0.01603	0.00928	0.02446	0.00759	0.00886	0.00590	0.00506	0.00337	0.00169	0.00422	0.00295	0.00337	0.00590
41	0.84691	0.01054	0.00801	0.00717	0.01054	0.01223	0.00590	0.01603	0.00928	0.02446	0.00759	0.00886	0.00590	0.00506	0.00337	0.00169	0.00422	0.00295	0.00337	0.00590
42	0.00786	0.00527	0.00605	0.00612	0.00616	0.00529	0.00350	0.00797	0.00808	0.01081	0.01776	0.07476	0.02046	0.74414	0.05002	0.00523	0.00546	0.00825	0.00338	0.00341
43	0.01279	0.01126	0.01714	0.48232	0.16096	0.03666	0.01430	0.06169	0.01231	0.06145	0.01047	0.01416	0.00799	0.00581	0.00638	0.00179	0.06785	0.00484	0.00293	0.00690
44	0.65717	0.01170	0.01003	0.05036	0.03212	0.05772	0.00744	0.04060	0.01029	0.02275	0.00797	0.00965	0.00630	0.00542	0.00455	0.00171	0.05151	0.00330	0.00328	0.00612
45	0.00670	0.00541	0.00597	0.00608	0.00759	0.00467	0.00447	0.00823	0.01266	0.01589	0.18018	0.16732	0.52807	0.01384	0.00652	0.00188	0.00279	0.01183	0.00523	0.00467
46	0.00779	0.00584	0.00876	0.00876	0.00974	0.00681	0.00681	0.00974	0.00876	0.01266	0.01460	0.02142	0.01363	0.04089	0.78680	0.00876	0.01460	0.00584	0.00292	0.00487
47	0.01807	0.01269	0.01877	0.04460	0.29736	0.01281	0.06948	0.21915	0.01678	0.21414	0.01390	0.01479	0.00996	0.00579	0.00552	0.00166	0.00612	0.00515	0.00446	0.00879
48	0.84691	0.01054	0.00801	0.00717	0.01054	0.01223	0.00590	0.01603	0.00928	0.02446	0.00759	0.00886	0.00590	0.00506	0.00337	0.00169	0.00422	0.00295	0.00337	0.00590
49	0.00694	0.00527	0.00640	0.00670	0.00782	0.00472	0.00480	0.00857	0.01274	0.01685	0.28798	0.31254	0.27076	0.01406	0.00662	0.00193	0.00284	0.01235	0.00538	0.00472
50	0.24059	0.00861	0.00920	0.00779	0.01087	0.00826	0.00610	0.03761	0.01189	0.12464	0.06892	0.13448	0.01619	0.02288	0.00515	0.00159	0.00392	0.00605	0.05911	0.21615
51	0.01568	0.01193	0.01334	0.01012	0.01457	0.01151	0.00820	0.28768	0.09820	0.06374	0.01290	0.01331	0.00972	0.00546	0.00479	0.00127	0.00482	0.00428	0.00448	0.40402

[dist]
# distance from previous block
# <min> <max>
0	1

[block]
# block no. 1 follows, 44 sequences, length 23
# corresponding to MSA columns:
# 98-108,111-122
name=unknown_B
#
# <colnr> <probs for GDERKNQSTAVLIFYWHMCP>
#	G	D	E	R	K	N	Q	S	T	A	V	L	I	F	Y	W	H	M	C	P
0	0.01992	0.00831	0.01106	0.00892	0.01238	0.00725	0.00726	0.02194	0.01487	0.57518	0.08602	0.02658	0.10016	0.03181	0.00641	0.00185	0.00430	0.04140	0.00632	0.00806
1	0.01110	0.00682	0.00820	0.00761	0.00964	0.00632	0.00577	0.04558	0.05426	0.16006	0.17264	0.20607	0.26040	0.01205	0.00628	0.00186	0.00339	0.01038	0.00559	0.00596
2	0.68286	0.01037	0.00859	0.00755	0.01087	0.01180	0.00618	0.04521	0.04337	0.06514	0.00982	0.01075	0.00741	0.00539	0.00369	0.00167	0.00421	0.00344	0.05541	0.00628
3	0.02072	0.01527	0.01636	0.01254	0.01691	0.01691	0.01036	0.75622	0.02563	0.03436	0.01309	0.01309	0.00927	0.00654	0.00545	0.00164	0.00600	0.00491	0.00545	0.00927
4	0.01765	0.00784	0.01023	0.00862	0.01130	0.00713	0.00671	0.01951	0.03007	0.45525	0.02203	0.02844	0.03894	0.22650	0.01179	0.00276	0.00479	0.07780	0.00556	0.00708
5	0.01130	0.00969	0.01130	0.00807	0.01292	0.00727	0.00646	0.01373	0.01130	0.01776	0.00969	0.01130	0.00807	0.00404	0.00404	0.00081	0.00404	0.00323	0.00323	0.84173
6	0.08044	0.01455	0.01339	0.01157	0.01469	0.18751	0.04281	0.12377	0.27221	0.05722	0.01739	0.06515	0.03398	0.00728	0.00532	0.00170	0.00586	0.00581	0.03188	0.00747
7	0.02308	0.01003	0.01294	0.01008	0.01420	0.00932	0.00827	0.08935	0.08956	0.64069	0.02085	0.01826	0.01344	0.00679	0.00549	0.00170	0.00472	0.00550	0.00652	0.00921
8	0.05395	0.01007	0.01294	0.00996	0.01417	0.00927	0.00823	0.11688	0.01662	0.65827	0.01995	0.01752	0.01269	0.00666	0.00540	0.00168	0.00479	0.00532	0.00646	0.00915
9	0.01133	0.00623	0.00817	0.00804	0.00951	0.00577	0.00583	0.01330	0.04106	0.19595	0.13563	0.44189	0.03149	0.04974	0.00743	0.00214	0.00357	0.01160	0.00554	0.00579
10	0.00793	0.00529	0.00595	0.00595	0.00595	0.00529	0.00330	0.00793	0.00793	0.01057	0.01718	0.03568	0.01982	0.80840	0.02775	0.00529	0.00529	0.00793	0.00330	0.00330
11	0.00793	0.00529	0.00595	0.00595	0.00595	0.00529	0.00330	0.00793	0.00793	0.01057	0.01718	0.03568	0.01982	0.80840	0.02775	0.00529	0.00529	0.00793	0.00330	0.00330
12	0.01179	0.00678	0.00805	0.00726	0.00923	0.00653	0.00559	0.06008	0.04359	0.13597	0.26998	0.07994	0.08749	0.00933	0.00551	0.00163	0.00321	0.00793	0.23402	0.00606
13	0.01548	0.01148	0.01244	0.01078	0.01404	0.01285	0.00850	0.11234	0.55080	0.11203	0.02081	0.01929	0.01527	0.00717	0.00544	0.00177	0.00445	0.00588	0.05059	0.00859
14	0.00779	0.00584	0.00876	0.00876	0.00974	0.00681	0.00681	0.00974	0.00876	0.01266	0.01460	0.02142	0.01363	0.04089	0.78680	0.00876	0.01460	0.00584	0.00292	0.00487
15	0.01251	0.17541	0.56642	0.01423	0.02115	0.08753	0.01720	0.01751	0.01180	0.01606	0.00924	0.01083	0.00693	0.00512	0.00484	0.00159	0.00781	0.00377	0.00236	0.00769
16	0.18964	0.01181	0.03159	0.00974	0.01293	0.06361	0.00795	0.13848	0.16063	0.11851	0.01651	0.01721	0.04035	0.02462	0.07714	0.00239	0.00587	0.00510	0.05870	0.00725
17	0.02618	0.00737	0.00851	0.00811	0.00987	0.00756	0.00613	0.01520	0.20505	0.05125	0.24352	0.08245	0.12012	0.11128	0.00892	0.00231	0.00375	0.07128	0.00527	0.00588
18	0.01301	0.01237	0.02099	0.06147	0.69830	0.01244	0.01595	0.01622	0.01254	0.01791	0.05734	0.01522	0.01123	0.00527	0.00546	0.00163	0.00627	0.00517	0.00289	0.00832
19	0.01489	0.01351	0.01492	0.04385	0.11149	0.14757	0.03543	0.17288	0.03470	0.04480	0.03437	0.01769	0.03894	0.07444	0.06642	0.03031	0.08783	0.00543	0.00371	0.00682
20	0.00864	0.00623	0.00780	0.00798	0.00895	0.00637	0.00576	0.01123	0.08230	0.04223	0.12357	0.32774	0.07760	0.13613	0.04574	0.00286	0.03653	0.05249	0.00481	0.00505
21	0.08177	0.00660	0.00784	0.00794	0.00915	0.00677	0.02044	0.03965	0.07502	0.01714	0.06371	0.40397	0.02677	0.08804	0.00836	0.01780	0.00375	0.02403	0.08612	0.00513
22	0.09861	0.01325	0.05040	0.09598	0.13689	0.03613	0.08626	0.13349	0.12371	0.03176	0.01256	0.03096	0.00995	0.00632	0.00644	0.00177	0.07886	0.00515	0.02020	0.02132

[dist]
# distance from previous block
# <min> <max>
1	5

[block]
# block no. 2 follows, 44 sequences, length 19
# corresponding to MSA columns:
# 128-146
name=unknown_C
#
# <colnr> <probs for GDERKNQSTAVLIFYWHMCP>
#	G	D	E	R	K	N	Q	S	T	A	V	L	I	F	Y	W	H	M	C	P
0	0.03800	0.02289	0.05943	0.04851	0.01348	0.00976	0.00820	0.18622	0.06072	0.06555	0.23890	0.10763	0.08360	0.00935	0.00584	0.00174	0.00438	0.00789	0.00511	0.02280
1	0.05169	0.06581	0.01479	0.01129	0.03718	0.06472	0.02497	0.26360	0.07028	0.11764	0.01360	0.01491	0.01041	0.05278	0.00626	0.00169	0.00551	0.00471	0.03002	0.13811
2	0.01455	0.06885	0.06063	0.02734	0.04448	0.01181	0.02022	0.16455	0.09308	0.09244	0.03000	0.04820	0.01222	0.04636	0.00670	0.00168	0.03831	0.00520	0.00419	0.20920
3	0.05467	0.05772	0.07046	0.04175	0.10719	0.04137	0.09291	0.08875	0.04080	0.05277	0.05074	0.05413	0.01273	0.01153	0.11253	0.00272	0.09104	0.00569	0.00353	0.00697
4	0.01017	0.02642	0.01167	0.01038	0.01202	0.07078	0.06646	0.03487	0.02869	0.01475	0.03130	0.18105	0.03073	0.03635	0.21716	0.05666	0.04740	0.07305	0.00369	0.03638
5	0.01565	0.04508	0.10463	0.03050	0.03267	0.08608	0.06340	0.12228	0.07670	0.15127	0.02651	0.07951	0.01301	0.00868	0.03455	0.00203	0.07881	0.01691	0.00423	0.00751
6	0.01193	0.00979	0.01122	0.00856	0.01261	0.00840	0.00672	0.09385	0.06206	0.01932	0.03036	0.05395	0.01195	0.05785	0.00604	0.00135	0.00427	0.00468	0.00378	0.58132
7	0.00924	0.00615	0.00782	0.00751	0.00902	0.00582	0.00558	0.01157	0.04060	0.08455	0.28055	0.17416	0.12198	0.06589	0.09934	0.00286	0.00463	0.02248	0.00512	0.03514
8	0.00939	0.00737	0.00917	0.00953	0.06518	0.00734	0.00656	0.04968	0.12187	0.02006	0.36626	0.09380	0.15905	0.01111	0.00678	0.03303	0.00343	0.00923	0.00530	0.00585
9	0.01172	0.05138	0.01734	0.01399	0.01460	0.01586	0.04954	0.01319	0.00876	0.01329	0.00808	0.01280	0.00781	0.01199	0.08878	0.00290	0.64468	0.00486	0.00245	0.00598
10	0.00926	0.00668	0.00901	0.00996	0.01139	0.00672	0.00865	0.04739	0.01318	0.01712	0.02930	0.05873	0.06406	0.01459	0.00738	0.00244	0.00496	0.66894	0.00504	0.00521
11	0.11494	0.00805	0.00919	0.00833	0.01066	0.00822	0.00640	0.01742	0.17385	0.15849	0.23157	0.12775	0.06610	0.02701	0.00623	0.00188	0.00367	0.00820	0.00549	0.00657
12	0.15405	0.01069	0.01267	0.00987	0.01399	0.01048	0.00815	0.17246	0.01663	0.50830	0.01760	0.01591	0.01144	0.00644	0.00514	0.00168	0.00485	0.00497	0.00595	0.00874
13	0.02446	0.00928	0.01265	0.00970	0.01392	0.00801	0.00801	0.02657	0.01560	0.77817	0.02151	0.01856	0.01350	0.00675	0.00548	0.00169	0.00464	0.00548	0.00675	0.00928
14	0.06121	0.01382	0.01505	0.01163	0.01583	0.01496	0.00959	0.58591	0.02288	0.14830	0.01426	0.01394	0.00990	0.00650	0.00531	0.00164	0.00560	0.00491	0.02980	0.00899
15	0.01162	0.00674	0.00802	0.00747	0.00928	0.00645	0.00555	0.03671	0.06903	0.15795	0.11116	0.18674	0.13376	0.09364	0.00810	0.00214	0.00361	0.00910	0.12706	0.00587
16	0.54125	0.01042	0.00995	0.00827	0.01197	0.01117	0.00682	0.06185	0.01220	0.26165	0.01228	0.01214	0.00848	0.00568	0.00416	0.00168	0.00445	0.00386	0.00455	0.00716
17	0.01093	0.02820	0.78016	0.01554	0.02360	0.01266	0.02014	0.01727	0.01151	0.01727	0.00978	0.01151	0.00691	0.00518	0.00518	0.00173	0.00806	0.00403	0.00230	0.00806
18	0.00803	0.00612	0.00749	0.00739	0.00885	0.00587	0.00563	0.01141	0.08352	0.01935	0.42885	0.11670	0.17522	0.01223	0.00651	0.00188	0.00306	0.08102	0.00560	0.00529

[dist]
# distance from previous block
# <min> <max>
0	57

[block]
# block no. 3 follows, 44 sequences, length 7
# corresponding to MSA columns:
# 204-210
name=unknown_D
#
# <colnr> <probs for GDERKNQSTAVLIFYWHMCP>
#	G	D	E	R	K	N	Q	S	T	A	V	L	I	F	Y	W	H	M	C	P
0	0.09072	0.00674	0.00780	0.00714	0.00920	0.00637	0.00549	0.01335	0.03830	0.13784	0.31173	0.08703	0.20193	0.01056	0.00589	0.00176	0.00319	0.00895	0.04021	0.00580
1	0.12898	0.01096	0.01300	0.01009	0.01424	0.01080	0.00834	0.20983	0.01733	0.49332	0.01759	0.01593	0.01145	0.00648	0.00520	0.00167	0.00493	0.00501	0.00599	0.00884
2	0.01092	0.00603	0.00624	0.00597	0.00747	0.00616	0.00452	0.08322	0.01272	0.02121	0.01820	0.07481	0.01508	0.00712	0.00419	0.00137	0.00291	0.00580	0.70062	0.00543
3	0.00719	0.00540	0.00674	0.00752	0.00835	0.00511	0.00530	0.00924	0.05351	0.01537	0.10106	0.54445	0.14671	0.01541	0.00678	0.00211	0.00320	0.04660	0.00517	0.00478
4	0.00708	0.00550	0.00643	0.00630	0.00778	0.00486	0.00469	0.00901	0.01377	0.01816	0.40304	0.09252	0.37587	0.01271	0.00647	0.00180	0.00269	0.01095	0.00552	0.00486
5	0.01070	0.01010	0.01708	0.69877	0.13091	0.01222	0.01534	0.01428	0.01109	0.01442	0.00976	0.01440	0.00744	0.00538	0.00544	0.00179	0.00717	0.00485	0.00246	0.00638
6	0.00772	0.00557	0.00729	0.00686	0.00814	0.00514	0.00514	0.01029	0.01543	0.02186	0.77152	0.04072	0.05144	0.01115	0.00643	0.00171	0.00257	0.00986	0.00600	0.00514

[dist]
# distance from previous block
# <min> <max>
0	8

[block]
# block no. 4 follows, 44 sequences, length 13
# corresponding to MSA columns:
# 219-231
name=unknown_E
#
# <colnr> <probs for GDERKNQSTAVLIFYWHMCP>
#	G	D	E	R	K	N	Q	S	T	A	V	L	I	F	Y	W	H	M	C	P
0	0.06823	0.00975	0.01108	0.00801	0.01276	0.00761	0.00642	0.01388	0.01117	0.01822	0.00955	0.01114	0.00793	0.00411	0.00399	0.00087	0.00405	0.00321	0.00324	0.78479
1	0.01242	0.00857	0.01003	0.00881	0.01114	0.00880	0.00686	0.13701	0.14710	0.09576	0.32628	0.05533	0.07468	0.04180	0.00693	0.00191	0.00385	0.03034	0.00568	0.00670
2	0.01093	0.02820	0.78016	0.01554	0.02360	0.01266	0.02014	0.01727	0.01151	0.01727	0.00978	0.01151	0.00691	0.00518	0.00518	0.00173	0.00806	0.00403	0.00230	0.00806
3	0.00733	0.00551	0.00678	0.00656	0.00793	0.00496	0.00488	0.00950	0.01437	0.01958	0.54538	0.08782	0.23505	0.01217	0.00646	0.00178	0.00265	0.01061	0.00571	0.00496
4	0.01069	0.00626	0.00810	0.00737	0.00924	0.00563	0.00569	0.01299	0.01484	0.16170	0.49458	0.06169	0.13046	0.01097	0.00631	0.00177	0.00309	0.03683	0.00596	0.00582
5	0.01349	0.01295	0.02213	0.03346	0.77440	0.01295	0.01673	0.01673	0.01241	0.01781	0.01025	0.01349	0.00864	0.00486	0.00540	0.00162	0.00648	0.00486	0.00270	0.00864
6	0.01287	0.01471	0.03217	0.02298	0.02849	0.01379	0.75460	0.01746	0.01287	0.01746	0.01103	0.01471	0.00827	0.00460	0.00643	0.00184	0.00919	0.00643	0.00276	0.00735
7	0.01030	0.00969	0.01635	0.79530	0.03755	0.01211	0.01514	0.01393	0.01090	0.01393	0.00969	0.01453	0.00727	0.00545	0.00545	0.00182	0.00727	0.00484	0.00242	0.00606
8	0.01539	0.01075	0.01589	0.29021	0.11305	0.01164	0.03896	0.08039	0.11220	0.20050	0.01532	0.01791	0.01132	0.00639	0.00558	0.00178	0.00603	0.03467	0.00427	0.00774
9	0.01287	0.01471	0.03217	0.02298	0.02849	0.01379	0.75460	0.01746	0.01287	0.01746	0.01103	0.01471	0.00827	0.00460	0.00643	0.00184	0.00919	0.00643	0.00276	0.00735
10	0.01835	0.00920	0.01153	0.00952	0.01287	0.00892	0.00762	0.02406	0.21315	0.43284	0.16653	0.02331	0.02165	0.00777	0.00568	0.00174	0.00415	0.00651	0.00629	0.00831
11	0.07140	0.01171	0.01215	0.01047	0.01326	0.08329	0.03591	0.22943	0.11380	0.05008	0.01823	0.14882	0.03585	0.01022	0.04801	0.00211	0.00566	0.00691	0.08568	0.00702
12	0.06501	0.00918	0.01154	0.04087	0.06067	0.03236	0.03978	0.03077	0.03501	0.09121	0.06023	0.14424	0.07414	0.06303	0.00724	0.00188	0.02159	0.02371	0.00421	0.18334

[dist]
# distance from previous block
# <min> <max>
8	21

[block]
# block no. 5 follows, 44 sequences, length 34
# corresponding to MSA columns:
# 255-275,281-293
name=unknown_F
#
# <colnr> <probs for GDERKNQSTAVLIFYWHMCP>
#	G	D	E	R	K	N	Q	S	T	A	V	L	I	F	Y	W	H	M	C	P
0	0.06157	0.00999	0.01560	0.29233	0.15271	0.01075	0.06236	0.04366	0.01205	0.07623	0.01523	0.05972	0.05882	0.02131	0.05561	0.00225	0.00665	0.00595	0.00339	0.03383
1	0.70723	0.01017	0.00824	0.00754	0.01064	0.01170	0.00607	0.01643	0.07357	0.02346	0.01067	0.07506	0.00929	0.00624	0.00385	0.00174	0.00414	0.00425	0.00370	0.00601
2	0.00687	0.00489	0.00646	0.00750	0.00792	0.00459	0.00507	0.00797	0.01087	0.01461	0.10424	0.67081	0.03668	0.05611	0.00796	0.00232	0.00326	0.03235	0.00507	0.00446
3	0.00780	0.00581	0.00860	0.00860	0.00951	0.00672	0.00661	0.00963	0.00871	0.01253	0.01475	0.02226	0.01399	0.08602	0.74216	0.00856	0.01405	0.00596	0.00294	0.00478
4	0.01091	0.01009	0.01637	0.71344	0.03525	0.01260	0.01473	0.05100	0.01150	0.01491	0.00972	0.01432	0.00736	0.00573	0.00613	0.00184	0.05048	0.00484	0.00257	0.00621
5	0.80507	0.01027	0.00787	0.00706	0.01033	0.01187	0.00580	0.01586	0.00939	0.02425	0.00810	0.00943	0.00631	0.00513	0.00340	0.00167	0.00413	0.00306	0.04514	0.00586
6	0.00785	0.00559	0.00751	0.00751	0.00805	0.00613	0.00525	0.00893	0.00839	0.01173	0.01575	0.02777	0.01639	0.38287	0.44858	0.00721	0.01045	0.00677	0.00309	0.00417
7	0.26623	0.00812	0.00953	0.03959	0.09995	0.00873	0.00706	0.02228	0.03723	0.01725	0.01508	0.13287	0.04732	0.03400	0.00948	0.20294	0.00451	0.00626	0.02641	0.00515
8	0.01830	0.01380	0.01485	0.01181	0.01567	0.01531	0.00961	0.55666	0.16604	0.03114	0.07639	0.01672	0.01410	0.00708	0.00555	0.00168	0.00540	0.00555	0.00552	0.00881
9	0.01344	0.01158	0.01224	0.01107	0.01410	0.01338	0.00863	0.02853	0.74585	0.02264	0.02236	0.02136	0.01701	0.00759	0.00560	0.00187	0.00433	0.02435	0.00553	0.00854
10	0.00738	0.00544	0.00691	0.00680	0.00801	0.00496	0.00500	0.00954	0.01426	0.01969	0.56221	0.16279	0.14191	0.01242	0.00652	0.00181	0.00269	0.01096	0.00573	0.00496
11	0.00828	0.00533	0.00697	0.00757	0.00843	0.00493	0.00539	0.00936	0.01126	0.06560	0.08792	0.48633	0.10927	0.03730	0.00830	0.05567	0.00348	0.06889	0.00502	0.00471
12	0.01030	0.00969	0.01635	0.79530	0.03755	0.01211	0.01514	0.01393	0.01090	0.01393	0.00969	0.01453	0.00727	0.00545	0.00545	0.00182	0.00727	0.00484	0.00242	0.00606
13	0.01215	0.28892	0.53005	0.01347	0.02040	0.01563	0.01654	0.01695	0.01137	0.01579	0.00905	0.01059	0.00694	0.00501	0.00462	0.00154	0.00732	0.00366	0.00231	0.00770
14	0.00793	0.00585	0.00660	0.00662	0.00830	0.00519	0.00498	0.00991	0.03662	0.05742	0.11925	0.16809	0.48016	0.01353	0.00650	0.00191	0.00307	0.04778	0.00526	0.00503
15	0.01130	0.00969	0.01130	0.00807	0.01292	0.00727	0.00646	0.01373	0.01130	0.01776	0.00969	0.01130	0.00807	0.00404	0.00404	0.00081	0.00404	0.00323	0.00323	0.84173
16	0.00792	0.00532	0.00610	0.00610	0.00615	0.00537	0.00350	0.00803	0.00797	0.01068	0.01704	0.03490	0.01948	0.76642	0.06927	0.00548	0.00580	0.00781	0.00328	0.00339
17	0.09089	0.01398	0.01500	0.01163	0.01580	0.01528	0.00959	0.59914	0.02295	0.10469	0.03778	0.01414	0.01075	0.00659	0.00531	0.00165	0.00561	0.00496	0.00542	0.00885
18	0.00815	0.00528	0.00658	0.00705	0.00770	0.00493	0.00468	0.00900	0.01041	0.06200	0.05196	0.44582	0.09946	0.23623	0.01259	0.00298	0.00379	0.01220	0.00471	0.00446
19	0.00683	0.00546	0.00611	0.00610	0.00764	0.00474	0.00452	0.00851	0.01310	0.01670	0.25842	0.12111	0.49485	0.01336	0.00649	0.00184	0.00275	0.01142	0.00533	0.00474
20	0.01273	0.01570	0.08714	0.02243	0.02813	0.01370	0.70062	0.01745	0.01277	0.01745	0.01094	0.01447	0.00817	0.00464	0.00634	0.00183	0.00911	0.00626	0.00272	0.00740
21	0.00787	0.00537	0.00646	0.00668	0.00690	0.00542	0.00423	0.00834	0.00862	0.01153	0.01910	0.10519	0.02172	0.60508	0.08885	0.00507	0.00587	0.07045	0.00357	0.00368
22	0.01167	0.00991	0.01150	0.00825	0.01307	0.00764	0.00661	0.04258	0.01186	0.01841	0.00982	0.01137	0.00812	0.00413	0.00409	0.00084	0.00411	0.00330	0.00332	0.80939
23	0.00696	0.00503	0.00662	0.00757	0.00819	0.00469	0.00532	0.00829	0.01143	0.01528	0.13621	0.59143	0.08130	0.01588	0.00690	0.00215	0.00321	0.07377	0.00519	0.00459
24	0.00932	0.00474	0.00706	0.00713	0.00715	0.00472	0.00475	0.00713	0.00728	0.00971	0.01058	0.05907	0.01090	0.01884	0.02053	0.79615	0.00465	0.00532	0.00251	0.00248
25	0.01093	0.02820	0.78016	0.01554	0.02360	0.01266	0.02014	0.01727	0.01151	0.01727	0.00978	0.01151	0.00691	0.00518	0.00518	0.00173	0.00806	0.00403	0.00230	0.00806
26	0.02970	0.00699	0.00907	0.00850	0.00980	0.00768	0.00643	0.08281	0.01107	0.04505	0.06460	0.04712	0.04146	0.15813	0.39131	0.03274	0.03202	0.00667	0.00369	0.00518
27	0.00743	0.00526	0.00667	0.00746	0.00786	0.00516	0.00502	0.00869	0.03174	0.01338	0.02561	0.47504	0.02983	0.24637	0.03222	0.00328	0.00426	0.07593	0.00451	0.00429
28	0.01304	0.01248	0.02107	0.03168	0.72553	0.01242	0.01593	0.01616	0.01241	0.01761	0.01312	0.01598	0.05728	0.00543	0.00546	0.00163	0.00624	0.00528	0.00285	0.00838
29	0.01392	0.03977	0.02448	0.03992	0.15133	0.06006	0.03906	0.08909	0.07954	0.11062	0.05737	0.14707	0.01787	0.00990	0.03642	0.00208	0.02287	0.04707	0.00438	0.00716
30	0.01175	0.01105	0.06359	0.01242	0.01536	0.02421	0.17311	0.07036	0.10786	0.04356	0.07490	0.18889	0.01955	0.02786	0.00693	0.00192	0.03886	0.00809	0.09316	0.00655
31	0.00892	0.00498	0.00727	0.00729	0.00753	0.00509	0.00500	0.00775	0.00802	0.01091	0.05648	0.05055	0.01418	0.06488	0.13470	0.58874	0.00605	0.00580	0.00282	0.00304
32	0.01565	0.01239	0.04749	0.12900	0.08320	0.01273	0.01107	0.26087	0.12914	0.09333	0.01520	0.01824	0.01183	0.00820	0.03103	0.02323	0.00606	0.05175	0.00451	0.03508
33	0.03629	0.06511	0.03234	0.11796	0.09484	0.03694	0.03837	0.03724	0.02465	0.06415	0.05479	0.07913	0.03310	0.03551	0.03381	0.11068	0.04225	0.00602	0.00347	0.05337

[dist]
# distance from previous block
# <min> <max>
4	6

[block]
# block no. 6 follows, 44 sequences, length 15
# corresponding to MSA columns:
# 305-319
name=unknown_G
#
# <colnr> <probs for GDERKNQSTAVLIFYWHMCP>
#	G	D	E	R	K	N	Q	S	T	A	V	L	I	F	Y	W	H	M	C	P
0	0.01289	0.08698	0.19185	0.03249	0.01715	0.04405	0.06235	0.06845	0.06208	0.05483	0.10605	0.03121	0.01469	0.00668	0.00615	0.00162	0.06308	0.01518	0.00368	0.11852
1	0.00981	0.00680	0.00885	0.00804	0.00990	0.00636	0.04236	0.06046	0.01340	0.05405	0.20304	0.24565	0.10264	0.01100	0.00590	0.00174	0.00350	0.00970	0.13480	0.06199
2	0.04864	0.23657	0.07554	0.01078	0.01464	0.08871	0.00958	0.08104	0.22519	0.01857	0.01367	0.03938	0.01126	0.00834	0.05277	0.00197	0.00627	0.00474	0.00375	0.04859
3	0.01516	0.01127	0.01278	0.00962	0.01399	0.01050	0.00779	0.25512	0.03990	0.07580	0.04364	0.01405	0.01101	0.00548	0.00474	0.00122	0.00463	0.00433	0.02068	0.43829
4	0.00874	0.00520	0.00681	0.00675	0.00737	0.00493	0.00460	0.00841	0.00978	0.03462	0.13352	0.08100	0.14066	0.13472	0.01628	0.37736	0.00407	0.00779	0.00378	0.00361
5	0.01355	0.01924	0.29588	0.01829	0.02447	0.01343	0.35997	0.09435	0.03530	0.05450	0.01160	0.01374	0.00837	0.00518	0.00582	0.00177	0.00811	0.00537	0.00314	0.00793
6	0.19674	0.01094	0.01165	0.00958	0.01290	0.01174	0.00775	0.27060	0.07566	0.12700	0.18875	0.01984	0.01940	0.00738	0.00524	0.00169	0.00451	0.00580	0.00531	0.00754
7	0.05283	0.01000	0.01291	0.00993	0.01414	0.00916	0.00820	0.10841	0.01651	0.66798	0.02007	0.01760	0.01275	0.00667	0.00541	0.00168	0.00478	0.00533	0.00648	0.00916
8	0.00951	0.00688	0.00807	0.00781	0.00942	0.02393	0.00585	0.01310	0.10548	0.07111	0.34387	0.19937	0.13030	0.01195	0.00637	0.00187	0.00331	0.03056	0.00558	0.00566
9	0.01143	0.00580	0.00603	0.00569	0.00727	0.00582	0.00435	0.05011	0.01235	0.06063	0.01775	0.01988	0.01372	0.00638	0.00398	0.00131	0.00282	0.00509	0.75407	0.00551
10	0.78939	0.01045	0.00834	0.00735	0.01078	0.01194	0.00605	0.01676	0.00972	0.07717	0.00856	0.00953	0.00644	0.00518	0.00352	0.00169	0.00425	0.00313	0.00361	0.00614
11	0.04462	0.00977	0.01265	0.00978	0.01383	0.00893	0.00802	0.10033	0.01617	0.65263	0.02012	0.01841	0.01311	0.03792	0.00629	0.00182	0.00479	0.00545	0.00639	0.00896
12	0.00919	0.00585	0.00713	0.00701	0.00819	0.00545	0.00490	0.01086	0.03294	0.09411	0.19044	0.22409	0.15330	0.20803	0.01167	0.00273	0.00367	0.01047	0.00502	0.00495
13	0.02315	0.01138	0.01395	0.01070	0.01496	0.01113	0.00884	0.28227	0.01912	0.51751	0.01856	0.01664	0.01202	0.00668	0.00547	0.00167	0.00512	0.00528	0.00629	0.00928
14	0.69963	0.00967	0.00789	0.00711	0.01012	0.01099	0.00577	0.01502	0.01036	0.02400	0.14167	0.01445	0.01390	0.00613	0.00391	0.00169	0.00393	0.00416	0.00383	0.00577

[dist]
# distance from previous block
# <min> <max>
0	5

[block]
# block no. 7 follows, 44 sequences, length 23
# corresponding to MSA columns:
# 325-347
name=unknown_H
#
# <colnr> <probs for GDERKNQSTAVLIFYWHMCP>
#	G	D	E	R	K	N	Q	S	T	A	V	L	I	F	Y	W	H	M	C	P
0	0.63129	0.01041	0.00913	0.00787	0.01134	0.01160	0.00645	0.03959	0.04894	0.14343	0.01093	0.01136	0.00793	0.00552	0.00389	0.00168	0.00430	0.00362	0.02407	0.00665
1	0.00855	0.00587	0.00668	0.00637	0.00785	0.00531	0.00456	0.01020	0.02795	0.07289	0.18737	0.06209	0.36201	0.19524	0.01126	0.00260	0.00349	0.00989	0.00499	0.00485
2	0.02372	0.01047	0.01339	0.01027	0.01451	0.00979	0.00848	0.17200	0.01760	0.62992	0.01983	0.01747	0.01265	0.00671	0.00548	0.00168	0.00491	0.00537	0.00649	0.00928
3	0.07749	0.00936	0.01235	0.00954	0.01370	0.00828	0.00788	0.02589	0.01520	0.72957	0.02061	0.01793	0.01301	0.00664	0.00535	0.00169	0.00461	0.00532	0.00653	0.00906
4	0.16278	0.00911	0.01090	0.00885	0.01227	0.00872	0.00707	0.04292	0.04069	0.47918	0.01938	0.04525	0.02835	0.09114	0.00753	0.00209	0.00458	0.00576	0.00564	0.00780
5	0.00920	0.00589	0.00751	0.00726	0.00864	0.00545	0.00532	0.01144	0.03340	0.09475	0.39919	0.21726	0.10519	0.05513	0.00758	0.00204	0.00313	0.01068	0.00562	0.00534
6	0.01356	0.01171	0.01233	0.01109	0.01418	0.01356	0.00863	0.02897	0.76455	0.02281	0.02219	0.02034	0.01664	0.00740	0.00555	0.00185	0.00431	0.00616	0.00555	0.00863
7	0.01405	0.01160	0.01234	0.01103	0.01416	0.01331	0.00860	0.02886	0.73060	0.05705	0.02216	0.02026	0.01650	0.00737	0.00554	0.00184	0.00433	0.00613	0.00560	0.00866
8	0.01130	0.00969	0.01130	0.00807	0.01292	0.00727	0.00646	0.01373	0.01130	0.01776	0.00969	0.01130	0.00807	0.00404	0.00404	0.00081	0.00404	0.00323	0.00323	0.84173
9	0.00681	0.00485	0.00644	0.00765	0.00801	0.00456	0.00519	0.00780	0.01044	0.01390	0.02943	0.73189	0.03511	0.05088	0.00788	0.00236	0.00335	0.05403	0.00498	0.00441
10	0.01458	0.81168	0.02857	0.00933	0.01399	0.02157	0.00933	0.01632	0.01108	0.01283	0.00758	0.00875	0.00700	0.00466	0.00350	0.00117	0.00583	0.00292	0.00233	0.00700
11	0.00837	0.00568	0.00746	0.00702	0.00838	0.00523	0.00526	0.01083	0.01515	0.05381	0.69670	0.08375	0.04893	0.01130	0.00642	0.00174	0.00269	0.01000	0.00598	0.00528
12	0.01966	0.00823	0.01094	0.00878	0.01223	0.00714	0.00710	0.02171	0.01507	0.56825	0.12589	0.04647	0.10702	0.00843	0.00576	0.00172	0.00411	0.00703	0.00641	0.00805
13	0.01349	0.01295	0.02213	0.03346	0.77440	0.01295	0.01673	0.01673	0.01241	0.01781	0.01025	0.01349	0.00864	0.00486	0.00540	0.00162	0.00648	0.00486	0.00270	0.00864
14	0.01356	0.01171	0.01233	0.01109	0.01418	0.01356	0.00863	0.02897	0.76455	0.02281	0.02219	0.02034	0.01664	0.00740	0.00555	0.00185	0.00431	0.00616	0.00555	0.00863
15	0.01034	0.00968	0.01651	0.75199	0.03644	0.01195	0.03478	0.01383	0.01085	0.01390	0.00972	0.01460	0.00736	0.00581	0.00593	0.02577	0.00725	0.00488	0.00243	0.00599
16	0.00644	0.00552	0.00552	0.00552	0.00736	0.00460	0.00414	0.00782	0.01243	0.01473	0.05523	0.05247	0.77218	0.01381	0.00644	0.00184	0.00276	0.01151	0.00506	0.00460
17	0.00876	0.00637	0.00866	0.00976	0.01111	0.00636	0.00847	0.01154	0.03281	0.01638	0.03047	0.05978	0.08112	0.01477	0.00740	0.00245	0.00485	0.66883	0.00504	0.00509
18	0.00664	0.00474	0.00633	0.00759	0.00791	0.00443	0.00506	0.00759	0.01044	0.01392	0.03005	0.80485	0.03606	0.01708	0.00696	0.00221	0.00316	0.01550	0.00506	0.00443
19	0.02320	0.01115	0.05448	0.01042	0.01486	0.00953	0.00900	0.13000	0.01681	0.63128	0.01968	0.01740	0.01254	0.00663	0.00546	0.00168	0.00502	0.00532	0.00632	0.00921
20	0.01328	0.12271	0.25782	0.04391	0.26021	0.03112	0.05684	0.06996	0.01270	0.01766	0.00976	0.01215	0.00774	0.00536	0.00591	0.00166	0.05618	0.00440	0.00270	0.00792
21	0.04668	0.03307	0.01680	0.13709	0.16641	0.01158	0.06927	0.05919	0.09749	0.25866	0.01531	0.01600	0.01087	0.00594	0.00536	0.00169	0.00575	0.00521	0.02952	0.00812
22	0.34157	0.07550	0.08857	0.02507	0.02736	0.08359	0.00937	0.12396	0.04223	0.04100	0.01030	0.02532	0.00819	0.00678	0.02635	0.00184	0.03323	0.00402	0.00356	0.02221

[dist]
# distance from previous block
# <min> <max>
2	9

[block]
# block no. 8 follows, 44 sequences, length 49
# corresponding to MSA columns:
# 357-405
name=unknown_I
#
# <colnr> <probs for GDERKNQSTAVLIFYWHMCP>
#	G	D	E	R	K	N	Q	S	T	A	V	L	I	F	Y	W	H	M	C	P
0	0.39338	0.00893	0.00830	0.02296	0.02599	0.03686	0.00616	0.01335	0.02659	0.02014	0.11425	0.13652	0.08256	0.03518	0.00566	0.00189	0.00409	0.02570	0.00413	0.02734
1	0.05988	0.01695	0.01617	0.12563	0.12700	0.29432	0.03593	0.15345	0.01552	0.01888	0.03178	0.04137	0.01009	0.00689	0.02141	0.00175	0.00763	0.00487	0.00342	0.00704
2	0.00877	0.00670	0.00721	0.00693	0.00871	0.03343	0.00526	0.01098	0.03820	0.06234	0.24462	0.07038	0.39340	0.03430	0.00696	0.00192	0.00332	0.04604	0.00531	0.00520
3	0.04949	0.00777	0.00976	0.07790	0.03421	0.00784	0.00705	0.10213	0.01247	0.04247	0.05600	0.26701	0.05673	0.07870	0.03087	0.05383	0.00470	0.00880	0.00428	0.08798
4	0.01374	0.01149	0.03257	0.08430	0.08113	0.05666	0.00950	0.18559	0.03773	0.06540	0.08219	0.07801	0.06682	0.03426	0.02923	0.00199	0.02394	0.01842	0.00435	0.08270
5	0.01082	0.00653	0.00837	0.00779	0.00963	0.00608	0.00606	0.01365	0.05011	0.14942	0.40101	0.07666	0.10585	0.03324	0.00697	0.00194	0.00340	0.09080	0.00579	0.00587
6	0.00805	0.00528	0.00701	0.00789	0.00868	0.00491	0.00565	0.00933	0.01127	0.06306	0.05178	0.60447	0.07234	0.01584	0.00689	0.00218	0.00344	0.10187	0.00519	0.00484
7	0.04810	0.01014	0.01551	0.17558	0.23195	0.01132	0.03118	0.03359	0.03634	0.03608	0.03510	0.10727	0.01347	0.02299	0.04614	0.00225	0.10035	0.00635	0.02957	0.00670
8	0.12603	0.07530	0.28403	0.01422	0.05008	0.06571	0.05927	0.13992	0.04794	0.03455	0.01054	0.01194	0.00791	0.00567	0.00556	0.00168	0.04440	0.00426	0.00328	0.00771
9	0.00711	0.00555	0.00644	0.00622	0.00777	0.00489	0.00467	0.00911	0.01400	0.01845	0.42909	0.04634	0.39600	0.01242	0.00644	0.00178	0.00266	0.01065	0.00555	0.00489
10	0.03249	0.00571	0.00824	0.00815	0.00882	0.00643	0.00608	0.00913	0.00823	0.01206	0.01240	0.01898	0.01171	0.02990	0.43836	0.31440	0.03200	0.00530	0.02759	0.00401
11	0.01175	0.01071	0.01618	0.33114	0.23582	0.03705	0.01321	0.06207	0.01214	0.01614	0.01258	0.08651	0.01150	0.02346	0.02702	0.02597	0.03024	0.02683	0.00305	0.00663
12	0.01334	0.06542	0.34967	0.01527	0.03381	0.02705	0.13972	0.09123	0.10955	0.04816	0.04483	0.01469	0.01080	0.00578	0.00543	0.00171	0.00708	0.00504	0.00344	0.00797
13	0.05932	0.02859	0.07414	0.19466	0.20863	0.07484	0.13072	0.07093	0.01279	0.01757	0.01014	0.01367	0.00813	0.02808	0.00660	0.00183	0.04442	0.00488	0.00286	0.00722
14	0.84691	0.01054	0.00801	0.00717	0.01054	0.01223	0.00590	0.01603	0.00928	0.02446	0.00759	0.00886	0.00590	0.00506	0.00337	0.00169	0.00422	0.00295	0.00337	0.00590
15	0.00765	0.00545	0.00651	0.00682	0.00787	0.00499	0.00486	0.00892	0.01153	0.03689	0.12536	0.24751	0.26489	0.16119	0.01058	0.00261	0.00356	0.07335	0.00490	0.00455
16	0.01329	0.01127	0.01702	0.31359	0.07445	0.01254	0.09127	0.16218	0.05027	0.04360	0.01274	0.02989	0.01032	0.03360	0.02507	0.00206	0.02974	0.02802	0.00356	0.03552
17	0.82306	0.01051	0.00815	0.00724	0.01064	0.01211	0.00597	0.01633	0.00946	0.04632	0.00799	0.00914	0.00612	0.00511	0.00343	0.00169	0.00423	0.00303	0.00347	0.00600
18	0.00670	0.00481	0.00630	0.00744	0.00783	0.00448	0.00497	0.00768	0.01055	0.01403	0.04828	0.73073	0.06576	0.04295	0.00761	0.00229	0.00320	0.01495	0.00503	0.00442
19	0.00792	0.00532	0.00611	0.00611	0.00617	0.00537	0.00351	0.00803	0.00798	0.01069	0.01703	0.03485	0.01946	0.76370	0.07196	0.00549	0.00583	0.00781	0.00328	0.00339
20	0.02344	0.01020	0.01314	0.01015	0.01433	0.00948	0.00836	0.12515	0.05265	0.64180	0.02040	0.01790	0.01308	0.00675	0.00548	0.00169	0.00481	0.00544	0.00652	0.00925
21	0.84691	0.01054	0.00801	0.00717	0.01054	0.01223	0.00590	0.01603	0.00928	0.02446	0.00759	0.00886	0.00590	0.00506	0.00337	0.00169	0.00422	0.00295	0.00337	0.00590
22	0.00894	0.00639	0.00735	0.00685	0.00813	0.00623	0.00487	0.08282	0.01339	0.01825	0.29576	0.05337	0.16156	0.24849	0.01257	0.00278	0.00376	0.00897	0.04464	0.00489
23	0.06741	0.00666	0.00748	0.00719	0.00889	0.00655	0.00536	0.01239	0.10666	0.03843	0.30204	0.12988	0.22200	0.04626	0.00708	0.00198	0.00320	0.00981	0.00531	0.00544
24	0.01108	0.00945	0.01107	0.00805	0.01268	0.00713	0.00639	0.01343	0.01126	0.01758	0.01066	0.04912	0.00941	0.00466	0.00418	0.00087	0.00400	0.00381	0.00332	0.80183
25	0.01030	0.00969	0.01635	0.79530	0.03755	0.01211	0.01514	0.01393	0.01090	0.01393	0.00969	0.01453	0.00727	0.00545	0.00545	0.00182	0.00727	0.00484	0.00242	0.00606
26	0.00898	0.00630	0.00799	0.00778	0.00936	0.00604	0.00610	0.01231	0.06984	0.05602	0.45225	0.06501	0.11452	0.01181	0.00654	0.00190	0.00328	0.14278	0.00570	0.00550
27	0.03133	0.00734	0.00897	0.00893	0.01066	0.00751	0.00688	0.01567	0.18350	0.09590	0.13697	0.27746	0.03003	0.01228	0.00642	0.00204	0.00385	0.14268	0.00543	0.00613
28	0.12059	0.00690	0.00864	0.00784	0.00923	0.00704	0.00573	0.05704	0.00993	0.13313	0.01185	0.01673	0.01024	0.05311	0.03806	0.48621	0.00504	0.00482	0.00343	0.00444
29	0.00669	0.00543	0.00564	0.00573	0.00718	0.00470	0.00407	0.00782	0.01159	0.01403	0.04760	0.10126	0.60501	0.13748	0.00979	0.00240	0.00318	0.01122	0.00479	0.00439
30	0.03958	0.01224	0.01298	0.01087	0.01418	0.01368	0.00867	0.33837	0.30908	0.02662	0.01852	0.01976	0.03552	0.05229	0.00670	0.00194	0.00499	0.02486	0.04098	0.00817
31	0.00763	0.00553	0.00688	0.00742	0.00846	0.00516	0.00534	0.00966	0.04416	0.03470	0.14942	0.43998	0.18223	0.01472	0.00671	0.00205	0.00319	0.05657	0.00527	0.00491
32	0.84691	0.01054	0.00801	0.00717	0.01054	0.01223	0.00590	0.01603	0.00928	0.02446	0.00759	0.00886	0.00590	0.00506	0.00337	0.00169	0.00422	0.00295	0.00337	0.00590
33	0.81169	0.01049	0.00821	0.00728	0.01069	0.01205	0.00599	0.01648	0.00955	0.05674	0.00819	0.00927	0.00623	0.00513	0.00346	0.00169	0.00424	0.00306	0.00352	0.00605
34	0.04012	0.00657	0.00797	0.00714	0.00844	0.00633	0.00484	0.01334	0.01009	0.21914	0.01791	0.02945	0.01734	0.52707	0.05805	0.00436	0.00553	0.00700	0.00422	0.00508
35	0.00702	0.00552	0.00625	0.00619	0.00767	0.00486	0.00459	0.00874	0.01310	0.01688	0.28967	0.07489	0.44259	0.05797	0.00769	0.00203	0.00292	0.03141	0.00527	0.00471
36	0.00792	0.00532	0.00613	0.00613	0.00619	0.00538	0.00353	0.00804	0.00798	0.01070	0.01701	0.03476	0.01942	0.75916	0.07644	0.00551	0.00588	0.00779	0.00328	0.00340
37	0.00730	0.00502	0.00613	0.00675	0.00691	0.00486	0.00417	0.00776	0.00916	0.01221	0.02350	0.41350	0.02780	0.41969	0.01754	0.00378	0.00424	0.01165	0.00417	0.00386
38	0.84691	0.01054	0.00801	0.00717	0.01054	0.01223	0.00590	0.01603	0.00928	0.02446	0.00759	0.00886	0.00590	0.00506	0.00337	0.00169	0.00422	0.00295	0.00337	0.00590
39	0.02859	0.00766	0.00954	0.00841	0.01077	0.00733	0.00662	0.04890	0.06871	0.24257	0.24653	0.03351	0.08119	0.08782	0.00819	0.00215	0.00402	0.08523	0.00568	0.00657
40	0.00779	0.00584	0.00876	0.00876	0.00974	0.00681	0.00681	0.00974	0.00876	0.01266	0.01460	0.02142	0.01363	0.04089	0.78680	0.00876	0.01460	0.00584	0.00292	0.00487
41	0.01247	0.34454	0.45158	0.01327	0.01987	0.01630	0.04002	0.01689	0.01138	0.01548	0.00893	0.01050	0.00699	0.00495	0.00454	0.00150	0.00719	0.00366	0.00233	0.00760
42	0.01221	0.03322	0.03823	0.03610	0.34018	0.03390	0.17415	0.01596	0.05857	0.01667	0.01396	0.11182	0.01310	0.06868	0.00748	0.00203	0.00657	0.00670	0.00320	0.00726
43	0.01570	0.01015	0.01176	0.00997	0.01303	0.01067	0.00797	0.16228	0.25009	0.18638	0.18713	0.02487	0.02288	0.00824	0.00576	0.00176	0.00432	0.03791	0.02123	0.00790
44	0.01176	0.01071	0.01741	0.26689	0.31614	0.01162	0.04523	0.03083	0.05509	0.01717	0.03765	0.06520	0.01210	0.00636	0.00572	0.00174	0.01983	0.00584	0.05559	0.00713
