[name]
unknown

[dist]
# distance from previous block
# <min> <max>
0	68

[block]
# block no. 0 follows, 57 sequences, length 43
# corresponding to MSA columns:
# 69-75,127-162
name=unknown_A
#
# <colnr> <probs for GDERKNQSTAVLIFYWHMCP>
#	G	D	E	R	K	N	Q	S	T	A	V	L	I	F	Y	W	H	M	C	P
0	0.00747	0.00545	0.00747	0.00821	0.00950	0.00528	0.00714	0.00955	0.01035	0.01366	0.02268	0.04768	0.02449	0.01176	0.00602	0.00197	0.00411	0.71789	0.00405	0.07525
1	0.01161	0.71755	0.07828	0.07573	0.01380	0.01677	0.00878	0.01346	0.00922	0.01099	0.00657	0.00782	0.00583	0.00396	0.00314	0.00105	0.00507	0.00262	0.00194	0.00581
2	0.01643	0.01230	0.01315	0.01027	0.01375	0.01368	0.00842	0.69473	0.12524	0.02728	0.01188	0.01168	0.00852	0.00553	0.00454	0.00138	0.00480	0.00422	0.00454	0.00764
3	0.01084	0.00945	0.01051	0.01042	0.07723	0.01070	0.00746	0.02198	0.68211	0.01813	0.01960	0.01835	0.07038	0.00636	0.00465	0.00152	0.00364	0.00535	0.00439	0.00693
4	0.00584	0.00428	0.00560	0.00634	0.00692	0.00387	0.00430	0.00673	0.00873	0.01183	0.02358	0.76966	0.02806	0.01330	0.00558	0.00174	0.00269	0.01204	0.00408	0.07480
5	0.01815	0.00771	0.01123	0.00860	0.01193	0.00679	0.07124	0.02011	0.01253	0.66168	0.04756	0.01598	0.01211	0.00558	0.00455	0.00139	0.00398	0.00474	0.06696	0.00720
6	0.00666	0.00491	0.00633	0.00578	0.00710	0.00442	0.00437	0.00879	0.01254	0.01789	0.74413	0.03184	0.03979	0.00878	0.00518	0.00136	0.00224	0.00774	0.00480	0.07535
7	0.01149	0.01185	0.02540	0.01819	0.02269	0.01106	0.73111	0.01514	0.01088	0.08040	0.00988	0.01249	0.00723	0.00397	0.00528	0.00152	0.00733	0.00528	0.00256	0.00624
8	0.01070	0.01222	0.02674	0.01910	0.02368	0.01146	0.79603	0.01451	0.01070	0.01451	0.00917	0.01222	0.00688	0.00382	0.00535	0.00153	0.00764	0.00535	0.00229	0.00611
9	0.00638	0.00471	0.00657	0.00661	0.00729	0.00522	0.00489	0.00763	0.00742	0.01035	0.01543	0.05122	0.07026	0.18612	0.58191	0.00612	0.00961	0.00581	0.00268	0.00377
10	0.00536	0.00459	0.00459	0.00459	0.00612	0.00383	0.00344	0.00650	0.01033	0.01224	0.04590	0.04361	0.81065	0.01148	0.00536	0.00153	0.00230	0.00956	0.00421	0.00383
11	0.01070	0.01222	0.02674	0.01910	0.02368	0.01146	0.79603	0.01451	0.01070	0.01451	0.00917	0.01222	0.00688	0.00382	0.00535	0.00153	0.00764	0.00535	0.00229	0.00611
12	0.01070	0.01222	0.02674	0.01910	0.02368	0.01146	0.79603	0.01451	0.01070	0.01451	0.00917	0.01222	0.00688	0.00382	0.00535	0.00153	0.00764	0.00535	0.00229	0.00611
13	0.01232	0.01182	0.01224	0.06922	0.01415	0.24362	0.10518	0.04315	0.10276	0.09089	0.02912	0.15167	0.02479	0.00715	0.00487	0.00149	0.00551	0.06106	0.00348	0.00551
14	0.00536	0.00459	0.00459	0.00459	0.00612	0.00383	0.00344	0.00650	0.01033	0.01224	0.04590	0.04361	0.81065	0.01148	0.00536	0.00153	0.00230	0.00956	0.00421	0.00383
15	0.00905	0.00860	0.01469	0.67858	0.15989	0.01022	0.03116	0.01203	0.00931	0.01218	0.00816	0.01194	0.00625	0.00443	0.00454	0.00148	0.00597	0.00406	0.00206	0.00541
16	0.01258	0.08230	0.01529	0.23580	0.25030	0.02995	0.02400	0.07081	0.03376	0.15278	0.02803	0.01239	0.00841	0.00478	0.00458	0.00138	0.01928	0.00410	0.00303	0.00644
17	0.01197	0.75463	0.09057	0.00828	0.01236	0.03642	0.00854	0.01374	0.00932	0.01098	0.00647	0.00748	0.00581	0.00393	0.00305	0.00101	0.00508	0.00251	0.00195	0.00588
18	0.02133	0.00628	0.00737	0.00604	0.00836	0.00552	0.00465	0.01129	0.00936	0.08435	0.04063	0.01554	0.01106	0.09293	0.06362	0.00175	0.01774	0.00405	0.24192	0.34620
19	0.06239	0.01142	0.01251	0.01054	0.05337	0.04117	0.00819	0.47045	0.07603	0.17530	0.01248	0.01258	0.00888	0.00548	0.00446	0.00139	0.00471	0.01685	0.00445	0.00735
20	0.01643	0.09189	0.01375	0.02609	0.01407	0.72277	0.00870	0.01766	0.01246	0.02659	0.00717	0.00830	0.00594	0.00462	0.00400	0.00116	0.00776	0.00293	0.00236	0.00535
21	0.00562	0.00457	0.00498	0.00494	0.00630	0.00393	0.00368	0.00700	0.01087	0.01367	0.23339	0.07835	0.58474	0.01106	0.00537	0.00152	0.00227	0.00938	0.00440	0.00393
22	0.01101	0.47363	0.29127	0.01037	0.01516	0.03359	0.06724	0.01392	0.00958	0.01232	0.02076	0.00887	0.00649	0.00413	0.00362	0.00118	0.00570	0.00305	0.00202	0.00609
23	0.01048	0.02389	0.12751	0.02680	0.25450	0.00843	0.04279	0.04596	0.01083	0.10767	0.09048	0.18119	0.02539	0.00701	0.00497	0.00149	0.01490	0.00629	0.00336	0.00604
24	0.00536	0.00457	0.00461	0.00463	0.00613	0.00382	0.00346	0.00650	0.01029	0.01222	0.04538	0.06359	0.79100	0.01154	0.00537	0.00154	0.00230	0.00965	0.00421	0.00382
25	0.00554	0.00401	0.00525	0.00622	0.00659	0.00372	0.00421	0.00638	0.00883	0.01165	0.02646	0.76678	0.08584	0.01397	0.00576	0.00182	0.00263	0.02644	0.00421	0.00370
26	0.01114	0.06957	0.26133	0.01331	0.13341	0.08579	0.01136	0.01807	0.30092	0.01550	0.01170	0.01223	0.00894	0.00502	0.00455	0.00142	0.02204	0.00401	0.00299	0.00672
27	0.00956	0.00741	0.00894	0.00716	0.01041	0.00600	0.00587	0.02885	0.01011	0.05676	0.01333	0.01999	0.03644	0.00579	0.00415	0.00106	0.00356	0.17444	0.00325	0.58691
28	0.00940	0.00805	0.00940	0.00671	0.01074	0.00604	0.00537	0.01141	0.00940	0.01477	0.00805	0.00940	0.00671	0.00336	0.00336	0.00067	0.00336	0.00268	0.00268	0.86845
29	0.00994	0.24248	0.50481	0.01077	0.01638	0.01197	0.01293	0.01378	0.00945	0.01341	0.00763	0.00893	0.00588	0.00407	0.00381	0.00122	0.00579	0.00302	0.00201	0.11172
30	0.44391	0.00942	0.00894	0.00742	0.01039	0.02926	0.00607	0.17752	0.02960	0.16346	0.05035	0.01128	0.00887	0.00504	0.00368	0.00139	0.00389	0.00356	0.01996	0.00600
31	0.01069	0.01217	0.02582	0.01853	0.02296	0.02744	0.75561	0.01440	0.01080	0.01456	0.03410	0.01282	0.00797	0.00401	0.00532	0.00152	0.00748	0.00539	0.00238	0.00604
32	0.01202	0.81790	0.04849	0.00791	0.01188	0.01770	0.00803	0.01359	0.00922	0.01078	0.00636	0.00734	0.00581	0.00389	0.00295	0.00098	0.00490	0.00245	0.00194	0.00584
33	0.00918	0.04916	0.79239	0.01275	0.01936	0.01076	0.01646	0.01433	0.00956	0.01423	0.00807	0.00949	0.00574	0.00429	0.00426	0.00142	0.00664	0.00332	0.00191	0.00667
34	0.75525	0.06851	0.00814	0.00623	0.00915	0.01049	0.00523	0.01391	0.00816	0.07173	0.00707	0.00788	0.00539	0.00427	0.00293	0.00137	0.00362	0.00259	0.00293	0.00516
35	0.00696	0.00504	0.00644	0.00594	0.00714	0.00477	0.00449	0.04838	0.01325	0.01870	0.76974	0.03269	0.04099	0.00907	0.00530	0.00142	0.00228	0.00799	0.00497	0.00445
36	0.00787	0.00394	0.00590	0.00590	0.00590	0.00394	0.00394	0.00590	0.00590	0.00787	0.00787	0.01377	0.00787	0.01574	0.01771	0.86816	0.00394	0.00394	0.00197	0.00197
37	0.01122	0.01077	0.01839	0.02781	0.81248	0.01077	0.01391	0.01391	0.01032	0.01480	0.00852	0.01122	0.00718	0.00404	0.00449	0.00135	0.00538	0.00404	0.00224	0.00718
38	0.00647	0.00485	0.00728	0.00728	0.00809	0.00566	0.00566	0.00809	0.00728	0.01052	0.01214	0.01780	0.01133	0.03398	0.82279	0.00728	0.01214	0.00485	0.00243	0.00405
39	0.00909	0.02344	0.81727	0.01292	0.01961	0.01052	0.01674	0.01435	0.00957	0.01435	0.00813	0.00957	0.00574	0.00431	0.00431	0.00144	0.00670	0.00335	0.00191	0.00670
40	0.00991	0.00991	0.01388	0.01190	0.01190	0.01388	0.00991	0.01091	0.00694	0.01091	0.00595	0.00991	0.00595	0.00793	0.01487	0.00198	0.83246	0.00397	0.00198	0.00496
41	0.00551	0.00399	0.00521	0.00619	0.00654	0.00369	0.00415	0.00632	0.00879	0.01162	0.02647	0.78088	0.08591	0.01400	0.00575	0.00182	0.00261	0.01264	0.00421	0.00369
42	0.00856	0.00805	0.01359	0.82986	0.03121	0.01007	0.01258	0.01158	0.00906	0.01158	0.00805	0.01208	0.00604	0.00453	0.00453	0.00151	0.00604	0.00403	0.00201	0.00503

[dist]
# distance from previous block
# <min> <max>
0	1

[block]
# block no. 1 follows, 57 sequences, length 14
# corresponding to MSA columns:
# 181-194
name=unknown_B
#
# <colnr> <probs for GDERKNQSTAVLIFYWHMCP>
#	G	D	E	R	K	N	Q	S	T	A	V	L	I	F	Y	W	H	M	C	P
0	0.01070	0.01222	0.02674	0.01910	0.02368	0.01146	0.79603	0.01451	0.01070	0.01451	0.00917	0.01222	0.00688	0.00382	0.00535	0.00153	0.00764	0.00535	0.00229	0.00611
1	0.00659	0.00439	0.00494	0.00494	0.00494	0.00439	0.00275	0.00659	0.00659	0.00879	0.01428	0.02965	0.01647	0.84075	0.02306	0.00439	0.00439	0.00659	0.00275	0.00275
2	0.00845	0.00422	0.00422	0.00422	0.00528	0.00422	0.00317	0.01056	0.00950	0.01689	0.01478	0.01689	0.01161	0.00528	0.00317	0.00106	0.00211	0.00422	0.86591	0.00422
3	0.00787	0.00689	0.00800	0.00842	0.00947	0.09727	0.04029	0.00944	0.01006	0.01258	0.02180	0.33856	0.02442	0.01188	0.00580	0.00187	0.00420	0.37308	0.00390	0.00419
4	0.00909	0.02344	0.81727	0.01292	0.01961	0.01052	0.01674	0.01435	0.00957	0.01435	0.00813	0.00957	0.00574	0.00431	0.00431	0.00144	0.00670	0.00335	0.00191	0.00670
5	0.00561	0.00398	0.00523	0.00620	0.00644	0.00374	0.00409	0.00633	0.00850	0.01134	0.02409	0.77126	0.02886	0.08225	0.00721	0.00205	0.00277	0.01236	0.00409	0.00360
6	0.01653	0.08927	0.01374	0.01135	0.01381	0.75631	0.00867	0.01772	0.01254	0.01105	0.00695	0.00810	0.00584	0.00460	0.00399	0.00115	0.00790	0.00288	0.00230	0.00530
7	0.74548	0.03889	0.00805	0.00653	0.00946	0.01088	0.00543	0.10193	0.00930	0.02092	0.00683	0.00776	0.00526	0.00433	0.00300	0.00138	0.00372	0.00264	0.00297	0.00526
8	0.00551	0.00397	0.00523	0.00623	0.00655	0.00369	0.00417	0.00632	0.00875	0.01160	0.02596	0.80044	0.06669	0.01407	0.00576	0.00183	0.00261	0.01273	0.00421	0.00369
9	0.01867	0.00786	0.01026	0.00808	0.01137	0.00720	0.00661	0.02195	0.12093	0.67859	0.01784	0.01568	0.01159	0.00567	0.00452	0.00141	0.00376	0.00462	0.03587	0.00751
10	0.00641	0.00463	0.00606	0.00570	0.00677	0.00428	0.00428	0.00855	0.01283	0.01817	0.81009	0.03385	0.04276	0.00926	0.00534	0.00143	0.00214	0.00819	0.00499	0.00428
11	0.00987	0.00898	0.01505	0.25682	0.43941	0.00954	0.03206	0.01254	0.00980	0.01396	0.00982	0.04775	0.00832	0.00475	0.00443	0.00139	0.00514	0.00447	0.09986	0.00604
12	0.00552	0.00394	0.00526	0.00631	0.00657	0.00368	0.00421	0.00631	0.00868	0.01157	0.02498	0.83779	0.02997	0.01420	0.00578	0.00184	0.00263	0.01288	0.00421	0.00368
13	0.01011	0.01129	0.02431	0.01765	0.02175	0.01058	0.70655	0.01359	0.01047	0.01418	0.01095	0.10552	0.00949	0.00499	0.00540	0.00156	0.00707	0.00620	0.00251	0.00584

[dist]
# distance from previous block
# <min> <max>
0	2

[block]
# block no. 2 follows, 57 sequences, length 55
# corresponding to MSA columns:
# 197-208,214-241,250-253,262-272
name=unknown_C
#
# <colnr> <probs for GDERKNQSTAVLIFYWHMCP>
#	G	D	E	R	K	N	Q	S	T	A	V	L	I	F	Y	W	H	M	C	P
0	0.12195	0.04126	0.07736	0.02180	0.05100	0.08577	0.02738	0.17725	0.20328	0.11303	0.01229	0.02804	0.00921	0.00531	0.00426	0.00140	0.00481	0.00416	0.00375	0.00668
1	0.00936	0.06327	0.71986	0.01311	0.01952	0.01096	0.07354	0.01432	0.00963	0.01418	0.00812	0.00965	0.00583	0.00425	0.00431	0.00142	0.00667	0.00345	0.00194	0.00661
2	0.00845	0.00422	0.00422	0.00422	0.00528	0.00422	0.00317	0.01056	0.00950	0.01689	0.01478	0.01689	0.01161	0.00528	0.00317	0.00106	0.00211	0.00422	0.86591	0.00422
3	0.01237	0.07494	0.01419	0.01193	0.05232	0.25196	0.03210	0.05074	0.03127	0.01219	0.00781	0.02347	0.00722	0.05021	0.00953	0.00171	0.34447	0.00390	0.00237	0.00531
4	0.01007	0.00817	0.00956	0.00687	0.01087	0.00629	0.00551	0.03394	0.00988	0.04849	0.00854	0.00969	0.00693	0.00351	0.00344	0.00072	0.00342	0.00280	0.00286	0.80843
5	0.03391	0.25410	0.37444	0.01050	0.01524	0.01232	0.03340	0.03895	0.06231	0.04700	0.00970	0.05792	0.00801	0.00501	0.00419	0.00134	0.01901	0.00387	0.00250	0.00628
6	0.01183	0.00992	0.01062	0.00927	0.01190	0.02363	0.01908	0.11620	0.61714	0.03073	0.06368	0.01731	0.02575	0.00625	0.00466	0.00150	0.00379	0.00520	0.00456	0.00698
7	0.00845	0.00422	0.00422	0.00422	0.00528	0.00422	0.00317	0.01056	0.00950	0.01689	0.01478	0.01689	0.01161	0.00528	0.00317	0.00106	0.00211	0.00422	0.86591	0.00422
8	0.01142	0.01004	0.01078	0.01024	0.05842	0.03605	0.00755	0.04857	0.63523	0.01839	0.01675	0.01654	0.01287	0.00595	0.00455	0.00147	0.00388	0.02571	0.00427	0.06132
9	0.01070	0.01222	0.02674	0.01910	0.02368	0.01146	0.79603	0.01451	0.01070	0.01451	0.00917	0.01222	0.00688	0.00382	0.00535	0.00153	0.00764	0.00535	0.00229	0.00611
10	0.00730	0.00522	0.00730	0.00835	0.00939	0.00522	0.00730	0.00939	0.01043	0.01356	0.02399	0.05111	0.02608	0.01252	0.00626	0.00209	0.00417	0.78199	0.00417	0.00417
11	0.01107	0.00951	0.01010	0.00918	0.01166	0.01097	0.00718	0.02335	0.76471	0.01869	0.01872	0.01861	0.01444	0.00647	0.00469	0.00156	0.00362	0.04387	0.00459	0.00702
12	0.02033	0.00771	0.01052	0.00806	0.01157	0.00666	0.00666	0.02208	0.01297	0.81562	0.01788	0.01542	0.01122	0.00561	0.00456	0.00140	0.00386	0.00456	0.00561	0.00771
13	0.01127	0.00973	0.01025	0.00922	0.01178	0.01127	0.00717	0.02408	0.80430	0.01896	0.01844	0.01691	0.01383	0.00615	0.00461	0.00154	0.00359	0.00512	0.00461	0.00717
14	0.00927	0.07336	0.76896	0.01260	0.01913	0.01097	0.01619	0.01430	0.00954	0.01413	0.00802	0.00943	0.00574	0.00428	0.00422	0.00141	0.00658	0.00329	0.00191	0.00664
15	0.01070	0.01222	0.02674	0.01910	0.02368	0.01146	0.79603	0.01451	0.01070	0.01451	0.00917	0.01222	0.00688	0.00382	0.00535	0.00153	0.00764	0.00535	0.00229	0.00611
16	0.00787	0.00394	0.00590	0.00590	0.00590	0.00394	0.00394	0.00590	0.00590	0.00787	0.00787	0.01377	0.00787	0.01574	0.01771	0.86816	0.00394	0.00394	0.00197	0.00197
17	0.00536	0.00459	0.00459	0.00459	0.00612	0.00383	0.00344	0.00650	0.01033	0.01224	0.04590	0.04361	0.81065	0.01148	0.00536	0.00153	0.00230	0.00956	0.00421	0.00383
18	0.00658	0.00442	0.00506	0.00506	0.00510	0.00446	0.00289	0.00666	0.00662	0.00887	0.01417	0.02906	0.01622	0.80052	0.06295	0.00454	0.00478	0.00650	0.00273	0.00281
19	0.00552	0.00394	0.00526	0.00631	0.00657	0.00368	0.00421	0.00631	0.00868	0.01157	0.02498	0.83779	0.02997	0.01420	0.00578	0.00184	0.00263	0.01288	0.00421	0.00368
20	0.00845	0.00422	0.00422	0.00422	0.00528	0.00422	0.00317	0.01056	0.00950	0.01689	0.01478	0.01689	0.01161	0.00528	0.00317	0.00106	0.00211	0.00422	0.86591	0.00422
21	0.02033	0.00771	0.01052	0.00806	0.01157	0.00666	0.00666	0.02208	0.01297	0.81562	0.01788	0.01542	0.01122	0.00561	0.00456	0.00140	0.00386	0.00456	0.00561	0.00771
22	0.02033	0.00771	0.01052	0.00806	0.01157	0.00666	0.00666	0.02208	0.01297	0.81562	0.01788	0.01542	0.01122	0.00561	0.00456	0.00140	0.00386	0.00456	0.00561	0.00771
23	0.00991	0.00991	0.01388	0.01190	0.01190	0.01388	0.00991	0.01091	0.00694	0.01091	0.00595	0.00991	0.00595	0.00793	0.01487	0.00198	0.83246	0.00397	0.00198	0.00496
24	0.01106	0.01061	0.01811	0.07451	0.76700	0.01073	0.01383	0.01377	0.01024	0.01462	0.00850	0.01127	0.00711	0.00407	0.00449	0.00136	0.00542	0.00404	0.00223	0.00705
25	0.01105	0.00985	0.01097	0.00961	0.01224	0.02664	0.05294	0.02253	0.70315	0.01821	0.01905	0.01780	0.05301	0.00625	0.00468	0.00153	0.00385	0.00531	0.00441	0.00691
26	0.00940	0.00805	0.00940	0.00671	0.01074	0.00604	0.00537	0.01141	0.00940	0.01477	0.00805	0.00940	0.00671	0.00336	0.00336	0.00067	0.00336	0.00268	0.00268	0.86845
27	0.01128	0.01095	0.01813	0.04901	0.77225	0.03028	0.01375	0.01394	0.01034	0.01463	0.00847	0.01117	0.00711	0.00407	0.00448	0.00135	0.00547	0.00401	0.00224	0.00707
28	0.00909	0.02344	0.81727	0.01292	0.01961	0.01052	0.01674	0.01435	0.00957	0.01435	0.00813	0.00957	0.00574	0.00431	0.00431	0.00144	0.00670	0.00335	0.00191	0.00670
29	0.00810	0.00429	0.00454	0.00448	0.00554	0.00423	0.00336	0.01021	0.01008	0.01711	0.15210	0.01982	0.01699	0.00597	0.00354	0.00112	0.00212	0.00491	0.71727	0.00423
30	0.01005	0.00841	0.01047	0.14914	0.01454	0.00737	0.00689	0.07263	0.01032	0.02921	0.00844	0.01008	0.00675	0.00376	0.00367	0.00088	0.00395	0.00306	0.00276	0.63761
31	0.01844	0.00777	0.01032	0.00783	0.01142	0.00655	0.00644	0.02024	0.01235	0.67735	0.01618	0.01438	0.01044	0.00522	0.00435	0.00128	0.00377	0.00423	0.00510	0.15632
32	0.00659	0.14940	0.00801	0.00532	0.00716	0.00628	0.00431	0.00781	0.01010	0.01209	0.05590	0.08345	0.59556	0.01029	0.00497	0.00146	0.00278	0.02050	0.00383	0.00418
33	0.01300	0.70004	0.02199	0.00821	0.01205	0.01726	0.00790	0.14890	0.01130	0.01375	0.00709	0.00789	0.00614	0.00415	0.00319	0.00104	0.00487	0.00271	0.00239	0.00614
34	0.00707	0.00573	0.00842	0.00808	0.00875	0.00708	0.00640	0.00858	0.00722	0.01059	0.01107	0.01644	0.01040	0.02949	0.68330	0.00637	0.15377	0.00470	0.00235	0.00420
35	0.01025	0.00885	0.00927	0.00842	0.01081	0.00999	0.00653	0.02104	0.66722	0.01780	0.02318	0.02152	0.15141	0.00707	0.00474	0.00154	0.00336	0.00589	0.00454	0.00659
36	0.00988	0.00862	0.01311	0.64043	0.02681	0.01038	0.01141	0.14694	0.01115	0.01451	0.00953	0.05995	0.00772	0.00525	0.00460	0.00150	0.00566	0.00455	0.00258	0.00542
37	0.01118	0.01039	0.01383	0.01164	0.01227	0.01391	0.00969	0.14669	0.00942	0.01395	0.00680	0.01008	0.00625	0.00750	0.01309	0.00188	0.68959	0.00399	0.00242	0.00543
38	0.01127	0.00973	0.01025	0.00922	0.01178	0.01127	0.00717	0.02408	0.80430	0.01896	0.01844	0.01691	0.01383	0.00615	0.00461	0.00154	0.00359	0.00512	0.00461	0.00717
39	0.00571	0.00402	0.00520	0.00607	0.00629	0.00380	0.00395	0.00636	0.00832	0.01109	0.02313	0.69827	0.02764	0.15690	0.00877	0.00228	0.00293	0.01180	0.00395	0.00352
40	0.01183	0.65118	0.02225	0.01146	0.14992	0.01646	0.00894	0.01347	0.00927	0.01139	0.00666	0.00810	0.00606	0.00414	0.00388	0.00109	0.05312	0.00279	0.00199	0.00600
41	0.72500	0.01098	0.00773	0.00695	0.00967	0.15043	0.00557	0.01414	0.00860	0.01874	0.00643	0.00750	0.00507	0.00429	0.00303	0.00136	0.00431	0.00253	0.00272	0.00497
42	0.01979	0.00857	0.01105	0.00847	0.01200	0.00794	0.00700	0.15594	0.01441	0.67973	0.01667	0.01464	0.01061	0.00558	0.00455	0.00139	0.00405	0.00447	0.00542	0.00771
43	0.01777	0.00706	0.00961	0.00776	0.01070	0.00615	0.00624	0.01936	0.01223	0.67680	0.01910	0.15741	0.01445	0.00709	0.00477	0.00148	0.00364	0.00599	0.00537	0.00702
44	0.00943	0.00603	0.00687	0.00621	0.00733	0.00683	0.00490	0.08518	0.01035	0.01703	0.05255	0.01596	0.01182	0.00595	0.00543	0.00126	0.14575	0.00436	0.59207	0.00468
45	0.00552	0.00394	0.00526	0.00631	0.00657	0.00368	0.00421	0.00631	0.00868	0.01157	0.02498	0.83779	0.02997	0.01420	0.00578	0.00184	0.00263	0.01288	0.00421	0.00368
46	0.00619	0.00465	0.00597	0.00638	0.00729	0.00409	0.00441	0.00719	0.00880	0.01212	0.02205	0.69477	0.02595	0.01232	0.00536	0.00164	0.00275	0.01112	0.00394	0.15299
47	0.01594	0.01973	0.01380	0.01446	0.15187	0.68240	0.00964	0.01737	0.01241	0.01173	0.00727	0.00870	0.00607	0.00456	0.00415	0.00120	0.00769	0.00311	0.00232	0.00559
48	0.01723	0.01269	0.01360	0.01043	0.01405	0.01405	0.00861	0.79738	0.02131	0.02856	0.01088	0.01088	0.00771	0.00544	0.00453	0.00136	0.00499	0.00408	0.00453	0.00771
49	0.01491	0.01835	0.01156	0.01056	0.01265	0.66568	0.00792	0.01626	0.01273	0.01230	0.14576	0.01279	0.01232	0.00602	0.01993	0.00133	0.00721	0.00387	0.00279	0.00506
50	0.15996	0.01042	0.01637	0.02404	0.67372	0.01066	0.01235	0.01381	0.00987	0.01576	0.00814	0.01055	0.00679	0.00407	0.00420	0.00136	0.00506	0.00376	0.00234	0.00679
51	0.00907	0.00564	0.00822	0.00769	0.00891	0.00631	0.00608	0.01067	0.00824	0.14955	0.01277	0.01693	0.01100	0.02757	0.63448	0.00596	0.05847	0.00475	0.00295	0.00473
52	0.00641	0.00432	0.00500	0.00518	0.00522	0.00427	0.00300	0.00654	0.00695	0.00927	0.01612	0.16918	0.01880	0.69804	0.02008	0.00395	0.00409	0.00768	0.00300	0.00291
53	0.00979	0.00829	0.00961	0.00690	0.01090	0.00644	0.00553	0.05061	0.00999	0.01545	0.00819	0.00947	0.00676	0.00346	0.00341	0.00071	0.00344	0.00275	0.00278	0.82553
54	0.01723	0.01269	0.01360	0.01043	0.01405	0.01405	0.00861	0.79738	0.02131	0.02856	0.01088	0.01088	0.00771	0.00544	0.00453	0.00136	0.00499	0.00408	0.00453	0.00771

[dist]
# distance from previous block
# <min> <max>
1	8

[block]
# block no. 3 follows, 57 sequences, length 74
# corresponding to MSA columns:
# 281,283-304,306-339,342-358
name=unknown_D
#
# <colnr> <probs for GDERKNQSTAVLIFYWHMCP>
#	G	D	E	R	K	N	Q	S	T	A	V	L	I	F	Y	W	H	M	C	P
0	0.00632	0.00463	0.00593	0.00561	0.00672	0.00424	0.00421	0.00838	0.01262	0.01768	0.74616	0.03466	0.10700	0.00945	0.00535	0.00143	0.00215	0.00831	0.00492	0.00424
1	0.01664	0.01231	0.01317	0.01021	0.01371	0.01365	0.00840	0.72833	0.07382	0.02766	0.01147	0.01141	0.00820	0.00548	0.00451	0.00137	0.00483	0.00415	0.02308	0.00760
2	0.00536	0.00459	0.00459	0.00459	0.00612	0.00383	0.00344	0.00650	0.01033	0.01224	0.04590	0.04361	0.81065	0.01148	0.00536	0.00153	0.00230	0.00956	0.00421	0.00383
3	0.01122	0.01077	0.01839	0.02781	0.81248	0.01077	0.01391	0.01391	0.01032	0.01480	0.00852	0.01122	0.00718	0.00404	0.00449	0.00135	0.00538	0.00404	0.00224	0.00718
4	0.00972	0.19440	0.65184	0.01184	0.01795	0.01207	0.01487	0.01419	0.00949	0.01358	0.00775	0.00909	0.00576	0.00422	0.00401	0.00134	0.00631	0.00316	0.00192	0.00651
5	0.01679	0.01271	0.01310	0.01028	0.01373	0.05988	0.00840	0.64583	0.09383	0.06151	0.01168	0.01149	0.00833	0.00547	0.00452	0.00137	0.00499	0.00413	0.00446	0.00752
6	0.01723	0.01269	0.01360	0.01043	0.01405	0.01405	0.00861	0.79738	0.02131	0.02856	0.01088	0.01088	0.00771	0.00544	0.00453	0.00136	0.00499	0.00408	0.00453	0.00771
7	0.00721	0.00481	0.00631	0.00584	0.00705	0.00441	0.00441	0.00933	0.01283	0.06395	0.76462	0.03279	0.04095	0.00905	0.00530	0.00142	0.00224	0.00799	0.00502	0.00447
8	0.01851	0.00879	0.01166	0.00903	0.01246	0.02543	0.05218	0.09444	0.06430	0.60975	0.01667	0.03239	0.01109	0.00569	0.00462	0.00142	0.00423	0.00474	0.00515	0.00745
9	0.01122	0.01077	0.01839	0.02781	0.81248	0.01077	0.01391	0.01391	0.01032	0.01480	0.00852	0.01122	0.00718	0.00404	0.00449	0.00135	0.00538	0.00404	0.00224	0.00718
10	0.00552	0.00394	0.00526	0.00631	0.00657	0.00368	0.00421	0.00631	0.00868	0.01157	0.02498	0.83779	0.02997	0.01420	0.00578	0.00184	0.00263	0.01288	0.00421	0.00368
11	0.76620	0.00892	0.00732	0.00636	0.00926	0.01015	0.00524	0.05892	0.00885	0.07440	0.00735	0.00811	0.00549	0.00437	0.00302	0.00140	0.00361	0.00269	0.00309	0.00526
12	0.01723	0.01269	0.01360	0.01043	0.01405	0.01405	0.00861	0.79738	0.02131	0.02856	0.01088	0.01088	0.00771	0.00544	0.00453	0.00136	0.00499	0.00408	0.00453	0.00771
13	0.00638	0.00463	0.00601	0.00566	0.00675	0.00426	0.00425	0.00848	0.01274	0.01797	0.78409	0.03418	0.06888	0.00934	0.00534	0.00143	0.00214	0.00824	0.00496	0.00426
14	0.00951	0.00479	0.00499	0.00471	0.00602	0.00479	0.00360	0.04543	0.01021	0.06325	0.01479	0.01655	0.01142	0.00531	0.00331	0.00109	0.00234	0.00424	0.77907	0.00458
15	0.00856	0.00805	0.01359	0.82986	0.03121	0.01007	0.01258	0.01158	0.00906	0.01158	0.00805	0.01208	0.00604	0.00453	0.00453	0.00151	0.00604	0.00403	0.00201	0.00503
16	0.00856	0.00805	0.01359	0.82986	0.03121	0.01007	0.01258	0.01158	0.00906	0.01158	0.00805	0.01208	0.00604	0.00453	0.00453	0.00151	0.00604	0.00403	0.00201	0.00503
17	0.00601	0.00457	0.00552	0.00538	0.00654	0.00409	0.00400	0.00773	0.01173	0.01579	0.50787	0.09121	0.29241	0.01032	0.00538	0.00149	0.00222	0.00896	0.00468	0.00409
18	0.00647	0.00485	0.00728	0.00728	0.00809	0.00566	0.00566	0.00809	0.00728	0.01052	0.01214	0.01780	0.01133	0.03398	0.82279	0.00728	0.01214	0.00485	0.00243	0.00405
19	0.00856	0.00805	0.01359	0.82986	0.03121	0.01007	0.01258	0.01158	0.00906	0.01158	0.00805	0.01208	0.00604	0.00453	0.00453	0.00151	0.00604	0.00403	0.00201	0.00503
20	0.00539	0.00459	0.00464	0.00463	0.00614	0.00384	0.00347	0.00657	0.01041	0.01244	0.07204	0.04328	0.78439	0.01140	0.00536	0.00153	0.00229	0.00952	0.00423	0.00384
21	0.00659	0.00439	0.00494	0.00494	0.00494	0.00439	0.00275	0.00659	0.00659	0.00879	0.01428	0.02965	0.01647	0.84075	0.02306	0.00439	0.00439	0.00659	0.00275	0.00275
22	0.01723	0.01269	0.01360	0.01043	0.01405	0.01405	0.00861	0.79738	0.02131	0.02856	0.01088	0.01088	0.00771	0.00544	0.00453	0.00136	0.00499	0.00408	0.00453	0.00771
23	0.00991	0.00991	0.01388	0.01190	0.01190	0.01388	0.00991	0.01091	0.00694	0.01091	0.00595	0.00991	0.00595	0.00793	0.01487	0.00198	0.83246	0.00397	0.00198	0.00496
24	0.02033	0.00771	0.01052	0.00806	0.01157	0.00666	0.00666	0.02208	0.01297	0.81562	0.01788	0.01542	0.01122	0.00561	0.00456	0.00140	0.00386	0.00456	0.00561	0.00771
25	0.00649	0.00480	0.00699	0.00699	0.00770	0.00551	0.00531	0.00791	0.00720	0.01031	0.01240	0.01926	0.01196	0.13317	0.72448	0.00693	0.01119	0.00507	0.00247	0.00389
26	0.00667	0.00447	0.00533	0.00533	0.00554	0.00462	0.00331	0.00709	0.00688	0.00957	0.01391	0.02674	0.01525	0.64454	0.16888	0.00473	0.00569	0.00614	0.05224	0.00307
27	0.00991	0.00991	0.01388	0.01190	0.01190	0.01388	0.00991	0.01091	0.00694	0.01091	0.00595	0.00991	0.00595	0.00793	0.01487	0.00198	0.83246	0.00397	0.00198	0.00496
28	0.00991	0.00991	0.01388	0.01190	0.01190	0.01388	0.00991	0.01091	0.00694	0.01091	0.00595	0.00991	0.00595	0.00793	0.01487	0.00198	0.83246	0.00397	0.00198	0.00496
29	0.00852	0.00796	0.01325	0.78247	0.02993	0.00978	0.01214	0.01145	0.00906	0.01169	0.00845	0.03128	0.00662	0.00472	0.00452	0.00149	0.00587	0.00419	0.00209	0.03453
30	0.01288	0.01097	0.03339	0.09534	0.01678	0.07649	0.19505	0.06462	0.22833	0.15301	0.01380	0.05637	0.01057	0.00555	0.00477	0.00148	0.00533	0.00509	0.00369	0.00648
31	0.00590	0.00504	0.00640	0.00609	0.00753	0.00445	0.05713	0.00738	0.02282	0.01265	0.07642	0.21974	0.52927	0.01138	0.00544	0.00159	0.00274	0.00989	0.00412	0.00402
32	0.00659	0.00439	0.00494	0.00494	0.00494	0.00439	0.00275	0.00659	0.00659	0.00879	0.01428	0.02965	0.01647	0.84075	0.02306	0.00439	0.00439	0.00659	0.00275	0.00275
33	0.01277	0.68156	0.02163	0.03650	0.01269	0.14821	0.00808	0.01423	0.00979	0.01076	0.00647	0.00758	0.00583	0.00403	0.00315	0.00102	0.00543	0.00256	0.00201	0.00570
34	0.00987	0.10183	0.47772	0.01228	0.07303	0.01020	0.03973	0.01383	0.02124	0.06118	0.01215	0.05508	0.06184	0.00530	0.00436	0.00139	0.00565	0.00436	0.00250	0.02647
35	0.00655	0.00454	0.00569	0.00569	0.00595	0.00480	0.00368	0.00707	0.00681	0.00934	0.01359	0.02586	0.01483	0.58272	0.27884	0.00532	0.00687	0.00603	0.00264	0.00316
36	0.00909	0.02344	0.81727	0.01292	0.01961	0.01052	0.01674	0.01435	0.00957	0.01435	0.00813	0.00957	0.00574	0.00431	0.00431	0.00144	0.00670	0.00335	0.00191	0.00670
37	0.03120	0.03245	0.10638	0.01252	0.07422	0.51850	0.00981	0.02852	0.06544	0.04769	0.00850	0.00951	0.00671	0.00479	0.00441	0.00127	0.02636	0.00330	0.00260	0.00583
38	0.00938	0.03635	0.69871	0.01414	0.06529	0.01074	0.07429	0.01432	0.00969	0.01432	0.00820	0.00982	0.00591	0.00425	0.00437	0.00143	0.00666	0.00352	0.00196	0.00667
39	0.01127	0.00973	0.01025	0.00922	0.01178	0.01127	0.00717	0.02408	0.80430	0.01896	0.01844	0.01691	0.01383	0.00615	0.00461	0.00154	0.00359	0.00512	0.00461	0.00717
40	0.00810	0.00572	0.00740	0.00689	0.00741	0.00654	0.00498	0.02552	0.00761	0.05126	0.01254	0.02168	0.01277	0.39674	0.22806	0.00438	0.13707	0.00545	0.04602	0.00387
41	0.00552	0.00394	0.00526	0.00631	0.00657	0.00368	0.00421	0.00631	0.00868	0.01157	0.02498	0.83779	0.02997	0.01420	0.00578	0.00184	0.00263	0.01288	0.00421	0.00368
42	0.00845	0.00422	0.00422	0.00422	0.00528	0.00422	0.00317	0.01056	0.00950	0.01689	0.01478	0.01689	0.01161	0.00528	0.00317	0.00106	0.00211	0.00422	0.86591	0.00422
43	0.00939	0.00997	0.06846	0.32529	0.20611	0.01089	0.01198	0.01182	0.00881	0.01234	0.00861	0.05951	0.00766	0.00586	0.00729	0.00161	0.22220	0.00449	0.00218	0.00555
44	0.00856	0.00805	0.01359	0.82986	0.03121	0.01007	0.01258	0.01158	0.00906	0.01158	0.00805	0.01208	0.00604	0.00453	0.00453	0.00151	0.00604	0.00403	0.00201	0.00503
45	0.00659	0.00439	0.00494	0.00494	0.00494	0.00439	0.00275	0.00659	0.00659	0.00879	0.01428	0.02965	0.01647	0.84075	0.02306	0.00439	0.00439	0.00659	0.00275	0.00275
46	0.01127	0.00973	0.01025	0.00922	0.01178	0.01127	0.00717	0.02408	0.80430	0.01896	0.01844	0.01691	0.01383	0.00615	0.00461	0.00154	0.00359	0.00512	0.00461	0.00717
47	0.01157	0.00876	0.02438	0.15726	0.13830	0.02632	0.02862	0.04490	0.05824	0.16411	0.07963	0.03045	0.03078	0.03279	0.04423	0.00187	0.08896	0.01955	0.00340	0.00590
48	0.00658	0.00443	0.00512	0.00512	0.00518	0.00449	0.00296	0.00670	0.00664	0.00892	0.01412	0.02877	0.01609	0.78033	0.08296	0.00461	0.00497	0.00646	0.00272	0.00284
49	0.00733	0.00484	0.00633	0.00584	0.00708	0.00443	0.00442	0.00942	0.01278	0.07179	0.74092	0.03281	0.05649	0.00906	0.00529	0.00143	0.00226	0.00798	0.00501	0.00450
50	0.00965	0.00815	0.00945	0.00971	0.06450	0.00896	0.00720	0.01794	0.47386	0.01672	0.03503	0.02735	0.10404	0.00806	0.00506	0.00164	0.00367	0.17860	0.00432	0.00609
51	0.01135	0.01102	0.01826	0.02744	0.79399	0.02957	0.01379	0.01400	0.01038	0.01472	0.00849	0.01114	0.00715	0.00405	0.00448	0.00134	0.00545	0.00401	0.00225	0.00713
52	0.00647	0.00485	0.00728	0.00728	0.00809	0.00566	0.00566	0.00809	0.00728	0.01052	0.01214	0.01780	0.01133	0.03398	0.82279	0.00728	0.01214	0.00485	0.00243	0.00405
53	0.03006	0.12292	0.06840	0.01126	0.03253	0.50997	0.00911	0.09642	0.02977	0.03791	0.00798	0.00889	0.00637	0.00466	0.00401	0.00120	0.00696	0.00312	0.00263	0.00582
54	0.00551	0.00398	0.00522	0.00621	0.00655	0.00369	0.00416	0.00632	0.00877	0.01161	0.02621	0.79083	0.07613	0.01404	0.00576	0.00182	0.00261	0.01269	0.00421	0.00369
55	0.00719	0.00518	0.00714	0.00812	0.00919	0.00513	0.00707	0.00922	0.01043	0.01348	0.02529	0.05067	0.07247	0.01246	0.00621	0.00205	0.00406	0.73631	0.00417	0.00415
56	0.01657	0.01219	0.01310	0.01021	0.01370	0.01350	0.00838	0.67957	0.11879	0.04899	0.01202	0.01176	0.00857	0.00553	0.00454	0.00138	0.00478	0.00422	0.00457	0.00764
57	0.06911	0.01040	0.01683	0.07677	0.66220	0.01071	0.01283	0.01430	0.05564	0.01521	0.00891	0.01134	0.00733	0.00420	0.00438	0.00137	0.00520	0.00399	0.00240	0.00689
58	0.01138	0.64515	0.21566	0.00900	0.01356	0.01614	0.00993	0.01376	0.00929	0.01155	0.00674	0.00782	0.00580	0.00398	0.00325	0.00108	0.00529	0.00265	0.00193	0.00603
59	0.01581	0.01913	0.01214	0.01092	0.01326	0.67192	0.00826	0.08194	0.01321	0.01262	0.01036	0.01129	0.06588	0.00604	0.02671	0.00138	0.00758	0.00356	0.00266	0.00532
60	0.00552	0.00394	0.00526	0.00631	0.00657	0.00368	0.00421	0.00631	0.00868	0.01157	0.02498	0.83779	0.02997	0.01420	0.00578	0.00184	0.00263	0.01288	0.00421	0.00368
61	0.00536	0.00459	0.00459	0.00459	0.00612	0.00383	0.00344	0.00650	0.01033	0.01224	0.04590	0.04361	0.81065	0.01148	0.00536	0.00153	0.00230	0.00956	0.00421	0.00383
62	0.00738	0.00533	0.00674	0.00643	0.00753	0.00485	0.00472	0.00916	0.01315	0.01863	0.75254	0.08237	0.04238	0.01013	0.00577	0.00163	0.00253	0.00872	0.00524	0.00476
63	0.01050	0.00886	0.01013	0.00756	0.01152	0.00697	0.00592	0.01296	0.06359	0.01595	0.00973	0.01125	0.00812	0.00421	0.00387	0.00092	0.00372	0.00318	0.00315	0.79789
64	0.00686	0.00565	0.00638	0.00708	0.05480	0.00490	0.00481	0.00783	0.01074	0.01331	0.04040	0.14201	0.61533	0.01197	0.00581	0.00176	0.00297	0.04845	0.00440	0.00455
65	0.01024	0.00842	0.00863	0.00841	0.00991	0.09700	0.00621	0.11751	0.02224	0.03191	0.02060	0.44915	0.03504	0.01119	0.00565	0.00179	0.00415	0.08105	0.00427	0.06664
66	0.05331	0.07626	0.57972	0.01256	0.03618	0.01130	0.01437	0.01423	0.01015	0.01536	0.06698	0.01247	0.00938	0.00552	0.00535	0.00161	0.06199	0.00398	0.00254	0.00675
67	0.10388	0.21776	0.41901	0.01105	0.01601	0.01221	0.03885	0.01433	0.00996	0.03209	0.00983	0.05804	0.00828	0.00544	0.00433	0.00151	0.00584	0.00401	0.02102	0.00655
68	0.04397	0.14009	0.49753	0.01258	0.01810	0.01233	0.08037	0.06783	0.03800	0.01604	0.01002	0.01162	0.02038	0.00510	0.00460	0.00155	0.00639	0.00389	0.00263	0.00697
69	0.17682	0.03850	0.04749	0.00831	0.01069	0.12579	0.04766	0.05745	0.04526	0.05708	0.17861	0.10718	0.01729	0.04224	0.00519	0.00153	0.00435	0.00556	0.00356	0.01941
70	0.08220	0.03180	0.13713	0.01122	0.01515	0.04586	0.16243	0.10363	0.12382	0.14023	0.01244	0.01332	0.02578	0.00504	0.00445	0.00140	0.00524	0.01786	0.00345	0.05754
71	0.16152	0.06760	0.05133	0.00829	0.01131	0.14804	0.00696	0.06057	0.12758	0.09102	0.04270	0.01454	0.08410	0.00552	0.00403	0.00128	0.00450	0.00416	0.00344	0.10151
72	0.14847	0.04748	0.22714	0.00978	0.01388	0.04466	0.01992	0.16694	0.08506	0.12917	0.02155	0.02310	0.00838	0.00503	0.00413	0.00137	0.00497	0.00383	0.00344	0.03169
73	0.11181	0.01384	0.25439	0.01127	0.07475	0.04475	0.03270	0.11145	0.06459	0.07316	0.09753	0.04147	0.01184	0.00548	0.00437	0.00140	0.00496	0.00446	0.00327	0.03252

[dist]
# distance from previous block
# <min> <max>
0	46

# created by:
# /home/cegg/simao/soft/augustus-3.2.1/scripts/msa2prfl.pl ./align_prep/EOG091G0IDP.fa
