[name]
unknown

[dist]
# distance from previous block
# <min> <max>
0	42

[block]
# block no. 0 follows, 48 sequences, length 81
# corresponding to MSA columns:
# 79-92,94-160
name=unknown_A
#
# <colnr> <probs for GDERKNQSTAVLIFYWHMCP>
#	G	D	E	R	K	N	Q	S	T	A	V	L	I	F	Y	W	H	M	C	P
0	0.01317	0.39228	0.33806	0.01161	0.01712	0.09174	0.01300	0.01655	0.01114	0.04077	0.00851	0.00971	0.00676	0.00474	0.00413	0.00135	0.00667	0.00331	0.00237	0.00701
1	0.01845	0.07967	0.01530	0.01260	0.01552	0.66788	0.00967	0.06195	0.01463	0.01380	0.00817	0.00941	0.00677	0.00521	0.00453	0.00130	0.00856	0.00333	0.00277	0.04048
2	0.00992	0.00880	0.01056	0.00984	0.05292	0.05152	0.02907	0.02775	0.03739	0.01547	0.01664	0.31092	0.01765	0.00885	0.00555	0.00146	0.03320	0.00770	0.00371	0.34110
3	0.00632	0.00449	0.00593	0.00706	0.00734	0.00421	0.00467	0.00716	0.00970	0.01293	0.02763	0.77423	0.03311	0.05929	0.00760	0.00224	0.00308	0.01420	0.00467	0.00411
4	0.45884	0.00992	0.01070	0.03761	0.01253	0.01114	0.04957	0.09671	0.02344	0.07968	0.00938	0.01120	0.00726	0.00690	0.00664	0.10638	0.04904	0.00376	0.00343	0.00586
5	0.00667	0.00538	0.00657	0.00758	0.05115	0.00482	0.00509	0.00806	0.01127	0.01430	0.09183	0.30198	0.40979	0.01342	0.00621	0.00186	0.00299	0.04178	0.00470	0.00454
6	0.01913	0.01418	0.01519	0.01173	0.01577	0.01574	0.00966	0.72881	0.06649	0.03173	0.01280	0.01270	0.00912	0.00620	0.00514	0.00155	0.00556	0.00469	0.00514	0.00869
7	0.00891	0.00446	0.00668	0.00668	0.00668	0.00446	0.00446	0.00668	0.00668	0.00891	0.00891	0.01560	0.00891	0.01783	0.02005	0.85071	0.00446	0.00446	0.00223	0.00223
8	0.00995	0.00931	0.01293	0.01129	0.01167	0.01228	0.00924	0.01147	0.00975	0.01464	0.22554	0.01920	0.01869	0.01060	0.04560	0.00231	0.55108	0.00588	0.00322	0.00535
9	0.01372	0.82276	0.02689	0.00878	0.01317	0.02030	0.00878	0.01536	0.01043	0.01207	0.00713	0.00823	0.00658	0.00439	0.00329	0.00110	0.00549	0.00274	0.00219	0.00658
10	0.01845	0.01340	0.01451	0.01132	0.01526	0.01469	0.00927	0.59840	0.12875	0.07290	0.01385	0.01351	0.00988	0.00620	0.00510	0.00154	0.00529	0.00476	0.00514	0.03777
11	0.11066	0.01203	0.01412	0.01106	0.01490	0.10161	0.08848	0.11777	0.04378	0.40993	0.01537	0.01455	0.01031	0.00584	0.00498	0.00157	0.00550	0.00474	0.00498	0.00785
12	0.00865	0.00460	0.00668	0.00678	0.00693	0.00456	0.00464	0.00701	0.00731	0.00966	0.01250	0.03709	0.04248	0.04480	0.01857	0.71423	0.00439	0.05402	0.00258	0.00255
13	0.00663	0.00532	0.00599	0.00610	0.00765	0.00467	0.00477	0.00830	0.01222	0.01531	0.17988	0.04875	0.53231	0.01273	0.00623	0.00181	0.00291	0.12901	0.00492	0.00449
14	0.01197	0.00915	0.01095	0.00796	0.01230	0.00722	0.00641	0.01418	0.01097	0.09852	0.01021	0.01138	0.00811	0.00425	0.00439	0.00090	0.03175	0.00331	0.00336	0.73268
15	0.00869	0.00721	0.00791	0.00743	0.00913	0.02112	0.00580	0.09038	0.04035	0.01631	0.08101	0.08244	0.42447	0.03933	0.00754	0.00192	0.06560	0.07368	0.00458	0.00508
16	0.00625	0.00448	0.00594	0.00710	0.00743	0.00417	0.00474	0.00715	0.00987	0.01312	0.02882	0.79894	0.05098	0.01601	0.00654	0.00208	0.00297	0.01450	0.00476	0.00417
17	0.01898	0.05583	0.01511	0.01292	0.01576	0.70122	0.00985	0.08389	0.01519	0.01422	0.00827	0.00947	0.00679	0.00533	0.00462	0.00133	0.00880	0.00339	0.00284	0.00621
18	0.01295	0.01111	0.01270	0.00957	0.01364	0.05566	0.03867	0.11871	0.03891	0.04503	0.01019	0.01148	0.00810	0.00472	0.00495	0.00109	0.04990	0.00365	0.00343	0.54555
19	0.24386	0.01255	0.05439	0.01044	0.01413	0.04259	0.04933	0.17334	0.20078	0.11586	0.02512	0.01380	0.01038	0.00586	0.00466	0.00161	0.00501	0.00453	0.00439	0.00740
20	0.01870	0.02209	0.01441	0.01282	0.01567	0.63579	0.00975	0.11704	0.07701	0.01580	0.00953	0.01044	0.00761	0.00553	0.00474	0.00138	0.00838	0.00367	0.00317	0.00648
21	0.00701	0.00523	0.00651	0.00619	0.00751	0.00473	0.00464	0.00919	0.01393	0.01916	0.63006	0.04066	0.20420	0.01102	0.00605	0.00164	0.00246	0.00961	0.00546	0.00473
22	0.00725	0.00518	0.00710	0.00828	0.00902	0.00503	0.00649	0.00887	0.01081	0.01421	0.02773	0.44175	0.03176	0.01514	0.00681	0.00222	0.00384	0.37933	0.00474	0.00444
23	0.01404	0.73035	0.07098	0.00914	0.01370	0.01909	0.00931	0.01596	0.01069	0.05608	0.00799	0.00890	0.00692	0.00453	0.00349	0.00116	0.00555	0.00294	0.00243	0.00676
24	0.00733	0.00550	0.00825	0.00825	0.00916	0.00641	0.00641	0.00916	0.00825	0.01191	0.01374	0.02016	0.01283	0.03848	0.79934	0.00825	0.01374	0.00550	0.00275	0.00458
25	0.00746	0.00497	0.00560	0.00560	0.00560	0.00497	0.00311	0.00746	0.00746	0.00995	0.01617	0.03358	0.01865	0.81967	0.02612	0.00497	0.00497	0.00746	0.00311	0.00311
26	0.01710	0.01223	0.01347	0.01053	0.01402	0.01337	0.02966	0.58147	0.02083	0.02897	0.01324	0.01387	0.00968	0.00607	0.00482	0.00147	0.00501	0.00470	0.19171	0.00780
27	0.01104	0.07815	0.56306	0.09851	0.02301	0.02907	0.07334	0.03709	0.01129	0.01602	0.00920	0.01119	0.00670	0.00487	0.00488	0.00160	0.00742	0.00398	0.00231	0.00726
28	0.01038	0.00979	0.01637	0.62968	0.18534	0.01160	0.01438	0.01403	0.03207	0.01408	0.00956	0.01364	0.00734	0.00507	0.00512	0.00167	0.00661	0.00460	0.00241	0.00625
29	0.01868	0.01453	0.01490	0.01172	0.01560	0.05921	0.00957	0.63969	0.11394	0.02993	0.01310	0.01297	0.00944	0.00621	0.00512	0.00155	0.00566	0.00469	0.00500	0.00850
30	0.01917	0.02445	0.01454	0.01322	0.01586	0.79907	0.00991	0.02049	0.01454	0.01256	0.00793	0.00925	0.00661	0.00529	0.00463	0.00132	0.00925	0.00330	0.00264	0.00595
31	0.01106	0.00940	0.01085	0.00790	0.01235	0.00747	0.00632	0.03962	0.05239	0.01751	0.00986	0.01115	0.00807	0.00405	0.00392	0.00084	0.00388	0.00324	0.00323	0.77688
32	0.00746	0.00497	0.00560	0.00560	0.00560	0.00497	0.00311	0.00746	0.00746	0.00995	0.01617	0.03358	0.01865	0.81967	0.02612	0.00497	0.00497	0.00746	0.00311	0.00311
33	0.00735	0.00542	0.00785	0.00785	0.00863	0.00620	0.00592	0.00891	0.00813	0.01162	0.01410	0.02215	0.01369	0.15456	0.68445	0.00776	0.01244	0.00579	0.00280	0.00436
34	0.01372	0.82276	0.02689	0.00878	0.01317	0.02030	0.00878	0.01536	0.01043	0.01207	0.00713	0.00823	0.00658	0.00439	0.00329	0.00110	0.00549	0.00274	0.00219	0.00658
35	0.01049	0.00989	0.01613	0.59507	0.12960	0.01212	0.01398	0.03146	0.01049	0.01395	0.00899	0.01323	0.00704	0.00553	0.00649	0.00174	0.10077	0.00455	0.00238	0.00608
36	0.01255	0.01053	0.01227	0.01081	0.01365	0.01178	0.05073	0.07104	0.56298	0.03353	0.04296	0.05411	0.01750	0.00778	0.00548	0.00178	0.00438	0.06350	0.00504	0.00759
37	0.00997	0.00517	0.00521	0.00507	0.00638	0.00523	0.00384	0.04258	0.01130	0.01966	0.01656	0.01885	0.01297	0.00599	0.00365	0.00121	0.00252	0.00478	0.81412	0.00494
38	0.01917	0.02445	0.01454	0.01322	0.01586	0.79907	0.00991	0.02049	0.01454	0.01256	0.00793	0.00925	0.00661	0.00529	0.00463	0.00132	0.00925	0.00330	0.00264	0.00595
39	0.01917	0.02445	0.01454	0.01322	0.01586	0.79907	0.00991	0.02049	0.01454	0.01256	0.00793	0.00925	0.00661	0.00529	0.00463	0.00132	0.00925	0.00330	0.00264	0.00595
40	0.01067	0.02560	0.74343	0.01478	0.02218	0.01185	0.04916	0.01647	0.01098	0.03478	0.00952	0.01111	0.00670	0.00489	0.00493	0.00163	0.00755	0.00392	0.00228	0.00758
41	0.00780	0.00643	0.00730	0.00698	0.00846	0.02047	0.00532	0.02623	0.06283	0.01698	0.29974	0.09724	0.32677	0.01149	0.00660	0.00175	0.04635	0.03138	0.00494	0.00495
42	0.00679	0.00523	0.00621	0.00596	0.00738	0.00464	0.00447	0.00877	0.01341	0.01794	0.49683	0.04267	0.33819	0.01147	0.00606	0.00166	0.00249	0.00989	0.00530	0.00464
43	0.01239	0.01199	0.01989	0.14580	0.66032	0.02853	0.01540	0.01546	0.01153	0.01614	0.00954	0.01277	0.00791	0.00467	0.00508	0.00155	0.00627	0.00454	0.00250	0.00772
44	0.00872	0.00625	0.00856	0.00955	0.01085	0.00631	0.00833	0.04151	0.01231	0.01605	0.02656	0.05603	0.02868	0.01385	0.00701	0.00233	0.00476	0.72272	0.00474	0.00489
45	0.01211	0.01384	0.03028	0.02163	0.02682	0.01298	0.76903	0.01644	0.01211	0.01644	0.01038	0.01384	0.00779	0.00433	0.00606	0.00173	0.00865	0.00606	0.00260	0.00692
46	0.00969	0.00912	0.01539	0.80734	0.03534	0.01140	0.01425	0.01311	0.01026	0.01311	0.00912	0.01368	0.00684	0.00513	0.00513	0.00171	0.00684	0.00456	0.00228	0.00570
47	0.03632	0.00546	0.00772	0.00816	0.00895	0.00524	0.05071	0.02363	0.01027	0.01410	0.02612	0.70155	0.03075	0.01472	0.00639	0.00204	0.00346	0.03533	0.00458	0.00449
48	0.07325	0.05846	0.01426	0.01116	0.01462	0.16299	0.00898	0.32715	0.21793	0.04011	0.01328	0.01315	0.00990	0.00602	0.00483	0.00153	0.00577	0.00447	0.00442	0.00772
49	0.00863	0.00716	0.00987	0.00863	0.01108	0.00606	0.06310	0.01047	0.01051	0.01500	0.01920	0.36442	0.02106	0.01012	0.00547	0.00156	0.00389	0.07797	0.00391	0.34191
50	0.01219	0.35228	0.43718	0.01208	0.01816	0.01557	0.01429	0.05645	0.01138	0.01540	0.00852	0.00985	0.00665	0.00475	0.00424	0.00140	0.00662	0.00341	0.00234	0.00724
51	0.01217	0.01327	0.02224	0.01799	0.06300	0.07242	0.35340	0.01486	0.01054	0.01448	0.00919	0.03294	0.00797	0.00654	0.01013	0.00190	0.32273	0.00537	0.00251	0.00633
52	0.00625	0.00447	0.00595	0.00714	0.00744	0.00417	0.00476	0.00714	0.00982	0.01310	0.02828	0.81633	0.03394	0.01608	0.00655	0.00208	0.00298	0.01459	0.00476	0.00417
53	0.04484	0.01783	0.01731	0.01517	0.05977	0.37821	0.16077	0.05394	0.09974	0.01593	0.01079	0.01347	0.00886	0.00578	0.00569	0.00157	0.04877	0.03189	0.00311	0.00656
54	0.01618	0.02009	0.06202	0.01504	0.01858	0.45530	0.21180	0.06438	0.01389	0.01487	0.00937	0.01206	0.00769	0.04886	0.00621	0.00166	0.00855	0.00437	0.00278	0.00632
55	0.00810	0.00580	0.00806	0.00922	0.01035	0.00576	0.00796	0.01034	0.01168	0.01518	0.02773	0.10571	0.04493	0.01427	0.00703	0.00233	0.00457	0.69154	0.00473	0.00468
56	0.01037	0.00841	0.00938	0.00848	0.01068	0.00907	0.00655	0.05856	0.36897	0.02105	0.32703	0.02897	0.09357	0.00883	0.00562	0.00168	0.00337	0.00755	0.00535	0.00653
57	0.85592	0.00992	0.00754	0.00675	0.00992	0.01151	0.00556	0.01508	0.00873	0.02302	0.00714	0.00834	0.00556	0.00476	0.00318	0.00159	0.00397	0.00278	0.00318	0.00556
58	0.00733	0.00556	0.00684	0.00700	0.00813	0.00531	0.00506	0.01009	0.08121	0.01669	0.30073	0.33072	0.12510	0.02581	0.00647	0.00187	0.00292	0.02539	0.00506	0.02272
59	0.01029	0.02654	0.79309	0.01462	0.02221	0.01192	0.01896	0.01625	0.01083	0.01625	0.00921	0.01083	0.00650	0.00487	0.00487	0.00162	0.00758	0.00379	0.00217	0.00758
60	0.00733	0.00550	0.00825	0.00825	0.00916	0.00641	0.00641	0.00916	0.00825	0.01191	0.01374	0.02016	0.01283	0.03848	0.79934	0.00825	0.01374	0.00550	0.00275	0.00458
61	0.00707	0.00606	0.00748	0.00677	0.00881	0.00526	0.06268	0.00890	0.02554	0.03016	0.05876	0.04553	0.66353	0.01208	0.00606	0.00175	0.00318	0.03103	0.00465	0.00471
62	0.00636	0.00458	0.00607	0.00716	0.00756	0.00424	0.00480	0.00729	0.00984	0.01319	0.02779	0.79571	0.03326	0.01576	0.00648	0.00205	0.00300	0.01429	0.00472	0.02584
63	0.00624	0.00452	0.00590	0.00700	0.00740	0.00418	0.00470	0.00716	0.00996	0.01315	0.03004	0.75947	0.08965	0.01585	0.00651	0.00206	0.00295	0.01431	0.00476	0.00418
64	0.01123	0.01123	0.01572	0.01347	0.01347	0.01572	0.01123	0.01235	0.00786	0.01235	0.00674	0.01123	0.00674	0.00898	0.01684	0.00225	0.81028	0.00449	0.00225	0.00561
65	0.01246	0.00712	0.00926	0.00793	0.01000	0.00693	0.00625	0.05520	0.03027	0.22659	0.47989	0.02944	0.03373	0.00899	0.00635	0.00164	0.04852	0.00759	0.00561	0.00620
66	0.01281	0.01334	0.02816	0.02082	0.05142	0.01270	0.66283	0.01681	0.01209	0.06698	0.01085	0.01393	0.00808	0.00465	0.00640	0.00173	0.04065	0.00588	0.00282	0.00703
67	0.01090	0.10742	0.69907	0.01392	0.02110	0.01268	0.01769	0.01634	0.01087	0.03153	0.00922	0.01070	0.00663	0.00486	0.00472	0.00157	0.00730	0.00371	0.00225	0.00750
68	0.01064	0.00912	0.01064	0.00760	0.01216	0.00684	0.00608	0.01292	0.01064	0.01672	0.00912	0.01064	0.00760	0.00380	0.00380	0.00076	0.00380	0.00304	0.00304	0.85104
69	0.00606	0.00520	0.00520	0.00520	0.00693	0.00433	0.00390	0.00736	0.01170	0.01386	0.05198	0.04938	0.78558	0.01299	0.00606	0.00173	0.00260	0.01083	0.00476	0.00433
70	0.00625	0.00447	0.00595	0.00714	0.00744	0.00417	0.00476	0.00714	0.00982	0.01310	0.02828	0.81633	0.03394	0.01608	0.00655	0.00208	0.00298	0.01459	0.00476	0.00417
71	0.00735	0.00542	0.00787	0.00787	0.00865	0.00621	0.00594	0.00892	0.00813	0.01163	0.01409	0.02207	0.01366	0.14999	0.68897	0.00778	0.01249	0.00578	0.00280	0.00437
72	0.00679	0.00523	0.00621	0.00596	0.00738	0.00464	0.00447	0.00878	0.01342	0.01795	0.49856	0.04265	0.33645	0.01147	0.00606	0.00166	0.00249	0.00988	0.00530	0.00464
73	0.00621	0.00520	0.00540	0.00535	0.00702	0.00439	0.00401	0.00764	0.01203	0.01466	0.13908	0.04807	0.69799	0.01270	0.00606	0.00172	0.00258	0.01064	0.00487	0.00439
74	0.00969	0.00912	0.01539	0.80734	0.03534	0.01140	0.01425	0.01311	0.01026	0.01311	0.00912	0.01368	0.00684	0.00513	0.00513	0.00171	0.00684	0.00456	0.00228	0.00570
75	0.01267	0.01228	0.02136	0.03094	0.74494	0.01224	0.05805	0.01579	0.01171	0.01674	0.00969	0.01276	0.00811	0.00456	0.00513	0.00154	0.00624	0.00466	0.00254	0.00806
76	0.01211	0.01384	0.03028	0.02163	0.02682	0.01298	0.76903	0.01644	0.01211	0.01644	0.01038	0.01384	0.00779	0.00433	0.00606	0.00173	0.00865	0.00606	0.00260	0.00692
77	0.01196	0.01275	0.01939	0.01557	0.01733	0.07712	0.22779	0.01408	0.00982	0.01370	0.00897	0.01433	0.00825	0.00763	0.01225	0.00203	0.47346	0.04510	0.00251	0.00597
78	0.00969	0.00912	0.01539	0.80734	0.03534	0.01140	0.01425	0.01311	0.01026	0.01311	0.00912	0.01368	0.00684	0.00513	0.00513	0.00171	0.00684	0.00456	0.00228	0.00570
79	0.01092	0.01116	0.01913	0.01518	0.01695	0.01335	0.25352	0.01310	0.00925	0.01351	0.00908	0.01398	0.00825	0.04376	0.10221	0.00287	0.43030	0.00523	0.00245	0.00581
80	0.04843	0.01499	0.01492	0.01169	0.01561	0.08711	0.00956	0.64947	0.03786	0.04147	0.01203	0.01212	0.00862	0.00605	0.00502	0.00153	0.00587	0.00447	0.00486	0.00835

[dist]
# distance from previous block
# <min> <max>
3	6

[block]
# block no. 1 follows, 48 sequences, length 27
# corresponding to MSA columns:
# 167-193
name=unknown_B
#
# <colnr> <probs for GDERKNQSTAVLIFYWHMCP>
#	G	D	E	R	K	N	Q	S	T	A	V	L	I	F	Y	W	H	M	C	P
0	0.01115	0.00915	0.00973	0.00885	0.01140	0.00997	0.00688	0.03737	0.48796	0.04446	0.05440	0.02855	0.22754	0.00882	0.00551	0.00174	0.00366	0.02081	0.00514	0.00695
1	0.01064	0.00912	0.01064	0.00760	0.01216	0.00684	0.00608	0.01292	0.01064	0.01672	0.00912	0.01064	0.00760	0.00380	0.00380	0.00076	0.00380	0.00304	0.00304	0.85104
2	0.00650	0.00472	0.00618	0.00715	0.00772	0.00440	0.00503	0.00769	0.01052	0.01393	0.08601	0.61960	0.09988	0.01521	0.00652	0.00205	0.00307	0.08471	0.00482	0.00429
3	0.02260	0.00906	0.01207	0.00929	0.01324	0.00807	0.00766	0.06065	0.03370	0.73629	0.01988	0.01726	0.01258	0.00636	0.00516	0.00159	0.00442	0.00515	0.00627	0.00872
4	0.01348	0.72762	0.02477	0.00873	0.01272	0.05246	0.00841	0.01499	0.01038	0.01193	0.00784	0.01017	0.00749	0.06524	0.00505	0.00140	0.00561	0.00312	0.00228	0.00630
5	0.00734	0.00546	0.00804	0.00804	0.00888	0.00630	0.00616	0.00903	0.00818	0.01176	0.01393	0.02121	0.01328	0.09952	0.73893	0.00799	0.01306	0.00565	0.00278	0.00447
6	0.00746	0.00568	0.00849	0.00841	0.00930	0.00671	0.00657	0.00927	0.00823	0.01193	0.01352	0.01987	0.01263	0.03753	0.77408	0.00805	0.03946	0.00547	0.00273	0.00461
7	0.00606	0.00520	0.00520	0.00520	0.00693	0.00433	0.00390	0.00736	0.01170	0.01386	0.05198	0.04938	0.78558	0.01299	0.00606	0.00173	0.00260	0.01083	0.00476	0.00433
8	0.00623	0.00515	0.00546	0.00550	0.00706	0.00438	0.00408	0.00764	0.01191	0.01465	0.14232	0.10520	0.63688	0.01291	0.00610	0.00174	0.00260	0.01091	0.00488	0.00438
9	0.09305	0.01044	0.01181	0.00935	0.01311	0.08885	0.00762	0.02370	0.01417	0.64662	0.01788	0.01585	0.01147	0.00611	0.00494	0.00156	0.00483	0.00477	0.00570	0.00818
10	0.85592	0.00992	0.00754	0.00675	0.00992	0.01151	0.00556	0.01508	0.00873	0.02302	0.00714	0.00834	0.00556	0.00476	0.00318	0.00159	0.00397	0.00278	0.00318	0.00556
11	0.00779	0.00610	0.00785	0.06126	0.02600	0.00598	0.00589	0.01102	0.07134	0.01882	0.51860	0.03702	0.16175	0.01025	0.00594	0.00167	0.00301	0.02942	0.00516	0.00513
12	0.00700	0.00523	0.00649	0.00618	0.00750	0.00473	0.00463	0.00917	0.01390	0.01910	0.62390	0.04076	0.21039	0.01104	0.00605	0.00164	0.00246	0.00962	0.00545	0.00473
13	0.00756	0.00584	0.00869	0.00856	0.00942	0.00697	0.00670	0.00935	0.00822	0.01194	0.01333	0.01963	0.01246	0.03673	0.75276	0.00789	0.06116	0.00544	0.00272	0.00464
14	0.01181	0.01314	0.02803	0.02160	0.08999	0.01239	0.65985	0.01582	0.01194	0.01626	0.01138	0.06151	0.00937	0.00505	0.00600	0.00173	0.00810	0.00644	0.00272	0.00686
15	0.02302	0.00873	0.01191	0.00913	0.01310	0.00754	0.00754	0.02501	0.01469	0.79122	0.02024	0.01746	0.01270	0.00635	0.00516	0.00159	0.00437	0.00516	0.00635	0.00873
16	0.01064	0.00912	0.01064	0.00760	0.01216	0.00684	0.00608	0.01292	0.01064	0.01672	0.00912	0.01064	0.00760	0.00380	0.00380	0.00076	0.00380	0.00304	0.00304	0.85104
17	0.01372	0.82276	0.02689	0.00878	0.01317	0.02030	0.00878	0.01536	0.01043	0.01207	0.00713	0.00823	0.00658	0.00439	0.00329	0.00110	0.00549	0.00274	0.00219	0.00658
18	0.00623	0.00456	0.00586	0.00690	0.00738	0.00419	0.00466	0.00717	0.01006	0.01319	0.03124	0.72063	0.12773	0.01569	0.00649	0.00204	0.00293	0.01412	0.00476	0.00419
19	0.48426	0.00942	0.00891	0.00763	0.01073	0.02614	0.00622	0.04424	0.01098	0.20960	0.01232	0.01288	0.02227	0.00792	0.06293	0.00206	0.00486	0.00388	0.04641	0.00632
20	0.01928	0.01447	0.01496	0.01167	0.01562	0.05987	0.00956	0.64837	0.06583	0.06868	0.01295	0.01279	0.00920	0.00616	0.00511	0.00154	0.00570	0.00464	0.00506	0.00853
21	0.00714	0.00518	0.00672	0.00645	0.00762	0.00477	0.00480	0.00939	0.01405	0.01973	0.69717	0.09684	0.07886	0.01101	0.00609	0.00165	0.00247	0.00974	0.00554	0.00477
22	0.00634	0.00510	0.00554	0.00564	0.00700	0.00442	0.00408	0.00765	0.01155	0.01439	0.14413	0.14248	0.54134	0.06815	0.00749	0.00198	0.00278	0.01086	0.00477	0.00430
23	0.06668	0.02205	0.01428	0.01263	0.01553	0.63128	0.00964	0.13811	0.01572	0.01626	0.00858	0.00968	0.00688	0.00539	0.00462	0.00137	0.00839	0.00348	0.00307	0.00636
24	0.02002	0.01355	0.01489	0.01142	0.01550	0.01469	0.00943	0.66176	0.02275	0.14308	0.01348	0.01307	0.00931	0.00619	0.00514	0.00155	0.00546	0.00470	0.00531	0.00873
25	0.00991	0.00935	0.01580	0.74947	0.09146	0.01146	0.01436	0.01331	0.01037	0.01338	0.00916	0.01361	0.00694	0.00509	0.00513	0.00170	0.00678	0.00456	0.00230	0.00588
26	0.00719	0.00508	0.00635	0.00671	0.00778	0.00461	0.00489	0.00868	0.01172	0.04357	0.21451	0.35975	0.22503	0.01349	0.00629	0.00188	0.00291	0.05994	0.00503	0.00457

[dist]
# distance from previous block
# <min> <max>
0	7

[block]
# block no. 2 follows, 48 sequences, length 35
# corresponding to MSA columns:
# 214-221,228-254
name=unknown_C
#
# <colnr> <probs for GDERKNQSTAVLIFYWHMCP>
#	G	D	E	R	K	N	Q	S	T	A	V	L	I	F	Y	W	H	M	C	P
0	0.00682	0.00496	0.00638	0.00730	0.00783	0.00475	0.00498	0.02799	0.03227	0.01414	0.05658	0.72782	0.04831	0.01528	0.00645	0.00203	0.00305	0.01380	0.00482	0.00443
1	0.01749	0.01391	0.01343	0.01099	0.01441	0.11867	0.00881	0.40662	0.18043	0.07497	0.01439	0.01421	0.01051	0.00621	0.00497	0.00153	0.00546	0.00474	0.07034	0.00792
2	0.01764	0.00976	0.01150	0.00951	0.01285	0.01003	0.00763	0.08091	0.31852	0.36843	0.01963	0.01787	0.01361	0.00655	0.00506	0.00161	0.00419	0.00534	0.07116	0.00818
3	0.00739	0.00545	0.00693	0.00656	0.00784	0.00511	0.00492	0.01019	0.04413	0.02007	0.69794	0.05588	0.08696	0.01062	0.00603	0.00164	0.00251	0.00935	0.00556	0.00493
4	0.01214	0.01221	0.01489	0.01287	0.01356	0.07960	0.01055	0.03034	0.10264	0.01409	0.02810	0.01273	0.00889	0.00841	0.01391	0.00208	0.60954	0.00467	0.00278	0.00599
5	0.16822	0.01288	0.01461	0.01225	0.01402	0.10852	0.04940	0.08680	0.01095	0.05794	0.00840	0.01103	0.00707	0.00711	0.01057	0.00188	0.40503	0.00416	0.00297	0.00617
6	0.00626	0.00468	0.00582	0.00672	0.00740	0.00425	0.00464	0.00729	0.01034	0.01334	0.03414	0.60665	0.22051	0.01526	0.00644	0.00200	0.00293	0.03234	0.00476	0.00422
7	0.05351	0.01401	0.05856	0.04296	0.02605	0.01282	0.68065	0.01627	0.01184	0.01666	0.01014	0.01345	0.00760	0.00439	0.00584	0.00172	0.00833	0.00576	0.00260	0.00684
8	0.06676	0.01348	0.01424	0.01109	0.01494	0.01495	0.00912	0.65971	0.04942	0.03070	0.01257	0.01270	0.00903	0.00610	0.00494	0.00153	0.00532	0.00456	0.05054	0.00831
9	0.08739	0.00929	0.01186	0.00916	0.01308	0.00854	0.00757	0.08563	0.01500	0.66910	0.01857	0.01633	0.01182	0.00621	0.00500	0.00158	0.00444	0.00493	0.00600	0.00849
10	0.00743	0.00496	0.00561	0.00564	0.00565	0.00495	0.00316	0.00745	0.00753	0.01004	0.01652	0.05653	0.01910	0.79611	0.02554	0.00489	0.00492	0.00767	0.00316	0.00314
11	0.01250	0.38328	0.40797	0.01171	0.01767	0.01545	0.01379	0.01631	0.01085	0.05498	0.00885	0.01001	0.00686	0.00473	0.00418	0.00139	0.00647	0.00339	0.00240	0.00719
12	0.01044	0.06004	0.76085	0.01438	0.02183	0.01227	0.01853	0.01621	0.01082	0.01607	0.00912	0.01072	0.00650	0.00485	0.00481	0.00160	0.00749	0.00375	0.00217	0.00754
13	0.02048	0.00945	0.01196	0.00948	0.01319	0.00901	0.00773	0.07861	0.15261	0.57644	0.04147	0.01799	0.01396	0.00656	0.00519	0.00161	0.00435	0.00535	0.00604	0.00851
14	0.01288	0.01102	0.01220	0.07351	0.01481	0.11892	0.04603	0.19793	0.01504	0.04096	0.06409	0.14566	0.01973	0.00963	0.00587	0.00183	0.00553	0.19396	0.00435	0.00609
15	0.05156	0.01411	0.01520	0.01184	0.01579	0.05348	0.04130	0.57578	0.07882	0.07086	0.01290	0.01287	0.00920	0.00606	0.00508	0.00156	0.00570	0.00466	0.00490	0.00834
16	0.00848	0.00678	0.00778	0.00767	0.00852	0.06745	0.00562	0.00986	0.00876	0.01210	0.01415	0.02255	0.01382	0.22683	0.47693	0.00629	0.01024	0.00575	0.07609	0.00434
17	0.01819	0.01145	0.01267	0.00993	0.01344	0.01218	0.00813	0.48428	0.01976	0.16887	0.01464	0.01461	0.01033	0.00616	0.00483	0.00148	0.00477	0.00475	0.17159	0.00795
18	0.01006	0.00950	0.01606	0.71187	0.12792	0.01150	0.01443	0.01343	0.01044	0.01356	0.00919	0.01356	0.00700	0.00506	0.00512	0.00169	0.00675	0.00456	0.00231	0.00600
19	0.00733	0.00550	0.00825	0.00825	0.00916	0.00641	0.00641	0.00916	0.00825	0.01191	0.01374	0.02016	0.01283	0.03848	0.79934	0.00825	0.01374	0.00550	0.00275	0.00458
20	0.01164	0.01192	0.01565	0.01346	0.01360	0.05676	0.01116	0.01277	0.00821	0.01236	0.00680	0.01112	0.00673	0.00879	0.01620	0.00220	0.76831	0.00443	0.00227	0.00563
21	0.01102	0.00911	0.01068	0.00765	0.01219	0.00686	0.00613	0.01329	0.01077	0.04073	0.00946	0.01085	0.00776	0.00388	0.00384	0.00079	0.00382	0.00311	0.00314	0.82493
22	0.01839	0.01461	0.01460	0.01155	0.01533	0.08355	0.00939	0.61527	0.08132	0.02899	0.01427	0.01414	0.04177	0.00643	0.00513	0.00154	0.00571	0.00486	0.00491	0.00825
23	0.01255	0.01204	0.02056	0.06969	0.75063	0.01215	0.01567	0.01562	0.01161	0.01658	0.00963	0.01275	0.00806	0.00460	0.00508	0.00153	0.00613	0.00457	0.00253	0.00801
24	0.85592	0.00992	0.00754	0.00675	0.00992	0.01151	0.00556	0.01508	0.00873	0.02302	0.00714	0.00834	0.00556	0.00476	0.00318	0.00159	0.00397	0.00278	0.00318	0.00556
25	0.00733	0.00550	0.00825	0.00825	0.00916	0.00641	0.00641	0.00916	0.00825	0.01191	0.01374	0.02016	0.01283	0.03848	0.79934	0.00825	0.01374	0.00550	0.00275	0.00458
26	0.01225	0.00804	0.00969	0.00855	0.01006	0.00870	0.00636	0.22394	0.10119	0.01705	0.01162	0.01585	0.01008	0.04382	0.02842	0.46643	0.00493	0.00479	0.00343	0.00481
27	0.00891	0.00446	0.00668	0.00668	0.00668	0.00446	0.00446	0.00668	0.00668	0.00891	0.00891	0.01560	0.00891	0.01783	0.02005	0.85071	0.00446	0.00446	0.00223	0.00223
28	0.01278	0.37903	0.19491	0.01150	0.01548	0.01694	0.01175	0.07343	0.01094	0.01465	0.00790	0.00988	0.00677	0.00578	0.00717	0.00154	0.20683	0.00356	0.00243	0.00673
29	0.00781	0.00558	0.00647	0.00650	0.00677	0.00582	0.00405	0.00912	0.06770	0.01143	0.01816	0.15785	0.02047	0.59890	0.02102	0.00416	0.03255	0.00838	0.00351	0.00376
30	0.01346	0.07519	0.02027	0.02668	0.61347	0.01308	0.01419	0.10697	0.01317	0.01839	0.03027	0.01298	0.00915	0.00491	0.00497	0.00150	0.00590	0.00456	0.00291	0.00799
31	0.01533	0.29928	0.13927	0.01081	0.01517	0.11050	0.01036	0.14624	0.07346	0.08566	0.03991	0.01225	0.00975	0.00548	0.00443	0.00139	0.00597	0.00399	0.00347	0.00727
32	0.08673	0.01393	0.01763	0.04281	0.16831	0.16588	0.16605	0.01747	0.09157	0.04537	0.01275	0.01455	0.04906	0.00585	0.00616	0.00164	0.07941	0.00494	0.00313	0.00675
33	0.01291	0.07924	0.21618	0.07661	0.26520	0.07887	0.01406	0.09380	0.03923	0.01716	0.01004	0.01223	0.00794	0.00676	0.04648	0.00187	0.00703	0.00422	0.00278	0.00738
34	0.06825	0.04985	0.16762	0.01254	0.04497	0.03327	0.11202	0.11825	0.03970	0.07627	0.04798	0.10443	0.01316	0.03046	0.00572	0.00169	0.00570	0.00580	0.00367	0.05865

[dist]
# distance from previous block
# <min> <max>
3	16

[block]
# block no. 3 follows, 48 sequences, length 37
# corresponding to MSA columns:
# 271-307
name=unknown_D
#
# <colnr> <probs for GDERKNQSTAVLIFYWHMCP>
#	G	D	E	R	K	N	Q	S	T	A	V	L	I	F	Y	W	H	M	C	P
0	0.01455	0.07686	0.15011	0.01434	0.13886	0.01227	0.03278	0.18516	0.09431	0.12113	0.03827	0.01679	0.06929	0.00625	0.00507	0.00157	0.00547	0.00516	0.00406	0.00771
1	0.03401	0.01199	0.01576	0.01953	0.36825	0.07134	0.01122	0.04199	0.10622	0.06159	0.01191	0.03399	0.00972	0.00522	0.00480	0.00140	0.00538	0.00457	0.00335	0.17776
2	0.01341	0.01027	0.01440	0.06989	0.25488	0.03541	0.02604	0.03867	0.07337	0.14693	0.11339	0.01843	0.04466	0.00615	0.00512	0.00149	0.00494	0.00541	0.00400	0.11316
3	0.01204	0.03709	0.01920	0.19479	0.54904	0.01217	0.01463	0.01562	0.04552	0.01604	0.00995	0.01300	0.00813	0.00477	0.00501	0.00154	0.00609	0.00453	0.00261	0.02825
4	0.01130	0.07971	0.63276	0.01383	0.02053	0.06579	0.01688	0.01726	0.06538	0.01608	0.00981	0.01114	0.00716	0.00502	0.00477	0.00158	0.00730	0.00383	0.00242	0.00744
5	0.01160	0.07952	0.59405	0.01516	0.05532	0.09073	0.05155	0.01660	0.01127	0.01563	0.00901	0.01072	0.00665	0.00484	0.00481	0.00156	0.00759	0.00381	0.00225	0.00735
6	0.01206	0.00924	0.01074	0.00817	0.01216	0.00779	0.00658	0.11300	0.01279	0.06827	0.01456	0.03807	0.06248	0.00574	0.00445	0.00110	0.00402	0.04094	0.00377	0.56407
7	0.23532	0.01322	0.01337	0.01050	0.01437	0.01478	0.00867	0.57563	0.02015	0.02993	0.01098	0.01129	0.00791	0.00580	0.00463	0.00155	0.00521	0.00414	0.00463	0.00791
8	0.01767	0.01346	0.01436	0.01143	0.01521	0.01505	0.00931	0.56808	0.22959	0.02938	0.01465	0.01418	0.01062	0.00638	0.00516	0.00159	0.00521	0.00494	0.00516	0.00856
9	0.00812	0.00560	0.00773	0.00769	0.00883	0.00522	0.03994	0.00946	0.01089	0.07886	0.09037	0.46418	0.15824	0.03757	0.02534	0.00216	0.01856	0.01174	0.00473	0.00476
10	0.00746	0.00497	0.00560	0.00560	0.00560	0.00497	0.00311	0.00746	0.00746	0.00995	0.01617	0.03358	0.01865	0.81967	0.02612	0.00497	0.00497	0.00746	0.00311	0.00311
11	0.01211	0.01384	0.03028	0.02163	0.02682	0.01298	0.76903	0.01644	0.01211	0.01644	0.01038	0.01384	0.00779	0.00433	0.00606	0.00173	0.00865	0.00606	0.00260	0.00692
12	0.00983	0.00920	0.01549	0.72896	0.08296	0.01126	0.01413	0.01319	0.01041	0.01343	0.00980	0.01519	0.00773	0.00542	0.00520	0.00172	0.00672	0.03117	0.00238	0.00582
13	0.01174	0.01410	0.07930	0.02010	0.04508	0.01294	0.59150	0.01568	0.01147	0.01588	0.01038	0.03614	0.00833	0.00522	0.00717	0.00178	0.09788	0.00593	0.00259	0.00677
14	0.00969	0.00912	0.01539	0.80734	0.03534	0.01140	0.01425	0.01311	0.01026	0.01311	0.00912	0.01368	0.00684	0.00513	0.00513	0.00171	0.00684	0.00456	0.00228	0.00570
15	0.00726	0.00524	0.00686	0.00646	0.00767	0.00484	0.00484	0.00968	0.01452	0.02058	0.78496	0.03833	0.04841	0.01049	0.00605	0.00161	0.00242	0.00928	0.00565	0.00484
16	0.01378	0.76015	0.02598	0.00914	0.01327	0.04494	0.00893	0.01539	0.01044	0.01210	0.00714	0.00840	0.00659	0.00463	0.00395	0.00116	0.04244	0.00284	0.00221	0.00652
17	0.01058	0.00711	0.00940	0.00934	0.01109	0.02863	0.03684	0.01326	0.05118	0.12610	0.04533	0.16721	0.07072	0.01220	0.00644	0.00207	0.00446	0.37768	0.00487	0.00548
18	0.00625	0.00447	0.00595	0.00714	0.00744	0.00417	0.00476	0.00714	0.00982	0.01310	0.02828	0.81633	0.03394	0.01608	0.00655	0.00208	0.00298	0.01459	0.00476	0.00417
19	0.00625	0.00447	0.00595	0.00714	0.00744	0.00417	0.00476	0.00714	0.00982	0.01310	0.02828	0.81633	0.03394	0.01608	0.00655	0.00208	0.00298	0.01459	0.00476	0.00417
20	0.15105	0.00865	0.01077	0.00913	0.01187	0.02876	0.05804	0.06168	0.01267	0.27578	0.05834	0.18166	0.02759	0.00960	0.03607	0.00196	0.00471	0.02089	0.02428	0.00650
21	0.01175	0.34936	0.45234	0.01252	0.01872	0.01536	0.04395	0.01590	0.01072	0.01456	0.00841	0.00989	0.00658	0.00466	0.00428	0.00141	0.00677	0.00345	0.00219	0.00715
22	0.00633	0.00452	0.00591	0.00698	0.00730	0.00423	0.00463	0.00717	0.00972	0.01291	0.02815	0.74110	0.05474	0.07034	0.00786	0.00227	0.00310	0.01400	0.00465	0.00410
23	0.01210	0.00915	0.01160	0.19852	0.01730	0.01014	0.00887	0.14120	0.18797	0.07496	0.09808	0.13152	0.04138	0.00835	0.00552	0.00174	0.00466	0.02580	0.00454	0.00660
24	0.01167	0.03233	0.05470	0.36950	0.16911	0.04493	0.18526	0.04275	0.01166	0.01534	0.00953	0.01304	0.00733	0.00486	0.00525	0.00164	0.00717	0.00477	0.00251	0.00665
25	0.01238	0.01197	0.02074	0.10559	0.68072	0.01215	0.04992	0.01553	0.01157	0.01640	0.00963	0.01285	0.00799	0.00461	0.00513	0.00155	0.00628	0.00464	0.00252	0.00784
26	0.00744	0.00506	0.00601	0.00601	0.00616	0.00520	0.00363	0.00773	0.00759	0.01026	0.01579	0.03147	0.01774	0.69690	0.14764	0.00549	0.00635	0.00715	0.00305	0.00334
27	0.01081	0.00934	0.01109	0.00807	0.01253	0.00736	0.02113	0.01396	0.06260	0.01704	0.00994	0.01128	0.00815	0.00402	0.00394	0.00085	0.00391	0.00329	0.00318	0.77753
28	0.00865	0.00810	0.04488	0.00780	0.01084	0.00613	0.03547	0.01063	0.01075	0.01525	0.04153	0.19333	0.17011	0.03063	0.00564	0.00145	0.00374	0.00751	0.00377	0.38377
29	0.01155	0.01026	0.01466	0.08708	0.28452	0.00948	0.01036	0.01497	0.05971	0.02786	0.01048	0.01297	0.00863	0.00458	0.00452	0.00121	0.00491	0.01506	0.00301	0.40419
30	0.00954	0.00720	0.00883	0.08249	0.01143	0.03195	0.02359	0.03310	0.05274	0.06339	0.16132	0.07804	0.12615	0.21142	0.04158	0.00275	0.00470	0.01996	0.00418	0.02564
31	0.01114	0.00773	0.00941	0.00784	0.01068	0.00698	0.00614	0.03291	0.07130	0.12289	0.12869	0.08097	0.09876	0.01058	0.07882	0.00201	0.01749	0.00640	0.00436	0.28491
32	0.01216	0.01184	0.02057	0.03336	0.12896	0.01090	0.32205	0.07541	0.01255	0.01787	0.02625	0.01303	0.00868	0.00448	0.00509	0.00137	0.00630	0.00479	0.00299	0.28135
33	0.03280	0.01033	0.06625	0.01074	0.01453	0.00837	0.15268	0.01410	0.05587	0.05086	0.03507	0.04203	0.06529	0.06381	0.00650	0.00164	0.00503	0.05284	0.00352	0.30775
34	0.01160	0.01028	0.03252	0.05346	0.28953	0.00976	0.02896	0.04803	0.04381	0.05530	0.05503	0.04411	0.10809	0.00660	0.00557	0.00150	0.03616	0.00574	0.00351	0.15045
35	0.01343	0.01061	0.01546	0.04737	0.03906	0.02307	0.14552	0.08183	0.04571	0.13572	0.04684	0.01679	0.06305	0.00622	0.00643	0.00151	0.09638	0.00523	0.00382	0.19595
36	0.25795	0.01278	0.06554	0.01065	0.01431	0.10228	0.10217	0.05394	0.05891	0.13817	0.06400	0.01546	0.04645	0.00595	0.00468	0.00157	0.00539	0.00476	0.00391	0.03116

[dist]
# distance from previous block
# <min> <max>
13	99

[block]
# block no. 4 follows, 48 sequences, length 14
# corresponding to MSA columns:
# 430-443
name=unknown_E
#
# <colnr> <probs for GDERKNQSTAVLIFYWHMCP>
#	G	D	E	R	K	N	Q	S	T	A	V	L	I	F	Y	W	H	M	C	P
0	0.08759	0.04392	0.15434	0.17517	0.07093	0.01171	0.18776	0.03395	0.02516	0.09890	0.01068	0.01278	0.00782	0.00492	0.00499	0.00159	0.00653	0.00455	0.00302	0.05371
1	0.06708	0.06746	0.01590	0.01474	0.17092	0.04709	0.06665	0.12530	0.10786	0.08981	0.01427	0.01495	0.05156	0.00562	0.00481	0.00145	0.00528	0.00474	0.00380	0.12073
2	0.05985	0.02766	0.05171	0.08251	0.06278	0.05857	0.16614	0.12062	0.10935	0.06523	0.07741	0.01547	0.01228	0.00570	0.00514	0.00156	0.00593	0.00513	0.00376	0.06321
3	0.06998	0.08569	0.01420	0.05614	0.03978	0.15400	0.03443	0.08596	0.04080	0.03689	0.01266	0.06946	0.03638	0.06757	0.00797	0.00183	0.11466	0.00517	0.00327	0.06317
4	0.01268	0.00999	0.01202	0.11869	0.04171	0.04537	0.00944	0.19034	0.07832	0.05240	0.03452	0.03029	0.05329	0.00904	0.00599	0.00185	0.01836	0.24992	0.00438	0.02140
5	0.01264	0.03906	0.02028	0.05653	0.46561	0.06682	0.09583	0.01540	0.01131	0.01549	0.00971	0.01381	0.00842	0.00553	0.00676	0.00165	0.11535	0.02998	0.00257	0.00724
6	0.11057	0.01182	0.03870	0.01081	0.06657	0.06851	0.03376	0.11694	0.01293	0.04505	0.03500	0.01202	0.00903	0.00479	0.00429	0.00118	0.00488	0.00378	0.01720	0.39218
7	0.01143	0.00959	0.01106	0.00797	0.01249	0.00765	0.00641	0.08020	0.01184	0.01811	0.00940	0.01079	0.00770	0.00401	0.00392	0.00083	0.00396	0.00318	0.00323	0.77625
8	0.01169	0.01018	0.01073	0.00833	0.01211	0.06206	0.00656	0.11501	0.01274	0.01801	0.01438	0.08521	0.06819	0.00600	0.00445	0.00109	0.00426	0.00488	0.00358	0.54053
9	0.01159	0.07634	0.50898	0.01398	0.02026	0.01168	0.11759	0.01633	0.01138	0.08462	0.01340	0.01453	0.06548	0.00551	0.00504	0.00161	0.00693	0.00467	0.00279	0.00728
10	0.01381	0.01143	0.01910	0.10271	0.61089	0.01149	0.01449	0.01675	0.01195	0.12119	0.01103	0.01344	0.00862	0.00487	0.00510	0.00155	0.00593	0.00465	0.00303	0.00798
11	0.01166	0.01097	0.01769	0.29818	0.42154	0.01199	0.01420	0.01639	0.11492	0.01613	0.01099	0.01391	0.00870	0.00509	0.00512	0.00162	0.00608	0.00473	0.00281	0.00728
12	0.01147	0.00834	0.01119	0.08120	0.07178	0.00765	0.00841	0.02827	0.02668	0.10473	0.01750	0.02760	0.03812	0.00781	0.00529	0.00155	0.00459	0.23267	0.00396	0.30117
13	0.01046	0.00976	0.01635	0.37944	0.34152	0.01075	0.01358	0.01339	0.01079	0.01461	0.01193	0.12186	0.01104	0.00638	0.00530	0.00168	0.00601	0.00592	0.00272	0.00649

[dist]
# distance from previous block
# <min> <max>
0	169

# created by:
# /home/cegg/simao/soft/augustus-3.2.1/scripts/msa2prfl.pl ./align_prep/EOG091G0MJA.fa
