[name]
unknown

[dist]
# distance from previous block
# <min> <max>
0	69

[block]
# block no. 0 follows, 55 sequences, length 87
# corresponding to MSA columns:
# 70-132,141-164
name=unknown_A
#
# <colnr> <probs for GDERKNQSTAVLIFYWHMCP>
#	G	D	E	R	K	N	Q	S	T	A	V	L	I	F	Y	W	H	M	C	P
0	0.05653	0.00748	0.00903	0.02493	0.03319	0.01938	0.01676	0.09571	0.07160	0.11757	0.09151	0.18936	0.06275	0.02008	0.00564	0.02850	0.00372	0.05445	0.00416	0.08762
1	0.18367	0.00933	0.01155	0.06091	0.01337	0.03267	0.07427	0.09684	0.06861	0.24232	0.05325	0.04508	0.02090	0.02335	0.00535	0.00157	0.04180	0.00482	0.00404	0.00630
2	0.01232	0.00900	0.01038	0.03515	0.01164	0.02285	0.02956	0.30306	0.06879	0.06722	0.15389	0.02221	0.09484	0.06434	0.00620	0.00167	0.00413	0.02947	0.04724	0.00605
3	0.00979	0.00852	0.01436	0.68166	0.02916	0.01015	0.06146	0.03332	0.00997	0.05771	0.00937	0.02645	0.00709	0.00487	0.00471	0.00154	0.00604	0.00441	0.01399	0.00543
4	0.07908	0.01005	0.02603	0.02733	0.09063	0.02890	0.20267	0.11540	0.02481	0.09612	0.01265	0.12589	0.01122	0.00690	0.00613	0.04070	0.05378	0.01892	0.01680	0.00598
5	0.01190	0.01066	0.01789	0.02642	0.72450	0.01063	0.01345	0.01476	0.02610	0.06136	0.00996	0.03373	0.00837	0.00456	0.00465	0.00140	0.00532	0.00444	0.00260	0.00731
6	0.01070	0.01021	0.01415	0.01206	0.01228	0.01407	0.01005	0.03714	0.00777	0.03214	0.00658	0.01035	0.00630	0.00800	0.01465	0.00200	0.77998	0.00409	0.00222	0.00525
7	0.01256	0.06137	0.01185	0.00977	0.02999	0.01195	0.00761	0.13589	0.56238	0.04032	0.04239	0.01623	0.01349	0.00609	0.00461	0.00150	0.00395	0.00498	0.01582	0.00724
8	0.00567	0.00405	0.00540	0.00648	0.00675	0.00378	0.00432	0.00648	0.00891	0.01188	0.02564	0.83347	0.03077	0.01457	0.00594	0.00189	0.00270	0.01323	0.00432	0.00378
9	0.00965	0.00827	0.00965	0.00689	0.01102	0.00620	0.00551	0.01171	0.00965	0.01516	0.00827	0.00965	0.00689	0.00345	0.00345	0.00069	0.00345	0.00276	0.00276	0.86494
10	0.01172	0.51574	0.19670	0.01019	0.05237	0.01521	0.01015	0.01491	0.05971	0.02960	0.00811	0.00907	0.00670	0.00425	0.00355	0.00115	0.00526	0.00301	0.00228	0.04032
11	0.00571	0.00408	0.00544	0.00652	0.00681	0.00381	0.00439	0.00654	0.00894	0.01192	0.02562	0.81710	0.03069	0.01454	0.00595	0.00189	0.00273	0.02922	0.00432	0.00379
12	0.03019	0.00836	0.00964	0.00702	0.01104	0.00657	0.00561	0.01254	0.04750	0.02654	0.00888	0.01005	0.00726	0.00364	0.00351	0.00076	0.00347	0.00290	0.00290	0.79165
13	0.00665	0.00497	0.00740	0.00740	0.00820	0.00577	0.00572	0.00826	0.00745	0.01074	0.01253	0.01868	0.01180	0.06123	0.79197	0.00738	0.01220	0.00504	0.00250	0.00411
14	0.04006	0.55059	0.21528	0.00930	0.01385	0.01558	0.01010	0.01453	0.00965	0.05550	0.00756	0.00855	0.00622	0.00428	0.00368	0.00117	0.02273	0.00287	0.00222	0.00625
15	0.00727	0.00508	0.00748	0.00737	0.00828	0.00579	0.00569	0.00884	0.00769	0.04538	0.01284	0.01886	0.01193	0.07920	0.73764	0.00705	0.01164	0.00507	0.00265	0.00424
16	0.27810	0.03841	0.04128	0.03747	0.06030	0.28277	0.00832	0.11407	0.01216	0.07491	0.00843	0.00937	0.00643	0.00474	0.00390	0.00134	0.00579	0.00323	0.00303	0.00597
17	0.02087	0.00792	0.01080	0.00828	0.01188	0.00684	0.00684	0.02267	0.01332	0.81071	0.01835	0.01583	0.01152	0.00576	0.00468	0.00144	0.00396	0.00468	0.00576	0.00792
18	0.00567	0.00405	0.00540	0.00648	0.00675	0.00378	0.00432	0.00648	0.00891	0.01188	0.02564	0.83347	0.03077	0.01457	0.00594	0.00189	0.00270	0.01323	0.00432	0.00378
19	0.00977	0.02324	0.75409	0.01330	0.01997	0.01100	0.03665	0.05187	0.01043	0.01543	0.00851	0.00996	0.00602	0.00446	0.00446	0.00147	0.00682	0.00353	0.00210	0.00691
20	0.00965	0.00827	0.00965	0.00689	0.01102	0.00620	0.00551	0.01171	0.00965	0.01516	0.00827	0.00965	0.00689	0.00345	0.00345	0.00069	0.00345	0.00276	0.00276	0.86494
21	0.00805	0.00692	0.00869	0.00789	0.00902	0.00796	0.00623	0.01140	0.13039	0.01532	0.29844	0.02678	0.16760	0.01060	0.05589	0.00200	0.21101	0.00690	0.00398	0.00492
22	0.00556	0.00472	0.00480	0.00478	0.00632	0.00395	0.00358	0.00680	0.01075	0.01291	0.09011	0.04420	0.76240	0.01165	0.00550	0.00156	0.00235	0.00974	0.00437	0.00395
23	0.02906	0.01155	0.01093	0.00892	0.01169	0.11086	0.00716	0.45452	0.01702	0.02345	0.01177	0.01257	0.00880	0.00542	0.00416	0.00128	0.00463	0.00406	0.25564	0.00650
24	0.10790	0.00813	0.01091	0.17897	0.03832	0.00820	0.00796	0.03483	0.03267	0.44862	0.01436	0.01414	0.00961	0.00532	0.00439	0.00144	0.00434	0.00430	0.05880	0.00678
25	0.01023	0.21744	0.54696	0.01262	0.01859	0.01271	0.09127	0.01456	0.00985	0.01385	0.00800	0.00953	0.00603	0.00427	0.00418	0.00137	0.00652	0.00341	0.00201	0.00660
26	0.00563	0.00473	0.00491	0.00501	0.00651	0.00401	0.00381	0.00686	0.01056	0.01263	0.04506	0.06887	0.73306	0.01193	0.00557	0.00162	0.00249	0.05847	0.00432	0.00395
27	0.00738	0.00527	0.00736	0.00844	0.00946	0.00525	0.00730	0.00944	0.01060	0.01379	0.02470	0.10196	0.02703	0.01296	0.00639	0.00213	0.00418	0.72783	0.00429	0.00425
28	0.01069	0.01629	0.30460	0.04102	0.10324	0.03429	0.31052	0.03676	0.03669	0.01533	0.00944	0.01164	0.00706	0.00435	0.00482	0.00148	0.00680	0.00442	0.03402	0.00656
29	0.00587	0.00427	0.00555	0.00639	0.00685	0.00400	0.00435	0.00709	0.02505	0.01276	0.10739	0.69814	0.06745	0.01376	0.00585	0.00182	0.00265	0.01241	0.00441	0.00392
30	0.01018	0.01018	0.01425	0.01221	0.01221	0.01425	0.01018	0.01120	0.00712	0.01120	0.00611	0.01018	0.00611	0.00814	0.01527	0.00204	0.82799	0.00407	0.00204	0.00509
31	0.00997	0.00987	0.01385	0.01193	0.01198	0.01375	0.00992	0.01102	0.00715	0.01117	0.00649	0.01066	0.00644	0.00974	0.06310	0.00236	0.77940	0.00413	0.00206	0.00503
32	0.01451	0.03601	0.03468	0.03246	0.05448	0.01276	0.17928	0.42612	0.05424	0.03825	0.01177	0.01438	0.00913	0.00556	0.00490	0.00148	0.00565	0.05337	0.00385	0.00713
33	0.01151	0.01105	0.01888	0.02855	0.80748	0.01105	0.01428	0.01428	0.01059	0.01520	0.00875	0.01151	0.00737	0.00415	0.00461	0.00138	0.00553	0.00415	0.00230	0.00737
34	0.01018	0.01018	0.01425	0.01221	0.01221	0.01425	0.01018	0.01120	0.00712	0.01120	0.00611	0.01018	0.00611	0.00814	0.01527	0.00204	0.82799	0.00407	0.00204	0.00509
35	0.01018	0.01018	0.01425	0.01221	0.01221	0.01425	0.01018	0.01120	0.00712	0.01120	0.00611	0.01018	0.00611	0.00814	0.01527	0.00204	0.82799	0.00407	0.00204	0.00509
36	0.01823	0.01061	0.01431	0.03438	0.01510	0.11098	0.15396	0.02039	0.01275	0.53716	0.01497	0.01417	0.00983	0.00526	0.00477	0.00144	0.00531	0.00460	0.00459	0.00721
37	0.05367	0.00923	0.01045	0.00890	0.01188	0.00989	0.00708	0.02351	0.49215	0.29248	0.01817	0.01639	0.01286	0.00603	0.00463	0.00152	0.00377	0.00493	0.00500	0.00745
38	0.00665	0.00498	0.00748	0.00748	0.00831	0.00582	0.00582	0.00831	0.00748	0.01080	0.01246	0.01828	0.01163	0.03489	0.81807	0.00748	0.01246	0.00498	0.00249	0.00415
39	0.00658	0.00476	0.00622	0.00585	0.00695	0.00439	0.00439	0.00878	0.01317	0.01866	0.80503	0.03475	0.04390	0.00951	0.00549	0.00146	0.00219	0.00841	0.00512	0.00439
40	0.01552	0.01831	0.04858	0.01120	0.01391	0.52486	0.00882	0.02028	0.23299	0.04408	0.01095	0.01125	0.00849	0.00524	0.00437	0.00133	0.00684	0.00371	0.00316	0.00611
41	0.01776	0.02062	0.01292	0.01158	0.01411	0.72968	0.00875	0.01902	0.01320	0.09827	0.00840	0.00920	0.00659	0.00490	0.00425	0.00122	0.00791	0.00318	0.00276	0.00567
42	0.00580	0.00413	0.00550	0.00644	0.00673	0.00395	0.00431	0.00660	0.00868	0.01162	0.02414	0.73251	0.02873	0.07044	0.05447	0.00239	0.00339	0.01232	0.00411	0.00374
43	0.01738	0.02217	0.01318	0.01199	0.01438	0.81783	0.00899	0.01858	0.01318	0.01139	0.00719	0.00839	0.00599	0.00479	0.00419	0.00120	0.00839	0.00300	0.00240	0.00539
44	0.01250	0.05958	0.00922	0.00701	0.00944	0.02389	0.00564	0.04954	0.03137	0.29085	0.24580	0.02663	0.19337	0.00801	0.00497	0.00144	0.00331	0.00667	0.00488	0.00586
45	0.01760	0.00823	0.01033	0.00831	0.01154	0.00780	0.00674	0.04142	0.17988	0.55958	0.02058	0.01834	0.07518	0.00635	0.00475	0.00148	0.00380	0.00520	0.00540	0.00748
46	0.00934	0.02268	0.74763	0.01282	0.01925	0.01051	0.01627	0.03406	0.01008	0.01495	0.00937	0.05522	0.00731	0.00501	0.00451	0.00149	0.00660	0.00400	0.00216	0.00673
47	0.03766	0.08913	0.72274	0.01260	0.01911	0.01140	0.01605	0.01463	0.00973	0.01463	0.00814	0.00956	0.00587	0.00438	0.00425	0.00143	0.00662	0.00333	0.00200	0.00674
48	0.01164	0.01117	0.01994	0.03721	0.65404	0.01104	0.13498	0.01457	0.01071	0.03626	0.00910	0.01180	0.00742	0.00416	0.00475	0.00141	0.00585	0.00437	0.00240	0.00718
49	0.00608	0.00440	0.00608	0.00682	0.00733	0.00440	0.00490	0.00727	0.00897	0.01220	0.07189	0.53825	0.02688	0.01885	0.19440	0.00318	0.00504	0.06518	0.00394	0.00394
50	0.01359	0.01036	0.05196	0.08787	0.27529	0.00961	0.13940	0.01628	0.01116	0.25192	0.01238	0.03915	0.00941	0.00525	0.00518	0.00150	0.03119	0.01821	0.00340	0.00690
51	0.01117	0.06015	0.60251	0.01255	0.01843	0.06233	0.02604	0.05356	0.01078	0.06515	0.00891	0.01011	0.00638	0.00466	0.00467	0.00144	0.02846	0.00353	0.00237	0.00680
52	0.02021	0.00784	0.01057	0.00815	0.01163	0.00684	0.00672	0.03478	0.01334	0.76018	0.02978	0.01609	0.01195	0.00580	0.00464	0.00143	0.00389	0.00471	0.03369	0.00775
53	0.00792	0.00703	0.02657	0.02510	0.05007	0.00654	0.13878	0.02346	0.05051	0.02543	0.16705	0.32967	0.07323	0.01001	0.00555	0.00168	0.00391	0.03859	0.00399	0.00491
54	0.01681	0.01163	0.12523	0.00971	0.01351	0.02653	0.02098	0.20364	0.02623	0.39069	0.05813	0.01463	0.01139	0.00574	0.00490	0.00144	0.02412	0.00456	0.02280	0.00734
55	0.01225	0.01126	0.01783	0.05243	0.68428	0.04736	0.01343	0.01508	0.02535	0.06211	0.00942	0.01177	0.00764	0.00433	0.00460	0.00139	0.00555	0.00414	0.00255	0.00724
56	0.51666	0.01257	0.00932	0.00869	0.03687	0.23579	0.01979	0.02880	0.00990	0.01785	0.00746	0.00871	0.00592	0.00453	0.00340	0.00135	0.00501	0.00291	0.05923	0.00524
57	0.01236	0.73487	0.02225	0.00785	0.01152	0.05351	0.00763	0.01389	0.00965	0.01148	0.00720	0.00830	0.00645	0.00413	0.00306	0.00101	0.00490	0.00266	0.07144	0.00581
58	0.00690	0.00517	0.00625	0.00581	0.00727	0.00470	0.00439	0.00928	0.04496	0.03028	0.53462	0.03507	0.22991	0.00961	0.00535	0.00146	0.00238	0.00831	0.00481	0.04347
59	0.01519	0.04304	0.01354	0.03569	0.04535	0.17978	0.01948	0.31348	0.23458	0.03408	0.01225	0.01233	0.00917	0.00546	0.00453	0.00140	0.00546	0.00420	0.00393	0.00704
60	0.09900	0.01095	0.06289	0.01260	0.15013	0.01076	0.00903	0.11657	0.28513	0.17297	0.01419	0.01383	0.01028	0.00542	0.00449	0.00147	0.00443	0.00443	0.00414	0.00728
61	0.00869	0.00839	0.03982	0.01093	0.01381	0.00729	0.29579	0.01126	0.01131	0.05397	0.18017	0.04185	0.26429	0.00781	0.00538	0.00154	0.00458	0.00743	0.02050	0.00518
62	0.00624	0.00482	0.00530	0.00513	0.00663	0.00414	0.00386	0.00771	0.01138	0.03720	0.25371	0.04120	0.57430	0.01099	0.00547	0.00154	0.00236	0.00929	0.00458	0.00417
63	0.01776	0.01247	0.04022	0.01090	0.01462	0.10039	0.08457	0.31511	0.02983	0.30614	0.01318	0.01274	0.00895	0.00537	0.00469	0.00141	0.00536	0.00435	0.00449	0.00743
64	0.00575	0.00409	0.00534	0.00634	0.00669	0.00380	0.00425	0.00662	0.00900	0.01207	0.02624	0.77544	0.06322	0.01418	0.00584	0.00185	0.00267	0.01281	0.03000	0.00380
65	0.24586	0.01122	0.05615	0.01277	0.01680	0.01049	0.33113	0.06179	0.01122	0.18268	0.01053	0.01166	0.00743	0.00453	0.00451	0.00149	0.00568	0.00434	0.00332	0.00641
66	0.07660	0.01038	0.01057	0.00814	0.01183	0.10926	0.02372	0.06609	0.01106	0.06181	0.00929	0.01114	0.00757	0.00425	0.00378	0.00096	0.00434	0.02619	0.00306	0.53995
67	0.03398	0.00779	0.01052	0.00813	0.01161	0.00678	0.00670	0.02190	0.01322	0.76199	0.05383	0.01656	0.01288	0.00590	0.00469	0.00144	0.00387	0.00481	0.00568	0.00771
68	0.00567	0.00421	0.00533	0.00616	0.00671	0.00387	0.00421	0.00658	0.00920	0.01198	0.02952	0.64880	0.18542	0.01468	0.03236	0.00201	0.00295	0.01227	0.00426	0.00382
69	0.01037	0.00989	0.01676	0.32841	0.50047	0.01065	0.01357	0.01324	0.01011	0.01390	0.00928	0.01246	0.02163	0.00448	0.00464	0.00145	0.00572	0.00425	0.00225	0.00648
70	0.00677	0.00451	0.00507	0.00507	0.00507	0.00451	0.00282	0.00677	0.00677	0.00902	0.01466	0.03044	0.01691	0.83650	0.02368	0.00451	0.00451	0.00677	0.00282	0.00282
71	0.01692	0.02141	0.01325	0.01200	0.01424	0.76691	0.00906	0.01811	0.01280	0.01137	0.00712	0.00850	0.00600	0.00501	0.00490	0.00125	0.06032	0.00306	0.00237	0.00537
72	0.86937	0.00900	0.00684	0.00612	0.00900	0.01044	0.00504	0.01368	0.00792	0.02087	0.00648	0.00756	0.00504	0.00432	0.00288	0.00144	0.00360	0.00252	0.00288	0.00504
73	0.86937	0.00900	0.00684	0.00612	0.00900	0.01044	0.00504	0.01368	0.00792	0.02087	0.00648	0.00756	0.00504	0.00432	0.00288	0.00144	0.00360	0.00252	0.00288	0.00504
74	0.86937	0.00900	0.00684	0.00612	0.00900	0.01044	0.00504	0.01368	0.00792	0.02087	0.00648	0.00756	0.00504	0.00432	0.00288	0.00144	0.00360	0.00252	0.00288	0.00504
75	0.01018	0.01018	0.01425	0.01221	0.01221	0.01425	0.01018	0.01120	0.00712	0.01120	0.00611	0.01018	0.00611	0.00814	0.01527	0.00204	0.82799	0.00407	0.00204	0.00509
76	0.00554	0.00454	0.00489	0.00517	0.00640	0.00389	0.00374	0.00662	0.01016	0.01239	0.04153	0.25034	0.60364	0.01251	0.00561	0.00165	0.00245	0.01071	0.00432	0.00389
77	0.01738	0.02217	0.01318	0.01199	0.01438	0.81783	0.00899	0.01858	0.01318	0.01139	0.00719	0.00839	0.00599	0.00479	0.00419	0.00120	0.00839	0.00300	0.00240	0.00539
78	0.01018	0.01018	0.01425	0.01221	0.01221	0.01425	0.01018	0.01120	0.00712	0.01120	0.00611	0.01018	0.00611	0.00814	0.01527	0.00204	0.82799	0.00407	0.00204	0.00509
79	0.01630	0.01234	0.01318	0.01042	0.01390	0.01378	0.00851	0.61801	0.19809	0.02708	0.01293	0.01257	0.00934	0.00575	0.00467	0.00144	0.00479	0.00443	0.00467	0.00779
80	0.00563	0.00472	0.00492	0.00504	0.00652	0.00401	0.00382	0.00686	0.01053	0.01262	0.04473	0.08102	0.72113	0.01198	0.00558	0.00162	0.00249	0.05853	0.00432	0.00394
81	0.00675	0.00455	0.00530	0.00530	0.00538	0.00463	0.00310	0.00691	0.00683	0.00919	0.01445	0.02931	0.01642	0.76172	0.09779	0.00479	0.00525	0.00660	0.00279	0.00294
82	0.00808	0.00404	0.00606	0.00606	0.00606	0.00404	0.00404	0.00606	0.00606	0.00808	0.00808	0.01414	0.00808	0.01616	0.01818	0.86465	0.00404	0.00404	0.00202	0.00202
83	0.01131	0.01386	0.14862	0.01499	0.09996	0.07260	0.22155	0.01770	0.24668	0.01590	0.01188	0.01316	0.00908	0.00507	0.00531	0.00151	0.04695	0.00464	0.03260	0.00662
84	0.01697	0.02080	0.01300	0.01169	0.01416	0.72122	0.00883	0.06761	0.04280	0.01296	0.02346	0.00941	0.00716	0.00499	0.00427	0.00123	0.00789	0.00326	0.00268	0.00561
85	0.00578	0.00413	0.00553	0.00661	0.00693	0.00388	0.00452	0.00668	0.00902	0.01201	0.02558	0.78399	0.03052	0.01447	0.00597	0.00191	0.00280	0.06156	0.00432	0.00381
86	0.03577	0.01229	0.01307	0.01023	0.01372	0.01365	0.00839	0.66288	0.10448	0.02762	0.01205	0.01198	0.00867	0.00563	0.00457	0.00140	0.00482	0.00427	0.03684	0.00765

[dist]
# distance from previous block
# <min> <max>
10	27

[block]
# block no. 1 follows, 55 sequences, length 101
# corresponding to MSA columns:
# 198-248,250-257,262-303
name=unknown_B
#
# <colnr> <probs for GDERKNQSTAVLIFYWHMCP>
#	G	D	E	R	K	N	Q	S	T	A	V	L	I	F	Y	W	H	M	C	P
0	0.03075	0.00871	0.08156	0.01168	0.13549	0.01791	0.04076	0.04713	0.04081	0.05473	0.04147	0.24997	0.01864	0.00892	0.00516	0.00165	0.00422	0.12467	0.07032	0.00544
1	0.01202	0.10129	0.30937	0.01378	0.14902	0.02873	0.02841	0.09729	0.04902	0.07572	0.01037	0.01151	0.00774	0.00473	0.00428	0.00136	0.00553	0.00383	0.07920	0.00680
2	0.06735	0.00829	0.01166	0.00926	0.02518	0.00760	0.06020	0.03082	0.02554	0.61785	0.03393	0.04202	0.01201	0.00594	0.00487	0.00147	0.01852	0.00495	0.00515	0.00736
3	0.00553	0.00465	0.00481	0.00490	0.00634	0.00392	0.00363	0.00670	0.01049	0.01261	0.05915	0.11975	0.71762	0.01201	0.00554	0.00160	0.00239	0.01012	0.00433	0.00392
4	0.01202	0.06255	0.15723	0.01886	0.35744	0.13913	0.03700	0.04522	0.05178	0.01486	0.01031	0.03834	0.02492	0.00495	0.00451	0.00138	0.00599	0.00426	0.00257	0.00668
5	0.01141	0.02645	0.06511	0.37150	0.17574	0.02648	0.06920	0.06795	0.02754	0.08331	0.01001	0.02741	0.00766	0.00485	0.00468	0.00148	0.00587	0.00438	0.00273	0.00625
6	0.01311	0.56475	0.04744	0.02449	0.01363	0.08425	0.05401	0.10356	0.01130	0.01362	0.00755	0.00868	0.00641	0.00429	0.00351	0.00112	0.00546	0.00301	0.02367	0.00614
7	0.00682	0.00449	0.00512	0.00512	0.00512	0.00449	0.00287	0.00674	0.00674	0.00898	0.01438	0.02976	0.01654	0.80211	0.02345	0.04058	0.00449	0.00665	0.00279	0.00279
8	0.69678	0.00879	0.00815	0.00766	0.04294	0.00998	0.03482	0.01341	0.02110	0.01969	0.03342	0.00972	0.00711	0.00626	0.04976	0.00178	0.00428	0.00310	0.01612	0.00514
9	0.05855	0.03034	0.01365	0.01042	0.01400	0.04398	0.00858	0.67452	0.05583	0.02741	0.01105	0.01109	0.00795	0.00549	0.00452	0.00139	0.00510	0.00408	0.00443	0.00761
10	0.00695	0.00492	0.00636	0.00722	0.05197	0.00491	0.00448	0.00759	0.00797	0.01070	0.03225	0.16955	0.02008	0.48224	0.05081	0.01963	0.00451	0.10113	0.00324	0.00349
11	0.01119	0.29622	0.42471	0.01182	0.01732	0.01323	0.08952	0.01493	0.01001	0.05864	0.00839	0.00964	0.00635	0.00430	0.00406	0.00132	0.00617	0.00339	0.00223	0.00657
12	0.01469	0.09510	0.10353	0.01587	0.23789	0.22899	0.02579	0.05736	0.02608	0.13657	0.00986	0.01086	0.00748	0.00469	0.00435	0.00132	0.00614	0.00373	0.00296	0.00674
13	0.00682	0.00474	0.00610	0.00675	0.00723	0.00469	0.00498	0.00783	0.00877	0.01156	0.02093	0.21084	0.02375	0.33687	0.01310	0.00302	0.00403	0.31068	0.00372	0.00360
14	0.01131	0.01097	0.01913	0.04474	0.71758	0.01095	0.06991	0.01416	0.01065	0.01518	0.02539	0.01209	0.00808	0.00425	0.00469	0.00140	0.00564	0.00433	0.00236	0.00718
15	0.01260	0.08121	0.22953	0.01585	0.19604	0.10818	0.07793	0.06456	0.09216	0.06269	0.01009	0.01129	0.00765	0.00467	0.00447	0.00139	0.00607	0.00395	0.00280	0.00686
16	0.01078	0.01145	0.10698	0.09885	0.33061	0.00998	0.14800	0.01422	0.04166	0.06226	0.02559	0.09673	0.01060	0.00553	0.00491	0.00151	0.00563	0.00538	0.00281	0.00652
17	0.00634	0.00453	0.00609	0.00707	0.00763	0.00435	0.00529	0.00759	0.00952	0.01258	0.04228	0.51108	0.03893	0.05142	0.00689	0.00208	0.00329	0.26489	0.00426	0.00392
18	0.01538	0.01155	0.01290	0.05715	0.03021	0.01287	0.00870	0.49139	0.21106	0.05500	0.01353	0.01416	0.01004	0.00590	0.00473	0.00147	0.00477	0.02717	0.00451	0.00750
19	0.05764	0.05812	0.08919	0.00953	0.01324	0.03829	0.04358	0.04678	0.11374	0.43377	0.01535	0.01508	0.01062	0.00561	0.00455	0.00145	0.00463	0.02706	0.00455	0.00722
20	0.01431	0.00774	0.00992	0.04363	0.02637	0.00759	0.00695	0.10420	0.08520	0.34343	0.11431	0.07005	0.05953	0.00765	0.00505	0.00155	0.00385	0.07719	0.00494	0.00652
21	0.01633	0.01028	0.01164	0.00944	0.01270	0.01098	0.00763	0.27423	0.29804	0.26081	0.01617	0.01488	0.01131	0.00590	0.00467	0.00147	0.00421	0.00472	0.01693	0.00767
22	0.00674	0.00522	0.00623	0.00596	0.00709	0.02823	0.00444	0.00873	0.01267	0.01746	0.66242	0.08061	0.11700	0.00988	0.00548	0.00149	0.00242	0.00867	0.00492	0.00434
23	0.37093	0.00866	0.00934	0.00752	0.01083	0.00876	0.00621	0.06292	0.01158	0.44002	0.01304	0.01215	0.00864	0.00515	0.00393	0.00144	0.00388	0.00376	0.00451	0.00673
24	0.00638	0.00475	0.00593	0.00564	0.00682	0.00430	0.00423	0.00838	0.01268	0.01751	0.66183	0.03664	0.18781	0.00994	0.00549	0.00148	0.00223	0.00868	0.00497	0.00430
25	0.01098	0.01255	0.02745	0.01961	0.02431	0.01176	0.79059	0.01490	0.01098	0.01490	0.00941	0.01255	0.00706	0.00392	0.00549	0.00157	0.00784	0.00549	0.00235	0.00627
26	0.86937	0.00900	0.00684	0.00612	0.00900	0.01044	0.00504	0.01368	0.00792	0.02087	0.00648	0.00756	0.00504	0.00432	0.00288	0.00144	0.00360	0.00252	0.00288	0.00504
27	0.01768	0.01303	0.01396	0.01070	0.01443	0.01443	0.00884	0.79197	0.02187	0.02932	0.01117	0.01117	0.00791	0.00558	0.00465	0.00140	0.00512	0.00419	0.00465	0.00791
28	0.86937	0.00900	0.00684	0.00612	0.00900	0.01044	0.00504	0.01368	0.00792	0.02087	0.00648	0.00756	0.00504	0.00432	0.00288	0.00144	0.00360	0.00252	0.00288	0.00504
29	0.00808	0.00404	0.00606	0.00606	0.00606	0.00404	0.00404	0.00606	0.00606	0.00808	0.00808	0.01414	0.00808	0.01616	0.01818	0.86465	0.00404	0.00404	0.00202	0.00202
30	0.62915	0.00880	0.00787	0.00673	0.00967	0.00971	0.00552	0.05891	0.00991	0.15411	0.05438	0.01071	0.00851	0.00493	0.00343	0.00144	0.00367	0.00331	0.00359	0.00565
31	0.00808	0.00404	0.00606	0.00606	0.00606	0.00404	0.00404	0.00606	0.00606	0.00808	0.00808	0.01414	0.00808	0.01616	0.01818	0.86465	0.00404	0.00404	0.00202	0.00202
32	0.00567	0.00405	0.00540	0.00648	0.00675	0.00378	0.00432	0.00648	0.00891	0.01188	0.02564	0.83347	0.03077	0.01457	0.00594	0.00189	0.00270	0.01323	0.00432	0.00378
33	0.85064	0.00897	0.00692	0.00617	0.00906	0.01036	0.00508	0.01387	0.00804	0.03830	0.00674	0.00774	0.00518	0.00435	0.00292	0.00144	0.00361	0.00257	0.00294	0.00510
34	0.00671	0.00477	0.00670	0.00675	0.00731	0.00530	0.00490	0.00771	0.00728	0.01025	0.01336	0.05839	0.01361	0.23171	0.53813	0.05547	0.00956	0.00575	0.00263	0.00368
35	0.01473	0.20146	0.05791	0.01044	0.01328	0.42142	0.00878	0.07546	0.01221	0.01332	0.00800	0.00932	0.00663	0.00490	0.00453	0.00122	0.05362	0.00317	0.07392	0.00569
36	0.01128	0.01062	0.01728	0.06330	0.52040	0.01044	0.07051	0.04551	0.03858	0.01572	0.00915	0.01153	0.00747	0.00417	0.00449	0.00130	0.00532	0.00406	0.00255	0.14632
37	0.02969	0.06018	0.22082	0.01470	0.18580	0.02301	0.09978	0.01436	0.02508	0.08970	0.04106	0.03037	0.04564	0.02960	0.00510	0.00148	0.00540	0.00463	0.01810	0.05549
38	0.02554	0.03785	0.02505	0.02123	0.02857	0.05924	0.07188	0.28365	0.24632	0.08584	0.01406	0.01539	0.01073	0.00590	0.00474	0.00149	0.00499	0.04621	0.00421	0.00712
39	0.29730	0.02247	0.01429	0.04548	0.32707	0.08824	0.04921	0.04978	0.01031	0.01705	0.00786	0.00987	0.00637	0.00447	0.00437	0.00142	0.03211	0.00354	0.00259	0.00621
40	0.01149	0.01005	0.01512	0.32626	0.20615	0.01123	0.05028	0.17693	0.05746	0.01704	0.01035	0.02903	0.00823	0.00516	0.00484	0.00149	0.01586	0.01572	0.02093	0.00638
41	0.00577	0.00412	0.00552	0.00660	0.00691	0.00387	0.00450	0.00666	0.00901	0.01199	0.02558	0.78883	0.03054	0.01448	0.00597	0.00190	0.00279	0.05683	0.00432	0.00381
42	0.01088	0.01138	0.02309	0.15885	0.12036	0.01121	0.51747	0.02570	0.01090	0.03164	0.02594	0.01291	0.00782	0.00425	0.00521	0.00154	0.00704	0.00512	0.00246	0.00624
43	0.00576	0.00460	0.00516	0.00528	0.00651	0.00400	0.00386	0.00708	0.01082	0.01370	0.20046	0.19207	0.50066	0.01184	0.00558	0.00161	0.00239	0.01017	0.00449	0.00400
44	0.01842	0.00771	0.01023	0.00809	0.01131	0.00693	0.00659	0.02119	0.07724	0.65221	0.11187	0.01821	0.01558	0.00625	0.00478	0.00145	0.00373	0.00517	0.00560	0.00745
45	0.03169	0.00884	0.01050	0.00869	0.01174	0.00905	0.00697	0.06377	0.32692	0.38992	0.06654	0.01721	0.01427	0.00617	0.00472	0.00149	0.00380	0.00507	0.00520	0.00743
46	0.00908	0.00469	0.00502	0.00499	0.00618	0.00467	0.00380	0.01145	0.03181	0.05289	0.01649	0.06554	0.01378	0.00635	0.00367	0.00121	0.00243	0.04327	0.70813	0.00455
47	0.03876	0.00855	0.01112	0.00904	0.04781	0.00755	0.03651	0.07950	0.01214	0.34073	0.01311	0.01315	0.00926	0.01597	0.00442	0.00121	0.00400	0.00396	0.05323	0.28999
48	0.01715	0.05922	0.01369	0.01180	0.01427	0.78158	0.00894	0.01837	0.01301	0.01137	0.00716	0.00835	0.00599	0.00476	0.00414	0.00119	0.00823	0.00297	0.00238	0.00542
49	0.01098	0.01255	0.02745	0.01961	0.02431	0.01176	0.79059	0.01490	0.01098	0.01490	0.00941	0.01255	0.00706	0.00392	0.00549	0.00157	0.00784	0.00549	0.00235	0.00627
50	0.01244	0.83930	0.02438	0.00796	0.01194	0.01841	0.00796	0.01393	0.00945	0.01095	0.00647	0.00746	0.00597	0.00398	0.00299	0.00100	0.00498	0.00249	0.00199	0.00597
51	0.01054	0.00861	0.00999	0.00721	0.01130	0.00682	0.00579	0.06903	0.01064	0.03784	0.00876	0.00993	0.00709	0.00366	0.00357	0.00076	0.00358	0.00291	0.00298	0.77900
52	0.00567	0.00405	0.00540	0.00648	0.00675	0.00378	0.00432	0.00648	0.00891	0.01188	0.02564	0.83347	0.03077	0.01457	0.00594	0.00189	0.00270	0.01323	0.00432	0.00378
53	0.00998	0.01520	0.27449	0.01596	0.03746	0.01076	0.40697	0.01377	0.01002	0.01412	0.00963	0.03919	0.00790	0.04272	0.00679	0.02564	0.04601	0.00501	0.00229	0.00608
54	0.24354	0.03140	0.01008	0.00762	0.01109	0.00821	0.00631	0.03505	0.01161	0.48791	0.01378	0.01273	0.00914	0.00510	0.00404	0.00135	0.00387	0.00385	0.00458	0.08873
55	0.01190	0.01004	0.01067	0.00953	0.01218	0.01153	0.00749	0.08837	0.69817	0.02004	0.01854	0.01843	0.01424	0.00655	0.00480	0.00159	0.00383	0.04012	0.00471	0.00727
56	0.01133	0.01021	0.03277	0.00984	0.02703	0.01128	0.00771	0.02365	0.73226	0.01914	0.03502	0.01802	0.01468	0.00640	0.00477	0.00158	0.00378	0.01869	0.00461	0.00723
57	0.86937	0.00900	0.00684	0.00612	0.00900	0.01044	0.00504	0.01368	0.00792	0.02087	0.00648	0.00756	0.00504	0.00432	0.00288	0.00144	0.00360	0.00252	0.00288	0.00504
58	0.00569	0.00408	0.00544	0.00647	0.00678	0.00383	0.00434	0.00653	0.00890	0.01186	0.02574	0.79780	0.04549	0.01502	0.02605	0.00202	0.00293	0.01295	0.00427	0.00379
59	0.00598	0.00470	0.00545	0.00536	0.00664	0.00417	0.00400	0.00756	0.01143	0.01492	0.34917	0.08496	0.42948	0.01178	0.03203	0.00174	0.00264	0.00929	0.00458	0.00411
60	0.00965	0.00827	0.00965	0.00689	0.01102	0.00620	0.00551	0.01171	0.00965	0.01516	0.00827	0.00965	0.00689	0.00345	0.00345	0.00069	0.00345	0.00276	0.00276	0.86494
61	0.00570	0.00409	0.00541	0.00646	0.00679	0.00381	0.00435	0.00654	0.00900	0.01194	0.02632	0.79314	0.05598	0.01445	0.00593	0.00188	0.00272	0.02737	0.00432	0.00379
62	0.00619	0.00427	0.00524	0.00581	0.00595	0.00413	0.00360	0.00662	0.00788	0.01051	0.02039	0.44977	0.02415	0.40730	0.01441	0.00314	0.00356	0.01014	0.00360	0.00332
63	0.80660	0.00899	0.00707	0.00625	0.00917	0.01028	0.00512	0.01389	0.02994	0.02057	0.00690	0.00792	0.00538	0.00433	0.00296	0.00141	0.00359	0.00261	0.00292	0.04409
64	0.00550	0.00471	0.00471	0.00471	0.00628	0.00393	0.00353	0.00668	0.01060	0.01257	0.04713	0.04477	0.80560	0.01178	0.00550	0.00157	0.00236	0.00982	0.00432	0.00393
65	0.01244	0.83930	0.02438	0.00796	0.01194	0.01841	0.00796	0.01393	0.00945	0.01095	0.00647	0.00746	0.00597	0.00398	0.00299	0.00100	0.00498	0.00249	0.00199	0.00597
66	0.00658	0.00476	0.00622	0.00585	0.00695	0.00439	0.00439	0.00878	0.01317	0.01866	0.80503	0.03475	0.04390	0.00951	0.00549	0.00146	0.00219	0.00841	0.00512	0.00439
67	0.00808	0.00404	0.00606	0.00606	0.00606	0.00404	0.00404	0.00606	0.00606	0.00808	0.00808	0.01414	0.00808	0.01616	0.01818	0.86465	0.00404	0.00404	0.00202	0.00202
68	0.00933	0.02406	0.81240	0.01326	0.02014	0.01080	0.01719	0.01473	0.00982	0.01473	0.00835	0.00982	0.00589	0.00442	0.00442	0.00147	0.00688	0.00344	0.00196	0.00688
69	0.01018	0.01018	0.01425	0.01221	0.01221	0.01425	0.01018	0.01120	0.00712	0.01120	0.00611	0.01018	0.00611	0.00814	0.01527	0.00204	0.82799	0.00407	0.00204	0.00509
70	0.02087	0.00792	0.01080	0.00828	0.01188	0.00684	0.00684	0.02267	0.01332	0.81071	0.01835	0.01583	0.01152	0.00576	0.00468	0.00144	0.00396	0.00468	0.00576	0.00792
71	0.00665	0.00498	0.00748	0.00748	0.00831	0.00582	0.00582	0.00831	0.00748	0.01080	0.01246	0.01828	0.01163	0.03489	0.81807	0.00748	0.01246	0.00498	0.00249	0.00415
72	0.00665	0.00498	0.00748	0.00748	0.00831	0.00582	0.00582	0.00831	0.00748	0.01080	0.01246	0.01828	0.01163	0.03489	0.81807	0.00748	0.01246	0.00498	0.00249	0.00415
73	0.00565	0.00413	0.00531	0.00626	0.00669	0.00380	0.00422	0.00650	0.00912	0.01196	0.02832	0.73523	0.12728	0.01423	0.00588	0.00185	0.00266	0.01280	0.00432	0.00380
74	0.01098	0.01255	0.02745	0.01961	0.02431	0.01176	0.79059	0.01490	0.01098	0.01490	0.00941	0.01255	0.00706	0.00392	0.00549	0.00157	0.00784	0.00549	0.00235	0.00627
75	0.00665	0.00498	0.00748	0.00748	0.00831	0.00582	0.00582	0.00831	0.00748	0.01080	0.01246	0.01828	0.01163	0.03489	0.81807	0.00748	0.01246	0.00498	0.00249	0.00415
76	0.01127	0.01081	0.01845	0.09896	0.73897	0.01099	0.01416	0.01407	0.01048	0.01491	0.00871	0.01159	0.00727	0.00419	0.00461	0.00140	0.00559	0.00414	0.00228	0.00717
77	0.01738	0.02217	0.01318	0.01199	0.01438	0.81783	0.00899	0.01858	0.01318	0.01139	0.00719	0.00839	0.00599	0.00479	0.00419	0.00120	0.00839	0.00300	0.00240	0.00539
78	0.00759	0.05299	0.00755	0.00624	0.00757	0.02737	0.00479	0.00965	0.01278	0.04103	0.68167	0.06561	0.03919	0.00917	0.00530	0.00145	0.00260	0.00802	0.00485	0.00459
79	0.00879	0.00827	0.01395	0.82532	0.03204	0.01034	0.01292	0.01189	0.00930	0.01189	0.00827	0.01240	0.00620	0.00465	0.00465	0.00155	0.00620	0.00413	0.00207	0.00517
80	0.01243	0.00809	0.00985	0.00724	0.01115	0.00631	0.00583	0.01441	0.01057	0.21856	0.01122	0.02876	0.00858	0.00427	0.00381	0.00091	0.00356	0.00347	0.00356	0.62743
81	0.01280	0.60919	0.08117	0.00984	0.05818	0.05215	0.00901	0.05968	0.01061	0.03446	0.02151	0.00884	0.00698	0.00430	0.00343	0.00111	0.00523	0.00294	0.00234	0.00623
82	0.00665	0.00498	0.00748	0.00748	0.00831	0.00582	0.00582	0.00831	0.00748	0.01080	0.01246	0.01828	0.01163	0.03489	0.81807	0.00748	0.01246	0.00498	0.00249	0.00415
83	0.00662	0.00482	0.00617	0.00600	0.00699	0.00454	0.00440	0.00883	0.03533	0.01714	0.61963	0.13032	0.05346	0.05737	0.00657	0.00170	0.00246	0.01847	0.00486	0.00430
84	0.01210	0.07672	0.06518	0.02392	0.58500	0.10197	0.03984	0.01478	0.01076	0.01441	0.00840	0.01079	0.00701	0.00421	0.00445	0.00134	0.00596	0.00389	0.00227	0.00697
85	0.02038	0.00851	0.01147	0.00878	0.01240	0.02019	0.03001	0.05726	0.01363	0.73919	0.01759	0.01541	0.01113	0.00568	0.00469	0.00144	0.00420	0.00465	0.00555	0.00783
86	0.00562	0.00468	0.00484	0.00491	0.00632	0.00397	0.00362	0.00676	0.01039	0.01252	0.06120	0.08907	0.69790	0.04930	0.00636	0.00173	0.00250	0.02017	0.00427	0.00388
87	0.00753	0.00425	0.00569	0.00569	0.00571	0.00426	0.00358	0.00638	0.00637	0.00851	0.01080	0.02075	0.01168	0.34503	0.03507	0.50444	0.00438	0.00515	0.00235	0.00238
88	0.01418	0.28889	0.11827	0.01176	0.05838	0.38296	0.01002	0.01609	0.01120	0.01187	0.00715	0.00850	0.00605	0.00455	0.00421	0.00120	0.03367	0.00298	0.00219	0.00587
89	0.00606	0.00483	0.00558	0.00557	0.01873	0.00424	0.00407	0.00770	0.01171	0.01524	0.37416	0.03994	0.46423	0.01068	0.00548	0.00152	0.00233	0.00912	0.00464	0.00418
90	0.01109	0.00583	0.00720	0.00624	0.00839	0.00505	0.00490	0.01274	0.01220	0.28998	0.23127	0.03220	0.33609	0.00912	0.00521	0.00150	0.00287	0.00768	0.00502	0.00542
91	0.01684	0.11255	0.01446	0.01149	0.01411	0.69667	0.00887	0.04922	0.01312	0.01206	0.00727	0.00840	0.00607	0.00474	0.00408	0.00118	0.00788	0.00299	0.00244	0.00556
92	0.00808	0.00404	0.00606	0.00606	0.00606	0.00404	0.00404	0.00606	0.00606	0.00808	0.00808	0.01414	0.00808	0.01616	0.01818	0.86465	0.00404	0.00404	0.00202	0.00202
93	0.01253	0.06817	0.26142	0.01810	0.30568	0.15270	0.02710	0.03248	0.01113	0.05522	0.00877	0.01043	0.00681	0.00444	0.00440	0.00136	0.00636	0.00368	0.00243	0.00681
94	0.01390	0.45206	0.01898	0.01022	0.04863	0.28622	0.00842	0.04060	0.01138	0.01233	0.05261	0.00964	0.00827	0.00463	0.00366	0.00112	0.00600	0.00313	0.00241	0.00581
95	0.00640	0.00475	0.00596	0.00566	0.00684	0.00431	0.00424	0.00842	0.01273	0.01760	0.67411	0.03648	0.17547	0.00990	0.00549	0.00148	0.00222	0.00866	0.00498	0.00431
96	0.05682	0.01323	0.04270	0.01022	0.01374	0.10976	0.00853	0.43428	0.08816	0.15720	0.01228	0.01196	0.00864	0.00548	0.00452	0.00140	0.00519	0.00412	0.00439	0.00739
97	0.01206	0.04211	0.37512	0.01426	0.09367	0.09003	0.10776	0.04337	0.01101	0.09613	0.00967	0.01133	0.00718	0.02097	0.00519	0.00150	0.02880	0.00394	0.01928	0.00664
98	0.00900	0.00861	0.01393	0.80517	0.03160	0.03035	0.01282	0.01205	0.00940	0.01187	0.00824	0.01230	0.00620	0.00465	0.00464	0.00154	0.00626	0.00411	0.00208	0.00517
99	0.00654	0.00457	0.00586	0.00604	0.00634	0.00478	0.00399	0.00718	0.00735	0.01006	0.01591	0.16655	0.01773	0.45106	0.26078	0.00495	0.00660	0.00735	0.00298	0.00339
100	0.01290	0.01096	0.09002	0.06597	0.13451	0.03452	0.12137	0.05270	0.06814	0.20032	0.04772	0.05243	0.03354	0.00600	0.00490	0.00150	0.00517	0.03390	0.00370	0.01973

[dist]
# distance from previous block
# <min> <max>
0	8

# created by:
# /home/cegg/simao/soft/augustus-3.2.1/scripts/msa2prfl.pl ./align_prep/EOG091G0MVL.fa
