[name]
unknown

[dist]
# distance from previous block
# <min> <max>
0	22

[block]
# block no. 0 follows, 56 sequences, length 11
# corresponding to MSA columns:
# 22-32
name=unknown_A
#
# <colnr> <probs for GDERKNQSTAVLIFYWHMCP>
#	G	D	E	R	K	N	Q	S	T	A	V	L	I	F	Y	W	H	M	C	P
0	0.01057	0.00768	0.00941	0.00912	0.01100	0.00811	0.00782	0.25754	0.01405	0.01854	0.02011	0.03891	0.02054	0.01042	0.00579	0.00188	0.00449	0.53432	0.00434	0.00536
1	0.00981	0.27136	0.01702	0.56868	0.02535	0.01272	0.01120	0.01237	0.00923	0.01144	0.00760	0.01070	0.00605	0.00438	0.00407	0.00136	0.00574	0.00357	0.00202	0.00535
2	0.00743	0.00625	0.00666	0.00638	0.00811	0.00629	0.00482	0.01239	0.26050	0.01505	0.10686	0.10061	0.42129	0.00994	0.00522	0.00157	0.00275	0.00842	0.00447	0.00498
3	0.00955	0.04936	0.48691	0.01251	0.01681	0.01185	0.03447	0.01323	0.00897	0.01342	0.03170	0.01053	0.00705	0.00564	0.00775	0.00161	0.26671	0.00376	0.00207	0.00610
4	0.01123	0.01069	0.01826	0.06545	0.25806	0.01095	0.25786	0.01706	0.22440	0.04050	0.03017	0.01395	0.00988	0.00480	0.00488	0.00149	0.00560	0.00492	0.00309	0.00675
5	0.00946	0.00604	0.00621	0.00588	0.00743	0.00653	0.00449	0.01502	0.25983	0.01778	0.01615	0.01712	0.01248	0.00563	0.00367	0.00122	0.00261	0.00457	0.59266	0.00522
6	0.00626	0.00459	0.00657	0.00690	0.00749	0.00501	0.00507	0.00752	0.00778	0.01087	0.01656	0.27713	0.01780	0.08364	0.50810	0.00543	0.00871	0.00761	0.00305	0.00389
7	0.00748	0.01055	0.26082	0.00756	0.00970	0.00641	0.00726	0.00916	0.00763	0.01068	0.01250	0.02362	0.01326	0.57512	0.01736	0.00350	0.00519	0.00564	0.00252	0.00405
8	0.00856	0.00428	0.00428	0.00428	0.00535	0.00428	0.00321	0.01070	0.00963	0.01712	0.01498	0.01712	0.01177	0.00535	0.00321	0.00107	0.00214	0.00428	0.86414	0.00428
9	0.01495	0.01137	0.01243	0.00937	0.01318	0.01167	0.00769	0.54733	0.01777	0.02452	0.01012	0.01055	0.00749	0.00484	0.00422	0.00116	0.00453	0.00369	0.00400	0.27912
10	0.15491	0.01238	0.01246	0.00977	0.01325	0.04964	0.00803	0.59581	0.01857	0.06555	0.01045	0.01055	0.00744	0.00528	0.00429	0.00138	0.00490	0.00384	0.00426	0.00724

[dist]
# distance from previous block
# <min> <max>
0	1

[block]
# block no. 1 follows, 56 sequences, length 15
# corresponding to MSA columns:
# 34-48
name=unknown_B
#
# <colnr> <probs for GDERKNQSTAVLIFYWHMCP>
#	G	D	E	R	K	N	Q	S	T	A	V	L	I	F	Y	W	H	M	C	P
0	0.00612	0.00462	0.00545	0.00540	0.00660	0.00413	0.00404	0.00778	0.01144	0.01532	0.38830	0.10321	0.33950	0.01060	0.00539	0.00152	0.00233	0.03284	0.04130	0.00410
1	0.00637	0.00475	0.00683	0.00709	0.00769	0.00529	0.00527	0.00766	0.00775	0.01089	0.01607	0.25871	0.01715	0.06689	0.52248	0.00548	0.02932	0.00737	0.00299	0.00395
2	0.00890	0.00731	0.00890	0.00729	0.01048	0.00587	0.00602	0.01096	0.00983	0.01460	0.01291	0.02194	0.01257	0.00613	0.00426	0.00110	0.00364	0.23089	0.00316	0.61324
3	0.62021	0.01005	0.00881	0.00737	0.01045	0.01146	0.00608	0.24308	0.01186	0.02305	0.00775	0.00851	0.00581	0.00463	0.00336	0.00141	0.00399	0.00297	0.00336	0.00581
4	0.01004	0.01004	0.01406	0.01205	0.01205	0.01406	0.01004	0.01105	0.00703	0.01105	0.00603	0.01004	0.00603	0.00804	0.01507	0.00201	0.83025	0.00402	0.00201	0.00502
5	0.61699	0.00765	0.00657	0.00596	0.00828	0.00855	0.00478	0.01208	0.00934	0.01996	0.24186	0.01534	0.01624	0.00577	0.00360	0.00143	0.00314	0.00420	0.00349	0.00478
6	0.00645	0.00544	0.00575	0.00582	0.00733	0.02254	0.00456	0.00854	0.05660	0.01346	0.09885	0.04237	0.55098	0.01117	0.00551	0.00163	0.00285	0.14163	0.00430	0.00420
7	0.00852	0.00798	0.01348	0.01140	0.01342	0.02241	0.24978	0.01164	0.07931	0.01385	0.04307	0.28181	0.01976	0.00946	0.00610	0.00177	0.04381	0.15384	0.00357	0.00500
8	0.26072	0.00575	0.00552	0.00531	0.00614	0.00617	0.00343	0.00868	0.00701	0.01234	0.01209	0.02341	0.01325	0.59344	0.01733	0.00356	0.00419	0.00544	0.00280	0.00343
9	0.00655	0.00467	0.00600	0.00567	0.00677	0.00431	0.00425	0.00868	0.01275	0.01813	0.74422	0.03388	0.06982	0.00929	0.00532	0.00143	0.00217	0.00817	0.04360	0.00431
10	0.00803	0.00714	0.01153	0.58609	0.02434	0.00848	0.01028	0.01083	0.01030	0.01369	0.24310	0.01872	0.01705	0.00600	0.00483	0.00150	0.00496	0.00532	0.00293	0.00487
11	0.01375	0.01662	0.01075	0.01023	0.01198	0.58027	0.00752	0.01482	0.01177	0.01138	0.01245	0.25144	0.01310	0.00757	0.00465	0.00138	0.00663	0.00592	0.00292	0.00485
12	0.01380	0.59791	0.02104	0.00865	0.01250	0.01701	0.00811	0.24326	0.01293	0.01613	0.00775	0.00844	0.00645	0.00439	0.00343	0.00110	0.00495	0.00295	0.00274	0.00645
13	0.01249	0.00864	0.00845	0.00715	0.00929	0.05843	0.00567	0.31066	0.01440	0.02127	0.01298	0.01424	0.00989	0.00537	0.00380	0.00119	0.00363	0.00414	0.48262	0.00569
14	0.00995	0.00915	0.01533	0.02207	0.57437	0.00939	0.01164	0.01236	0.00955	0.01372	0.00971	0.01332	0.00851	0.01301	0.24433	0.00313	0.00747	0.00433	0.00233	0.00634

[dist]
# distance from previous block
# <min> <max>
0	28

[block]
# block no. 2 follows, 56 sequences, length 56
# corresponding to MSA columns:
# 77-132
name=unknown_C
#
# <colnr> <probs for GDERKNQSTAVLIFYWHMCP>
#	G	D	E	R	K	N	Q	S	T	A	V	L	I	F	Y	W	H	M	C	P
0	0.00667	0.00557	0.00753	0.00665	0.00829	0.00509	0.07162	0.00907	0.04736	0.01574	0.40163	0.03557	0.34249	0.00966	0.00539	0.00150	0.00277	0.00847	0.00449	0.00444
1	0.00668	0.00445	0.00501	0.00501	0.00501	0.00445	0.00278	0.00668	0.00668	0.00890	0.01447	0.03004	0.01669	0.83866	0.02337	0.00445	0.00445	0.00668	0.00278	0.00278
2	0.00970	0.00921	0.01563	0.52220	0.32900	0.01047	0.01326	0.01263	0.00967	0.01298	0.00834	0.01190	0.00656	0.00440	0.00457	0.00147	0.00587	0.00408	0.00213	0.00593
3	0.00668	0.00445	0.00501	0.00501	0.00501	0.00445	0.00278	0.00668	0.00668	0.00890	0.01447	0.03004	0.01669	0.83866	0.02337	0.00445	0.00445	0.00668	0.00278	0.00278
4	0.00856	0.00428	0.00428	0.00428	0.00535	0.00428	0.00321	0.01070	0.00963	0.01712	0.01498	0.01712	0.01177	0.00535	0.00321	0.00107	0.00214	0.00428	0.86414	0.00428
5	0.00917	0.00867	0.01467	0.67969	0.17566	0.01033	0.01300	0.01217	0.00942	0.01233	0.00825	0.01208	0.00633	0.00450	0.00458	0.00150	0.00600	0.00408	0.00208	0.00550
6	0.10353	0.01213	0.01315	0.01085	0.05333	0.01332	0.00850	0.64069	0.01919	0.05079	0.01060	0.01079	0.00758	0.00528	0.00439	0.00137	0.00486	0.00396	0.00430	0.02138
7	0.01136	0.01091	0.01863	0.02818	0.81002	0.01091	0.01409	0.01409	0.01045	0.01500	0.00864	0.01136	0.00727	0.00409	0.00455	0.00136	0.00545	0.00409	0.00227	0.00727
8	0.00856	0.00428	0.00428	0.00428	0.00535	0.00428	0.00321	0.01070	0.00963	0.01712	0.01498	0.01712	0.01177	0.00535	0.00321	0.00107	0.00214	0.00428	0.86414	0.00428
9	0.00975	0.00964	0.01376	0.10606	0.01415	0.01330	0.01018	0.01099	0.00733	0.01115	0.00686	0.03537	0.00678	0.00783	0.01358	0.00195	0.70996	0.00430	0.00208	0.00499
10	0.01252	0.00993	0.01593	0.21251	0.46540	0.02689	0.01233	0.01512	0.01069	0.15879	0.01021	0.01228	0.00771	0.00451	0.00456	0.00141	0.00539	0.00416	0.00284	0.00682
11	0.01825	0.01210	0.01118	0.00936	0.01232	0.25716	0.00745	0.05240	0.01319	0.46662	0.01497	0.03908	0.01091	0.00602	0.00460	0.00140	0.00528	0.04649	0.00450	0.00673
12	0.00668	0.00445	0.00501	0.00501	0.00501	0.00445	0.00278	0.00668	0.00668	0.00890	0.01447	0.03004	0.01669	0.83866	0.02337	0.00445	0.00445	0.00668	0.00278	0.00278
13	0.01187	0.01199	0.01854	0.02624	0.69772	0.08520	0.05255	0.01451	0.01071	0.01464	0.00853	0.01113	0.00713	0.00414	0.00455	0.00136	0.00583	0.00405	0.00228	0.00704
14	0.01069	0.01018	0.01732	0.20070	0.62314	0.01063	0.01365	0.01347	0.01018	0.01426	0.00889	0.01248	0.00746	0.00440	0.00460	0.00142	0.00557	0.02196	0.00227	0.00673
15	0.01122	0.01077	0.01831	0.05906	0.75544	0.01098	0.01392	0.01391	0.01030	0.01475	0.00854	0.01136	0.00719	0.00423	0.00486	0.00139	0.03033	0.00409	0.00226	0.00712
16	0.01007	0.00959	0.01629	0.41281	0.43551	0.01057	0.01345	0.01295	0.00984	0.01343	0.00841	0.01178	0.00672	0.00433	0.00457	0.00144	0.00577	0.00409	0.00216	0.00623
17	0.01715	0.02188	0.01301	0.01183	0.01419	0.82022	0.00887	0.01833	0.01301	0.01124	0.00710	0.00828	0.00591	0.00473	0.00414	0.00118	0.00828	0.00296	0.00237	0.00532
18	0.00952	0.00816	0.00952	0.00680	0.01088	0.00612	0.00544	0.01156	0.00952	0.01496	0.00816	0.00952	0.00680	0.00340	0.00340	0.00068	0.00340	0.00272	0.00272	0.86672
19	0.00867	0.00816	0.01377	0.82762	0.03162	0.01020	0.01275	0.01173	0.00918	0.01173	0.00816	0.01224	0.00612	0.00459	0.00459	0.00153	0.00612	0.00408	0.00204	0.00510
20	0.01136	0.01091	0.01863	0.02818	0.81002	0.01091	0.01409	0.01409	0.01045	0.01500	0.00864	0.01136	0.00727	0.00409	0.00455	0.00136	0.00545	0.00409	0.00227	0.00727
21	0.00828	0.00600	0.00714	0.00666	0.00825	0.00598	0.00509	0.01261	0.18742	0.06580	0.41671	0.07478	0.13840	0.00913	0.00525	0.00152	0.00270	0.02833	0.00483	0.00510
22	0.02739	0.00896	0.01497	0.56663	0.25474	0.01035	0.01287	0.01263	0.00959	0.02666	0.00843	0.01195	0.00652	0.00446	0.00454	0.00148	0.00584	0.00406	0.00219	0.00577
23	0.00797	0.00399	0.00598	0.00598	0.00598	0.00399	0.00399	0.00598	0.00598	0.00797	0.00797	0.01396	0.00797	0.01595	0.01794	0.86643	0.00399	0.00399	0.00199	0.00199
24	0.01142	0.00986	0.01038	0.00934	0.01194	0.01142	0.00727	0.02440	0.80172	0.01920	0.01869	0.01713	0.01401	0.00623	0.00467	0.00156	0.00363	0.00519	0.00467	0.00727
25	0.01136	0.01091	0.01863	0.02818	0.81002	0.01091	0.01409	0.01409	0.01045	0.01500	0.00864	0.01136	0.00727	0.00409	0.00455	0.00136	0.00545	0.00409	0.00227	0.00727
26	0.02024	0.00803	0.01074	0.00828	0.01180	0.00711	0.00682	0.04637	0.03560	0.76653	0.01791	0.01553	0.01133	0.00569	0.00462	0.00142	0.00393	0.00462	0.00562	0.00780
27	0.00673	0.00471	0.00604	0.00600	0.00629	0.00507	0.00399	0.00727	0.00691	0.00953	0.01337	0.02499	0.01441	0.51690	0.30420	0.02935	0.02240	0.00593	0.00263	0.00327
28	0.00867	0.00816	0.01377	0.82762	0.03162	0.01020	0.01275	0.01173	0.00918	0.01173	0.00816	0.01224	0.00612	0.00459	0.00459	0.00153	0.00612	0.00408	0.00204	0.00510
29	0.01136	0.01091	0.01863	0.02818	0.81002	0.01091	0.01409	0.01409	0.01045	0.01500	0.00864	0.01136	0.00727	0.00409	0.00455	0.00136	0.00545	0.00409	0.00227	0.00727
30	0.04127	0.00942	0.01079	0.00886	0.01190	0.00988	0.00712	0.21238	0.24987	0.29829	0.01646	0.05571	0.01205	0.00619	0.00460	0.00146	0.00399	0.00502	0.02748	0.00727
31	0.01700	0.00907	0.01058	0.00851	0.01139	0.06819	0.00689	0.10659	0.03086	0.47769	0.12767	0.01698	0.01488	0.00624	0.00519	0.00143	0.04605	0.00494	0.02294	0.00691
32	0.85089	0.00885	0.00684	0.00609	0.00895	0.01021	0.00501	0.01371	0.00794	0.03942	0.00667	0.00765	0.00512	0.00430	0.00288	0.00142	0.00356	0.00254	0.00291	0.00504
33	0.01136	0.01091	0.01863	0.02818	0.81002	0.01091	0.01409	0.01409	0.01045	0.01500	0.00864	0.01136	0.00727	0.00409	0.00455	0.00136	0.00545	0.00409	0.00227	0.00727
34	0.00937	0.06624	0.77377	0.01281	0.01945	0.01105	0.01649	0.01450	0.00967	0.01434	0.00814	0.00957	0.00582	0.00434	0.00429	0.00143	0.00669	0.00334	0.00194	0.00674
35	0.00566	0.00404	0.00540	0.00647	0.00676	0.00378	0.00437	0.00650	0.00885	0.01179	0.02527	0.80778	0.03022	0.01432	0.00588	0.00187	0.00272	0.04030	0.00426	0.00375
36	0.02789	0.00898	0.01023	0.00868	0.01159	0.00952	0.00690	0.05001	0.45242	0.28702	0.01954	0.01773	0.05598	0.00628	0.00466	0.00150	0.00370	0.00516	0.00496	0.00725
37	0.00654	0.00516	0.00598	0.00574	0.00698	0.02602	0.00434	0.00842	0.01226	0.01650	0.56173	0.03678	0.23933	0.00996	0.00542	0.00149	0.00244	0.03593	0.00475	0.00424
38	0.01180	0.77262	0.02258	0.00768	0.01138	0.01703	0.00757	0.01333	0.00963	0.01143	0.07226	0.00958	0.00897	0.00438	0.00315	0.00102	0.00468	0.00294	0.00222	0.00576
39	0.01300	0.01307	0.01102	0.00879	0.01225	0.28022	0.00686	0.06627	0.01162	0.04303	0.00835	0.00942	0.00673	0.00407	0.00377	0.00092	0.00517	0.00296	0.00283	0.48967
40	0.01533	0.01038	0.01141	0.00904	0.01215	0.01110	0.00737	0.49501	0.06393	0.12334	0.05853	0.01633	0.07660	0.00628	0.00462	0.00139	0.00426	0.00495	0.06096	0.00703
41	0.00638	0.00440	0.00510	0.00529	0.00548	0.00431	0.00318	0.00666	0.00738	0.00974	0.01898	0.17484	0.08408	0.60226	0.03968	0.00383	0.00416	0.00802	0.00316	0.00308
42	0.00986	0.02359	0.74894	0.01298	0.01940	0.07723	0.01630	0.01485	0.00997	0.01427	0.00814	0.00958	0.00582	0.00439	0.00434	0.00143	0.00691	0.00336	0.00197	0.00666
43	0.00685	0.00473	0.00540	0.00523	0.00558	0.00455	0.00308	0.00706	0.00702	0.00955	0.01453	0.07185	0.01662	0.72548	0.02078	0.00400	0.00427	0.00670	0.00286	0.07387
44	0.00899	0.02220	0.74847	0.01262	0.01891	0.01026	0.01604	0.01402	0.00950	0.01422	0.00857	0.01038	0.00628	0.00683	0.07147	0.00194	0.00724	0.00352	0.00198	0.00656
45	0.01082	0.01007	0.01712	0.10347	0.66882	0.01027	0.01313	0.01320	0.00996	0.01411	0.00854	0.01166	0.00722	0.00511	0.00565	0.07251	0.00540	0.00408	0.00223	0.00663
46	0.00946	0.00912	0.01472	0.64384	0.18611	0.03474	0.01290	0.01240	0.00955	0.01237	0.00822	0.01195	0.00634	0.00449	0.00457	0.00149	0.00605	0.00405	0.00210	0.00554
47	0.00885	0.00851	0.01487	0.76116	0.03099	0.01032	0.07693	0.01197	0.00932	0.01197	0.00825	0.01225	0.00619	0.00453	0.00466	0.00153	0.00625	0.00419	0.00206	0.00519
48	0.01658	0.02088	0.01292	0.01171	0.01391	0.75876	0.00884	0.01777	0.01260	0.01133	0.00717	0.00854	0.00602	0.00493	0.00476	0.00123	0.05615	0.00304	0.01756	0.00529
49	0.00847	0.00873	0.08574	0.02988	0.00992	0.07291	0.00631	0.03111	0.07081	0.04002	0.26167	0.02995	0.28600	0.00866	0.00506	0.00147	0.00354	0.01720	0.01758	0.00493
50	0.00986	0.00815	0.00955	0.00684	0.01091	0.00614	0.00548	0.01189	0.00963	0.03920	0.00846	0.00971	0.00694	0.00347	0.00344	0.00070	0.00342	0.00278	0.00281	0.84064
51	0.00639	0.00487	0.00591	0.00581	0.00698	0.00452	0.00433	0.00868	0.05176	0.01604	0.46668	0.13674	0.22748	0.01047	0.00545	0.00154	0.00238	0.02493	0.00472	0.00429
52	0.08215	0.01078	0.01763	0.02538	0.69231	0.01088	0.03388	0.03201	0.01049	0.01577	0.00852	0.01103	0.00708	0.00412	0.00441	0.00136	0.00532	0.00397	0.00238	0.02052
53	0.00647	0.00490	0.00715	0.00715	0.00803	0.00559	0.00555	0.00807	0.00763	0.01080	0.01511	0.02019	0.07698	0.03256	0.75345	0.00690	0.01148	0.00531	0.00261	0.00408
54	0.01403	0.20966	0.05108	0.01391	0.10508	0.29785	0.13888	0.09104	0.01220	0.01397	0.00789	0.00941	0.00641	0.00439	0.00417	0.00125	0.00671	0.00350	0.00245	0.00612
55	0.00867	0.00816	0.01377	0.82762	0.03162	0.01020	0.01275	0.01173	0.00918	0.01173	0.00816	0.01224	0.00612	0.00459	0.00459	0.00153	0.00612	0.00408	0.00204	0.00510

[dist]
# distance from previous block
# <min> <max>
0	2

[block]
# block no. 3 follows, 56 sequences, length 65
# corresponding to MSA columns:
# 135-199
name=unknown_D
#
# <colnr> <probs for GDERKNQSTAVLIFYWHMCP>
#	G	D	E	R	K	N	Q	S	T	A	V	L	I	F	Y	W	H	M	C	P
0	0.00792	0.00406	0.00604	0.00608	0.00615	0.00405	0.00414	0.00618	0.00631	0.00842	0.02441	0.01593	0.00944	0.01568	0.01721	0.81334	0.00396	0.03639	0.00215	0.00213
1	0.01389	0.05662	0.01742	0.01443	0.09820	0.15931	0.21346	0.20187	0.08133	0.04571	0.01087	0.03263	0.00864	0.00513	0.00470	0.00141	0.00614	0.01841	0.00325	0.00657
2	0.01144	0.01258	0.08780	0.02470	0.64499	0.06320	0.01357	0.01462	0.03836	0.01480	0.00918	0.02746	0.00775	0.00443	0.00453	0.00138	0.00564	0.00417	0.00237	0.00703
3	0.02881	0.01013	0.01085	0.00937	0.01221	0.01144	0.00740	0.14088	0.60392	0.08610	0.01725	0.01590	0.01269	0.00604	0.00462	0.00152	0.00387	0.00493	0.00471	0.00735
4	0.00599	0.00454	0.00549	0.00552	0.00657	0.00407	0.00402	0.00753	0.01127	0.01504	0.40052	0.18922	0.28475	0.02739	0.00586	0.00162	0.00236	0.00961	0.00461	0.00404
5	0.03176	0.17415	0.47529	0.01293	0.08978	0.03668	0.01359	0.04175	0.02344	0.04780	0.00853	0.00973	0.00638	0.00439	0.00409	0.00135	0.00605	0.00335	0.00230	0.00666
6	0.05462	0.00780	0.01017	0.00798	0.01131	0.00704	0.00654	0.02127	0.06305	0.68241	0.04453	0.01674	0.03311	0.00594	0.00459	0.00143	0.00378	0.00482	0.00544	0.00744
7	0.00670	0.00505	0.00643	0.00709	0.00832	0.00478	0.00599	0.00849	0.01058	0.01338	0.04802	0.04882	0.29513	0.01225	0.00601	0.00191	0.00353	0.49915	0.00426	0.00411
8	0.01127	0.03427	0.03736	0.07718	0.69519	0.01092	0.01369	0.01402	0.01037	0.02789	0.00890	0.01189	0.00745	0.00427	0.00452	0.00138	0.00547	0.01460	0.00232	0.00705
9	0.01023	0.00982	0.01673	0.34245	0.44980	0.01078	0.03276	0.01305	0.00982	0.01354	0.00835	0.01168	0.00676	0.00445	0.00503	0.00146	0.04071	0.00412	0.00217	0.00629
10	0.00614	0.00468	0.00564	0.00540	0.00664	0.00418	0.00405	0.00797	0.01215	0.01641	0.55483	0.03758	0.29733	0.01013	0.00542	0.00148	0.00222	0.00876	0.00479	0.00418
11	0.01035	0.08230	0.53381	0.01251	0.01792	0.05975	0.06415	0.03723	0.05702	0.01470	0.02794	0.01069	0.00735	0.00474	0.00481	0.00144	0.04079	0.00370	0.00231	0.00652
12	0.03985	0.02838	0.46770	0.01324	0.09068	0.01064	0.03564	0.07414	0.07896	0.04296	0.02325	0.03230	0.02261	0.00510	0.00458	0.00146	0.01491	0.00416	0.00272	0.00671
13	0.00554	0.00463	0.00483	0.00484	0.00629	0.00392	0.00361	0.00680	0.01066	0.01300	0.12448	0.07616	0.69648	0.01151	0.00544	0.00155	0.00232	0.00969	0.00435	0.00392
14	0.01083	0.01036	0.01767	0.18735	0.65503	0.01077	0.01382	0.01362	0.01020	0.01435	0.00854	0.01154	0.00704	0.00419	0.00455	0.00140	0.00559	0.00409	0.00223	0.00684
15	0.00980	0.01283	0.16721	0.03594	0.01875	0.02279	0.37482	0.01427	0.08494	0.01497	0.07907	0.04723	0.02678	0.00571	0.00546	0.00157	0.03161	0.03743	0.00287	0.00595
16	0.01043	0.00995	0.01694	0.30612	0.53939	0.01066	0.01362	0.01327	0.01001	0.01386	0.00847	0.01167	0.00687	0.00426	0.00456	0.00142	0.00569	0.00409	0.00219	0.00652
17	0.00867	0.00816	0.01377	0.82762	0.03162	0.01020	0.01275	0.01173	0.00918	0.01173	0.00816	0.01224	0.00612	0.00459	0.00459	0.00153	0.00612	0.00408	0.00204	0.00510
18	0.01111	0.01461	0.20006	0.01677	0.02172	0.01124	0.53040	0.05115	0.02565	0.04611	0.01958	0.01221	0.00750	0.00424	0.00510	0.00151	0.00711	0.00491	0.00255	0.00646
19	0.12148	0.02284	0.01119	0.03893	0.01269	0.26397	0.00750	0.05937	0.01238	0.30099	0.04431	0.01242	0.00953	0.00538	0.00466	0.00136	0.03937	0.00388	0.02151	0.00623
20	0.01101	0.04548	0.01703	0.11029	0.07714	0.09645	0.22435	0.01448	0.09209	0.02348	0.01035	0.06019	0.00886	0.00575	0.00666	0.00156	0.15701	0.00491	0.02716	0.00576
21	0.00727	0.00563	0.00737	0.00699	0.00722	0.00661	0.00497	0.00792	0.00694	0.00979	0.01228	0.02294	0.01324	0.45841	0.24433	0.00481	0.16147	0.00569	0.00255	0.00357
22	0.00592	0.00488	0.00549	0.00544	0.00675	0.00444	0.00415	0.00730	0.01072	0.01351	0.18565	0.07982	0.55504	0.01124	0.00589	0.00159	0.03654	0.04730	0.00432	0.00402
23	0.00815	0.04078	0.00989	0.01169	0.16005	0.00679	0.00813	0.01043	0.02844	0.01373	0.02258	0.08880	0.09347	0.01056	0.00571	0.00185	0.00420	0.46608	0.00378	0.00488
24	0.03263	0.02855	0.13720	0.01401	0.01776	0.39407	0.24652	0.01676	0.04421	0.01331	0.00838	0.01006	0.00653	0.00446	0.00454	0.00135	0.00756	0.00384	0.00239	0.00588
25	0.00867	0.00816	0.01377	0.82762	0.03162	0.01020	0.01275	0.01173	0.00918	0.01173	0.00816	0.01224	0.00612	0.00459	0.00459	0.00153	0.00612	0.00408	0.00204	0.00510
26	0.00564	0.00401	0.00531	0.00634	0.00659	0.00376	0.00420	0.00640	0.00870	0.01160	0.02486	0.80245	0.02980	0.04836	0.00658	0.00197	0.00274	0.01279	0.00420	0.00369
27	0.00989	0.00936	0.01576	0.36248	0.37178	0.01025	0.04012	0.01314	0.04286	0.01363	0.00988	0.04681	0.00840	0.00498	0.00469	0.00148	0.00560	0.02037	0.00240	0.00611
28	0.01191	0.01080	0.03993	0.02531	0.69319	0.01033	0.01322	0.01461	0.01075	0.08209	0.03689	0.01246	0.00881	0.00441	0.00458	0.00137	0.00525	0.00426	0.00264	0.00720
29	0.57356	0.02943	0.04186	0.00734	0.01048	0.06997	0.00627	0.04474	0.00975	0.15689	0.00872	0.00916	0.00631	0.00459	0.00338	0.00139	0.00418	0.00299	0.00331	0.00569
30	0.00992	0.00928	0.01505	0.33626	0.37870	0.01019	0.01225	0.01359	0.08218	0.01390	0.01107	0.04826	0.02932	0.00512	0.00465	0.00147	0.00535	0.00472	0.00254	0.00619
31	0.01048	0.03200	0.51299	0.01490	0.11190	0.01037	0.11450	0.01485	0.01032	0.07577	0.04209	0.01166	0.00810	0.00457	0.00456	0.00144	0.00631	0.00401	0.00244	0.00673
32	0.00655	0.00461	0.00623	0.03873	0.00804	0.00453	0.00489	0.00759	0.00925	0.04522	0.07515	0.66060	0.05476	0.01299	0.00605	0.00180	0.03318	0.01160	0.00420	0.00404
33	0.01040	0.04748	0.45710	0.09859	0.02025	0.01063	0.14602	0.04123	0.01041	0.06536	0.00977	0.04483	0.00748	0.00482	0.00460	0.00147	0.00640	0.00428	0.00244	0.00645
34	0.01059	0.05084	0.02542	0.05784	0.45249	0.05440	0.03950	0.01371	0.07131	0.01420	0.01490	0.01650	0.12819	0.00570	0.00491	0.02048	0.00507	0.00491	0.00273	0.00632
35	0.01098	0.04522	0.37796	0.01451	0.10736	0.01079	0.12423	0.03494	0.01049	0.08790	0.05082	0.01207	0.00868	0.00498	0.00551	0.00148	0.07872	0.00417	0.00261	0.00656
36	0.01142	0.06125	0.10931	0.28495	0.10774	0.05504	0.07714	0.03194	0.01052	0.11112	0.01068	0.04169	0.00864	0.00532	0.00481	0.00148	0.02062	0.03757	0.00276	0.00600
37	0.01304	0.75101	0.02269	0.00805	0.01188	0.05163	0.00783	0.01452	0.00974	0.06419	0.00719	0.00795	0.00626	0.00408	0.00311	0.00102	0.00499	0.00262	0.00223	0.00600
38	0.00611	0.00490	0.00588	0.00639	0.04090	0.00443	0.00447	0.00751	0.01048	0.01339	0.17624	0.11738	0.44489	0.04723	0.03987	0.00195	0.00308	0.05663	0.00418	0.00407
39	0.01069	0.01079	0.04913	0.19708	0.47628	0.03476	0.02275	0.03841	0.02872	0.01473	0.03897	0.02656	0.02133	0.00480	0.00462	0.00142	0.00550	0.00446	0.00251	0.00651
40	0.00962	0.10432	0.68381	0.01219	0.01842	0.01128	0.01534	0.03722	0.01003	0.01452	0.00948	0.01071	0.03412	0.00461	0.00426	0.00141	0.00639	0.00354	0.00210	0.00662
41	0.00667	0.00507	0.00716	0.00646	0.00772	0.00473	0.04276	0.00887	0.01257	0.01770	0.70917	0.03290	0.06715	0.01023	0.03901	0.00170	0.00286	0.00807	0.00479	0.00440
42	0.01092	0.03597	0.09903	0.02022	0.29224	0.01155	0.32053	0.01516	0.08185	0.01492	0.00958	0.01195	0.00752	0.00440	0.00531	0.00148	0.04365	0.00460	0.00246	0.00666
43	0.05245	0.01068	0.01728	0.32740	0.29738	0.05966	0.14244	0.01353	0.01006	0.01376	0.00836	0.01149	0.00659	0.00429	0.00460	0.00145	0.00616	0.00416	0.00223	0.00604
44	0.05110	0.28424	0.01560	0.00968	0.01245	0.42951	0.00791	0.03815	0.01150	0.01227	0.00816	0.04867	0.00736	0.00497	0.00376	0.00116	0.00637	0.00335	0.03835	0.00544
45	0.00597	0.00483	0.00580	0.00666	0.04577	0.00432	0.00460	0.00719	0.00996	0.01243	0.03618	0.26317	0.46563	0.02180	0.00580	0.00172	0.00279	0.08719	0.00415	0.00402
46	0.01420	0.05107	0.01320	0.01022	0.01236	0.04014	0.00847	0.28390	0.01350	0.13321	0.03094	0.01214	0.00875	0.00761	0.04280	0.00182	0.28085	0.00419	0.02429	0.00637
47	0.00578	0.00426	0.00576	0.04635	0.00793	0.00409	0.00472	0.00674	0.00892	0.01180	0.02532	0.74248	0.06117	0.01375	0.00579	0.00184	0.00286	0.03246	0.00415	0.00381
48	0.00545	0.00456	0.00474	0.00489	0.00626	0.00386	0.00359	0.00656	0.01024	0.01231	0.04364	0.15115	0.70303	0.01200	0.00548	0.00159	0.00237	0.01014	0.00426	0.00386
49	0.00975	0.01088	0.10102	0.43067	0.26887	0.01057	0.03652	0.01346	0.04825	0.01349	0.00886	0.01194	0.00685	0.00447	0.00458	0.00147	0.00591	0.00410	0.00224	0.00609
50	0.04673	0.01215	0.08520	0.01028	0.01421	0.01139	0.04221	0.42995	0.01702	0.26484	0.01269	0.01224	0.00857	0.00535	0.00455	0.00141	0.00492	0.00421	0.00453	0.00755
51	0.01037	0.02942	0.01001	0.00710	0.01099	0.04602	0.00569	0.01234	0.00995	0.05029	0.03127	0.01038	0.00798	0.00375	0.00354	0.00077	0.00366	0.00297	0.00288	0.74063
52	0.05488	0.00859	0.04193	0.00926	0.04400	0.00827	0.00743	0.04981	0.01141	0.40484	0.01699	0.05051	0.07664	0.00672	0.00629	0.00153	0.13982	0.00509	0.04954	0.00648
53	0.05025	0.00724	0.00964	0.00815	0.03788	0.00644	0.00632	0.01844	0.01265	0.57042	0.15192	0.02010	0.06671	0.00657	0.00473	0.00143	0.00355	0.00546	0.00526	0.00685
54	0.50084	0.04175	0.04839	0.03664	0.06627	0.02654	0.00683	0.01428	0.06340	0.05136	0.02799	0.01117	0.03856	0.00482	0.00351	0.00138	0.00401	0.00341	0.00303	0.04581
55	0.00904	0.01848	0.09752	0.04509	0.20460	0.00770	0.01699	0.02611	0.06899	0.04786	0.01682	0.32328	0.01749	0.04336	0.00587	0.00174	0.00430	0.03581	0.00343	0.00551
56	0.04749	0.04576	0.04839	0.04166	0.36826	0.02513	0.05975	0.02317	0.02632	0.08901	0.08145	0.01366	0.01085	0.00582	0.03317	0.00155	0.00524	0.00437	0.00294	0.06600
57	0.01092	0.01283	0.15684	0.03658	0.36400	0.06144	0.05448	0.01386	0.01915	0.05524	0.03482	0.03780	0.07036	0.00550	0.00518	0.00145	0.04564	0.00481	0.00269	0.00643
58	0.01026	0.06739	0.02593	0.20556	0.21789	0.07220	0.10858	0.01299	0.02545	0.02323	0.05612	0.03899	0.07159	0.00558	0.00468	0.00142	0.00547	0.01916	0.00270	0.02480
59	0.00913	0.00908	0.08646	0.12349	0.13272	0.00805	0.05851	0.07603	0.02678	0.03536	0.01869	0.22399	0.10431	0.00837	0.00515	0.00161	0.00457	0.05886	0.00339	0.00545
60	0.01206	0.08801	0.25641	0.01409	0.18239	0.00974	0.05259	0.01507	0.01057	0.18563	0.03001	0.05180	0.03066	0.03465	0.00517	0.00152	0.00528	0.00466	0.00310	0.00658
61	0.02101	0.12047	0.18807	0.04720	0.14264	0.03879	0.09489	0.01393	0.03770	0.05763	0.07948	0.03640	0.02947	0.00564	0.00457	0.00141	0.00534	0.04672	0.00288	0.02576
62	0.01041	0.01523	0.32976	0.01624	0.21607	0.00999	0.10576	0.04204	0.02967	0.04803	0.02913	0.01477	0.04169	0.03437	0.00534	0.00156	0.00583	0.02622	0.00265	0.01523
63	0.01000	0.01187	0.24143	0.01085	0.05584	0.00822	0.02006	0.04941	0.04367	0.09234	0.07115	0.05393	0.04483	0.00804	0.00560	0.00167	0.03924	0.22247	0.00358	0.00580
64	0.02607	0.04400	0.12354	0.01010	0.02888	0.00808	0.12264	0.04119	0.04426	0.13796	0.24511	0.06804	0.04020	0.00708	0.00498	0.00149	0.00436	0.03225	0.00397	0.00580

[dist]
# distance from previous block
# <min> <max>
9	50

# created by:
# /home/cegg/simao/soft/augustus-3.2.1/scripts/msa2prfl.pl ./align_prep/EOG091G0UQZ.fa
