[name]
unknown

[dist]
# distance from previous block
# <min> <max>
0	131

[block]
# block no. 0 follows, 47 sequences, length 17
# corresponding to MSA columns:
# 173,174,177-191
name=unknown_A
#
# <colnr> <probs for GDERKNQSTAVLIFYWHMCP>
#	G	D	E	R	K	N	Q	S	T	A	V	L	I	F	Y	W	H	M	C	P
0	0.00988	0.00844	0.07605	0.04352	0.03163	0.00710	0.02960	0.01256	0.03162	0.09230	0.13934	0.13822	0.15727	0.01010	0.00624	0.00178	0.03866	0.07091	0.08912	0.00564
1	0.02847	0.05492	0.19027	0.02887	0.05084	0.01211	0.14685	0.02996	0.04377	0.13138	0.04381	0.05476	0.01146	0.00666	0.00730	0.00176	0.14088	0.00545	0.00342	0.00707
2	0.01253	0.01271	0.08224	0.18207	0.17713	0.04435	0.01272	0.11093	0.01222	0.03594	0.01062	0.04430	0.00903	0.00874	0.06112	0.00222	0.16639	0.00498	0.00297	0.00678
3	0.01187	0.00768	0.00963	0.00866	0.00978	0.07389	0.03866	0.01144	0.00919	0.11004	0.01222	0.01661	0.03207	0.01510	0.06032	0.48379	0.04683	0.00485	0.03327	0.00410
4	0.01181	0.03189	0.11607	0.13317	0.33049	0.01140	0.04775	0.05331	0.01199	0.03139	0.04457	0.05007	0.01140	0.03746	0.00629	0.00176	0.02349	0.00535	0.03325	0.00708
5	0.01222	0.14495	0.21129	0.01635	0.08816	0.06139	0.22777	0.01687	0.06809	0.01645	0.07642	0.01453	0.01147	0.00535	0.00517	0.00157	0.00692	0.00500	0.00292	0.00709
6	0.01109	0.01143	0.03112	0.01581	0.01925	0.01139	0.39136	0.04424	0.07629	0.01647	0.01690	0.08252	0.07801	0.02047	0.05288	0.00227	0.08384	0.02493	0.00335	0.00639
7	0.01311	0.30354	0.20786	0.01275	0.01756	0.03653	0.10919	0.08028	0.07760	0.01646	0.01037	0.03195	0.00852	0.00551	0.00524	0.00151	0.04767	0.00432	0.00287	0.00716
8	0.03318	0.01245	0.06708	0.01200	0.03023	0.09624	0.12706	0.10961	0.03230	0.16651	0.08876	0.08628	0.09969	0.00776	0.00555	0.00166	0.00557	0.00676	0.00444	0.00685
9	0.00805	0.00648	0.01014	0.00941	0.01074	0.00712	0.07180	0.01066	0.04844	0.01328	0.03860	0.08794	0.01584	0.05960	0.56913	0.00661	0.01141	0.00661	0.00318	0.00496
10	0.00782	0.00676	0.00982	0.00858	0.01062	0.00621	0.10972	0.01049	0.04133	0.01691	0.26593	0.06161	0.33928	0.01115	0.00622	0.00179	0.00368	0.07217	0.00482	0.00509
11	0.01385	0.23199	0.09826	0.04774	0.13120	0.03476	0.21329	0.04798	0.03083	0.07242	0.01032	0.01221	0.00801	0.00493	0.00512	0.00152	0.02085	0.00451	0.00291	0.00732
12	0.03293	0.01026	0.03643	0.01154	0.01406	0.03815	0.13046	0.06470	0.07626	0.09933	0.04055	0.02761	0.02806	0.04143	0.13619	0.05063	0.08819	0.02933	0.03775	0.00616
13	0.00837	0.07535	0.01173	0.00970	0.01127	0.00759	0.11026	0.01101	0.07596	0.01440	0.02374	0.56728	0.02685	0.01288	0.00618	0.00195	0.00412	0.01183	0.00435	0.00517
14	0.01054	0.05057	0.48056	0.01454	0.02004	0.01232	0.10608	0.01508	0.01049	0.01538	0.01007	0.03641	0.00818	0.00866	0.07450	0.00231	0.11025	0.00466	0.00239	0.00696
15	0.05288	0.01201	0.03295	0.02650	0.03441	0.05199	0.07636	0.23277	0.10267	0.13032	0.01531	0.09026	0.01252	0.00984	0.07346	0.00226	0.02581	0.00589	0.00444	0.00736
16	0.01320	0.01157	0.02007	0.10948	0.23792	0.01139	0.22434	0.07753	0.01289	0.08272	0.01233	0.06872	0.01020	0.00566	0.00544	0.00161	0.00640	0.00569	0.00331	0.07953

[dist]
# distance from previous block
# <min> <max>
4	65

[block]
# block no. 1 follows, 47 sequences, length 9
# corresponding to MSA columns:
# 260,261,263-269
name=unknown_B
#
# <colnr> <probs for GDERKNQSTAVLIFYWHMCP>
#	G	D	E	R	K	N	Q	S	T	A	V	L	I	F	Y	W	H	M	C	P
0	0.04400	0.09111	0.29349	0.02871	0.01817	0.09187	0.11007	0.01604	0.03256	0.05374	0.01278	0.12785	0.01140	0.00661	0.00510	0.00162	0.00658	0.00566	0.00306	0.03959
1	0.10008	0.01489	0.20865	0.01076	0.01486	0.03408	0.01041	0.22377	0.04699	0.07657	0.03647	0.04764	0.04469	0.06001	0.04547	0.00219	0.00603	0.00536	0.00400	0.00707
2	0.01160	0.16183	0.31451	0.06925	0.01987	0.01273	0.12245	0.01627	0.05602	0.04904	0.04980	0.05030	0.01162	0.00603	0.00508	0.00162	0.00652	0.02545	0.00300	0.00699
3	0.09853	0.08722	0.37770	0.01369	0.01937	0.02785	0.13404	0.03831	0.04603	0.05246	0.04888	0.01309	0.00961	0.00530	0.00492	0.00161	0.00672	0.00447	0.00298	0.00723
4	0.01142	0.01279	0.09857	0.32572	0.36573	0.01209	0.06873	0.01506	0.01125	0.01551	0.00959	0.01316	0.00755	0.00487	0.00522	0.00164	0.00681	0.00466	0.00244	0.00716
5	0.01000	0.09042	0.03941	0.00832	0.01016	0.00776	0.00671	0.04894	0.04376	0.08262	0.02390	0.38943	0.06603	0.01384	0.05845	0.00230	0.00457	0.06012	0.02774	0.00551
6	0.01307	0.01167	0.01926	0.18822	0.48388	0.01221	0.04834	0.05020	0.05053	0.05575	0.01095	0.01370	0.00861	0.00503	0.00522	0.00161	0.00625	0.00480	0.00297	0.00774
7	0.01301	0.01285	0.01995	0.01540	0.01883	0.10659	0.34252	0.07777	0.01367	0.05194	0.12461	0.05914	0.01642	0.00706	0.00663	0.00175	0.05801	0.04369	0.00367	0.00649
8	0.01235	0.01325	0.02715	0.15691	0.02801	0.01308	0.58716	0.06403	0.01274	0.01713	0.01044	0.01392	0.00780	0.00465	0.00592	0.00174	0.00827	0.00579	0.00274	0.00693

[dist]
# distance from previous block
# <min> <max>
0	1

[block]
# block no. 2 follows, 47 sequences, length 38
# corresponding to MSA columns:
# 271-308
name=unknown_C
#
# <colnr> <probs for GDERKNQSTAVLIFYWHMCP>
#	G	D	E	R	K	N	Q	S	T	A	V	L	I	F	Y	W	H	M	C	P
0	0.01073	0.00972	0.01523	0.01234	0.01469	0.03748	0.20979	0.04957	0.01175	0.04402	0.06174	0.11844	0.11574	0.01203	0.09208	0.00252	0.12306	0.00746	0.04583	0.00579
1	0.05090	0.01177	0.04498	0.01271	0.01593	0.05875	0.18468	0.10959	0.05363	0.13278	0.04014	0.16998	0.02715	0.00808	0.00632	0.00177	0.05266	0.00717	0.00421	0.00677
2	0.01125	0.17901	0.60169	0.01462	0.06173	0.01375	0.01707	0.01629	0.01096	0.01570	0.00896	0.01059	0.00670	0.00484	0.00465	0.00154	0.00721	0.00369	0.00222	0.00753
3	0.01737	0.00978	0.01168	0.00968	0.01277	0.00988	0.00779	0.29048	0.01711	0.28708	0.01937	0.16678	0.01644	0.00865	0.00552	0.00171	0.00456	0.04903	0.04675	0.00757
4	0.10524	0.01227	0.01524	0.01209	0.01572	0.08070	0.14866	0.13260	0.14306	0.18932	0.01520	0.04316	0.01134	0.00621	0.00513	0.00163	0.00563	0.00533	0.04400	0.00747
5	0.01041	0.00987	0.01636	0.50576	0.02848	0.01177	0.09698	0.04836	0.01106	0.01455	0.01256	0.04967	0.05229	0.00656	0.00685	0.00181	0.10245	0.00559	0.00273	0.00591
6	0.01020	0.00963	0.01628	0.71205	0.12543	0.01167	0.01464	0.01363	0.01059	0.01375	0.00932	0.01377	0.00710	0.00514	0.00520	0.00171	0.00685	0.00463	0.00235	0.00608
7	0.01045	0.02694	0.79000	0.01484	0.02254	0.01209	0.01924	0.01649	0.01099	0.01649	0.00935	0.01099	0.00660	0.00495	0.00495	0.00165	0.00770	0.00385	0.00220	0.00770
8	0.01575	0.01736	0.01784	0.12223	0.26484	0.33415	0.05313	0.08282	0.01398	0.01614	0.00928	0.01161	0.00748	0.00514	0.00503	0.00150	0.00770	0.00420	0.00282	0.00701
9	0.00787	0.00541	0.00639	0.00629	0.00773	0.00478	0.00461	0.00941	0.01231	0.07371	0.23743	0.18153	0.35798	0.05197	0.00717	0.00194	0.00291	0.01066	0.00511	0.00478
10	0.00639	0.00457	0.00609	0.00722	0.00756	0.00426	0.00484	0.00737	0.01019	0.01365	0.06402	0.77725	0.03513	0.01605	0.00662	0.00209	0.00299	0.01455	0.00488	0.00426
11	0.00845	0.00658	0.00762	0.00755	0.00891	0.04916	0.00589	0.01066	0.01374	0.03480	0.47711	0.07967	0.09648	0.01149	0.00628	0.00181	0.00340	0.16015	0.00528	0.00496
12	0.00876	0.00726	0.01132	0.36632	0.02159	0.00826	0.01061	0.01146	0.01108	0.01437	0.03293	0.13344	0.02053	0.01044	0.00621	0.00205	0.00549	0.30901	0.00370	0.00517
13	0.01010	0.00953	0.01611	0.73620	0.10203	0.01164	0.01460	0.01354	0.01054	0.01363	0.00930	0.01380	0.00706	0.00516	0.00520	0.00172	0.00688	0.00463	0.00234	0.00600
14	0.00656	0.00469	0.00628	0.00743	0.00785	0.00441	0.00515	0.00766	0.01032	0.01377	0.05533	0.71938	0.03457	0.01594	0.00668	0.00212	0.00316	0.07954	0.00486	0.00430
15	0.02081	0.00975	0.01179	0.00942	0.01311	0.04682	0.00764	0.02444	0.11591	0.60418	0.02185	0.01938	0.05665	0.00686	0.00527	0.00163	0.00453	0.00556	0.00602	0.00839
16	0.01596	0.01306	0.01239	0.01088	0.01389	0.15174	0.00860	0.10693	0.35439	0.13893	0.03453	0.02049	0.01495	0.00730	0.00536	0.00170	0.00532	0.07099	0.00496	0.00764
17	0.01289	0.01237	0.02114	0.03196	0.78450	0.01237	0.01598	0.01598	0.01186	0.01701	0.00980	0.01289	0.00825	0.00464	0.00516	0.00155	0.00619	0.00464	0.00258	0.00825
18	0.01067	0.05437	0.72066	0.01503	0.02247	0.01246	0.06042	0.01647	0.01105	0.01635	0.00934	0.01107	0.00667	0.00490	0.00496	0.00164	0.00768	0.00394	0.00222	0.00762
19	0.01217	0.01470	0.07264	0.02136	0.02663	0.01318	0.70609	0.01657	0.01212	0.01657	0.01038	0.01381	0.00780	0.00453	0.00634	0.00176	0.02773	0.00598	0.00260	0.00703
20	0.01076	0.05959	0.69040	0.01522	0.02256	0.01255	0.08476	0.01647	0.01109	0.01633	0.00936	0.01115	0.00672	0.00488	0.00499	0.00164	0.00770	0.00401	0.00224	0.00759
21	0.00787	0.00568	0.00709	0.00748	0.00873	0.00538	0.00583	0.01008	0.04042	0.03745	0.15653	0.18641	0.21104	0.05353	0.00752	0.00216	0.00355	0.23351	0.00495	0.00478
22	0.01186	0.01314	0.02734	0.13399	0.02735	0.01317	0.59554	0.01585	0.01167	0.01585	0.01005	0.01381	0.00768	0.00489	0.00691	0.00180	0.07401	0.00580	0.00256	0.00674
23	0.01250	0.35864	0.39822	0.01292	0.04709	0.05931	0.01428	0.01634	0.01106	0.01453	0.00841	0.00987	0.00670	0.00475	0.00427	0.00140	0.00684	0.00340	0.00225	0.00720
24	0.00799	0.00525	0.00672	0.00689	0.00788	0.00533	0.00504	0.00950	0.00985	0.04301	0.02390	0.20821	0.12931	0.08746	0.27434	0.00425	0.00678	0.00851	0.14519	0.00459
25	0.01327	0.00912	0.07829	0.00884	0.01169	0.00750	0.00760	0.01741	0.12382	0.25784	0.18606	0.11962	0.08346	0.00935	0.00574	0.00175	0.00397	0.04258	0.00536	0.00675
26	0.05190	0.01196	0.01172	0.05485	0.01398	0.13301	0.00810	0.13300	0.14454	0.17206	0.05273	0.01647	0.01289	0.00642	0.00514	0.00155	0.02336	0.00496	0.13424	0.00712
27	0.01202	0.01592	0.14091	0.02092	0.02654	0.01301	0.65728	0.01665	0.01210	0.01665	0.01036	0.01360	0.00771	0.00447	0.00597	0.00174	0.00862	0.00581	0.00257	0.00712
28	0.00661	0.00551	0.00586	0.00618	0.00753	0.02050	0.00452	0.00792	0.01157	0.01421	0.07873	0.24906	0.50896	0.01377	0.00629	0.00186	0.00295	0.03872	0.00483	0.00442
29	0.01646	0.08479	0.01919	0.01380	0.01760	0.10046	0.20687	0.09481	0.12450	0.18858	0.01365	0.01427	0.00994	0.00588	0.00612	0.00164	0.06478	0.00504	0.00406	0.00755
30	0.01098	0.16457	0.43000	0.01241	0.01776	0.01316	0.01416	0.01635	0.09004	0.01550	0.01069	0.01268	0.00845	0.00983	0.11084	0.00249	0.04628	0.00413	0.00261	0.00707
31	0.00708	0.00527	0.00733	0.00895	0.04992	0.00508	0.00607	0.00842	0.01039	0.01384	0.02764	0.57821	0.05853	0.01639	0.04619	0.00243	0.00402	0.13506	0.00460	0.00457
32	0.01283	0.01224	0.02052	0.04687	0.72749	0.01239	0.01553	0.01656	0.05286	0.01719	0.01040	0.01326	0.00863	0.00478	0.00516	0.00156	0.00609	0.00471	0.00272	0.00820
33	0.03468	0.01302	0.06170	0.08491	0.04824	0.05590	0.23561	0.08926	0.06578	0.20088	0.01417	0.04859	0.01059	0.00592	0.00547	0.00168	0.00651	0.00559	0.00402	0.00748
34	0.06534	0.01112	0.01230	0.08010	0.01503	0.08901	0.02184	0.16877	0.04752	0.23489	0.14173	0.05747	0.01758	0.00726	0.00529	0.00162	0.00506	0.00594	0.00495	0.00718
35	0.03234	0.01293	0.05294	0.01764	0.02197	0.01211	0.48263	0.05898	0.01262	0.09482	0.01289	0.08457	0.01063	0.00611	0.00667	0.00179	0.06160	0.00647	0.00333	0.00697
36	0.06339	0.01130	0.04195	0.01103	0.01459	0.05806	0.10882	0.07176	0.12133	0.25784	0.08951	0.02990	0.08292	0.00713	0.00539	0.00166	0.00510	0.00611	0.00489	0.00732
37	0.05442	0.04021	0.01194	0.00860	0.01287	0.05343	0.00694	0.06511	0.05323	0.07866	0.01076	0.01163	0.00844	0.00455	0.00413	0.00103	0.00442	0.00350	0.00356	0.56257

[dist]
# distance from previous block
# <min> <max>
1	5

[block]
# block no. 3 follows, 47 sequences, length 45
# corresponding to MSA columns:
# 314-352,354-359
name=unknown_D
#
# <colnr> <probs for GDERKNQSTAVLIFYWHMCP>
#	G	D	E	R	K	N	Q	S	T	A	V	L	I	F	Y	W	H	M	C	P
0	0.01684	0.01377	0.02181	0.01618	0.02067	0.08197	0.37051	0.14281	0.03664	0.20468	0.01335	0.01442	0.00938	0.00535	0.00562	0.00165	0.00716	0.00543	0.00405	0.00771
1	0.04550	0.00514	0.00647	0.00744	0.00801	0.00499	0.00511	0.03175	0.01042	0.01442	0.02719	0.73443	0.03222	0.01543	0.00646	0.00208	0.00319	0.03053	0.00477	0.00445
2	0.00997	0.00949	0.01607	0.74745	0.03465	0.01181	0.03618	0.01337	0.01036	0.01337	0.00919	0.01378	0.00697	0.00535	0.00575	0.00176	0.04166	0.00467	0.00232	0.00582
3	0.01925	0.01386	0.01557	0.01194	0.01609	0.03679	0.04432	0.57134	0.04267	0.11701	0.01330	0.01320	0.00936	0.00608	0.00518	0.00154	0.00570	0.00474	0.00507	0.04702
4	0.01670	0.01001	0.01178	0.00999	0.01318	0.01044	0.00803	0.12903	0.29417	0.28545	0.04461	0.05578	0.01676	0.00779	0.00549	0.00174	0.00441	0.06099	0.00564	0.00801
5	0.00817	0.00606	0.00761	0.00830	0.00925	0.00615	0.00615	0.04538	0.09702	0.01555	0.02658	0.51128	0.02988	0.03341	0.00701	0.00218	0.00369	0.16649	0.00486	0.00499
6	0.00670	0.00487	0.00632	0.00686	0.00760	0.00449	0.00480	0.00820	0.01183	0.01608	0.30182	0.47914	0.09389	0.01405	0.00643	0.00192	0.00279	0.01259	0.00516	0.00449
7	0.01392	0.82012	0.02729	0.00891	0.01337	0.02061	0.00891	0.01559	0.01058	0.01225	0.00724	0.00835	0.00668	0.00446	0.00334	0.00111	0.00557	0.00278	0.00223	0.00668
8	0.01080	0.00926	0.01080	0.00771	0.01234	0.00694	0.00617	0.01311	0.01080	0.01697	0.00926	0.01080	0.00771	0.00386	0.00386	0.00077	0.00386	0.00309	0.00309	0.84882
9	0.06140	0.00940	0.01218	0.00938	0.01338	0.00855	0.00775	0.08722	0.01543	0.68936	0.01926	0.01686	0.01222	0.00635	0.00514	0.00161	0.00452	0.00508	0.00619	0.00871
10	0.00751	0.00537	0.00666	0.00639	0.00776	0.00483	0.00477	0.00959	0.01375	0.04269	0.53596	0.09440	0.21799	0.01150	0.00615	0.00170	0.00260	0.01003	0.00548	0.00487
11	0.01901	0.02375	0.01485	0.01339	0.01597	0.72821	0.01013	0.04360	0.01468	0.01336	0.00812	0.00960	0.00678	0.00560	0.00540	0.00140	0.05382	0.00346	0.00274	0.00611
12	0.00703	0.00514	0.00638	0.00713	0.00789	0.00487	0.00498	0.02575	0.03243	0.01470	0.06558	0.58566	0.13614	0.01474	0.00640	0.00200	0.00306	0.03223	0.03334	0.00454
13	0.00673	0.00481	0.00610	0.00694	0.00738	0.00454	0.00469	0.00764	0.00992	0.01310	0.04767	0.53352	0.09026	0.16854	0.01042	0.00265	0.00348	0.06299	0.00453	0.00409
14	0.00701	0.00502	0.00569	0.00589	0.00640	0.00474	0.00370	0.00756	0.00926	0.01196	0.05123	0.17543	0.20725	0.45639	0.01745	0.00363	0.00403	0.00973	0.00394	0.00370
15	0.04905	0.01219	0.10428	0.01534	0.01889	0.01046	0.36003	0.01341	0.01099	0.01564	0.01590	0.24521	0.02754	0.00842	0.00684	0.00188	0.06639	0.00820	0.00326	0.00608
16	0.01154	0.01126	0.01887	0.30200	0.38376	0.03000	0.07243	0.01466	0.01125	0.01527	0.01051	0.05423	0.00903	0.00555	0.00563	0.00167	0.02753	0.00524	0.00260	0.00696
17	0.00736	0.00526	0.00721	0.00842	0.00917	0.00511	0.00661	0.00901	0.01098	0.01444	0.02814	0.43743	0.03221	0.01535	0.00692	0.00226	0.00391	0.38089	0.00481	0.00451
18	0.01213	0.01139	0.01899	0.29899	0.49161	0.01226	0.01519	0.04758	0.01190	0.01641	0.00973	0.01322	0.00782	0.00491	0.00518	0.00161	0.00643	0.00464	0.00260	0.00742
19	0.14066	0.01361	0.05446	0.04160	0.19731	0.06247	0.19618	0.06234	0.10450	0.05946	0.01154	0.01324	0.00876	0.00517	0.00509	0.00164	0.00643	0.00480	0.00336	0.00738
20	0.01045	0.02694	0.79000	0.01484	0.02254	0.01209	0.01924	0.01649	0.01099	0.01649	0.00935	0.01099	0.00660	0.00495	0.00495	0.00165	0.00770	0.00385	0.00220	0.00770
21	0.00646	0.00464	0.00616	0.00729	0.00769	0.00433	0.00498	0.00749	0.01025	0.01364	0.05143	0.73917	0.05200	0.01599	0.00665	0.00211	0.00308	0.04752	0.00486	0.00428
22	0.01173	0.07995	0.30651	0.01485	0.08225	0.01181	0.12149	0.01727	0.11060	0.05917	0.03624	0.03010	0.06133	0.00630	0.00527	0.00166	0.00629	0.02657	0.00331	0.00727
23	0.01551	0.07019	0.13623	0.01440	0.03873	0.01273	0.19738	0.11936	0.14344	0.17710	0.01422	0.01462	0.01013	0.00561	0.00529	0.00164	0.00624	0.00510	0.00411	0.00796
24	0.01457	0.01139	0.01275	0.01206	0.06695	0.02452	0.00888	0.11822	0.50700	0.09220	0.01942	0.03735	0.01491	0.00714	0.00535	0.00173	0.00457	0.02770	0.00514	0.00815
25	0.01229	0.01168	0.01940	0.18316	0.58326	0.01225	0.01515	0.01626	0.06432	0.01661	0.01048	0.01354	0.00852	0.00492	0.00518	0.00160	0.00619	0.00472	0.00271	0.00776
26	0.02870	0.23797	0.08547	0.01134	0.05725	0.01382	0.00971	0.10811	0.15371	0.18396	0.03159	0.03263	0.01163	0.00605	0.00471	0.00151	0.00515	0.00473	0.00422	0.00776
27	0.01216	0.01180	0.04483	0.25998	0.44353	0.01206	0.03268	0.01627	0.06424	0.03638	0.01071	0.01373	0.00844	0.00503	0.00520	0.00163	0.00634	0.00475	0.00278	0.00748
28	0.00661	0.00496	0.00715	0.00791	0.00844	0.00463	0.03897	0.00767	0.01007	0.01345	0.02789	0.77771	0.03325	0.01578	0.00662	0.00210	0.00328	0.01442	0.00474	0.00436
29	0.01073	0.04830	0.69335	0.01537	0.02274	0.01244	0.09255	0.01649	0.01111	0.01639	0.00940	0.01122	0.00673	0.00488	0.00502	0.00164	0.00774	0.00404	0.00224	0.00760
30	0.01204	0.19118	0.27793	0.01683	0.02272	0.01441	0.35954	0.01639	0.01150	0.01567	0.00944	0.01183	0.00721	0.00459	0.00515	0.00158	0.00774	0.00467	0.00240	0.00717
31	0.01773	0.01012	0.01192	0.00999	0.01343	0.01052	0.00797	0.02662	0.42622	0.37347	0.02090	0.01865	0.01452	0.00678	0.00527	0.00170	0.00426	0.00559	0.00583	0.00853
32	0.01215	0.01441	0.06203	0.02056	0.05075	0.04862	0.61928	0.01619	0.01217	0.01627	0.01160	0.06892	0.00963	0.00529	0.00603	0.00175	0.00827	0.00646	0.00277	0.00686
33	0.01885	0.02449	0.06838	0.01345	0.01655	0.70588	0.01069	0.05496	0.01495	0.01393	0.00834	0.00965	0.00680	0.00538	0.00474	0.00137	0.00911	0.00345	0.00277	0.00628
34	0.01133	0.22931	0.59540	0.01333	0.02020	0.01427	0.01661	0.01626	0.01089	0.01541	0.00881	0.01032	0.00662	0.00482	0.00454	0.00151	0.00715	0.00358	0.00221	0.00744
35	0.00657	0.00474	0.00627	0.00741	0.00789	0.00444	0.00519	0.00767	0.01031	0.01360	0.02992	0.68493	0.07568	0.01592	0.00668	0.00213	0.00320	0.09833	0.00483	0.00430
36	0.02005	0.01428	0.01494	0.01164	0.01565	0.06221	0.00953	0.59134	0.04792	0.13860	0.01367	0.01329	0.00954	0.00625	0.00519	0.00156	0.00571	0.00473	0.00523	0.00867
37	0.02317	0.00918	0.01228	0.00942	0.01345	0.00813	0.00778	0.06678	0.01544	0.74595	0.02010	0.01743	0.01267	0.00643	0.00524	0.00161	0.00450	0.00521	0.00638	0.00886
38	0.00896	0.00458	0.00687	0.00687	0.00692	0.00463	0.00463	0.00692	0.00687	0.00922	0.00932	0.01609	0.00927	0.01926	0.06367	0.80159	0.00505	0.00458	0.00229	0.00239
39	0.01289	0.01237	0.02114	0.03196	0.78450	0.01237	0.01598	0.01598	0.01186	0.01701	0.00980	0.01289	0.00825	0.00464	0.00516	0.00155	0.00619	0.00464	0.00258	0.00825
40	0.00757	0.00505	0.00568	0.00568	0.00568	0.00505	0.00316	0.00757	0.00757	0.01010	0.01641	0.03408	0.01893	0.81698	0.02651	0.00505	0.00505	0.00757	0.00316	0.00316
41	0.01295	0.01119	0.01178	0.01060	0.01354	0.01295	0.00824	0.02767	0.77509	0.02178	0.02120	0.01943	0.01590	0.00707	0.00530	0.00177	0.00412	0.00589	0.00530	0.00824
42	0.01084	0.00940	0.01115	0.00813	0.01243	0.00756	0.00653	0.01307	0.01060	0.01666	0.00909	0.01084	0.00765	0.00422	0.00477	0.00088	0.05940	0.00319	0.00303	0.79055
43	0.01392	0.82012	0.02729	0.00891	0.01337	0.02061	0.00891	0.01559	0.01058	0.01225	0.00724	0.00835	0.00668	0.00446	0.00334	0.00111	0.00557	0.00278	0.00223	0.00668
44	0.01925	0.01429	0.01563	0.05544	0.01723	0.01590	0.01015	0.72579	0.02371	0.03175	0.01232	0.01258	0.00875	0.00619	0.00521	0.00157	0.00580	0.00469	0.00505	0.00869

[dist]
# distance from previous block
# <min> <max>
0	42

[block]
# block no. 4 follows, 47 sequences, length 93
# corresponding to MSA columns:
# 402-416,431-472,495-498,502-533
name=unknown_E
#
# <colnr> <probs for GDERKNQSTAVLIFYWHMCP>
#	G	D	E	R	K	N	Q	S	T	A	V	L	I	F	Y	W	H	M	C	P
0	0.01454	0.01708	0.01885	0.01518	0.01815	0.34484	0.24751	0.01697	0.01316	0.01510	0.11665	0.01522	0.01302	0.00625	0.00685	0.00163	0.10461	0.00522	0.00304	0.00615
1	0.01295	0.01119	0.01178	0.01060	0.01354	0.01295	0.00824	0.02767	0.77509	0.02178	0.02120	0.01943	0.01590	0.00707	0.00530	0.00177	0.00412	0.00589	0.00530	0.00824
2	0.85377	0.01007	0.00765	0.00685	0.01007	0.01168	0.00564	0.01531	0.00886	0.02336	0.00725	0.00846	0.00564	0.00483	0.00322	0.00161	0.00403	0.00282	0.00322	0.00564
3	0.01289	0.01237	0.02114	0.03196	0.78450	0.01237	0.01598	0.01598	0.01186	0.01701	0.00980	0.01289	0.00825	0.00464	0.00516	0.00155	0.00619	0.00464	0.00258	0.00825
4	0.01117	0.01062	0.01804	0.46558	0.36428	0.01192	0.01513	0.01448	0.01105	0.01493	0.00949	0.01345	0.00752	0.00496	0.00518	0.00165	0.00661	0.00463	0.00243	0.00687
5	0.00634	0.00453	0.00604	0.00725	0.00755	0.00423	0.00483	0.00725	0.00997	0.01329	0.02870	0.81358	0.03444	0.01632	0.00665	0.00211	0.00302	0.01480	0.00483	0.00423
6	0.00817	0.00586	0.00813	0.00930	0.01044	0.00581	0.00800	0.01043	0.01182	0.01536	0.02825	0.11967	0.04796	0.01451	0.00712	0.00236	0.00460	0.67265	0.00480	0.00474
7	0.03569	0.01075	0.01288	0.00998	0.01397	0.04091	0.00820	0.18491	0.01687	0.58227	0.01810	0.01612	0.01166	0.00634	0.00518	0.00159	0.00490	0.00501	0.00598	0.00870
8	0.01258	0.01205	0.02057	0.11114	0.70777	0.01229	0.01583	0.01571	0.01171	0.01663	0.00974	0.01299	0.00811	0.00470	0.00516	0.00157	0.00626	0.00464	0.00255	0.00800
9	0.00971	0.00485	0.00485	0.00485	0.00607	0.00485	0.00364	0.01213	0.01092	0.01942	0.01699	0.01942	0.01335	0.00607	0.00364	0.00121	0.00243	0.00485	0.84589	0.00485
10	0.00983	0.00926	0.01562	0.80447	0.03587	0.01157	0.01446	0.01331	0.01041	0.01331	0.00926	0.01388	0.00694	0.00521	0.00521	0.00174	0.00694	0.00463	0.00231	0.00579
11	0.00946	0.00752	0.01070	0.01024	0.01194	0.00763	0.08297	0.07751	0.09055	0.01695	0.02434	0.33580	0.02620	0.01267	0.00651	0.00209	0.00453	0.25222	0.00468	0.00551
12	0.00634	0.00453	0.00604	0.00725	0.00755	0.00423	0.00483	0.00725	0.00997	0.01329	0.02870	0.81358	0.03444	0.01632	0.00665	0.00211	0.00302	0.01480	0.00483	0.00423
13	0.00739	0.00598	0.00791	0.00784	0.00872	0.00660	0.00594	0.00875	0.00949	0.01277	0.02609	0.16624	0.22032	0.06734	0.31342	0.00461	0.10378	0.00861	0.00365	0.00455
14	0.01282	0.01380	0.02984	0.02135	0.02655	0.01291	0.72950	0.01710	0.01242	0.05341	0.01101	0.01422	0.00814	0.00449	0.00610	0.00175	0.00857	0.00610	0.00282	0.00711
15	0.01045	0.02694	0.79000	0.01484	0.02254	0.01209	0.01924	0.01649	0.01099	0.01649	0.00935	0.01099	0.00660	0.00495	0.00495	0.00165	0.00770	0.00385	0.00220	0.00770
16	0.01945	0.02482	0.01476	0.01342	0.01610	0.79608	0.01006	0.02079	0.01476	0.01275	0.00805	0.00939	0.00671	0.00537	0.00470	0.00134	0.00939	0.00335	0.00268	0.00604
17	0.01131	0.02100	0.44441	0.01855	0.06072	0.01255	0.32281	0.01654	0.01156	0.01659	0.00985	0.01233	0.00721	0.00471	0.00545	0.00169	0.00807	0.00482	0.00239	0.00745
18	0.01133	0.22884	0.59585	0.01333	0.02020	0.01426	0.01661	0.01626	0.01089	0.01541	0.00881	0.01032	0.00662	0.00482	0.00454	0.00151	0.00715	0.00358	0.00221	0.00744
19	0.00634	0.00456	0.00601	0.00717	0.00753	0.00424	0.00480	0.00726	0.01005	0.01332	0.02966	0.78322	0.06419	0.01619	0.00663	0.00210	0.00301	0.01465	0.00483	0.00424
20	0.78542	0.01001	0.00830	0.07145	0.01216	0.01167	0.00635	0.01515	0.00899	0.02255	0.00741	0.00890	0.00575	0.00486	0.00338	0.00162	0.00426	0.00297	0.00315	0.00565
21	0.01117	0.01158	0.07975	0.36055	0.32482	0.01133	0.01466	0.01451	0.01115	0.03204	0.01117	0.05270	0.00952	0.00578	0.00529	0.00169	0.00641	0.02632	0.00269	0.00687
22	0.01092	0.01040	0.01922	0.01509	0.01850	0.01002	0.36661	0.07451	0.01334	0.01777	0.07506	0.03173	0.07614	0.00863	0.00638	0.00192	0.00643	0.22729	0.00388	0.00616
23	0.00775	0.00624	0.00705	0.00705	0.00856	0.00610	0.00519	0.01177	0.15905	0.01668	0.18147	0.23445	0.30447	0.01231	0.00611	0.00183	0.00299	0.01066	0.00510	0.00520
24	0.02020	0.01410	0.01521	0.01169	0.01582	0.02819	0.00964	0.66968	0.02322	0.11904	0.01335	0.01305	0.00928	0.00626	0.00520	0.00156	0.00564	0.00473	0.00531	0.00881
25	0.01621	0.01509	0.02255	0.01706	0.03800	0.07559	0.35355	0.35131	0.01791	0.02357	0.01120	0.01297	0.00824	0.00530	0.00559	0.00163	0.00741	0.00525	0.00378	0.00779
26	0.85377	0.01007	0.00765	0.00685	0.01007	0.01168	0.00564	0.01531	0.00886	0.02336	0.00725	0.00846	0.00564	0.00483	0.00322	0.00161	0.00403	0.00282	0.00322	0.00564
27	0.01039	0.00983	0.01663	0.66272	0.17323	0.01172	0.01474	0.01380	0.01068	0.01399	0.00936	0.01370	0.00718	0.00510	0.00520	0.00170	0.00680	0.00463	0.00236	0.00624
28	0.00677	0.00538	0.00611	0.00625	0.00763	0.00484	0.00460	0.00879	0.04245	0.01570	0.20175	0.20587	0.42562	0.01308	0.00624	0.00182	0.00278	0.02466	0.00504	0.00463
29	0.02320	0.00914	0.01225	0.00939	0.01343	0.00806	0.00776	0.06069	0.01536	0.75214	0.02016	0.01748	0.01270	0.00644	0.00524	0.00161	0.00449	0.00521	0.00639	0.00886
30	0.01245	0.01294	0.02511	0.02679	0.42058	0.01253	0.35644	0.01608	0.01201	0.01677	0.01061	0.03371	0.00875	0.00482	0.00564	0.00166	0.00729	0.00558	0.00266	0.00759
31	0.00640	0.00458	0.00609	0.00721	0.00757	0.00427	0.00484	0.00739	0.01023	0.01371	0.07003	0.77107	0.03525	0.01600	0.00662	0.00209	0.00299	0.01451	0.00488	0.00427
32	0.01045	0.02694	0.79000	0.01484	0.02254	0.01209	0.01924	0.01649	0.01099	0.01649	0.00935	0.01099	0.00660	0.00495	0.00495	0.00165	0.00770	0.00385	0.00220	0.00770
33	0.38609	0.00981	0.01031	0.00842	0.01204	0.01015	0.00692	0.05844	0.05635	0.37137	0.01436	0.01350	0.00969	0.00577	0.00436	0.00162	0.00430	0.00419	0.00491	0.00742
34	0.01155	0.27899	0.54763	0.01296	0.01962	0.01480	0.01596	0.01621	0.01086	0.01514	0.00868	0.01016	0.00662	0.00479	0.00444	0.00148	0.00702	0.00351	0.00221	0.00737
35	0.00635	0.00464	0.00594	0.00696	0.00744	0.00427	0.00468	0.00729	0.01015	0.01330	0.03141	0.69556	0.12879	0.03778	0.00713	0.00215	0.00303	0.01412	0.00479	0.00422
36	0.02287	0.00959	0.03196	0.00953	0.01366	0.00816	0.00805	0.05981	0.01525	0.73326	0.01989	0.01731	0.01254	0.00640	0.00523	0.00161	0.00457	0.00518	0.00628	0.00883
37	0.00646	0.00462	0.00618	0.00739	0.00774	0.00433	0.00504	0.00745	0.01009	0.01343	0.02864	0.77028	0.03419	0.01620	0.00668	0.00213	0.00312	0.05695	0.00483	0.00426
38	0.01207	0.01411	0.05845	0.02028	0.02476	0.01359	0.60925	0.01598	0.01152	0.01598	0.00987	0.01348	0.00767	0.00521	0.00794	0.00184	0.14285	0.00579	0.00256	0.00683
39	0.01240	0.01188	0.02026	0.15446	0.66579	0.01225	0.01574	0.01556	0.01163	0.01643	0.00971	0.01305	0.00804	0.00473	0.00516	0.00158	0.00631	0.00464	0.00254	0.00786
40	0.01605	0.01478	0.06064	0.02150	0.37362	0.05566	0.01325	0.33710	0.01736	0.02351	0.01083	0.01243	0.00834	0.00538	0.00514	0.00155	0.00625	0.00455	0.00369	0.00836
41	0.00778	0.00580	0.00751	0.00732	0.00775	0.00648	0.00512	0.00862	0.00813	0.01124	0.01669	0.02810	0.05766	0.42369	0.30061	0.00582	0.07787	0.00678	0.00304	0.00398
42	0.03832	0.01334	0.01348	0.01069	0.01429	0.07259	0.00870	0.51916	0.02060	0.09002	0.01479	0.01485	0.04021	0.00642	0.00499	0.00152	0.00537	0.00486	0.09783	0.00795
43	0.01035	0.05570	0.61349	0.01518	0.08228	0.01163	0.01703	0.01543	0.01094	0.01602	0.01135	0.09619	0.00969	0.00611	0.00508	0.00167	0.00699	0.00503	0.00251	0.00733
44	0.01073	0.09117	0.72823	0.01436	0.02180	0.01278	0.01840	0.01642	0.01096	0.01615	0.00918	0.01078	0.00660	0.00491	0.00482	0.00161	0.00752	0.00376	0.00220	0.00761
45	0.00711	0.00510	0.00683	0.00748	0.00828	0.00482	0.00558	0.00885	0.01202	0.01637	0.28776	0.39503	0.03860	0.01398	0.00658	0.00201	0.00318	0.16071	0.00514	0.00458
46	0.01266	0.01214	0.02072	0.09042	0.72784	0.01231	0.01587	0.01578	0.01175	0.01673	0.00975	0.01296	0.00815	0.00468	0.00516	0.00156	0.00624	0.00464	0.00256	0.00806
47	0.02802	0.01512	0.08547	0.02091	0.33661	0.07676	0.04959	0.21950	0.05737	0.04322	0.01127	0.01282	0.00864	0.00533	0.00514	0.00157	0.00638	0.00461	0.00353	0.00810
48	0.01920	0.01429	0.01529	0.01186	0.01592	0.01587	0.00975	0.70285	0.08974	0.03186	0.01326	0.01311	0.00947	0.00632	0.00522	0.00158	0.00559	0.00479	0.00522	0.00880
49	0.01187	0.01331	0.02878	0.02077	0.02566	0.01259	0.69959	0.01604	0.01195	0.01628	0.01083	0.01460	0.00835	0.00740	0.07484	0.00233	0.00923	0.00610	0.00265	0.00682
50	0.01517	0.31066	0.08592	0.01052	0.01463	0.03381	0.00970	0.23641	0.10460	0.05069	0.01272	0.07055	0.01067	0.00630	0.00461	0.00147	0.00549	0.00479	0.00383	0.00748
51	0.01059	0.02589	0.72851	0.01542	0.02292	0.01218	0.07969	0.01651	0.01110	0.01651	0.00944	0.01124	0.00670	0.00490	0.00504	0.00166	0.00778	0.00403	0.00223	0.00764
52	0.00753	0.00598	0.00907	0.00902	0.01011	0.00573	0.08080	0.00966	0.04138	0.01505	0.10959	0.53622	0.03222	0.01393	0.00655	0.00204	0.00376	0.09182	0.00473	0.00480
53	0.01604	0.43880	0.03771	0.01045	0.01419	0.26104	0.00926	0.01775	0.01215	0.07994	0.00906	0.01022	0.00758	0.00682	0.04749	0.00164	0.00717	0.00335	0.00277	0.00658
54	0.01358	0.31993	0.38414	0.01190	0.01782	0.01502	0.01369	0.05660	0.01196	0.09603	0.00989	0.01079	0.00740	0.00499	0.00439	0.00144	0.00646	0.00364	0.00281	0.00750
55	0.00762	0.00520	0.00630	0.00652	0.00677	0.00527	0.00424	0.00815	0.00835	0.01116	0.01827	0.07193	0.02063	0.60365	0.08990	0.00484	0.00570	0.10853	0.00342	0.00356
56	0.00655	0.00488	0.00610	0.00666	0.00750	0.00443	0.00467	0.00792	0.01153	0.01530	0.21608	0.46383	0.19696	0.01428	0.00642	0.00192	0.00280	0.01269	0.00505	0.00443
57	0.00939	0.00800	0.01310	0.01044	0.01325	0.00715	0.21190	0.01174	0.01244	0.07421	0.12456	0.07618	0.36672	0.00992	0.00605	0.00173	0.00447	0.00906	0.00443	0.02528
58	0.01204	0.19445	0.27815	0.01678	0.02266	0.01444	0.35624	0.01638	0.01149	0.01565	0.00943	0.01181	0.00721	0.00459	0.00514	0.00158	0.00772	0.00466	0.00240	0.00717
59	0.00699	0.00545	0.00833	0.00867	0.00946	0.00511	0.07119	0.00828	0.01029	0.01373	0.02705	0.69843	0.03187	0.01516	0.00664	0.00210	0.00363	0.05847	0.00464	0.00451
60	0.01423	0.77647	0.02660	0.00916	0.01352	0.06317	0.00897	0.01588	0.01081	0.01228	0.00728	0.00841	0.00668	0.00451	0.00342	0.00113	0.00578	0.00282	0.00225	0.00665
61	0.01139	0.06947	0.68542	0.01429	0.02152	0.01289	0.01792	0.07724	0.01206	0.01758	0.00949	0.01097	0.00678	0.00503	0.00488	0.00161	0.00742	0.00386	0.00244	0.00773
62	0.01210	0.40354	0.42786	0.01203	0.01818	0.01614	0.01434	0.01607	0.01080	0.01448	0.00835	0.00974	0.00664	0.00471	0.00419	0.00140	0.00669	0.00334	0.00221	0.00722
63	0.05485	0.00634	0.00772	0.00718	0.00870	0.00624	0.00548	0.07579	0.01480	0.02129	0.58986	0.09824	0.04151	0.01051	0.00597	0.00169	0.00294	0.03020	0.00545	0.00524
64	0.01075	0.09589	0.72369	0.01433	0.02174	0.01283	0.01834	0.01641	0.01096	0.01612	0.00916	0.01077	0.00660	0.00490	0.00481	0.00160	0.00751	0.00376	0.00220	0.00761
65	0.71270	0.01091	0.00829	0.00762	0.01062	0.07471	0.00624	0.01536	0.00961	0.02183	0.00908	0.01291	0.00784	0.00571	0.00369	0.00166	0.00453	0.06777	0.00332	0.00560
66	0.00821	0.00587	0.00819	0.00939	0.01051	0.00584	0.00808	0.01048	0.01181	0.01539	0.02767	0.12437	0.03036	0.01455	0.00715	0.00237	0.00464	0.68558	0.00480	0.00475
67	0.01177	0.01322	0.02858	0.02067	0.02551	0.01239	0.69945	0.01586	0.01209	0.01639	0.01211	0.08356	0.01021	0.00543	0.00619	0.00179	0.00828	0.00690	0.00283	0.00678
68	0.14136	0.01327	0.01406	0.01092	0.01494	0.01452	0.00902	0.57226	0.02111	0.11866	0.01267	0.01252	0.00885	0.00607	0.00492	0.00158	0.00533	0.00448	0.00506	0.00839
69	0.01240	0.01071	0.01125	0.01017	0.01301	0.01226	0.00790	0.02604	0.71328	0.02116	0.02375	0.02191	0.07797	0.00756	0.00537	0.00177	0.00400	0.00630	0.00526	0.00793
70	0.00632	0.00528	0.00551	0.00545	0.00714	0.00447	0.00409	0.00780	0.01227	0.01502	0.15420	0.04856	0.68035	0.01284	0.00615	0.00174	0.00261	0.01077	0.00496	0.00447
71	0.00737	0.00526	0.00730	0.00849	0.04491	0.00532	0.00575	0.00886	0.00991	0.01405	0.03833	0.45320	0.02565	0.02024	0.20647	0.00357	0.00591	0.02846	0.09634	0.00462
72	0.01027	0.00703	0.00877	0.00797	0.00920	0.00749	0.00589	0.07253	0.04236	0.08064	0.20664	0.07355	0.03362	0.24282	0.09586	0.00340	0.07492	0.00752	0.00432	0.00519
73	0.00686	0.00536	0.00819	0.00853	0.00926	0.00501	0.07097	0.00807	0.01017	0.01359	0.02712	0.74407	0.03214	0.01528	0.00660	0.00208	0.00352	0.01405	0.00464	0.00447
74	0.01229	0.01405	0.03073	0.02195	0.02722	0.01317	0.76558	0.01668	0.01229	0.01668	0.01054	0.01405	0.00790	0.00439	0.00615	0.00176	0.00878	0.00615	0.00263	0.00702
75	0.03533	0.01374	0.02889	0.02209	0.08776	0.01306	0.66668	0.01684	0.02973	0.01701	0.01063	0.01392	0.00805	0.00448	0.00597	0.00174	0.00833	0.00593	0.00271	0.00711
76	0.01154	0.01933	0.34179	0.01904	0.02530	0.01273	0.45982	0.01660	0.01176	0.01660	0.01005	0.01280	0.00737	0.00462	0.00565	0.00171	0.00834	0.00520	0.00246	0.00730
77	0.00632	0.00461	0.00596	0.00703	0.00750	0.00425	0.00474	0.00728	0.01018	0.01338	0.03137	0.72884	0.11747	0.01597	0.00659	0.00208	0.00298	0.01438	0.00483	0.00425
78	0.01233	0.01158	0.01928	0.25446	0.53138	0.01232	0.01525	0.05097	0.01204	0.01669	0.00977	0.01316	0.00790	0.00488	0.00517	0.00160	0.00638	0.00464	0.00263	0.00757
79	0.01319	0.23967	0.24232	0.05622	0.16138	0.01457	0.02623	0.05278	0.05566	0.05923	0.01026	0.01176	0.00797	0.00511	0.00488	0.00150	0.02287	0.00403	0.00285	0.00752
80	0.01754	0.01117	0.01312	0.01154	0.05618	0.01179	0.00875	0.22300	0.27104	0.25082	0.01899	0.03642	0.03160	0.00690	0.00530	0.00166	0.00469	0.00564	0.00544	0.00840
81	0.01186	0.01186	0.01764	0.34316	0.25566	0.07532	0.05486	0.01484	0.01117	0.01483	0.00923	0.01280	0.00743	0.00515	0.00587	0.00160	0.05984	0.00447	0.00251	0.07990
82	0.01225	0.19020	0.16510	0.10389	0.08386	0.01390	0.22700	0.03097	0.03348	0.03059	0.01087	0.01478	0.00887	0.00532	0.00513	0.00161	0.00697	0.04544	0.00274	0.00702
83	0.01412	0.07052	0.07794	0.07849	0.02012	0.01212	0.24078	0.08371	0.10231	0.13102	0.01340	0.03696	0.01013	0.00557	0.00528	0.00159	0.00628	0.00530	0.00374	0.08062
84	0.02879	0.00676	0.00844	0.00977	0.09186	0.02844	0.00628	0.01072	0.03273	0.05068	0.18696	0.33141	0.16313	0.01204	0.00606	0.00183	0.00348	0.01063	0.00477	0.00524
85	0.03208	0.01301	0.06887	0.01403	0.08319	0.05223	0.11286	0.14123	0.11799	0.24047	0.04611	0.01665	0.01242	0.00617	0.00534	0.00164	0.00574	0.01738	0.00464	0.00796
86	0.04560	0.07648	0.02965	0.12004	0.05518	0.01198	0.14851	0.09339	0.13767	0.06232	0.06174	0.06836	0.01409	0.00668	0.00533	0.00167	0.00565	0.02471	0.00388	0.02707
87	0.00870	0.07793	0.02892	0.03101	0.01083	0.03816	0.02703	0.02141	0.04078	0.01400	0.03357	0.43190	0.02352	0.03530	0.11596	0.00282	0.00554	0.01002	0.00398	0.03863
88	0.02331	0.01460	0.14541	0.11203	0.05985	0.01243	0.31937	0.01847	0.16926	0.02787	0.01241	0.01447	0.00928	0.00516	0.00550	0.00169	0.00702	0.00532	0.00315	0.03342
89	0.11513	0.01159	0.01832	0.05309	0.12825	0.04829	0.24118	0.01723	0.03020	0.14045	0.01231	0.02467	0.00940	0.00718	0.04884	0.00200	0.02430	0.00511	0.03885	0.02360
90	0.01323	0.03366	0.37122	0.02735	0.03472	0.03077	0.11994	0.12136	0.03187	0.08375	0.02368	0.05103	0.00987	0.00584	0.00524	0.00164	0.00682	0.00505	0.00332	0.01962
91	0.03476	0.01494	0.01588	0.01472	0.10902	0.26199	0.12848	0.04922	0.01347	0.07010	0.04089	0.04315	0.08342	0.00636	0.00517	0.00148	0.00663	0.00541	0.00347	0.09143
92	0.04053	0.01277	0.13373	0.04036	0.03761	0.03799	0.04629	0.11132	0.02658	0.26160	0.02664	0.09175	0.01290	0.02237	0.02429	0.00186	0.01520	0.00577	0.01578	0.03464

[dist]
# distance from previous block
# <min> <max>
3	457

# created by:
# /home/cegg/simao/soft/augustus-3.2.1/scripts/msa2prfl.pl ./align_prep/EOG091G0PNP.fa
