[name]
unknown

[dist]
# distance from previous block
# <min> <max>
16	94

[block]
# block no. 0 follows, 49 sequences, length 18
# corresponding to MSA columns:
# 152-158,163-172,177
name=unknown_A
#
# <colnr> <probs for GDERKNQSTAVLIFYWHMCP>
#	G	D	E	R	K	N	Q	S	T	A	V	L	I	F	Y	W	H	M	C	P
0	0.09925	0.08627	0.01642	0.14074	0.18657	0.17571	0.05829	0.01511	0.01115	0.01482	0.03873	0.01289	0.00899	0.02248	0.05034	0.00195	0.04718	0.00427	0.00265	0.00618
1	0.00858	0.00710	0.00792	0.05480	0.00963	0.08194	0.00567	0.00940	0.00862	0.01106	0.01505	0.05115	0.04355	0.29782	0.28649	0.07993	0.00817	0.00624	0.00289	0.00398
2	0.01035	0.03611	0.01416	0.44180	0.07650	0.09124	0.01160	0.01297	0.01044	0.01310	0.03010	0.01604	0.05244	0.00997	0.10750	0.00246	0.05016	0.00488	0.00257	0.00559
3	0.00748	0.00564	0.00760	0.00748	0.00808	0.00636	0.00548	0.00863	0.00815	0.01134	0.01653	0.02633	0.06294	0.29107	0.42201	0.00610	0.06624	0.02548	0.00296	0.00410
4	0.44299	0.05694	0.01062	0.00854	0.01170	0.05668	0.00693	0.05991	0.24351	0.03996	0.01176	0.01190	0.00894	0.00547	0.00398	0.00157	0.00441	0.00382	0.00383	0.00656
5	0.00920	0.00793	0.03437	0.01033	0.06930	0.00773	0.00777	0.02696	0.19111	0.01733	0.13704	0.12446	0.09267	0.01075	0.00601	0.00189	0.00400	0.23071	0.00468	0.00577
6	0.01531	0.04863	0.04136	0.01167	0.01389	0.23106	0.00961	0.12980	0.01282	0.09379	0.00982	0.01201	0.00801	0.00932	0.06431	0.04683	0.22817	0.00416	0.00318	0.00625
7	0.01019	0.01000	0.04143	0.64536	0.10317	0.01123	0.01379	0.03629	0.01069	0.01412	0.00913	0.01310	0.00694	0.00496	0.00498	0.00161	0.00651	0.00439	0.00239	0.04972
8	0.01079	0.00917	0.01065	0.00763	0.01211	0.00705	0.00612	0.03912	0.01095	0.01701	0.00910	0.01054	0.00753	0.00383	0.00379	0.00078	0.00381	0.00305	0.00307	0.82392
9	0.11751	0.04850	0.00827	0.00764	0.03731	0.00639	0.00518	0.00843	0.00723	0.01102	0.00850	0.01397	0.00821	0.01473	0.01621	0.66697	0.00445	0.00410	0.00232	0.00306
10	0.01477	0.01258	0.04283	0.01091	0.01435	0.01361	0.00897	0.28304	0.49171	0.02464	0.01724	0.01624	0.01274	0.00651	0.00510	0.00164	0.00467	0.00524	0.00500	0.00819
11	0.10692	0.10832	0.04298	0.02411	0.01200	0.04821	0.00754	0.06775	0.03836	0.11125	0.04855	0.07791	0.06636	0.02459	0.05891	0.00206	0.01981	0.06638	0.00390	0.06407
12	0.08726	0.01640	0.26743	0.01364	0.01880	0.04723	0.18597	0.04010	0.01226	0.21727	0.01196	0.01280	0.00828	0.00514	0.00514	0.00159	0.01785	0.00451	0.00350	0.02286
13	0.01228	0.08028	0.00998	0.00740	0.00897	0.00824	0.00539	0.08879	0.01069	0.16781	0.01520	0.02476	0.01472	0.47421	0.01720	0.00346	0.03562	0.00609	0.00378	0.00512
14	0.01135	0.01037	0.01806	0.16241	0.31529	0.01057	0.14044	0.01415	0.01090	0.04638	0.01159	0.05612	0.02075	0.00735	0.04321	0.02642	0.02704	0.00532	0.00279	0.05948
15	0.01101	0.01070	0.03688	0.23823	0.08771	0.01094	0.23475	0.06168	0.03746	0.02807	0.02417	0.06563	0.01191	0.00758	0.03314	0.00197	0.01822	0.07054	0.00311	0.00630
16	0.01212	0.02976	0.20917	0.11637	0.06233	0.01069	0.17327	0.01557	0.01118	0.13012	0.03104	0.05056	0.01087	0.05128	0.00706	0.00186	0.05177	0.01516	0.00315	0.00667
17	0.01810	0.02236	0.01380	0.01246	0.01509	0.70804	0.00939	0.06173	0.01469	0.01355	0.01077	0.01176	0.05543	0.00573	0.00468	0.00134	0.00851	0.00379	0.00287	0.00592

[dist]
# distance from previous block
# <min> <max>
5	12

[block]
# block no. 1 follows, 49 sequences, length 7
# corresponding to MSA columns:
# 193-199
name=unknown_B
#
# <colnr> <probs for GDERKNQSTAVLIFYWHMCP>
#	G	D	E	R	K	N	Q	S	T	A	V	L	I	F	Y	W	H	M	C	P
0	0.01154	0.01035	0.01703	0.09806	0.45120	0.01044	0.04330	0.01415	0.01101	0.03851	0.04798	0.01466	0.01031	0.02505	0.04100	0.02921	0.03179	0.00476	0.00279	0.08687
1	0.00807	0.04046	0.05369	0.00764	0.00986	0.00635	0.03836	0.01059	0.01306	0.01842	0.52343	0.03129	0.08636	0.00980	0.02910	0.00169	0.00354	0.00778	0.00469	0.09583
2	0.00834	0.00630	0.00864	0.00783	0.00876	0.00644	0.05133	0.00925	0.00906	0.03475	0.05905	0.14387	0.07332	0.34075	0.06139	0.03122	0.08108	0.00786	0.00348	0.04730
3	0.00699	0.00514	0.00657	0.00647	0.00765	0.00472	0.00488	0.00910	0.01338	0.01844	0.57519	0.10549	0.14171	0.01137	0.00608	0.00170	0.00261	0.06255	0.00532	0.00464
4	0.01132	0.10737	0.59315	0.01421	0.05178	0.06843	0.01639	0.01670	0.04653	0.01559	0.00932	0.01075	0.00690	0.00487	0.00465	0.00153	0.00716	0.00372	0.00233	0.00730
5	0.01135	0.01055	0.01088	0.00806	0.01236	0.08898	0.00638	0.01350	0.01088	0.01605	0.00887	0.01034	0.00739	0.00390	0.00383	0.00081	0.00430	0.00302	0.00296	0.76557
6	0.00634	0.00510	0.00572	0.00579	0.00722	0.00449	0.00434	0.00784	0.01173	0.01477	0.18156	0.11603	0.52545	0.01375	0.04027	0.00201	0.00310	0.03535	0.00477	0.00437

[dist]
# distance from previous block
# <min> <max>
0	3

[block]
# block no. 2 follows, 49 sequences, length 44
# corresponding to MSA columns:
# 204-247
name=unknown_C
#
# <colnr> <probs for GDERKNQSTAVLIFYWHMCP>
#	G	D	E	R	K	N	Q	S	T	A	V	L	I	F	Y	W	H	M	C	P
0	0.01326	0.38832	0.22735	0.01173	0.02967	0.13108	0.03275	0.02943	0.01120	0.01379	0.00797	0.00943	0.00661	0.00475	0.00446	0.00131	0.03425	0.00328	0.00232	0.03707
1	0.00883	0.00517	0.03490	0.00687	0.00714	0.00466	0.00490	0.00693	0.00673	0.00904	0.00879	0.01520	0.00870	0.01711	0.01923	0.82235	0.00450	0.00437	0.00219	0.00239
2	0.02484	0.01227	0.01376	0.01334	0.12138	0.06709	0.00941	0.34547	0.07012	0.02267	0.01317	0.04449	0.01112	0.03431	0.02123	0.00179	0.04558	0.04169	0.03585	0.05041
3	0.00709	0.00506	0.00626	0.00623	0.00695	0.00494	0.00430	0.00823	0.01019	0.01382	0.24275	0.07464	0.12586	0.30802	0.11586	0.02062	0.00487	0.02627	0.00405	0.00397
4	0.00744	0.00511	0.00609	0.00637	0.02544	0.00514	0.00365	0.00771	0.00776	0.01046	0.03835	0.04914	0.01897	0.71413	0.07020	0.00485	0.00533	0.00737	0.00314	0.00335
5	0.01059	0.00969	0.01613	0.40236	0.33164	0.01075	0.01341	0.01369	0.01093	0.01515	0.05172	0.01477	0.00988	0.00518	0.00498	0.00157	0.00592	0.00476	0.06041	0.00646
6	0.85801	0.00978	0.00743	0.00665	0.00978	0.01134	0.00548	0.01486	0.00861	0.02269	0.00704	0.00821	0.00548	0.00469	0.00313	0.00156	0.00391	0.00274	0.00313	0.00548
7	0.01352	0.82533	0.02650	0.00865	0.01298	0.02001	0.00865	0.01514	0.01027	0.01190	0.00703	0.00811	0.00649	0.00433	0.00324	0.00108	0.00541	0.00270	0.00216	0.00649
8	0.00974	0.00869	0.01280	0.43780	0.06001	0.01017	0.01099	0.01503	0.17165	0.01539	0.06435	0.07067	0.04723	0.00712	0.00534	0.00173	0.00535	0.03651	0.00343	0.00598
9	0.00713	0.00517	0.00672	0.00633	0.00754	0.00476	0.00475	0.00949	0.01425	0.02013	0.77106	0.03802	0.06483	0.01039	0.00596	0.00159	0.00239	0.00918	0.00555	0.00476
10	0.01058	0.02311	0.60977	0.01609	0.02299	0.01200	0.20195	0.01606	0.01098	0.01606	0.00936	0.01140	0.00671	0.00467	0.00509	0.00163	0.00773	0.00428	0.00224	0.00731
11	0.00640	0.00509	0.00575	0.00570	0.00712	0.00443	0.00423	0.00804	0.01236	0.01591	0.30602	0.10214	0.47458	0.01217	0.00601	0.00169	0.00253	0.01042	0.00500	0.00443
12	0.00629	0.00449	0.00602	0.00719	0.00754	0.00422	0.00492	0.00727	0.00981	0.01305	0.02780	0.76923	0.03316	0.01572	0.00649	0.00207	0.00305	0.06285	0.00469	0.00414
13	0.01162	0.00949	0.07336	0.03041	0.07672	0.00839	0.00816	0.07180	0.12763	0.12398	0.32922	0.02599	0.06587	0.00803	0.00546	0.00160	0.00395	0.00690	0.00490	0.00653
14	0.85801	0.00978	0.00743	0.00665	0.00978	0.01134	0.00548	0.01486	0.00861	0.02269	0.00704	0.00821	0.00548	0.00469	0.00313	0.00156	0.00391	0.00274	0.00313	0.00548
15	0.01179	0.01116	0.01841	0.13363	0.55397	0.01111	0.02719	0.01475	0.01117	0.01602	0.00937	0.01235	0.00775	0.00446	0.00484	0.00141	0.00580	0.00430	0.00255	0.13798
16	0.01342	0.80208	0.04889	0.00882	0.01324	0.01977	0.00894	0.01517	0.01029	0.01202	0.00709	0.00819	0.00649	0.00434	0.00329	0.00110	0.00547	0.00273	0.00216	0.00652
17	0.01393	0.01142	0.03757	0.02462	0.55541	0.01082	0.03143	0.03021	0.01230	0.15080	0.03166	0.01534	0.04080	0.00531	0.00510	0.00153	0.00558	0.00498	0.00335	0.00785
18	0.82460	0.00995	0.00774	0.00685	0.01001	0.01152	0.00564	0.04510	0.00921	0.02305	0.00724	0.00837	0.00560	0.00475	0.00321	0.00156	0.00398	0.00281	0.00321	0.00560
19	0.01252	0.01201	0.02053	0.03104	0.79074	0.01201	0.01552	0.01552	0.01151	0.01652	0.00951	0.01252	0.00801	0.00451	0.00501	0.00150	0.00601	0.00451	0.00250	0.00801
20	0.01136	0.01267	0.02660	0.01936	0.02372	0.01225	0.64659	0.01510	0.01150	0.01564	0.01259	0.04718	0.04557	0.00548	0.00681	0.00176	0.07021	0.00641	0.00272	0.00649
21	0.83621	0.00975	0.00754	0.00671	0.00986	0.01124	0.00553	0.01512	0.00876	0.04282	0.00738	0.00845	0.00566	0.00473	0.00318	0.00156	0.00392	0.00280	0.00321	0.00556
22	0.00817	0.00703	0.00963	0.01235	0.19811	0.00671	0.00733	0.01068	0.05620	0.01523	0.09160	0.18099	0.32418	0.01086	0.00582	0.00174	0.00362	0.04009	0.00425	0.00542
23	0.00690	0.00516	0.00640	0.00609	0.00740	0.00466	0.00457	0.00905	0.01371	0.01884	0.62771	0.04014	0.20897	0.01088	0.00597	0.00162	0.00242	0.00948	0.00538	0.00466
24	0.01387	0.03903	0.01276	0.01148	0.07283	0.13250	0.02340	0.18998	0.10747	0.05418	0.11184	0.05119	0.07765	0.00734	0.00540	0.00154	0.02527	0.00593	0.04966	0.00667
25	0.01121	0.06520	0.06495	0.01689	0.02117	0.01175	0.49727	0.03571	0.01179	0.01615	0.05396	0.01662	0.01111	0.00846	0.08656	0.00231	0.00808	0.03064	0.02377	0.00641
26	0.00665	0.00513	0.00607	0.00588	0.00726	0.00455	0.00439	0.00855	0.01307	0.01741	0.47006	0.06213	0.34763	0.01148	0.00598	0.00165	0.00247	0.00990	0.00519	0.00455
27	0.00640	0.00514	0.00568	0.00560	0.00702	0.00456	0.00413	0.00783	0.01151	0.01451	0.18862	0.04337	0.53243	0.07626	0.06246	0.00237	0.00347	0.00976	0.00460	0.00429
28	0.01093	0.01159	0.04484	0.28652	0.14868	0.01138	0.28668	0.01452	0.01113	0.01525	0.02609	0.01354	0.00821	0.00467	0.00527	0.00157	0.00692	0.00496	0.00254	0.08470
29	0.01223	0.02121	0.54345	0.03188	0.03210	0.01152	0.08459	0.03506	0.01148	0.11850	0.01058	0.01194	0.00742	0.00515	0.00546	0.00163	0.04134	0.00419	0.00280	0.00747
30	0.00971	0.00915	0.01546	0.76716	0.07652	0.01128	0.01412	0.01306	0.01019	0.01312	0.00902	0.01343	0.00681	0.00503	0.00505	0.00168	0.00670	0.00449	0.00226	0.00575
31	0.01855	0.02353	0.01438	0.01304	0.01553	0.76782	0.00983	0.01984	0.01404	0.01237	0.00777	0.00920	0.00652	0.00537	0.00508	0.00134	0.04404	0.00331	0.00259	0.00585
32	0.00873	0.00441	0.00655	0.00655	0.00655	0.00441	0.00435	0.00661	0.00661	0.00882	0.00903	0.01598	0.00911	0.04518	0.01997	0.82378	0.00441	0.00449	0.00223	0.00223
33	0.00711	0.00517	0.00669	0.00631	0.00752	0.00475	0.00473	0.00944	0.01419	0.01999	0.75607	0.03825	0.07990	0.01045	0.00596	0.00160	0.00239	0.00921	0.00553	0.00475
34	0.00672	0.00517	0.00595	0.00593	0.00724	0.00471	0.00438	0.00852	0.02517	0.01550	0.24962	0.10685	0.39036	0.05339	0.04458	0.00216	0.00323	0.02099	0.03510	0.00443
35	0.00693	0.00502	0.00654	0.00645	0.00749	0.00463	0.00473	0.00900	0.01336	0.01869	0.62228	0.18334	0.06969	0.01144	0.00606	0.00168	0.00249	0.01017	0.00538	0.00463
36	0.02680	0.04653	0.63260	0.04108	0.05464	0.01230	0.01711	0.06173	0.01136	0.01681	0.00912	0.01083	0.00661	0.00496	0.00506	0.00159	0.02732	0.00381	0.00235	0.00739
37	0.85801	0.00978	0.00743	0.00665	0.00978	0.01134	0.00548	0.01486	0.00861	0.02269	0.00704	0.00821	0.00548	0.00469	0.00313	0.00156	0.00391	0.00274	0.00313	0.00548
38	0.00616	0.00442	0.00585	0.00699	0.00732	0.00411	0.00467	0.00705	0.00973	0.01293	0.02854	0.79685	0.05515	0.01576	0.00644	0.00204	0.00292	0.01427	0.00469	0.00411
39	0.01889	0.02410	0.01433	0.01303	0.01563	0.80199	0.00977	0.02019	0.01433	0.01238	0.00782	0.00912	0.00651	0.00521	0.00456	0.00130	0.00912	0.00326	0.00261	0.00586
40	0.01112	0.00755	0.00813	0.00751	0.00945	0.00825	0.00575	0.01842	0.35084	0.04502	0.05142	0.01939	0.01527	0.00730	0.00549	0.05832	0.00328	0.00534	0.35601	0.00613
41	0.02894	0.01219	0.09632	0.01502	0.12548	0.01338	0.01167	0.03156	0.00953	0.01444	0.05626	0.01411	0.03360	0.00830	0.02410	0.00205	0.48953	0.00483	0.00262	0.00606
42	0.00709	0.00535	0.00740	0.02267	0.00865	0.00583	0.00566	0.00843	0.00889	0.01223	0.03921	0.22571	0.06928	0.12632	0.37397	0.00517	0.03717	0.02324	0.00347	0.00428
43	0.02643	0.03632	0.07615	0.48993	0.15597	0.03322	0.01349	0.01399	0.02971	0.01436	0.03619	0.01454	0.02805	0.00533	0.00498	0.00161	0.00633	0.00465	0.00255	0.00619

[dist]
# distance from previous block
# <min> <max>
4	7

[block]
# block no. 3 follows, 49 sequences, length 16
# corresponding to MSA columns:
# 257-272
name=unknown_D
#
# <colnr> <probs for GDERKNQSTAVLIFYWHMCP>
#	G	D	E	R	K	N	Q	S	T	A	V	L	I	F	Y	W	H	M	C	P
0	0.05526	0.08271	0.05103	0.10976	0.28994	0.02061	0.01128	0.01525	0.01092	0.11279	0.01116	0.02669	0.00933	0.05502	0.00654	0.01206	0.03203	0.01546	0.00305	0.06911
1	0.13706	0.28202	0.20294	0.01144	0.04245	0.10794	0.01105	0.03632	0.05573	0.01575	0.00860	0.00989	0.00696	0.00503	0.00467	0.00142	0.04805	0.00340	0.00261	0.00665
2	0.06076	0.00633	0.00775	0.00738	0.00842	0.00679	0.00539	0.05693	0.00946	0.06037	0.01547	0.02717	0.01569	0.36480	0.24289	0.00495	0.02181	0.06975	0.00340	0.00448
3	0.01214	0.01046	0.03154	0.12307	0.09093	0.00988	0.00911	0.18244	0.02742	0.01915	0.01317	0.01576	0.05581	0.00574	0.00489	0.01413	0.00485	0.03276	0.00347	0.33326
4	0.55246	0.00910	0.00871	0.00888	0.08264	0.00980	0.00628	0.01366	0.00989	0.02073	0.10084	0.01470	0.05810	0.00574	0.00386	0.00150	0.00383	0.00415	0.00344	0.08170
5	0.06111	0.00786	0.00903	0.00805	0.01049	0.00784	0.02237	0.03970	0.19607	0.04883	0.14037	0.07056	0.18281	0.00906	0.00538	0.00163	0.00358	0.06630	0.00467	0.10431
6	0.00917	0.00664	0.00837	0.00800	0.00956	0.00697	0.00631	0.09904	0.04039	0.01719	0.13017	0.09337	0.03883	0.01868	0.25558	0.00371	0.00674	0.11215	0.08884	0.04029
7	0.00834	0.00920	0.10093	0.00899	0.01175	0.00710	0.09298	0.05646	0.03082	0.01639	0.13379	0.08045	0.37223	0.01026	0.00583	0.00171	0.00410	0.03900	0.00430	0.00535
8	0.01257	0.00978	0.01531	0.07102	0.25094	0.00951	0.09270	0.06080	0.02593	0.12558	0.06420	0.04572	0.10268	0.00656	0.00523	0.00154	0.00507	0.00599	0.02185	0.06704
9	0.01504	0.06316	0.06183	0.01377	0.13665	0.02535	0.01016	0.36371	0.10374	0.03599	0.04486	0.01659	0.07377	0.00643	0.00503	0.00153	0.00523	0.00517	0.00428	0.00770
10	0.01116	0.02592	0.70527	0.01425	0.02116	0.10354	0.01765	0.01650	0.01110	0.01559	0.00893	0.01050	0.00642	0.00485	0.00478	0.00157	0.00766	0.00368	0.00219	0.00729
11	0.03136	0.00934	0.01515	0.15396	0.08110	0.00914	0.12757	0.02983	0.01256	0.34418	0.01630	0.08903	0.01276	0.00674	0.00537	0.00168	0.00543	0.03697	0.00439	0.00713
12	0.01049	0.00899	0.01049	0.00749	0.01198	0.00674	0.00599	0.01273	0.01049	0.01648	0.00899	0.01049	0.00749	0.00374	0.00374	0.00075	0.00374	0.00300	0.00300	0.85320
13	0.00653	0.00446	0.00571	0.00670	0.00715	0.00418	0.00453	0.00760	0.00985	0.01363	0.02738	0.69851	0.05806	0.01458	0.00610	0.00194	0.00285	0.01312	0.10293	0.00418
14	0.00826	0.04274	0.00812	0.00792	0.00887	0.09791	0.00578	0.00945	0.01076	0.01345	0.07201	0.51222	0.08645	0.01325	0.00630	0.00189	0.02219	0.06355	0.00434	0.00454
15	0.00715	0.00534	0.00713	0.00719	0.00805	0.00535	0.00537	0.00895	0.01191	0.01658	0.40778	0.24554	0.05517	0.02758	0.06539	0.00233	0.04839	0.05541	0.00482	0.00457

[dist]
# distance from previous block
# <min> <max>
0	1

[block]
# block no. 4 follows, 49 sequences, length 13
# corresponding to MSA columns:
# 274-284,301,302
name=unknown_E
#
# <colnr> <probs for GDERKNQSTAVLIFYWHMCP>
#	G	D	E	R	K	N	Q	S	T	A	V	L	I	F	Y	W	H	M	C	P
0	0.01415	0.04498	0.11214	0.09790	0.09180	0.10742	0.04109	0.20571	0.15075	0.01981	0.01214	0.03367	0.00951	0.00590	0.00533	0.00158	0.03051	0.00473	0.00358	0.00730
1	0.05409	0.20453	0.11032	0.01444	0.01905	0.03996	0.29974	0.01799	0.14137	0.03388	0.01109	0.01256	0.00853	0.00487	0.00486	0.00153	0.00661	0.00464	0.00297	0.00696
2	0.00671	0.00501	0.00624	0.00623	0.00736	0.00454	0.00456	0.00857	0.01282	0.01744	0.48402	0.19087	0.20318	0.01193	0.00606	0.00170	0.00253	0.01048	0.00521	0.00454
3	0.01500	0.01062	0.01547	0.10354	0.14697	0.01046	0.08454	0.12270	0.06405	0.19784	0.01307	0.01396	0.00945	0.00522	0.00490	0.00144	0.00530	0.00462	0.02033	0.15053
4	0.00654	0.00481	0.00643	0.00719	0.00762	0.00470	0.00498	0.00768	0.01038	0.01412	0.15537	0.65274	0.03472	0.01462	0.00680	0.00198	0.03723	0.01307	0.00474	0.00428
5	0.00996	0.00585	0.00743	0.00672	0.00855	0.00522	0.00521	0.01202	0.01364	0.16936	0.45139	0.03683	0.20017	0.01021	0.00583	0.00164	0.00288	0.03619	0.00548	0.00541
6	0.01448	0.68833	0.02459	0.00916	0.01344	0.01928	0.00881	0.14329	0.01255	0.01527	0.00789	0.00879	0.00685	0.00462	0.00355	0.00116	0.00543	0.00302	0.00265	0.00685
7	0.01073	0.00977	0.01375	0.00982	0.01442	0.00776	0.13543	0.01332	0.01073	0.01643	0.00920	0.01102	0.00752	0.00383	0.00412	0.00091	0.00455	0.00350	0.00292	0.71025
8	0.03333	0.01382	0.09759	0.01128	0.01519	0.02687	0.02548	0.40977	0.14440	0.07814	0.03484	0.04897	0.01204	0.00665	0.00513	0.00160	0.00531	0.01701	0.00470	0.00788
9	0.01307	0.62740	0.15542	0.00979	0.01457	0.01813	0.01034	0.03747	0.04847	0.01361	0.00818	0.00919	0.00697	0.00458	0.00365	0.00121	0.00569	0.00308	0.00239	0.00679
10	0.01044	0.03727	0.03604	0.20298	0.01665	0.19402	0.00881	0.01224	0.01095	0.01286	0.01699	0.33381	0.01840	0.02958	0.00601	0.00182	0.00565	0.03702	0.00341	0.00506
11	0.01213	0.01243	0.03733	0.05179	0.55656	0.04086	0.12588	0.01523	0.01164	0.01619	0.03518	0.04135	0.00999	0.00510	0.00521	0.00155	0.00632	0.00515	0.00267	0.00743
12	0.14813	0.00936	0.01037	0.00780	0.01193	0.00814	0.00629	0.04659	0.03975	0.10482	0.01046	0.01125	0.00807	0.00439	0.00390	0.00104	0.00392	0.00335	0.00355	0.55690

[dist]
# distance from previous block
# <min> <max>
0	2

[block]
# block no. 5 follows, 49 sequences, length 26
# corresponding to MSA columns:
# 305-330
name=unknown_F
#
# <colnr> <probs for GDERKNQSTAVLIFYWHMCP>
#	G	D	E	R	K	N	Q	S	T	A	V	L	I	F	Y	W	H	M	C	P
0	0.00826	0.00570	0.00664	0.00624	0.00791	0.00516	0.00472	0.01052	0.04683	0.08379	0.30345	0.04017	0.36896	0.05350	0.00692	0.00184	0.00289	0.02651	0.00507	0.00493
1	0.02656	0.05378	0.55927	0.01544	0.06794	0.01176	0.11085	0.01546	0.01088	0.01602	0.02919	0.04121	0.00866	0.00524	0.00496	0.00160	0.00707	0.00452	0.00241	0.00716
2	0.00873	0.00441	0.00655	0.00655	0.00655	0.00441	0.00434	0.00662	0.00662	0.00882	0.00907	0.01607	0.00916	0.04946	0.02000	0.81927	0.00441	0.00451	0.00223	0.00223
3	0.01018	0.00943	0.01558	0.71706	0.09261	0.01148	0.01398	0.04430	0.01078	0.01398	0.00916	0.01335	0.00692	0.00505	0.00505	0.00166	0.00664	0.00450	0.00238	0.00592
4	0.00741	0.00516	0.00714	0.00714	0.00766	0.00569	0.00508	0.00826	0.00774	0.01084	0.01390	0.02379	0.01417	0.29254	0.47861	0.08240	0.00990	0.00596	0.00278	0.00383
5	0.01306	0.04127	0.01221	0.01038	0.01332	0.04670	0.00815	0.04672	0.69975	0.02073	0.01931	0.01787	0.01454	0.00668	0.00505	0.00167	0.00432	0.00547	0.00493	0.00787
6	0.01036	0.06513	0.73704	0.01432	0.02157	0.01218	0.03902	0.01598	0.01069	0.01582	0.00901	0.01063	0.00644	0.00477	0.00476	0.00158	0.00740	0.00375	0.00215	0.00741
7	0.01416	0.21109	0.34119	0.01275	0.04579	0.06710	0.03218	0.07523	0.01244	0.12740	0.01034	0.01115	0.00757	0.00500	0.00451	0.00145	0.00647	0.00380	0.00301	0.00738
8	0.80101	0.01075	0.00790	0.00708	0.01018	0.06505	0.00577	0.01523	0.00899	0.02199	0.00709	0.00828	0.00555	0.00473	0.00323	0.00155	0.00427	0.00277	0.00309	0.00550
9	0.01065	0.09538	0.61390	0.04630	0.06837	0.01253	0.05285	0.01579	0.01073	0.01557	0.00897	0.01081	0.00658	0.00473	0.00474	0.00156	0.00722	0.00383	0.00218	0.00731
10	0.01113	0.01130	0.04960	0.23143	0.40694	0.01119	0.06301	0.01426	0.01087	0.01523	0.00994	0.03502	0.00836	0.00590	0.02725	0.00173	0.01896	0.00477	0.00252	0.06060
11	0.00711	0.00517	0.00670	0.00631	0.00753	0.00475	0.00473	0.00945	0.01420	0.02002	0.75930	0.03820	0.07665	0.01043	0.00596	0.00159	0.00239	0.00920	0.00553	0.00475
12	0.00955	0.00899	0.01517	0.81013	0.03483	0.01123	0.01404	0.01292	0.01011	0.01292	0.00899	0.01348	0.00674	0.00506	0.00506	0.00169	0.00674	0.00449	0.00225	0.00562
13	0.00708	0.00517	0.00665	0.00628	0.00751	0.00474	0.00471	0.00939	0.01412	0.01983	0.73802	0.03851	0.09804	0.01051	0.00596	0.00160	0.00240	0.00925	0.00551	0.00474
14	0.01922	0.01416	0.01518	0.01163	0.01568	0.01568	0.00961	0.77388	0.02378	0.03187	0.01214	0.01214	0.00860	0.00607	0.00506	0.00152	0.00556	0.00455	0.00506	0.00860
15	0.01002	0.00811	0.03811	0.01010	0.07306	0.00772	0.00727	0.07077	0.14285	0.05750	0.19051	0.25260	0.05969	0.01037	0.00577	0.00176	0.00373	0.03932	0.00480	0.00594
16	0.01004	0.03415	0.01524	0.74398	0.03292	0.01126	0.01348	0.01330	0.01034	0.03792	0.02463	0.01391	0.00772	0.00518	0.00502	0.00166	0.00654	0.00455	0.00244	0.00572
17	0.01422	0.01168	0.01236	0.01062	0.01378	0.01335	0.00840	0.21202	0.59378	0.02381	0.01849	0.01720	0.01374	0.00666	0.00512	0.00167	0.00439	0.00543	0.00512	0.00815
18	0.80535	0.01005	0.00792	0.00696	0.01015	0.01162	0.00574	0.06252	0.00956	0.02326	0.00736	0.00846	0.00567	0.00478	0.00325	0.00156	0.00402	0.00285	0.00325	0.00567
19	0.00955	0.00899	0.01517	0.81013	0.03483	0.01123	0.01404	0.01292	0.01011	0.01292	0.00899	0.01348	0.00674	0.00506	0.00506	0.00169	0.00674	0.00449	0.00225	0.00562
20	0.00630	0.00654	0.05892	0.00583	0.00789	0.00479	0.00490	0.00793	0.01153	0.01403	0.07333	0.06112	0.69487	0.01224	0.00591	0.00170	0.00290	0.01022	0.00455	0.00450
21	0.00603	0.00508	0.00523	0.00530	0.00689	0.00428	0.00393	0.00732	0.01150	0.01385	0.07623	0.10010	0.71116	0.01292	0.00601	0.00173	0.00258	0.01087	0.00473	0.00428
22	0.01049	0.00899	0.01049	0.00749	0.01198	0.00674	0.00599	0.01273	0.01049	0.01648	0.00899	0.01049	0.00749	0.00374	0.00374	0.00075	0.00374	0.00300	0.00300	0.85320
23	0.00759	0.00642	0.00859	0.01072	0.15351	0.00593	0.00666	0.00942	0.01176	0.01519	0.14009	0.10796	0.39871	0.01130	0.00594	0.00175	0.00343	0.08559	0.00440	0.00506
24	0.01122	0.00942	0.01088	0.00784	0.01229	0.00749	0.00629	0.07648	0.01160	0.01777	0.00925	0.01062	0.00758	0.00394	0.00385	0.00081	0.00390	0.00313	0.00317	0.78247
25	0.00990	0.02288	0.09997	0.06516	0.16725	0.00817	0.00951	0.02575	0.02629	0.05170	0.12774	0.16560	0.08388	0.00844	0.00537	0.00160	0.00448	0.02464	0.00382	0.08785

[dist]
# distance from previous block
# <min> <max>
0	2

[block]
# block no. 6 follows, 49 sequences, length 15
# corresponding to MSA columns:
# 333,334,336,338-349
name=unknown_G
#
# <colnr> <probs for GDERKNQSTAVLIFYWHMCP>
#	G	D	E	R	K	N	Q	S	T	A	V	L	I	F	Y	W	H	M	C	P
0	0.01099	0.03517	0.31662	0.01286	0.03413	0.05478	0.08796	0.06682	0.02975	0.01613	0.07837	0.01670	0.01228	0.11115	0.03266	0.00224	0.06703	0.00507	0.00293	0.00637
1	0.01140	0.05126	0.44172	0.01395	0.01975	0.01145	0.13286	0.03262	0.02887	0.05780	0.01113	0.01451	0.00870	0.00545	0.00529	0.00159	0.02632	0.05139	0.00278	0.07117
2	0.06447	0.00992	0.01200	0.21874	0.01823	0.01171	0.00934	0.03976	0.42408	0.01841	0.01649	0.07616	0.01337	0.00698	0.00554	0.00174	0.03634	0.00578	0.00411	0.00685
3	0.01019	0.06116	0.08938	0.09317	0.03915	0.02297	0.03751	0.02922	0.01070	0.04834	0.06472	0.02115	0.10094	0.06980	0.09765	0.00256	0.08375	0.02047	0.02847	0.06869
4	0.01342	0.77676	0.02670	0.00941	0.01378	0.01958	0.05435	0.01520	0.01037	0.01215	0.00722	0.00844	0.00656	0.00432	0.00341	0.00112	0.00559	0.00290	0.00219	0.00651
5	0.24423	0.00648	0.00755	0.00750	0.00891	0.00738	0.00577	0.01034	0.00845	0.01490	0.01377	0.12688	0.01366	0.04668	0.44920	0.00538	0.00917	0.00595	0.00311	0.00469
6	0.01113	0.00951	0.01533	0.02009	0.41921	0.00913	0.05631	0.01366	0.01205	0.07438	0.10104	0.02415	0.19804	0.00720	0.00540	0.00158	0.00484	0.00658	0.00363	0.00676
7	0.01221	0.00995	0.01027	0.00908	0.01144	0.06872	0.00703	0.13613	0.26821	0.05087	0.25500	0.07122	0.05163	0.00840	0.00544	0.00163	0.00403	0.00706	0.00507	0.00661
8	0.01178	0.01012	0.01460	0.08206	0.29667	0.00923	0.01024	0.01474	0.03400	0.05268	0.01004	0.01203	0.00809	0.00434	0.00441	0.00117	0.00485	0.00385	0.00297	0.41215
9	0.06201	0.05673	0.27099	0.04216	0.03837	0.05573	0.08546	0.09860	0.01262	0.11811	0.01227	0.08404	0.00999	0.00615	0.00522	0.00161	0.02445	0.00509	0.00336	0.00703
10	0.01218	0.01092	0.06333	0.01198	0.01515	0.01041	0.15631	0.08865	0.25718	0.07996	0.01845	0.17653	0.01638	0.00891	0.02672	0.00193	0.00533	0.02842	0.00437	0.00688
11	0.00762	0.00516	0.00773	0.00773	0.00841	0.00583	0.00583	0.00841	0.00773	0.01098	0.01233	0.01872	0.01166	0.03273	0.60265	0.22361	0.01121	0.00516	0.00258	0.00392
12	0.01205	0.00992	0.01436	0.01750	0.31745	0.02448	0.04163	0.08737	0.04947	0.07651	0.10748	0.05062	0.13809	0.02349	0.00578	0.00165	0.00481	0.00656	0.00395	0.00682
13	0.06511	0.22804	0.47223	0.01221	0.01823	0.03399	0.01439	0.07251	0.01152	0.01648	0.00862	0.00994	0.00654	0.00478	0.00431	0.00145	0.00662	0.00346	0.00244	0.00714
14	0.24041	0.01378	0.03781	0.09150	0.04300	0.11396	0.15182	0.17801	0.04871	0.02069	0.00977	0.01139	0.00737	0.00510	0.00464	0.00156	0.00624	0.00419	0.00332	0.00671

[dist]
# distance from previous block
# <min> <max>
0	1

[block]
# block no. 7 follows, 49 sequences, length 8
# corresponding to MSA columns:
# 351-358
name=unknown_H
#
# <colnr> <probs for GDERKNQSTAVLIFYWHMCP>
#	G	D	E	R	K	N	Q	S	T	A	V	L	I	F	Y	W	H	M	C	P
0	0.04552	0.07107	0.24520	0.01047	0.03611	0.00972	0.01036	0.01546	0.04417	0.07947	0.01071	0.03283	0.00848	0.00482	0.00428	0.00122	0.00507	0.00382	0.00308	0.35815
1	0.01229	0.01179	0.02012	0.08974	0.73379	0.01196	0.01541	0.01532	0.01141	0.01625	0.00947	0.01259	0.00791	0.00455	0.00501	0.00152	0.00606	0.00450	0.00248	0.00783
2	0.01352	0.82533	0.02650	0.00865	0.01298	0.02001	0.00865	0.01514	0.01027	0.01190	0.00703	0.00811	0.00649	0.00433	0.00324	0.00108	0.00541	0.00270	0.00216	0.00649
3	0.01306	0.01110	0.01171	0.01039	0.01333	0.01280	0.00812	0.08105	0.72665	0.02193	0.01997	0.01838	0.01494	0.00680	0.00514	0.00170	0.00412	0.00563	0.00514	0.00805
4	0.01289	0.01018	0.01244	0.04359	0.13555	0.04169	0.00864	0.14104	0.11802	0.07932	0.12830	0.08972	0.01741	0.00703	0.00511	0.00149	0.00454	0.00602	0.00429	0.13274
5	0.09507	0.02995	0.10274	0.03113	0.08825	0.03864	0.02891	0.05500	0.02804	0.30645	0.07021	0.01527	0.01217	0.00573	0.00479	0.00149	0.00503	0.00467	0.00434	0.07214
6	0.01385	0.13013	0.27041	0.03477	0.11896	0.05485	0.01289	0.14239	0.04437	0.08031	0.04211	0.01274	0.00952	0.00536	0.00473	0.00149	0.00615	0.00423	0.00329	0.00746
7	0.01158	0.33865	0.22361	0.01023	0.01452	0.01348	0.03118	0.01447	0.01116	0.05859	0.12301	0.04202	0.04009	0.00629	0.00500	0.00144	0.04033	0.00486	0.00306	0.00643

[dist]
# distance from previous block
# <min> <max>
0	1

[block]
# block no. 8 follows, 49 sequences, length 28
# corresponding to MSA columns:
# 360-387
name=unknown_I
#
# <colnr> <probs for GDERKNQSTAVLIFYWHMCP>
#	G	D	E	R	K	N	Q	S	T	A	V	L	I	F	Y	W	H	M	C	P
0	0.03130	0.01085	0.10095	0.03420	0.12004	0.00968	0.01924	0.10576	0.16002	0.02899	0.04916	0.22049	0.03177	0.00873	0.00542	0.00172	0.00461	0.02554	0.02500	0.00654
1	0.01213	0.04324	0.32238	0.09450	0.25038	0.01174	0.06874	0.03267	0.01151	0.07609	0.01043	0.02546	0.00797	0.00501	0.00497	0.00157	0.00661	0.00446	0.00271	0.00744
2	0.00849	0.04541	0.01133	0.14218	0.18109	0.00788	0.00840	0.01065	0.01159	0.01500	0.13740	0.04783	0.33534	0.00907	0.00550	0.00162	0.00410	0.00782	0.00383	0.00547
3	0.01306	0.01110	0.01171	0.01039	0.01333	0.01280	0.00812	0.08139	0.72630	0.02194	0.01997	0.01838	0.01494	0.00680	0.00514	0.00170	0.00412	0.00563	0.00514	0.00805
4	0.00729	0.00515	0.00678	0.00678	0.00722	0.00559	0.00464	0.00817	0.00773	0.01074	0.01478	0.02669	0.01560	0.44238	0.40184	0.00646	0.00909	0.00642	0.00289	0.00377
5	0.01100	0.02465	0.13813	0.02666	0.18284	0.00985	0.05912	0.04009	0.12122	0.05069	0.20735	0.04716	0.03220	0.00712	0.00537	0.00162	0.00495	0.01923	0.00396	0.00678
6	0.01106	0.00901	0.01056	0.00762	0.01205	0.00691	0.00610	0.01357	0.02844	0.04991	0.00972	0.01097	0.00789	0.00392	0.00383	0.00081	0.00377	0.00315	0.00319	0.79752
7	0.01566	0.01229	0.04438	0.03284	0.25481	0.01235	0.01104	0.32956	0.03775	0.09523	0.01340	0.02789	0.02438	0.00584	0.00498	0.00152	0.00533	0.00488	0.05797	0.00789
8	0.00619	0.00445	0.00587	0.00696	0.00732	0.00413	0.00467	0.00712	0.00988	0.01316	0.05169	0.77041	0.05827	0.01558	0.00642	0.00203	0.00291	0.01410	0.00472	0.00413
9	0.01313	0.01128	0.03705	0.05527	0.39827	0.01090	0.11243	0.06604	0.01255	0.09306	0.01269	0.01737	0.01049	0.00569	0.00523	0.00160	0.00588	0.07079	0.05292	0.00735
10	0.01280	0.01082	0.01147	0.01025	0.01308	0.01243	0.00798	0.08508	0.68569	0.02162	0.02025	0.05558	0.01573	0.00722	0.00520	0.00172	0.00408	0.00603	0.00512	0.00787
11	0.00712	0.00483	0.00567	0.00585	0.00599	0.00475	0.00348	0.00745	0.00828	0.01112	0.07309	0.17735	0.02323	0.61679	0.02080	0.00414	0.00436	0.00877	0.00354	0.00338
12	0.03057	0.02441	0.71115	0.01409	0.02119	0.01150	0.03732	0.01651	0.01089	0.06255	0.00971	0.01109	0.00678	0.00487	0.00481	0.00160	0.00723	0.00385	0.00241	0.00748
13	0.00960	0.10337	0.30354	0.01154	0.01552	0.00981	0.03763	0.01324	0.01114	0.01514	0.01749	0.03301	0.01748	0.00919	0.00573	0.00190	0.00591	0.36941	0.00338	0.00598
14	0.01196	0.34391	0.44928	0.01197	0.01802	0.01524	0.01422	0.05470	0.01119	0.01519	0.00842	0.00973	0.00655	0.00468	0.00420	0.00139	0.00655	0.00337	0.00230	0.00714
15	0.00626	0.00502	0.00560	0.00570	0.00707	0.00435	0.00418	0.00772	0.01185	0.01499	0.20933	0.16827	0.50638	0.01275	0.00605	0.00174	0.00258	0.01092	0.00489	0.00435
16	0.00895	0.00605	0.00831	0.00918	0.01047	0.00601	0.00788	0.03013	0.01192	0.05176	0.02617	0.11436	0.02815	0.01356	0.00681	0.00225	0.00453	0.64387	0.00474	0.00490
17	0.01161	0.17748	0.40337	0.05559	0.09441	0.04398	0.05019	0.01667	0.07187	0.01538	0.00963	0.01123	0.00737	0.00485	0.00461	0.00150	0.00673	0.00389	0.00246	0.00719
18	0.01487	0.02826	0.14310	0.06906	0.19177	0.03646	0.08140	0.08256	0.01282	0.19634	0.01187	0.01322	0.00861	0.00549	0.00594	0.00160	0.07001	0.00458	0.01454	0.00751
19	0.00778	0.00585	0.00835	0.00894	0.00997	0.00592	0.02730	0.00976	0.01117	0.01483	0.08610	0.22143	0.04324	0.01427	0.02886	0.00233	0.03740	0.44734	0.00453	0.00462
20	0.62892	0.05197	0.02272	0.00912	0.05248	0.11658	0.00703	0.03226	0.00996	0.02056	0.00742	0.00868	0.00588	0.00477	0.00349	0.00150	0.00488	0.00295	0.00301	0.00581
21	0.00598	0.00512	0.00512	0.00512	0.00683	0.00427	0.00384	0.00726	0.01153	0.01366	0.05123	0.04866	0.78869	0.01281	0.00598	0.00171	0.00256	0.01067	0.00470	0.00427
22	0.01052	0.01488	0.24613	0.01967	0.31026	0.01043	0.09978	0.01430	0.01173	0.01669	0.12627	0.01827	0.06674	0.00599	0.00526	0.00158	0.00596	0.00555	0.00300	0.00699
23	0.01065	0.10058	0.66195	0.01518	0.08190	0.01255	0.01748	0.01589	0.01070	0.01567	0.00892	0.01058	0.00654	0.00474	0.00467	0.00154	0.00716	0.00370	0.00217	0.00742
24	0.01306	0.33673	0.06268	0.01020	0.01391	0.08322	0.02214	0.01863	0.23327	0.01538	0.01135	0.01194	0.00920	0.00536	0.00485	0.00136	0.05117	0.00386	0.00315	0.08855
25	0.00994	0.01034	0.07689	0.72628	0.03323	0.01118	0.01424	0.01347	0.01027	0.03351	0.00928	0.01336	0.00686	0.00507	0.00504	0.00168	0.00674	0.00445	0.00234	0.00584
26	0.00955	0.00839	0.01234	0.21243	0.19652	0.00887	0.00979	0.03726	0.06684	0.01678	0.19654	0.02573	0.16298	0.00775	0.00543	0.00162	0.00456	0.00680	0.00382	0.00599
27	0.01224	0.01082	0.01230	0.05331	0.01427	0.09754	0.04381	0.01440	0.01099	0.07281	0.00986	0.01187	0.00803	0.02178	0.02601	0.00132	0.04808	0.00363	0.00308	0.52383

[dist]
# distance from previous block
# <min> <max>
4	7

# created by:
# /home/cegg/simao/soft/augustus-3.2.1/scripts/msa2prfl.pl ./align_prep/EOG091G0EA2.fa
