[name]
unknown

[dist]
# distance from previous block
# <min> <max>
3	258

[block]
# block no. 0 follows, 44 sequences, length 91
# corresponding to MSA columns:
# 309-399
name=unknown_A
#
# <colnr> <probs for GDERKNQSTAVLIFYWHMCP>
#	G	D	E	R	K	N	Q	S	T	A	V	L	I	F	Y	W	H	M	C	P
0	0.00998	0.00691	0.00811	0.00773	0.00921	0.00678	0.00559	0.12364	0.01369	0.05432	0.14031	0.28399	0.15289	0.13962	0.00981	0.00245	0.00385	0.01068	0.00506	0.00536
1	0.03293	0.00590	0.00740	0.00744	0.00880	0.00549	0.00546	0.01113	0.02815	0.09256	0.26804	0.33189	0.12795	0.01317	0.00647	0.00194	0.00317	0.03132	0.00549	0.00530
2	0.01083	0.00612	0.00809	0.00768	0.00892	0.00601	0.00552	0.01202	0.01064	0.15815	0.07847	0.13787	0.04480	0.24575	0.20605	0.02854	0.00687	0.00819	0.00435	0.00514
3	0.00847	0.00796	0.08644	0.00816	0.00989	0.00605	0.00665	0.01087	0.04754	0.05277	0.10159	0.39437	0.14478	0.07847	0.00820	0.00227	0.00385	0.01160	0.00483	0.00524
4	0.12099	0.00736	0.00772	0.00716	0.00892	0.00779	0.00535	0.05883	0.09980	0.03670	0.13252	0.06100	0.02045	0.12074	0.00836	0.01870	0.00369	0.00655	0.26176	0.00562
5	0.01208	0.01062	0.01736	0.54779	0.18515	0.01242	0.01484	0.04402	0.01193	0.05197	0.01042	0.01438	0.00792	0.00556	0.00583	0.00178	0.03140	0.00488	0.00280	0.00686
6	0.06616	0.31875	0.09657	0.07661	0.01890	0.09043	0.09930	0.07964	0.03321	0.01678	0.00930	0.01116	0.00756	0.00538	0.00529	0.00153	0.04947	0.00401	0.00285	0.00711
7	0.00854	0.00658	0.00941	0.00912	0.01013	0.00777	0.00710	0.03237	0.02288	0.01341	0.01436	0.02125	0.01345	0.07389	0.66600	0.00787	0.06194	0.00585	0.00303	0.00506
8	0.00868	0.00594	0.00707	0.00714	0.00864	0.00544	0.00521	0.01095	0.05672	0.08254	0.13521	0.31826	0.30047	0.01365	0.00649	0.00195	0.00314	0.01189	0.00536	0.00526
9	0.01290	0.01230	0.01994	0.19484	0.40920	0.03194	0.07567	0.05152	0.04017	0.01753	0.01150	0.01595	0.00956	0.00666	0.02892	0.00194	0.01676	0.03206	0.00297	0.00766
10	0.06863	0.14815	0.05599	0.02822	0.04510	0.01334	0.08099	0.12049	0.06630	0.06873	0.05634	0.03225	0.05051	0.00921	0.05290	0.00214	0.05715	0.03252	0.00393	0.00711
11	0.00837	0.00567	0.00714	0.00752	0.00850	0.00542	0.00532	0.01064	0.05744	0.05273	0.18567	0.43604	0.07117	0.05900	0.00775	0.00219	0.00330	0.02705	0.03404	0.00504
12	0.00667	0.00479	0.00634	0.00758	0.00795	0.00446	0.00510	0.00766	0.01052	0.01398	0.03068	0.77354	0.05503	0.01696	0.00695	0.00221	0.00318	0.02690	0.00506	0.00444
13	0.00838	0.00720	0.04400	0.00821	0.00958	0.00661	0.00631	0.03790	0.07056	0.01611	0.12943	0.30008	0.07873	0.10224	0.14542	0.00352	0.00571	0.01028	0.00455	0.00518
14	0.00992	0.00527	0.00754	0.00740	0.00763	0.00539	0.00503	0.02699	0.03710	0.01062	0.01006	0.01663	0.00974	0.01817	0.02029	0.78731	0.00475	0.00479	0.00257	0.00279
15	0.00775	0.00552	0.00677	0.00704	0.00833	0.00497	0.00523	0.00942	0.01270	0.04751	0.21983	0.27803	0.27596	0.01397	0.00665	0.00198	0.00311	0.07497	0.00536	0.00491
16	0.01174	0.05370	0.65028	0.01583	0.02331	0.03383	0.08086	0.03748	0.01210	0.01749	0.00987	0.01168	0.00709	0.00516	0.00523	0.00171	0.00807	0.00420	0.00244	0.00795
17	0.10345	0.01450	0.01451	0.01338	0.06690	0.15727	0.03195	0.20084	0.10035	0.02135	0.01475	0.04065	0.04693	0.00833	0.02801	0.00196	0.09743	0.02622	0.00402	0.00720
18	0.01095	0.01092	0.02097	0.01625	0.01967	0.01047	0.40937	0.04328	0.05397	0.01707	0.01852	0.29399	0.01874	0.02055	0.00683	0.00201	0.00662	0.00958	0.00384	0.00641
19	0.01519	0.35206	0.12163	0.01140	0.01593	0.18296	0.01081	0.06325	0.01291	0.01553	0.00866	0.01008	0.00728	0.00516	0.00478	0.00132	0.03766	0.00343	0.00275	0.11721
20	0.11871	0.04671	0.03942	0.01016	0.01388	0.01216	0.00855	0.23776	0.09479	0.09449	0.03896	0.06566	0.02543	0.00728	0.00538	0.00163	0.02056	0.03245	0.00469	0.12133
21	0.03102	0.00684	0.03160	0.02735	0.00934	0.02670	0.00592	0.03599	0.00978	0.01314	0.05579	0.14393	0.08591	0.02715	0.03749	0.43267	0.00483	0.00728	0.00340	0.00384
22	0.01025	0.00810	0.06491	0.00853	0.01097	0.00631	0.04219	0.01251	0.01325	0.13384	0.20765	0.16382	0.24786	0.01161	0.00632	0.00186	0.00384	0.03513	0.00523	0.00582
23	0.27594	0.00904	0.00890	0.00785	0.01060	0.00959	0.00623	0.10119	0.08682	0.05864	0.16196	0.02717	0.19851	0.00874	0.00522	0.00174	0.00381	0.00692	0.00487	0.00627
24	0.03202	0.00753	0.00855	0.00788	0.00957	0.02826	0.00588	0.06916	0.05270	0.09074	0.20910	0.09487	0.05383	0.14065	0.06618	0.00281	0.00477	0.02280	0.08704	0.00568
25	0.00927	0.00624	0.00753	0.00753	0.00893	0.00589	0.00548	0.06998	0.01310	0.07067	0.13221	0.37262	0.19136	0.03736	0.00712	0.00206	0.00341	0.02163	0.02233	0.00528
26	0.00726	0.00561	0.00670	0.00716	0.00833	0.00522	0.00521	0.00950	0.05429	0.01601	0.14723	0.35519	0.27670	0.01446	0.00667	0.00202	0.00313	0.05921	0.00522	0.00486
27	0.00779	0.00530	0.00619	0.00635	0.00653	0.00526	0.00384	0.00812	0.00864	0.01150	0.03368	0.11165	0.04327	0.64195	0.04565	0.00482	0.00521	0.03702	0.00363	0.00359
28	0.00895	0.00671	0.00787	0.00774	0.00936	0.00657	0.00581	0.04739	0.10789	0.03769	0.21523	0.23477	0.22221	0.01272	0.00644	0.00193	0.00333	0.04643	0.00541	0.00556
29	0.11866	0.00680	0.00792	0.00743	0.00937	0.00655	0.00563	0.02745	0.01299	0.15301	0.20995	0.22852	0.09870	0.01091	0.00579	0.00181	0.00338	0.00934	0.07001	0.00581
30	0.13603	0.00614	0.00713	0.00787	0.00886	0.00623	0.00567	0.03231	0.01085	0.01628	0.02546	0.55207	0.02950	0.04556	0.00723	0.00227	0.00369	0.08730	0.00474	0.00482
31	0.00783	0.00530	0.00622	0.00628	0.00642	0.00532	0.00373	0.00814	0.00850	0.01146	0.05376	0.08395	0.02195	0.66983	0.07508	0.00515	0.00563	0.00837	0.00352	0.00357
32	0.01194	0.00926	0.01002	0.00913	0.01174	0.00993	0.00707	0.02118	0.43001	0.07760	0.05571	0.03132	0.22069	0.03897	0.00669	0.00198	0.00392	0.03024	0.00542	0.00718
33	0.00823	0.00587	0.00719	0.00722	0.00843	0.00558	0.00518	0.01087	0.06795	0.04373	0.30481	0.26846	0.14677	0.07451	0.00814	0.00217	0.00319	0.01122	0.00537	0.00511
34	0.00784	0.00575	0.00737	0.00694	0.00830	0.00538	0.00521	0.01076	0.03767	0.02163	0.72298	0.04054	0.07675	0.01113	0.00640	0.00172	0.00263	0.00981	0.00595	0.00523
35	0.02072	0.01527	0.01636	0.01254	0.01691	0.01691	0.01036	0.75622	0.02563	0.03436	0.01309	0.01309	0.00927	0.00654	0.00545	0.00164	0.00600	0.00491	0.00545	0.00927
36	0.00778	0.00522	0.00599	0.00613	0.00617	0.00519	0.00350	0.00789	0.00821	0.01095	0.01865	0.12360	0.02168	0.71795	0.02537	0.00493	0.00504	0.00879	0.00350	0.00343
37	0.01130	0.00969	0.01130	0.00807	0.01292	0.00727	0.00646	0.01373	0.01130	0.01776	0.00969	0.01130	0.00807	0.00404	0.00404	0.00081	0.00404	0.00323	0.00323	0.84173
38	0.00813	0.00547	0.00648	0.00683	0.00780	0.00524	0.00505	0.00972	0.01130	0.01575	0.09946	0.11594	0.15504	0.19892	0.01122	0.00271	0.00381	0.16410	0.16249	0.00451
39	0.17099	0.00964	0.01004	0.00903	0.01176	0.01058	0.00712	0.06143	0.30475	0.06853	0.12951	0.04501	0.05857	0.00822	0.00532	0.00178	0.00399	0.03170	0.04498	0.00707
40	0.00883	0.00497	0.00694	0.00687	0.00726	0.00481	0.00469	0.00773	0.00904	0.01209	0.14104	0.02480	0.09140	0.04601	0.01761	0.58900	0.00420	0.00637	0.00327	0.00308
41	0.84691	0.01054	0.00801	0.00717	0.01054	0.01223	0.00590	0.01603	0.00928	0.02446	0.00759	0.00886	0.00590	0.00506	0.00337	0.00169	0.00422	0.00295	0.00337	0.00590
42	0.00773	0.00579	0.00865	0.00871	0.00965	0.00670	0.00673	0.00963	0.00884	0.01272	0.01534	0.05873	0.01470	0.03975	0.74965	0.00845	0.01406	0.00630	0.00302	0.00485
43	0.00745	0.00595	0.00662	0.00675	0.00821	0.00554	0.00496	0.01003	0.07639	0.01572	0.11236	0.17323	0.41593	0.07685	0.00821	0.00220	0.00327	0.05041	0.00505	0.00489
44	0.00807	0.00542	0.00683	0.00696	0.00790	0.00502	0.00485	0.00954	0.01225	0.05277	0.29613	0.29336	0.10813	0.14556	0.01010	0.00248	0.00334	0.01136	0.00519	0.00475
45	0.00671	0.00481	0.00632	0.00745	0.00783	0.00448	0.00497	0.00769	0.01054	0.01404	0.05100	0.73391	0.05664	0.04601	0.00770	0.00230	0.00321	0.01495	0.00502	0.00441
46	0.01471	0.01669	0.01164	0.01097	0.01315	0.42391	0.00836	0.01682	0.03445	0.01563	0.12519	0.04809	0.10019	0.00875	0.00561	0.00165	0.00682	0.08782	0.04379	0.00577
47	0.03072	0.00571	0.00672	0.00681	0.00814	0.00530	0.00497	0.00970	0.04047	0.01779	0.31735	0.23863	0.26150	0.01316	0.00645	0.00188	0.00289	0.01147	0.00539	0.00495
48	0.02270	0.01005	0.01288	0.01010	0.01417	0.00942	0.00827	0.08004	0.11863	0.62082	0.02099	0.01840	0.01362	0.00682	0.00549	0.00171	0.00469	0.00553	0.00649	0.00919
49	0.02136	0.01016	0.01245	0.00972	0.01353	0.00982	0.00797	0.20870	0.01751	0.47610	0.01882	0.01744	0.01250	0.00664	0.00522	0.00161	0.00467	0.00528	0.13186	0.00864
50	0.84691	0.01054	0.00801	0.00717	0.01054	0.01223	0.00590	0.01603	0.00928	0.02446	0.00759	0.00886	0.00590	0.00506	0.00337	0.00169	0.00422	0.00295	0.00337	0.00590
51	0.00780	0.00579	0.00852	0.00852	0.00941	0.00669	0.00652	0.00958	0.00869	0.01248	0.01482	0.02262	0.01415	0.10576	0.72264	0.00847	0.01382	0.00602	0.00295	0.00474
52	0.00684	0.00507	0.00661	0.00762	0.00803	0.00489	0.00518	0.00781	0.01045	0.01386	0.03089	0.69796	0.09234	0.03768	0.00785	0.00227	0.03064	0.01461	0.00492	0.00446
53	0.00797	0.00575	0.00784	0.00764	0.00822	0.00619	0.02118	0.00899	0.00843	0.01170	0.01583	0.02849	0.01665	0.42859	0.38575	0.00685	0.00977	0.00691	0.00311	0.00413
54	0.84691	0.01054	0.00801	0.00717	0.01054	0.01223	0.00590	0.01603	0.00928	0.02446	0.00759	0.00886	0.00590	0.00506	0.00337	0.00169	0.00422	0.00295	0.00337	0.00590
55	0.00897	0.00561	0.00692	0.00685	0.00778	0.00530	0.00473	0.01000	0.01103	0.07433	0.15884	0.15824	0.11638	0.27611	0.03742	0.04320	0.00428	0.03108	0.02841	0.00454
56	0.00760	0.00572	0.00719	0.00700	0.00837	0.00513	0.01839	0.00943	0.01273	0.01746	0.30766	0.23135	0.19168	0.04991	0.00731	0.00196	0.00309	0.01086	0.04497	0.05219
57	0.01066	0.01008	0.04831	0.21539	0.07897	0.04656	0.02433	0.04168	0.01163	0.03784	0.01765	0.22044	0.03566	0.01307	0.09117	0.00268	0.04946	0.03484	0.00360	0.00598
58	0.84691	0.01054	0.00801	0.00717	0.01054	0.01223	0.00590	0.01603	0.00928	0.02446	0.00759	0.00886	0.00590	0.00506	0.00337	0.00169	0.00422	0.00295	0.00337	0.00590
59	0.00809	0.00613	0.00809	0.00804	0.00929	0.00574	0.03287	0.00979	0.02648	0.01497	0.09217	0.22353	0.13807	0.16386	0.01106	0.02663	0.00416	0.15106	0.00454	0.05542
60	0.13889	0.00675	0.00776	0.00737	0.00928	0.00648	0.00553	0.01304	0.01235	0.15732	0.16229	0.25040	0.13297	0.03381	0.00647	0.00195	0.00347	0.00965	0.02852	0.00568
61	0.00973	0.00697	0.00827	0.00816	0.00987	0.00694	0.00616	0.01434	0.17338	0.07322	0.16479	0.25129	0.16765	0.01245	0.00640	0.00196	0.00347	0.06362	0.00545	0.00588
62	0.00896	0.00672	0.00809	0.00753	0.00926	0.00651	0.00584	0.07822	0.04323	0.02132	0.48940	0.04116	0.17536	0.01137	0.00639	0.00180	0.00317	0.06446	0.00569	0.00554
63	0.00889	0.00666	0.00802	0.00769	0.00927	0.00653	0.00593	0.06216	0.06063	0.01982	0.37859	0.06482	0.15805	0.06733	0.00797	0.00211	0.00349	0.11120	0.00543	0.00539
64	0.00834	0.00573	0.00705	0.00704	0.00832	0.00532	0.00516	0.01051	0.03528	0.05387	0.31159	0.20989	0.17903	0.06435	0.00782	0.00210	0.00316	0.03920	0.03117	0.00506
65	0.33471	0.01115	0.01083	0.00910	0.01249	0.01239	0.00738	0.20847	0.13025	0.08801	0.01366	0.01394	0.01005	0.00610	0.00447	0.00165	0.00451	0.00442	0.10906	0.00736
66	0.05835	0.00844	0.01090	0.00881	0.01206	0.00772	0.00711	0.05563	0.01572	0.46557	0.25949	0.02490	0.02502	0.00806	0.00568	0.00169	0.00402	0.00673	0.00629	0.00780
67	0.01415	0.01373	0.01090	0.01025	0.01222	0.28441	0.00756	0.05158	0.06897	0.06655	0.06925	0.23814	0.03497	0.05521	0.00699	0.00194	0.00591	0.00813	0.03316	0.00597
68	0.00787	0.00606	0.00737	0.00720	0.00866	0.00571	0.02435	0.01064	0.06888	0.01724	0.21928	0.18854	0.27197	0.05042	0.00733	0.00202	0.00323	0.02542	0.06277	0.00506
69	0.84691	0.01054	0.00801	0.00717	0.01054	0.01223	0.00590	0.01603	0.00928	0.02446	0.00759	0.00886	0.00590	0.00506	0.00337	0.00169	0.00422	0.00295	0.00337	0.00590
70	0.00881	0.00692	0.00793	0.00753	0.00924	0.00688	0.00563	0.04015	0.14834	0.01943	0.32160	0.12048	0.22298	0.04076	0.00708	0.00195	0.00322	0.00996	0.00546	0.00564
71	0.01286	0.00716	0.00866	0.00785	0.00975	0.00684	0.00572	0.01577	0.10410	0.22856	0.05999	0.14083	0.12188	0.23111	0.01203	0.00280	0.00422	0.00867	0.00515	0.00605
72	0.00828	0.00640	0.00715	0.00675	0.00850	0.00607	0.00509	0.03840	0.07852	0.01894	0.31365	0.04186	0.35316	0.03524	0.00683	0.00186	0.00301	0.00978	0.04520	0.00531
73	0.02335	0.01011	0.01307	0.01006	0.01421	0.00933	0.00830	0.14164	0.01719	0.63709	0.04325	0.01837	0.01399	0.00685	0.00551	0.00168	0.00479	0.00553	0.00652	0.00915
74	0.01165	0.01159	0.01586	0.01359	0.01394	0.03888	0.03652	0.01296	0.00909	0.01356	0.04490	0.03448	0.01076	0.05636	0.01685	0.00247	0.64256	0.00548	0.00270	0.00579
75	0.01049	0.00810	0.00869	0.00830	0.00981	0.07993	0.00621	0.04057	0.02733	0.06660	0.30144	0.15730	0.06733	0.06084	0.05879	0.02832	0.00479	0.04479	0.00500	0.00538
76	0.00985	0.00732	0.00848	0.00807	0.00998	0.00738	0.00612	0.01536	0.21508	0.06228	0.25643	0.14424	0.18633	0.01137	0.00624	0.00187	0.00334	0.02858	0.00557	0.00610
77	0.00832	0.00544	0.00625	0.00662	0.00794	0.00513	0.00516	0.01037	0.01207	0.01734	0.07725	0.12536	0.22950	0.01168	0.00581	0.00182	0.00319	0.16141	0.29445	0.00487
78	0.02670	0.01147	0.01862	0.40750	0.34249	0.01281	0.01530	0.06918	0.01258	0.01721	0.01014	0.01390	0.00796	0.00528	0.00539	0.00172	0.00679	0.00482	0.00277	0.00736
79	0.03094	0.01160	0.01468	0.24119	0.05347	0.06184	0.03294	0.16407	0.06608	0.06537	0.01519	0.08647	0.03334	0.02399	0.03542	0.00212	0.04428	0.00614	0.00392	0.00695
80	0.00777	0.00516	0.00631	0.00679	0.00724	0.00506	0.00451	0.00877	0.00999	0.01403	0.07214	0.30525	0.02724	0.31242	0.04475	0.00349	0.00438	0.04579	0.10474	0.00418
81	0.05807	0.00882	0.01046	0.07166	0.02829	0.04336	0.03606	0.11423	0.01304	0.01874	0.01952	0.22208	0.03746	0.05460	0.00715	0.00201	0.02627	0.05261	0.16984	0.00574
82	0.03536	0.01047	0.01344	0.10810	0.06903	0.01181	0.00980	0.11602	0.15950	0.09922	0.04563	0.07984	0.01533	0.05047	0.00847	0.00206	0.11276	0.02583	0.00440	0.02245
83	0.09273	0.17966	0.03937	0.12332	0.17072	0.09514	0.01187	0.07478	0.01293	0.07996	0.01010	0.01206	0.00799	0.00562	0.00565	0.00160	0.06182	0.00416	0.00317	0.00735
84	0.00882	0.00569	0.00790	0.04493	0.00936	0.00568	0.02602	0.00899	0.00915	0.03359	0.01986	0.14251	0.08813	0.22343	0.07458	0.24479	0.00537	0.00797	0.02930	0.00391
85	0.01175	0.00850	0.01027	0.00895	0.03234	0.00788	0.00666	0.09648	0.02831	0.08245	0.17961	0.08183	0.09284	0.07134	0.00756	0.00180	0.02519	0.00719	0.00468	0.23436
86	0.00968	0.00767	0.01025	0.09435	0.09705	0.00772	0.00788	0.03966	0.07139	0.04412	0.18033	0.15320	0.21501	0.01092	0.00619	0.00185	0.00404	0.02794	0.00482	0.00594
87	0.09054	0.01212	0.01465	0.11656	0.01812	0.07902	0.07321	0.11144	0.09818	0.14646	0.01604	0.01939	0.03200	0.00720	0.00632	0.00181	0.06087	0.06178	0.02704	0.00725
88	0.01340	0.04256	0.01917	0.23178	0.34012	0.01254	0.04933	0.03710	0.01231	0.08491	0.01213	0.01517	0.02561	0.00695	0.03459	0.00197	0.04463	0.00509	0.00310	0.00754
89	0.00780	0.00533	0.00664	0.00713	0.00810	0.00485	0.00505	0.00898	0.01147	0.05109	0.10100	0.41209	0.21262	0.06329	0.00841	0.02591	0.00334	0.04718	0.00504	0.00467
90	0.07454	0.00939	0.06762	0.00986	0.01257	0.00807	0.09084	0.05954	0.01241	0.07266	0.04700	0.17499	0.20507	0.04415	0.08383	0.00268	0.00566	0.00888	0.00436	0.00586

[dist]
# distance from previous block
# <min> <max>
1	5

[block]
# block no. 1 follows, 44 sequences, length 43
# corresponding to MSA columns:
# 405-426,428-442,445-450
name=unknown_B
#
# <colnr> <probs for GDERKNQSTAVLIFYWHMCP>
#	G	D	E	R	K	N	Q	S	T	A	V	L	I	F	Y	W	H	M	C	P
0	0.05142	0.26318	0.24320	0.01177	0.01706	0.05051	0.01228	0.10686	0.04538	0.04132	0.01015	0.01124	0.00791	0.00536	0.00487	0.00147	0.02778	0.00381	0.00312	0.08130
1	0.01436	0.01342	0.01603	0.01571	0.12537	0.09832	0.07138	0.12615	0.25424	0.02032	0.01535	0.04974	0.01258	0.00998	0.07498	0.00239	0.06210	0.00580	0.00412	0.00767
2	0.06812	0.00681	0.00824	0.00793	0.00976	0.00640	0.00594	0.04101	0.01244	0.14306	0.08051	0.33207	0.10884	0.04847	0.00715	0.00208	0.00376	0.05592	0.00514	0.04637
3	0.02540	0.01210	0.04159	0.30977	0.08544	0.02879	0.08793	0.13650	0.03668	0.05209	0.01288	0.04773	0.01063	0.00673	0.00628	0.00183	0.04592	0.04113	0.00350	0.00708
4	0.02317	0.01020	0.01271	0.00998	0.01395	0.04370	0.00813	0.07195	0.01598	0.65883	0.02079	0.05612	0.01403	0.00719	0.00553	0.00170	0.00489	0.00584	0.00640	0.00891
5	0.00719	0.00562	0.00651	0.00662	0.00800	0.00510	0.00487	0.00930	0.03839	0.01676	0.24518	0.18687	0.36715	0.03498	0.00712	0.00199	0.00298	0.03526	0.00529	0.00484
6	0.00746	0.00538	0.00661	0.00710	0.00824	0.00485	0.00519	0.00894	0.01212	0.03866	0.14381	0.36797	0.27169	0.01470	0.00672	0.00203	0.00316	0.07532	0.00524	0.00478
7	0.01213	0.01057	0.01568	0.52837	0.05395	0.03289	0.02586	0.08757	0.04692	0.04262	0.01275	0.05501	0.01051	0.00661	0.00561	0.00183	0.00671	0.03456	0.00326	0.00659
8	0.00756	0.00545	0.00715	0.00697	0.00811	0.00504	0.00513	0.00989	0.01470	0.02070	0.66289	0.15267	0.04919	0.01201	0.00651	0.00179	0.00266	0.01069	0.00586	0.00504
9	0.00712	0.00546	0.00654	0.00657	0.00793	0.00488	0.00488	0.00901	0.01349	0.01785	0.37101	0.15637	0.31814	0.01313	0.00655	0.00186	0.00281	0.03608	0.00548	0.00483
10	0.04324	0.04684	0.41086	0.01431	0.02061	0.01455	0.05148	0.29088	0.01672	0.02371	0.01092	0.01207	0.00782	0.00564	0.00523	0.00168	0.00715	0.00440	0.00353	0.00837
11	0.67493	0.01136	0.00965	0.00821	0.01179	0.01296	0.00677	0.15030	0.01241	0.04680	0.00897	0.00989	0.00672	0.00538	0.00381	0.00168	0.00455	0.00338	0.00384	0.00661
12	0.19657	0.06479	0.03762	0.04778	0.03293	0.03431	0.03348	0.06424	0.01199	0.01967	0.00934	0.01100	0.00752	0.00466	0.00419	0.00123	0.00502	0.00352	0.00324	0.40691
13	0.02682	0.05245	0.02230	0.12517	0.09273	0.03292	0.25479	0.17555	0.01464	0.01985	0.01094	0.03240	0.00879	0.00607	0.00711	0.00180	0.09949	0.00547	0.00329	0.00741
14	0.43817	0.00977	0.00995	0.00824	0.01187	0.01012	0.00677	0.02065	0.02787	0.34685	0.01433	0.01379	0.00976	0.00589	0.00434	0.00167	0.00432	0.00420	0.04408	0.00737
15	0.00761	0.00520	0.00627	0.00657	0.00673	0.00520	0.00402	0.00800	0.00860	0.01155	0.02006	0.21971	0.02322	0.55469	0.08521	0.00483	0.00554	0.00958	0.00370	0.00370
16	0.01283	0.01228	0.02093	0.19131	0.62173	0.01278	0.01640	0.01615	0.01210	0.01701	0.01014	0.01371	0.00835	0.00498	0.00541	0.00166	0.00664	0.00485	0.00264	0.00810
17	0.00735	0.00555	0.00679	0.00660	0.00801	0.00500	0.00497	0.00952	0.01432	0.01938	0.51789	0.06912	0.25820	0.01223	0.00649	0.00179	0.00272	0.03345	0.00567	0.00496
18	0.00809	0.00571	0.00710	0.00667	0.00820	0.00513	0.00503	0.01037	0.01475	0.05028	0.57792	0.04253	0.21476	0.01158	0.00640	0.00174	0.00270	0.01006	0.00582	0.00518
19	0.01473	0.00715	0.00931	0.00830	0.01062	0.00647	0.00636	0.01684	0.03706	0.34036	0.11656	0.20809	0.08821	0.06944	0.00773	0.00212	0.00394	0.03428	0.00578	0.00666
20	0.00722	0.00498	0.00617	0.00689	0.00725	0.00475	0.00446	0.00805	0.01003	0.01361	0.05828	0.48452	0.05632	0.24756	0.01285	0.00303	0.00372	0.01242	0.04372	0.00417
21	0.02048	0.01128	0.01330	0.01061	0.01451	0.01154	0.00863	0.21993	0.18993	0.38172	0.01931	0.01758	0.01311	0.00683	0.00543	0.00170	0.00485	0.00547	0.03482	0.00898
22	0.01030	0.00969	0.01635	0.79530	0.03755	0.01211	0.01514	0.01393	0.01090	0.01393	0.00969	0.01453	0.00727	0.00545	0.00545	0.00182	0.00727	0.00484	0.00242	0.00606
23	0.00673	0.00479	0.00634	0.00750	0.00784	0.00448	0.00499	0.00769	0.01049	0.01403	0.05224	0.75103	0.03589	0.04820	0.00776	0.00232	0.00323	0.01503	0.00502	0.00441
24	0.01403	0.01194	0.01259	0.01119	0.01435	0.01378	0.00874	0.07632	0.71644	0.02356	0.02160	0.01987	0.01616	0.00734	0.00554	0.00184	0.00442	0.00608	0.00554	0.00867
25	0.01117	0.00955	0.01116	0.00806	0.01278	0.00719	0.00642	0.01355	0.01128	0.01766	0.01027	0.03384	0.00887	0.00441	0.00412	0.00085	0.00401	0.00358	0.00328	0.81795
26	0.00668	0.00557	0.00586	0.00589	0.00765	0.00474	0.00449	0.00823	0.01270	0.01544	0.11701	0.05193	0.66779	0.01364	0.00650	0.00187	0.00287	0.05132	0.00514	0.00467
27	0.01130	0.00969	0.01130	0.00807	0.01292	0.00727	0.00646	0.01373	0.01130	0.01776	0.00969	0.01130	0.00807	0.00404	0.00404	0.00081	0.00404	0.00323	0.00323	0.84173
28	0.00792	0.00532	0.00610	0.00610	0.00615	0.00537	0.00350	0.00803	0.00797	0.01069	0.01704	0.03489	0.01948	0.76617	0.06952	0.00548	0.00580	0.00781	0.00328	0.00339
29	0.84691	0.01054	0.00801	0.00717	0.01054	0.01223	0.00590	0.01603	0.00928	0.02446	0.00759	0.00886	0.00590	0.00506	0.00337	0.00169	0.00422	0.00295	0.00337	0.00590
30	0.00678	0.00487	0.00633	0.00735	0.00779	0.00453	0.00492	0.00781	0.01075	0.01434	0.08344	0.67081	0.07270	0.06004	0.00804	0.00233	0.00322	0.01448	0.00503	0.00443
31	0.01287	0.01471	0.03217	0.02298	0.02849	0.01379	0.75460	0.01746	0.01287	0.01746	0.01103	0.01471	0.00827	0.00460	0.00643	0.00184	0.00919	0.00643	0.00276	0.00735
32	0.02037	0.02598	0.01545	0.01404	0.01685	0.78652	0.01053	0.02177	0.01545	0.01334	0.00843	0.00983	0.00702	0.00562	0.00492	0.00140	0.00983	0.00351	0.00281	0.00632
33	0.19310	0.01006	0.01128	0.00940	0.01294	0.01035	0.00761	0.05237	0.19441	0.34494	0.05095	0.01926	0.03265	0.00705	0.00515	0.00174	0.00440	0.01869	0.00560	0.00805
34	0.00677	0.00522	0.00618	0.00661	0.00773	0.00464	0.00471	0.00820	0.01220	0.01576	0.18176	0.35472	0.33669	0.01462	0.00665	0.00197	0.00289	0.01281	0.00524	0.00464
35	0.00793	0.00529	0.00595	0.00595	0.00595	0.00529	0.00330	0.00793	0.00793	0.01057	0.01718	0.03568	0.01982	0.80840	0.02775	0.00529	0.00529	0.00793	0.00330	0.00330
36	0.11753	0.01023	0.01262	0.00979	0.01393	0.00969	0.00809	0.12323	0.01623	0.59267	0.01880	0.01672	0.01207	0.00653	0.00524	0.00168	0.00477	0.00512	0.00619	0.00889
37	0.03040	0.00648	0.00698	0.00709	0.00853	0.03852	0.00533	0.00968	0.01309	0.01718	0.27167	0.17338	0.30412	0.01304	0.00647	0.00190	0.00330	0.07273	0.00521	0.00489
38	0.09298	0.01296	0.01348	0.01114	0.01476	0.01461	0.00897	0.36610	0.31682	0.02823	0.01641	0.01591	0.01210	0.00674	0.00523	0.00171	0.00501	0.00524	0.04308	0.00852
39	0.05905	0.29277	0.03300	0.01338	0.06871	0.17597	0.04655	0.09830	0.08282	0.02988	0.01029	0.01148	0.00836	0.00561	0.00517	0.00149	0.04261	0.00400	0.00324	0.00733
40	0.00819	0.00586	0.00693	0.00681	0.00841	0.00529	0.00512	0.01042	0.03727	0.05926	0.28119	0.15241	0.34184	0.01285	0.00647	0.00187	0.00299	0.03620	0.00547	0.00515
41	0.22401	0.03198	0.04896	0.02893	0.06354	0.14713	0.03224	0.19612	0.01516	0.02242	0.01063	0.01328	0.00859	0.00581	0.00475	0.00156	0.00620	0.03528	0.00368	0.09975
42	0.07081	0.00830	0.00909	0.00852	0.01064	0.00871	0.00641	0.06702	0.21264	0.01913	0.04461	0.22839	0.09870	0.04338	0.04199	0.00226	0.00433	0.00874	0.04047	0.06588

[dist]
# distance from previous block
# <min> <max>
0	70

[block]
# block no. 2 follows, 44 sequences, length 35
# corresponding to MSA columns:
# 521-555
name=unknown_C
#
# <colnr> <probs for GDERKNQSTAVLIFYWHMCP>
#	G	D	E	R	K	N	Q	S	T	A	V	L	I	F	Y	W	H	M	C	P
0	0.05694	0.01065	0.01383	0.10831	0.10854	0.02984	0.04436	0.10944	0.06130	0.01901	0.02600	0.04735	0.04406	0.05645	0.00750	0.02692	0.03520	0.00557	0.03996	0.14877
1	0.01330	0.04616	0.04499	0.22092	0.17276	0.10171	0.05222	0.09228	0.05498	0.01779	0.03879	0.01765	0.07507	0.00646	0.00570	0.00169	0.02160	0.00548	0.00335	0.00710
2	0.00784	0.00576	0.00826	0.00824	0.00930	0.00648	0.00638	0.00982	0.00950	0.01373	0.05696	0.02435	0.06433	0.03554	0.64927	0.00750	0.01250	0.00637	0.05300	0.00488
3	0.01000	0.00745	0.00996	0.00962	0.01037	0.00860	0.00753	0.01144	0.01060	0.06362	0.04473	0.25369	0.05101	0.06812	0.01128	0.00239	0.23282	0.11600	0.06550	0.00527
4	0.01067	0.00697	0.00843	0.00819	0.01004	0.00682	0.00637	0.01460	0.12926	0.11516	0.13649	0.14119	0.16683	0.04935	0.00736	0.00212	0.00378	0.13824	0.03222	0.00591
5	0.10744	0.00941	0.01218	0.00944	0.01358	0.00844	0.00780	0.02551	0.01497	0.70213	0.02010	0.01758	0.01273	0.00658	0.00527	0.00169	0.00460	0.00523	0.00641	0.00894
6	0.01826	0.01405	0.01497	0.01205	0.01597	0.01576	0.00977	0.50598	0.27989	0.03038	0.01622	0.01558	0.01181	0.00684	0.00549	0.00171	0.00542	0.00534	0.00549	0.00905
7	0.01236	0.00825	0.00979	0.00902	0.01103	0.00852	0.00701	0.14064	0.10580	0.09161	0.13827	0.14330	0.02582	0.10056	0.00859	0.00229	0.00433	0.12197	0.04452	0.00632
8	0.00879	0.00602	0.00711	0.00707	0.00858	0.00554	0.00515	0.01114	0.06070	0.08158	0.15913	0.25911	0.29333	0.05207	0.00749	0.00208	0.00323	0.01134	0.00531	0.00524
9	0.84691	0.01054	0.00801	0.00717	0.01054	0.01223	0.00590	0.01603	0.00928	0.02446	0.00759	0.00886	0.00590	0.00506	0.00337	0.00169	0.00422	0.00295	0.00337	0.00590
10	0.00766	0.00620	0.00707	0.00816	0.00869	0.05476	0.00565	0.00873	0.01089	0.01403	0.02859	0.70726	0.03390	0.01622	0.00686	0.00218	0.00371	0.05995	0.00491	0.00459
11	0.00688	0.00490	0.00620	0.00715	0.00750	0.00460	0.00467	0.00767	0.01008	0.01333	0.02915	0.61073	0.07867	0.16851	0.01091	0.00278	0.00354	0.01380	0.00472	0.00422
12	0.01192	0.00967	0.01137	0.00815	0.01297	0.00730	0.00653	0.01433	0.01151	0.05356	0.01025	0.01165	0.00833	0.00417	0.00411	0.00085	0.00407	0.00334	0.00340	0.80255
13	0.08750	0.01054	0.01178	0.01022	0.01346	0.01132	0.00813	0.07487	0.37272	0.22010	0.02094	0.07056	0.01629	0.00792	0.00552	0.00183	0.00446	0.03805	0.00561	0.00818
14	0.01298	0.01379	0.02902	0.02092	0.02607	0.01294	0.65161	0.01758	0.03544	0.05054	0.01466	0.01747	0.05780	0.00536	0.00637	0.00183	0.00843	0.00671	0.00316	0.00730
15	0.04241	0.00648	0.00801	0.00779	0.00936	0.00619	0.00568	0.01346	0.06073	0.15980	0.14177	0.34277	0.06572	0.06948	0.00775	0.00217	0.00358	0.01062	0.03051	0.00572
16	0.00680	0.00524	0.00627	0.00692	0.00799	0.00470	0.00501	0.00815	0.01171	0.01490	0.08262	0.39428	0.33378	0.01525	0.00677	0.00206	0.00312	0.07473	0.00511	0.00459
17	0.09064	0.02301	0.01483	0.01331	0.01607	0.62959	0.01014	0.03905	0.01473	0.03787	0.00879	0.01022	0.00719	0.00587	0.00563	0.00150	0.05847	0.00364	0.00302	0.00642
18	0.01385	0.00853	0.01008	0.00865	0.01124	0.00856	0.00680	0.12027	0.12789	0.17577	0.28206	0.04557	0.07877	0.00902	0.00579	0.00171	0.00375	0.00762	0.06706	0.00702
19	0.00779	0.00584	0.00876	0.00876	0.00974	0.00681	0.00681	0.00974	0.00876	0.01266	0.01460	0.02142	0.01363	0.04089	0.78680	0.00876	0.01460	0.00584	0.00292	0.00487
20	0.00717	0.00527	0.00674	0.00756	0.00841	0.00491	0.00555	0.00863	0.01164	0.01527	0.11558	0.43077	0.16033	0.04096	0.00759	0.00225	0.00344	0.14822	0.00510	0.00461
21	0.84691	0.01054	0.00801	0.00717	0.01054	0.01223	0.00590	0.01603	0.00928	0.02446	0.00759	0.00886	0.00590	0.00506	0.00337	0.00169	0.00422	0.00295	0.00337	0.00590
22	0.01908	0.01458	0.01621	0.01267	0.01684	0.01616	0.03864	0.59126	0.16390	0.03154	0.01472	0.01451	0.01062	0.00663	0.00551	0.00168	0.00581	0.00520	0.00537	0.00908
23	0.01489	0.01252	0.01419	0.01389	0.10047	0.01412	0.00987	0.16356	0.54152	0.02440	0.01914	0.01821	0.01436	0.00695	0.00551	0.00178	0.00487	0.00578	0.00521	0.00875
24	0.00677	0.00483	0.00639	0.00748	0.00786	0.00452	0.00501	0.00783	0.01077	0.01447	0.09160	0.71624	0.03682	0.04205	0.00758	0.00227	0.00318	0.01478	0.00508	0.00445
25	0.01037	0.00979	0.01637	0.76179	0.03655	0.01231	0.01500	0.01389	0.01079	0.01389	0.00958	0.01442	0.00726	0.00563	0.00598	0.00184	0.04121	0.00484	0.00242	0.00605
26	0.01937	0.01517	0.01556	0.01235	0.01639	0.05650	0.01005	0.58193	0.16318	0.03110	0.01455	0.01427	0.01053	0.00666	0.00544	0.00166	0.00588	0.00507	0.00533	0.00900
27	0.00831	0.00608	0.00814	0.00913	0.01045	0.00591	0.00779	0.01060	0.01259	0.01623	0.06485	0.08212	0.14726	0.01476	0.00730	0.00236	0.00451	0.57160	0.00507	0.00494
28	0.03054	0.05591	0.41752	0.03119	0.06256	0.01376	0.18989	0.03892	0.01196	0.01742	0.00984	0.01232	0.00740	0.00540	0.00642	0.00177	0.07229	0.00466	0.00256	0.00766
29	0.01404	0.56887	0.22732	0.01099	0.01654	0.01862	0.01214	0.01702	0.01139	0.04730	0.00877	0.00991	0.00726	0.00489	0.00403	0.00134	0.00637	0.00332	0.00252	0.00738
30	0.00761	0.00557	0.00714	0.00675	0.00808	0.00510	0.00506	0.01008	0.01518	0.02127	0.71166	0.04171	0.11168	0.01137	0.00643	0.00173	0.00259	0.01000	0.00592	0.00510
31	0.00722	0.00547	0.00672	0.00741	0.00833	0.00518	0.00523	0.00939	0.05981	0.01550	0.10666	0.50740	0.18274	0.01517	0.00673	0.00208	0.00316	0.03582	0.00518	0.00482
32	0.01736	0.14443	0.16394	0.01187	0.01658	0.04656	0.01135	0.17210	0.12597	0.19087	0.01442	0.01420	0.01032	0.00620	0.00545	0.00163	0.02928	0.00467	0.00445	0.00836
33	0.04158	0.38572	0.15189	0.01204	0.01669	0.18855	0.02912	0.06512	0.01296	0.01556	0.00857	0.00997	0.00713	0.00524	0.00471	0.00141	0.03044	0.00350	0.00268	0.00712
34	0.01373	0.08568	0.09118	0.10692	0.10641	0.11821	0.19746	0.04450	0.01247	0.01619	0.00953	0.01251	0.00768	0.00562	0.00701	0.00171	0.11280	0.00474	0.00271	0.04293

[dist]
# distance from previous block
# <min> <max>
0	5

[block]
# block no. 3 follows, 44 sequences, length 7
# corresponding to MSA columns:
# 561-567
name=unknown_D
#
# <colnr> <probs for GDERKNQSTAVLIFYWHMCP>
#	G	D	E	R	K	N	Q	S	T	A	V	L	I	F	Y	W	H	M	C	P
0	0.01304	0.00930	0.01022	0.00911	0.01152	0.04557	0.00699	0.07949	0.18197	0.13030	0.11414	0.10503	0.10419	0.05755	0.07079	0.00254	0.00515	0.00780	0.00513	0.03018
1	0.10716	0.09070	0.01311	0.00982	0.01292	0.01295	0.00786	0.16389	0.28028	0.06090	0.04466	0.05640	0.03451	0.07275	0.00701	0.00201	0.00472	0.00606	0.00483	0.00746
2	0.54675	0.05410	0.01080	0.00848	0.01204	0.01288	0.00701	0.07693	0.11286	0.09617	0.01131	0.01165	0.00839	0.00563	0.00404	0.00168	0.00450	0.00378	0.00409	0.00692
3	0.00780	0.00579	0.00850	0.00850	0.00938	0.00667	0.00648	0.00956	0.00868	0.01246	0.01485	0.02276	0.01421	0.11319	0.71529	0.00843	0.01373	0.00604	0.00296	0.00472
4	0.05083	0.00589	0.00678	0.00686	0.00819	0.00549	0.00499	0.00993	0.01160	0.06208	0.11496	0.18779	0.26828	0.15848	0.01031	0.00257	0.00366	0.07169	0.00486	0.00478
5	0.00821	0.00608	0.00727	0.00689	0.00829	0.00573	0.00512	0.04971	0.01416	0.01914	0.43246	0.04218	0.20729	0.11892	0.00930	0.00226	0.00328	0.04339	0.00535	0.00499
6	0.00989	0.00577	0.00714	0.00703	0.00781	0.00550	0.00466	0.01068	0.01026	0.11564	0.08020	0.19804	0.02534	0.43973	0.01789	0.00376	0.00452	0.03716	0.00442	0.00456

[dist]
# distance from previous block
# <min> <max>
0	1

[block]
# block no. 4 follows, 44 sequences, length 6
# corresponding to MSA columns:
# 569-574
name=unknown_E
#
# <colnr> <probs for GDERKNQSTAVLIFYWHMCP>
#	G	D	E	R	K	N	Q	S	T	A	V	L	I	F	Y	W	H	M	C	P
0	0.07910	0.00649	0.00733	0.00708	0.00866	0.00640	0.00520	0.01265	0.07057	0.07483	0.19768	0.17328	0.12775	0.09161	0.00799	0.00214	0.00340	0.00916	0.10328	0.00539
1	0.01257	0.01676	0.14578	0.02185	0.02775	0.01362	0.64304	0.01743	0.01266	0.01743	0.01084	0.01422	0.00806	0.00468	0.00624	0.00182	0.00902	0.00607	0.00269	0.00746
2	0.00785	0.00684	0.01006	0.06952	0.01247	0.00638	0.09374	0.01004	0.01289	0.01673	0.22806	0.13616	0.34487	0.01180	0.00643	0.00185	0.00387	0.01047	0.00483	0.00516
3	0.03132	0.00843	0.06189	0.00957	0.01186	0.00699	0.09446	0.01204	0.03185	0.05640	0.20077	0.22068	0.14068	0.04113	0.00708	0.00201	0.00424	0.02600	0.02702	0.00559
4	0.00903	0.00751	0.01083	0.01051	0.06202	0.00719	0.09411	0.01227	0.07092	0.01749	0.16404	0.09974	0.22946	0.05491	0.00733	0.00200	0.00412	0.04594	0.08498	0.00559
5	0.27143	0.01332	0.06432	0.01086	0.01455	0.01385	0.00943	0.25270	0.06950	0.11664	0.01216	0.01273	0.00887	0.00644	0.00627	0.00177	0.09862	0.00439	0.00441	0.00773

[dist]
# distance from previous block
# <min> <max>
0	9

[block]
# block no. 5 follows, 44 sequences, length 14
# corresponding to MSA columns:
# 584-597
name=unknown_F
#
# <colnr> <probs for GDERKNQSTAVLIFYWHMCP>
#	G	D	E	R	K	N	Q	S	T	A	V	L	I	F	Y	W	H	M	C	P
0	0.03668	0.00706	0.01024	0.00887	0.01102	0.00644	0.09880	0.01168	0.01326	0.08545	0.25929	0.16078	0.24613	0.01146	0.00634	0.00184	0.00379	0.01020	0.00516	0.00554
1	0.17725	0.00810	0.00893	0.00838	0.01049	0.00842	0.00656	0.11124	0.02639	0.07170	0.15104	0.18836	0.05060	0.03668	0.00651	0.00201	0.00404	0.09913	0.01822	0.00594
2	0.00952	0.00832	0.10351	0.00877	0.01064	0.00598	0.00732	0.01145	0.01174	0.11070	0.10424	0.52768	0.03122	0.01368	0.00650	0.00204	0.00389	0.01223	0.00503	0.00556
3	0.01197	0.09243	0.01410	0.01103	0.01368	0.00925	0.10131	0.03839	0.03010	0.11131	0.02550	0.09226	0.09593	0.01119	0.00646	0.00205	0.00525	0.31690	0.00470	0.00619
4	0.01109	0.00650	0.00830	0.00791	0.00932	0.00624	0.00578	0.05215	0.02876	0.13561	0.18236	0.23711	0.04359	0.11848	0.01062	0.08068	0.00395	0.04112	0.00507	0.00538
5	0.00928	0.00747	0.01202	0.01057	0.01184	0.00840	0.09982	0.01077	0.00918	0.01322	0.01378	0.02007	0.03073	0.06228	0.38574	0.12711	0.10910	0.00582	0.04793	0.00488
6	0.00910	0.00660	0.00812	0.00765	0.00907	0.00646	0.00567	0.10280	0.01525	0.02108	0.47018	0.19930	0.05737	0.04738	0.00737	0.00197	0.00325	0.01039	0.00559	0.00541
7	0.04647	0.09147	0.01112	0.01041	0.10428	0.00831	0.00697	0.03601	0.01317	0.01797	0.24701	0.14832	0.21662	0.01081	0.00591	0.00175	0.00372	0.00929	0.00469	0.00570
8	0.01260	0.09476	0.01864	0.25857	0.05686	0.01288	0.10589	0.01543	0.01143	0.07482	0.04313	0.01452	0.00991	0.00608	0.00728	0.00170	0.13647	0.00490	0.00306	0.11109
9	0.01208	0.01178	0.01665	0.19360	0.29895	0.09205	0.05220	0.01448	0.01130	0.01465	0.01171	0.01894	0.01093	0.20549	0.01099	0.00257	0.00685	0.00556	0.00280	0.00642
10	0.02119	0.11050	0.01557	0.09248	0.01684	0.01144	0.00927	0.13088	0.01601	0.49334	0.01729	0.01611	0.01141	0.00632	0.00523	0.00163	0.00526	0.00501	0.00555	0.00865
11	0.01247	0.01181	0.02043	0.45295	0.10372	0.01316	0.17918	0.10736	0.01332	0.01763	0.01047	0.01429	0.00787	0.00534	0.00566	0.00178	0.00746	0.00521	0.00290	0.00699
12	0.02748	0.00990	0.03150	0.06937	0.08364	0.01056	0.05361	0.06593	0.10238	0.01827	0.09382	0.13431	0.02094	0.01094	0.03311	0.00223	0.10414	0.11725	0.00420	0.00642
13	0.01110	0.12101	0.50944	0.01292	0.01945	0.01231	0.01551	0.01597	0.01184	0.01726	0.08941	0.01421	0.01174	0.00560	0.00496	0.00154	0.00670	0.00440	0.00281	0.11183

[dist]
# distance from previous block
# <min> <max>
3	87

# created by:
# /home/cegg/simao/soft/augustus-3.2.1/scripts/msa2prfl.pl ./align_prep/EOG091G0E5P.fa
