[name]
unknown

[dist]
# distance from previous block
# <min> <max>
3	121

[block]
# block no. 0 follows, 46 sequences, length 6
# corresponding to MSA columns:
# 145-150
name=unknown_A
#
# <colnr> <probs for GDERKNQSTAVLIFYWHMCP>
#	G	D	E	R	K	N	Q	S	T	A	V	L	I	F	Y	W	H	M	C	P
0	0.01311	0.08557	0.15047	0.04598	0.09662	0.05086	0.01079	0.09127	0.06698	0.06380	0.05170	0.06501	0.01269	0.00629	0.00491	0.00148	0.00546	0.00516	0.04867	0.12317
1	0.01465	0.01521	0.09569	0.01210	0.01568	0.17945	0.07711	0.08960	0.08646	0.09018	0.08637	0.06620	0.01460	0.00689	0.00580	0.00158	0.04029	0.00562	0.00398	0.09252
2	0.01407	0.09805	0.06424	0.01036	0.01423	0.03830	0.05815	0.08192	0.10726	0.12831	0.01584	0.05924	0.02821	0.00656	0.00493	0.00147	0.00504	0.03352	0.05749	0.17283
3	0.07075	0.08188	0.04164	0.01287	0.05381	0.01283	0.08674	0.13178	0.07220	0.06534	0.01269	0.01653	0.01058	0.00980	0.08219	0.00235	0.11810	0.05175	0.00365	0.06254
4	0.04619	0.05412	0.10317	0.01010	0.01369	0.00930	0.04221	0.06676	0.04732	0.17702	0.06935	0.07961	0.06702	0.00843	0.00552	0.00171	0.00486	0.10919	0.00457	0.07986
5	0.09223	0.05673	0.15597	0.01153	0.03424	0.07584	0.04346	0.04785	0.10046	0.15756	0.04388	0.05603	0.03759	0.00657	0.00502	0.00159	0.00556	0.00533	0.00408	0.05847

[dist]
# distance from previous block
# <min> <max>
0	1

[block]
# block no. 1 follows, 46 sequences, length 15
# corresponding to MSA columns:
# 152-166
name=unknown_B
#
# <colnr> <probs for GDERKNQSTAVLIFYWHMCP>
#	G	D	E	R	K	N	Q	S	T	A	V	L	I	F	Y	W	H	M	C	P
0	0.31343	0.00989	0.01189	0.01168	0.10661	0.01026	0.04550	0.07987	0.01238	0.09803	0.09846	0.05311	0.01410	0.00805	0.04433	0.00194	0.00506	0.00517	0.00400	0.06628
1	0.00944	0.08870	0.00955	0.00778	0.00935	0.00708	0.00601	0.04294	0.01260	0.07121	0.20171	0.34716	0.08140	0.01247	0.00613	0.00187	0.00354	0.07077	0.00498	0.00530
2	0.11524	0.08873	0.05427	0.00994	0.01364	0.03133	0.00849	0.16472	0.26382	0.02236	0.01418	0.01432	0.01080	0.00591	0.00460	0.00150	0.00478	0.00451	0.06996	0.09691
3	0.01356	0.30520	0.24670	0.01360	0.05631	0.01606	0.07357	0.10948	0.08533	0.01780	0.01038	0.01155	0.00810	0.00515	0.00462	0.00148	0.00646	0.00405	0.00297	0.00762
4	0.04419	0.01506	0.03621	0.05279	0.06777	0.22440	0.04964	0.14204	0.05204	0.11442	0.04943	0.05111	0.01249	0.04717	0.00648	0.00178	0.01664	0.00534	0.00400	0.00701
5	0.01290	0.00850	0.01063	0.00912	0.01160	0.00865	0.03900	0.03995	0.24128	0.17009	0.23337	0.03909	0.05724	0.08525	0.00775	0.00204	0.00403	0.00734	0.00538	0.00679
6	0.01302	0.01422	0.07922	0.01938	0.16170	0.07531	0.27962	0.01626	0.01196	0.05679	0.01185	0.05187	0.01016	0.00620	0.00697	0.00174	0.09549	0.03470	0.00301	0.05054
7	0.01305	0.01257	0.01865	0.19266	0.33072	0.07427	0.08461	0.01722	0.08027	0.04081	0.01110	0.01371	0.00873	0.00509	0.00521	0.00157	0.00652	0.00475	0.00299	0.07549
8	0.00978	0.03893	0.00899	0.00777	0.00960	0.00743	0.00602	0.03013	0.10366	0.07982	0.22340	0.14899	0.22807	0.01120	0.00658	0.00180	0.04348	0.02356	0.00510	0.00568
9	0.01107	0.00901	0.05000	0.00831	0.01066	0.04097	0.00676	0.09744	0.05351	0.09765	0.18553	0.16826	0.21814	0.01080	0.00595	0.00176	0.00390	0.00919	0.00510	0.00597
10	0.04296	0.13363	0.16822	0.01301	0.03472	0.05411	0.10966	0.13761	0.02882	0.12922	0.01445	0.05553	0.04225	0.00631	0.00511	0.00160	0.00624	0.00527	0.00379	0.00747
11	0.02929	0.03227	0.04609	0.01296	0.08032	0.13068	0.07021	0.05579	0.07127	0.11693	0.04505	0.02602	0.08781	0.00846	0.01477	0.00182	0.00587	0.12951	0.02818	0.00671
12	0.01172	0.15894	0.54276	0.01532	0.05315	0.03685	0.07754	0.01671	0.01135	0.01594	0.00920	0.01099	0.00689	0.00489	0.00485	0.00158	0.00752	0.00393	0.00230	0.00756
13	0.01367	0.01414	0.05247	0.12598	0.46588	0.07681	0.07561	0.07955	0.01317	0.01774	0.01000	0.01290	0.00803	0.00498	0.00528	0.00160	0.00688	0.00470	0.00281	0.00780
14	0.02296	0.17053	0.20787	0.01340	0.08895	0.01204	0.07228	0.02413	0.03645	0.10824	0.09362	0.03502	0.07025	0.00667	0.00513	0.00159	0.00570	0.01443	0.00362	0.00711

[dist]
# distance from previous block
# <min> <max>
2	9

[block]
# block no. 2 follows, 46 sequences, length 8
# corresponding to MSA columns:
# 176-183
name=unknown_C
#
# <colnr> <probs for GDERKNQSTAVLIFYWHMCP>
#	G	D	E	R	K	N	Q	S	T	A	V	L	I	F	Y	W	H	M	C	P
0	0.01285	0.01098	0.01749	0.02139	0.39084	0.01062	0.07441	0.03858	0.05438	0.07072	0.08648	0.05423	0.01432	0.00605	0.00533	0.00154	0.00543	0.00571	0.00361	0.11506
1	0.01419	0.01134	0.01390	0.07033	0.06803	0.06343	0.05218	0.08825	0.09787	0.11829	0.04269	0.01642	0.03068	0.00583	0.00498	0.00139	0.00520	0.01823	0.00406	0.27272
2	0.08226	0.01140	0.01567	0.07246	0.30084	0.01195	0.01157	0.16421	0.06697	0.06474	0.02899	0.01824	0.02990	0.00639	0.00525	0.00165	0.00547	0.05971	0.00390	0.03841
3	0.01273	0.01213	0.02038	0.08540	0.67839	0.01214	0.01547	0.01584	0.01186	0.01700	0.00987	0.01302	0.00824	0.00470	0.00515	0.00153	0.00618	0.00461	0.00263	0.06273
4	0.01556	0.01403	0.01797	0.01366	0.01796	0.09488	0.19550	0.23222	0.10357	0.04726	0.01231	0.01337	0.00923	0.00537	0.00519	0.00147	0.00634	0.00480	0.00397	0.18535
5	0.01251	0.07107	0.01932	0.32589	0.37708	0.01316	0.01461	0.07372	0.01238	0.01672	0.00976	0.01310	0.00779	0.00505	0.00512	0.00161	0.00649	0.00457	0.00270	0.00734
6	0.00835	0.00613	0.00762	0.00715	0.00863	0.00585	0.00546	0.06874	0.01509	0.02087	0.57815	0.07874	0.11159	0.01117	0.00624	0.00173	0.00291	0.04475	0.00560	0.00521
7	0.01285	0.53115	0.30273	0.01123	0.01694	0.01779	0.01285	0.01616	0.01089	0.01400	0.00812	0.00945	0.00675	0.00470	0.00398	0.00133	0.00644	0.00322	0.00225	0.00716

[dist]
# distance from previous block
# <min> <max>
0	3

[block]
# block no. 3 follows, 46 sequences, length 50
# corresponding to MSA columns:
# 187-236
name=unknown_D
#
# <colnr> <probs for GDERKNQSTAVLIFYWHMCP>
#	G	D	E	R	K	N	Q	S	T	A	V	L	I	F	Y	W	H	M	C	P
0	0.00721	0.00539	0.00681	0.00750	0.00830	0.00527	0.00530	0.00947	0.06887	0.01484	0.09395	0.51816	0.10302	0.03534	0.05043	0.00248	0.00381	0.04428	0.00486	0.00470
1	0.01454	0.01497	0.02491	0.01861	0.02296	0.13782	0.49441	0.01800	0.01292	0.09290	0.01195	0.01591	0.00935	0.00553	0.00649	0.00176	0.04603	0.04080	0.00316	0.00698
2	0.07119	0.01436	0.01465	0.01151	0.01550	0.07411	0.00941	0.52979	0.04508	0.14116	0.01350	0.01320	0.00945	0.00624	0.00513	0.00159	0.00575	0.00466	0.00516	0.00855
3	0.00659	0.00476	0.00627	0.00743	0.00789	0.00444	0.00513	0.00765	0.01038	0.01372	0.03040	0.71144	0.07566	0.01624	0.00676	0.00215	0.00318	0.07066	0.00490	0.00435
4	0.01254	0.01041	0.01146	0.00846	0.01296	0.04506	0.00676	0.04711	0.03342	0.06019	0.01045	0.01160	0.00836	0.00433	0.00413	0.00092	0.00430	0.00342	0.00346	0.70065
5	0.01332	0.01106	0.01177	0.01050	0.01354	0.01257	0.00818	0.02712	0.70495	0.05107	0.02203	0.02026	0.03555	0.00723	0.00536	0.00176	0.00415	0.00602	0.00536	0.02817
6	0.01002	0.00944	0.01586	0.78463	0.03593	0.01184	0.01461	0.01349	0.01052	0.01349	0.00934	0.01404	0.00704	0.00537	0.00554	0.00177	0.02413	0.00470	0.00235	0.00587
7	0.01711	0.01190	0.02207	0.01605	0.02082	0.01086	0.39726	0.04131	0.01380	0.32480	0.01475	0.01553	0.01007	0.00532	0.00571	0.00166	0.00678	0.00566	0.00432	0.05422
8	0.00755	0.00566	0.00850	0.00850	0.00944	0.00661	0.00661	0.00944	0.00850	0.01227	0.01416	0.02077	0.01322	0.03965	0.79326	0.00850	0.01416	0.00566	0.00283	0.00472
9	0.00644	0.00460	0.00613	0.00736	0.00767	0.00429	0.00491	0.00736	0.01012	0.01350	0.02914	0.81076	0.03497	0.01656	0.00675	0.00215	0.00307	0.01503	0.00491	0.00429
10	0.01413	0.81739	0.02770	0.00905	0.01357	0.02092	0.00905	0.01583	0.01074	0.01244	0.00735	0.00848	0.00678	0.00452	0.00339	0.00113	0.00565	0.00283	0.00226	0.00678
11	0.01310	0.01377	0.02890	0.02084	0.02586	0.01313	0.66682	0.01778	0.04521	0.05939	0.01162	0.01463	0.00862	0.00482	0.00646	0.00179	0.03088	0.00613	0.00299	0.00725
12	0.01352	0.01154	0.01216	0.01083	0.01389	0.01332	0.00846	0.06730	0.73187	0.02271	0.02105	0.01935	0.01576	0.00713	0.00537	0.00178	0.00427	0.00591	0.00537	0.00840
13	0.00742	0.00540	0.00698	0.00658	0.00786	0.00496	0.00494	0.00985	0.01481	0.02083	0.73980	0.04010	0.08875	0.01095	0.00624	0.00167	0.00250	0.00965	0.00577	0.00496
14	0.00872	0.00568	0.00746	0.00686	0.00833	0.00520	0.00520	0.01118	0.01498	0.07957	0.72053	0.03785	0.04707	0.01048	0.00616	0.00166	0.00265	0.00924	0.00587	0.00529
15	0.01096	0.00940	0.01096	0.00783	0.01253	0.00705	0.00626	0.01331	0.01096	0.01723	0.00940	0.01096	0.00783	0.00392	0.00392	0.00078	0.00392	0.00313	0.00313	0.84653
16	0.00638	0.00536	0.00554	0.00550	0.00722	0.00452	0.00412	0.00785	0.01237	0.01504	0.13284	0.04963	0.69933	0.01311	0.00625	0.00177	0.00266	0.01098	0.00501	0.00452
17	0.00644	0.00460	0.00613	0.00736	0.00767	0.00429	0.00491	0.00736	0.01012	0.01350	0.02914	0.81076	0.03497	0.01656	0.00675	0.00215	0.00307	0.01503	0.00491	0.00429
18	0.00643	0.00466	0.00608	0.00721	0.00763	0.00431	0.00484	0.00738	0.01027	0.01355	0.03099	0.75318	0.09135	0.01632	0.00671	0.00212	0.00304	0.01474	0.00491	0.00431
19	0.01223	0.01449	0.06548	0.02100	0.02596	0.01336	0.65171	0.01646	0.01207	0.01658	0.01076	0.01497	0.00840	0.00509	0.00706	0.00183	0.06958	0.02329	0.00268	0.00701
20	0.50021	0.00970	0.00968	0.00799	0.01161	0.01012	0.00659	0.01988	0.01160	0.34677	0.01309	0.01258	0.00885	0.00560	0.00414	0.00164	0.00426	0.00390	0.00466	0.00711
21	0.00685	0.00489	0.00661	0.00783	0.00832	0.00465	0.00562	0.00807	0.01053	0.01396	0.02891	0.66220	0.03407	0.01618	0.00686	0.00220	0.00342	0.15953	0.00490	0.00441
22	0.01966	0.01335	0.01601	0.01228	0.01647	0.01421	0.06694	0.50210	0.08286	0.17833	0.01486	0.01442	0.01030	0.00631	0.00537	0.00163	0.00566	0.00508	0.00534	0.00880
23	0.01457	0.00847	0.01057	0.00936	0.02974	0.00849	0.00718	0.05828	0.17952	0.25704	0.26291	0.02507	0.02525	0.00987	0.05050	0.00206	0.00441	0.00679	0.02269	0.00723
24	0.00646	0.00467	0.00612	0.00723	0.00765	0.00433	0.00486	0.00746	0.01038	0.01379	0.05464	0.74535	0.07511	0.01621	0.00670	0.00211	0.00303	0.01465	0.00494	0.00433
25	0.02341	0.00949	0.01257	0.00964	0.01374	0.00850	0.00796	0.08857	0.01596	0.72092	0.02016	0.01754	0.01274	0.00653	0.00531	0.00163	0.00461	0.00527	0.00644	0.00900
26	0.01261	0.01207	0.02060	0.15072	0.66669	0.01244	0.01599	0.01581	0.01181	0.01669	0.00986	0.01324	0.00817	0.00480	0.00524	0.00160	0.00640	0.00471	0.00258	0.00799
27	0.01069	0.04664	0.76828	0.01492	0.02265	0.01249	0.01928	0.01672	0.01115	0.01664	0.00943	0.01110	0.00670	0.00501	0.00498	0.00166	0.00776	0.00388	0.00223	0.00779
28	0.00998	0.00940	0.01586	0.80150	0.03641	0.01175	0.01468	0.01351	0.01057	0.01351	0.00940	0.01409	0.00705	0.00529	0.00529	0.00176	0.00705	0.00470	0.00235	0.00587
29	0.01096	0.00940	0.01096	0.00783	0.01253	0.00705	0.00626	0.01331	0.01096	0.01723	0.00940	0.01096	0.00783	0.00392	0.00392	0.00078	0.00392	0.00313	0.00313	0.84653
30	0.01280	0.00993	0.01161	0.00873	0.01299	0.00859	0.00701	0.05254	0.10282	0.08570	0.01193	0.01273	0.00931	0.00483	0.00472	0.00107	0.03047	0.00379	0.00378	0.60466
31	0.01614	0.34536	0.12364	0.01205	0.01629	0.32912	0.02416	0.05030	0.01314	0.01419	0.00825	0.00954	0.00690	0.00504	0.00429	0.00133	0.00756	0.00335	0.00258	0.00676
32	0.01125	0.00939	0.01099	0.00787	0.01255	0.00706	0.00630	0.01360	0.01106	0.03480	0.00966	0.01112	0.00795	0.00398	0.00395	0.00080	0.00393	0.00318	0.00321	0.82736
33	0.00631	0.00536	0.00544	0.00542	0.00718	0.00449	0.00406	0.00770	0.01219	0.01461	0.08839	0.05033	0.74405	0.01326	0.00625	0.00178	0.00267	0.01108	0.00495	0.00449
34	0.01381	0.10277	0.39389	0.01488	0.02074	0.16516	0.11354	0.08351	0.01324	0.01707	0.00946	0.01112	0.00710	0.00510	0.00499	0.00157	0.00790	0.00408	0.00266	0.00740
35	0.00855	0.00555	0.00715	0.00698	0.00757	0.00583	0.00472	0.00937	0.00841	0.05516	0.01597	0.02853	0.01665	0.48125	0.30956	0.00618	0.00844	0.00680	0.00326	0.00410
36	0.00662	0.00477	0.00629	0.00740	0.00780	0.00451	0.00498	0.00790	0.02595	0.01400	0.06126	0.76131	0.03522	0.01612	0.00670	0.00212	0.00307	0.01461	0.00496	0.00441
37	0.02372	0.00900	0.01227	0.00941	0.01350	0.00777	0.00777	0.02576	0.01513	0.78489	0.02086	0.01799	0.01309	0.00654	0.00532	0.00164	0.00450	0.00532	0.00654	0.00900
38	0.06462	0.05626	0.01392	0.01022	0.01422	0.07415	0.00845	0.19090	0.01676	0.47104	0.01655	0.01510	0.01093	0.00621	0.00505	0.00157	0.00525	0.00477	0.00555	0.00847
39	0.00771	0.00575	0.00821	0.00813	0.00886	0.00663	0.00610	0.00920	0.00832	0.01189	0.01442	0.02320	0.01420	0.19167	0.61630	0.00763	0.03841	0.00603	0.00289	0.00446
40	0.00644	0.00460	0.00613	0.00736	0.00767	0.00429	0.00491	0.00736	0.01012	0.01350	0.02914	0.81076	0.03497	0.01656	0.00675	0.00215	0.00307	0.01503	0.00491	0.00429
41	0.00660	0.00478	0.00627	0.00740	0.00789	0.00445	0.00513	0.00767	0.01044	0.01375	0.03098	0.68945	0.09345	0.01615	0.00675	0.00214	0.00318	0.07426	0.00490	0.00435
42	0.01257	0.01212	0.02089	0.15385	0.63851	0.01246	0.04055	0.01582	0.01182	0.01666	0.00988	0.01328	0.00815	0.00479	0.00527	0.00161	0.00649	0.00476	0.00258	0.00794
43	0.01746	0.02142	0.01493	0.01343	0.01550	0.59336	0.01033	0.01880	0.01323	0.01286	0.00820	0.01049	0.00714	0.00787	0.04492	0.00190	0.17576	0.00377	0.00264	0.00599
44	0.01352	0.01263	0.02086	0.05480	0.69962	0.01283	0.01570	0.07327	0.01297	0.01838	0.01014	0.01309	0.00838	0.00485	0.00524	0.00158	0.00627	0.00471	0.00281	0.00834
45	0.03923	0.05493	0.05217	0.01178	0.01570	0.08662	0.02929	0.31964	0.07826	0.19513	0.01389	0.01374	0.00984	0.00629	0.00576	0.00162	0.04844	0.00470	0.00476	0.00821
46	0.07626	0.01302	0.02413	0.05571	0.03378	0.04582	0.50270	0.01659	0.05774	0.01728	0.03224	0.07593	0.01140	0.00584	0.00588	0.00177	0.00754	0.00651	0.00312	0.00674
47	0.00780	0.00534	0.00687	0.00687	0.00737	0.00574	0.00470	0.00879	0.00829	0.01184	0.01563	0.02755	0.01622	0.42136	0.35270	0.00627	0.00878	0.00661	0.06728	0.00398
48	0.01215	0.21219	0.48852	0.01421	0.02080	0.01466	0.09144	0.05773	0.01195	0.01666	0.00928	0.01092	0.00698	0.00492	0.00477	0.00155	0.00730	0.00393	0.00245	0.00757
49	0.07640	0.17639	0.17985	0.01286	0.01754	0.10342	0.09783	0.10832	0.10397	0.01856	0.01066	0.01182	0.00825	0.00539	0.00502	0.00154	0.02574	0.00417	0.00319	0.02909

[dist]
# distance from previous block
# <min> <max>
0	28

# created by:
# /home/cegg/simao/soft/augustus-3.2.1/scripts/msa2prfl.pl ./align_prep/EOG091G1311.fa
