[name]
unknown

[dist]
# distance from previous block
# <min> <max>
0	162

[block]
# block no. 0 follows, 54 sequences, length 8
# corresponding to MSA columns:
# 199-206
name=unknown_A
#
# <colnr> <probs for GDERKNQSTAVLIFYWHMCP>
#	G	D	E	R	K	N	Q	S	T	A	V	L	I	F	Y	W	H	M	C	P
0	0.06451	0.02136	0.01099	0.02827	0.05680	0.00865	0.04564	0.08873	0.02410	0.05774	0.01822	0.09081	0.04174	0.00993	0.01984	0.00194	0.09465	0.30692	0.00380	0.00536
1	0.06544	0.01033	0.01682	0.05290	0.51615	0.01048	0.07050	0.06039	0.01124	0.01641	0.05161	0.07510	0.01102	0.00539	0.00478	0.00147	0.00526	0.00513	0.00281	0.00675
2	0.00886	0.00604	0.00622	0.00617	0.00714	0.06613	0.00433	0.00980	0.00963	0.07273	0.05459	0.21180	0.10338	0.15566	0.00932	0.07101	0.00353	0.00760	0.18194	0.00412
3	0.01500	0.01029	0.01374	0.10035	0.16286	0.01107	0.00976	0.24929	0.05282	0.19904	0.01297	0.05627	0.00996	0.00604	0.00560	0.00152	0.06735	0.00487	0.00403	0.00715
4	0.06004	0.01111	0.01334	0.06267	0.05619	0.06094	0.06701	0.19718	0.14070	0.15662	0.01253	0.01279	0.00907	0.00515	0.00452	0.00137	0.00496	0.00425	0.00398	0.11558
5	0.00674	0.00505	0.00758	0.00758	0.00842	0.00589	0.00589	0.00842	0.00758	0.01095	0.01263	0.01852	0.01179	0.03536	0.81561	0.00758	0.01263	0.00505	0.00253	0.00421
6	0.00639	0.00461	0.00587	0.00607	0.00684	0.00430	0.00433	0.00786	0.01101	0.01506	0.38927	0.26717	0.09332	0.10924	0.00793	0.00202	0.00277	0.04734	0.00458	0.00404
7	0.00732	0.00620	0.03194	0.00744	0.00840	0.00605	0.00561	0.04060	0.06997	0.01425	0.12691	0.47826	0.06812	0.03144	0.00693	0.00186	0.06953	0.01038	0.00423	0.00455

[dist]
# distance from previous block
# <min> <max>
0	1

[block]
# block no. 1 follows, 54 sequences, length 23
# corresponding to MSA columns:
# 208-230
name=unknown_B
#
# <colnr> <probs for GDERKNQSTAVLIFYWHMCP>
#	G	D	E	R	K	N	Q	S	T	A	V	L	I	F	Y	W	H	M	C	P
0	0.00645	0.00436	0.00573	0.00649	0.00705	0.00402	0.00444	0.00745	0.00967	0.04567	0.09203	0.68704	0.07430	0.01381	0.00590	0.00184	0.00273	0.01244	0.00451	0.00406
1	0.00890	0.00838	0.01414	0.82296	0.03247	0.01048	0.01309	0.01205	0.00943	0.01205	0.00838	0.01257	0.00629	0.00471	0.00471	0.00157	0.00629	0.00419	0.00210	0.00524
2	0.00950	0.00809	0.00948	0.00696	0.01088	0.00612	0.00550	0.01151	0.00973	0.01514	0.00958	0.06558	0.00863	0.00426	0.00366	0.00078	0.00344	0.00351	0.00290	0.80475
3	0.00819	0.00410	0.00614	0.00614	0.00614	0.00410	0.00410	0.00614	0.00614	0.00819	0.00819	0.01433	0.00819	0.01638	0.01843	0.86282	0.00410	0.00410	0.00205	0.00205
4	0.01751	0.01300	0.01392	0.01076	0.01446	0.01443	0.00886	0.73807	0.07394	0.02905	0.01185	0.01174	0.00844	0.00571	0.00472	0.00143	0.00509	0.00432	0.00472	0.00798
5	0.00626	0.00429	0.00536	0.00599	0.00615	0.00413	0.00377	0.00667	0.00808	0.01078	0.02105	0.49074	0.02494	0.33706	0.01348	0.03013	0.00350	0.01054	0.00371	0.00339
6	0.01752	0.01272	0.01371	0.01064	0.01431	0.01405	0.00875	0.69105	0.08866	0.06150	0.01231	0.01206	0.00872	0.00573	0.00472	0.00143	0.00501	0.00436	0.00477	0.00797
7	0.10064	0.00786	0.01017	0.00797	0.01134	0.00707	0.00655	0.02092	0.01296	0.66645	0.08366	0.01687	0.01382	0.00602	0.00464	0.00146	0.00383	0.00485	0.00550	0.00744
8	0.01792	0.01321	0.01415	0.01085	0.01462	0.01462	0.00896	0.78916	0.02217	0.02972	0.01132	0.01132	0.00802	0.00566	0.00472	0.00142	0.00519	0.00425	0.00472	0.00802
9	0.00594	0.00422	0.00558	0.00654	0.00687	0.00397	0.00442	0.00683	0.00917	0.01226	0.06124	0.71118	0.03075	0.06601	0.00715	0.00207	0.00290	0.04479	0.00432	0.00382
10	0.00867	0.00653	0.00760	0.00757	0.00922	0.00675	0.00607	0.03118	0.21181	0.03274	0.08431	0.08993	0.17230	0.01016	0.00549	0.00174	0.00341	0.23656	0.06272	0.00521
11	0.01023	0.00837	0.00982	0.00704	0.01121	0.00631	0.00564	0.01231	0.00992	0.04680	0.00879	0.01003	0.00717	0.00358	0.00354	0.00073	0.00351	0.00287	0.00291	0.82921
12	0.00984	0.00760	0.00872	0.00792	0.00989	0.00815	0.00615	0.04928	0.35292	0.04507	0.37348	0.02667	0.02816	0.00808	0.00521	0.00156	0.00314	0.03716	0.00499	0.00602
13	0.01056	0.00594	0.00763	0.00743	0.00884	0.00565	0.00548	0.08595	0.01133	0.19729	0.02258	0.52051	0.02400	0.03071	0.00603	0.00183	0.00336	0.03496	0.00471	0.00519
14	0.00594	0.00429	0.00566	0.00670	0.00705	0.00406	0.00454	0.00710	0.02815	0.01228	0.02579	0.79011	0.03067	0.01452	0.00600	0.00191	0.00280	0.03410	0.00439	0.00393
15	0.86760	0.00912	0.00693	0.00620	0.00912	0.01058	0.00511	0.01386	0.00802	0.02115	0.00657	0.00766	0.00511	0.00438	0.00292	0.00146	0.00365	0.00255	0.00292	0.00511
16	0.03005	0.00992	0.01117	0.00888	0.01196	0.01045	0.00722	0.38895	0.06254	0.21627	0.01400	0.01390	0.00989	0.00614	0.00504	0.03711	0.00427	0.00442	0.14070	0.00712
17	0.01619	0.00773	0.00979	0.00809	0.01094	0.00736	0.00653	0.05219	0.12827	0.46302	0.10410	0.04312	0.01674	0.00687	0.00485	0.00150	0.00368	0.03848	0.06351	0.00703
18	0.00585	0.00423	0.00531	0.00618	0.00670	0.00388	0.00420	0.00679	0.00935	0.01239	0.02915	0.66583	0.15843	0.01390	0.00583	0.00183	0.00265	0.01244	0.04118	0.00388
19	0.01962	0.00872	0.01127	0.00876	0.01224	0.00819	0.00721	0.15472	0.01460	0.61915	0.01693	0.01540	0.01105	0.00781	0.05982	0.00187	0.00480	0.00468	0.00542	0.00776
20	0.00787	0.00612	0.00876	0.00823	0.00919	0.00718	0.02321	0.04160	0.03087	0.01209	0.01216	0.01784	0.01129	0.07253	0.58098	0.03059	0.08618	0.00501	0.02383	0.00446
21	0.01111	0.01130	0.03736	0.23840	0.52307	0.04475	0.03795	0.01404	0.01049	0.01433	0.00868	0.01177	0.00705	0.00436	0.00469	0.00145	0.00601	0.00417	0.00227	0.00675
22	0.01126	0.00823	0.00924	0.00828	0.01015	0.03376	0.00640	0.23888	0.06726	0.05226	0.07990	0.16907	0.01794	0.07101	0.12314	0.00265	0.00532	0.03970	0.03994	0.00562

[dist]
# distance from previous block
# <min> <max>
2	8

[block]
# block no. 2 follows, 54 sequences, length 37
# corresponding to MSA columns:
# 239-261,265-278
name=unknown_C
#
# <colnr> <probs for GDERKNQSTAVLIFYWHMCP>
#	G	D	E	R	K	N	Q	S	T	A	V	L	I	F	Y	W	H	M	C	P
0	0.07931	0.09988	0.22077	0.01121	0.03433	0.03382	0.05462	0.14537	0.06010	0.06567	0.04993	0.04737	0.01025	0.00566	0.00496	0.00146	0.04418	0.00445	0.00325	0.02343
1	0.00698	0.00457	0.00549	0.00567	0.00603	0.00440	0.00357	0.00749	0.00838	0.03521	0.08358	0.24050	0.05958	0.45879	0.01588	0.02016	0.00373	0.00869	0.01784	0.00346
2	0.03487	0.23518	0.01683	0.01030	0.01391	0.13253	0.02165	0.41565	0.04048	0.02133	0.00956	0.01003	0.00732	0.00507	0.00417	0.00129	0.00560	0.00362	0.00358	0.00701
3	0.00737	0.00530	0.00664	0.00624	0.00757	0.00467	0.00445	0.00797	0.00878	0.01215	0.06279	0.21845	0.11318	0.08311	0.04841	0.18695	0.00376	0.00730	0.00334	0.20158
4	0.05549	0.00599	0.00716	0.04691	0.00928	0.00571	0.00520	0.03371	0.03088	0.08264	0.09683	0.21765	0.19783	0.04703	0.00636	0.02507	0.00326	0.02683	0.02101	0.07517
5	0.00799	0.00654	0.00725	0.02210	0.00892	0.02221	0.00536	0.05015	0.16734	0.01577	0.15096	0.22519	0.24763	0.01061	0.00547	0.00166	0.00310	0.03225	0.00452	0.00497
6	0.00737	0.00456	0.00577	0.00619	0.00673	0.00431	0.00412	0.00819	0.00905	0.07066	0.05811	0.48709	0.02578	0.22336	0.01037	0.00250	0.00325	0.01040	0.04825	0.00395
7	0.00606	0.00442	0.00563	0.00618	0.00683	0.00408	0.00432	0.00727	0.01024	0.01372	0.21759	0.47670	0.12909	0.05413	0.00677	0.00191	0.00271	0.03388	0.00450	0.00397
8	0.11325	0.00539	0.00628	0.00634	0.00752	0.00529	0.00458	0.00977	0.02967	0.07384	0.19296	0.35884	0.07869	0.06084	0.00642	0.00185	0.00293	0.00936	0.02171	0.00448
9	0.01213	0.00929	0.00991	0.00873	0.01127	0.01041	0.00684	0.10635	0.52498	0.05497	0.03965	0.01794	0.03193	0.00638	0.00461	0.00150	0.00361	0.00524	0.12731	0.00695
10	0.01248	0.00629	0.00797	0.00711	0.00910	0.00582	0.00546	0.06732	0.01225	0.29879	0.11503	0.25647	0.07600	0.00926	0.00513	0.00157	0.00322	0.00800	0.08701	0.00575
11	0.02262	0.00491	0.00622	0.00612	0.00694	0.00468	0.02555	0.00797	0.00990	0.01368	0.23751	0.18061	0.12558	0.24542	0.02887	0.00260	0.00347	0.02759	0.03587	0.00388
12	0.01394	0.00868	0.00997	0.00857	0.01134	0.00916	0.00677	0.02204	0.43948	0.26298	0.06922	0.01941	0.04914	0.00663	0.00480	0.00153	0.00360	0.00551	0.04007	0.00717
13	0.00899	0.00547	0.00704	0.00636	0.00794	0.00502	0.00487	0.01141	0.03848	0.14093	0.58502	0.04992	0.09154	0.00922	0.00542	0.00150	0.00257	0.00804	0.00520	0.00506
14	0.00640	0.00454	0.00584	0.00638	0.00704	0.00424	0.00443	0.00787	0.02851	0.02803	0.21558	0.54050	0.07834	0.03131	0.00623	0.00183	0.00268	0.01153	0.00458	0.00413
15	0.01454	0.00937	0.01047	0.00849	0.01133	0.00985	0.00682	0.33220	0.10233	0.14500	0.07697	0.02832	0.01340	0.02633	0.00500	0.00145	0.00399	0.00495	0.15053	0.03866
16	0.00667	0.00482	0.00630	0.00593	0.00704	0.00445	0.00445	0.00890	0.01335	0.01891	0.80239	0.03522	0.04449	0.00964	0.00556	0.00148	0.00222	0.00853	0.00519	0.00445
17	0.01032	0.01032	0.01444	0.01238	0.01238	0.01444	0.01032	0.01135	0.00722	0.01135	0.00619	0.01032	0.00619	0.00825	0.01547	0.00206	0.82567	0.00413	0.00206	0.00516
18	0.59940	0.00840	0.00752	0.00648	0.00936	0.00917	0.00531	0.01550	0.00938	0.18780	0.01003	0.01046	0.00722	0.00480	0.00334	0.00142	0.00358	0.00321	0.09199	0.00565
19	0.02099	0.00828	0.01110	0.00851	0.01216	0.00731	0.00703	0.06108	0.01393	0.76944	0.01824	0.01581	0.01149	0.00583	0.00474	0.00146	0.00407	0.00472	0.00578	0.00802
20	0.86760	0.00912	0.00693	0.00620	0.00912	0.01058	0.00511	0.01386	0.00802	0.02115	0.00657	0.00766	0.00511	0.00438	0.00292	0.00146	0.00365	0.00255	0.00292	0.00511
21	0.01761	0.02247	0.01336	0.01215	0.01458	0.81537	0.00911	0.01883	0.01336	0.01154	0.00729	0.00850	0.00607	0.00486	0.00425	0.00121	0.00850	0.00304	0.00243	0.00547
22	0.00682	0.00457	0.00600	0.00636	0.00715	0.00420	0.00449	0.00819	0.01081	0.05384	0.29496	0.48239	0.06752	0.01244	0.00578	0.00173	0.00261	0.01114	0.00473	0.00426
23	0.00667	0.00482	0.00630	0.00593	0.00704	0.00445	0.00445	0.00890	0.01335	0.01891	0.80239	0.03522	0.04449	0.00964	0.00556	0.00148	0.00222	0.00853	0.00519	0.00445
24	0.01761	0.02247	0.01336	0.01215	0.01458	0.81537	0.00911	0.01883	0.01336	0.01154	0.00729	0.00850	0.00607	0.00486	0.00425	0.00121	0.00850	0.00304	0.00243	0.00547
25	0.01173	0.01013	0.01066	0.00960	0.01226	0.01173	0.00746	0.02505	0.79636	0.01972	0.01919	0.01759	0.01439	0.00640	0.00480	0.00160	0.00373	0.00533	0.00480	0.00746
26	0.00674	0.00503	0.00746	0.00746	0.00826	0.00583	0.00574	0.00834	0.00754	0.01086	0.01274	0.01914	0.01205	0.07509	0.77625	0.00743	0.01223	0.00514	0.00254	0.00414
27	0.00680	0.00480	0.00632	0.00632	0.00673	0.00521	0.00433	0.00761	0.00721	0.01001	0.01378	0.02489	0.01455	0.44779	0.40696	0.00603	0.00847	0.00598	0.00270	0.00351
28	0.01261	0.83713	0.02471	0.00807	0.01210	0.01866	0.00807	0.01412	0.00958	0.01109	0.00656	0.00756	0.00605	0.00403	0.00303	0.00101	0.00504	0.00252	0.00202	0.00605
29	0.00679	0.00483	0.00646	0.00646	0.00692	0.00529	0.00450	0.00770	0.00725	0.01012	0.01365	0.02418	0.01424	0.40202	0.45232	0.00620	0.00893	0.00588	0.00268	0.00359
30	0.00938	0.00719	0.00863	0.00766	0.00948	0.00737	0.02157	0.18759	0.02974	0.01876	0.27571	0.07141	0.18485	0.03090	0.00627	0.00168	0.03008	0.08195	0.00457	0.00521
31	0.01116	0.01070	0.01827	0.12862	0.64553	0.01105	0.03262	0.01397	0.01049	0.01483	0.00920	0.01292	0.00782	0.00461	0.00503	0.00147	0.02693	0.02543	0.00235	0.00701
32	0.86760	0.00912	0.00693	0.00620	0.00912	0.01058	0.00511	0.01386	0.00802	0.02115	0.00657	0.00766	0.00511	0.00438	0.00292	0.00146	0.00365	0.00255	0.00292	0.00511
33	0.00594	0.00479	0.00528	0.00516	0.00659	0.00414	0.00387	0.00748	0.01161	0.01479	0.29919	0.04199	0.55026	0.01117	0.00557	0.00156	0.00233	0.00948	0.00465	0.00414
34	0.01261	0.83713	0.02471	0.00807	0.01210	0.01866	0.00807	0.01412	0.00958	0.01109	0.00656	0.00756	0.00605	0.00403	0.00303	0.00101	0.00504	0.00252	0.00202	0.00605
35	0.07942	0.06789	0.01369	0.01121	0.05227	0.09585	0.00876	0.25868	0.04308	0.01870	0.00977	0.01140	0.02000	0.00698	0.03334	0.00171	0.20986	0.00397	0.02648	0.02695
36	0.04907	0.03717	0.01784	0.28131	0.40447	0.01133	0.08391	0.03289	0.01048	0.01477	0.00866	0.01173	0.00692	0.00438	0.00463	0.00146	0.00592	0.00420	0.00234	0.00651

[dist]
# distance from previous block
# <min> <max>
0	2

[block]
# block no. 3 follows, 54 sequences, length 31
# corresponding to MSA columns:
# 281-311
name=unknown_D
#
# <colnr> <probs for GDERKNQSTAVLIFYWHMCP>
#	G	D	E	R	K	N	Q	S	T	A	V	L	I	F	Y	W	H	M	C	P
0	0.11923	0.01046	0.01662	0.05780	0.61782	0.01069	0.01261	0.01424	0.01052	0.03476	0.04460	0.01237	0.00889	0.00453	0.00449	0.00142	0.00519	0.00420	0.00261	0.00695
1	0.01783	0.01227	0.01344	0.01042	0.01409	0.01337	0.00857	0.62505	0.08528	0.13119	0.01293	0.01246	0.00903	0.00574	0.00473	0.00144	0.00491	0.00440	0.00487	0.00797
2	0.01241	0.72718	0.10798	0.00876	0.01306	0.04074	0.00909	0.01434	0.00973	0.01151	0.00678	0.00785	0.00604	0.00411	0.00322	0.00107	0.00535	0.00264	0.00203	0.00613
3	0.01261	0.83713	0.02471	0.00807	0.01210	0.01866	0.00807	0.01412	0.00958	0.01109	0.00656	0.00756	0.00605	0.00403	0.00303	0.00101	0.00504	0.00252	0.00202	0.00605
4	0.00890	0.00838	0.01414	0.82296	0.03247	0.01048	0.01309	0.01205	0.00943	0.01205	0.00838	0.01257	0.00629	0.00471	0.00471	0.00157	0.00629	0.00419	0.00210	0.00524
5	0.01061	0.00916	0.00959	0.00872	0.01119	0.01032	0.00676	0.02174	0.65381	0.01846	0.02438	0.02263	0.15748	0.00740	0.00494	0.00160	0.00349	0.00617	0.00472	0.00683
6	0.00574	0.00410	0.00547	0.00657	0.00684	0.00383	0.00438	0.00657	0.00903	0.01204	0.02599	0.83122	0.03119	0.01477	0.00602	0.00191	0.00274	0.01340	0.00438	0.00383
7	0.00663	0.00482	0.00624	0.00588	0.00702	0.00443	0.00441	0.00881	0.01324	0.01864	0.77009	0.03566	0.07696	0.00974	0.00556	0.00149	0.00223	0.00859	0.00516	0.00443
8	0.01261	0.83713	0.02471	0.00807	0.01210	0.01866	0.00807	0.01412	0.00958	0.01109	0.00656	0.00756	0.00605	0.00403	0.00303	0.00101	0.00504	0.00252	0.00202	0.00605
9	0.01118	0.01176	0.04810	0.12611	0.07178	0.06138	0.15586	0.01338	0.00920	0.04203	0.00791	0.01125	0.00666	0.00625	0.00991	0.00177	0.39309	0.00434	0.00230	0.00575
10	0.00610	0.00516	0.00602	0.02862	0.00772	0.00499	0.00461	0.00724	0.00997	0.01242	0.03754	0.24661	0.51331	0.01217	0.00649	0.00171	0.07091	0.01021	0.00412	0.00407
11	0.00574	0.00410	0.00547	0.00657	0.00684	0.00383	0.00438	0.00657	0.00903	0.01204	0.02599	0.83122	0.03119	0.01477	0.00602	0.00191	0.00274	0.01340	0.00438	0.00383
12	0.01416	0.01556	0.24238	0.01168	0.02819	0.01259	0.02384	0.35853	0.17336	0.05341	0.01230	0.01240	0.00883	0.00543	0.00468	0.00148	0.00541	0.00428	0.00392	0.00757
13	0.01051	0.00931	0.02800	0.01298	0.19239	0.00786	0.05857	0.01322	0.03298	0.04939	0.03994	0.03817	0.02414	0.00462	0.00420	0.00107	0.00427	0.00414	0.00300	0.46124
14	0.01274	0.44098	0.05278	0.02437	0.01569	0.12671	0.16939	0.01588	0.07573	0.01286	0.00842	0.00976	0.00697	0.00436	0.00395	0.00123	0.00611	0.00352	0.00238	0.00617
15	0.01091	0.29099	0.44323	0.01203	0.01764	0.01369	0.07777	0.03477	0.03211	0.01419	0.00829	0.00964	0.00638	0.00437	0.00410	0.00134	0.00628	0.00341	0.00218	0.00666
16	0.00651	0.00474	0.00613	0.00594	0.00698	0.00436	0.00439	0.00853	0.01274	0.01783	0.67706	0.12204	0.08444	0.01032	0.00561	0.00154	0.00229	0.00913	0.00506	0.00436
17	0.00936	0.00562	0.00731	0.00649	0.00810	0.00520	0.00500	0.03872	0.01368	0.14406	0.65050	0.03134	0.03801	0.00890	0.00540	0.00148	0.00261	0.00778	0.00528	0.00514
18	0.03464	0.01134	0.01225	0.19184	0.01714	0.10785	0.00924	0.19888	0.19952	0.01824	0.01280	0.01633	0.01042	0.00656	0.00564	0.02688	0.03969	0.07084	0.00361	0.00627
19	0.00620	0.00437	0.00548	0.00616	0.00647	0.00417	0.00406	0.00689	0.00864	0.01146	0.04115	0.49042	0.06181	0.26408	0.01149	0.00271	0.00336	0.05357	0.00393	0.00358
20	0.79735	0.00903	0.00726	0.00638	0.00936	0.01027	0.00526	0.01462	0.00848	0.08647	0.00756	0.00836	0.00565	0.00450	0.00307	0.00146	0.00368	0.00273	0.00316	0.00535
21	0.05973	0.00736	0.00961	0.00772	0.01069	0.00664	0.00625	0.01916	0.03368	0.55685	0.20800	0.02032	0.01937	0.00670	0.00485	0.00147	0.00355	0.00557	0.00551	0.00700
22	0.00661	0.00489	0.00593	0.00616	0.00709	0.00471	0.00446	0.00830	0.04835	0.01320	0.13097	0.22013	0.23305	0.09948	0.07538	0.04226	0.00379	0.05769	0.02352	0.00402
23	0.00618	0.00441	0.00565	0.00655	0.00695	0.00424	0.00440	0.00757	0.04448	0.01243	0.02475	0.72582	0.02905	0.05493	0.00676	0.00200	0.00285	0.01239	0.03460	0.00397
24	0.00674	0.00505	0.00758	0.00758	0.00842	0.00589	0.00589	0.00842	0.00758	0.01095	0.01263	0.01852	0.01179	0.03536	0.81561	0.00758	0.01263	0.00505	0.00253	0.00421
25	0.13990	0.00867	0.00946	0.00811	0.01075	0.00917	0.00647	0.15123	0.17773	0.18363	0.04074	0.04962	0.05984	0.04532	0.00553	0.00167	0.00388	0.04528	0.03659	0.00641
26	0.01097	0.00591	0.00737	0.00677	0.00849	0.00551	0.00509	0.03312	0.04692	0.23142	0.14192	0.23809	0.10749	0.05045	0.00613	0.00173	0.00312	0.00825	0.07590	0.00536
27	0.76659	0.00915	0.00751	0.00654	0.00955	0.01038	0.00539	0.03891	0.00895	0.09063	0.00777	0.00851	0.00577	0.00455	0.00313	0.00146	0.00373	0.00280	0.00323	0.00545
28	0.00929	0.00506	0.00530	0.00517	0.00645	0.00515	0.00403	0.06205	0.01078	0.01809	0.01591	0.02012	0.01307	0.00613	0.00366	0.00121	0.00257	0.06818	0.73316	0.00463
29	0.05169	0.00490	0.00595	0.00614	0.00709	0.00461	0.00433	0.00855	0.01020	0.06382	0.19997	0.37517	0.12626	0.10013	0.00755	0.00201	0.00290	0.01007	0.00441	0.00421
30	0.51389	0.00764	0.00665	0.00594	0.00834	0.00843	0.00476	0.02686	0.00922	0.08922	0.01041	0.01195	0.00805	0.03168	0.00390	0.00146	0.00334	0.00342	0.23971	0.00514

[dist]
# distance from previous block
# <min> <max>
0	35

[block]
# block no. 4 follows, 54 sequences, length 31
# corresponding to MSA columns:
# 347-377
name=unknown_E
#
# <colnr> <probs for GDERKNQSTAVLIFYWHMCP>
#	G	D	E	R	K	N	Q	S	T	A	V	L	I	F	Y	W	H	M	C	P
0	0.01041	0.00541	0.00667	0.00613	0.00710	0.00510	0.00407	0.01096	0.00880	0.21461	0.01704	0.11471	0.01728	0.53183	0.01709	0.00348	0.00423	0.00703	0.00379	0.00429
1	0.01009	0.00598	0.00728	0.00662	0.00843	0.00560	0.00505	0.01274	0.10073	0.18548	0.20140	0.09834	0.24460	0.01008	0.00637	0.07046	0.00302	0.00782	0.00473	0.00518
2	0.04370	0.00541	0.00654	0.00641	0.00771	0.00518	0.00474	0.02565	0.02197	0.12149	0.12542	0.29041	0.04480	0.06420	0.00629	0.00178	0.00303	0.04158	0.15621	0.01748
3	0.00626	0.00427	0.00559	0.00646	0.00694	0.00396	0.00439	0.00720	0.00939	0.03480	0.04956	0.72764	0.06923	0.01402	0.00589	0.00186	0.00273	0.01265	0.02318	0.00399
4	0.01073	0.00611	0.00808	0.00740	0.00915	0.00608	0.00586	0.01359	0.07635	0.20311	0.22934	0.02648	0.02265	0.03814	0.19063	0.00302	0.00544	0.09008	0.04233	0.00543
5	0.03288	0.00691	0.00862	0.00756	0.00928	0.00719	0.02296	0.07178	0.07821	0.14594	0.12859	0.03436	0.04103	0.15385	0.09798	0.00271	0.04102	0.02141	0.08241	0.00532
6	0.00638	0.00458	0.00555	0.00613	0.00679	0.00435	0.00422	0.00790	0.04192	0.01302	0.06982	0.49002	0.14281	0.08837	0.00733	0.00202	0.00285	0.02279	0.06916	0.00400
7	0.01792	0.01321	0.01415	0.01085	0.01462	0.01462	0.00896	0.78916	0.02217	0.02972	0.01132	0.01132	0.00802	0.00566	0.00472	0.00142	0.00519	0.00425	0.00472	0.00802
8	0.01051	0.00904	0.01140	0.00869	0.02603	0.00764	0.06019	0.02728	0.11518	0.03061	0.01015	0.01120	0.00810	0.00400	0.00387	0.00092	0.00391	0.00341	0.00311	0.64477
9	0.01677	0.00707	0.00950	0.00795	0.01066	0.00627	0.00627	0.03907	0.01248	0.56505	0.02047	0.24334	0.01702	0.00832	0.00510	0.00158	0.00369	0.00714	0.00540	0.00685
10	0.01080	0.01035	0.01772	0.27880	0.44474	0.01089	0.07538	0.03086	0.01056	0.01463	0.00880	0.01195	0.00706	0.00435	0.00470	0.00144	0.00590	0.00425	0.00234	0.04449
11	0.00784	0.00565	0.00743	0.00808	0.00918	0.00566	0.00662	0.07115	0.01137	0.01498	0.05896	0.25867	0.04314	0.01274	0.00617	0.00200	0.00384	0.45758	0.00442	0.00450
12	0.00925	0.02213	0.71034	0.01268	0.01904	0.01034	0.01598	0.01428	0.00976	0.01463	0.00879	0.01063	0.00648	0.00691	0.06932	0.00194	0.00727	0.00358	0.00207	0.04458
13	0.00977	0.00954	0.01332	0.01159	0.01167	0.01309	0.00955	0.01084	0.00767	0.01178	0.04762	0.07723	0.01011	0.00884	0.01422	0.00202	0.71863	0.00509	0.00240	0.00502
14	0.00573	0.00418	0.00540	0.00637	0.00679	0.00385	0.00429	0.00659	0.00921	0.01211	0.02834	0.74624	0.11464	0.01447	0.00597	0.00188	0.00270	0.01303	0.00438	0.00385
15	0.02115	0.00802	0.01094	0.00839	0.01204	0.00693	0.00693	0.02298	0.01350	0.80815	0.01860	0.01605	0.01167	0.00584	0.00474	0.00146	0.00401	0.00474	0.00584	0.00802
16	0.07478	0.00454	0.00556	0.00641	0.00688	0.00443	0.00430	0.00717	0.00876	0.01252	0.02348	0.69648	0.02789	0.08445	0.00732	0.00211	0.00297	0.01197	0.00413	0.00385
17	0.00609	0.00465	0.00559	0.00567	0.00676	0.00415	0.00413	0.00764	0.01149	0.01525	0.36846	0.21316	0.30675	0.01157	0.00567	0.00162	0.00239	0.01009	0.00473	0.00415
18	0.00676	0.00495	0.00704	0.00704	0.00770	0.00560	0.00522	0.00807	0.00742	0.01055	0.01312	0.02125	0.01297	0.21173	0.64086	0.00691	0.01085	0.00545	0.00260	0.00391
19	0.00686	0.00457	0.00514	0.00514	0.00514	0.00457	0.00286	0.00686	0.00686	0.00914	0.01486	0.03086	0.01714	0.83430	0.02400	0.00457	0.00457	0.00686	0.00286	0.00286
20	0.86760	0.00912	0.00693	0.00620	0.00912	0.01058	0.00511	0.01386	0.00802	0.02115	0.00657	0.00766	0.00511	0.00438	0.00292	0.00146	0.00365	0.00255	0.00292	0.00511
21	0.86760	0.00912	0.00693	0.00620	0.00912	0.01058	0.00511	0.01386	0.00802	0.02115	0.00657	0.00766	0.00511	0.00438	0.00292	0.00146	0.00365	0.00255	0.00292	0.00511
22	0.00574	0.00412	0.00545	0.00651	0.00683	0.00383	0.00435	0.00657	0.00908	0.01206	0.02662	0.80839	0.05360	0.01469	0.00601	0.00191	0.00273	0.01330	0.00438	0.00383
23	0.01792	0.01321	0.01415	0.01085	0.01462	0.01462	0.00896	0.78916	0.02217	0.02972	0.01132	0.01132	0.00802	0.00566	0.00472	0.00142	0.00519	0.00425	0.00472	0.00802
24	0.26267	0.01203	0.01207	0.00951	0.01304	0.01346	0.00785	0.56584	0.01809	0.02725	0.00995	0.01027	0.00718	0.00529	0.00420	0.00143	0.00474	0.00376	0.00420	0.00718
25	0.01792	0.01321	0.01415	0.01085	0.01462	0.01462	0.00896	0.78916	0.02217	0.02972	0.01132	0.01132	0.00802	0.00566	0.00472	0.00142	0.00519	0.00425	0.00472	0.00802
26	0.00770	0.00523	0.00583	0.00557	0.00586	0.00533	0.00332	0.06613	0.00802	0.01070	0.01459	0.02938	0.01645	0.77151	0.02254	0.00433	0.00462	0.00666	0.00300	0.00325
27	0.00624	0.00456	0.00651	0.00707	0.00763	0.00428	0.04350	0.00733	0.00920	0.01261	0.02436	0.72861	0.02854	0.01353	0.00579	0.00184	0.00296	0.01233	0.06914	0.00400
28	0.00711	0.00544	0.00781	0.00773	0.00871	0.00634	0.00601	0.00968	0.06734	0.01161	0.01313	0.01845	0.01198	0.03317	0.75418	0.00712	0.01196	0.00507	0.00270	0.00446
29	0.01151	0.01000	0.01093	0.07122	0.01379	0.01163	0.00789	0.02407	0.73674	0.01914	0.01837	0.01721	0.01378	0.00627	0.00479	0.00160	0.00393	0.00524	0.00459	0.00729
30	0.86760	0.00912	0.00693	0.00620	0.00912	0.01058	0.00511	0.01386	0.00802	0.02115	0.00657	0.00766	0.00511	0.00438	0.00292	0.00146	0.00365	0.00255	0.00292	0.00511

[dist]
# distance from previous block
# <min> <max>
0	1

[block]
# block no. 5 follows, 54 sequences, length 25
# corresponding to MSA columns:
# 379-403
name=unknown_F
#
# <colnr> <probs for GDERKNQSTAVLIFYWHMCP>
#	G	D	E	R	K	N	Q	S	T	A	V	L	I	F	Y	W	H	M	C	P
0	0.50372	0.00809	0.00757	0.00651	0.00938	0.00851	0.00530	0.01494	0.00988	0.21920	0.01675	0.01632	0.14497	0.00606	0.00384	0.00148	0.00352	0.00439	0.00391	0.00565
1	0.00903	0.00684	0.00734	0.00658	0.00829	0.00682	0.00492	0.20518	0.01277	0.01636	0.04154	0.08492	0.36586	0.18103	0.00922	0.00219	0.00360	0.01858	0.00416	0.00477
2	0.50585	0.00955	0.00920	0.00756	0.01081	0.01035	0.00624	0.15046	0.01186	0.22214	0.01044	0.01042	0.00728	0.00497	0.00369	0.00145	0.00401	0.00340	0.00397	0.00635
3	0.00904	0.00663	0.00748	0.00704	0.00838	0.00675	0.00508	0.20505	0.01220	0.01603	0.02371	0.31961	0.15605	0.18363	0.00938	0.00229	0.00368	0.00911	0.00414	0.00471
4	0.01326	0.01171	0.01787	0.02435	0.60455	0.01207	0.01307	0.21086	0.01363	0.01903	0.00949	0.01158	0.00761	0.00457	0.00468	0.00140	0.00550	0.00421	0.00294	0.00761
5	0.00800	0.00634	0.00836	0.00809	0.00939	0.00737	0.00629	0.01264	0.20754	0.01317	0.01429	0.01829	0.01245	0.02802	0.61007	0.00606	0.01037	0.00512	0.00310	0.00503
6	0.15826	0.00767	0.00793	0.00695	0.00915	0.00801	0.00548	0.20672	0.01322	0.01914	0.12951	0.04895	0.27909	0.02284	0.05498	0.00193	0.00397	0.00678	0.00418	0.00525
7	0.03076	0.00943	0.01215	0.00969	0.01237	0.01014	0.00802	0.15215	0.01325	0.43704	0.01481	0.01445	0.03132	0.00656	0.00745	0.00161	0.21246	0.00461	0.00460	0.00714
8	0.00591	0.00423	0.00562	0.00646	0.00687	0.00394	0.00439	0.00697	0.00978	0.01323	0.16047	0.69334	0.03349	0.01388	0.00594	0.00184	0.00265	0.01256	0.00452	0.00394
9	0.64992	0.00893	0.00876	0.21325	0.01504	0.01055	0.00713	0.01340	0.00838	0.01885	0.00703	0.00890	0.00541	0.00446	0.00337	0.00149	0.00432	0.00297	0.00271	0.00514
10	0.01137	0.48336	0.01818	0.00837	0.01150	0.01469	0.00754	0.01590	0.20868	0.01326	0.01081	0.01200	0.00916	0.01006	0.14422	0.00230	0.00602	0.00367	0.00281	0.00609
11	0.00678	0.00444	0.00540	0.00569	0.00652	0.00417	0.00406	0.00840	0.01068	0.01556	0.25868	0.32490	0.08972	0.01066	0.00516	0.00155	0.00242	0.00939	0.22164	0.00417
12	0.00726	0.00462	0.00565	0.00578	0.00677	0.00434	0.00425	0.00903	0.01108	0.03418	0.30072	0.23564	0.08673	0.01012	0.00512	0.00153	0.00248	0.03864	0.22172	0.00432
13	0.01074	0.00654	0.00759	0.00671	0.00894	0.00616	0.00525	0.01432	0.14776	0.21627	0.12275	0.03146	0.36306	0.00959	0.01989	0.00166	0.00320	0.00758	0.00488	0.00567
14	0.00664	0.00525	0.00762	0.21335	0.01317	0.00558	0.00643	0.00799	0.00898	0.01180	0.02113	0.53101	0.04486	0.08491	0.00727	0.00205	0.00379	0.01039	0.00366	0.00410
15	0.00763	0.21584	0.01019	0.00598	0.00805	0.00789	0.00496	0.00924	0.02451	0.01328	0.14284	0.08509	0.42879	0.00970	0.00494	0.00145	0.00308	0.00801	0.00390	0.00462
16	0.00895	0.00787	0.01116	0.00938	0.01165	0.00798	0.14095	0.03252	0.24079	0.01704	0.22118	0.08376	0.15868	0.00847	0.00552	0.01286	0.00381	0.00752	0.00434	0.00559
17	0.00773	0.00620	0.00898	0.35411	0.01681	0.00709	0.00723	0.00907	0.00795	0.01038	0.01209	0.02305	0.01251	0.48031	0.01577	0.00329	0.00530	0.00572	0.00253	0.00387
18	0.50407	0.00820	0.00806	0.00719	0.00997	0.00876	0.00600	0.01546	0.00990	0.21944	0.01280	0.01767	0.01059	0.00624	0.00400	0.00158	0.00386	0.13658	0.00390	0.00571
19	0.01153	0.00832	0.01109	0.21408	0.01672	0.00746	0.00772	0.01384	0.01033	0.15184	0.01015	0.01157	0.00762	0.00421	0.00402	0.00105	0.00429	0.00348	0.00314	0.49754
20	0.00707	0.00572	0.00800	0.00987	0.14505	0.00536	0.00600	0.00881	0.01121	0.01523	0.30637	0.25165	0.18058	0.01055	0.00553	0.00161	0.00298	0.00939	0.00432	0.00471
21	0.01471	0.01016	0.01395	0.21917	0.15521	0.01095	0.01036	0.21062	0.08806	0.19984	0.01256	0.01337	0.00892	0.00528	0.00472	0.00148	0.00513	0.00444	0.00390	0.00717
22	0.01116	0.00672	0.00964	0.01053	0.14648	0.00622	0.00679	0.01331	0.01274	0.21802	0.42524	0.04978	0.04781	0.00794	0.00521	0.00148	0.00328	0.00700	0.00482	0.00585
23	0.00689	0.00543	0.00740	0.00786	0.00825	0.00596	0.00590	0.00802	0.00917	0.01252	0.05774	0.51599	0.02660	0.02591	0.00799	0.00200	0.14554	0.13270	0.00398	0.00415
24	0.00657	0.00445	0.00523	0.00550	0.00557	0.00438	0.00324	0.00678	0.00741	0.00988	0.01768	0.23375	0.02070	0.62655	0.01944	0.00390	0.00411	0.00852	0.00324	0.00310

[dist]
# distance from previous block
# <min> <max>
0	2

[block]
# block no. 6 follows, 54 sequences, length 12
# corresponding to MSA columns:
# 406-414,419-421
name=unknown_G
#
# <colnr> <probs for GDERKNQSTAVLIFYWHMCP>
#	G	D	E	R	K	N	Q	S	T	A	V	L	I	F	Y	W	H	M	C	P
0	0.00700	0.00533	0.00691	0.00671	0.00721	0.00595	0.00480	0.00787	0.00760	0.01044	0.01692	0.02589	0.10334	0.36120	0.31823	0.00512	0.08665	0.00627	0.00283	0.00371
1	0.01044	0.00622	0.00774	0.00744	0.00914	0.00610	0.00593	0.05188	0.07669	0.15491	0.10781	0.16357	0.07017	0.00985	0.00536	0.00169	0.00342	0.19427	0.10202	0.00534
2	0.11132	0.00838	0.00934	0.00786	0.01045	0.03690	0.00624	0.14314	0.02823	0.27243	0.17989	0.09669	0.05418	0.00752	0.00484	0.00150	0.00376	0.00620	0.00484	0.00627
3	0.01107	0.01290	0.05541	0.02001	0.08839	0.01195	0.65617	0.01486	0.01086	0.01493	0.00928	0.01241	0.00709	0.00423	0.00595	0.00159	0.04885	0.00530	0.00235	0.00641
4	0.06822	0.00797	0.00955	0.07528	0.01219	0.00842	0.00679	0.04013	0.25078	0.20013	0.22179	0.02060	0.02011	0.00680	0.00481	0.00151	0.00361	0.00570	0.02922	0.00639
5	0.77004	0.00858	0.00664	0.00600	0.00871	0.00988	0.00490	0.01353	0.00824	0.02075	0.00757	0.00879	0.00590	0.00450	0.00296	0.00142	0.00348	0.00276	0.10033	0.00503
6	0.00955	0.00835	0.01178	0.10736	0.06450	0.03863	0.06630	0.05657	0.04108	0.02812	0.06032	0.10923	0.01401	0.08101	0.16068	0.00300	0.10928	0.00597	0.00307	0.02119
7	0.00746	0.00521	0.00684	0.07406	0.00953	0.00519	0.00552	0.00929	0.03265	0.04496	0.11198	0.29010	0.10006	0.08727	0.01962	0.00210	0.00355	0.12437	0.05594	0.00433
8	0.01483	0.10748	0.17332	0.04265	0.02850	0.04062	0.01004	0.22917	0.05388	0.18412	0.05965	0.01332	0.01052	0.00546	0.00452	0.00141	0.00520	0.00427	0.00390	0.00713
9	0.00736	0.00486	0.00633	0.00613	0.00702	0.00445	0.00432	0.00762	0.00895	0.01229	0.17086	0.14541	0.07994	0.09182	0.01157	0.29459	0.00338	0.02880	0.00342	0.10089
10	0.05765	0.00827	0.01015	0.05880	0.07708	0.02412	0.00717	0.13699	0.04086	0.16275	0.11794	0.07882	0.04540	0.09438	0.00694	0.00184	0.00421	0.04072	0.00421	0.02170
11	0.01022	0.00826	0.00915	0.00763	0.01059	0.00799	0.00597	0.01663	0.31937	0.04385	0.06577	0.01899	0.10306	0.00613	0.00440	0.00124	0.00334	0.00509	0.04161	0.31070

[dist]
# distance from previous block
# <min> <max>
0	2

[block]
# block no. 7 follows, 54 sequences, length 63
# corresponding to MSA columns:
# 424-486
name=unknown_H
#
# <colnr> <probs for GDERKNQSTAVLIFYWHMCP>
#	G	D	E	R	K	N	Q	S	T	A	V	L	I	F	Y	W	H	M	C	P
0	0.00697	0.00543	0.00817	0.08675	0.01066	0.00637	0.00652	0.00866	0.00785	0.01111	0.01317	0.08343	0.01279	0.04958	0.63039	0.00631	0.03327	0.00566	0.00263	0.00427
1	0.01977	0.00857	0.01257	0.00956	0.01327	0.00762	0.08278	0.02230	0.04723	0.69693	0.01775	0.01579	0.01135	0.00568	0.00482	0.00148	0.00438	0.00485	0.00546	0.00784
2	0.00627	0.00474	0.00531	0.00537	0.00667	0.00420	0.00405	0.00784	0.01116	0.01470	0.22083	0.09855	0.44540	0.01104	0.00543	0.00157	0.00247	0.05256	0.08770	0.00414
3	0.09308	0.00845	0.00950	0.00691	0.01097	0.00670	0.00554	0.01207	0.00961	0.01593	0.00820	0.00957	0.00680	0.00358	0.00344	0.00077	0.00351	0.00277	0.00281	0.77980
4	0.00610	0.00609	0.08356	0.00718	0.00814	0.00453	0.00562	0.00738	0.00916	0.01234	0.02488	0.72996	0.04986	0.01369	0.00586	0.00187	0.00314	0.01235	0.00415	0.00414
5	0.10277	0.00800	0.01037	0.00808	0.01155	0.00718	0.00665	0.02153	0.01296	0.69989	0.04905	0.01601	0.01236	0.00585	0.00460	0.00146	0.00390	0.00468	0.00553	0.00760
6	0.00612	0.00457	0.00639	0.08589	0.00941	0.00453	0.00531	0.00724	0.00922	0.01226	0.04329	0.71107	0.02898	0.01362	0.00589	0.00188	0.00311	0.03302	0.00417	0.00400
7	0.01719	0.01991	0.01317	0.01159	0.01425	0.62268	0.00886	0.17222	0.01502	0.01522	0.00973	0.01055	0.03861	0.00530	0.00440	0.00127	0.00759	0.00356	0.00296	0.00592
8	0.01270	0.01037	0.01123	0.01017	0.03288	0.01181	0.00777	0.09890	0.67011	0.05166	0.01814	0.01677	0.01349	0.00625	0.00478	0.00157	0.00393	0.00517	0.00477	0.00754
9	0.00908	0.02248	0.73169	0.01260	0.01904	0.01027	0.01608	0.01414	0.01003	0.01472	0.01228	0.01339	0.08337	0.00520	0.00459	0.00150	0.00652	0.00411	0.00222	0.00668
10	0.01997	0.00806	0.01125	0.08749	0.01402	0.00727	0.00753	0.02192	0.01310	0.73084	0.01761	0.01571	0.01115	0.00573	0.00474	0.00147	0.00423	0.00469	0.00547	0.00775
11	0.00572	0.00480	0.00509	0.00508	0.00659	0.00418	0.00383	0.00699	0.01052	0.01275	0.06705	0.04246	0.70333	0.01415	0.08423	0.00217	0.00338	0.00943	0.00422	0.00402
12	0.00739	0.00459	0.00617	0.00691	0.00758	0.00426	0.00488	0.00842	0.00961	0.08951	0.02519	0.68944	0.02896	0.01376	0.00593	0.00189	0.00299	0.07371	0.00452	0.00428
13	0.01005	0.00984	0.01378	0.01202	0.01213	0.01357	0.01005	0.01119	0.00757	0.01162	0.00801	0.01448	0.00822	0.00872	0.01460	0.00207	0.74591	0.07880	0.00228	0.00508
14	0.06208	0.01154	0.01233	0.00964	0.01307	0.01252	0.00792	0.59414	0.01932	0.08233	0.01524	0.01495	0.08544	0.00621	0.00466	0.00143	0.00466	0.00475	0.03040	0.00736
15	0.01608	0.01987	0.01326	0.01305	0.07759	0.67204	0.00923	0.01747	0.01259	0.01179	0.00793	0.00973	0.00674	0.00777	0.08307	0.00185	0.00867	0.00333	0.00243	0.00551
16	0.01703	0.02149	0.01345	0.01217	0.01440	0.75090	0.00921	0.01823	0.01287	0.01152	0.00720	0.00865	0.00608	0.00513	0.00515	0.00128	0.07427	0.00312	0.00240	0.00544
17	0.01292	0.00986	0.01070	0.00944	0.01223	0.01112	0.00740	0.02479	0.69716	0.11963	0.01912	0.01740	0.01405	0.00633	0.00479	0.00158	0.00377	0.00526	0.00493	0.00753
18	0.00898	0.00845	0.01427	0.80262	0.05226	0.01049	0.01313	0.01211	0.00946	0.01213	0.00839	0.01255	0.00632	0.00470	0.00471	0.00157	0.00627	0.00419	0.00210	0.00529
19	0.01273	0.81626	0.02442	0.00817	0.01217	0.03906	0.00809	0.01424	0.00968	0.01110	0.00657	0.00759	0.00605	0.00406	0.00306	0.00101	0.00513	0.00253	0.00203	0.00604
20	0.00813	0.00550	0.00736	0.02989	0.00959	0.00537	0.00654	0.02925	0.01089	0.06574	0.03668	0.22080	0.11153	0.01237	0.00608	0.00196	0.00379	0.41959	0.00441	0.00455
21	0.01132	0.19641	0.50833	0.01256	0.04524	0.05562	0.01420	0.07726	0.01107	0.01514	0.00824	0.00954	0.00621	0.00449	0.00418	0.00137	0.00645	0.00334	0.00225	0.00679
22	0.01669	0.01201	0.01275	0.01011	0.01337	0.05276	0.00824	0.51956	0.05780	0.12258	0.01440	0.02987	0.04909	0.00627	0.00516	0.00146	0.03680	0.00476	0.01892	0.00741
23	0.01242	0.77059	0.02388	0.00841	0.01212	0.01832	0.00825	0.01390	0.00939	0.01111	0.00653	0.00779	0.00606	0.00437	0.00403	0.00109	0.07109	0.00265	0.00202	0.00598
24	0.01175	0.01061	0.01697	0.28711	0.41080	0.03061	0.04247	0.06958	0.01132	0.04997	0.00930	0.01210	0.00726	0.00455	0.00471	0.00146	0.00589	0.00425	0.00258	0.00671
25	0.01063	0.01267	0.15237	0.22112	0.20412	0.01081	0.19887	0.01408	0.01032	0.04856	0.00977	0.04061	0.00781	0.00489	0.00526	0.00155	0.03299	0.00475	0.00244	0.00638
26	0.01920	0.00789	0.01039	0.00814	0.01144	0.02239	0.00665	0.02107	0.01347	0.68992	0.12034	0.01840	0.01583	0.00631	0.00484	0.00146	0.00387	0.00520	0.00569	0.00751
27	0.82171	0.00962	0.03068	0.00697	0.02881	0.01060	0.00569	0.01391	0.00815	0.02083	0.00668	0.00782	0.00519	0.00438	0.00301	0.00146	0.00379	0.00262	0.00288	0.00522
28	0.00700	0.00501	0.00546	0.00530	0.00694	0.00425	0.00399	0.00828	0.01100	0.08202	0.08818	0.10548	0.62731	0.01150	0.00554	0.00160	0.00255	0.00969	0.00455	0.00435
29	0.00659	0.00482	0.00619	0.00584	0.00699	0.00441	0.00438	0.00874	0.01315	0.01844	0.74562	0.03598	0.10155	0.00981	0.00556	0.00149	0.00224	0.00863	0.00513	0.00441
30	0.01223	0.01038	0.01094	0.00970	0.01245	0.01196	0.00758	0.08655	0.73405	0.02053	0.01856	0.01709	0.01388	0.00634	0.00479	0.00158	0.00385	0.00524	0.00479	0.00751
31	0.00633	0.00431	0.00570	0.00662	0.00709	0.00399	0.00453	0.00724	0.00931	0.03991	0.02664	0.74527	0.06387	0.01428	0.00597	0.00189	0.00281	0.03580	0.00443	0.00400
32	0.02115	0.00802	0.01094	0.00839	0.01204	0.00693	0.00693	0.02298	0.01350	0.80815	0.01860	0.01605	0.01167	0.00584	0.00474	0.00146	0.00401	0.00474	0.00584	0.00802
33	0.00572	0.00478	0.00499	0.00494	0.00646	0.00404	0.00370	0.00706	0.01111	0.01359	0.15169	0.04398	0.69851	0.01162	0.00557	0.00158	0.00237	0.00975	0.00449	0.00404
34	0.00572	0.00421	0.00536	0.00628	0.00676	0.00385	0.00425	0.00660	0.00930	0.01215	0.02949	0.70471	0.15543	0.01432	0.00595	0.00186	0.00268	0.01285	0.00438	0.00385
35	0.00686	0.00484	0.00561	0.00566	0.00698	0.00422	0.00415	0.00816	0.01088	0.06887	0.15038	0.24408	0.43842	0.01191	0.00563	0.00165	0.00257	0.01027	0.00460	0.00429
36	0.86760	0.00912	0.00693	0.00620	0.00912	0.01058	0.00511	0.01386	0.00802	0.02115	0.00657	0.00766	0.00511	0.00438	0.00292	0.00146	0.00365	0.00255	0.00292	0.00511
37	0.00992	0.02462	0.10531	0.11077	0.08100	0.01000	0.04874	0.01269	0.02945	0.02339	0.00883	0.01173	0.00740	0.01628	0.07340	0.00192	0.17414	0.00388	0.00246	0.24405
38	0.01172	0.00991	0.01241	0.01160	0.06838	0.01085	0.07074	0.04036	0.53399	0.04765	0.01776	0.01983	0.01412	0.00658	0.00498	0.00161	0.00430	0.07972	0.00437	0.02913
39	0.23842	0.00741	0.00846	0.03996	0.01039	0.00746	0.00577	0.03620	0.01051	0.31765	0.01546	0.11388	0.02187	0.13755	0.00747	0.00201	0.00396	0.00556	0.00423	0.00578
40	0.01792	0.01321	0.01415	0.01085	0.01462	0.01462	0.00896	0.78916	0.02217	0.02972	0.01132	0.01132	0.00802	0.00566	0.00472	0.00142	0.00519	0.00425	0.00472	0.00802
41	0.00780	0.00666	0.00966	0.02890	0.01011	0.00844	0.00730	0.00932	0.00760	0.01114	0.01156	0.01668	0.03039	0.02612	0.54207	0.00567	0.24876	0.00489	0.00243	0.00450
42	0.00770	0.00509	0.00630	0.00617	0.00748	0.00463	0.00471	0.00932	0.01149	0.08366	0.30673	0.09612	0.24312	0.07713	0.00714	0.00188	0.00293	0.10930	0.00467	0.00444
43	0.00577	0.00415	0.00547	0.00649	0.00683	0.00385	0.00435	0.00664	0.00921	0.01226	0.04961	0.78135	0.05750	0.01453	0.00599	0.00189	0.00271	0.01314	0.00440	0.00385
44	0.00672	0.00492	0.00702	0.00707	0.00772	0.00555	0.00525	0.00804	0.00750	0.01065	0.01363	0.05614	0.01365	0.18712	0.62924	0.00676	0.01066	0.00576	0.00267	0.00393
45	0.02840	0.01138	0.01085	0.00906	0.01198	0.19910	0.00716	0.04147	0.08979	0.40636	0.09168	0.01609	0.01363	0.00599	0.00464	0.00140	0.00484	0.00471	0.03462	0.00685
46	0.00759	0.00527	0.00627	0.00638	0.00718	0.00519	0.00438	0.04999	0.04944	0.03518	0.09092	0.33775	0.08762	0.23960	0.01069	0.00251	0.00340	0.02032	0.02614	0.00417
47	0.00574	0.00410	0.00547	0.00657	0.00684	0.00383	0.00438	0.00657	0.00903	0.01204	0.02599	0.83122	0.03119	0.01477	0.00602	0.00191	0.00274	0.01340	0.00438	0.00383
48	0.00583	0.00421	0.00552	0.00642	0.00684	0.00390	0.00435	0.00680	0.00953	0.01274	0.10244	0.71591	0.06980	0.01414	0.00595	0.00186	0.00267	0.01276	0.00446	0.00390
49	0.00686	0.00457	0.00514	0.00514	0.00514	0.00457	0.00286	0.00686	0.00686	0.00914	0.01486	0.03086	0.01714	0.83430	0.02400	0.00457	0.00457	0.00686	0.00286	0.00286
50	0.00955	0.00695	0.00794	0.00750	0.00922	0.00731	0.00567	0.05056	0.27296	0.05947	0.16460	0.21019	0.07173	0.00921	0.00516	0.00160	0.00311	0.01798	0.07366	0.00563
51	0.00978	0.00838	0.00978	0.00698	0.01117	0.00629	0.00559	0.01187	0.00978	0.01536	0.00838	0.00978	0.00698	0.00349	0.00349	0.00070	0.00349	0.00279	0.00279	0.86312
52	0.00674	0.00503	0.00747	0.00747	0.00828	0.00584	0.00576	0.00835	0.00755	0.01087	0.01273	0.01906	0.01202	0.07003	0.78126	0.00745	0.01228	0.00513	0.00254	0.00415
53	0.00658	0.00505	0.00582	0.00593	0.00706	0.00468	0.00430	0.03915	0.02400	0.01417	0.16443	0.24206	0.34030	0.07816	0.00715	0.00191	0.00283	0.03783	0.00441	0.00417
54	0.00730	0.00554	0.00638	0.00643	0.00787	0.00525	0.00492	0.02870	0.08443	0.03749	0.11537	0.18737	0.36572	0.01152	0.00566	0.00171	0.00292	0.10629	0.00455	0.00459
55	0.00676	0.00450	0.00517	0.00532	0.00538	0.00446	0.00308	0.00694	0.00724	0.00979	0.01639	0.13996	0.01891	0.69774	0.02093	0.00411	0.00425	0.00768	0.02835	0.00304
56	0.01187	0.00697	0.00830	0.00714	0.00916	0.00690	0.00556	0.13831	0.04537	0.17672	0.25500	0.02508	0.05216	0.08586	0.00671	0.00174	0.00342	0.03151	0.11654	0.00568
57	0.00640	0.00480	0.00583	0.00565	0.00688	0.00440	0.00424	0.00823	0.01185	0.01615	0.45531	0.04968	0.28035	0.01236	0.07068	0.00200	0.00312	0.00861	0.03920	0.00427
58	0.00729	0.00463	0.00618	0.00668	0.00726	0.00442	0.00468	0.01822	0.00936	0.05552	0.07859	0.50463	0.02652	0.07164	0.02980	0.09688	0.00343	0.05624	0.00411	0.00393
59	0.15840	0.00894	0.01053	0.00851	0.01181	0.00889	0.00704	0.14714	0.04778	0.45187	0.01596	0.01694	0.01135	0.00617	0.00458	0.00152	0.00416	0.06617	0.00501	0.00722
60	0.00845	0.00650	0.00750	0.00745	0.00894	0.00678	0.00562	0.01372	0.26923	0.03727	0.09697	0.25011	0.13144	0.03523	0.00603	0.00181	0.00321	0.08385	0.01465	0.00525
61	0.01090	0.01150	0.01534	0.36050	0.10907	0.13949	0.07407	0.01330	0.00999	0.01248	0.00954	0.01275	0.03857	0.00556	0.00671	0.00159	0.15648	0.00434	0.00228	0.00554
62	0.00765	0.00560	0.00763	0.00737	0.00820	0.00645	0.00564	0.04019	0.00855	0.01256	0.03693	0.05260	0.01358	0.10922	0.49503	0.00548	0.07009	0.00551	0.09740	0.00431

[dist]
# distance from previous block
# <min> <max>
0	1

[block]
# block no. 8 follows, 54 sequences, length 24
# corresponding to MSA columns:
# 488-511
name=unknown_I
#
# <colnr> <probs for GDERKNQSTAVLIFYWHMCP>
#	G	D	E	R	K	N	Q	S	T	A	V	L	I	F	Y	W	H	M	C	P
0	0.01649	0.01263	0.01318	0.01052	0.01397	0.04128	0.00855	0.55538	0.21069	0.04763	0.01330	0.01288	0.00961	0.00582	0.00472	0.00145	0.00492	0.00448	0.00469	0.00780
