[name]
unknown

[dist]
# distance from previous block
# <min> <max>
0	7

[block]
# block no. 0 follows, 42 sequences, length 24
# corresponding to MSA columns:
# 10-33
name=unknown_A
#
# <colnr> <probs for GDERKNQSTAVLIFYWHMCP>
#	G	D	E	R	K	N	Q	S	T	A	V	L	I	F	Y	W	H	M	C	P
0	0.00907	0.00648	0.00907	0.01036	0.01166	0.00648	0.00907	0.01166	0.01296	0.01684	0.02980	0.06348	0.03239	0.01555	0.00777	0.00259	0.00518	0.72924	0.00518	0.00518
1	0.84197	0.01088	0.00827	0.00740	0.01088	0.01262	0.00609	0.01654	0.00958	0.02525	0.00784	0.00914	0.00609	0.00522	0.00348	0.00174	0.00435	0.00305	0.00348	0.00609
2	0.01393	0.01337	0.02284	0.03454	0.76712	0.01337	0.01727	0.01727	0.01281	0.01839	0.01059	0.01393	0.00891	0.00501	0.00557	0.00167	0.00669	0.00501	0.00279	0.00891
3	0.46905	0.01310	0.01219	0.00992	0.01387	0.01482	0.00819	0.34913	0.01725	0.02989	0.01042	0.01113	0.00767	0.00592	0.00446	0.00172	0.00519	0.00397	0.00446	0.00767
4	0.00817	0.00551	0.00643	0.00643	0.00653	0.00561	0.00377	0.00837	0.00827	0.01113	0.01747	0.03535	0.01982	0.72602	0.10397	0.00582	0.00642	0.00797	0.00337	0.00357
5	0.02294	0.01898	0.01464	0.01246	0.01602	0.42907	0.00969	0.02472	0.01602	0.35792	0.01484	0.01424	0.01029	0.00633	0.00534	0.00158	0.00771	0.00455	0.00475	0.00791
6	0.02102	0.02682	0.01595	0.01450	0.01740	0.77963	0.01087	0.02247	0.01595	0.01377	0.00870	0.01015	0.00725	0.00580	0.00507	0.00145	0.01015	0.00362	0.00290	0.00652
7	0.00811	0.00574	0.00757	0.00757	0.00806	0.00623	0.00519	0.00910	0.00861	0.01197	0.01643	0.02959	0.01732	0.42860	0.39797	0.00722	0.01018	0.00712	0.00322	0.00420
8	0.00907	0.00648	0.00907	0.01036	0.01166	0.00648	0.00907	0.01166	0.01296	0.01684	0.02980	0.06348	0.03239	0.01555	0.00777	0.00259	0.00518	0.72924	0.00518	0.00518
9	0.01049	0.00525	0.00525	0.00525	0.00656	0.00525	0.00393	0.01311	0.01180	0.02098	0.01836	0.02098	0.01442	0.00656	0.00393	0.00131	0.00262	0.00525	0.83346	0.00525
10	0.01393	0.01337	0.02284	0.03454	0.76712	0.01337	0.01727	0.01727	0.01281	0.01839	0.01059	0.01393	0.00891	0.00501	0.00557	0.00167	0.00669	0.00501	0.00279	0.00891
11	0.01393	0.01337	0.02284	0.03454	0.76712	0.01337	0.01727	0.01727	0.01281	0.01839	0.01059	0.01393	0.00891	0.00501	0.00557	0.00167	0.00669	0.00501	0.00279	0.00891
12	0.01179	0.38868	0.01783	0.00801	0.01078	0.01369	0.00669	0.01289	0.01006	0.01272	0.01227	0.02118	0.01299	0.34614	0.01438	0.00299	0.00560	0.00525	0.00292	0.08312
13	0.00818	0.00546	0.00614	0.00614	0.00614	0.00546	0.00341	0.00818	0.00818	0.01091	0.01773	0.03683	0.02046	0.80222	0.02864	0.00546	0.00546	0.00818	0.00341	0.00341
14	0.01231	0.01231	0.01724	0.01477	0.01477	0.01724	0.01231	0.01354	0.00862	0.01354	0.00739	0.01231	0.00739	0.00985	0.01847	0.00246	0.79192	0.00492	0.00246	0.00616
15	0.01213	0.01027	0.01192	0.00855	0.01353	0.00797	0.00686	0.04879	0.01237	0.01915	0.01017	0.01176	0.00839	0.00429	0.00424	0.00087	0.00426	0.00342	0.00344	0.79763
16	0.08509	0.01001	0.01291	0.00998	0.01428	0.00909	0.00824	0.06551	0.01619	0.67651	0.02068	0.01811	0.01312	0.00683	0.00550	0.00174	0.00483	0.00544	0.00664	0.00932
17	0.02139	0.01576	0.01689	0.01295	0.01745	0.01745	0.01070	0.74835	0.02646	0.03547	0.01351	0.01351	0.00957	0.00676	0.00563	0.00169	0.00619	0.00507	0.00563	0.00957
18	0.01185	0.01115	0.01886	0.40915	0.34808	0.01247	0.01570	0.01530	0.01176	0.01600	0.01062	0.01506	0.00859	0.00804	0.06230	0.00231	0.00771	0.00508	0.00266	0.00730
19	0.01848	0.36744	0.06282	0.01129	0.01612	0.01826	0.01048	0.29705	0.01775	0.11256	0.01183	0.01210	0.00891	0.00584	0.00472	0.00148	0.00606	0.00417	0.00418	0.00846
20	0.02102	0.02682	0.01595	0.01450	0.01740	0.77963	0.01087	0.02247	0.01595	0.01377	0.00870	0.01015	0.00725	0.00580	0.00507	0.00145	0.01015	0.00362	0.00290	0.00652
21	0.00680	0.00534	0.00615	0.00673	0.00789	0.00469	0.00475	0.00808	0.01203	0.01514	0.07583	0.39014	0.40515	0.01566	0.00689	0.00207	0.00303	0.01367	0.00527	0.00469
22	0.01393	0.01337	0.02284	0.03454	0.76712	0.01337	0.01727	0.01727	0.01281	0.01839	0.01059	0.01393	0.00891	0.00501	0.00557	0.00167	0.00669	0.00501	0.00279	0.00891
23	0.01189	0.01129	0.01915	0.50118	0.31644	0.01283	0.01626	0.01548	0.01185	0.01591	0.01022	0.01459	0.00804	0.00539	0.00561	0.00180	0.00719	0.00501	0.00261	0.00727

[dist]
# distance from previous block
# <min> <max>
0	7

[block]
# block no. 1 follows, 42 sequences, length 37
# corresponding to MSA columns:
# 54-90
name=unknown_B
#
# <colnr> <probs for GDERKNQSTAVLIFYWHMCP>
#	G	D	E	R	K	N	Q	S	T	A	V	L	I	F	Y	W	H	M	C	P
0	0.00928	0.00604	0.00794	0.00730	0.00886	0.00553	0.00553	0.01190	0.01594	0.07939	0.70782	0.04030	0.05013	0.01116	0.00656	0.00177	0.00282	0.00983	0.00625	0.00563
1	0.00978	0.00489	0.00733	0.00733	0.00733	0.00489	0.00489	0.00733	0.00733	0.00978	0.00978	0.01711	0.00978	0.01955	0.02199	0.83627	0.00489	0.00489	0.00244	0.00244
2	0.00871	0.00636	0.00857	0.00968	0.01106	0.00622	0.00836	0.01113	0.01294	0.01660	0.03380	0.06211	0.14015	0.01536	0.00761	0.00249	0.00484	0.62370	0.00519	0.00512
3	0.02431	0.00960	0.01330	0.05995	0.01593	0.00854	0.00874	0.02659	0.01580	0.72249	0.02142	0.01889	0.01352	0.00688	0.00566	0.00175	0.00496	0.00562	0.00668	0.00936
4	0.01142	0.02819	0.72411	0.01655	0.02469	0.01315	0.06882	0.01784	0.01197	0.01784	0.01018	0.01210	0.00722	0.00531	0.00543	0.00179	0.00839	0.00432	0.00241	0.00827
5	0.01328	0.01518	0.03321	0.02372	0.02941	0.01423	0.74668	0.01803	0.01328	0.01803	0.01139	0.01518	0.00854	0.00474	0.00664	0.00190	0.00949	0.00664	0.00285	0.00759
6	0.01394	0.01331	0.02420	0.10191	0.50298	0.01327	0.17996	0.01758	0.01291	0.04863	0.01118	0.01452	0.00890	0.00509	0.00582	0.00174	0.00731	0.00540	0.00294	0.00839
7	0.01457	0.03543	0.01049	0.00869	0.01159	0.00844	0.00685	0.01929	0.17252	0.26229	0.03395	0.11430	0.25726	0.01052	0.00609	0.00187	0.00397	0.00882	0.00580	0.00727
8	0.01496	0.22795	0.27928	0.01277	0.01841	0.01630	0.01348	0.14822	0.15469	0.04240	0.01285	0.01334	0.00967	0.00593	0.00502	0.00164	0.00651	0.00447	0.00372	0.00840
9	0.01786	0.00970	0.01172	0.00994	0.01255	0.06676	0.00782	0.01960	0.01294	0.38909	0.01797	0.02099	0.01387	0.11695	0.19199	0.00396	0.05818	0.00587	0.00498	0.00726
10	0.01093	0.19023	0.33275	0.01210	0.01699	0.01288	0.01335	0.01478	0.01075	0.01509	0.01141	0.01498	0.00967	0.01864	0.28679	0.00430	0.01027	0.00459	0.00262	0.00688
11	0.01393	0.01329	0.02219	0.03306	0.71886	0.01341	0.01673	0.01808	0.06053	0.01872	0.01138	0.01438	0.00944	0.00518	0.00558	0.00169	0.00654	0.00510	0.00297	0.00891
12	0.01378	0.01318	0.02209	0.06377	0.65571	0.01341	0.03747	0.01818	0.07203	0.01862	0.01157	0.01457	0.00950	0.00524	0.00562	0.00171	0.00662	0.00517	0.00301	0.00876
13	0.01381	0.01340	0.02336	0.05226	0.70202	0.01341	0.06401	0.01725	0.01281	0.01826	0.01062	0.01403	0.00886	0.00501	0.00564	0.00169	0.00689	0.00512	0.00278	0.00876
14	0.01328	0.01518	0.03321	0.02372	0.02941	0.01423	0.74668	0.01803	0.01328	0.01803	0.01139	0.01518	0.00854	0.00474	0.00664	0.00190	0.00949	0.00664	0.00285	0.00759
15	0.01172	0.11807	0.68788	0.01531	0.02322	0.01412	0.01951	0.01771	0.01183	0.01730	0.00984	0.01155	0.00714	0.00529	0.00515	0.00172	0.00805	0.00403	0.00238	0.00819
16	0.01266	0.19184	0.57201	0.01460	0.02186	0.06065	0.01786	0.01790	0.01203	0.01662	0.00954	0.01118	0.00716	0.00526	0.00497	0.00164	0.00794	0.00389	0.00241	0.00798
17	0.00686	0.00490	0.00653	0.00784	0.00816	0.00457	0.00522	0.00784	0.01077	0.01437	0.03102	0.79855	0.03722	0.01763	0.00718	0.00229	0.00326	0.01600	0.00522	0.00457
18	0.01060	0.00930	0.01507	0.36278	0.16671	0.01040	0.01340	0.01379	0.01208	0.01594	0.01736	0.06145	0.01701	0.00920	0.00637	0.00208	0.00643	0.24016	0.00353	0.00634
19	0.01435	0.01277	0.01960	0.06499	0.02043	0.07859	0.26824	0.09479	0.03135	0.08896	0.13431	0.05002	0.01922	0.00780	0.00634	0.00187	0.00687	0.06797	0.00437	0.00716
20	0.01469	0.01625	0.12186	0.02084	0.02666	0.01347	0.54833	0.03982	0.01382	0.10793	0.01257	0.01520	0.00903	0.00514	0.00634	0.00186	0.00869	0.00617	0.00336	0.00797
21	0.00804	0.00603	0.00904	0.00904	0.01005	0.00703	0.00703	0.01005	0.00904	0.01306	0.01507	0.02211	0.01407	0.04221	0.77992	0.00904	0.01507	0.00603	0.00301	0.00502
22	0.01015	0.05229	0.46431	0.01291	0.01833	0.01075	0.01482	0.01512	0.04110	0.01702	0.04211	0.24147	0.01782	0.00919	0.00587	0.00191	0.00641	0.00784	0.00347	0.00711
23	0.01373	0.01317	0.02249	0.07946	0.72374	0.01332	0.01717	0.01710	0.01272	0.01815	0.01055	0.01399	0.00883	0.00505	0.00557	0.00168	0.00673	0.00501	0.00277	0.00876
24	0.01129	0.02911	0.77306	0.01604	0.02436	0.01307	0.02079	0.01782	0.01188	0.01782	0.01010	0.01188	0.00713	0.00535	0.00535	0.00178	0.00832	0.00416	0.00238	0.00832
25	0.01328	0.01518	0.03321	0.02372	0.02941	0.01423	0.74668	0.01803	0.01328	0.01803	0.01139	0.01518	0.00854	0.00474	0.00664	0.00190	0.00949	0.00664	0.00285	0.00759
26	0.01435	0.44509	0.29311	0.01244	0.01830	0.10039	0.01374	0.01780	0.01208	0.01493	0.00873	0.01017	0.00719	0.00511	0.00439	0.00144	0.00728	0.00349	0.00245	0.00754
27	0.01121	0.00837	0.00970	0.00938	0.01117	0.00879	0.00693	0.14348	0.15943	0.03507	0.05202	0.43784	0.05724	0.01321	0.00655	0.00206	0.00401	0.01162	0.00546	0.00643
28	0.00918	0.00771	0.01124	0.01058	0.01132	0.00977	0.00845	0.01099	0.00893	0.01319	0.01301	0.01948	0.01228	0.03354	0.57591	0.00728	0.22321	0.00573	0.00287	0.00533
29	0.01652	0.26093	0.08364	0.01455	0.09030	0.30271	0.01157	0.02026	0.09264	0.01572	0.03455	0.01250	0.00992	0.00576	0.00482	0.00148	0.00755	0.00412	0.00310	0.00734
30	0.02102	0.02682	0.01595	0.01450	0.01740	0.77963	0.01087	0.02247	0.01595	0.01377	0.00870	0.01015	0.00725	0.00580	0.00507	0.00145	0.01015	0.00362	0.00290	0.00652
31	0.01193	0.01134	0.01924	0.49004	0.32720	0.01285	0.01628	0.01552	0.01187	0.01597	0.01023	0.01458	0.00806	0.00538	0.00560	0.00179	0.00718	0.00501	0.00261	0.00731
32	0.01634	0.00864	0.01195	0.01016	0.01296	0.00808	0.05121	0.09603	0.01515	0.32423	0.07817	0.29618	0.02427	0.01092	0.00633	0.00194	0.00452	0.00965	0.00590	0.00737
33	0.00742	0.00532	0.00716	0.00843	0.00904	0.00506	0.00618	0.00882	0.01138	0.01502	0.03134	0.59274	0.05382	0.01702	0.00732	0.00235	0.00374	0.19790	0.00521	0.00473
34	0.00792	0.00569	0.00771	0.00879	0.00968	0.00548	0.00686	0.00979	0.01232	0.01633	0.10981	0.38141	0.05570	0.01599	0.00736	0.00235	0.00401	0.32256	0.00531	0.00492
35	0.36861	0.01416	0.01320	0.01067	0.01467	0.04712	0.00876	0.40849	0.01888	0.03024	0.01091	0.01152	0.00800	0.00607	0.00470	0.00170	0.00558	0.00415	0.00461	0.00797
36	0.01440	0.39928	0.02553	0.03910	0.35263	0.01771	0.01317	0.01751	0.04246	0.01599	0.00973	0.01185	0.00839	0.00504	0.00462	0.00146	0.00629	0.00409	0.00271	0.00803

[dist]
# distance from previous block
# <min> <max>
0	1

[block]
# block no. 2 follows, 42 sequences, length 20
# corresponding to MSA columns:
# 94-113
name=unknown_C
#
# <colnr> <probs for GDERKNQSTAVLIFYWHMCP>
#	G	D	E	R	K	N	Q	S	T	A	V	L	I	F	Y	W	H	M	C	P
0	0.01702	0.11668	0.21395	0.01286	0.01823	0.01608	0.01276	0.41943	0.01992	0.02680	0.01477	0.01519	0.05810	0.00664	0.00537	0.00167	0.00650	0.00502	0.00436	0.00864
1	0.01280	0.01247	0.02004	0.35417	0.42830	0.04302	0.01632	0.01625	0.01227	0.01650	0.01026	0.01424	0.00825	0.00531	0.00558	0.00175	0.00717	0.00495	0.00267	0.00769
2	0.05035	0.35001	0.07516	0.00887	0.01232	0.01350	0.00837	0.01411	0.01340	0.01834	0.34774	0.02408	0.02777	0.00788	0.00510	0.00153	0.00460	0.00632	0.00416	0.00639
3	0.01393	0.01337	0.02284	0.03454	0.76712	0.01337	0.01727	0.01727	0.01281	0.01839	0.01059	0.01393	0.00891	0.00501	0.00557	0.00167	0.00669	0.00501	0.00279	0.00891
4	0.01228	0.01318	0.01090	0.01086	0.01203	0.27038	0.00792	0.01345	0.01231	0.01407	0.02085	0.44463	0.02377	0.01275	0.00768	0.00202	0.09081	0.01058	0.00413	0.00541
5	0.40254	0.01322	0.01272	0.01024	0.01427	0.01480	0.00845	0.37656	0.01816	0.06341	0.01126	0.01173	0.00815	0.00605	0.00463	0.00172	0.00528	0.00416	0.00469	0.00796
6	0.00721	0.00525	0.00679	0.00740	0.00820	0.00483	0.00517	0.00879	0.01267	0.01718	0.27798	0.48162	0.10549	0.01529	0.00695	0.00208	0.00303	0.01370	0.00555	0.00483
7	0.02105	0.02610	0.01601	0.01440	0.01740	0.72963	0.01086	0.07009	0.01664	0.01520	0.00901	0.01037	0.00740	0.00586	0.00511	0.00147	0.00989	0.00372	0.00308	0.00672
8	0.00818	0.00546	0.00614	0.00614	0.00614	0.00546	0.00341	0.00818	0.00818	0.01091	0.01773	0.03683	0.02046	0.80222	0.02864	0.00546	0.00546	0.00818	0.00341	0.00341
9	0.00881	0.00629	0.00877	0.01007	0.01125	0.00625	0.00862	0.01121	0.01270	0.01655	0.02994	0.14996	0.03296	0.01579	0.00770	0.00256	0.00496	0.64533	0.00519	0.00511
10	0.00804	0.00603	0.00904	0.00904	0.01005	0.00703	0.00703	0.01005	0.00904	0.01306	0.01507	0.02211	0.01407	0.04221	0.77992	0.00904	0.01507	0.00603	0.00301	0.00502
11	0.01149	0.07113	0.73283	0.01569	0.02382	0.01357	0.02019	0.01777	0.01186	0.01757	0.00998	0.01173	0.00713	0.00532	0.00525	0.00175	0.00819	0.00410	0.00238	0.00826
12	0.01760	0.00955	0.01204	0.00907	0.01354	0.00770	0.00732	0.01987	0.01364	0.36045	0.01663	0.05563	0.01237	0.00613	0.00500	0.00132	0.00440	0.00504	0.00508	0.41760
13	0.01167	0.01000	0.01167	0.00834	0.01334	0.00750	0.00667	0.01417	0.01167	0.01834	0.01000	0.01167	0.00834	0.00417	0.00417	0.00083	0.00417	0.00333	0.00333	0.83663
14	0.01191	0.01037	0.01288	0.01117	0.09476	0.00814	0.00781	0.01451	0.01179	0.01834	0.01007	0.01191	0.00840	0.00426	0.00432	0.00092	0.00444	0.00352	0.00327	0.74721
15	0.84197	0.01088	0.00827	0.00740	0.01088	0.01262	0.00609	0.01654	0.00958	0.02525	0.00784	0.00914	0.00609	0.00522	0.00348	0.00174	0.00435	0.00305	0.00348	0.00609
16	0.01872	0.00814	0.01108	0.00946	0.01256	0.00724	0.00769	0.02090	0.01508	0.48433	0.12155	0.10746	0.02416	0.00991	0.00626	0.00193	0.00441	0.11483	0.00642	0.00786
17	0.01389	0.03438	0.04925	0.19068	0.49198	0.01381	0.01621	0.08819	0.01375	0.01905	0.01066	0.01391	0.00857	0.00532	0.00553	0.00171	0.00685	0.00493	0.00298	0.00835
18	0.01361	0.01296	0.02159	0.10735	0.64606	0.01333	0.01656	0.01781	0.06139	0.01833	0.01133	0.01450	0.00932	0.00525	0.00559	0.00171	0.00662	0.00510	0.00295	0.00865
19	0.04958	0.09684	0.64286	0.01474	0.02226	0.01358	0.01854	0.01741	0.01189	0.01793	0.03801	0.01263	0.00881	0.00552	0.00515	0.00173	0.00772	0.00423	0.00257	0.00800

[dist]
# distance from previous block
# <min> <max>
3	10

[block]
# block no. 3 follows, 42 sequences, length 13
# corresponding to MSA columns:
# 124-136
name=unknown_D
#
# <colnr> <probs for GDERKNQSTAVLIFYWHMCP>
#	G	D	E	R	K	N	Q	S	T	A	V	L	I	F	Y	W	H	M	C	P
0	0.09348	0.32553	0.24449	0.01233	0.03743	0.01668	0.01269	0.03881	0.10897	0.04464	0.01120	0.01205	0.00873	0.00551	0.00457	0.00156	0.00632	0.00399	0.00319	0.00785
1	0.33085	0.18369	0.05728	0.01088	0.01495	0.16134	0.03194	0.08976	0.03952	0.02084	0.00932	0.01049	0.00742	0.00547	0.00430	0.00158	0.00636	0.00363	0.00335	0.00702
2	0.01187	0.06273	0.62423	0.01730	0.09588	0.01358	0.01929	0.01838	0.05218	0.01797	0.01073	0.01244	0.00785	0.00541	0.00531	0.00175	0.00784	0.00431	0.00260	0.00836
3	0.01432	0.01399	0.10510	0.01156	0.01644	0.01176	0.04402	0.14010	0.19988	0.04681	0.01426	0.01473	0.01079	0.00572	0.00510	0.00143	0.00534	0.00470	0.00429	0.32966
4	0.01158	0.08969	0.71506	0.01554	0.02358	0.01379	0.01992	0.01775	0.01185	0.01746	0.00992	0.01166	0.00714	0.00531	0.00521	0.00174	0.00814	0.00407	0.00238	0.00823
5	0.00841	0.00635	0.00898	0.00865	0.00993	0.00690	0.00659	0.01024	0.00920	0.01334	0.01488	0.02273	0.01422	0.12324	0.62042	0.00784	0.01294	0.00601	0.00309	0.08602
6	0.01348	0.01291	0.02203	0.13782	0.66738	0.01325	0.01705	0.01688	0.01260	0.01784	0.01051	0.01408	0.00872	0.00510	0.00558	0.00170	0.00680	0.00501	0.00275	0.00855
7	0.00818	0.00546	0.00614	0.00614	0.00614	0.00546	0.00341	0.00818	0.00818	0.01091	0.01773	0.03683	0.02046	0.80222	0.02864	0.00546	0.00546	0.00818	0.00341	0.00341
8	0.01129	0.02911	0.77306	0.01604	0.02436	0.01307	0.02079	0.01782	0.01188	0.01782	0.01010	0.01188	0.00713	0.00535	0.00535	0.00178	0.00832	0.00416	0.00238	0.00832
9	0.00978	0.00489	0.00733	0.00733	0.00733	0.00489	0.00489	0.00733	0.00733	0.00978	0.00978	0.01711	0.00978	0.01955	0.02199	0.83627	0.00489	0.00489	0.00244	0.00244
10	0.01328	0.01518	0.03321	0.02372	0.02941	0.01423	0.74668	0.01803	0.01328	0.01803	0.01139	0.01518	0.00854	0.00474	0.00664	0.00190	0.00949	0.00664	0.00285	0.00759
11	0.01198	0.01138	0.01932	0.48015	0.33676	0.01286	0.01630	0.01556	0.01189	0.01602	0.01024	0.01456	0.00808	0.00538	0.00560	0.00179	0.00717	0.00501	0.00262	0.00734
12	0.17085	0.01126	0.01608	0.04468	0.38830	0.01177	0.01207	0.01703	0.08429	0.02084	0.15048	0.01892	0.01729	0.00652	0.00539	0.00173	0.00531	0.00572	0.00382	0.00763

[dist]
# distance from previous block
# <min> <max>
0	2

[block]
# block no. 4 follows, 42 sequences, length 9
# corresponding to MSA columns:
# 139-141,143,144,154-157
name=unknown_E
#
# <colnr> <probs for GDERKNQSTAVLIFYWHMCP>
#	G	D	E	R	K	N	Q	S	T	A	V	L	I	F	Y	W	H	M	C	P
0	0.02525	0.00958	0.01306	0.01001	0.01437	0.00827	0.00827	0.02743	0.01611	0.77102	0.02220	0.01915	0.01393	0.00697	0.00566	0.00174	0.00479	0.00566	0.00697	0.00958
1	0.01167	0.01000	0.01167	0.00834	0.01334	0.00750	0.00667	0.01417	0.01167	0.01834	0.01000	0.01167	0.00834	0.00417	0.00417	0.00083	0.00417	0.00333	0.00333	0.83663
2	0.01063	0.01000	0.01688	0.78870	0.03876	0.01250	0.01563	0.01438	0.01125	0.01438	0.01000	0.01500	0.00750	0.00563	0.00563	0.00188	0.00750	0.00500	0.00250	0.00625
3	0.01154	0.02733	0.67875	0.01702	0.02500	0.01322	0.11332	0.01785	0.01206	0.01785	0.01026	0.01230	0.00731	0.00527	0.00551	0.00180	0.00847	0.00447	0.00244	0.00822
4	0.04950	0.16578	0.02031	0.01831	0.24468	0.01578	0.01201	0.26540	0.01746	0.11937	0.01242	0.01333	0.00934	0.00582	0.00515	0.00160	0.00606	0.00465	0.00423	0.00879
5	0.00814	0.00593	0.00873	0.00873	0.00961	0.00680	0.00665	0.00976	0.00889	0.01273	0.01499	0.02296	0.01432	0.09852	0.68262	0.05291	0.01380	0.00613	0.00301	0.00476
6	0.01933	0.00784	0.00993	0.00810	0.01124	0.00706	0.00653	0.02169	0.01438	0.47037	0.02066	0.01989	0.01413	0.00680	0.00497	0.00157	0.00392	0.00549	0.33826	0.00784
7	0.01368	0.01312	0.02240	0.09099	0.71260	0.01331	0.01715	0.01705	0.01270	0.01809	0.01054	0.01401	0.00881	0.00506	0.00558	0.00169	0.00675	0.00501	0.00276	0.00871
8	0.34259	0.39138	0.11586	0.00956	0.01430	0.01727	0.00965	0.01685	0.01075	0.01859	0.00812	0.00944	0.00676	0.00504	0.00378	0.00149	0.00565	0.00317	0.00283	0.00691

[dist]
# distance from previous block
# <min> <max>
0	1

[block]
# block no. 5 follows, 42 sequences, length 45
# corresponding to MSA columns:
# 160-204
name=unknown_F
#
# <colnr> <probs for GDERKNQSTAVLIFYWHMCP>
#	G	D	E	R	K	N	Q	S	T	A	V	L	I	F	Y	W	H	M	C	P
0	0.01366	0.01264	0.08004	0.01353	0.03837	0.03122	0.08048	0.17277	0.10054	0.04162	0.02082	0.05805	0.01967	0.01014	0.00656	0.00210	0.00610	0.27962	0.00479	0.00728
1	0.01487	0.15375	0.41672	0.01436	0.02046	0.21990	0.01580	0.01938	0.02905	0.03235	0.00989	0.01131	0.00754	0.00547	0.00501	0.00160	0.00828	0.00391	0.00269	0.00770
2	0.00674	0.00570	0.00582	0.00579	0.00766	0.00479	0.00435	0.00825	0.01304	0.01570	0.10461	0.05334	0.71693	0.01407	0.00665	0.00189	0.00284	0.01176	0.00529	0.00479
3	0.01107	0.01047	0.01751	0.68068	0.05705	0.01271	0.04833	0.01567	0.06158	0.01527	0.01095	0.01539	0.00824	0.00570	0.00568	0.00187	0.00736	0.00517	0.00274	0.00657
4	0.01505	0.80561	0.02949	0.00963	0.01444	0.02227	0.00963	0.01685	0.01143	0.01324	0.00782	0.00903	0.00722	0.00481	0.00361	0.00120	0.00602	0.00301	0.00241	0.00722
5	0.01328	0.01518	0.03321	0.02372	0.02941	0.01423	0.74668	0.01803	0.01328	0.01803	0.01139	0.01518	0.00854	0.00474	0.00664	0.00190	0.00949	0.00664	0.00285	0.00759
6	0.01167	0.01000	0.01167	0.00834	0.01334	0.00750	0.00667	0.01417	0.01167	0.01834	0.01000	0.01167	0.00834	0.00417	0.00417	0.00083	0.00417	0.00333	0.00333	0.83663
7	0.00818	0.00546	0.00614	0.00614	0.00614	0.00546	0.00341	0.00818	0.00818	0.01091	0.01773	0.03683	0.02046	0.80222	0.02864	0.00546	0.00546	0.00818	0.00341	0.00341
8	0.84197	0.01088	0.00827	0.00740	0.01088	0.01262	0.00609	0.01654	0.00958	0.02525	0.00784	0.00914	0.00609	0.00522	0.00348	0.00174	0.00435	0.00305	0.00348	0.00609
9	0.00665	0.00570	0.00570	0.00570	0.00760	0.00475	0.00428	0.00808	0.01283	0.01520	0.05701	0.05416	0.76483	0.01425	0.00665	0.00190	0.00285	0.01188	0.00523	0.00475
10	0.01400	0.01375	0.02872	0.02081	0.02596	0.01277	0.60017	0.01816	0.01335	0.09414	0.01385	0.07129	0.01112	0.00587	0.00652	0.00188	0.00843	0.00712	0.00345	0.02865
11	0.00796	0.00575	0.00752	0.00708	0.00841	0.00531	0.00531	0.01062	0.01593	0.02257	0.76415	0.04204	0.05310	0.01150	0.00664	0.00177	0.00265	0.01018	0.00619	0.00531
12	0.01063	0.01000	0.01688	0.78870	0.03876	0.01250	0.01563	0.01438	0.01125	0.01438	0.01000	0.01500	0.00750	0.00563	0.00563	0.00188	0.00750	0.00500	0.00250	0.00625
13	0.02102	0.02682	0.01595	0.01450	0.01740	0.77963	0.01087	0.02247	0.01595	0.01377	0.00870	0.01015	0.00725	0.00580	0.00507	0.00145	0.01015	0.00362	0.00290	0.00652
14	0.00796	0.00575	0.00752	0.00708	0.00841	0.00531	0.00531	0.01062	0.01593	0.02257	0.76415	0.04204	0.05310	0.01150	0.00664	0.00177	0.00265	0.01018	0.00619	0.00531
15	0.01113	0.01051	0.01778	0.67480	0.14876	0.01263	0.01588	0.01482	0.01149	0.01498	0.01009	0.01484	0.00772	0.00553	0.00562	0.00184	0.00738	0.00500	0.00254	0.00665
16	0.01049	0.00525	0.00525	0.00525	0.00656	0.00525	0.00393	0.01311	0.01180	0.02098	0.01836	0.02098	0.01442	0.00656	0.00393	0.00131	0.00262	0.00525	0.83346	0.00525
17	0.00667	0.00564	0.00577	0.00587	0.00765	0.00474	0.00435	0.00806	0.01267	0.01514	0.05496	0.11276	0.70755	0.01452	0.00669	0.00193	0.00288	0.01220	0.00523	0.00474
18	0.01371	0.01314	0.02244	0.08530	0.71809	0.01331	0.01716	0.01708	0.01271	0.01812	0.01055	0.01400	0.00882	0.00506	0.00558	0.00169	0.00674	0.00501	0.00277	0.00873
19	0.01049	0.00525	0.00525	0.00525	0.00656	0.00525	0.00393	0.01311	0.01180	0.02098	0.01836	0.02098	0.01442	0.00656	0.00393	0.00131	0.00262	0.00525	0.83346	0.00525
20	0.05560	0.01213	0.01675	0.04944	0.01566	0.01678	0.01214	0.01374	0.00879	0.01419	0.00753	0.01227	0.00732	0.00942	0.01710	0.00240	0.71523	0.00483	0.00252	0.00616
21	0.01393	0.01337	0.02284	0.03454	0.76712	0.01337	0.01727	0.01727	0.01281	0.01839	0.01059	0.01393	0.00891	0.00501	0.00557	0.00167	0.00669	0.00501	0.00279	0.00891
22	0.00978	0.00489	0.00733	0.00733	0.00733	0.00489	0.00489	0.00733	0.00733	0.00978	0.00978	0.01711	0.00978	0.01955	0.02199	0.83627	0.00489	0.00489	0.00244	0.00244
23	0.84197	0.01088	0.00827	0.00740	0.01088	0.01262	0.00609	0.01654	0.00958	0.02525	0.00784	0.00914	0.00609	0.00522	0.00348	0.00174	0.00435	0.00305	0.00348	0.00609
24	0.01231	0.01231	0.01724	0.01477	0.01477	0.01724	0.01231	0.01354	0.00862	0.01354	0.00739	0.01231	0.00739	0.00985	0.01847	0.00246	0.79192	0.00492	0.00246	0.00616
25	0.00721	0.00572	0.00648	0.00629	0.00795	0.00499	0.00472	0.00916	0.01415	0.01835	0.35921	0.04898	0.46067	0.01308	0.00665	0.00184	0.00277	0.01115	0.00564	0.00499
26	0.02102	0.02682	0.01595	0.01450	0.01740	0.77963	0.01087	0.02247	0.01595	0.01377	0.00870	0.01015	0.00725	0.00580	0.00507	0.00145	0.01015	0.00362	0.00290	0.00652
27	0.01400	0.01209	0.01273	0.01145	0.01463	0.01400	0.00891	0.02990	0.75695	0.02354	0.02291	0.02100	0.01718	0.00764	0.00573	0.00191	0.00445	0.00636	0.00573	0.00891
28	0.01505	0.80561	0.02949	0.00963	0.01444	0.02227	0.00963	0.01685	0.01143	0.01324	0.00782	0.00903	0.00722	0.00481	0.00361	0.00120	0.00602	0.00301	0.00241	0.00722
29	0.01218	0.01159	0.01969	0.43372	0.38159	0.01291	0.01640	0.01574	0.01199	0.01626	0.01028	0.01450	0.00817	0.00534	0.00560	0.00178	0.00712	0.00501	0.00263	0.00750
30	0.01129	0.02911	0.77306	0.01604	0.02436	0.01307	0.02079	0.01782	0.01188	0.01782	0.01010	0.01188	0.00713	0.00535	0.00535	0.00178	0.00832	0.00416	0.00238	0.00832
31	0.01049	0.00525	0.00525	0.00525	0.00656	0.00525	0.00393	0.01311	0.01180	0.02098	0.01836	0.02098	0.01442	0.00656	0.00393	0.00131	0.00262	0.00525	0.83346	0.00525
32	0.01230	0.01047	0.01229	0.04963	0.01498	0.00884	0.00754	0.05123	0.08038	0.01944	0.01135	0.01278	0.00916	0.00469	0.00446	0.00103	0.00447	0.00378	0.00362	0.67757
33	0.00743	0.00531	0.00719	0.00849	0.00907	0.00507	0.00622	0.00883	0.01134	0.01501	0.03070	0.60745	0.03596	0.01709	0.00734	0.00236	0.00376	0.20143	0.00521	0.00473
34	0.00811	0.00574	0.00758	0.00758	0.00808	0.00624	0.00521	0.00911	0.00861	0.01198	0.01641	0.02951	0.01728	0.42463	0.40189	0.00724	0.01023	0.00711	0.00321	0.00421
35	0.31875	0.06950	0.01463	0.01190	0.04418	0.18372	0.00925	0.24474	0.01647	0.02481	0.00989	0.01090	0.00761	0.00579	0.00459	0.00162	0.00640	0.00387	0.00392	0.00745
36	0.00988	0.01106	0.08605	0.01575	0.08810	0.00911	0.22732	0.01279	0.01202	0.01628	0.02314	0.34744	0.07423	0.01120	0.00668	0.00205	0.00592	0.03072	0.00403	0.00625
37	0.05338	0.01411	0.01627	0.01255	0.01695	0.01512	0.04326	0.49953	0.07238	0.17504	0.01550	0.01501	0.01074	0.00670	0.00560	0.00173	0.00588	0.00526	0.00568	0.00930
38	0.31358	0.00991	0.01188	0.03816	0.06448	0.01066	0.04716	0.03802	0.06086	0.06606	0.04625	0.02853	0.01722	0.00874	0.00557	0.00201	0.00515	0.21482	0.00438	0.00657
39	0.05702	0.09159	0.01285	0.00937	0.01256	0.04202	0.00763	0.24149	0.08029	0.02301	0.08404	0.02918	0.26789	0.00940	0.00572	0.00173	0.00469	0.00749	0.00500	0.00703
40	0.06425	0.01928	0.17081	0.01262	0.01664	0.25046	0.01156	0.10426	0.01548	0.09881	0.11032	0.01644	0.01438	0.00796	0.03026	0.00191	0.03817	0.00507	0.00399	0.00733
41	0.01908	0.05975	0.06544	0.05140	0.01601	0.03980	0.04254	0.02200	0.03544	0.42643	0.09538	0.02079	0.01676	0.05516	0.00703	0.00195	0.00548	0.00597	0.00547	0.00813
42	0.01439	0.03966	0.07539	0.13885	0.05158	0.01252	0.01117	0.28228	0.01731	0.04281	0.01987	0.10791	0.08336	0.00895	0.00598	0.00187	0.00584	0.06825	0.00454	0.00746
43	0.07628	0.01358	0.04217	0.01560	0.14096	0.01353	0.02906	0.31634	0.03988	0.21174	0.03474	0.01562	0.01156	0.00647	0.00552	0.00172	0.00581	0.00524	0.00518	0.00900
44	0.18433	0.00956	0.01061	0.01039	0.05085	0.06896	0.04045	0.01422	0.01295	0.07751	0.19305	0.18157	0.05836	0.01007	0.00582	0.00185	0.00454	0.03376	0.00476	0.02638

[dist]
# distance from previous block
# <min> <max>
0	16

[block]
# block no. 6 follows, 42 sequences, length 14
# corresponding to MSA columns:
# 221-234
name=unknown_G
#
# <colnr> <probs for GDERKNQSTAVLIFYWHMCP>
#	G	D	E	R	K	N	Q	S	T	A	V	L	I	F	Y	W	H	M	C	P
0	0.06486	0.11955	0.11628	0.01140	0.01647	0.01213	0.07828	0.07265	0.03939	0.01922	0.01073	0.01255	0.00863	0.00691	0.04654	0.00171	0.00622	0.00408	0.00329	0.34909
1	0.01555	0.01144	0.01289	0.01153	0.05956	0.03841	0.00870	0.26863	0.01799	0.10117	0.05673	0.02714	0.16121	0.00871	0.00584	0.00169	0.00506	0.06695	0.00511	0.11570
2	0.01037	0.05772	0.01094	0.04284	0.01255	0.00849	0.00773	0.07612	0.04396	0.01821	0.06510	0.22005	0.07779	0.01201	0.00638	0.00196	0.00449	0.20048	0.00477	0.11802
3	0.06110	0.30993	0.02035	0.01146	0.01497	0.13356	0.00991	0.08617	0.03898	0.05929	0.00988	0.01134	0.00820	0.00623	0.00684	0.00157	0.14380	0.00392	0.00328	0.05922
4	0.01484	0.01245	0.05761	0.01653	0.18515	0.01052	0.07354	0.06359	0.03116	0.13065	0.03667	0.01490	0.01096	0.00536	0.00519	0.00141	0.00559	0.00478	0.00394	0.31519
5	0.09684	0.04652	0.06177	0.01316	0.07880	0.09302	0.01020	0.19558	0.01571	0.06000	0.01649	0.08593	0.04575	0.02677	0.00674	0.00188	0.04590	0.06087	0.00425	0.03381
6	0.01359	0.11777	0.30313	0.01438	0.07934	0.01334	0.01391	0.05656	0.13511	0.07538	0.08208	0.01832	0.01460	0.00673	0.00545	0.00174	0.00627	0.03028	0.00391	0.00810
7	0.00686	0.00490	0.00653	0.00784	0.00816	0.00457	0.00522	0.00784	0.01077	0.01437	0.03102	0.79855	0.03722	0.01763	0.00718	0.00229	0.00326	0.01600	0.00522	0.00457
8	0.00885	0.01033	0.14869	0.00987	0.01255	0.00714	0.00954	0.01204	0.01359	0.01845	0.23921	0.04668	0.12738	0.01235	0.00686	0.00212	0.00474	0.29892	0.00496	0.00574
9	0.01543	0.01543	0.13887	0.04593	0.08456	0.01276	0.26463	0.10244	0.05263	0.13956	0.02669	0.04959	0.01169	0.00629	0.00602	0.00183	0.00725	0.00617	0.00403	0.00821
10	0.05324	0.13880	0.15797	0.04555	0.02397	0.01440	0.37380	0.01701	0.01247	0.01736	0.01212	0.01789	0.01017	0.00593	0.00586	0.00183	0.00802	0.07337	0.00293	0.00731
11	0.00875	0.00625	0.00870	0.01000	0.01116	0.00620	0.00851	0.01111	0.01264	0.01648	0.02997	0.16936	0.03308	0.01585	0.00769	0.00255	0.00491	0.62650	0.00519	0.00509
12	0.01136	0.01179	0.05743	0.47696	0.19813	0.01236	0.06849	0.01506	0.01175	0.01571	0.01154	0.06323	0.00972	0.00616	0.00577	0.00185	0.00724	0.00576	0.00275	0.00694
13	0.01434	0.20893	0.37038	0.04681	0.05916	0.13877	0.01569	0.05367	0.01316	0.01684	0.00953	0.01124	0.00740	0.00536	0.00493	0.00159	0.00785	0.00393	0.00265	0.00778

[dist]
# distance from previous block
# <min> <max>
0	1

[block]
# block no. 7 follows, 42 sequences, length 7
# corresponding to MSA columns:
# 236-242
name=unknown_H
#
# <colnr> <probs for GDERKNQSTAVLIFYWHMCP>
#	G	D	E	R	K	N	Q	S	T	A	V	L	I	F	Y	W	H	M	C	P
0	0.01620	0.37109	0.07834	0.01198	0.01675	0.01858	0.04763	0.21337	0.13573	0.02138	0.01211	0.01267	0.00951	0.00582	0.00477	0.00152	0.00616	0.00436	0.00382	0.00822
1	0.84197	0.01088	0.00827	0.00740	0.01088	0.01262	0.00609	0.01654	0.00958	0.02525	0.00784	0.00914	0.00609	0.00522	0.00348	0.00174	0.00435	0.00305	0.00348	0.00609
2	0.00721	0.00505	0.00643	0.00738	0.00762	0.00481	0.00474	0.00793	0.01009	0.01345	0.02749	0.59624	0.03277	0.22602	0.01288	0.00313	0.00385	0.01392	0.00474	0.00426
3	0.01982	0.00974	0.01445	0.07203	0.05157	0.00930	0.05012	0.02232	0.01482	0.48717	0.08524	0.02240	0.01699	0.00767	0.00662	0.00185	0.04873	0.04499	0.00578	0.00838
4	0.00755	0.00545	0.00729	0.00852	0.00925	0.00519	0.00640	0.00908	0.01159	0.01521	0.03217	0.51885	0.07886	0.01676	0.00734	0.00236	0.00385	0.24428	0.00521	0.00478
5	0.01394	0.01324	0.02184	0.03225	0.69225	0.01343	0.01644	0.01853	0.08685	0.01890	0.01181	0.01463	0.00974	0.00527	0.00559	0.00170	0.00646	0.00515	0.00308	0.00891
6	0.01350	0.01233	0.02148	0.22969	0.29961	0.01270	0.15673	0.01780	0.05380	0.06397	0.01195	0.01505	0.00920	0.00534	0.00573	0.00174	0.00707	0.00535	0.00317	0.05378

[dist]
# distance from previous block
# <min> <max>
15	156

[block]
# block no. 8 follows, 42 sequences, length 39
# corresponding to MSA columns:
# 408-420,427-452
name=unknown_I
#
# <colnr> <probs for GDERKNQSTAVLIFYWHMCP>
#	G	D	E	R	K	N	Q	S	T	A	V	L	I	F	Y	W	H	M	C	P
0	0.03324	0.10813	0.29833	0.04566	0.01911	0.10822	0.03757	0.04254	0.01307	0.03621	0.06536	0.01555	0.03165	0.00788	0.04465	0.00197	0.00749	0.00479	0.00318	0.07539
1	0.01532	0.32719	0.08278	0.01346	0.04867	0.10542	0.08771	0.07778	0.03741	0.03740	0.03755	0.01358	0.01027	0.03363	0.00600	0.00164	0.02757	0.00448	0.00321	0.02893
2	0.01348	0.01186	0.03297	0.01009	0.01397	0.03810	0.00821	0.16194	0.09322	0.02156	0.03554	0.08040	0.04892	0.00716	0.00572	0.00143	0.03804	0.00572	0.00429	0.36738
3	0.01187	0.17416	0.60605	0.01452	0.02193	0.01452	0.01814	0.01738	0.01194	0.01713	0.03658	0.01242	0.00879	0.00547	0.00507	0.00167	0.00768	0.00416	0.00252	0.00800
4	0.00943	0.01048	0.14147	0.00987	0.02946	0.00750	0.00867	0.01342	0.07613	0.04320	0.30249	0.19557	0.09121	0.01141	0.00642	0.00192	0.00415	0.02590	0.00513	0.00615
5	0.01420	0.06550	0.30712	0.01664	0.12186	0.01289	0.06477	0.04550	0.10859	0.11338	0.03974	0.01670	0.03543	0.00626	0.00554	0.00175	0.00667	0.00532	0.00380	0.00835
6	0.00804	0.00552	0.00634	0.00644	0.00670	0.00547	0.00391	0.00838	0.00889	0.01171	0.02184	0.06559	0.08242	0.64940	0.05225	0.00506	0.00550	0.03915	0.00368	0.00369
7	0.00681	0.00506	0.00636	0.00740	0.00805	0.00461	0.00503	0.00788	0.01119	0.01454	0.03628	0.64784	0.18453	0.01695	0.00708	0.00221	0.00318	0.01516	0.00522	0.00461
8	0.01448	0.01592	0.07561	0.07684	0.51183	0.11613	0.01587	0.04316	0.01355	0.01795	0.01203	0.01477	0.03571	0.00558	0.00553	0.00167	0.00717	0.00501	0.00294	0.00825
9	0.07445	0.04811	0.01718	0.07640	0.01889	0.01662	0.03649	0.54158	0.06468	0.03082	0.01306	0.01364	0.00947	0.00646	0.00544	0.00171	0.00619	0.00497	0.00500	0.00886
10	0.00686	0.00490	0.00653	0.00784	0.00816	0.00457	0.00522	0.00784	0.01077	0.01437	0.03102	0.79855	0.03722	0.01763	0.00718	0.00229	0.00326	0.01600	0.00522	0.00457
11	0.01763	0.01472	0.01471	0.01231	0.01602	0.07208	0.00981	0.33156	0.39487	0.02784	0.01790	0.01705	0.01324	0.00713	0.00564	0.00178	0.00561	0.00561	0.00548	0.00901
12	0.04278	0.01221	0.01572	0.03934	0.27834	0.04896	0.01170	0.02125	0.30422	0.01968	0.01690	0.05139	0.01412	0.00994	0.06921	0.00241	0.00642	0.02322	0.00414	0.00804
13	0.01468	0.05188	0.05785	0.02965	0.59824	0.01410	0.01621	0.07741	0.01379	0.03612	0.01085	0.01364	0.00887	0.00533	0.00581	0.00168	0.02713	0.00489	0.00307	0.00880
14	0.01287	0.01812	0.19207	0.02240	0.05113	0.01395	0.56795	0.01796	0.01297	0.01799	0.01108	0.01443	0.00825	0.00488	0.00633	0.00187	0.00915	0.00606	0.00274	0.00779
15	0.01393	0.01337	0.02284	0.03454	0.76712	0.01337	0.01727	0.01727	0.01281	0.01839	0.01059	0.01393	0.00891	0.00501	0.00557	0.00167	0.00669	0.00501	0.00279	0.00891
16	0.01216	0.01228	0.03404	0.02549	0.39764	0.01167	0.20401	0.01542	0.01257	0.01744	0.01648	0.15075	0.04921	0.00755	0.00617	0.00185	0.00667	0.00763	0.00333	0.00762
17	0.01342	0.01296	0.06974	0.05476	0.54713	0.01186	0.01533	0.01661	0.01264	0.06441	0.01390	0.11587	0.01273	0.00681	0.00577	0.00177	0.00626	0.00642	0.00332	0.00826
18	0.00697	0.00494	0.00650	0.00770	0.00800	0.00464	0.00508	0.00786	0.01056	0.01408	0.02993	0.73603	0.03585	0.08203	0.00894	0.00255	0.00344	0.01536	0.00508	0.00448
19	0.00686	0.00490	0.00653	0.00784	0.00816	0.00457	0.00522	0.00784	0.01077	0.01437	0.03102	0.79855	0.03722	0.01763	0.00718	0.00229	0.00326	0.01600	0.00522	0.00457
20	0.01207	0.01220	0.05498	0.28282	0.41234	0.01225	0.01581	0.01552	0.01212	0.01670	0.01238	0.06703	0.01104	0.00643	0.00576	0.00182	0.00676	0.03146	0.00292	0.00758
21	0.01393	0.01327	0.02201	0.03265	0.70535	0.01342	0.01658	0.01831	0.07389	0.01881	0.01160	0.01451	0.00959	0.00523	0.00558	0.00169	0.00650	0.00512	0.00303	0.00891
22	0.00685	0.00494	0.00649	0.00773	0.00813	0.00458	0.00518	0.00785	0.01088	0.01441	0.03234	0.76061	0.07431	0.01746	0.00716	0.00227	0.00324	0.01579	0.00522	0.00458
23	0.01259	0.22682	0.36706	0.01544	0.08112	0.04206	0.06287	0.01674	0.01184	0.01603	0.01096	0.05015	0.00951	0.04636	0.00626	0.00183	0.00734	0.00484	0.00266	0.00754
24	0.01282	0.01231	0.02089	0.19965	0.50722	0.01315	0.03808	0.01608	0.01214	0.01703	0.01099	0.04160	0.00948	0.00590	0.00652	0.00180	0.05818	0.00544	0.00279	0.00795
25	0.00784	0.00641	0.00717	0.00804	0.00899	0.04438	0.00583	0.00916	0.01180	0.01486	0.03555	0.49060	0.19844	0.01598	0.00704	0.00220	0.00379	0.11204	0.00510	0.00479
26	0.01142	0.02643	0.68309	0.01515	0.02267	0.01220	0.01907	0.01734	0.01194	0.04435	0.01225	0.07671	0.00984	0.00641	0.00551	0.00182	0.00778	0.00518	0.00277	0.00805
27	0.01338	0.06326	0.04628	0.15379	0.57870	0.01378	0.01664	0.01680	0.01245	0.01740	0.01030	0.01373	0.00852	0.00511	0.00545	0.00168	0.00683	0.00486	0.00270	0.00836
28	0.04261	0.05167	0.09167	0.06542	0.52667	0.01307	0.02720	0.01651	0.01238	0.01789	0.01190	0.05221	0.01060	0.00601	0.00555	0.00173	0.00660	0.02917	0.00294	0.00820
29	0.04356	0.01449	0.07136	0.07834	0.41674	0.03998	0.09662	0.03401	0.03529	0.03841	0.01107	0.01389	0.00883	0.00533	0.00584	0.00170	0.02600	0.00499	0.00306	0.05051
30	0.01392	0.04733	0.08493	0.13731	0.41973	0.01345	0.02507	0.05420	0.01306	0.05678	0.01160	0.03896	0.00960	0.00594	0.00616	0.00176	0.04363	0.00526	0.00312	0.00819
31	0.05482	0.04180	0.07848	0.09680	0.46594	0.01289	0.03294	0.03465	0.01297	0.02827	0.06476	0.02748	0.01211	0.00582	0.00551	0.00171	0.00644	0.00536	0.00316	0.00809
32	0.04121	0.01476	0.10491	0.02744	0.52961	0.03265	0.01570	0.04629	0.01318	0.04143	0.01239	0.07228	0.01087	0.00615	0.00559	0.00173	0.00655	0.00566	0.00319	0.00841
33	0.02271	0.07958	0.11285	0.04437	0.41457	0.01319	0.04062	0.04540	0.01283	0.03761	0.01177	0.04690	0.01007	0.00756	0.04489	0.00203	0.00705	0.00525	0.00306	0.03768
34	0.04147	0.06928	0.02149	0.10715	0.49537	0.04127	0.03787	0.06021	0.01339	0.01862	0.01098	0.01500	0.00927	0.00553	0.00546	0.00169	0.00678	0.02795	0.00300	0.00822
35	0.01244	0.03406	0.01837	0.16236	0.39307	0.03253	0.01395	0.03712	0.01243	0.01693	0.01455	0.11959	0.03723	0.00788	0.01533	0.00191	0.05303	0.00661	0.00320	0.00742
36	0.04713	0.01236	0.01980	0.14122	0.39875	0.01279	0.06356	0.08043	0.02413	0.08139	0.03064	0.01674	0.01096	0.00594	0.00568	0.00176	0.00653	0.02839	0.00356	0.00822
37	0.01370	0.04815	0.04056	0.15110	0.39988	0.01340	0.04158	0.11277	0.01411	0.01937	0.01259	0.08387	0.01116	0.00646	0.00568	0.00175	0.00657	0.00595	0.00331	0.00804
38	0.01365	0.01245	0.03166	0.09380	0.55321	0.01223	0.03723	0.01669	0.01252	0.05330	0.01225	0.01541	0.02863	0.00611	0.00643	0.04422	0.00650	0.00520	0.00302	0.03550

[dist]
# distance from previous block
# <min> <max>
7	276

# created by:
# /home/cegg/simao/soft/augustus-3.2.1/scripts/msa2prfl.pl ./align_prep/EOG091G0QUH.fa
