[name]
unknown

[dist]
# distance from previous block
# <min> <max>
0	127

[block]
# block no. 0 follows, 57 sequences, length 13
# corresponding to MSA columns:
# 132-144
name=unknown_A
#
# <colnr> <probs for GDERKNQSTAVLIFYWHMCP>
#	G	D	E	R	K	N	Q	S	T	A	V	L	I	F	Y	W	H	M	C	P
0	0.00911	0.00675	0.00886	0.12230	0.01266	0.00727	0.00756	0.08437	0.09893	0.04013	0.02884	0.06472	0.02972	0.06368	0.00663	0.00197	0.00431	0.38154	0.01571	0.00495
1	0.00788	0.00641	0.00867	0.06242	0.09768	0.00689	0.00596	0.00875	0.00762	0.01068	0.01225	0.07835	0.01334	0.44263	0.01563	0.00301	0.11941	0.00585	0.00263	0.08394
2	0.55494	0.00948	0.00773	0.00681	0.00940	0.09888	0.00546	0.01424	0.00962	0.11484	0.11943	0.01210	0.01103	0.00513	0.00351	0.00138	0.00387	0.00356	0.00339	0.00520
3	0.00831	0.00537	0.00639	0.00609	0.00717	0.00530	0.00443	0.09559	0.01081	0.04246	0.17834	0.16590	0.08791	0.12536	0.00863	0.08215	0.00314	0.02653	0.12594	0.00420
4	0.00790	0.08457	0.00887	0.12083	0.01125	0.09672	0.00606	0.00939	0.01024	0.01226	0.08459	0.16541	0.31330	0.00939	0.00498	0.00150	0.00383	0.04103	0.00354	0.00436
5	0.00715	0.00499	0.00657	0.05974	0.00881	0.00475	0.00520	0.00898	0.01123	0.05672	0.36282	0.14411	0.15602	0.01015	0.00539	0.00159	0.00286	0.11599	0.02261	0.00434
6	0.09377	0.00924	0.01017	0.00827	0.01095	0.00984	0.00658	0.33700	0.08336	0.14924	0.12362	0.01707	0.01438	0.09843	0.00655	0.00173	0.00409	0.00494	0.00442	0.00638
7	0.50596	0.00863	0.00919	0.00973	0.12081	0.00958	0.00668	0.02844	0.00895	0.10635	0.00969	0.08593	0.00836	0.00553	0.00433	0.00147	0.05773	0.00400	0.00315	0.00548
8	0.00757	0.00660	0.01056	0.47397	0.02082	0.00763	0.02853	0.00974	0.00910	0.01195	0.08650	0.18451	0.01550	0.09951	0.00693	0.00189	0.00484	0.00654	0.00282	0.00446
9	0.00798	0.00742	0.01344	0.01309	0.12367	0.00704	0.23254	0.01001	0.00961	0.01305	0.01777	0.42094	0.01949	0.00950	0.00546	0.00167	0.00456	0.05753	0.00335	0.02188
10	0.00711	0.00493	0.00635	0.00580	0.00714	0.00444	0.00440	0.00918	0.01256	0.05201	0.70575	0.03229	0.07175	0.00892	0.00522	0.00139	0.00228	0.00783	0.00487	0.04579
11	0.01085	0.04597	0.04997	0.01800	0.02255	0.01174	0.70255	0.03058	0.03302	0.01476	0.00931	0.01205	0.00701	0.00393	0.00518	0.00150	0.00733	0.00514	0.00238	0.00618
12	0.13243	0.00950	0.00997	0.00869	0.01146	0.01068	0.00687	0.06512	0.54865	0.12203	0.01627	0.01506	0.01192	0.00577	0.00435	0.00149	0.00369	0.00462	0.00448	0.00696

[dist]
# distance from previous block
# <min> <max>
0	1

[block]
# block no. 1 follows, 57 sequences, length 40
# corresponding to MSA columns:
# 146-150,153-187
name=unknown_B
#
# <colnr> <probs for GDERKNQSTAVLIFYWHMCP>
#	G	D	E	R	K	N	Q	S	T	A	V	L	I	F	Y	W	H	M	C	P
0	0.00940	0.00540	0.00648	0.00578	0.00703	0.00496	0.00396	0.01015	0.00854	0.16487	0.01725	0.04783	0.08094	0.46180	0.04288	0.00318	0.00418	0.00614	0.02250	0.08673
1	0.01068	0.02340	0.06918	0.03135	0.01941	0.03324	0.48027	0.05348	0.10488	0.01547	0.04431	0.04405	0.01012	0.01862	0.00535	0.00154	0.00638	0.00538	0.00284	0.02007
2	0.01105	0.05300	0.02039	0.02648	0.05780	0.00997	0.45522	0.01405	0.01045	0.07837	0.01028	0.04069	0.00829	0.00442	0.00477	0.00134	0.00603	0.01922	0.00271	0.16546
3	0.00674	0.00473	0.00578	0.00556	0.00684	0.00423	0.00418	0.00844	0.01168	0.05644	0.45410	0.09856	0.28222	0.01021	0.00536	0.00150	0.00235	0.02213	0.00470	0.00426
4	0.23058	0.15220	0.08878	0.00857	0.01225	0.03772	0.00785	0.18525	0.01249	0.20855	0.01024	0.01026	0.00727	0.00477	0.00380	0.00132	0.00459	0.00340	0.00360	0.00651
5	0.06263	0.04502	0.52352	0.01199	0.03252	0.02153	0.05805	0.04636	0.01019	0.04089	0.02145	0.01014	0.00673	0.00434	0.00417	0.00134	0.00594	0.00347	0.00235	0.08737
6	0.06733	0.14802	0.01326	0.04436	0.04303	0.20601	0.00792	0.03015	0.30693	0.05307	0.02844	0.01242	0.00986	0.00518	0.00410	0.00133	0.00506	0.00392	0.00337	0.00623
7	0.01100	0.01129	0.02122	0.04501	0.37316	0.01139	0.33903	0.03800	0.01051	0.01470	0.00864	0.01154	0.00694	0.00432	0.00568	0.00148	0.07269	0.00458	0.00231	0.00651
8	0.00649	0.00437	0.00506	0.00513	0.00521	0.00436	0.00299	0.00667	0.00702	0.00941	0.04527	0.09760	0.01850	0.72294	0.03753	0.00413	0.00432	0.00714	0.00295	0.00291
9	0.00614	0.00443	0.00570	0.00603	0.00686	0.00412	0.00438	0.00754	0.01035	0.02565	0.28089	0.36415	0.15154	0.01299	0.04731	0.00194	0.00300	0.04861	0.00439	0.00400
10	0.00711	0.00537	0.00593	0.00572	0.00667	0.00536	0.00391	0.02957	0.11420	0.01273	0.11663	0.07120	0.21482	0.36650	0.01286	0.00276	0.00343	0.00756	0.00373	0.00395
11	0.01328	0.09141	0.01224	0.00983	0.01225	0.35805	0.00766	0.01890	0.30866	0.01454	0.07222	0.01392	0.02552	0.00566	0.00443	0.00132	0.01658	0.00422	0.00338	0.00592
12	0.00556	0.00439	0.00502	0.00529	0.00636	0.00385	0.00381	0.00674	0.01017	0.01290	0.15123	0.29252	0.45210	0.01201	0.00549	0.00161	0.00238	0.01041	0.00432	0.00385
13	0.01000	0.03261	0.06537	0.00759	0.01125	0.00724	0.00655	0.04597	0.03251	0.05094	0.02403	0.05076	0.02052	0.00481	0.00414	0.00098	0.02762	0.02522	0.00303	0.56888
14	0.01200	0.60820	0.14204	0.00944	0.01365	0.08480	0.04945	0.01412	0.00965	0.01145	0.00678	0.00794	0.00586	0.00401	0.00334	0.00108	0.00555	0.00275	0.00199	0.00591
15	0.01428	0.00665	0.00890	0.00731	0.00995	0.00594	0.00587	0.01599	0.01134	0.45726	0.08319	0.04170	0.07385	0.01135	0.14755	0.00239	0.00497	0.00535	0.00460	0.08157
16	0.01163	0.56357	0.25462	0.00927	0.01396	0.01522	0.01032	0.01421	0.00950	0.05089	0.00740	0.00834	0.00606	0.00409	0.00340	0.00113	0.00534	0.00280	0.00211	0.00616
17	0.05952	0.05315	0.01357	0.01163	0.05274	0.38727	0.00881	0.24346	0.02339	0.01688	0.00818	0.00929	0.00650	0.00512	0.00510	0.00131	0.08165	0.00339	0.00297	0.00606
18	0.00578	0.00456	0.00520	0.00514	0.00640	0.00399	0.00382	0.00728	0.01118	0.01449	0.34066	0.09445	0.45932	0.01081	0.00538	0.00151	0.00226	0.00926	0.00451	0.00399
19	0.01668	0.02073	0.01292	0.01162	0.01393	0.75306	0.00879	0.05620	0.01304	0.01194	0.00716	0.00837	0.00593	0.00483	0.00450	0.00121	0.03827	0.00301	0.00243	0.00536
20	0.00956	0.00939	0.01320	0.01142	0.01150	0.01303	0.00947	0.01061	0.00698	0.01087	0.00659	0.01073	0.00650	0.01063	0.09843	0.00253	0.74761	0.00406	0.00203	0.00486
21	0.00625	0.00466	0.00540	0.00525	0.00658	0.00408	0.00392	0.00779	0.01131	0.03934	0.35078	0.08876	0.42838	0.01058	0.00535	0.00150	0.00230	0.00907	0.00456	0.00412
22	0.00724	0.00502	0.00642	0.00595	0.00721	0.00471	0.00450	0.00986	0.05173	0.05367	0.71414	0.03247	0.06161	0.00901	0.00527	0.00143	0.00229	0.00792	0.00498	0.00456
23	0.00633	0.00476	0.00588	0.00560	0.00678	0.00438	0.00420	0.00856	0.03483	0.01694	0.62665	0.04942	0.18946	0.00969	0.00533	0.00146	0.00222	0.00845	0.00481	0.00426
24	0.00659	0.00439	0.00494	0.00494	0.00494	0.00439	0.00275	0.00659	0.00659	0.00879	0.01428	0.02965	0.01647	0.84075	0.02306	0.00439	0.00439	0.00659	0.00275	0.00275
25	0.00611	0.00439	0.00592	0.00693	0.00750	0.00420	0.00521	0.00735	0.00932	0.01226	0.02542	0.54536	0.05755	0.01353	0.00593	0.00191	0.00313	0.26994	0.00420	0.00385
26	0.01005	0.00851	0.00919	0.00860	0.01068	0.00966	0.00654	0.02031	0.63547	0.01739	0.01983	0.19109	0.01726	0.00786	0.00486	0.00160	0.00338	0.00677	0.00452	0.00643
27	0.84081	0.00931	0.03664	0.00622	0.00916	0.01018	0.00535	0.01336	0.00778	0.02011	0.00638	0.00744	0.00494	0.00421	0.00286	0.00140	0.00362	0.00249	0.00277	0.00497
28	0.01170	0.00882	0.01181	0.00976	0.01246	0.00922	0.11928	0.05530	0.36944	0.13696	0.10319	0.06271	0.05535	0.00673	0.00488	0.00151	0.00400	0.00598	0.00442	0.00646
29	0.00893	0.00818	0.06074	0.00859	0.01100	0.00735	0.09250	0.05076	0.16417	0.05000	0.22334	0.02823	0.19245	0.00814	0.00514	0.00153	0.00370	0.06567	0.00420	0.00539
30	0.01097	0.00809	0.00983	0.00721	0.01100	0.00643	0.02023	0.04170	0.01025	0.11816	0.00999	0.03208	0.00810	0.01849	0.00399	0.00090	0.00356	0.00336	0.00316	0.67249
31	0.00636	0.00430	0.00501	0.00523	0.00529	0.00424	0.00306	0.00653	0.00704	0.00938	0.01656	0.20243	0.01936	0.66404	0.01937	0.00385	0.00402	0.00793	0.00306	0.00295
32	0.01016	0.00822	0.00958	0.00692	0.01087	0.00644	0.00556	0.05190	0.01016	0.04689	0.00916	0.01023	0.01911	0.00367	0.00349	0.00075	0.00344	0.00293	0.00292	0.77759
33	0.02669	0.22373	0.38678	0.01054	0.01544	0.01140	0.05154	0.01427	0.02092	0.08110	0.05217	0.03458	0.00909	0.00482	0.00407	0.00130	0.00545	0.00383	0.00256	0.03973
34	0.82357	0.02679	0.00726	0.01755	0.00925	0.02827	0.00516	0.01341	0.00788	0.01980	0.00635	0.00744	0.00496	0.00421	0.00286	0.00139	0.00367	0.00249	0.00276	0.00494
35	0.00817	0.00595	0.00726	0.00751	0.00868	0.00622	0.00584	0.01220	0.19514	0.03696	0.04285	0.18330	0.02227	0.13393	0.00815	0.00220	0.00368	0.28440	0.02064	0.00468
36	0.49569	0.00849	0.00829	0.00688	0.00989	0.00902	0.00566	0.07080	0.01046	0.27994	0.01079	0.01067	0.00747	0.00480	0.00351	0.00138	0.00366	0.00333	0.04330	0.00599
37	0.64989	0.00849	0.00767	0.00651	0.00950	0.00925	0.00537	0.01561	0.00909	0.22826	0.00933	0.00947	0.00656	0.00457	0.00326	0.00140	0.00360	0.00300	0.00354	0.00564
38	0.07212	0.00851	0.01070	0.00863	0.01158	0.00838	0.03899	0.20876	0.01394	0.37181	0.04110	0.10600	0.03045	0.00689	0.00472	0.00148	0.00406	0.04045	0.00476	0.00667
39	0.00628	0.00463	0.00587	0.00556	0.00669	0.00422	0.00417	0.00829	0.01251	0.01741	0.71170	0.03510	0.14163	0.00955	0.00535	0.00144	0.00216	0.00837	0.00489	0.00422

[dist]
# distance from previous block
# <min> <max>
0	16

[block]
# block no. 2 follows, 57 sequences, length 8
# corresponding to MSA columns:
# 204-211
name=unknown_C
#
# <colnr> <probs for GDERKNQSTAVLIFYWHMCP>
#	G	D	E	R	K	N	Q	S	T	A	V	L	I	F	Y	W	H	M	C	P
0	0.00679	0.00525	0.00761	0.00744	0.00809	0.00625	0.00572	0.00818	0.00718	0.01037	0.01182	0.01839	0.01141	0.11895	0.66512	0.00650	0.08357	0.00496	0.00242	0.00399
1	0.00660	0.00441	0.00529	0.00542	0.00554	0.00444	0.00333	0.00677	0.00695	0.00930	0.01510	0.09104	0.01720	0.64103	0.07286	0.04911	0.00473	0.04508	0.00287	0.00293
2	0.19003	0.01045	0.01000	0.04192	0.01169	0.07112	0.00680	0.36862	0.01472	0.02224	0.01042	0.01137	0.00781	0.00506	0.00384	0.00129	0.00431	0.00369	0.19858	0.00605
3	0.00725	0.00480	0.00727	0.00677	0.00746	0.00483	0.04842	0.00747	0.00807	0.01112	0.17407	0.02089	0.03966	0.08909	0.18754	0.35823	0.00553	0.00547	0.00283	0.00324
4	0.01039	0.00864	0.00993	0.00718	0.01116	0.00706	0.00578	0.11142	0.01091	0.01652	0.00841	0.00958	0.00684	0.00362	0.00351	0.00076	0.00356	0.00286	0.00292	0.75892
5	0.07934	0.37388	0.06203	0.00897	0.01262	0.05745	0.00824	0.21361	0.11354	0.01722	0.00914	0.00959	0.00724	0.00465	0.00367	0.00121	0.00490	0.00327	0.00302	0.00642
6	0.07756	0.11570	0.03579	0.02470	0.06123	0.00968	0.04878	0.07805	0.06249	0.06984	0.00936	0.01030	0.00731	0.00411	0.00374	0.00105	0.00423	0.00330	0.00299	0.36980
7	0.01379	0.08849	0.09140	0.01007	0.01306	0.23611	0.03738	0.13444	0.04586	0.11614	0.02749	0.11671	0.02372	0.00629	0.00463	0.00137	0.01868	0.00497	0.00341	0.00599

[dist]
# distance from previous block
# <min> <max>
1	4

[block]
# block no. 3 follows, 57 sequences, length 27
# corresponding to MSA columns:
# 216-242
name=unknown_D
#
# <colnr> <probs for GDERKNQSTAVLIFYWHMCP>
#	G	D	E	R	K	N	Q	S	T	A	V	L	I	F	Y	W	H	M	C	P
0	0.05706	0.00845	0.01045	0.00782	0.01151	0.00716	0.05633	0.06241	0.03121	0.05054	0.01040	0.03421	0.02200	0.00439	0.00378	0.00094	0.00375	0.02204	0.00306	0.59247
1	0.05049	0.01134	0.01039	0.02524	0.01162	0.22738	0.03690	0.07035	0.12461	0.10027	0.24192	0.01817	0.01845	0.00631	0.00458	0.00136	0.00469	0.00513	0.02513	0.00566
2	0.00787	0.00394	0.00590	0.00590	0.00590	0.00394	0.00394	0.00590	0.00590	0.00787	0.00787	0.01377	0.00787	0.01574	0.01771	0.86816	0.00394	0.00394	0.00197	0.00197
3	0.01030	0.01105	0.02276	0.04364	0.02100	0.01082	0.60750	0.01371	0.02058	0.02977	0.03331	0.04432	0.02994	0.00499	0.00609	0.00157	0.07463	0.00564	0.00255	0.00582
4	0.00624	0.00475	0.00584	0.00645	0.00693	0.02647	0.00442	0.00711	0.00839	0.01119	0.02093	0.56322	0.02441	0.12614	0.11110	0.00282	0.00427	0.02710	0.00369	0.02852
5	0.00553	0.00399	0.00525	0.00622	0.00656	0.00370	0.00417	0.00637	0.00885	0.01175	0.04435	0.78398	0.06460	0.01396	0.00575	0.00182	0.00260	0.01263	0.00422	0.00370
6	0.87276	0.00876	0.00666	0.00596	0.00876	0.01017	0.00491	0.01332	0.00771	0.02033	0.00631	0.00736	0.00491	0.00421	0.00280	0.00140	0.00351	0.00245	0.00280	0.00491
7	0.00790	0.00683	0.00931	0.00848	0.00875	0.00869	0.00657	0.00880	0.00705	0.01026	0.01125	0.01860	0.03682	0.24282	0.23997	0.00409	0.35224	0.00511	0.00239	0.00406
8	0.00549	0.00451	0.00483	0.00493	0.00625	0.00385	0.00363	0.00669	0.01038	0.01277	0.12290	0.14461	0.63030	0.01159	0.00541	0.00156	0.00232	0.00985	0.00429	0.00385
9	0.01530	0.01153	0.01221	0.00983	0.01301	0.02817	0.00794	0.49598	0.25232	0.06035	0.01346	0.01335	0.00989	0.02921	0.00507	0.00150	0.00456	0.00446	0.00451	0.00736
10	0.01650	0.02143	0.04411	0.01207	0.03156	0.77350	0.00918	0.01786	0.01266	0.01130	0.00708	0.00829	0.00586	0.00464	0.00410	0.00118	0.00805	0.00296	0.00232	0.00535
11	0.04518	0.11818	0.28673	0.01074	0.01495	0.04130	0.09297	0.05520	0.07781	0.07273	0.05664	0.05344	0.02393	0.00543	0.00435	0.00139	0.00530	0.00453	0.02304	0.00617
12	0.01122	0.01077	0.01839	0.02781	0.81248	0.01077	0.01391	0.01391	0.01032	0.01480	0.00852	0.01122	0.00718	0.00404	0.00449	0.00135	0.00538	0.00404	0.00224	0.00718
13	0.00940	0.00805	0.00940	0.00671	0.01074	0.00604	0.00537	0.01141	0.00940	0.01477	0.00805	0.00940	0.00671	0.00336	0.00336	0.00067	0.00336	0.00268	0.00268	0.86845
14	0.01723	0.01269	0.01360	0.01043	0.01405	0.01405	0.00861	0.79738	0.02131	0.02856	0.01088	0.01088	0.00771	0.00544	0.00453	0.00136	0.00499	0.00408	0.00453	0.00771
15	0.01844	0.00864	0.01057	0.00834	0.01159	0.04091	0.00679	0.08605	0.06723	0.61283	0.06657	0.01600	0.01286	0.00582	0.00459	0.00140	0.00400	0.00472	0.00528	0.00736
16	0.00541	0.00459	0.00466	0.00465	0.00615	0.00385	0.00348	0.00660	0.01045	0.01253	0.08376	0.04313	0.77261	0.01137	0.00535	0.00152	0.00229	0.00950	0.00425	0.00385
17	0.00658	0.00441	0.00504	0.00504	0.00507	0.00445	0.00287	0.00665	0.00662	0.00886	0.01419	0.02917	0.01626	0.80765	0.05587	0.00451	0.00471	0.00652	0.00273	0.00280
18	0.01104	0.01059	0.01808	0.08043	0.76123	0.01072	0.01382	0.01375	0.01024	0.01459	0.00849	0.01127	0.00710	0.00407	0.00449	0.00136	0.00543	0.00404	0.00223	0.00704
19	0.00546	0.00456	0.00476	0.00478	0.00620	0.00386	0.00356	0.00668	0.01048	0.01276	0.11553	0.08129	0.70173	0.01140	0.00538	0.00154	0.00230	0.00960	0.00428	0.00386
20	0.01683	0.01149	0.01264	0.00988	0.01331	0.01248	0.00809	0.58897	0.10086	0.14174	0.01296	0.02846	0.00929	0.00571	0.00457	0.00139	0.00463	0.00443	0.00469	0.00757
21	0.28405	0.01364	0.01308	0.01375	0.18491	0.26768	0.07280	0.04653	0.02315	0.01599	0.00775	0.00929	0.00621	0.00438	0.00388	0.00132	0.00576	0.00331	0.01677	0.00574
22	0.00645	0.00473	0.00645	0.00679	0.00744	0.00457	0.03046	0.00778	0.03302	0.03262	0.06872	0.60668	0.07067	0.06270	0.00692	0.00193	0.02284	0.01114	0.00409	0.00398
23	0.01136	0.01116	0.01859	0.02694	0.75370	0.03529	0.04814	0.01406	0.01041	0.01468	0.00851	0.01117	0.00712	0.00405	0.00451	0.00135	0.00557	0.00406	0.00225	0.00707
24	0.03521	0.03278	0.03457	0.03475	0.41212	0.07154	0.01089	0.12244	0.02906	0.05191	0.00917	0.01080	0.00726	0.00432	0.00424	0.00125	0.00516	0.00373	0.00282	0.11598
25	0.27303	0.04600	0.05712	0.00921	0.04443	0.18625	0.00728	0.09825	0.03059	0.03925	0.02993	0.11696	0.03208	0.00611	0.00404	0.00139	0.00483	0.00464	0.00317	0.00545
26	0.03760	0.10862	0.16080	0.01148	0.04869	0.01159	0.06946	0.07082	0.06271	0.12472	0.01892	0.01123	0.00782	0.00535	0.00643	0.00145	0.17893	0.00388	0.00295	0.05655

[dist]
# distance from previous block
# <min> <max>
11	44

[block]
# block no. 4 follows, 57 sequences, length 22
# corresponding to MSA columns:
# 291-312
name=unknown_E
#
# <colnr> <probs for GDERKNQSTAVLIFYWHMCP>
#	G	D	E	R	K	N	Q	S	T	A	V	L	I	F	Y	W	H	M	C	P
0	0.01324	0.01048	0.01157	0.04083	0.01284	0.05761	0.03259	0.35983	0.05000	0.03806	0.03256	0.05049	0.02213	0.00570	0.00470	0.00129	0.03407	0.00450	0.08308	0.13445
1	0.01155	0.01057	0.01264	0.01102	0.02568	0.06235	0.00882	0.13999	0.11325	0.02746	0.04626	0.04402	0.00996	0.00730	0.01009	0.00172	0.44397	0.00462	0.00304	0.00571
2	0.00982	0.06315	0.00944	0.00792	0.00968	0.16327	0.00624	0.03743	0.11734	0.01489	0.22598	0.04802	0.13112	0.02216	0.00555	0.00152	0.03237	0.08526	0.00387	0.00496
3	0.03957	0.00777	0.01040	0.00808	0.01149	0.00687	0.00669	0.03983	0.01296	0.75297	0.01764	0.01627	0.01146	0.00579	0.00457	0.00142	0.00388	0.02932	0.00547	0.00753
4	0.01045	0.01181	0.02544	0.01834	0.02260	0.01121	0.73825	0.01406	0.01049	0.01428	0.00972	0.04655	0.00781	0.00438	0.00567	0.00156	0.03344	0.00562	0.00236	0.00597
5	0.00560	0.00455	0.00497	0.00497	0.00630	0.00391	0.00369	0.00693	0.01074	0.01348	0.21118	0.10669	0.57874	0.01122	0.00539	0.00153	0.00229	0.00954	0.00438	0.00391
6	0.87276	0.00876	0.00666	0.00596	0.00876	0.01017	0.00491	0.01332	0.00771	0.02033	0.00631	0.00736	0.00491	0.00421	0.00280	0.00140	0.00351	0.00245	0.00280	0.00491
7	0.00554	0.00458	0.00486	0.00484	0.00625	0.00390	0.00361	0.00684	0.01069	0.01322	0.17416	0.06939	0.65408	0.01120	0.00537	0.00152	0.00228	0.00945	0.00434	0.00390
8	0.01684	0.01112	0.01232	0.00958	0.01293	0.01196	0.00786	0.60141	0.01887	0.15616	0.01279	0.04636	0.00939	0.00582	0.00453	0.00137	0.00457	0.00453	0.04420	0.00738
9	0.00605	0.00457	0.00558	0.00543	0.00657	0.00410	0.00403	0.00780	0.01180	0.01599	0.53356	0.09737	0.26006	0.01027	0.00538	0.00149	0.00222	0.00894	0.00471	0.00410
10	0.00922	0.05958	0.78230	0.01269	0.01926	0.01085	0.01635	0.01432	0.00955	0.01419	0.00805	0.00947	0.00574	0.00429	0.00424	0.00141	0.00662	0.00331	0.00191	0.00666
11	0.02578	0.00932	0.01050	0.03646	0.01215	0.07590	0.04101	0.07738	0.01078	0.04110	0.01052	0.08485	0.00946	0.00503	0.00398	0.00102	0.00416	0.02704	0.00304	0.51053
12	0.00722	0.00733	0.10193	0.00781	0.02978	0.02927	0.00627	0.00896	0.02136	0.04601	0.05707	0.50552	0.10117	0.01146	0.00541	0.00170	0.00342	0.03993	0.00393	0.00445
13	0.03027	0.15427	0.12996	0.00894	0.01245	0.02986	0.00837	0.10591	0.05655	0.27071	0.03514	0.05278	0.01096	0.02168	0.02623	0.00158	0.01929	0.01469	0.00383	0.00653
14	0.01170	0.05117	0.06811	0.01175	0.01466	0.18791	0.19081	0.06830	0.07875	0.02980	0.09053	0.06150	0.04724	0.00611	0.00542	0.00144	0.06077	0.00523	0.00311	0.00568
15	0.00573	0.00443	0.00525	0.00556	0.00657	0.00395	0.00406	0.00702	0.01033	0.01333	0.19789	0.29455	0.36133	0.01193	0.00554	0.00164	0.00247	0.05018	0.00437	0.00389
16	0.01324	0.01026	0.06317	0.07137	0.06245	0.00946	0.20242	0.09691	0.04803	0.23071	0.05021	0.04005	0.01152	0.00573	0.00516	0.00150	0.02759	0.04000	0.00373	0.00650
17	0.01002	0.01186	0.08067	0.01578	0.01964	0.03261	0.54578	0.01377	0.04749	0.01400	0.01144	0.07946	0.01003	0.05755	0.00637	0.00173	0.00670	0.02678	0.00260	0.00573
18	0.02960	0.01060	0.02177	0.01602	0.01984	0.00998	0.59750	0.01385	0.02497	0.05745	0.01274	0.10673	0.03090	0.00549	0.00530	0.00156	0.00650	0.02053	0.00282	0.00582
19	0.02870	0.04766	0.04450	0.00866	0.01150	0.00987	0.02875	0.05177	0.43447	0.06532	0.05403	0.01700	0.05286	0.00614	0.00465	0.01655	0.00376	0.00493	0.03737	0.07151
20	0.03703	0.00906	0.01029	0.00774	0.01137	0.04119	0.03252	0.10264	0.02750	0.08593	0.01106	0.01179	0.03846	0.00432	0.00377	0.00095	0.00386	0.00346	0.03079	0.52628
21	0.05155	0.00767	0.02712	0.00735	0.00966	0.03798	0.00593	0.07442	0.04063	0.24081	0.25915	0.07127	0.06009	0.02454	0.00520	0.00149	0.00348	0.03197	0.00460	0.03508

[dist]
# distance from previous block
# <min> <max>
2	14

[block]
# block no. 5 follows, 57 sequences, length 24
# corresponding to MSA columns:
# 327-345,354-358
name=unknown_F
#
# <colnr> <probs for GDERKNQSTAVLIFYWHMCP>
#	G	D	E	R	K	N	Q	S	T	A	V	L	I	F	Y	W	H	M	C	P
0	0.03951	0.00706	0.00949	0.00825	0.01033	0.00700	0.07240	0.04465	0.14941	0.15031	0.17418	0.21439	0.03695	0.00848	0.00505	0.00155	0.00350	0.02766	0.00443	0.02540
1	0.01428	0.25620	0.04050	0.00963	0.01295	0.18032	0.00830	0.21549	0.08685	0.04312	0.00927	0.00982	0.00728	0.00483	0.00425	0.00121	0.03335	0.00336	0.00309	0.05590
2	0.01444	0.03733	0.05515	0.01119	0.04071	0.09945	0.05105	0.35445	0.20998	0.04139	0.03086	0.01263	0.00970	0.00539	0.00451	0.00139	0.00513	0.00430	0.00395	0.00702
3	0.00846	0.00678	0.00790	0.00713	0.00805	0.06887	0.04980	0.04949	0.00862	0.02980	0.04644	0.02350	0.01460	0.46896	0.17856	0.00421	0.00635	0.00578	0.00288	0.00383
4	0.00887	0.01893	0.00925	0.00850	0.03310	0.03454	0.05313	0.01341	0.20469	0.04675	0.27448	0.11098	0.06435	0.02674	0.03587	0.00180	0.00379	0.04135	0.00425	0.00523
5	0.01002	0.05968	0.46177	0.01393	0.01935	0.03450	0.22920	0.01509	0.07152	0.01443	0.00937	0.02415	0.00708	0.00446	0.00456	0.00144	0.00660	0.00413	0.00228	0.00644
6	0.00672	0.00446	0.00519	0.00524	0.00541	0.00452	0.00320	0.00706	0.00698	0.00959	0.01454	0.02886	0.01618	0.69189	0.08663	0.00434	0.00489	0.03899	0.05234	0.00300
7	0.08943	0.00892	0.01071	0.00875	0.01168	0.00933	0.05185	0.12046	0.25857	0.25278	0.03954	0.01511	0.01177	0.00561	0.00436	0.00141	0.00389	0.00461	0.08444	0.00678
8	0.01095	0.01276	0.05813	0.05944	0.02237	0.05032	0.61146	0.02632	0.07265	0.01474	0.00971	0.01225	0.00729	0.00412	0.00513	0.00150	0.00719	0.00504	0.00248	0.00615
9	0.01102	0.01057	0.01804	0.08594	0.75587	0.01072	0.01381	0.01374	0.01023	0.01457	0.00849	0.01128	0.00710	0.00407	0.00449	0.00136	0.00543	0.00404	0.00223	0.00702
10	0.00742	0.00544	0.00731	0.00813	0.00927	0.00550	0.00697	0.01016	0.06351	0.01402	0.05730	0.07425	0.04480	0.01199	0.00607	0.00200	0.00395	0.65332	0.00424	0.00435
11	0.00574	0.00411	0.00531	0.00611	0.00661	0.00382	0.00422	0.00677	0.00929	0.01247	0.09986	0.64386	0.09670	0.01317	0.00564	0.00176	0.00259	0.03738	0.03080	0.00378
12	0.01006	0.15165	0.37950	0.01278	0.01770	0.03863	0.19039	0.01426	0.04676	0.01372	0.00984	0.05853	0.00825	0.00498	0.00445	0.00141	0.00622	0.02236	0.00233	0.00616
13	0.01641	0.01804	0.01315	0.01133	0.01384	0.52133	0.00881	0.24125	0.01477	0.01609	0.00803	0.00910	0.00638	0.00517	0.00514	0.00129	0.07766	0.00334	0.00294	0.00593
14	0.00639	0.00431	0.00500	0.00520	0.00525	0.00426	0.00302	0.00654	0.00698	0.00931	0.01627	0.18052	0.01899	0.68644	0.01984	0.00392	0.00406	0.00776	0.00302	0.00292
15	0.00666	0.00476	0.00610	0.00629	0.00686	0.00495	0.00451	0.00798	0.02756	0.01151	0.07584	0.15393	0.04622	0.28505	0.19974	0.00387	0.01935	0.08950	0.03564	0.00369
16	0.01665	0.06879	0.01347	0.01145	0.01387	0.77636	0.00870	0.01783	0.01263	0.01107	0.00696	0.00812	0.00584	0.00462	0.00402	0.00116	0.00798	0.00289	0.00231	0.00529
17	0.00669	0.00497	0.00689	0.00678	0.00730	0.00569	0.00496	0.00776	0.00705	0.00999	0.01249	0.02112	0.01267	0.28653	0.52942	0.00610	0.05204	0.00535	0.00250	0.00368
18	0.01300	0.00684	0.00853	0.00725	0.00962	0.00645	0.00577	0.06463	0.08691	0.33927	0.19773	0.06676	0.12606	0.00792	0.00496	0.00148	0.00326	0.03250	0.00500	0.00605
19	0.01491	0.01024	0.01137	0.00932	0.01229	0.01110	0.00747	0.39558	0.22025	0.14422	0.01540	0.10153	0.01220	0.00658	0.00469	0.00146	0.00420	0.00536	0.00468	0.00714
20	0.01723	0.01269	0.01360	0.01043	0.01405	0.01405	0.00861	0.79738	0.02131	0.02856	0.01088	0.01088	0.00771	0.00544	0.00453	0.00136	0.00499	0.00408	0.00453	0.00771
21	0.00657	0.00446	0.00528	0.00528	0.00539	0.00457	0.00316	0.00680	0.00669	0.00903	0.01397	0.02797	0.01574	0.72595	0.13687	0.00480	0.00550	0.00634	0.00270	0.00293
22	0.13590	0.00905	0.01038	0.00833	0.01153	0.00920	0.00684	0.20186	0.09385	0.38911	0.01581	0.01543	0.03692	0.00584	0.00439	0.00143	0.00400	0.02831	0.00478	0.00703
23	0.05118	0.00515	0.00601	0.00579	0.00710	0.00493	0.00437	0.00926	0.06522	0.01649	0.47727	0.08284	0.21301	0.00966	0.00521	0.00149	0.00241	0.02364	0.00461	0.00436

[dist]
# distance from previous block
# <min> <max>
4	21

[block]
# block no. 6 follows, 57 sequences, length 29
# corresponding to MSA columns:
# 380-398,418-427
name=unknown_G
#
# <colnr> <probs for GDERKNQSTAVLIFYWHMCP>
#	G	D	E	R	K	N	Q	S	T	A	V	L	I	F	Y	W	H	M	C	P
0	0.11475	0.01494	0.06487	0.01166	0.04718	0.20237	0.00919	0.24442	0.14199	0.04907	0.01251	0.01436	0.00994	0.00631	0.00491	0.00165	0.00587	0.03277	0.00405	0.00721
1	0.01110	0.06521	0.57230	0.01367	0.03225	0.01145	0.08161	0.01523	0.02460	0.03674	0.05351	0.01332	0.00957	0.00565	0.00535	0.00170	0.03246	0.00431	0.00278	0.00718
2	0.01448	0.01221	0.01311	0.01126	0.01405	0.14364	0.08318	0.12377	0.23610	0.09940	0.03766	0.02975	0.01456	0.00749	0.00544	0.00176	0.00548	0.11755	0.00446	0.02463
3	0.00807	0.00566	0.00698	0.00701	0.00753	0.00574	0.00475	0.00847	0.00815	0.01145	0.01570	0.07934	0.01661	0.42102	0.32307	0.00536	0.00762	0.02251	0.03074	0.00418
4	0.00600	0.00458	0.00541	0.00525	0.00641	0.00410	0.00387	0.00759	0.01139	0.01517	0.45082	0.06021	0.33086	0.06062	0.00643	0.00166	0.00235	0.00875	0.00454	0.00400
5	0.00945	0.00810	0.00942	0.00678	0.01077	0.00618	0.00542	0.01175	0.03093	0.01488	0.00834	0.00960	0.00690	0.00343	0.00339	0.00069	0.00336	0.00275	0.00274	0.84511
6	0.00913	0.00548	0.00707	0.00701	0.00835	0.00523	0.00537	0.03292	0.04955	0.15165	0.13865	0.31876	0.06651	0.03119	0.00590	0.00177	0.00317	0.14295	0.00455	0.00481
7	0.01603	0.03795	0.03889	0.03499	0.05616	0.16298	0.00915	0.50787	0.02928	0.03314	0.00990	0.01041	0.00729	0.00509	0.00438	0.00131	0.00561	0.00379	0.00376	0.02204
8	0.01092	0.00729	0.00916	0.00899	0.07900	0.00737	0.00635	0.07722	0.17009	0.14459	0.34873	0.02322	0.03714	0.00718	0.00484	0.00142	0.00321	0.00618	0.04120	0.00591
9	0.00591	0.00437	0.00554	0.00591	0.00672	0.00400	0.00427	0.00731	0.01054	0.01414	0.30673	0.36918	0.17123	0.01188	0.00558	0.00165	0.00248	0.05413	0.00448	0.00394
10	0.00985	0.01194	0.13535	0.04306	0.03488	0.01001	0.38233	0.02504	0.04045	0.03260	0.01175	0.14020	0.01059	0.00596	0.00578	0.00157	0.06383	0.00595	0.00271	0.02614
11	0.05893	0.01403	0.03074	0.05055	0.19258	0.26462	0.07767	0.09730	0.08124	0.01533	0.00997	0.05733	0.00844	0.00521	0.00457	0.00137	0.01690	0.00430	0.00284	0.00609
12	0.00787	0.00394	0.00590	0.00590	0.00590	0.00394	0.00394	0.00590	0.00590	0.00787	0.00787	0.01377	0.00787	0.01574	0.01771	0.86816	0.00394	0.00394	0.00197	0.00197
13	0.00654	0.00480	0.00665	0.00666	0.00717	0.00540	0.00483	0.00761	0.00716	0.01009	0.01342	0.07414	0.01390	0.27072	0.51004	0.00592	0.03280	0.00586	0.00262	0.00366
14	0.01135	0.02954	0.29599	0.01360	0.10247	0.05528	0.08787	0.11928	0.17118	0.01713	0.04378	0.01254	0.00943	0.00497	0.00452	0.00142	0.00566	0.00423	0.00302	0.00673
15	0.01558	0.01903	0.01347	0.01213	0.03070	0.63475	0.05957	0.01865	0.12841	0.01254	0.00885	0.00977	0.00710	0.00482	0.00425	0.00125	0.00741	0.00342	0.00266	0.00563
16	0.00659	0.00445	0.00506	0.00512	0.00523	0.00442	0.00302	0.00675	0.00692	0.00916	0.01579	0.03129	0.04108	0.76879	0.02158	0.00418	0.00432	0.05053	0.00287	0.00286
17	0.01061	0.01503	0.24511	0.01677	0.04012	0.01106	0.49421	0.01486	0.02824	0.04388	0.00931	0.01162	0.00686	0.00418	0.00523	0.00150	0.02801	0.00469	0.00235	0.00635
18	0.00918	0.00901	0.01369	0.75192	0.05445	0.06266	0.01238	0.01207	0.00934	0.01165	0.00800	0.01180	0.00606	0.00452	0.00450	0.00148	0.00616	0.00396	0.00204	0.00511
19	0.00905	0.00855	0.01447	0.68261	0.17464	0.01020	0.01283	0.01201	0.00929	0.01217	0.00814	0.01192	0.00625	0.00444	0.00452	0.00148	0.00592	0.00403	0.00206	0.00543
20	0.00594	0.00434	0.00590	0.00676	0.00728	0.00410	0.01592	0.00701	0.00906	0.01195	0.02529	0.62461	0.06478	0.03273	0.00625	0.00193	0.00301	0.15522	0.00414	0.00379
21	0.01304	0.01119	0.08574	0.01294	0.01674	0.00984	0.30490	0.12490	0.05950	0.18733	0.02304	0.05308	0.01103	0.00574	0.00501	0.00152	0.00561	0.05866	0.00366	0.00652
22	0.01139	0.01178	0.04123	0.06848	0.03858	0.07052	0.44771	0.03914	0.01080	0.06842	0.01063	0.06701	0.00886	0.00525	0.00579	0.00154	0.06446	0.01982	0.00270	0.00590
23	0.01639	0.09784	0.01383	0.01125	0.01375	0.72125	0.00863	0.03082	0.02512	0.01147	0.00718	0.00827	0.00599	0.00463	0.00399	0.00116	0.00774	0.00293	0.00237	0.00538
24	0.00910	0.00772	0.00907	0.00664	0.01037	0.00586	0.00527	0.01109	0.00960	0.01490	0.06040	0.03274	0.00965	0.00402	0.00355	0.00075	0.00326	0.00331	0.00287	0.78982
25	0.04948	0.08843	0.01245	0.01015	0.01232	0.51009	0.02536	0.02451	0.02475	0.01172	0.00911	0.05940	0.00844	0.04552	0.08736	0.00198	0.00746	0.00391	0.00252	0.00504
26	0.00659	0.00441	0.00503	0.00503	0.00506	0.00444	0.00285	0.00664	0.00662	0.00885	0.01420	0.02922	0.01629	0.81115	0.05240	0.00450	0.00468	0.00653	0.00273	0.00279
27	0.00769	0.00395	0.00583	0.00589	0.00590	0.00394	0.00390	0.00595	0.00609	0.00812	0.00910	0.06103	0.00948	0.04978	0.01726	0.78345	0.00388	0.00455	0.00213	0.00210
28	0.01015	0.00963	0.01649	0.20940	0.52114	0.01004	0.04582	0.01291	0.01019	0.01419	0.05441	0.01439	0.00970	0.00479	0.00465	0.00143	0.00540	0.03650	0.00243	0.00635

[dist]
# distance from previous block
# <min> <max>
0	3

# created by:
# /home/cegg/simao/soft/augustus-3.2.1/scripts/msa2prfl.pl ./align_prep/EOG091G0LVQ.fa
