[name]
unknown

[dist]
# distance from previous block
# <min> <max>
0	29

[block]
# block no. 0 follows, 48 sequences, length 16
# corresponding to MSA columns:
# 37-52
name=unknown_A
#
# <colnr> <probs for GDERKNQSTAVLIFYWHMCP>
#	G	D	E	R	K	N	Q	S	T	A	V	L	I	F	Y	W	H	M	C	P
0	0.02214	0.00642	0.00810	0.00747	0.00869	0.00669	0.00573	0.01039	0.01196	0.06971	0.32457	0.09553	0.20547	0.05697	0.00884	0.00197	0.13087	0.00880	0.00470	0.00497
1	0.01118	0.01035	0.01722	0.02444	0.55450	0.01026	0.04151	0.01359	0.01091	0.01532	0.01348	0.07069	0.03959	0.13484	0.00858	0.00212	0.00568	0.00598	0.00286	0.00689
2	0.00848	0.00666	0.00720	0.00654	0.00853	0.00629	0.00505	0.12889	0.01433	0.01836	0.21722	0.04092	0.48993	0.01133	0.00591	0.00167	0.00304	0.00948	0.00503	0.00515
3	0.09588	0.00832	0.01036	0.00861	0.01186	0.00760	0.00705	0.04700	0.01302	0.37721	0.03562	0.07274	0.01560	0.00815	0.01846	0.00171	0.00436	0.11045	0.00507	0.14094
4	0.01257	0.00993	0.01358	0.01084	0.04367	0.02486	0.09745	0.03209	0.02269	0.11494	0.04319	0.03929	0.01130	0.00542	0.00512	0.00122	0.03688	0.02021	0.00362	0.45111
5	0.54743	0.05410	0.01092	0.04811	0.07040	0.01154	0.00741	0.01654	0.01004	0.14292	0.00949	0.01045	0.00704	0.00513	0.00416	0.00158	0.02950	0.00343	0.00351	0.00632
6	0.02039	0.01253	0.13634	0.01046	0.01503	0.00969	0.00973	0.15292	0.01571	0.53676	0.01712	0.01552	0.01103	0.00608	0.00511	0.00159	0.00510	0.00485	0.00548	0.00855
7	0.00794	0.00576	0.00670	0.00664	0.00808	0.00557	0.00509	0.01120	0.08920	0.01788	0.29219	0.08580	0.20934	0.01072	0.00572	0.00169	0.00289	0.08380	0.13880	0.00499
8	0.00736	0.00535	0.00700	0.00687	0.00810	0.00499	0.00534	0.00972	0.01396	0.01943	0.62997	0.04195	0.08049	0.01119	0.00622	0.00174	0.00279	0.12727	0.00546	0.00480
9	0.00936	0.00497	0.00550	0.00533	0.00650	0.00483	0.00393	0.01102	0.01036	0.01749	0.06610	0.01944	0.01455	0.00805	0.00637	0.13587	0.00279	0.00495	0.61797	0.04464
10	0.00943	0.03791	0.23680	0.06403	0.02680	0.02909	0.05931	0.01342	0.05818	0.01641	0.18754	0.14694	0.05081	0.00844	0.00588	0.00171	0.03025	0.00730	0.00370	0.00605
11	0.01267	0.22636	0.45554	0.01288	0.01904	0.01471	0.03440	0.13560	0.01287	0.01774	0.00921	0.01049	0.00691	0.00494	0.00454	0.00148	0.00677	0.00372	0.00266	0.00749
12	0.01713	0.01036	0.01148	0.00914	0.01233	0.01090	0.00744	0.39566	0.01823	0.17336	0.01519	0.01539	0.01084	0.00614	0.00466	0.00144	0.00440	0.00477	0.26360	0.00752
13	0.01116	0.01607	0.27447	0.01392	0.11367	0.04852	0.03544	0.02965	0.12356	0.01738	0.06549	0.01686	0.06653	0.00595	0.00497	0.00149	0.00566	0.00499	0.00330	0.14094
14	0.00688	0.00481	0.00601	0.00676	0.00755	0.00434	0.00467	0.00791	0.01046	0.04439	0.03359	0.60207	0.21177	0.01495	0.00638	0.00198	0.00294	0.01332	0.00483	0.00439
15	0.01041	0.01095	0.07088	0.40693	0.20140	0.01099	0.06370	0.01408	0.03468	0.01510	0.06581	0.01600	0.02732	0.00581	0.00557	0.01983	0.00630	0.00512	0.00274	0.00638

[dist]
# distance from previous block
# <min> <max>
0	3

[block]
# block no. 1 follows, 48 sequences, length 41
# corresponding to MSA columns:
# 56-96
name=unknown_B
#
# <colnr> <probs for GDERKNQSTAVLIFYWHMCP>
#	G	D	E	R	K	N	Q	S	T	A	V	L	I	F	Y	W	H	M	C	P
0	0.81869	0.01012	0.00789	0.00697	0.01019	0.01171	0.00574	0.04871	0.00942	0.02344	0.00737	0.00851	0.00570	0.00483	0.00326	0.00159	0.00404	0.00286	0.00326	0.00570
1	0.01343	0.63513	0.09925	0.00950	0.01394	0.01823	0.00962	0.07511	0.01152	0.01415	0.00893	0.05415	0.00828	0.00523	0.00378	0.00124	0.00556	0.00366	0.00257	0.00672
2	0.00669	0.00560	0.00681	0.00631	0.00804	0.00487	0.03824	0.00846	0.01256	0.01599	0.27046	0.04448	0.52937	0.01186	0.00606	0.00170	0.00281	0.01015	0.00493	0.00460
3	0.01266	0.01060	0.01131	0.01013	0.01290	0.01212	0.00789	0.08788	0.62504	0.02148	0.02085	0.05473	0.03231	0.00849	0.03231	0.00195	0.00442	0.00617	0.01904	0.00774
4	0.00623	0.00518	0.00531	0.00529	0.00685	0.00441	0.00388	0.00748	0.01148	0.01384	0.08205	0.04759	0.68950	0.07903	0.00771	0.00199	0.00279	0.01048	0.00467	0.00425
5	0.67121	0.01022	0.00852	0.00736	0.01054	0.01169	0.00604	0.12745	0.01117	0.02413	0.00860	0.00969	0.00657	0.00506	0.00350	0.00155	0.00411	0.00320	0.06343	0.00597
6	0.09415	0.01120	0.01282	0.00975	0.01388	0.01101	0.02600	0.29240	0.03616	0.16385	0.01246	0.01258	0.00896	0.00531	0.00457	0.00132	0.00472	0.00412	0.00446	0.27028
7	0.23149	0.01111	0.01364	0.34353	0.10653	0.07663	0.01125	0.03502	0.01064	0.01659	0.00912	0.01316	0.00747	0.00560	0.00546	0.00168	0.06215	0.03022	0.00273	0.00599
8	0.01235	0.00996	0.01045	0.00944	0.01205	0.01138	0.00733	0.04411	0.61711	0.02132	0.01989	0.01896	0.01502	0.00676	0.00492	0.00163	0.00380	0.00558	0.16042	0.00752
9	0.00708	0.00520	0.00663	0.00636	0.00757	0.00475	0.00474	0.00929	0.01395	0.01943	0.66320	0.08317	0.12736	0.01107	0.00608	0.00165	0.00247	0.00974	0.00550	0.00475
10	0.00652	0.00522	0.00583	0.00568	0.00721	0.00453	0.00426	0.00825	0.01278	0.01643	0.33257	0.04515	0.50339	0.01204	0.00606	0.00169	0.00253	0.01024	0.00510	0.00453
11	0.01123	0.01123	0.01572	0.01347	0.01347	0.01572	0.01123	0.01235	0.00786	0.01235	0.00674	0.01123	0.00674	0.00898	0.01684	0.00225	0.81028	0.00449	0.00225	0.00561
12	0.01064	0.00912	0.01064	0.00760	0.01216	0.00684	0.00608	0.01292	0.01064	0.01672	0.00912	0.01064	0.00760	0.00380	0.00380	0.00076	0.00380	0.00304	0.00304	0.85104
13	0.01300	0.01129	0.01685	0.20353	0.36655	0.01223	0.01296	0.14747	0.07573	0.01917	0.01136	0.01380	0.00887	0.00526	0.00502	0.00157	0.00579	0.00469	0.05742	0.00746
14	0.02149	0.00890	0.01177	0.00915	0.01291	0.00800	0.00751	0.06788	0.03649	0.67422	0.07036	0.01859	0.01491	0.00663	0.00522	0.00159	0.00430	0.00542	0.00620	0.00846
15	0.04148	0.01035	0.01403	0.28162	0.04048	0.02248	0.06005	0.10969	0.21361	0.01868	0.05591	0.01701	0.01241	0.03472	0.03004	0.00198	0.00583	0.00530	0.01766	0.00666
16	0.00618	0.00520	0.00535	0.00532	0.00700	0.00438	0.00399	0.00758	0.01196	0.01449	0.12059	0.04835	0.71659	0.01276	0.00606	0.00172	0.00258	0.01068	0.00485	0.00438
17	0.00676	0.00568	0.00637	0.00635	0.00780	0.00538	0.00483	0.00852	0.03459	0.01417	0.07423	0.11773	0.55278	0.01408	0.04600	0.00213	0.04785	0.03563	0.00458	0.00455
18	0.02302	0.00873	0.01191	0.00913	0.01310	0.00754	0.00754	0.02501	0.01469	0.79122	0.02024	0.01746	0.01270	0.00635	0.00516	0.00159	0.00437	0.00516	0.00635	0.00873
19	0.01078	0.10007	0.66797	0.01524	0.07429	0.01272	0.01778	0.01613	0.01085	0.01589	0.00904	0.01072	0.00662	0.00481	0.00474	0.00157	0.00728	0.00375	0.00220	0.00753
20	0.11892	0.05288	0.01274	0.00965	0.03316	0.00954	0.00778	0.08874	0.01452	0.57323	0.01704	0.01533	0.01107	0.00600	0.00482	0.00156	0.00454	0.00469	0.00555	0.00823
21	0.85592	0.00992	0.00754	0.00675	0.00992	0.01151	0.00556	0.01508	0.00873	0.02302	0.00714	0.00834	0.00556	0.00476	0.00318	0.00159	0.00397	0.00278	0.00318	0.00556
22	0.01064	0.00912	0.01064	0.00760	0.01216	0.00684	0.00608	0.01292	0.01064	0.01672	0.00912	0.01064	0.00760	0.00380	0.00380	0.00076	0.00380	0.00304	0.00304	0.85104
23	0.00613	0.00520	0.00529	0.00527	0.00697	0.00436	0.00395	0.00749	0.01185	0.01423	0.09241	0.04877	0.74492	0.01286	0.00606	0.00173	0.00259	0.01074	0.00481	0.00436
24	0.00781	0.00578	0.00664	0.00622	0.00789	0.00527	0.00475	0.02288	0.01285	0.05987	0.27941	0.04214	0.46904	0.01157	0.00636	0.00170	0.03020	0.00969	0.00505	0.00486
25	0.00614	0.00513	0.00536	0.00552	0.00708	0.00435	0.00410	0.00742	0.01149	0.01381	0.04871	0.13513	0.68279	0.01337	0.00614	0.00179	0.00269	0.02986	0.00476	0.00432
26	0.79976	0.00995	0.00790	0.00696	0.01019	0.01140	0.00573	0.02938	0.00931	0.06089	0.00788	0.00886	0.00597	0.00487	0.00331	0.00159	0.00402	0.00293	0.00337	0.00577
27	0.01068	0.10122	0.69402	0.01432	0.02152	0.01274	0.04432	0.01617	0.01084	0.01586	0.00905	0.01069	0.00655	0.00481	0.00477	0.00158	0.00742	0.00377	0.00218	0.00747
28	0.32195	0.01538	0.01126	0.03413	0.01338	0.30681	0.00788	0.10909	0.01286	0.01893	0.00901	0.01091	0.00732	0.02724	0.04368	0.00188	0.00669	0.00357	0.03205	0.00596
29	0.01640	0.01880	0.01173	0.01079	0.01302	0.57059	0.00809	0.01803	0.01345	0.01445	0.01046	0.01209	0.00849	0.00549	0.00433	0.00129	0.00728	0.00373	0.24587	0.00561
30	0.00643	0.00523	0.00609	0.00646	0.00750	0.00489	0.00466	0.00755	0.01071	0.01346	0.03963	0.36604	0.43022	0.01405	0.00686	0.00191	0.04731	0.01204	0.00463	0.00433
31	0.00638	0.00519	0.00555	0.00547	0.00700	0.00447	0.00404	0.00783	0.01203	0.01499	0.19702	0.04628	0.59467	0.05775	0.00719	0.00189	0.00270	0.01033	0.00485	0.00437
32	0.01018	0.02540	0.74980	0.01434	0.02157	0.01158	0.01837	0.01594	0.01089	0.01620	0.01020	0.01343	0.00777	0.00539	0.00500	0.00167	0.00743	0.04513	0.00231	0.00743
33	0.01037	0.04577	0.77459	0.01448	0.02199	0.01212	0.01871	0.01623	0.01082	0.01615	0.00916	0.01077	0.00650	0.00486	0.00484	0.00161	0.00753	0.00377	0.00217	0.00756
34	0.01059	0.01089	0.02197	0.03150	0.08303	0.01063	0.44474	0.01400	0.01110	0.01522	0.01282	0.03872	0.01130	0.01310	0.18419	0.00323	0.00910	0.06479	0.00284	0.00623
35	0.01937	0.00860	0.01108	0.00883	0.01223	0.00796	0.00717	0.06233	0.07928	0.55246	0.10922	0.01987	0.01695	0.00686	0.00518	0.00158	0.00407	0.00565	0.05334	0.00800
36	0.00993	0.00957	0.05659	0.05462	0.10270	0.00932	0.03784	0.02887	0.21572	0.01707	0.09003	0.16936	0.08166	0.02181	0.03333	0.00205	0.03004	0.01905	0.00418	0.00627
37	0.00612	0.00517	0.00529	0.00531	0.00698	0.00435	0.00396	0.00744	0.01174	0.01409	0.07866	0.07486	0.73257	0.01300	0.00608	0.00174	0.00261	0.01090	0.00480	0.00435
38	0.00911	0.00674	0.00821	0.07728	0.01109	0.00683	0.00619	0.01146	0.05814	0.09507	0.04991	0.09774	0.43509	0.01098	0.00681	0.00178	0.07609	0.00899	0.01724	0.00526
39	0.01593	0.01913	0.01405	0.01266	0.01444	0.52104	0.00976	0.01721	0.01220	0.01238	0.00835	0.01129	0.00748	0.03015	0.07616	0.00223	0.20339	0.00389	0.00257	0.00568
40	0.06901	0.00966	0.01473	0.49417	0.11881	0.01108	0.01241	0.06176	0.01152	0.08039	0.01077	0.03380	0.00839	0.01813	0.00533	0.00170	0.00608	0.00476	0.00298	0.02452

[dist]
# distance from previous block
# <min> <max>
1	18

[block]
# block no. 2 follows, 48 sequences, length 19
# corresponding to MSA columns:
# 125-141,162,163
name=unknown_C
#
# <colnr> <probs for GDERKNQSTAVLIFYWHMCP>
#	G	D	E	R	K	N	Q	S	T	A	V	L	I	F	Y	W	H	M	C	P
0	0.08081	0.01047	0.04240	0.02780	0.01332	0.04843	0.06018	0.05303	0.07593	0.04623	0.14197	0.01795	0.04221	0.00604	0.00470	0.00132	0.00447	0.00506	0.02992	0.28776
1	0.01170	0.01176	0.04762	0.05563	0.29358	0.03262	0.09529	0.04217	0.05903	0.01715	0.06063	0.01659	0.05977	0.00574	0.00554	0.00149	0.03565	0.00519	0.00318	0.13967
2	0.00952	0.00825	0.03155	0.00771	0.01063	0.00708	0.00621	0.02690	0.12358	0.01908	0.32446	0.02486	0.06197	0.00745	0.00507	0.00133	0.00337	0.00636	0.00450	0.31011
3	0.00778	0.00609	0.00950	0.00969	0.01089	0.00587	0.08424	0.00971	0.01098	0.01448	0.02594	0.38313	0.02923	0.01400	0.00675	0.00218	0.00436	0.35595	0.00452	0.00471
4	0.00869	0.00825	0.04209	0.00748	0.00949	0.03685	0.00603	0.04699	0.10269	0.01667	0.17567	0.03631	0.38542	0.04884	0.00726	0.00186	0.04090	0.00861	0.00461	0.00528
5	0.00620	0.00520	0.00539	0.00534	0.00701	0.00439	0.00400	0.00763	0.01201	0.01462	0.13474	0.04813	0.70235	0.01271	0.00606	0.00172	0.00258	0.01065	0.00486	0.00439
6	0.85592	0.00992	0.00754	0.00675	0.00992	0.01151	0.00556	0.01508	0.00873	0.02302	0.00714	0.00834	0.00556	0.00476	0.00318	0.00159	0.00397	0.00278	0.00318	0.00556
7	0.01691	0.03400	0.01281	0.01072	0.01377	0.30331	0.00836	0.08320	0.17646	0.14867	0.04079	0.01518	0.02628	0.00615	0.00485	0.00145	0.00604	0.00464	0.03839	0.04801
8	0.03755	0.05768	0.01438	0.01213	0.01431	0.48748	0.03258	0.01715	0.01230	0.01300	0.00890	0.01167	0.00781	0.03190	0.08360	0.00222	0.11280	0.00388	0.03294	0.00570
9	0.01917	0.02445	0.01454	0.01322	0.01586	0.79907	0.00991	0.02049	0.01454	0.01256	0.00793	0.00925	0.00661	0.00529	0.00463	0.00132	0.00925	0.00330	0.00264	0.00595
10	0.00748	0.00553	0.00703	0.00669	0.00796	0.00524	0.00500	0.01047	0.05862	0.01994	0.66917	0.08785	0.06806	0.01072	0.00604	0.00166	0.00256	0.00947	0.00554	0.00497
11	0.00745	0.00500	0.00570	0.00567	0.00577	0.00496	0.00325	0.00764	0.00804	0.01082	0.07925	0.03397	0.02110	0.75327	0.02447	0.00470	0.00476	0.00761	0.00332	0.00325
12	0.01029	0.02654	0.79309	0.01462	0.02221	0.01192	0.01896	0.01625	0.01083	0.01625	0.00921	0.01083	0.00650	0.00487	0.00487	0.00162	0.00758	0.00379	0.00217	0.00758
13	0.00762	0.00563	0.00709	0.00666	0.00795	0.00538	0.00497	0.01074	0.06662	0.02003	0.68247	0.03708	0.06275	0.04429	0.00684	0.00177	0.00264	0.00900	0.00549	0.00498
14	0.57866	0.19473	0.01225	0.00745	0.01083	0.01322	0.00644	0.03841	0.00981	0.04268	0.00857	0.04263	0.00729	0.00524	0.00346	0.00150	0.00434	0.00339	0.00317	0.00592
15	0.01344	0.00778	0.00833	0.00710	0.00933	0.00811	0.00563	0.22439	0.01481	0.08617	0.01579	0.01710	0.01188	0.00606	0.00415	0.00132	0.00346	0.00477	0.54419	0.00621
16	0.01014	0.00938	0.03921	0.10290	0.07046	0.04907	0.02964	0.01446	0.13747	0.03816	0.11283	0.06278	0.10440	0.02358	0.12252	0.00270	0.02689	0.01880	0.01868	0.00591
17	0.01085	0.00738	0.00822	0.00725	0.00909	0.00758	0.00555	0.20310	0.01497	0.02146	0.23450	0.06396	0.08118	0.07450	0.00683	0.00179	0.00348	0.00714	0.22557	0.00560
18	0.01089	0.08909	0.57318	0.03177	0.03587	0.01284	0.12526	0.01604	0.01092	0.01579	0.00915	0.01115	0.00673	0.00485	0.00520	0.00161	0.02602	0.00408	0.00224	0.00733

[dist]
# distance from previous block
# <min> <max>
0	2

[block]
# block no. 3 follows, 48 sequences, length 60
# corresponding to MSA columns:
# 166-178,198-233,236-246
name=unknown_D
#
# <colnr> <probs for GDERKNQSTAVLIFYWHMCP>
#	G	D	E	R	K	N	Q	S	T	A	V	L	I	F	Y	W	H	M	C	P
0	0.04988	0.00971	0.01212	0.00939	0.01315	0.00923	0.00768	0.17435	0.01599	0.56879	0.01797	0.01700	0.01198	0.05089	0.00624	0.00176	0.00464	0.00510	0.00582	0.00831
1	0.05644	0.00840	0.03227	0.01100	0.09135	0.04053	0.02451	0.03581	0.02982	0.05130	0.06137	0.23914	0.03457	0.02915	0.02115	0.00202	0.00458	0.14920	0.04991	0.02746
2	0.01370	0.01235	0.01852	0.08684	0.45123	0.04752	0.03872	0.10973	0.01297	0.05029	0.01026	0.01298	0.00828	0.00649	0.03513	0.00184	0.06796	0.00462	0.00299	0.00757
3	0.00658	0.00526	0.00593	0.00600	0.00750	0.00461	0.00460	0.00824	0.01231	0.01556	0.22055	0.07383	0.50943	0.01263	0.00618	0.00178	0.00279	0.08678	0.00497	0.00449
4	0.85592	0.00992	0.00754	0.00675	0.00992	0.01151	0.00556	0.01508	0.00873	0.02302	0.00714	0.00834	0.00556	0.00476	0.00318	0.00159	0.00397	0.00278	0.00318	0.00556
5	0.01415	0.51523	0.14087	0.01062	0.01507	0.11758	0.01064	0.06326	0.01176	0.01405	0.00786	0.00914	0.00672	0.00488	0.00439	0.00128	0.04016	0.00317	0.00243	0.00675
6	0.01579	0.01881	0.06391	0.05762	0.08653	0.41202	0.02910	0.08393	0.01354	0.01516	0.00903	0.01121	0.00741	0.00705	0.03973	0.00180	0.09233	0.00395	0.02470	0.00638
7	0.01917	0.02445	0.01454	0.01322	0.01586	0.79907	0.00991	0.02049	0.01454	0.01256	0.00793	0.00925	0.00661	0.00529	0.00463	0.00132	0.00925	0.00330	0.00264	0.00595
8	0.00785	0.00633	0.00716	0.00678	0.00831	0.02571	0.00510	0.01125	0.09631	0.01871	0.49212	0.05847	0.21513	0.01071	0.00594	0.00166	0.00283	0.00925	0.00530	0.00509
9	0.00690	0.00500	0.00576	0.00605	0.00661	0.00475	0.00389	0.00779	0.02328	0.01226	0.05356	0.25162	0.19647	0.37572	0.01518	0.00328	0.00379	0.01020	0.00406	0.00382
10	0.01029	0.02654	0.79309	0.01462	0.02221	0.01192	0.01896	0.01625	0.01083	0.01625	0.00921	0.01083	0.00650	0.00487	0.00487	0.00162	0.00758	0.00379	0.00217	0.00758
11	0.01673	0.01054	0.01178	0.00929	0.01269	0.01089	0.00755	0.37012	0.03975	0.16178	0.03300	0.01535	0.01142	0.00607	0.00471	0.00141	0.00444	0.00476	0.18587	0.08184
12	0.01220	0.01164	0.01979	0.08845	0.69861	0.01179	0.01517	0.01519	0.01150	0.01634	0.01040	0.04659	0.00912	0.00510	0.00515	0.00156	0.00602	0.00499	0.00261	0.00778
13	0.01871	0.00943	0.01120	0.00886	0.01219	0.00933	0.00723	0.24096	0.01651	0.38028	0.01706	0.01636	0.01164	0.00620	0.00477	0.00148	0.00426	0.00491	0.21085	0.00777
14	0.00885	0.03725	0.03120	0.11546	0.01301	0.01779	0.02164	0.02545	0.04031	0.01333	0.07575	0.02355	0.04126	0.22641	0.23652	0.00440	0.05365	0.00613	0.00315	0.00486
15	0.00717	0.00520	0.00675	0.00645	0.00763	0.00479	0.00481	0.00947	0.01417	0.01994	0.71896	0.08114	0.07248	0.01088	0.00608	0.00164	0.00246	0.00962	0.00557	0.00479
16	0.74037	0.01038	0.00853	0.00737	0.01067	0.01188	0.00607	0.09821	0.01059	0.04602	0.00809	0.00903	0.00611	0.00496	0.00345	0.00158	0.00416	0.00305	0.00348	0.00600
17	0.01199	0.06150	0.01468	0.38341	0.05636	0.08519	0.01103	0.03105	0.01151	0.05669	0.03101	0.01434	0.00912	0.00529	0.00478	0.00144	0.00600	0.02507	0.00292	0.17663
18	0.05947	0.20771	0.12951	0.02699	0.08692	0.26704	0.03941	0.01714	0.02759	0.02643	0.00966	0.04426	0.00829	0.00540	0.00445	0.00141	0.00690	0.00404	0.02086	0.00653
19	0.00817	0.00626	0.00760	0.00709	0.00863	0.00621	0.00537	0.01265	0.14906	0.02036	0.60953	0.03556	0.08357	0.01001	0.00591	0.00164	0.00272	0.00875	0.00552	0.00539
20	0.01038	0.01457	0.26645	0.02849	0.08324	0.01004	0.01134	0.06642	0.15304	0.01791	0.07396	0.02376	0.17764	0.02505	0.00579	0.00174	0.00516	0.01444	0.00380	0.00676
21	0.00659	0.00490	0.00616	0.00662	0.00751	0.00447	0.00473	0.00808	0.01171	0.01562	0.26440	0.39718	0.19082	0.01368	0.00632	0.00188	0.00279	0.03711	0.00503	0.00443
22	0.15123	0.01198	0.01242	0.01080	0.03205	0.01359	0.00843	0.27121	0.38598	0.02521	0.01556	0.01498	0.01155	0.00628	0.00486	0.00164	0.00462	0.00489	0.00480	0.00791
23	0.01881	0.06978	0.01571	0.01234	0.01567	0.39711	0.00980	0.34345	0.01828	0.02105	0.00975	0.01055	0.00752	0.00568	0.00500	0.00142	0.02334	0.00386	0.00368	0.00718
24	0.74638	0.01028	0.00809	0.00723	0.01028	0.03761	0.00590	0.04067	0.00942	0.02230	0.00776	0.00924	0.00615	0.00694	0.05309	0.00199	0.00481	0.00303	0.00320	0.00562
25	0.00982	0.00503	0.00505	0.00496	0.00623	0.00506	0.00374	0.03117	0.01110	0.01946	0.01663	0.01896	0.01304	0.00598	0.00363	0.00120	0.00247	0.00478	0.82681	0.00488
26	0.00726	0.00580	0.00657	0.00628	0.00790	0.00540	0.00474	0.01039	0.09012	0.01757	0.37065	0.04148	0.38444	0.01129	0.00597	0.00168	0.00267	0.00964	0.00520	0.00494
27	0.00646	0.00531	0.00570	0.00559	0.00722	0.00460	0.00419	0.00826	0.02625	0.01556	0.22165	0.04627	0.60042	0.01230	0.00605	0.00171	0.00258	0.01038	0.00498	0.00452
28	0.85592	0.00992	0.00754	0.00675	0.00992	0.01151	0.00556	0.01508	0.00873	0.02302	0.00714	0.00834	0.00556	0.00476	0.00318	0.00159	0.00397	0.00278	0.00318	0.00556
29	0.02119	0.00958	0.01222	0.00947	0.01339	0.00888	0.00777	0.10881	0.07832	0.60523	0.01887	0.01670	0.01225	0.00626	0.00510	0.00156	0.00446	0.00505	0.00596	0.04895
30	0.27272	0.00954	0.05833	0.07159	0.03233	0.00932	0.00764	0.04438	0.01095	0.13901	0.01311	0.01724	0.01068	0.07120	0.00645	0.00187	0.03137	0.04644	0.13984	0.00601
31	0.00926	0.00484	0.00499	0.00495	0.00616	0.00478	0.00372	0.01162	0.01115	0.01914	0.09187	0.02174	0.03573	0.00659	0.00389	0.00125	0.00240	0.00537	0.74579	0.00478
32	0.01423	0.01521	0.08042	0.08994	0.15619	0.13197	0.10362	0.17310	0.04398	0.01882	0.03541	0.01312	0.00920	0.00578	0.00632	0.00163	0.08599	0.00470	0.00322	0.00715
33	0.00668	0.00492	0.00627	0.00669	0.00757	0.00451	0.00480	0.00827	0.01195	0.01613	0.31870	0.38143	0.14832	0.01344	0.00631	0.00187	0.00278	0.03978	0.00510	0.00447
34	0.01421	0.02229	0.01382	0.01214	0.04030	0.16833	0.05621	0.14180	0.29431	0.02015	0.08656	0.05721	0.01564	0.00706	0.00555	0.00163	0.02552	0.00579	0.00435	0.00713
35	0.11912	0.04935	0.11462	0.01069	0.03361	0.01227	0.00935	0.18548	0.22160	0.06975	0.06305	0.01549	0.01272	0.00615	0.00477	0.00157	0.00482	0.00482	0.03611	0.02467
36	0.01276	0.01545	0.19989	0.01412	0.09377	0.10149	0.09832	0.05342	0.01203	0.06910	0.02604	0.01474	0.00978	0.07066	0.02825	0.00194	0.03370	0.00465	0.04964	0.09023
37	0.01091	0.04062	0.54738	0.01659	0.02339	0.01242	0.24341	0.01629	0.01121	0.01621	0.00951	0.01168	0.00689	0.00470	0.00519	0.00164	0.00786	0.00445	0.00230	0.00736
38	0.00957	0.00786	0.00996	0.08503	0.05744	0.00842	0.00741	0.01550	0.23607	0.02769	0.35328	0.02907	0.09665	0.00875	0.00589	0.00168	0.02121	0.00753	0.00488	0.00608
39	0.00629	0.00474	0.00582	0.00653	0.00732	0.00427	0.00452	0.00743	0.01077	0.01398	0.10166	0.52806	0.25063	0.01470	0.00637	0.00194	0.00282	0.01304	0.00484	0.00427
40	0.01230	0.00949	0.01206	0.03957	0.09087	0.00780	0.00758	0.02954	0.01143	0.09931	0.01042	0.01172	0.00819	0.00424	0.00415	0.00097	0.00424	0.00351	0.00336	0.62926
41	0.01154	0.18210	0.59401	0.01330	0.02004	0.01381	0.01638	0.06326	0.01158	0.01644	0.00900	0.01042	0.00666	0.00486	0.00458	0.00152	0.00705	0.00364	0.00236	0.00746
42	0.07060	0.02165	0.01479	0.01462	0.09273	0.62719	0.01027	0.03605	0.01388	0.01407	0.00811	0.00968	0.00675	0.00533	0.00500	0.00139	0.03554	0.00347	0.00271	0.00619
43	0.01210	0.01039	0.01100	0.01000	0.01271	0.01189	0.00774	0.02523	0.69813	0.02081	0.04229	0.05015	0.04958	0.00764	0.00533	0.00175	0.00392	0.00643	0.00520	0.00773
44	0.00706	0.00542	0.00649	0.00619	0.00762	0.00494	0.00465	0.00952	0.03856	0.01847	0.52727	0.04121	0.28142	0.01117	0.00603	0.00166	0.00253	0.00966	0.00535	0.00479
45	0.00641	0.00521	0.00568	0.00556	0.00714	0.00448	0.00417	0.00803	0.01251	0.01580	0.26385	0.04619	0.57251	0.01227	0.00606	0.00170	0.00255	0.01038	0.00502	0.00448
46	0.00862	0.00632	0.00855	0.00820	0.00919	0.00724	0.00623	0.05731	0.03737	0.01338	0.01381	0.02075	0.01300	0.13319	0.52124	0.05294	0.04055	0.00559	0.03184	0.00470
47	0.83229	0.01039	0.02949	0.00697	0.01027	0.01152	0.00593	0.01512	0.00879	0.02283	0.00720	0.00841	0.00558	0.00477	0.00322	0.00159	0.00407	0.00281	0.00315	0.00561
48	0.01650	0.10926	0.09346	0.08648	0.04782	0.04233	0.02556	0.21461	0.09313	0.19026	0.02221	0.01387	0.00998	0.00577	0.00491	0.00154	0.00567	0.00458	0.00426	0.00781
49	0.06018	0.20748	0.15324	0.01502	0.10042	0.15485	0.12481	0.06967	0.01242	0.01606	0.00897	0.01086	0.00722	0.00590	0.03052	0.00166	0.00725	0.00394	0.00265	0.00689
50	0.10513	0.00601	0.00621	0.00590	0.00731	0.00654	0.00458	0.03138	0.01053	0.01902	0.01478	0.01738	0.01181	0.00831	0.06065	0.00181	0.04779	0.00459	0.62526	0.00500
51	0.01096	0.06113	0.07117	0.09040	0.05309	0.03937	0.17744	0.03788	0.01132	0.03346	0.02883	0.16609	0.03415	0.00829	0.00707	0.00181	0.10649	0.05174	0.00328	0.00604
52	0.01054	0.01058	0.01749	0.57013	0.03107	0.05453	0.14722	0.01393	0.01093	0.01382	0.01051	0.01649	0.00855	0.00561	0.00540	0.00174	0.00715	0.05592	0.00252	0.00586
53	0.01036	0.00905	0.01513	0.66945	0.08949	0.01088	0.01350	0.01334	0.01031	0.04166	0.00956	0.01386	0.00728	0.00593	0.00606	0.05480	0.00654	0.00458	0.00245	0.00578
54	0.00928	0.01494	0.30327	0.01061	0.01456	0.05764	0.04766	0.01299	0.02688	0.01661	0.21824	0.05293	0.14766	0.02442	0.00594	0.00172	0.00526	0.01968	0.00376	0.00596
55	0.05091	0.01178	0.01961	0.01586	0.06688	0.03791	0.30710	0.07734	0.01346	0.21579	0.01436	0.01855	0.01117	0.00620	0.00599	0.00173	0.03333	0.08082	0.00398	0.00725
56	0.05949	0.01094	0.01153	0.02594	0.01299	0.12440	0.05500	0.07591	0.13650	0.09054	0.05297	0.15756	0.09022	0.00897	0.00576	0.00174	0.02306	0.04585	0.00441	0.00624
57	0.01163	0.38519	0.37108	0.01114	0.01667	0.01504	0.01296	0.01530	0.01088	0.01472	0.05704	0.01165	0.00938	0.00504	0.00419	0.00137	0.00614	0.00369	0.03001	0.00687
58	0.01255	0.01209	0.01735	0.29682	0.37436	0.09396	0.01390	0.01588	0.03717	0.04046	0.01047	0.01423	0.00848	0.00523	0.00511	0.00160	0.00652	0.02410	0.00273	0.00699
59	0.01013	0.00905	0.01253	0.00934	0.01322	0.00747	0.10798	0.01245	0.01071	0.01598	0.02992	0.04278	0.05864	0.04022	0.02326	0.00139	0.02193	0.00473	0.00318	0.56507

[dist]
# distance from previous block
# <min> <max>
0	1

[block]
# block no. 4 follows, 48 sequences, length 24
# corresponding to MSA columns:
# 248-271
name=unknown_E
#
# <colnr> <probs for GDERKNQSTAVLIFYWHMCP>
#	G	D	E	R	K	N	Q	S	T	A	V	L	I	F	Y	W	H	M	C	P
0	0.06149	0.00906	0.01311	0.04649	0.04171	0.00909	0.10983	0.08628	0.03230	0.03502	0.03046	0.03625	0.01147	0.04334	0.23687	0.00351	0.00776	0.00514	0.00330	0.17752
1	0.01146	0.00989	0.05408	0.00949	0.04408	0.00852	0.00753	0.11497	0.08673	0.05018	0.17848	0.03697	0.06285	0.00731	0.01637	0.00144	0.00416	0.00575	0.00427	0.28547
2	0.01127	0.01204	0.02142	0.01595	0.01992	0.05444	0.45536	0.04776	0.01247	0.01620	0.01962	0.04800	0.17344	0.00676	0.00606	0.00168	0.02240	0.00697	0.00326	0.04499
3	0.03666	0.04296	0.01061	0.00907	0.01126	0.04504	0.00716	0.03560	0.31094	0.03431	0.19765	0.05031	0.08403	0.00876	0.00610	0.00173	0.04871	0.04790	0.00480	0.00641
4	0.05351	0.04055	0.00966	0.00825	0.01006	0.00707	0.04801	0.07063	0.01233	0.03417	0.19672	0.36548	0.04225	0.01114	0.00575	0.00174	0.00361	0.00991	0.00460	0.06457
5	0.01110	0.01207	0.02561	0.01879	0.02308	0.01159	0.60742	0.01489	0.01129	0.01548	0.01109	0.01518	0.00885	0.01156	0.17416	0.00311	0.00973	0.00594	0.00263	0.00642
6	0.00710	0.00480	0.00578	0.00649	0.00733	0.00449	0.00467	0.00852	0.01055	0.01472	0.03013	0.43625	0.16848	0.01319	0.00588	0.00186	0.00294	0.07896	0.18348	0.00438
7	0.04711	0.47926	0.15277	0.00885	0.01306	0.01521	0.00929	0.01478	0.01050	0.01474	0.00953	0.01099	0.00792	0.00482	0.00362	0.00123	0.00513	0.00336	0.18150	0.00633
8	0.00754	0.00554	0.00631	0.00623	0.00693	0.00560	0.00409	0.00912	0.06487	0.01189	0.02377	0.03405	0.18016	0.48307	0.12546	0.00450	0.00560	0.00779	0.00357	0.00394
9	0.00718	0.00545	0.00695	0.00724	0.00844	0.00473	0.00504	0.00837	0.01000	0.01387	0.02422	0.64559	0.02836	0.01347	0.00597	0.00180	0.00315	0.01214	0.00440	0.18363
10	0.01275	0.00985	0.01174	0.08746	0.03443	0.01069	0.00867	0.29302	0.09675	0.02243	0.10330	0.06347	0.08448	0.00892	0.00570	0.00176	0.00472	0.12841	0.00474	0.00669
11	0.01131	0.01048	0.01744	0.08660	0.56380	0.01057	0.01332	0.01426	0.01217	0.01729	0.17391	0.01821	0.01656	0.00587	0.00529	0.00156	0.00537	0.00557	0.00318	0.00724
12	0.00669	0.00523	0.00611	0.00637	0.00761	0.00474	0.00469	0.00858	0.03519	0.01540	0.20005	0.25170	0.36383	0.01316	0.00622	0.00183	0.00282	0.05028	0.00496	0.00453
13	0.00665	0.00471	0.00603	0.00692	0.00727	0.00447	0.00465	0.00748	0.00954	0.01263	0.02643	0.56786	0.05580	0.18612	0.01072	0.00271	0.00352	0.06811	0.00441	0.00399
14	0.18951	0.00900	0.00970	0.00733	0.01135	0.00768	0.00588	0.01314	0.01053	0.01834	0.06690	0.01223	0.01023	0.00451	0.00384	0.00100	0.00373	0.00345	0.00326	0.60839
15	0.01887	0.02384	0.01441	0.01309	0.01575	0.76302	0.00983	0.02080	0.04957	0.01297	0.00853	0.00971	0.00702	0.00536	0.00465	0.00134	0.00902	0.00342	0.00276	0.00605
16	0.00737	0.00536	0.00754	0.00754	0.00821	0.00603	0.00553	0.00871	0.00804	0.01139	0.01439	0.02375	0.01439	0.24745	0.59251	0.00737	0.01140	0.00602	0.00285	0.00419
17	0.01155	0.01118	0.01484	0.01283	0.01344	0.01509	0.01057	0.01551	0.17114	0.01428	0.00973	0.01290	0.00863	0.00855	0.01438	0.00214	0.63944	0.00477	0.00288	0.00614
18	0.01064	0.00958	0.01249	0.10071	0.01393	0.04436	0.00932	0.01232	0.00904	0.01379	0.00994	0.01434	0.00887	0.03080	0.07137	0.00245	0.43448	0.00466	0.18158	0.00532
19	0.00761	0.00599	0.00724	0.00716	0.00878	0.00531	0.00519	0.00971	0.05325	0.01483	0.06100	0.43428	0.14007	0.01221	0.00581	0.00172	0.00317	0.02828	0.00446	0.18392
20	0.01193	0.01241	0.01468	0.22400	0.23772	0.17714	0.01155	0.01427	0.01172	0.01422	0.03505	0.01875	0.11309	0.00765	0.02925	0.01859	0.02201	0.01695	0.00290	0.00612
21	0.01176	0.01086	0.01817	0.02682	0.62300	0.01086	0.01416	0.01466	0.01171	0.01646	0.01336	0.02227	0.01266	0.00661	0.00551	0.00170	0.00581	0.16320	0.00300	0.00741
22	0.01248	0.00954	0.01163	0.00908	0.01257	0.00896	0.03507	0.13839	0.09070	0.07193	0.17596	0.01822	0.01757	0.00622	0.00509	0.00129	0.02156	0.00518	0.00434	0.34422
23	0.01329	0.01293	0.01102	0.03447	0.02783	0.24316	0.00763	0.06560	0.14322	0.03284	0.07455	0.02210	0.01581	0.17913	0.00957	0.00227	0.00590	0.05050	0.02018	0.02799

[dist]
# distance from previous block
# <min> <max>
0	46

# created by:
# /home/cegg/simao/soft/augustus-3.2.1/scripts/msa2prfl.pl ./align_prep/EOG091G0QIP.fa
