[name]
unknown

[dist]
# distance from previous block
# <min> <max>
0	81

[block]
# block no. 0 follows, 55 sequences, length 22
# corresponding to MSA columns:
# 83-104
name=unknown_A
#
# <colnr> <probs for GDERKNQSTAVLIFYWHMCP>
#	G	D	E	R	K	N	Q	S	T	A	V	L	I	F	Y	W	H	M	C	P
0	0.01241	0.22465	0.25684	0.01017	0.01444	0.18933	0.01039	0.02977	0.01097	0.06152	0.01179	0.01246	0.07870	0.00511	0.00407	0.00125	0.00592	0.00373	0.00260	0.05387
1	0.01104	0.48316	0.29503	0.08371	0.01658	0.01506	0.01159	0.01402	0.00957	0.01234	0.00728	0.00872	0.00596	0.00419	0.00363	0.00121	0.00574	0.00296	0.00199	0.00621
2	0.01117	0.56523	0.21457	0.00899	0.01332	0.01530	0.00974	0.01348	0.00930	0.01169	0.00767	0.01012	0.00694	0.07939	0.00521	0.00143	0.00540	0.00311	0.00206	0.00591
3	0.01108	0.30668	0.36851	0.01049	0.01537	0.01326	0.01180	0.10590	0.01104	0.01488	0.00959	0.08365	0.00841	0.00532	0.00408	0.00133	0.00562	0.00408	0.00251	0.00640
4	0.00821	0.00525	0.00671	0.00696	0.00803	0.00497	0.00495	0.01035	0.08108	0.10770	0.05195	0.59849	0.02645	0.01212	0.00556	0.00174	0.00295	0.01087	0.00449	0.04115
5	0.01260	0.01164	0.01127	0.01038	0.03532	0.10735	0.00784	0.06636	0.64002	0.01893	0.01682	0.01578	0.01268	0.00603	0.00466	0.00152	0.00437	0.00490	0.00438	0.00716
6	0.00562	0.00443	0.00507	0.00551	0.00651	0.00388	0.00390	0.00668	0.00999	0.01252	0.06902	0.38049	0.44417	0.01288	0.00569	0.00170	0.00250	0.01121	0.00435	0.00388
7	0.01066	0.00824	0.00975	0.00702	0.01110	0.00626	0.00563	0.01271	0.00998	0.08711	0.00918	0.01021	0.00731	0.00365	0.00356	0.00076	0.00349	0.00293	0.00303	0.78743
8	0.00879	0.00827	0.01395	0.82532	0.03204	0.01034	0.01292	0.01189	0.00930	0.01189	0.00827	0.01240	0.00620	0.00465	0.00465	0.00155	0.00620	0.00413	0.00207	0.00517
9	0.02049	0.00852	0.01117	0.00856	0.01218	0.00774	0.00708	0.11392	0.01433	0.71802	0.01750	0.01528	0.01109	0.00574	0.00468	0.00143	0.00410	0.00462	0.00563	0.00792
10	0.01835	0.00972	0.01167	0.00910	0.01264	0.00967	0.00745	0.25509	0.10896	0.44798	0.01584	0.01435	0.01056	0.00568	0.00463	0.00141	0.00426	0.00452	0.00518	0.04296
11	0.00598	0.00474	0.00544	0.00576	0.00702	0.00421	0.00444	0.00736	0.01058	0.01318	0.09710	0.15445	0.49621	0.01220	0.00573	0.00171	0.00275	0.15275	0.00437	0.00401
12	0.01628	0.02049	0.01470	0.01275	0.01537	0.69671	0.10160	0.01782	0.01274	0.01178	0.00762	0.00919	0.00630	0.00564	0.02991	0.00144	0.00845	0.00335	0.00239	0.00546
13	0.01151	0.01105	0.01888	0.02855	0.80748	0.01105	0.01428	0.01428	0.01059	0.01520	0.00875	0.01151	0.00737	0.00415	0.00461	0.00138	0.00553	0.00415	0.00230	0.00737
14	0.00702	0.00508	0.00670	0.00751	0.00846	0.00496	0.00621	0.00869	0.01010	0.01302	0.02635	0.10656	0.12372	0.11054	0.00832	0.00233	0.00395	0.53233	0.00412	0.00403
15	0.00550	0.00469	0.00474	0.00477	0.00630	0.00392	0.00356	0.00667	0.01054	0.01254	0.04638	0.07215	0.77870	0.01188	0.00551	0.00158	0.00237	0.00994	0.00432	0.00392
16	0.01151	0.01105	0.01888	0.02855	0.80748	0.01105	0.01428	0.01428	0.01059	0.01520	0.00875	0.01151	0.00737	0.00415	0.00461	0.00138	0.00553	0.00415	0.00230	0.00737
17	0.00933	0.02406	0.81240	0.01326	0.02014	0.01080	0.01719	0.01473	0.00982	0.01473	0.00835	0.00982	0.00589	0.00442	0.00442	0.00147	0.00688	0.00344	0.00196	0.00688
18	0.00680	0.00538	0.00625	0.00649	0.00766	0.00528	0.00474	0.01003	0.14447	0.01424	0.12297	0.34873	0.24793	0.01172	0.00557	0.00171	0.00277	0.03825	0.00448	0.00452
19	0.00629	0.00466	0.00590	0.00624	0.00705	0.00440	0.00443	0.00825	0.04974	0.01483	0.31738	0.42870	0.10060	0.01204	0.00567	0.00169	0.00253	0.01075	0.00464	0.00420
20	0.00965	0.00827	0.00965	0.00689	0.01102	0.00620	0.00551	0.01171	0.00965	0.01516	0.00827	0.00965	0.00689	0.00345	0.00345	0.00069	0.00345	0.00276	0.00276	0.86494
21	0.11761	0.01647	0.01279	0.01092	0.01359	0.39592	0.02355	0.23125	0.02853	0.01778	0.00852	0.00959	0.00669	0.00522	0.00500	0.00136	0.06715	0.00346	0.01854	0.00606

[dist]
# distance from previous block
# <min> <max>
0	1

[block]
# block no. 1 follows, 55 sequences, length 44
# corresponding to MSA columns:
# 106-149
name=unknown_B
#
# <colnr> <probs for GDERKNQSTAVLIFYWHMCP>
#	G	D	E	R	K	N	Q	S	T	A	V	L	I	F	Y	W	H	M	C	P
0	0.00661	0.00506	0.00611	0.00587	0.00718	0.00471	0.00447	0.00914	0.05556	0.01688	0.52623	0.03724	0.24307	0.01009	0.00549	0.00153	0.00241	0.04309	0.00485	0.00443
1	0.00879	0.00827	0.01395	0.82532	0.03204	0.01034	0.01292	0.01189	0.00930	0.01189	0.00827	0.01240	0.00620	0.00465	0.00465	0.00155	0.00620	0.00413	0.00207	0.00517
2	0.00643	0.00475	0.00600	0.00569	0.00685	0.00432	0.00427	0.00847	0.01280	0.01777	0.69512	0.03620	0.15435	0.00984	0.00549	0.00148	0.00222	0.00862	0.00501	0.00432
3	0.02049	0.00854	0.01118	0.00857	0.01218	0.00776	0.00708	0.11581	0.01435	0.71610	0.01748	0.01527	0.01108	0.00574	0.00468	0.00143	0.00410	0.00462	0.00562	0.00792
4	0.01686	0.02133	0.01322	0.01193	0.01426	0.76875	0.02231	0.01807	0.01287	0.01138	0.00742	0.00909	0.00631	0.02760	0.00493	0.00131	0.02146	0.00316	0.00240	0.00533
5	0.01105	0.47459	0.37692	0.01033	0.01561	0.01501	0.01209	0.01429	0.00962	0.01264	0.00731	0.00852	0.00594	0.00418	0.00363	0.00121	0.00583	0.00291	0.00198	0.00638
6	0.01922	0.00966	0.01171	0.00902	0.01256	0.00953	0.00743	0.30522	0.01632	0.49223	0.01559	0.01418	0.01021	0.00568	0.00461	0.00141	0.00432	0.00448	0.03884	0.00778
7	0.00905	0.00854	0.01444	0.74685	0.10841	0.01041	0.01305	0.01212	0.00943	0.01221	0.00832	0.01232	0.00632	0.00460	0.00465	0.00153	0.00614	0.00414	0.00209	0.00538
8	0.00976	0.13622	0.70399	0.01253	0.01901	0.01185	0.01592	0.01462	0.00977	0.01421	0.00809	0.00950	0.00590	0.00436	0.00422	0.00141	0.00661	0.00331	0.00197	0.00675
9	0.00575	0.00411	0.00549	0.00657	0.00688	0.00385	0.00446	0.00662	0.00899	0.01197	0.02560	0.79838	0.03059	0.01450	0.00596	0.00190	0.00277	0.04751	0.00432	0.00380
10	0.00588	0.00470	0.00526	0.00517	0.00653	0.00408	0.00386	0.00739	0.01142	0.01464	0.30707	0.07138	0.51401	0.01111	0.00551	0.00155	0.00231	0.00946	0.00460	0.00408
11	0.00712	0.00514	0.00648	0.00671	0.00756	0.00500	0.00478	0.08450	0.01141	0.01554	0.24849	0.52265	0.03230	0.01223	0.00568	0.00172	0.00279	0.01095	0.00458	0.00436
12	0.01697	0.02081	0.01299	0.01175	0.01418	0.72706	0.00891	0.07173	0.01368	0.01274	0.00822	0.01049	0.00702	0.00520	0.00432	0.00125	0.00799	0.03653	0.00263	0.00552
13	0.00836	0.00437	0.00437	0.00437	0.00551	0.00430	0.00328	0.01043	0.00984	0.01687	0.01832	0.02005	0.09009	0.00605	0.00347	0.00113	0.00219	0.00488	0.77783	0.00430
14	0.00867	0.00434	0.00434	0.00434	0.00542	0.00434	0.00325	0.01084	0.00976	0.01734	0.01518	0.01734	0.01192	0.00542	0.00325	0.00108	0.00217	0.00434	0.86233	0.00434
15	0.01248	0.01136	0.01097	0.00978	0.01245	0.09113	0.00761	0.06645	0.67880	0.01921	0.01735	0.01613	0.01305	0.00612	0.00468	0.00153	0.00422	0.00498	0.00450	0.00720
16	0.00933	0.02406	0.81240	0.01326	0.02014	0.01080	0.01719	0.01473	0.00982	0.01473	0.00835	0.00982	0.00589	0.00442	0.00442	0.00147	0.00688	0.00344	0.00196	0.00688
17	0.00677	0.00451	0.00507	0.00507	0.00507	0.00451	0.00282	0.00677	0.00677	0.00902	0.01466	0.03044	0.01691	0.83650	0.02368	0.00451	0.00451	0.00677	0.00282	0.00282
18	0.00561	0.00472	0.00486	0.00483	0.00635	0.00397	0.00362	0.00688	0.01086	0.01317	0.12177	0.04378	0.73058	0.01156	0.00550	0.00156	0.00234	0.00968	0.00440	0.00397
19	0.01020	0.01025	0.01467	0.01245	0.01260	0.01417	0.03478	0.01131	0.00725	0.01131	0.00621	0.01025	0.00614	0.00801	0.01496	0.00202	0.80213	0.00412	0.00205	0.00513
20	0.00641	0.00494	0.00671	0.00740	0.00771	0.00524	0.00536	0.00738	0.00886	0.01199	0.02311	0.65415	0.02731	0.01361	0.00715	0.00193	0.10551	0.08723	0.00403	0.00399
21	0.00581	0.00462	0.00522	0.00530	0.00654	0.00403	0.00389	0.00720	0.01101	0.01406	0.24399	0.17016	0.47846	0.01164	0.00557	0.00159	0.00237	0.01000	0.00453	0.00403
22	0.01836	0.01195	0.01329	0.01019	0.01389	0.01282	0.00842	0.62944	0.02007	0.19441	0.01269	0.01215	0.00867	0.00562	0.00466	0.00141	0.00487	0.00429	0.00489	0.00791
23	0.01709	0.01273	0.01362	0.01058	0.01420	0.01415	0.00870	0.71675	0.09807	0.02835	0.01193	0.01178	0.00853	0.00566	0.00466	0.00141	0.00498	0.00429	0.00466	0.00786
24	0.00940	0.02357	0.77844	0.01353	0.02032	0.01085	0.05065	0.01474	0.00987	0.01474	0.00839	0.00994	0.00594	0.00440	0.00447	0.00148	0.00692	0.00353	0.00198	0.00685
25	0.02050	0.00851	0.01116	0.00856	0.01217	0.00772	0.00707	0.11227	0.01431	0.71970	0.01752	0.01529	0.01110	0.00574	0.00468	0.00143	0.00409	0.00462	0.00563	0.00792
26	0.01738	0.02217	0.01318	0.01199	0.01438	0.81783	0.00899	0.01858	0.01318	0.01139	0.00719	0.00839	0.00599	0.00479	0.00419	0.00120	0.00839	0.00300	0.00240	0.00539
27	0.01167	0.24219	0.45555	0.01142	0.01689	0.04492	0.01320	0.12484	0.01156	0.01565	0.00820	0.00932	0.00620	0.00448	0.00406	0.00132	0.00617	0.00327	0.00237	0.00672
28	0.00581	0.00473	0.00516	0.00516	0.00657	0.00408	0.00389	0.00724	0.01111	0.01391	0.20931	0.06693	0.58805	0.01142	0.00554	0.00158	0.00240	0.03857	0.00449	0.00404
29	0.00867	0.00434	0.00434	0.00434	0.00542	0.00434	0.00325	0.01084	0.00976	0.01734	0.01518	0.01734	0.01192	0.00542	0.00325	0.00108	0.00217	0.00434	0.86233	0.00434
30	0.01703	0.02054	0.01318	0.01177	0.01425	0.68990	0.00894	0.09482	0.04400	0.01346	0.00801	0.00905	0.00650	0.00500	0.00451	0.00125	0.02618	0.00322	0.00270	0.00571
31	0.01150	0.01169	0.02066	0.09753	0.33029	0.04293	0.30509	0.06233	0.01147	0.01555	0.02554	0.01301	0.00819	0.00448	0.00498	0.00148	0.00646	0.01770	0.00254	0.00659
32	0.01288	0.01268	0.03519	0.07486	0.09711	0.07305	0.29800	0.22884	0.01372	0.01813	0.01022	0.05178	0.00828	0.00522	0.00540	0.00151	0.03858	0.00499	0.00304	0.00653
33	0.03001	0.09092	0.15491	0.02627	0.03031	0.17192	0.26930	0.05344	0.01143	0.03951	0.00926	0.01215	0.00740	0.00486	0.00510	0.00145	0.03931	0.03375	0.00255	0.00616
34	0.01151	0.01105	0.01888	0.02855	0.80748	0.01105	0.01428	0.01428	0.01059	0.01520	0.00875	0.01151	0.00737	0.00415	0.00461	0.00138	0.00553	0.00415	0.00230	0.00737
35	0.01145	0.01099	0.01877	0.04635	0.79016	0.01104	0.01425	0.01422	0.01056	0.01512	0.00874	0.01153	0.00734	0.00416	0.00461	0.00139	0.00554	0.00414	0.00230	0.00732
36	0.01146	0.00987	0.01044	0.00944	0.01203	0.01140	0.00737	0.02431	0.77787	0.01931	0.01909	0.01830	0.01454	0.00649	0.00478	0.00159	0.00370	0.02600	0.00472	0.00728
37	0.00555	0.00471	0.00478	0.00476	0.00631	0.00395	0.00357	0.00677	0.01072	0.01284	0.08118	0.04432	0.77137	0.01168	0.00550	0.00157	0.00235	0.00976	0.00436	0.00395
38	0.01606	0.01570	0.01251	0.01059	0.01330	0.34598	0.00824	0.35520	0.03470	0.01925	0.01041	0.01317	0.00866	0.08730	0.00639	0.00165	0.00636	0.02475	0.00353	0.00626
39	0.01518	0.00825	0.01042	0.00779	0.01153	0.00690	0.00635	0.03141	0.01155	0.39568	0.01308	0.01265	0.00910	0.00473	0.00442	0.00110	0.02885	0.00374	0.00420	0.41308
40	0.00978	0.11250	0.67409	0.01310	0.01952	0.01170	0.06750	0.01466	0.00986	0.01433	0.00821	0.00974	0.00598	0.00434	0.00433	0.00143	0.00673	0.00347	0.00199	0.00674
41	0.01018	0.01018	0.01425	0.01221	0.01221	0.01425	0.01018	0.01120	0.00712	0.01120	0.00611	0.01018	0.00611	0.00814	0.01527	0.00204	0.82799	0.00407	0.00204	0.00509
42	0.00672	0.00484	0.00593	0.00560	0.00691	0.00433	0.00422	0.00862	0.01244	0.04188	0.56341	0.03702	0.26078	0.01004	0.00546	0.00149	0.00230	0.00870	0.00491	0.00437
43	0.00580	0.00435	0.00532	0.00603	0.00672	0.00397	0.00423	0.00676	0.00941	0.01207	0.03127	0.50908	0.25593	0.05630	0.00676	0.00195	0.00280	0.06320	0.00424	0.00381

[dist]
# distance from previous block
# <min> <max>
0	2

[block]
# block no. 2 follows, 55 sequences, length 55
# corresponding to MSA columns:
# 152-179,182-208
name=unknown_C
#
# <colnr> <probs for GDERKNQSTAVLIFYWHMCP>
#	G	D	E	R	K	N	Q	S	T	A	V	L	I	F	Y	W	H	M	C	P
0	0.00606	0.00434	0.00568	0.00662	0.00700	0.00413	0.00447	0.03233	0.00933	0.01245	0.02516	0.80641	0.03002	0.01428	0.00590	0.00187	0.00278	0.01293	0.00433	0.00391
1	0.08217	0.28318	0.39416	0.01285	0.11379	0.01325	0.01285	0.01433	0.00964	0.01408	0.00764	0.00908	0.00603	0.00424	0.00385	0.00131	0.00583	0.00314	0.00209	0.00649
2	0.04701	0.04256	0.01438	0.13946	0.13791	0.19503	0.01004	0.28390	0.01468	0.01863	0.01000	0.01143	0.02895	0.00516	0.00464	0.00138	0.02125	0.00393	0.00316	0.00649
3	0.00569	0.00407	0.00542	0.00646	0.00675	0.00380	0.00432	0.00654	0.00903	0.01207	0.04759	0.81098	0.03114	0.01443	0.00593	0.00188	0.00268	0.01309	0.00434	0.00380
4	0.86937	0.00900	0.00684	0.00612	0.00900	0.01044	0.00504	0.01368	0.00792	0.02087	0.00648	0.00756	0.00504	0.00432	0.00288	0.00144	0.00360	0.00252	0.00288	0.00504
5	0.00676	0.00452	0.00513	0.00513	0.00515	0.00454	0.00289	0.00680	0.00678	0.00906	0.01461	0.03017	0.01680	0.81877	0.04125	0.00458	0.00469	0.00673	0.00281	0.00285
6	0.47198	0.01181	0.10912	0.00937	0.04107	0.02067	0.03759	0.14751	0.01114	0.06667	0.00850	0.00943	0.00628	0.00468	0.00383	0.00144	0.01583	0.00326	0.01375	0.00605
7	0.12061	0.31736	0.04461	0.00908	0.01273	0.02954	0.00822	0.27058	0.01368	0.08800	0.00912	0.00963	0.00698	0.00489	0.00421	0.00128	0.03618	0.00334	0.00331	0.00665
8	0.00672	0.00496	0.00737	0.00737	0.00821	0.00576	0.00573	0.00839	0.00755	0.01102	0.01255	0.01824	0.01164	0.03388	0.79011	0.00726	0.01211	0.00496	0.03200	0.00416
9	0.00858	0.00768	0.01112	0.16513	0.17857	0.01671	0.03790	0.03639	0.04809	0.01473	0.11970	0.05870	0.24926	0.00776	0.00506	0.00151	0.00415	0.00682	0.01682	0.00533
10	0.11922	0.05441	0.19872	0.01058	0.01479	0.01068	0.08740	0.13184	0.08418	0.16174	0.04434	0.01309	0.01878	0.00519	0.00441	0.00143	0.00507	0.00424	0.00363	0.02625
11	0.01037	0.22529	0.59126	0.01187	0.01792	0.01280	0.01463	0.04011	0.01013	0.01428	0.00798	0.00928	0.00598	0.00435	0.00407	0.00135	0.00635	0.00323	0.00206	0.00669
12	0.01434	0.00639	0.00859	0.00723	0.00960	0.00565	0.00570	0.01615	0.01266	0.45188	0.26251	0.12267	0.02392	0.00800	0.00506	0.00150	0.00322	0.00688	0.02181	0.00625
13	0.01013	0.03441	0.32922	0.04962	0.36442	0.01059	0.04162	0.01385	0.01028	0.01469	0.02457	0.01315	0.05334	0.00479	0.00460	0.00143	0.00591	0.00428	0.00232	0.00677
14	0.01573	0.07884	0.14940	0.04046	0.11241	0.00999	0.00999	0.09081	0.04977	0.36478	0.01386	0.01347	0.01880	0.00523	0.00450	0.00141	0.00488	0.00425	0.00408	0.00734
15	0.00707	0.00486	0.00638	0.00594	0.00712	0.00447	0.00447	0.00926	0.01317	0.04583	0.77804	0.03410	0.04278	0.00938	0.00546	0.00146	0.00226	0.00829	0.00514	0.00451
16	0.00576	0.00410	0.00544	0.00645	0.00674	0.00385	0.00432	0.00660	0.00897	0.01199	0.04575	0.77147	0.03056	0.04320	0.00656	0.00197	0.00278	0.02543	0.00429	0.00377
17	0.11761	0.01251	0.12152	0.13334	0.16182	0.04966	0.19444	0.01484	0.01039	0.08690	0.00978	0.01274	0.00757	0.00474	0.00477	0.00150	0.01732	0.02957	0.00269	0.00626
18	0.01105	0.47627	0.37530	0.01032	0.01559	0.01502	0.01207	0.01429	0.00962	0.01263	0.00731	0.00851	0.00594	0.00418	0.00362	0.00121	0.00582	0.00291	0.00198	0.00637
19	0.00934	0.00481	0.00521	0.00511	0.00635	0.00476	0.00382	0.01177	0.04296	0.07624	0.01686	0.11800	0.01432	0.00661	0.00375	0.00123	0.00243	0.00550	0.65626	0.00466
20	0.01146	0.01100	0.01879	0.04371	0.79274	0.01104	0.01425	0.01423	0.01057	0.01514	0.00874	0.01153	0.00735	0.00415	0.00461	0.00138	0.00554	0.00414	0.00230	0.00733
21	0.01469	0.01096	0.09938	0.01083	0.05908	0.00982	0.02850	0.03171	0.35805	0.30007	0.01664	0.01545	0.01168	0.00571	0.00469	0.00150	0.00436	0.00478	0.00459	0.00749
22	0.00758	0.00755	0.10672	0.00740	0.00944	0.00555	0.03598	0.01020	0.01259	0.04503	0.62425	0.03063	0.04956	0.00863	0.00534	0.00148	0.00308	0.01949	0.00462	0.00488
23	0.01972	0.00830	0.01179	0.01078	0.11011	0.00736	0.00776	0.02164	0.01298	0.71248	0.01717	0.01530	0.01100	0.00556	0.00467	0.00143	0.00415	0.00461	0.00533	0.00785
24	0.01514	0.00921	0.10870	0.00904	0.03026	0.00700	0.00777	0.01784	0.05709	0.46038	0.01863	0.19780	0.01536	0.00764	0.00495	0.00156	0.00406	0.01598	0.00481	0.00678
25	0.01165	0.01409	0.13758	0.04272	0.55099	0.08821	0.05842	0.01474	0.01072	0.01467	0.00857	0.01104	0.00697	0.00425	0.00459	0.00139	0.00615	0.00401	0.00226	0.00699
26	0.00940	0.00890	0.01507	0.64561	0.20694	0.01050	0.01323	0.01243	0.00959	0.01263	0.00838	0.01220	0.00646	0.00454	0.00464	0.00151	0.00605	0.00414	0.00212	0.00566
27	0.00918	0.00868	0.01467	0.70887	0.14538	0.01044	0.01312	0.01224	0.00949	0.01237	0.00834	0.01227	0.00637	0.00458	0.00464	0.00153	0.00610	0.00414	0.00210	0.00549
28	0.01013	0.00971	0.01681	0.39044	0.38638	0.01061	0.05821	0.01309	0.01003	0.01364	0.00902	0.01314	0.00737	0.00461	0.00473	0.00149	0.00593	0.02619	0.00225	0.00622
29	0.08357	0.00974	0.01732	0.01367	0.06206	0.00919	0.34464	0.01665	0.01127	0.25950	0.01259	0.01368	0.00888	0.00471	0.00470	0.00145	0.00547	0.00478	0.10962	0.00650
30	0.01708	0.01322	0.01421	0.03323	0.06060	0.05219	0.00927	0.68997	0.02048	0.02720	0.01077	0.01109	0.00774	0.00544	0.00463	0.00139	0.00533	0.00413	0.00434	0.00769
31	0.01382	0.01146	0.01279	0.01232	0.11116	0.03470	0.00878	0.29320	0.39509	0.02210	0.01470	0.01471	0.01110	0.00584	0.00470	0.00149	0.00455	0.01569	0.00433	0.00746
32	0.00923	0.00872	0.01475	0.69665	0.15727	0.01045	0.01314	0.01227	0.00951	0.01242	0.00835	0.01226	0.00639	0.00457	0.00464	0.00152	0.00609	0.00414	0.00211	0.00552
33	0.00567	0.00405	0.00540	0.00648	0.00675	0.00378	0.00432	0.00648	0.00891	0.01188	0.02564	0.83347	0.03077	0.01457	0.00594	0.00189	0.00270	0.01323	0.00432	0.00378
34	0.00933	0.02406	0.81240	0.01326	0.02014	0.01080	0.01719	0.01473	0.00982	0.01473	0.00835	0.00982	0.00589	0.00442	0.00442	0.00147	0.00688	0.00344	0.00196	0.00688
35	0.01613	0.01992	0.01397	0.01405	0.11215	0.65952	0.00973	0.01751	0.01242	0.01184	0.00730	0.00891	0.00617	0.00496	0.00505	0.00128	0.06790	0.00322	0.00236	0.00562
36	0.00844	0.00619	0.00762	0.00798	0.02949	0.00629	0.00556	0.17750	0.01177	0.01576	0.02205	0.63302	0.02518	0.01235	0.00562	0.00177	0.00330	0.01102	0.00434	0.00477
37	0.86937	0.00900	0.00684	0.00612	0.00900	0.01044	0.00504	0.01368	0.00792	0.02087	0.00648	0.00756	0.00504	0.00432	0.00288	0.00144	0.00360	0.00252	0.00288	0.00504
38	0.00569	0.00469	0.00481	0.00480	0.00616	0.00402	0.00348	0.00676	0.01022	0.01234	0.06966	0.04265	0.68154	0.11354	0.00774	0.00193	0.00262	0.00939	0.00416	0.00381
39	0.01064	0.00886	0.01018	0.00736	0.01145	0.00722	0.00592	0.10806	0.01116	0.01691	0.00863	0.00983	0.00702	0.00371	0.00359	0.00078	0.00365	0.00293	0.00299	0.75912
40	0.00888	0.02159	0.71275	0.01242	0.01848	0.00994	0.01560	0.01371	0.00971	0.01438	0.01048	0.11152	0.00896	0.00567	0.00461	0.00152	0.00636	0.00465	0.00226	0.00649
41	0.00966	0.03724	0.69897	0.01269	0.01899	0.01104	0.01581	0.01595	0.10727	0.01525	0.00962	0.01071	0.00692	0.00465	0.00443	0.00148	0.00645	0.00365	0.00231	0.00692
42	0.00933	0.02406	0.81240	0.01326	0.02014	0.01080	0.01719	0.01473	0.00982	0.01473	0.00835	0.00982	0.00589	0.00442	0.00442	0.00147	0.00688	0.00344	0.00196	0.00688
43	0.00567	0.00405	0.00540	0.00648	0.00675	0.00378	0.00432	0.00648	0.00891	0.01188	0.02564	0.83347	0.03077	0.01457	0.00594	0.00189	0.00270	0.01323	0.00432	0.00378
44	0.00625	0.00659	0.10507	0.00721	0.00829	0.00477	0.00581	0.00757	0.00878	0.01193	0.02211	0.63397	0.02587	0.09094	0.02985	0.00224	0.00365	0.01118	0.00384	0.00408
45	0.00899	0.00842	0.01415	0.66601	0.13970	0.01006	0.01262	0.01191	0.00946	0.01235	0.00934	0.05960	0.00778	0.00515	0.00472	0.00155	0.00590	0.00466	0.00223	0.00540
46	0.01049	0.01172	0.02521	0.04072	0.02303	0.01106	0.70165	0.01416	0.01088	0.01475	0.03272	0.06049	0.00944	0.00471	0.00549	0.00158	0.00734	0.00598	0.00254	0.00605
47	0.01098	0.01255	0.02745	0.01961	0.02431	0.01176	0.79059	0.01490	0.01098	0.01490	0.00941	0.01255	0.00706	0.00392	0.00549	0.00157	0.00784	0.00549	0.00235	0.00627
48	0.01105	0.01236	0.02639	0.02071	0.12102	0.01168	0.69473	0.01482	0.01093	0.01494	0.00933	0.01242	0.00710	0.00395	0.00538	0.00155	0.00756	0.00532	0.00235	0.00641
49	0.00943	0.02340	0.76716	0.01363	0.02038	0.01086	0.06176	0.01474	0.00989	0.01474	0.00841	0.00998	0.00596	0.00439	0.00448	0.00148	0.00693	0.00356	0.00199	0.00684
50	0.00567	0.00405	0.00540	0.00648	0.00675	0.00378	0.00432	0.00648	0.00891	0.01188	0.02564	0.83347	0.03077	0.01457	0.00594	0.00189	0.00270	0.01323	0.00432	0.00378
51	0.00677	0.00451	0.00507	0.00507	0.00507	0.00451	0.00282	0.00677	0.00677	0.00902	0.01466	0.03044	0.01691	0.83650	0.02368	0.00451	0.00451	0.00677	0.00282	0.00282
52	0.01885	0.01040	0.12578	0.00942	0.01353	0.00759	0.03811	0.02124	0.01273	0.66690	0.01659	0.01485	0.01054	0.00550	0.00467	0.00145	0.00452	0.00453	0.00509	0.00771
53	0.01124	0.01091	0.01903	0.09830	0.68600	0.01104	0.06671	0.01411	0.01051	0.01489	0.00875	0.01166	0.00724	0.00417	0.00467	0.00141	0.00574	0.00424	0.00229	0.00710
54	0.02000	0.00772	0.01052	0.00813	0.01158	0.00669	0.00669	0.02182	0.01331	0.76233	0.06640	0.01699	0.01349	0.00599	0.00473	0.00144	0.00385	0.00491	0.00572	0.00770

[dist]
# distance from previous block
# <min> <max>
0	15

[block]
# block no. 3 follows, 55 sequences, length 9
# corresponding to MSA columns:
# 224-232
name=unknown_D
#
# <colnr> <probs for GDERKNQSTAVLIFYWHMCP>
#	G	D	E	R	K	N	Q	S	T	A	V	L	I	F	Y	W	H	M	C	P
0	0.00907	0.00856	0.01446	0.74329	0.11188	0.01041	0.01306	0.01213	0.00944	0.01223	0.00832	0.01231	0.00632	0.00460	0.00465	0.00153	0.00613	0.00414	0.00209	0.00539
1	0.01007	0.15673	0.32371	0.01391	0.01888	0.01174	0.28490	0.01384	0.01007	0.01386	0.01012	0.09206	0.00878	0.00518	0.00470	0.00147	0.00648	0.00496	0.00234	0.00620
2	0.00911	0.01779	0.47175	0.01345	0.01886	0.00988	0.21513	0.01341	0.01025	0.01441	0.01522	0.01647	0.14223	0.00554	0.00488	0.00151	0.00636	0.00505	0.00247	0.00622
3	0.15742	0.01097	0.02098	0.01535	0.01938	0.01058	0.53429	0.01481	0.01081	0.07774	0.07243	0.01371	0.00997	0.00457	0.00498	0.00153	0.00637	0.00515	0.00292	0.00604
4	0.16477	0.00830	0.01086	0.00841	0.01193	0.00767	0.04101	0.02080	0.01229	0.64134	0.01594	0.01428	0.01022	0.00543	0.00441	0.00145	0.00407	0.00435	0.00512	0.00736
5	0.01131	0.01342	0.24625	0.08663	0.17528	0.00949	0.11868	0.01467	0.01060	0.13587	0.04826	0.04349	0.01036	0.02913	0.02465	0.00171	0.00593	0.00483	0.00294	0.00649
6	0.01302	0.02625	0.07227	0.00851	0.01121	0.00705	0.03796	0.07471	0.01231	0.30904	0.11072	0.20837	0.04002	0.00845	0.00513	0.00157	0.00393	0.03869	0.00466	0.00611
7	0.01155	0.17553	0.34740	0.01025	0.01475	0.01039	0.01139	0.01487	0.01066	0.15505	0.04517	0.01871	0.01201	0.00621	0.00457	0.00149	0.00536	0.13512	0.00317	0.00634
8	0.00917	0.00953	0.01951	0.01494	0.01808	0.00895	0.50167	0.01205	0.01036	0.01395	0.01530	0.25280	0.01546	0.00770	0.00569	0.00171	0.00608	0.06858	0.00307	0.00540

[dist]
# distance from previous block
# <min> <max>
0	2

[block]
# block no. 4 follows, 55 sequences, length 12
# corresponding to MSA columns:
# 235-246
name=unknown_E
#
# <colnr> <probs for GDERKNQSTAVLIFYWHMCP>
#	G	D	E	R	K	N	Q	S	T	A	V	L	I	F	Y	W	H	M	C	P
0	0.01010	0.01021	0.02080	0.01638	0.06204	0.00960	0.51654	0.01319	0.01069	0.04224	0.01455	0.14219	0.03886	0.00655	0.00555	0.00165	0.00635	0.06375	0.00298	0.00578
1	0.01009	0.05081	0.31817	0.13998	0.02342	0.01147	0.35028	0.01434	0.01023	0.01421	0.00872	0.01130	0.00645	0.00422	0.00486	0.00151	0.00711	0.00439	0.00215	0.00632
2	0.00785	0.00415	0.00608	0.00603	0.00620	0.00409	0.00409	0.00648	0.00715	0.00970	0.12997	0.01729	0.01356	0.01514	0.01624	0.73263	0.00376	0.00471	0.00249	0.00238
3	0.00863	0.00865	0.04148	0.00993	0.01192	0.06697	0.15544	0.01093	0.03797	0.03086	0.05449	0.24167	0.15133	0.01109	0.05571	0.00203	0.04974	0.04276	0.00356	0.00488
4	0.01130	0.01292	0.09345	0.03759	0.03798	0.01176	0.49444	0.10920	0.01177	0.01616	0.01000	0.05027	0.00808	0.00500	0.00600	0.00158	0.06817	0.00534	0.00266	0.00632
5	0.00736	0.00562	0.00700	0.00752	0.00864	0.00571	0.00589	0.01086	0.14391	0.01442	0.08134	0.29942	0.09215	0.01198	0.00584	0.00187	0.00336	0.27808	0.00443	0.00462
6	0.00984	0.01067	0.02251	0.01658	0.02034	0.01000	0.61215	0.01316	0.01083	0.01472	0.07078	0.13975	0.01341	0.00596	0.00556	0.00161	0.00664	0.00689	0.00286	0.00575
7	0.01329	0.01348	0.21012	0.04065	0.01780	0.03577	0.23628	0.01690	0.03948	0.24673	0.01258	0.02912	0.00925	0.05014	0.00589	0.00166	0.00601	0.00483	0.00339	0.00664
8	0.01535	0.03914	0.09560	0.05400	0.01435	0.02971	0.04501	0.08888	0.13343	0.34648	0.07676	0.01569	0.01273	0.00575	0.00469	0.00145	0.00464	0.00478	0.00448	0.00709
9	0.18683	0.00980	0.07024	0.00907	0.01253	0.00871	0.06020	0.07320	0.05132	0.38120	0.01474	0.07887	0.01093	0.00597	0.00446	0.00149	0.00433	0.00489	0.00443	0.00679
10	0.01035	0.01016	0.05138	0.13986	0.10023	0.00946	0.33549	0.01341	0.01074	0.07315	0.07382	0.10547	0.01321	0.00604	0.00524	0.00157	0.00594	0.02557	0.00302	0.00589
11	0.14354	0.03009	0.01484	0.01131	0.01444	0.00881	0.25920	0.01480	0.01088	0.20473	0.05482	0.08473	0.03589	0.00662	0.00510	0.00158	0.01802	0.07092	0.00375	0.00592

[dist]
# distance from previous block
# <min> <max>
10	65

# created by:
# /home/cegg/simao/soft/augustus-3.2.1/scripts/msa2prfl.pl ./align_prep/EOG091G0ZDR.fa
