[name]
unknown

[dist]
# distance from previous block
# <min> <max>
0	144

[block]
# block no. 0 follows, 53 sequences, length 10
# corresponding to MSA columns:
# 144-153
name=unknown_A
#
# <colnr> <probs for GDERKNQSTAVLIFYWHMCP>
#	G	D	E	R	K	N	Q	S	T	A	V	L	I	F	Y	W	H	M	C	P
0	0.04504	0.25516	0.32196	0.01116	0.01615	0.06671	0.02914	0.10981	0.04176	0.04801	0.00908	0.00998	0.00689	0.00470	0.00412	0.00135	0.00603	0.00345	0.00270	0.00680
1	0.01030	0.01096	0.16902	0.00874	0.01139	0.00846	0.02190	0.18839	0.01194	0.02941	0.02902	0.02376	0.07507	0.31889	0.02936	0.00284	0.00527	0.03657	0.00341	0.00529
2	0.01247	0.07557	0.26886	0.02849	0.01557	0.00972	0.07596	0.05208	0.03302	0.19084	0.17175	0.01703	0.01569	0.00594	0.00483	0.00148	0.00518	0.00506	0.00378	0.00668
3	0.00832	0.00608	0.01036	0.00873	0.01004	0.00576	0.16241	0.00823	0.00822	0.01069	0.01692	0.02123	0.16750	0.04776	0.01366	0.47767	0.00462	0.00576	0.00265	0.00339
4	0.00968	0.00813	0.00939	0.00740	0.01071	0.00712	0.00582	0.01414	0.16966	0.01719	0.16959	0.01670	0.01624	0.00539	0.00423	0.00105	0.00333	0.00452	0.00373	0.51599
5	0.00833	0.00523	0.00727	0.00669	0.00773	0.00497	0.00482	0.00787	0.00727	0.01034	0.00925	0.01444	0.00879	0.01782	0.17512	0.51505	0.00576	0.00408	0.00233	0.17686
6	0.01071	0.01230	0.11538	0.01802	0.17659	0.01027	0.37929	0.01431	0.01080	0.01586	0.01060	0.01334	0.00819	0.00445	0.00486	0.00146	0.00628	0.00487	0.17609	0.00634
7	0.00662	0.00497	0.00661	0.00661	0.00744	0.00531	0.00488	0.00788	0.00818	0.01109	0.02041	0.02678	0.17134	0.19264	0.49090	0.00584	0.00906	0.00649	0.00301	0.00394
8	0.01631	0.07953	0.03532	0.04165	0.03016	0.16730	0.03043	0.43689	0.05630	0.02240	0.01029	0.01097	0.00771	0.00542	0.00487	0.00140	0.02808	0.00400	0.00378	0.00718
9	0.00769	0.00582	0.00627	0.00605	0.00693	0.00599	0.00399	0.01068	0.16736	0.01218	0.02265	0.03151	0.17401	0.49987	0.01663	0.00342	0.00402	0.00727	0.00361	0.00407

[dist]
# distance from previous block
# <min> <max>
0	1

[block]
# block no. 1 follows, 53 sequences, length 40
# corresponding to MSA columns:
# 155-194
name=unknown_B
#
# <colnr> <probs for GDERKNQSTAVLIFYWHMCP>
#	G	D	E	R	K	N	Q	S	T	A	V	L	I	F	Y	W	H	M	C	P
0	0.01005	0.06246	0.01113	0.04917	0.01250	0.00741	0.00622	0.01219	0.00988	0.01512	0.00837	0.00991	0.00698	0.00364	0.00357	0.00077	0.00379	0.00289	0.00274	0.76118
1	0.00964	0.00821	0.00963	0.00705	0.01104	0.00621	0.00558	0.01168	0.00986	0.01535	0.00966	0.06340	0.00868	0.00429	0.00371	0.00079	0.00349	0.00353	0.00294	0.80525
2	0.00770	0.00640	0.05806	0.00606	0.00672	0.00558	0.00418	0.04774	0.00796	0.01073	0.01445	0.02887	0.01616	0.73530	0.02203	0.00426	0.00482	0.00659	0.00294	0.00344
3	0.00714	0.00490	0.00558	0.00540	0.00569	0.00478	0.00315	0.00732	0.00716	0.00972	0.01458	0.02958	0.01657	0.75840	0.04231	0.00445	0.00476	0.00664	0.00288	0.05899
4	0.01244	0.01061	0.01168	0.01112	0.06422	0.01211	0.00816	0.09164	0.67462	0.02060	0.01807	0.01688	0.01356	0.00627	0.00485	0.00159	0.00404	0.00523	0.00469	0.00762
5	0.00597	0.00450	0.00551	0.00611	0.00689	0.00407	0.00430	0.00711	0.01017	0.01321	0.12098	0.46944	0.25287	0.03085	0.00632	0.00186	0.00271	0.03865	0.00450	0.00400
6	0.01128	0.01289	0.02820	0.02015	0.02498	0.01209	0.78485	0.01531	0.01128	0.01531	0.00967	0.01289	0.00725	0.00403	0.00564	0.00161	0.00806	0.00564	0.00242	0.00645
7	0.01003	0.00853	0.01035	0.00864	0.06314	0.00694	0.00630	0.03381	0.03788	0.01648	0.08623	0.01287	0.01111	0.00436	0.00390	0.00088	0.00361	0.00362	0.00316	0.66813
8	0.01442	0.01699	0.01396	0.01235	0.01373	0.43788	0.00974	0.01587	0.02998	0.01182	0.00719	0.00966	0.00642	0.00649	0.00939	0.00162	0.37106	0.00363	0.00236	0.00545
9	0.05512	0.00993	0.08991	0.04418	0.02608	0.03539	0.00782	0.11313	0.05585	0.17329	0.14409	0.15707	0.03814	0.00789	0.00502	0.00155	0.00420	0.00667	0.00438	0.02027
10	0.03514	0.29651	0.37558	0.01185	0.05677	0.05019	0.01260	0.01534	0.03780	0.03344	0.00946	0.01054	0.02630	0.00468	0.00404	0.00133	0.00600	0.00345	0.00235	0.00662
11	0.01189	0.01027	0.01081	0.00973	0.01243	0.01189	0.00757	0.02540	0.79357	0.01999	0.01945	0.01783	0.01459	0.00648	0.00486	0.00162	0.00378	0.00540	0.00486	0.00757
12	0.00949	0.00909	0.01580	0.63384	0.13595	0.01065	0.06932	0.01263	0.00985	0.01290	0.00911	0.03395	0.00726	0.00492	0.00487	0.00158	0.00631	0.00459	0.00224	0.00566
13	0.01407	0.03582	0.07826	0.03700	0.13120	0.08500	0.21448	0.07851	0.07217	0.15672	0.01188	0.01350	0.00885	0.03416	0.00559	0.00159	0.00618	0.00469	0.00338	0.00693
14	0.01131	0.01119	0.02012	0.05587	0.58877	0.01109	0.15705	0.01429	0.01086	0.01528	0.01053	0.03425	0.02778	0.00471	0.00496	0.00148	0.00599	0.00490	0.00247	0.00709
15	0.01128	0.01289	0.02820	0.02015	0.02498	0.01209	0.78485	0.01531	0.01128	0.01531	0.00967	0.01289	0.00725	0.00403	0.00564	0.00161	0.00806	0.00564	0.00242	0.00645
16	0.00621	0.00463	0.00575	0.00647	0.00714	0.00435	0.00452	0.00766	0.03743	0.01293	0.06820	0.54461	0.16527	0.05117	0.00682	0.00199	0.00290	0.05349	0.00442	0.00405
17	0.01447	0.09748	0.18076	0.01252	0.07350	0.02637	0.09421	0.07466	0.04101	0.25368	0.02202	0.05400	0.01053	0.00571	0.00475	0.00148	0.00544	0.01653	0.00377	0.00710
18	0.01838	0.00825	0.01080	0.03322	0.01244	0.00771	0.00710	0.04862	0.10301	0.58509	0.09694	0.01813	0.01520	0.00633	0.00489	0.00150	0.00396	0.00523	0.00557	0.00762
19	0.00830	0.00415	0.00623	0.00623	0.00623	0.00415	0.00415	0.00623	0.00623	0.00830	0.00830	0.01453	0.00830	0.01660	0.01868	0.86094	0.00415	0.00415	0.00208	0.00208
20	0.03016	0.00897	0.01294	0.09966	0.18858	0.00961	0.07492	0.10529	0.07213	0.01799	0.01214	0.01429	0.00948	0.00523	0.00474	0.00140	0.03499	0.00449	0.28687	0.00613
21	0.03193	0.10572	0.16173	0.01225	0.05345	0.04306	0.04982	0.36416	0.05244	0.04892	0.01084	0.02536	0.00816	0.00532	0.00456	0.00142	0.00568	0.00418	0.00365	0.00735
22	0.00581	0.00419	0.00551	0.00656	0.00691	0.00389	0.00440	0.00667	0.00924	0.01224	0.02748	0.78848	0.07130	0.01483	0.00608	0.00192	0.00275	0.01341	0.00444	0.00389
23	0.00725	0.00518	0.00603	0.00571	0.00711	0.00469	0.00423	0.00919	0.03547	0.05658	0.35961	0.03786	0.34284	0.08843	0.00735	0.00185	0.00269	0.00877	0.00473	0.00445
24	0.00686	0.00491	0.00617	0.00688	0.00750	0.00478	0.00475	0.05811	0.02582	0.01374	0.02537	0.71259	0.04684	0.01380	0.00588	0.00186	0.00293	0.01241	0.03454	0.00426
25	0.01524	0.25856	0.10213	0.03538	0.07089	0.10424	0.00997	0.19475	0.02599	0.12437	0.01013	0.01069	0.00760	0.00493	0.00419	0.00131	0.00567	0.00364	0.00332	0.00700
26	0.00684	0.00509	0.00750	0.00750	0.00829	0.00588	0.00575	0.00842	0.00763	0.01096	0.01297	0.01969	0.01235	0.09418	0.75529	0.00746	0.01220	0.00526	0.00259	0.00417
27	0.00919	0.00711	0.01037	0.00905	0.01015	0.00800	0.09151	0.02792	0.00926	0.03788	0.01454	0.16889	0.01439	0.10499	0.06002	0.00239	0.19631	0.00657	0.20672	0.00475
28	0.01092	0.01078	0.01784	0.32395	0.41042	0.03957	0.07092	0.01388	0.01043	0.01408	0.00874	0.01211	0.00702	0.00455	0.00506	0.00151	0.02513	0.00431	0.00228	0.00651
29	0.01055	0.00836	0.01180	0.01038	0.02419	0.00999	0.04664	0.01255	0.04780	0.10732	0.07548	0.09467	0.05872	0.05609	0.03991	0.00220	0.35644	0.00616	0.01539	0.00536
30	0.01133	0.01187	0.05384	0.06051	0.05876	0.10575	0.02872	0.04606	0.20766	0.01503	0.01350	0.06554	0.03919	0.00838	0.04275	0.00195	0.21468	0.00522	0.00321	0.00606
31	0.05634	0.01231	0.01741	0.12396	0.56850	0.11051	0.01333	0.01488	0.01091	0.01501	0.00861	0.01133	0.00712	0.00441	0.00459	0.00142	0.00603	0.00402	0.00238	0.00692
32	0.01047	0.00973	0.01817	0.03679	0.08753	0.00936	0.36223	0.04586	0.01127	0.06210	0.01748	0.18228	0.09333	0.00739	0.00574	0.00166	0.02197	0.00741	0.00333	0.00590
33	0.01194	0.00778	0.00948	0.00821	0.01021	0.00833	0.00639	0.19944	0.05469	0.12161	0.01398	0.01832	0.01189	0.14379	0.30178	0.00419	0.00754	0.00511	0.03045	0.02488
34	0.01086	0.00879	0.01043	0.05614	0.04707	0.02432	0.02998	0.12488	0.23815	0.04937	0.12129	0.06586	0.17666	0.00805	0.00517	0.00157	0.00393	0.00685	0.00445	0.00617
35	0.00619	0.00455	0.00587	0.00662	0.00732	0.00422	0.00480	0.00746	0.01024	0.01351	0.12931	0.50056	0.14393	0.01363	0.00605	0.00187	0.00289	0.12237	0.00454	0.00406
36	0.01374	0.53527	0.02061	0.03800	0.01360	0.18027	0.00854	0.03693	0.08903	0.01275	0.00827	0.00916	0.00704	0.00457	0.00361	0.00116	0.00575	0.00305	0.00249	0.00618
37	0.00654	0.00501	0.00599	0.00586	0.00709	0.00460	0.00433	0.00874	0.04419	0.01637	0.44160	0.12255	0.27175	0.02655	0.00601	0.00165	0.00247	0.00944	0.00486	0.00439
38	0.08166	0.01094	0.01249	0.23040	0.04408	0.13162	0.04041	0.03498	0.13919	0.06469	0.01316	0.04661	0.01123	0.00642	0.00502	0.00159	0.01967	0.08648	0.00335	0.01601
39	0.01005	0.14230	0.69374	0.01283	0.01946	0.01223	0.01628	0.01502	0.01004	0.01457	0.00830	0.00974	0.00607	0.00448	0.00433	0.00144	0.00678	0.00339	0.00202	0.00693

[dist]
# distance from previous block
# <min> <max>
0	2

[block]
# block no. 2 follows, 53 sequences, length 12
# corresponding to MSA columns:
# 197-208
name=unknown_C
#
# <colnr> <probs for GDERKNQSTAVLIFYWHMCP>
#	G	D	E	R	K	N	Q	S	T	A	V	L	I	F	Y	W	H	M	C	P
0	0.01432	0.13254	0.18539	0.04687	0.01698	0.15751	0.06986	0.19604	0.06798	0.05292	0.01006	0.01095	0.00752	0.00499	0.00448	0.00139	0.00633	0.00387	0.00315	0.00687
1	0.01480	0.01082	0.01157	0.00946	0.01225	0.03505	0.00752	0.44055	0.08233	0.07441	0.01610	0.07879	0.05831	0.07617	0.00679	0.00177	0.02458	0.00567	0.02622	0.00684
2	0.01063	0.05657	0.03516	0.00751	0.01157	0.00751	0.00630	0.03180	0.03127	0.05012	0.05672	0.01186	0.00971	0.00421	0.00379	0.00087	0.00373	0.00338	0.00314	0.65417
3	0.00627	0.00460	0.00600	0.00661	0.00731	0.00416	0.00454	0.00738	0.00976	0.01334	0.12119	0.66456	0.03133	0.01341	0.00584	0.00179	0.00277	0.01211	0.00441	0.07264
4	0.00694	0.00466	0.00535	0.00535	0.00540	0.00471	0.00307	0.00704	0.00699	0.00937	0.01493	0.03057	0.01707	0.78692	0.06901	0.00481	0.00510	0.00685	0.00288	0.00297
5	0.01321	0.01424	0.01181	0.02698	0.01267	0.37154	0.02483	0.02751	0.01135	0.04234	0.07272	0.01447	0.01118	0.04572	0.14901	0.00267	0.11747	0.00439	0.02068	0.00522
6	0.01785	0.02278	0.01354	0.01231	0.01478	0.81284	0.00924	0.01909	0.01354	0.01170	0.00739	0.00862	0.00616	0.00493	0.00431	0.00123	0.00862	0.00308	0.00246	0.00554
7	0.02534	0.03425	0.09820	0.06282	0.25700	0.03338	0.01102	0.07506	0.15080	0.05855	0.08996	0.01507	0.01244	0.00582	0.00537	0.01423	0.03573	0.00474	0.00341	0.00685
8	0.01423	0.04581	0.12256	0.04662	0.23627	0.05582	0.02936	0.19793	0.08931	0.09813	0.01134	0.01226	0.00842	0.00507	0.00467	0.00145	0.00564	0.00424	0.00347	0.00741
9	0.00642	0.00493	0.00556	0.00586	0.00711	0.00442	0.00427	0.00804	0.04132	0.03318	0.03846	0.30454	0.46941	0.01271	0.00578	0.00174	0.00270	0.03483	0.00449	0.00424
10	0.04875	0.13922	0.07467	0.02805	0.08207	0.31789	0.10365	0.08749	0.01277	0.04996	0.00865	0.01001	0.00679	0.00471	0.00436	0.00133	0.00693	0.00363	0.00273	0.00635
11	0.00917	0.00865	0.01460	0.77869	0.07361	0.01066	0.01335	0.01234	0.00963	0.01239	0.00852	0.01269	0.00643	0.00475	0.00478	0.00158	0.00633	0.00425	0.00214	0.00543

[dist]
# distance from previous block
# <min> <max>
4	12

[block]
# block no. 3 follows, 53 sequences, length 21
# corresponding to MSA columns:
# 229-238,241-251
name=unknown_D
#
# <colnr> <probs for GDERKNQSTAVLIFYWHMCP>
#	G	D	E	R	K	N	Q	S	T	A	V	L	I	F	Y	W	H	M	C	P
0	0.01158	0.25809	0.45183	0.01154	0.01717	0.05240	0.01340	0.07412	0.01109	0.01501	0.00818	0.00942	0.00628	0.00448	0.00408	0.00132	0.00631	0.00326	0.00229	0.03815
1	0.21208	0.03907	0.00986	0.00789	0.01059	0.02965	0.00635	0.11526	0.06186	0.22019	0.12703	0.03721	0.01572	0.05541	0.00567	0.00168	0.00402	0.02980	0.00443	0.00622
2	0.00631	0.00518	0.00628	0.08776	0.00935	0.00482	0.00491	0.00799	0.01137	0.01453	0.25197	0.09284	0.45774	0.01091	0.00559	0.00160	0.00280	0.00933	0.00443	0.00429
3	0.00847	0.00849	0.05295	0.07382	0.04300	0.02932	0.12524	0.02822	0.04499	0.01419	0.08380	0.28681	0.06282	0.01189	0.08045	0.00226	0.02633	0.00830	0.00356	0.00512
4	0.00923	0.04407	0.08255	0.03913	0.01195	0.00794	0.05121	0.03316	0.14217	0.04265	0.11314	0.15062	0.08473	0.03054	0.00652	0.04398	0.00418	0.09288	0.00398	0.00537
5	0.00617	0.00486	0.00556	0.00538	0.00677	0.00425	0.00404	0.00786	0.01211	0.01581	0.39597	0.04124	0.45091	0.01103	0.00564	0.00156	0.00234	0.00942	0.00482	0.00425
6	0.00689	0.00453	0.00599	0.00677	0.00733	0.00423	0.00471	0.00787	0.00955	0.05543	0.04303	0.64603	0.04842	0.06051	0.00708	0.00207	0.00305	0.06795	0.00445	0.00411
7	0.06396	0.08771	0.48312	0.01298	0.01860	0.10718	0.08107	0.06390	0.01123	0.01575	0.00844	0.00991	0.00625	0.00457	0.00441	0.00144	0.00686	0.00357	0.00234	0.00671
8	0.01133	0.10348	0.40666	0.01166	0.04145	0.01092	0.01257	0.03289	0.05248	0.10976	0.01335	0.01422	0.06642	0.00720	0.04889	0.00183	0.04092	0.00432	0.00293	0.00671
9	0.00608	0.00434	0.00584	0.00695	0.00734	0.00410	0.00488	0.00710	0.00940	0.01249	0.02620	0.72302	0.03105	0.01473	0.00617	0.00198	0.00300	0.11694	0.00443	0.00395
10	0.02312	0.01159	0.12295	0.19853	0.04588	0.01025	0.13590	0.06754	0.05405	0.15486	0.01231	0.03254	0.00928	0.00552	0.00526	0.00156	0.03571	0.01888	0.04776	0.00652
11	0.01195	0.07755	0.09658	0.09730	0.46124	0.07339	0.04184	0.03964	0.01115	0.01500	0.00905	0.02744	0.00757	0.00463	0.00462	0.00142	0.00608	0.00420	0.00241	0.00695
12	0.01343	0.01238	0.01508	0.07916	0.22886	0.09228	0.04261	0.16649	0.26233	0.01912	0.01263	0.01347	0.00966	0.00535	0.00478	0.00149	0.00544	0.00457	0.00362	0.00725
13	0.71396	0.01022	0.02097	0.02834	0.02980	0.04079	0.00621	0.05456	0.00935	0.03953	0.00735	0.00845	0.00563	0.00456	0.00326	0.00147	0.00414	0.00285	0.00305	0.00550
14	0.01480	0.03805	0.01484	0.03220	0.08856	0.46779	0.03879	0.01682	0.04526	0.01253	0.00839	0.02939	0.00732	0.00575	0.00656	0.00146	0.15934	0.00385	0.00251	0.00576
15	0.01402	0.00654	0.00849	0.00730	0.00966	0.00582	0.00571	0.03421	0.01254	0.40604	0.12660	0.18035	0.12304	0.00898	0.00524	0.00158	0.00335	0.00768	0.02664	0.00620
16	0.01355	0.02671	0.37195	0.01232	0.01752	0.02903	0.10203	0.06902	0.03786	0.21840	0.02723	0.01362	0.02812	0.00526	0.00479	0.00150	0.00600	0.00445	0.00347	0.00719
17	0.00955	0.00632	0.00833	0.04908	0.00985	0.00576	0.00542	0.02824	0.02837	0.03257	0.00901	0.01294	0.00804	0.01079	0.01181	0.46157	0.00408	0.00376	0.00257	0.29193
18	0.00836	0.03146	0.04706	0.00888	0.04649	0.00614	0.05185	0.01039	0.03073	0.06810	0.08275	0.36273	0.10291	0.03038	0.00600	0.00179	0.00366	0.05937	0.03604	0.00491
19	0.01319	0.76846	0.02411	0.00852	0.01247	0.08387	0.00826	0.01470	0.01003	0.01128	0.00671	0.00775	0.00614	0.00416	0.00317	0.00104	0.00540	0.00260	0.00208	0.00609
20	0.05807	0.01103	0.01784	0.02602	0.68262	0.01103	0.01335	0.01485	0.03807	0.01608	0.00920	0.01170	0.00766	0.00430	0.00457	0.00139	0.00537	0.00412	0.00251	0.06022

[dist]
# distance from previous block
# <min> <max>
0	2

[block]
# block no. 4 follows, 53 sequences, length 41
# corresponding to MSA columns:
# 254-281,287-299
name=unknown_E
#
# <colnr> <probs for GDERKNQSTAVLIFYWHMCP>
#	G	D	E	R	K	N	Q	S	T	A	V	L	I	F	Y	W	H	M	C	P
0	0.01115	0.01064	0.01806	0.17540	0.56981	0.01107	0.04382	0.01451	0.04221	0.01510	0.00989	0.01369	0.00829	0.00474	0.00484	0.00149	0.00578	0.03001	0.00249	0.00700
1	0.04876	0.01403	0.01610	0.02958	0.11212	0.19117	0.14674	0.20288	0.08805	0.02761	0.01187	0.03064	0.03225	0.00552	0.00501	0.00147	0.02145	0.00468	0.00338	0.00669
2	0.01044	0.01092	0.08728	0.40386	0.04241	0.01081	0.11833	0.10512	0.04336	0.01601	0.06990	0.01557	0.01062	0.00546	0.00500	0.00158	0.00604	0.02837	0.00289	0.00601
3	0.03016	0.00462	0.00572	0.00562	0.00629	0.00463	0.00394	0.00884	0.00812	0.03895	0.01344	0.01844	0.04143	0.08648	0.04465	0.37356	0.00381	0.00476	0.29314	0.00340
4	0.00753	0.00930	0.15664	0.01034	0.04994	0.00667	0.07880	0.00977	0.00949	0.01314	0.03593	0.38156	0.03580	0.04506	0.11075	0.00264	0.00557	0.02273	0.00342	0.00492
5	0.00620	0.00481	0.00565	0.00556	0.00683	0.00425	0.00412	0.00789	0.01203	0.01589	0.41096	0.10450	0.37170	0.01121	0.00568	0.00159	0.00237	0.00967	0.00484	0.00425
6	0.00761	0.00551	0.00756	0.00789	0.00882	0.00591	0.00630	0.04120	0.00953	0.01292	0.01835	0.06503	0.01921	0.12912	0.33657	0.00470	0.00782	0.29819	0.00347	0.00429
7	0.00830	0.00415	0.00623	0.00623	0.00623	0.00415	0.00415	0.00623	0.00623	0.00830	0.00830	0.01453	0.00830	0.01660	0.01868	0.86094	0.00415	0.00415	0.00208	0.00208
8	0.00950	0.00962	0.04364	0.37588	0.08348	0.01149	0.01175	0.01180	0.00878	0.01224	0.00880	0.04536	0.00789	0.02856	0.03331	0.00202	0.28358	0.00467	0.00225	0.00537
9	0.01259	0.01093	0.01199	0.14702	0.01626	0.05086	0.00873	0.14483	0.45864	0.01971	0.01526	0.01520	0.01144	0.00588	0.00474	0.00153	0.00466	0.00481	0.01593	0.03899
10	0.00860	0.00652	0.00795	0.00684	0.00931	0.00528	0.00513	0.01020	0.01005	0.05222	0.06143	0.31689	0.05051	0.00859	0.00475	0.00128	0.00316	0.00753	0.00378	0.41998
11	0.01130	0.15569	0.51779	0.01259	0.01851	0.01230	0.06727	0.03068	0.04875	0.06773	0.00960	0.01070	0.00699	0.00464	0.00441	0.00144	0.00642	0.00371	0.00250	0.00698
12	0.00967	0.02415	0.76942	0.01394	0.02090	0.01115	0.05492	0.01515	0.01015	0.01515	0.00863	0.01023	0.00611	0.00452	0.00459	0.00152	0.00711	0.00363	0.00204	0.00703
13	0.00810	0.00422	0.00631	0.00635	0.00642	0.00427	0.00429	0.00641	0.00644	0.00865	0.00930	0.04523	0.00944	0.01794	0.07594	0.76688	0.00473	0.00457	0.00220	0.00230
14	0.44632	0.00968	0.00966	0.00786	0.01120	0.01036	0.00648	0.16254	0.01254	0.26414	0.01132	0.01108	0.00778	0.00514	0.00387	0.00147	0.00411	0.00359	0.00421	0.00664
15	0.01397	0.15508	0.07611	0.01852	0.33431	0.17035	0.03257	0.07494	0.01219	0.05536	0.00896	0.01059	0.00719	0.00457	0.00438	0.00133	0.00621	0.00375	0.00267	0.00693
16	0.00692	0.00498	0.00650	0.00692	0.00793	0.00461	0.01972	0.00844	0.02311	0.04291	0.07942	0.42732	0.19927	0.01305	0.00597	0.00185	0.00308	0.12916	0.00451	0.00430
17	0.00588	0.00480	0.00520	0.00521	0.00663	0.00412	0.00387	0.00727	0.01127	0.01408	0.19404	0.10562	0.59162	0.01187	0.00568	0.00162	0.00242	0.01008	0.00460	0.00412
18	0.00706	0.00539	0.00786	0.00773	0.00845	0.00636	0.00594	0.00856	0.00759	0.01094	0.01263	0.01952	0.01215	0.11321	0.68679	0.00704	0.06078	0.00525	0.00257	0.00419
19	0.03201	0.15608	0.03196	0.04423	0.09318	0.13013	0.16982	0.13084	0.08246	0.04119	0.01011	0.01149	0.00784	0.00486	0.00467	0.00140	0.01726	0.00416	0.01965	0.00666
20	0.00814	0.00443	0.00656	0.00650	0.00660	0.00463	0.00446	0.00664	0.00645	0.00873	0.00902	0.01556	0.00902	0.05026	0.10843	0.71058	0.02502	0.00437	0.00216	0.00243
21	0.01374	0.00646	0.00845	0.00706	0.00950	0.00566	0.00561	0.01565	0.01322	0.40057	0.31212	0.02773	0.13744	0.00823	0.00524	0.00151	0.00316	0.00699	0.00546	0.00620
22	0.02362	0.04067	0.05564	0.01210	0.01553	0.06800	0.21600	0.23089	0.04030	0.01943	0.07007	0.05996	0.05810	0.00626	0.00497	0.00149	0.00555	0.00565	0.05942	0.00635
23	0.03989	0.13341	0.12006	0.08685	0.11291	0.13019	0.07169	0.07116	0.04458	0.09712	0.01057	0.01289	0.00830	0.00512	0.00451	0.00143	0.00607	0.03366	0.00301	0.00660
24	0.01569	0.01591	0.01346	0.04188	0.06390	0.35950	0.02982	0.19107	0.08609	0.04806	0.02045	0.03238	0.03335	0.00575	0.00465	0.00139	0.00644	0.00438	0.01940	0.00643
25	0.80242	0.00929	0.00741	0.00651	0.00953	0.01064	0.00537	0.03387	0.00877	0.06078	0.00738	0.00828	0.00558	0.00454	0.00310	0.00148	0.00375	0.00274	0.00315	0.00540
26	0.00868	0.00673	0.01081	0.00988	0.01140	0.00665	0.13675	0.01074	0.02462	0.05532	0.02045	0.21491	0.02188	0.11928	0.00886	0.00231	0.03356	0.28859	0.00389	0.00471
27	0.03414	0.01065	0.01036	0.00935	0.01162	0.14511	0.04510	0.01772	0.33234	0.03375	0.07143	0.09870	0.12080	0.00800	0.00508	0.00159	0.00446	0.02956	0.00422	0.00600
28	0.16857	0.09192	0.01342	0.01084	0.01357	0.57822	0.00841	0.03836	0.01248	0.01389	0.00730	0.00846	0.00603	0.00479	0.00397	0.00126	0.00734	0.00298	0.00258	0.00560
29	0.01578	0.01266	0.01297	0.01058	0.01391	0.05259	0.00852	0.46080	0.31401	0.02539	0.01430	0.01374	0.01048	0.00598	0.00479	0.00150	0.00486	0.00466	0.00470	0.00779
30	0.00670	0.00488	0.00630	0.00595	0.00710	0.00448	0.00446	0.00890	0.01338	0.01882	0.75780	0.03628	0.08720	0.00990	0.00564	0.00151	0.00226	0.00872	0.00522	0.00448
31	0.00829	0.00449	0.00477	0.00490	0.00576	0.00447	0.00350	0.01004	0.00949	0.01585	0.01674	0.09149	0.01522	0.13914	0.00705	0.00178	0.00273	0.02925	0.62088	0.00415
32	0.01189	0.01027	0.01081	0.00973	0.01243	0.01189	0.00757	0.02540	0.79357	0.01999	0.01945	0.01783	0.01459	0.00648	0.00486	0.00162	0.00378	0.00540	0.00486	0.00757
33	0.00614	0.00439	0.00557	0.00640	0.00674	0.00417	0.00423	0.00706	0.02068	0.01187	0.02532	0.62403	0.06640	0.15852	0.00928	0.00240	0.00313	0.02572	0.00417	0.00378
34	0.00703	0.00529	0.00754	0.00744	0.00808	0.00613	0.00559	0.00837	0.00752	0.01076	0.01293	0.02081	0.01273	0.18963	0.62068	0.00682	0.05058	0.00543	0.00260	0.00405
35	0.00959	0.02472	0.80726	0.01362	0.02069	0.01110	0.01766	0.01514	0.01009	0.01514	0.00858	0.01009	0.00605	0.00454	0.00454	0.00151	0.00706	0.00353	0.00202	0.00706
36	0.00579	0.00431	0.00540	0.00627	0.00683	0.00391	0.00426	0.00670	0.00952	0.01235	0.03107	0.66120	0.19626	0.01436	0.00600	0.00187	0.00270	0.01284	0.00444	0.00391
37	0.01209	0.00906	0.01191	0.03184	0.01297	0.00965	0.08507	0.11626	0.23803	0.11209	0.13384	0.05360	0.06778	0.00741	0.00567	0.00160	0.04460	0.01935	0.02072	0.00648
38	0.01481	0.04727	0.10309	0.01318	0.01687	0.27031	0.16990	0.14310	0.05174	0.06152	0.01048	0.03850	0.00828	0.00535	0.00501	0.00144	0.02506	0.00443	0.00314	0.00652
39	0.82466	0.00919	0.00722	0.00639	0.00939	0.01054	0.00527	0.01450	0.00840	0.05964	0.00725	0.00818	0.00550	0.00451	0.00305	0.00148	0.00372	0.00270	0.00310	0.00532
40	0.01228	0.48658	0.25563	0.00990	0.01480	0.04200	0.01085	0.01504	0.01016	0.05132	0.00793	0.00895	0.00643	0.00431	0.00365	0.00118	0.00568	0.00299	0.00228	0.04802

[dist]
# distance from previous block
# <min> <max>
0	3

[block]
# block no. 5 follows, 53 sequences, length 27
# corresponding to MSA columns:
# 303-329
name=unknown_F
#
# <colnr> <probs for GDERKNQSTAVLIFYWHMCP>
#	G	D	E	R	K	N	Q	S	T	A	V	L	I	F	Y	W	H	M	C	P
0	0.14603	0.29862	0.10365	0.01168	0.09517	0.13093	0.00969	0.06691	0.04098	0.01538	0.00801	0.00926	0.00659	0.00469	0.00420	0.00131	0.03483	0.00320	0.00257	0.00630
1	0.01024	0.01883	0.46263	0.01522	0.06089	0.01118	0.19196	0.01609	0.10492	0.01568	0.01080	0.04098	0.00835	0.00502	0.00490	0.00156	0.00667	0.00464	0.00256	0.00690
2	0.01017	0.09297	0.68573	0.01272	0.01921	0.01141	0.01604	0.01513	0.01030	0.04177	0.03584	0.01097	0.00759	0.00473	0.00446	0.00147	0.00663	0.00367	0.00226	0.00693
3	0.00695	0.00463	0.00521	0.00521	0.00521	0.00463	0.00290	0.00695	0.00695	0.00927	0.01506	0.03128	0.01738	0.83203	0.02433	0.00463	0.00463	0.00695	0.00290	0.00290
4	0.01028	0.00917	0.01216	0.01109	0.03430	0.04188	0.00875	0.03552	0.00853	0.04133	0.00930	0.01364	0.00856	0.03158	0.24257	0.00362	0.44374	0.00450	0.02431	0.00517
5	0.70485	0.01114	0.03313	0.00758	0.01069	0.09063	0.02863	0.01490	0.00899	0.04348	0.00724	0.00832	0.00556	0.00452	0.00327	0.00146	0.00443	0.00282	0.00295	0.00540
6	0.00616	0.00452	0.00584	0.00669	0.00735	0.00420	0.00484	0.00735	0.00998	0.01310	0.08059	0.54280	0.14090	0.01394	0.00608	0.00191	0.00295	0.13229	0.00449	0.00403
7	0.01215	0.51926	0.22144	0.01016	0.01492	0.06875	0.03475	0.01478	0.01012	0.01255	0.00735	0.00859	0.00619	0.00424	0.00362	0.00117	0.00587	0.00294	0.00211	0.03906
8	0.01119	0.10180	0.26262	0.02921	0.04879	0.06785	0.02314	0.07771	0.12231	0.01637	0.04966	0.01707	0.05064	0.00604	0.00467	0.00147	0.00551	0.05663	0.00317	0.04414
9	0.05333	0.08359	0.14296	0.03330	0.01379	0.11505	0.05442	0.07320	0.02307	0.11771	0.00989	0.01202	0.00775	0.00798	0.00813	0.22582	0.00564	0.00391	0.00293	0.00554
10	0.00691	0.00518	0.00650	0.00655	0.00773	0.00492	0.00504	0.00943	0.05401	0.01669	0.43327	0.13294	0.15134	0.01110	0.00580	0.00169	0.00276	0.12874	0.00489	0.00451
11	0.00599	0.00426	0.00563	0.00659	0.00693	0.00400	0.00444	0.00690	0.00935	0.01253	0.07462	0.71602	0.03159	0.05911	0.00708	0.00207	0.00288	0.03171	0.00440	0.00388
12	0.00784	0.03176	0.00971	0.04551	0.17129	0.00664	0.00728	0.00996	0.03751	0.01421	0.11562	0.33208	0.11436	0.01065	0.00556	0.00171	0.00364	0.06570	0.00395	0.00502
13	0.01096	0.01059	0.01650	0.34255	0.36379	0.05216	0.03610	0.04115	0.01096	0.01459	0.03185	0.02954	0.00860	0.00493	0.00481	0.00150	0.00600	0.00455	0.00249	0.00639
14	0.01732	0.00817	0.01036	0.00823	0.01132	0.00765	0.00666	0.13124	0.02899	0.49415	0.13927	0.02051	0.05630	0.03049	0.00553	0.00158	0.00389	0.00566	0.00547	0.00721
15	0.00584	0.00423	0.00547	0.00645	0.00684	0.00392	0.00432	0.00668	0.00924	0.01217	0.02793	0.73585	0.09856	0.03974	0.00662	0.00199	0.00280	0.01308	0.00439	0.00387
16	0.01078	0.01095	0.04126	0.19745	0.30565	0.01075	0.23858	0.01400	0.01081	0.03209	0.04468	0.04118	0.00973	0.00496	0.00509	0.00154	0.00628	0.00516	0.00259	0.00648
17	0.01210	0.00734	0.00902	0.03561	0.01074	0.00749	0.00632	0.03148	0.19285	0.22294	0.16176	0.10343	0.08701	0.00862	0.01719	0.00167	0.02731	0.00690	0.04406	0.00617
18	0.00582	0.00416	0.00555	0.00666	0.00693	0.00388	0.00444	0.00666	0.00915	0.01220	0.02634	0.82891	0.03161	0.01497	0.00610	0.00194	0.00277	0.01359	0.00444	0.00388
19	0.01059	0.02031	0.54408	0.01470	0.02083	0.01103	0.20254	0.02973	0.01087	0.05038	0.03360	0.01185	0.00783	0.00466	0.00486	0.00153	0.00699	0.00427	0.00244	0.00690
20	0.03486	0.03908	0.08882	0.06301	0.12040	0.06033	0.07679	0.09649	0.11326	0.12788	0.03256	0.06166	0.01130	0.00605	0.00521	0.00154	0.03337	0.01700	0.00362	0.00677
21	0.02659	0.06601	0.25303	0.07559	0.18664	0.03726	0.16346	0.08393	0.01170	0.03746	0.00922	0.01125	0.00697	0.00453	0.00472	0.00147	0.00654	0.00416	0.00256	0.00691
22	0.51932	0.01003	0.01063	0.10868	0.11117	0.03874	0.00814	0.01376	0.00873	0.01802	0.00714	0.00924	0.00579	0.00497	0.00505	0.00155	0.10766	0.00321	0.00266	0.00551
23	0.01130	0.01066	0.01807	0.14683	0.65656	0.01098	0.01403	0.01417	0.01065	0.01519	0.00917	0.01220	0.00757	0.00439	0.00469	0.00143	0.00565	0.00426	0.03509	0.00711
24	0.01768	0.00714	0.00920	0.00738	0.01032	0.00640	0.00599	0.01989	0.02924	0.56525	0.01794	0.01674	0.01201	0.00583	0.00439	0.00138	0.00354	0.00472	0.24789	0.00708
25	0.00966	0.02303	0.71610	0.01364	0.02026	0.01097	0.05945	0.01526	0.03316	0.01541	0.03339	0.01126	0.00758	0.00473	0.00465	0.00152	0.00687	0.00386	0.00222	0.00697
26	0.00628	0.00479	0.00588	0.00632	0.00726	0.00447	0.00460	0.00797	0.03447	0.01388	0.15917	0.36721	0.24832	0.01385	0.04142	0.00204	0.00317	0.06021	0.00450	0.00419

[dist]
# distance from previous block
# <min> <max>
3	11

[block]
# block no. 6 follows, 53 sequences, length 6
# corresponding to MSA columns:
# 341-346
name=unknown_G
#
# <colnr> <probs for GDERKNQSTAVLIFYWHMCP>
#	G	D	E	R	K	N	Q	S	T	A	V	L	I	F	Y	W	H	M	C	P
0	0.04324	0.03418	0.20382	0.11204	0.10402	0.01025	0.14588	0.01363	0.04015	0.03452	0.01098	0.05163	0.00960	0.10483	0.02843	0.00209	0.03708	0.00504	0.00262	0.00596
1	0.86579	0.00924	0.00702	0.00629	0.00924	0.01072	0.00518	0.01405	0.00813	0.02144	0.00666	0.00776	0.00518	0.00444	0.00296	0.00148	0.00370	0.00259	0.00296	0.00518
2	0.00676	0.00489	0.00639	0.00601	0.00714	0.00451	0.00451	0.00902	0.01353	0.01917	0.79969	0.03570	0.04510	0.00977	0.00564	0.00150	0.00225	0.00864	0.00526	0.00451
3	0.01183	0.01136	0.01940	0.02934	0.80221	0.01136	0.01467	0.01467	0.01088	0.01562	0.00899	0.01183	0.00757	0.00426	0.00473	0.00142	0.00568	0.00426	0.00237	0.00757
4	0.00682	0.00465	0.00518	0.00518	0.00534	0.00457	0.00297	0.00694	0.00735	0.00963	0.01842	0.03276	0.09613	0.74954	0.02245	0.00433	0.00441	0.00727	0.00305	0.00301
5	0.00675	0.00463	0.00542	0.00554	0.00572	0.00463	0.00334	0.00704	0.00745	0.00991	0.01785	0.11359	0.06077	0.64068	0.08335	0.00443	0.00496	0.00766	0.00311	0.00317

[dist]
# distance from previous block
# <min> <max>
0	4

# created by:
# /home/cegg/simao/soft/augustus-3.2.1/scripts/msa2prfl.pl ./align_prep/EOG091G0PIU.fa
