[name]
unknown

[dist]
# distance from previous block
# <min> <max>
0	153

[block]
# block no. 0 follows, 39 sequences, length 69
# corresponding to MSA columns:
# 191-203,220-227,230-277
name=unknown_A
#
# <colnr> <probs for GDERKNQSTAVLIFYWHMCP>
#	G	D	E	R	K	N	Q	S	T	A	V	L	I	F	Y	W	H	M	C	P
0	0.02426	0.01104	0.01400	0.01103	0.01541	0.01048	0.00901	0.08806	0.13683	0.57914	0.02269	0.01995	0.01482	0.00742	0.00596	0.00185	0.00510	0.00602	0.00699	0.00995
1	0.01498	0.60604	0.17434	0.01154	0.01724	0.02106	0.01240	0.01859	0.04825	0.01540	0.00948	0.01070	0.00809	0.00532	0.00426	0.00142	0.00672	0.00357	0.00270	0.00790
2	0.00846	0.00631	0.00935	0.00935	0.01036	0.00731	0.00720	0.01046	0.00946	0.01362	0.01598	0.02400	0.01512	0.08127	0.73227	0.00932	0.01534	0.00645	0.00319	0.00520
3	0.01027	0.00514	0.00770	0.00770	0.00770	0.00514	0.00514	0.00770	0.00770	0.01027	0.01027	0.01798	0.01027	0.02054	0.02311	0.82794	0.00514	0.00514	0.00257	0.00257
4	0.01443	0.01379	0.02348	0.03536	0.73091	0.01377	0.01774	0.01792	0.01357	0.01946	0.03531	0.01560	0.01088	0.00549	0.00589	0.00176	0.00689	0.00545	0.00304	0.00924
5	0.02248	0.01656	0.01775	0.01361	0.01834	0.01834	0.01124	0.73556	0.02780	0.03727	0.01420	0.01420	0.01006	0.00710	0.00592	0.00177	0.00651	0.00532	0.00592	0.01006
6	0.01534	0.01805	0.03013	0.02224	0.02748	0.16698	0.55990	0.01949	0.01451	0.01793	0.01322	0.01644	0.03704	0.00559	0.00665	0.00190	0.00984	0.00655	0.00310	0.00764
7	0.07272	0.13841	0.08269	0.01007	0.01537	0.01175	0.00919	0.04276	0.01332	0.13007	0.01204	0.01289	0.00922	0.00521	0.00463	0.00127	0.00527	0.00393	0.00392	0.41526
8	0.01233	0.01170	0.01983	0.52990	0.27972	0.01344	0.01700	0.01613	0.01237	0.01652	0.01072	0.01539	0.00838	0.00570	0.00589	0.00190	0.00760	0.00526	0.00273	0.00751
9	0.01420	0.01362	0.02289	0.03395	0.68746	0.01379	0.01727	0.01752	0.01328	0.01894	0.01331	0.01659	0.04489	0.00595	0.00650	0.00180	0.04038	0.00561	0.00304	0.00903
10	0.00855	0.00591	0.00737	0.00737	0.00769	0.00623	0.00473	0.00919	0.00887	0.01215	0.01779	0.03404	0.01948	0.56682	0.25267	0.00687	0.00878	0.00792	0.00346	0.00409
11	0.01102	0.00551	0.00551	0.00551	0.00689	0.00551	0.00413	0.01378	0.01240	0.02205	0.01929	0.02205	0.01516	0.00689	0.00413	0.00138	0.00276	0.00551	0.82500	0.00551
12	0.01447	0.47486	0.23482	0.01379	0.01995	0.01954	0.09917	0.01840	0.02648	0.01606	0.00964	0.01133	0.00793	0.00526	0.00472	0.00154	0.00740	0.00402	0.00264	0.00799
13	0.00854	0.00595	0.00757	0.00757	0.00796	0.00634	0.00498	0.00932	0.00893	0.01230	0.01761	0.03302	0.01903	0.51737	0.30152	0.00712	0.00945	0.00777	0.00343	0.00421
14	0.01102	0.00551	0.00551	0.00551	0.00689	0.00551	0.00413	0.01378	0.01240	0.02205	0.01929	0.02205	0.01516	0.00689	0.00413	0.00138	0.00276	0.00551	0.82500	0.00551
15	0.01461	0.01412	0.02438	0.03590	0.73011	0.01408	0.04302	0.01818	0.01348	0.01931	0.01115	0.01468	0.00935	0.00526	0.00589	0.00176	0.00713	0.00533	0.00293	0.00932
16	0.01102	0.00551	0.00551	0.00551	0.00689	0.00551	0.00413	0.01378	0.01240	0.02205	0.01929	0.02205	0.01516	0.00689	0.00413	0.00138	0.00276	0.00551	0.82500	0.00551
17	0.01027	0.00514	0.00770	0.00770	0.00770	0.00514	0.00514	0.00770	0.00770	0.01027	0.01027	0.01798	0.01027	0.02054	0.02311	0.82794	0.00514	0.00514	0.00257	0.00257
18	0.00714	0.00590	0.00628	0.00644	0.00813	0.00511	0.00472	0.00856	0.01286	0.01561	0.05309	0.14078	0.60715	0.04363	0.04546	0.00254	0.00378	0.01255	0.00531	0.00494
19	0.02445	0.01103	0.01403	0.01102	0.01543	0.01043	0.00902	0.09265	0.12356	0.58788	0.02262	0.01988	0.01472	0.00740	0.00595	0.00185	0.00511	0.00600	0.00700	0.00996
20	0.01581	0.79572	0.03099	0.01012	0.01518	0.02340	0.01012	0.01771	0.01202	0.01391	0.00822	0.00949	0.00759	0.00506	0.00379	0.00126	0.00632	0.00316	0.00253	0.00759
21	0.02209	0.02819	0.01676	0.01524	0.01828	0.76843	0.01143	0.02361	0.01676	0.01447	0.00914	0.01066	0.00762	0.00609	0.00533	0.00152	0.01066	0.00381	0.00305	0.00686
22	0.01398	0.01338	0.02269	0.12463	0.64618	0.01366	0.01752	0.01748	0.01327	0.01871	0.01256	0.01608	0.03216	0.00565	0.00590	0.00179	0.00700	0.00549	0.00297	0.00890
23	0.01401	0.01057	0.01246	0.00918	0.01401	0.00858	0.00737	0.07185	0.01427	0.08749	0.07410	0.01579	0.01333	0.00550	0.00486	0.00111	0.00447	0.00447	0.00429	0.62230
24	0.02248	0.01656	0.01775	0.01361	0.01834	0.01834	0.01124	0.73556	0.02780	0.03727	0.01420	0.01420	0.01006	0.00710	0.00592	0.00177	0.00651	0.00532	0.00592	0.01006
25	0.00822	0.00661	0.00832	0.04164	0.04671	0.00608	0.00622	0.01056	0.01500	0.01989	0.39370	0.04682	0.34320	0.01269	0.00688	0.00192	0.00331	0.01094	0.00574	0.00556
26	0.01483	0.16281	0.43709	0.01564	0.02277	0.01581	0.08139	0.10261	0.01457	0.06237	0.01145	0.01290	0.00835	0.00573	0.00547	0.00176	0.00795	0.00459	0.00322	0.00870
27	0.00860	0.00573	0.00645	0.00645	0.00645	0.00573	0.00358	0.00860	0.00860	0.01147	0.01863	0.03870	0.02150	0.79217	0.03010	0.00573	0.00573	0.00860	0.00358	0.00358
28	0.01294	0.01294	0.01811	0.01553	0.01553	0.01811	0.01294	0.01423	0.00906	0.01423	0.00776	0.01294	0.00776	0.01035	0.01941	0.00259	0.78134	0.00518	0.00259	0.00647
29	0.01235	0.03047	0.72587	0.01678	0.02525	0.04986	0.02135	0.01896	0.01269	0.01852	0.01054	0.01240	0.00750	0.00564	0.00560	0.00186	0.00883	0.00434	0.00252	0.00865
30	0.09127	0.01576	0.01785	0.32844	0.16354	0.18267	0.01422	0.08399	0.01454	0.01884	0.01045	0.01370	0.00816	0.00590	0.00556	0.00180	0.00791	0.00475	0.00317	0.00746
31	0.83394	0.01144	0.00869	0.00778	0.01144	0.01327	0.00640	0.01738	0.01006	0.02653	0.00823	0.00961	0.00640	0.00549	0.00366	0.00183	0.00457	0.00320	0.00366	0.00640
32	0.01413	0.01354	0.02309	0.14413	0.65139	0.01392	0.01790	0.01771	0.01323	0.01871	0.01103	0.01480	0.00915	0.00536	0.00586	0.00179	0.00715	0.00527	0.00288	0.00896
33	0.01507	0.01649	0.01845	0.42514	0.14882	0.24450	0.01517	0.01820	0.01360	0.01559	0.01019	0.01402	0.00804	0.00586	0.00573	0.00180	0.00860	0.00481	0.00280	0.00711
34	0.01294	0.01294	0.01811	0.01553	0.01553	0.01811	0.01294	0.01423	0.00906	0.01423	0.00776	0.01294	0.00776	0.01035	0.01941	0.00259	0.78134	0.00518	0.00259	0.00647
35	0.01454	0.01431	0.02547	0.03476	0.65748	0.01417	0.11477	0.01826	0.01353	0.01927	0.01124	0.01481	0.00931	0.00523	0.00601	0.00179	0.00742	0.00550	0.00294	0.00918
36	0.01327	0.05466	0.50173	0.01599	0.02288	0.06782	0.07059	0.01867	0.01317	0.05352	0.01360	0.03859	0.01123	0.00699	0.00593	0.00192	0.00826	0.06985	0.00315	0.00816
37	0.02211	0.02761	0.01681	0.01515	0.01829	0.73142	0.01142	0.05874	0.01730	0.01560	0.00939	0.01084	0.00774	0.00614	0.00536	0.00154	0.01046	0.00388	0.00319	0.00701
38	0.00831	0.00600	0.00785	0.00748	0.00882	0.00554	0.00558	0.01102	0.01647	0.02329	0.71666	0.08089	0.05498	0.01241	0.00700	0.00189	0.00282	0.01100	0.00646	0.00554
39	0.03916	0.01428	0.08879	0.01725	0.10149	0.01219	0.16508	0.07052	0.06079	0.34219	0.01748	0.01741	0.01191	0.00643	0.00607	0.00187	0.00671	0.00589	0.00521	0.00929
40	0.01462	0.02976	0.02137	0.13268	0.53331	0.01311	0.01614	0.01797	0.01359	0.07444	0.04894	0.03315	0.01245	0.00613	0.00592	0.00180	0.00669	0.00579	0.00344	0.00872
41	0.01255	0.01197	0.01999	0.45109	0.29197	0.01388	0.01674	0.01611	0.01217	0.01653	0.01050	0.01513	0.00840	0.00606	0.00702	0.00195	0.07240	0.00525	0.00273	0.00755
42	0.00704	0.00579	0.00619	0.00652	0.00813	0.00495	0.00473	0.00843	0.01297	0.01577	0.05351	0.22819	0.58573	0.01581	0.00712	0.00209	0.00310	0.01350	0.00549	0.00495
43	0.05021	0.05795	0.04052	0.01663	0.14518	0.05497	0.01186	0.29802	0.12265	0.09702	0.03624	0.01614	0.01234	0.00681	0.00571	0.00178	0.00629	0.00541	0.00504	0.00923
44	0.01282	0.20689	0.51178	0.01512	0.02243	0.01582	0.04267	0.01862	0.03753	0.01763	0.01076	0.01265	0.00821	0.00703	0.03433	0.00203	0.00835	0.00433	0.00267	0.00833
45	0.00723	0.00587	0.00642	0.00664	0.00828	0.00506	0.00490	0.00881	0.01345	0.01666	0.12553	0.18111	0.54190	0.01532	0.00711	0.00207	0.00311	0.02991	0.00559	0.00503
46	0.08044	0.01394	0.02016	0.14389	0.23004	0.01544	0.07675	0.20448	0.04416	0.02358	0.01185	0.01455	0.00922	0.00642	0.00706	0.00191	0.07851	0.00531	0.00381	0.00847
47	0.01361	0.01403	0.05522	0.21844	0.49174	0.01388	0.07202	0.01748	0.01305	0.01822	0.01101	0.01492	0.00889	0.00542	0.00594	0.00183	0.00754	0.00536	0.00284	0.00854
48	0.01647	0.01775	0.02153	0.08320	0.49829	0.22497	0.01615	0.01946	0.01427	0.01766	0.01053	0.01361	0.00877	0.00555	0.00571	0.00171	0.00810	0.00486	0.00294	0.00847
49	0.14136	0.01544	0.01611	0.01259	0.01710	0.01712	0.01037	0.57904	0.05214	0.06009	0.01401	0.01403	0.00998	0.00691	0.00559	0.00179	0.00610	0.00509	0.00564	0.00950
50	0.01341	0.01321	0.15007	0.09227	0.01974	0.01006	0.10709	0.01742	0.04265	0.15276	0.02281	0.12956	0.08163	0.01178	0.05464	0.00252	0.00695	0.05952	0.00453	0.00736
51	0.01479	0.15688	0.15023	0.05497	0.41338	0.01541	0.03893	0.01859	0.01316	0.05351	0.01110	0.01369	0.00891	0.00540	0.00549	0.00171	0.00722	0.00482	0.00298	0.00883
52	0.01572	0.12542	0.13426	0.02241	0.26682	0.01481	0.11707	0.04098	0.01386	0.10937	0.01297	0.01635	0.01032	0.00620	0.00638	0.00182	0.04082	0.03222	0.00353	0.00866
53	0.01826	0.01307	0.13563	0.04887	0.01760	0.01008	0.05646	0.02109	0.01388	0.36314	0.03874	0.02033	0.01400	0.07531	0.04714	0.03839	0.04884	0.00602	0.00503	0.00812
54	0.01408	0.01482	0.06142	0.10161	0.54892	0.01408	0.12180	0.01801	0.01334	0.01885	0.01116	0.01482	0.00908	0.00530	0.00601	0.00182	0.00762	0.00547	0.00289	0.00888
55	0.01393	0.02170	0.35777	0.01946	0.07720	0.03118	0.22616	0.01987	0.04972	0.07133	0.04469	0.01599	0.01118	0.00594	0.00613	0.00189	0.00830	0.00568	0.00337	0.00851
56	0.01570	0.07618	0.24795	0.04261	0.11476	0.14032	0.14310	0.09381	0.03432	0.01977	0.01123	0.01338	0.00857	0.00573	0.00576	0.00178	0.00853	0.00495	0.00318	0.00838
57	0.01462	0.05517	0.22631	0.06347	0.08380	0.09703	0.19924	0.01885	0.01367	0.07613	0.01460	0.06317	0.03361	0.00669	0.00608	0.00187	0.00817	0.00619	0.00339	0.00795
58	0.01444	0.01583	0.07667	0.16622	0.51111	0.07740	0.01755	0.01811	0.01338	0.01811	0.01081	0.01435	0.00882	0.00548	0.00580	0.00178	0.00761	0.00508	0.00285	0.00861
59	0.01172	0.00894	0.01125	0.01124	0.03829	0.04095	0.04116	0.01567	0.10546	0.07483	0.10040	0.13732	0.08160	0.09041	0.00937	0.00256	0.00513	0.20210	0.00529	0.00632
60	0.01748	0.36858	0.13543	0.01404	0.07102	0.01924	0.01273	0.22643	0.01696	0.05051	0.01110	0.01208	0.00869	0.00584	0.00491	0.00156	0.00674	0.00423	0.00372	0.00870
61	0.07431	0.14674	0.08171	0.04853	0.24362	0.05096	0.03800	0.03992	0.01400	0.13087	0.04117	0.04032	0.01210	0.00639	0.00546	0.00173	0.00659	0.00537	0.00384	0.00836
62	0.01235	0.20962	0.39759	0.01414	0.02029	0.01470	0.05007	0.01693	0.01225	0.01690	0.01300	0.01959	0.01149	0.04263	0.04426	0.00237	0.00807	0.08316	0.00293	0.00767
63	0.00788	0.00578	0.00684	0.00741	0.00824	0.00540	0.00516	0.00894	0.01139	0.01457	0.03577	0.26060	0.23200	0.25408	0.01438	0.00335	0.00428	0.10446	0.00490	0.00457
64	0.01729	0.01315	0.05080	0.15478	0.31503	0.01243	0.08866	0.02081	0.01419	0.23186	0.01460	0.01646	0.01052	0.00596	0.00600	0.00184	0.00697	0.00560	0.00413	0.00892
65	0.01839	0.01362	0.02312	0.02427	0.30503	0.03241	0.19564	0.02212	0.03045	0.25119	0.01539	0.01675	0.01106	0.00592	0.00616	0.00184	0.00719	0.00591	0.00439	0.00917
66	0.00941	0.00677	0.00936	0.01066	0.01205	0.00672	0.00929	0.01207	0.01361	0.01762	0.03268	0.06624	0.06845	0.01627	0.00811	0.00269	0.00533	0.68182	0.00545	0.00542
67	0.01300	0.03032	0.67886	0.01668	0.02478	0.09750	0.02069	0.01927	0.01296	0.01826	0.01045	0.01228	0.00751	0.00567	0.00559	0.00183	0.00895	0.00431	0.00256	0.00853
68	0.01658	0.10820	0.32669	0.01688	0.09617	0.06721	0.04327	0.07295	0.03994	0.13725	0.01309	0.01405	0.00945	0.00599	0.00556	0.00176	0.00759	0.00479	0.00374	0.00884

[dist]
# distance from previous block
# <min> <max>
0	10

[block]
# block no. 1 follows, 39 sequences, length 14
# corresponding to MSA columns:
# 288-300,303
name=unknown_B
#
# <colnr> <probs for GDERKNQSTAVLIFYWHMCP>
#	G	D	E	R	K	N	Q	S	T	A	V	L	I	F	Y	W	H	M	C	P
0	0.02575	0.04751	0.01472	0.01080	0.01530	0.05787	0.00893	0.02797	0.01669	0.67739	0.02173	0.01903	0.01387	0.00714	0.00581	0.00178	0.00545	0.00568	0.00683	0.00975
1	0.02653	0.01006	0.01372	0.01052	0.01510	0.00869	0.00869	0.02882	0.01693	0.75937	0.02333	0.02013	0.01464	0.00732	0.00595	0.00183	0.00503	0.00595	0.00732	0.01006
2	0.00865	0.00625	0.00844	0.00971	0.01067	0.00617	0.00767	0.01109	0.03877	0.01675	0.03164	0.39685	0.03580	0.01705	0.00781	0.00255	0.00449	0.36887	0.00549	0.00529
3	0.01596	0.01427	0.07255	0.09562	0.52988	0.01313	0.01681	0.01955	0.01378	0.13193	0.01290	0.01543	0.00991	0.00566	0.00586	0.00179	0.00691	0.00531	0.00354	0.00919
4	0.02589	0.01110	0.01436	0.01101	0.01561	0.01023	0.00910	0.14128	0.01866	0.64447	0.02188	0.01918	0.01391	0.00728	0.00594	0.00182	0.00527	0.00585	0.00710	0.01006
5	0.00926	0.00640	0.00917	0.00903	0.01006	0.00717	0.00680	0.01102	0.00967	0.04592	0.01664	0.02573	0.01592	0.17000	0.60970	0.00853	0.01365	0.00670	0.00342	0.00520
6	0.01569	0.01409	0.13147	0.06249	0.09575	0.01127	0.13406	0.06461	0.01475	0.18922	0.01883	0.11888	0.01634	0.00865	0.00648	0.00202	0.00673	0.07593	0.00462	0.00812
7	0.01352	0.01862	0.23146	0.02799	0.41026	0.01375	0.12297	0.01815	0.01327	0.01902	0.01206	0.01669	0.00995	0.00585	0.00606	0.00187	0.00786	0.03891	0.00294	0.00880
8	0.01581	0.79572	0.03099	0.01012	0.01518	0.02340	0.01012	0.01771	0.01202	0.01391	0.00822	0.00949	0.00759	0.00506	0.00379	0.00126	0.00632	0.00316	0.00253	0.00759
9	0.00765	0.00582	0.00707	0.00737	0.00867	0.00524	0.00541	0.00952	0.01398	0.01842	0.28225	0.25628	0.28140	0.01507	0.00721	0.00210	0.00318	0.05236	0.00583	0.00516
10	0.01524	0.01750	0.20803	0.02170	0.25290	0.01380	0.05172	0.08358	0.01457	0.09729	0.05948	0.01637	0.01225	0.00678	0.00759	0.00191	0.10132	0.00554	0.00374	0.00868
11	0.04473	0.01584	0.03534	0.23896	0.02458	0.13224	0.02828	0.22093	0.10546	0.07505	0.01381	0.01531	0.01011	0.00658	0.00578	0.00183	0.00731	0.00522	0.00439	0.00825
12	0.08944	0.11742	0.01502	0.07267	0.01615	0.24971	0.00949	0.06518	0.01427	0.01741	0.01676	0.22423	0.01743	0.00979	0.00580	0.00186	0.00684	0.04006	0.00397	0.00648
13	0.29423	0.01193	0.03137	0.03643	0.01563	0.03112	0.06141	0.01892	0.04470	0.13550	0.01491	0.01682	0.03787	0.00633	0.00497	0.00166	0.00535	0.02806	0.00429	0.19852

[dist]
# distance from previous block
# <min> <max>
15	103

[block]
# block no. 2 follows, 39 sequences, length 16
# corresponding to MSA columns:
# 417-432
name=unknown_C
#
# <colnr> <probs for GDERKNQSTAVLIFYWHMCP>
#	G	D	E	R	K	N	Q	S	T	A	V	L	I	F	Y	W	H	M	C	P
0	0.10579	0.02467	0.03425	0.05516	0.09674	0.04011	0.02974	0.14475	0.05575	0.11021	0.03852	0.04964	0.09184	0.01003	0.03082	0.00229	0.00642	0.03192	0.00512	0.03622
1	0.05064	0.02975	0.08277	0.03962	0.10021	0.03841	0.07165	0.12491	0.03999	0.12664	0.05482	0.04191	0.05630	0.00831	0.00640	0.00200	0.00655	0.03689	0.00498	0.07727
2	0.05865	0.01405	0.01989	0.10893	0.15526	0.04103	0.12103	0.12435	0.04417	0.10732	0.03069	0.04343	0.01289	0.00718	0.00632	0.00197	0.00706	0.00619	0.00459	0.08500
3	0.01808	0.05954	0.03705	0.03547	0.12470	0.03029	0.03393	0.17678	0.05938	0.13806	0.12216	0.02213	0.01874	0.00825	0.00685	0.00199	0.03265	0.02225	0.00535	0.04637
4	0.08091	0.07775	0.07319	0.03981	0.05810	0.04908	0.00984	0.07085	0.05993	0.03913	0.06338	0.04637	0.07667	0.03974	0.00694	0.00183	0.03538	0.00604	0.00410	0.16095
5	0.09411	0.01682	0.17419	0.03403	0.06255	0.05707	0.03160	0.10950	0.08750	0.09831	0.09796	0.01799	0.01522	0.00717	0.00646	0.00186	0.04860	0.00563	0.00444	0.02901
6	0.07941	0.05205	0.06654	0.06601	0.15774	0.01332	0.04661	0.08995	0.12550	0.13546	0.04586	0.01866	0.01365	0.00683	0.00574	0.00183	0.00609	0.02756	0.00459	0.03660
7	0.13040	0.05127	0.04225	0.02157	0.31392	0.03366	0.03615	0.12953	0.03602	0.06731	0.01233	0.01415	0.00957	0.00580	0.00536	0.00171	0.00637	0.00488	0.02865	0.04911
8	0.03333	0.04702	0.12927	0.04028	0.04267	0.02876	0.05373	0.03403	0.01395	0.08411	0.14752	0.19720	0.06120	0.01046	0.00638	0.00195	0.00545	0.02631	0.00472	0.03166
9	0.01027	0.00514	0.00770	0.00770	0.00770	0.00514	0.00514	0.00770	0.00770	0.01027	0.01027	0.01798	0.01027	0.02054	0.02311	0.82794	0.00514	0.00514	0.00257	0.00257
10	0.00931	0.00732	0.01030	0.03526	0.06347	0.00776	0.00767	0.01172	0.01356	0.01930	0.36802	0.07102	0.05107	0.04937	0.14583	0.00348	0.07047	0.02113	0.02816	0.00576
11	0.01235	0.02740	0.60930	0.01934	0.07778	0.01392	0.11979	0.01872	0.01276	0.01880	0.01084	0.01312	0.00783	0.00551	0.00582	0.00188	0.00879	0.00479	0.00260	0.00868
12	0.36991	0.01198	0.07059	0.00971	0.01396	0.01084	0.00863	0.02171	0.01352	0.32623	0.05201	0.01770	0.01320	0.00693	0.00506	0.00186	0.00503	0.02784	0.00527	0.00802
13	0.01081	0.00999	0.03274	0.06620	0.20864	0.00975	0.04419	0.01428	0.05392	0.01863	0.16361	0.12545	0.10083	0.05273	0.00832	0.00220	0.03174	0.03471	0.00447	0.00679
14	0.02073	0.01665	0.01639	0.01327	0.01747	0.10233	0.01069	0.45126	0.20030	0.06448	0.01644	0.01598	0.01193	0.00722	0.00588	0.00180	0.00647	0.00551	0.00568	0.00952
15	0.01584	0.25703	0.12314	0.01178	0.01731	0.04036	0.04370	0.07084	0.01404	0.09047	0.01135	0.01245	0.00886	0.00533	0.00478	0.00136	0.00627	0.00406	0.00357	0.25745

[dist]
# distance from previous block
# <min> <max>
0	1

[block]
# block no. 3 follows, 39 sequences, length 20
# corresponding to MSA columns:
# 434-441,456-467
name=unknown_D
#
# <colnr> <probs for GDERKNQSTAVLIFYWHMCP>
#	G	D	E	R	K	N	Q	S	T	A	V	L	I	F	Y	W	H	M	C	P
0	0.01292	0.20130	0.49126	0.01615	0.07920	0.01544	0.01780	0.01815	0.01245	0.01789	0.01065	0.01257	0.00814	0.00554	0.00513	0.00170	0.00769	0.00424	0.05347	0.00833
1	0.78306	0.01138	0.00891	0.00784	0.01160	0.01293	0.00644	0.01723	0.01020	0.02608	0.00838	0.00977	0.00655	0.00542	0.00370	0.00177	0.00456	0.00322	0.00365	0.05730
2	0.01074	0.03173	0.01362	0.07191	0.03165	0.01118	0.03042	0.04048	0.03923	0.01551	0.01487	0.06750	0.01419	0.06501	0.36149	0.00575	0.15859	0.00667	0.00337	0.00607
3	0.01504	0.01323	0.04236	0.04038	0.04519	0.01414	0.01041	0.15161	0.38784	0.02490	0.04552	0.04887	0.01662	0.00804	0.00663	0.00192	0.04543	0.00651	0.02620	0.04915
4	0.00845	0.00634	0.00950	0.00950	0.01056	0.00739	0.00739	0.01056	0.00950	0.01373	0.01584	0.02323	0.01478	0.04435	0.76873	0.00950	0.01584	0.00634	0.00317	0.00528
5	0.00846	0.00628	0.00923	0.00923	0.01019	0.00724	0.00705	0.01038	0.00942	0.01352	0.01609	0.02464	0.01540	0.11241	0.70151	0.00916	0.01492	0.00654	0.00321	0.00513
6	0.00950	0.00563	0.00840	0.00840	0.00882	0.00606	0.00601	0.00888	0.00845	0.01169	0.01272	0.02060	0.01237	0.04910	0.32379	0.47789	0.00946	0.00570	0.00283	0.00369
7	0.02029	0.10210	0.01834	0.01477	0.01762	0.59828	0.01149	0.02182	0.01530	0.01439	0.00887	0.01084	0.00763	0.00654	0.00699	0.00163	0.10934	0.00392	0.00294	0.00688
8	0.01320	0.01061	0.01130	0.01017	0.01285	0.02563	0.00784	0.14723	0.28059	0.02405	0.12341	0.12484	0.13065	0.01064	0.00637	0.00196	0.00440	0.00898	0.03770	0.00758
9	0.01101	0.06260	0.17618	0.04671	0.18950	0.01090	0.03982	0.01456	0.01351	0.01840	0.13118	0.06007	0.18346	0.00907	0.00621	0.00186	0.00582	0.00790	0.00401	0.00724
10	0.01566	0.01318	0.01391	0.01223	0.01574	0.01515	0.00959	0.11786	0.65660	0.02628	0.02286	0.02110	0.01707	0.00791	0.00600	0.00198	0.00490	0.00652	0.00600	0.00945
11	0.44342	0.07827	0.03091	0.01087	0.01441	0.23720	0.00895	0.01945	0.01240	0.04272	0.00898	0.01046	0.00720	0.00595	0.00512	0.00174	0.04815	0.00359	0.00341	0.00680
12	0.01504	0.02570	0.56036	0.01583	0.02315	0.01292	0.01859	0.02026	0.01449	0.12264	0.09339	0.01906	0.01514	0.00757	0.00646	0.00214	0.00802	0.00577	0.00414	0.00932
13	0.02302	0.01711	0.01824	0.01439	0.01904	0.01864	0.01162	0.65277	0.09569	0.03700	0.01657	0.01702	0.01223	0.00818	0.00657	0.00208	0.00682	0.00593	0.00639	0.01070
14	0.01396	0.01334	0.02298	0.08746	0.08435	0.01313	0.30445	0.01946	0.13046	0.02169	0.16035	0.02620	0.05571	0.00845	0.00726	0.00222	0.00739	0.00805	0.00476	0.00834
15	0.01170	0.00642	0.00899	0.00893	0.00916	0.00628	0.00602	0.00915	0.00890	0.01211	0.01225	0.02038	0.01204	0.02307	0.08171	0.74384	0.00649	0.00572	0.00316	0.00367
16	0.01390	0.18919	0.49641	0.01583	0.03994	0.01568	0.01794	0.01860	0.01364	0.01937	0.06741	0.03733	0.01349	0.00735	0.00605	0.00203	0.00803	0.00545	0.00344	0.00891
17	0.01590	0.01336	0.03684	0.05774	0.30269	0.01195	0.01300	0.01936	0.05980	0.08867	0.01623	0.01855	0.04042	0.00679	0.00608	0.00180	0.00624	0.00559	0.00432	0.27466
18	0.01378	0.01157	0.01330	0.00981	0.01509	0.00878	0.00767	0.01593	0.01321	0.02062	0.01205	0.01439	0.01021	0.00544	0.00506	0.00118	0.00492	0.00403	0.00402	0.80892
19	0.03965	0.08835	0.31616	0.01876	0.15383	0.03267	0.01645	0.05783	0.01475	0.06759	0.01420	0.01853	0.01163	0.00729	0.00619	0.00204	0.00768	0.04901	0.00392	0.07350

[dist]
# distance from previous block
# <min> <max>
1	2

[block]
# block no. 4 follows, 39 sequences, length 7
# corresponding to MSA columns:
# 470-476
name=unknown_E
#
# <colnr> <probs for GDERKNQSTAVLIFYWHMCP>
#	G	D	E	R	K	N	Q	S	T	A	V	L	I	F	Y	W	H	M	C	P
0	0.00856	0.00589	0.00725	0.00725	0.00752	0.00617	0.00457	0.00911	0.00884	0.01206	0.01791	0.03467	0.01975	0.59749	0.22238	0.00671	0.00836	0.00801	0.00348	0.00403
1	0.01122	0.01083	0.01993	0.05152	0.02040	0.01054	0.30792	0.01568	0.06957	0.01871	0.09366	0.15643	0.05683	0.01041	0.00713	0.00216	0.00667	0.11921	0.00446	0.00673
2	0.23749	0.07715	0.12253	0.01315	0.05421	0.01595	0.01144	0.24227	0.12562	0.02713	0.01293	0.01354	0.00967	0.00634	0.00511	0.00180	0.00605	0.00465	0.00442	0.00855
3	0.01344	0.03200	0.04585	0.05665	0.11983	0.07178	0.04981	0.10339	0.11329	0.01969	0.02163	0.11909	0.09701	0.04656	0.03950	0.02454	0.00655	0.00780	0.00431	0.00728
4	0.03974	0.01435	0.10287	0.03812	0.05558	0.01280	0.01112	0.23659	0.09139	0.13136	0.05031	0.07270	0.01541	0.03206	0.00663	0.00193	0.00582	0.00640	0.00514	0.06968
5	0.05830	0.06881	0.31485	0.01963	0.16162	0.04374	0.09599	0.06471	0.01406	0.02019	0.04199	0.01657	0.01123	0.00628	0.00577	0.00184	0.00772	0.03515	0.00323	0.00832
6	0.01460	0.01501	0.05219	0.01944	0.16434	0.10882	0.17947	0.06174	0.03651	0.04375	0.01561	0.01905	0.05098	0.04229	0.11214	0.00300	0.00891	0.00610	0.00359	0.04247

[dist]
# distance from previous block
# <min> <max>
34	170

[block]
# block no. 5 follows, 39 sequences, length 17
# corresponding to MSA columns:
# 679-695
name=unknown_F
#
# <colnr> <probs for GDERKNQSTAVLIFYWHMCP>
#	G	D	E	R	K	N	Q	S	T	A	V	L	I	F	Y	W	H	M	C	P
0	0.08905	0.06773	0.13056	0.04003	0.14585	0.01367	0.03340	0.11025	0.09709	0.07770	0.01506	0.03498	0.02945	0.00697	0.00600	0.02463	0.00624	0.00542	0.00411	0.06181
1	0.09103	0.01397	0.15477	0.04552	0.10387	0.01065	0.01151	0.06529	0.02868	0.08464	0.11146	0.08666	0.05742	0.00817	0.00580	0.00179	0.00553	0.00686	0.00443	0.10196
2	0.01356	0.01423	0.14566	0.05114	0.06111	0.01090	0.01129	0.08302	0.07106	0.05890	0.01513	0.05712	0.01304	0.05447	0.00724	0.00186	0.01990	0.03227	0.01843	0.25967
3	0.03620	0.04750	0.06578	0.09258	0.17521	0.06292	0.04978	0.02006	0.08194	0.12810	0.01446	0.03501	0.01147	0.03347	0.00643	0.00183	0.00651	0.00545	0.00399	0.12131
4	0.01634	0.01459	0.01855	0.14008	0.30150	0.11213	0.01404	0.09593	0.06981	0.07023	0.01415	0.01791	0.01137	0.00660	0.00586	0.00182	0.00704	0.03885	0.03483	0.00839
5	0.04720	0.05036	0.01427	0.01254	0.08392	0.01164	0.00908	0.08055	0.18500	0.16454	0.09207	0.02087	0.03426	0.00731	0.00558	0.00168	0.00484	0.00602	0.04312	0.12517
6	0.04189	0.09439	0.02059	0.01734	0.09616	0.32139	0.09978	0.06280	0.05949	0.01800	0.01075	0.01273	0.00877	0.00617	0.00647	0.00168	0.06616	0.00462	0.00333	0.04749
7	0.01403	0.01122	0.04052	0.01059	0.04852	0.00860	0.00829	0.01729	0.03744	0.11208	0.04858	0.01524	0.01207	0.00533	0.00487	0.00116	0.00468	0.00438	0.00415	0.59098
8	0.00833	0.00632	0.00910	0.00916	0.01034	0.00708	0.00716	0.01040	0.01017	0.01418	0.02171	0.02926	0.10153	0.03958	0.64327	0.00830	0.01384	0.04146	0.00355	0.00525
9	0.83394	0.01144	0.00869	0.00778	0.01144	0.01327	0.00640	0.01738	0.01006	0.02653	0.00823	0.00961	0.00640	0.00549	0.00366	0.00183	0.00457	0.00320	0.00366	0.00640
10	0.05754	0.03360	0.16504	0.05803	0.12049	0.05590	0.05815	0.11718	0.04896	0.12208	0.05959	0.01653	0.01268	0.00645	0.00573	0.00178	0.00684	0.00539	0.00425	0.04378
11	0.01027	0.00514	0.00770	0.00770	0.00770	0.00514	0.00514	0.00770	0.00770	0.01027	0.01027	0.01798	0.01027	0.02054	0.02311	0.82794	0.00514	0.00514	0.00257	0.00257
12	0.01388	0.01849	0.19967	0.02333	0.17109	0.01432	0.31923	0.05513	0.05911	0.02041	0.03803	0.01615	0.01094	0.00573	0.00633	0.00190	0.00835	0.00606	0.00332	0.00854
13	0.01475	0.01495	0.12597	0.01422	0.05119	0.01278	0.07686	0.07939	0.27653	0.07264	0.08503	0.01987	0.01678	0.00708	0.00592	0.00179	0.00582	0.00614	0.00491	0.10740
14	0.00795	0.00599	0.00735	0.00709	0.00860	0.00539	0.00529	0.01031	0.01561	0.02124	0.53349	0.08278	0.24091	0.01316	0.00701	0.00192	0.00288	0.01146	0.00619	0.00539
15	0.01436	0.03998	0.24964	0.03984	0.20522	0.01392	0.12463	0.07981	0.04997	0.05124	0.06283	0.01662	0.01250	0.00618	0.00599	0.00184	0.00747	0.00566	0.00361	0.00868
16	0.01365	0.01756	0.19398	0.01706	0.10360	0.05646	0.10069	0.05318	0.16592	0.02086	0.07779	0.03357	0.03364	0.00719	0.00641	0.00185	0.02946	0.00623	0.00406	0.05685

[dist]
# distance from previous block
# <min> <max>
2	13

[block]
# block no. 6 follows, 39 sequences, length 10
# corresponding to MSA columns:
# 710-719
name=unknown_G
#
# <colnr> <probs for GDERKNQSTAVLIFYWHMCP>
#	G	D	E	R	K	N	Q	S	T	A	V	L	I	F	Y	W	H	M	C	P
0	0.01623	0.67538	0.03003	0.01158	0.01653	0.08738	0.06019	0.01831	0.01256	0.01431	0.00856	0.01003	0.00769	0.00514	0.00415	0.00134	0.00695	0.00348	0.00261	0.00755
1	0.00755	0.00519	0.00689	0.00805	0.00834	0.00490	0.00531	0.00822	0.01084	0.01445	0.02982	0.67105	0.03556	0.08045	0.01051	0.06418	0.00374	0.01529	0.00512	0.00454
2	0.05465	0.11407	0.19995	0.02041	0.02680	0.01562	0.44585	0.01867	0.01319	0.01866	0.01101	0.01405	0.00834	0.00516	0.00611	0.00187	0.00897	0.00573	0.00285	0.00803
3	0.00721	0.00515	0.00686	0.00823	0.00858	0.00480	0.00549	0.00823	0.01132	0.01510	0.03259	0.78831	0.03911	0.01853	0.00755	0.00240	0.00343	0.01681	0.00549	0.00480
4	0.01226	0.01051	0.01226	0.00876	0.01401	0.00788	0.00701	0.01489	0.01226	0.01927	0.01051	0.01226	0.00876	0.00438	0.00438	0.00088	0.00438	0.00350	0.00350	0.82832
5	0.01527	0.01681	0.12493	0.04685	0.21820	0.04150	0.20666	0.11416	0.03752	0.04204	0.03374	0.01606	0.01096	0.00594	0.00608	0.00183	0.00770	0.00578	0.03940	0.00857
6	0.04853	0.01105	0.05426	0.01308	0.03785	0.01012	0.13160	0.01854	0.14900	0.09614	0.21427	0.11021	0.04332	0.00968	0.00654	0.00199	0.00524	0.02591	0.00530	0.00735
7	0.01419	0.12433	0.34023	0.06071	0.07536	0.07064	0.03670	0.01937	0.04955	0.05023	0.01147	0.01319	0.00869	0.00561	0.00533	0.00166	0.00759	0.00445	0.00309	0.09759
8	0.05260	0.01532	0.10181	0.02966	0.05257	0.09070	0.04040	0.11793	0.04560	0.07398	0.05882	0.01859	0.02876	0.04900	0.06090	0.00252	0.06919	0.00566	0.00413	0.08188
9	0.04740	0.12863	0.18557	0.04199	0.01744	0.03378	0.04735	0.01700	0.03986	0.06895	0.05011	0.08838	0.01492	0.02570	0.06944	0.00244	0.00708	0.00615	0.02838	0.07943

[dist]
# distance from previous block
# <min> <max>
6	17

[block]
# block no. 7 follows, 39 sequences, length 19
# corresponding to MSA columns:
# 737-755
name=unknown_H
#
# <colnr> <probs for GDERKNQSTAVLIFYWHMCP>
#	G	D	E	R	K	N	Q	S	T	A	V	L	I	F	Y	W	H	M	C	P
0	0.03827	0.04790	0.10249	0.01121	0.03121	0.01007	0.04010	0.04627	0.01330	0.06250	0.05635	0.01740	0.04165	0.00930	0.07225	0.00206	0.00627	0.00500	0.00386	0.38253
1	0.08417	0.04104	0.30425	0.03178	0.05444	0.01262	0.04068	0.03634	0.06194	0.04731	0.01290	0.01648	0.01035	0.03402	0.00663	0.00189	0.02638	0.03287	0.00346	0.14045
2	0.01257	0.06490	0.27735	0.06954	0.04983	0.01297	0.07929	0.03814	0.01282	0.01859	0.03231	0.04135	0.01061	0.00628	0.00649	0.00169	0.06277	0.00514	0.00313	0.19425
3	0.01251	0.01360	0.13904	0.03459	0.01675	0.00944	0.02517	0.01690	0.06550	0.05232	0.04935	0.03352	0.02866	0.00637	0.00526	0.00140	0.00531	0.03218	0.00394	0.44818
4	0.05201	0.01386	0.07008	0.05092	0.32345	0.01250	0.12172	0.03627	0.03522	0.02028	0.07448	0.01843	0.04034	0.00623	0.00588	0.00174	0.00662	0.00593	0.00356	0.10050
5	0.04875	0.00844	0.01152	0.11867	0.10596	0.00836	0.00892	0.01292	0.02536	0.01892	0.19067	0.09881	0.13968	0.03469	0.00709	0.00201	0.00466	0.05700	0.00466	0.09289
6	0.01280	0.01491	0.13230	0.09750	0.35844	0.01266	0.04192	0.01804	0.08630	0.01957	0.08597	0.02059	0.05936	0.00689	0.00606	0.00185	0.00659	0.00629	0.00364	0.00832
7	0.00849	0.00575	0.00642	0.00642	0.00656	0.00568	0.00365	0.00859	0.00895	0.01179	0.02157	0.04000	0.07360	0.73681	0.02845	0.00547	0.00554	0.00888	0.00372	0.00368
8	0.01397	0.01488	0.07441	0.12625	0.56508	0.01398	0.06916	0.01787	0.01323	0.01873	0.01107	0.01472	0.00903	0.00535	0.00593	0.00181	0.00746	0.00533	0.00287	0.00888
9	0.01186	0.03059	0.76153	0.01686	0.02560	0.01373	0.02185	0.01873	0.01249	0.01873	0.01061	0.01249	0.00749	0.00562	0.00562	0.00187	0.00874	0.00437	0.00250	0.00874
10	0.01473	0.01375	0.02269	0.13631	0.60432	0.01423	0.01742	0.06936	0.01427	0.02004	0.01126	0.01476	0.00921	0.00549	0.00587	0.00179	0.00711	0.00527	0.00310	0.00903
11	0.01282	0.01056	0.01273	0.04844	0.06769	0.01162	0.00918	0.05354	0.33722	0.03861	0.20452	0.04569	0.07470	0.00946	0.00682	0.00197	0.03300	0.00799	0.00561	0.00784
12	0.00795	0.00606	0.00725	0.00710	0.00866	0.00545	0.00537	0.01015	0.01500	0.01997	0.41922	0.05018	0.30929	0.04439	0.00798	0.00212	0.00316	0.05944	0.00595	0.00528
13	0.11983	0.10063	0.06693	0.01221	0.01659	0.01546	0.04417	0.12114	0.33884	0.02442	0.01656	0.01642	0.01255	0.00669	0.00536	0.00178	0.00560	0.00531	0.00477	0.06475
14	0.03467	0.01546	0.01779	0.03097	0.01840	0.06769	0.07188	0.42925	0.04105	0.02868	0.01346	0.01511	0.01023	0.00980	0.06201	0.00240	0.07976	0.00542	0.03735	0.00864
15	0.00834	0.00618	0.00755	0.00815	0.00919	0.00586	0.00572	0.06081	0.01325	0.01739	0.08094	0.54975	0.17153	0.01664	0.00729	0.00225	0.00353	0.01480	0.00558	0.00526
16	0.34954	0.10148	0.03339	0.03886	0.06749	0.06538	0.00928	0.08491	0.01333	0.05743	0.01182	0.06746	0.01015	0.00659	0.00472	0.00172	0.00569	0.00482	0.00388	0.06206
17	0.07847	0.17152	0.13406	0.01161	0.01631	0.01403	0.03838	0.09311	0.08927	0.08864	0.07735	0.02093	0.06525	0.00746	0.00548	0.00174	0.00580	0.02771	0.00444	0.04846
18	0.26461	0.13082	0.11367	0.01241	0.06572	0.02733	0.01063	0.08738	0.04382	0.05997	0.03866	0.04933	0.01230	0.00690	0.00500	0.00177	0.00578	0.02678	0.00401	0.03313

[dist]
# distance from previous block
# <min> <max>
0	7

[block]
# block no. 8 follows, 39 sequences, length 9
# corresponding to MSA columns:
# 776-784
name=unknown_I
#
# <colnr> <probs for GDERKNQSTAVLIFYWHMCP>
#	G	D	E	R	K	N	Q	S	T	A	V	L	I	F	Y	W	H	M	C	P
0	0.08861	0.10917	0.05211	0.01173	0.05063	0.03803	0.02678	0.05256	0.04654	0.09813	0.03765	0.01838	0.03285	0.00652	0.00514	0.00151	0.00548	0.04325	0.00418	0.27074
1	0.01741	0.01174	0.03676	0.01076	0.01479	0.01110	0.00888	0.12997	0.19137	0.21448	0.13820	0.02211	0.02029	0.00771	0.00587	0.00172	0.00482	0.00636	0.00590	0.13977
2	0.09826	0.01186	0.04797	0.01110	0.03276	0.01186	0.00879	0.12292	0.23498	0.10311	0.11910	0.02465	0.04024	0.09626	0.00860	0.00232	0.00504	0.00683	0.00543	0.00792
3	0.00905	0.00625	0.00696	0.00686	0.00711	0.00639	0.00401	0.01028	0.06272	0.01244	0.01903	0.03748	0.02125	0.73451	0.02833	0.00546	0.00566	0.00846	0.00376	0.00401
4	0.01389	0.01329	0.02266	0.19581	0.60160	0.01385	0.01778	0.01750	0.01311	0.01841	0.01099	0.01488	0.00905	0.00541	0.00587	0.00180	0.00721	0.00527	0.00286	0.00877
5	0.01406	0.01346	0.02297	0.15916	0.63691	0.01390	0.01786	0.01765	0.01319	0.01862	0.01102	0.01482	0.00912	0.00538	0.00586	0.00179	0.00717	0.00527	0.00288	0.00890
6	0.01267	0.01208	0.01836	0.62134	0.11448	0.05116	0.01609	0.05326	0.01308	0.01668	0.01070	0.01531	0.00814	0.00591	0.00588	0.00192	0.00786	0.00519	0.00285	0.00706
7	0.01381	0.01305	0.02201	0.11219	0.62298	0.01332	0.01686	0.01710	0.01292	0.01828	0.01163	0.01659	0.01013	0.06522	0.00771	0.00208	0.00702	0.00552	0.00295	0.00863
8	0.03620	0.00732	0.00828	0.00808	0.00955	0.00740	0.00572	0.01408	0.14471	0.04601	0.13769	0.18154	0.14026	0.21188	0.01268	0.00300	0.00418	0.01046	0.00526	0.00571

[dist]
# distance from previous block
# <min> <max>
1	6

[block]
# block no. 9 follows, 39 sequences, length 9
# corresponding to MSA columns:
# 791-799
name=unknown_J
#
# <colnr> <probs for GDERKNQSTAVLIFYWHMCP>
#	G	D	E	R	K	N	Q	S	T	A	V	L	I	F	Y	W	H	M	C	P
0	0.05966	0.01096	0.01770	0.54809	0.15013	0.01282	0.01547	0.01630	0.01231	0.05362	0.01192	0.01742	0.00938	0.00626	0.00586	0.00195	0.00732	0.03262	0.00308	0.00713
1	0.02148	0.02514	0.01844	0.01576	0.01934	0.57494	0.07136	0.14750	0.01845	0.01882	0.01026	0.01172	0.00816	0.00618	0.00557	0.00161	0.00988	0.00434	0.00354	0.00751
2	0.01100	0.00765	0.00990	0.00925	0.01143	0.00717	0.04274	0.05808	0.03232	0.09696	0.06785	0.22467	0.28240	0.01391	0.00707	0.00215	0.00422	0.09945	0.00564	0.00614
3	0.01146	0.01081	0.01827	0.71518	0.10121	0.01322	0.01657	0.01537	0.01196	0.01547	0.01056	0.01567	0.00801	0.00586	0.00591	0.00195	0.00781	0.00526	0.00265	0.00681
4	0.01435	0.01467	0.02804	0.14933	0.14812	0.01478	0.41132	0.07816	0.04344	0.02012	0.01225	0.01580	0.00930	0.00548	0.00650	0.00193	0.00865	0.00627	0.00328	0.00820
5	0.01165	0.01091	0.01790	0.67496	0.09007	0.01331	0.01609	0.01639	0.05984	0.01604	0.01144	0.01610	0.00865	0.00600	0.00592	0.00196	0.00761	0.00535	0.00287	0.00695
6	0.12898	0.11249	0.11305	0.01038	0.01371	0.06035	0.00934	0.01616	0.04500	0.08111	0.04423	0.25506	0.04272	0.01062	0.00590	0.00196	0.00537	0.03231	0.00450	0.00675
7	0.04197	0.36009	0.13792	0.01358	0.05908	0.09165	0.01234	0.06360	0.13229	0.01857	0.01177	0.01268	0.00948	0.00587	0.00483	0.00158	0.00685	0.00423	0.00340	0.00819
8	0.01580	0.50108	0.07591	0.01140	0.01629	0.01969	0.03625	0.13747	0.01527	0.01938	0.08919	0.01442	0.01321	0.00619	0.00473	0.00148	0.00627	0.00455	0.00354	0.00788

[dist]
# distance from previous block
# <min> <max>
0	30

# created by:
# /home/cegg/simao/soft/augustus-3.2.1/scripts/msa2prfl.pl ./align_prep/EOG091G0GZ4.fa
