[name]
unknown

[dist]
# distance from previous block
# <min> <max>
5	53

[block]
# block no. 0 follows, 47 sequences, length 24
# corresponding to MSA columns:
# 62-77,100-107
name=unknown_A
#
# <colnr> <probs for GDERKNQSTAVLIFYWHMCP>
#	G	D	E	R	K	N	Q	S	T	A	V	L	I	F	Y	W	H	M	C	P
0	0.02593	0.07591	0.05193	0.01537	0.19409	0.08508	0.01054	0.10858	0.03974	0.04334	0.01020	0.01186	0.00821	0.00564	0.01736	0.00145	0.05446	0.00398	0.00322	0.23312
1	0.27257	0.00848	0.00944	0.00812	0.01064	0.00901	0.00642	0.02924	0.03081	0.25226	0.04456	0.03650	0.01301	0.10762	0.07689	0.00267	0.05222	0.00516	0.01810	0.00628
2	0.01259	0.06817	0.33822	0.05914	0.11364	0.06369	0.06729	0.03476	0.09364	0.04183	0.01085	0.01251	0.00819	0.00540	0.00563	0.00164	0.04812	0.00437	0.00286	0.00746
3	0.00695	0.00528	0.00640	0.00618	0.00754	0.00473	0.00461	0.00900	0.01367	0.01848	0.52684	0.07099	0.27703	0.01165	0.00616	0.00169	0.00253	0.01011	0.00542	0.00473
4	0.00807	0.00719	0.03961	0.04010	0.10726	0.00630	0.00709	0.01058	0.01352	0.01874	0.49795	0.05370	0.14988	0.00997	0.00595	0.00166	0.00334	0.00878	0.00491	0.00538
5	0.04762	0.00864	0.01116	0.00892	0.01245	0.00792	0.00725	0.02338	0.08587	0.59646	0.05649	0.04266	0.01533	0.00693	0.00519	0.00162	0.00416	0.00569	0.04406	0.00819
6	0.02291	0.00959	0.01254	0.00961	0.01366	0.00874	0.00794	0.11988	0.01613	0.69188	0.01952	0.01706	0.01238	0.00642	0.00523	0.00161	0.00460	0.00517	0.00629	0.00886
7	0.00818	0.00556	0.00674	0.00651	0.00795	0.00505	0.00488	0.00989	0.01250	0.07295	0.30326	0.07248	0.28580	0.09329	0.03401	0.00230	0.00346	0.05531	0.00504	0.00481
8	0.01363	0.75309	0.09174	0.00941	0.01414	0.01989	0.00978	0.01567	0.01062	0.01261	0.00742	0.00858	0.00668	0.00450	0.00348	0.00116	0.00575	0.00287	0.00223	0.00677
9	0.00649	0.00529	0.00574	0.00563	0.00724	0.00454	0.00422	0.00813	0.01267	0.01596	0.25483	0.04701	0.57913	0.01248	0.00615	0.00173	0.00259	0.01055	0.00508	0.00454
10	0.01948	0.02399	0.01483	0.01330	0.01610	0.73302	0.01005	0.08113	0.01554	0.01437	0.00841	0.00964	0.00688	0.00544	0.00474	0.00136	0.00910	0.00346	0.00289	0.00627
11	0.01270	0.01228	0.05879	0.01054	0.01400	0.03567	0.00867	0.02475	0.59899	0.02052	0.01841	0.01741	0.01391	0.00644	0.00506	0.00161	0.00446	0.00530	0.00472	0.12578
12	0.01103	0.00860	0.01022	0.00993	0.05736	0.00911	0.00710	0.11146	0.20961	0.03791	0.25655	0.07123	0.09029	0.05819	0.00726	0.00191	0.02310	0.00773	0.00502	0.00639
13	0.02239	0.00865	0.01177	0.00910	0.01296	0.00749	0.00749	0.02443	0.01490	0.74149	0.06679	0.01901	0.01509	0.00670	0.00529	0.00161	0.00431	0.00549	0.00640	0.00862
14	0.01945	0.02482	0.01476	0.01342	0.01610	0.79608	0.01006	0.02079	0.01476	0.01275	0.00805	0.00939	0.00671	0.00537	0.00470	0.00134	0.00939	0.00335	0.00268	0.00604
15	0.01383	0.12999	0.24829	0.01607	0.16890	0.01239	0.05469	0.07185	0.01278	0.13336	0.03087	0.06145	0.01083	0.00593	0.00502	0.00158	0.00611	0.00505	0.00341	0.00761
16	0.00755	0.00580	0.00697	0.00663	0.00810	0.00547	0.00498	0.01077	0.07961	0.01922	0.53180	0.06058	0.21086	0.01106	0.00609	0.00169	0.00266	0.00961	0.00547	0.00507
17	0.00744	0.00558	0.00837	0.00837	0.00930	0.00651	0.00651	0.00930	0.00837	0.01209	0.01395	0.02046	0.01302	0.03906	0.79635	0.00837	0.01395	0.00558	0.00279	0.00465
18	0.05128	0.01090	0.01785	0.16773	0.44925	0.01123	0.04119	0.01632	0.01176	0.10466	0.01127	0.01386	0.00872	0.00504	0.00503	0.00158	0.00589	0.00469	0.05423	0.00750
19	0.01014	0.00945	0.01315	0.01161	0.01178	0.01272	0.00938	0.01126	0.00800	0.01212	0.00945	0.01613	0.00961	0.12263	0.16474	0.00379	0.55123	0.00515	0.00249	0.00516
20	0.01945	0.02482	0.01476	0.01342	0.01610	0.79608	0.01006	0.02079	0.01476	0.01275	0.00805	0.00939	0.00671	0.00537	0.00470	0.00134	0.00939	0.00335	0.00268	0.00604
21	0.00842	0.00652	0.00679	0.00661	0.00685	0.05337	0.00410	0.00871	0.00827	0.01076	0.03713	0.03118	0.01830	0.67532	0.06298	0.00479	0.03605	0.00716	0.00315	0.00355
22	0.08504	0.00985	0.01111	0.02567	0.01304	0.00836	0.00667	0.08744	0.01197	0.01900	0.00940	0.01083	0.00763	0.00421	0.00396	0.00094	0.00412	0.00325	0.00329	0.67420
23	0.03403	0.10779	0.08960	0.01323	0.04426	0.17158	0.06876	0.15575	0.04242	0.03846	0.01042	0.01301	0.00859	0.05572	0.02098	0.00192	0.10896	0.00443	0.00324	0.00685

[dist]
# distance from previous block
# <min> <max>
0	1

[block]
# block no. 1 follows, 47 sequences, length 17
# corresponding to MSA columns:
# 109-125
name=unknown_B
#
# <colnr> <probs for GDERKNQSTAVLIFYWHMCP>
#	G	D	E	R	K	N	Q	S	T	A	V	L	I	F	Y	W	H	M	C	P
0	0.01342	0.01291	0.01334	0.03486	0.09435	0.19984	0.03953	0.01583	0.04144	0.06866	0.03570	0.09229	0.01262	0.05181	0.00684	0.00164	0.05153	0.00541	0.00342	0.20455
1	0.00757	0.00625	0.00727	0.00773	0.00841	0.04868	0.00549	0.00887	0.01122	0.01487	0.18789	0.52440	0.06633	0.01395	0.00702	0.00197	0.05050	0.01226	0.00476	0.00457
2	0.00760	0.00533	0.00707	0.00802	0.03180	0.00523	0.00568	0.00871	0.01018	0.01380	0.02654	0.33591	0.12418	0.03686	0.05491	0.08837	0.01787	0.13263	0.07497	0.00434
3	0.01676	0.04415	0.01818	0.01382	0.01771	0.24862	0.19447	0.11709	0.05541	0.11628	0.01180	0.01283	0.00878	0.00532	0.00508	0.00147	0.00710	0.00458	0.02091	0.07964
4	0.04426	0.01051	0.01540	0.37234	0.24321	0.05573	0.01272	0.01441	0.02776	0.01508	0.01047	0.01463	0.00856	0.03506	0.04992	0.00211	0.00676	0.00468	0.05002	0.00635
5	0.07566	0.05153	0.01389	0.01189	0.01474	0.49901	0.00913	0.05266	0.16283	0.01629	0.01101	0.01171	0.00874	0.00569	0.00464	0.00144	0.00745	0.00389	0.03124	0.00654
6	0.00622	0.00524	0.00540	0.00545	0.00710	0.00441	0.00405	0.00757	0.01190	0.01435	0.08606	0.09223	0.70575	0.01324	0.00618	0.00177	0.00265	0.01113	0.00488	0.00441
7	0.01103	0.05112	0.40043	0.01642	0.03922	0.01232	0.24609	0.01616	0.04149	0.01626	0.01146	0.07127	0.00946	0.00578	0.00572	0.00171	0.02877	0.00544	0.00266	0.00718
8	0.30444	0.01327	0.01307	0.01144	0.06128	0.05765	0.00875	0.39563	0.01748	0.05465	0.01058	0.01116	0.00774	0.00563	0.00450	0.00157	0.00533	0.00399	0.00427	0.00756
9	0.00661	0.00489	0.00609	0.00686	0.00759	0.00451	0.00482	0.00775	0.01065	0.01385	0.07467	0.48735	0.19770	0.07084	0.00794	0.00224	0.00319	0.07340	0.00476	0.00428
10	0.01545	0.01288	0.01455	0.01315	0.07576	0.03444	0.03451	0.28566	0.38680	0.02476	0.01625	0.01582	0.01211	0.00637	0.00523	0.00164	0.00514	0.00524	0.00484	0.02940
11	0.01258	0.00689	0.00888	0.00788	0.01018	0.00609	0.00599	0.03394	0.01256	0.24533	0.11694	0.29463	0.04501	0.01092	0.02356	0.00182	0.00378	0.00890	0.02058	0.12354
12	0.01320	0.08523	0.19216	0.06434	0.20524	0.05040	0.12284	0.06730	0.05906	0.04209	0.01067	0.01258	0.00818	0.00501	0.00504	0.00155	0.00674	0.00450	0.00295	0.04091
13	0.01078	0.16174	0.41721	0.01310	0.04096	0.01242	0.06610	0.01508	0.03131	0.01510	0.03008	0.03187	0.01030	0.11342	0.00770	0.00202	0.00667	0.00477	0.00260	0.00675
14	0.00687	0.00510	0.00597	0.00614	0.00697	0.00478	0.00417	0.00788	0.01028	0.01336	0.12074	0.18094	0.26677	0.26321	0.07086	0.00331	0.00426	0.01005	0.00427	0.00406
15	0.01547	0.22611	0.15116	0.01383	0.05056	0.26285	0.08333	0.06355	0.03659	0.03684	0.00939	0.01072	0.00745	0.00507	0.00461	0.00142	0.00741	0.00382	0.00281	0.00699
16	0.01333	0.10141	0.04732	0.11638	0.36591	0.02853	0.08301	0.05760	0.02288	0.05082	0.01040	0.01293	0.00827	0.00505	0.00531	0.00156	0.02734	0.00457	0.02989	0.00749

[dist]
# distance from previous block
# <min> <max>
0	2

[block]
# block no. 2 follows, 47 sequences, length 12
# corresponding to MSA columns:
# 129-131,133-141
name=unknown_C
#
# <colnr> <probs for GDERKNQSTAVLIFYWHMCP>
#	G	D	E	R	K	N	Q	S	T	A	V	L	I	F	Y	W	H	M	C	P
0	0.01041	0.00642	0.00771	0.00669	0.00866	0.00561	0.00489	0.01187	0.01166	0.14684	0.18386	0.03211	0.17557	0.22971	0.01122	0.00246	0.00374	0.00759	0.00458	0.12838
1	0.01525	0.56091	0.06405	0.01045	0.01460	0.23215	0.00977	0.01706	0.01174	0.01261	0.00757	0.00878	0.00669	0.00473	0.00380	0.00120	0.00673	0.00300	0.00235	0.00656
2	0.05353	0.00666	0.00814	0.00848	0.01004	0.00682	0.00690	0.01309	0.11781	0.03808	0.12081	0.13226	0.07272	0.01200	0.00627	0.00203	0.00393	0.33554	0.03952	0.00536
3	0.00650	0.00515	0.00554	0.00563	0.00696	0.00448	0.00402	0.00756	0.01117	0.01371	0.08244	0.11911	0.55876	0.10348	0.00901	0.03402	0.00301	0.01065	0.00460	0.00419
4	0.00811	0.00625	0.00760	0.00808	0.00914	0.00644	0.00581	0.01251	0.19164	0.01620	0.10531	0.51116	0.03138	0.01345	0.00630	0.00200	0.00330	0.04501	0.00504	0.00528
5	0.00817	0.00583	0.00813	0.00933	0.01043	0.00580	0.00800	0.01040	0.01177	0.01533	0.02770	0.14199	0.03046	0.01460	0.00713	0.00237	0.00460	0.66843	0.00480	0.00473
6	0.01980	0.01459	0.01563	0.01198	0.01615	0.01615	0.00990	0.76713	0.02448	0.03282	0.01250	0.01250	0.00886	0.00625	0.00521	0.00156	0.00573	0.00469	0.00521	0.00886
7	0.01080	0.00926	0.01080	0.00771	0.01234	0.00694	0.00617	0.01311	0.01080	0.01697	0.00926	0.01080	0.00771	0.00386	0.00386	0.00077	0.00386	0.00309	0.00309	0.84882
8	0.01080	0.00926	0.01080	0.00771	0.01234	0.00694	0.00617	0.01311	0.01080	0.01697	0.00926	0.01080	0.00771	0.00386	0.00386	0.00077	0.00386	0.00309	0.00309	0.84882
9	0.00971	0.00485	0.00485	0.00485	0.00607	0.00485	0.00364	0.01213	0.01092	0.01942	0.01699	0.01942	0.01335	0.00607	0.00364	0.00121	0.00243	0.00485	0.84589	0.00485
10	0.01229	0.01405	0.03073	0.02195	0.02722	0.01317	0.76558	0.01668	0.01229	0.01668	0.01054	0.01405	0.00790	0.00439	0.00615	0.00176	0.00878	0.00615	0.00263	0.00702
11	0.01080	0.00926	0.01080	0.00771	0.01234	0.00694	0.00617	0.01311	0.01080	0.01697	0.00926	0.01080	0.00771	0.00386	0.00386	0.00077	0.00386	0.00309	0.00309	0.84882

[dist]
# distance from previous block
# <min> <max>
3	16

[block]
# block no. 3 follows, 47 sequences, length 23
# corresponding to MSA columns:
# 161-183
name=unknown_D
#
# <colnr> <probs for GDERKNQSTAVLIFYWHMCP>
#	G	D	E	R	K	N	Q	S	T	A	V	L	I	F	Y	W	H	M	C	P
0	0.01237	0.01313	0.02465	0.05915	0.28592	0.04301	0.39774	0.01593	0.01188	0.01613	0.01043	0.01436	0.00847	0.03551	0.02627	0.00195	0.00782	0.00549	0.00263	0.00715
1	0.17921	0.01343	0.15470	0.14377	0.22001	0.03393	0.03882	0.01452	0.01072	0.01696	0.01160	0.11777	0.01063	0.00638	0.00496	0.00169	0.00592	0.00549	0.00290	0.00659
2	0.05127	0.73850	0.02556	0.00884	0.01322	0.01948	0.00870	0.01614	0.01075	0.05684	0.00800	0.00889	0.00699	0.00459	0.00344	0.00116	0.00544	0.00293	0.00251	0.00676
3	0.01072	0.06294	0.05884	0.00913	0.03312	0.00902	0.00743	0.13682	0.07392	0.03274	0.20138	0.11491	0.15137	0.00966	0.00563	0.00169	0.00398	0.03642	0.03417	0.00611
4	0.01543	0.05126	0.08592	0.01192	0.04333	0.14948	0.04740	0.15882	0.05335	0.12968	0.01633	0.10959	0.04261	0.00726	0.00518	0.00159	0.00582	0.00595	0.05203	0.00706
5	0.01392	0.82012	0.02729	0.00891	0.01337	0.02061	0.00891	0.01559	0.01058	0.01225	0.00724	0.00835	0.00668	0.00446	0.00334	0.00111	0.00557	0.00278	0.00223	0.00668
6	0.01344	0.01387	0.06001	0.05273	0.03493	0.16605	0.02888	0.07587	0.03028	0.04417	0.01207	0.01364	0.04383	0.00677	0.03627	0.00157	0.04764	0.00419	0.00326	0.31054
7	0.00983	0.00926	0.01562	0.80447	0.03587	0.01157	0.01446	0.01331	0.01041	0.01331	0.00926	0.01388	0.00694	0.00521	0.00521	0.00174	0.00694	0.00463	0.00231	0.00579
8	0.01500	0.01141	0.01225	0.01048	0.01367	0.01282	0.00830	0.18856	0.51421	0.07797	0.01901	0.01779	0.01400	0.00679	0.00518	0.00168	0.00440	0.00552	0.05270	0.00823
9	0.01387	0.21368	0.01819	0.01579	0.22117	0.10210	0.03229	0.07955	0.02344	0.03914	0.03301	0.03814	0.01136	0.00598	0.00468	0.00145	0.00568	0.03720	0.09639	0.00691
10	0.02025	0.01315	0.01468	0.01124	0.01539	0.01397	0.00928	0.57863	0.02191	0.19687	0.01414	0.01358	0.00969	0.00621	0.00517	0.00155	0.00538	0.00475	0.00540	0.03875
11	0.00712	0.00486	0.00581	0.00626	0.00637	0.00475	0.00377	0.00745	0.00846	0.01128	0.02094	0.32143	0.02465	0.52183	0.01919	0.00397	0.00430	0.01024	0.00377	0.00355
12	0.00840	0.00699	0.00898	0.00967	0.05351	0.03348	0.04008	0.02839	0.05872	0.01494	0.05647	0.42719	0.10333	0.06752	0.00767	0.00217	0.00400	0.05899	0.00449	0.00501
13	0.01082	0.01016	0.01475	0.05873	0.05822	0.01316	0.03213	0.03448	0.03929	0.01380	0.00960	0.01411	0.00878	0.01515	0.19198	0.00354	0.45795	0.00490	0.00263	0.00584
14	0.00656	0.00502	0.00581	0.00613	0.00715	0.00450	0.00428	0.00777	0.01120	0.01438	0.15061	0.28372	0.34977	0.10854	0.00871	0.00224	0.00301	0.01154	0.00477	0.00428
15	0.00700	0.00495	0.00605	0.00682	0.00770	0.00459	0.00498	0.00840	0.01081	0.01455	0.03270	0.43184	0.20542	0.01405	0.00624	0.00196	0.00311	0.11540	0.10901	0.00442
16	0.09065	0.22529	0.10872	0.03679	0.08266	0.08794	0.09863	0.13221	0.03434	0.03145	0.00963	0.01111	0.00756	0.00511	0.00474	0.00148	0.01744	0.00401	0.00305	0.00719
17	0.00669	0.00510	0.00615	0.00667	0.00765	0.00468	0.00475	0.00832	0.03126	0.01478	0.13450	0.40951	0.27187	0.02904	0.00678	0.00199	0.00295	0.03790	0.00493	0.00448
18	0.00647	0.00485	0.00588	0.00661	0.00741	0.00438	0.00460	0.00745	0.01049	0.01339	0.03559	0.48528	0.27922	0.04491	0.00761	0.02519	0.00307	0.03869	0.00470	0.00421
19	0.01172	0.06019	0.01335	0.02718	0.09267	0.00932	0.00807	0.06779	0.01186	0.01754	0.01039	0.01379	0.00901	0.00493	0.00466	0.00109	0.02796	0.04584	0.00319	0.55947
20	0.01243	0.06742	0.12221	0.18477	0.14859	0.04390	0.09490	0.03664	0.04643	0.04586	0.01072	0.01440	0.00867	0.00592	0.00671	0.00172	0.10860	0.03032	0.00284	0.00692
21	0.00768	0.00575	0.00668	0.00747	0.00823	0.03598	0.00537	0.00935	0.02730	0.01489	0.07123	0.51902	0.05247	0.01387	0.00622	0.00197	0.00339	0.09816	0.10040	0.00457
22	0.01352	0.04550	0.13317	0.04441	0.11556	0.10615	0.15719	0.08190	0.09008	0.03302	0.01139	0.02790	0.00907	0.00625	0.00660	0.03876	0.05420	0.00491	0.01337	0.00706

[dist]
# distance from previous block
# <min> <max>
0	3

[block]
# block no. 4 follows, 47 sequences, length 26
# corresponding to MSA columns:
# 187-212
name=unknown_E
#
# <colnr> <probs for GDERKNQSTAVLIFYWHMCP>
#	G	D	E	R	K	N	Q	S	T	A	V	L	I	F	Y	W	H	M	C	P
0	0.00854	0.00679	0.00823	0.00718	0.00964	0.00557	0.00541	0.01027	0.01124	0.01609	0.14511	0.21657	0.10196	0.00976	0.00583	0.03183	0.00335	0.02797	0.00414	0.36451
1	0.01282	0.03283	0.09431	0.15945	0.33618	0.03350	0.07310	0.07457	0.06767	0.02924	0.01124	0.03193	0.00903	0.00536	0.00522	0.00162	0.00646	0.00494	0.00300	0.00753
2	0.00816	0.00656	0.00914	0.03051	0.03103	0.02414	0.00690	0.00984	0.00872	0.01231	0.03600	0.02147	0.01399	0.12760	0.57342	0.00689	0.05997	0.00577	0.00287	0.00470
3	0.00625	0.00520	0.00546	0.00556	0.00713	0.00441	0.00411	0.00759	0.01183	0.01438	0.09212	0.13216	0.65916	0.01338	0.00621	0.00179	0.00267	0.01131	0.00489	0.00441
4	0.00653	0.00468	0.00608	0.00709	0.00749	0.00438	0.00477	0.00748	0.01009	0.01341	0.05573	0.66952	0.06475	0.07970	0.00821	0.00233	0.00320	0.03563	0.00473	0.00419
5	0.00692	0.00503	0.00661	0.00746	0.00823	0.00472	0.00552	0.00841	0.01130	0.01501	0.14633	0.46687	0.10249	0.01476	0.00664	0.00207	0.00328	0.16892	0.00496	0.00447
6	0.01045	0.02694	0.79000	0.01484	0.02254	0.01209	0.01924	0.01649	0.01099	0.01649	0.00935	0.01099	0.00660	0.00495	0.00495	0.00165	0.00770	0.00385	0.00220	0.00770
7	0.01945	0.02482	0.01476	0.01342	0.01610	0.79608	0.01006	0.02079	0.01476	0.01275	0.00805	0.00939	0.00671	0.00537	0.00470	0.00134	0.00939	0.00335	0.00268	0.00604
8	0.00737	0.00532	0.00696	0.00655	0.00778	0.00491	0.00491	0.00983	0.01474	0.02088	0.78175	0.03890	0.04914	0.01065	0.00614	0.00164	0.00246	0.00942	0.00573	0.00491
9	0.01235	0.01185	0.02053	0.04962	0.64997	0.01183	0.06602	0.01548	0.01200	0.01705	0.05081	0.01570	0.01097	0.00524	0.00534	0.00160	0.00615	0.02687	0.00281	0.00782
10	0.85377	0.01007	0.00765	0.00685	0.01007	0.01168	0.00564	0.01531	0.00886	0.02336	0.00725	0.00846	0.00564	0.00483	0.00322	0.00161	0.00403	0.00282	0.00322	0.00564
11	0.00757	0.00505	0.00568	0.00568	0.00568	0.00505	0.00316	0.00757	0.00757	0.01010	0.01641	0.03408	0.01893	0.81698	0.02651	0.00505	0.00505	0.00757	0.00316	0.00316
12	0.01061	0.06475	0.75364	0.01456	0.02210	0.01250	0.01875	0.01645	0.01098	0.01629	0.00925	0.01087	0.00660	0.00492	0.00487	0.00162	0.00759	0.00380	0.00220	0.00765
13	0.05230	0.03374	0.05474	0.03401	0.12009	0.01113	0.00922	0.12201	0.23663	0.02096	0.11665	0.08798	0.01820	0.00749	0.00523	0.00166	0.00453	0.00635	0.04998	0.00709
14	0.01980	0.01459	0.01563	0.01198	0.01615	0.01615	0.00990	0.76713	0.02448	0.03282	0.01250	0.01250	0.00886	0.00625	0.00521	0.00156	0.00573	0.00469	0.00521	0.00886
15	0.01311	0.04389	0.30074	0.05829	0.04040	0.05470	0.09577	0.16210	0.05546	0.03146	0.04410	0.01505	0.03461	0.02069	0.00559	0.00168	0.00670	0.00492	0.00336	0.00738
16	0.01709	0.00942	0.01152	0.00980	0.01296	0.00950	0.00801	0.10134	0.20969	0.34837	0.06217	0.02526	0.01790	0.00807	0.00561	0.00177	0.00444	0.12353	0.00572	0.00785
17	0.00993	0.00878	0.01410	0.62955	0.02990	0.01094	0.01267	0.01308	0.01030	0.01413	0.01019	0.01449	0.00786	0.00563	0.00588	0.00170	0.06691	0.00466	0.12367	0.00564
18	0.07326	0.21762	0.11662	0.08337	0.07473	0.19470	0.03831	0.04974	0.03659	0.01553	0.00960	0.03350	0.00809	0.00602	0.02030	0.00159	0.00695	0.00405	0.00276	0.00667
19	0.01230	0.03804	0.12518	0.02689	0.13961	0.03087	0.08528	0.04889	0.01247	0.11283	0.03849	0.12778	0.07228	0.00834	0.00600	0.00177	0.02932	0.07310	0.00386	0.00671
20	0.00674	0.00474	0.00608	0.00687	0.00717	0.00454	0.00449	0.00754	0.00961	0.01292	0.06856	0.55493	0.03085	0.21061	0.03665	0.00300	0.00383	0.01245	0.00441	0.00402
21	0.00684	0.00538	0.00643	0.02896	0.00845	0.00495	0.00496	0.00877	0.03274	0.01566	0.21103	0.25224	0.34661	0.01309	0.00627	0.00185	0.00293	0.03324	0.00498	0.00463
22	0.01187	0.05376	0.29052	0.05300	0.13022	0.04979	0.16748	0.03108	0.03203	0.01620	0.01075	0.03277	0.00884	0.00573	0.00607	0.00170	0.05972	0.02862	0.00266	0.00716
23	0.01292	0.00978	0.01104	0.01054	0.05380	0.01069	0.00777	0.06633	0.44207	0.07817	0.06915	0.02252	0.06412	0.00750	0.00526	0.00168	0.00400	0.02278	0.09243	0.00745
24	0.00640	0.00465	0.00605	0.00714	0.00761	0.00431	0.00487	0.00739	0.01022	0.01345	0.03098	0.71478	0.10620	0.01595	0.00662	0.00209	0.00304	0.03916	0.00483	0.00426
25	0.01274	0.03993	0.28778	0.05393	0.13744	0.11355	0.09440	0.03696	0.02940	0.04065	0.01215	0.01607	0.02165	0.00585	0.00522	0.00164	0.00708	0.05716	0.01927	0.00714

[dist]
# distance from previous block
# <min> <max>
0	1

[block]
# block no. 5 follows, 47 sequences, length 14
# corresponding to MSA columns:
# 214-227
name=unknown_F
#
# <colnr> <probs for GDERKNQSTAVLIFYWHMCP>
#	G	D	E	R	K	N	Q	S	T	A	V	L	I	F	Y	W	H	M	C	P
0	0.09367	0.03449	0.05045	0.00899	0.04562	0.09528	0.00703	0.07026	0.01244	0.07875	0.01423	0.05603	0.01154	0.00616	0.00425	0.00138	0.00439	0.00481	0.35373	0.04648
1	0.46466	0.09076	0.03626	0.02355	0.03662	0.09659	0.00773	0.05198	0.03350	0.03216	0.00974	0.06044	0.00841	0.00584	0.00425	0.00158	0.02252	0.00401	0.00329	0.00613
2	0.00751	0.00529	0.00691	0.00691	0.00733	0.00572	0.00469	0.00836	0.00794	0.01101	0.01528	0.02785	0.01623	0.46138	0.37841	0.00657	0.00912	0.00666	0.00299	0.00384
3	0.01307	0.01372	0.08301	0.02896	0.04577	0.13491	0.05847	0.11905	0.08089	0.03046	0.11204	0.01838	0.03643	0.02972	0.05658	0.00216	0.08836	0.00552	0.03597	0.00653
4	0.00910	0.00621	0.00817	0.00787	0.00898	0.00672	0.00584	0.01183	0.09231	0.05930	0.07667	0.02569	0.01787	0.20909	0.37012	0.03938	0.00872	0.02762	0.00363	0.00487
5	0.01181	0.01298	0.02695	0.07850	0.07514	0.01274	0.58109	0.01569	0.01176	0.01605	0.01105	0.05216	0.00906	0.00532	0.00669	0.00179	0.05548	0.00626	0.00269	0.00680
6	0.01095	0.02452	0.66109	0.06191	0.02333	0.01231	0.06567	0.05035	0.01165	0.01706	0.00956	0.01143	0.00680	0.00499	0.00505	0.00166	0.00763	0.00408	0.00237	0.00759
7	0.00733	0.00505	0.00604	0.00620	0.00644	0.00506	0.00383	0.00778	0.00838	0.01124	0.04310	0.14288	0.04994	0.56700	0.10380	0.00476	0.00554	0.00856	0.00350	0.00357
8	0.00675	0.00529	0.00660	0.00722	0.00801	0.00514	0.00523	0.00790	0.01055	0.01364	0.03447	0.48140	0.25721	0.01479	0.00720	0.00204	0.05383	0.06366	0.00467	0.00441
9	0.00643	0.00469	0.00606	0.00699	0.00753	0.00432	0.00476	0.00754	0.01064	0.01415	0.10853	0.66022	0.10809	0.01543	0.00655	0.00203	0.00293	0.01388	0.00493	0.00432
10	0.01766	0.01411	0.01383	0.01118	0.01470	0.09444	0.00901	0.49853	0.13820	0.02768	0.01385	0.01397	0.01019	0.00627	0.00501	0.00154	0.00552	0.00475	0.09150	0.00806
11	0.01080	0.00926	0.01080	0.00771	0.01234	0.00694	0.00617	0.01311	0.01080	0.01697	0.00926	0.01080	0.00771	0.00386	0.00386	0.00077	0.00386	0.00309	0.00309	0.84882
12	0.01297	0.01131	0.01163	0.01108	0.04833	0.08176	0.00822	0.08543	0.38201	0.03164	0.03204	0.07097	0.05969	0.00794	0.00587	0.00172	0.04215	0.02578	0.06233	0.00714
13	0.01319	0.08773	0.04552	0.01642	0.02088	0.01315	0.43051	0.13382	0.03245	0.01921	0.01195	0.01510	0.00930	0.00522	0.00543	0.00162	0.00703	0.02475	0.09971	0.00702

[dist]
# distance from previous block
# <min> <max>
0	7

[block]
# block no. 6 follows, 47 sequences, length 17
# corresponding to MSA columns:
# 235-251
name=unknown_G
#
# <colnr> <probs for GDERKNQSTAVLIFYWHMCP>
#	G	D	E	R	K	N	Q	S	T	A	V	L	I	F	Y	W	H	M	C	P
0	0.00721	0.00501	0.00605	0.00630	0.00669	0.00493	0.00404	0.00792	0.00909	0.01229	0.07506	0.21541	0.07858	0.42666	0.08774	0.00410	0.00496	0.00938	0.02479	0.00379
1	0.68144	0.01050	0.00848	0.00765	0.01051	0.04957	0.00618	0.03518	0.00958	0.02173	0.00881	0.05235	0.00764	0.00693	0.03293	0.00190	0.03600	0.00371	0.00328	0.00564
2	0.00650	0.00531	0.00575	0.00570	0.00733	0.00456	0.00432	0.00811	0.01251	0.01563	0.21399	0.04791	0.59429	0.01266	0.00619	0.00175	0.00267	0.03525	0.00503	0.00452
3	0.01141	0.00962	0.01113	0.00800	0.01260	0.00757	0.00643	0.06461	0.01173	0.01805	0.00948	0.01092	0.00779	0.00402	0.00395	0.00083	0.00398	0.00319	0.00323	0.79145
4	0.01893	0.02375	0.01423	0.01296	0.01556	0.75364	0.00972	0.02033	0.01455	0.01310	0.00853	0.00993	0.00706	0.00540	0.00464	0.00133	0.00902	0.00343	0.04791	0.00597
5	0.01789	0.01308	0.01404	0.01114	0.01487	0.01449	0.00908	0.54903	0.16881	0.05334	0.01475	0.01448	0.01065	0.00640	0.00512	0.00158	0.00515	0.00495	0.06268	0.00846
6	0.00983	0.00926	0.01562	0.80447	0.03587	0.01157	0.01446	0.01331	0.01041	0.01331	0.00926	0.01388	0.00694	0.00521	0.00521	0.00174	0.00694	0.00463	0.00231	0.00579
7	0.00846	0.02340	0.00965	0.01006	0.05110	0.00784	0.00703	0.03832	0.02708	0.01422	0.02192	0.52847	0.02523	0.01456	0.04264	0.00234	0.14730	0.01120	0.00414	0.00504
8	0.00983	0.00926	0.01562	0.80447	0.03587	0.01157	0.01446	0.01331	0.01041	0.01331	0.00926	0.01388	0.00694	0.00521	0.00521	0.00174	0.00694	0.00463	0.00231	0.00579
9	0.00745	0.00554	0.00819	0.00819	0.00905	0.00641	0.00628	0.00918	0.00832	0.01195	0.01412	0.02139	0.01342	0.09206	0.74389	0.00814	0.01334	0.00572	0.00281	0.00455
10	0.00748	0.00543	0.00762	0.00762	0.00829	0.00610	0.00557	0.00882	0.00815	0.01153	0.01463	0.02425	0.01467	0.25584	0.58182	0.00744	0.01147	0.00614	0.00289	0.00423
11	0.00730	0.00474	0.00589	0.00676	0.00740	0.00451	0.00476	0.00869	0.01040	0.01497	0.02660	0.54273	0.05468	0.01358	0.00594	0.00190	0.00298	0.06243	0.20933	0.00443
12	0.00639	0.00514	0.00573	0.00609	0.00742	0.00447	0.00449	0.00772	0.01153	0.01427	0.07747	0.24092	0.51762	0.01393	0.00634	0.00188	0.00286	0.05647	0.00487	0.00440
13	0.02336	0.00886	0.01209	0.00927	0.01329	0.00765	0.00765	0.02538	0.01491	0.78810	0.02055	0.01773	0.01289	0.00645	0.00524	0.00161	0.00443	0.00524	0.00645	0.00886
14	0.01243	0.01171	0.03789	0.16448	0.55129	0.01174	0.01479	0.01591	0.03238	0.04471	0.04453	0.01452	0.01016	0.00514	0.00521	0.00159	0.00607	0.00489	0.00288	0.00768
15	0.01106	0.00895	0.01472	0.29313	0.21798	0.00956	0.03747	0.01367	0.01112	0.08673	0.01536	0.21021	0.01474	0.00858	0.02206	0.00191	0.00576	0.00726	0.00341	0.00634
16	0.06647	0.01365	0.05279	0.03972	0.20826	0.08724	0.17511	0.07242	0.01273	0.04485	0.01197	0.02655	0.03829	0.00551	0.00563	0.00156	0.03948	0.00497	0.00311	0.08969

[dist]
# distance from previous block
# <min> <max>
0	2

[block]
# block no. 7 follows, 47 sequences, length 7
# corresponding to MSA columns:
# 254-260
name=unknown_H
#
# <colnr> <probs for GDERKNQSTAVLIFYWHMCP>
#	G	D	E	R	K	N	Q	S	T	A	V	L	I	F	Y	W	H	M	C	P
0	0.04285	0.13644	0.04152	0.05503	0.11392	0.12736	0.06947	0.05068	0.08933	0.03218	0.02650	0.02618	0.00979	0.00652	0.03270	0.00165	0.00634	0.00442	0.00319	0.12392
1	0.06127	0.00523	0.00598	0.00613	0.00638	0.00528	0.00373	0.00793	0.00798	0.01137	0.01716	0.16132	0.01971	0.55174	0.02109	0.08819	0.00459	0.00818	0.00335	0.00340
2	0.03423	0.01183	0.01464	0.03236	0.11111	0.06310	0.07944	0.24866	0.02881	0.03516	0.04335	0.06048	0.05880	0.00683	0.00544	0.00156	0.02390	0.00575	0.07960	0.05495
3	0.00867	0.04777	0.00746	0.00641	0.00699	0.00629	0.00411	0.00952	0.03539	0.04316	0.01679	0.07256	0.01842	0.62411	0.06756	0.00462	0.00543	0.00744	0.00339	0.00390
4	0.01249	0.12924	0.07568	0.01428	0.10219	0.01158	0.16500	0.01587	0.04126	0.08883	0.08522	0.01707	0.04428	0.00600	0.00567	0.00152	0.04857	0.00530	0.04721	0.08273
5	0.05247	0.04484	0.01313	0.09309	0.01551	0.04876	0.04892	0.01829	0.22883	0.06137	0.05681	0.04421	0.01349	0.00642	0.00553	0.00153	0.04836	0.00523	0.03760	0.15560
6	0.10897	0.03668	0.08004	0.06223	0.06059	0.03871	0.05341	0.09913	0.16230	0.03978	0.04137	0.06288	0.01246	0.00632	0.00490	0.00157	0.00519	0.00526	0.03034	0.08787

[dist]
# distance from previous block
# <min> <max>
7	80

[block]
# block no. 8 follows, 47 sequences, length 10
# corresponding to MSA columns:
# 374-383
name=unknown_I
#
# <colnr> <probs for GDERKNQSTAVLIFYWHMCP>
#	G	D	E	R	K	N	Q	S	T	A	V	L	I	F	Y	W	H	M	C	P
0	0.03165	0.00835	0.04223	0.03402	0.09589	0.00757	0.03293	0.05010	0.03170	0.01857	0.13610	0.11153	0.04848	0.00790	0.00504	0.00152	0.00394	0.02539	0.21377	0.09331
1	0.00988	0.04519	0.01330	0.12799	0.08542	0.00932	0.08354	0.04351	0.01061	0.01476	0.01575	0.11320	0.04552	0.12547	0.10169	0.00295	0.05279	0.00670	0.08694	0.00546
2	0.01246	0.05147	0.06661	0.06952	0.14308	0.01154	0.07157	0.15387	0.08481	0.01946	0.03468	0.06881	0.03572	0.00717	0.00539	0.00165	0.00552	0.07612	0.00380	0.07676
3	0.00651	0.00495	0.00602	0.00665	0.00759	0.00446	0.00475	0.00781	0.01124	0.01452	0.12025	0.43296	0.28284	0.01454	0.00646	0.00196	0.00293	0.05423	0.00493	0.00439
4	0.07409	0.04475	0.07325	0.02821	0.13430	0.04445	0.10913	0.25653	0.01571	0.07088	0.01258	0.07349	0.01033	0.00687	0.02067	0.00175	0.00625	0.00537	0.00385	0.00754
5	0.01422	0.29640	0.09017	0.03328	0.08860	0.08950	0.01090	0.11447	0.01272	0.04104	0.00993	0.04180	0.00861	0.00703	0.03189	0.00172	0.09359	0.00424	0.00296	0.00693
6	0.00689	0.00519	0.00621	0.00634	0.00724	0.00503	0.00443	0.00797	0.00984	0.01277	0.06414	0.13280	0.28456	0.23938	0.17995	0.00411	0.00575	0.00930	0.00398	0.00411
7	0.00639	0.00471	0.00599	0.00687	0.00748	0.00431	0.00470	0.00748	0.01065	0.01400	0.09001	0.62873	0.15887	0.01537	0.00653	0.00202	0.00292	0.01377	0.00490	0.00431
8	0.01134	0.06448	0.63105	0.01516	0.02216	0.06025	0.09132	0.01673	0.01133	0.01607	0.00928	0.01107	0.00674	0.00489	0.00497	0.00161	0.00780	0.00399	0.00227	0.00748
9	0.04222	0.15409	0.18312	0.03049	0.08932	0.05524	0.07892	0.04024	0.03656	0.01666	0.03608	0.01506	0.04360	0.00556	0.00471	0.00144	0.00596	0.02074	0.02722	0.11276

[dist]
# distance from previous block
# <min> <max>
1	8

[block]
# block no. 9 follows, 47 sequences, length 14
# corresponding to MSA columns:
# 396-409
name=unknown_J
#
# <colnr> <probs for GDERKNQSTAVLIFYWHMCP>
#	G	D	E	R	K	N	Q	S	T	A	V	L	I	F	Y	W	H	M	C	P
0	0.00954	0.05995	0.05803	0.04525	0.02640	0.00837	0.00754	0.04922	0.09063	0.01601	0.07551	0.15062	0.05711	0.12755	0.03711	0.00249	0.00485	0.10861	0.02002	0.04519
1	0.01410	0.12245	0.20419	0.01388	0.06384	0.03038	0.09681	0.15780	0.08369	0.06383	0.03471	0.01333	0.00984	0.00543	0.00494	0.00151	0.00619	0.00454	0.00354	0.06499
2	0.01273	0.13031	0.06836	0.08522	0.11589	0.03010	0.14120	0.07221	0.01210	0.04170	0.01064	0.02766	0.00889	0.04355	0.00647	0.00165	0.04633	0.00470	0.02799	0.11230
3	0.00815	0.03895	0.00898	0.00811	0.00900	0.00744	0.00611	0.01011	0.04450	0.01217	0.01479	0.05349	0.01476	0.21017	0.48203	0.00646	0.05091	0.00624	0.00302	0.00460
4	0.00860	0.00652	0.00871	0.03553	0.08758	0.02436	0.00664	0.02826	0.01067	0.03940	0.04628	0.46541	0.02633	0.09904	0.05637	0.00268	0.00464	0.03377	0.00426	0.00494
5	0.00655	0.00489	0.00609	0.00664	0.00749	0.00443	0.00466	0.00792	0.01154	0.01529	0.21485	0.45557	0.20656	0.01425	0.00641	0.00192	0.00280	0.01265	0.00505	0.00443
6	0.01361	0.03820	0.06513	0.01023	0.01479	0.01107	0.03797	0.22137	0.08982	0.02159	0.01131	0.01218	0.00873	0.00494	0.00451	0.00119	0.00490	0.00396	0.00378	0.42071
7	0.03118	0.28007	0.14281	0.05270	0.11581	0.04026	0.01130	0.01536	0.02924	0.01495	0.00912	0.02616	0.00781	0.00509	0.00497	0.00135	0.05222	0.00377	0.00259	0.15325
8	0.01390	0.09067	0.05689	0.06196	0.48947	0.05417	0.01398	0.05193	0.01246	0.06542	0.01034	0.01274	0.00834	0.00592	0.02846	0.00172	0.00650	0.00442	0.00289	0.00780
9	0.00940	0.08610	0.02853	0.00772	0.00974	0.00810	0.00621	0.06807	0.08392	0.02780	0.16731	0.14141	0.20771	0.07036	0.00732	0.00199	0.00377	0.05443	0.00465	0.00546
10	0.00649	0.00465	0.00605	0.00702	0.00743	0.00434	0.00469	0.00747	0.01023	0.01366	0.08279	0.67667	0.06364	0.06881	0.00791	0.00226	0.00310	0.01379	0.00479	0.00421
11	0.04108	0.04244	0.08062	0.05557	0.13958	0.02378	0.06067	0.06939	0.05248	0.01661	0.01695	0.26363	0.01744	0.02733	0.00657	0.00189	0.03771	0.03635	0.00367	0.00624
12	0.01155	0.01094	0.01760	0.36150	0.38511	0.03832	0.01437	0.01439	0.01100	0.01475	0.00945	0.01339	0.00769	0.00580	0.00617	0.05771	0.00651	0.00458	0.00245	0.00672
13	0.00932	0.00711	0.01070	0.19296	0.03866	0.00829	0.00848	0.01126	0.00916	0.05564	0.01304	0.02011	0.01199	0.14819	0.37521	0.00534	0.06099	0.00556	0.00290	0.00509

[dist]
# distance from previous block
# <min> <max>
1	2

[block]
# block no. 10 follows, 47 sequences, length 38
# corresponding to MSA columns:
# 412-435,438-451
name=unknown_K
#
# <colnr> <probs for GDERKNQSTAVLIFYWHMCP>
#	G	D	E	R	K	N	Q	S	T	A	V	L	I	F	Y	W	H	M	C	P
0	0.04809	0.00644	0.04425	0.00725	0.00862	0.00550	0.00563	0.00972	0.03374	0.01730	0.33286	0.34057	0.09573	0.01242	0.00612	0.00184	0.00307	0.01097	0.00501	0.00487
1	0.00763	0.00553	0.00703	0.00782	0.00850	0.00552	0.00571	0.00981	0.06849	0.01393	0.02545	0.40244	0.02884	0.16999	0.01053	0.00273	0.00397	0.20707	0.00453	0.00448
2	0.01392	0.82012	0.02729	0.00891	0.01337	0.02061	0.00891	0.01559	0.01058	0.01225	0.00724	0.00835	0.00668	0.00446	0.00334	0.00111	0.00557	0.00278	0.00223	0.00668
3	0.00648	0.00532	0.00565	0.00570	0.00729	0.00458	0.00430	0.00791	0.01193	0.01458	0.11399	0.04893	0.63038	0.05165	0.00720	0.00195	0.00288	0.06004	0.00483	0.00441
4	0.00843	0.00592	0.00786	0.10057	0.01109	0.00589	0.00597	0.01117	0.02715	0.03885	0.53337	0.03291	0.06302	0.00933	0.00567	0.00160	0.00307	0.00814	0.11486	0.00515
5	0.07236	0.08500	0.01473	0.03326	0.11807	0.03518	0.04515	0.07775	0.16886	0.01773	0.03355	0.01799	0.04873	0.06991	0.07496	0.00248	0.06872	0.00535	0.00359	0.00663
6	0.01348	0.01060	0.01260	0.01167	0.11458	0.04344	0.00806	0.08977	0.03065	0.09632	0.01241	0.02378	0.02512	0.00503	0.00445	0.00114	0.00458	0.00412	0.03016	0.45804
7	0.05076	0.17303	0.12534	0.01201	0.05221	0.02759	0.04029	0.11144	0.21121	0.04542	0.01325	0.01440	0.01036	0.03847	0.00580	0.00169	0.02103	0.00460	0.03374	0.00738
8	0.04056	0.08748	0.01430	0.01022	0.01358	0.01335	0.03394	0.45225	0.01870	0.02609	0.01389	0.07716	0.01138	0.00675	0.00484	0.00151	0.00496	0.00534	0.15629	0.00741
9	0.03165	0.02541	0.01575	0.24301	0.16853	0.04286	0.03845	0.10196	0.10542	0.03338	0.04869	0.01604	0.01127	0.04876	0.00689	0.00185	0.04472	0.00512	0.00339	0.00685
10	0.12877	0.01305	0.01514	0.39515	0.13401	0.16205	0.01240	0.05183	0.01192	0.01605	0.00898	0.01207	0.00700	0.00516	0.00483	0.00161	0.00684	0.00414	0.00269	0.00631
11	0.01837	0.01364	0.01457	0.01144	0.01529	0.01515	0.00936	0.62939	0.12520	0.03066	0.01390	0.01379	0.01003	0.00635	0.00514	0.00157	0.00535	0.00486	0.04737	0.00857
12	0.00956	0.00587	0.00656	0.00660	0.00801	0.00604	0.00518	0.01346	0.10568	0.01906	0.09935	0.04762	0.02073	0.00833	0.00478	0.00155	0.00306	0.13208	0.49123	0.00525
13	0.00971	0.00485	0.00485	0.00485	0.00607	0.00485	0.00364	0.01213	0.01092	0.01942	0.01699	0.01942	0.01335	0.00607	0.00364	0.00121	0.00243	0.00485	0.84589	0.00485
14	0.00757	0.00506	0.00573	0.00571	0.00576	0.00504	0.00322	0.00766	0.00784	0.01050	0.04511	0.03426	0.02007	0.78674	0.02574	0.00492	0.00495	0.00764	0.00325	0.00322
15	0.01295	0.01119	0.01178	0.01060	0.01354	0.01295	0.00824	0.02767	0.77509	0.02178	0.02120	0.01943	0.01590	0.00707	0.00530	0.00177	0.00412	0.00589	0.00530	0.00824
16	0.01301	0.01231	0.02066	0.06852	0.71819	0.01248	0.01567	0.04530	0.01228	0.01745	0.00988	0.01292	0.00821	0.00473	0.00516	0.00156	0.00621	0.00464	0.00267	0.00815
17	0.34340	0.00966	0.01093	0.09322	0.01460	0.01006	0.00771	0.05788	0.01257	0.37092	0.01378	0.01346	0.00924	0.00568	0.00445	0.00162	0.00461	0.00421	0.00469	0.00729
18	0.00744	0.00558	0.00837	0.00837	0.00930	0.00651	0.00651	0.00930	0.00837	0.01209	0.01395	0.02046	0.01302	0.03906	0.79635	0.00837	0.01395	0.00558	0.00279	0.00465
19	0.44363	0.01085	0.01088	0.08143	0.03249	0.01240	0.00791	0.17070	0.08859	0.03981	0.01057	0.01176	0.00801	0.00706	0.04245	0.00195	0.00519	0.00390	0.00379	0.00666
20	0.01146	0.01093	0.01586	0.22785	0.04398	0.01449	0.01219	0.05901	0.00977	0.01412	0.00806	0.01235	0.00715	0.00830	0.02726	0.00218	0.50198	0.00461	0.00249	0.00597
21	0.00756	0.00567	0.00824	0.00818	0.00897	0.00658	0.00623	0.00917	0.00826	0.01186	0.01406	0.02189	0.01358	0.13386	0.68080	0.00780	0.03417	0.00580	0.00282	0.00449
22	0.01100	0.00659	0.00798	0.00717	0.00914	0.00613	0.00551	0.04721	0.03959	0.16698	0.26860	0.05995	0.21499	0.07128	0.00743	0.00195	0.00339	0.03498	0.02444	0.00568
23	0.01101	0.04130	0.58277	0.01506	0.04260	0.04682	0.05973	0.01606	0.01122	0.01620	0.04649	0.01247	0.00880	0.00548	0.00587	0.00167	0.06245	0.00427	0.00243	0.00731
24	0.85377	0.01007	0.00765	0.00685	0.01007	0.01168	0.00564	0.01531	0.00886	0.02336	0.00725	0.00846	0.00564	0.00483	0.00322	0.00161	0.00403	0.00282	0.00322	0.00564
25	0.01439	0.01110	0.01199	0.01052	0.01364	0.01254	0.00826	0.06295	0.65801	0.10399	0.02071	0.01892	0.01524	0.00696	0.00529	0.00174	0.00423	0.00576	0.00542	0.00834
26	0.85377	0.01007	0.00765	0.00685	0.01007	0.01168	0.00564	0.01531	0.00886	0.02336	0.00725	0.00846	0.00564	0.00483	0.00322	0.00161	0.00403	0.00282	0.00322	0.00564
27	0.01940	0.01435	0.01542	0.01179	0.01598	0.01574	0.00973	0.73391	0.02388	0.03212	0.01236	0.01243	0.00881	0.00615	0.00515	0.00153	0.00565	0.00462	0.00512	0.04587
28	0.00776	0.00543	0.00693	0.00662	0.00797	0.00495	0.00501	0.00999	0.01408	0.04568	0.60283	0.07076	0.14230	0.01120	0.00617	0.00170	0.00266	0.03745	0.00557	0.00495
29	0.00684	0.00494	0.00671	0.00735	0.00785	0.00505	0.00512	0.00794	0.00920	0.01252	0.02306	0.44599	0.04355	0.12689	0.25675	0.00445	0.00670	0.01089	0.00398	0.00423
30	0.01299	0.01133	0.01742	0.03536	0.01741	0.01201	0.24475	0.16916	0.15476	0.02041	0.01431	0.03643	0.01148	0.04343	0.03176	0.00204	0.04493	0.00579	0.10728	0.00694
31	0.01325	0.13602	0.01520	0.01026	0.01381	0.02844	0.04794	0.13575	0.14070	0.03019	0.02337	0.01693	0.01166	0.00623	0.00532	0.00142	0.04369	0.06369	0.03685	0.21929
32	0.01346	0.04813	0.01143	0.01041	0.06779	0.05143	0.01891	0.10027	0.04861	0.15445	0.04031	0.18590	0.01735	0.04100	0.03913	0.02096	0.00489	0.00714	0.11207	0.00635
33	0.01350	0.04892	0.06810	0.01089	0.03607	0.02919	0.00901	0.15958	0.18784	0.05588	0.04034	0.05892	0.01359	0.00705	0.00596	0.00159	0.06874	0.02360	0.06813	0.09310
34	0.01295	0.28304	0.13634	0.13162	0.05349	0.02930	0.05638	0.10854	0.01262	0.01654	0.00993	0.03026	0.00835	0.00533	0.00457	0.00143	0.00620	0.02073	0.00284	0.06953
35	0.01145	0.08832	0.09270	0.01047	0.06678	0.02649	0.00841	0.11404	0.04808	0.05388	0.18522	0.09544	0.10901	0.03684	0.00614	0.00173	0.00448	0.00723	0.02697	0.00631
36	0.03010	0.18412	0.23873	0.02981	0.04707	0.01385	0.13157	0.06445	0.10989	0.01716	0.01220	0.03338	0.02268	0.00681	0.03459	0.00183	0.00672	0.00479	0.00303	0.00720
37	0.00819	0.02424	0.00774	0.03836	0.00953	0.00593	0.00576	0.03533	0.01201	0.02787	0.16683	0.20932	0.17810	0.06796	0.00750	0.00206	0.00357	0.11920	0.04177	0.02872

[dist]
# distance from previous block
# <min> <max>
0	1

[block]
# block no. 11 follows, 47 sequences, length 6
# corresponding to MSA columns:
# 453-458
name=unknown_L
#
# <colnr> <probs for GDERKNQSTAVLIFYWHMCP>
#	G	D	E	R	K	N	Q	S	T	A	V	L	I	F	Y	W	H	M	C	P
0	0.01270	0.09423	0.17735	0.05427	0.05228	0.11084	0.04373	0.12485	0.05916	0.01747	0.01446	0.18740	0.01376	0.00773	0.00527	0.00166	0.00611	0.00650	0.00351	0.00673
1	0.01189	0.00863	0.04441	0.03302	0.07828	0.00778	0.00754	0.05931	0.08161	0.15296	0.16190	0.05429	0.20828	0.00893	0.00556	0.00165	0.00389	0.00758	0.05607	0.00642
2	0.00790	0.00711	0.05209	0.03899	0.01012	0.00646	0.03632	0.00981	0.04260	0.01259	0.02025	0.16094	0.08016	0.32605	0.16161	0.00431	0.00651	0.00824	0.00349	0.00445
3	0.01318	0.04005	0.09369	0.05084	0.28412	0.06641	0.08103	0.06360	0.04514	0.06765	0.01293	0.08727	0.01120	0.00806	0.04989	0.00201	0.00672	0.00563	0.00329	0.00728
4	0.03434	0.07454	0.14348	0.03988	0.16041	0.06283	0.06064	0.10292	0.01263	0.01729	0.01398	0.05674	0.06719	0.02322	0.00663	0.00172	0.08030	0.00541	0.02907	0.00681
5	0.01106	0.00866	0.01022	0.04574	0.08585	0.06101	0.00743	0.06661	0.05953	0.08173	0.14247	0.17726	0.12158	0.04180	0.05316	0.00225	0.00489	0.00837	0.00451	0.00589

[dist]
# distance from previous block
# <min> <max>
2	17

[block]
# block no. 12 follows, 47 sequences, length 28
# corresponding to MSA columns:
# 484-511
name=unknown_M
#
# <colnr> <probs for GDERKNQSTAVLIFYWHMCP>
#	G	D	E	R	K	N	Q	S	T	A	V	L	I	F	Y	W	H	M	C	P
0	0.01303	0.10928	0.35971	0.01348	0.04702	0.07846	0.03490	0.08531	0.03812	0.04264	0.01068	0.03104	0.00836	0.00556	0.00526	0.00154	0.03776	0.00426	0.02607	0.04752
1	0.01181	0.09069	0.53891	0.01449	0.05104	0.02938	0.03740	0.05601	0.01198	0.04058	0.01094	0.02693	0.00866	0.00567	0.00501	0.00164	0.00709	0.04160	0.00270	0.00747
2	0.03496	0.08990	0.03103	0.10899	0.28494	0.03671	0.06481	0.01486	0.03612	0.03402	0.02702	0.06365	0.01118	0.03227	0.06736	0.00225	0.04489	0.00539	0.00294	0.00673
3	0.00828	0.00657	0.03291	0.00764	0.00905	0.00590	0.00585	0.05013	0.04619	0.04092	0.11163	0.38570	0.16702	0.03177	0.02958	0.00218	0.00373	0.04508	0.00484	0.00504
4	0.01365	0.13230	0.13732	0.06071	0.19610	0.04511	0.09138	0.05302	0.05216	0.09080	0.03435	0.02758	0.01068	0.00570	0.00507	0.00158	0.00628	0.02551	0.00329	0.00741
5	0.01035	0.00866	0.02456	0.06564	0.09700	0.04507	0.07621	0.03283	0.01178	0.07389	0.06267	0.29684	0.09247	0.03447	0.02369	0.00204	0.00493	0.00923	0.02197	0.00569
6	0.00740	0.00524	0.00712	0.00846	0.04688	0.00491	0.00555	0.00864	0.01071	0.03798	0.08898	0.58915	0.07077	0.03967	0.00711	0.00212	0.00330	0.04658	0.00479	0.00463
7	0.01256	0.01333	0.12766	0.11330	0.18681	0.01209	0.06593	0.13319	0.03546	0.03985	0.03928	0.07723	0.01207	0.00687	0.00657	0.00175	0.08410	0.02142	0.00340	0.00714
8	0.08404	0.03635	0.08801	0.09070	0.14730	0.06418	0.13123	0.11619	0.07038	0.05779	0.01255	0.01538	0.02111	0.00575	0.00518	0.00165	0.00641	0.03507	0.00345	0.00728
9	0.00692	0.00473	0.00623	0.00720	0.00772	0.00437	0.00489	0.00792	0.01036	0.03869	0.05078	0.72952	0.06986	0.01569	0.00656	0.00207	0.00303	0.01416	0.00491	0.00441
10	0.14571	0.01257	0.01781	0.12180	0.39334	0.08218	0.06960	0.01626	0.01162	0.04702	0.01007	0.01339	0.00821	0.00509	0.00494	0.00160	0.00632	0.02241	0.00286	0.00718
11	0.00683	0.00498	0.00656	0.00748	0.00817	0.00460	0.00531	0.00805	0.01047	0.01402	0.05278	0.63595	0.05495	0.01521	0.00655	0.00206	0.00325	0.10337	0.00478	0.04464
12	0.00983	0.00926	0.01562	0.80447	0.03587	0.01157	0.01446	0.01331	0.01041	0.01331	0.00926	0.01388	0.00694	0.00521	0.00521	0.00174	0.00694	0.00463	0.00231	0.00579
13	0.00749	0.00539	0.00740	0.00740	0.00800	0.00598	0.00530	0.00868	0.00808	0.01137	0.01483	0.02537	0.01515	0.31931	0.51901	0.00717	0.01074	0.00630	0.00292	0.00411
14	0.00757	0.00505	0.00568	0.00568	0.00568	0.00505	0.00316	0.00757	0.00757	0.01010	0.01641	0.03408	0.01893	0.81698	0.02651	0.00505	0.00505	0.00757	0.00316	0.00316
15	0.01454	0.01198	0.01267	0.01092	0.01415	0.01370	0.00863	0.19942	0.60075	0.02435	0.01918	0.01782	0.01426	0.00688	0.00528	0.00172	0.00450	0.00561	0.00528	0.00839
16	0.01082	0.00934	0.01100	0.00794	0.01239	0.00729	0.00637	0.01309	0.01069	0.01680	0.00916	0.01082	0.00768	0.00406	0.00437	0.00083	0.03503	0.00314	0.00305	0.81611
