[name]
unknown

[dist]
# distance from previous block
# <min> <max>
9	76

[block]
# block no. 0 follows, 51 sequences, length 17
# corresponding to MSA columns:
# 84-100
name=unknown_A
#
# <colnr> <probs for GDERKNQSTAVLIFYWHMCP>
#	G	D	E	R	K	N	Q	S	T	A	V	L	I	F	Y	W	H	M	C	P
0	0.03965	0.00835	0.01006	0.11771	0.04243	0.05463	0.00746	0.10183	0.06194	0.04349	0.06286	0.08002	0.03326	0.05152	0.12991	0.13443	0.00609	0.00577	0.00343	0.00516
1	0.08996	0.00881	0.01075	0.05883	0.06455	0.00972	0.00765	0.18485	0.04910	0.05123	0.16232	0.06159	0.01762	0.03675	0.05400	0.00206	0.06399	0.00583	0.05432	0.00603
2	0.05986	0.04160	0.01015	0.02445	0.04943	0.01731	0.00675	0.11389	0.06454	0.09141	0.24037	0.04891	0.05287	0.00871	0.03354	0.00173	0.01804	0.02079	0.07301	0.02262
3	0.04385	0.03670	0.16601	0.11441	0.05053	0.02942	0.06593	0.12736	0.04051	0.05062	0.07764	0.04802	0.03149	0.00677	0.02024	0.00167	0.03664	0.00515	0.01540	0.03163
4	0.14385	0.07860	0.04182	0.02298	0.01223	0.05635	0.02155	0.13314	0.11133	0.07702	0.11189	0.03011	0.02310	0.00689	0.02022	0.00160	0.01991	0.00491	0.06592	0.01657
5	0.04143	0.04007	0.04135	0.09428	0.01443	0.04332	0.00828	0.20156	0.16453	0.04338	0.02669	0.05942	0.01163	0.03532	0.02999	0.08930	0.00516	0.00509	0.00381	0.04097
6	0.06114	0.01298	0.16427	0.07488	0.08724	0.06013	0.02498	0.03369	0.04127	0.07046	0.07122	0.04149	0.01152	0.00552	0.00475	0.00137	0.01937	0.00453	0.01796	0.19123
7	0.05875	0.05017	0.06060	0.13466	0.03404	0.05634	0.04624	0.11696	0.13985	0.03255	0.03908	0.01441	0.03448	0.00601	0.01582	0.00153	0.02681	0.00452	0.00345	0.12375
8	0.32248	0.06376	0.07738	0.02120	0.07501	0.02435	0.03482	0.05793	0.02557	0.09227	0.06768	0.05718	0.03646	0.00603	0.00426	0.00152	0.00454	0.00471	0.01673	0.00613
9	0.04319	0.25249	0.45302	0.01292	0.06459	0.03659	0.01409	0.01575	0.03827	0.01477	0.00857	0.00993	0.00663	0.00460	0.00419	0.00140	0.00640	0.00341	0.00226	0.00692
10	0.01133	0.01200	0.09471	0.06385	0.47125	0.01069	0.03413	0.01533	0.07664	0.02991	0.04814	0.03946	0.02337	0.00535	0.00494	0.00149	0.00548	0.00499	0.00293	0.04401
11	0.00807	0.00859	0.10369	0.00890	0.03715	0.00685	0.03600	0.02908	0.06058	0.01688	0.32949	0.02923	0.15867	0.01322	0.12907	0.00255	0.00512	0.00737	0.00419	0.00530
12	0.01165	0.01005	0.01072	0.00938	0.01236	0.01103	0.00732	0.02323	0.63690	0.01957	0.01946	0.01824	0.04506	0.00643	0.00482	0.00152	0.00379	0.00534	0.00466	0.13846
13	0.01020	0.00983	0.01356	0.01174	0.01174	0.01347	0.00955	0.01111	0.00747	0.01147	0.00784	0.01405	0.00821	0.13468	0.01750	0.00255	0.69302	0.00474	0.00228	0.00501
14	0.01322	0.01105	0.01167	0.01020	0.01316	0.01269	0.00802	0.14225	0.67001	0.02216	0.01874	0.01733	0.01398	0.00655	0.00499	0.00164	0.00412	0.00538	0.00499	0.00787
15	0.69563	0.04236	0.00769	0.00637	0.00899	0.01040	0.00509	0.01333	0.00824	0.01969	0.00817	0.01170	0.00729	0.13125	0.00643	0.00200	0.00401	0.00335	0.00299	0.00500
16	0.01169	0.01301	0.02760	0.02217	0.14441	0.01231	0.66118	0.01564	0.01154	0.01579	0.00983	0.01309	0.00751	0.00418	0.00566	0.00163	0.00791	0.00558	0.00248	0.00681

[dist]
# distance from previous block
# <min> <max>
0	8

[block]
# block no. 1 follows, 51 sequences, length 39
# corresponding to MSA columns:
# 109,110,112-120,125-130,136-157
name=unknown_B
#
# <colnr> <probs for GDERKNQSTAVLIFYWHMCP>
#	G	D	E	R	K	N	Q	S	T	A	V	L	I	F	Y	W	H	M	C	P
0	0.00938	0.00817	0.02830	0.04217	0.18930	0.00770	0.07609	0.03903	0.01273	0.03414	0.38437	0.02664	0.06301	0.04972	0.00647	0.00171	0.00418	0.00706	0.00413	0.00571
1	0.00761	0.00476	0.00662	0.00662	0.00692	0.00506	0.00454	0.00744	0.00713	0.00981	0.01215	0.02144	0.01253	0.25880	0.29288	0.31708	0.00748	0.00545	0.00255	0.00316
2	0.01207	0.56756	0.27906	0.01024	0.01544	0.01682	0.01159	0.01499	0.01011	0.01287	0.00748	0.00870	0.00628	0.00436	0.00365	0.00122	0.00591	0.00296	0.00209	0.00662
3	0.01189	0.07166	0.36798	0.01765	0.25185	0.02316	0.01463	0.05884	0.03311	0.04354	0.00964	0.01124	0.00733	0.00467	0.00460	0.00144	0.00622	0.00389	0.00262	0.05405
4	0.03270	0.24956	0.05153	0.01397	0.14912	0.23140	0.01025	0.06444	0.04549	0.02694	0.00883	0.01038	0.00736	0.00611	0.03348	0.00157	0.04410	0.00357	0.00268	0.00653
5	0.01314	0.83025	0.02575	0.00841	0.01261	0.01945	0.00841	0.01472	0.00999	0.01156	0.00683	0.00788	0.00631	0.00420	0.00315	0.00105	0.00526	0.00263	0.00210	0.00631
6	0.00732	0.00562	0.00835	0.02688	0.03123	0.00632	0.00641	0.00915	0.00838	0.01207	0.04938	0.01974	0.01357	0.04968	0.68520	0.00696	0.01179	0.00535	0.00276	0.03381
7	0.00928	0.00873	0.01474	0.81548	0.03385	0.01092	0.01365	0.01256	0.00983	0.01256	0.00873	0.01310	0.00655	0.00491	0.00491	0.00164	0.00655	0.00437	0.00218	0.00546
8	0.01082	0.01127	0.01286	0.19227	0.13169	0.19428	0.04528	0.01281	0.01097	0.01315	0.01502	0.27538	0.01573	0.00847	0.00533	0.00166	0.00581	0.02865	0.00315	0.00541
9	0.01140	0.00633	0.00813	0.00708	0.00910	0.00582	0.00554	0.04050	0.02814	0.22649	0.48017	0.03129	0.08787	0.00902	0.00554	0.00156	0.00300	0.02174	0.00549	0.00578
10	0.00928	0.00873	0.01474	0.81548	0.03385	0.01092	0.01365	0.01256	0.00983	0.01256	0.00873	0.01310	0.00655	0.00491	0.00491	0.00164	0.00655	0.00437	0.00218	0.00546
11	0.00714	0.00479	0.00548	0.00548	0.00552	0.00483	0.00312	0.00722	0.00718	0.00962	0.01538	0.03156	0.01761	0.79063	0.06132	0.00491	0.00515	0.00706	0.00296	0.00304
12	0.00773	0.00607	0.00696	0.00652	0.00797	0.02490	0.00492	0.04544	0.04567	0.01850	0.52633	0.06610	0.19375	0.01028	0.00571	0.00158	0.00274	0.00890	0.00510	0.00484
13	0.26817	0.22377	0.05049	0.00990	0.01333	0.23107	0.04386	0.03304	0.04123	0.01599	0.00831	0.02572	0.00699	0.00493	0.00383	0.00135	0.00594	0.00336	0.00274	0.00596
14	0.01271	0.00917	0.01455	0.47985	0.13707	0.01026	0.01210	0.01618	0.05164	0.19034	0.01179	0.01406	0.00843	0.00519	0.00492	0.00159	0.00578	0.00456	0.00324	0.00657
15	0.01156	0.03347	0.05461	0.01492	0.10874	0.01070	0.23638	0.05838	0.07313	0.01685	0.01009	0.01203	0.00796	0.00448	0.00509	0.00130	0.03499	0.00431	0.00292	0.29807
16	0.01198	0.01149	0.01961	0.08081	0.74744	0.01163	0.01499	0.01492	0.01110	0.01583	0.00921	0.01222	0.00770	0.00441	0.00487	0.00147	0.00588	0.00438	0.00242	0.00763
17	0.00963	0.03504	0.35411	0.01368	0.01823	0.01060	0.19099	0.01351	0.01036	0.01481	0.05195	0.09052	0.02800	0.00840	0.05790	0.00207	0.07564	0.00566	0.00267	0.00624
18	0.00691	0.00502	0.00651	0.00614	0.00732	0.00462	0.00460	0.00919	0.01381	0.01948	0.76748	0.03709	0.07308	0.01013	0.00580	0.00155	0.00232	0.00894	0.00538	0.00462
19	0.01836	0.02342	0.01393	0.01266	0.01519	0.80756	0.00950	0.01962	0.01393	0.01203	0.00760	0.00886	0.00633	0.00506	0.00443	0.00127	0.00886	0.00317	0.00253	0.00570
20	0.01108	0.05334	0.27964	0.01405	0.13291	0.01070	0.04764	0.04291	0.08933	0.01664	0.01005	0.01146	0.00778	0.00453	0.00443	0.00129	0.00556	0.00381	0.00278	0.25003
21	0.01618	0.01903	0.01697	0.05364	0.06636	0.49195	0.13852	0.08336	0.01374	0.01454	0.00847	0.01032	0.00680	0.00505	0.00515	0.00141	0.03576	0.00389	0.00269	0.00619
22	0.00766	0.00473	0.00592	0.00587	0.00593	0.00479	0.00362	0.00698	0.00704	0.00937	0.01410	0.02626	0.04219	0.49899	0.02212	0.30088	0.02186	0.00620	0.00272	0.00278
23	0.11035	0.00848	0.01096	0.00850	0.01223	0.00762	0.00702	0.02295	0.01347	0.71825	0.01807	0.01581	0.01145	0.00592	0.00474	0.00152	0.00414	0.00470	0.00576	0.00804
24	0.00681	0.00539	0.00562	0.00540	0.00716	0.00467	0.00410	0.03537	0.01190	0.03653	0.10043	0.04441	0.69131	0.01186	0.00575	0.00164	0.00263	0.00990	0.00468	0.00445
25	0.01394	0.32984	0.02070	0.01700	0.27852	0.19531	0.02473	0.01633	0.03586	0.01355	0.00829	0.00998	0.00711	0.00453	0.00413	0.00127	0.00628	0.00349	0.00241	0.00672
26	0.00608	0.00435	0.00581	0.00695	0.00728	0.00408	0.00473	0.00701	0.00950	0.01265	0.02703	0.78554	0.03229	0.01530	0.00630	0.00201	0.00294	0.05156	0.00456	0.00402
27	0.00601	0.00497	0.00528	0.00524	0.00677	0.00423	0.00391	0.00744	0.01163	0.01439	0.17983	0.06478	0.64435	0.01210	0.00582	0.00165	0.00247	0.01020	0.00471	0.00423
28	0.01790	0.26899	0.06929	0.00938	0.01336	0.07293	0.00858	0.01989	0.01238	0.42208	0.01355	0.01279	0.00935	0.00537	0.00456	0.00137	0.02266	0.00398	0.00421	0.00737
29	0.01120	0.05997	0.58103	0.03945	0.03272	0.02898	0.06857	0.09173	0.01178	0.01676	0.00908	0.01068	0.00656	0.00475	0.00471	0.00153	0.00704	0.00384	0.00241	0.00720
30	0.00951	0.06354	0.15197	0.01044	0.01374	0.00850	0.14266	0.01299	0.04007	0.05551	0.33947	0.04318	0.07248	0.00765	0.00537	0.00156	0.00459	0.00691	0.00405	0.00580
31	0.01019	0.00873	0.01019	0.00728	0.01165	0.00655	0.00582	0.01237	0.01019	0.01601	0.00873	0.01019	0.00728	0.00364	0.00364	0.00073	0.00364	0.00291	0.00291	0.85734
32	0.00916	0.00721	0.00858	0.00675	0.00984	0.00574	0.00529	0.01126	0.01153	0.04417	0.24362	0.02243	0.10909	0.00661	0.00456	0.00110	0.00314	0.00559	0.00394	0.48041
33	0.01233	0.01108	0.05401	0.01361	0.14046	0.04819	0.09351	0.12221	0.10602	0.07994	0.08739	0.02225	0.14168	0.00711	0.00524	0.00157	0.00497	0.02713	0.01465	0.00665
34	0.02854	0.06456	0.28192	0.01186	0.07104	0.00982	0.02810	0.05513	0.01166	0.08674	0.08436	0.06298	0.03516	0.00632	0.00496	0.00147	0.01745	0.02654	0.00333	0.10806
35	0.00929	0.00731	0.03391	0.11591	0.05684	0.00703	0.00706	0.06350	0.03431	0.04279	0.30264	0.04129	0.10666	0.00803	0.00511	0.00151	0.00358	0.00690	0.14095	0.00539
36	0.04229	0.05123	0.25462	0.01572	0.18693	0.05409	0.02422	0.05879	0.13519	0.09832	0.01170	0.01254	0.00869	0.00519	0.00488	0.00152	0.01920	0.00422	0.00325	0.00740
37	0.11972	0.13653	0.22128	0.01204	0.05545	0.01280	0.05041	0.15153	0.04196	0.12624	0.01072	0.01137	0.00779	0.00508	0.00456	0.00147	0.01653	0.00391	0.00340	0.00721
38	0.00993	0.00944	0.01510	0.72013	0.08847	0.03219	0.01355	0.02908	0.01031	0.01318	0.00881	0.01289	0.00667	0.00490	0.00490	0.00161	0.00654	0.00434	0.00227	0.00570

[dist]
# distance from previous block
# <min> <max>
0	1

[block]
# block no. 2 follows, 51 sequences, length 8
# corresponding to MSA columns:
# 159-166
name=unknown_C
#
# <colnr> <probs for GDERKNQSTAVLIFYWHMCP>
#	G	D	E	R	K	N	Q	S	T	A	V	L	I	F	Y	W	H	M	C	P
0	0.03163	0.00735	0.00914	0.00895	0.05335	0.00790	0.00650	0.04411	0.12841	0.01856	0.41098	0.02901	0.11391	0.00901	0.00669	0.00164	0.09533	0.00743	0.00464	0.00548
1	0.00837	0.00603	0.00733	0.00677	0.00835	0.00588	0.00515	0.01234	0.13277	0.05651	0.56031	0.03403	0.11782	0.00959	0.00563	0.00157	0.00267	0.00834	0.00529	0.00525
2	0.01169	0.00741	0.00910	0.00786	0.00955	0.00776	0.00599	0.17579	0.01155	0.07207	0.01185	0.01604	0.01018	0.07446	0.10695	0.24922	0.03893	0.00462	0.09823	0.07075
3	0.01104	0.00640	0.00659	0.00591	0.00761	0.00669	0.00460	0.16349	0.01284	0.02082	0.01519	0.01703	0.01176	0.00576	0.00373	0.00121	0.00291	0.00455	0.68654	0.00533
4	0.01434	0.64482	0.02303	0.00939	0.01321	0.20058	0.00866	0.01584	0.01089	0.01167	0.00701	0.00811	0.00631	0.00440	0.00345	0.00110	0.00608	0.00275	0.00220	0.00617
5	0.69523	0.01035	0.00871	0.00742	0.01064	0.01186	0.00612	0.16589	0.01128	0.02381	0.00782	0.00874	0.00592	0.00483	0.00341	0.00151	0.00412	0.00301	0.00341	0.00592
6	0.86201	0.00950	0.00722	0.00646	0.00950	0.01102	0.00532	0.01445	0.00836	0.02205	0.00684	0.00798	0.00532	0.00456	0.00304	0.00152	0.00380	0.00266	0.00304	0.00532
7	0.60181	0.12331	0.01091	0.00762	0.01072	0.03791	0.00644	0.06180	0.03597	0.02035	0.00760	0.00870	0.00605	0.00485	0.00384	0.00148	0.03892	0.00295	0.00304	0.00574

[dist]
# distance from previous block
# <min> <max>
1	3

[block]
# block no. 3 follows, 51 sequences, length 14
# corresponding to MSA columns:
# 170-178,183-187
name=unknown_D
#
# <colnr> <probs for GDERKNQSTAVLIFYWHMCP>
#	G	D	E	R	K	N	Q	S	T	A	V	L	I	F	Y	W	H	M	C	P
0	0.00715	0.00621	0.04176	0.00766	0.00866	0.00563	0.00568	0.01031	0.13381	0.01396	0.02515	0.65938	0.02854	0.01353	0.00600	0.00192	0.00321	0.01217	0.00452	0.00474
1	0.86201	0.00950	0.00722	0.00646	0.00950	0.01102	0.00532	0.01445	0.00836	0.02205	0.00684	0.00798	0.00532	0.00456	0.00304	0.00152	0.00380	0.00266	0.00304	0.00532
2	0.01075	0.01075	0.01505	0.01290	0.01290	0.01505	0.01075	0.01183	0.00753	0.01183	0.00645	0.01075	0.00645	0.00860	0.01613	0.00215	0.81830	0.00430	0.00215	0.00538
3	0.01019	0.00873	0.01019	0.00728	0.01165	0.00655	0.00582	0.01237	0.01019	0.01601	0.00873	0.01019	0.00728	0.00364	0.00364	0.00073	0.00364	0.00291	0.00291	0.85734
4	0.01175	0.01125	0.01919	0.14381	0.68625	0.01157	0.01487	0.01472	0.01099	0.01555	0.00917	0.01230	0.00761	0.00446	0.00487	0.00149	0.00594	0.00438	0.00240	0.00745
5	0.00689	0.00502	0.00647	0.00611	0.00730	0.00461	0.00458	0.00914	0.01375	0.01932	0.74947	0.03734	0.09119	0.01019	0.00580	0.00155	0.00233	0.00898	0.00536	0.00461
6	0.00703	0.00522	0.00768	0.00768	0.00848	0.00602	0.00587	0.00864	0.00783	0.01125	0.01336	0.02040	0.01276	0.10445	0.74088	0.00763	0.01244	0.00543	0.00266	0.00427
7	0.00582	0.00494	0.00502	0.00508	0.00667	0.00414	0.00378	0.00704	0.01110	0.01323	0.04849	0.09157	0.75120	0.01261	0.00583	0.00168	0.00251	0.01058	0.00456	0.00414
8	0.01836	0.02342	0.01393	0.01266	0.01519	0.80756	0.00950	0.01962	0.01393	0.01203	0.00760	0.00886	0.00633	0.00506	0.00443	0.00127	0.00886	0.00317	0.00253	0.00570
9	0.00599	0.00428	0.00570	0.00684	0.00713	0.00399	0.00456	0.00684	0.00941	0.01254	0.02709	0.82409	0.03250	0.01540	0.00627	0.00200	0.00285	0.01397	0.00456	0.00399
10	0.01296	0.78763	0.06685	0.00871	0.01307	0.01902	0.00892	0.01476	0.01001	0.01177	0.00694	0.00802	0.00630	0.00423	0.00323	0.00108	0.00536	0.00268	0.00210	0.00636
11	0.01242	0.01119	0.01870	0.02540	0.60473	0.01079	0.05736	0.01525	0.01124	0.05959	0.00978	0.01222	0.00794	0.00436	0.00476	0.00138	0.00560	0.00430	0.00270	0.12029
12	0.01099	0.09439	0.13314	0.00863	0.01326	0.00893	0.00813	0.03419	0.02868	0.04090	0.00966	0.02930	0.00797	0.00434	0.00392	0.00098	0.00441	0.00342	0.00294	0.55182
13	0.48652	0.01234	0.13527	0.00866	0.01231	0.01142	0.00806	0.01791	0.22820	0.02059	0.01086	0.01128	0.00819	0.00517	0.00385	0.00157	0.00438	0.00363	0.00344	0.00632

[dist]
# distance from previous block
# <min> <max>
0	1

[block]
# block no. 4 follows, 51 sequences, length 15
# corresponding to MSA columns:
# 189-195,202-209
name=unknown_E
#
# <colnr> <probs for GDERKNQSTAVLIFYWHMCP>
#	G	D	E	R	K	N	Q	S	T	A	V	L	I	F	Y	W	H	M	C	P
0	0.01246	0.01153	0.01009	0.00920	0.02724	0.21540	0.00689	0.01620	0.14266	0.09043	0.14767	0.02275	0.14745	0.00836	0.03071	0.00164	0.00503	0.00595	0.00413	0.08419
1	0.23617	0.01175	0.01444	0.01196	0.01372	0.06852	0.09437	0.05703	0.00952	0.01605	0.00732	0.01023	0.00636	0.00664	0.01009	0.00183	0.41173	0.00396	0.00261	0.00569
2	0.01438	0.06670	0.01215	0.00921	0.01240	0.01117	0.00746	0.17889	0.30189	0.15194	0.06331	0.01887	0.07432	0.00673	0.00489	0.00151	0.00414	0.00545	0.00485	0.04975
3	0.00916	0.00458	0.00458	0.00458	0.00573	0.00458	0.00344	0.01145	0.01031	0.01832	0.01603	0.01832	0.01260	0.00573	0.00344	0.00115	0.00229	0.00458	0.85457	0.00458
4	0.76826	0.00914	0.00723	0.00661	0.00943	0.01052	0.00534	0.01425	0.03411	0.02127	0.00883	0.07102	0.00773	0.00546	0.00335	0.00156	0.00373	0.00363	0.00322	0.00530
5	0.00702	0.00527	0.00790	0.00790	0.00878	0.00614	0.00614	0.00878	0.00790	0.01141	0.01316	0.01931	0.01229	0.03686	0.80782	0.00790	0.01316	0.00527	0.00263	0.00439
6	0.01050	0.00587	0.00601	0.00553	0.00707	0.00608	0.00427	0.11970	0.01211	0.02010	0.01544	0.01740	0.01200	0.00575	0.00364	0.00119	0.00273	0.00456	0.73494	0.00511
7	0.86201	0.00950	0.00722	0.00646	0.00950	0.01102	0.00532	0.01445	0.00836	0.02205	0.00684	0.00798	0.00532	0.00456	0.00304	0.00152	0.00380	0.00266	0.00304	0.00532
8	0.00712	0.00578	0.00887	0.13566	0.06653	0.00589	0.03230	0.00860	0.00967	0.01290	0.02241	0.61403	0.02590	0.01262	0.00595	0.00189	0.00382	0.01153	0.00397	0.00457
9	0.01025	0.01022	0.01868	0.50516	0.13886	0.01147	0.18559	0.01361	0.01036	0.01374	0.00902	0.01294	0.00693	0.00476	0.00540	0.00163	0.02836	0.00469	0.00229	0.00605
10	0.00713	0.00482	0.00565	0.00565	0.00575	0.00492	0.00334	0.00733	0.00723	0.00974	0.01522	0.03069	0.01723	0.73702	0.11441	0.00512	0.00572	0.00693	0.00294	0.00314
11	0.00874	0.00840	0.04975	0.03552	0.18719	0.00781	0.05616	0.01174	0.05370	0.01523	0.16545	0.07888	0.09615	0.04302	0.15727	0.00290	0.00610	0.00688	0.00354	0.00559
12	0.01201	0.01071	0.01896	0.01997	0.29899	0.02777	0.24030	0.01477	0.01115	0.09580	0.01294	0.11931	0.01155	0.00789	0.05113	0.00197	0.02883	0.00614	0.00311	0.00670
13	0.01226	0.14902	0.14009	0.01845	0.31421	0.01283	0.04462	0.06796	0.03365	0.04249	0.01188	0.01354	0.05462	0.00537	0.00538	0.00148	0.05780	0.00444	0.00280	0.00710
14	0.15415	0.17727	0.03408	0.02710	0.14795	0.02698	0.00986	0.01388	0.00930	0.02962	0.00781	0.01029	0.00679	0.00580	0.00771	0.00158	0.26429	0.00365	0.02976	0.03215

[dist]
# distance from previous block
# <min> <max>
0	30

# created by:
# /home/cegg/simao/soft/augustus-3.2.1/scripts/msa2prfl.pl ./align_prep/EOG091G12A5.fa
