[name]
unknown

[dist]
# distance from previous block
# <min> <max>
0	128

[block]
# block no. 0 follows, 43 sequences, length 32
# corresponding to MSA columns:
# 128-159
name=unknown_A
#
# <colnr> <probs for GDERKNQSTAVLIFYWHMCP>
#	G	D	E	R	K	N	Q	S	T	A	V	L	I	F	Y	W	H	M	C	P
0	0.00892	0.00637	0.00892	0.01020	0.01147	0.00637	0.00892	0.01147	0.01275	0.01657	0.02932	0.06247	0.03187	0.01530	0.00765	0.00255	0.00510	0.73354	0.00510	0.00510
1	0.05852	0.01529	0.01624	0.01249	0.01688	0.01696	0.01032	0.71885	0.02528	0.03445	0.01304	0.01310	0.00926	0.00658	0.00544	0.00166	0.00601	0.00490	0.00544	0.00926
2	0.00792	0.00535	0.00604	0.00610	0.00620	0.00530	0.00348	0.00803	0.00838	0.01109	0.01981	0.07385	0.05447	0.73198	0.02620	0.00506	0.00515	0.00859	0.00352	0.00347
3	0.01362	0.07275	0.04278	0.02642	0.06687	0.04533	0.00860	0.08635	0.06567	0.13299	0.23645	0.12276	0.03809	0.00918	0.00585	0.00174	0.00465	0.00783	0.00509	0.00698
4	0.13388	0.03818	0.25106	0.04302	0.19740	0.03748	0.03452	0.10060	0.03052	0.05009	0.01096	0.01269	0.00824	0.00545	0.00507	0.00169	0.00668	0.00441	0.02010	0.00798
5	0.00957	0.00802	0.00983	0.00919	0.01073	0.04551	0.00704	0.01239	0.06660	0.01423	0.02857	0.02136	0.01419	0.10698	0.47839	0.00635	0.04508	0.00579	0.00327	0.09691
6	0.07859	0.01480	0.10648	0.04400	0.53243	0.01346	0.01587	0.07133	0.01310	0.01958	0.01026	0.01306	0.00833	0.00527	0.00568	0.00169	0.03005	0.00469	0.00294	0.00840
7	0.01442	0.19506	0.31722	0.03038	0.04443	0.02877	0.01370	0.05167	0.02842	0.11796	0.01207	0.03719	0.00934	0.00576	0.00492	0.00156	0.00653	0.00446	0.00335	0.07279
8	0.01171	0.03427	0.01069	0.04098	0.05472	0.07345	0.00731	0.03815	0.07035	0.06677	0.15240	0.08964	0.09298	0.10597	0.02301	0.00231	0.02128	0.01930	0.07872	0.00597
9	0.00708	0.00581	0.00631	0.00606	0.00792	0.00493	0.00457	0.00884	0.01334	0.01692	0.23300	0.04850	0.55578	0.01292	0.00644	0.00179	0.00281	0.01091	0.00530	0.04077
10	0.01285	0.05953	0.44882	0.05918	0.13337	0.03001	0.07127	0.01780	0.01223	0.06968	0.01123	0.02972	0.00850	0.00554	0.00538	0.00172	0.00758	0.00473	0.00283	0.00803
11	0.01244	0.13385	0.43665	0.01450	0.05667	0.04291	0.02911	0.01696	0.01171	0.05071	0.01072	0.01287	0.00829	0.00939	0.09484	0.00244	0.00832	0.00425	0.00271	0.04066
12	0.75901	0.01197	0.00896	0.00796	0.01138	0.06614	0.00648	0.04192	0.01043	0.02441	0.00796	0.00921	0.00619	0.00523	0.00361	0.00169	0.00474	0.00311	0.00346	0.00614
13	0.01481	0.80869	0.02902	0.00948	0.01421	0.02191	0.00948	0.01658	0.01125	0.01303	0.00770	0.00888	0.00711	0.00474	0.00355	0.00118	0.00592	0.00296	0.00237	0.00711
14	0.01214	0.00996	0.01146	0.04574	0.04364	0.01097	0.00825	0.02243	0.45657	0.04587	0.17429	0.02716	0.09062	0.00865	0.00588	0.00183	0.00412	0.00737	0.00547	0.00759
15	0.01284	0.00674	0.00898	0.00785	0.01000	0.00606	0.00609	0.01525	0.01553	0.24511	0.51767	0.06450	0.04021	0.01023	0.00627	0.00175	0.00326	0.00892	0.00628	0.00644
16	0.00692	0.00580	0.00605	0.00595	0.00778	0.00501	0.00447	0.00889	0.03431	0.01616	0.15015	0.05078	0.65159	0.01348	0.00652	0.00185	0.00282	0.01131	0.00528	0.00487
17	0.00690	0.00520	0.00638	0.00698	0.00792	0.00469	0.00490	0.00830	0.01214	0.01591	0.17856	0.44702	0.24445	0.01527	0.00682	0.00205	0.00298	0.01351	0.00532	0.00469
18	0.00859	0.00605	0.00791	0.00776	0.00850	0.00663	0.00552	0.03828	0.00936	0.01322	0.01595	0.02710	0.01617	0.34050	0.42016	0.00689	0.01021	0.00670	0.04000	0.00450
19	0.00714	0.00533	0.00696	0.04207	0.00943	0.00506	0.00562	0.00845	0.01128	0.01480	0.08116	0.53517	0.14068	0.04637	0.00774	0.00228	0.00350	0.05730	0.00501	0.00464
20	0.46937	0.01442	0.01130	0.00986	0.01329	0.15400	0.00786	0.12559	0.10839	0.02403	0.01056	0.01128	0.00809	0.00576	0.00430	0.00167	0.00560	0.00380	0.00391	0.00692
21	0.01005	0.00890	0.01185	0.04463	0.01280	0.01016	0.00845	0.01190	0.01075	0.01558	0.11547	0.02442	0.09302	0.04684	0.08902	0.00273	0.27744	0.03883	0.00356	0.16358
22	0.09171	0.22738	0.11671	0.01253	0.01672	0.22915	0.05026	0.06914	0.02738	0.03693	0.01032	0.04151	0.00874	0.00601	0.00519	0.00155	0.03428	0.00430	0.00313	0.00709
23	0.01858	0.03927	0.01677	0.04780	0.01783	0.26638	0.05465	0.30188	0.01853	0.05352	0.01260	0.06721	0.01043	0.00701	0.00604	0.00167	0.04272	0.00532	0.00416	0.00762
24	0.00866	0.00627	0.00834	0.00924	0.01045	0.00622	0.00771	0.01120	0.03283	0.01641	0.08012	0.08964	0.07939	0.08427	0.00923	0.00267	0.00470	0.52261	0.00503	0.00500
25	0.00920	0.00760	0.01022	0.00979	0.01045	0.00908	0.00761	0.01113	0.03882	0.01402	0.04801	0.10484	0.05243	0.15606	0.19351	0.00436	0.21392	0.09021	0.00367	0.00508
26	0.01668	0.01098	0.01561	0.01165	0.01622	0.00982	0.12508	0.06932	0.07855	0.25659	0.03180	0.01590	0.01176	0.00568	0.00523	0.00143	0.00525	0.00503	0.00474	0.30269
27	0.00706	0.00542	0.00637	0.00667	0.00786	0.00485	0.00481	0.00856	0.01243	0.01606	0.19553	0.25336	0.34238	0.06480	0.00811	0.00220	0.00313	0.04051	0.00523	0.00468
28	0.01194	0.03652	0.19822	0.09210	0.27858	0.01235	0.06682	0.01710	0.08496	0.01774	0.04757	0.01732	0.04467	0.00765	0.04097	0.00206	0.00703	0.00550	0.00316	0.00774
29	0.01060	0.00630	0.00813	0.00745	0.00930	0.00567	0.00574	0.01290	0.01498	0.15059	0.48590	0.07263	0.13682	0.01132	0.00644	0.00181	0.00312	0.03844	0.00602	0.00584
30	0.01213	0.01451	0.13442	0.05261	0.28967	0.01207	0.19003	0.01679	0.05350	0.01854	0.11064	0.01926	0.01521	0.00624	0.00592	0.00178	0.00682	0.02882	0.00335	0.00769
31	0.01386	0.02913	0.08531	0.14790	0.10059	0.02373	0.04578	0.07373	0.01286	0.09323	0.01177	0.01538	0.00943	0.00635	0.00719	0.00169	0.12262	0.03355	0.00343	0.16249

[dist]
# distance from previous block
# <min> <max>
0	10

[block]
# block no. 1 follows, 43 sequences, length 10
# corresponding to MSA columns:
# 170-179
name=unknown_B
#
# <colnr> <probs for GDERKNQSTAVLIFYWHMCP>
#	G	D	E	R	K	N	Q	S	T	A	V	L	I	F	Y	W	H	M	C	P
0	0.50104	0.10705	0.17806	0.00946	0.01419	0.01322	0.00959	0.01640	0.01029	0.02135	0.00836	0.00977	0.00652	0.00504	0.00389	0.00159	0.00531	0.00325	0.00306	0.07255
1	0.12849	0.01588	0.05109	0.01443	0.06126	0.19531	0.09260	0.06985	0.03835	0.11995	0.01179	0.01352	0.00906	0.00865	0.06077	0.00224	0.09116	0.00468	0.00367	0.00725
2	0.00989	0.00830	0.01264	0.01128	0.04364	0.00798	0.12695	0.01410	0.09692	0.03917	0.35296	0.03636	0.14830	0.01013	0.00644	0.00185	0.00431	0.05746	0.00518	0.00614
3	0.01104	0.00875	0.01005	0.00944	0.01089	0.00985	0.00704	0.05381	0.26341	0.01724	0.02011	0.05853	0.01955	0.30064	0.01522	0.00329	0.06996	0.10076	0.00445	0.00597
4	0.01296	0.01460	0.03079	0.02229	0.02722	0.01436	0.66206	0.01721	0.01252	0.01721	0.01073	0.01460	0.00827	0.00527	0.00793	0.00193	0.10366	0.00633	0.00276	0.00730
5	0.01388	0.01170	0.01244	0.01106	0.01415	0.01338	0.00863	0.08255	0.64896	0.02398	0.07826	0.02167	0.01902	0.00774	0.00570	0.00185	0.00438	0.00645	0.00566	0.00855
6	0.01444	0.01310	0.01669	0.13924	0.27184	0.09208	0.01252	0.08106	0.13973	0.05174	0.01442	0.07441	0.01211	0.00668	0.00555	0.00171	0.00622	0.00581	0.00381	0.03685
7	0.07157	0.00648	0.00872	0.00855	0.00959	0.00755	0.00656	0.01050	0.00898	0.01398	0.01439	0.02177	0.01361	0.11371	0.57021	0.00729	0.04829	0.00584	0.04747	0.00492
8	0.84448	0.01071	0.00814	0.00728	0.01071	0.01242	0.00600	0.01628	0.00943	0.02485	0.00771	0.00900	0.00600	0.00514	0.00343	0.00171	0.00428	0.00300	0.00343	0.00600
9	0.02134	0.00920	0.01212	0.00954	0.01327	0.00831	0.00778	0.08128	0.01663	0.57441	0.16166	0.02265	0.02063	0.00768	0.00575	0.00171	0.00443	0.00636	0.00661	0.00863

[dist]
# distance from previous block
# <min> <max>
4	48

[block]
# block no. 2 follows, 43 sequences, length 15
# corresponding to MSA columns:
# 229-243
name=unknown_C
#
# <colnr> <probs for GDERKNQSTAVLIFYWHMCP>
#	G	D	E	R	K	N	Q	S	T	A	V	L	I	F	Y	W	H	M	C	P
0	0.01554	0.38440	0.08655	0.01258	0.04354	0.04719	0.05478	0.18058	0.01457	0.01854	0.00961	0.01133	0.00794	0.00640	0.00607	0.06142	0.02443	0.00399	0.00314	0.00741
1	0.00692	0.00512	0.00651	0.00746	0.00819	0.00470	0.00524	0.00817	0.01140	0.01489	0.07406	0.57071	0.17205	0.01627	0.00699	0.00217	0.00324	0.06610	0.00519	0.00461
2	0.00688	0.00562	0.00608	0.00596	0.00769	0.00482	0.00447	0.00860	0.01342	0.01684	0.24078	0.05020	0.58272	0.01332	0.00654	0.00184	0.00276	0.01125	0.00539	0.00482
3	0.76840	0.03768	0.00927	0.00777	0.01121	0.05859	0.00639	0.01664	0.00986	0.02379	0.00776	0.00905	0.00610	0.00516	0.00352	0.00168	0.00468	0.00303	0.00336	0.00606
4	0.01219	0.01175	0.01992	0.13769	0.33805	0.01258	0.11423	0.01597	0.04731	0.01768	0.10981	0.01779	0.01441	0.00650	0.00726	0.00182	0.09849	0.00587	0.00325	0.00743
5	0.01289	0.02687	0.07532	0.17350	0.30346	0.01275	0.05546	0.05022	0.08542	0.01834	0.01145	0.01411	0.00905	0.00536	0.00555	0.00163	0.01900	0.00485	0.00312	0.11164
6	0.00795	0.00578	0.00812	0.00812	0.00883	0.00650	0.00594	0.00939	0.00867	0.01228	0.01555	0.02573	0.01557	0.25112	0.57619	0.00793	0.01224	0.00652	0.00307	0.00451
7	0.84448	0.01071	0.00814	0.00728	0.01071	0.01242	0.00600	0.01628	0.00943	0.02485	0.00771	0.00900	0.00600	0.00514	0.00343	0.00171	0.00428	0.00300	0.00343	0.00600
8	0.01829	0.01402	0.01560	0.01318	0.04973	0.01578	0.01028	0.50319	0.15844	0.02991	0.01470	0.01495	0.01085	0.00692	0.00629	0.00173	0.05676	0.00522	0.04530	0.00885
9	0.01262	0.01194	0.02023	0.22272	0.54365	0.01256	0.01613	0.01597	0.01223	0.01702	0.01136	0.01676	0.00975	0.00568	0.00562	0.00175	0.00670	0.04661	0.00281	0.00791
10	0.00870	0.00618	0.00799	0.00838	0.05188	0.00565	0.00571	0.01076	0.01393	0.05857	0.41752	0.10945	0.20208	0.05910	0.00776	0.00202	0.00321	0.01026	0.00549	0.00535
11	0.01268	0.02297	0.06340	0.05673	0.02815	0.03895	0.06977	0.05234	0.25066	0.03192	0.03314	0.05299	0.03377	0.00934	0.03539	0.06194	0.04094	0.00600	0.00410	0.09484
12	0.01008	0.00592	0.00694	0.00708	0.00833	0.00584	0.00511	0.01299	0.07267	0.07210	0.06293	0.31632	0.02507	0.04167	0.00642	0.00191	0.00323	0.00963	0.32033	0.00544
13	0.03635	0.01371	0.01559	0.06877	0.05729	0.01493	0.01041	0.52609	0.04151	0.02984	0.04829	0.01587	0.03370	0.00675	0.00548	0.00164	0.00575	0.00529	0.00501	0.05772
14	0.07617	0.01416	0.01866	0.24334	0.38554	0.13646	0.01470	0.01696	0.01243	0.01676	0.00975	0.01306	0.00791	0.00524	0.00527	0.00167	0.00718	0.00457	0.00273	0.00745

[dist]
# distance from previous block
# <min> <max>
0	2

[block]
# block no. 3 follows, 43 sequences, length 91
# corresponding to MSA columns:
# 246-302,309-322,337-356
name=unknown_D
#
# <colnr> <probs for GDERKNQSTAVLIFYWHMCP>
#	G	D	E	R	K	N	Q	S	T	A	V	L	I	F	Y	W	H	M	C	P
0	0.84448	0.01071	0.00814	0.00728	0.01071	0.01242	0.00600	0.01628	0.00943	0.02485	0.00771	0.00900	0.00600	0.00514	0.00343	0.00171	0.00428	0.00300	0.00343	0.00600
1	0.00929	0.00500	0.00738	0.00738	0.00751	0.00513	0.00501	0.00763	0.00750	0.01013	0.01081	0.01868	0.01083	0.06960	0.12700	0.67437	0.00622	0.00516	0.00254	0.00281
2	0.07432	0.00727	0.00925	0.00810	0.01046	0.00671	0.00626	0.01641	0.01438	0.29261	0.32278	0.13012	0.03191	0.03592	0.00674	0.00191	0.00366	0.00859	0.00596	0.00664
3	0.00867	0.00717	0.01028	0.00962	0.01052	0.00851	0.02390	0.01033	0.00931	0.01320	0.03028	0.02465	0.08637	0.10744	0.46399	0.00642	0.15457	0.00658	0.00316	0.00503
4	0.00768	0.00590	0.00708	0.00666	0.00830	0.00519	0.00495	0.00974	0.01391	0.01891	0.43615	0.08022	0.25747	0.04336	0.00724	0.00188	0.00292	0.01022	0.00545	0.06676
5	0.00680	0.00486	0.00649	0.00777	0.00812	0.00455	0.00524	0.00781	0.01066	0.01420	0.03049	0.78300	0.03651	0.01730	0.00708	0.00226	0.00326	0.03395	0.00514	0.00451
6	0.01190	0.01205	0.02008	0.01612	0.01770	0.01480	0.21019	0.01394	0.00974	0.01436	0.00942	0.03216	0.00875	0.01079	0.06043	0.03581	0.48734	0.00562	0.00262	0.00619
7	0.01137	0.00968	0.01137	0.00830	0.01305	0.00734	0.00667	0.01383	0.01154	0.01798	0.01075	0.01385	0.00930	0.00462	0.00427	0.00090	0.00415	0.03714	0.00337	0.80055
8	0.01454	0.01350	0.01287	0.01160	0.01470	0.09886	0.00898	0.02862	0.67841	0.02210	0.02100	0.01948	0.01583	0.00731	0.00556	0.00183	0.00500	0.00596	0.00533	0.00851
9	0.01274	0.01015	0.01185	0.00855	0.01341	0.00799	0.00687	0.05719	0.01255	0.05907	0.01068	0.01198	0.00856	0.00439	0.00426	0.00092	0.00425	0.00350	0.00360	0.74748
10	0.01111	0.02865	0.77667	0.01579	0.02397	0.01286	0.02046	0.01754	0.01169	0.01754	0.00994	0.01169	0.00702	0.00526	0.00526	0.00175	0.00818	0.00409	0.00234	0.00818
11	0.00675	0.00482	0.00643	0.00771	0.00803	0.00450	0.00514	0.00771	0.01060	0.01414	0.03053	0.80175	0.03663	0.01735	0.00707	0.00225	0.00321	0.01574	0.00514	0.00450
12	0.00962	0.00481	0.00722	0.00722	0.00722	0.00481	0.00481	0.00722	0.00722	0.00962	0.00962	0.01684	0.00962	0.01924	0.02165	0.83886	0.00481	0.00481	0.00241	0.00241
13	0.01378	0.01190	0.01252	0.01127	0.01440	0.01378	0.00877	0.02943	0.76081	0.02317	0.02254	0.02066	0.01691	0.00751	0.00564	0.00188	0.00438	0.00626	0.00564	0.00877
14	0.00913	0.00774	0.01235	0.06863	0.01450	0.00758	0.13011	0.04791	0.01291	0.01721	0.13031	0.33204	0.09402	0.01251	0.00672	0.00205	0.00474	0.07930	0.00470	0.00553
15	0.01766	0.01686	0.01418	0.01237	0.01568	0.25293	0.00962	0.14341	0.37334	0.06021	0.01668	0.01607	0.01250	0.00678	0.00542	0.00170	0.00642	0.00518	0.00482	0.00818
16	0.00681	0.00487	0.00648	0.00767	0.00805	0.00454	0.00515	0.00787	0.01090	0.01460	0.07302	0.75793	0.03753	0.01700	0.00704	0.00222	0.00318	0.01541	0.00520	0.00454
17	0.01117	0.00956	0.01150	0.02237	0.03407	0.00741	0.00690	0.01357	0.01144	0.01769	0.01141	0.07089	0.01034	0.00514	0.00439	0.00097	0.00416	0.00429	0.00339	0.73936
18	0.01212	0.01212	0.01696	0.01454	0.01454	0.01696	0.01212	0.01333	0.00848	0.01333	0.00727	0.01212	0.00727	0.00969	0.01818	0.00242	0.79523	0.00485	0.00242	0.00606
19	0.01046	0.00984	0.01661	0.79205	0.03814	0.01230	0.01538	0.01415	0.01107	0.01415	0.00984	0.01477	0.00738	0.00554	0.00554	0.00185	0.00738	0.00492	0.00246	0.00615
20	0.01378	0.01190	0.01252	0.01127	0.01440	0.01378	0.00877	0.02943	0.76081	0.02317	0.02254	0.02066	0.01691	0.00751	0.00564	0.00188	0.00438	0.00626	0.00564	0.00877
21	0.01307	0.01494	0.03268	0.02334	0.02894	0.01401	0.75070	0.01774	0.01307	0.01774	0.01120	0.01494	0.00840	0.00467	0.00654	0.00187	0.00934	0.00654	0.00280	0.00747
22	0.00665	0.00561	0.00576	0.00572	0.00755	0.00472	0.00429	0.00815	0.01287	0.01556	0.11460	0.05232	0.70970	0.01380	0.00654	0.00186	0.00279	0.01155	0.00522	0.00472
23	0.00667	0.00514	0.00610	0.00686	0.00781	0.00457	0.00476	0.00781	0.01142	0.01447	0.04086	0.49934	0.33237	0.01601	0.00686	0.00210	0.00305	0.01411	0.00514	0.00457
24	0.00791	0.00593	0.00890	0.00890	0.00989	0.00692	0.00692	0.00989	0.00890	0.01286	0.01483	0.02176	0.01385	0.04154	0.78341	0.00890	0.01483	0.00593	0.00297	0.00494
25	0.01755	0.01321	0.01422	0.01171	0.01541	0.01476	0.00937	0.35810	0.36201	0.07046	0.01814	0.01766	0.01341	0.03042	0.00625	0.00187	0.00521	0.00569	0.00559	0.00894
26	0.01250	0.01052	0.01190	0.04061	0.01443	0.01033	0.00784	0.02088	0.34903	0.03547	0.01757	0.03641	0.03345	0.00634	0.00502	0.00142	0.00431	0.00527	0.00448	0.37222
27	0.01481	0.80869	0.02902	0.00948	0.01421	0.02191	0.00948	0.01658	0.01125	0.01303	0.00770	0.00888	0.00711	0.00474	0.00355	0.00118	0.00592	0.00296	0.00237	0.00711
28	0.00700	0.00571	0.00579	0.00572	0.00765	0.00476	0.00431	0.00842	0.01270	0.03383	0.05525	0.05244	0.74982	0.01385	0.00652	0.00187	0.00285	0.01154	0.00519	0.00479
29	0.02158	0.01467	0.01610	0.01234	0.01676	0.01593	0.01020	0.65230	0.02463	0.13694	0.01448	0.01406	0.01001	0.00668	0.00554	0.00167	0.00590	0.00507	0.00572	0.00942
30	0.00873	0.00696	0.00823	0.00910	0.01018	0.04477	0.00707	0.01124	0.05322	0.01601	0.06828	0.36771	0.05558	0.01501	0.00707	0.00227	0.00431	0.29407	0.00509	0.00511
31	0.00687	0.00584	0.00596	0.00593	0.00779	0.00505	0.00444	0.00886	0.04231	0.01547	0.07419	0.07356	0.69707	0.01379	0.00652	0.00188	0.00287	0.01154	0.00519	0.00485
32	0.00997	0.00817	0.00900	0.00856	0.01063	0.00857	0.00646	0.03763	0.29925	0.01974	0.15683	0.16302	0.21729	0.01143	0.00625	0.00191	0.00354	0.00982	0.00550	0.00644
33	0.00930	0.00715	0.00938	0.00943	0.01026	0.00795	0.00736	0.04936	0.01113	0.01506	0.02240	0.16747	0.04526	0.17588	0.09469	0.00365	0.11879	0.22632	0.00417	0.00498
34	0.01190	0.01413	0.09923	0.01684	0.04826	0.09053	0.29307	0.01540	0.01283	0.01660	0.01765	0.11179	0.01740	0.00903	0.00656	0.00202	0.00740	0.19919	0.00362	0.00654
35	0.00680	0.00486	0.00649	0.00777	0.00812	0.00454	0.00523	0.00780	0.01066	0.01420	0.03050	0.78361	0.03651	0.01730	0.00708	0.00226	0.00326	0.03336	0.00514	0.00451
36	0.01244	0.31030	0.50671	0.01351	0.02045	0.01613	0.01650	0.01719	0.01153	0.01591	0.00913	0.01068	0.00705	0.00507	0.00465	0.00155	0.00737	0.00368	0.00235	0.00780
37	0.00681	0.00501	0.00639	0.00734	0.00797	0.00459	0.00501	0.00799	0.01134	0.01497	0.09899	0.62675	0.14382	0.01634	0.00695	0.00215	0.00310	0.01465	0.00523	0.00459
38	0.01403	0.01293	0.01917	0.13843	0.41551	0.07908	0.04844	0.01754	0.03740	0.06692	0.04537	0.01795	0.01211	0.00611	0.00567	0.00173	0.00668	0.04376	0.00335	0.00782
39	0.01258	0.01003	0.01175	0.00846	0.01333	0.00779	0.00680	0.04248	0.01227	0.06004	0.01063	0.01196	0.00855	0.00435	0.00424	0.00090	0.00421	0.00347	0.00356	0.76260
40	0.80631	0.01093	0.00853	0.00754	0.01101	0.01264	0.00621	0.05041	0.01020	0.02531	0.00797	0.00920	0.00616	0.00521	0.00353	0.00171	0.00437	0.00309	0.00353	0.00616
41	0.02057	0.01474	0.01586	0.01269	0.03487	0.03498	0.01017	0.62464	0.02395	0.08648	0.01398	0.01401	0.00991	0.00659	0.00544	0.00164	0.00592	0.00500	0.04946	0.00910
42	0.00782	0.00615	0.00714	0.00696	0.00859	0.00574	0.00526	0.01097	0.07690	0.01885	0.36324	0.08527	0.32537	0.01251	0.00653	0.00186	0.00296	0.03702	0.00560	0.00527
43	0.00815	0.00574	0.00744	0.00697	0.00836	0.00526	0.00524	0.01070	0.01554	0.03825	0.71865	0.04143	0.08463	0.01135	0.00651	0.00175	0.00267	0.01000	0.00607	0.00529
44	0.00806	0.00547	0.00582	0.00573	0.00729	0.00495	0.00430	0.01010	0.01289	0.01829	0.18426	0.04003	0.37486	0.01096	0.00565	0.00165	0.00269	0.00918	0.28286	0.00495
45	0.01111	0.02865	0.77667	0.01579	0.02397	0.01286	0.02046	0.01754	0.01169	0.01754	0.00994	0.01169	0.00702	0.00526	0.00526	0.00175	0.00818	0.00409	0.00234	0.00818
46	0.02052	0.01410	0.01543	0.01204	0.01624	0.01536	0.00988	0.56305	0.10394	0.12993	0.01552	0.01498	0.01089	0.00676	0.00552	0.00168	0.00565	0.00520	0.02403	0.00925
47	0.84448	0.01071	0.00814	0.00728	0.01071	0.01242	0.00600	0.01628	0.00943	0.02485	0.00771	0.00900	0.00600	0.00514	0.00343	0.00171	0.00428	0.00300	0.00343	0.00600
48	0.01378	0.01190	0.01252	0.01127	0.01440	0.01378	0.00877	0.02943	0.76081	0.02317	0.02254	0.02066	0.01691	0.00751	0.00564	0.00188	0.00438	0.00626	0.00564	0.00877
49	0.84448	0.01071	0.00814	0.00728	0.01071	0.01242	0.00600	0.01628	0.00943	0.02485	0.00771	0.00900	0.00600	0.00514	0.00343	0.00171	0.00428	0.00300	0.00343	0.00600
50	0.02105	0.01551	0.01662	0.01274	0.01717	0.01717	0.01053	0.75235	0.02604	0.03490	0.01330	0.01330	0.00942	0.00665	0.00554	0.00166	0.00609	0.00499	0.00554	0.00942
51	0.80290	0.01065	0.00838	0.00741	0.01088	0.01221	0.00611	0.01682	0.00975	0.06289	0.00843	0.00950	0.00639	0.00523	0.00354	0.00171	0.00431	0.00313	0.00360	0.00617
52	0.02105	0.01551	0.01662	0.01274	0.01717	0.01717	0.01053	0.75235	0.02604	0.03490	0.01330	0.01330	0.00942	0.00665	0.00554	0.00166	0.00609	0.00499	0.00554	0.00942
53	0.00690	0.00493	0.00659	0.00776	0.00818	0.00462	0.00530	0.00803	0.01100	0.01474	0.07634	0.72515	0.03741	0.01689	0.00706	0.00223	0.00325	0.04384	0.00520	0.00457
54	0.02023	0.01510	0.01615	0.01258	0.01686	0.01679	0.01033	0.67011	0.10962	0.03357	0.01435	0.01413	0.01027	0.00675	0.00555	0.00169	0.00590	0.00513	0.00555	0.00934
55	0.01212	0.01212	0.01696	0.01454	0.01454	0.01696	0.01212	0.01333	0.00848	0.01333	0.00727	0.01212	0.00727	0.00969	0.01818	0.00242	0.79523	0.00485	0.00242	0.00606
56	0.02191	0.01002	0.01298	0.01023	0.01410	0.00955	0.00839	0.15117	0.01670	0.54343	0.01942	0.01827	0.01298	0.01147	0.10995	0.00267	0.00631	0.00552	0.00610	0.00882
57	0.00683	0.00524	0.00602	0.00657	0.00752	0.00469	0.00449	0.00786	0.01114	0.01404	0.03993	0.37248	0.35375	0.12165	0.00967	0.00250	0.00332	0.01294	0.00490	0.00442
58	0.00851	0.03531	0.00785	0.00718	0.00880	0.00622	0.00539	0.01031	0.03405	0.06201	0.07266	0.26297	0.40109	0.01374	0.00694	0.00196	0.03304	0.01168	0.00510	0.00520
59	0.01046	0.00984	0.01661	0.79205	0.03814	0.01230	0.01538	0.01415	0.01107	0.01415	0.00984	0.01477	0.00738	0.00554	0.00554	0.00185	0.00738	0.00492	0.00246	0.00615
60	0.01808	0.01078	0.01238	0.01036	0.01385	0.01136	0.00827	0.10289	0.35353	0.28616	0.02091	0.01926	0.01475	0.00709	0.00544	0.00174	0.00451	0.00578	0.08414	0.00873
61	0.00703	0.00561	0.00629	0.00616	0.00779	0.00487	0.00461	0.00887	0.01370	0.01761	0.31791	0.06657	0.48721	0.01311	0.00655	0.00183	0.00274	0.01117	0.00549	0.00487
62	0.01843	0.01046	0.01492	0.12982	0.10658	0.01052	0.02855	0.11393	0.03589	0.35775	0.01760	0.06470	0.01300	0.00862	0.04173	0.00209	0.00599	0.00600	0.00513	0.00829
63	0.05010	0.00988	0.01133	0.00816	0.01301	0.00762	0.00654	0.01405	0.01139	0.01836	0.00974	0.01137	0.00810	0.00415	0.00407	0.00086	0.00411	0.00327	0.00329	0.80059
64	0.06865	0.07806	0.01555	0.04384	0.05091	0.14353	0.01011	0.09784	0.31706	0.02054	0.01461	0.01507	0.01135	0.00676	0.00639	0.00175	0.08105	0.00496	0.00419	0.00777
65	0.84448	0.01071	0.00814	0.00728	0.01071	0.01242	0.00600	0.01628	0.00943	0.02485	0.00771	0.00900	0.00600	0.00514	0.00343	0.00171	0.00428	0.00300	0.00343	0.00600
66	0.01182	0.01124	0.01598	0.04351	0.08433	0.01491	0.01158	0.01333	0.00913	0.01411	0.00902	0.01449	0.00871	0.06089	0.01626	0.00245	0.59018	0.00509	0.05691	0.00608
67	0.00682	0.00491	0.00647	0.00758	0.00803	0.00456	0.00511	0.00793	0.01107	0.01479	0.08846	0.71569	0.06451	0.01676	0.00701	0.00220	0.00315	0.01515	0.00522	0.00456
68	0.00919	0.00777	0.01103	0.01033	0.01088	0.00980	0.00811	0.01068	0.00878	0.01287	0.01354	0.06143	0.01360	0.10518	0.42730	0.00616	0.25898	0.00632	0.00295	0.00512
69	0.01431	0.01216	0.01283	0.01138	0.01461	0.01403	0.00890	0.08301	0.70635	0.02404	0.02186	0.02012	0.01635	0.00745	0.00563	0.00186	0.00451	0.00617	0.00563	0.00881
70	0.00798	0.00550	0.00666	0.00653	0.00698	0.00545	0.00417	0.00888	0.01029	0.01418	0.23104	0.03655	0.02878	0.51806	0.08241	0.00462	0.00534	0.00844	0.00411	0.00402
71	0.01314	0.45765	0.36549	0.01232	0.01861	0.01784	0.01442	0.01701	0.01145	0.01506	0.00871	0.01015	0.00707	0.00497	0.00432	0.00144	0.00694	0.00347	0.00236	0.00759
72	0.00805	0.00538	0.00612	0.00612	0.00614	0.00541	0.00345	0.00810	0.00808	0.01080	0.01738	0.03585	0.01996	0.78471	0.04861	0.00546	0.00563	0.00800	0.00335	0.00340
73	0.01212	0.01212	0.01696	0.01454	0.01454	0.01696	0.01212	0.01333	0.00848	0.01333	0.00727	0.01212	0.00727	0.00969	0.01818	0.00242	0.79523	0.00485	0.00242	0.00606
74	0.01375	0.02059	0.33202	0.01911	0.11091	0.05393	0.21329	0.07556	0.01365	0.04723	0.01097	0.01309	0.00808	0.00521	0.00560	0.00171	0.00795	0.00491	0.00299	0.03942
75	0.01355	0.03260	0.15597	0.01857	0.06120	0.05138	0.35517	0.06920	0.01362	0.05380	0.01343	0.09415	0.01139	0.00711	0.02153	0.00196	0.00800	0.00657	0.00334	0.00748
76	0.01046	0.00984	0.01661	0.79205	0.03814	0.01230	0.01538	0.01415	0.01107	0.01415	0.00984	0.01477	0.00738	0.00554	0.00554	0.00185	0.00738	0.00492	0.00246	0.00615
77	0.01692	0.00841	0.01082	0.00890	0.01186	0.00788	0.00712	0.09898	0.01656	0.35795	0.30873	0.02708	0.02815	0.00968	0.03123	0.00194	0.00432	0.00722	0.02871	0.00754
78	0.01415	0.15409	0.35536	0.01576	0.05453	0.08666	0.10948	0.06434	0.01328	0.05148	0.01074	0.02651	0.00829	0.00551	0.00519	0.00164	0.00767	0.00454	0.00292	0.00784
79	0.01142	0.01068	0.01697	0.02146	0.36653	0.01060	0.08060	0.01571	0.10306	0.01773	0.03781	0.11184	0.15490	0.00844	0.00600	0.00181	0.00541	0.00783	0.00388	0.00733
80	0.02339	0.00910	0.01239	0.00961	0.01364	0.00789	0.00789	0.02557	0.01584	0.71016	0.08579	0.02078	0.01701	0.00724	0.00565	0.00172	0.00453	0.00595	0.00679	0.00907
81	0.01294	0.01330	0.12126	0.24412	0.08805	0.01187	0.11306	0.05027	0.06643	0.08924	0.03908	0.03451	0.03686	0.00677	0.00607	0.00184	0.02278	0.03059	0.00364	0.00732
82	0.01305	0.13561	0.40131	0.01735	0.13945	0.05479	0.04190	0.01834	0.05872	0.03602	0.01117	0.02850	0.00875	0.00556	0.00515	0.00166	0.00732	0.00453	0.00283	0.00800
83	0.01130	0.06994	0.73709	0.01545	0.02345	0.01334	0.01988	0.01749	0.01167	0.01730	0.00982	0.01154	0.00702	0.00523	0.00517	0.00172	0.00807	0.00403	0.00234	0.00813
84	0.00805	0.00537	0.00604	0.00604	0.00604	0.00537	0.00336	0.00805	0.00805	0.01074	0.01745	0.03624	0.02013	0.80536	0.02819	0.00537	0.00537	0.00805	0.00336	0.00336
85	0.01293	0.04505	0.10774	0.16559	0.25200	0.01252	0.08366	0.04383	0.06276	0.05380	0.02813	0.04524	0.01132	0.02457	0.02541	0.00200	0.00687	0.00563	0.00330	0.00763
86	0.01461	0.22049	0.17982	0.06857	0.10413	0.03394	0.04340	0.09419	0.01344	0.07969	0.01173	0.05409	0.00970	0.00621	0.00565	0.00164	0.04279	0.00491	0.00329	0.00770
87	0.01257	0.01287	0.01690	0.01453	0.01468	0.05752	0.01204	0.01379	0.00886	0.01334	0.00734	0.01200	0.00726	0.00948	0.01748	0.00237	0.75366	0.00478	0.00245	0.00608
88	0.65008	0.01089	0.01079	0.10367	0.10109	0.01249	0.00837	0.01611	0.00999	0.02280	0.00828	0.01022	0.00648	0.00516	0.00391	0.00172	0.00492	0.00345	0.00323	0.00633
89	0.00712	0.00526	0.00658	0.00704	0.00791	0.00485	0.00492	0.00857	0.01211	0.01618	0.23113	0.38491	0.17533	0.06998	0.02969	0.00244	0.00345	0.01266	0.00521	0.00466
90	0.25247	0.14958	0.06859	0.01054	0.01458	0.05502	0.02750	0.17252	0.03890	0.08253	0.01247	0.07019	0.01034	0.00654	0.00469	0.00165	0.00560	0.00486	0.00404	0.00737

[dist]
# distance from previous block
# <min> <max>
1	9

[block]
# block no. 4 follows, 43 sequences, length 15
# corresponding to MSA columns:
# 366-380
name=unknown_E
#
# <colnr> <probs for GDERKNQSTAVLIFYWHMCP>
#	G	D	E	R	K	N	Q	S	T	A	V	L	I	F	Y	W	H	M	C	P
0	0.00941	0.00787	0.00813	0.00824	0.00923	0.07544	0.00578	0.01172	0.08867	0.01391	0.02367	0.22553	0.09044	0.21985	0.10356	0.05112	0.00596	0.03256	0.00412	0.00479
1	0.00775	0.00566	0.00728	0.00687	0.00822	0.00519	0.00516	0.01028	0.01547	0.02171	0.71903	0.04219	0.10143	0.01151	0.00653	0.00175	0.00263	0.01013	0.00603	0.00519
2	0.01395	0.01196	0.01355	0.04098	0.07347	0.01362	0.00964	0.07692	0.60104	0.02323	0.04538	0.02010	0.01660	0.00731	0.00564	0.00184	0.00472	0.00615	0.00531	0.00860
3	0.01104	0.00658	0.00833	0.00747	0.00937	0.00609	0.00574	0.04251	0.01551	0.13857	0.50720	0.06056	0.08782	0.01051	0.00620	0.00173	0.00311	0.00912	0.05656	0.00598
4	0.01373	0.06764	0.04600	0.10953	0.20975	0.04420	0.07239	0.05446	0.12441	0.05013	0.01299	0.02816	0.01051	0.00874	0.06192	0.00228	0.06674	0.00531	0.00346	0.00764
5	0.01341	0.01456	0.04107	0.01403	0.01619	0.16606	0.12792	0.01648	0.05456	0.01642	0.08965	0.01651	0.01334	0.00769	0.00996	0.00190	0.28338	0.00549	0.08498	0.00640
6	0.01159	0.01135	0.02049	0.54890	0.08598	0.01289	0.17415	0.03870	0.01209	0.01586	0.01029	0.01468	0.00776	0.00534	0.00575	0.00183	0.00771	0.00527	0.00265	0.00672
7	0.01510	0.76926	0.02835	0.00972	0.01436	0.06028	0.00954	0.01686	0.01148	0.01306	0.00774	0.00894	0.00711	0.00479	0.00363	0.00120	0.00613	0.00299	0.00239	0.00707
8	0.00865	0.00584	0.00766	0.00711	0.00856	0.00537	0.00537	0.01124	0.01569	0.05830	0.73211	0.04029	0.05041	0.01111	0.00649	0.00174	0.00271	0.00980	0.00613	0.00543
9	0.01030	0.00554	0.00571	0.00561	0.00700	0.00553	0.00422	0.03780	0.01228	0.02072	0.05041	0.05295	0.04631	0.00738	0.00427	0.00138	0.00274	0.00602	0.70855	0.00527
10	0.01345	0.01357	0.06136	0.10981	0.28460	0.05582	0.12984	0.06004	0.04544	0.03898	0.01375	0.07341	0.01197	0.00664	0.00579	0.00178	0.00681	0.03499	0.02434	0.00761
11	0.01383	0.33254	0.23748	0.01299	0.03580	0.08228	0.04641	0.06164	0.01260	0.01604	0.01056	0.05671	0.00940	0.02913	0.00564	0.00164	0.02064	0.00458	0.00281	0.00728
12	0.84448	0.01071	0.00814	0.00728	0.01071	0.01242	0.00600	0.01628	0.00943	0.02485	0.00771	0.00900	0.00600	0.00514	0.00343	0.00171	0.00428	0.00300	0.00343	0.00600
13	0.00805	0.00537	0.00604	0.00604	0.00604	0.00537	0.00336	0.00805	0.00805	0.01074	0.01745	0.03624	0.02013	0.80536	0.02819	0.00537	0.00537	0.00805	0.00336	0.00336
14	0.54387	0.15244	0.01418	0.00927	0.01312	0.03877	0.06147	0.01707	0.04088	0.02154	0.00868	0.01002	0.00694	0.00511	0.00384	0.00159	0.00512	0.00341	0.00326	0.03940

[dist]
# distance from previous block
# <min> <max>
3	5

[block]
# block no. 5 follows, 43 sequences, length 23
# corresponding to MSA columns:
# 414-436
name=unknown_F
#
# <colnr> <probs for GDERKNQSTAVLIFYWHMCP>
#	G	D	E	R	K	N	Q	S	T	A	V	L	I	F	Y	W	H	M	C	P
0	0.01014	0.00945	0.03977	0.06270	0.27878	0.00881	0.01053	0.01326	0.02834	0.01897	0.29680	0.04700	0.11648	0.00901	0.00609	0.00176	0.00461	0.02650	0.00441	0.00661
1	0.02186	0.00877	0.01185	0.00931	0.01310	0.00762	0.00760	0.02404	0.01572	0.64410	0.12644	0.02316	0.04514	0.00772	0.00574	0.00172	0.00436	0.00640	0.00669	0.00868
2	0.01513	0.76595	0.02829	0.00974	0.01437	0.06351	0.00954	0.01689	0.01150	0.01306	0.00775	0.00894	0.00711	0.00479	0.00363	0.00120	0.00614	0.00299	0.00240	0.00707
3	0.02455	0.00991	0.01315	0.01008	0.01438	0.00885	0.00833	0.08432	0.01666	0.71618	0.02117	0.01841	0.01337	0.00684	0.00557	0.00171	0.00482	0.00552	0.00675	0.00942
4	0.00768	0.00566	0.00719	0.00680	0.00818	0.00516	0.00510	0.01015	0.01531	0.02133	0.68139	0.04282	0.13931	0.01165	0.00653	0.00176	0.00264	0.01022	0.00598	0.00516
5	0.00791	0.00539	0.00600	0.00600	0.00618	0.00530	0.00344	0.00804	0.00848	0.01114	0.02109	0.03785	0.09065	0.73080	0.02615	0.00504	0.00513	0.00840	0.00352	0.00348
6	0.00675	0.00482	0.00643	0.00771	0.00803	0.00450	0.00514	0.00771	0.01060	0.01414	0.03053	0.80175	0.03663	0.01735	0.00707	0.00225	0.00321	0.01574	0.00514	0.00450
7	0.01481	0.80869	0.02902	0.00948	0.01421	0.02191	0.00948	0.01658	0.01125	0.01303	0.00770	0.00888	0.00711	0.00474	0.00355	0.00118	0.00592	0.00296	0.00237	0.00711
8	0.00669	0.00505	0.00619	0.00711	0.00787	0.00455	0.00487	0.00778	0.01119	0.01438	0.03790	0.58591	0.24770	0.01639	0.00692	0.00214	0.00310	0.01457	0.00514	0.00455
9	0.01148	0.00984	0.01148	0.00820	0.01312	0.00738	0.00656	0.01395	0.01148	0.01805	0.00984	0.01148	0.00820	0.00410	0.00410	0.00082	0.00410	0.00328	0.00328	0.83922
10	0.01628	0.01227	0.01436	0.01239	0.03762	0.04694	0.00974	0.26559	0.01649	0.11197	0.04324	0.06716	0.03911	0.00852	0.00904	0.00189	0.22092	0.00608	0.05292	0.00747
11	0.01148	0.00984	0.01148	0.00820	0.01312	0.00738	0.00656	0.01395	0.01148	0.01805	0.00984	0.01148	0.00820	0.00410	0.00410	0.00082	0.00410	0.00328	0.00328	0.83922
12	0.01002	0.04705	0.00989	0.00834	0.00895	0.00631	0.04865	0.00842	0.00783	0.01039	0.00981	0.01650	0.00958	0.01850	0.04909	0.71480	0.00552	0.00486	0.00245	0.00304
13	0.01093	0.11704	0.34368	0.01341	0.04642	0.01171	0.04790	0.05188	0.01213	0.01685	0.01624	0.25460	0.01639	0.00894	0.00569	0.00183	0.00626	0.00773	0.00340	0.00697
14	0.02294	0.00922	0.01232	0.00963	0.01361	0.00818	0.00789	0.02580	0.05335	0.67398	0.06298	0.02024	0.01601	0.00712	0.00558	0.00171	0.00452	0.00584	0.03003	0.00904
15	0.00750	0.00571	0.00633	0.00620	0.00793	0.00491	0.00464	0.00918	0.01333	0.04315	0.21902	0.09394	0.53186	0.01334	0.00654	0.00186	0.00285	0.01133	0.00542	0.00496
16	0.15188	0.15359	0.05272	0.01080	0.05420	0.01258	0.02190	0.07934	0.05729	0.02013	0.04356	0.02693	0.01066	0.00547	0.00444	0.00134	0.00499	0.00420	0.00355	0.28043
17	0.01250	0.01108	0.01492	0.01282	0.01342	0.01460	0.01044	0.07869	0.01025	0.03767	0.01001	0.01597	0.00966	0.10448	0.07652	0.00317	0.54942	0.00534	0.00298	0.00606
18	0.02204	0.00926	0.01227	0.00965	0.01350	0.00833	0.00788	0.04860	0.05101	0.61948	0.11673	0.02163	0.01863	0.00745	0.00569	0.00172	0.00447	0.00615	0.00666	0.00886
19	0.01158	0.00946	0.01449	0.03370	0.33114	0.00922	0.01067	0.01452	0.03732	0.05647	0.20138	0.07265	0.04835	0.02642	0.02239	0.02731	0.00505	0.00716	0.00414	0.05659
20	0.01523	0.04816	0.04525	0.04398	0.22641	0.08409	0.09647	0.10272	0.06539	0.09000	0.10002	0.02948	0.01492	0.00647	0.00564	0.00169	0.00638	0.00578	0.00404	0.00789
21	0.02179	0.00988	0.01268	0.00993	0.01382	0.00922	0.00812	0.12858	0.03859	0.55011	0.11715	0.02102	0.01817	0.00742	0.00569	0.00171	0.00463	0.00608	0.00653	0.00886
22	0.00696	0.00513	0.00661	0.00759	0.00825	0.00482	0.00532	0.00815	0.01091	0.01428	0.03320	0.57075	0.14858	0.03542	0.05377	0.00268	0.00402	0.06401	0.00497	0.00457

[dist]
# distance from previous block
# <min> <max>
2	4

[block]
# block no. 6 follows, 43 sequences, length 23
# corresponding to MSA columns:
# 455-477
name=unknown_G
#
# <colnr> <probs for GDERKNQSTAVLIFYWHMCP>
#	G	D	E	R	K	N	Q	S	T	A	V	L	I	F	Y	W	H	M	C	P
0	0.84448	0.01071	0.00814	0.00728	0.01071	0.01242	0.00600	0.01628	0.00943	0.02485	0.00771	0.00900	0.00600	0.00514	0.00343	0.00171	0.00428	0.00300	0.00343	0.00600
1	0.84448	0.01071	0.00814	0.00728	0.01071	0.01242	0.00600	0.01628	0.00943	0.02485	0.00771	0.00900	0.00600	0.00514	0.00343	0.00171	0.00428	0.00300	0.00343	0.00600
2	0.01095	0.01034	0.01750	0.67769	0.14868	0.01243	0.01562	0.01458	0.01131	0.01475	0.00993	0.01461	0.00759	0.00545	0.00553	0.00182	0.00726	0.00492	0.00250	0.00655
3	0.00697	0.00530	0.00605	0.00647	0.00741	0.00478	0.00440	0.00800	0.01115	0.01414	0.06992	0.30331	0.33898	0.17445	0.01108	0.00270	0.00345	0.01226	0.00482	0.00437
4	0.03957	0.00551	0.00554	0.00540	0.00688	0.00552	0.00410	0.01353	0.01169	0.04789	0.01785	0.02018	0.01390	0.00642	0.00392	0.00132	0.00272	0.00510	0.77764	0.00534
5	0.02020	0.01447	0.01561	0.01211	0.01624	0.01591	0.00992	0.65069	0.04719	0.06444	0.01423	0.01478	0.01035	0.03417	0.00627	0.00179	0.00585	0.00516	0.03156	0.00906
6	0.00805	0.00537	0.00604	0.00604	0.00604	0.00537	0.00336	0.00805	0.00805	0.01074	0.01745	0.03624	0.02013	0.80536	0.02819	0.00537	0.00537	0.00805	0.00336	0.00336
7	0.02105	0.01551	0.01662	0.01274	0.01717	0.01717	0.01053	0.75235	0.02604	0.03490	0.01330	0.01330	0.00942	0.00665	0.00554	0.00166	0.00609	0.00499	0.00554	0.00942
8	0.01148	0.00984	0.01148	0.00820	0.01312	0.00738	0.00656	0.01395	0.01148	0.01805	0.00984	0.01148	0.00820	0.00410	0.00410	0.00082	0.00410	0.00328	0.00328	0.83922
9	0.01032	0.00516	0.00516	0.00516	0.00645	0.00516	0.00387	0.01290	0.01161	0.02065	0.01807	0.02065	0.01420	0.00645	0.00387	0.00129	0.00258	0.00516	0.83611	0.00516
10	0.00662	0.00561	0.00571	0.00569	0.00753	0.00471	0.00426	0.00809	0.01279	0.01537	0.09599	0.05263	0.72843	0.01387	0.00654	0.00186	0.00279	0.01159	0.00520	0.00471
11	0.01111	0.02865	0.77667	0.01579	0.02397	0.01286	0.02046	0.01754	0.01169	0.01754	0.00994	0.01169	0.00702	0.00526	0.00526	0.00175	0.00818	0.00409	0.00234	0.00818
12	0.01307	0.01494	0.03268	0.02334	0.02894	0.01401	0.75070	0.01774	0.01307	0.01774	0.01120	0.01494	0.00840	0.00467	0.00654	0.00187	0.00934	0.00654	0.00280	0.00747
13	0.00989	0.00732	0.00890	0.00799	0.00981	0.00731	0.00613	0.10265	0.07132	0.02383	0.62114	0.03642	0.04443	0.01047	0.00635	0.00174	0.00317	0.00913	0.00599	0.00600
14	0.01297	0.01437	0.03064	0.02213	0.02740	0.01356	0.68236	0.03828	0.01336	0.01808	0.01245	0.04038	0.01006	0.00546	0.00656	0.00190	0.00892	0.03075	0.00303	0.00736
15	0.01154	0.01191	0.05149	0.50111	0.22360	0.01269	0.07811	0.01532	0.01166	0.01560	0.01011	0.01438	0.00781	0.00530	0.00560	0.00179	0.00738	0.00503	0.00256	0.00702
16	0.01388	0.01107	0.01193	0.01062	0.01357	0.01247	0.00834	0.09608	0.53775	0.04236	0.08416	0.02315	0.01945	0.00795	0.00567	0.00183	0.00433	0.03251	0.05469	0.00820
17	0.01092	0.00543	0.00569	0.00550	0.00698	0.00531	0.00417	0.01343	0.01203	0.06276	0.04628	0.02242	0.04177	0.00691	0.00415	0.00135	0.00271	0.00558	0.73120	0.00539
18	0.01269	0.05072	0.22350	0.01250	0.01669	0.01058	0.08605	0.05750	0.05264	0.11736	0.01969	0.21258	0.04393	0.00931	0.00626	0.00190	0.02401	0.03069	0.00422	0.00714
19	0.01766	0.03034	0.07092	0.01396	0.09520	0.02610	0.08260	0.02240	0.11852	0.33300	0.06964	0.01891	0.01504	0.00663	0.00555	0.00171	0.00544	0.00577	0.05226	0.00834
20	0.00712	0.00506	0.00676	0.00798	0.00842	0.00480	0.00558	0.00826	0.01078	0.01431	0.02971	0.66039	0.03515	0.05576	0.00819	0.00244	0.00358	0.11612	0.00505	0.00453
21	0.04151	0.03099	0.17889	0.10405	0.03728	0.05179	0.02972	0.05651	0.08262	0.14132	0.06694	0.05757	0.04124	0.00766	0.00567	0.00181	0.00601	0.04675	0.00427	0.00741
22	0.03480	0.06855	0.25438	0.01743	0.12978	0.02936	0.11876	0.13771	0.01476	0.09552	0.01197	0.01345	0.00875	0.00553	0.00535	0.00168	0.00704	0.00478	0.03217	0.00823

[dist]
# distance from previous block
# <min> <max>
0	2

[block]
# block no. 7 follows, 43 sequences, length 32
# corresponding to MSA columns:
# 480-511
name=unknown_H
#
# <colnr> <probs for GDERKNQSTAVLIFYWHMCP>
#	G	D	E	R	K	N	Q	S	T	A	V	L	I	F	Y	W	H	M	C	P
0	0.01319	0.01253	0.07106	0.02984	0.08086	0.07005	0.03850	0.06765	0.01271	0.06842	0.01724	0.23372	0.01733	0.02115	0.03909	0.00241	0.16435	0.00813	0.02499	0.00679
1	0.76836	0.01077	0.00936	0.05746	0.01296	0.01246	0.02744	0.01619	0.00963	0.02397	0.00794	0.00953	0.00615	0.00515	0.00365	0.00173	0.00462	0.00322	0.00335	0.00605
2	0.00814	0.00533	0.00600	0.00605	0.00615	0.00532	0.00346	0.00835	0.00838	0.01151	0.01802	0.06645	0.02043	0.72262	0.02579	0.00498	0.00510	0.00818	0.05620	0.00352
3	0.09096	0.01089	0.05786	0.01230	0.09094	0.02689	0.05616	0.08213	0.09507	0.02101	0.20824	0.04979	0.15745	0.00897	0.00585	0.00178	0.00467	0.00769	0.00469	0.00666
4	0.04868	0.27719	0.45471	0.01287	0.01940	0.01536	0.01539	0.01733	0.01158	0.04032	0.00976	0.01118	0.00744	0.00518	0.00460	0.00155	0.00700	0.00376	0.02902	0.00769
5	0.00684	0.00553	0.00607	0.00612	0.00771	0.00477	0.00452	0.00844	0.01303	0.01637	0.20052	0.13296	0.54009	0.01383	0.00660	0.00189	0.00281	0.01179	0.00534	0.00477
6	0.03955	0.02579	0.09888	0.03882	0.10393	0.06184	0.12194	0.18479	0.11609	0.03845	0.04515	0.02974	0.01207	0.00644	0.00592	0.00174	0.02852	0.00553	0.02686	0.00795
7	0.01396	0.01214	0.01241	0.01105	0.01407	0.04782	0.00860	0.07605	0.59938	0.02343	0.09938	0.02185	0.01966	0.00777	0.00569	0.00183	0.00457	0.00645	0.00555	0.00833
8	0.00804	0.00601	0.00831	0.00883	0.03055	0.00581	0.02753	0.01914	0.01210	0.01650	0.18047	0.32283	0.08840	0.06532	0.06801	0.00279	0.00458	0.08875	0.03106	0.00498
9	0.01121	0.02802	0.74596	0.01653	0.05438	0.01287	0.02032	0.01752	0.01173	0.01756	0.00996	0.01177	0.00709	0.00525	0.00527	0.00175	0.00812	0.00413	0.00235	0.00821
10	0.00910	0.00556	0.00607	0.00598	0.00738	0.00536	0.00447	0.01188	0.03774	0.01996	0.20626	0.06347	0.14122	0.00930	0.00512	0.00155	0.00271	0.00783	0.44384	0.00519
11	0.00671	0.00496	0.00628	0.00733	0.00793	0.00453	0.00497	0.00775	0.01097	0.01429	0.03513	0.66692	0.16848	0.01675	0.00697	0.00218	0.00314	0.01501	0.00514	0.00453
12	0.01096	0.01167	0.06700	0.04774	0.01948	0.03396	0.30775	0.01407	0.01223	0.03912	0.03960	0.28652	0.01987	0.00962	0.00646	0.00195	0.00649	0.02671	0.00385	0.03496
13	0.01150	0.01050	0.01693	0.52894	0.06816	0.01229	0.06781	0.05066	0.08153	0.01699	0.04577	0.01659	0.01074	0.00597	0.00561	0.00181	0.00678	0.00541	0.02932	0.00670
14	0.01185	0.04378	0.27576	0.01332	0.06810	0.03258	0.02685	0.05991	0.05275	0.01947	0.14089	0.03069	0.01676	0.00664	0.00535	0.00157	0.00589	0.02053	0.00367	0.16366
15	0.00903	0.05656	0.01016	0.00890	0.00979	0.02542	0.00678	0.01045	0.00968	0.01346	0.03183	0.17854	0.01904	0.13817	0.30050	0.00507	0.10228	0.02100	0.03838	0.00494
16	0.01411	0.18777	0.13162	0.03969	0.04323	0.16835	0.07161	0.03077	0.06673	0.01606	0.03002	0.01547	0.05850	0.00649	0.00620	0.00164	0.07582	0.00489	0.02404	0.00700
17	0.00786	0.00578	0.00741	0.00692	0.00836	0.00525	0.00520	0.01039	0.01536	0.02163	0.70106	0.04127	0.09639	0.01129	0.00646	0.00172	0.00267	0.00993	0.00596	0.02909
18	0.01266	0.01219	0.02026	0.35842	0.25023	0.04404	0.12110	0.01610	0.01213	0.04160	0.01155	0.01523	0.02557	0.00560	0.00603	0.00179	0.03021	0.00528	0.00282	0.00720
19	0.02945	0.01275	0.03602	0.04680	0.08939	0.03764	0.04223	0.07973	0.40168	0.03707	0.01725	0.01765	0.01320	0.00903	0.05751	0.00226	0.02752	0.00562	0.00456	0.03264
20	0.01003	0.00849	0.01210	0.15973	0.16311	0.00875	0.00965	0.04268	0.03368	0.01809	0.15470	0.03273	0.21713	0.00942	0.00602	0.00181	0.00468	0.05488	0.04611	0.00620
21	0.03777	0.01572	0.06192	0.01284	0.02907	0.17575	0.05676	0.15115	0.15930	0.02088	0.06785	0.01834	0.03926	0.04061	0.00731	0.00188	0.06143	0.00562	0.02924	0.00728
22	0.00748	0.00528	0.00693	0.00790	0.00854	0.00503	0.00572	0.00890	0.01138	0.01530	0.09384	0.48470	0.05555	0.07456	0.00860	0.00246	0.00368	0.16032	0.02921	0.00462
23	0.01360	0.01152	0.01366	0.01010	0.01482	0.06192	0.06464	0.03207	0.03047	0.08019	0.01122	0.01251	0.00883	0.00462	0.00454	0.00106	0.00501	0.00385	0.00361	0.61176
