[name]
unknown

[dist]
# distance from previous block
# <min> <max>
1	85

[block]
# block no. 0 follows, 34 sequences, length 13
# corresponding to MSA columns:
# 113-125
name=unknown_A
#
# <colnr> <probs for GDERKNQSTAVLIFYWHMCP>
#	G	D	E	R	K	N	Q	S	T	A	V	L	I	F	Y	W	H	M	C	P
0	0.01345	0.04934	0.06261	0.10733	0.01756	0.01064	0.01001	0.06515	0.05928	0.08688	0.20310	0.09342	0.08602	0.05671	0.00848	0.00233	0.00543	0.02753	0.00555	0.02920
1	0.35106	0.11011	0.01630	0.06349	0.06704	0.07500	0.01017	0.06319	0.07650	0.02473	0.01190	0.01350	0.00941	0.00633	0.00494	0.00184	0.00628	0.00443	0.02746	0.05633
2	0.01769	0.01911	0.12664	0.01922	0.07703	0.10090	0.19212	0.11054	0.01771	0.08609	0.08188	0.01881	0.01497	0.00692	0.00659	0.00191	0.00827	0.00637	0.00444	0.08279
3	0.16658	0.01504	0.05824	0.01515	0.10191	0.06830	0.03092	0.06005	0.03744	0.02384	0.10475	0.01819	0.01602	0.00710	0.00642	0.00175	0.04396	0.00553	0.00429	0.21453
4	0.01512	0.10162	0.01453	0.01121	0.01394	0.27198	0.00871	0.01732	0.01708	0.01959	0.27290	0.03348	0.15666	0.01058	0.00659	0.00186	0.00659	0.00843	0.00508	0.00672
5	0.01127	0.00746	0.00896	0.00831	0.00989	0.00712	0.00594	0.05572	0.01576	0.06991	0.31338	0.08209	0.13004	0.22882	0.01467	0.00328	0.00445	0.01092	0.00602	0.00599
6	0.00911	0.00722	0.00945	0.05948	0.01231	0.00692	0.02820	0.01156	0.03175	0.01942	0.24500	0.17365	0.23087	0.11311	0.01091	0.00274	0.00432	0.01246	0.00578	0.00574
7	0.02289	0.11621	0.02086	0.01423	0.01931	0.02042	0.01195	0.56340	0.08721	0.03624	0.01559	0.01558	0.01139	0.00755	0.00617	0.00189	0.00691	0.00564	0.00599	0.01057
8	0.01452	0.11341	0.04578	0.19660	0.24245	0.04484	0.07145	0.01892	0.04963	0.01925	0.05828	0.04716	0.01450	0.00824	0.02630	0.00219	0.00796	0.00648	0.00359	0.00844
9	0.00935	0.00635	0.00744	0.00738	0.00764	0.00634	0.00443	0.00988	0.01061	0.01440	0.11219	0.04211	0.02794	0.63357	0.06979	0.00595	0.00647	0.00955	0.00430	0.00430
10	0.01563	0.01369	0.01990	0.18923	0.27369	0.01443	0.01504	0.12155	0.07796	0.02381	0.06251	0.01879	0.01418	0.00686	0.00632	0.00189	0.00691	0.00607	0.00424	0.10730
11	0.00878	0.00613	0.00710	0.00750	0.00787	0.00590	0.00459	0.00928	0.01084	0.01418	0.02994	0.23564	0.11588	0.48160	0.02329	0.00480	0.00523	0.01228	0.00472	0.00446
12	0.01297	0.01416	0.10762	0.08274	0.07672	0.05260	0.01189	0.05278	0.13763	0.02084	0.06830	0.21517	0.06479	0.01199	0.00772	0.03346	0.00612	0.00987	0.00498	0.00764

[dist]
# distance from previous block
# <min> <max>
1	95

[block]
# block no. 1 follows, 34 sequences, length 16
# corresponding to MSA columns:
# 227-242
name=unknown_B
#
# <colnr> <probs for GDERKNQSTAVLIFYWHMCP>
#	G	D	E	R	K	N	Q	S	T	A	V	L	I	F	Y	W	H	M	C	P
0	0.01505	0.03853	0.06390	0.01710	0.15626	0.08939	0.01179	0.07855	0.04465	0.03588	0.07291	0.10825	0.06845	0.00946	0.00646	0.00190	0.00633	0.03068	0.02867	0.11579
1	0.08781	0.08024	0.20006	0.01374	0.01953	0.01469	0.04715	0.12149	0.09004	0.02475	0.05765	0.04734	0.01462	0.00732	0.00589	0.00183	0.00671	0.00591	0.00441	0.14882
2	0.01602	0.02600	0.01283	0.03352	0.01471	0.02828	0.00830	0.08288	0.04304	0.16502	0.12972	0.13214	0.07719	0.03019	0.00727	0.00199	0.00501	0.00883	0.00590	0.17116
3	0.01290	0.01363	0.13258	0.08425	0.06988	0.01045	0.05381	0.04972	0.01466	0.06656	0.07291	0.22091	0.04571	0.05321	0.00841	0.00236	0.00629	0.00984	0.00477	0.06715
4	0.01122	0.00829	0.01088	0.02868	0.05660	0.00842	0.00803	0.05494	0.06484	0.04491	0.16336	0.28647	0.07339	0.05083	0.09526	0.00340	0.00599	0.01210	0.00572	0.00667
5	0.01727	0.77681	0.03386	0.01106	0.01658	0.02557	0.01106	0.01935	0.01313	0.01520	0.00898	0.01036	0.00829	0.00553	0.00415	0.00138	0.00691	0.00345	0.00276	0.00829
6	0.04337	0.13060	0.36808	0.01737	0.07491	0.10967	0.01758	0.04244	0.01485	0.05525	0.01328	0.06029	0.01094	0.00711	0.00593	0.00192	0.00852	0.00550	0.00347	0.00893
7	0.01697	0.72421	0.08379	0.01158	0.01739	0.02482	0.01196	0.01943	0.01317	0.01557	0.00917	0.01060	0.00828	0.00557	0.00429	0.00143	0.00710	0.00355	0.00276	0.00838
8	0.69090	0.04729	0.04499	0.00964	0.01392	0.06682	0.00834	0.01956	0.01173	0.02708	0.00919	0.01072	0.00720	0.00603	0.00423	0.00195	0.00576	0.00360	0.00384	0.00721
9	0.01727	0.77681	0.03386	0.01106	0.01658	0.02557	0.01106	0.01935	0.01313	0.01520	0.00898	0.01036	0.00829	0.00553	0.00415	0.00138	0.00691	0.00345	0.00276	0.00829
10	0.00814	0.00583	0.00781	0.00900	0.00949	0.00562	0.00611	0.00941	0.01229	0.01656	0.06334	0.62785	0.03995	0.05963	0.08279	0.00355	0.00519	0.01650	0.00569	0.00527
11	0.01238	0.25762	0.09709	0.01074	0.01458	0.03723	0.02606	0.01514	0.01473	0.01883	0.18120	0.11742	0.15131	0.01096	0.00636	0.00191	0.00558	0.00908	0.00470	0.00707
12	0.00876	0.00650	0.00815	0.00793	0.00946	0.00590	0.00587	0.01137	0.01710	0.02351	0.54527	0.11789	0.17953	0.01443	0.00768	0.00211	0.00315	0.01266	0.00681	0.00590
13	0.01374	0.09276	0.12757	0.01579	0.07195	0.01254	0.11879	0.03753	0.03394	0.05770	0.23103	0.06733	0.02749	0.00906	0.00670	0.00197	0.00635	0.00818	0.02888	0.03071
14	0.01220	0.01148	0.01938	0.75739	0.04450	0.01436	0.01794	0.01651	0.01292	0.01651	0.01148	0.01723	0.00861	0.00646	0.00646	0.00215	0.00861	0.00574	0.00287	0.00718
15	0.06444	0.01373	0.02242	0.31656	0.30870	0.01485	0.06346	0.04642	0.01439	0.02056	0.01186	0.01609	0.00937	0.00606	0.00628	0.00199	0.00794	0.00565	0.00329	0.04594

[dist]
# distance from previous block
# <min> <max>
1	42

[block]
# block no. 2 follows, 34 sequences, length 37
# corresponding to MSA columns:
# 293-329
name=unknown_C
#
# <colnr> <probs for GDERKNQSTAVLIFYWHMCP>
#	G	D	E	R	K	N	Q	S	T	A	V	L	I	F	Y	W	H	M	C	P
0	0.01618	0.05777	0.13217	0.06173	0.21342	0.06874	0.06702	0.04662	0.03174	0.04610	0.01262	0.01568	0.01008	0.00705	0.00847	0.00203	0.12484	0.00553	0.04612	0.02612
1	0.16617	0.23151	0.15888	0.01652	0.11129	0.11384	0.01395	0.04257	0.01414	0.02044	0.01067	0.01286	0.00878	0.00821	0.04358	0.00221	0.00832	0.00436	0.00327	0.00839
2	0.01151	0.00906	0.03359	0.00894	0.01141	0.00810	0.00711	0.09002	0.03375	0.05395	0.32228	0.05920	0.25262	0.05891	0.00891	0.00234	0.00414	0.01107	0.00637	0.00671
3	0.00794	0.00643	0.00705	0.00717	0.00898	0.00554	0.00527	0.00977	0.01505	0.01886	0.18199	0.15559	0.51513	0.01632	0.00772	0.00221	0.00330	0.01392	0.00620	0.00554
4	0.01411	0.01715	0.16737	0.12708	0.22331	0.01415	0.03859	0.05587	0.11373	0.02142	0.01745	0.07818	0.03024	0.00983	0.04108	0.00248	0.00794	0.00707	0.00400	0.00894
5	0.00769	0.00635	0.00675	0.00707	0.00886	0.00541	0.00514	0.00921	0.01423	0.01725	0.05910	0.21265	0.58363	0.01719	0.00777	0.00228	0.00337	0.01464	0.00600	0.00541
6	0.01387	0.02968	0.60090	0.01864	0.06276	0.01494	0.02169	0.07752	0.01536	0.02249	0.05279	0.01589	0.01153	0.00666	0.00626	0.00203	0.00888	0.00531	0.00331	0.00951
7	0.01414	0.01414	0.01979	0.01696	0.01696	0.01979	0.01414	0.01555	0.00990	0.01555	0.00848	0.01414	0.00848	0.01131	0.02120	0.00283	0.76110	0.00565	0.00283	0.00707
8	0.01763	0.01446	0.01656	0.04650	0.05774	0.01646	0.01155	0.22664	0.35935	0.02883	0.02156	0.07823	0.01740	0.00923	0.00742	0.00217	0.04504	0.00750	0.00596	0.00977
9	0.04164	0.00993	0.01325	0.01528	0.11583	0.01027	0.01083	0.06688	0.07864	0.02266	0.11527	0.04857	0.04904	0.03411	0.02810	0.00279	0.00605	0.31795	0.00561	0.00729
10	0.02630	0.01473	0.01746	0.01495	0.07014	0.05167	0.01134	0.25870	0.02220	0.41346	0.02036	0.01884	0.01349	0.00768	0.00644	0.00196	0.00652	0.00609	0.00689	0.01076
11	0.01654	0.01411	0.01487	0.01324	0.01698	0.01629	0.01034	0.07158	0.68294	0.02778	0.02570	0.02363	0.01924	0.00871	0.00657	0.00218	0.00522	0.00722	0.00657	0.01027
12	0.01450	0.01344	0.04949	0.04678	0.12392	0.01167	0.01114	0.07737	0.09047	0.02332	0.05858	0.01893	0.03678	0.00662	0.00575	0.00152	0.00568	0.00556	0.00443	0.39405
13	0.00784	0.00573	0.00738	0.00870	0.00929	0.00527	0.00587	0.00903	0.01265	0.01661	0.03918	0.68425	0.12489	0.01978	0.00817	0.00257	0.00369	0.01780	0.00600	0.00527
14	0.08775	0.16945	0.27497	0.01590	0.05444	0.07850	0.01585	0.13906	0.01694	0.07211	0.01237	0.01357	0.00922	0.00644	0.00564	0.00186	0.00804	0.00470	0.00391	0.00929
15	0.01400	0.29631	0.05892	0.01114	0.01443	0.07543	0.00973	0.01601	0.01358	0.04681	0.02177	0.32158	0.02380	0.01224	0.00636	0.00204	0.00607	0.03822	0.00448	0.00708
16	0.01028	0.00686	0.00900	0.00832	0.01004	0.00629	0.00629	0.01330	0.01830	0.06654	0.68900	0.04676	0.05840	0.01291	0.00756	0.00203	0.00319	0.01139	0.00716	0.00638
17	0.81856	0.01250	0.00950	0.00850	0.01250	0.01449	0.00700	0.01899	0.01100	0.02899	0.00900	0.01050	0.00700	0.00600	0.00400	0.00200	0.00500	0.00350	0.00400	0.00700
18	0.01309	0.01200	0.03640	0.06134	0.28253	0.01179	0.03199	0.05610	0.07346	0.02069	0.02245	0.30404	0.02332	0.01169	0.00715	0.00223	0.00612	0.01073	0.00471	0.00815
19	0.01525	0.01743	0.03813	0.02723	0.03377	0.01634	0.70915	0.02070	0.01525	0.02070	0.01307	0.01743	0.00980	0.00545	0.00763	0.00218	0.01089	0.00763	0.00327	0.00871
20	0.00851	0.00645	0.00784	0.00777	0.00933	0.00578	0.00572	0.01086	0.01638	0.02203	0.43078	0.15221	0.26250	0.01514	0.00771	0.00216	0.00321	0.01321	0.00662	0.00578
21	0.01122	0.00561	0.00842	0.00842	0.00842	0.00561	0.00561	0.00842	0.00842	0.01122	0.01122	0.01964	0.01122	0.02245	0.02525	0.81201	0.00561	0.00561	0.00281	0.00281
22	0.01323	0.01204	0.01938	0.69551	0.04246	0.01483	0.01747	0.07440	0.01438	0.01853	0.01182	0.01708	0.00881	0.00657	0.00646	0.00214	0.00849	0.00575	0.00317	0.00750
23	0.68560	0.01224	0.01042	0.00900	0.01317	0.01365	0.00742	0.02110	0.01226	0.14823	0.01177	0.01243	0.00851	0.00633	0.00442	0.00200	0.00508	0.00400	0.00467	0.00767
24	0.02862	0.01159	0.01536	0.01178	0.01679	0.01038	0.00973	0.08813	0.01948	0.67905	0.02466	0.02145	0.01558	0.00798	0.00649	0.00199	0.00563	0.00644	0.00787	0.01100
25	0.00909	0.00643	0.00776	0.00832	0.00877	0.00636	0.00531	0.01078	0.05166	0.01579	0.06292	0.36465	0.03371	0.35668	0.01917	0.00420	0.00492	0.01338	0.00515	0.00498
26	0.00803	0.00573	0.00764	0.00897	0.00937	0.00546	0.00600	0.00916	0.01210	0.01619	0.03374	0.68688	0.04018	0.06280	0.05165	0.00326	0.00466	0.01723	0.00574	0.00521
27	0.00816	0.00583	0.00783	0.00933	0.00983	0.00550	0.00650	0.00949	0.01265	0.01682	0.03545	0.68983	0.04211	0.01997	0.00832	0.00266	0.00400	0.09441	0.00599	0.00533
28	0.14054	0.01277	0.01469	0.01158	0.01635	0.05149	0.00949	0.07427	0.01820	0.55088	0.02164	0.01936	0.01396	0.00762	0.00610	0.00198	0.00587	0.00590	0.00707	0.01023
29	0.01727	0.77681	0.03386	0.01106	0.01658	0.02557	0.01106	0.01935	0.01313	0.01520	0.00898	0.01036	0.00829	0.00553	0.00415	0.00138	0.00691	0.00345	0.00276	0.00829
30	0.00948	0.00646	0.00877	0.00884	0.00938	0.00698	0.00613	0.01025	0.00985	0.01367	0.01845	0.06183	0.01939	0.31498	0.36017	0.10770	0.01117	0.00816	0.00366	0.00469
31	0.00784	0.00628	0.00702	0.00742	0.00900	0.00545	0.00534	0.00945	0.01435	0.01793	0.11627	0.27075	0.46574	0.01723	0.00782	0.00230	0.00339	0.01487	0.00610	0.00545
32	0.00800	0.00586	0.00746	0.00868	0.00936	0.00541	0.00594	0.00924	0.01273	0.01662	0.03952	0.60608	0.14582	0.04674	0.00907	0.00270	0.00386	0.04574	0.00592	0.00526
33	0.01566	0.01293	0.01643	0.01398	0.01544	0.01612	0.01122	0.17129	0.03197	0.03734	0.01355	0.02040	0.01257	0.13608	0.07605	0.02111	0.35993	0.00645	0.00408	0.00742
34	0.01549	0.03090	0.07825	0.09002	0.05347	0.16215	0.10995	0.05128	0.05376	0.01897	0.01694	0.09255	0.03953	0.01217	0.06984	0.00282	0.08302	0.00728	0.00386	0.00776
35	0.18499	0.01565	0.06575	0.14129	0.08409	0.03785	0.14081	0.09176	0.01547	0.06091	0.01263	0.01525	0.00948	0.00621	0.00593	0.00194	0.00759	0.00540	0.02229	0.07468
36	0.01608	0.18521	0.11249	0.04891	0.11656	0.01675	0.05282	0.09267	0.05185	0.05048	0.01447	0.05794	0.01245	0.02617	0.03184	0.00228	0.04905	0.00606	0.00395	0.05197

[dist]
# distance from previous block
# <min> <max>
1	8

[block]
# block no. 3 follows, 34 sequences, length 24
# corresponding to MSA columns:
# 338-360,362
name=unknown_D
#
# <colnr> <probs for GDERKNQSTAVLIFYWHMCP>
#	G	D	E	R	K	N	Q	S	T	A	V	L	I	F	Y	W	H	M	C	P
0	0.00992	0.00711	0.00897	0.01026	0.06977	0.00693	0.00583	0.01067	0.01071	0.01474	0.02221	0.17481	0.02520	0.50997	0.02393	0.00484	0.00574	0.01044	0.03245	0.03549
1	0.05271	0.05334	0.05844	0.16845	0.27939	0.08542	0.07131	0.01970	0.01407	0.04096	0.01159	0.01529	0.00936	0.00661	0.00775	0.00204	0.08611	0.00550	0.00325	0.00868
2	0.28228	0.23657	0.03538	0.01382	0.08473	0.13968	0.01066	0.03860	0.01395	0.02184	0.01053	0.01233	0.00870	0.00611	0.00473	0.00172	0.00694	0.00408	0.05949	0.00786
3	0.04683	0.03831	0.01715	0.06970	0.20713	0.01254	0.02930	0.04544	0.03449	0.11480	0.03701	0.01972	0.01404	0.00733	0.00681	0.00190	0.05725	0.00601	0.22581	0.00843
4	0.01426	0.01284	0.01325	0.01262	0.04123	0.06838	0.00936	0.05305	0.34274	0.02370	0.11198	0.03229	0.15697	0.01238	0.04285	0.00252	0.02673	0.00859	0.00590	0.00837
5	0.01244	0.00758	0.00951	0.00861	0.01089	0.00690	0.00660	0.01564	0.04366	0.14431	0.44079	0.06497	0.17692	0.01294	0.00741	0.00208	0.00360	0.01119	0.00700	0.00694
6	0.00811	0.00580	0.00773	0.00900	0.00955	0.00542	0.00617	0.00952	0.01313	0.01766	0.11407	0.66166	0.04460	0.01936	0.00820	0.00257	0.00375	0.04219	0.00612	0.00537
7	0.01317	0.06955	0.70516	0.01806	0.02741	0.01552	0.02325	0.02041	0.01362	0.02021	0.01147	0.01348	0.00819	0.00611	0.00604	0.00201	0.00942	0.00471	0.00273	0.00949
8	0.00787	0.00562	0.00750	0.00900	0.00937	0.00525	0.00600	0.00900	0.01237	0.01649	0.03561	0.76871	0.04274	0.02024	0.00825	0.00262	0.00375	0.01837	0.00600	0.00525
9	0.81856	0.01250	0.00950	0.00850	0.01250	0.01449	0.00700	0.01899	0.01100	0.02899	0.00900	0.01050	0.00700	0.00600	0.00400	0.00200	0.00500	0.00350	0.00400	0.00700
10	0.14548	0.01440	0.01603	0.01257	0.01742	0.01508	0.01035	0.32074	0.05659	0.29766	0.01877	0.01759	0.01268	0.00763	0.00611	0.00198	0.00609	0.00579	0.00667	0.01035
11	0.81856	0.01250	0.00950	0.00850	0.01250	0.01449	0.00700	0.01899	0.01100	0.02899	0.00900	0.01050	0.00700	0.00600	0.00400	0.00200	0.00500	0.00350	0.00400	0.00700
12	0.01386	0.01127	0.01230	0.01121	0.01412	0.01255	0.00865	0.02675	0.47288	0.02649	0.21874	0.03073	0.03079	0.00989	0.00670	0.00209	0.00438	0.00841	0.06942	0.00877
13	0.81856	0.01250	0.00950	0.00850	0.01250	0.01449	0.00700	0.01899	0.01100	0.02899	0.00900	0.01050	0.00700	0.00600	0.00400	0.00200	0.00500	0.00350	0.00400	0.00700
14	0.00812	0.00596	0.00742	0.00836	0.00913	0.00549	0.00570	0.00940	0.01296	0.01696	0.08532	0.50419	0.16798	0.09338	0.01054	0.00287	0.00391	0.03121	0.00586	0.00523
15	0.01702	0.01274	0.01381	0.01210	0.01573	0.01408	0.00950	0.08675	0.47868	0.10038	0.05311	0.02701	0.07544	0.00930	0.00658	0.00211	0.00501	0.00769	0.04329	0.00966
16	0.14672	0.01724	0.01787	0.01389	0.01888	0.01918	0.01147	0.60460	0.02740	0.03892	0.01451	0.01474	0.01037	0.00749	0.00608	0.00195	0.00679	0.00546	0.00608	0.01037
17	0.00850	0.00710	0.00733	0.00718	0.00930	0.00637	0.00532	0.01140	0.06976	0.01835	0.09652	0.05709	0.58963	0.06636	0.00925	0.00245	0.00360	0.01275	0.00597	0.00576
18	0.00940	0.00674	0.00816	0.00785	0.00969	0.00601	0.00592	0.01184	0.01671	0.05121	0.42150	0.08551	0.29027	0.01453	0.00764	0.00213	0.00333	0.02886	0.00668	0.00603
19	0.05148	0.01070	0.01364	0.01169	0.01547	0.01027	0.00972	0.10184	0.03728	0.38186	0.05833	0.05506	0.02326	0.01095	0.00711	0.00226	0.00560	0.17728	0.00703	0.00919
20	0.14101	0.01232	0.01490	0.01160	0.01648	0.01186	0.00958	0.13615	0.01929	0.52694	0.02157	0.01934	0.01393	0.00767	0.00614	0.00199	0.00568	0.00596	0.00719	0.01042
21	0.01409	0.01136	0.01317	0.01282	0.04002	0.01240	0.00980	0.12102	0.25063	0.02420	0.03080	0.09429	0.11609	0.04080	0.00883	0.00251	0.03357	0.14954	0.00595	0.00810
22	0.01031	0.00710	0.00973	0.00921	0.01067	0.00712	0.02672	0.01263	0.01384	0.04492	0.24646	0.03916	0.06646	0.14696	0.21719	0.00507	0.00801	0.04457	0.06803	0.00585
23	0.02490	0.01043	0.01397	0.03923	0.01636	0.00947	0.00921	0.02830	0.05167	0.56603	0.07966	0.02412	0.01945	0.00835	0.00644	0.00198	0.00522	0.00688	0.06828	0.01005

[dist]
# distance from previous block
# <min> <max>
8	10

[block]
# block no. 4 follows, 34 sequences, length 18
# corresponding to MSA columns:
# 393-410
name=unknown_E
#
# <colnr> <probs for GDERKNQSTAVLIFYWHMCP>
#	G	D	E	R	K	N	Q	S	T	A	V	L	I	F	Y	W	H	M	C	P
0	0.43716	0.01172	0.01289	0.07056	0.09147	0.01289	0.03559	0.01781	0.04508	0.02486	0.05859	0.04498	0.09720	0.00819	0.00547	0.00206	0.00544	0.00637	0.00439	0.00728
1	0.34353	0.04759	0.20956	0.01305	0.01884	0.01458	0.04698	0.02271	0.07940	0.12684	0.01387	0.01460	0.00998	0.00654	0.00536	0.00202	0.00667	0.00483	0.00439	0.00869
2	0.24096	0.31097	0.04224	0.01192	0.01662	0.14163	0.01057	0.07371	0.06176	0.02199	0.01087	0.01201	0.00890	0.00625	0.00478	0.00172	0.00714	0.00406	0.00373	0.00817
3	0.00837	0.00682	0.00927	0.00924	0.01078	0.00613	0.05233	0.01012	0.01388	0.01784	0.09765	0.40304	0.29602	0.01729	0.00793	0.00239	0.00399	0.01540	0.00590	0.00562
4	0.00787	0.00562	0.00750	0.00900	0.00937	0.00525	0.00600	0.00900	0.01237	0.01649	0.03561	0.76871	0.04274	0.02024	0.00825	0.00262	0.00375	0.01837	0.00600	0.00525
5	0.03737	0.12959	0.17593	0.07386	0.09952	0.11050	0.03533	0.11117	0.02958	0.10230	0.02712	0.01551	0.01094	0.00668	0.00598	0.00188	0.00813	0.00524	0.00414	0.00921
6	0.00900	0.00662	0.00865	0.00990	0.01096	0.00638	0.00758	0.01136	0.03529	0.01793	0.03794	0.42554	0.11179	0.01864	0.00837	0.00269	0.00452	0.25519	0.00600	0.00567
7	0.00998	0.00619	0.00635	0.00648	0.00815	0.00574	0.00480	0.01230	0.01390	0.02087	0.03948	0.10317	0.29447	0.01204	0.00604	0.00186	0.00318	0.01003	0.42923	0.00574
8	0.01454	0.05271	0.20511	0.18062	0.17326	0.01619	0.14199	0.04524	0.01432	0.01996	0.01175	0.01552	0.00911	0.00643	0.00759	0.00209	0.06589	0.00573	0.00310	0.00885
9	0.04448	0.04499	0.04866	0.23653	0.02835	0.01447	0.14486	0.09862	0.04721	0.15307	0.01678	0.06467	0.01300	0.00759	0.00662	0.00210	0.00769	0.00690	0.00467	0.00874
10	0.02414	0.03079	0.01831	0.01665	0.01998	0.74698	0.01248	0.02580	0.01831	0.01581	0.00999	0.01165	0.00832	0.00666	0.00583	0.00166	0.01165	0.00416	0.00333	0.00749
11	0.01248	0.00728	0.00937	0.00866	0.01077	0.00652	0.00655	0.01494	0.01694	0.15743	0.39839	0.15109	0.14686	0.01372	0.00750	0.00213	0.00365	0.01197	0.00695	0.00680
12	0.01794	0.01482	0.08186	0.09412	0.17985	0.04074	0.04214	0.05082	0.07313	0.19002	0.10324	0.04702	0.01912	0.00811	0.00666	0.00203	0.00679	0.00712	0.00523	0.00924
13	0.01227	0.01021	0.01648	0.26696	0.02538	0.01104	0.09467	0.06075	0.01447	0.04648	0.04571	0.25382	0.04209	0.01390	0.05362	0.00279	0.00736	0.01042	0.00459	0.00699
14	0.02414	0.03079	0.01831	0.01665	0.01998	0.74698	0.01248	0.02580	0.01831	0.01581	0.00999	0.01165	0.00832	0.00666	0.00583	0.00166	0.01165	0.00416	0.00333	0.00749
15	0.08545	0.01570	0.01977	0.06517	0.23968	0.07069	0.04009	0.20260	0.04047	0.05562	0.03887	0.04684	0.01360	0.00746	0.00629	0.00197	0.00717	0.00632	0.02693	0.00930
16	0.01559	0.01579	0.05259	0.01940	0.12823	0.06528	0.03714	0.08964	0.01448	0.02057	0.06543	0.01771	0.01350	0.01015	0.02945	0.00251	0.35283	0.00611	0.03559	0.00802
17	0.01105	0.00797	0.01003	0.01052	0.02795	0.00812	0.00739	0.05906	0.06735	0.04727	0.03270	0.43588	0.10558	0.03269	0.04234	0.03824	0.03009	0.01377	0.00569	0.00632

[dist]
# distance from previous block
# <min> <max>
2	10

[block]
# block no. 5 follows, 34 sequences, length 8
# corresponding to MSA columns:
# 426-433
name=unknown_F
#
# <colnr> <probs for GDERKNQSTAVLIFYWHMCP>
#	G	D	E	R	K	N	Q	S	T	A	V	L	I	F	Y	W	H	M	C	P
0	0.01059	0.00695	0.00898	0.00827	0.01012	0.00631	0.00627	0.01349	0.01804	0.08112	0.62355	0.04726	0.10823	0.01304	0.00753	0.00204	0.00326	0.01143	0.00710	0.00643
1	0.01260	0.01263	0.06973	0.16168	0.16296	0.01232	0.01404	0.01807	0.10773	0.02021	0.07433	0.11816	0.02285	0.01078	0.00788	0.00231	0.04548	0.11381	0.00459	0.00786
2	0.06519	0.02590	0.45219	0.02019	0.09318	0.01487	0.10835	0.01983	0.01362	0.02096	0.01154	0.01415	0.00863	0.00610	0.00669	0.00199	0.03779	0.00511	0.00301	0.07070
3	0.00787	0.00562	0.00750	0.00900	0.00937	0.00525	0.00600	0.00900	0.01237	0.01649	0.03561	0.76871	0.04274	0.02024	0.00825	0.00262	0.00375	0.01837	0.00600	0.00525
4	0.01794	0.70473	0.03236	0.01160	0.01691	0.09527	0.01119	0.01997	0.01363	0.01526	0.00908	0.01049	0.00829	0.00564	0.00431	0.00141	0.00737	0.00352	0.00282	0.00821
5	0.01016	0.00599	0.00762	0.00762	0.00762	0.00599	0.00462	0.00899	0.00899	0.01198	0.01655	0.03285	0.01838	0.46028	0.02971	0.34193	0.00599	0.00782	0.00345	0.00345
6	0.01179	0.00949	0.01283	0.01441	0.10775	0.00982	0.03736	0.01743	0.17327	0.01988	0.02617	0.27266	0.02687	0.11650	0.01070	0.00284	0.00528	0.04943	0.06841	0.00710
7	0.04528	0.01756	0.05234	0.06062	0.13199	0.15155	0.12110	0.08844	0.01773	0.12294	0.10902	0.02026	0.01713	0.00744	0.00658	0.00196	0.00800	0.00652	0.00473	0.00881

[dist]
# distance from previous block
# <min> <max>
0	22

[block]
# block no. 6 follows, 34 sequences, length 10
# corresponding to MSA columns:
# 456-465
name=unknown_G
#
# <colnr> <probs for GDERKNQSTAVLIFYWHMCP>
#	G	D	E	R	K	N	Q	S	T	A	V	L	I	F	Y	W	H	M	C	P
0	0.01430	0.06000	0.12064	0.01656	0.07922	0.05906	0.09700	0.05134	0.12928	0.01976	0.01654	0.02256	0.01445	0.14830	0.11915	0.00397	0.00925	0.00668	0.00399	0.00793
1	0.05825	0.14213	0.09773	0.01621	0.08235	0.17743	0.01311	0.16608	0.06454	0.04057	0.06929	0.01672	0.01402	0.00722	0.00589	0.00183	0.00780	0.00542	0.00447	0.00894
2	0.01052	0.00585	0.00850	0.00861	0.00880	0.00598	0.00583	0.00898	0.00909	0.01228	0.01479	0.08137	0.01547	0.09232	0.12469	0.56587	0.00714	0.00713	0.00325	0.00351
3	0.01996	0.05814	0.01741	0.01305	0.01769	0.07591	0.01060	0.33745	0.14455	0.03051	0.01623	0.01658	0.01224	0.00720	0.00590	0.00173	0.00647	0.00548	0.05534	0.14755
4	0.05876	0.16175	0.21799	0.10521	0.02389	0.01623	0.06505	0.06350	0.01450	0.02089	0.03912	0.01502	0.01076	0.00641	0.00631	0.00181	0.03949	0.00502	0.00344	0.12484
5	0.01773	0.09054	0.22558	0.05439	0.06754	0.09231	0.09383	0.16970	0.05310	0.03718	0.01436	0.01599	0.02522	0.00678	0.00626	0.00195	0.00857	0.00559	0.00405	0.00934
6	0.01005	0.08452	0.17748	0.01077	0.01408	0.00953	0.01027	0.01286	0.01332	0.01780	0.07475	0.32008	0.14653	0.05788	0.00866	0.00247	0.00540	0.01214	0.00490	0.00653
7	0.01162	0.01370	0.14328	0.05268	0.15675	0.01039	0.01256	0.01629	0.06089	0.02147	0.18362	0.10311	0.12026	0.01064	0.00687	0.00208	0.00562	0.00929	0.05121	0.00768
8	0.05713	0.09470	0.12614	0.01320	0.01817	0.10198	0.01208	0.08459	0.10319	0.22444	0.05055	0.05361	0.01601	0.00810	0.00615	0.00195	0.00687	0.00634	0.00549	0.00932
9	0.01522	0.17144	0.11596	0.01968	0.19498	0.01515	0.04836	0.07237	0.01550	0.05434	0.06316	0.14992	0.01892	0.00905	0.00638	0.00198	0.00678	0.00790	0.00428	0.00862

[dist]
# distance from previous block
# <min> <max>
0	36

[block]
# block no. 7 follows, 34 sequences, length 31
# corresponding to MSA columns:
# 502-532
name=unknown_H
#
# <colnr> <probs for GDERKNQSTAVLIFYWHMCP>
#	G	D	E	R	K	N	Q	S	T	A	V	L	I	F	Y	W	H	M	C	P
0	0.00938	0.00774	0.01036	0.01040	0.01119	0.00872	0.00782	0.01094	0.01211	0.01653	0.05732	0.33517	0.14540	0.02292	0.15065	0.00404	0.15595	0.01266	0.00493	0.00577
1	0.04379	0.21628	0.05642	0.14336	0.10777	0.09143	0.09290	0.03674	0.05377	0.03290	0.01204	0.01456	0.00962	0.00609	0.00572	0.00179	0.00802	0.00507	0.00345	0.05828
2	0.01748	0.13438	0.08588	0.03646	0.12608	0.20194	0.01484	0.04324	0.01436	0.01772	0.01057	0.02743	0.00938	0.00792	0.01016	0.00206	0.22364	0.00513	0.00317	0.00815
3	0.01417	0.01117	0.01233	0.01113	0.01410	0.01220	0.00865	0.06147	0.39169	0.04356	0.21546	0.03345	0.07438	0.01049	0.00688	0.00212	0.00449	0.02338	0.04025	0.00862
4	0.01777	0.15511	0.06447	0.01688	0.08183	0.01824	0.07610	0.17588	0.24288	0.02614	0.01684	0.01733	0.01288	0.00706	0.00609	0.00190	0.00687	0.00587	0.00492	0.04493
5	0.00853	0.00650	0.00780	0.00770	0.00924	0.00593	0.00564	0.01067	0.01546	0.02059	0.34727	0.10948	0.28988	0.06956	0.05424	0.00293	0.00427	0.01246	0.00619	0.00563
6	0.00831	0.00631	0.00721	0.00744	0.00896	0.00561	0.00536	0.01017	0.01475	0.01931	0.20253	0.21503	0.36631	0.04077	0.00843	0.00235	0.00341	0.01373	0.04848	0.00553
7	0.00830	0.00621	0.00754	0.00842	0.00944	0.00571	0.00601	0.00969	0.01307	0.01670	0.04269	0.38357	0.24679	0.10380	0.01093	0.00295	0.00418	0.10299	0.00576	0.00525
8	0.02727	0.01057	0.01431	0.01111	0.01579	0.00918	0.00913	0.02982	0.01830	0.67160	0.06436	0.02353	0.01851	0.00827	0.00649	0.00198	0.00527	0.00677	0.03721	0.01054
9	0.02855	0.01171	0.01543	0.01183	0.01685	0.01055	0.00977	0.09939	0.01968	0.66752	0.02449	0.02134	0.01549	0.00797	0.00649	0.00199	0.00566	0.00643	0.00784	0.01100
10	0.01684	0.70123	0.10560	0.01180	0.01774	0.02449	0.01236	0.01946	0.01318	0.01574	0.00925	0.01070	0.00828	0.00559	0.00435	0.00145	0.00718	0.00359	0.00276	0.00842
11	0.00914	0.00660	0.00864	0.00813	0.00965	0.00610	0.00610	0.01219	0.01829	0.02591	0.72921	0.04827	0.06097	0.01321	0.00762	0.00203	0.00305	0.01169	0.00711	0.00610
12	0.00896	0.00642	0.00698	0.00689	0.00832	0.00585	0.00483	0.01064	0.01392	0.01873	0.17146	0.04945	0.33371	0.20033	0.01340	0.00306	0.00393	0.01118	0.11666	0.00527
13	0.00923	0.00692	0.01038	0.01038	0.01154	0.00808	0.00808	0.01154	0.01038	0.01500	0.01731	0.02538	0.01615	0.04846	0.74732	0.01038	0.01731	0.00692	0.00346	0.00577
14	0.01711	0.73634	0.03311	0.01137	0.01660	0.02526	0.01122	0.01915	0.01296	0.01522	0.00896	0.01056	0.00830	0.00583	0.00505	0.00146	0.04693	0.00357	0.00277	0.00823
15	0.01896	0.59369	0.03004	0.01243	0.01742	0.20264	0.01141	0.02093	0.01440	0.01535	0.00923	0.01068	0.00830	0.00581	0.00456	0.00145	0.00807	0.00363	0.00290	0.00810
16	0.01572	0.53739	0.13002	0.05748	0.01949	0.02158	0.01302	0.01937	0.03959	0.01707	0.04248	0.01553	0.01200	0.00654	0.00497	0.00163	0.00712	0.02750	0.00320	0.00830
17	0.00797	0.00600	0.00738	0.00821	0.00923	0.00541	0.00571	0.00947	0.01376	0.01793	0.13034	0.48301	0.23557	0.01829	0.00800	0.00243	0.00353	0.01622	0.00614	0.00541
18	0.01607	0.01388	0.01461	0.01315	0.01680	0.01607	0.01023	0.03433	0.72094	0.02703	0.02630	0.02411	0.01972	0.00877	0.00657	0.00219	0.00511	0.00731	0.00657	0.01023
19	0.05964	0.36674	0.18677	0.01387	0.01957	0.07463	0.03739	0.02043	0.01375	0.06735	0.01164	0.03372	0.00976	0.00671	0.00614	0.00178	0.05359	0.00471	0.00334	0.00849
20	0.10832	0.01085	0.01389	0.01086	0.01554	0.00979	0.00894	0.02922	0.01743	0.62165	0.02354	0.02095	0.01511	0.00777	0.00612	0.00197	0.00530	0.00616	0.05631	0.01029
21	0.00881	0.00603	0.00727	0.00783	0.00802	0.00587	0.00478	0.00934	0.01084	0.01450	0.05062	0.31913	0.03211	0.46008	0.02263	0.00473	0.00520	0.01289	0.00482	0.00450
22	0.00880	0.00628	0.00753	0.00767	0.00847	0.00591	0.00508	0.01012	0.01324	0.01782	0.23525	0.18704	0.12901	0.30912	0.01753	0.00380	0.00446	0.01234	0.00552	0.00501
23	0.05995	0.03710	0.02184	0.19579	0.23154	0.09713	0.05774	0.13143	0.01715	0.04702	0.01322	0.01729	0.01052	0.00677	0.00633	0.00199	0.00815	0.02619	0.00394	0.00892
24	0.01623	0.01377	0.01465	0.01318	0.01680	0.01584	0.01034	0.06892	0.64839	0.02736	0.02614	0.02615	0.02016	0.00918	0.00669	0.00222	0.00526	0.04216	0.00654	0.01005
25	0.00791	0.00588	0.00737	0.00843	0.00926	0.00535	0.00578	0.00927	0.01326	0.01733	0.08834	0.57256	0.18780	0.01896	0.00808	0.00249	0.00360	0.01693	0.00607	0.00535
26	0.04852	0.05912	0.06358	0.03304	0.05607	0.01282	0.11807	0.08686	0.04083	0.02141	0.06570	0.06082	0.01744	0.02052	0.23402	0.00459	0.01027	0.00725	0.03144	0.00764
27	0.01444	0.01390	0.02168	0.33283	0.22189	0.05666	0.07261	0.03865	0.01393	0.01836	0.01191	0.01687	0.00965	0.00907	0.03723	0.05168	0.04173	0.00584	0.00314	0.00793
28	0.00778	0.00598	0.00713	0.00806	0.00912	0.00533	0.00558	0.00910	0.01327	0.01686	0.04706	0.49775	0.30631	0.01876	0.00801	0.00245	0.00357	0.01655	0.00600	0.00533
29	0.01228	0.00901	0.01108	0.05592	0.01426	0.00952	0.00844	0.07249	0.14754	0.04621	0.07705	0.32010	0.03187	0.05443	0.00885	0.00259	0.00492	0.07967	0.02672	0.00704
30	0.08001	0.01656	0.01632	0.01387	0.01690	0.12636	0.01106	0.27929	0.04755	0.02730	0.05944	0.10377	0.01691	0.00991	0.00911	0.00216	0.14264	0.00723	0.00514	0.00846

[dist]
# distance from previous block
# <min> <max>
1	3

[block]
# block no. 8 follows, 34 sequences, length 19
# corresponding to MSA columns:
# 538-548,562-569
name=unknown_I
#
# <colnr> <probs for GDERKNQSTAVLIFYWHMCP>
#	G	D	E	R	K	N	Q	S	T	A	V	L	I	F	Y	W	H	M	C	P
0	0.07778	0.01530	0.08716	0.16206	0.14823	0.05277	0.01394	0.05102	0.01478	0.08855	0.01413	0.04813	0.01140	0.00695	0.00626	0.00186	0.02368	0.00571	0.03018	0.14011
1	0.01746	0.01782	0.01874	0.06640	0.18788	0.19692	0.01300	0.06927	0.01597	0.02064	0.01143	0.01400	0.00941	0.00608	0.00636	0.00159	0.04019	0.00471	0.00364	0.27850
2	0.03571	0.01211	0.03665	0.03920	0.05034	0.01097	0.07314	0.05976	0.05020	0.11000	0.03525	0.09433	0.01572	0.00945	0.00845	0.07808	0.02915	0.00688	0.00468	0.23992
3	0.01538	0.01223	0.01758	0.14533	0.26440	0.01286	0.01335	0.12207	0.01638	0.02415	0.01509	0.01833	0.01187	0.00664	0.00579	0.00179	0.00626	0.00574	0.23583	0.04893
4	0.03677	0.01282	0.04825	0.01202	0.01540	0.01321	0.00977	0.05010	0.43078	0.04445	0.16181	0.06503	0.02749	0.01117	0.02952	0.00241	0.00531	0.00840	0.00633	0.00896
5	0.01578	0.00813	0.01031	0.00922	0.01207	0.00714	0.00726	0.01803	0.01650	0.27701	0.16382	0.11336	0.24013	0.01328	0.00738	0.00219	0.00427	0.05965	0.00691	0.00757
6	0.00899	0.00675	0.00940	0.00945	0.01059	0.00742	0.00712	0.01091	0.01093	0.01511	0.02473	0.05987	0.11284	0.12316	0.54252	0.00855	0.01372	0.00852	0.00394	0.00550
7	0.00851	0.00640	0.00759	0.00794	0.00921	0.00584	0.00572	0.01020	0.01418	0.01843	0.18660	0.20664	0.27983	0.12986	0.01165	0.00293	0.00401	0.07320	0.00591	0.00536
8	0.06201	0.01428	0.01654	0.01282	0.01767	0.01467	0.01056	0.36015	0.02391	0.32855	0.05713	0.01971	0.01553	0.00806	0.00643	0.00197	0.00613	0.00630	0.00702	0.01055
9	0.00854	0.00640	0.00802	0.00890	0.01003	0.00598	0.00651	0.01070	0.03335	0.01838	0.11490	0.42446	0.19001	0.01802	0.00810	0.00250	0.00392	0.10955	0.00613	0.00562
10	0.01296	0.03342	0.73944	0.01842	0.02797	0.01501	0.02387	0.02046	0.01364	0.02046	0.01160	0.01364	0.00818	0.00614	0.00614	0.00205	0.00955	0.00477	0.00273	0.00955
11	0.01563	0.01499	0.02558	0.10724	0.66783	0.01526	0.01965	0.01952	0.01454	0.02068	0.01209	0.01611	0.01008	0.00582	0.00640	0.00194	0.00776	0.00576	0.00317	0.00995
12	0.01220	0.01148	0.01938	0.75739	0.04450	0.01436	0.01794	0.01651	0.01292	0.01651	0.01148	0.01723	0.00861	0.00646	0.00646	0.00215	0.00861	0.00574	0.00287	0.00718
13	0.00871	0.00643	0.00850	0.00897	0.00989	0.00661	0.00647	0.01025	0.01158	0.01554	0.03046	0.23742	0.12856	0.15330	0.29111	0.00610	0.00930	0.04081	0.00470	0.00529
14	0.01741	0.01993	0.01397	0.01282	0.01534	0.41434	0.00962	0.01969	0.01830	0.02035	0.33290	0.02809	0.03196	0.00960	0.00663	0.00183	0.00779	0.00754	0.00503	0.00686
15	0.00940	0.00626	0.00705	0.00705	0.00705	0.00626	0.00392	0.00940	0.00940	0.01253	0.02036	0.04228	0.02349	0.77292	0.03289	0.00626	0.00626	0.00940	0.00392	0.00392
16	0.01729	0.01361	0.01465	0.01299	0.01677	0.01545	0.01016	0.03407	0.65480	0.09389	0.02622	0.02391	0.01937	0.00869	0.00657	0.00217	0.00515	0.00723	0.00671	0.01030
17	0.01035	0.04497	0.01013	0.00918	0.01092	0.00821	0.00679	0.07709	0.04344	0.02059	0.13113	0.38640	0.18418	0.01614	0.00760	0.00231	0.00408	0.01413	0.00606	0.00629
18	0.01751	0.01786	0.16391	0.30038	0.06545	0.03863	0.03381	0.13409	0.01707	0.12786	0.01426	0.01669	0.01010	0.00678	0.00641	0.00205	0.00820	0.00567	0.00423	0.00904

[dist]
# distance from previous block
# <min> <max>
0	3

[block]
# block no. 9 follows, 34 sequences, length 18
# corresponding to MSA columns:
# 573-590
name=unknown_J
#
# <colnr> <probs for GDERKNQSTAVLIFYWHMCP>
#	G	D	E	R	K	N	Q	S	T	A	V	L	I	F	Y	W	H	M	C	P
0	0.01474	0.01243	0.06797	0.01084	0.01453	0.01102	0.00928	0.19408	0.05415	0.06697	0.25614	0.03565	0.16668	0.01098	0.00697	0.00199	0.00495	0.00916	0.00627	0.04520
1	0.01429	0.01025	0.01170	0.01041	0.01309	0.01082	0.00806	0.12530	0.19674	0.05766	0.28859	0.08647	0.03508	0.01096	0.00686	0.00205	0.00434	0.00937	0.08994	0.00802
2	0.02127	0.00976	0.01174	0.00959	0.01313	0.00932	0.00773	0.10810	0.01786	0.34964	0.02240	0.02208	0.01562	0.00777	0.00565	0.00178	0.00464	0.00621	0.34679	0.00889
3	0.01338	0.04891	0.29403	0.01304	0.02024	0.01172	0.01404	0.01800	0.01348	0.02060	0.01143	0.01338	0.00899	0.00534	0.00528	0.00139	0.00670	0.00418	0.00336	0.47251
4	0.02100	0.00920	0.01148	0.00962	0.01305	0.00854	0.00781	0.05670	0.01693	0.38111	0.02398	0.02621	0.01752	0.00853	0.00593	0.00188	0.00467	0.05643	0.31067	0.00874
5	0.00923	0.00692	0.01038	0.01038	0.01154	0.00808	0.00808	0.01154	0.01038	0.01500	0.01731	0.02538	0.01615	0.04846	0.74732	0.01038	0.01731	0.00692	0.00346	0.00577
6	0.01690	0.30681	0.30888	0.01521	0.02179	0.13785	0.01649	0.05065	0.01482	0.01849	0.01044	0.01220	0.00838	0.00622	0.00582	0.00176	0.03129	0.00426	0.00300	0.00874
7	0.01260	0.01130	0.01549	0.01382	0.01446	0.01492	0.01121	0.01535	0.05312	0.01662	0.01327	0.01943	0.01232	0.04461	0.21898	0.00487	0.43218	0.00625	0.06246	0.00673
8	0.00928	0.00621	0.00708	0.00720	0.00723	0.00619	0.00408	0.00937	0.00962	0.01283	0.02153	0.09806	0.02497	0.71513	0.03099	0.00598	0.00607	0.01009	0.00408	0.00402
9	0.01042	0.00893	0.01382	0.29486	0.02407	0.00996	0.04058	0.01328	0.01340	0.01788	0.07980	0.24410	0.09366	0.01244	0.00781	0.00230	0.03692	0.02770	0.04172	0.00634
10	0.01705	0.10740	0.09132	0.15954	0.04133	0.04843	0.06250	0.19177	0.03292	0.03734	0.01417	0.04411	0.01163	0.03482	0.00804	0.00216	0.05253	0.00610	0.02823	0.00860
11	0.01417	0.00953	0.01059	0.06667	0.01393	0.03943	0.00799	0.08708	0.06177	0.05386	0.05545	0.07163	0.02032	0.01111	0.03192	0.02241	0.00527	0.05722	0.35263	0.00702
12	0.00820	0.00579	0.00753	0.00880	0.00916	0.00549	0.00583	0.00922	0.01200	0.01598	0.03318	0.62979	0.03953	0.13763	0.01212	0.00321	0.00422	0.04159	0.00567	0.00507
13	0.01788	0.18265	0.12401	0.05120	0.06828	0.05944	0.08152	0.13576	0.03027	0.08132	0.01440	0.04629	0.01167	0.00915	0.04206	0.00231	0.02276	0.00588	0.00416	0.00898
14	0.01790	0.11999	0.05827	0.07841	0.22021	0.06973	0.17441	0.10440	0.01680	0.05982	0.01282	0.01550	0.00993	0.00615	0.00634	0.00192	0.00856	0.00576	0.00377	0.00931
15	0.01520	0.01204	0.04494	0.07577	0.03966	0.01088	0.06167	0.07625	0.01670	0.07654	0.07043	0.35804	0.05119	0.04411	0.00951	0.00294	0.00645	0.01303	0.00629	0.00834
16	0.04628	0.04177	0.20418	0.09721	0.08740	0.07434	0.05782	0.02053	0.06583	0.06351	0.01442	0.03366	0.01166	0.04019	0.04178	0.00252	0.02442	0.00584	0.00375	0.06288
17	0.04681	0.14044	0.08446	0.03593	0.09430	0.22925	0.04988	0.07265	0.03911	0.07261	0.01419	0.06617	0.01204	0.00743	0.00598	0.00186	0.00842	0.00584	0.00404	0.00857

[dist]
# distance from previous block
# <min> <max>
7	15

[block]
# block no. 10 follows, 34 sequences, length 16
# corresponding to MSA columns:
# 609-615,617-625
name=unknown_K
#
# <colnr> <probs for GDERKNQSTAVLIFYWHMCP>
#	G	D	E	R	K	N	Q	S	T	A	V	L	I	F	Y	W	H	M	C	P
0	0.01402	0.00926	0.01104	0.01019	0.01281	0.00893	0.00777	0.11039	0.05838	0.11068	0.03167	0.31488	0.10852	0.01390	0.00721	0.00220	0.00465	0.04866	0.03101	0.08383
1	0.01996	0.30952	0.02531	0.01421	0.01914	0.15053	0.06115	0.17173	0.08921	0.03875	0.01305	0.01394	0.01035	0.00656	0.00551	0.00169	0.00781	0.00485	0.00423	0.03250
2	0.00927	0.00628	0.00701	0.00701	0.00717	0.00621	0.00399	0.00939	0.00978	0.01288	0.02357	0.04370	0.07388	0.71897	0.03109	0.00597	0.00605	0.00970	0.00406	0.00402
3	0.03812	0.01134	0.01298	0.00965	0.01491	0.00920	0.00770	0.01812	0.06398	0.04778	0.01355	0.01503	0.01087	0.00539	0.00493	0.00115	0.00473	0.00430	0.05288	0.65340
4	0.01500	0.01673	0.03561	0.09881	0.07595	0.01609	0.60151	0.02024	0.01499	0.02032	0.01286	0.01732	0.00971	0.00556	0.00744	0.00216	0.01048	0.00733	0.00323	0.00865
5	0.01015	0.00747	0.00985	0.00966	0.01049	0.00832	0.00696	0.04646	0.01129	0.01570	0.02000	0.11948	0.02115	0.28112	0.34826	0.00728	0.04789	0.00900	0.00404	0.00542
6	0.00887	0.00609	0.00715	0.00759	0.00781	0.00593	0.00457	0.00927	0.01052	0.01392	0.02701	0.25476	0.06366	0.51675	0.02448	0.00500	0.00539	0.01222	0.00462	0.00438
7	0.01453	0.05869	0.15105	0.04403	0.03963	0.10480	0.06532	0.03875	0.05748	0.03842	0.18132	0.06364	0.02406	0.00897	0.00683	0.00198	0.02307	0.00757	0.06201	0.00786
8	0.00923	0.00692	0.01038	0.01038	0.01154	0.00808	0.00808	0.01154	0.01038	0.01500	0.01731	0.02538	0.01615	0.04846	0.74732	0.01038	0.01731	0.00692	0.00346	0.00577
9	0.01472	0.17841	0.54213	0.01683	0.02508	0.07746	0.02043	0.02069	0.01393	0.01905	0.01095	0.01284	0.00822	0.00606	0.00572	0.00189	0.00921	0.00447	0.00278	0.00913
10	0.01257	0.01186	0.02004	0.68776	0.11127	0.01445	0.01813	0.01683	0.01309	0.01696	0.01155	0.01711	0.00877	0.00639	0.00645	0.00213	0.00852	0.00574	0.00290	0.00747
11	0.04370	0.00726	0.00834	0.00797	0.00989	0.00688	0.00600	0.01305	0.06161	0.02334	0.41936	0.06902	0.24813	0.01356	0.00733	0.00209	0.00335	0.01164	0.03131	0.00619
12	0.03762	0.04261	0.19629	0.10321	0.33636	0.01493	0.06791	0.01935	0.01404	0.02049	0.01177	0.01510	0.00933	0.00581	0.00615	0.00189	0.00809	0.00535	0.00312	0.08059
13	0.01475	0.15126	0.26420	0.02067	0.02741	0.01779	0.30341	0.01992	0.01387	0.01921	0.01147	0.01469	0.00890	0.00623	0.00780	0.00206	0.07882	0.00581	0.00297	0.00876
14	0.00854	0.00643	0.00904	0.01153	0.06904	0.00608	0.00714	0.00989	0.01256	0.01687	0.03368	0.70660	0.04005	0.01905	0.00809	0.00257	0.00407	0.01733	0.00577	0.00566
15	0.01109	0.01891	0.33171	0.01365	0.01893	0.01050	0.04213	0.01612	0.01565	0.02231	0.29214	0.03456	0.06925	0.01034	0.00708	0.00213	0.00647	0.06448	0.00487	0.00767

[dist]
# distance from previous block
# <min> <max>
0	28

# created by:
# /home/cegg/simao/soft/augustus-3.2.1/scripts/msa2prfl.pl ./align_prep/EOG091G0JC7.fa
