[name]
unknown

[dist]
# distance from previous block
# <min> <max>
0	92

[block]
# block no. 0 follows, 57 sequences, length 66
# corresponding to MSA columns:
# 92-157
name=unknown_A
#
# <colnr> <probs for GDERKNQSTAVLIFYWHMCP>
#	G	D	E	R	K	N	Q	S	T	A	V	L	I	F	Y	W	H	M	C	P
0	0.00694	0.00460	0.00589	0.00599	0.00693	0.00422	0.00433	0.00835	0.01068	0.06647	0.33077	0.30897	0.11779	0.06103	0.00654	0.00178	0.00264	0.03740	0.00451	0.00415
1	0.06558	0.01911	0.03826	0.08709	0.08416	0.02116	0.00698	0.09153	0.09005	0.02498	0.07578	0.11966	0.07914	0.14161	0.00804	0.02803	0.00414	0.00623	0.00343	0.00504
2	0.02681	0.06889	0.07035	0.03143	0.01335	0.01110	0.01866	0.30286	0.12667	0.20596	0.01344	0.03794	0.01000	0.03559	0.00511	0.00150	0.00459	0.00452	0.00423	0.00700
3	0.00635	0.00463	0.00597	0.00564	0.00673	0.00425	0.00423	0.00843	0.01268	0.01783	0.76666	0.03440	0.08640	0.00939	0.00535	0.00143	0.00215	0.00827	0.00494	0.00425
4	0.00636	0.00441	0.00553	0.00585	0.00668	0.00400	0.00412	0.00756	0.01010	0.04709	0.21556	0.42431	0.18723	0.04180	0.00616	0.00175	0.00256	0.01053	0.00440	0.00399
5	0.13291	0.01096	0.03721	0.09848	0.08843	0.02206	0.04132	0.27117	0.04449	0.07626	0.06879	0.01388	0.01074	0.00644	0.02706	0.00168	0.00518	0.00444	0.00384	0.03467
6	0.01004	0.03447	0.01600	0.38889	0.39779	0.01069	0.01281	0.01332	0.04691	0.01342	0.00871	0.01175	0.00693	0.00435	0.00446	0.00142	0.00558	0.00404	0.00224	0.00617
7	0.00631	0.00427	0.00503	0.00530	0.00537	0.00421	0.00313	0.00652	0.00714	0.00952	0.01709	0.24187	0.02002	0.62370	0.01853	0.00372	0.00393	0.00824	0.00313	0.00299
8	0.00699	0.00496	0.00697	0.03937	0.00835	0.00543	0.00529	0.03145	0.00829	0.01164	0.06480	0.18725	0.01656	0.05875	0.36618	0.11042	0.02291	0.00659	0.03397	0.00385
9	0.02722	0.20768	0.20083	0.05914	0.02758	0.07067	0.14234	0.08421	0.04709	0.07802	0.00925	0.01042	0.00695	0.00444	0.00418	0.00132	0.00590	0.00371	0.00268	0.00636
10	0.00999	0.11792	0.67935	0.01211	0.01830	0.01139	0.01518	0.03796	0.00997	0.03586	0.00826	0.00950	0.00595	0.00432	0.00416	0.00138	0.00635	0.00330	0.00209	0.00665
11	0.00647	0.00485	0.00728	0.00728	0.00809	0.00566	0.00566	0.00809	0.00728	0.01052	0.01214	0.01780	0.01133	0.03398	0.82279	0.00728	0.01214	0.00485	0.00243	0.00405
12	0.05711	0.00907	0.01051	0.03331	0.04521	0.06937	0.04346	0.09886	0.17182	0.10561	0.14565	0.07190	0.01786	0.00762	0.01816	0.00160	0.00433	0.07852	0.00413	0.00589
13	0.10660	0.03698	0.03511	0.01280	0.13276	0.10588	0.06121	0.19659	0.13325	0.01842	0.03509	0.05043	0.00990	0.00556	0.00480	0.00142	0.03902	0.00447	0.00335	0.00636
14	0.13217	0.03709	0.01328	0.07874	0.15586	0.12846	0.00925	0.20596	0.11339	0.01829	0.00957	0.01076	0.00744	0.00503	0.00481	0.00140	0.05523	0.00375	0.00315	0.00637
15	0.01108	0.00953	0.01008	0.00908	0.01158	0.01099	0.00706	0.02346	0.77294	0.01892	0.04981	0.01758	0.01498	0.00627	0.00464	0.00153	0.00353	0.00524	0.00463	0.00706
16	0.01161	0.00861	0.01003	0.00739	0.01123	0.00723	0.00596	0.11873	0.02355	0.10351	0.00992	0.02304	0.00780	0.00409	0.00370	0.00087	0.00362	0.00327	0.00330	0.63252
17	0.03292	0.01129	0.01688	0.09199	0.30327	0.08048	0.16740	0.07851	0.06770	0.01540	0.01043	0.06935	0.00893	0.00514	0.00487	0.00144	0.02008	0.00486	0.00274	0.00631
18	0.01033	0.00987	0.01680	0.29426	0.55294	0.01053	0.01347	0.01313	0.00990	0.01373	0.00837	0.01150	0.00680	0.00420	0.00450	0.00140	0.00560	0.00403	0.00217	0.00647
19	0.00563	0.00405	0.00537	0.00638	0.00674	0.00379	0.00438	0.00652	0.00886	0.01173	0.02574	0.75440	0.06065	0.01398	0.00580	0.00184	0.00272	0.06351	0.00420	0.00372
20	0.01118	0.01087	0.01898	0.02720	0.75727	0.01081	0.06865	0.01395	0.01034	0.01478	0.00857	0.01129	0.00716	0.00402	0.00455	0.00136	0.00554	0.00413	0.00225	0.00710
21	0.00594	0.00446	0.00511	0.00536	0.00646	0.00390	0.00386	0.00711	0.01011	0.03277	0.12162	0.30171	0.43885	0.01189	0.00544	0.00161	0.00242	0.01030	0.01714	0.00393
22	0.00570	0.00447	0.00516	0.00528	0.00641	0.00393	0.00385	0.00707	0.01073	0.01386	0.26864	0.20555	0.42043	0.01138	0.00544	0.00156	0.00232	0.00985	0.00444	0.00393
23	0.01211	0.84348	0.02374	0.00775	0.01163	0.01793	0.00775	0.01357	0.00921	0.01066	0.00630	0.00727	0.00582	0.00388	0.00291	0.00097	0.00485	0.00242	0.00194	0.00582
24	0.01785	0.00771	0.00988	0.00774	0.01086	0.00709	0.00634	0.10866	0.01347	0.59101	0.04560	0.01617	0.02437	0.00577	0.00443	0.00136	0.00369	0.00467	0.10619	0.00712
25	0.00648	0.00483	0.00716	0.00716	0.00793	0.00560	0.00551	0.00801	0.00725	0.01043	0.01225	0.01842	0.01159	0.07576	0.78138	0.00713	0.01174	0.00494	0.00244	0.00398
26	0.00554	0.00396	0.00528	0.00629	0.00658	0.00370	0.00421	0.00636	0.00878	0.01173	0.04429	0.81801	0.03028	0.01407	0.00577	0.00183	0.00262	0.01277	0.00423	0.00370
27	0.07191	0.00516	0.00606	0.00638	0.00718	0.00519	0.00443	0.04674	0.04436	0.02460	0.07305	0.50826	0.03722	0.12841	0.00782	0.00209	0.00308	0.00996	0.00400	0.00409
28	0.00648	0.00484	0.00720	0.00720	0.00798	0.00562	0.00556	0.00804	0.00726	0.01046	0.01221	0.01823	0.01151	0.06296	0.79407	0.00718	0.01186	0.00492	0.00244	0.00400
29	0.00593	0.00465	0.00539	0.00531	0.00662	0.00411	0.00406	0.00756	0.01137	0.01480	0.36217	0.04007	0.43639	0.01063	0.00541	0.00153	0.00236	0.06306	0.00453	0.00404
30	0.00603	0.00425	0.00551	0.00622	0.00660	0.00406	0.00429	0.00693	0.00884	0.01183	0.09253	0.51046	0.02794	0.17945	0.00927	0.00234	0.00312	0.10275	0.00398	0.00360
31	0.00557	0.00400	0.00525	0.00619	0.00652	0.00372	0.00414	0.00639	0.00882	0.01173	0.04910	0.76303	0.06097	0.03355	0.00616	0.00188	0.00264	0.01246	0.00420	0.00368
32	0.01169	0.00994	0.01048	0.00931	0.01194	0.01147	0.00727	0.07821	0.74949	0.01963	0.01791	0.01648	0.01340	0.00610	0.00461	0.00152	0.00368	0.00505	0.00461	0.00721
33	0.84520	0.00873	0.00678	0.00603	0.00885	0.01005	0.00496	0.01360	0.00788	0.04604	0.00668	0.00762	0.00511	0.00425	0.00286	0.00140	0.00352	0.00252	0.00289	0.00500
34	0.02520	0.00561	0.00684	0.00598	0.00799	0.00492	0.00468	0.01190	0.01182	0.25507	0.26327	0.03164	0.32938	0.00893	0.00507	0.00146	0.00274	0.00753	0.00483	0.00514
35	0.00710	0.00491	0.00585	0.00579	0.00695	0.00457	0.00419	0.00886	0.04859	0.06931	0.17581	0.21153	0.28207	0.10214	0.03967	0.00211	0.00313	0.00897	0.00424	0.00420
36	0.01070	0.01222	0.02674	0.01910	0.02368	0.01146	0.79603	0.01451	0.01070	0.01451	0.00917	0.01222	0.00688	0.00382	0.00535	0.00153	0.00764	0.00535	0.00229	0.00611
37	0.00659	0.00439	0.00494	0.00494	0.00494	0.00439	0.00275	0.00659	0.00659	0.00879	0.01428	0.02965	0.01647	0.84075	0.02306	0.00439	0.00439	0.00659	0.00275	0.00275
38	0.15616	0.00534	0.00588	0.00580	0.00711	0.00529	0.00430	0.00905	0.02926	0.02670	0.32413	0.20940	0.15975	0.02548	0.00531	0.00159	0.00261	0.00832	0.00426	0.00426
39	0.00647	0.00485	0.00728	0.00728	0.00809	0.00566	0.00566	0.00809	0.00728	0.01052	0.01214	0.01780	0.01133	0.03398	0.82279	0.00728	0.01214	0.00485	0.00243	0.00405
40	0.00845	0.00422	0.00422	0.00422	0.00528	0.00422	0.00317	0.01056	0.00950	0.01689	0.01478	0.01689	0.01161	0.00528	0.00317	0.00106	0.00211	0.00422	0.86591	0.00422
41	0.10312	0.00489	0.00526	0.00534	0.00652	0.00491	0.00397	0.01040	0.00932	0.06719	0.01709	0.24312	0.01627	0.00782	0.00401	0.00136	0.00257	0.02536	0.45710	0.00437
42	0.06457	0.00429	0.00534	0.00623	0.00670	0.00413	0.00423	0.00679	0.00862	0.01213	0.02408	0.74503	0.05142	0.01346	0.00575	0.01479	0.00270	0.01194	0.00408	0.00374
43	0.00677	0.00468	0.00614	0.00581	0.00690	0.00431	0.00434	0.00880	0.01254	0.04170	0.73130	0.08957	0.04091	0.00950	0.00535	0.00145	0.00222	0.00841	0.00495	0.00434
44	0.87276	0.00876	0.00666	0.00596	0.00876	0.01017	0.00491	0.01332	0.00771	0.02033	0.00631	0.00736	0.00491	0.00421	0.00280	0.00140	0.00351	0.00245	0.00280	0.00491
45	0.01127	0.00973	0.01025	0.00922	0.01178	0.01127	0.00717	0.02408	0.80430	0.01896	0.01844	0.01691	0.01383	0.00615	0.00461	0.00154	0.00359	0.00512	0.00461	0.00717
46	0.00659	0.00440	0.00500	0.00500	0.00502	0.00442	0.00282	0.00663	0.00661	0.00883	0.01423	0.02936	0.01635	0.82113	0.04252	0.00446	0.00458	0.00655	0.00274	0.00278
47	0.00940	0.00805	0.00940	0.00671	0.01074	0.00604	0.00537	0.01141	0.00940	0.01477	0.00805	0.00940	0.00671	0.00336	0.00336	0.00067	0.00336	0.00268	0.00268	0.86845
48	0.00659	0.00439	0.00494	0.00494	0.00494	0.00439	0.00275	0.00659	0.00659	0.00879	0.01428	0.02965	0.01647	0.84075	0.02306	0.00439	0.00439	0.00659	0.00275	0.00275
49	0.01693	0.02160	0.01284	0.01167	0.01401	0.82256	0.00876	0.01809	0.01284	0.01109	0.00700	0.00817	0.00584	0.00467	0.00409	0.00117	0.00817	0.00292	0.00233	0.00525
50	0.01733	0.01253	0.01350	0.01035	0.01397	0.01381	0.00855	0.77171	0.02103	0.05462	0.01111	0.01103	0.00782	0.00545	0.00453	0.00136	0.00495	0.00410	0.00457	0.00771
51	0.00659	0.00439	0.00494	0.00494	0.00494	0.00439	0.00275	0.00659	0.00659	0.00879	0.01428	0.02965	0.01647	0.84075	0.02306	0.00439	0.00439	0.00659	0.00275	0.00275
52	0.00552	0.00394	0.00526	0.00631	0.00657	0.00368	0.00421	0.00631	0.00868	0.01157	0.02498	0.83779	0.02997	0.01420	0.00578	0.00184	0.00263	0.01288	0.00421	0.00368
53	0.01754	0.01219	0.01329	0.01019	0.01380	0.01331	0.00842	0.71978	0.02047	0.10733	0.01158	0.01133	0.00806	0.00546	0.00454	0.00136	0.00487	0.00413	0.00464	0.00771
54	0.87276	0.00876	0.00666	0.00596	0.00876	0.01017	0.00491	0.01332	0.00771	0.02033	0.00631	0.00736	0.00491	0.00421	0.00280	0.00140	0.00351	0.00245	0.00280	0.00491
55	0.00659	0.00439	0.00494	0.00494	0.00494	0.00439	0.00275	0.00659	0.00659	0.00879	0.01428	0.02965	0.01647	0.84075	0.02306	0.00439	0.00439	0.00659	0.00275	0.00275
56	0.00623	0.00516	0.00528	0.00504	0.00670	0.00456	0.00384	0.06194	0.01120	0.01362	0.07373	0.04093	0.72402	0.01097	0.00530	0.00151	0.00248	0.00913	0.00426	0.00411
57	0.01719	0.01197	0.01303	0.01005	0.01358	0.01307	0.00828	0.68477	0.04384	0.10428	0.01186	0.01161	0.00830	0.00547	0.00451	0.00136	0.00478	0.00416	0.02024	0.00763
58	0.01135	0.00695	0.00742	0.00652	0.00848	0.00738	0.00511	0.13525	0.17531	0.08428	0.01519	0.01585	0.01144	0.00551	0.00379	0.00123	0.00300	0.00441	0.48588	0.00565
59	0.00635	0.00458	0.00600	0.00574	0.00676	0.00423	0.00427	0.00839	0.01254	0.01771	0.75514	0.09012	0.04186	0.00961	0.00538	0.00145	0.00217	0.00852	0.00493	0.00423
60	0.35889	0.00994	0.01006	0.00809	0.01133	0.01078	0.00666	0.29209	0.03328	0.20132	0.01081	0.01064	0.00753	0.00500	0.00385	0.00139	0.00411	0.00356	0.00409	0.00658
61	0.01459	0.00947	0.01027	0.00823	0.01101	0.01017	0.00668	0.44572	0.04939	0.10311	0.01309	0.01343	0.00951	0.00544	0.00412	0.00128	0.00393	0.00421	0.26974	0.00661
62	0.00672	0.00438	0.00489	0.00489	0.00497	0.00438	0.00278	0.00687	0.00679	0.00935	0.01431	0.02876	0.01613	0.78227	0.02167	0.00416	0.00423	0.00642	0.06316	0.00285
63	0.00625	0.00479	0.00575	0.00548	0.00674	0.00437	0.00412	0.00844	0.03826	0.01638	0.54914	0.03629	0.27768	0.00984	0.00532	0.00146	0.00223	0.00851	0.00474	0.00423
64	0.00552	0.00394	0.00526	0.00631	0.00657	0.00368	0.00421	0.00631	0.00868	0.01157	0.02498	0.83779	0.02997	0.01420	0.00578	0.00184	0.00263	0.01288	0.00421	0.00368
65	0.40407	0.00818	0.00878	0.00712	0.01030	0.00824	0.00587	0.01814	0.01060	0.45760	0.01267	0.01179	0.00838	0.00498	0.00377	0.00140	0.00370	0.00361	0.00435	0.00645

[dist]
# distance from previous block
# <min> <max>
0	8

[block]
# block no. 1 follows, 57 sequences, length 43
# corresponding to MSA columns:
# 166-197,205-215
name=unknown_B
#
# <colnr> <probs for GDERKNQSTAVLIFYWHMCP>
#	G	D	E	R	K	N	Q	S	T	A	V	L	I	F	Y	W	H	M	C	P
0	0.00683	0.00472	0.00619	0.00577	0.00691	0.00435	0.00435	0.00895	0.01283	0.04180	0.78662	0.03330	0.04182	0.00916	0.00532	0.00142	0.00219	0.00809	0.00501	0.00438
1	0.00873	0.00480	0.00451	0.00447	0.00557	0.03158	0.00335	0.01081	0.00961	0.01670	0.01452	0.01660	0.01142	0.00526	0.00320	0.00106	0.00231	0.00418	0.83704	0.00426
2	0.00552	0.00394	0.00526	0.00631	0.00657	0.00368	0.00421	0.00631	0.00868	0.01157	0.02498	0.83779	0.02997	0.01420	0.00578	0.00184	0.00263	0.01288	0.00421	0.00368
3	0.00856	0.00805	0.01359	0.82986	0.03121	0.01007	0.01258	0.01158	0.00906	0.01158	0.00805	0.01208	0.00604	0.00453	0.00453	0.00151	0.00604	0.00403	0.00201	0.00503
4	0.00559	0.00419	0.00520	0.00582	0.00649	0.00379	0.00403	0.00664	0.00959	0.01255	0.12790	0.54560	0.22028	0.01292	0.00563	0.00171	0.00249	0.01150	0.00430	0.00379
5	0.01070	0.01222	0.02674	0.01910	0.02368	0.01146	0.79603	0.01451	0.01070	0.01451	0.00917	0.01222	0.00688	0.00382	0.00535	0.00153	0.00764	0.00535	0.00229	0.00611
6	0.00813	0.00570	0.00684	0.00617	0.00775	0.00544	0.00474	0.07711	0.04501	0.06405	0.51387	0.03205	0.18749	0.00903	0.00520	0.00144	0.00257	0.00778	0.00482	0.00480
7	0.01693	0.02160	0.01284	0.01167	0.01401	0.82256	0.00876	0.01809	0.01284	0.01109	0.00700	0.00817	0.00584	0.00467	0.00409	0.00117	0.00817	0.00292	0.00233	0.00525
8	0.01060	0.00804	0.00948	0.00690	0.01076	0.00629	0.00554	0.03800	0.01022	0.09499	0.02310	0.01120	0.02562	0.00393	0.00359	0.00080	0.00342	0.00316	0.00311	0.72125
9	0.01093	0.02700	0.13704	0.02979	0.01983	0.01013	0.48090	0.01455	0.02174	0.09590	0.04039	0.06920	0.01011	0.00503	0.00508	0.00151	0.00644	0.00552	0.00283	0.00612
10	0.01693	0.02160	0.01284	0.01167	0.01401	0.82256	0.00876	0.01809	0.01284	0.01109	0.00700	0.00817	0.00584	0.00467	0.00409	0.00117	0.00817	0.00292	0.00233	0.00525
11	0.01107	0.01038	0.01725	0.13667	0.64666	0.01074	0.01328	0.05492	0.01067	0.01500	0.00866	0.01145	0.00713	0.00478	0.02102	0.00149	0.00559	0.00405	0.00234	0.00685
12	0.20695	0.02527	0.02167	0.03636	0.02621	0.11912	0.00722	0.22214	0.01284	0.09512	0.01164	0.13162	0.01025	0.00625	0.00440	0.00141	0.02077	0.00481	0.00359	0.03237
13	0.01027	0.17748	0.21004	0.01392	0.01844	0.01203	0.35693	0.02543	0.01022	0.01381	0.03417	0.01275	0.04780	0.00465	0.00492	0.00141	0.03286	0.00454	0.00233	0.00601
14	0.00731	0.00492	0.00547	0.00544	0.00551	0.00482	0.00308	0.00713	0.00706	0.00948	0.01490	0.03039	0.01702	0.83229	0.02316	0.00449	0.00463	0.00679	0.00298	0.00313
15	0.02797	0.01020	0.03782	0.01271	0.09505	0.05291	0.16478	0.14399	0.04020	0.04506	0.02219	0.11743	0.01178	0.05317	0.05085	0.01665	0.05802	0.01941	0.01407	0.00571
16	0.53727	0.03943	0.01027	0.00991	0.11386	0.04157	0.00702	0.13619	0.02237	0.02003	0.00751	0.00862	0.00586	0.00448	0.00359	0.00138	0.01897	0.00300	0.00297	0.00572
17	0.00558	0.00464	0.00489	0.00492	0.00633	0.00400	0.00365	0.00702	0.02550	0.01289	0.11748	0.10406	0.66061	0.01137	0.00537	0.00154	0.00233	0.00961	0.00429	0.00392
18	0.01710	0.01261	0.01335	0.01033	0.01388	0.03164	0.00850	0.72528	0.05009	0.05412	0.01131	0.01120	0.00801	0.00545	0.00453	0.00136	0.00497	0.00411	0.00452	0.00763
19	0.01073	0.00849	0.01016	0.00744	0.01134	0.00695	0.02382	0.06009	0.05070	0.07009	0.00944	0.01034	0.00744	0.00379	0.00362	0.00083	0.00360	0.00308	0.00308	0.69498
20	0.00913	0.02312	0.79472	0.01309	0.01973	0.01055	0.03897	0.01435	0.00960	0.01435	0.00816	0.00964	0.00577	0.00429	0.00433	0.00144	0.00672	0.00341	0.00192	0.00668
21	0.00856	0.00805	0.01359	0.82986	0.03121	0.01007	0.01258	0.01158	0.00906	0.01158	0.00805	0.01208	0.00604	0.00453	0.00453	0.00151	0.00604	0.00403	0.00201	0.00503
22	0.40916	0.00819	0.00876	0.00710	0.01029	0.00826	0.00586	0.01809	0.01057	0.45285	0.01260	0.01175	0.00834	0.00497	0.00376	0.00140	0.00370	0.00360	0.00433	0.00643
23	0.00659	0.00440	0.00500	0.00500	0.00502	0.00443	0.00282	0.00663	0.00661	0.00883	0.01422	0.02935	0.01634	0.82019	0.04345	0.00447	0.00459	0.00655	0.00274	0.00278
24	0.10721	0.00792	0.01019	0.00790	0.01133	0.00717	0.00652	0.03747	0.01261	0.71797	0.01655	0.01451	0.01050	0.00546	0.00438	0.00140	0.00384	0.00433	0.00530	0.00743
25	0.01211	0.84348	0.02374	0.00775	0.01163	0.01793	0.00775	0.01357	0.00921	0.01066	0.00630	0.00727	0.00582	0.00388	0.00291	0.00097	0.00485	0.00242	0.00194	0.00582
26	0.00659	0.00440	0.00500	0.00500	0.00502	0.00442	0.00282	0.00663	0.00661	0.00883	0.01423	0.02937	0.01635	0.82123	0.04241	0.00446	0.00458	0.00655	0.00274	0.00278
27	0.00552	0.00438	0.00496	0.00527	0.00634	0.00382	0.00378	0.00665	0.01004	0.01263	0.11711	0.30316	0.47607	0.01214	0.00549	0.00162	0.00239	0.01051	0.00429	0.00382
28	0.00644	0.00440	0.00491	0.00494	0.00510	0.00432	0.00285	0.00657	0.00701	0.00919	0.01767	0.04951	0.09589	0.73926	0.02090	0.00405	0.00414	0.00703	0.00292	0.00287
29	0.02001	0.00778	0.01051	0.00810	0.01157	0.00682	0.00668	0.02215	0.04073	0.78768	0.01790	0.01548	0.01131	0.00563	0.00456	0.00141	0.00385	0.00458	0.00557	0.00769
30	0.01191	0.01197	0.01369	0.01166	0.01249	0.12978	0.00957	0.11892	0.00974	0.01333	0.00677	0.00980	0.00617	0.00712	0.01192	0.00178	0.60178	0.00383	0.00238	0.00537
31	0.00743	0.00573	0.00654	0.00622	0.00776	0.00565	0.00474	0.01140	0.17666	0.03402	0.31399	0.06870	0.27745	0.00948	0.00519	0.00151	0.00261	0.03097	0.01919	0.00478
32	0.00576	0.00459	0.00516	0.00506	0.00638	0.00399	0.00378	0.00726	0.01121	0.01444	0.33101	0.06433	0.49956	0.01073	0.00536	0.00150	0.00225	0.00915	0.00450	0.00399
33	0.00552	0.00394	0.00526	0.00631	0.00657	0.00368	0.00421	0.00631	0.00868	0.01157	0.02498	0.83779	0.02997	0.01420	0.00578	0.00184	0.00263	0.01288	0.00421	0.00368
34	0.01004	0.01000	0.01433	0.01348	0.09164	0.01357	0.01031	0.01120	0.00728	0.01129	0.00620	0.01004	0.00607	0.00754	0.01384	0.00192	0.75008	0.00397	0.00201	0.00518
35	0.00608	0.00459	0.00569	0.00643	0.00705	0.00445	0.00442	0.00810	0.08809	0.01237	0.02644	0.67583	0.10719	0.01312	0.00562	0.00178	0.00269	0.01177	0.00425	0.00404
36	0.00709	0.00547	0.00740	0.00801	0.08717	0.00524	0.00529	0.00968	0.04913	0.01736	0.64204	0.03096	0.06051	0.03783	0.00585	0.00153	0.00261	0.00762	0.00459	0.00463
37	0.00662	0.00650	0.08678	0.00636	0.00801	0.00487	0.00547	0.00902	0.01237	0.01747	0.68852	0.03196	0.08096	0.00889	0.00524	0.00143	0.00260	0.00779	0.00464	0.00449
38	0.00677	0.00675	0.08695	0.00725	0.00897	0.00519	0.00657	0.00884	0.01049	0.01369	0.12994	0.04184	0.25455	0.03892	0.00625	0.00185	0.00362	0.35326	0.00401	0.00429
39	0.01636	0.02052	0.01339	0.01328	0.09354	0.74170	0.00927	0.01768	0.01259	0.01146	0.00716	0.00847	0.00597	0.00461	0.00413	0.00119	0.00789	0.00303	0.00233	0.00544
40	0.00647	0.00441	0.00491	0.00491	0.00506	0.00434	0.00282	0.00658	0.00696	0.00913	0.01743	0.03104	0.09558	0.75815	0.02130	0.00411	0.00418	0.00689	0.00289	0.00285
41	0.00585	0.00646	0.08572	0.00558	0.00755	0.00454	0.00488	0.00752	0.01051	0.01312	0.12919	0.05321	0.62875	0.01056	0.00526	0.00151	0.00272	0.00885	0.00407	0.00416
42	0.78636	0.00835	0.00645	0.00582	0.00850	0.00953	0.00476	0.01264	0.00797	0.01952	0.01025	0.01097	0.08516	0.00493	0.00306	0.00141	0.00338	0.00316	0.00294	0.00480

[dist]
# distance from previous block
# <min> <max>
0	10

# created by:
# /home/cegg/simao/soft/augustus-3.2.1/scripts/msa2prfl.pl ./align_prep/EOG091G197A.fa
