[name]
unknown

[dist]
# distance from previous block
# <min> <max>
0	223

[block]
# block no. 0 follows, 48 sequences, length 29
# corresponding to MSA columns:
# 240-268
name=unknown_A
#
# <colnr> <probs for GDERKNQSTAVLIFYWHMCP>
#	G	D	E	R	K	N	Q	S	T	A	V	L	I	F	Y	W	H	M	C	P
0	0.09088	0.01093	0.01213	0.01029	0.01337	0.04859	0.02544	0.26889	0.02989	0.07658	0.01568	0.02397	0.01398	0.00876	0.02871	0.00188	0.02188	0.19507	0.00441	0.09867
1	0.14675	0.02791	0.06873	0.01170	0.07178	0.01250	0.00931	0.32741	0.07087	0.05426	0.05710	0.03505	0.01259	0.02162	0.00531	0.00167	0.00504	0.03514	0.01790	0.00736
2	0.22855	0.01014	0.01100	0.01048	0.04922	0.04106	0.02360	0.08290	0.15515	0.09707	0.01657	0.03756	0.01455	0.00774	0.00508	0.00176	0.00472	0.17194	0.00435	0.02656
3	0.02878	0.01129	0.01640	0.28709	0.24953	0.02732	0.02906	0.15142	0.06641	0.01890	0.05489	0.01474	0.01053	0.00556	0.00515	0.00161	0.00599	0.00490	0.00330	0.00711
4	0.07918	0.01143	0.01162	0.01076	0.08879	0.11670	0.00757	0.08253	0.01274	0.01813	0.07246	0.01605	0.07672	0.00567	0.00448	0.00120	0.00475	0.00449	0.00348	0.37127
5	0.04412	0.40452	0.15337	0.01044	0.01470	0.07802	0.02812	0.05199	0.02820	0.02695	0.01091	0.07934	0.01011	0.00608	0.00431	0.00141	0.00589	0.03207	0.00285	0.00657
6	0.06185	0.71495	0.02489	0.00901	0.01309	0.04594	0.00874	0.01539	0.01036	0.01272	0.00714	0.00840	0.00653	0.00464	0.00391	0.00118	0.03969	0.00284	0.00227	0.00646
7	0.00984	0.00892	0.01198	0.01056	0.01056	0.01175	0.00823	0.01054	0.00771	0.01146	0.01022	0.01948	0.01114	0.30832	0.02026	0.00325	0.51293	0.00559	0.00256	0.00469
8	0.00969	0.00912	0.01539	0.80734	0.03534	0.01140	0.01425	0.01311	0.01026	0.01311	0.00912	0.01368	0.00684	0.00513	0.00513	0.00171	0.00684	0.00456	0.00228	0.00570
9	0.01004	0.00947	0.01602	0.71777	0.12220	0.01149	0.01442	0.01341	0.01042	0.01353	0.00918	0.01357	0.00699	0.00507	0.00512	0.00169	0.00675	0.00456	0.00231	0.00598
10	0.01271	0.01204	0.01960	0.02869	0.68444	0.01227	0.01473	0.01728	0.11390	0.01739	0.01115	0.01356	0.00913	0.00489	0.00510	0.00155	0.00582	0.00474	0.00290	0.00813
11	0.00891	0.00446	0.00668	0.00668	0.00668	0.00446	0.00446	0.00668	0.00668	0.00891	0.00891	0.01560	0.00891	0.01783	0.02005	0.85071	0.00446	0.00446	0.00223	0.00223
12	0.01412	0.76418	0.02598	0.00911	0.01337	0.07745	0.00886	0.01574	0.01073	0.01211	0.00719	0.00831	0.00659	0.00446	0.00339	0.00111	0.00576	0.00278	0.00223	0.00654
13	0.01116	0.01069	0.01698	0.33271	0.38269	0.04008	0.01381	0.01418	0.01139	0.01535	0.06812	0.03832	0.01134	0.00560	0.00520	0.00161	0.00614	0.00517	0.00274	0.00673
14	0.01389	0.43905	0.22244	0.01192	0.05689	0.03590	0.01185	0.09133	0.01225	0.04883	0.00890	0.00997	0.00712	0.00481	0.00409	0.00133	0.00612	0.00342	0.00269	0.00721
15	0.01021	0.02407	0.68479	0.01497	0.05783	0.01162	0.01773	0.01557	0.01072	0.01596	0.01023	0.05689	0.00815	0.00564	0.00539	0.00167	0.03441	0.00447	0.00234	0.00735
16	0.00735	0.00540	0.00775	0.00775	0.00849	0.00614	0.00579	0.00884	0.00810	0.01154	0.01420	0.02267	0.01392	0.18477	0.65454	0.00763	0.01210	0.00587	0.00282	0.00431
17	0.01024	0.02520	0.72902	0.01465	0.02192	0.01171	0.05524	0.01596	0.01092	0.01618	0.01071	0.01228	0.03292	0.00512	0.00497	0.00163	0.00747	0.00414	0.00228	0.00744
18	0.05978	0.01276	0.08735	0.26290	0.38403	0.02830	0.06157	0.01510	0.01109	0.01586	0.00932	0.01258	0.00739	0.00478	0.00502	0.00160	0.00656	0.00446	0.00247	0.00708
19	0.00713	0.00562	0.00789	0.01018	0.11054	0.00530	0.00620	0.00840	0.01036	0.01374	0.02879	0.59249	0.12563	0.01411	0.00631	0.00197	0.00339	0.03275	0.00447	0.00473
20	0.02302	0.00873	0.01191	0.00913	0.01310	0.00754	0.00754	0.02501	0.01469	0.79122	0.02024	0.01746	0.01270	0.00635	0.00516	0.00159	0.00437	0.00516	0.00635	0.00873
21	0.01261	0.01331	0.15264	0.04802	0.23469	0.01058	0.16462	0.01593	0.01164	0.12729	0.01405	0.09649	0.02717	0.02092	0.00609	0.00174	0.02574	0.00602	0.00330	0.00716
22	0.01164	0.07078	0.43642	0.03635	0.20651	0.01277	0.08838	0.04804	0.01169	0.01674	0.00943	0.01153	0.00712	0.00478	0.00495	0.00158	0.00710	0.00418	0.00243	0.00760
23	0.00969	0.00912	0.01539	0.80734	0.03534	0.01140	0.01425	0.01311	0.01026	0.01311	0.00912	0.01368	0.00684	0.00513	0.00513	0.00171	0.00684	0.00456	0.00228	0.00570
24	0.00741	0.00525	0.00702	0.02184	0.04685	0.00488	0.00547	0.00857	0.01044	0.05077	0.03027	0.60701	0.14615	0.01438	0.00631	0.00197	0.00321	0.01289	0.00469	0.00463
25	0.01174	0.06976	0.07817	0.13187	0.14753	0.04878	0.17664	0.01637	0.11182	0.03186	0.01347	0.11435	0.01189	0.00644	0.00534	0.00166	0.00629	0.00608	0.00318	0.00677
26	0.05285	0.06552	0.44645	0.01481	0.10144	0.03122	0.03186	0.05342	0.01198	0.07729	0.03907	0.03143	0.00945	0.00546	0.00486	0.00158	0.00655	0.00441	0.00294	0.00740
27	0.01056	0.10285	0.58158	0.01439	0.03915	0.01235	0.07210	0.01557	0.01081	0.01558	0.01055	0.01240	0.02933	0.00663	0.04300	0.00190	0.00757	0.00416	0.00231	0.00721
28	0.01047	0.08716	0.05551	0.25018	0.06976	0.01002	0.00997	0.05604	0.03983	0.05324	0.03734	0.20052	0.08235	0.00851	0.00537	0.00170	0.00505	0.00738	0.00362	0.00597

[dist]
# distance from previous block
# <min> <max>
1	10

[block]
# block no. 1 follows, 48 sequences, length 71
# corresponding to MSA columns:
# 279-310,312-321,331-359
name=unknown_B
#
# <colnr> <probs for GDERKNQSTAVLIFYWHMCP>
#	G	D	E	R	K	N	Q	S	T	A	V	L	I	F	Y	W	H	M	C	P
0	0.23735	0.11044	0.05976	0.03319	0.22160	0.01253	0.04887	0.08468	0.01185	0.03150	0.01211	0.01357	0.06288	0.00537	0.00443	0.00150	0.00529	0.00431	0.00312	0.03566
1	0.01212	0.10473	0.03869	0.10553	0.41604	0.02806	0.07710	0.01501	0.01125	0.01547	0.01048	0.01320	0.03147	0.00497	0.00530	0.00149	0.03432	0.00452	0.00256	0.06767
2	0.01329	0.08362	0.04479	0.03127	0.27945	0.04316	0.01071	0.07590	0.02460	0.06279	0.01045	0.01268	0.00853	0.03536	0.00534	0.00141	0.00538	0.00407	0.00313	0.24408
3	0.10959	0.11250	0.10778	0.01067	0.01430	0.01080	0.10002	0.07213	0.01229	0.10861	0.08657	0.13053	0.01576	0.00733	0.00530	0.00160	0.02462	0.01715	0.00384	0.04862
4	0.01080	0.01084	0.07585	0.01149	0.05013	0.00828	0.13259	0.01382	0.02367	0.04257	0.03241	0.04631	0.06083	0.00561	0.00477	0.00124	0.00490	0.02309	0.00330	0.43751
5	0.01131	0.00967	0.03471	0.00795	0.01254	0.00715	0.00659	0.01393	0.02645	0.05651	0.00993	0.01117	0.00799	0.00403	0.00393	0.00085	0.00395	0.00323	0.00323	0.76487
6	0.00826	0.00608	0.00817	0.00726	0.00892	0.00564	0.03984	0.03880	0.01439	0.04353	0.59609	0.03711	0.14553	0.01026	0.00599	0.00163	0.00291	0.00904	0.00539	0.00513
7	0.01235	0.01281	0.05640	0.05478	0.56758	0.01212	0.11515	0.01619	0.04551	0.01678	0.01019	0.01302	0.00828	0.00465	0.00517	0.00155	0.00637	0.00474	0.00265	0.03370
8	0.00977	0.00920	0.01553	0.78744	0.05464	0.01142	0.01429	0.01318	0.01030	0.01320	0.00913	0.01365	0.00687	0.00512	0.00513	0.00171	0.00682	0.00456	0.00229	0.00576
9	0.01072	0.12591	0.69746	0.01390	0.02108	0.01296	0.01769	0.01614	0.01078	0.01573	0.00895	0.01051	0.00651	0.00481	0.00468	0.00156	0.00732	0.00366	0.00217	0.00746
10	0.00752	0.00605	0.00726	0.00863	0.04072	0.04749	0.00576	0.00862	0.01021	0.01325	0.02544	0.60247	0.02984	0.07096	0.00781	0.00225	0.00377	0.09308	0.00444	0.00442
11	0.00625	0.00447	0.00595	0.00714	0.00744	0.00417	0.00476	0.00714	0.00982	0.01310	0.02828	0.81633	0.03394	0.01608	0.00655	0.00208	0.00298	0.01459	0.00476	0.00417
12	0.01152	0.01105	0.01898	0.33003	0.47765	0.01191	0.03524	0.01475	0.01115	0.01535	0.00947	0.01311	0.00762	0.00478	0.00513	0.00160	0.00645	0.00461	0.00244	0.00716
13	0.01177	0.01206	0.04953	0.08674	0.06253	0.01259	0.26105	0.01485	0.02338	0.04750	0.03327	0.01354	0.00891	0.00615	0.00898	0.00178	0.25701	0.00506	0.00277	0.08051
14	0.00969	0.00912	0.01539	0.80734	0.03534	0.01140	0.01425	0.01311	0.01026	0.01311	0.00912	0.01368	0.00684	0.00513	0.00513	0.00171	0.00684	0.00456	0.00228	0.00570
15	0.01318	0.68886	0.12264	0.00971	0.01432	0.01906	0.01016	0.01535	0.01037	0.01261	0.00738	0.00868	0.00658	0.00464	0.00406	0.00121	0.03939	0.00295	0.00219	0.00667
16	0.00733	0.00550	0.00825	0.00825	0.00916	0.00641	0.00641	0.00916	0.00825	0.01191	0.01374	0.02016	0.01283	0.03848	0.79934	0.00825	0.01374	0.00550	0.00275	0.00458
17	0.01224	0.01300	0.08089	0.09954	0.62677	0.01212	0.01555	0.01603	0.04353	0.01659	0.01004	0.01291	0.00820	0.00475	0.00507	0.00156	0.00620	0.00456	0.00260	0.00786
18	0.00719	0.00524	0.00675	0.00638	0.00762	0.00481	0.00478	0.00954	0.01435	0.02015	0.73861	0.03903	0.09502	0.01065	0.00605	0.00162	0.00243	0.00938	0.00559	0.00481
19	0.01372	0.82276	0.02689	0.00878	0.01317	0.02030	0.00878	0.01536	0.01043	0.01207	0.00713	0.00823	0.00658	0.00439	0.00329	0.00110	0.00549	0.00274	0.00219	0.00658
20	0.00625	0.00447	0.00595	0.00714	0.00744	0.00417	0.00476	0.00714	0.00982	0.01310	0.02828	0.81633	0.03394	0.01608	0.00655	0.00208	0.00298	0.01459	0.00476	0.00417
21	0.01170	0.33697	0.46561	0.01260	0.01885	0.01523	0.04281	0.01591	0.01072	0.01463	0.00844	0.00993	0.00658	0.00467	0.00430	0.00142	0.00680	0.00347	0.00219	0.00717
22	0.07291	0.01395	0.01474	0.01143	0.01542	0.01550	0.00942	0.69183	0.05383	0.03130	0.01234	0.01234	0.00880	0.00610	0.00501	0.00155	0.00547	0.00455	0.00501	0.00850
23	0.01272	0.01252	0.02050	0.08841	0.67336	0.04418	0.04179	0.01577	0.01171	0.01631	0.00957	0.01267	0.00796	0.00463	0.00510	0.00154	0.00637	0.00457	0.00253	0.00782
24	0.00629	0.00450	0.00599	0.00712	0.00745	0.00419	0.00477	0.00724	0.01000	0.01338	0.05720	0.78659	0.03449	0.01586	0.00653	0.00207	0.00296	0.01438	0.00480	0.00419
25	0.82488	0.01046	0.00780	0.00699	0.01014	0.04073	0.00572	0.01528	0.00895	0.02263	0.00717	0.00837	0.00560	0.00478	0.00323	0.00158	0.00417	0.00280	0.00316	0.00557
26	0.01270	0.01219	0.02083	0.03149	0.78767	0.01219	0.01575	0.01575	0.01168	0.01676	0.00965	0.01270	0.00813	0.00457	0.00508	0.00152	0.00610	0.00457	0.00254	0.00813
27	0.01732	0.01328	0.01417	0.01136	0.01508	0.01489	0.00922	0.52925	0.26900	0.02881	0.01510	0.01453	0.01098	0.00642	0.00516	0.00160	0.00513	0.00500	0.00516	0.00853
28	0.00746	0.00634	0.00897	0.00846	0.03674	0.00572	0.08356	0.00949	0.01239	0.01620	0.23864	0.07623	0.38613	0.01118	0.00605	0.00173	0.00343	0.05153	0.02485	0.00489
29	0.00721	0.00524	0.00679	0.00640	0.00763	0.00482	0.00480	0.00959	0.01441	0.02030	0.75432	0.03879	0.07923	0.01059	0.00605	0.00162	0.00243	0.00934	0.00561	0.00482
30	0.00606	0.00520	0.00520	0.00520	0.00693	0.00433	0.00390	0.00736	0.01170	0.01386	0.05198	0.04938	0.78558	0.01299	0.00606	0.00173	0.00260	0.01083	0.00476	0.00433
31	0.01448	0.01405	0.01243	0.01110	0.01401	0.17971	0.00859	0.06548	0.57615	0.02016	0.01768	0.01668	0.01337	0.00656	0.00509	0.00164	0.00525	0.00521	0.00467	0.00769
32	0.01267	0.01227	0.02126	0.03104	0.75295	0.01223	0.05011	0.01578	0.01170	0.01675	0.00968	0.01275	0.00811	0.00456	0.00512	0.00153	0.00621	0.00464	0.00254	0.00807
33	0.01600	0.01489	0.01289	0.01127	0.01432	0.22321	0.00877	0.11871	0.42887	0.07120	0.01630	0.01553	0.01217	0.00637	0.00505	0.00159	0.00567	0.00494	0.00459	0.00766
34	0.01340	0.01108	0.01177	0.01045	0.01344	0.01271	0.00817	0.05743	0.72095	0.04888	0.02051	0.01881	0.01528	0.00691	0.00522	0.00173	0.00414	0.00573	0.00526	0.00817
35	0.01100	0.00933	0.01083	0.00777	0.01231	0.00721	0.00623	0.04375	0.01119	0.01736	0.00925	0.01071	0.00765	0.00390	0.00385	0.00079	0.00388	0.00310	0.00313	0.81677
36	0.01544	0.01215	0.01809	0.01392	0.01777	0.02758	0.24521	0.24606	0.10199	0.12737	0.01551	0.07783	0.01250	0.00678	0.00561	0.00170	0.00606	0.03647	0.00443	0.00753
37	0.01889	0.01312	0.01498	0.01150	0.01542	0.01416	0.04084	0.60860	0.02165	0.11401	0.01338	0.01377	0.00955	0.02777	0.00568	0.00163	0.00549	0.00482	0.03638	0.00836
38	0.01135	0.04563	0.26326	0.01817	0.02369	0.01267	0.45442	0.01583	0.01141	0.01595	0.01046	0.04329	0.00831	0.00512	0.00601	0.00171	0.03773	0.00551	0.00252	0.00696
39	0.04549	0.01095	0.01463	0.01217	0.01535	0.01164	0.12827	0.25415	0.15240	0.04079	0.01781	0.02687	0.01578	0.00828	0.00578	0.00185	0.00548	0.22065	0.00459	0.00706
40	0.82455	0.00988	0.00771	0.00684	0.01004	0.01136	0.00563	0.01546	0.00896	0.05195	0.00764	0.00868	0.00583	0.00482	0.00325	0.00159	0.00398	0.00287	0.00329	0.00568
41	0.85592	0.00992	0.00754	0.00675	0.00992	0.01151	0.00556	0.01508	0.00873	0.02302	0.00714	0.00834	0.00556	0.00476	0.00318	0.00159	0.00397	0.00278	0.00318	0.00556
42	0.00733	0.00550	0.00825	0.00825	0.00916	0.00641	0.00641	0.00916	0.00825	0.01191	0.01374	0.02016	0.01283	0.03848	0.79934	0.00825	0.01374	0.00550	0.00275	0.00458
43	0.00734	0.00547	0.00809	0.00809	0.00896	0.00633	0.00622	0.00907	0.00820	0.01180	0.01388	0.02093	0.01316	0.08325	0.75503	0.00806	0.01324	0.00561	0.00277	0.00450
44	0.00956	0.00478	0.00478	0.00478	0.00598	0.00478	0.00359	0.01196	0.01076	0.01913	0.01674	0.01913	0.01315	0.00598	0.00359	0.00120	0.00239	0.00478	0.84816	0.00478
45	0.01905	0.04234	0.01482	0.01312	0.01580	0.78163	0.00989	0.02037	0.01445	0.01255	0.00791	0.00923	0.00661	0.00527	0.00460	0.00132	0.00917	0.00329	0.00263	0.00596
46	0.00764	0.00533	0.00698	0.00652	0.00780	0.00491	0.00491	0.01005	0.01453	0.03929	0.76639	0.03782	0.04755	0.01039	0.00603	0.00161	0.00247	0.00918	0.00567	0.00494
47	0.00956	0.00478	0.00478	0.00478	0.00598	0.00478	0.00359	0.01196	0.01076	0.01913	0.01674	0.01913	0.01315	0.00598	0.00359	0.00120	0.00239	0.00478	0.84816	0.00478
48	0.01372	0.82276	0.02689	0.00878	0.01317	0.02030	0.00878	0.01536	0.01043	0.01207	0.00713	0.00823	0.00658	0.00439	0.00329	0.00110	0.00549	0.00274	0.00219	0.00658
49	0.00956	0.00478	0.00478	0.00478	0.00598	0.00478	0.00359	0.01196	0.01076	0.01913	0.01674	0.01913	0.01315	0.00598	0.00359	0.00120	0.00239	0.00478	0.84816	0.00478
50	0.00722	0.00524	0.00680	0.00641	0.00764	0.00482	0.00481	0.00960	0.01442	0.02032	0.75735	0.03874	0.07618	0.01058	0.00605	0.00162	0.00243	0.00934	0.00562	0.00482
51	0.00716	0.00524	0.00672	0.00635	0.00760	0.00480	0.00476	0.00949	0.01429	0.02001	0.72351	0.03925	0.11022	0.01070	0.00605	0.00162	0.00244	0.00941	0.00557	0.00480
52	0.01270	0.01219	0.02083	0.03149	0.78767	0.01219	0.01575	0.01575	0.01168	0.01676	0.00965	0.01270	0.00813	0.00457	0.00508	0.00152	0.00610	0.00457	0.00254	0.00813
53	0.01372	0.82276	0.02689	0.00878	0.01317	0.02030	0.00878	0.01536	0.01043	0.01207	0.00713	0.00823	0.00658	0.00439	0.00329	0.00110	0.00549	0.00274	0.00219	0.00658
54	0.01951	0.01437	0.01540	0.01181	0.01591	0.01591	0.00975	0.77056	0.02412	0.03234	0.01232	0.01232	0.00873	0.00616	0.00513	0.00154	0.00565	0.00462	0.00513	0.00873
55	0.00615	0.00523	0.00532	0.00536	0.00707	0.00439	0.00407	0.00749	0.01170	0.01392	0.05103	0.04971	0.75669	0.01304	0.00610	0.00176	0.00268	0.03920	0.00476	0.00435
56	0.01917	0.02445	0.01454	0.01322	0.01586	0.79907	0.00991	0.02049	0.01454	0.01256	0.00793	0.00925	0.00661	0.00529	0.00463	0.00132	0.00925	0.00330	0.00264	0.00595
57	0.00746	0.00497	0.00560	0.00560	0.00560	0.00497	0.00311	0.00746	0.00746	0.00995	0.01617	0.03358	0.01865	0.81967	0.02612	0.00497	0.00497	0.00746	0.00311	0.00311
58	0.00625	0.00447	0.00595	0.00714	0.00744	0.00417	0.00476	0.00714	0.00982	0.01310	0.02828	0.81633	0.03394	0.01608	0.00655	0.00208	0.00298	0.01459	0.00476	0.00417
59	0.01372	0.82276	0.02689	0.00878	0.01317	0.02030	0.00878	0.01536	0.01043	0.01207	0.00713	0.00823	0.00658	0.00439	0.00329	0.00110	0.00549	0.00274	0.00219	0.00658
60	0.01123	0.01123	0.01572	0.01347	0.01347	0.01572	0.01123	0.01235	0.00786	0.01235	0.00674	0.01123	0.00674	0.00898	0.01684	0.00225	0.81028	0.00449	0.00225	0.00561
61	0.00606	0.00520	0.00520	0.00520	0.00693	0.00433	0.00390	0.00736	0.01170	0.01386	0.05198	0.04938	0.78558	0.01299	0.00606	0.00173	0.00260	0.01083	0.00476	0.00433
62	0.01917	0.02445	0.01454	0.01322	0.01586	0.79907	0.00991	0.02049	0.01454	0.01256	0.00793	0.00925	0.00661	0.00529	0.00463	0.00132	0.00925	0.00330	0.00264	0.00595
63	0.85592	0.00992	0.00754	0.00675	0.00992	0.01151	0.00556	0.01508	0.00873	0.02302	0.00714	0.00834	0.00556	0.00476	0.00318	0.00159	0.00397	0.00278	0.00318	0.00556
64	0.01244	0.01184	0.01969	0.09781	0.66647	0.01216	0.01507	0.01634	0.06644	0.01678	0.01041	0.01325	0.00855	0.00479	0.00509	0.00156	0.00602	0.00466	0.00271	0.00791
65	0.01270	0.01219	0.02083	0.03149	0.78767	0.01219	0.01575	0.01575	0.01168	0.01676	0.00965	0.01270	0.00813	0.00457	0.00508	0.00152	0.00610	0.00457	0.00254	0.00813
66	0.01116	0.01113	0.01570	0.04809	0.01442	0.01553	0.01136	0.01238	0.00796	0.01238	0.00684	0.01133	0.00674	0.00881	0.01633	0.00222	0.77525	0.00449	0.00225	0.00562
67	0.01214	0.01377	0.02986	0.02206	0.05999	0.01294	0.73618	0.01641	0.01209	0.01645	0.01035	0.01379	0.00780	0.00434	0.00601	0.00172	0.00854	0.00599	0.00259	0.00697
68	0.00993	0.00918	0.01538	0.70817	0.09629	0.01118	0.01391	0.01328	0.01040	0.01367	0.00950	0.01384	0.00722	0.00512	0.00506	0.00167	0.00658	0.00457	0.03919	0.00586
69	0.01860	0.02358	0.01417	0.01295	0.01550	0.76441	0.00969	0.01991	0.01433	0.01258	0.00882	0.04445	0.00780	0.00576	0.00471	0.00136	0.00898	0.00380	0.00274	0.00587
70	0.00659	0.00472	0.00639	0.00752	0.00798	0.00452	0.00534	0.00773	0.01004	0.01337	0.02749	0.67236	0.03238	0.01678	0.04120	0.00239	0.00370	0.12057	0.00467	0.00427

[dist]
# distance from previous block
# <min> <max>
0	1

[block]
# block no. 2 follows, 48 sequences, length 18
# corresponding to MSA columns:
# 361-378
name=unknown_C
#
# <colnr> <probs for GDERKNQSTAVLIFYWHMCP>
#	G	D	E	R	K	N	Q	S	T	A	V	L	I	F	Y	W	H	M	C	P
0	0.00763	0.00545	0.00753	0.00871	0.00961	0.00535	0.00715	0.00952	0.01118	0.01464	0.02752	0.29967	0.03093	0.01478	0.00692	0.00227	0.00417	0.51769	0.00474	0.00455
1	0.01668	0.01270	0.01388	0.01046	0.01472	0.01302	0.00858	0.52903	0.01983	0.02736	0.01130	0.01178	0.00837	0.00541	0.00471	0.00129	0.00506	0.00412	0.00447	0.27725
2	0.00795	0.00570	0.00782	0.00849	0.00969	0.00557	0.00718	0.01033	0.01268	0.01702	0.26875	0.05165	0.03555	0.01300	0.00676	0.00212	0.00399	0.51600	0.00502	0.00476
3	0.01152	0.01183	0.02164	0.32172	0.24306	0.02966	0.25519	0.01507	0.01134	0.01518	0.00964	0.01336	0.00750	0.00472	0.00540	0.00166	0.00726	0.00501	0.00246	0.00677
4	0.27752	0.00672	0.00668	0.00624	0.00821	0.00684	0.00484	0.01084	0.01199	0.01973	0.35990	0.03144	0.21287	0.00927	0.00514	0.00163	0.00296	0.00758	0.00465	0.00495
5	0.01059	0.02166	0.54527	0.01426	0.01942	0.01313	0.01649	0.01501	0.00988	0.01501	0.00842	0.01096	0.00657	0.00618	0.00869	0.00182	0.26348	0.00401	0.00219	0.00696
6	0.00989	0.00928	0.01541	0.75488	0.05660	0.01147	0.01407	0.01371	0.03893	0.01353	0.00957	0.01385	0.00721	0.00518	0.00513	0.00171	0.00671	0.00461	0.00240	0.00586
7	0.01715	0.01420	0.02014	0.01494	0.01939	0.01498	0.25181	0.53015	0.02029	0.02727	0.01170	0.01280	0.00843	0.00557	0.00543	0.00160	0.00660	0.00508	0.00432	0.00815
8	0.01537	0.01307	0.01600	0.01774	0.26120	0.04212	0.01120	0.28769	0.23812	0.02351	0.01379	0.01430	0.01047	0.00585	0.00512	0.00158	0.00546	0.00490	0.00424	0.00826
9	0.01167	0.00588	0.00791	0.00773	0.00926	0.00529	0.00565	0.01301	0.01170	0.26167	0.07779	0.50811	0.02816	0.01259	0.00607	0.00189	0.00338	0.01122	0.00533	0.00567
10	0.01217	0.46411	0.37202	0.01141	0.01724	0.01653	0.01336	0.01576	0.01061	0.01395	0.00807	0.00940	0.00655	0.00461	0.00401	0.00134	0.00643	0.00322	0.00218	0.00703
11	0.01487	0.04135	0.02375	0.01766	0.02188	0.26358	0.44626	0.01843	0.04064	0.04608	0.01027	0.01254	0.00785	0.00481	0.00545	0.00158	0.00841	0.00503	0.00284	0.00672
12	0.00900	0.00746	0.01131	0.01444	0.25632	0.00718	0.00832	0.01162	0.01362	0.01936	0.53780	0.03016	0.03557	0.00860	0.00574	0.00159	0.00359	0.00778	0.00466	0.00589
13	0.01253	0.01163	0.01755	0.07274	0.49432	0.01232	0.01322	0.01926	0.25602	0.01804	0.01320	0.01481	0.01045	0.00537	0.00513	0.00160	0.00549	0.00496	0.00338	0.00798
14	0.02920	0.03101	0.08761	0.09184	0.21824	0.03329	0.05436	0.01466	0.01268	0.09220	0.25762	0.02101	0.02098	0.00672	0.00534	0.00158	0.00515	0.00602	0.00385	0.00663
15	0.00894	0.00797	0.01311	0.55260	0.02699	0.00981	0.01175	0.01185	0.00962	0.01273	0.01059	0.01574	0.00875	0.01576	0.25832	0.00379	0.00904	0.00486	0.00243	0.00534
16	0.01133	0.00800	0.00881	0.00770	0.00905	0.00849	0.00540	0.25084	0.01292	0.01726	0.01530	0.02760	0.01585	0.53384	0.01880	0.00379	0.00518	0.03108	0.00381	0.00495
17	0.01760	0.04937	0.27039	0.01206	0.03173	0.01008	0.05122	0.03785	0.01326	0.43149	0.01517	0.01450	0.00997	0.00564	0.00503	0.00158	0.00576	0.00463	0.00450	0.00816

[dist]
# distance from previous block
# <min> <max>
0	35

[block]
# block no. 3 follows, 48 sequences, length 8
# corresponding to MSA columns:
# 414-421
name=unknown_D
#
# <colnr> <probs for GDERKNQSTAVLIFYWHMCP>
#	G	D	E	R	K	N	Q	S	T	A	V	L	I	F	Y	W	H	M	C	P
0	0.00978	0.00706	0.00963	0.00985	0.04964	0.00697	0.03261	0.07861	0.03782	0.05872	0.19268	0.20871	0.06095	0.01156	0.00623	0.00191	0.00399	0.20286	0.00489	0.00553
1	0.01577	0.01636	0.01194	0.01100	0.01319	0.44886	0.00831	0.01722	0.01276	0.10987	0.01307	0.11006	0.01189	0.01322	0.16039	0.00280	0.00876	0.00533	0.00338	0.00581
2	0.01222	0.01180	0.02002	0.02559	0.54082	0.01124	0.10806	0.01528	0.01153	0.01671	0.00964	0.01244	0.00798	0.00439	0.00495	0.00140	0.00597	0.00446	0.00264	0.17287
3	0.01188	0.01321	0.11463	0.16274	0.40716	0.01213	0.01439	0.01760	0.16131	0.01697	0.01170	0.01390	0.00917	0.00518	0.00509	0.00161	0.00602	0.00471	0.00297	0.00763
4	0.17759	0.01190	0.01913	0.02572	0.56322	0.01213	0.08534	0.01568	0.01115	0.01796	0.00923	0.01195	0.00759	0.00459	0.00480	0.00156	0.00592	0.00436	0.00267	0.00751
5	0.01023	0.00864	0.01210	0.04858	0.24691	0.04778	0.00956	0.01259	0.03102	0.04649	0.03619	0.27946	0.03676	0.01044	0.00593	0.00186	0.00478	0.14079	0.00397	0.00593
6	0.01089	0.07089	0.46299	0.01615	0.02241	0.01240	0.25817	0.01582	0.01117	0.01590	0.01037	0.05039	0.00824	0.00521	0.00524	0.00165	0.00757	0.00497	0.00243	0.00714
7	0.01089	0.07983	0.51320	0.01464	0.02028	0.01337	0.08800	0.01544	0.01034	0.01520	0.00869	0.01101	0.00667	0.00559	0.00721	0.00172	0.16456	0.00407	0.00222	0.00706

[dist]
# distance from previous block
# <min> <max>
0	2

[block]
# block no. 4 follows, 48 sequences, length 17
# corresponding to MSA columns:
# 424-440
name=unknown_E
#
# <colnr> <probs for GDERKNQSTAVLIFYWHMCP>
#	G	D	E	R	K	N	Q	S	T	A	V	L	I	F	Y	W	H	M	C	P
0	0.01163	0.01103	0.04639	0.06722	0.56188	0.01060	0.01353	0.01391	0.01085	0.01539	0.03720	0.01408	0.00957	0.00702	0.00759	0.14219	0.00579	0.00469	0.00257	0.00688
1	0.01255	0.01265	0.03958	0.02706	0.55560	0.01212	0.14828	0.02887	0.03683	0.01711	0.01015	0.01295	0.00826	0.00460	0.00518	0.00153	0.00639	0.00478	0.00270	0.05282
2	0.01172	0.01086	0.01777	0.04859	0.54637	0.01100	0.03472	0.03656	0.05703	0.01676	0.01348	0.14623	0.01282	0.00667	0.00536	0.00164	0.00554	0.00635	0.00313	0.00738
3	0.01094	0.24938	0.38803	0.01201	0.01732	0.01347	0.04146	0.01522	0.03778	0.01453	0.00983	0.01204	0.00795	0.01036	0.13606	0.00258	0.00792	0.00393	0.00240	0.00680
4	0.00772	0.00610	0.00943	0.14060	0.01350	0.00724	0.00771	0.00982	0.00858	0.01211	0.01298	0.01908	0.01184	0.03296	0.66780	0.00716	0.01260	0.00534	0.00267	0.00477
5	0.01293	0.55678	0.12588	0.00946	0.01429	0.01682	0.00972	0.03860	0.01094	0.01403	0.00790	0.00910	0.00681	0.00441	0.00364	0.00113	0.00549	0.00299	0.00242	0.14665
6	0.00696	0.00491	0.00611	0.00658	0.00707	0.00468	0.00444	0.00794	0.01007	0.01350	0.15080	0.33031	0.07212	0.28148	0.01297	0.00297	0.00365	0.06511	0.00436	0.00398
7	0.01211	0.14053	0.47079	0.01438	0.02068	0.01304	0.14050	0.01715	0.03623	0.07246	0.01028	0.01170	0.00748	0.00489	0.00487	0.00157	0.00710	0.00418	0.00265	0.00743
8	0.01350	0.01591	0.23211	0.04331	0.03723	0.01208	0.20589	0.06820	0.18456	0.11376	0.01369	0.01452	0.00984	0.00547	0.00532	0.00167	0.00649	0.00509	0.00368	0.00769
9	0.00985	0.00928	0.01567	0.76672	0.07473	0.01144	0.01433	0.01325	0.01033	0.01330	0.00915	0.01363	0.00691	0.00510	0.00513	0.00170	0.00680	0.00456	0.00229	0.00583
10	0.00934	0.00688	0.00845	0.00854	0.01012	0.00692	0.00694	0.13528	0.01367	0.01793	0.08853	0.19182	0.13894	0.01274	0.00643	0.00202	0.00405	0.32127	0.00488	0.00523
11	0.01466	0.01122	0.01930	0.12204	0.36476	0.01114	0.13520	0.01804	0.03412	0.19914	0.01252	0.01432	0.00920	0.00509	0.00527	0.00160	0.00614	0.00498	0.00349	0.00777
12	0.00954	0.02175	0.61629	0.01271	0.01890	0.01030	0.01573	0.01464	0.01150	0.01682	0.14022	0.01767	0.05950	0.00628	0.00514	0.00163	0.00643	0.00512	0.00290	0.00694
13	0.00942	0.00536	0.00707	0.00743	0.00855	0.00486	0.00531	0.01059	0.01093	0.15830	0.02862	0.58600	0.08899	0.01397	0.00627	0.00197	0.00325	0.03303	0.00506	0.00505
14	0.01279	0.01162	0.05842	0.22752	0.22625	0.01214	0.07712	0.01567	0.01092	0.11680	0.01035	0.01328	0.00799	0.00584	0.00756	0.00175	0.16943	0.00471	0.00290	0.00693
15	0.00979	0.07008	0.61729	0.01272	0.01914	0.01116	0.01586	0.01473	0.01095	0.01561	0.01617	0.01706	0.13554	0.00619	0.00498	0.00161	0.00663	0.00490	0.00260	0.00699
16	0.01018	0.02544	0.75128	0.01435	0.02159	0.01160	0.01839	0.01595	0.01089	0.01620	0.01016	0.01334	0.00773	0.00537	0.00499	0.00166	0.00743	0.04371	0.00230	0.00743

[dist]
# distance from previous block
# <min> <max>
0	15

[block]
# block no. 5 follows, 48 sequences, length 21
# corresponding to MSA columns:
# 460-480
name=unknown_F
#
# <colnr> <probs for GDERKNQSTAVLIFYWHMCP>
#	G	D	E	R	K	N	Q	S	T	A	V	L	I	F	Y	W	H	M	C	P
0	0.01029	0.02654	0.79309	0.01462	0.02221	0.01192	0.01896	0.01625	0.01083	0.01625	0.00921	0.01083	0.00650	0.00487	0.00487	0.00162	0.00758	0.00379	0.00217	0.00758
1	0.01167	0.10962	0.64960	0.01357	0.02052	0.01246	0.01697	0.01685	0.01110	0.07749	0.00987	0.01108	0.00700	0.00494	0.00473	0.00157	0.00710	0.00379	0.00250	0.00757
2	0.01205	0.01167	0.02031	0.18843	0.58771	0.01208	0.06216	0.01525	0.01142	0.01600	0.00959	0.01297	0.00784	0.00467	0.00515	0.00157	0.00641	0.00466	0.00249	0.00756
3	0.01141	0.00699	0.01013	0.05853	0.01216	0.00715	0.03589	0.01311	0.01118	0.19938	0.04940	0.30192	0.05026	0.01315	0.06493	0.00238	0.07987	0.06193	0.00455	0.00569
4	0.01204	0.01151	0.01963	0.20253	0.62181	0.01202	0.01542	0.01517	0.01137	0.01596	0.00953	0.01292	0.00784	0.00469	0.00509	0.00156	0.00626	0.00457	0.00248	0.00759
5	0.01412	0.01760	0.42433	0.01178	0.01719	0.00942	0.01322	0.01806	0.01202	0.28069	0.01545	0.11726	0.01217	0.00683	0.00519	0.00167	0.00589	0.00566	0.00393	0.00753
6	0.00839	0.00717	0.01172	0.06390	0.01331	0.00809	0.09868	0.01104	0.03910	0.01300	0.01389	0.06849	0.01296	0.02808	0.53231	0.00610	0.04976	0.00604	0.00290	0.00510
7	0.01123	0.01076	0.01848	0.40658	0.40049	0.01183	0.03797	0.01449	0.01101	0.01499	0.00942	0.01321	0.00749	0.00483	0.00513	0.00162	0.00653	0.00461	0.00242	0.00692
8	0.01168	0.01115	0.01899	0.29397	0.53315	0.01192	0.01524	0.01485	0.01120	0.01553	0.00947	0.01303	0.00769	0.00476	0.00510	0.00159	0.00635	0.00457	0.00245	0.00731
9	0.06797	0.07400	0.64452	0.01365	0.02043	0.06178	0.01687	0.01638	0.01090	0.01622	0.00886	0.01041	0.00645	0.00486	0.00465	0.00157	0.00732	0.00363	0.00227	0.00728
10	0.01244	0.01109	0.01891	0.14091	0.54302	0.01128	0.04857	0.01539	0.01156	0.06400	0.01152	0.06727	0.00995	0.00553	0.00524	0.00160	0.00600	0.00535	0.00289	0.00749
11	0.01068	0.01045	0.01871	0.49392	0.20644	0.01168	0.12898	0.01410	0.01086	0.01445	0.00981	0.02933	0.00781	0.00510	0.00529	0.00168	0.00687	0.00499	0.00244	0.00641
12	0.01282	0.01137	0.01918	0.17901	0.59103	0.01173	0.01491	0.01586	0.01161	0.06818	0.01026	0.01321	0.00819	0.00480	0.00509	0.00156	0.00612	0.00461	0.00275	0.00770
13	0.01134	0.14878	0.54320	0.10917	0.02196	0.01297	0.01627	0.01613	0.01088	0.05049	0.00937	0.01107	0.00684	0.00490	0.00467	0.00155	0.00702	0.00378	0.00238	0.00725
14	0.01199	0.01144	0.01863	0.30169	0.48537	0.02881	0.01492	0.03731	0.01162	0.01586	0.00951	0.01296	0.00766	0.00483	0.00509	0.00159	0.00641	0.00454	0.00253	0.00725
15	0.01283	0.01143	0.01912	0.06240	0.66097	0.01141	0.01448	0.01573	0.01181	0.06501	0.01275	0.01517	0.05347	0.00520	0.00514	0.00155	0.00582	0.00497	0.00290	0.00784
16	0.01034	0.05682	0.01729	0.59852	0.11202	0.01188	0.06120	0.01363	0.01060	0.01373	0.00985	0.01500	0.00791	0.00533	0.00515	0.00168	0.00671	0.03387	0.00242	0.00605
17	0.01228	0.06285	0.06404	0.15575	0.50054	0.01198	0.01439	0.01533	0.01137	0.04944	0.01069	0.04926	0.00910	0.00527	0.00503	0.00156	0.00605	0.00489	0.00272	0.00744
18	0.03628	0.01045	0.09027	0.00953	0.01256	0.02411	0.00838	0.03929	0.01257	0.31725	0.08025	0.06715	0.09021	0.02626	0.00734	0.00176	0.11553	0.00622	0.00466	0.03991
19	0.01308	0.17175	0.36098	0.01389	0.03859	0.03169	0.09297	0.13874	0.01327	0.03428	0.01030	0.01274	0.00801	0.00530	0.00483	0.00154	0.00681	0.03091	0.00290	0.00741
20	0.01174	0.16086	0.41837	0.01221	0.01747	0.04334	0.01382	0.01581	0.02384	0.05996	0.01146	0.06344	0.00980	0.00626	0.00553	0.00160	0.05631	0.03708	0.00279	0.02831

[dist]
# distance from previous block
# <min> <max>
3	8

[block]
# block no. 6 follows, 48 sequences, length 17
# corresponding to MSA columns:
# 489-505
name=unknown_G
#
# <colnr> <probs for GDERKNQSTAVLIFYWHMCP>
#	G	D	E	R	K	N	Q	S	T	A	V	L	I	F	Y	W	H	M	C	P
0	0.16076	0.06287	0.36583	0.03317	0.04189	0.01114	0.01261	0.03440	0.01065	0.03670	0.01017	0.04354	0.00826	0.00758	0.05978	0.00198	0.00652	0.00414	0.00277	0.08525
1	0.06948	0.04201	0.15161	0.01196	0.01607	0.00993	0.16720	0.01542	0.04216	0.10227	0.05078	0.04413	0.05634	0.03837	0.00626	0.00172	0.02634	0.03415	0.00355	0.11025
2	0.01351	0.47958	0.02210	0.01012	0.01408	0.03448	0.09036	0.06727	0.01216	0.04898	0.08446	0.01335	0.01161	0.02931	0.00480	0.00137	0.00548	0.00414	0.00304	0.04980
3	0.01442	0.46466	0.02177	0.00991	0.01431	0.01670	0.04694	0.18463	0.01362	0.01762	0.00879	0.00983	0.00730	0.00469	0.00393	0.00117	0.00540	0.00338	0.00302	0.14791
4	0.01157	0.24052	0.55585	0.01300	0.01952	0.04576	0.01586	0.01618	0.01087	0.01498	0.00860	0.01007	0.00653	0.00476	0.00444	0.00147	0.00709	0.00349	0.00219	0.00725
5	0.00755	0.00547	0.00738	0.00835	0.00938	0.00530	0.00686	0.00949	0.01154	0.01508	0.08228	0.22809	0.09635	0.01425	0.00681	0.00219	0.00399	0.47025	0.00480	0.00457
6	0.02090	0.01071	0.04548	0.00985	0.01375	0.04890	0.00837	0.07784	0.05567	0.59224	0.01888	0.01807	0.01266	0.00656	0.00520	0.00161	0.00484	0.03436	0.00577	0.00835
7	0.02060	0.00985	0.01335	0.04148	0.01493	0.00934	0.04636	0.15867	0.01589	0.55079	0.01822	0.05030	0.01241	0.00658	0.00526	0.00161	0.00485	0.00549	0.00571	0.00833
8	0.00684	0.00531	0.00633	0.00666	0.00802	0.00479	0.00522	0.00857	0.01207	0.01541	0.18132	0.12380	0.39015	0.01311	0.00636	0.00190	0.00312	0.19158	0.00492	0.00451
9	0.00827	0.00591	0.00827	0.00945	0.01063	0.00591	0.00827	0.01063	0.01181	0.01536	0.02717	0.05788	0.02953	0.01417	0.00709	0.00236	0.00472	0.75313	0.00472	0.00472
10	0.85592	0.00992	0.00754	0.00675	0.00992	0.01151	0.00556	0.01508	0.00873	0.02302	0.00714	0.00834	0.00556	0.00476	0.00318	0.00159	0.00397	0.00278	0.00318	0.00556
11	0.00746	0.00497	0.00560	0.00560	0.00560	0.00497	0.00311	0.00746	0.00746	0.00995	0.01617	0.03358	0.01865	0.81967	0.02612	0.00497	0.00497	0.00746	0.00311	0.00311
12	0.07805	0.01353	0.01452	0.01120	0.01523	0.01482	0.00925	0.64791	0.02217	0.10300	0.01270	0.01253	0.00888	0.00608	0.00500	0.00155	0.00541	0.00454	0.00511	0.00851
13	0.81116	0.05312	0.00857	0.00686	0.01010	0.01198	0.00573	0.01510	0.00882	0.02244	0.00714	0.00833	0.00561	0.00474	0.00318	0.00156	0.00405	0.00278	0.00312	0.00561
14	0.00746	0.00497	0.00560	0.00560	0.00560	0.00497	0.00311	0.00746	0.00746	0.00995	0.01617	0.03358	0.01865	0.81967	0.02612	0.00497	0.00497	0.00746	0.00311	0.00311
15	0.81917	0.00987	0.00773	0.00685	0.01006	0.01134	0.00564	0.01552	0.00899	0.05691	0.00772	0.00874	0.00587	0.00483	0.00326	0.00159	0.00399	0.00288	0.00332	0.00570
16	0.26042	0.01244	0.01307	0.01149	0.06758	0.01378	0.00874	0.41124	0.07507	0.06090	0.01163	0.01193	0.00846	0.00571	0.00457	0.00157	0.00502	0.00420	0.00445	0.00772

[dist]
# distance from previous block
# <min> <max>
0	7

# created by:
# /home/cegg/simao/soft/augustus-3.2.1/scripts/msa2prfl.pl ./align_prep/EOG091G0R04.fa
