[name]
unknown

[dist]
# distance from previous block
# <min> <max>
0	55

[block]
# block no. 0 follows, 41 sequences, length 20
# corresponding to MSA columns:
# 66-73,79,80,86-95
name=unknown_A
#
# <colnr> <probs for GDERKNQSTAVLIFYWHMCP>
#	G	D	E	R	K	N	Q	S	T	A	V	L	I	F	Y	W	H	M	C	P
0	0.05693	0.01146	0.01221	0.01041	0.01353	0.03019	0.00824	0.26990	0.12387	0.05338	0.03818	0.09998	0.06813	0.05517	0.00724	0.00204	0.00507	0.05318	0.01942	0.06147
1	0.01179	0.04160	0.00981	0.00853	0.00999	0.08960	0.00601	0.01367	0.05789	0.07928	0.01942	0.13354	0.03253	0.35033	0.07807	0.00399	0.00634	0.00807	0.00408	0.03543
2	0.05661	0.00632	0.00801	0.00808	0.00885	0.00636	0.03273	0.01009	0.04056	0.01457	0.04048	0.34756	0.02691	0.31487	0.04910	0.00378	0.00503	0.01112	0.00436	0.00462
3	0.42938	0.01225	0.01423	0.09168	0.04745	0.04156	0.10234	0.03973	0.05498	0.05324	0.01077	0.01253	0.00817	0.00555	0.00465	0.00175	0.00577	0.00430	0.02100	0.03865
4	0.12591	0.00978	0.01231	0.05523	0.01494	0.00993	0.03589	0.06265	0.07717	0.17180	0.03364	0.02171	0.04105	0.01328	0.13451	0.00298	0.00678	0.05166	0.00464	0.11413
5	0.02987	0.01233	0.02014	0.26733	0.08506	0.04023	0.20690	0.04606	0.07126	0.01778	0.01482	0.01808	0.05323	0.00878	0.06133	0.00237	0.00803	0.00599	0.00330	0.02711
6	0.00746	0.00567	0.00694	0.00729	0.00853	0.00507	0.00526	0.00911	0.01293	0.01712	0.21584	0.34935	0.24115	0.01485	0.00692	0.00204	0.00316	0.03928	0.00548	0.03656
7	0.01218	0.01078	0.03768	0.00932	0.01362	0.00891	0.00761	0.06997	0.09562	0.02045	0.06384	0.08126	0.01504	0.00652	0.00499	0.00125	0.00439	0.00544	0.00416	0.52697
8	0.01502	0.03288	0.03935	0.09541	0.13069	0.01213	0.09870	0.13556	0.04580	0.10232	0.06417	0.04863	0.01403	0.00763	0.02671	0.00189	0.00636	0.00597	0.00425	0.11252
9	0.06640	0.02951	0.30542	0.01268	0.01807	0.01193	0.02459	0.10931	0.06436	0.16206	0.07398	0.06681	0.01513	0.00734	0.00566	0.00182	0.00620	0.00598	0.00450	0.00824
10	0.00923	0.00605	0.00783	0.00767	0.00915	0.00557	0.00578	0.01137	0.01435	0.08142	0.39602	0.18356	0.13979	0.01434	0.03778	0.00226	0.00368	0.05276	0.00585	0.00552
11	0.16804	0.04340	0.11928	0.08175	0.21459	0.03588	0.01260	0.05130	0.04103	0.04932	0.01484	0.09076	0.03978	0.00712	0.00536	0.00180	0.00606	0.00591	0.00362	0.00754
12	0.04550	0.01215	0.01234	0.03321	0.04271	0.11064	0.00846	0.11610	0.08133	0.12793	0.04386	0.09102	0.10942	0.03298	0.00649	0.00185	0.00540	0.02124	0.00489	0.09249
13	0.00937	0.00760	0.01021	0.01210	0.08922	0.03351	0.00838	0.01131	0.01177	0.01569	0.05218	0.25266	0.02759	0.06412	0.11901	0.00348	0.02978	0.23210	0.00448	0.00544
14	0.07392	0.01087	0.01300	0.01101	0.02624	0.01145	0.03767	0.19772	0.11807	0.12264	0.14338	0.04255	0.07729	0.02984	0.02213	0.00207	0.02797	0.00706	0.00541	0.01971
15	0.04588	0.01410	0.06519	0.09070	0.53442	0.01333	0.04405	0.04388	0.01330	0.04145	0.01105	0.01406	0.00887	0.00526	0.00558	0.00171	0.00683	0.00500	0.00306	0.03228
16	0.05123	0.02332	0.02539	0.01054	0.01206	0.01961	0.02089	0.03850	0.01124	0.05773	0.03935	0.13094	0.07369	0.06923	0.15745	0.00370	0.19807	0.02967	0.00391	0.02347
17	0.00858	0.00646	0.00769	0.00805	0.00923	0.00631	0.00576	0.05505	0.06224	0.01714	0.08394	0.42503	0.17068	0.06762	0.00845	0.00238	0.00369	0.04112	0.00531	0.00528
18	0.04770	0.03589	0.01869	0.03395	0.28641	0.01262	0.05579	0.13682	0.01492	0.04883	0.01135	0.01337	0.00897	0.00521	0.00519	0.00146	0.00597	0.00459	0.00364	0.24861
19	0.07427	0.24447	0.19753	0.01628	0.09520	0.08720	0.10203	0.06551	0.01330	0.01808	0.00966	0.01162	0.00774	0.00543	0.00535	0.00163	0.02981	0.00424	0.00287	0.00780

[dist]
# distance from previous block
# <min> <max>
4	8

[block]
# block no. 1 follows, 41 sequences, length 24
# corresponding to MSA columns:
# 105-128
name=unknown_B
#
# <colnr> <probs for GDERKNQSTAVLIFYWHMCP>
#	G	D	E	R	K	N	Q	S	T	A	V	L	I	F	Y	W	H	M	C	P
0	0.01211	0.00947	0.01121	0.01010	0.01249	0.03070	0.04059	0.01945	0.28811	0.07471	0.19627	0.10771	0.07639	0.04836	0.00747	0.00212	0.00437	0.03578	0.00559	0.00700
1	0.00885	0.00568	0.00679	0.00688	0.00726	0.00554	0.00428	0.00938	0.00983	0.04536	0.07691	0.16380	0.02617	0.55487	0.02223	0.00449	0.00492	0.02844	0.00419	0.00413
2	0.01165	0.01254	0.06835	0.62727	0.07801	0.04808	0.01587	0.01596	0.03792	0.01538	0.01061	0.01496	0.00802	0.00574	0.00567	0.00187	0.00765	0.00501	0.00268	0.00676
3	0.04533	0.01358	0.03747	0.10590	0.23555	0.07819	0.05832	0.08056	0.03711	0.01997	0.06748	0.03645	0.01298	0.00620	0.00551	0.00162	0.00638	0.00546	0.01542	0.13051
4	0.00731	0.00552	0.00674	0.00751	0.00846	0.00508	0.00533	0.00890	0.02626	0.01556	0.08037	0.46197	0.23681	0.03930	0.00777	0.00229	0.00338	0.06128	0.00532	0.00483
5	0.00707	0.00528	0.00658	0.00736	0.00820	0.00479	0.00510	0.00840	0.01214	0.01593	0.13625	0.52330	0.20617	0.01629	0.00710	0.00216	0.00314	0.01450	0.00544	0.00479
6	0.01399	0.01377	0.02509	0.07606	0.39053	0.01377	0.25345	0.01906	0.08323	0.03527	0.01243	0.01544	0.00975	0.00534	0.00604	0.00181	0.00752	0.00578	0.00321	0.00846
7	0.01089	0.00631	0.00821	0.00776	0.00935	0.00573	0.00572	0.01284	0.01425	0.15155	0.36706	0.21708	0.07779	0.06888	0.00830	0.00219	0.00344	0.01088	0.00595	0.00582
8	0.01505	0.00832	0.01027	0.00879	0.01150	0.00792	0.00690	0.09078	0.05515	0.25179	0.26853	0.08588	0.10927	0.01017	0.00624	0.00183	0.00389	0.00866	0.03179	0.00724
9	0.00878	0.00641	0.00797	0.00738	0.00890	0.00606	0.00553	0.05248	0.01618	0.02252	0.62474	0.04185	0.10881	0.04798	0.00772	0.00198	0.00305	0.01010	0.00605	0.00551
10	0.04512	0.08041	0.06972	0.01623	0.11710	0.10988	0.05378	0.21316	0.01663	0.07934	0.01198	0.01353	0.00916	0.00642	0.00673	0.00173	0.08927	0.00479	0.04687	0.00815
11	0.01842	0.05860	0.04328	0.05126	0.01619	0.01197	0.00982	0.21012	0.05079	0.26505	0.05211	0.02139	0.01527	0.01137	0.08701	0.00258	0.00661	0.05441	0.00540	0.00834
12	0.00817	0.00619	0.00706	0.00728	0.00852	0.00581	0.00516	0.05824	0.01264	0.01614	0.05493	0.30737	0.31514	0.12857	0.01014	0.00259	0.00372	0.03232	0.00509	0.00493
13	0.04173	0.05440	0.53437	0.01564	0.02267	0.03229	0.07697	0.06698	0.01336	0.01952	0.04930	0.01381	0.00993	0.00586	0.00569	0.00179	0.01988	0.00473	0.00294	0.00812
14	0.46300	0.08649	0.01546	0.01188	0.04933	0.01396	0.10371	0.07207	0.03524	0.06618	0.01086	0.03032	0.00858	0.00579	0.00452	0.00175	0.00552	0.00439	0.00380	0.00715
15	0.01524	0.01607	0.12196	0.11095	0.24468	0.06794	0.04006	0.11878	0.06513	0.06042	0.01292	0.03508	0.01017	0.00609	0.00563	0.00173	0.00692	0.00527	0.00367	0.05128
16	0.01454	0.26667	0.10179	0.01338	0.07164	0.06731	0.03166	0.11400	0.01426	0.01860	0.05709	0.01516	0.03122	0.00848	0.05334	0.00200	0.03854	0.00474	0.00338	0.07222
17	0.01013	0.00710	0.00752	0.00687	0.00907	0.00669	0.00526	0.07229	0.04185	0.01992	0.05268	0.07299	0.29094	0.01009	0.00550	0.00163	0.00330	0.00836	0.28399	0.08381
18	0.03252	0.05673	0.13009	0.10467	0.05344	0.01301	0.06297	0.12284	0.12764	0.04103	0.01494	0.01623	0.03378	0.00618	0.00535	0.00165	0.00610	0.00517	0.04870	0.11694
19	0.01347	0.10184	0.32680	0.01378	0.04152	0.12223	0.01404	0.03651	0.05649	0.03161	0.07611	0.05580	0.01390	0.00758	0.02228	0.00184	0.00727	0.00538	0.00342	0.04814
20	0.14597	0.12107	0.14036	0.01328	0.07049	0.05654	0.01148	0.09776	0.01405	0.14547	0.02346	0.05814	0.01108	0.00689	0.00602	0.00176	0.05921	0.00511	0.00402	0.00784
21	0.01354	0.05139	0.02963	0.04039	0.06387	0.00930	0.00857	0.09788	0.01591	0.14548	0.26047	0.03322	0.09556	0.03079	0.00687	0.00195	0.00459	0.07823	0.00542	0.00695
22	0.00991	0.00816	0.01139	0.09736	0.08351	0.02246	0.04495	0.05305	0.01236	0.01655	0.04111	0.28671	0.10149	0.10918	0.03080	0.00263	0.00526	0.01022	0.04722	0.00567
23	0.01476	0.16774	0.08100	0.03190	0.03267	0.04875	0.04842	0.09551	0.06917	0.08128	0.05002	0.07173	0.01470	0.03248	0.00720	0.00186	0.06490	0.02927	0.00405	0.05261

[dist]
# distance from previous block
# <min> <max>
6	13

[block]
# block no. 2 follows, 41 sequences, length 21
# corresponding to MSA columns:
# 143-147,165-180
name=unknown_C
#
# <colnr> <probs for GDERKNQSTAVLIFYWHMCP>
#	G	D	E	R	K	N	Q	S	T	A	V	L	I	F	Y	W	H	M	C	P
0	0.01222	0.03063	0.33216	0.05932	0.12327	0.01238	0.09297	0.03613	0.04446	0.01884	0.04328	0.03137	0.01148	0.00608	0.00563	0.00172	0.00714	0.02227	0.00316	0.10549
1	0.01316	0.12962	0.44429	0.01442	0.02096	0.03154	0.05545	0.06879	0.01327	0.04072	0.01217	0.07005	0.01004	0.00636	0.00537	0.00172	0.00741	0.00515	0.00309	0.04642
2	0.01594	0.09062	0.01923	0.08561	0.11157	0.10955	0.09053	0.06179	0.08491	0.10716	0.01509	0.03334	0.03342	0.00715	0.00706	0.00183	0.08861	0.02500	0.00391	0.00771
3	0.04394	0.00662	0.00734	0.00757	0.00859	0.03445	0.00527	0.01001	0.01155	0.03331	0.12351	0.29738	0.13811	0.17522	0.06814	0.00329	0.00486	0.01124	0.00478	0.00483
4	0.06183	0.20115	0.06533	0.03946	0.01505	0.08233	0.00950	0.14482	0.02717	0.05683	0.03579	0.08708	0.01348	0.00883	0.03867	0.00194	0.00623	0.00564	0.09168	0.00720
5	0.01102	0.01591	0.25440	0.03025	0.05664	0.04313	0.01247	0.01467	0.02890	0.03871	0.07453	0.08137	0.14896	0.02705	0.03735	0.00230	0.10449	0.00735	0.00374	0.00676
6	0.01021	0.00694	0.00845	0.00816	0.00976	0.00674	0.00608	0.09627	0.01411	0.05900	0.15032	0.25829	0.19306	0.01553	0.04373	0.07117	0.00429	0.02707	0.00528	0.00554
7	0.00828	0.00616	0.00838	0.06528	0.01085	0.00660	0.00636	0.00982	0.01023	0.01390	0.07661	0.07770	0.07801	0.25666	0.29643	0.00572	0.00873	0.04576	0.00381	0.00470
8	0.02144	0.01235	0.01470	0.01150	0.01549	0.01285	0.00945	0.30656	0.05379	0.32936	0.01737	0.01658	0.01188	0.00712	0.00657	0.00176	0.06323	0.00538	0.04114	0.04147
9	0.63101	0.01030	0.00905	0.00800	0.01140	0.01141	0.00658	0.01766	0.01126	0.12591	0.06453	0.01562	0.01192	0.00649	0.00427	0.00181	0.00440	0.03750	0.00430	0.00658
10	0.00829	0.00649	0.00844	0.00976	0.06473	0.00615	0.00666	0.01064	0.03918	0.01722	0.16609	0.25765	0.21700	0.03705	0.00762	0.00221	0.00376	0.12043	0.00526	0.00537
11	0.00993	0.00762	0.00959	0.00942	0.01027	0.02437	0.00698	0.01228	0.06507	0.04267	0.02055	0.24412	0.02182	0.15760	0.17840	0.00431	0.11581	0.03009	0.02376	0.00535
12	0.03178	0.01109	0.01363	0.10155	0.03380	0.03242	0.05297	0.05354	0.33734	0.04269	0.02175	0.12020	0.04013	0.04198	0.00706	0.00213	0.00536	0.03818	0.00490	0.00751
13	0.00794	0.00649	0.00890	0.00882	0.01020	0.00610	0.05983	0.01043	0.06177	0.01609	0.06898	0.46562	0.21680	0.01513	0.00700	0.00215	0.00373	0.01358	0.00521	0.00525
14	0.00739	0.00546	0.00693	0.00789	0.00874	0.00506	0.00574	0.00879	0.01188	0.01542	0.06361	0.47268	0.18384	0.03691	0.00784	0.00236	0.00360	0.13578	0.00529	0.00479
15	0.01339	0.01299	0.02270	0.23326	0.23949	0.01343	0.20640	0.06447	0.04185	0.01880	0.01144	0.01487	0.00889	0.00535	0.00587	0.00176	0.00746	0.00546	0.00311	0.06899
16	0.01368	0.01332	0.15761	0.01250	0.04480	0.01003	0.06225	0.10348	0.04580	0.13494	0.07806	0.13068	0.11449	0.01000	0.02075	0.00202	0.00564	0.00807	0.02445	0.00744
17	0.01888	0.00893	0.01192	0.00977	0.01253	0.00876	0.00774	0.02059	0.01372	0.45289	0.06112	0.02444	0.04843	0.14201	0.02944	0.00268	0.10620	0.00661	0.00567	0.00768
18	0.00706	0.00520	0.00667	0.00775	0.00840	0.00482	0.00536	0.00821	0.01132	0.01480	0.03522	0.62986	0.15111	0.01794	0.02720	0.00245	0.00364	0.04303	0.00525	0.00471
19	0.03619	0.01007	0.01639	0.60762	0.08992	0.01200	0.01451	0.01528	0.01163	0.05598	0.01106	0.01549	0.00835	0.00635	0.00630	0.03659	0.00706	0.00506	0.02760	0.00655
20	0.01018	0.00823	0.01077	0.05192	0.01288	0.00899	0.02952	0.08507	0.09014	0.01764	0.02528	0.38741	0.07035	0.03289	0.06199	0.00273	0.07216	0.01113	0.00474	0.00595

[dist]
# distance from previous block
# <min> <max>
1	4

[block]
# block no. 3 follows, 41 sequences, length 11
# corresponding to MSA columns:
# 185-193,198,199
name=unknown_D
#
# <colnr> <probs for GDERKNQSTAVLIFYWHMCP>
#	G	D	E	R	K	N	Q	S	T	A	V	L	I	F	Y	W	H	M	C	P
0	0.00740	0.00540	0.00692	0.00758	0.00840	0.00499	0.00535	0.00894	0.01259	0.01691	0.22808	0.44996	0.12252	0.04345	0.00789	0.00227	0.00328	0.04772	0.00551	0.00485
1	0.01469	0.01451	0.02206	0.03215	0.66185	0.06954	0.01655	0.01874	0.05950	0.01867	0.01140	0.01432	0.00946	0.00532	0.00564	0.00170	0.00691	0.00508	0.00303	0.00888
2	0.01476	0.05533	0.04901	0.01622	0.08619	0.01284	0.18998	0.08994	0.06125	0.07767	0.03208	0.01503	0.01074	0.00577	0.00626	0.00159	0.05103	0.00521	0.00382	0.21529
3	0.01453	0.17076	0.36974	0.01364	0.01954	0.07765	0.01505	0.05299	0.01327	0.07384	0.03653	0.01310	0.00959	0.00604	0.00601	0.00167	0.05974	0.00435	0.00315	0.03879
4	0.02745	0.08380	0.23074	0.01241	0.01675	0.03112	0.04112	0.06879	0.03938	0.06811	0.13979	0.05291	0.06452	0.00853	0.00685	0.00188	0.06340	0.03085	0.00422	0.00737
5	0.00806	0.00549	0.00649	0.00691	0.00703	0.00536	0.00413	0.00833	0.00927	0.01238	0.02248	0.27995	0.02637	0.54724	0.02215	0.00453	0.00489	0.01090	0.00411	0.00393
6	0.01295	0.01297	0.05358	0.13998	0.41892	0.01258	0.06690	0.03151	0.04088	0.01862	0.04010	0.02078	0.04664	0.00675	0.00604	0.00186	0.00674	0.05075	0.00338	0.00807
7	0.01425	0.17752	0.27853	0.01771	0.09799	0.04866	0.15944	0.01839	0.01288	0.06666	0.01200	0.04885	0.00975	0.00598	0.00553	0.00174	0.00771	0.00526	0.00308	0.00805
8	0.01460	0.38369	0.09001	0.01077	0.01503	0.07283	0.04923	0.06362	0.01332	0.01753	0.01289	0.01448	0.03418	0.00594	0.00449	0.00144	0.00606	0.00438	0.17835	0.00714
9	0.00714	0.00510	0.00676	0.00808	0.00842	0.00475	0.00538	0.00809	0.01105	0.01476	0.03163	0.79345	0.03791	0.01800	0.00736	0.00235	0.00338	0.01628	0.00536	0.00473
10	0.01445	0.01567	0.07477	0.11639	0.25483	0.08236	0.19058	0.03760	0.04301	0.03682	0.01238	0.01670	0.01005	0.00611	0.00648	0.00187	0.03426	0.03441	0.00324	0.00801

[dist]
# distance from previous block
# <min> <max>
0	1

[block]
# block no. 4 follows, 41 sequences, length 22
# corresponding to MSA columns:
# 201-222
name=unknown_E
#
# <colnr> <probs for GDERKNQSTAVLIFYWHMCP>
#	G	D	E	R	K	N	Q	S	T	A	V	L	I	F	Y	W	H	M	C	P
0	0.01330	0.10501	0.55762	0.01561	0.02291	0.01387	0.06362	0.01864	0.01280	0.06981	0.03020	0.02850	0.01001	0.00617	0.00564	0.00186	0.00795	0.00491	0.00309	0.00848
1	0.00755	0.00554	0.00690	0.00788	0.00853	0.00505	0.00532	0.00850	0.01167	0.01535	0.05930	0.61914	0.15366	0.04594	0.00819	0.00245	0.00349	0.01518	0.00543	0.00493
2	0.05808	0.01256	0.01878	0.26599	0.33504	0.05368	0.03639	0.01660	0.01279	0.01799	0.01259	0.01857	0.01074	0.00649	0.00585	0.00190	0.00703	0.05434	0.04694	0.00766
3	0.00731	0.00556	0.00616	0.00642	0.00743	0.00502	0.00432	0.00828	0.01132	0.01425	0.06561	0.20070	0.36834	0.24797	0.01351	0.00308	0.00376	0.01175	0.00480	0.00441
4	0.01482	0.01364	0.03925	0.04184	0.01660	0.06879	0.02404	0.16280	0.10685	0.02223	0.01243	0.01351	0.00968	0.00543	0.00495	0.00130	0.00553	0.00431	0.00405	0.42797
5	0.03423	0.20052	0.25611	0.01427	0.05043	0.03472	0.07662	0.04280	0.06346	0.04448	0.01119	0.01259	0.00864	0.00535	0.00498	0.00154	0.00684	0.00429	0.00317	0.12374
6	0.01324	0.20438	0.50135	0.01424	0.02124	0.04086	0.01701	0.06741	0.01315	0.01806	0.01134	0.01274	0.02978	0.00569	0.00508	0.00166	0.00767	0.00424	0.00275	0.00812
7	0.00922	0.00577	0.00672	0.00680	0.00748	0.00597	0.00471	0.01066	0.01049	0.01613	0.04568	0.11908	0.02119	0.28889	0.05346	0.00344	0.03738	0.03212	0.31018	0.00462
8	0.01011	0.00739	0.00885	0.00800	0.00997	0.00730	0.01871	0.03219	0.03769	0.07979	0.14458	0.06192	0.39798	0.01204	0.00763	0.00192	0.08030	0.00983	0.05800	0.00580
9	0.07379	0.03723	0.23323	0.01293	0.01805	0.03513	0.05465	0.05045	0.18994	0.14430	0.06314	0.01738	0.01393	0.00664	0.00554	0.00179	0.00617	0.00544	0.00451	0.02576
10	0.01477	0.69767	0.02792	0.05920	0.01618	0.02097	0.00997	0.01678	0.01163	0.01389	0.00824	0.00975	0.00744	0.00490	0.00384	0.00124	0.00608	0.00321	0.00252	0.06381
11	0.00727	0.00536	0.00629	0.00688	0.00759	0.00494	0.00454	0.00813	0.01085	0.01391	0.03552	0.38177	0.24072	0.22428	0.01294	0.00307	0.00379	0.01295	0.00482	0.00439
12	0.03453	0.00993	0.01140	0.00943	0.01260	0.01004	0.00752	0.20793	0.06300	0.22519	0.08598	0.05229	0.08949	0.02546	0.00618	0.00182	0.00447	0.00696	0.12797	0.00780
13	0.01962	0.01488	0.01670	0.01533	0.11165	0.04807	0.01108	0.46934	0.08643	0.08200	0.03672	0.01657	0.03090	0.00702	0.00576	0.00173	0.00609	0.00556	0.00534	0.00921
14	0.01081	0.00642	0.00836	0.00765	0.00947	0.00579	0.00581	0.01320	0.01556	0.14489	0.52711	0.10102	0.09820	0.01164	0.00663	0.00185	0.00312	0.01019	0.00627	0.00601
15	0.00819	0.00563	0.00724	0.00743	0.00845	0.00519	0.00527	0.00997	0.01351	0.04364	0.36612	0.32672	0.09130	0.06433	0.00835	0.00224	0.00320	0.01241	0.00570	0.00510
16	0.00870	0.00644	0.00835	0.03898	0.00977	0.00709	0.00589	0.01057	0.05218	0.01309	0.01820	0.10534	0.01934	0.38217	0.26148	0.00594	0.03017	0.00808	0.00359	0.00462
17	0.64756	0.01389	0.05886	0.00955	0.01343	0.07968	0.03707	0.01805	0.04171	0.02380	0.00897	0.01031	0.00693	0.00545	0.00403	0.00176	0.00541	0.00351	0.00349	0.00656
18	0.03224	0.06952	0.03327	0.01411	0.06213	0.12121	0.02944	0.21294	0.04724	0.04842	0.01138	0.01292	0.00897	0.00651	0.00734	0.00165	0.13212	0.00455	0.00391	0.14010
19	0.01335	0.01192	0.02067	0.37601	0.31699	0.01291	0.07899	0.01698	0.01257	0.06798	0.01137	0.01513	0.00872	0.00549	0.00579	0.00182	0.00729	0.00528	0.00299	0.00775
20	0.01250	0.07061	0.01918	0.54164	0.03307	0.01350	0.07960	0.06126	0.01275	0.03475	0.01065	0.01460	0.00804	0.00559	0.00556	0.00177	0.00733	0.00499	0.00293	0.05967
21	0.03695	0.06189	0.01463	0.01062	0.01474	0.04262	0.05894	0.09138	0.07616	0.07971	0.04236	0.06822	0.04023	0.00690	0.00523	0.00145	0.00513	0.01623	0.00434	0.32229

[dist]
# distance from previous block
# <min> <max>
0	1

[block]
# block no. 5 follows, 41 sequences, length 6
# corresponding to MSA columns:
# 224-229
name=unknown_F
#
# <colnr> <probs for GDERKNQSTAVLIFYWHMCP>
#	G	D	E	R	K	N	Q	S	T	A	V	L	I	F	Y	W	H	M	C	P
0	0.00808	0.00599	0.00751	0.00822	0.00922	0.00577	0.00597	0.05085	0.01236	0.01617	0.03409	0.50087	0.16132	0.01788	0.05095	0.00264	0.00430	0.08756	0.00520	0.00506
1	0.01448	0.25810	0.19768	0.01312	0.04852	0.09771	0.01246	0.09585	0.05382	0.01814	0.01488	0.06267	0.04798	0.00717	0.00520	0.00166	0.00673	0.03278	0.00346	0.00759
2	0.06352	0.08463	0.07773	0.04494	0.12742	0.07822	0.03226	0.13510	0.04718	0.10227	0.05692	0.04692	0.01351	0.03444	0.00668	0.00187	0.02869	0.00565	0.00417	0.00787
3	0.12900	0.01448	0.01409	0.03964	0.12593	0.18857	0.00991	0.06134	0.06942	0.14063	0.07750	0.01862	0.03465	0.04415	0.00651	0.00189	0.00630	0.00549	0.00441	0.00748
4	0.03760	0.05545	0.01170	0.00946	0.01196	0.04418	0.00729	0.09260	0.07136	0.19122	0.03868	0.17526	0.04690	0.11575	0.06187	0.00285	0.00568	0.00820	0.00511	0.00688
5	0.03369	0.01255	0.06738	0.05260	0.13317	0.04711	0.03970	0.10166	0.10041	0.04962	0.04635	0.13240	0.09410	0.00898	0.00625	0.00187	0.02234	0.00769	0.03477	0.00735

[dist]
# distance from previous block
# <min> <max>
0	2

[block]
# block no. 6 follows, 41 sequences, length 20
# corresponding to MSA columns:
# 234-253
name=unknown_G
#
# <colnr> <probs for GDERKNQSTAVLIFYWHMCP>
#	G	D	E	R	K	N	Q	S	T	A	V	L	I	F	Y	W	H	M	C	P
0	0.15279	0.04745	0.04483	0.16289	0.14098	0.02663	0.01112	0.03151	0.07111	0.04189	0.06387	0.01762	0.02756	0.00638	0.00517	0.00168	0.00564	0.01964	0.02710	0.09416
1	0.01380	0.01272	0.03677	0.01477	0.12199	0.09017	0.06356	0.05992	0.05462	0.05828	0.05267	0.10078	0.01631	0.02337	0.00615	0.00170	0.00582	0.04597	0.01590	0.20473
2	0.01137	0.05317	0.01482	0.24136	0.02057	0.01149	0.05389	0.06881	0.05541	0.01604	0.01508	0.11927	0.01467	0.13199	0.03781	0.04636	0.07126	0.00712	0.00350	0.00599
3	0.00873	0.00709	0.00972	0.19690	0.01600	0.02655	0.00797	0.01043	0.01073	0.01409	0.04213	0.32487	0.02441	0.16267	0.09194	0.00352	0.00625	0.02702	0.00402	0.00498
4	0.01384	0.01289	0.09225	0.01045	0.01507	0.01035	0.00921	0.15225	0.03224	0.05309	0.05419	0.05919	0.01318	0.00645	0.00555	0.00137	0.03181	0.00515	0.00418	0.41729
5	0.12067	0.01294	0.01619	0.10432	0.14290	0.05826	0.04448	0.09306	0.09498	0.04514	0.01231	0.01440	0.00963	0.00633	0.00671	0.00176	0.09311	0.00487	0.04473	0.07320
6	0.00878	0.00621	0.00783	0.00793	0.00948	0.00545	0.00577	0.01038	0.01227	0.05359	0.10611	0.43534	0.12749	0.01429	0.00671	0.00200	0.00351	0.05191	0.00523	0.11970
7	0.01408	0.06737	0.19335	0.07900	0.16374	0.02925	0.05952	0.11574	0.03477	0.04916	0.05457	0.02967	0.04178	0.00680	0.00603	0.00179	0.02552	0.01617	0.00368	0.00802
8	0.03821	0.15230	0.04221	0.08842	0.17263	0.17482	0.02762	0.13506	0.01570	0.08429	0.01125	0.01283	0.00869	0.00575	0.00520	0.00161	0.00729	0.00447	0.00360	0.00805
9	0.00797	0.00532	0.00663	0.00746	0.00792	0.00514	0.00506	0.00906	0.01061	0.01474	0.02644	0.44005	0.03028	0.21598	0.01254	0.00306	0.00400	0.08131	0.10194	0.00448
10	0.01283	0.09541	0.02157	0.24814	0.19367	0.03970	0.14353	0.01687	0.05344	0.01711	0.07049	0.01679	0.01237	0.00628	0.00616	0.02247	0.00710	0.00561	0.00315	0.00730
11	0.00975	0.00509	0.00763	0.00763	0.00774	0.00520	0.00520	0.00774	0.00763	0.01029	0.01050	0.01792	0.01039	0.02229	0.10163	0.74690	0.00606	0.00509	0.00254	0.00276
12	0.01115	0.01053	0.01779	0.70636	0.11551	0.01280	0.01606	0.01492	0.01160	0.01504	0.01023	0.01513	0.00778	0.00565	0.00571	0.00188	0.00754	0.00508	0.00257	0.00664
13	0.00740	0.00579	0.00671	0.00655	0.00814	0.00509	0.00488	0.00943	0.01445	0.01897	0.39006	0.07870	0.39678	0.01330	0.00678	0.00188	0.00282	0.01142	0.00578	0.00509
14	0.01677	0.61402	0.02663	0.01099	0.01541	0.20574	0.01009	0.01852	0.01274	0.01359	0.00817	0.00945	0.00735	0.00514	0.00403	0.00128	0.00714	0.00321	0.00257	0.00717
15	0.00761	0.00583	0.00697	0.00669	0.00825	0.00519	0.00502	0.00986	0.01505	0.02022	0.50533	0.04720	0.31062	0.01271	0.00675	0.00185	0.00277	0.01097	0.00594	0.00519
16	0.03463	0.01182	0.01344	0.01099	0.01482	0.01242	0.00886	0.21158	0.25149	0.26027	0.04380	0.02133	0.06271	0.00781	0.00582	0.00182	0.00493	0.00631	0.00613	0.00901
17	0.00707	0.00562	0.00619	0.00641	0.00781	0.00491	0.00458	0.00844	0.01258	0.01572	0.12340	0.19889	0.48477	0.07710	0.00864	0.00228	0.00317	0.01242	0.00527	0.00474
18	0.06816	0.01459	0.01557	0.01246	0.01658	0.01619	0.01027	0.56820	0.10114	0.03266	0.01571	0.01830	0.01217	0.00758	0.00578	0.00182	0.00592	0.06225	0.00557	0.00909
19	0.01553	0.07688	0.05935	0.01179	0.01555	0.05168	0.00992	0.19711	0.36294	0.02424	0.02048	0.06185	0.05171	0.00799	0.00570	0.00182	0.00544	0.00643	0.00514	0.00847

[dist]
# distance from previous block
# <min> <max>
1	20

[block]
# block no. 7 follows, 41 sequences, length 52
# corresponding to MSA columns:
# 274,275,287-336
name=unknown_H
#
# <colnr> <probs for GDERKNQSTAVLIFYWHMCP>
#	G	D	E	R	K	N	Q	S	T	A	V	L	I	F	Y	W	H	M	C	P
0	0.07709	0.01568	0.01443	0.01182	0.01554	0.17897	0.00945	0.30547	0.03180	0.16411	0.10332	0.01733	0.01520	0.00718	0.00558	0.00169	0.00632	0.00544	0.00529	0.00828
1	0.01294	0.01154	0.01905	0.51446	0.17828	0.01322	0.05189	0.07273	0.01322	0.04203	0.01104	0.01506	0.00834	0.00569	0.00576	0.00185	0.00737	0.00520	0.00301	0.00733
2	0.01371	0.00861	0.01075	0.06278	0.01334	0.00855	0.00751	0.11972	0.04788	0.16658	0.34279	0.03280	0.12154	0.00988	0.00630	0.00181	0.00407	0.00840	0.00596	0.00700
3	0.00846	0.04599	0.00883	0.04084	0.01036	0.03393	0.00632	0.00960	0.01148	0.01500	0.08790	0.54856	0.03315	0.01585	0.00800	0.06003	0.00403	0.04195	0.00485	0.00486
4	0.01326	0.05981	0.33349	0.01856	0.06095	0.01423	0.23932	0.01953	0.08849	0.04547	0.01224	0.01430	0.00909	0.00569	0.00637	0.00185	0.04074	0.00530	0.00311	0.00822
5	0.01201	0.01040	0.01222	0.00898	0.01370	0.00848	0.00720	0.01517	0.04868	0.01864	0.01068	0.01237	0.00887	0.00472	0.00509	0.00099	0.04618	0.00363	0.00346	0.74853
6	0.01685	0.01337	0.01422	0.01184	0.01513	0.04149	0.00951	0.34211	0.23478	0.02757	0.05365	0.01818	0.01455	0.00933	0.04540	0.00218	0.05286	0.00579	0.06276	0.00846
7	0.00716	0.00581	0.00634	0.00621	0.00797	0.00500	0.00466	0.00898	0.01397	0.01767	0.26631	0.05139	0.55123	0.01366	0.00676	0.00189	0.00284	0.01156	0.00560	0.00500
8	0.00739	0.00564	0.00735	0.00803	0.00905	0.00517	0.02046	0.00886	0.01206	0.01562	0.07401	0.46526	0.21872	0.01622	0.00720	0.00223	0.00355	0.10301	0.00531	0.00487
9	0.00890	0.00623	0.00815	0.00888	0.00999	0.00608	0.00705	0.01107	0.02669	0.03230	0.09754	0.17367	0.08056	0.13106	0.01067	0.00286	0.00458	0.36350	0.00515	0.00505
10	0.01328	0.05411	0.26740	0.01845	0.06246	0.01490	0.22171	0.06824	0.04286	0.01873	0.01135	0.02332	0.00902	0.00641	0.00797	0.00194	0.13370	0.01323	0.00302	0.00791
11	0.00843	0.00575	0.00747	0.00809	0.00890	0.00556	0.00601	0.00953	0.02475	0.01470	0.06537	0.22092	0.12535	0.10973	0.01267	0.15385	0.00433	0.19955	0.00462	0.00442
12	0.01373	0.03947	0.01949	0.02136	0.29038	0.05112	0.10734	0.01946	0.16798	0.03736	0.03405	0.02067	0.09568	0.00715	0.00659	0.00182	0.04807	0.00636	0.00389	0.00802
13	0.00862	0.02126	0.00869	0.00950	0.04083	0.00683	0.00632	0.01193	0.11753	0.01629	0.06706	0.54420	0.03282	0.06955	0.00844	0.00242	0.00381	0.01328	0.00515	0.00547
14	0.01903	0.11395	0.01877	0.01289	0.01738	0.01729	0.04688	0.48246	0.13343	0.02987	0.01421	0.01433	0.01050	0.00656	0.00548	0.00167	0.00610	0.00510	0.00510	0.03902
15	0.01744	0.37809	0.02244	0.01280	0.04601	0.25340	0.01047	0.07116	0.10665	0.01671	0.01065	0.01156	0.00885	0.00571	0.00462	0.00144	0.00725	0.00390	0.00327	0.00757
16	0.75336	0.02661	0.00987	0.00914	0.04896	0.01323	0.00700	0.04257	0.01054	0.02545	0.00831	0.00969	0.00648	0.00535	0.00373	0.00175	0.00464	0.00327	0.00356	0.00648
17	0.01373	0.02001	0.29608	0.11213	0.10462	0.04360	0.13325	0.09714	0.07271	0.01994	0.01182	0.01408	0.00880	0.00577	0.00600	0.00183	0.02197	0.00510	0.00320	0.00822
18	0.01360	0.01091	0.04244	0.09563	0.03358	0.04817	0.00920	0.10402	0.09946	0.10146	0.10590	0.03475	0.07831	0.05321	0.09882	0.00288	0.00655	0.02017	0.03394	0.00699
19	0.01071	0.01079	0.05302	0.10609	0.06325	0.01172	0.07957	0.01315	0.01073	0.01539	0.04094	0.10509	0.03308	0.03959	0.12078	0.00325	0.23669	0.00704	0.03296	0.00615
20	0.01397	0.01172	0.01378	0.12766	0.01828	0.02718	0.03180	0.15641	0.31773	0.02331	0.05930	0.02420	0.08146	0.00820	0.00595	0.00188	0.00532	0.03244	0.03152	0.00788
21	0.06593	0.00584	0.00645	0.00660	0.00690	0.00591	0.00395	0.00885	0.00884	0.01266	0.01947	0.15621	0.02249	0.61931	0.02386	0.00477	0.00511	0.00922	0.00376	0.00384
22	0.01153	0.02867	0.72915	0.01623	0.02424	0.01351	0.02067	0.01788	0.01190	0.01788	0.01012	0.01210	0.00726	0.00568	0.00615	0.00185	0.05016	0.00427	0.00242	0.00834
23	0.00769	0.00557	0.00721	0.00754	0.00852	0.00517	0.00545	0.00960	0.01368	0.01874	0.38780	0.30791	0.09320	0.04276	0.00782	0.00218	0.00319	0.05522	0.00572	0.00502
24	0.01607	0.01284	0.01523	0.06505	0.01769	0.01253	0.03380	0.32643	0.01831	0.02579	0.01174	0.01302	0.00896	0.00548	0.00506	0.00133	0.00553	0.00437	0.00431	0.39646
25	0.00845	0.00639	0.00838	0.03484	0.04041	0.00611	0.00658	0.01085	0.03323	0.03063	0.24994	0.23696	0.18802	0.01423	0.02117	0.00219	0.00382	0.08697	0.00541	0.00542
26	0.02042	0.01514	0.09901	0.01288	0.01781	0.01370	0.04797	0.34843	0.06034	0.24293	0.02518	0.01599	0.01159	0.00668	0.00572	0.00174	0.00608	0.00538	0.00554	0.03746
27	0.01302	0.06761	0.04607	0.09860	0.48313	0.01302	0.03029	0.01637	0.01278	0.01766	0.01365	0.02197	0.01258	0.00687	0.00590	0.00184	0.00669	0.12075	0.00316	0.00803
28	0.00832	0.00555	0.00624	0.00624	0.00624	0.00555	0.00347	0.00832	0.00832	0.01109	0.01802	0.03743	0.02080	0.79898	0.02911	0.00555	0.00555	0.00832	0.00347	0.00347
29	0.01282	0.01342	0.02259	0.01786	0.01966	0.01657	0.24051	0.01519	0.01024	0.01519	0.00878	0.01342	0.00787	0.00839	0.01502	0.00232	0.54526	0.00555	0.00262	0.00671
30	0.01214	0.01822	0.25186	0.13122	0.06779	0.01321	0.33550	0.01705	0.01259	0.01752	0.01214	0.06170	0.00988	0.00595	0.00618	0.00190	0.00845	0.00623	0.00284	0.00763
31	0.00730	0.00520	0.00689	0.00798	0.00846	0.00490	0.00549	0.00852	0.01146	0.01538	0.09950	0.63286	0.03810	0.05894	0.00846	0.00247	0.00351	0.06458	0.00530	0.00470
32	0.01097	0.01034	0.01746	0.74731	0.07599	0.01275	0.01597	0.01476	0.01152	0.01482	0.01020	0.01519	0.00770	0.00569	0.00572	0.00190	0.00758	0.00508	0.00256	0.00649
33	0.00943	0.00794	0.01144	0.01072	0.01140	0.01005	0.00851	0.01114	0.00902	0.01331	0.01321	0.02035	0.01267	0.07116	0.52100	0.00709	0.23737	0.00591	0.00292	0.00536
34	0.02048	0.01937	0.01636	0.01372	0.01733	0.35591	0.04940	0.19082	0.07075	0.12851	0.01345	0.01409	0.01003	0.00821	0.04399	0.00202	0.00840	0.00481	0.00439	0.00795
35	0.00779	0.00583	0.00722	0.00687	0.00836	0.00527	0.00515	0.01019	0.01546	0.02120	0.59724	0.04559	0.21810	0.01234	0.00675	0.00183	0.00274	0.01075	0.00607	0.00527
36	0.02412	0.01066	0.05130	0.01045	0.01492	0.00867	0.00897	0.03951	0.01613	0.68586	0.02215	0.05025	0.01468	0.00743	0.00580	0.00179	0.00501	0.00609	0.00675	0.00946
37	0.01298	0.01148	0.04421	0.01342	0.07155	0.02990	0.06028	0.18281	0.09161	0.02145	0.04493	0.25254	0.02179	0.04066	0.02161	0.00227	0.01724	0.04741	0.00480	0.00707
38	0.00918	0.00604	0.00736	0.00736	0.00897	0.00536	0.00549	0.01092	0.01353	0.09445	0.19993	0.24348	0.30284	0.01408	0.00685	0.00202	0.00329	0.04771	0.00571	0.00543
39	0.00701	0.00503	0.00668	0.00798	0.00836	0.00469	0.00537	0.00805	0.01104	0.01467	0.03200	0.76580	0.05134	0.01781	0.00730	0.00232	0.00335	0.03122	0.00531	0.00466
40	0.01439	0.01352	0.01857	0.03586	0.42534	0.08151	0.01369	0.10531	0.01480	0.01996	0.06515	0.10351	0.01525	0.00750	0.00643	0.00179	0.03911	0.00659	0.00370	0.00801
41	0.01196	0.09384	0.55799	0.01660	0.04971	0.01416	0.06921	0.01748	0.01189	0.01733	0.01024	0.01257	0.00772	0.00707	0.03712	0.00210	0.04799	0.00445	0.00250	0.00808
42	0.00837	0.00616	0.00814	0.00922	0.01047	0.00592	0.00764	0.01050	0.01275	0.01637	0.03552	0.19268	0.16584	0.01594	0.00759	0.00245	0.00449	0.46959	0.00528	0.00508
43	0.03472	0.11403	0.17989	0.04339	0.02330	0.13336	0.26758	0.01990	0.06474	0.04800	0.01157	0.01361	0.00875	0.00546	0.00564	0.00174	0.00833	0.00510	0.00313	0.00775
44	0.01524	0.24736	0.11405	0.03357	0.07997	0.01489	0.04082	0.08929	0.06014	0.11192	0.01644	0.03551	0.06277	0.00852	0.04369	0.00202	0.00658	0.00543	0.00390	0.00790
45	0.00731	0.00530	0.00696	0.00809	0.00873	0.00495	0.00575	0.00864	0.01168	0.01543	0.07164	0.60163	0.09522	0.01704	0.00731	0.00231	0.00351	0.10837	0.00536	0.00478
46	0.03218	0.02795	0.68950	0.01673	0.02484	0.01337	0.08055	0.01810	0.01214	0.01832	0.01032	0.01229	0.00734	0.00538	0.00550	0.00182	0.00845	0.00441	0.00248	0.00834
47	0.01505	0.01482	0.02139	0.09659	0.43366	0.09423	0.07801	0.08097	0.05194	0.01966	0.03090	0.01503	0.01036	0.00567	0.00575	0.00173	0.00722	0.00530	0.00331	0.00840
48	0.01186	0.01106	0.01841	0.48546	0.18915	0.01288	0.04001	0.04123	0.01213	0.01624	0.01077	0.01542	0.00855	0.00859	0.06514	0.00243	0.03566	0.00522	0.00277	0.00700
49	0.01823	0.01465	0.01483	0.01301	0.04852	0.15819	0.04006	0.27896	0.01880	0.11344	0.04121	0.10896	0.01502	0.00801	0.00572	0.00172	0.00625	0.00653	0.08002	0.00787
50	0.01043	0.04859	0.09300	0.00838	0.01115	0.00769	0.00740	0.04300	0.01436	0.08173	0.26043	0.07140	0.25479	0.05330	0.00755	0.00203	0.00408	0.00939	0.00522	0.00607
51	0.06685	0.00705	0.00855	0.04220	0.03547	0.00718	0.00635	0.06122	0.01199	0.01674	0.05656	0.28691	0.09505	0.20845	0.01219	0.00297	0.00453	0.06003	0.00459	0.00513

[dist]
# distance from previous block
# <min> <max>
1	7

# created by:
# /home/cegg/simao/soft/augustus-3.2.1/scripts/msa2prfl.pl ./align_prep/EOG091G0ZTA.fa
