[name]
unknown

[dist]
# distance from previous block
# <min> <max>
0	25

[block]
# block no. 0 follows, 36 sequences, length 42
# corresponding to MSA columns:
# 25-66
name=unknown_A
#
# <colnr> <probs for GDERKNQSTAVLIFYWHMCP>
#	G	D	E	R	K	N	Q	S	T	A	V	L	I	F	Y	W	H	M	C	P
0	0.03861	0.41106	0.13841	0.03735	0.01770	0.01775	0.01237	0.01785	0.01319	0.04993	0.01526	0.04843	0.01460	0.00827	0.00547	0.00183	0.00673	0.13389	0.00360	0.00771
1	0.04787	0.07832	0.01740	0.01367	0.03678	0.16864	0.01065	0.28327	0.07276	0.09008	0.04363	0.05244	0.01444	0.03404	0.00684	0.00197	0.00708	0.00608	0.00522	0.00882
2	0.00988	0.00682	0.00834	0.00818	0.00979	0.00632	0.00599	0.04429	0.01557	0.05979	0.29574	0.25347	0.20096	0.03586	0.00808	0.00226	0.00357	0.01292	0.00625	0.00593
3	0.01413	0.01256	0.02036	0.10335	0.34631	0.01313	0.06691	0.01943	0.10735	0.04331	0.01607	0.02215	0.01374	0.03761	0.09043	0.00304	0.00821	0.04952	0.00385	0.00853
4	0.22270	0.05139	0.06018	0.08709	0.04193	0.14882	0.01124	0.07056	0.10021	0.08882	0.01403	0.01500	0.01997	0.00663	0.00537	0.00184	0.00693	0.00484	0.00431	0.03815
5	0.04486	0.00653	0.00707	0.00699	0.00843	0.00605	0.00494	0.01005	0.01319	0.01751	0.17011	0.05011	0.35173	0.23559	0.01427	0.00323	0.00411	0.03490	0.00531	0.00503
6	0.10309	0.00881	0.00968	0.00910	0.01128	0.00890	0.00673	0.10713	0.04734	0.04646	0.06542	0.28027	0.12908	0.08959	0.00922	0.00252	0.00449	0.01111	0.00548	0.04432
7	0.01147	0.00942	0.01374	0.09290	0.01699	0.01023	0.07668	0.06391	0.06667	0.01950	0.04811	0.17131	0.06403	0.01784	0.13922	0.00358	0.04692	0.05240	0.06846	0.00664
8	0.23105	0.10577	0.01550	0.01070	0.01518	0.05579	0.00894	0.04327	0.06363	0.33876	0.01703	0.01611	0.01177	0.00679	0.00528	0.00181	0.00567	0.00498	0.00558	0.03638
9	0.00913	0.00639	0.00786	0.00806	0.00950	0.00581	0.00597	0.01103	0.01445	0.05143	0.23416	0.21964	0.23863	0.06670	0.00920	0.00250	0.00376	0.08419	0.00603	0.00557
10	0.10896	0.00753	0.00861	0.00823	0.00991	0.00748	0.00589	0.01427	0.03910	0.11060	0.10659	0.17266	0.07559	0.19781	0.02978	0.02991	0.00481	0.00978	0.04658	0.00591
11	0.01371	0.01276	0.01770	0.31745	0.10624	0.05886	0.03771	0.04864	0.12810	0.01876	0.01478	0.04655	0.01223	0.01107	0.06802	0.03418	0.03564	0.00630	0.00372	0.00759
12	0.82504	0.01205	0.00916	0.00819	0.01205	0.01398	0.00675	0.01832	0.01060	0.02795	0.00868	0.01012	0.00675	0.00578	0.00386	0.00193	0.00482	0.00337	0.00386	0.00675
13	0.00971	0.00663	0.00791	0.00804	0.00936	0.00620	0.00572	0.01172	0.04029	0.06255	0.11992	0.23074	0.21535	0.18024	0.01271	0.00308	0.00422	0.05448	0.00562	0.00550
14	0.03925	0.00954	0.01416	0.07166	0.24149	0.00967	0.01089	0.01454	0.03342	0.01942	0.11870	0.08367	0.08667	0.01129	0.00870	0.10253	0.00534	0.04029	0.07195	0.00683
15	0.01666	0.78478	0.03265	0.01066	0.01599	0.02465	0.01066	0.01866	0.01266	0.01466	0.00866	0.00999	0.00800	0.00533	0.00400	0.00133	0.00666	0.00333	0.00267	0.00800
16	0.02395	0.01703	0.01844	0.01414	0.01911	0.01870	0.01168	0.67921	0.02859	0.08244	0.01555	0.01534	0.01089	0.00749	0.00623	0.00187	0.00676	0.00565	0.00632	0.01060
17	0.00769	0.00594	0.00673	0.00727	0.00842	0.00530	0.00499	0.00886	0.01260	0.01580	0.04600	0.32734	0.37295	0.12770	0.01110	0.00283	0.00375	0.01428	0.00549	0.00497
18	0.01353	0.01106	0.01846	0.26540	0.25873	0.01181	0.04032	0.01609	0.01263	0.06121	0.01401	0.06892	0.01241	0.03775	0.01000	0.12332	0.00708	0.00658	0.00342	0.00729
19	0.82504	0.01205	0.00916	0.00819	0.01205	0.01398	0.00675	0.01832	0.01060	0.02795	0.00868	0.01012	0.00675	0.00578	0.00386	0.00193	0.00482	0.00337	0.00386	0.00675
20	0.03892	0.00852	0.00967	0.00920	0.01164	0.00847	0.00716	0.01771	0.16581	0.10791	0.07120	0.10398	0.25067	0.04252	0.00795	0.00233	0.00429	0.09520	0.02988	0.00696
21	0.06854	0.00911	0.01070	0.02689	0.04500	0.00959	0.00790	0.04241	0.16945	0.04969	0.12515	0.17063	0.08738	0.01291	0.03545	0.00239	0.00479	0.02892	0.08598	0.00712
22	0.01403	0.01004	0.01220	0.01196	0.05740	0.01041	0.00856	0.06451	0.23360	0.10217	0.24327	0.12331	0.06015	0.01108	0.00686	0.00207	0.00441	0.00961	0.00635	0.00801
23	0.00765	0.00606	0.00689	0.00723	0.00873	0.00530	0.00521	0.00930	0.01408	0.01782	0.15924	0.26403	0.43366	0.01638	0.00753	0.00220	0.00325	0.01417	0.00595	0.00530
24	0.01153	0.00837	0.01008	0.05626	0.01224	0.00887	0.00690	0.13338	0.02603	0.01882	0.05365	0.19457	0.02485	0.34009	0.06324	0.00430	0.00629	0.01005	0.00473	0.00574
25	0.01299	0.05911	0.01681	0.04515	0.12837	0.01298	0.03559	0.08171	0.06382	0.01872	0.01490	0.02042	0.01318	0.05947	0.31609	0.00547	0.07800	0.00620	0.00368	0.00734
26	0.00831	0.00610	0.00795	0.00917	0.01013	0.00574	0.00693	0.01002	0.01303	0.01690	0.03844	0.44631	0.14914	0.01822	0.00806	0.00257	0.00420	0.22769	0.00577	0.00530
27	0.01707	0.73763	0.03171	0.01100	0.01620	0.07032	0.01075	0.01905	0.01297	0.01470	0.00872	0.01007	0.00800	0.00540	0.00410	0.00135	0.00695	0.00337	0.00270	0.00795
28	0.01856	0.04897	0.03785	0.10945	0.35939	0.01407	0.04839	0.06443	0.01575	0.19951	0.01490	0.01672	0.01096	0.00626	0.00615	0.00189	0.00710	0.00569	0.00435	0.00960
29	0.01418	0.05665	0.35377	0.18110	0.02899	0.10982	0.09066	0.01928	0.01352	0.01788	0.01084	0.01393	0.00818	0.00623	0.00680	0.00198	0.05021	0.00501	0.00279	0.00819
30	0.00958	0.00706	0.00845	0.00925	0.05507	0.00621	0.00635	0.01139	0.01430	0.07123	0.08257	0.15761	0.48452	0.01500	0.00734	0.00216	0.00372	0.03645	0.00581	0.00596
31	0.01811	0.02178	0.06786	0.07554	0.09231	0.31382	0.15910	0.06371	0.01598	0.01845	0.01119	0.01422	0.00899	0.00808	0.03883	0.00222	0.05330	0.00529	0.00328	0.00793
32	0.01422	0.02060	0.29324	0.10833	0.11027	0.01412	0.18442	0.02034	0.05862	0.06403	0.01415	0.04472	0.01095	0.00654	0.00645	0.00203	0.00848	0.00622	0.00348	0.00880
33	0.01316	0.01256	0.02147	0.35547	0.34536	0.01368	0.04907	0.01695	0.01337	0.01808	0.01445	0.04471	0.04124	0.00676	0.00636	0.00200	0.00763	0.00638	0.00316	0.00814
34	0.01546	0.01476	0.08737	0.18530	0.02312	0.10274	0.04540	0.01990	0.07355	0.12611	0.01896	0.12895	0.01684	0.00912	0.00650	0.00204	0.00706	0.05388	0.00454	0.05841
35	0.01387	0.04493	0.22977	0.06918	0.06755	0.01179	0.01370	0.04402	0.07523	0.10205	0.10494	0.15539	0.02195	0.00961	0.00651	0.00205	0.00630	0.00825	0.00475	0.00817
36	0.03649	0.02152	0.21836	0.02042	0.15012	0.11029	0.08820	0.15685	0.01737	0.07422	0.01303	0.01491	0.00971	0.00766	0.03153	0.00217	0.00870	0.00533	0.00395	0.00917
37	0.01484	0.01468	0.04702	0.14498	0.08289	0.01426	0.26595	0.12753	0.03761	0.02271	0.05905	0.01954	0.03969	0.00669	0.00660	0.00193	0.00790	0.00669	0.00401	0.07540
38	0.01372	0.01381	0.10597	0.21876	0.03514	0.01206	0.03958	0.10781	0.03770	0.04700	0.01679	0.15279	0.01531	0.00855	0.00627	0.00191	0.00660	0.00745	0.00421	0.14857
39	0.01580	0.01234	0.01656	0.18810	0.08661	0.01364	0.01230	0.13092	0.11317	0.08654	0.10526	0.02069	0.01723	0.00790	0.00756	0.00197	0.07641	0.00637	0.00484	0.07580
40	0.03770	0.01604	0.07727	0.23869	0.20810	0.06697	0.06575	0.07328	0.05961	0.02065	0.01237	0.01551	0.00960	0.00608	0.00605	0.00188	0.00782	0.00539	0.00348	0.06776
41	0.05024	0.01293	0.03700	0.23231	0.11098	0.03471	0.04487	0.02039	0.16147	0.04405	0.05009	0.02030	0.03414	0.02723	0.00674	0.00201	0.00662	0.00617	0.00418	0.09357

[dist]
# distance from previous block
# <min> <max>
1	55

[block]
# block no. 1 follows, 36 sequences, length 46
# corresponding to MSA columns:
# 126-134,136-152,157-176
name=unknown_B
#
# <colnr> <probs for GDERKNQSTAVLIFYWHMCP>
#	G	D	E	R	K	N	Q	S	T	A	V	L	I	F	Y	W	H	M	C	P
0	0.05303	0.04999	0.19588	0.11661	0.15096	0.01289	0.04355	0.03095	0.03034	0.04025	0.07073	0.04617	0.06210	0.00751	0.00609	0.00189	0.00687	0.00646	0.00381	0.06390
1	0.01474	0.05924	0.15844	0.06096	0.03632	0.05056	0.07053	0.03778	0.04557	0.09509	0.06061	0.07928	0.01634	0.04792	0.02381	0.00224	0.02410	0.00675	0.00423	0.10546
2	0.01406	0.03103	0.04515	0.13034	0.14129	0.05042	0.04117	0.09744	0.03883	0.02046	0.03772	0.13647	0.01659	0.04271	0.00804	0.00212	0.03974	0.00754	0.00411	0.09477
3	0.01439	0.01316	0.02041	0.08705	0.42887	0.01370	0.01532	0.06718	0.03098	0.02115	0.06670	0.02109	0.07047	0.00743	0.00726	0.00192	0.05839	0.00649	0.00383	0.04421
4	0.03150	0.06401	0.05252	0.08322	0.18969	0.10315	0.12889	0.01911	0.01412	0.05099	0.01333	0.01597	0.03356	0.00615	0.00643	0.00175	0.03575	0.00542	0.00344	0.14101
5	0.01440	0.03955	0.19637	0.01900	0.10356	0.01438	0.14866	0.07489	0.01454	0.05042	0.05044	0.03656	0.03827	0.05576	0.00997	0.00233	0.11230	0.00666	0.00376	0.00821
6	0.08200	0.04276	0.20298	0.14398	0.05415	0.08249	0.06742	0.10114	0.01509	0.02139	0.01117	0.01379	0.00854	0.00619	0.00637	0.00185	0.04107	0.00487	0.00340	0.08933
7	0.01302	0.07455	0.61584	0.01842	0.02703	0.01523	0.11109	0.01970	0.01332	0.01946	0.01121	0.01343	0.00810	0.00580	0.00599	0.00195	0.00922	0.00488	0.00270	0.00903
8	0.09042	0.01424	0.01649	0.01517	0.11232	0.01440	0.01075	0.28412	0.07615	0.02861	0.01355	0.01459	0.01038	0.00623	0.00550	0.00159	0.00587	0.00490	0.00480	0.26992
9	0.01464	0.01489	0.06035	0.18989	0.41604	0.01467	0.07372	0.04944	0.04580	0.02036	0.01294	0.01749	0.01054	0.00622	0.00634	0.00197	0.00776	0.02460	0.00335	0.00900
10	0.00818	0.00629	0.00747	0.00730	0.00894	0.00559	0.00543	0.01047	0.01594	0.02124	0.43186	0.09704	0.32304	0.01434	0.00739	0.00205	0.00307	0.01240	0.00637	0.00559
11	0.01222	0.00712	0.00929	0.00936	0.01100	0.00663	0.00695	0.04039	0.01460	0.15006	0.10997	0.43390	0.07232	0.01580	0.00754	0.00234	0.00413	0.07369	0.00626	0.00643
12	0.01640	0.01446	0.03606	0.05970	0.30317	0.01489	0.01424	0.19636	0.09298	0.02481	0.01666	0.02022	0.03978	0.03941	0.00774	0.00210	0.02952	0.02495	0.00441	0.04218
13	0.01225	0.01157	0.01956	0.67004	0.13516	0.01397	0.01754	0.01634	0.01269	0.01650	0.01116	0.01645	0.00851	0.00614	0.00622	0.00205	0.00819	0.00554	0.00281	0.00731
14	0.01050	0.00864	0.00953	0.00897	0.01129	0.00883	0.00682	0.01778	0.25298	0.02227	0.24942	0.07301	0.27052	0.01260	0.00704	0.00208	0.00370	0.01075	0.00629	0.00696
15	0.00853	0.00594	0.00713	0.00777	0.00837	0.00568	0.00520	0.00952	0.01141	0.01521	0.03165	0.31087	0.12088	0.30276	0.01663	0.00376	0.00461	0.07320	0.04617	0.00470
16	0.01514	0.01714	0.03411	0.02629	0.08876	0.05216	0.59665	0.01991	0.01458	0.01954	0.01219	0.01628	0.00936	0.00558	0.00775	0.00208	0.04399	0.00696	0.00313	0.00839
17	0.01250	0.00667	0.00676	0.00644	0.00815	0.00680	0.00491	0.06660	0.01426	0.02441	0.01993	0.02262	0.01557	0.00728	0.00449	0.00148	0.00319	0.00579	0.75599	0.00616
18	0.04746	0.00659	0.00673	0.00666	0.00833	0.00674	0.00517	0.03883	0.01362	0.02362	0.02064	0.02612	0.01697	0.00799	0.00474	0.00160	0.00335	0.06098	0.68787	0.00601
19	0.07544	0.00885	0.01114	0.00984	0.01291	0.00822	0.00779	0.02076	0.04518	0.34840	0.08614	0.17812	0.08591	0.01172	0.00678	0.00214	0.00458	0.06142	0.00662	0.00802
20	0.00833	0.00545	0.00740	0.00848	0.00875	0.00517	0.00562	0.00858	0.01101	0.01469	0.02883	0.58833	0.03410	0.05158	0.01236	0.17288	0.00409	0.01479	0.00506	0.00452
21	0.02327	0.02970	0.01766	0.01605	0.01926	0.75602	0.01204	0.02488	0.01766	0.01525	0.00963	0.01124	0.00803	0.00642	0.00562	0.00161	0.01124	0.00401	0.00321	0.00722
22	0.68473	0.01123	0.00912	0.00816	0.01159	0.01276	0.00650	0.01776	0.01077	0.06126	0.01081	0.01447	0.00915	0.10202	0.00743	0.00244	0.00499	0.00422	0.00404	0.00657
23	0.64057	0.01178	0.00990	0.00865	0.01233	0.01334	0.00703	0.07416	0.01266	0.05945	0.03094	0.01360	0.00981	0.03206	0.00520	0.00204	0.00491	0.00419	0.04033	0.00706
24	0.00837	0.00622	0.00751	0.00739	0.00873	0.00567	0.00530	0.01040	0.01511	0.02038	0.40777	0.11671	0.22476	0.11549	0.01062	0.00259	0.00347	0.01205	0.00608	0.00537
25	0.01017	0.00699	0.00766	0.00747	0.00808	0.00726	0.00464	0.01278	0.10470	0.01505	0.02046	0.03669	0.02150	0.60093	0.02560	0.00506	0.00558	0.00847	0.08614	0.00478
26	0.04325	0.00593	0.00814	0.00848	0.00885	0.00596	0.00591	0.00923	0.00954	0.01323	0.01732	0.13465	0.01879	0.08065	0.01997	0.51149	0.00522	0.08613	0.00362	0.00364
27	0.01100	0.00631	0.00821	0.00880	0.00996	0.00590	0.00635	0.01263	0.01297	0.11082	0.03067	0.49479	0.03352	0.03893	0.00803	0.00245	0.00400	0.07548	0.11329	0.00589
28	0.08748	0.01702	0.01794	0.01385	0.01874	0.01890	0.01144	0.66542	0.02781	0.03837	0.01446	0.01457	0.01029	0.00734	0.00604	0.00187	0.00669	0.00543	0.00604	0.01029
29	0.00754	0.00613	0.00670	0.00713	0.00877	0.00529	0.00523	0.00905	0.01364	0.01668	0.05463	0.23924	0.53491	0.01677	0.00756	0.00224	0.00338	0.04409	0.00578	0.00523
30	0.00959	0.00629	0.00757	0.00775	0.00894	0.00573	0.00534	0.01084	0.01288	0.07422	0.10232	0.29701	0.21999	0.18740	0.01293	0.00310	0.00411	0.01308	0.00559	0.00534
31	0.00806	0.00584	0.00709	0.00785	0.00873	0.00539	0.00543	0.00940	0.01262	0.01667	0.08131	0.42109	0.20006	0.10438	0.01035	0.00276	0.00380	0.04252	0.04157	0.00507
32	0.00904	0.00607	0.00692	0.00688	0.00700	0.00603	0.00394	0.00928	0.00974	0.01311	0.07689	0.04123	0.02553	0.71987	0.02977	0.00572	0.00579	0.00924	0.00402	0.00394
33	0.01426	0.14748	0.32717	0.01507	0.02093	0.10481	0.05027	0.04506	0.01365	0.01802	0.01195	0.01502	0.00971	0.01442	0.16214	0.00350	0.01057	0.00493	0.00302	0.00802
34	0.01147	0.01007	0.01343	0.18508	0.05612	0.07096	0.02444	0.01411	0.01171	0.01590	0.01476	0.02119	0.01300	0.04715	0.36767	0.02366	0.01197	0.00611	0.07499	0.00620
35	0.21841	0.00844	0.00916	0.00848	0.01111	0.00836	0.00671	0.01562	0.01461	0.13284	0.21717	0.08578	0.16249	0.01158	0.00644	0.00208	0.00408	0.06413	0.00587	0.00664
36	0.00813	0.00574	0.00725	0.00801	0.00849	0.00543	0.00526	0.00922	0.01208	0.01625	0.13118	0.46646	0.05991	0.21054	0.01384	0.00332	0.00412	0.01448	0.00543	0.00486
37	0.00752	0.00569	0.00695	0.00797	0.00885	0.00512	0.00547	0.00876	0.01261	0.01618	0.04297	0.56186	0.25075	0.01840	0.00778	0.00240	0.00348	0.01634	0.00578	0.00512
38	0.01292	0.01107	0.01292	0.00923	0.01477	0.00831	0.00738	0.01569	0.01292	0.02030	0.01107	0.01292	0.00923	0.00461	0.00461	0.00092	0.00461	0.00369	0.00369	0.81912
39	0.09683	0.01064	0.01150	0.01030	0.01294	0.01144	0.00788	0.19071	0.13808	0.02538	0.10862	0.17250	0.08187	0.04995	0.00856	0.03551	0.00484	0.00940	0.00569	0.00737
40	0.00802	0.00577	0.00752	0.00842	0.00912	0.00539	0.00584	0.00955	0.01320	0.01780	0.18419	0.52198	0.07477	0.05650	0.00903	0.00258	0.00367	0.04554	0.00591	0.00521
41	0.01532	0.01745	0.09138	0.07320	0.27239	0.08601	0.16331	0.04937	0.01476	0.01974	0.01319	0.01939	0.01130	0.00705	0.00757	0.00205	0.06362	0.06099	0.00337	0.00854
42	0.01296	0.00988	0.01301	0.01391	0.10208	0.01076	0.00929	0.09218	0.08916	0.04714	0.01992	0.11251	0.01950	0.17689	0.16260	0.00455	0.05394	0.03820	0.00454	0.00695
43	0.08329	0.00640	0.00735	0.00773	0.00882	0.00627	0.00539	0.01095	0.01285	0.01927	0.17265	0.32806	0.07743	0.11683	0.01016	0.00267	0.00380	0.01225	0.10253	0.00531
44	0.00996	0.00784	0.00917	0.00947	0.01110	0.00800	0.00700	0.02890	0.17884	0.01963	0.07967	0.36461	0.15656	0.01549	0.00746	0.00234	0.00403	0.06753	0.00598	0.00641
45	0.01789	0.01414	0.04817	0.01481	0.07420	0.07824	0.04224	0.07896	0.19167	0.17278	0.01967	0.05746	0.01566	0.04547	0.06972	0.03086	0.00732	0.00681	0.00526	0.00865

[dist]
# distance from previous block
# <min> <max>
1	9

[block]
# block no. 2 follows, 36 sequences, length 53
# corresponding to MSA columns:
# 186-238
name=unknown_C
#
# <colnr> <probs for GDERKNQSTAVLIFYWHMCP>
#	G	D	E	R	K	N	Q	S	T	A	V	L	I	F	Y	W	H	M	C	P
0	0.01831	0.06118	0.01657	0.01162	0.01673	0.01409	0.00957	0.32619	0.02026	0.05599	0.01380	0.03516	0.01088	0.00645	0.00544	0.00145	0.00572	0.00500	0.00496	0.36065
1	0.19404	0.01499	0.04106	0.05619	0.01810	0.06006	0.03831	0.26693	0.04231	0.07219	0.08314	0.03773	0.01553	0.02492	0.00644	0.00202	0.00636	0.00607	0.00517	0.00844
2	0.06187	0.04159	0.01296	0.01143	0.01399	0.05428	0.03574	0.06612	0.18850	0.02167	0.06306	0.20737	0.06691	0.01242	0.00692	0.00223	0.00532	0.11489	0.00551	0.00723
3	0.23059	0.05067	0.01391	0.03542	0.01468	0.01374	0.00942	0.04492	0.05617	0.10229	0.04109	0.07718	0.06394	0.00971	0.00914	0.00219	0.18406	0.02900	0.00460	0.00731
4	0.20569	0.01525	0.06049	0.06008	0.07089	0.09157	0.03434	0.06659	0.03717	0.06555	0.01427	0.06141	0.01249	0.00822	0.00755	0.00206	0.10003	0.04591	0.00412	0.03632
5	0.01585	0.14181	0.01557	0.01080	0.01389	0.04719	0.00866	0.08331	0.17302	0.10716	0.10200	0.08668	0.02288	0.10549	0.00938	0.00245	0.00557	0.03505	0.00540	0.00782
6	0.01045	0.00777	0.00933	0.00861	0.01061	0.00750	0.00667	0.09965	0.01814	0.02469	0.46690	0.06260	0.17487	0.01306	0.00730	0.00204	0.00365	0.05333	0.00649	0.00633
7	0.01089	0.00580	0.00883	0.05954	0.01048	0.00598	0.00622	0.00865	0.00841	0.01117	0.01084	0.01878	0.01065	0.02060	0.02312	0.76331	0.00561	0.00542	0.00271	0.00299
8	0.15283	0.01541	0.01591	0.01263	0.01694	0.01715	0.01024	0.50969	0.06439	0.03446	0.01490	0.01674	0.01143	0.07014	0.00792	0.00223	0.00635	0.00561	0.00565	0.00937
9	0.01030	0.00550	0.00787	0.00797	0.00812	0.00542	0.00530	0.00826	0.00878	0.01159	0.01593	0.07404	0.05495	0.06777	0.02273	0.66715	0.00520	0.00691	0.00315	0.00308
10	0.01003	0.00701	0.00876	0.00932	0.01075	0.00679	0.00699	0.01334	0.08498	0.06053	0.07994	0.38842	0.13631	0.01638	0.00769	0.00242	0.00411	0.13417	0.00601	0.00606
11	0.04477	0.02152	0.30351	0.08765	0.17310	0.01496	0.19961	0.01912	0.01348	0.01974	0.01144	0.01475	0.00869	0.00587	0.00680	0.00201	0.03574	0.00556	0.00292	0.00876
12	0.01179	0.00945	0.01109	0.00886	0.01241	0.00792	0.00661	0.04122	0.01242	0.01844	0.01541	0.08140	0.01535	0.19016	0.05393	0.00280	0.00564	0.00632	0.00396	0.48481
13	0.01097	0.00771	0.00852	0.00793	0.00986	0.00742	0.00588	0.09645	0.01540	0.04364	0.12281	0.06513	0.30071	0.16060	0.01167	0.00279	0.00429	0.03683	0.07545	0.00592
14	0.00775	0.00554	0.00737	0.00857	0.00907	0.00517	0.00580	0.00907	0.01267	0.01708	0.12538	0.68258	0.04348	0.01864	0.00787	0.00246	0.00353	0.01688	0.00592	0.00517
15	0.02044	0.01589	0.01680	0.01371	0.01802	0.03309	0.01115	0.46125	0.23470	0.03363	0.01900	0.02066	0.01454	0.00833	0.00639	0.00200	0.00631	0.04789	0.00617	0.01002
16	0.01246	0.00863	0.01012	0.00931	0.01114	0.00886	0.00695	0.17650	0.01618	0.02191	0.11018	0.14884	0.11613	0.07720	0.04040	0.13269	0.00523	0.02657	0.05462	0.00608
17	0.01048	0.00861	0.00953	0.00924	0.01139	0.00888	0.00691	0.01777	0.26341	0.02124	0.15886	0.18313	0.23932	0.01344	0.00712	0.00216	0.00382	0.01159	0.00616	0.00693
18	0.00896	0.00606	0.00677	0.00677	0.00689	0.00599	0.00383	0.00905	0.00938	0.01237	0.02230	0.04195	0.06665	0.73407	0.03022	0.00580	0.00586	0.00931	0.00390	0.00387
19	0.25910	0.08495	0.01956	0.03341	0.05373	0.04117	0.09457	0.27009	0.01837	0.02837	0.01161	0.01319	0.00883	0.00647	0.00588	0.00189	0.03093	0.00489	0.00439	0.00860
20	0.02005	0.01047	0.01308	0.01118	0.01485	0.01022	0.00915	0.06965	0.14901	0.36135	0.07154	0.03315	0.06294	0.01019	0.00680	0.00213	0.00514	0.12317	0.00687	0.00906
21	0.00865	0.00652	0.00796	0.00869	0.00973	0.00633	0.00616	0.01149	0.07808	0.01749	0.08309	0.44069	0.14659	0.07508	0.00953	0.00268	0.00396	0.06600	0.00575	0.00554
22	0.01082	0.00541	0.00812	0.00812	0.00812	0.00541	0.00541	0.00812	0.00812	0.01082	0.01082	0.01894	0.01082	0.02165	0.02435	0.81872	0.00541	0.00541	0.00271	0.00271
23	0.00852	0.00624	0.00799	0.00780	0.00919	0.00571	0.00575	0.01108	0.01656	0.02301	0.58164	0.14224	0.12322	0.01391	0.00743	0.00205	0.00305	0.01229	0.00661	0.00571
24	0.00874	0.00610	0.00789	0.00884	0.00973	0.00575	0.00624	0.01070	0.03607	0.04026	0.09230	0.57167	0.08994	0.01783	0.00780	0.00244	0.00377	0.06248	0.00595	0.00552
25	0.01292	0.01107	0.01292	0.00923	0.01477	0.00831	0.00738	0.01569	0.01292	0.02030	0.01107	0.01292	0.00923	0.00461	0.00461	0.00092	0.00461	0.00369	0.00369	0.81912
26	0.00778	0.00571	0.00734	0.00846	0.00920	0.00527	0.00590	0.00916	0.01275	0.01675	0.08086	0.58727	0.14156	0.01844	0.00787	0.00246	0.00364	0.05856	0.00585	0.00518
27	0.00912	0.00610	0.00698	0.00706	0.00714	0.00610	0.00413	0.00928	0.00936	0.01245	0.02039	0.04245	0.02340	0.73771	0.03040	0.00586	0.00602	0.04826	0.00389	0.00389
28	0.00928	0.00611	0.00807	0.00867	0.00967	0.00568	0.00619	0.01100	0.01381	0.06069	0.20958	0.46489	0.05935	0.04138	0.00850	0.00248	0.00375	0.05921	0.00610	0.00559
29	0.00758	0.00547	0.00718	0.00854	0.00900	0.00507	0.00572	0.00869	0.01206	0.01596	0.03601	0.73531	0.08178	0.01930	0.00792	0.00251	0.00359	0.01745	0.00578	0.00507
30	0.02366	0.01819	0.01864	0.01444	0.01932	0.06376	0.01185	0.67938	0.02859	0.03782	0.01464	0.01473	0.01044	0.00742	0.00620	0.00185	0.00712	0.00551	0.00605	0.01039
31	0.01466	0.01403	0.02391	0.18982	0.59654	0.01460	0.01874	0.01845	0.01383	0.01943	0.01159	0.01567	0.00954	0.00569	0.00618	0.00190	0.00759	0.00555	0.00302	0.00926
32	0.00870	0.00629	0.00706	0.00703	0.00865	0.00558	0.00510	0.01047	0.01422	0.03866	0.19093	0.13140	0.38835	0.08382	0.00939	0.00243	0.00347	0.01221	0.06083	0.00542
33	0.00848	0.00636	0.00786	0.00748	0.00910	0.00573	0.00561	0.01110	0.01684	0.02309	0.58143	0.04967	0.21742	0.01345	0.00735	0.00199	0.00299	0.01171	0.00661	0.00573
34	0.02336	0.02721	0.01787	0.01570	0.01927	0.60650	0.01200	0.16624	0.02002	0.02012	0.01071	0.01199	0.00855	0.00664	0.00574	0.00166	0.01035	0.00434	0.00382	0.00791
35	0.02491	0.01653	0.01735	0.01353	0.01831	0.08279	0.01107	0.45429	0.02486	0.24614	0.01732	0.01647	0.01179	0.00745	0.00619	0.00186	0.00679	0.00566	0.00640	0.01029
36	0.00751	0.00573	0.00691	0.00785	0.00882	0.00513	0.00541	0.00877	0.01273	0.01623	0.04445	0.52512	0.28653	0.01821	0.00775	0.00238	0.00345	0.01611	0.00578	0.00513
37	0.01082	0.00541	0.00812	0.00812	0.00812	0.00541	0.00541	0.00812	0.00812	0.01082	0.01082	0.01894	0.01082	0.02165	0.02435	0.81872	0.00541	0.00541	0.00271	0.00271
38	0.00905	0.00608	0.00699	0.00699	0.00706	0.00615	0.00402	0.00919	0.00912	0.01222	0.01945	0.03979	0.02223	0.73674	0.07542	0.00628	0.00668	0.00892	0.00375	0.00388
39	0.01660	0.01592	0.03358	0.02410	0.03019	0.01482	0.61821	0.02144	0.01515	0.12359	0.01431	0.01743	0.01031	0.00560	0.00720	0.00208	0.00976	0.00720	0.00380	0.00872
40	0.04046	0.76203	0.03196	0.01059	0.01588	0.02434	0.01055	0.01865	0.01260	0.01505	0.00866	0.01000	0.00796	0.00534	0.00399	0.00135	0.00661	0.00333	0.00270	0.00796
41	0.00736	0.00631	0.00631	0.00631	0.00842	0.00526	0.00473	0.00894	0.01420	0.01683	0.06312	0.05996	0.73964	0.01578	0.00736	0.00210	0.00316	0.01315	0.00579	0.00526
42	0.10481	0.01074	0.01395	0.01081	0.01553	0.00962	0.00893	0.02920	0.01714	0.67721	0.02305	0.02014	0.01459	0.00753	0.00603	0.00193	0.00526	0.00599	0.00734	0.01023
43	0.01705	0.56995	0.02902	0.01236	0.01713	0.13672	0.05186	0.01919	0.01338	0.01505	0.00959	0.01157	0.00860	0.00830	0.05549	0.00201	0.00828	0.00390	0.00282	0.00773
44	0.01825	0.01366	0.04380	0.01264	0.01616	0.01405	0.01037	0.35567	0.06008	0.09761	0.02120	0.22353	0.01962	0.01097	0.00750	0.00212	0.04908	0.00900	0.00592	0.00878
45	0.02795	0.01060	0.01446	0.01109	0.01591	0.00916	0.00916	0.03036	0.01783	0.74648	0.02458	0.02121	0.01542	0.00771	0.00627	0.00193	0.00530	0.00627	0.00771	0.01060
46	0.00894	0.00651	0.00918	0.00918	0.01000	0.00733	0.00674	0.01059	0.00977	0.01384	0.01745	0.02872	0.01742	0.23772	0.56787	0.00898	0.01392	0.00730	0.00345	0.00510
47	0.01249	0.01600	0.17473	0.40603	0.18034	0.01364	0.01798	0.01692	0.01273	0.01738	0.01181	0.01727	0.00951	0.05860	0.00788	0.00228	0.00816	0.00558	0.00287	0.00780
48	0.00988	0.00803	0.01129	0.01114	0.03912	0.00913	0.00827	0.01219	0.01307	0.01874	0.28876	0.03224	0.05345	0.04892	0.27289	0.00505	0.13876	0.00844	0.00464	0.00599
49	0.01803	0.01437	0.01808	0.31179	0.02818	0.01653	0.01369	0.38237	0.06199	0.02862	0.01540	0.01738	0.03116	0.00728	0.00627	0.00197	0.00721	0.00588	0.00485	0.00894
50	0.20341	0.01287	0.02033	0.33537	0.17857	0.01434	0.11294	0.01770	0.01269	0.02022	0.01086	0.01487	0.00842	0.00585	0.00582	0.00200	0.00761	0.00529	0.00314	0.00770
51	0.61655	0.01181	0.01155	0.16634	0.03986	0.01381	0.00926	0.01777	0.01114	0.02514	0.00949	0.01188	0.00734	0.00590	0.00443	0.00195	0.00558	0.00393	0.01942	0.00686
52	0.01301	0.01235	0.02094	0.51744	0.28178	0.01417	0.01792	0.01701	0.01305	0.01743	0.01129	0.01620	0.00884	0.00600	0.00621	0.00200	0.00800	0.00554	0.00288	0.00793

[dist]
# distance from previous block
# <min> <max>
3	4

[block]
# block no. 3 follows, 36 sequences, length 34
# corresponding to MSA columns:
# 244,254-273,289-301
name=unknown_D
#
# <colnr> <probs for GDERKNQSTAVLIFYWHMCP>
#	G	D	E	R	K	N	Q	S	T	A	V	L	I	F	Y	W	H	M	C	P
0	0.05797	0.01285	0.01528	0.01196	0.01625	0.01271	0.04261	0.25177	0.01807	0.02616	0.01552	0.12315	0.01410	0.00811	0.00649	0.00167	0.04263	0.00659	0.00478	0.31134
1	0.14261	0.01728	0.01723	0.01351	0.01824	0.05657	0.01110	0.58106	0.02592	0.03635	0.01375	0.01405	0.00989	0.00717	0.00585	0.00186	0.00678	0.00520	0.00572	0.00985
2	0.00818	0.00617	0.00728	0.00730	0.00863	0.00557	0.00519	0.01000	0.01449	0.01917	0.31124	0.15496	0.28199	0.11919	0.01075	0.00265	0.00353	0.01253	0.00592	0.00527
3	0.08470	0.01704	0.01797	0.01387	0.01877	0.01891	0.01145	0.66786	0.02787	0.03841	0.01448	0.01459	0.01030	0.00735	0.00605	0.00187	0.00670	0.00544	0.00605	0.01030
4	0.01515	0.01443	0.02408	0.09204	0.64321	0.01477	0.01840	0.01976	0.05920	0.02038	0.01253	0.01600	0.01033	0.00579	0.00618	0.00188	0.00732	0.00564	0.00327	0.00964
5	0.00983	0.00767	0.00892	0.00914	0.01080	0.00766	0.00676	0.04772	0.12854	0.01974	0.09232	0.35022	0.20227	0.01563	0.00747	0.00231	0.00396	0.05684	0.00597	0.00625
6	0.00792	0.00617	0.00701	0.00707	0.00869	0.00539	0.00518	0.00955	0.01444	0.01838	0.22009	0.14310	0.45119	0.01581	0.00831	0.04444	0.00328	0.01286	0.00589	0.00525
7	0.02775	0.01094	0.01466	0.01124	0.01607	0.00965	0.00929	0.06390	0.01839	0.71216	0.02411	0.02090	0.01519	0.00770	0.00626	0.00193	0.00538	0.00623	0.00764	0.01060
8	0.01666	0.78478	0.03265	0.01066	0.01599	0.02465	0.01066	0.01866	0.01266	0.01466	0.00866	0.00999	0.00800	0.00533	0.00400	0.00133	0.00666	0.00333	0.00267	0.00800
9	0.01240	0.01000	0.01099	0.01085	0.01274	0.04816	0.00849	0.06434	0.17036	0.02057	0.08029	0.09058	0.02872	0.15408	0.01190	0.00306	0.00563	0.24468	0.00550	0.00664
10	0.00815	0.00619	0.00759	0.00856	0.00947	0.00589	0.00591	0.01058	0.06707	0.01684	0.03873	0.59330	0.16253	0.01802	0.00773	0.00242	0.00363	0.01610	0.00583	0.00546
11	0.00895	0.00606	0.00676	0.00676	0.00691	0.00599	0.00384	0.00905	0.00941	0.01240	0.02259	0.04208	0.07146	0.72894	0.03005	0.00577	0.00584	0.00934	0.00391	0.00388
12	0.02358	0.02064	0.01843	0.01478	0.01931	0.21121	0.01189	0.53997	0.02626	0.03301	0.01357	0.01399	0.00993	0.00720	0.00607	0.00180	0.00800	0.00519	0.00545	0.00972
13	0.00860	0.00655	0.00761	0.00801	0.00917	0.00627	0.00559	0.01114	0.07024	0.01698	0.08684	0.30256	0.23419	0.15978	0.01209	0.00301	0.00407	0.03646	0.00552	0.00534
14	0.00919	0.00608	0.00797	0.00844	0.00950	0.00558	0.00597	0.01098	0.01424	0.06236	0.26353	0.46129	0.07841	0.01644	0.00763	0.00229	0.00347	0.01473	0.00625	0.00567
15	0.00818	0.00615	0.00757	0.00762	0.00902	0.00554	0.00556	0.01036	0.01551	0.02091	0.41122	0.20826	0.23133	0.01499	0.00748	0.00212	0.00314	0.01315	0.00635	0.00554
16	0.01436	0.01922	0.14814	0.02493	0.03169	0.01556	0.61058	0.01992	0.01446	0.01992	0.01238	0.01624	0.00921	0.00536	0.00713	0.00208	0.01030	0.00692	0.00307	0.00853
17	0.02050	0.01006	0.01259	0.01039	0.01419	0.00937	0.00844	0.07977	0.06999	0.40814	0.08667	0.03264	0.14744	0.01014	0.00669	0.00203	0.00486	0.05017	0.00697	0.00894
18	0.00769	0.00553	0.00714	0.00838	0.00882	0.00515	0.00556	0.00872	0.01184	0.01566	0.03497	0.67269	0.08371	0.08044	0.00982	0.00279	0.00378	0.01673	0.00562	0.00497
19	0.00906	0.00604	0.00680	0.00680	0.00680	0.00604	0.00378	0.00906	0.00906	0.01208	0.01963	0.04077	0.02265	0.78103	0.03171	0.00604	0.00604	0.00906	0.00378	0.00378
20	0.00766	0.00548	0.00729	0.00863	0.00905	0.00511	0.00579	0.00886	0.01227	0.01645	0.07625	0.73351	0.04225	0.01912	0.00792	0.00250	0.00357	0.01733	0.00585	0.00511
21	0.09694	0.00718	0.00783	0.00759	0.00974	0.00666	0.00583	0.01208	0.01470	0.06339	0.21117	0.09847	0.37287	0.01384	0.00702	0.00211	0.00358	0.04716	0.00594	0.00590
22	0.01471	0.01681	0.03676	0.02626	0.03256	0.01576	0.71954	0.01996	0.01471	0.01996	0.01261	0.01681	0.00945	0.00525	0.00735	0.00210	0.01050	0.00735	0.00315	0.00840
23	0.30001	0.01358	0.01385	0.01131	0.01565	0.01484	0.00924	0.23474	0.12629	0.17678	0.01631	0.01580	0.01152	0.00709	0.00543	0.00194	0.00555	0.00519	0.00573	0.00916
24	0.01066	0.00845	0.01070	0.01120	0.01248	0.03245	0.00916	0.01381	0.05725	0.01780	0.05697	0.10945	0.02987	0.06446	0.08927	0.01794	0.06490	0.37223	0.00509	0.00588
25	0.01008	0.00634	0.00777	0.00810	0.00939	0.00571	0.00565	0.01131	0.01286	0.10054	0.03895	0.40885	0.21978	0.11187	0.01056	0.00278	0.00399	0.01411	0.00576	0.00560
26	0.00883	0.00643	0.00835	0.00804	0.00954	0.00595	0.00614	0.01168	0.01717	0.02399	0.64199	0.04925	0.09745	0.01328	0.00745	0.00204	0.00318	0.06670	0.00670	0.00583
27	0.07184	0.01833	0.05335	0.05469	0.06931	0.10948	0.01263	0.39765	0.08001	0.05038	0.01439	0.01506	0.01054	0.00705	0.00600	0.00188	0.00730	0.00535	0.00519	0.00957
28	0.00905	0.00688	0.00993	0.03946	0.04261	0.00729	0.00811	0.01093	0.01165	0.01588	0.02574	0.33045	0.02854	0.06208	0.23409	0.00495	0.02461	0.11752	0.00465	0.00557
29	0.00939	0.00684	0.00795	0.00803	0.00911	0.00662	0.00549	0.06639	0.01351	0.01777	0.10572	0.28505	0.17242	0.24008	0.01459	0.00336	0.00443	0.01266	0.00534	0.00525
30	0.01292	0.01107	0.01292	0.00923	0.01477	0.00831	0.00738	0.01569	0.01292	0.02030	0.01107	0.01292	0.00923	0.00461	0.00461	0.00092	0.00461	0.00369	0.00369	0.81912
31	0.00765	0.00605	0.00689	0.00727	0.00874	0.00529	0.00523	0.00927	0.01401	0.01775	0.15370	0.27930	0.42385	0.01649	0.00754	0.00221	0.00327	0.01428	0.00594	0.00529
32	0.01523	0.11533	0.03255	0.01255	0.03958	0.01371	0.01021	0.10308	0.02851	0.08232	0.03226	0.01738	0.01252	0.01614	0.17859	0.00360	0.11334	0.00536	0.00409	0.16364
33	0.12297	0.00871	0.01010	0.00888	0.01189	0.00813	0.00695	0.01418	0.01282	0.06375	0.08191	0.08460	0.10433	0.03607	0.13971	0.00330	0.00653	0.04022	0.00466	0.23028

[dist]
# distance from previous block
# <min> <max>
0	2

[block]
# block no. 4 follows, 36 sequences, length 57
# corresponding to MSA columns:
# 321-350,352-374,377-380
name=unknown_E
#
# <colnr> <probs for GDERKNQSTAVLIFYWHMCP>
#	G	D	E	R	K	N	Q	S	T	A	V	L	I	F	Y	W	H	M	C	P
0	0.00959	0.00650	0.00788	0.00791	0.00962	0.00577	0.00589	0.01152	0.01480	0.07831	0.21991	0.22948	0.30638	0.01535	0.00747	0.00219	0.00351	0.04589	0.00621	0.00582
1	0.68386	0.01140	0.00938	0.00827	0.01202	0.01286	0.00678	0.01913	0.01148	0.09496	0.01112	0.01223	0.00831	0.00608	0.00412	0.00189	0.00471	0.00384	0.07051	0.00703
2	0.03937	0.12047	0.12379	0.01741	0.04481	0.01530	0.22203	0.06634	0.07668	0.02026	0.01499	0.07398	0.01295	0.01168	0.09079	0.00289	0.02766	0.00677	0.00373	0.00812
3	0.03146	0.00775	0.00940	0.00907	0.01098	0.00741	0.00680	0.07306	0.01512	0.11952	0.10834	0.27773	0.15018	0.07658	0.00929	0.00256	0.00437	0.06798	0.00599	0.00640
4	0.03483	0.00636	0.00800	0.00836	0.00960	0.00590	0.00593	0.01143	0.01376	0.07667	0.19069	0.43338	0.11406	0.04074	0.00826	0.00241	0.00367	0.01418	0.00605	0.00572
5	0.08559	0.01193	0.01397	0.01147	0.01497	0.01284	0.03105	0.28907	0.01909	0.11456	0.01677	0.01877	0.01277	0.01570	0.16708	0.00357	0.00808	0.00582	0.13855	0.00834
6	0.00804	0.00596	0.00811	0.00895	0.00964	0.00563	0.02441	0.00929	0.01194	0.01580	0.03390	0.58025	0.09035	0.08689	0.03959	0.00311	0.00457	0.04301	0.00544	0.00510
7	0.00812	0.00608	0.00737	0.00756	0.00880	0.00551	0.00538	0.00997	0.01453	0.01937	0.31336	0.24249	0.23582	0.07565	0.00942	0.00247	0.00342	0.01331	0.00604	0.00533
8	0.01363	0.01363	0.01908	0.01636	0.01636	0.01908	0.01363	0.01499	0.00954	0.01499	0.00818	0.01363	0.00818	0.01091	0.02045	0.00273	0.76963	0.00545	0.00273	0.00682
9	0.01022	0.00802	0.00980	0.01099	0.01229	0.04410	0.00899	0.01302	0.03689	0.01798	0.03194	0.25511	0.03537	0.01701	0.00821	0.00269	0.00542	0.46054	0.00564	0.00576
10	0.01803	0.01067	0.01159	0.00958	0.01274	0.01118	0.00769	0.27656	0.01961	0.11635	0.01886	0.01994	0.01393	0.00739	0.00528	0.00166	0.00465	0.00579	0.42033	0.00815
11	0.00804	0.00573	0.00766	0.00905	0.00957	0.00544	0.00639	0.00937	0.01220	0.01619	0.03354	0.63435	0.03962	0.04925	0.00900	0.00272	0.00405	0.12700	0.00570	0.00512
12	0.00758	0.00546	0.00719	0.00858	0.00901	0.00507	0.00574	0.00869	0.01202	0.01594	0.03548	0.74862	0.06882	0.01937	0.00793	0.00251	0.00360	0.01753	0.00578	0.00507
13	0.00912	0.00660	0.00967	0.00967	0.01081	0.00763	0.00751	0.01140	0.01026	0.01518	0.01699	0.02438	0.01561	0.04351	0.69493	0.00931	0.01556	0.00660	0.06968	0.00558
14	0.02406	0.01685	0.01833	0.01405	0.01902	0.01843	0.01161	0.66074	0.02829	0.10134	0.01580	0.01551	0.01102	0.00750	0.00624	0.00187	0.00672	0.00567	0.00636	0.01060
15	0.00770	0.00549	0.00727	0.00857	0.00897	0.00513	0.00572	0.00883	0.01210	0.01620	0.06644	0.71837	0.04140	0.04487	0.00873	0.00262	0.00367	0.01712	0.00577	0.00506
16	0.00890	0.00668	0.01001	0.01001	0.01113	0.00779	0.00779	0.01113	0.01001	0.01446	0.01669	0.02448	0.01558	0.04673	0.75634	0.01001	0.01669	0.00668	0.00334	0.00556
17	0.02163	0.01062	0.01261	0.01011	0.01387	0.01041	0.00821	0.18502	0.01893	0.34648	0.02096	0.02042	0.01449	0.00751	0.00563	0.00176	0.00488	0.00596	0.27146	0.00903
18	0.00906	0.00604	0.00680	0.00680	0.00680	0.00604	0.00378	0.00906	0.00906	0.01208	0.01963	0.04077	0.02265	0.78103	0.03171	0.00604	0.00604	0.00906	0.00378	0.00378
19	0.01250	0.03223	0.74875	0.01776	0.02697	0.01447	0.02302	0.01973	0.01315	0.01973	0.01118	0.01315	0.00789	0.00592	0.00592	0.00197	0.00921	0.00460	0.00263	0.00921
20	0.00890	0.00668	0.01001	0.01001	0.01113	0.00779	0.00779	0.01113	0.01001	0.01446	0.01669	0.02448	0.01558	0.04673	0.75634	0.01001	0.01669	0.00668	0.00334	0.00556
21	0.01448	0.01385	0.02360	0.22485	0.56288	0.01456	0.01866	0.01830	0.01374	0.01922	0.01155	0.01573	0.00947	0.00573	0.00618	0.00191	0.00763	0.00555	0.00300	0.00911
22	0.01078	0.00550	0.00821	0.00828	0.00836	0.00550	0.00564	0.00836	0.00843	0.01121	0.01192	0.02149	0.01207	0.02142	0.02357	0.77817	0.00543	0.03995	0.00286	0.00286
23	0.05712	0.00644	0.00706	0.00701	0.00743	0.00654	0.00421	0.00970	0.00954	0.01345	0.02170	0.03942	0.06857	0.64837	0.06448	0.00574	0.00631	0.00888	0.00389	0.00414
24	0.02264	0.02984	0.06083	0.01615	0.01972	0.71223	0.01269	0.02458	0.01739	0.01551	0.00972	0.01135	0.00802	0.00639	0.00564	0.00163	0.01112	0.00405	0.00318	0.00734
25	0.01184	0.01007	0.01337	0.01573	0.10911	0.05100	0.01170	0.01460	0.01402	0.01831	0.02640	0.05410	0.02812	0.01445	0.00931	0.00265	0.08328	0.50051	0.00495	0.00647
26	0.82504	0.01205	0.00916	0.00819	0.01205	0.01398	0.00675	0.01832	0.01060	0.02795	0.00868	0.01012	0.00675	0.00578	0.00386	0.00193	0.00482	0.00337	0.00386	0.00675
27	0.00987	0.00567	0.00766	0.00765	0.00823	0.00539	0.00525	0.00844	0.00997	0.01280	0.04677	0.03031	0.19917	0.01987	0.01947	0.58406	0.00476	0.00758	0.00362	0.00346
28	0.01250	0.03223	0.74875	0.01776	0.02697	0.01447	0.02302	0.01973	0.01315	0.01973	0.01118	0.01315	0.00789	0.00592	0.00592	0.00197	0.00921	0.00460	0.00263	0.00921
29	0.00834	0.00602	0.00804	0.00930	0.01013	0.00572	0.00695	0.01005	0.01303	0.01718	0.06913	0.49685	0.08175	0.01831	0.00808	0.00258	0.00417	0.21326	0.00582	0.00531
30	0.01363	0.01363	0.01908	0.01636	0.01636	0.01908	0.01363	0.01499	0.00954	0.01499	0.00818	0.01363	0.00818	0.01091	0.02045	0.00273	0.76963	0.00545	0.00273	0.00682
31	0.01403	0.01421	0.02626	0.24768	0.28766	0.01506	0.21952	0.01816	0.01354	0.01860	0.01157	0.01606	0.00919	0.00600	0.00741	0.00204	0.05557	0.00606	0.00299	0.00839
32	0.01177	0.01107	0.01869	0.76606	0.04291	0.01384	0.01730	0.01592	0.01246	0.01592	0.01107	0.01661	0.00831	0.00623	0.00623	0.00208	0.00831	0.00554	0.00277	0.00692
33	0.00758	0.00546	0.00719	0.00856	0.00901	0.00507	0.00573	0.00869	0.01204	0.01595	0.03571	0.74289	0.07440	0.01934	0.00792	0.00251	0.00359	0.01750	0.00578	0.00507
34	0.01882	0.03820	0.03931	0.01341	0.01745	0.03954	0.01109	0.26915	0.31026	0.06996	0.01903	0.01877	0.01418	0.00986	0.04414	0.00240	0.04293	0.00613	0.00574	0.00964
35	0.01324	0.01303	0.01089	0.01043	0.01180	0.22210	0.00747	0.01459	0.01207	0.01442	0.01585	0.02601	0.01578	0.27662	0.25561	0.00577	0.01077	0.00665	0.05141	0.00546
36	0.00737	0.00629	0.00634	0.00638	0.00843	0.00525	0.00476	0.00893	0.01414	0.01681	0.06230	0.08044	0.71969	0.01589	0.00738	0.00212	0.00317	0.01328	0.00579	0.00525
37	0.01250	0.03223	0.74875	0.01776	0.02697	0.01447	0.02302	0.01973	0.01315	0.01973	0.01118	0.01315	0.00789	0.00592	0.00592	0.00197	0.00921	0.00460	0.00263	0.00921
38	0.05957	0.01430	0.01634	0.23000	0.04276	0.11940	0.04025	0.08229	0.11936	0.07245	0.01768	0.02171	0.03543	0.00776	0.00616	0.00199	0.00716	0.04973	0.04774	0.00791
39	0.02271	0.02875	0.01774	0.01607	0.01909	0.71250	0.01213	0.02430	0.01718	0.01523	0.00955	0.01138	0.00803	0.00669	0.00649	0.00167	0.05602	0.00410	0.00318	0.00720
40	0.01082	0.00541	0.00812	0.00812	0.00812	0.00541	0.00541	0.00812	0.00812	0.01082	0.01082	0.01894	0.01082	0.02165	0.02435	0.81872	0.00541	0.00541	0.00271	0.00271
41	0.01292	0.01107	0.01292	0.00923	0.01477	0.00831	0.00738	0.01569	0.01292	0.02030	0.01107	0.01292	0.00923	0.00461	0.00461	0.00092	0.00461	0.00369	0.00369	0.81912
42	0.00891	0.00665	0.00988	0.00988	0.01094	0.00771	0.00762	0.01104	0.00997	0.01436	0.01681	0.02516	0.01587	0.07753	0.72594	0.00985	0.01624	0.00678	0.00336	0.00549
43	0.00901	0.00622	0.00772	0.00772	0.00804	0.00654	0.00493	0.00965	0.00933	0.01277	0.01879	0.03609	0.02062	0.57003	0.23994	0.00718	0.00910	0.00838	0.00365	0.00429
44	0.00826	0.00610	0.00707	0.00720	0.00821	0.00561	0.00487	0.00958	0.01301	0.01706	0.19916	0.16722	0.24634	0.25530	0.01508	0.00337	0.00408	0.01218	0.00540	0.00490
45	0.78817	0.01198	0.00940	0.00833	0.01223	0.01375	0.00686	0.01887	0.01094	0.06120	0.00941	0.01063	0.00715	0.00587	0.00397	0.00193	0.00484	0.00351	0.00403	0.00693
46	0.00906	0.00604	0.00680	0.00680	0.00680	0.00604	0.00378	0.00906	0.00906	0.01208	0.01963	0.04077	0.02265	0.78103	0.03171	0.00604	0.00604	0.00906	0.00378	0.00378
47	0.82504	0.01205	0.00916	0.00819	0.01205	0.01398	0.00675	0.01832	0.01060	0.02795	0.00868	0.01012	0.00675	0.00578	0.00386	0.00193	0.00482	0.00337	0.00386	0.00675
48	0.00862	0.00579	0.00761	0.00868	0.00942	0.00534	0.00598	0.00990	0.01259	0.05012	0.05766	0.65487	0.08602	0.01846	0.00783	0.00247	0.00369	0.03368	0.00591	0.00537
49	0.01292	0.01107	0.01292	0.00923	0.01477	0.00831	0.00738	0.01569	0.01292	0.02030	0.01107	0.01292	0.00923	0.00461	0.00461	0.00092	0.00461	0.00369	0.00369	0.81912
50	0.00791	0.00565	0.00760	0.00904	0.00955	0.00534	0.00635	0.00923	0.01225	0.01627	0.03416	0.68369	0.04050	0.01922	0.00804	0.00258	0.00389	0.10780	0.00578	0.00515
51	0.02487	0.01079	0.01404	0.01114	0.01556	0.00996	0.00907	0.02970	0.12985	0.59070	0.06688	0.02302	0.01855	0.00812	0.00634	0.00196	0.00510	0.00668	0.00745	0.01021
52	0.00907	0.00626	0.00776	0.00776	0.00902	0.00573	0.00551	0.01092	0.01458	0.04838	0.33186	0.21876	0.16803	0.11528	0.01064	0.00265	0.00364	0.01263	0.00605	0.00549
53	0.00844	0.00569	0.00731	0.00839	0.00906	0.00526	0.00569	0.00966	0.01226	0.03900	0.03517	0.64402	0.09166	0.03817	0.00830	0.00252	0.00366	0.01622	0.04428	0.00525
54	0.01597	0.01334	0.01405	0.01247	0.01601	0.01533	0.00975	0.08839	0.63793	0.02700	0.02426	0.02257	0.01818	0.00831	0.00623	0.00206	0.00499	0.00687	0.04656	0.00972
55	0.02059	0.01634	0.08033	0.07430	0.02312	0.08470	0.16792	0.11733	0.01749	0.27044	0.01670	0.01758	0.01159	0.00861	0.04205	0.00233	0.00832	0.00603	0.00507	0.00915
56	0.00832	0.00601	0.00794	0.00912	0.00994	0.00570	0.00675	0.00998	0.01297	0.01710	0.07724	0.47828	0.09089	0.04075	0.00874	0.00266	0.00416	0.19242	0.00578	0.00526

[dist]
# distance from previous block
# <min> <max>
0	2

[block]
# block no. 5 follows, 36 sequences, length 9
# corresponding to MSA columns:
# 399-407
name=unknown_F
#
# <colnr> <probs for GDERKNQSTAVLIFYWHMCP>
#	G	D	E	R	K	N	Q	S	T	A	V	L	I	F	Y	W	H	M	C	P
0	0.02260	0.01691	0.01809	0.01412	0.01891	0.01881	0.01158	0.62987	0.12259	0.03751	0.01634	0.01606	0.01172	0.00761	0.00625	0.00190	0.00660	0.00580	0.00625	0.01050
1	0.00913	0.00685	0.00955	0.00919	0.01020	0.00731	0.02652	0.01049	0.01069	0.01462	0.05296	0.05543	0.10993	0.20853	0.34828	0.05960	0.03331	0.00847	0.00390	0.00504
2	0.00808	0.00625	0.00679	0.00670	0.00811	0.00558	0.00466	0.00945	0.01333	0.01686	0.16392	0.05232	0.42414	0.23047	0.01421	0.00319	0.00393	0.01169	0.00540	0.00495
