[name]
unknown

[dist]
# distance from previous block
# <min> <max>
0	57

[block]
# block no. 0 follows, 58 sequences, length 7
# corresponding to MSA columns:
# 68-74
name=unknown_A
#
# <colnr> <probs for GDERKNQSTAVLIFYWHMCP>
#	G	D	E	R	K	N	Q	S	T	A	V	L	I	F	Y	W	H	M	C	P
0	0.00640	0.00475	0.00696	0.00696	0.00767	0.00546	0.00530	0.00784	0.00712	0.01021	0.01220	0.01876	0.01170	0.11531	0.74400	0.00690	0.01121	0.00497	0.00243	0.00386
1	0.00979	0.00979	0.01370	0.01174	0.01174	0.01370	0.00979	0.01077	0.00685	0.01077	0.00587	0.00979	0.00587	0.00783	0.01468	0.00196	0.83461	0.00391	0.00196	0.00489
2	0.01700	0.01253	0.01342	0.01029	0.01387	0.01387	0.00850	0.79997	0.02103	0.02819	0.01074	0.01074	0.00761	0.00537	0.00447	0.00134	0.00492	0.00403	0.00447	0.00761
3	0.05571	0.01221	0.09559	0.01157	0.03415	0.02949	0.13711	0.28901	0.13704	0.09461	0.01201	0.01299	0.00885	0.00517	0.00451	0.00141	0.00512	0.02224	0.02438	0.00681
4	0.00613	0.00457	0.00604	0.00610	0.00676	0.00435	0.04025	0.00697	0.00829	0.01101	0.02332	0.35213	0.15746	0.25566	0.05572	0.00275	0.00377	0.00924	0.03595	0.00354
5	0.00896	0.00918	0.10456	0.01017	0.07666	0.03320	0.02582	0.03745	0.13542	0.03261	0.08885	0.16498	0.03614	0.00861	0.00510	0.00161	0.00414	0.18023	0.00374	0.03257
6	0.06749	0.32177	0.16095	0.00968	0.04565	0.08032	0.00904	0.07591	0.02680	0.03914	0.00907	0.01068	0.02322	0.04320	0.00484	0.00136	0.03198	0.00335	0.02972	0.00583

[dist]
# distance from previous block
# <min> <max>
0	2

[block]
# block no. 1 follows, 58 sequences, length 13
# corresponding to MSA columns:
# 77-89
name=unknown_B
#
# <colnr> <probs for GDERKNQSTAVLIFYWHMCP>
#	G	D	E	R	K	N	Q	S	T	A	V	L	I	F	Y	W	H	M	C	P
0	0.05727	0.04776	0.01309	0.01014	0.03193	0.06221	0.10091	0.14762	0.18837	0.04128	0.02643	0.01237	0.02016	0.00486	0.00436	0.00124	0.02044	0.00402	0.00341	0.20213
1	0.03949	0.00982	0.01646	0.09334	0.25703	0.02883	0.21424	0.05616	0.02770	0.04979	0.08242	0.06548	0.01205	0.00543	0.00479	0.00145	0.00535	0.02122	0.00294	0.00602
2	0.01063	0.00829	0.00926	0.02532	0.02594	0.04353	0.00666	0.20891	0.13053	0.04408	0.04663	0.24467	0.04752	0.02645	0.00562	0.00165	0.02095	0.08372	0.00413	0.00551
3	0.00587	0.00442	0.00543	0.00547	0.00647	0.00398	0.00399	0.00745	0.01116	0.01504	0.44613	0.20500	0.24176	0.01074	0.00537	0.00152	0.00225	0.00941	0.00456	0.00398
4	0.74545	0.00819	0.00659	0.00585	0.00851	0.00930	0.00479	0.01343	0.00808	0.06782	0.00766	0.00859	0.00581	0.00433	0.00290	0.00135	0.00336	0.00270	0.08031	0.00495
5	0.01621	0.02036	0.01317	0.01295	0.08550	0.75199	0.00910	0.01749	0.01245	0.01128	0.00705	0.00834	0.00588	0.00455	0.00407	0.00117	0.00782	0.00298	0.00230	0.00536
6	0.00704	0.00516	0.00691	0.00772	0.00878	0.00513	0.00653	0.00938	0.04553	0.01349	0.05222	0.12520	0.08269	0.01206	0.00597	0.00195	0.00374	0.59216	0.00417	0.00418
7	0.06084	0.00766	0.01020	0.00786	0.01129	0.00674	0.00649	0.02139	0.01256	0.77991	0.01710	0.01485	0.01078	0.00547	0.00442	0.00138	0.00379	0.00440	0.00540	0.00748
8	0.00557	0.00407	0.00526	0.00609	0.00658	0.00376	0.00422	0.00654	0.00910	0.01201	0.07767	0.65593	0.12249	0.01330	0.00565	0.00177	0.00260	0.04946	0.00420	0.00371
9	0.00555	0.00397	0.00530	0.00627	0.00659	0.00371	0.00426	0.00644	0.00882	0.01180	0.06341	0.77420	0.03008	0.01372	0.00570	0.00180	0.00262	0.03789	0.00419	0.00368
10	0.00928	0.00795	0.00928	0.00663	0.01060	0.00596	0.00530	0.01126	0.00928	0.01458	0.00795	0.00928	0.00663	0.00331	0.00331	0.00066	0.00331	0.00265	0.00265	0.87014
11	0.00552	0.00414	0.00499	0.00559	0.00623	0.00375	0.00381	0.00638	0.00902	0.01161	0.05634	0.50629	0.26472	0.08134	0.00697	0.00192	0.00262	0.01106	0.00406	0.00362
12	0.01072	0.01096	0.01530	0.37901	0.35673	0.12555	0.01243	0.01330	0.00999	0.01269	0.00800	0.01102	0.00640	0.00429	0.00439	0.00137	0.00599	0.00382	0.00213	0.00589

[dist]
# distance from previous block
# <min> <max>
0	2

[block]
# block no. 2 follows, 58 sequences, length 10
# corresponding to MSA columns:
# 92-101
name=unknown_C
#
# <colnr> <probs for GDERKNQSTAVLIFYWHMCP>
#	G	D	E	R	K	N	Q	S	T	A	V	L	I	F	Y	W	H	M	C	P
0	0.01207	0.01008	0.01064	0.00929	0.01199	0.01157	0.00731	0.14809	0.68096	0.02023	0.01701	0.01574	0.01269	0.00596	0.00454	0.00149	0.00376	0.00489	0.00454	0.00716
1	0.01112	0.01163	0.02250	0.01743	0.07696	0.01150	0.56491	0.07401	0.10712	0.01581	0.01014	0.01238	0.00767	0.00430	0.00535	0.00150	0.03163	0.00503	0.00269	0.00632
2	0.00738	0.00477	0.00583	0.00561	0.00596	0.00493	0.00360	0.00780	0.00720	0.05672	0.04253	0.02642	0.01589	0.62889	0.12855	0.00437	0.03124	0.00613	0.00289	0.00329
3	0.00957	0.00910	0.01545	0.48758	0.36649	0.01023	0.01298	0.01241	0.00948	0.01279	0.00815	0.01156	0.00644	0.00426	0.00445	0.00142	0.00569	0.00398	0.00208	0.00588
4	0.87439	0.00865	0.00657	0.00588	0.00865	0.01003	0.00484	0.01315	0.00761	0.02007	0.00623	0.00727	0.00484	0.00415	0.00277	0.00138	0.00346	0.00242	0.00277	0.00484
5	0.00928	0.00795	0.00928	0.00663	0.01060	0.00596	0.00530	0.01126	0.00928	0.01458	0.00795	0.00928	0.00663	0.00331	0.00331	0.00066	0.00331	0.00265	0.00265	0.87014
6	0.01984	0.00797	0.01060	0.00813	0.01160	0.00711	0.00672	0.07906	0.01341	0.75987	0.01714	0.01490	0.01082	0.00552	0.00450	0.00138	0.00389	0.00446	0.00546	0.00761
7	0.00965	0.04004	0.00956	0.03851	0.01099	0.00638	0.00555	0.01155	0.00959	0.06772	0.01245	0.01324	0.09143	0.00437	0.00363	0.00084	0.00340	0.00353	0.00295	0.65463
8	0.04337	0.00867	0.01207	0.17592	0.16842	0.00914	0.02535	0.07954	0.10535	0.01593	0.10012	0.03303	0.03144	0.00544	0.00470	0.00133	0.03031	0.00465	0.00311	0.14210
9	0.05424	0.08218	0.21870	0.01005	0.01346	0.05447	0.08368	0.06681	0.06213	0.04489	0.03975	0.04359	0.01063	0.10389	0.00687	0.00174	0.03736	0.02343	0.02088	0.02124

[dist]
# distance from previous block
# <min> <max>
0	4

[block]
# block no. 3 follows, 58 sequences, length 86
# corresponding to MSA columns:
# 106-148,152-194
name=unknown_D
#
# <colnr> <probs for GDERKNQSTAVLIFYWHMCP>
#	G	D	E	R	K	N	Q	S	T	A	V	L	I	F	Y	W	H	M	C	P
0	0.19963	0.12306	0.05146	0.01302	0.22868	0.08694	0.00863	0.04648	0.03481	0.03841	0.01276	0.02601	0.10221	0.00526	0.00394	0.00132	0.00464	0.00412	0.00281	0.00581
1	0.02746	0.42209	0.26578	0.00942	0.01406	0.01397	0.01027	0.09566	0.01055	0.04139	0.00772	0.00862	0.00612	0.00416	0.00354	0.00115	0.00523	0.00293	0.00235	0.04754
2	0.03744	0.01013	0.01275	0.01047	0.01322	0.07567	0.15277	0.11525	0.22714	0.06212	0.01488	0.07067	0.02438	0.04139	0.00550	0.00159	0.00482	0.06907	0.00371	0.04702
3	0.01196	0.84548	0.02344	0.00765	0.01148	0.01770	0.00765	0.01339	0.00909	0.01052	0.00622	0.00718	0.00574	0.00383	0.00287	0.00096	0.00478	0.00239	0.00191	0.00574
4	0.00544	0.00454	0.00474	0.00469	0.00614	0.00384	0.00352	0.00671	0.01055	0.01294	0.15693	0.04165	0.70092	0.01101	0.00529	0.00150	0.00224	0.00924	0.00427	0.00384
5	0.00539	0.00452	0.00469	0.00467	0.00611	0.00382	0.00349	0.00661	0.01041	0.01265	0.12014	0.05661	0.72324	0.01116	0.00529	0.00151	0.00226	0.00937	0.00423	0.00382
6	0.01167	0.76502	0.10135	0.00815	0.01225	0.01698	0.00852	0.01347	0.00912	0.01088	0.00640	0.00740	0.00573	0.00387	0.00301	0.00100	0.00496	0.00248	0.00191	0.00583
7	0.00897	0.02314	0.81962	0.01275	0.01936	0.01039	0.01653	0.01417	0.00944	0.01417	0.00803	0.00944	0.00567	0.00425	0.00425	0.00142	0.00661	0.00331	0.00189	0.00661
8	0.01891	0.00817	0.01056	0.00824	0.01161	0.00756	0.00676	0.07616	0.09746	0.67838	0.01723	0.01507	0.01111	0.00558	0.00450	0.00140	0.00386	0.00452	0.00536	0.00756
9	0.00547	0.00418	0.00503	0.00569	0.00644	0.00375	0.00401	0.00643	0.00925	0.01175	0.03228	0.50983	0.32028	0.01295	0.00557	0.00171	0.00254	0.04498	0.00415	0.00371
10	0.05353	0.00743	0.00881	0.00825	0.00948	0.08977	0.03038	0.02576	0.03168	0.01170	0.01111	0.02721	0.01016	0.02520	0.58009	0.00547	0.05246	0.00455	0.00251	0.00442
11	0.00639	0.00458	0.00624	0.00629	0.00677	0.00504	0.00446	0.00736	0.00700	0.00980	0.01336	0.06090	0.01393	0.33072	0.49065	0.00588	0.00872	0.00580	0.00260	0.00350
12	0.00655	0.00432	0.00491	0.00491	0.00491	0.00432	0.00275	0.00648	0.00648	0.00864	0.01389	0.02878	0.01599	0.81664	0.02260	0.03170	0.00432	0.00642	0.00269	0.00269
13	0.01083	0.01038	0.01772	0.10109	0.74313	0.01057	0.01361	0.01352	0.01007	0.01432	0.00837	0.01115	0.00698	0.00403	0.00443	0.00134	0.00537	0.00398	0.00219	0.00689
14	0.01984	0.00798	0.01061	0.00814	0.01160	0.00713	0.00672	0.08066	0.01343	0.75825	0.01713	0.01489	0.01081	0.00552	0.00450	0.00138	0.00389	0.00446	0.00546	0.00761
15	0.01671	0.02132	0.01268	0.01152	0.01383	0.82483	0.00864	0.01786	0.01268	0.01095	0.00691	0.00807	0.00576	0.00461	0.00403	0.00115	0.00807	0.00288	0.00230	0.00519
16	0.00615	0.00457	0.00573	0.00544	0.00657	0.00414	0.00408	0.00810	0.01224	0.01694	0.68142	0.03506	0.17394	0.00952	0.00528	0.00142	0.00214	0.00832	0.00479	0.00414
17	0.00657	0.00432	0.00492	0.00492	0.00492	0.00432	0.00277	0.00647	0.00647	0.00863	0.01379	0.02853	0.01586	0.80354	0.02252	0.04541	0.00432	0.00638	0.00267	0.00267
18	0.00651	0.00434	0.00488	0.00488	0.00488	0.00434	0.00271	0.00651	0.00651	0.00867	0.01409	0.02927	0.01626	0.84279	0.02277	0.00434	0.00434	0.00651	0.00271	0.00271
19	0.00940	0.00892	0.01513	0.54077	0.31466	0.01019	0.01290	0.01226	0.00939	0.01258	0.00812	0.01162	0.00637	0.00430	0.00446	0.00143	0.00573	0.00398	0.00207	0.00574
20	0.01422	0.01558	0.01148	0.01028	0.01269	0.42341	0.00784	0.07464	0.32447	0.01513	0.01183	0.01229	0.00931	0.03131	0.00485	0.00141	0.00596	0.00393	0.00335	0.00602
21	0.00639	0.00478	0.00712	0.00712	0.00790	0.00555	0.00551	0.00794	0.00717	0.01033	0.01204	0.01792	0.01133	0.05737	0.80145	0.00711	0.01176	0.00484	0.00241	0.00396
22	0.00907	0.05119	0.79246	0.01258	0.01909	0.01064	0.01622	0.01414	0.00943	0.01404	0.00797	0.00937	0.00567	0.00424	0.00420	0.00140	0.00655	0.00327	0.00189	0.00658
23	0.00550	0.00454	0.00483	0.00476	0.00617	0.00387	0.00357	0.00684	0.01071	0.01330	0.20434	0.04105	0.65329	0.01088	0.00528	0.00149	0.00223	0.00916	0.00431	0.00387
24	0.01099	0.01055	0.01802	0.05148	0.79148	0.01061	0.01369	0.01366	0.01015	0.01452	0.00840	0.01110	0.00705	0.00400	0.00443	0.00133	0.00533	0.00399	0.00221	0.00702
25	0.07281	0.01420	0.01270	0.01025	0.01345	0.19968	0.00825	0.54531	0.04224	0.02341	0.00979	0.01008	0.00719	0.00514	0.00426	0.00131	0.00551	0.00369	0.00387	0.00685
26	0.00950	0.13893	0.64610	0.01168	0.01763	0.01132	0.01451	0.01439	0.04449	0.01386	0.00822	0.00944	0.00606	0.00424	0.00404	0.00133	0.00612	0.00323	0.00203	0.03288
27	0.01853	0.00745	0.00999	0.00777	0.01099	0.00655	0.00637	0.04440	0.01300	0.71054	0.08535	0.01716	0.02876	0.00595	0.00458	0.00139	0.00367	0.00488	0.00543	0.00725
28	0.01196	0.84548	0.02344	0.00765	0.01148	0.01770	0.00765	0.01339	0.00909	0.01052	0.00622	0.00718	0.00574	0.00383	0.00287	0.00096	0.00478	0.00239	0.00191	0.00574
29	0.00845	0.00795	0.01342	0.83204	0.03081	0.00994	0.01242	0.01143	0.00894	0.01143	0.00795	0.01193	0.00596	0.00447	0.00447	0.00149	0.00596	0.00398	0.00199	0.00497
30	0.00832	0.00669	0.00770	0.00718	0.00880	0.00715	0.00545	0.01487	0.35559	0.01768	0.39734	0.09970	0.02871	0.00826	0.00500	0.00149	0.00277	0.00720	0.00469	0.00540
31	0.00555	0.00396	0.00531	0.00634	0.00665	0.00372	0.00433	0.00640	0.00866	0.01153	0.02460	0.79466	0.02937	0.01392	0.00574	0.00183	0.00268	0.05693	0.00415	0.00366
32	0.00529	0.00453	0.00453	0.00453	0.00604	0.00378	0.00340	0.00642	0.01020	0.01208	0.04532	0.04305	0.81307	0.01133	0.00529	0.00151	0.00227	0.00944	0.00415	0.00378
33	0.00639	0.00479	0.00719	0.00719	0.00799	0.00559	0.00559	0.00799	0.00719	0.01038	0.01198	0.01757	0.01118	0.03355	0.82507	0.00719	0.01198	0.00479	0.00240	0.00399
34	0.00553	0.00437	0.00499	0.00520	0.00629	0.00382	0.00376	0.00676	0.01024	0.01304	0.18900	0.25460	0.45329	0.01162	0.00540	0.00157	0.00232	0.01006	0.00430	0.00382
35	0.01094	0.00945	0.00994	0.00896	0.01146	0.01089	0.00696	0.02322	0.78162	0.01850	0.01906	0.01752	0.03893	0.00624	0.00457	0.00152	0.00350	0.00520	0.00454	0.00698
36	0.00545	0.00389	0.00519	0.00623	0.00649	0.00363	0.00415	0.00623	0.00856	0.01142	0.02465	0.83987	0.02959	0.01401	0.00571	0.00182	0.00260	0.01272	0.00415	0.00363
37	0.00639	0.00478	0.00714	0.00714	0.00792	0.00557	0.00553	0.00796	0.00718	0.01035	0.01202	0.01781	0.01129	0.04998	0.80877	0.00713	0.01183	0.00483	0.00240	0.00397
38	0.00538	0.00454	0.00466	0.00463	0.00610	0.00382	0.00347	0.00660	0.01042	0.01261	0.11363	0.04219	0.74443	0.01113	0.00529	0.00150	0.00225	0.00932	0.00422	0.00382
39	0.01356	0.01090	0.01206	0.00989	0.01296	0.01220	0.03465	0.35218	0.43155	0.02250	0.01454	0.01387	0.01072	0.00564	0.00452	0.00143	0.00426	0.00458	0.00441	0.02358
40	0.00905	0.04513	0.79832	0.01261	0.01915	0.01058	0.01629	0.01415	0.00943	0.01407	0.00798	0.00938	0.00567	0.00424	0.00421	0.00140	0.00656	0.00328	0.00189	0.00659
41	0.00834	0.00417	0.00417	0.00417	0.00521	0.00417	0.00313	0.01042	0.00938	0.01668	0.01459	0.01668	0.01147	0.00521	0.00313	0.00104	0.00208	0.00417	0.86763	0.00417
42	0.00545	0.00389	0.00519	0.00623	0.00649	0.00363	0.00415	0.00623	0.00856	0.01142	0.02465	0.83987	0.02959	0.01401	0.00571	0.00182	0.00260	0.01272	0.00415	0.00363
43	0.01107	0.01063	0.01816	0.02746	0.81489	0.01063	0.01373	0.01373	0.01019	0.01461	0.00841	0.01107	0.00709	0.00399	0.00443	0.00133	0.00531	0.00399	0.00221	0.00709
44	0.01057	0.01012	0.01725	0.18134	0.66492	0.01050	0.01348	0.01329	0.00995	0.01400	0.00833	0.01123	0.00687	0.00408	0.00444	0.00136	0.00544	0.00398	0.00217	0.00668
45	0.00550	0.00393	0.00525	0.00629	0.00657	0.00368	0.00424	0.00632	0.00862	0.01148	0.02463	0.81664	0.02947	0.01397	0.00572	0.00182	0.00264	0.03544	0.00415	0.00365
46	0.01088	0.01177	0.02521	0.01807	0.02246	0.01105	0.74217	0.02817	0.01086	0.04006	0.02718	0.01262	0.00772	0.00397	0.00524	0.00150	0.00726	0.00529	0.00246	0.00607
47	0.01018	0.00972	0.01655	0.30059	0.54871	0.01039	0.01329	0.01295	0.00976	0.01353	0.00826	0.01136	0.00670	0.00415	0.00444	0.00138	0.00553	0.00398	0.00214	0.00637
48	0.00874	0.00446	0.00460	0.00447	0.00567	0.00441	0.00338	0.01099	0.02727	0.05174	0.01655	0.01811	0.05687	0.00559	0.00334	0.00109	0.00220	0.00450	0.76166	0.00436
49	0.01545	0.01171	0.01250	0.01018	0.02894	0.12644	0.04519	0.30341	0.05694	0.18468	0.01268	0.01305	0.03173	0.00539	0.00471	0.00131	0.02973	0.01617	0.00398	0.08580
50	0.01611	0.01488	0.01250	0.01042	0.01339	0.29369	0.00824	0.37087	0.14197	0.05706	0.01091	0.01096	0.00808	0.00522	0.00434	0.00131	0.00574	0.00382	0.00379	0.00669
51	0.01055	0.01024	0.01791	0.17589	0.60912	0.01055	0.07346	0.01335	0.00998	0.01400	0.00838	0.01131	0.00685	0.00406	0.00450	0.00137	0.00560	0.00408	0.00218	0.00661
52	0.13780	0.01619	0.08494	0.01069	0.03701	0.37540	0.00870	0.14899	0.01270	0.02710	0.04320	0.00993	0.00768	0.00494	0.00443	0.00128	0.03951	0.00337	0.00285	0.02328
53	0.01139	0.05114	0.13530	0.01619	0.02079	0.02828	0.55137	0.01518	0.02508	0.08595	0.00967	0.01176	0.00707	0.00406	0.00492	0.00145	0.00689	0.00475	0.00253	0.00624
54	0.62927	0.00835	0.00767	0.00648	0.00945	0.00904	0.00534	0.01563	0.00910	0.24901	0.00950	0.00955	0.00663	0.00455	0.00326	0.00138	0.00356	0.00302	0.00356	0.00564
55	0.02834	0.01181	0.19601	0.04062	0.06105	0.00895	0.19658	0.04991	0.06991	0.01477	0.02855	0.16939	0.01350	0.00688	0.00495	0.00155	0.00527	0.06998	0.00301	0.01896
56	0.01162	0.01236	0.01968	0.02283	0.48238	0.11358	0.23058	0.01437	0.01055	0.01401	0.00836	0.01095	0.00682	0.00406	0.00477	0.00137	0.01874	0.00420	0.00224	0.00652
57	0.00938	0.03803	0.76925	0.01255	0.01897	0.01068	0.01601	0.04874	0.00995	0.01472	0.00811	0.00946	0.00575	0.00429	0.00423	0.00140	0.00650	0.00332	0.00200	0.00664
58	0.00693	0.00495	0.00689	0.00792	0.00883	0.00491	0.00673	0.00879	0.01003	0.01308	0.02384	0.17455	0.02635	0.01262	0.00610	0.00202	0.00388	0.66342	0.00412	0.00404
59	0.00824	0.00615	0.00879	0.00872	0.04501	0.02405	0.02204	0.01019	0.03143	0.07111	0.01199	0.01661	0.01069	0.04324	0.61156	0.00576	0.05248	0.00470	0.00267	0.00458
60	0.01286	0.01012	0.01087	0.00933	0.01211	0.01144	0.00742	0.21868	0.55087	0.05447	0.01647	0.01618	0.01240	0.00607	0.00458	0.00148	0.00392	0.02903	0.00456	0.00714
61	0.00562	0.00481	0.04384	0.00654	0.00710	0.00395	0.00474	0.00661	0.00861	0.01155	0.02387	0.80047	0.02845	0.01355	0.00564	0.00180	0.00279	0.01227	0.00404	0.00377
62	0.23037	0.00787	0.00944	0.00745	0.01074	0.00743	0.00615	0.01967	0.01153	0.62157	0.01484	0.01327	0.00954	0.00520	0.00407	0.00138	0.00372	0.00399	0.00486	0.00693
63	0.00556	0.00462	0.00503	0.00509	0.00638	0.00410	0.00382	0.00675	0.01012	0.01247	0.10136	0.12968	0.62414	0.01139	0.00561	0.00156	0.02460	0.02975	0.00415	0.00383
64	0.03282	0.01058	0.01147	0.00937	0.01240	0.01166	0.00759	0.43540	0.24591	0.08469	0.01485	0.03990	0.02732	0.00615	0.00457	0.00144	0.00426	0.02801	0.00452	0.00709
65	0.01309	0.01357	0.01493	0.13322	0.33973	0.25762	0.01108	0.09786	0.01191	0.02402	0.00823	0.01023	0.00661	0.00439	0.00428	0.00128	0.00611	0.00361	0.00250	0.03571
66	0.00656	0.00434	0.00506	0.00504	0.00512	0.00435	0.00294	0.00661	0.00679	0.00913	0.05159	0.02827	0.01689	0.73341	0.04903	0.04847	0.00447	0.00639	0.00277	0.00279
67	0.01084	0.50073	0.01761	0.00745	0.01095	0.01321	0.00686	0.03545	0.00952	0.01248	0.04530	0.00958	0.00799	0.00532	0.03734	0.00119	0.02619	0.00292	0.00235	0.23673
68	0.00530	0.00448	0.00459	0.00468	0.00608	0.00376	0.00346	0.00640	0.01006	0.01203	0.04356	0.11058	0.74667	0.01156	0.00532	0.00154	0.00229	0.00972	0.00415	0.00376
69	0.00928	0.00795	0.00928	0.00663	0.01060	0.00596	0.00530	0.01126	0.00928	0.01458	0.00795	0.00928	0.00663	0.00331	0.00331	0.00066	0.00331	0.00265	0.00265	0.87014
70	0.87439	0.00865	0.00657	0.00588	0.00865	0.01003	0.00484	0.01315	0.00761	0.02007	0.00623	0.00727	0.00484	0.00415	0.00277	0.00138	0.00346	0.00242	0.00277	0.00484
71	0.01001	0.30966	0.54222	0.01097	0.01662	0.01294	0.01344	0.01390	0.00932	0.01290	0.00740	0.00865	0.00569	0.00410	0.00377	0.00126	0.00597	0.00299	0.00190	0.00631
72	0.02944	0.00835	0.01047	0.00776	0.01150	0.01856	0.03571	0.04256	0.01104	0.30864	0.01158	0.01155	0.00825	0.00425	0.00386	0.00100	0.00378	0.00347	0.00375	0.46449
73	0.73174	0.00950	0.00845	0.01942	0.05107	0.04604	0.03834	0.02538	0.00831	0.01916	0.00658	0.00781	0.00514	0.00417	0.00306	0.00138	0.00398	0.00269	0.00271	0.00507
74	0.00651	0.00434	0.00488	0.00488	0.00488	0.00434	0.00271	0.00651	0.00651	0.00867	0.01409	0.02927	0.01626	0.84279	0.02277	0.00434	0.00434	0.00651	0.00271	0.00271
75	0.00928	0.00795	0.00928	0.00663	0.01060	0.00596	0.00530	0.01126	0.00928	0.01458	0.00795	0.00928	0.00663	0.00331	0.00331	0.00066	0.00331	0.00265	0.00265	0.87014
76	0.00545	0.00389	0.00519	0.00623	0.00649	0.00363	0.00415	0.00623	0.00856	0.01142	0.02465	0.83987	0.02959	0.01401	0.00571	0.00182	0.00260	0.01272	0.00415	0.00363
77	0.01672	0.02090	0.01271	0.01147	0.01383	0.78635	0.00864	0.05497	0.01307	0.01177	0.00710	0.00819	0.00585	0.00465	0.00405	0.00116	0.00792	0.00294	0.00241	0.00530
78	0.06372	0.00971	0.01139	0.00879	0.01226	0.00979	0.00725	0.33735	0.02949	0.42605	0.01406	0.01290	0.00930	0.00536	0.00438	0.00136	0.00423	0.00417	0.00489	0.02357
79	0.00646	0.00478	0.00609	0.00633	0.00734	0.00454	0.00494	0.00845	0.03215	0.01469	0.33528	0.13024	0.14573	0.04753	0.00633	0.00178	0.00289	0.22600	0.00439	0.00407
80	0.00643	0.00480	0.00714	0.00719	0.00798	0.00555	0.00560	0.00801	0.00731	0.01048	0.01254	0.01926	0.01193	0.04925	0.77253	0.00690	0.01148	0.03916	0.00248	0.00397
81	0.06139	0.00870	0.01160	0.00906	0.01225	0.00851	0.06498	0.14081	0.05470	0.47724	0.03230	0.04949	0.01133	0.00585	0.00484	0.00143	0.02894	0.00482	0.00476	0.00700
82	0.01076	0.01031	0.01759	0.12438	0.72044	0.01055	0.01357	0.01345	0.01004	0.01423	0.00836	0.01117	0.00695	0.00404	0.00443	0.00135	0.00539	0.00398	0.00219	0.00683
83	0.00947	0.00794	0.00930	0.00665	0.01062	0.00597	0.00532	0.01145	0.00934	0.02916	0.00813	0.00938	0.00671	0.00335	0.00333	0.00068	0.00332	0.00268	0.00270	0.85448
84	0.02810	0.01141	0.03898	0.01109	0.04542	0.07054	0.09334	0.27965	0.06133	0.26862	0.01333	0.01344	0.02107	0.00532	0.00455	0.00139	0.00501	0.01620	0.00421	0.00703
85	0.05565	0.10629	0.01380	0.02591	0.05142	0.29495	0.00845	0.26757	0.10249	0.01789	0.00937	0.00995	0.00725	0.00487	0.00407	0.00126	0.00581	0.00349	0.00322	0.00630

[dist]
# distance from previous block
# <min> <max>
3	7

[block]
# block no. 4 follows, 58 sequences, length 18
# corresponding to MSA columns:
# 202-219
name=unknown_E
#
# <colnr> <probs for GDERKNQSTAVLIFYWHMCP>
#	G	D	E	R	K	N	Q	S	T	A	V	L	I	F	Y	W	H	M	C	P
0	0.00954	0.00540	0.00744	0.00770	0.00909	0.00512	0.00638	0.01127	0.01054	0.18279	0.04317	0.20306	0.02386	0.01117	0.00571	0.00185	0.00369	0.44303	0.00445	0.00476
1	0.00880	0.00849	0.01526	0.48197	0.08243	0.00946	0.17691	0.01149	0.00902	0.01187	0.00911	0.01441	0.00771	0.12604	0.00730	0.00190	0.00601	0.00462	0.00217	0.00502
2	0.01383	0.00988	0.01506	0.01137	0.01481	0.02449	0.24784	0.19869	0.02497	0.22944	0.01738	0.03328	0.12574	0.00596	0.00486	0.00144	0.00503	0.00548	0.00399	0.00644
3	0.00928	0.00539	0.00786	0.00735	0.00871	0.00580	0.00580	0.01090	0.00837	0.18070	0.01318	0.01708	0.01116	0.02764	0.65202	0.00596	0.01026	0.00473	0.00306	0.00476
4	0.00676	0.00522	0.00615	0.00653	0.00736	0.00531	0.00455	0.01002	0.17691	0.01285	0.03923	0.49160	0.09550	0.10140	0.00726	0.00199	0.00294	0.01005	0.00410	0.00428
5	0.04186	0.00829	0.01415	0.18445	0.01732	0.00874	0.24853	0.01219	0.09898	0.01306	0.01331	0.13616	0.02615	0.12777	0.00776	0.00197	0.02528	0.00617	0.00285	0.00498
6	0.00991	0.01058	0.02093	0.01581	0.01888	0.01092	0.51734	0.01284	0.00974	0.01344	0.01051	0.01716	0.00935	0.00587	0.00739	0.00168	0.18146	0.11820	0.00247	0.00551
7	0.00716	0.18161	0.00909	0.00629	0.00763	0.00673	0.00487	0.00821	0.00918	0.02856	0.04201	0.47207	0.16241	0.01107	0.00501	0.00157	0.00304	0.02554	0.00373	0.00421
8	0.00875	0.00855	0.01530	0.71394	0.02973	0.01014	0.12661	0.01185	0.00918	0.01185	0.00811	0.01195	0.00608	0.00437	0.00459	0.00149	0.00619	0.00416	0.00203	0.00512
9	0.19188	0.00984	0.01785	0.01351	0.01669	0.01006	0.43790	0.01263	0.00915	0.01464	0.00929	0.04346	0.00784	0.00881	0.12440	0.00235	0.05713	0.00481	0.00244	0.00533
10	0.00943	0.02029	0.64890	0.01198	0.01773	0.01054	0.01454	0.01619	0.17760	0.01513	0.01017	0.01097	0.00735	0.00463	0.00431	0.00144	0.00596	0.00367	0.00245	0.00671
11	0.00970	0.00759	0.00819	0.00743	0.00919	0.00827	0.00556	0.12869	0.32245	0.01657	0.03920	0.08494	0.09681	0.18371	0.00854	0.00210	0.00363	0.01815	0.03386	0.00542
12	0.53225	0.00934	0.01111	0.00909	0.01155	0.01085	0.12124	0.01317	0.00809	0.04935	0.00702	0.00882	0.00559	0.00493	0.00571	0.00152	0.17935	0.00324	0.00264	0.00514
13	0.01862	0.03844	0.00826	0.00722	0.00869	0.05312	0.06504	0.01977	0.02046	0.03599	0.13091	0.32029	0.22170	0.01036	0.00521	0.00157	0.00334	0.02272	0.00395	0.00434
14	0.00924	0.00790	0.01185	0.53841	0.02326	0.00930	0.01012	0.12532	0.01148	0.01524	0.17803	0.01629	0.01385	0.00559	0.00464	0.00145	0.00500	0.00485	0.00297	0.00519
15	0.00589	0.00419	0.00532	0.00584	0.00628	0.00395	0.00395	0.00682	0.00901	0.01212	0.16463	0.45663	0.06401	0.18773	0.00923	0.00227	0.00292	0.04165	0.00399	0.00357
16	0.00693	0.00418	0.00477	0.00503	0.00588	0.00399	0.00362	0.00856	0.00971	0.01494	0.14134	0.26316	0.08777	0.00890	0.00439	0.00136	0.00225	0.00771	0.41152	0.00399
17	0.01220	0.17867	0.37704	0.01288	0.13169	0.01105	0.01229	0.01556	0.01019	0.18304	0.00976	0.01046	0.00703	0.00440	0.00406	0.00131	0.00547	0.00348	0.00271	0.00672

[dist]
# distance from previous block
# <min> <max>
5	11

[block]
# block no. 5 follows, 58 sequences, length 24
# corresponding to MSA columns:
# 231-254
name=unknown_F
#
# <colnr> <probs for GDERKNQSTAVLIFYWHMCP>
#	G	D	E	R	K	N	Q	S	T	A	V	L	I	F	Y	W	H	M	C	P
0	0.03428	0.33441	0.01522	0.00833	0.01134	0.07068	0.00717	0.10421	0.26360	0.01590	0.01131	0.01149	0.00894	0.00489	0.00368	0.00121	0.00437	0.00361	0.07919	0.00617
1	0.41478	0.30901	0.01349	0.00722	0.01020	0.03512	0.00639	0.05978	0.00903	0.01605	0.00679	0.00808	0.00571	0.00574	0.04498	0.00154	0.03560	0.00269	0.00250	0.00530
2	0.01082	0.01047	0.01816	0.09676	0.70689	0.01060	0.05332	0.01356	0.01010	0.01432	0.00841	0.01120	0.00697	0.00402	0.00448	0.00135	0.00548	0.00405	0.00220	0.00685
3	0.00907	0.00831	0.03932	0.00683	0.01072	0.00601	0.00566	0.01112	0.00925	0.01440	0.00880	0.05130	0.00775	0.00389	0.00347	0.00075	0.00340	0.00318	0.00270	0.79407
4	0.01676	0.01358	0.01321	0.01041	0.01379	0.11996	0.00847	0.67002	0.04783	0.02560	0.01050	0.01060	0.00758	0.00530	0.00442	0.00132	0.00529	0.00391	0.00419	0.00727
5	0.01107	0.01063	0.01816	0.02746	0.81489	0.01063	0.01373	0.01373	0.01019	0.01461	0.00841	0.01107	0.00709	0.00399	0.00443	0.00133	0.00531	0.00399	0.00221	0.00709
6	0.00767	0.00392	0.00575	0.00575	0.00575	0.00392	0.00379	0.00588	0.00588	0.00784	0.00827	0.01485	0.00845	0.08159	0.01790	0.80075	0.00392	0.00409	0.00200	0.00200
7	0.00777	0.00389	0.00583	0.00583	0.00583	0.00389	0.00389	0.00583	0.00583	0.00777	0.00777	0.01360	0.00777	0.01554	0.01748	0.86985	0.00389	0.00389	0.00194	0.00194
8	0.00664	0.00498	0.00634	0.00697	0.00791	0.00490	0.00544	0.00907	0.08016	0.01334	0.08445	0.32779	0.11955	0.01204	0.00570	0.00181	0.00316	0.29137	0.00423	0.00417
9	0.00834	0.00417	0.00417	0.00417	0.00521	0.00417	0.00313	0.01042	0.00938	0.01668	0.01459	0.01668	0.01147	0.00521	0.00313	0.00104	0.00208	0.00417	0.86763	0.00417
10	0.00650	0.00435	0.00496	0.00496	0.00499	0.00438	0.00281	0.00656	0.00653	0.00873	0.01402	0.02887	0.01609	0.81473	0.05059	0.00444	0.00460	0.00645	0.00270	0.00275
11	0.01371	0.00735	0.00915	0.00752	0.01001	0.00713	0.00601	0.12952	0.08139	0.33552	0.31508	0.02153	0.02248	0.00691	0.00479	0.00140	0.00331	0.00583	0.00507	0.00629
12	0.01078	0.01033	0.01764	0.11590	0.72870	0.01055	0.01358	0.01348	0.01005	0.01426	0.00836	0.01117	0.00696	0.00404	0.00443	0.00135	0.00539	0.00398	0.00219	0.00685
13	0.00961	0.00913	0.01551	0.47657	0.37722	0.01024	0.01300	0.01244	0.00949	0.01284	0.00816	0.01155	0.00646	0.00426	0.00445	0.00142	0.00568	0.00398	0.00209	0.00590
14	0.01073	0.01079	0.01992	0.08944	0.54673	0.01075	0.21749	0.01370	0.01018	0.01429	0.00854	0.01140	0.00692	0.00397	0.00465	0.00139	0.00594	0.00432	0.00221	0.00664
15	0.00651	0.00434	0.00488	0.00488	0.00488	0.00434	0.00271	0.00651	0.00651	0.00867	0.01409	0.02927	0.01626	0.84279	0.02277	0.00434	0.00434	0.00651	0.00271	0.00271
16	0.00721	0.00515	0.00721	0.00824	0.00927	0.00515	0.00721	0.00927	0.01030	0.01339	0.02368	0.05046	0.02574	0.01236	0.00618	0.00206	0.00412	0.78478	0.00412	0.00412
17	0.01280	0.52445	0.12422	0.00932	0.01312	0.22638	0.00907	0.01466	0.01007	0.01111	0.00663	0.00770	0.00574	0.00409	0.00335	0.00107	0.00587	0.00264	0.00201	0.00571
18	0.01092	0.01047	0.01788	0.07528	0.76829	0.01059	0.01365	0.01359	0.01011	0.01442	0.00839	0.01112	0.00702	0.00401	0.00443	0.00134	0.00535	0.00399	0.00220	0.00696
19	0.01648	0.01226	0.01332	0.04295	0.01448	0.01363	0.00861	0.74453	0.04491	0.02723	0.01086	0.01097	0.00773	0.00536	0.00448	0.00135	0.00492	0.00406	0.00438	0.00749
20	0.00545	0.00389	0.00519	0.00623	0.00649	0.00363	0.00415	0.00623	0.00856	0.01142	0.02465	0.83987	0.02959	0.01401	0.00571	0.00182	0.00260	0.01272	0.00415	0.00363
21	0.08037	0.01213	0.01279	0.00992	0.01340	0.01349	0.00818	0.71303	0.04898	0.02724	0.01068	0.01070	0.00763	0.00531	0.00435	0.00135	0.00476	0.00395	0.00435	0.00738
22	0.51773	0.00848	0.00906	0.03286	0.01096	0.00901	0.05174	0.02922	0.00957	0.21824	0.03713	0.01068	0.00792	0.00466	0.00353	0.00138	0.00384	0.00338	0.00351	0.02711
23	0.00941	0.00783	0.00931	0.00683	0.01047	0.00622	0.00546	0.01131	0.00915	0.03412	0.00837	0.01010	0.00704	0.02012	0.03237	0.00102	0.03426	0.00289	0.00269	0.77103

[dist]
# distance from previous block
# <min> <max>
0	2

# created by:
# /home/cegg/simao/soft/augustus-3.2.1/scripts/msa2prfl.pl ./align_prep/EOG091G0OUM.fa
