[name]
unknown

[dist]
# distance from previous block
# <min> <max>
26	410

[block]
# block no. 0 follows, 54 sequences, length 8
# corresponding to MSA columns:
# 424-431
name=unknown_A
#
# <colnr> <probs for GDERKNQSTAVLIFYWHMCP>
#	G	D	E	R	K	N	Q	S	T	A	V	L	I	F	Y	W	H	M	C	P
0	0.02931	0.15763	0.04746	0.01156	0.10566	0.00998	0.06951	0.04531	0.02399	0.11399	0.05299	0.22420	0.01604	0.00785	0.00536	0.00155	0.04332	0.02483	0.00356	0.00588
1	0.06044	0.02910	0.10734	0.07073	0.11938	0.02796	0.07776	0.08557	0.09085	0.05682	0.11366	0.03508	0.08100	0.00633	0.00497	0.00150	0.01629	0.00545	0.00352	0.00623
2	0.11300	0.08643	0.09138	0.04084	0.03710	0.05486	0.09311	0.04158	0.12612	0.07054	0.08244	0.05370	0.01266	0.00678	0.03210	0.00164	0.00521	0.00487	0.00340	0.04224
3	0.01006	0.00885	0.07767	0.09445	0.07520	0.00806	0.03734	0.03782	0.12747	0.09657	0.07283	0.21778	0.01761	0.01082	0.08345	0.00220	0.00515	0.00708	0.00381	0.00580
4	0.00707	0.00590	0.04407	0.00594	0.00773	0.00461	0.00485	0.00857	0.01082	0.07055	0.07493	0.13971	0.53343	0.01145	0.00557	0.00164	0.00287	0.05145	0.00440	0.00444
5	0.01263	0.03706	0.03941	0.01079	0.06938	0.13568	0.00813	0.07685	0.29084	0.05586	0.09554	0.01734	0.01453	0.00617	0.00465	0.00143	0.00469	0.03338	0.03211	0.05352
6	0.07062	0.04894	0.10434	0.00743	0.00980	0.04978	0.00662	0.01170	0.01204	0.08330	0.41918	0.05372	0.08803	0.00815	0.00500	0.00147	0.00355	0.00687	0.00431	0.00517
7	0.01199	0.19989	0.13258	0.06773	0.01453	0.02734	0.00902	0.04077	0.04339	0.10670	0.01088	0.01369	0.00888	0.00503	0.00409	0.00122	0.00486	0.05847	0.00305	0.23590

[dist]
# distance from previous block
# <min> <max>
1	3

[block]
# block no. 1 follows, 54 sequences, length 14
# corresponding to MSA columns:
# 435-448
name=unknown_B
#
# <colnr> <probs for GDERKNQSTAVLIFYWHMCP>
#	G	D	E	R	K	N	Q	S	T	A	V	L	I	F	Y	W	H	M	C	P
0	0.00904	0.05604	0.24515	0.01023	0.04358	0.03558	0.00973	0.01263	0.06308	0.01499	0.14225	0.14647	0.01830	0.00766	0.00533	0.00152	0.03773	0.05492	0.00333	0.08245
1	0.04892	0.40283	0.09892	0.00940	0.01324	0.16016	0.00885	0.01656	0.08854	0.06103	0.00894	0.00959	0.00722	0.00456	0.00369	0.00119	0.00555	0.00314	0.00267	0.04501
2	0.00607	0.00463	0.00562	0.00601	0.00701	0.00418	0.00444	0.00745	0.01073	0.01394	0.19692	0.30613	0.30706	0.01251	0.00581	0.00174	0.00267	0.08847	0.00454	0.00407
3	0.12203	0.01157	0.01403	0.01280	0.11417	0.01258	0.05586	0.37374	0.11792	0.08113	0.01174	0.01213	0.00859	0.00538	0.00480	0.00147	0.02435	0.00428	0.00408	0.00735
4	0.01052	0.00801	0.03217	0.00747	0.01018	0.00721	0.00607	0.09860	0.10270	0.08834	0.21566	0.04627	0.09333	0.00763	0.01974	0.00143	0.00354	0.00596	0.02960	0.20558
5	0.00648	0.00478	0.00578	0.00601	0.00699	0.00447	0.00432	0.00851	0.04855	0.01511	0.28117	0.32351	0.19242	0.01157	0.00556	0.00164	0.00251	0.01018	0.05616	0.00427
6	0.09774	0.09577	0.01307	0.00965	0.01287	0.04459	0.00789	0.29477	0.33320	0.02223	0.01341	0.01302	0.01004	0.00564	0.00438	0.00144	0.00456	0.00430	0.00421	0.00721
7	0.78419	0.08989	0.00866	0.00638	0.00941	0.01137	0.00540	0.01389	0.00818	0.02017	0.00656	0.00765	0.00520	0.00434	0.00293	0.00142	0.00378	0.00255	0.00283	0.00520
8	0.00717	0.00496	0.00638	0.00620	0.00739	0.00456	0.00473	0.00914	0.01244	0.04898	0.55077	0.08525	0.12292	0.02608	0.00600	0.00165	0.00260	0.08338	0.00495	0.00446
9	0.00978	0.00838	0.00978	0.00698	0.01117	0.00629	0.00559	0.01187	0.00978	0.01536	0.00838	0.00978	0.00698	0.00349	0.00349	0.00070	0.00349	0.00279	0.00279	0.86312
10	0.00950	0.11487	0.59490	0.01216	0.01798	0.01103	0.03791	0.01392	0.00985	0.01421	0.01006	0.09334	0.00861	0.00544	0.00448	0.00146	0.00626	0.00443	0.00227	0.02733
11	0.00944	0.08126	0.61005	0.01201	0.01771	0.01075	0.01467	0.01418	0.03584	0.01412	0.00909	0.01109	0.00694	0.00815	0.08751	0.03777	0.00717	0.00366	0.00214	0.00643
12	0.00940	0.01005	0.06151	0.01170	0.01258	0.01193	0.05995	0.01093	0.00793	0.01187	0.01010	0.09556	0.02675	0.01114	0.09104	0.00251	0.54221	0.00534	0.00241	0.00509
13	0.00739	0.00577	0.00689	0.08558	0.00991	0.00561	0.00527	0.01021	0.09109	0.04664	0.19045	0.08907	0.40824	0.01015	0.00540	0.00159	0.00296	0.00865	0.00442	0.00470

[dist]
# distance from previous block
# <min> <max>
0	1

[block]
# block no. 2 follows, 54 sequences, length 43
# corresponding to MSA columns:
# 450-492
name=unknown_C
#
# <colnr> <probs for GDERKNQSTAVLIFYWHMCP>
#	G	D	E	R	K	N	Q	S	T	A	V	L	I	F	Y	W	H	M	C	P
0	0.06779	0.01393	0.11812	0.06523	0.01494	0.14207	0.00933	0.03942	0.44119	0.01757	0.01409	0.01396	0.01061	0.00563	0.00454	0.00151	0.00514	0.00443	0.00373	0.00678
1	0.00890	0.00838	0.01414	0.82296	0.03247	0.01048	0.01309	0.01205	0.00943	0.01205	0.00838	0.01257	0.00629	0.00471	0.00471	0.00157	0.00629	0.00419	0.00210	0.00524
2	0.00947	0.00858	0.01365	0.23147	0.27331	0.00921	0.03665	0.01318	0.09500	0.01484	0.09759	0.13046	0.01561	0.00682	0.00505	0.00157	0.00487	0.02356	0.00317	0.00594
3	0.00813	0.00514	0.00677	0.00618	0.00755	0.00470	0.00470	0.01032	0.01336	0.09843	0.72343	0.03329	0.04118	0.00926	0.00548	0.00148	0.00240	0.00815	0.00526	0.00481
4	0.00916	0.00868	0.01440	0.65811	0.04357	0.01072	0.04143	0.01243	0.03548	0.01241	0.00899	0.02691	0.00712	0.00568	0.01849	0.00171	0.07267	0.00445	0.00224	0.00535
5	0.00557	0.00478	0.00478	0.00478	0.00637	0.00398	0.00358	0.00677	0.01075	0.01274	0.04776	0.04538	0.80297	0.01194	0.00557	0.00159	0.00239	0.00995	0.00438	0.00398
6	0.00705	0.00496	0.00644	0.00637	0.00675	0.00544	0.00438	0.00780	0.00727	0.01027	0.01352	0.02427	0.01420	0.43321	0.33676	0.02499	0.03792	0.00587	0.03901	0.00353
7	0.00877	0.00845	0.05101	0.08614	0.14105	0.00774	0.11296	0.03721	0.01180	0.01632	0.28153	0.06810	0.07068	0.00772	0.00530	0.00156	0.00440	0.05413	0.01970	0.00544
8	0.00970	0.00838	0.01018	0.08262	0.01315	0.00667	0.00628	0.01189	0.00974	0.01506	0.00838	0.01004	0.00692	0.00361	0.00361	0.00078	0.00375	0.00292	0.00273	0.78360
9	0.01727	0.00915	0.01107	0.00869	0.01219	0.00880	0.00707	0.14439	0.14411	0.42921	0.01614	0.01479	0.01095	0.00559	0.00455	0.00137	0.00404	0.00450	0.02960	0.11652
10	0.01077	0.01028	0.01751	0.28748	0.55338	0.01097	0.01402	0.01368	0.01031	0.01431	0.00871	0.01196	0.00708	0.00437	0.00468	0.00146	0.00582	0.00420	0.00226	0.00674
11	0.01685	0.02067	0.01322	0.01191	0.01430	0.69108	0.00903	0.04456	0.07455	0.01277	0.00830	0.00939	0.00679	0.00515	0.00480	0.00129	0.04366	0.00330	0.00267	0.00569
12	0.01882	0.00862	0.01045	0.00830	0.01153	0.05256	0.00674	0.04143	0.04071	0.61457	0.07049	0.01694	0.01359	0.00603	0.00468	0.00143	0.00406	0.00489	0.05675	0.00740
13	0.00760	0.00543	0.00760	0.00868	0.00977	0.00543	0.00760	0.00977	0.01085	0.01411	0.02496	0.05319	0.02714	0.01303	0.00651	0.00217	0.00434	0.77315	0.00434	0.00434
14	0.01113	0.01272	0.02782	0.01987	0.02464	0.01192	0.78776	0.01510	0.01113	0.01510	0.00954	0.01272	0.00715	0.00397	0.00556	0.00159	0.00795	0.00556	0.00238	0.00636
15	0.01760	0.01295	0.01494	0.01135	0.01519	0.01411	0.06143	0.70405	0.02105	0.06213	0.01151	0.01162	0.00812	0.00555	0.00478	0.00143	0.00532	0.00436	0.00461	0.00791
16	0.84292	0.00900	0.00691	0.00619	0.00906	0.01040	0.00509	0.01372	0.00818	0.02109	0.02938	0.00845	0.00624	0.00453	0.00299	0.00146	0.00361	0.00272	0.00298	0.00509
17	0.01173	0.00916	0.00970	0.00858	0.01102	0.03899	0.00669	0.06581	0.44228	0.09066	0.16018	0.02232	0.08787	0.00731	0.00497	0.00154	0.00363	0.00610	0.00483	0.00663
18	0.01400	0.20115	0.02856	0.01092	0.02335	0.30089	0.04927	0.03399	0.01124	0.06489	0.03768	0.01176	0.00869	0.04942	0.02507	0.00166	0.11530	0.00381	0.00268	0.00568
19	0.04686	0.02095	0.01339	0.01241	0.04089	0.70188	0.00914	0.07494	0.01373	0.01333	0.00761	0.00879	0.00623	0.00488	0.00425	0.00124	0.00799	0.00315	0.00261	0.00571
20	0.00981	0.00832	0.00888	0.00825	0.01042	0.00921	0.00635	0.01910	0.53367	0.01750	0.04972	0.06516	0.17013	0.02954	0.00558	0.00171	0.00342	0.03231	0.00464	0.00629
21	0.03561	0.02867	0.01616	0.07215	0.23172	0.11915	0.08080	0.02598	0.01004	0.01357	0.00892	0.01366	0.00806	0.00628	0.00806	0.01532	0.24155	0.05596	0.00244	0.00590
22	0.01150	0.06642	0.01579	0.08221	0.30240	0.05880	0.03041	0.03399	0.05400	0.03491	0.00981	0.02580	0.00855	0.05246	0.02277	0.00181	0.15766	0.00443	0.02007	0.00621
23	0.00819	0.00410	0.00614	0.00614	0.00614	0.00410	0.00410	0.00614	0.00614	0.00819	0.00819	0.01433	0.00819	0.01638	0.01843	0.86282	0.00410	0.00410	0.00205	0.00205
24	0.01046	0.01159	0.11660	0.11176	0.25631	0.01011	0.12959	0.06414	0.04738	0.01576	0.02883	0.03232	0.06291	0.03321	0.00548	0.00159	0.00555	0.00513	0.04494	0.00634
25	0.00668	0.00502	0.00637	0.00702	0.00816	0.00471	0.00574	0.00838	0.01077	0.01376	0.08653	0.14624	0.26849	0.01267	0.00609	0.00191	0.00339	0.38946	0.00442	0.00417
26	0.01104	0.23805	0.51408	0.01160	0.01739	0.01319	0.01390	0.08454	0.01096	0.01530	0.00835	0.00960	0.00630	0.00449	0.00409	0.00135	0.00620	0.00332	0.01948	0.00677
27	0.00696	0.00471	0.00531	0.00521	0.00536	0.00463	0.00296	0.00704	0.00696	0.00937	0.01462	0.03008	0.01677	0.80380	0.02325	0.00443	0.00453	0.00671	0.00285	0.03443
28	0.06996	0.62214	0.15045	0.00895	0.01333	0.04358	0.00942	0.01439	0.00966	0.01241	0.00689	0.00799	0.00598	0.00416	0.00330	0.00112	0.00538	0.00270	0.00209	0.00612
29	0.01305	0.01265	0.01117	0.01004	0.01265	0.17895	0.00775	0.04366	0.59480	0.01824	0.01642	0.01553	0.01244	0.00604	0.00465	0.00150	0.00473	0.00480	0.02394	0.00699
30	0.00904	0.00964	0.06848	0.70017	0.03061	0.01046	0.05875	0.01236	0.00960	0.01247	0.00888	0.01345	0.00685	0.00487	0.00479	0.00158	0.00638	0.02404	0.00216	0.00540
31	0.00968	0.02281	0.70400	0.01431	0.02098	0.01108	0.12170	0.01496	0.01011	0.01496	0.00861	0.01033	0.00613	0.00441	0.00463	0.00151	0.00710	0.00377	0.00204	0.00689
32	0.00890	0.00838	0.01414	0.82296	0.03247	0.01048	0.01309	0.01205	0.00943	0.01205	0.00838	0.01257	0.00629	0.00471	0.00471	0.00157	0.00629	0.00419	0.00210	0.00524
33	0.00819	0.00410	0.00614	0.00614	0.00614	0.00410	0.00410	0.00614	0.00614	0.00819	0.00819	0.01433	0.00819	0.01638	0.01843	0.86282	0.00410	0.00410	0.00205	0.00205
34	0.00955	0.02382	0.77823	0.01329	0.02008	0.01098	0.01703	0.01533	0.04108	0.01512	0.00889	0.01026	0.00631	0.00456	0.00449	0.00150	0.00684	0.00356	0.00210	0.00699
35	0.01761	0.02247	0.01336	0.01215	0.01458	0.81537	0.00911	0.01883	0.01336	0.01154	0.00729	0.00850	0.00607	0.00486	0.00425	0.00121	0.00850	0.00304	0.00243	0.00547
36	0.01003	0.00859	0.01001	0.00729	0.01132	0.00686	0.00584	0.02805	0.04110	0.01573	0.00882	0.01013	0.00728	0.00376	0.00386	0.00078	0.02327	0.00296	0.00289	0.79143
37	0.00637	0.00473	0.00601	0.00688	0.00740	0.00465	0.00470	0.00849	0.09106	0.01284	0.02528	0.74645	0.02944	0.01390	0.00589	0.00188	0.00284	0.01256	0.00442	0.00421
38	0.00749	0.00539	0.00744	0.00847	0.00958	0.00535	0.00738	0.00960	0.01085	0.01403	0.02623	0.05275	0.07019	0.01296	0.00646	0.00214	0.00423	0.73079	0.00434	0.00432
39	0.86760	0.00912	0.00693	0.00620	0.00912	0.01058	0.00511	0.01386	0.00802	0.02115	0.00657	0.00766	0.00511	0.00438	0.00292	0.00146	0.00365	0.00255	0.00292	0.00511
40	0.00819	0.00410	0.00614	0.00614	0.00614	0.00410	0.00410	0.00614	0.00614	0.00819	0.00819	0.01433	0.00819	0.01638	0.01843	0.86282	0.00410	0.00410	0.00205	0.00205
41	0.03399	0.00917	0.01048	0.00851	0.01153	0.00950	0.00688	0.22252	0.16651	0.29334	0.01597	0.01520	0.01117	0.00581	0.00445	0.00141	0.00394	0.00462	0.15779	0.00721
42	0.01792	0.01321	0.01415	0.01085	0.01462	0.01462	0.00896	0.78916	0.02217	0.02972	0.01132	0.01132	0.00802	0.00566	0.00472	0.00142	0.00519	0.00425	0.00472	0.00802

[dist]
# distance from previous block
# <min> <max>
1	27

[block]
# block no. 3 follows, 54 sequences, length 8
# corresponding to MSA columns:
# 520-527
name=unknown_D
#
# <colnr> <probs for GDERKNQSTAVLIFYWHMCP>
#	G	D	E	R	K	N	Q	S	T	A	V	L	I	F	Y	W	H	M	C	P
0	0.54649	0.00870	0.00845	0.00703	0.01023	0.00919	0.00580	0.01732	0.01010	0.31971	0.01113	0.01084	0.00760	0.00493	0.00361	0.00146	0.00379	0.00338	0.00402	0.00621
1	0.01261	0.83713	0.02471	0.00807	0.01210	0.01866	0.00807	0.01412	0.00958	0.01109	0.00656	0.00756	0.00605	0.00403	0.00303	0.00101	0.00504	0.00252	0.00202	0.00605
2	0.01053	0.00882	0.01018	0.00734	0.01149	0.00705	0.00590	0.08340	0.01092	0.01668	0.00865	0.00992	0.00708	0.00369	0.00360	0.00076	0.00365	0.00293	0.00297	0.78443
3	0.00670	0.00544	0.00647	0.00728	0.00769	0.04579	0.00512	0.00762	0.00926	0.01209	0.02393	0.70170	0.02835	0.01382	0.00646	0.00190	0.04674	0.05548	0.00415	0.00401
4	0.01749	0.01265	0.01535	0.01161	0.01548	0.01358	0.09460	0.62997	0.02012	0.10317	0.01183	0.01193	0.00828	0.00549	0.00481	0.00144	0.00538	0.00444	0.00457	0.00784
5	0.01738	0.01994	0.01449	0.01248	0.01527	0.64879	0.08396	0.01893	0.01316	0.09968	0.00875	0.00974	0.00679	0.00488	0.00443	0.00128	0.00795	0.00347	0.00280	0.00583
6	0.00740	0.00564	0.00687	0.00719	0.00838	0.00565	0.00563	0.01060	0.12134	0.01455	0.12690	0.14867	0.15724	0.08729	0.00753	0.00209	0.00346	0.26465	0.00439	0.00453
7	0.02499	0.02777	0.03525	0.18950	0.13071	0.07666	0.05450	0.04755	0.02469	0.02798	0.10666	0.03858	0.05292	0.00654	0.00637	0.00157	0.12043	0.01864	0.00299	0.00569

[dist]
# distance from previous block
# <min> <max>
0	2

[block]
# block no. 4 follows, 54 sequences, length 17
# corresponding to MSA columns:
# 530-546
name=unknown_E
#
# <colnr> <probs for GDERKNQSTAVLIFYWHMCP>
#	G	D	E	R	K	N	Q	S	T	A	V	L	I	F	Y	W	H	M	C	P
0	0.00645	0.00463	0.00596	0.00637	0.00715	0.00437	0.00459	0.00824	0.03008	0.01513	0.31367	0.40586	0.06907	0.01209	0.00573	0.00172	0.00263	0.05499	0.03709	0.00421
1	0.03091	0.05847	0.12948	0.01228	0.02899	0.11967	0.14110	0.17202	0.12414	0.03872	0.05687	0.01339	0.01038	0.01864	0.00498	0.00147	0.00587	0.00450	0.00340	0.02472
2	0.00686	0.00457	0.00514	0.00514	0.00514	0.00457	0.00286	0.00686	0.00686	0.00914	0.01486	0.03086	0.01714	0.83430	0.02400	0.00457	0.00457	0.00686	0.00286	0.00286
3	0.08648	0.05921	0.01434	0.04233	0.05599	0.04507	0.06376	0.30720	0.05992	0.12818	0.01129	0.01171	0.00819	0.00507	0.00441	0.00136	0.00506	0.00405	0.00391	0.08248
4	0.01493	0.03021	0.01265	0.01019	0.01340	0.04170	0.00820	0.36933	0.38691	0.03870	0.01493	0.01419	0.01098	0.00595	0.00470	0.00149	0.00459	0.00469	0.00464	0.00762
5	0.01188	0.01094	0.05207	0.06192	0.53853	0.01021	0.04785	0.01470	0.01084	0.08266	0.01059	0.01436	0.00880	0.00484	0.00475	0.00143	0.00547	0.04881	0.00275	0.05659
6	0.01005	0.10416	0.66285	0.01224	0.01848	0.01123	0.01538	0.01484	0.01001	0.03621	0.00895	0.01032	0.00649	0.00453	0.00427	0.00142	0.00642	0.00347	0.05190	0.00676
7	0.01272	0.32885	0.30460	0.01121	0.01631	0.01331	0.08818	0.01595	0.01051	0.14283	0.00950	0.01031	0.00705	0.00448	0.00408	0.00131	0.00585	0.00353	0.00267	0.00673
8	0.02115	0.00802	0.01094	0.00839	0.01204	0.00693	0.00693	0.02298	0.01350	0.80815	0.01860	0.01605	0.01167	0.00584	0.00474	0.00146	0.00401	0.00474	0.00584	0.00802
9	0.00617	0.00490	0.00527	0.00524	0.00680	0.00419	0.00402	0.00756	0.01110	0.03104	0.12799	0.04415	0.65063	0.01163	0.00562	0.00162	0.00254	0.06091	0.00450	0.00414
10	0.01477	0.03871	0.18232	0.04837	0.03213	0.03867	0.06989	0.06498	0.05677	0.30599	0.02487	0.01446	0.02623	0.00540	0.00462	0.00144	0.00517	0.00451	0.05368	0.00700
11	0.00768	0.00601	0.00766	0.00716	0.00726	0.00711	0.00500	0.00812	0.00702	0.00987	0.01251	0.02452	0.01390	0.54631	0.10920	0.00430	0.20418	0.00600	0.00263	0.00356
12	0.01291	0.00567	0.00675	0.00586	0.00783	0.00527	0.00461	0.01498	0.01133	0.28886	0.06340	0.01811	0.01388	0.00586	0.00393	0.00125	0.00282	0.00476	0.51630	0.00564
13	0.00983	0.03908	0.62353	0.01452	0.09606	0.03154	0.03734	0.01460	0.01035	0.01506	0.05760	0.01167	0.00854	0.00476	0.00456	0.00147	0.00657	0.00389	0.00225	0.00679
14	0.01169	0.01127	0.01822	0.13813	0.57635	0.03547	0.04542	0.05151	0.01108	0.01536	0.00881	0.01168	0.00723	0.00449	0.00506	0.00145	0.03313	0.00422	0.00241	0.00700
15	0.01506	0.01790	0.01436	0.01254	0.01499	0.53154	0.10241	0.04830	0.01280	0.01307	0.01020	0.01561	0.00930	0.00612	0.00529	0.00145	0.04708	0.11371	0.00277	0.00550
16	0.78829	0.03695	0.00812	0.00725	0.03945	0.02844	0.00565	0.01400	0.00829	0.02039	0.00667	0.00783	0.00525	0.00437	0.00302	0.00144	0.00387	0.00263	0.00286	0.00523

[dist]
# distance from previous block
# <min> <max>
0	1

[block]
# block no. 5 follows, 54 sequences, length 9
# corresponding to MSA columns:
# 548-556
name=unknown_F
#
# <colnr> <probs for GDERKNQSTAVLIFYWHMCP>
#	G	D	E	R	K	N	Q	S	T	A	V	L	I	F	Y	W	H	M	C	P
0	0.00791	0.00423	0.00613	0.00613	0.00619	0.00430	0.00408	0.00641	0.00635	0.00853	0.00938	0.01676	0.00961	0.12169	0.08147	0.68699	0.00482	0.00452	0.00219	0.00232
1	0.01243	0.07207	0.07102	0.16893	0.19739	0.09202	0.05667	0.16605	0.01294	0.01684	0.03401	0.01302	0.03775	0.00508	0.00460	0.00140	0.00587	0.00431	0.00289	0.02472
2	0.00745	0.00486	0.00711	0.00702	0.00744	0.00544	0.00514	0.00753	0.00695	0.00975	0.01083	0.01753	0.01059	0.08940	0.41280	0.33827	0.04145	0.00479	0.00235	0.00330
3	0.00899	0.11760	0.11228	0.00839	0.01065	0.00881	0.03755	0.05908	0.04827	0.01338	0.07483	0.01991	0.01404	0.23469	0.20782	0.00374	0.00685	0.00526	0.00293	0.00494
4	0.00659	0.00509	0.00641	0.00613	0.00721	0.00491	0.00462	0.00842	0.01209	0.01661	0.53407	0.09756	0.20123	0.01044	0.00621	0.00158	0.05277	0.00894	0.00476	0.00435
5	0.01111	0.20846	0.32087	0.01258	0.01758	0.01299	0.15223	0.05240	0.10837	0.01533	0.01026	0.01244	0.00809	0.00488	0.00446	0.00143	0.00612	0.03110	0.00263	0.00666
6	0.05079	0.01738	0.40793	0.03369	0.22070	0.02721	0.02936	0.03429	0.03164	0.03933	0.02725	0.01264	0.03733	0.00491	0.00456	0.00147	0.00601	0.00412	0.00256	0.00684
7	0.01151	0.03346	0.07908	0.06948	0.15263	0.00927	0.03751	0.09306	0.02597	0.06167	0.04703	0.01222	0.00919	0.00451	0.00424	0.00116	0.00469	0.00386	0.00308	0.33635
8	0.01130	0.05182	0.06334	0.12216	0.16713	0.07961	0.07617	0.03290	0.05290	0.04943	0.06493	0.06417	0.01173	0.00623	0.00621	0.00156	0.11163	0.01777	0.00294	0.00607

[dist]
# distance from previous block
# <min> <max>
1	2

[block]
# block no. 6 follows, 54 sequences, length 23
# corresponding to MSA columns:
# 559-581
name=unknown_G
#
# <colnr> <probs for GDERKNQSTAVLIFYWHMCP>
#	G	D	E	R	K	N	Q	S	T	A	V	L	I	F	Y	W	H	M	C	P
0	0.01174	0.01048	0.01466	0.09521	0.36035	0.04599	0.01065	0.08280	0.02378	0.03827	0.02926	0.03732	0.00909	0.00478	0.00445	0.00127	0.00502	0.00425	0.00290	0.20773
1	0.01178	0.02982	0.02902	0.06985	0.40666	0.05754	0.04951	0.04702	0.08212	0.04203	0.04123	0.01484	0.05453	0.00518	0.00471	0.00141	0.00531	0.00470	0.00299	0.03976
2	0.00927	0.00877	0.06015	0.00887	0.05991	0.00690	0.00684	0.02997	0.03258	0.01475	0.01305	0.08285	0.03370	0.08088	0.00623	0.00144	0.01755	0.05871	0.00309	0.46452
3	0.01013	0.00959	0.01607	0.32077	0.36760	0.01021	0.04765	0.01316	0.02591	0.01402	0.00996	0.06280	0.00859	0.00504	0.00474	0.00146	0.00562	0.00476	0.00245	0.05947
4	0.01080	0.00825	0.01085	0.05312	0.11047	0.00781	0.00737	0.10298	0.01260	0.07354	0.24925	0.01848	0.01876	0.00605	0.00489	0.00124	0.02671	0.00512	0.00384	0.26786
5	0.01133	0.01086	0.01853	0.12524	0.71121	0.01111	0.01430	0.01418	0.01058	0.01500	0.00881	0.01178	0.00733	0.00426	0.00467	0.00142	0.00568	0.00420	0.00230	0.00720
6	0.01734	0.01494	0.01363	0.01095	0.01431	0.19387	0.00881	0.57119	0.04117	0.02503	0.03514	0.01160	0.00889	0.00562	0.00464	0.00138	0.00580	0.00414	0.00422	0.00732
7	0.00674	0.00505	0.00758	0.00758	0.00842	0.00589	0.00589	0.00842	0.00758	0.01095	0.01263	0.01852	0.01179	0.03536	0.81561	0.00758	0.01263	0.00505	0.00253	0.00421
8	0.75666	0.00930	0.00765	0.00664	0.00966	0.01058	0.00547	0.06250	0.00928	0.07592	0.00769	0.00846	0.00574	0.00456	0.00315	0.00146	0.00377	0.00281	0.00323	0.00549
9	0.02690	0.12945	0.04293	0.00843	0.01176	0.00938	0.02138	0.10031	0.04461	0.36148	0.06560	0.04795	0.09608	0.00667	0.00465	0.00143	0.00413	0.00542	0.00462	0.00681
10	0.01712	0.02174	0.01301	0.01184	0.01424	0.78187	0.00888	0.01833	0.01325	0.01159	0.00896	0.01002	0.03897	0.00515	0.00431	0.00123	0.00825	0.00332	0.00251	0.00540
11	0.00685	0.00459	0.00522	0.00522	0.00524	0.00461	0.00295	0.00690	0.00688	0.00920	0.01479	0.03048	0.01698	0.80993	0.04814	0.00466	0.00482	0.00680	0.00285	0.00290
12	0.01769	0.01222	0.01352	0.01050	0.01405	0.01341	0.00865	0.61105	0.06840	0.13247	0.01259	0.01230	0.00883	0.00582	0.00512	0.00146	0.03489	0.00437	0.00477	0.00788
13	0.00819	0.00410	0.00614	0.00614	0.00614	0.00410	0.00410	0.00614	0.00614	0.00819	0.00819	0.01433	0.00819	0.01638	0.01843	0.86282	0.00410	0.00410	0.00205	0.00205
14	0.01567	0.27742	0.01728	0.01191	0.06274	0.51555	0.00912	0.01708	0.01201	0.01164	0.00716	0.00840	0.00615	0.00456	0.00389	0.00116	0.00724	0.00295	0.00229	0.00577
15	0.01131	0.01084	0.01849	0.13242	0.70422	0.01111	0.01429	0.01415	0.01057	0.01497	0.00881	0.01179	0.00731	0.00427	0.00467	0.00142	0.00569	0.00420	0.00230	0.00718
16	0.00926	0.00877	0.01467	0.70043	0.10998	0.01075	0.01309	0.01226	0.00945	0.01235	0.00832	0.01236	0.00640	0.00484	0.00526	0.00158	0.04846	0.00419	0.00212	0.00546
17	0.01173	0.01013	0.01066	0.00960	0.01226	0.01173	0.00746	0.02505	0.79636	0.01972	0.01919	0.01759	0.01439	0.00640	0.00480	0.00160	0.00373	0.00533	0.00480	0.00746
18	0.00890	0.00838	0.01414	0.82296	0.03247	0.01048	0.01309	0.01205	0.00943	0.01205	0.00838	0.01257	0.00629	0.00471	0.00471	0.00157	0.00629	0.00419	0.00210	0.00524
19	0.00783	0.00571	0.00778	0.11677	0.01097	0.00576	0.00589	0.01075	0.05622	0.05043	0.60010	0.04989	0.03597	0.00876	0.00538	0.00151	0.00294	0.00773	0.00476	0.00486
20	0.07467	0.01251	0.01330	0.01035	0.01399	0.01382	0.00852	0.65517	0.06876	0.06376	0.01182	0.01168	0.00838	0.00563	0.00460	0.00143	0.00494	0.00422	0.00465	0.00779
21	0.01255	0.01001	0.01138	0.00992	0.01272	0.01123	0.03732	0.06231	0.63163	0.08040	0.01864	0.01858	0.01416	0.00652	0.00490	0.00160	0.00402	0.04000	0.00476	0.00735
22	0.01167	0.01120	0.01914	0.02894	0.80488	0.01120	0.01447	0.01447	0.01074	0.01540	0.00887	0.01167	0.00747	0.00420	0.00467	0.00140	0.00560	0.00420	0.00233	0.00747

[dist]
# distance from previous block
# <min> <max>
0	0

# created by:
# /home/cegg/simao/soft/augustus-3.2.1/scripts/msa2prfl.pl ./align_prep/EOG091G0LT1.fa
