[name]
unknown

[dist]
# distance from previous block
# <min> <max>
0	111

[block]
# block no. 0 follows, 56 sequences, length 47
# corresponding to MSA columns:
# 119-131,138-153,156-173
name=unknown_A
#
# <colnr> <probs for GDERKNQSTAVLIFYWHMCP>
#	G	D	E	R	K	N	Q	S	T	A	V	L	I	F	Y	W	H	M	C	P
0	0.31522	0.12423	0.14497	0.06980	0.11112	0.02306	0.03422	0.04219	0.00965	0.02553	0.01857	0.02009	0.00722	0.00469	0.00378	0.00138	0.00492	0.02168	0.01187	0.00582
1	0.12091	0.12173	0.28702	0.01130	0.04496	0.02200	0.06203	0.09400	0.03859	0.13084	0.01033	0.01097	0.01633	0.00471	0.00414	0.00138	0.00542	0.00369	0.00302	0.00664
2	0.12132	0.11500	0.38037	0.01034	0.03162	0.02384	0.01115	0.05389	0.01016	0.01541	0.05593	0.12897	0.01151	0.00608	0.00428	0.00144	0.00519	0.00487	0.00272	0.00590
3	0.02699	0.01078	0.13033	0.12416	0.28541	0.02225	0.01085	0.02395	0.01068	0.01527	0.16933	0.05746	0.01520	0.00576	0.00464	0.00139	0.00478	0.00513	0.00293	0.07270
4	0.01005	0.05373	0.01182	0.01154	0.14745	0.01932	0.04895	0.08298	0.15932	0.03345	0.21818	0.02347	0.13420	0.00720	0.00490	0.00145	0.00387	0.01823	0.00400	0.00589
5	0.00712	0.00585	0.00745	0.00737	0.00829	0.05212	0.00566	0.00870	0.00812	0.01115	0.05871	0.01976	0.04346	0.05488	0.67207	0.00637	0.01087	0.00523	0.00268	0.00413
6	0.82182	0.00884	0.00691	0.00608	0.00899	0.01006	0.00500	0.01338	0.00791	0.02028	0.00649	0.00758	0.00508	0.00421	0.00287	0.00138	0.00354	0.00250	0.00283	0.05425
7	0.80957	0.00917	0.00725	0.00636	0.00926	0.01058	0.00524	0.06979	0.00881	0.02120	0.00673	0.00771	0.00518	0.00435	0.00297	0.00142	0.00366	0.00260	0.00297	0.00518
8	0.00820	0.00440	0.00472	0.00473	0.00580	0.00434	0.00361	0.01034	0.01016	0.01711	0.12909	0.02156	0.01713	0.00635	0.00370	0.00118	0.00226	0.04916	0.69186	0.00428
9	0.00965	0.14092	0.70154	0.01234	0.01871	0.01174	0.01566	0.01443	0.00964	0.01400	0.00797	0.00936	0.00583	0.00430	0.00416	0.00139	0.00652	0.00326	0.00194	0.00666
10	0.87108	0.00888	0.00675	0.00604	0.00888	0.01030	0.00497	0.01350	0.00781	0.02060	0.00639	0.00746	0.00497	0.00426	0.00284	0.00142	0.00355	0.00249	0.00284	0.00497
11	0.01012	0.00814	0.00958	0.00687	0.01093	0.00615	0.00551	0.01215	0.00972	0.05845	0.00870	0.00985	0.00705	0.00352	0.00347	0.00072	0.00343	0.00282	0.00288	0.81992
12	0.01314	0.55524	0.10438	0.00938	0.01322	0.21344	0.00906	0.01495	0.01027	0.01130	0.00675	0.00783	0.00589	0.00417	0.00339	0.00108	0.00593	0.00268	0.00206	0.00585
13	0.01980	0.00910	0.01145	0.00878	0.01236	0.00866	0.00725	0.21916	0.01529	0.61337	0.01631	0.01445	0.01046	0.00564	0.00461	0.00141	0.00420	0.00449	0.00540	0.00781
14	0.00772	0.00800	0.12316	0.00913	0.01104	0.00615	0.00877	0.01047	0.02324	0.01394	0.02191	0.04519	0.02327	0.01139	0.00603	0.00201	0.00458	0.65544	0.00391	0.00464
15	0.00656	0.00492	0.00738	0.00738	0.00820	0.00574	0.00574	0.00820	0.00738	0.01066	0.01230	0.01804	0.01148	0.03443	0.82046	0.00738	0.01230	0.00492	0.00246	0.00410
16	0.00628	0.00468	0.00584	0.00555	0.00673	0.00424	0.00416	0.00825	0.01249	0.01721	0.65514	0.03627	0.19653	0.00983	0.00542	0.00147	0.00220	0.00858	0.00490	0.00424
17	0.01114	0.01097	0.01958	0.07047	0.65497	0.01097	0.12569	0.01405	0.01044	0.01478	0.00870	0.01156	0.00717	0.00409	0.00467	0.00140	0.00582	0.00428	0.00227	0.00700
18	0.00559	0.00400	0.00533	0.00639	0.00666	0.00373	0.00426	0.00639	0.00879	0.01172	0.02530	0.83566	0.03036	0.01438	0.00586	0.00186	0.00266	0.01305	0.00426	0.00373
19	0.00648	0.00541	0.00574	0.00552	0.00714	0.00504	0.00418	0.00951	0.12431	0.01445	0.17871	0.03854	0.55749	0.01045	0.00532	0.00153	0.00248	0.00880	0.00446	0.00444
20	0.01775	0.01238	0.01348	0.01033	0.01400	0.01352	0.00854	0.72115	0.02078	0.10363	0.01170	0.01146	0.00815	0.00553	0.00459	0.00138	0.00494	0.00418	0.00470	0.00781
21	0.01617	0.01197	0.01239	0.00971	0.01296	0.04349	0.00794	0.65281	0.01955	0.02657	0.01144	0.01179	0.00830	0.00546	0.00438	0.00133	0.00476	0.00411	0.12768	0.00721
22	0.01227	0.84142	0.02406	0.00786	0.01178	0.01817	0.00786	0.01375	0.00933	0.01080	0.00638	0.00736	0.00589	0.00393	0.00295	0.00098	0.00491	0.00245	0.00196	0.00589
23	0.80450	0.00960	0.00719	0.00641	0.00924	0.05640	0.00523	0.01396	0.00822	0.03675	0.00668	0.00768	0.00516	0.00432	0.00295	0.00141	0.00383	0.00256	0.00287	0.00505
24	0.00958	0.00931	0.01314	0.01125	0.01139	0.01261	0.03164	0.01053	0.00709	0.01085	0.00733	0.01298	0.00758	0.12694	0.01598	0.00235	0.68814	0.00444	0.00213	0.00473
25	0.00894	0.02032	0.65559	0.01286	0.06106	0.00977	0.01500	0.01367	0.01021	0.01512	0.12281	0.01331	0.01127	0.00507	0.00452	0.00145	0.00605	0.00413	0.00240	0.00646
26	0.00668	0.00445	0.00501	0.00501	0.00501	0.00445	0.00278	0.00668	0.00668	0.00890	0.01447	0.03004	0.01669	0.83866	0.02337	0.00445	0.00445	0.00668	0.00278	0.00278
27	0.00545	0.00465	0.00469	0.00468	0.00622	0.00389	0.00351	0.00664	0.01052	0.01255	0.06475	0.04395	0.78982	0.01157	0.00543	0.00155	0.00232	0.00966	0.00428	0.00389
28	0.00608	0.00466	0.00556	0.00536	0.00661	0.00415	0.00401	0.00784	0.01197	0.01603	0.50687	0.05225	0.33134	0.01032	0.00543	0.00149	0.00223	0.00891	0.00474	0.00415
29	0.01136	0.01091	0.01863	0.02818	0.81002	0.01091	0.01409	0.01409	0.01045	0.01500	0.00864	0.01136	0.00727	0.00409	0.00455	0.00136	0.00545	0.00409	0.00227	0.00727
30	0.00906	0.00855	0.01447	0.71306	0.14317	0.01030	0.01294	0.01207	0.00936	0.01220	0.00823	0.01211	0.00629	0.00452	0.00458	0.00151	0.00602	0.00408	0.00207	0.00541
31	0.01056	0.28319	0.51626	0.01160	0.03043	0.02963	0.01367	0.03131	0.00992	0.01360	0.00769	0.00898	0.00591	0.00425	0.00392	0.00130	0.00616	0.00311	0.00202	0.00650
32	0.00914	0.00870	0.01224	0.01075	0.01093	0.01185	0.00881	0.01025	0.00709	0.01088	0.00774	0.01257	0.00764	0.04550	0.19371	0.00329	0.61771	0.00432	0.00214	0.00473
33	0.02026	0.00774	0.01055	0.00811	0.01160	0.00669	0.00669	0.02205	0.01314	0.79442	0.03677	0.01607	0.01212	0.00577	0.00464	0.00142	0.00387	0.00470	0.00567	0.00773
34	0.00580	0.00411	0.00524	0.00605	0.00631	0.00388	0.00394	0.00646	0.00843	0.01118	0.02394	0.64423	0.05715	0.17939	0.00935	0.00237	0.00301	0.01165	0.00397	0.00354
35	0.01127	0.00988	0.01125	0.00989	0.01256	0.01126	0.05209	0.02343	0.73477	0.01880	0.01831	0.01782	0.01396	0.00627	0.00476	0.00157	0.00388	0.02659	0.00453	0.00712
36	0.01745	0.01286	0.01378	0.01056	0.01424	0.01424	0.00873	0.79471	0.02159	0.02893	0.01102	0.01102	0.00781	0.00551	0.00459	0.00138	0.00505	0.00413	0.00459	0.00781
37	0.74758	0.01101	0.12255	0.00705	0.01045	0.01035	0.00669	0.01364	0.00808	0.01973	0.00666	0.00778	0.00509	0.00428	0.00306	0.00143	0.00401	0.00262	0.00271	0.00523
38	0.01142	0.00986	0.01038	0.00934	0.01194	0.01142	0.00727	0.02440	0.80172	0.01920	0.01869	0.01713	0.01401	0.00623	0.00467	0.00156	0.00363	0.00519	0.00467	0.00727
39	0.00558	0.00474	0.00483	0.00479	0.00633	0.00402	0.00360	0.00700	0.02341	0.01286	0.08958	0.04318	0.75157	0.01141	0.00541	0.00154	0.00234	0.00954	0.00432	0.00396
40	0.01085	0.01039	0.01772	0.17927	0.66290	0.01077	0.01384	0.01364	0.01021	0.01438	0.00855	0.01153	0.00705	0.00418	0.00455	0.00139	0.00558	0.00409	0.00223	0.00686
41	0.02043	0.00809	0.01082	0.00830	0.01186	0.00716	0.00686	0.06445	0.01360	0.77047	0.01773	0.01538	0.01117	0.00567	0.00462	0.00142	0.00397	0.00459	0.00562	0.00781
42	0.00729	0.00521	0.00728	0.00834	0.00935	0.00520	0.00722	0.00933	0.01047	0.01362	0.02436	0.09661	0.02665	0.01278	0.00631	0.00210	0.00414	0.73531	0.00423	0.00420
43	0.00559	0.00400	0.00533	0.00639	0.00666	0.00373	0.00426	0.00639	0.00879	0.01172	0.02530	0.83566	0.03036	0.01438	0.00586	0.00186	0.00266	0.01305	0.00426	0.00373
44	0.13948	0.05953	0.01336	0.00976	0.01333	0.01390	0.00814	0.63824	0.01891	0.02671	0.01009	0.01030	0.00729	0.00524	0.00425	0.00136	0.00483	0.00380	0.00419	0.00729
45	0.74762	0.00878	0.00714	0.00615	0.00917	0.00970	0.00504	0.01322	0.00806	0.01979	0.00665	0.00775	0.00523	0.00414	0.00292	0.00131	0.00353	0.00252	0.00282	0.12846
46	0.01066	0.00883	0.01013	0.00734	0.01136	0.00728	0.00591	0.12379	0.01125	0.01696	0.00857	0.00974	0.00694	0.00370	0.00357	0.00078	0.00364	0.00292	0.00299	0.74364

[dist]
# distance from previous block
# <min> <max>
0	21

[block]
# block no. 1 follows, 56 sequences, length 63
# corresponding to MSA columns:
# 195-211,221-259,279-285
name=unknown_B
#
# <colnr> <probs for GDERKNQSTAVLIFYWHMCP>
#	G	D	E	R	K	N	Q	S	T	A	V	L	I	F	Y	W	H	M	C	P
0	0.70948	0.00805	0.00642	0.00584	0.00815	0.00921	0.00456	0.01222	0.00760	0.01841	0.00790	0.01168	0.00716	0.16025	0.00668	0.00199	0.00372	0.00327	0.00283	0.00456
1	0.01059	0.01159	0.02381	0.01700	0.02154	0.01058	0.64604	0.01412	0.01059	0.01475	0.00908	0.01185	0.00693	0.00378	0.00504	0.00139	0.00693	0.00491	0.00240	0.16707
2	0.00667	0.00450	0.00523	0.00523	0.00531	0.00457	0.00306	0.00682	0.00674	0.00907	0.01426	0.02890	0.01620	0.76240	0.09895	0.00473	0.00519	0.00651	0.00275	0.00291
3	0.01965	0.00926	0.03699	0.00877	0.01245	0.00826	0.00744	0.16498	0.01459	0.64255	0.01648	0.01458	0.01053	0.00561	0.00460	0.00141	0.00421	0.00449	0.00536	0.00778
4	0.00921	0.02375	0.81487	0.01309	0.01987	0.01066	0.01696	0.01454	0.00969	0.01454	0.00824	0.00969	0.00582	0.00436	0.00436	0.00145	0.00678	0.00339	0.00194	0.00678
5	0.01680	0.01735	0.01206	0.01068	0.01316	0.56510	0.00817	0.04299	0.01278	0.16168	0.00977	0.01067	0.00752	0.00775	0.08165	0.00182	0.00774	0.00349	0.00307	0.00575
6	0.00951	0.02162	0.66759	0.01426	0.02064	0.01084	0.16211	0.01457	0.00991	0.01457	0.00843	0.01020	0.00603	0.00427	0.00456	0.00147	0.00696	0.00377	0.00201	0.00667
7	0.01247	0.00875	0.00984	0.00823	0.01123	0.00890	0.00651	0.04459	0.40031	0.17242	0.01900	0.01778	0.08726	0.00608	0.00449	0.00136	0.00356	0.00501	0.00446	0.16775
8	0.01715	0.02188	0.01301	0.01183	0.01419	0.82022	0.00887	0.01833	0.01301	0.01124	0.00710	0.00828	0.00591	0.00473	0.00414	0.00118	0.00828	0.00296	0.00237	0.00532
9	0.00921	0.02375	0.81487	0.01309	0.01987	0.01066	0.01696	0.01454	0.00969	0.01454	0.00824	0.00969	0.00582	0.00436	0.00436	0.00145	0.00678	0.00339	0.00194	0.00678
10	0.00615	0.00468	0.00565	0.00541	0.00664	0.00418	0.00406	0.00798	0.01217	0.01644	0.55825	0.03753	0.29389	0.01012	0.00542	0.00148	0.00222	0.00876	0.00479	0.00418
11	0.01361	0.01604	0.01185	0.04245	0.01312	0.49398	0.00831	0.01532	0.03153	0.01277	0.15692	0.01378	0.01313	0.00613	0.00606	0.00138	0.13141	0.00422	0.00286	0.00513
12	0.00668	0.00445	0.00501	0.00501	0.00501	0.00445	0.00278	0.00668	0.00668	0.00890	0.01447	0.03004	0.01669	0.83866	0.02337	0.00445	0.00445	0.00668	0.00278	0.00278
13	0.00878	0.00827	0.01396	0.79557	0.06282	0.01023	0.01280	0.01182	0.00923	0.01186	0.00818	0.01220	0.00617	0.00457	0.00459	0.00152	0.00609	0.00408	0.00205	0.00519
14	0.01081	0.05525	0.63415	0.01265	0.01849	0.16230	0.01509	0.01522	0.01030	0.01378	0.00795	0.00934	0.00584	0.00441	0.00427	0.00138	0.00699	0.00327	0.00202	0.00648
15	0.00563	0.00466	0.00493	0.00486	0.00632	0.00396	0.00365	0.00698	0.01094	0.01353	0.18879	0.04233	0.66517	0.01121	0.00542	0.00153	0.00230	0.00943	0.00441	0.00396
16	0.01175	0.00948	0.01072	0.00786	0.01183	0.00841	0.00637	0.23223	0.01292	0.01890	0.00897	0.00994	0.00708	0.00399	0.00374	0.00088	0.00387	0.00312	0.00325	0.62470
17	0.17704	0.01212	0.01246	0.00972	0.01324	0.01350	0.00802	0.64866	0.01901	0.02738	0.01016	0.01036	0.00728	0.00528	0.00427	0.00139	0.00477	0.00383	0.00427	0.00728
18	0.00937	0.00912	0.01318	0.16399	0.01520	0.01236	0.01000	0.01073	0.00760	0.01124	0.00825	0.08874	0.00835	0.00799	0.01223	0.00191	0.59770	0.00489	0.00223	0.00491
19	0.00661	0.00480	0.00630	0.00622	0.00732	0.00449	0.00486	0.00872	0.01242	0.01725	0.62467	0.03804	0.07683	0.01011	0.00559	0.00157	0.00256	0.15247	0.00486	0.00429
20	0.00576	0.00413	0.00548	0.00628	0.00670	0.00384	0.00427	0.00682	0.00958	0.01297	0.17155	0.68584	0.03279	0.01345	0.00578	0.00179	0.00257	0.01216	0.00441	0.00384
21	0.01192	0.01100	0.04793	0.01308	0.01682	0.01030	0.35124	0.20989	0.01353	0.06331	0.01731	0.01820	0.15731	0.00590	0.00506	0.00148	0.00564	0.00574	0.02811	0.00623
22	0.01090	0.01325	0.16739	0.04208	0.64602	0.01085	0.01460	0.01412	0.01028	0.01484	0.00855	0.01107	0.00698	0.00415	0.00451	0.00138	0.00572	0.00396	0.00221	0.00714
23	0.00650	0.00469	0.00614	0.00578	0.00686	0.00433	0.00433	0.00866	0.01300	0.01841	0.80760	0.03429	0.04332	0.00939	0.00541	0.00144	0.00217	0.00830	0.00505	0.00433
24	0.00852	0.00429	0.00434	0.00434	0.00540	0.00431	0.00326	0.01065	0.00958	0.01699	0.01492	0.01713	0.01176	0.00591	0.01900	0.00119	0.00234	0.00429	0.84749	0.00428
25	0.00883	0.00761	0.01202	0.01346	0.16079	0.00797	0.08140	0.01153	0.04106	0.01400	0.01839	0.03516	0.03107	0.00955	0.00667	0.00188	0.08305	0.44689	0.00349	0.00517
26	0.00656	0.00492	0.00738	0.00738	0.00820	0.00574	0.00574	0.00820	0.00738	0.01066	0.01230	0.01804	0.01148	0.03443	0.82046	0.00738	0.01230	0.00492	0.00246	0.00410
27	0.00657	0.00441	0.00504	0.00514	0.00516	0.00438	0.00292	0.00665	0.00688	0.00917	0.01549	0.10644	0.01799	0.76050	0.02171	0.00421	0.00428	0.00728	0.00292	0.00287
28	0.01128	0.00839	0.00933	0.00853	0.01078	0.00924	0.00655	0.02035	0.53968	0.11245	0.02055	0.17065	0.03647	0.00782	0.00491	0.00160	0.00345	0.00670	0.00471	0.00659
29	0.00656	0.00492	0.00738	0.00738	0.00820	0.00574	0.00574	0.00820	0.00738	0.01066	0.01230	0.01804	0.01148	0.03443	0.82046	0.00738	0.01230	0.00492	0.00246	0.00410
30	0.01283	0.01007	0.01668	0.10024	0.58696	0.01006	0.01259	0.01541	0.01084	0.16391	0.01036	0.01224	0.00793	0.00444	0.00456	0.00139	0.00523	0.00419	0.00289	0.00717
31	0.00823	0.00564	0.00797	0.15963	0.01194	0.00565	0.00612	0.01051	0.01226	0.09244	0.57238	0.02854	0.04428	0.00817	0.00519	0.00146	0.00307	0.00718	0.00454	0.00480
32	0.00903	0.00847	0.01427	0.70778	0.13534	0.01020	0.01278	0.01203	0.00936	0.01225	0.00833	0.01220	0.00636	0.00454	0.00456	0.00150	0.00597	0.00408	0.01557	0.00538
33	0.00656	0.00492	0.00738	0.00738	0.00820	0.00574	0.00574	0.00820	0.00738	0.01066	0.01230	0.01804	0.01148	0.03443	0.82046	0.00738	0.01230	0.00492	0.00246	0.00410
34	0.01091	0.00954	0.01101	0.16232	0.01562	0.01119	0.00829	0.02203	0.65356	0.01781	0.01672	0.01621	0.01254	0.00592	0.00466	0.00155	0.00410	0.00498	0.00418	0.00686
35	0.01715	0.02188	0.01301	0.01183	0.01419	0.82022	0.00887	0.01833	0.01301	0.01124	0.00710	0.00828	0.00591	0.00473	0.00414	0.00118	0.00828	0.00296	0.00237	0.00532
36	0.01745	0.01286	0.01378	0.01056	0.01424	0.01424	0.00873	0.79471	0.02159	0.02893	0.01102	0.01102	0.00781	0.00551	0.00459	0.00138	0.00505	0.00413	0.00459	0.00781
37	0.04869	0.01113	0.01186	0.00935	0.01230	0.01225	0.00747	0.61695	0.01826	0.02486	0.01149	0.01444	0.00936	0.16122	0.00803	0.00195	0.00488	0.00454	0.00419	0.00676
38	0.01304	0.00942	0.01014	0.00886	0.01150	0.04131	0.00695	0.02226	0.53624	0.17988	0.09293	0.01811	0.01594	0.00636	0.00471	0.00150	0.00373	0.00528	0.00482	0.00702
39	0.00921	0.02375	0.81487	0.01309	0.01987	0.01066	0.01696	0.01454	0.00969	0.01454	0.00824	0.00969	0.00582	0.00436	0.00436	0.00145	0.00678	0.00339	0.00194	0.00678
40	0.00543	0.00465	0.00465	0.00465	0.00620	0.00388	0.00349	0.00659	0.01046	0.01240	0.04651	0.04418	0.80815	0.01163	0.00543	0.00155	0.00233	0.00969	0.00426	0.00388
41	0.00952	0.00816	0.00952	0.00680	0.01088	0.00612	0.00544	0.01156	0.00952	0.01496	0.00816	0.00952	0.00680	0.00340	0.00340	0.00068	0.00340	0.00272	0.00272	0.86672
42	0.00926	0.01976	0.59040	0.16596	0.02246	0.01067	0.08979	0.01403	0.00971	0.01403	0.00832	0.01042	0.00598	0.00436	0.00450	0.00148	0.00675	0.00371	0.00199	0.00641
43	0.00668	0.00445	0.00501	0.00501	0.00501	0.00445	0.00278	0.00668	0.00668	0.00890	0.01447	0.03004	0.01669	0.83866	0.02337	0.00445	0.00445	0.00668	0.00278	0.00278
44	0.00932	0.01234	0.23620	0.00850	0.01313	0.00736	0.00861	0.01244	0.02052	0.01509	0.03964	0.01083	0.00817	0.00399	0.00376	0.00095	0.00428	0.00320	0.02400	0.55768
45	0.00561	0.00471	0.00491	0.00501	0.00651	0.00401	0.00386	0.00687	0.01047	0.01253	0.04440	0.04490	0.73403	0.01173	0.00551	0.00160	0.00251	0.08265	0.00426	0.00391
46	0.01844	0.00969	0.08782	0.00932	0.01316	0.00763	0.05174	0.03885	0.03239	0.64262	0.01664	0.02745	0.01087	0.00560	0.00466	0.00144	0.00439	0.00468	0.00507	0.00755
47	0.00975	0.00815	0.00968	0.03312	0.01156	0.00627	0.00570	0.01182	0.00959	0.03330	0.00839	0.00975	0.00688	0.00349	0.00347	0.00072	0.00350	0.00281	0.00277	0.81928
48	0.00928	0.02325	0.78030	0.01336	0.02005	0.01070	0.05103	0.01455	0.00974	0.01455	0.00828	0.00981	0.00587	0.00434	0.00441	0.00146	0.00683	0.00348	0.00196	0.00676
49	0.00563	0.00466	0.00493	0.00486	0.00632	0.00396	0.00365	0.00698	0.01094	0.01353	0.18879	0.04233	0.66517	0.01121	0.00542	0.00153	0.00230	0.00943	0.00441	0.00396
50	0.01973	0.00801	0.01063	0.00828	0.01174	0.00719	0.00680	0.02257	0.08792	0.73791	0.01817	0.01577	0.01162	0.00573	0.00462	0.00143	0.00388	0.00467	0.00559	0.00776
51	0.00558	0.00406	0.00526	0.00623	0.00662	0.00374	0.00419	0.00641	0.00895	0.01178	0.02731	0.76061	0.10412	0.01412	0.00582	0.00183	0.00263	0.01273	0.00426	0.00374
52	0.00978	0.17661	0.66703	0.01211	0.01836	0.01206	0.01526	0.01439	0.00962	0.01384	0.00789	0.00926	0.00583	0.00428	0.00410	0.00137	0.00643	0.00322	0.00194	0.00662
53	0.00576	0.00413	0.00548	0.00628	0.00670	0.00384	0.00427	0.00682	0.00958	0.01297	0.17155	0.68584	0.03279	0.01345	0.00578	0.00179	0.00257	0.01216	0.00441	0.00384
54	0.00593	0.00424	0.00571	0.00678	0.00719	0.00402	0.00485	0.00698	0.00912	0.01210	0.02512	0.68911	0.02963	0.01407	0.00595	0.00191	0.00296	0.15627	0.00426	0.00382
55	0.00706	0.00504	0.00701	0.00807	0.00898	0.00499	0.00681	0.00893	0.01024	0.01336	0.02449	0.19833	0.02716	0.01300	0.00625	0.00207	0.00394	0.63590	0.00423	0.00413
56	0.01800	0.00718	0.00960	0.00758	0.01046	0.00632	0.00601	0.01944	0.01193	0.66283	0.01743	0.01832	0.01236	0.16141	0.00812	0.00199	0.00401	0.00500	0.00514	0.00687
57	0.06052	0.00797	0.01054	0.00812	0.01164	0.00707	0.00671	0.03811	0.01307	0.75952	0.01741	0.01515	0.01099	0.00561	0.00453	0.00142	0.00391	0.00451	0.00553	0.00768
58	0.01715	0.02188	0.01301	0.01183	0.01419	0.82022	0.00887	0.01833	0.01301	0.01124	0.00710	0.00828	0.00591	0.00473	0.00414	0.00118	0.00828	0.00296	0.00237	0.00532
59	0.00668	0.00445	0.00501	0.00501	0.00501	0.00445	0.00278	0.00668	0.00668	0.00890	0.01447	0.03004	0.01669	0.83866	0.02337	0.00445	0.00445	0.00668	0.00278	0.00278
60	0.00559	0.00400	0.00533	0.00639	0.00666	0.00373	0.00426	0.00639	0.00879	0.01172	0.02530	0.83566	0.03036	0.01438	0.00586	0.00186	0.00266	0.01305	0.00426	0.00373
61	0.01319	0.68820	0.02199	0.00860	0.01223	0.16811	0.00805	0.01460	0.01002	0.01088	0.00652	0.00754	0.00590	0.00408	0.00317	0.00102	0.00554	0.00255	0.00204	0.00579
62	0.00856	0.00428	0.00428	0.00428	0.00535	0.00428	0.00321	0.01070	0.00963	0.01712	0.01498	0.01712	0.01177	0.00535	0.00321	0.00107	0.00214	0.00428	0.86414	0.00428

[dist]
# distance from previous block
# <min> <max>
0	0

# created by:
# /home/cegg/simao/soft/augustus-3.2.1/scripts/msa2prfl.pl ./align_prep/EOG091G0W26.fa
