[name]
unknown

[dist]
# distance from previous block
# <min> <max>
5	97

[block]
# block no. 0 follows, 53 sequences, length 11
# corresponding to MSA columns:
# 112-122
name=unknown_A
#
# <colnr> <probs for GDERKNQSTAVLIFYWHMCP>
#	G	D	E	R	K	N	Q	S	T	A	V	L	I	F	Y	W	H	M	C	P
0	0.01061	0.01117	0.09659	0.04067	0.29688	0.02937	0.08385	0.02337	0.03248	0.03425	0.06394	0.02168	0.01396	0.02764	0.00564	0.00165	0.00544	0.14611	0.00312	0.05158
1	0.10257	0.06944	0.24839	0.01181	0.09002	0.03056	0.02729	0.02843	0.03356	0.16197	0.04835	0.03406	0.04402	0.00557	0.00446	0.00144	0.00515	0.00450	0.00337	0.04505
2	0.01083	0.04320	0.03341	0.01516	0.25676	0.00918	0.04719	0.03163	0.02936	0.04637	0.04565	0.09854	0.01178	0.00572	0.00499	0.00130	0.03833	0.00503	0.00308	0.26249
3	0.00830	0.07703	0.29426	0.04418	0.01319	0.00842	0.00951	0.01144	0.03707	0.01353	0.07339	0.04973	0.17026	0.15970	0.00845	0.00209	0.00492	0.00617	0.00307	0.00528
4	0.01052	0.08826	0.01553	0.10302	0.37000	0.00989	0.02342	0.01302	0.01118	0.04110	0.17869	0.04993	0.01642	0.00593	0.00479	0.00141	0.00474	0.00539	0.00315	0.04361
5	0.01241	0.09669	0.01489	0.01321	0.19067	0.00959	0.04643	0.05266	0.01122	0.10401	0.00977	0.01104	0.00768	0.00416	0.00406	0.00107	0.00455	0.00356	0.00306	0.39927
6	0.00635	0.00475	0.00560	0.00556	0.00655	0.00432	0.00393	0.00771	0.01102	0.01464	0.33687	0.12176	0.27607	0.16299	0.00914	0.00216	0.00280	0.00931	0.00448	0.00400
7	0.01251	0.57385	0.02031	0.00884	0.01216	0.12181	0.00823	0.01413	0.01046	0.01187	0.01019	0.01634	0.01009	0.00588	0.00388	0.00127	0.00545	0.14444	0.00254	0.00573
8	0.00956	0.00882	0.01368	0.67071	0.02913	0.01085	0.01222	0.01465	0.15443	0.01365	0.01052	0.01368	0.00789	0.00509	0.00479	0.00160	0.00589	0.00446	0.00263	0.00573
9	0.01041	0.01948	0.48195	0.01829	0.18856	0.01135	0.17158	0.01507	0.01050	0.01527	0.00889	0.01103	0.00662	0.00438	0.00480	0.00151	0.00697	0.00411	0.00217	0.00705
10	0.01143	0.01074	0.01708	0.14080	0.54437	0.01135	0.01315	0.01629	0.15532	0.01593	0.01085	0.01307	0.00869	0.00475	0.00476	0.00148	0.00543	0.00447	0.00279	0.00724

[dist]
# distance from previous block
# <min> <max>
0	5

[block]
# block no. 1 follows, 53 sequences, length 10
# corresponding to MSA columns:
# 128-137
name=unknown_B
#
# <colnr> <probs for GDERKNQSTAVLIFYWHMCP>
#	G	D	E	R	K	N	Q	S	T	A	V	L	I	F	Y	W	H	M	C	P
0	0.01084	0.00925	0.00986	0.00894	0.01138	0.01046	0.00693	0.02215	0.64600	0.01939	0.11313	0.02195	0.07438	0.00727	0.00501	0.00161	0.00351	0.00612	0.00488	0.00695
1	0.00891	0.00445	0.00445	0.00445	0.00557	0.00445	0.00334	0.01114	0.01002	0.01782	0.01559	0.01782	0.01225	0.00557	0.00334	0.00111	0.00223	0.00445	0.85856	0.00445
2	0.00991	0.00850	0.00991	0.00708	0.01133	0.00637	0.00566	0.01203	0.00991	0.01557	0.00850	0.00991	0.00708	0.00354	0.00354	0.00071	0.00354	0.00283	0.00283	0.86124
3	0.00613	0.00431	0.00559	0.00649	0.00675	0.00410	0.00430	0.00687	0.00882	0.01175	0.02416	0.64113	0.02873	0.16926	0.00957	0.00246	0.00320	0.04852	0.00414	0.00372
4	0.00582	0.00416	0.00555	0.00666	0.00693	0.00388	0.00444	0.00666	0.00915	0.01220	0.02634	0.82891	0.03161	0.01497	0.00610	0.00194	0.00277	0.01359	0.00444	0.00388
5	0.00582	0.00416	0.00555	0.00666	0.00693	0.00388	0.00444	0.00666	0.00915	0.01220	0.02634	0.82891	0.03161	0.01497	0.00610	0.00194	0.00277	0.01359	0.00444	0.00388
6	0.00903	0.00850	0.01434	0.82054	0.03292	0.01062	0.01327	0.01221	0.00956	0.01221	0.00850	0.01274	0.00637	0.00478	0.00478	0.00159	0.00637	0.00425	0.00212	0.00531
7	0.00676	0.00489	0.00639	0.00601	0.00714	0.00451	0.00451	0.00902	0.01353	0.01917	0.79969	0.03570	0.04510	0.00977	0.00564	0.00150	0.00225	0.00864	0.00526	0.00451
8	0.00695	0.00463	0.00521	0.00521	0.00521	0.00463	0.00290	0.00695	0.00695	0.00927	0.01506	0.03128	0.01738	0.83203	0.02433	0.00463	0.00463	0.00695	0.00290	0.00290
9	0.00951	0.00681	0.00709	0.00677	0.00832	0.03198	0.00514	0.01490	0.24040	0.01756	0.09266	0.07116	0.01713	0.00899	0.06215	0.00183	0.00368	0.00573	0.38284	0.00536

[dist]
# distance from previous block
# <min> <max>
1	2

[block]
# block no. 2 follows, 53 sequences, length 61
# corresponding to MSA columns:
# 140-164,172-193,197-210
name=unknown_C
#
# <colnr> <probs for GDERKNQSTAVLIFYWHMCP>
#	G	D	E	R	K	N	Q	S	T	A	V	L	I	F	Y	W	H	M	C	P
0	0.01321	0.01384	0.01239	0.01078	0.01340	0.26452	0.05706	0.04418	0.34126	0.01648	0.04557	0.03186	0.05143	0.00633	0.00506	0.00147	0.02681	0.00505	0.00379	0.03549
1	0.78133	0.00998	0.00743	0.00667	0.00953	0.06274	0.00542	0.01421	0.00867	0.02073	0.03370	0.00877	0.00660	0.00465	0.00314	0.00146	0.00397	0.00283	0.00300	0.00518
2	0.03565	0.00880	0.01379	0.70856	0.02987	0.03143	0.01248	0.01225	0.00945	0.01241	0.00854	0.01269	0.00659	0.00636	0.04318	0.00188	0.03445	0.00420	0.00218	0.00526
3	0.01032	0.01023	0.01427	0.01226	0.01226	0.01425	0.01016	0.01132	0.00731	0.01142	0.00662	0.01127	0.00671	0.04055	0.01602	0.00219	0.79129	0.00429	0.00212	0.00514
4	0.01114	0.01164	0.01400	0.01217	0.01254	0.11556	0.00998	0.01225	0.00814	0.01150	0.00689	0.01083	0.00667	0.00992	0.07197	0.00239	0.66095	0.00411	0.00217	0.00520
5	0.01345	0.01296	0.01483	0.33726	0.11032	0.17993	0.02647	0.17399	0.03976	0.03154	0.00952	0.01176	0.00722	0.00501	0.00470	0.00146	0.00644	0.00409	0.00294	0.00634
6	0.00813	0.00643	0.00769	0.00736	0.00928	0.00610	0.00595	0.02637	0.10950	0.01599	0.15612	0.05747	0.18472	0.01001	0.00552	0.00165	0.00340	0.24072	0.00438	0.13320
7	0.07239	0.21939	0.13751	0.01005	0.01377	0.04208	0.03550	0.14875	0.07601	0.04007	0.02599	0.04367	0.01139	0.00631	0.00448	0.00147	0.00522	0.09618	0.00337	0.00641
8	0.01054	0.26739	0.57297	0.01199	0.01816	0.01344	0.01482	0.01489	0.00998	0.01397	0.00800	0.00937	0.00608	0.00441	0.00410	0.00137	0.00648	0.00324	0.00203	0.00679
9	0.00687	0.00494	0.00679	0.00679	0.00733	0.00549	0.00486	0.00796	0.00742	0.01043	0.01362	0.02330	0.01391	0.32381	0.52781	0.00658	0.00985	0.00578	0.00268	0.00377
10	0.05251	0.01220	0.01259	0.07555	0.01496	0.12539	0.00865	0.30186	0.04302	0.22079	0.01332	0.01494	0.00986	0.00605	0.00496	0.00150	0.02087	0.04949	0.00438	0.00712
11	0.08417	0.00901	0.01355	0.55198	0.08967	0.02521	0.01175	0.03625	0.00977	0.01368	0.00874	0.01276	0.00695	0.02393	0.05032	0.00198	0.03831	0.00419	0.00234	0.00546
12	0.75045	0.01009	0.00791	0.00736	0.02921	0.05728	0.00576	0.01492	0.03497	0.03599	0.00742	0.00842	0.00574	0.00456	0.00318	0.00147	0.00404	0.00280	0.00304	0.00539
13	0.01630	0.01907	0.01482	0.04455	0.06293	0.54762	0.06528	0.10255	0.04054	0.01454	0.00927	0.01056	0.02077	0.00508	0.00454	0.00133	0.00767	0.00371	0.00281	0.00604
14	0.00742	0.00559	0.00695	0.00661	0.00788	0.00551	0.00494	0.01116	0.12527	0.01865	0.61667	0.10581	0.03948	0.00978	0.00557	0.00156	0.00252	0.00863	0.00513	0.00489
15	0.00991	0.00850	0.00991	0.00708	0.01133	0.00637	0.00566	0.01203	0.00991	0.01557	0.00850	0.00991	0.00708	0.00354	0.00354	0.00071	0.00354	0.00283	0.00283	0.86124
16	0.04539	0.01125	0.01373	0.01069	0.01433	0.01179	0.07203	0.39041	0.10265	0.19644	0.01409	0.01479	0.01018	0.00589	0.00483	0.00149	0.00492	0.03392	0.00470	0.03647
17	0.01793	0.02054	0.01374	0.01200	0.01479	0.62238	0.00920	0.20219	0.01568	0.01610	0.00836	0.00930	0.00663	0.00512	0.00442	0.00128	0.00782	0.00337	0.00302	0.00616
18	0.00959	0.02472	0.80726	0.01362	0.02069	0.01110	0.01766	0.01514	0.01009	0.01514	0.00858	0.01009	0.00605	0.00454	0.00454	0.00151	0.00706	0.00353	0.00202	0.00706
19	0.00582	0.00416	0.00555	0.00666	0.00693	0.00388	0.00444	0.00666	0.00915	0.01220	0.02634	0.82891	0.03161	0.01497	0.00610	0.00194	0.00277	0.01359	0.00444	0.00388
20	0.01128	0.01289	0.02820	0.02015	0.02498	0.01209	0.78485	0.01531	0.01128	0.01531	0.00967	0.01289	0.00725	0.00403	0.00564	0.00161	0.00806	0.00564	0.00242	0.00645
21	0.00571	0.00484	0.00493	0.00491	0.00650	0.00406	0.00368	0.00699	0.01105	0.01328	0.09227	0.04540	0.75619	0.01197	0.00565	0.00161	0.00241	0.01000	0.00449	0.00406
22	0.00683	0.00512	0.00768	0.00768	0.00853	0.00597	0.00597	0.00853	0.00768	0.01110	0.01280	0.01878	0.01195	0.03585	0.81308	0.00768	0.01280	0.00512	0.00256	0.00427
23	0.01189	0.01027	0.01081	0.00973	0.01243	0.01189	0.00757	0.02540	0.79357	0.01999	0.01945	0.01783	0.01459	0.00648	0.00486	0.00162	0.00378	0.00540	0.00486	0.00757
24	0.00830	0.00415	0.00623	0.00623	0.00623	0.00415	0.00415	0.00623	0.00623	0.00830	0.00830	0.01453	0.00830	0.01660	0.01868	0.86094	0.00415	0.00415	0.00208	0.00208
25	0.00845	0.00680	0.01059	0.01309	0.16766	0.00674	0.03898	0.01070	0.01078	0.01437	0.02157	0.12979	0.02321	0.01126	0.00614	0.00199	0.00462	0.50426	0.00392	0.00505
26	0.01278	0.83490	0.02505	0.00818	0.01227	0.01891	0.00818	0.01431	0.00971	0.01125	0.00664	0.00767	0.00613	0.00409	0.00307	0.00102	0.00511	0.00256	0.00204	0.00613
27	0.02095	0.00799	0.01083	0.00835	0.01194	0.00692	0.00688	0.02282	0.01354	0.77474	0.01873	0.01633	0.01185	0.00590	0.00475	0.00146	0.00400	0.00479	0.03923	0.00799
28	0.01235	0.01050	0.01107	0.00982	0.01260	0.01210	0.00768	0.08102	0.73720	0.02073	0.01887	0.01737	0.01412	0.00643	0.00486	0.00161	0.00389	0.00532	0.00486	0.00761
29	0.00582	0.00416	0.00555	0.00666	0.00693	0.00388	0.00444	0.00666	0.00915	0.01220	0.02634	0.82891	0.03161	0.01497	0.00610	0.00194	0.00277	0.01359	0.00444	0.00388
30	0.01116	0.01103	0.01700	0.28747	0.43828	0.05980	0.01354	0.01387	0.01032	0.01393	0.00851	0.01183	0.00699	0.00480	0.00560	0.00152	0.07139	0.00418	0.00227	0.00652
31	0.00959	0.02472	0.80726	0.01362	0.02069	0.01110	0.01766	0.01514	0.01009	0.01514	0.00858	0.01009	0.00605	0.00454	0.00454	0.00151	0.00706	0.00353	0.00202	0.00706
32	0.00579	0.00428	0.00542	0.00634	0.00685	0.00391	0.00430	0.00669	0.00945	0.01232	0.03015	0.69391	0.16416	0.01448	0.00602	0.00188	0.00271	0.01298	0.00444	0.00391
33	0.01214	0.00966	0.01055	0.00958	0.01218	0.01092	0.00759	0.04326	0.63432	0.06704	0.01990	0.02182	0.01577	0.00722	0.00506	0.00168	0.00391	0.09529	0.00487	0.00724
34	0.22301	0.01181	0.01206	0.00969	0.01302	0.03737	0.02382	0.45814	0.04571	0.05197	0.01158	0.06029	0.00911	0.00595	0.00443	0.00148	0.00480	0.00450	0.00424	0.00702
35	0.00582	0.00416	0.00555	0.00666	0.00693	0.00388	0.00444	0.00666	0.00915	0.01220	0.02634	0.82891	0.03161	0.01497	0.00610	0.00194	0.00277	0.01359	0.00444	0.00388
36	0.00662	0.00488	0.00619	0.00586	0.00705	0.00445	0.00439	0.00874	0.01318	0.01835	0.70116	0.03705	0.14413	0.01008	0.00564	0.00152	0.00228	0.00883	0.00515	0.00445
37	0.01151	0.01103	0.01882	0.12073	0.71335	0.01127	0.01451	0.01438	0.01073	0.01522	0.00893	0.01194	0.00743	0.00432	0.00474	0.00144	0.00576	0.00426	0.00234	0.00731
38	0.01015	0.16780	0.66912	0.01266	0.01920	0.01248	0.01598	0.01499	0.01002	0.01445	0.00824	0.00966	0.00607	0.00446	0.00428	0.00143	0.00672	0.00336	0.00202	0.00690
39	0.00676	0.00489	0.00639	0.00601	0.00714	0.00451	0.00451	0.00902	0.01353	0.01917	0.79969	0.03570	0.04510	0.00977	0.00564	0.00150	0.00225	0.00864	0.00526	0.00451
40	0.01493	0.01808	0.01213	0.03828	0.01384	0.59333	0.00854	0.01631	0.01200	0.01154	0.00876	0.01141	0.00764	0.02667	0.18312	0.00273	0.00939	0.00364	0.00248	0.00520
41	0.01018	0.00970	0.06005	0.03533	0.01278	0.00714	0.00680	0.04195	0.01039	0.01599	0.00861	0.01008	0.00703	0.00373	0.00369	0.00082	0.00392	0.00298	0.00283	0.74599
42	0.03140	0.33124	0.49171	0.01138	0.01722	0.01405	0.01377	0.01480	0.00990	0.01381	0.00780	0.00912	0.00606	0.00437	0.00394	0.00133	0.00624	0.00314	0.00205	0.00667
43	0.01956	0.00881	0.01123	0.00886	0.01239	0.00833	0.00724	0.06734	0.15230	0.62202	0.01854	0.01627	0.01211	0.00601	0.00482	0.00150	0.00408	0.00488	0.00566	0.00803
44	0.00913	0.00860	0.01452	0.79124	0.06141	0.01065	0.01333	0.01230	0.00961	0.01234	0.00851	0.01271	0.00642	0.00476	0.00478	0.00159	0.00635	0.00425	0.00213	0.00539
45	0.01114	0.00991	0.01597	0.41531	0.31564	0.01096	0.01304	0.07167	0.01115	0.03774	0.00920	0.01231	0.00713	0.00465	0.00472	0.00148	0.00587	0.00422	0.00255	0.03532
46	0.01151	0.03642	0.01894	0.12753	0.68172	0.01150	0.01429	0.01435	0.01068	0.01506	0.00886	0.01182	0.00738	0.00432	0.00469	0.00143	0.00575	0.00420	0.00233	0.00724
47	0.86579	0.00924	0.00702	0.00629	0.00924	0.01072	0.00518	0.01405	0.00813	0.02144	0.00666	0.00776	0.00518	0.00444	0.00296	0.00148	0.00370	0.00259	0.00296	0.00518
48	0.01189	0.01027	0.01081	0.00973	0.01243	0.01189	0.00757	0.02540	0.79357	0.01999	0.01945	0.01783	0.01459	0.00648	0.00486	0.00162	0.00378	0.00540	0.00486	0.00757
49	0.02958	0.00718	0.00996	0.01023	0.07362	0.00847	0.00735	0.01063	0.03481	0.03151	0.04018	0.02194	0.03277	0.14797	0.25267	0.00405	0.20233	0.06703	0.00294	0.00479
50	0.00695	0.00463	0.00521	0.00521	0.00521	0.00463	0.00290	0.00695	0.00695	0.00927	0.01506	0.03128	0.01738	0.83203	0.02433	0.00463	0.00463	0.00695	0.00290	0.00290
51	0.06870	0.43868	0.07729	0.01021	0.03990	0.14013	0.00915	0.11148	0.03853	0.01505	0.00802	0.00896	0.00665	0.00457	0.00369	0.00120	0.00570	0.00308	0.00261	0.00639
52	0.00695	0.00463	0.00521	0.00521	0.00521	0.00463	0.00290	0.00695	0.00695	0.00927	0.01506	0.03128	0.01738	0.83203	0.02433	0.00463	0.00463	0.00695	0.00290	0.00290
53	0.05317	0.00927	0.01161	0.00894	0.01263	0.00879	0.00738	0.18143	0.01529	0.61436	0.01685	0.01495	0.01081	0.00582	0.00473	0.00147	0.00430	0.00462	0.00557	0.00802
54	0.00684	0.00513	0.00588	0.00610	0.00730	0.00476	0.00438	0.00894	0.07406	0.03995	0.06660	0.33417	0.36528	0.04008	0.00636	0.00183	0.00279	0.01067	0.00450	0.00438
55	0.00731	0.00501	0.00653	0.00608	0.00732	0.00460	0.00458	0.00952	0.01347	0.04973	0.74935	0.03522	0.06373	0.00968	0.00561	0.00151	0.00233	0.00853	0.00527	0.00464
56	0.00756	0.00563	0.00739	0.00721	0.00806	0.00629	0.00529	0.02556	0.08084	0.01200	0.03335	0.02245	0.01445	0.25438	0.48131	0.00599	0.00927	0.00573	0.00298	0.00428
57	0.01006	0.00861	0.00996	0.00736	0.01141	0.00688	0.00588	0.01326	0.08359	0.01597	0.00980	0.01138	0.00812	0.00398	0.00371	0.00082	0.00358	0.01569	0.00305	0.76691
58	0.04197	0.55825	0.09496	0.00948	0.01342	0.14433	0.00922	0.03402	0.01055	0.01249	0.00705	0.00822	0.00615	0.00444	0.00380	0.00116	0.02933	0.00282	0.00221	0.00612
59	0.00916	0.02774	0.01031	0.06646	0.04222	0.02292	0.04794	0.03746	0.03681	0.02824	0.06720	0.14953	0.03201	0.10393	0.00736	0.00188	0.00432	0.12768	0.00359	0.17322
60	0.04223	0.00968	0.01463	0.41210	0.17234	0.03799	0.02656	0.03719	0.01038	0.05108	0.00989	0.01447	0.00809	0.00620	0.02508	0.00175	0.06813	0.04373	0.00260	0.00590

[dist]
# distance from previous block
# <min> <max>
1	9

[block]
# block no. 3 follows, 53 sequences, length 24
# corresponding to MSA columns:
# 220-243
name=unknown_D
#
# <colnr> <probs for GDERKNQSTAVLIFYWHMCP>
#	G	D	E	R	K	N	Q	S	T	A	V	L	I	F	Y	W	H	M	C	P
0	0.51711	0.00907	0.00823	0.04121	0.01064	0.04179	0.00622	0.01382	0.05575	0.03009	0.06955	0.01604	0.04809	0.00623	0.00458	0.00158	0.05312	0.05831	0.00335	0.00523
1	0.00684	0.00507	0.00743	0.00743	0.00820	0.00584	0.00566	0.00837	0.00761	0.01091	0.01303	0.02005	0.01250	0.11710	0.73259	0.00737	0.01197	0.00531	0.00259	0.00413
2	0.00984	0.00988	0.01492	0.66511	0.04603	0.07622	0.05902	0.01285	0.01006	0.01245	0.00970	0.01341	0.03060	0.00496	0.00482	0.00156	0.00652	0.00441	0.00224	0.00540
3	0.00734	0.00503	0.00665	0.00718	0.00805	0.00484	0.00558	0.00892	0.01063	0.03685	0.17752	0.21383	0.05307	0.12269	0.00860	0.00230	0.00359	0.30871	0.00442	0.00420
4	0.01005	0.00954	0.01618	0.53265	0.31283	0.01089	0.01378	0.01311	0.01004	0.01345	0.00868	0.01241	0.00681	0.00459	0.00476	0.00153	0.00612	0.00425	0.00221	0.00613
5	0.01097	0.26692	0.49604	0.01188	0.01748	0.05112	0.01406	0.01489	0.01000	0.01363	0.00783	0.00931	0.00609	0.00461	0.00464	0.00138	0.04721	0.00325	0.00205	0.00662
6	0.00580	0.00485	0.00505	0.00500	0.00655	0.00410	0.00375	0.00715	0.01125	0.01375	0.14946	0.04461	0.69871	0.01179	0.00565	0.00160	0.00240	0.00989	0.00455	0.00410
7	0.86579	0.00924	0.00702	0.00629	0.00924	0.01072	0.00518	0.01405	0.00813	0.02144	0.00666	0.00776	0.00518	0.00444	0.00296	0.00148	0.00370	0.00259	0.00296	0.00518
8	0.01273	0.01097	0.01224	0.04308	0.04826	0.07168	0.04042	0.21427	0.27636	0.02108	0.17820	0.01857	0.01773	0.00659	0.00499	0.00151	0.00457	0.00554	0.00442	0.00678
9	0.01189	0.01027	0.01081	0.00973	0.01243	0.01189	0.00757	0.02540	0.79357	0.01999	0.01945	0.01783	0.01459	0.00648	0.00486	0.00162	0.00378	0.00540	0.00486	0.00757
10	0.00838	0.00534	0.00612	0.00598	0.00734	0.00534	0.00464	0.01153	0.08462	0.03231	0.19941	0.02835	0.10676	0.00946	0.04247	0.00172	0.00313	0.07788	0.35445	0.00477
11	0.05285	0.01281	0.01318	0.01041	0.01394	0.05336	0.00850	0.57287	0.09778	0.07415	0.01242	0.01227	0.00889	0.00572	0.00465	0.00144	0.00506	0.00432	0.02764	0.00772
12	0.86579	0.00924	0.00702	0.00629	0.00924	0.01072	0.00518	0.01405	0.00813	0.02144	0.00666	0.00776	0.00518	0.00444	0.00296	0.00148	0.00370	0.00259	0.00296	0.00518
13	0.01069	0.04370	0.02077	0.26620	0.04555	0.01182	0.36138	0.05207	0.01100	0.01472	0.03255	0.01371	0.02453	0.00500	0.00592	0.00160	0.06519	0.00506	0.00253	0.00600
14	0.01212	0.01120	0.01813	0.08393	0.63715	0.01139	0.01363	0.08525	0.01181	0.01670	0.00916	0.01177	0.00751	0.00440	0.00468	0.00140	0.00559	0.00420	0.00259	0.04739
15	0.63095	0.01027	0.00861	0.00735	0.01040	0.03306	0.00602	0.17424	0.01133	0.02283	0.00805	0.00898	0.00611	0.00477	0.00339	0.00145	0.00409	0.00304	0.03930	0.00577
16	0.04072	0.00978	0.06214	0.04103	0.01334	0.00822	0.03050	0.02855	0.13606	0.21141	0.03522	0.01446	0.02916	0.00516	0.00435	0.00124	0.00415	0.00426	0.00396	0.31631
17	0.05073	0.74158	0.02345	0.00838	0.01231	0.07420	0.00812	0.01464	0.00991	0.01173	0.00670	0.00774	0.00609	0.00416	0.00315	0.00106	0.00529	0.00259	0.00211	0.00605
18	0.01278	0.83490	0.02505	0.00818	0.01227	0.01891	0.00818	0.01431	0.00971	0.01125	0.00664	0.00767	0.00613	0.00409	0.00307	0.00102	0.00511	0.00256	0.00204	0.00613
19	0.11663	0.01462	0.01291	0.01073	0.01382	0.25718	0.04235	0.27765	0.05351	0.09240	0.01144	0.05512	0.00906	0.00581	0.00454	0.00143	0.00591	0.00439	0.00384	0.00666
20	0.00982	0.00821	0.01296	0.09512	0.34474	0.00825	0.01035	0.01226	0.01117	0.04833	0.10904	0.04344	0.08487	0.00786	0.00536	0.00165	0.00466	0.17245	0.00349	0.00595
21	0.01246	0.01055	0.01113	0.00984	0.01264	0.01215	0.00770	0.09411	0.72394	0.02091	0.01873	0.01726	0.01401	0.00642	0.00486	0.00160	0.00392	0.00530	0.00486	0.00762
22	0.00582	0.00416	0.00555	0.00666	0.00693	0.00388	0.00444	0.00666	0.00915	0.01220	0.02634	0.82891	0.03161	0.01497	0.00610	0.00194	0.00277	0.01359	0.00444	0.00388
23	0.11431	0.01060	0.03952	0.02762	0.01589	0.01006	0.19289	0.10631	0.01302	0.36607	0.01338	0.01344	0.00904	0.00532	0.00524	0.00153	0.03969	0.00462	0.00426	0.00718

[dist]
# distance from previous block
# <min> <max>
0	1

[block]
# block no. 4 follows, 53 sequences, length 23
# corresponding to MSA columns:
# 245-267
name=unknown_E
#
# <colnr> <probs for GDERKNQSTAVLIFYWHMCP>
#	G	D	E	R	K	N	Q	S	T	A	V	L	I	F	Y	W	H	M	C	P
0	0.01341	0.04653	0.01544	0.01328	0.11609	0.00883	0.18914	0.04088	0.01204	0.24885	0.07388	0.09371	0.04333	0.02472	0.00550	0.00159	0.00492	0.00615	0.03521	0.00651
1	0.01072	0.01030	0.01783	0.36546	0.39722	0.01117	0.07427	0.02959	0.01059	0.01444	0.00888	0.01229	0.00705	0.00449	0.00482	0.00151	0.00615	0.00436	0.00232	0.00653
2	0.00743	0.00501	0.00560	0.00546	0.00562	0.00507	0.00316	0.04010	0.00761	0.01015	0.01491	0.03044	0.01698	0.79688	0.02350	0.00450	0.00466	0.00684	0.00298	0.00312
3	0.03324	0.01163	0.01871	0.05470	0.07329	0.06660	0.34361	0.06210	0.10578	0.06296	0.02913	0.01474	0.02872	0.00509	0.00502	0.00151	0.00615	0.00515	0.06541	0.00646
4	0.00565	0.00484	0.00484	0.00484	0.00646	0.00403	0.00363	0.00686	0.01089	0.01291	0.04842	0.04600	0.80027	0.01210	0.00565	0.00161	0.00242	0.01009	0.00444	0.00403
5	0.86579	0.00924	0.00702	0.00629	0.00924	0.01072	0.00518	0.01405	0.00813	0.02144	0.00666	0.00776	0.00518	0.00444	0.00296	0.00148	0.00370	0.00259	0.00296	0.00518
6	0.01294	0.75336	0.05701	0.00865	0.01277	0.06525	0.00864	0.01463	0.00995	0.01143	0.00677	0.00782	0.00613	0.00416	0.00320	0.00106	0.00540	0.00263	0.00207	0.00614
7	0.00686	0.00498	0.00696	0.00696	0.00757	0.00558	0.00508	0.00807	0.00747	0.01056	0.01346	0.02241	0.01353	0.26747	0.58362	0.00679	0.01043	0.00565	0.00266	0.00387
8	0.00631	0.00459	0.00605	0.00703	0.00768	0.00433	0.00522	0.00755	0.00983	0.01284	0.02845	0.53702	0.11359	0.01419	0.00619	0.00198	0.00317	0.21552	0.00443	0.00404
9	0.01278	0.83490	0.02505	0.00818	0.01227	0.01891	0.00818	0.01431	0.00971	0.01125	0.00664	0.00767	0.00613	0.00409	0.00307	0.00102	0.00511	0.00256	0.00204	0.00613
10	0.00584	0.00485	0.00511	0.00504	0.00657	0.00412	0.00378	0.00723	0.01135	0.01399	0.17798	0.04422	0.67003	0.01170	0.00565	0.00159	0.00239	0.00984	0.00458	0.00412
11	0.01925	0.01004	0.01139	0.00897	0.01237	0.06595	0.00731	0.19787	0.01535	0.49602	0.01603	0.01476	0.01061	0.00577	0.00463	0.00142	0.00449	0.00453	0.08561	0.00760
12	0.00570	0.00481	0.00493	0.00497	0.00650	0.00405	0.00370	0.00693	0.01091	0.01311	0.07509	0.08126	0.73746	0.01215	0.00567	0.00162	0.00243	0.01019	0.00447	0.00405
13	0.01181	0.01007	0.01134	0.00994	0.01262	0.01139	0.03969	0.08154	0.62825	0.02016	0.05429	0.05756	0.01601	0.00689	0.00499	0.00162	0.00395	0.00588	0.00475	0.00724
14	0.00995	0.00837	0.00966	0.00733	0.01105	0.00685	0.00578	0.04596	0.06535	0.01616	0.01211	0.07622	0.03558	0.00502	0.00396	0.00093	0.00353	0.00416	0.00324	0.66880
15	0.01094	0.00846	0.01043	0.08221	0.01340	0.00683	0.00650	0.01314	0.01024	0.09138	0.00949	0.01078	0.00747	0.00388	0.00378	0.00086	0.00385	0.00315	0.00306	0.70013
16	0.07920	0.09810	0.01445	0.17560	0.04621	0.30902	0.00963	0.10228	0.03426	0.01512	0.00836	0.01010	0.00668	0.00490	0.00450	0.00134	0.02635	0.00349	0.00272	0.04772
17	0.02634	0.03478	0.01404	0.44417	0.05795	0.09078	0.03936	0.05341	0.01100	0.03642	0.01106	0.03627	0.00956	0.00592	0.00488	0.00157	0.00605	0.08686	0.00276	0.02681
18	0.12635	0.04413	0.06030	0.10180	0.01344	0.00804	0.04117	0.01367	0.02295	0.17027	0.13086	0.06355	0.01655	0.00811	0.00625	0.08842	0.00438	0.07048	0.00381	0.00548
19	0.05114	0.01073	0.05147	0.09757	0.01580	0.05537	0.09224	0.04740	0.08627	0.03878	0.02743	0.01477	0.00984	0.00510	0.00443	0.00126	0.00495	0.05362	0.00317	0.32865
20	0.02907	0.00942	0.01125	0.10135	0.01449	0.02600	0.01955	0.10968	0.03517	0.04010	0.01018	0.01274	0.00832	0.00459	0.00408	0.00106	0.00433	0.03663	0.00320	0.51880
21	0.07323	0.00985	0.01111	0.15149	0.01534	0.10111	0.04115	0.05020	0.02439	0.06866	0.03871	0.06187	0.08387	0.00624	0.00456	0.00134	0.00480	0.02849	0.00335	0.22023
22	0.09120	0.05051	0.01257	0.16205	0.01634	0.07943	0.04080	0.13296	0.01239	0.05195	0.02404	0.01833	0.02205	0.00617	0.00463	0.00144	0.00518	0.12156	0.00336	0.14305

[dist]
# distance from previous block
# <min> <max>
1	29

# created by:
# /home/cegg/simao/soft/augustus-3.2.1/scripts/msa2prfl.pl ./align_prep/EOG091G0SRZ.fa
