[name]
unknown

[dist]
# distance from previous block
# <min> <max>
0	42

[block]
# block no. 0 follows, 51 sequences, length 50
# corresponding to MSA columns:
# 44-70,82-84,96-115
name=unknown_A
#
# <colnr> <probs for GDERKNQSTAVLIFYWHMCP>
#	G	D	E	R	K	N	Q	S	T	A	V	L	I	F	Y	W	H	M	C	P
0	0.01303	0.00828	0.01045	0.01025	0.06017	0.00841	0.00763	0.17345	0.07328	0.17172	0.04347	0.21289	0.02023	0.00974	0.00563	0.00177	0.00422	0.15414	0.00485	0.00640
1	0.01759	0.01027	0.01311	0.01040	0.01393	0.03338	0.07411	0.10643	0.21401	0.39566	0.04547	0.01679	0.01313	0.00616	0.00504	0.00156	0.00467	0.00521	0.00524	0.00785
2	0.01038	0.02735	0.00923	0.00820	0.03032	0.00739	0.00610	0.05961	0.06741	0.11036	0.20558	0.08779	0.08498	0.09367	0.08211	0.00248	0.04632	0.00709	0.00434	0.04930
3	0.00588	0.00471	0.00525	0.00568	0.00682	0.00409	0.00405	0.00697	0.01052	0.01300	0.04120	0.34104	0.50644	0.01356	0.00598	0.00179	0.00263	0.01173	0.00456	0.00409
4	0.01054	0.00899	0.01148	0.03723	0.01328	0.00707	0.05096	0.01287	0.01036	0.03578	0.00908	0.01064	0.00739	0.00378	0.00384	0.00083	0.00403	0.00318	0.00294	0.75575
5	0.01248	0.02192	0.01293	0.20692	0.11930	0.09031	0.00966	0.07278	0.01199	0.10894	0.01344	0.13100	0.01212	0.00672	0.00493	0.00149	0.00530	0.03285	0.00345	0.12147
6	0.00658	0.00520	0.00615	0.02895	0.00791	0.00475	0.00457	0.00865	0.03195	0.01620	0.37108	0.09195	0.37580	0.01123	0.00579	0.00163	0.00259	0.00967	0.00488	0.00448
7	0.01381	0.01749	0.32382	0.01234	0.03011	0.01282	0.01252	0.28541	0.18078	0.04288	0.01253	0.01277	0.00903	0.00556	0.00484	0.00155	0.00579	0.00437	0.00381	0.00779
8	0.01118	0.01132	0.02137	0.25910	0.25286	0.01170	0.29533	0.03398	0.01129	0.01534	0.02291	0.01326	0.00798	0.00459	0.00524	0.00159	0.00688	0.00498	0.00249	0.00663
9	0.00605	0.00437	0.00574	0.00671	0.00712	0.00405	0.00453	0.00704	0.00983	0.01312	0.08624	0.72920	0.06810	0.01486	0.00622	0.00195	0.00279	0.01342	0.00463	0.00405
10	0.01776	0.01316	0.01407	0.01096	0.01469	0.01460	0.00900	0.68487	0.09305	0.02959	0.01270	0.01262	0.00911	0.00596	0.00487	0.00148	0.00516	0.00453	0.03363	0.00818
11	0.02856	0.09627	0.01507	0.01078	0.02942	0.07895	0.02542	0.40532	0.03155	0.08531	0.01107	0.01141	0.00817	0.00525	0.00450	0.00131	0.00533	0.00397	0.00409	0.13826
12	0.03888	0.00953	0.01392	0.63449	0.04314	0.05168	0.01233	0.05324	0.01069	0.01389	0.01004	0.06830	0.00840	0.00567	0.00492	0.00163	0.00625	0.00491	0.00254	0.00556
13	0.00668	0.00498	0.00621	0.00597	0.00719	0.00451	0.00445	0.00872	0.01316	0.01809	0.61004	0.07452	0.19579	0.01077	0.00582	0.00159	0.00238	0.00942	0.00520	0.00451
14	0.00631	0.00493	0.00556	0.00550	0.00683	0.00435	0.00405	0.00761	0.01133	0.01440	0.22612	0.06730	0.49828	0.04123	0.03011	0.04495	0.00293	0.00956	0.00454	0.00413
15	0.00932	0.00879	0.01475	0.79179	0.03323	0.01104	0.01356	0.01253	0.00976	0.01253	0.00867	0.01303	0.00655	0.00502	0.00524	0.00165	0.03052	0.00437	0.00218	0.00546
16	0.00630	0.00500	0.00566	0.00549	0.00694	0.00436	0.00412	0.00800	0.01236	0.01602	0.36761	0.04277	0.47510	0.01142	0.00580	0.00161	0.00242	0.00974	0.00492	0.00436
17	0.00599	0.00428	0.00570	0.00684	0.00713	0.00399	0.00456	0.00684	0.00941	0.01254	0.02709	0.82409	0.03250	0.01540	0.00627	0.00200	0.00285	0.01397	0.00456	0.00399
18	0.83960	0.00937	0.00715	0.00641	0.00940	0.01085	0.00527	0.01437	0.00841	0.02195	0.00708	0.00825	0.00551	0.00459	0.00305	0.00151	0.00376	0.00271	0.02542	0.00530
19	0.00967	0.04666	0.00713	0.00583	0.00737	0.00581	0.04380	0.01201	0.01046	0.03136	0.01565	0.01876	0.01254	0.00584	0.00368	0.00121	0.00286	0.03019	0.72434	0.00484
20	0.01836	0.02342	0.01393	0.01266	0.01519	0.80756	0.00950	0.01962	0.01393	0.01203	0.00760	0.00886	0.00633	0.00506	0.00443	0.00127	0.00886	0.00317	0.00253	0.00570
21	0.01170	0.00903	0.01077	0.00818	0.03131	0.00718	0.00635	0.05296	0.01121	0.08448	0.00982	0.01089	0.00777	0.00398	0.00385	0.00085	0.00383	0.00320	0.00328	0.71935
22	0.64711	0.01041	0.00914	0.03668	0.01163	0.01194	0.00650	0.18161	0.01164	0.02365	0.00799	0.00900	0.00603	0.00487	0.00352	0.00151	0.00425	0.00311	0.00342	0.00599
23	0.00996	0.00888	0.03772	0.00830	0.03147	0.00683	0.02027	0.02314	0.01077	0.03181	0.07288	0.05605	0.04655	0.00535	0.00437	0.00101	0.01585	0.00447	0.00330	0.60102
24	0.05084	0.00628	0.02787	0.00882	0.01012	0.00599	0.00773	0.01031	0.01089	0.01480	0.02414	0.06979	0.02617	0.05179	0.00740	0.00232	0.00453	0.65135	0.00432	0.00455
25	0.01215	0.01057	0.01131	0.01015	0.01279	0.01237	0.00793	0.02539	0.74852	0.02012	0.01932	0.01795	0.01457	0.00676	0.00556	0.00169	0.04485	0.00549	0.00486	0.00766
26	0.00599	0.00428	0.00570	0.00684	0.00713	0.00399	0.00456	0.00684	0.00941	0.01254	0.02709	0.82409	0.03250	0.01540	0.00627	0.00200	0.00285	0.01397	0.00456	0.00399
27	0.01160	0.01326	0.02900	0.02071	0.02568	0.01243	0.77879	0.01574	0.01160	0.01574	0.00994	0.01326	0.00746	0.00414	0.00580	0.00166	0.00829	0.00580	0.00249	0.00663
28	0.86201	0.00950	0.00722	0.00646	0.00950	0.01102	0.00532	0.01445	0.00836	0.02205	0.00684	0.00798	0.00532	0.00456	0.00304	0.00152	0.00380	0.00266	0.00304	0.00532
29	0.01222	0.01056	0.01111	0.01000	0.01278	0.01222	0.00778	0.02611	0.78776	0.02056	0.02000	0.01833	0.01500	0.00667	0.00500	0.00167	0.00389	0.00556	0.00500	0.00778
30	0.01836	0.02342	0.01393	0.01266	0.01519	0.80756	0.00950	0.01962	0.01393	0.01203	0.00760	0.00886	0.00633	0.00506	0.00443	0.00127	0.00886	0.00317	0.00253	0.00570
31	0.01289	0.01067	0.01125	0.00990	0.01274	0.01222	0.00776	0.12173	0.65096	0.02178	0.01875	0.01750	0.01403	0.00652	0.00491	0.00162	0.00400	0.00536	0.04772	0.00769
32	0.00702	0.00527	0.00790	0.00790	0.00878	0.00614	0.00614	0.00878	0.00790	0.01141	0.01316	0.01931	0.01229	0.03686	0.80782	0.00790	0.01316	0.00527	0.00263	0.00439
33	0.00596	0.00439	0.00559	0.00655	0.00705	0.00402	0.00443	0.00688	0.00969	0.01266	0.03062	0.70325	0.15106	0.01494	0.00620	0.00194	0.00279	0.01341	0.00456	0.00402
34	0.00635	0.00494	0.00577	0.00569	0.00700	0.00436	0.00422	0.00805	0.01228	0.01614	0.38708	0.11116	0.38611	0.01161	0.00584	0.00164	0.00244	0.01001	0.00495	0.00436
35	0.86201	0.00950	0.00722	0.00646	0.00950	0.01102	0.00532	0.01445	0.00836	0.02205	0.00684	0.00798	0.00532	0.00456	0.00304	0.00152	0.00380	0.00266	0.00304	0.00532
36	0.01260	0.03838	0.01221	0.01096	0.05313	0.01243	0.00821	0.09247	0.62121	0.02063	0.01866	0.01763	0.02799	0.00716	0.02251	0.00175	0.00435	0.00538	0.00470	0.00764
37	0.81812	0.00946	0.00761	0.04810	0.01076	0.01102	0.00575	0.01435	0.00844	0.02156	0.00694	0.00825	0.00539	0.00458	0.00314	0.00153	0.00394	0.00275	0.00300	0.00533
38	0.01209	0.01255	0.05965	0.05536	0.36507	0.07459	0.05136	0.04044	0.04482	0.01613	0.00970	0.01199	0.00788	0.00470	0.00506	0.00137	0.03753	0.00412	0.03395	0.15164
39	0.01019	0.00964	0.01520	0.59538	0.16564	0.03708	0.01322	0.02795	0.01061	0.01384	0.03626	0.01367	0.00827	0.00503	0.00490	0.00158	0.00627	0.00449	0.01489	0.00589
40	0.00938	0.00884	0.01492	0.78817	0.06037	0.01094	0.01370	0.01264	0.00987	0.01268	0.00875	0.01307	0.00659	0.00489	0.00491	0.00163	0.00653	0.00437	0.00219	0.00554
41	0.00613	0.00491	0.00548	0.00551	0.00688	0.00426	0.00407	0.00762	0.01172	0.01490	0.24477	0.13226	0.50991	0.01214	0.00586	0.00167	0.00248	0.01038	0.00479	0.00426
42	0.00599	0.00428	0.00570	0.00684	0.00713	0.00399	0.00456	0.00684	0.00941	0.01254	0.02709	0.82409	0.03250	0.01540	0.00627	0.00200	0.00285	0.01397	0.00456	0.00399
43	0.00596	0.00476	0.00534	0.00567	0.00685	0.00414	0.00407	0.00718	0.01086	0.01359	0.10603	0.29292	0.48898	0.01318	0.00595	0.00176	0.00259	0.01139	0.00464	0.00414
44	0.01314	0.83025	0.02575	0.00841	0.01261	0.01945	0.00841	0.01472	0.00999	0.01156	0.00683	0.00788	0.00631	0.00420	0.00315	0.00105	0.00526	0.00263	0.00210	0.00631
45	0.01412	0.01034	0.01132	0.00985	0.01285	0.01154	0.00776	0.05974	0.62669	0.14859	0.01953	0.01778	0.01424	0.00654	0.00499	0.00163	0.00401	0.00540	0.00517	0.00790
46	0.73153	0.01001	0.00821	0.00715	0.01027	0.01153	0.00587	0.09609	0.04770	0.02292	0.00801	0.00889	0.00611	0.00481	0.00333	0.00152	0.00398	0.00299	0.00333	0.00576
47	0.01202	0.33239	0.38796	0.01148	0.01696	0.04853	0.02544	0.06131	0.01116	0.01489	0.00841	0.00972	0.00659	0.00460	0.00408	0.00134	0.00632	0.00334	0.02668	0.00681
48	0.05159	0.04059	0.17766	0.02203	0.04044	0.02071	0.02966	0.06240	0.01161	0.11168	0.02459	0.01242	0.00868	0.00473	0.00427	0.00120	0.00494	0.01770	0.00325	0.34983
49	0.09121	0.16915	0.03891	0.02499	0.05435	0.31723	0.00927	0.07543	0.01286	0.11858	0.00936	0.01022	0.00724	0.00514	0.00465	0.00136	0.03702	0.00349	0.00311	0.00647

[dist]
# distance from previous block
# <min> <max>
0	1

[block]
# block no. 1 follows, 51 sequences, length 13
# corresponding to MSA columns:
# 118-130
name=unknown_B
#
# <colnr> <probs for GDERKNQSTAVLIFYWHMCP>
#	G	D	E	R	K	N	Q	S	T	A	V	L	I	F	Y	W	H	M	C	P
0	0.02980	0.03824	0.01117	0.01116	0.12678	0.05342	0.03093	0.06407	0.02397	0.04692	0.33572	0.02694	0.12611	0.02436	0.00598	0.00159	0.02591	0.00696	0.00428	0.00566
1	0.06062	0.05822	0.01154	0.00869	0.04665	0.03071	0.00665	0.03553	0.03483	0.07303	0.01119	0.01209	0.03624	0.00445	0.00390	0.00098	0.00404	0.00349	0.00325	0.55390
2	0.01155	0.07037	0.53575	0.01359	0.01961	0.05666	0.09440	0.01610	0.01094	0.07835	0.01030	0.04231	0.00786	0.00514	0.00476	0.00153	0.00692	0.00427	0.00256	0.00701
3	0.00703	0.00524	0.00777	0.00777	0.00860	0.00607	0.00598	0.00869	0.00786	0.01131	0.01328	0.01998	0.01258	0.07806	0.76702	0.00773	0.01273	0.00536	0.00265	0.00431
4	0.00766	0.00615	0.00811	0.03059	0.00981	0.00588	0.05314	0.01057	0.08684	0.03436	0.15708	0.18521	0.30692	0.01125	0.00584	0.00175	0.00333	0.06605	0.00458	0.00487
5	0.07891	0.09124	0.06140	0.03440	0.26812	0.09361	0.03265	0.14482	0.04390	0.06672	0.01061	0.03338	0.00850	0.00522	0.00459	0.00145	0.00577	0.00430	0.00324	0.00716
6	0.01148	0.01078	0.01026	0.03857	0.01153	0.18523	0.00741	0.05562	0.03306	0.03564	0.03782	0.20411	0.03980	0.02664	0.00750	0.00174	0.15172	0.02251	0.10336	0.00522
7	0.00603	0.00431	0.00574	0.00681	0.00714	0.00402	0.00457	0.00696	0.00962	0.01289	0.06382	0.78638	0.03317	0.01514	0.00625	0.00197	0.00283	0.01373	0.00460	0.00402
8	0.05447	0.03336	0.08721	0.12529	0.33414	0.05106	0.09077	0.06240	0.01193	0.04078	0.05406	0.01327	0.00958	0.00496	0.00485	0.00150	0.00606	0.00454	0.00284	0.00693
9	0.06088	0.11852	0.10280	0.01595	0.14804	0.03391	0.16289	0.23013	0.04577	0.01996	0.01001	0.01148	0.00765	0.00489	0.00472	0.00147	0.00616	0.00429	0.00320	0.00728
10	0.01035	0.00624	0.00788	0.00703	0.00884	0.00595	0.00539	0.01363	0.09436	0.16865	0.46786	0.03084	0.07693	0.04139	0.03097	0.00188	0.00328	0.00769	0.00527	0.00558
11	0.00604	0.00435	0.00573	0.00674	0.00712	0.00404	0.00454	0.00700	0.00975	0.01301	0.07538	0.74892	0.05924	0.01496	0.00623	0.00196	0.00281	0.01353	0.00461	0.00404
12	0.01352	0.03024	0.10100	0.06616	0.20265	0.05752	0.08029	0.13902	0.05728	0.08576	0.02984	0.01485	0.03200	0.00573	0.00555	0.00156	0.04723	0.01930	0.00340	0.00711

[dist]
# distance from previous block
# <min> <max>
0	2

[block]
# block no. 2 follows, 51 sequences, length 29
# corresponding to MSA columns:
# 134-162
name=unknown_C
#
# <colnr> <probs for GDERKNQSTAVLIFYWHMCP>
#	G	D	E	R	K	N	Q	S	T	A	V	L	I	F	Y	W	H	M	C	P
0	0.18333	0.09646	0.06292	0.04446	0.12644	0.30603	0.05440	0.04486	0.01188	0.01569	0.00801	0.00967	0.00648	0.00473	0.00422	0.00138	0.00673	0.00346	0.00262	0.00622
1	0.04184	0.00737	0.00872	0.00751	0.01001	0.00710	0.00592	0.04799	0.12728	0.26894	0.15696	0.06226	0.18951	0.00857	0.00524	0.00159	0.00339	0.00718	0.02629	0.00634
2	0.01429	0.07690	0.01410	0.01153	0.06522	0.04281	0.03404	0.22697	0.18683	0.09239	0.06421	0.04699	0.04237	0.00678	0.00557	0.00155	0.05053	0.00543	0.00433	0.00714
3	0.00594	0.00486	0.00524	0.00541	0.00679	0.00416	0.00396	0.00721	0.01111	0.01370	0.10949	0.18475	0.59479	0.01277	0.00589	0.00171	0.00254	0.01089	0.00464	0.00416
4	0.02789	0.06655	0.16680	0.01642	0.03933	0.06931	0.37023	0.08404	0.01235	0.05283	0.00977	0.01189	0.00731	0.00474	0.00555	0.00156	0.03911	0.00471	0.00277	0.00685
5	0.03128	0.08930	0.30393	0.03362	0.09980	0.03293	0.05218	0.01499	0.04932	0.01452	0.00860	0.01096	0.00695	0.00574	0.00765	0.00166	0.22362	0.00399	0.00234	0.00660
6	0.00597	0.00489	0.00526	0.00537	0.00679	0.00418	0.00395	0.00728	0.01127	0.01392	0.13305	0.15236	0.60352	0.01257	0.00587	0.00169	0.00252	0.01069	0.00466	0.00418
7	0.00618	0.00481	0.00555	0.00591	0.00695	0.00432	0.00418	0.00757	0.02444	0.01369	0.12389	0.33259	0.37746	0.05091	0.00685	0.00192	0.00273	0.01130	0.00459	0.00416
8	0.00689	0.00493	0.00602	0.00609	0.00726	0.00441	0.00443	0.00846	0.01185	0.04435	0.32754	0.25430	0.27121	0.01210	0.00590	0.00170	0.00258	0.01059	0.00494	0.00445
9	0.01357	0.01122	0.01187	0.01027	0.01329	0.01285	0.00810	0.18324	0.62845	0.02273	0.01829	0.01697	0.01362	0.00651	0.00498	0.00163	0.00421	0.00532	0.00498	0.00790
10	0.01065	0.01060	0.01486	0.01277	0.01279	0.01481	0.01063	0.01174	0.00754	0.01182	0.00663	0.01098	0.00661	0.00937	0.03766	0.00231	0.79640	0.00433	0.00216	0.00535
11	0.00859	0.00477	0.00701	0.00686	0.00689	0.00510	0.00473	0.00689	0.00656	0.00890	0.00881	0.01544	0.00887	0.04736	0.04597	0.73730	0.06089	0.00441	0.00218	0.00247
12	0.01075	0.01075	0.01505	0.01290	0.01290	0.01505	0.01075	0.01183	0.00753	0.01183	0.00645	0.01075	0.00645	0.00860	0.01613	0.00215	0.81830	0.00430	0.00215	0.00538
13	0.04241	0.00985	0.03219	0.06024	0.01395	0.01176	0.05745	0.03616	0.00927	0.02380	0.03466	0.04892	0.06068	0.00998	0.06572	0.00228	0.42152	0.00526	0.00277	0.05112
14	0.01314	0.83025	0.02575	0.00841	0.01261	0.01945	0.00841	0.01472	0.00999	0.01156	0.00683	0.00788	0.00631	0.00420	0.00315	0.00105	0.00526	0.00263	0.00210	0.00631
15	0.01075	0.01075	0.01505	0.01290	0.01290	0.01505	0.01075	0.01183	0.00753	0.01183	0.00645	0.01075	0.00645	0.00860	0.01613	0.00215	0.81830	0.00430	0.00215	0.00538
16	0.00803	0.00629	0.00711	0.00665	0.00837	0.00611	0.00511	0.07575	0.08958	0.01783	0.30847	0.06321	0.33063	0.01060	0.00570	0.00164	0.00290	0.03604	0.00494	0.00505
17	0.82861	0.01013	0.03837	0.00676	0.00996	0.01104	0.00583	0.01449	0.00844	0.02179	0.00692	0.00808	0.00536	0.00457	0.00310	0.00152	0.00394	0.00270	0.00300	0.00540
18	0.76404	0.00960	0.00785	0.00684	0.00997	0.01092	0.00563	0.04775	0.00941	0.07992	0.00798	0.00879	0.00596	0.00473	0.00326	0.00152	0.00390	0.00290	0.00335	0.00568
19	0.00758	0.00534	0.00641	0.00612	0.00759	0.00483	0.00459	0.00979	0.03892	0.06381	0.41183	0.10197	0.29105	0.01092	0.00576	0.00162	0.00258	0.00944	0.00509	0.00475
20	0.10525	0.05711	0.10343	0.03589	0.13853	0.03620	0.02472	0.06032	0.04317	0.11165	0.03975	0.03266	0.02864	0.00544	0.00464	0.00139	0.01761	0.00441	0.00341	0.14577
21	0.05924	0.47888	0.08226	0.00920	0.01325	0.07737	0.00885	0.07439	0.01144	0.05849	0.00932	0.01024	0.02360	0.00578	0.02987	0.00142	0.00571	0.00328	0.00272	0.03469
22	0.00639	0.00494	0.00583	0.00574	0.00703	0.00438	0.00425	0.00813	0.01239	0.01639	0.41598	0.10972	0.35809	0.01152	0.00584	0.00163	0.00244	0.00995	0.00498	0.00438
23	0.00869	0.00606	0.00879	0.03558	0.05248	0.00601	0.06049	0.01054	0.01023	0.04812	0.04570	0.24086	0.05045	0.06621	0.03763	0.00211	0.01753	0.07076	0.21695	0.00481
24	0.06127	0.10465	0.10195	0.08156	0.23301	0.06744	0.06575	0.08344	0.04980	0.08976	0.01038	0.01188	0.00790	0.00488	0.00461	0.00146	0.00596	0.00414	0.00306	0.00712
25	0.01145	0.06985	0.06087	0.09133	0.03292	0.14584	0.02401	0.08649	0.06524	0.01524	0.03204	0.17190	0.07567	0.00830	0.00589	0.00163	0.06087	0.03122	0.00348	0.00575
26	0.02831	0.00689	0.00814	0.00896	0.08788	0.03718	0.01994	0.02767	0.01117	0.01470	0.08640	0.17616	0.32293	0.04401	0.00630	0.00176	0.00354	0.03453	0.03248	0.04106
27	0.10482	0.08160	0.10721	0.01221	0.07581	0.09712	0.07824	0.04654	0.05515	0.07235	0.01401	0.05899	0.06592	0.00627	0.00523	0.00151	0.04674	0.01524	0.00326	0.05178
28	0.09224	0.04699	0.04793	0.04638	0.14784	0.18096	0.00939	0.06247	0.03517	0.08361	0.03241	0.04501	0.07231	0.00612	0.00488	0.00144	0.02387	0.00480	0.00335	0.05282

[dist]
# distance from previous block
# <min> <max>
2	10

[block]
# block no. 3 follows, 51 sequences, length 7
# corresponding to MSA columns:
# 176-182
name=unknown_D
#
# <colnr> <probs for GDERKNQSTAVLIFYWHMCP>
#	G	D	E	R	K	N	Q	S	T	A	V	L	I	F	Y	W	H	M	C	P
0	0.01309	0.00943	0.01076	0.01027	0.06969	0.05996	0.00724	0.23926	0.02781	0.06327	0.03348	0.06328	0.01176	0.04755	0.02581	0.22196	0.02126	0.00519	0.05338	0.00557
1	0.01216	0.01168	0.01995	0.03016	0.79664	0.01168	0.01508	0.01508	0.01119	0.01605	0.00924	0.01216	0.00778	0.00438	0.00487	0.00146	0.00584	0.00438	0.00243	0.00778
2	0.00673	0.00495	0.00627	0.00664	0.00698	0.00509	0.00447	0.00743	0.00855	0.01145	0.02253	0.37388	0.08527	0.28769	0.09096	0.00347	0.05014	0.01002	0.00371	0.00378
3	0.06473	0.00943	0.01188	0.06117	0.11575	0.00878	0.00785	0.07356	0.01090	0.01678	0.00921	0.01195	0.00785	0.05329	0.00583	0.00130	0.04446	0.00362	0.00294	0.47873
4	0.03579	0.00791	0.01237	0.46657	0.02328	0.00934	0.04006	0.01181	0.00959	0.03354	0.01257	0.04313	0.04776	0.06550	0.00753	0.03560	0.05386	0.00521	0.07353	0.00508
5	0.01311	0.08759	0.07348	0.04171	0.05881	0.10192	0.03922	0.14366	0.11224	0.05288	0.03558	0.06052	0.03103	0.00761	0.03673	0.00174	0.02344	0.02174	0.00362	0.05337
6	0.01268	0.21220	0.10534	0.01127	0.08252	0.07074	0.00936	0.10917	0.04113	0.01643	0.00923	0.01084	0.00762	0.02743	0.00461	0.00124	0.00528	0.00348	0.00288	0.25656

[dist]
# distance from previous block
# <min> <max>
0	10

[block]
# block no. 4 follows, 51 sequences, length 16
# corresponding to MSA columns:
# 218,219,235-248
name=unknown_E
#
# <colnr> <probs for GDERKNQSTAVLIFYWHMCP>
#	G	D	E	R	K	N	Q	S	T	A	V	L	I	F	Y	W	H	M	C	P
0	0.11955	0.11228	0.06149	0.13090	0.11469	0.07659	0.00993	0.09182	0.08364	0.01714	0.02174	0.01214	0.00849	0.00670	0.04738	0.00175	0.00587	0.00395	0.01668	0.05726
1	0.17790	0.11814	0.09821	0.05133	0.12121	0.11964	0.02929	0.05139	0.02207	0.05448	0.00879	0.01032	0.00693	0.00486	0.00467	0.00140	0.04261	0.00355	0.00283	0.07038
2	0.03698	0.02440	0.01227	0.05659	0.07751	0.00799	0.12578	0.03089	0.03693	0.05212	0.11796	0.13810	0.20688	0.00890	0.00575	0.00165	0.02673	0.00792	0.01916	0.00549
3	0.02584	0.09936	0.06557	0.03447	0.16748	0.13006	0.14862	0.06242	0.09645	0.04165	0.01070	0.02475	0.00852	0.00497	0.00472	0.00142	0.00626	0.00441	0.00301	0.05930
4	0.00749	0.00545	0.00753	0.00843	0.06728	0.00561	0.00551	0.00871	0.02424	0.01231	0.06129	0.14613	0.09292	0.14940	0.25212	0.10084	0.00659	0.00738	0.02660	0.00417
5	0.01240	0.03942	0.10321	0.04337	0.05540	0.19347	0.00961	0.06759	0.15123	0.01620	0.08909	0.05652	0.03340	0.03163	0.00634	0.00166	0.06339	0.01638	0.00349	0.00620
6	0.00886	0.00783	0.02636	0.00996	0.06255	0.02737	0.04366	0.03385	0.00940	0.01313	0.01477	0.04073	0.07084	0.10951	0.30890	0.03239	0.05389	0.00555	0.00290	0.11757
7	0.00612	0.00441	0.00574	0.00662	0.00707	0.00409	0.00447	0.00712	0.00992	0.01325	0.10954	0.67149	0.07659	0.04028	0.00679	0.00202	0.00283	0.01301	0.00460	0.00404
8	0.03968	0.01381	0.11830	0.02000	0.35697	0.06956	0.06244	0.08431	0.05542	0.03680	0.01143	0.07372	0.00979	0.00567	0.00513	0.00154	0.02023	0.00504	0.00303	0.00715
9	0.01321	0.60258	0.06100	0.00948	0.01330	0.08740	0.00909	0.01586	0.06928	0.01250	0.00797	0.00908	0.00697	0.00479	0.00435	0.00122	0.06017	0.00306	0.00236	0.00635
10	0.53276	0.03848	0.14871	0.04612	0.05818	0.05720	0.02620	0.01493	0.00938	0.01911	0.00752	0.00903	0.00581	0.00459	0.00366	0.00150	0.00508	0.00310	0.00273	0.00589
11	0.01187	0.27295	0.09881	0.01429	0.01851	0.01419	0.33001	0.03920	0.01069	0.01410	0.00858	0.01120	0.00702	0.00553	0.00648	0.06647	0.05719	0.00433	0.00236	0.00622
12	0.00830	0.01068	0.19738	0.03194	0.06450	0.00722	0.00885	0.03126	0.02950	0.01658	0.28945	0.11296	0.11323	0.02778	0.00623	0.02300	0.00415	0.00758	0.00398	0.00544
13	0.00643	0.00486	0.00549	0.00551	0.00649	0.00440	0.00380	0.00753	0.01052	0.01357	0.19642	0.11360	0.35621	0.23081	0.01100	0.00250	0.00310	0.00953	0.00432	0.00392
14	0.01274	0.01567	0.22254	0.07445	0.14953	0.04909	0.07753	0.14852	0.09155	0.03783	0.01125	0.03518	0.00877	0.00552	0.00538	0.00157	0.03788	0.00465	0.00316	0.00720
15	0.01083	0.00824	0.00925	0.00833	0.01060	0.00886	0.00645	0.01924	0.42838	0.07894	0.26184	0.02618	0.08585	0.00812	0.00531	0.00162	0.00332	0.00692	0.00517	0.00656

[dist]
# distance from previous block
# <min> <max>
0	1

[block]
# block no. 5 follows, 51 sequences, length 22
# corresponding to MSA columns:
# 250-271
name=unknown_F
#
# <colnr> <probs for GDERKNQSTAVLIFYWHMCP>
#	G	D	E	R	K	N	Q	S	T	A	V	L	I	F	Y	W	H	M	C	P
0	0.01029	0.10482	0.67881	0.01385	0.02067	0.01227	0.06222	0.01549	0.01041	0.01518	0.00869	0.01030	0.00631	0.00459	0.00458	0.00151	0.00712	0.00366	0.00210	0.00713
1	0.76570	0.05515	0.00863	0.00694	0.01001	0.05865	0.00574	0.01477	0.00878	0.02088	0.00689	0.00803	0.00544	0.00457	0.00313	0.00148	0.00418	0.00269	0.00296	0.00540
2	0.04375	0.04151	0.01178	0.00865	0.01242	0.00805	0.00717	0.02275	0.05577	0.65783	0.01794	0.01583	0.01161	0.00585	0.00474	0.00146	0.00417	0.00470	0.00559	0.05843
3	0.01281	0.01122	0.01222	0.01214	0.09830	0.05426	0.00855	0.11173	0.49831	0.02076	0.09053	0.01813	0.01594	0.00656	0.00502	0.00159	0.00440	0.00548	0.00462	0.00744
4	0.00632	0.00442	0.00569	0.00651	0.00698	0.00413	0.00441	0.00739	0.00991	0.01354	0.10706	0.63258	0.06129	0.04673	0.00679	0.00200	0.00283	0.01247	0.05491	0.00406
5	0.01172	0.01181	0.08141	0.35664	0.20849	0.01183	0.04283	0.14292	0.03565	0.01724	0.02632	0.01309	0.00824	0.00506	0.00494	0.00156	0.00615	0.00450	0.00286	0.00674
6	0.00792	0.00542	0.00653	0.00611	0.00746	0.00501	0.00449	0.01010	0.04303	0.06880	0.42802	0.03652	0.21593	0.12321	0.00837	0.00202	0.00288	0.00860	0.00490	0.00466
7	0.00788	0.00725	0.03378	0.00981	0.04602	0.00665	0.11282	0.01004	0.01120	0.01531	0.19234	0.15048	0.19633	0.01101	0.03515	0.00193	0.04479	0.05175	0.05052	0.00494
8	0.00966	0.00779	0.01090	0.00990	0.01046	0.00984	0.00787	0.01089	0.00834	0.06947	0.01268	0.12737	0.01281	0.06956	0.23211	0.00383	0.37244	0.00613	0.00296	0.00498
9	0.01388	0.01019	0.01116	0.00979	0.01274	0.01138	0.00769	0.02575	0.65769	0.15160	0.01990	0.01806	0.01452	0.00657	0.00499	0.00164	0.00394	0.00545	0.00518	0.00788
10	0.01005	0.00816	0.00941	0.00691	0.01083	0.00628	0.00549	0.01225	0.01021	0.01633	0.00974	0.01131	0.00801	0.00393	0.00361	0.00079	0.00345	0.00314	0.12067	0.73943
11	0.74536	0.01143	0.00815	0.00732	0.01029	0.12116	0.00590	0.01516	0.00913	0.02066	0.00695	0.00810	0.00546	0.00463	0.00323	0.00149	0.00450	0.00273	0.00297	0.00537
12	0.01007	0.00995	0.01366	0.01181	0.01204	0.01354	0.00978	0.01117	0.00803	0.01203	0.01244	0.01580	0.11543	0.00913	0.01470	0.00208	0.70550	0.00514	0.00248	0.00521
13	0.01244	0.01257	0.12049	0.01046	0.01391	0.01194	0.00918	0.06176	0.60181	0.04342	0.01794	0.01686	0.01332	0.00631	0.00491	0.00163	0.00440	0.00519	0.02377	0.00768
14	0.01289	0.27913	0.04326	0.01055	0.04200	0.01444	0.02588	0.06732	0.37948	0.03368	0.03354	0.01434	0.01175	0.00568	0.00441	0.00144	0.00468	0.00450	0.00383	0.00722
15	0.01314	0.83025	0.02575	0.00841	0.01261	0.01945	0.00841	0.01472	0.00999	0.01156	0.00683	0.00788	0.00631	0.00420	0.00315	0.00105	0.00526	0.00263	0.00210	0.00631
16	0.01058	0.01051	0.01471	0.01268	0.01269	0.01465	0.01052	0.01164	0.00760	0.01185	0.00721	0.04068	0.00741	0.00885	0.01576	0.00214	0.78829	0.00466	0.00224	0.00532
17	0.01050	0.00810	0.00839	0.00810	0.00975	0.11617	0.00643	0.01247	0.01284	0.11170	0.30182	0.07716	0.07831	0.01023	0.00579	0.00172	0.00407	0.20653	0.00476	0.00514
18	0.01377	0.00764	0.00907	0.00753	0.01009	0.00738	0.00601	0.16406	0.01485	0.24935	0.19341	0.02533	0.14558	0.00790	0.00507	0.00149	0.00349	0.00654	0.11508	0.00637
19	0.00632	0.00444	0.00567	0.00645	0.00672	0.00421	0.00419	0.00706	0.00915	0.01226	0.07031	0.59016	0.02988	0.20652	0.01066	0.00262	0.00327	0.01206	0.00424	0.00379
20	0.00818	0.00617	0.00808	0.00817	0.02244	0.00672	0.00592	0.02196	0.06239	0.03210	0.11501	0.26957	0.04207	0.12255	0.08930	0.02424	0.09978	0.04677	0.00395	0.00461
21	0.00748	0.03834	0.00727	0.00715	0.00789	0.00577	0.00499	0.05046	0.04797	0.01354	0.02346	0.58017	0.02716	0.12622	0.00861	0.00230	0.00344	0.02911	0.00428	0.00438

[dist]
# distance from previous block
# <min> <max>
0	1

[block]
# block no. 6 follows, 51 sequences, length 11
# corresponding to MSA columns:
# 273-283
name=unknown_G
#
# <colnr> <probs for GDERKNQSTAVLIFYWHMCP>
#	G	D	E	R	K	N	Q	S	T	A	V	L	I	F	Y	W	H	M	C	P
0	0.01188	0.04785	0.43916	0.01294	0.01805	0.21368	0.05660	0.01584	0.01175	0.01503	0.10101	0.01317	0.01105	0.00536	0.00476	0.00147	0.00708	0.00422	0.00261	0.00649
1	0.19914	0.09252	0.43468	0.01231	0.04723	0.10584	0.01332	0.01570	0.01035	0.01624	0.00808	0.00952	0.00611	0.00464	0.00416	0.00147	0.00645	0.00330	0.00236	0.00659
2	0.17296	0.05581	0.01446	0.03882	0.07721	0.47674	0.04486	0.03853	0.01251	0.01489	0.00781	0.00934	0.00637	0.00485	0.00424	0.00135	0.00732	0.00334	0.00265	0.00593
3	0.01387	0.00803	0.01056	0.00932	0.03059	0.00846	0.00729	0.06093	0.07435	0.28957	0.05720	0.01985	0.07724	0.01387	0.18339	0.00301	0.10190	0.00558	0.01850	0.00648
4	0.00917	0.00678	0.00801	0.00767	0.00924	0.00681	0.00590	0.17827	0.01378	0.01833	0.17162	0.28591	0.14717	0.01162	0.00587	0.00178	0.00346	0.09866	0.00480	0.00516
5	0.00712	0.00487	0.00592	0.00592	0.00611	0.00507	0.00368	0.00751	0.00731	0.00994	0.01497	0.02932	0.01664	0.65300	0.19763	0.00546	0.00662	0.00673	0.00290	0.00329
6	0.01509	0.01128	0.01231	0.01016	0.01315	0.01239	0.00809	0.51679	0.11430	0.02562	0.01618	0.19172	0.01450	0.00809	0.00523	0.00161	0.00466	0.00667	0.00485	0.00732
7	0.59808	0.00812	0.00703	0.00661	0.00902	0.00905	0.00520	0.01319	0.00897	0.06264	0.01231	0.18877	0.01194	0.00707	0.00387	0.00161	0.00356	0.00535	0.03244	0.00517
8	0.01241	0.65278	0.19688	0.00964	0.01452	0.01767	0.01056	0.01490	0.01007	0.01244	0.00727	0.00843	0.00629	0.00431	0.00349	0.00116	0.00570	0.00285	0.00210	0.00652
9	0.01024	0.00680	0.00568	0.00553	0.00684	0.09918	0.00415	0.01241	0.01073	0.01758	0.01504	0.01721	0.01186	0.00565	0.00355	0.00116	0.00306	0.00441	0.75420	0.00471
10	0.00777	0.18699	0.01004	0.00615	0.00824	0.00769	0.00512	0.00938	0.01159	0.01449	0.21860	0.03632	0.41634	0.01009	0.00525	0.00152	0.00312	0.03235	0.00422	0.00475

[dist]
# distance from previous block
# <min> <max>
3	12

[block]
# block no. 7 follows, 51 sequences, length 9
# corresponding to MSA columns:
# 301-309
name=unknown_H
#
# <colnr> <probs for GDERKNQSTAVLIFYWHMCP>
#	G	D	E	R	K	N	Q	S	T	A	V	L	I	F	Y	W	H	M	C	P
0	0.00621	0.00445	0.00601	0.00691	0.00727	0.00436	0.00470	0.00715	0.00905	0.01220	0.02432	0.65718	0.02862	0.06691	0.12668	0.00304	0.00450	0.01227	0.00418	0.00399
1	0.08631	0.00870	0.04291	0.00959	0.03684	0.02773	0.00746	0.07380	0.00935	0.01407	0.01128	0.01759	0.01076	0.16266	0.31395	0.00460	0.14965	0.00498	0.00280	0.00499
2	0.01231	0.38639	0.09569	0.01070	0.05413	0.01484	0.02778	0.04448	0.18409	0.01541	0.01094	0.02831	0.00905	0.00505	0.00404	0.00128	0.00506	0.00387	0.00300	0.08358
3	0.00681	0.00507	0.00746	0.00769	0.00845	0.00571	0.00583	0.00839	0.00820	0.01164	0.01595	0.18058	0.01634	0.03256	0.64719	0.00672	0.01110	0.00701	0.00302	0.00431
4	0.00821	0.00642	0.00922	0.01157	0.12653	0.00637	0.00811	0.01062	0.03605	0.01461	0.02501	0.18710	0.07364	0.01224	0.00629	0.00204	0.00427	0.44246	0.00424	0.00499
5	0.04228	0.01377	0.01694	0.04545	0.34158	0.19449	0.08740	0.03928	0.05154	0.04839	0.01160	0.04671	0.02780	0.00542	0.00489	0.00148	0.00634	0.00481	0.00297	0.00683
6	0.01700	0.01292	0.01462	0.13104	0.01798	0.01448	0.00996	0.60592	0.07939	0.02760	0.01220	0.01282	0.00882	0.00597	0.00502	0.00156	0.00554	0.00458	0.00459	0.00800
7	0.00624	0.00446	0.00589	0.00701	0.00732	0.00414	0.00467	0.00703	0.00956	0.01278	0.02726	0.82136	0.03264	0.01552	0.00637	0.00204	0.00294	0.01401	0.00464	0.00412
8	0.01330	0.06259	0.25106	0.08621	0.12768	0.07682	0.07919	0.01657	0.01123	0.13147	0.01034	0.01216	0.00773	0.00537	0.00598	0.00160	0.08654	0.00423	0.00290	0.00704

[dist]
# distance from previous block
# <min> <max>
0	13

[block]
# block no. 8 follows, 51 sequences, length 7
# corresponding to MSA columns:
# 323-329
name=unknown_I
#
# <colnr> <probs for GDERKNQSTAVLIFYWHMCP>
#	G	D	E	R	K	N	Q	S	T	A	V	L	I	F	Y	W	H	M	C	P
0	0.01163	0.01051	0.06102	0.10114	0.27314	0.02693	0.01073	0.05027	0.10562	0.08009	0.12592	0.07501	0.03328	0.00672	0.00513	0.00157	0.00489	0.00595	0.00373	0.00673
1	0.00610	0.00473	0.00568	0.00625	0.00722	0.00431	0.00452	0.00727	0.01019	0.01291	0.03578	0.38933	0.35731	0.01550	0.06147	0.00228	0.00351	0.05711	0.00443	0.00412
2	0.00743	0.00641	0.04591	0.03400	0.02976	0.00537	0.03109	0.00897	0.00998	0.03565	0.04216	0.57068	0.04828	0.01257	0.00587	0.00183	0.00355	0.03292	0.00419	0.06337
3	0.11243	0.17465	0.04653	0.07518	0.09081	0.12485	0.04891	0.12483	0.02590	0.05775	0.00975	0.01211	0.00796	0.06169	0.00570	0.00162	0.00589	0.00395	0.00305	0.00643
4	0.00822	0.00609	0.00856	0.02536	0.00998	0.00568	0.05929	0.03658	0.01085	0.05307	0.07068	0.39887	0.10885	0.04845	0.00672	0.00192	0.00367	0.06938	0.00432	0.06346
5	0.03892	0.04843	0.04991	0.05915	0.32964	0.10740	0.09482	0.03161	0.01124	0.05273	0.00952	0.01215	0.00775	0.00712	0.06102	0.00195	0.06290	0.00431	0.00265	0.00677
6	0.01448	0.00968	0.01110	0.00854	0.01232	0.02915	0.00686	0.13614	0.06691	0.20677	0.03294	0.04323	0.01104	0.00542	0.00442	0.00118	0.00414	0.00438	0.00424	0.38704

[dist]
# distance from previous block
# <min> <max>
2	16

[block]
# block no. 9 follows, 51 sequences, length 25
# corresponding to MSA columns:
# 346-370
name=unknown_J
#
# <colnr> <probs for GDERKNQSTAVLIFYWHMCP>
#	G	D	E	R	K	N	Q	S	T	A	V	L	I	F	Y	W	H	M	C	P
0	0.06779	0.00862	0.01042	0.00785	0.01180	0.00723	0.00636	0.01726	0.03725	0.31273	0.02988	0.01336	0.01010	0.00486	0.00419	0.00113	0.00383	0.00388	0.00424	0.43725
1	0.08192	0.02918	0.13347	0.04624	0.05546	0.04891	0.07018	0.04940	0.05513	0.05923	0.15544	0.08275	0.08346	0.00734	0.00505	0.00157	0.00483	0.00630	0.01813	0.00600
2	0.02766	0.07503	0.17451	0.01164	0.03758	0.04841	0.06004	0.14720	0.07846	0.15135	0.01189	0.01228	0.00860	0.00508	0.00457	0.00138	0.00551	0.00410	0.00368	0.13106
3	0.01140	0.01089	0.01823	0.15371	0.58214	0.01158	0.01412	0.01420	0.01077	0.01528	0.03703	0.01308	0.00886	0.00501	0.00583	0.00155	0.07221	0.00453	0.00248	0.00710
4	0.00592	0.00495	0.00515	0.00517	0.00672	0.00419	0.00385	0.00724	0.01136	0.01382	0.11509	0.08128	0.69368	0.01236	0.00583	0.00166	0.00249	0.01040	0.00464	0.00419
5	0.01191	0.01328	0.10207	0.14529	0.14220	0.06604	0.20631	0.07162	0.07469	0.03123	0.02443	0.06677	0.01021	0.00563	0.00518	0.00159	0.00646	0.00539	0.00302	0.00667
6	0.04175	0.01222	0.22693	0.01029	0.01344	0.02148	0.04648	0.01330	0.00979	0.11573	0.01336	0.04240	0.01187	0.11400	0.20145	0.00355	0.04746	0.04568	0.00311	0.00573
7	0.00702	0.00527	0.00790	0.00790	0.00878	0.00614	0.00614	0.00878	0.00790	0.01141	0.01316	0.01931	0.01229	0.03686	0.80782	0.00790	0.01316	0.00527	0.00263	0.00439
8	0.00584	0.00496	0.00504	0.00507	0.00667	0.00416	0.00379	0.00710	0.01121	0.01341	0.06792	0.07369	0.74947	0.01249	0.00582	0.00167	0.00250	0.01046	0.00458	0.00416
9	0.01581	0.17443	0.09964	0.02700	0.05613	0.10531	0.05748	0.16463	0.03835	0.17349	0.02227	0.02390	0.00920	0.00539	0.00458	0.00141	0.00583	0.00426	0.00370	0.00721
10	0.01123	0.01154	0.01498	0.01289	0.01305	0.06466	0.01067	0.01231	0.00793	0.01184	0.00652	0.01063	0.00644	0.00838	0.01540	0.00209	0.76763	0.00423	0.00217	0.00540
11	0.00928	0.00873	0.01474	0.81548	0.03385	0.01092	0.01365	0.01256	0.00983	0.01256	0.00873	0.01310	0.00655	0.00491	0.00491	0.00164	0.00655	0.00437	0.00218	0.00546
12	0.01412	0.03176	0.04108	0.03163	0.07913	0.41929	0.04730	0.02913	0.01248	0.02654	0.01332	0.13411	0.03712	0.00720	0.00514	0.00151	0.01779	0.04261	0.00305	0.00570
13	0.01206	0.01261	0.12682	0.03822	0.14125	0.04764	0.17796	0.04892	0.01180	0.10221	0.01492	0.07422	0.04483	0.00770	0.03115	0.00185	0.02591	0.07009	0.00332	0.00652
14	0.00928	0.00873	0.01474	0.81548	0.03385	0.01092	0.01365	0.01256	0.00983	0.01256	0.00873	0.01310	0.00655	0.00491	0.00491	0.00164	0.00655	0.00437	0.00218	0.00546
15	0.00986	0.02542	0.80183	0.01401	0.02127	0.01141	0.01816	0.01556	0.01038	0.01556	0.00882	0.01038	0.00623	0.00467	0.00467	0.00156	0.00726	0.00363	0.00208	0.00726
16	0.01326	0.01478	0.15546	0.06898	0.11761	0.06464	0.28428	0.07181	0.01249	0.10871	0.01176	0.01355	0.02914	0.00496	0.00517	0.00156	0.00688	0.00490	0.00305	0.00701
17	0.01168	0.04328	0.10169	0.01874	0.02370	0.01225	0.62137	0.02986	0.01163	0.03386	0.01052	0.03863	0.00822	0.00463	0.00557	0.00163	0.00776	0.00569	0.00263	0.00667
18	0.00617	0.00529	0.00577	0.00622	0.04343	0.00453	0.00432	0.00756	0.01136	0.01379	0.09264	0.04502	0.71306	0.01193	0.00576	0.00164	0.00263	0.01000	0.00452	0.00435
19	0.00675	0.00503	0.00649	0.00709	0.00767	0.00498	0.00502	0.02718	0.01020	0.01364	0.09262	0.56653	0.08999	0.04669	0.00740	0.00205	0.04094	0.05105	0.00447	0.00422
20	0.04523	0.14301	0.08571	0.06467	0.06644	0.16553	0.13240	0.10572	0.03399	0.09667	0.01013	0.01138	0.00763	0.00492	0.00460	0.00143	0.00654	0.00407	0.00311	0.00681
21	0.01009	0.00603	0.00746	0.00689	0.00843	0.00575	0.00517	0.03643	0.04865	0.14695	0.27074	0.09893	0.09199	0.14544	0.00879	0.00216	0.00340	0.05564	0.03591	0.00514
22	0.04627	0.00479	0.00585	0.00657	0.00703	0.00467	0.00445	0.00757	0.00900	0.01242	0.02385	0.48692	0.05421	0.22496	0.01100	0.00270	0.00352	0.07629	0.00408	0.00384
23	0.02834	0.05949	0.08882	0.09600	0.12144	0.02272	0.19426	0.07375	0.08435	0.05606	0.03641	0.01498	0.02254	0.04355	0.00633	0.00172	0.03442	0.00501	0.00314	0.00667
24	0.03909	0.12157	0.19705	0.03578	0.08488	0.09957	0.10542	0.05245	0.03578	0.07280	0.01099	0.03868	0.02223	0.00553	0.00539	0.00151	0.05723	0.00447	0.00289	0.00669

[dist]
# distance from previous block
# <min> <max>
1	4

[block]
# block no. 10 follows, 51 sequences, length 14
# corresponding to MSA columns:
# 375-388
name=unknown_K
#
# <colnr> <probs for GDERKNQSTAVLIFYWHMCP>
#	G	D	E	R	K	N	Q	S	T	A	V	L	I	F	Y	W	H	M	C	P
0	0.04023	0.03599	0.09539	0.05332	0.30866	0.11199	0.02720	0.04751	0.12921	0.05074	0.01135	0.01349	0.00903	0.00529	0.00500	0.00151	0.02164	0.02220	0.00310	0.00715
1	0.02843	0.02505	0.06861	0.03484	0.07838	0.02900	0.04685	0.17414	0.08489	0.13749	0.01337	0.04481	0.01080	0.08540	0.00672	0.00175	0.00509	0.00495	0.00391	0.11553
2	0.00762	0.00564	0.00728	0.00771	0.02489	0.00603	0.00541	0.00934	0.04540	0.01328	0.06837	0.29146	0.02327	0.19660	0.06196	0.00290	0.07394	0.07230	0.07230	0.00430
3	0.04654	0.05476	0.01374	0.01071	0.01399	0.05994	0.05544	0.20438	0.36471	0.07351	0.04010	0.01543	0.01242	0.00609	0.00485	0.00155	0.00486	0.00496	0.00454	0.00749
4	0.01274	0.04458	0.19590	0.00958	0.01347	0.00920	0.00930	0.12511	0.04403	0.16409	0.12105	0.09430	0.04459	0.00711	0.00496	0.00149	0.00462	0.00590	0.00420	0.08378
5	0.03120	0.00872	0.07923	0.00958	0.02682	0.00761	0.00835	0.06918	0.08129	0.08330	0.02212	0.05703	0.07111	0.01075	0.00668	0.05275	0.00456	0.35987	0.00430	0.00557
6	0.03621	0.36024	0.32281	0.01163	0.01688	0.01450	0.08943	0.01509	0.01025	0.03494	0.00859	0.01058	0.00697	0.03678	0.00491	0.00148	0.00624	0.00357	0.00230	0.00660
7	0.00595	0.00469	0.00538	0.00583	0.00689	0.00411	0.00413	0.00710	0.01062	0.01337	0.08605	0.37051	0.43091	0.01353	0.00600	0.00179	0.00263	0.01178	0.00461	0.00411
8	0.00902	0.00599	0.00775	0.03482	0.00927	0.00580	0.00549	0.01238	0.08427	0.09721	0.61924	0.03223	0.03873	0.00917	0.00561	0.00156	0.00279	0.00803	0.00533	0.00532
9	0.03048	0.04524	0.18838	0.10469	0.42020	0.02536	0.04296	0.01532	0.03766	0.01555	0.00928	0.01179	0.00740	0.00465	0.00496	0.00151	0.02077	0.00418	0.00242	0.00720
10	0.03232	0.07923	0.02821	0.00977	0.08524	0.03380	0.01648	0.07343	0.04238	0.03253	0.07047	0.08889	0.22296	0.08701	0.00717	0.00192	0.00421	0.07467	0.00393	0.00538
11	0.00648	0.00501	0.00594	0.00597	0.00728	0.00447	0.00454	0.00822	0.01217	0.01594	0.34486	0.10028	0.36855	0.01180	0.00593	0.00169	0.00263	0.07900	0.00490	0.00437
12	0.00799	0.00682	0.00879	0.06180	0.01090	0.06474	0.00688	0.00981	0.00846	0.01153	0.01246	0.01813	0.01147	0.03243	0.69615	0.00700	0.01241	0.00505	0.00260	0.00455
13	0.02941	0.01045	0.05466	0.01976	0.40018	0.00978	0.04913	0.01467	0.08532	0.03206	0.10766	0.05145	0.04592	0.00672	0.00522	0.00159	0.00501	0.06084	0.00342	0.00676

[dist]
# distance from previous block
# <min> <max>
0	283

# created by:
# /home/cegg/simao/soft/augustus-3.2.1/scripts/msa2prfl.pl ./align_prep/EOG091G0M3C.fa
