[name]
unknown

[dist]
# distance from previous block
# <min> <max>
3	157

[block]
# block no. 0 follows, 46 sequences, length 9
# corresponding to MSA columns:
# 159-167
name=unknown_A
#
# <colnr> <probs for GDERKNQSTAVLIFYWHMCP>
#	G	D	E	R	K	N	Q	S	T	A	V	L	I	F	Y	W	H	M	C	P
0	0.05150	0.34233	0.03650	0.05306	0.03654	0.05947	0.02845	0.14299	0.06462	0.09859	0.03165	0.01245	0.00964	0.00551	0.00445	0.00143	0.00575	0.00409	0.00361	0.00739
1	0.01269	0.04156	0.14599	0.10849	0.12700	0.01167	0.07740	0.12681	0.01330	0.01893	0.01002	0.01213	0.00778	0.00481	0.00484	0.00138	0.00605	0.00417	0.00307	0.26192
2	0.06667	0.08669	0.04346	0.01002	0.03965	0.05557	0.00799	0.07162	0.04429	0.03704	0.01364	0.03233	0.01219	0.06906	0.23322	0.00380	0.04565	0.03025	0.09097	0.00590
3	0.01936	0.01531	0.01540	0.01214	0.01612	0.07945	0.00989	0.62838	0.09982	0.03052	0.01322	0.01315	0.00954	0.00636	0.00526	0.00159	0.00595	0.00477	0.00509	0.00869
4	0.11734	0.00695	0.00736	0.03828	0.00927	0.00758	0.00541	0.06295	0.01169	0.04837	0.01493	0.01709	0.01161	0.00617	0.00465	0.00140	0.04881	0.00464	0.56998	0.00553
5	0.00767	0.00540	0.00672	0.00683	0.00786	0.00510	0.00491	0.03476	0.01292	0.01806	0.36082	0.30228	0.09173	0.03396	0.00673	0.00189	0.00289	0.01096	0.07373	0.00480
6	0.01095	0.01045	0.06245	0.12876	0.06801	0.04289	0.02828	0.03406	0.04296	0.05363	0.14719	0.07495	0.04720	0.04484	0.05195	0.00227	0.09527	0.00661	0.00376	0.04350
7	0.01073	0.00855	0.05335	0.02866	0.07269	0.00775	0.03141	0.01399	0.07417	0.10561	0.17282	0.17052	0.07791	0.04032	0.00712	0.00191	0.03975	0.01990	0.05681	0.00604
8	0.05036	0.05602	0.10600	0.01133	0.05943	0.00891	0.08309	0.03053	0.01289	0.07729	0.27546	0.04545	0.05798	0.04454	0.04163	0.00212	0.00519	0.02133	0.00428	0.00615

[dist]
# distance from previous block
# <min> <max>
1	2

[block]
# block no. 1 follows, 46 sequences, length 12
# corresponding to MSA columns:
# 170-181
name=unknown_B
#
# <colnr> <probs for GDERKNQSTAVLIFYWHMCP>
#	G	D	E	R	K	N	Q	S	T	A	V	L	I	F	Y	W	H	M	C	P
0	0.01218	0.03966	0.10192	0.07869	0.10377	0.01130	0.01066	0.05426	0.08145	0.07202	0.05843	0.05742	0.01350	0.04228	0.00890	0.03493	0.14761	0.00565	0.05880	0.00657
1	0.01239	0.04615	0.01583	0.20006	0.15362	0.07898	0.05933	0.03007	0.14493	0.03916	0.07503	0.01865	0.05913	0.00689	0.00591	0.03205	0.00588	0.00562	0.00357	0.00675
2	0.03275	0.01152	0.10296	0.26956	0.11792	0.04055	0.05884	0.01334	0.01120	0.01524	0.05272	0.10856	0.03631	0.00979	0.06227	0.00226	0.00678	0.03821	0.00311	0.00610
3	0.01070	0.01081	0.04719	0.10918	0.03601	0.04463	0.01035	0.01249	0.00997	0.01427	0.07761	0.04802	0.05179	0.00900	0.01165	0.03638	0.38255	0.00569	0.04177	0.02993
4	0.00670	0.00506	0.00595	0.00633	0.00726	0.00457	0.00438	0.00789	0.01122	0.01452	0.15142	0.32074	0.29704	0.12129	0.00919	0.00234	0.00312	0.01184	0.00482	0.00431
5	0.04297	0.01026	0.01213	0.01116	0.06785	0.04160	0.00822	0.18371	0.03398	0.22237	0.05761	0.06978	0.01535	0.03361	0.07089	0.00229	0.00565	0.03247	0.02506	0.05303
6	0.00700	0.00515	0.00663	0.00753	0.00820	0.00492	0.00531	0.00886	0.04602	0.01482	0.09703	0.59992	0.07894	0.01527	0.00665	0.00209	0.00319	0.07286	0.00501	0.00460
7	0.07872	0.01041	0.01301	0.05097	0.01467	0.03833	0.06130	0.10894	0.01265	0.08465	0.01347	0.12726	0.01223	0.00850	0.03837	0.00183	0.08593	0.00578	0.00378	0.22921
8	0.01093	0.00921	0.01070	0.00790	0.01220	0.00731	0.00631	0.05039	0.01163	0.01761	0.01295	0.01435	0.06363	0.00628	0.03870	0.00123	0.00437	0.00390	0.00336	0.70705
9	0.01257	0.00988	0.01212	0.15394	0.06259	0.08294	0.02360	0.05271	0.06664	0.10085	0.05517	0.02168	0.01453	0.12397	0.09684	0.03831	0.00672	0.04068	0.01827	0.00599
10	0.04667	0.04993	0.01330	0.06643	0.01389	0.02612	0.10465	0.01257	0.00978	0.04543	0.01274	0.01889	0.01155	0.13657	0.23677	0.00417	0.09709	0.00546	0.08261	0.00538
11	0.00709	0.00514	0.00677	0.00802	0.03554	0.00483	0.00535	0.00838	0.01079	0.01460	0.08321	0.54856	0.09344	0.04369	0.00722	0.00214	0.00327	0.05958	0.04785	0.00453

[dist]
# distance from previous block
# <min> <max>
0	3

[block]
# block no. 2 follows, 46 sequences, length 6
# corresponding to MSA columns:
# 185-190
name=unknown_C
#
# <colnr> <probs for GDERKNQSTAVLIFYWHMCP>
#	G	D	E	R	K	N	Q	S	T	A	V	L	I	F	Y	W	H	M	C	P
0	0.06231	0.03762	0.01697	0.14985	0.27658	0.11012	0.05710	0.03859	0.01216	0.01674	0.04326	0.03177	0.01054	0.00685	0.03170	0.00183	0.03064	0.00495	0.05366	0.00677
1	0.04157	0.06039	0.05772	0.04817	0.14427	0.01297	0.03672	0.11274	0.17802	0.10364	0.06159	0.01608	0.01277	0.00649	0.00635	0.00170	0.08179	0.00519	0.00412	0.00770
2	0.42197	0.01020	0.01004	0.00832	0.01171	0.01098	0.00681	0.15195	0.01371	0.19390	0.06274	0.01399	0.01124	0.00598	0.00430	0.00161	0.00431	0.00429	0.04499	0.00695
3	0.00751	0.00535	0.00631	0.00641	0.00779	0.00471	0.00467	0.00902	0.01230	0.05757	0.19738	0.25773	0.37731	0.01335	0.00633	0.00185	0.00285	0.01158	0.00519	0.00477
4	0.04275	0.01211	0.03769	0.11475	0.22522	0.06906	0.05811	0.06015	0.05201	0.06258	0.01383	0.06655	0.01226	0.00711	0.00626	0.00177	0.05893	0.07149	0.02039	0.00698
5	0.06441	0.12322	0.31519	0.05634	0.04145	0.05627	0.03721	0.06254	0.04465	0.13316	0.01146	0.01236	0.00826	0.00536	0.00483	0.00158	0.00658	0.00417	0.00332	0.00762

[dist]
# distance from previous block
# <min> <max>
2	3

[block]
# block no. 3 follows, 46 sequences, length 26
# corresponding to MSA columns:
# 201-203,207-222,225-230,233
name=unknown_D
#
# <colnr> <probs for GDERKNQSTAVLIFYWHMCP>
#	G	D	E	R	K	N	Q	S	T	A	V	L	I	F	Y	W	H	M	C	P
0	0.05025	0.32300	0.03283	0.09585	0.07494	0.12460	0.02678	0.04359	0.05617	0.03457	0.02484	0.06951	0.01052	0.00603	0.00454	0.00146	0.00608	0.00467	0.00307	0.00671
1	0.01668	0.05034	0.05727	0.04417	0.01672	0.03375	0.07846	0.25623	0.10858	0.16370	0.01528	0.01688	0.01139	0.00754	0.03181	0.00188	0.00601	0.03599	0.03943	0.00789
2	0.02730	0.03176	0.22755	0.08091	0.26071	0.08018	0.06191	0.04588	0.01207	0.01654	0.01076	0.05368	0.00913	0.00687	0.02613	0.02657	0.00713	0.00496	0.00273	0.00722
3	0.00765	0.00641	0.00818	0.00927	0.06461	0.03254	0.02540	0.00915	0.01158	0.01511	0.13936	0.43702	0.18670	0.01352	0.00638	0.00192	0.00351	0.01207	0.00474	0.00486
4	0.24484	0.01090	0.00965	0.04348	0.02868	0.14250	0.00708	0.05281	0.02689	0.03463	0.01721	0.24479	0.04771	0.03371	0.03092	0.00207	0.00529	0.00739	0.00387	0.00558
5	0.01132	0.00982	0.01518	0.20620	0.26627	0.01049	0.03360	0.07497	0.02960	0.01766	0.07414	0.02014	0.06000	0.02329	0.04645	0.00207	0.00602	0.02186	0.06425	0.00667
6	0.00775	0.00550	0.00768	0.00768	0.00845	0.00618	0.00570	0.00929	0.00852	0.01240	0.01489	0.02352	0.01447	0.19577	0.57917	0.00728	0.01146	0.00602	0.06384	0.00442
7	0.01462	0.33554	0.05062	0.01002	0.01367	0.04586	0.00912	0.21859	0.01505	0.01976	0.06667	0.01530	0.01211	0.00630	0.00503	0.00144	0.03995	0.03524	0.07813	0.00698
8	0.01264	0.02996	0.24211	0.04010	0.11135	0.04638	0.02532	0.07367	0.01272	0.07683	0.06554	0.04970	0.01257	0.03096	0.03139	0.00190	0.03394	0.00519	0.00340	0.09434
9	0.04611	0.09893	0.14201	0.04669	0.11766	0.03187	0.10854	0.25454	0.04059	0.02170	0.01099	0.01297	0.00848	0.02906	0.00571	0.00169	0.00657	0.00463	0.00350	0.00776
10	0.00878	0.00606	0.00706	0.00745	0.00818	0.03381	0.00505	0.01012	0.03459	0.06923	0.04881	0.47040	0.02794	0.19784	0.02572	0.00284	0.00409	0.01144	0.01597	0.00462
11	0.14392	0.08032	0.04067	0.04456	0.17874	0.20748	0.08932	0.01735	0.01224	0.05688	0.01048	0.03180	0.01722	0.00537	0.00476	0.00151	0.00674	0.00438	0.00301	0.04325
12	0.73975	0.00985	0.00810	0.00730	0.01048	0.01119	0.00605	0.01583	0.00960	0.06977	0.00968	0.01286	0.00797	0.00571	0.00369	0.00169	0.00417	0.05685	0.00359	0.00586
13	0.00713	0.00528	0.00599	0.00590	0.00717	0.00476	0.00426	0.00875	0.01233	0.01648	0.29297	0.07363	0.34524	0.11610	0.00876	0.00215	0.00293	0.00987	0.06578	0.00451
14	0.00825	0.00654	0.00797	0.00724	0.00945	0.00548	0.00546	0.01012	0.01178	0.01658	0.18249	0.24402	0.12479	0.01063	0.00566	0.00156	0.00328	0.04908	0.00450	0.28514
15	0.00774	0.00556	0.00724	0.00760	0.00841	0.00549	0.00550	0.00909	0.01132	0.04690	0.16062	0.47008	0.12940	0.01416	0.00732	0.00201	0.06111	0.03074	0.00495	0.00475
16	0.26480	0.05269	0.01179	0.00877	0.01246	0.01081	0.00730	0.13670	0.01433	0.34745	0.01464	0.01402	0.00998	0.00590	0.00449	0.00157	0.00450	0.00435	0.06583	0.00762
17	0.00849	0.00717	0.00874	0.00857	0.00958	0.06359	0.00654	0.01014	0.00920	0.01245	0.03297	0.02284	0.05140	0.10389	0.59004	0.00703	0.03361	0.00601	0.00301	0.00471
18	0.07725	0.20149	0.09083	0.08131	0.25153	0.01443	0.02910	0.06687	0.07165	0.03711	0.01057	0.01233	0.00839	0.00513	0.00465	0.00152	0.00592	0.00421	0.01820	0.00751
19	0.01693	0.06073	0.03597	0.01486	0.09895	0.49853	0.01070	0.03306	0.04538	0.01441	0.00946	0.01131	0.00790	0.00712	0.03966	0.00176	0.05469	0.00388	0.02822	0.00648
20	0.00714	0.00566	0.00654	0.00642	0.00798	0.00502	0.00474	0.00925	0.03742	0.01661	0.26054	0.18141	0.35972	0.01246	0.00617	0.00176	0.00281	0.01076	0.00509	0.05249
21	0.01342	0.01198	0.01937	0.13181	0.48415	0.01258	0.04565	0.06287	0.06023	0.04972	0.01125	0.01391	0.00892	0.00529	0.00570	0.00164	0.03381	0.00488	0.01493	0.00791
22	0.00750	0.00571	0.00704	0.03999	0.00912	0.00542	0.00527	0.04128	0.01270	0.01685	0.26838	0.27774	0.22773	0.04207	0.00707	0.00197	0.00315	0.01118	0.00504	0.00478
23	0.00985	0.02774	0.04146	0.06981	0.01189	0.00696	0.00697	0.04433	0.03998	0.09474	0.16075	0.35851	0.08247	0.01184	0.00609	0.00187	0.00382	0.01043	0.00489	0.00559
24	0.26324	0.04813	0.04708	0.01174	0.01559	0.10166	0.12136	0.14040	0.09941	0.04940	0.01301	0.01375	0.04177	0.00581	0.00474	0.00162	0.00590	0.00458	0.00379	0.00701
25	0.01394	0.06532	0.20111	0.06150	0.10204	0.07387	0.08965	0.11510	0.03652	0.05934	0.01093	0.01263	0.00828	0.00608	0.02637	0.00170	0.00691	0.00439	0.00321	0.10112

[dist]
# distance from previous block
# <min> <max>
0	4

[block]
# block no. 4 follows, 46 sequences, length 15
# corresponding to MSA columns:
# 238-246,254-259
name=unknown_E
#
# <colnr> <probs for GDERKNQSTAVLIFYWHMCP>
#	G	D	E	R	K	N	Q	S	T	A	V	L	I	F	Y	W	H	M	C	P
0	0.00889	0.00672	0.00914	0.14272	0.01334	0.00741	0.00718	0.01123	0.03812	0.03863	0.11598	0.14357	0.09880	0.09237	0.09272	0.00286	0.06536	0.02279	0.07710	0.00507
1	0.01442	0.22284	0.05216	0.00996	0.01321	0.13636	0.00858	0.10603	0.01321	0.08499	0.04680	0.04174	0.01225	0.06326	0.11470	0.00261	0.00712	0.00486	0.00351	0.04140
2	0.04394	0.59497	0.08168	0.03573	0.01473	0.07310	0.00973	0.01565	0.01097	0.01331	0.00900	0.05929	0.00852	0.00542	0.00388	0.00129	0.00592	0.00378	0.00250	0.00659
3	0.04478	0.12098	0.01856	0.01293	0.01658	0.07716	0.18285	0.16869	0.06628	0.06742	0.01437	0.07412	0.02928	0.00931	0.07086	0.00219	0.00698	0.00577	0.00384	0.00706
4	0.20376	0.01130	0.01108	0.00893	0.01245	0.05962	0.00716	0.20770	0.01452	0.05053	0.04287	0.01359	0.01030	0.02302	0.03299	0.00168	0.00506	0.00415	0.05530	0.22400
5	0.03719	0.06217	0.04712	0.07373	0.10326	0.01003	0.02324	0.03483	0.02817	0.08354	0.04023	0.04240	0.01398	0.10195	0.18430	0.00362	0.06029	0.04045	0.00344	0.00608
6	0.00743	0.00673	0.04196	0.00698	0.00864	0.00577	0.00562	0.00965	0.03913	0.01570	0.12421	0.16479	0.39947	0.01238	0.00660	0.00184	0.03828	0.03878	0.06118	0.00489
7	0.06471	0.04916	0.01543	0.08416	0.01536	0.01471	0.01075	0.03813	0.00976	0.04264	0.05813	0.01355	0.00995	0.00830	0.01315	0.00207	0.53638	0.00479	0.00285	0.00601
8	0.00743	0.00508	0.00636	0.00675	0.00752	0.00482	0.00478	0.00897	0.01151	0.01614	0.24342	0.30694	0.06588	0.12580	0.00913	0.00233	0.00324	0.06381	0.09563	0.00446
9	0.01396	0.26808	0.06832	0.06807	0.07525	0.12142	0.06275	0.07445	0.06297	0.01620	0.02747	0.01242	0.00912	0.00683	0.04055	0.00174	0.01680	0.00416	0.00297	0.04647
10	0.00726	0.00569	0.00661	0.00636	0.00786	0.00526	0.00475	0.00977	0.05154	0.01743	0.36565	0.04217	0.35151	0.04834	0.04447	0.00220	0.00333	0.00978	0.00516	0.00485
11	0.01297	0.04072	0.28861	0.01392	0.01889	0.09239	0.13208	0.10801	0.07342	0.03233	0.03670	0.06528	0.04776	0.00661	0.00541	0.00168	0.00682	0.00569	0.00345	0.00725
12	0.12613	0.00888	0.01078	0.00867	0.01214	0.00837	0.00703	0.05231	0.04508	0.49726	0.06139	0.02097	0.07579	0.03396	0.00590	0.00177	0.00426	0.00578	0.00575	0.00778
13	0.01460	0.43725	0.13236	0.01154	0.04080	0.12165	0.01084	0.08925	0.03083	0.01593	0.04371	0.01124	0.00922	0.00525	0.00423	0.00134	0.00634	0.00369	0.00286	0.00707
14	0.00883	0.00550	0.00657	0.00636	0.00703	0.00540	0.00412	0.00948	0.00916	0.07367	0.04643	0.05617	0.08893	0.52787	0.10128	0.00460	0.00559	0.00783	0.02110	0.00407

[dist]
# distance from previous block
# <min> <max>
4	6

[block]
# block no. 5 follows, 46 sequences, length 34
# corresponding to MSA columns:
# 269-281,284-304
name=unknown_F
#
# <colnr> <probs for GDERKNQSTAVLIFYWHMCP>
#	G	D	E	R	K	N	Q	S	T	A	V	L	I	F	Y	W	H	M	C	P
0	0.01092	0.00992	0.05496	0.02074	0.10716	0.05530	0.00798	0.04008	0.01346	0.06935	0.23077	0.02833	0.18748	0.00843	0.00550	0.00153	0.00425	0.00714	0.01525	0.12143
1	0.82418	0.01072	0.00801	0.00717	0.01043	0.03757	0.00587	0.01572	0.00919	0.02336	0.00739	0.00862	0.00576	0.00493	0.00332	0.00163	0.00427	0.00288	0.00325	0.00574
2	0.01588	0.03180	0.01812	0.07425	0.07421	0.05256	0.17988	0.14972	0.11712	0.15166	0.01430	0.01528	0.01039	0.00623	0.01636	0.00173	0.00631	0.00525	0.05124	0.00772
3	0.01040	0.00983	0.03734	0.05150	0.18653	0.02545	0.00925	0.02988	0.17648	0.01742	0.07577	0.03005	0.23522	0.03707	0.00647	0.00186	0.00458	0.04415	0.00424	0.00650
4	0.00736	0.00490	0.00647	0.00735	0.00795	0.00452	0.00502	0.00845	0.01075	0.05248	0.07727	0.69475	0.06167	0.01558	0.00663	0.00208	0.00309	0.01406	0.00505	0.00458
5	0.01136	0.01107	0.05386	0.11822	0.15615	0.03979	0.05350	0.06554	0.11937	0.01845	0.14257	0.06272	0.04301	0.02427	0.00615	0.00182	0.00539	0.05606	0.00401	0.00668
6	0.79116	0.00997	0.00780	0.00695	0.01017	0.01145	0.00571	0.01575	0.00928	0.04846	0.00819	0.00934	0.00628	0.00501	0.00336	0.00162	0.00404	0.00302	0.03662	0.00580
7	0.00844	0.00669	0.00786	0.00764	0.01904	0.00665	0.00566	0.01313	0.16972	0.01916	0.38996	0.07065	0.19983	0.02652	0.00650	0.00182	0.00306	0.02674	0.00538	0.00555
8	0.00710	0.00539	0.00654	0.00625	0.00766	0.00483	0.00469	0.00924	0.01407	0.01907	0.55490	0.04300	0.27476	0.01160	0.00624	0.00170	0.00255	0.01005	0.00554	0.00483
9	0.01707	0.01991	0.01465	0.04154	0.09592	0.51006	0.01032	0.03910	0.11383	0.01539	0.01214	0.01325	0.03554	0.00592	0.00494	0.00147	0.00785	0.00428	0.03019	0.00662
10	0.01189	0.01292	0.08823	0.13853	0.46032	0.01242	0.03141	0.01510	0.01112	0.01588	0.00980	0.01342	0.00819	0.00754	0.05746	0.00214	0.08895	0.00472	0.00253	0.00743
11	0.00872	0.00761	0.01117	0.03912	0.21180	0.00722	0.02704	0.01088	0.01224	0.01626	0.15408	0.12958	0.27761	0.01047	0.00601	0.00176	0.00405	0.03897	0.00429	0.02112
12	0.18931	0.05284	0.01357	0.01017	0.01396	0.04440	0.00840	0.38850	0.01833	0.13356	0.02881	0.01469	0.04817	0.00639	0.00483	0.00158	0.00520	0.00471	0.00479	0.00780
13	0.06102	0.02771	0.01402	0.10925	0.12623	0.03572	0.03600	0.04737	0.03802	0.11380	0.08008	0.05619	0.01504	0.00706	0.00585	0.00163	0.04503	0.05543	0.00391	0.12064
14	0.04515	0.29197	0.03493	0.03089	0.01508	0.11130	0.03631	0.13123	0.05974	0.01728	0.01265	0.01534	0.04743	0.00654	0.00587	0.00155	0.08515	0.04150	0.00330	0.00680
15	0.01185	0.01102	0.01493	0.01281	0.01333	0.01477	0.01055	0.08736	0.00980	0.01463	0.00866	0.01361	0.00831	0.04737	0.09406	0.00298	0.61049	0.00488	0.00270	0.00588
16	0.00709	0.00528	0.00631	0.00632	0.00760	0.00471	0.00460	0.00879	0.01278	0.02832	0.34026	0.18450	0.31313	0.03772	0.00696	0.00190	0.00278	0.01103	0.00525	0.00467
17	0.60746	0.01078	0.00937	0.00809	0.01141	0.01230	0.00660	0.12035	0.08788	0.03902	0.03679	0.01153	0.00890	0.00557	0.00390	0.00165	0.00429	0.00372	0.00391	0.00648
18	0.01041	0.00543	0.00616	0.00586	0.00735	0.00517	0.00443	0.01271	0.01226	0.09511	0.17287	0.06490	0.05616	0.00798	0.00463	0.00143	0.00271	0.00669	0.51243	0.00529
19	0.00727	0.00526	0.00673	0.00743	0.00812	0.00501	0.00515	0.04575	0.01163	0.01564	0.13835	0.63332	0.06021	0.01511	0.00658	0.00204	0.00311	0.01359	0.00506	0.00464
20	0.00711	0.00534	0.00659	0.00638	0.00770	0.00481	0.00475	0.00922	0.01393	0.01900	0.55202	0.09432	0.22575	0.01182	0.00627	0.00173	0.00258	0.01032	0.00554	0.00481
21	0.01095	0.02541	0.01473	0.01264	0.01299	0.03264	0.01043	0.01228	0.00839	0.01263	0.00852	0.01342	0.00827	0.01556	0.18222	0.00359	0.60254	0.00479	0.00243	0.00558
22	0.33802	0.03755	0.02453	0.14434	0.17351	0.08972	0.05783	0.03098	0.02684	0.01896	0.00893	0.01120	0.00706	0.00502	0.00444	0.00161	0.00599	0.00392	0.00293	0.00659
23	0.03147	0.00611	0.00738	0.03206	0.00916	0.00602	0.00533	0.01293	0.04604	0.10966	0.17320	0.09169	0.08760	0.04563	0.04240	0.03547	0.00378	0.00740	0.24130	0.00535
24	0.00756	0.00517	0.00587	0.00586	0.00607	0.00512	0.00344	0.00781	0.00829	0.01099	0.04309	0.03558	0.08147	0.69742	0.05145	0.00487	0.00516	0.00796	0.00341	0.00341
25	0.01829	0.02252	0.01466	0.01315	0.01580	0.64657	0.00999	0.02060	0.06511	0.01375	0.00904	0.01043	0.00750	0.00575	0.00565	0.00143	0.06472	0.00365	0.00289	0.04849
26	0.01429	0.00706	0.00924	0.00788	0.01036	0.00636	0.00619	0.01688	0.04053	0.33713	0.36180	0.06115	0.08015	0.00931	0.00585	0.00168	0.00342	0.00800	0.00601	0.00670
27	0.01732	0.01325	0.01387	0.01110	0.01461	0.04183	0.00896	0.53113	0.10865	0.02896	0.09401	0.01707	0.01446	0.03281	0.00604	0.00172	0.00531	0.00545	0.02535	0.00811
28	0.00668	0.00522	0.00578	0.00590	0.00725	0.00458	0.00427	0.00812	0.01201	0.01533	0.17243	0.16430	0.47528	0.05345	0.00728	0.00197	0.00282	0.01110	0.03175	0.00448
29	0.01141	0.00972	0.01239	0.11948	0.03786	0.00928	0.00846	0.08796	0.01213	0.01772	0.02408	0.07071	0.01096	0.00609	0.00570	0.00130	0.06990	0.02249	0.00337	0.45899
30	0.01015	0.00968	0.04012	0.13641	0.33957	0.00942	0.02692	0.01264	0.01109	0.01533	0.04291	0.23354	0.01758	0.06245	0.00716	0.00201	0.00541	0.00790	0.00334	0.00638
31	0.06607	0.03702	0.05007	0.08154	0.05080	0.00995	0.05069	0.05339	0.03774	0.04317	0.01021	0.01193	0.00807	0.00466	0.00464	0.00120	0.02007	0.00381	0.00324	0.45173
32	0.04704	0.14988	0.11786	0.06942	0.14561	0.09559	0.06029	0.04100	0.05233	0.06000	0.01058	0.01296	0.00853	0.03241	0.01520	0.00176	0.05425	0.00437	0.00300	0.01794
33	0.05312	0.10949	0.12561	0.01592	0.12142	0.09690	0.13081	0.07808	0.01301	0.08547	0.01164	0.05703	0.00959	0.00600	0.00569	0.00162	0.04721	0.00503	0.01913	0.00723

[dist]
# distance from previous block
# <min> <max>
6	20

[block]
# block no. 6 follows, 46 sequences, length 13
# corresponding to MSA columns:
# 330-333,335-343
name=unknown_G
#
# <colnr> <probs for GDERKNQSTAVLIFYWHMCP>
#	G	D	E	R	K	N	Q	S	T	A	V	L	I	F	Y	W	H	M	C	P
0	0.57303	0.06731	0.03093	0.00845	0.01179	0.06368	0.02887	0.05285	0.01090	0.02191	0.06068	0.03057	0.00983	0.00566	0.00390	0.00160	0.00475	0.00387	0.00343	0.00600
1	0.02847	0.33374	0.04213	0.04202	0.05342	0.05654	0.24682	0.07008	0.01275	0.05268	0.00970	0.01156	0.00769	0.00483	0.00477	0.00147	0.00693	0.00436	0.00287	0.00717
2	0.02727	0.05274	0.29669	0.04126	0.06580	0.05846	0.08068	0.07848	0.05473	0.01775	0.03659	0.01318	0.00931	0.00607	0.00631	0.03614	0.04694	0.00449	0.00297	0.06415
3	0.00743	0.00527	0.00652	0.00659	0.00775	0.00476	0.00476	0.00910	0.01266	0.04143	0.34504	0.25564	0.21722	0.04263	0.00712	0.00195	0.00286	0.01126	0.00528	0.00473
4	0.01209	0.02871	0.14393	0.10363	0.15342	0.03987	0.05828	0.05718	0.09673	0.05208	0.09845	0.10184	0.01636	0.00722	0.00551	0.00171	0.00580	0.00639	0.00375	0.00706
5	0.00784	0.00662	0.05879	0.00647	0.00717	0.00553	0.00452	0.00854	0.00862	0.01178	0.04926	0.07211	0.04810	0.62854	0.02199	0.00434	0.00491	0.00790	0.03321	0.00375
6	0.01169	0.02472	0.21411	0.09584	0.07466	0.01115	0.07912	0.08337	0.11308	0.03711	0.04038	0.10759	0.03996	0.00725	0.00546	0.00173	0.00587	0.00637	0.03347	0.00707
7	0.00702	0.00531	0.00647	0.00634	0.00765	0.00477	0.00469	0.00902	0.01363	0.01841	0.49159	0.11810	0.26344	0.01213	0.00629	0.00175	0.00260	0.01056	0.00546	0.00477
8	0.01396	0.03726	0.04827	0.01513	0.17566	0.10957	0.01017	0.16186	0.14605	0.02011	0.07392	0.05790	0.01505	0.06989	0.00697	0.00189	0.00567	0.00582	0.01763	0.00721
9	0.03676	0.06777	0.10476	0.09228	0.12952	0.05754	0.06889	0.06233	0.04594	0.02742	0.05356	0.07317	0.01314	0.02891	0.03892	0.00208	0.06694	0.02010	0.00328	0.00668
10	0.03340	0.06094	0.00845	0.00724	0.00864	0.00682	0.00543	0.01126	0.06189	0.03866	0.19413	0.21147	0.10053	0.10196	0.04854	0.00250	0.00406	0.03792	0.05113	0.00504
11	0.04812	0.45149	0.14336	0.01062	0.01498	0.14538	0.01054	0.01623	0.01123	0.01365	0.00847	0.01025	0.00734	0.00809	0.07853	0.00197	0.00738	0.00336	0.00243	0.00660
12	0.01196	0.00813	0.00962	0.06225	0.01210	0.03537	0.00692	0.08595	0.04641	0.12537	0.05197	0.17249	0.04866	0.16453	0.00992	0.00245	0.00468	0.08885	0.00456	0.04780

[dist]
# distance from previous block
# <min> <max>
0	4

[block]
# block no. 7 follows, 46 sequences, length 14
# corresponding to MSA columns:
# 348-361
name=unknown_H
#
# <colnr> <probs for GDERKNQSTAVLIFYWHMCP>
#	G	D	E	R	K	N	Q	S	T	A	V	L	I	F	Y	W	H	M	C	P
0	0.20960	0.03746	0.01276	0.04022	0.06077	0.06624	0.00848	0.15451	0.01459	0.23020	0.05654	0.01490	0.01159	0.00797	0.05001	0.00199	0.00568	0.00464	0.00451	0.00734
1	0.31212	0.07464	0.03269	0.05885	0.17713	0.03064	0.00943	0.02665	0.06866	0.04098	0.04726	0.03261	0.02759	0.00582	0.00445	0.00158	0.00498	0.00452	0.00343	0.03596
2	0.05601	0.00591	0.00711	0.00724	0.00846	0.00574	0.00527	0.01041	0.06016	0.01737	0.28322	0.31593	0.07610	0.04993	0.00713	0.00202	0.00318	0.04202	0.00502	0.03177
3	0.01016	0.00817	0.00939	0.00789	0.01067	0.00738	0.00592	0.05878	0.10144	0.01732	0.06165	0.14802	0.05779	0.11604	0.00797	0.00186	0.00394	0.00689	0.00407	0.35464
4	0.00962	0.00796	0.05820	0.08323	0.01239	0.00754	0.00744	0.07613	0.01105	0.03880	0.03549	0.15033	0.01720	0.13313	0.24102	0.00421	0.00752	0.00722	0.08624	0.00527
5	0.00657	0.00529	0.00585	0.00613	0.00755	0.00461	0.00457	0.00796	0.01180	0.01455	0.08455	0.17494	0.53922	0.03229	0.00689	0.00197	0.00297	0.07291	0.00491	0.00447
6	0.03811	0.03482	0.21921	0.30177	0.07360	0.01175	0.08639	0.03169	0.03431	0.01623	0.01083	0.03182	0.00848	0.00571	0.00542	0.01754	0.00672	0.00482	0.05410	0.00666
7	0.61297	0.01076	0.01095	0.00988	0.05421	0.01184	0.05309	0.06425	0.01104	0.10499	0.00949	0.01045	0.00701	0.00514	0.00391	0.00164	0.00466	0.00355	0.00368	0.00651
8	0.02327	0.04568	0.17324	0.11118	0.21646	0.01177	0.04877	0.08211	0.05520	0.02851	0.03024	0.06538	0.07204	0.00667	0.00535	0.00168	0.00601	0.00584	0.00334	0.00724
9	0.00664	0.00491	0.00622	0.00695	0.00770	0.00449	0.00486	0.00795	0.01135	0.01503	0.16326	0.52445	0.16789	0.01496	0.00659	0.00201	0.00295	0.03229	0.00506	0.00446
10	0.02377	0.09701	0.03318	0.04718	0.01339	0.06734	0.01850	0.06839	0.15057	0.01784	0.10524	0.10080	0.08313	0.00917	0.02399	0.00181	0.04008	0.02442	0.01453	0.05965
11	0.01159	0.05714	0.06955	0.15558	0.09288	0.01099	0.07780	0.08356	0.07940	0.03311	0.13081	0.05782	0.03592	0.03275	0.00611	0.00175	0.00549	0.00623	0.00379	0.04772
12	0.01374	0.13056	0.16377	0.02741	0.09328	0.06232	0.02367	0.12217	0.09530	0.05451	0.03073	0.03332	0.05629	0.00675	0.01652	0.00164	0.00599	0.00504	0.00364	0.05335
13	0.07096	0.09274	0.01351	0.07273	0.06069	0.07297	0.00864	0.17117	0.03715	0.01980	0.06259	0.01789	0.05340	0.00874	0.04659	0.02558	0.03148	0.01821	0.09587	0.01927

[dist]
# distance from previous block
# <min> <max>
0	1

[block]
# block no. 8 follows, 46 sequences, length 7
# corresponding to MSA columns:
# 363-369
name=unknown_I
#
# <colnr> <probs for GDERKNQSTAVLIFYWHMCP>
#	G	D	E	R	K	N	Q	S	T	A	V	L	I	F	Y	W	H	M	C	P
0	0.03656	0.20031	0.09296	0.05543	0.07464	0.02923	0.15269	0.05429	0.04760	0.04484	0.01357	0.04061	0.05721	0.00611	0.00564	0.00159	0.04832	0.00518	0.00314	0.03009
1	0.05679	0.06188	0.12452	0.05364	0.06806	0.04494	0.02837	0.09584	0.04055	0.08151	0.05860	0.06741	0.03585	0.03994	0.02111	0.03457	0.00564	0.00561	0.00373	0.07143
2	0.08781	0.05991	0.08584	0.01210	0.10220	0.03008	0.00929	0.07801	0.03866	0.05555	0.07498	0.14568	0.04142	0.01014	0.03602	0.00202	0.00526	0.09392	0.00409	0.02703
3	0.03982	0.06130	0.10379	0.04530	0.07131	0.00992	0.03912	0.03292	0.07023	0.04338	0.07713	0.07200	0.05176	0.04194	0.04476	0.00211	0.04398	0.01768	0.09640	0.03516
4	0.07529	0.06190	0.08642	0.06841	0.07741	0.06417	0.02595	0.11808	0.03719	0.11772	0.03407	0.03792	0.03285	0.03407	0.00606	0.00169	0.02943	0.00506	0.02458	0.06173
5	0.05459	0.01258	0.13749	0.01332	0.12158	0.04644	0.02637	0.04537	0.05561	0.15483	0.03968	0.13036	0.09804	0.00839	0.00554	0.00174	0.00520	0.03163	0.00428	0.00696
6	0.04881	0.08382	0.17841	0.01118	0.03700	0.02587	0.02587	0.09813	0.06956	0.07458	0.07005	0.06791	0.01520	0.07871	0.03157	0.00215	0.00576	0.02981	0.00385	0.04175

[dist]
# distance from previous block
# <min> <max>
8	979

# created by:
# /home/cegg/simao/soft/augustus-3.2.1/scripts/msa2prfl.pl ./align_prep/EOG091G0JWK.fa
