[name]
unknown

[dist]
# distance from previous block
# <min> <max>
9	45

[block]
# block no. 0 follows, 45 sequences, length 18
# corresponding to MSA columns:
# 92-98,101-111
name=unknown_A
#
# <colnr> <probs for GDERKNQSTAVLIFYWHMCP>
#	G	D	E	R	K	N	Q	S	T	A	V	L	I	F	Y	W	H	M	C	P
0	0.11869	0.03226	0.10564	0.11065	0.23055	0.11681	0.01242	0.03037	0.01202	0.04464	0.01112	0.06923	0.00963	0.00600	0.00516	0.00161	0.01820	0.00491	0.00306	0.05703
1	0.01170	0.04570	0.03022	0.16876	0.28166	0.01140	0.01219	0.01567	0.07670	0.01642	0.01111	0.01410	0.00915	0.00838	0.07893	0.00215	0.02345	0.00456	0.00294	0.17482
2	0.11751	0.00862	0.03671	0.12699	0.01443	0.00790	0.00745	0.01269	0.02245	0.03143	0.21986	0.05183	0.05839	0.04626	0.00617	0.00167	0.00421	0.00632	0.00403	0.21509
3	0.01005	0.00807	0.01034	0.01004	0.08812	0.00702	0.00679	0.01270	0.03709	0.03525	0.21559	0.04685	0.06321	0.06162	0.03404	0.00183	0.00421	0.00640	0.00415	0.33664
4	0.00837	0.00659	0.00895	0.01059	0.11202	0.00676	0.00633	0.00943	0.00984	0.01337	0.06424	0.22046	0.08235	0.31807	0.04390	0.00345	0.05749	0.00932	0.00381	0.00467
5	0.06684	0.01259	0.02054	0.18491	0.24545	0.03978	0.19526	0.04182	0.06251	0.06105	0.01143	0.01409	0.00872	0.00521	0.00545	0.00170	0.00691	0.00511	0.00316	0.00747
6	0.07088	0.03122	0.22529	0.01012	0.01454	0.00888	0.02623	0.01392	0.01129	0.04383	0.05771	0.06972	0.04219	0.06008	0.00648	0.00174	0.00521	0.04931	0.00347	0.24788
7	0.01140	0.01137	0.01062	0.01132	0.08248	0.18104	0.00776	0.03191	0.07321	0.01632	0.09821	0.16208	0.18451	0.01037	0.00590	0.00175	0.00504	0.05693	0.00435	0.03342
8	0.01031	0.00846	0.01343	0.13175	0.27630	0.00861	0.01063	0.01262	0.01166	0.05032	0.07323	0.30450	0.02205	0.01008	0.00602	0.00187	0.00491	0.03301	0.00395	0.00630
9	0.01193	0.01126	0.06241	0.01097	0.05783	0.00847	0.05765	0.01516	0.03643	0.04862	0.01054	0.01207	0.00842	0.00435	0.00439	0.00103	0.00473	0.00371	0.00328	0.62677
10	0.00861	0.00572	0.00757	0.00810	0.00927	0.00520	0.00598	0.01004	0.01109	0.06975	0.02690	0.54299	0.03051	0.01453	0.00658	0.00207	0.00363	0.14328	0.00493	0.08327
11	0.01233	0.00972	0.03345	0.09988	0.23531	0.00921	0.04437	0.03336	0.01363	0.12576	0.22179	0.02517	0.09774	0.00770	0.00575	0.00168	0.00495	0.00690	0.00436	0.00694
12	0.00654	0.00467	0.00623	0.00747	0.00779	0.00436	0.00498	0.00747	0.01028	0.01370	0.02959	0.80785	0.03550	0.01682	0.00685	0.00218	0.00311	0.01526	0.00498	0.00436
13	0.03932	0.05680	0.01841	0.26125	0.31753	0.02903	0.02936	0.01741	0.01222	0.15027	0.01162	0.01402	0.00871	0.00529	0.00519	0.00164	0.00632	0.00473	0.00328	0.00759
14	0.02938	0.30783	0.03997	0.01150	0.03381	0.25488	0.00963	0.07746	0.04788	0.01601	0.00921	0.01033	0.00767	0.00509	0.00428	0.00127	0.00671	0.00347	0.00298	0.12062
15	0.01223	0.01164	0.06680	0.35172	0.12863	0.01209	0.02726	0.07135	0.11247	0.04816	0.01242	0.01561	0.00961	0.02484	0.05607	0.00226	0.02146	0.00508	0.00327	0.00703
16	0.00920	0.00586	0.00760	0.00695	0.00855	0.00532	0.00529	0.01161	0.01502	0.09844	0.65238	0.03861	0.09306	0.01070	0.00624	0.00169	0.00275	0.00937	0.00592	0.00545
17	0.08948	0.01263	0.01434	0.01217	0.06524	0.01328	0.00931	0.42353	0.03218	0.16671	0.01382	0.01377	0.00975	0.00608	0.00505	0.00156	0.00527	0.00468	0.03237	0.06877

[dist]
# distance from previous block
# <min> <max>
0	1

[block]
# block no. 1 follows, 45 sequences, length 54
# corresponding to MSA columns:
# 113-117,136-167,171-187
name=unknown_B
#
# <colnr> <probs for GDERKNQSTAVLIFYWHMCP>
#	G	D	E	R	K	N	Q	S	T	A	V	L	I	F	Y	W	H	M	C	P
0	0.38630	0.01484	0.06201	0.01071	0.04314	0.17649	0.00857	0.07414	0.04167	0.03227	0.01050	0.05809	0.00887	0.00598	0.00435	0.00159	0.00573	0.00423	0.00349	0.04702
1	0.05188	0.01161	0.01863	0.19481	0.49117	0.01230	0.01459	0.04467	0.03523	0.01761	0.01126	0.05192	0.00966	0.00564	0.00531	0.00168	0.00620	0.00524	0.00293	0.00765
2	0.23383	0.04219	0.01492	0.19843	0.20645	0.01232	0.01116	0.05742	0.05953	0.05601	0.05054	0.01418	0.01038	0.00562	0.00480	0.00166	0.00550	0.00458	0.00344	0.00702
3	0.03972	0.23875	0.05387	0.10147	0.08338	0.01370	0.05711	0.07480	0.06831	0.01688	0.01534	0.11642	0.03761	0.00755	0.00515	0.00166	0.00564	0.05242	0.00347	0.00674
4	0.02361	0.01425	0.12262	0.18991	0.28617	0.04775	0.03521	0.09009	0.03190	0.01830	0.04815	0.04535	0.01121	0.00598	0.00540	0.00168	0.00654	0.00531	0.00315	0.00744
5	0.05087	0.03665	0.01291	0.02672	0.12390	0.01083	0.00880	0.11796	0.19157	0.08713	0.08200	0.14020	0.04857	0.00845	0.00554	0.00173	0.00452	0.00722	0.00477	0.02964
6	0.32012	0.05510	0.03340	0.01023	0.01376	0.09823	0.03721	0.13917	0.09285	0.08181	0.01259	0.06150	0.01019	0.00635	0.00460	0.00165	0.00540	0.00474	0.00408	0.00702
7	0.03384	0.16756	0.41029	0.01418	0.04915	0.03799	0.04391	0.05218	0.08829	0.03800	0.01089	0.01205	0.00816	0.00530	0.00486	0.00160	0.00692	0.00414	0.00293	0.00778
8	0.04149	0.03416	0.01208	0.03521	0.01322	0.00810	0.03682	0.03712	0.01460	0.36404	0.24559	0.02322	0.02315	0.00747	0.00547	0.00159	0.00422	0.00635	0.00555	0.08056
9	0.07497	0.01046	0.01211	0.01038	0.03761	0.01064	0.00801	0.11211	0.23275	0.23822	0.06585	0.01791	0.01478	0.00659	0.00512	0.00159	0.00442	0.00534	0.02592	0.10521
10	0.01001	0.00500	0.00500	0.00500	0.00625	0.00500	0.00375	0.01251	0.01126	0.02001	0.01751	0.02001	0.01376	0.00625	0.00375	0.00125	0.00250	0.00500	0.84115	0.00500
11	0.00670	0.00511	0.00618	0.00671	0.00773	0.00458	0.00478	0.00809	0.01183	0.01535	0.16266	0.39949	0.29331	0.01468	0.00660	0.00198	0.00293	0.03161	0.00514	0.00455
12	0.01317	0.01322	0.07584	0.01602	0.04895	0.01263	0.26377	0.02029	0.23963	0.07318	0.01462	0.01617	0.01111	0.00798	0.05109	0.00218	0.07561	0.00568	0.00378	0.03506
13	0.01110	0.07386	0.69016	0.01541	0.02298	0.01306	0.06665	0.01696	0.01139	0.01675	0.00958	0.01137	0.00689	0.00503	0.00508	0.00167	0.00787	0.00405	0.00230	0.00783
14	0.00833	0.00603	0.00823	0.00935	0.01059	0.00593	0.00804	0.01061	0.01224	0.01580	0.03089	0.09876	0.10012	0.01482	0.00729	0.00240	0.00464	0.63614	0.00495	0.00487
15	0.04765	0.01229	0.01382	0.01101	0.01486	0.01305	0.00907	0.42664	0.07968	0.21260	0.01770	0.01893	0.03509	0.00728	0.00548	0.00170	0.00523	0.05379	0.00558	0.00855
16	0.00923	0.00669	0.00805	0.00782	0.00935	0.00659	0.00584	0.07642	0.07623	0.04232	0.27207	0.28157	0.13064	0.01245	0.00635	0.00189	0.00331	0.03227	0.00541	0.00553
17	0.00754	0.00545	0.00730	0.00837	0.00914	0.00530	0.00637	0.00952	0.03348	0.01525	0.07404	0.47846	0.03426	0.01549	0.00698	0.00224	0.00375	0.26731	0.00504	0.00473
18	0.00799	0.00555	0.00712	0.00784	0.00842	0.00550	0.00585	0.00920	0.01014	0.01335	0.02376	0.15858	0.02678	0.34965	0.01569	0.00358	0.00479	0.32781	0.00424	0.00415
19	0.04757	0.04916	0.01360	0.04061	0.01489	0.01056	0.00851	0.11183	0.11236	0.50484	0.01873	0.01693	0.01241	0.00650	0.00524	0.00166	0.00483	0.00519	0.00586	0.00871
20	0.01074	0.00522	0.00539	0.00524	0.00664	0.00515	0.00397	0.01322	0.01147	0.05979	0.01770	0.01992	0.01373	0.00627	0.00384	0.00127	0.00261	0.00502	0.79756	0.00522
21	0.00818	0.00485	0.00672	0.00721	0.00740	0.00474	0.00487	0.00755	0.00855	0.01137	0.01823	0.27737	0.02065	0.11981	0.01625	0.40300	0.00425	0.06219	0.00350	0.00329
22	0.01348	0.01308	0.05130	0.05186	0.61275	0.01249	0.05523	0.04097	0.01279	0.04336	0.03381	0.01427	0.00984	0.00510	0.00540	0.00162	0.00641	0.00500	0.00296	0.00828
23	0.01320	0.10437	0.15629	0.02126	0.27771	0.02621	0.16191	0.04568	0.02502	0.03817	0.04736	0.01408	0.01021	0.00537	0.00568	0.00164	0.03014	0.00499	0.00297	0.00773
24	0.01785	0.02180	0.04587	0.01569	0.09820	0.53511	0.01135	0.06166	0.01443	0.01485	0.00889	0.01116	0.00753	0.02596	0.00677	0.00162	0.08789	0.00393	0.00285	0.00659
25	0.05450	0.29435	0.31666	0.01297	0.04013	0.15253	0.01354	0.01755	0.01186	0.02870	0.00877	0.01017	0.00697	0.00502	0.00441	0.00145	0.00721	0.00350	0.00250	0.00721
26	0.00798	0.00559	0.00669	0.00658	0.00669	0.00593	0.00407	0.00826	0.00792	0.01077	0.01614	0.03234	0.01819	0.68140	0.11702	0.00547	0.04481	0.00741	0.00316	0.00356
27	0.01527	0.08619	0.14312	0.05365	0.06316	0.21497	0.03450	0.16775	0.03576	0.01942	0.08423	0.01533	0.03107	0.00625	0.00517	0.00156	0.00695	0.00487	0.00357	0.00721
28	0.01456	0.39147	0.16732	0.01282	0.01781	0.12858	0.10106	0.05456	0.03762	0.01545	0.00914	0.01057	0.00745	0.00500	0.00446	0.00141	0.00707	0.00378	0.00267	0.00720
29	0.06404	0.03587	0.05684	0.03888	0.14507	0.08044	0.02993	0.15021	0.10400	0.16232	0.05363	0.01643	0.01254	0.00632	0.00526	0.00165	0.00581	0.01841	0.00442	0.00795
30	0.03985	0.05045	0.03092	0.04087	0.03158	0.03416	0.00791	0.05034	0.04211	0.12329	0.07464	0.22468	0.03313	0.01119	0.03262	0.00204	0.02129	0.08197	0.00457	0.06239
31	0.01001	0.00500	0.00500	0.00500	0.00625	0.00500	0.00375	0.01251	0.01126	0.02001	0.01751	0.02001	0.01376	0.00625	0.00375	0.00125	0.00250	0.00500	0.84115	0.00500
32	0.04221	0.01207	0.01416	0.04331	0.06403	0.06359	0.03190	0.21425	0.06864	0.17240	0.04504	0.03855	0.01358	0.00710	0.00577	0.00166	0.02956	0.05224	0.00474	0.07520
33	0.01349	0.03676	0.11032	0.02670	0.52267	0.06597	0.05342	0.03013	0.02507	0.01739	0.01011	0.01277	0.00825	0.00489	0.00521	0.00156	0.00677	0.00458	0.00273	0.04120
34	0.01084	0.02724	0.75383	0.01559	0.02342	0.01251	0.04901	0.01701	0.01139	0.01701	0.00968	0.01146	0.00685	0.00508	0.00515	0.00170	0.00798	0.00406	0.00228	0.00791
35	0.00782	0.00581	0.00650	0.00641	0.00815	0.00516	0.00485	0.00978	0.03538	0.05829	0.11937	0.11109	0.52073	0.01411	0.03695	0.00211	0.00341	0.03402	0.00510	0.00497
36	0.04510	0.04030	0.15660	0.05115	0.09816	0.08344	0.13591	0.10958	0.11153	0.04463	0.01322	0.06297	0.01072	0.00623	0.00540	0.00170	0.00674	0.00549	0.00358	0.00756
37	0.02806	0.06455	0.03550	0.01347	0.08696	0.07713	0.06769	0.08369	0.13137	0.24758	0.03936	0.03915	0.02701	0.00685	0.00540	0.00167	0.00562	0.02626	0.00476	0.00792
38	0.00758	0.00511	0.00592	0.00615	0.00620	0.00505	0.00356	0.00775	0.00825	0.01100	0.01919	0.17416	0.02239	0.66839	0.02364	0.00466	0.00483	0.00915	0.00356	0.00345
39	0.01223	0.01233	0.01765	0.04017	0.15533	0.11820	0.18762	0.04388	0.02581	0.01571	0.01339	0.06653	0.01237	0.06609	0.16263	0.00332	0.00870	0.02852	0.00313	0.00639
40	0.05245	0.11529	0.05732	0.05250	0.22806	0.11085	0.02204	0.10951	0.06715	0.05343	0.01267	0.05168	0.02215	0.00615	0.00520	0.00159	0.01593	0.00501	0.00348	0.00754
41	0.01074	0.00522	0.00539	0.00524	0.00664	0.00515	0.00397	0.01322	0.01147	0.05979	0.01770	0.01992	0.01373	0.00627	0.00384	0.00127	0.00261	0.00502	0.79756	0.00522
42	0.01108	0.00718	0.00961	0.00884	0.01038	0.00777	0.00684	0.02438	0.07278	0.13414	0.14376	0.07546	0.02119	0.07680	0.30008	0.00460	0.06791	0.00706	0.00434	0.00582
43	0.03013	0.04250	0.15557	0.01820	0.21611	0.09829	0.06436	0.07173	0.04849	0.16298	0.03144	0.01427	0.01025	0.00564	0.00525	0.00162	0.00658	0.00480	0.00376	0.00804
44	0.01282	0.07468	0.10351	0.11863	0.22254	0.03966	0.09652	0.06474	0.05153	0.03652	0.04760	0.01699	0.05072	0.01995	0.00572	0.00170	0.00638	0.00538	0.01711	0.00732
45	0.01526	0.00926	0.02523	0.00973	0.01239	0.00926	0.02629	0.14810	0.01408	0.25101	0.04164	0.02215	0.06148	0.11285	0.17052	0.00357	0.04949	0.00613	0.00469	0.00686
46	0.01121	0.02794	0.17047	0.08975	0.04935	0.01046	0.17938	0.03414	0.04180	0.05338	0.03363	0.12704	0.05247	0.00831	0.00598	0.00187	0.00632	0.08614	0.00367	0.00668
47	0.01405	0.18689	0.15700	0.03457	0.06005	0.04385	0.02921	0.01724	0.03662	0.17178	0.05711	0.07812	0.07683	0.00727	0.00516	0.00161	0.00556	0.00597	0.00395	0.00716
48	0.01462	0.06638	0.14049	0.06752	0.10930	0.16417	0.13138	0.03074	0.02382	0.09229	0.05473	0.01553	0.01121	0.00620	0.00581	0.02627	0.00719	0.02195	0.00330	0.00711
49	0.01312	0.01183	0.03942	0.20003	0.25411	0.03723	0.04502	0.10359	0.01335	0.05567	0.01320	0.04880	0.01146	0.00833	0.04381	0.00210	0.02337	0.06499	0.00339	0.00719
50	0.01484	0.01214	0.01838	0.07936	0.32113	0.04807	0.08646	0.06959	0.02555	0.13139	0.01298	0.01703	0.01055	0.05744	0.00749	0.00193	0.04486	0.02960	0.00358	0.00764
51	0.02683	0.02458	0.13592	0.02702	0.08477	0.03419	0.05537	0.05009	0.10728	0.16040	0.05327	0.04044	0.02720	0.03193	0.00702	0.00191	0.05559	0.06459	0.00425	0.00736
52	0.02867	0.05429	0.08721	0.09010	0.16142	0.01180	0.09683	0.09015	0.01321	0.12204	0.01402	0.05709	0.01181	0.00885	0.05462	0.00218	0.03212	0.05258	0.00368	0.00734
53	0.01405	0.01236	0.03379	0.09883	0.39381	0.03388	0.03617	0.07837	0.07846	0.07978	0.01465	0.03094	0.04024	0.00617	0.00548	0.00168	0.00606	0.02375	0.00360	0.00793

[dist]
# distance from previous block
# <min> <max>
4	14

[block]
# block no. 2 follows, 45 sequences, length 16
# corresponding to MSA columns:
# 259-274
name=unknown_C
#
# <colnr> <probs for GDERKNQSTAVLIFYWHMCP>
#	G	D	E	R	K	N	Q	S	T	A	V	L	I	F	Y	W	H	M	C	P
0	0.23229	0.01357	0.05274	0.04952	0.26915	0.04518	0.08034	0.10381	0.06791	0.02111	0.01054	0.01245	0.00822	0.00525	0.00488	0.00165	0.00607	0.00444	0.00333	0.00754
1	0.09445	0.05051	0.04428	0.14221	0.28394	0.17014	0.02657	0.06262	0.02893	0.01753	0.00968	0.01211	0.00777	0.00518	0.00495	0.00157	0.00691	0.00425	0.00291	0.02350
2	0.00874	0.00600	0.00727	0.00790	0.00861	0.03857	0.00549	0.00958	0.01049	0.06879	0.02536	0.57444	0.02901	0.04954	0.04359	0.06367	0.00425	0.02942	0.00465	0.00463
3	0.08474	0.03283	0.01304	0.01121	0.03566	0.18377	0.00852	0.09597	0.22742	0.03928	0.02426	0.04468	0.01181	0.00629	0.00488	0.00149	0.00560	0.00485	0.00413	0.15957
4	0.01381	0.01072	0.01402	0.01100	0.01424	0.01101	0.06263	0.16573	0.03220	0.08366	0.01214	0.01504	0.00995	0.05481	0.09032	0.00244	0.12694	0.00476	0.00378	0.26080
5	0.03707	0.01504	0.10731	0.07715	0.38966	0.08080	0.04534	0.06514	0.01286	0.01767	0.01208	0.03009	0.04018	0.00583	0.00584	0.00167	0.04067	0.00506	0.00293	0.00761
6	0.01214	0.01281	0.02547	0.02138	0.14938	0.01214	0.48029	0.01633	0.03408	0.01734	0.04425	0.02883	0.01095	0.00669	0.04104	0.00201	0.00796	0.00611	0.00300	0.06780
7	0.01007	0.00595	0.00749	0.00725	0.00893	0.00530	0.00545	0.01177	0.01298	0.15813	0.21137	0.25376	0.22758	0.01263	0.00635	0.00188	0.00321	0.03892	0.00551	0.00548
8	0.01814	0.07956	0.01594	0.01385	0.05194	0.54219	0.01024	0.03859	0.14854	0.01542	0.01083	0.01168	0.00872	0.00576	0.00488	0.00146	0.00819	0.00397	0.00326	0.00685
9	0.02912	0.01442	0.15900	0.04475	0.28993	0.01204	0.02887	0.05904	0.15359	0.05068	0.03214	0.03808	0.02783	0.00719	0.02825	0.00190	0.00618	0.00547	0.00362	0.00791
10	0.00724	0.00542	0.00728	0.04301	0.00954	0.00547	0.00574	0.00913	0.04174	0.01444	0.08365	0.53426	0.05250	0.03809	0.11288	0.00304	0.00486	0.01241	0.00463	0.00469
11	0.00676	0.00489	0.00630	0.00734	0.00784	0.00456	0.00504	0.00778	0.01044	0.01372	0.03101	0.63038	0.10487	0.07038	0.00823	0.00237	0.00335	0.06553	0.00486	0.00434
12	0.03332	0.01155	0.01872	0.19624	0.32264	0.01185	0.08315	0.06925	0.01292	0.09500	0.01125	0.01390	0.00861	0.00541	0.00560	0.01798	0.00633	0.00483	0.00324	0.06821
13	0.01165	0.01049	0.01649	0.46615	0.14699	0.01220	0.02908	0.08020	0.04818	0.01675	0.01210	0.01824	0.01005	0.00638	0.00590	0.00182	0.02871	0.06886	0.00306	0.00669
14	0.00913	0.00610	0.00830	0.04504	0.00974	0.00666	0.00587	0.01032	0.00886	0.06733	0.01551	0.02617	0.01549	0.35614	0.35935	0.00622	0.02944	0.00651	0.00327	0.00455
15	0.01192	0.08079	0.01431	0.00945	0.01411	0.00955	0.06128	0.03428	0.06658	0.01782	0.01043	0.01184	0.00851	0.00437	0.00424	0.00099	0.00457	0.00363	0.00329	0.62801

[dist]
# distance from previous block
# <min> <max>
0	19

# created by:
# /home/cegg/simao/soft/augustus-3.2.1/scripts/msa2prfl.pl ./align_prep/EOG091G0YBP.fa
