[name]
unknown

[dist]
# distance from previous block
# <min> <max>
0	42

[block]
# block no. 0 follows, 32 sequences, length 20
# corresponding to MSA columns:
# 156-165,168-177
name=unknown_A
#
# <colnr> <probs for GDERKNQSTAVLIFYWHMCP>
#	G	D	E	R	K	N	Q	S	T	A	V	L	I	F	Y	W	H	M	C	P
0	0.01180	0.06723	0.01518	0.01367	0.01599	0.00997	0.07025	0.01503	0.01534	0.01987	0.03161	0.06571	0.03385	0.01644	0.00877	0.00289	0.00670	0.56742	0.00568	0.00661
1	0.02396	0.01952	0.02111	0.01644	0.02161	0.08311	0.06539	0.53111	0.08789	0.03718	0.01638	0.01668	0.01186	0.00786	0.00676	0.00203	0.00792	0.00617	0.00618	0.01084
2	0.01994	0.01608	0.01641	0.06976	0.05078	0.10818	0.01146	0.21031	0.16624	0.08869	0.02274	0.02286	0.06836	0.00862	0.00654	0.00203	0.00681	0.00684	0.08790	0.00947
3	0.00976	0.00651	0.00732	0.00732	0.00732	0.00651	0.00407	0.00976	0.00976	0.01301	0.02114	0.04391	0.02439	0.76419	0.03415	0.00651	0.00651	0.00976	0.00407	0.00407
4	0.20890	0.04521	0.06859	0.10787	0.04681	0.01408	0.07651	0.01925	0.01376	0.08649	0.03293	0.06868	0.01436	0.00845	0.00749	0.00216	0.07118	0.02872	0.02352	0.05502
5	0.81159	0.01298	0.00986	0.00882	0.01298	0.01505	0.00727	0.01972	0.01142	0.03010	0.00934	0.01090	0.00727	0.00623	0.00415	0.00208	0.00519	0.00363	0.00415	0.00727
6	0.01393	0.01145	0.01860	0.34818	0.05582	0.01257	0.08318	0.01876	0.06433	0.08092	0.09187	0.10479	0.04798	0.00957	0.00721	0.00226	0.00725	0.00873	0.00470	0.00789
7	0.00948	0.00732	0.00889	0.00951	0.01134	0.00684	0.00769	0.01233	0.03523	0.02000	0.11823	0.11338	0.32081	0.01731	0.00846	0.00260	0.00455	0.27363	0.00634	0.00606
8	0.01745	0.03907	0.14791	0.11914	0.15821	0.10202	0.01593	0.06805	0.01639	0.08674	0.01566	0.08123	0.01323	0.00784	0.00650	0.00198	0.00805	0.00657	0.00421	0.08384
9	0.01464	0.03244	0.63089	0.01928	0.02863	0.01611	0.05907	0.08090	0.01578	0.02311	0.01248	0.01454	0.00884	0.00648	0.00649	0.00212	0.00977	0.00521	0.00320	0.01000
10	0.00887	0.00670	0.00911	0.00957	0.01072	0.00694	0.00708	0.01080	0.01252	0.01695	0.06124	0.25744	0.14742	0.03418	0.36037	0.00651	0.01058	0.01221	0.00501	0.00578
11	0.01559	0.07948	0.01821	0.05190	0.04619	0.01261	0.03477	0.08911	0.01583	0.02321	0.01222	0.01433	0.00996	0.00552	0.00536	0.00129	0.00597	0.00448	0.00407	0.54989
12	0.23414	0.01482	0.03072	0.03163	0.04730	0.10920	0.00987	0.05104	0.09929	0.09416	0.01764	0.08390	0.01543	0.06863	0.02964	0.03591	0.00698	0.00684	0.00492	0.00794
13	0.00832	0.00665	0.00744	0.00758	0.00939	0.00578	0.00556	0.01025	0.01570	0.01990	0.20622	0.17687	0.46286	0.01694	0.00803	0.00231	0.00343	0.01453	0.00649	0.00578
14	0.02395	0.01626	0.01825	0.01442	0.01921	0.01763	0.01190	0.51825	0.02731	0.12730	0.01863	0.02099	0.01397	0.01229	0.07002	0.00284	0.00802	0.04146	0.00662	0.01067
15	0.00844	0.00674	0.00758	0.00768	0.00955	0.00588	0.00574	0.01049	0.01591	0.02018	0.21799	0.13705	0.46359	0.01671	0.00805	0.00231	0.00351	0.04027	0.00650	0.00582
16	0.01794	0.76823	0.03516	0.01148	0.01722	0.02655	0.01148	0.02009	0.01363	0.01579	0.00933	0.01076	0.00861	0.00574	0.00431	0.00144	0.00718	0.00359	0.00287	0.00861
17	0.01401	0.01337	0.01914	0.47499	0.12790	0.07628	0.01650	0.01792	0.01400	0.01822	0.01315	0.01844	0.01041	0.01008	0.06281	0.00276	0.00932	0.00594	0.06707	0.00769
18	0.00976	0.00651	0.00732	0.00732	0.00732	0.00651	0.00407	0.00976	0.00976	0.01301	0.02114	0.04391	0.02439	0.76419	0.03415	0.00651	0.00651	0.00976	0.00407	0.00407
19	0.01602	0.41968	0.18006	0.01334	0.01908	0.05255	0.01374	0.02074	0.07510	0.01824	0.01482	0.10153	0.01387	0.00804	0.00556	0.00182	0.00744	0.00610	0.00363	0.00866

[dist]
# distance from previous block
# <min> <max>
5	7

[block]
# block no. 1 follows, 32 sequences, length 19
# corresponding to MSA columns:
# 190-208
name=unknown_B
#
# <colnr> <probs for GDERKNQSTAVLIFYWHMCP>
#	G	D	E	R	K	N	Q	S	T	A	V	L	I	F	Y	W	H	M	C	P
0	0.01545	0.01398	0.03919	0.29714	0.08483	0.01563	0.01494	0.10576	0.19157	0.02324	0.01738	0.05311	0.01401	0.00898	0.00830	0.03562	0.04055	0.00694	0.00458	0.00878
1	0.02457	0.01056	0.01378	0.01104	0.01535	0.00942	0.00889	0.02798	0.05969	0.52808	0.08077	0.03028	0.09453	0.04336	0.00818	0.00231	0.00529	0.00810	0.00774	0.01007
2	0.00957	0.00694	0.00971	0.00978	0.01061	0.00774	0.00712	0.01126	0.01060	0.01495	0.01970	0.06462	0.02010	0.24249	0.51362	0.00926	0.01422	0.00843	0.00384	0.00544
3	0.00964	0.00645	0.00735	0.00747	0.00750	0.00642	0.00423	0.00973	0.00999	0.01332	0.02235	0.09838	0.02591	0.70765	0.03221	0.00622	0.00631	0.01047	0.00423	0.00417
4	0.00818	0.00584	0.00779	0.00934	0.00973	0.00545	0.00623	0.00934	0.01285	0.01713	0.03698	0.75981	0.04438	0.02102	0.00856	0.00273	0.00389	0.01908	0.00623	0.00545
5	0.02551	0.01879	0.02014	0.01544	0.02081	0.02081	0.01275	0.69996	0.03155	0.04229	0.01611	0.01611	0.01141	0.00805	0.00671	0.00201	0.00738	0.00604	0.00671	0.01141
6	0.01468	0.01468	0.02055	0.01762	0.01762	0.02055	0.01468	0.01615	0.01028	0.01615	0.00881	0.01468	0.00881	0.01174	0.02202	0.00294	0.75191	0.00587	0.00294	0.00734
7	0.04169	0.03885	0.00873	0.00804	0.03020	0.00783	0.00579	0.01624	0.01393	0.05294	0.02147	0.05731	0.01785	0.04698	0.00648	0.00192	0.00383	0.00681	0.60654	0.00659
8	0.01468	0.01468	0.02055	0.01762	0.01762	0.02055	0.01468	0.01615	0.01028	0.01615	0.00881	0.01468	0.00881	0.01174	0.02202	0.00294	0.75191	0.00587	0.00294	0.00734
9	0.05858	0.01418	0.02079	0.08170	0.29835	0.01479	0.04510	0.09261	0.09773	0.09340	0.01686	0.02040	0.01341	0.06459	0.00864	0.00240	0.00718	0.00651	0.03315	0.00964
10	0.08258	0.63166	0.03117	0.01131	0.01687	0.02395	0.01098	0.02133	0.01402	0.08855	0.01106	0.01199	0.00931	0.00604	0.00454	0.00155	0.00687	0.00391	0.00352	0.00879
11	0.07991	0.01422	0.01920	0.01634	0.01720	0.01904	0.01360	0.01810	0.01127	0.08885	0.01063	0.01520	0.00947	0.01096	0.01905	0.00278	0.61709	0.00578	0.00357	0.00774
12	0.01152	0.00919	0.01431	0.01413	0.01634	0.00913	0.09410	0.01559	0.05089	0.02044	0.03254	0.11813	0.03466	0.01667	0.00893	0.00292	0.00659	0.51133	0.00588	0.00670
13	0.07570	0.01594	0.10458	0.05622	0.26691	0.01451	0.01554	0.08718	0.04159	0.02402	0.08066	0.07900	0.01823	0.01049	0.03811	0.00253	0.04797	0.00740	0.00438	0.00904
14	0.73113	0.01287	0.01090	0.08327	0.01632	0.01504	0.00841	0.01946	0.01162	0.02880	0.00960	0.01160	0.00744	0.00628	0.00441	0.00209	0.00557	0.00387	0.00403	0.00729
15	0.00841	0.00610	0.00772	0.00877	0.00943	0.00565	0.00589	0.00968	0.01332	0.01761	0.09352	0.54904	0.12349	0.09480	0.01101	0.00300	0.00404	0.01700	0.00610	0.00541
16	0.09909	0.24348	0.04495	0.13531	0.10231	0.07168	0.01392	0.14721	0.01750	0.04868	0.01215	0.01421	0.00956	0.00660	0.00567	0.00186	0.00777	0.00491	0.00402	0.00912
17	0.16457	0.22431	0.02062	0.01215	0.01685	0.04805	0.01046	0.16375	0.04054	0.14101	0.01500	0.01588	0.01142	0.01110	0.07450	0.00270	0.00778	0.00513	0.00502	0.00920
18	0.01642	0.04122	0.03471	0.11309	0.02125	0.05585	0.01113	0.05503	0.06320	0.06813	0.01383	0.01574	0.01083	0.00636	0.00640	0.00155	0.04046	0.00490	0.00431	0.41556

[dist]
# distance from previous block
# <min> <max>
0	53

[block]
# block no. 2 follows, 32 sequences, length 7
# corresponding to MSA columns:
# 262-268
name=unknown_C
#
# <colnr> <probs for GDERKNQSTAVLIFYWHMCP>
#	G	D	E	R	K	N	Q	S	T	A	V	L	I	F	Y	W	H	M	C	P
0	0.03705	0.11080	0.09147	0.01039	0.01365	0.01175	0.00896	0.05327	0.03866	0.06257	0.01845	0.06632	0.01768	0.25157	0.01577	0.03916	0.00629	0.00741	0.07858	0.06019
1	0.00934	0.00643	0.00790	0.00843	0.00872	0.00641	0.00537	0.01002	0.01103	0.01477	0.02624	0.25146	0.03035	0.45594	0.07860	0.00555	0.00660	0.04734	0.00477	0.00472
2	0.01380	0.01332	0.05182	0.12241	0.16355	0.01302	0.09653	0.01720	0.01385	0.04043	0.01779	0.11927	0.01718	0.03709	0.03631	0.00272	0.08437	0.05305	0.00404	0.08225
3	0.01525	0.04268	0.12158	0.17522	0.06151	0.01449	0.06295	0.07924	0.04798	0.05579	0.01559	0.02016	0.01250	0.05529	0.06983	0.00310	0.05392	0.00634	0.07822	0.00838
4	0.01394	0.06909	0.01846	0.25150	0.08857	0.01478	0.01359	0.08050	0.06043	0.02044	0.02160	0.09484	0.08885	0.01240	0.05193	0.00276	0.07600	0.00810	0.00429	0.00792
5	0.01126	0.10029	0.01395	0.08047	0.05642	0.05400	0.00916	0.01311	0.01375	0.01730	0.03133	0.44327	0.09907	0.01572	0.00755	0.00238	0.00545	0.01384	0.00518	0.00648
6	0.01632	0.07936	0.11773	0.08772	0.11302	0.04867	0.15586	0.04455	0.01564	0.07504	0.01804	0.02134	0.05393	0.04098	0.00779	0.00222	0.00816	0.00671	0.07822	0.00870

[dist]
# distance from previous block
# <min> <max>
0	3

[block]
# block no. 3 follows, 32 sequences, length 15
# corresponding to MSA columns:
# 272-286
name=unknown_D
#
# <colnr> <probs for GDERKNQSTAVLIFYWHMCP>
#	G	D	E	R	K	N	Q	S	T	A	V	L	I	F	Y	W	H	M	C	P
0	0.01587	0.08419	0.03883	0.04354	0.08193	0.10080	0.01114	0.10263	0.01660	0.04868	0.02220	0.19267	0.05880	0.01433	0.06958	0.00279	0.00774	0.00902	0.00481	0.07386
1	0.12653	0.15971	0.02332	0.06879	0.24273	0.06656	0.01451	0.08471	0.08093	0.02343	0.01290	0.01516	0.01047	0.00679	0.00645	0.00196	0.03652	0.00524	0.00396	0.00934
2	0.01342	0.00988	0.01377	0.06022	0.07610	0.00971	0.04286	0.06760	0.03560	0.08423	0.22992	0.11801	0.14757	0.05003	0.00889	0.00242	0.00523	0.01093	0.00609	0.00753
3	0.01270	0.01084	0.01647	0.08992	0.21279	0.01213	0.01238	0.01511	0.01217	0.01751	0.01567	0.02529	0.01506	0.19083	0.16827	0.00500	0.10526	0.00710	0.04832	0.00717
4	0.00818	0.00621	0.00741	0.00834	0.00936	0.00558	0.00571	0.00947	0.01353	0.01725	0.04693	0.47638	0.27945	0.06138	0.00978	0.00278	0.00387	0.01683	0.00611	0.00545
5	0.00959	0.00719	0.01078	0.01078	0.01198	0.00839	0.00839	0.01198	0.01078	0.01558	0.01797	0.02636	0.01677	0.05032	0.73760	0.01078	0.01797	0.00719	0.00359	0.00599
6	0.01433	0.00798	0.00884	0.00850	0.01064	0.00814	0.00658	0.01955	0.11420	0.08957	0.02509	0.07559	0.02097	0.00970	0.00578	0.00190	0.00396	0.05813	0.50325	0.00730
7	0.02431	0.01820	0.01946	0.01520	0.02035	0.02025	0.01246	0.60981	0.12365	0.04036	0.01763	0.01732	0.01264	0.00820	0.00673	0.00205	0.00710	0.00625	0.00673	0.01130
8	0.01414	0.09453	0.18149	0.01559	0.08026	0.01393	0.01373	0.01785	0.01331	0.01973	0.01220	0.01637	0.01059	0.06088	0.02605	0.00221	0.08702	0.00502	0.00343	0.31165
9	0.00911	0.00706	0.00900	0.00982	0.04527	0.00642	0.00667	0.01144	0.01635	0.02193	0.34316	0.21456	0.24261	0.01593	0.00800	0.00229	0.00364	0.01399	0.00659	0.00616
10	0.01959	0.01585	0.01680	0.01424	0.01855	0.01804	0.01132	0.25394	0.48721	0.03274	0.02363	0.02210	0.01750	0.00876	0.00679	0.00219	0.00599	0.00708	0.00679	0.01088
11	0.01923	0.01370	0.02212	0.07049	0.43532	0.01342	0.01638	0.02280	0.01654	0.20495	0.08156	0.02140	0.01696	0.00734	0.00679	0.00204	0.00699	0.00675	0.00497	0.01026
12	0.01671	0.06199	0.24004	0.08372	0.02429	0.01447	0.07633	0.04448	0.07133	0.14089	0.04567	0.05323	0.05079	0.00856	0.00738	0.00217	0.03676	0.00716	0.00476	0.00926
13	0.00831	0.00645	0.00761	0.00845	0.00981	0.00576	0.00613	0.00990	0.01421	0.01786	0.05110	0.37675	0.35436	0.01894	0.00834	0.00255	0.00388	0.07775	0.00623	0.00562
14	0.00830	0.00603	0.00783	0.00903	0.00971	0.00556	0.00614	0.00972	0.01372	0.01826	0.11272	0.62354	0.10491	0.01989	0.00844	0.00262	0.00377	0.01791	0.00635	0.00556

[dist]
# distance from previous block
# <min> <max>
8	15

[block]
# block no. 4 follows, 32 sequences, length 18
# corresponding to MSA columns:
# 304-321
name=unknown_E
#
# <colnr> <probs for GDERKNQSTAVLIFYWHMCP>
#	G	D	E	R	K	N	Q	S	T	A	V	L	I	F	Y	W	H	M	C	P
0	0.01795	0.16125	0.05830	0.04845	0.12028	0.13843	0.01335	0.10442	0.01688	0.02155	0.01339	0.06516	0.01195	0.00751	0.00660	0.00178	0.03928	0.00576	0.00394	0.14378
1	0.01437	0.01204	0.01630	0.13698	0.10531	0.04938	0.01232	0.01678	0.01271	0.05844	0.01519	0.02268	0.01368	0.12601	0.11481	0.00408	0.17734	0.00666	0.07768	0.00725
2	0.00841	0.00661	0.00749	0.00781	0.00942	0.00583	0.00566	0.01015	0.01496	0.01890	0.14758	0.21310	0.41673	0.06071	0.00963	0.00262	0.00375	0.03873	0.00626	0.00564
3	0.01320	0.04185	0.02036	0.02245	0.25545	0.01266	0.09667	0.01694	0.03401	0.02180	0.17771	0.03341	0.16144	0.01020	0.00813	0.00215	0.04938	0.00911	0.00484	0.00825
4	0.01957	0.05866	0.08573	0.01379	0.01882	0.01429	0.05035	0.17690	0.05880	0.17011	0.13624	0.02308	0.02102	0.00849	0.00714	0.00197	0.03018	0.00695	0.00598	0.09193
5	0.00839	0.00625	0.00784	0.00880	0.00979	0.00570	0.00618	0.01000	0.01425	0.01869	0.12959	0.49341	0.19197	0.01913	0.00837	0.00256	0.00379	0.04326	0.00637	0.00564
6	0.05157	0.06032	0.28071	0.01830	0.08894	0.05510	0.07245	0.02097	0.01476	0.06182	0.01267	0.01472	0.00962	0.00603	0.00598	0.00178	0.00815	0.00499	0.00362	0.20751
7	0.00938	0.00726	0.00869	0.00905	0.01074	0.00684	0.00688	0.01269	0.06339	0.02088	0.20080	0.21413	0.26981	0.01684	0.00819	0.00246	0.00401	0.11525	0.00653	0.00619
8	0.12583	0.23514	0.16118	0.05248	0.05122	0.15342	0.04699	0.02121	0.01463	0.02005	0.01125	0.01347	0.00908	0.00632	0.00543	0.00182	0.00845	0.00458	0.04901	0.00844
9	0.06077	0.06971	0.12021	0.04497	0.01985	0.05760	0.01293	0.16483	0.15599	0.05457	0.08922	0.02257	0.04905	0.00877	0.00716	0.00210	0.03822	0.00678	0.00538	0.00931
10	0.01522	0.01291	0.01581	0.01441	0.09868	0.01138	0.01002	0.08031	0.08256	0.02404	0.01528	0.05768	0.01311	0.00667	0.00570	0.00142	0.00551	0.00560	0.00455	0.51913
11	0.05497	0.01475	0.01662	0.01496	0.04505	0.05607	0.04788	0.13908	0.26707	0.02671	0.05328	0.02840	0.06712	0.04610	0.00914	0.00246	0.04956	0.04597	0.00575	0.00907
12	0.01343	0.01162	0.01789	0.01660	0.08742	0.01164	0.13976	0.08688	0.04630	0.02334	0.13718	0.09346	0.12076	0.06318	0.00989	0.00255	0.03133	0.04195	0.03711	0.00769
13	0.00828	0.00666	0.00738	0.00751	0.00936	0.00576	0.00551	0.01019	0.01565	0.01971	0.19216	0.16731	0.48707	0.01696	0.00802	0.00230	0.00343	0.01451	0.00646	0.00576
14	0.01799	0.05156	0.16750	0.01755	0.09969	0.05690	0.01463	0.21914	0.08565	0.02754	0.05625	0.01985	0.01514	0.04636	0.02080	0.00235	0.00773	0.00624	0.02574	0.04138
15	0.00890	0.00685	0.00877	0.00919	0.01022	0.00685	0.00662	0.01057	0.01351	0.01800	0.12009	0.33001	0.18914	0.06364	0.12602	0.00404	0.04205	0.01413	0.00567	0.00570
16	0.05870	0.01156	0.02683	0.05556	0.05182	0.01040	0.09093	0.01686	0.05174	0.02266	0.15544	0.05969	0.10643	0.00929	0.00664	0.00185	0.00563	0.00825	0.00497	0.24476
17	0.05784	0.31950	0.03745	0.01406	0.01907	0.04937	0.05884	0.18592	0.04942	0.05272	0.01334	0.01462	0.01056	0.00706	0.00646	0.00184	0.04946	0.00508	0.03812	0.00927

[dist]
# distance from previous block
# <min> <max>
0	15

[block]
# block no. 5 follows, 32 sequences, length 24
# corresponding to MSA columns:
# 337-360
name=unknown_F
#
# <colnr> <probs for GDERKNQSTAVLIFYWHMCP>
#	G	D	E	R	K	N	Q	S	T	A	V	L	I	F	Y	W	H	M	C	P
0	0.04876	0.02249	0.31746	0.01569	0.03466	0.05944	0.01616	0.06370	0.09376	0.02269	0.05417	0.07361	0.04079	0.01260	0.07106	0.00293	0.02977	0.00717	0.00430	0.00879
1	0.01625	0.19291	0.13290	0.01379	0.04651	0.01539	0.01231	0.07412	0.07671	0.08257	0.01936	0.15730	0.01805	0.03480	0.00722	0.00212	0.00653	0.00789	0.00478	0.07851
2	0.00871	0.00659	0.00793	0.00806	0.00952	0.00593	0.00580	0.01081	0.01599	0.02123	0.32395	0.21253	0.26836	0.05257	0.00933	0.00251	0.00356	0.01422	0.00660	0.00581
3	0.01544	0.01306	0.04919	0.01295	0.01651	0.01295	0.05309	0.08942	0.28449	0.05480	0.14788	0.06700	0.02738	0.03362	0.00787	0.00232	0.00555	0.02534	0.07225	0.00889
4	0.00950	0.00686	0.00897	0.00844	0.01002	0.00633	0.00633	0.01266	0.01899	0.02691	0.71879	0.05012	0.06331	0.01372	0.00791	0.00211	0.00317	0.01213	0.00739	0.00633
5	0.01730	0.01472	0.01552	0.01378	0.01768	0.01697	0.01077	0.08157	0.66330	0.02905	0.02654	0.02442	0.01986	0.00903	0.00682	0.00226	0.00545	0.00748	0.00682	0.01068
6	0.01091	0.00731	0.00900	0.00944	0.01067	0.00704	0.00655	0.03644	0.04721	0.04997	0.03138	0.50023	0.03510	0.09402	0.01049	0.00287	0.00441	0.01487	0.07147	0.04062
7	0.00895	0.00704	0.00818	0.00869	0.01019	0.00660	0.00620	0.01207	0.07537	0.01939	0.11240	0.36901	0.29576	0.01778	0.00811	0.00246	0.00376	0.01558	0.00639	0.00607
8	0.01629	0.01308	0.01568	0.01166	0.01709	0.01154	0.02845	0.11096	0.04490	0.05257	0.01386	0.01544	0.01097	0.00606	0.00613	0.00136	0.03616	0.00476	0.02444	0.55859
9	0.02825	0.01312	0.01647	0.01276	0.01789	0.01255	0.01050	0.16780	0.06946	0.54025	0.02443	0.02163	0.01583	0.00831	0.00675	0.00208	0.00602	0.00666	0.00788	0.01136
10	0.70945	0.01512	0.07326	0.01000	0.01470	0.01534	0.00903	0.04780	0.01249	0.02983	0.00986	0.01140	0.00754	0.00632	0.00445	0.00208	0.00569	0.00385	0.00414	0.00767
11	0.01468	0.01468	0.02055	0.01762	0.01762	0.02055	0.01468	0.01615	0.01028	0.01615	0.00881	0.01468	0.00881	0.01174	0.02202	0.00294	0.75191	0.00587	0.00294	0.00734
12	0.01304	0.00720	0.00730	0.00696	0.00886	0.00725	0.00531	0.06434	0.01544	0.02566	0.02551	0.02784	0.07825	0.00864	0.00512	0.00166	0.00346	0.00693	0.67467	0.00657
13	0.01469	0.01145	0.01360	0.00995	0.01548	0.00878	0.00795	0.01766	0.01474	0.07304	0.07483	0.01772	0.01509	0.00597	0.00535	0.00117	0.00486	0.00489	0.00459	0.67818
14	0.81159	0.01298	0.00986	0.00882	0.01298	0.01505	0.00727	0.01972	0.01142	0.03010	0.00934	0.01090	0.00727	0.00623	0.00415	0.00208	0.00519	0.00363	0.00415	0.00727
15	0.02582	0.01828	0.01982	0.01520	0.02055	0.02005	0.01255	0.65384	0.03069	0.08961	0.01683	0.01657	0.01177	0.00807	0.00671	0.00202	0.00727	0.00609	0.00682	0.01141
16	0.01000	0.00743	0.00939	0.00890	0.01067	0.00710	0.00676	0.01423	0.06842	0.02634	0.61377	0.04996	0.08758	0.01372	0.00789	0.00217	0.00345	0.03834	0.00725	0.00660
17	0.01081	0.00772	0.01081	0.01236	0.01390	0.00772	0.01081	0.01390	0.01545	0.02008	0.03553	0.07569	0.03862	0.01854	0.00927	0.00309	0.00618	0.67717	0.00618	0.00618
18	0.00964	0.00652	0.00729	0.00729	0.00743	0.00645	0.00413	0.00975	0.01011	0.01333	0.02409	0.04521	0.06818	0.71713	0.03250	0.00624	0.00631	0.01003	0.00420	0.00417
19	0.00882	0.00657	0.00883	0.00992	0.01044	0.00658	0.00697	0.01026	0.01334	0.01805	0.09481	0.62089	0.04354	0.01969	0.00939	0.00270	0.05104	0.04639	0.00612	0.00568
20	0.00951	0.00647	0.00752	0.00770	0.00788	0.00645	0.00455	0.00981	0.01034	0.01377	0.02436	0.12528	0.04961	0.62010	0.06426	0.00614	0.00666	0.01084	0.00436	0.00437
21	0.01430	0.03083	0.55472	0.07263	0.03061	0.05268	0.10891	0.02127	0.01457	0.02074	0.01214	0.01483	0.00875	0.00634	0.00658	0.00213	0.01013	0.00537	0.00295	0.00952
22	0.44647	0.01273	0.01294	0.09859	0.04231	0.01445	0.00970	0.02275	0.13009	0.08760	0.01488	0.01704	0.01150	0.04577	0.00675	0.00235	0.00586	0.00524	0.00479	0.00817
23	0.07295	0.06176	0.16379	0.03040	0.07972	0.10944	0.04403	0.11664	0.06720	0.04690	0.01494	0.03910	0.01194	0.00903	0.03624	0.00232	0.00848	0.00583	0.01989	0.05938

[dist]
# distance from previous block
# <min> <max>
0	5

[block]
# block no. 6 follows, 32 sequences, length 19
# corresponding to MSA columns:
# 366-384
name=unknown_G
#
# <colnr> <probs for GDERKNQSTAVLIFYWHMCP>
#	G	D	E	R	K	N	Q	S	T	A	V	L	I	F	Y	W	H	M	C	P
0	0.47312	0.01220	0.01298	0.01514	0.15570	0.01328	0.00956	0.01801	0.01312	0.02646	0.09256	0.02103	0.04909	0.05481	0.00713	0.00235	0.00552	0.00594	0.00444	0.00757
1	0.01773	0.01737	0.01616	0.10524	0.02110	0.16806	0.01170	0.06085	0.38667	0.02386	0.02257	0.02337	0.04324	0.04292	0.00793	0.00233	0.00728	0.00697	0.00548	0.00917
2	0.01090	0.00719	0.00860	0.00802	0.01016	0.00639	0.00609	0.01349	0.01739	0.08379	0.38461	0.05135	0.28962	0.01405	0.00762	0.00213	0.00346	0.01203	0.05659	0.00653
3	0.00818	0.00584	0.00779	0.00934	0.00973	0.00545	0.00623	0.00934	0.01285	0.01713	0.03698	0.75981	0.04438	0.02102	0.00856	0.00273	0.00389	0.01908	0.00623	0.00545
4	0.00975	0.00710	0.01036	0.01036	0.01151	0.00817	0.00796	0.01207	0.01091	0.01596	0.01835	0.02720	0.01719	0.08513	0.66101	0.01006	0.01657	0.00727	0.04716	0.00591
5	0.01669	0.01441	0.01517	0.01365	0.01745	0.01669	0.01062	0.03565	0.71021	0.02807	0.02731	0.02503	0.02048	0.00910	0.00683	0.00228	0.00531	0.00759	0.00683	0.01062
6	0.81159	0.01298	0.00986	0.00882	0.01298	0.01505	0.00727	0.01972	0.01142	0.03010	0.00934	0.01090	0.00727	0.00623	0.00415	0.00208	0.00519	0.00363	0.00415	0.00727
7	0.01794	0.76823	0.03516	0.01148	0.01722	0.02655	0.01148	0.02009	0.01363	0.01579	0.00933	0.01076	0.00861	0.00574	0.00431	0.00144	0.00718	0.00359	0.00287	0.00861
8	0.00975	0.00654	0.00752	0.00752	0.00758	0.00661	0.00431	0.00988	0.00982	0.01316	0.02096	0.04291	0.02396	0.72362	0.07413	0.00675	0.00716	0.00961	0.00404	0.00418
9	0.01267	0.01193	0.02013	0.74806	0.04621	0.01491	0.01863	0.01714	0.01342	0.01714	0.01193	0.01789	0.00894	0.00671	0.00671	0.00224	0.00894	0.00596	0.00298	0.00745
10	0.00894	0.00637	0.00796	0.00878	0.00981	0.00587	0.00630	0.00990	0.01324	0.01691	0.04231	0.34400	0.24425	0.04329	0.01166	0.11172	0.00436	0.09341	0.00570	0.00521
11	0.04019	0.04456	0.11550	0.01538	0.04661	0.15978	0.01319	0.09023	0.01811	0.24179	0.01655	0.01686	0.01176	0.00743	0.00705	0.00193	0.04846	0.00547	0.02775	0.07141
12	0.04942	0.01457	0.05702	0.04606	0.20179	0.01314	0.02668	0.09995	0.04862	0.04722	0.07764	0.02172	0.05497	0.00752	0.00633	0.00181	0.00638	0.00645	0.00471	0.20798
13	0.33313	0.11885	0.04355	0.08947	0.04932	0.05447	0.08063	0.04177	0.01380	0.02367	0.01329	0.01565	0.04221	0.00706	0.00633	0.00206	0.04784	0.00517	0.00378	0.00797
14	0.04587	0.46645	0.19662	0.01642	0.07335	0.02218	0.05736	0.02047	0.01393	0.01840	0.01047	0.01245	0.00878	0.00592	0.00518	0.00171	0.00806	0.00435	0.00297	0.00904
15	0.01627	0.00892	0.01209	0.01052	0.01319	0.00836	0.03553	0.01835	0.01550	0.24799	0.08898	0.14327	0.15861	0.09135	0.04398	0.00309	0.03696	0.01073	0.02867	0.00763
16	0.02216	0.01416	0.02006	0.07252	0.14483	0.01371	0.05498	0.15496	0.01944	0.26524	0.01790	0.01840	0.01255	0.00705	0.00651	0.00190	0.00690	0.00606	0.00575	0.13493
17	0.01483	0.01429	0.02173	0.34994	0.25448	0.05901	0.04232	0.04118	0.01486	0.01945	0.01420	0.06445	0.01245	0.03923	0.00796	0.00233	0.00845	0.00692	0.00351	0.00841
18	0.01005	0.00741	0.01021	0.01193	0.05528	0.00737	0.00837	0.01204	0.01350	0.01808	0.07301	0.22895	0.05303	0.16150	0.08102	0.00421	0.00662	0.22612	0.00545	0.00586

[dist]
# distance from previous block
# <min> <max>
5	12

[block]
# block no. 7 follows, 32 sequences, length 19
# corresponding to MSA columns:
# 397-415
name=unknown_H
#
# <colnr> <probs for GDERKNQSTAVLIFYWHMCP>
#	G	D	E	R	K	N	Q	S	T	A	V	L	I	F	Y	W	H	M	C	P
0	0.15677	0.05222	0.01708	0.25436	0.02537	0.01412	0.04614	0.04731	0.04007	0.05753	0.06465	0.05796	0.04867	0.04558	0.00848	0.00241	0.04200	0.00723	0.00443	0.00762
1	0.01160	0.00865	0.01117	0.01072	0.04787	0.00747	0.00756	0.01434	0.01633	0.05341	0.33117	0.15616	0.06865	0.01218	0.00715	0.00192	0.00411	0.01072	0.00610	0.21270
2	0.01477	0.01397	0.02329	0.15220	0.51305	0.01434	0.01818	0.01850	0.01486	0.02057	0.01867	0.05700	0.07587	0.00782	0.00686	0.00209	0.00752	0.00735	0.00367	0.00941
3	0.01694	0.19617	0.04153	0.05421	0.10278	0.06095	0.04584	0.06761	0.11698	0.02200	0.03981	0.01692	0.01310	0.00702	0.00669	0.00181	0.04430	0.00552	0.00417	0.13567
4	0.00833	0.00657	0.00708	0.00736	0.00884	0.00579	0.00510	0.00960	0.01377	0.01695	0.05319	0.18733	0.46086	0.16348	0.01316	0.00318	0.00409	0.01420	0.00581	0.00531
5	0.01830	0.30826	0.07901	0.01829	0.05206	0.02010	0.20181	0.05700	0.08088	0.08112	0.01430	0.01589	0.01105	0.00642	0.00610	0.00190	0.00825	0.00574	0.00406	0.00947
6	0.02359	0.01787	0.02099	0.02069	0.16898	0.06661	0.01416	0.38381	0.02442	0.12514	0.01594	0.01675	0.01160	0.00778	0.00752	0.00205	0.04958	0.00600	0.00577	0.01077
7	0.00880	0.00659	0.00819	0.00849	0.00990	0.00598	0.00622	0.01103	0.01616	0.02163	0.33156	0.25843	0.21637	0.01684	0.00817	0.00237	0.00358	0.04706	0.00671	0.00591
8	0.00959	0.00719	0.01078	0.01078	0.01198	0.00839	0.00839	0.01198	0.01078	0.01558	0.01797	0.02636	0.01677	0.05032	0.73760	0.01078	0.01797	0.00719	0.00359	0.00599
9	0.00851	0.00615	0.00786	0.00881	0.00953	0.00570	0.00597	0.00996	0.01384	0.01852	0.15305	0.52270	0.10373	0.07988	0.01048	0.00289	0.00394	0.01673	0.00625	0.00550
10	0.01794	0.76823	0.03516	0.01148	0.01722	0.02655	0.01148	0.02009	0.01363	0.01579	0.00933	0.01076	0.00861	0.00574	0.00431	0.00144	0.00718	0.00359	0.00287	0.00861
11	0.01789	0.01467	0.01548	0.01353	0.01745	0.01677	0.01063	0.14270	0.56045	0.03021	0.02518	0.02358	0.01882	0.00886	0.00669	0.00219	0.00552	0.00726	0.05160	0.01050
12	0.01669	0.01441	0.01517	0.01365	0.01745	0.01669	0.01062	0.03565	0.71021	0.02807	0.02731	0.02503	0.02048	0.00910	0.00683	0.00228	0.00531	0.00759	0.00683	0.01062
13	0.00991	0.00645	0.00743	0.00743	0.00743	0.00645	0.00421	0.00968	0.00968	0.01290	0.02037	0.04200	0.02336	0.70395	0.03351	0.07141	0.00645	0.00944	0.00397	0.00397
14	0.01050	0.00634	0.00749	0.00792	0.00885	0.00638	0.00555	0.01246	0.01260	0.01954	0.02546	0.21766	0.02593	0.15658	0.09841	0.00391	0.00579	0.02600	0.33703	0.00561
15	0.07028	0.28622	0.02181	0.01217	0.01612	0.01896	0.01046	0.10971	0.14664	0.02367	0.08049	0.08810	0.01944	0.00927	0.00702	0.00200	0.05700	0.00704	0.00493	0.00867
16	0.01448	0.05628	0.06422	0.03986	0.05364	0.01174	0.01062	0.05132	0.04720	0.02254	0.04714	0.01699	0.01322	0.00813	0.04007	0.00182	0.00639	0.00501	0.00418	0.48516
17	0.01764	0.15021	0.07350	0.13115	0.18643	0.10757	0.01550	0.10822	0.05184	0.02206	0.01653	0.01863	0.05800	0.00736	0.00625	0.00194	0.00812	0.00592	0.00398	0.00916
18	0.01573	0.01047	0.01172	0.01075	0.01260	0.06800	0.00799	0.04177	0.01386	0.15332	0.02146	0.03501	0.02055	0.30388	0.15309	0.00546	0.03271	0.06991	0.00500	0.00671

[dist]
# distance from previous block
# <min> <max>
0	2

[block]
# block no. 8 follows, 32 sequences, length 21
# corresponding to MSA columns:
# 418-438
name=unknown_I
#
# <colnr> <probs for GDERKNQSTAVLIFYWHMCP>
#	G	D	E	R	K	N	Q	S	T	A	V	L	I	F	Y	W	H	M	C	P
0	0.01622	0.06119	0.02352	0.12813	0.05833	0.09022	0.17035	0.08173	0.07481	0.02167	0.04290	0.05146	0.04520	0.00989	0.03261	0.00247	0.06919	0.00741	0.00425	0.00844
1	0.00862	0.00659	0.00709	0.00725	0.00850	0.00595	0.00484	0.00965	0.01303	0.01616	0.04773	0.12913	0.39681	0.28912	0.01753	0.00385	0.00458	0.01307	0.00544	0.00506
2	0.01391	0.01193	0.01391	0.00994	0.01590	0.00894	0.00795	0.01690	0.01391	0.02186	0.01193	0.01391	0.00994	0.00497	0.00497	0.00099	0.00497	0.00398	0.00398	0.80521
3	0.02158	0.01903	0.06810	0.01749	0.08384	0.05057	0.01365	0.39932	0.16105	0.03410	0.01727	0.01750	0.01273	0.00776	0.00659	0.00201	0.00730	0.00609	0.00589	0.04812
4	0.01267	0.01193	0.02013	0.74806	0.04621	0.01491	0.01863	0.01714	0.01342	0.01714	0.01193	0.01789	0.00894	0.00671	0.00671	0.00224	0.00894	0.00596	0.00298	0.00745
5	0.01542	0.02496	0.39552	0.05057	0.09338	0.01509	0.06891	0.07994	0.04140	0.05604	0.02718	0.04938	0.01268	0.00876	0.02931	0.00241	0.00908	0.00639	0.00391	0.00967
6	0.01599	0.11244	0.32870	0.01571	0.02243	0.01543	0.04922	0.02351	0.12506	0.10244	0.03821	0.02022	0.03897	0.01014	0.05027	0.00259	0.00850	0.00622	0.00442	0.00951
7	0.01785	0.01118	0.01229	0.01032	0.01362	0.01160	0.00822	0.22963	0.05390	0.10348	0.09708	0.02818	0.08344	0.00944	0.00626	0.00191	0.00485	0.00762	0.28057	0.00856
8	0.01071	0.00705	0.00874	0.00925	0.01069	0.00668	0.00680	0.01349	0.04824	0.06252	0.11291	0.37088	0.12913	0.01677	0.00789	0.00245	0.00407	0.07781	0.08759	0.00633
9	0.05473	0.09244	0.10629	0.11189	0.14507	0.16129	0.01552	0.07821	0.04015	0.08469	0.01460	0.01647	0.02432	0.00708	0.00645	0.00198	0.02001	0.00548	0.00413	0.00921
10	0.23844	0.01449	0.05034	0.04367	0.12071	0.04432	0.07510	0.06543	0.01584	0.04893	0.12501	0.02264	0.04411	0.01063	0.05070	0.00261	0.00738	0.00675	0.00469	0.00822
11	0.00901	0.00718	0.00819	0.00852	0.01032	0.00662	0.00638	0.01204	0.06158	0.01977	0.13174	0.21753	0.38295	0.01713	0.00812	0.00243	0.00386	0.07416	0.00640	0.00607
12	0.04988	0.00975	0.05383	0.03814	0.02723	0.00846	0.02258	0.03369	0.01522	0.05268	0.13364	0.13783	0.15747	0.04605	0.03478	0.00266	0.00527	0.02544	0.13863	0.00677
13	0.01773	0.05340	0.21187	0.05382	0.07286	0.10035	0.11165	0.08196	0.01696	0.07827	0.01587	0.01766	0.04034	0.00691	0.00648	0.00194	0.00872	0.00589	0.00407	0.09326
14	0.00943	0.00920	0.07365	0.01127	0.04560	0.00713	0.00831	0.01154	0.01383	0.01886	0.14105	0.43253	0.07194	0.10032	0.01099	0.00294	0.00478	0.01481	0.00573	0.00610
15	0.01105	0.00791	0.00940	0.00873	0.01096	0.00744	0.00664	0.01542	0.09055	0.06654	0.42078	0.04993	0.24143	0.01383	0.00773	0.00217	0.00361	0.01191	0.00706	0.00690
16	0.05399	0.01715	0.05519	0.20046	0.22599	0.06026	0.10029	0.10661	0.07124	0.02377	0.01384	0.01705	0.01066	0.00671	0.00667	0.00210	0.00854	0.00609	0.00397	0.00941
17	0.03512	0.16691	0.16926	0.01807	0.05261	0.13405	0.09513	0.16273	0.06090	0.02442	0.01317	0.01474	0.01013	0.00675	0.00617	0.00193	0.00893	0.00534	0.00409	0.00955
18	0.01218	0.00706	0.01073	0.01151	0.05821	0.00742	0.00738	0.01000	0.00928	0.01263	0.01155	0.01979	0.01141	0.02142	0.02463	0.70101	0.05131	0.00584	0.00294	0.00371
19	0.00885	0.00687	0.00812	0.00874	0.01010	0.00642	0.00619	0.01167	0.06456	0.01925	0.11647	0.40897	0.26295	0.01811	0.00817	0.00248	0.00376	0.01594	0.00639	0.00598
20	0.07654	0.01747	0.07926	0.01590	0.05272	0.05931	0.05395	0.25708	0.09591	0.02956	0.03416	0.06971	0.02916	0.00889	0.00714	0.00211	0.03421	0.00715	0.06042	0.00936

[dist]
# distance from previous block
# <min> <max>
6	8

[block]
# block no. 9 follows, 32 sequences, length 21
# corresponding to MSA columns:
# 447-467
name=unknown_J
#
# <colnr> <probs for GDERKNQSTAVLIFYWHMCP>
#	G	D	E	R	K	N	Q	S	T	A	V	L	I	F	Y	W	H	M	C	P
0	0.03674	0.00855	0.01095	0.05950	0.01330	0.00943	0.00792	0.07044	0.01358	0.01981	0.08325	0.05516	0.03699	0.10706	0.12189	0.16478	0.05258	0.00779	0.11444	0.00587
1	0.00983	0.00722	0.00863	0.00900	0.01019	0.00692	0.00626	0.06414	0.01494	0.01967	0.10358	0.41088	0.16547	0.11705	0.01163	0.00303	0.00435	0.01525	0.00609	0.00586
2	0.01722	0.06950	0.10278	0.04725	0.02046	0.17580	0.05730	0.02124	0.05729	0.07681	0.04742	0.07680	0.01616	0.01305	0.07781	0.00298	0.10070	0.00702	0.00427	0.00815
3	0.01563	0.01028	0.01116	0.00991	0.01287	0.01068	0.00764	0.07790	0.20553	0.08115	0.02590	0.05924	0.05828	0.03766	0.00708	0.00208	0.00456	0.00765	0.29813	0.05665
4	0.08120	0.01381	0.01823	0.09521	0.17729	0.01421	0.01328	0.17592	0.01872	0.10050	0.01698	0.02241	0.01381	0.00793	0.00644	0.00200	0.00675	0.06926	0.03555	0.11052
5	0.05655	0.01082	0.01486	0.06970	0.01850	0.01015	0.01039	0.02745	0.01733	0.51762	0.02458	0.02665	0.01746	0.01292	0.07612	0.00300	0.00714	0.06169	0.00710	0.01000
6	0.08337	0.08904	0.02164	0.05176	0.16073	0.15988	0.04414	0.02459	0.05773	0.16189	0.01498	0.01643	0.01133	0.00729	0.00740	0.00202	0.06639	0.00557	0.00454	0.00930
7	0.00941	0.00697	0.00988	0.00996	0.01106	0.00767	0.00748	0.01153	0.01181	0.01664	0.08820	0.09294	0.05111	0.11037	0.51341	0.00856	0.01376	0.00916	0.00432	0.00578
8	0.81159	0.01298	0.00986	0.00882	0.01298	0.01505	0.00727	0.01972	0.01142	0.03010	0.00934	0.01090	0.00727	0.00623	0.00415	0.00208	0.00519	0.00363	0.00415	0.00727
9	0.01605	0.01160	0.01498	0.01306	0.01548	0.01346	0.01053	0.19242	0.01675	0.07859	0.01685	0.02176	0.01423	0.03055	0.38846	0.00670	0.11915	0.00667	0.00468	0.00802
10	0.01346	0.03471	0.72942	0.01912	0.02904	0.01558	0.02479	0.02125	0.01417	0.02125	0.01204	0.01417	0.00850	0.00637	0.00637	0.00212	0.00992	0.00496	0.00283	0.00992
11	0.01412	0.08299	0.01483	0.01158	0.01355	0.08044	0.00901	0.01582	0.01227	0.06151	0.01616	0.02501	0.01551	0.19197	0.25829	0.00593	0.10535	0.00676	0.00386	0.05504
12	0.00923	0.00615	0.00821	0.00940	0.01008	0.00570	0.00640	0.01059	0.01353	0.04925	0.08056	0.68128	0.04437	0.01999	0.00844	0.00266	0.00393	0.01808	0.00640	0.00577
13	0.00993	0.00738	0.01032	0.00970	0.01042	0.00729	0.06184	0.01080	0.01095	0.01472	0.02344	0.18286	0.02664	0.50115	0.07905	0.00572	0.00723	0.01127	0.00441	0.00489
14	0.01257	0.01049	0.01212	0.01304	0.08128	0.04185	0.00890	0.04693	0.12864	0.02383	0.21931	0.10950	0.15833	0.01288	0.00744	0.00221	0.00483	0.04720	0.05115	0.00751
15	0.01746	0.10112	0.43547	0.01881	0.06463	0.16092	0.01996	0.02295	0.01548	0.06539	0.01241	0.01413	0.00918	0.00653	0.00615	0.00197	0.00971	0.00487	0.00334	0.00950
16	0.00840	0.00624	0.00783	0.00865	0.00966	0.00567	0.00602	0.01008	0.01459	0.01932	0.18233	0.47560	0.18362	0.01872	0.00830	0.00251	0.00365	0.01667	0.00647	0.00567
17	0.06321	0.01292	0.01559	0.01281	0.01624	0.01412	0.01034	0.22566	0.01923	0.21191	0.01845	0.02154	0.01430	0.07727	0.12605	0.00389	0.09681	0.00657	0.02397	0.00913
18	0.01634	0.04207	0.12341	0.20242	0.28183	0.04800	0.07999	0.02143	0.04039	0.06023	0.01357	0.01698	0.01043	0.00646	0.00665	0.00208	0.00871	0.00596	0.00358	0.00948
19	0.01481	0.01691	0.15007	0.12592	0.11000	0.01429	0.08072	0.05779	0.05756	0.05280	0.02125	0.02726	0.08060	0.03668	0.00934	0.00245	0.06900	0.05960	0.00431	0.00863
20	0.01120	0.00727	0.00897	0.00938	0.01060	0.00699	0.00647	0.01381	0.07045	0.08471	0.03523	0.44876	0.09522	0.14335	0.01249	0.00322	0.00458	0.01497	0.00611	0.00623

[dist]
# distance from previous block
# <min> <max>
0	5

[block]
# block no. 10 follows, 32 sequences, length 7
# corresponding to MSA columns:
# 473-479
name=unknown_K
#
# <colnr> <probs for GDERKNQSTAVLIFYWHMCP>
#	G	D	E	R	K	N	Q	S	T	A	V	L	I	F	Y	W	H	M	C	P
0	0.29432	0.11816	0.01974	0.01852	0.16429	0.21284	0.01239	0.05092	0.01544	0.02332	0.01059	0.01262	0.00870	0.00638	0.00532	0.00188	0.00800	0.00441	0.00373	0.00846
1	0.01464	0.01322	0.07078	0.01395	0.04387	0.01195	0.05781	0.11678	0.12432	0.05195	0.08343	0.07733	0.15287	0.01187	0.00741	0.00228	0.00591	0.08864	0.04262	0.00835
2	0.01678	0.01558	0.02754	0.10819	0.30713	0.01527	0.20900	0.05367	0.01607	0.05805	0.01361	0.01716	0.01058	0.00607	0.00683	0.00199	0.00854	0.00634	0.00379	0.09779
3	0.00931	0.00726	0.00829	0.00801	0.00999	0.00635	0.00597	0.01155	0.01742	0.02291	0.38407	0.05788	0.39483	0.01569	0.00815	0.00229	0.00350	0.01328	0.00696	0.00630
4	0.01453	0.01409	0.01948	0.01704	0.01714	0.01914	0.01395	0.01580	0.01093	0.01679	0.01246	0.09614	0.01321	0.01308	0.02066	0.00301	0.66416	0.00748	0.00349	0.00743
5	0.01064	0.00793	0.00985	0.00935	0.01119	0.00753	0.00708	0.01477	0.07318	0.02660	0.58774	0.05069	0.09597	0.01409	0.00812	0.00228	0.00371	0.04497	0.00738	0.00692
6	0.02078	0.08731	0.02156	0.06962	0.10248	0.24909	0.01404	0.12881	0.08748	0.02292	0.01369	0.01596	0.01111	0.00791	0.00812	0.00208	0.08955	0.00550	0.00436	0.03763

[dist]
# distance from previous block
# <min> <max>
1	3

[block]
# block no. 11 follows, 32 sequences, length 17
# corresponding to MSA columns:
# 484-500
name=unknown_L
#
# <colnr> <probs for GDERKNQSTAVLIFYWHMCP>
#	G	D	E	R	K	N	Q	S	T	A	V	L	I	F	Y	W	H	M	C	P
0	0.01203	0.01049	0.05750	0.01198	0.01421	0.00970	0.04402	0.01404	0.01284	0.06416	0.02737	0.17629	0.12010	0.05708	0.16324	0.05244	0.09730	0.01021	0.00471	0.04030
1	0.01935	0.15748	0.18084	0.07832	0.12060	0.08798	0.01674	0.19912	0.01935	0.03979	0.01294	0.01483	0.00990	0.00684	0.00618	0.00194	0.00857	0.00523	0.00415	0.00985
2	0.01196	0.00986	0.01171	0.01117	0.01329	0.04257	0.04195	0.07606	0.03000	0.02128	0.09662	0.18301	0.18977	0.07795	0.01033	0.00283	0.00555	0.15151	0.00596	0.00661
3	0.00974	0.00711	0.01006	0.01006	0.01099	0.00802	0.00744	0.01155	0.01062	0.01509	0.01880	0.03054	0.01862	0.21499	0.57406	0.00980	0.01534	0.00781	0.00374	0.00561
4	0.01735	0.06020	0.02256	0.13232	0.24370	0.06118	0.06286	0.13075	0.04819	0.02418	0.01558	0.05413	0.01301	0.00756	0.00655	0.00203	0.00776	0.00665	0.07415	0.00929
5	0.07214	0.05710	0.02174	0.12386	0.08128	0.24572	0.08653	0.06247	0.01645	0.04986	0.01256	0.01646	0.01034	0.04557	0.00900	0.00228	0.06888	0.00564	0.00382	0.00831
6	0.00953	0.00737	0.00870	0.00919	0.01090	0.00692	0.00711	0.01237	0.05025	0.01946	0.10069	0.15435	0.31793	0.06688	0.01009	0.00283	0.00452	0.18868	0.00623	0.00603
7	0.01735	0.09084	0.01970	0.01310	0.01883	0.01355	0.08089	0.09132	0.07100	0.08019	0.01474	0.01599	0.01144	0.00611	0.00572	0.00149	0.00623	0.00510	0.00469	0.43171
8	0.06846	0.19308	0.34808	0.01622	0.02318	0.04776	0.04937	0.05378	0.01489	0.02109	0.01433	0.01623	0.04640	0.00725	0.00691	0.00203	0.05317	0.00531	0.00340	0.00907
9	0.00858	0.00657	0.00791	0.00873	0.01006	0.00592	0.00638	0.01027	0.01453	0.01854	0.08926	0.36837	0.30588	0.01879	0.00840	0.00257	0.00396	0.09322	0.00633	0.00573
10	0.04265	0.05119	0.06637	0.11542	0.04463	0.01348	0.05488	0.11892	0.06319	0.09187	0.06278	0.16983	0.02197	0.04240	0.00822	0.00242	0.00670	0.00921	0.00536	0.00850
11	0.06761	0.06785	0.07869	0.05252	0.04443	0.11030	0.08620	0.11909	0.01718	0.04312	0.01603	0.01837	0.04183	0.00873	0.02632	0.00221	0.06062	0.00593	0.07661	0.05636
12	0.06593	0.01217	0.01465	0.01264	0.01510	0.05524	0.01020	0.02050	0.01463	0.22291	0.06454	0.02463	0.06323	0.01665	0.12697	0.00368	0.20213	0.00710	0.03896	0.00816
13	0.00938	0.00707	0.00863	0.00869	0.01014	0.00669	0.00627	0.01232	0.05101	0.02165	0.31891	0.21282	0.18662	0.06450	0.04176	0.00297	0.00439	0.01356	0.00651	0.00611
14	0.01738	0.01476	0.01556	0.01379	0.01771	0.01701	0.01079	0.08775	0.65699	0.02918	0.02643	0.02433	0.01977	0.00902	0.00682	0.00226	0.00547	0.00746	0.00682	0.01068
15	0.01724	0.08380	0.10923	0.10869	0.02272	0.12295	0.01370	0.09603	0.23417	0.02350	0.01906	0.08666	0.01596	0.00883	0.00657	0.00211	0.00761	0.00712	0.00492	0.00914
16	0.01713	0.43519	0.11806	0.01400	0.01972	0.07866	0.06653	0.05378	0.01560	0.01908	0.05557	0.01732	0.04970	0.00709	0.00552	0.00172	0.00781	0.00535	0.00359	0.00859

[dist]
# distance from previous block
# <min> <max>
1	3

[block]
# block no. 12 follows, 32 sequences, length 9
# corresponding to MSA columns:
# 504-512
name=unknown_M
#
# <colnr> <probs for GDERKNQSTAVLIFYWHMCP>
#	G	D	E	R	K	N	Q	S	T	A	V	L	I	F	Y	W	H	M	C	P
0	0.01700	0.01324	0.01540	0.12385	0.02102	0.01508	0.01133	0.07213	0.43905	0.07566	0.04989	0.02418	0.01928	0.00870	0.00669	0.00218	0.00578	0.00726	0.06249	0.00978
1	0.01451	0.01389	0.02366	0.23170	0.14561	0.01426	0.18309	0.07280	0.01610	0.02151	0.02125	0.02436	0.11713	0.00787	0.00706	0.00210	0.00813	0.00755	0.00400	0.06340
2	0.00908	0.00793	0.00910	0.00873	0.01047	0.00795	0.00671	0.01082	0.01464	0.01840	0.10449	0.10389	0.51773	0.01624	0.01010	0.00239	0.11647	0.01310	0.00582	0.00595
3	0.01632	0.01530	0.02049	0.01729	0.01810	0.02059	0.01439	0.11943	0.01349	0.02010	0.00991	0.01490	0.00920	0.01119	0.01971	0.00280	0.63946	0.00590	0.00351	0.00795
4	0.02615	0.01051	0.01423	0.01149	0.01579	0.00923	0.00930	0.02851	0.01792	0.58985	0.02729	0.07121	0.02019	0.06309	0.00895	0.00249	0.00569	0.05014	0.00775	0.01022
5	0.01251	0.00625	0.00625	0.00625	0.00782	0.00625	0.00469	0.01563	0.01407	0.02502	0.02189	0.02502	0.01720	0.00782	0.00469	0.00156	0.00313	0.00625	0.80144	0.00625
6	0.21383	0.01238	0.01815	0.19831	0.13625	0.01341	0.08799	0.01751	0.01393	0.02225	0.04684	0.02570	0.08749	0.00974	0.02908	0.00247	0.00742	0.04540	0.00409	0.00774
7	0.01798	0.06803	0.02167	0.06703	0.14844	0.01705	0.04111	0.06972	0.12112	0.05254	0.01927	0.05117	0.01704	0.01266	0.03850	0.02824	0.14007	0.05351	0.00515	0.00971
8	0.12321	0.01519	0.04360	0.02045	0.20064	0.01453	0.01321	0.02172	0.11996	0.02466	0.01928	0.04478	0.04501	0.01062	0.03642	0.00263	0.05122	0.00685	0.00496	0.18108

[dist]
# distance from previous block
# <min> <max>
0	60

[block]
# block no. 13 follows, 32 sequences, length 16
# corresponding to MSA columns:
# 577-592
name=unknown_N
#
# <colnr> <probs for GDERKNQSTAVLIFYWHMCP>
#	G	D	E	R	K	N	Q	S	T	A	V	L	I	F	Y	W	H	M	C	P
0	0.00924	0.00729	0.00841	0.00835	0.01020	0.00677	0.00617	0.01279	0.07320	0.02190	0.29058	0.16767	0.32118	0.01583	0.00794	0.00229	0.00355	0.01369	0.00669	0.00627
1	0.01010	0.00771	0.01100	0.08521	0.06825	0.00767	0.00909	0.01184	0.01371	0.01797	0.06580	0.30057	0.13632	0.01736	0.01016	0.09061	0.00518	0.12015	0.00537	0.00596
2	0.01742	0.01345	0.01680	0.11045	0.09760	0.01460	0.01217	0.18241	0.18919	0.07417	0.11520	0.02761	0.08078	0.00943	0.00700	0.00214	0.00614	0.00794	0.00604	0.00947
3	0.00879	0.00725	0.00794	0.00764	0.01000	0.00607	0.00569	0.01073	0.01524	0.01939	0.13012	0.14494	0.48390	0.01582	0.00768	0.00217	0.00361	0.01344	0.00611	0.09346
4	0.01313	0.01236	0.03673	0.18808	0.27408	0.01248	0.01526	0.01751	0.04752	0.02083	0.09047	0.06638	0.08422	0.01013	0.00728	0.00226	0.00685	0.08164	0.00450	0.00830
5	0.01207	0.00982	0.01175	0.00940	0.01342	0.00784	0.00716	0.01466	0.01449	0.02167	0.15309	0.11532	0.02555	0.05954	0.00794	0.00179	0.00459	0.00782	0.00492	0.49716
6	0.02232	0.01626	0.01746	0.01380	0.01837	0.01790	0.01126	0.52702	0.08015	0.03824	0.06370	0.02003	0.01616	0.00848	0.00657	0.00199	0.00647	0.00658	0.09682	0.01043
