[name]
unknown

[dist]
# distance from previous block
# <min> <max>
5	114

[block]
# block no. 0 follows, 43 sequences, length 7
# corresponding to MSA columns:
# 131-137
name=unknown_A
#
# <colnr> <probs for GDERKNQSTAVLIFYWHMCP>
#	G	D	E	R	K	N	Q	S	T	A	V	L	I	F	Y	W	H	M	C	P
0	0.00950	0.00684	0.00980	0.06328	0.11241	0.00674	0.00739	0.01098	0.01132	0.06197	0.08938	0.27306	0.10566	0.10114	0.05449	0.05144	0.00494	0.00996	0.00435	0.00535
1	0.04393	0.00721	0.00764	0.00756	0.00905	0.04209	0.00556	0.03152	0.04664	0.06892	0.04537	0.25990	0.06510	0.03976	0.05155	0.00230	0.00432	0.00896	0.24711	0.00551
2	0.04866	0.05878	0.01603	0.03838	0.09317	0.05871	0.06146	0.17610	0.09465	0.08557	0.06025	0.04910	0.03377	0.00706	0.00576	0.00168	0.02778	0.00584	0.03623	0.04102
3	0.04236	0.00990	0.05483	0.00948	0.01241	0.00900	0.00793	0.11776	0.09144	0.10411	0.08426	0.13728	0.10217	0.01204	0.05699	0.00228	0.00511	0.06028	0.00499	0.07536
4	0.03572	0.20519	0.17218	0.11288	0.05097	0.04354	0.05999	0.08506	0.05792	0.05701	0.01137	0.01326	0.00881	0.00775	0.05372	0.00206	0.00734	0.00448	0.00322	0.00753
5	0.12436	0.05610	0.03831	0.04827	0.08557	0.03360	0.07884	0.06247	0.04762	0.05584	0.08261	0.04569	0.01519	0.03411	0.00593	0.00176	0.00534	0.02633	0.07862	0.07344
6	0.03189	0.00865	0.02485	0.02972	0.03726	0.03012	0.00702	0.05611	0.10519	0.07227	0.05950	0.07546	0.04422	0.00947	0.02851	0.02926	0.00439	0.03420	0.28666	0.02525

[dist]
# distance from previous block
# <min> <max>
3	34

[block]
# block no. 1 follows, 43 sequences, length 17
# corresponding to MSA columns:
# 172-188
name=unknown_B
#
# <colnr> <probs for GDERKNQSTAVLIFYWHMCP>
#	G	D	E	R	K	N	Q	S	T	A	V	L	I	F	Y	W	H	M	C	P
0	0.05840	0.05396	0.10649	0.08571	0.06013	0.02735	0.05878	0.10212	0.01345	0.06608	0.06623	0.11041	0.01590	0.08711	0.00775	0.00207	0.00581	0.00657	0.00389	0.06179
1	0.03002	0.04776	0.01549	0.06027	0.20588	0.03572	0.01029	0.12403	0.01404	0.04854	0.01308	0.01495	0.03947	0.00604	0.00550	0.03097	0.00539	0.00462	0.05021	0.23771
2	0.02621	0.08218	0.13818	0.08672	0.12895	0.05593	0.06048	0.06142	0.04806	0.05351	0.05018	0.03623	0.05409	0.00675	0.00619	0.00171	0.05505	0.00555	0.00349	0.03910
3	0.06264	0.01282	0.08008	0.01192	0.05714	0.07678	0.04412	0.05844	0.07885	0.07323	0.03104	0.09991	0.09670	0.01969	0.00602	0.00169	0.02195	0.00655	0.00413	0.15629
4	0.01629	0.10132	0.06736	0.07688	0.13572	0.08829	0.05223	0.22121	0.04181	0.05030	0.01150	0.01296	0.00878	0.00560	0.00517	0.00155	0.00663	0.00455	0.00375	0.08811
5	0.01399	0.02811	0.01144	0.01038	0.04563	0.00900	0.00764	0.03497	0.09748	0.21877	0.06186	0.09488	0.03750	0.10729	0.14306	0.00348	0.05578	0.00719	0.00479	0.00676
6	0.00962	0.00900	0.07145	0.08280	0.05492	0.00820	0.00777	0.03395	0.08293	0.01446	0.01754	0.11995	0.01826	0.38468	0.05786	0.00390	0.00602	0.00781	0.00364	0.00524
7	0.00681	0.00488	0.00657	0.00778	0.00814	0.00463	0.00524	0.00783	0.01051	0.01407	0.02964	0.75788	0.03535	0.01871	0.05073	0.00262	0.00387	0.01519	0.00502	0.00452
8	0.01121	0.00677	0.00832	0.00790	0.00981	0.00637	0.00610	0.01418	0.07268	0.15398	0.18095	0.13322	0.18131	0.05379	0.00753	0.00211	0.00368	0.09521	0.03893	0.00594
9	0.00754	0.00559	0.00693	0.00669	0.00798	0.00509	0.00492	0.00969	0.01439	0.01974	0.54907	0.08238	0.18954	0.05664	0.00778	0.00200	0.00284	0.01053	0.00571	0.00498
10	0.00825	0.00544	0.00689	0.00750	0.00850	0.00494	0.00531	0.00950	0.01164	0.07205	0.06579	0.51336	0.17749	0.03529	0.00738	0.00220	0.00336	0.04490	0.00526	0.00493
11	0.00690	0.00562	0.00611	0.00599	0.00770	0.00483	0.00449	0.00864	0.01347	0.01696	0.25282	0.05000	0.57060	0.01328	0.00654	0.00183	0.00275	0.01123	0.00541	0.00483
12	0.01030	0.00704	0.00862	0.00874	0.01023	0.00712	0.00658	0.01456	0.15952	0.08333	0.06559	0.29071	0.06335	0.09623	0.00892	0.00247	0.00409	0.14155	0.00524	0.00581
13	0.01906	0.01452	0.01550	0.01234	0.01641	0.01624	0.01004	0.55387	0.22777	0.03168	0.01583	0.01532	0.01147	0.00689	0.00557	0.00172	0.00562	0.00534	0.00557	0.00924
14	0.25434	0.03782	0.01329	0.01014	0.01420	0.03723	0.00839	0.24610	0.01701	0.28756	0.01436	0.01377	0.00980	0.00620	0.00487	0.00167	0.00522	0.00452	0.00521	0.00829
15	0.01208	0.00982	0.01173	0.03607	0.01406	0.00759	0.00695	0.01457	0.01168	0.05349	0.01041	0.01195	0.00843	0.00428	0.00422	0.00090	0.00425	0.00345	0.00342	0.77066
16	0.06288	0.17880	0.05404	0.08535	0.22355	0.01382	0.04612	0.01700	0.07996	0.03962	0.07169	0.01669	0.01299	0.05070	0.00664	0.00184	0.02249	0.00516	0.00334	0.00732

[dist]
# distance from previous block
# <min> <max>
0	2

[block]
# block no. 2 follows, 43 sequences, length 15
# corresponding to MSA columns:
# 191-200,222-226
name=unknown_C
#
# <colnr> <probs for GDERKNQSTAVLIFYWHMCP>
#	G	D	E	R	K	N	Q	S	T	A	V	L	I	F	Y	W	H	M	C	P
0	0.08847	0.01720	0.01353	0.01278	0.04841	0.37177	0.00941	0.04876	0.01376	0.09641	0.01209	0.04225	0.01031	0.02984	0.12695	0.00282	0.04034	0.00481	0.00353	0.00655
1	0.01385	0.05259	0.05142	0.00989	0.02764	0.00966	0.00800	0.09748	0.11669	0.16408	0.19352	0.09709	0.05340	0.05117	0.02658	0.00213	0.00469	0.00771	0.00531	0.00710
2	0.01369	0.09069	0.39826	0.06065	0.06511	0.04981	0.01532	0.03868	0.01276	0.10958	0.01337	0.04338	0.03148	0.00615	0.00525	0.00168	0.00700	0.00491	0.00325	0.02900
3	0.01115	0.01101	0.04059	0.45986	0.13891	0.01190	0.09013	0.01533	0.04545	0.01611	0.03498	0.04392	0.01081	0.00608	0.00565	0.00181	0.00686	0.00568	0.03706	0.00672
4	0.01046	0.00984	0.01661	0.79205	0.03814	0.01230	0.01538	0.01415	0.01107	0.01415	0.00984	0.01477	0.00738	0.00554	0.00554	0.00185	0.00738	0.00492	0.00246	0.00615
5	0.01729	0.09308	0.04564	0.01374	0.05035	0.21060	0.04087	0.21734	0.07839	0.05340	0.01309	0.05589	0.01081	0.00806	0.03393	0.00191	0.03873	0.00520	0.00402	0.00766
6	0.01691	0.00917	0.01107	0.00925	0.01249	0.00892	0.00738	0.05802	0.18514	0.34375	0.12819	0.02756	0.14030	0.00875	0.00587	0.00178	0.00412	0.00728	0.00614	0.00795
7	0.00823	0.00592	0.00658	0.00643	0.00833	0.00509	0.00493	0.00987	0.01311	0.07400	0.12446	0.07981	0.56400	0.01340	0.00656	0.00190	0.00308	0.05380	0.00537	0.00511
8	0.01046	0.00984	0.01661	0.79205	0.03814	0.01230	0.01538	0.01415	0.01107	0.01415	0.00984	0.01477	0.00738	0.00554	0.00554	0.00185	0.00738	0.00492	0.00246	0.00615
9	0.04905	0.05410	0.22766	0.09116	0.12815	0.05318	0.06444	0.20095	0.01567	0.04760	0.01107	0.01281	0.00819	0.00560	0.00532	0.00169	0.00715	0.00461	0.00346	0.00815
10	0.01378	0.01190	0.01252	0.01127	0.01440	0.01378	0.00877	0.02943	0.76081	0.02317	0.02254	0.02066	0.01691	0.00751	0.00564	0.00188	0.00438	0.00626	0.00564	0.00877
11	0.00952	0.00488	0.00732	0.00732	0.00738	0.00494	0.00494	0.00738	0.00732	0.00981	0.00993	0.01713	0.00987	0.02057	0.06723	0.78920	0.00541	0.00488	0.00244	0.00256
12	0.06157	0.00565	0.00712	0.00790	0.00882	0.00538	0.00559	0.00990	0.01111	0.07113	0.02932	0.62444	0.06013	0.01556	0.00674	0.00218	0.00348	0.05382	0.00516	0.00500
13	0.01814	0.01339	0.01536	0.06438	0.08718	0.09168	0.03126	0.22203	0.12557	0.18791	0.01674	0.07351	0.01299	0.00722	0.00564	0.00174	0.00595	0.00598	0.00500	0.00833
14	0.02501	0.05539	0.03587	0.02561	0.08752	0.08164	0.03127	0.01411	0.05497	0.05533	0.01987	0.28031	0.03661	0.07574	0.04918	0.00248	0.00575	0.00878	0.00406	0.05050

[dist]
# distance from previous block
# <min> <max>
1	59

[block]
# block no. 3 follows, 43 sequences, length 17
# corresponding to MSA columns:
# 287-303
name=unknown_D
#
# <colnr> <probs for GDERKNQSTAVLIFYWHMCP>
#	G	D	E	R	K	N	Q	S	T	A	V	L	I	F	Y	W	H	M	C	P
0	0.06954	0.13375	0.07213	0.04631	0.07185	0.01154	0.02848	0.06711	0.01258	0.07243	0.05352	0.04888	0.06146	0.05662	0.06524	0.00236	0.02192	0.00576	0.02836	0.07014
1	0.04332	0.22204	0.13929	0.05576	0.16432	0.03671	0.05058	0.03997	0.10163	0.01748	0.01087	0.01266	0.00874	0.00553	0.00547	0.00160	0.04260	0.00437	0.00303	0.03403
2	0.00893	0.00657	0.00783	0.00725	0.00889	0.00630	0.00547	0.04838	0.03514	0.04276	0.41321	0.05686	0.24339	0.05460	0.00792	0.00200	0.02365	0.00987	0.00555	0.00542
3	0.01151	0.00986	0.01624	0.12310	0.28040	0.01008	0.07242	0.01458	0.05225	0.04026	0.03941	0.14809	0.03688	0.00937	0.00751	0.08107	0.00574	0.03092	0.00360	0.00669
4	0.03781	0.01019	0.01333	0.01133	0.01299	0.01222	0.00923	0.06392	0.02822	0.12480	0.01348	0.01690	0.03127	0.04039	0.12711	0.00314	0.34244	0.00530	0.03210	0.06382
5	0.00851	0.00669	0.00976	0.16028	0.05790	0.00720	0.00777	0.01013	0.01024	0.01374	0.05219	0.20005	0.05845	0.17850	0.15064	0.03056	0.00677	0.02203	0.00369	0.00490
6	0.00805	0.00537	0.00604	0.00604	0.00604	0.00537	0.00336	0.00805	0.00805	0.01074	0.01745	0.03624	0.02013	0.80536	0.02819	0.00537	0.00537	0.00805	0.00336	0.00336
7	0.01194	0.00700	0.00881	0.00767	0.00974	0.00647	0.00586	0.05184	0.01516	0.16358	0.44474	0.03368	0.05693	0.08256	0.00810	0.00202	0.00350	0.00836	0.03412	0.03791
8	0.00690	0.00562	0.00610	0.00598	0.00770	0.00483	0.00449	0.00864	0.01346	0.01696	0.25206	0.05002	0.57137	0.01328	0.00654	0.00183	0.00275	0.01123	0.00541	0.00483
9	0.84448	0.01071	0.00814	0.00728	0.01071	0.01242	0.00600	0.01628	0.00943	0.02485	0.00771	0.00900	0.00600	0.00514	0.00343	0.00171	0.00428	0.00300	0.00343	0.00600
10	0.01370	0.04003	0.01355	0.04023	0.05575	0.01341	0.00923	0.09700	0.51990	0.02252	0.02238	0.04935	0.06285	0.00788	0.00565	0.00183	0.00469	0.00658	0.00519	0.00827
11	0.05669	0.01376	0.12079	0.03980	0.14543	0.03429	0.08230	0.05606	0.05430	0.09844	0.01437	0.09517	0.01231	0.00909	0.05211	0.00219	0.05065	0.00605	0.00374	0.05246
12	0.43015	0.17819	0.01508	0.01032	0.04212	0.10011	0.00832	0.12449	0.01304	0.02237	0.00872	0.00989	0.00696	0.00533	0.00401	0.00156	0.00560	0.00342	0.00343	0.00688
13	0.00784	0.00642	0.00840	0.05096	0.01098	0.03349	0.03322	0.00926	0.01122	0.01451	0.02972	0.58716	0.08697	0.01542	0.00690	0.00218	0.00403	0.07167	0.00483	0.00483
14	0.09445	0.05726	0.01534	0.05989	0.01667	0.05318	0.05592	0.23267	0.04154	0.06823	0.01267	0.04326	0.01018	0.02495	0.00554	0.00159	0.00570	0.00489	0.00417	0.19191
15	0.06492	0.08129	0.05589	0.05443	0.09026	0.02755	0.07802	0.10818	0.02791	0.15891	0.01463	0.05683	0.02655	0.00632	0.00521	0.00158	0.00578	0.00536	0.00413	0.12627
16	0.05147	0.07182	0.39420	0.01532	0.06076	0.12705	0.04175	0.07238	0.03700	0.01840	0.01128	0.03018	0.00906	0.00601	0.00524	0.00170	0.00761	0.02809	0.00299	0.00770

[dist]
# distance from previous block
# <min> <max>
0	2

[block]
# block no. 4 follows, 43 sequences, length 12
# corresponding to MSA columns:
# 306-317
name=unknown_E
#
# <colnr> <probs for GDERKNQSTAVLIFYWHMCP>
#	G	D	E	R	K	N	Q	S	T	A	V	L	I	F	Y	W	H	M	C	P
0	0.01277	0.12044	0.20590	0.01497	0.06285	0.05907	0.14048	0.04598	0.04849	0.03702	0.11137	0.06954	0.01651	0.00711	0.00563	0.00172	0.00663	0.02266	0.00361	0.00726
1	0.01053	0.03552	0.01270	0.16955	0.06916	0.03220	0.03102	0.08805	0.01300	0.01691	0.03912	0.23167	0.10634	0.01311	0.06639	0.00247	0.00600	0.04620	0.00410	0.00597
2	0.01543	0.08197	0.08998	0.08119	0.09553	0.06635	0.18117	0.07557	0.01380	0.13685	0.01286	0.03682	0.00998	0.00771	0.04383	0.00208	0.03222	0.00542	0.00361	0.00766
3	0.01646	0.05518	0.07693	0.01383	0.07939	0.11483	0.04739	0.10495	0.09348	0.16710	0.06214	0.05473	0.04426	0.00739	0.00605	0.00172	0.03582	0.00601	0.00454	0.00778
4	0.00699	0.00511	0.00661	0.00753	0.00821	0.00472	0.00527	0.00831	0.01160	0.01540	0.12637	0.57608	0.12166	0.01609	0.00698	0.00216	0.00320	0.05780	0.00526	0.00465
5	0.03088	0.03731	0.22468	0.01470	0.07988	0.08466	0.07439	0.04200	0.04826	0.04316	0.08745	0.05579	0.04229	0.00910	0.03929	0.00210	0.02344	0.04984	0.00368	0.00710
6	0.01377	0.09181	0.14238	0.08273	0.14062	0.09565	0.02857	0.07949	0.08232	0.03216	0.01530	0.05042	0.05782	0.00701	0.00602	0.00173	0.04362	0.01762	0.00349	0.00745
7	0.01111	0.02865	0.77667	0.01579	0.02397	0.01286	0.02046	0.01754	0.01169	0.01754	0.00994	0.01169	0.00702	0.00526	0.00526	0.00175	0.00818	0.00409	0.00234	0.00818
8	0.01515	0.04182	0.04333	0.01843	0.05643	0.19376	0.33975	0.09094	0.01441	0.01781	0.01134	0.03916	0.00935	0.00783	0.05137	0.00215	0.03097	0.00565	0.00313	0.00720
9	0.03954	0.08692	0.06211	0.10523	0.11853	0.05063	0.07478	0.16081	0.03854	0.08653	0.03418	0.04228	0.03834	0.00759	0.02829	0.00190	0.00660	0.00559	0.00394	0.00766
10	0.01329	0.01305	0.05341	0.22855	0.15307	0.07812	0.05301	0.06681	0.05830	0.04772	0.06677	0.03754	0.01308	0.03679	0.00727	0.00193	0.05497	0.00573	0.00350	0.00709
11	0.01193	0.01088	0.01273	0.01146	0.01245	0.09810	0.00908	0.03906	0.01028	0.04010	0.01182	0.01784	0.01111	0.09119	0.29832	0.00490	0.29465	0.00542	0.00302	0.00569

[dist]
# distance from previous block
# <min> <max>
0	1

[block]
# block no. 5 follows, 43 sequences, length 7
# corresponding to MSA columns:
# 319-325
name=unknown_F
#
# <colnr> <probs for GDERKNQSTAVLIFYWHMCP>
#	G	D	E	R	K	N	Q	S	T	A	V	L	I	F	Y	W	H	M	C	P
0	0.20448	0.06961	0.01683	0.04645	0.15128	0.16595	0.04396	0.07232	0.03165	0.01894	0.00985	0.02941	0.00833	0.00618	0.00641	0.00172	0.10199	0.00443	0.00318	0.00703
1	0.01481	0.80869	0.02902	0.00948	0.01421	0.02191	0.00948	0.01658	0.01125	0.01303	0.00770	0.00888	0.00711	0.00474	0.00355	0.00118	0.00592	0.00296	0.00237	0.00711
2	0.00716	0.00525	0.00679	0.00777	0.00853	0.00488	0.00563	0.00856	0.01162	0.01526	0.08988	0.51963	0.13916	0.01610	0.00705	0.00221	0.00342	0.13123	0.00521	0.00468
3	0.00704	0.00510	0.00659	0.00748	0.00809	0.00474	0.00517	0.00830	0.01147	0.01530	0.13542	0.56634	0.09872	0.04986	0.00788	0.00229	0.00327	0.04713	0.00520	0.00459
4	0.00730	0.00683	0.06554	0.00812	0.00916	0.00533	0.00623	0.00869	0.01066	0.01421	0.02937	0.57271	0.08545	0.09920	0.00915	0.00253	0.00388	0.04621	0.00474	0.00470
5	0.00688	0.00487	0.00639	0.00755	0.00784	0.00458	0.00497	0.00775	0.01035	0.01380	0.02924	0.72653	0.03501	0.09479	0.00914	0.00256	0.00343	0.01499	0.00497	0.00439
6	0.01337	0.10715	0.16065	0.04394	0.01685	0.04547	0.01056	0.07454	0.03209	0.04731	0.01079	0.01231	0.00849	0.00621	0.03132	0.00152	0.00605	0.00387	0.00331	0.36421

[dist]
# distance from previous block
# <min> <max>
0	1

[block]
# block no. 6 follows, 43 sequences, length 21
# corresponding to MSA columns:
# 327-347
name=unknown_G
#
# <colnr> <probs for GDERKNQSTAVLIFYWHMCP>
#	G	D	E	R	K	N	Q	S	T	A	V	L	I	F	Y	W	H	M	C	P
0	0.00818	0.00595	0.00778	0.00807	0.00876	0.00607	0.00580	0.00948	0.01144	0.03868	0.16106	0.42668	0.08168	0.08666	0.00988	0.00243	0.07829	0.03332	0.00494	0.00485
1	0.01259	0.01491	0.12201	0.11940	0.10286	0.07461	0.17577	0.06262	0.03061	0.01776	0.07352	0.01783	0.02814	0.03046	0.05910	0.00236	0.03937	0.00580	0.00326	0.00702
2	0.01418	0.67570	0.15649	0.01055	0.01588	0.02037	0.01135	0.01675	0.01133	0.01380	0.00808	0.00936	0.00709	0.00483	0.00384	0.00128	0.00631	0.00315	0.00236	0.00729
3	0.04337	0.07103	0.01585	0.01186	0.01575	0.12404	0.00968	0.40405	0.08837	0.09010	0.01505	0.01505	0.03431	0.00766	0.02727	0.00183	0.00645	0.00499	0.00491	0.00840
4	0.00785	0.00582	0.00852	0.00861	0.00948	0.00665	0.00654	0.00961	0.00894	0.01277	0.01603	0.07208	0.01577	0.09873	0.67637	0.00821	0.01337	0.00672	0.00313	0.00479
5	0.10005	0.11760	0.18574	0.03585	0.06531	0.07067	0.04260	0.09287	0.03006	0.10606	0.01259	0.06233	0.01022	0.00649	0.00561	0.00170	0.03795	0.00505	0.00364	0.00761
6	0.04331	0.01969	0.03703	0.01545	0.10422	0.38055	0.01103	0.12543	0.14762	0.01928	0.01259	0.03664	0.01022	0.00639	0.00526	0.00161	0.00762	0.00477	0.00378	0.00751
7	0.00762	0.00621	0.00698	0.00805	0.00859	0.05363	0.00546	0.00863	0.01100	0.01413	0.03011	0.72337	0.06256	0.01649	0.00692	0.00218	0.00363	0.01482	0.00500	0.00463
8	0.01522	0.01218	0.01301	0.01136	0.01471	0.01386	0.00894	0.11290	0.63516	0.06555	0.02143	0.01971	0.01587	0.00738	0.00562	0.00184	0.00460	0.00608	0.00569	0.00888
9	0.04574	0.01522	0.19802	0.02762	0.14576	0.02174	0.06680	0.04823	0.05474	0.17231	0.01702	0.08490	0.04523	0.00721	0.00592	0.00180	0.02354	0.00620	0.00409	0.00791
10	0.01371	0.01316	0.02248	0.03399	0.77081	0.01316	0.01700	0.01700	0.01261	0.01809	0.01042	0.01371	0.00877	0.00493	0.00548	0.00164	0.00658	0.00493	0.00274	0.00877
11	0.00723	0.00533	0.00681	0.00737	0.00832	0.00491	0.00535	0.00890	0.01264	0.01690	0.25536	0.38920	0.15820	0.01483	0.00688	0.00206	0.00313	0.07636	0.00542	0.00480
12	0.03265	0.00539	0.00696	0.04186	0.00952	0.00519	0.00567	0.00850	0.01101	0.01485	0.04982	0.61546	0.11209	0.01588	0.00685	0.00217	0.00345	0.04302	0.00499	0.00468
13	0.01331	0.06264	0.08876	0.06155	0.05927	0.01253	0.12360	0.01607	0.01178	0.12616	0.06408	0.08067	0.01409	0.00904	0.03379	0.00216	0.20359	0.00631	0.00362	0.00696
14	0.04825	0.01187	0.01329	0.01106	0.01451	0.01270	0.00915	0.40443	0.05769	0.10518	0.05272	0.02653	0.05756	0.00885	0.00596	0.00186	0.00528	0.13955	0.00552	0.00802
15	0.00770	0.00546	0.00697	0.00749	0.00802	0.00548	0.00522	0.00871	0.00979	0.01304	0.02450	0.24440	0.07116	0.31401	0.14224	0.00452	0.00615	0.10679	0.00412	0.00424
16	0.01332	0.10320	0.06456	0.06162	0.10339	0.01183	0.05327	0.11152	0.06108	0.08041	0.15123	0.02298	0.09008	0.00896	0.03674	0.00198	0.00573	0.00648	0.00437	0.00727
17	0.01129	0.00732	0.02825	0.02592	0.02437	0.00731	0.03642	0.03056	0.00922	0.06493	0.01247	0.01779	0.04000	0.01621	0.03919	0.54515	0.07132	0.00523	0.00295	0.00408
18	0.00927	0.00591	0.00748	0.00778	0.00893	0.00554	0.00551	0.01136	0.05283	0.09814	0.12075	0.47763	0.10279	0.04938	0.00764	0.00221	0.00342	0.01271	0.00539	0.00532
19	0.01445	0.35907	0.03593	0.04230	0.03693	0.01655	0.00980	0.09724	0.06866	0.05831	0.03432	0.01557	0.03940	0.03920	0.02528	0.00189	0.08969	0.00474	0.00349	0.00718
20	0.05776	0.03987	0.15259	0.11263	0.10962	0.01406	0.09657	0.13591	0.12117	0.03192	0.01262	0.02576	0.00972	0.00615	0.00614	0.00179	0.04905	0.00516	0.00361	0.00790

[dist]
# distance from previous block
# <min> <max>
1	6

[block]
# block no. 7 follows, 43 sequences, length 27
# corresponding to MSA columns:
# 365-391
name=unknown_H
#
# <colnr> <probs for GDERKNQSTAVLIFYWHMCP>
#	G	D	E	R	K	N	Q	S	T	A	V	L	I	F	Y	W	H	M	C	P
0	0.04203	0.29936	0.15195	0.01374	0.07250	0.17361	0.01217	0.06269	0.03193	0.04660	0.00972	0.01104	0.00784	0.00552	0.00511	0.00150	0.03845	0.00381	0.00298	0.00747
1	0.00823	0.00560	0.00652	0.00652	0.00677	0.00575	0.00396	0.00901	0.03104	0.01171	0.01776	0.05792	0.01974	0.65554	0.10453	0.00542	0.00618	0.00794	0.02608	0.00377
2	0.01493	0.15783	0.08256	0.05006	0.29957	0.03866	0.06304	0.13639	0.06867	0.01991	0.01121	0.01313	0.00890	0.00542	0.00520	0.00161	0.00667	0.00468	0.00330	0.00827
3	0.00801	0.00555	0.00697	0.00697	0.00729	0.00587	0.00451	0.00865	0.00833	0.01143	0.01660	0.03154	0.01809	0.55731	0.27345	0.00652	0.00844	0.00737	0.00323	0.00387
4	0.00840	0.00562	0.00733	0.00745	0.00858	0.00519	0.00545	0.01030	0.01345	0.05915	0.38174	0.28965	0.08132	0.03949	0.00743	0.00208	0.00317	0.05346	0.00563	0.00512
5	0.00762	0.00531	0.00683	0.00777	0.00840	0.00503	0.00534	0.00911	0.03387	0.03475	0.03062	0.63047	0.07607	0.06659	0.00833	0.00241	0.00349	0.04814	0.00509	0.00473
6	0.01371	0.01316	0.02248	0.03399	0.77081	0.01316	0.01700	0.01700	0.01261	0.01809	0.01042	0.01371	0.00877	0.00493	0.00548	0.00164	0.00658	0.00493	0.00274	0.00877
7	0.01320	0.00669	0.00831	0.00752	0.00956	0.00628	0.00576	0.01606	0.04876	0.22047	0.21536	0.13479	0.02720	0.00940	0.00554	0.00168	0.00333	0.00806	0.24565	0.00639
8	0.01481	0.80869	0.02902	0.00948	0.01421	0.02191	0.00948	0.01658	0.01125	0.01303	0.00770	0.00888	0.00711	0.00474	0.00355	0.00118	0.00592	0.00296	0.00237	0.00711
9	0.01481	0.80869	0.02902	0.00948	0.01421	0.02191	0.00948	0.01658	0.01125	0.01303	0.00770	0.00888	0.00711	0.00474	0.00355	0.00118	0.00592	0.00296	0.00237	0.00711
10	0.01481	0.80869	0.02902	0.00948	0.01421	0.02191	0.00948	0.01658	0.01125	0.01303	0.00770	0.00888	0.00711	0.00474	0.00355	0.00118	0.00592	0.00296	0.00237	0.00711
11	0.01823	0.01411	0.01503	0.01217	0.01610	0.01585	0.00984	0.47162	0.31137	0.03035	0.01689	0.01616	0.01233	0.00698	0.00558	0.00175	0.00543	0.00548	0.00558	0.00917
12	0.00791	0.00544	0.00669	0.00681	0.00705	0.00563	0.00428	0.00842	0.00846	0.01150	0.01806	0.10156	0.02025	0.57025	0.18911	0.00585	0.00722	0.00828	0.00343	0.00380
13	0.01314	0.00699	0.00913	0.00796	0.01023	0.00635	0.00619	0.01595	0.04003	0.25137	0.46569	0.05563	0.06831	0.01011	0.00622	0.00176	0.00334	0.00876	0.00625	0.00658
14	0.01148	0.04243	0.01759	0.43130	0.12160	0.06819	0.07345	0.01461	0.01187	0.01511	0.03723	0.10560	0.01246	0.00692	0.00570	0.00181	0.00694	0.00629	0.00298	0.00642
15	0.00731	0.00545	0.00676	0.00730	0.00822	0.00509	0.00516	0.00920	0.03597	0.01632	0.19904	0.41736	0.16925	0.04740	0.00770	0.00219	0.00319	0.03699	0.00530	0.00480
16	0.01392	0.48153	0.04809	0.03621	0.04611	0.04821	0.01007	0.04028	0.01190	0.01497	0.03839	0.01180	0.00942	0.00698	0.03801	0.00167	0.05836	0.00379	0.00276	0.07755
17	0.01291	0.04293	0.01298	0.08484	0.13192	0.03381	0.00913	0.05780	0.01331	0.13671	0.07103	0.25248	0.05369	0.01062	0.02114	0.00196	0.00506	0.00873	0.00458	0.03438
18	0.00690	0.00522	0.00626	0.00691	0.00783	0.00472	0.00482	0.00811	0.01154	0.01484	0.09121	0.42581	0.28256	0.06696	0.00824	0.00230	0.00322	0.03291	0.00509	0.00455
19	0.00972	0.00799	0.03954	0.01083	0.08372	0.00732	0.00760	0.05489	0.04405	0.03885	0.20565	0.25775	0.07843	0.01397	0.06115	0.00241	0.00468	0.03329	0.03225	0.00591
20	0.01441	0.02955	0.20961	0.06521	0.15852	0.11020	0.03197	0.05303	0.08219	0.07817	0.02468	0.05966	0.01138	0.00663	0.00603	0.00175	0.04027	0.00543	0.00353	0.00777
21	0.01335	0.16206	0.47543	0.01450	0.04368	0.01382	0.04069	0.01849	0.03163	0.09781	0.03120	0.01315	0.00930	0.00553	0.00509	0.00165	0.00716	0.00437	0.00304	0.00806
22	0.00683	0.00492	0.00649	0.00772	0.00815	0.00458	0.00525	0.00787	0.01077	0.01427	0.03156	0.74068	0.06742	0.01713	0.00707	0.00225	0.00327	0.04411	0.00514	0.00453
23	0.01221	0.09155	0.08758	0.12608	0.14441	0.03051	0.06971	0.04705	0.07147	0.01725	0.04865	0.08484	0.03214	0.00765	0.00683	0.00183	0.08019	0.02955	0.00344	0.00706
24	0.05242	0.03800	0.01569	0.04793	0.12889	0.07137	0.03394	0.19513	0.04918	0.17570	0.06502	0.07284	0.01479	0.00724	0.00555	0.00171	0.00575	0.00605	0.00478	0.00801
25	0.01092	0.02952	0.03982	0.06841	0.16763	0.03001	0.07393	0.03642	0.01194	0.01607	0.06766	0.04515	0.04844	0.06463	0.10557	0.07718	0.00709	0.09007	0.00350	0.00605
26	0.01400	0.17470	0.19009	0.01309	0.05564	0.05621	0.04333	0.04612	0.03583	0.09002	0.03658	0.03609	0.01161	0.00816	0.04800	0.00196	0.02211	0.02402	0.00347	0.08897

[dist]
# distance from previous block
# <min> <max>
1	37

[block]
# block no. 8 follows, 43 sequences, length 74
# corresponding to MSA columns:
# 433-446,448-491,495-510
name=unknown_I
#
# <colnr> <probs for GDERKNQSTAVLIFYWHMCP>
#	G	D	E	R	K	N	Q	S	T	A	V	L	I	F	Y	W	H	M	C	P
0	0.01282	0.03166	0.10646	0.11834	0.14493	0.01179	0.10589	0.10014	0.01363	0.03726	0.01442	0.06399	0.03349	0.00682	0.00583	0.00170	0.01942	0.04774	0.00350	0.12018
1	0.05050	0.01352	0.12475	0.29650	0.08661	0.05030	0.03267	0.04363	0.01231	0.08070	0.03064	0.05162	0.01099	0.02954	0.02993	0.00212	0.03802	0.00548	0.00328	0.00689
2	0.00677	0.00486	0.00643	0.00763	0.00802	0.00452	0.00512	0.00779	0.01079	0.01436	0.04929	0.76075	0.05895	0.01710	0.00704	0.00223	0.00319	0.01548	0.00516	0.00452
3	0.00791	0.00593	0.00890	0.00890	0.00989	0.00692	0.00692	0.00989	0.00890	0.01286	0.01483	0.02176	0.01385	0.04154	0.78341	0.00890	0.01483	0.00593	0.00297	0.00494
4	0.00962	0.00481	0.00722	0.00722	0.00722	0.00481	0.00481	0.00722	0.00722	0.00962	0.00962	0.01684	0.00962	0.01924	0.02165	0.83886	0.00481	0.00481	0.00241	0.00241
5	0.84448	0.01071	0.00814	0.00728	0.01071	0.01242	0.00600	0.01628	0.00943	0.02485	0.00771	0.00900	0.00600	0.00514	0.00343	0.00171	0.00428	0.00300	0.00343	0.00600
6	0.00799	0.00561	0.00726	0.00726	0.00768	0.00603	0.00487	0.00883	0.00841	0.01164	0.01634	0.03009	0.01746	0.48074	0.34915	0.00687	0.00939	0.00715	0.00319	0.00403
7	0.00805	0.00537	0.00604	0.00604	0.00604	0.00537	0.00336	0.00805	0.00805	0.01074	0.01745	0.03624	0.02013	0.80536	0.02819	0.00537	0.00537	0.00805	0.00336	0.00336
8	0.01705	0.19742	0.01844	0.06699	0.05384	0.22783	0.01047	0.17823	0.06297	0.03769	0.01196	0.04852	0.01004	0.00731	0.02645	0.00174	0.00721	0.00474	0.00368	0.00742
9	0.84448	0.01071	0.00814	0.00728	0.01071	0.01242	0.00600	0.01628	0.00943	0.02485	0.00771	0.00900	0.00600	0.00514	0.00343	0.00171	0.00428	0.00300	0.00343	0.00600
10	0.02879	0.04116	0.01754	0.57382	0.10101	0.05120	0.03108	0.01581	0.01176	0.06097	0.01047	0.01435	0.00787	0.00551	0.00541	0.00177	0.00721	0.00482	0.00280	0.00667
11	0.23932	0.01083	0.01297	0.01018	0.01429	0.01080	0.04171	0.11346	0.03432	0.43217	0.01660	0.01544	0.01099	0.00630	0.00505	0.00172	0.00497	0.00488	0.00557	0.00842
12	0.01282	0.01301	0.01593	0.23044	0.06918	0.12871	0.04376	0.01640	0.07662	0.01532	0.01129	0.01600	0.00969	0.04422	0.02650	0.00213	0.15917	0.02269	0.00301	0.08311
13	0.00925	0.00615	0.00776	0.00709	0.00888	0.00547	0.00538	0.01159	0.01491	0.08554	0.54201	0.05928	0.15506	0.01117	0.00635	0.00173	0.00291	0.00972	0.00586	0.04390
14	0.01287	0.01257	0.02018	0.08160	0.47714	0.04776	0.07932	0.01573	0.01188	0.01639	0.01113	0.01639	0.00991	0.09565	0.03039	0.00232	0.04306	0.00538	0.00279	0.00753
15	0.01329	0.01184	0.03001	0.14513	0.15459	0.01245	0.07914	0.08176	0.20991	0.04308	0.01531	0.05596	0.01241	0.00824	0.04167	0.00210	0.01922	0.00594	0.00398	0.05396
16	0.11175	0.01178	0.04417	0.13619	0.22547	0.01194	0.01205	0.06183	0.08178	0.14211	0.02733	0.02858	0.02873	0.00656	0.00578	0.00178	0.03072	0.01959	0.00404	0.00780
17	0.84448	0.01071	0.00814	0.00728	0.01071	0.01242	0.00600	0.01628	0.00943	0.02485	0.00771	0.00900	0.00600	0.00514	0.00343	0.00171	0.00428	0.00300	0.00343	0.00600
18	0.01303	0.01252	0.02122	0.07036	0.51209	0.01234	0.09607	0.01684	0.04056	0.01815	0.03487	0.01479	0.01027	0.00515	0.00549	0.00160	0.00645	0.00514	0.00301	0.10006
19	0.00954	0.00486	0.00729	0.00729	0.00734	0.00491	0.00491	0.00734	0.00729	0.00977	0.00986	0.01706	0.00981	0.02026	0.05634	0.80106	0.00527	0.00486	0.00243	0.00252
20	0.01629	0.01181	0.03968	0.15302	0.35906	0.01137	0.03723	0.01942	0.01331	0.24371	0.01419	0.01654	0.01049	0.00585	0.00560	0.00173	0.00625	0.02207	0.00397	0.00838
21	0.01140	0.08962	0.71823	0.01529	0.02321	0.01357	0.01960	0.01746	0.01166	0.01719	0.00976	0.01147	0.00702	0.00522	0.00513	0.00171	0.00801	0.00400	0.00234	0.00810
22	0.02659	0.03721	0.06477	0.01392	0.10623	0.06255	0.01042	0.16921	0.15319	0.05268	0.04230	0.07792	0.04520	0.00814	0.00597	0.00178	0.02387	0.05358	0.00454	0.03994
23	0.03792	0.26131	0.03936	0.01208	0.01622	0.22835	0.04404	0.10928	0.04486	0.13937	0.01170	0.01215	0.00888	0.00571	0.00478	0.00148	0.00699	0.00412	0.00378	0.00765
24	0.00933	0.00500	0.00750	0.00750	0.00767	0.00517	0.00517	0.00767	0.00750	0.01018	0.01052	0.01768	0.01035	0.02307	0.15245	0.69635	0.00653	0.00500	0.00250	0.00284
25	0.01060	0.01110	0.07043	0.01178	0.05319	0.07367	0.06977	0.01389	0.07940	0.01583	0.10879	0.08432	0.05302	0.20034	0.06243	0.00316	0.04253	0.02612	0.00388	0.00574
26	0.00679	0.00492	0.00644	0.00763	0.00809	0.00456	0.00518	0.00783	0.01080	0.01426	0.03228	0.72912	0.08768	0.01706	0.00705	0.00223	0.00324	0.03517	0.00514	0.00453
27	0.01178	0.00656	0.00672	0.00619	0.00791	0.00679	0.00477	0.11313	0.01357	0.02258	0.01742	0.01965	0.01355	0.00648	0.00410	0.00134	0.00306	0.00514	0.72353	0.00574
28	0.01448	0.66565	0.02620	0.01028	0.03400	0.03725	0.00951	0.01699	0.04586	0.01401	0.00941	0.01177	0.00861	0.00527	0.00392	0.00127	0.00585	0.03151	0.00269	0.04546
29	0.01059	0.00983	0.01354	0.24486	0.03749	0.05293	0.01093	0.01373	0.05304	0.01408	0.01198	0.01705	0.01043	0.02032	0.30867	0.00465	0.15182	0.00530	0.00286	0.00589
30	0.00792	0.00591	0.00877	0.00877	0.00971	0.00685	0.00676	0.00981	0.00886	0.01276	0.01496	0.02242	0.01414	0.07672	0.74863	0.00874	0.01440	0.00603	0.00298	0.00487
31	0.03386	0.00589	0.00679	0.00781	0.00839	0.03496	0.00529	0.00856	0.01079	0.01440	0.02977	0.69057	0.06766	0.03800	0.00743	0.00227	0.00355	0.01447	0.00495	0.00460
32	0.01168	0.01002	0.01157	0.00846	0.01323	0.00792	0.00675	0.01526	0.07492	0.01848	0.01092	0.01226	0.00894	0.00439	0.00423	0.00091	0.00413	0.00353	0.00348	0.76892
33	0.00792	0.00591	0.00877	0.00877	0.00971	0.00685	0.00676	0.00981	0.00886	0.01276	0.01495	0.02242	0.01413	0.07633	0.74901	0.00874	0.01440	0.00603	0.00298	0.00487
34	0.02485	0.00943	0.01285	0.00985	0.01414	0.00814	0.00814	0.02699	0.01585	0.77465	0.02185	0.01885	0.01371	0.00685	0.00557	0.00171	0.00471	0.00557	0.00685	0.00943
35	0.00743	0.00571	0.00808	0.12702	0.01275	0.00580	0.00683	0.00894	0.01098	0.01448	0.04567	0.59618	0.06567	0.01517	0.00683	0.00217	0.00390	0.04684	0.00475	0.00480
36	0.84448	0.01071	0.00814	0.00728	0.01071	0.01242	0.00600	0.01628	0.00943	0.02485	0.00771	0.00900	0.00600	0.00514	0.00343	0.00171	0.00428	0.00300	0.00343	0.00600
37	0.84448	0.01071	0.00814	0.00728	0.01071	0.01242	0.00600	0.01628	0.00943	0.02485	0.00771	0.00900	0.00600	0.00514	0.00343	0.00171	0.00428	0.00300	0.00343	0.00600
38	0.84448	0.01071	0.00814	0.00728	0.01071	0.01242	0.00600	0.01628	0.00943	0.02485	0.00771	0.00900	0.00600	0.00514	0.00343	0.00171	0.00428	0.00300	0.00343	0.00600
39	0.00791	0.00593	0.00890	0.00890	0.00989	0.00692	0.00692	0.00989	0.00890	0.01286	0.01483	0.02176	0.01385	0.04154	0.78341	0.00890	0.01483	0.00593	0.00297	0.00494
40	0.00738	0.00559	0.00680	0.00660	0.00802	0.00501	0.00491	0.00952	0.01444	0.01952	0.50686	0.09250	0.26759	0.01252	0.00657	0.00181	0.00271	0.01088	0.00575	0.00501
41	0.00677	0.00495	0.00630	0.00735	0.00788	0.00456	0.00494	0.00776	0.01080	0.01413	0.03367	0.66667	0.14009	0.04638	0.00779	0.00231	0.00324	0.01488	0.00507	0.00448
42	0.02098	0.01517	0.01635	0.01259	0.01697	0.01672	0.01038	0.70257	0.04767	0.06322	0.01391	0.01373	0.00981	0.00668	0.00554	0.00167	0.00599	0.00505	0.00559	0.00940
43	0.01527	0.01089	0.03924	0.13362	0.11274	0.01116	0.02365	0.13699	0.01397	0.17381	0.01388	0.01709	0.01082	0.05349	0.09206	0.05513	0.05576	0.00534	0.01785	0.00724
44	0.04223	0.38048	0.04729	0.05689	0.11551	0.10335	0.02819	0.07238	0.03173	0.06012	0.01001	0.01138	0.00813	0.00528	0.00451	0.00144	0.00655	0.00390	0.00309	0.00755
45	0.00731	0.00507	0.00657	0.00753	0.00817	0.00465	0.00514	0.00842	0.01116	0.03732	0.06046	0.67394	0.11073	0.01647	0.00695	0.00218	0.00319	0.01481	0.00523	0.00469
46	0.00863	0.00574	0.00719	0.00675	0.00822	0.00528	0.00509	0.01111	0.01495	0.04954	0.59159	0.03932	0.11221	0.01086	0.00620	0.00170	0.00271	0.00946	0.09810	0.00533
47	0.01278	0.07163	0.09799	0.10266	0.12227	0.03925	0.06933	0.05912	0.03365	0.01656	0.01143	0.05432	0.01034	0.00760	0.00927	0.00195	0.23703	0.03277	0.00302	0.00702
48	0.00801	0.00598	0.00827	0.00825	0.00892	0.00674	0.00605	0.00936	0.00891	0.01251	0.01763	0.08330	0.04115	0.22883	0.47689	0.00700	0.04704	0.00732	0.00327	0.00456
49	0.00682	0.00544	0.00613	0.00647	0.00786	0.00475	0.00474	0.00828	0.01242	0.01556	0.12170	0.24612	0.47688	0.01466	0.00672	0.00198	0.00298	0.04054	0.00524	0.00470
50	0.04163	0.01011	0.01343	0.16807	0.01870	0.01045	0.00965	0.10248	0.07804	0.37013	0.08884	0.01931	0.01556	0.00705	0.00583	0.00176	0.01957	0.00577	0.00547	0.00815
51	0.03068	0.06873	0.04996	0.03192	0.06320	0.12369	0.07009	0.09082	0.07689	0.05938	0.02126	0.16309	0.10922	0.00895	0.00576	0.00177	0.00588	0.00763	0.00422	0.00686
52	0.01841	0.02135	0.01480	0.05964	0.01730	0.53858	0.01031	0.11329	0.01619	0.01654	0.02899	0.01412	0.04394	0.00851	0.05253	0.00196	0.00913	0.00449	0.00336	0.00659
53	0.04428	0.01171	0.01471	0.07786	0.04510	0.04660	0.03634	0.19165	0.01700	0.36603	0.03810	0.01685	0.01228	0.00771	0.02386	0.02494	0.00590	0.00534	0.00536	0.00840
54	0.04101	0.25260	0.11335	0.03475	0.05163	0.01520	0.07747	0.06163	0.01240	0.06624	0.01092	0.03117	0.00921	0.00613	0.00630	0.00160	0.09536	0.02136	0.00317	0.08850
55	0.01017	0.02992	0.01086	0.00952	0.01102	0.00907	0.03054	0.10035	0.03132	0.01667	0.05142	0.14709	0.10084	0.12614	0.17349	0.00392	0.08663	0.04138	0.00411	0.00554
56	0.00684	0.00486	0.00640	0.00760	0.00790	0.00456	0.00502	0.00774	0.01043	0.01390	0.02963	0.74913	0.03550	0.07151	0.00852	0.00246	0.00336	0.01522	0.00502	0.00442
57	0.03179	0.01535	0.08587	0.16535	0.20804	0.07585	0.10341	0.16116	0.01531	0.06767	0.01144	0.01373	0.00856	0.00557	0.00554	0.00171	0.00722	0.00495	0.00349	0.00799
58	0.01192	0.00844	0.01219	0.04179	0.09670	0.00867	0.04197	0.01538	0.09020	0.12566	0.07945	0.27660	0.03458	0.01100	0.00709	0.00199	0.05778	0.04399	0.02805	0.00653
59	0.00838	0.00577	0.00846	0.00841	0.00908	0.00654	0.00627	0.00922	0.00846	0.01199	0.01377	0.02171	0.01332	0.10016	0.53896	0.18873	0.02778	0.00585	0.00287	0.00428
60	0.03616	0.01540	0.01912	0.09941	0.20809	0.19771	0.13171	0.01819	0.07160	0.01705	0.06137	0.03075	0.01209	0.00628	0.00630	0.00173	0.05116	0.00546	0.00325	0.00719
61	0.02123	0.01746	0.01616	0.01288	0.01696	0.18312	0.01040	0.54386	0.02309	0.08094	0.01285	0.01296	0.00922	0.00646	0.00542	0.00161	0.00685	0.00472	0.00505	0.00877
62	0.01111	0.02865	0.77667	0.01579	0.02397	0.01286	0.02046	0.01754	0.01169	0.01754	0.00994	0.01169	0.00702	0.00526	0.00526	0.00175	0.00818	0.00409	0.00234	0.00818
63	0.01481	0.80869	0.02902	0.00948	0.01421	0.02191	0.00948	0.01658	0.01125	0.01303	0.00770	0.00888	0.00711	0.00474	0.00355	0.00118	0.00592	0.00296	0.00237	0.00711
64	0.00763	0.00567	0.00712	0.00681	0.00822	0.00516	0.00515	0.01002	0.01504	0.02072	0.61664	0.04416	0.18224	0.01193	0.00657	0.00179	0.00272	0.03138	0.00589	0.00512
65	0.02078	0.01425	0.01563	0.01217	0.01644	0.01553	0.00999	0.56987	0.10636	0.13767	0.01553	0.01490	0.01086	0.00677	0.00555	0.00169	0.00571	0.00521	0.00574	0.00935
66	0.00746	0.00540	0.00701	0.00735	0.00829	0.00503	0.00534	0.00932	0.01320	0.01807	0.38116	0.31233	0.08769	0.04364	0.00762	0.00212	0.00312	0.06548	0.00552	0.00486
67	0.84448	0.01071	0.00814	0.00728	0.01071	0.01242	0.00600	0.01628	0.00943	0.02485	0.00771	0.00900	0.00600	0.00514	0.00343	0.00171	0.00428	0.00300	0.00343	0.00600
68	0.01577	0.00884	0.01087	0.00935	0.01219	0.00876	0.00733	0.05432	0.19255	0.28896	0.21405	0.10763	0.02659	0.00926	0.00599	0.00181	0.00400	0.00793	0.00613	0.00767
69	0.01005	0.00521	0.00757	0.00742	0.00759	0.00528	0.00503	0.03527	0.00792	0.01057	0.00976	0.01670	0.00961	0.01877	0.02104	0.80734	0.00486	0.00482	0.00252	0.00267
70	0.00728	0.00536	0.00688	0.00784	0.00845	0.00516	0.00536	0.00934	0.06005	0.01534	0.08475	0.67767	0.05329	0.01619	0.00692	0.00218	0.00324	0.01461	0.00524	0.00483
71	0.02414	0.01056	0.01356	0.01039	0.01470	0.00982	0.00859	0.16224	0.01775	0.63672	0.02025	0.01782	0.01291	0.00682	0.00556	0.00170	0.00497	0.00546	0.00661	0.00942
72	0.06452	0.00985	0.01137	0.00856	0.01309	0.00811	0.00690	0.01618	0.05658	0.09188	0.01236	0.01451	0.01001	0.00506	0.00443	0.00109	0.00423	0.03116	0.00384	0.62627
73	0.00743	0.00530	0.00667	0.00696	0.00767	0.00497	0.00474	0.00884	0.01210	0.01654	0.31079	0.30829	0.07723	0.18360	0.01136	0.00270	0.00342	0.01170	0.00512	0.00454

[dist]
# distance from previous block
# <min> <max>
0	1

[block]
# block no. 9 follows, 43 sequences, length 25
# corresponding to MSA columns:
# 512-536
name=unknown_J
#
# <colnr> <probs for GDERKNQSTAVLIFYWHMCP>
#	G	D	E	R	K	N	Q	S	T	A	V	L	I	F	Y	W	H	M	C	P
0	0.08340	0.19800	0.09367	0.06081	0.07341	0.25512	0.02905	0.01775	0.01234	0.01518	0.00885	0.01115	0.00747	0.00708	0.03707	0.00186	0.07443	0.00389	0.00268	0.00681
1	0.00765	0.00596	0.00700	0.00689	0.00843	0.00550	0.00517	0.01043	0.05808	0.01865	0.36689	0.11079	0.31740	0.01277	0.00657	0.00187	0.00293	0.03625	0.00559	0.00516
2	0.01275	0.03218	0.11042	0.04196	0.17577	0.10372	0.05091	0.01658	0.06804	0.01609	0.03616	0.01537	0.01080	0.01187	0.12498	0.00290	0.15435	0.00511	0.00300	0.00704
3	0.01046	0.00984	0.01661	0.79205	0.03814	0.01230	0.01538	0.01415	0.01107	0.01415	0.00984	0.01477	0.00738	0.00554	0.00554	0.00185	0.00738	0.00492	0.00246	0.00615
4	0.00974	0.00938	0.06763	0.12559	0.10144	0.00853	0.02603	0.01253	0.03308	0.02954	0.21972	0.08162	0.12548	0.02803	0.00815	0.05837	0.03705	0.00802	0.00418	0.00588
5	0.01212	0.01212	0.01696	0.01454	0.01454	0.01696	0.01212	0.01333	0.00848	0.01333	0.00727	0.01212	0.00727	0.00969	0.01818	0.00242	0.79523	0.00485	0.00242	0.00606
6	0.01481	0.80869	0.02902	0.00948	0.01421	0.02191	0.00948	0.01658	0.01125	0.01303	0.00770	0.00888	0.00711	0.00474	0.00355	0.00118	0.00592	0.00296	0.00237	0.00711
7	0.01025	0.00854	0.00996	0.00784	0.01146	0.00701	0.00614	0.01353	0.06318	0.01906	0.19689	0.02363	0.09898	0.00710	0.00504	0.00122	0.00363	0.00597	0.00431	0.49624
8	0.01070	0.01026	0.01627	0.74198	0.03652	0.03836	0.01491	0.01423	0.01122	0.01413	0.01042	0.03822	0.00825	0.00590	0.00556	0.00184	0.00735	0.00520	0.00255	0.00611
9	0.00805	0.00537	0.00604	0.00604	0.00604	0.00537	0.00336	0.00805	0.00805	0.01074	0.01745	0.03624	0.02013	0.80536	0.02819	0.00537	0.00537	0.00805	0.00336	0.00336
10	0.01560	0.70372	0.02723	0.01012	0.01460	0.12406	0.00964	0.01733	0.01185	0.01310	0.00782	0.00903	0.00711	0.00487	0.00375	0.00122	0.00647	0.00304	0.00243	0.00702
11	0.01378	0.01190	0.01252	0.01127	0.01440	0.01378	0.00877	0.02943	0.76081	0.02317	0.02254	0.02066	0.01691	0.00751	0.00564	0.00188	0.00438	0.00626	0.00564	0.00877
12	0.04247	0.02455	0.59372	0.01494	0.02221	0.01250	0.04737	0.05062	0.01280	0.11082	0.01151	0.01267	0.00796	0.00549	0.00530	0.00175	0.00758	0.00437	0.00308	0.00828
13	0.05856	0.00635	0.00876	0.00856	0.00937	0.00735	0.00645	0.00984	0.00854	0.01284	0.01336	0.02114	0.01295	0.11571	0.48237	0.14553	0.05921	0.00573	0.00291	0.00448
14	0.01236	0.01062	0.01722	0.13085	0.35144	0.01111	0.03822	0.01548	0.02977	0.06338	0.03318	0.09908	0.03978	0.00802	0.00669	0.00188	0.05317	0.06685	0.00360	0.00729
15	0.02006	0.01416	0.01553	0.01191	0.01633	0.01510	0.00979	0.57296	0.05277	0.10247	0.01409	0.01391	0.00999	0.00642	0.00539	0.00158	0.00567	0.00490	0.00542	0.10154
16	0.01056	0.00998	0.01663	0.74549	0.03673	0.01258	0.01519	0.01410	0.01092	0.01410	0.00969	0.01461	0.00738	0.00579	0.00629	0.00188	0.05456	0.00492	0.00246	0.00615
17	0.67432	0.01101	0.01057	0.01148	0.12635	0.01231	0.00778	0.01696	0.01025	0.06406	0.00888	0.01024	0.00683	0.00520	0.00385	0.00170	0.00466	0.00343	0.00351	0.00660
18	0.01032	0.00516	0.00516	0.00516	0.00645	0.00516	0.00387	0.01290	0.01161	0.02065	0.01807	0.02065	0.01420	0.00645	0.00387	0.00129	0.00258	0.00516	0.83611	0.00516
19	0.01574	0.01562	0.01702	0.09813	0.12017	0.21028	0.08163	0.17724	0.04121	0.01964	0.03074	0.05298	0.01180	0.05846	0.02329	0.00206	0.00746	0.00565	0.00369	0.00719
20	0.01900	0.06635	0.05354	0.04675	0.07451	0.58341	0.01176	0.05267	0.01530	0.01501	0.00898	0.01062	0.00736	0.00561	0.00501	0.00147	0.00915	0.00378	0.00290	0.00684
21	0.03740	0.05934	0.03609	0.02840	0.14030	0.05926	0.09966	0.21459	0.01546	0.02099	0.02835	0.01560	0.01072	0.01430	0.19108	0.00338	0.00882	0.00522	0.00362	0.00743
22	0.00897	0.00740	0.01066	0.01012	0.01082	0.00922	0.00802	0.01066	0.00888	0.01296	0.01367	0.02172	0.01327	0.08058	0.52594	0.00691	0.20165	0.03050	0.00293	0.00512
23	0.00725	0.00558	0.00667	0.00732	0.00839	0.00521	0.00530	0.00909	0.04130	0.01485	0.03815	0.38602	0.29092	0.04836	0.02657	0.00242	0.00367	0.08314	0.00503	0.00475
24	0.00748	0.00558	0.00695	0.00675	0.00809	0.00505	0.00501	0.00970	0.01461	0.02002	0.55774	0.10978	0.19802	0.01240	0.00658	0.00181	0.00270	0.01086	0.00582	0.00505

[dist]
# distance from previous block
# <min> <max>
0	54

[block]
# block no. 10 follows, 43 sequences, length 20
# corresponding to MSA columns:
# 591-610
name=unknown_K
#
# <colnr> <probs for GDERKNQSTAVLIFYWHMCP>
#	G	D	E	R	K	N	Q	S	T	A	V	L	I	F	Y	W	H	M	C	P
0	0.01230	0.01029	0.01125	0.03299	0.01356	0.01154	0.00805	0.07138	0.49381	0.02139	0.02583	0.16082	0.08364	0.00969	0.00596	0.00193	0.00424	0.00828	0.00541	0.00763
1	0.01212	0.01212	0.01696	0.01454	0.01454	0.01696	0.01212	0.01333	0.00848	0.01333	0.00727	0.01212	0.00727	0.00969	0.01818	0.00242	0.79523	0.00485	0.00242	0.00606
2	0.01351	0.01293	0.02160	0.03161	0.69146	0.01304	0.01618	0.01665	0.01234	0.01785	0.01023	0.01351	0.00867	0.00513	0.00605	0.00164	0.04613	0.00484	0.00275	0.05389
3	0.01178	0.01362	0.07481	0.11837	0.05400	0.01249	0.44393	0.01587	0.01266	0.01736	0.08438	0.05602	0.01376	0.00629	0.00677	0.00188	0.03907	0.00683	0.00314	0.00698
4	0.03940	0.04780	0.05743	0.01383	0.06602	0.11866	0.01087	0.31691	0.22573	0.02560	0.01448	0.01455	0.01083	0.00646	0.00534	0.00168	0.00623	0.00496	0.00467	0.00854
5	0.03483	0.01226	0.14781	0.00959	0.01377	0.00868	0.00899	0.06909	0.03952	0.13681	0.02497	0.08648	0.19121	0.00848	0.00550	0.00161	0.00471	0.00699	0.00451	0.18419
