[name]
unknown

[dist]
# distance from previous block
# <min> <max>
0	40

[block]
# block no. 0 follows, 47 sequences, length 37
# corresponding to MSA columns:
# 40-76
name=unknown_A
#
# <colnr> <probs for GDERKNQSTAVLIFYWHMCP>
#	G	D	E	R	K	N	Q	S	T	A	V	L	I	F	Y	W	H	M	C	P
0	0.00929	0.00684	0.00768	0.00767	0.00914	0.04830	0.00594	0.01094	0.01193	0.07190	0.14055	0.10128	0.18026	0.12504	0.00912	0.00234	0.00411	0.21249	0.00467	0.03051
1	0.01297	0.01188	0.04716	0.01079	0.01469	0.01159	0.05250	0.10610	0.39563	0.02114	0.01569	0.01552	0.01191	0.00582	0.00491	0.00146	0.00466	0.00488	0.00437	0.24635
2	0.18142	0.05395	0.08209	0.01382	0.13827	0.12812	0.01019	0.08583	0.07510	0.05634	0.01055	0.01199	0.00829	0.01959	0.00525	0.00156	0.03041	0.00398	0.00337	0.07990
3	0.03398	0.24339	0.11180	0.03697	0.07150	0.12018	0.07866	0.05153	0.03811	0.01621	0.08727	0.01563	0.05031	0.00592	0.00473	0.00146	0.00615	0.00477	0.01479	0.00665
4	0.00870	0.03819	0.00850	0.00740	0.00886	0.03073	0.00551	0.01176	0.09359	0.01690	0.32817	0.09475	0.08230	0.14325	0.02907	0.00239	0.01800	0.02470	0.00463	0.04260
5	0.01149	0.07082	0.25600	0.02724	0.09969	0.03903	0.04305	0.02997	0.08441	0.03975	0.01297	0.01566	0.02688	0.03932	0.12526	0.00274	0.02540	0.00481	0.03869	0.00682
6	0.00648	0.00469	0.00599	0.00690	0.00736	0.00435	0.00461	0.00743	0.01019	0.01349	0.06814	0.63632	0.10556	0.08236	0.00823	0.00230	0.00312	0.01356	0.00474	0.00419
7	0.01080	0.00926	0.01080	0.00771	0.01234	0.00694	0.00617	0.01311	0.01080	0.01697	0.00926	0.01080	0.00771	0.00386	0.00386	0.00077	0.00386	0.00309	0.00309	0.84882
8	0.01469	0.01393	0.08500	0.01146	0.01533	0.05405	0.03717	0.21186	0.34543	0.03689	0.01568	0.01542	0.01166	0.00617	0.00507	0.00158	0.00524	0.00500	0.03039	0.07798
9	0.01055	0.22006	0.26231	0.01037	0.02602	0.01158	0.01060	0.03616	0.01082	0.02840	0.01583	0.16661	0.05284	0.10692	0.00758	0.00202	0.00555	0.00652	0.00313	0.00613
10	0.01258	0.06958	0.51207	0.01384	0.02014	0.04100	0.04839	0.11652	0.04112	0.03587	0.03383	0.01242	0.00874	0.00537	0.00499	0.00160	0.00706	0.00425	0.00295	0.00766
11	0.01087	0.09229	0.67861	0.01437	0.02156	0.01286	0.03683	0.01683	0.03897	0.01634	0.00963	0.01116	0.00698	0.00497	0.00486	0.00161	0.00742	0.00389	0.00233	0.00761
12	0.00634	0.00455	0.00602	0.00719	0.00754	0.00423	0.00481	0.00726	0.01003	0.01332	0.02944	0.79031	0.05724	0.01622	0.00663	0.00210	0.00301	0.01469	0.00483	0.00423
13	0.01496	0.04114	0.03142	0.01300	0.06403	0.19285	0.03270	0.04796	0.43774	0.04437	0.01611	0.01572	0.01223	0.00626	0.00510	0.00162	0.00579	0.00503	0.00431	0.00768
14	0.00878	0.00603	0.00767	0.00705	0.00859	0.00576	0.00536	0.01225	0.07938	0.06571	0.67271	0.03601	0.04420	0.01010	0.00602	0.00165	0.00271	0.00887	0.00574	0.00543
15	0.01224	0.07385	0.10750	0.01567	0.03099	0.05769	0.33956	0.01608	0.03171	0.01623	0.00987	0.01224	0.00774	0.00455	0.00533	0.00143	0.02461	0.00463	0.00274	0.22533
16	0.01074	0.09402	0.72549	0.01434	0.02176	0.01281	0.01837	0.01642	0.01096	0.01613	0.00917	0.01077	0.00660	0.00491	0.00481	0.00160	0.00752	0.00376	0.00220	0.00761
17	0.00691	0.00516	0.00643	0.00641	0.00758	0.00467	0.00469	0.00883	0.01321	0.01797	0.48158	0.19013	0.20271	0.01228	0.00624	0.00176	0.00260	0.01079	0.00537	0.00467
18	0.01750	0.03507	0.04371	0.01416	0.07143	0.51821	0.02648	0.03798	0.01392	0.05958	0.00959	0.02823	0.00793	0.00564	0.00526	0.00141	0.03897	0.00394	0.00299	0.05798
19	0.00686	0.00512	0.00638	0.00645	0.00757	0.00464	0.00469	0.00869	0.01296	0.01757	0.44132	0.23140	0.20207	0.01258	0.00627	0.00178	0.00263	0.01108	0.00532	0.00464
20	0.05546	0.01411	0.03177	0.01153	0.01561	0.01522	0.00961	0.60889	0.11073	0.03029	0.01312	0.01305	0.00945	0.00618	0.00509	0.00157	0.00546	0.00468	0.00500	0.03319
21	0.11647	0.01176	0.01256	0.01027	0.01354	0.01303	0.00825	0.39069	0.16626	0.06739	0.01384	0.01464	0.01042	0.02614	0.02847	0.07396	0.00525	0.00480	0.00469	0.00755
22	0.01663	0.00981	0.01187	0.00894	0.01307	0.00867	0.00727	0.14814	0.01486	0.29396	0.05888	0.01519	0.01217	0.00559	0.00472	0.00126	0.00430	0.00450	0.00480	0.35536
23	0.05335	0.00749	0.00915	0.00796	0.01018	0.00747	0.00626	0.10001	0.04257	0.15777	0.36885	0.02839	0.06775	0.01231	0.09470	0.00239	0.00462	0.00733	0.00528	0.00617
24	0.00637	0.00459	0.00599	0.00709	0.00746	0.00427	0.00473	0.00727	0.00999	0.01323	0.02960	0.74650	0.07455	0.04247	0.00727	0.00219	0.00307	0.01436	0.00478	0.00420
25	0.01236	0.01061	0.01814	0.25016	0.35886	0.01109	0.07419	0.01550	0.01186	0.08319	0.04161	0.01772	0.01126	0.00581	0.00543	0.00168	0.00623	0.05405	0.00311	0.00713
26	0.02256	0.00923	0.01220	0.00946	0.01342	0.00832	0.00778	0.05416	0.06368	0.71015	0.02028	0.01763	0.01293	0.00648	0.00524	0.00162	0.00446	0.00526	0.00632	0.00882
27	0.28143	0.00924	0.01071	0.00851	0.01229	0.00891	0.00703	0.02225	0.01303	0.55044	0.01641	0.01485	0.01064	0.00594	0.00461	0.00161	0.00431	0.00449	0.00544	0.00786
28	0.02274	0.00987	0.01271	0.00974	0.01379	0.00914	0.00805	0.15534	0.01658	0.65577	0.01914	0.01681	0.01218	0.00641	0.00523	0.00160	0.00466	0.00514	0.00623	0.00886
29	0.00917	0.00787	0.01024	0.00911	0.00966	0.00945	0.00692	0.01014	0.00884	0.01274	0.07934	0.02443	0.06030	0.29817	0.05188	0.00335	0.31879	0.00637	0.00311	0.06014
30	0.01050	0.01006	0.01407	0.01233	0.01246	0.01373	0.01009	0.01166	0.00808	0.01237	0.00908	0.04472	0.00933	0.05698	0.11392	0.00318	0.63433	0.00524	0.00249	0.00537
31	0.00699	0.00512	0.00698	0.00750	0.00817	0.00529	0.00544	0.00832	0.00949	0.01291	0.04403	0.33561	0.06999	0.10007	0.30671	0.00473	0.00739	0.04699	0.00393	0.00434
32	0.76024	0.00993	0.00815	0.00712	0.01043	0.01123	0.00587	0.01644	0.00954	0.10950	0.00875	0.00950	0.00646	0.00502	0.00345	0.00161	0.00407	0.00309	0.00359	0.00600
33	0.01493	0.01258	0.01876	0.06264	0.51006	0.02978	0.01379	0.16769	0.01465	0.07442	0.02355	0.01355	0.00927	0.00523	0.00518	0.00156	0.00602	0.00474	0.00342	0.00819
34	0.01146	0.02745	0.01784	0.05674	0.01774	0.01038	0.26771	0.03837	0.01093	0.08334	0.01251	0.01694	0.01041	0.04227	0.29340	0.00425	0.06347	0.00559	0.00308	0.00611
35	0.00971	0.00485	0.00485	0.00485	0.00607	0.00485	0.00364	0.01213	0.01092	0.01942	0.01699	0.01942	0.01335	0.00607	0.00364	0.00121	0.00243	0.00485	0.84589	0.00485
36	0.01176	0.35310	0.42751	0.01226	0.01827	0.01532	0.03111	0.01576	0.01081	0.01462	0.00926	0.04146	0.00775	0.00518	0.00438	0.00145	0.00666	0.00389	0.00232	0.00713

[dist]
# distance from previous block
# <min> <max>
0	3

[block]
# block no. 1 follows, 47 sequences, length 10
# corresponding to MSA columns:
# 80-89
name=unknown_B
#
# <colnr> <probs for GDERKNQSTAVLIFYWHMCP>
#	G	D	E	R	K	N	Q	S	T	A	V	L	I	F	Y	W	H	M	C	P
0	0.01591	0.05756	0.01816	0.05752	0.34859	0.38388	0.01276	0.01812	0.01310	0.01459	0.00882	0.01106	0.00738	0.00500	0.00485	0.00144	0.00771	0.00394	0.00260	0.00701
1	0.01058	0.02602	0.73616	0.01535	0.02287	0.01217	0.07216	0.01651	0.01109	0.01651	0.00943	0.01121	0.00669	0.00491	0.00503	0.00166	0.00777	0.00401	0.00223	0.00765
2	0.00756	0.00509	0.00587	0.00587	0.00594	0.00515	0.00340	0.00770	0.00763	0.01024	0.01623	0.03310	0.01851	0.76111	0.08180	0.00529	0.00569	0.00743	0.00313	0.00326
3	0.00901	0.00608	0.00847	0.00940	0.01072	0.00601	0.00815	0.01139	0.01228	0.05076	0.07193	0.05572	0.03034	0.01381	0.00704	0.00232	0.00464	0.67203	0.00493	0.00499
4	0.00634	0.00453	0.00604	0.00725	0.00755	0.00423	0.00483	0.00725	0.00997	0.01329	0.02870	0.81358	0.03444	0.01632	0.00665	0.00211	0.00302	0.01480	0.00483	0.00423
5	0.00971	0.00485	0.00485	0.00485	0.00607	0.00485	0.00364	0.01213	0.01092	0.01942	0.01699	0.01942	0.01335	0.00607	0.00364	0.00121	0.00243	0.00485	0.84589	0.00485
6	0.01010	0.00944	0.01584	0.67451	0.12526	0.01137	0.01413	0.01337	0.01046	0.01361	0.00965	0.01468	0.00765	0.04203	0.00617	0.00186	0.00676	0.00476	0.00238	0.00596
7	0.01286	0.10387	0.01728	0.06496	0.03893	0.06327	0.15963	0.08483	0.01146	0.05013	0.01007	0.01368	0.00844	0.01053	0.05236	0.22088	0.06357	0.00469	0.00287	0.00568
8	0.01045	0.02694	0.79000	0.01484	0.02254	0.01209	0.01924	0.01649	0.01099	0.01649	0.00935	0.01099	0.00660	0.00495	0.00495	0.00165	0.00770	0.00385	0.00220	0.00770
9	0.00924	0.01648	0.40003	0.01147	0.01579	0.00917	0.01255	0.04037	0.03728	0.01576	0.01647	0.26450	0.01648	0.01251	0.09537	0.00256	0.00674	0.00759	0.00331	0.00632

[dist]
# distance from previous block
# <min> <max>
0	1

[block]
# block no. 2 follows, 47 sequences, length 26
# corresponding to MSA columns:
# 91-101,103-117
name=unknown_C
#
# <colnr> <probs for GDERKNQSTAVLIFYWHMCP>
#	G	D	E	R	K	N	Q	S	T	A	V	L	I	F	Y	W	H	M	C	P
0	0.07576	0.08470	0.01971	0.04562	0.37823	0.11153	0.09806	0.04752	0.01237	0.01685	0.01107	0.03532	0.03001	0.00535	0.00498	0.00154	0.00649	0.00481	0.00284	0.00723
1	0.01423	0.77574	0.02659	0.00916	0.01352	0.06388	0.00897	0.01588	0.01081	0.01228	0.00729	0.00841	0.00668	0.00451	0.00342	0.00113	0.00578	0.00282	0.00225	0.00665
2	0.01080	0.00926	0.01080	0.00771	0.01234	0.00694	0.00617	0.01311	0.01080	0.01697	0.00926	0.01080	0.00771	0.00386	0.00386	0.00077	0.00386	0.00309	0.00309	0.84882
3	0.00970	0.00904	0.01514	0.75994	0.03430	0.01120	0.01393	0.01311	0.01065	0.01373	0.05236	0.01528	0.00930	0.00551	0.00526	0.00173	0.00669	0.00490	0.00250	0.00574
4	0.01333	0.01148	0.01881	0.10809	0.51639	0.01162	0.03917	0.03377	0.04596	0.08130	0.01174	0.03606	0.00955	0.00529	0.00521	0.00158	0.00594	0.00503	0.00313	0.03656
5	0.00971	0.00485	0.00485	0.00485	0.00607	0.00485	0.00364	0.01213	0.01092	0.01942	0.01699	0.01942	0.01335	0.00607	0.00364	0.00121	0.00243	0.00485	0.84589	0.00485
6	0.00649	0.00479	0.00608	0.00681	0.00751	0.00438	0.00471	0.00774	0.01111	0.01475	0.16488	0.55515	0.15684	0.01482	0.00648	0.00197	0.00286	0.01325	0.00499	0.00438
7	0.03804	0.07762	0.14530	0.05469	0.11600	0.17967	0.06052	0.10608	0.06301	0.08122	0.02246	0.01265	0.00892	0.00543	0.00494	0.00153	0.00683	0.00435	0.00337	0.00737
8	0.01018	0.02433	0.68583	0.01425	0.02121	0.01136	0.03838	0.01568	0.01094	0.01626	0.01089	0.07397	0.00885	0.00579	0.00508	0.00166	0.00725	0.00475	0.00244	0.03088
9	0.85377	0.01007	0.00765	0.00685	0.01007	0.01168	0.00564	0.01531	0.00886	0.02336	0.00725	0.00846	0.00564	0.00483	0.00322	0.00161	0.00403	0.00282	0.00322	0.00564
10	0.01218	0.01153	0.01940	0.25525	0.54761	0.01224	0.01538	0.03475	0.01177	0.01635	0.00971	0.01317	0.00789	0.00485	0.00517	0.00160	0.00639	0.00464	0.00257	0.00755
11	0.03017	0.01173	0.07805	0.04303	0.17866	0.03134	0.10712	0.01890	0.01293	0.31837	0.03063	0.07506	0.02686	0.00652	0.00540	0.00166	0.00566	0.00590	0.00434	0.00767
12	0.00733	0.00532	0.00691	0.00651	0.00776	0.00490	0.00488	0.00976	0.01465	0.02068	0.75965	0.03924	0.07136	0.01072	0.00614	0.00164	0.00246	0.00947	0.00571	0.00490
13	0.01538	0.01577	0.01292	0.01158	0.01449	0.26755	0.00891	0.05917	0.49380	0.01935	0.01653	0.01585	0.01259	0.00648	0.00510	0.00162	0.00591	0.00501	0.00444	0.00755
14	0.04147	0.01472	0.11293	0.03145	0.07294	0.09286	0.09621	0.15908	0.01539	0.28981	0.01383	0.01394	0.00948	0.00568	0.00518	0.00159	0.00626	0.00475	0.00440	0.00801
15	0.00971	0.00485	0.00485	0.00485	0.00607	0.00485	0.00364	0.01213	0.01092	0.01942	0.01699	0.01942	0.01335	0.00607	0.00364	0.00121	0.00243	0.00485	0.84589	0.00485
16	0.05476	0.00917	0.01185	0.00939	0.01318	0.00846	0.00774	0.05166	0.07366	0.63555	0.02009	0.01917	0.01347	0.00678	0.00525	0.00166	0.00446	0.03912	0.00611	0.00850
17	0.00673	0.00483	0.00634	0.00729	0.00782	0.00455	0.00512	0.00790	0.01051	0.01397	0.08489	0.58192	0.06831	0.06512	0.00788	0.00228	0.00330	0.10215	0.00479	0.00429
18	0.01390	0.24627	0.26387	0.01455	0.06093	0.16397	0.10051	0.05029	0.01239	0.01536	0.00881	0.01047	0.00698	0.00487	0.00461	0.00144	0.00738	0.00380	0.00250	0.00710
19	0.03348	0.00520	0.00584	0.00584	0.00603	0.00521	0.00342	0.00794	0.00818	0.01134	0.06584	0.06812	0.02115	0.70481	0.02360	0.00459	0.00476	0.00787	0.00340	0.00339
20	0.00741	0.00501	0.00584	0.00599	0.00607	0.00501	0.00351	0.00761	0.00791	0.01058	0.01784	0.13079	0.02062	0.68443	0.05631	0.00482	0.00517	0.00839	0.00335	0.00335
21	0.04613	0.01059	0.01894	0.48494	0.12245	0.01183	0.17751	0.01441	0.01095	0.01508	0.00973	0.01373	0.00743	0.00497	0.00528	0.00170	0.00700	0.00489	0.02612	0.00632
22	0.01336	0.03857	0.04321	0.02490	0.44481	0.06477	0.15980	0.05657	0.04750	0.01746	0.01091	0.03457	0.00907	0.00515	0.00531	0.00159	0.00672	0.00510	0.00290	0.00772
23	0.00676	0.00524	0.00617	0.00622	0.00757	0.00466	0.00465	0.00852	0.01275	0.01666	0.32740	0.13795	0.37384	0.01265	0.00626	0.00179	0.00272	0.04842	0.00518	0.00459
24	0.01278	0.01226	0.02094	0.05927	0.75804	0.01234	0.01593	0.01589	0.01181	0.01688	0.00978	0.01292	0.00820	0.00466	0.00516	0.00155	0.00621	0.00464	0.00257	0.00816
25	0.10581	0.01163	0.03022	0.04245	0.36986	0.03333	0.02880	0.08659	0.07441	0.01901	0.03530	0.09353	0.03364	0.00660	0.00517	0.00164	0.00542	0.00584	0.00348	0.00725

[dist]
# distance from previous block
# <min> <max>
0	1

[block]
# block no. 3 follows, 47 sequences, length 16
# corresponding to MSA columns:
# 119-134
name=unknown_D
#
# <colnr> <probs for GDERKNQSTAVLIFYWHMCP>
#	G	D	E	R	K	N	Q	S	T	A	V	L	I	F	Y	W	H	M	C	P
0	0.01637	0.01611	0.03886	0.01262	0.01499	0.24891	0.01031	0.12893	0.09459	0.09361	0.01099	0.01242	0.00865	0.00696	0.00882	0.00175	0.26022	0.00440	0.00356	0.00691
1	0.00971	0.00485	0.00485	0.00485	0.00607	0.00485	0.00364	0.01213	0.01092	0.01942	0.01699	0.01942	0.01335	0.00607	0.00364	0.00121	0.00243	0.00485	0.84589	0.00485
2	0.08086	0.00905	0.01269	0.15386	0.04072	0.02629	0.04839	0.01652	0.01157	0.26512	0.01577	0.12358	0.01330	0.03526	0.05048	0.00221	0.05867	0.00622	0.00417	0.02527
3	0.08707	0.15737	0.31550	0.01312	0.04264	0.02852	0.07086	0.07615	0.01237	0.08311	0.01080	0.01317	0.00835	0.00539	0.00472	0.00155	0.00644	0.03369	0.00307	0.02609
4	0.01220	0.05833	0.49115	0.01285	0.01928	0.01225	0.01494	0.13912	0.01316	0.01906	0.00975	0.01109	0.00717	0.00495	0.00473	0.00146	0.00660	0.00380	0.00285	0.15527
5	0.00757	0.00505	0.00568	0.00568	0.00568	0.00505	0.00316	0.00757	0.00757	0.01010	0.01641	0.03408	0.01893	0.81698	0.02651	0.00505	0.00505	0.00757	0.00316	0.00316
6	0.01268	0.06128	0.13165	0.01194	0.01567	0.09492	0.06977	0.03894	0.36064	0.01842	0.01852	0.03454	0.06001	0.00707	0.00530	0.00170	0.00563	0.03993	0.00410	0.00729
7	0.01397	0.07324	0.15611	0.03954	0.05733	0.01272	0.33221	0.04485	0.07005	0.12937	0.01235	0.01394	0.00894	0.00509	0.00544	0.00165	0.00710	0.00519	0.00336	0.00756
8	0.00776	0.00602	0.00886	0.00868	0.00950	0.00720	0.00676	0.00949	0.00831	0.01204	0.01348	0.02028	0.01277	0.06773	0.70397	0.00775	0.07637	0.00558	0.00276	0.00467
9	0.01511	0.00798	0.04565	0.00858	0.01101	0.00688	0.00703	0.03879	0.02864	0.33161	0.10197	0.02112	0.01628	0.01197	0.04229	0.24984	0.00483	0.03971	0.00466	0.00606
10	0.01427	0.12465	0.03862	0.04178	0.10093	0.18799	0.01029	0.02167	0.33240	0.01707	0.01368	0.01415	0.01074	0.00603	0.00542	0.00158	0.04317	0.00460	0.00366	0.00732
11	0.00971	0.00485	0.00485	0.00485	0.00607	0.00485	0.00364	0.01213	0.01092	0.01942	0.01699	0.01942	0.01335	0.00607	0.00364	0.00121	0.00243	0.00485	0.84589	0.00485
12	0.00648	0.00487	0.00601	0.00661	0.00746	0.00440	0.00462	0.00778	0.01134	0.01489	0.17350	0.47293	0.23124	0.01446	0.00643	0.00193	0.00282	0.01282	0.00500	0.00440
13	0.01240	0.59794	0.11747	0.00923	0.01362	0.01716	0.00953	0.01462	0.01086	0.01331	0.04704	0.01373	0.07018	0.00647	0.02625	0.00146	0.00569	0.00395	0.00261	0.00649
14	0.01144	0.07412	0.01606	0.08659	0.32700	0.03843	0.01130	0.04806	0.01100	0.01497	0.01091	0.01537	0.00967	0.04334	0.21679	0.04273	0.00824	0.00480	0.00271	0.00645
15	0.01806	0.03242	0.01465	0.01140	0.01512	0.06837	0.00929	0.54752	0.13283	0.02860	0.01361	0.01361	0.00995	0.00626	0.00506	0.00155	0.00555	0.00474	0.05313	0.00830

[dist]
# distance from previous block
# <min> <max>
1	4

[block]
# block no. 4 follows, 47 sequences, length 47
# corresponding to MSA columns:
# 139-141,219-262
name=unknown_E
#
# <colnr> <probs for GDERKNQSTAVLIFYWHMCP>
#	G	D	E	R	K	N	Q	S	T	A	V	L	I	F	Y	W	H	M	C	P
0	0.02508	0.00876	0.01418	0.01195	0.01437	0.00877	0.18580	0.07761	0.02240	0.07870	0.01876	0.13558	0.01856	0.08016	0.08919	0.00288	0.01956	0.17776	0.00406	0.00584
1	0.04766	0.09312	0.26352	0.01310	0.05669	0.05137	0.04428	0.08400	0.01259	0.11777	0.01228	0.06810	0.00996	0.00632	0.00577	0.00163	0.06339	0.00493	0.03632	0.00720
2	0.00772	0.03887	0.00733	0.00688	0.00740	0.02477	0.00460	0.00842	0.00877	0.01156	0.01964	0.24779	0.03818	0.39317	0.14785	0.00446	0.00605	0.00903	0.00355	0.00395
3	0.03436	0.01258	0.08579	0.28638	0.12935	0.01252	0.01277	0.17569	0.06094	0.09728	0.01178	0.01372	0.00861	0.00567	0.00549	0.00167	0.02976	0.00467	0.00357	0.00741
4	0.01104	0.04325	0.03838	0.14647	0.09353	0.01191	0.04250	0.03209	0.01030	0.01491	0.02388	0.01321	0.00864	0.00919	0.08191	0.00226	0.23228	0.00444	0.00268	0.17716
5	0.00971	0.00485	0.00485	0.00485	0.00607	0.00485	0.00364	0.01213	0.01092	0.01942	0.01699	0.01942	0.01335	0.00607	0.00364	0.00121	0.00243	0.00485	0.84589	0.00485
6	0.01046	0.00970	0.01601	0.71726	0.08811	0.01181	0.01438	0.04438	0.01109	0.01437	0.00943	0.01376	0.00711	0.00521	0.00520	0.00172	0.00684	0.00463	0.00245	0.00609
7	0.01355	0.03677	0.02058	0.05625	0.64709	0.07212	0.02719	0.01647	0.01207	0.03434	0.00983	0.01266	0.00814	0.00475	0.00509	0.00153	0.00644	0.00453	0.00266	0.00794
8	0.01253	0.01235	0.04590	0.01401	0.03080	0.01272	0.20302	0.02364	0.51067	0.01998	0.01804	0.01899	0.01386	0.00651	0.00557	0.00178	0.00551	0.03190	0.00443	0.00779
9	0.01219	0.01385	0.03011	0.05401	0.02757	0.01310	0.73481	0.01654	0.01221	0.01654	0.01048	0.01404	0.00786	0.00442	0.00611	0.00176	0.00870	0.00608	0.00262	0.00697
10	0.21730	0.01170	0.04452	0.01179	0.05571	0.05570	0.07517	0.03721	0.01275	0.36178	0.01382	0.01373	0.00945	0.00581	0.00545	0.00164	0.04995	0.00450	0.00449	0.00752
11	0.01075	0.00799	0.04616	0.03691	0.08259	0.00685	0.00740	0.03060	0.01397	0.13264	0.41562	0.03076	0.10945	0.00894	0.00573	0.00161	0.00364	0.00776	0.00507	0.03556
12	0.00746	0.00507	0.00600	0.00610	0.00622	0.00514	0.00365	0.00773	0.00785	0.01057	0.01711	0.09427	0.01952	0.66923	0.10846	0.00518	0.00585	0.00793	0.00325	0.00340
13	0.01392	0.82012	0.02729	0.00891	0.01337	0.02061	0.00891	0.01559	0.01058	0.01225	0.00724	0.00835	0.00668	0.00446	0.00334	0.00111	0.00557	0.00278	0.00223	0.00668
14	0.05205	0.12612	0.07443	0.01924	0.31271	0.13836	0.02448	0.06836	0.04351	0.01724	0.01056	0.01344	0.00883	0.00535	0.00477	0.00149	0.00636	0.02949	0.03591	0.00729
15	0.00971	0.00485	0.00485	0.00485	0.00607	0.00485	0.00364	0.01213	0.01092	0.01942	0.01699	0.01942	0.01335	0.00607	0.00364	0.00121	0.00243	0.00485	0.84589	0.00485
16	0.00842	0.00574	0.00770	0.00785	0.00920	0.00545	0.00640	0.01080	0.01355	0.05115	0.42325	0.04633	0.06315	0.01205	0.00653	0.00195	0.00349	0.30663	0.00536	0.00502
17	0.00847	0.00697	0.01070	0.01353	0.18224	0.00677	0.03732	0.02803	0.01087	0.01476	0.02309	0.53863	0.02646	0.02839	0.00667	0.00203	0.00413	0.04139	0.00422	0.00535
18	0.01300	0.47628	0.25097	0.01227	0.06235	0.04584	0.01240	0.01655	0.04126	0.01418	0.00860	0.00988	0.00712	0.00475	0.00405	0.00133	0.00632	0.00335	0.00238	0.00711
19	0.01530	0.01711	0.01870	0.02320	0.40840	0.31066	0.04695	0.01800	0.03195	0.01532	0.00933	0.01171	0.00778	0.00514	0.00550	0.00151	0.03925	0.00425	0.00268	0.00725
20	0.00677	0.00490	0.00636	0.00737	0.00795	0.00461	0.00526	0.00792	0.01035	0.01356	0.03002	0.55417	0.10545	0.06911	0.00802	0.00233	0.00343	0.14344	0.00472	0.00427
21	0.50439	0.11454	0.04250	0.00984	0.05826	0.13152	0.00779	0.01613	0.01032	0.01955	0.00800	0.00939	0.00644	0.00491	0.00366	0.00149	0.00524	0.00313	0.03686	0.00604
22	0.00764	0.00503	0.00665	0.00709	0.00784	0.00475	0.00525	0.00806	0.01017	0.01325	0.09688	0.19729	0.17475	0.01536	0.01091	0.26782	0.00370	0.14963	0.00410	0.00382
23	0.01051	0.09521	0.51312	0.01350	0.03195	0.01178	0.06041	0.01549	0.02432	0.01663	0.09507	0.01530	0.03442	0.00573	0.00501	0.00158	0.00663	0.00473	0.00278	0.03582
24	0.00983	0.00926	0.01562	0.80447	0.03587	0.01157	0.01446	0.01331	0.01041	0.01331	0.00926	0.01388	0.00694	0.00521	0.00521	0.00174	0.00694	0.00463	0.00231	0.00579
25	0.01061	0.00906	0.01060	0.00769	0.01214	0.00683	0.00611	0.01286	0.01076	0.01681	0.01008	0.04492	0.00885	0.00439	0.00398	0.00083	0.00382	0.00358	0.00316	0.81292
26	0.03544	0.23616	0.18847	0.04186	0.01593	0.01328	0.01070	0.07551	0.01154	0.01637	0.00912	0.01101	0.00748	0.00701	0.05502	0.00174	0.04307	0.00358	0.00274	0.21396
27	0.00743	0.00535	0.00684	0.00714	0.00778	0.00537	0.00491	0.00870	0.03134	0.01246	0.02098	0.30026	0.03993	0.26088	0.17647	0.02543	0.00604	0.03131	0.00378	0.03758
28	0.76713	0.06106	0.00882	0.00693	0.01011	0.01198	0.00575	0.01502	0.00892	0.02214	0.00761	0.00947	0.00623	0.03702	0.00415	0.00172	0.00417	0.00301	0.00316	0.00561
29	0.00907	0.06594	0.13444	0.01050	0.01295	0.02195	0.05485	0.01154	0.00920	0.01299	0.01198	0.01701	0.01075	0.02662	0.49484	0.03696	0.04538	0.00503	0.00261	0.00539
30	0.00776	0.00506	0.00619	0.00647	0.00677	0.00497	0.00405	0.00823	0.00865	0.03986	0.02030	0.27926	0.02326	0.48723	0.06559	0.00419	0.00492	0.00966	0.00379	0.00379
31	0.01591	0.00997	0.01087	0.00891	0.01186	0.01062	0.00717	0.32046	0.09574	0.12614	0.01608	0.01640	0.01174	0.00629	0.00466	0.00146	0.00420	0.00494	0.30923	0.00735
32	0.01065	0.01490	0.23585	0.30634	0.21917	0.01149	0.03773	0.01464	0.01105	0.01531	0.01122	0.03791	0.02209	0.00565	0.00525	0.00169	0.00678	0.02283	0.00254	0.00689
33	0.04561	0.00732	0.00892	0.00768	0.01016	0.00678	0.00597	0.01522	0.09166	0.17459	0.34134	0.07452	0.05711	0.00870	0.00547	0.00156	0.00332	0.00746	0.00528	0.12132
34	0.01204	0.01132	0.01761	0.17014	0.30779	0.01238	0.07471	0.01848	0.22682	0.01730	0.01300	0.01522	0.01024	0.00675	0.03267	0.00192	0.03571	0.00514	0.00330	0.00746
35	0.00903	0.00797	0.03761	0.01295	0.20461	0.00698	0.00800	0.01139	0.01297	0.04370	0.30070	0.03421	0.27035	0.00960	0.00582	0.00165	0.00371	0.00838	0.00455	0.00582
36	0.01009	0.00949	0.01307	0.01140	0.01180	0.01247	0.00933	0.01161	0.01001	0.01494	0.22705	0.02039	0.04337	0.00968	0.01365	0.00208	0.55468	0.00613	0.00333	0.00543
37	0.01444	0.23516	0.09556	0.01689	0.19002	0.06945	0.07963	0.06419	0.01230	0.07629	0.00970	0.01153	0.00778	0.00536	0.00595	0.00153	0.08987	0.00414	0.00290	0.00733
38	0.01506	0.01223	0.01296	0.01102	0.01434	0.01394	0.00875	0.25505	0.54428	0.02518	0.01852	0.01730	0.01373	0.00682	0.00527	0.00170	0.00462	0.00552	0.00527	0.00843
39	0.01484	0.20793	0.10745	0.01376	0.13778	0.04009	0.01078	0.12974	0.03030	0.10545	0.01138	0.03320	0.00904	0.00536	0.00456	0.00137	0.00560	0.00422	0.00348	0.12368
40	0.01036	0.00955	0.01547	0.74151	0.03420	0.01181	0.01404	0.04421	0.04089	0.01442	0.00985	0.01405	0.00737	0.00532	0.00521	0.00173	0.00678	0.00468	0.00255	0.00600
41	0.01205	0.01026	0.05443	0.00834	0.01303	0.00746	0.00710	0.01487	0.03163	0.09124	0.01067	0.01171	0.00837	0.00425	0.00409	0.00093	0.00413	0.00341	0.00342	0.69862
42	0.01181	0.00996	0.03725	0.12087	0.31293	0.00955	0.01132	0.04350	0.01209	0.08462	0.04730	0.14743	0.04339	0.02173	0.00581	0.00171	0.00519	0.01578	0.00362	0.05416
43	0.01080	0.00926	0.01080	0.00771	0.01234	0.00694	0.00617	0.01311	0.01080	0.01697	0.00926	0.01080	0.00771	0.00386	0.00386	0.00077	0.00386	0.00309	0.00309	0.84882
44	0.01145	0.04921	0.32986	0.01317	0.07680	0.01040	0.03904	0.01588	0.04213	0.04948	0.04695	0.01303	0.00978	0.00496	0.00469	0.00135	0.00581	0.00412	0.00299	0.26889
45	0.03040	0.04016	0.04545	0.01318	0.12300	0.19717	0.00932	0.05875	0.04339	0.06467	0.06037	0.06487	0.01247	0.00606	0.00480	0.00136	0.00573	0.00487	0.00355	0.21041
46	0.01221	0.01408	0.19835	0.05198	0.16459	0.03040	0.01172	0.01553	0.01177	0.09358	0.04535	0.01542	0.03811	0.00542	0.00482	0.00137	0.00548	0.01605	0.00327	0.26049

[dist]
# distance from previous block
# <min> <max>
3	7

[block]
# block no. 5 follows, 47 sequences, length 6
# corresponding to MSA columns:
# 270-275
name=unknown_F
#
# <colnr> <probs for GDERKNQSTAVLIFYWHMCP>
#	G	D	E	R	K	N	Q	S	T	A	V	L	I	F	Y	W	H	M	C	P
0	0.00936	0.12311	0.01232	0.16239	0.01470	0.00962	0.00796	0.04189	0.00983	0.01318	0.03755	0.01985	0.01287	0.14625	0.35145	0.00503	0.00929	0.00539	0.00287	0.00511
1	0.03628	0.01172	0.10274	0.00896	0.01354	0.03086	0.00801	0.01496	0.05491	0.05004	0.01059	0.01201	0.00846	0.00617	0.04509	0.00140	0.00504	0.00356	0.00323	0.57242
2	0.01254	0.43281	0.20939	0.01134	0.04834	0.06761	0.01129	0.01542	0.01156	0.01465	0.10902	0.01325	0.01227	0.00545	0.00427	0.00135	0.00596	0.00403	0.00272	0.00672
3	0.01360	0.00892	0.01157	0.04775	0.06488	0.00820	0.00783	0.01748	0.10684	0.20378	0.08507	0.01880	0.01493	0.00796	0.04837	0.00176	0.00479	0.03404	0.00439	0.28905
4	0.01322	0.01231	0.01188	0.08251	0.01508	0.15093	0.00827	0.05891	0.24069	0.04384	0.04304	0.06131	0.04970	0.00679	0.00502	0.00148	0.00518	0.00552	0.00410	0.18022
5	0.01198	0.11117	0.01406	0.00937	0.01328	0.08135	0.05213	0.04405	0.03274	0.01682	0.06668	0.05773	0.01228	0.00547	0.00442	0.00112	0.00480	0.00451	0.00335	0.45267

[dist]
# distance from previous block
# <min> <max>
5	11

[block]
# block no. 6 follows, 47 sequences, length 10
# corresponding to MSA columns:
# 295-304
name=unknown_G
#
# <colnr> <probs for GDERKNQSTAVLIFYWHMCP>
#	G	D	E	R	K	N	Q	S	T	A	V	L	I	F	Y	W	H	M	C	P
0	0.00954	0.01014	0.08107	0.15997	0.25251	0.00910	0.03627	0.01220	0.01093	0.01486	0.01896	0.23744	0.08655	0.00964	0.02580	0.00195	0.00554	0.00803	0.00334	0.00616
1	0.08410	0.03923	0.14012	0.01399	0.10836	0.01026	0.11862	0.03547	0.01126	0.02947	0.02186	0.08979	0.01092	0.00764	0.04686	0.00183	0.01700	0.00525	0.00309	0.20488
2	0.04138	0.03538	0.07913	0.01109	0.08734	0.00897	0.00870	0.04764	0.01213	0.14993	0.01126	0.01213	0.00851	0.00462	0.00433	0.00114	0.00464	0.00372	0.00361	0.46435
3	0.01877	0.01018	0.01375	0.01325	0.14570	0.00942	0.00910	0.08996	0.05603	0.42821	0.01629	0.01546	0.01111	0.00576	0.00501	0.00148	0.00475	0.00479	0.00510	0.13589
4	0.01194	0.01083	0.01719	0.13205	0.48345	0.01123	0.01321	0.01614	0.08772	0.01731	0.03671	0.01502	0.01059	0.00525	0.00503	0.00154	0.00555	0.00488	0.07594	0.03841
5	0.00875	0.00717	0.00981	0.03433	0.01065	0.00872	0.00720	0.01127	0.07334	0.01266	0.01354	0.02101	0.01302	0.17584	0.41238	0.00583	0.16085	0.00576	0.00296	0.00491
6	0.60689	0.01126	0.00908	0.03574	0.01155	0.08716	0.00656	0.04228	0.00991	0.02076	0.00835	0.01118	0.00708	0.07412	0.00606	0.00191	0.03789	0.00348	0.00317	0.00559
7	0.19775	0.01376	0.07908	0.05914	0.03767	0.04531	0.00979	0.31720	0.04812	0.11069	0.01198	0.01271	0.00867	0.01961	0.00511	0.00166	0.00554	0.00432	0.00428	0.00762
8	0.00987	0.00920	0.01479	0.64511	0.07294	0.01108	0.01326	0.01381	0.05680	0.01409	0.01377	0.01730	0.07468	0.00598	0.00529	0.00173	0.00636	0.00526	0.00273	0.00595
9	0.01107	0.00872	0.01109	0.04302	0.01223	0.05100	0.07096	0.11666	0.01218	0.04985	0.05224	0.19050	0.01934	0.21112	0.02747	0.03348	0.03341	0.03648	0.00395	0.00526

[dist]
# distance from previous block
# <min> <max>
0	9

# created by:
# /home/cegg/simao/soft/augustus-3.2.1/scripts/msa2prfl.pl ./align_prep/EOG091G0M0S.fa
