[name]
unknown

[dist]
# distance from previous block
# <min> <max>
0	236

[block]
# block no. 0 follows, 54 sequences, length 55
# corresponding to MSA columns:
# 245-299
name=unknown_A
#
# <colnr> <probs for GDERKNQSTAVLIFYWHMCP>
#	G	D	E	R	K	N	Q	S	T	A	V	L	I	F	Y	W	H	M	C	P
0	0.05242	0.00981	0.01390	0.62239	0.08935	0.08258	0.01228	0.01286	0.00986	0.01278	0.00875	0.01316	0.00695	0.00493	0.00464	0.00154	0.00624	0.02792	0.00225	0.00540
1	0.00965	0.08859	0.64746	0.01314	0.01938	0.01130	0.07383	0.01446	0.00997	0.01449	0.00926	0.05067	0.00732	0.00492	0.00452	0.00148	0.00668	0.00405	0.00214	0.00669
2	0.01023	0.08463	0.71438	0.01280	0.01940	0.01134	0.01624	0.01524	0.01009	0.05094	0.00878	0.01005	0.00624	0.00451	0.00438	0.00146	0.00669	0.00347	0.00217	0.00695
3	0.01167	0.01120	0.01914	0.02894	0.80488	0.01120	0.01447	0.01447	0.01074	0.01540	0.00887	0.01167	0.00747	0.00420	0.00467	0.00140	0.00560	0.00420	0.00233	0.00747
4	0.01040	0.01052	0.02118	0.01640	0.05830	0.01002	0.51046	0.01355	0.01107	0.04740	0.08437	0.07971	0.05896	0.00604	0.00591	0.00161	0.03862	0.00653	0.00303	0.00593
5	0.00614	0.00444	0.00610	0.00703	0.00748	0.00421	0.01575	0.00718	0.00927	0.01231	0.02528	0.67770	0.02982	0.03828	0.00661	0.00203	0.00311	0.12905	0.00430	0.00391
6	0.01068	0.34055	0.50444	0.01135	0.01718	0.01395	0.01378	0.01462	0.00981	0.01344	0.00772	0.00902	0.00600	0.00431	0.00391	0.00130	0.00622	0.00311	0.00200	0.00661
7	0.02591	0.00883	0.01021	0.00879	0.01141	0.05666	0.00714	0.10464	0.08002	0.34568	0.05943	0.07436	0.03131	0.00787	0.00533	0.00161	0.02120	0.12809	0.00491	0.00661
8	0.03748	0.00992	0.01119	0.00915	0.01219	0.01055	0.00733	0.27755	0.22308	0.22589	0.03745	0.04490	0.01282	0.03892	0.00551	0.00162	0.00422	0.00517	0.01777	0.00729
9	0.00589	0.00429	0.00554	0.00628	0.00683	0.00395	0.00431	0.00698	0.00994	0.01328	0.16039	0.61680	0.11090	0.01361	0.00590	0.00181	0.00261	0.01223	0.00452	0.00395
10	0.01124	0.49431	0.29760	0.00995	0.01487	0.01518	0.01121	0.01413	0.00967	0.01261	0.00764	0.02381	0.00653	0.00444	0.00382	0.00120	0.01995	0.00310	0.00208	0.03666
11	0.01832	0.03919	0.01165	0.00889	0.01224	0.08715	0.00724	0.09494	0.04508	0.50518	0.01576	0.03040	0.01084	0.00704	0.04023	0.00166	0.00492	0.00456	0.00489	0.04981
12	0.00627	0.00483	0.00563	0.00596	0.00702	0.00440	0.00429	0.03772	0.01068	0.01366	0.10157	0.38266	0.35834	0.01274	0.00575	0.00173	0.00267	0.02550	0.00446	0.00412
13	0.00588	0.00481	0.00565	0.00586	0.00707	0.00425	0.02071	0.00722	0.02299	0.01268	0.03860	0.31507	0.49444	0.01267	0.00573	0.00171	0.00268	0.02357	0.00434	0.00404
14	0.01303	0.01133	0.01488	0.01187	0.01493	0.08604	0.19118	0.26306	0.03660	0.04757	0.07149	0.05770	0.05333	0.00711	0.00525	0.00157	0.00550	0.09733	0.00395	0.00629
15	0.00949	0.00919	0.01622	0.63843	0.12768	0.01072	0.09604	0.01267	0.00977	0.01279	0.00856	0.01247	0.00653	0.00457	0.00480	0.00155	0.00638	0.00434	0.00216	0.00564
16	0.00743	0.00511	0.00644	0.00617	0.00743	0.00474	0.00460	0.00976	0.04447	0.06195	0.52162	0.14854	0.13316	0.01031	0.00555	0.00156	0.00248	0.00906	0.00499	0.00463
17	0.08450	0.01535	0.01383	0.01304	0.10151	0.36532	0.05683	0.04287	0.01266	0.21233	0.01047	0.01107	0.00768	0.00505	0.00470	0.00137	0.02786	0.00378	0.00337	0.00643
18	0.01260	0.67683	0.07421	0.00879	0.01266	0.01726	0.00881	0.01434	0.00959	0.04783	0.00720	0.00834	0.00631	0.00450	0.00425	0.00115	0.07417	0.00282	0.00219	0.00613
19	0.00575	0.00422	0.00539	0.00628	0.00678	0.00387	0.00426	0.00666	0.00940	0.01234	0.05179	0.69298	0.14456	0.01421	0.00594	0.00186	0.00267	0.01276	0.00440	0.00387
20	0.01140	0.01093	0.01865	0.10624	0.72968	0.01113	0.01434	0.01423	0.01061	0.01508	0.00882	0.01176	0.00735	0.00425	0.00467	0.00142	0.00567	0.00420	0.00231	0.00725
21	0.01404	0.03555	0.01357	0.01253	0.08445	0.29275	0.04050	0.13647	0.15339	0.01677	0.05942	0.03766	0.01157	0.00655	0.02012	0.00154	0.03540	0.01799	0.00343	0.00628
22	0.03855	0.01128	0.01280	0.00988	0.01355	0.01185	0.00814	0.49047	0.04179	0.29147	0.01390	0.01301	0.00937	0.00571	0.00469	0.00144	0.00471	0.00441	0.00505	0.00794
23	0.00572	0.00454	0.00514	0.00550	0.00659	0.00396	0.00393	0.00686	0.01034	0.01297	0.09944	0.32459	0.46823	0.01277	0.00573	0.00170	0.00250	0.01107	0.00444	0.00396
24	0.20137	0.00957	0.04776	0.03088	0.01276	0.00946	0.05612	0.05499	0.04582	0.28851	0.04918	0.03826	0.03157	0.00618	0.00566	0.00156	0.09508	0.00473	0.00408	0.00643
25	0.04434	0.08598	0.01463	0.01044	0.01402	0.05665	0.06180	0.35675	0.09755	0.17507	0.02767	0.01282	0.00964	0.00550	0.00457	0.00141	0.00506	0.00435	0.00436	0.00737
26	0.00695	0.00482	0.00616	0.00678	0.00725	0.00477	0.00498	0.00794	0.00880	0.01160	0.02077	0.18107	0.02353	0.36850	0.01399	0.00316	0.00416	0.30745	0.00371	0.00361
27	0.00581	0.00452	0.00508	0.00546	0.00653	0.00396	0.00389	0.00694	0.01019	0.01292	0.06868	0.33003	0.46053	0.01263	0.00564	0.00169	0.00250	0.01093	0.03811	0.00396
28	0.00803	0.00617	0.00862	0.00810	0.00907	0.00677	0.04230	0.00995	0.03750	0.02772	0.09411	0.05054	0.04649	0.17827	0.16344	0.00345	0.10619	0.14404	0.04485	0.00438
29	0.01150	0.01103	0.01883	0.07840	0.75677	0.01116	0.01438	0.01432	0.01065	0.01519	0.00884	0.01173	0.00739	0.00423	0.00467	0.00141	0.00564	0.00420	0.00232	0.00733
30	0.00579	0.00421	0.00547	0.00637	0.00681	0.00388	0.00431	0.00674	0.00947	0.01256	0.07983	0.70943	0.09938	0.01418	0.00595	0.00186	0.00267	0.01278	0.00443	0.00388
31	0.00956	0.02374	0.77330	0.01326	0.02003	0.01099	0.01697	0.01540	0.04594	0.01515	0.00895	0.01030	0.00636	0.00457	0.00449	0.00150	0.00682	0.00357	0.00212	0.00699
32	0.01414	0.01592	0.01261	0.01128	0.01304	0.42179	0.01720	0.01689	0.11277	0.03021	0.01006	0.03599	0.00887	0.03892	0.00778	0.00163	0.19578	0.01540	0.01419	0.00554
33	0.00949	0.02377	0.77491	0.01339	0.02005	0.01110	0.01711	0.01477	0.00983	0.01477	0.00836	0.00997	0.00598	0.00465	0.00496	0.00152	0.04295	0.00351	0.00199	0.00689
34	0.00809	0.00657	0.00931	0.00870	0.00951	0.00811	0.00691	0.05139	0.00828	0.01201	0.01127	0.01668	0.01053	0.04382	0.59067	0.00604	0.18011	0.00485	0.00256	0.00459
35	0.02138	0.10711	0.55176	0.01276	0.01867	0.04920	0.06986	0.01583	0.03359	0.06378	0.00921	0.01041	0.00666	0.00455	0.00440	0.00144	0.00659	0.00363	0.00237	0.00682
36	0.01112	0.00982	0.01118	0.17367	0.01608	0.02975	0.00843	0.04152	0.55190	0.01776	0.01752	0.01754	0.04251	0.02387	0.00521	0.00164	0.00436	0.00523	0.00414	0.00675
37	0.00596	0.00450	0.00560	0.00627	0.00704	0.00403	0.00436	0.00697	0.00949	0.01241	0.02975	0.59921	0.19516	0.01355	0.00581	0.00179	0.00275	0.03459	0.00430	0.04647
38	0.01579	0.01758	0.01357	0.01178	0.01455	0.47788	0.05924	0.06765	0.21817	0.04092	0.01116	0.01157	0.00862	0.00528	0.00452	0.00136	0.00687	0.00393	0.00330	0.00629
39	0.00819	0.00410	0.00614	0.00614	0.00614	0.00410	0.00410	0.00614	0.00614	0.00819	0.00819	0.01433	0.00819	0.01638	0.01843	0.86282	0.00410	0.00410	0.00205	0.00205
40	0.00988	0.00847	0.00982	0.00712	0.01123	0.00657	0.00568	0.01255	0.05037	0.01559	0.00894	0.01018	0.00737	0.00364	0.00356	0.00074	0.00350	0.00292	0.00290	0.81897
41	0.01482	0.01245	0.01290	0.01064	0.01383	0.07235	0.03237	0.35402	0.38014	0.02329	0.01462	0.01406	0.01080	0.00589	0.00475	0.00149	0.00484	0.00470	0.00451	0.00752
42	0.00678	0.00471	0.00580	0.00573	0.00629	0.00454	0.00387	0.00791	0.01001	0.01382	0.36307	0.05892	0.03020	0.39910	0.01433	0.00299	0.00347	0.05075	0.00402	0.00367
43	0.00574	0.00410	0.00547	0.00657	0.00684	0.00383	0.00438	0.00657	0.00903	0.01204	0.02599	0.83122	0.03119	0.01477	0.00602	0.00191	0.00274	0.01340	0.00438	0.00383
44	0.01283	0.80133	0.02421	0.00825	0.01221	0.05367	0.00811	0.01433	0.00975	0.01111	0.00659	0.00760	0.00605	0.00407	0.00308	0.00102	0.00519	0.00254	0.00204	0.00603
45	0.01770	0.01975	0.01359	0.01177	0.01459	0.58043	0.00907	0.24484	0.01595	0.01687	0.00847	0.00933	0.00664	0.00509	0.00439	0.00127	0.00753	0.00339	0.00310	0.00622
46	0.00684	0.00462	0.00539	0.00539	0.00547	0.00470	0.00316	0.00701	0.00693	0.00932	0.01463	0.02961	0.01660	0.75378	0.10377	0.00487	0.00538	0.00667	0.00282	0.00299
47	0.06269	0.00797	0.01059	0.00823	0.01175	0.00703	0.00677	0.02208	0.01310	0.74744	0.01821	0.03785	0.01188	0.00601	0.00469	0.00147	0.00396	0.00487	0.00565	0.00777
48	0.00580	0.00422	0.00547	0.00635	0.00681	0.00389	0.00431	0.00676	0.00952	0.01263	0.08720	0.69522	0.10623	0.01411	0.00594	0.00185	0.00266	0.01270	0.00444	0.00389
49	0.00592	0.00449	0.00545	0.00604	0.00686	0.00406	0.00431	0.00705	0.01001	0.01289	0.09498	0.43252	0.28491	0.03565	0.00636	0.00186	0.00274	0.06556	0.00440	0.00394
50	0.01798	0.01311	0.01409	0.01080	0.01458	0.01448	0.00893	0.77539	0.02201	0.04371	0.01145	0.01141	0.00808	0.00566	0.00472	0.00142	0.00517	0.00425	0.00474	0.00802
51	0.71041	0.00987	0.00827	0.00706	0.01014	0.01133	0.00582	0.15729	0.01064	0.02274	0.00744	0.00834	0.00565	0.00461	0.00325	0.00145	0.00393	0.00287	0.00325	0.00565
52	0.01110	0.01231	0.02310	0.01724	0.02043	0.04116	0.51573	0.01405	0.00998	0.01380	0.00841	0.01181	0.00681	0.00535	0.00863	0.00173	0.26509	0.00502	0.00229	0.00595
53	0.00596	0.00436	0.00556	0.00641	0.00695	0.00404	0.00448	0.00695	0.00943	0.01233	0.04564	0.59033	0.14260	0.05471	0.00688	0.00201	0.00291	0.08028	0.00432	0.00386
54	0.01519	0.01593	0.01201	0.01065	0.01328	0.39383	0.00818	0.09546	0.27497	0.04760	0.03180	0.01387	0.03493	0.00582	0.00457	0.00139	0.00608	0.00433	0.00370	0.00641

[dist]
# distance from previous block
# <min> <max>
0	12

[block]
# block no. 1 follows, 54 sequences, length 59
# corresponding to MSA columns:
# 312-370
name=unknown_B
#
# <colnr> <probs for GDERKNQSTAVLIFYWHMCP>
#	G	D	E	R	K	N	Q	S	T	A	V	L	I	F	Y	W	H	M	C	P
0	0.16923	0.01037	0.01074	0.00910	0.01210	0.01161	0.00728	0.22673	0.35412	0.08469	0.01500	0.04500	0.01143	0.00611	0.00448	0.00153	0.00409	0.00480	0.00450	0.00709
1	0.00575	0.00416	0.00544	0.00644	0.00681	0.00385	0.00433	0.00662	0.00921	0.01221	0.04215	0.76841	0.07818	0.01450	0.00598	0.00189	0.00270	0.01310	0.00439	0.00385
2	0.07700	0.01339	0.01231	0.01040	0.01317	0.20387	0.03745	0.34255	0.05795	0.02063	0.01288	0.13729	0.01158	0.00689	0.00475	0.00148	0.00550	0.02061	0.00389	0.00639
3	0.01204	0.01089	0.01845	0.06748	0.72416	0.01094	0.01400	0.01480	0.01082	0.05740	0.00936	0.01195	0.00763	0.00431	0.00467	0.00141	0.00555	0.00423	0.00251	0.00739
4	0.00722	0.00509	0.00627	0.00627	0.00739	0.00479	0.00465	0.00891	0.02852	0.05663	0.25145	0.21823	0.23030	0.06458	0.00709	0.00187	0.02210	0.05975	0.00454	0.00435
5	0.00598	0.00429	0.00572	0.00673	0.00716	0.00403	0.00472	0.00701	0.00943	0.01254	0.05582	0.69779	0.04853	0.01432	0.00605	0.00192	0.00289	0.09676	0.00440	0.00391
6	0.05830	0.01072	0.01563	0.12216	0.31544	0.02283	0.05126	0.16242	0.03059	0.11646	0.01121	0.01377	0.00868	0.00514	0.00471	0.00148	0.00539	0.03344	0.00336	0.00703
7	0.05003	0.01427	0.01404	0.01329	0.09586	0.26372	0.02995	0.11604	0.02771	0.06559	0.00920	0.03411	0.00773	0.00616	0.00749	0.00155	0.23009	0.00411	0.00296	0.00609
8	0.01069	0.34202	0.50301	0.01134	0.01716	0.01396	0.01377	0.01461	0.00981	0.01343	0.00772	0.00902	0.00600	0.00431	0.00391	0.00130	0.00622	0.00311	0.00200	0.00661
9	0.01069	0.01014	0.01719	0.05829	0.62847	0.01017	0.03713	0.01331	0.01057	0.01489	0.02740	0.05641	0.04934	0.00615	0.02817	0.00163	0.00553	0.00512	0.00260	0.00683
10	0.04161	0.00778	0.00876	0.00796	0.01021	0.00830	0.00636	0.04642	0.31003	0.13374	0.04661	0.02318	0.04850	0.00802	0.02604	0.00171	0.00377	0.10448	0.15031	0.00622
11	0.01065	0.00857	0.00997	0.00734	0.01129	0.00692	0.00586	0.05965	0.03818	0.04771	0.02551	0.02685	0.00871	0.00416	0.00375	0.00084	0.00358	0.00337	0.00318	0.71393
12	0.01265	0.00928	0.01013	0.00830	0.01117	0.06598	0.00652	0.13612	0.03457	0.14628	0.04247	0.14821	0.03907	0.00692	0.00499	0.00131	0.03535	0.00566	0.00399	0.27104
13	0.00585	0.00418	0.00546	0.00641	0.00671	0.00394	0.00425	0.00663	0.00886	0.01179	0.02540	0.72400	0.05182	0.08580	0.02303	0.00224	0.00307	0.01258	0.00421	0.00376
14	0.00925	0.00882	0.01514	0.71643	0.10617	0.01060	0.04262	0.01240	0.00962	0.01248	0.00847	0.01249	0.00643	0.00464	0.00474	0.00156	0.00628	0.00424	0.00213	0.00549
15	0.01726	0.02062	0.01361	0.01203	0.01462	0.66783	0.02009	0.11452	0.03487	0.01406	0.00811	0.00919	0.00655	0.00505	0.00456	0.00127	0.02382	0.00330	0.00277	0.00584
16	0.00807	0.00714	0.01167	0.10536	0.01394	0.01739	0.15437	0.03660	0.00988	0.01325	0.04167	0.34638	0.01948	0.04712	0.09635	0.00252	0.02729	0.03338	0.00341	0.00471
17	0.00993	0.00712	0.00811	0.00722	0.00941	0.00712	0.00559	0.01552	0.27002	0.10936	0.23980	0.02815	0.20138	0.00833	0.00511	0.00150	0.00303	0.00706	0.00482	0.05142
18	0.00693	0.00500	0.00598	0.00583	0.00709	0.00455	0.00430	0.00890	0.03705	0.04579	0.37605	0.14309	0.27838	0.04209	0.00627	0.00169	0.00255	0.00931	0.00475	0.00439
19	0.00580	0.00433	0.00533	0.00602	0.00666	0.00393	0.00412	0.00675	0.00960	0.01246	0.07235	0.55611	0.22718	0.04791	0.00663	0.00192	0.00270	0.01200	0.00436	0.00386
20	0.00978	0.00838	0.00978	0.00698	0.01117	0.00629	0.00559	0.01187	0.00978	0.01536	0.00838	0.00978	0.00698	0.00349	0.00349	0.00070	0.00349	0.00279	0.00279	0.86312
21	0.00586	0.00424	0.00549	0.00632	0.00676	0.00393	0.00427	0.00681	0.00948	0.01263	0.10077	0.66816	0.08796	0.04532	0.00663	0.00195	0.00273	0.01244	0.00440	0.00386
22	0.00875	0.00780	0.04097	0.07640	0.03105	0.01943	0.06517	0.04001	0.01070	0.04199	0.15635	0.27371	0.02280	0.00983	0.00682	0.00175	0.10759	0.07012	0.00379	0.00499
23	0.00577	0.00415	0.00547	0.00649	0.00683	0.00385	0.00435	0.00664	0.00922	0.01227	0.05101	0.78085	0.05658	0.01452	0.00599	0.00189	0.00271	0.01314	0.00440	0.00385
24	0.04363	0.01271	0.01327	0.01040	0.01395	0.03566	0.00852	0.63895	0.08681	0.04840	0.01203	0.01195	0.00862	0.00566	0.00462	0.00142	0.00500	0.00427	0.02641	0.00772
25	0.03955	0.00870	0.01180	0.00864	0.01261	0.00708	0.11247	0.01227	0.00994	0.01560	0.00936	0.01187	0.00784	0.00399	0.00384	0.00091	0.00407	0.02738	0.04708	0.64501
26	0.01117	0.46567	0.38356	0.01052	0.01590	0.01513	0.01234	0.01449	0.00975	0.01285	0.00743	0.00866	0.00602	0.00424	0.00369	0.00123	0.00592	0.00296	0.00201	0.00647
27	0.00944	0.00860	0.01359	0.59529	0.08369	0.00987	0.01171	0.04147	0.01004	0.01340	0.00920	0.04329	0.00748	0.00493	0.00460	0.00145	0.00569	0.00436	0.00239	0.11950
28	0.01261	0.83713	0.02471	0.00807	0.01210	0.01866	0.00807	0.01412	0.00958	0.01109	0.00656	0.00756	0.00605	0.00403	0.00303	0.00101	0.00504	0.00252	0.00202	0.00605
29	0.00979	0.08809	0.54163	0.01193	0.01784	0.01070	0.04621	0.01438	0.02752	0.01472	0.00904	0.03176	0.00705	0.00458	0.00429	0.00134	0.00609	0.00368	0.00227	0.14710
30	0.01150	0.11834	0.42089	0.01296	0.01811	0.04277	0.11377	0.03081	0.03509	0.07057	0.00925	0.01069	0.00686	0.00486	0.00537	0.00148	0.07369	0.00383	0.00248	0.00668
31	0.00574	0.00413	0.00544	0.00649	0.00682	0.00384	0.00434	0.00657	0.00910	0.01207	0.02691	0.79778	0.06402	0.01465	0.00600	0.00190	0.00272	0.01326	0.00438	0.00384
32	0.01019	0.00956	0.16997	0.00894	0.03062	0.00646	0.00817	0.01270	0.01943	0.17678	0.10890	0.20485	0.09557	0.00945	0.00537	0.00167	0.00405	0.10748	0.00423	0.00560
33	0.01130	0.01067	0.01737	0.34034	0.27156	0.05180	0.12594	0.01468	0.04036	0.05616	0.00960	0.01248	0.00737	0.00458	0.00480	0.00150	0.00621	0.00441	0.00253	0.00635
34	0.00700	0.00545	0.00814	0.00797	0.00906	0.00513	0.08387	0.00881	0.03968	0.03268	0.07073	0.55687	0.09192	0.01254	0.00585	0.00182	0.00333	0.04048	0.00427	0.00439
35	0.01192	0.01022	0.01077	0.00963	0.01233	0.01182	0.00751	0.04878	0.77232	0.02003	0.01895	0.01740	0.01420	0.00637	0.00480	0.00159	0.00378	0.00530	0.00480	0.00748
36	0.00962	0.05029	0.75721	0.01349	0.02029	0.01123	0.04396	0.01491	0.00998	0.01481	0.00844	0.00997	0.00602	0.00445	0.00447	0.00148	0.00694	0.00353	0.00201	0.00692
37	0.60183	0.01060	0.01052	0.06839	0.01309	0.07274	0.08615	0.03468	0.00920	0.01904	0.00717	0.00878	0.00559	0.00456	0.00387	0.00148	0.03105	0.00311	0.00279	0.00535
38	0.00890	0.00838	0.01414	0.82296	0.03247	0.01048	0.01309	0.01205	0.00943	0.01205	0.00838	0.01257	0.00629	0.00471	0.00471	0.00157	0.00629	0.00419	0.00210	0.00524
39	0.00643	0.00476	0.00599	0.00579	0.00692	0.00433	0.00430	0.00838	0.01261	0.01741	0.62323	0.09295	0.16868	0.01038	0.00560	0.00153	0.00229	0.00911	0.00500	0.00433
40	0.01183	0.00905	0.01089	0.02970	0.01235	0.00813	0.03028	0.15088	0.04587	0.07716	0.03125	0.01375	0.03673	0.03926	0.00493	0.00118	0.00403	0.00398	0.00353	0.47519
41	0.01097	0.00675	0.00863	0.00768	0.00970	0.00662	0.02328	0.03273	0.13988	0.19222	0.25142	0.09154	0.08742	0.02219	0.03649	0.00186	0.00368	0.05632	0.00488	0.00573
42	0.00708	0.00460	0.00520	0.00526	0.00542	0.00460	0.00315	0.00740	0.00735	0.01019	0.01544	0.03080	0.01720	0.71330	0.02114	0.00412	0.00434	0.04739	0.08293	0.00308
43	0.01807	0.01386	0.01318	0.01057	0.01398	0.16908	0.00852	0.44874	0.06809	0.16948	0.01238	0.01204	0.00872	0.00558	0.00464	0.00140	0.00552	0.00417	0.00448	0.00749
44	0.01100	0.01017	0.01422	0.01213	0.01236	0.01397	0.01010	0.01208	0.00762	0.06187	0.00698	0.01068	0.00654	0.00810	0.01479	0.00202	0.77357	0.00417	0.00230	0.00534
45	0.01137	0.43270	0.35766	0.01044	0.01564	0.01480	0.01199	0.01520	0.05166	0.02739	0.00825	0.00927	0.00656	0.00438	0.00377	0.00125	0.00577	0.00312	0.00222	0.00655
46	0.00647	0.00587	0.04880	0.00651	0.00776	0.00491	0.00516	0.00821	0.01117	0.01517	0.35222	0.25572	0.19990	0.01123	0.00602	0.00165	0.03465	0.00974	0.00450	0.00434
47	0.00838	0.00552	0.00706	0.00644	0.00790	0.00524	0.00491	0.01143	0.07419	0.09071	0.67030	0.03211	0.03917	0.00904	0.00543	0.00149	0.00250	0.00793	0.00522	0.00501
48	0.00978	0.00838	0.00978	0.00698	0.01117	0.00629	0.00559	0.01187	0.00978	0.01536	0.00838	0.00978	0.00698	0.00349	0.00349	0.00070	0.00349	0.00279	0.00279	0.86312
49	0.01310	0.71502	0.02305	0.00869	0.01240	0.10993	0.00827	0.01456	0.00993	0.01115	0.00663	0.00777	0.00606	0.00427	0.00360	0.00107	0.03385	0.00264	0.00207	0.00595
50	0.00731	0.00592	0.00861	0.00837	0.00902	0.00722	0.00659	0.00881	0.00773	0.01119	0.01299	0.09145	0.01292	0.02811	0.57957	0.00595	0.15678	0.02446	0.00266	0.00435
51	0.00574	0.00410	0.00547	0.00657	0.00684	0.00383	0.00438	0.00657	0.00903	0.01204	0.02599	0.83122	0.03119	0.01477	0.00602	0.00191	0.00274	0.01340	0.00438	0.00383
52	0.00890	0.00838	0.01414	0.82296	0.03247	0.01048	0.01309	0.01205	0.00943	0.01205	0.00838	0.01257	0.00629	0.00471	0.00471	0.00157	0.00629	0.00419	0.00210	0.00524
53	0.01173	0.01013	0.01066	0.00960	0.01226	0.01173	0.00746	0.02505	0.79636	0.01972	0.01919	0.01759	0.01439	0.00640	0.00480	0.00160	0.00373	0.00533	0.00480	0.00746
54	0.01148	0.01100	0.01879	0.08467	0.75067	0.01115	0.01437	0.01430	0.01064	0.01517	0.00883	0.01173	0.00739	0.00424	0.00467	0.00141	0.00565	0.00420	0.00232	0.00731
55	0.00966	0.00788	0.00959	0.00723	0.01081	0.00619	0.02294	0.01176	0.02207	0.04057	0.02200	0.09159	0.01053	0.03633	0.00465	0.00103	0.00356	0.00423	0.00310	0.67426
56	0.01096	0.43086	0.39560	0.01055	0.01590	0.01464	0.01240	0.01437	0.00986	0.01311	0.02835	0.00942	0.00702	0.00439	0.00378	0.00125	0.00588	0.00313	0.00209	0.00644
57	0.00986	0.00845	0.00981	0.00709	0.01122	0.00651	0.00567	0.01242	0.04253	0.01555	0.00883	0.01010	0.00729	0.00361	0.00355	0.00074	0.00350	0.00290	0.00288	0.82749
58	0.04092	0.17285	0.38322	0.01171	0.01677	0.01152	0.09900	0.02528	0.01042	0.07944	0.01155	0.05035	0.03334	0.00542	0.00446	0.00145	0.00591	0.02727	0.00268	0.00645

[dist]
# distance from previous block
# <min> <max>
0	82

[block]
# block no. 2 follows, 54 sequences, length 15
# corresponding to MSA columns:
# 453-467
name=unknown_C
#
# <colnr> <probs for GDERKNQSTAVLIFYWHMCP>
#	G	D	E	R	K	N	Q	S	T	A	V	L	I	F	Y	W	H	M	C	P
0	0.01031	0.00606	0.00753	0.00661	0.00853	0.00560	0.00514	0.04243	0.04463	0.19263	0.43255	0.03117	0.17003	0.00893	0.00532	0.00150	0.00282	0.00765	0.00515	0.00541
1	0.00946	0.02439	0.80987	0.01344	0.02041	0.01095	0.01742	0.01493	0.00995	0.01493	0.00846	0.00995	0.00597	0.00448	0.00448	0.00149	0.00697	0.00348	0.00199	0.00697
2	0.01290	0.04918	0.26517	0.04095	0.01927	0.07158	0.22250	0.11400	0.01227	0.09504	0.00986	0.01138	0.00715	0.00481	0.00525	0.00149	0.04332	0.00425	0.00287	0.00675
3	0.01084	0.00984	0.01756	0.35524	0.26835	0.01050	0.14652	0.01387	0.01041	0.06425	0.01004	0.02905	0.00802	0.00485	0.00491	0.00153	0.00611	0.01931	0.00254	0.00626
4	0.00793	0.01283	0.31972	0.01030	0.01372	0.00751	0.04766	0.01112	0.00994	0.01377	0.01885	0.17392	0.07646	0.01111	0.06342	0.00218	0.00569	0.18534	0.00321	0.00533
5	0.05305	0.00981	0.01401	0.04647	0.18517	0.08173	0.12856	0.01355	0.01075	0.10616	0.01594	0.17221	0.05153	0.00754	0.00544	0.00161	0.02959	0.05767	0.00339	0.00584
6	0.01140	0.01117	0.02101	0.01558	0.01935	0.02426	0.49243	0.05263	0.05860	0.05813	0.06584	0.06939	0.01198	0.00555	0.00570	0.00157	0.03305	0.00599	0.00315	0.03320
7	0.02627	0.00538	0.00656	0.00707	0.00763	0.02847	0.00508	0.00795	0.00946	0.01286	0.10413	0.49970	0.04679	0.06330	0.03912	0.00224	0.05337	0.06648	0.00407	0.00405
8	0.01097	0.01662	0.37058	0.01133	0.01590	0.05328	0.04268	0.08557	0.13824	0.04718	0.01587	0.04250	0.08844	0.00632	0.00482	0.00154	0.00561	0.03269	0.00327	0.00659
9	0.02863	0.01143	0.01571	0.01284	0.04584	0.06840	0.18373	0.13906	0.12817	0.16466	0.03108	0.02618	0.02363	0.00589	0.00604	0.00156	0.09152	0.00499	0.00385	0.00680
10	0.01105	0.11355	0.12478	0.14265	0.45755	0.01200	0.04405	0.01415	0.01031	0.01430	0.00848	0.01111	0.00691	0.00429	0.00448	0.00140	0.00591	0.00395	0.00222	0.00685
11	0.01876	0.00796	0.01044	0.00821	0.01146	0.00721	0.00670	0.08807	0.01396	0.62268	0.07950	0.04661	0.01464	0.00643	0.00480	0.00146	0.00387	0.00530	0.03446	0.00747
12	0.09287	0.01199	0.04255	0.00949	0.01269	0.14142	0.00789	0.14676	0.05213	0.33359	0.05797	0.01398	0.01112	0.00580	0.00496	0.00145	0.03757	0.00436	0.00445	0.00696
13	0.01330	0.01296	0.01505	0.18794	0.01920	0.18527	0.13339	0.15898	0.11849	0.03721	0.01170	0.06428	0.00951	0.00570	0.00484	0.00149	0.00620	0.00492	0.00330	0.00626
14	0.00698	0.00504	0.00643	0.00688	0.00774	0.00491	0.00510	0.02580	0.01009	0.03990	0.05883	0.45241	0.17550	0.01362	0.02888	0.00201	0.03556	0.10578	0.00432	0.00425

[dist]
# distance from previous block
# <min> <max>
5	11

[block]
# block no. 3 follows, 54 sequences, length 19
# corresponding to MSA columns:
# 484-502
name=unknown_D
#
# <colnr> <probs for GDERKNQSTAVLIFYWHMCP>
#	G	D	E	R	K	N	Q	S	T	A	V	L	I	F	Y	W	H	M	C	P
0	0.01195	0.01241	0.02265	0.01785	0.07619	0.05578	0.49472	0.05409	0.01135	0.04119	0.00996	0.01379	0.00800	0.00510	0.00666	0.00163	0.11152	0.03622	0.00265	0.00629
1	0.01202	0.01131	0.01886	0.02793	0.76081	0.01139	0.01416	0.05767	0.01137	0.01620	0.00901	0.01165	0.00750	0.00428	0.00467	0.00140	0.00558	0.00420	0.00247	0.00750
2	0.01080	0.01214	0.02599	0.01880	0.02311	0.01160	0.70923	0.01446	0.01083	0.01476	0.01028	0.05737	0.00842	0.00476	0.00604	0.00163	0.04520	0.00593	0.00248	0.00617
3	0.00668	0.00607	0.04676	0.00626	0.00789	0.00500	0.00512	0.00918	0.05121	0.01589	0.36439	0.07086	0.32082	0.01048	0.00555	0.00159	0.00275	0.05437	0.00462	0.00452
4	0.05508	0.07012	0.01657	0.01199	0.01567	0.10934	0.21546	0.03698	0.10732	0.29321	0.01330	0.01333	0.00933	0.00509	0.00470	0.00145	0.00566	0.00455	0.00394	0.00692
5	0.01504	0.01163	0.01673	0.01291	0.01653	0.08452	0.25874	0.10603	0.13289	0.22733	0.01427	0.01606	0.01057	0.00561	0.00507	0.00153	0.00580	0.04774	0.00404	0.00696
6	0.00679	0.00503	0.00671	0.00713	0.00773	0.00535	0.00518	0.00855	0.05145	0.01186	0.01945	0.33871	0.02148	0.14253	0.25139	0.00402	0.02334	0.07566	0.00357	0.00407
7	0.03427	0.01955	0.01372	0.01279	0.05462	0.60936	0.03446	0.05103	0.10011	0.01371	0.00891	0.00991	0.00716	0.00499	0.00437	0.00129	0.00757	0.00347	0.00279	0.00592
8	0.01177	0.01157	0.01849	0.08426	0.71052	0.05158	0.01410	0.01452	0.01078	0.01497	0.00875	0.01157	0.00731	0.00427	0.00465	0.00140	0.00580	0.00414	0.00232	0.00721
9	0.00706	0.00526	0.00737	0.00706	0.00834	0.00485	0.04843	0.00891	0.01160	0.03753	0.35730	0.20564	0.15771	0.01108	0.00575	0.00168	0.00298	0.10236	0.00465	0.00444
10	0.01011	0.00641	0.00733	0.00655	0.00834	0.00639	0.00510	0.12594	0.04714	0.08080	0.24914	0.05384	0.11320	0.00803	0.00477	0.00142	0.00294	0.02406	0.23321	0.00529
11	0.06264	0.05698	0.01354	0.01068	0.01384	0.27900	0.00853	0.34395	0.11170	0.03819	0.01061	0.01087	0.00797	0.00534	0.00439	0.00135	0.00599	0.00381	0.00376	0.00685
12	0.01233	0.01317	0.01344	0.01323	0.09657	0.23037	0.00963	0.03399	0.07493	0.01314	0.01044	0.05495	0.02439	0.00725	0.00914	0.00169	0.34185	0.03113	0.00273	0.00563
13	0.00604	0.00459	0.00556	0.00575	0.00676	0.00411	0.00415	0.00750	0.01119	0.01482	0.32248	0.28028	0.28578	0.01194	0.00570	0.00165	0.00243	0.01047	0.00468	0.00411
14	0.05033	0.00469	0.00639	0.00668	0.00728	0.00455	0.02724	0.00717	0.00843	0.01169	0.03798	0.44204	0.08260	0.01443	0.02441	0.24408	0.00346	0.00947	0.00357	0.00350
15	0.01180	0.36670	0.38199	0.01092	0.01620	0.05490	0.01246	0.06955	0.01083	0.01419	0.00780	0.00897	0.00616	0.00439	0.00387	0.00127	0.00611	0.00311	0.00222	0.00658
16	0.03261	0.00740	0.01061	0.01307	0.22112	0.00744	0.02085	0.01125	0.04271	0.04184	0.06791	0.11323	0.20016	0.02662	0.00631	0.00173	0.04886	0.11719	0.00371	0.00537
17	0.00742	0.00494	0.00602	0.00591	0.00723	0.00437	0.00436	0.00893	0.01147	0.08835	0.29091	0.22069	0.29931	0.01126	0.00559	0.00162	0.00256	0.00979	0.00478	0.00448
18	0.01600	0.01478	0.01404	0.05810	0.13822	0.26273	0.00974	0.26555	0.06819	0.07501	0.01064	0.01144	0.00799	0.00519	0.00454	0.00137	0.00611	0.00397	0.01949	0.00688

[dist]
# distance from previous block
# <min> <max>
0	2

[block]
# block no. 4 follows, 54 sequences, length 11
# corresponding to MSA columns:
# 505-515
name=unknown_E
#
# <colnr> <probs for GDERKNQSTAVLIFYWHMCP>
#	G	D	E	R	K	N	Q	S	T	A	V	L	I	F	Y	W	H	M	C	P
0	0.01010	0.00966	0.01674	0.52675	0.20645	0.01095	0.09608	0.04160	0.01038	0.01379	0.00872	0.01234	0.00671	0.00455	0.00479	0.00153	0.00627	0.00434	0.00228	0.00597
1	0.01078	0.09590	0.66864	0.01251	0.01892	0.01129	0.01565	0.01557	0.01023	0.08483	0.00919	0.01028	0.00648	0.00456	0.00437	0.00145	0.00653	0.00351	0.00233	0.00698
2	0.01200	0.23429	0.29090	0.01137	0.01589	0.12736	0.04860	0.05433	0.07587	0.01452	0.01003	0.01298	0.00834	0.00521	0.00430	0.00138	0.00619	0.05744	0.00261	0.00639
3	0.00813	0.00516	0.00800	0.18934	0.01237	0.00561	0.00640	0.00777	0.00744	0.00978	0.01077	0.07422	0.01083	0.01340	0.01357	0.54336	0.00451	0.06388	0.00240	0.00306
4	0.01023	0.23607	0.53354	0.08371	0.01930	0.01293	0.01459	0.01446	0.00981	0.01367	0.00795	0.00956	0.00602	0.00438	0.00412	0.00137	0.00640	0.00329	0.00201	0.00657
5	0.12065	0.01169	0.01170	0.01032	0.05455	0.11280	0.00785	0.26185	0.06787	0.15640	0.03421	0.01482	0.03441	0.00585	0.00449	0.00141	0.00486	0.03094	0.00417	0.04915
6	0.01073	0.23896	0.55965	0.01195	0.01790	0.05623	0.01450	0.01493	0.01004	0.01374	0.00789	0.00925	0.00600	0.00438	0.00408	0.00135	0.00654	0.00321	0.00202	0.00665
7	0.04839	0.01064	0.01128	0.00922	0.01231	0.04334	0.00744	0.33604	0.14421	0.10881	0.06697	0.03098	0.05054	0.00653	0.00474	0.00144	0.00438	0.03113	0.00455	0.06706
8	0.24273	0.00993	0.00999	0.00913	0.04599	0.06426	0.00693	0.17805	0.06864	0.10385	0.13757	0.04503	0.01527	0.00651	0.00446	0.00149	0.00420	0.03568	0.00415	0.00614
9	0.09239	0.01029	0.01520	0.04538	0.07646	0.01058	0.16902	0.11514	0.11948	0.22956	0.03109	0.01398	0.01007	0.00537	0.00513	0.00152	0.03359	0.00473	0.00401	0.00700
10	0.01022	0.00868	0.01247	0.31562	0.13287	0.00971	0.01009	0.14060	0.06198	0.01603	0.01509	0.16145	0.05001	0.00727	0.00504	0.00160	0.00497	0.02716	0.00331	0.00583

[dist]
# distance from previous block
# <min> <max>
0	2

[block]
# block no. 5 follows, 54 sequences, length 25
# corresponding to MSA columns:
# 518,521-544
name=unknown_F
#
# <colnr> <probs for GDERKNQSTAVLIFYWHMCP>
#	G	D	E	R	K	N	Q	S	T	A	V	L	I	F	Y	W	H	M	C	P
0	0.02704	0.01226	0.01280	0.04911	0.01431	0.21397	0.10437	0.09448	0.05664	0.10251	0.03435	0.06505	0.09043	0.00663	0.00485	0.00144	0.00555	0.03467	0.00363	0.06593
1	0.01262	0.00968	0.01513	0.01442	0.16682	0.00929	0.16106	0.06019	0.10408	0.15653	0.03898	0.05007	0.04424	0.00585	0.00490	0.00144	0.00490	0.02520	0.00375	0.11084
2	0.01066	0.01207	0.05988	0.01610	0.02065	0.01056	0.53593	0.01480	0.05541	0.01533	0.01099	0.01331	0.03180	0.00429	0.00508	0.00142	0.00666	0.00507	0.00264	0.16736
3	0.01259	0.01073	0.01110	0.00980	0.01251	0.03948	0.00768	0.08044	0.67584	0.04006	0.01791	0.01662	0.01339	0.00632	0.00500	0.00158	0.02173	0.00513	0.00468	0.00740
4	0.01329	0.00965	0.01047	0.00862	0.01090	0.01066	0.00670	0.40829	0.08194	0.02166	0.01315	0.01735	0.01121	0.20789	0.00966	0.00219	0.03589	0.00499	0.10934	0.00616
5	0.01719	0.01567	0.01349	0.01103	0.01425	0.26283	0.00879	0.49175	0.05106	0.02329	0.03743	0.01152	0.00892	0.00558	0.00460	0.00136	0.00606	0.00406	0.00403	0.00708
6	0.00935	0.00790	0.01100	0.00888	0.01176	0.00714	0.11142	0.04715	0.07806	0.03112	0.10108	0.10607	0.10083	0.00737	0.00489	0.00136	0.00393	0.06219	0.00375	0.28475
7	0.05265	0.00985	0.01207	0.01025	0.05313	0.04721	0.02871	0.10266	0.11083	0.49746	0.01615	0.01473	0.01076	0.00565	0.00467	0.00146	0.00449	0.00459	0.00504	0.00764
8	0.01295	0.77100	0.04703	0.00824	0.01234	0.01783	0.00828	0.01459	0.00979	0.05187	0.00723	0.00807	0.00634	0.00414	0.00316	0.00105	0.00505	0.00266	0.00221	0.00618
9	0.01173	0.01013	0.01066	0.00960	0.01226	0.01173	0.00746	0.02505	0.79636	0.01972	0.01919	0.01759	0.01439	0.00640	0.00480	0.00160	0.00373	0.00533	0.00480	0.00746
10	0.01288	0.01506	0.05585	0.01290	0.01496	0.26305	0.10781	0.03527	0.08114	0.01330	0.00876	0.02675	0.00754	0.00636	0.00875	0.00165	0.31543	0.00423	0.00257	0.00575
11	0.01499	0.00895	0.05061	0.00895	0.03147	0.04058	0.00725	0.03163	0.10857	0.39007	0.03264	0.11219	0.06049	0.00754	0.00497	0.00155	0.00407	0.04571	0.03104	0.00671
12	0.00574	0.00410	0.00547	0.00657	0.00684	0.00383	0.00438	0.00657	0.00903	0.01204	0.02599	0.83122	0.03119	0.01477	0.00602	0.00191	0.00274	0.01340	0.00438	0.00383
13	0.00641	0.00477	0.00596	0.00574	0.00690	0.00432	0.00428	0.00836	0.01261	0.01734	0.61379	0.07872	0.19268	0.01036	0.00559	0.00153	0.00228	0.00906	0.00499	0.00432
14	0.07057	0.00952	0.01158	0.00978	0.04992	0.02980	0.00757	0.14465	0.06109	0.51487	0.01587	0.01452	0.01051	0.00622	0.02019	0.00157	0.00452	0.00450	0.00510	0.00765
15	0.02115	0.00802	0.01094	0.00839	0.01204	0.00693	0.00693	0.02298	0.01350	0.80815	0.01860	0.01605	0.01167	0.00584	0.00474	0.00146	0.00401	0.00474	0.00584	0.00802
16	0.00735	0.00497	0.00635	0.00602	0.00729	0.00455	0.00458	0.00940	0.01276	0.05807	0.60638	0.05719	0.12562	0.00988	0.00552	0.00152	0.00243	0.04006	0.02548	0.00456
17	0.37313	0.00938	0.00906	0.00771	0.01052	0.04263	0.00621	0.15003	0.01192	0.17658	0.01193	0.07216	0.00952	0.00731	0.04536	0.00177	0.00452	0.00431	0.03990	0.00604
18	0.00838	0.00635	0.00720	0.00742	0.00842	0.04221	0.00561	0.01093	0.09815	0.03595	0.05857	0.12861	0.04118	0.25378	0.01119	0.00267	0.00418	0.26088	0.00396	0.00435
19	0.86760	0.00912	0.00693	0.00620	0.00912	0.01058	0.00511	0.01386	0.00802	0.02115	0.00657	0.00766	0.00511	0.00438	0.00292	0.00146	0.00365	0.00255	0.00292	0.00511
20	0.01128	0.01101	0.01758	0.12740	0.63631	0.04443	0.01356	0.01398	0.01068	0.01469	0.01059	0.01325	0.04503	0.00466	0.00470	0.00142	0.00566	0.00442	0.00240	0.00694
21	0.77684	0.01004	0.00766	0.00677	0.00970	0.05316	0.00553	0.05611	0.00907	0.02111	0.00686	0.00790	0.00531	0.00447	0.00309	0.00144	0.00399	0.00267	0.00299	0.00528
22	0.00583	0.00414	0.00545	0.00646	0.00671	0.00388	0.00426	0.00659	0.00887	0.01182	0.02516	0.77186	0.03014	0.07555	0.00735	0.00211	0.00287	0.01292	0.00426	0.00376
23	0.01297	0.01128	0.01706	0.09880	0.50871	0.01184	0.01269	0.18722	0.04610	0.03258	0.00997	0.01200	0.00784	0.00470	0.00469	0.00143	0.00547	0.00427	0.00301	0.00739
24	0.01166	0.01004	0.01157	0.04420	0.09342	0.08170	0.02105	0.12868	0.03922	0.04178	0.04486	0.08738	0.01270	0.00622	0.00457	0.00128	0.00458	0.06385	0.00349	0.28775

[dist]
# distance from previous block
# <min> <max>
19	57

[block]
# block no. 6 follows, 54 sequences, length 15
# corresponding to MSA columns:
# 639-642,644-654
name=unknown_G
#
# <colnr> <probs for GDERKNQSTAVLIFYWHMCP>
#	G	D	E	R	K	N	Q	S	T	A	V	L	I	F	Y	W	H	M	C	P
0	0.04097	0.00843	0.01150	0.16634	0.01584	0.00870	0.06203	0.14475	0.02915	0.01718	0.06411	0.06577	0.04170	0.00735	0.00501	0.00153	0.00465	0.15474	0.00360	0.14666
1	0.46618	0.01013	0.00951	0.00834	0.01063	0.06230	0.00686	0.07078	0.00967	0.03623	0.00918	0.01254	0.02067	0.00598	0.00591	0.00159	0.16288	0.05659	0.00304	0.03100
2	0.01077	0.01327	0.17101	0.16213	0.52088	0.01103	0.01480	0.01414	0.01036	0.01474	0.00871	0.01149	0.00698	0.00434	0.00464	0.00145	0.00598	0.00406	0.00223	0.00699
3	0.01092	0.00609	0.00811	0.00796	0.00972	0.00574	0.00651	0.01323	0.04606	0.22156	0.06542	0.17324	0.05253	0.01074	0.00574	0.00183	0.00375	0.32356	0.00477	0.02253
4	0.01047	0.01046	0.01071	0.00842	0.01180	0.14517	0.06007	0.01273	0.03600	0.01432	0.01623	0.01689	0.16082	0.00549	0.00421	0.00105	0.00445	0.00449	0.00307	0.46315
5	0.01672	0.01309	0.01344	0.01067	0.01417	0.05472	0.00868	0.60387	0.16983	0.02688	0.01262	0.01238	0.00914	0.00576	0.00471	0.00144	0.00508	0.00439	0.00462	0.00778
6	0.28280	0.00981	0.01004	0.00823	0.01150	0.03995	0.00668	0.10578	0.12537	0.29142	0.01317	0.01252	0.00916	0.00529	0.00410	0.00143	0.00413	0.00393	0.00437	0.05035
7	0.00599	0.00470	0.00544	0.00565	0.00684	0.00415	0.00420	0.00740	0.01099	0.01405	0.20767	0.19548	0.43360	0.01206	0.00572	0.00167	0.00255	0.06319	0.00455	0.00408
8	0.01070	0.01319	0.17088	0.18293	0.50065	0.01101	0.01477	0.01408	0.01033	0.01465	0.00869	0.01152	0.00695	0.00436	0.00464	0.00145	0.00600	0.00406	0.00222	0.00693
9	0.07050	0.16899	0.01259	0.00891	0.01158	0.01191	0.00744	0.01954	0.45504	0.01719	0.01687	0.02107	0.01432	0.00694	0.00462	0.00157	0.00408	0.13629	0.00405	0.00649
10	0.01418	0.01649	0.01271	0.16770	0.01729	0.46623	0.00916	0.01675	0.06548	0.01285	0.00850	0.01013	0.00684	0.00470	0.00425	0.00122	0.00689	0.00337	0.00259	0.15266
11	0.00585	0.00466	0.00525	0.00538	0.00661	0.00406	0.00393	0.00720	0.01099	0.01397	0.21130	0.19491	0.48530	0.01198	0.00566	0.00163	0.00242	0.01030	0.00456	0.00406
12	0.01143	0.01116	0.01910	0.06602	0.47723	0.01139	0.16256	0.01628	0.14549	0.01591	0.01074	0.01294	0.00853	0.00456	0.00487	0.00148	0.00577	0.00466	0.00275	0.00713
13	0.01583	0.01037	0.01400	0.17004	0.15281	0.01089	0.01006	0.27356	0.01503	0.24185	0.01231	0.01291	0.00859	0.00523	0.00469	0.00144	0.00510	0.00433	0.00407	0.02690
14	0.16036	0.00764	0.00962	0.14703	0.01395	0.00759	0.00703	0.01642	0.01133	0.38379	0.02043	0.01969	0.16247	0.00657	0.00459	0.00150	0.00403	0.00528	0.00442	0.00627

[dist]
# distance from previous block
# <min> <max>
1	1087

# created by:
# /home/cegg/simao/soft/augustus-3.2.1/scripts/msa2prfl.pl ./align_prep/EOG091G0VMU.fa
