[name]
unknown

[dist]
# distance from previous block
# <min> <max>
0	103

[block]
# block no. 0 follows, 38 sequences, length 8
# corresponding to MSA columns:
# 120-127
name=unknown_A
#
# <colnr> <probs for GDERKNQSTAVLIFYWHMCP>
#	G	D	E	R	K	N	Q	S	T	A	V	L	I	F	Y	W	H	M	C	P
0	0.03115	0.09490	0.07503	0.06986	0.12261	0.11167	0.01247	0.10646	0.01519	0.05361	0.01529	0.08552	0.01402	0.00835	0.00674	0.00190	0.05390	0.06696	0.02989	0.02447
1	0.01616	0.01480	0.02409	0.07499	0.07912	0.01544	0.28669	0.21368	0.11654	0.02456	0.01454	0.01693	0.01100	0.00861	0.05273	0.00242	0.00844	0.00630	0.00425	0.00872
2	0.01091	0.00801	0.01208	0.09478	0.12229	0.00861	0.00906	0.01140	0.01090	0.01499	0.08671	0.04237	0.07914	0.01432	0.01474	0.34829	0.07172	0.00676	0.02785	0.00507
3	0.00869	0.00662	0.00806	0.00781	0.00938	0.00628	0.00580	0.01231	0.07846	0.02181	0.48092	0.13074	0.17406	0.01322	0.00708	0.00199	0.00312	0.01157	0.00628	0.00581
4	0.01033	0.00786	0.05566	0.00834	0.00974	0.00653	0.00641	0.01185	0.01169	0.07330	0.08891	0.14247	0.05070	0.35578	0.01740	0.00379	0.00512	0.08721	0.04170	0.00519
5	0.00798	0.00612	0.00736	0.00755	0.00886	0.00560	0.00534	0.00939	0.01208	0.01587	0.08339	0.28162	0.25713	0.11582	0.09282	0.00339	0.00504	0.01223	0.00502	0.05739
6	0.01303	0.00790	0.00977	0.00904	0.01122	0.00755	0.00700	0.07659	0.03413	0.15371	0.20088	0.15775	0.13437	0.06094	0.00848	0.00233	0.00425	0.08834	0.00609	0.00664
7	0.06698	0.01437	0.03672	0.03562	0.16542	0.06090	0.03710	0.13532	0.01582	0.06707	0.01204	0.01373	0.00934	0.00555	0.00530	0.00148	0.00623	0.00458	0.00400	0.30245

[dist]
# distance from previous block
# <min> <max>
6	13

[block]
# block no. 1 follows, 38 sequences, length 24
# corresponding to MSA columns:
# 153-165,167-177
name=unknown_B
#
# <colnr> <probs for GDERKNQSTAVLIFYWHMCP>
#	G	D	E	R	K	N	Q	S	T	A	V	L	I	F	Y	W	H	M	C	P
0	0.13778	0.04406	0.03577	0.02855	0.04349	0.12497	0.03754	0.24396	0.07871	0.03878	0.08657	0.01721	0.01462	0.00712	0.00560	0.00179	0.00650	0.00550	0.03326	0.00823
1	0.11354	0.10989	0.08609	0.01771	0.16192	0.06778	0.06994	0.04015	0.06014	0.02015	0.02627	0.01413	0.01012	0.00608	0.00620	0.00171	0.05790	0.00480	0.02244	0.10301
2	0.01199	0.00994	0.01094	0.00917	0.01263	0.04501	0.00692	0.01495	0.05972	0.04481	0.01986	0.21109	0.04477	0.04552	0.00680	0.00170	0.00459	0.00787	0.00443	0.42730
3	0.01324	0.11828	0.03132	0.08626	0.04470	0.01217	0.05269	0.09240	0.07120	0.05261	0.11229	0.12571	0.06386	0.02824	0.00686	0.00203	0.00553	0.04683	0.02658	0.00720
4	0.00850	0.00613	0.00700	0.00715	0.00786	0.00593	0.00465	0.00983	0.03717	0.01453	0.07383	0.13585	0.16951	0.43427	0.01993	0.00416	0.00476	0.03983	0.00461	0.00449
5	0.01147	0.01023	0.10112	0.00914	0.01209	0.00778	0.00812	0.01585	0.08169	0.09930	0.35563	0.03667	0.14618	0.01066	0.00652	0.00189	0.00403	0.00910	0.06572	0.00681
6	0.01401	0.01362	0.02162	0.13146	0.35050	0.04077	0.10217	0.01921	0.10105	0.01907	0.01391	0.01874	0.01162	0.00793	0.03508	0.00221	0.02677	0.03938	0.00346	0.02741
7	0.00757	0.00542	0.00705	0.00813	0.00855	0.00517	0.00542	0.00858	0.01116	0.01486	0.03164	0.61424	0.06816	0.11520	0.05586	0.00328	0.00452	0.01523	0.00520	0.00477
8	0.01198	0.01009	0.01552	0.45187	0.04689	0.01129	0.01295	0.01524	0.01218	0.05167	0.03940	0.01832	0.01153	0.04647	0.06459	0.00258	0.02391	0.00553	0.00329	0.14470
9	0.01645	0.06410	0.01866	0.01520	0.01654	0.22764	0.01240	0.01790	0.01188	0.04127	0.00889	0.01257	0.00810	0.00888	0.01428	0.00222	0.48842	0.00478	0.00293	0.00689
10	0.01247	0.01069	0.01247	0.00891	0.01426	0.00802	0.00713	0.01515	0.01247	0.01960	0.01069	0.01247	0.00891	0.00446	0.00446	0.00089	0.00446	0.00356	0.00356	0.82536
11	0.11697	0.01191	0.01611	0.15086	0.13035	0.03094	0.04024	0.07695	0.01427	0.14268	0.01432	0.03189	0.01099	0.00696	0.00680	0.00189	0.07547	0.00551	0.10704	0.00785
12	0.01633	0.01348	0.01549	0.01445	0.07134	0.01542	0.01062	0.21556	0.36184	0.02615	0.01926	0.04729	0.01547	0.04701	0.00864	0.00222	0.07845	0.00664	0.00538	0.00898
13	0.50105	0.19004	0.05652	0.00983	0.01416	0.07496	0.00887	0.05163	0.01220	0.02321	0.00886	0.01021	0.00712	0.00562	0.00410	0.00171	0.00587	0.00346	0.00346	0.00713
14	0.01446	0.05386	0.17387	0.04281	0.21587	0.01366	0.11770	0.07760	0.04124	0.05962	0.03625	0.02040	0.09173	0.00702	0.00614	0.00187	0.00714	0.00635	0.00385	0.00854
15	0.34421	0.01220	0.04758	0.01009	0.01443	0.01155	0.02489	0.06910	0.02837	0.20298	0.01486	0.06006	0.01148	0.00684	0.00501	0.00177	0.00514	0.00517	0.00485	0.11941
16	0.02203	0.01175	0.01446	0.05700	0.01704	0.01188	0.00964	0.19505	0.10484	0.38354	0.05337	0.02020	0.01570	0.00759	0.00600	0.00186	0.00539	0.00614	0.04701	0.00950
17	0.00955	0.00805	0.01305	0.01290	0.04791	0.00776	0.11915	0.01232	0.03474	0.01755	0.07392	0.37063	0.05875	0.01531	0.02332	0.00250	0.00535	0.15619	0.00509	0.00594
18	0.00861	0.00608	0.00797	0.00804	0.00854	0.00655	0.00547	0.00963	0.00929	0.01286	0.01832	0.06602	0.01962	0.42013	0.35902	0.00740	0.01034	0.00809	0.00354	0.00448
19	0.00943	0.00618	0.00788	0.00849	0.00957	0.00582	0.00615	0.02796	0.01306	0.06127	0.08614	0.46345	0.09704	0.04418	0.00819	0.00243	0.00385	0.08962	0.04382	0.00547
20	0.00914	0.00664	0.00745	0.00751	0.00817	0.00674	0.00476	0.01154	0.09985	0.01433	0.02567	0.15749	0.08963	0.50037	0.02183	0.00448	0.00508	0.01019	0.00443	0.00470
21	0.10181	0.09422	0.01745	0.01408	0.07162	0.11330	0.01068	0.29033	0.05526	0.04737	0.01470	0.01553	0.03657	0.00706	0.00610	0.00177	0.04336	0.00512	0.04516	0.00850
22	0.03694	0.12606	0.01810	0.01216	0.01654	0.05535	0.06205	0.15301	0.03159	0.08305	0.01432	0.01840	0.01188	0.00689	0.00593	0.00160	0.03394	0.06461	0.02397	0.22361
23	0.25371	0.21262	0.05405	0.01099	0.01510	0.18597	0.00962	0.07141	0.01410	0.03879	0.01048	0.01181	0.00839	0.00591	0.00451	0.00161	0.00671	0.00387	0.07304	0.00733

[dist]
# distance from previous block
# <min> <max>
0	1

[block]
# block no. 2 follows, 38 sequences, length 47
# corresponding to MSA columns:
# 182-188,191-203,205-210,213-233
name=unknown_C
#
# <colnr> <probs for GDERKNQSTAVLIFYWHMCP>
#	G	D	E	R	K	N	Q	S	T	A	V	L	I	F	Y	W	H	M	C	P
0	0.08373	0.01374	0.04197	0.06304	0.21054	0.02923	0.14768	0.06129	0.08678	0.06040	0.03898	0.07176	0.01399	0.00792	0.01984	0.00209	0.02804	0.00667	0.00406	0.00824
1	0.05819	0.05841	0.08015	0.09306	0.06202	0.01423	0.19738	0.09058	0.08148	0.05148	0.01807	0.03206	0.07363	0.00743	0.00674	0.00197	0.03683	0.02422	0.00404	0.00800
2	0.00768	0.00590	0.00706	0.00739	0.00873	0.00527	0.00540	0.00950	0.01402	0.01829	0.24553	0.26330	0.31803	0.01550	0.00732	0.00214	0.00323	0.04459	0.00588	0.00521
3	0.01049	0.00874	0.01470	0.02596	0.01489	0.00890	0.17310	0.01289	0.01143	0.01611	0.01860	0.05262	0.01851	0.21975	0.16061	0.00457	0.02960	0.10243	0.09047	0.00564
4	0.01207	0.03112	0.75741	0.01715	0.02604	0.01397	0.02223	0.01905	0.01270	0.01905	0.01080	0.01270	0.00762	0.00572	0.00572	0.00191	0.00889	0.00445	0.00254	0.00889
5	0.00807	0.00602	0.00750	0.00737	0.00877	0.00545	0.00544	0.01040	0.01563	0.02136	0.51306	0.14353	0.19773	0.01376	0.00717	0.00199	0.00297	0.01206	0.00627	0.00545
6	0.01248	0.04885	0.01449	0.01712	0.21921	0.06654	0.01029	0.01466	0.01355	0.05905	0.08051	0.23489	0.06964	0.04384	0.00767	0.00220	0.00550	0.06803	0.00462	0.00687
7	0.01699	0.01420	0.10382	0.03907	0.18700	0.01230	0.02720	0.08886	0.12076	0.18775	0.09586	0.02166	0.04233	0.00754	0.00616	0.00189	0.00599	0.00649	0.00514	0.00901
8	0.00908	0.00629	0.00730	0.00722	0.00753	0.00653	0.00440	0.01026	0.04958	0.01267	0.01895	0.03668	0.02092	0.66289	0.11045	0.00605	0.00691	0.00839	0.00374	0.00416
9	0.01734	0.11565	0.10547	0.02085	0.24442	0.05506	0.01458	0.15099	0.04852	0.07774	0.01256	0.01428	0.00977	0.00653	0.00696	0.00182	0.07952	0.00503	0.00389	0.00900
10	0.05358	0.14741	0.56682	0.01544	0.02327	0.01573	0.01900	0.05847	0.01337	0.01973	0.01050	0.01218	0.00773	0.00570	0.00535	0.00180	0.00817	0.00425	0.00280	0.00867
11	0.05930	0.11749	0.15774	0.01755	0.13487	0.13343	0.07324	0.03628	0.01391	0.03436	0.01066	0.01267	0.00848	0.00544	0.00526	0.00156	0.00752	0.00439	0.00319	0.16265
12	0.01163	0.01036	0.01588	0.14127	0.13278	0.01123	0.04950	0.01421	0.01128	0.01627	0.01272	0.01923	0.01158	0.10270	0.16032	0.00381	0.11033	0.00576	0.02293	0.13622
13	0.01188	0.01150	0.01912	0.57969	0.03574	0.01448	0.05684	0.01542	0.01159	0.01542	0.01022	0.01547	0.00806	0.00686	0.00882	0.00213	0.16190	0.00543	0.00269	0.00674
14	0.02226	0.01627	0.01741	0.01341	0.01805	0.01798	0.01106	0.69378	0.02747	0.03711	0.01471	0.01486	0.01050	0.00721	0.00592	0.00178	0.00642	0.00543	0.04837	0.00999
15	0.01042	0.00527	0.00766	0.00766	0.00774	0.00527	0.00510	0.00823	0.00815	0.01119	0.01133	0.01940	0.01121	0.05201	0.02270	0.74372	0.00511	0.00539	0.04962	0.00283
16	0.00858	0.00581	0.00683	0.00709	0.00726	0.00575	0.00430	0.00896	0.00964	0.01286	0.04009	0.15045	0.02606	0.61475	0.02547	0.00507	0.00540	0.04756	0.00411	0.00398
17	0.00740	0.00605	0.00650	0.00653	0.00826	0.00526	0.00480	0.00896	0.01345	0.01657	0.11762	0.09596	0.57581	0.05777	0.03988	0.00256	0.00375	0.01231	0.00548	0.00506
18	0.37263	0.28714	0.01851	0.01038	0.01446	0.17926	0.00893	0.01917	0.01240	0.01987	0.00857	0.00996	0.00720	0.00556	0.00414	0.00159	0.00661	0.00338	0.00319	0.00703
19	0.01576	0.22461	0.17235	0.04665	0.02411	0.12718	0.23657	0.05120	0.01435	0.01790	0.01052	0.01293	0.00827	0.00552	0.00564	0.00173	0.00879	0.00494	0.00295	0.00804
20	0.01754	0.05744	0.09161	0.01362	0.01806	0.07424	0.04123	0.25071	0.27734	0.02655	0.01710	0.01755	0.01295	0.02855	0.00654	0.00196	0.00653	0.00574	0.02566	0.00907
21	0.00851	0.00615	0.00804	0.00757	0.00899	0.00568	0.00568	0.01135	0.01703	0.02412	0.74788	0.04494	0.05676	0.01230	0.00710	0.00189	0.00284	0.01088	0.00662	0.00568
22	0.01368	0.01488	0.06873	0.03687	0.17868	0.01389	0.36686	0.01790	0.01333	0.01929	0.01253	0.01631	0.00985	0.00591	0.00745	0.00194	0.07421	0.00619	0.11354	0.00796
23	0.05260	0.01601	0.04469	0.08217	0.02284	0.01653	0.15501	0.42011	0.02156	0.02970	0.01296	0.01455	0.00946	0.00647	0.00628	0.00184	0.02104	0.00552	0.00472	0.05596
24	0.05663	0.63215	0.06452	0.01109	0.01612	0.10455	0.01084	0.01871	0.01268	0.01509	0.00859	0.00994	0.00766	0.00531	0.00412	0.00137	0.00695	0.00335	0.00269	0.00764
25	0.79132	0.01189	0.00929	0.00820	0.01198	0.01375	0.00676	0.05277	0.01113	0.02753	0.00867	0.01000	0.00670	0.00566	0.00384	0.00186	0.00475	0.00336	0.00384	0.00670
26	0.04237	0.01326	0.01837	0.24682	0.16717	0.01508	0.01403	0.23633	0.01717	0.04359	0.01311	0.05275	0.01068	0.00731	0.00722	0.00197	0.07449	0.00589	0.00407	0.00832
27	0.00798	0.00589	0.00749	0.00851	0.00946	0.00552	0.00635	0.00953	0.01243	0.01603	0.03782	0.40275	0.18542	0.06037	0.00900	0.00263	0.00407	0.19825	0.00546	0.00503
28	0.00996	0.00859	0.01253	0.01142	0.01221	0.01010	0.05347	0.01150	0.01064	0.01509	0.06581	0.19555	0.03585	0.14227	0.15400	0.00430	0.22796	0.00931	0.00390	0.00552
29	0.00830	0.00602	0.00747	0.00787	0.00882	0.00573	0.00569	0.00983	0.01256	0.01664	0.16979	0.19013	0.15688	0.20970	0.04078	0.00343	0.00467	0.12562	0.00521	0.00488
30	0.01742	0.01107	0.01251	0.01052	0.01382	0.01168	0.00836	0.19974	0.19176	0.16048	0.11435	0.04873	0.02087	0.00850	0.00594	0.00184	0.00467	0.00699	0.14221	0.00853
31	0.01597	0.01304	0.01388	0.01227	0.01581	0.01491	0.00961	0.07353	0.66548	0.05850	0.02385	0.02188	0.01772	0.00807	0.00611	0.00202	0.00489	0.00669	0.00617	0.00960
32	0.01365	0.01256	0.05684	0.01173	0.05672	0.00955	0.02873	0.05801	0.01366	0.04110	0.01136	0.01306	0.00912	0.00484	0.00482	0.00111	0.00516	0.00399	0.00371	0.64028
33	0.00854	0.00669	0.00844	0.00945	0.04607	0.00618	0.00696	0.01069	0.01406	0.01810	0.16582	0.09581	0.32570	0.03754	0.00812	0.00234	0.00404	0.21440	0.00557	0.00548
34	0.01667	0.72263	0.03020	0.01077	0.01573	0.09129	0.01041	0.01856	0.01266	0.01421	0.00845	0.00976	0.00772	0.00524	0.00400	0.00131	0.00684	0.00328	0.00262	0.00765
35	0.01348	0.01091	0.01258	0.00930	0.01431	0.00890	0.00744	0.05674	0.05533	0.04910	0.01481	0.01582	0.04815	0.00550	0.00484	0.00111	0.00455	0.00442	0.00410	0.65861
36	0.00848	0.00649	0.00790	0.00858	0.00967	0.00638	0.00606	0.01193	0.11072	0.01762	0.09953	0.51205	0.12765	0.01633	0.00735	0.00229	0.00358	0.02601	0.00575	0.00562
37	0.00866	0.00587	0.00695	0.00702	0.00717	0.00598	0.00421	0.00897	0.00900	0.01213	0.01935	0.07619	0.02199	0.66048	0.11647	0.00611	0.00693	0.00891	0.00370	0.00391
38	0.00749	0.00543	0.00699	0.00818	0.00872	0.00505	0.00557	0.00861	0.01168	0.01536	0.03495	0.64180	0.10592	0.06127	0.00893	0.00261	0.00367	0.04745	0.00547	0.00486
39	0.01273	0.00699	0.00873	0.00800	0.01015	0.00621	0.00604	0.01470	0.01486	0.20417	0.22665	0.15346	0.21278	0.05082	0.00799	0.00218	0.00371	0.01079	0.03257	0.00645
40	0.00735	0.00531	0.00696	0.00823	0.00870	0.00492	0.00553	0.00848	0.01180	0.01566	0.05562	0.72409	0.07819	0.01846	0.00763	0.00240	0.00345	0.01668	0.00561	0.00492
41	0.05696	0.01097	0.01355	0.01065	0.01416	0.01085	0.00862	0.01548	0.01154	0.05914	0.01097	0.01399	0.00938	0.02197	0.04131	0.01645	0.19817	0.00435	0.00353	0.46796
42	0.01033	0.00771	0.01137	0.03639	0.01272	0.00926	0.00867	0.01244	0.01011	0.05536	0.01525	0.02179	0.01383	0.03703	0.59626	0.00802	0.11804	0.00623	0.00336	0.00585
43	0.00754	0.00546	0.00701	0.00816	0.00871	0.00508	0.00556	0.00865	0.01166	0.01532	0.03482	0.61870	0.10905	0.07514	0.00935	0.00267	0.00373	0.05313	0.00544	0.00485
44	0.01064	0.00911	0.03595	0.22775	0.06779	0.00896	0.01011	0.02747	0.01313	0.05837	0.05083	0.11198	0.24662	0.05075	0.04212	0.00256	0.00588	0.00927	0.00443	0.00629
45	0.01468	0.01421	0.04709	0.03072	0.55962	0.01375	0.03939	0.07185	0.02727	0.02049	0.01331	0.05612	0.01184	0.04478	0.00729	0.00204	0.00697	0.00619	0.00342	0.00898
46	0.01981	0.01185	0.01560	0.01315	0.03945	0.01253	0.03439	0.19773	0.01786	0.28403	0.05270	0.02162	0.01549	0.01073	0.05556	0.00248	0.11056	0.04371	0.03202	0.00873

[dist]
# distance from previous block
# <min> <max>
0	35

[block]
# block no. 3 follows, 38 sequences, length 14
# corresponding to MSA columns:
# 269-282
name=unknown_D
#
# <colnr> <probs for GDERKNQSTAVLIFYWHMCP>
#	G	D	E	R	K	N	Q	S	T	A	V	L	I	F	Y	W	H	M	C	P
0	0.27506	0.11868	0.05521	0.01576	0.07933	0.03739	0.15755	0.09082	0.04652	0.05401	0.01150	0.01315	0.00880	0.00578	0.00519	0.00181	0.00682	0.00478	0.00379	0.00804
1	0.01392	0.01263	0.02189	0.17277	0.42440	0.01301	0.08403	0.01747	0.01335	0.05111	0.01380	0.05081	0.01199	0.00802	0.03320	0.00220	0.00760	0.03609	0.00335	0.00836
2	0.01503	0.00800	0.00988	0.00873	0.01073	0.00788	0.00634	0.01804	0.09181	0.23901	0.05044	0.02974	0.01984	0.32796	0.08864	0.00422	0.00622	0.00744	0.04342	0.00662
3	0.03632	0.01133	0.04272	0.03193	0.01794	0.01061	0.19617	0.07463	0.06180	0.05290	0.04615	0.12661	0.11258	0.01088	0.00757	0.03672	0.00618	0.08761	0.02239	0.00698
4	0.01437	0.01171	0.01321	0.01030	0.01480	0.01079	0.00817	0.15527	0.12084	0.02356	0.01547	0.08493	0.01336	0.00684	0.00529	0.00138	0.00483	0.00563	0.00459	0.47466
5	0.00760	0.00550	0.00713	0.00811	0.00875	0.00510	0.00557	0.00895	0.01244	0.01664	0.13841	0.58000	0.09189	0.04436	0.00837	0.00246	0.00350	0.03456	0.00567	0.00499
6	0.04477	0.49751	0.18604	0.01326	0.04795	0.08935	0.01320	0.01880	0.01276	0.01595	0.00910	0.01064	0.00773	0.00539	0.00449	0.00149	0.00734	0.00363	0.00267	0.00794
7	0.01594	0.09457	0.03097	0.02130	0.02662	0.04969	0.49884	0.05337	0.01468	0.06696	0.01225	0.01532	0.00927	0.00573	0.00737	0.00195	0.05730	0.00630	0.00340	0.00816
8	0.00782	0.00593	0.00671	0.00696	0.00848	0.00526	0.00514	0.00962	0.01375	0.01795	0.16672	0.19818	0.40440	0.01487	0.00704	0.00207	0.00318	0.04124	0.06947	0.00520
9	0.05841	0.00658	0.00830	0.00859	0.00973	0.00653	0.00629	0.01115	0.01326	0.05176	0.22257	0.40514	0.07264	0.01513	0.00778	0.00224	0.04013	0.04251	0.00569	0.00555
10	0.01191	0.09859	0.06011	0.08126	0.06319	0.01190	0.03603	0.04442	0.06191	0.01954	0.17676	0.04932	0.07074	0.01018	0.00797	0.03271	0.06215	0.07087	0.02361	0.00684
11	0.01601	0.59329	0.12621	0.01159	0.01687	0.02125	0.01198	0.01860	0.01239	0.05938	0.00958	0.01093	0.00815	0.00571	0.00527	0.00149	0.05680	0.00368	0.00287	0.00795
12	0.01455	0.18717	0.36654	0.01563	0.07176	0.07520	0.01609	0.06158	0.01394	0.01910	0.01099	0.01279	0.00851	0.00573	0.00518	0.00165	0.00767	0.00430	0.05614	0.04549
13	0.04917	0.32360	0.20645	0.01496	0.07780	0.01756	0.04562	0.06557	0.02778	0.07349	0.02593	0.01413	0.01015	0.00601	0.00511	0.00166	0.00699	0.01614	0.00345	0.00843

[dist]
# distance from previous block
# <min> <max>
9	15

[block]
# block no. 4 follows, 38 sequences, length 10
# corresponding to MSA columns:
# 300-309
name=unknown_E
#
# <colnr> <probs for GDERKNQSTAVLIFYWHMCP>
#	G	D	E	R	K	N	Q	S	T	A	V	L	I	F	Y	W	H	M	C	P
0	0.01607	0.12389	0.05705	0.03601	0.06099	0.08883	0.11569	0.18879	0.01636	0.02123	0.01319	0.05510	0.01151	0.03891	0.08018	0.00273	0.05584	0.00596	0.00381	0.00785
1	0.00762	0.00555	0.00722	0.00832	0.00902	0.00516	0.00586	0.00902	0.01242	0.01643	0.09591	0.58190	0.11456	0.01772	0.00763	0.00238	0.00358	0.07900	0.00567	0.00503
2	0.03560	0.04970	0.04580	0.07191	0.06103	0.05292	0.03227	0.15114	0.05495	0.06972	0.01354	0.01689	0.01090	0.00791	0.00932	0.00202	0.20593	0.02701	0.07351	0.00793
3	0.01337	0.01211	0.01663	0.01543	0.07200	0.04731	0.07807	0.07329	0.01303	0.01881	0.03290	0.11695	0.01543	0.00994	0.01136	0.00218	0.29972	0.02637	0.11821	0.00686
4	0.00779	0.00605	0.00709	0.00697	0.00858	0.00535	0.00517	0.00991	0.01512	0.01992	0.38520	0.10800	0.36500	0.01412	0.00715	0.00200	0.00298	0.01217	0.00608	0.00535
5	0.02282	0.01056	0.01324	0.01070	0.01480	0.01012	0.00866	0.02882	0.19630	0.51891	0.02361	0.02111	0.01579	0.00759	0.00593	0.00187	0.00486	0.00620	0.06839	0.00971
6	0.01468	0.52700	0.28446	0.01268	0.01913	0.02038	0.01445	0.01838	0.01239	0.01586	0.00921	0.01071	0.00769	0.00534	0.00451	0.00150	0.00729	0.00364	0.00256	0.00813
7	0.01322	0.01673	0.24129	0.10923	0.06770	0.01180	0.07337	0.08536	0.01480	0.05062	0.07513	0.05432	0.03418	0.00745	0.00596	0.00187	0.00668	0.00646	0.11606	0.00778
8	0.01466	0.01406	0.02401	0.08462	0.70514	0.01423	0.01835	0.01826	0.01359	0.01938	0.01128	0.01496	0.00943	0.00540	0.00596	0.00180	0.00720	0.00536	0.00296	0.00934
9	0.39262	0.03628	0.22115	0.01284	0.04652	0.01381	0.03944	0.05858	0.03641	0.02424	0.05811	0.01400	0.01093	0.00619	0.00493	0.00187	0.00619	0.00455	0.00370	0.00764

[dist]
# distance from previous block
# <min> <max>
2	5

[block]
# block no. 5 follows, 38 sequences, length 37
# corresponding to MSA columns:
# 317-327,332-357
name=unknown_F
#
# <colnr> <probs for GDERKNQSTAVLIFYWHMCP>
#	G	D	E	R	K	N	Q	S	T	A	V	L	I	F	Y	W	H	M	C	P
0	0.10040	0.34112	0.08558	0.03678	0.03685	0.07256	0.01174	0.21007	0.01675	0.02248	0.01042	0.01163	0.00832	0.00590	0.00482	0.00159	0.00689	0.00409	0.00366	0.00833
1	0.01047	0.06432	0.03945	0.01512	0.11440	0.00960	0.11800	0.01272	0.01218	0.01644	0.04348	0.33816	0.02551	0.10711	0.02147	0.00271	0.00590	0.03244	0.00429	0.00624
2	0.01447	0.01456	0.02246	0.02721	0.41362	0.07354	0.12590	0.01822	0.04127	0.01878	0.03605	0.01852	0.03343	0.05178	0.00807	0.00206	0.03619	0.00609	0.00335	0.03443
3	0.01711	0.00797	0.01058	0.00907	0.01152	0.00742	0.00685	0.01880	0.01369	0.35790	0.09178	0.05273	0.02163	0.22340	0.11841	0.00404	0.00657	0.00765	0.00570	0.00718
4	0.00921	0.00703	0.00987	0.00959	0.01023	0.00828	0.00718	0.01055	0.00939	0.01342	0.01608	0.04996	0.01632	0.20554	0.45715	0.04039	0.10441	0.00711	0.00330	0.00500
5	0.01385	0.01254	0.02126	0.32746	0.40029	0.01349	0.03493	0.01753	0.01321	0.05154	0.01280	0.01663	0.02622	0.00594	0.00604	0.00189	0.00738	0.00560	0.00312	0.00829
6	0.00843	0.00625	0.00894	0.00907	0.00999	0.00699	0.00680	0.01022	0.00989	0.01393	0.01973	0.09944	0.04557	0.12333	0.58321	0.00827	0.01329	0.00795	0.00358	0.00512
7	0.02261	0.02468	0.01739	0.01494	0.01862	0.51286	0.01156	0.26251	0.02084	0.02255	0.01103	0.01206	0.00859	0.00654	0.00562	0.00164	0.00942	0.00439	0.00408	0.00807
8	0.01384	0.02160	0.34758	0.02250	0.20536	0.01416	0.12416	0.03298	0.05585	0.04221	0.01280	0.03188	0.00994	0.00620	0.00651	0.00193	0.03281	0.00558	0.00322	0.00887
9	0.01363	0.20221	0.50701	0.01603	0.02368	0.01651	0.06968	0.05143	0.01341	0.01882	0.01051	0.01234	0.00787	0.00561	0.00541	0.00177	0.00832	0.00440	0.00274	0.00863
10	0.01548	0.01440	0.02320	0.08742	0.63882	0.04249	0.01763	0.01895	0.01387	0.05299	0.01177	0.01507	0.00960	0.00553	0.00594	0.00180	0.00726	0.00533	0.00317	0.00926
11	0.01421	0.01157	0.01248	0.01142	0.01439	0.01309	0.00878	0.04265	0.57337	0.04312	0.04690	0.11477	0.02174	0.00950	0.00627	0.00205	0.00454	0.00808	0.03230	0.00876
12	0.00785	0.00569	0.00753	0.00880	0.00953	0.00537	0.00644	0.00933	0.01224	0.01604	0.03519	0.55954	0.09820	0.01803	0.00777	0.00248	0.00392	0.17541	0.00557	0.00505
13	0.07835	0.04049	0.06127	0.06351	0.16268	0.12188	0.01234	0.14452	0.01686	0.13461	0.04035	0.02823	0.03120	0.00694	0.00571	0.00179	0.00679	0.00554	0.02847	0.00847
14	0.01045	0.00522	0.00784	0.00784	0.00784	0.00522	0.00522	0.00784	0.00784	0.01045	0.01045	0.01829	0.01045	0.02090	0.02351	0.82497	0.00522	0.00522	0.00261	0.00261
15	0.00732	0.00529	0.00693	0.00824	0.00869	0.00490	0.00553	0.00839	0.01165	0.01541	0.03478	0.74232	0.08108	0.01864	0.00765	0.00242	0.00346	0.01685	0.00558	0.00490
16	0.06163	0.01691	0.15002	0.05721	0.29091	0.02750	0.11260	0.06263	0.02815	0.05829	0.01310	0.04998	0.01070	0.00647	0.00638	0.00191	0.02751	0.00589	0.00353	0.00867
17	0.05110	0.01237	0.03791	0.10725	0.39561	0.01226	0.01432	0.03859	0.04078	0.05181	0.01800	0.12254	0.05556	0.00810	0.00617	0.00193	0.00625	0.00734	0.00387	0.00823
18	0.01466	0.01406	0.02401	0.08443	0.70533	0.01423	0.01835	0.01826	0.01359	0.01938	0.01128	0.01496	0.00943	0.00540	0.00596	0.00180	0.00720	0.00536	0.00296	0.00935
19	0.01080	0.00804	0.00959	0.00877	0.01085	0.00812	0.00671	0.03423	0.17705	0.04734	0.50675	0.03919	0.08610	0.01127	0.00682	0.00193	0.00344	0.00979	0.00646	0.00675
20	0.01474	0.08754	0.34324	0.13532	0.07660	0.12114	0.03349	0.06541	0.01420	0.01862	0.01060	0.01306	0.00805	0.00597	0.00600	0.00183	0.02843	0.00461	0.00291	0.00824
21	0.01256	0.01196	0.02079	0.37773	0.11145	0.01329	0.15742	0.04872	0.01334	0.01792	0.01462	0.05108	0.04270	0.00701	0.00691	0.00200	0.04291	0.00654	0.03380	0.00725
22	0.01007	0.00786	0.00938	0.00910	0.01090	0.00808	0.00689	0.01634	0.20869	0.02233	0.37082	0.15691	0.07019	0.01261	0.00700	0.00208	0.00363	0.05435	0.00622	0.00655
23	0.01973	0.01015	0.01264	0.01031	0.01392	0.00978	0.00828	0.10507	0.10532	0.37475	0.21288	0.02738	0.04480	0.00898	0.00636	0.00189	0.00460	0.00750	0.00686	0.00883
24	0.03787	0.19181	0.20418	0.03139	0.13944	0.05035	0.04340	0.09153	0.02860	0.07758	0.02567	0.01400	0.00996	0.00609	0.00572	0.00174	0.02362	0.00479	0.00358	0.00866
25	0.01650	0.05515	0.01415	0.01273	0.09147	0.01034	0.00913	0.03563	0.03658	0.25715	0.18595	0.02711	0.07842	0.01044	0.03566	0.00218	0.06997	0.00735	0.03618	0.00791
26	0.00735	0.00529	0.00697	0.00826	0.00871	0.00491	0.00554	0.00846	0.01174	0.01560	0.05070	0.73583	0.07132	0.01854	0.00764	0.00241	0.00346	0.01677	0.00561	0.00491
27	0.01431	0.05016	0.07819	0.18083	0.37957	0.01411	0.07219	0.03933	0.01382	0.04634	0.01382	0.01691	0.04166	0.00606	0.00600	0.00185	0.00739	0.00568	0.00324	0.00856
28	0.02848	0.08527	0.17612	0.01977	0.15728	0.03133	0.10676	0.13189	0.08549	0.05446	0.01308	0.01480	0.00994	0.00635	0.00666	0.00188	0.05235	0.00532	0.00383	0.00893
29	0.03506	0.01617	0.01984	0.08318	0.26498	0.15269	0.06191	0.12706	0.01618	0.04439	0.01442	0.06042	0.03355	0.00718	0.00655	0.00186	0.03637	0.00609	0.00382	0.00828
30	0.29529	0.08268	0.04944	0.01335	0.03200	0.21046	0.05260	0.12527	0.01521	0.02284	0.00988	0.01150	0.00781	0.00615	0.00559	0.00177	0.04281	0.00415	0.00365	0.00755
31	0.00779	0.00593	0.00678	0.00688	0.00835	0.00527	0.00499	0.00960	0.01402	0.01839	0.24392	0.17402	0.37409	0.04562	0.00801	0.00219	0.00316	0.01245	0.04335	0.00518
32	0.01500	0.01492	0.01615	0.01386	0.01566	0.16063	0.04372	0.08712	0.01346	0.01783	0.01342	0.01701	0.04355	0.01306	0.10207	0.00299	0.31243	0.00557	0.06858	0.02297
33	0.01104	0.00653	0.00839	0.00773	0.00949	0.00601	0.00586	0.01373	0.01623	0.11187	0.53338	0.07309	0.04558	0.01133	0.00662	0.00185	0.00314	0.00990	0.11203	0.00618
34	0.43126	0.01362	0.01222	0.01037	0.01417	0.04760	0.00839	0.22000	0.09218	0.02894	0.04008	0.03306	0.01156	0.00692	0.00492	0.00187	0.00539	0.00489	0.00475	0.00782
35	0.21635	0.05021	0.07514	0.01584	0.09450	0.01475	0.09459	0.07344	0.10485	0.11076	0.01357	0.01481	0.01016	0.00662	0.00674	0.00194	0.07799	0.00514	0.00424	0.00836
36	0.43507	0.01283	0.01273	0.12077	0.03220	0.04541	0.00941	0.13771	0.01466	0.08177	0.03864	0.01374	0.00998	0.00633	0.00486	0.00186	0.00575	0.00449	0.00431	0.00749

[dist]
# distance from previous block
# <min> <max>
1	3

[block]
# block no. 6 follows, 38 sequences, length 7
# corresponding to MSA columns:
# 362-368
name=unknown_G
#
# <colnr> <probs for GDERKNQSTAVLIFYWHMCP>
#	G	D	E	R	K	N	Q	S	T	A	V	L	I	F	Y	W	H	M	C	P
0	0.02228	0.01480	0.01648	0.01276	0.01725	0.01587	0.01049	0.55037	0.02544	0.15595	0.08118	0.01816	0.01514	0.00771	0.00612	0.00182	0.00603	0.00601	0.00631	0.00983
1	0.02150	0.01395	0.06125	0.01393	0.04416	0.01293	0.06279	0.22933	0.07666	0.32329	0.06218	0.01937	0.01527	0.00738	0.00616	0.00187	0.00605	0.00617	0.00611	0.00965
2	0.01963	0.01657	0.01518	0.01309	0.01658	0.19472	0.01029	0.09065	0.32313	0.16069	0.01881	0.01802	0.01381	0.00761	0.00674	0.00190	0.05249	0.00574	0.00543	0.00893
3	0.00869	0.00607	0.00778	0.00778	0.00820	0.00649	0.00516	0.00953	0.00911	0.01257	0.01784	0.03320	0.01919	0.49709	0.31845	0.00734	0.00986	0.00785	0.00348	0.00432
4	0.00930	0.00715	0.00821	0.00769	0.00946	0.00688	0.00570	0.04448	0.07606	0.02111	0.36793	0.04499	0.25647	0.09680	0.00952	0.00237	0.00356	0.01061	0.00592	0.00580
5	0.01504	0.01345	0.01916	0.35224	0.13845	0.04266	0.05110	0.17735	0.03594	0.02166	0.01280	0.04202	0.01020	0.00660	0.00605	0.00189	0.00742	0.00578	0.00373	0.03647
6	0.23449	0.01467	0.01424	0.01160	0.01563	0.05618	0.00942	0.36694	0.07112	0.05915	0.07655	0.01642	0.01385	0.00724	0.00548	0.00183	0.00582	0.00535	0.00537	0.00863

[dist]
# distance from previous block
# <min> <max>
2	10

[block]
# block no. 7 follows, 38 sequences, length 36
# corresponding to MSA columns:
# 379-395,400-418
name=unknown_H
#
# <colnr> <probs for GDERKNQSTAVLIFYWHMCP>
#	G	D	E	R	K	N	Q	S	T	A	V	L	I	F	Y	W	H	M	C	P
0	0.07866	0.13274	0.04631	0.01085	0.01494	0.03706	0.04093	0.07913	0.05321	0.17452	0.14257	0.02324	0.07446	0.00797	0.00571	0.00173	0.00538	0.00646	0.00516	0.05896
1	0.01700	0.15627	0.10454	0.01580	0.08388	0.05435	0.04623	0.17096	0.16249	0.04377	0.01413	0.01498	0.01085	0.00664	0.00629	0.00178	0.04658	0.00514	0.00426	0.03404
2	0.01324	0.07626	0.34405	0.09359	0.12981	0.01400	0.02723	0.03359	0.02856	0.04086	0.01229	0.03868	0.00987	0.00793	0.03720	0.00217	0.03755	0.00521	0.00310	0.04480
3	0.01426	0.21039	0.35497	0.01489	0.05283	0.01595	0.01582	0.08659	0.04319	0.03324	0.05456	0.01734	0.01269	0.00675	0.00553	0.00179	0.00726	0.04000	0.00351	0.00846
4	0.01646	0.48268	0.13851	0.01143	0.01670	0.03510	0.01163	0.05622	0.01371	0.08824	0.03270	0.01386	0.01063	0.04224	0.00584	0.00170	0.00665	0.00429	0.00340	0.00801
5	0.00958	0.00771	0.00993	0.00971	0.01067	0.04159	0.00737	0.01137	0.00994	0.01398	0.01586	0.02463	0.01528	0.14446	0.56053	0.00810	0.05735	0.00656	0.03011	0.00528
6	0.00851	0.00662	0.00852	0.00994	0.04928	0.00635	0.00675	0.01113	0.06104	0.01726	0.08505	0.43432	0.17228	0.01606	0.00740	0.00230	0.00384	0.08220	0.00555	0.00560
7	0.01226	0.01263	0.05936	0.52926	0.19496	0.01347	0.03975	0.01634	0.01251	0.01680	0.01110	0.01577	0.00855	0.00585	0.00598	0.00194	0.00781	0.00536	0.02286	0.00744
8	0.00864	0.00638	0.00928	0.00944	0.01046	0.00716	0.00729	0.01068	0.01036	0.01464	0.04735	0.06348	0.02003	0.09054	0.58268	0.00815	0.01337	0.07111	0.00370	0.00526
9	0.05849	0.03029	0.01457	0.01097	0.01555	0.01069	0.00908	0.09851	0.05520	0.59830	0.02184	0.01927	0.01409	0.00733	0.00590	0.00185	0.00526	0.00584	0.00696	0.00999
10	0.01269	0.01052	0.01368	0.01202	0.01283	0.01343	0.00967	0.07703	0.01168	0.01795	0.01333	0.04469	0.01247	0.07666	0.07613	0.00313	0.39827	0.00614	0.17136	0.00631
11	0.72503	0.11320	0.01179	0.00822	0.01213	0.01484	0.00701	0.01773	0.01050	0.02532	0.00837	0.00976	0.00667	0.00553	0.00374	0.00179	0.00489	0.00325	0.00357	0.00667
12	0.00801	0.00595	0.00771	0.00849	0.00956	0.00565	0.00638	0.00979	0.01289	0.01696	0.12145	0.34840	0.17478	0.01929	0.07525	0.00301	0.00486	0.15090	0.00549	0.00519
13	0.00775	0.00610	0.00701	0.00695	0.00864	0.00536	0.00522	0.00979	0.01486	0.01926	0.31982	0.09142	0.42318	0.01436	0.00718	0.00203	0.00308	0.03671	0.00598	0.00531
14	0.12657	0.01459	0.01579	0.01342	0.05581	0.01599	0.01038	0.46588	0.06252	0.07751	0.01499	0.01526	0.01082	0.00696	0.00559	0.00180	0.00592	0.00526	0.06564	0.00933
15	0.04592	0.31301	0.39428	0.05183	0.02192	0.01763	0.01644	0.01887	0.03739	0.01756	0.01026	0.01195	0.00800	0.00560	0.00497	0.00168	0.00762	0.00407	0.00273	0.00827
16	0.00859	0.00645	0.00967	0.00967	0.01074	0.00752	0.00752	0.01074	0.00967	0.01396	0.01611	0.02363	0.01504	0.04512	0.76474	0.00967	0.01611	0.00645	0.00322	0.00537
17	0.00747	0.00562	0.00694	0.00776	0.00871	0.00509	0.00545	0.00890	0.01278	0.01664	0.11901	0.48685	0.23138	0.01709	0.00748	0.00228	0.00336	0.03644	0.00570	0.00504
18	0.01684	0.08328	0.01707	0.01176	0.01660	0.01287	0.05437	0.20034	0.04231	0.09345	0.01465	0.01773	0.01175	0.00648	0.00543	0.00149	0.00569	0.05149	0.00466	0.33174
19	0.03222	0.13755	0.24425	0.03798	0.09140	0.01331	0.01367	0.04552	0.03695	0.09540	0.04677	0.09705	0.04060	0.00792	0.00574	0.00184	0.00639	0.00653	0.03085	0.00808
20	0.01717	0.41107	0.15423	0.01209	0.01762	0.01923	0.01228	0.15274	0.03696	0.06945	0.01181	0.01262	0.00923	0.00594	0.00481	0.00156	0.00664	0.00422	0.03180	0.00854
21	0.00747	0.00531	0.00701	0.00821	0.00867	0.00494	0.00552	0.00848	0.01171	0.01557	0.06121	0.69185	0.07597	0.01848	0.00818	0.03132	0.00350	0.01622	0.00552	0.00485
22	0.01846	0.01416	0.04139	0.02515	0.01668	0.01518	0.01071	0.40765	0.06836	0.05768	0.01619	0.01888	0.01256	0.00947	0.03808	0.00222	0.07528	0.03835	0.10477	0.00877
23	0.05799	0.09432	0.16095	0.04174	0.16553	0.03877	0.06317	0.12724	0.03368	0.12200	0.02947	0.01524	0.01080	0.00623	0.00571	0.00180	0.00712	0.00520	0.00411	0.00893
24	0.01555	0.16089	0.18864	0.03513	0.18048	0.01455	0.06292	0.05205	0.01412	0.11589	0.01470	0.09237	0.01251	0.00713	0.00578	0.00182	0.00697	0.00616	0.00380	0.00855
25	0.00743	0.00530	0.00702	0.00828	0.00867	0.00496	0.00553	0.00854	0.01172	0.01570	0.06959	0.72385	0.04012	0.04190	0.00835	0.00252	0.00353	0.01653	0.00558	0.00489
26	0.01582	0.05752	0.13791	0.06914	0.09876	0.04029	0.01328	0.11294	0.07988	0.10474	0.01609	0.09984	0.01369	0.00896	0.02119	0.00212	0.08863	0.00655	0.00431	0.00831
27	0.01587	0.01528	0.05202	0.02745	0.39245	0.03722	0.15231	0.07965	0.05099	0.06049	0.01395	0.04989	0.01146	0.00635	0.00624	0.00188	0.00747	0.00625	0.00374	0.00904
28	0.01230	0.01178	0.04778	0.05027	0.09248	0.04972	0.01137	0.01452	0.01095	0.04126	0.01378	0.01945	0.02779	0.05791	0.25579	0.00478	0.24231	0.00592	0.02328	0.00656
29	0.00772	0.00551	0.00740	0.00865	0.00914	0.00529	0.00604	0.00896	0.01154	0.01540	0.03144	0.63173	0.03707	0.05582	0.04943	0.00302	0.00450	0.09106	0.00536	0.00493
30	0.20997	0.04651	0.05726	0.01739	0.12299	0.25769	0.08393	0.04435	0.01416	0.01996	0.01006	0.01229	0.00812	0.00603	0.00593	0.00177	0.04644	0.00444	0.02315	0.00753
31	0.00732	0.00555	0.00666	0.00753	0.00842	0.00499	0.00515	0.00848	0.01212	0.01548	0.04180	0.50655	0.27638	0.05344	0.00856	0.00246	0.00345	0.01524	0.00549	0.00489
32	0.01412	0.01235	0.03644	0.01199	0.07490	0.04278	0.00891	0.01767	0.05080	0.07135	0.03650	0.01475	0.01135	0.00530	0.00494	0.00118	0.00510	0.00433	0.00397	0.57126
33	0.01488	0.13288	0.36197	0.01423	0.02083	0.01472	0.04282	0.11884	0.01512	0.06050	0.03462	0.01485	0.01052	0.02992	0.00624	0.00182	0.00735	0.00484	0.00358	0.08948
34	0.01167	0.05975	0.24184	0.01493	0.09139	0.01120	0.04991	0.03300	0.02585	0.01981	0.14409	0.11007	0.05180	0.00862	0.00610	0.00181	0.00609	0.00750	0.00406	0.10051
35	0.01388	0.08284	0.10601	0.03341	0.08440	0.01262	0.03412	0.15518	0.04296	0.03283	0.09775	0.07938	0.08433	0.00911	0.00619	0.00187	0.00583	0.05111	0.00466	0.06151

[dist]
# distance from previous block
# <min> <max>
18	49

[block]
# block no. 8 follows, 38 sequences, length 7
# corresponding to MSA columns:
# 504-510
name=unknown_I
#
# <colnr> <probs for GDERKNQSTAVLIFYWHMCP>
#	G	D	E	R	K	N	Q	S	T	A	V	L	I	F	Y	W	H	M	C	P
0	0.04670	0.03156	0.09374	0.01377	0.11435	0.00973	0.01006	0.01645	0.08058	0.09731	0.07423	0.20572	0.04134	0.06443	0.07007	0.00290	0.00613	0.00904	0.00474	0.00713
1	0.01104	0.04707	0.28028	0.01379	0.06873	0.01086	0.01296	0.01634	0.09151	0.01902	0.12750	0.16722	0.02355	0.07351	0.00832	0.00231	0.00604	0.00843	0.00424	0.00729
2	0.01643	0.54927	0.08691	0.01107	0.01638	0.06892	0.01093	0.01885	0.01290	0.05888	0.00978	0.01092	0.00827	0.00532	0.00431	0.00135	0.00663	0.00356	0.00300	0.09632
3	0.01145	0.12251	0.09420	0.01085	0.01367	0.01142	0.00967	0.09272	0.01270	0.01741	0.01666	0.12717	0.01616	0.02719	0.38198	0.00573	0.01110	0.00716	0.00370	0.00656
4	0.01935	0.10200	0.01800	0.01289	0.01724	0.01794	0.01064	0.40708	0.27535	0.03081	0.01727	0.01671	0.01279	0.00732	0.00581	0.00183	0.00595	0.00565	0.00567	0.00970
5	0.10566	0.04007	0.04764	0.02248	0.31687	0.01364	0.07303	0.04235	0.09206	0.02141	0.01235	0.01453	0.00989	0.00556	0.00546	0.00166	0.00639	0.00499	0.00358	0.16037
6	0.05349	0.12640	0.04716	0.01354	0.11766	0.01187	0.02490	0.05698	0.01322	0.06681	0.05742	0.04680	0.01575	0.17294	0.01068	0.00247	0.00578	0.00613	0.00395	0.14605

[dist]
# distance from previous block
# <min> <max>
5	33

[block]
# block no. 9 follows, 38 sequences, length 11
# corresponding to MSA columns:
# 592-602
name=unknown_J
#
# <colnr> <probs for GDERKNQSTAVLIFYWHMCP>
#	G	D	E	R	K	N	Q	S	T	A	V	L	I	F	Y	W	H	M	C	P
0	0.01548	0.01244	0.01796	0.05536	0.31790	0.01247	0.01297	0.04644	0.13354	0.10040	0.01604	0.06203	0.01319	0.00691	0.00614	0.00176	0.02147	0.00609	0.00432	0.13709
1	0.00992	0.00792	0.04178	0.00889	0.01113	0.00640	0.00723	0.01212	0.01361	0.06489	0.12842	0.24722	0.17377	0.01389	0.00703	0.00210	0.00413	0.13219	0.00546	0.10190
2	0.11681	0.01428	0.01754	0.01393	0.01830	0.01552	0.10914	0.25709	0.25846	0.08978	0.01749	0.01727	0.01271	0.00706	0.00593	0.00193	0.00613	0.00590	0.00548	0.00926
3	0.02075	0.01177	0.01524	0.01581	0.15669	0.05519	0.01046	0.07260	0.01641	0.39312	0.02229	0.12512	0.03957	0.00877	0.00625	0.00191	0.00567	0.00748	0.00591	0.00900
4	0.05720	0.01205	0.01823	0.02371	0.38689	0.01189	0.01329	0.05418	0.03094	0.19407	0.01756	0.12243	0.01506	0.00788	0.00611	0.00191	0.00596	0.00708	0.00465	0.00894
5	0.01631	0.10444	0.25851	0.01805	0.02434	0.11896	0.23527	0.06268	0.01496	0.07252	0.01191	0.01387	0.00879	0.00574	0.00595	0.00182	0.00888	0.00523	0.00334	0.00844
6	0.01267	0.01182	0.01966	0.18776	0.45711	0.01229	0.01556	0.01587	0.01302	0.01795	0.01662	0.13189	0.04613	0.00794	0.00628	0.00194	0.00661	0.00743	0.00342	0.00804
7	0.02286	0.11932	0.01801	0.01449	0.11605	0.01256	0.01054	0.06433	0.06139	0.46848	0.01946	0.01801	0.01313	0.00688	0.00574	0.00178	0.00564	0.00558	0.00600	0.00975
8	0.00909	0.00741	0.01126	0.19245	0.07913	0.00783	0.00960	0.01118	0.01199	0.01591	0.02590	0.48582	0.02934	0.01451	0.00718	0.00231	0.00502	0.06363	0.00467	0.00575
9	0.02013	0.01252	0.04409	0.01579	0.07306	0.01123	0.17559	0.08025	0.01636	0.34715	0.01839	0.01860	0.01262	0.00661	0.00602	0.00183	0.00636	0.00607	0.11833	0.00901
10	0.01420	0.01306	0.02147	0.09374	0.54572	0.01354	0.01639	0.05941	0.01387	0.01959	0.01211	0.01617	0.01020	0.01102	0.11077	0.00289	0.00843	0.00551	0.00317	0.00876

[dist]
# distance from previous block
# <min> <max>
0	14

[block]
# block no. 10 follows, 38 sequences, length 15
# corresponding to MSA columns:
# 617-631
name=unknown_K
#
# <colnr> <probs for GDERKNQSTAVLIFYWHMCP>
#	G	D	E	R	K	N	Q	S	T	A	V	L	I	F	Y	W	H	M	C	P
0	0.04045	0.41443	0.02224	0.01019	0.01469	0.04327	0.00924	0.06094	0.01464	0.19255	0.01901	0.01861	0.10260	0.00713	0.00497	0.00157	0.00581	0.00523	0.00436	0.00807
1	0.01881	0.01281	0.01968	0.02535	0.42094	0.01262	0.01423	0.02367	0.10608	0.25806	0.01698	0.01764	0.01237	0.00639	0.00601	0.00184	0.00619	0.00576	0.00482	0.00976
2	0.01875	0.01427	0.01754	0.03758	0.11741	0.01553	0.03651	0.27268	0.27831	0.09911	0.01832	0.01805	0.01339	0.00722	0.00609	0.00191	0.00604	0.00602	0.00559	0.00971
3	0.62896	0.01410	0.01105	0.00956	0.01338	0.08794	0.00776	0.12668	0.01365	0.02745	0.00939	0.01059	0.00720	0.00589	0.00424	0.00182	0.00556	0.00365	0.00401	0.00712
4	0.01420	0.01072	0.01244	0.01160	0.01438	0.01147	0.00969	0.23255	0.12419	0.02491	0.02836	0.04408	0.09490	0.01240	0.00718	0.00230	0.00551	0.32586	0.00577	0.00750
5	0.01387	0.01305	0.02197	0.07823	0.61454	0.01315	0.01675	0.01738	0.01401	0.01995	0.10379	0.01873	0.01537	0.00627	0.00610	0.00181	0.00666	0.00605	0.00342	0.00887
6	0.12351	0.01646	0.01613	0.01286	0.01728	0.07993	0.01046	0.47770	0.08676	0.05681	0.01434	0.01440	0.01039	0.00694	0.00565	0.00179	0.00646	0.00511	0.00547	0.03155
7	0.00742	0.00613	0.00657	0.00682	0.00866	0.00528	0.00523	0.00905	0.01357	0.01639	0.05569	0.10958	0.61777	0.01564	0.00729	0.00214	0.00336	0.09271	0.00558	0.00512
8	0.01985	0.09547	0.02006	0.01414	0.01876	0.01634	0.10078	0.34358	0.11651	0.12449	0.01703	0.01896	0.01286	0.00741	0.00607	0.00187	0.00654	0.04448	0.00546	0.00935
9	0.02272	0.01562	0.01712	0.01328	0.01795	0.01702	0.01092	0.57589	0.08939	0.13253	0.01657	0.01595	0.01157	0.00733	0.00603	0.00183	0.00626	0.00562	0.00622	0.01017
10	0.11202	0.00662	0.00715	0.00704	0.00761	0.00696	0.00439	0.01007	0.00903	0.01382	0.01735	0.03411	0.01927	0.61731	0.09925	0.00571	0.00669	0.00783	0.00361	0.00417
11	0.00875	0.00583	0.00656	0.00656	0.00656	0.00583	0.00365	0.00875	0.00875	0.01166	0.01895	0.03937	0.02187	0.78858	0.03062	0.00583	0.00583	0.00875	0.00365	0.00365
12	0.14717	0.01329	0.01643	0.04206	0.16655	0.01427	0.02728	0.25686	0.05869	0.07693	0.01472	0.01845	0.01189	0.08343	0.00814	0.00226	0.00623	0.02209	0.00471	0.00854
13	0.04186	0.01222	0.01709	0.09328	0.24704	0.01171	0.01209	0.07112	0.03850	0.08372	0.03176	0.01549	0.01110	0.00571	0.00543	0.00153	0.00584	0.00493	0.00398	0.28562
14	0.04296	0.09089	0.02327	0.02894	0.51579	0.01592	0.01588	0.13302	0.03705	0.02244	0.01182	0.01436	0.00962	0.00573	0.00569	0.00175	0.00684	0.00513	0.00354	0.00937

[dist]
# distance from previous block
# <min> <max>
0	102

# created by:
# /home/cegg/simao/soft/augustus-3.2.1/scripts/msa2prfl.pl ./align_prep/EOG091G0M4Q.fa
