[name]
unknown

[dist]
# distance from previous block
# <min> <max>
0	202

[block]
# block no. 0 follows, 58 sequences, length 6
# corresponding to MSA columns:
# 203-208
name=unknown_A
#
# <colnr> <probs for GDERKNQSTAVLIFYWHMCP>
#	G	D	E	R	K	N	Q	S	T	A	V	L	I	F	Y	W	H	M	C	P
0	0.09944	0.00895	0.01298	0.00942	0.01337	0.00764	0.18713	0.01274	0.00959	0.05938	0.00856	0.01004	0.00672	0.00363	0.00377	0.00097	0.00432	0.00333	0.00273	0.53526
1	0.01032	0.00726	0.00892	0.00784	0.07292	0.00598	0.00560	0.01235	0.00974	0.09797	0.01051	0.01173	0.00823	0.00403	0.00348	0.00088	0.00324	0.00329	0.20114	0.51457
2	0.01047	0.01001	0.01707	0.21184	0.63520	0.01047	0.01343	0.01320	0.00990	0.01388	0.00831	0.01127	0.00683	0.00410	0.00444	0.00137	0.00546	0.00398	0.00216	0.00660
3	0.01119	0.14562	0.01740	0.01733	0.35494	0.07502	0.09260	0.01350	0.01004	0.01363	0.00790	0.00990	0.00663	0.00383	0.00398	0.00112	0.00522	0.00347	0.00228	0.20439
4	0.01132	0.41248	0.01993	0.19839	0.01781	0.01371	0.13195	0.04487	0.00992	0.04464	0.00779	0.00960	0.00629	0.00407	0.00377	0.00118	0.00537	0.00337	0.00227	0.05126
5	0.01181	0.10861	0.01531	0.01433	0.21968	0.01103	0.09041	0.05408	0.26028	0.08209	0.01409	0.01444	0.05172	0.00516	0.00440	0.00136	0.00457	0.00456	0.00341	0.02867

[dist]
# distance from previous block
# <min> <max>
11	21

[block]
# block no. 1 follows, 58 sequences, length 6
# corresponding to MSA columns:
# 230-235
name=unknown_B
#
# <colnr> <probs for GDERKNQSTAVLIFYWHMCP>
#	G	D	E	R	K	N	Q	S	T	A	V	L	I	F	Y	W	H	M	C	P
0	0.25253	0.01146	0.01154	0.00908	0.01244	0.01282	0.00750	0.58383	0.01735	0.02596	0.00950	0.00979	0.00685	0.00504	0.00401	0.00135	0.00452	0.00359	0.00401	0.00685
1	0.76384	0.00884	0.00727	0.00630	0.00917	0.01007	0.00519	0.06529	0.00882	0.07135	0.00725	0.00800	0.00542	0.00432	0.00299	0.00138	0.00358	0.00266	0.00306	0.00520
2	0.58690	0.00830	0.00786	0.00658	0.00958	0.00887	0.00543	0.01606	0.00936	0.28858	0.01007	0.00994	0.00694	0.00462	0.00335	0.00138	0.00358	0.00312	0.00370	0.00578
3	0.01064	0.01035	0.01666	0.02217	0.54462	0.01166	0.01240	0.01273	0.00906	0.01332	0.00756	0.01064	0.00668	0.00528	0.00788	0.00154	0.28439	0.00396	0.00213	0.00635
4	0.01894	0.01223	0.01115	0.00916	0.01223	0.28193	0.00727	0.02047	0.01276	0.54640	0.01404	0.01282	0.00929	0.00522	0.00434	0.00131	0.00524	0.00395	0.00445	0.00680
5	0.01297	0.01423	0.01631	0.02210	0.54532	0.28462	0.01202	0.01512	0.01102	0.01338	0.00791	0.01006	0.00664	0.00420	0.00430	0.00127	0.00624	0.00361	0.00224	0.00645

[dist]
# distance from previous block
# <min> <max>
1	6

[block]
# block no. 2 follows, 58 sequences, length 84
# corresponding to MSA columns:
# 243-326
name=unknown_C
#
# <colnr> <probs for GDERKNQSTAVLIFYWHMCP>
#	G	D	E	R	K	N	Q	S	T	A	V	L	I	F	Y	W	H	M	C	P
0	0.01090	0.01047	0.01799	0.02650	0.76573	0.01044	0.03595	0.01357	0.01028	0.01471	0.03474	0.01183	0.00823	0.00415	0.00448	0.00134	0.00527	0.00416	0.00230	0.00696
1	0.01107	0.01063	0.01816	0.02746	0.81489	0.01063	0.01373	0.01373	0.01019	0.01461	0.00841	0.01107	0.00709	0.00399	0.00443	0.00133	0.00531	0.00399	0.00221	0.00709
2	0.00817	0.00401	0.00598	0.00590	0.00601	0.00397	0.00397	0.00635	0.00606	0.03428	0.00809	0.01365	0.00788	0.01521	0.01706	0.84144	0.00388	0.00391	0.00206	0.00213
3	0.01662	0.01227	0.01313	0.01010	0.01362	0.01354	0.00834	0.77401	0.02068	0.02766	0.01187	0.01180	0.03396	0.00556	0.00450	0.00135	0.00484	0.00420	0.00446	0.00748
4	0.01096	0.01041	0.01775	0.02675	0.78842	0.01041	0.01341	0.01347	0.01004	0.01439	0.00839	0.01115	0.00711	0.00436	0.00486	0.02975	0.00527	0.00398	0.00221	0.00692
5	0.84212	0.00850	0.00655	0.00587	0.00858	0.00982	0.00482	0.01297	0.00780	0.01999	0.03620	0.00824	0.00623	0.00434	0.00286	0.00138	0.00341	0.00263	0.00285	0.00482
6	0.01107	0.01063	0.01816	0.02746	0.81489	0.01063	0.01373	0.01373	0.01019	0.01461	0.00841	0.01107	0.00709	0.00399	0.00443	0.00133	0.00531	0.00399	0.00221	0.00709
7	0.00694	0.00479	0.00623	0.00579	0.00696	0.00446	0.00437	0.00926	0.02957	0.04770	0.76607	0.03238	0.04044	0.00895	0.00523	0.00141	0.00220	0.00789	0.00494	0.00441
8	0.00845	0.00795	0.01342	0.83204	0.03081	0.00994	0.01242	0.01143	0.00894	0.01143	0.00795	0.01193	0.00596	0.00447	0.00447	0.00149	0.00596	0.00398	0.00199	0.00497
9	0.01196	0.84548	0.02344	0.00765	0.01148	0.01770	0.00765	0.01339	0.00909	0.01052	0.00622	0.00718	0.00574	0.00383	0.00287	0.00096	0.00478	0.00239	0.00191	0.00574
10	0.01107	0.01063	0.01816	0.02746	0.81489	0.01063	0.01373	0.01373	0.01019	0.01461	0.00841	0.01107	0.00709	0.00399	0.00443	0.00133	0.00531	0.00399	0.00221	0.00709
11	0.00545	0.00389	0.00519	0.00623	0.00649	0.00363	0.00415	0.00623	0.00856	0.01142	0.02465	0.83987	0.02959	0.01401	0.00571	0.00182	0.00260	0.01272	0.00415	0.00363
12	0.01657	0.04498	0.01299	0.01141	0.01376	0.80167	0.00861	0.01773	0.01257	0.01094	0.00689	0.00804	0.00576	0.00459	0.00400	0.00115	0.00797	0.00287	0.00229	0.00520
13	0.01671	0.02132	0.01268	0.01152	0.01383	0.82483	0.00864	0.01786	0.01268	0.01095	0.00691	0.00807	0.00576	0.00461	0.00403	0.00115	0.00807	0.00288	0.00230	0.00519
14	0.00757	0.00672	0.01235	0.01050	0.01227	0.00629	0.26382	0.00942	0.00941	0.03251	0.01933	0.50767	0.02148	0.01037	0.00556	0.00172	0.00432	0.05056	0.00357	0.00454
15	0.00671	0.00467	0.00599	0.00560	0.00679	0.00426	0.00422	0.00871	0.01243	0.04537	0.71106	0.03370	0.11513	0.00923	0.00525	0.00142	0.00218	0.00809	0.00487	0.00430
16	0.00549	0.00392	0.00524	0.00628	0.00655	0.00367	0.00422	0.00630	0.00861	0.01147	0.02463	0.82129	0.02950	0.01398	0.00572	0.00182	0.00263	0.03090	0.00415	0.00364
17	0.00650	0.00435	0.00496	0.00496	0.00499	0.00438	0.00281	0.00656	0.00653	0.00873	0.01402	0.02886	0.01609	0.81448	0.05084	0.00444	0.00460	0.00645	0.00270	0.00276
18	0.01196	0.84548	0.02344	0.00765	0.01148	0.01770	0.00765	0.01339	0.00909	0.01052	0.00622	0.00718	0.00574	0.00383	0.00287	0.00096	0.00478	0.00239	0.00191	0.00574
19	0.01140	0.01091	0.01802	0.02642	0.75888	0.03393	0.03014	0.01402	0.01032	0.03067	0.00857	0.01109	0.00712	0.00403	0.00444	0.00133	0.00541	0.00399	0.00228	0.00702
20	0.04147	0.00768	0.01009	0.00773	0.01117	0.00665	0.00635	0.03153	0.01238	0.67387	0.03589	0.01472	0.01112	0.00533	0.00434	0.00130	0.00372	0.00432	0.00510	0.10524
21	0.01113	0.00961	0.01011	0.00910	0.01163	0.01113	0.00708	0.02377	0.80681	0.01871	0.01821	0.01669	0.01365	0.00607	0.00455	0.00152	0.00354	0.00506	0.00455	0.00708
22	0.00639	0.00479	0.00719	0.00719	0.00799	0.00559	0.00559	0.00799	0.00719	0.01038	0.01198	0.01757	0.01118	0.03355	0.82507	0.00719	0.01198	0.00479	0.00240	0.00399
23	0.01086	0.54346	0.31585	0.00953	0.01437	0.01501	0.01091	0.01368	0.00922	0.01186	0.00688	0.00801	0.00571	0.00398	0.00338	0.00113	0.00545	0.00273	0.00190	0.00606
24	0.01107	0.01063	0.01816	0.02746	0.81489	0.01063	0.01373	0.01373	0.01019	0.01461	0.00841	0.01107	0.00709	0.00399	0.00443	0.00133	0.00531	0.00399	0.00221	0.00709
25	0.00552	0.00395	0.00527	0.00631	0.00660	0.00370	0.00428	0.00636	0.00864	0.01150	0.02461	0.80692	0.02943	0.01395	0.00573	0.00183	0.00266	0.04494	0.00415	0.00365
26	0.00679	0.00499	0.00670	0.00725	0.03549	0.01650	0.00517	0.00825	0.00817	0.01187	0.01647	0.23827	0.04016	0.02117	0.39295	0.00420	0.02580	0.00689	0.13885	0.00406
27	0.01107	0.01063	0.01816	0.02746	0.81489	0.01063	0.01373	0.01373	0.01019	0.01461	0.00841	0.01107	0.00709	0.00399	0.00443	0.00133	0.00531	0.00399	0.00221	0.00709
28	0.00897	0.02314	0.81962	0.01275	0.01936	0.01039	0.01653	0.01417	0.00944	0.01417	0.00803	0.00944	0.00567	0.00425	0.00425	0.00142	0.00661	0.00331	0.00189	0.00661
29	0.00626	0.00457	0.00589	0.00556	0.00664	0.00419	0.00417	0.00831	0.01251	0.01757	0.76375	0.03403	0.09122	0.00928	0.00528	0.00141	0.00212	0.00818	0.00488	0.00419
30	0.00960	0.00819	0.00965	0.00730	0.03147	0.00637	0.00563	0.03980	0.00972	0.01507	0.00806	0.00937	0.00667	0.00340	0.00338	0.00070	0.00342	0.00273	0.00270	0.81673
31	0.01570	0.01431	0.01496	0.01185	0.01510	0.27667	0.16201	0.23799	0.03328	0.13770	0.01119	0.01170	0.02648	0.00499	0.00451	0.00133	0.00620	0.00412	0.00349	0.00641
32	0.00642	0.00477	0.00716	0.00716	0.00794	0.00555	0.00555	0.00794	0.00716	0.01032	0.01188	0.01748	0.01110	0.03312	0.80604	0.02751	0.01179	0.00477	0.00239	0.00395
33	0.01095	0.01051	0.01795	0.06333	0.77993	0.01060	0.01367	0.01363	0.01013	0.01447	0.00839	0.01111	0.00704	0.00401	0.00443	0.00134	0.00534	0.00399	0.00220	0.00699
34	0.00545	0.00389	0.00519	0.00623	0.00649	0.00363	0.00415	0.00623	0.00856	0.01142	0.02465	0.83987	0.02959	0.01401	0.00571	0.00182	0.00260	0.01272	0.00415	0.00363
35	0.00532	0.00453	0.00458	0.00457	0.00606	0.00379	0.00343	0.00649	0.01028	0.01228	0.07128	0.04272	0.78698	0.01125	0.00529	0.00151	0.00226	0.00940	0.00418	0.00379
36	0.01113	0.00961	0.01011	0.00910	0.01163	0.01113	0.00708	0.02377	0.80681	0.01871	0.01821	0.01669	0.01365	0.00607	0.00455	0.00152	0.00354	0.00506	0.00455	0.00708
37	0.00928	0.00795	0.00928	0.00663	0.01060	0.00596	0.00530	0.01126	0.00928	0.01458	0.00795	0.00928	0.00663	0.00331	0.00331	0.00066	0.00331	0.00265	0.00265	0.87014
38	0.01808	0.01081	0.01236	0.00948	0.01302	0.01132	0.00783	0.52808	0.01816	0.30414	0.01315	0.01231	0.00882	0.00543	0.00448	0.00136	0.00453	0.00419	0.00485	0.00761
39	0.00623	0.00457	0.00584	0.00552	0.00662	0.00418	0.00414	0.00824	0.01242	0.01737	0.73762	0.03435	0.11747	0.00936	0.00528	0.00142	0.00213	0.00822	0.00485	0.00418
40	0.00631	0.00456	0.00596	0.00564	0.00668	0.00421	0.00422	0.00839	0.01256	0.01778	0.79295	0.05345	0.04189	0.00927	0.00529	0.00142	0.00212	0.00820	0.00491	0.00421
41	0.01700	0.01253	0.01342	0.01029	0.01387	0.01387	0.00850	0.79997	0.02103	0.02819	0.01074	0.01074	0.00761	0.00537	0.00447	0.00134	0.00492	0.00403	0.00447	0.00761
42	0.00905	0.04486	0.79859	0.01262	0.01915	0.01058	0.01629	0.01415	0.00943	0.01407	0.00798	0.00938	0.00567	0.00424	0.00421	0.00140	0.00656	0.00328	0.00189	0.00659
43	0.00845	0.00795	0.01342	0.83204	0.03081	0.00994	0.01242	0.01143	0.00894	0.01143	0.00795	0.01193	0.00596	0.00447	0.00447	0.00149	0.00596	0.00398	0.00199	0.00497
44	0.00545	0.00389	0.00519	0.00623	0.00649	0.00363	0.00415	0.00623	0.00856	0.01142	0.02465	0.83987	0.02959	0.01401	0.00571	0.00182	0.00260	0.01272	0.00415	0.00363
45	0.01107	0.01063	0.01816	0.02746	0.81489	0.01063	0.01373	0.01373	0.01019	0.01461	0.00841	0.01107	0.00709	0.00399	0.00443	0.00133	0.00531	0.00399	0.00221	0.00709
46	0.00559	0.00454	0.00495	0.00485	0.00623	0.00390	0.00363	0.00700	0.01090	0.01377	0.26585	0.04028	0.59149	0.01070	0.00528	0.00148	0.00222	0.00905	0.00438	0.00390
47	0.00845	0.00795	0.01342	0.83204	0.03081	0.00994	0.01242	0.01143	0.00894	0.01143	0.00795	0.01193	0.00596	0.00447	0.00447	0.00149	0.00596	0.00398	0.00199	0.00497
48	0.73718	0.00805	0.00650	0.00588	0.00841	0.00913	0.00477	0.01254	0.00817	0.03723	0.05765	0.04193	0.03824	0.00513	0.00316	0.00141	0.00331	0.00346	0.00307	0.00478
49	0.01700	0.01253	0.01342	0.01029	0.01387	0.01387	0.00850	0.79997	0.02103	0.02819	0.01074	0.01074	0.00761	0.00537	0.00447	0.00134	0.00492	0.00403	0.00447	0.00761
50	0.00545	0.00389	0.00519	0.00623	0.00649	0.00363	0.00415	0.00623	0.00856	0.01142	0.02465	0.83987	0.02959	0.01401	0.00571	0.00182	0.00260	0.01272	0.00415	0.00363
51	0.02007	0.00761	0.01038	0.00796	0.01142	0.00657	0.00657	0.02180	0.01280	0.81799	0.01765	0.01523	0.01107	0.00554	0.00450	0.00138	0.00381	0.00450	0.00554	0.00761
52	0.00904	0.00855	0.01448	0.65148	0.20677	0.01009	0.01272	0.01195	0.00922	0.01214	0.00805	0.01173	0.00621	0.00436	0.00446	0.00145	0.00582	0.00398	0.00204	0.00544
53	0.01261	0.00862	0.01279	0.35039	0.15471	0.03142	0.01010	0.04708	0.01086	0.24040	0.03467	0.01387	0.00912	0.03789	0.00520	0.00153	0.00508	0.00432	0.00325	0.00608
54	0.09265	0.00770	0.01006	0.00778	0.01118	0.00687	0.00643	0.02107	0.01236	0.75020	0.01668	0.01455	0.01054	0.00542	0.00435	0.00138	0.00378	0.00432	0.00530	0.00738
55	0.00545	0.00389	0.00519	0.00623	0.00649	0.00363	0.00415	0.00623	0.00856	0.01142	0.02465	0.83987	0.02959	0.01401	0.00571	0.00182	0.00260	0.01272	0.00415	0.00363
56	0.00977	0.07030	0.07782	0.06338	0.06000	0.06320	0.26330	0.01258	0.02640	0.04147	0.05780	0.05247	0.15831	0.00618	0.00495	0.00144	0.01650	0.00578	0.00291	0.00544
57	0.00897	0.02314	0.81962	0.01275	0.01936	0.01039	0.01653	0.01417	0.00944	0.01417	0.00803	0.00944	0.00567	0.00425	0.00425	0.00142	0.00661	0.00331	0.00189	0.00661
58	0.00552	0.00394	0.00527	0.00630	0.00659	0.00369	0.00427	0.00634	0.00863	0.01149	0.02462	0.80994	0.02944	0.01395	0.00573	0.00183	0.00265	0.04199	0.00415	0.00365
59	0.00768	0.00709	0.01257	0.09513	0.04433	0.00723	0.21193	0.00959	0.00909	0.01242	0.01668	0.42601	0.01821	0.00929	0.00594	0.00167	0.06045	0.00869	0.03136	0.00463
60	0.05525	0.04344	0.07990	0.03283	0.01782	0.12639	0.31010	0.19651	0.02492	0.05556	0.00934	0.01080	0.00690	0.00445	0.00456	0.00138	0.00637	0.00419	0.00295	0.00632
61	0.01155	0.01118	0.01801	0.02572	0.71817	0.04168	0.04074	0.05185	0.01082	0.01512	0.00849	0.01098	0.00705	0.00407	0.00445	0.00133	0.00548	0.00399	0.00233	0.00700
62	0.84910	0.00871	0.00691	0.00651	0.03227	0.01005	0.00510	0.01317	0.00769	0.01991	0.00629	0.00738	0.00491	0.00415	0.00282	0.00138	0.00351	0.00247	0.00275	0.00491
63	0.00624	0.00441	0.00608	0.00732	0.03762	0.00418	0.00497	0.00732	0.00905	0.03008	0.04409	0.66582	0.02814	0.01310	0.00568	0.00181	0.00291	0.11311	0.00413	0.00393
64	0.00535	0.00455	0.00462	0.00466	0.00615	0.00382	0.00353	0.00652	0.01020	0.01213	0.04458	0.04330	0.78643	0.01136	0.00532	0.00153	0.00233	0.03568	0.00415	0.00379
65	0.04002	0.01029	0.01728	0.10834	0.70807	0.01054	0.01330	0.01348	0.00997	0.01448	0.00829	0.01103	0.00690	0.00404	0.00438	0.00135	0.00532	0.00393	0.00221	0.00680
66	0.00800	0.00912	0.08657	0.01218	0.01486	0.00754	0.34279	0.01051	0.00967	0.01318	0.04582	0.37003	0.01818	0.00858	0.00539	0.00164	0.00506	0.02273	0.00318	0.00495
67	0.00629	0.00457	0.00593	0.00559	0.00666	0.00420	0.00419	0.00837	0.01257	0.01772	0.78401	0.03377	0.07087	0.00923	0.00528	0.00141	0.00212	0.00814	0.00490	0.00420
68	0.01080	0.03952	0.04307	0.00756	0.00994	0.00849	0.00632	0.29686	0.01504	0.03366	0.33448	0.02256	0.08340	0.00723	0.00470	0.00135	0.00346	0.00599	0.05993	0.00563
69	0.01094	0.01049	0.01862	0.03547	0.58972	0.01051	0.14311	0.01368	0.01025	0.03445	0.03913	0.01215	0.00840	0.00435	0.00502	0.00139	0.03886	0.00437	0.00239	0.00670
70	0.00979	0.00979	0.01370	0.01174	0.01174	0.01370	0.00979	0.01077	0.00685	0.01077	0.00587	0.00979	0.00587	0.00783	0.01468	0.00196	0.83461	0.00391	0.00196	0.00489
71	0.01036	0.00973	0.01352	0.24753	0.01746	0.03023	0.01036	0.08339	0.00896	0.02437	0.00711	0.01053	0.00613	0.00653	0.01043	0.00174	0.49021	0.00393	0.00226	0.00521
72	0.04189	0.00940	0.01106	0.00865	0.01202	0.03730	0.00708	0.20422	0.06473	0.53220	0.01538	0.01380	0.01007	0.00546	0.00443	0.00137	0.00419	0.00431	0.00504	0.00742
73	0.01056	0.01207	0.02640	0.01885	0.02338	0.01131	0.79864	0.01433	0.01056	0.01433	0.00905	0.01207	0.00679	0.00377	0.00528	0.00151	0.00754	0.00528	0.00226	0.00603
74	0.00623	0.00460	0.00609	0.00651	0.03717	0.00427	0.00446	0.00780	0.01102	0.01522	0.47976	0.24139	0.10141	0.02406	0.00596	0.02398	0.00245	0.00911	0.00444	0.00406
75	0.00532	0.00453	0.00458	0.00457	0.00606	0.00379	0.00343	0.00649	0.01028	0.01228	0.07128	0.04272	0.78698	0.01125	0.00529	0.00151	0.00226	0.00940	0.00418	0.00379
76	0.00639	0.00478	0.00714	0.00714	0.00792	0.00556	0.00553	0.00796	0.00717	0.01035	0.01203	0.01783	0.01129	0.05121	0.80756	0.00713	0.01181	0.00483	0.00240	0.00397
77	0.01113	0.00961	0.01011	0.00910	0.01163	0.01113	0.00708	0.02377	0.80681	0.01871	0.01821	0.01669	0.01365	0.00607	0.00455	0.00152	0.00354	0.00506	0.00455	0.00708
78	0.00845	0.00795	0.01342	0.83204	0.03081	0.00994	0.01242	0.01143	0.00894	0.01143	0.00795	0.01193	0.00596	0.00447	0.00447	0.00149	0.00596	0.00398	0.00199	0.00497
79	0.01540	0.01243	0.01091	0.00942	0.01214	0.25181	0.00735	0.03665	0.30112	0.25070	0.03551	0.01402	0.01118	0.00555	0.00440	0.00136	0.00496	0.00431	0.00418	0.00661
80	0.01085	0.00937	0.00992	0.00881	0.01142	0.01057	0.00686	0.02243	0.72872	0.01825	0.01808	0.01676	0.03197	0.00599	0.00448	0.00145	0.00349	0.00498	0.00440	0.07120
81	0.03674	0.01092	0.01747	0.02588	0.74693	0.04141	0.01315	0.01401	0.01025	0.02860	0.00845	0.01092	0.00704	0.00404	0.00437	0.00132	0.00534	0.00391	0.00229	0.00696
82	0.58624	0.03170	0.09784	0.00710	0.01037	0.00976	0.00654	0.03029	0.02594	0.12093	0.03185	0.00956	0.00709	0.00454	0.00330	0.00138	0.00388	0.00304	0.00314	0.00550
83	0.20184	0.35213	0.14601	0.00890	0.03583	0.01331	0.00858	0.07321	0.04063	0.04693	0.00788	0.00869	0.00625	0.00423	0.00338	0.00119	0.00468	0.00291	0.00256	0.03085

[dist]
# distance from previous block
# <min> <max>
0	32

# created by:
# /home/cegg/simao/soft/augustus-3.2.1/scripts/msa2prfl.pl ./align_prep/EOG091G134K.fa
