[name]
unknown

[dist]
# distance from previous block
# <min> <max>
0	195

[block]
# block no. 0 follows, 54 sequences, length 8
# corresponding to MSA columns:
# 222-229
name=unknown_A
#
# <colnr> <probs for GDERKNQSTAVLIFYWHMCP>
#	G	D	E	R	K	N	Q	S	T	A	V	L	I	F	Y	W	H	M	C	P
0	0.07994	0.03475	0.21735	0.00899	0.01208	0.03147	0.00891	0.04671	0.01104	0.08257	0.13989	0.02496	0.01798	0.11230	0.00736	0.00198	0.00481	0.14787	0.00358	0.00547
1	0.01379	0.07663	0.03752	0.00862	0.01146	0.00980	0.00742	0.25266	0.04689	0.15124	0.05983	0.02102	0.01440	0.00692	0.00469	0.00147	0.00421	0.12728	0.13769	0.00645
2	0.08081	0.46755	0.02307	0.01133	0.01545	0.01513	0.23117	0.01510	0.01022	0.07798	0.00839	0.00974	0.00675	0.00419	0.00388	0.00125	0.00568	0.00358	0.00251	0.00622
3	0.00770	0.00457	0.00676	0.07509	0.00860	0.00466	0.00495	0.00713	0.00794	0.01072	0.13732	0.12113	0.01674	0.01411	0.01364	0.54337	0.00381	0.00599	0.00285	0.00293
4	0.01111	0.34199	0.24208	0.00983	0.01379	0.11897	0.01016	0.01361	0.01021	0.01262	0.03338	0.14072	0.01116	0.00615	0.00415	0.00133	0.00560	0.00477	0.00253	0.00583
5	0.01307	0.07967	0.09416	0.01284	0.11419	0.14076	0.00980	0.09133	0.35844	0.01762	0.01317	0.01324	0.01009	0.00542	0.00451	0.00144	0.00530	0.00431	0.00360	0.00703
6	0.01141	0.00659	0.00826	0.00705	0.00898	0.00631	0.00545	0.11089	0.01395	0.19896	0.45733	0.02746	0.03009	0.07786	0.00682	0.00173	0.00321	0.00698	0.00508	0.00558
7	0.01049	0.00883	0.00984	0.00879	0.01146	0.00935	0.00700	0.01935	0.48270	0.01791	0.04567	0.02231	0.01598	0.00698	0.00483	0.00150	0.00373	0.12756	0.00433	0.18139

[dist]
# distance from previous block
# <min> <max>
0	1

[block]
# block no. 1 follows, 54 sequences, length 7
# corresponding to MSA columns:
# 231-237
name=unknown_B
#
# <colnr> <probs for GDERKNQSTAVLIFYWHMCP>
#	G	D	E	R	K	N	Q	S	T	A	V	L	I	F	Y	W	H	M	C	P
0	0.00749	0.00530	0.00665	0.00669	0.00790	0.00543	0.00528	0.01028	0.06824	0.01544	0.20907	0.03159	0.10569	0.01520	0.18322	0.00290	0.00503	0.14992	0.15415	0.00454
1	0.01065	0.00826	0.00787	0.00783	0.00917	0.15612	0.00567	0.01174	0.01071	0.15144	0.02239	0.49141	0.06549	0.01120	0.00544	0.00169	0.00402	0.00976	0.00427	0.00488
2	0.01130	0.01180	0.01539	0.45031	0.24417	0.16117	0.01273	0.01399	0.01053	0.01289	0.00831	0.01156	0.00658	0.00460	0.00461	0.00146	0.00651	0.00398	0.00222	0.00590
3	0.01045	0.00960	0.01536	0.02109	0.51697	0.00935	0.01131	0.01292	0.01000	0.01462	0.00944	0.01252	0.00813	0.00953	0.14650	0.00235	0.00644	0.00409	0.00245	0.16688
4	0.17053	0.00896	0.01304	0.16259	0.31740	0.00942	0.01009	0.01308	0.01049	0.04025	0.14762	0.01525	0.01340	0.00530	0.00446	0.00143	0.00463	0.00460	0.00303	0.04443
5	0.11621	0.00714	0.00853	0.00791	0.04504	0.00660	0.02242	0.01236	0.05765	0.11087	0.04857	0.16295	0.17646	0.00802	0.00469	0.00141	0.00338	0.00680	0.00395	0.18904
6	0.01020	0.00889	0.01193	0.01146	0.15052	0.00753	0.03557	0.04498	0.01062	0.01592	0.03326	0.04310	0.00968	0.00459	0.00406	0.00099	0.00405	0.02435	0.00295	0.56534

[dist]
# distance from previous block
# <min> <max>
1	33

[block]
# block no. 2 follows, 54 sequences, length 16
# corresponding to MSA columns:
# 271-286
name=unknown_C
#
# <colnr> <probs for GDERKNQSTAVLIFYWHMCP>
#	G	D	E	R	K	N	Q	S	T	A	V	L	I	F	Y	W	H	M	C	P
0	0.04258	0.00992	0.01231	0.00997	0.02664	0.01023	0.05573	0.34004	0.03857	0.20343	0.13741	0.06240	0.01588	0.00668	0.00492	0.00148	0.00441	0.00560	0.00479	0.00701
1	0.01356	0.01268	0.15456	0.01348	0.06112	0.01024	0.20019	0.03316	0.18746	0.21878	0.03609	0.01472	0.01080	0.00528	0.00493	0.00152	0.00549	0.00492	0.00385	0.00718
2	0.01100	0.00685	0.00931	0.14219	0.03558	0.00687	0.00724	0.07465	0.01165	0.19107	0.02309	0.22428	0.14047	0.00948	0.00536	0.00168	0.00399	0.08545	0.00429	0.00551
3	0.10866	0.01043	0.01748	0.19694	0.37881	0.01081	0.13351	0.01382	0.01015	0.01528	0.00858	0.01147	0.00686	0.00426	0.00455	0.00143	0.00578	0.00414	0.00238	0.05465
4	0.06264	0.01098	0.01173	0.00968	0.01265	0.01217	0.00775	0.48015	0.16427	0.02460	0.01482	0.14048	0.01267	0.00715	0.00483	0.00153	0.00445	0.00579	0.00458	0.00710
5	0.01059	0.14328	0.23552	0.01520	0.18292	0.02788	0.08371	0.03244	0.04965	0.01429	0.00964	0.01205	0.00788	0.00970	0.14269	0.00244	0.00726	0.00405	0.00241	0.00642
6	0.15368	0.01191	0.01931	0.01664	0.14181	0.01220	0.33322	0.19182	0.03994	0.01964	0.00968	0.01157	0.00731	0.00454	0.00477	0.00150	0.00610	0.00455	0.00308	0.00674
7	0.01991	0.00776	0.01051	0.00815	0.01160	0.00671	0.00670	0.02174	0.01340	0.74223	0.06061	0.01796	0.03779	0.00622	0.00481	0.00146	0.00387	0.00510	0.00576	0.00771
8	0.00935	0.00853	0.00786	0.00713	0.00889	0.13226	0.00544	0.09898	0.01361	0.01722	0.37098	0.03123	0.25215	0.00910	0.00526	0.00146	0.00359	0.00759	0.00447	0.00488
9	0.01330	0.01401	0.01082	0.00999	0.01206	0.36123	0.00757	0.04079	0.18077	0.04251	0.01387	0.10278	0.02386	0.01121	0.13147	0.00239	0.00714	0.00518	0.00339	0.00567
10	0.11353	0.02308	0.02925	0.05264	0.02842	0.02436	0.19296	0.08630	0.02338	0.33085	0.01279	0.01310	0.00876	0.00515	0.00505	0.00150	0.03340	0.00451	0.00401	0.00695
11	0.01931	0.01070	0.10272	0.00935	0.01340	0.00859	0.00845	0.14185	0.01445	0.59582	0.01630	0.01461	0.01045	0.00565	0.00471	0.00146	0.00453	0.00452	0.00522	0.00790
12	0.00925	0.00887	0.01585	0.21091	0.01994	0.00926	0.26736	0.01325	0.09993	0.01410	0.01498	0.14672	0.01428	0.03269	0.00602	0.00180	0.00570	0.10046	0.00316	0.00546
13	0.00979	0.10396	0.01818	0.56393	0.02853	0.01171	0.17258	0.01292	0.00980	0.01257	0.00841	0.01203	0.00644	0.00448	0.00470	0.00151	0.00649	0.00428	0.00215	0.00556
14	0.01159	0.01116	0.01911	0.17528	0.23830	0.01176	0.23768	0.09437	0.10143	0.01652	0.01033	0.01276	0.00796	0.00473	0.00522	0.00153	0.02600	0.00473	0.00282	0.00671
15	0.73299	0.00845	0.00683	0.00616	0.00879	0.00962	0.00500	0.01308	0.00886	0.02080	0.13099	0.01197	0.01126	0.00520	0.00333	0.00146	0.00342	0.00349	0.00327	0.00500

[dist]
# distance from previous block
# <min> <max>
0	15

[block]
# block no. 3 follows, 54 sequences, length 68
# corresponding to MSA columns:
# 303-315,318-326,328-373
name=unknown_D
#
# <colnr> <probs for GDERKNQSTAVLIFYWHMCP>
#	G	D	E	R	K	N	Q	S	T	A	V	L	I	F	Y	W	H	M	C	P
0	0.05906	0.02945	0.18668	0.03559	0.15643	0.00847	0.03258	0.01260	0.04130	0.03970	0.16370	0.11420	0.04789	0.01694	0.01762	0.00167	0.00472	0.02220	0.00339	0.00581
1	0.02896	0.33040	0.14235	0.00912	0.01330	0.01241	0.02820	0.03769	0.03452	0.17432	0.06531	0.01229	0.01023	0.00493	0.00398	0.00123	0.00482	0.00377	0.00325	0.07888
2	0.00618	0.00478	0.00563	0.00545	0.00675	0.00423	0.00408	0.00792	0.01212	0.01608	0.45828	0.06130	0.36868	0.01076	0.00558	0.00154	0.00231	0.00927	0.00482	0.00423
3	0.01058	0.21340	0.43879	0.01132	0.03871	0.01185	0.01274	0.01435	0.00993	0.03161	0.00823	0.00954	0.00634	0.00422	0.00397	0.00123	0.00578	0.00318	0.00224	0.16198
4	0.01133	0.01001	0.01122	0.01000	0.01213	0.01201	0.00790	0.02211	0.63123	0.01818	0.03893	0.01677	0.01376	0.00682	0.00675	0.00168	0.15268	0.00520	0.00431	0.00696
5	0.01210	0.01070	0.01498	0.04683	0.01562	0.03529	0.19128	0.20978	0.17778	0.02020	0.17789	0.01791	0.01661	0.00624	0.00534	0.00152	0.02374	0.00564	0.00404	0.00650
6	0.01201	0.16067	0.02054	0.01972	0.35577	0.01209	0.18920	0.04093	0.01112	0.05657	0.02173	0.04528	0.02345	0.00490	0.00466	0.00140	0.00572	0.00478	0.00271	0.00675
7	0.01160	0.01110	0.01815	0.02543	0.63893	0.01189	0.01356	0.03576	0.01042	0.01507	0.00845	0.01141	0.00725	0.00498	0.00663	0.00152	0.15424	0.00419	0.00235	0.00707
8	0.00737	0.00445	0.00593	0.00593	0.00606	0.00459	0.00383	0.00681	0.00668	0.00904	0.01182	0.02226	0.01269	0.37924	0.14623	0.35071	0.00565	0.00546	0.00248	0.00274
9	0.30812	0.01352	0.01060	0.00910	0.01208	0.26584	0.00720	0.08349	0.04741	0.18537	0.01031	0.01046	0.00747	0.00504	0.00396	0.00138	0.00540	0.00344	0.00362	0.00619
10	0.15950	0.00762	0.00916	0.00737	0.01052	0.00700	0.00602	0.01852	0.01208	0.53271	0.02188	0.01997	0.15401	0.00670	0.00459	0.00148	0.00366	0.00532	0.00508	0.00680
11	0.53739	0.00798	0.00749	0.00672	0.00930	0.00860	0.00535	0.01441	0.00933	0.18126	0.01256	0.15867	0.01118	0.00656	0.00385	0.00154	0.00356	0.00497	0.00378	0.00547
12	0.07080	0.00997	0.01535	0.01202	0.01517	0.01031	0.25678	0.05667	0.25537	0.06226	0.15659	0.01804	0.01631	0.00602	0.00518	0.00155	0.01550	0.00569	0.00398	0.00643
13	0.01671	0.17014	0.01542	0.01141	0.01413	0.67095	0.00892	0.01797	0.01268	0.01146	0.00716	0.00833	0.00607	0.00471	0.00403	0.00118	0.00788	0.00294	0.00235	0.00557
14	0.01114	0.01346	0.16224	0.06282	0.62699	0.01112	0.01494	0.01444	0.01053	0.01516	0.00877	0.01140	0.00714	0.00428	0.00464	0.00143	0.00588	0.00407	0.00226	0.00727
15	0.01291	0.01166	0.02359	0.01755	0.04462	0.01117	0.56998	0.01625	0.01128	0.15861	0.01093	0.01313	0.00792	0.00461	0.00607	0.00159	0.06327	0.00528	0.00299	0.00661
16	0.01069	0.01049	0.01659	0.03834	0.03513	0.01324	0.15113	0.01260	0.01954	0.03607	0.02968	0.01182	0.00774	0.00721	0.01233	0.00191	0.57303	0.00455	0.00237	0.00553
17	0.01079	0.00793	0.01022	0.00841	0.01095	0.00768	0.05224	0.12389	0.07875	0.08246	0.27460	0.04324	0.02254	0.02661	0.00559	0.00148	0.01633	0.05072	0.00437	0.16121
18	0.05674	0.15880	0.01222	0.00818	0.01108	0.01088	0.00676	0.04953	0.31369	0.12237	0.09202	0.01884	0.08712	0.00651	0.00448	0.00143	0.00379	0.00522	0.00428	0.02605
19	0.01237	0.04346	0.01088	0.00894	0.01158	0.04197	0.00706	0.09214	0.44090	0.08275	0.15918	0.01915	0.01822	0.00666	0.00480	0.00149	0.00385	0.00551	0.00470	0.02439
20	0.01038	0.00929	0.01533	0.06819	0.53633	0.00931	0.01170	0.01296	0.01111	0.03216	0.15421	0.06020	0.01597	0.00604	0.00495	0.00147	0.00481	0.02598	0.00307	0.00653
21	0.01597	0.29033	0.01711	0.01078	0.01376	0.53779	0.00876	0.03213	0.01229	0.01174	0.00712	0.00825	0.00610	0.00460	0.00386	0.00115	0.00730	0.00289	0.00234	0.00571
22	0.01161	0.01003	0.01055	0.00950	0.01215	0.01158	0.00739	0.02471	0.78152	0.01959	0.01973	0.01812	0.02929	0.00650	0.00481	0.00160	0.00371	0.00542	0.00479	0.00740
23	0.01912	0.00911	0.01274	0.01236	0.15601	0.00846	0.00850	0.09667	0.01385	0.58802	0.01612	0.01479	0.01055	0.00552	0.00473	0.00144	0.00442	0.00459	0.00509	0.00792
24	0.01304	0.01131	0.01768	0.06259	0.59400	0.01162	0.01311	0.15511	0.01285	0.04877	0.00967	0.01182	0.00768	0.00455	0.00468	0.00141	0.00550	0.00423	0.00289	0.00748
25	0.00687	0.00522	0.00644	0.00709	0.00783	0.00529	0.00494	0.01001	0.15191	0.01370	0.05505	0.65267	0.02866	0.01305	0.00578	0.00184	0.00290	0.01175	0.00448	0.00451
26	0.01179	0.65441	0.02200	0.15564	0.01554	0.01662	0.00879	0.01362	0.00956	0.01152	0.00723	0.00886	0.00633	0.00421	0.00334	0.00111	0.00516	0.00290	0.03553	0.00584
27	0.00913	0.01146	0.15886	0.63669	0.04770	0.01062	0.03457	0.01271	0.00960	0.01273	0.00844	0.01208	0.00628	0.00464	0.00469	0.00155	0.00644	0.00410	0.00209	0.00563
28	0.00891	0.05243	0.63342	0.01198	0.01762	0.00996	0.01469	0.01338	0.00977	0.01426	0.01156	0.15873	0.01055	0.00633	0.00470	0.00155	0.00613	0.00524	0.00242	0.00636
29	0.01186	0.16004	0.01329	0.00938	0.01223	0.01304	0.00763	0.02279	0.63759	0.01799	0.01663	0.01562	0.01271	0.00601	0.00469	0.00150	0.02079	0.00480	0.00424	0.00716
30	0.00985	0.04485	0.64630	0.01446	0.02094	0.01134	0.15680	0.01494	0.01016	0.01486	0.00860	0.01039	0.00619	0.00438	0.00464	0.00150	0.00709	0.00383	0.00206	0.00683
31	0.00950	0.02412	0.79202	0.01359	0.02050	0.01097	0.03500	0.01494	0.00998	0.01494	0.00849	0.01002	0.00600	0.00447	0.00450	0.00150	0.00699	0.00353	0.00200	0.00695
32	0.00574	0.00410	0.00547	0.00657	0.00684	0.00383	0.00438	0.00657	0.00903	0.01204	0.02599	0.83122	0.03119	0.01477	0.00602	0.00191	0.00274	0.01340	0.00438	0.00383
33	0.01104	0.01072	0.01720	0.08396	0.44546	0.01233	0.02589	0.02140	0.00953	0.01387	0.00793	0.01128	0.00693	0.00568	0.00848	0.00165	0.29375	0.00420	0.00225	0.00647
34	0.00951	0.00910	0.01265	0.01096	0.01120	0.01224	0.00902	0.01081	0.00857	0.01301	0.18159	0.01580	0.01463	0.00856	0.01329	0.00194	0.64427	0.00510	0.00275	0.00500
35	0.01122	0.26411	0.27012	0.01252	0.07203	0.01343	0.07668	0.03250	0.15289	0.01510	0.02971	0.01163	0.00873	0.00478	0.00424	0.00137	0.00563	0.00389	0.00270	0.00673
36	0.01233	0.01224	0.01496	0.23729	0.23401	0.15700	0.02338	0.03396	0.13309	0.03667	0.01025	0.01232	0.00803	0.00509	0.00521	0.00148	0.04931	0.00420	0.00281	0.00639
37	0.00637	0.00478	0.00590	0.00569	0.00687	0.00431	0.00424	0.00828	0.01252	0.01711	0.58530	0.07511	0.22534	0.01043	0.00559	0.00153	0.00229	0.00910	0.00496	0.00431
38	0.07295	0.05211	0.03558	0.00838	0.01224	0.00986	0.00703	0.17232	0.12646	0.04112	0.01061	0.01114	0.00819	0.00454	0.00393	0.00109	0.00408	0.00350	0.00350	0.41138
39	0.00640	0.00500	0.00635	0.02965	0.00805	0.02294	0.00497	0.00737	0.00921	0.01228	0.04459	0.71701	0.02873	0.01359	0.00619	0.00185	0.03167	0.01216	0.00417	0.02784
40	0.03126	0.51718	0.22385	0.00975	0.01445	0.03427	0.01050	0.08530	0.01088	0.01401	0.00750	0.00854	0.00619	0.00432	0.00358	0.00118	0.00560	0.00294	0.00229	0.00643
41	0.00665	0.00488	0.00622	0.00614	0.00713	0.00460	0.00448	0.00894	0.04334	0.01708	0.56635	0.19294	0.07085	0.03152	0.00609	0.00166	0.00245	0.00938	0.00492	0.00439
42	0.57341	0.01170	0.00897	0.00780	0.01076	0.15636	0.00627	0.06685	0.01047	0.09810	0.00820	0.00889	0.00613	0.00469	0.00346	0.00141	0.00467	0.00297	0.00324	0.00565
43	0.01031	0.00958	0.01619	0.19927	0.46950	0.01002	0.03448	0.01310	0.01048	0.01442	0.01170	0.01942	0.01077	0.00591	0.00504	0.00158	0.00559	0.14362	0.00265	0.00638
44	0.00677	0.00475	0.00616	0.00651	0.00731	0.00449	0.00463	0.00867	0.04213	0.03621	0.31898	0.45514	0.04421	0.01220	0.00577	0.00173	0.00264	0.02264	0.00474	0.00433
45	0.00560	0.00476	0.00482	0.00484	0.00639	0.00399	0.00362	0.00680	0.01075	0.01284	0.06192	0.06509	0.76863	0.01197	0.00558	0.00160	0.00239	0.01001	0.00439	0.00399
46	0.01077	0.01197	0.02575	0.01873	0.02312	0.01126	0.70791	0.01456	0.01110	0.01500	0.01112	0.01686	0.00920	0.00490	0.00566	0.00165	0.00758	0.08412	0.00259	0.00615
47	0.01227	0.01232	0.02333	0.05060	0.12623	0.01215	0.50259	0.15509	0.01301	0.01764	0.01028	0.01279	0.01878	0.00445	0.00526	0.00153	0.00699	0.00515	0.00282	0.00673
48	0.79412	0.00893	0.00709	0.00628	0.00920	0.01017	0.00516	0.01416	0.00841	0.06498	0.00849	0.00927	0.02961	0.00469	0.00310	0.00146	0.00363	0.00290	0.00313	0.00524
49	0.00833	0.00761	0.01257	0.67498	0.02783	0.00927	0.01151	0.01105	0.00936	0.01205	0.01157	0.16097	0.01080	0.00654	0.00495	0.00163	0.00564	0.00586	0.00251	0.00498
50	0.01086	0.01391	0.16634	0.01669	0.02137	0.01098	0.51580	0.03642	0.03108	0.03800	0.02559	0.06951	0.00963	0.00508	0.00533	0.00158	0.00701	0.00572	0.00273	0.00638
51	0.06339	0.05258	0.19568	0.01051	0.01472	0.12958	0.02186	0.12339	0.03420	0.28980	0.01228	0.01203	0.00843	0.00518	0.00444	0.00141	0.00559	0.00394	0.00388	0.00711
52	0.01157	0.01115	0.01907	0.04583	0.75731	0.01127	0.02739	0.01436	0.01064	0.01524	0.00881	0.01168	0.00741	0.00430	0.00492	0.00142	0.02375	0.00422	0.00232	0.00735
53	0.53698	0.01111	0.05573	0.00871	0.06146	0.07634	0.00684	0.01401	0.00907	0.01858	0.00721	0.00850	0.00573	0.00425	0.00334	0.00130	0.00434	0.00280	0.00276	0.16093
54	0.00762	0.00549	0.00697	0.00749	0.00833	0.00566	0.00557	0.01055	0.15167	0.01326	0.02168	0.38036	0.02359	0.02494	0.00804	0.13210	0.00350	0.17482	0.00407	0.00432
55	0.01496	0.01186	0.01247	0.01027	0.01349	0.02375	0.00825	0.41421	0.39171	0.02471	0.01503	0.01428	0.01104	0.00600	0.00475	0.00150	0.00454	0.00475	0.00473	0.00772
56	0.01123	0.01244	0.02625	0.02152	0.16607	0.01179	0.64759	0.01499	0.01106	0.01516	0.00942	0.01253	0.00721	0.00402	0.00540	0.00156	0.00752	0.00532	0.00238	0.00656
57	0.01167	0.01120	0.01914	0.02894	0.80488	0.01120	0.01447	0.01447	0.01074	0.01540	0.00887	0.01167	0.00747	0.00420	0.00467	0.00140	0.00560	0.00420	0.00233	0.00747
58	0.01058	0.49227	0.20849	0.00875	0.01304	0.01416	0.00949	0.01298	0.00988	0.01231	0.01448	0.01499	0.15049	0.00557	0.00383	0.00123	0.00502	0.00410	0.00244	0.00589
59	0.00591	0.00423	0.00562	0.00645	0.00688	0.00394	0.00439	0.00699	0.00981	0.01328	0.16673	0.68693	0.03360	0.01384	0.00594	0.00184	0.00264	0.01252	0.00452	0.00394
60	0.01856	0.00740	0.00989	0.00780	0.01079	0.00650	0.00619	0.02006	0.01229	0.66331	0.01792	0.01873	0.01266	0.15601	0.00823	0.00202	0.00411	0.00512	0.00530	0.00709
61	0.01187	0.16012	0.01373	0.00963	0.01261	0.01299	0.03117	0.02277	0.63000	0.01802	0.01661	0.01563	0.01266	0.00590	0.00450	0.00149	0.00410	0.00483	0.00422	0.00717
62	0.01091	0.01328	0.16209	0.12462	0.54496	0.01109	0.03632	0.01427	0.01044	0.01489	0.00875	0.01150	0.00704	0.00431	0.00466	0.00144	0.00600	0.00411	0.00224	0.00707
63	0.00655	0.00833	0.15099	0.00657	0.00904	0.00537	0.00627	0.00871	0.01086	0.01409	0.14473	0.03602	0.50833	0.01072	0.02717	0.00171	0.00347	0.00829	0.02816	0.00461
64	0.01623	0.01775	0.01216	0.01070	0.01320	0.52485	0.00820	0.17417	0.01470	0.01622	0.03063	0.01098	0.00829	0.00523	0.00426	0.00125	0.00684	0.00361	0.11493	0.00582
65	0.00927	0.02040	0.64264	0.01194	0.01776	0.00966	0.01479	0.01406	0.01067	0.03706	0.15265	0.01470	0.01311	0.00545	0.00468	0.00149	0.00603	0.00443	0.00267	0.00654
66	0.01046	0.00974	0.01631	0.02426	0.63869	0.00968	0.01237	0.01289	0.01050	0.01489	0.03339	0.16086	0.01277	0.00626	0.00494	0.00150	0.00499	0.00599	0.00278	0.00673
67	0.01062	0.15890	0.01414	0.00852	0.01253	0.00915	0.08249	0.01305	0.03043	0.03572	0.02033	0.03256	0.00833	0.00417	0.00377	0.00093	0.00419	0.00350	0.00282	0.54386

[dist]
# distance from previous block
# <min> <max>
2	12

[block]
# block no. 4 follows, 54 sequences, length 16
# corresponding to MSA columns:
# 386-401
name=unknown_E
#
# <colnr> <probs for GDERKNQSTAVLIFYWHMCP>
#	G	D	E	R	K	N	Q	S	T	A	V	L	I	F	Y	W	H	M	C	P
0	0.01269	0.42731	0.25756	0.01051	0.01509	0.17907	0.01108	0.01532	0.01046	0.01233	0.00728	0.00847	0.00603	0.00434	0.00371	0.00120	0.00633	0.00291	0.00209	0.00621
1	0.00658	0.00500	0.00720	0.00748	0.00807	0.00562	0.00559	0.00791	0.00809	0.01137	0.01713	0.31386	0.01853	0.02635	0.47616	0.00521	0.05454	0.00804	0.00317	0.00412
2	0.00825	0.01722	0.51690	0.01034	0.01510	0.00851	0.01227	0.01197	0.00962	0.01356	0.01751	0.02053	0.17054	0.13854	0.00782	0.00201	0.00565	0.00534	0.00262	0.00570
3	0.03340	0.01155	0.01469	0.01127	0.01487	0.06803	0.14314	0.28702	0.04255	0.25461	0.01329	0.01327	0.00921	0.00535	0.00472	0.00143	0.00530	0.00455	0.05448	0.00726
4	0.55551	0.14034	0.00961	0.00649	0.00899	0.01054	0.00537	0.01233	0.00789	0.01690	0.00690	0.00901	0.00589	0.00677	0.00610	0.17732	0.00396	0.00286	0.00260	0.00463
5	0.01195	0.01060	0.01633	0.31042	0.36606	0.01164	0.01285	0.17183	0.01260	0.01712	0.00919	0.01192	0.00716	0.00468	0.00469	0.00146	0.00576	0.00421	0.00273	0.00678
6	0.30856	0.00840	0.00958	0.00765	0.01105	0.00817	0.00631	0.01988	0.01164	0.54093	0.01451	0.01320	0.00944	0.00534	0.00412	0.00146	0.00389	0.00400	0.00485	0.00703
7	0.00880	0.00544	0.00610	0.00556	0.00755	0.00460	0.00430	0.01016	0.01141	0.17545	0.07223	0.03898	0.61078	0.01060	0.00540	0.00156	0.00271	0.00883	0.00471	0.00483
8	0.00928	0.01033	0.13712	0.00836	0.01236	0.00686	0.00789	0.01193	0.01003	0.01504	0.01178	0.01867	0.01094	0.00560	0.00427	0.00113	0.00422	0.16025	0.00298	0.55097
9	0.01626	0.01943	0.01349	0.01205	0.01403	0.62066	0.00927	0.01746	0.01211	0.04216	0.00750	0.00916	0.00631	0.00559	0.00656	0.00140	0.17523	0.00332	0.00249	0.00550
10	0.01220	0.01360	0.01526	0.01209	0.01513	0.27019	0.20694	0.01445	0.01171	0.01440	0.13502	0.01421	0.01268	0.00531	0.00527	0.00130	0.05207	0.00457	0.00291	0.18069
11	0.04298	0.00914	0.01522	0.01237	0.01517	0.02099	0.28663	0.01452	0.13652	0.04039	0.07895	0.06970	0.03505	0.00785	0.00555	0.00173	0.00527	0.19255	0.00375	0.00570
12	0.00789	0.00608	0.00679	0.00624	0.00793	0.00581	0.00477	0.13237	0.01323	0.01728	0.27045	0.09750	0.38506	0.01045	0.00547	0.00156	0.00281	0.00887	0.00468	0.00476
13	0.00807	0.00651	0.00746	0.00763	0.00902	0.00687	0.00569	0.01362	0.29599	0.01512	0.02632	0.35848	0.12749	0.01119	0.00556	0.00178	0.00320	0.08026	0.00453	0.00522
14	0.38206	0.00959	0.01083	0.01102	0.13768	0.01012	0.00757	0.09272	0.04311	0.23601	0.01120	0.01135	0.00794	0.00495	0.00395	0.00145	0.00421	0.00369	0.00387	0.00666
15	0.01197	0.01059	0.01583	0.02139	0.51593	0.01075	0.01161	0.17147	0.01307	0.01790	0.01558	0.01698	0.13464	0.00574	0.00482	0.00143	0.00500	0.00513	0.00315	0.00702

[dist]
# distance from previous block
# <min> <max>
0	3

[block]
# block no. 5 follows, 54 sequences, length 6
# corresponding to MSA columns:
# 405-410
name=unknown_F
#
# <colnr> <probs for GDERKNQSTAVLIFYWHMCP>
#	G	D	E	R	K	N	Q	S	T	A	V	L	I	F	Y	W	H	M	C	P
0	0.00593	0.00478	0.00533	0.00559	0.00692	0.00418	0.00427	0.00726	0.01068	0.01316	0.08236	0.14526	0.56050	0.01232	0.00575	0.00170	0.00269	0.11286	0.00442	0.00403
1	0.01008	0.02040	0.55784	0.01701	0.15140	0.01114	0.13577	0.01488	0.01027	0.01504	0.00870	0.01067	0.00640	0.00436	0.00468	0.00149	0.00689	0.00392	0.00211	0.00696
2	0.00969	0.00901	0.01424	0.59579	0.12828	0.01076	0.01240	0.01436	0.13100	0.01366	0.01011	0.01323	0.00769	0.00491	0.00472	0.00155	0.00580	0.00437	0.00254	0.00587
3	0.01170	0.00719	0.00965	0.01040	0.14123	0.00670	0.00680	0.01446	0.07232	0.24153	0.16945	0.02742	0.24540	0.00807	0.00512	0.00150	0.00346	0.00689	0.00464	0.00607
4	0.00673	0.00551	0.00759	0.00975	0.13931	0.00513	0.00584	0.00807	0.01004	0.01318	0.07289	0.43046	0.24389	0.01194	0.00564	0.00171	0.00309	0.01063	0.00408	0.00451
5	0.51577	0.05478	0.04310	0.01128	0.14278	0.13527	0.00793	0.01478	0.00946	0.01795	0.00714	0.00854	0.00573	0.00441	0.00348	0.00139	0.00493	0.00294	0.00266	0.00568

[dist]
# distance from previous block
# <min> <max>
0	15

[block]
# block no. 6 follows, 54 sequences, length 12
# corresponding to MSA columns:
# 426-437
name=unknown_G
#
# <colnr> <probs for GDERKNQSTAVLIFYWHMCP>
#	G	D	E	R	K	N	Q	S	T	A	V	L	I	F	Y	W	H	M	C	P
0	0.00698	0.00849	0.15811	0.00784	0.00997	0.00566	0.00738	0.00931	0.01075	0.01448	0.17584	0.20726	0.17730	0.01092	0.00566	0.00174	0.00371	0.16983	0.00407	0.00468
1	0.01119	0.01116	0.01493	0.08511	0.41220	0.12310	0.01122	0.01352	0.01032	0.01374	0.00928	0.01243	0.00795	0.01017	0.15792	0.00250	0.00722	0.00408	0.00240	0.07957
2	0.00634	0.00491	0.00711	0.16100	0.01169	0.00509	0.00603	0.00760	0.00910	0.01204	0.02266	0.67635	0.02647	0.01287	0.00577	0.00185	0.00341	0.01166	0.00395	0.00410
3	0.01204	0.12551	0.01579	0.46609	0.09160	0.01106	0.03060	0.01469	0.01037	0.16287	0.01013	0.01245	0.00739	0.00477	0.00450	0.00146	0.00566	0.00409	0.00282	0.00610
4	0.51374	0.01112	0.00853	0.00751	0.01033	0.16174	0.00599	0.01548	0.01004	0.12958	0.01192	0.01223	0.07445	0.00532	0.00365	0.00142	0.00451	0.00359	0.00336	0.00549
5	0.01242	0.01496	0.16720	0.06804	0.46010	0.12428	0.01381	0.01547	0.01103	0.05530	0.00904	0.01118	0.00714	0.00446	0.00458	0.00140	0.00623	0.00393	0.00245	0.00699
6	0.01052	0.31152	0.23461	0.01029	0.01377	0.04225	0.01057	0.01292	0.00929	0.01234	0.00977	0.12491	0.00960	0.00650	0.00624	0.00148	0.16061	0.00464	0.00237	0.00580
7	0.01088	0.00943	0.01336	0.16662	0.12937	0.01011	0.07580	0.16035	0.12349	0.01757	0.03491	0.03299	0.14299	0.00686	0.00506	0.00156	0.00488	0.04394	0.00362	0.00620
8	0.58706	0.01047	0.00931	0.00774	0.01094	0.01191	0.00638	0.26984	0.01269	0.02398	0.00814	0.00887	0.00607	0.00480	0.00351	0.00144	0.00416	0.00311	0.00351	0.00607
9	0.03295	0.01066	0.01707	0.01604	0.16823	0.03825	0.25132	0.14201	0.03081	0.03567	0.01366	0.19489	0.01291	0.00685	0.00520	0.00158	0.00560	0.00664	0.00336	0.00629
10	0.01348	0.01273	0.02606	0.00959	0.01322	0.18054	0.03458	0.13534	0.09952	0.05382	0.01031	0.01100	0.00797	0.00458	0.00413	0.00110	0.00509	0.00355	0.00335	0.37004
11	0.01137	0.07895	0.00952	0.00785	0.00963	0.12037	0.00608	0.01270	0.01101	0.17383	0.05668	0.28933	0.07395	0.03717	0.00584	0.00172	0.00417	0.08049	0.00418	0.00516

[dist]
# distance from previous block
# <min> <max>
0	719

# created by:
# /home/cegg/simao/soft/augustus-3.2.1/scripts/msa2prfl.pl ./align_prep/EOG091G0RRN.fa
