[name]
unknown

[dist]
# distance from previous block
# <min> <max>
0	149

[block]
# block no. 0 follows, 51 sequences, length 9
# corresponding to MSA columns:
# 165-173
name=unknown_A
#
# <colnr> <probs for GDERKNQSTAVLIFYWHMCP>
#	G	D	E	R	K	N	Q	S	T	A	V	L	I	F	Y	W	H	M	C	P
0	0.03194	0.13410	0.04704	0.03957	0.06820	0.00993	0.03229	0.03824	0.09241	0.01553	0.04006	0.04469	0.07407	0.02534	0.03351	0.02561	0.00478	0.02947	0.00326	0.20995
1	0.03834	0.21638	0.12736	0.01052	0.01426	0.02507	0.05133	0.07659	0.11576	0.01611	0.01191	0.01399	0.03628	0.00649	0.02452	0.00159	0.08431	0.02877	0.00304	0.09738
2	0.04198	0.06859	0.05633	0.00990	0.01257	0.04236	0.06960	0.11051	0.04237	0.01713	0.10590	0.06082	0.07609	0.03549	0.00671	0.00172	0.07065	0.09773	0.00373	0.06981
3	0.02364	0.03605	0.04586	0.04186	0.03969	0.04259	0.03308	0.13579	0.09948	0.01738	0.01690	0.12684	0.07562	0.00786	0.00609	0.00158	0.08154	0.04715	0.00370	0.11729
4	0.04353	0.13126	0.34922	0.06052	0.04245	0.03923	0.01289	0.05207	0.01046	0.01496	0.00879	0.01134	0.00713	0.02876	0.05662	0.00199	0.08695	0.00378	0.00238	0.03567
5	0.01003	0.00852	0.00889	0.00776	0.00993	0.07081	0.00591	0.10771	0.01183	0.01559	0.04160	0.14120	0.17794	0.03754	0.00730	0.07086	0.03548	0.02156	0.00373	0.20578
6	0.10143	0.03590	0.01142	0.00900	0.03448	0.03945	0.03714	0.08051	0.03525	0.04231	0.01013	0.02572	0.00857	0.03536	0.03143	0.06563	0.00472	0.00384	0.00316	0.38457
7	0.00677	0.00683	0.07055	0.00667	0.00860	0.00513	0.00556	0.00855	0.01073	0.01415	0.12610	0.19280	0.35540	0.01356	0.07634	0.00218	0.00396	0.00932	0.00416	0.07264
8	0.01101	0.00985	0.01040	0.00792	0.01178	0.07089	0.00623	0.05868	0.01120	0.01631	0.01031	0.07612	0.00931	0.00484	0.00399	0.00092	0.00410	0.00392	0.00314	0.66909

[dist]
# distance from previous block
# <min> <max>
4	6

[block]
# block no. 1 follows, 51 sequences, length 54
# corresponding to MSA columns:
# 180-233
name=unknown_B
#
# <colnr> <probs for GDERKNQSTAVLIFYWHMCP>
#	G	D	E	R	K	N	Q	S	T	A	V	L	I	F	Y	W	H	M	C	P
0	0.01187	0.05531	0.09654	0.01165	0.08635	0.00945	0.06235	0.06783	0.09277	0.10825	0.06454	0.08230	0.04180	0.02805	0.03770	0.00178	0.00507	0.00567	0.00377	0.12696
1	0.22825	0.27501	0.03288	0.00972	0.01289	0.27892	0.00830	0.01647	0.03218	0.01470	0.00748	0.00872	0.00631	0.00488	0.00427	0.00132	0.04626	0.00300	0.00256	0.00587
2	0.00986	0.02542	0.80183	0.01401	0.02127	0.01141	0.01816	0.01556	0.01038	0.01556	0.00882	0.01038	0.00623	0.00467	0.00467	0.00156	0.00726	0.00363	0.00208	0.00726
3	0.01393	0.04529	0.04272	0.00944	0.01341	0.06602	0.00789	0.20569	0.12814	0.06379	0.01159	0.01197	0.00881	0.00494	0.00430	0.00118	0.00471	0.00382	0.00380	0.34857
4	0.00846	0.03937	0.02581	0.00754	0.02556	0.00607	0.00566	0.01082	0.06427	0.07068	0.13102	0.28303	0.17744	0.04534	0.00647	0.00184	0.00333	0.04996	0.00449	0.03285
5	0.01244	0.21204	0.30899	0.01343	0.07434	0.02863	0.05921	0.09367	0.09395	0.03058	0.01006	0.01116	0.00769	0.00493	0.00463	0.00144	0.01895	0.00389	0.00281	0.00716
6	0.00934	0.02347	0.01091	0.01130	0.11266	0.03685	0.05200	0.02710	0.16064	0.01647	0.15838	0.17029	0.14093	0.00942	0.00554	0.00167	0.00398	0.03906	0.00428	0.00571
7	0.01127	0.01072	0.01826	0.13033	0.58564	0.01098	0.04262	0.01432	0.02478	0.01540	0.01092	0.06827	0.00980	0.00540	0.00504	0.00155	0.00576	0.01920	0.00263	0.00712
8	0.01004	0.00956	0.01635	0.60425	0.22073	0.01114	0.03194	0.01325	0.01020	0.01349	0.00889	0.01288	0.00687	0.00476	0.00492	0.00159	0.00642	0.00440	0.00225	0.00606
9	0.01950	0.00943	0.01378	0.05483	0.08857	0.00880	0.05796	0.08085	0.01411	0.57398	0.01667	0.01550	0.01085	0.00572	0.00499	0.00153	0.00482	0.00487	0.00521	0.00804
10	0.00928	0.00873	0.01474	0.81548	0.03385	0.01092	0.01365	0.01256	0.00983	0.01256	0.00873	0.01310	0.00655	0.00491	0.00491	0.00164	0.00655	0.00437	0.00218	0.00546
11	0.00599	0.00428	0.00570	0.00684	0.00713	0.00399	0.00456	0.00684	0.00941	0.01254	0.02709	0.82409	0.03250	0.01540	0.00627	0.00200	0.00285	0.01397	0.00456	0.00399
12	0.00657	0.00494	0.00644	0.00712	0.00766	0.00491	0.00500	0.00811	0.03744	0.01371	0.11714	0.61858	0.06350	0.01399	0.00662	0.00193	0.04073	0.02676	0.00456	0.00428
13	0.00709	0.00521	0.00778	0.00778	0.00859	0.00603	0.00599	0.00863	0.00781	0.01124	0.01300	0.01937	0.01223	0.05238	0.75490	0.04728	0.01258	0.00526	0.00262	0.00425
14	0.01140	0.01601	0.20978	0.01890	0.02439	0.01209	0.58505	0.01586	0.01136	0.03142	0.00987	0.01265	0.00726	0.00430	0.00552	0.00163	0.00796	0.00527	0.00246	0.00681
15	0.01868	0.01376	0.01475	0.01131	0.01524	0.01524	0.00934	0.78025	0.02311	0.03097	0.01180	0.01180	0.00836	0.00590	0.00492	0.00147	0.00541	0.00442	0.00492	0.00836
16	0.00928	0.00873	0.01474	0.81548	0.03385	0.01092	0.01365	0.01256	0.00983	0.01256	0.00873	0.01310	0.00655	0.00491	0.00491	0.00164	0.00655	0.00437	0.00218	0.00546
17	0.01216	0.01168	0.01995	0.03016	0.79664	0.01168	0.01508	0.01508	0.01119	0.01605	0.00924	0.01216	0.00778	0.00438	0.00487	0.00146	0.00584	0.00438	0.00243	0.00778
18	0.00928	0.00873	0.01474	0.81548	0.03385	0.01092	0.01365	0.01256	0.00983	0.01256	0.00873	0.01310	0.00655	0.00491	0.00491	0.00164	0.00655	0.00437	0.00218	0.00546
19	0.86201	0.00950	0.00722	0.00646	0.00950	0.01102	0.00532	0.01445	0.00836	0.02205	0.00684	0.00798	0.00532	0.00456	0.00304	0.00152	0.00380	0.00266	0.00304	0.00532
20	0.00766	0.00557	0.00756	0.00856	0.00975	0.00547	0.00741	0.00980	0.01130	0.01453	0.02890	0.05445	0.12121	0.01344	0.00667	0.00219	0.00428	0.67223	0.00453	0.00448
21	0.00759	0.00565	0.00726	0.00826	0.03830	0.00561	0.00552	0.07504	0.04368	0.01462	0.02478	0.68839	0.02872	0.01378	0.00605	0.00192	0.00323	0.01242	0.00453	0.00468
22	0.00986	0.02542	0.80183	0.01401	0.02127	0.01141	0.01816	0.01556	0.01038	0.01556	0.00882	0.01038	0.00623	0.00467	0.00467	0.00156	0.00726	0.00363	0.00208	0.00726
23	0.01836	0.02342	0.01393	0.01266	0.01519	0.80756	0.00950	0.01962	0.01393	0.01203	0.00760	0.00886	0.00633	0.00506	0.00443	0.00127	0.00886	0.00317	0.00253	0.00570
24	0.39347	0.19376	0.01056	0.00629	0.00898	0.01084	0.00541	0.01354	0.00936	0.01847	0.00982	0.01131	0.00790	0.00486	0.00319	0.00129	0.00364	0.00328	0.27872	0.00530
25	0.00593	0.00452	0.00545	0.00621	0.00696	0.00405	0.00428	0.00691	0.01002	0.01279	0.03485	0.55850	0.29308	0.01439	0.00611	0.00188	0.00273	0.01274	0.00456	0.00405
26	0.00600	0.00442	0.00562	0.00651	0.00706	0.00405	0.00443	0.00698	0.00990	0.01298	0.06437	0.66374	0.15659	0.01468	0.00618	0.00192	0.00277	0.01316	0.00460	0.00405
27	0.00606	0.00431	0.00568	0.00675	0.00701	0.00404	0.00446	0.00686	0.00926	0.01235	0.02633	0.77278	0.03155	0.06800	0.00749	0.00218	0.00298	0.01353	0.00446	0.00393
28	0.01877	0.01363	0.01466	0.01124	0.01517	0.01504	0.00929	0.76121	0.02288	0.05033	0.01199	0.01192	0.00845	0.00590	0.00492	0.00148	0.00538	0.00444	0.00495	0.00836
29	0.01107	0.00957	0.01003	0.00936	0.01151	0.04073	0.00712	0.04907	0.51510	0.01842	0.02119	0.21060	0.03229	0.00880	0.00550	0.00173	0.01898	0.00749	0.00474	0.00671
30	0.00715	0.00476	0.00536	0.00536	0.00536	0.00476	0.00298	0.00715	0.00715	0.00953	0.01548	0.03216	0.01787	0.82729	0.02501	0.00476	0.00476	0.00715	0.00298	0.00298
31	0.02046	0.00802	0.01087	0.00845	0.01199	0.00694	0.00694	0.02238	0.01399	0.71939	0.08198	0.01903	0.03311	0.00655	0.00503	0.00153	0.00399	0.00538	0.00599	0.00797
32	0.03067	0.04250	0.03417	0.01776	0.30503	0.01109	0.03904	0.10451	0.01319	0.28300	0.01268	0.01334	0.00911	0.00538	0.00552	0.00152	0.05531	0.00451	0.00392	0.00774
33	0.01121	0.01377	0.19019	0.16978	0.36804	0.01119	0.04011	0.01462	0.01057	0.04349	0.00959	0.01290	0.00772	0.03789	0.00611	0.00168	0.03737	0.00439	0.00245	0.00693
34	0.00870	0.00780	0.00944	0.00895	0.00972	0.07839	0.00693	0.01011	0.00828	0.01134	0.01171	0.01821	0.01131	0.11300	0.51158	0.00595	0.15636	0.00511	0.00257	0.00453
35	0.00599	0.00428	0.00570	0.00684	0.00713	0.00399	0.00456	0.00684	0.00941	0.01254	0.02709	0.82409	0.03250	0.01540	0.00627	0.00200	0.00285	0.01397	0.00456	0.00399
36	0.05923	0.12843	0.07452	0.01403	0.11138	0.29077	0.04037	0.05415	0.01200	0.04274	0.00872	0.02637	0.00734	0.00548	0.00579	0.00145	0.10437	0.00383	0.00269	0.00632
37	0.05778	0.07755	0.04656	0.06896	0.18824	0.08446	0.05479	0.10940	0.19315	0.01803	0.01146	0.01270	0.00894	0.00537	0.00517	0.00152	0.04118	0.00437	0.00330	0.00707
38	0.00751	0.00524	0.00684	0.00755	0.00822	0.00522	0.00589	0.00885	0.00966	0.01267	0.02222	0.09642	0.02473	0.31224	0.01344	0.00316	0.00451	0.43774	0.00396	0.00392
39	0.01515	0.20026	0.03547	0.01054	0.01402	0.15125	0.00889	0.22319	0.25501	0.01970	0.01241	0.01239	0.00955	0.00558	0.00445	0.00140	0.00554	0.00413	0.00382	0.00723
40	0.03339	0.11974	0.38555	0.04405	0.03128	0.04194	0.01285	0.03370	0.03957	0.10728	0.02523	0.01164	0.00818	0.00491	0.00442	0.00141	0.00599	0.00379	0.00291	0.08217
41	0.01290	0.08981	0.18769	0.08214	0.13784	0.08820	0.12130	0.04091	0.07156	0.07246	0.01037	0.01205	0.00787	0.00502	0.00523	0.00152	0.03907	0.00427	0.00285	0.00695
42	0.01123	0.01253	0.04106	0.01850	0.02286	0.01175	0.62783	0.04265	0.01170	0.01588	0.01221	0.06664	0.02886	0.00545	0.00615	0.00170	0.03548	0.01837	0.00277	0.00640
43	0.00669	0.00501	0.00630	0.00709	0.00775	0.00490	0.00492	0.00898	0.08889	0.01373	0.05871	0.65877	0.06661	0.01412	0.00611	0.00193	0.00295	0.02749	0.00464	0.00442
44	0.01344	0.16323	0.14499	0.09469	0.13171	0.09851	0.03805	0.10666	0.05305	0.04982	0.00968	0.01127	0.00753	0.00512	0.00516	0.00146	0.05190	0.00395	0.00287	0.00689
45	0.00902	0.00955	0.09184	0.02605	0.01490	0.00778	0.23598	0.03237	0.01079	0.04309	0.02022	0.40088	0.05602	0.01007	0.00584	0.00180	0.00507	0.00960	0.00372	0.00541
46	0.00703	0.00525	0.00780	0.00780	0.00864	0.00609	0.00602	0.00871	0.00787	0.01133	0.01326	0.01982	0.01251	0.06868	0.77631	0.00777	0.01282	0.00534	0.00265	0.00433
47	0.01314	0.83025	0.02575	0.00841	0.01261	0.01945	0.00841	0.01472	0.00999	0.01156	0.00683	0.00788	0.00631	0.00420	0.00315	0.00105	0.00526	0.00263	0.00210	0.00631
48	0.01124	0.01185	0.03809	0.45126	0.13623	0.11075	0.08883	0.03197	0.01100	0.01391	0.00910	0.01259	0.00706	0.00546	0.02101	0.00168	0.00695	0.00436	0.02066	0.00601
49	0.00597	0.00434	0.00564	0.00668	0.00709	0.00401	0.00449	0.00686	0.00956	0.01261	0.02905	0.75673	0.09859	0.01514	0.00623	0.00197	0.00282	0.01366	0.00456	0.00401
50	0.00583	0.00489	0.00507	0.00520	0.00670	0.00413	0.00383	0.00703	0.01098	0.01319	0.04703	0.14149	0.70222	0.01280	0.00586	0.00170	0.00253	0.01081	0.00456	0.00413
51	0.01836	0.02342	0.01393	0.01266	0.01519	0.80756	0.00950	0.01962	0.01393	0.01203	0.00760	0.00886	0.00633	0.00506	0.00443	0.00127	0.00886	0.00317	0.00253	0.00570
52	0.10861	0.01391	0.26805	0.03687	0.17476	0.00949	0.05060	0.01302	0.01025	0.01565	0.01462	0.16685	0.04263	0.00735	0.00504	0.00166	0.00545	0.04603	0.00297	0.00619
53	0.01093	0.00876	0.01025	0.00751	0.01158	0.00700	0.00601	0.06308	0.01147	0.04592	0.07113	0.01262	0.01060	0.00438	0.00394	0.00087	0.00367	0.00356	0.00336	0.70335

[dist]
# distance from previous block
# <min> <max>
0	1

[block]
# block no. 2 follows, 51 sequences, length 21
# corresponding to MSA columns:
# 235-255
name=unknown_C
#
# <colnr> <probs for GDERKNQSTAVLIFYWHMCP>
#	G	D	E	R	K	N	Q	S	T	A	V	L	I	F	Y	W	H	M	C	P
0	0.04523	0.04369	0.01411	0.01083	0.01444	0.05454	0.00885	0.53123	0.18068	0.02683	0.01294	0.01274	0.00946	0.00591	0.00478	0.00149	0.00521	0.00447	0.00465	0.00793
1	0.01836	0.02342	0.01393	0.01266	0.01519	0.80756	0.00950	0.01962	0.01393	0.01203	0.00760	0.00886	0.00633	0.00506	0.00443	0.00127	0.00886	0.00317	0.00253	0.00570
2	0.01270	0.72218	0.12996	0.00916	0.01378	0.01837	0.00972	0.01483	0.01004	0.01210	0.00710	0.00822	0.00630	0.00427	0.00336	0.00112	0.00552	0.00276	0.00210	0.00643
3	0.00854	0.00427	0.00640	0.00640	0.00640	0.00427	0.00427	0.00640	0.00640	0.00854	0.00854	0.01494	0.00854	0.01707	0.01921	0.85702	0.00427	0.00427	0.00213	0.00213
4	0.01272	0.72799	0.12436	0.00912	0.01371	0.01842	0.00965	0.01482	0.01003	0.01207	0.00708	0.00820	0.00630	0.00426	0.00335	0.00112	0.00551	0.00276	0.00210	0.00643
5	0.00590	0.00483	0.00521	0.00544	0.00678	0.00414	0.00396	0.00712	0.01095	0.01344	0.08237	0.21456	0.59232	0.01296	0.00591	0.00173	0.00256	0.01107	0.00461	0.00414
6	0.00705	0.00515	0.00732	0.00732	0.00800	0.00583	0.00543	0.00841	0.00773	0.01098	0.01369	0.02221	0.01355	0.21527	0.63113	0.00719	0.01127	0.00569	0.00271	0.00407
7	0.00751	0.00606	0.00960	0.00897	0.01005	0.00702	0.05437	0.00938	0.00811	0.01170	0.01259	0.01846	0.01166	0.03327	0.71442	0.00719	0.05721	0.00525	0.00260	0.00458
8	0.00847	0.00431	0.00647	0.00647	0.00651	0.00435	0.00435	0.00651	0.00647	0.00867	0.00875	0.01514	0.00871	0.01797	0.05499	0.81849	0.00467	0.00431	0.00216	0.00224
9	0.01578	0.00713	0.00921	0.00766	0.01046	0.00633	0.00622	0.03485	0.01338	0.46133	0.11823	0.02683	0.14801	0.00810	0.00523	0.00158	0.00362	0.05733	0.05200	0.00674
10	0.01099	0.00905	0.00984	0.00894	0.01132	0.01010	0.00691	0.02152	0.56922	0.03705	0.16558	0.04536	0.05734	0.00779	0.00522	0.00165	0.00351	0.00662	0.00507	0.00693
11	0.43223	0.06763	0.21639	0.01106	0.06269	0.07823	0.03845	0.01527	0.00975	0.01825	0.00768	0.00912	0.00594	0.00458	0.00380	0.00148	0.00551	0.00318	0.00263	0.00612
12	0.02541	0.00934	0.01148	0.05537	0.11055	0.06210	0.00817	0.01759	0.13534	0.22779	0.20985	0.02112	0.04015	0.00706	0.00553	0.00156	0.03443	0.00589	0.00461	0.00667
13	0.01125	0.01170	0.06706	0.05274	0.54738	0.01087	0.06780	0.01469	0.03865	0.01606	0.05362	0.05091	0.01144	0.00544	0.00507	0.00154	0.00571	0.01811	0.00279	0.00719
14	0.01068	0.01269	0.15940	0.00909	0.01373	0.04816	0.02173	0.04860	0.01110	0.01625	0.01140	0.01259	0.05597	0.00456	0.00410	0.00102	0.00467	0.00364	0.00292	0.54767
15	0.01214	0.00890	0.01006	0.00880	0.01144	0.00951	0.00687	0.02115	0.46513	0.11873	0.19570	0.02181	0.02131	0.00718	0.00509	0.00156	0.00355	0.00607	0.00510	0.05988
16	0.01019	0.00873	0.01019	0.00728	0.01165	0.00655	0.00582	0.01237	0.01019	0.01601	0.00873	0.01019	0.00728	0.00364	0.00364	0.00073	0.00364	0.00291	0.00291	0.85734
17	0.01163	0.05175	0.28750	0.01181	0.05614	0.06500	0.02470	0.01542	0.04691	0.08489	0.03917	0.07215	0.01084	0.00576	0.00493	0.00140	0.02803	0.00466	0.00309	0.17422
18	0.00968	0.02127	0.62809	0.01260	0.01877	0.01016	0.03103	0.01461	0.01087	0.03501	0.08602	0.01526	0.05673	0.00564	0.00485	0.00155	0.00638	0.00459	0.00266	0.02422
19	0.00710	0.00510	0.00676	0.00674	0.00720	0.00554	0.00469	0.00806	0.00796	0.01109	0.05736	0.06227	0.01740	0.38261	0.36542	0.00578	0.02545	0.00667	0.00301	0.00378
20	0.01306	0.29653	0.10908	0.05728	0.04648	0.13857	0.17990	0.03433	0.01147	0.02869	0.00984	0.01152	0.03306	0.00477	0.00443	0.00136	0.00669	0.00403	0.00249	0.00641

[dist]
# distance from previous block
# <min> <max>
0	1

[block]
# block no. 3 follows, 51 sequences, length 19
# corresponding to MSA columns:
# 257-275
name=unknown_D
#
# <colnr> <probs for GDERKNQSTAVLIFYWHMCP>
#	G	D	E	R	K	N	Q	S	T	A	V	L	I	F	Y	W	H	M	C	P
0	0.07822	0.01623	0.01239	0.01093	0.01347	0.36481	0.00848	0.12299	0.17630	0.01755	0.01121	0.01196	0.00878	0.00577	0.00525	0.00145	0.06245	0.00398	0.06142	0.00637
1	0.03092	0.12185	0.48185	0.01288	0.04122	0.01166	0.06143	0.01489	0.01035	0.01532	0.00859	0.01020	0.00651	0.00439	0.00434	0.00136	0.00634	0.00352	0.00228	0.15010
2	0.00708	0.00564	0.00642	0.00611	0.00767	0.00531	0.00462	0.01027	0.10220	0.01706	0.38734	0.03910	0.36169	0.01068	0.00571	0.00161	0.00257	0.00913	0.00500	0.00479
3	0.00755	0.00537	0.00738	0.00843	0.00935	0.00532	0.00703	0.00942	0.01071	0.01400	0.02548	0.18110	0.02827	0.06931	0.00794	0.00239	0.00426	0.58794	0.00443	0.00433
4	0.01488	0.34108	0.07189	0.04436	0.03865	0.10605	0.07313	0.10529	0.03762	0.10863	0.00995	0.01078	0.00766	0.00486	0.00422	0.00132	0.00597	0.00372	0.00309	0.00686
5	0.00704	0.00544	0.00824	0.03741	0.01022	0.00529	0.05858	0.00860	0.01011	0.01338	0.02496	0.52142	0.02867	0.01374	0.00634	0.00204	0.00383	0.22601	0.00432	0.00438
6	0.00603	0.00432	0.00566	0.00672	0.00704	0.00403	0.00447	0.00686	0.00939	0.01245	0.02748	0.76423	0.06026	0.04705	0.00699	0.00209	0.00291	0.01357	0.00450	0.00396
7	0.01237	0.01150	0.02094	0.11532	0.47223	0.01147	0.19732	0.01556	0.01133	0.06899	0.01004	0.01284	0.00786	0.00450	0.00510	0.00153	0.00639	0.00476	0.00267	0.00728
8	0.01145	0.16267	0.44427	0.03378	0.11612	0.02537	0.03655	0.03947	0.04504	0.02771	0.00928	0.01078	0.00702	0.00470	0.00449	0.00146	0.00652	0.00375	0.00242	0.00715
9	0.00942	0.00859	0.01165	0.01028	0.01033	0.01136	0.00808	0.01020	0.00743	0.01109	0.00963	0.01786	0.01031	0.26338	0.06420	0.00329	0.52064	0.00524	0.00243	0.00458
10	0.01371	0.00790	0.00942	0.00805	0.01066	0.00785	0.00636	0.04233	0.22721	0.27702	0.19066	0.02467	0.10349	0.00776	0.00517	0.00156	0.00348	0.00652	0.03938	0.00679
11	0.01356	0.01115	0.01893	0.08591	0.52916	0.01111	0.08244	0.03667	0.01187	0.13474	0.01087	0.01301	0.00834	0.00470	0.00497	0.00150	0.00585	0.00459	0.00304	0.00760
12	0.01765	0.02193	0.01360	0.01235	0.01491	0.71564	0.00930	0.02037	0.10337	0.01301	0.00903	0.00996	0.00733	0.00525	0.00450	0.00131	0.00829	0.00344	0.00282	0.00594
13	0.01082	0.01184	0.12421	0.07693	0.24502	0.03956	0.03487	0.02920	0.04712	0.04742	0.06649	0.15411	0.01476	0.00709	0.00552	0.00159	0.03385	0.00625	0.00327	0.04009
14	0.01461	0.28513	0.04677	0.01351	0.10992	0.30145	0.04186	0.04620	0.01212	0.01352	0.02163	0.02606	0.00783	0.00510	0.00463	0.00130	0.03588	0.00366	0.00253	0.00629
15	0.01155	0.00938	0.01561	0.31816	0.24650	0.01014	0.05137	0.01440	0.01095	0.10503	0.01260	0.01928	0.01072	0.00620	0.00552	0.00168	0.02789	0.11358	0.00306	0.00639
16	0.01108	0.08875	0.57667	0.01344	0.01954	0.10387	0.05515	0.01572	0.01096	0.01500	0.03965	0.01119	0.00790	0.00486	0.00462	0.00149	0.00714	0.00382	0.00228	0.00687
17	0.01330	0.01194	0.04706	0.01499	0.06656	0.01140	0.28886	0.19542	0.06904	0.07034	0.04208	0.06064	0.01180	0.00593	0.00530	0.00157	0.00597	0.01973	0.01775	0.04031
18	0.00962	0.00895	0.01432	0.72238	0.03141	0.01107	0.01297	0.01412	0.09974	0.01348	0.01004	0.01371	0.00753	0.00512	0.00492	0.00164	0.00624	0.00450	0.00251	0.00573

[dist]
# distance from previous block
# <min> <max>
0	2

[block]
# block no. 4 follows, 51 sequences, length 6
# corresponding to MSA columns:
# 278-283
name=unknown_E
#
# <colnr> <probs for GDERKNQSTAVLIFYWHMCP>
#	G	D	E	R	K	N	Q	S	T	A	V	L	I	F	Y	W	H	M	C	P
0	0.00680	0.00527	0.00676	0.00670	0.00762	0.00503	0.03663	0.00822	0.03527	0.01260	0.06290	0.27050	0.22167	0.22663	0.06236	0.00296	0.00416	0.00986	0.00399	0.00406
1	0.04902	0.11714	0.01410	0.32902	0.03924	0.01087	0.03255	0.01384	0.07894	0.03918	0.04845	0.01833	0.05123	0.00657	0.00549	0.02384	0.02992	0.05148	0.03512	0.00567
2	0.01355	0.01165	0.02368	0.01729	0.02173	0.01081	0.55688	0.01708	0.01210	0.18287	0.01315	0.01714	0.01001	0.00526	0.00569	0.00167	0.00713	0.06206	0.00340	0.00684
3	0.01019	0.00873	0.01019	0.00728	0.01165	0.00655	0.00582	0.01237	0.01019	0.01601	0.00873	0.01019	0.00728	0.00364	0.00364	0.00073	0.00364	0.00291	0.00291	0.85734
4	0.01461	0.43219	0.05393	0.00955	0.01360	0.13456	0.00876	0.11483	0.01252	0.05523	0.00854	0.00936	0.00698	0.00460	0.00379	0.00115	0.00566	0.00314	0.00283	0.10415
5	0.00599	0.00428	0.00570	0.00684	0.00713	0.00399	0.00456	0.00684	0.00941	0.01254	0.02709	0.82409	0.03250	0.01540	0.00627	0.00200	0.00285	0.01397	0.00456	0.00399

[dist]
# distance from previous block
# <min> <max>
0	10

# created by:
# /home/cegg/simao/soft/augustus-3.2.1/scripts/msa2prfl.pl ./align_prep/EOG091G0VSZ.fa
