[name]
unknown

[dist]
# distance from previous block
# <min> <max>
11	206

[block]
# block no. 0 follows, 46 sequences, length 27
# corresponding to MSA columns:
# 618-644
name=unknown_A
#
# <colnr> <probs for GDERKNQSTAVLIFYWHMCP>
#	G	D	E	R	K	N	Q	S	T	A	V	L	I	F	Y	W	H	M	C	P
0	0.05348	0.13750	0.08925	0.01199	0.05974	0.08432	0.01003	0.18796	0.10416	0.02081	0.08769	0.01987	0.03124	0.00711	0.00513	0.00162	0.00560	0.07126	0.00406	0.00716
1	0.12322	0.26809	0.18658	0.01154	0.03677	0.06381	0.02708	0.11987	0.01279	0.01815	0.00923	0.01114	0.00755	0.03735	0.00516	0.00156	0.00617	0.00371	0.00293	0.04728
2	0.05411	0.30493	0.14031	0.04341	0.05305	0.01579	0.01108	0.14809	0.08382	0.06428	0.01098	0.01174	0.00845	0.00533	0.00445	0.00145	0.00579	0.00395	0.00341	0.02560
3	0.01318	0.34295	0.12568	0.04787	0.01601	0.01537	0.03114	0.10874	0.09014	0.01720	0.03813	0.01629	0.01146	0.00669	0.00533	0.03612	0.00576	0.06172	0.00329	0.00693
4	0.06384	0.30160	0.15333	0.01233	0.05192	0.01490	0.07262	0.10102	0.01275	0.08436	0.01116	0.04411	0.00932	0.03867	0.00547	0.00163	0.00602	0.00451	0.00323	0.00720
5	0.01350	0.26412	0.14164	0.04896	0.07406	0.03505	0.01079	0.05167	0.01232	0.09960	0.04099	0.01647	0.08231	0.00635	0.00532	0.00151	0.04667	0.00481	0.03694	0.00695
6	0.07622	0.17606	0.23394	0.01250	0.01714	0.03711	0.11529	0.05646	0.01205	0.01712	0.07146	0.01608	0.01200	0.00921	0.08311	0.00227	0.00728	0.03498	0.00302	0.00672
7	0.20587	0.13770	0.16058	0.01172	0.06367	0.02152	0.05338	0.01571	0.01115	0.08406	0.04838	0.04794	0.01191	0.03845	0.00552	0.00173	0.00550	0.03318	0.00336	0.03866
8	0.07771	0.08709	0.22673	0.01171	0.05681	0.02116	0.01102	0.09960	0.05068	0.04790	0.03196	0.03133	0.07400	0.03961	0.00582	0.00170	0.00554	0.02708	0.00356	0.08900
9	0.01401	0.05086	0.03878	0.01490	0.11245	0.09948	0.09039	0.10691	0.02684	0.07558	0.05021	0.05768	0.03701	0.00755	0.00711	0.00174	0.11450	0.05609	0.00374	0.03416
10	0.17935	0.09615	0.01366	0.06162	0.07195	0.02652	0.03157	0.04325	0.02801	0.05297	0.11803	0.01689	0.02687	0.00715	0.00651	0.05155	0.06128	0.01482	0.00356	0.08828
11	0.06063	0.02572	0.12995	0.04452	0.06273	0.00934	0.07644	0.04930	0.01247	0.15427	0.04516	0.12714	0.06285	0.00924	0.03700	0.00198	0.00565	0.03211	0.00409	0.04940
12	0.04940	0.01214	0.05852	0.01320	0.11077	0.05816	0.04523	0.08606	0.05377	0.17993	0.07367	0.01742	0.04949	0.00632	0.00544	0.00152	0.02765	0.00520	0.00427	0.14183
13	0.01118	0.01073	0.07162	0.01054	0.01371	0.04575	0.10264	0.08710	0.01320	0.05375	0.09188	0.21640	0.08770	0.00914	0.00567	0.00164	0.00487	0.00813	0.00421	0.15012
14	0.01257	0.01796	0.32519	0.01561	0.09701	0.04304	0.11743	0.03913	0.03610	0.08333	0.05077	0.01653	0.05998	0.00592	0.00532	0.00162	0.00660	0.00519	0.00331	0.05741
15	0.42717	0.06938	0.05026	0.04232	0.07186	0.10704	0.00856	0.01539	0.01060	0.01906	0.01094	0.06025	0.01012	0.00649	0.00434	0.00167	0.00535	0.06996	0.00323	0.00600
16	0.04270	0.03971	0.12359	0.00999	0.01389	0.00952	0.00915	0.10621	0.03062	0.34862	0.01974	0.09437	0.05984	0.00970	0.05588	0.00212	0.00552	0.00621	0.00500	0.00763
17	0.00738	0.00556	0.00773	0.00773	0.00869	0.00613	0.00585	0.00897	0.00893	0.01234	0.02022	0.02673	0.12623	0.12210	0.59242	0.00714	0.01147	0.00670	0.00318	0.00451
18	0.01505	0.48551	0.02215	0.01147	0.05830	0.21293	0.00947	0.01751	0.05698	0.01350	0.01076	0.01171	0.04444	0.00535	0.00410	0.00128	0.00643	0.00367	0.00271	0.00669
19	0.01171	0.00950	0.01108	0.00813	0.01257	0.00753	0.00649	0.06153	0.01194	0.04129	0.01092	0.05031	0.00939	0.00477	0.00418	0.00093	0.00401	0.00388	0.00346	0.72639
20	0.01605	0.01468	0.15600	0.01851	0.27734	0.06044	0.01286	0.04568	0.04066	0.24078	0.01568	0.01611	0.04928	0.00594	0.00525	0.00161	0.00597	0.00504	0.00401	0.00813
21	0.01248	0.37379	0.20450	0.01333	0.06208	0.03194	0.08247	0.01543	0.01085	0.01415	0.00950	0.04176	0.00854	0.03659	0.00617	0.00162	0.06118	0.00430	0.00246	0.00684
22	0.00780	0.00533	0.00724	0.00724	0.00771	0.00579	0.00504	0.00846	0.00799	0.01112	0.01455	0.02562	0.01509	0.33984	0.40345	0.10513	0.00951	0.00633	0.00291	0.00384
23	0.01269	0.24225	0.40982	0.01313	0.01902	0.07120	0.05768	0.01674	0.01151	0.04612	0.01025	0.04828	0.00839	0.00549	0.00472	0.00153	0.00705	0.00429	0.00260	0.00725
24	0.05848	0.14874	0.04006	0.01224	0.01473	0.29352	0.01022	0.07172	0.01239	0.01493	0.00838	0.01077	0.00730	0.00826	0.05224	0.00202	0.22111	0.00385	0.00275	0.00631
25	0.00648	0.00470	0.00612	0.00717	0.00764	0.00434	0.00484	0.00751	0.01052	0.01395	0.06954	0.71289	0.09273	0.01602	0.00668	0.00209	0.00301	0.01445	0.00495	0.00434
26	0.01328	0.12402	0.09797	0.02385	0.09009	0.08895	0.14363	0.01718	0.06604	0.04320	0.01055	0.01220	0.00832	0.00477	0.00475	0.00134	0.00629	0.00419	0.00302	0.23634

[dist]
# distance from previous block
# <min> <max>
0	2

[block]
# block no. 1 follows, 46 sequences, length 13
# corresponding to MSA columns:
# 647-659
name=unknown_B
#
# <colnr> <probs for GDERKNQSTAVLIFYWHMCP>
#	G	D	E	R	K	N	Q	S	T	A	V	L	I	F	Y	W	H	M	C	P
0	0.00848	0.00561	0.00709	0.00660	0.00796	0.00514	0.00488	0.01054	0.01386	0.07103	0.56629	0.03869	0.12061	0.10003	0.00847	0.00206	0.00294	0.00923	0.00548	0.00501
1	0.01505	0.01261	0.01377	0.01065	0.01468	0.05154	0.02593	0.28863	0.10544	0.02323	0.01188	0.01265	0.00914	0.00551	0.00529	0.00132	0.04121	0.00421	0.00411	0.34314
2	0.02873	0.01114	0.04081	0.01106	0.03080	0.02486	0.07012	0.10269	0.08360	0.28111	0.01561	0.03111	0.01156	0.04757	0.00619	0.00166	0.00511	0.00510	0.00469	0.18650
3	0.03043	0.13371	0.60851	0.01430	0.02135	0.01340	0.05582	0.01681	0.01122	0.03432	0.00948	0.01106	0.00690	0.00496	0.00483	0.00160	0.00741	0.00389	0.00238	0.00762
4	0.00681	0.00525	0.00627	0.00665	0.00787	0.00471	0.00497	0.00841	0.01215	0.01567	0.19224	0.24815	0.34913	0.01383	0.00650	0.00193	0.00300	0.09679	0.00509	0.00457
5	0.01243	0.01323	0.07972	0.14653	0.61088	0.01242	0.01625	0.01586	0.01175	0.01667	0.00983	0.01309	0.00805	0.00482	0.00523	0.00161	0.00651	0.00465	0.00255	0.00796
6	0.01222	0.16838	0.50851	0.01341	0.01973	0.07422	0.01574	0.01811	0.09130	0.01623	0.01026	0.01145	0.00771	0.00519	0.00475	0.00156	0.00717	0.00389	0.00261	0.00756
7	0.00640	0.00476	0.00597	0.00694	0.00756	0.00433	0.00472	0.00741	0.01053	0.01366	0.03426	0.65147	0.19095	0.01590	0.00664	0.00207	0.00299	0.01422	0.00491	0.00433
8	0.00765	0.00518	0.00611	0.00637	0.00654	0.00514	0.00397	0.00802	0.00844	0.01121	0.01923	0.11894	0.02212	0.64157	0.02261	0.00451	0.00488	0.09043	0.00357	0.00350
9	0.01251	0.01424	0.06470	0.02164	0.12465	0.01301	0.52060	0.03468	0.01233	0.01717	0.01031	0.01356	0.00796	0.00478	0.00644	0.00171	0.04916	0.00560	0.00272	0.06225
10	0.00884	0.00768	0.00910	0.00894	0.00981	0.07766	0.00675	0.01032	0.00914	0.01228	0.01494	0.10357	0.01511	0.11388	0.50293	0.00639	0.06834	0.00658	0.00304	0.00472
11	0.00639	0.00536	0.00555	0.00550	0.00722	0.00452	0.00412	0.00785	0.01237	0.01505	0.13407	0.04961	0.69809	0.01310	0.00625	0.00177	0.00266	0.01098	0.00501	0.00452
12	0.01258	0.01139	0.01163	0.02237	0.04161	0.09257	0.00826	0.06740	0.32592	0.01931	0.03614	0.07443	0.05744	0.00813	0.00545	0.00168	0.00481	0.07735	0.00456	0.11697

[dist]
# distance from previous block
# <min> <max>
0	25

[block]
# block no. 2 follows, 46 sequences, length 31
# corresponding to MSA columns:
# 685-715
name=unknown_C
#
# <colnr> <probs for GDERKNQSTAVLIFYWHMCP>
#	G	D	E	R	K	N	Q	S	T	A	V	L	I	F	Y	W	H	M	C	P
0	0.01106	0.01034	0.01721	0.58998	0.21640	0.01209	0.01491	0.03795	0.01138	0.01505	0.00963	0.01381	0.00743	0.00518	0.00527	0.00171	0.00682	0.00470	0.00251	0.00658
1	0.00756	0.00564	0.00837	0.00837	0.00928	0.00654	0.00646	0.00936	0.00846	0.01218	0.01427	0.02139	0.01349	0.07436	0.75891	0.00835	0.01376	0.00575	0.00285	0.00465
2	0.01259	0.01069	0.01154	0.04636	0.01408	0.01213	0.00820	0.08019	0.57436	0.02161	0.03905	0.02306	0.10736	0.00784	0.00549	0.00177	0.00422	0.00652	0.00519	0.00777
3	0.01096	0.00940	0.01096	0.00783	0.01253	0.00705	0.00626	0.01331	0.01096	0.01723	0.00940	0.01096	0.00783	0.00392	0.00392	0.00078	0.00392	0.00313	0.00313	0.84653
4	0.01243	0.01400	0.02994	0.02198	0.05104	0.01321	0.69880	0.01671	0.01232	0.01686	0.01055	0.01406	0.00800	0.00455	0.00637	0.00176	0.02571	0.00606	0.00268	0.03295
5	0.01398	0.04332	0.01531	0.08327	0.10991	0.09831	0.04090	0.15090	0.21916	0.01996	0.02802	0.06202	0.04763	0.00711	0.00581	0.00169	0.03540	0.00586	0.00409	0.00734
6	0.00667	0.00536	0.00600	0.00626	0.00775	0.00469	0.00477	0.00820	0.01210	0.01500	0.11245	0.13997	0.53266	0.01368	0.00644	0.00190	0.00298	0.10360	0.00499	0.00454
7	0.04699	0.19903	0.49429	0.01314	0.01945	0.09015	0.01547	0.01714	0.01145	0.03470	0.00908	0.01048	0.00685	0.00499	0.00458	0.00152	0.00727	0.00361	0.00244	0.00737
8	0.00737	0.00569	0.00694	0.00742	0.00858	0.00527	0.00529	0.00955	0.06467	0.01466	0.03085	0.52673	0.15305	0.01420	0.00635	0.00196	0.00324	0.04620	0.00479	0.07720
9	0.01363	0.40018	0.25844	0.01175	0.01719	0.04211	0.04351	0.04757	0.03523	0.04399	0.00940	0.01053	0.00746	0.00491	0.00428	0.00138	0.00644	0.00360	0.00269	0.03572
10	0.00989	0.00873	0.01123	0.01033	0.01114	0.03516	0.00815	0.01269	0.08585	0.01354	0.01297	0.03763	0.01223	0.08398	0.32786	0.00490	0.27435	0.00564	0.02837	0.00536
11	0.01306	0.01240	0.02072	0.08030	0.67944	0.01277	0.01575	0.04094	0.01223	0.01740	0.00989	0.01308	0.00826	0.00497	0.00569	0.00161	0.03598	0.00471	0.00268	0.00814
12	0.00660	0.00470	0.00620	0.00728	0.00762	0.00441	0.00487	0.00756	0.01021	0.01365	0.05896	0.71528	0.03449	0.06685	0.00802	0.00232	0.00321	0.02868	0.00484	0.00426
13	0.01201	0.01139	0.02016	0.11857	0.35107	0.01151	0.18102	0.01512	0.01191	0.04751	0.01627	0.01873	0.11277	0.00618	0.00614	0.00171	0.04175	0.00595	0.00305	0.00717
14	0.01055	0.00915	0.01088	0.00813	0.01209	0.00758	0.00652	0.01274	0.01094	0.01678	0.04134	0.01487	0.06297	0.00529	0.00532	0.00102	0.07275	0.00406	0.00329	0.68371
15	0.00765	0.00513	0.00589	0.00592	0.00597	0.00516	0.00339	0.00775	0.00779	0.01042	0.01689	0.05506	0.01940	0.76092	0.05769	0.00518	0.00544	0.00780	0.00323	0.00329
16	0.00681	0.00571	0.00599	0.00592	0.00752	0.01939	0.00441	0.00842	0.01273	0.01591	0.22892	0.08213	0.55210	0.01275	0.00624	0.00176	0.00278	0.01080	0.00509	0.00461
17	0.01096	0.00940	0.01096	0.00783	0.01253	0.00705	0.00626	0.01331	0.01096	0.01723	0.00940	0.01096	0.00783	0.00392	0.00392	0.00078	0.00392	0.00313	0.00313	0.84653
18	0.01395	0.59692	0.17249	0.01054	0.01560	0.05326	0.01115	0.04755	0.01160	0.01416	0.00802	0.00922	0.00686	0.00474	0.00385	0.00126	0.00625	0.00314	0.00240	0.00705
19	0.00756	0.00521	0.00640	0.00650	0.00673	0.00539	0.00409	0.00806	0.00805	0.01095	0.01705	0.09048	0.01907	0.58035	0.19680	0.00565	0.00699	0.00779	0.00325	0.00363
20	0.00637	0.00533	0.00555	0.00556	0.00723	0.00451	0.00415	0.00781	0.01225	0.01491	0.12176	0.08087	0.67903	0.01327	0.00627	0.00179	0.00268	0.01116	0.00500	0.00451
21	0.01096	0.00940	0.01096	0.00783	0.01253	0.00705	0.00626	0.01331	0.01096	0.01723	0.00940	0.01096	0.00783	0.00392	0.00392	0.00078	0.00392	0.00313	0.00313	0.84653
22	0.02330	0.00967	0.01269	0.00973	0.01383	0.00877	0.00804	0.11170	0.01626	0.69736	0.01991	0.01738	0.01261	0.00652	0.00531	0.00163	0.00465	0.00525	0.00640	0.00900
23	0.00763	0.00565	0.00714	0.00673	0.00809	0.00529	0.00506	0.01056	0.04644	0.02072	0.69277	0.03951	0.10276	0.01085	0.00620	0.00168	0.00258	0.00953	0.00573	0.00509
24	0.85155	0.01022	0.00777	0.00695	0.01022	0.01186	0.00573	0.01554	0.00900	0.02372	0.00736	0.00859	0.00573	0.00491	0.00327	0.00164	0.00409	0.00286	0.00327	0.00573
25	0.01413	0.81739	0.02770	0.00905	0.01357	0.02092	0.00905	0.01583	0.01074	0.01244	0.00735	0.00848	0.00678	0.00452	0.00339	0.00113	0.00565	0.00283	0.00226	0.00678
26	0.00692	0.00578	0.00613	0.00588	0.00776	0.00499	0.00444	0.00900	0.04119	0.01580	0.16424	0.04608	0.60030	0.01231	0.00611	0.00172	0.00276	0.01034	0.00499	0.04327
27	0.01413	0.81739	0.02770	0.00905	0.01357	0.02092	0.00905	0.01583	0.01074	0.01244	0.00735	0.00848	0.00678	0.00452	0.00339	0.00113	0.00565	0.00283	0.00226	0.00678
28	0.02372	0.00900	0.01227	0.00941	0.01350	0.00777	0.00777	0.02576	0.01513	0.78489	0.02086	0.01799	0.01309	0.00654	0.00532	0.00164	0.00450	0.00532	0.00654	0.00900
29	0.00768	0.00514	0.00584	0.00584	0.00586	0.00516	0.00329	0.00773	0.00771	0.01030	0.01659	0.03423	0.01906	0.79367	0.04723	0.00521	0.00536	0.00763	0.00319	0.00324
30	0.00640	0.00486	0.00591	0.00671	0.00751	0.00436	0.00463	0.00749	0.01083	0.01391	0.05283	0.55480	0.26981	0.01544	0.00658	0.00202	0.00293	0.01369	0.00493	0.00436

[dist]
# distance from previous block
# <min> <max>
0	30

[block]
# block no. 3 follows, 46 sequences, length 6
# corresponding to MSA columns:
# 746-751
name=unknown_D
#
# <colnr> <probs for GDERKNQSTAVLIFYWHMCP>
#	G	D	E	R	K	N	Q	S	T	A	V	L	I	F	Y	W	H	M	C	P
0	0.01334	0.01249	0.02044	0.08068	0.59745	0.01284	0.04437	0.06780	0.06459	0.01843	0.01091	0.01362	0.00884	0.00502	0.00529	0.00161	0.00626	0.00486	0.00297	0.00820
1	0.00718	0.00539	0.00664	0.00633	0.00771	0.00486	0.00475	0.00938	0.01424	0.01948	0.59813	0.04232	0.23127	0.01145	0.00624	0.00169	0.00254	0.00996	0.00559	0.00486
2	0.03970	0.03926	0.01152	0.00868	0.01235	0.00959	0.00693	0.13496	0.11336	0.02054	0.05253	0.07362	0.01346	0.00620	0.00461	0.00125	0.00411	0.00505	0.04694	0.39534
3	0.06714	0.01049	0.04350	0.36463	0.12793	0.01081	0.01193	0.04015	0.04803	0.01652	0.01243	0.04965	0.03555	0.00587	0.00503	0.00159	0.00579	0.00505	0.00301	0.13491
4	0.01102	0.00961	0.01147	0.00842	0.01266	0.00794	0.00678	0.01325	0.01068	0.01679	0.00916	0.01102	0.00774	0.00444	0.00523	0.00093	0.08227	0.00328	0.00305	0.76424
5	0.05688	0.41750	0.02171	0.06551	0.07281	0.06891	0.04790	0.01624	0.01136	0.05167	0.00884	0.01037	0.00738	0.00468	0.00405	0.00126	0.00585	0.00347	0.00272	0.12088

[dist]
# distance from previous block
# <min> <max>
0	13

[block]
# block no. 4 follows, 46 sequences, length 33
# corresponding to MSA columns:
# 765-780,792-808
name=unknown_E
#
# <colnr> <probs for GDERKNQSTAVLIFYWHMCP>
#	G	D	E	R	K	N	Q	S	T	A	V	L	I	F	Y	W	H	M	C	P
0	0.46797	0.06853	0.14549	0.00985	0.03124	0.04499	0.00915	0.09097	0.01164	0.02182	0.03115	0.01145	0.02595	0.00543	0.00405	0.00159	0.00521	0.00368	0.00330	0.00651
1	0.01330	0.04994	0.01760	0.02170	0.40576	0.07557	0.01244	0.01575	0.01208	0.06999	0.09039	0.01635	0.02380	0.00782	0.04280	0.00196	0.10708	0.00518	0.00322	0.00726
2	0.05040	0.06156	0.04069	0.03204	0.01283	0.03081	0.00725	0.02974	0.07675	0.05924	0.05265	0.08251	0.08213	0.00681	0.00474	0.00132	0.00428	0.00558	0.00387	0.35482
3	0.01304	0.43550	0.16013	0.01222	0.04947	0.03313	0.05386	0.03626	0.04721	0.01490	0.02140	0.02764	0.02686	0.00556	0.00491	0.00143	0.04264	0.00413	0.00270	0.00700
4	0.02467	0.01474	0.03480	0.07294	0.22204	0.18579	0.06260	0.03354	0.15231	0.01670	0.01242	0.01586	0.01039	0.05267	0.00691	0.00184	0.03458	0.02301	0.00327	0.01891
5	0.00655	0.00475	0.00620	0.00729	0.00778	0.00441	0.00500	0.00761	0.01049	0.01385	0.04960	0.69734	0.09382	0.01608	0.00672	0.00212	0.00310	0.04800	0.00493	0.00435
6	0.85155	0.01022	0.00777	0.00695	0.01022	0.01186	0.00573	0.01554	0.00900	0.02372	0.00736	0.00859	0.00573	0.00491	0.00327	0.00164	0.00409	0.00286	0.00327	0.00573
7	0.00648	0.00472	0.00611	0.00721	0.00770	0.00436	0.00491	0.00748	0.01039	0.01364	0.03174	0.70836	0.11518	0.01617	0.00671	0.00212	0.00307	0.03441	0.00491	0.00433
8	0.01084	0.00919	0.04412	0.05899	0.03085	0.00913	0.00803	0.07040	0.22726	0.05363	0.04586	0.18264	0.11812	0.01248	0.07049	0.00239	0.00507	0.02940	0.00467	0.00645
9	0.00760	0.00572	0.00701	0.00676	0.00808	0.00540	0.00500	0.01053	0.06388	0.01922	0.53333	0.10176	0.15308	0.04062	0.00697	0.00185	0.00277	0.00993	0.00549	0.00501
10	0.00645	0.00467	0.00611	0.00721	0.00764	0.00432	0.00485	0.00744	0.01036	0.01373	0.04865	0.74327	0.08333	0.01622	0.00670	0.00211	0.00303	0.01465	0.00493	0.00432
11	0.01413	0.81739	0.02770	0.00905	0.01357	0.02092	0.00905	0.01583	0.01074	0.01244	0.00735	0.00848	0.00678	0.00452	0.00339	0.00113	0.00565	0.00283	0.00226	0.00678
12	0.01060	0.02735	0.78682	0.01507	0.02288	0.01228	0.01953	0.01674	0.01116	0.01674	0.00949	0.01116	0.00670	0.00502	0.00502	0.00167	0.00781	0.00391	0.00223	0.00781
13	0.01096	0.00940	0.01096	0.00783	0.01253	0.00705	0.00626	0.01331	0.01096	0.01723	0.00940	0.01096	0.00783	0.00392	0.00392	0.00078	0.00392	0.00313	0.00313	0.84653
14	0.01575	0.00939	0.01029	0.00849	0.01131	0.00987	0.00682	0.27973	0.06003	0.14084	0.01644	0.01698	0.01202	0.00634	0.00460	0.00145	0.00405	0.00499	0.37344	0.00717
15	0.18669	0.00949	0.01080	0.00900	0.01239	0.00960	0.00724	0.04055	0.17051	0.38150	0.03219	0.06073	0.03229	0.00712	0.00503	0.00170	0.00423	0.00569	0.00547	0.00777
16	0.01406	0.10555	0.17111	0.06023	0.33068	0.13048	0.01442	0.01776	0.03985	0.05230	0.01021	0.01219	0.00807	0.00507	0.00493	0.00153	0.00688	0.00422	0.00279	0.00765
17	0.01248	0.01426	0.03119	0.02228	0.02763	0.01337	0.76203	0.01693	0.01248	0.01693	0.01070	0.01426	0.00802	0.00446	0.00624	0.00178	0.00891	0.00624	0.00267	0.00713
18	0.02010	0.01481	0.01587	0.01216	0.01639	0.01639	0.01005	0.76360	0.02486	0.03332	0.01269	0.01269	0.00899	0.00635	0.00529	0.00159	0.00582	0.00476	0.00529	0.00899
19	0.01338	0.64816	0.19031	0.01034	0.01556	0.01907	0.01129	0.01603	0.01083	0.01336	0.00781	0.00905	0.00677	0.00463	0.00374	0.00125	0.00612	0.00306	0.00226	0.00700
20	0.01136	0.01061	0.04841	0.04350	0.01461	0.00808	0.02594	0.04814	0.01163	0.01778	0.00958	0.01127	0.00780	0.00415	0.00415	0.00093	0.00445	0.00339	0.00314	0.71107
21	0.01633	0.01049	0.01210	0.01019	0.01339	0.01124	0.00812	0.11116	0.37590	0.23876	0.09734	0.02025	0.01768	0.00732	0.00571	0.00172	0.02241	0.00598	0.00567	0.00821
22	0.10794	0.00573	0.00686	0.00691	0.00810	0.00559	0.00505	0.00982	0.01273	0.01908	0.45085	0.27823	0.03992	0.01191	0.00604	0.00181	0.00286	0.01048	0.00523	0.00486
23	0.00710	0.00540	0.00770	0.05437	0.05753	0.00527	0.00625	0.00834	0.01031	0.01378	0.02679	0.69885	0.03161	0.01514	0.00658	0.00210	0.00353	0.03006	0.00462	0.00465
24	0.01488	0.16648	0.04155	0.01253	0.01562	0.09655	0.09952	0.14105	0.01328	0.07563	0.01072	0.01372	0.00895	0.05840	0.05369	0.00226	0.16043	0.00465	0.00329	0.00679
25	0.00695	0.00496	0.00648	0.00750	0.00800	0.00472	0.00530	0.00805	0.01029	0.01356	0.02859	0.54885	0.06730	0.11130	0.00923	0.00254	0.00361	0.14380	0.00470	0.00427
26	0.01222	0.01127	0.02031	0.04685	0.20616	0.01126	0.27773	0.06162	0.06668	0.01664	0.01162	0.03834	0.00976	0.00801	0.00874	0.17099	0.00663	0.00563	0.00300	0.00654
27	0.00745	0.00536	0.00698	0.00783	0.00846	0.00526	0.00548	0.05470	0.01104	0.01476	0.02721	0.68303	0.03191	0.01716	0.05164	0.00249	0.00395	0.04586	0.00481	0.00464
28	0.01177	0.01068	0.01681	0.55071	0.07421	0.01256	0.06021	0.10338	0.07542	0.01698	0.01090	0.01435	0.00816	0.00548	0.00535	0.00173	0.00674	0.00491	0.00298	0.00667
29	0.01755	0.06150	0.16956	0.01168	0.01629	0.04245	0.01107	0.28827	0.05481	0.20060	0.01400	0.01411	0.00989	0.00810	0.05416	0.00202	0.00648	0.00467	0.00455	0.00822
30	0.01117	0.01155	0.04527	0.04416	0.01273	0.15183	0.02343	0.03166	0.07390	0.04377	0.09754	0.05373	0.31031	0.00971	0.00644	0.00172	0.05326	0.00782	0.00426	0.00575
31	0.01676	0.01130	0.01267	0.01033	0.01344	0.01214	0.00818	0.42308	0.07259	0.12364	0.01656	0.09785	0.01403	0.10517	0.03541	0.00233	0.00546	0.00634	0.00508	0.00763
32	0.01305	0.01158	0.01835	0.08966	0.52543	0.01197	0.01390	0.01796	0.12960	0.05404	0.05202	0.01579	0.01184	0.00554	0.00532	0.00163	0.00574	0.00518	0.00337	0.00802

[dist]
# distance from previous block
# <min> <max>
7	17

[block]
# block no. 5 follows, 46 sequences, length 27
# corresponding to MSA columns:
# 836-840,847-868
name=unknown_F
#
# <colnr> <probs for GDERKNQSTAVLIFYWHMCP>
#	G	D	E	R	K	N	Q	S	T	A	V	L	I	F	Y	W	H	M	C	P
0	0.01674	0.22477	0.08250	0.01119	0.01530	0.22996	0.01964	0.07907	0.01372	0.12440	0.01051	0.01126	0.00809	0.00530	0.00470	0.00134	0.02148	0.00373	0.01623	0.10006
1	0.01631	0.00931	0.03210	0.00929	0.01287	0.00812	0.03039	0.04128	0.09772	0.36274	0.06160	0.07220	0.08925	0.00766	0.00537	0.00159	0.00427	0.00647	0.00536	0.12609
2	0.04740	0.13788	0.32202	0.01203	0.01721	0.01243	0.03968	0.05319	0.01268	0.15912	0.08659	0.01490	0.01225	0.00603	0.00552	0.00161	0.04374	0.00468	0.00359	0.00745
3	0.01369	0.03794	0.05619	0.13098	0.51075	0.05575	0.02960	0.01683	0.01215	0.07062	0.01046	0.01316	0.00831	0.00496	0.00517	0.00158	0.00654	0.00461	0.00284	0.00786
4	0.01780	0.01973	0.05069	0.02855	0.03770	0.38629	0.04689	0.21499	0.05362	0.01921	0.01017	0.01149	0.00795	0.00596	0.00597	0.00156	0.06665	0.00419	0.00346	0.00714
5	0.08239	0.01132	0.01198	0.03360	0.01393	0.05813	0.00759	0.15917	0.04917	0.08062	0.05275	0.01360	0.01085	0.00532	0.00452	0.00123	0.00472	0.00413	0.00402	0.39094
6	0.01269	0.01216	0.02075	0.12998	0.68677	0.01246	0.01603	0.01588	0.01185	0.01679	0.00987	0.01321	0.00821	0.00478	0.00524	0.00159	0.00638	0.00471	0.00258	0.00806
7	0.01626	0.17492	0.07819	0.01047	0.01432	0.01197	0.04450	0.08636	0.04793	0.27524	0.07910	0.05526	0.03366	0.00704	0.00564	0.00161	0.03973	0.00565	0.00462	0.00753
8	0.00642	0.00533	0.00562	0.00562	0.00727	0.00453	0.00419	0.00790	0.01236	0.01518	0.15004	0.08338	0.64760	0.01318	0.00627	0.00178	0.00267	0.01112	0.00503	0.00453
9	0.01326	0.61081	0.20581	0.01081	0.01613	0.01869	0.03148	0.01607	0.01089	0.01357	0.00794	0.00926	0.00680	0.00464	0.00385	0.00128	0.00625	0.00317	0.00227	0.00703
10	0.01525	0.03564	0.05400	0.12308	0.29403	0.09749	0.01308	0.17078	0.07252	0.05578	0.01154	0.01328	0.00885	0.00548	0.00516	0.00159	0.00645	0.00461	0.00351	0.00789
11	0.00918	0.00459	0.00689	0.00689	0.00689	0.00459	0.00459	0.00689	0.00689	0.00918	0.00918	0.01607	0.00918	0.01837	0.02066	0.84619	0.00459	0.00459	0.00230	0.00230
12	0.00641	0.00536	0.00559	0.00553	0.00724	0.00453	0.00415	0.00791	0.01244	0.01522	0.15152	0.04934	0.68054	0.01304	0.00625	0.00177	0.00265	0.01094	0.00503	0.00453
13	0.01350	0.16453	0.20809	0.01722	0.18061	0.11483	0.06113	0.01894	0.13903	0.01649	0.01111	0.01250	0.00875	0.00524	0.00487	0.00154	0.00678	0.00431	0.00294	0.00758
14	0.01599	0.24467	0.21327	0.01216	0.01723	0.09371	0.01217	0.29155	0.01646	0.02125	0.00993	0.01081	0.00758	0.00541	0.00464	0.00146	0.00664	0.00387	0.00341	0.00779
15	0.00677	0.00545	0.00609	0.00626	0.00785	0.00478	0.00487	0.00841	0.01239	0.01540	0.14340	0.07417	0.54511	0.01334	0.00642	0.00188	0.00300	0.12480	0.00502	0.00459
16	0.09773	0.04194	0.13837	0.03947	0.05242	0.14555	0.08369	0.25387	0.02690	0.03528	0.02886	0.01243	0.00884	0.00562	0.00502	0.00158	0.00682	0.00443	0.00365	0.00752
17	0.01424	0.15237	0.24962	0.01599	0.11064	0.05185	0.12055	0.09051	0.01331	0.08965	0.01203	0.01332	0.03174	0.00537	0.00503	0.00156	0.00684	0.00457	0.00316	0.00765
18	0.00651	0.00465	0.00619	0.00732	0.00768	0.00434	0.00491	0.00752	0.01042	0.01397	0.07540	0.76314	0.03589	0.01621	0.00672	0.00212	0.00303	0.01469	0.00496	0.00434
19	0.01155	0.01149	0.01640	0.05640	0.04824	0.01580	0.01193	0.01292	0.00840	0.01296	0.00720	0.01177	0.00701	0.00885	0.01619	0.00225	0.72779	0.00463	0.00233	0.00590
20	0.01208	0.00944	0.01584	0.47881	0.07777	0.01058	0.06790	0.01526	0.01162	0.12317	0.01359	0.03540	0.01120	0.00662	0.00561	0.00182	0.00645	0.08709	0.00331	0.00643
21	0.01799	0.01533	0.03459	0.01279	0.01677	0.09307	0.07227	0.49775	0.10454	0.02758	0.01315	0.01377	0.00970	0.01903	0.00562	0.00165	0.00622	0.00491	0.02500	0.00826
22	0.01267	0.01262	0.02296	0.10124	0.55670	0.01265	0.17034	0.01612	0.01199	0.01685	0.01005	0.01342	0.00818	0.00471	0.00545	0.00163	0.00690	0.00503	0.00260	0.00789
23	0.01332	0.01041	0.01228	0.00949	0.01323	0.00991	0.00775	0.17114	0.01390	0.06230	0.01334	0.01596	0.04408	0.00612	0.00606	0.00130	0.09403	0.04044	0.00385	0.45113
24	0.01136	0.00837	0.01009	0.00811	0.01128	0.00735	0.00635	0.03421	0.04803	0.09308	0.13354	0.08478	0.05856	0.02736	0.00605	0.00141	0.03975	0.00609	0.00425	0.39998
25	0.01362	0.01135	0.04862	0.01062	0.01502	0.04685	0.09816	0.01683	0.04598	0.14803	0.01229	0.01350	0.00935	0.00691	0.05333	0.00164	0.00571	0.00421	0.00368	0.43429
26	0.03271	0.10374	0.01465	0.01105	0.01437	0.19928	0.00885	0.10147	0.30430	0.10983	0.03612	0.01543	0.01249	0.00636	0.00498	0.00157	0.00578	0.00485	0.00450	0.00766

[dist]
# distance from previous block
# <min> <max>
0	5

[block]
# block no. 6 follows, 46 sequences, length 22
# corresponding to MSA columns:
# 874-895
name=unknown_G
#
# <colnr> <probs for GDERKNQSTAVLIFYWHMCP>
#	G	D	E	R	K	N	Q	S	T	A	V	L	I	F	Y	W	H	M	C	P
0	0.02929	0.01151	0.01344	0.01243	0.07213	0.04951	0.05692	0.16723	0.27925	0.03189	0.09755	0.05226	0.07825	0.01708	0.00579	0.00175	0.00491	0.00662	0.00479	0.00738
1	0.01261	0.05454	0.05520	0.27717	0.18628	0.08171	0.20665	0.03379	0.01213	0.01569	0.00972	0.01308	0.00757	0.00494	0.00537	0.00165	0.00752	0.00486	0.00258	0.00695
2	0.01321	0.01175	0.01307	0.05417	0.08353	0.08339	0.00849	0.07942	0.06295	0.03965	0.01073	0.01211	0.00853	0.00470	0.00444	0.00112	0.00502	0.00377	0.00343	0.49651
3	0.00938	0.00706	0.01089	0.14503	0.01580	0.00740	0.04878	0.01193	0.01170	0.04517	0.04796	0.07067	0.02409	0.04055	0.04999	0.00264	0.00581	0.43567	0.00425	0.00524
4	0.01082	0.00943	0.01217	0.01181	0.14301	0.00770	0.00775	0.01326	0.01149	0.01737	0.06784	0.01551	0.05169	0.00505	0.00443	0.00103	0.00415	0.00429	0.00333	0.59784
5	0.01456	0.52219	0.14944	0.01082	0.01560	0.11602	0.01095	0.05748	0.03357	0.01461	0.00849	0.00960	0.00716	0.00489	0.00399	0.00129	0.00646	0.00327	0.00257	0.00703
6	0.00686	0.00569	0.00609	0.00594	0.00772	0.00490	0.00442	0.00870	0.03350	0.01525	0.12216	0.10545	0.57092	0.02557	0.00647	0.00180	0.00284	0.01066	0.00489	0.05019
7	0.01291	0.54337	0.29099	0.01113	0.01680	0.01792	0.01268	0.01615	0.01089	0.01393	0.00809	0.00941	0.00675	0.00470	0.00396	0.00132	0.00640	0.00320	0.00225	0.00714
8	0.04002	0.08079	0.03589	0.03818	0.02420	0.14402	0.01874	0.19533	0.13654	0.11595	0.01372	0.01401	0.01901	0.00675	0.02266	0.00168	0.01886	0.00456	0.00422	0.06488
9	0.00665	0.00475	0.00638	0.00760	0.00800	0.00448	0.00528	0.00773	0.01033	0.01373	0.02902	0.73387	0.03450	0.01636	0.00680	0.00218	0.00325	0.08982	0.00490	0.00435
10	0.00786	0.00571	0.00771	0.00880	0.00989	0.00555	0.00732	0.00987	0.01174	0.01519	0.03084	0.21307	0.10799	0.01488	0.00708	0.00231	0.00427	0.52034	0.00488	0.00471
11	0.01229	0.01454	0.12231	0.01749	0.02237	0.01220	0.44306	0.10934	0.01380	0.01862	0.01636	0.02051	0.08843	0.00637	0.00604	0.00179	0.00747	0.05667	0.00332	0.00702
12	0.01182	0.10506	0.50572	0.01450	0.02109	0.06605	0.09769	0.01667	0.01150	0.01611	0.00930	0.01110	0.00696	0.00484	0.00487	0.00153	0.00749	0.00395	0.00240	0.08135
13	0.00918	0.00459	0.00689	0.00689	0.00689	0.00459	0.00459	0.00689	0.00689	0.00918	0.00918	0.01607	0.00918	0.01837	0.02066	0.84619	0.00459	0.00459	0.00230	0.00230
14	0.01209	0.05059	0.01229	0.00841	0.01299	0.03609	0.00681	0.06778	0.01209	0.01800	0.00949	0.01091	0.00783	0.00417	0.00402	0.00088	0.00434	0.00324	0.00323	0.71474
15	0.01410	0.01304	0.14792	0.15808	0.01927	0.01033	0.01094	0.14068	0.01389	0.14865	0.01320	0.06592	0.01036	0.00605	0.00502	0.00149	0.00554	0.00499	0.00388	0.20665
16	0.01437	0.11819	0.40999	0.01366	0.01971	0.05358	0.04902	0.18275	0.01461	0.06025	0.01053	0.01160	0.00762	0.00533	0.00494	0.00158	0.00707	0.00412	0.00319	0.00790
17	0.00737	0.00539	0.00664	0.00669	0.00758	0.00528	0.00479	0.00869	0.01060	0.01413	0.17506	0.05338	0.18470	0.27336	0.14717	0.00403	0.00557	0.07116	0.00419	0.00424
18	0.01294	0.06367	0.59636	0.01358	0.02043	0.01176	0.01662	0.01806	0.01191	0.14764	0.03095	0.01291	0.00889	0.00540	0.00502	0.00164	0.00700	0.00424	0.00306	0.00789
19	0.01331	0.24899	0.30568	0.08256	0.07047	0.14719	0.03086	0.01691	0.01173	0.01463	0.00870	0.01057	0.00691	0.00494	0.00458	0.00147	0.00735	0.00369	0.00237	0.00709
20	0.01056	0.00878	0.04436	0.03488	0.13122	0.00807	0.04566	0.03280	0.07623	0.07868	0.12357	0.28196	0.05158	0.01051	0.00604	0.00186	0.00442	0.03804	0.00456	0.00622
21	0.00915	0.00585	0.00737	0.00767	0.00881	0.00551	0.00546	0.06092	0.01199	0.09414	0.05359	0.57200	0.10839	0.01433	0.00643	0.00200	0.00334	0.01276	0.00513	0.00514

[dist]
# distance from previous block
# <min> <max>
8	13

[block]
# block no. 7 follows, 46 sequences, length 10
# corresponding to MSA columns:
# 924-933
name=unknown_H
#
# <colnr> <probs for GDERKNQSTAVLIFYWHMCP>
#	G	D	E	R	K	N	Q	S	T	A	V	L	I	F	Y	W	H	M	C	P
0	0.01444	0.49192	0.04438	0.01273	0.06200	0.11848	0.09803	0.04042	0.01191	0.01401	0.00862	0.01086	0.00761	0.03837	0.00510	0.00146	0.00662	0.00371	0.00253	0.00678
1	0.06136	0.06855	0.04200	0.00768	0.00998	0.00803	0.06796	0.01409	0.05715	0.01903	0.03126	0.04305	0.01341	0.00626	0.00416	0.00138	0.00368	0.00519	0.53016	0.00561
2	0.08222	0.33362	0.06772	0.01083	0.01503	0.10235	0.02725	0.14720	0.10829	0.04316	0.01076	0.01133	0.00847	0.00539	0.00434	0.00142	0.00598	0.00384	0.00345	0.00735
3	0.00651	0.00472	0.00615	0.00715	0.00765	0.00436	0.00485	0.00759	0.01067	0.01419	0.09296	0.68971	0.09226	0.01585	0.00667	0.00208	0.00299	0.01428	0.00498	0.00436
4	0.04358	0.06079	0.07242	0.00972	0.01363	0.04702	0.00843	0.14022	0.07050	0.19982	0.01780	0.04286	0.07463	0.03238	0.00567	0.00160	0.00497	0.00536	0.00452	0.14410
5	0.01194	0.14625	0.24930	0.09270	0.04921	0.01403	0.17343	0.04104	0.03208	0.01584	0.00996	0.01316	0.00803	0.04318	0.00717	0.00183	0.07660	0.00466	0.00260	0.00699
6	0.00740	0.00548	0.00799	0.00825	0.00905	0.00613	0.00626	0.00907	0.00888	0.01254	0.01735	0.15933	0.01783	0.06300	0.60045	0.00705	0.01157	0.03448	0.00328	0.00460
7	0.00799	0.00577	0.00683	0.00645	0.00805	0.00529	0.00488	0.01067	0.04928	0.04533	0.45063	0.04085	0.28567	0.01117	0.00608	0.00169	0.00270	0.00960	0.03595	0.00511
8	0.01320	0.48965	0.07212	0.13777	0.08220	0.03906	0.07022	0.01578	0.01110	0.01364	0.00830	0.01039	0.00705	0.00471	0.00421	0.00136	0.00642	0.00363	0.00235	0.00684
9	0.00762	0.00714	0.05408	0.00756	0.00938	0.00597	0.00626	0.01058	0.06927	0.01620	0.16953	0.15338	0.30472	0.01414	0.05395	0.00229	0.00407	0.09396	0.00482	0.00509

[dist]
# distance from previous block
# <min> <max>
0	1

[block]
# block no. 8 follows, 46 sequences, length 11
# corresponding to MSA columns:
# 935,1004-1013
name=unknown_I
#
# <colnr> <probs for GDERKNQSTAVLIFYWHMCP>
#	G	D	E	R	K	N	Q	S	T	A	V	L	I	F	Y	W	H	M	C	P
0	0.00766	0.00541	0.00642	0.00646	0.00782	0.00481	0.00474	0.00921	0.01235	0.05658	0.22771	0.20570	0.34215	0.04951	0.00727	0.00199	0.00298	0.03133	0.00515	0.00475
1	0.01033	0.00514	0.00541	0.00535	0.00668	0.00507	0.00406	0.01272	0.01127	0.05420	0.01813	0.04747	0.01475	0.00678	0.00398	0.00132	0.00265	0.02703	0.75259	0.00509
2	0.30881	0.01360	0.01496	0.01192	0.01565	0.14620	0.15656	0.06975	0.02841	0.14828	0.01132	0.01223	0.00823	0.00536	0.00465	0.00161	0.00613	0.00428	0.02517	0.00688
3	0.00766	0.00683	0.01090	0.00957	0.01145	0.00620	0.15420	0.00955	0.01165	0.01509	0.09696	0.32976	0.28416	0.01261	0.00643	0.00191	0.00404	0.01151	0.00454	0.00497
4	0.00721	0.00492	0.00611	0.00676	0.00710	0.00475	0.00443	0.00804	0.00965	0.01316	0.06055	0.42033	0.02881	0.29711	0.01371	0.00314	0.00383	0.04939	0.04699	0.00400
5	0.01336	0.62349	0.17785	0.01086	0.01607	0.01886	0.04656	0.01606	0.01091	0.01350	0.00793	0.00928	0.00683	0.00462	0.00385	0.00127	0.00623	0.00320	0.00228	0.00700
6	0.00649	0.00528	0.00574	0.00581	0.00733	0.00454	0.00429	0.00798	0.01234	0.01540	0.17714	0.13515	0.56751	0.01330	0.00630	0.00180	0.00269	0.01132	0.00507	0.00454
7	0.01126	0.01036	0.01496	0.01069	0.01551	0.00830	0.15558	0.01403	0.01126	0.01717	0.00965	0.01161	0.00787	0.00402	0.00437	0.00098	0.00490	0.00375	0.00304	0.68069
8	0.17469	0.00682	0.00743	0.00690	0.00870	0.00691	0.00528	0.03501	0.03920	0.02099	0.46881	0.05557	0.10860	0.02564	0.00601	0.00175	0.00306	0.00824	0.00512	0.00527
9	0.01023	0.03334	0.03691	0.05998	0.07081	0.00934	0.02394	0.02595	0.01007	0.03022	0.01146	0.01566	0.01006	0.01974	0.33697	0.00438	0.08672	0.00471	0.00288	0.19662
10	0.10414	0.01481	0.14165	0.01626	0.19242	0.09737	0.04451	0.05492	0.01271	0.11915	0.01316	0.10302	0.01127	0.00649	0.00511	0.00162	0.00604	0.00548	0.00358	0.04629

[dist]
# distance from previous block
# <min> <max>
0	7

[block]
# block no. 9 follows, 46 sequences, length 19
# corresponding to MSA columns:
# 1045-1063
name=unknown_J
#
# <colnr> <probs for GDERKNQSTAVLIFYWHMCP>
#	G	D	E	R	K	N	Q	S	T	A	V	L	I	F	Y	W	H	M	C	P
0	0.01005	0.00913	0.01519	0.41698	0.19885	0.01057	0.01290	0.01305	0.01036	0.01404	0.01078	0.01563	0.00898	0.01423	0.21340	0.00350	0.00875	0.00496	0.00254	0.00614
1	0.00648	0.00530	0.00574	0.00599	0.00743	0.00462	0.00435	0.00805	0.02774	0.01449	0.07168	0.23155	0.56022	0.01393	0.00635	0.00187	0.00280	0.01192	0.00495	0.00452
2	0.04879	0.01511	0.20825	0.06420	0.02108	0.01208	0.25852	0.01470	0.01087	0.01586	0.01189	0.05937	0.01054	0.00836	0.04394	0.00220	0.13063	0.05428	0.00279	0.00653
3	0.02088	0.01356	0.01456	0.01129	0.01539	0.06458	0.00925	0.46743	0.02082	0.25878	0.01476	0.01403	0.01005	0.00627	0.00522	0.00156	0.00560	0.00479	0.00543	0.03576
4	0.00660	0.00475	0.00626	0.00719	0.00769	0.00441	0.00489	0.00778	0.01094	0.01473	0.14807	0.66742	0.05851	0.01556	0.00665	0.00206	0.00297	0.01406	0.00505	0.00441
5	0.01174	0.01208	0.01707	0.01428	0.01519	0.06260	0.10108	0.01338	0.00909	0.01319	0.00826	0.01278	0.00775	0.01180	0.10096	0.00287	0.57272	0.00486	0.00244	0.00585
6	0.00994	0.00814	0.00859	0.00827	0.00987	0.07148	0.00614	0.01433	0.16134	0.04832	0.33090	0.22425	0.05543	0.01099	0.00604	0.00179	0.00363	0.00959	0.00525	0.00571
7	0.00663	0.00470	0.00616	0.00725	0.00755	0.00443	0.00482	0.00749	0.00992	0.01321	0.02778	0.70831	0.03317	0.10161	0.00891	0.00247	0.00333	0.03336	0.00472	0.00419
8	0.00764	0.00511	0.00578	0.00583	0.00584	0.00509	0.00327	0.00768	0.00778	0.01037	0.01713	0.06384	0.01981	0.78416	0.02615	0.00501	0.00505	0.00796	0.00327	0.00324
9	0.01742	0.01345	0.01315	0.01102	0.01437	0.12480	0.00874	0.22430	0.27467	0.15678	0.07124	0.01747	0.01474	0.00685	0.00532	0.00164	0.00533	0.00542	0.00521	0.00808
10	0.00899	0.00645	0.00795	0.00903	0.00956	0.00581	0.00601	0.00925	0.01165	0.01578	0.03079	0.78394	0.03621	0.01772	0.00770	0.00256	0.00394	0.01540	0.00565	0.00559
11	0.01019	0.00734	0.00958	0.00948	0.01047	0.00770	0.00691	0.01107	0.01006	0.01459	0.01696	0.02610	0.01635	0.17485	0.59396	0.00775	0.01250	0.00671	0.04167	0.00574
12	0.01661	0.01113	0.01259	0.01114	0.01384	0.01114	0.00845	0.28093	0.05902	0.12912	0.02462	0.27468	0.06829	0.01241	0.02135	0.00238	0.00538	0.02276	0.00600	0.00815
13	0.01914	0.01981	0.38183	0.01388	0.01983	0.01191	0.01451	0.07546	0.01528	0.33967	0.01684	0.01742	0.01183	0.00735	0.00619	0.00209	0.00699	0.00535	0.00509	0.00956
14	0.01186	0.00754	0.00873	0.00816	0.00953	0.00679	0.00559	0.01244	0.01311	0.10974	0.26567	0.03883	0.13507	0.32313	0.01511	0.00345	0.00467	0.00913	0.00548	0.00598
15	0.01539	0.01484	0.02034	0.20802	0.44795	0.10752	0.01556	0.01754	0.01330	0.01778	0.01182	0.01604	0.01005	0.00679	0.00686	0.00207	0.05092	0.00531	0.00338	0.00853
16	0.01946	0.11284	0.02162	0.01674	0.03478	0.45907	0.17607	0.05171	0.01565	0.01700	0.01130	0.01402	0.00950	0.00673	0.00600	0.00189	0.00937	0.00485	0.00359	0.00781
17	0.01930	0.01458	0.06394	0.01335	0.01747	0.01378	0.07238	0.38408	0.03643	0.14457	0.07125	0.03300	0.05825	0.00868	0.00654	0.00210	0.00627	0.01902	0.00581	0.00921
18	0.04526	0.07467	0.02583	0.03712	0.09152	0.04998	0.42948	0.01710	0.01295	0.01777	0.01221	0.01666	0.01018	0.00793	0.00864	0.10356	0.02199	0.00604	0.00343	0.00768

[dist]
# distance from previous block
# <min> <max>
0	55

# created by:
# /home/cegg/simao/soft/augustus-3.2.1/scripts/msa2prfl.pl ./align_prep/EOG091G0D04.fa
