[name]
unknown

[dist]
# distance from previous block
# <min> <max>
0	204

[block]
# block no. 0 follows, 48 sequences, length 6
# corresponding to MSA columns:
# 204-209
name=unknown_A
#
# <colnr> <probs for GDERKNQSTAVLIFYWHMCP>
#	G	D	E	R	K	N	Q	S	T	A	V	L	I	F	Y	W	H	M	C	P
0	0.01357	0.02844	0.03679	0.06197	0.01657	0.06265	0.11061	0.14816	0.16008	0.05656	0.01462	0.01712	0.03159	0.04235	0.00600	0.00165	0.00559	0.03157	0.00391	0.15021
1	0.03115	0.17424	0.01626	0.06807	0.14512	0.16662	0.00983	0.03322	0.02903	0.01488	0.03081	0.01535	0.01041	0.00892	0.08474	0.00207	0.00688	0.05224	0.00291	0.09723
2	0.17659	0.01174	0.01170	0.01018	0.04721	0.07820	0.00771	0.25572	0.01534	0.02280	0.09418	0.05596	0.01328	0.00627	0.00462	0.00141	0.00480	0.00486	0.00405	0.17339
3	0.06804	0.01406	0.03984	0.05752	0.21495	0.16830	0.01117	0.08047	0.09687	0.01718	0.01075	0.01297	0.00876	0.00829	0.06809	0.00212	0.08833	0.00439	0.02107	0.00683
4	0.01820	0.08916	0.01544	0.01241	0.01542	0.55594	0.00964	0.12496	0.08215	0.01604	0.00960	0.01046	0.00769	0.00548	0.00464	0.00137	0.00798	0.00366	0.00318	0.00658
5	0.01046	0.00898	0.01104	0.06005	0.01331	0.00842	0.00724	0.04155	0.06083	0.01638	0.01259	0.13097	0.01193	0.00656	0.00584	0.00127	0.09075	0.00525	0.00338	0.49319

[dist]
# distance from previous block
# <min> <max>
10	139

[block]
# block no. 1 follows, 48 sequences, length 77
# corresponding to MSA columns:
# 353-429
name=unknown_B
#
# <colnr> <probs for GDERKNQSTAVLIFYWHMCP>
#	G	D	E	R	K	N	Q	S	T	A	V	L	I	F	Y	W	H	M	C	P
0	0.11000	0.18847	0.15651	0.03584	0.01541	0.02578	0.01031	0.17485	0.02459	0.06390	0.01070	0.01307	0.00858	0.02335	0.01560	0.00164	0.03007	0.02920	0.00338	0.05876
1	0.04682	0.08344	0.02722	0.00799	0.01043	0.00827	0.00641	0.06062	0.02674	0.16923	0.04725	0.12277	0.06018	0.10546	0.08167	0.04443	0.00514	0.00657	0.00414	0.07522
2	0.04488	0.14312	0.29541	0.01198	0.04083	0.05102	0.02563	0.03978	0.07756	0.08406	0.02552	0.04457	0.04373	0.00615	0.00479	0.00154	0.00590	0.01959	0.00331	0.03064
3	0.05973	0.16339	0.15362	0.13440	0.04738	0.06099	0.08174	0.09098	0.03681	0.03676	0.00970	0.01147	0.00747	0.00492	0.00458	0.00144	0.00631	0.00398	0.00290	0.08140
4	0.04387	0.01264	0.09647	0.40717	0.14074	0.03862	0.12959	0.01488	0.02373	0.01504	0.00948	0.01295	0.00724	0.00490	0.00512	0.00164	0.00695	0.00459	0.00247	0.02190
5	0.01039	0.01042	0.02002	0.23314	0.09031	0.01081	0.31710	0.01346	0.01080	0.01454	0.01238	0.12472	0.01134	0.00791	0.03110	0.03499	0.03120	0.00657	0.00278	0.00602
6	0.01200	0.07031	0.04464	0.21572	0.05041	0.01153	0.26290	0.03825	0.01177	0.08262	0.01313	0.09099	0.01140	0.00645	0.00569	0.00172	0.01799	0.04281	0.00318	0.00648
7	0.01203	0.01164	0.04421	0.05792	0.03158	0.03523	0.30774	0.08649	0.03687	0.05149	0.01354	0.04764	0.02482	0.01172	0.14445	0.00285	0.03304	0.02111	0.01914	0.00647
8	0.00712	0.00486	0.00646	0.00726	0.00781	0.00469	0.00506	0.00816	0.00978	0.03767	0.02610	0.57193	0.05222	0.08776	0.09133	0.00297	0.00441	0.05563	0.00446	0.00430
9	0.01039	0.01051	0.07863	0.11012	0.06012	0.00931	0.21561	0.03616	0.03748	0.04923	0.01752	0.25017	0.04178	0.00896	0.00638	0.03424	0.00575	0.00812	0.00354	0.00599
10	0.01177	0.15235	0.26962	0.01649	0.02209	0.01361	0.35764	0.03502	0.01165	0.01593	0.01018	0.04156	0.00817	0.00499	0.00522	0.00160	0.00750	0.00507	0.00254	0.00702
11	0.01056	0.01833	0.39477	0.20133	0.12415	0.02410	0.06816	0.01513	0.01111	0.01566	0.03634	0.01436	0.00905	0.00535	0.00515	0.00166	0.00705	0.02831	0.00248	0.00696
12	0.01007	0.00861	0.01414	0.19719	0.21356	0.00885	0.06443	0.01291	0.01239	0.04656	0.27447	0.05423	0.04616	0.00746	0.00558	0.00164	0.00491	0.00687	0.00384	0.00613
13	0.01096	0.01043	0.05784	0.22853	0.19724	0.01016	0.08752	0.04273	0.02289	0.04585	0.01492	0.12472	0.01410	0.00761	0.00564	0.00179	0.00593	0.10143	0.00331	0.00642
14	0.01233	0.02676	0.18883	0.27173	0.05151	0.03606	0.05442	0.03932	0.04154	0.11365	0.01286	0.05863	0.01040	0.00630	0.00547	0.00170	0.02232	0.03616	0.00324	0.00675
15	0.00918	0.00770	0.00983	0.17753	0.04135	0.00815	0.00784	0.08783	0.07454	0.01646	0.05584	0.05235	0.32972	0.01129	0.04863	0.00209	0.00475	0.04521	0.00416	0.00555
16	0.01336	0.01996	0.48562	0.01323	0.01917	0.01104	0.04433	0.06276	0.02522	0.17007	0.01289	0.01544	0.00951	0.00592	0.00537	0.00168	0.02216	0.05123	0.00340	0.00764
17	0.04606	0.13777	0.31431	0.01474	0.04394	0.11899	0.15220	0.04629	0.02651	0.03895	0.00955	0.01116	0.00722	0.00488	0.00479	0.00152	0.00727	0.00408	0.00266	0.00712
18	0.01415	0.01150	0.01531	0.46106	0.03867	0.09401	0.03691	0.10757	0.01318	0.14135	0.01123	0.01365	0.00804	0.00543	0.00511	0.00163	0.00660	0.00458	0.00334	0.00666
19	0.01299	0.01026	0.01285	0.01101	0.01403	0.01108	0.08462	0.05102	0.46444	0.09415	0.02235	0.02437	0.07195	0.00779	0.00555	0.00178	0.00457	0.08274	0.00498	0.00746
20	0.00861	0.00562	0.00702	0.00707	0.00838	0.00519	0.00520	0.03925	0.01229	0.08952	0.19363	0.36238	0.18208	0.01289	0.00618	0.00186	0.00309	0.03965	0.00512	0.00498
21	0.01350	0.29348	0.14145	0.04478	0.04196	0.04216	0.19791	0.01695	0.03349	0.09083	0.01065	0.03215	0.00848	0.00508	0.00471	0.00147	0.00658	0.00449	0.00288	0.00700
22	0.04218	0.01385	0.01484	0.01149	0.01550	0.01531	0.00946	0.68053	0.06577	0.05950	0.01295	0.01278	0.00918	0.00617	0.00509	0.00155	0.00546	0.00466	0.00513	0.00861
23	0.01610	0.01268	0.01348	0.01112	0.01461	0.01432	0.00893	0.39498	0.40525	0.02684	0.01665	0.01577	0.01223	0.00656	0.00518	0.00164	0.00485	0.00522	0.00518	0.00842
24	0.04458	0.04163	0.14775	0.07018	0.04822	0.14412	0.16038	0.07962	0.02386	0.04238	0.01031	0.01356	0.00836	0.06562	0.01920	0.00196	0.06410	0.00466	0.00291	0.00659
25	0.01035	0.00970	0.01542	0.69529	0.07780	0.02868	0.01379	0.03892	0.01083	0.01388	0.00943	0.01402	0.00730	0.02746	0.00569	0.00177	0.00676	0.00461	0.00242	0.00588
26	0.01906	0.01267	0.01390	0.01076	0.01457	0.01367	0.00885	0.59335	0.02152	0.13800	0.01386	0.01369	0.00971	0.00617	0.00499	0.00151	0.00516	0.00471	0.08550	0.00835
27	0.00655	0.00494	0.00646	0.00767	0.03620	0.00455	0.00504	0.00772	0.01060	0.01401	0.09712	0.59466	0.15621	0.01467	0.00637	0.00197	0.00298	0.01315	0.00476	0.00440
28	0.36513	0.01114	0.01163	0.12230	0.02959	0.03763	0.00840	0.18780	0.01367	0.15141	0.01085	0.01163	0.00773	0.00541	0.00431	0.00158	0.00503	0.00389	0.00399	0.00688
29	0.00939	0.00605	0.00757	0.00767	0.00895	0.00581	0.00559	0.07511	0.02596	0.09704	0.08612	0.49887	0.09382	0.01329	0.00620	0.00192	0.00336	0.03705	0.00504	0.00519
30	0.00632	0.00480	0.00585	0.00660	0.00744	0.00433	0.00466	0.00747	0.01068	0.01368	0.05854	0.50403	0.28008	0.01481	0.00640	0.00197	0.00292	0.05036	0.00479	0.00427
31	0.01019	0.03629	0.01217	0.18502	0.04161	0.05213	0.00927	0.03500	0.00999	0.04341	0.01209	0.03118	0.01075	0.02157	0.38114	0.00480	0.08025	0.01483	0.00284	0.00546
32	0.01133	0.25188	0.54663	0.01323	0.01982	0.01434	0.04473	0.01601	0.01077	0.01507	0.00866	0.01021	0.00657	0.00472	0.00447	0.00148	0.00703	0.00358	0.00219	0.00727
33	0.01772	0.01349	0.01440	0.01145	0.01523	0.01508	0.00932	0.57404	0.22354	0.02946	0.01458	0.01412	0.01056	0.00637	0.00516	0.00159	0.00523	0.00493	0.00516	0.00857
34	0.01044	0.02553	0.73238	0.01518	0.02257	0.01200	0.07865	0.01626	0.01093	0.01626	0.00930	0.01107	0.00660	0.00483	0.00497	0.00163	0.00767	0.00397	0.00220	0.00753
35	0.01334	0.05508	0.08231	0.12719	0.17552	0.05159	0.25529	0.04004	0.02701	0.08269	0.01069	0.01313	0.00808	0.00500	0.00563	0.00162	0.03077	0.00490	0.00293	0.00718
36	0.00726	0.00575	0.00660	0.00636	0.00795	0.00535	0.00484	0.01024	0.07952	0.01755	0.37283	0.04217	0.36495	0.01141	0.00602	0.00170	0.00272	0.03668	0.00519	0.00490
37	0.81088	0.00986	0.00778	0.00688	0.01009	0.01130	0.00566	0.01562	0.00905	0.06456	0.00785	0.00883	0.00594	0.00485	0.00328	0.00159	0.00399	0.00291	0.00335	0.00573
38	0.00852	0.00645	0.00748	0.00761	0.04228	0.02251	0.00536	0.01105	0.05864	0.06417	0.28742	0.08051	0.33403	0.03313	0.00646	0.00177	0.00312	0.00934	0.00500	0.00516
39	0.01953	0.08672	0.12971	0.01007	0.01453	0.00994	0.00945	0.07376	0.02383	0.52510	0.01703	0.03280	0.01144	0.00616	0.00497	0.00156	0.00500	0.00491	0.00521	0.00826
40	0.01362	0.01123	0.01192	0.01052	0.01355	0.01287	0.00824	0.08826	0.69399	0.04497	0.02016	0.01853	0.01501	0.00688	0.00521	0.00172	0.00420	0.00569	0.00525	0.00819
41	0.06733	0.00933	0.01192	0.00921	0.01310	0.00861	0.00760	0.10473	0.01531	0.65341	0.01862	0.01645	0.01190	0.00624	0.00502	0.00158	0.00445	0.00497	0.02177	0.00849
42	0.01111	0.07222	0.61076	0.01359	0.02019	0.01179	0.04216	0.01647	0.02698	0.05830	0.06044	0.01309	0.00980	0.00531	0.00492	0.00160	0.00691	0.00428	0.00270	0.00739
43	0.01042	0.05595	0.76479	0.01441	0.02187	0.01223	0.01858	0.01622	0.01082	0.01610	0.00913	0.01074	0.00650	0.00486	0.00482	0.00161	0.00751	0.00375	0.00217	0.00755
44	0.00625	0.00447	0.00595	0.00714	0.00744	0.00417	0.00476	0.00714	0.00982	0.01310	0.02828	0.81633	0.03394	0.01608	0.00655	0.00208	0.00298	0.01459	0.00476	0.00417
45	0.01005	0.00794	0.06307	0.00845	0.01070	0.00661	0.03181	0.02711	0.02798	0.12164	0.27167	0.08598	0.16649	0.01045	0.00626	0.00178	0.02424	0.10716	0.00496	0.00563
46	0.01090	0.01015	0.01636	0.54988	0.16222	0.01222	0.01396	0.05445	0.01101	0.01470	0.00914	0.01319	0.00715	0.00548	0.00630	0.00172	0.08784	0.00456	0.00248	0.00627
47	0.01211	0.01384	0.03028	0.02163	0.02682	0.01298	0.76903	0.01644	0.01211	0.01644	0.01038	0.01384	0.00779	0.00433	0.00606	0.00173	0.00865	0.00606	0.00260	0.00692
48	0.31468	0.00946	0.01265	0.50589	0.03874	0.01145	0.01114	0.01386	0.00973	0.01674	0.00842	0.01174	0.00640	0.00499	0.00442	0.00166	0.00579	0.00392	0.00261	0.00569
49	0.07962	0.04096	0.66964	0.01345	0.02021	0.01164	0.01687	0.01564	0.01060	0.01655	0.01003	0.05413	0.00791	0.00546	0.00479	0.00164	0.00699	0.00427	0.00239	0.00721
50	0.01285	0.01130	0.02218	0.01702	0.05544	0.01057	0.45602	0.03122	0.01319	0.12797	0.16903	0.01925	0.01677	0.00591	0.00586	0.00167	0.00660	0.00649	0.00380	0.00685
51	0.00625	0.00447	0.00595	0.00714	0.00744	0.00417	0.00476	0.00714	0.00982	0.01310	0.02828	0.81633	0.03394	0.01608	0.00655	0.00208	0.00298	0.01459	0.00476	0.00417
52	0.01133	0.12132	0.39378	0.09312	0.16479	0.01309	0.07858	0.01606	0.03202	0.01568	0.00944	0.01160	0.00720	0.00479	0.00484	0.00156	0.00696	0.00412	0.00237	0.00734
53	0.01233	0.01317	0.01585	0.51159	0.12059	0.19860	0.01335	0.01516	0.01140	0.01340	0.00886	0.01247	0.00694	0.00517	0.00521	0.00161	0.02160	0.00426	0.00240	0.00605
54	0.01302	0.01002	0.01092	0.00967	0.01248	0.01113	0.00756	0.04722	0.56614	0.09349	0.09360	0.02238	0.06451	0.00757	0.00534	0.00171	0.00390	0.00633	0.00534	0.00766
55	0.04301	0.16965	0.48181	0.02961	0.03883	0.02914	0.01524	0.06342	0.01144	0.01641	0.00880	0.01045	0.00668	0.00509	0.00519	0.00155	0.05033	0.00368	0.00242	0.00723
56	0.01249	0.05075	0.03616	0.20028	0.35832	0.01289	0.07065	0.07668	0.07855	0.01722	0.01057	0.01324	0.00837	0.00512	0.00539	0.00160	0.02676	0.00468	0.00289	0.00739
57	0.01237	0.01293	0.01561	0.18527	0.11846	0.19438	0.09988	0.01568	0.05260	0.01485	0.01428	0.02410	0.01331	0.00740	0.00562	0.00177	0.00683	0.19536	0.00321	0.00609
58	0.00699	0.00520	0.00657	0.00705	0.00789	0.00498	0.00497	0.00932	0.06520	0.01593	0.25175	0.48352	0.08411	0.01360	0.00628	0.00190	0.00287	0.01217	0.00506	0.00465
59	0.04619	0.74853	0.02548	0.00894	0.01319	0.06208	0.00872	0.01563	0.01058	0.01252	0.00718	0.00829	0.00655	0.00445	0.00336	0.00113	0.00563	0.00278	0.00226	0.00651
60	0.06139	0.18956	0.18110	0.04571	0.26945	0.07756	0.01314	0.01645	0.05201	0.01573	0.01024	0.01200	0.02457	0.00500	0.00454	0.00146	0.00625	0.00401	0.00262	0.00719
61	0.00715	0.00566	0.00662	0.00705	0.00860	0.00521	0.00577	0.00927	0.03495	0.01469	0.04114	0.05185	0.46080	0.01328	0.00645	0.00198	0.00349	0.30667	0.00476	0.00460
62	0.01609	0.20937	0.11754	0.01209	0.01570	0.44523	0.01067	0.03720	0.01303	0.01346	0.00934	0.01060	0.03065	0.00541	0.00482	0.00136	0.03498	0.00354	0.00259	0.00632
63	0.01608	0.01472	0.03328	0.04004	0.05006	0.12003	0.28123	0.21095	0.06100	0.10247	0.01212	0.01343	0.00882	0.00534	0.00540	0.00160	0.00707	0.00506	0.00379	0.00753
64	0.01458	0.37498	0.01918	0.01003	0.01372	0.07642	0.02106	0.09146	0.23259	0.05114	0.03859	0.01334	0.01110	0.00566	0.00434	0.00139	0.00528	0.00422	0.00368	0.00722
65	0.00693	0.00507	0.00661	0.00765	0.00823	0.00494	0.00542	0.00889	0.05978	0.01392	0.02766	0.66902	0.03220	0.01525	0.00653	0.00210	0.00327	0.10726	0.00479	0.00449
66	0.01177	0.04312	0.01780	0.40270	0.32338	0.06993	0.01418	0.01503	0.02598	0.01460	0.00939	0.01287	0.00748	0.00493	0.00500	0.00159	0.00662	0.00443	0.00246	0.00674
67	0.01088	0.00965	0.03738	0.00964	0.01197	0.01003	0.04817	0.04758	0.39704	0.01792	0.04932	0.02438	0.04854	0.19679	0.04251	0.00275	0.00498	0.01969	0.00437	0.00641
68	0.01859	0.01392	0.01489	0.01162	0.01557	0.01549	0.00953	0.67015	0.12602	0.03087	0.01348	0.01324	0.00966	0.00627	0.00514	0.00157	0.00543	0.00478	0.00514	0.00864
69	0.01219	0.08565	0.05815	0.02023	0.02544	0.01358	0.67428	0.01633	0.01191	0.01604	0.01005	0.01324	0.00763	0.00435	0.00577	0.00167	0.00833	0.00568	0.00254	0.00692
70	0.01131	0.01082	0.01853	0.38593	0.42892	0.01184	0.02979	0.01456	0.01104	0.01509	0.00942	0.01317	0.00753	0.00482	0.00512	0.00161	0.00649	0.00460	0.00242	0.00699
71	0.01127	0.01126	0.01588	0.01406	0.03882	0.01560	0.01137	0.01246	0.00798	0.01249	0.00683	0.01127	0.00678	0.00884	0.01645	0.00222	0.78395	0.00449	0.00225	0.00570
72	0.00617	0.00496	0.00552	0.00595	0.00718	0.00430	0.00428	0.00735	0.01105	0.01363	0.04332	0.31483	0.51138	0.01408	0.00625	0.00187	0.00277	0.02608	0.00476	0.00428
73	0.01658	0.04637	0.01704	0.04108	0.01780	0.50391	0.13055	0.02044	0.12822	0.01451	0.01027	0.01158	0.00816	0.00535	0.00492	0.00146	0.00817	0.00414	0.00299	0.00644
74	0.25533	0.01360	0.01294	0.01037	0.01408	0.07102	0.00848	0.46644	0.03052	0.05380	0.01094	0.01125	0.00792	0.00572	0.00455	0.00154	0.00537	0.00404	0.00444	0.00762
75	0.00622	0.00517	0.00545	0.00564	0.00720	0.00441	0.00424	0.00754	0.01153	0.01388	0.04830	0.11975	0.67081	0.01335	0.00617	0.00180	0.00276	0.05664	0.00476	0.00434
76	0.01270	0.01219	0.02083	0.03149	0.78767	0.01219	0.01575	0.01575	0.01168	0.01676	0.00965	0.01270	0.00813	0.00457	0.00508	0.00152	0.00610	0.00457	0.00254	0.00813

[dist]
# distance from previous block
# <min> <max>
0	24

[block]
# block no. 2 follows, 48 sequences, length 19
# corresponding to MSA columns:
# 454-472
name=unknown_C
#
# <colnr> <probs for GDERKNQSTAVLIFYWHMCP>
#	G	D	E	R	K	N	Q	S	T	A	V	L	I	F	Y	W	H	M	C	P
0	0.01951	0.01437	0.01540	0.01181	0.01591	0.01591	0.00975	0.77056	0.02412	0.03234	0.01232	0.01232	0.00873	0.00616	0.00513	0.00154	0.00565	0.00462	0.00513	0.00873
1	0.00720	0.00531	0.00677	0.00660	0.00789	0.00488	0.00508	0.00945	0.01382	0.01903	0.59593	0.04207	0.15278	0.01126	0.00617	0.00171	0.00270	0.09117	0.00542	0.00476
2	0.00776	0.00487	0.00582	0.00582	0.00582	0.00487	0.00339	0.00730	0.00730	0.00973	0.01467	0.02986	0.01664	0.65387	0.02486	0.17985	0.00487	0.00684	0.00293	0.00293
3	0.68283	0.01078	0.00880	0.00767	0.01084	0.03949	0.00627	0.10908	0.01083	0.02330	0.00812	0.00941	0.00633	0.00653	0.04055	0.00188	0.00482	0.00315	0.00338	0.00592
4	0.54195	0.01131	0.01032	0.00851	0.01203	0.01274	0.00702	0.26099	0.01403	0.06503	0.00949	0.01009	0.00695	0.00530	0.00391	0.00157	0.00453	0.00350	0.00397	0.00675
5	0.00670	0.00485	0.00589	0.00643	0.00701	0.00453	0.00432	0.00761	0.00999	0.01309	0.08921	0.38205	0.16556	0.22531	0.01157	0.00275	0.00346	0.04127	0.00440	0.00400
6	0.01105	0.01078	0.04687	0.04936	0.50143	0.01022	0.01281	0.01432	0.03288	0.01726	0.15286	0.02116	0.04609	0.00655	0.00539	0.00161	0.00526	0.04365	0.00335	0.00711
7	0.01918	0.02393	0.01459	0.01314	0.01587	0.75817	0.00991	0.05966	0.01504	0.01359	0.00816	0.00941	0.00672	0.00533	0.00465	0.00133	0.00906	0.00337	0.00277	0.00609
8	0.00795	0.00591	0.00885	0.00931	0.04836	0.00676	0.00667	0.00924	0.00818	0.01172	0.01281	0.01957	0.01218	0.07303	0.59618	0.10790	0.04286	0.00539	0.00267	0.00445
9	0.00723	0.00487	0.00592	0.00630	0.00655	0.00474	0.00401	0.00751	0.00852	0.01124	0.02146	0.23873	0.06612	0.45033	0.01821	0.07155	0.00426	0.05529	0.00366	0.00348
10	0.04167	0.01328	0.01651	0.03887	0.23953	0.05175	0.03276	0.37477	0.03823	0.05111	0.01170	0.01343	0.00899	0.03728	0.00588	0.00168	0.00591	0.00469	0.00402	0.00795
11	0.41388	0.03401	0.01260	0.07846	0.17195	0.01194	0.00899	0.10177	0.01163	0.07296	0.00955	0.01145	0.00743	0.02824	0.00474	0.00166	0.00493	0.00379	0.00338	0.00663
12	0.03373	0.01381	0.10024	0.08381	0.40504	0.03949	0.01364	0.10162	0.07234	0.01855	0.01058	0.01268	0.00836	0.00499	0.00494	0.00151	0.00602	0.00440	0.00303	0.06122
13	0.05375	0.05753	0.01396	0.07018	0.07976	0.11650	0.00892	0.14494	0.03571	0.04904	0.01053	0.01248	0.00842	0.00507	0.00445	0.00126	0.00541	0.02070	0.00344	0.29793
14	0.02802	0.15810	0.20095	0.01233	0.05898	0.09330	0.02269	0.13251	0.01362	0.07997	0.03628	0.03625	0.01010	0.00569	0.00467	0.00143	0.00603	0.01628	0.00336	0.07944
15	0.01259	0.08594	0.19020	0.01293	0.06256	0.05229	0.08411	0.03733	0.12028	0.08330	0.03076	0.05901	0.04134	0.00645	0.00507	0.00156	0.00573	0.02813	0.00359	0.07683
16	0.05270	0.06213	0.06006	0.01106	0.05382	0.04184	0.03131	0.12531	0.17193	0.06951	0.05238	0.03756	0.04280	0.00623	0.00481	0.00144	0.00483	0.00509	0.00409	0.16109
17	0.05293	0.01074	0.03776	0.01344	0.16359	0.03274	0.04447	0.01506	0.08729	0.01750	0.06542	0.04293	0.01216	0.00533	0.00458	0.00124	0.00467	0.00463	0.00335	0.38020
18	0.03583	0.01179	0.05451	0.01094	0.05791	0.04989	0.02558	0.16110	0.05300	0.04977	0.02519	0.06707	0.03387	0.00603	0.00492	0.00131	0.01964	0.00490	0.00378	0.32298

[dist]
# distance from previous block
# <min> <max>
20	44

[block]
# block no. 3 follows, 48 sequences, length 11
# corresponding to MSA columns:
# 534-536,542-549
name=unknown_D
#
# <colnr> <probs for GDERKNQSTAVLIFYWHMCP>
#	G	D	E	R	K	N	Q	S	T	A	V	L	I	F	Y	W	H	M	C	P
0	0.01369	0.03747	0.13592	0.03157	0.01585	0.13917	0.03915	0.18657	0.09335	0.01901	0.01471	0.01581	0.07346	0.00873	0.06604	0.00204	0.03385	0.00487	0.00357	0.06520
1	0.01205	0.06725	0.01630	0.01411	0.07779	0.01507	0.01090	0.08787	0.01009	0.01473	0.00884	0.05920	0.00866	0.00844	0.01315	0.00203	0.55972	0.00499	0.00270	0.00611
2	0.01301	0.01088	0.01147	0.00866	0.01289	0.07389	0.00690	0.07310	0.05800	0.07132	0.01073	0.01163	0.00844	0.00447	0.00415	0.00098	0.00445	0.00349	0.00353	0.60799
3	0.11003	0.01336	0.01182	0.01002	0.01313	0.20902	0.00791	0.11876	0.09410	0.22994	0.06974	0.01672	0.04447	0.00712	0.01991	0.00166	0.00566	0.00495	0.00461	0.00708
4	0.00904	0.00682	0.00812	0.00827	0.00957	0.00704	0.00612	0.10329	0.12090	0.01696	0.04154	0.45109	0.06486	0.03538	0.00675	0.00205	0.00366	0.08837	0.00484	0.00533
5	0.01169	0.01049	0.01517	0.41341	0.10657	0.07598	0.05923	0.01482	0.03044	0.07856	0.01428	0.03585	0.06807	0.00729	0.03500	0.00191	0.00664	0.00538	0.00304	0.00618
6	0.00972	0.00805	0.01118	0.19366	0.10056	0.02807	0.00886	0.04729	0.02664	0.04201	0.14477	0.23354	0.07529	0.00967	0.00615	0.00177	0.03467	0.00845	0.00403	0.00562
7	0.01039	0.00849	0.01336	0.34389	0.08283	0.00923	0.04785	0.01296	0.01080	0.07350	0.01661	0.13327	0.07649	0.00749	0.00581	0.00168	0.03970	0.00656	0.03493	0.06417
8	0.28193	0.22471	0.04396	0.01042	0.01424	0.09887	0.08016	0.11877	0.03343	0.01912	0.00888	0.01041	0.00718	0.02291	0.00452	0.00152	0.00575	0.00361	0.00309	0.00651
9	0.06052	0.13789	0.02563	0.04997	0.07662	0.03367	0.00809	0.02522	0.11312	0.01529	0.02994	0.18178	0.04216	0.01374	0.14042	0.00279	0.00619	0.02754	0.00358	0.00585
10	0.04775	0.24596	0.04718	0.01157	0.07789	0.07762	0.00917	0.12098	0.10434	0.07987	0.01358	0.06942	0.03000	0.00623	0.00456	0.00144	0.00532	0.00485	0.00367	0.03863

[dist]
# distance from previous block
# <min> <max>
5	59

[block]
# block no. 4 follows, 48 sequences, length 64
# corresponding to MSA columns:
# 609-621,626-676
name=unknown_E
#
# <colnr> <probs for GDERKNQSTAVLIFYWHMCP>
#	G	D	E	R	K	N	Q	S	T	A	V	L	I	F	Y	W	H	M	C	P
0	0.04006	0.00979	0.01107	0.01030	0.04117	0.06215	0.03770	0.18732	0.07659	0.03520	0.02929	0.25754	0.04196	0.06226	0.02972	0.02170	0.00498	0.00805	0.00430	0.02885
1	0.05709	0.04821	0.05914	0.21705	0.10074	0.11799	0.16098	0.06838	0.03320	0.04046	0.02395	0.03049	0.00890	0.00536	0.00510	0.00160	0.00688	0.00483	0.00297	0.00667
2	0.03699	0.09073	0.06891	0.06141	0.07567	0.21146	0.01015	0.06422	0.05887	0.17403	0.01237	0.01390	0.00942	0.00566	0.00475	0.00146	0.00624	0.02839	0.00370	0.06167
3	0.03264	0.00603	0.00775	0.02775	0.00918	0.00611	0.00558	0.01141	0.04002	0.09418	0.19529	0.04635	0.07829	0.15318	0.18252	0.03522	0.00593	0.03715	0.02052	0.00490
4	0.03792	0.05909	0.12492	0.01334	0.01643	0.22650	0.06704	0.09019	0.04181	0.03708	0.00916	0.01118	0.00740	0.00629	0.00810	0.00169	0.22823	0.00413	0.00290	0.00661
5	0.01324	0.05724	0.08956	0.05793	0.15207	0.01205	0.29628	0.01692	0.03021	0.12321	0.02689	0.03680	0.00996	0.00550	0.00602	0.00167	0.04862	0.00544	0.00320	0.00720
6	0.02998	0.01110	0.06619	0.05080	0.25020	0.01003	0.18119	0.01416	0.04220	0.01713	0.14969	0.04370	0.08074	0.00692	0.00559	0.00166	0.00562	0.02304	0.00347	0.00659
7	0.00651	0.00563	0.03743	0.00680	0.00780	0.00462	0.00501	0.00777	0.01053	0.01375	0.08644	0.48148	0.22638	0.06570	0.00757	0.00213	0.00315	0.01236	0.00462	0.00433
8	0.01343	0.53523	0.22023	0.01074	0.01575	0.10133	0.01149	0.01614	0.01097	0.01319	0.00775	0.00900	0.00657	0.00461	0.00384	0.00126	0.00642	0.00307	0.00224	0.00677
9	0.01542	0.04514	0.10990	0.09475	0.14001	0.10020	0.08682	0.17918	0.03871	0.10886	0.01160	0.01292	0.00852	0.00536	0.00504	0.00155	0.00651	0.00454	0.01744	0.00755
10	0.04942	0.06886	0.01464	0.01248	0.01515	0.69324	0.00948	0.01946	0.01390	0.01294	0.00867	0.04160	0.00767	0.00565	0.00457	0.00135	0.00859	0.00371	0.00272	0.00590
11	0.00692	0.00467	0.00616	0.00713	0.00765	0.00431	0.00483	0.00787	0.01011	0.04441	0.02906	0.74839	0.06819	0.01554	0.00647	0.00205	0.00302	0.01403	0.00483	0.00436
12	0.05602	0.53574	0.14306	0.01054	0.01531	0.03284	0.05033	0.05202	0.03617	0.01478	0.00833	0.00950	0.00698	0.00467	0.00385	0.00128	0.00594	0.00328	0.00251	0.00684
13	0.01062	0.16169	0.51401	0.01333	0.01938	0.01264	0.07562	0.01514	0.01071	0.01514	0.01077	0.08271	0.00929	0.02097	0.00524	0.00165	0.00685	0.00482	0.00245	0.00697
14	0.00803	0.00576	0.00797	0.00912	0.01024	0.00571	0.00783	0.01023	0.01163	0.01511	0.02795	0.12622	0.05078	0.01431	0.00701	0.00232	0.00451	0.66588	0.00473	0.00466
15	0.06963	0.01176	0.01272	0.02967	0.01391	0.01302	0.00839	0.51773	0.01955	0.02758	0.04670	0.04484	0.01177	0.00735	0.02248	0.00169	0.02039	0.00512	0.10824	0.00747
16	0.14765	0.06031	0.02810	0.01028	0.02315	0.01183	0.05509	0.25469	0.09447	0.02212	0.03987	0.14592	0.03558	0.03088	0.00568	0.00176	0.00479	0.01689	0.00428	0.00669
17	0.45869	0.01331	0.01108	0.00933	0.01264	0.12700	0.00755	0.23214	0.01409	0.04093	0.00902	0.00987	0.00680	0.00536	0.00428	0.00155	0.02257	0.00347	0.00371	0.00659
18	0.00639	0.00473	0.00601	0.00697	0.00762	0.00435	0.00490	0.00748	0.01034	0.01343	0.03264	0.60780	0.17487	0.01533	0.00650	0.00204	0.00305	0.07654	0.00476	0.00425
19	0.29203	0.01176	0.01226	0.02606	0.04315	0.01299	0.00829	0.32131	0.09436	0.11159	0.01222	0.01233	0.00878	0.00573	0.00450	0.00158	0.00483	0.00420	0.00448	0.00755
20	0.01005	0.00944	0.01464	0.67023	0.03139	0.02939	0.01322	0.01414	0.06694	0.01394	0.02707	0.01615	0.00923	0.00579	0.00541	0.00173	0.01949	0.03323	0.00267	0.00583
21	0.00625	0.00449	0.00593	0.00709	0.00743	0.00417	0.00474	0.00715	0.00987	0.01312	0.02892	0.79562	0.05423	0.01599	0.00654	0.00207	0.00297	0.01449	0.00476	0.00417
22	0.01261	0.01210	0.02066	0.05550	0.76439	0.01217	0.01570	0.01567	0.01164	0.01665	0.00964	0.01273	0.00809	0.00459	0.00508	0.00153	0.00612	0.00457	0.00253	0.00805
23	0.32738	0.07146	0.01275	0.00996	0.01304	0.20043	0.03824	0.11718	0.03781	0.02009	0.04719	0.01248	0.00953	0.00569	0.00447	0.00151	0.02121	0.01970	0.02366	0.00621
24	0.00646	0.00487	0.00683	0.00756	0.00814	0.00451	0.03381	0.00751	0.01004	0.01328	0.02928	0.73133	0.08629	0.01541	0.00650	0.00205	0.00317	0.01400	0.00468	0.00428
25	0.16579	0.00894	0.01116	0.00872	0.01255	0.00822	0.00720	0.02331	0.01367	0.65954	0.01800	0.01590	0.01148	0.00608	0.00482	0.00159	0.00430	0.00475	0.00581	0.00819
26	0.00856	0.00767	0.03420	0.05278	0.01239	0.00722	0.07848	0.05080	0.08319	0.01577	0.04426	0.34722	0.15836	0.01185	0.00612	0.00190	0.00416	0.06534	0.00442	0.00531
27	0.58965	0.14620	0.05069	0.00780	0.01145	0.02735	0.00701	0.01610	0.00971	0.08344	0.00833	0.00921	0.00638	0.00485	0.00347	0.00150	0.00453	0.00303	0.00321	0.00610
28	0.00657	0.00469	0.00631	0.00750	0.00794	0.00444	0.00531	0.00769	0.01013	0.01345	0.02811	0.69810	0.03325	0.01578	0.00663	0.00213	0.00325	0.12971	0.00476	0.00425
29	0.34442	0.01337	0.01684	0.01303	0.01694	0.08981	0.24740	0.14647	0.03090	0.02149	0.00945	0.01110	0.00714	0.00497	0.00461	0.00160	0.00625	0.00425	0.00333	0.00663
30	0.08831	0.09340	0.19141	0.01132	0.01556	0.06705	0.02922	0.15552	0.18694	0.03514	0.01283	0.01451	0.01005	0.04868	0.00587	0.00175	0.00581	0.01566	0.00370	0.00725
31	0.01029	0.02654	0.79309	0.01462	0.02221	0.01192	0.01896	0.01625	0.01083	0.01625	0.00921	0.01083	0.00650	0.00487	0.00487	0.00162	0.00758	0.00379	0.00217	0.00758
32	0.00608	0.00514	0.00526	0.00535	0.00697	0.00432	0.00397	0.00735	0.01155	0.01380	0.05015	0.10846	0.72768	0.01323	0.00610	0.00176	0.00263	0.01112	0.00476	0.00432
33	0.01267	0.38341	0.36332	0.01163	0.01728	0.05140	0.01326	0.01669	0.03944	0.03504	0.00894	0.01008	0.00705	0.00479	0.00417	0.00138	0.00650	0.00341	0.00243	0.00711
34	0.01318	0.12606	0.21884	0.01153	0.01589	0.02741	0.04200	0.17445	0.10614	0.05050	0.05191	0.04863	0.01218	0.00880	0.06797	0.00209	0.00644	0.00508	0.00369	0.00722
35	0.01211	0.01384	0.03028	0.02163	0.02682	0.01298	0.76903	0.01644	0.01211	0.01644	0.01038	0.01384	0.00779	0.00433	0.00606	0.00173	0.00865	0.00606	0.00260	0.00692
36	0.01699	0.29784	0.01849	0.01139	0.01462	0.48753	0.00932	0.03588	0.01323	0.01306	0.00805	0.00929	0.00686	0.00502	0.00415	0.00125	0.00765	0.00319	0.03001	0.00619
37	0.01292	0.33686	0.26024	0.01068	0.01568	0.04838	0.01145	0.03150	0.03993	0.06596	0.05375	0.01269	0.02301	0.00529	0.00430	0.00136	0.00587	0.00392	0.00293	0.05327
38	0.00842	0.00650	0.00900	0.00871	0.01017	0.00629	0.06330	0.06373	0.03387	0.02859	0.07052	0.39690	0.13853	0.01303	0.00633	0.00196	0.00382	0.12058	0.00471	0.00503
39	0.00619	0.00486	0.00560	0.00614	0.00719	0.00427	0.00433	0.00733	0.01091	0.01371	0.06363	0.40620	0.41274	0.01435	0.00629	0.00189	0.00277	0.01253	0.00479	0.00427
40	0.04513	0.58952	0.07089	0.00931	0.01351	0.04005	0.00915	0.05148	0.01150	0.04387	0.05154	0.01071	0.00922	0.00505	0.00400	0.00125	0.02101	0.00341	0.00273	0.00666
41	0.03596	0.08177	0.04580	0.35342	0.02361	0.14583	0.01164	0.09042	0.08029	0.02932	0.02467	0.01302	0.00857	0.00557	0.00519	0.00158	0.02955	0.00433	0.00303	0.00643
42	0.00635	0.00495	0.00580	0.00633	0.00742	0.00440	0.00458	0.00762	0.01111	0.01403	0.08247	0.35977	0.39055	0.01418	0.00633	0.00191	0.00288	0.06021	0.00481	0.00432
43	0.06009	0.05948	0.01398	0.01118	0.01391	0.09065	0.04425	0.11820	0.29122	0.05177	0.01537	0.06965	0.01274	0.00727	0.00647	0.00172	0.10054	0.02023	0.00420	0.00709
44	0.09894	0.20897	0.03757	0.03093	0.03076	0.17007	0.01905	0.03896	0.14140	0.01643	0.06108	0.01399	0.01151	0.00850	0.07308	0.00202	0.00645	0.00429	0.01961	0.00640
45	0.03374	0.01241	0.02018	0.04938	0.72787	0.03463	0.01529	0.01580	0.01166	0.01671	0.00953	0.01252	0.00799	0.00461	0.00502	0.00152	0.00615	0.00449	0.00255	0.00794
46	0.01253	0.00720	0.00900	0.00783	0.01012	0.00693	0.00611	0.01685	0.14564	0.23442	0.40827	0.02974	0.06618	0.00885	0.00566	0.00163	0.00325	0.00761	0.00573	0.00646
47	0.01225	0.41706	0.36518	0.01149	0.01714	0.04749	0.01323	0.01582	0.01088	0.01416	0.02809	0.01020	0.00762	0.00480	0.00412	0.00135	0.00649	0.00340	0.00229	0.00696
48	0.01297	0.08499	0.01797	0.11232	0.39255	0.10147	0.01262	0.02827	0.11494	0.01617	0.01272	0.01462	0.04541	0.00544	0.00494	0.00152	0.00604	0.00473	0.00299	0.00729
49	0.01521	0.00751	0.00984	0.00860	0.01114	0.00701	0.00690	0.06047	0.04080	0.36477	0.16324	0.13893	0.02443	0.00955	0.00578	0.00177	0.00392	0.10766	0.00567	0.00681
50	0.01391	0.74744	0.05467	0.00921	0.01366	0.04196	0.00922	0.03712	0.01095	0.01282	0.00738	0.00847	0.00664	0.00448	0.00344	0.00114	0.00568	0.00285	0.00229	0.00666
51	0.04973	0.04017	0.03934	0.00793	0.00989	0.00722	0.03500	0.06272	0.02986	0.03026	0.16977	0.15596	0.18502	0.07726	0.00780	0.02309	0.00388	0.05557	0.00443	0.00512
52	0.03738	0.01301	0.01541	0.11086	0.29044	0.14524	0.01167	0.03886	0.15459	0.03784	0.01406	0.01724	0.03568	0.00613	0.00513	0.00161	0.00603	0.04829	0.00342	0.00711
53	0.00625	0.00512	0.00551	0.00567	0.00715	0.00439	0.00420	0.00761	0.01169	0.01437	0.11142	0.15026	0.60434	0.01322	0.00615	0.00178	0.00268	0.02897	0.00484	0.00436
54	0.10403	0.04474	0.08056	0.05514	0.13472	0.07608	0.11072	0.10025	0.07708	0.01812	0.01165	0.02449	0.03238	0.00598	0.00634	0.00166	0.10124	0.00477	0.00315	0.00689
55	0.04584	0.03444	0.01703	0.16748	0.18440	0.09104	0.07133	0.19375	0.02840	0.05273	0.01105	0.01372	0.00862	0.00672	0.03584	0.00183	0.00671	0.01849	0.00339	0.00718
56	0.01234	0.01285	0.02370	0.01769	0.02207	0.01290	0.50094	0.02025	0.28209	0.01821	0.01408	0.01571	0.01056	0.00525	0.00576	0.00173	0.00703	0.00597	0.00352	0.00734
57	0.01756	0.11603	0.07162	0.01262	0.01587	0.59062	0.01033	0.03835	0.05552	0.01373	0.00874	0.00986	0.00714	0.00527	0.00453	0.00135	0.00833	0.00344	0.00276	0.00633
58	0.01139	0.01087	0.01868	0.25923	0.48737	0.01150	0.04426	0.01447	0.01117	0.01544	0.01066	0.06218	0.00931	0.00543	0.00522	0.00162	0.00623	0.00524	0.00260	0.00712
59	0.01213	0.24941	0.16333	0.04715	0.13211	0.01453	0.25577	0.01570	0.01125	0.01503	0.00956	0.01277	0.00784	0.00479	0.00490	0.00152	0.00699	0.02576	0.00244	0.00701
60	0.00749	0.00556	0.00722	0.00796	0.00920	0.00529	0.00661	0.00950	0.01192	0.01539	0.11394	0.11338	0.20787	0.01366	0.00670	0.00211	0.00385	0.44293	0.00484	0.00460
61	0.01297	0.01367	0.03567	0.27885	0.17926	0.17342	0.05574	0.06952	0.02459	0.01558	0.01096	0.03077	0.00936	0.02006	0.00557	0.00168	0.00695	0.04603	0.00287	0.00649
62	0.01247	0.02890	0.03362	0.24961	0.24702	0.10592	0.13664	0.02823	0.01153	0.01495	0.00915	0.01251	0.00735	0.00518	0.00616	0.00164	0.07531	0.00460	0.00249	0.00673
63	0.00642	0.00557	0.03527	0.00692	0.00796	0.00457	0.00516	0.00768	0.01051	0.01353	0.03476	0.52374	0.26234	0.01464	0.00636	0.00197	0.00310	0.04047	0.00466	0.00437

[dist]
# distance from previous block
# <min> <max>
0	23

# created by:
# /home/cegg/simao/soft/augustus-3.2.1/scripts/msa2prfl.pl ./align_prep/EOG091G0GKH.fa
