[name]
unknown

[dist]
# distance from previous block
# <min> <max>
0	145

[block]
# block no. 0 follows, 50 sequences, length 41
# corresponding to MSA columns:
# 147-165,168-172,177-193
name=unknown_A
#
# <colnr> <probs for GDERKNQSTAVLIFYWHMCP>
#	G	D	E	R	K	N	Q	S	T	A	V	L	I	F	Y	W	H	M	C	P
0	0.03370	0.00636	0.00752	0.00694	0.00843	0.03045	0.00533	0.04590	0.01427	0.04666	0.64822	0.03445	0.04078	0.00969	0.00573	0.00159	0.00291	0.04073	0.00529	0.00506
1	0.00723	0.00465	0.00608	0.00687	0.00749	0.00430	0.00471	0.00829	0.01007	0.06082	0.04980	0.68612	0.05710	0.01433	0.00612	0.00193	0.00292	0.01290	0.04391	0.00437
2	0.00625	0.00502	0.02924	0.00711	0.00767	0.00431	0.00504	0.00736	0.00987	0.01329	0.07655	0.74667	0.03309	0.01494	0.00628	0.00198	0.00299	0.01353	0.00461	0.00419
3	0.03005	0.13871	0.43405	0.01340	0.05069	0.01246	0.06690	0.05925	0.02944	0.03898	0.00958	0.01134	0.00727	0.00637	0.03021	0.04113	0.00677	0.00391	0.00255	0.00694
4	0.01716	0.01941	0.01354	0.01190	0.01453	0.54742	0.02365	0.15170	0.01502	0.01584	0.00944	0.01133	0.00778	0.03251	0.04673	0.00178	0.00815	0.00379	0.04228	0.00606
5	0.01330	0.39996	0.20671	0.01031	0.01486	0.05639	0.01066	0.11495	0.01214	0.03841	0.00953	0.03592	0.00820	0.04296	0.00504	0.00147	0.00590	0.00382	0.00276	0.00670
6	0.06208	0.01322	0.12245	0.01203	0.01611	0.04219	0.14617	0.16597	0.06087	0.17573	0.07775	0.01581	0.01243	0.03129	0.00568	0.00165	0.00565	0.00508	0.00413	0.02370
7	0.00725	0.00483	0.00544	0.00544	0.00544	0.00483	0.00302	0.00725	0.00725	0.00966	0.01571	0.03262	0.01812	0.82483	0.02537	0.00483	0.00483	0.00725	0.00302	0.00302
8	0.00610	0.00444	0.00575	0.00672	0.00719	0.00409	0.00454	0.00707	0.00992	0.01310	0.06172	0.71024	0.11060	0.01509	0.00629	0.00197	0.00283	0.01358	0.00466	0.00409
9	0.01353	0.01083	0.01142	0.00983	0.01267	0.03027	0.00774	0.24569	0.38209	0.03624	0.06927	0.07471	0.05833	0.00763	0.00522	0.00164	0.00427	0.00630	0.00498	0.00735
10	0.01054	0.02199	0.60053	0.09621	0.04132	0.01151	0.09351	0.01573	0.01072	0.03856	0.00938	0.01133	0.00669	0.00474	0.00489	0.00159	0.00727	0.00404	0.00229	0.00716
11	0.00612	0.00438	0.00583	0.00691	0.00724	0.00408	0.00463	0.00707	0.00978	0.01310	0.06707	0.78090	0.03370	0.01533	0.00634	0.00200	0.00286	0.01390	0.00467	0.00408
12	0.01264	0.01280	0.09144	0.01061	0.01393	0.04263	0.00902	0.07240	0.60799	0.02048	0.01891	0.01775	0.03381	0.00660	0.00503	0.00165	0.00455	0.00540	0.00466	0.00770
13	0.00991	0.00915	0.01505	0.40625	0.27492	0.01022	0.01261	0.01289	0.02532	0.01397	0.01292	0.07600	0.05010	0.00711	0.02637	0.01692	0.00600	0.00553	0.00267	0.00608
14	0.00647	0.00464	0.00613	0.00718	0.00766	0.00439	0.00511	0.00756	0.00984	0.01298	0.02760	0.61699	0.06148	0.05587	0.00739	0.00220	0.00327	0.14460	0.00454	0.00410
15	0.01015	0.00569	0.00687	0.00634	0.00717	0.00556	0.00412	0.02745	0.00895	0.14975	0.01652	0.04945	0.01700	0.60199	0.05890	0.00426	0.00511	0.00688	0.00365	0.00421
16	0.01223	0.07146	0.05584	0.03236	0.02321	0.06975	0.56921	0.03829	0.01207	0.01569	0.01137	0.01403	0.04013	0.00471	0.00551	0.00160	0.00783	0.00551	0.00264	0.00658
17	0.01310	0.01114	0.01785	0.12011	0.53668	0.01146	0.01353	0.09047	0.01251	0.07337	0.01107	0.04657	0.00917	0.00525	0.00501	0.00153	0.00572	0.00489	0.00304	0.00755
18	0.01689	0.00926	0.01079	0.00867	0.01173	0.00940	0.00703	0.26212	0.04978	0.29159	0.05637	0.01688	0.01312	0.00672	0.01646	0.00154	0.00423	0.00500	0.19506	0.00734
19	0.00984	0.00930	0.01573	0.69769	0.14612	0.01119	0.01406	0.01311	0.01017	0.01326	0.00894	0.01315	0.00683	0.00490	0.00498	0.00163	0.00654	0.00443	0.00225	0.00588
20	0.02205	0.03059	0.01332	0.01249	0.08780	0.14096	0.06122	0.06826	0.22800	0.07233	0.03060	0.11661	0.01469	0.03919	0.00593	0.00172	0.00531	0.02350	0.00404	0.02138
21	0.01602	0.13240	0.01745	0.01310	0.08190	0.01395	0.08503	0.28734	0.14234	0.12158	0.01304	0.01326	0.00958	0.00564	0.00509	0.00150	0.02417	0.00460	0.00421	0.00778
22	0.67790	0.01048	0.00892	0.00757	0.01085	0.01197	0.00624	0.16675	0.01156	0.03761	0.00816	0.00902	0.00613	0.00492	0.00350	0.00153	0.00419	0.00310	0.00352	0.00607
23	0.01918	0.01308	0.01435	0.01106	0.01498	0.01421	0.00912	0.64423	0.05015	0.13811	0.01335	0.01291	0.00926	0.00604	0.00499	0.00151	0.00525	0.00460	0.00515	0.00846
24	0.00693	0.00500	0.00622	0.00603	0.00697	0.00465	0.00428	0.00863	0.01224	0.01693	0.52663	0.08198	0.10728	0.17305	0.00979	0.00225	0.00289	0.00909	0.00487	0.00429
25	0.01204	0.00929	0.01068	0.03293	0.01221	0.01035	0.00741	0.21444	0.24935	0.02880	0.10711	0.02945	0.01708	0.07279	0.14718	0.00298	0.00596	0.01897	0.00444	0.00654
26	0.00638	0.00491	0.00582	0.00619	0.00729	0.00441	0.00455	0.00778	0.01123	0.01443	0.17004	0.26555	0.35695	0.03435	0.00662	0.00190	0.00285	0.07979	0.00473	0.00425
27	0.01218	0.01038	0.01101	0.00986	0.01260	0.01189	0.00768	0.05073	0.69823	0.02103	0.06755	0.02002	0.03049	0.00705	0.00513	0.00168	0.00388	0.00589	0.00509	0.00765
28	0.00705	0.00509	0.00646	0.00716	0.00795	0.00488	0.00544	0.00837	0.01020	0.01322	0.04824	0.23277	0.14584	0.18070	0.01038	0.00264	0.00386	0.29136	0.00431	0.00408
29	0.01234	0.01184	0.02023	0.03059	0.79373	0.01184	0.01530	0.01530	0.01135	0.01628	0.00938	0.01234	0.00790	0.00444	0.00493	0.00148	0.00592	0.00444	0.00247	0.00790
30	0.01037	0.01005	0.01767	0.54169	0.22138	0.01141	0.08890	0.01369	0.01049	0.01393	0.00911	0.01307	0.00704	0.00477	0.00506	0.00162	0.00664	0.00457	0.00231	0.00624
31	0.00720	0.00523	0.00761	0.00761	0.00834	0.00596	0.00573	0.00858	0.00784	0.01119	0.01346	0.02111	0.01304	0.14025	0.66845	0.04415	0.01184	0.00555	0.00269	0.00416
32	0.01456	0.61331	0.02295	0.00968	0.01344	0.21037	0.00885	0.01607	0.01104	0.01185	0.00711	0.00831	0.00641	0.00458	0.00382	0.00115	0.02521	0.00284	0.00224	0.00622
33	0.86003	0.00964	0.00733	0.00655	0.00964	0.01118	0.00540	0.01465	0.00848	0.02236	0.00694	0.00810	0.00540	0.00463	0.00308	0.00154	0.00386	0.00270	0.00308	0.00540
34	0.01018	0.01027	0.01624	0.39555	0.02466	0.04311	0.12308	0.01282	0.00989	0.01304	0.01163	0.01527	0.06577	0.00693	0.02186	0.00189	0.20473	0.00505	0.00245	0.00558
35	0.01418	0.19342	0.03439	0.01159	0.03731	0.20370	0.04608	0.06368	0.27933	0.01686	0.04218	0.01368	0.01121	0.00567	0.00458	0.00143	0.00584	0.00440	0.00357	0.00690
36	0.01170	0.01082	0.01819	0.22699	0.54966	0.01137	0.01434	0.01491	0.02500	0.03361	0.02949	0.01343	0.00880	0.00481	0.00498	0.00153	0.00594	0.00459	0.00261	0.00723
37	0.01034	0.00886	0.01034	0.00738	0.01181	0.00664	0.00591	0.01255	0.01034	0.01624	0.00886	0.01034	0.00738	0.00369	0.00369	0.00074	0.00369	0.00295	0.00295	0.85530
38	0.00975	0.01100	0.12064	0.01444	0.22651	0.04048	0.00983	0.01335	0.06605	0.02606	0.25912	0.02566	0.14118	0.00774	0.00534	0.00156	0.00446	0.00673	0.00392	0.00618
39	0.01091	0.00923	0.01064	0.00774	0.01207	0.00740	0.00620	0.05599	0.04684	0.01730	0.00956	0.01081	0.00781	0.00396	0.00383	0.00082	0.00380	0.00316	0.00316	0.76875
40	0.01013	0.00965	0.01518	0.66174	0.10537	0.03136	0.01346	0.01412	0.06390	0.01363	0.00967	0.01346	0.00735	0.00506	0.00497	0.00164	0.00645	0.00448	0.00245	0.00593

[dist]
# distance from previous block
# <min> <max>
0	24

[block]
# block no. 1 follows, 50 sequences, length 58
# corresponding to MSA columns:
# 218-257,259-276
name=unknown_B
#
# <colnr> <probs for GDERKNQSTAVLIFYWHMCP>
#	G	D	E	R	K	N	Q	S	T	A	V	L	I	F	Y	W	H	M	C	P
0	0.01105	0.00911	0.03578	0.02226	0.07374	0.00779	0.04362	0.02901	0.03442	0.08293	0.04291	0.02678	0.03441	0.12015	0.01718	0.00177	0.02856	0.00481	0.00339	0.37035
1	0.01126	0.07694	0.39577	0.01491	0.12120	0.02743	0.04605	0.01620	0.07158	0.03809	0.02256	0.01263	0.02363	0.00513	0.00505	0.00149	0.03128	0.00416	0.00270	0.07194
2	0.01093	0.05853	0.08267	0.00855	0.01299	0.00877	0.00758	0.04095	0.05807	0.01663	0.00949	0.01080	0.00772	0.00424	0.00426	0.00096	0.02824	0.00326	0.00301	0.62235
3	0.04043	0.01204	0.12758	0.01138	0.04732	0.00973	0.06914	0.08250	0.12339	0.21588	0.06310	0.01649	0.03453	0.00637	0.01711	0.00158	0.00505	0.00500	0.00427	0.10710
4	0.01051	0.13734	0.59080	0.01313	0.01944	0.01267	0.03811	0.01571	0.04036	0.01524	0.01033	0.01172	0.03066	0.00508	0.00492	0.00153	0.02914	0.00391	0.00231	0.00708
5	0.03481	0.01045	0.01032	0.00961	0.01083	0.18155	0.00742	0.03549	0.00972	0.01253	0.01116	0.01659	0.01047	0.08856	0.41230	0.00511	0.12066	0.00480	0.00269	0.00491
6	0.01059	0.00912	0.01384	0.01780	0.32554	0.00945	0.02613	0.07583	0.04681	0.01627	0.01635	0.18482	0.01664	0.03248	0.04201	0.00213	0.03558	0.10878	0.00354	0.00631
7	0.00929	0.00465	0.00465	0.00465	0.00581	0.00465	0.00348	0.01161	0.01045	0.01858	0.01626	0.01858	0.01278	0.00581	0.00348	0.00116	0.00232	0.00465	0.85250	0.00465
8	0.00606	0.00439	0.00573	0.00679	0.00719	0.00406	0.00456	0.00696	0.00968	0.01278	0.02926	0.76138	0.09200	0.01538	0.00633	0.00200	0.00286	0.01389	0.00463	0.00406
9	0.00660	0.00499	0.00595	0.00626	0.00731	0.00456	0.00462	0.00799	0.01106	0.01431	0.17881	0.19498	0.30684	0.10929	0.00843	0.00219	0.00312	0.11393	0.00459	0.00418
10	0.00941	0.00886	0.01495	0.81285	0.03433	0.01107	0.01384	0.01274	0.00997	0.01274	0.00886	0.01329	0.00664	0.00498	0.00498	0.00166	0.00664	0.00443	0.00221	0.00554
11	0.02173	0.00836	0.01141	0.00888	0.01262	0.00726	0.00736	0.02367	0.01414	0.76248	0.01996	0.01871	0.01306	0.00651	0.00510	0.00158	0.00426	0.03851	0.00610	0.00831
12	0.01270	0.01126	0.01565	0.04997	0.12097	0.01221	0.12604	0.13556	0.33823	0.02038	0.06051	0.01723	0.02833	0.00621	0.00544	0.00163	0.02058	0.00555	0.00415	0.00740
13	0.02853	0.14259	0.02167	0.03364	0.01217	0.08150	0.00755	0.17670	0.03701	0.04003	0.06578	0.20043	0.01668	0.01005	0.05400	0.00195	0.02092	0.00667	0.03614	0.00600
14	0.45034	0.01023	0.01214	0.20780	0.18714	0.02808	0.00970	0.01444	0.00959	0.01848	0.00796	0.01030	0.00627	0.00468	0.00398	0.00155	0.00509	0.00351	0.00273	0.00599
15	0.01669	0.01530	0.01577	0.01659	0.21927	0.19969	0.01083	0.32542	0.05970	0.04007	0.01087	0.01182	0.00828	0.00538	0.00484	0.00144	0.00628	0.00422	0.00375	0.02378
16	0.01203	0.01162	0.02008	0.10564	0.69086	0.01180	0.04453	0.01508	0.01123	0.01593	0.00935	0.01247	0.00776	0.00448	0.00498	0.00151	0.00609	0.00450	0.00245	0.00762
17	0.01234	0.01181	0.01998	0.03003	0.77219	0.01186	0.01509	0.01561	0.03269	0.01641	0.00968	0.01251	0.00810	0.00451	0.00494	0.00149	0.00587	0.00447	0.00254	0.00790
18	0.00593	0.00489	0.00521	0.00547	0.00684	0.00417	0.00397	0.00711	0.01095	0.01330	0.04535	0.22100	0.62201	0.01329	0.00600	0.00176	0.00261	0.01134	0.00463	0.00417
19	0.01858	0.01351	0.01455	0.01127	0.01517	0.01492	0.00927	0.69255	0.08037	0.05920	0.01288	0.01265	0.00913	0.00605	0.00499	0.00151	0.00532	0.00459	0.00504	0.00843
20	0.01240	0.01071	0.01127	0.01014	0.01296	0.01240	0.00789	0.02649	0.78473	0.02085	0.02029	0.01860	0.01522	0.00676	0.00507	0.00169	0.00394	0.00564	0.00507	0.00789
21	0.00679	0.00506	0.00630	0.00604	0.00729	0.00458	0.00451	0.00887	0.01341	0.01843	0.61561	0.06344	0.19956	0.01086	0.00590	0.00161	0.00240	0.00948	0.00528	0.00458
22	0.00669	0.00508	0.00615	0.00588	0.00722	0.00455	0.00441	0.00869	0.01324	0.01793	0.55704	0.04063	0.28239	0.01096	0.00588	0.00160	0.00241	0.00949	0.00522	0.00455
23	0.01401	0.01386	0.06087	0.08635	0.11245	0.11206	0.01129	0.17598	0.09136	0.03947	0.01027	0.01220	0.00813	0.00634	0.00793	0.00169	0.22124	0.00437	0.00325	0.00688
24	0.01503	0.01150	0.01674	0.03220	0.05136	0.01168	0.17906	0.21778	0.09662	0.14358	0.01370	0.01439	0.02650	0.00561	0.00558	0.00152	0.04234	0.00495	0.00409	0.10578
25	0.01239	0.09746	0.09348	0.09511	0.48682	0.01284	0.04624	0.06748	0.01187	0.01648	0.00924	0.01182	0.00751	0.00460	0.00478	0.00147	0.00613	0.00425	0.00255	0.00747
26	0.01186	0.52935	0.26557	0.01020	0.01520	0.01626	0.01138	0.01472	0.01022	0.01305	0.00877	0.05693	0.00794	0.00508	0.00386	0.00128	0.00582	0.00366	0.00227	0.00656
27	0.00741	0.00518	0.00650	0.00618	0.00752	0.00468	0.00463	0.00945	0.01331	0.05088	0.56948	0.08489	0.18961	0.01082	0.00587	0.00162	0.00250	0.00944	0.00530	0.00473
28	0.01555	0.03755	0.05867	0.01109	0.01421	0.41740	0.00902	0.07621	0.07008	0.04979	0.01363	0.01536	0.06735	0.00611	0.00471	0.00137	0.00679	0.03585	0.00333	0.08593
29	0.01233	0.01234	0.06583	0.09143	0.63444	0.01161	0.03718	0.01549	0.01131	0.04613	0.00973	0.01252	0.00786	0.00456	0.00496	0.00151	0.00607	0.00446	0.00257	0.00766
30	0.00731	0.00493	0.00573	0.00582	0.00598	0.00491	0.00357	0.00763	0.00795	0.01062	0.05111	0.03504	0.02040	0.71257	0.02277	0.00445	0.00470	0.07799	0.00328	0.00324
31	0.01124	0.01188	0.02419	0.01803	0.02213	0.01145	0.57398	0.03722	0.03453	0.01623	0.01336	0.04023	0.01175	0.00622	0.00623	0.00179	0.02517	0.12496	0.00304	0.00638
32	0.01068	0.01030	0.08267	0.01167	0.01447	0.03283	0.14836	0.04392	0.09936	0.06275	0.04462	0.13763	0.02008	0.00955	0.00595	0.00188	0.00530	0.24791	0.00413	0.00595
33	0.01998	0.00907	0.01166	0.00931	0.01287	0.00854	0.00771	0.12136	0.06080	0.57788	0.01933	0.02009	0.01354	0.00689	0.00519	0.00162	0.00442	0.07585	0.00580	0.00808
34	0.00713	0.00531	0.00786	0.00786	0.00870	0.00615	0.00604	0.00880	0.00797	0.01146	0.01349	0.02035	0.01280	0.08399	0.75893	0.00782	0.01285	0.00545	0.00269	0.00437
35	0.10077	0.01065	0.01156	0.00928	0.01239	0.01148	0.00750	0.41337	0.03921	0.12494	0.01292	0.01355	0.00942	0.00696	0.00600	0.08304	0.00461	0.00441	0.11090	0.00707
36	0.01637	0.01773	0.01558	0.01426	0.08470	0.39438	0.08154	0.18392	0.06037	0.01768	0.01228	0.01323	0.05427	0.00571	0.00489	0.00143	0.00722	0.00442	0.00335	0.00667
37	0.00698	0.00514	0.00636	0.00684	0.00758	0.00498	0.00472	0.02542	0.05635	0.01450	0.14472	0.50367	0.08903	0.08977	0.00793	0.00216	0.00308	0.01174	0.00464	0.00439
38	0.00636	0.00462	0.00606	0.00712	0.00766	0.00432	0.00508	0.00748	0.01000	0.01313	0.02937	0.63405	0.10043	0.01506	0.00640	0.00204	0.00312	0.12892	0.00462	0.00415
39	0.01133	0.01082	0.01842	0.29913	0.53304	0.01158	0.01480	0.01442	0.01087	0.01507	0.00920	0.01266	0.00747	0.00463	0.00495	0.00154	0.00617	0.00444	0.00238	0.00709
40	0.26092	0.01073	0.01117	0.00906	0.01257	0.03038	0.00740	0.19816	0.10469	0.28533	0.01399	0.01324	0.00963	0.00573	0.00445	0.00154	0.00450	0.00425	0.00479	0.00746
41	0.01776	0.02119	0.01454	0.01341	0.04528	0.62516	0.00994	0.09768	0.01443	0.01433	0.00811	0.00959	0.00670	0.00550	0.00557	0.00139	0.07703	0.00349	0.00278	0.00611
42	0.00712	0.00526	0.00687	0.00770	0.00877	0.00501	0.00626	0.00891	0.01119	0.01445	0.07640	0.22047	0.18131	0.01374	0.00652	0.00207	0.00368	0.40521	0.00466	0.00440
43	0.01394	0.68034	0.02369	0.00907	0.01302	0.12445	0.00856	0.03051	0.01096	0.01223	0.00838	0.00935	0.02889	0.00465	0.00348	0.00112	0.00574	0.00300	0.00232	0.00629
44	0.79195	0.01018	0.00785	0.00694	0.01005	0.03576	0.00569	0.03759	0.00922	0.03821	0.00737	0.00842	0.00566	0.00471	0.00322	0.00153	0.00407	0.00282	0.00319	0.00556
45	0.00607	0.00434	0.00578	0.00694	0.00723	0.00405	0.00463	0.00694	0.00954	0.01272	0.02747	0.82157	0.03297	0.01562	0.00636	0.00202	0.00289	0.01417	0.00463	0.00405
46	0.01221	0.01172	0.02001	0.06340	0.76189	0.01181	0.01524	0.01519	0.01129	0.01614	0.00935	0.01238	0.00784	0.00446	0.00494	0.00149	0.00595	0.00444	0.00246	0.00780
47	0.01181	0.01130	0.01928	0.17202	0.65644	0.01170	0.01503	0.01483	0.01110	0.01564	0.00928	0.01251	0.00767	0.00454	0.00494	0.00151	0.00605	0.00444	0.00242	0.00747
48	0.03309	0.00781	0.01220	0.13624	0.18001	0.00813	0.05420	0.01137	0.03211	0.01514	0.11963	0.27176	0.05611	0.00934	0.00589	0.00174	0.02756	0.00844	0.00369	0.00553
49	0.03675	0.26079	0.07647	0.02167	0.46427	0.01427	0.01306	0.03021	0.01108	0.01534	0.00858	0.01076	0.00727	0.00444	0.00434	0.00136	0.00578	0.00380	0.00241	0.00734
50	0.01212	0.01162	0.01984	0.08924	0.73680	0.01179	0.01519	0.01511	0.01125	0.01602	0.00934	0.01241	0.00780	0.00448	0.00494	0.00149	0.00598	0.00444	0.00245	0.00772
51	0.01203	0.01000	0.01450	0.01742	0.31895	0.01005	0.03235	0.13342	0.06308	0.04337	0.18523	0.03921	0.04481	0.00666	0.00520	0.00151	0.00466	0.00597	0.00396	0.04762
52	0.01398	0.03537	0.01832	0.04333	0.53080	0.03025	0.01316	0.15284	0.01376	0.05873	0.03441	0.01310	0.00933	0.00501	0.00492	0.00148	0.00572	0.00454	0.00319	0.00778
53	0.06630	0.01358	0.03961	0.01685	0.25356	0.09648	0.01093	0.26788	0.04794	0.10754	0.02403	0.01272	0.00916	0.00542	0.00482	0.00149	0.00570	0.00439	0.00390	0.00771
54	0.04968	0.01196	0.01708	0.02251	0.48936	0.04899	0.01244	0.10473	0.04381	0.11778	0.02625	0.01328	0.00940	0.00508	0.00488	0.00149	0.00557	0.00452	0.00342	0.00777
55	0.03330	0.01050	0.01479	0.06393	0.27114	0.01058	0.01053	0.12798	0.07761	0.25520	0.01418	0.03716	0.01050	0.00571	0.00494	0.00152	0.00503	0.00491	0.00424	0.03625
56	0.03784	0.01078	0.01707	0.02375	0.55726	0.01053	0.01263	0.01576	0.03354	0.08685	0.01219	0.01494	0.03192	0.00511	0.00486	0.00145	0.00530	0.02650	0.00307	0.08866
57	0.01869	0.01126	0.01366	0.01268	0.11061	0.06704	0.02404	0.14051	0.12531	0.39828	0.01623	0.01520	0.01108	0.00590	0.00499	0.00153	0.00502	0.00484	0.00504	0.00810

[dist]
# distance from previous block
# <min> <max>
0	30

# created by:
# /home/cegg/simao/soft/augustus-3.2.1/scripts/msa2prfl.pl ./align_prep/EOG091G1081.fa
