[name]
unknown

[dist]
# distance from previous block
# <min> <max>
1	119

[block]
# block no. 0 follows, 43 sequences, length 8
# corresponding to MSA columns:
# 169-176
name=unknown_A
#
# <colnr> <probs for GDERKNQSTAVLIFYWHMCP>
#	G	D	E	R	K	N	Q	S	T	A	V	L	I	F	Y	W	H	M	C	P
0	0.10957	0.06908	0.01372	0.09645	0.01592	0.02505	0.03108	0.16436	0.05818	0.12697	0.08518	0.10782	0.03086	0.03400	0.00620	0.00187	0.00516	0.00669	0.00471	0.00712
1	0.03328	0.20665	0.19491	0.01160	0.01634	0.07670	0.03143	0.09379	0.01311	0.01767	0.03270	0.01390	0.00994	0.05690	0.03995	0.00200	0.01971	0.00432	0.00310	0.12202
2	0.04508	0.08844	0.05206	0.01073	0.01371	0.01138	0.06785	0.14060	0.08610	0.04279	0.13862	0.15241	0.05751	0.03524	0.00693	0.00193	0.02926	0.00794	0.00465	0.00676
3	0.01261	0.09839	0.47340	0.01308	0.01941	0.01199	0.01532	0.01725	0.01189	0.10104	0.01250	0.05950	0.00996	0.00782	0.04385	0.00200	0.00729	0.00486	0.00312	0.07473
4	0.05781	0.01097	0.05628	0.05497	0.01369	0.07172	0.00862	0.11141	0.01304	0.05196	0.08428	0.02329	0.01658	0.12640	0.20948	0.00412	0.03492	0.04055	0.00386	0.00603
5	0.05320	0.40771	0.04843	0.00909	0.01303	0.04809	0.00844	0.05220	0.05054	0.01686	0.01429	0.01520	0.06999	0.00600	0.00419	0.00135	0.00522	0.00432	0.11713	0.05471
6	0.39601	0.01217	0.04772	0.03123	0.05829	0.02982	0.00852	0.07630	0.08061	0.04886	0.01108	0.01323	0.00886	0.05172	0.00623	0.00189	0.03571	0.00416	0.00373	0.07385
7	0.01263	0.04161	0.01391	0.01153	0.02536	0.06573	0.09708	0.11565	0.12193	0.01841	0.06137	0.07498	0.06453	0.06561	0.01000	0.13337	0.00561	0.05039	0.00418	0.00613

[dist]
# distance from previous block
# <min> <max>
1	22

[block]
# block no. 1 follows, 43 sequences, length 8
# corresponding to MSA columns:
# 199-206
name=unknown_B
#
# <colnr> <probs for GDERKNQSTAVLIFYWHMCP>
#	G	D	E	R	K	N	Q	S	T	A	V	L	I	F	Y	W	H	M	C	P
0	0.00808	0.00698	0.01092	0.00961	0.01144	0.00638	0.13390	0.01008	0.01245	0.01641	0.18021	0.27020	0.23221	0.05548	0.00787	0.00215	0.00416	0.01150	0.00483	0.00514
1	0.01564	0.01274	0.07186	0.13281	0.06370	0.04963	0.05833	0.06938	0.11586	0.19371	0.01639	0.08183	0.01291	0.00696	0.00559	0.00172	0.00592	0.00601	0.00446	0.07455
2	0.00802	0.00618	0.00747	0.00807	0.00910	0.00617	0.00568	0.01167	0.14103	0.01631	0.07990	0.54276	0.10663	0.01492	0.00673	0.00211	0.00334	0.01333	0.00529	0.00530
3	0.01319	0.01948	0.28505	0.01406	0.01843	0.14535	0.08201	0.07317	0.01279	0.01669	0.01173	0.01723	0.01020	0.08129	0.04773	0.03638	0.06560	0.03986	0.00298	0.00677
4	0.01194	0.01498	0.14850	0.01476	0.01617	0.01625	0.01356	0.01406	0.00904	0.01406	0.00773	0.01204	0.00723	0.00893	0.01594	0.00231	0.65896	0.00472	0.00241	0.00643
5	0.01898	0.01161	0.01254	0.01016	0.01358	0.05562	0.00821	0.28420	0.04340	0.24259	0.01689	0.01692	0.01200	0.00832	0.04251	0.00194	0.00554	0.00520	0.18171	0.00811
6	0.00794	0.00599	0.00815	0.14287	0.01258	0.00633	0.00630	0.00909	0.00971	0.01282	0.02214	0.30086	0.05386	0.31418	0.05956	0.00373	0.00540	0.01023	0.00388	0.00439
7	0.08528	0.25321	0.30975	0.01231	0.01785	0.06141	0.01341	0.08118	0.01305	0.03991	0.03902	0.01204	0.00913	0.00563	0.00498	0.00157	0.02569	0.00400	0.00303	0.00755

[dist]
# distance from previous block
# <min> <max>
0	6

[block]
# block no. 2 follows, 43 sequences, length 13
# corresponding to MSA columns:
# 213-225
name=unknown_C
#
# <colnr> <probs for GDERKNQSTAVLIFYWHMCP>
#	G	D	E	R	K	N	Q	S	T	A	V	L	I	F	Y	W	H	M	C	P
0	0.01258	0.08735	0.04599	0.04841	0.08760	0.06908	0.06038	0.06623	0.06651	0.01846	0.15492	0.02096	0.06445	0.00827	0.02148	0.00185	0.10302	0.00611	0.00386	0.05248
1	0.00859	0.00654	0.00938	0.00842	0.00934	0.00662	0.07318	0.00960	0.00884	0.01215	0.01598	0.02987	0.01710	0.51518	0.21368	0.00578	0.00805	0.00723	0.00321	0.03129
2	0.01328	0.01261	0.05743	0.14129	0.10980	0.07498	0.03052	0.07706	0.16768	0.03951	0.06690	0.03792	0.02841	0.03481	0.00628	0.00185	0.00579	0.00596	0.08071	0.00721
3	0.01337	0.08860	0.10970	0.04977	0.15735	0.03483	0.01126	0.03884	0.03096	0.10802	0.05058	0.05518	0.07538	0.02244	0.04277	0.00206	0.03637	0.00598	0.00380	0.06275
4	0.01059	0.00982	0.01645	0.66678	0.09465	0.01188	0.01498	0.01416	0.01134	0.01467	0.01150	0.01862	0.00952	0.00629	0.00571	0.00189	0.00713	0.06506	0.00270	0.00628
5	0.67254	0.01062	0.00906	0.00797	0.01128	0.01217	0.00653	0.07680	0.01096	0.04922	0.00929	0.01085	0.00726	0.00867	0.07551	0.00237	0.00542	0.00352	0.00367	0.00630
6	0.01657	0.09696	0.01641	0.01316	0.04786	0.22072	0.04616	0.08482	0.24105	0.07113	0.05604	0.03720	0.01410	0.00684	0.00536	0.00165	0.00643	0.00546	0.00438	0.00770
7	0.00710	0.00535	0.00640	0.00669	0.00774	0.00484	0.00470	0.00857	0.01241	0.01631	0.24063	0.28499	0.27090	0.08721	0.00870	0.00228	0.00312	0.01217	0.00524	0.00465
8	0.01281	0.02768	0.01321	0.07540	0.01552	0.05023	0.06073	0.09756	0.18590	0.06323	0.05004	0.16702	0.03778	0.03651	0.07825	0.00262	0.00617	0.00788	0.00462	0.00685
9	0.00786	0.00531	0.00651	0.00655	0.00730	0.00497	0.00444	0.00831	0.01081	0.01424	0.18315	0.11095	0.20707	0.20134	0.01498	0.18469	0.00384	0.00938	0.00433	0.00397
10	0.09085	0.01351	0.01675	0.09960	0.17384	0.09437	0.07083	0.10161	0.12181	0.02024	0.02641	0.04245	0.01112	0.00625	0.00564	0.00168	0.02506	0.00529	0.00371	0.06900
11	0.07624	0.01377	0.01477	0.01201	0.01555	0.10120	0.06306	0.33280	0.03958	0.08859	0.03043	0.13617	0.01443	0.00802	0.00563	0.00174	0.00592	0.00660	0.00489	0.02860
12	0.10199	0.00939	0.01122	0.02739	0.01270	0.04181	0.07094	0.10615	0.03303	0.04855	0.11631	0.16282	0.16387	0.04022	0.00686	0.00200	0.00468	0.02925	0.00477	0.00605

[dist]
# distance from previous block
# <min> <max>
3	12

[block]
# block no. 3 follows, 43 sequences, length 9
# corresponding to MSA columns:
# 244-252
name=unknown_D
#
# <colnr> <probs for GDERKNQSTAVLIFYWHMCP>
#	G	D	E	R	K	N	Q	S	T	A	V	L	I	F	Y	W	H	M	C	P
0	0.03134	0.04717	0.12468	0.01810	0.02315	0.05997	0.43043	0.01740	0.05018	0.01787	0.06877	0.01819	0.05428	0.00597	0.00604	0.00179	0.00788	0.00634	0.00325	0.00720
1	0.06602	0.06341	0.08574	0.04129	0.08466	0.14540	0.09739	0.05635	0.01363	0.05779	0.05565	0.04364	0.01258	0.00638	0.00528	0.00158	0.00662	0.03366	0.00355	0.11936
2	0.14193	0.07639	0.01568	0.01126	0.01502	0.01206	0.11906	0.11568	0.07616	0.04367	0.03531	0.07155	0.01254	0.00657	0.00532	0.00157	0.02563	0.00550	0.05487	0.15423
3	0.00768	0.05037	0.00821	0.00795	0.00866	0.00614	0.00569	0.00884	0.01090	0.01447	0.07410	0.55125	0.06129	0.07524	0.00883	0.00240	0.03103	0.05744	0.00481	0.00470
4	0.03299	0.01461	0.05226	0.01281	0.03577	0.09557	0.03244	0.26562	0.22250	0.02410	0.01644	0.05318	0.01344	0.00994	0.06220	0.00230	0.00668	0.03447	0.00470	0.00799
5	0.01453	0.05402	0.15848	0.06892	0.01856	0.05257	0.05313	0.07999	0.03770	0.11308	0.02620	0.02680	0.01012	0.00594	0.00590	0.00154	0.05510	0.00469	0.00369	0.20900
6	0.02397	0.08095	0.21949	0.05182	0.02801	0.05967	0.07410	0.04763	0.03414	0.08264	0.09034	0.01753	0.03524	0.00859	0.04977	0.00211	0.05279	0.00538	0.00359	0.03222
7	0.01357	0.28754	0.20126	0.01264	0.01720	0.09220	0.07068	0.01662	0.01216	0.04510	0.05725	0.07040	0.01237	0.00670	0.00587	0.00162	0.06155	0.00517	0.00305	0.00704
8	0.00992	0.00794	0.01184	0.24996	0.04693	0.00854	0.03131	0.04098	0.01227	0.03732	0.09593	0.07928	0.14627	0.04017	0.05605	0.04940	0.00585	0.06049	0.00396	0.00560

[dist]
# distance from previous block
# <min> <max>
0	1

[block]
# block no. 4 follows, 43 sequences, length 21
# corresponding to MSA columns:
# 254-274
name=unknown_E
#
# <colnr> <probs for GDERKNQSTAVLIFYWHMCP>
#	G	D	E	R	K	N	Q	S	T	A	V	L	I	F	Y	W	H	M	C	P
0	0.08294	0.06832	0.08133	0.01478	0.08000	0.19530	0.10823	0.03024	0.07611	0.06803	0.03770	0.01526	0.01110	0.02962	0.05874	0.00222	0.00766	0.00495	0.02035	0.00711
1	0.01370	0.05353	0.03389	0.11640	0.33932	0.04445	0.06623	0.08371	0.03402	0.03459	0.01358	0.06732	0.01213	0.00678	0.00570	0.00176	0.00655	0.05518	0.00343	0.00772
2	0.00726	0.00563	0.00828	0.00867	0.00946	0.00530	0.05585	0.00853	0.01073	0.01427	0.02950	0.64368	0.07505	0.03989	0.04732	0.00263	0.00426	0.01417	0.00482	0.00470
3	0.01284	0.04185	0.10562	0.23008	0.35677	0.01327	0.03055	0.06011	0.04162	0.01789	0.01127	0.03340	0.00918	0.00563	0.00547	0.00172	0.00681	0.00512	0.00295	0.00786
4	0.01508	0.17148	0.16913	0.05156	0.13779	0.12318	0.01290	0.04043	0.04921	0.09059	0.05607	0.01565	0.01186	0.00611	0.00513	0.00160	0.00672	0.02437	0.00347	0.00765
5	0.00956	0.00589	0.00768	0.00795	0.00909	0.00548	0.00567	0.03483	0.01268	0.10692	0.16117	0.53097	0.05135	0.01460	0.00673	0.00207	0.00337	0.01307	0.00553	0.00538
6	0.06428	0.01097	0.01292	0.01068	0.03443	0.06179	0.00840	0.09208	0.01636	0.52551	0.08791	0.01916	0.01589	0.00703	0.00550	0.00169	0.00504	0.00564	0.00610	0.00864
7	0.01603	0.03517	0.17851	0.07912	0.12468	0.10452	0.05680	0.05619	0.02653	0.18436	0.03696	0.03209	0.03145	0.00636	0.00552	0.00170	0.00679	0.00535	0.00395	0.00791
8	0.06158	0.04348	0.12476	0.02609	0.11530	0.17841	0.02144	0.07844	0.02548	0.09285	0.06506	0.08301	0.01394	0.00724	0.00592	0.00171	0.03840	0.00574	0.00384	0.00731
9	0.12218	0.23533	0.01839	0.01204	0.01554	0.45158	0.00978	0.04801	0.01411	0.01565	0.00840	0.00969	0.00707	0.00541	0.00443	0.00141	0.00803	0.00339	0.00290	0.00667
10	0.47178	0.01230	0.06733	0.07467	0.07840	0.01228	0.05881	0.03269	0.01111	0.07305	0.01115	0.01273	0.03211	0.00569	0.00477	0.00175	0.02497	0.00418	0.00348	0.00676
11	0.00854	0.00698	0.00907	0.01021	0.07490	0.03225	0.03467	0.00966	0.01071	0.01387	0.02706	0.32816	0.13053	0.20480	0.01233	0.02848	0.00457	0.04419	0.00425	0.00476
12	0.00791	0.00593	0.00890	0.00890	0.00989	0.00692	0.00692	0.00989	0.00890	0.01286	0.01483	0.02176	0.01385	0.04154	0.78341	0.00890	0.01483	0.00593	0.00297	0.00494
13	0.01041	0.00975	0.01638	0.59633	0.05758	0.01177	0.04875	0.01369	0.01107	0.01450	0.03149	0.05973	0.01077	0.03654	0.00719	0.00202	0.04732	0.00585	0.00276	0.00608
14	0.00710	0.00534	0.00663	0.00736	0.00836	0.00488	0.00538	0.00858	0.01202	0.01559	0.11978	0.40837	0.24455	0.01547	0.00694	0.00213	0.00328	0.10830	0.00524	0.00471
15	0.01171	0.01297	0.08985	0.40708	0.24964	0.01301	0.05202	0.01542	0.01150	0.01574	0.00991	0.01400	0.00780	0.00558	0.00640	0.00182	0.06091	0.00492	0.00255	0.00717
16	0.01652	0.00831	0.01050	0.00868	0.01170	0.00767	0.00693	0.07348	0.04412	0.36033	0.25695	0.02992	0.12260	0.00917	0.00599	0.00174	0.00391	0.00772	0.00626	0.00749
17	0.01014	0.01071	0.10196	0.00929	0.01259	0.00833	0.00815	0.01435	0.10645	0.01787	0.11817	0.08434	0.08507	0.06059	0.00752	0.00183	0.03750	0.03984	0.00419	0.26108
18	0.01059	0.02836	0.01095	0.16512	0.01580	0.02619	0.01889	0.05643	0.01424	0.06954	0.27020	0.08549	0.16069	0.01022	0.00618	0.00182	0.00443	0.03408	0.00490	0.00590
19	0.01174	0.01193	0.05690	0.12607	0.29094	0.03496	0.03563	0.01565	0.06806	0.01727	0.08866	0.05838	0.03708	0.00849	0.02541	0.01452	0.05595	0.03179	0.00348	0.00711
20	0.06487	0.05385	0.02881	0.01027	0.01337	0.06339	0.02699	0.08596	0.15425	0.06320	0.02796	0.03817	0.04079	0.05127	0.10380	0.00275	0.00649	0.05512	0.00427	0.10441

[dist]
# distance from previous block
# <min> <max>
3	12

[block]
# block no. 5 follows, 43 sequences, length 38
# corresponding to MSA columns:
# 287-294,308-337
name=unknown_F
#
# <colnr> <probs for GDERKNQSTAVLIFYWHMCP>
#	G	D	E	R	K	N	Q	S	T	A	V	L	I	F	Y	W	H	M	C	P
0	0.09478	0.07453	0.10164	0.05686	0.01765	0.05030	0.09285	0.04079	0.17597	0.08863	0.03507	0.01703	0.03090	0.03311	0.00700	0.00190	0.06424	0.00537	0.00397	0.00740
1	0.01240	0.01033	0.01326	0.01216	0.05298	0.02798	0.05967	0.14469	0.15373	0.01964	0.06002	0.02201	0.03118	0.10850	0.21191	0.00407	0.03828	0.00633	0.00414	0.00672
2	0.00783	0.00544	0.00667	0.00664	0.00719	0.00527	0.00434	0.00895	0.01114	0.01536	0.29366	0.11743	0.03342	0.40839	0.04174	0.00383	0.00443	0.00951	0.00453	0.00421
3	0.01330	0.01093	0.01400	0.02950	0.03860	0.02829	0.08420	0.24136	0.10576	0.02206	0.02104	0.25622	0.05058	0.01170	0.04373	0.00224	0.00576	0.00886	0.00479	0.00707
4	0.01731	0.01302	0.01405	0.01170	0.01539	0.01457	0.00936	0.29357	0.43336	0.08676	0.01911	0.01783	0.01392	0.00715	0.00560	0.00179	0.00503	0.00574	0.00570	0.00906
5	0.01275	0.00882	0.00988	0.00860	0.01026	0.00938	0.00614	0.23932	0.03368	0.04567	0.01682	0.05684	0.01682	0.43955	0.05831	0.00407	0.00595	0.00716	0.00426	0.00571
6	0.01082	0.00881	0.00939	0.00873	0.01070	0.06734	0.00682	0.06563	0.09805	0.03865	0.40463	0.03774	0.10445	0.01075	0.00635	0.00183	0.00398	0.09370	0.00557	0.00603
7	0.07360	0.01135	0.01754	0.17058	0.40128	0.01148	0.01342	0.01541	0.01178	0.01764	0.01096	0.05073	0.00953	0.00551	0.00517	0.00157	0.00595	0.00500	0.00295	0.15854
8	0.05043	0.00923	0.01218	0.00950	0.01339	0.00822	0.00772	0.04004	0.01527	0.66546	0.03340	0.02007	0.01449	0.06574	0.00718	0.00198	0.00474	0.00573	0.00644	0.00879
9	0.07248	0.03663	0.00655	0.00564	0.00732	0.00644	0.00439	0.01376	0.01158	0.04567	0.01703	0.01928	0.01330	0.00630	0.00388	0.00133	0.00291	0.00493	0.71513	0.00544
10	0.04061	0.07116	0.01482	0.04417	0.01543	0.07068	0.00953	0.27553	0.01709	0.13025	0.01550	0.06537	0.01315	0.01092	0.07416	0.00241	0.05459	0.06243	0.00463	0.00756
11	0.00697	0.00504	0.00662	0.00768	0.00824	0.00469	0.00534	0.00821	0.01131	0.01505	0.09613	0.64254	0.08199	0.01649	0.00703	0.00220	0.00326	0.06136	0.00522	0.00461
12	0.00970	0.00604	0.00806	0.00785	0.00928	0.00582	0.00592	0.01157	0.01253	0.11195	0.23960	0.18430	0.10622	0.04547	0.18195	0.00361	0.00594	0.03369	0.00508	0.00543
13	0.14762	0.04745	0.40212	0.05010	0.04941	0.04283	0.10097	0.04304	0.01216	0.01890	0.01025	0.01312	0.00786	0.00549	0.00514	0.00175	0.00743	0.02403	0.00280	0.00753
14	0.01955	0.01372	0.01498	0.01176	0.01563	0.01495	0.00952	0.58813	0.04353	0.08910	0.01529	0.05084	0.01196	0.06605	0.00728	0.00197	0.00576	0.00577	0.00547	0.00873
15	0.09627	0.07652	0.10129	0.04887	0.02028	0.08783	0.22357	0.03748	0.01186	0.01712	0.00958	0.01260	0.00775	0.00618	0.00818	0.00184	0.18627	0.00482	0.03483	0.00686
16	0.00756	0.00540	0.00693	0.00787	0.00841	0.00520	0.00537	0.04113	0.01121	0.01491	0.02914	0.67263	0.04527	0.07485	0.00857	0.00246	0.00356	0.03985	0.00503	0.00466
17	0.01767	0.03792	0.07738	0.07087	0.01913	0.15430	0.04667	0.29474	0.12617	0.05405	0.01315	0.01389	0.00974	0.00638	0.00585	0.00170	0.03301	0.00488	0.00432	0.00818
18	0.01431	0.70474	0.05330	0.00955	0.01402	0.03723	0.00944	0.01611	0.01113	0.01303	0.00852	0.01102	0.00807	0.06381	0.00546	0.00152	0.00605	0.00339	0.00245	0.00685
19	0.00988	0.01003	0.07299	0.03460	0.05982	0.00880	0.07574	0.05159	0.06297	0.01867	0.20607	0.07447	0.21385	0.03639	0.00743	0.00196	0.03526	0.00872	0.00460	0.00616
20	0.00670	0.00515	0.00613	0.00686	0.00782	0.00459	0.00477	0.00788	0.01154	0.01468	0.06036	0.48572	0.32621	0.01588	0.00685	0.00209	0.00304	0.01399	0.00517	0.00459
21	0.01391	0.01137	0.03447	0.01235	0.06921	0.01213	0.00909	0.12931	0.36333	0.04256	0.01799	0.01940	0.02919	0.04539	0.02733	0.12049	0.02450	0.00584	0.00464	0.00748
22	0.00699	0.00545	0.00635	0.00649	0.00785	0.00481	0.00473	0.00868	0.01314	0.01705	0.27366	0.21204	0.38514	0.01390	0.00665	0.00191	0.00283	0.01204	0.00544	0.00481
23	0.01631	0.01385	0.01470	0.01239	0.01471	0.10773	0.00991	0.24698	0.11970	0.04780	0.01225	0.01425	0.00979	0.00907	0.01088	0.10851	0.21499	0.00495	0.00405	0.00718
24	0.00848	0.00630	0.00755	0.00784	0.00903	0.00622	0.00557	0.01204	0.12984	0.03432	0.14086	0.40509	0.13392	0.05666	0.00780	0.00222	0.00340	0.01220	0.00530	0.00536
25	0.01465	0.77582	0.06053	0.00974	0.01463	0.02153	0.00994	0.01662	0.01127	0.01322	0.00779	0.00900	0.00710	0.00476	0.00363	0.00121	0.00602	0.00301	0.00237	0.00715
26	0.07990	0.08714	0.01452	0.03268	0.01411	0.03922	0.03938	0.11293	0.03113	0.07067	0.12232	0.03752	0.03672	0.01072	0.06808	0.00234	0.12083	0.03386	0.00416	0.04177
27	0.06013	0.01479	0.04029	0.01145	0.01506	0.13750	0.00935	0.26479	0.13132	0.13115	0.03331	0.06417	0.04697	0.00760	0.00551	0.00172	0.00586	0.00595	0.00506	0.00802
28	0.60541	0.01147	0.00936	0.00818	0.01145	0.06425	0.00655	0.05005	0.01116	0.10073	0.01019	0.01228	0.00806	0.06442	0.00567	0.00196	0.00488	0.00376	0.00383	0.00634
29	0.01515	0.04030	0.12237	0.05063	0.07422	0.29159	0.01160	0.05143	0.02712	0.03698	0.03600	0.01515	0.01065	0.04911	0.09314	0.02104	0.03898	0.00473	0.00315	0.00667
30	0.00843	0.00664	0.00803	0.00711	0.00935	0.00561	0.00538	0.01062	0.01355	0.01903	0.37188	0.11138	0.16872	0.01056	0.00596	0.00158	0.00309	0.00916	0.00511	0.21881
31	0.00839	0.00731	0.00744	0.00733	0.00897	0.05409	0.00544	0.01119	0.07236	0.01724	0.23056	0.15602	0.35007	0.01338	0.02327	0.00202	0.00365	0.01080	0.00524	0.00523
32	0.41026	0.01131	0.01128	0.00922	0.01302	0.01218	0.00758	0.17555	0.03834	0.22098	0.03227	0.01365	0.01023	0.00614	0.00458	0.00171	0.00474	0.00437	0.00490	0.00768
33	0.00801	0.00588	0.00711	0.00689	0.00843	0.00535	0.00519	0.01047	0.03518	0.03962	0.42802	0.10282	0.27097	0.01251	0.00656	0.00185	0.00290	0.03135	0.00571	0.00521
34	0.03136	0.01473	0.01442	0.01197	0.01556	0.10230	0.00953	0.35056	0.27300	0.05566	0.01597	0.01573	0.01182	0.00738	0.00620	0.03911	0.00582	0.00524	0.00514	0.00849
35	0.00950	0.00693	0.01010	0.00930	0.01119	0.00641	0.07874	0.02300	0.01339	0.07330	0.20010	0.20618	0.18195	0.01279	0.00675	0.00202	0.00407	0.13348	0.00526	0.00553
36	0.01390	0.03178	0.01199	0.03665	0.06834	0.00939	0.00801	0.15687	0.03172	0.14833	0.24340	0.10423	0.07025	0.03179	0.00663	0.00186	0.00436	0.00809	0.00541	0.00700
37	0.01487	0.01139	0.01328	0.01095	0.01447	0.01204	0.03954	0.16495	0.33738	0.08293	0.11097	0.02125	0.03787	0.00745	0.00562	0.00169	0.00466	0.00625	0.00538	0.09705

[dist]
# distance from previous block
# <min> <max>
7	16

[block]
# block no. 6 follows, 43 sequences, length 19
# corresponding to MSA columns:
# 361-379
name=unknown_G
#
# <colnr> <probs for GDERKNQSTAVLIFYWHMCP>
#	G	D	E	R	K	N	Q	S	T	A	V	L	I	F	Y	W	H	M	C	P
0	0.01191	0.04631	0.06674	0.07855	0.04940	0.03914	0.00921	0.12530	0.01446	0.03337	0.18735	0.12569	0.02272	0.02783	0.04665	0.02062	0.01780	0.00736	0.00432	0.06526
1	0.02925	0.22099	0.01811	0.05263	0.07964	0.08061	0.05704	0.06897	0.03088	0.04392	0.02713	0.09753	0.01375	0.11425	0.02896	0.00230	0.01791	0.00607	0.00347	0.00656
2	0.01065	0.00944	0.05275	0.01037	0.01238	0.04158	0.06170	0.04290	0.10428	0.06149	0.02446	0.45170	0.02622	0.03413	0.00710	0.00215	0.00469	0.03118	0.00484	0.00600
3	0.01426	0.04674	0.25699	0.08842	0.07527	0.14332	0.07173	0.05230	0.05609	0.05640	0.02634	0.01534	0.02529	0.00601	0.00542	0.00168	0.00745	0.01927	0.00327	0.02841
4	0.01251	0.06351	0.16735	0.01390	0.04974	0.04412	0.11567	0.05306	0.01311	0.07265	0.05086	0.12579	0.01811	0.03988	0.00717	0.00205	0.02202	0.11777	0.00394	0.00681
5	0.00919	0.00606	0.00704	0.00676	0.00711	0.00621	0.00416	0.06249	0.00930	0.01244	0.01613	0.03180	0.01790	0.62971	0.04863	0.10491	0.00564	0.00738	0.00339	0.00373
6	0.01753	0.02037	0.01508	0.03121	0.08124	0.49223	0.01065	0.04284	0.10228	0.01597	0.03157	0.01466	0.01075	0.00887	0.06222	0.00210	0.00891	0.02132	0.00339	0.00681
7	0.01411	0.01187	0.01250	0.01103	0.01422	0.01351	0.00864	0.11382	0.61867	0.02396	0.02390	0.02218	0.07104	0.00789	0.00569	0.00185	0.00447	0.00651	0.00559	0.00854
8	0.01476	0.09840	0.05365	0.01155	0.01512	0.05159	0.00970	0.12044	0.46376	0.02260	0.04746	0.01809	0.01508	0.00711	0.00569	0.00176	0.02438	0.00562	0.00492	0.00833
9	0.00873	0.00581	0.00752	0.00708	0.00846	0.00533	0.00525	0.01102	0.01483	0.06533	0.60625	0.09089	0.07740	0.05227	0.00762	0.00197	0.00293	0.01010	0.00590	0.00531
10	0.01201	0.05500	0.07959	0.01196	0.01491	0.02626	0.10535	0.10238	0.08124	0.03466	0.08342	0.13835	0.05102	0.05498	0.06452	0.00257	0.06334	0.00767	0.00416	0.00661
11	0.00718	0.00544	0.00647	0.00659	0.00778	0.00489	0.00472	0.00883	0.01299	0.01715	0.31011	0.20580	0.29522	0.07166	0.00824	0.00216	0.00301	0.01166	0.00536	0.00474
12	0.01274	0.01193	0.01743	0.26987	0.18799	0.06804	0.08202	0.07142	0.01354	0.03362	0.02889	0.02219	0.08150	0.00715	0.00587	0.00182	0.00673	0.06687	0.00344	0.00695
13	0.01215	0.01129	0.01814	0.01439	0.01713	0.04178	0.22581	0.01467	0.01129	0.06431	0.01522	0.06718	0.05609	0.01330	0.13473	0.00304	0.19274	0.00648	0.00333	0.07691
14	0.01182	0.00950	0.01190	0.00989	0.01343	0.00868	0.04158	0.05325	0.11968	0.04210	0.05723	0.02769	0.04714	0.00806	0.00555	0.00156	0.00459	0.16582	0.00444	0.35610
15	0.01233	0.19041	0.26595	0.01209	0.01698	0.05246	0.05585	0.02769	0.05649	0.04031	0.11748	0.04485	0.07018	0.00719	0.00531	0.00165	0.00619	0.00588	0.00358	0.00713
16	0.10987	0.01102	0.01347	0.01105	0.01434	0.05194	0.09767	0.07911	0.09189	0.08900	0.04983	0.12246	0.06138	0.00820	0.00584	0.00171	0.02489	0.02057	0.00447	0.13130
17	0.44510	0.01023	0.01041	0.00862	0.01239	0.01067	0.00708	0.02163	0.05666	0.34511	0.01463	0.01390	0.00994	0.00601	0.00447	0.00172	0.00447	0.00429	0.00502	0.00763
18	0.01321	0.01006	0.01185	0.00857	0.01341	0.00790	0.00690	0.04904	0.01257	0.09167	0.01116	0.01228	0.00879	0.00448	0.00431	0.00094	0.00425	0.00358	0.00373	0.72129

[dist]
# distance from previous block
# <min> <max>
0	9

[block]
# block no. 7 follows, 43 sequences, length 18
# corresponding to MSA columns:
# 403-420
name=unknown_H
#
# <colnr> <probs for GDERKNQSTAVLIFYWHMCP>
#	G	D	E	R	K	N	Q	S	T	A	V	L	I	F	Y	W	H	M	C	P
0	0.12118	0.00835	0.00989	0.00853	0.01100	0.00836	0.04428	0.08933	0.05018	0.07132	0.24654	0.03318	0.19985	0.05397	0.00714	0.00199	0.00400	0.01968	0.00516	0.00609
1	0.01200	0.00983	0.01154	0.00827	0.01316	0.00741	0.00662	0.01444	0.01165	0.04699	0.01030	0.01177	0.00841	0.00421	0.00416	0.00085	0.00412	0.00337	0.00342	0.80747
2	0.01368	0.51012	0.29227	0.01185	0.01774	0.04159	0.01339	0.01709	0.01154	0.01464	0.00852	0.00991	0.00708	0.00495	0.00420	0.00139	0.00684	0.00338	0.00237	0.00747
3	0.01341	0.01151	0.01221	0.01101	0.01402	0.01325	0.00855	0.02826	0.71480	0.02311	0.06856	0.02194	0.01909	0.00775	0.00569	0.00187	0.00427	0.00649	0.00566	0.00855
4	0.02068	0.01088	0.01766	0.01321	0.01763	0.00990	0.19500	0.04821	0.03161	0.50533	0.03649	0.01870	0.01338	0.02689	0.00642	0.00185	0.00588	0.00598	0.00566	0.00866
5	0.05122	0.06484	0.01350	0.01039	0.01379	0.01210	0.00846	0.22284	0.15078	0.17507	0.02011	0.11510	0.03454	0.00860	0.00564	0.00179	0.00488	0.05152	0.00538	0.02944
6	0.00798	0.00565	0.00746	0.00746	0.00796	0.00614	0.00513	0.00897	0.00848	0.01179	0.01615	0.02903	0.01700	0.42517	0.40410	0.00713	0.01008	0.00700	0.00316	0.00415
7	0.00782	0.00637	0.00668	0.00638	0.00834	0.00571	0.00484	0.06710	0.01391	0.01720	0.11969	0.07507	0.61468	0.01330	0.00648	0.00185	0.00306	0.01114	0.00527	0.00510
8	0.01214	0.05019	0.26731	0.11140	0.08592	0.01362	0.31331	0.01691	0.01211	0.01691	0.01042	0.01361	0.00789	0.00577	0.02037	0.00192	0.02481	0.00525	0.00259	0.00756
9	0.01238	0.01169	0.01967	0.25507	0.48092	0.01256	0.01583	0.01567	0.01204	0.01669	0.01143	0.01727	0.00988	0.00596	0.00603	0.00179	0.03043	0.05421	0.00281	0.00767
10	0.00782	0.00739	0.06812	0.00871	0.01029	0.00583	0.00738	0.00992	0.01210	0.01594	0.09147	0.32411	0.15618	0.01472	0.00698	0.00220	0.00408	0.23672	0.00498	0.00506
11	0.01273	0.06485	0.62874	0.01514	0.02250	0.06619	0.01848	0.07597	0.01308	0.01843	0.01000	0.01157	0.00722	0.00538	0.00518	0.00170	0.00803	0.00407	0.00263	0.00811
12	0.01114	0.01350	0.13112	0.28957	0.08680	0.01191	0.18968	0.01515	0.01192	0.01612	0.01344	0.04511	0.01189	0.00701	0.00632	0.00194	0.02376	0.10385	0.00298	0.00678
13	0.01164	0.07697	0.61921	0.01649	0.02407	0.01361	0.12695	0.01751	0.01187	0.01728	0.00998	0.01199	0.00723	0.00514	0.00534	0.00173	0.00821	0.00438	0.00241	0.00801
14	0.01320	0.01195	0.01983	0.33322	0.21768	0.03593	0.12994	0.04202	0.01285	0.06794	0.01290	0.01692	0.03044	0.00587	0.00575	0.00179	0.00715	0.02418	0.00315	0.00730
15	0.01457	0.04136	0.34092	0.06646	0.02077	0.07232	0.06827	0.01881	0.01322	0.17272	0.06022	0.01816	0.01276	0.00654	0.00558	0.00176	0.00706	0.04704	0.00374	0.00772
16	0.01823	0.09253	0.09719	0.01588	0.10823	0.01216	0.14485	0.07065	0.01462	0.32328	0.01560	0.03734	0.01117	0.00614	0.00554	0.00170	0.00630	0.00550	0.00459	0.00850
17	0.01252	0.01195	0.02033	0.31116	0.50293	0.01285	0.01641	0.01596	0.01205	0.01665	0.01021	0.01409	0.00826	0.00515	0.00550	0.00172	0.00687	0.00493	0.00264	0.00781

[dist]
# distance from previous block
# <min> <max>
2	5

[block]
# block no. 8 follows, 43 sequences, length 24
# corresponding to MSA columns:
# 426-444,459-463
name=unknown_I
#
# <colnr> <probs for GDERKNQSTAVLIFYWHMCP>
#	G	D	E	R	K	N	Q	S	T	A	V	L	I	F	Y	W	H	M	C	P
0	0.01230	0.01006	0.01311	0.01137	0.06322	0.00927	0.05482	0.07707	0.10806	0.04481	0.16952	0.03715	0.03182	0.00685	0.00531	0.00141	0.00447	0.00598	0.00446	0.32894
1	0.03698	0.01570	0.05057	0.05141	0.29181	0.15283	0.16162	0.01821	0.05935	0.01743	0.03178	0.01457	0.01009	0.00684	0.03655	0.00195	0.00781	0.00514	0.00306	0.02632
2	0.01342	0.41712	0.23140	0.01117	0.01682	0.04711	0.01202	0.01659	0.01159	0.01521	0.00874	0.01018	0.00728	0.00481	0.00418	0.00128	0.00638	0.00336	0.00255	0.15880
3	0.05110	0.02019	0.01806	0.01513	0.03787	0.44248	0.15235	0.01942	0.01409	0.01576	0.00932	0.01127	0.00757	0.00517	0.00508	0.00142	0.00847	0.00410	0.00294	0.15822
4	0.01139	0.01089	0.01873	0.56951	0.22361	0.01259	0.04475	0.01501	0.01154	0.01529	0.01004	0.01450	0.00778	0.00535	0.00556	0.00180	0.00726	0.00499	0.00255	0.00687
5	0.08860	0.01735	0.15405	0.01278	0.01775	0.01585	0.01188	0.52756	0.05130	0.03043	0.01258	0.01293	0.00899	0.00630	0.00531	0.00169	0.00625	0.00471	0.00478	0.00888
6	0.00800	0.00538	0.00603	0.00603	0.00609	0.00534	0.00339	0.00805	0.00822	0.01089	0.01882	0.03685	0.04669	0.77729	0.02742	0.00525	0.00528	0.00818	0.00342	0.00340
7	0.01058	0.00601	0.00731	0.00708	0.00820	0.00556	0.00478	0.01140	0.01073	0.15117	0.02686	0.22101	0.12833	0.35766	0.01591	0.00346	0.00437	0.00998	0.00468	0.00492
8	0.22072	0.01012	0.01236	0.00969	0.01380	0.00968	0.02595	0.05390	0.01466	0.54620	0.01785	0.01617	0.01156	0.00638	0.00508	0.00172	0.00478	0.00495	0.00588	0.00856
9	0.01313	0.01587	0.15954	0.05475	0.61165	0.01308	0.01758	0.01701	0.01239	0.01787	0.01031	0.01337	0.00841	0.00501	0.00544	0.00167	0.00690	0.00478	0.00266	0.00858
10	0.01030	0.00768	0.01031	0.00960	0.01122	0.00879	0.00758	0.14500	0.01202	0.01687	0.01455	0.02022	0.01304	0.03519	0.64186	0.00758	0.01324	0.00576	0.00344	0.00576
11	0.00962	0.00481	0.00722	0.00722	0.00722	0.00481	0.00481	0.00722	0.00722	0.00962	0.00962	0.01684	0.00962	0.01924	0.02165	0.83886	0.00481	0.00481	0.00241	0.00241
12	0.01100	0.00799	0.01014	0.01040	0.01229	0.00824	0.00895	0.14610	0.01516	0.01982	0.02792	0.05301	0.06939	0.01365	0.00720	0.00235	0.00515	0.56020	0.00518	0.00586
13	0.00868	0.00706	0.01037	0.00993	0.01074	0.00875	0.00787	0.01052	0.00882	0.01294	0.01346	0.02000	0.01265	0.03574	0.64416	0.00772	0.15685	0.00574	0.00287	0.00515
14	0.00774	0.00729	0.01056	0.00889	0.01140	0.00637	0.14008	0.00972	0.01265	0.01545	0.04728	0.06556	0.61141	0.01241	0.00656	0.00188	0.00400	0.01086	0.00472	0.00518
15	0.00760	0.00558	0.00713	0.00699	0.00824	0.00511	0.00520	0.00988	0.01467	0.02030	0.58178	0.13023	0.13201	0.01243	0.00663	0.00184	0.00277	0.03071	0.00585	0.00508
16	0.01148	0.00984	0.01148	0.00820	0.01312	0.00738	0.00656	0.01395	0.01148	0.01805	0.00984	0.01148	0.00820	0.00410	0.00410	0.00082	0.00410	0.00328	0.00328	0.83922
17	0.01255	0.00788	0.00957	0.00844	0.01064	0.00768	0.00650	0.14727	0.01635	0.13699	0.31972	0.15843	0.09778	0.02617	0.00671	0.00189	0.00373	0.00947	0.00582	0.00643
18	0.01043	0.00739	0.00885	0.00803	0.00972	0.00735	0.00600	0.14508	0.01593	0.03826	0.40290	0.14192	0.06738	0.09525	0.00870	0.00219	0.00368	0.00967	0.00555	0.00576
19	0.00743	0.00958	0.14615	0.00804	0.01063	0.00612	0.00742	0.00963	0.01190	0.01520	0.04066	0.25181	0.42845	0.01335	0.00646	0.00195	0.00390	0.01142	0.00463	0.00527
20	0.00757	0.00536	0.00633	0.00649	0.00705	0.00509	0.00418	0.00846	0.01066	0.01424	0.17617	0.18375	0.12636	0.39461	0.01705	0.00360	0.00408	0.01037	0.00448	0.00412
21	0.00810	0.00551	0.00727	0.00775	0.00862	0.00520	0.00565	0.00978	0.01250	0.04040	0.26883	0.35319	0.03883	0.08555	0.00883	0.00239	0.00353	0.11784	0.00534	0.00487
22	0.01095	0.00633	0.00845	0.00852	0.01006	0.00590	0.00667	0.01283	0.01298	0.15446	0.15479	0.23185	0.06231	0.06317	0.00818	0.00233	0.00406	0.22502	0.00549	0.00563
23	0.00850	0.00665	0.00787	0.00827	0.00968	0.00665	0.00626	0.01261	0.14823	0.01683	0.07919	0.28327	0.19781	0.03563	0.00735	0.00221	0.00371	0.14861	0.00523	0.00544

[dist]
# distance from previous block
# <min> <max>
3	6

[block]
# block no. 9 follows, 43 sequences, length 6
# corresponding to MSA columns:
# 470-475
name=unknown_J
#
# <colnr> <probs for GDERKNQSTAVLIFYWHMCP>
#	G	D	E	R	K	N	Q	S	T	A	V	L	I	F	Y	W	H	M	C	P
0	0.01695	0.22796	0.08143	0.01279	0.01693	0.39670	0.04151	0.01914	0.01360	0.01446	0.00871	0.01023	0.00730	0.00518	0.00460	0.00134	0.00805	0.00354	0.00273	0.10686
1	0.01364	0.01090	0.05249	0.01094	0.01542	0.00858	0.10603	0.01684	0.03915	0.15463	0.01498	0.10254	0.01268	0.00635	0.00514	0.00137	0.00502	0.00568	0.00411	0.41353
2	0.22937	0.17855	0.24957	0.01162	0.01700	0.05356	0.03383	0.06877	0.01225	0.01959	0.00911	0.01053	0.00708	0.00513	0.00439	0.00153	0.00636	0.00362	0.00297	0.07515
3	0.35079	0.07338	0.01379	0.01015	0.01383	0.06800	0.06766	0.05034	0.01251	0.21276	0.01203	0.01278	0.00872	0.00660	0.00571	0.06016	0.00546	0.00419	0.00414	0.00700
4	0.31709	0.01387	0.07904	0.07360	0.01956	0.04170	0.19878	0.05510	0.01245	0.09413	0.01071	0.01248	0.00785	0.00529	0.00493	0.00172	0.00648	0.00452	0.00352	0.03719
5	0.43733	0.01091	0.01159	0.01107	0.08594	0.03445	0.03956	0.01753	0.01135	0.12408	0.01110	0.01225	0.00832	0.00534	0.00421	0.00158	0.00481	0.00390	0.06817	0.09654

[dist]
# distance from previous block
# <min> <max>
0	390

# created by:
# /home/cegg/simao/soft/augustus-3.2.1/scripts/msa2prfl.pl ./align_prep/EOG091G0LPW.fa
