[name]
unknown

[dist]
# distance from previous block
# <min> <max>
0	75

[block]
# block no. 0 follows, 51 sequences, length 32
# corresponding to MSA columns:
# 76-107
name=unknown_A
#
# <colnr> <probs for GDERKNQSTAVLIFYWHMCP>
#	G	D	E	R	K	N	Q	S	T	A	V	L	I	F	Y	W	H	M	C	P
0	0.03628	0.14068	0.09219	0.00885	0.01162	0.04887	0.00808	0.06289	0.02997	0.04788	0.13220	0.06931	0.05768	0.02405	0.00555	0.00168	0.00461	0.18084	0.00390	0.03288
1	0.01103	0.00813	0.01098	0.03536	0.04235	0.00801	0.07303	0.09764	0.05025	0.10789	0.08518	0.04972	0.23955	0.00849	0.00575	0.00159	0.03589	0.03923	0.03877	0.05116
2	0.05506	0.01036	0.01194	0.04583	0.01326	0.09845	0.07353	0.03664	0.08066	0.01580	0.05372	0.08389	0.01272	0.04524	0.00685	0.00158	0.09633	0.00524	0.04817	0.20474
3	0.14463	0.03801	0.01423	0.25971	0.14827	0.03647	0.04203	0.06241	0.05499	0.01689	0.04386	0.03157	0.00956	0.00524	0.00455	0.00148	0.00538	0.00444	0.00296	0.07329
4	0.00942	0.02911	0.00921	0.02800	0.08631	0.03252	0.00620	0.07071	0.01034	0.04396	0.01825	0.23032	0.05277	0.25108	0.07203	0.00303	0.00509	0.00790	0.00359	0.03012
5	0.09125	0.01002	0.01365	0.04144	0.11036	0.04436	0.10885	0.01475	0.03188	0.09520	0.03644	0.06568	0.01072	0.00529	0.00451	0.00128	0.00484	0.00470	0.00333	0.30145
6	0.06754	0.00956	0.04246	0.02807	0.05312	0.01968	0.00748	0.18774	0.03401	0.06509	0.29778	0.03327	0.02250	0.00708	0.00497	0.00144	0.00400	0.00592	0.00447	0.10383
7	0.04915	0.12400	0.04539	0.04838	0.10528	0.14186	0.00948	0.21210	0.06811	0.01915	0.06002	0.03326	0.02905	0.00590	0.00458	0.00142	0.00555	0.00459	0.02602	0.00671
8	0.01239	0.01229	0.08815	0.10701	0.14922	0.04865	0.06552	0.16387	0.07200	0.03902	0.03123	0.07025	0.03024	0.05152	0.00657	0.00176	0.03470	0.00552	0.00344	0.00664
9	0.01127	0.08162	0.39148	0.09229	0.07277	0.04523	0.17476	0.04553	0.01125	0.01550	0.00899	0.01116	0.00671	0.00459	0.00482	0.00152	0.00715	0.00414	0.00233	0.00690
10	0.01161	0.21120	0.25253	0.01129	0.03341	0.01283	0.05032	0.08045	0.12163	0.01659	0.04119	0.01357	0.01015	0.04693	0.00544	0.00156	0.00555	0.00424	0.02830	0.04120
11	0.00823	0.00682	0.00801	0.00804	0.03870	0.03783	0.00542	0.00899	0.00848	0.01141	0.01867	0.06033	0.12665	0.39140	0.06473	0.00353	0.14428	0.00692	0.03751	0.00404
12	0.01272	0.09223	0.06483	0.03282	0.13090	0.05365	0.09507	0.12727	0.17658	0.03351	0.06000	0.04149	0.03577	0.00608	0.00492	0.00151	0.00537	0.00528	0.01304	0.00696
13	0.00727	0.00511	0.00601	0.00594	0.00608	0.00535	0.00367	0.00754	0.00752	0.01017	0.01681	0.06621	0.04961	0.66268	0.05735	0.00445	0.05111	0.00730	0.01654	0.00330
14	0.43229	0.08115	0.01200	0.00888	0.01201	0.07960	0.07704	0.01438	0.00965	0.01810	0.00853	0.01121	0.00717	0.00502	0.00426	0.00142	0.04217	0.03317	0.03802	0.10392
15	0.08011	0.11767	0.02902	0.00950	0.06899	0.02621	0.00732	0.05722	0.01091	0.01668	0.00852	0.00992	0.00705	0.00402	0.00373	0.00096	0.00431	0.00307	0.00287	0.53193
16	0.00854	0.00427	0.00640	0.00640	0.00640	0.00427	0.00427	0.00640	0.00640	0.00854	0.00854	0.01494	0.00854	0.01707	0.01921	0.85702	0.00427	0.00427	0.00213	0.00213
17	0.01263	0.01142	0.03377	0.05487	0.33198	0.05587	0.02160	0.04635	0.10289	0.07237	0.02396	0.01503	0.02924	0.00642	0.02015	0.00169	0.10193	0.01472	0.03616	0.00695
18	0.00632	0.00484	0.00571	0.00592	0.00701	0.00434	0.00430	0.00773	0.01127	0.01465	0.23853	0.22549	0.34164	0.05969	0.00707	0.00191	0.00274	0.04195	0.00469	0.00419
19	0.02740	0.01095	0.02868	0.04486	0.17163	0.03806	0.00936	0.16397	0.25031	0.01974	0.03966	0.07142	0.07993	0.00710	0.00509	0.00159	0.00469	0.01444	0.00412	0.00699
20	0.01413	0.00895	0.02960	0.00899	0.01166	0.00902	0.00735	0.19088	0.08324	0.22422	0.03722	0.01852	0.03911	0.04726	0.24285	0.00354	0.00708	0.00532	0.00441	0.00666
21	0.01229	0.03130	0.07594	0.05554	0.09363	0.04230	0.00899	0.03999	0.28261	0.10089	0.10834	0.03535	0.02641	0.02315	0.00535	0.00162	0.00454	0.00557	0.03935	0.00684
22	0.01163	0.01267	0.09797	0.07048	0.53249	0.01140	0.05729	0.04099	0.04207	0.01633	0.01182	0.01415	0.04858	0.00498	0.00496	0.00151	0.00590	0.00474	0.00268	0.00736
23	0.05503	0.01352	0.01350	0.04343	0.01515	0.09663	0.00896	0.46119	0.15675	0.06656	0.01288	0.01280	0.00932	0.00586	0.00480	0.00150	0.00541	0.00444	0.00455	0.00772
24	0.01102	0.01057	0.01450	0.01240	0.01263	0.01452	0.01031	0.04619	0.00837	0.01302	0.00719	0.01119	0.00685	0.00833	0.01497	0.00207	0.73967	0.00432	0.04641	0.00547
25	0.00581	0.00498	0.00498	0.00498	0.00664	0.00415	0.00373	0.00705	0.01120	0.01328	0.04978	0.04729	0.79464	0.01245	0.00581	0.00166	0.00249	0.01037	0.00456	0.00415
26	0.00713	0.00513	0.00671	0.00758	0.00829	0.00499	0.00562	0.04846	0.01063	0.01406	0.02644	0.57913	0.04427	0.01440	0.00632	0.00203	0.00339	0.19650	0.00457	0.00436
27	0.01177	0.01100	0.01670	0.02086	0.42622	0.01137	0.03327	0.03331	0.09946	0.01635	0.01010	0.01236	0.00835	0.00509	0.00616	0.00145	0.11112	0.00428	0.00283	0.15796
28	0.01834	0.01360	0.01456	0.01124	0.01511	0.01508	0.00926	0.74047	0.06344	0.03042	0.01223	0.01214	0.00871	0.00594	0.00492	0.00148	0.00533	0.00448	0.00492	0.00833
29	0.01354	0.07405	0.07394	0.01684	0.27676	0.06405	0.05076	0.06038	0.01273	0.14774	0.10245	0.01703	0.05638	0.00589	0.00491	0.00147	0.00534	0.00513	0.00360	0.00700
30	0.10657	0.15864	0.04223	0.01802	0.00931	0.00893	0.02493	0.03541	0.01063	0.01769	0.05367	0.01548	0.01180	0.00545	0.00364	0.00124	0.00351	0.00422	0.46338	0.00527
31	0.01303	0.04323	0.01145	0.00918	0.02794	0.02208	0.02156	0.23321	0.07474	0.09604	0.14909	0.04888	0.09411	0.00746	0.00503	0.00146	0.00412	0.02351	0.02839	0.08549

[dist]
# distance from previous block
# <min> <max>
1	22

[block]
# block no. 1 follows, 51 sequences, length 9
# corresponding to MSA columns:
# 131-139
name=unknown_B
#
# <colnr> <probs for GDERKNQSTAVLIFYWHMCP>
#	G	D	E	R	K	N	Q	S	T	A	V	L	I	F	Y	W	H	M	C	P
0	0.05351	0.01043	0.08183	0.16189	0.12052	0.02772	0.00994	0.03516	0.14038	0.01607	0.07389	0.08335	0.06075	0.03999	0.00640	0.00178	0.04387	0.02302	0.00346	0.00601
1	0.00754	0.00526	0.00719	0.00727	0.00803	0.00563	0.00532	0.00876	0.00865	0.04877	0.01942	0.22232	0.06891	0.14845	0.37172	0.00505	0.03602	0.00800	0.00344	0.00428
2	0.03128	0.01359	0.12887	0.05595	0.01513	0.12281	0.03039	0.12546	0.09395	0.17903	0.01421	0.06706	0.01125	0.04497	0.00578	0.00168	0.00554	0.00511	0.04116	0.00679
3	0.01238	0.07030	0.19389	0.10782	0.09157	0.08276	0.03585	0.07549	0.02691	0.06619	0.01045	0.01397	0.00859	0.06631	0.02285	0.00192	0.08522	0.01825	0.00285	0.00644
4	0.03434	0.07395	0.25566	0.01442	0.12120	0.01165	0.07588	0.09461	0.07572	0.15691	0.03041	0.01316	0.00945	0.00521	0.00477	0.00151	0.00580	0.00441	0.00350	0.00745
5	0.00624	0.00455	0.00594	0.00696	0.00751	0.00425	0.00495	0.00734	0.00987	0.01293	0.02935	0.63177	0.11318	0.01482	0.00630	0.00200	0.00305	0.12035	0.00456	0.00408
6	0.04222	0.17151	0.19017	0.03368	0.03779	0.07476	0.08153	0.09369	0.01164	0.04530	0.00888	0.01071	0.00703	0.00593	0.02399	0.00162	0.11108	0.00383	0.00270	0.04193
7	0.00637	0.00475	0.00602	0.00688	0.00768	0.00439	0.00510	0.00763	0.01026	0.01319	0.03228	0.46942	0.21397	0.01429	0.00627	0.00197	0.00313	0.17769	0.00455	0.00415
8	0.01054	0.00956	0.05076	0.00792	0.01208	0.00723	0.00672	0.01280	0.01024	0.04697	0.01035	0.01168	0.03259	0.00435	0.00452	0.00091	0.04967	0.00335	0.00301	0.70477

[dist]
# distance from previous block
# <min> <max>
0	1

[block]
# block no. 2 follows, 51 sequences, length 16
# corresponding to MSA columns:
# 141-156
name=unknown_C
#
# <colnr> <probs for GDERKNQSTAVLIFYWHMCP>
#	G	D	E	R	K	N	Q	S	T	A	V	L	I	F	Y	W	H	M	C	P
0	0.00644	0.00460	0.00606	0.00692	0.00740	0.00440	0.00487	0.00752	0.00971	0.01294	0.07235	0.54991	0.05269	0.09632	0.03369	0.00246	0.00354	0.10977	0.00439	0.00402
1	0.01019	0.00873	0.01019	0.00728	0.01165	0.00655	0.00582	0.01237	0.01019	0.01601	0.00873	0.01019	0.00728	0.00364	0.00364	0.00073	0.00364	0.00291	0.00291	0.85734
2	0.01109	0.32820	0.50987	0.01190	0.01801	0.01443	0.01449	0.01524	0.01023	0.01406	0.00807	0.00944	0.00626	0.00449	0.00410	0.00137	0.00651	0.00325	0.00209	0.00690
3	0.00792	0.00566	0.00792	0.00905	0.01018	0.00566	0.00792	0.01018	0.01131	0.01471	0.02602	0.05543	0.02828	0.01358	0.00679	0.00226	0.00453	0.76356	0.00453	0.00453
4	0.00727	0.00545	0.00685	0.00688	0.00806	0.00527	0.00522	0.01025	0.08019	0.01742	0.44073	0.17609	0.09849	0.01130	0.00593	0.00173	0.00283	0.10023	0.00505	0.00475
5	0.00714	0.00479	0.00549	0.00549	0.00554	0.00484	0.00314	0.00723	0.00719	0.00963	0.01536	0.03148	0.01757	0.78555	0.06635	0.00493	0.00521	0.00705	0.00296	0.00305
6	0.29504	0.05298	0.01072	0.00786	0.01122	0.00978	0.00650	0.01423	0.00963	0.09246	0.00876	0.01003	0.00695	0.00479	0.00500	0.00125	0.09904	0.00317	0.00313	0.34745
7	0.01403	0.29906	0.05662	0.03161	0.14143	0.16721	0.06210	0.01617	0.01120	0.06968	0.00880	0.01042	0.00720	0.00490	0.00498	0.00135	0.06126	0.00364	0.02184	0.00652
8	0.01836	0.02342	0.01393	0.01266	0.01519	0.80756	0.00950	0.01962	0.01393	0.01203	0.00760	0.00886	0.00633	0.00506	0.00443	0.00127	0.00886	0.00317	0.00253	0.00570
9	0.00927	0.00745	0.00993	0.02949	0.14576	0.00741	0.00724	0.10236	0.03601	0.01887	0.35907	0.05569	0.15474	0.00901	0.00553	0.00158	0.00354	0.02687	0.00456	0.00563
10	0.00607	0.00431	0.00568	0.00674	0.00700	0.00405	0.00445	0.00686	0.00925	0.01233	0.02625	0.76720	0.03145	0.07372	0.00762	0.00219	0.00299	0.01348	0.00445	0.00392
11	0.01100	0.01133	0.09244	0.33658	0.12298	0.01118	0.03950	0.12095	0.05942	0.01675	0.04484	0.03185	0.02579	0.00672	0.03095	0.00180	0.02153	0.00497	0.00302	0.00640
12	0.00614	0.00471	0.00566	0.00624	0.00718	0.00423	0.00449	0.00737	0.01061	0.01359	0.10111	0.40631	0.32316	0.01369	0.00609	0.00185	0.00279	0.06601	0.00463	0.00414
13	0.01156	0.01357	0.14369	0.01619	0.10600	0.03229	0.28347	0.05822	0.09589	0.03950	0.06734	0.03958	0.04419	0.00598	0.00554	0.01506	0.00624	0.00571	0.00327	0.00672
14	0.01066	0.01067	0.01439	0.01247	0.01260	0.03791	0.01031	0.01177	0.00779	0.01183	0.00738	0.03228	0.00744	0.01018	0.05772	0.00243	0.73007	0.00457	0.00225	0.00530
15	0.05231	0.13260	0.13482	0.04510	0.16390	0.01270	0.06617	0.15308	0.04806	0.05770	0.03607	0.01234	0.00905	0.00502	0.00456	0.00142	0.00559	0.00420	0.00322	0.05210

[dist]
# distance from previous block
# <min> <max>
0	1

[block]
# block no. 3 follows, 51 sequences, length 19
# corresponding to MSA columns:
# 158-176
name=unknown_D
#
# <colnr> <probs for GDERKNQSTAVLIFYWHMCP>
#	G	D	E	R	K	N	Q	S	T	A	V	L	I	F	Y	W	H	M	C	P
0	0.12177	0.16778	0.02629	0.02022	0.01331	0.15788	0.00842	0.24163	0.03326	0.01932	0.01062	0.05373	0.00912	0.00638	0.01397	0.00151	0.04047	0.02164	0.02622	0.00645
1	0.81668	0.00947	0.00738	0.00660	0.00959	0.01094	0.00541	0.03417	0.00878	0.02202	0.00752	0.03037	0.00614	0.00489	0.00318	0.00153	0.00382	0.00302	0.00313	0.00536
2	0.02788	0.00675	0.00821	0.00710	0.00871	0.00670	0.00518	0.07227	0.01103	0.23442	0.06551	0.02405	0.01622	0.35562	0.04586	0.00314	0.02756	0.00602	0.06249	0.00528
3	0.46329	0.00998	0.03061	0.04603	0.03671	0.01077	0.05224	0.06536	0.04664	0.04992	0.01085	0.03151	0.03019	0.05414	0.00572	0.00177	0.04103	0.00416	0.00330	0.00577
4	0.00601	0.00482	0.00533	0.00565	0.00688	0.00420	0.00411	0.00718	0.01070	0.01320	0.06046	0.24254	0.53050	0.03698	0.00653	0.00186	0.00273	0.04168	0.00454	0.00410
5	0.01054	0.04440	0.60529	0.01421	0.03181	0.05232	0.06057	0.01533	0.01044	0.01504	0.02084	0.01087	0.00697	0.00506	0.00567	0.00158	0.07609	0.00386	0.00219	0.00693
6	0.00715	0.00476	0.00536	0.00536	0.00536	0.00476	0.00298	0.00715	0.00715	0.00953	0.01548	0.03216	0.01787	0.82729	0.02501	0.00476	0.00476	0.00715	0.00298	0.00298
7	0.01616	0.02006	0.03908	0.03889	0.03621	0.59400	0.02860	0.01878	0.07646	0.01322	0.00991	0.04924	0.00850	0.00565	0.00461	0.00137	0.00780	0.00406	0.02150	0.00588
8	0.01857	0.00859	0.01109	0.00847	0.01234	0.00738	0.00692	0.02130	0.06193	0.56215	0.01686	0.01525	0.01117	0.00553	0.00463	0.00134	0.00403	0.00449	0.00525	0.21270
9	0.00729	0.00570	0.00730	0.03593	0.03620	0.00572	0.00579	0.01010	0.10717	0.01403	0.04591	0.47326	0.11618	0.03449	0.00649	0.00197	0.00335	0.07399	0.00444	0.00470
10	0.01321	0.71812	0.08543	0.00907	0.01345	0.04442	0.00923	0.03668	0.01052	0.01244	0.00715	0.00822	0.00636	0.00432	0.00336	0.00111	0.00553	0.00277	0.00219	0.00642
11	0.02115	0.00900	0.01191	0.00920	0.01282	0.00838	0.00760	0.09470	0.01458	0.68719	0.01801	0.01596	0.01151	0.00619	0.00551	0.00155	0.04590	0.00486	0.00577	0.00821
12	0.00609	0.00435	0.00582	0.00696	0.00728	0.00408	0.00473	0.00701	0.00951	0.01266	0.02703	0.78481	0.03229	0.01530	0.00630	0.00201	0.00294	0.05227	0.00456	0.00402
13	0.01172	0.03886	0.01813	0.23732	0.42469	0.01131	0.06015	0.03089	0.01115	0.05150	0.01046	0.03376	0.00874	0.00512	0.00496	0.00154	0.00597	0.02414	0.00269	0.00690
14	0.00923	0.00710	0.01072	0.22239	0.04334	0.00755	0.05422	0.01221	0.05877	0.04987	0.03257	0.23891	0.01742	0.00906	0.01910	0.00177	0.00458	0.04632	0.12472	0.03016
15	0.00690	0.00502	0.00650	0.00613	0.00731	0.00461	0.00460	0.00917	0.01379	0.01942	0.76063	0.03718	0.07996	0.01015	0.00580	0.00155	0.00233	0.00895	0.00537	0.00461
16	0.03938	0.21560	0.07400	0.06933	0.05423	0.26868	0.01010	0.13629	0.01352	0.05090	0.00894	0.01012	0.00704	0.00495	0.00424	0.00132	0.00657	0.00350	0.01475	0.00655
17	0.01713	0.07048	0.01422	0.01203	0.03635	0.55361	0.00907	0.09172	0.01408	0.04354	0.00891	0.01011	0.00718	0.00598	0.02700	0.00145	0.00777	0.00345	0.03038	0.03554
18	0.23002	0.01278	0.13508	0.05656	0.13662	0.04908	0.03971	0.06866	0.01083	0.02610	0.01030	0.04153	0.00884	0.00730	0.04430	0.00190	0.05478	0.03666	0.02276	0.00619

[dist]
# distance from previous block
# <min> <max>
1	3

[block]
# block no. 4 follows, 51 sequences, length 18
# corresponding to MSA columns:
# 180-197
name=unknown_E
#
# <colnr> <probs for GDERKNQSTAVLIFYWHMCP>
#	G	D	E	R	K	N	Q	S	T	A	V	L	I	F	Y	W	H	M	C	P
0	0.01306	0.09969	0.01293	0.00999	0.03746	0.07393	0.00788	0.18131	0.04226	0.06953	0.05399	0.09352	0.03317	0.00783	0.01566	0.00157	0.05266	0.07255	0.00392	0.11707
1	0.00634	0.00485	0.00585	0.00618	0.00727	0.00436	0.00457	0.00783	0.01138	0.01483	0.23075	0.26955	0.31701	0.01279	0.00602	0.00178	0.00273	0.07688	0.00478	0.00426
2	0.01168	0.01312	0.10708	0.05864	0.52314	0.01185	0.08600	0.01570	0.06260	0.01596	0.00985	0.01246	0.00796	0.00473	0.00538	0.00154	0.03783	0.00450	0.00255	0.00743
3	0.00670	0.00494	0.00625	0.00607	0.00722	0.00450	0.00450	0.00872	0.01308	0.01808	0.61223	0.11431	0.15333	0.01091	0.00584	0.00161	0.00239	0.00959	0.00521	0.00450
4	0.02170	0.00892	0.01175	0.00901	0.01282	0.00804	0.00744	0.10131	0.01499	0.72138	0.01861	0.01622	0.01178	0.00606	0.00494	0.00152	0.00431	0.00489	0.00596	0.00836
5	0.01070	0.00693	0.00683	0.00638	0.00793	0.06576	0.00493	0.06540	0.01182	0.05355	0.08407	0.02016	0.01535	0.00858	0.06092	0.00175	0.00394	0.03311	0.52683	0.00509
6	0.02109	0.00991	0.01236	0.00948	0.01332	0.00952	0.00783	0.24030	0.01665	0.58004	0.01722	0.01532	0.01108	0.00603	0.00493	0.00151	0.00453	0.00479	0.00575	0.00836
7	0.01174	0.18207	0.40489	0.01492	0.08012	0.01320	0.13597	0.04552	0.01118	0.04290	0.00912	0.01075	0.00685	0.00457	0.00458	0.00146	0.00673	0.00391	0.00242	0.00709
8	0.01328	0.01790	0.44263	0.01165	0.01707	0.01015	0.01315	0.06853	0.06248	0.20574	0.07751	0.01470	0.01169	0.00567	0.00487	0.00155	0.00577	0.00456	0.00369	0.00741
9	0.00854	0.00427	0.00640	0.00640	0.00640	0.00427	0.00427	0.00640	0.00640	0.00854	0.00854	0.01494	0.00854	0.01707	0.01921	0.85702	0.00427	0.00427	0.00213	0.00213
10	0.01143	0.01089	0.01998	0.23721	0.25706	0.01121	0.24495	0.03482	0.01137	0.04442	0.01147	0.01542	0.02966	0.00510	0.00526	0.00160	0.00656	0.03224	0.00272	0.00663
11	0.03415	0.04038	0.60990	0.01508	0.07938	0.01168	0.06300	0.04045	0.01096	0.03715	0.00920	0.01078	0.00662	0.00468	0.00469	0.00154	0.00693	0.00383	0.00235	0.00725
12	0.01908	0.01235	0.01345	0.01052	0.01426	0.04569	0.00861	0.46878	0.08517	0.24861	0.01449	0.01364	0.00992	0.00598	0.00491	0.00150	0.00507	0.00462	0.00516	0.00820
13	0.00928	0.00873	0.01474	0.81548	0.03385	0.01092	0.01365	0.01256	0.00983	0.01256	0.00873	0.01310	0.00655	0.00491	0.00491	0.00164	0.00655	0.00437	0.00218	0.00546
14	0.01596	0.03531	0.04088	0.01157	0.06846	0.03168	0.04553	0.24357	0.05330	0.20812	0.04571	0.01462	0.01105	0.00562	0.00476	0.00139	0.00495	0.01620	0.00438	0.13693
15	0.06468	0.26182	0.33769	0.01188	0.04944	0.03018	0.02952	0.04707	0.01087	0.03286	0.00847	0.00978	0.00660	0.00450	0.00407	0.00132	0.00600	0.00334	0.00245	0.07744
16	0.06126	0.04702	0.03410	0.01031	0.01362	0.08967	0.04890	0.29512	0.11613	0.07165	0.01317	0.01435	0.00998	0.00582	0.00459	0.00145	0.00513	0.02500	0.11453	0.01823
17	0.11146	0.03657	0.41717	0.01348	0.07577	0.03312	0.03763	0.04000	0.03091	0.03022	0.00946	0.02343	0.00746	0.02907	0.00587	0.00165	0.06072	0.00399	0.00257	0.02946

[dist]
# distance from previous block
# <min> <max>
0	4

[block]
# block no. 5 follows, 51 sequences, length 20
# corresponding to MSA columns:
# 207-226
name=unknown_F
#
# <colnr> <probs for GDERKNQSTAVLIFYWHMCP>
#	G	D	E	R	K	N	Q	S	T	A	V	L	I	F	Y	W	H	M	C	P
0	0.01113	0.09521	0.42762	0.05261	0.19469	0.03187	0.05346	0.02924	0.01080	0.01528	0.00875	0.01081	0.00671	0.00468	0.00493	0.00150	0.02750	0.00387	0.00225	0.00711
1	0.01002	0.00843	0.03123	0.01317	0.20536	0.00810	0.00830	0.04016	0.12568	0.05067	0.31106	0.04988	0.08605	0.00812	0.00539	0.00158	0.00381	0.02239	0.00443	0.00617
2	0.00795	0.00573	0.00716	0.00739	0.05117	0.00527	0.00508	0.03019	0.01246	0.05707	0.36426	0.08180	0.26632	0.06780	0.00706	0.00182	0.00295	0.00893	0.00479	0.00480
3	0.08772	0.01123	0.01791	0.05251	0.62967	0.01152	0.01351	0.01509	0.03372	0.01649	0.00924	0.01190	0.00768	0.00457	0.00497	0.00147	0.02747	0.00421	0.00256	0.03657
4	0.01075	0.05401	0.01148	0.07894	0.01366	0.00795	0.00680	0.03312	0.03081	0.03886	0.00994	0.03848	0.00839	0.00439	0.00392	0.00094	0.00403	0.00357	0.00306	0.63690
5	0.00712	0.00488	0.00597	0.00597	0.00618	0.00509	0.00374	0.00754	0.00733	0.00998	0.01493	0.02908	0.01653	0.63793	0.21255	0.00552	0.00678	0.00670	0.00290	0.00332
6	0.01314	0.83025	0.02575	0.00841	0.01261	0.01945	0.00841	0.01472	0.00999	0.01156	0.00683	0.00788	0.00631	0.00420	0.00315	0.00105	0.00526	0.00263	0.00210	0.00631
7	0.00854	0.00427	0.00640	0.00640	0.00640	0.00427	0.00427	0.00640	0.00640	0.00854	0.00854	0.01494	0.00854	0.01707	0.01921	0.85702	0.00427	0.00427	0.00213	0.00213
8	0.01247	0.01068	0.01125	0.01005	0.01287	0.01234	0.00784	0.05533	0.75813	0.02096	0.01968	0.01808	0.01474	0.00664	0.00500	0.00166	0.00395	0.00551	0.00500	0.00780
9	0.00710	0.00493	0.00620	0.00620	0.00649	0.00522	0.00402	0.00768	0.00739	0.01015	0.01472	0.02791	0.01602	0.56626	0.28352	0.00580	0.00754	0.00653	0.00286	0.00344
10	0.01348	0.01116	0.01211	0.05466	0.01448	0.01281	0.00844	0.19051	0.57746	0.02240	0.01758	0.01662	0.01308	0.00640	0.00498	0.00162	0.00437	0.00524	0.00483	0.00778
11	0.01369	0.01161	0.01192	0.01034	0.01334	0.03877	0.00814	0.17418	0.61216	0.02233	0.01798	0.01674	0.01341	0.00646	0.00497	0.00162	0.00435	0.00526	0.00490	0.00782
12	0.01348	0.53518	0.10878	0.01030	0.03327	0.11921	0.00977	0.03412	0.07046	0.01332	0.00833	0.00928	0.00705	0.00460	0.00371	0.00120	0.00586	0.00312	0.00245	0.00653
13	0.00702	0.00527	0.00790	0.00790	0.00878	0.00614	0.00614	0.00878	0.00790	0.01141	0.01316	0.01931	0.01229	0.03686	0.80782	0.00790	0.01316	0.00527	0.00263	0.00439
14	0.01199	0.01116	0.01845	0.13479	0.43516	0.01160	0.09936	0.08332	0.05690	0.01703	0.01123	0.01566	0.00943	0.00532	0.00512	0.00157	0.00597	0.05587	0.00291	0.00716
15	0.86201	0.00950	0.00722	0.00646	0.00950	0.01102	0.00532	0.01445	0.00836	0.02205	0.00684	0.00798	0.00532	0.00456	0.00304	0.00152	0.00380	0.00266	0.00304	0.00532
16	0.01273	0.01109	0.01138	0.01014	0.01298	0.03508	0.00791	0.06506	0.72599	0.02085	0.01922	0.01773	0.01441	0.00658	0.00498	0.00165	0.00411	0.00543	0.00493	0.00775
17	0.00708	0.00496	0.00629	0.00680	0.00765	0.00462	0.00484	0.00858	0.02934	0.04072	0.11468	0.48158	0.11653	0.05828	0.00711	0.00203	0.00307	0.06964	0.00460	0.02161
18	0.01074	0.00997	0.02383	0.00927	0.03711	0.12630	0.00679	0.12348	0.09124	0.01643	0.06287	0.24005	0.12013	0.07088	0.00692	0.00190	0.00451	0.02798	0.00416	0.00544
19	0.60231	0.13598	0.07787	0.00796	0.01159	0.03236	0.02328	0.03293	0.00934	0.01974	0.00721	0.00839	0.00569	0.00455	0.00333	0.00145	0.00457	0.00286	0.00284	0.00574

[dist]
# distance from previous block
# <min> <max>
0	6

[block]
# block no. 6 follows, 51 sequences, length 43
# corresponding to MSA columns:
# 233-247,267-294
name=unknown_G
#
# <colnr> <probs for GDERKNQSTAVLIFYWHMCP>
#	G	D	E	R	K	N	Q	S	T	A	V	L	I	F	Y	W	H	M	C	P
0	0.00740	0.00539	0.00657	0.00662	0.00750	0.00523	0.00474	0.03580	0.01017	0.01351	0.11117	0.21401	0.15271	0.21283	0.01157	0.04701	0.02310	0.08695	0.00404	0.03369
1	0.01150	0.02892	0.10569	0.09686	0.30942	0.06061	0.07039	0.04202	0.08318	0.01626	0.05655	0.01664	0.04844	0.00570	0.00502	0.00154	0.00584	0.02557	0.00302	0.00683
2	0.00835	0.00568	0.00690	0.00631	0.00802	0.00510	0.00485	0.03170	0.01317	0.08301	0.43629	0.03711	0.26293	0.01019	0.00566	0.00157	0.00272	0.03078	0.00509	0.03458
3	0.01117	0.01674	0.35498	0.01277	0.04511	0.01100	0.06681	0.13018	0.12121	0.01900	0.11182	0.03969	0.02525	0.00619	0.00505	0.00158	0.00571	0.00527	0.00348	0.00700
4	0.01177	0.05207	0.25809	0.03583	0.05145	0.04748	0.02373	0.06747	0.08283	0.03812	0.01020	0.01134	0.00778	0.00463	0.00435	0.00126	0.00550	0.00369	0.00296	0.27945
5	0.01275	0.01082	0.01141	0.01011	0.01298	0.01247	0.00791	0.08754	0.72548	0.02141	0.01933	0.01780	0.01446	0.00660	0.00499	0.00165	0.00401	0.00546	0.00499	0.00783
6	0.01321	0.21680	0.15243	0.01141	0.04328	0.08052	0.01033	0.05790	0.26244	0.04806	0.01232	0.01261	0.00950	0.00552	0.00494	0.00146	0.04265	0.00412	0.00339	0.00709
7	0.01052	0.12198	0.43718	0.01362	0.03812	0.01195	0.12585	0.03577	0.03902	0.01558	0.03069	0.05074	0.03647	0.00553	0.00481	0.00153	0.00646	0.00478	0.00261	0.00679
8	0.04021	0.01001	0.04361	0.41237	0.12999	0.01116	0.02775	0.03209	0.03226	0.04278	0.02828	0.03183	0.00914	0.00591	0.00630	0.00168	0.10373	0.02216	0.00271	0.00602
9	0.00585	0.00493	0.00508	0.00515	0.00669	0.00415	0.00382	0.00710	0.01115	0.01341	0.06995	0.10325	0.71751	0.01259	0.00584	0.00168	0.00251	0.01059	0.00459	0.00415
10	0.01446	0.62550	0.02275	0.00949	0.01327	0.21945	0.00868	0.01596	0.01099	0.01168	0.00703	0.00813	0.00631	0.00442	0.00348	0.00111	0.00617	0.00276	0.00221	0.00615
11	0.00802	0.00642	0.00830	0.00965	0.08532	0.00643	0.00661	0.01143	0.12503	0.01496	0.07141	0.23596	0.15845	0.04884	0.00681	0.00200	0.00367	0.18123	0.00439	0.00506
12	0.01181	0.09824	0.55887	0.01353	0.01932	0.03166	0.03947	0.01560	0.01113	0.01590	0.01127	0.01551	0.00951	0.11569	0.00802	0.00225	0.00733	0.00464	0.00284	0.00740
13	0.01318	0.01210	0.01952	0.13299	0.63965	0.01212	0.01490	0.01552	0.01204	0.01703	0.01226	0.03416	0.02808	0.00606	0.00567	0.00182	0.00634	0.00530	0.00310	0.00815
14	0.00784	0.00562	0.00702	0.00806	0.00851	0.00509	0.00536	0.00822	0.01053	0.01422	0.02833	0.80438	0.03347	0.01626	0.00698	0.00230	0.00349	0.01427	0.00511	0.00494
15	0.01316	0.01192	0.01927	0.02711	0.62792	0.01164	0.03859	0.01548	0.01230	0.01741	0.01365	0.02139	0.01265	0.00699	0.00594	0.00191	0.00626	0.12496	0.00337	0.00807
16	0.01531	0.01194	0.06798	0.11145	0.07552	0.01045	0.24182	0.01782	0.01308	0.24380	0.06858	0.06781	0.01449	0.00711	0.00605	0.00192	0.00640	0.00638	0.00439	0.00769
17	0.01040	0.00984	0.01651	0.51071	0.30774	0.01123	0.01400	0.01384	0.03175	0.01404	0.00923	0.01291	0.00723	0.00477	0.00490	0.00157	0.00622	0.00440	0.00235	0.00636
18	0.01064	0.20074	0.61085	0.01323	0.04077	0.01317	0.01594	0.01536	0.01031	0.01470	0.00840	0.00988	0.00629	0.00456	0.00434	0.00144	0.00679	0.00343	0.00209	0.00707
19	0.01225	0.01314	0.06049	0.04006	0.36284	0.05384	0.25494	0.01547	0.01128	0.03710	0.00949	0.01223	0.00754	0.00454	0.00550	0.00151	0.03826	0.00466	0.00255	0.05232
20	0.00581	0.00498	0.00498	0.00498	0.00664	0.00415	0.00373	0.00705	0.01120	0.01328	0.04978	0.04729	0.79464	0.01245	0.00581	0.00166	0.00249	0.01037	0.00456	0.00415
21	0.00726	0.00561	0.00782	0.02976	0.06132	0.00569	0.00639	0.00903	0.03273	0.01354	0.05106	0.46483	0.04902	0.03350	0.03405	0.00224	0.02961	0.14777	0.00422	0.00455
22	0.00721	0.00500	0.00594	0.00590	0.00600	0.00521	0.00359	0.00744	0.00731	0.00989	0.01538	0.05885	0.01749	0.69707	0.09652	0.00487	0.03300	0.00712	0.00297	0.00323
23	0.00707	0.00509	0.00700	0.00700	0.00756	0.00565	0.00502	0.00820	0.00763	0.01074	0.01399	0.02387	0.01427	0.31779	0.52960	0.00678	0.01018	0.00593	0.00276	0.00389
24	0.03293	0.14110	0.22994	0.01411	0.09783	0.03272	0.06057	0.03226	0.03498	0.04366	0.03855	0.01186	0.00857	0.00579	0.00719	0.00160	0.19299	0.00414	0.00262	0.00659
25	0.01266	0.48879	0.28319	0.01047	0.01563	0.03181	0.01167	0.04133	0.01078	0.04204	0.00813	0.00918	0.00656	0.00450	0.00381	0.00125	0.00596	0.00312	0.00234	0.00676
26	0.00645	0.00469	0.00606	0.00655	0.00730	0.00435	0.00468	0.00790	0.01113	0.01505	0.28484	0.41884	0.10391	0.03769	0.00667	0.00192	0.00281	0.06012	0.00480	0.00422
27	0.00982	0.00771	0.00910	0.00875	0.01045	0.00843	0.00674	0.01645	0.33274	0.04567	0.08979	0.24130	0.02322	0.01011	0.00619	0.00181	0.04811	0.09255	0.00470	0.02636
28	0.00599	0.00428	0.00570	0.00684	0.00713	0.00399	0.00456	0.00684	0.00941	0.01254	0.02709	0.82409	0.03250	0.01540	0.00627	0.00200	0.00285	0.01397	0.00456	0.00399
29	0.00713	0.00483	0.00571	0.00571	0.00583	0.00495	0.00341	0.00737	0.00725	0.00979	0.01517	0.03039	0.01710	0.71877	0.13249	0.00519	0.00592	0.00689	0.00293	0.00317
30	0.00986	0.02542	0.80183	0.01401	0.02127	0.01141	0.01816	0.01556	0.01038	0.01556	0.00882	0.01038	0.00623	0.00467	0.00467	0.00156	0.00726	0.00363	0.00208	0.00726
31	0.01314	0.83025	0.02575	0.00841	0.01261	0.01945	0.00841	0.01472	0.00999	0.01156	0.00683	0.00788	0.00631	0.00420	0.00315	0.00105	0.00526	0.00263	0.00210	0.00631
32	0.00986	0.02542	0.80183	0.01401	0.02127	0.01141	0.01816	0.01556	0.01038	0.01556	0.00882	0.01038	0.00623	0.00467	0.00467	0.00156	0.00726	0.00363	0.00208	0.00726
33	0.00599	0.00428	0.00570	0.00684	0.00713	0.00399	0.00456	0.00684	0.00941	0.01254	0.02709	0.82409	0.03250	0.01540	0.00627	0.00200	0.00285	0.01397	0.00456	0.00399
34	0.01297	0.01042	0.01441	0.01213	0.01291	0.01369	0.01009	0.03710	0.00914	0.15022	0.00887	0.01183	0.00751	0.00808	0.01383	0.00202	0.65146	0.00442	0.00292	0.00599
35	0.01314	0.83025	0.02575	0.00841	0.01261	0.01945	0.00841	0.01472	0.00999	0.01156	0.00683	0.00788	0.00631	0.00420	0.00315	0.00105	0.00526	0.00263	0.00210	0.00631
36	0.01464	0.01710	0.01408	0.01247	0.01383	0.42613	0.00983	0.01586	0.01095	0.01217	0.00740	0.01005	0.00661	0.00666	0.00959	0.00165	0.36812	0.00372	0.03361	0.00551
37	0.86201	0.00950	0.00722	0.00646	0.00950	0.01102	0.00532	0.01445	0.00836	0.02205	0.00684	0.00798	0.00532	0.00456	0.00304	0.00152	0.00380	0.00266	0.00304	0.00532
38	0.00861	0.00596	0.00657	0.00610	0.00779	0.00578	0.00467	0.05269	0.08112	0.03947	0.23930	0.03237	0.27628	0.00919	0.00511	0.00150	0.00272	0.00773	0.20199	0.00505
39	0.01945	0.01182	0.01348	0.01036	0.01418	0.01242	0.00855	0.52010	0.02000	0.27510	0.03429	0.01400	0.01054	0.00606	0.00495	0.00149	0.00494	0.00470	0.00530	0.00826
40	0.01160	0.00883	0.01074	0.01002	0.04762	0.00924	0.02592	0.27244	0.06067	0.02074	0.12022	0.10529	0.10366	0.00963	0.00607	0.03065	0.00427	0.13177	0.00458	0.00606
41	0.00792	0.00528	0.00618	0.00651	0.00752	0.00516	0.00477	0.06605	0.01098	0.01560	0.02552	0.37302	0.11975	0.03374	0.00594	0.00179	0.00305	0.07350	0.22322	0.00451
42	0.01766	0.01453	0.01429	0.01173	0.03243	0.11522	0.00929	0.56920	0.12050	0.02689	0.01227	0.01228	0.00895	0.00586	0.00486	0.00147	0.00566	0.00441	0.00457	0.00793

[dist]
# distance from previous block
# <min> <max>
0	7

[block]
# block no. 7 follows, 51 sequences, length 44
# corresponding to MSA columns:
# 302-345
name=unknown_H
#
# <colnr> <probs for GDERKNQSTAVLIFYWHMCP>
#	G	D	E	R	K	N	Q	S	T	A	V	L	I	F	Y	W	H	M	C	P
0	0.00928	0.00873	0.01474	0.81548	0.03385	0.01092	0.01365	0.01256	0.00983	0.01256	0.00873	0.01310	0.00655	0.00491	0.00491	0.00164	0.00655	0.00437	0.00218	0.00546
1	0.00710	0.00518	0.00670	0.00629	0.00750	0.00485	0.00473	0.00975	0.03575	0.01973	0.77220	0.03619	0.04548	0.00995	0.00577	0.00155	0.00236	0.00879	0.00540	0.00473
2	0.00792	0.00566	0.00792	0.00905	0.01018	0.00566	0.00792	0.01018	0.01131	0.01471	0.02602	0.05543	0.02828	0.01358	0.00679	0.00226	0.00453	0.76356	0.00453	0.00453
3	0.01045	0.05719	0.01152	0.00771	0.01203	0.00760	0.02208	0.01299	0.03346	0.01588	0.00898	0.01036	0.00746	0.00377	0.00370	0.00079	0.00384	0.00303	0.00292	0.76423
4	0.10879	0.01236	0.01240	0.01018	0.01341	0.05822	0.00817	0.40063	0.21134	0.04349	0.01306	0.01315	0.00968	0.00656	0.00555	0.05182	0.00495	0.00445	0.00446	0.00736
5	0.22898	0.01100	0.02971	0.00904	0.01214	0.01190	0.00749	0.37587	0.05015	0.02433	0.01142	0.01299	0.00885	0.03558	0.08142	0.00219	0.00545	0.00419	0.07061	0.00669
6	0.00721	0.00474	0.00552	0.00553	0.00559	0.00473	0.00321	0.00719	0.00739	0.00991	0.04228	0.04747	0.01844	0.71443	0.03676	0.06166	0.00475	0.00713	0.00303	0.00302
7	0.00712	0.00485	0.00580	0.00580	0.00595	0.00500	0.00353	0.00743	0.00728	0.00985	0.01508	0.02993	0.01690	0.69046	0.16053	0.00531	0.00622	0.00682	0.00292	0.00322
8	0.00621	0.00481	0.00560	0.00577	0.00690	0.00426	0.00415	0.00761	0.01136	0.01471	0.24497	0.23134	0.38080	0.04083	0.00658	0.00182	0.00261	0.01073	0.00474	0.00420
9	0.00599	0.00428	0.00570	0.00684	0.00713	0.00399	0.00456	0.00684	0.00941	0.01254	0.02709	0.82409	0.03250	0.01540	0.00627	0.00200	0.00285	0.01397	0.00456	0.00399
10	0.00646	0.00486	0.00681	0.00758	0.00803	0.00478	0.02368	0.00750	0.00951	0.01274	0.02572	0.71777	0.03051	0.01471	0.00671	0.00201	0.03771	0.06436	0.00441	0.00415
11	0.00928	0.00873	0.01474	0.81548	0.03385	0.01092	0.01365	0.01256	0.00983	0.01256	0.00873	0.01310	0.00655	0.00491	0.00491	0.00164	0.00655	0.00437	0.00218	0.00546
12	0.00798	0.00632	0.00853	0.00783	0.00816	0.00731	0.03068	0.00866	0.00751	0.01054	0.01308	0.02490	0.01422	0.49074	0.16857	0.00473	0.16747	0.00619	0.00273	0.00384
13	0.00713	0.00482	0.00564	0.00564	0.00573	0.00492	0.00332	0.00732	0.00723	0.00973	0.01523	0.03075	0.01726	0.74083	0.11065	0.00511	0.00568	0.00694	0.00294	0.00313
14	0.00613	0.00438	0.00587	0.00701	0.00736	0.00412	0.00481	0.00709	0.00955	0.01271	0.02701	0.76612	0.03218	0.01526	0.00631	0.00202	0.00298	0.07049	0.00456	0.00403
15	0.00928	0.00873	0.01474	0.81548	0.03385	0.01092	0.01365	0.01256	0.00983	0.01256	0.00873	0.01310	0.00655	0.00491	0.00491	0.00164	0.00655	0.00437	0.00218	0.00546
16	0.00676	0.00502	0.00630	0.00598	0.00722	0.00456	0.00449	0.00890	0.01346	0.01863	0.66950	0.03848	0.17158	0.01045	0.00580	0.00156	0.00235	0.00914	0.00527	0.00456
17	0.01314	0.83025	0.02575	0.00841	0.01261	0.01945	0.00841	0.01472	0.00999	0.01156	0.00683	0.00788	0.00631	0.00420	0.00315	0.00105	0.00526	0.00263	0.00210	0.00631
18	0.39272	0.11155	0.05866	0.00947	0.01263	0.27054	0.00806	0.02877	0.01069	0.01695	0.00727	0.00856	0.00591	0.00486	0.00412	0.00141	0.03643	0.00297	0.00271	0.00573
19	0.00696	0.00502	0.00657	0.00618	0.00734	0.00464	0.00464	0.00927	0.01391	0.01971	0.79405	0.03671	0.04637	0.01005	0.00580	0.00155	0.00232	0.00889	0.00541	0.00464
20	0.00726	0.00483	0.00636	0.00716	0.00794	0.00449	0.00523	0.00846	0.01020	0.05930	0.02869	0.56363	0.10600	0.01423	0.00624	0.00198	0.00319	0.14580	0.00464	0.00436
21	0.00707	0.00522	0.00603	0.00597	0.00737	0.00467	0.00441	0.03126	0.01194	0.04255	0.22230	0.20322	0.40599	0.01206	0.00584	0.00169	0.00267	0.01039	0.00483	0.00451
22	0.01022	0.00873	0.01446	0.68052	0.08287	0.01048	0.01293	0.01335	0.01019	0.05934	0.00971	0.01347	0.00722	0.00498	0.00485	0.00160	0.00618	0.00441	0.03874	0.00575
23	0.00880	0.00598	0.00717	0.00686	0.00862	0.00556	0.00548	0.04867	0.02711	0.08977	0.23026	0.04105	0.32363	0.01103	0.00586	0.00173	0.00318	0.15928	0.00494	0.00502
24	0.01549	0.01851	0.01385	0.03818	0.01507	0.52999	0.03602	0.01770	0.05788	0.01276	0.00885	0.01086	0.00744	0.00767	0.05803	0.00186	0.11746	0.00376	0.02296	0.00569
25	0.01275	0.73463	0.11796	0.00907	0.01364	0.01849	0.00957	0.01482	0.01003	0.01204	0.00707	0.00818	0.00630	0.00426	0.00333	0.00111	0.00549	0.00275	0.00210	0.00642
26	0.01250	0.01069	0.01127	0.01006	0.01288	0.01235	0.00784	0.05823	0.75519	0.02100	0.01965	0.01806	0.01472	0.00663	0.00500	0.00166	0.00395	0.00551	0.00500	0.00780
27	0.00928	0.00873	0.01474	0.81548	0.03385	0.01092	0.01365	0.01256	0.00983	0.01256	0.00873	0.01310	0.00655	0.00491	0.00491	0.00164	0.00655	0.00437	0.00218	0.00546
28	0.00643	0.00462	0.00574	0.00639	0.00699	0.00433	0.00442	0.00732	0.00952	0.01249	0.04060	0.43955	0.17382	0.12705	0.03177	0.02804	0.00347	0.06168	0.02187	0.00390
29	0.00786	0.00614	0.00852	0.00812	0.00868	0.00742	0.00621	0.00917	0.00782	0.01152	0.01255	0.02020	0.01233	0.18541	0.46067	0.00583	0.15911	0.00542	0.05270	0.00430
30	0.00988	0.00938	0.01326	0.01164	0.01183	0.01282	0.00957	0.01101	0.00757	0.01164	0.00796	0.01272	0.00777	0.01495	0.18741	0.02754	0.62120	0.00451	0.00225	0.00507
31	0.01025	0.14324	0.59054	0.01314	0.01938	0.01223	0.05777	0.01498	0.01039	0.01485	0.00977	0.03794	0.00792	0.00523	0.00463	0.00153	0.00678	0.03029	0.00227	0.00689
32	0.01334	0.00689	0.00899	0.02624	0.04886	0.00649	0.00593	0.03030	0.03294	0.31514	0.01997	0.11137	0.06430	0.27350	0.01164	0.00263	0.00427	0.00694	0.00449	0.00577
33	0.32028	0.17780	0.13051	0.02834	0.01363	0.08747	0.00892	0.11457	0.01151	0.01858	0.00876	0.04378	0.00733	0.00520	0.00386	0.00143	0.00531	0.00360	0.00295	0.00618
34	0.01362	0.01315	0.01509	0.01781	0.29758	0.14881	0.02214	0.08751	0.24726	0.01779	0.01254	0.01366	0.00987	0.00587	0.00542	0.03670	0.00564	0.00455	0.01781	0.00717
35	0.01493	0.27798	0.03029	0.01071	0.03299	0.28694	0.02121	0.07463	0.07148	0.03514	0.00984	0.01139	0.00818	0.03884	0.00494	0.00140	0.00628	0.00364	0.05296	0.00624
36	0.00758	0.00593	0.00844	0.00820	0.00900	0.00707	0.00633	0.00961	0.03990	0.01165	0.01306	0.01968	0.01239	0.10561	0.63192	0.00684	0.08424	0.00536	0.00272	0.00449
37	0.00760	0.00577	0.00701	0.00726	0.00860	0.00561	0.00574	0.04128	0.05748	0.01572	0.15425	0.16261	0.23276	0.02640	0.00643	0.00192	0.00338	0.24078	0.00470	0.00468
38	0.00603	0.00449	0.00556	0.00633	0.00695	0.00409	0.00431	0.00700	0.00991	0.01289	0.06338	0.58233	0.20666	0.04713	0.00690	0.00201	0.00282	0.01266	0.00453	0.00401
39	0.00987	0.00913	0.01489	0.60188	0.14571	0.01080	0.01301	0.02747	0.04254	0.01417	0.05550	0.01454	0.00946	0.00523	0.00496	0.00160	0.00606	0.00468	0.00258	0.00591
40	0.00986	0.02542	0.80183	0.01401	0.02127	0.01141	0.01816	0.01556	0.01038	0.01556	0.00882	0.01038	0.00623	0.00467	0.00467	0.00156	0.00726	0.00363	0.00208	0.00726
41	0.00810	0.00664	0.00819	0.00779	0.00867	0.05324	0.03076	0.00981	0.04133	0.01131	0.01384	0.02300	0.01387	0.31221	0.42306	0.00593	0.00938	0.00584	0.00284	0.00418
42	0.01384	0.01125	0.01227	0.01101	0.04547	0.01266	0.00836	0.25539	0.47787	0.02312	0.01794	0.04471	0.03018	0.00677	0.00503	0.00161	0.00437	0.00556	0.00484	0.00775
43	0.02737	0.01138	0.03586	0.01095	0.05050	0.03578	0.00852	0.31980	0.12576	0.08318	0.01412	0.04250	0.01148	0.06275	0.04106	0.00205	0.05012	0.02051	0.03929	0.00702

[dist]
# distance from previous block
# <min> <max>
0	7

[block]
# block no. 8 follows, 51 sequences, length 7
# corresponding to MSA columns:
# 353-359
name=unknown_I
#
# <colnr> <probs for GDERKNQSTAVLIFYWHMCP>
#	G	D	E	R	K	N	Q	S	T	A	V	L	I	F	Y	W	H	M	C	P
0	0.01018	0.00935	0.01562	0.50888	0.27113	0.01069	0.01334	0.01327	0.01029	0.01408	0.00944	0.01319	0.00739	0.00481	0.00479	0.00155	0.00601	0.00439	0.06550	0.00612
1	0.05108	0.09523	0.64466	0.01359	0.02023	0.01217	0.06617	0.01545	0.01032	0.01553	0.00862	0.01023	0.00627	0.00459	0.00453	0.00152	0.00699	0.00364	0.00215	0.00704
2	0.11898	0.08369	0.01343	0.01047	0.06094	0.03964	0.00811	0.28056	0.01567	0.23850	0.01287	0.01276	0.00907	0.00550	0.00441	0.00142	0.00478	0.00416	0.06760	0.00740
3	0.04190	0.01257	0.01556	0.06796	0.24200	0.12398	0.05198	0.14374	0.02979	0.04598	0.01021	0.01264	0.00824	0.02249	0.06524	0.00200	0.04658	0.00432	0.00309	0.04973
4	0.00765	0.00550	0.00646	0.00627	0.00751	0.00533	0.00461	0.03565	0.02962	0.03514	0.15140	0.06500	0.27122	0.17159	0.11081	0.00304	0.00452	0.03890	0.03538	0.00440
5	0.07493	0.04107	0.10592	0.05298	0.13659	0.05234	0.08736	0.18878	0.04203	0.07194	0.01067	0.01255	0.00820	0.03395	0.00581	0.00161	0.03406	0.00433	0.00335	0.03153
6	0.01404	0.30300	0.20987	0.01195	0.01682	0.06044	0.10833	0.10948	0.01252	0.09569	0.00963	0.01060	0.00728	0.00476	0.00432	0.00136	0.00624	0.00376	0.00292	0.00700

[dist]
# distance from previous block
# <min> <max>
2	5

[block]
# block no. 9 follows, 51 sequences, length 28
# corresponding to MSA columns:
# 365-392
name=unknown_J
#
# <colnr> <probs for GDERKNQSTAVLIFYWHMCP>
#	G	D	E	R	K	N	Q	S	T	A	V	L	I	F	Y	W	H	M	C	P
0	0.00752	0.00579	0.00666	0.00661	0.00777	0.04071	0.00488	0.00931	0.01248	0.03682	0.44545	0.20986	0.14212	0.01133	0.00585	0.00167	0.00287	0.03278	0.00497	0.00457
1	0.01148	0.01060	0.04799	0.00834	0.01244	0.04202	0.00701	0.10202	0.01178	0.01754	0.00931	0.01071	0.00753	0.00426	0.00424	0.00094	0.02894	0.00325	0.04144	0.61817
2	0.01070	0.03270	0.01004	0.03022	0.01139	0.00754	0.00622	0.08591	0.05237	0.06321	0.10142	0.11879	0.06653	0.00696	0.00464	0.00124	0.00366	0.00588	0.00394	0.37665
3	0.01616	0.01004	0.01272	0.03186	0.01369	0.03011	0.03644	0.14624	0.05840	0.30620	0.03581	0.01481	0.01094	0.00745	0.04044	0.00179	0.11178	0.00469	0.01697	0.09346
4	0.00732	0.00661	0.04547	0.00840	0.02102	0.00572	0.06198	0.00938	0.03456	0.01419	0.14106	0.31969	0.10066	0.10587	0.02863	0.00232	0.00404	0.07436	0.00417	0.00456
5	0.00700	0.00479	0.00616	0.00661	0.00697	0.00482	0.00452	0.00762	0.00848	0.01145	0.02023	0.28580	0.04044	0.29831	0.09403	0.06601	0.01536	0.08522	0.02255	0.00363
6	0.07736	0.01035	0.01273	0.03136	0.10160	0.03312	0.06530	0.05145	0.37418	0.04708	0.06228	0.06346	0.03476	0.00676	0.00501	0.00162	0.00452	0.00585	0.00426	0.00695
7	0.01253	0.39852	0.22826	0.01038	0.01484	0.12382	0.01081	0.04293	0.01120	0.01367	0.02751	0.04743	0.02857	0.00536	0.00406	0.00130	0.00604	0.00389	0.00251	0.00635
8	0.01096	0.00910	0.03426	0.00766	0.01195	0.00671	0.00638	0.01323	0.01052	0.07312	0.01015	0.01234	0.00838	0.00422	0.00388	0.00087	0.00382	0.03113	0.00318	0.73815
9	0.01686	0.18773	0.01589	0.01118	0.01415	0.52550	0.00890	0.06472	0.01355	0.04595	0.01017	0.01097	0.04375	0.00533	0.00428	0.00126	0.00741	0.00354	0.00283	0.00602
10	0.01074	0.08956	0.50882	0.01325	0.05470	0.01111	0.04273	0.01507	0.01062	0.06473	0.03054	0.06723	0.00970	0.00566	0.00495	0.00154	0.02303	0.00462	0.02453	0.00685
11	0.00617	0.00493	0.00554	0.00565	0.00701	0.00430	0.00422	0.00764	0.01155	0.01461	0.20348	0.14403	0.50486	0.01236	0.00591	0.00171	0.00259	0.04445	0.00474	0.00425
12	0.04650	0.07075	0.05083	0.00963	0.01290	0.06492	0.04248	0.19913	0.03622	0.19592	0.07110	0.01719	0.06901	0.00713	0.00580	0.06013	0.00489	0.00506	0.02373	0.00668
13	0.03835	0.05434	0.11761	0.03097	0.04929	0.03853	0.16574	0.05201	0.02399	0.04744	0.00951	0.01124	0.00739	0.00444	0.00476	0.00126	0.02839	0.00391	0.00287	0.30798
14	0.00888	0.00795	0.01137	0.06236	0.05148	0.00999	0.00855	0.01029	0.00838	0.01205	0.01330	0.08324	0.04319	0.08632	0.18990	0.00356	0.34010	0.04148	0.00275	0.00488
15	0.00618	0.00442	0.00590	0.00689	0.00730	0.00414	0.00474	0.00725	0.00995	0.01336	0.10231	0.70783	0.03365	0.01478	0.00625	0.00197	0.00288	0.05148	0.00464	0.00408
16	0.01132	0.07032	0.01206	0.00881	0.03566	0.00927	0.00687	0.05505	0.16982	0.01739	0.01107	0.01183	0.00886	0.00444	0.00398	0.00100	0.00397	0.00355	0.00337	0.55136
17	0.00713	0.00544	0.00655	0.00673	0.00788	0.00522	0.00493	0.03016	0.07228	0.01591	0.24452	0.32554	0.19264	0.01228	0.00593	0.00177	0.00285	0.04276	0.00484	0.00464
18	0.01048	0.00959	0.01506	0.11053	0.35594	0.01000	0.04533	0.01492	0.12807	0.01685	0.16741	0.03766	0.03488	0.00638	0.00530	0.00156	0.01406	0.00587	0.00348	0.00664
19	0.04187	0.03226	0.18868	0.05512	0.11819	0.03033	0.06537	0.12817	0.11187	0.01786	0.01257	0.07211	0.01720	0.00797	0.05431	0.00197	0.02898	0.00515	0.00323	0.00680
20	0.01369	0.01348	0.14124	0.07419	0.15686	0.01904	0.04773	0.20896	0.09264	0.08265	0.01269	0.03027	0.00990	0.00588	0.00527	0.00158	0.02636	0.03154	0.01868	0.00734
21	0.00996	0.01015	0.07935	0.02680	0.09358	0.00931	0.10613	0.07377	0.09852	0.01752	0.18863	0.04963	0.09707	0.00911	0.04236	0.00193	0.05036	0.02592	0.00387	0.00605
