[name]
unknown

[dist]
# distance from previous block
# <min> <max>
0	49

[block]
# block no. 0 follows, 51 sequences, length 21
# corresponding to MSA columns:
# 49-69
name=unknown_A
#
# <colnr> <probs for GDERKNQSTAVLIFYWHMCP>
#	G	D	E	R	K	N	Q	S	T	A	V	L	I	F	Y	W	H	M	C	P
0	0.00763	0.00552	0.00755	0.00859	0.00972	0.00544	0.00738	0.00973	0.01120	0.01447	0.02805	0.09807	0.09213	0.01358	0.00668	0.00220	0.00426	0.65880	0.00453	0.00446
1	0.00744	0.00532	0.00735	0.00838	0.00933	0.00523	0.00697	0.00941	0.01109	0.01459	0.07966	0.21815	0.03044	0.01372	0.00661	0.00216	0.00401	0.55113	0.00459	0.00442
2	0.01138	0.01291	0.04881	0.01943	0.04844	0.01209	0.64115	0.01523	0.01123	0.01565	0.01002	0.01327	0.00766	0.00453	0.00624	0.00165	0.05746	0.00553	0.05084	0.00649
3	0.00900	0.00461	0.00473	0.00470	0.00584	0.00458	0.00352	0.01129	0.01057	0.01842	0.07353	0.01968	0.01509	0.00604	0.00361	0.00117	0.00229	0.00490	0.79181	0.00458
4	0.00716	0.00595	0.02359	0.00678	0.00835	0.00528	0.03081	0.00990	0.04973	0.01803	0.54313	0.05504	0.19721	0.01020	0.00575	0.00159	0.00274	0.00894	0.00503	0.00479
5	0.03733	0.04770	0.03788	0.03293	0.03209	0.00895	0.00817	0.07325	0.01374	0.57300	0.01737	0.01641	0.02549	0.00616	0.00523	0.00154	0.03176	0.01795	0.00524	0.00782
6	0.01656	0.01344	0.19366	0.01071	0.01468	0.04506	0.01031	0.09332	0.01322	0.37650	0.01508	0.04167	0.01106	0.00657	0.00599	0.00162	0.07861	0.04013	0.00441	0.00740
7	0.86201	0.00950	0.00722	0.00646	0.00950	0.01102	0.00532	0.01445	0.00836	0.02205	0.00684	0.00798	0.00532	0.00456	0.00304	0.00152	0.00380	0.00266	0.00304	0.00532
8	0.01075	0.01075	0.01505	0.01290	0.01290	0.01505	0.01075	0.01183	0.00753	0.01183	0.00645	0.01075	0.00645	0.00860	0.01613	0.00215	0.81830	0.00430	0.00215	0.00538
9	0.01177	0.11117	0.37255	0.03044	0.04550	0.01301	0.19372	0.09944	0.04528	0.01701	0.00967	0.01137	0.00719	0.00471	0.00481	0.00152	0.00687	0.00423	0.00262	0.00713
10	0.00599	0.00494	0.00526	0.00527	0.00677	0.00421	0.00392	0.00737	0.01149	0.01418	0.15893	0.09472	0.63539	0.01228	0.00584	0.00166	0.00249	0.01038	0.00469	0.00421
11	0.00736	0.00512	0.00664	0.00620	0.00747	0.00469	0.00467	0.00962	0.01379	0.04325	0.73514	0.03660	0.08075	0.01004	0.00577	0.00155	0.00238	0.00884	0.00539	0.00473
12	0.06123	0.00842	0.01121	0.00864	0.01240	0.00740	0.00713	0.02351	0.01380	0.76375	0.01880	0.01632	0.01185	0.00601	0.00485	0.00152	0.00416	0.00484	0.00594	0.00822
13	0.00599	0.00428	0.00570	0.00684	0.00713	0.00399	0.00456	0.00684	0.00941	0.01254	0.02709	0.82409	0.03250	0.01540	0.00627	0.00200	0.00285	0.01397	0.00456	0.00399
14	0.06370	0.00842	0.01120	0.00863	0.01239	0.00741	0.00713	0.02348	0.01378	0.76146	0.01877	0.01629	0.01183	0.00601	0.00485	0.00152	0.00416	0.00483	0.00593	0.00821
15	0.01762	0.02219	0.01404	0.01268	0.01497	0.73039	0.00962	0.01886	0.01330	0.01201	0.00748	0.00905	0.00634	0.00541	0.00557	0.00135	0.08768	0.00328	0.00249	0.00567
16	0.00597	0.00435	0.00563	0.00665	0.00708	0.00401	0.00447	0.00686	0.00960	0.01262	0.02947	0.74255	0.11250	0.01509	0.00622	0.00196	0.00281	0.01359	0.00456	0.00401
17	0.01052	0.01028	0.04109	0.21826	0.21221	0.01112	0.07751	0.04604	0.02892	0.01476	0.02420	0.01395	0.00885	0.00989	0.11902	0.00252	0.11932	0.00470	0.02068	0.00617
18	0.01071	0.00904	0.01047	0.00753	0.01187	0.00708	0.00604	0.05942	0.01098	0.01693	0.00892	0.01029	0.00734	0.00378	0.00372	0.00077	0.00375	0.00300	0.00303	0.80532
19	0.02524	0.10888	0.08438	0.01256	0.12788	0.01074	0.03117	0.09203	0.06945	0.16343	0.12320	0.04539	0.01511	0.00628	0.00506	0.00147	0.02371	0.00523	0.00400	0.04480
20	0.18192	0.17573	0.12580	0.01081	0.06081	0.10071	0.00935	0.07836	0.04164	0.01700	0.02531	0.06097	0.00954	0.00571	0.00439	0.00142	0.02101	0.01804	0.00300	0.04847

[dist]
# distance from previous block
# <min> <max>
0	5

[block]
# block no. 1 follows, 51 sequences, length 47
# corresponding to MSA columns:
# 159-205
name=unknown_B
#
# <colnr> <probs for GDERKNQSTAVLIFYWHMCP>
#	G	D	E	R	K	N	Q	S	T	A	V	L	I	F	Y	W	H	M	C	P
0	0.06291	0.62053	0.09565	0.00906	0.01335	0.03048	0.00913	0.03153	0.06361	0.01358	0.00804	0.00894	0.00688	0.00449	0.00347	0.00118	0.00533	0.00297	0.00242	0.00647
1	0.00999	0.05758	0.77082	0.01378	0.02092	0.01173	0.01777	0.01553	0.01036	0.01540	0.00874	0.01028	0.00623	0.00465	0.00461	0.00154	0.00718	0.00359	0.00208	0.00722
2	0.00649	0.00497	0.00705	0.00759	0.00837	0.00463	0.04314	0.00772	0.00996	0.01306	0.02872	0.59837	0.11865	0.01427	0.00626	0.00197	0.00329	0.10682	0.00445	0.00421
3	0.01314	0.83025	0.02575	0.00841	0.01261	0.01945	0.00841	0.01472	0.00999	0.01156	0.00683	0.00788	0.00631	0.00420	0.00315	0.00105	0.00526	0.00263	0.00210	0.00631
4	0.01868	0.01376	0.01475	0.01131	0.01524	0.01524	0.00934	0.78025	0.02311	0.03097	0.01180	0.01180	0.00836	0.00590	0.00492	0.00147	0.00541	0.00442	0.00492	0.00836
5	0.00708	0.00521	0.00754	0.00760	0.00836	0.00592	0.00578	0.00861	0.00796	0.01130	0.01413	0.02291	0.01387	0.14775	0.65727	0.00718	0.01155	0.04300	0.00278	0.00419
6	0.00792	0.00566	0.00792	0.00905	0.01018	0.00566	0.00792	0.01018	0.01131	0.01471	0.02602	0.05543	0.02828	0.01358	0.00679	0.00226	0.00453	0.76356	0.00453	0.00453
7	0.00705	0.00514	0.00729	0.00729	0.00795	0.00581	0.00538	0.00838	0.00772	0.01096	0.01372	0.02240	0.01363	0.22701	0.61950	0.00714	0.01114	0.00572	0.00272	0.00405
8	0.01160	0.01326	0.02900	0.02071	0.02568	0.01243	0.77879	0.01574	0.01160	0.01574	0.00994	0.01326	0.00746	0.00414	0.00580	0.00166	0.00829	0.00580	0.00249	0.00663
9	0.01422	0.01155	0.01224	0.01040	0.01354	0.01316	0.00826	0.25925	0.55137	0.02378	0.01747	0.01631	0.01295	0.00643	0.00497	0.00161	0.00436	0.00521	0.00497	0.00796
10	0.00696	0.00502	0.00657	0.00618	0.00734	0.00464	0.00464	0.00927	0.01391	0.01971	0.79405	0.03671	0.04637	0.01005	0.00580	0.00155	0.00232	0.00889	0.00541	0.00464
11	0.83363	0.00947	0.00736	0.00654	0.00961	0.01090	0.00539	0.01477	0.00856	0.04833	0.00727	0.00828	0.00555	0.00461	0.00311	0.00152	0.00381	0.00274	0.00314	0.00542
12	0.01086	0.01038	0.01416	0.01217	0.01251	0.01411	0.01004	0.04995	0.03499	0.01296	0.00788	0.01233	0.00758	0.04103	0.05714	0.00250	0.67701	0.00451	0.00244	0.00546
13	0.01128	0.04283	0.21655	0.01630	0.04665	0.06691	0.30839	0.01488	0.01076	0.01465	0.01015	0.01505	0.00857	0.00577	0.00692	0.00170	0.12802	0.06573	0.00249	0.00640
14	0.36865	0.00843	0.00893	0.00741	0.01055	0.00852	0.00605	0.01796	0.02532	0.35848	0.07707	0.01637	0.05471	0.00612	0.00427	0.00153	0.00378	0.00461	0.00466	0.00657
15	0.00621	0.00494	0.00557	0.00554	0.00692	0.00430	0.00411	0.00779	0.01197	0.01539	0.29957	0.10613	0.48044	0.01187	0.00584	0.00165	0.00246	0.01016	0.00485	0.00430
16	0.01232	0.24158	0.40774	0.01232	0.04836	0.01346	0.01344	0.06408	0.01131	0.07264	0.00920	0.01032	0.00692	0.00476	0.00451	0.00139	0.02333	0.00352	0.00260	0.03621
17	0.00673	0.00506	0.00686	0.00813	0.05316	0.00492	0.00527	0.01949	0.00973	0.01304	0.05134	0.54813	0.08690	0.06084	0.09347	0.00270	0.00423	0.01151	0.00418	0.00430
18	0.00699	0.00551	0.00810	0.00790	0.00903	0.00578	0.04374	0.00865	0.00904	0.01224	0.02191	0.11763	0.15060	0.05629	0.45203	0.00532	0.00898	0.06256	0.00333	0.00437
19	0.06564	0.00916	0.01164	0.00897	0.01275	0.00851	0.00741	0.12609	0.01499	0.65487	0.01770	0.01560	0.01129	0.00598	0.00484	0.00151	0.00433	0.00475	0.00576	0.00820
20	0.01113	0.07065	0.47448	0.01652	0.14402	0.01193	0.09895	0.04491	0.01129	0.03241	0.03234	0.01178	0.00800	0.00477	0.00478	0.00152	0.00674	0.00414	0.00247	0.00720
21	0.02195	0.00853	0.01151	0.00882	0.01263	0.00747	0.00729	0.04705	0.01434	0.77655	0.01916	0.01658	0.01205	0.00608	0.00494	0.00152	0.00422	0.00493	0.00605	0.00836
22	0.00748	0.00538	0.00738	0.00841	0.00942	0.00528	0.00707	0.00947	0.01110	0.01449	0.05783	0.18079	0.06023	0.01369	0.00662	0.00217	0.00408	0.58011	0.00457	0.00443
23	0.41062	0.20346	0.09843	0.00871	0.01260	0.04603	0.02727	0.03932	0.01026	0.09203	0.00850	0.00933	0.00648	0.00468	0.00361	0.00141	0.00492	0.00313	0.00303	0.00619
24	0.00600	0.00435	0.00568	0.00669	0.00710	0.00402	0.00451	0.00693	0.00967	0.01282	0.05254	0.74524	0.08625	0.01502	0.00623	0.00196	0.00281	0.01356	0.00459	0.00402
25	0.01019	0.00873	0.01019	0.00728	0.01165	0.00655	0.00582	0.01237	0.01019	0.01601	0.00873	0.01019	0.00728	0.00364	0.00364	0.00073	0.00364	0.00291	0.00291	0.85734
26	0.00604	0.00439	0.00572	0.00675	0.00720	0.00407	0.00461	0.00699	0.00965	0.01269	0.02914	0.72363	0.10272	0.01506	0.00625	0.00197	0.00288	0.04165	0.00456	0.00403
27	0.00710	0.00511	0.00711	0.00711	0.00774	0.00572	0.00519	0.00836	0.00773	0.01100	0.01388	0.02296	0.01388	0.26185	0.56895	0.00687	0.01056	0.00579	0.01910	0.00399
28	0.00977	0.00948	0.01671	0.62363	0.03083	0.01109	0.13852	0.01368	0.04860	0.01353	0.00996	0.01453	0.00771	0.00511	0.00511	0.00166	0.00665	0.02526	0.00244	0.00574
29	0.03627	0.03998	0.11049	0.22958	0.03983	0.01144	0.19067	0.05164	0.01092	0.04640	0.01227	0.01491	0.06129	0.00689	0.03818	0.00189	0.08348	0.00497	0.00274	0.00614
30	0.01128	0.01179	0.14072	0.02618	0.06343	0.00952	0.00919	0.05849	0.22917	0.05595	0.05264	0.05669	0.02723	0.03072	0.00539	0.00154	0.00455	0.01859	0.00384	0.18310
31	0.00886	0.00760	0.00792	0.00744	0.00957	0.00798	0.00569	0.01609	0.37980	0.01670	0.03464	0.06778	0.39092	0.00983	0.00545	0.00168	0.00317	0.00824	0.00477	0.00586
32	0.01064	0.01128	0.10052	0.15548	0.22163	0.01014	0.11991	0.04430	0.02206	0.03621	0.02278	0.08844	0.01149	0.09918	0.00763	0.00197	0.02144	0.00577	0.00288	0.00622
33	0.82956	0.00932	0.00712	0.00639	0.00936	0.01078	0.00525	0.01433	0.00844	0.02191	0.00719	0.00838	0.00560	0.00461	0.00306	0.00151	0.00374	0.00273	0.03544	0.00529
34	0.04167	0.01200	0.05141	0.11245	0.25669	0.02599	0.03042	0.19018	0.11268	0.04110	0.05312	0.01413	0.01065	0.00553	0.00510	0.00154	0.01979	0.00471	0.00355	0.00727
35	0.01852	0.01208	0.01349	0.01047	0.01428	0.01286	0.00860	0.51205	0.09483	0.20108	0.01418	0.01348	0.00981	0.00594	0.00489	0.00148	0.00493	0.00460	0.00512	0.03734
36	0.00938	0.00886	0.03547	0.02661	0.16791	0.03972	0.04999	0.03017	0.09137	0.01641	0.17689	0.15929	0.12350	0.00888	0.00546	0.00163	0.00421	0.01866	0.01985	0.00574
37	0.01249	0.12006	0.07052	0.01192	0.01520	0.10970	0.18680	0.05021	0.01209	0.08438	0.05777	0.10206	0.01422	0.00692	0.00519	0.00155	0.01574	0.06213	0.05498	0.00606
38	0.01091	0.01026	0.01459	0.08142	0.03429	0.02708	0.17294	0.03715	0.34096	0.01734	0.03225	0.06907	0.09981	0.00714	0.00554	0.00167	0.02055	0.00648	0.00399	0.00657
39	0.33641	0.13112	0.14958	0.04750	0.04197	0.05298	0.00953	0.10840	0.04997	0.01928	0.00865	0.00979	0.00666	0.00483	0.00388	0.00145	0.00526	0.00335	0.00298	0.00640
40	0.04081	0.00960	0.01546	0.22717	0.31847	0.01018	0.04951	0.04609	0.01121	0.03511	0.01355	0.04128	0.04072	0.02539	0.00563	0.00171	0.00563	0.09319	0.00298	0.00634
41	0.01077	0.14917	0.14370	0.00972	0.01276	0.08253	0.02076	0.03957	0.06218	0.03270	0.09628	0.03503	0.08898	0.01160	0.13019	0.00249	0.05714	0.00535	0.00324	0.00584
42	0.00702	0.00527	0.00790	0.00790	0.00878	0.00614	0.00614	0.00878	0.00790	0.01141	0.01316	0.01931	0.01229	0.03686	0.80782	0.00790	0.01316	0.00527	0.00263	0.00439
43	0.01145	0.03535	0.18729	0.01227	0.08453	0.01091	0.02357	0.10196	0.22469	0.03633	0.06251	0.04440	0.04698	0.00846	0.05498	0.00198	0.02436	0.00544	0.01566	0.00690
44	0.01022	0.01008	0.06491	0.06164	0.05547	0.00803	0.07402	0.01336	0.04445	0.02770	0.01209	0.01429	0.04784	0.00594	0.03488	0.00136	0.00492	0.01851	0.00299	0.48731
45	0.01186	0.05026	0.07767	0.02295	0.04611	0.01139	0.02618	0.08121	0.42997	0.01966	0.03814	0.01736	0.03112	0.00625	0.00474	0.00154	0.00431	0.00519	0.10700	0.00710
46	0.01123	0.14589	0.41673	0.01259	0.04187	0.01219	0.05049	0.06281	0.01121	0.03234	0.01062	0.01194	0.03957	0.00501	0.00480	0.00141	0.03009	0.00391	0.00256	0.09276

[dist]
# distance from previous block
# <min> <max>
0	1

[block]
# block no. 2 follows, 51 sequences, length 15
# corresponding to MSA columns:
# 207-221
name=unknown_C
#
# <colnr> <probs for GDERKNQSTAVLIFYWHMCP>
#	G	D	E	R	K	N	Q	S	T	A	V	L	I	F	Y	W	H	M	C	P
0	0.28026	0.21064	0.10188	0.01046	0.05234	0.12325	0.00911	0.03297	0.01047	0.04680	0.00833	0.01031	0.00689	0.00510	0.00453	0.00143	0.05456	0.02180	0.00275	0.00612
1	0.01314	0.83025	0.02575	0.00841	0.01261	0.01945	0.00841	0.01472	0.00999	0.01156	0.00683	0.00788	0.00631	0.00420	0.00315	0.00105	0.00526	0.00263	0.00210	0.00631
2	0.00986	0.02542	0.80183	0.01401	0.02127	0.01141	0.01816	0.01556	0.01038	0.01556	0.00882	0.01038	0.00623	0.00467	0.00467	0.00156	0.00726	0.00363	0.00208	0.00726
3	0.00696	0.00502	0.00657	0.00618	0.00734	0.00464	0.00464	0.00927	0.01391	0.01971	0.79405	0.03671	0.04637	0.01005	0.00580	0.00155	0.00232	0.00889	0.00541	0.00464
4	0.00986	0.02542	0.80183	0.01401	0.02127	0.01141	0.01816	0.01556	0.01038	0.01556	0.00882	0.01038	0.00623	0.00467	0.00467	0.00156	0.00726	0.00363	0.00208	0.00726
5	0.01314	0.83025	0.02575	0.00841	0.01261	0.01945	0.00841	0.01472	0.00999	0.01156	0.00683	0.00788	0.00631	0.00420	0.00315	0.00105	0.00526	0.00263	0.00210	0.00631
6	0.00613	0.00438	0.00586	0.00700	0.00735	0.00411	0.00481	0.00709	0.00955	0.01270	0.02701	0.76805	0.03220	0.01526	0.00631	0.00202	0.00297	0.06862	0.00456	0.00403
7	0.00705	0.00511	0.00716	0.00723	0.00787	0.00569	0.00531	0.00832	0.00785	0.01105	0.01463	0.05096	0.01491	0.24289	0.55136	0.00671	0.01035	0.02870	0.00284	0.00401
8	0.01097	0.02946	0.15541	0.16914	0.07795	0.04218	0.18787	0.05899	0.02819	0.01527	0.01110	0.06965	0.00961	0.00656	0.01989	0.00177	0.06897	0.02801	0.00273	0.00630
9	0.00604	0.00432	0.00575	0.00681	0.00714	0.00403	0.00457	0.00697	0.00964	0.01292	0.06708	0.78302	0.03323	0.01512	0.00625	0.00197	0.00282	0.01371	0.00461	0.00403
10	0.00607	0.00436	0.00578	0.00688	0.00725	0.00407	0.00469	0.00700	0.00956	0.01267	0.02782	0.76201	0.05858	0.01521	0.00628	0.00200	0.00292	0.04827	0.00456	0.00402
11	0.05696	0.01287	0.08771	0.03508	0.37856	0.04436	0.05425	0.06990	0.07719	0.04810	0.01123	0.04933	0.00931	0.00547	0.00531	0.00155	0.03773	0.00481	0.00306	0.00721
12	0.01036	0.03727	0.11763	0.08987	0.17513	0.05522	0.08832	0.01412	0.07911	0.01470	0.01437	0.17163	0.01391	0.00800	0.01910	0.00178	0.03072	0.04945	0.00311	0.00617
13	0.00733	0.00510	0.00620	0.00586	0.00724	0.00460	0.00442	0.00935	0.01299	0.04533	0.52663	0.03758	0.23555	0.01025	0.00562	0.00155	0.00243	0.00886	0.05846	0.00464
14	0.01172	0.01200	0.04482	0.07132	0.58755	0.01156	0.13279	0.01491	0.01116	0.01576	0.00981	0.01363	0.00823	0.00466	0.00506	0.00153	0.00626	0.02739	0.00248	0.00736

[dist]
# distance from previous block
# <min> <max>
1	3

[block]
# block no. 3 follows, 51 sequences, length 14
# corresponding to MSA columns:
# 225-238
name=unknown_D
#
# <colnr> <probs for GDERKNQSTAVLIFYWHMCP>
#	G	D	E	R	K	N	Q	S	T	A	V	L	I	F	Y	W	H	M	C	P
0	0.01161	0.06568	0.38113	0.06026	0.27967	0.04044	0.01551	0.06030	0.01147	0.01612	0.00897	0.01100	0.00690	0.00464	0.00467	0.00148	0.00658	0.00389	0.00238	0.00730
1	0.00819	0.01364	0.33096	0.02600	0.01406	0.00775	0.02748	0.01177	0.02560	0.01519	0.09400	0.11220	0.18587	0.00880	0.00536	0.00167	0.00485	0.06909	0.03189	0.00564
2	0.09189	0.20678	0.17527	0.05480	0.02885	0.11027	0.08736	0.04262	0.01120	0.05583	0.02704	0.01156	0.00806	0.03205	0.00517	0.00151	0.02096	0.00385	0.00271	0.02223
3	0.00690	0.00509	0.00599	0.00576	0.00708	0.00460	0.00426	0.00850	0.01176	0.03716	0.33400	0.03924	0.36183	0.08898	0.05518	0.00227	0.00332	0.00904	0.00467	0.00436
4	0.01108	0.18166	0.54060	0.01407	0.06694	0.04853	0.04153	0.01555	0.01055	0.01466	0.00844	0.01003	0.00638	0.00456	0.00441	0.00144	0.00689	0.00353	0.00214	0.00702
5	0.28644	0.00896	0.01024	0.00814	0.01171	0.00878	0.00672	0.05477	0.01267	0.52063	0.01510	0.01375	0.00984	0.00560	0.00434	0.00152	0.00412	0.00420	0.00507	0.00741
6	0.00684	0.00502	0.00641	0.00606	0.00727	0.00459	0.00455	0.00905	0.01364	0.01907	0.72047	0.03776	0.12034	0.01028	0.00580	0.00156	0.00234	0.00903	0.00533	0.00459
7	0.01950	0.01244	0.01393	0.01068	0.01458	0.01328	0.00882	0.59539	0.02090	0.21895	0.01365	0.01300	0.00929	0.00594	0.00492	0.00149	0.00511	0.00455	0.00520	0.00836
8	0.00918	0.00665	0.00796	0.00703	0.00874	0.00661	0.00543	0.15461	0.01537	0.02144	0.57925	0.03194	0.07823	0.00924	0.00555	0.00152	0.00291	0.00797	0.03506	0.00531
9	0.86201	0.00950	0.00722	0.00646	0.00950	0.01102	0.00532	0.01445	0.00836	0.02205	0.00684	0.00798	0.00532	0.00456	0.00304	0.00152	0.00380	0.00266	0.00304	0.00532
10	0.02205	0.00836	0.01140	0.00874	0.01254	0.00722	0.00722	0.02395	0.01407	0.80004	0.01939	0.01673	0.01216	0.00608	0.00494	0.00152	0.00418	0.00494	0.00608	0.00836
11	0.00591	0.00498	0.00512	0.00508	0.00670	0.00419	0.00381	0.00724	0.01143	0.01383	0.11382	0.04638	0.73026	0.01224	0.00581	0.00165	0.00247	0.01024	0.00464	0.00419
12	0.00663	0.00448	0.00592	0.00685	0.00725	0.00420	0.00462	0.00749	0.00943	0.03631	0.02589	0.71166	0.03058	0.08022	0.00775	0.00221	0.00310	0.03687	0.00448	0.00406
13	0.01828	0.01364	0.01507	0.01246	0.06310	0.01502	0.00969	0.73339	0.02238	0.03006	0.01164	0.01182	0.00832	0.00581	0.00491	0.00147	0.00543	0.00442	0.00476	0.00832

[dist]
# distance from previous block
# <min> <max>
0	3

[block]
# block no. 4 follows, 51 sequences, length 51
# corresponding to MSA columns:
# 242-292
name=unknown_E
#
# <colnr> <probs for GDERKNQSTAVLIFYWHMCP>
#	G	D	E	R	K	N	Q	S	T	A	V	L	I	F	Y	W	H	M	C	P
0	0.01383	0.66314	0.05910	0.00935	0.01342	0.14660	0.00903	0.01555	0.01064	0.01182	0.00705	0.00815	0.00631	0.00436	0.00343	0.00111	0.00593	0.00276	0.00217	0.00625
1	0.00702	0.00527	0.00790	0.00790	0.00878	0.00614	0.00614	0.00878	0.00790	0.01141	0.01316	0.01931	0.01229	0.03686	0.80782	0.00790	0.01316	0.00527	0.00263	0.00439
2	0.01164	0.01307	0.02777	0.01998	0.02480	0.01241	0.72593	0.01645	0.06482	0.01607	0.01063	0.01360	0.00797	0.00432	0.00574	0.00166	0.00798	0.00578	0.00266	0.00671
3	0.00989	0.00960	0.01506	0.72516	0.08530	0.04716	0.01356	0.01305	0.01011	0.01277	0.00872	0.01284	0.00663	0.00488	0.00489	0.00161	0.00661	0.00431	0.00222	0.00563
4	0.02043	0.00533	0.00630	0.00618	0.00747	0.00504	0.00458	0.00972	0.06356	0.01728	0.41937	0.14239	0.21403	0.01082	0.00566	0.00162	0.00256	0.00940	0.04361	0.00465
5	0.00927	0.00845	0.01404	0.75988	0.03192	0.01048	0.01295	0.01248	0.00986	0.01295	0.00923	0.01346	0.00697	0.00497	0.00481	0.00160	0.00626	0.00438	0.06063	0.00540
6	0.02142	0.00506	0.00642	0.00607	0.00718	0.00475	0.00449	0.00930	0.01322	0.01900	0.69772	0.03521	0.04243	0.06582	0.00698	0.00175	0.00251	0.00850	0.03763	0.00453
7	0.01008	0.08060	0.74862	0.01362	0.02068	0.01196	0.01749	0.01550	0.01035	0.01529	0.00868	0.01020	0.00623	0.00464	0.00456	0.00152	0.00713	0.00356	0.00208	0.00720
8	0.01668	0.07248	0.01426	0.01179	0.01418	0.57337	0.00906	0.08147	0.01347	0.01339	0.00835	0.01079	0.00730	0.06173	0.00671	0.00158	0.07132	0.00360	0.00270	0.00575
9	0.00711	0.00528	0.00713	0.06167	0.00916	0.00507	0.00525	0.00950	0.01363	0.01922	0.74020	0.03509	0.04364	0.00969	0.00574	0.00155	0.00261	0.00858	0.00519	0.00469
10	0.01014	0.00532	0.00533	0.00529	0.00651	0.00518	0.00390	0.01214	0.01092	0.01916	0.01689	0.01954	0.01343	0.00635	0.00387	0.00133	0.00265	0.00489	0.84204	0.00510
11	0.05782	0.01268	0.03772	0.10767	0.11930	0.03516	0.09313	0.29212	0.04642	0.04736	0.04398	0.05803	0.01180	0.00661	0.00541	0.00173	0.00593	0.00547	0.00412	0.00756
12	0.01026	0.00941	0.01534	0.80395	0.03421	0.01143	0.01396	0.01323	0.01044	0.01349	0.00970	0.01440	0.00748	0.00555	0.00532	0.00181	0.00685	0.00468	0.00252	0.00596
13	0.00702	0.00502	0.00644	0.00752	0.00790	0.00460	0.00501	0.00761	0.01003	0.01348	0.02778	0.81314	0.03304	0.01588	0.00666	0.00217	0.00320	0.01414	0.00486	0.00452
14	0.50374	0.02926	0.01213	0.01019	0.01335	0.23213	0.07380	0.01692	0.01101	0.04156	0.00868	0.01030	0.00695	0.00535	0.00416	0.00163	0.00597	0.00347	0.00325	0.00615
15	0.00619	0.00456	0.00617	0.00758	0.03448	0.00426	0.00489	0.00714	0.00954	0.01269	0.02733	0.76627	0.06075	0.01490	0.00621	0.00196	0.00294	0.01350	0.00449	0.00413
16	0.00969	0.00978	0.04537	0.01279	0.05050	0.00911	0.25156	0.01485	0.16242	0.01751	0.24678	0.02447	0.09248	0.02314	0.00593	0.00167	0.00493	0.00696	0.00402	0.00604
17	0.01487	0.01078	0.01210	0.00933	0.01312	0.01066	0.00764	0.36923	0.03765	0.07926	0.01240	0.01433	0.00965	0.00555	0.00452	0.00125	0.00451	0.04471	0.03351	0.30491
18	0.00609	0.00433	0.00570	0.00672	0.00700	0.00406	0.00445	0.00692	0.00934	0.01248	0.04355	0.74781	0.03173	0.07525	0.00765	0.00219	0.00298	0.01335	0.00446	0.00393
19	0.03315	0.00889	0.01127	0.00878	0.01236	0.00831	0.00721	0.12196	0.04171	0.60349	0.01798	0.01612	0.01169	0.00603	0.00480	0.00149	0.00419	0.00483	0.06771	0.00802
20	0.00699	0.00516	0.00750	0.00755	0.00830	0.00588	0.00570	0.00850	0.00788	0.01124	0.01407	0.05737	0.01386	0.12837	0.67981	0.00726	0.01171	0.00588	0.00276	0.00420
21	0.00599	0.00428	0.00570	0.00684	0.00713	0.00399	0.00456	0.00684	0.00941	0.01254	0.02709	0.82409	0.03250	0.01540	0.00627	0.00200	0.00285	0.01397	0.00456	0.00399
22	0.00854	0.00427	0.00640	0.00640	0.00640	0.00427	0.00427	0.00640	0.00640	0.00854	0.00854	0.01494	0.00854	0.01707	0.01921	0.85702	0.00427	0.00427	0.00213	0.00213
23	0.01006	0.01003	0.01816	0.50181	0.04719	0.01164	0.19626	0.01319	0.00996	0.01325	0.00877	0.01288	0.00682	0.00535	0.00664	0.01696	0.09833	0.00470	0.00226	0.00573
24	0.00943	0.00888	0.01517	0.74986	0.05953	0.01086	0.03538	0.01262	0.00986	0.01269	0.00878	0.01311	0.00666	0.00511	0.00521	0.01821	0.00653	0.00441	0.00220	0.00551
25	0.01393	0.59847	0.06797	0.01032	0.04102	0.17186	0.00941	0.01573	0.01082	0.01204	0.00718	0.00837	0.00636	0.00440	0.00355	0.00114	0.00609	0.00285	0.00220	0.00629
26	0.01160	0.01326	0.02900	0.02071	0.02568	0.01243	0.77879	0.01574	0.01160	0.01574	0.00994	0.01326	0.00746	0.00414	0.00580	0.00166	0.00829	0.00580	0.00249	0.00663
27	0.03726	0.12882	0.24210	0.01246	0.05647	0.05818	0.05550	0.11842	0.09069	0.06876	0.03877	0.04942	0.01051	0.00571	0.00467	0.00149	0.00581	0.00464	0.00334	0.00701
28	0.01167	0.12496	0.41383	0.01307	0.01866	0.01242	0.11790	0.09527	0.03428	0.04242	0.03179	0.01313	0.03846	0.00521	0.00474	0.00150	0.00644	0.00437	0.00283	0.00703
29	0.00599	0.00428	0.00570	0.00684	0.00713	0.00399	0.00456	0.00684	0.00941	0.01254	0.02709	0.82409	0.03250	0.01540	0.00627	0.00200	0.00285	0.01397	0.00456	0.00399
30	0.00599	0.00428	0.00570	0.00684	0.00713	0.00399	0.00456	0.00684	0.00941	0.01254	0.02709	0.82409	0.03250	0.01540	0.00627	0.00200	0.00285	0.01397	0.00456	0.00399
31	0.01272	0.12279	0.04784	0.07631	0.19790	0.04072	0.21859	0.09253	0.02425	0.03757	0.01032	0.03109	0.00850	0.00519	0.00538	0.00153	0.03744	0.01962	0.00284	0.00685
32	0.01017	0.10229	0.72771	0.01347	0.02044	0.01218	0.01723	0.01548	0.01034	0.01518	0.00863	0.01014	0.00623	0.00462	0.00452	0.00151	0.00707	0.00354	0.00208	0.00717
33	0.00778	0.00561	0.00772	0.00878	0.00995	0.00556	0.00764	0.00998	0.01131	0.01461	0.02759	0.05490	0.07886	0.01350	0.00672	0.00222	0.00439	0.71385	0.00453	0.00450
34	0.00590	0.00498	0.00511	0.00508	0.00669	0.00419	0.00381	0.00723	0.01142	0.01380	0.11029	0.04643	0.73381	0.01225	0.00581	0.00165	0.00248	0.01025	0.00463	0.00419
35	0.01492	0.25692	0.10521	0.01208	0.05312	0.06270	0.06823	0.21723	0.01422	0.09071	0.01065	0.04054	0.00850	0.00541	0.00463	0.00139	0.01884	0.00422	0.00337	0.00710
36	0.01448	0.04760	0.01078	0.00839	0.01102	0.06517	0.00676	0.32060	0.01584	0.07165	0.01381	0.03752	0.01071	0.00647	0.01698	0.00144	0.00444	0.00463	0.32523	0.00647
37	0.17800	0.06181	0.07333	0.01423	0.09803	0.20193	0.13196	0.13869	0.01308	0.01823	0.00869	0.01029	0.00679	0.00487	0.00465	0.00145	0.02064	0.00384	0.00293	0.00656
38	0.00646	0.00492	0.00595	0.00588	0.00709	0.00440	0.00434	0.00825	0.01247	0.01673	0.45768	0.13901	0.28597	0.01149	0.00586	0.00164	0.00244	0.01000	0.00503	0.00440
39	0.01295	0.10425	0.08436	0.02788	0.09563	0.18701	0.17617	0.01636	0.06919	0.01408	0.00912	0.01140	0.00747	0.00585	0.01834	0.00165	0.14511	0.00425	0.00254	0.00638
40	0.02185	0.00867	0.01160	0.00889	0.01270	0.00768	0.00734	0.06753	0.01459	0.75573	0.01895	0.01644	0.01195	0.00607	0.00494	0.00152	0.00425	0.00491	0.00602	0.00836
41	0.00631	0.00506	0.00580	0.02155	0.00758	0.00448	0.00444	0.00793	0.01183	0.01509	0.25464	0.09025	0.48629	0.01186	0.00586	0.00168	0.00264	0.04763	0.00475	0.00432
42	0.00593	0.00476	0.00529	0.00562	0.00683	0.00413	0.00404	0.00711	0.01079	0.01340	0.08303	0.28637	0.51905	0.01323	0.00595	0.00176	0.00259	0.01140	0.00461	0.00413
43	0.00592	0.00498	0.00513	0.00509	0.00671	0.00420	0.00382	0.00727	0.01146	0.01389	0.12111	0.04628	0.72294	0.01222	0.00581	0.00165	0.00247	0.01023	0.00464	0.00420
44	0.01216	0.01168	0.01995	0.03016	0.79664	0.01168	0.01508	0.01508	0.01119	0.01605	0.00924	0.01216	0.00778	0.00438	0.00487	0.00146	0.00584	0.00438	0.00243	0.00778
45	0.00746	0.00555	0.00700	0.00655	0.00786	0.00536	0.00494	0.01088	0.08780	0.01979	0.72014	0.03495	0.04337	0.00972	0.00572	0.00156	0.00247	0.00857	0.00537	0.00494
46	0.02205	0.00836	0.01140	0.00874	0.01254	0.00722	0.00722	0.02395	0.01407	0.80004	0.01939	0.01673	0.01216	0.00608	0.00494	0.00152	0.00418	0.00494	0.00608	0.00836
47	0.04932	0.00946	0.01166	0.00908	0.01273	0.00911	0.00746	0.18022	0.04687	0.55002	0.01727	0.01553	0.01127	0.00600	0.00481	0.00150	0.00433	0.00477	0.04050	0.00808
48	0.00663	0.00477	0.00636	0.00705	0.00753	0.00456	0.01806	0.00761	0.00938	0.01242	0.03638	0.49572	0.04850	0.18461	0.01024	0.00259	0.00358	0.12587	0.00420	0.00392
49	0.86201	0.00950	0.00722	0.00646	0.00950	0.01102	0.00532	0.01445	0.00836	0.02205	0.00684	0.00798	0.00532	0.00456	0.00304	0.00152	0.00380	0.00266	0.00304	0.00532
50	0.00604	0.00431	0.00576	0.00690	0.00721	0.00404	0.00465	0.00693	0.00946	0.01260	0.02706	0.80296	0.03239	0.01535	0.00629	0.00200	0.00290	0.03457	0.00456	0.00401

[dist]
# distance from previous block
# <min> <max>
2	4

[block]
# block no. 5 follows, 51 sequences, length 44
# corresponding to MSA columns:
# 297-324,377-392
name=unknown_F
#
# <colnr> <probs for GDERKNQSTAVLIFYWHMCP>
#	G	D	E	R	K	N	Q	S	T	A	V	L	I	F	Y	W	H	M	C	P
0	0.01157	0.01098	0.03762	0.18310	0.56370	0.01101	0.01412	0.01450	0.01091	0.04072	0.01030	0.05073	0.00881	0.00507	0.00494	0.00152	0.00582	0.00483	0.00259	0.00715
1	0.01066	0.03792	0.01502	0.01244	0.01263	0.01472	0.01039	0.01181	0.00790	0.01218	0.04295	0.01186	0.00830	0.00852	0.01521	0.00209	0.75328	0.00446	0.00230	0.00537
2	0.00599	0.00428	0.00570	0.00684	0.00713	0.00399	0.00456	0.00684	0.00941	0.01254	0.02709	0.82409	0.03250	0.01540	0.00627	0.00200	0.00285	0.01397	0.00456	0.00399
3	0.80684	0.00930	0.00731	0.00655	0.00953	0.01067	0.00536	0.01451	0.00858	0.04702	0.00791	0.03485	0.00643	0.00496	0.00321	0.00154	0.00378	0.00310	0.00319	0.00538
4	0.01042	0.00960	0.01606	0.11974	0.48310	0.00979	0.02862	0.01307	0.01095	0.01524	0.04925	0.11547	0.01429	0.00688	0.00528	0.00163	0.00533	0.07571	0.00299	0.00657
5	0.01468	0.07135	0.01384	0.02239	0.02746	0.03912	0.00859	0.30598	0.32241	0.02283	0.01413	0.01389	0.01062	0.00590	0.00493	0.00147	0.02071	0.00458	0.00438	0.07075
6	0.00593	0.00450	0.00547	0.00625	0.00697	0.00404	0.00430	0.00691	0.00998	0.01278	0.03434	0.57588	0.27603	0.01445	0.00612	0.00189	0.00274	0.01282	0.00456	0.00404
7	0.03656	0.07858	0.07993	0.10558	0.05427	0.01140	0.06505	0.18469	0.01378	0.18195	0.02212	0.01395	0.00945	0.03195	0.00566	0.00159	0.02977	0.00452	0.06225	0.00696
8	0.01081	0.14276	0.49037	0.03022	0.01942	0.04919	0.09313	0.02761	0.01074	0.01482	0.00977	0.06138	0.00806	0.00526	0.00466	0.00151	0.00682	0.00436	0.00235	0.00676
9	0.00705	0.00525	0.00677	0.00747	0.00863	0.00497	0.00612	0.00889	0.01131	0.01459	0.11105	0.14930	0.22002	0.01316	0.00638	0.00201	0.00358	0.40444	0.00463	0.00438
10	0.01138	0.01490	0.22538	0.10192	0.07409	0.01129	0.29566	0.05045	0.01138	0.05570	0.01059	0.03278	0.00822	0.00681	0.05217	0.00198	0.02088	0.00502	0.00269	0.00670
11	0.01118	0.03645	0.03784	0.00874	0.01294	0.00851	0.04259	0.09933	0.01163	0.01732	0.00959	0.03582	0.00811	0.00446	0.00429	0.00097	0.02416	0.00361	0.00310	0.61937
12	0.00981	0.05060	0.01345	0.03797	0.01252	0.03142	0.03211	0.01129	0.00840	0.01221	0.02929	0.03514	0.02049	0.01517	0.20754	0.00341	0.44195	0.00492	0.01716	0.00514
13	0.00641	0.00458	0.00610	0.00717	0.00763	0.00435	0.00512	0.00751	0.00971	0.01284	0.02677	0.62390	0.04540	0.05260	0.00723	0.00217	0.00326	0.15873	0.00448	0.00405
14	0.03045	0.00806	0.03063	0.06092	0.06179	0.00774	0.10731	0.05798	0.03649	0.05672	0.11418	0.26614	0.06982	0.03401	0.00629	0.00180	0.01567	0.00851	0.02001	0.00548
15	0.01281	0.02964	0.16788	0.05913	0.25023	0.03862	0.10714	0.07728	0.05444	0.08371	0.01198	0.02611	0.02776	0.00532	0.00524	0.00155	0.02611	0.00475	0.00308	0.00721
16	0.00681	0.00493	0.00656	0.00756	0.00832	0.00472	0.00585	0.00826	0.01030	0.01344	0.02834	0.41527	0.09714	0.03466	0.00692	0.00215	0.00357	0.32651	0.00451	0.00420
17	0.01597	0.01664	0.01580	0.06098	0.22101	0.32866	0.01121	0.20069	0.01490	0.01766	0.00905	0.01075	0.00722	0.00524	0.00522	0.00143	0.04378	0.00390	0.00304	0.00686
18	0.01194	0.11740	0.35379	0.01610	0.14734	0.01248	0.10739	0.05886	0.04547	0.05254	0.01027	0.02672	0.00791	0.00492	0.00473	0.00150	0.00643	0.00428	0.00271	0.00723
19	0.01227	0.01197	0.04606	0.02788	0.68284	0.01142	0.05764	0.01530	0.01128	0.04126	0.01001	0.01337	0.00836	0.00466	0.00496	0.00150	0.00594	0.02306	0.00259	0.00764
20	0.00706	0.00522	0.00777	0.00777	0.00859	0.00604	0.00598	0.00865	0.00783	0.01126	0.01313	0.01966	0.01239	0.06519	0.75872	0.02989	0.01262	0.00531	0.00263	0.00428
21	0.76056	0.00989	0.00948	0.00797	0.01112	0.01126	0.07902	0.01451	0.00865	0.02120	0.00713	0.00855	0.00555	0.00462	0.00362	0.00155	0.02391	0.00300	0.00297	0.00545
22	0.00679	0.00488	0.00637	0.00681	0.00755	0.00462	0.00485	0.03109	0.01154	0.01580	0.30852	0.48451	0.03673	0.01308	0.00607	0.00182	0.00279	0.03691	0.00488	0.00438
23	0.01643	0.02022	0.01421	0.01272	0.01461	0.60712	0.00981	0.01765	0.01231	0.01198	0.00731	0.00934	0.00636	0.00596	0.00739	0.00149	0.21359	0.00345	0.00244	0.00562
24	0.00652	0.00502	0.00596	0.00577	0.00712	0.00446	0.00435	0.00841	0.01277	0.01703	0.47975	0.04135	0.34469	0.01108	0.00582	0.00161	0.00244	0.02635	0.00505	0.00444
25	0.00916	0.00458	0.00458	0.00458	0.00573	0.00458	0.00344	0.01145	0.01031	0.01832	0.01603	0.01832	0.01260	0.00573	0.00344	0.00115	0.00229	0.00458	0.85457	0.00458
26	0.86201	0.00950	0.00722	0.00646	0.00950	0.01102	0.00532	0.01445	0.00836	0.02205	0.00684	0.00798	0.00532	0.00456	0.00304	0.00152	0.00380	0.00266	0.00304	0.00532
27	0.00986	0.02542	0.80183	0.01401	0.02127	0.01141	0.01816	0.01556	0.01038	0.01556	0.00882	0.01038	0.00623	0.00467	0.00467	0.00156	0.00726	0.00363	0.00208	0.00726
28	0.86201	0.00950	0.00722	0.00646	0.00950	0.01102	0.00532	0.01445	0.00836	0.02205	0.00684	0.00798	0.00532	0.00456	0.00304	0.00152	0.00380	0.00266	0.00304	0.00532
29	0.86201	0.00950	0.00722	0.00646	0.00950	0.01102	0.00532	0.01445	0.00836	0.02205	0.00684	0.00798	0.00532	0.00456	0.00304	0.00152	0.00380	0.00266	0.00304	0.00532
30	0.00986	0.02542	0.80183	0.01401	0.02127	0.01141	0.01816	0.01556	0.01038	0.01556	0.00882	0.01038	0.00623	0.00467	0.00467	0.00156	0.00726	0.00363	0.00208	0.00726
31	0.00703	0.00521	0.00761	0.00761	0.00839	0.00599	0.00579	0.00859	0.00781	0.01120	0.01342	0.02075	0.01291	0.12547	0.72006	0.00755	0.01222	0.00548	0.00267	0.00423
32	0.00986	0.02542	0.80183	0.01401	0.02127	0.01141	0.01816	0.01556	0.01038	0.01556	0.00882	0.01038	0.00623	0.00467	0.00467	0.00156	0.00726	0.00363	0.00208	0.00726
33	0.01258	0.01073	0.01131	0.01007	0.01291	0.01239	0.00786	0.06732	0.74598	0.02113	0.01955	0.01798	0.01464	0.00663	0.00500	0.00166	0.00397	0.00549	0.00500	0.00781
34	0.00694	0.00472	0.00548	0.00570	0.00584	0.00465	0.00341	0.00719	0.00777	0.01030	0.01878	0.15877	0.04582	0.64600	0.02083	0.00414	0.00438	0.03271	0.00333	0.00323
35	0.01192	0.01026	0.01084	0.00977	0.01247	0.01181	0.00759	0.02517	0.74640	0.02038	0.04577	0.01954	0.03230	0.00690	0.00504	0.00166	0.00381	0.00576	0.00500	0.00760
36	0.00634	0.00458	0.00589	0.00685	0.00732	0.00437	0.00464	0.00782	0.04226	0.01318	0.04030	0.73240	0.05456	0.01460	0.00612	0.00194	0.00286	0.01318	0.02660	0.00418
37	0.01327	0.81027	0.02546	0.00851	0.01268	0.03896	0.00844	0.01484	0.01008	0.01157	0.00685	0.00791	0.00631	0.00423	0.00318	0.00106	0.00534	0.00264	0.00211	0.00629
38	0.00916	0.00458	0.00458	0.00458	0.00573	0.00458	0.00344	0.01145	0.01031	0.01832	0.01603	0.01832	0.01260	0.00573	0.00344	0.00115	0.00229	0.00458	0.85457	0.00458
39	0.01019	0.00873	0.01019	0.00728	0.01165	0.00655	0.00582	0.01237	0.01019	0.01601	0.00873	0.01019	0.00728	0.00364	0.00364	0.00073	0.00364	0.00291	0.00291	0.85734
40	0.00606	0.00433	0.00578	0.00692	0.00724	0.00405	0.00468	0.00696	0.00948	0.01262	0.02705	0.79603	0.03235	0.01533	0.00629	0.00201	0.00291	0.04133	0.00456	0.00401
41	0.00714	0.00480	0.00552	0.00552	0.00557	0.00485	0.00317	0.00725	0.00719	0.00964	0.01534	0.03137	0.01752	0.77878	0.07305	0.00496	0.00528	0.00703	0.00296	0.00306
42	0.01207	0.01122	0.01625	0.08149	0.43681	0.06682	0.03756	0.06519	0.03159	0.03400	0.04595	0.04219	0.06899	0.00587	0.00500	0.00150	0.00551	0.00533	0.01976	0.00689
43	0.01291	0.01198	0.01983	0.02603	0.58957	0.01210	0.09093	0.12248	0.01291	0.01808	0.01009	0.01331	0.00835	0.00480	0.00501	0.00150	0.00599	0.02360	0.00284	0.00767

[dist]
# distance from previous block
# <min> <max>
0	1

[block]
# block no. 6 follows, 51 sequences, length 34
# corresponding to MSA columns:
# 394-427
name=unknown_G
#
# <colnr> <probs for GDERKNQSTAVLIFYWHMCP>
#	G	D	E	R	K	N	Q	S	T	A	V	L	I	F	Y	W	H	M	C	P
0	0.01347	0.01197	0.01717	0.18178	0.41808	0.05619	0.01304	0.15201	0.02673	0.04732	0.01007	0.01238	0.00785	0.00490	0.00486	0.00149	0.00598	0.00436	0.00301	0.00733
1	0.00584	0.00493	0.00506	0.00513	0.00668	0.00415	0.00381	0.00708	0.01113	0.01335	0.06257	0.10028	0.72804	0.01260	0.00584	0.00168	0.00251	0.01059	0.00458	0.00415
2	0.00799	0.00748	0.04394	0.00862	0.06976	0.05002	0.00622	0.01032	0.01321	0.01802	0.56299	0.03335	0.13045	0.00938	0.00560	0.00154	0.00320	0.00816	0.00476	0.00500
3	0.00661	0.00500	0.00566	0.00563	0.00705	0.00434	0.00417	0.00810	0.01174	0.03865	0.23257	0.14091	0.48800	0.01202	0.00584	0.00167	0.00254	0.01029	0.00482	0.00438
4	0.01165	0.57926	0.08161	0.03789	0.04387	0.01592	0.00901	0.01362	0.01011	0.01239	0.02724	0.04866	0.05237	0.00645	0.03056	0.00144	0.00542	0.00400	0.00245	0.00608
5	0.01320	0.31993	0.28816	0.02816	0.04146	0.01474	0.01209	0.14625	0.01259	0.05309	0.00921	0.01024	0.00706	0.00479	0.00415	0.00135	0.00591	0.00351	0.01702	0.00708
6	0.01143	0.00885	0.01227	0.01094	0.05284	0.02193	0.10092	0.15681	0.05952	0.05803	0.15173	0.02304	0.03192	0.04654	0.12973	0.00269	0.00603	0.05985	0.04890	0.00600
7	0.01041	0.06723	0.55508	0.06065	0.05755	0.01200	0.11119	0.01570	0.03642	0.01538	0.00923	0.01109	0.00677	0.00464	0.00476	0.00154	0.00706	0.00398	0.00225	0.00707
8	0.01072	0.00915	0.01048	0.02861	0.05087	0.05290	0.03073	0.07768	0.21216	0.03522	0.19639	0.02643	0.14214	0.00806	0.00528	0.00156	0.00403	0.03866	0.00449	0.05446
9	0.00680	0.00508	0.00632	0.00605	0.00730	0.00465	0.00452	0.00907	0.02661	0.01828	0.61632	0.06751	0.18197	0.01062	0.00580	0.00159	0.00240	0.00929	0.00522	0.00458
10	0.00682	0.00544	0.00662	0.00718	0.03647	0.00508	0.00516	0.00892	0.04463	0.01471	0.16268	0.16631	0.36909	0.01320	0.04233	0.00204	0.00340	0.09083	0.00455	0.00454
11	0.01149	0.06600	0.01423	0.01128	0.01241	0.05671	0.00932	0.08917	0.01020	0.01428	0.03551	0.05819	0.04518	0.00823	0.01162	0.00185	0.49486	0.00504	0.00283	0.04164
12	0.01753	0.06280	0.01496	0.01097	0.01477	0.01512	0.00909	0.63915	0.11838	0.02849	0.01253	0.01238	0.00907	0.00589	0.00482	0.00147	0.00521	0.00446	0.00476	0.00816
13	0.01595	0.24392	0.06031	0.04778	0.05008	0.16849	0.00920	0.04546	0.01246	0.21743	0.02928	0.01189	0.00897	0.00509	0.00426	0.00130	0.00573	0.00378	0.00346	0.05516
14	0.01377	0.73197	0.02431	0.00893	0.01293	0.11545	0.00854	0.01531	0.01047	0.01162	0.00693	0.00800	0.00631	0.00431	0.00331	0.00108	0.00569	0.00269	0.00215	0.00623
15	0.01734	0.08990	0.03081	0.00906	0.02363	0.05147	0.00754	0.05149	0.01291	0.41590	0.01406	0.01333	0.00965	0.00515	0.00439	0.00125	0.00454	0.00403	0.00449	0.22905
16	0.00684	0.00493	0.00583	0.00580	0.00647	0.00478	0.00390	0.00775	0.00937	0.01242	0.15609	0.03557	0.18663	0.40841	0.09708	0.00380	0.00472	0.03216	0.00374	0.00370
17	0.02001	0.00840	0.01088	0.00853	0.01202	0.00768	0.00699	0.06378	0.05811	0.63551	0.01867	0.01671	0.01216	0.00607	0.00479	0.00149	0.00404	0.00491	0.09129	0.00795
18	0.01076	0.00878	0.01027	0.00743	0.01172	0.00677	0.00595	0.01332	0.03627	0.04933	0.00956	0.01074	0.00774	0.00384	0.00374	0.00079	0.00367	0.00309	0.00312	0.79311
19	0.00755	0.00515	0.00676	0.00628	0.00755	0.00474	0.00474	0.00985	0.01392	0.05022	0.76375	0.03593	0.04503	0.00989	0.00576	0.00154	0.00239	0.00873	0.00544	0.00478
20	0.47472	0.00899	0.00891	0.00747	0.01065	0.00950	0.00608	0.01834	0.05928	0.30186	0.01251	0.01267	0.00885	0.03533	0.00465	0.00165	0.00398	0.00383	0.00426	0.00649
21	0.00704	0.00519	0.00753	0.00753	0.00828	0.00594	0.00568	0.00854	0.00779	0.01113	0.01350	0.02118	0.01310	0.15220	0.69359	0.00744	0.01194	0.00554	0.00268	0.00418
22	0.00602	0.00442	0.00565	0.00655	0.00707	0.00405	0.00445	0.00701	0.00991	0.01305	0.07378	0.67177	0.13887	0.01468	0.00618	0.00192	0.00277	0.01318	0.00461	0.00405
23	0.01394	0.01503	0.01533	0.22711	0.12207	0.29384	0.03906	0.09672	0.01281	0.01487	0.01005	0.01238	0.03471	0.00551	0.00562	0.00150	0.06637	0.00421	0.00272	0.00614
24	0.00666	0.00467	0.00548	0.00577	0.00611	0.00447	0.00360	0.00717	0.00862	0.01137	0.06595	0.25294	0.11472	0.46195	0.01651	0.00346	0.00383	0.00951	0.00374	0.00349
25	0.04270	0.01041	0.01518	0.05004	0.34481	0.02297	0.04471	0.05553	0.14859	0.02899	0.01390	0.13427	0.01262	0.00668	0.00541	0.00160	0.03110	0.00598	0.00340	0.02112
26	0.02687	0.04226	0.08762	0.04620	0.50824	0.03872	0.09663	0.03452	0.01129	0.01591	0.00904	0.01175	0.00740	0.00462	0.00529	0.00150	0.03805	0.00433	0.00245	0.00731
27	0.00910	0.00574	0.00735	0.00754	0.00881	0.00547	0.00577	0.05367	0.01147	0.10588	0.06308	0.35379	0.10708	0.04714	0.00688	0.00203	0.00356	0.18603	0.00472	0.00488
28	0.01142	0.01102	0.05722	0.10560	0.01532	0.01298	0.01028	0.12133	0.05025	0.01587	0.01064	0.01347	0.03554	0.00736	0.01059	0.00183	0.42395	0.00459	0.07481	0.00592
29	0.00693	0.00483	0.00628	0.00712	0.00771	0.00463	0.00493	0.00865	0.05363	0.03754	0.05686	0.69935	0.03131	0.01435	0.00616	0.00195	0.00298	0.03574	0.00467	0.00438
30	0.01018	0.01655	0.38660	0.01239	0.01711	0.00995	0.10732	0.04162	0.05466	0.04532	0.12798	0.07651	0.03393	0.00670	0.00551	0.00162	0.03044	0.00580	0.00327	0.00653
31	0.01349	0.32546	0.11848	0.01015	0.01432	0.10966	0.03652	0.10471	0.03642	0.03192	0.00945	0.02271	0.00775	0.00485	0.00401	0.00122	0.00566	0.00357	0.03885	0.10079
32	0.01216	0.01168	0.01995	0.03016	0.79664	0.01168	0.01508	0.01508	0.01119	0.01605	0.00924	0.01216	0.00778	0.00438	0.00487	0.00146	0.00584	0.00438	0.00243	0.00778
33	0.03043	0.17824	0.11775	0.01090	0.06613	0.08543	0.02915	0.05767	0.04124	0.03688	0.03869	0.10620	0.03909	0.00670	0.00469	0.00143	0.01491	0.02305	0.06803	0.04339

[dist]
# distance from previous block
# <min> <max>
0	868

# created by:
# /home/cegg/simao/soft/augustus-3.2.1/scripts/msa2prfl.pl ./align_prep/EOG091G02O5.fa
