[name]
unknown

[dist]
# distance from previous block
# <min> <max>
0	12

[block]
# block no. 0 follows, 53 sequences, length 90
# corresponding to MSA columns:
# 15-104
name=unknown_A
#
# <colnr> <probs for GDERKNQSTAVLIFYWHMCP>
#	G	D	E	R	K	N	Q	S	T	A	V	L	I	F	Y	W	H	M	C	P
0	0.00582	0.00485	0.00508	0.00503	0.00656	0.00411	0.00377	0.00720	0.01131	0.01389	0.16645	0.04438	0.68163	0.01174	0.00565	0.00160	0.00239	0.00986	0.00457	0.00411
1	0.01748	0.01315	0.01384	0.01073	0.01447	0.03756	0.00880	0.66694	0.06941	0.04440	0.01187	0.01182	0.00850	0.00567	0.00472	0.00141	0.00517	0.00428	0.00466	0.04512
2	0.00582	0.00416	0.00555	0.00666	0.00693	0.00388	0.00444	0.00666	0.00915	0.01220	0.02634	0.82891	0.03161	0.01497	0.00610	0.00194	0.00277	0.01359	0.00444	0.00388
3	0.00979	0.07543	0.75831	0.01328	0.02016	0.01159	0.01707	0.01508	0.01007	0.01489	0.00846	0.00994	0.00606	0.00451	0.00445	0.00148	0.00694	0.00347	0.00202	0.00701
4	0.01048	0.01051	0.01494	0.01272	0.01283	0.01458	0.02773	0.01159	0.00741	0.01159	0.00635	0.01051	0.00630	0.00827	0.01546	0.00208	0.80509	0.00422	0.00210	0.00526
5	0.00966	0.04356	0.78907	0.01350	0.02049	0.01128	0.01744	0.01512	0.01008	0.01505	0.00853	0.01003	0.00606	0.00453	0.00451	0.00150	0.00702	0.00351	0.00202	0.00704
6	0.00565	0.00484	0.00484	0.00484	0.00646	0.00403	0.00363	0.00686	0.01089	0.01291	0.04842	0.04600	0.80027	0.01210	0.00565	0.00161	0.00242	0.01009	0.00444	0.00403
7	0.00620	0.00454	0.00587	0.00685	0.00727	0.00438	0.00463	0.00782	0.05791	0.01269	0.02592	0.77849	0.03055	0.01445	0.00602	0.00192	0.00284	0.01308	0.00446	0.00411
8	0.00582	0.00416	0.00555	0.00666	0.00693	0.00388	0.00444	0.00666	0.00915	0.01220	0.02634	0.82891	0.03161	0.01497	0.00610	0.00194	0.00277	0.01359	0.00444	0.00388
9	0.01046	0.01046	0.01464	0.01255	0.01255	0.01464	0.01046	0.01150	0.00732	0.01150	0.00627	0.01046	0.00627	0.00837	0.01569	0.00209	0.82328	0.00418	0.00209	0.00523
10	0.00991	0.00850	0.00991	0.00708	0.01133	0.00637	0.00566	0.01203	0.00991	0.01557	0.00850	0.00991	0.00708	0.00354	0.00354	0.00071	0.00354	0.00283	0.00283	0.86124
11	0.00929	0.00891	0.01552	0.73548	0.05809	0.01075	0.06978	0.01252	0.00973	0.01255	0.00860	0.01272	0.00648	0.00471	0.00484	0.00159	0.00647	0.00435	0.00215	0.00547
12	0.00683	0.00512	0.00768	0.00768	0.00853	0.00597	0.00597	0.00853	0.00768	0.01110	0.01280	0.01878	0.01195	0.03585	0.81308	0.00768	0.01280	0.00512	0.00256	0.00427
13	0.00695	0.00463	0.00521	0.00521	0.00521	0.00463	0.00290	0.00695	0.00695	0.00927	0.01506	0.03128	0.01738	0.83203	0.02433	0.00463	0.00463	0.00695	0.00290	0.00290
14	0.86579	0.00924	0.00702	0.00629	0.00924	0.01072	0.00518	0.01405	0.00813	0.02144	0.00666	0.00776	0.00518	0.00444	0.00296	0.00148	0.00370	0.00259	0.00296	0.00518
15	0.00991	0.00850	0.00991	0.00708	0.01133	0.00637	0.00566	0.01203	0.00991	0.01557	0.00850	0.00991	0.00708	0.00354	0.00354	0.00071	0.00354	0.00283	0.00283	0.86124
16	0.01456	0.01782	0.02090	0.01624	0.01989	0.41130	0.39817	0.01719	0.01241	0.01351	0.00853	0.01076	0.00671	0.00448	0.00498	0.00142	0.00834	0.00436	0.00244	0.00600
17	0.00582	0.00416	0.00555	0.00666	0.00693	0.00388	0.00444	0.00666	0.00915	0.01220	0.02634	0.82891	0.03161	0.01497	0.00610	0.00194	0.00277	0.01359	0.00444	0.00388
18	0.00654	0.00538	0.03273	0.00719	0.00789	0.00481	0.00527	0.03328	0.00972	0.01299	0.02552	0.69670	0.05608	0.01399	0.00623	0.00191	0.02213	0.04313	0.00431	0.00419
19	0.01284	0.18806	0.35428	0.01258	0.01750	0.25407	0.06737	0.01617	0.01114	0.01332	0.00790	0.00935	0.00619	0.00453	0.00425	0.00134	0.00721	0.00335	0.00219	0.00637
20	0.01167	0.01014	0.01110	0.01069	0.05808	0.01158	0.00784	0.02413	0.72070	0.01949	0.01986	0.01847	0.04171	0.00655	0.00488	0.00161	0.00385	0.00550	0.00470	0.00744
21	0.00676	0.00489	0.00639	0.00601	0.00714	0.00451	0.00451	0.00902	0.01353	0.01917	0.79969	0.03570	0.04510	0.00977	0.00564	0.00150	0.00225	0.00864	0.00526	0.00451
22	0.01145	0.01097	0.01871	0.13715	0.69738	0.01126	0.01448	0.01433	0.01070	0.01515	0.00892	0.01195	0.00741	0.00433	0.00474	0.00144	0.00577	0.00426	0.00233	0.00726
23	0.01121	0.01237	0.02579	0.06985	0.07253	0.01194	0.64441	0.01566	0.05658	0.01541	0.01012	0.01310	0.00764	0.00423	0.00549	0.00160	0.00756	0.00546	0.00254	0.00651
24	0.01183	0.01136	0.01940	0.02934	0.80221	0.01136	0.01467	0.01467	0.01088	0.01562	0.00899	0.01183	0.00757	0.00426	0.00473	0.00142	0.00568	0.00426	0.00237	0.00757
25	0.00582	0.00416	0.00555	0.00666	0.00693	0.00388	0.00444	0.00666	0.00915	0.01220	0.02634	0.82891	0.03161	0.01497	0.00610	0.00194	0.00277	0.01359	0.00444	0.00388
26	0.00690	0.00485	0.00631	0.00631	0.00669	0.00523	0.00427	0.00766	0.00728	0.01008	0.01405	0.02571	0.01496	0.47733	0.37572	0.00599	0.00827	0.00614	0.00275	0.00351
27	0.01273	0.01039	0.01104	0.00968	0.01251	0.01182	0.00760	0.11139	0.65608	0.04701	0.01941	0.01791	0.03767	0.00655	0.00488	0.00159	0.00392	0.00540	0.00488	0.00754
28	0.00959	0.02472	0.80726	0.01362	0.02069	0.01110	0.01766	0.01514	0.01009	0.01514	0.00858	0.01009	0.00605	0.00454	0.00454	0.00151	0.00706	0.00353	0.00202	0.00706
29	0.00676	0.00489	0.00639	0.00601	0.00714	0.00451	0.00451	0.00902	0.01353	0.01917	0.79969	0.03570	0.04510	0.00977	0.00564	0.00150	0.00225	0.00864	0.00526	0.00451
30	0.00959	0.02472	0.80726	0.01362	0.02069	0.01110	0.01766	0.01514	0.01009	0.01514	0.00858	0.01009	0.00605	0.00454	0.00454	0.00151	0.00706	0.00353	0.00202	0.00706
31	0.86579	0.00924	0.00702	0.00629	0.00924	0.01072	0.00518	0.01405	0.00813	0.02144	0.00666	0.00776	0.00518	0.00444	0.00296	0.00148	0.00370	0.00259	0.00296	0.00518
32	0.01202	0.01054	0.01087	0.00978	0.01248	0.02925	0.00760	0.02526	0.77667	0.01981	0.01919	0.01763	0.01441	0.00645	0.00485	0.00161	0.00389	0.00535	0.00481	0.00752
33	0.00891	0.00445	0.00445	0.00445	0.00557	0.00445	0.00334	0.01114	0.01002	0.01782	0.01559	0.01782	0.01225	0.00557	0.00334	0.00111	0.00223	0.00445	0.85856	0.00445
34	0.01263	0.01064	0.01123	0.00988	0.01271	0.01223	0.00774	0.11521	0.70255	0.02119	0.01851	0.01708	0.01383	0.00640	0.00485	0.00160	0.00396	0.00527	0.00485	0.00763
35	0.86579	0.00924	0.00702	0.00629	0.00924	0.01072	0.00518	0.01405	0.00813	0.02144	0.00666	0.00776	0.00518	0.00444	0.00296	0.00148	0.00370	0.00259	0.00296	0.00518
36	0.01183	0.01136	0.01940	0.02934	0.80221	0.01136	0.01467	0.01467	0.01088	0.01562	0.00899	0.01183	0.00757	0.00426	0.00473	0.00142	0.00568	0.00426	0.00237	0.00757
37	0.00735	0.00588	0.00867	0.00838	0.00911	0.00721	0.00661	0.00896	0.00763	0.01115	0.01187	0.01759	0.01114	0.03193	0.69942	0.00688	0.12833	0.00499	0.00249	0.00440
38	0.86579	0.00924	0.00702	0.00629	0.00924	0.01072	0.00518	0.01405	0.00813	0.02144	0.00666	0.00776	0.00518	0.00444	0.00296	0.00148	0.00370	0.00259	0.00296	0.00518
39	0.00695	0.00463	0.00521	0.00521	0.00521	0.00463	0.00290	0.00695	0.00695	0.00927	0.01506	0.03128	0.01738	0.83203	0.02433	0.00463	0.00463	0.00695	0.00290	0.00290
40	0.00670	0.00488	0.00630	0.00595	0.00710	0.00448	0.00446	0.00890	0.01338	0.01882	0.75770	0.03628	0.08730	0.00990	0.00564	0.00151	0.00226	0.00872	0.00522	0.00448
41	0.00579	0.00485	0.00504	0.00499	0.00654	0.00410	0.00374	0.00714	0.01123	0.01371	0.14485	0.04468	0.70334	0.01181	0.00565	0.00160	0.00240	0.00990	0.00454	0.00410
42	0.02144	0.00813	0.01109	0.00850	0.01220	0.00702	0.00702	0.02329	0.01368	0.80552	0.01886	0.01627	0.01183	0.00592	0.00481	0.00148	0.00407	0.00481	0.00592	0.00813
43	0.00673	0.00488	0.00634	0.00598	0.00712	0.00450	0.00448	0.00895	0.01345	0.01898	0.77683	0.03602	0.06808	0.00984	0.00564	0.00151	0.00226	0.00869	0.00524	0.00450
44	0.01175	0.01011	0.01070	0.00970	0.01234	0.01168	0.00757	0.02488	0.76760	0.01981	0.01965	0.01903	0.01502	0.00671	0.00492	0.00164	0.00380	0.03079	0.00485	0.00746
45	0.01201	0.01027	0.01061	0.00950	0.01218	0.03001	0.00739	0.04629	0.68895	0.03508	0.02073	0.01915	0.06298	0.00676	0.00490	0.00160	0.00386	0.00560	0.00480	0.00733
46	0.00565	0.00484	0.00484	0.00484	0.00646	0.00403	0.00363	0.00686	0.01089	0.01291	0.04842	0.04600	0.80027	0.01210	0.00565	0.00161	0.00242	0.01009	0.00444	0.00403
47	0.01261	0.81489	0.02456	0.00810	0.01213	0.01855	0.00807	0.01413	0.00974	0.01129	0.00765	0.00859	0.02528	0.00428	0.00313	0.00104	0.00505	0.00274	0.00210	0.00608
48	0.01647	0.06800	0.01544	0.01340	0.06401	0.55983	0.05225	0.08440	0.02976	0.01387	0.00814	0.00950	0.00665	0.00500	0.00477	0.00131	0.03508	0.00345	0.00267	0.00601
49	0.00577	0.00485	0.00502	0.00497	0.00653	0.00409	0.00373	0.00710	0.01119	0.01361	0.13268	0.04484	0.71557	0.01184	0.00565	0.00160	0.00240	0.00993	0.00453	0.00409
50	0.86579	0.00924	0.00702	0.00629	0.00924	0.01072	0.00518	0.01405	0.00813	0.02144	0.00666	0.00776	0.00518	0.00444	0.00296	0.00148	0.00370	0.00259	0.00296	0.00518
51	0.01818	0.04185	0.01109	0.00831	0.01154	0.00775	0.00681	0.08902	0.01409	0.56492	0.12105	0.05339	0.01651	0.00673	0.00490	0.00148	0.00392	0.00556	0.00550	0.00739
52	0.86579	0.00924	0.00702	0.00629	0.00924	0.01072	0.00518	0.01405	0.00813	0.02144	0.00666	0.00776	0.00518	0.00444	0.00296	0.00148	0.00370	0.00259	0.00296	0.00518
53	0.00719	0.00553	0.00732	0.02028	0.05732	0.00540	0.00559	0.00921	0.03905	0.02669	0.24564	0.27512	0.16267	0.02455	0.01900	0.00186	0.02403	0.05453	0.00443	0.00459
54	0.00566	0.00481	0.00487	0.00492	0.00648	0.00403	0.00367	0.00685	0.01082	0.01288	0.04746	0.08005	0.76684	0.01223	0.00567	0.00163	0.00244	0.01024	0.00444	0.00403
55	0.01045	0.01156	0.02473	0.01808	0.02222	0.01083	0.66539	0.01399	0.01096	0.01483	0.01222	0.13781	0.01098	0.00570	0.00571	0.00166	0.00725	0.00686	0.00273	0.00605
56	0.01030	0.00863	0.01028	0.00744	0.01162	0.00672	0.01842	0.01294	0.04410	0.03481	0.00924	0.01046	0.00752	0.00373	0.00366	0.00078	0.00364	0.00304	0.00299	0.78969
57	0.72751	0.01069	0.00815	0.00716	0.01015	0.07665	0.00583	0.07726	0.00974	0.02135	0.00711	0.00814	0.00550	0.00458	0.00322	0.00146	0.00423	0.00277	0.00307	0.00545
58	0.01054	0.01064	0.02014	0.43536	0.02847	0.01149	0.33582	0.06162	0.01108	0.01462	0.00917	0.01273	0.00685	0.00452	0.00514	0.00159	0.00701	0.00483	0.00241	0.00596
59	0.86579	0.00924	0.00702	0.00629	0.00924	0.01072	0.00518	0.01405	0.00813	0.02144	0.00666	0.00776	0.00518	0.00444	0.00296	0.00148	0.00370	0.00259	0.00296	0.00518
60	0.00694	0.00466	0.00532	0.00530	0.00537	0.00466	0.00303	0.00708	0.00725	0.00974	0.04913	0.03120	0.01846	0.77874	0.04088	0.00456	0.00471	0.00698	0.00299	0.00300
61	0.00740	0.00503	0.00659	0.00612	0.00736	0.00462	0.00462	0.00964	0.01354	0.05336	0.76573	0.03486	0.04365	0.00960	0.00560	0.00150	0.00233	0.00848	0.00529	0.00467
62	0.00640	0.00461	0.00607	0.00626	0.00706	0.00427	0.00448	0.00812	0.01186	0.01650	0.50411	0.33887	0.03994	0.01176	0.00581	0.00167	0.00245	0.01053	0.00495	0.00427
63	0.00683	0.00512	0.00768	0.00768	0.00853	0.00597	0.00597	0.00853	0.00768	0.01110	0.01280	0.01878	0.01195	0.03585	0.81308	0.00768	0.01280	0.00512	0.00256	0.00427
64	0.00991	0.00850	0.00991	0.00708	0.01133	0.00637	0.00566	0.01203	0.00991	0.01557	0.00850	0.00991	0.00708	0.00354	0.00354	0.00071	0.00354	0.00283	0.00283	0.86124
65	0.00674	0.00488	0.00636	0.00599	0.00713	0.00450	0.00449	0.00897	0.01347	0.01903	0.78368	0.03592	0.06119	0.00982	0.00564	0.00151	0.00226	0.00867	0.00524	0.00450
66	0.01156	0.01108	0.01892	0.10478	0.72886	0.01129	0.01454	0.01443	0.01076	0.01529	0.00894	0.01192	0.00746	0.00431	0.00474	0.00144	0.00574	0.00426	0.00234	0.00736
67	0.00690	0.00508	0.00750	0.00750	0.00833	0.00588	0.00579	0.00856	0.00773	0.01124	0.01296	0.01917	0.01214	0.06158	0.76204	0.00738	0.01221	0.00516	0.02862	0.00423
68	0.01174	0.01122	0.01895	0.05517	0.75024	0.01135	0.01439	0.01494	0.03682	0.01565	0.00932	0.01206	0.00776	0.00435	0.00474	0.00143	0.00564	0.00430	0.00244	0.00750
69	0.02144	0.00813	0.01109	0.00850	0.01220	0.00702	0.00702	0.02329	0.01368	0.80552	0.01886	0.01627	0.01183	0.00592	0.00481	0.00148	0.00407	0.00481	0.00592	0.00813
70	0.00565	0.00484	0.00484	0.00484	0.00646	0.00403	0.00363	0.00686	0.01089	0.01291	0.04842	0.04600	0.80027	0.01210	0.00565	0.00161	0.00242	0.01009	0.00444	0.00403
71	0.00676	0.00489	0.00639	0.00601	0.00714	0.00451	0.00451	0.00902	0.01353	0.01917	0.79969	0.03570	0.04510	0.00977	0.00564	0.00150	0.00225	0.00864	0.00526	0.00451
72	0.00695	0.00463	0.00521	0.00521	0.00521	0.00463	0.00290	0.00695	0.00695	0.00927	0.01506	0.03128	0.01738	0.83203	0.02433	0.00463	0.00463	0.00695	0.00290	0.00290
73	0.00920	0.00867	0.01465	0.77136	0.08073	0.01066	0.01336	0.01236	0.00964	0.01242	0.00853	0.01269	0.00645	0.00475	0.00478	0.00158	0.00633	0.00425	0.00214	0.00545
74	0.00991	0.00850	0.00991	0.00708	0.01133	0.00637	0.00566	0.01203	0.00991	0.01557	0.00850	0.00991	0.00708	0.00354	0.00354	0.00071	0.00354	0.00283	0.00283	0.86124
75	0.00695	0.00463	0.00521	0.00521	0.00521	0.00463	0.00290	0.00695	0.00695	0.00927	0.01506	0.03128	0.01738	0.83203	0.02433	0.00463	0.00463	0.00695	0.00290	0.00290
76	0.01171	0.01118	0.01881	0.02795	0.75305	0.01105	0.01411	0.01450	0.01082	0.01561	0.00896	0.01171	0.00754	0.00421	0.00466	0.00138	0.00555	0.00417	0.00239	0.06063
77	0.86579	0.00924	0.00702	0.00629	0.00924	0.01072	0.00518	0.01405	0.00813	0.02144	0.00666	0.00776	0.00518	0.00444	0.00296	0.00148	0.00370	0.00259	0.00296	0.00518
78	0.00968	0.02408	0.76503	0.01398	0.02092	0.01115	0.05925	0.01515	0.01016	0.01515	0.00864	0.01024	0.00612	0.00451	0.00460	0.00152	0.00712	0.00365	0.00204	0.00703
79	0.00676	0.00489	0.00639	0.00601	0.00714	0.00451	0.00451	0.00902	0.01353	0.01917	0.79969	0.03570	0.04510	0.00977	0.00564	0.00150	0.00225	0.00864	0.00526	0.00451
80	0.00616	0.00442	0.00585	0.00643	0.00701	0.00411	0.00446	0.00750	0.01072	0.01469	0.30285	0.54530	0.03643	0.01311	0.00593	0.00178	0.00259	0.01182	0.00473	0.00411
81	0.01268	0.81109	0.04804	0.00834	0.01251	0.01868	0.00846	0.01434	0.00972	0.01136	0.00670	0.00774	0.00613	0.00410	0.00311	0.00104	0.00517	0.00258	0.00204	0.00616
82	0.11704	0.00826	0.01063	0.00825	0.01187	0.00744	0.00682	0.02225	0.01305	0.71675	0.01748	0.01531	0.01108	0.00575	0.00460	0.00148	0.00403	0.00456	0.00558	0.00780
83	0.00655	0.00495	0.00607	0.00583	0.00707	0.00451	0.00435	0.00871	0.02744	0.01739	0.57183	0.07232	0.22436	0.01049	0.00565	0.00155	0.00235	0.00914	0.00502	0.00443
84	0.00674	0.00488	0.00635	0.00598	0.00712	0.00450	0.00449	0.00896	0.01346	0.01901	0.78056	0.03596	0.06432	0.00983	0.00564	0.00151	0.00226	0.00868	0.00524	0.00450
85	0.01145	0.01004	0.01160	0.05852	0.09084	0.01142	0.00842	0.02277	0.63723	0.01880	0.01905	0.01817	0.04759	0.00641	0.00488	0.00160	0.00406	0.00543	0.00444	0.00728
86	0.01128	0.01289	0.02820	0.02015	0.02498	0.01209	0.78485	0.01531	0.01128	0.01531	0.00967	0.01289	0.00725	0.00403	0.00564	0.00161	0.00806	0.00564	0.00242	0.00645
87	0.00664	0.00484	0.00625	0.00599	0.00709	0.00444	0.00446	0.00875	0.01311	0.01839	0.71022	0.08557	0.08588	0.01022	0.00567	0.00154	0.00230	0.00903	0.00516	0.00444
88	0.01785	0.02278	0.01354	0.01231	0.01478	0.81284	0.00924	0.01909	0.01354	0.01170	0.00739	0.00862	0.00616	0.00493	0.00431	0.00123	0.00862	0.00308	0.00246	0.00554
89	0.01183	0.01136	0.01940	0.02934	0.80221	0.01136	0.01467	0.01467	0.01088	0.01562	0.00899	0.01183	0.00757	0.00426	0.00473	0.00142	0.00568	0.00426	0.00237	0.00757

[dist]
# distance from previous block
# <min> <max>
0	15

[block]
# block no. 1 follows, 53 sequences, length 17
# corresponding to MSA columns:
# 120-136
name=unknown_B
#
# <colnr> <probs for GDERKNQSTAVLIFYWHMCP>
#	G	D	E	R	K	N	Q	S	T	A	V	L	I	F	Y	W	H	M	C	P
0	0.00708	0.00494	0.00641	0.00606	0.00724	0.00453	0.00454	0.00920	0.01319	0.04068	0.70353	0.07491	0.07956	0.01003	0.00564	0.00153	0.00234	0.00885	0.00520	0.00456
1	0.62258	0.01043	0.00912	0.00764	0.01084	0.01190	0.00630	0.23562	0.01225	0.02393	0.00804	0.00883	0.00602	0.00481	0.00348	0.00147	0.00415	0.00308	0.00348	0.00602
2	0.25299	0.00598	0.00642	0.00692	0.00825	0.00624	0.00535	0.00955	0.00942	0.01540	0.02211	0.35293	0.08096	0.01132	0.00528	0.00184	0.00339	0.18723	0.00400	0.00439
3	0.00690	0.00471	0.00555	0.00544	0.00577	0.00460	0.00336	0.00754	0.00884	0.01211	0.24019	0.03255	0.02533	0.59610	0.01896	0.00374	0.00395	0.00744	0.00357	0.00336
4	0.25941	0.00902	0.00954	0.00815	0.01113	0.00967	0.00653	0.02052	0.29019	0.25267	0.06300	0.01557	0.01293	0.00593	0.00435	0.00153	0.00375	0.00462	0.00465	0.00686
5	0.01339	0.08916	0.45484	0.01216	0.01783	0.01068	0.06927	0.01742	0.01117	0.24159	0.01144	0.01186	0.00781	0.00486	0.00457	0.00147	0.00611	0.00397	0.00317	0.00725
6	0.00701	0.00590	0.00649	0.00563	0.00794	0.00476	0.00432	0.00861	0.01094	0.01445	0.12997	0.03437	0.47919	0.00936	0.00504	0.00134	0.00272	0.00783	0.00408	0.25005
7	0.62104	0.24614	0.01220	0.00683	0.01011	0.01307	0.00604	0.01413	0.00859	0.01852	0.00665	0.00774	0.00545	0.00434	0.00299	0.00135	0.00410	0.00258	0.00270	0.00545
8	0.01048	0.00900	0.01017	0.00784	0.01164	0.00795	0.00621	0.01587	0.23476	0.01684	0.01164	0.01218	0.00923	0.00438	0.00392	0.00097	0.00361	0.00357	0.00341	0.61630
9	0.00816	0.24276	0.01153	0.00748	0.00899	0.00848	0.00609	0.00943	0.00964	0.01230	0.02051	0.45455	0.02357	0.01153	0.00532	0.00172	0.00374	0.14583	0.00374	0.00462
10	0.01739	0.01300	0.01391	0.01084	0.01453	0.01446	0.00890	0.69236	0.11765	0.02887	0.01246	0.01226	0.00893	0.00583	0.00479	0.00146	0.00508	0.00444	0.00479	0.00806
11	0.00829	0.00458	0.00501	0.00490	0.00602	0.00447	0.00368	0.01053	0.01103	0.01821	0.24057	0.02295	0.02168	0.00677	0.00400	0.00123	0.00224	0.00566	0.61373	0.00447
12	0.00751	0.00458	0.00500	0.00500	0.00532	0.00458	0.00302	0.00815	0.00783	0.01172	0.01521	0.02742	0.01591	0.59489	0.01831	0.00362	0.00394	0.00623	0.24841	0.00334
13	0.00573	0.00485	0.00496	0.00493	0.00651	0.00407	0.00370	0.00702	0.01110	0.01339	0.10570	0.04521	0.74269	0.01193	0.00565	0.00161	0.00241	0.00998	0.00450	0.00407
14	0.01817	0.01339	0.01434	0.01100	0.01482	0.01482	0.00908	0.78627	0.02247	0.03012	0.01148	0.01148	0.00813	0.00574	0.00478	0.00143	0.00526	0.00430	0.00478	0.00813
15	0.00909	0.00818	0.01234	0.30039	0.10338	0.00998	0.00975	0.01079	0.00840	0.01156	0.00988	0.01740	0.00964	0.24297	0.01309	0.00257	0.20837	0.00501	0.00236	0.00484
16	0.01051	0.01095	0.01876	0.01480	0.01647	0.01326	0.26936	0.01260	0.00867	0.01275	0.00781	0.01178	0.00695	0.00858	0.06076	0.00227	0.50121	0.00473	0.00223	0.00558

[dist]
# distance from previous block
# <min> <max>
0	17

[block]
# block no. 2 follows, 53 sequences, length 24
# corresponding to MSA columns:
# 154-177
name=unknown_C
#
# <colnr> <probs for GDERKNQSTAVLIFYWHMCP>
#	G	D	E	R	K	N	Q	S	T	A	V	L	I	F	Y	W	H	M	C	P
0	0.01817	0.01339	0.01434	0.01100	0.01482	0.01482	0.00908	0.78627	0.02247	0.03012	0.01148	0.01148	0.00813	0.00574	0.00478	0.00143	0.00526	0.00430	0.00478	0.00813
1	0.00565	0.00484	0.00484	0.00484	0.00646	0.00403	0.00363	0.00686	0.01089	0.01291	0.04842	0.04600	0.80027	0.01210	0.00565	0.00161	0.00242	0.01009	0.00444	0.00403
2	0.00991	0.00850	0.00991	0.00708	0.01133	0.00637	0.00566	0.01203	0.00991	0.01557	0.00850	0.00991	0.00708	0.00354	0.00354	0.00071	0.00354	0.00283	0.00283	0.86124
3	0.01807	0.01028	0.03009	0.05541	0.01431	0.00988	0.00816	0.25803	0.04822	0.40165	0.01488	0.01396	0.00995	0.00558	0.00468	0.00141	0.00458	0.00444	0.00495	0.08144
4	0.01191	0.54550	0.27817	0.01008	0.01508	0.04261	0.01129	0.01474	0.00996	0.01252	0.00730	0.00848	0.00611	0.00426	0.00359	0.00119	0.00586	0.00289	0.00205	0.00642
5	0.00767	0.00549	0.00770	0.00876	0.00985	0.00552	0.00764	0.00985	0.01088	0.01419	0.02486	0.05266	0.02695	0.01401	0.03545	0.00240	0.00470	0.74268	0.00434	0.00440
6	0.01010	0.01904	0.46594	0.01598	0.05214	0.01108	0.27734	0.01471	0.01035	0.01488	0.00933	0.01231	0.00716	0.05132	0.00605	0.00172	0.00721	0.00447	0.00222	0.00664
7	0.00694	0.00467	0.00538	0.00538	0.00543	0.00472	0.00310	0.00706	0.00700	0.00939	0.01491	0.03045	0.01702	0.77909	0.07677	0.00484	0.00518	0.00683	0.00287	0.00299
8	0.01157	0.51016	0.01731	0.00694	0.00995	0.01360	0.00647	0.03865	0.01024	0.01422	0.01001	0.01143	0.00839	0.00467	0.00322	0.00107	0.00408	0.00329	0.30911	0.00560
9	0.01031	0.00875	0.01012	0.00733	0.01151	0.00690	0.00587	0.04383	0.03666	0.01631	0.00898	0.01024	0.00737	0.00373	0.00363	0.00077	0.00362	0.00298	0.00298	0.79812
10	0.01705	0.02171	0.04461	0.01208	0.01469	0.71502	0.00937	0.05052	0.01360	0.01262	0.00837	0.04201	0.00727	0.00535	0.00441	0.00128	0.00818	0.00357	0.00262	0.00564
11	0.15228	0.01157	0.02720	0.00929	0.01241	0.04057	0.00763	0.46420	0.01746	0.02502	0.11809	0.01553	0.02579	0.04534	0.00552	0.00160	0.00468	0.00478	0.00432	0.00673
12	0.01705	0.01946	0.01343	0.01188	0.01445	0.59596	0.02193	0.05534	0.09686	0.06218	0.00956	0.01035	0.00752	0.00531	0.00489	0.00134	0.03984	0.00358	0.00302	0.00604
13	0.00991	0.00850	0.00991	0.00708	0.01133	0.00637	0.00566	0.01203	0.00991	0.01557	0.00850	0.00991	0.00708	0.00354	0.00354	0.00071	0.00354	0.00283	0.00283	0.86124
14	0.01047	0.00890	0.01157	0.00837	0.01247	0.00717	0.06644	0.01269	0.01005	0.04496	0.00888	0.01040	0.00724	0.00386	0.00424	0.00086	0.03697	0.00318	0.00289	0.72839
15	0.00930	0.00483	0.00487	0.00473	0.00596	0.00489	0.00358	0.04357	0.01054	0.01833	0.01542	0.01755	0.01208	0.00558	0.00340	0.00113	0.00235	0.00445	0.82284	0.00461
16	0.00683	0.00509	0.00754	0.00754	0.00835	0.00590	0.00580	0.00845	0.00764	0.01099	0.01293	0.01949	0.01226	0.08104	0.76831	0.00751	0.01234	0.00522	0.00258	0.00419
17	0.01124	0.01076	0.01834	0.19537	0.64078	0.01120	0.01438	0.01415	0.01060	0.01490	0.00889	0.01202	0.00732	0.00437	0.00474	0.00146	0.00582	0.00426	0.00232	0.00710
18	0.01524	0.01216	0.01234	0.01030	0.01347	0.06698	0.00822	0.31031	0.40356	0.07141	0.01561	0.01473	0.01142	0.00606	0.00479	0.00152	0.00468	0.00480	0.00473	0.00767
19	0.01174	0.04358	0.07533	0.01878	0.37586	0.02032	0.04699	0.04546	0.02183	0.08454	0.09377	0.01823	0.06110	0.00601	0.00517	0.00149	0.02319	0.03659	0.00327	0.00676
20	0.01208	0.53683	0.20764	0.01012	0.01473	0.06508	0.03823	0.01464	0.01002	0.01233	0.00746	0.00886	0.00636	0.00533	0.03135	0.00140	0.00615	0.00302	0.00210	0.00626
21	0.06256	0.05146	0.69903	0.01288	0.01946	0.01150	0.01622	0.04614	0.01046	0.01599	0.00851	0.00992	0.00609	0.00457	0.00440	0.00149	0.00672	0.00347	0.00219	0.00696
22	0.01263	0.72455	0.10431	0.00887	0.01321	0.04533	0.00918	0.01456	0.00988	0.01166	0.00687	0.00795	0.00613	0.00416	0.00326	0.00108	0.00543	0.00267	0.00206	0.00621
23	0.00844	0.00685	0.03347	0.00676	0.00850	0.03439	0.00545	0.05751	0.01316	0.04965	0.43758	0.03417	0.19389	0.00956	0.00544	0.00154	0.00306	0.05123	0.03447	0.00489

[dist]
# distance from previous block
# <min> <max>
0	1

[block]
# block no. 3 follows, 53 sequences, length 35
# corresponding to MSA columns:
# 179-190,204-226
name=unknown_D
#
# <colnr> <probs for GDERKNQSTAVLIFYWHMCP>
#	G	D	E	R	K	N	Q	S	T	A	V	L	I	F	Y	W	H	M	C	P
0	0.00578	0.00486	0.00507	0.00505	0.00659	0.00415	0.00379	0.00708	0.01094	0.01327	0.09887	0.04410	0.71378	0.01297	0.04071	0.00187	0.00286	0.00977	0.00441	0.00408
1	0.01199	0.01235	0.02472	0.01800	0.02230	0.01210	0.61345	0.04563	0.07737	0.05038	0.01077	0.01327	0.00805	0.00462	0.00606	0.00163	0.05242	0.00545	0.00285	0.00661
2	0.04577	0.01210	0.08974	0.01465	0.01901	0.01038	0.39452	0.03034	0.06672	0.18896	0.03120	0.03001	0.00997	0.00504	0.00514	0.00155	0.00622	0.00527	0.00350	0.02990
3	0.10148	0.54566	0.21878	0.00934	0.01406	0.01610	0.01023	0.01449	0.00964	0.01329	0.00713	0.00828	0.00601	0.00424	0.00342	0.00119	0.00545	0.00280	0.00213	0.00627
4	0.05146	0.74242	0.02345	0.00838	0.01230	0.07267	0.00812	0.01463	0.00990	0.01173	0.00670	0.00774	0.00609	0.00416	0.00315	0.00106	0.00529	0.00259	0.00211	0.00605
5	0.00952	0.03447	0.58952	0.01367	0.08205	0.02367	0.01510	0.01416	0.01045	0.01527	0.09340	0.01335	0.01066	0.00669	0.04621	0.00181	0.00672	0.00420	0.00243	0.00665
6	0.00572	0.00481	0.00496	0.00500	0.00652	0.00405	0.00372	0.00696	0.01095	0.01321	0.08748	0.08570	0.72035	0.01213	0.00567	0.00162	0.00243	0.01019	0.00448	0.00405
7	0.00903	0.00850	0.01434	0.82054	0.03292	0.01062	0.01327	0.01221	0.00956	0.01221	0.00850	0.01274	0.00637	0.00478	0.00478	0.00159	0.00637	0.00425	0.00212	0.00531
8	0.00615	0.00430	0.00547	0.00632	0.00684	0.00400	0.00433	0.00723	0.00963	0.01313	0.06711	0.63804	0.09785	0.01363	0.00581	0.00182	0.00270	0.02534	0.07630	0.00398
9	0.01156	0.01109	0.01892	0.10437	0.72926	0.01129	0.01454	0.01444	0.01076	0.01529	0.00894	0.01192	0.00746	0.00431	0.00474	0.00144	0.00574	0.00426	0.00234	0.00736
10	0.00570	0.00484	0.00491	0.00489	0.00649	0.00406	0.00367	0.00695	0.01101	0.01318	0.08104	0.04555	0.76748	0.01200	0.00565	0.00161	0.00241	0.01002	0.00447	0.00406
11	0.00676	0.00489	0.00639	0.00601	0.00714	0.00451	0.00451	0.00902	0.01353	0.01917	0.79969	0.03570	0.04510	0.00977	0.00564	0.00150	0.00225	0.00864	0.00526	0.00451
12	0.86579	0.00924	0.00702	0.00629	0.00924	0.01072	0.00518	0.01405	0.00813	0.02144	0.00666	0.00776	0.00518	0.00444	0.00296	0.00148	0.00370	0.00259	0.00296	0.00518
13	0.01174	0.01012	0.01068	0.00965	0.01230	0.01170	0.00749	0.02495	0.77474	0.01981	0.01962	0.03731	0.01500	0.00669	0.00489	0.00163	0.00376	0.00560	0.00485	0.00748
14	0.00903	0.00850	0.01434	0.82054	0.03292	0.01062	0.01327	0.01221	0.00956	0.01221	0.00850	0.01274	0.00637	0.00478	0.00478	0.00159	0.00637	0.00425	0.00212	0.00531
15	0.00674	0.00488	0.00635	0.00598	0.00712	0.00450	0.00449	0.00897	0.01347	0.01902	0.78160	0.03595	0.06328	0.00983	0.00564	0.00151	0.00226	0.00868	0.00524	0.00450
16	0.01278	0.83490	0.02505	0.00818	0.01227	0.01891	0.00818	0.01431	0.00971	0.01125	0.00664	0.00767	0.00613	0.00409	0.00307	0.00102	0.00511	0.00256	0.00204	0.00613
17	0.01926	0.00843	0.01205	0.01140	0.12695	0.00752	0.00800	0.02127	0.01326	0.64844	0.05920	0.01666	0.01299	0.00588	0.00484	0.00147	0.00420	0.00493	0.00536	0.00786
18	0.01609	0.01453	0.01344	0.01277	0.09859	0.23960	0.00914	0.21564	0.21681	0.09537	0.01282	0.01280	0.00953	0.00556	0.00467	0.00143	0.00576	0.00428	0.00399	0.00719
19	0.38561	0.45475	0.03570	0.00748	0.01114	0.01515	0.00709	0.01422	0.00903	0.01580	0.00670	0.00777	0.00571	0.00425	0.00305	0.00123	0.00454	0.00259	0.00244	0.00574
20	0.00565	0.00484	0.00484	0.00484	0.00646	0.00403	0.00363	0.00686	0.01089	0.01291	0.04842	0.04600	0.80027	0.01210	0.00565	0.00161	0.00242	0.01009	0.00444	0.00403
21	0.00690	0.00470	0.00552	0.00542	0.00572	0.00460	0.00332	0.00750	0.00868	0.01188	0.22179	0.03244	0.02468	0.61539	0.01940	0.00381	0.00401	0.00740	0.00352	0.00332
22	0.01886	0.00822	0.01117	0.07677	0.01359	0.00770	0.00744	0.08413	0.01335	0.59762	0.01636	0.01541	0.01072	0.00683	0.00614	0.08423	0.00437	0.00465	0.00513	0.00731
23	0.00616	0.00479	0.00501	0.00497	0.00633	0.00418	0.00363	0.00745	0.01072	0.01363	0.12130	0.04116	0.58017	0.09025	0.00725	0.00185	0.00260	0.00917	0.07537	0.00401
24	0.64174	0.00905	0.00790	0.00692	0.00980	0.01013	0.00562	0.07850	0.00995	0.09687	0.00989	0.07794	0.00829	0.00557	0.00355	0.00151	0.00379	0.00387	0.00352	0.00560
25	0.01387	0.01091	0.01179	0.00968	0.01283	0.01195	0.00775	0.34248	0.32928	0.02380	0.09030	0.01622	0.01419	0.00624	0.00479	0.00146	0.00424	0.00504	0.00470	0.07846
26	0.00852	0.00725	0.08393	0.00784	0.00936	0.00576	0.00632	0.07441	0.01074	0.07993	0.02276	0.61380	0.02553	0.01244	0.00573	0.00182	0.00350	0.01111	0.00436	0.00490
27	0.00945	0.12213	0.08762	0.00936	0.01168	0.00866	0.00884	0.07554	0.01169	0.01528	0.01998	0.03980	0.02089	0.01049	0.00577	0.00191	0.00483	0.52700	0.00388	0.00521
28	0.01313	0.51841	0.07613	0.07801	0.01572	0.01658	0.05098	0.15272	0.01210	0.01520	0.00796	0.00922	0.00657	0.00447	0.00376	0.00121	0.00554	0.00324	0.00256	0.00650
29	0.01242	0.68749	0.09027	0.01067	0.08902	0.01753	0.00960	0.01442	0.00986	0.01199	0.00703	0.00827	0.00627	0.00414	0.00335	0.00110	0.00533	0.00280	0.00207	0.00635
30	0.00823	0.00704	0.00826	0.00802	0.00918	0.07343	0.00615	0.01101	0.08429	0.01261	0.07925	0.01978	0.01473	0.06085	0.56787	0.00592	0.01037	0.00535	0.00301	0.00466
31	0.00764	0.00625	0.07271	0.00741	0.00858	0.00478	0.00578	0.00896	0.00967	0.08882	0.02415	0.68262	0.02758	0.01323	0.00585	0.00186	0.00325	0.01191	0.00438	0.00456
32	0.62645	0.08020	0.01092	0.00817	0.01130	0.08864	0.07061	0.01457	0.00914	0.01910	0.02078	0.00875	0.00622	0.00451	0.00337	0.00143	0.00463	0.00299	0.00283	0.00539
33	0.00750	0.00575	0.00772	0.00878	0.06419	0.00589	0.00583	0.04192	0.01007	0.02723	0.04860	0.55107	0.09045	0.01256	0.00664	0.00183	0.07205	0.01100	0.01635	0.00456
34	0.00878	0.00672	0.00794	0.07511	0.01030	0.02307	0.00571	0.11522	0.01296	0.03273	0.31913	0.06928	0.18248	0.08888	0.01902	0.00193	0.00362	0.00780	0.00442	0.00488

[dist]
# distance from previous block
# <min> <max>
0	22

# created by:
# /home/cegg/simao/soft/augustus-3.2.1/scripts/msa2prfl.pl ./align_prep/EOG091G0MF6.fa
