[name]
unknown

[dist]
# distance from previous block
# <min> <max>
0	466

[block]
# block no. 0 follows, 50 sequences, length 7
# corresponding to MSA columns:
# 482-488
name=unknown_A
#
# <colnr> <probs for GDERKNQSTAVLIFYWHMCP>
#	G	D	E	R	K	N	Q	S	T	A	V	L	I	F	Y	W	H	M	C	P
0	0.06771	0.13164	0.07631	0.00926	0.01262	0.01016	0.00841	0.08985	0.01255	0.27286	0.01528	0.01960	0.01231	0.01143	0.12745	0.00256	0.00619	0.10285	0.00419	0.00676
1	0.01395	0.71154	0.05665	0.00892	0.01328	0.01851	0.00891	0.05135	0.01100	0.05589	0.00795	0.00878	0.00682	0.00447	0.00345	0.00113	0.00536	0.00292	0.00249	0.00665
2	0.01403	0.18163	0.11766	0.01289	0.13375	0.04240	0.01021	0.09658	0.01252	0.11935	0.01026	0.01118	0.00785	0.00468	0.00426	0.00123	0.00531	0.00366	0.00322	0.20734
3	0.05698	0.14705	0.51306	0.01143	0.01713	0.01177	0.01387	0.01495	0.01034	0.01594	0.00964	0.01123	0.00727	0.00482	0.00421	0.00143	0.00608	0.00362	0.13249	0.00669
4	0.00806	0.00734	0.00704	0.00777	0.00839	0.12681	0.00531	0.00894	0.01012	0.01248	0.02382	0.65559	0.02812	0.05653	0.00707	0.00206	0.00393	0.01213	0.00423	0.00426
5	0.01188	0.14834	0.39463	0.01219	0.01730	0.03416	0.04610	0.01573	0.01108	0.09740	0.01238	0.01790	0.01046	0.00629	0.00520	0.00161	0.02793	0.11970	0.00295	0.00678
6	0.01501	0.03381	0.18800	0.03947	0.03312	0.02758	0.03336	0.01813	0.03352	0.35034	0.02128	0.02036	0.15036	0.00681	0.00507	0.00157	0.00502	0.00561	0.00442	0.00716

[dist]
# distance from previous block
# <min> <max>
0	13

[block]
# block no. 1 follows, 50 sequences, length 11
# corresponding to MSA columns:
# 502-512
name=unknown_B
#
# <colnr> <probs for GDERKNQSTAVLIFYWHMCP>
#	G	D	E	R	K	N	Q	S	T	A	V	L	I	F	Y	W	H	M	C	P
0	0.00621	0.00492	0.00589	0.00621	0.00734	0.00460	0.00455	0.00747	0.01013	0.01285	0.03610	0.25430	0.41393	0.01883	0.17972	0.00315	0.00498	0.01040	0.00420	0.00422
1	0.00883	0.00822	0.01312	0.58900	0.07519	0.00963	0.01175	0.01168	0.01036	0.01311	0.01794	0.02077	0.17735	0.00661	0.00518	0.00165	0.00570	0.00575	0.00276	0.00539
2	0.01582	0.01048	0.01767	0.10057	0.25839	0.01016	0.14319	0.01895	0.03457	0.31804	0.01374	0.01460	0.00964	0.00519	0.00514	0.00156	0.00572	0.00494	0.00396	0.00768
3	0.01044	0.01121	0.05982	0.13980	0.16695	0.01049	0.30969	0.01344	0.01037	0.01415	0.01093	0.01723	0.00972	0.18275	0.00974	0.00232	0.00684	0.00557	0.00255	0.00599
4	0.19429	0.00903	0.01329	0.63760	0.02896	0.01110	0.01201	0.01315	0.00964	0.01483	0.00844	0.01216	0.00637	0.00491	0.00457	0.00164	0.00604	0.00405	0.00240	0.00551
5	0.00694	0.00491	0.00639	0.00725	0.00779	0.00475	0.00531	0.00808	0.00972	0.01277	0.02543	0.38154	0.05640	0.19080	0.01064	0.00271	0.00383	0.24648	0.00427	0.00400
6	0.07523	0.00918	0.01317	0.18425	0.01808	0.00908	0.05120	0.05651	0.01324	0.49483	0.01556	0.01514	0.01019	0.00569	0.00492	0.00157	0.00503	0.00475	0.00484	0.00754
7	0.01046	0.01642	0.33528	0.01455	0.01965	0.01025	0.26987	0.01481	0.01187	0.04896	0.17977	0.01758	0.01583	0.00580	0.00538	0.00161	0.00650	0.00564	0.00315	0.00662
8	0.00689	0.00498	0.00669	0.00776	0.00851	0.00478	0.00602	0.00839	0.01049	0.01371	0.02856	0.44444	0.08226	0.01463	0.00655	0.00212	0.00359	0.33073	0.00461	0.00429
9	0.01119	0.01176	0.02284	0.12067	0.07140	0.01107	0.46326	0.01477	0.01120	0.01563	0.00962	0.01268	0.00743	0.00421	0.00523	0.00146	0.00700	0.00497	0.00257	0.19107
10	0.28339	0.01148	0.03458	0.01083	0.01472	0.01161	0.12616	0.20358	0.03858	0.20015	0.01203	0.01229	0.00840	0.00531	0.00453	0.00156	0.00514	0.00427	0.00420	0.00719

[dist]
# distance from previous block
# <min> <max>
1	22

[block]
# block no. 2 follows, 50 sequences, length 74
# corresponding to MSA columns:
# 557-630
name=unknown_C
#
# <colnr> <probs for GDERKNQSTAVLIFYWHMCP>
#	G	D	E	R	K	N	Q	S	T	A	V	L	I	F	Y	W	H	M	C	P
0	0.01071	0.01918	0.43521	0.01592	0.02186	0.01128	0.28845	0.01550	0.01114	0.03654	0.01202	0.01530	0.03757	0.00530	0.00530	0.00165	0.00734	0.04023	0.00257	0.00692
1	0.01130	0.08369	0.61749	0.01471	0.07656	0.01193	0.02886	0.01628	0.01083	0.06945	0.00958	0.01096	0.00687	0.00477	0.00467	0.00153	0.00691	0.00379	0.00242	0.00740
2	0.01314	0.01144	0.07953	0.15741	0.09608	0.02926	0.20113	0.02518	0.01166	0.18488	0.01310	0.04580	0.01026	0.00818	0.06838	0.00214	0.00692	0.02540	0.00340	0.00672
3	0.01148	0.01013	0.04652	0.12372	0.29854	0.00964	0.09418	0.01439	0.01148	0.09049	0.04174	0.06474	0.01444	0.00711	0.00550	0.00171	0.00566	0.13857	0.00338	0.00659
4	0.01290	0.01318	0.06670	0.20681	0.05554	0.07420	0.28706	0.01588	0.01173	0.08297	0.01235	0.04515	0.02609	0.00607	0.00637	0.00180	0.05978	0.00559	0.00310	0.00673
5	0.01209	0.01137	0.07874	0.32962	0.10560	0.01076	0.19929	0.01549	0.01120	0.12808	0.01149	0.04401	0.00879	0.00529	0.00524	0.00164	0.00657	0.00518	0.00297	0.00658
6	0.01189	0.04728	0.26729	0.01475	0.03602	0.01059	0.25479	0.01580	0.01161	0.11529	0.02711	0.01971	0.03598	0.00623	0.00541	0.00168	0.00659	0.10200	0.00322	0.00678
7	0.01250	0.09934	0.41263	0.01363	0.04582	0.04271	0.08000	0.01774	0.08569	0.10582	0.01156	0.01316	0.00858	0.00523	0.00480	0.00155	0.00651	0.02247	0.00299	0.00728
8	0.01079	0.17037	0.57722	0.01389	0.02045	0.01317	0.09651	0.01565	0.01058	0.01507	0.00870	0.01037	0.00646	0.00459	0.00458	0.00150	0.00711	0.00373	0.00215	0.00712
9	0.00843	0.00581	0.00784	0.00863	0.00987	0.00574	0.00733	0.01077	0.02941	0.04513	0.03902	0.08078	0.07520	0.05023	0.00751	0.00231	0.00434	0.59234	0.00461	0.00470
10	0.01103	0.01044	0.01757	0.25823	0.50995	0.01105	0.01402	0.01401	0.01106	0.01530	0.04380	0.01492	0.03668	0.00513	0.00502	0.00154	0.00586	0.00484	0.00260	0.00694
11	0.01728	0.02153	0.01432	0.01288	0.01501	0.66817	0.00985	0.01854	0.01300	0.01216	0.00750	0.00932	0.00644	0.00576	0.00655	0.00144	0.14861	0.00341	0.00250	0.00572
12	0.07441	0.01299	0.01483	0.01175	0.01531	0.08299	0.10391	0.34952	0.12099	0.08212	0.05363	0.01513	0.01160	0.00609	0.00502	0.00155	0.00556	0.02070	0.00445	0.00745
13	0.00756	0.00544	0.00608	0.00606	0.00783	0.00472	0.00480	0.00905	0.01161	0.07553	0.04390	0.04695	0.59840	0.01231	0.00599	0.00178	0.00302	0.13962	0.00474	0.00461
14	0.00607	0.00434	0.00578	0.00694	0.00723	0.00405	0.00463	0.00694	0.00954	0.01272	0.02747	0.82157	0.03297	0.01562	0.00636	0.00202	0.00289	0.01417	0.00463	0.00405
15	0.01783	0.01128	0.01405	0.01098	0.01469	0.01173	0.06876	0.30724	0.16902	0.27135	0.03903	0.01573	0.01210	0.00618	0.00511	0.00157	0.00492	0.00512	0.00520	0.00811
16	0.04373	0.01330	0.02858	0.02046	0.02543	0.01255	0.74660	0.01592	0.01164	0.01621	0.00997	0.01324	0.00748	0.00422	0.00578	0.00168	0.00823	0.00576	0.00254	0.00667
17	0.00735	0.00518	0.00636	0.00608	0.00747	0.00463	0.00455	0.00926	0.01299	0.05318	0.48562	0.09593	0.26073	0.01110	0.00588	0.00163	0.00253	0.00964	0.00521	0.00469
18	0.00607	0.00434	0.00578	0.00694	0.00723	0.00405	0.00463	0.00694	0.00954	0.01272	0.02747	0.82157	0.03297	0.01562	0.00636	0.00202	0.00289	0.01417	0.00463	0.00405
19	0.01386	0.55784	0.06259	0.00950	0.01367	0.03572	0.00910	0.11271	0.11373	0.01563	0.00944	0.01004	0.00781	0.00485	0.00378	0.00123	0.00536	0.00335	0.00289	0.00689
20	0.01179	0.01337	0.02899	0.02145	0.06105	0.01257	0.74097	0.01594	0.01175	0.01598	0.01005	0.01339	0.00758	0.00421	0.00584	0.00167	0.00829	0.00582	0.00252	0.00678
21	0.01611	0.10520	0.13087	0.01203	0.03286	0.07874	0.06486	0.27577	0.01580	0.13265	0.01127	0.01176	0.00815	0.00521	0.00467	0.00140	0.00592	0.00411	0.00382	0.07880
22	0.02236	0.00848	0.01157	0.00887	0.01272	0.00733	0.00733	0.02429	0.01427	0.79719	0.01966	0.01697	0.01234	0.00617	0.00501	0.00154	0.00424	0.00501	0.00617	0.00848
23	0.00941	0.00886	0.01495	0.81285	0.03433	0.01107	0.01384	0.01274	0.00997	0.01274	0.00886	0.01329	0.00664	0.00498	0.00498	0.00166	0.00664	0.00443	0.00221	0.00554
24	0.07529	0.00876	0.01143	0.00882	0.01263	0.00788	0.00728	0.05205	0.01425	0.71925	0.01857	0.01622	0.01175	0.00606	0.00489	0.00154	0.00426	0.00485	0.00593	0.00829
25	0.00941	0.00886	0.01495	0.81285	0.03433	0.01107	0.01384	0.01274	0.00997	0.01274	0.00886	0.01329	0.00664	0.00498	0.00498	0.00166	0.00664	0.00443	0.00221	0.00554
26	0.00607	0.00434	0.00578	0.00694	0.00723	0.00405	0.00463	0.00694	0.00954	0.01272	0.02747	0.82157	0.03297	0.01562	0.00636	0.00202	0.00289	0.01417	0.00463	0.00405
27	0.01884	0.01982	0.01398	0.01205	0.01505	0.53345	0.00931	0.20760	0.01638	0.07897	0.00984	0.01051	0.00750	0.00544	0.00464	0.00135	0.00764	0.00369	0.01729	0.00664
28	0.01438	0.01434	0.01214	0.01095	0.01366	0.24019	0.00853	0.08484	0.43956	0.01876	0.01647	0.01826	0.01319	0.00678	0.00504	0.00161	0.00557	0.06435	0.00431	0.00707
29	0.00601	0.00459	0.00552	0.00626	0.00705	0.00411	0.00433	0.00702	0.01020	0.01299	0.03575	0.54345	0.30575	0.01454	0.00619	0.00190	0.00276	0.01286	0.00463	0.00411
30	0.06785	0.01060	0.07472	0.03180	0.16142	0.00937	0.00991	0.10128	0.01338	0.29503	0.01608	0.04823	0.01290	0.00690	0.00512	0.00164	0.00494	0.10262	0.01892	0.00730
31	0.00637	0.00469	0.00602	0.00683	0.00753	0.00433	0.00489	0.00762	0.01053	0.01386	0.11194	0.53299	0.15048	0.01437	0.00630	0.00195	0.00297	0.09742	0.00471	0.00420
32	0.20439	0.00861	0.00927	0.00794	0.01052	0.00911	0.00632	0.13119	0.11219	0.11962	0.30096	0.02190	0.02338	0.00735	0.00490	0.00156	0.00361	0.00597	0.00490	0.00631
33	0.01217	0.01167	0.01993	0.07560	0.75004	0.01180	0.01521	0.01515	0.01127	0.01608	0.00935	0.01239	0.00782	0.00447	0.00494	0.00149	0.00596	0.00444	0.00245	0.00776
34	0.01034	0.00886	0.01034	0.00738	0.01181	0.00664	0.00591	0.01255	0.01034	0.01624	0.00886	0.01034	0.00738	0.00369	0.00369	0.00074	0.00369	0.00295	0.00295	0.85530
35	0.01049	0.14511	0.68401	0.01336	0.02027	0.01279	0.01695	0.01566	0.01046	0.01518	0.00865	0.01015	0.00633	0.00467	0.00451	0.00150	0.00706	0.00353	0.00211	0.00722
36	0.01185	0.01120	0.01868	0.02780	0.69611	0.01125	0.01412	0.01515	0.04646	0.01621	0.01130	0.07644	0.01021	0.00543	0.00505	0.00153	0.00559	0.00526	0.00276	0.00759
37	0.27627	0.00901	0.01029	0.00822	0.01177	0.00884	0.00677	0.05290	0.02335	0.49800	0.03603	0.01462	0.01103	0.00581	0.00445	0.00154	0.00412	0.00440	0.00515	0.00744
38	0.01310	0.01265	0.08152	0.10969	0.40327	0.02265	0.14940	0.01639	0.01162	0.11511	0.01070	0.01304	0.00812	0.00471	0.00510	0.00155	0.00639	0.00469	0.00289	0.00743
39	0.01135	0.00681	0.00925	0.00969	0.04368	0.00662	0.00757	0.06486	0.01251	0.16841	0.03958	0.19183	0.02445	0.01164	0.00618	0.00199	0.00426	0.36880	0.00486	0.00565
40	0.00814	0.00531	0.00682	0.00637	0.00769	0.00485	0.00474	0.01018	0.01332	0.07989	0.59729	0.07191	0.09658	0.05641	0.00694	0.00178	0.00268	0.00894	0.00530	0.00484
41	0.00967	0.02415	0.73638	0.01348	0.02040	0.01099	0.01726	0.01510	0.01059	0.01560	0.01222	0.01348	0.06826	0.00536	0.00483	0.00159	0.00698	0.00422	0.00230	0.00712
42	0.08754	0.03297	0.02905	0.04127	0.01695	0.55760	0.10243	0.04859	0.01347	0.01434	0.00815	0.00973	0.00656	0.00499	0.00457	0.00138	0.00818	0.00358	0.00267	0.00600
43	0.00862	0.00624	0.00848	0.00902	0.01030	0.00653	0.00762	0.07036	0.01161	0.01543	0.02259	0.07825	0.02391	0.01814	0.17254	0.00341	0.00641	0.51147	0.00422	0.00484
44	0.00622	0.00460	0.00581	0.00648	0.00718	0.00420	0.00449	0.00742	0.01069	0.01417	0.16984	0.54165	0.17077	0.01410	0.00619	0.00188	0.00273	0.01259	0.00478	0.00420
45	0.00628	0.00485	0.00541	0.00566	0.00689	0.00425	0.00410	0.00764	0.01117	0.01437	0.13135	0.24526	0.45866	0.01269	0.00587	0.00173	0.00259	0.01093	0.05607	0.00425
46	0.01270	0.01343	0.02169	0.25486	0.02609	0.12140	0.37753	0.06493	0.01236	0.03186	0.00971	0.01276	0.00729	0.00472	0.00535	0.00161	0.00768	0.00497	0.00267	0.00639
47	0.00803	0.00574	0.00803	0.00918	0.01033	0.00574	0.00803	0.01033	0.01147	0.01492	0.02639	0.05622	0.02869	0.01377	0.00688	0.00229	0.00459	0.76018	0.00459	0.00459
48	0.03537	0.00868	0.01147	0.00893	0.01269	0.00779	0.00734	0.02431	0.07494	0.72320	0.01950	0.01695	0.01245	0.00619	0.00499	0.00155	0.00421	0.00502	0.00603	0.00839
49	0.07800	0.01151	0.02119	0.33594	0.04017	0.02852	0.36977	0.02699	0.01102	0.01536	0.00932	0.01283	0.00702	0.00460	0.00524	0.00165	0.00727	0.00495	0.00248	0.00617
50	0.07812	0.00903	0.01132	0.14414	0.03220	0.01012	0.02583	0.14364	0.15196	0.01822	0.01558	0.02401	0.01414	0.10791	0.05540	0.00250	0.00558	0.14048	0.00383	0.00599
51	0.83478	0.00962	0.00755	0.03049	0.01037	0.01118	0.00565	0.01460	0.00853	0.02208	0.00700	0.00825	0.00544	0.00464	0.00314	0.00155	0.00394	0.00275	0.00306	0.00540
52	0.01149	0.01282	0.02732	0.11986	0.05169	0.01239	0.65645	0.01554	0.01153	0.01557	0.00991	0.01339	0.00746	0.00431	0.00574	0.00167	0.00810	0.00566	0.00248	0.00661
53	0.00715	0.00551	0.00632	0.00638	0.00769	0.00511	0.00466	0.06813	0.01208	0.01556	0.14576	0.31018	0.36164	0.01278	0.00598	0.00177	0.00286	0.01109	0.00478	0.00456
54	0.23754	0.01009	0.01338	0.12014	0.01666	0.02867	0.12764	0.07829	0.01189	0.11237	0.04441	0.01559	0.01051	0.00564	0.00462	0.00153	0.00519	0.05015	0.01751	0.08817
55	0.51415	0.03615	0.06411	0.00830	0.01167	0.05548	0.00725	0.13140	0.02984	0.02219	0.07005	0.01145	0.00953	0.00535	0.00384	0.00151	0.00456	0.00363	0.00349	0.00606
56	0.01201	0.01175	0.02077	0.10008	0.64019	0.01186	0.09941	0.01514	0.01127	0.01593	0.00941	0.01255	0.00775	0.00446	0.00504	0.00152	0.00626	0.00460	0.00245	0.00755
57	0.00617	0.00476	0.00566	0.00619	0.00718	0.00425	0.00443	0.00741	0.01082	0.01382	0.11026	0.39381	0.34801	0.01378	0.00614	0.00185	0.00276	0.04378	0.00471	0.00420
58	0.38234	0.13587	0.01301	0.00888	0.01234	0.06534	0.00746	0.22630	0.07050	0.02248	0.00936	0.00998	0.00719	0.00514	0.00386	0.00145	0.00487	0.00344	0.00358	0.00661
59	0.01076	0.21063	0.62087	0.01290	0.01955	0.01345	0.01614	0.01559	0.01043	0.01485	0.00848	0.00994	0.00633	0.00463	0.00438	0.00146	0.00690	0.00345	0.00211	0.00714
60	0.02958	0.06416	0.13046	0.01583	0.13118	0.07507	0.15050	0.15973	0.06194	0.11552	0.01156	0.01257	0.00847	0.00513	0.00493	0.00152	0.00634	0.00451	0.00351	0.00749
61	0.20709	0.11324	0.28937	0.01307	0.01814	0.01300	0.17824	0.05294	0.01081	0.01749	0.00855	0.01039	0.00650	0.00475	0.00487	0.00155	0.03691	0.00388	0.00257	0.00664
62	0.00619	0.00439	0.00575	0.00679	0.00705	0.00413	0.00446	0.00697	0.00931	0.01241	0.02627	0.74095	0.03145	0.09831	0.00830	0.00231	0.00309	0.01346	0.00446	0.00394
63	0.00774	0.00674	0.00893	0.07348	0.14121	0.00647	0.00685	0.01019	0.04453	0.01539	0.17487	0.03605	0.42894	0.00995	0.00562	0.00163	0.00345	0.00854	0.00425	0.00518
64	0.25944	0.03817	0.20201	0.01367	0.11114	0.05264	0.06272	0.09305	0.05334	0.01916	0.00918	0.01069	0.00704	0.00506	0.00487	0.00156	0.04274	0.00380	0.00294	0.00676
65	0.00598	0.00470	0.00541	0.00597	0.00697	0.00413	0.00420	0.00705	0.01048	0.01311	0.03931	0.42396	0.42294	0.01408	0.00612	0.00185	0.00270	0.01229	0.00463	0.00413
66	0.00607	0.00434	0.00578	0.00694	0.00723	0.00405	0.00463	0.00694	0.00954	0.01272	0.02747	0.82157	0.03297	0.01562	0.00636	0.00202	0.00289	0.01417	0.00463	0.00405
67	0.04605	0.02489	0.75251	0.01400	0.02114	0.01158	0.03059	0.01574	0.01046	0.01607	0.00888	0.01047	0.00630	0.00472	0.00468	0.00158	0.00724	0.00368	0.00215	0.00727
68	0.01361	0.01332	0.05451	0.15927	0.28132	0.05296	0.12300	0.20569	0.01429	0.01917	0.00993	0.01232	0.00763	0.00494	0.00506	0.00154	0.00652	0.00456	0.00305	0.00733
69	0.00681	0.00499	0.00639	0.00624	0.00735	0.00457	0.00460	0.00887	0.01325	0.01841	0.61968	0.13891	0.11910	0.01113	0.00594	0.00164	0.00244	0.00983	0.00529	0.00457
70	0.04963	0.01768	0.01461	0.01204	0.01543	0.33414	0.02793	0.40829	0.03522	0.02271	0.01019	0.01080	0.00765	0.00556	0.00474	0.00142	0.00688	0.00396	0.00388	0.00722
71	0.01294	0.03531	0.21515	0.06658	0.04934	0.01205	0.31831	0.10267	0.01290	0.09050	0.02841	0.01324	0.00862	0.00491	0.00526	0.00160	0.00702	0.00495	0.00308	0.00716
72	0.01252	0.01303	0.02547	0.02024	0.11346	0.01258	0.55133	0.09182	0.04558	0.01775	0.01058	0.01328	0.00801	0.00450	0.00557	0.00161	0.00747	0.00546	0.00288	0.03685
73	0.01194	0.00942	0.01093	0.01072	0.05244	0.01037	0.00812	0.07289	0.43907	0.05454	0.05611	0.04122	0.03092	0.00840	0.00550	0.00178	0.00418	0.15954	0.00489	0.00701

[dist]
# distance from previous block
# <min> <max>
3	6

[block]
# block no. 3 follows, 50 sequences, length 13
# corresponding to MSA columns:
# 639-642,653-661
name=unknown_D
#
# <colnr> <probs for GDERKNQSTAVLIFYWHMCP>
#	G	D	E	R	K	N	Q	S	T	A	V	L	I	F	Y	W	H	M	C	P
0	0.00705	0.00510	0.00666	0.00627	0.00745	0.00470	0.00470	0.00941	0.01411	0.01999	0.79110	0.03723	0.04703	0.01019	0.00588	0.00157	0.00235	0.00901	0.00549	0.00470
1	0.01234	0.01176	0.01958	0.02910	0.73664	0.01188	0.01476	0.01612	0.06790	0.01662	0.01017	0.01279	0.00843	0.00461	0.00494	0.00150	0.00578	0.00453	0.00266	0.00789
2	0.00697	0.00475	0.00569	0.00595	0.00608	0.00474	0.00360	0.00729	0.00783	0.01050	0.01826	0.21372	0.02117	0.58568	0.07297	0.00440	0.00495	0.00872	0.00337	0.00335
3	0.01439	0.37650	0.04029	0.01061	0.01419	0.22768	0.03362	0.01898	0.18993	0.01420	0.01037	0.01095	0.00847	0.00508	0.00410	0.00130	0.00614	0.00363	0.00294	0.00661
4	0.01240	0.00877	0.01417	0.62741	0.02935	0.01021	0.01234	0.01540	0.01096	0.19367	0.01135	0.01414	0.00796	0.00526	0.00499	0.00163	0.00609	0.00456	0.00313	0.00622
5	0.00955	0.01276	0.19579	0.62864	0.03139	0.01119	0.01490	0.01344	0.01010	0.01344	0.00888	0.01265	0.00657	0.00493	0.00493	0.00164	0.00681	0.00426	0.00219	0.00596
6	0.01202	0.01274	0.01551	0.43083	0.18334	0.19408	0.01281	0.01473	0.01111	0.01328	0.00891	0.01240	0.00712	0.00645	0.04289	0.00184	0.00736	0.00419	0.00237	0.00602
7	0.01372	0.01135	0.19170	0.04743	0.01401	0.00760	0.00931	0.01675	0.01315	0.31713	0.27727	0.02215	0.02240	0.00714	0.00524	0.00156	0.00444	0.00603	0.00481	0.00681
8	0.04924	0.00809	0.01174	0.01353	0.19132	0.00776	0.00883	0.01601	0.01185	0.28285	0.01862	0.08456	0.01676	0.04779	0.02498	0.00205	0.00484	0.18809	0.00446	0.00660
9	0.00889	0.29836	0.03630	0.00774	0.00980	0.00997	0.00659	0.01028	0.01003	0.01265	0.02108	0.40584	0.07303	0.01093	0.00519	0.00167	0.00398	0.05897	0.00366	0.00503
10	0.01508	0.35219	0.02082	0.01466	0.19386	0.01640	0.01042	0.28419	0.01511	0.01973	0.00927	0.01040	0.00748	0.00491	0.00423	0.00131	0.00552	0.00372	0.00322	0.00748
11	0.01423	0.41539	0.02136	0.01422	0.19330	0.01636	0.01012	0.19775	0.01350	0.01743	0.00901	0.01081	0.00765	0.03345	0.00480	0.00140	0.00549	0.00367	0.00293	0.00712
12	0.01306	0.35694	0.16362	0.01496	0.19465	0.01537	0.01185	0.11851	0.01220	0.01613	0.00882	0.01077	0.00738	0.03028	0.00482	0.00143	0.00584	0.00365	0.00262	0.00710

[dist]
# distance from previous block
# <min> <max>
0	914

# created by:
# /home/cegg/simao/soft/augustus-3.2.1/scripts/msa2prfl.pl ./align_prep/EOG091G0XYP.fa
