[name]
unknown

[dist]
# distance from previous block
# <min> <max>
4	49

[block]
# block no. 0 follows, 55 sequences, length 38
# corresponding to MSA columns:
# 56-81,87-98
name=unknown_A
#
# <colnr> <probs for GDERKNQSTAVLIFYWHMCP>
#	G	D	E	R	K	N	Q	S	T	A	V	L	I	F	Y	W	H	M	C	P
0	0.02916	0.00840	0.00997	0.00819	0.01106	0.02325	0.00659	0.13231	0.09752	0.33949	0.13352	0.04990	0.04218	0.00693	0.00482	0.00145	0.00380	0.03190	0.00496	0.05457
1	0.58862	0.11253	0.05204	0.00735	0.01068	0.01187	0.00655	0.10405	0.02725	0.03245	0.00757	0.00842	0.00583	0.00449	0.00325	0.00138	0.00412	0.00285	0.00301	0.00568
2	0.63921	0.06782	0.07453	0.05029	0.01208	0.01101	0.04356	0.01391	0.00850	0.03392	0.00708	0.00838	0.00545	0.00433	0.00326	0.00142	0.00430	0.00286	0.00273	0.00537
3	0.09085	0.00866	0.01041	0.03040	0.02664	0.00818	0.02976	0.13628	0.03925	0.11422	0.13432	0.01559	0.03188	0.00543	0.00425	0.00119	0.00382	0.00446	0.00386	0.30053
4	0.05280	0.00597	0.00832	0.00992	0.07391	0.00603	0.00776	0.01018	0.01068	0.01463	0.06184	0.04593	0.02494	0.01153	0.00605	0.00201	0.00424	0.63461	0.00409	0.00458
5	0.01250	0.78264	0.02388	0.00901	0.04935	0.03544	0.00828	0.01405	0.00959	0.01115	0.00659	0.00767	0.00604	0.00401	0.00309	0.00102	0.00508	0.00258	0.00201	0.00602
6	0.00617	0.00462	0.00573	0.00570	0.00676	0.00417	0.00418	0.00789	0.01182	0.01605	0.49222	0.17909	0.21666	0.01093	0.00557	0.00156	0.00232	0.00959	0.00479	0.00417
7	0.01567	0.01916	0.01419	0.01299	0.05199	0.61366	0.07647	0.01812	0.07611	0.01246	0.00866	0.01028	0.00715	0.02434	0.01770	0.00145	0.00780	0.00357	0.00259	0.00564
8	0.01232	0.01154	0.06806	0.01103	0.01436	0.01167	0.10426	0.12231	0.51377	0.04230	0.01640	0.01578	0.02283	0.00585	0.00480	0.00154	0.00459	0.00507	0.00426	0.00724
9	0.02087	0.00792	0.01080	0.00828	0.01188	0.00684	0.00684	0.02267	0.01332	0.81071	0.01835	0.01583	0.01152	0.00576	0.00468	0.00144	0.00396	0.00468	0.00576	0.00792
10	0.00577	0.00415	0.00549	0.00649	0.00687	0.00387	0.00444	0.00669	0.00916	0.01216	0.04433	0.74627	0.06254	0.01426	0.00593	0.00188	0.00275	0.04880	0.00434	0.00382
11	0.01093	0.01199	0.02491	0.04793	0.14125	0.01136	0.61277	0.01456	0.01081	0.01485	0.00922	0.01226	0.00707	0.00396	0.00524	0.00150	0.00724	0.00512	0.00235	0.04467
12	0.00946	0.04408	0.77038	0.01331	0.02005	0.01102	0.03899	0.01472	0.00985	0.01464	0.00833	0.00984	0.00593	0.00439	0.00441	0.00146	0.00686	0.00347	0.00198	0.00684
13	0.00658	0.00476	0.00622	0.00585	0.00695	0.00439	0.00439	0.00878	0.01317	0.01866	0.80503	0.03475	0.04390	0.00951	0.00549	0.00146	0.00219	0.00841	0.00512	0.00439
14	0.00571	0.00408	0.00545	0.00653	0.00681	0.00382	0.00439	0.00655	0.00895	0.01192	0.02562	0.81540	0.03068	0.01454	0.00595	0.00190	0.00274	0.03087	0.00432	0.00379
15	0.01151	0.01105	0.01888	0.02855	0.80748	0.01105	0.01428	0.01428	0.01059	0.01520	0.00875	0.01151	0.00737	0.00415	0.00461	0.00138	0.00553	0.00415	0.00230	0.00737
16	0.05479	0.01145	0.04916	0.01119	0.06946	0.10594	0.05211	0.05854	0.33749	0.01716	0.03005	0.04135	0.07683	0.00677	0.00481	0.00154	0.00471	0.05648	0.00385	0.00633
17	0.01922	0.00925	0.01149	0.00886	0.01237	0.00893	0.00730	0.24693	0.01581	0.54218	0.05601	0.01543	0.01210	0.00590	0.00471	0.00143	0.00421	0.00472	0.00540	0.00774
18	0.00686	0.00490	0.00623	0.00681	0.00748	0.00477	0.00480	0.07035	0.01041	0.01407	0.08989	0.64685	0.02942	0.01314	0.00576	0.00181	0.00291	0.04516	0.02419	0.00420
19	0.00671	0.00612	0.02217	0.04829	0.04614	0.00578	0.00549	0.00849	0.02765	0.01324	0.08008	0.03629	0.55316	0.01022	0.00612	0.00159	0.06951	0.02015	0.02838	0.00442
20	0.01162	0.01073	0.01335	0.07714	0.01378	0.08067	0.00965	0.03062	0.05004	0.06953	0.00834	0.01125	0.00715	0.00716	0.01152	0.00181	0.54409	0.00410	0.03195	0.00548
21	0.11514	0.59667	0.03432	0.07406	0.01348	0.05816	0.00820	0.01419	0.00955	0.03073	0.00696	0.00816	0.00600	0.00417	0.00323	0.00112	0.00510	0.00272	0.00221	0.00582
22	0.73833	0.00967	0.00750	0.00664	0.00945	0.05251	0.00540	0.05292	0.00916	0.02069	0.04711	0.00916	0.00720	0.00467	0.00317	0.00143	0.00385	0.00293	0.00306	0.00517
23	0.00573	0.00415	0.00542	0.00631	0.00673	0.00384	0.00427	0.00668	0.00937	0.01249	0.09179	0.71425	0.08384	0.01397	0.00587	0.00183	0.00263	0.01260	0.00439	0.00384
24	0.01623	0.00700	0.00934	0.00751	0.01030	0.00622	0.00606	0.03621	0.01338	0.53595	0.25152	0.02138	0.02105	0.00686	0.00488	0.00144	0.00341	0.00577	0.02873	0.00677
25	0.00965	0.00933	0.01470	0.42355	0.12453	0.01187	0.01209	0.01194	0.00867	0.01206	0.00754	0.01147	0.00632	0.00587	0.00855	0.00171	0.30856	0.00411	0.00209	0.00542
26	0.86937	0.00900	0.00684	0.00612	0.00900	0.01044	0.00504	0.01368	0.00792	0.02087	0.00648	0.00756	0.00504	0.00432	0.00288	0.00144	0.00360	0.00252	0.00288	0.00504
27	0.00598	0.00442	0.00525	0.00578	0.00668	0.00392	0.00405	0.00697	0.00973	0.03214	0.03449	0.48166	0.35583	0.01318	0.00572	0.00174	0.00259	0.01158	0.00436	0.00394
28	0.00988	0.00984	0.01410	0.32751	0.01998	0.03986	0.01120	0.01171	0.00817	0.01147	0.00698	0.01098	0.00614	0.00668	0.01078	0.00182	0.48165	0.00406	0.00206	0.00513
29	0.00950	0.02286	0.73050	0.01392	0.02057	0.01090	0.09789	0.01475	0.00994	0.01475	0.00846	0.01011	0.00601	0.00437	0.00453	0.00148	0.00698	0.00365	0.00200	0.00681
30	0.01788	0.00798	0.01014	0.00798	0.01111	0.00744	0.00652	0.12962	0.01412	0.54566	0.08051	0.01687	0.01366	0.00600	0.00458	0.00139	0.00378	0.00487	0.10266	0.00723
31	0.01710	0.00700	0.00915	0.00733	0.01022	0.00622	0.00594	0.01918	0.02634	0.57698	0.07669	0.01820	0.03234	0.00612	0.00450	0.00138	0.00346	0.00502	0.15990	0.00691
32	0.01141	0.01100	0.01893	0.05523	0.76176	0.01105	0.03360	0.01421	0.01056	0.01508	0.00875	0.01157	0.00732	0.00416	0.00463	0.00139	0.00561	0.00418	0.00230	0.00727
33	0.01827	0.00748	0.01006	0.00790	0.01106	0.00658	0.00645	0.03819	0.01349	0.65229	0.15739	0.01907	0.01716	0.00642	0.00482	0.00144	0.00367	0.00533	0.00562	0.00729
34	0.00567	0.00405	0.00540	0.00648	0.00675	0.00378	0.00432	0.00648	0.00891	0.01188	0.02564	0.83347	0.03077	0.01457	0.00594	0.00189	0.00270	0.01323	0.00432	0.00378
35	0.08165	0.77224	0.02296	0.00781	0.01170	0.01776	0.00772	0.01391	0.00933	0.01175	0.00647	0.00747	0.00589	0.00401	0.00298	0.00103	0.00486	0.00249	0.00206	0.00589
36	0.01133	0.01222	0.08258	0.06855	0.68467	0.03004	0.01432	0.01429	0.01052	0.01490	0.00866	0.01135	0.00716	0.00421	0.00458	0.00139	0.00574	0.00406	0.00227	0.00717
37	0.07850	0.00844	0.01338	0.73994	0.02976	0.01044	0.01219	0.03044	0.00949	0.01302	0.00819	0.01198	0.00615	0.00465	0.00451	0.00154	0.00597	0.00401	0.00219	0.00522

[dist]
# distance from previous block
# <min> <max>
0	12

[block]
# block no. 1 follows, 55 sequences, length 44
# corresponding to MSA columns:
# 111-154
name=unknown_B
#
# <colnr> <probs for GDERKNQSTAVLIFYWHMCP>
#	G	D	E	R	K	N	Q	S	T	A	V	L	I	F	Y	W	H	M	C	P
0	0.01060	0.01305	0.09401	0.04747	0.02342	0.01140	0.65039	0.01450	0.01075	0.01468	0.00987	0.01396	0.00775	0.00443	0.00556	0.00159	0.02017	0.03782	0.00239	0.00618
1	0.02087	0.00792	0.01080	0.00828	0.01188	0.00684	0.00684	0.02267	0.01332	0.81071	0.01835	0.01583	0.01152	0.00576	0.00468	0.00144	0.00396	0.00468	0.00576	0.00792
2	0.00868	0.04930	0.01064	0.00902	0.00975	0.00932	0.00731	0.01012	0.00931	0.03467	0.19929	0.12696	0.02010	0.01157	0.07813	0.00228	0.34298	0.05249	0.00333	0.00475
3	0.00572	0.00408	0.00545	0.00653	0.00682	0.00382	0.00440	0.00656	0.00895	0.01193	0.02562	0.81334	0.03067	0.01453	0.00595	0.00190	0.00274	0.03289	0.00432	0.00379
4	0.00867	0.00434	0.00434	0.00434	0.00542	0.00434	0.00325	0.01084	0.00976	0.01734	0.01518	0.01734	0.01192	0.00542	0.00325	0.00108	0.00217	0.00434	0.86233	0.00434
5	0.00612	0.00471	0.00559	0.00543	0.00668	0.00418	0.00405	0.00785	0.01198	0.01597	0.47374	0.07246	0.34318	0.01062	0.00551	0.00152	0.00228	0.00917	0.00477	0.00418
6	0.00573	0.00410	0.00546	0.00643	0.00676	0.00382	0.00432	0.00664	0.00921	0.01236	0.08090	0.77684	0.03170	0.01422	0.00591	0.00186	0.00266	0.01288	0.00438	0.00382
7	0.02065	0.00827	0.01101	0.00844	0.01205	0.00736	0.00698	0.07559	0.01390	0.75695	0.01786	0.01551	0.01127	0.00575	0.00468	0.00144	0.00404	0.00464	0.00568	0.00792
8	0.02461	0.15855	0.26173	0.01308	0.09342	0.13646	0.03976	0.13110	0.03365	0.05222	0.00906	0.01011	0.00688	0.00464	0.00423	0.00133	0.00616	0.00356	0.00274	0.00671
9	0.01743	0.02051	0.01333	0.01175	0.01439	0.67169	0.00896	0.15926	0.01476	0.01465	0.00791	0.00890	0.00634	0.00494	0.00428	0.00123	0.00779	0.00321	0.00281	0.00585
10	0.00854	0.00438	0.00450	0.00454	0.00557	0.00438	0.00340	0.01061	0.00966	0.01684	0.01553	0.01934	0.01274	0.04252	0.00428	0.00128	0.00236	0.03557	0.78967	0.00427
11	0.01284	0.75159	0.03763	0.00832	0.01231	0.03213	0.00821	0.06919	0.01041	0.01232	0.00685	0.00778	0.00611	0.00412	0.00315	0.00104	0.00508	0.00263	0.00219	0.00611
12	0.00929	0.02280	0.74671	0.01323	0.01978	0.01059	0.04937	0.01450	0.01001	0.01490	0.04052	0.01094	0.00747	0.00460	0.00451	0.00148	0.00673	0.00373	0.00211	0.00675
13	0.01137	0.04195	0.01130	0.00777	0.01185	0.00706	0.04555	0.01347	0.01021	0.12409	0.00964	0.01055	0.00750	0.00381	0.00370	0.00085	0.00380	0.00315	0.00312	0.66927
14	0.07213	0.00828	0.01113	0.00999	0.01224	0.05710	0.11164	0.02900	0.03977	0.14588	0.01879	0.07487	0.01820	0.00911	0.00550	0.00179	0.00482	0.36025	0.00408	0.00542
15	0.00665	0.00498	0.00748	0.00748	0.00831	0.00582	0.00582	0.00831	0.00748	0.01080	0.01246	0.01828	0.01163	0.03489	0.81807	0.00748	0.01246	0.00498	0.00249	0.00415
16	0.00884	0.00765	0.01190	0.01608	0.36283	0.00750	0.00886	0.01149	0.03286	0.01666	0.37476	0.08059	0.02593	0.00740	0.00511	0.00146	0.00375	0.00677	0.00380	0.00575
17	0.01112	0.01076	0.01865	0.13448	0.66547	0.01099	0.05226	0.01399	0.01044	0.01474	0.00872	0.01168	0.00720	0.00420	0.00466	0.00141	0.00573	0.00421	0.00227	0.00702
18	0.00567	0.00405	0.00540	0.00648	0.00675	0.00378	0.00432	0.00648	0.00891	0.01188	0.02564	0.83347	0.03077	0.01457	0.00594	0.00189	0.00270	0.01323	0.00432	0.00378
19	0.00637	0.00475	0.00592	0.00563	0.00682	0.00430	0.00422	0.00836	0.01266	0.01746	0.65565	0.03673	0.19402	0.00996	0.00549	0.00148	0.00223	0.00869	0.00496	0.00430
20	0.01022	0.01911	0.50606	0.01347	0.01906	0.01119	0.14044	0.03214	0.17097	0.01601	0.01073	0.01183	0.00781	0.00475	0.00466	0.00151	0.00635	0.00416	0.00264	0.00690
21	0.02087	0.00792	0.01080	0.00828	0.01188	0.00684	0.00684	0.02267	0.01332	0.81071	0.01835	0.01583	0.01152	0.00576	0.00468	0.00144	0.00396	0.00468	0.00576	0.00792
22	0.00567	0.00405	0.00540	0.00648	0.00675	0.00378	0.00432	0.00648	0.00891	0.01188	0.02564	0.83347	0.03077	0.01457	0.00594	0.00189	0.00270	0.01323	0.00432	0.00378
23	0.00867	0.00434	0.00434	0.00434	0.00542	0.00434	0.00325	0.01084	0.00976	0.01734	0.01518	0.01734	0.01192	0.00542	0.00325	0.00108	0.00217	0.00434	0.86233	0.00434
24	0.03194	0.01323	0.01241	0.01124	0.06915	0.27545	0.00832	0.06151	0.01306	0.37153	0.02568	0.01264	0.00929	0.00551	0.00517	0.00139	0.05763	0.00405	0.00405	0.00676
25	0.00933	0.02406	0.81240	0.01326	0.02014	0.01080	0.01719	0.01473	0.00982	0.01473	0.00835	0.00982	0.00589	0.00442	0.00442	0.00147	0.00688	0.00344	0.00196	0.00688
26	0.01013	0.01011	0.01424	0.04148	0.01293	0.01411	0.01028	0.01122	0.00720	0.01122	0.00618	0.01026	0.00611	0.00802	0.01489	0.00202	0.79841	0.00407	0.00204	0.00509
27	0.11757	0.01286	0.03915	0.01717	0.02154	0.05482	0.61546	0.03584	0.01099	0.01584	0.00896	0.01162	0.00675	0.00407	0.00505	0.00153	0.00726	0.00491	0.00247	0.00613
28	0.00550	0.00471	0.00471	0.00471	0.00628	0.00393	0.00353	0.00668	0.01060	0.01257	0.04713	0.04477	0.80560	0.01178	0.00550	0.00157	0.00236	0.00982	0.00432	0.00393
29	0.01355	0.01442	0.01149	0.00933	0.01271	0.34088	0.00724	0.08512	0.01221	0.01489	0.00809	0.00927	0.00661	0.00419	0.00386	0.00096	0.00563	0.00298	0.00278	0.43376
30	0.00570	0.00409	0.00536	0.00636	0.00667	0.00381	0.00423	0.00650	0.00891	0.01181	0.02617	0.77267	0.06305	0.04256	0.00653	0.00197	0.00275	0.01286	0.00427	0.00375
31	0.00575	0.00463	0.00510	0.00535	0.00657	0.00403	0.00395	0.00693	0.01027	0.01267	0.07429	0.18937	0.55039	0.04195	0.00629	0.00177	0.00261	0.05987	0.00430	0.00390
32	0.01098	0.01051	0.01791	0.18533	0.65490	0.01091	0.01401	0.01381	0.01034	0.01455	0.00866	0.01169	0.00714	0.00424	0.00461	0.00141	0.00566	0.00414	0.00226	0.00694
33	0.00658	0.00476	0.00622	0.00585	0.00695	0.00439	0.00439	0.00878	0.01317	0.01866	0.80503	0.03475	0.04390	0.00951	0.00549	0.00146	0.00219	0.00841	0.00512	0.00439
34	0.01194	0.70495	0.11282	0.00851	0.01282	0.01693	0.00888	0.01391	0.00950	0.01159	0.00677	0.00784	0.00601	0.00400	0.00317	0.00103	0.00511	0.00261	0.00203	0.04958
35	0.01465	0.48296	0.01970	0.00941	0.01301	0.17938	0.00837	0.19460	0.01308	0.01528	0.00770	0.00851	0.00642	0.00452	0.00362	0.00113	0.00570	0.00298	0.00269	0.00630
36	0.01638	0.01943	0.01376	0.01305	0.07044	0.60999	0.00945	0.09720	0.01338	0.01348	0.00762	0.00905	0.00630	0.00511	0.00521	0.00130	0.07720	0.00329	0.00259	0.00577
37	0.01122	0.01183	0.07490	0.06782	0.71238	0.01100	0.01442	0.01419	0.01047	0.01500	0.00870	0.01144	0.00721	0.00419	0.00459	0.00140	0.00566	0.00409	0.00227	0.00722
38	0.01125	0.01263	0.11534	0.02670	0.71178	0.01102	0.01463	0.01433	0.01050	0.01514	0.00870	0.01131	0.00719	0.00418	0.00458	0.00139	0.00569	0.00406	0.00226	0.00731
39	0.00567	0.00405	0.00540	0.00648	0.00675	0.00378	0.00432	0.00648	0.00891	0.01188	0.02564	0.83347	0.03077	0.01457	0.00594	0.00189	0.00270	0.01323	0.00432	0.00378
40	0.86937	0.00900	0.00684	0.00612	0.00900	0.01044	0.00504	0.01368	0.00792	0.02087	0.00648	0.00756	0.00504	0.00432	0.00288	0.00144	0.00360	0.00252	0.00288	0.00504
41	0.00933	0.02406	0.81240	0.01326	0.02014	0.01080	0.01719	0.01473	0.00982	0.01473	0.00835	0.00982	0.00589	0.00442	0.00442	0.00147	0.00688	0.00344	0.00196	0.00688
42	0.00808	0.00404	0.00606	0.00606	0.00606	0.00404	0.00404	0.00606	0.00606	0.00808	0.00808	0.01414	0.00808	0.01616	0.01818	0.86465	0.00404	0.00404	0.00202	0.00202
43	0.01618	0.00887	0.01068	0.00884	0.01158	0.00841	0.00693	0.17966	0.01579	0.32865	0.27649	0.02315	0.02278	0.00794	0.00553	0.00170	0.00407	0.00627	0.04916	0.00732

[dist]
# distance from previous block
# <min> <max>
0	25

[block]
# block no. 2 follows, 55 sequences, length 41
# corresponding to MSA columns:
# 180-206,213-222,228-231
name=unknown_C
#
# <colnr> <probs for GDERKNQSTAVLIFYWHMCP>
#	G	D	E	R	K	N	Q	S	T	A	V	L	I	F	Y	W	H	M	C	P
0	0.86937	0.00900	0.00684	0.00612	0.00900	0.01044	0.00504	0.01368	0.00792	0.02087	0.00648	0.00756	0.00504	0.00432	0.00288	0.00144	0.00360	0.00252	0.00288	0.00504
1	0.00567	0.00405	0.00540	0.00648	0.00675	0.00378	0.00432	0.00648	0.00891	0.01188	0.02564	0.83347	0.03077	0.01457	0.00594	0.00189	0.00270	0.01323	0.00432	0.00378
2	0.00867	0.00434	0.00434	0.00434	0.00542	0.00434	0.00325	0.01084	0.00976	0.01734	0.01518	0.01734	0.01192	0.00542	0.00325	0.00108	0.00217	0.00434	0.86233	0.00434
3	0.01140	0.01094	0.01868	0.06083	0.77608	0.01102	0.01422	0.01418	0.01054	0.01506	0.00873	0.01155	0.00732	0.00417	0.00461	0.00139	0.00555	0.00414	0.00229	0.00728
4	0.00550	0.00469	0.00474	0.00477	0.00630	0.00392	0.00356	0.00667	0.01055	0.01254	0.04643	0.07057	0.78025	0.01187	0.00551	0.00158	0.00237	0.00993	0.00432	0.00392
5	0.01244	0.83930	0.02438	0.00796	0.01194	0.01841	0.00796	0.01393	0.00945	0.01095	0.00647	0.00746	0.00597	0.00398	0.00299	0.00100	0.00498	0.00249	0.00199	0.00597
6	0.01173	0.01137	0.01649	0.25432	0.41636	0.09844	0.03576	0.03799	0.01091	0.03443	0.00889	0.01166	0.00708	0.00446	0.00458	0.00141	0.00599	0.00408	0.01759	0.00647
7	0.01059	0.08311	0.57126	0.01183	0.01755	0.01105	0.01416	0.01638	0.11363	0.06993	0.03045	0.01167	0.00834	0.00486	0.00440	0.00145	0.00599	0.00382	0.00267	0.00688
8	0.86937	0.00900	0.00684	0.00612	0.00900	0.01044	0.00504	0.01368	0.00792	0.02087	0.00648	0.00756	0.00504	0.00432	0.00288	0.00144	0.00360	0.00252	0.00288	0.00504
9	0.01187	0.01172	0.01854	0.02756	0.75987	0.05949	0.01396	0.01454	0.01075	0.01497	0.00866	0.01133	0.00729	0.00418	0.00458	0.00137	0.00570	0.00408	0.00231	0.00725
10	0.01445	0.00812	0.01014	0.00748	0.01139	0.00647	0.00608	0.01640	0.01122	0.35546	0.01258	0.01229	0.00887	0.00443	0.00397	0.00101	0.00366	0.00358	0.00404	0.49835
11	0.00879	0.00827	0.01395	0.82532	0.03204	0.01034	0.01292	0.01189	0.00930	0.01189	0.00827	0.01240	0.00620	0.00465	0.00465	0.00155	0.00620	0.00413	0.00207	0.00517
12	0.01175	0.01150	0.01865	0.02788	0.77536	0.04373	0.01406	0.01445	0.01070	0.01504	0.00869	0.01139	0.00731	0.00417	0.00459	0.00137	0.00564	0.00410	0.00231	0.00729
13	0.00637	0.00475	0.00591	0.00562	0.00682	0.00430	0.00422	0.00835	0.01265	0.01743	0.65205	0.03677	0.19764	0.00997	0.00549	0.00148	0.00223	0.00870	0.00496	0.00430
14	0.00734	0.00517	0.00641	0.00593	0.00719	0.00492	0.00450	0.05177	0.01323	0.01887	0.65924	0.03229	0.06988	0.00902	0.00524	0.00143	0.00236	0.00787	0.08279	0.00456
15	0.76991	0.00915	0.00803	0.00820	0.08128	0.01040	0.00592	0.01396	0.00830	0.04073	0.00699	0.00813	0.00542	0.00434	0.00308	0.00143	0.00378	0.00272	0.00290	0.00532
16	0.00940	0.00466	0.00481	0.00463	0.00588	0.00463	0.00352	0.02528	0.01014	0.05464	0.01525	0.01716	0.01183	0.00544	0.00334	0.00111	0.00230	0.00435	0.80705	0.00457
17	0.01778	0.01288	0.01387	0.01063	0.01435	0.01421	0.00878	0.76994	0.02163	0.05170	0.01138	0.01130	0.00801	0.00559	0.00465	0.00140	0.00509	0.00420	0.00469	0.00791
18	0.00924	0.00503	0.00519	0.00491	0.00620	0.00511	0.00375	0.07077	0.01089	0.01834	0.06122	0.01789	0.01349	0.00567	0.00349	0.00113	0.00240	0.00456	0.74610	0.00461
19	0.00676	0.00489	0.00629	0.00592	0.00705	0.00458	0.00444	0.00924	0.03389	0.01865	0.76770	0.03393	0.04244	0.00934	0.00542	0.00146	0.00223	0.00824	0.02304	0.00447
20	0.00810	0.00509	0.00670	0.00611	0.00747	0.00465	0.00465	0.01025	0.01318	0.10242	0.72183	0.03275	0.04047	0.00911	0.00540	0.00146	0.00238	0.00802	0.00519	0.00476
21	0.00617	0.00471	0.00567	0.00550	0.00671	0.00420	0.00410	0.00796	0.01210	0.01627	0.51161	0.07548	0.30156	0.01052	0.00551	0.00152	0.00227	0.00911	0.00481	0.00420
22	0.01134	0.01086	0.01840	0.07794	0.74255	0.01102	0.01405	0.01434	0.02685	0.01508	0.00893	0.01169	0.00744	0.00422	0.00461	0.00140	0.00553	0.00417	0.00234	0.00723
23	0.01311	0.65901	0.09388	0.00863	0.01277	0.04868	0.00873	0.01497	0.00998	0.08247	0.00772	0.00846	0.00646	0.00421	0.00331	0.00109	0.00519	0.00279	0.00234	0.00620
24	0.00679	0.00472	0.00646	0.00644	0.00701	0.00508	0.00462	0.00756	0.00757	0.01047	0.05195	0.02323	0.06005	0.23777	0.42724	0.11272	0.00828	0.00577	0.00275	0.00354
25	0.82927	0.00895	0.00702	0.00622	0.00913	0.01027	0.00512	0.01410	0.00817	0.05820	0.00704	0.00795	0.00534	0.00439	0.00296	0.00144	0.00362	0.00262	0.00302	0.00517
26	0.01039	0.05091	0.29918	0.01953	0.36496	0.01089	0.05872	0.01442	0.04423	0.01481	0.01005	0.06272	0.00853	0.00497	0.00461	0.00145	0.00586	0.00452	0.00240	0.00685
27	0.01041	0.16967	0.62079	0.01215	0.01831	0.01240	0.01501	0.06345	0.01051	0.01497	0.00819	0.00948	0.00603	0.00441	0.00418	0.00138	0.00642	0.00331	0.00214	0.00678
28	0.03909	0.01082	0.01149	0.00968	0.01261	0.01221	0.00770	0.33471	0.41048	0.02303	0.01584	0.06586	0.01242	0.00648	0.00472	0.00152	0.00420	0.00524	0.00462	0.00729
29	0.05085	0.03791	0.07232	0.01216	0.01637	0.00911	0.29794	0.01329	0.01027	0.02999	0.02644	0.01390	0.00888	0.00451	0.00448	0.00124	0.00541	0.05257	0.00273	0.32963
30	0.01965	0.00779	0.01054	0.00820	0.01148	0.00700	0.00676	0.02143	0.01283	0.72642	0.01763	0.01569	0.01131	0.00584	0.00504	0.00144	0.03932	0.00463	0.05944	0.00757
31	0.07766	0.00737	0.01067	0.01317	0.21728	0.00804	0.00798	0.01012	0.00879	0.02656	0.01471	0.32677	0.01609	0.00994	0.00799	0.07976	0.14156	0.00749	0.00311	0.00495
32	0.01297	0.75226	0.02322	0.00833	0.01220	0.06849	0.00806	0.04781	0.01022	0.01177	0.00672	0.00768	0.00606	0.00410	0.00313	0.00103	0.00520	0.00259	0.00213	0.00602
33	0.00694	0.00519	0.00641	0.00599	0.00728	0.00490	0.00452	0.02903	0.04700	0.01820	0.65592	0.03466	0.13725	0.00956	0.00543	0.00148	0.00235	0.00835	0.00499	0.00455
34	0.00623	0.00479	0.00576	0.00610	0.00708	0.00448	0.00440	0.00824	0.05997	0.01399	0.19017	0.37591	0.24922	0.01219	0.00566	0.00170	0.00261	0.03281	0.00451	0.00418
35	0.01139	0.01504	0.21998	0.05255	0.25558	0.10539	0.09683	0.02406	0.03670	0.03817	0.01108	0.01520	0.02009	0.00529	0.00478	0.00149	0.00622	0.07101	0.00263	0.00650
36	0.01033	0.15993	0.55167	0.01391	0.08195	0.03352	0.05752	0.01467	0.00997	0.01405	0.00809	0.00967	0.00609	0.00431	0.00425	0.00138	0.00654	0.00343	0.00203	0.00669
37	0.00728	0.00590	0.00866	0.00833	0.00902	0.00728	0.00661	0.00884	0.00748	0.01093	0.01159	0.01754	0.01096	0.02977	0.66147	0.00642	0.15506	0.02009	0.00245	0.00432
38	0.00622	0.00442	0.00528	0.00569	0.00610	0.00420	0.00370	0.00685	0.00847	0.01109	0.05231	0.31241	0.13790	0.36568	0.01347	0.00296	0.00347	0.04263	0.00370	0.00343
39	0.04227	0.01101	0.01771	0.12861	0.55349	0.03244	0.06199	0.03461	0.04466	0.01540	0.00911	0.01171	0.00739	0.00435	0.00460	0.00142	0.00568	0.00419	0.00246	0.00689
40	0.02323	0.01106	0.04949	0.01294	0.08479	0.02288	0.18498	0.21939	0.06785	0.10725	0.01502	0.01568	0.07554	0.00558	0.00475	0.00144	0.00515	0.00502	0.08125	0.00668

[dist]
# distance from previous block
# <min> <max>
0	7

# created by:
# /home/cegg/simao/soft/augustus-3.2.1/scripts/msa2prfl.pl ./align_prep/EOG091G0UB5.fa
