[name]
unknown

[dist]
# distance from previous block
# <min> <max>
0	415

[block]
# block no. 0 follows, 47 sequences, length 11
# corresponding to MSA columns:
# 486-496
name=unknown_A
#
# <colnr> <probs for GDERKNQSTAVLIFYWHMCP>
#	G	D	E	R	K	N	Q	S	T	A	V	L	I	F	Y	W	H	M	C	P
0	0.03191	0.00799	0.01271	0.49079	0.05802	0.00936	0.01144	0.01179	0.01045	0.01392	0.01546	0.21247	0.01555	0.00863	0.00566	0.00187	0.00570	0.06767	0.00317	0.00543
1	0.08209	0.07880	0.08646	0.12119	0.01771	0.01272	0.07026	0.13918	0.01251	0.07142	0.01175	0.01513	0.02584	0.07352	0.04203	0.00226	0.12246	0.00484	0.00330	0.00654
2	0.00998	0.07676	0.07754	0.38190	0.02463	0.01139	0.07416	0.01288	0.01004	0.01334	0.01104	0.01525	0.02980	0.01155	0.13479	0.04013	0.05175	0.00486	0.00247	0.00573
3	0.01680	0.05691	0.07851	0.04383	0.01784	0.01520	0.07289	0.47558	0.12375	0.02684	0.01288	0.01330	0.00937	0.00597	0.00518	0.00160	0.00596	0.00480	0.00450	0.00829
4	0.05874	0.01295	0.08927	0.33053	0.04496	0.07402	0.01196	0.14966	0.03146	0.03045	0.01170	0.07782	0.00977	0.00626	0.00510	0.00165	0.00627	0.00517	0.00328	0.03898
5	0.01678	0.08138	0.07715	0.05289	0.01666	0.07928	0.01030	0.46885	0.03415	0.02542	0.01473	0.01505	0.07130	0.00645	0.00507	0.00154	0.00596	0.00489	0.00434	0.00782
6	0.01043	0.09813	0.01394	0.27106	0.01945	0.01073	0.00967	0.04369	0.01088	0.02537	0.05198	0.06565	0.02354	0.01100	0.11346	0.00247	0.07228	0.00530	0.00304	0.13792
7	0.03168	0.12083	0.06754	0.03203	0.01571	0.07851	0.00976	0.34090	0.08822	0.05614	0.03449	0.01307	0.01005	0.00582	0.00480	0.00146	0.00569	0.00438	0.00420	0.07471
8	0.01122	0.00937	0.01315	0.35085	0.02215	0.01050	0.01039	0.07530	0.01161	0.03881	0.01257	0.01539	0.05036	0.00604	0.00630	0.00155	0.10266	0.00470	0.07161	0.17546
9	0.11847	0.02413	0.06155	0.15509	0.01792	0.10717	0.00980	0.20490	0.03125	0.03165	0.02307	0.09229	0.01092	0.00654	0.00489	0.00156	0.00576	0.00517	0.00369	0.08418
10	0.09672	0.05890	0.01574	0.24201	0.11149	0.04099	0.07274	0.01572	0.02584	0.10901	0.01124	0.01480	0.00900	0.07166	0.01629	0.00194	0.02553	0.00468	0.00315	0.05254

[dist]
# distance from previous block
# <min> <max>
5	32

[block]
# block no. 1 follows, 47 sequences, length 44
# corresponding to MSA columns:
# 551-594
name=unknown_B
#
# <colnr> <probs for GDERKNQSTAVLIFYWHMCP>
#	G	D	E	R	K	N	Q	S	T	A	V	L	I	F	Y	W	H	M	C	P
0	0.02470	0.00977	0.07234	0.06912	0.08753	0.00883	0.01930	0.03697	0.07784	0.06806	0.06110	0.10378	0.07587	0.06014	0.04038	0.00220	0.04052	0.05811	0.00392	0.07952
1	0.13123	0.04840	0.05439	0.01214	0.06477	0.04614	0.06710	0.07027	0.05644	0.19763	0.04208	0.03964	0.02655	0.00680	0.00576	0.00167	0.05335	0.04272	0.00420	0.02874
2	0.05619	0.07156	0.25888	0.01704	0.18803	0.01194	0.09387	0.02982	0.06417	0.03079	0.01284	0.01577	0.04129	0.02884	0.00625	0.03372	0.00632	0.02267	0.00293	0.00711
3	0.05004	0.01269	0.16126	0.24239	0.06974	0.01055	0.01204	0.05790	0.06502	0.07416	0.07700	0.01738	0.01271	0.00613	0.00510	0.00163	0.00568	0.03298	0.02714	0.05846
4	0.03786	0.00903	0.01202	0.16098	0.05522	0.00896	0.00862	0.04496	0.01188	0.07418	0.10849	0.03955	0.04250	0.00643	0.00580	0.00142	0.06711	0.00520	0.00364	0.29615
5	0.05651	0.06789	0.07098	0.01322	0.05771	0.05390	0.19615	0.04312	0.01278	0.06956	0.10561	0.02231	0.13240	0.00702	0.00539	0.00160	0.00569	0.02404	0.00373	0.05039
6	0.04623	0.06272	0.00926	0.03718	0.01014	0.00706	0.04535	0.01039	0.04391	0.01597	0.18090	0.04788	0.41680	0.03601	0.00640	0.00179	0.00350	0.00898	0.00451	0.00502
7	0.01553	0.04254	0.01347	0.03140	0.01449	0.02939	0.00863	0.30479	0.30141	0.05875	0.05645	0.01739	0.01401	0.04051	0.00607	0.00175	0.00493	0.00539	0.00495	0.02814
8	0.01402	0.18707	0.35711	0.01299	0.05262	0.01291	0.02721	0.01781	0.01165	0.17395	0.01115	0.01197	0.00807	0.00524	0.00511	0.00151	0.03657	0.00398	0.00315	0.04592
9	0.01609	0.01633	0.31375	0.01432	0.10405	0.01013	0.02858	0.03776	0.01307	0.32856	0.01498	0.01655	0.01064	0.00604	0.00524	0.00166	0.00603	0.04395	0.00418	0.00809
10	0.01352	0.71251	0.10161	0.00998	0.01478	0.01950	0.03850	0.01572	0.01069	0.01283	0.00757	0.00883	0.00672	0.00450	0.00360	0.00119	0.00590	0.00302	0.00224	0.00679
11	0.00691	0.00628	0.06060	0.00810	0.00903	0.00501	0.00632	0.00837	0.01032	0.01383	0.02721	0.65520	0.03191	0.01527	0.00660	0.00212	0.00359	0.11416	0.00465	0.00455
12	0.01139	0.06235	0.41761	0.01701	0.08479	0.01221	0.20673	0.01618	0.01174	0.03544	0.06594	0.01398	0.01031	0.00520	0.00528	0.00164	0.00727	0.00488	0.00270	0.00734
13	0.66682	0.13573	0.01117	0.00762	0.01100	0.06732	0.00645	0.01573	0.00953	0.02092	0.00730	0.00851	0.00587	0.00481	0.00334	0.00152	0.00464	0.00285	0.00303	0.00583
14	0.01197	0.01117	0.01843	0.02716	0.62551	0.01123	0.01401	0.01540	0.05196	0.01679	0.01324	0.10673	0.01248	0.00647	0.00541	0.00166	0.00566	0.03400	0.00306	0.00766
15	0.01476	0.09008	0.05541	0.01092	0.01469	0.01427	0.00926	0.23506	0.41411	0.02351	0.01623	0.01557	0.01216	0.00633	0.00500	0.00159	0.00489	0.00502	0.00472	0.04643
16	0.01190	0.09419	0.33125	0.01221	0.01803	0.01097	0.08644	0.01585	0.01136	0.06905	0.02389	0.01194	0.00828	0.00471	0.00461	0.00133	0.00608	0.00393	0.00288	0.27111
17	0.01175	0.25601	0.54500	0.01304	0.01968	0.01468	0.01596	0.03984	0.01130	0.01578	0.00884	0.01028	0.00669	0.00485	0.00449	0.00149	0.00702	0.00357	0.00230	0.00744
18	0.06879	0.02577	0.73588	0.01429	0.02168	0.01207	0.01830	0.01641	0.01085	0.01697	0.00920	0.01082	0.00653	0.00494	0.00483	0.00165	0.00744	0.00378	0.00227	0.00755
19	0.01064	0.05217	0.01706	0.01352	0.06875	0.00916	0.27162	0.01328	0.01231	0.07931	0.05729	0.02963	0.32605	0.00841	0.00586	0.00169	0.00533	0.00789	0.00394	0.00609
20	0.01188	0.06057	0.63959	0.01450	0.02157	0.01215	0.06267	0.01726	0.01141	0.08578	0.01033	0.01166	0.00725	0.00503	0.00497	0.00163	0.00737	0.00406	0.00261	0.00771
21	0.00839	0.00599	0.00839	0.00959	0.01079	0.00599	0.00839	0.01079	0.01199	0.01558	0.02757	0.05874	0.02997	0.01439	0.00719	0.00240	0.00480	0.74945	0.00480	0.00480
22	0.00785	0.00561	0.00777	0.00898	0.00994	0.00553	0.00746	0.00986	0.01146	0.01498	0.02787	0.25706	0.03115	0.01489	0.00705	0.00232	0.00433	0.55644	0.00481	0.00465
23	0.01265	0.01213	0.02071	0.09164	0.72667	0.01231	0.01586	0.01578	0.01175	0.01673	0.00975	0.01297	0.00815	0.00468	0.00516	0.00156	0.00625	0.00464	0.00256	0.00806
24	0.00847	0.00659	0.00818	0.00841	0.00979	0.00670	0.01759	0.03060	0.15173	0.01659	0.09446	0.33127	0.10977	0.01297	0.00637	0.00201	0.00365	0.16454	0.00497	0.00531
25	0.00839	0.00599	0.00839	0.00959	0.01079	0.00599	0.00839	0.01079	0.01199	0.01558	0.02757	0.05874	0.02997	0.01439	0.00719	0.00240	0.00480	0.74945	0.00480	0.00480
26	0.85377	0.01007	0.00765	0.00685	0.01007	0.01168	0.00564	0.01531	0.00886	0.02336	0.00725	0.00846	0.00564	0.00483	0.00322	0.00161	0.00403	0.00282	0.00322	0.00564
27	0.00757	0.00505	0.00568	0.00568	0.00568	0.00505	0.00316	0.00757	0.00757	0.01010	0.01641	0.03408	0.01893	0.81698	0.02651	0.00505	0.00505	0.00757	0.00316	0.00316
28	0.17124	0.00768	0.00802	0.00690	0.00939	0.00788	0.00551	0.09268	0.01277	0.18599	0.01547	0.01630	0.01135	0.00594	0.00406	0.00141	0.00349	0.00454	0.42310	0.00627
29	0.24470	0.02656	0.01302	0.01169	0.06696	0.13591	0.00872	0.20750	0.11801	0.10046	0.01209	0.01234	0.00893	0.00572	0.00457	0.00157	0.00552	0.00416	0.00418	0.00738
30	0.00757	0.00505	0.00568	0.00568	0.00568	0.00505	0.00316	0.00757	0.00757	0.01010	0.01641	0.03408	0.01893	0.81698	0.02651	0.00505	0.00505	0.00757	0.00316	0.00316
31	0.01394	0.64233	0.06761	0.01110	0.06738	0.03310	0.01000	0.04424	0.04324	0.01399	0.00833	0.00945	0.00725	0.00469	0.00373	0.00122	0.00574	0.00318	0.00250	0.00698
32	0.01527	0.01234	0.01308	0.01107	0.01443	0.01404	0.00880	0.27849	0.52049	0.02553	0.01825	0.01708	0.01351	0.00679	0.00527	0.00170	0.00467	0.00548	0.00527	0.00845
33	0.01358	0.01150	0.01213	0.01072	0.01378	0.01324	0.00839	0.09488	0.70686	0.02279	0.02041	0.01880	0.01526	0.00699	0.00529	0.00175	0.00427	0.00578	0.00529	0.00830
34	0.01289	0.01237	0.02114	0.03196	0.78450	0.01237	0.01598	0.01598	0.01186	0.01701	0.00980	0.01289	0.00825	0.00464	0.00516	0.00155	0.00619	0.00464	0.00258	0.00825
35	0.77354	0.01149	0.00834	0.00748	0.01065	0.08711	0.00607	0.01584	0.00943	0.02234	0.00733	0.00855	0.00574	0.00489	0.00336	0.00159	0.00454	0.00287	0.00317	0.00568
36	0.04399	0.01218	0.02073	0.07350	0.68246	0.01234	0.04685	0.01584	0.01168	0.01703	0.00970	0.01283	0.00806	0.00467	0.00513	0.00157	0.00626	0.00463	0.00259	0.00796
37	0.01277	0.01263	0.02028	0.05733	0.58333	0.04207	0.04334	0.01557	0.01134	0.01603	0.00929	0.01262	0.00792	0.00535	0.00697	0.00166	0.12668	0.00464	0.00253	0.00764
38	0.00788	0.00583	0.00758	0.00746	0.03050	0.00556	0.00538	0.01100	0.05497	0.02079	0.70279	0.03670	0.04543	0.01019	0.00602	0.00163	0.00265	0.00900	0.02346	0.00519
39	0.01244	0.29275	0.25724	0.01294	0.07619	0.04347	0.03060	0.05317	0.01169	0.01561	0.01007	0.06317	0.00884	0.00547	0.00446	0.00139	0.00617	0.00427	0.00268	0.08740
40	0.71570	0.05534	0.04193	0.00770	0.01119	0.04157	0.00668	0.03922	0.00976	0.02238	0.00753	0.00872	0.00588	0.00488	0.00342	0.00157	0.00452	0.00294	0.00317	0.00590
41	0.01938	0.01926	0.01496	0.01322	0.04483	0.42225	0.00997	0.26307	0.04616	0.08101	0.01104	0.01156	0.00829	0.00577	0.00494	0.00146	0.00750	0.00408	0.00389	0.00734
42	0.01229	0.31710	0.11297	0.00903	0.01255	0.09274	0.00865	0.01474	0.01217	0.04393	0.17220	0.01806	0.03899	0.00642	0.00445	0.00136	0.00507	0.00494	0.10616	0.00616
43	0.04549	0.01439	0.03526	0.01050	0.03475	0.30223	0.00802	0.03719	0.01434	0.08603	0.26545	0.02193	0.05653	0.00747	0.00523	0.00149	0.00571	0.00592	0.00421	0.03787

[dist]
# distance from previous block
# <min> <max>
0	1

[block]
# block no. 2 follows, 47 sequences, length 29
# corresponding to MSA columns:
# 598-626
name=unknown_C
#
# <colnr> <probs for GDERKNQSTAVLIFYWHMCP>
#	G	D	E	R	K	N	Q	S	T	A	V	L	I	F	Y	W	H	M	C	P
0	0.26122	0.00874	0.00964	0.00866	0.01072	0.01011	0.00689	0.14189	0.01123	0.01892	0.01149	0.01586	0.01014	0.06773	0.33831	0.00468	0.05015	0.00467	0.00333	0.00564
1	0.09100	0.04196	0.07286	0.00951	0.01352	0.00925	0.00841	0.04122	0.06498	0.51277	0.05565	0.01769	0.01369	0.00648	0.00505	0.00162	0.00462	0.01612	0.00551	0.00811
2	0.00964	0.00602	0.00723	0.00657	0.00851	0.00533	0.00505	0.01183	0.03017	0.14483	0.34285	0.03954	0.34077	0.01091	0.00598	0.00169	0.00289	0.00929	0.00548	0.00543
3	0.01697	0.02015	0.01517	0.01343	0.01535	0.51594	0.01047	0.05467	0.01313	0.01366	0.00789	0.01016	0.00685	0.00657	0.00857	0.00164	0.25683	0.00379	0.00268	0.00607
4	0.00714	0.00531	0.00664	0.00631	0.00764	0.00482	0.00473	0.00938	0.01419	0.01959	0.64308	0.04103	0.18862	0.01113	0.00614	0.00166	0.00249	0.00972	0.00556	0.00482
5	0.01333	0.01076	0.01330	0.01267	0.11651	0.01102	0.04310	0.31451	0.04333	0.02283	0.06077	0.02485	0.23304	0.00806	0.00550	0.00160	0.00474	0.00675	0.00455	0.04878
6	0.00998	0.01001	0.01892	0.01636	0.09306	0.00962	0.34505	0.01314	0.03446	0.01551	0.02001	0.25547	0.08260	0.00909	0.00647	0.00187	0.02611	0.02263	0.00358	0.00605
7	0.01319	0.01345	0.08637	0.02939	0.68175	0.01212	0.01585	0.01648	0.01193	0.05462	0.01028	0.01296	0.00833	0.00475	0.00514	0.00156	0.00623	0.00460	0.00273	0.00823
8	0.01010	0.00952	0.01609	0.73848	0.09982	0.01164	0.01459	0.01353	0.01054	0.01362	0.00930	0.01380	0.00705	0.00516	0.00520	0.00172	0.00688	0.00463	0.00234	0.00600
9	0.01274	0.01222	0.02086	0.07021	0.74744	0.01233	0.01591	0.01585	0.01179	0.01683	0.00977	0.01294	0.00818	0.00467	0.00516	0.00156	0.00622	0.00464	0.00256	0.00813
10	0.00744	0.00558	0.00837	0.00837	0.00930	0.00651	0.00651	0.00930	0.00837	0.01209	0.01395	0.02046	0.01302	0.03906	0.79635	0.00837	0.01395	0.00558	0.00279	0.00465
11	0.00983	0.00926	0.01562	0.80447	0.03587	0.01157	0.01446	0.01331	0.01041	0.01331	0.00926	0.01388	0.00694	0.00521	0.00521	0.00174	0.00694	0.00463	0.00231	0.00579
12	0.01112	0.01199	0.02531	0.01866	0.02287	0.01155	0.58156	0.01489	0.01134	0.01557	0.01136	0.01560	0.00914	0.01279	0.19771	0.00336	0.01003	0.00601	0.00267	0.00645
13	0.01130	0.00638	0.00927	0.00859	0.01027	0.00679	0.00679	0.01320	0.00995	0.20022	0.01555	0.01980	0.01299	0.03115	0.60456	0.00673	0.01164	0.00550	0.00368	0.00567
14	0.00871	0.00572	0.00753	0.00844	0.00964	0.00572	0.00724	0.01112	0.01173	0.01651	0.02501	0.04921	0.02594	0.01237	0.00633	0.00211	0.00422	0.56894	0.20870	0.00481
15	0.01954	0.02234	0.01497	0.01307	0.01611	0.60700	0.01002	0.20173	0.01712	0.01761	0.00913	0.01015	0.00723	0.00558	0.00482	0.00140	0.00850	0.00368	0.00330	0.00672
16	0.01007	0.00926	0.01445	0.61131	0.03016	0.01045	0.01245	0.01326	0.01051	0.01419	0.00926	0.01314	0.00713	0.00488	0.00488	0.00150	0.00619	0.00425	0.00250	0.21016
17	0.01406	0.01240	0.01889	0.15470	0.47460	0.01316	0.01426	0.19764	0.01468	0.02023	0.01036	0.01296	0.00818	0.00512	0.00518	0.00158	0.00620	0.00465	0.00317	0.00799
18	0.64914	0.00881	0.00698	0.00636	0.00910	0.01003	0.00516	0.01454	0.00936	0.02241	0.00961	0.01112	0.00751	0.00513	0.00332	0.00151	0.00364	0.00331	0.20751	0.00545
19	0.64858	0.00892	0.00749	0.00678	0.00952	0.01004	0.00546	0.01398	0.01029	0.02276	0.19501	0.01584	0.01618	0.00624	0.00393	0.00162	0.00365	0.00442	0.00383	0.00546
20	0.00809	0.00500	0.00548	0.00548	0.00577	0.00500	0.00327	0.00868	0.00838	0.01236	0.01655	0.03052	0.01758	0.62039	0.02096	0.00412	0.00441	0.00691	0.20746	0.00357
21	0.01628	0.01990	0.01264	0.01192	0.01403	0.60411	0.00879	0.01751	0.01360	0.01288	0.01306	0.20435	0.01343	0.00802	0.00517	0.00153	0.00785	0.00613	0.00320	0.00560
22	0.00983	0.00926	0.01562	0.80447	0.03587	0.01157	0.01446	0.01331	0.01041	0.01331	0.00926	0.01388	0.00694	0.00521	0.00521	0.00174	0.00694	0.00463	0.00231	0.00579
23	0.00972	0.00811	0.00965	0.00760	0.01118	0.00628	0.00585	0.01169	0.01060	0.01608	0.01397	0.20542	0.01419	0.00688	0.00453	0.00110	0.00365	0.00593	0.00351	0.64407
24	0.00734	0.00996	0.19610	0.00909	0.01119	0.00614	0.00833	0.00949	0.01022	0.01407	0.02401	0.61901	0.02769	0.01356	0.00623	0.00200	0.00415	0.01215	0.00420	0.00507
25	0.01293	0.62354	0.02446	0.20178	0.01882	0.01842	0.01026	0.01504	0.01054	0.01251	0.00773	0.00969	0.00675	0.00464	0.00379	0.00126	0.00590	0.00323	0.00225	0.00647
26	0.01072	0.01023	0.00845	0.00786	0.00895	0.19705	0.00525	0.01134	0.00963	0.01142	0.01365	0.02544	0.01472	0.51278	0.05687	0.00395	0.00643	0.00607	0.00302	0.07616
27	0.00711	0.00537	0.00660	0.00644	0.00782	0.00486	0.00494	0.00923	0.01368	0.01847	0.50740	0.04383	0.25865	0.01170	0.00624	0.00174	0.00271	0.07308	0.00539	0.00475
28	0.01987	0.00985	0.01286	0.01159	0.07929	0.00952	0.00856	0.04091	0.19914	0.52039	0.01961	0.01761	0.01314	0.00644	0.00524	0.00164	0.00453	0.00533	0.00581	0.00866

[dist]
# distance from previous block
# <min> <max>
0	36

# created by:
# /home/cegg/simao/soft/augustus-3.2.1/scripts/msa2prfl.pl ./align_prep/EOG091G1A1V.fa
