[name]
unknown

[dist]
# distance from previous block
# <min> <max>
2	44

[block]
# block no. 0 follows, 47 sequences, length 26
# corresponding to MSA columns:
# 131-156
name=unknown_A
#
# <colnr> <probs for GDERKNQSTAVLIFYWHMCP>
#	G	D	E	R	K	N	Q	S	T	A	V	L	I	F	Y	W	H	M	C	P
0	0.01373	0.47280	0.16292	0.01051	0.01497	0.03008	0.01079	0.01676	0.04400	0.07664	0.02904	0.01112	0.00866	0.00538	0.00511	0.00139	0.07267	0.00364	0.00280	0.00697
1	0.00747	0.00537	0.00687	0.00764	0.00829	0.00521	0.00530	0.06606	0.01132	0.01515	0.05724	0.70500	0.03296	0.01527	0.00653	0.00206	0.00325	0.02949	0.00490	0.00463
2	0.05077	0.00930	0.01523	0.76577	0.03462	0.01158	0.01403	0.01340	0.01034	0.01379	0.00916	0.01362	0.00688	0.00519	0.00511	0.00173	0.00680	0.00454	0.00236	0.00578
3	0.01230	0.01177	0.02007	0.18135	0.63973	0.01222	0.01569	0.01546	0.01158	0.01630	0.00969	0.01308	0.00800	0.00475	0.00517	0.00158	0.00633	0.00464	0.00253	0.00777
4	0.01226	0.01368	0.02890	0.03893	0.10003	0.01317	0.64770	0.01638	0.01204	0.01648	0.01029	0.01383	0.00787	0.00462	0.00646	0.00176	0.04001	0.00591	0.00261	0.00706
5	0.02336	0.00886	0.01209	0.00927	0.01329	0.00765	0.00765	0.02538	0.01491	0.78810	0.02055	0.01773	0.01289	0.00645	0.00524	0.00161	0.00443	0.00524	0.00645	0.00886
6	0.00983	0.00926	0.01562	0.80447	0.03587	0.01157	0.01446	0.01331	0.01041	0.01331	0.00926	0.01388	0.00694	0.00521	0.00521	0.00174	0.00694	0.00463	0.00231	0.00579
7	0.01217	0.01242	0.02199	0.03576	0.02053	0.03158	0.39214	0.09162	0.01240	0.01685	0.01307	0.07743	0.04059	0.00766	0.02657	0.00201	0.16917	0.00643	0.00308	0.00651
8	0.00634	0.00456	0.00602	0.00718	0.00754	0.00424	0.00480	0.00726	0.01004	0.01332	0.02953	0.78725	0.06025	0.01621	0.00663	0.00210	0.00301	0.01467	0.00483	0.00424
9	0.01045	0.02694	0.79000	0.01484	0.02254	0.01209	0.01924	0.01649	0.01099	0.01649	0.00935	0.01099	0.00660	0.00495	0.00495	0.00165	0.00770	0.00385	0.00220	0.00770
10	0.01907	0.02320	0.01441	0.01295	0.01568	0.70291	0.00978	0.07802	0.01535	0.01457	0.00877	0.01005	0.00715	0.00546	0.00469	0.00135	0.00882	0.00352	0.03804	0.00621
11	0.01113	0.13710	0.62285	0.01368	0.02056	0.01336	0.01694	0.01723	0.06989	0.01631	0.00996	0.01127	0.00733	0.00504	0.00475	0.00158	0.00712	0.00386	0.00244	0.00760
12	0.00638	0.00522	0.00565	0.00596	0.00734	0.00456	0.00431	0.00792	0.03046	0.01404	0.04523	0.26307	0.55380	0.01391	0.00627	0.00186	0.00278	0.01193	0.00485	0.00445
13	0.01392	0.82012	0.02729	0.00891	0.01337	0.02061	0.00891	0.01559	0.01058	0.01225	0.00724	0.00835	0.00668	0.00446	0.00334	0.00111	0.00557	0.00278	0.00223	0.00668
14	0.00887	0.00578	0.00746	0.00787	0.00889	0.00555	0.00570	0.06429	0.01199	0.07441	0.09487	0.56634	0.03193	0.01417	0.00643	0.00202	0.00341	0.06995	0.00506	0.00502
15	0.01289	0.01237	0.02114	0.03196	0.78450	0.01237	0.01598	0.01598	0.01186	0.01701	0.00980	0.01289	0.00825	0.00464	0.00516	0.00155	0.00619	0.00464	0.00258	0.00825
16	0.00634	0.00453	0.00604	0.00725	0.00755	0.00423	0.00483	0.00725	0.00997	0.01329	0.02870	0.81358	0.03444	0.01632	0.00665	0.00211	0.00302	0.01480	0.00483	0.00423
17	0.00722	0.00532	0.00675	0.00639	0.00768	0.00485	0.00479	0.00953	0.01437	0.02001	0.68877	0.04033	0.14266	0.01097	0.00614	0.00165	0.00248	0.00962	0.00562	0.00485
18	0.02069	0.01246	0.01423	0.01098	0.01504	0.01308	0.00905	0.47692	0.05761	0.29127	0.01568	0.01463	0.01058	0.00636	0.00522	0.00159	0.00521	0.00493	0.00564	0.00883
19	0.00750	0.00508	0.00575	0.00575	0.00587	0.00506	0.00330	0.00762	0.00782	0.01036	0.01817	0.03445	0.05751	0.75095	0.05043	0.00499	0.00521	0.00768	0.00323	0.00327
20	0.01976	0.01580	0.01553	0.01215	0.01614	0.10854	0.00992	0.67872	0.02333	0.03044	0.01198	0.01213	0.00860	0.00615	0.00515	0.00154	0.00616	0.00453	0.00491	0.00852
21	0.01265	0.01213	0.02071	0.09157	0.72674	0.01231	0.01587	0.01578	0.01175	0.01673	0.00975	0.01297	0.00815	0.00468	0.00516	0.00156	0.00624	0.00464	0.00256	0.00806
22	0.00643	0.00466	0.00607	0.00704	0.00754	0.00431	0.00478	0.00751	0.01056	0.01406	0.10095	0.68528	0.09047	0.01556	0.00656	0.00204	0.00294	0.01402	0.00492	0.00431
23	0.56933	0.04987	0.00815	0.00656	0.00939	0.01029	0.00540	0.01496	0.00971	0.05372	0.01019	0.01153	0.00789	0.00518	0.00342	0.00149	0.00373	0.00342	0.21013	0.00563
24	0.01387	0.00997	0.01108	0.00971	0.01262	0.01088	0.00761	0.04471	0.51102	0.14511	0.10225	0.02266	0.06006	0.00765	0.00542	0.00172	0.00396	0.00640	0.00550	0.00780
25	0.30338	0.01480	0.01250	0.01042	0.01390	0.16404	0.00837	0.32085	0.06502	0.02505	0.01041	0.01097	0.00780	0.00565	0.00444	0.00155	0.00575	0.00387	0.00405	0.00718

[dist]
# distance from previous block
# <min> <max>
12	30

[block]
# block no. 1 follows, 47 sequences, length 29
# corresponding to MSA columns:
# 192-220
name=unknown_B
#
# <colnr> <probs for GDERKNQSTAVLIFYWHMCP>
#	G	D	E	R	K	N	Q	S	T	A	V	L	I	F	Y	W	H	M	C	P
0	0.05536	0.35742	0.30542	0.01200	0.03814	0.04197	0.01278	0.04581	0.05820	0.01590	0.00917	0.01033	0.00729	0.00492	0.00421	0.00141	0.00634	0.00351	0.00260	0.00721
1	0.01300	0.06415	0.01662	0.18371	0.01902	0.06239	0.03165	0.04361	0.01038	0.07444	0.00885	0.01222	0.00742	0.00729	0.01120	0.00193	0.41867	0.00448	0.00276	0.00621
2	0.00834	0.00617	0.00805	0.00844	0.00976	0.00618	0.00688	0.01189	0.09049	0.01790	0.29198	0.10700	0.03562	0.01248	0.00659	0.00204	0.00377	0.35610	0.00518	0.00514
3	0.00789	0.00540	0.00618	0.00610	0.00643	0.00538	0.00371	0.03700	0.00909	0.01218	0.07807	0.09523	0.04340	0.63747	0.02197	0.00433	0.00465	0.00827	0.00361	0.00363
4	0.01179	0.32828	0.48218	0.01256	0.01885	0.01542	0.01513	0.01606	0.01077	0.01479	0.00849	0.01000	0.00664	0.00486	0.00461	0.00146	0.02519	0.00346	0.00221	0.00727
5	0.01604	0.01376	0.01296	0.01118	0.01439	0.13648	0.00878	0.15885	0.45939	0.08429	0.01751	0.01647	0.01295	0.00660	0.00518	0.00165	0.00526	0.00522	0.00496	0.00806
6	0.00897	0.00596	0.00822	0.00913	0.01041	0.00582	0.00775	0.01112	0.01190	0.06257	0.02809	0.15305	0.05337	0.01411	0.00697	0.00229	0.00448	0.58592	0.00490	0.00496
7	0.01880	0.01068	0.01246	0.01003	0.01359	0.01101	0.00817	0.25716	0.15604	0.32652	0.01808	0.01783	0.01275	0.00672	0.00518	0.00162	0.00464	0.02876	0.07166	0.00830
8	0.00979	0.05952	0.11660	0.00919	0.01173	0.00857	0.00825	0.10900	0.04789	0.01800	0.13164	0.25553	0.08183	0.01103	0.00592	0.00184	0.00432	0.09902	0.00451	0.00581
9	0.01061	0.06551	0.75291	0.01455	0.02209	0.01251	0.01874	0.01645	0.01097	0.01629	0.00924	0.01087	0.00660	0.00492	0.00487	0.00162	0.00759	0.00380	0.00220	0.00765
10	0.00675	0.00572	0.00589	0.00580	0.00759	0.00509	0.00436	0.00917	0.07185	0.01499	0.08515	0.06568	0.66845	0.01266	0.00610	0.00176	0.00275	0.01061	0.00492	0.00472
11	0.04976	0.02348	0.60405	0.01515	0.02209	0.01220	0.11704	0.04008	0.01162	0.04264	0.00987	0.01155	0.00700	0.00496	0.00505	0.00166	0.00751	0.00418	0.00254	0.00759
12	0.01250	0.01408	0.10084	0.04413	0.02301	0.01257	0.45885	0.05048	0.03279	0.05650	0.01352	0.01597	0.05561	0.00569	0.00686	0.00178	0.07885	0.00590	0.00307	0.00698
13	0.00661	0.00472	0.00634	0.00755	0.00797	0.00446	0.00529	0.00771	0.01023	0.01359	0.02856	0.71649	0.03387	0.01607	0.00672	0.00215	0.00325	0.10930	0.00483	0.00430
14	0.00634	0.00453	0.00604	0.00725	0.00755	0.00423	0.00483	0.00725	0.00997	0.01329	0.02870	0.81358	0.03444	0.01632	0.00665	0.00211	0.00302	0.01480	0.00483	0.00423
15	0.15724	0.07417	0.07613	0.01024	0.01410	0.10951	0.00893	0.12817	0.07626	0.24668	0.01404	0.03979	0.01032	0.00612	0.00472	0.00157	0.00545	0.00460	0.00446	0.00751
16	0.01221	0.01200	0.01980	0.17190	0.52344	0.04208	0.06838	0.01528	0.01164	0.01595	0.01064	0.05344	0.00925	0.00534	0.00529	0.00162	0.00647	0.00521	0.00265	0.00742
17	0.00634	0.00453	0.00604	0.00725	0.00755	0.00423	0.00483	0.00725	0.00997	0.01329	0.02870	0.81358	0.03444	0.01632	0.00665	0.00211	0.00302	0.01480	0.00483	0.00423
18	0.03691	0.01273	0.01502	0.01255	0.03986	0.03532	0.08030	0.30662	0.27874	0.05940	0.01553	0.01619	0.01172	0.04744	0.00635	0.00182	0.00545	0.00532	0.00475	0.00801
19	0.17813	0.08433	0.11024	0.01273	0.04583	0.04661	0.09720	0.22459	0.05194	0.03105	0.02605	0.01424	0.00966	0.00584	0.00483	0.00161	0.00595	0.03819	0.00371	0.00726
20	0.00743	0.00577	0.00683	0.00667	0.00809	0.00545	0.00495	0.01054	0.08533	0.01812	0.41253	0.13657	0.24888	0.01172	0.00613	0.00174	0.00274	0.01019	0.00533	0.00500
21	0.01896	0.02312	0.01458	0.01311	0.01590	0.68684	0.00991	0.06706	0.07501	0.01468	0.00935	0.01037	0.00756	0.00555	0.00477	0.00139	0.00875	0.00363	0.00304	0.00638
22	0.07875	0.51342	0.25955	0.01057	0.01592	0.01730	0.01182	0.01585	0.01057	0.01442	0.00789	0.00917	0.00657	0.00464	0.00382	0.00132	0.00610	0.00311	0.00230	0.00691
23	0.05083	0.03954	0.05742	0.23969	0.36227	0.03438	0.03295	0.06657	0.03590	0.01719	0.00993	0.01282	0.00786	0.00501	0.00503	0.00160	0.00641	0.00450	0.00277	0.00732
24	0.00791	0.00565	0.00784	0.00904	0.01003	0.00558	0.00756	0.00996	0.01151	0.01505	0.02784	0.23599	0.03102	0.01484	0.00706	0.00233	0.00438	0.57694	0.00480	0.00466
25	0.11659	0.01146	0.01272	0.01001	0.01378	0.01200	0.00822	0.36708	0.04342	0.26321	0.03813	0.01651	0.05013	0.00665	0.00506	0.00160	0.00483	0.00513	0.00536	0.00813
26	0.05030	0.10310	0.53053	0.01449	0.03906	0.01316	0.07293	0.06540	0.01196	0.03854	0.00965	0.01117	0.00702	0.00497	0.00483	0.00159	0.00714	0.00398	0.00260	0.00757
27	0.02988	0.00693	0.03004	0.00841	0.01002	0.00667	0.03689	0.04826	0.01090	0.05243	0.06918	0.19586	0.12012	0.05679	0.28828	0.00430	0.00751	0.00845	0.00398	0.00510
28	0.01459	0.05168	0.01486	0.01113	0.01489	0.01137	0.09968	0.10641	0.26329	0.14068	0.03739	0.04268	0.01334	0.00628	0.00511	0.00152	0.00486	0.00544	0.00461	0.15016

[dist]
# distance from previous block
# <min> <max>
0	11

[block]
# block no. 2 follows, 47 sequences, length 48
# corresponding to MSA columns:
# 232-279
name=unknown_C
#
# <colnr> <probs for GDERKNQSTAVLIFYWHMCP>
#	G	D	E	R	K	N	Q	S	T	A	V	L	I	F	Y	W	H	M	C	P
0	0.07673	0.01167	0.03413	0.00979	0.01364	0.03543	0.02189	0.26722	0.03822	0.09481	0.11490	0.01587	0.01414	0.00606	0.00484	0.00138	0.00474	0.00482	0.00449	0.22525
1	0.07215	0.01190	0.01276	0.01049	0.01368	0.07554	0.04391	0.25766	0.08090	0.02178	0.01495	0.15155	0.02199	0.00754	0.00545	0.00155	0.02843	0.00616	0.00422	0.15739
2	0.39505	0.01592	0.01163	0.01011	0.01332	0.27795	0.00799	0.15413	0.03637	0.02144	0.00889	0.00983	0.00689	0.00534	0.00414	0.00152	0.00616	0.00343	0.00346	0.00644
3	0.04455	0.00905	0.01171	0.00922	0.01296	0.00832	0.00754	0.04848	0.08069	0.62556	0.06988	0.01883	0.01519	0.00672	0.00524	0.00162	0.00431	0.00548	0.00617	0.00846
4	0.02208	0.00935	0.01220	0.00952	0.01344	0.00859	0.00781	0.05669	0.09786	0.67326	0.02028	0.01769	0.01305	0.00650	0.00524	0.00163	0.00445	0.00528	0.00627	0.00880
5	0.00861	0.00621	0.00887	0.04199	0.01100	0.00610	0.04166	0.01119	0.05464	0.05499	0.15140	0.36942	0.03142	0.01292	0.00645	0.00202	0.00387	0.16725	0.00488	0.00512
6	0.00815	0.00637	0.00931	0.00949	0.01084	0.00624	0.06332	0.01088	0.05379	0.01555	0.07065	0.28173	0.06324	0.01356	0.00674	0.00216	0.00428	0.35399	0.00473	0.00497
7	0.01139	0.01139	0.01595	0.01367	0.01367	0.01595	0.01139	0.01253	0.00798	0.01253	0.00684	0.01139	0.00684	0.00911	0.01709	0.00228	0.80745	0.00456	0.00228	0.00570
8	0.01246	0.01066	0.01137	0.01031	0.01310	0.01224	0.00804	0.02604	0.70410	0.02154	0.06928	0.02185	0.01842	0.00751	0.00541	0.00178	0.00404	0.02863	0.00531	0.00793
9	0.00661	0.00483	0.00626	0.00718	0.00783	0.00448	0.00508	0.00784	0.01080	0.01426	0.09550	0.58095	0.12640	0.01526	0.00660	0.00206	0.00310	0.08569	0.00491	0.00436
10	0.01233	0.01395	0.03019	0.02251	0.06985	0.01312	0.72339	0.01664	0.01227	0.01670	0.01049	0.01398	0.00792	0.00440	0.00609	0.00174	0.00863	0.00606	0.00263	0.00709
11	0.00983	0.00926	0.01562	0.80447	0.03587	0.01157	0.01446	0.01331	0.01041	0.01331	0.00926	0.01388	0.00694	0.00521	0.00521	0.00174	0.00694	0.00463	0.00231	0.00579
12	0.01139	0.01139	0.01595	0.01367	0.01367	0.01595	0.01139	0.01253	0.00798	0.01253	0.00684	0.01139	0.00684	0.00911	0.01709	0.00228	0.80745	0.00456	0.00228	0.00570
13	0.01027	0.00978	0.01676	0.68845	0.12327	0.01172	0.03915	0.01373	0.01064	0.01385	0.00936	0.01377	0.00713	0.00511	0.00523	0.00171	0.00691	0.00468	0.00236	0.00611
14	0.01247	0.48957	0.34514	0.01138	0.01719	0.01706	0.01322	0.01597	0.01075	0.01402	0.00812	0.00945	0.00665	0.00466	0.00401	0.00134	0.00646	0.00323	0.00222	0.00711
15	0.00615	0.00528	0.00528	0.00528	0.00703	0.00440	0.00396	0.00747	0.01187	0.01407	0.05276	0.05012	0.78238	0.01319	0.00615	0.00176	0.00264	0.01099	0.00484	0.00440
16	0.00755	0.00493	0.00661	0.00749	0.00804	0.00466	0.00513	0.00853	0.01026	0.06408	0.02779	0.74749	0.03255	0.01554	0.00674	0.00208	0.01706	0.01400	0.00490	0.00456
17	0.01327	0.01241	0.02401	0.01990	0.11939	0.01244	0.43270	0.01664	0.01189	0.10307	0.01199	0.01645	0.00960	0.00590	0.00756	0.00182	0.12331	0.04747	0.00313	0.00707
18	0.13349	0.70479	0.02449	0.00862	0.01290	0.01934	0.00844	0.01555	0.01034	0.01383	0.00724	0.00837	0.00653	0.00451	0.00332	0.00118	0.00535	0.00279	0.00237	0.00653
19	0.00732	0.00546	0.00811	0.00824	0.00910	0.00625	0.00632	0.00907	0.00855	0.01222	0.01561	0.10991	0.01544	0.03649	0.70728	0.00766	0.01272	0.00662	0.00302	0.00460
20	0.01422	0.01159	0.01620	0.13033	0.10653	0.01256	0.10243	0.14679	0.27154	0.08433	0.01627	0.01682	0.03399	0.00618	0.00538	0.00169	0.00559	0.00549	0.00429	0.00778
21	0.01156	0.01136	0.02040	0.12677	0.02131	0.01288	0.29480	0.01426	0.01041	0.04675	0.01112	0.08578	0.01001	0.00733	0.00986	0.00196	0.28826	0.00612	0.00282	0.00621
22	0.01084	0.11640	0.70398	0.01417	0.02150	0.01305	0.01808	0.01639	0.01095	0.01601	0.00911	0.01070	0.00661	0.00489	0.00477	0.00159	0.00746	0.00373	0.00220	0.00758
23	0.00756	0.00509	0.00588	0.00588	0.00596	0.00516	0.00341	0.00770	0.00763	0.01025	0.01622	0.03304	0.01848	0.75775	0.08512	0.00530	0.00573	0.00742	0.00313	0.00327
24	0.01322	0.05940	0.01721	0.11013	0.01822	0.17747	0.10931	0.05990	0.02576	0.01467	0.01116	0.06326	0.03069	0.00733	0.00895	0.00181	0.25723	0.00528	0.00287	0.00611
25	0.01255	0.01203	0.02052	0.11822	0.70091	0.01228	0.01581	0.01568	0.01170	0.01660	0.00974	0.01300	0.00810	0.00470	0.00516	0.00157	0.00627	0.00464	0.00255	0.00797
26	0.01132	0.00974	0.01023	0.00937	0.01198	0.01088	0.00723	0.02278	0.59055	0.01990	0.02810	0.04971	0.17877	0.00864	0.00552	0.00178	0.00377	0.00724	0.00519	0.00731
27	0.01331	0.01281	0.01974	0.14347	0.32555	0.06382	0.14827	0.09594	0.04923	0.01812	0.01092	0.01362	0.00857	0.00509	0.00525	0.00160	0.00664	0.00490	0.04575	0.00740
28	0.03934	0.03620	0.01338	0.01021	0.01407	0.09790	0.00835	0.15992	0.04590	0.49418	0.01702	0.01543	0.01124	0.00622	0.00507	0.00156	0.00524	0.00483	0.00556	0.00839
29	0.01757	0.02187	0.01666	0.10270	0.01956	0.62018	0.09576	0.01949	0.01399	0.01325	0.00846	0.01042	0.00687	0.00524	0.00492	0.00143	0.00905	0.00381	0.00264	0.00612
30	0.00790	0.00632	0.00785	0.00745	0.00803	0.00699	0.00537	0.00875	0.00941	0.01266	0.08731	0.07585	0.19528	0.30442	0.06502	0.01853	0.15684	0.00816	0.00365	0.00421
31	0.01056	0.02762	0.09539	0.03849	0.05955	0.03339	0.12341	0.01616	0.18092	0.01744	0.09374	0.12788	0.05188	0.00830	0.00562	0.00175	0.00516	0.04486	0.05143	0.00643
32	0.02002	0.00961	0.01202	0.00963	0.01329	0.00921	0.00790	0.12594	0.10670	0.51531	0.02141	0.02092	0.04994	0.00723	0.00539	0.00167	0.00451	0.04497	0.00598	0.00836
33	0.00938	0.00839	0.01319	0.41967	0.06624	0.00941	0.04708	0.03307	0.01145	0.01502	0.06082	0.03501	0.16717	0.00849	0.03376	0.00194	0.00583	0.00645	0.04201	0.00563
34	0.00988	0.00914	0.01512	0.58479	0.13496	0.01076	0.01348	0.01305	0.01077	0.01400	0.01325	0.04134	0.04870	0.00643	0.00541	0.00176	0.00637	0.05214	0.00271	0.00595
35	0.01118	0.13098	0.57769	0.01508	0.02199	0.01339	0.12644	0.01640	0.01113	0.01595	0.00924	0.01109	0.00680	0.00480	0.00491	0.00159	0.00757	0.00404	0.00227	0.00746
36	0.00983	0.00926	0.01562	0.80447	0.03587	0.01157	0.01446	0.01331	0.01041	0.01331	0.00926	0.01388	0.00694	0.00521	0.00521	0.00174	0.00694	0.00463	0.00231	0.00579
37	0.01079	0.08107	0.69523	0.01483	0.02216	0.01274	0.05984	0.01644	0.01104	0.01621	0.00927	0.01098	0.00668	0.00488	0.00490	0.00162	0.00761	0.00390	0.00223	0.00759
38	0.01225	0.30508	0.37735	0.01198	0.01741	0.09376	0.01347	0.01585	0.01114	0.01435	0.01007	0.07621	0.00894	0.00576	0.00450	0.00147	0.00673	0.00433	0.00248	0.00688
39	0.00634	0.00453	0.00604	0.00725	0.00755	0.00423	0.00483	0.00725	0.00997	0.01329	0.02870	0.81358	0.03444	0.01632	0.00665	0.00211	0.00302	0.01480	0.00483	0.00423
40	0.00661	0.00470	0.00623	0.00736	0.00772	0.00444	0.00504	0.00759	0.00999	0.01329	0.02780	0.69520	0.03303	0.06864	0.00800	0.00233	0.00331	0.07981	0.00472	0.00421
41	0.55349	0.01095	0.01080	0.19154	0.06713	0.06051	0.00861	0.01524	0.00978	0.01998	0.00793	0.01005	0.00618	0.00494	0.00390	0.00162	0.00517	0.00339	0.00294	0.00587
42	0.25942	0.03797	0.01344	0.01041	0.01418	0.06588	0.00856	0.44225	0.04326	0.04091	0.01096	0.01133	0.00802	0.00576	0.00455	0.00156	0.00540	0.00405	0.00441	0.00766
43	0.05875	0.00791	0.00926	0.00800	0.01014	0.00803	0.00626	0.18621	0.01653	0.06603	0.49515	0.05337	0.03491	0.00924	0.00573	0.00163	0.00343	0.00788	0.00548	0.00607
44	0.13099	0.01004	0.01367	0.38292	0.04513	0.02808	0.02337	0.05048	0.08529	0.01674	0.01187	0.01738	0.00993	0.00742	0.02982	0.00199	0.05680	0.06885	0.00312	0.00612
45	0.10555	0.04891	0.01603	0.15469	0.30294	0.03503	0.03418	0.01546	0.08367	0.01665	0.01304	0.12690	0.01206	0.00666	0.00510	0.00167	0.00557	0.00592	0.00317	0.00678
46	0.11464	0.48133	0.08009	0.00925	0.01370	0.01644	0.00904	0.03851	0.04732	0.08706	0.00956	0.01021	0.00768	0.00486	0.00380	0.00129	0.00528	0.00332	0.00301	0.05359
47	0.08367	0.00791	0.00778	0.00701	0.00939	0.03104	0.00539	0.06168	0.09701	0.04932	0.03579	0.03507	0.44384	0.04824	0.00649	0.00182	0.00359	0.00822	0.00460	0.05215

[dist]
# distance from previous block
# <min> <max>
6	32

[block]
# block no. 3 follows, 47 sequences, length 42
# corresponding to MSA columns:
# 313-326,368-395
name=unknown_D
#
# <colnr> <probs for GDERKNQSTAVLIFYWHMCP>
#	G	D	E	R	K	N	Q	S	T	A	V	L	I	F	Y	W	H	M	C	P
0	0.01003	0.00953	0.01633	0.75030	0.06224	0.01165	0.04010	0.01352	0.01053	0.01355	0.00932	0.01385	0.00702	0.00516	0.00524	0.00173	0.00698	0.00468	0.00233	0.00591
1	0.01286	0.01126	0.01377	0.22752	0.02022	0.03849	0.03483	0.12261	0.35726	0.02021	0.03994	0.01878	0.01358	0.00673	0.00538	0.00174	0.00541	0.03783	0.00429	0.00729
2	0.01274	0.55091	0.28615	0.01092	0.01648	0.01772	0.01242	0.01590	0.01072	0.01369	0.00795	0.00925	0.00665	0.00462	0.00389	0.00130	0.00629	0.00315	0.00222	0.00703
3	0.05869	0.00577	0.00807	0.00864	0.00963	0.00564	0.04479	0.00923	0.01060	0.01473	0.02615	0.50865	0.03006	0.01446	0.00657	0.00215	0.00388	0.22305	0.00461	0.00462
4	0.00786	0.00598	0.00757	0.00753	0.00817	0.03056	0.00538	0.00902	0.00827	0.01137	0.01468	0.02516	0.01501	0.32607	0.48662	0.00692	0.01051	0.00625	0.00292	0.00414
5	0.04984	0.00492	0.00624	0.00729	0.00778	0.00475	0.00500	0.00788	0.00992	0.01379	0.02698	0.69473	0.03201	0.05209	0.00741	0.00224	0.00326	0.05492	0.00467	0.00428
6	0.01289	0.01237	0.02114	0.03196	0.78450	0.01237	0.01598	0.01598	0.01186	0.01701	0.00980	0.01289	0.00825	0.00464	0.00516	0.00155	0.00619	0.00464	0.00258	0.00825
7	0.01045	0.02694	0.79000	0.01484	0.02254	0.01209	0.01924	0.01649	0.01099	0.01649	0.00935	0.01099	0.00660	0.00495	0.00495	0.00165	0.00770	0.00385	0.00220	0.00770
8	0.01654	0.01685	0.01507	0.01300	0.01483	0.33061	0.01036	0.08247	0.01282	0.08935	0.00914	0.01129	0.00754	0.00709	0.00990	0.00177	0.33769	0.00415	0.00310	0.00641
9	0.04032	0.11858	0.46086	0.01391	0.02011	0.01319	0.09726	0.03890	0.07643	0.05658	0.01082	0.01203	0.00789	0.00512	0.00488	0.00160	0.00691	0.00420	0.00285	0.00757
10	0.01139	0.01139	0.01595	0.01367	0.01367	0.01595	0.01139	0.01253	0.00798	0.01253	0.00684	0.01139	0.00684	0.00911	0.01709	0.00228	0.80745	0.00456	0.00228	0.00570
11	0.00643	0.00492	0.00592	0.00658	0.00752	0.00441	0.00467	0.00764	0.01105	0.01413	0.08122	0.44958	0.31407	0.01473	0.00646	0.00197	0.00293	0.04653	0.00489	0.00436
12	0.01093	0.01081	0.01606	0.53834	0.02909	0.06048	0.05274	0.03255	0.01078	0.01384	0.01042	0.01441	0.03342	0.00611	0.00720	0.00180	0.13778	0.00484	0.00251	0.00588
13	0.01958	0.02109	0.01508	0.01289	0.01612	0.51169	0.01000	0.29293	0.01830	0.02007	0.00967	0.01053	0.00749	0.00569	0.00488	0.00142	0.00806	0.00384	0.00360	0.00707
14	0.01978	0.01395	0.01512	0.01162	0.01570	0.01529	0.00959	0.69804	0.02350	0.08338	0.01316	0.01303	0.00924	0.00626	0.00517	0.00156	0.00556	0.00473	0.02656	0.00876
15	0.01395	0.48704	0.18605	0.01097	0.01575	0.06412	0.01138	0.08773	0.01211	0.01516	0.00822	0.00953	0.00688	0.00502	0.00464	0.00134	0.04726	0.00332	0.00254	0.00702
16	0.01050	0.00967	0.01534	0.62996	0.03110	0.01181	0.03033	0.06032	0.03279	0.01483	0.01191	0.01567	0.04697	0.00593	0.00594	0.00176	0.05143	0.00502	0.00271	0.00600
17	0.00662	0.00476	0.00634	0.00751	0.00799	0.00448	0.00530	0.00775	0.01031	0.01364	0.02931	0.68432	0.05762	0.01595	0.00671	0.00214	0.00326	0.11685	0.00483	0.00431
18	0.00824	0.00586	0.00702	0.00671	0.00834	0.00541	0.00512	0.01096	0.05924	0.06282	0.38193	0.07775	0.28301	0.01146	0.00612	0.00174	0.00287	0.04489	0.00537	0.00514
19	0.03940	0.43051	0.15758	0.01112	0.01545	0.17390	0.01100	0.01685	0.02732	0.01365	0.00804	0.00945	0.00684	0.00507	0.00477	0.00135	0.05532	0.00326	0.00241	0.00667
20	0.01198	0.37591	0.45443	0.01223	0.01850	0.01584	0.01470	0.01610	0.01081	0.01463	0.00842	0.00983	0.00663	0.00473	0.00424	0.00141	0.00676	0.00338	0.00221	0.00725
21	0.01343	0.01284	0.02407	0.01783	0.02237	0.01263	0.49851	0.02036	0.21535	0.08491	0.01424	0.01580	0.01046	0.00528	0.00584	0.00175	0.00716	0.00600	0.00367	0.00751
22	0.00615	0.00528	0.00528	0.00528	0.00703	0.00440	0.00396	0.00747	0.01187	0.01407	0.05276	0.05012	0.78238	0.01319	0.00615	0.00176	0.00264	0.01099	0.00484	0.00440
23	0.03988	0.03897	0.01594	0.01258	0.01626	0.28364	0.04413	0.39812	0.01932	0.06506	0.01105	0.01158	0.00815	0.00579	0.00498	0.00149	0.00701	0.00423	0.00416	0.00767
24	0.00635	0.00531	0.00555	0.00555	0.00724	0.00450	0.00421	0.00782	0.01215	0.01478	0.12264	0.04934	0.68438	0.01298	0.00619	0.00177	0.00270	0.03715	0.00492	0.00446
25	0.02336	0.00886	0.01209	0.00927	0.01329	0.00765	0.00765	0.02538	0.01491	0.78810	0.02055	0.01773	0.01289	0.00645	0.00524	0.00161	0.00443	0.00524	0.00645	0.00886
26	0.00780	0.00570	0.00760	0.00837	0.00960	0.00550	0.00702	0.00998	0.01230	0.01611	0.15384	0.09752	0.13588	0.01372	0.00685	0.00217	0.00402	0.48631	0.00496	0.00473
27	0.01631	0.05184	0.30499	0.08441	0.04461	0.03747	0.01309	0.03969	0.01299	0.32295	0.01375	0.01386	0.00925	0.00558	0.00502	0.00160	0.00619	0.00446	0.00401	0.00793
28	0.01349	0.01107	0.01179	0.01053	0.01353	0.01268	0.00821	0.02756	0.73623	0.06096	0.02116	0.01934	0.01574	0.00703	0.00530	0.00176	0.00414	0.00585	0.00536	0.00827
29	0.01170	0.01116	0.01899	0.33203	0.49371	0.01206	0.01539	0.01494	0.01130	0.01557	0.00959	0.01328	0.00774	0.00486	0.00518	0.00162	0.00648	0.00464	0.00248	0.00729
30	0.01153	0.27366	0.55276	0.01300	0.01969	0.01474	0.01603	0.01621	0.01087	0.01517	0.00869	0.01017	0.00662	0.00479	0.00445	0.00148	0.00703	0.00352	0.00221	0.00738
31	0.01604	0.02023	0.11106	0.01348	0.01602	0.42317	0.01150	0.01793	0.01221	0.04846	0.00841	0.01059	0.00702	0.00652	0.00856	0.00168	0.25432	0.00387	0.00267	0.00627
32	0.00691	0.00494	0.00669	0.00786	0.00842	0.00471	0.00578	0.00825	0.01060	0.01406	0.04337	0.59699	0.03354	0.01569	0.00678	0.00218	0.00348	0.21051	0.00484	0.00439
33	0.01146	0.00947	0.01266	0.03543	0.03907	0.01041	0.06780	0.06487	0.27010	0.03901	0.05793	0.11256	0.01984	0.00994	0.02165	0.00205	0.06026	0.14430	0.00456	0.00664
34	0.07183	0.01429	0.01368	0.01115	0.01469	0.11749	0.00904	0.46717	0.06861	0.05211	0.01553	0.01684	0.05688	0.00689	0.00517	0.00160	0.00573	0.03879	0.00475	0.00778
35	0.01214	0.01376	0.02981	0.06946	0.02774	0.01307	0.71998	0.01648	0.01218	0.01648	0.01046	0.01404	0.00784	0.00444	0.00609	0.00175	0.00867	0.00605	0.00261	0.00695
36	0.01000	0.00934	0.01566	0.67640	0.11132	0.01125	0.01404	0.01337	0.01082	0.01415	0.05622	0.01530	0.00964	0.00548	0.00526	0.00171	0.00659	0.00492	0.00255	0.00599
37	0.30943	0.01150	0.01637	0.01438	0.09334	0.03707	0.23284	0.03915	0.03412	0.01915	0.01410	0.04995	0.07795	0.00615	0.00516	0.00169	0.02258	0.00545	0.00329	0.00634
38	0.01353	0.00966	0.05765	0.00982	0.01247	0.02359	0.00839	0.01871	0.19346	0.21395	0.03236	0.05767	0.05161	0.04417	0.00718	0.00204	0.03438	0.19759	0.00499	0.00678
39	0.00709	0.00490	0.00607	0.00672	0.00695	0.00476	0.00435	0.00770	0.00902	0.01199	0.02285	0.38405	0.02680	0.39113	0.01599	0.00351	0.00412	0.07415	0.00404	0.00377
40	0.07508	0.01176	0.01865	0.02635	0.58917	0.01230	0.01395	0.03977	0.01189	0.01785	0.05632	0.01400	0.01044	0.00545	0.00609	0.00162	0.07398	0.00479	0.00288	0.00766
41	0.08172	0.01123	0.01491	0.32394	0.06683	0.01296	0.01155	0.23710	0.03968	0.08389	0.01125	0.01333	0.00825	0.00585	0.00577	0.00169	0.05462	0.00459	0.00369	0.00715

[dist]
# distance from previous block
# <min> <max>
0	3

[block]
# block no. 4 follows, 47 sequences, length 6
# corresponding to MSA columns:
# 399-404
name=unknown_E
#
# <colnr> <probs for GDERKNQSTAVLIFYWHMCP>
#	G	D	E	R	K	N	Q	S	T	A	V	L	I	F	Y	W	H	M	C	P
0	0.01115	0.01005	0.01606	0.45616	0.22067	0.01141	0.01342	0.07514	0.01241	0.01667	0.09491	0.01628	0.01209	0.00575	0.00530	0.00166	0.00616	0.00516	0.00299	0.00656
1	0.00722	0.00525	0.00675	0.00746	0.00834	0.00498	0.00567	0.00876	0.01123	0.01475	0.12482	0.29112	0.13891	0.09587	0.00870	0.00239	0.00366	0.24492	0.00476	0.00441
2	0.01752	0.02035	0.01402	0.01258	0.01507	0.54992	0.00957	0.10562	0.05171	0.01554	0.01095	0.08163	0.00987	0.00675	0.00572	0.00151	0.05737	0.00472	0.00327	0.00629
3	0.01601	0.31498	0.01875	0.01054	0.01433	0.10672	0.00904	0.18298	0.20599	0.05298	0.01256	0.01256	0.00974	0.00569	0.00448	0.00142	0.00563	0.00415	0.00388	0.00757
4	0.00752	0.09493	0.00854	0.00707	0.00829	0.00635	0.00533	0.00887	0.01108	0.01437	0.13179	0.37229	0.17390	0.05619	0.00722	0.00205	0.00341	0.07161	0.00458	0.00461
5	0.09408	0.10005	0.01416	0.00977	0.01370	0.01192	0.00819	0.19515	0.09051	0.38506	0.01610	0.01483	0.01092	0.00610	0.00485	0.00156	0.00479	0.00469	0.00530	0.00827

[dist]
# distance from previous block
# <min> <max>
0	3

[block]
# block no. 5 follows, 47 sequences, length 41
# corresponding to MSA columns:
# 408-448
name=unknown_F
#
# <colnr> <probs for GDERKNQSTAVLIFYWHMCP>
#	G	D	E	R	K	N	Q	S	T	A	V	L	I	F	Y	W	H	M	C	P
0	0.01852	0.04687	0.01517	0.01311	0.01573	0.64889	0.01005	0.07181	0.01471	0.01410	0.00836	0.00992	0.00698	0.00628	0.01992	0.00154	0.06548	0.00356	0.00282	0.00620
1	0.00992	0.00934	0.01577	0.78345	0.05624	0.01159	0.01450	0.01338	0.01045	0.01341	0.00927	0.01386	0.00698	0.00519	0.00521	0.00173	0.00692	0.00463	0.00232	0.00585
2	0.00757	0.00507	0.00576	0.00576	0.00579	0.00509	0.00326	0.00763	0.00760	0.01016	0.01633	0.03365	0.01875	0.79261	0.05062	0.00515	0.00533	0.00751	0.00314	0.00320
3	0.01080	0.00926	0.01080	0.00771	0.01234	0.00694	0.00617	0.01311	0.01080	0.01697	0.00926	0.01080	0.00771	0.00386	0.00386	0.00077	0.00386	0.00309	0.00309	0.84882
4	0.01328	0.00706	0.01015	0.00911	0.01134	0.00648	0.04692	0.01551	0.02517	0.28703	0.14875	0.21242	0.02678	0.01078	0.00612	0.00189	0.00407	0.14542	0.00543	0.00628
5	0.00651	0.00511	0.00589	0.00607	0.00735	0.00449	0.00441	0.00802	0.01216	0.01563	0.23400	0.22794	0.41732	0.01328	0.00627	0.00181	0.00268	0.01149	0.00507	0.00449
6	0.01920	0.02315	0.01490	0.01326	0.01602	0.67810	0.01009	0.10594	0.01562	0.01504	0.00851	0.00982	0.00696	0.00561	0.00521	0.00140	0.03832	0.00355	0.00296	0.00635
7	0.04865	0.01654	0.01517	0.01210	0.01593	0.17667	0.00978	0.58730	0.02194	0.02836	0.01140	0.01172	0.00830	0.00602	0.00503	0.00152	0.00643	0.00435	0.00462	0.00816
8	0.00634	0.00453	0.00604	0.00725	0.00755	0.00423	0.00483	0.00725	0.00997	0.01329	0.02870	0.81358	0.03444	0.01632	0.00665	0.00211	0.00302	0.01480	0.00483	0.00423
9	0.00654	0.00520	0.00582	0.00609	0.00742	0.00458	0.00450	0.00790	0.01156	0.01439	0.10265	0.17750	0.49593	0.05627	0.00740	0.00204	0.00299	0.07204	0.00481	0.00438
10	0.01188	0.01333	0.02878	0.02071	0.02563	0.01252	0.70201	0.01609	0.01232	0.01678	0.05334	0.01560	0.01033	0.00572	0.02848	0.00194	0.00858	0.00631	0.00281	0.00684
11	0.01046	0.00989	0.01674	0.64723	0.18824	0.01173	0.01477	0.01385	0.01071	0.01406	0.00937	0.01368	0.00721	0.00509	0.00520	0.00170	0.00679	0.00463	0.00237	0.00629
12	0.00630	0.00528	0.00548	0.00543	0.00713	0.00446	0.00407	0.00776	0.01222	0.01490	0.14213	0.04874	0.69249	0.01288	0.00615	0.00174	0.00262	0.01080	0.00495	0.00446
13	0.05796	0.02303	0.01452	0.01308	0.01568	0.68939	0.00993	0.04490	0.01442	0.01390	0.00809	0.00956	0.00674	0.00558	0.00534	0.00141	0.05416	0.00344	0.00277	0.00609
14	0.00699	0.00498	0.00613	0.00678	0.00762	0.00454	0.00475	0.00809	0.01066	0.03546	0.05024	0.47586	0.23252	0.07106	0.00788	0.00222	0.00318	0.05188	0.00478	0.00437
15	0.01015	0.00958	0.01619	0.72487	0.11300	0.01165	0.01462	0.01358	0.01056	0.01369	0.00931	0.01378	0.00708	0.00515	0.00520	0.00172	0.00686	0.00463	0.00234	0.00604
16	0.01289	0.01237	0.02114	0.03196	0.78450	0.01237	0.01598	0.01598	0.01186	0.01701	0.00980	0.01289	0.00825	0.00464	0.00516	0.00155	0.00619	0.00464	0.00258	0.00825
17	0.01043	0.00987	0.01670	0.65285	0.18280	0.01173	0.01476	0.01383	0.01070	0.01403	0.00936	0.01369	0.00720	0.00510	0.00520	0.00170	0.00679	0.00463	0.00237	0.00627
18	0.00983	0.00926	0.01562	0.80447	0.03587	0.01157	0.01446	0.01331	0.01041	0.01331	0.00926	0.01388	0.00694	0.00521	0.00521	0.00174	0.00694	0.00463	0.00231	0.00579
19	0.01377	0.78618	0.05992	0.00916	0.01376	0.02024	0.00935	0.01563	0.01060	0.01243	0.00733	0.00847	0.00668	0.00448	0.00341	0.00114	0.00566	0.00283	0.00223	0.00673
20	0.01939	0.01369	0.01489	0.01158	0.01560	0.01502	0.00951	0.61895	0.10425	0.10161	0.01418	0.01373	0.00999	0.00636	0.00522	0.00159	0.00544	0.00487	0.00533	0.00879
21	0.00628	0.00487	0.00573	0.00638	0.00733	0.00432	0.00446	0.00740	0.01089	0.01379	0.05461	0.46718	0.35849	0.01485	0.00642	0.00195	0.00284	0.01304	0.00485	0.00432
22	0.00626	0.00525	0.00544	0.00545	0.00711	0.00443	0.00407	0.00765	0.01203	0.01458	0.11016	0.07729	0.69626	0.01310	0.00617	0.00176	0.00264	0.01101	0.00491	0.00443
23	0.00644	0.00473	0.00605	0.00690	0.00751	0.00433	0.00473	0.00759	0.01079	0.01430	0.12170	0.61964	0.13569	0.01522	0.00652	0.00201	0.00290	0.01365	0.00494	0.00433
24	0.68475	0.00983	0.00856	0.00734	0.01073	0.01086	0.00605	0.01736	0.01009	0.17902	0.00996	0.01035	0.00712	0.00516	0.00363	0.00161	0.00411	0.00331	0.00388	0.00630
25	0.21106	0.00771	0.00819	0.00747	0.00969	0.00797	0.00577	0.08484	0.03340	0.12211	0.09931	0.19382	0.06029	0.00898	0.00500	0.00168	0.00357	0.00742	0.11581	0.00589
26	0.00720	0.00527	0.00676	0.00649	0.00770	0.00483	0.00483	0.00946	0.01419	0.01981	0.67128	0.09174	0.10851	0.01124	0.00618	0.00168	0.00251	0.00991	0.00560	0.00483
27	0.00717	0.00544	0.00585	0.00566	0.00740	0.00464	0.00424	0.00865	0.01231	0.05107	0.15479	0.04657	0.62080	0.03413	0.00666	0.00182	0.00276	0.01040	0.00499	0.00465
28	0.55189	0.01051	0.00981	0.00814	0.01168	0.01153	0.00672	0.13327	0.01253	0.18447	0.01084	0.01102	0.00765	0.00539	0.00395	0.00160	0.00437	0.00361	0.00420	0.00681
29	0.06262	0.00610	0.00683	0.00658	0.00809	0.00589	0.00482	0.01094	0.07274	0.04373	0.26874	0.11111	0.25216	0.10687	0.00832	0.00213	0.00317	0.00932	0.00491	0.00494
30	0.00971	0.00485	0.00485	0.00485	0.00607	0.00485	0.00364	0.01213	0.01092	0.01942	0.01699	0.01942	0.01335	0.00607	0.00364	0.00121	0.00243	0.00485	0.84589	0.00485
31	0.01034	0.00870	0.00940	0.00878	0.01102	0.00950	0.00669	0.01967	0.46261	0.01940	0.12344	0.10674	0.16303	0.00957	0.00570	0.00178	0.00353	0.00816	0.00522	0.00672
32	0.00736	0.00540	0.00594	0.00578	0.00726	0.00472	0.00419	0.00868	0.01178	0.05067	0.15908	0.06718	0.49947	0.12875	0.00907	0.00222	0.00305	0.01010	0.00481	0.00450
33	0.00640	0.00460	0.00598	0.00706	0.00742	0.00428	0.00469	0.00728	0.00994	0.01316	0.02930	0.72991	0.07327	0.06049	0.00772	0.00226	0.00311	0.01420	0.00474	0.00418
34	0.00673	0.00490	0.00643	0.00752	0.00814	0.00460	0.00545	0.00798	0.01056	0.01383	0.03090	0.58659	0.10883	0.01562	0.00671	0.00214	0.00334	0.16056	0.00483	0.00436
35	0.00637	0.00469	0.00599	0.00700	0.00756	0.00431	0.00479	0.00738	0.01033	0.01348	0.03250	0.67118	0.15332	0.01576	0.00658	0.00207	0.00301	0.03458	0.00483	0.00427
36	0.00668	0.00468	0.00621	0.00722	0.00767	0.00438	0.00498	0.00751	0.01009	0.01335	0.04629	0.64630	0.07760	0.01601	0.00763	0.06321	0.00320	0.05819	0.00467	0.00415
37	0.00745	0.00553	0.00813	0.00813	0.00898	0.00638	0.00621	0.00915	0.00830	0.01191	0.01417	0.02166	0.01354	0.10755	0.72856	0.00808	0.01317	0.00576	0.00282	0.00452
38	0.02097	0.00866	0.01152	0.00911	0.01274	0.00771	0.00745	0.06247	0.01498	0.64469	0.04131	0.06396	0.03846	0.00747	0.00541	0.00166	0.00433	0.02264	0.00619	0.00828
39	0.00789	0.00550	0.00627	0.00631	0.00671	0.00551	0.00394	0.03077	0.03199	0.01193	0.02046	0.13044	0.06591	0.59598	0.02095	0.00420	0.00464	0.03321	0.00364	0.00374
40	0.01179	0.01216	0.01576	0.20036	0.01914	0.08875	0.01199	0.01350	0.00919	0.01274	0.00752	0.01179	0.00685	0.00784	0.01311	0.00206	0.54291	0.00446	0.00233	0.00575

[dist]
# distance from previous block
# <min> <max>
0	2

# created by:
# /home/cegg/simao/soft/augustus-3.2.1/scripts/msa2prfl.pl ./align_prep/EOG091G0W5M.fa
