[name]
unknown

[dist]
# distance from previous block
# <min> <max>
0	66

[block]
# block no. 0 follows, 45 sequences, length 8
# corresponding to MSA columns:
# 96-103
name=unknown_A
#
# <colnr> <probs for GDERKNQSTAVLIFYWHMCP>
#	G	D	E	R	K	N	Q	S	T	A	V	L	I	F	Y	W	H	M	C	P
0	0.08404	0.00949	0.01189	0.07123	0.17826	0.06265	0.02509	0.01299	0.04187	0.01606	0.05905	0.14411	0.11899	0.10077	0.00816	0.00218	0.00507	0.03848	0.00381	0.00582
1	0.01624	0.06625	0.05494	0.05852	0.13465	0.16735	0.01134	0.20499	0.01577	0.07419	0.01289	0.07724	0.01108	0.00696	0.00589	0.00165	0.04510	0.02371	0.00382	0.00743
2	0.00668	0.00500	0.00603	0.00669	0.00746	0.00454	0.00456	0.00776	0.01093	0.01415	0.08768	0.46392	0.24419	0.09395	0.00869	0.00234	0.00317	0.01302	0.00488	0.00435
3	0.01435	0.05014	0.06846	0.04658	0.18102	0.23236	0.01138	0.03251	0.05735	0.02929	0.05327	0.01415	0.01094	0.00782	0.05405	0.00192	0.02789	0.00451	0.00317	0.09883
4	0.41422	0.01394	0.03513	0.03696	0.11015	0.13036	0.00952	0.06795	0.01156	0.02047	0.00838	0.01033	0.00676	0.00567	0.00571	0.00169	0.09791	0.00366	0.00312	0.00652
5	0.01556	0.10453	0.01937	0.14551	0.36610	0.01293	0.01323	0.07157	0.01339	0.16836	0.01209	0.01386	0.00909	0.00534	0.00513	0.00159	0.00604	0.00468	0.00355	0.00808
6	0.01206	0.01224	0.01612	0.01474	0.05601	0.06358	0.01157	0.01341	0.00890	0.01315	0.00780	0.01235	0.00756	0.01104	0.06969	0.00268	0.65400	0.00470	0.00243	0.00596
7	0.00762	0.00545	0.00702	0.00665	0.00777	0.00508	0.00486	0.00986	0.01434	0.02024	0.68726	0.03952	0.04704	0.10364	0.00876	0.00210	0.00284	0.00949	0.00560	0.00486

[dist]
# distance from previous block
# <min> <max>
1	90

[block]
# block no. 1 follows, 45 sequences, length 21
# corresponding to MSA columns:
# 194-214
name=unknown_B
#
# <colnr> <probs for GDERKNQSTAVLIFYWHMCP>
#	G	D	E	R	K	N	Q	S	T	A	V	L	I	F	Y	W	H	M	C	P
0	0.00724	0.00547	0.00668	0.00638	0.00780	0.00491	0.00479	0.00944	0.01436	0.01954	0.57113	0.04337	0.25579	0.01172	0.00633	0.00172	0.00259	0.01017	0.00565	0.00491
1	0.01335	0.01153	0.01214	0.01092	0.01396	0.01335	0.00850	0.02852	0.76817	0.02245	0.02185	0.02003	0.01639	0.00728	0.00546	0.00182	0.00425	0.00607	0.00546	0.00850
2	0.84927	0.01038	0.00789	0.00706	0.01038	0.01204	0.00581	0.01578	0.00914	0.02408	0.00747	0.00872	0.00581	0.00498	0.00332	0.00166	0.00415	0.00291	0.00332	0.00581
3	0.75753	0.01024	0.00840	0.00734	0.01075	0.01158	0.00604	0.01693	0.00983	0.10830	0.00900	0.00978	0.00664	0.00517	0.00355	0.00166	0.00420	0.00318	0.00369	0.00618
4	0.02037	0.01621	0.01601	0.01251	0.01664	0.10260	0.01022	0.67786	0.02412	0.03153	0.01238	0.01253	0.00888	0.00634	0.00531	0.00159	0.00633	0.00468	0.00508	0.00881
5	0.01934	0.01520	0.04446	0.03837	0.05894	0.01613	0.01104	0.66883	0.02356	0.03169	0.01251	0.01290	0.00895	0.00627	0.00536	0.00162	0.00605	0.00480	0.00501	0.00895
6	0.84927	0.01038	0.00789	0.00706	0.01038	0.01204	0.00581	0.01578	0.00914	0.02408	0.00747	0.00872	0.00581	0.00498	0.00332	0.00166	0.00415	0.00291	0.00332	0.00581
7	0.00634	0.00544	0.00544	0.00544	0.00725	0.00453	0.00408	0.00770	0.01224	0.01450	0.05438	0.05166	0.77569	0.01359	0.00634	0.00181	0.00272	0.01133	0.00498	0.00453
8	0.84927	0.01038	0.00789	0.00706	0.01038	0.01204	0.00581	0.01578	0.00914	0.02408	0.00747	0.00872	0.00581	0.00498	0.00332	0.00166	0.00415	0.00291	0.00332	0.00581
9	0.01064	0.00951	0.01541	0.06513	0.43853	0.00955	0.01174	0.01287	0.01111	0.01547	0.01621	0.23517	0.01711	0.09781	0.00819	0.00217	0.00539	0.00801	0.00335	0.00664
10	0.01528	0.09918	0.04660	0.03247	0.01258	0.01055	0.00773	0.18728	0.01484	0.15390	0.01485	0.01606	0.01108	0.00755	0.02289	0.04890	0.00477	0.00474	0.28186	0.00689
11	0.00850	0.00592	0.00705	0.00689	0.00845	0.00542	0.00512	0.01092	0.05256	0.07226	0.27153	0.17494	0.29068	0.03190	0.00684	0.00192	0.00305	0.02547	0.00538	0.00519
12	0.04912	0.00983	0.01272	0.00978	0.01393	0.00899	0.00808	0.10742	0.01627	0.67509	0.01983	0.01738	0.01259	0.00657	0.00533	0.00166	0.00470	0.00526	0.00640	0.00903
13	0.00877	0.00774	0.03430	0.01140	0.14440	0.00673	0.00747	0.01118	0.02945	0.04033	0.14735	0.05709	0.40067	0.01118	0.00616	0.00180	0.00376	0.05986	0.00468	0.00568
14	0.01108	0.02096	0.46856	0.04499	0.10520	0.04339	0.05602	0.03078	0.01177	0.01665	0.01270	0.12936	0.01136	0.00682	0.00545	0.00175	0.00711	0.00588	0.00282	0.00731
15	0.01455	0.00685	0.00830	0.00732	0.00954	0.00646	0.00569	0.05452	0.01336	0.27033	0.05473	0.13636	0.01826	0.00817	0.00495	0.00156	0.00345	0.00685	0.36226	0.00648
16	0.01531	0.00719	0.00979	0.00840	0.01083	0.00667	0.00657	0.01726	0.01331	0.37568	0.18969	0.06882	0.02336	0.06648	0.15219	0.00321	0.00588	0.00714	0.00547	0.00677
17	0.01164	0.01054	0.01782	0.19008	0.42006	0.01094	0.04368	0.01458	0.01173	0.03440	0.01405	0.12855	0.01338	0.00720	0.00570	0.00178	0.00607	0.04751	0.00315	0.00714
18	0.01279	0.01303	0.05333	0.10668	0.15447	0.04720	0.21821	0.11553	0.01355	0.01826	0.01339	0.13049	0.01220	0.00706	0.00634	0.00179	0.04319	0.00666	0.01880	0.00703
19	0.84927	0.01038	0.00789	0.00706	0.01038	0.01204	0.00581	0.01578	0.00914	0.02408	0.00747	0.00872	0.00581	0.00498	0.00332	0.00166	0.00415	0.00291	0.00332	0.00581
20	0.06080	0.00919	0.01225	0.00944	0.01356	0.00807	0.00780	0.02570	0.01509	0.74788	0.02057	0.01785	0.01296	0.00657	0.00531	0.00166	0.00455	0.00529	0.00650	0.00899

[dist]
# distance from previous block
# <min> <max>
0	1

[block]
# block no. 2 follows, 45 sequences, length 9
# corresponding to MSA columns:
# 216-224
name=unknown_C
#
# <colnr> <probs for GDERKNQSTAVLIFYWHMCP>
#	G	D	E	R	K	N	Q	S	T	A	V	L	I	F	Y	W	H	M	C	P
0	0.01473	0.05895	0.01342	0.01130	0.01304	0.35714	0.00856	0.05075	0.01226	0.01343	0.01114	0.03835	0.01100	0.18839	0.05585	0.00281	0.12526	0.00510	0.00298	0.00555
1	0.00726	0.00547	0.00671	0.00640	0.00781	0.00492	0.00480	0.00948	0.01440	0.01963	0.58099	0.04321	0.24588	0.01168	0.00633	0.00172	0.00258	0.01014	0.00566	0.00492
2	0.01354	0.01134	0.01203	0.01062	0.01365	0.01289	0.00831	0.10950	0.61047	0.02336	0.06447	0.02165	0.04888	0.00766	0.00554	0.00179	0.00428	0.00635	0.00546	0.00821
3	0.00653	0.00505	0.00596	0.00656	0.00758	0.00448	0.00461	0.00776	0.01145	0.01459	0.09231	0.43414	0.34971	0.01504	0.00660	0.00199	0.00291	0.01321	0.00505	0.00448
4	0.00820	0.00563	0.00677	0.00669	0.00822	0.00499	0.00501	0.00995	0.01306	0.07460	0.27273	0.17733	0.33338	0.01285	0.00640	0.00185	0.00295	0.03897	0.00540	0.00503
5	0.07667	0.01005	0.01268	0.00979	0.01391	0.00940	0.00808	0.12939	0.01636	0.62696	0.01912	0.01689	0.01222	0.00651	0.00526	0.00165	0.00473	0.00516	0.00625	0.00892
6	0.01014	0.00954	0.01610	0.79845	0.03697	0.01193	0.01491	0.01371	0.01073	0.01371	0.00954	0.01431	0.00716	0.00537	0.00537	0.00179	0.00716	0.00477	0.00239	0.00596
7	0.01677	0.34800	0.02014	0.01144	0.01506	0.32886	0.00961	0.05323	0.12049	0.01517	0.01008	0.01085	0.00834	0.00543	0.00438	0.00136	0.00712	0.00365	0.00307	0.00695
8	0.01050	0.06857	0.27569	0.07352	0.06831	0.01091	0.10228	0.01465	0.03090	0.01660	0.08325	0.13699	0.01585	0.00732	0.00549	0.00169	0.00618	0.00655	0.00325	0.06150

[dist]
# distance from previous block
# <min> <max>
0	4

[block]
# block no. 3 follows, 45 sequences, length 12
# corresponding to MSA columns:
# 229-240
name=unknown_D
#
# <colnr> <probs for GDERKNQSTAVLIFYWHMCP>
#	G	D	E	R	K	N	Q	S	T	A	V	L	I	F	Y	W	H	M	C	P
0	0.08432	0.06147	0.16421	0.02461	0.09687	0.07282	0.13784	0.03378	0.01245	0.09984	0.03541	0.08873	0.01245	0.00678	0.00568	0.00172	0.02674	0.02369	0.00349	0.00709
1	0.02119	0.00880	0.01162	0.00926	0.01291	0.00792	0.00752	0.02428	0.07417	0.62449	0.04845	0.05676	0.01594	0.00731	0.00543	0.00168	0.00431	0.00606	0.04337	0.00853
2	0.01167	0.01190	0.09255	0.10657	0.32311	0.01048	0.05288	0.01539	0.03886	0.05475	0.16019	0.04475	0.03987	0.00686	0.00564	0.00169	0.00565	0.00632	0.00365	0.00722
3	0.04367	0.05665	0.05976	0.06776	0.27399	0.09707	0.06076	0.06478	0.01365	0.15540	0.02660	0.03412	0.01033	0.00576	0.00523	0.00161	0.00643	0.00500	0.00365	0.00779
4	0.01083	0.05382	0.45623	0.01284	0.01836	0.01087	0.03698	0.01588	0.04810	0.05280	0.03460	0.08456	0.04657	0.00925	0.05207	0.00217	0.00702	0.03671	0.00323	0.00711
5	0.00677	0.00522	0.00622	0.00674	0.00788	0.00467	0.00493	0.00821	0.01189	0.01523	0.13430	0.33318	0.34453	0.01457	0.00662	0.00199	0.00303	0.07434	0.00510	0.00457
6	0.01024	0.01729	0.37600	0.08960	0.05538	0.01034	0.01380	0.03502	0.06321	0.01728	0.05429	0.13006	0.05442	0.00776	0.00549	0.00176	0.00602	0.00658	0.03858	0.00688
7	0.03427	0.01550	0.14310	0.03952	0.27839	0.06683	0.04879	0.12983	0.01447	0.05682	0.07564	0.01570	0.01214	0.00603	0.00573	0.00166	0.02968	0.01462	0.00351	0.00777
8	0.01306	0.01130	0.04515	0.03445	0.03662	0.09086	0.02937	0.01503	0.01156	0.13341	0.06476	0.02220	0.07820	0.04968	0.07643	0.00262	0.21326	0.03844	0.02743	0.00617
9	0.01270	0.00851	0.01146	0.11919	0.11589	0.00881	0.00870	0.10928	0.01347	0.10841	0.01950	0.09194	0.06623	0.04725	0.00641	0.00186	0.00469	0.05398	0.18528	0.00644
10	0.01009	0.00963	0.06503	0.06302	0.12311	0.00844	0.07223	0.05209	0.01315	0.04407	0.16810	0.08951	0.20150	0.01086	0.04321	0.00208	0.00520	0.00823	0.00426	0.00616
11	0.09355	0.12637	0.08027	0.10001	0.07270	0.21611	0.01116	0.07327	0.03534	0.03412	0.03361	0.01220	0.00894	0.00571	0.00537	0.00154	0.04779	0.00408	0.00311	0.03476

[dist]
# distance from previous block
# <min> <max>
0	3

[block]
# block no. 4 follows, 45 sequences, length 12
# corresponding to MSA columns:
# 244-247,300-307
name=unknown_E
#
# <colnr> <probs for GDERKNQSTAVLIFYWHMCP>
#	G	D	E	R	K	N	Q	S	T	A	V	L	I	F	Y	W	H	M	C	P
0	0.04276	0.13766	0.06147	0.05283	0.13742	0.06343	0.01051	0.08967	0.17009	0.04962	0.03270	0.04807	0.01256	0.04683	0.02016	0.00191	0.00584	0.00530	0.00381	0.00736
1	0.01306	0.04770	0.03082	0.02170	0.02698	0.04724	0.69557	0.01733	0.01271	0.01683	0.01061	0.01403	0.00804	0.00457	0.00615	0.00176	0.00894	0.00607	0.00270	0.00718
2	0.01161	0.01016	0.01581	0.13202	0.25453	0.01058	0.06953	0.06737	0.07310	0.01866	0.12888	0.02218	0.06169	0.00749	0.00621	0.03229	0.00545	0.02950	0.03609	0.00686
3	0.00736	0.00569	0.00683	0.00651	0.00778	0.00536	0.00481	0.00919	0.01316	0.01768	0.42384	0.04235	0.28992	0.09380	0.00894	0.00212	0.03490	0.00986	0.00518	0.00473
4	0.01107	0.04314	0.17508	0.01468	0.04557	0.01131	0.19885	0.04088	0.12139	0.01729	0.01751	0.20737	0.03260	0.00843	0.00622	0.00186	0.02841	0.00781	0.00368	0.00686
5	0.03533	0.00711	0.00853	0.00781	0.00955	0.00767	0.00611	0.05000	0.06131	0.09739	0.01914	0.02197	0.07312	0.04174	0.21704	0.00357	0.04956	0.00582	0.27145	0.00579
6	0.00786	0.00615	0.00782	0.10691	0.01153	0.00614	0.00603	0.03944	0.01198	0.01563	0.15716	0.21812	0.23998	0.11277	0.02631	0.00244	0.00404	0.01032	0.00456	0.00480
7	0.01819	0.01303	0.01417	0.01104	0.01487	0.01405	0.00904	0.58214	0.02240	0.05927	0.07338	0.01681	0.03910	0.00694	0.00534	0.00158	0.00524	0.00540	0.04732	0.04069
8	0.00883	0.00561	0.00719	0.00744	0.00857	0.00530	0.00545	0.01101	0.03762	0.07553	0.22985	0.37442	0.05630	0.01300	0.00630	0.00192	0.00316	0.05884	0.07852	0.00515
9	0.01470	0.76641	0.02734	0.00947	0.01395	0.06817	0.00926	0.01640	0.01117	0.01266	0.00751	0.00868	0.00689	0.00465	0.00353	0.00116	0.00598	0.00291	0.00232	0.00685
10	0.00725	0.00562	0.00663	0.00662	0.00800	0.00516	0.00487	0.00970	0.05055	0.01768	0.34813	0.17911	0.30552	0.01276	0.00638	0.00183	0.00279	0.01109	0.00539	0.00492
11	0.09040	0.01286	0.01380	0.01097	0.01482	0.01406	0.00896	0.45492	0.13446	0.12659	0.01507	0.01465	0.01070	0.00646	0.00513	0.00164	0.00517	0.00494	0.04586	0.00855

[dist]
# distance from previous block
# <min> <max>
0	2

[block]
# block no. 5 follows, 45 sequences, length 13
# corresponding to MSA columns:
# 310-322
name=unknown_F
#
# <colnr> <probs for GDERKNQSTAVLIFYWHMCP>
#	G	D	E	R	K	N	Q	S	T	A	V	L	I	F	Y	W	H	M	C	P
0	0.03836	0.35369	0.07765	0.01197	0.01637	0.19371	0.05916	0.13365	0.01423	0.01713	0.00895	0.01019	0.00732	0.00512	0.00439	0.00136	0.00694	0.00363	0.00296	0.03323
1	0.00983	0.00823	0.01047	0.01043	0.04917	0.05048	0.00765	0.05988	0.01034	0.01436	0.01327	0.01925	0.01225	0.06804	0.54210	0.00654	0.04514	0.00542	0.00304	0.05411
2	0.16436	0.16451	0.15294	0.02823	0.06131	0.11711	0.03593	0.07090	0.05066	0.01870	0.05408	0.01263	0.01004	0.00552	0.00457	0.00152	0.00624	0.00413	0.00319	0.03343
3	0.01336	0.03378	0.06885	0.11012	0.10283	0.02800	0.14476	0.08634	0.04181	0.10538	0.05046	0.10395	0.04600	0.00732	0.00584	0.00174	0.01623	0.00666	0.00392	0.02266
4	0.00723	0.00542	0.00670	0.00649	0.00782	0.00489	0.00482	0.00938	0.01417	0.01934	0.55419	0.09302	0.22284	0.01198	0.00637	0.00175	0.00262	0.01046	0.00563	0.00489
5	0.01317	0.02023	0.39359	0.01581	0.06977	0.06945	0.12115	0.01792	0.03147	0.10732	0.01453	0.03555	0.05356	0.00606	0.00543	0.00170	0.00720	0.00526	0.00322	0.00761
6	0.01446	0.05952	0.12847	0.09979	0.23801	0.09366	0.09023	0.13820	0.05160	0.01921	0.01076	0.01288	0.00833	0.00532	0.00526	0.00162	0.00707	0.00466	0.00315	0.00781
7	0.08353	0.01039	0.07355	0.01018	0.05655	0.02952	0.00814	0.04527	0.05650	0.23803	0.16464	0.02516	0.12548	0.00804	0.00542	0.00167	0.00435	0.00663	0.03991	0.00703
8	0.00679	0.00513	0.00605	0.00646	0.00739	0.00463	0.00446	0.00800	0.01139	0.01475	0.14994	0.33261	0.29126	0.11503	0.00918	0.00236	0.00315	0.01212	0.00491	0.00439
9	0.02816	0.08619	0.09348	0.06686	0.22234	0.08811	0.07287	0.07493	0.09486	0.03454	0.01186	0.03799	0.00971	0.00616	0.00592	0.02160	0.02871	0.00498	0.00325	0.00749
10	0.03698	0.14707	0.21838	0.01799	0.11077	0.05322	0.24351	0.04522	0.01261	0.04970	0.01020	0.01229	0.00777	0.00494	0.00520	0.00161	0.00750	0.00465	0.00281	0.00757
11	0.01380	0.00710	0.00885	0.00776	0.01022	0.00635	0.00603	0.04809	0.01397	0.30064	0.12102	0.16471	0.23164	0.01080	0.00598	0.00178	0.00359	0.00920	0.02199	0.00649
12	0.01110	0.06495	0.50090	0.01497	0.02137	0.01213	0.15086	0.01627	0.01172	0.01727	0.04424	0.01382	0.00962	0.00533	0.00516	0.00165	0.00728	0.00468	0.07932	0.00736

[dist]
# distance from previous block
# <min> <max>
0	1

[block]
# block no. 6 follows, 45 sequences, length 120
# corresponding to MSA columns:
# 325-353,388-410,415-451,456-461,465-489
name=unknown_G
#
# <colnr> <probs for GDERKNQSTAVLIFYWHMCP>
#	G	D	E	R	K	N	Q	S	T	A	V	L	I	F	Y	W	H	M	C	P
0	0.01329	0.04778	0.14396	0.03975	0.32101	0.10426	0.02870	0.05653	0.06029	0.01772	0.05039	0.04799	0.01186	0.00688	0.02499	0.00180	0.00678	0.00525	0.00317	0.00758
1	0.00915	0.00624	0.00821	0.02462	0.03533	0.00609	0.00637	0.03315	0.03693	0.06775	0.09467	0.38836	0.06699	0.07890	0.00826	0.00231	0.00388	0.11266	0.00493	0.00520
2	0.78640	0.01153	0.00844	0.00757	0.01085	0.07101	0.00616	0.01621	0.00960	0.02325	0.00754	0.00879	0.00590	0.00502	0.00344	0.00164	0.00457	0.00295	0.00328	0.00584
3	0.04772	0.06622	0.01228	0.00811	0.01276	0.00840	0.00664	0.01465	0.01132	0.06931	0.01010	0.01134	0.00815	0.00424	0.00401	0.00092	0.00415	0.00330	0.00336	0.69304
4	0.00707	0.00541	0.00619	0.00605	0.00755	0.00478	0.00452	0.00898	0.01340	0.01779	0.36357	0.07010	0.39959	0.01220	0.00623	0.00174	0.00264	0.01044	0.04695	0.00478
5	0.01157	0.34864	0.01701	0.02828	0.01186	0.01319	0.00757	0.02802	0.03406	0.03907	0.01217	0.01760	0.01148	0.14532	0.24819	0.00415	0.00825	0.00482	0.00294	0.00581
6	0.00886	0.00617	0.00836	0.00912	0.01039	0.00611	0.00763	0.01153	0.03659	0.03691	0.14014	0.11259	0.03294	0.03911	0.00772	0.00238	0.00441	0.50886	0.00510	0.00509
7	0.00661	0.00472	0.00631	0.00756	0.00790	0.00442	0.00511	0.00760	0.01035	0.01378	0.02955	0.78249	0.03535	0.01675	0.00687	0.00219	0.00318	0.03991	0.00498	0.00438
8	0.00765	0.00559	0.00667	0.00633	0.00791	0.00495	0.00477	0.00971	0.01405	0.04393	0.46924	0.04388	0.33198	0.01185	0.00631	0.00174	0.00267	0.01020	0.00557	0.00499
9	0.02019	0.02503	0.01512	0.01368	0.01650	0.76327	0.01029	0.02160	0.01522	0.03921	0.00873	0.00997	0.00713	0.00557	0.00486	0.00139	0.00951	0.00352	0.00290	0.00632
10	0.01081	0.00578	0.00586	0.00557	0.00706	0.00590	0.00425	0.07024	0.01234	0.02108	0.01715	0.01946	0.01340	0.00627	0.00388	0.00128	0.00276	0.00499	0.77660	0.00532
11	0.02354	0.00901	0.01228	0.00946	0.01351	0.00780	0.00780	0.02563	0.01536	0.75636	0.04620	0.01899	0.01453	0.00679	0.00543	0.00166	0.00450	0.00554	0.00662	0.00900
12	0.84927	0.01038	0.00789	0.00706	0.01038	0.01204	0.00581	0.01578	0.00914	0.02408	0.00747	0.00872	0.00581	0.00498	0.00332	0.00166	0.00415	0.00291	0.00332	0.00581
13	0.03652	0.00901	0.01106	0.01102	0.04832	0.00977	0.02589	0.03765	0.30359	0.04445	0.04198	0.06364	0.03183	0.03399	0.06568	0.00255	0.00529	0.17822	0.03283	0.00672
14	0.02127	0.01161	0.01362	0.01053	0.01453	0.01181	0.00867	0.37205	0.01972	0.37000	0.01698	0.01586	0.01136	0.00652	0.00526	0.00161	0.00504	0.00510	0.06966	0.00882
15	0.02476	0.00628	0.00739	0.00749	0.03369	0.00590	0.00539	0.03170	0.01307	0.03248	0.24264	0.08817	0.39835	0.02874	0.01796	0.00197	0.02454	0.01936	0.00504	0.00507
16	0.01625	0.00825	0.00958	0.00788	0.01076	0.00800	0.00631	0.12955	0.03347	0.26761	0.01768	0.01790	0.01266	0.00631	0.00458	0.00143	0.00380	0.00503	0.38066	0.05227
17	0.60921	0.01099	0.03006	0.00826	0.01169	0.01190	0.00697	0.08227	0.01132	0.10958	0.01020	0.03404	0.00790	0.00579	0.00434	0.00169	0.02961	0.00381	0.00387	0.00650
18	0.01275	0.01244	0.08005	0.12893	0.32057	0.02113	0.04033	0.05202	0.07091	0.06127	0.11059	0.03743	0.01515	0.00636	0.00552	0.00168	0.00589	0.00579	0.00363	0.00755
19	0.00741	0.00522	0.00599	0.00610	0.00655	0.00503	0.00380	0.00796	0.00936	0.01229	0.07905	0.12306	0.14715	0.51607	0.03925	0.00415	0.00460	0.00929	0.00391	0.00375
20	0.01091	0.05910	0.75346	0.01506	0.02286	0.01282	0.01941	0.01696	0.01132	0.01683	0.00955	0.01122	0.00680	0.00508	0.00503	0.00168	0.00785	0.00392	0.00227	0.00789
21	0.04706	0.50358	0.21398	0.01180	0.04401	0.07118	0.01204	0.01667	0.01129	0.01439	0.00816	0.00954	0.00688	0.00481	0.00401	0.00134	0.00652	0.00325	0.00238	0.00712
22	0.00954	0.00768	0.00878	0.00856	0.01033	0.00813	0.00646	0.01641	0.30270	0.01886	0.18586	0.19294	0.10481	0.03461	0.00679	0.00201	0.00358	0.06052	0.00531	0.00612
23	0.01415	0.07136	0.22123	0.01319	0.06725	0.01302	0.01213	0.19212	0.08730	0.04137	0.01167	0.01263	0.00881	0.00549	0.00521	0.00147	0.02782	0.00424	0.00364	0.18591
24	0.00900	0.00765	0.06211	0.00754	0.00969	0.00603	0.00630	0.02932	0.01397	0.06229	0.42425	0.06339	0.17209	0.03747	0.00681	0.00182	0.00338	0.02831	0.00524	0.04332
25	0.02887	0.21682	0.30166	0.01432	0.04944	0.08257	0.08450	0.07605	0.03182	0.05134	0.01015	0.01150	0.00772	0.00517	0.00481	0.00154	0.00712	0.00408	0.00291	0.00761
26	0.01332	0.31249	0.16985	0.07706	0.04758	0.04809	0.03237	0.05279	0.03083	0.04824	0.04197	0.02850	0.02593	0.00645	0.01489	0.00161	0.01550	0.02240	0.00307	0.00706
27	0.00988	0.00579	0.00699	0.00673	0.00772	0.00544	0.00453	0.01070	0.01035	0.12540	0.07012	0.13005	0.11289	0.42611	0.01717	0.00361	0.00439	0.03318	0.00439	0.00457
28	0.01258	0.03196	0.15212	0.14249	0.34684	0.03164	0.07751	0.03952	0.01209	0.02634	0.01021	0.01335	0.00814	0.00664	0.03893	0.00197	0.03264	0.00474	0.00268	0.00761
29	0.03736	0.01137	0.01730	0.19548	0.27810	0.03773	0.07314	0.06293	0.06620	0.01715	0.01210	0.05113	0.01037	0.02697	0.03781	0.04262	0.00669	0.00548	0.00311	0.00695
30	0.00791	0.02997	0.00972	0.00945	0.01060	0.00617	0.06899	0.00966	0.01125	0.01489	0.05200	0.48120	0.03158	0.01467	0.00685	0.00218	0.00418	0.21913	0.00473	0.00486
31	0.00846	0.00671	0.00804	0.00891	0.01025	0.03884	0.00744	0.01052	0.01227	0.01540	0.03307	0.12379	0.18525	0.01436	0.00703	0.00226	0.00452	0.49315	0.00486	0.00486
32	0.01605	0.24283	0.15332	0.05102	0.06421	0.20478	0.03029	0.10123	0.01401	0.06088	0.00979	0.01108	0.00764	0.00528	0.00468	0.00146	0.00722	0.00386	0.00304	0.00735
33	0.00809	0.00592	0.00723	0.00726	0.00864	0.00561	0.00542	0.01100	0.07423	0.04004	0.31355	0.22532	0.19582	0.01275	0.00643	0.00189	0.00306	0.05715	0.00542	0.00517
34	0.02005	0.02558	0.01521	0.01383	0.01659	0.78980	0.01037	0.02143	0.01521	0.01314	0.00830	0.00968	0.00691	0.00553	0.00484	0.00138	0.00968	0.00346	0.00277	0.00622
35	0.00767	0.00561	0.00799	0.00802	0.00876	0.00634	0.00595	0.00916	0.00850	0.01206	0.01528	0.04315	0.01523	0.20080	0.61166	0.00775	0.01219	0.00641	0.00301	0.00446
36	0.00767	0.00525	0.00673	0.00732	0.00778	0.00514	0.00498	0.00839	0.00980	0.03151	0.02596	0.43966	0.07460	0.20841	0.02861	0.04231	0.02508	0.05225	0.00437	0.00421
37	0.78904	0.01047	0.00833	0.00732	0.01071	0.01200	0.00603	0.03848	0.00988	0.05692	0.00822	0.00925	0.00623	0.00510	0.00347	0.00166	0.00422	0.00307	0.00353	0.00606
38	0.01724	0.01303	0.01394	0.01135	0.01504	0.01450	0.00916	0.42534	0.29890	0.05344	0.01794	0.01713	0.03748	0.00699	0.00540	0.00169	0.00508	0.00553	0.02213	0.00866
39	0.00930	0.00585	0.00779	0.00734	0.00872	0.00562	0.00550	0.01132	0.01297	0.10125	0.41267	0.08988	0.06366	0.07757	0.15289	0.00328	0.00520	0.00882	0.00512	0.00525
40	0.00987	0.00920	0.01086	0.01012	0.01134	0.10968	0.03234	0.01166	0.00982	0.01304	0.04503	0.01987	0.01360	0.06557	0.51397	0.00636	0.09398	0.00563	0.00295	0.00511
41	0.01212	0.00788	0.00932	0.00737	0.01071	0.00650	0.00582	0.01443	0.01191	0.11762	0.06529	0.01849	0.01401	0.03239	0.00515	0.00128	0.00367	0.02782	0.20437	0.42386
42	0.01278	0.01069	0.01123	0.00994	0.01288	0.01190	0.00778	0.12053	0.50837	0.02225	0.02763	0.02586	0.17798	0.00852	0.00564	0.00179	0.00414	0.00703	0.00535	0.00773
43	0.01133	0.01102	0.01957	0.44411	0.25715	0.01222	0.11078	0.01486	0.01136	0.01527	0.01003	0.01424	0.00788	0.00619	0.03026	0.00195	0.00739	0.00501	0.00252	0.00685
44	0.02044	0.00878	0.01182	0.00946	0.01290	0.00821	0.00774	0.05980	0.01447	0.57380	0.01922	0.01838	0.01298	0.01206	0.13117	0.00277	0.02328	0.00540	0.03911	0.00821
45	0.00768	0.00563	0.00722	0.00690	0.00818	0.00528	0.00514	0.01048	0.04030	0.02077	0.67240	0.09455	0.07247	0.01135	0.00634	0.00173	0.00264	0.01003	0.00580	0.00511
46	0.00674	0.00522	0.00615	0.00646	0.00766	0.00463	0.00467	0.00826	0.01232	0.01595	0.21776	0.28842	0.35721	0.01401	0.00652	0.00191	0.00283	0.02346	0.00520	0.00461
47	0.03702	0.03258	0.01341	0.01026	0.02932	0.02289	0.02257	0.16294	0.11999	0.04027	0.01207	0.01286	0.00939	0.00518	0.00479	0.00123	0.01869	0.00407	0.00396	0.43648
48	0.14818	0.01098	0.01486	0.11014	0.21295	0.01207	0.04620	0.03360	0.23032	0.01930	0.01413	0.04092	0.01165	0.04121	0.02935	0.00208	0.00569	0.00541	0.00371	0.00725
49	0.00856	0.00610	0.00849	0.00969	0.01086	0.00609	0.00837	0.01090	0.01216	0.01582	0.02812	0.08461	0.03071	0.03810	0.00798	0.00254	0.00489	0.69624	0.00489	0.00487
50	0.01329	0.01275	0.02179	0.03295	0.77787	0.01275	0.01647	0.01647	0.01222	0.01754	0.01010	0.01329	0.00850	0.00478	0.00531	0.00159	0.00638	0.00478	0.00266	0.00850
51	0.05769	0.03856	0.19593	0.08602	0.16739	0.01206	0.11089	0.07467	0.01309	0.10512	0.03976	0.03559	0.01070	0.00649	0.02128	0.00183	0.00671	0.00519	0.00342	0.00760
52	0.01343	0.01062	0.03541	0.53737	0.04842	0.01171	0.04502	0.07178	0.01272	0.14391	0.01181	0.01478	0.00839	0.00560	0.00541	0.00175	0.00671	0.00493	0.00334	0.00689
53	0.12678	0.04381	0.01849	0.32297	0.20205	0.04127	0.09594	0.03752	0.01161	0.01692	0.00944	0.01282	0.00743	0.00519	0.00539	0.00170	0.02657	0.00457	0.00271	0.00681
54	0.03955	0.09404	0.25552	0.07605	0.08262	0.01139	0.03493	0.03424	0.01204	0.03348	0.09234	0.03598	0.01589	0.04138	0.00661	0.00191	0.02201	0.09996	0.00335	0.00670
55	0.84927	0.01038	0.00789	0.00706	0.01038	0.01204	0.00581	0.01578	0.00914	0.02408	0.00747	0.00872	0.00581	0.00498	0.00332	0.00166	0.00415	0.00291	0.00332	0.00581
56	0.00975	0.00863	0.01280	0.32830	0.06079	0.00945	0.04171	0.03706	0.03202	0.03168	0.04917	0.02851	0.28429	0.00867	0.00620	0.00180	0.03225	0.00738	0.00372	0.00584
57	0.00645	0.00544	0.00558	0.00555	0.00731	0.00458	0.00416	0.00790	0.01248	0.01508	0.11404	0.05070	0.71566	0.01338	0.00634	0.00180	0.00270	0.01119	0.00506	0.00458
58	0.00845	0.00571	0.00738	0.00695	0.00842	0.00522	0.00531	0.01083	0.01473	0.06355	0.62156	0.05165	0.11224	0.01123	0.00634	0.00174	0.00279	0.04486	0.00581	0.00523
59	0.00720	0.00507	0.00591	0.00629	0.00665	0.00485	0.00391	0.00769	0.00921	0.01202	0.02628	0.27545	0.13471	0.45039	0.01796	0.00378	0.00420	0.01061	0.00404	0.00378
60	0.00935	0.00731	0.00844	0.00788	0.00968	0.00757	0.00598	0.01552	0.24389	0.02055	0.40824	0.03456	0.10165	0.04389	0.00689	0.00189	0.00323	0.02398	0.03353	0.00598
61	0.09375	0.01358	0.01474	0.01139	0.01557	0.01468	0.00941	0.56389	0.02207	0.16627	0.01389	0.01348	0.00958	0.00635	0.00520	0.00162	0.00551	0.00476	0.00542	0.00884
62	0.02012	0.01490	0.01595	0.01229	0.01654	0.01652	0.01013	0.73084	0.05482	0.03338	0.01324	0.01317	0.00942	0.00648	0.00537	0.00162	0.00584	0.00488	0.00537	0.00910
63	0.01160	0.01398	0.08490	0.01948	0.02439	0.01205	0.57936	0.01581	0.01261	0.01723	0.07141	0.06227	0.03579	0.00603	0.00627	0.00181	0.00794	0.00707	0.00312	0.00688
64	0.05067	0.00944	0.01238	0.00956	0.01361	0.00850	0.00789	0.07186	0.01578	0.68698	0.04216	0.01825	0.01387	0.00670	0.00535	0.00166	0.00458	0.00541	0.00643	0.00891
65	0.51203	0.01039	0.01007	0.00832	0.01200	0.01111	0.00686	0.08437	0.01254	0.26778	0.01234	0.01215	0.00850	0.00564	0.00417	0.00166	0.00444	0.00387	0.00457	0.00717
66	0.00979	0.00932	0.01757	0.01419	0.01687	0.00885	0.32789	0.03737	0.01183	0.01588	0.02048	0.37460	0.02207	0.04003	0.00735	0.00213	0.00592	0.04815	0.00396	0.00574
67	0.00732	0.00535	0.00649	0.00701	0.00790	0.00505	0.00501	0.00898	0.03136	0.01495	0.11314	0.32977	0.18690	0.12740	0.00951	0.00247	0.00347	0.09089	0.03251	0.00451
68	0.84927	0.01038	0.00789	0.00706	0.01038	0.01204	0.00581	0.01578	0.00914	0.02408	0.00747	0.00872	0.00581	0.00498	0.00332	0.00166	0.00415	0.00291	0.00332	0.00581
69	0.00670	0.00514	0.00609	0.00659	0.00764	0.00460	0.00468	0.00802	0.01166	0.01497	0.13387	0.36159	0.33129	0.04134	0.00729	0.00208	0.00301	0.03391	0.00504	0.00450
70	0.00774	0.00547	0.00722	0.00722	0.00769	0.00595	0.00495	0.00868	0.00821	0.01142	0.01567	0.02822	0.01652	0.43188	0.40269	0.00689	0.00972	0.00679	0.00307	0.00401
71	0.84927	0.01038	0.00789	0.00706	0.01038	0.01204	0.00581	0.01578	0.00914	0.02408	0.00747	0.00872	0.00581	0.00498	0.00332	0.00166	0.00415	0.00291	0.00332	0.00581
72	0.00763	0.00558	0.00793	0.00800	0.00873	0.00627	0.00591	0.00910	0.00855	0.01212	0.01576	0.06871	0.01591	0.19529	0.59083	0.00757	0.01188	0.00671	0.00307	0.00446
73	0.15551	0.01253	0.01287	0.01075	0.01432	0.01414	0.00865	0.29046	0.34853	0.05195	0.01620	0.01551	0.01190	0.00658	0.00507	0.00171	0.00484	0.00507	0.00511	0.00830
74	0.04217	0.00885	0.01138	0.00888	0.01270	0.00773	0.00725	0.04381	0.01476	0.55000	0.06246	0.02136	0.08472	0.00719	0.00533	0.00159	0.00426	0.00586	0.00597	0.09373
75	0.00767	0.00575	0.00863	0.00863	0.00959	0.00671	0.00671	0.00959	0.00863	0.01246	0.01438	0.02109	0.01342	0.04026	0.79008	0.00863	0.01438	0.00575	0.00288	0.00479
76	0.05324	0.01312	0.01440	0.01123	0.01526	0.01415	0.00923	0.51752	0.06787	0.17196	0.01496	0.01446	0.01041	0.00647	0.00523	0.00162	0.00534	0.00494	0.03980	0.00879
77	0.12358	0.01054	0.01237	0.00950	0.01369	0.01001	0.00781	0.16841	0.01576	0.39633	0.01566	0.01468	0.01054	0.00590	0.00487	0.00149	0.00467	0.00456	0.00533	0.16429
78	0.04890	0.01339	0.01434	0.01144	0.01531	0.01482	0.00931	0.49594	0.19478	0.07796	0.01542	0.01493	0.01108	0.00659	0.00527	0.00165	0.00528	0.00509	0.02975	0.00874
79	0.01329	0.01275	0.02179	0.03295	0.77787	0.01275	0.01647	0.01647	0.01222	0.01754	0.01010	0.01329	0.00850	0.00478	0.00531	0.00159	0.00638	0.00478	0.00266	0.00850
80	0.00791	0.00523	0.00628	0.00628	0.00639	0.00534	0.00378	0.00796	0.00784	0.01057	0.01603	0.03200	0.01800	0.65778	0.11897	0.06955	0.00627	0.00732	0.00314	0.00337
81	0.02408	0.00914	0.01246	0.00955	0.01370	0.00789	0.00789	0.02616	0.01536	0.78158	0.02118	0.01827	0.01329	0.00664	0.00540	0.00166	0.00457	0.00540	0.00664	0.00914
82	0.00666	0.00482	0.00630	0.00726	0.00778	0.00446	0.00494	0.00781	0.01100	0.01471	0.12263	0.66712	0.08284	0.01590	0.00676	0.00210	0.00302	0.01434	0.00510	0.00446
83	0.01006	0.00940	0.01578	0.77342	0.03599	0.01171	0.01454	0.01353	0.01064	0.01361	0.00977	0.01497	0.00755	0.03082	0.00606	0.00190	0.00709	0.00487	0.00241	0.00588
84	0.82303	0.01034	0.00803	0.00714	0.01049	0.01191	0.00588	0.01611	0.00933	0.04817	0.00791	0.00902	0.00605	0.00504	0.00339	0.00166	0.00417	0.00299	0.00343	0.00592
85	0.00688	0.00486	0.00637	0.00744	0.00778	0.00462	0.00503	0.00781	0.01009	0.01342	0.02771	0.64051	0.03289	0.12843	0.00978	0.00263	0.00355	0.07121	0.00474	0.00425
86	0.02399	0.00928	0.01255	0.00962	0.01378	0.00811	0.00795	0.04445	0.01561	0.76295	0.02097	0.01814	0.01318	0.00664	0.00540	0.00166	0.00460	0.00538	0.00661	0.00914
87	0.01083	0.02735	0.75979	0.01553	0.02339	0.01250	0.04316	0.01701	0.01138	0.01701	0.00967	0.01143	0.00684	0.00508	0.00514	0.00170	0.00797	0.00404	0.00228	0.00791
88	0.01967	0.01072	0.01277	0.01019	0.01390	0.01085	0.00828	0.21939	0.14552	0.37705	0.07615	0.01884	0.01556	0.00702	0.00543	0.00167	0.00466	0.00568	0.02805	0.00861
89	0.00660	0.00483	0.00621	0.00717	0.00774	0.00444	0.00488	0.00772	0.01092	0.01445	0.09431	0.65396	0.12513	0.01595	0.00675	0.00210	0.00302	0.01433	0.00506	0.00444
90	0.01588	0.06606	0.02236	0.03653	0.02069	0.04059	0.34968	0.07235	0.01370	0.20187	0.01346	0.01576	0.00996	0.03897	0.04000	0.00213	0.02310	0.00562	0.00384	0.00745
91	0.00915	0.00655	0.00897	0.00999	0.01136	0.00662	0.00872	0.04282	0.01290	0.01682	0.02776	0.05853	0.02997	0.01447	0.00733	0.00243	0.00498	0.71054	0.00496	0.00512
92	0.01077	0.02777	0.78354	0.01530	0.02323	0.01247	0.01983	0.01700	0.01133	0.01700	0.00963	0.01133	0.00680	0.00510	0.00510	0.00170	0.00793	0.00397	0.00227	0.00793
93	0.00887	0.00617	0.00772	0.00769	0.00902	0.00601	0.00571	0.03523	0.07281	0.05146	0.32987	0.29280	0.06584	0.01249	0.00636	0.00189	0.00318	0.04796	0.02352	0.00538
94	0.01247	0.01149	0.01870	0.17304	0.50983	0.01202	0.01457	0.01659	0.07558	0.03195	0.01335	0.03747	0.03769	0.00579	0.00542	0.00168	0.00609	0.00543	0.00307	0.00778
95	0.07525	0.01053	0.03613	0.00889	0.01310	0.00892	0.00742	0.02683	0.01090	0.01775	0.00916	0.01105	0.00767	0.00475	0.00553	0.00108	0.09455	0.00339	0.00311	0.64399
96	0.00858	0.00682	0.00956	0.02613	0.01065	0.00814	0.00725	0.01133	0.06667	0.01346	0.01528	0.07578	0.01463	0.06384	0.52356	0.00651	0.09918	0.00638	0.02114	0.00513
97	0.26726	0.06666	0.01402	0.01223	0.04230	0.48421	0.00916	0.01925	0.01304	0.01654	0.00807	0.00946	0.00664	0.00529	0.00432	0.00146	0.00768	0.00331	0.00290	0.00622
98	0.00700	0.00546	0.00637	0.00624	0.00773	0.00482	0.00469	0.00893	0.01356	0.01782	0.39134	0.07148	0.39078	0.01250	0.00638	0.00178	0.00270	0.03020	0.00542	0.00479
99	0.04894	0.01086	0.01266	0.09080	0.04118	0.05042	0.00912	0.22245	0.08107	0.04061	0.01387	0.03671	0.01169	0.05291	0.22659	0.00380	0.03021	0.00545	0.00391	0.00675
100	0.00738	0.00539	0.00694	0.00673	0.00793	0.00495	0.00498	0.00965	0.01442	0.02012	0.63673	0.12695	0.10411	0.01183	0.00639	0.00175	0.00261	0.01045	0.00574	0.00495
101	0.01357	0.01140	0.01209	0.01082	0.01383	0.01309	0.00849	0.07769	0.66872	0.02294	0.02135	0.02101	0.01634	0.00747	0.00548	0.00181	0.00434	0.03275	0.02850	0.00831
102	0.00693	0.00503	0.00649	0.00709	0.00783	0.00466	0.00496	0.00838	0.01187	0.01603	0.25150	0.47140	0.10308	0.04137	0.00735	0.00211	0.00302	0.03114	0.00520	0.00456
103	0.04105	0.01079	0.01279	0.01005	0.01391	0.03316	0.00821	0.19238	0.04507	0.48196	0.06207	0.01792	0.01425	0.00679	0.00535	0.00164	0.00484	0.00542	0.02372	0.00862
104	0.00745	0.00524	0.00680	0.00730	0.00770	0.00534	0.00499	0.00837	0.00915	0.01237	0.02136	0.27688	0.02424	0.33039	0.17959	0.00474	0.00646	0.07370	0.00386	0.00407
105	0.01113	0.00954	0.01113	0.00795	0.01272	0.00716	0.00636	0.01352	0.01113	0.01749	0.00954	0.01113	0.00795	0.00398	0.00398	0.00080	0.00398	0.00318	0.00318	0.84417
106	0.01256	0.00935	0.01109	0.00804	0.01263	0.00717	0.00645	0.01492	0.01161	0.10418	0.01111	0.01222	0.00874	0.00435	0.00413	0.00091	0.00400	0.00349	0.03021	0.72284
107	0.01435	0.81458	0.02813	0.00918	0.01378	0.02124	0.00918	0.01607	0.01091	0.01263	0.00746	0.00861	0.00689	0.00459	0.00344	0.00115	0.00574	0.00287	0.00230	0.00689
108	0.01335	0.01153	0.01214	0.01092	0.01396	0.01335	0.00850	0.02852	0.76817	0.02245	0.02185	0.02003	0.01639	0.00728	0.00546	0.00182	0.00425	0.00607	0.00546	0.00850
109	0.01455	0.70346	0.02629	0.01019	0.03494	0.08082	0.00940	0.01629	0.01120	0.01280	0.00783	0.00924	0.00715	0.00587	0.02995	0.00143	0.00636	0.00307	0.00236	0.00681
110	0.01335	0.01153	0.01214	0.01092	0.01396	0.01335	0.00850	0.02852	0.76817	0.02245	0.02185	0.02003	0.01639	0.00728	0.00546	0.00182	0.00425	0.00607	0.00546	0.00850
111	0.01113	0.00954	0.01113	0.00795	0.01272	0.00716	0.00636	0.01352	0.01113	0.01749	0.00954	0.01113	0.00795	0.00398	0.00398	0.00080	0.00398	0.00318	0.00318	0.84417
112	0.81051	0.01017	0.00786	0.00711	0.01033	0.01175	0.00586	0.01559	0.00927	0.02378	0.00826	0.01044	0.00669	0.00530	0.00345	0.00168	0.00415	0.02486	0.01717	0.00577
113	0.00764	0.00522	0.00629	0.00643	0.00660	0.00532	0.00394	0.00802	0.00820	0.01107	0.01798	0.12012	0.02045	0.61249	0.13326	0.00535	0.00627	0.00835	0.00339	0.00360
114	0.01685	0.03675	0.20670	0.04066	0.06616	0.01065	0.09410	0.02055	0.02579	0.34503	0.04984	0.01627	0.01202	0.00609	0.00574	0.00170	0.02731	0.00521	0.00444	0.00814
115	0.01402	0.02219	0.35259	0.03177	0.07458	0.23166	0.01444	0.03808	0.04375	0.03948	0.06230	0.01438	0.02557	0.00593	0.00519	0.00161	0.00753	0.00458	0.00308	0.00728
116	0.01077	0.02777	0.78354	0.01530	0.02323	0.01247	0.01983	0.01700	0.01133	0.01700	0.00963	0.01133	0.00680	0.00510	0.00510	0.00170	0.00793	0.00397	0.00227	0.00793
117	0.01439	0.07114	0.21350	0.01366	0.01785	0.31338	0.08584	0.03571	0.01337	0.01544	0.03671	0.08041	0.03175	0.00686	0.00530	0.00161	0.00774	0.02563	0.00307	0.00661
118	0.01200	0.03379	0.08002	0.06216	0.48218	0.01142	0.03004	0.01529	0.02721	0.03190	0.01461	0.12454	0.03771	0.00687	0.00552	0.00170	0.00593	0.00640	0.00314	0.00757
119	0.04296	0.07857	0.01436	0.03173	0.01498	0.03594	0.00899	0.22112	0.41638	0.02389	0.01710	0.02681	0.01312	0.02312	0.00564	0.00176	0.00504	0.00542	0.00490	0.00815

[dist]
# distance from previous block
# <min> <max>
0	1

[block]
# block no. 7 follows, 45 sequences, length 35
# corresponding to MSA columns:
# 492-526
name=unknown_H
#
# <colnr> <probs for GDERKNQSTAVLIFYWHMCP>
#	G	D	E	R	K	N	Q	S	T	A	V	L	I	F	Y	W	H	M	C	P
0	0.01295	0.01241	0.02132	0.03115	0.71000	0.01236	0.04100	0.01615	0.01240	0.01775	0.05229	0.01480	0.01081	0.00512	0.00540	0.00161	0.00626	0.00511	0.00284	0.00827
1	0.01113	0.00954	0.01113	0.00795	0.01272	0.00716	0.00636	0.01352	0.01113	0.01749	0.00954	0.01113	0.00795	0.00398	0.00398	0.00080	0.00398	0.00318	0.00318	0.84417
2	0.01031	0.08224	0.15906	0.05935	0.16762	0.01028	0.04181	0.01358	0.02862	0.01583	0.03426	0.23303	0.01812	0.00905	0.00571	0.00180	0.00554	0.06330	0.00350	0.03698
3	0.01069	0.02508	0.68848	0.01433	0.02148	0.01157	0.01806	0.01632	0.01139	0.03630	0.01262	0.06552	0.03239	0.00618	0.00526	0.00173	0.00737	0.00498	0.00264	0.00762
4	0.01335	0.01153	0.01214	0.01092	0.01396	0.01335	0.00850	0.02852	0.76817	0.02245	0.02185	0.02003	0.01639	0.00728	0.00546	0.00182	0.00425	0.00607	0.00546	0.00850
5	0.01209	0.01134	0.01984	0.21047	0.37925	0.01186	0.11253	0.01539	0.01206	0.03401	0.05343	0.01788	0.01178	0.00596	0.00596	0.00174	0.02763	0.04650	0.00299	0.00729
6	0.00779	0.00749	0.08220	0.05228	0.01110	0.00575	0.00700	0.00952	0.01093	0.04211	0.03009	0.52755	0.14621	0.01414	0.00648	0.00204	0.00383	0.02386	0.00463	0.00501
7	0.00647	0.00548	0.00562	0.00569	0.00747	0.00462	0.00433	0.00789	0.01224	0.01459	0.05293	0.05216	0.73401	0.01366	0.00640	0.00185	0.00284	0.05220	0.00498	0.00455
8	0.01992	0.01438	0.01544	0.01190	0.01603	0.01585	0.00981	0.70524	0.02429	0.04819	0.01330	0.01338	0.00946	0.00644	0.00528	0.00159	0.00570	0.00485	0.05002	0.00891
9	0.23350	0.02086	0.43361	0.01428	0.06115	0.03269	0.05479	0.05811	0.01175	0.01975	0.00930	0.01096	0.00684	0.00511	0.00472	0.00168	0.00684	0.00389	0.00278	0.00739
10	0.09358	0.01304	0.01307	0.01090	0.01437	0.06492	0.00872	0.28484	0.28240	0.08184	0.06373	0.01690	0.01414	0.00684	0.00524	0.00168	0.00510	0.00535	0.00517	0.00815
11	0.27632	0.01098	0.01149	0.00933	0.01291	0.01172	0.00763	0.23706	0.05278	0.21133	0.07347	0.01557	0.01284	0.00643	0.00478	0.00165	0.00460	0.00482	0.02663	0.00765
12	0.63896	0.01111	0.01100	0.00967	0.04024	0.01237	0.05659	0.08635	0.01135	0.06714	0.00908	0.01020	0.00680	0.00518	0.00390	0.00166	0.00475	0.00352	0.00364	0.00650
13	0.00828	0.00527	0.00690	0.00739	0.00832	0.00481	0.00519	0.00963	0.01175	0.08364	0.16331	0.54670	0.08912	0.01464	0.00659	0.00202	0.00311	0.01311	0.00530	0.00492
14	0.00977	0.00630	0.00796	0.00757	0.00860	0.00672	0.00567	0.02094	0.01919	0.06228	0.08159	0.04577	0.07131	0.16779	0.13250	0.05926	0.07481	0.04414	0.16298	0.00484
15	0.01557	0.05618	0.08788	0.01809	0.13845	0.01456	0.20226	0.25401	0.07865	0.04856	0.01229	0.01375	0.00917	0.00561	0.00570	0.00167	0.02038	0.00515	0.00384	0.00822
16	0.01509	0.01028	0.01214	0.00893	0.01350	0.00872	0.00724	0.12796	0.01409	0.17148	0.01235	0.01281	0.00919	0.00487	0.00447	0.00109	0.00438	0.00387	0.00420	0.55333
17	0.01253	0.24243	0.41834	0.01498	0.06265	0.01530	0.07173	0.05215	0.01195	0.01653	0.00924	0.01101	0.00714	0.00508	0.00509	0.00156	0.02824	0.00395	0.00248	0.00763
18	0.01164	0.20632	0.10626	0.01200	0.01583	0.01210	0.16958	0.01503	0.03564	0.05230	0.21086	0.02111	0.02010	0.05223	0.03464	0.00203	0.00604	0.00612	0.00370	0.00648
19	0.00763	0.00551	0.00722	0.00685	0.00811	0.00510	0.00517	0.01016	0.01511	0.02136	0.75297	0.04070	0.05007	0.01109	0.00636	0.00171	0.00260	0.03134	0.00588	0.00506
20	0.12191	0.00967	0.01216	0.00944	0.01350	0.00896	0.00780	0.07354	0.01528	0.64201	0.01900	0.01678	0.01212	0.00643	0.00515	0.00166	0.00461	0.00506	0.00616	0.00874
21	0.01262	0.05844	0.10937	0.09650	0.49001	0.04302	0.01533	0.01587	0.01183	0.01636	0.01080	0.05718	0.00951	0.00567	0.00554	0.00164	0.02478	0.00511	0.00269	0.00774
22	0.01232	0.03137	0.01751	0.08776	0.24020	0.05354	0.13006	0.03600	0.03310	0.05728	0.10113	0.04607	0.11576	0.00725	0.00571	0.00169	0.00587	0.00670	0.00373	0.00693
23	0.00796	0.00592	0.00689	0.00704	0.00853	0.00551	0.00529	0.01047	0.06738	0.04365	0.12463	0.21158	0.35146	0.03644	0.00707	0.00204	0.00326	0.08473	0.00513	0.00502
24	0.00730	0.00527	0.00671	0.00707	0.00792	0.00493	0.00509	0.00890	0.01218	0.01651	0.30809	0.27872	0.10296	0.11711	0.00932	0.00239	0.00332	0.08656	0.00510	0.00455
25	0.01282	0.03981	0.11164	0.08098	0.33051	0.05847	0.19586	0.01644	0.01197	0.01636	0.00997	0.01320	0.00804	0.00597	0.02625	0.00186	0.04476	0.00495	0.00259	0.00754
26	0.13947	0.66935	0.02474	0.00902	0.01328	0.01971	0.00876	0.01593	0.01056	0.01436	0.00745	0.00872	0.00673	0.00480	0.00386	0.00126	0.02992	0.00293	0.00245	0.00670
27	0.02005	0.00923	0.01160	0.00919	0.01289	0.00850	0.00749	0.10392	0.04888	0.52946	0.02620	0.02369	0.14852	0.00789	0.00557	0.00169	0.00437	0.00642	0.00616	0.00829
28	0.00751	0.00694	0.05817	0.00774	0.00909	0.00570	0.00600	0.01004	0.06236	0.01580	0.16093	0.42651	0.12968	0.05841	0.00763	0.00216	0.00347	0.01199	0.00490	0.00496
29	0.01468	0.07015	0.02048	0.06942	0.22373	0.16631	0.17204	0.01800	0.04326	0.07204	0.02550	0.03475	0.03381	0.00581	0.00541	0.00162	0.00713	0.00536	0.00324	0.00727
30	0.60893	0.01082	0.01069	0.10844	0.05741	0.03179	0.02494	0.01634	0.01011	0.06604	0.00878	0.01039	0.00665	0.00512	0.00392	0.00167	0.00493	0.00348	0.00333	0.00622
31	0.01521	0.06120	0.06803	0.02235	0.37995	0.22298	0.01355	0.05841	0.04783	0.01728	0.03606	0.01312	0.00969	0.00541	0.00511	0.00153	0.00708	0.00449	0.00303	0.00768
32	0.00794	0.00541	0.00604	0.00600	0.00614	0.00544	0.00344	0.00845	0.03157	0.01089	0.01809	0.03511	0.04005	0.76459	0.02607	0.00501	0.00511	0.00785	0.00337	0.00345
33	0.01061	0.02898	0.00922	0.00858	0.00986	0.13438	0.00627	0.04390	0.04361	0.01415	0.04118	0.10518	0.06713	0.28859	0.07265	0.00351	0.00617	0.09729	0.00386	0.00486
34	0.01810	0.01388	0.01486	0.01160	0.01551	0.03628	0.02744	0.60858	0.02270	0.02995	0.01893	0.01865	0.12399	0.00744	0.00552	0.00164	0.00561	0.00581	0.00518	0.00831

[dist]
# distance from previous block
# <min> <max>
0	1

[block]
# block no. 8 follows, 45 sequences, length 17
# corresponding to MSA columns:
# 528-544
name=unknown_I
#
# <colnr> <probs for GDERKNQSTAVLIFYWHMCP>
#	G	D	E	R	K	N	Q	S	T	A	V	L	I	F	Y	W	H	M	C	P
0	0.04320	0.00910	0.01012	0.00899	0.01140	0.00986	0.00699	0.12894	0.24343	0.02082	0.13329	0.02607	0.11413	0.05377	0.12688	0.00294	0.00564	0.00690	0.00479	0.03272
