[name]
unknown

[dist]
# distance from previous block
# <min> <max>
4	99

[block]
# block no. 0 follows, 46 sequences, length 6
# corresponding to MSA columns:
# 105,110-114
name=unknown_A
#
# <colnr> <probs for GDERKNQSTAVLIFYWHMCP>
#	G	D	E	R	K	N	Q	S	T	A	V	L	I	F	Y	W	H	M	C	P
0	0.05580	0.01379	0.01437	0.01206	0.03628	0.12050	0.05564	0.33518	0.05211	0.05158	0.01906	0.01917	0.14069	0.00737	0.00588	0.00165	0.04130	0.00574	0.00446	0.00736
1	0.00784	0.00635	0.00709	0.00683	0.00855	0.00611	0.00514	0.01186	0.14293	0.01781	0.28104	0.09230	0.36308	0.01170	0.00613	0.00177	0.00290	0.01001	0.00528	0.00529
2	0.85155	0.01022	0.00777	0.00695	0.01022	0.01186	0.00573	0.01554	0.00900	0.02372	0.00736	0.00859	0.00573	0.00491	0.00327	0.00164	0.00409	0.00286	0.00327	0.00573
3	0.16033	0.01237	0.01288	0.01051	0.01403	0.01371	0.00868	0.47996	0.05223	0.02855	0.01401	0.01754	0.01122	0.00697	0.00505	0.00167	0.00515	0.08042	0.05699	0.00773
4	0.01071	0.14729	0.01479	0.01071	0.04660	0.01117	0.07951	0.04730	0.13487	0.01731	0.13140	0.04843	0.21428	0.00880	0.00619	0.00168	0.05114	0.00736	0.00421	0.00626
5	0.00741	0.00527	0.00675	0.00657	0.00751	0.00494	0.00467	0.00932	0.01322	0.01854	0.57123	0.11769	0.04310	0.14895	0.00983	0.00231	0.00300	0.00980	0.00528	0.00461

[dist]
# distance from previous block
# <min> <max>
0	11

[block]
# block no. 1 follows, 46 sequences, length 23
# corresponding to MSA columns:
# 126-136,139-148,157,158
name=unknown_B
#
# <colnr> <probs for GDERKNQSTAVLIFYWHMCP>
#	G	D	E	R	K	N	Q	S	T	A	V	L	I	F	Y	W	H	M	C	P
0	0.01858	0.01115	0.02935	0.08956	0.01631	0.02699	0.00916	0.20969	0.10589	0.33392	0.01691	0.04047	0.01203	0.00727	0.00609	0.04277	0.00518	0.00539	0.00524	0.00805
1	0.00894	0.00510	0.00576	0.00577	0.00696	0.00516	0.00435	0.01119	0.01095	0.01800	0.07467	0.05402	0.06316	0.01297	0.13701	0.00255	0.00447	0.00616	0.55798	0.00484
2	0.01083	0.01089	0.07005	0.10714	0.24847	0.01042	0.01138	0.01657	0.19813	0.01712	0.02958	0.21273	0.01725	0.00844	0.00565	0.00180	0.00511	0.00759	0.00386	0.00698
3	0.01275	0.07025	0.01250	0.01015	0.01294	0.06899	0.00798	0.02364	0.53379	0.02059	0.14688	0.02149	0.02045	0.00747	0.00533	0.00169	0.00440	0.00616	0.00503	0.00752
4	0.00921	0.00494	0.00564	0.00580	0.00664	0.00491	0.00418	0.01054	0.01006	0.01639	0.01735	0.08033	0.01591	0.08349	0.00912	0.14390	0.00325	0.05055	0.51351	0.00428
5	0.00889	0.01037	0.14081	0.04623	0.01351	0.01938	0.05437	0.01136	0.00973	0.01395	0.01540	0.15200	0.01532	0.09837	0.25129	0.00421	0.05839	0.00699	0.06412	0.00532
6	0.37384	0.11866	0.07668	0.01199	0.07806	0.19836	0.02117	0.02731	0.01133	0.01850	0.00806	0.00957	0.00651	0.00505	0.00420	0.00151	0.01658	0.00333	0.00288	0.00641
7	0.01278	0.08498	0.13098	0.04477	0.14668	0.01351	0.23377	0.01961	0.20612	0.03389	0.01304	0.01459	0.00993	0.00535	0.00538	0.00167	0.00667	0.00522	0.00333	0.00772
8	0.01228	0.01806	0.23558	0.18003	0.05703	0.18779	0.08217	0.01585	0.01221	0.01518	0.04913	0.06272	0.03648	0.00636	0.00534	0.00166	0.00736	0.00539	0.00285	0.00653
9	0.00667	0.00503	0.00584	0.00627	0.00713	0.00456	0.00427	0.00768	0.01071	0.01370	0.08563	0.33377	0.30897	0.16299	0.01027	0.00253	0.00327	0.01187	0.00465	0.00420
10	0.01269	0.15523	0.34484	0.01570	0.02165	0.04970	0.22651	0.06594	0.01252	0.01693	0.00999	0.02644	0.00777	0.00510	0.00513	0.00160	0.00762	0.00462	0.00264	0.00738
11	0.85155	0.01022	0.00777	0.00695	0.01022	0.01186	0.00573	0.01554	0.00900	0.02372	0.00736	0.00859	0.00573	0.00491	0.00327	0.00164	0.00409	0.00286	0.00327	0.00573
12	0.01113	0.02407	0.61244	0.01843	0.15077	0.01239	0.06378	0.01667	0.01139	0.01684	0.00964	0.01167	0.00706	0.00494	0.00513	0.00166	0.00762	0.00418	0.00232	0.00787
13	0.00749	0.00545	0.00731	0.00696	0.00816	0.00526	0.00526	0.00989	0.01388	0.01970	0.64984	0.03634	0.04371	0.01566	0.13866	0.00281	0.00446	0.00890	0.00532	0.00494
14	0.00808	0.00647	0.00872	0.00804	0.00990	0.00575	0.04423	0.01031	0.02678	0.01692	0.23921	0.25559	0.11553	0.01149	0.00606	0.00174	0.00347	0.07044	0.00476	0.14650
15	0.02181	0.00979	0.01393	0.01337	0.14277	0.00886	0.00927	0.04870	0.01493	0.63073	0.01875	0.01699	0.01216	0.00623	0.00530	0.00162	0.00484	0.00520	0.00584	0.00889
16	0.00747	0.00508	0.00603	0.00623	0.00635	0.00509	0.00374	0.00776	0.00816	0.01094	0.01857	0.16418	0.02143	0.62340	0.07951	0.00487	0.00544	0.00878	0.00346	0.00350
17	0.01575	0.68137	0.02511	0.00911	0.01356	0.01871	0.00883	0.01750	0.01148	0.14241	0.00962	0.01008	0.00784	0.00486	0.00372	0.00122	0.00546	0.00325	0.00298	0.00716
18	0.01009	0.01142	0.12481	0.01078	0.01418	0.00926	0.06887	0.01497	0.13843	0.01624	0.01595	0.08634	0.04264	0.01423	0.17944	0.00308	0.03859	0.00594	0.00347	0.19128
19	0.03604	0.05093	0.08962	0.01484	0.01903	0.09923	0.28007	0.04545	0.01231	0.07238	0.01132	0.01407	0.00890	0.01081	0.13806	0.00274	0.01935	0.00500	0.00308	0.06680
20	0.01314	0.01021	0.01181	0.01030	0.01279	0.01162	0.00817	0.15488	0.32572	0.05642	0.10985	0.02036	0.01766	0.01305	0.13890	0.00290	0.06410	0.00601	0.00482	0.00730
21	0.01342	0.01376	0.01861	0.13899	0.48839	0.14329	0.01443	0.01627	0.01233	0.01589	0.01089	0.01603	0.00953	0.00564	0.00531	0.00163	0.00684	0.05863	0.00276	0.00738
22	0.00988	0.00659	0.00936	0.01076	0.06677	0.00639	0.00823	0.01215	0.01245	0.08622	0.09053	0.13005	0.04569	0.01300	0.00680	0.00219	0.00450	0.46805	0.00494	0.00544

[dist]
# distance from previous block
# <min> <max>
3	31

[block]
# block no. 2 follows, 46 sequences, length 7
# corresponding to MSA columns:
# 190-194,197,198
name=unknown_C
#
# <colnr> <probs for GDERKNQSTAVLIFYWHMCP>
#	G	D	E	R	K	N	Q	S	T	A	V	L	I	F	Y	W	H	M	C	P
0	0.01232	0.01293	0.08743	0.07099	0.59876	0.01173	0.01532	0.01522	0.01139	0.01624	0.00980	0.01326	0.00823	0.00608	0.00670	0.08255	0.00630	0.00463	0.00254	0.00760
1	0.01118	0.00966	0.08157	0.00732	0.00947	0.08627	0.00634	0.04846	0.01212	0.01880	0.01704	0.02041	0.04047	0.02683	0.00481	0.00146	0.00401	0.03056	0.55776	0.00545
2	0.01394	0.01244	0.03161	0.05980	0.01639	0.08937	0.07671	0.14526	0.01409	0.06347	0.01197	0.06653	0.01002	0.00567	0.00484	0.00130	0.00553	0.00478	0.00367	0.36262
3	0.01797	0.01225	0.01376	0.01056	0.01477	0.01247	0.00863	0.39743	0.08774	0.15668	0.01412	0.01383	0.01007	0.00589	0.00498	0.00143	0.00500	0.00459	0.00501	0.20280
4	0.01725	0.01377	0.09272	0.01275	0.07152	0.01288	0.01039	0.38391	0.07618	0.14435	0.04493	0.01750	0.06387	0.00683	0.00537	0.00163	0.00539	0.00546	0.00498	0.00832
5	0.09717	0.08856	0.01480	0.01122	0.01438	0.21233	0.00908	0.25746	0.09334	0.02184	0.01137	0.01224	0.00883	0.00608	0.00551	0.00154	0.06062	0.00418	0.06225	0.00719
6	0.32742	0.01145	0.01233	0.12774	0.12778	0.05908	0.00931	0.11313	0.04384	0.02141	0.01037	0.01223	0.00802	0.00537	0.00434	0.00159	0.00523	0.00402	0.08874	0.00661

[dist]
# distance from previous block
# <min> <max>
0	5

[block]
# block no. 3 follows, 46 sequences, length 24
# corresponding to MSA columns:
# 204-227
name=unknown_D
#
# <colnr> <probs for GDERKNQSTAVLIFYWHMCP>
#	G	D	E	R	K	N	Q	S	T	A	V	L	I	F	Y	W	H	M	C	P
0	0.03293	0.04495	0.01658	0.04206	0.10635	0.31034	0.05179	0.17445	0.06269	0.02945	0.01119	0.04019	0.00918	0.00604	0.00539	0.00154	0.02845	0.00464	0.00352	0.01825
1	0.00813	0.00648	0.00859	0.06047	0.01084	0.00705	0.00659	0.01055	0.07024	0.01488	0.08672	0.46560	0.02769	0.03323	0.02341	0.00221	0.09473	0.01107	0.02420	0.02733
2	0.01761	0.01794	0.01422	0.01225	0.01495	0.40964	0.03624	0.14176	0.01520	0.07786	0.01118	0.01362	0.00913	0.05901	0.05105	0.00212	0.04896	0.00440	0.03633	0.00654
3	0.01514	0.67507	0.02542	0.00987	0.01407	0.15963	0.00926	0.01678	0.01150	0.01253	0.00750	0.00867	0.00679	0.00469	0.00364	0.00117	0.00635	0.00293	0.00234	0.00667
4	0.00774	0.00550	0.00684	0.00652	0.00788	0.00501	0.00488	0.00983	0.01382	0.04036	0.53491	0.04161	0.19405	0.06224	0.00756	0.00193	0.00284	0.03616	0.00546	0.00488
5	0.01020	0.00952	0.01316	0.15451	0.01671	0.03849	0.05393	0.01346	0.08804	0.01447	0.04915	0.09983	0.04732	0.06509	0.07549	0.00273	0.21572	0.02320	0.00336	0.00563
6	0.00694	0.00515	0.00640	0.00686	0.00781	0.00473	0.00497	0.00844	0.01183	0.01564	0.22295	0.32272	0.20637	0.06368	0.00781	0.00215	0.00314	0.08289	0.00503	0.00450
7	0.00695	0.00531	0.00638	0.00627	0.00761	0.00474	0.00464	0.00888	0.01347	0.01803	0.45169	0.12103	0.30125	0.01228	0.00629	0.00175	0.00262	0.01066	0.00541	0.00474
8	0.01975	0.02520	0.01498	0.01362	0.01634	0.79299	0.01021	0.02111	0.01498	0.01294	0.00817	0.00953	0.00681	0.00545	0.00477	0.00136	0.00953	0.00340	0.00272	0.00613
9	0.00644	0.00460	0.00613	0.00736	0.00767	0.00429	0.00491	0.00736	0.01012	0.01350	0.02914	0.81076	0.03497	0.01656	0.00675	0.00215	0.00307	0.01503	0.00491	0.00429
10	0.07069	0.07555	0.03715	0.01390	0.06233	0.01316	0.14667	0.26295	0.01662	0.19501	0.01382	0.04520	0.01029	0.00609	0.00524	0.00162	0.00593	0.00527	0.00448	0.00802
11	0.00773	0.00561	0.00784	0.00811	0.00885	0.00585	0.02688	0.00920	0.00976	0.01377	0.02158	0.33256	0.02368	0.10451	0.20230	0.00395	0.03364	0.08264	0.08702	0.00453
12	0.00811	0.00589	0.00820	0.00732	0.00885	0.00549	0.05270	0.01068	0.01409	0.02041	0.58275	0.03534	0.07234	0.00980	0.00585	0.00161	0.00290	0.00871	0.13387	0.00509
13	0.04756	0.01387	0.04246	0.01234	0.04174	0.01466	0.01002	0.50488	0.14364	0.06095	0.01467	0.01570	0.01094	0.00666	0.00530	0.00166	0.00549	0.03384	0.00507	0.00855
14	0.01385	0.44704	0.20819	0.01273	0.06480	0.11690	0.01226	0.01664	0.01138	0.01385	0.00812	0.00966	0.00687	0.00494	0.00456	0.00136	0.03415	0.00334	0.00234	0.00701
15	0.00706	0.00534	0.00651	0.00632	0.00766	0.00479	0.00470	0.00912	0.01382	0.01872	0.52220	0.09063	0.25997	0.01191	0.00627	0.00173	0.00258	0.01036	0.00550	0.00479
16	0.01224	0.10698	0.17403	0.01612	0.05369	0.08140	0.28169	0.01666	0.05740	0.01653	0.07299	0.01702	0.05755	0.00587	0.00545	0.00163	0.00711	0.00561	0.00308	0.00694
17	0.00735	0.00677	0.05282	0.00689	0.00867	0.00539	0.00562	0.00987	0.02972	0.01837	0.44947	0.08970	0.26672	0.01153	0.00618	0.00173	0.00294	0.00998	0.00526	0.00502
18	0.01058	0.05799	0.04574	0.01907	0.36949	0.00999	0.01099	0.01376	0.04651	0.01709	0.14099	0.03937	0.18112	0.00786	0.00552	0.00163	0.00478	0.00695	0.00374	0.00681
19	0.01387	0.01474	0.04638	0.12205	0.43194	0.13598	0.03637	0.04667	0.04248	0.01676	0.01006	0.01281	0.00817	0.00522	0.00561	0.00161	0.03434	0.00457	0.00279	0.00759
20	0.01149	0.19221	0.58220	0.01483	0.06588	0.01411	0.01714	0.01652	0.01113	0.01587	0.00907	0.01071	0.00681	0.00490	0.00469	0.00155	0.00727	0.00373	0.00226	0.00763
21	0.01338	0.00735	0.01041	0.17414	0.01553	0.00729	0.00781	0.01594	0.01379	0.26337	0.31605	0.02576	0.02632	0.00793	0.00555	0.00164	0.00409	0.00683	0.07038	0.00645
22	0.11254	0.01314	0.01168	0.01024	0.01337	0.14425	0.00798	0.05910	0.38701	0.03752	0.01723	0.01675	0.04195	0.00649	0.00489	0.00159	0.00505	0.00503	0.02242	0.08177
23	0.11975	0.03938	0.23582	0.01114	0.01576	0.03016	0.01121	0.13670	0.10413	0.03496	0.03335	0.01792	0.02801	0.00656	0.00499	0.00163	0.00562	0.06957	0.00379	0.08956

[dist]
# distance from previous block
# <min> <max>
9	71

[block]
# block no. 4 follows, 46 sequences, length 42
# corresponding to MSA columns:
# 299-340
name=unknown_E
#
# <colnr> <probs for GDERKNQSTAVLIFYWHMCP>
#	G	D	E	R	K	N	Q	S	T	A	V	L	I	F	Y	W	H	M	C	P
0	0.00765	0.00558	0.00692	0.00733	0.00823	0.00535	0.00519	0.05827	0.01205	0.01608	0.15617	0.47352	0.11416	0.06262	0.00775	0.00218	0.00330	0.03798	0.00498	0.00470
1	0.01395	0.03674	0.20070	0.01508	0.01990	0.17603	0.19917	0.08432	0.01328	0.01716	0.00972	0.01188	0.00755	0.00591	0.02292	0.00169	0.04731	0.00441	0.00285	0.10944
2	0.01134	0.01085	0.01894	0.34840	0.33346	0.01174	0.08599	0.01471	0.01148	0.01555	0.01136	0.01767	0.00971	0.00579	0.00553	0.00175	0.00673	0.06940	0.00271	0.00691
3	0.00648	0.00484	0.00603	0.00684	0.00756	0.00439	0.00471	0.00762	0.01096	0.01429	0.09439	0.57155	0.21039	0.01536	0.00659	0.00202	0.00293	0.01369	0.00498	0.00439
4	0.01665	0.06980	0.04518	0.11216	0.13597	0.25261	0.04847	0.08420	0.03811	0.11857	0.02184	0.01299	0.00904	0.00554	0.00505	0.00153	0.00712	0.00442	0.00347	0.00728
5	0.05708	0.01468	0.08018	0.02411	0.05028	0.14937	0.00969	0.12498	0.19770	0.12567	0.01877	0.01833	0.09238	0.00688	0.00520	0.00164	0.00569	0.00540	0.00446	0.00751
6	0.01022	0.00964	0.01628	0.74341	0.09267	0.01181	0.01480	0.01371	0.01068	0.01379	0.00944	0.01402	0.00715	0.00524	0.00528	0.00175	0.00699	0.00470	0.00237	0.00606
7	0.01218	0.00641	0.00845	0.00761	0.00963	0.00582	0.00586	0.01411	0.01337	0.25360	0.27877	0.14887	0.12047	0.01318	0.07460	0.00234	0.00424	0.00893	0.00554	0.00603
8	0.01052	0.01010	0.01755	0.65683	0.12574	0.01195	0.06458	0.01406	0.01087	0.01419	0.00955	0.01398	0.00727	0.00516	0.00534	0.00174	0.00708	0.00480	0.00240	0.00626
9	0.01492	0.01568	0.01586	0.01475	0.07675	0.30074	0.11340	0.02653	0.08825	0.05631	0.01372	0.05399	0.01211	0.00984	0.07454	0.00227	0.03687	0.06348	0.00347	0.00653
10	0.01507	0.01816	0.19597	0.01573	0.02050	0.15902	0.23975	0.01970	0.07701	0.12861	0.01216	0.01354	0.00886	0.00554	0.00602	0.00168	0.04696	0.00494	0.00336	0.00741
11	0.06553	0.00813	0.00967	0.01087	0.12208	0.03516	0.00703	0.01361	0.10313	0.01947	0.33507	0.03047	0.14208	0.00896	0.00556	0.00164	0.00363	0.00767	0.06435	0.00589
12	0.01187	0.16773	0.52019	0.01534	0.05876	0.01409	0.07991	0.04360	0.01174	0.01661	0.00934	0.01109	0.00699	0.00492	0.00485	0.00158	0.00737	0.00398	0.00240	0.00764
13	0.01180	0.09839	0.39530	0.05183	0.05779	0.01396	0.08281	0.04245	0.04871	0.01647	0.00974	0.01194	0.00750	0.00568	0.00681	0.00173	0.12284	0.00432	0.00257	0.00736
14	0.01222	0.01168	0.01990	0.24666	0.57377	0.01233	0.01579	0.01547	0.01163	0.01622	0.00979	0.01337	0.00800	0.00487	0.00525	0.00162	0.00649	0.00471	0.00254	0.00768
15	0.01080	0.01010	0.01749	0.16216	0.20886	0.01046	0.16334	0.01468	0.07754	0.01590	0.01558	0.15060	0.01491	0.00822	0.00643	0.03241	0.00606	0.06460	0.00337	0.00649
16	0.01200	0.01040	0.01523	0.32932	0.16667	0.01190	0.01224	0.12439	0.07714	0.01799	0.01324	0.09987	0.01154	0.00691	0.00595	0.00175	0.04278	0.00593	0.02791	0.00681
17	0.01030	0.00858	0.01430	0.06454	0.01585	0.00858	0.18601	0.07728	0.01240	0.04426	0.03084	0.26458	0.04566	0.01354	0.08395	0.00261	0.00630	0.10054	0.00410	0.00578
18	0.02622	0.00625	0.00800	0.00731	0.00920	0.00568	0.00556	0.01386	0.01340	0.22572	0.29536	0.18693	0.08159	0.01047	0.00582	0.00172	0.00319	0.00910	0.07871	0.00591
19	0.01473	0.09405	0.01581	0.08236	0.10490	0.11689	0.03149	0.10785	0.11004	0.09462	0.01364	0.01650	0.01098	0.01103	0.12055	0.00261	0.00739	0.03369	0.00376	0.00712
20	0.02039	0.00970	0.01233	0.00976	0.01322	0.00941	0.00790	0.16705	0.01590	0.50751	0.01859	0.04662	0.01328	0.06172	0.03198	0.00212	0.03287	0.00570	0.00575	0.00819
21	0.00728	0.00582	0.00783	0.04081	0.06753	0.00559	0.00620	0.00885	0.01111	0.01453	0.08565	0.34988	0.24240	0.01584	0.07494	0.00251	0.00435	0.03954	0.00451	0.00482
22	0.10242	0.01462	0.05186	0.06364	0.10601	0.09310	0.05435	0.27941	0.01631	0.08096	0.01102	0.01241	0.00821	0.00595	0.00612	0.00166	0.07590	0.00449	0.00387	0.00766
23	0.01922	0.03806	0.02280	0.01013	0.04043	0.00927	0.00808	0.12012	0.01527	0.45107	0.01922	0.01784	0.06307	0.00642	0.00509	0.00149	0.00461	0.00518	0.00540	0.13725
24	0.54040	0.10184	0.01189	0.00888	0.01221	0.18390	0.00727	0.05079	0.01122	0.02057	0.00778	0.00897	0.00623	0.00505	0.00370	0.00152	0.00553	0.00306	0.00313	0.00608
25	0.00974	0.00634	0.00810	0.00726	0.00895	0.00599	0.00557	0.06148	0.01564	0.08854	0.66151	0.03583	0.04396	0.01014	0.00609	0.00166	0.00289	0.00887	0.00585	0.00560
26	0.06023	0.01417	0.01503	0.01169	0.01578	0.01569	0.00961	0.64846	0.08670	0.03155	0.01310	0.01305	0.00941	0.00629	0.00517	0.00159	0.00555	0.00473	0.00515	0.02704
27	0.05163	0.00947	0.04828	0.00829	0.01203	0.00742	0.01993	0.04923	0.01186	0.01794	0.07524	0.12010	0.06586	0.00697	0.00475	0.00124	0.00399	0.00588	0.00375	0.47613
28	0.01037	0.07185	0.58775	0.01369	0.02001	0.01170	0.04841	0.01528	0.01082	0.01570	0.01134	0.06636	0.00973	0.07623	0.00700	0.00198	0.00718	0.00501	0.00252	0.00708
29	0.65974	0.00994	0.00881	0.00752	0.01098	0.01091	0.00620	0.01791	0.01042	0.20008	0.01049	0.01077	0.00743	0.00529	0.00375	0.00164	0.00418	0.00343	0.00403	0.00648
30	0.01142	0.01262	0.02661	0.01942	0.02403	0.01179	0.62404	0.01532	0.01231	0.01646	0.01663	0.05631	0.09232	0.00627	0.00629	0.00182	0.00786	0.02875	0.00308	0.00665
31	0.01523	0.01521	0.08404	0.06125	0.20508	0.10788	0.13267	0.12912	0.05186	0.08580	0.01217	0.01475	0.00941	0.00573	0.00568	0.00166	0.02476	0.02648	0.00353	0.00770
32	0.00643	0.00464	0.00610	0.00726	0.00764	0.00430	0.00486	0.00737	0.01022	0.01353	0.03034	0.77329	0.07166	0.01641	0.00672	0.00213	0.00305	0.01484	0.00491	0.00430
33	0.00757	0.00522	0.00616	0.00616	0.00642	0.00531	0.00378	0.00795	0.00810	0.01083	0.01873	0.03355	0.06884	0.64154	0.14367	0.00542	0.00636	0.00761	0.00326	0.00352
34	0.01063	0.00923	0.01324	0.14668	0.01712	0.03756	0.10951	0.10798	0.01287	0.01709	0.03769	0.20452	0.07170	0.01137	0.05082	0.00223	0.02920	0.05946	0.04532	0.00578
35	0.01715	0.00944	0.01141	0.00962	0.01279	0.00954	0.00763	0.06008	0.27682	0.35908	0.07875	0.08902	0.01863	0.00795	0.00553	0.00173	0.00418	0.00668	0.00588	0.00807
36	0.00633	0.00525	0.00554	0.00569	0.00725	0.00446	0.00418	0.00767	0.01192	0.01449	0.08373	0.15395	0.64394	0.01370	0.00632	0.00183	0.00272	0.01161	0.00495	0.00446
37	0.03511	0.01104	0.01366	0.05734	0.05029	0.01251	0.00949	0.21091	0.12868	0.13439	0.10712	0.01768	0.01511	0.00740	0.00755	0.00177	0.15088	0.00554	0.01604	0.00748
38	0.01282	0.01229	0.02099	0.09719	0.71853	0.01249	0.01609	0.01600	0.01191	0.01695	0.00990	0.01317	0.00826	0.00476	0.00524	0.00159	0.00634	0.00471	0.00259	0.00816
39	0.01259	0.01117	0.01375	0.08057	0.01676	0.01270	0.07265	0.02503	0.60381	0.02062	0.01986	0.02074	0.01536	0.00714	0.00554	0.00182	0.00487	0.04229	0.00486	0.00787
40	0.00651	0.00526	0.00549	0.00559	0.00695	0.00456	0.00395	0.00759	0.01115	0.01353	0.04528	0.10839	0.58958	0.15112	0.00983	0.00239	0.00313	0.01087	0.00462	0.00423
41	0.09753	0.10395	0.09617	0.01811	0.25488	0.14808	0.02817	0.05629	0.06473	0.05556	0.01053	0.01200	0.00828	0.00519	0.00475	0.00151	0.00648	0.00414	0.00315	0.02048

[dist]
# distance from previous block
# <min> <max>
1	3

[block]
# block no. 5 follows, 46 sequences, length 13
# corresponding to MSA columns:
# 355-367
name=unknown_F
#
# <colnr> <probs for GDERKNQSTAVLIFYWHMCP>
#	G	D	E	R	K	N	Q	S	T	A	V	L	I	F	Y	W	H	M	C	P
0	0.00827	0.00563	0.00664	0.00629	0.00780	0.00524	0.00475	0.01094	0.04158	0.04082	0.43520	0.03737	0.20688	0.01035	0.00575	0.00162	0.00265	0.00888	0.14822	0.00510
1	0.01352	0.01075	0.01420	0.16923	0.15973	0.01174	0.01067	0.14140	0.20143	0.07093	0.01866	0.01935	0.09059	0.00678	0.00534	0.00168	0.00520	0.00575	0.03557	0.00749
2	0.00918	0.00459	0.00689	0.00689	0.00689	0.00459	0.00459	0.00689	0.00689	0.00918	0.00918	0.01607	0.00918	0.01837	0.02066	0.84619	0.00459	0.00459	0.00230	0.00230
3	0.01381	0.08388	0.05118	0.06788	0.06562	0.06190	0.40248	0.11311	0.01367	0.01800	0.01015	0.01295	0.00782	0.00510	0.00620	0.00169	0.04917	0.00524	0.00292	0.00722
4	0.44488	0.08739	0.14384	0.01005	0.01396	0.15750	0.00945	0.01668	0.01059	0.01907	0.00785	0.00932	0.00624	0.00518	0.00445	0.00158	0.03965	0.00321	0.00286	0.00625
5	0.01293	0.03037	0.01737	0.04801	0.29949	0.01112	0.07491	0.09454	0.03571	0.03731	0.04830	0.04104	0.01143	0.00550	0.00507	0.00143	0.00550	0.00505	0.00342	0.21151
6	0.10442	0.17046	0.04189	0.01196	0.01530	0.48763	0.00975	0.04060	0.04566	0.01505	0.00867	0.00981	0.00714	0.00530	0.00440	0.00138	0.00786	0.00340	0.00286	0.00644
7	0.00707	0.08959	0.00767	0.00574	0.00781	0.00617	0.00454	0.00844	0.01191	0.01409	0.04876	0.04648	0.69897	0.01247	0.00595	0.00172	0.00299	0.01029	0.00463	0.00470
8	0.00858	0.00721	0.01125	0.03614	0.01225	0.00684	0.12547	0.03516	0.01401	0.01919	0.45102	0.08584	0.12471	0.01025	0.00624	0.00175	0.00390	0.02981	0.00499	0.00538
9	0.00732	0.00540	0.00684	0.00648	0.00780	0.00492	0.00486	0.00966	0.01458	0.02028	0.68222	0.04100	0.14668	0.01115	0.00624	0.00168	0.00252	0.00977	0.00570	0.00492
10	0.00986	0.00568	0.00768	0.00797	0.00891	0.00552	0.00610	0.01065	0.01030	0.09306	0.02118	0.13755	0.02233	0.15206	0.01310	0.18027	0.00451	0.27040	0.02847	0.00440
11	0.01476	0.26840	0.12505	0.01292	0.06360	0.29681	0.02840	0.01706	0.01259	0.01381	0.01298	0.01405	0.08703	0.00586	0.00459	0.00140	0.00716	0.00425	0.00273	0.00656
12	0.01402	0.16892	0.23518	0.01584	0.08437	0.14461	0.13020	0.06119	0.06587	0.01671	0.01012	0.01172	0.00787	0.00511	0.00492	0.00153	0.00737	0.00425	0.00282	0.00739

[dist]
# distance from previous block
# <min> <max>
0	4

[block]
# block no. 6 follows, 46 sequences, length 15
# corresponding to MSA columns:
# 372-386
name=unknown_G
#
# <colnr> <probs for GDERKNQSTAVLIFYWHMCP>
#	G	D	E	R	K	N	Q	S	T	A	V	L	I	F	Y	W	H	M	C	P
0	0.00737	0.00540	0.00692	0.00654	0.00783	0.00494	0.00490	0.00977	0.01471	0.02060	0.71526	0.04048	0.11344	0.01103	0.00624	0.00167	0.00251	0.00970	0.00574	0.00494
1	0.01048	0.00854	0.00981	0.03856	0.01188	0.00929	0.00702	0.04378	0.35900	0.02109	0.31376	0.06971	0.05680	0.00919	0.00581	0.00175	0.00358	0.00793	0.00539	0.00664
2	0.00632	0.00536	0.00546	0.00543	0.00719	0.00449	0.00408	0.00773	0.01223	0.01470	0.09748	0.05019	0.73490	0.01323	0.00625	0.00178	0.00267	0.01106	0.00496	0.00449
3	0.01446	0.07299	0.04229	0.03896	0.15869	0.01296	0.03864	0.17116	0.21182	0.06993	0.03768	0.03077	0.04208	0.00655	0.00524	0.00163	0.00526	0.00554	0.02546	0.00787
4	0.01193	0.00937	0.01106	0.00795	0.01260	0.00710	0.00638	0.01425	0.01128	0.07527	0.01026	0.01149	0.00823	0.00411	0.00402	0.00085	0.00396	0.00330	0.00339	0.78321
5	0.01096	0.00940	0.01096	0.00783	0.01253	0.00705	0.00626	0.01331	0.01096	0.01723	0.00940	0.01096	0.00783	0.00392	0.00392	0.00078	0.00392	0.00313	0.00313	0.84653
6	0.00755	0.00566	0.00850	0.00850	0.00944	0.00661	0.00661	0.00944	0.00850	0.01227	0.01416	0.02077	0.01322	0.03965	0.79326	0.00850	0.01416	0.00566	0.00283	0.00472
7	0.02879	0.01279	0.05681	0.16298	0.29264	0.01235	0.22741	0.01688	0.02969	0.07465	0.01102	0.01392	0.00842	0.00505	0.00574	0.00170	0.02359	0.00515	0.00294	0.00749
8	0.01019	0.00709	0.00871	0.00771	0.00998	0.00645	0.00586	0.01368	0.09727	0.09308	0.31246	0.16630	0.04924	0.00966	0.00567	0.00158	0.00327	0.00844	0.00511	0.17826
9	0.05008	0.28716	0.50093	0.01271	0.01923	0.01511	0.01544	0.01639	0.01092	0.01564	0.00869	0.01016	0.00668	0.00485	0.00441	0.00149	0.00693	0.00350	0.00229	0.00738
10	0.01843	0.08706	0.01513	0.01249	0.01523	0.66228	0.00955	0.01992	0.01430	0.01349	0.00890	0.01034	0.00740	0.00544	0.00456	0.00133	0.00861	0.00349	0.07598	0.00608
11	0.00826	0.00516	0.00580	0.00569	0.00700	0.00484	0.00425	0.01049	0.01259	0.01906	0.29174	0.05922	0.16299	0.00943	0.00515	0.00151	0.00253	0.00801	0.37144	0.00484
12	0.01138	0.01111	0.03821	0.18302	0.27401	0.02667	0.07257	0.04815	0.02712	0.01621	0.04281	0.04570	0.05798	0.07688	0.00791	0.00201	0.04251	0.00599	0.00311	0.00665
13	0.51920	0.01002	0.00991	0.00980	0.07795	0.01099	0.00708	0.06948	0.01088	0.06034	0.01009	0.03103	0.00819	0.00797	0.06355	0.00210	0.00511	0.00387	0.02582	0.05665
14	0.01424	0.10481	0.01645	0.01674	0.23549	0.14969	0.01058	0.07908	0.08061	0.04996	0.08039	0.07612	0.03171	0.00697	0.00546	0.00158	0.02352	0.00575	0.00372	0.00713

[dist]
# distance from previous block
# <min> <max>
0	9

[block]
# block no. 7 follows, 46 sequences, length 19
# corresponding to MSA columns:
# 396-414
name=unknown_H
#
# <colnr> <probs for GDERKNQSTAVLIFYWHMCP>
#	G	D	E	R	K	N	Q	S	T	A	V	L	I	F	Y	W	H	M	C	P
0	0.20239	0.06878	0.03400	0.01257	0.08642	0.01321	0.06408	0.24328	0.01487	0.02326	0.01050	0.01196	0.00811	0.00544	0.00494	0.00150	0.03389	0.00414	0.07177	0.08489
1	0.04096	0.04292	0.04675	0.10828	0.28324	0.07593	0.11188	0.11433	0.01367	0.01847	0.01135	0.01607	0.00957	0.00575	0.00533	0.00164	0.00672	0.06011	0.00313	0.02389
2	0.03206	0.01133	0.12050	0.01047	0.01430	0.00870	0.03641	0.06902	0.03455	0.39848	0.01989	0.16551	0.01628	0.00834	0.00560	0.00177	0.00494	0.02892	0.00527	0.00769
3	0.00877	0.00536	0.00710	0.00733	0.00829	0.00523	0.00526	0.01025	0.01083	0.08595	0.11725	0.37598	0.02789	0.06897	0.14828	0.00328	0.00519	0.01035	0.08354	0.00488
4	0.01547	0.07856	0.01394	0.02423	0.02614	0.13883	0.02609	0.15209	0.13294	0.11784	0.01971	0.05706	0.09650	0.00771	0.00532	0.00163	0.00551	0.04413	0.00450	0.03180
5	0.01037	0.00952	0.01404	0.01214	0.01286	0.01234	0.05929	0.01207	0.00877	0.01353	0.01012	0.01501	0.00934	0.01696	0.22748	0.00387	0.46147	0.00504	0.08027	0.00550
6	0.00700	0.00538	0.00640	0.00615	0.00760	0.00478	0.00461	0.00905	0.01383	0.01850	0.49600	0.04393	0.33400	0.01181	0.00624	0.00171	0.00257	0.01018	0.00546	0.00478
7	0.01164	0.01151	0.01919	0.43349	0.29430	0.04004	0.08417	0.01504	0.01142	0.01511	0.00966	0.01360	0.00759	0.00501	0.00534	0.00168	0.00704	0.00480	0.00249	0.00687
8	0.01298	0.01427	0.09180	0.05813	0.65663	0.04045	0.01626	0.01635	0.01201	0.01693	0.00982	0.01282	0.00811	0.00479	0.00520	0.00158	0.00657	0.00459	0.00258	0.00815
9	0.00694	0.00539	0.00635	0.00640	0.00782	0.00480	0.00487	0.00878	0.01301	0.01696	0.32074	0.10469	0.37959	0.01278	0.00638	0.00183	0.00284	0.07990	0.00525	0.00468
10	0.00745	0.00562	0.00747	0.06612	0.00994	0.00537	0.00561	0.00975	0.01386	0.01918	0.57572	0.11790	0.11370	0.01123	0.00622	0.00173	0.00291	0.00991	0.00538	0.00493
11	0.01137	0.04164	0.45534	0.01420	0.04205	0.01133	0.08414	0.05425	0.01219	0.04467	0.06266	0.01791	0.01226	0.06655	0.00696	0.00196	0.00688	0.04343	0.00304	0.00716
12	0.01476	0.01476	0.01956	0.02501	0.48231	0.16666	0.06335	0.01752	0.01273	0.05610	0.01017	0.01255	0.00824	0.00487	0.00511	0.00149	0.00683	0.00447	0.00288	0.07064
13	0.01082	0.00938	0.01226	0.05172	0.01252	0.01186	0.00858	0.06830	0.06006	0.01416	0.01183	0.01982	0.01179	0.25287	0.06503	0.00342	0.36146	0.00571	0.00304	0.00536
14	0.00973	0.00804	0.02531	0.00838	0.00996	0.02601	0.00654	0.05081	0.07388	0.01649	0.09046	0.11600	0.07150	0.14591	0.03165	0.00252	0.07456	0.08224	0.08179	0.06821
15	0.01217	0.01249	0.07531	0.15738	0.28206	0.03969	0.06253	0.08415	0.03543	0.01770	0.01456	0.07533	0.05192	0.00650	0.00537	0.00166	0.00609	0.00587	0.04668	0.00709
16	0.10315	0.44796	0.04426	0.05322	0.08654	0.05900	0.04910	0.01700	0.06798	0.01525	0.00904	0.01048	0.00760	0.00488	0.00406	0.00137	0.00595	0.00358	0.00269	0.00690
17	0.07927	0.00967	0.01539	0.05485	0.01635	0.00996	0.22181	0.06766	0.07886	0.01853	0.07619	0.18982	0.01854	0.01775	0.00625	0.00185	0.02482	0.01945	0.06686	0.00613
18	0.01478	0.06693	0.16784	0.01159	0.04210	0.05078	0.04236	0.06557	0.02567	0.21454	0.01580	0.10052	0.01329	0.08166	0.00737	0.00196	0.01665	0.00598	0.04755	0.00706

[dist]
# distance from previous block
# <min> <max>
0	178

# created by:
# /home/cegg/simao/soft/augustus-3.2.1/scripts/msa2prfl.pl ./align_prep/EOG091G0RRA.fa
