[name]
unknown

[dist]
# distance from previous block
# <min> <max>
0	77

[block]
# block no. 0 follows, 53 sequences, length 18
# corresponding to MSA columns:
# 101-118
name=unknown_A
#
# <colnr> <probs for GDERKNQSTAVLIFYWHMCP>
#	G	D	E	R	K	N	Q	S	T	A	V	L	I	F	Y	W	H	M	C	P
0	0.00977	0.00757	0.03110	0.00954	0.01178	0.00689	0.14131	0.01302	0.08802	0.11970	0.17590	0.23204	0.08373	0.00946	0.00558	0.00168	0.00401	0.03901	0.00442	0.00549
1	0.01104	0.07602	0.47043	0.15315	0.02097	0.07016	0.01456	0.04044	0.04877	0.03743	0.00926	0.01088	0.00677	0.00475	0.00449	0.00147	0.00662	0.00371	0.00241	0.00667
2	0.01327	0.01709	0.35698	0.01254	0.03940	0.06512	0.06084	0.06240	0.08857	0.17163	0.01242	0.02607	0.00915	0.01668	0.00515	0.00156	0.01510	0.01556	0.00338	0.00709
3	0.11854	0.01115	0.14916	0.00913	0.01333	0.00817	0.00866	0.02079	0.01240	0.57590	0.01563	0.01419	0.01004	0.00550	0.00454	0.00148	0.00455	0.00432	0.00489	0.00760
4	0.01184	0.01117	0.01791	0.02592	0.66477	0.01145	0.01343	0.01654	0.14708	0.01638	0.01081	0.01287	0.00879	0.00465	0.00475	0.00145	0.00535	0.00446	0.00280	0.00757
5	0.01273	0.01046	0.03805	0.19185	0.41618	0.01036	0.04103	0.01587	0.03378	0.15240	0.01120	0.02607	0.00859	0.00489	0.00481	0.00149	0.00557	0.00457	0.00303	0.00707
6	0.01272	0.00794	0.00996	0.03750	0.03677	0.01789	0.02121	0.16596	0.03242	0.20003	0.08305	0.23950	0.07335	0.00894	0.00525	0.00160	0.00390	0.00773	0.02816	0.00611
7	0.02087	0.00905	0.01166	0.00894	0.01266	0.00838	0.00738	0.15606	0.01521	0.67059	0.01757	0.01543	0.01119	0.00588	0.00480	0.00147	0.00427	0.00472	0.00572	0.00813
8	0.12933	0.00923	0.01362	0.01030	0.01410	0.00857	0.14219	0.03833	0.01275	0.54820	0.01550	0.01447	0.01008	0.00539	0.00471	0.00150	0.00474	0.00465	0.00490	0.00746
9	0.00778	0.00659	0.03428	0.07361	0.01069	0.00679	0.02892	0.00957	0.02248	0.01330	0.17849	0.02317	0.05891	0.11419	0.21010	0.06743	0.07912	0.00605	0.04418	0.00437
10	0.01346	0.01011	0.02979	0.13752	0.29791	0.01012	0.05175	0.04481	0.09105	0.19451	0.01305	0.02568	0.00996	0.00604	0.02250	0.00165	0.00544	0.02396	0.00355	0.00711
11	0.01862	0.00852	0.01085	0.00870	0.01206	0.00808	0.00706	0.02325	0.19836	0.58948	0.04881	0.01738	0.01375	0.00620	0.00485	0.00151	0.00393	0.00509	0.00564	0.00786
12	0.00908	0.00639	0.00774	0.00685	0.00848	0.00630	0.00527	0.14424	0.01442	0.03717	0.53479	0.03056	0.09682	0.00960	0.00629	0.05547	0.00295	0.00764	0.00493	0.00503
13	0.01159	0.42879	0.06642	0.05975	0.01327	0.13334	0.00839	0.01331	0.01031	0.01198	0.02680	0.15276	0.03281	0.00651	0.00410	0.00130	0.00530	0.00504	0.00265	0.00557
14	0.02783	0.14100	0.19725	0.01202	0.07348	0.18622	0.02901	0.01521	0.06788	0.03287	0.01234	0.16034	0.01166	0.00661	0.00459	0.00146	0.00587	0.00538	0.00292	0.00606
15	0.15815	0.00818	0.00949	0.00867	0.00961	0.03562	0.00675	0.01141	0.05710	0.01333	0.01069	0.04656	0.01044	0.13667	0.15854	0.04269	0.25262	0.00489	0.01394	0.00465
16	0.00769	0.00579	0.00689	0.00645	0.00790	0.00575	0.00489	0.01180	0.14881	0.01865	0.54530	0.03242	0.10747	0.00915	0.00536	0.00151	0.00253	0.00795	0.05870	0.00499
17	0.01080	0.01100	0.05068	0.10126	0.32920	0.01025	0.14228	0.01451	0.06554	0.01534	0.02137	0.01309	0.00860	0.03107	0.00533	0.00147	0.00562	0.00444	0.00265	0.15549

[dist]
# distance from previous block
# <min> <max>
1	29

[block]
# block no. 1 follows, 53 sequences, length 26
# corresponding to MSA columns:
# 158-183
name=unknown_B
#
# <colnr> <probs for GDERKNQSTAVLIFYWHMCP>
#	G	D	E	R	K	N	Q	S	T	A	V	L	I	F	Y	W	H	M	C	P
0	0.02487	0.03323	0.12422	0.01416	0.07064	0.02868	0.24869	0.07135	0.05524	0.01585	0.01272	0.03536	0.04646	0.03623	0.05042	0.00199	0.06278	0.00521	0.05577	0.00612
1	0.00981	0.00676	0.00868	0.05771	0.04617	0.00675	0.00627	0.03424	0.11846	0.11562	0.37120	0.02877	0.13467	0.00908	0.02309	0.00167	0.00343	0.00726	0.00478	0.00559
2	0.00624	0.00465	0.00556	0.00572	0.00660	0.00423	0.00400	0.00749	0.01067	0.01412	0.27116	0.23920	0.25199	0.13637	0.00859	0.00212	0.00279	0.01005	0.00446	0.00397
3	0.86579	0.00924	0.00702	0.00629	0.00924	0.01072	0.00518	0.01405	0.00813	0.02144	0.00666	0.00776	0.00518	0.00444	0.00296	0.00148	0.00370	0.00259	0.00296	0.00518
4	0.00647	0.00535	0.00663	0.11557	0.01026	0.00508	0.00522	0.00829	0.01158	0.01487	0.28944	0.03812	0.44517	0.01035	0.00553	0.00157	0.00290	0.00882	0.00440	0.00436
5	0.86579	0.00924	0.00702	0.00629	0.00924	0.01072	0.00518	0.01405	0.00813	0.02144	0.00666	0.00776	0.00518	0.00444	0.00296	0.00148	0.00370	0.00259	0.00296	0.00518
6	0.01692	0.01218	0.01301	0.01011	0.01357	0.01342	0.00831	0.68141	0.02079	0.02846	0.01203	0.01233	0.00869	0.00571	0.00459	0.00139	0.00485	0.00432	0.12028	0.00763
7	0.86579	0.00924	0.00702	0.00629	0.00924	0.01072	0.00518	0.01405	0.00813	0.02144	0.00666	0.00776	0.00518	0.00444	0.00296	0.00148	0.00370	0.00259	0.00296	0.00518
8	0.01719	0.01290	0.01380	0.01080	0.01445	0.01437	0.00885	0.66814	0.14220	0.02855	0.01271	0.01246	0.00913	0.00585	0.00479	0.00146	0.00503	0.00447	0.00479	0.00804
9	0.01120	0.00954	0.01021	0.00922	0.01171	0.01089	0.00715	0.02318	0.68805	0.01988	0.12500	0.02025	0.01872	0.00693	0.00497	0.00161	0.00358	0.00584	0.00492	0.00715
10	0.00618	0.00483	0.00538	0.00526	0.00650	0.00426	0.00381	0.00755	0.01119	0.01438	0.27969	0.04078	0.45735	0.12229	0.00817	0.00199	0.00267	0.00921	0.00449	0.00403
11	0.00728	0.00546	0.02376	0.00605	0.00753	0.00467	0.00473	0.00936	0.01289	0.05492	0.58396	0.03644	0.20505	0.00998	0.00558	0.00153	0.00248	0.00866	0.00504	0.00463
12	0.00741	0.00583	0.00837	0.00828	0.00896	0.00691	0.00654	0.00893	0.00810	0.01151	0.01439	0.06157	0.01458	0.08406	0.50047	0.00568	0.12224	0.10900	0.00286	0.00430
13	0.04076	0.00780	0.01018	0.00797	0.01130	0.00697	0.00653	0.04145	0.01328	0.65900	0.01792	0.01614	0.01162	0.00583	0.00456	0.00143	0.00384	0.00469	0.12116	0.00756
14	0.00669	0.00488	0.00629	0.00594	0.00710	0.00448	0.00445	0.00888	0.01336	0.01877	0.75259	0.03635	0.09244	0.00992	0.00564	0.00151	0.00227	0.00873	0.00521	0.00448
15	0.01078	0.15673	0.19800	0.03571	0.08500	0.04682	0.19091	0.01370	0.00987	0.01324	0.00918	0.01337	0.00804	0.11658	0.00809	0.00190	0.06937	0.00443	0.00229	0.00599
16	0.00867	0.00806	0.01295	0.59663	0.06661	0.00965	0.01151	0.01143	0.00990	0.01278	0.05124	0.01818	0.11566	0.00613	0.00540	0.00160	0.04055	0.00524	0.00260	0.00521
17	0.00791	0.00481	0.00618	0.00659	0.00756	0.00433	0.00465	0.00894	0.01006	0.11964	0.02912	0.58448	0.16098	0.01326	0.00585	0.00182	0.00289	0.01180	0.00464	0.00448
18	0.07506	0.00829	0.01083	0.00838	0.01198	0.00744	0.00691	0.04465	0.01358	0.71587	0.03460	0.01600	0.01201	0.00590	0.00471	0.00148	0.00404	0.00473	0.00568	0.00787
19	0.01034	0.03957	0.63948	0.01508	0.08367	0.01152	0.06688	0.05074	0.01080	0.01580	0.00877	0.01043	0.00635	0.00453	0.00461	0.00150	0.00689	0.00374	0.00220	0.00709
20	0.00941	0.00877	0.01436	0.65313	0.11528	0.01055	0.01275	0.01313	0.05985	0.01308	0.00988	0.04159	0.00791	0.00519	0.00483	0.00159	0.00600	0.00465	0.00241	0.00565
21	0.00662	0.00488	0.00610	0.00585	0.00698	0.00447	0.00435	0.00856	0.01261	0.01738	0.60644	0.03758	0.16596	0.06285	0.00686	0.00174	0.00249	0.02900	0.00495	0.00433
22	0.01092	0.01224	0.08503	0.22196	0.30819	0.06229	0.09285	0.01418	0.03126	0.01416	0.01020	0.01351	0.02730	0.00521	0.00557	0.01412	0.04489	0.01732	0.00242	0.00638
23	0.01257	0.07069	0.14320	0.01763	0.25599	0.08593	0.12641	0.05939	0.03063	0.07009	0.01254	0.02443	0.05858	0.00521	0.00477	0.00145	0.00606	0.00468	0.00291	0.00683
24	0.01032	0.04055	0.69830	0.01417	0.06136	0.01152	0.01675	0.06443	0.01092	0.01604	0.00874	0.01022	0.00627	0.00459	0.00454	0.00149	0.00683	0.00360	0.00221	0.00714
25	0.14388	0.03445	0.01415	0.01512	0.19405	0.41042	0.03673	0.01628	0.01167	0.01422	0.00892	0.06184	0.00800	0.00529	0.00434	0.00137	0.00673	0.00403	0.00263	0.00589

[dist]
# distance from previous block
# <min> <max>
0	2

[block]
# block no. 2 follows, 53 sequences, length 18
# corresponding to MSA columns:
# 186-200,202-204
name=unknown_C
#
# <colnr> <probs for GDERKNQSTAVLIFYWHMCP>
#	G	D	E	R	K	N	Q	S	T	A	V	L	I	F	Y	W	H	M	C	P
0	0.00671	0.00556	0.04509	0.00694	0.00778	0.00477	0.00515	0.00867	0.05554	0.01342	0.02388	0.65159	0.02722	0.01293	0.00565	0.00181	0.00298	0.01161	0.09838	0.00432
1	0.01484	0.07551	0.06408	0.02725	0.14026	0.31381	0.03766	0.15218	0.03224	0.01634	0.03729	0.01115	0.00837	0.00521	0.00502	0.00138	0.04411	0.00389	0.00293	0.00648
2	0.00654	0.00533	0.00651	0.00641	0.00742	0.00531	0.00480	0.00795	0.01090	0.01442	0.25639	0.20148	0.33512	0.01161	0.00684	0.00170	0.09282	0.00975	0.00442	0.00427
3	0.00852	0.00708	0.00880	0.03761	0.06484	0.00720	0.01963	0.04069	0.18355	0.01755	0.30722	0.03074	0.22992	0.00886	0.00535	0.00155	0.00323	0.00764	0.00458	0.00546
4	0.00891	0.00445	0.00445	0.00445	0.00557	0.00445	0.00334	0.01114	0.01002	0.01782	0.01559	0.01782	0.01225	0.00557	0.00334	0.00111	0.00223	0.00445	0.85856	0.00445
5	0.00650	0.00494	0.00602	0.00593	0.00722	0.00446	0.00457	0.00841	0.01238	0.01657	0.46686	0.04110	0.29201	0.01092	0.00575	0.00162	0.00255	0.09295	0.00490	0.00434
6	0.00944	0.00809	0.00935	0.00683	0.01079	0.00611	0.00544	0.01147	0.01002	0.01528	0.01289	0.01388	0.09441	0.00448	0.00377	0.00081	0.00342	0.00363	0.00301	0.76687
7	0.01207	0.01010	0.01064	0.00936	0.01210	0.01143	0.00734	0.12828	0.60106	0.02061	0.02154	0.02006	0.10020	0.00700	0.00494	0.00159	0.00384	0.00577	0.00481	0.00725
8	0.01817	0.01339	0.01434	0.01100	0.01482	0.01482	0.00908	0.78627	0.02247	0.03012	0.01148	0.01148	0.00813	0.00574	0.00478	0.00143	0.00526	0.00430	0.00478	0.00813
9	0.00675	0.00470	0.00536	0.00536	0.00567	0.00466	0.00326	0.00707	0.00759	0.00995	0.01975	0.03241	0.13137	0.64696	0.08621	0.00444	0.00498	0.00726	0.00309	0.00317
10	0.01128	0.01289	0.02820	0.02015	0.02498	0.01209	0.78485	0.01531	0.01128	0.01531	0.00967	0.01289	0.00725	0.00403	0.00564	0.00161	0.00806	0.00564	0.00242	0.00645
11	0.02220	0.00997	0.01258	0.00997	0.01371	0.00899	0.00798	0.09834	0.04522	0.68044	0.01964	0.01812	0.01311	0.00705	0.00555	0.00180	0.00478	0.00533	0.00628	0.00895
12	0.01145	0.01088	0.03424	0.55260	0.16297	0.03268	0.02980	0.01389	0.01100	0.01459	0.01117	0.05480	0.00950	0.00640	0.00578	0.00190	0.02158	0.00525	0.00291	0.00661
13	0.01114	0.01341	0.07061	0.01934	0.02401	0.01218	0.69665	0.01508	0.01098	0.01508	0.00941	0.01259	0.00713	0.00431	0.00617	0.00163	0.05607	0.00544	0.00238	0.00641
14	0.00642	0.00431	0.00576	0.00673	0.00713	0.00400	0.00454	0.00729	0.00932	0.04254	0.02606	0.79783	0.03086	0.01463	0.00605	0.00192	0.00282	0.01325	0.00449	0.00404
15	0.00569	0.00480	0.00493	0.00499	0.00651	0.00404	0.00371	0.00690	0.01085	0.01304	0.06746	0.09711	0.72921	0.01223	0.00568	0.00163	0.00244	0.01028	0.00446	0.00404
16	0.00672	0.00541	0.00719	0.07608	0.00993	0.00534	0.02589	0.00896	0.06607	0.01363	0.09885	0.43244	0.20125	0.01210	0.00574	0.00177	0.00317	0.01076	0.00429	0.00443
17	0.01199	0.10170	0.21957	0.01784	0.16011	0.06593	0.27997	0.04295	0.01135	0.03033	0.00905	0.01119	0.00694	0.00436	0.00480	0.00146	0.00694	0.00431	0.00242	0.00680

[dist]
# distance from previous block
# <min> <max>
0	8

[block]
# block no. 3 follows, 53 sequences, length 67
# corresponding to MSA columns:
# 213-279
name=unknown_D
#
# <colnr> <probs for GDERKNQSTAVLIFYWHMCP>
#	G	D	E	R	K	N	Q	S	T	A	V	L	I	F	Y	W	H	M	C	P
0	0.01361	0.01542	0.01322	0.04205	0.04151	0.38313	0.00941	0.04242	0.01101	0.01237	0.00814	0.01104	0.00720	0.01057	0.13022	0.00248	0.23452	0.00382	0.00244	0.00542
1	0.39953	0.01270	0.05088	0.04787	0.14323	0.14830	0.00894	0.01468	0.00961	0.01702	0.00742	0.00933	0.00604	0.00493	0.00496	0.00149	0.09006	0.00326	0.01400	0.00573
2	0.00587	0.00419	0.00560	0.00671	0.00700	0.00392	0.00452	0.00673	0.00920	0.01225	0.02632	0.81013	0.03151	0.01493	0.00611	0.00195	0.00281	0.03191	0.00444	0.00389
3	0.01120	0.00958	0.01134	0.04333	0.06295	0.06434	0.04381	0.05441	0.22260	0.06387	0.13862	0.02119	0.10667	0.00786	0.02846	0.00168	0.03870	0.00586	0.00408	0.05945
4	0.00588	0.00420	0.00560	0.00662	0.00695	0.00392	0.00444	0.00680	0.00942	0.01262	0.07303	0.78102	0.03243	0.01466	0.00607	0.00191	0.00274	0.01329	0.00449	0.00392
5	0.41643	0.01120	0.01063	0.00868	0.01201	0.01267	0.00713	0.36480	0.07470	0.02527	0.00982	0.01022	0.00723	0.00518	0.00393	0.00147	0.00441	0.00358	0.00393	0.00670
6	0.01276	0.67406	0.07034	0.00920	0.01337	0.04000	0.03742	0.03286	0.04890	0.01251	0.00764	0.00862	0.00663	0.00429	0.00341	0.00112	0.00537	0.00292	0.00227	0.00630
7	0.00582	0.00418	0.00553	0.00660	0.00692	0.00389	0.00441	0.00666	0.00920	0.01222	0.02697	0.80675	0.05337	0.01489	0.00609	0.00193	0.00276	0.01349	0.00444	0.00389
8	0.01135	0.36178	0.42335	0.01142	0.01703	0.01455	0.03503	0.04945	0.01052	0.01419	0.00793	0.00922	0.00621	0.00439	0.00397	0.00131	0.00620	0.00322	0.00216	0.00671
9	0.01049	0.01072	0.05515	0.32201	0.02216	0.04993	0.12111	0.04430	0.16335	0.01538	0.02775	0.01811	0.02474	0.00601	0.00505	0.00162	0.00582	0.07257	0.01775	0.00599
10	0.01186	0.03550	0.01245	0.01075	0.01193	0.22314	0.00856	0.01415	0.07457	0.01248	0.00941	0.01272	0.00841	0.03184	0.13436	0.00267	0.32624	0.00418	0.04951	0.00528
11	0.01011	0.00866	0.01014	0.00732	0.01144	0.00679	0.00587	0.02894	0.01011	0.01578	0.00850	0.00996	0.00708	0.00372	0.00391	0.00076	0.02655	0.00290	0.00285	0.81861
12	0.01084	0.03496	0.31676	0.05807	0.15087	0.04869	0.08485	0.07422	0.03102	0.01626	0.06833	0.01499	0.05816	0.00544	0.00482	0.00149	0.00606	0.00472	0.00281	0.00663
13	0.00581	0.00433	0.00541	0.00625	0.00683	0.00393	0.00426	0.00676	0.00964	0.01252	0.04987	0.63962	0.19892	0.01422	0.00599	0.00186	0.00268	0.01271	0.00446	0.00393
14	0.01294	0.77041	0.02429	0.00892	0.03433	0.03159	0.00840	0.01450	0.00983	0.02457	0.00692	0.00799	0.00627	0.00421	0.00338	0.00106	0.01942	0.00268	0.00213	0.00618
15	0.00681	0.00471	0.00577	0.00571	0.00672	0.00436	0.00416	0.00864	0.01182	0.01683	0.45821	0.14516	0.12511	0.04699	0.00622	0.00166	0.00245	0.00884	0.12555	0.00429
16	0.01809	0.00766	0.01006	0.00803	0.01116	0.00692	0.00651	0.02091	0.07373	0.59666	0.11332	0.01885	0.01610	0.00640	0.00481	0.00147	0.00370	0.00529	0.06292	0.00740
17	0.00572	0.00483	0.00486	0.00486	0.00639	0.00407	0.00359	0.00686	0.01069	0.01272	0.04670	0.04524	0.75994	0.05434	0.00661	0.00177	0.00253	0.00993	0.00436	0.00398
18	0.01278	0.83490	0.02505	0.00818	0.01227	0.01891	0.00818	0.01431	0.00971	0.01125	0.00664	0.00767	0.00613	0.00409	0.00307	0.00102	0.00511	0.00256	0.00204	0.00613
19	0.86579	0.00924	0.00702	0.00629	0.00924	0.01072	0.00518	0.01405	0.00813	0.02144	0.00666	0.00776	0.00518	0.00444	0.00296	0.00148	0.00370	0.00259	0.00296	0.00518
20	0.02144	0.00813	0.01109	0.00850	0.01220	0.00702	0.00702	0.02329	0.01368	0.80552	0.01886	0.01627	0.01183	0.00592	0.00481	0.00148	0.00407	0.00481	0.00592	0.00813
21	0.01278	0.83490	0.02505	0.00818	0.01227	0.01891	0.00818	0.01431	0.00971	0.01125	0.00664	0.00767	0.00613	0.00409	0.00307	0.00102	0.00511	0.00256	0.00204	0.00613
22	0.00959	0.02472	0.80726	0.01362	0.02069	0.01110	0.01766	0.01514	0.01009	0.01514	0.00858	0.01009	0.00605	0.00454	0.00454	0.00151	0.00706	0.00353	0.00202	0.00706
23	0.00763	0.00530	0.00673	0.00625	0.00754	0.00503	0.00472	0.03148	0.03411	0.03738	0.68761	0.05069	0.04075	0.00941	0.00548	0.00150	0.00243	0.00827	0.04293	0.00476
24	0.01278	0.83490	0.02505	0.00818	0.01227	0.01891	0.00818	0.01431	0.00971	0.01125	0.00664	0.00767	0.00613	0.00409	0.00307	0.00102	0.00511	0.00256	0.00204	0.00613
25	0.01522	0.05015	0.06332	0.04069	0.09427	0.03549	0.00908	0.22573	0.02430	0.21653	0.06478	0.01467	0.01149	0.00687	0.03478	0.00167	0.02794	0.00459	0.05136	0.00706
26	0.03661	0.32618	0.09780	0.03065	0.02828	0.16351	0.06794	0.03923	0.02476	0.03274	0.02664	0.01149	0.00819	0.00576	0.02331	0.00147	0.04193	0.02487	0.00256	0.00609
27	0.00617	0.00439	0.00588	0.00694	0.00733	0.00417	0.00489	0.00719	0.00935	0.01241	0.02568	0.67021	0.03033	0.05044	0.00698	0.00210	0.00311	0.13413	0.00436	0.00392
28	0.01418	0.01558	0.01161	0.01051	0.01293	0.38914	0.00800	0.03304	0.31929	0.01606	0.09614	0.01566	0.02496	0.00616	0.00469	0.00142	0.00591	0.00470	0.00376	0.00625
29	0.00674	0.00431	0.00545	0.00625	0.00678	0.00406	0.00427	0.00786	0.00944	0.03064	0.02456	0.64537	0.04130	0.01296	0.00555	0.00177	0.00269	0.01162	0.16426	0.00409
30	0.00565	0.00484	0.00484	0.00484	0.00646	0.00403	0.00363	0.00686	0.01089	0.01291	0.04842	0.04600	0.80027	0.01210	0.00565	0.00161	0.00242	0.01009	0.00444	0.00403
31	0.01183	0.01136	0.01940	0.02934	0.80221	0.01136	0.01467	0.01467	0.01088	0.01562	0.00899	0.01183	0.00757	0.00426	0.00473	0.00142	0.00568	0.00426	0.00237	0.00757
32	0.86579	0.00924	0.00702	0.00629	0.00924	0.01072	0.00518	0.01405	0.00813	0.02144	0.00666	0.00776	0.00518	0.00444	0.00296	0.00148	0.00370	0.00259	0.00296	0.00518
33	0.86579	0.00924	0.00702	0.00629	0.00924	0.01072	0.00518	0.01405	0.00813	0.02144	0.00666	0.00776	0.00518	0.00444	0.00296	0.00148	0.00370	0.00259	0.00296	0.00518
34	0.86579	0.00924	0.00702	0.00629	0.00924	0.01072	0.00518	0.01405	0.00813	0.02144	0.00666	0.00776	0.00518	0.00444	0.00296	0.00148	0.00370	0.00259	0.00296	0.00518
35	0.81389	0.00918	0.00727	0.00642	0.00943	0.01050	0.00529	0.01462	0.00848	0.06964	0.00741	0.00829	0.00559	0.00453	0.00307	0.00148	0.00372	0.00272	0.00314	0.00536
36	0.00935	0.00458	0.00469	0.00460	0.00580	0.00455	0.00347	0.01156	0.01015	0.04546	0.01571	0.01776	0.01224	0.00558	0.00339	0.00113	0.00229	0.00447	0.82864	0.00458
37	0.00652	0.00508	0.00771	0.00790	0.00860	0.00487	0.07316	0.00769	0.00933	0.01266	0.02404	0.70973	0.02820	0.01353	0.00619	0.00189	0.02223	0.01235	0.03417	0.00416
38	0.01077	0.00818	0.00918	0.00866	0.01069	0.00898	0.00654	0.01935	0.48348	0.08206	0.02157	0.27211	0.01970	0.00910	0.00525	0.00171	0.00349	0.00792	0.00482	0.00646
39	0.01111	0.01299	0.04738	0.01967	0.02445	0.01187	0.74737	0.01511	0.01120	0.01523	0.01003	0.03173	0.00779	0.00430	0.00562	0.00162	0.00791	0.00577	0.00245	0.00640
40	0.00959	0.02472	0.80726	0.01362	0.02069	0.01110	0.01766	0.01514	0.01009	0.01514	0.00858	0.01009	0.00605	0.00454	0.00454	0.00151	0.00706	0.00353	0.00202	0.00706
41	0.01183	0.01136	0.01940	0.02934	0.80221	0.01136	0.01467	0.01467	0.01088	0.01562	0.00899	0.01183	0.00757	0.00426	0.00473	0.00142	0.00568	0.00426	0.00237	0.00757
42	0.00570	0.00484	0.00491	0.00489	0.00649	0.00406	0.00367	0.00696	0.01101	0.01319	0.08175	0.04554	0.76677	0.01200	0.00565	0.00161	0.00241	0.01002	0.00447	0.00406
43	0.00658	0.00486	0.00615	0.00587	0.00704	0.00443	0.00439	0.00866	0.01304	0.01811	0.67428	0.05923	0.14912	0.01024	0.00565	0.00153	0.00229	0.00898	0.00512	0.00443
44	0.02112	0.03864	0.01161	0.00849	0.01220	0.00746	0.00707	0.02296	0.01353	0.77621	0.01841	0.01595	0.01162	0.00585	0.00474	0.00146	0.00411	0.00472	0.00577	0.00806
45	0.19393	0.01152	0.01204	0.00952	0.01294	0.01269	0.00781	0.50955	0.01775	0.09375	0.01126	0.01194	0.00823	0.02975	0.03478	0.00177	0.00509	0.00409	0.00437	0.00723
46	0.00989	0.00545	0.00570	0.00539	0.00673	0.02009	0.00410	0.04713	0.01055	0.05674	0.01517	0.01777	0.01206	0.03352	0.07074	0.00180	0.00352	0.00457	0.66430	0.00476
47	0.02054	0.00879	0.01141	0.00883	0.01248	0.00811	0.00727	0.10089	0.06097	0.68006	0.01814	0.01587	0.01162	0.00593	0.00481	0.00148	0.00417	0.00479	0.00574	0.00810
48	0.01195	0.05487	0.10850	0.02504	0.59348	0.01194	0.05136	0.05720	0.01139	0.01612	0.00899	0.01145	0.00734	0.00435	0.00467	0.00142	0.00590	0.00416	0.00245	0.00742
49	0.01144	0.02867	0.12959	0.10049	0.19035	0.07531	0.13423	0.04259	0.06428	0.01506	0.00971	0.01222	0.00773	0.00616	0.03426	0.00175	0.09225	0.00436	0.03311	0.00645
50	0.00669	0.00456	0.00545	0.00581	0.00595	0.00448	0.00359	0.00704	0.00778	0.01036	0.01871	0.24822	0.02182	0.56326	0.01836	0.00376	0.00412	0.05337	0.00340	0.00325
51	0.00640	0.00494	0.00550	0.00531	0.00682	0.00426	0.00400	0.00797	0.01181	0.03471	0.28993	0.04194	0.53709	0.01120	0.00562	0.00157	0.00241	0.00949	0.00474	0.00429
52	0.00644	0.00485	0.00595	0.00573	0.00695	0.00436	0.00427	0.00836	0.01267	0.01726	0.57255	0.06769	0.24424	0.01058	0.00566	0.00155	0.00232	0.00921	0.00501	0.00436
53	0.00582	0.00483	0.00509	0.00507	0.00657	0.00410	0.00378	0.00717	0.01124	0.01382	0.15931	0.06678	0.66626	0.01184	0.00566	0.00161	0.00241	0.00997	0.00456	0.00410
54	0.04099	0.00800	0.01071	0.00828	0.01185	0.00700	0.00682	0.02256	0.01339	0.75340	0.01843	0.01613	0.01169	0.00587	0.00470	0.00146	0.00398	0.00474	0.04207	0.00791
55	0.01278	0.83490	0.02505	0.00818	0.01227	0.01891	0.00818	0.01431	0.00971	0.01125	0.00664	0.00767	0.00613	0.00409	0.00307	0.00102	0.00511	0.00256	0.00204	0.00613
56	0.00836	0.08308	0.02984	0.00875	0.01012	0.00859	0.03979	0.03167	0.00838	0.01177	0.01150	0.01753	0.01094	0.11240	0.49157	0.00556	0.09800	0.00494	0.00254	0.00466
57	0.04728	0.00982	0.01282	0.43443	0.02326	0.02984	0.01061	0.07458	0.27410	0.01654	0.01230	0.01405	0.00921	0.00541	0.00472	0.00158	0.00536	0.00454	0.00329	0.00628
58	0.01183	0.01136	0.01940	0.02934	0.80221	0.01136	0.01467	0.01467	0.01088	0.01562	0.00899	0.01183	0.00757	0.00426	0.00473	0.00142	0.00568	0.00426	0.00237	0.00757
59	0.01358	0.41671	0.03830	0.05310	0.10404	0.21344	0.00944	0.01535	0.01093	0.03419	0.00907	0.02599	0.02797	0.00484	0.00386	0.00121	0.00601	0.00347	0.00241	0.00609
60	0.01817	0.01339	0.01434	0.01100	0.01482	0.01482	0.00908	0.78627	0.02247	0.03012	0.01148	0.01148	0.00813	0.00574	0.00478	0.00143	0.00526	0.00430	0.00478	0.00813
61	0.01136	0.02431	0.15722	0.03909	0.26892	0.02186	0.15786	0.05307	0.06554	0.02962	0.03640	0.01475	0.02488	0.00534	0.00548	0.00155	0.04527	0.02779	0.00284	0.00683
62	0.01204	0.01159	0.04872	0.06762	0.17436	0.12857	0.01978	0.04445	0.03960	0.07351	0.05166	0.04396	0.02583	0.00871	0.06842	0.00203	0.11618	0.02342	0.03350	0.00604
63	0.00584	0.00417	0.00554	0.00663	0.00690	0.00390	0.00441	0.00666	0.00911	0.01214	0.02613	0.81360	0.03134	0.03066	0.00645	0.00199	0.00281	0.01346	0.00441	0.00386
64	0.84475	0.00927	0.00712	0.00637	0.00932	0.01075	0.00524	0.01433	0.02748	0.02141	0.00697	0.00801	0.00541	0.00449	0.00300	0.00148	0.00370	0.00266	0.00300	0.00524
65	0.01063	0.21086	0.49451	0.01318	0.01912	0.01307	0.12356	0.01524	0.03084	0.01439	0.00857	0.01013	0.00647	0.00441	0.00436	0.00142	0.00666	0.00365	0.00216	0.00677
66	0.01245	0.01326	0.02181	0.07656	0.20862	0.10340	0.37048	0.06577	0.02974	0.01573	0.00942	0.01210	0.00734	0.00452	0.00539	0.00152	0.02789	0.00479	0.00259	0.00664

[dist]
# distance from previous block
# <min> <max>
1	4

[block]
# block no. 4 follows, 53 sequences, length 19
# corresponding to MSA columns:
# 284-302
name=unknown_E
#
# <colnr> <probs for GDERKNQSTAVLIFYWHMCP>
#	G	D	E	R	K	N	Q	S	T	A	V	L	I	F	Y	W	H	M	C	P
0	0.04575	0.01196	0.01762	0.09759	0.55905	0.07992	0.03477	0.01553	0.06299	0.01548	0.00943	0.01191	0.00770	0.00451	0.00466	0.00144	0.00586	0.00421	0.00254	0.00706
1	0.82185	0.00935	0.00766	0.00747	0.05004	0.01075	0.00566	0.01408	0.00828	0.02114	0.00678	0.00797	0.00530	0.00443	0.00305	0.00148	0.00380	0.00267	0.00293	0.00530
2	0.00605	0.00478	0.00545	0.00545	0.00674	0.00418	0.00402	0.00757	0.01159	0.01496	0.30170	0.13245	0.45480	0.01164	0.00570	0.00161	0.00240	0.01000	0.00472	0.00418
3	0.01060	0.00847	0.00998	0.00716	0.01138	0.00641	0.00574	0.01270	0.01014	0.06253	0.00911	0.01029	0.00736	0.00368	0.00361	0.00075	0.00357	0.00295	0.00302	0.81054
4	0.00590	0.00483	0.00520	0.00516	0.00662	0.00413	0.00385	0.00732	0.01141	0.01424	0.21014	0.06991	0.61131	0.01170	0.00566	0.00160	0.00240	0.00989	0.00462	0.00413
5	0.00959	0.02472	0.80726	0.01362	0.02069	0.01110	0.01766	0.01514	0.01009	0.01514	0.00858	0.01009	0.00605	0.00454	0.00454	0.00151	0.00706	0.00353	0.00202	0.00706
6	0.00676	0.00489	0.00639	0.00601	0.00714	0.00451	0.00451	0.00902	0.01353	0.01917	0.79969	0.03570	0.04510	0.00977	0.00564	0.00150	0.00225	0.00864	0.00526	0.00451
7	0.00695	0.00518	0.00588	0.00579	0.00724	0.00466	0.00430	0.00900	0.05163	0.04962	0.21244	0.15549	0.44158	0.01143	0.00563	0.00163	0.00258	0.00980	0.00471	0.00448
8	0.01000	0.00879	0.01113	0.00795	0.01224	0.00675	0.05753	0.01225	0.01000	0.01556	0.00857	0.01011	0.00709	0.00357	0.00368	0.00077	0.00384	0.00302	0.00280	0.80435
9	0.00782	0.00573	0.00765	0.00871	0.04001	0.00567	0.00690	0.03071	0.01085	0.01418	0.02587	0.06646	0.11621	0.08942	0.00795	0.00228	0.00418	0.52232	0.02265	0.00443
10	0.04054	0.00828	0.01097	0.00845	0.01208	0.00735	0.00698	0.05247	0.01381	0.73863	0.01821	0.01592	0.01154	0.00587	0.00473	0.00147	0.00406	0.00473	0.02593	0.00798
11	0.00713	0.00560	0.00817	0.00798	0.00875	0.00668	0.00623	0.00871	0.00774	0.01115	0.01348	0.01926	0.03878	0.05327	0.68981	0.00687	0.08822	0.00525	0.00259	0.00431
12	0.00897	0.00646	0.00870	0.05586	0.08065	0.00637	0.00636	0.05695	0.03480	0.06764	0.43390	0.10236	0.08033	0.00897	0.00539	0.00154	0.00319	0.00788	0.01841	0.00527
13	0.00939	0.00800	0.00988	0.00745	0.01106	0.00634	0.03241	0.01182	0.03154	0.01592	0.10641	0.06205	0.01338	0.00508	0.00406	0.00093	0.00350	0.00435	0.00326	0.65318
14	0.00629	0.00484	0.00576	0.00558	0.00687	0.00430	0.00417	0.00809	0.01234	0.01647	0.47788	0.07072	0.33764	0.01088	0.00566	0.00156	0.00234	0.00940	0.00491	0.00430
15	0.01162	0.00996	0.01550	0.08997	0.27326	0.01027	0.10271	0.09727	0.09300	0.05635	0.01602	0.01970	0.08482	0.00709	0.02730	0.00174	0.00549	0.06791	0.00341	0.00664
16	0.02876	0.01202	0.03352	0.24829	0.10386	0.17571	0.07952	0.01499	0.02550	0.08756	0.01247	0.06118	0.02100	0.00617	0.00495	0.00156	0.00620	0.06785	0.00301	0.00587
17	0.01248	0.01067	0.03827	0.15097	0.42916	0.01067	0.04343	0.01606	0.06749	0.12273	0.01123	0.02588	0.00876	0.00500	0.00508	0.00151	0.02590	0.00459	0.00301	0.00711
18	0.00587	0.00475	0.00523	0.00541	0.00672	0.00411	0.00400	0.00716	0.01089	0.01353	0.12806	0.18323	0.55636	0.01238	0.00576	0.00168	0.00252	0.03375	0.00453	0.00407

[dist]
# distance from previous block
# <min> <max>
0	1

[block]
# block no. 5 follows, 53 sequences, length 12
# corresponding to MSA columns:
# 304-315
name=unknown_F
#
# <colnr> <probs for GDERKNQSTAVLIFYWHMCP>
#	G	D	E	R	K	N	Q	S	T	A	V	L	I	F	Y	W	H	M	C	P
0	0.01364	0.11079	0.12363	0.06058	0.16358	0.05488	0.05599	0.15545	0.04328	0.09100	0.01044	0.02338	0.00807	0.00526	0.00529	0.00146	0.05891	0.00421	0.00315	0.00698
1	0.01130	0.02525	0.02676	0.12165	0.23451	0.08034	0.05726	0.09994	0.03401	0.01588	0.01375	0.12927	0.01320	0.00714	0.00512	0.00160	0.00548	0.09516	0.01626	0.00613
2	0.00666	0.00469	0.00612	0.00649	0.00686	0.00484	0.00444	0.00748	0.00801	0.01088	0.01821	0.24705	0.02048	0.34613	0.22626	0.00455	0.00627	0.05765	0.00333	0.00362
3	0.77763	0.00994	0.05399	0.00664	0.00975	0.01047	0.00583	0.01399	0.00833	0.02091	0.00716	0.00834	0.00554	0.00449	0.00307	0.00146	0.00383	0.00273	0.04062	0.00526
4	0.74617	0.00859	0.00685	0.00624	0.00885	0.00984	0.00501	0.01316	0.00840	0.02039	0.04926	0.04466	0.00892	0.04252	0.00419	0.00164	0.00363	0.00356	0.00314	0.00498
5	0.01027	0.04671	0.19465	0.01252	0.13894	0.00967	0.01008	0.07576	0.12499	0.02968	0.12177	0.03969	0.07429	0.04619	0.04227	0.00193	0.00513	0.00563	0.00352	0.00631
6	0.01292	0.00706	0.00878	0.00724	0.00986	0.00627	0.00566	0.05380	0.02650	0.28246	0.15646	0.09074	0.06207	0.04369	0.00567	0.00151	0.00343	0.00624	0.04951	0.16011
7	0.01088	0.10351	0.20524	0.01412	0.18061	0.03028	0.03538	0.05824	0.05297	0.03886	0.17951	0.01751	0.04070	0.00599	0.00476	0.00144	0.00509	0.00511	0.00330	0.00649
8	0.00585	0.00428	0.00550	0.00641	0.00688	0.00393	0.00434	0.00679	0.00957	0.01261	0.06488	0.69700	0.12564	0.01438	0.00602	0.00188	0.00271	0.01293	0.00448	0.00393
9	0.00903	0.00850	0.01434	0.82054	0.03292	0.01062	0.01327	0.01221	0.00956	0.01221	0.00850	0.01274	0.00637	0.00478	0.00478	0.00159	0.00637	0.00425	0.00212	0.00531
10	0.00813	0.00613	0.00878	0.00915	0.01055	0.00609	0.04793	0.04415	0.01142	0.01486	0.02529	0.09005	0.07127	0.01242	0.00639	0.00209	0.00443	0.61193	0.00432	0.00462
11	0.09181	0.00849	0.01092	0.00845	0.01209	0.00773	0.00698	0.06123	0.01366	0.70069	0.01746	0.01531	0.01109	0.00578	0.00465	0.00148	0.00410	0.00460	0.00561	0.00789

[dist]
# distance from previous block
# <min> <max>
0	1

[block]
# block no. 6 follows, 53 sequences, length 23
# corresponding to MSA columns:
# 317-339
name=unknown_G
#
# <colnr> <probs for GDERKNQSTAVLIFYWHMCP>
#	G	D	E	R	K	N	Q	S	T	A	V	L	I	F	Y	W	H	M	C	P
0	0.00949	0.00856	0.02995	0.03429	0.25593	0.00810	0.07340	0.03931	0.03502	0.03122	0.28520	0.04088	0.11368	0.00743	0.00526	0.00151	0.00421	0.00677	0.00385	0.00591
1	0.01697	0.01114	0.01261	0.02844	0.05332	0.11712	0.03390	0.18610	0.01491	0.32195	0.03452	0.01930	0.01269	0.00664	0.00502	0.00154	0.00520	0.10698	0.00461	0.00705
2	0.01183	0.01136	0.01940	0.02934	0.80221	0.01136	0.01467	0.01467	0.01088	0.01562	0.00899	0.01183	0.00757	0.00426	0.00473	0.00142	0.00568	0.00426	0.00237	0.00757
3	0.02093	0.00825	0.01108	0.00857	0.01221	0.00729	0.00705	0.02341	0.05579	0.76311	0.01889	0.01635	0.01198	0.00595	0.00481	0.00149	0.00405	0.00484	0.00586	0.00810
4	0.86579	0.00924	0.00702	0.00629	0.00924	0.01072	0.00518	0.01405	0.00813	0.02144	0.00666	0.00776	0.00518	0.00444	0.00296	0.00148	0.00370	0.00259	0.00296	0.00518
5	0.00991	0.00850	0.00991	0.00708	0.01133	0.00637	0.00566	0.01203	0.00991	0.01557	0.00850	0.00991	0.00708	0.00354	0.00354	0.00071	0.00354	0.00283	0.00283	0.86124
6	0.00666	0.00481	0.00612	0.00591	0.00701	0.00441	0.00439	0.00871	0.01282	0.01800	0.64306	0.10181	0.10837	0.01026	0.00560	0.00154	0.00231	0.00903	0.03478	0.00441
7	0.00661	0.00488	0.00617	0.00585	0.00704	0.00444	0.00439	0.00872	0.01316	0.01829	0.69458	0.03714	0.15075	0.01010	0.00564	0.00152	0.00228	0.00885	0.00515	0.00444
8	0.01189	0.01027	0.01081	0.00973	0.01243	0.01189	0.00757	0.02540	0.79357	0.01999	0.01945	0.01783	0.01459	0.00648	0.00486	0.00162	0.00378	0.00540	0.00486	0.00757
9	0.01278	0.83490	0.02505	0.00818	0.01227	0.01891	0.00818	0.01431	0.00971	0.01125	0.00664	0.00767	0.00613	0.00409	0.00307	0.00102	0.00511	0.00256	0.00204	0.00613
10	0.01787	0.02235	0.01358	0.01225	0.01478	0.77590	0.00923	0.05459	0.01396	0.01255	0.00758	0.00875	0.00625	0.00496	0.00433	0.00124	0.00846	0.00314	0.00257	0.00566
11	0.77085	0.00971	0.00784	0.00681	0.00987	0.01118	0.00561	0.10055	0.00974	0.02242	0.00720	0.00818	0.00551	0.00458	0.00316	0.00147	0.00387	0.00278	0.00316	0.00551
12	0.01726	0.02177	0.01320	0.01211	0.01449	0.76577	0.00915	0.01855	0.01340	0.01185	0.00843	0.01126	0.00740	0.00541	0.00444	0.00129	0.00837	0.04779	0.00258	0.00547
13	0.00694	0.00466	0.00537	0.00549	0.00557	0.00465	0.00325	0.00711	0.00730	0.00971	0.01623	0.07275	0.01868	0.74316	0.02238	0.00436	0.00453	0.05177	0.00306	0.00303
14	0.00571	0.00476	0.00498	0.00510	0.00654	0.00403	0.00376	0.00691	0.01077	0.01303	0.07047	0.13989	0.68292	0.01237	0.00570	0.00165	0.00246	0.01046	0.00447	0.00403
15	0.00588	0.00427	0.00556	0.00645	0.00691	0.00395	0.00438	0.00686	0.00965	0.01282	0.08999	0.70063	0.09638	0.01432	0.00603	0.00188	0.00270	0.01290	0.00450	0.00395
16	0.01278	0.83490	0.02505	0.00818	0.01227	0.01891	0.00818	0.01431	0.00971	0.01125	0.00664	0.00767	0.00613	0.00409	0.00307	0.00102	0.00511	0.00256	0.00204	0.00613
17	0.00813	0.00424	0.00613	0.00610	0.00622	0.00421	0.00408	0.00663	0.00694	0.00948	0.06837	0.01713	0.01168	0.05977	0.01751	0.72253	0.00397	0.00465	0.02984	0.00238
18	0.03587	0.01067	0.01679	0.02111	0.44638	0.02410	0.07541	0.02510	0.04671	0.01547	0.02443	0.02778	0.02754	0.02098	0.00647	0.00157	0.10715	0.00474	0.02763	0.03411
19	0.00770	0.00588	0.00579	0.00570	0.00587	0.06012	0.00333	0.00778	0.00740	0.00943	0.01453	0.02972	0.01661	0.77524	0.02295	0.00440	0.00491	0.00668	0.00287	0.00308
20	0.01141	0.29116	0.11706	0.00958	0.04239	0.06151	0.00859	0.04968	0.06370	0.01432	0.03595	0.03257	0.02893	0.06183	0.00535	0.00142	0.00500	0.00404	0.00281	0.15269
21	0.07705	0.06438	0.08185	0.08104	0.23070	0.03910	0.08611	0.05070	0.01110	0.09762	0.01019	0.03159	0.00821	0.00514	0.00519	0.00147	0.05227	0.01451	0.00291	0.04887
22	0.03962	0.07519	0.06292	0.01033	0.04543	0.06329	0.05541	0.10876	0.02693	0.10447	0.18025	0.07548	0.01777	0.00692	0.00530	0.00146	0.04035	0.01732	0.00389	0.05892

[dist]
# distance from previous block
# <min> <max>
0	2

[block]
# block no. 7 follows, 53 sequences, length 15
# corresponding to MSA columns:
# 342-356
name=unknown_H
#
# <colnr> <probs for GDERKNQSTAVLIFYWHMCP>
#	G	D	E	R	K	N	Q	S	T	A	V	L	I	F	Y	W	H	M	C	P
0	0.01101	0.03747	0.01361	0.01277	0.11146	0.02887	0.08396	0.06326	0.11602	0.04789	0.01346	0.10436	0.01248	0.06416	0.05765	0.01839	0.15102	0.02195	0.02436	0.00584
1	0.01371	0.47148	0.05071	0.01111	0.08313	0.18397	0.00915	0.05388	0.01129	0.01316	0.00772	0.00897	0.00662	0.00443	0.00364	0.00114	0.00584	0.00302	0.03665	0.02038
2	0.00831	0.00439	0.00626	0.00626	0.00641	0.00444	0.00421	0.00713	0.03381	0.00928	0.00991	0.04794	0.00989	0.04055	0.01724	0.73565	0.00402	0.00467	0.03716	0.00246
3	0.01346	0.20424	0.08850	0.02969	0.23414	0.09516	0.01092	0.12327	0.02733	0.04988	0.00932	0.01081	0.00746	0.00571	0.03226	0.00151	0.00598	0.00370	0.00283	0.04384
4	0.03766	0.04692	0.19224	0.01626	0.24057	0.01045	0.06742	0.04740	0.05244	0.09124	0.04332	0.06367	0.04302	0.00589	0.00500	0.00151	0.01986	0.00516	0.00318	0.00680
5	0.00704	0.00536	0.00636	0.00605	0.00743	0.00509	0.00455	0.01009	0.08751	0.01753	0.49964	0.05548	0.22098	0.01000	0.00550	0.00154	0.00245	0.00866	0.03408	0.00467
6	0.01674	0.08109	0.03577	0.01202	0.01459	0.65040	0.00947	0.04213	0.01300	0.01232	0.00741	0.00881	0.00622	0.00513	0.00506	0.00129	0.06722	0.00317	0.00247	0.00568
7	0.03672	0.04385	0.01350	0.11548	0.04485	0.06250	0.10264	0.05153	0.27077	0.02785	0.04154	0.01896	0.08305	0.00637	0.00487	0.00154	0.00493	0.02901	0.03376	0.00629
8	0.01310	0.13435	0.21677	0.03055	0.07644	0.02404	0.01042	0.10096	0.04236	0.15655	0.02724	0.03837	0.02834	0.04442	0.00541	0.00157	0.00522	0.00458	0.03258	0.00673
9	0.00571	0.00460	0.00509	0.00549	0.00663	0.00398	0.00392	0.00679	0.01027	0.01266	0.04052	0.32629	0.52508	0.01313	0.00581	0.00173	0.00255	0.01134	0.00444	0.00398
10	0.01188	0.01139	0.01481	0.01934	0.40396	0.10267	0.01100	0.07667	0.07054	0.01600	0.01446	0.08725	0.05857	0.00664	0.00532	0.00153	0.03107	0.04713	0.00317	0.00660
11	0.00879	0.00628	0.00874	0.00886	0.01025	0.00631	0.04092	0.08099	0.01156	0.03879	0.02267	0.22323	0.02434	0.01309	0.03979	0.00223	0.00456	0.42087	0.02293	0.00482
12	0.00593	0.00494	0.00510	0.00515	0.00662	0.00428	0.00381	0.00734	0.02738	0.01284	0.04420	0.07218	0.68344	0.06525	0.00689	0.00184	0.00266	0.03176	0.00435	0.00404
13	0.00991	0.00850	0.00991	0.00708	0.01133	0.00637	0.00566	0.01203	0.00991	0.01557	0.00850	0.00991	0.00708	0.00354	0.00354	0.00071	0.00354	0.00283	0.00283	0.86124
14	0.86579	0.00924	0.00702	0.00629	0.00924	0.01072	0.00518	0.01405	0.00813	0.02144	0.00666	0.00776	0.00518	0.00444	0.00296	0.00148	0.00370	0.00259	0.00296	0.00518

[dist]
# distance from previous block
# <min> <max>
0	3

[block]
# block no. 8 follows, 53 sequences, length 27
# corresponding to MSA columns:
# 360-386
name=unknown_I
#
# <colnr> <probs for GDERKNQSTAVLIFYWHMCP>
#	G	D	E	R	K	N	Q	S	T	A	V	L	I	F	Y	W	H	M	C	P
0	0.00668	0.00485	0.00628	0.00599	0.00710	0.00446	0.00447	0.00882	0.01323	0.01860	0.73379	0.06923	0.07837	0.01009	0.00566	0.00153	0.00228	0.00891	0.00519	0.00446
1	0.00667	0.00482	0.00631	0.00607	0.00712	0.00445	0.00450	0.00879	0.01311	0.01850	0.72571	0.11158	0.04381	0.01027	0.00568	0.00155	0.00230	0.00912	0.00518	0.00445
2	0.01009	0.15206	0.68432	0.01277	0.01936	0.01233	0.01617	0.01501	0.01003	0.01452	0.00827	0.00971	0.00607	0.00447	0.00431	0.00144	0.00676	0.00338	0.00202	0.00692
3	0.01184	0.01042	0.01068	0.00963	0.01229	0.03299	0.00748	0.02461	0.74662	0.01954	0.02010	0.01853	0.04061	0.00663	0.00487	0.00161	0.00387	0.00550	0.00479	0.00739
4	0.86579	0.00924	0.00702	0.00629	0.00924	0.01072	0.00518	0.01405	0.00813	0.02144	0.00666	0.00776	0.00518	0.00444	0.00296	0.00148	0.00370	0.00259	0.00296	0.00518
5	0.00581	0.00421	0.00550	0.00653	0.00690	0.00389	0.00438	0.00667	0.00927	0.01225	0.02790	0.77363	0.08588	0.01477	0.00607	0.00192	0.00275	0.01334	0.00444	0.00389
6	0.00695	0.00463	0.00521	0.00521	0.00521	0.00463	0.00290	0.00695	0.00695	0.00927	0.01506	0.03128	0.01738	0.83203	0.02433	0.00463	0.00463	0.00695	0.00290	0.00290
7	0.00635	0.00480	0.00574	0.00561	0.00676	0.00432	0.00410	0.00800	0.01190	0.01593	0.44366	0.09284	0.29145	0.06894	0.00699	0.00179	0.00251	0.00934	0.00477	0.00420
8	0.20028	0.11028	0.05023	0.04501	0.09848	0.34316	0.03811	0.01618	0.01108	0.01449	0.00747	0.00910	0.00614	0.00469	0.00430	0.00135	0.02814	0.00323	0.00247	0.00583
9	0.00802	0.00574	0.00787	0.00880	0.00997	0.00579	0.00763	0.03854	0.01136	0.01481	0.02483	0.08133	0.02694	0.01299	0.00652	0.00216	0.00437	0.71338	0.00442	0.00452
10	0.01972	0.00802	0.01061	0.00832	0.01175	0.00719	0.00681	0.02246	0.07140	0.68673	0.03770	0.01694	0.01287	0.00603	0.00475	0.00147	0.00391	0.00493	0.05058	0.00781
11	0.01228	0.08745	0.22636	0.03585	0.12446	0.09412	0.05410	0.07515	0.10401	0.03403	0.01027	0.01205	0.00806	0.02693	0.00580	0.00156	0.06127	0.00409	0.01545	0.00671
12	0.01078	0.00961	0.01516	0.15617	0.42220	0.01014	0.01179	0.04796	0.03036	0.02726	0.05216	0.01750	0.06631	0.00585	0.00530	0.00152	0.03652	0.03329	0.03362	0.00650
13	0.01224	0.00607	0.00805	0.00688	0.00895	0.00543	0.00540	0.01435	0.01347	0.30865	0.48544	0.02794	0.03173	0.00821	0.00525	0.00148	0.00292	0.00709	0.03461	0.00584
14	0.00672	0.00497	0.00675	0.00674	0.00750	0.00540	0.00496	0.00801	0.00811	0.01121	0.04762	0.02536	0.10541	0.20977	0.51291	0.00606	0.00938	0.00624	0.00296	0.00394
15	0.00688	0.00471	0.00551	0.00551	0.00570	0.00478	0.00333	0.00715	0.00722	0.00967	0.01627	0.03033	0.05184	0.69249	0.12524	0.00489	0.00559	0.00686	0.00292	0.00312
16	0.86579	0.00924	0.00702	0.00629	0.00924	0.01072	0.00518	0.01405	0.00813	0.02144	0.00666	0.00776	0.00518	0.00444	0.00296	0.00148	0.00370	0.00259	0.00296	0.00518
17	0.00993	0.00899	0.02714	0.02728	0.04264	0.06297	0.05785	0.04172	0.15875	0.01544	0.01924	0.06710	0.01911	0.04688	0.02009	0.00209	0.01820	0.34518	0.00394	0.00546
18	0.03464	0.01379	0.23143	0.01055	0.01503	0.01958	0.05972	0.13190	0.01265	0.19968	0.02185	0.01357	0.00919	0.06130	0.00587	0.00158	0.00531	0.00423	0.00362	0.14450
19	0.01311	0.57031	0.09258	0.00967	0.01372	0.12917	0.02962	0.01584	0.06374	0.01236	0.00788	0.00885	0.00674	0.00441	0.00356	0.00115	0.00577	0.00299	0.00230	0.00624
20	0.80744	0.01030	0.06156	0.00679	0.01002	0.01075	0.00603	0.01412	0.00827	0.02101	0.00679	0.00792	0.00524	0.00444	0.00307	0.00148	0.00393	0.00265	0.00289	0.00530
21	0.01557	0.01402	0.04316	0.01262	0.05877	0.10499	0.06414	0.40247	0.19307	0.02335	0.01243	0.01265	0.00919	0.00557	0.00480	0.00147	0.00560	0.00447	0.00413	0.00752
22	0.00781	0.00581	0.00701	0.00644	0.00783	0.00568	0.00484	0.06460	0.06360	0.01874	0.57073	0.03350	0.10869	0.06552	0.00680	0.00173	0.00274	0.00815	0.00496	0.00481
23	0.01186	0.06920	0.06347	0.02783	0.27630	0.05067	0.01909	0.08363	0.06258	0.06203	0.10647	0.04637	0.03575	0.00734	0.03478	0.00170	0.00529	0.02564	0.00344	0.00657
24	0.00963	0.07010	0.29709	0.01026	0.02829	0.00983	0.01051	0.03994	0.17008	0.01637	0.10765	0.02199	0.10671	0.02558	0.00535	0.00162	0.00486	0.05437	0.00352	0.00623
25	0.06803	0.00948	0.01613	0.35427	0.17322	0.01034	0.14798	0.01295	0.02369	0.01422	0.01267	0.04294	0.07174	0.00554	0.00506	0.00158	0.01658	0.00519	0.00259	0.00582
26	0.01242	0.13209	0.21067	0.01074	0.04234	0.14268	0.00994	0.07023	0.04531	0.07073	0.06363	0.04616	0.02148	0.07917	0.00624	0.00167	0.00569	0.00467	0.00313	0.02099

[dist]
# distance from previous block
# <min> <max>
0	29

# created by:
# /home/cegg/simao/soft/augustus-3.2.1/scripts/msa2prfl.pl ./align_prep/EOG091G0FQ2.fa
