[name]
unknown

[dist]
# distance from previous block
# <min> <max>
0	49

[block]
# block no. 0 follows, 54 sequences, length 23
# corresponding to MSA columns:
# 49-71
name=unknown_A
#
# <colnr> <probs for GDERKNQSTAVLIFYWHMCP>
#	G	D	E	R	K	N	Q	S	T	A	V	L	I	F	Y	W	H	M	C	P
0	0.06539	0.01186	0.13992	0.06066	0.06362	0.04639	0.05684	0.12980	0.07163	0.01673	0.03971	0.10582	0.02631	0.07011	0.03388	0.00200	0.02416	0.02600	0.00330	0.00587
1	0.01132	0.09580	0.21325	0.00968	0.01420	0.04539	0.02686	0.11370	0.03146	0.01681	0.03623	0.01111	0.00835	0.00449	0.00403	0.00113	0.00498	0.00351	0.02825	0.31946
2	0.01490	0.13794	0.01427	0.01070	0.01314	0.47396	0.00848	0.07422	0.01253	0.01291	0.01093	0.01213	0.07246	0.00672	0.03295	0.00152	0.07823	0.00379	0.00267	0.00555
3	0.00714	0.00537	0.00739	0.00733	0.00817	0.00611	0.00550	0.00950	0.07287	0.01141	0.01389	0.04232	0.01339	0.16076	0.59943	0.00645	0.01033	0.00559	0.00282	0.00425
4	0.00687	0.00486	0.00638	0.07360	0.00827	0.00512	0.00451	0.00745	0.00753	0.01013	0.01560	0.16537	0.01743	0.46034	0.14482	0.04235	0.00565	0.00736	0.00297	0.00340
5	0.01631	0.11489	0.01458	0.01011	0.02963	0.01341	0.00831	0.52674	0.01823	0.07959	0.01111	0.01132	0.00810	0.00525	0.00435	0.00129	0.00483	0.00395	0.03953	0.07848
6	0.00604	0.00482	0.00553	0.00569	0.00698	0.00414	0.00409	0.00722	0.01015	0.01300	0.07358	0.33669	0.41007	0.01219	0.00557	0.00163	0.00260	0.01058	0.00429	0.07515
7	0.01146	0.42031	0.22098	0.01013	0.01450	0.04183	0.03831	0.02873	0.07608	0.01327	0.00882	0.01021	0.00728	0.00700	0.07105	0.00176	0.00627	0.00337	0.00236	0.00628
8	0.09713	0.73130	0.02262	0.00800	0.01188	0.04144	0.00781	0.01423	0.00954	0.01210	0.00658	0.00760	0.00596	0.00409	0.00305	0.00106	0.00501	0.00254	0.00212	0.00594
9	0.00568	0.00476	0.00487	0.00487	0.00635	0.00402	0.00360	0.00685	0.01065	0.01281	0.07571	0.05884	0.72396	0.04832	0.00640	0.00173	0.00248	0.00982	0.00434	0.00395
10	0.00632	0.00449	0.00564	0.00631	0.00699	0.00414	0.00444	0.00734	0.00962	0.02979	0.05985	0.50918	0.17705	0.07314	0.00723	0.00204	0.00294	0.07520	0.00433	0.00395
11	0.01267	0.00723	0.00896	0.00798	0.01020	0.00714	0.00639	0.09039	0.11225	0.24589	0.16242	0.10555	0.03917	0.00867	0.00526	0.00162	0.00359	0.12285	0.03565	0.00612
12	0.01318	0.01076	0.01203	0.01018	0.01313	0.01212	0.03869	0.23319	0.50524	0.02203	0.01675	0.01690	0.01273	0.00630	0.00482	0.00155	0.00428	0.03129	0.02744	0.00738
13	0.01117	0.04618	0.10344	0.01711	0.05522	0.03260	0.45209	0.03170	0.01050	0.01455	0.00877	0.01171	0.00691	0.00490	0.00701	0.00161	0.15511	0.00480	0.01842	0.00622
14	0.00981	0.02204	0.67072	0.01371	0.02011	0.01092	0.09553	0.04116	0.01063	0.01561	0.04013	0.01129	0.00769	0.00467	0.00464	0.00150	0.00682	0.00392	0.00225	0.00684
15	0.01012	0.00960	0.01614	0.45323	0.36430	0.01065	0.01343	0.01308	0.01000	0.01361	0.00859	0.01209	0.00682	0.00445	0.00465	0.00147	0.00590	0.00415	0.00222	0.03551
16	0.00644	0.00478	0.00578	0.00594	0.00704	0.00434	0.00434	0.00815	0.02806	0.02908	0.27721	0.27418	0.28338	0.01185	0.00569	0.00167	0.00255	0.03059	0.00467	0.00424
17	0.01081	0.01007	0.04931	0.00899	0.01309	0.00825	0.07150	0.10140	0.03225	0.01704	0.02528	0.01095	0.00801	0.00416	0.00425	0.00097	0.02655	0.00344	0.00302	0.59064
18	0.02985	0.00602	0.00631	0.00573	0.00732	0.00625	0.00444	0.12610	0.03330	0.01957	0.11283	0.01921	0.03246	0.00617	0.00387	0.00123	0.00272	0.00499	0.56661	0.00503
19	0.01041	0.01061	0.05869	0.22582	0.34363	0.01057	0.06038	0.01483	0.11408	0.01507	0.03281	0.01565	0.02226	0.00528	0.00486	0.00153	0.00555	0.03865	0.00278	0.00653
20	0.00809	0.00558	0.00652	0.00627	0.00727	0.00557	0.00435	0.01075	0.11957	0.05818	0.18913	0.10423	0.09701	0.33041	0.01264	0.00276	0.00354	0.01967	0.00410	0.00435
21	0.01029	0.01767	0.42320	0.01442	0.10431	0.04796	0.08448	0.01502	0.06779	0.03279	0.03096	0.06672	0.02181	0.00572	0.00504	0.00154	0.02486	0.01618	0.00268	0.00656
22	0.01057	0.00918	0.04761	0.01232	0.12270	0.00889	0.08426	0.07809	0.11967	0.05844	0.19540	0.06121	0.01981	0.02592	0.00607	0.00164	0.04368	0.05522	0.03330	0.00602

[dist]
# distance from previous block
# <min> <max>
0	2

[block]
# block no. 1 follows, 54 sequences, length 6
# corresponding to MSA columns:
# 74-79
name=unknown_B
#
# <colnr> <probs for GDERKNQSTAVLIFYWHMCP>
#	G	D	E	R	K	N	Q	S	T	A	V	L	I	F	Y	W	H	M	C	P
0	0.02923	0.10694	0.06621	0.01162	0.09799	0.03439	0.05421	0.11692	0.04679	0.09865	0.02496	0.03905	0.00923	0.00502	0.00447	0.00124	0.02148	0.00411	0.00331	0.22419
1	0.00683	0.00461	0.00575	0.00607	0.00678	0.00431	0.00422	0.00796	0.00992	0.04034	0.17980	0.35034	0.11015	0.16707	0.00916	0.00226	0.00304	0.04503	0.03239	0.00397
2	0.00995	0.00843	0.01119	0.04381	0.06766	0.00812	0.03685	0.09253	0.01055	0.01532	0.01134	0.10714	0.01080	0.05527	0.07118	0.00191	0.06923	0.00495	0.00303	0.36076
3	0.03954	0.01036	0.01397	0.38132	0.12495	0.09833	0.04375	0.04559	0.03632	0.01390	0.01077	0.08400	0.00958	0.00599	0.00521	0.00157	0.03654	0.03001	0.00267	0.00563
4	0.00661	0.00487	0.00631	0.00722	0.00785	0.00481	0.00524	0.00876	0.07746	0.01309	0.02521	0.61643	0.02898	0.01372	0.00600	0.00194	0.00312	0.15374	0.00441	0.00424
5	0.78299	0.00901	0.00733	0.00642	0.00941	0.01021	0.00529	0.01477	0.00857	0.09982	0.00777	0.00850	0.00576	0.00452	0.00310	0.00146	0.00368	0.00277	0.00321	0.00540

[dist]
# distance from previous block
# <min> <max>
13	58

[block]
# block no. 2 follows, 54 sequences, length 14
# corresponding to MSA columns:
# 166-179
name=unknown_C
#
# <colnr> <probs for GDERKNQSTAVLIFYWHMCP>
#	G	D	E	R	K	N	Q	S	T	A	V	L	I	F	Y	W	H	M	C	P
0	0.66038	0.03228	0.00887	0.00787	0.02906	0.15077	0.00614	0.01493	0.00917	0.03540	0.00699	0.00807	0.00549	0.00448	0.00323	0.00140	0.00458	0.00272	0.00286	0.00531
1	0.01223	0.01005	0.01281	0.08739	0.01517	0.01128	0.07792	0.12218	0.40733	0.06131	0.04452	0.05047	0.01340	0.00645	0.00544	0.00160	0.04386	0.00547	0.00424	0.00688
2	0.01234	0.01133	0.04735	0.05927	0.36783	0.01138	0.05050	0.13061	0.13650	0.04227	0.05297	0.01392	0.01056	0.00523	0.00506	0.00148	0.02624	0.00467	0.00330	0.00716
3	0.00635	0.00466	0.00606	0.00677	0.00757	0.00437	0.00512	0.00780	0.01044	0.01378	0.15397	0.39245	0.13866	0.01310	0.00601	0.00187	0.00302	0.20945	0.00450	0.00408
4	0.01070	0.12395	0.61247	0.01282	0.01892	0.09224	0.03632	0.01523	0.01028	0.01413	0.00814	0.00959	0.00602	0.00445	0.00431	0.00141	0.00691	0.00338	0.00205	0.00669
5	0.00612	0.00442	0.00570	0.00644	0.00698	0.00414	0.00452	0.00721	0.00968	0.01286	0.11636	0.52396	0.09662	0.08330	0.00750	0.00209	0.00297	0.09090	0.00434	0.00388
6	0.00978	0.00838	0.00978	0.00698	0.01117	0.00629	0.00559	0.01187	0.00978	0.01536	0.00838	0.00978	0.00698	0.00349	0.00349	0.00070	0.00349	0.00279	0.00279	0.86312
7	0.00656	0.00443	0.00580	0.00643	0.00694	0.00426	0.00440	0.00752	0.00903	0.03694	0.05254	0.56023	0.05199	0.10205	0.09059	0.00271	0.00393	0.01104	0.02865	0.00394
8	0.00813	0.00412	0.00610	0.00610	0.00610	0.00412	0.00404	0.00617	0.00617	0.00823	0.00848	0.01506	0.00859	0.05255	0.01867	0.82487	0.00412	0.00422	0.00208	0.00208
9	0.00611	0.00442	0.00600	0.00681	0.00732	0.00432	0.00486	0.00727	0.00928	0.01250	0.07408	0.56949	0.05018	0.01737	0.12974	0.00277	0.00434	0.07502	0.00414	0.00397
10	0.05173	0.00706	0.00910	0.00755	0.01029	0.00636	0.00610	0.03388	0.01281	0.48221	0.14248	0.06401	0.09374	0.00773	0.00502	0.00153	0.00354	0.04299	0.00530	0.00658
11	0.01017	0.03757	0.03510	0.06494	0.32552	0.00967	0.06249	0.04357	0.09231	0.01509	0.01401	0.19855	0.01368	0.03069	0.00552	0.00163	0.00488	0.00647	0.00314	0.02501
12	0.20727	0.02419	0.11299	0.01104	0.04312	0.01032	0.11562	0.08138	0.09876	0.17265	0.05013	0.01321	0.01010	0.00517	0.00440	0.00147	0.00488	0.00431	0.00373	0.02524
13	0.00684	0.04649	0.00774	0.00733	0.00820	0.00514	0.04229	0.00800	0.00957	0.03242	0.05528	0.64067	0.05356	0.01313	0.00580	0.00183	0.00317	0.04409	0.00423	0.00422

[dist]
# distance from previous block
# <min> <max>
2	6

[block]
# block no. 3 follows, 54 sequences, length 16
# corresponding to MSA columns:
# 195-210
name=unknown_D
#
# <colnr> <probs for GDERKNQSTAVLIFYWHMCP>
#	G	D	E	R	K	N	Q	S	T	A	V	L	I	F	Y	W	H	M	C	P
0	0.01126	0.01131	0.02546	0.34939	0.12963	0.12383	0.06552	0.04932	0.04240	0.02901	0.02726	0.01402	0.04773	0.00514	0.00470	0.00144	0.00602	0.00448	0.00270	0.04939
1	0.01108	0.01049	0.04709	0.25379	0.13990	0.03307	0.10164	0.05059	0.01075	0.05928	0.00969	0.03177	0.00775	0.00523	0.01654	0.00147	0.03418	0.00429	0.00270	0.16870
2	0.00678	0.00506	0.00636	0.00641	0.00742	0.00501	0.00481	0.00812	0.00984	0.03276	0.13067	0.15639	0.26870	0.08469	0.15964	0.00305	0.03733	0.05887	0.00395	0.00414
3	0.00783	0.00500	0.00629	0.00603	0.00717	0.00462	0.00437	0.00930	0.01112	0.09220	0.35003	0.13863	0.14895	0.14003	0.04526	0.00231	0.00333	0.00860	0.00454	0.00439
4	0.01494	0.05060	0.07921	0.02308	0.05406	0.03319	0.00944	0.39787	0.20509	0.04870	0.02782	0.01312	0.01000	0.00564	0.00464	0.00145	0.00500	0.00443	0.00422	0.00751
5	0.00821	0.00545	0.00672	0.00617	0.00759	0.00511	0.00466	0.05342	0.01300	0.07120	0.52220	0.06457	0.12995	0.03660	0.00599	0.00159	0.00263	0.00817	0.04204	0.00475
6	0.03000	0.19085	0.39281	0.01155	0.05160	0.03920	0.01229	0.04514	0.04210	0.03584	0.01126	0.04413	0.03947	0.00528	0.00424	0.00139	0.00572	0.00409	0.02658	0.00648
7	0.00698	0.00498	0.00616	0.00630	0.00742	0.00456	0.00460	0.00863	0.02985	0.04520	0.18852	0.32823	0.19071	0.04528	0.02204	0.00191	0.00302	0.05135	0.00445	0.03980
8	0.01031	0.00872	0.01006	0.00730	0.01141	0.00696	0.00585	0.05611	0.04017	0.01634	0.00895	0.01016	0.00732	0.00372	0.00361	0.00077	0.00360	0.00297	0.00298	0.78270
9	0.01206	0.11895	0.08052	0.09136	0.48460	0.10488	0.01314	0.01476	0.01072	0.01408	0.00832	0.01072	0.00691	0.00432	0.00440	0.00135	0.00603	0.00379	0.00226	0.00683
10	0.01872	0.00654	0.00816	0.00716	0.00922	0.00617	0.03877	0.04452	0.04371	0.09166	0.14108	0.03302	0.34811	0.01895	0.02289	0.00171	0.03050	0.06366	0.00433	0.06112
11	0.00676	0.00496	0.00713	0.00713	0.00782	0.00565	0.00534	0.00813	0.00745	0.01062	0.01304	0.02077	0.01276	0.18088	0.67143	0.00703	0.01116	0.00538	0.00259	0.00396
12	0.02983	0.01106	0.01677	0.17935	0.45125	0.04289	0.04065	0.04616	0.10556	0.01580	0.01003	0.01237	0.00798	0.00464	0.00467	0.00146	0.00565	0.00431	0.00270	0.00689
13	0.04654	0.05948	0.36572	0.01270	0.06117	0.07222	0.05936	0.06393	0.01167	0.14481	0.03624	0.01180	0.00844	0.00488	0.00448	0.00142	0.00603	0.00394	0.00302	0.02215
14	0.18490	0.01126	0.01103	0.04109	0.01277	0.11813	0.00753	0.17107	0.07879	0.19347	0.07224	0.01361	0.01114	0.00580	0.00491	0.00147	0.04589	0.00427	0.00411	0.00653
15	0.00874	0.00654	0.00878	0.00826	0.00922	0.04699	0.02611	0.00980	0.00814	0.05560	0.01202	0.01832	0.01121	0.05633	0.46035	0.13902	0.07204	0.03561	0.00268	0.00423

[dist]
# distance from previous block
# <min> <max>
0	19

[block]
# block no. 4 follows, 54 sequences, length 30
# corresponding to MSA columns:
# 230-255,259-262
name=unknown_E
#
# <colnr> <probs for GDERKNQSTAVLIFYWHMCP>
#	G	D	E	R	K	N	Q	S	T	A	V	L	I	F	Y	W	H	M	C	P
0	0.02823	0.00844	0.01385	0.60373	0.14659	0.00994	0.01222	0.01193	0.00965	0.01280	0.01131	0.05089	0.05019	0.00547	0.00477	0.00156	0.00575	0.00488	0.00237	0.00544
1	0.01148	0.17139	0.39287	0.01200	0.01723	0.01231	0.08541	0.01713	0.14409	0.07565	0.01081	0.01153	0.00797	0.00478	0.00438	0.00143	0.00592	0.00391	0.00280	0.00690
2	0.00706	0.00505	0.00559	0.00530	0.00697	0.00432	0.00403	0.00852	0.01150	0.07870	0.19810	0.04094	0.58510	0.01098	0.00550	0.00156	0.00249	0.00924	0.00466	0.00440
3	0.00647	0.00440	0.00565	0.00628	0.00668	0.00436	0.00428	0.00742	0.00856	0.01194	0.02095	0.45540	0.02383	0.18133	0.11330	0.00311	0.00438	0.03949	0.08841	0.00376
4	0.08715	0.01353	0.15547	0.01669	0.23499	0.02623	0.10677	0.15076	0.03661	0.04081	0.04007	0.03077	0.00927	0.00516	0.00492	0.00148	0.02489	0.00451	0.00307	0.00686
5	0.02115	0.00802	0.01094	0.00839	0.01204	0.00693	0.00693	0.02298	0.01350	0.80815	0.01860	0.01605	0.01167	0.00584	0.00474	0.00146	0.00401	0.00474	0.00584	0.00802
6	0.03711	0.68991	0.14304	0.00883	0.01327	0.01725	0.00940	0.01423	0.00959	0.01197	0.00684	0.00793	0.00601	0.00411	0.00324	0.00110	0.00529	0.00267	0.00204	0.00616
7	0.01704	0.00843	0.01067	0.00814	0.01187	0.00732	0.00664	0.04114	0.07247	0.49591	0.01547	0.01421	0.01042	0.00519	0.00438	0.00125	0.00387	0.00421	0.00484	0.25652
8	0.05190	0.03126	0.01112	0.05291	0.01292	0.23436	0.02146	0.10061	0.21581	0.01714	0.01380	0.03789	0.03220	0.00587	0.00434	0.00138	0.00515	0.00454	0.13934	0.00600
9	0.00955	0.00610	0.00792	0.00709	0.00865	0.00612	0.00554	0.01220	0.06067	0.14546	0.46179	0.02921	0.08532	0.01026	0.04815	0.00186	0.06610	0.01795	0.00483	0.00522
10	0.00645	0.00480	0.00601	0.00574	0.00692	0.00435	0.00429	0.00846	0.01278	0.01764	0.64843	0.05536	0.18098	0.01017	0.00557	0.00151	0.00227	0.00890	0.00503	0.00435
11	0.01200	0.60213	0.15966	0.00913	0.01343	0.05265	0.00956	0.01449	0.02802	0.01233	0.04323	0.00950	0.00797	0.00446	0.00349	0.00114	0.00538	0.00305	0.00224	0.00614
12	0.00582	0.00415	0.00555	0.00665	0.00695	0.00389	0.00450	0.00669	0.00910	0.01212	0.02595	0.80088	0.03103	0.01470	0.00604	0.00192	0.00280	0.04303	0.00438	0.00385
13	0.13994	0.00989	0.01228	0.01058	0.01153	0.03073	0.00872	0.06546	0.00892	0.03211	0.03764	0.01174	0.00821	0.00979	0.08223	0.00236	0.50581	0.00413	0.00263	0.00531
14	0.01146	0.01059	0.01809	0.17937	0.61398	0.01093	0.03023	0.01431	0.01059	0.04202	0.00912	0.01201	0.00738	0.00435	0.00470	0.00144	0.00573	0.00425	0.00241	0.00704
15	0.00712	0.00526	0.00694	0.00724	0.00795	0.02712	0.03452	0.00774	0.00903	0.01166	0.02281	0.35838	0.10245	0.06337	0.00945	0.16680	0.00371	0.14105	0.00370	0.00367
16	0.49878	0.01127	0.03895	0.00782	0.01045	0.12184	0.00653	0.04855	0.00973	0.03649	0.00818	0.00953	0.00642	0.00496	0.00428	0.00143	0.06716	0.00311	0.09917	0.00535
17	0.01013	0.00897	0.01248	0.01120	0.11891	0.00757	0.07808	0.04156	0.01057	0.01581	0.03536	0.05929	0.00973	0.00457	0.00410	0.00100	0.00416	0.00410	0.00294	0.55946
18	0.00803	0.00669	0.00870	0.00825	0.00899	0.03818	0.00637	0.03120	0.00806	0.01132	0.01171	0.01837	0.01134	0.13859	0.53053	0.00590	0.13584	0.00506	0.00256	0.00433
19	0.00681	0.00476	0.00608	0.00608	0.00641	0.00508	0.00403	0.00746	0.00714	0.00984	0.01399	0.02608	0.01507	0.52519	0.33028	0.00573	0.00769	0.00616	0.00273	0.00338
20	0.00675	0.00501	0.00736	0.00736	0.00813	0.00578	0.00563	0.00828	0.00751	0.01079	0.01283	0.01961	0.01226	0.10559	0.74603	0.00731	0.01192	0.00521	0.00255	0.00409
21	0.13351	0.04182	0.44279	0.04804	0.03476	0.08841	0.04115	0.04509	0.01069	0.05939	0.00874	0.01006	0.00634	0.00459	0.00427	0.00145	0.00634	0.00350	0.00251	0.00654
22	0.00639	0.00449	0.00572	0.00618	0.00652	0.00445	0.00412	0.00715	0.00841	0.01133	0.06495	0.35317	0.03695	0.31699	0.10851	0.00354	0.00461	0.03931	0.00365	0.00358
23	0.83528	0.00908	0.00708	0.00628	0.00923	0.01044	0.00518	0.01421	0.00823	0.05121	0.00702	0.00798	0.00536	0.00443	0.00299	0.00146	0.00366	0.00264	0.00303	0.00522
24	0.01074	0.00925	0.03335	0.12089	0.03118	0.04576	0.02705	0.16885	0.09606	0.01734	0.01722	0.13824	0.02769	0.01678	0.00542	0.00171	0.00472	0.17283	0.04923	0.00569
25	0.00893	0.00848	0.03056	0.01272	0.08766	0.00880	0.17791	0.03257	0.00945	0.01341	0.01376	0.08331	0.05338	0.01643	0.27647	0.00362	0.11117	0.00583	0.04030	0.00523
26	0.00628	0.00466	0.00646	0.00690	0.00763	0.00442	0.02353	0.00767	0.01019	0.01377	0.19656	0.49058	0.06674	0.01421	0.04925	0.00212	0.00340	0.07713	0.00441	0.00410
27	0.02947	0.00733	0.00915	0.06402	0.03857	0.00760	0.01795	0.12066	0.09874	0.08053	0.03162	0.28585	0.04823	0.03246	0.00561	0.00169	0.00376	0.02029	0.07084	0.02564
28	0.02516	0.03577	0.01572	0.08126	0.09647	0.11902	0.14914	0.08531	0.01139	0.01507	0.02515	0.03222	0.03908	0.00647	0.02352	0.00162	0.12329	0.02189	0.02110	0.07136
29	0.00722	0.00552	0.00616	0.00616	0.00656	0.03572	0.00408	0.00780	0.00799	0.01055	0.03537	0.11004	0.07666	0.48728	0.10629	0.00401	0.03719	0.02527	0.01664	0.00347

[dist]
# distance from previous block
# <min> <max>
2	12

[block]
# block no. 5 follows, 54 sequences, length 9
# corresponding to MSA columns:
# 280-288
name=unknown_F
#
# <colnr> <probs for GDERKNQSTAVLIFYWHMCP>
#	G	D	E	R	K	N	Q	S	T	A	V	L	I	F	Y	W	H	M	C	P
0	0.07906	0.01493	0.04121	0.01146	0.05937	0.27667	0.02667	0.23911	0.02806	0.07660	0.02483	0.01210	0.02500	0.00535	0.00438	0.00135	0.00591	0.00398	0.05747	0.00647
1	0.16368	0.04737	0.12118	0.05183	0.04391	0.03557	0.00881	0.06015	0.10170	0.05351	0.03270	0.02768	0.03332	0.00552	0.00502	0.00140	0.06880	0.00411	0.00318	0.13057
2	0.01059	0.26140	0.17222	0.06870	0.05668	0.01176	0.06481	0.03734	0.01061	0.03843	0.06766	0.04065	0.05419	0.02862	0.00491	0.00145	0.00522	0.02776	0.00281	0.03420
3	0.00600	0.00473	0.00543	0.00550	0.00676	0.00416	0.00410	0.00748	0.01129	0.01450	0.26389	0.14459	0.45052	0.01168	0.00567	0.00163	0.00246	0.04090	0.00461	0.00411
4	0.17088	0.00850	0.01057	0.07972	0.07099	0.00860	0.00753	0.09451	0.01244	0.33218	0.04135	0.01735	0.06079	0.00611	0.00451	0.00149	0.00418	0.03414	0.02755	0.00660
5	0.01199	0.05729	0.23218	0.09453	0.22453	0.04910	0.11666	0.04901	0.03543	0.07016	0.00971	0.01154	0.00730	0.00456	0.00465	0.00145	0.00627	0.00412	0.00264	0.00687
6	0.03987	0.00830	0.00913	0.00801	0.01033	0.00876	0.00641	0.22514	0.13869	0.06836	0.05580	0.04445	0.15273	0.04046	0.00575	0.00168	0.00381	0.09831	0.06806	0.00597
7	0.00579	0.00427	0.00542	0.00622	0.00678	0.00390	0.00425	0.00678	0.00964	0.01267	0.08839	0.63910	0.16172	0.01391	0.00591	0.00183	0.00264	0.01246	0.00444	0.00390
8	0.00702	0.00511	0.00723	0.00714	0.00813	0.00483	0.04765	0.00843	0.01013	0.03952	0.17510	0.34344	0.10299	0.09480	0.05533	0.00238	0.00382	0.06853	0.00421	0.00421

[dist]
# distance from previous block
# <min> <max>
0	9

[block]
# block no. 6 follows, 54 sequences, length 17
# corresponding to MSA columns:
# 298-314
name=unknown_G
#
# <colnr> <probs for GDERKNQSTAVLIFYWHMCP>
#	G	D	E	R	K	N	Q	S	T	A	V	L	I	F	Y	W	H	M	C	P
0	0.05914	0.00517	0.00595	0.00587	0.00637	0.00530	0.00383	0.00856	0.00781	0.05234	0.01574	0.09894	0.01718	0.55404	0.03710	0.00373	0.02527	0.04110	0.04299	0.00357
1	0.00958	0.00913	0.01550	0.22118	0.18165	0.00946	0.16735	0.03822	0.04632	0.01498	0.08474	0.04010	0.12863	0.00632	0.00511	0.00154	0.00531	0.00598	0.00308	0.00583
2	0.09300	0.07612	0.13002	0.03711	0.07058	0.06875	0.12121	0.19062	0.04388	0.09109	0.01059	0.02792	0.00801	0.00505	0.00451	0.00144	0.00577	0.00422	0.00332	0.00681
3	0.00890	0.00838	0.01414	0.82296	0.03247	0.01048	0.01309	0.01205	0.00943	0.01205	0.00838	0.01257	0.00629	0.00471	0.00471	0.00157	0.00629	0.00419	0.00210	0.00524
4	0.00741	0.00515	0.00604	0.00595	0.00647	0.00514	0.00390	0.05752	0.00931	0.01253	0.13044	0.13018	0.03890	0.50635	0.01670	0.00342	0.00399	0.04336	0.00360	0.00363
5	0.00961	0.00896	0.01516	0.53133	0.23432	0.01025	0.03305	0.01262	0.00997	0.01347	0.03614	0.01332	0.00817	0.00476	0.00470	0.00150	0.00584	0.00439	0.03664	0.00580
6	0.06507	0.00961	0.06520	0.19807	0.13251	0.00961	0.10848	0.01197	0.00984	0.01426	0.07762	0.09018	0.01326	0.00804	0.04366	0.00192	0.08706	0.04531	0.00281	0.00551
7	0.00593	0.00479	0.00530	0.00551	0.00676	0.00425	0.00400	0.00755	0.03765	0.01339	0.11342	0.24567	0.50455	0.01226	0.00566	0.00166	0.00251	0.01054	0.00447	0.00411
8	0.00741	0.00564	0.00801	0.00978	0.08695	0.00550	0.00712	0.00930	0.01062	0.01402	0.07525	0.20502	0.08489	0.01221	0.00610	0.00196	0.00386	0.43761	0.00421	0.00453
9	0.06812	0.69253	0.02234	0.00834	0.01219	0.06553	0.00799	0.05456	0.01036	0.01273	0.00685	0.00782	0.00609	0.00419	0.00318	0.00107	0.00517	0.00264	0.00224	0.00606
10	0.03162	0.00754	0.00868	0.00788	0.00957	0.02319	0.00600	0.20820	0.04390	0.07142	0.03077	0.20110	0.07400	0.01104	0.00823	0.19634	0.00398	0.04751	0.00399	0.00504
11	0.01624	0.01142	0.06173	0.00951	0.01298	0.01117	0.00818	0.46201	0.01784	0.16940	0.06022	0.01427	0.01122	0.00584	0.00459	0.00139	0.00455	0.00456	0.10557	0.00731
12	0.02693	0.04921	0.04130	0.01657	0.07722	0.07076	0.43043	0.01401	0.01085	0.01454	0.05155	0.04811	0.01100	0.00565	0.00598	0.00159	0.06439	0.05126	0.00269	0.00595
13	0.01672	0.01880	0.01315	0.01161	0.01389	0.57771	0.00894	0.08039	0.01324	0.06435	0.00844	0.00969	0.00677	0.00542	0.00567	0.00135	0.10774	0.00342	0.02694	0.00577
14	0.01390	0.03385	0.05809	0.00851	0.01143	0.05010	0.00725	0.13926	0.03838	0.24867	0.14316	0.04137	0.07237	0.00765	0.02240	0.00158	0.01845	0.02108	0.02735	0.03513
15	0.09927	0.05179	0.01037	0.00841	0.01081	0.04658	0.01789	0.14499	0.10086	0.05279	0.02838	0.07430	0.04388	0.04451	0.12069	0.00247	0.00552	0.06399	0.00373	0.06881
16	0.06287	0.03790	0.06418	0.01225	0.07399	0.20532	0.04534	0.19560	0.05987	0.03373	0.01081	0.03175	0.02181	0.00642	0.02764	0.00159	0.06232	0.00421	0.02161	0.02079

[dist]
# distance from previous block
# <min> <max>
3	13

[block]
# block no. 7 follows, 54 sequences, length 31
# corresponding to MSA columns:
# 329-359
name=unknown_H
#
# <colnr> <probs for GDERKNQSTAVLIFYWHMCP>
#	G	D	E	R	K	N	Q	S	T	A	V	L	I	F	Y	W	H	M	C	P
0	0.01092	0.01081	0.11476	0.01073	0.07644	0.04197	0.02354	0.06504	0.19021	0.07894	0.14054	0.02419	0.11298	0.00749	0.00508	0.00156	0.00435	0.07009	0.00413	0.00623
1	0.11871	0.04088	0.14657	0.04059	0.06631	0.04302	0.13850	0.06449	0.01097	0.12552	0.01054	0.01204	0.02414	0.00532	0.00597	0.00154	0.11703	0.00419	0.01727	0.00638
2	0.01060	0.01070	0.04319	0.22473	0.28585	0.02958	0.11038	0.04404	0.04269	0.01483	0.01129	0.05836	0.03120	0.00529	0.00494	0.00148	0.01402	0.00497	0.00266	0.04922
3	0.00598	0.00434	0.00565	0.00651	0.00698	0.00399	0.00440	0.00685	0.00905	0.01211	0.02547	0.72643	0.05292	0.04854	0.00667	0.00197	0.00286	0.02753	0.00425	0.03749
4	0.01293	0.65965	0.02200	0.00828	0.01230	0.01695	0.00792	0.10254	0.01104	0.01365	0.00728	0.00822	0.00637	0.00417	0.00327	0.00102	0.00490	0.00275	0.00240	0.09236
5	0.01006	0.08200	0.29766	0.07297	0.01610	0.04338	0.04980	0.04485	0.02579	0.03200	0.08128	0.04305	0.02685	0.02788	0.04524	0.00186	0.03818	0.02160	0.03357	0.00590
6	0.00805	0.00662	0.03444	0.00741	0.00878	0.00620	0.00569	0.11440	0.06297	0.01548	0.06078	0.44721	0.12233	0.02920	0.00604	0.00182	0.00333	0.05007	0.00437	0.00480
7	0.00946	0.02439	0.80987	0.01344	0.02041	0.01095	0.01742	0.01493	0.00995	0.01493	0.00846	0.00995	0.00597	0.00448	0.00448	0.00149	0.00697	0.00348	0.00199	0.00697
8	0.01037	0.00989	0.01555	0.49381	0.21436	0.05406	0.05113	0.01327	0.01020	0.03398	0.00997	0.01375	0.02513	0.00491	0.00477	0.00152	0.00614	0.01895	0.00238	0.00587
9	0.08578	0.04444	0.02283	0.05498	0.19364	0.02460	0.06703	0.08168	0.02135	0.06120	0.08040	0.06239	0.02188	0.00813	0.05399	0.00187	0.01628	0.04960	0.04194	0.00600
10	0.00606	0.00468	0.00650	0.00688	0.00761	0.00431	0.04342	0.00712	0.00950	0.01247	0.05778	0.61044	0.15275	0.03882	0.00646	0.00191	0.00298	0.01208	0.00426	0.00397
11	0.00750	0.00498	0.00627	0.00624	0.00672	0.00515	0.00422	0.00816	0.00785	0.05016	0.01712	0.10908	0.04806	0.46634	0.18012	0.00449	0.02751	0.03320	0.00318	0.00364
12	0.01153	0.03055	0.14661	0.14746	0.15198	0.02971	0.07626	0.04474	0.01091	0.12049	0.01340	0.08408	0.04724	0.02373	0.00570	0.00160	0.03936	0.00531	0.00307	0.00627
13	0.01321	0.04531	0.09070	0.02769	0.02917	0.07178	0.08644	0.11639	0.06210	0.17193	0.06553	0.09118	0.04200	0.00685	0.00491	0.00151	0.00497	0.03363	0.02832	0.00638
14	0.80122	0.00909	0.00724	0.00641	0.00935	0.01043	0.00526	0.01463	0.03041	0.06051	0.00752	0.00836	0.00570	0.00451	0.00306	0.00146	0.00367	0.00274	0.00312	0.00532
15	0.01122	0.03566	0.01911	0.18906	0.03667	0.02869	0.32894	0.05992	0.03065	0.05470	0.04999	0.05415	0.01035	0.00553	0.00586	0.00158	0.06360	0.00541	0.00290	0.00601
16	0.01103	0.02966	0.10505	0.09652	0.30390	0.02137	0.09667	0.04987	0.06576	0.04000	0.02909	0.05180	0.03407	0.03791	0.00559	0.00161	0.00557	0.00511	0.00290	0.00654
17	0.28238	0.00983	0.00999	0.03601	0.01202	0.03290	0.00689	0.13620	0.17479	0.18876	0.03238	0.01321	0.01010	0.00549	0.00414	0.00147	0.00413	0.00412	0.02856	0.00664
18	0.03023	0.00915	0.05032	0.09678	0.09472	0.08626	0.03500	0.02925	0.03241	0.01345	0.03882	0.27612	0.04732	0.02742	0.02577	0.04415	0.02126	0.03328	0.00331	0.00496
19	0.03097	0.05481	0.07983	0.10608	0.12115	0.14509	0.09985	0.07013	0.07999	0.05735	0.02800	0.03093	0.02005	0.00551	0.00505	0.00148	0.03319	0.02118	0.00303	0.00633
20	0.02331	0.16984	0.08210	0.04760	0.10337	0.03688	0.12318	0.11055	0.01202	0.09516	0.01233	0.09920	0.01093	0.00613	0.00469	0.00147	0.00547	0.04618	0.00322	0.00638
21	0.00674	0.00508	0.00732	0.00712	0.00769	0.00499	0.06645	0.00755	0.00814	0.01095	0.01869	0.34940	0.02147	0.36353	0.09022	0.00355	0.00487	0.00921	0.00340	0.00366
22	0.01090	0.09871	0.07693	0.01176	0.03325	0.08712	0.19666	0.02927	0.05782	0.05384	0.03432	0.12732	0.07939	0.02555	0.02544	0.00172	0.01651	0.00620	0.02156	0.00572
23	0.02906	0.06917	0.15741	0.09189	0.03919	0.17577	0.08718	0.07719	0.01189	0.06481	0.01099	0.04173	0.00909	0.00553	0.00454	0.00143	0.00611	0.04268	0.06825	0.00606
24	0.00813	0.00413	0.00620	0.00620	0.00623	0.00417	0.00417	0.00623	0.00620	0.00830	0.00837	0.01450	0.00833	0.01713	0.04994	0.82900	0.00443	0.00413	0.00207	0.00213
25	0.00762	0.01105	0.23575	0.01034	0.01315	0.00703	0.11005	0.01028	0.00969	0.01346	0.03693	0.41839	0.02050	0.01090	0.03046	0.00193	0.00496	0.03900	0.00341	0.00509
26	0.01212	0.01110	0.01552	0.13415	0.20584	0.09245	0.11670	0.05917	0.07841	0.07483	0.06396	0.01599	0.05954	0.00567	0.00525	0.00149	0.03317	0.00504	0.00322	0.00637
27	0.29667	0.01066	0.09313	0.21101	0.05859	0.02753	0.07858	0.01325	0.00958	0.02851	0.01106	0.01602	0.03287	0.00563	0.00437	0.00157	0.00527	0.08742	0.00278	0.00550
28	0.24361	0.02982	0.08118	0.05952	0.16069	0.02993	0.13220	0.08740	0.05793	0.01789	0.00891	0.01075	0.00693	0.00476	0.00486	0.00150	0.04906	0.00391	0.00281	0.00634
29	0.10113	0.01020	0.06772	0.00894	0.01190	0.04079	0.05259	0.14827	0.09078	0.11704	0.13416	0.02160	0.12635	0.02647	0.00529	0.00157	0.00430	0.02057	0.00423	0.00610
30	0.12254	0.01255	0.08525	0.05671	0.06902	0.10322	0.00894	0.23493	0.04253	0.03690	0.09497	0.04236	0.04664	0.00620	0.00473	0.00146	0.01618	0.00487	0.00367	0.00631

[dist]
# distance from previous block
# <min> <max>
0	2

[block]
# block no. 8 follows, 54 sequences, length 10
# corresponding to MSA columns:
# 362-371
name=unknown_I
#
# <colnr> <probs for GDERKNQSTAVLIFYWHMCP>
#	G	D	E	R	K	N	Q	S	T	A	V	L	I	F	Y	W	H	M	C	P
0	0.00597	0.00563	0.04560	0.00600	0.00747	0.00440	0.00481	0.00736	0.01025	0.01277	0.03813	0.25623	0.49408	0.01242	0.00571	0.00172	0.00286	0.07023	0.00426	0.00412
1	0.07905	0.01015	0.06564	0.06440	0.14405	0.03813	0.00883	0.04326	0.21858	0.03162	0.09182	0.05946	0.01539	0.05015	0.00578	0.00170	0.00450	0.04401	0.01734	0.00613
2	0.01507	0.00924	0.01104	0.00964	0.04692	0.00940	0.00734	0.12368	0.26984	0.28661	0.06286	0.01779	0.04911	0.00628	0.00477	0.00146	0.00394	0.00519	0.00492	0.05490
3	0.01822	0.01186	0.01321	0.01022	0.01390	0.01274	0.00841	0.56941	0.07250	0.19993	0.01345	0.01278	0.00925	0.00575	0.00473	0.00144	0.00483	0.00443	0.00497	0.00798
4	0.01213	0.11883	0.26245	0.04763	0.03925	0.05977	0.04479	0.12190	0.12926	0.04261	0.01256	0.01325	0.04975	0.00538	0.00469	0.00144	0.02022	0.00425	0.00309	0.00674
5	0.02805	0.00575	0.00713	0.00731	0.00856	0.00569	0.00566	0.07002	0.03691	0.04379	0.15013	0.31011	0.09523	0.01174	0.00577	0.00180	0.00330	0.19381	0.00456	0.00469
6	0.00837	0.00541	0.00679	0.00627	0.00777	0.00500	0.00476	0.01089	0.05217	0.10760	0.52651	0.07601	0.14489	0.00964	0.00546	0.00152	0.00255	0.00839	0.00509	0.00491
7	0.01141	0.01052	0.06124	0.01080	0.04575	0.05222	0.09478	0.12354	0.14894	0.06778	0.12699	0.07341	0.11396	0.00743	0.00540	0.00154	0.02767	0.00639	0.00408	0.00617
8	0.01618	0.01940	0.06562	0.04905	0.03981	0.51378	0.05767	0.15371	0.01431	0.01532	0.00831	0.00963	0.00653	0.00490	0.00446	0.00131	0.00760	0.00352	0.00278	0.00612
9	0.00897	0.00820	0.01165	0.01022	0.01104	0.01022	0.04883	0.04903	0.00884	0.01262	0.01474	0.11190	0.09665	0.01453	0.17385	0.00305	0.39182	0.00611	0.00283	0.00489

[dist]
# distance from previous block
# <min> <max>
0	1

[block]
# block no. 9 follows, 54 sequences, length 6
# corresponding to MSA columns:
# 373-378
name=unknown_J
#
# <colnr> <probs for GDERKNQSTAVLIFYWHMCP>
#	G	D	E	R	K	N	Q	S	T	A	V	L	I	F	Y	W	H	M	C	P
0	0.05857	0.00997	0.01603	0.40497	0.18908	0.01118	0.09717	0.07046	0.06798	0.01544	0.00951	0.01240	0.00728	0.00470	0.00470	0.00152	0.00591	0.00434	0.00261	0.00618
1	0.01258	0.01150	0.01841	0.02630	0.68937	0.01170	0.01367	0.12770	0.01241	0.01750	0.00923	0.01162	0.00755	0.00441	0.00468	0.00140	0.00554	0.00421	0.00268	0.00755
2	0.00976	0.00915	0.01542	0.50200	0.29324	0.01040	0.01321	0.01273	0.00996	0.01332	0.00959	0.01483	0.00800	0.00506	0.00481	0.00155	0.00593	0.05276	0.00232	0.00594
3	0.01249	0.01029	0.01751	0.17886	0.49145	0.01048	0.06092	0.01528	0.01091	0.13061	0.01024	0.01255	0.00783	0.00453	0.00474	0.00145	0.00565	0.00436	0.00280	0.00705
4	0.00791	0.00678	0.01045	0.26624	0.13104	0.00744	0.00867	0.00973	0.00924	0.01229	0.01696	0.28811	0.04629	0.09868	0.00764	0.00202	0.02844	0.03417	0.00313	0.00476
5	0.01261	0.14637	0.02707	0.16672	0.02980	0.04359	0.02154	0.05607	0.18891	0.13158	0.04071	0.01587	0.02844	0.01984	0.01819	0.00159	0.00499	0.02195	0.00363	0.02052

[dist]
# distance from previous block
# <min> <max>
0	21

# created by:
# /home/cegg/simao/soft/augustus-3.2.1/scripts/msa2prfl.pl ./align_prep/EOG091G0QNW.fa
