[name]
unknown

[dist]
# distance from previous block
# <min> <max>
0	64

[block]
# block no. 0 follows, 51 sequences, length 29
# corresponding to MSA columns:
# 164-192
name=unknown_A
#
# <colnr> <probs for GDERKNQSTAVLIFYWHMCP>
#	G	D	E	R	K	N	Q	S	T	A	V	L	I	F	Y	W	H	M	C	P
0	0.01836	0.02342	0.01393	0.01266	0.01519	0.80756	0.00950	0.01962	0.01393	0.01203	0.00760	0.00886	0.00633	0.00506	0.00443	0.00127	0.00886	0.00317	0.00253	0.00570
1	0.00843	0.00434	0.00650	0.00650	0.00656	0.00439	0.00439	0.00656	0.00650	0.00873	0.00885	0.01523	0.00879	0.01841	0.07236	0.79978	0.00487	0.00434	0.00217	0.00229
2	0.00731	0.00542	0.00708	0.00783	0.00907	0.00519	0.00662	0.00930	0.01143	0.01469	0.08840	0.07093	0.20847	0.01310	0.00647	0.00206	0.00385	0.51375	0.00460	0.00443
3	0.01456	0.01678	0.01290	0.01375	0.14395	0.45494	0.00909	0.04961	0.01322	0.01398	0.01670	0.01747	0.16337	0.00647	0.00477	0.00138	0.00673	0.00490	0.02961	0.00582
4	0.00599	0.00428	0.00570	0.00684	0.00713	0.00399	0.00456	0.00684	0.00941	0.01254	0.02709	0.82409	0.03250	0.01540	0.00627	0.00200	0.00285	0.01397	0.00456	0.00399
5	0.00902	0.00846	0.01402	0.75553	0.03183	0.01042	0.01291	0.01215	0.00993	0.01261	0.01177	0.01563	0.06485	0.00547	0.00498	0.00164	0.00625	0.00481	0.00236	0.00536
6	0.01395	0.64631	0.05776	0.00944	0.01347	0.16414	0.00904	0.01566	0.01073	0.01182	0.00706	0.00817	0.00631	0.00438	0.00346	0.00111	0.00601	0.00277	0.00218	0.00624
7	0.01742	0.00928	0.08412	0.00879	0.01225	0.00717	0.00772	0.03718	0.01349	0.53631	0.11951	0.09184	0.01781	0.00731	0.00515	0.00157	0.00413	0.00614	0.00546	0.00738
8	0.01223	0.52725	0.28807	0.01041	0.01564	0.01657	0.01174	0.04363	0.01061	0.01364	0.00769	0.00887	0.00636	0.00442	0.00373	0.00124	0.00594	0.00303	0.00220	0.00671
9	0.04099	0.01245	0.01220	0.01046	0.01354	0.07884	0.00826	0.22816	0.49360	0.02270	0.01636	0.01547	0.01219	0.00626	0.00487	0.00158	0.00471	0.00496	0.00471	0.00769
10	0.72022	0.01198	0.06663	0.00760	0.01091	0.08540	0.00666	0.01501	0.00903	0.02063	0.00706	0.00824	0.00548	0.00462	0.00329	0.00150	0.00453	0.00278	0.00292	0.00550
11	0.01174	0.01421	0.16385	0.02719	0.65394	0.01163	0.01565	0.01517	0.01104	0.01596	0.00917	0.01183	0.00750	0.00443	0.00483	0.00148	0.00610	0.00424	0.00237	0.00769
12	0.00615	0.00495	0.00548	0.00544	0.00687	0.00428	0.00404	0.00767	0.01186	0.01507	0.26111	0.09246	0.53348	0.01194	0.00583	0.00165	0.00246	0.01017	0.00481	0.00428
13	0.00619	0.00447	0.00567	0.00655	0.00698	0.00417	0.00442	0.00704	0.00940	0.01234	0.02804	0.60949	0.11269	0.11612	0.00858	0.00232	0.00312	0.04413	0.00436	0.00390
14	0.00854	0.00427	0.00640	0.00640	0.00640	0.00427	0.00427	0.00640	0.00640	0.00854	0.00854	0.01494	0.00854	0.01707	0.01921	0.85702	0.00427	0.00427	0.00213	0.00213
15	0.01145	0.01281	0.02649	0.01931	0.02339	0.01290	0.64074	0.01504	0.01087	0.01504	0.00931	0.01281	0.00728	0.00494	0.00766	0.00175	0.15388	0.00553	0.00243	0.00640
16	0.50940	0.01376	0.16849	0.00904	0.01286	0.04668	0.00872	0.10507	0.01075	0.02084	0.00824	0.02498	0.00647	0.00511	0.00414	0.00154	0.03144	0.00336	0.00305	0.00606
17	0.01569	0.04579	0.01346	0.01222	0.07155	0.30442	0.00891	0.09502	0.21879	0.08998	0.01369	0.01392	0.02793	0.00708	0.03835	0.00171	0.00645	0.00441	0.00378	0.00684
18	0.07432	0.17643	0.40648	0.01552	0.17449	0.01313	0.01438	0.04382	0.01079	0.01595	0.00849	0.01013	0.00657	0.00456	0.00430	0.00143	0.00626	0.00355	0.00233	0.00708
19	0.01336	0.79645	0.02526	0.00859	0.01272	0.05246	0.00845	0.01492	0.01015	0.01158	0.00686	0.00792	0.00631	0.00424	0.00321	0.00106	0.00541	0.00265	0.00212	0.00628
20	0.00646	0.00455	0.00588	0.00660	0.00689	0.00445	0.00438	0.00721	0.00871	0.01168	0.02260	0.50814	0.02650	0.24068	0.08414	0.00330	0.00437	0.03573	0.00395	0.00377
21	0.01879	0.01360	0.01464	0.01123	0.01516	0.01499	0.00927	0.75681	0.02283	0.05481	0.01203	0.01195	0.00848	0.00590	0.00492	0.00148	0.00537	0.00444	0.00495	0.00836
22	0.00980	0.14463	0.01213	0.00908	0.05676	0.00881	0.04036	0.06933	0.03078	0.03687	0.32638	0.10656	0.07809	0.00851	0.00515	0.00150	0.00366	0.00737	0.03871	0.00554
23	0.01116	0.00967	0.01239	0.00899	0.01332	0.00807	0.07836	0.08278	0.03684	0.01749	0.00949	0.01089	0.00764	0.00399	0.00400	0.00091	0.00424	0.00340	0.00312	0.67324
24	0.29031	0.31525	0.18320	0.00923	0.01368	0.01460	0.00955	0.08626	0.01076	0.01765	0.00772	0.00881	0.00616	0.00458	0.00360	0.00135	0.00522	0.00302	0.00267	0.00638
25	0.00972	0.00734	0.01209	0.00971	0.01201	0.00680	0.17760	0.02539	0.01311	0.10013	0.44836	0.04460	0.06407	0.03901	0.00642	0.00170	0.00401	0.00780	0.00468	0.00544
26	0.00948	0.02351	0.72745	0.01316	0.01990	0.01073	0.01681	0.01477	0.01045	0.01535	0.01264	0.01382	0.07982	0.00539	0.00478	0.00157	0.00682	0.00426	0.00231	0.00697
27	0.01032	0.01016	0.01420	0.01235	0.01238	0.01405	0.01019	0.01137	0.00770	0.01189	0.00832	0.08452	0.00881	0.00922	0.01523	0.00214	0.74434	0.00518	0.00237	0.00525
28	0.01063	0.02524	0.73037	0.01388	0.02072	0.08362	0.01737	0.01593	0.01070	0.01524	0.00871	0.01024	0.00623	0.00470	0.00465	0.00153	0.00741	0.00359	0.00212	0.00712

[dist]
# distance from previous block
# <min> <max>
0	1

[block]
# block no. 1 follows, 51 sequences, length 37
# corresponding to MSA columns:
# 194-215,217-228,236-238
name=unknown_B
#
# <colnr> <probs for GDERKNQSTAVLIFYWHMCP>
#	G	D	E	R	K	N	Q	S	T	A	V	L	I	F	Y	W	H	M	C	P
0	0.01886	0.00763	0.01020	0.00818	0.01143	0.00660	0.00661	0.02059	0.01333	0.64464	0.02322	0.09689	0.09393	0.00762	0.00516	0.00158	0.00388	0.00636	0.00578	0.00752
1	0.01078	0.00972	0.01488	0.56607	0.10321	0.01161	0.01272	0.08743	0.09054	0.01545	0.01018	0.01338	0.00770	0.00520	0.00512	0.00162	0.02093	0.00449	0.00276	0.00620
2	0.00686	0.00495	0.00648	0.00625	0.00732	0.00457	0.00463	0.00903	0.01345	0.01898	0.71581	0.11703	0.04495	0.01059	0.00584	0.00159	0.00237	0.00941	0.00532	0.00457
3	0.01019	0.00873	0.01019	0.00728	0.01165	0.00655	0.00582	0.01237	0.01019	0.01601	0.00873	0.01019	0.00728	0.00364	0.00364	0.00073	0.00364	0.00291	0.00291	0.85734
4	0.01161	0.01090	0.01766	0.02568	0.63825	0.01101	0.01327	0.01555	0.09058	0.01664	0.06041	0.01563	0.04039	0.00526	0.00497	0.00149	0.00530	0.00500	0.00296	0.00745
5	0.01201	0.01159	0.05230	0.05732	0.59213	0.01113	0.02688	0.05933	0.01171	0.01699	0.01006	0.01275	0.00818	0.00464	0.00473	0.00144	0.00558	0.00439	0.08948	0.00735
6	0.00738	0.00530	0.00562	0.00536	0.00722	0.00445	0.00408	0.00871	0.01153	0.08848	0.06163	0.04417	0.70515	0.01179	0.00573	0.00164	0.00265	0.00982	0.00473	0.00456
7	0.00599	0.00428	0.00570	0.00684	0.00713	0.00399	0.00456	0.00684	0.00941	0.01254	0.02709	0.82409	0.03250	0.01540	0.00627	0.00200	0.00285	0.01397	0.00456	0.00399
8	0.01227	0.15791	0.02062	0.10699	0.51199	0.02689	0.04700	0.03224	0.01117	0.01514	0.00882	0.01148	0.00737	0.00444	0.00460	0.00141	0.00596	0.00411	0.00241	0.00720
9	0.01008	0.00597	0.00649	0.00624	0.00770	0.00615	0.00489	0.11800	0.01214	0.01918	0.01754	0.08601	0.01550	0.00747	0.00428	0.00139	0.00304	0.09776	0.56510	0.00505
10	0.01086	0.01008	0.01660	0.48860	0.30460	0.01144	0.01391	0.05833	0.01109	0.01488	0.00910	0.01269	0.00710	0.00478	0.00490	0.00156	0.00623	0.00437	0.00243	0.00646
11	0.01945	0.00986	0.05119	0.00982	0.01369	0.00846	0.05293	0.10677	0.01474	0.57713	0.06961	0.01701	0.01347	0.00615	0.00503	0.00153	0.00458	0.00514	0.00550	0.00796
12	0.00680	0.00502	0.00636	0.00602	0.00725	0.00457	0.00452	0.00898	0.01355	0.01886	0.69551	0.03811	0.14544	0.01036	0.00580	0.00156	0.00234	0.00908	0.00530	0.00457
13	0.01679	0.01251	0.01374	0.04608	0.01518	0.01385	0.00901	0.64182	0.05262	0.02798	0.01346	0.08964	0.01086	0.00679	0.00505	0.00154	0.00515	0.00538	0.00477	0.00779
14	0.00928	0.00873	0.01474	0.81548	0.03385	0.01092	0.01365	0.01256	0.00983	0.01256	0.00873	0.01310	0.00655	0.00491	0.00491	0.00164	0.00655	0.00437	0.00218	0.00546
15	0.00993	0.02492	0.77009	0.01428	0.02145	0.01145	0.04940	0.01557	0.01043	0.01557	0.00887	0.01049	0.00628	0.00465	0.00472	0.00156	0.00730	0.00372	0.00209	0.00724
16	0.00610	0.00477	0.00547	0.00582	0.00690	0.00421	0.00417	0.00731	0.01077	0.01364	0.12415	0.29318	0.41790	0.04661	0.00677	0.00190	0.00273	0.02889	0.00459	0.00411
17	0.01839	0.02244	0.01401	0.01252	0.01520	0.72674	0.00948	0.09721	0.01486	0.01396	0.00802	0.00916	0.00654	0.00515	0.00448	0.00129	0.00851	0.00329	0.00278	0.00597
18	0.00715	0.00476	0.00536	0.00536	0.00536	0.00476	0.00298	0.00715	0.00715	0.00953	0.01548	0.03216	0.01787	0.82729	0.02501	0.00476	0.00476	0.00715	0.00298	0.00298
19	0.01836	0.01361	0.01457	0.01124	0.01512	0.01509	0.00926	0.74332	0.06055	0.03046	0.01220	0.01212	0.00868	0.00594	0.00492	0.00148	0.00533	0.00448	0.00492	0.00833
20	0.01726	0.01306	0.01395	0.01102	0.01470	0.01458	0.00900	0.61464	0.19103	0.02868	0.01360	0.01323	0.00982	0.00607	0.00493	0.00152	0.00507	0.00467	0.00493	0.00823
21	0.01214	0.00867	0.06757	0.00958	0.06633	0.00720	0.02009	0.07133	0.02287	0.21526	0.24305	0.04024	0.16919	0.00839	0.00538	0.00157	0.00381	0.01623	0.00485	0.00624
22	0.00996	0.02471	0.75665	0.01440	0.02153	0.01147	0.06262	0.01557	0.01045	0.01557	0.00888	0.01054	0.00630	0.00464	0.00473	0.00156	0.00732	0.00376	0.00210	0.00723
23	0.09356	0.01354	0.16658	0.01361	0.06804	0.01031	0.19430	0.07070	0.01181	0.09178	0.02257	0.01203	0.00813	0.00459	0.00463	0.00137	0.00576	0.00421	0.00312	0.19936
24	0.00721	0.00504	0.00685	0.00778	0.00859	0.00489	0.00619	0.00854	0.01025	0.01334	0.02669	0.28570	0.09277	0.01437	0.00773	0.08369	0.00382	0.39815	0.00431	0.00410
25	0.01175	0.05443	0.48937	0.01513	0.10840	0.13439	0.01521	0.01680	0.06697	0.01521	0.00937	0.01083	0.00706	0.00489	0.00481	0.00150	0.02069	0.00376	0.00240	0.00705
26	0.01364	0.01463	0.01741	0.09080	0.47713	0.23220	0.01305	0.01667	0.04986	0.01486	0.00927	0.01163	0.00763	0.00473	0.00476	0.00143	0.00664	0.00410	0.00256	0.00701
27	0.00697	0.00469	0.00541	0.00559	0.00563	0.00465	0.00322	0.00710	0.00749	0.00999	0.01727	0.15402	0.02012	0.70236	0.02213	0.00434	0.00447	0.00820	0.00322	0.00313
28	0.00961	0.00907	0.01534	0.72482	0.12190	0.01101	0.01381	0.01285	0.00998	0.01296	0.00879	0.01299	0.00669	0.00485	0.00491	0.00162	0.00647	0.00437	0.00221	0.00573
29	0.00598	0.00431	0.00567	0.00675	0.00710	0.00400	0.00452	0.00685	0.00950	0.01258	0.02820	0.78605	0.06983	0.01525	0.00625	0.00198	0.00283	0.01379	0.00456	0.00400
30	0.00977	0.10020	0.49515	0.01254	0.01807	0.01097	0.08595	0.01425	0.01115	0.01600	0.16376	0.01560	0.01427	0.00564	0.00485	0.00151	0.00618	0.00477	0.00277	0.00659
31	0.01151	0.01300	0.02757	0.01992	0.02438	0.01270	0.70044	0.01534	0.01118	0.01534	0.00959	0.01300	0.00735	0.00460	0.00685	0.00171	0.09091	0.00565	0.00245	0.00650
32	0.01217	0.01176	0.01718	0.12611	0.49814	0.05821	0.01313	0.01720	0.16450	0.01626	0.01121	0.01331	0.00897	0.00494	0.00487	0.00151	0.00572	0.00454	0.00291	0.00736
33	0.00833	0.00533	0.00685	0.00634	0.00779	0.00482	0.00480	0.01042	0.01343	0.09830	0.60057	0.07034	0.12354	0.01014	0.00573	0.00158	0.00255	0.00887	0.00535	0.00494
34	0.00690	0.00526	0.00756	0.00931	0.08786	0.00524	0.00583	0.00811	0.00924	0.01262	0.03578	0.52407	0.02547	0.07072	0.15844	0.00322	0.00521	0.01082	0.00389	0.00440
35	0.00713	0.00481	0.00560	0.00560	0.00569	0.00490	0.00328	0.00730	0.00722	0.00971	0.01526	0.03093	0.01733	0.75187	0.09971	0.00506	0.00557	0.00697	0.00294	0.00311
36	0.01216	0.01168	0.01995	0.03016	0.79664	0.01168	0.01508	0.01508	0.01119	0.01605	0.00924	0.01216	0.00778	0.00438	0.00487	0.00146	0.00584	0.00438	0.00243	0.00778

[dist]
# distance from previous block
# <min> <max>
0	5

[block]
# block no. 2 follows, 51 sequences, length 57
# corresponding to MSA columns:
# 244-250,256-305
name=unknown_C
#
# <colnr> <probs for GDERKNQSTAVLIFYWHMCP>
#	G	D	E	R	K	N	Q	S	T	A	V	L	I	F	Y	W	H	M	C	P
0	0.01014	0.04166	0.68926	0.01471	0.02162	0.01172	0.11190	0.01557	0.01052	0.01550	0.00891	0.01068	0.00638	0.00459	0.00478	0.00156	0.00734	0.00388	0.00213	0.00716
1	0.00823	0.00441	0.00649	0.00671	0.00684	0.00438	0.00466	0.00682	0.00717	0.00953	0.01203	0.09591	0.01277	0.01657	0.01675	0.69118	0.00416	0.08026	0.00260	0.00255
2	0.00872	0.00720	0.00730	0.00701	0.00760	0.08507	0.00470	0.02969	0.02429	0.01100	0.01403	0.02597	0.01504	0.53074	0.17834	0.00483	0.02549	0.00621	0.00294	0.00382
3	0.00715	0.00476	0.00536	0.00536	0.00536	0.00476	0.00298	0.00715	0.00715	0.00953	0.01548	0.03216	0.01787	0.82729	0.02501	0.00476	0.00476	0.00715	0.00298	0.00298
4	0.01101	0.09304	0.65770	0.01326	0.01993	0.01248	0.01645	0.09109	0.01160	0.01674	0.00894	0.01030	0.00644	0.00475	0.00456	0.00151	0.00691	0.00362	0.00236	0.00729
5	0.00725	0.00500	0.00624	0.00651	0.00687	0.00511	0.00447	0.00798	0.00816	0.01093	0.01765	0.05952	0.01964	0.52657	0.13073	0.00461	0.00584	0.16010	0.00329	0.00352
6	0.86201	0.00950	0.00722	0.00646	0.00950	0.01102	0.00532	0.01445	0.00836	0.02205	0.00684	0.00798	0.00532	0.00456	0.00304	0.00152	0.00380	0.00266	0.00304	0.00532
7	0.00793	0.00591	0.00824	0.00722	0.00815	0.00562	0.07730	0.00844	0.00793	0.01086	0.01420	0.06244	0.01561	0.54796	0.03619	0.07361	0.00504	0.00663	0.00292	0.08780
8	0.00696	0.00502	0.00657	0.00618	0.00734	0.00464	0.00464	0.00927	0.01391	0.01971	0.79405	0.03671	0.04637	0.01005	0.00580	0.00155	0.00232	0.00889	0.00541	0.00464
9	0.06501	0.00625	0.00725	0.00828	0.08556	0.00585	0.00556	0.03620	0.01127	0.01482	0.03754	0.11441	0.50449	0.01125	0.00561	0.00170	0.00320	0.06673	0.00426	0.00475
10	0.01119	0.00900	0.01124	0.00964	0.08931	0.00710	0.00683	0.01343	0.01055	0.06907	0.00951	0.01083	0.00766	0.00388	0.00385	0.00085	0.00389	0.00319	0.00308	0.71590
11	0.11925	0.06159	0.03820	0.01191	0.02779	0.54006	0.03028	0.06013	0.01322	0.01475	0.00811	0.00941	0.00658	0.00498	0.00424	0.00132	0.00754	0.00330	0.03144	0.00590
12	0.01737	0.01312	0.01401	0.01104	0.01474	0.01463	0.00902	0.62771	0.17778	0.02886	0.01346	0.01312	0.00970	0.00605	0.00493	0.00151	0.00510	0.00465	0.00493	0.00824
13	0.01252	0.01063	0.01177	0.08674	0.01499	0.01230	0.00849	0.09915	0.62705	0.02074	0.01821	0.01772	0.01373	0.00652	0.00501	0.00165	0.00430	0.01618	0.00472	0.00757
14	0.01763	0.02222	0.01403	0.01268	0.01497	0.73218	0.00961	0.01888	0.01332	0.01201	0.00749	0.00904	0.00634	0.00540	0.00554	0.00135	0.08586	0.00327	0.00250	0.00567
15	0.01170	0.01001	0.01066	0.00962	0.01224	0.01147	0.00747	0.02445	0.71126	0.02047	0.09653	0.02015	0.01810	0.00700	0.00508	0.00165	0.00373	0.00589	0.00504	0.00747
16	0.00854	0.00427	0.00640	0.00640	0.00640	0.00427	0.00427	0.00640	0.00640	0.00854	0.00854	0.01494	0.00854	0.01707	0.01921	0.85702	0.00427	0.00427	0.00213	0.00213
17	0.01071	0.01227	0.04840	0.09420	0.02386	0.01155	0.57114	0.01440	0.01117	0.01501	0.01357	0.01640	0.08511	0.00526	0.00615	0.00167	0.04427	0.00598	0.00263	0.00623
18	0.01868	0.01376	0.01475	0.01131	0.01524	0.01524	0.00934	0.78025	0.02311	0.03097	0.01180	0.01180	0.00836	0.00590	0.00492	0.00147	0.00541	0.00442	0.00492	0.00836
19	0.00858	0.00696	0.00756	0.00748	0.00884	0.04255	0.00548	0.08631	0.09248	0.01646	0.15389	0.37472	0.14608	0.01175	0.00577	0.00175	0.00334	0.01028	0.00469	0.00502
20	0.00605	0.00497	0.00512	0.00515	0.00658	0.00427	0.00376	0.00716	0.01068	0.01283	0.04460	0.04558	0.67029	0.11820	0.00833	0.00208	0.00285	0.03312	0.00436	0.00401
21	0.00957	0.02260	0.67215	0.01356	0.02011	0.01076	0.06683	0.01473	0.01054	0.01535	0.01294	0.01421	0.08425	0.00540	0.00486	0.00157	0.00686	0.00444	0.00235	0.00691
22	0.06009	0.00853	0.01128	0.00869	0.01246	0.00756	0.00718	0.03940	0.01400	0.74859	0.01866	0.01623	0.01177	0.00601	0.00486	0.00152	0.00419	0.00483	0.00592	0.00823
23	0.02205	0.00836	0.01140	0.00874	0.01254	0.00722	0.00722	0.02395	0.01407	0.80004	0.01939	0.01673	0.01216	0.00608	0.00494	0.00152	0.00418	0.00494	0.00608	0.00836
24	0.01019	0.00873	0.01019	0.00728	0.01165	0.00655	0.00582	0.01237	0.01019	0.01601	0.00873	0.01019	0.00728	0.00364	0.00364	0.00073	0.00364	0.00291	0.00291	0.85734
25	0.01018	0.02496	0.78072	0.01387	0.02104	0.01130	0.01786	0.01579	0.01047	0.03651	0.00910	0.01054	0.00638	0.00471	0.00468	0.00156	0.00718	0.00367	0.00218	0.00729
26	0.04602	0.01303	0.01370	0.01069	0.01429	0.03363	0.00876	0.66231	0.02151	0.02913	0.08594	0.01397	0.01182	0.00623	0.00492	0.00148	0.00514	0.00476	0.00484	0.00784
27	0.01151	0.01325	0.04891	0.02114	0.09852	0.01216	0.66618	0.01554	0.01152	0.01574	0.01024	0.01411	0.00797	0.00441	0.00570	0.00165	0.00793	0.02429	0.00252	0.00670
28	0.00765	0.00546	0.00761	0.00874	0.00975	0.00542	0.00745	0.00971	0.01105	0.01440	0.02617	0.16343	0.02888	0.01383	0.00672	0.00223	0.00429	0.65824	0.00453	0.00445
29	0.00774	0.00558	0.00768	0.00874	0.00988	0.00552	0.00757	0.00990	0.01125	0.01456	0.02748	0.07612	0.07458	0.01356	0.00671	0.00222	0.00436	0.69753	0.00453	0.00449
30	0.01038	0.00891	0.01028	0.00754	0.01175	0.00709	0.00601	0.01368	0.08416	0.01645	0.00981	0.01097	0.00801	0.00393	0.00377	0.00082	0.00366	0.00316	0.00311	0.77652
31	0.02205	0.00836	0.01140	0.00874	0.01254	0.00722	0.00722	0.02395	0.01407	0.80004	0.01939	0.01673	0.01216	0.00608	0.00494	0.00152	0.00418	0.00494	0.00608	0.00836
32	0.01645	0.09496	0.01680	0.01562	0.17321	0.34318	0.02616	0.21126	0.01519	0.01768	0.00896	0.01030	0.00716	0.00509	0.00471	0.00136	0.01824	0.00375	0.00307	0.00687
33	0.00683	0.00500	0.00640	0.00609	0.00727	0.00458	0.00455	0.00901	0.01355	0.01894	0.70753	0.05852	0.11254	0.01040	0.00581	0.00157	0.00235	0.00915	0.00531	0.00458
34	0.00599	0.00428	0.00570	0.00684	0.00713	0.00399	0.00456	0.00684	0.00941	0.01254	0.02709	0.82409	0.03250	0.01540	0.00627	0.00200	0.00285	0.01397	0.00456	0.00399
35	0.01714	0.01887	0.01350	0.01184	0.01470	0.48856	0.00911	0.16792	0.17715	0.01747	0.01100	0.01141	0.00853	0.00556	0.00464	0.00139	0.00716	0.00391	0.00351	0.00665
36	0.86201	0.00950	0.00722	0.00646	0.00950	0.01102	0.00532	0.01445	0.00836	0.02205	0.00684	0.00798	0.00532	0.00456	0.00304	0.00152	0.00380	0.00266	0.00304	0.00532
37	0.01749	0.02183	0.01456	0.01440	0.09237	0.70213	0.01009	0.01891	0.01344	0.01242	0.00772	0.00925	0.00648	0.00512	0.00487	0.00132	0.03588	0.00332	0.00251	0.00589
38	0.00689	0.00497	0.00653	0.00633	0.00741	0.00461	0.00473	0.00907	0.01340	0.01887	0.69737	0.11219	0.04449	0.01066	0.00587	0.00161	0.00244	0.03268	0.00530	0.00457
39	0.00767	0.00572	0.00669	0.00637	0.00781	0.00559	0.00480	0.01137	0.12188	0.01826	0.44534	0.06491	0.17164	0.00978	0.00547	0.00156	0.00259	0.00846	0.08912	0.00496
40	0.00581	0.00498	0.00498	0.00498	0.00664	0.00415	0.00373	0.00705	0.01120	0.01328	0.04978	0.04729	0.79464	0.01245	0.00581	0.00166	0.00249	0.01037	0.00456	0.00415
41	0.00970	0.02266	0.67388	0.01372	0.02024	0.01084	0.06834	0.01498	0.01079	0.01597	0.08359	0.01308	0.01013	0.00514	0.00485	0.00156	0.00686	0.00428	0.00242	0.00697
42	0.01222	0.01056	0.01111	0.01000	0.01278	0.01222	0.00778	0.02611	0.78776	0.02056	0.02000	0.01833	0.01500	0.00667	0.00500	0.00167	0.00389	0.00556	0.00500	0.00778
43	0.01269	0.09345	0.06003	0.05562	0.54830	0.01279	0.03432	0.09412	0.01222	0.01698	0.00925	0.01168	0.00756	0.00455	0.00472	0.00144	0.00590	0.00421	0.00263	0.00755
44	0.00715	0.00476	0.00536	0.00536	0.00536	0.00476	0.00298	0.00715	0.00715	0.00953	0.01548	0.03216	0.01787	0.82729	0.02501	0.00476	0.00476	0.00715	0.00298	0.00298
45	0.00709	0.00501	0.00658	0.00658	0.00701	0.00543	0.00450	0.00793	0.00751	0.01043	0.01437	0.02597	0.01518	0.44642	0.40221	0.00627	0.00881	0.00624	0.00281	0.00366
46	0.01404	0.71621	0.02398	0.00883	0.01286	0.09386	0.00846	0.01560	0.01055	0.04738	0.00747	0.00838	0.00657	0.00437	0.00336	0.00109	0.00555	0.00278	0.00232	0.00634
47	0.13313	0.53860	0.10904	0.00921	0.01342	0.07028	0.02009	0.01498	0.01004	0.01358	0.00730	0.00858	0.00631	0.00511	0.02187	0.00135	0.00574	0.00289	0.00228	0.00619
48	0.01322	0.53498	0.10285	0.01003	0.01429	0.07098	0.04417	0.01680	0.10320	0.03499	0.00915	0.00994	0.00755	0.00465	0.00379	0.00123	0.00565	0.00332	0.00260	0.00661
49	0.00826	0.00895	0.08578	0.00833	0.00993	0.08209	0.00674	0.01109	0.09074	0.01393	0.04494	0.47910	0.08616	0.01202	0.00577	0.00182	0.00397	0.03128	0.00419	0.00491
50	0.00693	0.00546	0.00776	0.00957	0.08558	0.00552	0.00603	0.00800	0.00945	0.01284	0.02389	0.68727	0.02825	0.01383	0.00682	0.00195	0.05985	0.01235	0.00418	0.00446
51	0.00658	0.00493	0.00594	0.00582	0.00693	0.00447	0.00422	0.00826	0.01215	0.01637	0.45258	0.09923	0.24962	0.09191	0.00774	0.00193	0.00265	0.00951	0.00487	0.00429
52	0.01737	0.01200	0.01312	0.01041	0.01397	0.01312	0.00849	0.49309	0.17944	0.12806	0.01466	0.01407	0.01041	0.00607	0.00487	0.00151	0.00480	0.00473	0.04171	0.00808
53	0.01261	0.01092	0.01297	0.01284	0.11078	0.01220	0.03474	0.09554	0.56832	0.02060	0.01846	0.01766	0.03719	0.00640	0.00503	0.00162	0.00438	0.00546	0.00457	0.00768
54	0.01868	0.01376	0.01475	0.01131	0.01524	0.01524	0.00934	0.78025	0.02311	0.03097	0.01180	0.01180	0.00836	0.00590	0.00492	0.00147	0.00541	0.00442	0.00492	0.00836
55	0.01039	0.00921	0.01404	0.39166	0.19505	0.02750	0.01159	0.04788	0.02496	0.03363	0.15051	0.01794	0.03306	0.00600	0.00507	0.00156	0.00544	0.00533	0.00314	0.00604
56	0.00692	0.00519	0.00668	0.00683	0.02556	0.00478	0.00503	0.00899	0.01291	0.01768	0.53607	0.07746	0.17404	0.01093	0.00589	0.00165	0.00266	0.08108	0.00507	0.00458

[dist]
# distance from previous block
# <min> <max>
0	75

# created by:
# /home/cegg/simao/soft/augustus-3.2.1/scripts/msa2prfl.pl ./align_prep/EOG091G0SV1.fa
