[name]
unknown

[dist]
# distance from previous block
# <min> <max>
5	283

[block]
# block no. 0 follows, 51 sequences, length 18
# corresponding to MSA columns:
# 659-676
name=unknown_A
#
# <colnr> <probs for GDERKNQSTAVLIFYWHMCP>
#	G	D	E	R	K	N	Q	S	T	A	V	L	I	F	Y	W	H	M	C	P
0	0.06110	0.19530	0.05845	0.01125	0.04423	0.18189	0.06606	0.05977	0.03669	0.08987	0.01072	0.01155	0.02851	0.00493	0.00423	0.00127	0.00587	0.00376	0.00309	0.12148
1	0.09928	0.15247	0.12029	0.05652	0.18348	0.14741	0.04545	0.01637	0.06784	0.01530	0.00903	0.01068	0.00726	0.00467	0.00429	0.00138	0.00613	0.00369	0.00261	0.04586
2	0.01281	0.55176	0.06270	0.00986	0.01408	0.05303	0.07496	0.05184	0.01104	0.01345	0.00966	0.01075	0.04456	0.00471	0.00376	0.00117	0.00556	0.00346	0.00246	0.05840
3	0.27834	0.22662	0.17698	0.01119	0.08120	0.01316	0.03055	0.04039	0.01044	0.05340	0.03181	0.01034	0.00768	0.00474	0.00387	0.00140	0.00521	0.00343	0.00280	0.00644
4	0.01011	0.10211	0.01097	0.00821	0.01034	0.00774	0.04204	0.02822	0.03699	0.09272	0.27222	0.03224	0.04726	0.05972	0.00668	0.00182	0.00395	0.17757	0.00444	0.04463
5	0.01230	0.01033	0.01089	0.00870	0.01221	0.05844	0.00688	0.10072	0.20942	0.04760	0.07987	0.01487	0.01284	0.00538	0.00441	0.00118	0.00413	0.00435	0.00397	0.39150
6	0.00909	0.07611	0.00927	0.04739	0.05722	0.00639	0.00570	0.00806	0.00739	0.00978	0.02814	0.01537	0.00955	0.05054	0.01617	0.62953	0.00454	0.00438	0.00227	0.00310
7	0.05004	0.00531	0.00714	0.00697	0.00742	0.00575	0.00491	0.00861	0.05524	0.01056	0.01040	0.01682	0.01008	0.08831	0.13692	0.53434	0.03086	0.00467	0.00250	0.00315
8	0.00731	0.00527	0.00705	0.00729	0.00827	0.00528	0.00549	0.00879	0.00913	0.01288	0.01904	0.24179	0.02050	0.10342	0.26257	0.00404	0.00663	0.13185	0.05578	0.07762
9	0.01092	0.01040	0.01770	0.36961	0.46693	0.01135	0.01446	0.01399	0.01060	0.01454	0.00902	0.01257	0.00725	0.00461	0.00489	0.00154	0.00615	0.00437	0.00232	0.00678
10	0.00858	0.00507	0.00707	0.00703	0.00787	0.00522	0.00515	0.00925	0.00858	0.07927	0.01660	0.15386	0.04373	0.05858	0.31272	0.19740	0.00722	0.00669	0.05602	0.00410
11	0.22773	0.00660	0.00709	0.00674	0.00852	0.00666	0.00505	0.03211	0.01075	0.11794	0.12241	0.25621	0.10310	0.05996	0.00628	0.00187	0.00334	0.00819	0.00439	0.00505
12	0.19388	0.00723	0.00804	0.00694	0.00937	0.00719	0.00551	0.04879	0.01203	0.26092	0.11967	0.07904	0.01676	0.00691	0.00441	0.00147	0.00338	0.00557	0.19686	0.00603
13	0.00987	0.00934	0.01580	0.65490	0.18982	0.01107	0.01394	0.01307	0.01011	0.01327	0.00884	0.01291	0.00680	0.00480	0.00490	0.00160	0.00641	0.00437	0.00223	0.00593
14	0.18957	0.00651	0.00694	0.00649	0.00840	0.00647	0.00494	0.01256	0.03257	0.14822	0.04895	0.15049	0.16834	0.07843	0.00655	0.00188	0.00337	0.02595	0.08821	0.00515
15	0.01137	0.00612	0.00797	0.00736	0.00886	0.00580	0.00543	0.06886	0.01179	0.20316	0.15506	0.27428	0.02412	0.06206	0.00867	0.11720	0.00358	0.00848	0.00468	0.00516
16	0.79316	0.00941	0.00757	0.00665	0.00975	0.01071	0.00548	0.01522	0.00883	0.08581	0.00787	0.00870	0.00588	0.00469	0.00320	0.00152	0.00383	0.00285	0.00329	0.00557
17	0.03980	0.00761	0.00855	0.00773	0.00985	0.00788	0.00596	0.07003	0.23596	0.08572	0.23112	0.09654	0.15508	0.00912	0.00538	0.00163	0.00328	0.00775	0.00502	0.00601

[dist]
# distance from previous block
# <min> <max>
0	35

[block]
# block no. 1 follows, 51 sequences, length 12
# corresponding to MSA columns:
# 712-720,723-725
name=unknown_B
#
# <colnr> <probs for GDERKNQSTAVLIFYWHMCP>
#	G	D	E	R	K	N	Q	S	T	A	V	L	I	F	Y	W	H	M	C	P
0	0.00744	0.00516	0.00625	0.00615	0.00734	0.00473	0.00444	0.00924	0.03135	0.05760	0.31730	0.18733	0.22898	0.09498	0.00779	0.00199	0.00285	0.00976	0.00481	0.00450
1	0.57498	0.01002	0.00921	0.00767	0.01099	0.01108	0.00633	0.14510	0.01183	0.15781	0.00984	0.01013	0.00701	0.00505	0.00369	0.00151	0.00414	0.00335	0.00388	0.00636
2	0.45846	0.00982	0.00977	0.00797	0.01140	0.01049	0.00657	0.14030	0.01255	0.27198	0.01164	0.01139	0.00799	0.00526	0.00395	0.00151	0.00418	0.00367	0.00431	0.00678
3	0.06419	0.00539	0.00601	0.00605	0.00721	0.00512	0.00432	0.02555	0.01054	0.03196	0.13147	0.20613	0.27299	0.16818	0.00939	0.00231	0.00323	0.03140	0.00431	0.00423
4	0.01063	0.00728	0.00811	0.00714	0.00908	0.00728	0.00544	0.20358	0.01404	0.06576	0.12555	0.10407	0.22951	0.09798	0.00745	0.00191	0.00357	0.00784	0.07837	0.00542
5	0.01464	0.00647	0.00780	0.00658	0.00884	0.00606	0.00517	0.04376	0.01208	0.33872	0.01722	0.01843	0.01265	0.06482	0.00565	0.00157	0.00335	0.00491	0.41513	0.00615
6	0.03701	0.00637	0.00755	0.00684	0.00903	0.00579	0.00538	0.01340	0.05569	0.23169	0.10242	0.08763	0.34220	0.01018	0.00553	0.00167	0.00322	0.05776	0.00503	0.00561
7	0.08275	0.00629	0.00695	0.00652	0.00811	0.00614	0.00477	0.06536	0.02803	0.09125	0.08781	0.16789	0.24363	0.16198	0.00904	0.00225	0.00348	0.00856	0.00439	0.00483
8	0.01068	0.00778	0.00803	0.00781	0.00913	0.08484	0.00569	0.07973	0.03183	0.09332	0.01992	0.31871	0.02094	0.15244	0.00888	0.00226	0.00423	0.05977	0.06902	0.00499
9	0.79803	0.00942	0.00754	0.00664	0.00974	0.01073	0.00547	0.01517	0.00880	0.08131	0.00780	0.00865	0.00584	0.00468	0.00319	0.00152	0.00383	0.00283	0.00327	0.00555
10	0.02667	0.00517	0.00631	0.00626	0.00748	0.00470	0.00452	0.00926	0.01088	0.09407	0.17641	0.25366	0.24361	0.05812	0.00783	0.06325	0.00301	0.00975	0.00458	0.00444
11	0.00826	0.00526	0.00691	0.00694	0.00751	0.00544	0.00490	0.02607	0.06741	0.01143	0.01587	0.10873	0.04763	0.13868	0.09268	0.37703	0.00500	0.05766	0.00311	0.00350

[dist]
# distance from previous block
# <min> <max>
6	10

[block]
# block no. 2 follows, 51 sequences, length 24
# corresponding to MSA columns:
# 740-742,745-765
name=unknown_C
#
# <colnr> <probs for GDERKNQSTAVLIFYWHMCP>
#	G	D	E	R	K	N	Q	S	T	A	V	L	I	F	Y	W	H	M	C	P
0	0.10321	0.00777	0.00945	0.00878	0.06958	0.00696	0.00631	0.02610	0.01176	0.08984	0.22720	0.02167	0.05921	0.00666	0.00463	0.00129	0.00352	0.03547	0.00405	0.29654
1	0.04852	0.07630	0.05015	0.02706	0.12936	0.00950	0.00832	0.15553	0.01239	0.02683	0.01767	0.26938	0.04666	0.04183	0.00626	0.01638	0.00449	0.04377	0.00379	0.00583
2	0.01209	0.00917	0.00746	0.00685	0.00857	0.16360	0.00523	0.08007	0.01221	0.03584	0.01408	0.01586	0.01099	0.00562	0.00379	0.00121	0.00390	0.00430	0.59396	0.00521
3	0.00608	0.00461	0.00547	0.00603	0.00682	0.00415	0.00414	0.00709	0.01011	0.01297	0.07989	0.44030	0.29660	0.08281	0.00767	0.00209	0.00286	0.01184	0.00448	0.00400
4	0.05050	0.00617	0.00737	0.00679	0.00871	0.00569	0.00514	0.01269	0.04978	0.20044	0.14243	0.19597	0.23015	0.03576	0.00609	0.00176	0.00316	0.00881	0.00492	0.01767
5	0.11675	0.00950	0.01139	0.00910	0.01261	0.00936	0.00755	0.19518	0.01525	0.46637	0.01677	0.01792	0.01189	0.00651	0.00488	0.00157	0.00445	0.06993	0.00533	0.00768
6	0.78696	0.00949	0.00758	0.00672	0.00978	0.01089	0.00551	0.01538	0.03963	0.06021	0.00798	0.00882	0.00604	0.00472	0.00321	0.00153	0.00382	0.00289	0.00327	0.00557
7	0.05991	0.00574	0.00684	0.00655	0.00826	0.00527	0.00509	0.01080	0.01200	0.12717	0.24209	0.12188	0.27047	0.01085	0.00567	0.00170	0.00301	0.08682	0.00492	0.00497
8	0.00721	0.00462	0.00617	0.00661	0.00709	0.00448	0.00460	0.00737	0.02564	0.01131	0.02217	0.31430	0.12431	0.03122	0.04284	0.32482	0.00388	0.04440	0.00355	0.00342
9	0.00974	0.01097	0.09579	0.01470	0.01814	0.00922	0.34989	0.01317	0.01135	0.01525	0.01721	0.03232	0.01689	0.00852	0.00614	0.00192	0.00646	0.35322	0.00338	0.00573
10	0.00784	0.00547	0.00684	0.00710	0.00859	0.00504	0.00584	0.00971	0.01182	0.06192	0.14758	0.04734	0.31369	0.01219	0.00617	0.00189	0.00343	0.32813	0.00476	0.00463
11	0.05775	0.00497	0.00599	0.00639	0.00732	0.00474	0.00461	0.00839	0.01088	0.01549	0.23551	0.37344	0.12480	0.02765	0.00613	0.00183	0.00281	0.04912	0.04788	0.00430
12	0.06622	0.01101	0.01007	0.00878	0.01122	0.19550	0.00673	0.03305	0.03556	0.28062	0.11585	0.09022	0.03581	0.06951	0.00648	0.00176	0.00493	0.00600	0.00452	0.00616
13	0.63263	0.00946	0.00853	0.00721	0.01047	0.01038	0.00594	0.05419	0.01036	0.19657	0.00989	0.01013	0.00700	0.00497	0.00356	0.00152	0.00397	0.00326	0.00381	0.00615
14	0.03473	0.00516	0.00587	0.00572	0.00641	0.00503	0.00373	0.00907	0.00892	0.06289	0.07575	0.06263	0.07842	0.49786	0.01695	0.00347	0.00403	0.02546	0.08404	0.00384
15	0.03997	0.00502	0.00577	0.00587	0.00691	0.00466	0.00418	0.00800	0.01083	0.01464	0.23825	0.18089	0.27617	0.14598	0.00896	0.00221	0.00299	0.03008	0.00447	0.00412
16	0.00694	0.00523	0.00646	0.00645	0.00758	0.00495	0.00472	0.00957	0.06718	0.01714	0.45089	0.23048	0.14106	0.01144	0.00586	0.00168	0.00258	0.01010	0.00506	0.00463
17	0.00727	0.00504	0.00606	0.00634	0.00736	0.00463	0.00462	0.00843	0.01032	0.05056	0.07864	0.22437	0.27058	0.17003	0.00972	0.00241	0.00338	0.12169	0.00438	0.00417
18	0.03633	0.00601	0.00739	0.00724	0.00874	0.00578	0.00548	0.02915	0.05126	0.14416	0.09704	0.26965	0.11035	0.07310	0.00717	0.00202	0.00346	0.10289	0.02765	0.00513
19	0.00714	0.00484	0.00539	0.00554	0.00655	0.00451	0.00399	0.00854	0.01030	0.01438	0.09816	0.10491	0.26701	0.16776	0.00905	0.00220	0.00305	0.06565	0.20695	0.00408
20	0.00986	0.02542	0.80183	0.01401	0.02127	0.01141	0.01816	0.01556	0.01038	0.01556	0.00882	0.01038	0.00623	0.00467	0.00467	0.00156	0.00726	0.00363	0.00208	0.00726
21	0.01894	0.00760	0.01020	0.00807	0.01129	0.00666	0.00657	0.02093	0.01376	0.63050	0.12861	0.01967	0.01703	0.00662	0.00495	0.00150	0.00377	0.00547	0.07031	0.00755
22	0.00995	0.00845	0.00992	0.00720	0.01132	0.00641	0.00573	0.01214	0.01047	0.01629	0.06827	0.01220	0.01024	0.00413	0.00380	0.00079	0.00354	0.00336	0.00310	0.79269
23	0.00870	0.00482	0.00524	0.00519	0.00609	0.00469	0.00357	0.01009	0.00951	0.05160	0.01911	0.07770	0.07017	0.26123	0.01054	0.00238	0.00320	0.00642	0.43556	0.00419

[dist]
# distance from previous block
# <min> <max>
0	1

[block]
# block no. 3 follows, 51 sequences, length 16
# corresponding to MSA columns:
# 767-782
name=unknown_D
#
# <colnr> <probs for GDERKNQSTAVLIFYWHMCP>
#	G	D	E	R	K	N	Q	S	T	A	V	L	I	F	Y	W	H	M	C	P
0	0.00875	0.00462	0.00474	0.00474	0.00565	0.00462	0.00334	0.01057	0.00966	0.01653	0.01592	0.02115	0.01367	0.17356	0.00784	0.00188	0.00280	0.00510	0.68060	0.00425
1	0.01025	0.00831	0.01413	0.01257	0.06521	0.00789	0.21081	0.01298	0.03463	0.08233	0.05305	0.07380	0.05629	0.10584	0.00812	0.00213	0.00526	0.19683	0.00380	0.03576
2	0.00774	0.00533	0.00711	0.00657	0.00714	0.00537	0.05436	0.00841	0.00790	0.01124	0.01470	0.02716	0.01558	0.55475	0.10296	0.03467	0.00554	0.00642	0.11350	0.00354
3	0.00877	0.00542	0.00644	0.00614	0.00770	0.00482	0.00460	0.01021	0.01149	0.13168	0.16205	0.11477	0.34321	0.09065	0.00757	0.00197	0.00306	0.04526	0.02941	0.00476
4	0.11050	0.36663	0.26645	0.01000	0.01498	0.01423	0.01096	0.01625	0.01050	0.12510	0.00923	0.00993	0.00699	0.00466	0.00387	0.00133	0.00557	0.00327	0.00276	0.00679
5	0.05447	0.00707	0.00943	0.00950	0.07454	0.00760	0.03977	0.05987	0.00913	0.01303	0.01473	0.02376	0.05928	0.36925	0.12350	0.04482	0.06683	0.00602	0.00299	0.00442
6	0.01209	0.00704	0.00919	0.07525	0.01180	0.00689	0.00663	0.05828	0.05946	0.22783	0.29765	0.07064	0.08316	0.00875	0.00547	0.00162	0.00359	0.04353	0.00512	0.00603
7	0.04344	0.07373	0.02094	0.06974	0.10892	0.21217	0.31568	0.01594	0.01183	0.01469	0.04636	0.01252	0.00884	0.00482	0.00516	0.00149	0.02019	0.00466	0.00260	0.00626
8	0.01290	0.05249	0.04919	0.05547	0.08367	0.06286	0.10065	0.03558	0.20915	0.10260	0.05365	0.01555	0.01211	0.00559	0.00476	0.00146	0.00511	0.00487	0.07505	0.05731
9	0.00752	0.00530	0.00619	0.00591	0.00732	0.00469	0.00427	0.00899	0.01094	0.04170	0.20239	0.15655	0.23984	0.11451	0.00789	0.00194	0.00295	0.00879	0.07563	0.08669
10	0.03311	0.01239	0.01357	0.05661	0.01524	0.07886	0.00899	0.38213	0.01759	0.25769	0.01311	0.01297	0.00905	0.00598	0.00559	0.00153	0.05875	0.00443	0.00470	0.00772
11	0.01444	0.24482	0.21790	0.01279	0.08125	0.14169	0.02635	0.05169	0.03180	0.11869	0.00994	0.01075	0.00753	0.00486	0.00430	0.00136	0.00628	0.00364	0.00293	0.00698
12	0.00920	0.00717	0.01054	0.12102	0.18992	0.02514	0.00787	0.00980	0.00853	0.01138	0.01198	0.01928	0.03844	0.20242	0.04569	0.26414	0.00544	0.00521	0.00252	0.00431
13	0.01180	0.07542	0.00952	0.00717	0.00938	0.00703	0.00570	0.05470	0.01295	0.21940	0.25260	0.07471	0.15429	0.05712	0.00649	0.00175	0.00347	0.02585	0.00493	0.00572
14	0.05799	0.32826	0.34723	0.01108	0.01645	0.01501	0.01245	0.12943	0.01202	0.01669	0.00840	0.00951	0.00653	0.00467	0.00404	0.00135	0.00604	0.00332	0.00256	0.00696
15	0.01402	0.01465	0.03703	0.16014	0.28359	0.21277	0.05885	0.08906	0.03171	0.03760	0.00955	0.01176	0.00749	0.00489	0.00483	0.00146	0.00678	0.00419	0.00281	0.00683

[dist]
# distance from previous block
# <min> <max>
0	2

[block]
# block no. 4 follows, 51 sequences, length 22
# corresponding to MSA columns:
# 785-806
name=unknown_E
#
# <colnr> <probs for GDERKNQSTAVLIFYWHMCP>
#	G	D	E	R	K	N	Q	S	T	A	V	L	I	F	Y	W	H	M	C	P
0	0.00944	0.00885	0.01246	0.34471	0.15298	0.06719	0.01037	0.01162	0.01003	0.01286	0.01394	0.20444	0.01423	0.08465	0.00711	0.00197	0.00553	0.01941	0.00292	0.00528
1	0.01050	0.00944	0.01312	0.16244	0.12972	0.00871	0.03329	0.01391	0.06733	0.01570	0.00967	0.01171	0.00779	0.00422	0.00422	0.00110	0.00467	0.00368	0.00285	0.48592
2	0.00924	0.00684	0.00875	0.00771	0.00956	0.00679	0.00590	0.05104	0.00958	0.04733	0.01339	0.06055	0.01294	0.15498	0.29928	0.00424	0.04070	0.02492	0.00316	0.22312
3	0.00803	0.00441	0.00617	0.00621	0.00635	0.00438	0.00410	0.00663	0.00695	0.00919	0.01286	0.04703	0.05896	0.13931	0.03974	0.62482	0.00442	0.00543	0.00251	0.00251
4	0.01207	0.01398	0.04250	0.01387	0.01659	0.22047	0.26327	0.01435	0.01094	0.01321	0.01198	0.01704	0.04419	0.09010	0.06343	0.00237	0.10884	0.03259	0.00267	0.00554
5	0.01095	0.01043	0.01775	0.36184	0.47448	0.01136	0.01448	0.01402	0.01061	0.01458	0.00903	0.01256	0.00726	0.00460	0.00489	0.00153	0.00614	0.00437	0.00233	0.00680
6	0.24028	0.00866	0.01032	0.00815	0.01175	0.00821	0.00673	0.02148	0.01258	0.59791	0.01613	0.01445	0.01039	0.00569	0.00445	0.00152	0.00408	0.00435	0.00529	0.00757
7	0.07824	0.00620	0.00760	0.00697	0.00889	0.00570	0.00527	0.01319	0.01155	0.26202	0.12685	0.24498	0.14308	0.04879	0.00635	0.00183	0.00331	0.00870	0.00496	0.00553
8	0.03345	0.00494	0.00594	0.00624	0.00693	0.00469	0.00416	0.00832	0.00936	0.05914	0.05982	0.38044	0.11401	0.26598	0.01184	0.00275	0.00349	0.01033	0.00415	0.00402
9	0.00695	0.00517	0.00764	0.00772	0.00852	0.00593	0.00591	0.00857	0.00798	0.01142	0.01427	0.07881	0.01398	0.06536	0.71925	0.00735	0.01209	0.00598	0.00279	0.00430
10	0.07401	0.00515	0.00521	0.00516	0.00654	0.00501	0.00391	0.01012	0.01064	0.01696	0.09542	0.02864	0.22333	0.03783	0.00514	0.00152	0.00263	0.03215	0.42617	0.00447
11	0.31814	0.00738	0.00732	0.00680	0.00898	0.00773	0.00526	0.02563	0.06748	0.07488	0.11313	0.16946	0.11778	0.00852	0.00466	0.00161	0.00331	0.00694	0.01835	0.02662
12	0.00710	0.00519	0.00641	0.00687	0.00809	0.00474	0.00535	0.00860	0.01082	0.03404	0.06116	0.23561	0.28701	0.03888	0.00675	0.00199	0.00333	0.23786	0.00453	0.02568
13	0.10550	0.00996	0.01183	0.00923	0.01294	0.00988	0.00760	0.21682	0.05028	0.48980	0.01621	0.01465	0.01063	0.00591	0.00475	0.00152	0.00444	0.00461	0.00543	0.00803
14	0.00600	0.00467	0.00545	0.00592	0.00692	0.00413	0.00419	0.00718	0.01067	0.01358	0.11265	0.38970	0.38439	0.01352	0.00601	0.00180	0.00263	0.01182	0.00465	0.00413
15	0.00808	0.00635	0.00757	0.00650	0.00864	0.00532	0.00479	0.00966	0.01040	0.01492	0.17762	0.11451	0.08267	0.16258	0.00866	0.00191	0.00342	0.02542	0.00379	0.33719
16	0.01171	0.00895	0.01050	0.00768	0.01182	0.00722	0.00617	0.07535	0.01172	0.08221	0.04485	0.01204	0.00951	0.00431	0.00395	0.00089	0.00377	0.00347	0.00345	0.68043
17	0.00643	0.00494	0.00572	0.00570	0.00689	0.00442	0.00416	0.00793	0.01161	0.01516	0.30827	0.09915	0.36913	0.09732	0.00788	0.00199	0.00275	0.03165	0.00470	0.00420
18	0.00885	0.00549	0.00675	0.00654	0.00773	0.00513	0.00472	0.03140	0.01109	0.10995	0.17589	0.19137	0.15019	0.20700	0.01043	0.00246	0.00348	0.05240	0.00454	0.00459
19	0.00671	0.00476	0.00604	0.00676	0.00757	0.00438	0.00490	0.00791	0.01029	0.03489	0.05598	0.49033	0.19311	0.02876	0.00653	0.00198	0.00306	0.11721	0.00460	0.00422
20	0.01209	0.00776	0.00795	0.00720	0.02565	0.02893	0.00547	0.22313	0.01394	0.02158	0.01450	0.01614	0.01116	0.00573	0.00390	0.00125	0.00340	0.00450	0.58002	0.00572
21	0.00815	0.00604	0.00716	0.04349	0.00887	0.00574	0.00475	0.01002	0.06609	0.03467	0.02083	0.16394	0.11498	0.33493	0.01306	0.00280	0.00398	0.00774	0.00364	0.13914

[dist]
# distance from previous block
# <min> <max>
0	1

[block]
# block no. 5 follows, 51 sequences, length 20
# corresponding to MSA columns:
# 808-824,833-835
name=unknown_F
#
# <colnr> <probs for GDERKNQSTAVLIFYWHMCP>
#	G	D	E	R	K	N	Q	S	T	A	V	L	I	F	Y	W	H	M	C	P
0	0.30120	0.04005	0.14423	0.00994	0.01389	0.06499	0.00923	0.21588	0.11944	0.02209	0.01031	0.01085	0.00768	0.00524	0.00417	0.00150	0.00519	0.00371	0.00357	0.00683
1	0.00728	0.00500	0.00611	0.00633	0.00735	0.00454	0.00452	0.00848	0.01055	0.05552	0.13689	0.31280	0.21986	0.12190	0.00852	0.00219	0.00313	0.05613	0.00452	0.01840
2	0.12033	0.01177	0.01262	0.01184	0.08504	0.06435	0.02164	0.19983	0.28699	0.07956	0.01396	0.01398	0.01041	0.00623	0.00526	0.03523	0.00485	0.00457	0.00426	0.00727
3	0.01405	0.01146	0.01214	0.01037	0.01347	0.01308	0.00822	0.23930	0.57161	0.02350	0.01768	0.01649	0.01312	0.00645	0.00498	0.00161	0.00432	0.00524	0.00498	0.00794
4	0.00630	0.00463	0.00551	0.00595	0.00664	0.00425	0.00401	0.00714	0.00975	0.01262	0.09144	0.36393	0.24705	0.17563	0.01014	0.02282	0.00312	0.01096	0.00426	0.00384
5	0.00706	0.00482	0.00562	0.00572	0.00622	0.00458	0.00363	0.00768	0.00899	0.02914	0.10474	0.17020	0.13706	0.46441	0.01652	0.00342	0.00383	0.00892	0.00381	0.00362
6	0.72216	0.00983	0.00817	0.00702	0.01022	0.01110	0.00578	0.08502	0.00999	0.04957	0.00781	0.00872	0.00591	0.00470	0.00330	0.00149	0.00396	0.00291	0.00331	0.03903
7	0.01618	0.01333	0.01169	0.00971	0.01257	0.19629	0.00771	0.36710	0.01718	0.05345	0.01226	0.01306	0.00917	0.00567	0.00441	0.00134	0.00533	0.00419	0.23264	0.00672
8	0.50247	0.00855	0.00818	0.00696	0.01000	0.00900	0.00568	0.01622	0.01052	0.24279	0.05265	0.01548	0.08175	0.00599	0.00397	0.00153	0.00372	0.00432	0.00416	0.00605
9	0.00719	0.00486	0.00605	0.00665	0.00757	0.00447	0.00486	0.00842	0.01029	0.05185	0.03094	0.43456	0.20671	0.03896	0.00662	0.00198	0.00309	0.11469	0.04593	0.00431
10	0.01009	0.00596	0.00714	0.00628	0.00844	0.00511	0.00488	0.01181	0.01252	0.19800	0.23225	0.03566	0.38184	0.00992	0.00550	0.00155	0.00289	0.00836	0.00505	0.04676
11	0.00697	0.00480	0.00550	0.00559	0.00586	0.00468	0.00341	0.00733	0.00815	0.01075	0.05798	0.08667	0.09193	0.63011	0.02043	0.00405	0.00430	0.03481	0.00340	0.00329
12	0.12134	0.00732	0.00875	0.00749	0.01005	0.00697	0.00595	0.01668	0.05277	0.35138	0.11517	0.02563	0.10778	0.08304	0.00687	0.00189	0.00377	0.05587	0.00500	0.00626
13	0.01284	0.00925	0.01014	0.00903	0.01159	0.01022	0.00702	0.07143	0.48906	0.10941	0.01959	0.09172	0.01558	0.00724	0.00493	0.00161	0.00374	0.00607	0.10236	0.00717
14	0.79099	0.00941	0.00758	0.00666	0.00976	0.01070	0.00548	0.01525	0.00885	0.08783	0.00790	0.00872	0.00590	0.00469	0.00320	0.00152	0.00383	0.00285	0.00330	0.00558
15	0.00868	0.00557	0.00697	0.00641	0.00799	0.00509	0.00492	0.02845	0.01343	0.10130	0.51055	0.04959	0.17282	0.01005	0.00567	0.00158	0.00269	0.02916	0.02406	0.00502
16	0.00611	0.00464	0.00549	0.00598	0.00682	0.00418	0.00413	0.00717	0.01028	0.01321	0.10499	0.40048	0.30932	0.08449	0.00769	0.00207	0.00284	0.01160	0.00450	0.00402
17	0.00721	0.00555	0.00827	0.00816	0.00899	0.00660	0.00638	0.00893	0.00788	0.01143	0.01282	0.01887	0.01198	0.03540	0.76703	0.00760	0.05464	0.00522	0.00261	0.00444
18	0.68418	0.00874	0.00725	0.00647	0.00928	0.00979	0.00525	0.01398	0.00890	0.07170	0.01170	0.01253	0.07842	0.00603	0.00425	0.04561	0.00373	0.00360	0.00333	0.00525
19	0.00689	0.00493	0.00650	0.00726	0.00798	0.00473	0.00550	0.00834	0.01049	0.01393	0.12807	0.33868	0.06596	0.10171	0.00839	0.00231	0.00354	0.26617	0.00449	0.00416

[dist]
# distance from previous block
# <min> <max>
0	6

[block]
# block no. 6 follows, 51 sequences, length 6
# corresponding to MSA columns:
# 842-846,848
name=unknown_G
#
# <colnr> <probs for GDERKNQSTAVLIFYWHMCP>
#	G	D	E	R	K	N	Q	S	T	A	V	L	I	F	Y	W	H	M	C	P
0	0.01199	0.00870	0.01077	0.01101	0.08197	0.00908	0.00815	0.17858	0.12944	0.07946	0.02219	0.09837	0.08527	0.00955	0.00568	0.00180	0.00439	0.23264	0.00462	0.00634
1	0.12843	0.00847	0.00987	0.00831	0.01123	0.00848	0.00688	0.15001	0.01389	0.32526	0.01694	0.02097	0.01317	0.00696	0.00475	0.00157	0.00412	0.12235	0.13153	0.00680
2	0.00614	0.00457	0.00561	0.00620	0.00691	0.00416	0.00426	0.00721	0.01025	0.01340	0.12629	0.48153	0.22082	0.06980	0.00739	0.00205	0.00283	0.01199	0.00456	0.00404
3	0.52592	0.08186	0.00838	0.00630	0.00887	0.00983	0.00520	0.01323	0.00964	0.02018	0.12544	0.01386	0.01265	0.00553	0.00352	0.00142	0.00348	0.00388	0.13560	0.00519
4	0.01114	0.01000	0.01655	0.17813	0.52618	0.01043	0.01300	0.01403	0.01079	0.01573	0.01020	0.01330	0.00829	0.00469	0.00465	0.00145	0.00542	0.00441	0.13477	0.00684
5	0.01295	0.01212	0.01785	0.17363	0.49183	0.05834	0.01363	0.12876	0.01287	0.01738	0.00943	0.01209	0.00755	0.00475	0.00486	0.00148	0.00608	0.00431	0.00276	0.00731

[dist]
# distance from previous block
# <min> <max>
0	125

# created by:
# /home/cegg/simao/soft/augustus-3.2.1/scripts/msa2prfl.pl ./align_prep/EOG091G0TAC.fa
