[name]
unknown

[dist]
# distance from previous block
# <min> <max>
0	168

[block]
# block no. 0 follows, 50 sequences, length 9
# corresponding to MSA columns:
# 240-248
name=unknown_A
#
# <colnr> <probs for GDERKNQSTAVLIFYWHMCP>
#	G	D	E	R	K	N	Q	S	T	A	V	L	I	F	Y	W	H	M	C	P
0	0.09862	0.26656	0.04875	0.01150	0.05967	0.21386	0.00934	0.11643	0.10095	0.01692	0.00952	0.01033	0.00766	0.00506	0.00412	0.00134	0.00608	0.00352	0.00306	0.00671
1	0.00614	0.00511	0.00539	0.00547	0.00709	0.00437	0.00421	0.00754	0.01150	0.01389	0.08234	0.04821	0.68959	0.01261	0.00598	0.00173	0.00270	0.07720	0.00466	0.00426
2	0.00733	0.00564	0.00677	0.00639	0.00784	0.00536	0.00482	0.01061	0.08954	0.01868	0.55645	0.03769	0.20338	0.01037	0.00580	0.00160	0.00255	0.00900	0.00526	0.00491
3	0.00783	0.00601	0.00727	0.00679	0.00829	0.00592	0.00514	0.01201	0.14075	0.01952	0.59455	0.03517	0.11179	0.00985	0.00575	0.00160	0.00263	0.00860	0.00534	0.00518
4	0.00705	0.00510	0.00666	0.00627	0.00745	0.00470	0.00470	0.00941	0.01411	0.01999	0.79110	0.03723	0.04703	0.01019	0.00588	0.00157	0.00235	0.00901	0.00549	0.00470
5	0.01586	0.01344	0.01680	0.06316	0.31708	0.16019	0.04541	0.08099	0.01326	0.17501	0.01126	0.01266	0.00843	0.00524	0.00538	0.00150	0.03913	0.00439	0.00342	0.00739
6	0.01232	0.08511	0.12739	0.01168	0.03255	0.01012	0.13985	0.04067	0.03210	0.09480	0.01093	0.01303	0.00856	0.00470	0.00450	0.00124	0.00536	0.02635	0.00317	0.33555
7	0.43513	0.00927	0.01015	0.08800	0.05074	0.00979	0.00732	0.01735	0.01064	0.25869	0.01125	0.01165	0.00787	0.00508	0.00398	0.00151	0.00434	0.00368	0.00391	0.04964
8	0.01505	0.01159	0.01349	0.01161	0.05356	0.06889	0.05828	0.21769	0.16633	0.12801	0.06805	0.04002	0.01374	0.00640	0.00504	0.00150	0.00500	0.02014	0.00452	0.09110

[dist]
# distance from previous block
# <min> <max>
1	9

[block]
# block no. 1 follows, 50 sequences, length 21
# corresponding to MSA columns:
# 258-278
name=unknown_B
#
# <colnr> <probs for GDERKNQSTAVLIFYWHMCP>
#	G	D	E	R	K	N	Q	S	T	A	V	L	I	F	Y	W	H	M	C	P
0	0.04859	0.04341	0.07115	0.01092	0.04569	0.09850	0.10592	0.01348	0.06309	0.03801	0.13140	0.13752	0.13222	0.00925	0.02707	0.00179	0.00515	0.00735	0.00382	0.00566
1	0.01238	0.13107	0.30797	0.05872	0.01907	0.01353	0.09589	0.15502	0.06261	0.01790	0.01004	0.01168	0.00761	0.00595	0.02046	0.01314	0.04282	0.00417	0.00289	0.00708
2	0.02598	0.09490	0.08245	0.03993	0.10812	0.16890	0.03017	0.06618	0.06938	0.03710	0.05857	0.12042	0.04417	0.00724	0.00499	0.00154	0.00568	0.02450	0.00347	0.00628
3	0.01430	0.63318	0.05360	0.00951	0.01367	0.11677	0.00912	0.07515	0.01168	0.01348	0.00750	0.00853	0.00656	0.00453	0.00356	0.00115	0.00588	0.00291	0.00241	0.00652
4	0.01274	0.02660	0.07719	0.00913	0.01293	0.08785	0.00781	0.08229	0.06303	0.08738	0.01252	0.06314	0.01070	0.03703	0.00524	0.00134	0.00480	0.02140	0.00358	0.37330
5	0.01185	0.40789	0.28613	0.01026	0.01507	0.01435	0.01132	0.01479	0.01038	0.05802	0.01058	0.09103	0.00961	0.02339	0.00462	0.00144	0.00571	0.00439	0.00262	0.00654
6	0.00637	0.00470	0.00591	0.00655	0.00728	0.00432	0.00461	0.00761	0.01067	0.01410	0.16202	0.46929	0.17284	0.04798	0.00702	0.00202	0.00291	0.05493	0.00471	0.00418
7	0.00928	0.00903	0.08140	0.03338	0.12276	0.00739	0.07748	0.01205	0.03267	0.06425	0.13723	0.11056	0.23801	0.00908	0.00557	0.00165	0.00426	0.01869	0.01955	0.00571
8	0.01278	0.01120	0.01740	0.24401	0.38963	0.04699	0.04273	0.01643	0.06125	0.09274	0.01091	0.01336	0.00838	0.00494	0.00498	0.00155	0.00606	0.00457	0.00294	0.00716
9	0.00620	0.00445	0.00591	0.00704	0.00742	0.00416	0.00483	0.00717	0.00972	0.01289	0.02799	0.75210	0.05191	0.01542	0.00638	0.00203	0.00299	0.06269	0.00462	0.00409
10	0.05000	0.11039	0.02417	0.08938	0.14215	0.01336	0.40140	0.01507	0.01086	0.01518	0.00906	0.01216	0.00721	0.00470	0.00606	0.00161	0.07334	0.00488	0.00244	0.00660
11	0.01433	0.11264	0.17522	0.04915	0.05860	0.23502	0.03681	0.13432	0.02571	0.02831	0.02379	0.01164	0.00820	0.00722	0.05621	0.00184	0.00741	0.00396	0.00293	0.00669
12	0.00625	0.00518	0.00549	0.00550	0.00706	0.00452	0.00409	0.00802	0.03718	0.01435	0.12665	0.10907	0.62444	0.01241	0.00590	0.00170	0.00258	0.01050	0.00473	0.00437
13	0.01119	0.00937	0.01080	0.00779	0.01218	0.00752	0.00626	0.08879	0.01164	0.01776	0.00917	0.01050	0.00749	0.00392	0.00382	0.00081	0.00387	0.00311	0.00316	0.77085
14	0.01089	0.00950	0.01365	0.01287	0.07765	0.00995	0.13122	0.01826	0.33168	0.03223	0.03512	0.11167	0.01799	0.00829	0.00561	0.00178	0.00478	0.13320	0.00429	0.02938
15	0.00874	0.00521	0.00613	0.00583	0.00629	0.00507	0.00356	0.00909	0.00839	0.08886	0.06609	0.03136	0.01941	0.69067	0.02208	0.00429	0.00461	0.00714	0.00349	0.00367
16	0.00866	0.00761	0.01309	0.06280	0.01422	0.00762	0.19884	0.04218	0.01047	0.01404	0.01911	0.39961	0.02102	0.05764	0.00805	0.03600	0.03184	0.03858	0.00369	0.00493
17	0.01034	0.00886	0.01034	0.00738	0.01181	0.00664	0.00591	0.01255	0.01034	0.01624	0.00886	0.01034	0.00738	0.00369	0.00369	0.00074	0.00369	0.00295	0.00295	0.85530
18	0.00619	0.00490	0.00540	0.00558	0.00678	0.00429	0.00397	0.00736	0.01089	0.01364	0.12133	0.19443	0.48912	0.09393	0.00792	0.00205	0.00281	0.01074	0.00456	0.00411
19	0.00684	0.00497	0.00661	0.00765	0.00842	0.00474	0.00591	0.00832	0.01050	0.01368	0.02939	0.43540	0.10877	0.01457	0.00652	0.00210	0.00354	0.31317	0.00461	0.00428
20	0.01083	0.01056	0.01576	0.48572	0.22040	0.06200	0.01314	0.01382	0.01062	0.01394	0.00891	0.01248	0.00702	0.00473	0.00481	0.00150	0.00632	0.00421	0.00237	0.09088

[dist]
# distance from previous block
# <min> <max>
6	81

[block]
# block no. 2 follows, 50 sequences, length 13
# corresponding to MSA columns:
# 360-370,373,374
name=unknown_C
#
# <colnr> <probs for GDERKNQSTAVLIFYWHMCP>
#	G	D	E	R	K	N	Q	S	T	A	V	L	I	F	Y	W	H	M	C	P
0	0.01298	0.00911	0.01033	0.00904	0.01160	0.04717	0.00734	0.16642	0.06988	0.13104	0.11044	0.03772	0.04969	0.01096	0.07507	0.00219	0.00520	0.15113	0.00463	0.07807
1	0.01012	0.01046	0.07272	0.35584	0.05605	0.00979	0.05806	0.01355	0.03283	0.01482	0.00954	0.01248	0.00744	0.00468	0.00483	0.00136	0.02407	0.00406	0.03642	0.26089
2	0.01221	0.41482	0.13278	0.00940	0.01330	0.01484	0.00923	0.09813	0.07369	0.01521	0.01218	0.08294	0.02849	0.05636	0.00547	0.00157	0.00522	0.00472	0.00301	0.00642
3	0.01316	0.06245	0.08101	0.00952	0.01344	0.07838	0.02390	0.14338	0.04122	0.07845	0.03642	0.04963	0.05486	0.00586	0.00454	0.00126	0.00488	0.00469	0.00370	0.28927
4	0.06029	0.11836	0.27065	0.01104	0.01543	0.12730	0.01124	0.10964	0.05232	0.04088	0.10707	0.03044	0.01278	0.00593	0.00465	0.00147	0.00594	0.00455	0.00333	0.00670
5	0.00947	0.00815	0.01022	0.07398	0.08521	0.05628	0.03843	0.04631	0.05612	0.01664	0.26604	0.06358	0.08136	0.12501	0.00827	0.00204	0.00431	0.00727	0.03607	0.00526
6	0.00761	0.00565	0.00846	0.00830	0.00945	0.00519	0.07206	0.00899	0.01021	0.04482	0.05875	0.59027	0.02864	0.02959	0.00650	0.00195	0.00356	0.04271	0.00441	0.05288
7	0.01146	0.15424	0.44893	0.01422	0.08582	0.01352	0.01478	0.05842	0.05501	0.01600	0.00926	0.01084	0.00711	0.00515	0.00551	0.00154	0.07473	0.00379	0.00248	0.00718
8	0.11562	0.01049	0.01673	0.31102	0.42210	0.01148	0.01355	0.01429	0.01050	0.01575	0.00889	0.01216	0.00713	0.00466	0.00472	0.00155	0.00593	0.00422	0.00245	0.00673
9	0.00631	0.00452	0.00596	0.00703	0.00743	0.00425	0.00486	0.00729	0.00969	0.01283	0.02763	0.68689	0.05740	0.05072	0.00723	0.00216	0.00313	0.08605	0.00455	0.00406
10	0.01415	0.60473	0.06713	0.00989	0.01415	0.10251	0.02961	0.08191	0.01178	0.01383	0.00765	0.00873	0.00661	0.00453	0.00365	0.00117	0.00593	0.00302	0.00244	0.00657
11	0.06580	0.01040	0.01188	0.00955	0.01247	0.01114	0.00775	0.30634	0.01516	0.05137	0.05664	0.04959	0.03017	0.00788	0.03794	0.00172	0.11249	0.00494	0.02201	0.17474
12	0.05574	0.00996	0.01608	0.14758	0.15722	0.01015	0.15529	0.04103	0.04764	0.06932	0.05276	0.06939	0.03246	0.00616	0.00539	0.00157	0.02418	0.01436	0.00334	0.08040

[dist]
# distance from previous block
# <min> <max>
0	1

[block]
# block no. 3 follows, 50 sequences, length 28
# corresponding to MSA columns:
# 376-403
name=unknown_D
#
# <colnr> <probs for GDERKNQSTAVLIFYWHMCP>
#	G	D	E	R	K	N	Q	S	T	A	V	L	I	F	Y	W	H	M	C	P
0	0.17882	0.11573	0.02668	0.01053	0.01393	0.01147	0.12352	0.03093	0.01065	0.13271	0.01117	0.04310	0.02098	0.00572	0.00588	0.00148	0.11130	0.00440	0.00331	0.13771
1	0.00831	0.00525	0.00682	0.00701	0.00791	0.00501	0.00496	0.02868	0.03359	0.07234	0.16836	0.42661	0.05732	0.03051	0.00809	0.10644	0.00319	0.01054	0.00459	0.00448
2	0.00784	0.00651	0.00848	0.00820	0.00921	0.02054	0.04128	0.03855	0.02446	0.01404	0.07374	0.37758	0.14485	0.06370	0.03953	0.00232	0.08563	0.02479	0.00415	0.00461
3	0.07578	0.04612	0.01669	0.12694	0.10465	0.23130	0.11817	0.11851	0.01340	0.05127	0.01024	0.04584	0.00837	0.00544	0.00482	0.00150	0.00679	0.00455	0.00309	0.00652
4	0.00634	0.00463	0.00605	0.00700	0.00758	0.00434	0.00497	0.00748	0.01005	0.01324	0.05240	0.60123	0.11586	0.01559	0.03113	0.00219	0.00335	0.09782	0.00459	0.00416
5	0.03185	0.00619	0.00653	0.00598	0.00758	0.00639	0.00458	0.09695	0.04422	0.03377	0.11153	0.02040	0.01665	0.03802	0.00487	0.00143	0.00291	0.00527	0.54963	0.00524
6	0.05187	0.00970	0.01231	0.02052	0.06893	0.03444	0.06374	0.16203	0.09712	0.08135	0.05962	0.20160	0.02387	0.00856	0.00585	0.00170	0.04044	0.02736	0.02259	0.00641
7	0.01005	0.05591	0.01618	0.57813	0.17889	0.01139	0.01339	0.01309	0.01022	0.01336	0.00971	0.05032	0.00809	0.00533	0.00494	0.00161	0.00626	0.00478	0.00237	0.00597
8	0.00717	0.00537	0.00764	0.00788	0.00876	0.00594	0.00603	0.00931	0.03885	0.01273	0.05035	0.18000	0.01910	0.02926	0.53245	0.00595	0.00991	0.05536	0.00339	0.00452
9	0.01155	0.01508	0.13642	0.02060	0.06918	0.01242	0.62649	0.01590	0.01157	0.01596	0.00988	0.01297	0.00741	0.00429	0.00567	0.00165	0.00812	0.00549	0.00246	0.00688
10	0.05277	0.17660	0.13922	0.04373	0.06066	0.07066	0.06716	0.04540	0.12482	0.08148	0.01092	0.01204	0.00840	0.00544	0.00558	0.00152	0.07942	0.00412	0.00313	0.00692
11	0.01023	0.00993	0.01391	0.01212	0.01225	0.01361	0.00999	0.01142	0.00805	0.01237	0.04423	0.05037	0.01007	0.01118	0.07225	0.00257	0.68259	0.00510	0.00248	0.00528
12	0.00647	0.00464	0.00615	0.00721	0.00771	0.00439	0.00516	0.00758	0.00989	0.01305	0.02786	0.61826	0.06518	0.04463	0.00713	0.00216	0.00326	0.15059	0.00456	0.00412
13	0.01550	0.01410	0.01491	0.14593	0.14812	0.23061	0.01094	0.07272	0.05492	0.13850	0.01092	0.01246	0.00828	0.00570	0.00608	0.00155	0.09439	0.00425	0.00333	0.00679
14	0.01141	0.04169	0.05203	0.01227	0.01541	0.02057	0.24128	0.04433	0.06710	0.10779	0.04821	0.20506	0.06363	0.00886	0.01897	0.00182	0.00546	0.02400	0.00397	0.00615
15	0.01150	0.00851	0.00725	0.00669	0.00839	0.12236	0.00510	0.10009	0.01251	0.01871	0.01670	0.03403	0.05616	0.00631	0.00400	0.00126	0.00368	0.00494	0.56659	0.00521
16	0.02079	0.00899	0.01168	0.00904	0.01272	0.00825	0.00743	0.12632	0.01551	0.63629	0.07421	0.01774	0.01431	0.00643	0.00507	0.00154	0.00428	0.00523	0.00596	0.00821
17	0.01217	0.08748	0.27250	0.01440	0.01909	0.13904	0.20706	0.03187	0.04224	0.01532	0.03849	0.04354	0.00958	0.00551	0.00546	0.00156	0.04058	0.00480	0.00269	0.00661
18	0.01192	0.04503	0.01008	0.00816	0.01042	0.00744	0.02290	0.06547	0.01269	0.17200	0.16824	0.10598	0.03651	0.00924	0.02220	0.00171	0.03349	0.09219	0.08721	0.07713
19	0.00775	0.00526	0.00649	0.00617	0.00761	0.00470	0.00463	0.00964	0.01296	0.07356	0.46319	0.10460	0.25274	0.01104	0.00586	0.00164	0.00258	0.00958	0.00522	0.00478
20	0.01943	0.00955	0.01181	0.00942	0.01297	0.00934	0.00765	0.13814	0.15324	0.51198	0.01891	0.04758	0.01306	0.00661	0.00507	0.00158	0.00432	0.00540	0.00573	0.00820
21	0.04017	0.01121	0.01231	0.04827	0.06957	0.11058	0.04090	0.12942	0.12768	0.13303	0.01470	0.01850	0.02471	0.18613	0.00942	0.00226	0.00548	0.00528	0.00396	0.00643
22	0.01245	0.33850	0.35946	0.01276	0.06142	0.10858	0.01333	0.01591	0.01084	0.01380	0.00803	0.00946	0.00645	0.00458	0.00412	0.00134	0.00668	0.00327	0.00219	0.00683
23	0.01162	0.01448	0.09398	0.02044	0.02567	0.01252	0.71210	0.01595	0.01166	0.01595	0.00999	0.01320	0.00746	0.00425	0.00579	0.00167	0.00832	0.00570	0.00249	0.00678
24	0.01540	0.06243	0.01478	0.05771	0.01588	0.48103	0.07222	0.04558	0.01344	0.02858	0.05414	0.06125	0.04396	0.00627	0.00484	0.00142	0.00738	0.00483	0.00305	0.00580
25	0.01570	0.01164	0.01722	0.04430	0.01758	0.07503	0.23063	0.09035	0.04181	0.25446	0.03269	0.03321	0.01164	0.00628	0.00608	0.00165	0.05771	0.04083	0.00414	0.00706
26	0.00653	0.00456	0.00585	0.00673	0.00732	0.00417	0.00459	0.00748	0.00994	0.03595	0.03054	0.68707	0.14102	0.01491	0.00625	0.00196	0.00288	0.01338	0.00467	0.00420
27	0.01375	0.00779	0.00930	0.00794	0.01051	0.00770	0.00627	0.05337	0.18586	0.26756	0.19470	0.02492	0.09973	0.00782	0.00517	0.00156	0.00347	0.00655	0.07930	0.00674

[dist]
# distance from previous block
# <min> <max>
0	3

[block]
# block no. 4 follows, 50 sequences, length 70
# corresponding to MSA columns:
# 408-477
name=unknown_E
#
# <colnr> <probs for GDERKNQSTAVLIFYWHMCP>
#	G	D	E	R	K	N	Q	S	T	A	V	L	I	F	Y	W	H	M	C	P
0	0.01185	0.01134	0.01919	0.15234	0.56317	0.01174	0.06053	0.02784	0.04987	0.01613	0.01055	0.01340	0.01997	0.00478	0.00502	0.00153	0.00603	0.00468	0.00263	0.00740
1	0.02657	0.13735	0.53903	0.01288	0.01890	0.06219	0.04518	0.01546	0.01096	0.01541	0.06362	0.01202	0.00923	0.00505	0.00460	0.00149	0.00680	0.00395	0.00241	0.00688
2	0.00785	0.00597	0.00700	0.00708	0.00858	0.01847	0.00562	0.01047	0.06064	0.03848	0.22973	0.07560	0.28583	0.01175	0.00607	0.00182	0.00328	0.20609	0.00488	0.00481
3	0.01323	0.65122	0.14033	0.00958	0.01429	0.01821	0.01007	0.06868	0.01112	0.01372	0.00758	0.00865	0.00653	0.00446	0.00355	0.00117	0.00564	0.00294	0.00233	0.00669
4	0.02230	0.00799	0.00931	0.00863	0.01025	0.06316	0.02720	0.02726	0.08979	0.10104	0.08392	0.15603	0.03905	0.10244	0.13170	0.00305	0.03255	0.06196	0.00411	0.01826
5	0.01426	0.01569	0.25179	0.01120	0.01545	0.07656	0.02746	0.17054	0.04616	0.15573	0.03490	0.07072	0.02405	0.05534	0.00625	0.00176	0.00578	0.00535	0.00393	0.00705
6	0.00847	0.00616	0.00721	0.00682	0.00845	0.00587	0.00523	0.08772	0.02751	0.04390	0.27903	0.12556	0.27962	0.02625	0.00623	0.00176	0.00308	0.06115	0.00497	0.00500
7	0.06605	0.06947	0.12431	0.01104	0.01486	0.04955	0.06639	0.10521	0.18171	0.16019	0.01361	0.01386	0.00993	0.00610	0.00557	0.03031	0.03038	0.00453	0.02976	0.00718
8	0.07675	0.00990	0.01268	0.11365	0.06637	0.01091	0.03920	0.07333	0.28257	0.12785	0.01632	0.07217	0.01313	0.00689	0.00541	0.00168	0.02934	0.03051	0.00430	0.00703
9	0.00721	0.00512	0.00653	0.00696	0.00784	0.00487	0.00506	0.00848	0.01069	0.04962	0.11603	0.45456	0.18901	0.01356	0.00659	0.00190	0.03612	0.06070	0.00469	0.00445
10	0.00910	0.00666	0.00867	0.00836	0.00927	0.00740	0.00642	0.02992	0.04567	0.06046	0.06990	0.16874	0.05369	0.15847	0.09326	0.00310	0.13738	0.11480	0.00391	0.00482
11	0.05618	0.03757	0.01513	0.01196	0.01521	0.21419	0.11264	0.18696	0.07006	0.11488	0.03634	0.04703	0.01119	0.00622	0.00514	0.00153	0.01863	0.02129	0.01101	0.00685
12	0.04360	0.00868	0.01238	0.03453	0.09225	0.00868	0.08679	0.11006	0.02303	0.12941	0.11864	0.06489	0.11106	0.06694	0.00709	0.00189	0.01958	0.05008	0.00428	0.00614
13	0.00898	0.00536	0.00718	0.00747	0.00855	0.00505	0.00560	0.01042	0.01089	0.12492	0.11018	0.37782	0.03938	0.07108	0.03912	0.00239	0.00389	0.15219	0.00474	0.00480
14	0.04954	0.01098	0.06047	0.01119	0.01432	0.06904	0.16169	0.01679	0.14368	0.11965	0.20153	0.05307	0.05168	0.00724	0.00535	0.00161	0.00498	0.00652	0.00431	0.00637
15	0.01086	0.18719	0.57490	0.01422	0.06603	0.01327	0.03681	0.01559	0.01053	0.01500	0.00859	0.01020	0.00646	0.00461	0.00447	0.00147	0.00690	0.00358	0.00214	0.00718
16	0.00985	0.00919	0.01539	0.60634	0.16428	0.01091	0.01364	0.01300	0.01027	0.01349	0.01014	0.01610	0.00841	0.00557	0.00531	0.00168	0.02051	0.05761	0.00243	0.00588
17	0.01202	0.01303	0.02650	0.05196	0.02442	0.01299	0.61989	0.06158	0.01198	0.01637	0.00979	0.01309	0.00748	0.00480	0.00686	0.00172	0.09069	0.00558	0.00262	0.00665
18	0.01175	0.01259	0.06593	0.20597	0.49037	0.04409	0.06732	0.01498	0.01113	0.01526	0.00921	0.01238	0.00743	0.00459	0.00498	0.00153	0.00647	0.00444	0.00240	0.00716
19	0.01154	0.01087	0.01674	0.22133	0.43113	0.03789	0.01325	0.03691	0.06578	0.01579	0.01159	0.05419	0.01011	0.00572	0.00509	0.00159	0.00585	0.03483	0.00285	0.00693
20	0.00760	0.00610	0.00688	0.00703	0.00765	0.05507	0.00487	0.00852	0.00864	0.01130	0.01888	0.18744	0.06472	0.30004	0.27776	0.00491	0.00739	0.00796	0.00330	0.00395
21	0.01933	0.01088	0.05865	0.00955	0.01327	0.06330	0.00816	0.07913	0.06611	0.53042	0.07388	0.01724	0.01400	0.00633	0.00503	0.00153	0.00469	0.00510	0.00547	0.00791
22	0.01262	0.01132	0.01835	0.12423	0.53598	0.01210	0.01396	0.05359	0.01151	0.05278	0.00961	0.01249	0.00783	0.00515	0.00622	0.00158	0.09614	0.00446	0.00271	0.00739
23	0.00890	0.00726	0.03400	0.00921	0.01048	0.00771	0.05334	0.01060	0.00880	0.05902	0.04612	0.03088	0.01382	0.14989	0.41596	0.00544	0.11502	0.00574	0.00299	0.00483
24	0.01871	0.00824	0.01069	0.00865	0.01194	0.00755	0.00697	0.02217	0.11543	0.58091	0.05504	0.06744	0.04858	0.00726	0.00518	0.00160	0.00397	0.00605	0.00584	0.00779
25	0.01040	0.03729	0.64967	0.01292	0.01948	0.01078	0.01607	0.01550	0.01091	0.04924	0.06326	0.01258	0.00944	0.00510	0.00474	0.00152	0.00663	0.00404	0.00256	0.05786
26	0.01134	0.01162	0.02190	0.10345	0.12053	0.01214	0.39112	0.01541	0.06245	0.01564	0.01050	0.01365	0.00824	0.00520	0.00685	0.00169	0.11534	0.00524	0.06118	0.00651
27	0.00759	0.00512	0.00628	0.00667	0.00763	0.00475	0.00470	0.00908	0.03591	0.06729	0.06174	0.43444	0.19617	0.09267	0.00798	0.00217	0.00317	0.03757	0.00463	0.00446
28	0.06154	0.01308	0.06413	0.09567	0.05236	0.05167	0.18666	0.22518	0.01500	0.14057	0.01210	0.01423	0.00891	0.00550	0.00511	0.00158	0.00627	0.02938	0.00380	0.00725
29	0.01210	0.01124	0.01813	0.20037	0.52543	0.01193	0.01411	0.06169	0.06508	0.01673	0.01017	0.01296	0.00816	0.00481	0.00496	0.00154	0.00592	0.00452	0.00274	0.00741
30	0.00722	0.00520	0.00634	0.00599	0.00741	0.00464	0.00452	0.00923	0.01329	0.04421	0.54167	0.03979	0.27053	0.01079	0.00585	0.00160	0.00247	0.00933	0.00525	0.00468
31	0.01376	0.01577	0.06254	0.14065	0.04351	0.23487	0.12896	0.09189	0.01232	0.01507	0.00855	0.01126	0.00690	0.00580	0.00748	0.00165	0.18589	0.00426	0.00263	0.00624
32	0.01067	0.04945	0.56939	0.01423	0.02054	0.01197	0.10859	0.03440	0.08273	0.01643	0.01057	0.03033	0.00796	0.00512	0.00490	0.00159	0.00696	0.00436	0.00256	0.00725
33	0.00672	0.00516	0.00626	0.00684	0.00795	0.00480	0.00520	0.00857	0.03651	0.01420	0.08323	0.30496	0.29728	0.01352	0.00624	0.00193	0.00314	0.17840	0.00469	0.00439
34	0.01713	0.01393	0.06876	0.01257	0.06253	0.01419	0.01019	0.57596	0.05068	0.05363	0.01255	0.03904	0.00944	0.00624	0.00534	0.00155	0.02876	0.00481	0.00459	0.00811
35	0.04921	0.01104	0.03298	0.06507	0.02776	0.03760	0.10735	0.12716	0.01297	0.20558	0.04825	0.01604	0.01120	0.04131	0.00817	0.00184	0.16306	0.02279	0.00389	0.00672
36	0.01112	0.06628	0.01687	0.01253	0.01559	0.02228	0.25532	0.03189	0.13013	0.05817	0.07736	0.07123	0.11121	0.00769	0.00610	0.00169	0.04593	0.04856	0.00384	0.00619
37	0.00605	0.00441	0.00570	0.00674	0.00718	0.00407	0.00454	0.00696	0.00974	0.01280	0.02997	0.73768	0.11525	0.01529	0.00631	0.00199	0.00285	0.01377	0.00463	0.00407
38	0.01433	0.06267	0.01753	0.16140	0.11061	0.17256	0.11942	0.11878	0.10989	0.04794	0.01101	0.01265	0.00840	0.00520	0.00491	0.00151	0.00662	0.00447	0.00324	0.00688
39	0.01115	0.01065	0.01578	0.55224	0.17142	0.05892	0.01344	0.06032	0.03072	0.01469	0.00936	0.01291	0.00719	0.00500	0.00495	0.00160	0.00651	0.00439	0.00252	0.00622
40	0.00909	0.00593	0.00612	0.00569	0.00738	0.00578	0.00437	0.10127	0.01251	0.01830	0.06565	0.02951	0.30066	0.00855	0.00466	0.00141	0.00278	0.00700	0.39840	0.00494
41	0.06314	0.04821	0.02026	0.04321	0.06570	0.12448	0.27406	0.01498	0.01043	0.01428	0.00822	0.01139	0.00689	0.00584	0.00866	0.00174	0.26541	0.00456	0.00242	0.00612
42	0.01320	0.03194	0.01229	0.01198	0.09202	0.02324	0.00897	0.26167	0.04547	0.06607	0.03261	0.07804	0.01815	0.00922	0.00570	0.00180	0.00492	0.27160	0.00453	0.00658
43	0.14255	0.00879	0.00982	0.00881	0.01092	0.06282	0.06596	0.06931	0.07936	0.05873	0.05040	0.27346	0.06948	0.00931	0.00518	0.00169	0.00417	0.00802	0.05567	0.00555
44	0.00625	0.00458	0.00591	0.00682	0.00741	0.00423	0.00478	0.00737	0.01019	0.01340	0.07419	0.61715	0.13314	0.01477	0.00631	0.00197	0.00294	0.06975	0.00467	0.00415
45	0.01457	0.24665	0.09904	0.06167	0.07197	0.28012	0.04210	0.01710	0.03111	0.04094	0.00858	0.01016	0.00700	0.00500	0.00487	0.00137	0.04522	0.00356	0.00254	0.00642
46	0.04053	0.13818	0.07476	0.01870	0.15055	0.04575	0.36758	0.01610	0.02806	0.03347	0.00954	0.01200	0.00749	0.00458	0.00537	0.00154	0.03165	0.00472	0.00258	0.00686
47	0.01297	0.01119	0.01098	0.00971	0.01234	0.08834	0.00754	0.14183	0.40490	0.03739	0.07801	0.07221	0.07541	0.00774	0.00521	0.00163	0.00440	0.00638	0.00481	0.00703
48	0.02154	0.00654	0.05439	0.00711	0.00858	0.00544	0.00565	0.00967	0.06450	0.01549	0.20053	0.32967	0.20123	0.01222	0.00592	0.00180	0.00311	0.03718	0.00467	0.00474
49	0.01193	0.06581	0.31298	0.01165	0.02831	0.01020	0.05942	0.01552	0.01085	0.10631	0.01002	0.01128	0.00748	0.00466	0.00488	0.00130	0.03874	0.00372	0.00289	0.28205
50	0.01250	0.06105	0.01220	0.01031	0.03781	0.04406	0.02677	0.27659	0.09334	0.02012	0.01823	0.32825	0.01846	0.00958	0.00542	0.00169	0.00454	0.00825	0.00443	0.00638
51	0.00799	0.00536	0.00699	0.00763	0.00881	0.00502	0.00607	0.00963	0.01110	0.06796	0.04388	0.28640	0.17464	0.01353	0.00639	0.00203	0.00361	0.32359	0.00473	0.00462
52	0.01195	0.16118	0.54169	0.01303	0.01909	0.14082	0.01533	0.01630	0.01104	0.01452	0.00840	0.00985	0.00635	0.00472	0.00444	0.00144	0.00728	0.00343	0.00218	0.00695
53	0.01201	0.01208	0.06358	0.27088	0.07530	0.07997	0.06387	0.03000	0.22037	0.05288	0.01392	0.01550	0.03337	0.00656	0.02679	0.00179	0.00616	0.00494	0.00337	0.00667
54	0.00760	0.00558	0.00667	0.00745	0.00811	0.00501	0.00499	0.00810	0.01063	0.01399	0.03204	0.60398	0.17741	0.07150	0.00814	0.00240	0.00346	0.01323	0.00495	0.00476
55	0.01984	0.02402	0.01503	0.01363	0.01633	0.75711	0.01015	0.05065	0.01529	0.01430	0.00929	0.01106	0.00784	0.00609	0.00511	0.00155	0.00922	0.00373	0.00314	0.00660
56	0.06915	0.08667	0.01594	0.01343	0.06069	0.38567	0.03178	0.14977	0.01520	0.03938	0.01072	0.01266	0.00880	0.00799	0.05286	0.00201	0.00796	0.00418	0.01804	0.00711
57	0.01013	0.00707	0.00847	0.00852	0.00977	0.00692	0.00625	0.09054	0.02672	0.04087	0.07242	0.38098	0.06820	0.05198	0.03874	0.00249	0.01553	0.09237	0.05642	0.00560
58	0.00755	0.00541	0.00684	0.00791	0.00833	0.00493	0.00527	0.00803	0.01044	0.01406	0.02846	0.80589	0.03373	0.01630	0.00692	0.00227	0.00340	0.01440	0.00506	0.00480
59	0.01239	0.09143	0.01306	0.00864	0.01307	0.00915	0.00693	0.04709	0.01176	0.01771	0.01019	0.01210	0.00865	0.00480	0.00432	0.00107	0.00442	0.00347	0.00343	0.71631
60	0.01158	0.06596	0.30097	0.01096	0.01565	0.00992	0.02416	0.03756	0.01253	0.04870	0.14130	0.03478	0.07824	0.00722	0.00537	0.00164	0.00546	0.00565	0.00382	0.17854
61	0.11058	0.11317	0.36841	0.01349	0.05438	0.06101	0.01360	0.11851	0.01332	0.06718	0.01088	0.01246	0.00830	0.00586	0.00501	0.00173	0.00673	0.00411	0.00339	0.00786
62	0.01304	0.24135	0.33703	0.01411	0.06643	0.01510	0.02721	0.06120	0.01168	0.01629	0.00983	0.01233	0.00814	0.00709	0.03077	0.00196	0.11193	0.00414	0.00283	0.00753
63	0.01129	0.01055	0.01780	0.65323	0.08625	0.01203	0.10018	0.01424	0.01115	0.01468	0.01042	0.01510	0.00817	0.00578	0.00567	0.00190	0.00722	0.00504	0.00275	0.00655
64	0.00767	0.00549	0.00697	0.00805	0.00852	0.00503	0.00547	0.00824	0.01055	0.01419	0.02839	0.75949	0.03347	0.01619	0.00695	0.00228	0.00350	0.05963	0.00506	0.00483
65	0.01158	0.06012	0.72785	0.01497	0.02212	0.01267	0.04012	0.01666	0.01142	0.01689	0.01028	0.01242	0.00769	0.00563	0.00530	0.00181	0.00772	0.00416	0.00261	0.00799
66	0.01209	0.01032	0.01309	0.01072	0.06103	0.00845	0.05318	0.03902	0.01192	0.01809	0.04238	0.01372	0.01039	0.00511	0.00479	0.00119	0.01362	0.00401	0.00353	0.66336
67	0.00848	0.00580	0.00656	0.00672	0.00692	0.00555	0.00400	0.00828	0.00863	0.01164	0.01918	0.18339	0.02201	0.65479	0.02192	0.00448	0.00493	0.00894	0.00379	0.00399
68	0.02226	0.01002	0.01112	0.00953	0.01205	0.01038	0.00739	0.27548	0.12710	0.02490	0.35525	0.02750	0.06576	0.00913	0.00600	0.00182	0.00419	0.00734	0.00561	0.00717
69	0.00961	0.00630	0.00844	0.06367	0.01069	0.00619	0.00659	0.00962	0.02315	0.01336	0.06519	0.06450	0.06626	0.04957	0.01333	0.36929	0.00476	0.20136	0.00382	0.00430

[dist]
# distance from previous block
# <min> <max>
0	50

# created by:
# /home/cegg/simao/soft/augustus-3.2.1/scripts/msa2prfl.pl ./align_prep/EOG091G0OY0.fa
