[name]
unknown

[dist]
# distance from previous block
# <min> <max>
8	87

[block]
# block no. 0 follows, 48 sequences, length 21
# corresponding to MSA columns:
# 91-94,102-105,114-116,118-127
name=unknown_A
#
# <colnr> <probs for GDERKNQSTAVLIFYWHMCP>
#	G	D	E	R	K	N	Q	S	T	A	V	L	I	F	Y	W	H	M	C	P
0	0.03426	0.00861	0.03899	0.04463	0.02212	0.04201	0.04807	0.03886	0.05669	0.04548	0.06054	0.02077	0.03442	0.11926	0.04841	0.00230	0.03958	0.00556	0.28399	0.00543
1	0.00922	0.00816	0.01090	0.21791	0.05157	0.04194	0.02911	0.02963	0.04403	0.01634	0.23523	0.05975	0.13091	0.04705	0.00658	0.00182	0.00461	0.02228	0.00401	0.02896
2	0.00764	0.00616	0.00753	0.00770	0.00860	0.02528	0.00566	0.03718	0.01079	0.01431	0.08989	0.37909	0.15763	0.01776	0.14165	0.00300	0.06060	0.01061	0.00428	0.00464
3	0.05200	0.01174	0.07669	0.03692	0.05453	0.02173	0.10049	0.19022	0.06646	0.09849	0.02616	0.06815	0.04564	0.09892	0.02703	0.00219	0.00574	0.00605	0.00406	0.00681
4	0.01871	0.01408	0.01559	0.01202	0.01607	0.01556	0.03498	0.68476	0.08523	0.03092	0.01295	0.01293	0.00926	0.00616	0.00517	0.00156	0.00562	0.00476	0.00506	0.00862
5	0.05501	0.14922	0.15312	0.01227	0.08518	0.04367	0.03015	0.05591	0.03809	0.13233	0.03259	0.01253	0.00938	0.00507	0.00446	0.00135	0.00546	0.00400	0.00343	0.16678
6	0.00755	0.00626	0.03620	0.00658	0.00828	0.00522	0.00524	0.01004	0.03507	0.03869	0.46120	0.06560	0.27289	0.01103	0.00598	0.00167	0.00279	0.00952	0.00522	0.00496
7	0.01059	0.00893	0.01038	0.00747	0.01189	0.00675	0.00597	0.01288	0.01065	0.01683	0.00946	0.01102	0.00785	0.00390	0.00379	0.00078	0.00374	0.00312	0.04055	0.81348
8	0.03095	0.26196	0.21851	0.01336	0.05249	0.01406	0.12888	0.01757	0.07329	0.09133	0.01075	0.01185	0.00817	0.00489	0.00456	0.00144	0.00621	0.00410	0.00297	0.04265
9	0.00763	0.02452	0.00708	0.04193	0.00898	0.00530	0.00519	0.00928	0.01186	0.04853	0.19866	0.22843	0.30507	0.01217	0.00599	0.00177	0.00305	0.03658	0.03325	0.00473
10	0.01027	0.00562	0.00595	0.00577	0.00724	0.00568	0.00435	0.01371	0.08816	0.06055	0.01933	0.07554	0.04083	0.00704	0.00413	0.00135	0.00271	0.00579	0.63072	0.00527
11	0.01125	0.01037	0.01696	0.19999	0.39653	0.01066	0.04583	0.01441	0.03029	0.01569	0.01078	0.02758	0.00921	0.05192	0.00618	0.00170	0.00582	0.00485	0.03914	0.09084
12	0.02965	0.15352	0.10542	0.01274	0.04771	0.17107	0.05395	0.09298	0.23039	0.03427	0.01249	0.01292	0.00960	0.00558	0.00473	0.00150	0.00625	0.00434	0.00356	0.00732
13	0.01070	0.06813	0.55914	0.09285	0.03345	0.02836	0.02699	0.03610	0.01108	0.01578	0.00991	0.03409	0.00775	0.01894	0.02383	0.00182	0.00734	0.00426	0.00238	0.00710
14	0.01201	0.13290	0.04771	0.08841	0.03774	0.00976	0.00825	0.01447	0.01092	0.07544	0.00970	0.01117	0.00773	0.00429	0.00404	0.00103	0.00463	0.00339	0.00304	0.51338
15	0.00934	0.00483	0.00499	0.00495	0.00615	0.00479	0.00371	0.01173	0.01113	0.01927	0.09312	0.02104	0.01666	0.00643	0.00383	0.00124	0.00239	0.00523	0.76439	0.00479
16	0.00886	0.00571	0.00764	0.00732	0.00866	0.00548	0.04688	0.02381	0.01154	0.03711	0.14402	0.16879	0.07443	0.01054	0.00627	0.05292	0.00336	0.09549	0.27637	0.00478
17	0.00688	0.00506	0.00658	0.00727	0.00806	0.00459	0.00506	0.00801	0.01007	0.01369	0.04534	0.64253	0.03091	0.04099	0.00694	0.00205	0.00322	0.05980	0.00456	0.08839
18	0.85592	0.00992	0.00754	0.00675	0.00992	0.01151	0.00556	0.01508	0.00873	0.02302	0.00714	0.00834	0.00556	0.00476	0.00318	0.00159	0.00397	0.00278	0.00318	0.00556
19	0.00701	0.00607	0.00817	0.00719	0.00912	0.00534	0.08024	0.00893	0.01255	0.01604	0.25741	0.04269	0.49749	0.01142	0.00606	0.00170	0.00315	0.00991	0.00480	0.00473
20	0.01429	0.74239	0.02575	0.00908	0.01344	0.01987	0.00888	0.09045	0.01179	0.01409	0.00765	0.00864	0.00680	0.00457	0.00348	0.00114	0.00550	0.00293	0.00249	0.00680

[dist]
# distance from previous block
# <min> <max>
0	2

[block]
# block no. 1 follows, 48 sequences, length 49
# corresponding to MSA columns:
# 130-141,179-215
name=unknown_B
#
# <colnr> <probs for GDERKNQSTAVLIFYWHMCP>
#	G	D	E	R	K	N	Q	S	T	A	V	L	I	F	Y	W	H	M	C	P
0	0.77114	0.00952	0.00761	0.00702	0.00999	0.01095	0.00583	0.01464	0.00904	0.02225	0.00915	0.01329	0.00795	0.00570	0.00357	0.00167	0.00404	0.07782	0.00333	0.00547
1	0.01067	0.00965	0.01539	0.72778	0.03340	0.01185	0.01380	0.08886	0.01165	0.01503	0.00944	0.01354	0.00703	0.00523	0.00513	0.00169	0.00672	0.00457	0.00257	0.00600
2	0.77129	0.00984	0.00833	0.08682	0.01246	0.01150	0.00643	0.01489	0.00889	0.02203	0.00734	0.00887	0.00569	0.00480	0.00337	0.00160	0.00426	0.00296	0.00309	0.00557
3	0.01064	0.00912	0.01064	0.00760	0.01216	0.00684	0.00608	0.01292	0.01064	0.01672	0.00912	0.01064	0.00760	0.00380	0.00380	0.00076	0.00380	0.00304	0.00304	0.85104
4	0.09235	0.00594	0.00711	0.00664	0.00811	0.00582	0.00504	0.01091	0.04393	0.02086	0.67718	0.03458	0.04284	0.00978	0.00573	0.00162	0.00264	0.00849	0.00538	0.00504
5	0.00637	0.00452	0.00592	0.00699	0.00726	0.00425	0.00460	0.00718	0.00959	0.01278	0.02707	0.73804	0.03241	0.09644	0.00851	0.00237	0.00318	0.01387	0.00460	0.00406
6	0.77138	0.00984	0.00785	0.00683	0.01015	0.01104	0.00561	0.01487	0.00892	0.02239	0.00734	0.00857	0.00576	0.00467	0.00324	0.00150	0.00395	0.00280	0.00316	0.09011
7	0.01093	0.00867	0.01009	0.00737	0.01157	0.00666	0.00588	0.01321	0.01078	0.04168	0.01024	0.01171	0.00832	0.00410	0.00382	0.00083	0.00368	0.00328	0.08767	0.73952
8	0.00833	0.00576	0.00811	0.00917	0.01024	0.00576	0.00789	0.01024	0.01130	0.01471	0.02534	0.05365	0.02747	0.01454	0.00838	0.08721	0.00470	0.67825	0.00448	0.00448
9	0.00726	0.00524	0.00686	0.00646	0.00767	0.00484	0.00484	0.00968	0.01452	0.02058	0.78496	0.03833	0.04841	0.01049	0.00605	0.00161	0.00242	0.00928	0.00565	0.00484
10	0.00763	0.00760	0.08674	0.00888	0.01047	0.00696	0.00767	0.00987	0.00850	0.01235	0.01329	0.01923	0.01219	0.03512	0.71989	0.00758	0.01313	0.00533	0.00269	0.00488
11	0.76022	0.00994	0.00814	0.00710	0.01037	0.01129	0.00585	0.03684	0.00968	0.09022	0.00843	0.00924	0.00627	0.00494	0.00340	0.00159	0.00405	0.00304	0.00351	0.00592
12	0.00943	0.08872	0.00952	0.00721	0.00959	0.00840	0.00575	0.03356	0.19710	0.04132	0.09366	0.03515	0.42109	0.01010	0.00553	0.00165	0.00336	0.00835	0.00475	0.00576
13	0.01457	0.00700	0.00814	0.00698	0.00930	0.00680	0.00551	0.08613	0.02868	0.25841	0.01795	0.04928	0.01347	0.00653	0.00436	0.00139	0.00336	0.00529	0.46044	0.00641
14	0.00739	0.00525	0.00700	0.00700	0.00749	0.00574	0.00486	0.00836	0.00788	0.01099	0.01488	0.02645	0.01556	0.40500	0.43656	0.00671	0.00963	0.00642	0.00292	0.00389
15	0.01097	0.00567	0.00612	0.00572	0.00725	0.00573	0.00438	0.04724	0.03142	0.07456	0.01657	0.01863	0.01285	0.00743	0.02970	0.02665	0.00315	0.00484	0.67586	0.00525
16	0.01046	0.00880	0.01026	0.00744	0.01174	0.00668	0.00593	0.01275	0.01080	0.01697	0.03987	0.01206	0.00942	0.00415	0.00388	0.00081	0.00369	0.00335	0.03678	0.78415
17	0.00695	0.00587	0.02281	0.00830	0.05773	0.00518	0.00559	0.00871	0.03136	0.01452	0.10145	0.42848	0.25713	0.01345	0.00620	0.00188	0.00314	0.01190	0.00466	0.00470
18	0.04476	0.02858	0.05893	0.01220	0.03944	0.08693	0.01004	0.50056	0.07351	0.05977	0.01228	0.01243	0.00888	0.00590	0.00496	0.00152	0.00585	0.00444	0.00456	0.02444
19	0.02785	0.02411	0.05832	0.23108	0.24271	0.03130	0.10647	0.08139	0.03136	0.01690	0.01099	0.03055	0.00905	0.00579	0.00556	0.02294	0.00639	0.02556	0.02486	0.00682
20	0.03490	0.01277	0.03567	0.04393	0.21185	0.11086	0.11014	0.09792	0.03688	0.08402	0.03505	0.08579	0.03408	0.00683	0.00538	0.00164	0.00606	0.03559	0.00367	0.00698
21	0.14074	0.08517	0.22543	0.01529	0.11933	0.01277	0.12482	0.07149	0.06294	0.07869	0.01081	0.01210	0.00802	0.00504	0.00475	0.00158	0.00620	0.00429	0.00317	0.00737
22	0.01152	0.23030	0.09918	0.04041	0.13615	0.03032	0.05926	0.02639	0.01141	0.04047	0.06239	0.10643	0.07552	0.00719	0.00545	0.00155	0.04046	0.00600	0.00318	0.00641
23	0.00645	0.00465	0.00607	0.00701	0.00747	0.00430	0.00470	0.00740	0.00992	0.01329	0.05187	0.71435	0.05003	0.05548	0.00742	0.00217	0.00307	0.01368	0.00466	0.02599
24	0.07622	0.03411	0.14389	0.01677	0.23811	0.01116	0.04286	0.06753	0.08930	0.10228	0.06915	0.03745	0.03653	0.00615	0.00506	0.00160	0.00540	0.00531	0.00372	0.00740
25	0.05072	0.21313	0.16273	0.01222	0.06314	0.06491	0.03320	0.06808	0.04701	0.21896	0.01220	0.01239	0.00880	0.00531	0.00456	0.00146	0.00585	0.00408	0.00370	0.00756
26	0.00731	0.00498	0.00660	0.00755	0.00822	0.00471	0.00542	0.00871	0.02339	0.04414	0.02851	0.63136	0.05871	0.01515	0.00654	0.00209	0.00330	0.12396	0.00483	0.00450
27	0.51178	0.01151	0.04385	0.01553	0.26175	0.01187	0.02973	0.03000	0.01016	0.02074	0.00822	0.01007	0.00654	0.00472	0.00397	0.00157	0.00496	0.00352	0.00295	0.00656
28	0.00814	0.00495	0.00569	0.00565	0.00651	0.00480	0.00395	0.00990	0.01111	0.01707	0.25517	0.08332	0.02675	0.19371	0.00969	0.00225	0.00303	0.00746	0.33647	0.00438
29	0.02184	0.11233	0.01381	0.00908	0.01311	0.00917	0.00770	0.02378	0.01414	0.69206	0.01857	0.01629	0.01192	0.00610	0.00492	0.00153	0.00451	0.00485	0.00582	0.00846
30	0.01372	0.82276	0.02689	0.00878	0.01317	0.02030	0.00878	0.01536	0.01043	0.01207	0.00713	0.00823	0.00658	0.00439	0.00329	0.00110	0.00549	0.00274	0.00219	0.00658
31	0.01951	0.01437	0.01540	0.01181	0.01591	0.01591	0.00975	0.77056	0.02412	0.03234	0.01232	0.01232	0.00873	0.00616	0.00513	0.00154	0.00565	0.00462	0.00513	0.00873
32	0.01270	0.01219	0.02083	0.03149	0.78767	0.01219	0.01575	0.01575	0.01168	0.01676	0.00965	0.01270	0.00813	0.00457	0.00508	0.00152	0.00610	0.00457	0.00254	0.00813
33	0.01286	0.01032	0.01295	0.01086	0.01384	0.01117	0.08633	0.08382	0.43944	0.07217	0.16651	0.02163	0.02040	0.00726	0.00546	0.00169	0.00437	0.00636	0.00510	0.00745
34	0.00625	0.00447	0.00595	0.00714	0.00744	0.00417	0.00476	0.00714	0.00982	0.01310	0.02828	0.81633	0.03394	0.01608	0.00655	0.00208	0.00298	0.01459	0.00476	0.00417
35	0.01452	0.01270	0.01322	0.01250	0.07372	0.07272	0.00912	0.17970	0.49008	0.02252	0.01740	0.03185	0.01331	0.00666	0.00517	0.00166	0.00492	0.00544	0.00479	0.00801
36	0.01031	0.05122	0.74473	0.01419	0.02148	0.01197	0.01820	0.01602	0.01093	0.01625	0.03281	0.01159	0.00778	0.00503	0.00486	0.00161	0.00736	0.00393	0.00227	0.00747
37	0.04962	0.06572	0.39268	0.01327	0.04486	0.02396	0.03261	0.15090	0.03806	0.09988	0.02305	0.01233	0.00854	0.00534	0.00483	0.00156	0.00639	0.00419	0.00336	0.01883
38	0.01212	0.04050	0.25550	0.02043	0.24423	0.01205	0.20685	0.03552	0.01194	0.04706	0.01180	0.01489	0.02903	0.00524	0.00531	0.00163	0.00696	0.02874	0.00278	0.00744
39	0.00969	0.00912	0.01539	0.80734	0.03534	0.01140	0.01425	0.01311	0.01026	0.01311	0.00912	0.01368	0.00684	0.00513	0.00513	0.00171	0.00684	0.00456	0.00228	0.00570
40	0.01140	0.31201	0.48627	0.01220	0.01838	0.01465	0.01474	0.01567	0.01083	0.01492	0.03934	0.01099	0.00820	0.00492	0.00435	0.00143	0.00662	0.00363	0.00232	0.00711
41	0.02981	0.07089	0.15343	0.16173	0.11300	0.09828	0.03410	0.06554	0.02323	0.06916	0.04377	0.03421	0.03637	0.01849	0.00536	0.00164	0.00627	0.02478	0.00321	0.00671
42	0.00626	0.00478	0.00576	0.00649	0.00734	0.00429	0.00454	0.00737	0.01065	0.01360	0.05394	0.50479	0.30359	0.01480	0.00638	0.00195	0.00287	0.03156	0.00478	0.00426
43	0.00736	0.00496	0.00578	0.00593	0.00601	0.00496	0.00350	0.00756	0.00783	0.01046	0.01757	0.11147	0.02027	0.69585	0.04729	0.00472	0.00504	0.02683	0.00330	0.00330
44	0.16769	0.09502	0.20698	0.01229	0.04831	0.03820	0.06582	0.09819	0.05764	0.05573	0.06123	0.02469	0.01072	0.00575	0.00502	0.00158	0.03030	0.00449	0.00338	0.00696
45	0.01299	0.04061	0.08166	0.03873	0.44835	0.08290	0.02511	0.03572	0.07720	0.03136	0.03283	0.04788	0.01073	0.00559	0.00508	0.00155	0.00609	0.00503	0.00305	0.00753
46	0.00664	0.00517	0.00616	0.00674	0.00786	0.00476	0.00501	0.00828	0.02991	0.01391	0.03773	0.33715	0.35638	0.01492	0.02987	0.00215	0.00340	0.11481	0.00471	0.00443
47	0.01320	0.18599	0.09591	0.01046	0.03243	0.18249	0.03905	0.03784	0.03531	0.03004	0.01203	0.04541	0.01024	0.03204	0.01574	0.00156	0.00586	0.00449	0.20381	0.00609
48	0.03134	0.11412	0.17177	0.02735	0.13305	0.03427	0.05074	0.09742	0.07478	0.19616	0.01280	0.01325	0.00920	0.00539	0.00486	0.00153	0.00590	0.00444	0.00380	0.00782

[dist]
# distance from previous block
# <min> <max>
1	5

[block]
# block no. 2 follows, 48 sequences, length 22
# corresponding to MSA columns:
# 221-242
name=unknown_C
#
# <colnr> <probs for GDERKNQSTAVLIFYWHMCP>
#	G	D	E	R	K	N	Q	S	T	A	V	L	I	F	Y	W	H	M	C	P
0	0.05010	0.30933	0.19480	0.02955	0.03808	0.06763	0.03857	0.08555	0.03231	0.09455	0.01003	0.01092	0.00766	0.00502	0.00433	0.00141	0.00617	0.00372	0.00305	0.00721
1	0.01000	0.02991	0.00979	0.02262	0.07117	0.03724	0.00673	0.06570	0.03242	0.03493	0.07271	0.03836	0.07929	0.18585	0.16777	0.03338	0.01902	0.04018	0.03781	0.00512
2	0.00843	0.00635	0.00770	0.00761	0.00915	0.00622	0.00602	0.07200	0.05139	0.01825	0.28267	0.11739	0.18716	0.01189	0.00623	0.00186	0.00340	0.18605	0.00510	0.00512
3	0.81825	0.00987	0.00774	0.00686	0.01007	0.01133	0.00565	0.01553	0.00900	0.05777	0.00774	0.00875	0.00588	0.00483	0.00327	0.00159	0.00399	0.00289	0.00332	0.00570
4	0.00879	0.00454	0.00681	0.00681	0.00688	0.00461	0.00461	0.00688	0.00681	0.00915	0.00929	0.01595	0.00922	0.01944	0.08099	0.78483	0.00518	0.00454	0.00227	0.00241
5	0.04967	0.00960	0.05031	0.01120	0.08253	0.00869	0.00855	0.03694	0.02935	0.39119	0.05280	0.06034	0.08823	0.00775	0.00625	0.00170	0.06999	0.02261	0.00499	0.00733
6	0.00776	0.00535	0.00674	0.00675	0.00799	0.00491	0.00499	0.00980	0.02844	0.05796	0.36797	0.24812	0.17271	0.01227	0.00616	0.00179	0.00282	0.03739	0.00525	0.00484
7	0.01128	0.17614	0.36175	0.02804	0.03643	0.04484	0.04909	0.01505	0.01093	0.01525	0.07195	0.01308	0.01030	0.00574	0.00605	0.00157	0.09938	0.00427	0.03214	0.00672
8	0.00860	0.00552	0.00650	0.00613	0.00780	0.00488	0.00464	0.01042	0.01279	0.10042	0.29283	0.08578	0.34416	0.01104	0.00579	0.00165	0.00274	0.00943	0.07390	0.00501
9	0.00615	0.00486	0.00555	0.00611	0.00717	0.00426	0.00430	0.00726	0.01082	0.01351	0.04092	0.40724	0.43486	0.01443	0.00629	0.00190	0.00278	0.01258	0.00476	0.00426
10	0.01929	0.01366	0.01485	0.01144	0.01549	0.01490	0.00942	0.66206	0.05488	0.09206	0.01324	0.01298	0.00931	0.00615	0.00511	0.00153	0.00543	0.00468	0.00519	0.02833
11	0.01125	0.00910	0.01070	0.00768	0.01221	0.00687	0.00615	0.01352	0.01084	0.05500	0.00967	0.01098	0.00785	0.00393	0.00387	0.00080	0.00383	0.00314	0.00320	0.80941
12	0.01717	0.03488	0.01410	0.01305	0.05296	0.55349	0.00951	0.04280	0.09863	0.03220	0.07309	0.01313	0.01128	0.00589	0.00483	0.00141	0.00768	0.00420	0.00332	0.00636
13	0.01009	0.05049	0.05998	0.00872	0.01092	0.00878	0.01893	0.08440	0.12933	0.03330	0.10888	0.07584	0.07780	0.12431	0.16128	0.00339	0.00621	0.01757	0.00406	0.00572
14	0.00608	0.00514	0.00526	0.00535	0.00697	0.00432	0.00397	0.00735	0.01155	0.01380	0.05015	0.10859	0.72756	0.01323	0.00610	0.00176	0.00263	0.01112	0.00476	0.00432
15	0.01864	0.01269	0.01382	0.01075	0.01451	0.01379	0.00883	0.59333	0.04238	0.10919	0.01384	0.01375	0.00979	0.00618	0.00498	0.00151	0.00513	0.00473	0.09385	0.00830
16	0.01610	0.01833	0.01383	0.01365	0.07765	0.44872	0.00974	0.02179	0.25615	0.01585	0.01308	0.01495	0.01068	0.00618	0.00497	0.00152	0.00714	0.03937	0.00355	0.00676
17	0.08174	0.01282	0.03186	0.01086	0.03715	0.03520	0.00873	0.51408	0.01957	0.02784	0.01244	0.01313	0.00915	0.00592	0.00468	0.00148	0.00509	0.00445	0.15618	0.00765
18	0.00827	0.00591	0.00827	0.00945	0.01063	0.00591	0.00827	0.01063	0.01181	0.01536	0.02717	0.05788	0.02953	0.01417	0.00709	0.00236	0.00472	0.75313	0.00472	0.00472
19	0.00698	0.00543	0.00830	0.00842	0.00919	0.00528	0.06934	0.00823	0.00964	0.01300	0.02392	0.58463	0.02775	0.07175	0.11923	0.00311	0.00510	0.01212	0.00419	0.00439
20	0.06740	0.01054	0.01705	0.42522	0.06852	0.01171	0.12747	0.09122	0.01241	0.10325	0.01078	0.01359	0.00781	0.00519	0.00515	0.00166	0.00649	0.00475	0.00314	0.00665
21	0.00993	0.00937	0.01583	0.74418	0.09659	0.01146	0.01437	0.01332	0.01038	0.01341	0.00916	0.01360	0.00694	0.00508	0.00513	0.00169	0.00678	0.00456	0.00230	0.00590

[dist]
# distance from previous block
# <min> <max>
0	2

[block]
# block no. 3 follows, 48 sequences, length 52
# corresponding to MSA columns:
# 245-253,256-298
name=unknown_D
#
# <colnr> <probs for GDERKNQSTAVLIFYWHMCP>
#	G	D	E	R	K	N	Q	S	T	A	V	L	I	F	Y	W	H	M	C	P
0	0.01510	0.01167	0.01491	0.01191	0.01528	0.04930	0.12671	0.21858	0.18772	0.12276	0.09343	0.03811	0.01542	0.00834	0.04496	0.00197	0.00577	0.00589	0.00472	0.00746
1	0.01260	0.01209	0.02065	0.05707	0.76286	0.01217	0.01570	0.01566	0.01164	0.01664	0.00963	0.01273	0.00809	0.00459	0.00508	0.00153	0.00612	0.00457	0.00253	0.00805
2	0.00867	0.00746	0.03523	0.03495	0.01091	0.00827	0.00748	0.01156	0.06155	0.01448	0.10130	0.02019	0.01579	0.02337	0.40809	0.00503	0.13148	0.00564	0.08336	0.00516
3	0.01903	0.01824	0.01487	0.01230	0.01576	0.32879	0.00974	0.43373	0.05786	0.02389	0.01099	0.01143	0.00823	0.00585	0.00493	0.00146	0.00701	0.00415	0.00414	0.00759
4	0.00625	0.00447	0.00595	0.00714	0.00744	0.00417	0.00476	0.00714	0.00982	0.01310	0.02828	0.81633	0.03394	0.01608	0.00655	0.00208	0.00298	0.01459	0.00476	0.00417
5	0.01917	0.02445	0.01454	0.01322	0.01586	0.79907	0.00991	0.02049	0.01454	0.01256	0.00793	0.00925	0.00661	0.00529	0.00463	0.00132	0.00925	0.00330	0.00264	0.00595
6	0.01513	0.01741	0.31833	0.03271	0.03837	0.01179	0.09327	0.15042	0.05930	0.19266	0.01304	0.01350	0.00900	0.00549	0.00514	0.00162	0.00638	0.00464	0.00386	0.00797
7	0.00689	0.00513	0.00643	0.00665	0.00767	0.00476	0.00481	0.00892	0.03282	0.01686	0.37456	0.31061	0.15748	0.01279	0.00622	0.00181	0.00272	0.02306	0.00518	0.00461
8	0.01968	0.01409	0.01522	0.01167	0.01577	0.01549	0.00964	0.73303	0.02365	0.07053	0.01272	0.01258	0.00893	0.00617	0.00513	0.00154	0.00558	0.00465	0.00519	0.00873
9	0.01045	0.00986	0.01467	0.01334	0.03425	0.01251	0.06417	0.01222	0.00944	0.01365	0.01314	0.02532	0.01362	0.01008	0.01286	0.00222	0.49257	0.22711	0.00301	0.00551
10	0.05667	0.59399	0.02290	0.00960	0.01353	0.16946	0.00881	0.01684	0.04388	0.01311	0.00787	0.00890	0.00693	0.00469	0.00363	0.00119	0.00608	0.00298	0.00246	0.00648
11	0.01770	0.01173	0.01302	0.01052	0.01409	0.01269	0.00851	0.34741	0.25933	0.18822	0.01687	0.01584	0.01194	0.00644	0.00510	0.00160	0.00474	0.00511	0.04075	0.00837
12	0.02250	0.00885	0.01189	0.00920	0.01311	0.00780	0.00757	0.02512	0.05313	0.75248	0.02028	0.01755	0.01285	0.00638	0.00516	0.00160	0.00435	0.00519	0.00629	0.00870
13	0.00743	0.00563	0.00612	0.00595	0.00775	0.00493	0.00457	0.00941	0.03926	0.05515	0.13131	0.04584	0.59596	0.01221	0.00604	0.00174	0.00283	0.04814	0.00496	0.00477
14	0.47707	0.05173	0.07969	0.02720	0.03390	0.11201	0.00846	0.07067	0.01114	0.04820	0.00837	0.00961	0.00644	0.00512	0.00427	0.00155	0.03186	0.00329	0.00316	0.00625
15	0.00625	0.00447	0.00595	0.00714	0.00744	0.00417	0.00476	0.00714	0.00982	0.01310	0.02828	0.81633	0.03394	0.01608	0.00655	0.00208	0.00298	0.01459	0.00476	0.00417
16	0.00704	0.00554	0.00606	0.00591	0.00757	0.00492	0.00443	0.00923	0.05047	0.03269	0.20716	0.07973	0.53665	0.01215	0.00602	0.00172	0.00269	0.01029	0.00501	0.00472
17	0.01181	0.01196	0.02154	0.27349	0.19739	0.02493	0.27480	0.03769	0.05031	0.01603	0.01030	0.01364	0.00795	0.00492	0.00564	0.00168	0.02124	0.00512	0.00268	0.00687
18	0.03333	0.02258	0.01413	0.13936	0.19155	0.00981	0.05310	0.04464	0.02561	0.04821	0.03935	0.11894	0.01440	0.06153	0.10539	0.00274	0.04368	0.02226	0.00331	0.00609
19	0.01919	0.00869	0.01121	0.00901	0.01242	0.00809	0.00729	0.04265	0.12235	0.55174	0.11543	0.03585	0.01787	0.00714	0.00531	0.00162	0.00409	0.00593	0.00604	0.00807
20	0.00759	0.00581	0.00805	0.00902	0.06691	0.00531	0.03433	0.00901	0.01101	0.04313	0.07403	0.44069	0.23916	0.01324	0.00621	0.00189	0.00334	0.01183	0.00462	0.00482
21	0.01398	0.38070	0.21223	0.03850	0.05340	0.07111	0.03184	0.07033	0.01213	0.05907	0.00908	0.01030	0.00718	0.00484	0.00423	0.00136	0.00637	0.00354	0.00269	0.00711
22	0.03399	0.05535	0.06211	0.06282	0.05219	0.04483	0.08430	0.17695	0.01481	0.22654	0.01511	0.09658	0.01214	0.00680	0.00520	0.00162	0.00558	0.01826	0.01744	0.00737
23	0.81350	0.01071	0.02772	0.00711	0.01038	0.03118	0.00601	0.01525	0.00893	0.02259	0.00722	0.00842	0.00561	0.00478	0.00325	0.00158	0.00419	0.00282	0.00314	0.00562
24	0.01003	0.00588	0.00764	0.00684	0.00859	0.00529	0.00526	0.01228	0.01433	0.16011	0.58775	0.03541	0.10047	0.00994	0.00589	0.00162	0.00279	0.00865	0.00571	0.00551
25	0.01584	0.01944	0.03772	0.08569	0.09290	0.46827	0.13572	0.01808	0.01307	0.01366	0.00887	0.01154	0.00733	0.02993	0.00581	0.00158	0.02157	0.00415	0.00259	0.00624
26	0.00660	0.00509	0.00603	0.00607	0.00733	0.00452	0.00445	0.00829	0.01254	0.01653	0.35367	0.18159	0.34383	0.01250	0.00615	0.00175	0.00259	0.01085	0.00513	0.00452
27	0.01542	0.02340	0.03401	0.01489	0.16787	0.03029	0.03721	0.07609	0.29889	0.19199	0.02865	0.01728	0.01294	0.00627	0.00520	0.00164	0.00503	0.02021	0.00466	0.00805
28	0.01108	0.02364	0.63086	0.01518	0.02196	0.01221	0.10459	0.03551	0.01127	0.03497	0.00957	0.01139	0.00686	0.00507	0.00558	0.00166	0.04459	0.00414	0.00239	0.00747
29	0.00712	0.00527	0.00667	0.00653	0.00779	0.00483	0.00498	0.00929	0.01366	0.01875	0.57098	0.06611	0.17110	0.01141	0.00616	0.00171	0.00267	0.07485	0.00539	0.00472
30	0.00737	0.00534	0.00747	0.00747	0.00811	0.00599	0.00544	0.00866	0.00802	0.01133	0.01446	0.02410	0.01454	0.26812	0.57204	0.00728	0.01117	0.00607	0.00285	0.00415
31	0.00718	0.00523	0.00676	0.00640	0.00762	0.00480	0.00479	0.00952	0.01429	0.02010	0.73403	0.05331	0.08525	0.01072	0.00606	0.00163	0.00244	0.00946	0.00559	0.00480
32	0.01372	0.82276	0.02689	0.00878	0.01317	0.02030	0.00878	0.01536	0.01043	0.01207	0.00713	0.00823	0.00658	0.00439	0.00329	0.00110	0.00549	0.00274	0.00219	0.00658
33	0.01276	0.01102	0.01160	0.01044	0.01334	0.01276	0.00812	0.02727	0.77840	0.02146	0.02088	0.01914	0.01566	0.00696	0.00522	0.00174	0.00406	0.00580	0.00522	0.00812
34	0.00726	0.00524	0.00686	0.00646	0.00767	0.00484	0.00484	0.00968	0.01452	0.02058	0.78496	0.03833	0.04841	0.01049	0.00605	0.00161	0.00242	0.00928	0.00565	0.00484
35	0.85592	0.00992	0.00754	0.00675	0.00992	0.01151	0.00556	0.01508	0.00873	0.02302	0.00714	0.00834	0.00556	0.00476	0.00318	0.00159	0.00397	0.00278	0.00318	0.00556
36	0.01072	0.15728	0.01383	0.03095	0.07181	0.00950	0.00747	0.01291	0.01096	0.01567	0.04975	0.03178	0.05034	0.00562	0.00431	0.00111	0.00428	0.04770	0.00317	0.46084
37	0.01523	0.00885	0.01097	0.00812	0.01232	0.00705	0.00655	0.01733	0.01208	0.30960	0.01353	0.01389	0.00985	0.02849	0.00496	0.00120	0.00405	0.00397	0.00429	0.50764
38	0.01084	0.04922	0.60627	0.01443	0.03510	0.03475	0.05283	0.03610	0.02381	0.01637	0.01075	0.05211	0.00863	0.00565	0.00502	0.00164	0.00719	0.01947	0.00252	0.00729
39	0.01340	0.01256	0.01927	0.02729	0.62664	0.03320	0.01433	0.07508	0.09337	0.01834	0.01099	0.01326	0.00893	0.00496	0.00509	0.00154	0.00593	0.00467	0.00302	0.00812
40	0.00733	0.00550	0.00825	0.00825	0.00916	0.00641	0.00641	0.00916	0.00825	0.01191	0.01374	0.02016	0.01283	0.03848	0.79934	0.00825	0.01374	0.00550	0.00275	0.00458
41	0.01225	0.01474	0.09176	0.02073	0.02609	0.01275	0.68838	0.01664	0.01207	0.03649	0.01054	0.01369	0.00781	0.00442	0.00594	0.00172	0.00845	0.00585	0.00266	0.00702
42	0.01758	0.12024	0.23487	0.01132	0.01627	0.08676	0.02583	0.03637	0.01319	0.36668	0.01390	0.01344	0.00940	0.00554	0.00480	0.00151	0.00600	0.00429	0.00418	0.00783
43	0.01180	0.01115	0.01892	0.12851	0.61617	0.01153	0.01465	0.01477	0.01117	0.01583	0.00998	0.01355	0.00842	0.00792	0.08185	0.00220	0.00693	0.00466	0.00253	0.00747
44	0.00625	0.00447	0.00595	0.00714	0.00744	0.00417	0.00476	0.00714	0.00982	0.01310	0.02828	0.81633	0.03394	0.01608	0.00655	0.00208	0.00298	0.01459	0.00476	0.00417
45	0.01423	0.01426	0.10678	0.03710	0.23946	0.01285	0.18578	0.22318	0.01511	0.04994	0.01163	0.04496	0.00921	0.00552	0.00536	0.00162	0.00655	0.00526	0.00345	0.00777
46	0.11951	0.04615	0.19279	0.04236	0.11459	0.02970	0.15125	0.12303	0.01325	0.10344	0.01075	0.01220	0.00782	0.00506	0.00492	0.00159	0.00645	0.00442	0.00331	0.00743
47	0.00787	0.00622	0.00821	0.13322	0.01248	0.00619	0.01876	0.02353	0.01135	0.04358	0.07148	0.24962	0.34434	0.01185	0.00627	0.00182	0.02374	0.01022	0.00438	0.00485
48	0.00742	0.00496	0.00561	0.00565	0.00567	0.00494	0.00317	0.00745	0.00755	0.01007	0.01662	0.06315	0.01923	0.78932	0.02538	0.00487	0.00490	0.00773	0.00317	0.00315
49	0.01079	0.04964	0.01145	0.00766	0.01221	0.00751	0.00621	0.01304	0.01063	0.01649	0.00902	0.01052	0.00755	0.00383	0.00377	0.00078	0.00388	0.00303	0.00300	0.80899
50	0.26842	0.13440	0.23040	0.01192	0.03883	0.11788	0.05243	0.06161	0.01152	0.01819	0.00838	0.00980	0.00649	0.00486	0.00419	0.00149	0.00631	0.00347	0.00275	0.00666
51	0.00667	0.00519	0.00628	0.00634	0.00749	0.00473	0.01929	0.00797	0.01088	0.01403	0.12241	0.21971	0.36170	0.10786	0.05772	0.00257	0.00375	0.01059	0.02054	0.00429

[dist]
# distance from previous block
# <min> <max>
0	1

[block]
# block no. 4 follows, 48 sequences, length 36
# corresponding to MSA columns:
# 300-326,331-339
name=unknown_E
#
# <colnr> <probs for GDERKNQSTAVLIFYWHMCP>
#	G	D	E	R	K	N	Q	S	T	A	V	L	I	F	Y	W	H	M	C	P
0	0.03045	0.08002	0.18819	0.02318	0.45027	0.01287	0.02949	0.05691	0.03481	0.01745	0.02296	0.01247	0.00853	0.00488	0.00489	0.00153	0.00623	0.00437	0.00272	0.00778
1	0.00657	0.00521	0.00586	0.00570	0.00718	0.00455	0.00424	0.00827	0.01267	0.01636	0.33661	0.04461	0.47587	0.03559	0.00665	0.00178	0.00260	0.01013	0.00506	0.00449
2	0.01184	0.01015	0.01147	0.01127	0.06728	0.01141	0.00812	0.02353	0.59713	0.02098	0.14705	0.02187	0.02057	0.00738	0.00535	0.00170	0.00393	0.00629	0.00510	0.00758
3	0.00726	0.00524	0.00686	0.00646	0.00767	0.00484	0.00484	0.00968	0.01452	0.02058	0.78496	0.03833	0.04841	0.01049	0.00605	0.00161	0.00242	0.00928	0.00565	0.00484
4	0.01641	0.01073	0.03641	0.12129	0.11579	0.01075	0.01006	0.10879	0.17465	0.28268	0.01612	0.01596	0.01131	0.00600	0.00508	0.00161	0.00503	0.00502	0.03837	0.00792
5	0.01364	0.01084	0.01602	0.01970	0.39191	0.01001	0.01118	0.05429	0.01234	0.11416	0.01093	0.01258	0.00855	0.00462	0.00466	0.00128	0.00509	0.00413	0.00331	0.29075
6	0.01270	0.01219	0.02083	0.03149	0.78767	0.01219	0.01575	0.01575	0.01168	0.01676	0.00965	0.01270	0.00813	0.00457	0.00508	0.00152	0.00610	0.00457	0.00254	0.00813
7	0.02302	0.00873	0.01191	0.00913	0.01310	0.00754	0.00754	0.02501	0.01469	0.79122	0.02024	0.01746	0.01270	0.00635	0.00516	0.00159	0.00437	0.00516	0.00635	0.00873
8	0.01372	0.82276	0.02689	0.00878	0.01317	0.02030	0.00878	0.01536	0.01043	0.01207	0.00713	0.00823	0.00658	0.00439	0.00329	0.00110	0.00549	0.00274	0.00219	0.00658
9	0.02073	0.01241	0.01418	0.01087	0.01493	0.01300	0.00898	0.51083	0.02084	0.29671	0.01508	0.01411	0.01011	0.00623	0.00514	0.00156	0.00520	0.00481	0.00556	0.00873
10	0.00935	0.00785	0.01034	0.01255	0.15360	0.00818	0.00775	0.01465	0.23595	0.01626	0.02356	0.40435	0.05230	0.01115	0.00587	0.00187	0.00386	0.01001	0.00449	0.00607
11	0.00741	0.00519	0.00671	0.00671	0.00709	0.00558	0.00449	0.00817	0.00779	0.01077	0.01515	0.02795	0.01621	0.49218	0.35027	0.00635	0.00865	0.00664	0.00296	0.00373
12	0.01104	0.00920	0.01099	0.00838	0.03615	0.00702	0.00642	0.01334	0.01078	0.03785	0.00944	0.01089	0.00776	0.00389	0.00388	0.00081	0.00389	0.00315	0.00311	0.80201
13	0.00717	0.00527	0.00586	0.00566	0.00724	0.00461	0.00426	0.00892	0.01258	0.03668	0.27648	0.04262	0.47227	0.01146	0.00583	0.00165	0.00257	0.00970	0.07452	0.00464
14	0.00726	0.00524	0.00686	0.00646	0.00767	0.00484	0.00484	0.00968	0.01452	0.02058	0.78496	0.03833	0.04841	0.01049	0.00605	0.00161	0.00242	0.00928	0.00565	0.00484
15	0.01951	0.01437	0.01540	0.01181	0.01591	0.01591	0.00975	0.77056	0.02412	0.03234	0.01232	0.01232	0.00873	0.00616	0.00513	0.00154	0.00565	0.00462	0.00513	0.00873
16	0.04764	0.00867	0.01164	0.00901	0.01287	0.00758	0.00742	0.02428	0.01439	0.74970	0.02004	0.03612	0.01299	0.00653	0.00513	0.00160	0.00432	0.00531	0.00622	0.00853
17	0.02302	0.00873	0.01191	0.00913	0.01310	0.00754	0.00754	0.02501	0.01469	0.79122	0.02024	0.01746	0.01270	0.00635	0.00516	0.00159	0.00437	0.00516	0.00635	0.00873
18	0.01951	0.01437	0.01540	0.01181	0.01591	0.01591	0.00975	0.77056	0.02412	0.03234	0.01232	0.01232	0.00873	0.00616	0.00513	0.00154	0.00565	0.00462	0.00513	0.00873
19	0.00618	0.00520	0.00536	0.00532	0.00700	0.00438	0.00399	0.00759	0.01197	0.01451	0.12333	0.04830	0.71382	0.01275	0.00606	0.00172	0.00258	0.01068	0.00485	0.00438
20	0.00960	0.00488	0.00499	0.00493	0.00617	0.00482	0.00369	0.01190	0.01090	0.03259	0.03879	0.02081	0.03713	0.02242	0.00420	0.00130	0.00248	0.00514	0.76843	0.00481
21	0.02302	0.00873	0.01191	0.00913	0.01310	0.00754	0.00754	0.02501	0.01469	0.79122	0.02024	0.01746	0.01270	0.00635	0.00516	0.00159	0.00437	0.00516	0.00635	0.00873
22	0.01270	0.01219	0.02083	0.03149	0.78767	0.01219	0.01575	0.01575	0.01168	0.01676	0.00965	0.01270	0.00813	0.00457	0.00508	0.00152	0.00610	0.00457	0.00254	0.00813
23	0.08987	0.00570	0.00693	0.00648	0.00789	0.00549	0.00491	0.01021	0.01396	0.02081	0.70924	0.03541	0.04424	0.00993	0.00577	0.00161	0.00257	0.00865	0.00541	0.00491
24	0.01748	0.00996	0.01164	0.00953	0.01286	0.01024	0.00767	0.17004	0.22702	0.32544	0.04176	0.03137	0.03346	0.00690	0.00514	0.00161	0.00428	0.00562	0.05998	0.00801
25	0.00984	0.00932	0.01542	0.73006	0.03321	0.01182	0.01396	0.01304	0.01003	0.01304	0.00889	0.01344	0.00683	0.00550	0.00627	0.00176	0.08505	0.00455	0.00228	0.00569
26	0.01299	0.74310	0.02485	0.00862	0.01261	0.01873	0.00839	0.01456	0.01037	0.01217	0.00919	0.08690	0.00925	0.00553	0.00361	0.00119	0.00524	0.00390	0.00244	0.00635
27	0.01044	0.00952	0.01521	0.23514	0.10731	0.01124	0.07141	0.01307	0.02194	0.03398	0.11109	0.03128	0.01386	0.03231	0.04974	0.00225	0.21570	0.00562	0.00300	0.00589
28	0.01844	0.00798	0.01048	0.00838	0.01158	0.00715	0.00679	0.05551	0.01482	0.53544	0.18144	0.02253	0.04023	0.00737	0.00529	0.00158	0.00387	0.00613	0.04740	0.00760
29	0.00675	0.00502	0.00630	0.00667	0.00759	0.00465	0.00474	0.00859	0.03099	0.01610	0.30237	0.39585	0.15868	0.01336	0.00626	0.00185	0.00274	0.01187	0.00509	0.00453
30	0.03686	0.01143	0.01849	0.07661	0.51735	0.01186	0.04821	0.06353	0.05028	0.01744	0.01071	0.01371	0.00882	0.00812	0.08240	0.00221	0.00681	0.00474	0.00286	0.00753
31	0.09310	0.02691	0.05435	0.02429	0.04076	0.15604	0.00866	0.14315	0.08937	0.10585	0.16052	0.04409	0.01737	0.00695	0.00504	0.00156	0.00529	0.00552	0.00437	0.00680
32	0.00918	0.00539	0.00895	0.00810	0.00861	0.00530	0.07884	0.00766	0.00724	0.00968	0.00930	0.01602	0.00913	0.04305	0.01889	0.74008	0.00488	0.00471	0.00229	0.00271
33	0.03117	0.02527	0.03784	0.08315	0.25565	0.03584	0.17340	0.14265	0.06495	0.01921	0.03528	0.01489	0.03214	0.00552	0.00548	0.00161	0.02011	0.00518	0.00330	0.00737
34	0.00809	0.00554	0.00619	0.00607	0.00640	0.00571	0.00365	0.00951	0.08259	0.01134	0.01642	0.03114	0.01788	0.68884	0.02315	0.03067	0.00478	0.00712	0.03126	0.00363
35	0.02861	0.00929	0.02990	0.17718	0.05293	0.00963	0.05786	0.02493	0.06649	0.06140	0.11211	0.06790	0.06687	0.02180	0.00696	0.00172	0.09563	0.00622	0.00365	0.09894

[dist]
# distance from previous block
# <min> <max>
4	17

[block]
# block no. 5 follows, 48 sequences, length 19
# corresponding to MSA columns:
# 361-379
name=unknown_F
#
# <colnr> <probs for GDERKNQSTAVLIFYWHMCP>
#	G	D	E	R	K	N	Q	S	T	A	V	L	I	F	Y	W	H	M	C	P
0	0.23804	0.19001	0.11356	0.01175	0.07610	0.03297	0.02300	0.11575	0.02487	0.04295	0.02229	0.01100	0.00793	0.00603	0.02275	0.00166	0.04567	0.00374	0.00314	0.00680
1	0.03528	0.05380	0.07344	0.03454	0.07769	0.03705	0.00940	0.08083	0.27814	0.10555	0.03615	0.07193	0.02857	0.02127	0.00555	0.00173	0.00489	0.03250	0.00442	0.00729
2	0.05719	0.26506	0.10756	0.01356	0.11082	0.04861	0.01114	0.11506	0.01215	0.01672	0.02609	0.01096	0.00800	0.00575	0.00659	0.00153	0.15629	0.00384	0.00280	0.02027
3	0.00731	0.00527	0.00721	0.00738	0.00790	0.00574	0.00526	0.00829	0.00834	0.01156	0.01750	0.17251	0.03533	0.22310	0.38433	0.04854	0.02945	0.00772	0.00322	0.00405
4	0.69723	0.00905	0.00741	0.00669	0.00950	0.01026	0.00542	0.01407	0.00982	0.02256	0.15259	0.01394	0.01357	0.00583	0.00371	0.00159	0.00368	0.00399	0.00364	0.00542
5	0.01933	0.01251	0.01386	0.01072	0.01455	0.01341	0.00882	0.56752	0.02124	0.17313	0.01417	0.01385	0.00984	0.00618	0.00501	0.00152	0.00513	0.00473	0.07607	0.00840
6	0.69701	0.00904	0.00710	0.00646	0.00936	0.01017	0.00525	0.01364	0.00929	0.02131	0.01553	0.01601	0.15141	0.00630	0.00372	0.00161	0.00371	0.00428	0.00347	0.00533
7	0.00733	0.00550	0.00825	0.00825	0.00916	0.00641	0.00641	0.00916	0.00825	0.01191	0.01374	0.02016	0.01283	0.03848	0.79934	0.00825	0.01374	0.00550	0.00275	0.00458
8	0.01115	0.00958	0.01087	0.00829	0.01245	0.00828	0.00658	0.01640	0.19682	0.01787	0.01197	0.01270	0.00956	0.00457	0.00414	0.00100	0.00386	0.00371	0.00357	0.64663
9	0.21873	0.01677	0.01578	0.01282	0.01634	0.31439	0.15066	0.11973	0.01399	0.06111	0.00947	0.01075	0.00720	0.00516	0.00464	0.00151	0.00712	0.00397	0.00330	0.00656
10	0.24507	0.59947	0.02157	0.00822	0.01228	0.01789	0.00789	0.01529	0.00996	0.01508	0.00714	0.00826	0.00630	0.00449	0.00326	0.00123	0.00507	0.00275	0.00246	0.00630
11	0.01136	0.01125	0.07963	0.00902	0.01343	0.00896	0.00780	0.03700	0.19720	0.01825	0.01207	0.01276	0.00949	0.00472	0.00427	0.00109	0.00424	0.00382	0.00355	0.55007
12	0.01160	0.02440	0.06231	0.01406	0.16028	0.03929	0.00990	0.01498	0.07752	0.07020	0.15303	0.05332	0.02970	0.00762	0.00743	0.00167	0.15529	0.02307	0.00374	0.08059
13	0.08550	0.00970	0.01019	0.00950	0.01194	0.01105	0.00727	0.02243	0.56717	0.02004	0.02106	0.16726	0.01819	0.00847	0.00529	0.00179	0.00385	0.00718	0.00496	0.00716
14	0.01123	0.01042	0.01691	0.03957	0.47537	0.01045	0.05107	0.01514	0.07946	0.01763	0.15798	0.02017	0.05944	0.00635	0.00538	0.00159	0.00518	0.00598	0.00348	0.00719
15	0.01585	0.02431	0.05188	0.14049	0.23413	0.08988	0.04815	0.05165	0.02601	0.23328	0.02602	0.01428	0.00979	0.00544	0.00510	0.00156	0.00611	0.00472	0.00377	0.00757
16	0.00796	0.00519	0.00686	0.07633	0.00896	0.00525	0.00483	0.00767	0.00821	0.01060	0.01937	0.02751	0.15711	0.26877	0.03511	0.33272	0.00468	0.00663	0.00300	0.00325
17	0.00818	0.00522	0.00720	0.00782	0.00867	0.00510	0.00576	0.00953	0.01021	0.08142	0.02472	0.50091	0.02757	0.01917	0.15474	0.00323	0.00533	0.10600	0.00452	0.00472
18	0.04474	0.01185	0.01432	0.06921	0.07758	0.03479	0.04691	0.27612	0.18411	0.08650	0.01527	0.05698	0.01217	0.02012	0.00558	0.00171	0.00533	0.02457	0.00452	0.00762

[dist]
# distance from previous block
# <min> <max>
0	7

[block]
# block no. 6 follows, 48 sequences, length 6
# corresponding to MSA columns:
# 387-392
name=unknown_G
#
# <colnr> <probs for GDERKNQSTAVLIFYWHMCP>
#	G	D	E	R	K	N	Q	S	T	A	V	L	I	F	Y	W	H	M	C	P
0	0.12738	0.01307	0.02734	0.01013	0.01297	0.18839	0.03352	0.08300	0.04595	0.01745	0.03792	0.01547	0.03336	0.02935	0.07059	0.00208	0.05843	0.02257	0.02255	0.14848
1	0.00780	0.00599	0.00759	0.02525	0.00926	0.00597	0.02240	0.01102	0.10622	0.01609	0.18036	0.28541	0.13252	0.04615	0.02967	0.00215	0.00361	0.04783	0.04977	0.00494
2	0.01392	0.49374	0.11382	0.01080	0.01473	0.15009	0.01047	0.01596	0.01085	0.01268	0.00746	0.00908	0.00660	0.00517	0.00538	0.00134	0.10598	0.00318	0.00227	0.00647
3	0.01217	0.00929	0.03145	0.03040	0.04329	0.03398	0.02500	0.01426	0.01132	0.14622	0.01525	0.17691	0.01422	0.00723	0.00515	0.00136	0.02258	0.02247	0.00388	0.37359
4	0.00741	0.00582	0.00798	0.14141	0.01221	0.00581	0.00629	0.00971	0.01298	0.01770	0.48268	0.10674	0.14301	0.01045	0.00594	0.00169	0.00324	0.00918	0.00488	0.00485
5	0.00947	0.00659	0.00741	0.00675	0.00759	0.00680	0.00444	0.13643	0.01115	0.01504	0.11068	0.03058	0.02066	0.58232	0.02009	0.00398	0.00477	0.00721	0.00376	0.00427

[dist]
# distance from previous block
# <min> <max>
0	4

[block]
# block no. 7 follows, 48 sequences, length 18
# corresponding to MSA columns:
# 397-414
name=unknown_H
#
# <colnr> <probs for GDERKNQSTAVLIFYWHMCP>
#	G	D	E	R	K	N	Q	S	T	A	V	L	I	F	Y	W	H	M	C	P
0	0.85592	0.00992	0.00754	0.00675	0.00992	0.01151	0.00556	0.01508	0.00873	0.02302	0.00714	0.00834	0.00556	0.00476	0.00318	0.00159	0.00397	0.00278	0.00318	0.00556
1	0.00817	0.00602	0.00727	0.00703	0.00787	0.00639	0.00487	0.01114	0.12192	0.01406	0.16211	0.02954	0.02263	0.38302	0.18174	0.00455	0.00620	0.00715	0.00382	0.00448
2	0.01120	0.00971	0.01164	0.00868	0.01255	0.00862	0.00703	0.05307	0.01095	0.01691	0.00894	0.01081	0.00753	0.00468	0.00578	0.00102	0.12206	0.00334	0.00303	0.68245
3	0.01289	0.01179	0.01973	0.10171	0.02087	0.01224	0.31334	0.22054	0.03009	0.01983	0.01381	0.14548	0.01237	0.00705	0.00612	0.00175	0.03307	0.00685	0.00365	0.00681
4	0.00923	0.00663	0.00769	0.00746	0.00856	0.00674	0.00525	0.15222	0.01221	0.01622	0.05568	0.31108	0.07798	0.26104	0.01227	0.00283	0.00410	0.03368	0.00436	0.00476
5	0.00796	0.00623	0.00868	0.15847	0.01316	0.00643	0.00677	0.01109	0.04654	0.01920	0.60502	0.03283	0.03912	0.00932	0.00584	0.00164	0.00333	0.00824	0.00499	0.00515
6	0.00934	0.00855	0.01300	0.53819	0.02678	0.00950	0.01118	0.01223	0.01054	0.01390	0.01540	0.01833	0.12108	0.00603	0.00501	0.00153	0.00564	0.00519	0.00279	0.16577
7	0.00724	0.00498	0.00614	0.00640	0.00663	0.00506	0.00407	0.00775	0.00816	0.01101	0.01846	0.18080	0.02105	0.52705	0.13508	0.00482	0.00587	0.03242	0.00342	0.00358
8	0.04593	0.01184	0.01277	0.01054	0.01372	0.01307	0.00842	0.48989	0.13137	0.02676	0.01642	0.16561	0.01441	0.00811	0.00534	0.00167	0.00485	0.00662	0.00501	0.00766
9	0.00888	0.00583	0.01000	0.00896	0.00978	0.00565	0.11653	0.00820	0.00807	0.01081	0.01280	0.16716	0.01349	0.01552	0.01544	0.56543	0.00479	0.00661	0.00276	0.00328
10	0.13987	0.01174	0.01223	0.03390	0.01374	0.01302	0.00811	0.49303	0.01891	0.02788	0.01230	0.01307	0.00904	0.00589	0.00455	0.00149	0.00482	0.00438	0.16460	0.00742
11	0.01216	0.00984	0.01031	0.00937	0.01195	0.01125	0.00726	0.02436	0.63285	0.02102	0.02010	0.01914	0.01519	0.00677	0.00491	0.00164	0.00374	0.00561	0.16504	0.00749
12	0.01709	0.00880	0.01331	0.01057	0.01387	0.00809	0.11853	0.04699	0.04331	0.43894	0.03351	0.16869	0.01662	0.00798	0.00553	0.00170	0.00468	0.00715	0.02725	0.00741
13	0.04090	0.06745	0.15084	0.01243	0.03085	0.01107	0.14161	0.13937	0.01311	0.04364	0.01286	0.12957	0.01153	0.00644	0.00501	0.00149	0.00566	0.00572	0.00346	0.16699
14	0.17230	0.04663	0.02835	0.01362	0.15745	0.10344	0.04679	0.04052	0.09652	0.02798	0.16152	0.02777	0.04332	0.00658	0.00489	0.00156	0.00507	0.00545	0.00378	0.00646
15	0.01354	0.00691	0.00906	0.00783	0.01041	0.00602	0.02933	0.01524	0.01276	0.34137	0.03317	0.12373	0.30592	0.01035	0.00580	0.00175	0.00370	0.05148	0.00536	0.00627
16	0.00906	0.00836	0.00817	0.00815	0.00969	0.12122	0.00589	0.01035	0.01082	0.01383	0.02241	0.48698	0.05000	0.01198	0.00575	0.00172	0.00411	0.04234	0.00412	0.16502
17	0.03478	0.26507	0.19322	0.01234	0.06693	0.01299	0.07943	0.02617	0.01201	0.07660	0.15663	0.01611	0.01519	0.00585	0.00471	0.00146	0.00558	0.00486	0.00329	0.00678

[dist]
# distance from previous block
# <min> <max>
1	15

[block]
# block no. 8 follows, 48 sequences, length 9
# corresponding to MSA columns:
# 433-441
name=unknown_I
#
# <colnr> <probs for GDERKNQSTAVLIFYWHMCP>
#	G	D	E	R	K	N	Q	S	T	A	V	L	I	F	Y	W	H	M	C	P
0	0.11381	0.00862	0.01091	0.00887	0.01211	0.00825	0.00719	0.02136	0.05038	0.53812	0.04567	0.08373	0.01479	0.00728	0.00564	0.00167	0.04250	0.00582	0.00559	0.00768
1	0.00931	0.00713	0.04933	0.07729	0.01166	0.00650	0.00701	0.01158	0.01198	0.09680	0.32322	0.13493	0.02899	0.02953	0.12467	0.00274	0.02721	0.00803	0.02676	0.00532
2	0.10549	0.09563	0.08250	0.03962	0.05849	0.03048	0.00896	0.03425	0.03640	0.13531	0.01177	0.04465	0.00950	0.00714	0.04352	0.00171	0.03977	0.00430	0.00347	0.20702
3	0.00779	0.00578	0.00710	0.00684	0.00826	0.00556	0.00527	0.01111	0.08016	0.01925	0.51986	0.03898	0.13548	0.01063	0.00596	0.00169	0.00280	0.07795	0.04447	0.00505
4	0.01205	0.12474	0.23889	0.07012	0.07209	0.02813	0.06938	0.09813	0.04771	0.01684	0.01197	0.03221	0.03199	0.00694	0.02558	0.00180	0.07716	0.02441	0.00294	0.00693
5	0.00835	0.00546	0.03467	0.00666	0.00718	0.00483	0.00475	0.00747	0.00806	0.01077	0.08114	0.02305	0.07871	0.14203	0.01807	0.54280	0.00432	0.00586	0.00287	0.00296
6	0.03131	0.21332	0.33800	0.08120	0.01891	0.01426	0.01350	0.06054	0.04779	0.02934	0.00937	0.01102	0.00726	0.00529	0.00548	0.00153	0.07358	0.00379	0.00263	0.03189
7	0.08282	0.32874	0.19689	0.01010	0.01426	0.01409	0.01036	0.04501	0.01092	0.05797	0.01150	0.11864	0.01071	0.00716	0.02007	0.00163	0.04470	0.00493	0.00298	0.00652
