[name]
unknown

[dist]
# distance from previous block
# <min> <max>
4	34

[block]
# block no. 0 follows, 47 sequences, length 13
# corresponding to MSA columns:
# 41-53
name=unknown_A
#
# <colnr> <probs for GDERKNQSTAVLIFYWHMCP>
#	G	D	E	R	K	N	Q	S	T	A	V	L	I	F	Y	W	H	M	C	P
0	0.03893	0.00677	0.00788	0.00719	0.00905	0.00651	0.00548	0.09712	0.01400	0.08890	0.27814	0.11469	0.22175	0.05648	0.00708	0.00191	0.00336	0.02414	0.00517	0.00545
1	0.06776	0.00983	0.01197	0.01119	0.07445	0.00997	0.02868	0.12750	0.16678	0.09986	0.07710	0.06565	0.06493	0.00762	0.00526	0.00161	0.00440	0.04511	0.00464	0.11567
2	0.01110	0.01051	0.01648	0.61716	0.15516	0.03749	0.01435	0.04899	0.01144	0.01479	0.00945	0.01351	0.00723	0.00517	0.00518	0.00168	0.00684	0.00459	0.00250	0.00633
3	0.02728	0.00998	0.04902	0.05275	0.07041	0.00847	0.06094	0.01625	0.04809	0.16629	0.04757	0.04630	0.01409	0.00659	0.00511	0.00147	0.00484	0.08567	0.00405	0.27486
4	0.00862	0.00596	0.00728	0.00702	0.00846	0.00546	0.00510	0.01029	0.02931	0.06238	0.11691	0.19695	0.13610	0.18526	0.03597	0.00267	0.00403	0.06661	0.00442	0.10119
5	0.01120	0.01098	0.01688	0.32518	0.20791	0.06780	0.08881	0.03151	0.01142	0.01488	0.01201	0.10521	0.01089	0.00832	0.05276	0.00210	0.00707	0.00591	0.00282	0.00635
6	0.01538	0.05723	0.03138	0.16828	0.09771	0.28018	0.01125	0.08554	0.15253	0.03349	0.01150	0.01288	0.00890	0.00562	0.00494	0.00154	0.00697	0.00433	0.00335	0.00699
7	0.00826	0.00612	0.00756	0.00709	0.00758	0.00650	0.00476	0.00875	0.00827	0.01156	0.04474	0.05490	0.01757	0.51313	0.07944	0.03642	0.09725	0.00693	0.00315	0.07005
8	0.01911	0.02043	0.01361	0.01221	0.01494	0.59588	0.00923	0.02053	0.01441	0.14851	0.01186	0.07401	0.00997	0.00642	0.00494	0.00145	0.00802	0.00458	0.00351	0.00639
9	0.00806	0.00705	0.06811	0.00716	0.00897	0.00537	0.00589	0.01009	0.01253	0.06284	0.31283	0.19645	0.22577	0.03684	0.00673	0.00187	0.00323	0.01017	0.00501	0.00504
10	0.03397	0.04780	0.55767	0.10426	0.02230	0.01240	0.01661	0.01747	0.10695	0.01685	0.01070	0.01223	0.00778	0.00522	0.00492	0.00166	0.00699	0.00413	0.00263	0.00746
11	0.08459	0.01792	0.05133	0.01267	0.02865	0.34722	0.04490	0.13577	0.01522	0.16428	0.01121	0.01181	0.00821	0.00574	0.00534	0.00152	0.03861	0.00410	0.00379	0.00713
12	0.01138	0.00921	0.01522	0.71347	0.03328	0.01112	0.01368	0.01469	0.01093	0.10197	0.01055	0.01432	0.00762	0.00535	0.00521	0.00172	0.00665	0.00470	0.00279	0.00614

[dist]
# distance from previous block
# <min> <max>
0	3

[block]
# block no. 1 follows, 47 sequences, length 7
# corresponding to MSA columns:
# 57-63
name=unknown_B
#
# <colnr> <probs for GDERKNQSTAVLIFYWHMCP>
#	G	D	E	R	K	N	Q	S	T	A	V	L	I	F	Y	W	H	M	C	P
0	0.01830	0.00878	0.01195	0.11301	0.01568	0.00815	0.00818	0.02129	0.05684	0.49576	0.08386	0.01842	0.01488	0.00641	0.00517	0.00155	0.00451	0.00533	0.00542	0.09650
1	0.01140	0.01219	0.07539	0.01206	0.01378	0.09372	0.06776	0.02701	0.01064	0.04341	0.05723	0.14588	0.03579	0.03939	0.03314	0.00225	0.30316	0.00678	0.00328	0.00573
2	0.04114	0.11633	0.01840	0.40240	0.25925	0.01283	0.01360	0.01502	0.01102	0.04858	0.00958	0.01284	0.00752	0.00498	0.00488	0.00159	0.00632	0.00435	0.00260	0.00678
3	0.00942	0.01229	0.20729	0.12608	0.11721	0.00862	0.01129	0.01276	0.01214	0.03671	0.21929	0.07906	0.11021	0.00822	0.00559	0.00169	0.00502	0.00715	0.00379	0.00617
4	0.00699	0.00556	0.00644	0.00625	0.00789	0.00476	0.00461	0.00863	0.01212	0.01597	0.23086	0.19201	0.36649	0.01216	0.00601	0.00169	0.00279	0.01050	0.00488	0.09338
5	0.12883	0.11364	0.09061	0.01035	0.01425	0.01344	0.00927	0.33745	0.01663	0.08775	0.01362	0.11657	0.01162	0.00704	0.00487	0.00160	0.00521	0.00549	0.00433	0.00743
6	0.01216	0.01312	0.11926	0.15611	0.30962	0.01124	0.07928	0.03940	0.01205	0.04981	0.03531	0.01473	0.00973	0.00521	0.00517	0.00155	0.00625	0.02108	0.00294	0.09599

[dist]
# distance from previous block
# <min> <max>
0	1

[block]
# block no. 2 follows, 47 sequences, length 12
# corresponding to MSA columns:
# 65,66,69-78
name=unknown_C
#
# <colnr> <probs for GDERKNQSTAVLIFYWHMCP>
#	G	D	E	R	K	N	Q	S	T	A	V	L	I	F	Y	W	H	M	C	P
0	0.01341	0.10809	0.32229	0.03420	0.03156	0.03537	0.03075	0.06197	0.01242	0.11723	0.01139	0.01349	0.00866	0.00533	0.00475	0.00145	0.00620	0.03077	0.00321	0.14748
1	0.01247	0.01195	0.02038	0.13810	0.68164	0.01226	0.01577	0.01561	0.01166	0.01650	0.00972	0.01303	0.00807	0.00472	0.00516	0.00157	0.00629	0.00464	0.00254	0.00791
2	0.09488	0.00934	0.01079	0.05851	0.01362	0.00771	0.00665	0.01334	0.01058	0.01737	0.00906	0.01076	0.00746	0.00404	0.00388	0.00092	0.00407	0.00316	0.00305	0.71082
3	0.09649	0.01098	0.03295	0.09868	0.11993	0.03952	0.03107	0.10279	0.13304	0.04461	0.10083	0.08374	0.01596	0.00699	0.00516	0.00162	0.00501	0.00595	0.00404	0.06064
4	0.01266	0.00926	0.01141	0.00874	0.01262	0.00799	0.03014	0.07435	0.05795	0.11221	0.11838	0.01757	0.01523	0.00579	0.00469	0.00119	0.00407	0.02527	0.00419	0.46627
5	0.02336	0.00886	0.01209	0.00927	0.01329	0.00765	0.00765	0.02538	0.01491	0.78810	0.02055	0.01773	0.01289	0.00645	0.00524	0.00161	0.00443	0.00524	0.00645	0.00886
6	0.01140	0.00961	0.01112	0.00800	0.01260	0.00756	0.00642	0.06354	0.01171	0.01803	0.00947	0.01091	0.00779	0.00402	0.00395	0.00082	0.00398	0.00319	0.00323	0.79264
7	0.01137	0.01227	0.10589	0.30859	0.21299	0.01170	0.03552	0.03357	0.08476	0.02826	0.01187	0.03928	0.00976	0.00616	0.00591	0.01518	0.03110	0.02602	0.00294	0.00687
8	0.09410	0.00913	0.01207	0.01074	0.01126	0.01199	0.00862	0.01143	0.00809	0.01318	0.00973	0.01622	0.00973	0.12895	0.18220	0.00389	0.44592	0.00503	0.00260	0.00511
9	0.01114	0.02966	0.16360	0.07601	0.07779	0.03797	0.02755	0.01430	0.01137	0.03065	0.05928	0.03292	0.01082	0.00511	0.00459	0.00124	0.00529	0.00429	0.00304	0.39338
10	0.03097	0.01395	0.09183	0.01197	0.03102	0.01322	0.03771	0.36946	0.15246	0.06959	0.03915	0.01458	0.01123	0.00608	0.00511	0.00155	0.00538	0.00488	0.00464	0.08523
11	0.01435	0.07980	0.06671	0.01363	0.11932	0.10241	0.01012	0.08820	0.21536	0.07947	0.07495	0.01622	0.01360	0.00712	0.02558	0.00174	0.02861	0.00502	0.00406	0.03372

[dist]
# distance from previous block
# <min> <max>
8	23

[block]
# block no. 3 follows, 47 sequences, length 25
# corresponding to MSA columns:
# 104-128
name=unknown_D
#
# <colnr> <probs for GDERKNQSTAVLIFYWHMCP>
#	G	D	E	R	K	N	Q	S	T	A	V	L	I	F	Y	W	H	M	C	P
0	0.04419	0.00926	0.01246	0.04308	0.01373	0.02529	0.11025	0.12923	0.03459	0.06150	0.07962	0.14736	0.20351	0.00962	0.00643	0.00178	0.04939	0.00827	0.00441	0.00602
1	0.01294	0.05790	0.01420	0.02736	0.08557	0.07783	0.04605	0.07992	0.12576	0.07302	0.03703	0.12299	0.01559	0.01068	0.06776	0.00228	0.08274	0.04979	0.00397	0.00661
2	0.03194	0.05904	0.06279	0.15284	0.28524	0.02605	0.04356	0.06681	0.03734	0.02998	0.10804	0.03555	0.01420	0.00616	0.00523	0.00161	0.00579	0.01747	0.00333	0.00704
3	0.01229	0.01313	0.07584	0.06428	0.61555	0.01209	0.06779	0.01564	0.01176	0.01668	0.01133	0.01421	0.03580	0.00498	0.00525	0.00158	0.00638	0.00492	0.00262	0.00787
4	0.01547	0.39658	0.02086	0.01107	0.01455	0.26425	0.03274	0.05308	0.01234	0.01362	0.00796	0.00959	0.00696	0.00557	0.00541	0.03021	0.05724	0.00334	0.00256	0.03658
5	0.01337	0.18378	0.24270	0.01308	0.06184	0.06249	0.03892	0.10869	0.05694	0.03318	0.03465	0.02398	0.00954	0.00546	0.00487	0.00145	0.01861	0.00425	0.00313	0.07906
6	0.04733	0.08205	0.13444	0.04694	0.07982	0.02225	0.10387	0.07104	0.01278	0.06079	0.10862	0.04658	0.01445	0.00619	0.00505	0.00150	0.00559	0.02052	0.00353	0.12667
7	0.00674	0.00495	0.00678	0.06403	0.00947	0.00491	0.00543	0.00779	0.00973	0.01296	0.02568	0.65794	0.03032	0.08839	0.03665	0.00258	0.00388	0.01310	0.00443	0.00426
8	0.02776	0.22954	0.01528	0.00973	0.01187	0.07421	0.03437	0.06604	0.01149	0.01479	0.04464	0.27874	0.01809	0.02589	0.02307	0.00191	0.09569	0.00768	0.00354	0.00567
9	0.04196	0.17645	0.13293	0.01272	0.05099	0.09135	0.03304	0.23278	0.07073	0.03123	0.03658	0.01250	0.00956	0.00577	0.00524	0.00152	0.03930	0.00428	0.00358	0.00749
10	0.00990	0.00944	0.01296	0.45876	0.05644	0.08030	0.01124	0.01240	0.01060	0.01325	0.01397	0.17828	0.01378	0.04869	0.03282	0.00216	0.00643	0.02020	0.00297	0.00541
11	0.00682	0.00501	0.00645	0.00749	0.00798	0.00485	0.00508	0.00871	0.06456	0.01390	0.02817	0.75692	0.03312	0.01566	0.00655	0.00209	0.00310	0.01417	0.00487	0.00452
12	0.01303	0.01202	0.02008	0.13973	0.60535	0.01239	0.03095	0.05671	0.01241	0.03268	0.01010	0.01313	0.00818	0.00484	0.00519	0.00158	0.00629	0.00468	0.00276	0.00792
13	0.06349	0.16222	0.06524	0.03020	0.06693	0.12754	0.16148	0.11158	0.09391	0.01837	0.04249	0.01315	0.00997	0.00541	0.00490	0.00152	0.00661	0.00460	0.00330	0.00710
14	0.00714	0.00523	0.00672	0.00672	0.00784	0.00481	0.00501	0.00921	0.01349	0.01861	0.53766	0.17068	0.12014	0.01207	0.00629	0.00177	0.00271	0.05373	0.00544	0.00474
15	0.00789	0.00594	0.00856	0.07542	0.03687	0.00655	0.00645	0.00944	0.00915	0.01279	0.10058	0.02497	0.01778	0.22276	0.40565	0.02582	0.00938	0.00637	0.00315	0.00447
16	0.00716	0.00522	0.00674	0.00657	0.00771	0.00479	0.00485	0.00935	0.01395	0.01949	0.64027	0.14079	0.09055	0.01154	0.00621	0.00171	0.00254	0.01021	0.00556	0.00479
17	0.01343	0.12280	0.13549	0.03336	0.08321	0.10194	0.04060	0.07317	0.24155	0.01844	0.06125	0.01521	0.01245	0.00604	0.00516	0.00158	0.01838	0.00486	0.00368	0.00739
18	0.01891	0.01410	0.01514	0.01167	0.01579	0.01546	0.00960	0.68286	0.06761	0.03131	0.01283	0.01281	0.00921	0.00617	0.00514	0.00153	0.00553	0.00467	0.00510	0.05456
19	0.01256	0.07954	0.08473	0.04001	0.15982	0.05734	0.05385	0.06769	0.09065	0.01653	0.01074	0.01330	0.00888	0.00928	0.08774	0.00232	0.14134	0.00455	0.00298	0.05617
20	0.10068	0.51208	0.04696	0.01117	0.05612	0.01753	0.05350	0.06901	0.01165	0.01583	0.03538	0.01049	0.00839	0.00499	0.00425	0.00133	0.02762	0.00354	0.00271	0.00678
21	0.03581	0.00873	0.03193	0.04691	0.03804	0.00734	0.03380	0.01257	0.04035	0.01710	0.12018	0.07044	0.09250	0.00731	0.00499	0.00135	0.00407	0.04642	0.00381	0.37635
22	0.05825	0.02911	0.03562	0.01085	0.08912	0.06984	0.00780	0.05515	0.02333	0.10263	0.15656	0.04912	0.04608	0.07173	0.00682	0.00177	0.00467	0.03629	0.00416	0.14109
23	0.01127	0.04886	0.12033	0.01103	0.06991	0.00885	0.02399	0.05484	0.05423	0.08635	0.11951	0.11034	0.09615	0.00841	0.00542	0.00161	0.00457	0.04783	0.00422	0.11227
24	0.04003	0.05200	0.19716	0.03309	0.07912	0.05683	0.12223	0.06124	0.01266	0.07123	0.03293	0.03531	0.13573	0.00668	0.00525	0.00160	0.00606	0.00578	0.00343	0.04164

[dist]
# distance from previous block
# <min> <max>
3	34

[block]
# block no. 4 follows, 47 sequences, length 7
# corresponding to MSA columns:
# 163-168,170
name=unknown_E
#
# <colnr> <probs for GDERKNQSTAVLIFYWHMCP>
#	G	D	E	R	K	N	Q	S	T	A	V	L	I	F	Y	W	H	M	C	P
0	0.01109	0.01151	0.09117	0.03692	0.11690	0.00993	0.14754	0.04092	0.08307	0.04112	0.03350	0.16717	0.04085	0.00782	0.00592	0.00169	0.02906	0.02046	0.00367	0.09969
1	0.01340	0.15574	0.16283	0.02824	0.04175	0.16209	0.01060	0.10444	0.03699	0.01678	0.04575	0.09247	0.01239	0.03461	0.00558	0.00160	0.00621	0.00519	0.00327	0.06008
2	0.01061	0.00985	0.01506	0.39577	0.22196	0.03879	0.01254	0.01383	0.03448	0.01476	0.03964	0.05646	0.01146	0.04918	0.02740	0.00202	0.00634	0.00550	0.02814	0.00620
3	0.06696	0.01102	0.04056	0.18916	0.13062	0.05195	0.04366	0.08819	0.05593	0.01694	0.03629	0.03477	0.04556	0.11108	0.03703	0.00234	0.02282	0.00560	0.00329	0.00622
4	0.05270	0.04593	0.01379	0.01114	0.03684	0.03478	0.09209	0.10256	0.11341	0.11241	0.03463	0.13930	0.01512	0.03637	0.03232	0.00193	0.00527	0.00648	0.00425	0.10868
5	0.01006	0.00707	0.00867	0.00781	0.00988	0.00674	0.00600	0.07271	0.05115	0.06181	0.19551	0.15896	0.06712	0.01266	0.07748	0.02866	0.00444	0.03698	0.03494	0.14135
6	0.06013	0.05706	0.16041	0.01498	0.16929	0.04167	0.04613	0.06225	0.01236	0.05074	0.03672	0.01421	0.04489	0.00530	0.00472	0.00138	0.00563	0.00442	0.00319	0.20452

[dist]
# distance from previous block
# <min> <max>
3	11

[block]
# block no. 5 follows, 47 sequences, length 64
# corresponding to MSA columns:
# 183-246
name=unknown_F
#
# <colnr> <probs for GDERKNQSTAVLIFYWHMCP>
#	G	D	E	R	K	N	Q	S	T	A	V	L	I	F	Y	W	H	M	C	P
0	0.01274	0.05116	0.21961	0.04968	0.13827	0.02483	0.04896	0.09773	0.13151	0.04106	0.01329	0.04816	0.01080	0.00629	0.00562	0.00167	0.03663	0.02411	0.03043	0.00745
1	0.05122	0.12905	0.03374	0.13393	0.11135	0.07253	0.01014	0.09873	0.09191	0.01796	0.08586	0.01978	0.04328	0.02414	0.00551	0.00167	0.00553	0.05343	0.00363	0.00662
2	0.04647	0.00576	0.00662	0.00620	0.00791	0.00519	0.00470	0.00986	0.01306	0.04087	0.39094	0.05566	0.30421	0.01085	0.00582	0.00164	0.00272	0.00926	0.03211	0.04016
3	0.02942	0.00975	0.01268	0.03003	0.01417	0.00843	0.08267	0.03565	0.08096	0.03025	0.01293	0.01465	0.04446	0.03085	0.00513	0.00122	0.00450	0.00427	0.00342	0.54455
4	0.01169	0.01236	0.09833	0.06914	0.34871	0.01070	0.04647	0.01586	0.07761	0.03342	0.02456	0.06913	0.01124	0.00656	0.02409	0.00170	0.00588	0.00533	0.00312	0.12409
5	0.81837	0.00988	0.00768	0.00691	0.01004	0.01147	0.00568	0.01506	0.00884	0.02289	0.00753	0.00896	0.00595	0.00627	0.03639	0.00189	0.00444	0.00294	0.00320	0.00560
6	0.01189	0.01148	0.01888	0.28811	0.47520	0.02535	0.01510	0.01496	0.01119	0.01543	0.00941	0.01307	0.00770	0.00511	0.00589	0.00165	0.05526	0.00461	0.00247	0.00724
7	0.00796	0.00537	0.00627	0.00636	0.00766	0.00494	0.00466	0.00986	0.03003	0.05123	0.16015	0.22014	0.27017	0.04712	0.00679	0.00191	0.00296	0.03392	0.11775	0.00476
8	0.01535	0.01222	0.01303	0.01099	0.01429	0.01381	0.00874	0.31814	0.44408	0.02574	0.01812	0.05325	0.01398	0.00717	0.00533	0.00170	0.00470	0.00583	0.00524	0.00830
9	0.00719	0.00544	0.00654	0.00703	0.00805	0.00511	0.00501	0.04294	0.02813	0.01525	0.09469	0.47749	0.22903	0.01433	0.00640	0.00196	0.00307	0.03275	0.00493	0.00464
10	0.01050	0.00931	0.02707	0.32793	0.19793	0.00996	0.01193	0.04315	0.01228	0.03142	0.16754	0.03441	0.01776	0.00796	0.03085	0.00191	0.00583	0.04254	0.00344	0.00628
11	0.01210	0.04255	0.28875	0.01844	0.04427	0.04971	0.39770	0.03355	0.01213	0.01660	0.01035	0.03058	0.00799	0.00495	0.00555	0.00168	0.00807	0.00525	0.00258	0.00721
12	0.01895	0.00817	0.01080	0.00872	0.01204	0.00727	0.00711	0.05062	0.01480	0.55561	0.11380	0.04160	0.07680	0.00803	0.00553	0.00167	0.00410	0.04053	0.00608	0.00777
13	0.00741	0.00557	0.00680	0.00730	0.00834	0.00530	0.00533	0.04338	0.03386	0.01561	0.11066	0.43885	0.19318	0.01415	0.00644	0.00198	0.00321	0.08297	0.00495	0.00472
14	0.01240	0.03519	0.20036	0.06159	0.18589	0.03779	0.11252	0.04859	0.19199	0.01804	0.01299	0.03731	0.01025	0.00571	0.00526	0.00166	0.00642	0.00516	0.00329	0.00762
15	0.00861	0.00528	0.00655	0.00666	0.00729	0.00503	0.00436	0.00935	0.00969	0.08593	0.07531	0.29267	0.04397	0.37868	0.03440	0.00351	0.00429	0.00993	0.00424	0.00424
16	0.00645	0.00488	0.00590	0.00657	0.00741	0.00441	0.00458	0.00758	0.01078	0.01386	0.07513	0.46868	0.27577	0.05171	0.00739	0.00212	0.00301	0.03468	0.00480	0.00429
17	0.12502	0.01550	0.04390	0.01112	0.01456	0.23189	0.02602	0.15747	0.12279	0.13194	0.03854	0.01469	0.03169	0.00620	0.00489	0.00156	0.00608	0.00465	0.00427	0.00723
18	0.01504	0.29385	0.03738	0.06372	0.22332	0.21263	0.01171	0.05764	0.01273	0.01493	0.00858	0.01044	0.00724	0.00489	0.00442	0.00136	0.00683	0.00366	0.00260	0.00703
19	0.03631	0.01235	0.01498	0.04307	0.01435	0.10328	0.01082	0.01333	0.00889	0.01287	0.00762	0.01187	0.00727	0.01072	0.07467	0.00260	0.60250	0.00445	0.00239	0.00566
20	0.01226	0.01250	0.05118	0.03762	0.21099	0.01202	0.31326	0.05148	0.01213	0.03899	0.01271	0.01737	0.03243	0.02817	0.03860	0.00210	0.06649	0.03972	0.00299	0.00700
21	0.03245	0.03347	0.06651	0.06760	0.05645	0.04680	0.04492	0.09666	0.12528	0.12949	0.04651	0.14645	0.03414	0.00861	0.02084	0.00185	0.02395	0.00678	0.00432	0.00693
22	0.01517	0.44150	0.04903	0.01056	0.01444	0.09949	0.03155	0.11276	0.01290	0.06371	0.00966	0.02528	0.00822	0.01898	0.02171	0.00156	0.04976	0.00383	0.00301	0.00688
23	0.01183	0.00930	0.01125	0.02690	0.03089	0.00723	0.00671	0.01416	0.01114	0.07843	0.01017	0.01147	0.00812	0.00411	0.00403	0.00088	0.00403	0.00333	0.00332	0.74269
24	0.01315	0.05480	0.19978	0.07799	0.17059	0.04702	0.10598	0.06718	0.03127	0.08382	0.06683	0.01564	0.03119	0.00572	0.00523	0.00160	0.00644	0.00508	0.00332	0.00736
25	0.01207	0.04412	0.14172	0.03646	0.11321	0.04673	0.02523	0.06200	0.23102	0.03869	0.01923	0.11053	0.08130	0.00767	0.00536	0.00170	0.00528	0.00652	0.00400	0.00715
26	0.00957	0.00663	0.00834	0.00834	0.02487	0.05047	0.00578	0.02478	0.00839	0.01110	0.02953	0.04802	0.01205	0.07900	0.13686	0.47643	0.04829	0.00536	0.00268	0.00349
27	0.01422	0.01286	0.01287	0.01183	0.04940	0.09163	0.00883	0.10652	0.53309	0.02156	0.01764	0.01682	0.01333	0.00649	0.00513	0.00163	0.00491	0.00527	0.00476	0.06121
28	0.01872	0.00865	0.01130	0.00922	0.02887	0.00774	0.00728	0.07574	0.01508	0.50941	0.13059	0.02191	0.06605	0.00727	0.00534	0.00157	0.00413	0.00602	0.00586	0.05928
29	0.01422	0.05575	0.37603	0.01442	0.06852	0.01240	0.05102	0.13327	0.05153	0.13040	0.01255	0.01416	0.00917	0.00567	0.00511	0.00163	0.00652	0.02614	0.00355	0.00794
30	0.01353	0.03287	0.04806	0.10209	0.39884	0.02659	0.01303	0.05493	0.07033	0.09408	0.04706	0.03152	0.01197	0.00592	0.00525	0.00162	0.00575	0.02541	0.00350	0.00766
31	0.00701	0.00531	0.00586	0.00588	0.00745	0.00456	0.00435	0.00844	0.01205	0.04558	0.13553	0.16118	0.55222	0.01308	0.00619	0.00179	0.00274	0.01114	0.00501	0.00461
32	0.02258	0.00969	0.01257	0.00969	0.01369	0.00893	0.00801	0.13847	0.01632	0.66048	0.01943	0.01758	0.01255	0.00654	0.00526	0.00162	0.00464	0.01694	0.00623	0.00880
33	0.01339	0.03259	0.13777	0.01901	0.20866	0.04672	0.19732	0.01695	0.02661	0.11796	0.02159	0.08289	0.01124	0.00619	0.00591	0.00169	0.03703	0.00582	0.00331	0.00733
34	0.01151	0.11706	0.49159	0.01488	0.03451	0.01325	0.11132	0.01671	0.04005	0.03344	0.00993	0.01178	0.00743	0.00578	0.02073	0.00176	0.04418	0.00420	0.00249	0.00740
35	0.00774	0.00599	0.00872	0.00858	0.00934	0.00710	0.00661	0.00937	0.00834	0.01203	0.01409	0.05081	0.01374	0.09158	0.64614	0.00739	0.07899	0.00599	0.00285	0.00461
36	0.03949	0.01398	0.01620	0.01846	0.27356	0.14836	0.02332	0.16681	0.05040	0.04795	0.01183	0.04957	0.00990	0.00719	0.03024	0.00181	0.06051	0.00497	0.01806	0.00739
37	0.00644	0.00472	0.00608	0.00712	0.00768	0.00436	0.00493	0.00749	0.01035	0.01353	0.03187	0.66585	0.13482	0.01578	0.00661	0.00208	0.00308	0.05808	0.00483	0.00429
38	0.03213	0.23186	0.13826	0.03803	0.15565	0.09481	0.02397	0.10079	0.01287	0.03020	0.00917	0.01083	0.00739	0.00502	0.00483	0.00141	0.02972	0.00378	0.00283	0.06645
39	0.00968	0.04956	0.19756	0.01243	0.06439	0.00884	0.09975	0.01272	0.01138	0.03242	0.09822	0.24619	0.03975	0.00886	0.00558	0.00168	0.00517	0.00801	0.00365	0.08417
40	0.01199	0.07657	0.22058	0.07360	0.23849	0.01241	0.10834	0.01595	0.02617	0.04416	0.03196	0.01393	0.02551	0.00535	0.00565	0.00160	0.04333	0.00473	0.00277	0.03690
41	0.01160	0.41356	0.05134	0.00952	0.03190	0.02729	0.00843	0.03095	0.04727	0.01451	0.07078	0.12675	0.06548	0.00785	0.00505	0.00150	0.03057	0.03616	0.00334	0.00616
42	0.01199	0.00780	0.00934	0.00827	0.01051	0.00794	0.00641	0.03951	0.22906	0.14807	0.37945	0.04845	0.03127	0.00884	0.00567	0.00167	0.00336	0.00761	0.02819	0.00660
43	0.03123	0.03951	0.28586	0.05915	0.11536	0.08575	0.08066	0.06585	0.04200	0.06410	0.07072	0.01438	0.01112	0.00560	0.00513	0.00160	0.00672	0.00475	0.00320	0.00732
44	0.06514	0.05224	0.01543	0.01316	0.04912	0.36929	0.04473	0.13128	0.03442	0.08901	0.01109	0.04326	0.00901	0.00611	0.00545	0.00152	0.04492	0.00444	0.00355	0.00684
45	0.00645	0.00504	0.00587	0.00634	0.00748	0.00446	0.00459	0.00777	0.01144	0.01449	0.11015	0.33249	0.40056	0.01417	0.00639	0.00191	0.00287	0.04823	0.00492	0.00440
46	0.00670	0.00491	0.00648	0.00753	0.02001	0.00462	0.00505	0.00811	0.02460	0.01455	0.12981	0.65260	0.06542	0.01508	0.00651	0.00202	0.00300	0.01361	0.00493	0.00446
47	0.01188	0.05787	0.17829	0.07284	0.29599	0.03006	0.05839	0.01668	0.09961	0.01636	0.01185	0.03648	0.01002	0.02652	0.00617	0.00174	0.03631	0.02269	0.00290	0.00735
48	0.00852	0.00710	0.00921	0.00883	0.00954	0.04059	0.00673	0.00992	0.00844	0.01182	0.01315	0.02120	0.01296	0.17441	0.51479	0.00662	0.12311	0.00570	0.00278	0.00458
49	0.00756	0.00518	0.00640	0.00643	0.00671	0.00542	0.00412	0.00814	0.00792	0.01093	0.01602	0.04689	0.01753	0.56872	0.23494	0.00580	0.00736	0.00712	0.02318	0.00363
50	0.01203	0.01053	0.01505	0.14416	0.29067	0.03116	0.01150	0.10821	0.01330	0.03446	0.07111	0.02193	0.11488	0.02190	0.00642	0.00174	0.04510	0.03550	0.00356	0.00678
51	0.05060	0.00906	0.01023	0.00880	0.01174	0.00905	0.00691	0.07720	0.23154	0.07106	0.10399	0.10365	0.03737	0.00798	0.00520	0.00155	0.00390	0.04270	0.00472	0.20276
52	0.00743	0.00506	0.00607	0.00620	0.00635	0.00516	0.00377	0.00777	0.00793	0.01069	0.01737	0.11378	0.01977	0.63044	0.12619	0.00518	0.00601	0.00807	0.00328	0.00347
53	0.01311	0.06248	0.31873	0.04783	0.08018	0.10179	0.05490	0.04432	0.06048	0.06851	0.02505	0.01491	0.02939	0.00589	0.00545	0.00163	0.03051	0.02447	0.00310	0.00727
54	0.00722	0.00536	0.00680	0.00694	0.00807	0.00504	0.00521	0.00940	0.02907	0.01739	0.39381	0.19263	0.15110	0.02871	0.02977	0.00209	0.00326	0.08822	0.00518	0.00472
55	0.01813	0.00932	0.05493	0.05351	0.12875	0.00944	0.05402	0.01209	0.01005	0.02909	0.04919	0.02197	0.03634	0.05173	0.23852	0.02698	0.12095	0.06626	0.00306	0.00567
56	0.00858	0.04019	0.06302	0.00817	0.01045	0.00698	0.04473	0.01153	0.06592	0.04049	0.14292	0.08829	0.30964	0.05900	0.00721	0.00198	0.00392	0.07715	0.00455	0.00529
57	0.01004	0.04271	0.02759	0.00923	0.06408	0.00755	0.00677	0.01245	0.03331	0.01582	0.01654	0.07143	0.09861	0.06493	0.00612	0.00142	0.00408	0.01473	0.00340	0.48919
58	0.07776	0.10458	0.20258	0.02155	0.07114	0.01139	0.02833	0.06483	0.03497	0.03661	0.04212	0.01237	0.00938	0.00495	0.00444	0.00132	0.00540	0.00392	0.00313	0.25924
59	0.03458	0.06689	0.07671	0.03327	0.18802	0.01180	0.09915	0.07887	0.08084	0.05725	0.03427	0.01424	0.02270	0.00532	0.00511	0.00146	0.01881	0.00468	0.00342	0.16261
60	0.02929	0.08539	0.12807	0.07248	0.22529	0.03582	0.05643	0.01448	0.02611	0.01616	0.06491	0.07201	0.03811	0.00664	0.00517	0.00158	0.00574	0.04040	0.00313	0.07278
61	0.06445	0.11920	0.06950	0.02988	0.06886	0.02088	0.03783	0.05887	0.09319	0.08955	0.04406	0.05447	0.01285	0.00746	0.03259	0.00172	0.00535	0.03606	0.00376	0.14950
62	0.08792	0.07565	0.08578	0.07381	0.30159	0.01186	0.04957	0.01644	0.06531	0.05615	0.04731	0.01603	0.01128	0.00565	0.00498	0.00158	0.00569	0.03881	0.00321	0.04137
63	0.03858	0.05278	0.13593	0.04154	0.22724	0.02807	0.01191	0.05601	0.06127	0.05724	0.04446	0.04587	0.01199	0.00617	0.00536	0.00155	0.02893	0.03450	0.00339	0.10721

[dist]
# distance from previous block
# <min> <max>
4	76

# created by:
# /home/cegg/simao/soft/augustus-3.2.1/scripts/msa2prfl.pl ./align_prep/EOG091G0YY3.fa
