[name]
unknown

[dist]
# distance from previous block
# <min> <max>
0	20

[block]
# block no. 0 follows, 53 sequences, length 27
# corresponding to MSA columns:
# 20-46
name=unknown_A
#
# <colnr> <probs for GDERKNQSTAVLIFYWHMCP>
#	G	D	E	R	K	N	Q	S	T	A	V	L	I	F	Y	W	H	M	C	P
0	0.12667	0.00937	0.01000	0.00868	0.01126	0.03769	0.00698	0.22797	0.08158	0.14177	0.05952	0.11474	0.01587	0.00775	0.00489	0.00159	0.00420	0.08913	0.03399	0.00637
1	0.01049	0.00766	0.00795	0.00753	0.02554	0.09700	0.00542	0.03865	0.01200	0.12070	0.27158	0.09051	0.07867	0.12651	0.02539	0.00206	0.00401	0.00718	0.05615	0.00498
2	0.05762	0.08254	0.08081	0.17025	0.01866	0.04789	0.09682	0.19871	0.03029	0.09116	0.01109	0.04418	0.00864	0.00646	0.03271	0.00169	0.00602	0.00455	0.00335	0.00655
3	0.01346	0.05722	0.12864	0.03249	0.06819	0.05228	0.00954	0.14882	0.12789	0.13550	0.05225	0.01665	0.06437	0.03115	0.00578	0.00159	0.03855	0.00493	0.00389	0.00681
4	0.00634	0.00474	0.00592	0.00672	0.00731	0.00458	0.00459	0.00824	0.07451	0.01284	0.02738	0.67729	0.09491	0.03237	0.00637	0.00195	0.00287	0.01246	0.00444	0.00418
5	0.01100	0.01504	0.21908	0.07819	0.06133	0.01168	0.39531	0.01548	0.04546	0.03894	0.00980	0.01231	0.00731	0.00464	0.00576	0.00160	0.05317	0.00482	0.00249	0.00660
6	0.01317	0.06124	0.23187	0.06128	0.06329	0.06565	0.19085	0.05838	0.01185	0.14975	0.01119	0.04071	0.00844	0.00509	0.00484	0.00149	0.00641	0.00463	0.00307	0.00682
7	0.01145	0.04613	0.37277	0.04149	0.15060	0.01164	0.18451	0.05879	0.01132	0.05226	0.00945	0.01135	0.00696	0.00450	0.00480	0.00150	0.00672	0.00421	0.00250	0.00704
8	0.00668	0.00460	0.00614	0.04401	0.00825	0.00438	0.00484	0.00769	0.00947	0.04539	0.04416	0.65622	0.07560	0.05016	0.00676	0.00200	0.00304	0.01217	0.00434	0.00411
9	0.01139	0.19552	0.46209	0.01302	0.01874	0.06842	0.10375	0.04744	0.01090	0.01471	0.00833	0.00986	0.00630	0.00446	0.00435	0.00140	0.00679	0.00357	0.00222	0.00673
10	0.01179	0.06844	0.09591	0.08973	0.25077	0.03157	0.08196	0.05563	0.01146	0.09024	0.04536	0.08215	0.02997	0.02759	0.00537	0.00157	0.00547	0.00538	0.00312	0.00650
11	0.01897	0.00853	0.05192	0.00855	0.01202	0.00686	0.00727	0.02089	0.01295	0.66992	0.01921	0.11266	0.01388	0.00692	0.00495	0.00154	0.00407	0.00579	0.00554	0.00757
12	0.01085	0.01035	0.01762	0.30674	0.53249	0.01110	0.01418	0.01381	0.01042	0.01442	0.00882	0.01215	0.00715	0.00444	0.00475	0.00148	0.00592	0.00425	0.00228	0.00678
13	0.01149	0.11827	0.42010	0.01423	0.09712	0.03324	0.07109	0.10602	0.01171	0.01640	0.00912	0.01092	0.00695	0.01808	0.00477	0.00147	0.00638	0.00381	0.03194	0.00688
14	0.08052	0.05453	0.03498	0.11455	0.10940	0.21135	0.00997	0.17374	0.08742	0.01772	0.00977	0.01116	0.00761	0.00518	0.00478	0.00142	0.03417	0.00385	0.02141	0.00648
15	0.00581	0.00422	0.00548	0.00650	0.00689	0.00390	0.00437	0.00667	0.00930	0.01226	0.02828	0.76019	0.09908	0.01472	0.00606	0.00191	0.00274	0.01328	0.00444	0.00390
16	0.01077	0.03978	0.08464	0.12173	0.43027	0.02857	0.01250	0.03748	0.01096	0.01512	0.06053	0.01530	0.04642	0.02724	0.02678	0.00170	0.01622	0.00475	0.00266	0.00657
17	0.24111	0.15469	0.01405	0.01067	0.07105	0.17014	0.04226	0.05957	0.02566	0.05297	0.06418	0.01231	0.03156	0.00531	0.00430	0.00137	0.02592	0.00386	0.00309	0.00592
18	0.00683	0.00518	0.00636	0.00633	0.00746	0.00494	0.00464	0.00959	0.08042	0.01671	0.44286	0.22719	0.14134	0.01106	0.00568	0.00163	0.00254	0.00975	0.00492	0.00456
19	0.01377	0.45550	0.15199	0.01033	0.01443	0.25647	0.01008	0.01589	0.01093	0.01203	0.00719	0.00836	0.00613	0.00442	0.00369	0.00117	0.00649	0.00288	0.00217	0.00611
20	0.01064	0.10165	0.52046	0.04681	0.04544	0.03947	0.03817	0.02664	0.01043	0.03158	0.03324	0.01103	0.00755	0.00492	0.00511	0.00149	0.05261	0.00377	0.00230	0.00670
21	0.05434	0.01740	0.01302	0.07862	0.01563	0.46129	0.00909	0.12420	0.09576	0.06027	0.00990	0.01074	0.00760	0.00527	0.00459	0.00137	0.01780	0.00368	0.00322	0.00621
22	0.00566	0.00479	0.00490	0.00499	0.00650	0.00402	0.00370	0.00684	0.01075	0.01285	0.04658	0.11113	0.73632	0.01234	0.00569	0.00164	0.00245	0.01038	0.00444	0.00402
23	0.08155	0.00994	0.01659	0.29131	0.37099	0.01069	0.07419	0.01339	0.01014	0.01474	0.00966	0.05790	0.00830	0.00503	0.00475	0.00153	0.00577	0.00475	0.00245	0.00631
24	0.01160	0.01075	0.01761	0.24138	0.52905	0.01145	0.01383	0.07820	0.01149	0.01590	0.00906	0.01205	0.00729	0.00452	0.00475	0.00147	0.00583	0.00426	0.00250	0.00701
25	0.00663	0.00669	0.07260	0.00678	0.00829	0.00533	0.00555	0.02584	0.01037	0.01344	0.07389	0.32358	0.34644	0.02793	0.00651	0.00179	0.03953	0.01028	0.00415	0.00438
26	0.01021	0.00881	0.03775	0.00998	0.07634	0.00886	0.00723	0.06002	0.33115	0.04005	0.13343	0.09974	0.11788	0.02976	0.00567	0.00168	0.00368	0.00703	0.00449	0.00625

[dist]
# distance from previous block
# <min> <max>
0	1

[block]
# block no. 1 follows, 53 sequences, length 7
# corresponding to MSA columns:
# 48-54
name=unknown_B
#
# <colnr> <probs for GDERKNQSTAVLIFYWHMCP>
#	G	D	E	R	K	N	Q	S	T	A	V	L	I	F	Y	W	H	M	C	P
0	0.70210	0.00994	0.01108	0.00894	0.01226	0.01098	0.15453	0.01429	0.00874	0.02027	0.00723	0.00875	0.00557	0.00436	0.00347	0.00150	0.00453	0.00317	0.00285	0.00542
1	0.05517	0.00909	0.01365	0.56339	0.08480	0.01092	0.01185	0.01502	0.15977	0.01444	0.01053	0.01339	0.00797	0.00505	0.00469	0.00158	0.00568	0.00438	0.00271	0.00590
2	0.01288	0.45925	0.01880	0.00866	0.01236	0.01530	0.00781	0.12774	0.14746	0.01625	0.04381	0.01140	0.00965	0.00494	0.00378	0.00118	0.00463	0.00359	0.00314	0.08740
3	0.17412	0.00859	0.00982	0.06560	0.05334	0.00826	0.00657	0.09014	0.01079	0.01741	0.04188	0.04704	0.02992	0.06644	0.00549	0.00142	0.00403	0.00427	0.00319	0.35169
4	0.02877	0.06717	0.05465	0.16658	0.06622	0.13666	0.00987	0.18883	0.07184	0.03823	0.01127	0.07144	0.00940	0.00576	0.00458	0.00142	0.00566	0.00461	0.00331	0.05374
5	0.05611	0.10849	0.26678	0.01045	0.01427	0.09934	0.04752	0.06738	0.02770	0.03597	0.01096	0.05198	0.00992	0.16366	0.00821	0.00204	0.00595	0.00467	0.00278	0.00583
6	0.19279	0.01057	0.01243	0.08817	0.07091	0.08944	0.08600	0.05527	0.10643	0.04163	0.06781	0.05792	0.02314	0.02196	0.00525	0.00159	0.02650	0.01599	0.00341	0.02280

[dist]
# distance from previous block
# <min> <max>
26	109

[block]
# block no. 2 follows, 53 sequences, length 10
# corresponding to MSA columns:
# 217-226
name=unknown_C
#
# <colnr> <probs for GDERKNQSTAVLIFYWHMCP>
#	G	D	E	R	K	N	Q	S	T	A	V	L	I	F	Y	W	H	M	C	P
0	0.01149	0.01129	0.07363	0.11558	0.19047	0.03475	0.07906	0.09922	0.03533	0.04712	0.01233	0.05709	0.03867	0.02697	0.02743	0.00173	0.05092	0.00503	0.00303	0.07885
1	0.04287	0.01085	0.01796	0.14401	0.39566	0.01132	0.11944	0.08400	0.01147	0.01631	0.00971	0.04344	0.00818	0.00499	0.00521	0.00150	0.03468	0.00471	0.00266	0.03103
2	0.04869	0.00829	0.01036	0.00964	0.09905	0.00721	0.00669	0.01309	0.04085	0.07636	0.08413	0.03921	0.05247	0.00541	0.00444	0.00110	0.02188	0.00448	0.00343	0.46323
3	0.08168	0.01007	0.01352	0.13962	0.07651	0.05007	0.07468	0.05606	0.09742	0.27296	0.01386	0.02965	0.01021	0.00576	0.00504	0.00155	0.02543	0.02506	0.00401	0.00683
4	0.00619	0.00462	0.00578	0.00625	0.00713	0.00422	0.00454	0.00759	0.01085	0.01435	0.23150	0.37523	0.21420	0.01281	0.00592	0.00177	0.00269	0.07558	0.00465	0.00412
5	0.01160	0.01077	0.01672	0.05345	0.01700	0.05288	0.27211	0.08362	0.04362	0.05973	0.01519	0.01803	0.09735	0.02200	0.02295	0.00173	0.08207	0.03235	0.00323	0.08359
6	0.01817	0.01339	0.01434	0.01100	0.01482	0.01482	0.00908	0.78627	0.02247	0.03012	0.01148	0.01148	0.00813	0.00574	0.00478	0.00143	0.00526	0.00430	0.00478	0.00813
7	0.01381	0.01101	0.01504	0.23278	0.10780	0.01216	0.05745	0.34526	0.04570	0.05079	0.01163	0.05422	0.00913	0.00572	0.00490	0.00152	0.00555	0.00490	0.00368	0.00696
8	0.00653	0.00488	0.00607	0.00577	0.00700	0.00441	0.00433	0.00857	0.01298	0.01786	0.64309	0.03785	0.20251	0.01026	0.00564	0.00153	0.00229	0.00894	0.00509	0.00441
9	0.06609	0.00579	0.00620	0.00582	0.00743	0.00559	0.00441	0.04829	0.04685	0.01688	0.27409	0.03447	0.34548	0.03983	0.00589	0.00163	0.00273	0.00808	0.06983	0.00462

[dist]
# distance from previous block
# <min> <max>
13	20

[block]
# block no. 3 follows, 53 sequences, length 13
# corresponding to MSA columns:
# 250-262
name=unknown_D
#
# <colnr> <probs for GDERKNQSTAVLIFYWHMCP>
#	G	D	E	R	K	N	Q	S	T	A	V	L	I	F	Y	W	H	M	C	P
0	0.01247	0.76791	0.02418	0.07403	0.01394	0.01824	0.00859	0.01414	0.00970	0.01132	0.00679	0.00808	0.00615	0.00415	0.00321	0.00107	0.00521	0.00269	0.00205	0.00607
1	0.01090	0.01742	0.41186	0.05956	0.15485	0.02720	0.01397	0.06907	0.03890	0.04471	0.07769	0.03113	0.01089	0.00539	0.00475	0.00150	0.00596	0.00451	0.00286	0.00687
2	0.01155	0.01337	0.10585	0.13836	0.34218	0.07615	0.13322	0.04170	0.02889	0.01520	0.01072	0.01314	0.03837	0.00479	0.00487	0.00148	0.00636	0.00455	0.00253	0.00673
3	0.34362	0.07762	0.01172	0.00858	0.01192	0.01264	0.00715	0.30635	0.07301	0.06354	0.03458	0.01121	0.00865	0.00529	0.00397	0.00144	0.00438	0.00374	0.00394	0.00668
4	0.01070	0.01005	0.01568	0.17072	0.46364	0.03350	0.01229	0.03158	0.03551	0.01486	0.01257	0.10635	0.02983	0.00611	0.00496	0.00154	0.00538	0.02540	0.00280	0.00652
5	0.01473	0.06496	0.14310	0.01367	0.01823	0.04235	0.28184	0.04584	0.05195	0.25585	0.01257	0.01319	0.00875	0.00491	0.00493	0.00150	0.00621	0.00470	0.00361	0.00712
6	0.00903	0.00850	0.01434	0.82054	0.03292	0.01062	0.01327	0.01221	0.00956	0.01221	0.00850	0.01274	0.00637	0.00478	0.00478	0.00159	0.00637	0.00425	0.00212	0.00531
7	0.01745	0.02211	0.01360	0.01233	0.01465	0.76917	0.00930	0.01867	0.01320	0.01169	0.00733	0.00872	0.00616	0.00511	0.00493	0.00128	0.05318	0.00314	0.00244	0.00552
8	0.00977	0.00925	0.01568	0.61065	0.23700	0.01081	0.01364	0.01286	0.00991	0.01311	0.00863	0.01250	0.00669	0.00464	0.00477	0.00155	0.00619	0.00425	0.00219	0.00591
9	0.00903	0.00850	0.01434	0.82054	0.03292	0.01062	0.01327	0.01221	0.00956	0.01221	0.00850	0.01274	0.00637	0.00478	0.00478	0.00159	0.00637	0.00425	0.00212	0.00531
10	0.00726	0.00536	0.00708	0.00794	0.00915	0.00518	0.00682	0.00924	0.01098	0.01400	0.03032	0.05220	0.19529	0.01296	0.00639	0.00207	0.00397	0.60504	0.00441	0.00432
11	0.00695	0.00463	0.00521	0.00521	0.00521	0.00463	0.00290	0.00695	0.00695	0.00927	0.01506	0.03128	0.01738	0.83203	0.02433	0.00463	0.00463	0.00695	0.00290	0.00290
12	0.86579	0.00924	0.00702	0.00629	0.00924	0.01072	0.00518	0.01405	0.00813	0.02144	0.00666	0.00776	0.00518	0.00444	0.00296	0.00148	0.00370	0.00259	0.00296	0.00518

[dist]
# distance from previous block
# <min> <max>
0	1

[block]
# block no. 4 follows, 53 sequences, length 15
# corresponding to MSA columns:
# 264-278
name=unknown_E
#
# <colnr> <probs for GDERKNQSTAVLIFYWHMCP>
#	G	D	E	R	K	N	Q	S	T	A	V	L	I	F	Y	W	H	M	C	P
0	0.01104	0.00659	0.00845	0.00813	0.00970	0.00659	0.00636	0.10896	0.01204	0.16841	0.02179	0.35755	0.02252	0.01118	0.00603	0.00182	0.03211	0.16452	0.03077	0.00541
1	0.00579	0.00427	0.00543	0.00636	0.00685	0.00391	0.00430	0.00669	0.00944	0.01232	0.03000	0.69932	0.15884	0.01450	0.00603	0.00189	0.00271	0.01301	0.00444	0.00391
2	0.00656	0.00469	0.00638	0.00738	0.00802	0.00451	0.00562	0.00799	0.01012	0.01343	0.07894	0.49584	0.03106	0.01398	0.00625	0.00200	0.00332	0.28532	0.00448	0.00411
3	0.86579	0.00924	0.00702	0.00629	0.00924	0.01072	0.00518	0.01405	0.00813	0.02144	0.00666	0.00776	0.00518	0.00444	0.00296	0.00148	0.00370	0.00259	0.00296	0.00518
4	0.01189	0.01027	0.01081	0.00973	0.01243	0.01189	0.00757	0.02540	0.79357	0.01999	0.01945	0.01783	0.01459	0.00648	0.00486	0.00162	0.00378	0.00540	0.00486	0.00757
5	0.00582	0.00416	0.00555	0.00666	0.00693	0.00388	0.00444	0.00666	0.00915	0.01220	0.02634	0.82891	0.03161	0.01497	0.00610	0.00194	0.00277	0.01359	0.00444	0.00388
6	0.01188	0.01241	0.02482	0.06835	0.10530	0.03228	0.57676	0.01547	0.01121	0.05641	0.00986	0.01278	0.00742	0.00433	0.00568	0.00159	0.02909	0.00526	0.00257	0.00653
7	0.01179	0.01127	0.01937	0.12956	0.57419	0.01154	0.09516	0.06030	0.01144	0.01601	0.00915	0.01204	0.00742	0.00439	0.00484	0.00146	0.00599	0.00441	0.00248	0.00719
8	0.00695	0.00463	0.00521	0.00521	0.00521	0.00463	0.00290	0.00695	0.00695	0.00927	0.01506	0.03128	0.01738	0.83203	0.02433	0.00463	0.00463	0.00695	0.00290	0.00290
9	0.01108	0.01135	0.06509	0.18706	0.42338	0.01093	0.10626	0.04078	0.01096	0.01551	0.00948	0.01243	0.00753	0.00449	0.00475	0.00146	0.00594	0.00439	0.06038	0.00675
10	0.01132	0.05711	0.02216	0.05459	0.14098	0.03157	0.41441	0.01569	0.09228	0.01519	0.01113	0.01523	0.00912	0.00509	0.00563	0.00159	0.03655	0.05114	0.00274	0.00648
11	0.01021	0.18326	0.65420	0.01256	0.01904	0.01263	0.01580	0.01498	0.01002	0.01438	0.00820	0.00962	0.00607	0.00445	0.00425	0.00142	0.00668	0.00334	0.00202	0.00688
12	0.01392	0.01930	0.42769	0.01224	0.01769	0.04409	0.01341	0.29843	0.01502	0.07752	0.01033	0.01099	0.00724	0.00509	0.00464	0.00147	0.00625	0.00389	0.00333	0.00747
13	0.04421	0.04024	0.01381	0.06078	0.07173	0.07290	0.06250	0.16899	0.32686	0.01975	0.03608	0.01538	0.03376	0.00588	0.00476	0.00151	0.00499	0.00490	0.00398	0.00699
14	0.01004	0.04737	0.05451	0.13338	0.17458	0.00969	0.07868	0.06111	0.07464	0.01683	0.22587	0.02002	0.03443	0.03154	0.00561	0.00159	0.00483	0.00575	0.00350	0.00603

[dist]
# distance from previous block
# <min> <max>
0	3

[block]
# block no. 5 follows, 53 sequences, length 88
# corresponding to MSA columns:
# 282-284,297-381
name=unknown_F
#
# <colnr> <probs for GDERKNQSTAVLIFYWHMCP>
#	G	D	E	R	K	N	Q	S	T	A	V	L	I	F	Y	W	H	M	C	P
0	0.01139	0.03952	0.01119	0.07061	0.08305	0.06453	0.02842	0.03899	0.04660	0.14489	0.03943	0.29564	0.01880	0.00923	0.00559	0.00168	0.02653	0.05422	0.00403	0.00568
1	0.01244	0.01175	0.05912	0.06596	0.37360	0.01161	0.04785	0.08399	0.21864	0.04762	0.01232	0.01356	0.00947	0.00507	0.00481	0.00150	0.00531	0.00461	0.00334	0.00743
2	0.01226	0.21005	0.31303	0.01212	0.04606	0.01275	0.05971	0.09944	0.04808	0.07425	0.01087	0.03908	0.00873	0.00532	0.00444	0.00143	0.00582	0.02677	0.00293	0.00686
3	0.01117	0.01110	0.02014	0.18334	0.49768	0.01136	0.16604	0.01431	0.01070	0.01488	0.00903	0.01222	0.00727	0.00432	0.00492	0.00149	0.00628	0.00453	0.00233	0.00690
4	0.00999	0.11102	0.56413	0.01351	0.01957	0.01170	0.12436	0.01467	0.01033	0.01484	0.03996	0.02694	0.00826	0.00482	0.00461	0.00148	0.00672	0.00412	0.00225	0.00671
5	0.01149	0.25242	0.21631	0.03971	0.21470	0.01341	0.05767	0.04765	0.04595	0.01483	0.01018	0.01172	0.03458	0.00472	0.00430	0.00136	0.00580	0.00392	0.00247	0.00680
6	0.01096	0.01056	0.01817	0.25914	0.52692	0.01125	0.04565	0.01390	0.01043	0.01451	0.00881	0.01211	0.00718	0.00450	0.00505	0.00149	0.02597	0.00431	0.00229	0.00681
7	0.00983	0.00932	0.01579	0.59289	0.25426	0.01083	0.01368	0.01292	0.00994	0.01319	0.00864	0.01248	0.00672	0.00463	0.00477	0.00154	0.00617	0.00425	0.00219	0.00596
8	0.01524	0.00986	0.06873	0.04529	0.09463	0.00845	0.09949	0.02884	0.04195	0.38301	0.07675	0.04768	0.03717	0.00625	0.00512	0.00153	0.01292	0.00553	0.00448	0.00708
9	0.01027	0.01812	0.42030	0.01721	0.14987	0.01105	0.19629	0.01510	0.04021	0.01535	0.01103	0.01344	0.03490	0.00488	0.00492	0.00154	0.00673	0.01953	0.00241	0.00686
10	0.00649	0.00532	0.00655	0.00736	0.07181	0.00476	0.00487	0.00811	0.01149	0.01488	0.26096	0.11497	0.44301	0.01106	0.00561	0.00160	0.00267	0.00953	0.00451	0.00445
11	0.00985	0.07502	0.70229	0.01295	0.01941	0.03294	0.01627	0.01483	0.01012	0.01467	0.00918	0.04470	0.00715	0.00497	0.00451	0.00149	0.00680	0.00389	0.00213	0.00683
12	0.01229	0.01183	0.04654	0.11008	0.35502	0.04119	0.18779	0.04788	0.01157	0.07376	0.01064	0.02802	0.00861	0.00494	0.00501	0.00152	0.00623	0.02740	0.00280	0.00688
13	0.01144	0.01096	0.01870	0.13868	0.69590	0.01125	0.01448	0.01433	0.01070	0.01514	0.00892	0.01196	0.00741	0.00433	0.00474	0.00144	0.00577	0.00426	0.00233	0.00726
14	0.00598	0.00436	0.00563	0.00636	0.00692	0.00401	0.00437	0.00710	0.01012	0.01353	0.16855	0.60625	0.11170	0.01374	0.00597	0.00183	0.00264	0.01234	0.00459	0.00401
15	0.00980	0.07943	0.75444	0.01326	0.02012	0.01163	0.01702	0.01508	0.01007	0.01487	0.00845	0.00993	0.00606	0.00451	0.00444	0.00148	0.00693	0.00347	0.00202	0.00700
16	0.01002	0.09026	0.46694	0.01319	0.06713	0.01081	0.06835	0.01463	0.03799	0.03177	0.13042	0.01451	0.01264	0.00534	0.00469	0.00147	0.00596	0.00452	0.00275	0.00662
17	0.01295	0.03364	0.01998	0.01687	0.13484	0.04240	0.34765	0.01587	0.01164	0.15629	0.07110	0.01623	0.01164	0.00547	0.00582	0.00157	0.05087	0.03530	0.00330	0.00658
18	0.01565	0.01164	0.15783	0.04533	0.07244	0.00858	0.09764	0.01853	0.01221	0.41384	0.06415	0.01590	0.01197	0.02573	0.00538	0.00158	0.00517	0.00490	0.00429	0.00723
19	0.01012	0.01229	0.19089	0.16572	0.15514	0.00940	0.11187	0.01342	0.01071	0.06574	0.05699	0.08012	0.05520	0.00639	0.00510	0.00159	0.00568	0.03448	0.00299	0.00616
20	0.01041	0.01266	0.14397	0.16977	0.19303	0.03426	0.16763	0.01407	0.04002	0.02541	0.01181	0.08329	0.02235	0.00582	0.00536	0.00159	0.02921	0.02039	0.00266	0.00628
21	0.00959	0.02472	0.80726	0.01362	0.02069	0.01110	0.01766	0.01514	0.01009	0.01514	0.00858	0.01009	0.00605	0.00454	0.00454	0.00151	0.00706	0.00353	0.00202	0.00706
22	0.01055	0.01005	0.01708	0.39145	0.45013	0.01102	0.01403	0.01354	0.01028	0.01406	0.00876	0.01225	0.00702	0.00450	0.00475	0.00150	0.00600	0.00425	0.00226	0.00654
23	0.01101	0.05288	0.45279	0.01573	0.19420	0.01051	0.01440	0.01510	0.01076	0.08776	0.04376	0.01370	0.04616	0.00516	0.00464	0.00147	0.00598	0.00429	0.00270	0.00699
24	0.01203	0.01654	0.28620	0.08754	0.17677	0.07370	0.13409	0.05780	0.01157	0.06272	0.00993	0.01255	0.00758	0.00482	0.00483	0.00151	0.00666	0.02366	0.00264	0.00685
25	0.00856	0.00697	0.07532	0.00719	0.00904	0.00538	0.00604	0.02610	0.01157	0.10841	0.21792	0.25233	0.17631	0.01088	0.00562	0.00169	0.00325	0.05784	0.00461	0.00496
26	0.01110	0.01986	0.13393	0.21192	0.18588	0.00987	0.06291	0.01496	0.06739	0.10326	0.01439	0.05081	0.06012	0.00596	0.00494	0.00156	0.00552	0.02606	0.00311	0.00645
27	0.02930	0.01239	0.05868	0.12361	0.28511	0.10013	0.10730	0.03871	0.04044	0.07250	0.01216	0.01484	0.04201	0.00525	0.00485	0.00149	0.00602	0.02725	0.01135	0.00662
28	0.00989	0.02263	0.67129	0.01493	0.03619	0.01126	0.13677	0.01515	0.01029	0.01517	0.00875	0.01056	0.00627	0.00446	0.00472	0.00153	0.00719	0.00387	0.00209	0.00698
29	0.00955	0.00898	0.01492	0.67330	0.14301	0.01078	0.01324	0.01311	0.04180	0.01302	0.00901	0.01282	0.00688	0.00477	0.00478	0.00157	0.00617	0.00430	0.00227	0.00573
30	0.01040	0.08430	0.03991	0.35145	0.14444	0.01187	0.22485	0.01358	0.01019	0.01355	0.00899	0.02652	0.00721	0.00470	0.00516	0.00154	0.02839	0.00463	0.00227	0.00606
31	0.02591	0.04023	0.43230	0.01291	0.04080	0.04338	0.08911	0.03724	0.06709	0.03689	0.01128	0.03501	0.00895	0.00537	0.00465	0.00151	0.00616	0.03313	0.06144	0.00663
32	0.00582	0.00416	0.00555	0.00666	0.00693	0.00388	0.00444	0.00666	0.00915	0.01220	0.02634	0.82891	0.03161	0.01497	0.00610	0.00194	0.00277	0.01359	0.00444	0.00388
33	0.00675	0.00467	0.00571	0.00591	0.00616	0.00474	0.00376	0.00723	0.00761	0.01023	0.01757	0.15071	0.03975	0.53934	0.14517	0.00456	0.00558	0.02808	0.00316	0.00333
34	0.01106	0.07660	0.15992	0.03208	0.01409	0.03170	0.06839	0.05586	0.09893	0.08651	0.01483	0.19254	0.01391	0.03847	0.02089	0.00184	0.06645	0.00640	0.00347	0.00603
35	0.01251	0.11641	0.39282	0.01289	0.04470	0.13182	0.04234	0.09327	0.03512	0.03707	0.00924	0.01053	0.00696	0.00561	0.02720	0.00158	0.00686	0.00367	0.00260	0.00679
36	0.00924	0.00865	0.01455	0.71118	0.10604	0.01048	0.01318	0.01235	0.00974	0.01263	0.00923	0.01434	0.00735	0.00507	0.00485	0.00160	0.00622	0.03556	0.00224	0.00549
37	0.01048	0.01077	0.05404	0.37588	0.40230	0.01104	0.03965	0.01363	0.01028	0.01409	0.00878	0.01219	0.00696	0.00449	0.00477	0.00151	0.00613	0.00427	0.00225	0.00652
38	0.01287	0.03299	0.04582	0.18996	0.12333	0.08058	0.07326	0.04255	0.05573	0.14798	0.01249	0.07706	0.01016	0.00595	0.00533	0.00154	0.04355	0.00509	0.02740	0.00638
39	0.01136	0.01271	0.08146	0.06307	0.46455	0.01153	0.25449	0.01479	0.01088	0.01532	0.00915	0.01207	0.00730	0.00423	0.00500	0.00149	0.00656	0.00463	0.00234	0.00707
40	0.01055	0.01202	0.04597	0.04899	0.05918	0.01105	0.61079	0.01419	0.01099	0.01488	0.01232	0.07422	0.04017	0.00521	0.00557	0.00162	0.00725	0.00623	0.00262	0.00619
41	0.01400	0.00883	0.03732	0.01037	0.07135	0.00823	0.03684	0.04958	0.16861	0.30136	0.04167	0.11838	0.07557	0.02850	0.00558	0.00166	0.00411	0.00649	0.00474	0.00681
42	0.01013	0.01968	0.51576	0.04608	0.12027	0.02742	0.07102	0.01512	0.04658	0.01505	0.00979	0.04184	0.00772	0.00507	0.00502	0.00154	0.02845	0.00428	0.00233	0.00684
43	0.00590	0.00458	0.00538	0.00576	0.00676	0.00405	0.00410	0.00713	0.01063	0.01366	0.16331	0.35878	0.36712	0.01287	0.00583	0.00173	0.00254	0.01126	0.00457	0.00405
44	0.04289	0.04136	0.01671	0.40068	0.29605	0.03267	0.04788	0.01397	0.03606	0.01409	0.00891	0.01211	0.00704	0.00459	0.00466	0.00150	0.00603	0.00420	0.00235	0.00625
45	0.01120	0.03677	0.01326	0.21796	0.13821	0.00870	0.05709	0.03506	0.01104	0.14563	0.03367	0.17856	0.03569	0.00763	0.00517	0.00163	0.00489	0.04829	0.00360	0.00592
46	0.00579	0.00430	0.00540	0.00627	0.00683	0.00391	0.00427	0.00670	0.00952	0.01235	0.03099	0.66405	0.19346	0.01437	0.00601	0.00187	0.00270	0.01285	0.00444	0.00391
47	0.00974	0.02371	0.74659	0.01373	0.02054	0.01117	0.04744	0.01553	0.03969	0.01533	0.00903	0.01049	0.00642	0.00459	0.00460	0.00152	0.00698	0.00369	0.00214	0.00706
48	0.01042	0.00893	0.03656	0.05643	0.01503	0.00872	0.21784	0.04349	0.07654	0.07812	0.01491	0.13359	0.02645	0.07462	0.05941	0.07193	0.03823	0.02001	0.00334	0.00543
49	0.01161	0.01108	0.01897	0.04952	0.67610	0.01112	0.05877	0.03534	0.01110	0.01574	0.00991	0.05067	0.00867	0.00481	0.00485	0.00146	0.00569	0.00478	0.00253	0.00728
50	0.00677	0.00492	0.00653	0.00721	0.00813	0.00469	0.00569	0.00849	0.01100	0.01461	0.19376	0.27069	0.10668	0.01287	0.00616	0.00192	0.00329	0.31774	0.00460	0.00424
51	0.04850	0.01803	0.44270	0.01153	0.01646	0.07093	0.02597	0.01579	0.02727	0.12663	0.01264	0.04949	0.03017	0.00587	0.00495	0.00154	0.02782	0.03004	0.02710	0.00659
52	0.00817	0.00694	0.01064	0.35822	0.06798	0.00777	0.00917	0.03924	0.01033	0.01362	0.06383	0.29277	0.04179	0.00910	0.00538	0.00171	0.00462	0.04040	0.00337	0.00495
53	0.01164	0.00665	0.00837	0.00751	0.00955	0.00633	0.00595	0.07061	0.05513	0.22403	0.26555	0.10891	0.09470	0.00939	0.00547	0.00163	0.00334	0.09432	0.00513	0.00577
54	0.07725	0.01299	0.11976	0.07566	0.33883	0.01140	0.21893	0.01483	0.01056	0.03691	0.00909	0.01172	0.00711	0.00445	0.00514	0.00152	0.03017	0.00442	0.00245	0.00682
55	0.00980	0.15257	0.23673	0.01073	0.01437	0.00975	0.09757	0.01264	0.01022	0.06023	0.01557	0.23653	0.01575	0.00824	0.00507	0.00163	0.00522	0.08840	0.00321	0.00575
56	0.00932	0.00966	0.04249	0.01215	0.01415	0.04335	0.24572	0.01132	0.00903	0.01235	0.01192	0.08310	0.01179	0.17756	0.14390	0.00331	0.14527	0.00604	0.00263	0.00494
57	0.01125	0.11286	0.45165	0.01401	0.08628	0.01172	0.07099	0.04641	0.03677	0.06286	0.01032	0.04566	0.00808	0.00507	0.00457	0.00147	0.00625	0.00424	0.00262	0.00694
58	0.01902	0.12209	0.33373	0.03950	0.05251	0.02683	0.02490	0.01492	0.02321	0.12137	0.07014	0.03368	0.06455	0.00604	0.00465	0.00148	0.00546	0.02630	0.00315	0.00647
59	0.00817	0.00451	0.00636	0.00636	0.00659	0.00453	0.00434	0.02559	0.00720	0.00954	0.01199	0.05305	0.04309	0.07548	0.03838	0.65382	0.00432	0.03161	0.00249	0.00258
60	0.01215	0.08142	0.42013	0.07306	0.05267	0.15960	0.04082	0.04625	0.02223	0.03579	0.00880	0.01033	0.00656	0.00468	0.00447	0.00143	0.00693	0.00362	0.00239	0.00666
61	0.02608	0.11997	0.15418	0.01333	0.12692	0.07117	0.06053	0.05679	0.03414	0.20581	0.04200	0.04639	0.01062	0.00551	0.00460	0.00143	0.00548	0.00460	0.00353	0.00693
62	0.01233	0.01189	0.06615	0.09769	0.06289	0.05575	0.04659	0.12093	0.08439	0.06083	0.01018	0.01253	0.00815	0.00842	0.06674	0.00213	0.25872	0.00439	0.00302	0.00628
63	0.01226	0.04335	0.01627	0.01349	0.05817	0.15635	0.19447	0.10385	0.03416	0.01549	0.05153	0.01621	0.01109	0.00952	0.09033	0.03465	0.07451	0.05546	0.00301	0.00583
64	0.01159	0.00938	0.01339	0.09767	0.23113	0.04791	0.05033	0.07801	0.01952	0.09766	0.04871	0.12602	0.06203	0.00758	0.00522	0.00160	0.00496	0.07746	0.00365	0.00617
65	0.01095	0.03916	0.01500	0.02723	0.26002	0.07317	0.06190	0.01318	0.01021	0.01437	0.03027	0.02674	0.00902	0.00748	0.07071	0.00182	0.09274	0.00421	0.02469	0.20714
66	0.00677	0.00488	0.00649	0.03894	0.03805	0.00464	0.00515	0.00791	0.00959	0.03277	0.02695	0.54726	0.13301	0.04790	0.00661	0.00195	0.00313	0.04132	0.03247	0.00420
67	0.06232	0.00789	0.01018	0.03742	0.10852	0.00809	0.02271	0.12987	0.04211	0.06265	0.07993	0.11901	0.11744	0.00874	0.00522	0.00164	0.00404	0.12149	0.04502	0.00571
68	0.07551	0.05187	0.01450	0.01505	0.19101	0.42525	0.00982	0.06979	0.01266	0.01451	0.00951	0.01124	0.03434	0.02198	0.00498	0.00140	0.02413	0.00372	0.00269	0.00606
69	0.00756	0.00546	0.00630	0.00618	0.00661	0.02583	0.00406	0.02887	0.00783	0.01066	0.01418	0.02639	0.01523	0.54930	0.23266	0.00516	0.00685	0.00621	0.03113	0.00352
70	0.00573	0.00480	0.00499	0.00504	0.00653	0.00406	0.00374	0.00699	0.01095	0.01327	0.09532	0.09649	0.70145	0.01214	0.00568	0.00163	0.00243	0.01022	0.00449	0.00406
71	0.01067	0.01029	0.01809	0.26429	0.29011	0.01099	0.16048	0.04498	0.01093	0.01493	0.03036	0.03127	0.00934	0.00530	0.00547	0.00158	0.03827	0.03375	0.00258	0.00633
72	0.01147	0.00984	0.01044	0.00951	0.01205	0.01133	0.00735	0.02410	0.73928	0.01945	0.01993	0.07397	0.01577	0.00707	0.00495	0.00164	0.00371	0.00597	0.00483	0.00731
73	0.01239	0.03540	0.01861	0.08937	0.60535	0.01142	0.03466	0.03558	0.01117	0.06755	0.00956	0.01206	0.00769	0.00453	0.00496	0.00145	0.02402	0.00428	0.00263	0.00732
74	0.01637	0.01029	0.01170	0.00962	0.01290	0.01099	0.00774	0.19648	0.36946	0.27413	0.01746	0.01590	0.01225	0.00613	0.00483	0.00153	0.00421	0.00496	0.00518	0.00787
75	0.01210	0.01144	0.01834	0.04688	0.50706	0.02718	0.09885	0.08573	0.06642	0.01692	0.01152	0.01438	0.03088	0.00501	0.00492	0.00148	0.00573	0.02509	0.00287	0.00721
76	0.00991	0.00850	0.00991	0.00708	0.01133	0.00637	0.00566	0.01203	0.00991	0.01557	0.00850	0.00991	0.00708	0.00354	0.00354	0.00071	0.00354	0.00283	0.00283	0.86124
77	0.01219	0.01078	0.01390	0.04569	0.02913	0.03550	0.05215	0.16105	0.01163	0.03064	0.00864	0.01099	0.00715	0.00596	0.00848	0.00150	0.30582	0.00393	0.02213	0.22276
78	0.00573	0.00463	0.00510	0.00544	0.00662	0.00400	0.00390	0.00685	0.01042	0.01285	0.06096	0.28914	0.54178	0.01294	0.00579	0.00171	0.00253	0.01114	0.00446	0.00400
79	0.00706	0.00488	0.00601	0.00601	0.00627	0.00514	0.00391	0.00759	0.00734	0.01009	0.01482	0.02876	0.01627	0.59209	0.19702	0.00509	0.02096	0.03644	0.02093	0.00333
80	0.00701	0.00496	0.00725	0.00725	0.00792	0.00563	0.00544	0.00811	0.00744	0.01059	0.01254	0.01964	0.01212	0.11914	0.63921	0.10318	0.01095	0.00521	0.00254	0.00387
81	0.00701	0.00562	0.00810	0.07983	0.10222	0.00555	0.00664	0.00853	0.00997	0.01319	0.05702	0.45709	0.11836	0.01210	0.00581	0.00182	0.00353	0.08907	0.00403	0.00453
82	0.00991	0.00850	0.00991	0.00708	0.01133	0.00637	0.00566	0.01203	0.00991	0.01557	0.00850	0.00991	0.00708	0.00354	0.00354	0.00071	0.00354	0.00283	0.00283	0.86124
83	0.16733	0.01006	0.01458	0.07008	0.41232	0.01046	0.01090	0.06483	0.01127	0.09942	0.02648	0.01248	0.00859	0.00579	0.03112	0.00165	0.00524	0.00414	0.02644	0.00683
84	0.00971	0.04115	0.07161	0.18852	0.27391	0.01001	0.01122	0.01299	0.05406	0.01481	0.11119	0.03961	0.08088	0.00639	0.00553	0.00154	0.05228	0.00549	0.00299	0.00608
85	0.00930	0.00785	0.01092	0.01075	0.04320	0.00937	0.02152	0.04618	0.03922	0.01362	0.01587	0.12033	0.01681	0.03788	0.01065	0.04793	0.28507	0.24528	0.00336	0.00491
86	0.04579	0.06062	0.01149	0.00952	0.01184	0.26983	0.00743	0.07882	0.20523	0.01662	0.01277	0.04624	0.01046	0.00597	0.00473	0.00138	0.03885	0.00441	0.15200	0.00600
87	0.01229	0.13343	0.16785	0.01103	0.07342	0.01105	0.00970	0.12722	0.07188	0.07018	0.01132	0.06026	0.00930	0.00526	0.00428	0.00127	0.00487	0.00422	0.00327	0.20791

[dist]
# distance from previous block
# <min> <max>
0	8

[block]
# block no. 6 follows, 53 sequences, length 47
# corresponding to MSA columns:
# 390-436
name=unknown_G
#
# <colnr> <probs for GDERKNQSTAVLIFYWHMCP>
#	G	D	E	R	K	N	Q	S	T	A	V	L	I	F	Y	W	H	M	C	P
0	0.03117	0.01151	0.09801	0.05920	0.28394	0.00990	0.07918	0.04435	0.03096	0.23967	0.04650	0.01412	0.01030	0.00511	0.00481	0.00147	0.00534	0.00463	0.00361	0.01623
1	0.01267	0.03930	0.01134	0.00957	0.01224	0.02967	0.00759	0.07909	0.54630	0.07370	0.04253	0.03820	0.01515	0.00689	0.00512	0.00160	0.02050	0.03662	0.00470	0.00719
2	0.01132	0.11457	0.23378	0.03982	0.09073	0.02830	0.22863	0.05947	0.07465	0.01570	0.01043	0.04577	0.00843	0.00503	0.00488	0.00150	0.01292	0.00470	0.00267	0.00670
3	0.01175	0.02964	0.16062	0.05824	0.33916	0.03880	0.03248	0.01578	0.08152	0.07857	0.03015	0.01549	0.02873	0.02828	0.00534	0.00158	0.00560	0.02839	0.00299	0.00690
4	0.00758	0.00608	0.00933	0.10634	0.12413	0.00607	0.02916	0.00912	0.00969	0.03094	0.02192	0.53711	0.05241	0.01160	0.00570	0.00180	0.00380	0.01863	0.00384	0.00476
5	0.00607	0.00455	0.00621	0.00687	0.00742	0.00423	0.02865	0.00703	0.00932	0.01226	0.02743	0.66830	0.10672	0.05627	0.00699	0.00204	0.00303	0.02840	0.00429	0.00394
6	0.06120	0.11948	0.30365	0.01314	0.10376	0.07499	0.04441	0.03861	0.03367	0.04678	0.08799	0.03035	0.01120	0.00534	0.00448	0.00143	0.00580	0.00434	0.00286	0.00651
7	0.01276	0.14195	0.33119	0.01324	0.08744	0.06026	0.04850	0.09512	0.01188	0.09192	0.01038	0.01153	0.02305	0.00527	0.00493	0.03095	0.00611	0.00388	0.00281	0.00683
8	0.01619	0.01189	0.01299	0.01078	0.04256	0.01309	0.00849	0.59596	0.07788	0.02709	0.01273	0.01354	0.00945	0.00587	0.00466	0.00143	0.00480	0.01962	0.10342	0.00757
9	0.01273	0.01274	0.04812	0.13596	0.20322	0.06194	0.28049	0.10723	0.02238	0.05331	0.00993	0.01231	0.00750	0.00459	0.00503	0.00151	0.00669	0.00468	0.00283	0.00680
10	0.01222	0.01220	0.05531	0.07504	0.40805	0.06986	0.04903	0.06587	0.09550	0.03189	0.01196	0.01376	0.03638	0.00504	0.00474	0.00145	0.00562	0.00455	0.03453	0.00700
11	0.01080	0.02881	0.21952	0.03099	0.20312	0.02967	0.01087	0.03477	0.01063	0.09217	0.02685	0.10672	0.05040	0.11495	0.00743	0.00193	0.00528	0.00580	0.00313	0.00614
12	0.00769	0.00610	0.00782	0.00815	0.03782	0.02172	0.02140	0.00952	0.02661	0.03844	0.16542	0.23104	0.20946	0.01144	0.00642	0.00178	0.05347	0.12677	0.00433	0.00462
13	0.01346	0.05929	0.25435	0.01552	0.15028	0.19376	0.07149	0.05674	0.01189	0.07591	0.00935	0.01090	0.00712	0.00549	0.02324	0.00156	0.02638	0.00385	0.00267	0.00674
14	0.03053	0.03841	0.18050	0.04931	0.23229	0.01007	0.01160	0.04668	0.05280	0.23801	0.03668	0.03055	0.01034	0.00537	0.00469	0.00148	0.00521	0.00456	0.00364	0.00729
15	0.00869	0.00828	0.09820	0.00902	0.03949	0.00673	0.00754	0.03964	0.08037	0.04724	0.09344	0.18890	0.09767	0.05198	0.00663	0.00194	0.00402	0.20087	0.00419	0.00518
16	0.00655	0.00517	0.00594	0.00609	0.00725	0.00488	0.00462	0.00802	0.02578	0.01293	0.06810	0.08334	0.42805	0.13849	0.00901	0.00221	0.02796	0.14740	0.00417	0.00404
17	0.01106	0.15227	0.41119	0.07435	0.06018	0.01233	0.04015	0.05465	0.06657	0.03175	0.00968	0.01108	0.00725	0.00471	0.00437	0.00143	0.00611	0.00377	0.03028	0.00681
18	0.03391	0.04063	0.19503	0.10233	0.24179	0.03068	0.04933	0.10031	0.02361	0.06086	0.01036	0.02905	0.00824	0.03019	0.00524	0.00156	0.00586	0.00436	0.01985	0.00682
19	0.01017	0.01004	0.04302	0.54081	0.24777	0.01100	0.01366	0.04159	0.01042	0.01393	0.00875	0.01235	0.00676	0.00466	0.00476	0.00154	0.00616	0.00423	0.00229	0.00611
20	0.00923	0.01103	0.13229	0.54559	0.09990	0.01036	0.04076	0.01261	0.00979	0.01307	0.00978	0.06658	0.00815	0.00535	0.00486	0.00159	0.00623	0.00481	0.00229	0.00572
21	0.01235	0.03740	0.14567	0.03451	0.21081	0.07240	0.14977	0.06061	0.04908	0.07958	0.02143	0.03229	0.06143	0.00546	0.00490	0.00149	0.00599	0.00498	0.00307	0.00677
22	0.02889	0.05309	0.38047	0.08103	0.04641	0.02682	0.06121	0.04409	0.02644	0.11237	0.04722	0.01374	0.00956	0.00531	0.00490	0.00152	0.02179	0.02545	0.00295	0.00674
23	0.00655	0.00475	0.00596	0.00639	0.00706	0.00454	0.00450	0.00806	0.03231	0.01367	0.19364	0.35801	0.09699	0.15536	0.00914	0.00230	0.00313	0.07927	0.00436	0.00401
24	0.01242	0.09500	0.17494	0.01194	0.05321	0.05031	0.11188	0.01553	0.03343	0.16838	0.06220	0.04580	0.03163	0.04128	0.00595	0.00166	0.02291	0.05171	0.00348	0.00634
25	0.03612	0.18536	0.35035	0.01217	0.07414	0.01211	0.01229	0.09171	0.01153	0.05746	0.03464	0.05348	0.00992	0.00561	0.00443	0.00144	0.00567	0.03201	0.00286	0.00668
26	0.01079	0.08100	0.43024	0.01303	0.01813	0.01159	0.12389	0.07428	0.01095	0.03589	0.01019	0.05811	0.00843	0.03545	0.00610	0.00166	0.05655	0.00459	0.00257	0.00657
27	0.00613	0.00527	0.02974	0.00630	0.00738	0.00447	0.00466	0.00775	0.03846	0.01307	0.06014	0.46383	0.30912	0.01313	0.00583	0.00178	0.00279	0.01155	0.00441	0.00419
28	0.03125	0.02591	0.25956	0.01496	0.12745	0.15743	0.09874	0.04388	0.04075	0.09204	0.03803	0.02893	0.00924	0.00515	0.00472	0.00146	0.00644	0.00436	0.00296	0.00674
29	0.01356	0.03825	0.12629	0.11327	0.21384	0.07480	0.04405	0.01639	0.01155	0.20297	0.05501	0.01462	0.01054	0.00538	0.00499	0.00148	0.02165	0.02121	0.00333	0.00682
30	0.00778	0.03670	0.02455	0.02844	0.00967	0.02919	0.02806	0.03961	0.01126	0.01422	0.09102	0.09870	0.30150	0.04984	0.00660	0.00188	0.00380	0.20849	0.00412	0.00455
31	0.01024	0.07280	0.54551	0.01324	0.04388	0.01076	0.06787	0.01466	0.01026	0.05130	0.01065	0.03238	0.00873	0.03534	0.00542	0.00165	0.00648	0.04971	0.00247	0.00665
32	0.07759	0.06789	0.10158	0.01156	0.08218	0.09287	0.04055	0.06572	0.03981	0.23289	0.02255	0.06393	0.01143	0.02907	0.00521	0.00158	0.00522	0.03790	0.00384	0.00665
33	0.01037	0.01176	0.10836	0.33651	0.09066	0.04280	0.10203	0.05841	0.02861	0.01460	0.01142	0.03914	0.03554	0.00559	0.00522	0.00156	0.02959	0.02812	0.00264	0.03705
34	0.02414	0.02961	0.05594	0.02539	0.03177	0.07735	0.00709	0.01336	0.05290	0.09204	0.06667	0.03896	0.14700	0.02367	0.00543	0.00143	0.03077	0.05318	0.02070	0.20260
35	0.08382	0.07862	0.03744	0.21163	0.18000	0.02323	0.04212	0.04125	0.05452	0.03898	0.03321	0.04689	0.01011	0.03090	0.00581	0.00163	0.05039	0.02053	0.00287	0.00607
36	0.03771	0.00883	0.03655	0.23814	0.12312	0.00887	0.03707	0.03137	0.05783	0.15392	0.01437	0.10773	0.02707	0.02558	0.00588	0.03344	0.00499	0.02032	0.00346	0.02376
37	0.06542	0.06526	0.12738	0.12437	0.08637	0.06130	0.14546	0.04107	0.04252	0.03154	0.01056	0.04215	0.02378	0.00526	0.00517	0.00147	0.04708	0.00452	0.00271	0.06662
38	0.01182	0.15705	0.07692	0.09285	0.06501	0.01098	0.06902	0.11621	0.02704	0.07598	0.01320	0.08634	0.02693	0.05774	0.00584	0.00163	0.00510	0.02850	0.02990	0.04194
39	0.10678	0.01418	0.25535	0.05204	0.04746	0.07285	0.04016	0.01408	0.02622	0.06495	0.06271	0.09313	0.01336	0.00690	0.00534	0.00162	0.04356	0.07021	0.00314	0.00594
40	0.04286	0.05930	0.07504	0.16595	0.14923	0.12571	0.08048	0.07046	0.01150	0.01514	0.01013	0.05850	0.00884	0.00539	0.00463	0.00143	0.00603	0.02926	0.00271	0.07740
41	0.07679	0.13925	0.11445	0.05156	0.12189	0.08118	0.06306	0.02910	0.03537	0.02998	0.05660	0.04754	0.06091	0.00586	0.00490	0.00143	0.03699	0.00477	0.00290	0.03547
42	0.08576	0.15526	0.09716	0.09486	0.14852	0.07998	0.03788	0.03536	0.10992	0.07857	0.02622	0.01203	0.00870	0.00493	0.00432	0.00141	0.00551	0.00397	0.00303	0.00662
43	0.06083	0.12037	0.28591	0.02631	0.09858	0.08194	0.01182	0.07031	0.02752	0.10095	0.00999	0.01146	0.00761	0.02545	0.03102	0.00168	0.00618	0.00376	0.00287	0.01544
44	0.10727	0.09168	0.14758	0.06851	0.09311	0.08334	0.05195	0.03072	0.03196	0.01475	0.01166	0.02191	0.06430	0.02530	0.03091	0.00173	0.07311	0.00432	0.00265	0.04327
45	0.11692	0.08703	0.23560	0.01121	0.01554	0.11188	0.09802	0.04070	0.01139	0.11470	0.03042	0.01417	0.05904	0.00543	0.00448	0.00144	0.00587	0.01708	0.00309	0.01600
46	0.06028	0.09748	0.17937	0.02677	0.06739	0.05445	0.03567	0.06764	0.03334	0.10790	0.06864	0.04175	0.01220	0.02255	0.02151	0.00162	0.00535	0.03316	0.02550	0.03741

[dist]
# distance from previous block
# <min> <max>
0	684

# created by:
# /home/cegg/simao/soft/augustus-3.2.1/scripts/msa2prfl.pl ./align_prep/EOG091G0S2R.fa
