[name]
unknown

[dist]
# distance from previous block
# <min> <max>
0	51

[block]
# block no. 0 follows, 41 sequences, length 22
# corresponding to MSA columns:
# 71-87,89-93
name=unknown_A
#
# <colnr> <probs for GDERKNQSTAVLIFYWHMCP>
#	G	D	E	R	K	N	Q	S	T	A	V	L	I	F	Y	W	H	M	C	P
0	0.01513	0.08743	0.14554	0.01369	0.05827	0.09203	0.05443	0.02020	0.12622	0.13775	0.01889	0.05281	0.04845	0.03921	0.00671	0.00197	0.00641	0.06286	0.00431	0.00768
1	0.08952	0.06766	0.08001	0.06499	0.03808	0.04761	0.09804	0.05123	0.14428	0.10758	0.03911	0.01774	0.04733	0.00653	0.00543	0.00171	0.00606	0.00550	0.00425	0.07736
2	0.05054	0.01373	0.04826	0.09620	0.09668	0.06020	0.02987	0.20408	0.04561	0.04456	0.03491	0.05973	0.01264	0.00701	0.00584	0.00168	0.02361	0.02436	0.00419	0.13629
3	0.01288	0.04711	0.10227	0.08289	0.04674	0.06192	0.03123	0.12761	0.06988	0.02074	0.10869	0.06662	0.10910	0.00859	0.00586	0.00178	0.00566	0.02024	0.04370	0.02648
4	0.01262	0.04900	0.07475	0.04435	0.07164	0.01026	0.05971	0.05565	0.04592	0.07377	0.01911	0.14447	0.06588	0.03600	0.00681	0.00182	0.02512	0.00723	0.03095	0.16493
5	0.05235	0.25887	0.06051	0.09358	0.01911	0.04822	0.06083	0.10307	0.05179	0.12026	0.01218	0.01319	0.00920	0.00568	0.00492	0.00155	0.00638	0.00442	0.00380	0.07008
6	0.01519	0.12951	0.17300	0.05031	0.14436	0.08010	0.02905	0.11938	0.04704	0.04953	0.03026	0.01551	0.04197	0.00618	0.00534	0.00164	0.00682	0.00497	0.00360	0.04626
7	0.06309	0.22885	0.10057	0.01281	0.04667	0.15475	0.03735	0.06949	0.02738	0.05153	0.03019	0.03329	0.04038	0.00944	0.06872	0.00221	0.00762	0.00494	0.00346	0.00727
8	0.01242	0.01005	0.01194	0.00888	0.01346	0.00811	0.00708	0.01521	0.03301	0.05626	0.01206	0.04930	0.01035	0.00535	0.00508	0.00106	0.03543	0.00426	0.00370	0.69697
9	0.00786	0.00535	0.00637	0.00682	0.00693	0.00524	0.00409	0.00820	0.00921	0.01228	0.02258	0.29344	0.02655	0.53512	0.02174	0.00446	0.00479	0.01100	0.00409	0.00386
10	0.05072	0.07411	0.10094	0.07537	0.08127	0.01427	0.16402	0.12065	0.01447	0.08243	0.03248	0.03324	0.03037	0.00678	0.00717	0.00186	0.09260	0.00573	0.00372	0.00780
11	0.24216	0.15782	0.01753	0.01345	0.06749	0.21516	0.03558	0.01782	0.01203	0.01757	0.00921	0.03608	0.00822	0.00645	0.00660	0.00172	0.12114	0.00422	0.00302	0.00673
12	0.00778	0.00548	0.00741	0.00857	0.00915	0.00531	0.00629	0.00908	0.01122	0.01487	0.02918	0.50415	0.03386	0.06728	0.03424	0.02744	0.00442	0.20455	0.00503	0.00469
13	0.01293	0.03489	0.01940	0.11735	0.39756	0.01267	0.05050	0.04452	0.01290	0.01825	0.01468	0.04900	0.05206	0.00674	0.00657	0.00179	0.06071	0.00598	0.07379	0.00771
14	0.00701	0.00568	0.00660	0.04043	0.00931	0.00510	0.00521	0.00840	0.01219	0.01510	0.04598	0.33047	0.45753	0.01539	0.00692	0.00208	0.00326	0.01334	0.00519	0.00483
15	0.02110	0.16198	0.06026	0.01231	0.03528	0.06609	0.03418	0.12773	0.03455	0.36515	0.01628	0.01545	0.01116	0.00636	0.00533	0.00165	0.00608	0.00497	0.00519	0.00890
16	0.01838	0.24185	0.05097	0.01208	0.01671	0.13620	0.01058	0.31780	0.01868	0.02360	0.01080	0.01164	0.00844	0.00582	0.00488	0.00145	0.00674	0.00410	0.00397	0.09529
17	0.01405	0.05624	0.01893	0.01440	0.01716	0.04628	0.16916	0.01848	0.13436	0.06795	0.01311	0.01612	0.01069	0.02893	0.01104	0.05944	0.22078	0.00555	0.03638	0.04094
18	0.01662	0.18326	0.09652	0.03137	0.01732	0.07071	0.05971	0.11853	0.06683	0.13159	0.03217	0.01819	0.01258	0.00695	0.00579	0.00172	0.03036	0.05237	0.03953	0.00791
19	0.00917	0.00722	0.03831	0.00779	0.00955	0.00605	0.02814	0.01112	0.01295	0.05437	0.26649	0.10948	0.16853	0.17337	0.01110	0.00260	0.00397	0.00981	0.04120	0.02879
20	0.00697	0.00498	0.00664	0.00796	0.00830	0.00465	0.00531	0.00796	0.01095	0.01460	0.03153	0.79525	0.03783	0.01792	0.00730	0.00232	0.00332	0.01626	0.00531	0.00465
21	0.01335	0.24558	0.30089	0.08788	0.07110	0.07084	0.05492	0.01742	0.01226	0.01602	0.01022	0.01328	0.00834	0.00675	0.03031	0.00189	0.00795	0.02077	0.00262	0.00762

[dist]
# distance from previous block
# <min> <max>
3	5

[block]
# block no. 1 follows, 41 sequences, length 24
# corresponding to MSA columns:
# 100-123
name=unknown_B
#
# <colnr> <probs for GDERKNQSTAVLIFYWHMCP>
#	G	D	E	R	K	N	Q	S	T	A	V	L	I	F	Y	W	H	M	C	P
0	0.57514	0.05095	0.11567	0.03564	0.03347	0.01325	0.03633	0.01747	0.01070	0.05410	0.00916	0.01063	0.00693	0.00537	0.00414	0.00176	0.00543	0.00361	0.00341	0.00684
1	0.01080	0.01017	0.01716	0.78523	0.03940	0.01271	0.01589	0.01461	0.01144	0.01461	0.01017	0.01525	0.00762	0.00572	0.00572	0.00191	0.00762	0.00508	0.00254	0.00635
2	0.04369	0.01325	0.05040	0.05282	0.03362	0.01339	0.07050	0.34211	0.01878	0.08479	0.03066	0.08851	0.01445	0.04619	0.02405	0.00220	0.02565	0.03206	0.00486	0.00802
3	0.01462	0.01273	0.01698	0.06933	0.32919	0.07277	0.01238	0.06788	0.03202	0.07702	0.01734	0.05761	0.08035	0.00695	0.00565	0.00165	0.00604	0.00607	0.00385	0.10957
4	0.01066	0.00533	0.00533	0.00533	0.00666	0.00533	0.00400	0.01333	0.01200	0.02132	0.01866	0.02132	0.01466	0.00666	0.00400	0.00133	0.00267	0.00533	0.83073	0.00533
5	0.03068	0.09280	0.07477	0.04617	0.03865	0.01172	0.03999	0.08258	0.09251	0.03542	0.04116	0.06142	0.01297	0.00636	0.00508	0.00145	0.00530	0.00529	0.02261	0.29310
6	0.01233	0.01170	0.01861	0.21200	0.33650	0.03668	0.06301	0.03311	0.01289	0.01734	0.04979	0.06698	0.04848	0.04758	0.00714	0.00201	0.00664	0.00659	0.00330	0.00731
7	0.01066	0.00533	0.00533	0.00533	0.00666	0.00533	0.00400	0.01333	0.01200	0.02132	0.01866	0.02132	0.01466	0.00666	0.00400	0.00133	0.00267	0.00533	0.83073	0.00533
8	0.31319	0.01466	0.01442	0.06323	0.04422	0.16519	0.06395	0.07012	0.03143	0.02051	0.01014	0.01264	0.00823	0.00954	0.08036	0.00250	0.06121	0.00435	0.00338	0.00674
9	0.16838	0.01237	0.01753	0.10973	0.37313	0.01315	0.01323	0.10727	0.01401	0.05002	0.01148	0.01397	0.00899	0.00560	0.00518	0.00172	0.00606	0.00477	0.05532	0.00809
10	0.02174	0.01602	0.01717	0.01316	0.01774	0.01774	0.01087	0.74423	0.02689	0.03605	0.01373	0.01373	0.00973	0.00687	0.00572	0.00172	0.00629	0.00515	0.00572	0.00973
11	0.01080	0.01017	0.01716	0.78523	0.03940	0.01271	0.01589	0.01461	0.01144	0.01461	0.01017	0.01525	0.00762	0.00572	0.00572	0.00191	0.00762	0.00508	0.00254	0.00635
12	0.01154	0.01000	0.01610	0.04620	0.37566	0.01006	0.01325	0.01449	0.01293	0.01767	0.02029	0.07616	0.02086	0.01043	0.00672	0.00214	0.00598	0.31842	0.00401	0.00710
13	0.00828	0.00568	0.00721	0.00727	0.00760	0.00598	0.00474	0.00886	0.00867	0.01187	0.01746	0.06446	0.01911	0.50266	0.25878	0.03771	0.00845	0.00786	0.00338	0.00399
14	0.00826	0.00578	0.00741	0.00741	0.00781	0.00618	0.00492	0.00907	0.00866	0.01196	0.01695	0.03151	0.01822	0.49957	0.32501	0.00699	0.00942	0.00745	0.00331	0.00412
15	0.01066	0.00533	0.00533	0.00533	0.00666	0.00533	0.00400	0.01333	0.01200	0.02132	0.01866	0.02132	0.01466	0.00666	0.00400	0.00133	0.00267	0.00533	0.83073	0.00533
16	0.00817	0.00613	0.00919	0.00919	0.01021	0.00715	0.00715	0.01021	0.00919	0.01328	0.01532	0.02247	0.01430	0.04290	0.77631	0.00919	0.01532	0.00613	0.00306	0.00511
17	0.01667	0.01503	0.01431	0.01238	0.01572	0.12169	0.00973	0.18685	0.44485	0.02491	0.04073	0.01849	0.01513	0.00748	0.00611	0.00184	0.02826	0.00586	0.00531	0.00867
18	0.01066	0.00533	0.00533	0.00533	0.00666	0.00533	0.00400	0.01333	0.01200	0.02132	0.01866	0.02132	0.01466	0.00666	0.00400	0.00133	0.00267	0.00533	0.83073	0.00533
19	0.03832	0.00645	0.00855	0.00838	0.00927	0.00739	0.00629	0.01071	0.00940	0.01441	0.01558	0.02418	0.01493	0.18167	0.45549	0.00677	0.05611	0.00627	0.11492	0.00492
20	0.01035	0.00791	0.02619	0.00816	0.01016	0.00750	0.00651	0.09082	0.01580	0.04829	0.38020	0.05823	0.19363	0.01123	0.00703	0.00184	0.04368	0.00942	0.05706	0.00599
21	0.01150	0.00916	0.01092	0.00845	0.01260	0.00709	0.00657	0.01374	0.01188	0.04902	0.01475	0.16151	0.01431	0.00696	0.00488	0.00117	0.00409	0.00594	0.00391	0.64157
22	0.01034	0.00764	0.00919	0.00876	0.01035	0.00697	0.00639	0.01278	0.04828	0.02358	0.60797	0.08333	0.11340	0.01325	0.00757	0.00222	0.00359	0.01111	0.00674	0.00656
23	0.21078	0.06041	0.13294	0.01273	0.05111	0.01239	0.03760	0.04736	0.03266	0.04391	0.06727	0.02488	0.12203	0.00885	0.00610	0.00210	0.00595	0.03340	0.00466	0.08288

[dist]
# distance from previous block
# <min> <max>
2	4

[block]
# block no. 2 follows, 41 sequences, length 6
# corresponding to MSA columns:
# 128,130-134
name=unknown_C
#
# <colnr> <probs for GDERKNQSTAVLIFYWHMCP>
#	G	D	E	R	K	N	Q	S	T	A	V	L	I	F	Y	W	H	M	C	P
0	0.13423	0.18809	0.22828	0.01637	0.09927	0.07108	0.11729	0.01845	0.01243	0.05041	0.01010	0.01194	0.00782	0.00528	0.00499	0.00166	0.00734	0.00429	0.00294	0.00777
1	0.01181	0.03663	0.16599	0.09367	0.17975	0.01185	0.09417	0.01533	0.01191	0.03810	0.03815	0.06254	0.03246	0.04727	0.08626	0.00279	0.05463	0.00631	0.00319	0.00719
2	0.00752	0.00590	0.00679	0.00702	0.00839	0.00543	0.00512	0.00958	0.04099	0.01633	0.14264	0.21115	0.37498	0.06481	0.03859	0.00254	0.00377	0.03822	0.00526	0.00497
3	0.01174	0.01017	0.01244	0.09359	0.01639	0.00818	0.00778	0.01443	0.01181	0.01820	0.01017	0.01223	0.00838	0.00440	0.00440	0.00096	0.00461	0.00357	0.00330	0.74326
4	0.01178	0.01071	0.01478	0.17224	0.15935	0.05119	0.03732	0.04267	0.06737	0.01714	0.05598	0.09587	0.04851	0.09623	0.03928	0.00257	0.04118	0.00722	0.02202	0.00659
5	0.00770	0.00574	0.00715	0.00699	0.00835	0.00520	0.00517	0.00995	0.01496	0.02047	0.53493	0.12837	0.19802	0.01296	0.00681	0.00188	0.00281	0.01135	0.00598	0.00520

[dist]
# distance from previous block
# <min> <max>
0	37

[block]
# block no. 3 follows, 41 sequences, length 44
# corresponding to MSA columns:
# 254-297
name=unknown_D
#
# <colnr> <probs for GDERKNQSTAVLIFYWHMCP>
#	G	D	E	R	K	N	Q	S	T	A	V	L	I	F	Y	W	H	M	C	P
0	0.01484	0.01556	0.08825	0.02815	0.50631	0.03335	0.04580	0.09175	0.08156	0.02072	0.01213	0.01454	0.00967	0.00555	0.00569	0.00174	0.00689	0.00518	0.00336	0.00896
1	0.00695	0.00504	0.00657	0.00780	0.00825	0.00466	0.00524	0.00798	0.01110	0.01466	0.03347	0.74074	0.09109	0.01767	0.00726	0.00229	0.00329	0.01595	0.00531	0.00466
2	0.01186	0.01017	0.01186	0.00847	0.01356	0.00762	0.00678	0.01440	0.01186	0.01864	0.01017	0.01186	0.00847	0.00424	0.00424	0.00085	0.00424	0.00339	0.00339	0.83395
3	0.00739	0.00546	0.00657	0.00699	0.00810	0.00492	0.00497	0.00903	0.01293	0.01729	0.21973	0.34643	0.25574	0.01475	0.00682	0.00202	0.00300	0.01296	0.04998	0.00492
4	0.01407	0.04899	0.02406	0.03200	0.63021	0.01428	0.07556	0.01739	0.01277	0.01816	0.01052	0.01395	0.00887	0.00533	0.00637	0.00174	0.04907	0.00513	0.00280	0.00872
5	0.00702	0.00580	0.00615	0.00606	0.00788	0.00494	0.00455	0.00870	0.01364	0.01688	0.19228	0.05269	0.62575	0.01395	0.00676	0.00191	0.00286	0.01174	0.00550	0.00494
6	0.01523	0.74682	0.02869	0.00986	0.01456	0.04760	0.00967	0.01709	0.01195	0.01382	0.03562	0.01045	0.00905	0.00518	0.00383	0.00125	0.00613	0.00335	0.00261	0.00724
7	0.00689	0.00580	0.00598	0.00593	0.00781	0.00489	0.00445	0.00847	0.01335	0.01620	0.12790	0.05382	0.69056	0.01421	0.00676	0.00192	0.00288	0.01190	0.00541	0.00489
8	0.00676	0.00579	0.00579	0.00579	0.00773	0.00483	0.00435	0.00821	0.01304	0.01545	0.05794	0.05505	0.76098	0.01449	0.00676	0.00193	0.00290	0.01207	0.00531	0.00483
9	0.01416	0.01359	0.02322	0.03511	0.76330	0.01359	0.01755	0.01755	0.01302	0.01869	0.01076	0.01416	0.00906	0.00510	0.00566	0.00170	0.00680	0.00510	0.00283	0.00906
10	0.01235	0.01227	0.01720	0.01480	0.01483	0.01713	0.01231	0.01363	0.00878	0.01375	0.00781	0.01289	0.00777	0.01126	0.04756	0.00276	0.75913	0.00505	0.00252	0.00621
11	0.01342	0.01094	0.01496	0.11047	0.16414	0.00984	0.01027	0.04556	0.01306	0.06959	0.02975	0.01408	0.01004	0.00507	0.00493	0.00127	0.00525	0.00434	0.00359	0.45943
12	0.01650	0.01850	0.01925	0.19300	0.16691	0.32026	0.07013	0.05196	0.01437	0.01637	0.00987	0.01284	0.00797	0.00590	0.00631	0.00172	0.05332	0.00465	0.00293	0.00724
13	0.01147	0.02959	0.76934	0.01630	0.02476	0.01328	0.02113	0.01811	0.01208	0.01811	0.01026	0.01208	0.00725	0.00543	0.00543	0.00181	0.00845	0.00423	0.00242	0.00845
14	0.00996	0.00888	0.00913	0.00856	0.01071	0.03731	0.00656	0.01588	0.23410	0.01840	0.09779	0.06722	0.38740	0.01182	0.00708	0.00195	0.04595	0.00972	0.00530	0.00627
15	0.01535	0.73474	0.07342	0.01018	0.01528	0.02169	0.01042	0.01748	0.01178	0.03446	0.00849	0.00963	0.00752	0.00499	0.00383	0.00127	0.00622	0.00320	0.00257	0.00747
16	0.83938	0.01106	0.00841	0.00752	0.01106	0.01283	0.00619	0.01681	0.00973	0.02566	0.00796	0.00929	0.00619	0.00531	0.00354	0.00177	0.00442	0.00310	0.00354	0.00619
17	0.01416	0.01359	0.02322	0.03511	0.76330	0.01359	0.01755	0.01755	0.01302	0.01869	0.01076	0.01416	0.00906	0.00510	0.00566	0.00170	0.00680	0.00510	0.00283	0.00906
18	0.02174	0.01602	0.01717	0.01316	0.01774	0.01774	0.01087	0.74423	0.02689	0.03605	0.01373	0.01373	0.00973	0.00687	0.00572	0.00172	0.00629	0.00515	0.00572	0.00973
19	0.01456	0.01245	0.01312	0.01171	0.01500	0.01438	0.00913	0.06189	0.72093	0.02446	0.02286	0.02100	0.01712	0.00772	0.00582	0.00193	0.00460	0.00641	0.00582	0.00908
20	0.02476	0.01118	0.01417	0.01086	0.01532	0.01056	0.00897	0.19292	0.01880	0.59880	0.02053	0.01815	0.01314	0.00703	0.00575	0.00176	0.00520	0.00561	0.00677	0.00973
21	0.01333	0.00770	0.00937	0.00807	0.01064	0.00707	0.00634	0.07836	0.01629	0.20891	0.31423	0.03779	0.23707	0.01089	0.00641	0.00182	0.00361	0.00922	0.00617	0.00671
22	0.01255	0.01261	0.01808	0.01533	0.01553	0.01742	0.03751	0.01392	0.00892	0.01392	0.00765	0.01261	0.00755	0.00983	0.01836	0.00248	0.76185	0.00507	0.00252	0.00631
23	0.02480	0.00954	0.01300	0.01003	0.01430	0.00826	0.00826	0.02703	0.01636	0.73060	0.05890	0.02061	0.01612	0.00731	0.00580	0.00177	0.00476	0.00598	0.00704	0.00952
24	0.02102	0.01102	0.01671	0.01910	0.28488	0.01020	0.01163	0.02368	0.01516	0.47631	0.03867	0.01819	0.01342	0.00649	0.00575	0.00175	0.00550	0.00564	0.00552	0.00937
25	0.00734	0.00554	0.00678	0.00705	0.00823	0.00498	0.00506	0.00911	0.01354	0.01801	0.31587	0.29547	0.25308	0.01456	0.00693	0.00201	0.00296	0.01280	0.00568	0.00498
26	0.00703	0.00517	0.00659	0.00759	0.00823	0.00473	0.00518	0.00822	0.01167	0.01538	0.09257	0.62824	0.14457	0.01693	0.00718	0.00222	0.00321	0.01519	0.00539	0.00473
27	0.02535	0.01023	0.01358	0.01041	0.01485	0.00914	0.00860	0.08434	0.01720	0.70962	0.02187	0.01902	0.01381	0.00706	0.00575	0.00177	0.00498	0.00570	0.00697	0.00973
28	0.01214	0.01049	0.01273	0.02636	0.04778	0.00844	0.00768	0.02778	0.01209	0.01874	0.01019	0.01209	0.00848	0.00451	0.00474	0.00097	0.02520	0.00358	0.00336	0.74266
29	0.02875	0.30096	0.32545	0.01348	0.01930	0.06655	0.03949	0.01805	0.01213	0.04903	0.00988	0.01161	0.00782	0.00652	0.02502	0.00181	0.04972	0.00400	0.00272	0.00773
30	0.01422	0.59761	0.02605	0.04507	0.01566	0.01964	0.03099	0.02922	0.01170	0.01416	0.01007	0.01440	0.00958	0.04139	0.02521	0.00180	0.04097	0.04253	0.00274	0.00697
31	0.00810	0.00585	0.00765	0.00720	0.00855	0.00540	0.00540	0.01079	0.01619	0.02294	0.76028	0.04273	0.05397	0.01169	0.00675	0.00180	0.00270	0.01034	0.00630	0.00540
32	0.01565	0.01688	0.04227	0.15126	0.15374	0.22209	0.01284	0.04959	0.21190	0.01863	0.01387	0.01600	0.01096	0.00649	0.00584	0.00177	0.02078	0.01788	0.00375	0.00781
33	0.00709	0.00579	0.00627	0.00619	0.00794	0.00496	0.00463	0.00884	0.01377	0.01728	0.23031	0.06848	0.57079	0.01387	0.00677	0.00191	0.00286	0.01174	0.00555	0.00496
34	0.00865	0.00675	0.00978	0.00951	0.01032	0.00810	0.00734	0.01040	0.00906	0.01310	0.01476	0.02295	0.01424	0.11766	0.61770	0.00810	0.09723	0.00623	0.00305	0.00506
35	0.01440	0.01189	0.01296	0.01206	0.03811	0.01348	0.00908	0.02882	0.65912	0.05682	0.04508	0.02239	0.03428	0.00791	0.00586	0.00192	0.00452	0.00663	0.00579	0.00889
36	0.00819	0.00605	0.00879	0.00879	0.00967	0.00693	0.00665	0.00996	0.00907	0.01298	0.01569	0.02450	0.01518	0.14569	0.67473	0.00870	0.01399	0.00643	0.00312	0.00488
37	0.01186	0.01017	0.01186	0.00847	0.01356	0.00762	0.00678	0.01440	0.01186	0.01864	0.01017	0.01186	0.00847	0.00424	0.00424	0.00085	0.00424	0.00339	0.00339	0.83395
38	0.01430	0.16599	0.03522	0.00898	0.01166	0.19822	0.00748	0.01698	0.03209	0.01798	0.01405	0.01600	0.01131	0.00612	0.00431	0.00138	0.00543	0.00448	0.42179	0.00623
39	0.00731	0.00581	0.00624	0.00630	0.00779	0.00512	0.00459	0.00867	0.01243	0.01535	0.10317	0.05151	0.52336	0.15737	0.01091	0.00263	0.00352	0.05824	0.00505	0.00465
40	0.01186	0.01017	0.01186	0.00847	0.01356	0.00762	0.00678	0.01440	0.01186	0.01864	0.01017	0.01186	0.00847	0.00424	0.00424	0.00085	0.00424	0.00339	0.00339	0.83395
41	0.01329	0.33498	0.40197	0.01365	0.02016	0.04269	0.03492	0.01765	0.01212	0.01609	0.01009	0.01295	0.00830	0.00561	0.00485	0.00160	0.00750	0.03119	0.00257	0.00781
42	0.00806	0.00596	0.00842	0.00849	0.00936	0.00665	0.00633	0.00970	0.00934	0.01311	0.01873	0.06812	0.05354	0.15908	0.57922	0.00789	0.01252	0.00731	0.00336	0.00481
43	0.06420	0.08741	0.23356	0.08148	0.04792	0.03378	0.03297	0.19779	0.04391	0.04409	0.01269	0.05178	0.01008	0.00647	0.00538	0.00174	0.00680	0.00515	0.00379	0.02900

[dist]
# distance from previous block
# <min> <max>
0	22

[block]
# block no. 4 follows, 41 sequences, length 9
# corresponding to MSA columns:
# 321-329
name=unknown_E
#
# <colnr> <probs for GDERKNQSTAVLIFYWHMCP>
#	G	D	E	R	K	N	Q	S	T	A	V	L	I	F	Y	W	H	M	C	P
0	0.00936	0.00731	0.00868	0.00816	0.00999	0.00735	0.00624	0.01492	0.18029	0.02208	0.48709	0.04020	0.12569	0.01129	0.00659	0.00188	0.00323	0.03747	0.00604	0.00614
1	0.01003	0.00622	0.00809	0.00755	0.00920	0.00564	0.00568	0.01239	0.01540	0.11284	0.53719	0.12605	0.09750	0.01203	0.00669	0.00186	0.00305	0.01057	0.00621	0.00580
2	0.00713	0.00510	0.00678	0.00785	0.00833	0.00476	0.00532	0.00838	0.01172	0.01582	0.13781	0.68550	0.04018	0.01701	0.00722	0.00225	0.00323	0.01540	0.00545	0.00476
3	0.00908	0.00616	0.00743	0.00713	0.00892	0.00546	0.00546	0.01115	0.01451	0.08288	0.33696	0.08480	0.32988	0.01297	0.00676	0.00193	0.00315	0.05400	0.00586	0.00550
4	0.00828	0.00569	0.00698	0.00698	0.00723	0.00595	0.00439	0.00879	0.00854	0.01164	0.01735	0.03369	0.01917	0.60978	0.21609	0.00646	0.00799	0.00777	0.00337	0.00388
5	0.01186	0.01017	0.01186	0.00847	0.01356	0.00762	0.00678	0.01440	0.01186	0.01864	0.01017	0.01186	0.00847	0.00424	0.00424	0.00085	0.00424	0.00339	0.00339	0.83395
6	0.52822	0.01196	0.01063	0.00905	0.01266	0.01362	0.00739	0.18597	0.07779	0.02765	0.01128	0.01210	0.00850	0.00596	0.00427	0.00175	0.00476	0.00400	0.05525	0.00720
7	0.01374	0.01182	0.06098	0.01525	0.18601	0.00959	0.01029	0.04241	0.01315	0.09155	0.03523	0.01497	0.01102	0.00668	0.03412	0.00159	0.00552	0.00453	0.04034	0.39122
8	0.10283	0.13173	0.09129	0.08307	0.16157	0.14669	0.04047	0.02027	0.13430	0.01830	0.01171	0.01337	0.00928	0.00574	0.00511	0.00168	0.00702	0.00455	0.00330	0.00774

[dist]
# distance from previous block
# <min> <max>
2	5

[block]
# block no. 5 follows, 41 sequences, length 6
# corresponding to MSA columns:
# 335-340
name=unknown_F
#
# <colnr> <probs for GDERKNQSTAVLIFYWHMCP>
#	G	D	E	R	K	N	Q	S	T	A	V	L	I	F	Y	W	H	M	C	P
0	0.01645	0.01339	0.03714	0.01168	0.01547	0.03692	0.00972	0.29789	0.15809	0.05089	0.01702	0.04172	0.01403	0.00783	0.00615	0.00175	0.03276	0.07304	0.02783	0.13023
1	0.00824	0.00661	0.00972	0.00902	0.01065	0.00610	0.07483	0.01057	0.01404	0.01901	0.35818	0.20746	0.15587	0.01319	0.00697	0.00202	0.00374	0.07290	0.00552	0.00535
2	0.04781	0.12901	0.19123	0.01611	0.12055	0.01453	0.05690	0.11987	0.07828	0.10963	0.01304	0.01393	0.00965	0.00580	0.00527	0.00166	0.00653	0.00474	0.00390	0.05156
3	0.01431	0.30783	0.13908	0.01330	0.01795	0.05886	0.10189	0.07213	0.07678	0.01751	0.01275	0.08587	0.01141	0.00686	0.00572	0.00167	0.03971	0.00550	0.00333	0.00755
4	0.00902	0.00714	0.03931	0.00854	0.01006	0.00625	0.00683	0.03470	0.01301	0.04048	0.15246	0.26637	0.11849	0.05393	0.05214	0.00271	0.00465	0.14001	0.02853	0.00537
5	0.02972	0.00842	0.01163	0.01055	0.04261	0.00815	0.07546	0.05605	0.03472	0.04916	0.12080	0.06774	0.02241	0.25203	0.01345	0.01968	0.00517	0.05175	0.03731	0.08319

[dist]
# distance from previous block
# <min> <max>
0	59

[block]
# block no. 6 follows, 41 sequences, length 72
# corresponding to MSA columns:
# 416-446,463-503
name=unknown_G
#
# <colnr> <probs for GDERKNQSTAVLIFYWHMCP>
#	G	D	E	R	K	N	Q	S	T	A	V	L	I	F	Y	W	H	M	C	P
0	0.04862	0.03502	0.09051	0.05397	0.14570	0.06094	0.01123	0.04440	0.12294	0.08918	0.06273	0.04339	0.03198	0.08172	0.00828	0.00214	0.03343	0.00614	0.00415	0.02351
1	0.10409	0.01276	0.06836	0.04653	0.11419	0.05061	0.01030	0.13513	0.05551	0.05939	0.09024	0.08365	0.01669	0.00948	0.04050	0.01674	0.00597	0.00632	0.03100	0.04255
2	0.03535	0.10338	0.11961	0.08728	0.07410	0.12038	0.07658	0.05332	0.07375	0.03318	0.01159	0.03066	0.00943	0.00630	0.00658	0.00172	0.08085	0.00490	0.00328	0.06776
3	0.11817	0.04184	0.04169	0.07243	0.16955	0.11705	0.01138	0.06839	0.06947	0.10718	0.06238	0.01732	0.01317	0.00656	0.00537	0.00171	0.00624	0.02699	0.00412	0.03901
4	0.01179	0.00854	0.01005	0.02603	0.01155	0.00884	0.00685	0.12245	0.08963	0.04802	0.02150	0.24721	0.03429	0.16040	0.02891	0.00275	0.02876	0.00912	0.04401	0.07930
5	0.02493	0.01086	0.06084	0.03475	0.04590	0.00850	0.00837	0.01516	0.06326	0.03223	0.03706	0.07897	0.03292	0.03080	0.00577	0.00144	0.00467	0.02122	0.00385	0.47851
6	0.00731	0.00547	0.00647	0.00687	0.00781	0.00498	0.00471	0.00855	0.01199	0.01559	0.15339	0.31429	0.26400	0.14926	0.01077	0.00267	0.00347	0.01265	0.00515	0.00462
7	0.01450	0.08348	0.06947	0.04267	0.41695	0.04708	0.06121	0.04841	0.08193	0.01881	0.01155	0.01409	0.00939	0.00572	0.00626	0.00174	0.05005	0.00503	0.00315	0.00850
8	0.01216	0.01152	0.01935	0.48125	0.31344	0.01308	0.01635	0.01612	0.03061	0.01639	0.01072	0.01499	0.00842	0.00553	0.00570	0.00183	0.00723	0.00512	0.00273	0.00745
9	0.01449	0.00732	0.00942	0.00820	0.01081	0.00645	0.00648	0.01668	0.01528	0.30349	0.27390	0.06050	0.18997	0.01092	0.00644	0.00187	0.00370	0.04088	0.00631	0.00689
10	0.00761	0.00583	0.00698	0.00669	0.00825	0.00519	0.00502	0.00986	0.01505	0.02024	0.50722	0.04717	0.30872	0.01270	0.00675	0.00185	0.00277	0.01097	0.00594	0.00519
11	0.00826	0.00555	0.00635	0.00636	0.00647	0.00550	0.00366	0.00847	0.00894	0.01202	0.06884	0.06442	0.02364	0.71814	0.02683	0.00518	0.00527	0.00873	0.00372	0.00364
12	0.00676	0.00579	0.00579	0.00579	0.00773	0.00483	0.00435	0.00821	0.01304	0.01545	0.05794	0.05505	0.76098	0.01449	0.00676	0.00193	0.00290	0.01207	0.00531	0.00483
13	0.01529	0.80242	0.02997	0.00979	0.01468	0.02263	0.00979	0.01713	0.01162	0.01346	0.00795	0.00918	0.00734	0.00489	0.00367	0.00122	0.00612	0.00306	0.00245	0.00734
14	0.02174	0.01602	0.01717	0.01316	0.01774	0.01774	0.01087	0.74423	0.02689	0.03605	0.01373	0.01373	0.00973	0.00687	0.00572	0.00172	0.00629	0.00515	0.00572	0.00973
15	0.01423	0.01229	0.01293	0.01164	0.01487	0.01423	0.00905	0.03039	0.75297	0.02393	0.02328	0.02134	0.01746	0.00776	0.00582	0.00194	0.00453	0.00647	0.00582	0.00905
16	0.00994	0.00497	0.00745	0.00745	0.00745	0.00497	0.00497	0.00745	0.00745	0.00994	0.00994	0.01739	0.00994	0.01987	0.02235	0.83358	0.00497	0.00497	0.00248	0.00248
17	0.02050	0.02345	0.01704	0.01566	0.05608	0.56042	0.02887	0.09649	0.01664	0.05006	0.01004	0.01153	0.00804	0.00623	0.00613	0.00160	0.05649	0.00415	0.00338	0.00722
18	0.01350	0.01543	0.03375	0.02411	0.02989	0.01446	0.74253	0.01832	0.01350	0.01832	0.01157	0.01543	0.00868	0.00482	0.00675	0.00193	0.00964	0.00675	0.00289	0.00771
19	0.01615	0.01271	0.01352	0.01147	0.01492	0.01433	0.00911	0.26054	0.43006	0.02763	0.05122	0.01977	0.01629	0.00756	0.00569	0.00182	0.00489	0.00612	0.06736	0.00884
20	0.01593	0.01704	0.01851	0.24633	0.23661	0.25614	0.01430	0.06550	0.02944	0.01714	0.01036	0.01334	0.00829	0.00579	0.00577	0.00171	0.02262	0.00467	0.00302	0.00748
21	0.30793	0.01278	0.01779	0.06605	0.27233	0.01360	0.09686	0.09264	0.01326	0.02262	0.01120	0.01352	0.02496	0.00557	0.00507	0.00177	0.00619	0.00474	0.00343	0.00770
22	0.00676	0.00579	0.00579	0.00579	0.00773	0.00483	0.00435	0.00821	0.01304	0.01545	0.05794	0.05505	0.76098	0.01449	0.00676	0.00193	0.00290	0.01207	0.00531	0.00483
23	0.00902	0.00717	0.00841	0.00818	0.00960	0.03927	0.00617	0.02759	0.01125	0.02998	0.04660	0.03328	0.23189	0.11378	0.38512	0.00585	0.00969	0.00806	0.00398	0.00512
24	0.01616	0.01389	0.01794	0.05409	0.31905	0.06347	0.01305	0.09708	0.24390	0.07848	0.01569	0.01654	0.01195	0.00633	0.00569	0.00177	0.00616	0.00548	0.00437	0.00891
25	0.01561	0.76250	0.02926	0.01004	0.01484	0.06143	0.00985	0.01742	0.01186	0.01349	0.00800	0.00923	0.00734	0.00495	0.00375	0.00124	0.00633	0.00309	0.00247	0.00730
26	0.03734	0.05734	0.51585	0.01617	0.02339	0.01341	0.12492	0.01790	0.01220	0.03476	0.01049	0.01252	0.00768	0.00538	0.00573	0.00175	0.02671	0.00451	0.00270	0.06926
27	0.01079	0.00992	0.01655	0.74507	0.03771	0.01233	0.01527	0.01455	0.01147	0.01496	0.01060	0.01556	0.00799	0.00577	0.00563	0.00188	0.00737	0.00510	0.04519	0.00630
28	0.00709	0.00519	0.00661	0.00755	0.00819	0.00477	0.00514	0.00829	0.01166	0.01543	0.10656	0.60169	0.13353	0.03994	0.00782	0.00232	0.00327	0.01489	0.00535	0.00471
29	0.01356	0.01361	0.02480	0.28094	0.14977	0.03985	0.31419	0.03715	0.01327	0.04012	0.01127	0.01506	0.00853	0.00533	0.00612	0.00186	0.00829	0.00574	0.00297	0.00755
30	0.35817	0.11938	0.09418	0.01125	0.05549	0.01401	0.00967	0.09322	0.03865	0.11547	0.01161	0.01233	0.00861	0.00576	0.00446	0.00168	0.00540	0.00404	0.02899	0.00762
31	0.00695	0.00506	0.00655	0.00774	0.00824	0.00466	0.00521	0.00799	0.01116	0.01469	0.03420	0.72019	0.11116	0.01757	0.00725	0.00228	0.00328	0.01584	0.00531	0.00466
32	0.01061	0.00953	0.01465	0.11526	0.05401	0.00868	0.11180	0.01326	0.01194	0.01704	0.03361	0.23154	0.01763	0.00854	0.00577	0.00161	0.00528	0.00791	0.00378	0.31755
33	0.01275	0.01049	0.01667	0.09505	0.04474	0.02738	0.20885	0.01742	0.08580	0.04525	0.01547	0.01809	0.01188	0.00612	0.00557	0.00166	0.02178	0.00572	0.32114	0.02818
34	0.00779	0.00583	0.00722	0.00687	0.00836	0.00527	0.00515	0.01020	0.01546	0.02121	0.59845	0.04557	0.21688	0.01234	0.00675	0.00183	0.00274	0.01074	0.00607	0.00527
35	0.00931	0.01589	0.32867	0.01093	0.01539	0.00867	0.01202	0.01343	0.01368	0.01913	0.26801	0.03335	0.17239	0.00981	0.00626	0.00187	0.00530	0.04490	0.00441	0.00657
36	0.00695	0.00504	0.00657	0.00779	0.00825	0.00466	0.00523	0.00798	0.01112	0.01467	0.03367	0.73519	0.09650	0.01764	0.00726	0.00229	0.00328	0.01592	0.00531	0.00466
37	0.01344	0.01454	0.06502	0.12332	0.33905	0.03180	0.20935	0.01833	0.06812	0.01827	0.01236	0.01650	0.00999	0.00567	0.00601	0.00183	0.00762	0.02753	0.00309	0.00815
38	0.01898	0.01783	0.03825	0.01303	0.01680	0.21959	0.01054	0.26480	0.23896	0.05988	0.01596	0.01649	0.01207	0.00705	0.00564	0.00174	0.00682	0.02206	0.00496	0.00855
39	0.01169	0.01049	0.01756	0.67141	0.06182	0.01284	0.03031	0.01531	0.01160	0.04661	0.01060	0.01525	0.00797	0.00596	0.00641	0.00192	0.04774	0.00514	0.00275	0.00661
40	0.01153	0.01095	0.04708	0.07634	0.33136	0.02532	0.01183	0.01424	0.01292	0.04348	0.04472	0.06468	0.22770	0.02396	0.00648	0.00188	0.00541	0.00779	0.02525	0.00709
41	0.01858	0.01445	0.01538	0.01252	0.01653	0.01626	0.01011	0.44332	0.33296	0.03094	0.01776	0.01694	0.01299	0.00724	0.00576	0.00181	0.00555	0.00570	0.00576	0.00944
42	0.01155	0.01002	0.01834	0.01422	0.01746	0.00963	0.32932	0.01550	0.04385	0.01918	0.01752	0.12592	0.01536	0.00746	0.00574	0.00176	0.00590	0.00752	0.31731	0.00644
43	0.00832	0.00555	0.00624	0.00624	0.00624	0.00555	0.00347	0.00832	0.00832	0.01109	0.01802	0.03743	0.02080	0.79898	0.02911	0.00555	0.00555	0.00832	0.00347	0.00347
44	0.00994	0.00497	0.00745	0.00745	0.00745	0.00497	0.00497	0.00745	0.00745	0.00994	0.00994	0.01739	0.00994	0.01987	0.02235	0.83358	0.00497	0.00497	0.00248	0.00248
45	0.01080	0.01017	0.01716	0.78523	0.03940	0.01271	0.01589	0.01461	0.01144	0.01461	0.01017	0.01525	0.00762	0.00572	0.00572	0.00191	0.00762	0.00508	0.00254	0.00635
46	0.01209	0.01184	0.01701	0.06837	0.04792	0.01612	0.01249	0.01368	0.00916	0.01399	0.00851	0.01364	0.00817	0.01237	0.08322	0.00301	0.63445	0.00511	0.00257	0.00628
47	0.01350	0.01543	0.03375	0.02411	0.02989	0.01446	0.74253	0.01832	0.01350	0.01832	0.01157	0.01543	0.00868	0.00482	0.00675	0.00193	0.00964	0.00675	0.00289	0.00771
48	0.01301	0.01433	0.09367	0.18168	0.47960	0.02869	0.01677	0.01661	0.01249	0.01742	0.01140	0.04874	0.00980	0.00596	0.00602	0.00179	0.02554	0.00547	0.00284	0.00815
49	0.61730	0.01323	0.01164	0.01275	0.13298	0.09611	0.00855	0.01759	0.01097	0.02327	0.00851	0.01019	0.00678	0.00534	0.00406	0.00173	0.00545	0.00348	0.00336	0.00670
50	0.01794	0.01478	0.01991	0.02272	0.33717	0.01571	0.02966	0.38150	0.05689	0.02762	0.01289	0.01433	0.00980	0.00611	0.00572	0.00172	0.00649	0.00523	0.00443	0.00936
51	0.01186	0.01017	0.01186	0.00847	0.01356	0.00762	0.00678	0.01440	0.01186	0.01864	0.01017	0.01186	0.00847	0.00424	0.00424	0.00085	0.00424	0.00339	0.00339	0.83395
52	0.01342	0.32261	0.05470	0.35154	0.02616	0.07217	0.01290	0.01634	0.01191	0.01448	0.00921	0.01220	0.00752	0.00532	0.00479	0.00155	0.00709	0.00406	0.00257	0.04947
53	0.01385	0.01089	0.01130	0.01026	0.01219	0.08199	0.00765	0.09971	0.27438	0.01820	0.01498	0.01771	0.01234	0.01281	0.01302	0.36777	0.00546	0.00540	0.00407	0.00601
54	0.00821	0.00599	0.00850	0.00850	0.00928	0.00677	0.00629	0.00977	0.00899	0.01277	0.01595	0.02598	0.01582	0.22007	0.60123	0.00834	0.01303	0.00664	0.00316	0.00472
55	0.00697	0.00498	0.00664	0.00796	0.00830	0.00465	0.00531	0.00796	0.01095	0.01460	0.03153	0.79525	0.03783	0.01792	0.00730	0.00232	0.00332	0.01626	0.00531	0.00465
56	0.02419	0.01210	0.01474	0.01130	0.01578	0.01192	0.00934	0.29777	0.02034	0.49177	0.01924	0.01731	0.01249	0.00700	0.00574	0.00175	0.00540	0.00553	0.00657	0.00973
57	0.01423	0.01229	0.01293	0.01164	0.01487	0.01423	0.00905	0.03039	0.75297	0.02393	0.02328	0.02134	0.01746	0.00776	0.00582	0.00194	0.00453	0.00647	0.00582	0.00905
58	0.00704	0.00578	0.00620	0.00614	0.00791	0.00494	0.00459	0.00873	0.01363	0.01696	0.20106	0.07163	0.59756	0.01400	0.00677	0.00191	0.00287	0.01183	0.00551	0.00494
59	0.01147	0.02959	0.76934	0.01630	0.02476	0.01328	0.02113	0.01811	0.01208	0.01811	0.01026	0.01208	0.00725	0.00543	0.00543	0.00181	0.00845	0.00423	0.00242	0.00845
60	0.02518	0.00984	0.01326	0.01024	0.01461	0.00865	0.00843	0.02798	0.04774	0.73561	0.02260	0.01955	0.01430	0.00711	0.00575	0.00178	0.00485	0.00578	0.00703	0.00971
61	0.00717	0.00578	0.00639	0.00630	0.00800	0.00500	0.00470	0.00899	0.01393	0.01770	0.27105	0.07730	0.52011	0.01376	0.00677	0.00190	0.00285	0.01169	0.00561	0.00500
62	0.01008	0.00894	0.01286	0.01176	0.01233	0.01171	0.00951	0.01178	0.00900	0.01349	0.01188	0.01809	0.01131	0.02843	0.44302	0.00625	0.35550	0.00563	0.00282	0.00561
63	0.01077	0.04701	0.08706	0.04783	0.01974	0.01114	0.26648	0.01421	0.01114	0.01549	0.01308	0.01855	0.01127	0.04202	0.35186	0.00523	0.01174	0.00605	0.00291	0.00643
64	0.00897	0.00568	0.00659	0.00657	0.00679	0.00559	0.00385	0.00916	0.00891	0.04499	0.01943	0.10417	0.02202	0.69420	0.02613	0.00509	0.00532	0.00891	0.00379	0.00385
65	0.00728	0.00521	0.00697	0.00813	0.00865	0.00489	0.00568	0.00858	0.01163	0.01560	0.09809	0.65904	0.03885	0.01715	0.00731	0.00230	0.00344	0.08103	0.00540	0.00477
66	0.00866	0.00685	0.00936	0.01079	0.10519	0.00646	0.00688	0.01133	0.03153	0.02014	0.44188	0.15271	0.14217	0.01207	0.00667	0.00189	0.00339	0.01070	0.00556	0.00576
67	0.01352	0.35549	0.42401	0.01348	0.02019	0.05110	0.01590	0.01791	0.01207	0.01597	0.00923	0.01077	0.00729	0.00523	0.00468	0.00155	0.00755	0.00371	0.00245	0.00790
68	0.00772	0.00566	0.00779	0.00832	0.00912	0.00583	0.00610	0.00934	0.01087	0.01489	0.09464	0.31655	0.06179	0.06787	0.29736	0.00503	0.00799	0.05380	0.00446	0.00487
69	0.01208	0.01268	0.05003	0.01441	0.01486	0.01630	0.01226	0.01361	0.00916	0.01419	0.03404	0.01447	0.00964	0.03102	0.04041	0.00272	0.68394	0.00527	0.00267	0.00622
70	0.01189	0.01264	0.09690	0.07530	0.04797	0.03714	0.06388	0.06358	0.19249	0.01996	0.08477	0.13647	0.09572	0.00937	0.00615	0.00191	0.00545	0.00820	0.02305	0.00716
71	0.01383	0.07056	0.09058	0.07969	0.05520	0.11989	0.02909	0.06219	0.01399	0.06764	0.06750	0.09870	0.05683	0.00857	0.00632	0.00180	0.04196	0.03726	0.07156	0.00683

[dist]
# distance from previous block
# <min> <max>
2	108

[block]
# block no. 7 follows, 41 sequences, length 28
# corresponding to MSA columns:
# 621-648
name=unknown_H
#
# <colnr> <probs for GDERKNQSTAVLIFYWHMCP>
#	G	D	E	R	K	N	Q	S	T	A	V	L	I	F	Y	W	H	M	C	P
0	0.06564	0.03357	0.22118	0.01537	0.06763	0.01188	0.14724	0.06777	0.01364	0.07689	0.03208	0.03510	0.05237	0.00710	0.02099	0.00185	0.00684	0.00567	0.02312	0.09408
1	0.01437	0.03592	0.15260	0.03947	0.14155	0.02590	0.05812	0.11184	0.01461	0.07109	0.01499	0.01633	0.06228	0.00599	0.00537	0.00154	0.00624	0.00509	0.00372	0.21300
2	0.00817	0.00613	0.00919	0.00919	0.01021	0.00715	0.00715	0.01021	0.00919	0.01328	0.01532	0.02247	0.01430	0.04290	0.77631	0.00919	0.01532	0.00613	0.00306	0.00511
3	0.01681	0.18693	0.04282	0.07585	0.10683	0.24337	0.05636	0.08009	0.06523	0.03205	0.01233	0.01384	0.03150	0.00598	0.00520	0.00159	0.00764	0.00463	0.00335	0.00760
4	0.78078	0.01124	0.00946	0.00948	0.06448	0.01289	0.00700	0.01687	0.00997	0.02517	0.00816	0.00964	0.00640	0.00529	0.00369	0.00176	0.00459	0.00324	0.00349	0.00640
5	0.01329	0.04022	0.17999	0.09884	0.04633	0.01442	0.44867	0.05345	0.01359	0.01864	0.01115	0.01444	0.00830	0.00515	0.00621	0.00187	0.00886	0.00585	0.00289	0.00785
6	0.00818	0.00610	0.00903	0.00903	0.00999	0.00706	0.00695	0.01011	0.00914	0.01316	0.01547	0.02330	0.01466	0.08491	0.73480	0.00899	0.01478	0.00625	0.00309	0.00502
7	0.01529	0.80242	0.02997	0.00979	0.01468	0.02263	0.00979	0.01713	0.01162	0.01346	0.00795	0.00918	0.00734	0.00489	0.00367	0.00122	0.00612	0.00306	0.00245	0.00734
8	0.02088	0.08906	0.01731	0.01434	0.01744	0.71595	0.01095	0.02238	0.01584	0.01396	0.00877	0.01022	0.00737	0.00581	0.00504	0.00145	0.00998	0.00363	0.00291	0.00669
9	0.00701	0.00501	0.00667	0.00794	0.00830	0.00467	0.00531	0.00806	0.01113	0.01488	0.05587	0.77011	0.03837	0.01771	0.00728	0.00231	0.00330	0.01606	0.00534	0.00467
10	0.00705	0.00504	0.00674	0.00806	0.00843	0.00472	0.00546	0.00811	0.01104	0.01470	0.03148	0.76726	0.03764	0.01784	0.00732	0.00233	0.00339	0.04340	0.00531	0.00467
11	0.00828	0.00569	0.00697	0.00697	0.00722	0.00594	0.00437	0.00878	0.00853	0.01163	0.01736	0.03375	0.01920	0.61278	0.21313	0.00644	0.00795	0.00778	0.00337	0.00387
12	0.00832	0.00555	0.00624	0.00624	0.00624	0.00555	0.00347	0.00832	0.00832	0.01109	0.01802	0.03743	0.02080	0.79898	0.02911	0.00555	0.00555	0.00832	0.00347	0.00347
13	0.00827	0.00573	0.00719	0.00719	0.00752	0.00606	0.00465	0.00893	0.00860	0.01180	0.01715	0.03261	0.01870	0.55510	0.27013	0.00672	0.00870	0.00761	0.00334	0.00400
14	0.01804	0.01368	0.01785	0.13594	0.16579	0.02968	0.03329	0.33406	0.03833	0.10280	0.01406	0.03112	0.01053	0.00654	0.00573	0.00176	0.00645	0.00547	0.02011	0.00876
15	0.00939	0.00763	0.00874	0.00847	0.00895	0.05273	0.00588	0.01022	0.00917	0.01226	0.01617	0.05418	0.01745	0.43431	0.24211	0.00597	0.08129	0.00736	0.00329	0.00443
16	0.00868	0.00618	0.00850	0.00976	0.01079	0.00611	0.00807	0.01082	0.01244	0.01627	0.02996	0.22430	0.03341	0.05467	0.00881	0.00271	0.00485	0.53345	0.00519	0.00504
17	0.00911	0.00751	0.01099	0.01045	0.01125	0.00939	0.00831	0.01098	0.00910	0.01338	0.01363	0.02032	0.01283	0.03579	0.61253	0.00775	0.18249	0.00589	0.00294	0.00536
18	0.01547	0.07898	0.15188	0.08741	0.08398	0.15664	0.09190	0.10615	0.09573	0.01929	0.01187	0.01380	0.00919	0.00678	0.02262	0.00190	0.03026	0.00488	0.00340	0.00789
19	0.00938	0.00794	0.01202	0.01656	0.25278	0.00765	0.00929	0.01130	0.01209	0.01634	0.04811	0.41005	0.11412	0.01312	0.00671	0.00207	0.00444	0.03536	0.00453	0.00614
20	0.00702	0.00581	0.00617	0.00623	0.00803	0.00496	0.00472	0.00863	0.01329	0.01624	0.12453	0.07614	0.63478	0.01438	0.00683	0.00196	0.00301	0.04697	0.00541	0.00490
21	0.01548	0.01693	0.01803	0.06561	0.13843	0.23752	0.01307	0.03529	0.01224	0.01524	0.00874	0.01234	0.00778	0.00767	0.01156	0.00202	0.36774	0.00464	0.00277	0.00691
22	0.01506	0.14628	0.04989	0.01848	0.23829	0.15168	0.01208	0.07265	0.08142	0.01843	0.03823	0.05426	0.06533	0.00707	0.00544	0.00166	0.00658	0.00578	0.00366	0.00774
23	0.01571	0.00881	0.01045	0.00946	0.01192	0.06147	0.00737	0.01753	0.01348	0.31315	0.02598	0.18903	0.09101	0.01672	0.14148	0.00323	0.00659	0.04424	0.00545	0.00693
24	0.01040	0.00892	0.01439	0.05130	0.27804	0.00954	0.01108	0.01304	0.01114	0.01594	0.06639	0.02066	0.01498	0.02571	0.41591	0.00570	0.01108	0.00602	0.00319	0.00658
25	0.03088	0.29251	0.08136	0.08591	0.07384	0.02978	0.02807	0.04576	0.05134	0.01694	0.01268	0.01546	0.03050	0.04553	0.02217	0.00189	0.02579	0.00468	0.07052	0.03440
26	0.01607	0.01508	0.08490	0.01350	0.01630	0.05267	0.01178	0.19268	0.06334	0.07664	0.01197	0.01404	0.00945	0.00793	0.01084	0.00200	0.32291	0.00500	0.03314	0.03975
27	0.05963	0.13343	0.09522	0.03023	0.12407	0.04333	0.05320	0.11034	0.03081	0.16968	0.03981	0.01498	0.01116	0.00634	0.00611	0.00172	0.05251	0.00499	0.00415	0.00830

[dist]
# distance from previous block
# <min> <max>
2	285

# created by:
# /home/cegg/simao/soft/augustus-3.2.1/scripts/msa2prfl.pl ./align_prep/EOG091G07PH.fa
