[name]
unknown

[dist]
# distance from previous block
# <min> <max>
0	134

[block]
# block no. 0 follows, 43 sequences, length 33
# corresponding to MSA columns:
# 238-261,268-276
name=unknown_A
#
# <colnr> <probs for GDERKNQSTAVLIFYWHMCP>
#	G	D	E	R	K	N	Q	S	T	A	V	L	I	F	Y	W	H	M	C	P
0	0.08167	0.01067	0.06512	0.06861	0.03182	0.04377	0.02283	0.04394	0.08214	0.10281	0.01669	0.08627	0.02974	0.07852	0.05923	0.10047	0.00606	0.03292	0.00399	0.03274
1	0.16521	0.05794	0.03216	0.09990	0.12903	0.01243	0.07968	0.09639	0.03667	0.07723	0.03912	0.01493	0.01059	0.03493	0.00585	0.00175	0.00580	0.00483	0.00371	0.09186
2	0.07952	0.06224	0.05052	0.09802	0.05907	0.01074	0.02953	0.05929	0.02962	0.06228	0.05530	0.20735	0.06581	0.01040	0.02381	0.00206	0.07599	0.00801	0.00408	0.00637
3	0.02584	0.06915	0.02782	0.06018	0.01382	0.05355	0.02623	0.03142	0.07264	0.03680	0.07218	0.16716	0.10153	0.00892	0.00546	0.00159	0.00465	0.00758	0.02154	0.19195
4	0.20980	0.05066	0.04471	0.02788	0.05846	0.01201	0.00869	0.15549	0.03123	0.08133	0.01610	0.03716	0.07293	0.02864	0.00610	0.00177	0.04309	0.00527	0.05340	0.05528
5	0.09508	0.07914	0.09321	0.06011	0.03494	0.15631	0.00983	0.01812	0.05227	0.10402	0.04278	0.03220	0.01146	0.02277	0.00572	0.02083	0.00608	0.00466	0.02141	0.12906
6	0.14695	0.04382	0.05454	0.03752	0.03000	0.03886	0.00864	0.12275	0.01433	0.13424	0.06188	0.07666	0.01478	0.00725	0.00508	0.00161	0.00501	0.03384	0.03907	0.12316
7	0.05802	0.04303	0.05012	0.16413	0.09903	0.06926	0.01107	0.12473	0.03002	0.06358	0.08892	0.09482	0.02920	0.00778	0.00612	0.00178	0.04096	0.00637	0.00401	0.00702
8	0.01226	0.01127	0.01647	0.62609	0.06107	0.06127	0.01438	0.04957	0.01230	0.04202	0.01036	0.01439	0.00776	0.00558	0.00546	0.00177	0.00726	0.00481	0.00282	0.03311
9	0.01436	0.00770	0.01010	0.00928	0.03855	0.00714	0.00690	0.01769	0.07477	0.28598	0.32334	0.08426	0.07697	0.00980	0.00612	0.00178	0.00369	0.00846	0.00608	0.00703
10	0.00681	0.00491	0.00647	0.00769	0.00811	0.00457	0.00522	0.00784	0.01076	0.01425	0.03168	0.74385	0.07055	0.01713	0.00706	0.00224	0.00325	0.03795	0.00514	0.00453
11	0.00713	0.00505	0.00639	0.00717	0.00757	0.00477	0.00470	0.00804	0.01054	0.01409	0.09194	0.52745	0.06663	0.19771	0.01185	0.00291	0.00364	0.01331	0.00481	0.00431
12	0.00766	0.00560	0.00711	0.00683	0.00808	0.00514	0.00503	0.00994	0.01473	0.02050	0.62095	0.08492	0.12103	0.04889	0.00757	0.00195	0.00279	0.01041	0.00582	0.00504
13	0.01110	0.00957	0.00996	0.00917	0.01184	0.01041	0.00708	0.02147	0.48370	0.02013	0.03497	0.03275	0.29530	0.00993	0.00597	0.00188	0.00380	0.00827	0.00545	0.00725
14	0.02442	0.01011	0.01327	0.01018	0.01448	0.00915	0.00841	0.10815	0.01699	0.69188	0.02089	0.01823	0.01323	0.00683	0.00557	0.00171	0.00487	0.00550	0.00671	0.00942
15	0.01212	0.01212	0.01696	0.01454	0.01454	0.01696	0.01212	0.01333	0.00848	0.01333	0.00727	0.01212	0.00727	0.00969	0.01818	0.00242	0.79523	0.00485	0.00242	0.00606
16	0.01148	0.00984	0.01148	0.00820	0.01312	0.00738	0.00656	0.01395	0.01148	0.01805	0.00984	0.01148	0.00820	0.00410	0.00410	0.00082	0.00410	0.00328	0.00328	0.83922
17	0.01481	0.80869	0.02902	0.00948	0.01421	0.02191	0.00948	0.01658	0.01125	0.01303	0.00770	0.00888	0.00711	0.00474	0.00355	0.00118	0.00592	0.00296	0.00237	0.00711
18	0.01481	0.80869	0.02902	0.00948	0.01421	0.02191	0.00948	0.01658	0.01125	0.01303	0.00770	0.00888	0.00711	0.00474	0.00355	0.00118	0.00592	0.00296	0.00237	0.00711
19	0.01111	0.02865	0.77667	0.01579	0.02397	0.01286	0.02046	0.01754	0.01169	0.01754	0.00994	0.01169	0.00702	0.00526	0.00526	0.00175	0.00818	0.00409	0.00234	0.00818
20	0.01249	0.00667	0.00746	0.00669	0.00861	0.00660	0.00519	0.08113	0.01411	0.10690	0.14969	0.02342	0.02039	0.00737	0.00468	0.00145	0.00314	0.00604	0.52193	0.00604
21	0.00884	0.00631	0.00883	0.01010	0.01134	0.00630	0.00878	0.01133	0.01267	0.01648	0.02937	0.09089	0.03206	0.01538	0.00763	0.00254	0.00503	0.70594	0.00510	0.00508
22	0.00805	0.00537	0.00604	0.00604	0.00604	0.00537	0.00336	0.00805	0.00805	0.01074	0.01745	0.03624	0.02013	0.80536	0.02819	0.00537	0.00537	0.00805	0.00336	0.00336
23	0.00805	0.00537	0.00604	0.00604	0.00604	0.00537	0.00336	0.00805	0.00805	0.01074	0.01745	0.03624	0.02013	0.80536	0.02819	0.00537	0.00537	0.00805	0.00336	0.00336
24	0.45181	0.01011	0.01023	0.00843	0.01216	0.01052	0.00694	0.04062	0.01263	0.33696	0.01411	0.01362	0.00959	0.00594	0.00439	0.00170	0.00445	0.00420	0.03411	0.00749
25	0.01148	0.00984	0.01148	0.00820	0.01312	0.00738	0.00656	0.01395	0.01148	0.01805	0.00984	0.01148	0.00820	0.00410	0.00410	0.00082	0.00410	0.00328	0.00328	0.83922
26	0.01394	0.00970	0.01106	0.01003	0.01268	0.01042	0.00777	0.05398	0.38670	0.14041	0.05453	0.13489	0.04216	0.03859	0.00681	0.00205	0.00430	0.04669	0.00565	0.00765
27	0.00759	0.00568	0.00655	0.00655	0.00814	0.00498	0.00491	0.00933	0.01329	0.04106	0.23691	0.13818	0.43873	0.01354	0.00662	0.00191	0.00296	0.04265	0.00544	0.00497
28	0.00825	0.00586	0.00764	0.00797	0.00895	0.00584	0.00581	0.02610	0.01157	0.04298	0.10187	0.38889	0.12928	0.03964	0.13462	0.00330	0.02730	0.03431	0.00483	0.00499
29	0.14045	0.01312	0.05826	0.12695	0.08615	0.07576	0.07389	0.06677	0.09164	0.06240	0.01176	0.01420	0.00914	0.00761	0.00770	0.11080	0.02832	0.00478	0.00348	0.00681
30	0.00706	0.00581	0.03461	0.00802	0.00872	0.00493	0.00582	0.00832	0.01085	0.01451	0.04797	0.68680	0.05048	0.03479	0.00749	0.00230	0.00351	0.04833	0.00502	0.00466
31	0.02848	0.00903	0.01085	0.05273	0.02797	0.00959	0.00780	0.05862	0.23641	0.12554	0.11999	0.15325	0.07862	0.00979	0.00621	0.00187	0.02105	0.00833	0.02677	0.00708
32	0.03912	0.01570	0.17142	0.24244	0.10322	0.03243	0.13653	0.07475	0.01294	0.01809	0.02725	0.01400	0.00877	0.00563	0.00612	0.00177	0.04408	0.00498	0.00292	0.03784

[dist]
# distance from previous block
# <min> <max>
0	2

[block]
# block no. 1 follows, 43 sequences, length 13
# corresponding to MSA columns:
# 290-302
name=unknown_B
#
# <colnr> <probs for GDERKNQSTAVLIFYWHMCP>
#	G	D	E	R	K	N	Q	S	T	A	V	L	I	F	Y	W	H	M	C	P
0	0.21626	0.09226	0.03886	0.06968	0.06346	0.17865	0.07778	0.06766	0.04059	0.07004	0.01045	0.01197	0.00804	0.00562	0.00513	0.00164	0.02714	0.00420	0.00343	0.00713
1	0.01516	0.00945	0.01113	0.00930	0.01184	0.02732	0.02849	0.15395	0.03490	0.15934	0.06319	0.02044	0.04521	0.00826	0.02567	0.00181	0.06828	0.00578	0.29351	0.00697
2	0.01379	0.06804	0.14029	0.12934	0.06701	0.03778	0.14944	0.07162	0.08166	0.07164	0.01443	0.01620	0.04230	0.00625	0.00584	0.01932	0.00680	0.00534	0.02498	0.02792
3	0.00842	0.00588	0.00739	0.00698	0.00845	0.00530	0.00515	0.01054	0.01417	0.04987	0.50170	0.11290	0.13383	0.06134	0.00780	0.00199	0.00301	0.01019	0.00563	0.03945
4	0.01181	0.00865	0.01157	0.05412	0.01284	0.01017	0.00824	0.09893	0.01136	0.07712	0.01399	0.02106	0.01289	0.17321	0.29240	0.00514	0.16124	0.00593	0.00353	0.00581
5	0.00702	0.00513	0.00661	0.00730	0.00804	0.00471	0.00507	0.00848	0.01219	0.01642	0.23377	0.51886	0.11518	0.01537	0.00687	0.00207	0.00301	0.01377	0.00540	0.00471
6	0.00752	0.00515	0.00673	0.00769	0.00836	0.00475	0.00533	0.00868	0.01123	0.04235	0.05852	0.65320	0.09790	0.01639	0.00697	0.00219	0.00329	0.04377	0.00524	0.00474
7	0.01032	0.00516	0.00516	0.00516	0.00645	0.00516	0.00387	0.01290	0.01161	0.02065	0.01807	0.02065	0.01420	0.00645	0.00387	0.00129	0.00258	0.00516	0.83611	0.00516
8	0.00736	0.00502	0.00642	0.00741	0.00782	0.00479	0.00500	0.00841	0.01044	0.01432	0.02755	0.58332	0.03213	0.13059	0.00991	0.00264	0.00359	0.05644	0.07243	0.00442
9	0.02031	0.01514	0.01620	0.01259	0.01689	0.01683	0.01035	0.67854	0.10106	0.03371	0.01424	0.01405	0.01018	0.00674	0.00555	0.00168	0.00592	0.00512	0.00555	0.00935
10	0.01655	0.05945	0.06976	0.02608	0.04905	0.06176	0.02333	0.12757	0.19231	0.17643	0.04905	0.02142	0.03694	0.00750	0.00563	0.00177	0.00559	0.05669	0.00500	0.00812
11	0.84448	0.01071	0.00814	0.00728	0.01071	0.01242	0.00600	0.01628	0.00943	0.02485	0.00771	0.00900	0.00600	0.00514	0.00343	0.00171	0.00428	0.00300	0.00343	0.00600
12	0.15498	0.09484	0.01554	0.01232	0.01538	0.48282	0.03910	0.01942	0.01361	0.01574	0.00921	0.01130	0.00777	0.02635	0.02528	0.00175	0.00835	0.00377	0.03617	0.00629

[dist]
# distance from previous block
# <min> <max>
4	10

[block]
# block no. 2 follows, 43 sequences, length 22
# corresponding to MSA columns:
# 313-321,334-346
name=unknown_C
#
# <colnr> <probs for GDERKNQSTAVLIFYWHMCP>
#	G	D	E	R	K	N	Q	S	T	A	V	L	I	F	Y	W	H	M	C	P
0	0.01221	0.10738	0.05477	0.18259	0.36119	0.01307	0.05691	0.01544	0.01224	0.01654	0.04367	0.01760	0.07090	0.00602	0.00544	0.00167	0.00644	0.00549	0.00295	0.00746
1	0.04545	0.10867	0.13312	0.04503	0.20354	0.16416	0.11645	0.01783	0.03437	0.01654	0.01118	0.05822	0.00966	0.00590	0.00530	0.00165	0.00747	0.00513	0.00291	0.00741
2	0.01275	0.02635	0.68545	0.01508	0.02280	0.01230	0.01899	0.01867	0.01219	0.10796	0.01136	0.01255	0.00782	0.00545	0.00530	0.00175	0.00777	0.00427	0.00288	0.00833
3	0.00731	0.00492	0.00624	0.00723	0.00764	0.00467	0.00480	0.00837	0.01046	0.01456	0.02769	0.62932	0.03225	0.09752	0.00887	0.00246	0.00336	0.01369	0.10419	0.00446
4	0.00927	0.00699	0.03077	0.02648	0.04430	0.00694	0.00716	0.01015	0.03764	0.01310	0.01810	0.16060	0.03637	0.08160	0.06630	0.29061	0.05145	0.09428	0.00352	0.00438
5	0.01595	0.12765	0.10758	0.07297	0.08293	0.08931	0.08583	0.07816	0.01389	0.13496	0.01168	0.01308	0.00874	0.00551	0.00547	0.00154	0.02954	0.00449	0.00356	0.10716
6	0.02046	0.01281	0.01428	0.01111	0.01509	0.01361	0.00912	0.49612	0.02191	0.19433	0.01579	0.01548	0.01099	0.00667	0.00533	0.00162	0.00533	0.00514	0.11596	0.00886
7	0.01352	0.00645	0.00720	0.00650	0.00852	0.00630	0.00505	0.01682	0.05870	0.17562	0.01912	0.02028	0.01426	0.00660	0.00433	0.00141	0.00313	0.00531	0.61460	0.00626
8	0.05397	0.05239	0.11119	0.13122	0.15671	0.04641	0.01212	0.03176	0.03432	0.08147	0.10295	0.06310	0.01569	0.01895	0.00652	0.00181	0.05131	0.00594	0.01506	0.00709
9	0.00988	0.00938	0.06910	0.06166	0.07277	0.00824	0.00851	0.04762	0.05903	0.03442	0.15947	0.06711	0.26320	0.01049	0.00648	0.00185	0.02712	0.04141	0.03616	0.00611
10	0.00704	0.00497	0.00650	0.00761	0.00793	0.00471	0.00509	0.00795	0.01036	0.01379	0.02866	0.65834	0.03411	0.12621	0.01002	0.00270	0.00361	0.05115	0.00489	0.00437
11	0.69062	0.04039	0.00929	0.00760	0.01095	0.01190	0.02599	0.01534	0.00997	0.02303	0.01358	0.01444	0.09717	0.00617	0.00389	0.00172	0.00431	0.00413	0.00358	0.00592
12	0.00737	0.00600	0.00672	0.00646	0.00836	0.00506	0.00479	0.00901	0.01264	0.01631	0.15580	0.16512	0.45176	0.01295	0.00633	0.00179	0.00300	0.01107	0.00507	0.10440
13	0.03254	0.08094	0.01546	0.03270	0.03013	0.07213	0.07916	0.03054	0.01192	0.01702	0.01031	0.01281	0.00868	0.00895	0.09751	0.00205	0.00670	0.00401	0.00310	0.44334
14	0.01509	0.09682	0.22512	0.01285	0.01808	0.01328	0.06140	0.16389	0.01481	0.10438	0.01232	0.03965	0.00955	0.00611	0.00590	0.00159	0.05223	0.00480	0.00376	0.13838
15	0.09751	0.05155	0.12513	0.01201	0.01643	0.07531	0.05829	0.23857	0.03037	0.12269	0.01336	0.01403	0.00966	0.00603	0.00503	0.00162	0.00611	0.00468	0.10370	0.00792
16	0.01584	0.12144	0.01838	0.12325	0.10909	0.30571	0.03718	0.05122	0.01345	0.01524	0.00972	0.01288	0.00830	0.03661	0.02350	0.00188	0.06539	0.00435	0.01987	0.00673
17	0.00801	0.00578	0.00703	0.00683	0.00839	0.00529	0.00514	0.00992	0.01328	0.05158	0.30317	0.09713	0.33508	0.01625	0.09931	0.00268	0.00429	0.01041	0.00530	0.00511
18	0.01312	0.01093	0.01279	0.03745	0.01442	0.01249	0.02864	0.12770	0.35782	0.02153	0.03658	0.05405	0.05691	0.06381	0.00856	0.00216	0.08052	0.03159	0.02147	0.00744
19	0.00715	0.00535	0.00629	0.00667	0.00786	0.00479	0.00482	0.00874	0.01249	0.01648	0.18435	0.30076	0.31988	0.01420	0.00659	0.00196	0.00295	0.03022	0.05369	0.00476
20	0.00808	0.00626	0.00770	0.00817	0.03078	0.00611	0.00582	0.01092	0.07042	0.01728	0.19741	0.23229	0.23036	0.01453	0.04659	0.00230	0.01678	0.03820	0.04475	0.00526
21	0.01484	0.18305	0.06703	0.03893	0.04574	0.21100	0.03055	0.05366	0.05696	0.01677	0.01293	0.01786	0.01131	0.00679	0.00549	0.00161	0.03656	0.07941	0.10272	0.00678

[dist]
# distance from previous block
# <min> <max>
0	2

[block]
# block no. 3 follows, 43 sequences, length 59
# corresponding to MSA columns:
# 349,351-363,365-408,421
name=unknown_D
#
# <colnr> <probs for GDERKNQSTAVLIFYWHMCP>
#	G	D	E	R	K	N	Q	S	T	A	V	L	I	F	Y	W	H	M	C	P
0	0.01248	0.12562	0.20455	0.06687	0.09053	0.11854	0.02996	0.01556	0.01170	0.01522	0.01260	0.12326	0.01194	0.00911	0.04501	0.00210	0.07192	0.00587	0.02038	0.00678
1	0.00708	0.00500	0.00650	0.00757	0.00789	0.00475	0.00505	0.00797	0.01030	0.01371	0.02830	0.63451	0.03364	0.14760	0.01059	0.00278	0.00367	0.05390	0.00484	0.00434
2	0.01178	0.01074	0.01519	0.07461	0.08182	0.00939	0.08155	0.01457	0.01156	0.01748	0.00990	0.01231	0.00816	0.00462	0.00526	0.00115	0.04387	0.00395	0.00308	0.57902
3	0.01481	0.80869	0.02902	0.00948	0.01421	0.02191	0.00948	0.01658	0.01125	0.01303	0.00770	0.00888	0.00711	0.00474	0.00355	0.00118	0.00592	0.00296	0.00237	0.00711
4	0.09334	0.46325	0.02275	0.01086	0.01475	0.15266	0.02562	0.05744	0.01247	0.01554	0.00846	0.01009	0.00741	0.00661	0.03177	0.00166	0.05223	0.00347	0.00276	0.00688
5	0.01125	0.00988	0.01275	0.00934	0.01399	0.00770	0.06468	0.01381	0.01164	0.01777	0.01237	0.04134	0.03074	0.00512	0.00454	0.00102	0.00447	0.02009	0.00340	0.70410
6	0.08077	0.08887	0.06301	0.05579	0.17101	0.21251	0.01175	0.03712	0.05686	0.13675	0.01208	0.01324	0.00917	0.00639	0.02015	0.00173	0.00709	0.00440	0.00364	0.00767
7	0.03498	0.00858	0.06106	0.04687	0.01235	0.00721	0.00753	0.01521	0.04900	0.17740	0.33828	0.09486	0.09095	0.01013	0.00613	0.00181	0.00390	0.02176	0.00556	0.00643
8	0.01380	0.08487	0.17088	0.06100	0.07210	0.08166	0.19438	0.08866	0.05056	0.01866	0.04288	0.01610	0.01102	0.00613	0.00610	0.00175	0.03691	0.03174	0.00326	0.00752
9	0.00962	0.00481	0.00722	0.00722	0.00722	0.00481	0.00481	0.00722	0.00722	0.00962	0.00962	0.01684	0.00962	0.01924	0.02165	0.83886	0.00481	0.00481	0.00241	0.00241
10	0.01509	0.15456	0.04813	0.11729	0.10268	0.07985	0.01120	0.18087	0.01514	0.02002	0.01020	0.01200	0.00810	0.00525	0.00479	0.00139	0.00624	0.00406	0.00338	0.19975
11	0.02532	0.03427	0.09494	0.02677	0.01464	0.03887	0.02452	0.08464	0.20231	0.05295	0.06791	0.02527	0.15618	0.00816	0.00559	0.00169	0.00496	0.02626	0.00463	0.10012
12	0.03130	0.16583	0.29196	0.01320	0.02964	0.01405	0.05733	0.09602	0.04460	0.06629	0.05483	0.01403	0.01090	0.00581	0.00528	0.00159	0.02123	0.00459	0.00345	0.06807
13	0.00889	0.00846	0.07624	0.02371	0.01112	0.00725	0.00749	0.01165	0.05560	0.04456	0.15333	0.34924	0.12844	0.01300	0.00751	0.00204	0.06989	0.01117	0.00487	0.00556
14	0.00796	0.00587	0.00716	0.00704	0.00845	0.00543	0.00520	0.01061	0.04918	0.03416	0.42207	0.17630	0.21444	0.01274	0.00657	0.00187	0.00289	0.01115	0.00570	0.00522
15	0.05939	0.01228	0.04022	0.01095	0.01524	0.01179	0.00926	0.30088	0.01908	0.40359	0.01789	0.04689	0.01240	0.00706	0.00551	0.00172	0.00528	0.00558	0.00598	0.00903
16	0.01663	0.09709	0.14382	0.05972	0.07861	0.12260	0.03464	0.25706	0.06590	0.03568	0.01214	0.01397	0.00934	0.00609	0.00530	0.00165	0.00702	0.02074	0.00386	0.00813
17	0.00813	0.00638	0.00831	0.00823	0.00952	0.00616	0.03708	0.03278	0.05365	0.01684	0.14316	0.39999	0.17954	0.02793	0.00722	0.00208	0.01549	0.01235	0.02000	0.00517
18	0.00693	0.00550	0.00625	0.00647	0.00791	0.00482	0.00479	0.00852	0.01280	0.01621	0.18128	0.19696	0.46136	0.01423	0.00669	0.00195	0.00295	0.04430	0.00532	0.00476
19	0.00778	0.00610	0.00864	0.02749	0.04126	0.00613	0.02351	0.00953	0.03322	0.01510	0.07122	0.62937	0.03318	0.01528	0.00738	0.00217	0.03900	0.01373	0.00488	0.00502
20	0.04791	0.05026	0.05876	0.07357	0.24335	0.09042	0.16961	0.01666	0.01204	0.01661	0.01009	0.02938	0.00853	0.00588	0.00715	0.00176	0.11244	0.00508	0.00277	0.03773
21	0.01094	0.01103	0.04216	0.01357	0.01496	0.01304	0.09722	0.01373	0.05237	0.01440	0.01159	0.03938	0.01081	0.03402	0.21658	0.00406	0.38541	0.00578	0.00289	0.00606
22	0.00747	0.00581	0.00660	0.00662	0.00816	0.00527	0.00495	0.00985	0.04419	0.01756	0.25200	0.13173	0.39406	0.01311	0.00650	0.00188	0.00294	0.03811	0.03817	0.00502
23	0.04467	0.03613	0.43376	0.06586	0.09814	0.01289	0.08651	0.05260	0.01249	0.01824	0.01252	0.01543	0.03962	0.00596	0.00570	0.00178	0.02248	0.02466	0.00282	0.00773
24	0.01686	0.08123	0.04546	0.01301	0.08313	0.02893	0.02998	0.13840	0.14774	0.20916	0.03411	0.02168	0.07940	0.00751	0.00559	0.00173	0.00534	0.03750	0.00505	0.00820
25	0.01129	0.01029	0.01116	0.01079	0.02296	0.12101	0.00812	0.04853	0.01127	0.02882	0.01658	0.20842	0.01721	0.04421	0.25174	0.00427	0.14293	0.00778	0.01707	0.00556
26	0.07854	0.14550	0.08212	0.01488	0.11332	0.08381	0.04190	0.16895	0.01499	0.06965	0.02531	0.01419	0.00990	0.00821	0.05204	0.00207	0.04496	0.01834	0.00366	0.00766
27	0.00892	0.00693	0.00727	0.00667	0.00898	0.00624	0.00511	0.06347	0.04512	0.04909	0.04733	0.04538	0.60144	0.02823	0.00672	0.00187	0.00330	0.01027	0.00515	0.04251
28	0.03371	0.37402	0.07478	0.01378	0.05409	0.25538	0.07347	0.03440	0.01316	0.01486	0.00867	0.01026	0.00733	0.00513	0.00450	0.00140	0.00762	0.00367	0.00266	0.00711
29	0.01326	0.00797	0.00982	0.00920	0.01138	0.00799	0.00701	0.01861	0.20890	0.20450	0.10759	0.28760	0.02734	0.01144	0.00629	0.00198	0.00391	0.04250	0.00580	0.00693
30	0.00740	0.00544	0.00692	0.00698	0.00811	0.00497	0.00507	0.00944	0.01400	0.01923	0.48970	0.23465	0.14116	0.01319	0.00667	0.00189	0.00279	0.01168	0.00573	0.00497
31	0.00726	0.00541	0.00650	0.00673	0.00784	0.00490	0.00482	0.00888	0.01272	0.01693	0.27527	0.24586	0.25668	0.07212	0.00824	0.00219	0.00309	0.02773	0.02209	0.00473
32	0.01439	0.01220	0.01287	0.01139	0.01463	0.01406	0.00891	0.09008	0.69916	0.02415	0.02177	0.02005	0.01628	0.00744	0.00563	0.00186	0.00453	0.00615	0.00563	0.00882
33	0.00805	0.00537	0.00604	0.00604	0.00604	0.00537	0.00336	0.00805	0.00805	0.01074	0.01745	0.03624	0.02013	0.80536	0.02819	0.00537	0.00537	0.00805	0.00336	0.00336
34	0.01481	0.80869	0.02902	0.00948	0.01421	0.02191	0.00948	0.01658	0.01125	0.01303	0.00770	0.00888	0.00711	0.00474	0.00355	0.00118	0.00592	0.00296	0.00237	0.00711
35	0.12124	0.04707	0.11538	0.11817	0.24609	0.01301	0.03342	0.10101	0.01373	0.10292	0.01248	0.01425	0.02610	0.00568	0.00519	0.00170	0.00630	0.00477	0.00355	0.00795
36	0.16682	0.07058	0.04589	0.08050	0.01534	0.03409	0.00964	0.09722	0.04119	0.01852	0.02770	0.02920	0.01053	0.02802	0.13493	0.02061	0.15458	0.00493	0.00333	0.00636
37	0.84448	0.01071	0.00814	0.00728	0.01071	0.01242	0.00600	0.01628	0.00943	0.02485	0.00771	0.00900	0.00600	0.00514	0.00343	0.00171	0.00428	0.00300	0.00343	0.00600
38	0.00764	0.00565	0.00712	0.00676	0.00815	0.00514	0.00507	0.01006	0.01520	0.02107	0.65642	0.04324	0.16443	0.01175	0.00653	0.00176	0.00264	0.01028	0.00595	0.00514
39	0.02105	0.01551	0.01662	0.01274	0.01717	0.01717	0.01053	0.75235	0.02604	0.03490	0.01330	0.01330	0.00942	0.00665	0.00554	0.00166	0.00609	0.00499	0.00554	0.00942
40	0.50036	0.01214	0.01253	0.10249	0.04200	0.04312	0.04908	0.12528	0.01262	0.02376	0.00926	0.01111	0.00711	0.00619	0.02126	0.00187	0.00572	0.00386	0.00354	0.00669
41	0.01212	0.01212	0.01696	0.01454	0.01454	0.01696	0.01212	0.01333	0.00848	0.01333	0.00727	0.01212	0.00727	0.00969	0.01818	0.00242	0.79523	0.00485	0.00242	0.00606
42	0.01555	0.00981	0.01299	0.06547	0.06543	0.00928	0.02490	0.11213	0.03134	0.22307	0.04976	0.11912	0.03668	0.00775	0.00551	0.00160	0.00480	0.00664	0.02063	0.17753
43	0.02069	0.02640	0.01569	0.01427	0.01712	0.78313	0.01070	0.02212	0.01569	0.01355	0.00856	0.00999	0.00713	0.00571	0.00499	0.00143	0.00999	0.00357	0.00285	0.00642
44	0.01212	0.01212	0.01696	0.01454	0.01454	0.01696	0.01212	0.01333	0.00848	0.01333	0.00727	0.01212	0.00727	0.00969	0.01818	0.00242	0.79523	0.00485	0.00242	0.00606
45	0.01048	0.00802	0.00907	0.00858	0.03768	0.00795	0.01866	0.12569	0.07640	0.02055	0.11596	0.03590	0.35183	0.01037	0.00585	0.00172	0.00363	0.00866	0.13691	0.00607
46	0.02279	0.01142	0.01395	0.01078	0.01500	0.01124	0.00887	0.26542	0.04496	0.48643	0.03764	0.01765	0.01337	0.00692	0.00559	0.00170	0.00510	0.00551	0.00636	0.00930
47	0.00681	0.00533	0.00618	0.00658	0.00780	0.00469	0.00470	0.00824	0.01234	0.01575	0.15336	0.32475	0.39408	0.01484	0.00673	0.00199	0.00293	0.01292	0.00529	0.00469
48	0.00960	0.00773	0.00948	0.00903	0.00997	0.04586	0.00679	0.04352	0.00987	0.01372	0.01453	0.02321	0.01419	0.20592	0.44803	0.00660	0.07734	0.00613	0.03352	0.00496
49	0.04155	0.00897	0.02952	0.06779	0.11364	0.00951	0.00924	0.04964	0.03573	0.06031	0.04812	0.05253	0.01490	0.07947	0.28075	0.00457	0.05509	0.00619	0.02629	0.00620
50	0.13895	0.00994	0.01236	0.00966	0.01380	0.00927	0.00796	0.05879	0.03155	0.61971	0.01950	0.01726	0.01250	0.00662	0.00527	0.00171	0.00471	0.00520	0.00629	0.00893
51	0.00937	0.00636	0.00789	0.00761	0.00921	0.00602	0.00575	0.01250	0.07362	0.07829	0.37592	0.14874	0.14864	0.03195	0.00707	0.00198	0.00325	0.05450	0.00571	0.00560
52	0.01841	0.01086	0.01503	0.23373	0.08592	0.03008	0.01128	0.08860	0.04822	0.35195	0.01661	0.01790	0.01162	0.00655	0.00560	0.00177	0.00588	0.02686	0.00493	0.00821
53	0.01420	0.01094	0.01313	0.04377	0.02994	0.03865	0.00911	0.19465	0.07338	0.07298	0.01421	0.03251	0.01229	0.10404	0.15292	0.02628	0.14043	0.00576	0.00403	0.00677
54	0.00728	0.00523	0.00684	0.00790	0.00845	0.00496	0.00545	0.02821	0.01136	0.01513	0.05749	0.69951	0.05271	0.01667	0.00702	0.00222	0.00335	0.05034	0.00518	0.00469
55	0.02946	0.00816	0.00965	0.00864	0.01040	0.00893	0.00690	0.11457	0.01365	0.08812	0.06491	0.05238	0.01748	0.04416	0.00791	0.00190	0.11205	0.07175	0.32281	0.00616
56	0.03689	0.01033	0.04017	0.09571	0.05259	0.01031	0.02925	0.21894	0.01576	0.02138	0.07106	0.19665	0.09645	0.02795	0.00662	0.00198	0.00509	0.05161	0.00465	0.00660
57	0.02995	0.04123	0.33697	0.08042	0.04290	0.04313	0.01451	0.08192	0.12717	0.09403	0.04452	0.01525	0.01132	0.00614	0.00536	0.00174	0.00668	0.00491	0.00377	0.00808
58	0.26430	0.01346	0.04153	0.09407	0.18914	0.08489	0.04127	0.03711	0.04843	0.01955	0.01008	0.01253	0.00810	0.00700	0.03757	0.00199	0.04168	0.00430	0.00315	0.03983

[dist]
# distance from previous block
# <min> <max>
2	6

[block]
# block no. 4 follows, 43 sequences, length 19
# corresponding to MSA columns:
# 428-446
name=unknown_E
#
# <colnr> <probs for GDERKNQSTAVLIFYWHMCP>
#	G	D	E	R	K	N	Q	S	T	A	V	L	I	F	Y	W	H	M	C	P
0	0.22951	0.10124	0.04031	0.04805	0.06999	0.06620	0.02728	0.08611	0.02725	0.01950	0.01259	0.01854	0.01123	0.01200	0.12303	0.00282	0.00730	0.08696	0.00349	0.00659
1	0.01051	0.00589	0.00614	0.00595	0.00740	0.00591	0.00442	0.04077	0.03488	0.02027	0.01864	0.07700	0.01580	0.04330	0.00532	0.00156	0.00299	0.00602	0.65660	0.03063
2	0.01494	0.01376	0.10303	0.08896	0.22831	0.01267	0.03142	0.15954	0.06797	0.08485	0.01343	0.01528	0.01015	0.00714	0.03113	0.00193	0.02649	0.00509	0.07581	0.00811
3	0.02777	0.00656	0.00788	0.00733	0.00921	0.00596	0.00548	0.03539	0.01366	0.11119	0.25540	0.17775	0.21507	0.04976	0.00734	0.00199	0.00337	0.01022	0.00545	0.04321
4	0.00759	0.00546	0.00750	0.00790	0.00846	0.00583	0.00558	0.00881	0.00924	0.01278	0.02025	0.26515	0.02227	0.20474	0.37565	0.00606	0.00914	0.00943	0.00372	0.00445
5	0.01419	0.01049	0.04258	0.09941	0.04025	0.01046	0.00929	0.08610	0.21730	0.15139	0.14907	0.04783	0.04764	0.00822	0.00581	0.00180	0.00473	0.01946	0.02642	0.00758
6	0.00699	0.00500	0.00671	0.00799	0.00842	0.00471	0.00557	0.00814	0.01085	0.01441	0.03039	0.71789	0.03609	0.01712	0.00713	0.00228	0.00343	0.09717	0.00514	0.00457
7	0.01211	0.13781	0.49086	0.01572	0.05132	0.01451	0.06668	0.03368	0.01192	0.01709	0.02788	0.01237	0.00836	0.00567	0.00619	0.00173	0.07140	0.00435	0.00256	0.00779
8	0.01732	0.01331	0.01448	0.01185	0.01549	0.01496	0.00958	0.44534	0.25053	0.02879	0.01632	0.01653	0.01223	0.01087	0.09381	0.00255	0.00656	0.00549	0.00528	0.00871
9	0.00794	0.00616	0.00729	0.00692	0.00854	0.00576	0.00521	0.01126	0.07600	0.02012	0.49388	0.04323	0.26347	0.01182	0.00646	0.00179	0.00282	0.01021	0.00577	0.00535
10	0.07643	0.01934	0.01390	0.01208	0.01530	0.41515	0.00933	0.17235	0.04653	0.01955	0.01550	0.01601	0.09434	0.00681	0.00516	0.00154	0.00747	0.00484	0.00384	0.04454
11	0.00791	0.00599	0.00709	0.00748	0.02789	0.00539	0.00530	0.02797	0.01303	0.03768	0.15912	0.23616	0.39542	0.01384	0.00662	0.00194	0.00316	0.02763	0.00529	0.00509
12	0.00721	0.00515	0.00626	0.00687	0.00748	0.00480	0.00457	0.00824	0.01085	0.01446	0.09542	0.42583	0.14932	0.18547	0.01137	0.00278	0.00354	0.01259	0.03342	0.00437
13	0.01004	0.00927	0.01546	0.70308	0.03473	0.01142	0.01422	0.01342	0.01102	0.01415	0.01219	0.10404	0.01070	0.00688	0.00571	0.00189	0.00691	0.00615	0.00276	0.00596
14	0.01371	0.01316	0.02248	0.03399	0.77081	0.01316	0.01700	0.01700	0.01261	0.01809	0.01042	0.01371	0.00877	0.00493	0.00548	0.00164	0.00658	0.00493	0.00274	0.00877
15	0.00791	0.00593	0.00890	0.00890	0.00989	0.00692	0.00692	0.00989	0.00890	0.01286	0.01483	0.02176	0.01385	0.04154	0.78341	0.00890	0.01483	0.00593	0.00297	0.00494
16	0.00958	0.00694	0.00806	0.00786	0.00948	0.00676	0.00585	0.10282	0.04082	0.03892	0.09015	0.27434	0.25779	0.03779	0.00786	0.03750	0.00370	0.04319	0.00516	0.00542
17	0.07292	0.01316	0.01615	0.01262	0.01645	0.01411	0.10068	0.46194	0.02029	0.04837	0.01481	0.06633	0.01225	0.04864	0.00680	0.00193	0.00597	0.02640	0.03210	0.00806
18	0.10230	0.00597	0.00643	0.00661	0.00777	0.00579	0.00463	0.00933	0.01096	0.01576	0.10003	0.20999	0.22976	0.20444	0.01149	0.00277	0.00372	0.02973	0.02798	0.00454

[dist]
# distance from previous block
# <min> <max>
0	1

[block]
# block no. 5 follows, 43 sequences, length 11
# corresponding to MSA columns:
# 448-451,456-459,461-463
name=unknown_F
#
# <colnr> <probs for GDERKNQSTAVLIFYWHMCP>
#	G	D	E	R	K	N	Q	S	T	A	V	L	I	F	Y	W	H	M	C	P
0	0.00860	0.08780	0.00898	0.00753	0.00849	0.00672	0.00535	0.00962	0.01066	0.03828	0.07056	0.42115	0.04935	0.20514	0.01172	0.00284	0.00407	0.03389	0.00454	0.00472
1	0.01429	0.58999	0.08153	0.00987	0.01455	0.01900	0.00986	0.08780	0.01287	0.01571	0.01339	0.01409	0.08555	0.00592	0.00418	0.00134	0.00579	0.00414	0.00296	0.00716
2	0.00846	0.00632	0.00763	0.00789	0.00923	0.00617	0.00581	0.01200	0.11631	0.03459	0.17973	0.33609	0.17193	0.01380	0.00667	0.00204	0.00334	0.06112	0.00544	0.00542
3	0.03980	0.00931	0.01061	0.00867	0.01220	0.00830	0.00671	0.08597	0.07468	0.01936	0.01746	0.19224	0.04213	0.00801	0.00510	0.00138	0.00408	0.00679	0.00419	0.44301
4	0.00899	0.00609	0.00696	0.00688	0.00814	0.00597	0.00491	0.01196	0.08882	0.03361	0.17342	0.14878	0.14849	0.13519	0.00970	0.02060	0.00343	0.00932	0.16363	0.00512
5	0.01566	0.01224	0.01312	0.01092	0.01431	0.01350	0.00873	0.34441	0.28673	0.02741	0.09488	0.02279	0.09428	0.00817	0.00577	0.00177	0.00480	0.00662	0.00559	0.00829
6	0.00942	0.00761	0.00823	0.03297	0.01020	0.08178	0.00641	0.01071	0.01091	0.01432	0.02325	0.19547	0.09733	0.05320	0.14967	0.08962	0.00648	0.09113	0.09657	0.00471
7	0.00758	0.00540	0.00674	0.00751	0.00804	0.00528	0.00502	0.00942	0.05641	0.01475	0.06611	0.55484	0.03263	0.15267	0.01051	0.00271	0.00361	0.01317	0.03298	0.00462
8	0.01017	0.00716	0.00952	0.04064	0.01132	0.00737	0.03003	0.05369	0.05193	0.05629	0.09671	0.27605	0.06170	0.06987	0.00931	0.04850	0.03730	0.06132	0.05569	0.00545
9	0.01818	0.01465	0.04565	0.01162	0.01582	0.09202	0.00972	0.29904	0.06326	0.13454	0.01342	0.01369	0.00979	0.00618	0.00583	0.00152	0.04684	0.00459	0.00468	0.18895
10	0.05957	0.01441	0.06468	0.09257	0.02062	0.03862	0.14307	0.23881	0.06406	0.09694	0.01281	0.01415	0.00934	0.00611	0.00626	0.00174	0.05359	0.00509	0.00417	0.05339

[dist]
# distance from previous block
# <min> <max>
0	4

[block]
# block no. 6 follows, 43 sequences, length 10
# corresponding to MSA columns:
# 468,469,474-481
name=unknown_G
#
# <colnr> <probs for GDERKNQSTAVLIFYWHMCP>
#	G	D	E	R	K	N	Q	S	T	A	V	L	I	F	Y	W	H	M	C	P
0	0.00934	0.00658	0.00829	0.00790	0.00904	0.00717	0.00589	0.06835	0.01107	0.01594	0.06267	0.02678	0.06177	0.19024	0.34156	0.00551	0.02819	0.00675	0.12195	0.00502
1	0.00822	0.00628	0.00730	0.00714	0.00857	0.00598	0.00520	0.04397	0.05718	0.01825	0.28046	0.18129	0.25628	0.07861	0.00833	0.00218	0.00327	0.01095	0.00536	0.00517
2	0.00942	0.00641	0.00770	0.00777	0.00922	0.00617	0.00574	0.04841	0.05871	0.06264	0.13144	0.34674	0.16302	0.01335	0.00646	0.00198	0.00340	0.04359	0.06234	0.00550
3	0.14042	0.01476	0.06573	0.08098	0.01831	0.07064	0.05425	0.20941	0.21760	0.02406	0.01383	0.01445	0.01032	0.00619	0.00520	0.00172	0.00602	0.00489	0.00432	0.03688
4	0.01200	0.00939	0.03862	0.04488	0.01289	0.00934	0.00803	0.19129	0.01362	0.01853	0.01636	0.10395	0.03480	0.06741	0.09149	0.16967	0.03007	0.05747	0.00391	0.06626
5	0.01501	0.09624	0.14241	0.06017	0.21246	0.01399	0.11971	0.07789	0.04548	0.10971	0.01213	0.01394	0.00912	0.00565	0.00599	0.00171	0.04176	0.00496	0.00346	0.00820
6	0.08750	0.16016	0.29972	0.04068	0.04629	0.01435	0.10630	0.04256	0.03853	0.03910	0.01128	0.04817	0.00917	0.00592	0.00542	0.00170	0.02775	0.00486	0.00300	0.00753
7	0.01225	0.00992	0.01378	0.28777	0.07663	0.04566	0.01103	0.05217	0.03972	0.08033	0.09224	0.01971	0.01481	0.04111	0.15106	0.00323	0.03267	0.00580	0.00365	0.00647
8	0.02945	0.01336	0.06343	0.09266	0.08700	0.08458	0.07578	0.11657	0.04818	0.09239	0.01338	0.04304	0.01109	0.06144	0.03283	0.05185	0.02899	0.00551	0.00376	0.04473
9	0.01191	0.01044	0.01770	0.11691	0.14648	0.01050	0.18270	0.03409	0.05800	0.06455	0.03865	0.09351	0.11215	0.00972	0.04133	0.00219	0.00650	0.03188	0.00392	0.00689

[dist]
# distance from previous block
# <min> <max>
1	1

[block]
# block no. 7 follows, 43 sequences, length 33
# corresponding to MSA columns:
# 491-523
name=unknown_H
#
# <colnr> <probs for GDERKNQSTAVLIFYWHMCP>
#	G	D	E	R	K	N	Q	S	T	A	V	L	I	F	Y	W	H	M	C	P
0	0.01172	0.01140	0.02028	0.18434	0.29951	0.01193	0.15845	0.01502	0.01232	0.01707	0.08734	0.07448	0.01471	0.00681	0.00661	0.00183	0.04930	0.00654	0.00319	0.00716
1	0.05463	0.09237	0.04932	0.21647	0.14489	0.11429	0.06353	0.10922	0.03371	0.05423	0.01088	0.01318	0.00834	0.00555	0.00523	0.00166	0.00710	0.00462	0.00329	0.00750
2	0.02485	0.00943	0.01285	0.00985	0.01414	0.00814	0.00814	0.02699	0.01585	0.77465	0.02185	0.01885	0.01371	0.00685	0.00557	0.00171	0.00471	0.00557	0.00685	0.00943
3	0.00892	0.00637	0.00892	0.01020	0.01147	0.00637	0.00892	0.01147	0.01275	0.01657	0.02932	0.06247	0.03187	0.01530	0.00765	0.00255	0.00510	0.73354	0.00510	0.00510
4	0.01249	0.00969	0.01483	0.13348	0.16820	0.01002	0.06730	0.09609	0.01308	0.07336	0.01695	0.16771	0.01647	0.10820	0.00905	0.01797	0.00576	0.02862	0.02415	0.00660
5	0.01536	0.00938	0.04860	0.06143	0.06879	0.00828	0.07314	0.01817	0.01303	0.26311	0.01767	0.04710	0.01333	0.02707	0.00568	0.00170	0.00482	0.00579	0.29042	0.00714
6	0.01212	0.01212	0.01696	0.01454	0.01454	0.01696	0.01212	0.01333	0.00848	0.01333	0.00727	0.01212	0.00727	0.00969	0.01818	0.00242	0.79523	0.00485	0.00242	0.00606
7	0.01307	0.01256	0.03763	0.28954	0.16884	0.04325	0.10585	0.09313	0.01371	0.03472	0.06297	0.01685	0.02962	0.00627	0.00637	0.00179	0.04775	0.00558	0.00330	0.00719
8	0.01996	0.01497	0.01600	0.01252	0.01676	0.01666	0.01026	0.64334	0.13683	0.03313	0.01469	0.01441	0.01055	0.00678	0.00555	0.00169	0.00584	0.00518	0.00555	0.00932
9	0.01307	0.01494	0.03268	0.02334	0.02894	0.01401	0.75070	0.01774	0.01307	0.01774	0.01120	0.01494	0.00840	0.00467	0.00654	0.00187	0.00934	0.00654	0.00280	0.00747
10	0.00750	0.00545	0.00753	0.00849	0.00923	0.00548	0.00639	0.00907	0.01078	0.01444	0.02745	0.43711	0.05026	0.02216	0.17958	0.00379	0.00622	0.17968	0.00465	0.00474
11	0.00834	0.00611	0.00814	0.03133	0.04102	0.00589	0.00615	0.01081	0.04835	0.03859	0.28555	0.37721	0.08441	0.01344	0.00663	0.00198	0.00334	0.01201	0.00537	0.00533
12	0.00962	0.00481	0.00722	0.00722	0.00722	0.00481	0.00481	0.00722	0.00722	0.00962	0.00962	0.01684	0.00962	0.01924	0.02165	0.83886	0.00481	0.00481	0.00241	0.00241
13	0.00804	0.00544	0.00641	0.00641	0.00654	0.00557	0.00382	0.00829	0.00816	0.01101	0.01711	0.03438	0.01932	0.70692	0.12552	0.00582	0.00659	0.00778	0.00331	0.00356
14	0.01046	0.00984	0.01661	0.79205	0.03814	0.01230	0.01538	0.01415	0.01107	0.01415	0.00984	0.01477	0.00738	0.00554	0.00554	0.00185	0.00738	0.00492	0.00246	0.00615
15	0.01172	0.01014	0.01587	0.15344	0.21442	0.01162	0.03071	0.04714	0.01073	0.01501	0.01040	0.01584	0.00934	0.04937	0.07186	0.15016	0.15820	0.00516	0.00275	0.00612
16	0.00676	0.00494	0.00631	0.00740	0.00790	0.00455	0.00497	0.00775	0.01077	0.01413	0.03329	0.68396	0.12719	0.04230	0.00768	0.00230	0.00323	0.01499	0.00508	0.00448
17	0.00784	0.00589	0.00857	0.00857	0.00956	0.00672	0.00659	0.00969	0.00906	0.01286	0.01725	0.02425	0.05597	0.07935	0.70150	0.00833	0.01368	0.00636	0.00311	0.00485
18	0.00741	0.00566	0.00691	0.00740	0.00873	0.00517	0.00575	0.00923	0.01282	0.01651	0.17191	0.19459	0.31815	0.01449	0.00692	0.00209	0.00342	0.19271	0.00530	0.00485
19	0.00931	0.00673	0.00830	0.02972	0.02430	0.02647	0.00630	0.01117	0.04407	0.05644	0.04497	0.23020	0.14786	0.10121	0.10950	0.05670	0.00560	0.07165	0.00446	0.00504
20	0.00814	0.00561	0.00634	0.00641	0.00662	0.00563	0.00378	0.00895	0.04099	0.01170	0.01991	0.10586	0.04180	0.67748	0.02470	0.00484	0.00506	0.00878	0.00367	0.00373
21	0.02105	0.01551	0.01662	0.01274	0.01717	0.01717	0.01053	0.75235	0.02604	0.03490	0.01330	0.01330	0.00942	0.00665	0.00554	0.00166	0.00609	0.00499	0.00554	0.00942
22	0.01060	0.00999	0.01687	0.75924	0.06986	0.01234	0.01545	0.01427	0.01114	0.01432	0.00987	0.01472	0.00744	0.00551	0.00553	0.00184	0.00735	0.00492	0.00247	0.00627
23	0.00862	0.00707	0.00928	0.00920	0.01029	0.04991	0.00713	0.01057	0.00928	0.01290	0.01449	0.02111	0.01347	0.03955	0.74030	0.00849	0.01457	0.00580	0.00296	0.00503
24	0.00959	0.00692	0.00903	0.00970	0.01126	0.00701	0.00817	0.01351	0.09913	0.03742	0.09065	0.08940	0.06782	0.01389	0.00719	0.00234	0.00460	0.50148	0.00529	0.00560
25	0.00866	0.00628	0.00771	0.05603	0.00993	0.00630	0.00549	0.03134	0.04377	0.03202	0.12611	0.19641	0.13786	0.27153	0.03348	0.00324	0.00450	0.01000	0.00454	0.00480
26	0.00704	0.00580	0.00622	0.00618	0.00794	0.00507	0.00467	0.00907	0.03446	0.01640	0.16894	0.06931	0.59050	0.01352	0.00656	0.00188	0.00290	0.03333	0.00531	0.00489
27	0.02069	0.02640	0.01569	0.01427	0.01712	0.78313	0.01070	0.02212	0.01569	0.01355	0.00856	0.00999	0.00713	0.00571	0.00499	0.00143	0.00999	0.00357	0.00285	0.00642
28	0.01639	0.01405	0.05035	0.01204	0.01590	0.01501	0.00998	0.30128	0.44836	0.02732	0.01846	0.01746	0.01362	0.00708	0.00558	0.00179	0.00521	0.00568	0.00544	0.00898
29	0.00735	0.00508	0.00657	0.00736	0.00769	0.00492	0.00487	0.00800	0.00980	0.01307	0.02582	0.48719	0.04653	0.21319	0.05637	0.04972	0.00453	0.03337	0.00443	0.00415
30	0.01335	0.01314	0.02042	0.26471	0.13689	0.06357	0.17472	0.09206	0.03180	0.01815	0.04660	0.01539	0.01036	0.00603	0.00674	0.00182	0.06842	0.00546	0.00317	0.00719
31	0.01181	0.01534	0.24362	0.05383	0.09932	0.01048	0.09668	0.01621	0.05339	0.06969	0.03095	0.10179	0.01478	0.07482	0.00770	0.00211	0.00644	0.04082	0.00357	0.04664
32	0.00700	0.00545	0.00633	0.00662	0.00792	0.00484	0.00483	0.00856	0.01264	0.01619	0.19162	0.23563	0.39187	0.03370	0.00725	0.00205	0.00303	0.04443	0.00529	0.00473

[dist]
# distance from previous block
# <min> <max>
0	19

# created by:
# /home/cegg/simao/soft/augustus-3.2.1/scripts/msa2prfl.pl ./align_prep/EOG091G0HS4.fa
