[name]
unknown

[dist]
# distance from previous block
# <min> <max>
0	130

[block]
# block no. 0 follows, 46 sequences, length 10
# corresponding to MSA columns:
# 130-139
name=unknown_A
#
# <colnr> <probs for GDERKNQSTAVLIFYWHMCP>
#	G	D	E	R	K	N	Q	S	T	A	V	L	I	F	Y	W	H	M	C	P
0	0.06062	0.05791	0.05057	0.03602	0.02964	0.01025	0.09789	0.10991	0.02817	0.05911	0.13103	0.06255	0.07087	0.00840	0.00590	0.00173	0.02464	0.09751	0.00425	0.05303
1	0.08045	0.03680	0.01192	0.02696	0.03115	0.10906	0.00783	0.17489	0.06085	0.10397	0.16516	0.06169	0.07667	0.00795	0.00532	0.00161	0.00489	0.00642	0.00474	0.02168
2	0.05109	0.04689	0.03901	0.03782	0.04466	0.05832	0.06516	0.10776	0.17453	0.01999	0.12530	0.05514	0.09414	0.00768	0.00538	0.00164	0.00497	0.00651	0.00433	0.04969
3	0.08771	0.00962	0.01204	0.01021	0.02755	0.00959	0.05191	0.09094	0.12745	0.12643	0.11658	0.07358	0.01825	0.00757	0.00554	0.00161	0.02236	0.04368	0.00467	0.15272
4	0.03391	0.04445	0.01288	0.01065	0.05064	0.04670	0.03260	0.13296	0.01450	0.09329	0.18482	0.07825	0.01983	0.00747	0.00577	0.00150	0.04155	0.00618	0.00440	0.17766
5	0.05011	0.00794	0.01131	0.01124	0.07784	0.00794	0.07621	0.04511	0.03491	0.06561	0.08171	0.20591	0.14424	0.05277	0.04469	0.00234	0.03236	0.03767	0.00436	0.00572
6	0.00829	0.03768	0.00806	0.00744	0.00817	0.00651	0.00523	0.04700	0.00948	0.01284	0.01814	0.21983	0.01997	0.29036	0.23553	0.04196	0.00719	0.00846	0.00355	0.00430
7	0.06277	0.01279	0.03789	0.28021	0.14152	0.09579	0.05831	0.10928	0.02753	0.03258	0.01067	0.01400	0.00844	0.02781	0.05640	0.00217	0.00731	0.00471	0.00306	0.00677
8	0.01208	0.05014	0.05360	0.43744	0.10245	0.03961	0.07821	0.09741	0.01256	0.01639	0.00999	0.01358	0.00770	0.00669	0.03870	0.00196	0.00735	0.00471	0.00275	0.00666
9	0.00675	0.00559	0.00596	0.00606	0.00766	0.00498	0.00447	0.00890	0.05677	0.01500	0.08812	0.16801	0.57636	0.01338	0.00627	0.00184	0.00282	0.01137	0.00499	0.00470

[dist]
# distance from previous block
# <min> <max>
5	9

[block]
# block no. 1 follows, 46 sequences, length 13
# corresponding to MSA columns:
# 150-162
name=unknown_B
#
# <colnr> <probs for GDERKNQSTAVLIFYWHMCP>
#	G	D	E	R	K	N	Q	S	T	A	V	L	I	F	Y	W	H	M	C	P
0	0.01415	0.01214	0.04473	0.05180	0.05734	0.03595	0.03369	0.31764	0.11252	0.02325	0.03947	0.19980	0.01681	0.00867	0.00567	0.00176	0.00526	0.00741	0.00465	0.00732
1	0.00982	0.00681	0.00820	0.00801	0.00911	0.00701	0.00570	0.14108	0.01210	0.03619	0.02121	0.33503	0.02338	0.23841	0.08036	0.00343	0.00520	0.03959	0.00436	0.00500
2	0.06372	0.00761	0.00930	0.00775	0.01051	0.00718	0.00620	0.04264	0.03433	0.35979	0.16584	0.02193	0.01987	0.00719	0.00498	0.00154	0.00362	0.00590	0.21308	0.00701
3	0.00777	0.00516	0.00595	0.00587	0.00616	0.00509	0.00354	0.00835	0.00916	0.01271	0.15048	0.03461	0.02428	0.62725	0.02196	0.00430	0.00451	0.00786	0.05135	0.00361
4	0.02284	0.00945	0.01237	0.00953	0.01353	0.00856	0.00786	0.10158	0.01599	0.67920	0.01988	0.01751	0.01268	0.00651	0.00525	0.00162	0.00456	0.00524	0.03701	0.00885
5	0.00754	0.00562	0.00825	0.00817	0.00917	0.00632	0.00632	0.00953	0.00963	0.01384	0.14839	0.02406	0.01966	0.03458	0.65504	0.00730	0.01211	0.00635	0.00336	0.00477
6	0.85155	0.01022	0.00777	0.00695	0.01022	0.01186	0.00573	0.01554	0.00900	0.02372	0.00736	0.00859	0.00573	0.00491	0.00327	0.00164	0.00409	0.00286	0.00327	0.00573
7	0.02010	0.01481	0.01587	0.01216	0.01639	0.01639	0.01005	0.76360	0.02486	0.03332	0.01269	0.01269	0.00899	0.00635	0.00529	0.00159	0.00582	0.00476	0.00529	0.00899
8	0.53084	0.01038	0.01112	0.01194	0.14632	0.01113	0.00800	0.01780	0.01082	0.18208	0.01064	0.01135	0.00773	0.00522	0.00404	0.00162	0.00456	0.00370	0.00384	0.00688
9	0.00941	0.00640	0.00900	0.14653	0.01342	0.00638	0.00693	0.01189	0.01376	0.09449	0.48990	0.08910	0.06222	0.00992	0.00602	0.00172	0.00354	0.00874	0.00518	0.00547
10	0.00834	0.00661	0.00864	0.00982	0.10297	0.00683	0.00590	0.00930	0.00940	0.01258	0.04551	0.03252	0.16610	0.41387	0.07881	0.00399	0.06326	0.00768	0.00345	0.00445
11	0.07204	0.03468	0.01722	0.11821	0.23913	0.01068	0.13070	0.01401	0.01074	0.01582	0.01083	0.01641	0.00973	0.14681	0.00882	0.00213	0.00608	0.00506	0.00281	0.12811
12	0.01302	0.01303	0.02627	0.01881	0.02395	0.01185	0.57472	0.01694	0.01240	0.07255	0.01120	0.01395	0.00835	0.00451	0.00576	0.00160	0.00772	0.00563	0.00303	0.15469

[dist]
# distance from previous block
# <min> <max>
1	26

[block]
# block no. 2 follows, 46 sequences, length 30
# corresponding to MSA columns:
# 189-218
name=unknown_C
#
# <colnr> <probs for GDERKNQSTAVLIFYWHMCP>
#	G	D	E	R	K	N	Q	S	T	A	V	L	I	F	Y	W	H	M	C	P
0	0.09540	0.02985	0.12949	0.05028	0.24462	0.03250	0.06649	0.07649	0.07655	0.09579	0.01260	0.04508	0.00995	0.00579	0.00512	0.00165	0.00607	0.00503	0.00354	0.00770
1	0.05592	0.10146	0.04527	0.07679	0.18834	0.21004	0.02740	0.07873	0.02897	0.05878	0.01001	0.01173	0.00791	0.00528	0.00507	0.00148	0.02601	0.00407	0.00311	0.05362
2	0.01837	0.03667	0.01468	0.01315	0.03602	0.62009	0.00977	0.01991	0.01435	0.04910	0.02351	0.01148	0.02289	0.00568	0.00503	0.00137	0.02476	0.00378	0.00301	0.06640
3	0.00845	0.00604	0.00842	0.00952	0.01074	0.00601	0.00827	0.01088	0.01236	0.01620	0.08034	0.05823	0.03178	0.01434	0.00723	0.00238	0.00470	0.69430	0.00493	0.00488
4	0.00648	0.00499	0.00593	0.00649	0.00748	0.00444	0.00456	0.00774	0.01142	0.01465	0.12091	0.42522	0.33138	0.01467	0.00649	0.00195	0.00285	0.01290	0.00501	0.00444
5	0.01413	0.81739	0.02770	0.00905	0.01357	0.02092	0.00905	0.01583	0.01074	0.01244	0.00735	0.00848	0.00678	0.00452	0.00339	0.00113	0.00565	0.00283	0.00226	0.00678
6	0.00710	0.00492	0.00612	0.00678	0.00702	0.00475	0.00436	0.00774	0.00930	0.01241	0.04175	0.42549	0.02840	0.35561	0.01534	0.00342	0.00402	0.04739	0.00420	0.00387
7	0.00679	0.00540	0.00611	0.00598	0.00754	0.00471	0.00452	0.00861	0.01318	0.01700	0.33283	0.04673	0.47552	0.01243	0.00627	0.00176	0.00267	0.03201	0.00526	0.00468
8	0.00753	0.00514	0.00617	0.00630	0.00646	0.00523	0.00384	0.00789	0.00806	0.01088	0.01770	0.11813	0.02015	0.62338	0.12669	0.00525	0.00610	0.00823	0.00334	0.00353
9	0.01394	0.00757	0.00942	0.00801	0.01046	0.00727	0.00631	0.07008	0.07494	0.25073	0.35845	0.02753	0.02952	0.00844	0.00556	0.00161	0.00346	0.00718	0.09277	0.00673
10	0.00748	0.00540	0.00707	0.00665	0.00790	0.00499	0.00499	0.00998	0.01496	0.02120	0.77844	0.03949	0.04988	0.01081	0.00624	0.00166	0.00249	0.00956	0.00582	0.00499
11	0.01302	0.52704	0.15628	0.11417	0.01821	0.03786	0.01153	0.01573	0.01091	0.01350	0.00808	0.00979	0.00684	0.00471	0.00398	0.00130	0.00625	0.00328	0.00231	0.03521
12	0.01621	0.47638	0.02227	0.03818	0.01545	0.32580	0.00970	0.01784	0.01241	0.01267	0.00775	0.00909	0.00680	0.00491	0.00400	0.00124	0.00724	0.00312	0.00245	0.00649
13	0.01462	0.01027	0.01201	0.00889	0.01329	0.00893	0.00720	0.16215	0.01445	0.13922	0.03536	0.01326	0.01016	0.00501	0.00447	0.00110	0.00433	0.00399	0.00416	0.52712
14	0.01053	0.03248	0.05171	0.04152	0.03118	0.04620	0.02314	0.08334	0.01305	0.03376	0.22536	0.11207	0.07048	0.03949	0.07955	0.00250	0.08605	0.00764	0.00420	0.00575
15	0.07648	0.03293	0.06273	0.08687	0.07740	0.01154	0.11403	0.08090	0.14277	0.15541	0.03029	0.06332	0.01291	0.00666	0.00537	0.00172	0.00562	0.02132	0.00425	0.00748
16	0.00901	0.00465	0.00676	0.00676	0.00676	0.00465	0.00443	0.00698	0.00698	0.00931	0.01005	0.01823	0.01035	0.11103	0.02139	0.74826	0.00465	0.00495	0.00240	0.00240
17	0.01157	0.01157	0.01619	0.01388	0.01388	0.01619	0.01157	0.01272	0.00810	0.01272	0.00694	0.01157	0.00694	0.00925	0.01735	0.00231	0.80453	0.00463	0.00231	0.00578
18	0.09958	0.01227	0.05810	0.12167	0.08446	0.01233	0.07596	0.14881	0.16121	0.10837	0.01455	0.01698	0.01110	0.00629	0.00527	0.00173	0.00571	0.04379	0.00419	0.00762
19	0.01186	0.01427	0.23143	0.01541	0.11095	0.00981	0.11045	0.03473	0.01232	0.09850	0.01731	0.11385	0.01626	0.00853	0.00594	0.00189	0.00618	0.16964	0.00376	0.00690
20	0.01975	0.02520	0.01498	0.01362	0.01634	0.79299	0.01021	0.02111	0.01498	0.01294	0.00817	0.00953	0.00681	0.00545	0.00477	0.00136	0.00953	0.00340	0.00272	0.00613
21	0.00664	0.00500	0.00620	0.00708	0.00792	0.00456	0.00509	0.00787	0.01092	0.01401	0.03599	0.50101	0.24758	0.01541	0.00667	0.00208	0.00318	0.10346	0.00490	0.00441
22	0.01261	0.04954	0.13298	0.04633	0.13887	0.02986	0.07024	0.08736	0.01311	0.09269	0.01798	0.16139	0.05175	0.00840	0.00568	0.00177	0.00573	0.06295	0.00387	0.00690
23	0.01092	0.01154	0.08234	0.20727	0.23735	0.01073	0.09380	0.03973	0.01194	0.01623	0.01520	0.09401	0.03195	0.00754	0.00578	0.00182	0.00629	0.10570	0.00319	0.00667
24	0.01890	0.02381	0.01461	0.01329	0.01583	0.73166	0.00998	0.02024	0.01444	0.01285	0.00851	0.01053	0.00730	0.02761	0.02557	0.00167	0.03086	0.00361	0.00273	0.00601
25	0.01094	0.00919	0.01265	0.15961	0.07332	0.00866	0.02444	0.04427	0.01089	0.01582	0.00997	0.01368	0.00853	0.04193	0.02645	0.09462	0.01883	0.00412	0.00292	0.40916
26	0.01563	0.03556	0.05303	0.04841	0.24278	0.08410	0.01234	0.28590	0.03753	0.02202	0.01152	0.04428	0.00945	0.00628	0.00614	0.00164	0.06685	0.00496	0.00370	0.00787
27	0.01157	0.01157	0.01619	0.01388	0.01388	0.01619	0.01157	0.01272	0.00810	0.01272	0.00694	0.01157	0.00694	0.00925	0.01735	0.00231	0.80453	0.00463	0.00231	0.00578
28	0.00755	0.00566	0.00850	0.00850	0.00944	0.00661	0.00661	0.00944	0.00850	0.01227	0.01416	0.02077	0.01322	0.03965	0.79326	0.00850	0.01416	0.00566	0.00283	0.00472
29	0.01993	0.01397	0.01524	0.01175	0.01580	0.01528	0.00966	0.67848	0.02342	0.08838	0.01316	0.01322	0.00930	0.00684	0.00590	0.03521	0.00567	0.00479	0.00526	0.00872

[dist]
# distance from previous block
# <min> <max>
0	1

[block]
# block no. 3 follows, 46 sequences, length 14
# corresponding to MSA columns:
# 220-233
name=unknown_D
#
# <colnr> <probs for GDERKNQSTAVLIFYWHMCP>
#	G	D	E	R	K	N	Q	S	T	A	V	L	I	F	Y	W	H	M	C	P
0	0.07820	0.00771	0.00846	0.00746	0.00928	0.00771	0.00537	0.13078	0.01190	0.04497	0.03036	0.08523	0.05339	0.34594	0.01422	0.00305	0.00461	0.02731	0.02242	0.10161
1	0.00770	0.00516	0.00684	0.00765	0.00845	0.00481	0.00556	0.00906	0.01121	0.05302	0.09145	0.54375	0.08129	0.01509	0.00669	0.00210	0.00335	0.12708	0.00506	0.00469
2	0.01227	0.01075	0.01792	0.40036	0.33922	0.01198	0.01471	0.01544	0.01139	0.06825	0.01031	0.01385	0.00800	0.00529	0.00575	0.00170	0.03821	0.00474	0.00275	0.00711
3	0.00878	0.00657	0.00841	0.00808	0.00892	0.03705	0.02643	0.00969	0.00940	0.03529	0.05904	0.12928	0.05118	0.21579	0.24476	0.09056	0.03534	0.00761	0.00348	0.00434
4	0.07423	0.00526	0.00633	0.00712	0.00765	0.00520	0.00481	0.00831	0.00961	0.01372	0.02451	0.52492	0.02880	0.19560	0.01106	0.00280	0.00373	0.05777	0.00439	0.00420
5	0.85155	0.01022	0.00777	0.00695	0.01022	0.01186	0.00573	0.01554	0.00900	0.02372	0.00736	0.00859	0.00573	0.00491	0.00327	0.00164	0.00409	0.00286	0.00327	0.00573
6	0.05443	0.01034	0.03712	0.01022	0.04086	0.00955	0.00814	0.05266	0.04456	0.10435	0.04153	0.01400	0.01059	0.00778	0.05524	0.00178	0.10929	0.00426	0.00366	0.37965
7	0.09043	0.03945	0.05501	0.13493	0.17777	0.20902	0.03289	0.01761	0.04981	0.04549	0.00979	0.01210	0.00782	0.00567	0.00619	0.00164	0.09042	0.00424	0.00289	0.00684
8	0.01196	0.00824	0.01092	0.03351	0.05026	0.02129	0.05176	0.06904	0.05482	0.12420	0.03611	0.06584	0.07824	0.23270	0.07258	0.02113	0.01728	0.00700	0.02736	0.00575
9	0.00789	0.00558	0.00651	0.00623	0.00788	0.00488	0.00469	0.00970	0.01328	0.06781	0.33100	0.08284	0.40824	0.01210	0.00621	0.00175	0.00275	0.01035	0.00537	0.00496
10	0.01899	0.01069	0.01262	0.04940	0.01456	0.03371	0.00831	0.22328	0.06617	0.36002	0.06085	0.01858	0.01421	0.06001	0.00674	0.00186	0.00500	0.00551	0.02147	0.00802
11	0.04355	0.01330	0.01647	0.18025	0.18076	0.10584	0.04518	0.18146	0.05890	0.01945	0.01143	0.03099	0.00938	0.04082	0.00664	0.00181	0.03821	0.00499	0.00341	0.00716
12	0.00729	0.00527	0.00646	0.00658	0.00764	0.00492	0.00469	0.00870	0.01143	0.03277	0.20518	0.22191	0.24553	0.11778	0.08686	0.00293	0.00422	0.01058	0.00473	0.00451
13	0.01281	0.01462	0.02837	0.02074	0.02560	0.07673	0.65070	0.01688	0.01266	0.01653	0.01163	0.01687	0.00940	0.00521	0.00619	0.00179	0.00870	0.05484	0.00282	0.00690

[dist]
# distance from previous block
# <min> <max>
0	1

[block]
# block no. 4 follows, 46 sequences, length 14
# corresponding to MSA columns:
# 235-248
name=unknown_E
#
# <colnr> <probs for GDERKNQSTAVLIFYWHMCP>
#	G	D	E	R	K	N	Q	S	T	A	V	L	I	F	Y	W	H	M	C	P
0	0.05108	0.11330	0.06882	0.04403	0.10819	0.34456	0.02672	0.09534	0.04248	0.01675	0.00953	0.01108	0.00766	0.00541	0.00494	0.00147	0.02112	0.00389	0.01670	0.00693
1	0.04779	0.00699	0.00902	0.00833	0.00941	0.00775	0.00622	0.07771	0.00994	0.05762	0.01396	0.03841	0.02784	0.15508	0.24473	0.19413	0.07137	0.00578	0.00327	0.00466
2	0.69656	0.01004	0.00845	0.00723	0.01072	0.01102	0.00593	0.01600	0.00965	0.07650	0.00854	0.00952	0.00649	0.00491	0.00349	0.00154	0.00410	0.00307	0.00349	0.10276
3	0.02354	0.00928	0.01244	0.00954	0.01364	0.00819	0.00788	0.06153	0.01560	0.74846	0.02046	0.01774	0.01289	0.00653	0.00531	0.00163	0.00456	0.00529	0.00648	0.00900
4	0.31902	0.01099	0.01406	0.11182	0.27680	0.03108	0.01076	0.03238	0.01100	0.05866	0.00983	0.01230	0.00783	0.00762	0.06354	0.00213	0.00614	0.00411	0.00310	0.00682
5	0.00717	0.00535	0.00666	0.00642	0.00773	0.00484	0.00478	0.00935	0.01411	0.01937	0.58970	0.08165	0.20008	0.01164	0.00626	0.00171	0.00256	0.01017	0.00558	0.00484
6	0.00756	0.00563	0.00830	0.00830	0.00918	0.00650	0.00636	0.00931	0.00844	0.01213	0.01434	0.02176	0.01365	0.09518	0.73832	0.00825	0.01351	0.00581	0.00286	0.00461
7	0.00770	0.00546	0.00746	0.00746	0.00811	0.00606	0.00538	0.00901	0.00836	0.01197	0.01510	0.02514	0.01515	0.28573	0.51132	0.00708	0.01072	0.00628	0.04227	0.00424
8	0.01975	0.02520	0.01498	0.01362	0.01634	0.79299	0.01021	0.02111	0.01498	0.01294	0.00817	0.00953	0.00681	0.00545	0.00477	0.00136	0.00953	0.00340	0.00272	0.00613
9	0.01381	0.01105	0.01191	0.01047	0.01365	0.01234	0.00819	0.02695	0.66492	0.07943	0.02068	0.01902	0.01537	0.00691	0.00528	0.00172	0.00419	0.00574	0.00532	0.06306
10	0.03230	0.00503	0.00652	0.00748	0.00806	0.00476	0.00514	0.00853	0.01030	0.04651	0.02769	0.69887	0.03248	0.04162	0.00726	0.00222	0.00330	0.04253	0.00487	0.00452
11	0.00701	0.00539	0.00641	0.00616	0.00761	0.00479	0.00462	0.00907	0.01385	0.01856	0.50227	0.04383	0.32770	0.01179	0.00624	0.00171	0.00256	0.01017	0.00547	0.00479
12	0.01101	0.02799	0.07406	0.11758	0.06547	0.00915	0.06633	0.01401	0.01116	0.01651	0.01032	0.01389	0.00867	0.00476	0.00458	0.00119	0.00524	0.03673	0.00295	0.49840
13	0.00903	0.00621	0.00709	0.00681	0.00823	0.00622	0.00511	0.05187	0.04616	0.03052	0.13472	0.09303	0.20019	0.08965	0.04578	0.00234	0.02215	0.03277	0.19705	0.00506

[dist]
# distance from previous block
# <min> <max>
1	4

[block]
# block no. 5 follows, 46 sequences, length 40
# corresponding to MSA columns:
# 253-292
name=unknown_F
#
# <colnr> <probs for GDERKNQSTAVLIFYWHMCP>
#	G	D	E	R	K	N	Q	S	T	A	V	L	I	F	Y	W	H	M	C	P
0	0.42411	0.15094	0.07207	0.01092	0.06950	0.13926	0.00885	0.01644	0.01063	0.01871	0.00805	0.00962	0.00658	0.00600	0.02821	0.00172	0.00599	0.00325	0.00287	0.00629
1	0.07456	0.00919	0.01407	0.32305	0.08235	0.01017	0.06997	0.04979	0.02935	0.01745	0.15445	0.03487	0.07091	0.00802	0.02824	0.00192	0.00577	0.00627	0.00355	0.00604
2	0.00780	0.00650	0.02502	0.00862	0.03245	0.01798	0.00629	0.01008	0.05945	0.01483	0.05692	0.40974	0.14392	0.03078	0.00725	0.01954	0.00373	0.12954	0.00471	0.00486
3	0.00643	0.00526	0.00563	0.00580	0.00730	0.00452	0.00426	0.00776	0.01181	0.01445	0.08582	0.15370	0.60171	0.03680	0.00693	0.00194	0.00284	0.02768	0.00491	0.00444
4	0.01308	0.01256	0.02146	0.03245	0.78123	0.01256	0.01622	0.01622	0.01204	0.01727	0.00994	0.01308	0.00837	0.00471	0.00523	0.00157	0.00628	0.00471	0.00262	0.00837
5	0.00755	0.00566	0.00850	0.00850	0.00944	0.00661	0.00661	0.00944	0.00850	0.01227	0.01416	0.02077	0.01322	0.03965	0.79326	0.00850	0.01416	0.00566	0.00283	0.00472
6	0.85155	0.01022	0.00777	0.00695	0.01022	0.01186	0.00573	0.01554	0.00900	0.02372	0.00736	0.00859	0.00573	0.00491	0.00327	0.00164	0.00409	0.00286	0.00327	0.00573
7	0.00732	0.00540	0.00684	0.00648	0.00780	0.00492	0.00486	0.00966	0.01458	0.02029	0.68313	0.04099	0.14576	0.01115	0.00624	0.00168	0.00252	0.00977	0.00570	0.00492
8	0.00661	0.00537	0.00586	0.00574	0.00736	0.00462	0.00430	0.00829	0.01290	0.01631	0.26596	0.04754	0.56542	0.01263	0.00624	0.00175	0.00262	0.01069	0.00518	0.00462
9	0.03460	0.01452	0.03981	0.01325	0.06774	0.01538	0.01044	0.62577	0.03822	0.04646	0.01278	0.01303	0.00917	0.00618	0.00520	0.00159	0.00573	0.00474	0.02666	0.00873
10	0.01295	0.01418	0.12100	0.02857	0.06186	0.03260	0.07464	0.06189	0.44339	0.02037	0.01789	0.01774	0.03660	0.00662	0.00568	0.00175	0.02436	0.00562	0.00434	0.00793
11	0.02941	0.29966	0.04786	0.01531	0.18999	0.08767	0.02413	0.10413	0.02832	0.01702	0.02829	0.03423	0.06099	0.00597	0.00465	0.00144	0.00593	0.00471	0.00315	0.00715
12	0.01623	0.20139	0.01679	0.07476	0.03560	0.03760	0.00926	0.16289	0.12822	0.16786	0.02790	0.01601	0.03856	0.02148	0.00554	0.00162	0.02141	0.00491	0.00434	0.00762
13	0.00658	0.00473	0.00606	0.00703	0.00744	0.00441	0.00467	0.00748	0.01015	0.01343	0.04927	0.65483	0.09032	0.09641	0.00872	0.00241	0.00323	0.01385	0.00476	0.00422
14	0.00678	0.00546	0.00606	0.00596	0.00754	0.00480	0.00445	0.00874	0.02858	0.01654	0.27577	0.08296	0.50243	0.01261	0.00625	0.00176	0.00267	0.01074	0.00520	0.00470
15	0.01455	0.13220	0.25130	0.01476	0.09647	0.06423	0.04481	0.09969	0.12955	0.08354	0.01234	0.01306	0.00918	0.00552	0.00496	0.00158	0.00646	0.00443	0.00350	0.00790
16	0.01398	0.78395	0.05984	0.00930	0.01396	0.02055	0.00949	0.01587	0.01076	0.01262	0.00744	0.00859	0.00678	0.00454	0.00346	0.00115	0.00574	0.00287	0.00226	0.00683
17	0.00644	0.00460	0.00613	0.00736	0.00767	0.00429	0.00491	0.00736	0.01012	0.01350	0.02914	0.81076	0.03497	0.01656	0.00675	0.00215	0.00307	0.01503	0.00491	0.00429
18	0.00731	0.00567	0.00671	0.00761	0.00819	0.02882	0.00521	0.00893	0.04659	0.01379	0.02830	0.63791	0.06350	0.06864	0.00796	0.00230	0.00350	0.03981	0.00475	0.00450
19	0.01385	0.43918	0.09129	0.02557	0.01522	0.09514	0.01070	0.03041	0.04558	0.01379	0.00832	0.01014	0.00728	0.00578	0.00664	0.00149	0.16683	0.00356	0.00252	0.00671
20	0.00918	0.00459	0.00689	0.00689	0.00689	0.00459	0.00459	0.00689	0.00689	0.00918	0.00918	0.01607	0.00918	0.01837	0.02066	0.84619	0.00459	0.00459	0.00230	0.00230
21	0.01571	0.14857	0.10327	0.04733	0.18526	0.24744	0.02761	0.10996	0.03609	0.01710	0.00961	0.01127	0.00771	0.00522	0.00481	0.00147	0.00728	0.00400	0.00295	0.00734
22	0.01283	0.12483	0.04337	0.01019	0.01295	0.10771	0.00845	0.03406	0.31093	0.01759	0.06022	0.01819	0.01453	0.01008	0.06741	0.05390	0.02298	0.02183	0.04121	0.00672
23	0.00669	0.00480	0.00640	0.00759	0.00805	0.00452	0.00532	0.00780	0.01043	0.01380	0.02970	0.69737	0.05592	0.01623	0.00680	0.00217	0.00328	0.10385	0.00490	0.00437
24	0.00755	0.00566	0.00850	0.00850	0.00944	0.00661	0.00661	0.00944	0.00850	0.01227	0.01416	0.02077	0.01322	0.03965	0.79326	0.00850	0.01416	0.00566	0.00283	0.00472
25	0.00739	0.00548	0.00668	0.00701	0.00813	0.00512	0.00505	0.00967	0.05678	0.02983	0.21614	0.37143	0.20944	0.01366	0.00641	0.00192	0.00297	0.02686	0.00519	0.00484
26	0.02288	0.01034	0.01310	0.01004	0.01417	0.00977	0.00830	0.19669	0.01738	0.61078	0.01897	0.01677	0.01214	0.00650	0.00531	0.00162	0.00480	0.00519	0.00625	0.00900
27	0.85155	0.01022	0.00777	0.00695	0.01022	0.01186	0.00573	0.01554	0.00900	0.02372	0.00736	0.00859	0.00573	0.00491	0.00327	0.00164	0.00409	0.00286	0.00327	0.00573
28	0.00998	0.00940	0.01586	0.80150	0.03641	0.01175	0.01468	0.01351	0.01057	0.01351	0.00940	0.01409	0.00705	0.00529	0.00529	0.00176	0.00705	0.00470	0.00235	0.00587
29	0.00656	0.00469	0.00627	0.00750	0.00786	0.00440	0.00512	0.00757	0.01024	0.01363	0.02907	0.76647	0.03470	0.01645	0.00678	0.00216	0.00317	0.05811	0.00491	0.00433
30	0.01173	0.01205	0.01889	0.01539	0.01636	0.01568	0.14671	0.01348	0.00889	0.01348	0.00762	0.01205	0.00713	0.00839	0.01535	0.00222	0.66126	0.00492	0.00238	0.00603
31	0.01308	0.01256	0.02146	0.03245	0.78123	0.01256	0.01622	0.01622	0.01204	0.01727	0.00994	0.01308	0.00837	0.00471	0.00523	0.00157	0.00628	0.00471	0.00262	0.00837
32	0.01096	0.00940	0.01096	0.00783	0.01253	0.00705	0.00626	0.01331	0.01096	0.01723	0.00940	0.01096	0.00783	0.00392	0.00392	0.00078	0.00392	0.00313	0.00313	0.84653
33	0.00741	0.00540	0.00697	0.00657	0.00785	0.00496	0.00493	0.00984	0.01479	0.02079	0.73570	0.04016	0.09288	0.01096	0.00624	0.00167	0.00250	0.00965	0.00577	0.00496
34	0.01197	0.01507	0.15132	0.07280	0.26424	0.09443	0.09535	0.01526	0.01190	0.01592	0.03647	0.09126	0.01274	0.00690	0.00606	0.00174	0.04052	0.04613	0.00298	0.00694
35	0.00727	0.00638	0.02636	0.00711	0.03040	0.00544	0.00528	0.00917	0.02551	0.01518	0.13972	0.04264	0.46640	0.08122	0.05428	0.00243	0.00391	0.03598	0.00458	0.03074
36	0.00654	0.00502	0.00600	0.00649	0.00751	0.00447	0.00459	0.00788	0.01166	0.01508	0.16407	0.39599	0.31687	0.01440	0.00647	0.00193	0.00282	0.01266	0.00506	0.00447
37	0.01259	0.01023	0.03026	0.09909	0.15639	0.03458	0.01009	0.05964	0.10534	0.10249	0.12652	0.09504	0.03135	0.00903	0.02903	0.00196	0.05188	0.02339	0.00426	0.00685
38	0.01265	0.06246	0.14566	0.08651	0.05065	0.06018	0.18800	0.09561	0.03004	0.01756	0.01189	0.05293	0.01017	0.02192	0.00602	0.00169	0.02396	0.03269	0.00312	0.08627
39	0.06188	0.02943	0.01196	0.00962	0.01311	0.12940	0.00770	0.10804	0.09261	0.07192	0.05957	0.01863	0.03718	0.00651	0.00487	0.00139	0.00507	0.05843	0.00413	0.26854

[dist]
# distance from previous block
# <min> <max>
0	3

[block]
# block no. 6 follows, 46 sequences, length 76
# corresponding to MSA columns:
# 298-323,325-340,342-375
name=unknown_G
#
# <colnr> <probs for GDERKNQSTAVLIFYWHMCP>
#	G	D	E	R	K	N	Q	S	T	A	V	L	I	F	Y	W	H	M	C	P
0	0.04088	0.13347	0.03783	0.01220	0.01556	0.39876	0.00996	0.18572	0.03744	0.01823	0.02433	0.01122	0.00847	0.00634	0.01925	0.00156	0.02464	0.00388	0.00336	0.00691
1	0.20736	0.01333	0.05926	0.01040	0.01412	0.04292	0.00891	0.32477	0.06406	0.03880	0.05254	0.01508	0.02684	0.00645	0.00520	0.00161	0.02963	0.01962	0.00437	0.05472
2	0.01285	0.06335	0.17195	0.07226	0.22603	0.02495	0.12929	0.01663	0.02727	0.08980	0.01326	0.06191	0.02938	0.00590	0.00532	0.00163	0.00649	0.00547	0.00315	0.03312
3	0.00649	0.00485	0.00606	0.00696	0.00767	0.00442	0.00483	0.00761	0.01076	0.01394	0.05124	0.58491	0.21253	0.01561	0.00664	0.00206	0.00303	0.04111	0.00493	0.00437
4	0.02887	0.01069	0.01916	0.30508	0.10065	0.01130	0.22820	0.04195	0.01187	0.01621	0.03554	0.06694	0.01150	0.00717	0.02942	0.00195	0.00705	0.02752	0.00298	0.03595
5	0.01725	0.01391	0.04737	0.05749	0.04544	0.13472	0.00996	0.18863	0.14321	0.18536	0.03977	0.01842	0.01316	0.00688	0.00537	0.00167	0.00586	0.05300	0.00475	0.00779
6	0.04465	0.00936	0.01236	0.00950	0.01358	0.00837	0.00785	0.06766	0.01553	0.72252	0.02005	0.01745	0.01266	0.00649	0.00526	0.00163	0.00456	0.00522	0.00639	0.00891
7	0.00685	0.00518	0.00722	0.00795	0.00868	0.00482	0.03328	0.00809	0.01060	0.01393	0.03071	0.63413	0.10585	0.01561	0.00673	0.00213	0.00342	0.08553	0.00482	0.00447
8	0.01172	0.15533	0.04711	0.13544	0.08042	0.03664	0.10996	0.03329	0.02624	0.03832	0.18208	0.03271	0.03400	0.00688	0.00592	0.00163	0.04642	0.00593	0.00352	0.00644
9	0.07586	0.01031	0.03381	0.07404	0.08196	0.01053	0.09968	0.10072	0.05594	0.08153	0.01713	0.17885	0.01634	0.00888	0.00649	0.00189	0.05486	0.08048	0.00410	0.00661
10	0.01975	0.02520	0.01498	0.01362	0.01634	0.79299	0.01021	0.02111	0.01498	0.01294	0.00817	0.00953	0.00681	0.00545	0.00477	0.00136	0.00953	0.00340	0.00272	0.00613
11	0.00728	0.00528	0.00741	0.00803	0.00866	0.00509	0.02805	0.00840	0.01028	0.03492	0.02800	0.68553	0.05777	0.01649	0.03711	0.00236	0.02634	0.01371	0.00473	0.00457
12	0.01134	0.01191	0.04325	0.16568	0.20320	0.03642	0.17120	0.01436	0.01115	0.01528	0.03528	0.04595	0.03002	0.00850	0.05650	0.00222	0.12266	0.00572	0.00278	0.00659
13	0.04870	0.01475	0.01515	0.01182	0.01585	0.05513	0.00969	0.64633	0.04441	0.05211	0.01283	0.01285	0.00916	0.00628	0.00517	0.00158	0.00581	0.00468	0.01906	0.00865
14	0.02322	0.00889	0.01211	0.00932	0.01332	0.00768	0.00768	0.02528	0.01513	0.76137	0.04419	0.01866	0.01422	0.00667	0.00534	0.00164	0.00444	0.00545	0.00652	0.00887
15	0.00713	0.00519	0.00674	0.00700	0.00798	0.00480	0.00514	0.00903	0.01301	0.01785	0.43282	0.28817	0.09789	0.01310	0.00647	0.00188	0.00286	0.06282	0.00539	0.00472
16	0.01204	0.01187	0.01417	0.01248	0.01344	0.07500	0.01013	0.01616	0.16847	0.01500	0.03135	0.03602	0.02430	0.00983	0.03636	0.00229	0.48291	0.01872	0.00325	0.00622
17	0.01929	0.01016	0.01220	0.00990	0.01349	0.01023	0.00799	0.12944	0.22167	0.41777	0.01988	0.03464	0.01382	0.00688	0.00528	0.00166	0.00447	0.00560	0.04708	0.00853
18	0.02278	0.01051	0.01320	0.01012	0.01425	0.01001	0.00836	0.21754	0.01766	0.58955	0.01873	0.01662	0.01202	0.00649	0.00531	0.00162	0.00484	0.00517	0.00622	0.00900
19	0.00688	0.00476	0.00600	0.00684	0.00708	0.00455	0.00438	0.00756	0.00943	0.01267	0.02523	0.56655	0.02990	0.25083	0.01261	0.00300	0.00366	0.01267	0.02142	0.00399
20	0.00644	0.00462	0.00612	0.00732	0.00766	0.00430	0.00489	0.00737	0.01016	0.01351	0.02966	0.79460	0.05079	0.01649	0.00674	0.00214	0.00306	0.01495	0.00491	0.00430
21	0.00805	0.00581	0.00732	0.00811	0.00922	0.00575	0.00636	0.01084	0.07124	0.01570	0.02963	0.30913	0.10884	0.01381	0.00653	0.00211	0.00375	0.29322	0.07968	0.00491
22	0.00644	0.00460	0.00613	0.00736	0.00767	0.00429	0.00491	0.00736	0.01012	0.01350	0.02914	0.81076	0.03497	0.01656	0.00675	0.00215	0.00307	0.01503	0.00491	0.00429
23	0.01096	0.00940	0.01096	0.00783	0.01253	0.00705	0.00626	0.01331	0.01096	0.01723	0.00940	0.01096	0.00783	0.00392	0.00392	0.00078	0.00392	0.00313	0.00313	0.84653
24	0.03714	0.07047	0.61423	0.01571	0.06750	0.01271	0.05429	0.01689	0.01130	0.03846	0.00971	0.01139	0.00702	0.00499	0.00496	0.00164	0.00744	0.00401	0.00243	0.00772
25	0.01508	0.01231	0.03092	0.03654	0.06865	0.01352	0.00987	0.31811	0.19495	0.03950	0.01584	0.01700	0.04049	0.03148	0.05938	0.00227	0.07643	0.00541	0.00450	0.00778
26	0.00778	0.00512	0.00573	0.00573	0.00578	0.00512	0.00322	0.00788	0.00783	0.01063	0.01668	0.03399	0.01899	0.78152	0.02597	0.00497	0.00502	0.00758	0.03720	0.00327
27	0.01651	0.01303	0.01434	0.01169	0.01533	0.01460	0.03216	0.39292	0.36178	0.02747	0.01671	0.01606	0.01228	0.00666	0.00533	0.00168	0.00511	0.00536	0.02240	0.00857
28	0.03158	0.02570	0.72498	0.01443	0.02174	0.01185	0.01839	0.01625	0.01113	0.01687	0.02321	0.04126	0.00845	0.00555	0.00506	0.00169	0.00745	0.00439	0.00242	0.00758
29	0.01031	0.04752	0.34023	0.08359	0.04276	0.03022	0.04099	0.02969	0.02463	0.01617	0.09063	0.01969	0.04422	0.06301	0.07287	0.00248	0.00713	0.02429	0.00305	0.00652
30	0.01244	0.35605	0.32334	0.01292	0.01848	0.03976	0.08600	0.01609	0.01110	0.01461	0.00921	0.03562	0.00777	0.00527	0.00488	0.00148	0.03146	0.00404	0.00239	0.00709
31	0.00670	0.00473	0.00614	0.00717	0.00745	0.00448	0.00473	0.00751	0.00978	0.01303	0.02708	0.66424	0.03229	0.14582	0.01003	0.00264	0.00345	0.03397	0.00463	0.00413
32	0.00759	0.00551	0.00769	0.00769	0.00836	0.00617	0.00560	0.00892	0.00826	0.01168	0.01490	0.02484	0.01499	0.26796	0.56737	0.00750	0.01150	0.00626	0.00294	0.00427
33	0.00909	0.00829	0.03539	0.08526	0.08159	0.00823	0.04686	0.01233	0.07475	0.01567	0.06734	0.18231	0.13464	0.03596	0.03032	0.00219	0.05247	0.07322	0.03846	0.00561
34	0.01363	0.01268	0.05927	0.07828	0.10987	0.01265	0.15056	0.04485	0.35900	0.07747	0.01620	0.01666	0.01203	0.00604	0.00549	0.00174	0.00581	0.00557	0.00422	0.00798
35	0.00630	0.00529	0.00547	0.00556	0.00721	0.00446	0.00412	0.00763	0.01195	0.01439	0.06957	0.11706	0.69574	0.01360	0.00629	0.00181	0.00271	0.01146	0.00493	0.00446
36	0.02067	0.01022	0.01255	0.00995	0.01379	0.00999	0.00812	0.14066	0.15488	0.50384	0.02074	0.01852	0.03726	0.00684	0.00535	0.00166	0.00459	0.00554	0.00608	0.00874
37	0.51030	0.01382	0.05776	0.08964	0.01509	0.13771	0.00850	0.05956	0.01133	0.04215	0.00851	0.00995	0.00648	0.00517	0.00400	0.00160	0.00560	0.00338	0.00323	0.00621
38	0.00643	0.00464	0.00609	0.00724	0.00764	0.00430	0.00486	0.00737	0.01023	0.01354	0.03056	0.76642	0.07839	0.01638	0.00672	0.00213	0.00304	0.01480	0.00491	0.00430
39	0.02010	0.01481	0.01587	0.01216	0.01639	0.01639	0.01005	0.76360	0.02486	0.03332	0.01269	0.01269	0.00899	0.00635	0.00529	0.00159	0.00582	0.00476	0.00529	0.00899
40	0.00755	0.00566	0.00850	0.00850	0.00944	0.00661	0.00661	0.00944	0.00850	0.01227	0.01416	0.02077	0.01322	0.03965	0.79326	0.00850	0.01416	0.00566	0.00283	0.00472
41	0.01849	0.07300	0.01460	0.03598	0.01516	0.15937	0.00909	0.27129	0.04658	0.19006	0.03606	0.03075	0.01200	0.00666	0.00513	0.00156	0.00590	0.02809	0.03253	0.00770
42	0.85155	0.01022	0.00777	0.00695	0.01022	0.01186	0.00573	0.01554	0.00900	0.02372	0.00736	0.00859	0.00573	0.00491	0.00327	0.00164	0.00409	0.00286	0.00327	0.00573
43	0.01413	0.81739	0.02770	0.00905	0.01357	0.02092	0.00905	0.01583	0.01074	0.01244	0.00735	0.00848	0.00678	0.00452	0.00339	0.00113	0.00565	0.00283	0.00226	0.00678
44	0.00777	0.00530	0.00595	0.00583	0.00607	0.00518	0.00335	0.00790	0.00795	0.01064	0.01754	0.03420	0.04259	0.75807	0.02538	0.00485	0.00500	0.00762	0.00325	0.03555
45	0.00998	0.00940	0.01586	0.80150	0.03641	0.01175	0.01468	0.01351	0.01057	0.01351	0.00940	0.01409	0.00705	0.00529	0.00529	0.00176	0.00705	0.00470	0.00235	0.00587
46	0.00868	0.00627	0.00864	0.00977	0.01105	0.00633	0.00851	0.01155	0.03856	0.01604	0.02777	0.05825	0.02993	0.01435	0.00724	0.00241	0.00484	0.71995	0.00489	0.00499
47	0.00908	0.00720	0.00816	0.00769	0.00952	0.00733	0.00584	0.05963	0.17874	0.01892	0.24286	0.11488	0.23565	0.02690	0.02943	0.00205	0.00361	0.02161	0.00520	0.00571
48	0.00728	0.00524	0.00593	0.00592	0.00660	0.00494	0.00384	0.00809	0.01009	0.01318	0.14626	0.05570	0.21819	0.45058	0.01757	0.00361	0.00404	0.02497	0.00412	0.00386
49	0.85155	0.01022	0.00777	0.00695	0.01022	0.01186	0.00573	0.01554	0.00900	0.02372	0.00736	0.00859	0.00573	0.00491	0.00327	0.00164	0.00409	0.00286	0.00327	0.00573
50	0.01060	0.02735	0.78682	0.01507	0.02288	0.01228	0.01953	0.01674	0.01116	0.01674	0.00949	0.01116	0.00670	0.00502	0.00502	0.00167	0.00781	0.00391	0.00223	0.00781
51	0.01532	0.56616	0.05622	0.01115	0.03870	0.20829	0.00999	0.01717	0.01183	0.01289	0.00772	0.00899	0.00684	0.00477	0.00385	0.00122	0.00671	0.00307	0.00238	0.00672
52	0.02947	0.01180	0.02012	0.21880	0.56055	0.01237	0.03900	0.01557	0.01163	0.01648	0.00978	0.01327	0.00799	0.00485	0.00524	0.00162	0.00650	0.00472	0.00257	0.00767
53	0.07037	0.12036	0.03081	0.03640	0.06143	0.32493	0.03371	0.15480	0.04960	0.03749	0.01043	0.02751	0.00843	0.00571	0.00477	0.00148	0.00720	0.00416	0.00340	0.00703
54	0.01308	0.01256	0.02146	0.03245	0.78123	0.01256	0.01622	0.01622	0.01204	0.01727	0.00994	0.01308	0.00837	0.00471	0.00523	0.00157	0.00628	0.00471	0.00262	0.00837
55	0.00735	0.00540	0.00688	0.00651	0.00781	0.00493	0.00488	0.00971	0.01464	0.02043	0.69810	0.04075	0.13070	0.01109	0.00624	0.00168	0.00251	0.00974	0.00572	0.00493
56	0.01440	0.01407	0.11672	0.09103	0.10510	0.08008	0.06121	0.13045	0.03026	0.11475	0.03060	0.09866	0.01275	0.00708	0.00586	0.00170	0.03391	0.01923	0.00387	0.02828
57	0.01908	0.04910	0.01586	0.01486	0.07266	0.71123	0.01062	0.02058	0.01463	0.01324	0.00828	0.00976	0.00692	0.00536	0.00476	0.00137	0.00917	0.00348	0.00270	0.00631
58	0.00625	0.00536	0.00536	0.00536	0.00714	0.00446	0.00402	0.00759	0.01205	0.01428	0.05355	0.05088	0.77909	0.01339	0.00625	0.00179	0.00268	0.01116	0.00491	0.00446
59	0.00745	0.00538	0.00704	0.00667	0.00789	0.00497	0.00499	0.00989	0.01481	0.02096	0.75471	0.06391	0.04941	0.01099	0.00625	0.00168	0.00251	0.00973	0.00579	0.00497
60	0.04110	0.08443	0.08730	0.15043	0.29392	0.01187	0.04526	0.03600	0.01199	0.04079	0.06196	0.08676	0.01304	0.00639	0.00524	0.00164	0.00592	0.00574	0.00315	0.00706
61	0.05122	0.07877	0.01277	0.00871	0.01292	0.06992	0.00708	0.06688	0.01249	0.06866	0.02968	0.02820	0.00960	0.00490	0.00421	0.00106	0.00462	0.00378	0.00351	0.52101
62	0.01620	0.01904	0.02311	0.01786	0.02197	0.36806	0.39178	0.01916	0.01372	0.04363	0.00992	0.01225	0.00766	0.00499	0.00553	0.00159	0.00903	0.00491	0.00284	0.00674
63	0.02036	0.00588	0.00741	0.00835	0.03811	0.00559	0.00598	0.03253	0.01184	0.01561	0.09438	0.31908	0.21292	0.03923	0.00718	0.00212	0.00358	0.16023	0.00482	0.00480
64	0.02963	0.08238	0.18438	0.04162	0.04005	0.07472	0.07546	0.05014	0.04026	0.06136	0.01501	0.08008	0.06081	0.00652	0.00504	0.00152	0.00597	0.00547	0.00339	0.13618
65	0.04456	0.03014	0.12631	0.06240	0.05867	0.10846	0.03536	0.02768	0.03348	0.01486	0.01057	0.07601	0.00981	0.00919	0.04676	0.00222	0.28920	0.00525	0.00279	0.00629
66	0.00764	0.00511	0.00578	0.00582	0.00583	0.00510	0.00326	0.00768	0.00777	0.01036	0.01709	0.06156	0.01977	0.78650	0.02621	0.00502	0.00505	0.00794	0.00326	0.00324
67	0.01091	0.01136	0.04792	0.48867	0.12395	0.01217	0.15919	0.01457	0.01108	0.01485	0.00980	0.01393	0.00751	0.00518	0.00577	0.00174	0.03054	0.00497	0.01940	0.00647
68	0.03059	0.06389	0.23391	0.05100	0.19845	0.12170	0.05929	0.03281	0.03667	0.01631	0.01254	0.03602	0.04861	0.00593	0.00548	0.00162	0.03023	0.00491	0.00283	0.00720
69	0.00664	0.00493	0.00655	0.00790	0.02909	0.00461	0.00519	0.00769	0.01031	0.01364	0.03052	0.69109	0.10579	0.01662	0.03039	0.00229	0.00345	0.01408	0.00478	0.00444
70	0.00755	0.00566	0.00850	0.00850	0.00944	0.00661	0.00661	0.00944	0.00850	0.01227	0.01416	0.02077	0.01322	0.03965	0.79326	0.00850	0.01416	0.00566	0.00283	0.00472
71	0.09100	0.01330	0.08695	0.12099	0.05443	0.06217	0.03947	0.15672	0.05296	0.13762	0.01309	0.03873	0.00993	0.00628	0.00572	0.00167	0.05008	0.00494	0.04664	0.00731
72	0.01390	0.09087	0.01390	0.02279	0.01403	0.10037	0.00780	0.10549	0.03411	0.04587	0.01015	0.01132	0.00814	0.00475	0.00448	0.00108	0.01950	0.00354	0.00342	0.48449
73	0.00746	0.00593	0.00674	0.00671	0.00805	0.00576	0.00495	0.00988	0.07178	0.01512	0.11665	0.12985	0.37729	0.10228	0.04419	0.00251	0.02708	0.03224	0.02079	0.00474
74	0.00670	0.00480	0.00619	0.00715	0.00765	0.00447	0.00489	0.00762	0.01029	0.01354	0.04576	0.61118	0.11093	0.06038	0.00826	0.02810	0.00326	0.04986	0.00475	0.00423
75	0.01327	0.08065	0.05720	0.04743	0.23096	0.04262	0.23898	0.04890	0.06178	0.03837	0.01168	0.04389	0.00959	0.00547	0.00560	0.00163	0.02038	0.00538	0.00308	0.03315

[dist]
# distance from previous block
# <min> <max>
8	37

[block]
# block no. 7 follows, 46 sequences, length 34
# corresponding to MSA columns:
# 424-457
name=unknown_H
#
# <colnr> <probs for GDERKNQSTAVLIFYWHMCP>
#	G	D	E	R	K	N	Q	S	T	A	V	L	I	F	Y	W	H	M	C	P
0	0.03125	0.08874	0.03396	0.06224	0.03246	0.08674	0.16918	0.09125	0.08714	0.11730	0.01538	0.05251	0.03925	0.00636	0.00522	0.00161	0.00611	0.00561	0.06059	0.00710
1	0.38849	0.01126	0.04838	0.01085	0.03091	0.01159	0.09597	0.07815	0.03909	0.05188	0.06166	0.01484	0.01114	0.00830	0.05838	0.00217	0.04463	0.02224	0.00365	0.00641
2	0.00996	0.00899	0.01348	0.09961	0.16403	0.00915	0.08027	0.02580	0.11680	0.01694	0.08223	0.09124	0.20529	0.00913	0.00590	0.00179	0.00482	0.04416	0.00411	0.00628
3	0.05119	0.00526	0.00576	0.00594	0.00686	0.00518	0.00413	0.00975	0.01022	0.01578	0.05869	0.17207	0.09939	0.19008	0.01039	0.02790	0.00339	0.02273	0.29096	0.00434
4	0.01219	0.01962	0.39596	0.01491	0.04274	0.02758	0.09528	0.07530	0.06705	0.03637	0.01266	0.01511	0.03062	0.00621	0.00651	0.00176	0.08678	0.02538	0.02052	0.00744
5	0.01131	0.01244	0.02610	0.01898	0.02354	0.01160	0.60824	0.01521	0.01258	0.01691	0.07433	0.03603	0.09391	0.00614	0.00625	0.00178	0.00764	0.00719	0.00320	0.00663
6	0.01430	0.66727	0.02505	0.03259	0.01433	0.07186	0.00921	0.04561	0.01147	0.01333	0.00802	0.00950	0.00721	0.00646	0.04356	0.00156	0.00639	0.00314	0.00244	0.00670
7	0.01109	0.00881	0.01269	0.01494	0.21887	0.00848	0.03030	0.01476	0.08617	0.05992	0.10034	0.10224	0.06430	0.00831	0.00553	0.00164	0.00444	0.07730	0.05865	0.11120
8	0.06108	0.06894	0.01599	0.02831	0.01609	0.06834	0.00977	0.55140	0.02124	0.07402	0.01207	0.01231	0.00869	0.00614	0.00526	0.00156	0.02118	0.00447	0.00477	0.00836
9	0.01175	0.01013	0.05621	0.06232	0.01466	0.00795	0.02844	0.03608	0.02775	0.08641	0.03826	0.04627	0.06702	0.00584	0.00468	0.00120	0.00444	0.00490	0.00371	0.48197
10	0.01198	0.07007	0.28112	0.01282	0.03845	0.03483	0.06683	0.01689	0.09762	0.08281	0.05143	0.13854	0.01497	0.00747	0.00565	0.00171	0.02505	0.00636	0.00364	0.03175
11	0.21070	0.01010	0.01084	0.00909	0.01238	0.01072	0.00732	0.11493	0.19853	0.22496	0.09207	0.01887	0.04344	0.00696	0.00498	0.00168	0.00423	0.00547	0.00521	0.00752
12	0.01087	0.01086	0.01960	0.24678	0.14703	0.01126	0.24777	0.01501	0.06294	0.01586	0.01686	0.05834	0.09986	0.00657	0.00577	0.00176	0.00661	0.00654	0.00313	0.00660
13	0.00747	0.00501	0.00616	0.00674	0.00732	0.00480	0.00466	0.00842	0.00999	0.01366	0.04107	0.32677	0.10177	0.20542	0.01194	0.04543	0.00372	0.09112	0.09443	0.00409
14	0.01189	0.00993	0.01360	0.08069	0.01497	0.01221	0.03222	0.06993	0.10354	0.05919	0.03140	0.05370	0.01241	0.05338	0.11686	0.00304	0.30555	0.00579	0.00348	0.00620
15	0.01121	0.01138	0.01818	0.01490	0.01602	0.01436	0.16321	0.01301	0.00920	0.01366	0.01004	0.09638	0.01011	0.00905	0.01398	0.00219	0.55850	0.00605	0.00266	0.00590
16	0.00655	0.00468	0.00628	0.00748	0.00783	0.00442	0.00508	0.00755	0.01015	0.01355	0.02869	0.76243	0.03421	0.01712	0.02807	0.00233	0.00343	0.04097	0.00485	0.00433
17	0.01462	0.01685	0.03481	0.01357	0.06625	0.39393	0.03844	0.01663	0.01316	0.01437	0.01428	0.02445	0.01387	0.03346	0.02840	0.00201	0.02561	0.19600	0.03342	0.00586
18	0.04740	0.01027	0.01647	0.04223	0.01687	0.01060	0.21402	0.08126	0.05755	0.13148	0.01697	0.18195	0.01564	0.03186	0.00755	0.00198	0.07755	0.02752	0.00416	0.00665
19	0.00644	0.00460	0.00613	0.00736	0.00767	0.00429	0.00491	0.00736	0.01012	0.01350	0.02914	0.81076	0.03497	0.01656	0.00675	0.00215	0.00307	0.01503	0.00491	0.00429
20	0.01096	0.00940	0.01096	0.00783	0.01253	0.00705	0.00626	0.01331	0.01096	0.01723	0.00940	0.01096	0.00783	0.00392	0.00392	0.00078	0.00392	0.00313	0.00313	0.84653
21	0.05421	0.01092	0.01776	0.28512	0.42517	0.01181	0.01432	0.02711	0.01145	0.01630	0.01058	0.01566	0.00900	0.03514	0.00603	0.00180	0.00632	0.03149	0.00271	0.00710
22	0.05497	0.01114	0.03978	0.03373	0.04569	0.06808	0.00841	0.06128	0.30279	0.03511	0.10368	0.02108	0.02959	0.00898	0.00748	0.11722	0.00484	0.03517	0.00437	0.00660
23	0.00832	0.00659	0.00811	0.00742	0.00959	0.00545	0.00543	0.00998	0.01101	0.01580	0.10221	0.39671	0.04288	0.01091	0.00557	0.00155	0.00333	0.00968	0.00431	0.33514
24	0.01108	0.01197	0.02461	0.01821	0.02226	0.01145	0.54744	0.01468	0.01215	0.01649	0.06737	0.10201	0.05961	0.00694	0.00685	0.00184	0.04772	0.00760	0.00324	0.00646
25	0.01154	0.01186	0.01966	0.13554	0.05405	0.06435	0.28093	0.03619	0.01198	0.01596	0.08096	0.04641	0.02914	0.00925	0.06855	0.00233	0.10575	0.00619	0.00308	0.00627
26	0.04666	0.01157	0.03814	0.13253	0.14374	0.03373	0.15868	0.06647	0.03025	0.10624	0.03727	0.06512	0.06883	0.00682	0.00591	0.00173	0.02942	0.00621	0.00369	0.00698
27	0.00648	0.00504	0.00590	0.00643	0.00751	0.00446	0.00457	0.00775	0.01145	0.01454	0.10264	0.38365	0.37766	0.01459	0.00649	0.00195	0.00287	0.02661	0.00498	0.00444
28	0.01028	0.00781	0.00883	0.02064	0.01045	0.03354	0.00649	0.05454	0.15609	0.04330	0.30703	0.09950	0.06924	0.01014	0.00589	0.00176	0.00364	0.07863	0.06629	0.00591
29	0.04154	0.01187	0.07712	0.30763	0.12981	0.04259	0.04231	0.03543	0.03216	0.03121	0.03233	0.03823	0.01032	0.03814	0.03566	0.01390	0.06526	0.00521	0.00291	0.00638
30	0.01035	0.02561	0.09471	0.05767	0.08657	0.00841	0.02683	0.06278	0.02630	0.06092	0.04172	0.24442	0.05158	0.11068	0.06485	0.00271	0.00562	0.00845	0.00394	0.00587
31	0.00950	0.00655	0.00993	0.04132	0.06191	0.00652	0.04988	0.03788	0.01042	0.01405	0.14714	0.02478	0.06941	0.04318	0.01370	0.39931	0.00464	0.04232	0.00340	0.00415
32	0.11580	0.18852	0.01669	0.05547	0.03898	0.29302	0.00955	0.10472	0.05754	0.01714	0.00962	0.01108	0.00785	0.00709	0.04431	0.00179	0.00731	0.00375	0.00312	0.00667
33	0.03839	0.01055	0.01560	0.18239	0.08341	0.01077	0.09187	0.08475	0.02429	0.07737	0.01164	0.04276	0.00942	0.00669	0.02950	0.00172	0.05067	0.00489	0.00339	0.21995

[dist]
# distance from previous block
# <min> <max>
0	23

[block]
# block no. 8 follows, 46 sequences, length 14
# corresponding to MSA columns:
# 483-496
name=unknown_I
#
# <colnr> <probs for GDERKNQSTAVLIFYWHMCP>
#	G	D	E	R	K	N	Q	S	T	A	V	L	I	F	Y	W	H	M	C	P
