[name]
unknown

[dist]
# distance from previous block
# <min> <max>
1	290

[block]
# block no. 0 follows, 40 sequences, length 7
# corresponding to MSA columns:
# 307-313
name=unknown_A
#
# <colnr> <probs for GDERKNQSTAVLIFYWHMCP>
#	G	D	E	R	K	N	Q	S	T	A	V	L	I	F	Y	W	H	M	C	P
0	0.03255	0.06674	0.08598	0.12462	0.04844	0.09399	0.01159	0.10360	0.01490	0.12846	0.08571	0.01811	0.03121	0.00809	0.00777	0.05272	0.06848	0.00554	0.00413	0.00739
1	0.07558	0.01355	0.07275	0.01390	0.09351	0.04996	0.06837	0.14671	0.01508	0.04850	0.01735	0.02035	0.08393	0.08824	0.00794	0.00203	0.00602	0.00584	0.03668	0.13370
2	0.01579	0.01351	0.01536	0.01459	0.09018	0.11565	0.01069	0.08904	0.01383	0.09606	0.01294	0.01698	0.01089	0.01016	0.06313	0.00237	0.20929	0.03802	0.04571	0.11581
3	0.01515	0.01406	0.08401	0.01088	0.01546	0.06134	0.00942	0.18742	0.01645	0.06146	0.06250	0.07284	0.01429	0.00685	0.00532	0.00143	0.00548	0.00553	0.00442	0.34567
4	0.01415	0.01275	0.01636	0.52281	0.03182	0.11184	0.01389	0.06786	0.01386	0.07597	0.01410	0.01732	0.04981	0.00652	0.00580	0.00186	0.00753	0.00543	0.00339	0.00693
5	0.01163	0.00826	0.01150	0.06287	0.09983	0.00877	0.00831	0.05678	0.01164	0.07092	0.01854	0.18340	0.01934	0.21664	0.04999	0.06934	0.06088	0.02157	0.00405	0.00573
6	0.01516	0.05471	0.15480	0.01369	0.07530	0.01099	0.05890	0.06881	0.04362	0.18443	0.06549	0.07380	0.07150	0.06058	0.00754	0.00209	0.00588	0.00706	0.01783	0.00783

[dist]
# distance from previous block
# <min> <max>
0	1

[block]
# block no. 1 follows, 40 sequences, length 6
# corresponding to MSA columns:
# 315-320
name=unknown_B
#
# <colnr> <probs for GDERKNQSTAVLIFYWHMCP>
#	G	D	E	R	K	N	Q	S	T	A	V	L	I	F	Y	W	H	M	C	P
0	0.01226	0.04455	0.01985	0.01484	0.01799	0.01059	0.30767	0.04177	0.01250	0.06199	0.01795	0.17158	0.01799	0.20705	0.01247	0.00292	0.00693	0.00885	0.00391	0.00634
1	0.01140	0.00713	0.01023	0.00958	0.01102	0.00793	0.00746	0.01327	0.01040	0.13237	0.01653	0.02311	0.01470	0.10173	0.54281	0.00743	0.05697	0.00630	0.00377	0.00586
2	0.01343	0.01261	0.02134	0.03151	0.64046	0.01278	0.01617	0.01666	0.01262	0.01813	0.01167	0.01573	0.01006	0.01128	0.12749	0.00294	0.00828	0.00535	0.00292	0.00857
3	0.03862	0.01142	0.01341	0.01342	0.10624	0.07259	0.02671	0.11083	0.05875	0.11054	0.07965	0.04681	0.01755	0.13603	0.08274	0.00308	0.00674	0.00660	0.02200	0.03628
4	0.01325	0.01227	0.01823	0.28041	0.29358	0.04346	0.01425	0.04579	0.01291	0.01764	0.01064	0.01439	0.00863	0.00618	0.00645	0.04690	0.00680	0.00483	0.00298	0.14040
5	0.17608	0.01387	0.13142	0.02984	0.01553	0.03044	0.02660	0.10140	0.03724	0.02122	0.04592	0.01837	0.05283	0.03715	0.11505	0.00290	0.02259	0.00534	0.00381	0.11239

[dist]
# distance from previous block
# <min> <max>
1	14

[block]
# block no. 2 follows, 40 sequences, length 18
# corresponding to MSA columns:
# 335-352
name=unknown_C
#
# <colnr> <probs for GDERKNQSTAVLIFYWHMCP>
#	G	D	E	R	K	N	Q	S	T	A	V	L	I	F	Y	W	H	M	C	P
0	0.06004	0.17735	0.16901	0.03238	0.01810	0.15163	0.01222	0.12707	0.01480	0.01946	0.01019	0.01224	0.00827	0.02710	0.00616	0.00166	0.04099	0.00411	0.00328	0.10395
1	0.01373	0.01569	0.03431	0.02451	0.03039	0.01471	0.73824	0.01863	0.01373	0.01863	0.01176	0.01569	0.00882	0.00490	0.00686	0.00196	0.00980	0.00686	0.00294	0.00784
2	0.06297	0.07812	0.45362	0.01446	0.02122	0.03872	0.01656	0.14778	0.01510	0.06147	0.01152	0.01282	0.00832	0.00679	0.02437	0.00195	0.00784	0.00443	0.00341	0.00854
3	0.01265	0.02279	0.46109	0.01658	0.07610	0.01311	0.05540	0.08793	0.06310	0.02056	0.04027	0.01810	0.07309	0.00675	0.00582	0.00185	0.00739	0.00561	0.00344	0.00835
4	0.01098	0.01034	0.01744	0.78165	0.04005	0.01292	0.01615	0.01486	0.01163	0.01486	0.01034	0.01550	0.00775	0.00581	0.00581	0.00194	0.00775	0.00517	0.00258	0.00646
5	0.01098	0.01034	0.01744	0.78165	0.04005	0.01292	0.01615	0.01486	0.01163	0.01486	0.01034	0.01550	0.00775	0.00581	0.00581	0.00194	0.00775	0.00517	0.00258	0.00646
6	0.01281	0.01330	0.07537	0.39017	0.13169	0.04611	0.09653	0.01677	0.03028	0.04866	0.01245	0.05332	0.01013	0.00674	0.00644	0.02554	0.00756	0.00585	0.00309	0.00719
7	0.01187	0.01599	0.19827	0.38797	0.14661	0.01317	0.08814	0.01644	0.01237	0.01695	0.03076	0.01533	0.00927	0.00572	0.00587	0.00188	0.00789	0.00527	0.00274	0.00751
8	0.00907	0.00634	0.00824	0.00954	0.05879	0.00603	0.00599	0.01059	0.03221	0.05465	0.02995	0.43051	0.11163	0.18461	0.01193	0.00294	0.00417	0.01269	0.00493	0.00519
9	0.00708	0.00510	0.00671	0.00800	0.00841	0.00473	0.00535	0.00811	0.01123	0.01488	0.03328	0.75828	0.07122	0.01806	0.00740	0.00234	0.00335	0.01634	0.00540	0.00473
10	0.01288	0.04905	0.42996	0.07653	0.02370	0.01342	0.08682	0.04890	0.01289	0.05792	0.01244	0.05490	0.00992	0.00779	0.03125	0.00214	0.05295	0.00545	0.00309	0.00800
11	0.01122	0.03569	0.13517	0.06528	0.07174	0.06942	0.04003	0.03260	0.01226	0.01648	0.01908	0.23681	0.04010	0.04460	0.07199	0.00273	0.03242	0.00858	0.04740	0.00639
12	0.01308	0.01465	0.03163	0.02291	0.02826	0.01374	0.66699	0.01760	0.01347	0.01826	0.01374	0.09114	0.01170	0.00620	0.00692	0.00200	0.00918	0.00780	0.00318	0.00754
13	0.01445	0.01359	0.02264	0.11126	0.64579	0.01395	0.01731	0.05607	0.01383	0.01951	0.01104	0.01448	0.00910	0.00534	0.00577	0.00175	0.00697	0.00518	0.00301	0.00896
14	0.03695	0.04988	0.11018	0.06152	0.22672	0.01452	0.17540	0.11435	0.06670	0.05167	0.01356	0.01563	0.02422	0.00589	0.00588	0.00181	0.00731	0.00558	0.00366	0.00857
15	0.01349	0.03621	0.02041	0.24812	0.32607	0.07794	0.06983	0.01685	0.01279	0.01708	0.01128	0.01519	0.00916	0.00739	0.04333	0.00213	0.00784	0.00519	0.05209	0.00761
16	0.01079	0.01008	0.01692	0.74365	0.03850	0.01252	0.01562	0.01453	0.01160	0.01486	0.01140	0.05364	0.00926	0.00642	0.00589	0.00196	0.00754	0.00573	0.00272	0.00637
17	0.01100	0.09865	0.11216	0.01218	0.07230	0.06584	0.00959	0.01398	0.05078	0.01593	0.03651	0.28374	0.02176	0.08341	0.06323	0.00279	0.00629	0.00919	0.02442	0.00624

[dist]
# distance from previous block
# <min> <max>
0	2

[block]
# block no. 3 follows, 40 sequences, length 16
# corresponding to MSA columns:
# 355-370
name=unknown_D
#
# <colnr> <probs for GDERKNQSTAVLIFYWHMCP>
#	G	D	E	R	K	N	Q	S	T	A	V	L	I	F	Y	W	H	M	C	P
0	0.00832	0.00639	0.00886	0.00827	0.00946	0.00606	0.05380	0.01000	0.01248	0.01692	0.26540	0.15563	0.12481	0.22579	0.05907	0.00341	0.00489	0.01060	0.00492	0.00491
1	0.04990	0.15248	0.02023	0.01462	0.01838	0.48497	0.07788	0.08411	0.01616	0.01694	0.00950	0.01104	0.00777	0.00579	0.00513	0.00153	0.00914	0.00404	0.00318	0.00722
2	0.01641	0.01416	0.09989	0.01288	0.01563	0.06352	0.01140	0.04881	0.01310	0.21538	0.01782	0.05496	0.07343	0.00920	0.01096	0.00211	0.30223	0.00626	0.00432	0.00753
3	0.11283	0.01002	0.01319	0.01251	0.09224	0.00983	0.04273	0.08505	0.01464	0.26470	0.06347	0.04771	0.04471	0.13155	0.00947	0.00241	0.00527	0.00672	0.02335	0.00759
4	0.01064	0.00988	0.01651	0.71421	0.03729	0.01221	0.01521	0.01427	0.01158	0.01486	0.01223	0.08319	0.01043	0.00690	0.00595	0.00197	0.00737	0.00616	0.00283	0.00631
5	0.21114	0.04734	0.01526	0.25818	0.09377	0.15112	0.01166	0.01680	0.01222	0.01795	0.03486	0.01434	0.00965	0.00915	0.07198	0.00242	0.00784	0.00461	0.00310	0.00664
6	0.00710	0.00534	0.00648	0.00736	0.00815	0.00483	0.00501	0.00819	0.01160	0.01490	0.03910	0.53504	0.24680	0.06096	0.00851	0.00243	0.00338	0.01484	0.00529	0.00471
7	0.01645	0.00951	0.01213	0.01051	0.01336	0.04038	0.04870	0.04894	0.06764	0.30137	0.02688	0.28532	0.07085	0.01132	0.00649	0.00201	0.00482	0.00992	0.00590	0.00750
8	0.01368	0.24190	0.31107	0.01464	0.02032	0.08413	0.08664	0.01763	0.01243	0.01619	0.01227	0.01413	0.04994	0.00628	0.00639	0.00172	0.07559	0.00469	0.00274	0.00763
9	0.20494	0.14040	0.09001	0.01099	0.01506	0.07486	0.03896	0.12309	0.04476	0.02144	0.01835	0.07118	0.10813	0.00781	0.00519	0.00176	0.00588	0.00602	0.00401	0.00717
10	0.01234	0.23629	0.06260	0.00915	0.01202	0.05457	0.00786	0.01417	0.01228	0.05353	0.13687	0.10003	0.02190	0.19119	0.01095	0.00253	0.00547	0.00716	0.00397	0.04512
11	0.10197	0.05591	0.07174	0.00941	0.01183	0.07916	0.00770	0.01298	0.01034	0.01504	0.01231	0.06135	0.01230	0.14921	0.01406	0.20103	0.03864	0.00557	0.00315	0.12630
12	0.01770	0.09964	0.05261	0.08075	0.07176	0.10837	0.01125	0.14995	0.10777	0.13699	0.03463	0.04163	0.01274	0.00688	0.00554	0.00170	0.00641	0.00547	0.00458	0.04363
13	0.13547	0.23278	0.10295	0.01155	0.04653	0.01478	0.02107	0.11759	0.02465	0.02156	0.13072	0.04857	0.01704	0.00777	0.01784	0.00178	0.00570	0.00559	0.02872	0.00734
14	0.12084	0.16091	0.17814	0.01166	0.02959	0.04386	0.01123	0.04708	0.06585	0.05888	0.02985	0.06122	0.04343	0.00818	0.02313	0.00189	0.00622	0.03324	0.00383	0.06099
15	0.07149	0.14886	0.16925	0.01373	0.01866	0.14330	0.07278	0.13419	0.03255	0.06291	0.01204	0.02749	0.00948	0.00822	0.04862	0.00211	0.00799	0.00477	0.00365	0.00791

[dist]
# distance from previous block
# <min> <max>
3	43

[block]
# block no. 4 follows, 40 sequences, length 8
# corresponding to MSA columns:
# 422-429
name=unknown_E
#
# <colnr> <probs for GDERKNQSTAVLIFYWHMCP>
#	G	D	E	R	K	N	Q	S	T	A	V	L	I	F	Y	W	H	M	C	P
0	0.06098	0.01033	0.01464	0.08036	0.04166	0.01057	0.12259	0.04971	0.14827	0.01917	0.02325	0.12585	0.11793	0.07218	0.00801	0.00219	0.00552	0.00818	0.00438	0.07426
1	0.01454	0.03445	0.01679	0.18382	0.05572	0.12293	0.06960	0.05359	0.07292	0.04334	0.03665	0.01571	0.01113	0.00616	0.00599	0.00163	0.03991	0.00506	0.05592	0.15415
2	0.01276	0.01410	0.10222	0.16896	0.19052	0.05719	0.07206	0.01594	0.01251	0.03840	0.01541	0.06047	0.06341	0.00761	0.00717	0.03572	0.04272	0.00613	0.00325	0.07345
3	0.01302	0.04418	0.04815	0.13813	0.12434	0.02630	0.08718	0.04690	0.08384	0.04169	0.03860	0.03822	0.01294	0.03650	0.09265	0.00277	0.04850	0.00594	0.00361	0.06653
4	0.00910	0.00701	0.00934	0.00914	0.00995	0.00807	0.00674	0.01164	0.06857	0.01394	0.01762	0.08769	0.01788	0.23202	0.39517	0.00668	0.07317	0.00757	0.00358	0.00514
5	0.01592	0.01120	0.01702	0.15082	0.15800	0.01156	0.07009	0.09749	0.04511	0.17968	0.07486	0.02047	0.01520	0.06435	0.04041	0.00242	0.00666	0.00623	0.00454	0.00797
6	0.06288	0.04451	0.01854	0.08007	0.13899	0.36281	0.06368	0.07761	0.01573	0.01834	0.05472	0.01405	0.01085	0.00614	0.00549	0.00165	0.00838	0.00479	0.00339	0.00737
7	0.01163	0.01155	0.02182	0.16478	0.14005	0.01166	0.27819	0.01525	0.01285	0.01740	0.05736	0.08353	0.04540	0.01018	0.06099	0.00250	0.00801	0.03639	0.00346	0.00701

[dist]
# distance from previous block
# <min> <max>
0	6

[block]
# block no. 5 follows, 40 sequences, length 13
# corresponding to MSA columns:
# 436-448
name=unknown_F
#
# <colnr> <probs for GDERKNQSTAVLIFYWHMCP>
#	G	D	E	R	K	N	Q	S	T	A	V	L	I	F	Y	W	H	M	C	P
0	0.00728	0.00521	0.00677	0.00795	0.00837	0.00488	0.00535	0.00829	0.01110	0.01469	0.03212	0.66698	0.07047	0.08261	0.00926	0.00263	0.00362	0.04253	0.00524	0.00466
1	0.00937	0.00669	0.00937	0.01071	0.01205	0.00669	0.00937	0.01205	0.01339	0.01740	0.03079	0.06560	0.03347	0.01606	0.00803	0.00268	0.00535	0.72021	0.00535	0.00535
2	0.00759	0.00551	0.00728	0.00833	0.00867	0.00544	0.00570	0.00859	0.01088	0.01456	0.02950	0.63644	0.03505	0.10463	0.01039	0.00275	0.03398	0.05496	0.00508	0.00469
3	0.02211	0.01629	0.01745	0.01338	0.01803	0.01803	0.01105	0.73997	0.02734	0.03665	0.01396	0.01396	0.00989	0.00698	0.00582	0.00175	0.00640	0.00524	0.00582	0.00989
4	0.01166	0.03008	0.76550	0.01657	0.02517	0.01351	0.02149	0.01842	0.01228	0.01842	0.01044	0.01228	0.00737	0.00552	0.00552	0.00184	0.00859	0.00430	0.00246	0.00859
5	0.01010	0.00505	0.00758	0.00758	0.00758	0.00505	0.00505	0.00758	0.00758	0.01010	0.01010	0.01768	0.01010	0.02020	0.02273	0.83081	0.00505	0.00505	0.00253	0.00253
6	0.00784	0.00560	0.00761	0.00896	0.00963	0.00537	0.00671	0.00940	0.01188	0.01569	0.03163	0.55187	0.03681	0.01751	0.00762	0.00247	0.00403	0.24904	0.00538	0.00493
7	0.00840	0.04398	0.03484	0.00865	0.03553	0.00660	0.00645	0.01065	0.01422	0.01926	0.37956	0.20505	0.17915	0.01303	0.00675	0.00194	0.00343	0.01141	0.00555	0.00554
8	0.01363	0.36184	0.33919	0.01493	0.06040	0.01793	0.03953	0.01771	0.01199	0.01615	0.00933	0.01125	0.00757	0.00551	0.00557	0.00162	0.05140	0.00396	0.00251	0.00799
9	0.00847	0.00648	0.00863	0.00913	0.05627	0.00606	0.00635	0.01104	0.01536	0.02127	0.54552	0.04347	0.15179	0.01341	0.03966	0.00220	0.00369	0.03973	0.00585	0.00562
10	0.01206	0.01034	0.01206	0.00861	0.01378	0.00775	0.00689	0.01464	0.01206	0.01895	0.01034	0.01206	0.00861	0.00431	0.00431	0.00086	0.00431	0.00345	0.00345	0.83118
11	0.01553	0.10919	0.17100	0.01390	0.01911	0.03733	0.12449	0.12204	0.03258	0.10556	0.04539	0.03259	0.03095	0.00781	0.03239	0.00195	0.00710	0.00561	0.00407	0.08141
12	0.01547	0.58520	0.08549	0.01157	0.01649	0.09313	0.04203	0.01820	0.03299	0.01465	0.00968	0.03408	0.00875	0.00560	0.00432	0.00140	0.00684	0.00393	0.00274	0.00746

[dist]
# distance from previous block
# <min> <max>
0	2

[block]
# block no. 6 follows, 40 sequences, length 19
# corresponding to MSA columns:
# 451-469
name=unknown_G
#
# <colnr> <probs for GDERKNQSTAVLIFYWHMCP>
#	G	D	E	R	K	N	Q	S	T	A	V	L	I	F	Y	W	H	M	C	P
0	0.04118	0.17525	0.22586	0.01564	0.05521	0.01539	0.14132	0.05147	0.12902	0.01934	0.01566	0.01681	0.06017	0.00634	0.00551	0.00176	0.00701	0.00545	0.00350	0.00809
1	0.01651	0.14595	0.20606	0.01684	0.11781	0.27372	0.01410	0.06492	0.01460	0.01721	0.01077	0.03916	0.00919	0.02209	0.00575	0.00170	0.00826	0.00461	0.00304	0.00771
2	0.01002	0.00511	0.00766	0.00766	0.00771	0.00516	0.00516	0.00771	0.00766	0.01026	0.01036	0.01792	0.01031	0.02131	0.05818	0.79197	0.00555	0.00511	0.00255	0.00265
3	0.00827	0.00624	0.00822	0.00874	0.02828	0.00626	0.00616	0.03062	0.01215	0.01642	0.13948	0.25903	0.14676	0.06601	0.22514	0.00434	0.00697	0.01096	0.00475	0.00520
4	0.00898	0.00628	0.00802	0.00824	0.00940	0.00611	0.00622	0.01134	0.03834	0.03696	0.24580	0.14254	0.08180	0.15710	0.03997	0.00308	0.00457	0.17471	0.00533	0.00520
5	0.00912	0.00702	0.00998	0.01146	0.10698	0.00668	0.00756	0.01187	0.01543	0.02167	0.54003	0.07606	0.04563	0.01180	0.00688	0.00194	0.00363	0.09457	0.00577	0.00592
6	0.01057	0.00814	0.00998	0.00826	0.01147	0.00663	0.00636	0.01295	0.01337	0.04357	0.23114	0.14330	0.02744	0.00903	0.00567	0.00145	0.00375	0.02462	0.00477	0.41753
7	0.01084	0.00542	0.00542	0.00542	0.00678	0.00542	0.00407	0.01355	0.01220	0.02168	0.01897	0.02168	0.01491	0.00678	0.00407	0.00136	0.00271	0.00542	0.82791	0.00542
8	0.01206	0.01034	0.01206	0.00861	0.01378	0.00775	0.00689	0.01464	0.01206	0.01895	0.01034	0.01206	0.00861	0.00431	0.00431	0.00086	0.00431	0.00345	0.00345	0.83118
9	0.01091	0.00971	0.03979	0.01680	0.23392	0.00880	0.03447	0.01419	0.02870	0.04266	0.35213	0.03368	0.10827	0.00965	0.00648	0.00185	0.00463	0.03146	0.00498	0.00692
10	0.78506	0.01116	0.00886	0.00782	0.01148	0.01276	0.00644	0.01781	0.01033	0.07306	0.00904	0.01011	0.00681	0.00551	0.00374	0.00180	0.00453	0.00332	0.00383	0.00653
11	0.01351	0.01298	0.01995	0.20128	0.45936	0.05079	0.01561	0.03765	0.01363	0.01843	0.05588	0.01799	0.04519	0.00624	0.00586	0.00178	0.00685	0.00574	0.00322	0.00807
12	0.01098	0.01034	0.01744	0.78165	0.04005	0.01292	0.01615	0.01486	0.01163	0.01486	0.01034	0.01550	0.00775	0.00581	0.00581	0.00194	0.00775	0.00517	0.00258	0.00646
13	0.01681	0.01118	0.01147	0.00992	0.01278	0.08246	0.00787	0.16491	0.06716	0.16412	0.08365	0.05798	0.01894	0.00842	0.00563	0.00174	0.00494	0.04918	0.21331	0.00753
14	0.00745	0.00545	0.00746	0.04684	0.01018	0.00526	0.00610	0.00879	0.01161	0.01552	0.07993	0.67342	0.03784	0.01708	0.00733	0.00232	0.00363	0.04360	0.00532	0.00489
15	0.00777	0.00578	0.00723	0.00719	0.00848	0.00524	0.00527	0.00996	0.01490	0.02036	0.49471	0.17975	0.18479	0.01356	0.00696	0.00195	0.00289	0.01193	0.00603	0.00524
16	0.00855	0.00656	0.00824	0.03963	0.01030	0.00631	0.00601	0.01207	0.06532	0.02184	0.56576	0.04278	0.16104	0.01181	0.00675	0.00186	0.00311	0.01030	0.00605	0.00569
17	0.02426	0.01055	0.01355	0.01056	0.01486	0.00980	0.00866	0.10161	0.06712	0.60721	0.02190	0.01940	0.01418	0.00720	0.00578	0.00179	0.00498	0.00582	0.04114	0.00966
18	0.05964	0.01429	0.01661	0.06174	0.04608	0.04926	0.04626	0.38986	0.04564	0.07119	0.01392	0.01525	0.01036	0.00926	0.05809	0.00230	0.03811	0.00529	0.03830	0.00856

[dist]
# distance from previous block
# <min> <max>
0	2

[block]
# block no. 7 follows, 40 sequences, length 28
# corresponding to MSA columns:
# 472-474,478-487,489-503
name=unknown_H
#
# <colnr> <probs for GDERKNQSTAVLIFYWHMCP>
#	G	D	E	R	K	N	Q	S	T	A	V	L	I	F	Y	W	H	M	C	P
0	0.06378	0.01254	0.01943	0.19957	0.33091	0.03390	0.04123	0.01703	0.01227	0.06216	0.01119	0.01527	0.00914	0.00673	0.00788	0.02938	0.10129	0.01550	0.00310	0.00770
1	0.79159	0.01216	0.00899	0.00805	0.01162	0.05508	0.00657	0.01743	0.01026	0.02543	0.00815	0.00950	0.00636	0.00543	0.00369	0.00178	0.00483	0.00318	0.00357	0.00632
2	0.01290	0.01079	0.03634	0.03691	0.03347	0.02770	0.00844	0.19596	0.10803	0.02283	0.09763	0.16505	0.14012	0.01103	0.00675	0.02469	0.00475	0.00901	0.04059	0.00700
3	0.01446	0.01249	0.01315	0.01183	0.01512	0.01446	0.00920	0.03090	0.74885	0.02433	0.02367	0.02170	0.01775	0.00789	0.00592	0.00197	0.00460	0.00657	0.00592	0.00920
4	0.01497	0.01268	0.04366	0.19454	0.30110	0.01287	0.01424	0.05201	0.12856	0.10910	0.01641	0.01813	0.04291	0.00649	0.00585	0.00184	0.00637	0.00575	0.00403	0.00850
5	0.01912	0.00915	0.01168	0.00968	0.01291	0.00859	0.00770	0.09018	0.04416	0.40775	0.13845	0.08627	0.02322	0.04670	0.00726	0.00204	0.00456	0.02607	0.03633	0.00818
6	0.00848	0.00645	0.00955	0.00946	0.01042	0.00760	0.00733	0.01045	0.00930	0.01343	0.01538	0.02304	0.01453	0.07070	0.71619	0.00895	0.04419	0.00627	0.00311	0.00517
7	0.05463	0.01519	0.01507	0.01245	0.01640	0.08591	0.00997	0.32156	0.28660	0.09415	0.01757	0.01677	0.01277	0.00717	0.00571	0.00181	0.00592	0.00555	0.00562	0.00919
8	0.01337	0.01221	0.02065	0.34882	0.43029	0.01325	0.01680	0.01696	0.01268	0.04352	0.01111	0.01505	0.00878	0.00552	0.00578	0.00182	0.00719	0.00520	0.00291	0.00808
9	0.05786	0.01358	0.01581	0.09784	0.10625	0.06077	0.01126	0.30091	0.04571	0.06000	0.01534	0.10442	0.01315	0.00928	0.03414	0.00214	0.03230	0.00644	0.00465	0.00816
10	0.78771	0.01224	0.00902	0.00809	0.01165	0.05869	0.00659	0.01746	0.01029	0.02538	0.00815	0.00951	0.00637	0.00543	0.00370	0.00178	0.00486	0.00318	0.00356	0.00632
11	0.01043	0.01103	0.06568	0.01359	0.04156	0.03497	0.14532	0.01313	0.01144	0.01567	0.05927	0.02500	0.09354	0.07830	0.28386	0.00489	0.07576	0.00704	0.00343	0.00607
12	0.01114	0.01132	0.08553	0.03275	0.05240	0.06199	0.05903	0.01359	0.01149	0.01660	0.01703	0.14067	0.01659	0.11576	0.06639	0.00290	0.07303	0.00744	0.19841	0.00592
13	0.00900	0.00739	0.01047	0.04042	0.13247	0.00728	0.00804	0.01109	0.01318	0.01784	0.21723	0.24051	0.15870	0.03387	0.00786	0.00214	0.02992	0.04179	0.00500	0.00580
14	0.09481	0.01446	0.01334	0.01208	0.04218	0.18464	0.00903	0.07238	0.10679	0.18034	0.01570	0.01758	0.01216	0.07320	0.00819	0.00208	0.05563	0.00528	0.07253	0.00760
15	0.01381	0.01481	0.12552	0.19005	0.07926	0.01374	0.04067	0.11997	0.23541	0.02231	0.07138	0.01871	0.01470	0.00693	0.00592	0.00188	0.00638	0.00594	0.00433	0.00825
16	0.00851	0.00560	0.00632	0.00637	0.00645	0.00559	0.00363	0.00868	0.00875	0.01192	0.01894	0.06932	0.02158	0.72489	0.02744	0.00529	0.00540	0.00865	0.04299	0.00367
17	0.01454	0.01278	0.01835	0.04371	0.09722	0.04794	0.14642	0.09405	0.01484	0.06639	0.08151	0.01782	0.03335	0.00648	0.00658	0.00161	0.05775	0.00568	0.00399	0.22900
18	0.02068	0.01558	0.01665	0.01309	0.01749	0.01737	0.01071	0.60756	0.16207	0.03435	0.01577	0.01541	0.01136	0.00715	0.00584	0.00179	0.00606	0.00549	0.00584	0.00976
19	0.05378	0.00904	0.01085	0.00993	0.01199	0.03661	0.00762	0.03620	0.05720	0.21425	0.03375	0.26311	0.03852	0.03629	0.08311	0.00289	0.07354	0.00929	0.00523	0.00682
20	0.00707	0.00511	0.00670	0.00797	0.00840	0.00473	0.00534	0.00811	0.01125	0.01489	0.03357	0.75019	0.07913	0.01802	0.00739	0.00234	0.00335	0.01629	0.00540	0.00473
21	0.01206	0.01034	0.01206	0.00861	0.01378	0.00775	0.00689	0.01464	0.01206	0.01895	0.01034	0.01206	0.00861	0.00431	0.00431	0.00086	0.00431	0.00345	0.00345	0.83118
22	0.76328	0.01273	0.00926	0.00831	0.01185	0.08145	0.00674	0.01765	0.01049	0.02502	0.00818	0.00954	0.00641	0.00545	0.00375	0.00177	0.00504	0.00320	0.00354	0.00634
23	0.79848	0.01118	0.00878	0.00777	0.01142	0.01283	0.00640	0.01762	0.01021	0.06086	0.00880	0.00993	0.00668	0.00548	0.00370	0.00180	0.00452	0.00328	0.00377	0.00647
24	0.11453	0.02136	0.01478	0.01303	0.01608	0.46328	0.01001	0.14010	0.01677	0.01971	0.01056	0.01250	0.00861	0.02797	0.00621	0.00171	0.03493	0.00421	0.05663	0.00703
25	0.01372	0.01256	0.01647	0.21495	0.13285	0.05498	0.01241	0.12010	0.01417	0.01914	0.01421	0.04478	0.05455	0.00729	0.00757	0.00180	0.11815	0.00567	0.00352	0.13111
26	0.03575	0.08637	0.09283	0.11239	0.11196	0.08433	0.08026	0.09489	0.01410	0.05788	0.01288	0.01543	0.03523	0.00836	0.04374	0.00219	0.09512	0.00521	0.00341	0.00767
27	0.03196	0.12777	0.06852	0.04653	0.04432	0.21256	0.03868	0.17033	0.08834	0.02097	0.03324	0.01629	0.05185	0.00723	0.01523	0.00177	0.00741	0.00517	0.00397	0.00782

[dist]
# distance from previous block
# <min> <max>
1	9

[block]
# block no. 8 follows, 40 sequences, length 48
# corresponding to MSA columns:
# 513-524,544-557,563-584
name=unknown_I
#
# <colnr> <probs for GDERKNQSTAVLIFYWHMCP>
#	G	D	E	R	K	N	Q	S	T	A	V	L	I	F	Y	W	H	M	C	P
0	0.06742	0.26573	0.11312	0.09074	0.04268	0.05725	0.03238	0.09663	0.01353	0.01839	0.03359	0.01280	0.00932	0.00639	0.00687	0.00173	0.11639	0.00442	0.00312	0.00750
1	0.00997	0.00693	0.00847	0.00811	0.00946	0.00747	0.00604	0.05928	0.05242	0.01741	0.05538	0.02789	0.06580	0.16604	0.30811	0.00537	0.00861	0.00703	0.16474	0.00546
2	0.01523	0.01135	0.01218	0.01079	0.01394	0.01272	0.00844	0.05914	0.54131	0.08729	0.02246	0.02119	0.01668	0.00762	0.00562	0.00185	0.00442	0.00628	0.13279	0.00871
3	0.00865	0.00625	0.00714	0.00703	0.00879	0.00554	0.00521	0.02993	0.01403	0.05891	0.18140	0.18954	0.42798	0.01423	0.00689	0.00200	0.00319	0.01220	0.00570	0.00539
4	0.00707	0.00511	0.00670	0.00797	0.00840	0.00473	0.00534	0.00811	0.01125	0.01489	0.03356	0.75055	0.07878	0.01802	0.00739	0.00234	0.00335	0.01629	0.00540	0.00473
5	0.01555	0.79913	0.03047	0.00995	0.01493	0.02301	0.00995	0.01741	0.01182	0.01368	0.00808	0.00933	0.00746	0.00498	0.00373	0.00124	0.00622	0.00311	0.00249	0.00746
6	0.05641	0.00577	0.00570	0.00563	0.00711	0.00584	0.00425	0.01363	0.01226	0.02200	0.05186	0.02199	0.01624	0.00693	0.00417	0.00140	0.00281	0.00553	0.74499	0.00547
7	0.00729	0.00580	0.00629	0.00633	0.00783	0.00507	0.00454	0.00871	0.01292	0.01615	0.15083	0.11231	0.50357	0.11480	0.00983	0.00245	0.00330	0.01188	0.00530	0.00480
8	0.00901	0.00575	0.00856	0.00856	0.00916	0.00635	0.00628	0.00922	0.00863	0.01210	0.01353	0.02131	0.01302	0.05861	0.45573	0.33020	0.01114	0.00584	0.00290	0.00410
9	0.01784	0.10090	0.01648	0.04306	0.01680	0.24944	0.01018	0.24796	0.04540	0.02193	0.01743	0.01940	0.08933	0.00936	0.04286	0.00206	0.00768	0.03003	0.00427	0.00758
10	0.01364	0.06918	0.39952	0.05814	0.06593	0.06785	0.01648	0.09414	0.01418	0.01957	0.02653	0.01473	0.00970	0.00712	0.02825	0.00195	0.00795	0.02238	0.00312	0.05963
11	0.01342	0.04103	0.04549	0.01639	0.14001	0.03278	0.11040	0.08915	0.05641	0.06000	0.15847	0.11765	0.05217	0.00902	0.00669	0.00189	0.02888	0.00807	0.00463	0.00745
12	0.05629	0.13827	0.05184	0.05968	0.12699	0.18853	0.08595	0.09456	0.04297	0.01921	0.04448	0.01408	0.01062	0.00615	0.00589	0.00169	0.03679	0.00487	0.00342	0.00771
13	0.03485	0.01607	0.09327	0.22062	0.21042	0.09066	0.13165	0.05852	0.01364	0.01824	0.01076	0.01426	0.00844	0.00647	0.02196	0.00199	0.03228	0.00519	0.00296	0.00776
14	0.01389	0.01163	0.03305	0.01090	0.01402	0.01247	0.00869	0.05861	0.51807	0.04905	0.05217	0.06608	0.05468	0.00873	0.00594	0.00193	0.00447	0.00732	0.05989	0.00840
15	0.00857	0.00604	0.00827	0.00829	0.00917	0.00659	0.00617	0.01033	0.01020	0.01469	0.08339	0.02997	0.02052	0.19948	0.44971	0.00696	0.01084	0.04172	0.06421	0.00488
16	0.00850	0.00639	0.00922	0.00913	0.00997	0.00742	0.00692	0.01024	0.00920	0.01319	0.01568	0.02470	0.01525	0.15298	0.63501	0.00855	0.04299	0.00652	0.00315	0.00499
17	0.00836	0.00604	0.00733	0.00709	0.00872	0.00540	0.00536	0.01055	0.01497	0.04554	0.42598	0.08713	0.29392	0.01319	0.00690	0.00193	0.00302	0.03718	0.00599	0.00539
18	0.00707	0.00510	0.00670	0.00798	0.00840	0.00473	0.00535	0.00811	0.01125	0.01489	0.03346	0.75312	0.07626	0.01803	0.00739	0.00234	0.00335	0.01631	0.00540	0.00473
19	0.01555	0.79913	0.03047	0.00995	0.01493	0.02301	0.00995	0.01741	0.01182	0.01368	0.00808	0.00933	0.00746	0.00498	0.00373	0.00124	0.00622	0.00311	0.00249	0.00746
20	0.00788	0.00583	0.00738	0.00738	0.00868	0.00533	0.00550	0.01013	0.01492	0.02039	0.48613	0.16544	0.16903	0.01359	0.00701	0.00198	0.00301	0.04910	0.00602	0.00526
21	0.00808	0.00581	0.00785	0.00907	0.00993	0.00559	0.00702	0.00988	0.01239	0.01633	0.06541	0.42835	0.06357	0.01691	0.00763	0.00245	0.00415	0.30912	0.00543	0.00503
22	0.01722	0.00809	0.00984	0.00828	0.01108	0.00775	0.00661	0.07852	0.01525	0.30317	0.06982	0.02187	0.01699	0.00934	0.04759	0.00203	0.00457	0.00596	0.34855	0.00747
23	0.01010	0.00505	0.00758	0.00758	0.00758	0.00505	0.00505	0.00758	0.00758	0.01010	0.01010	0.01768	0.01010	0.02020	0.02273	0.83081	0.00505	0.00505	0.00253	0.00253
24	0.08154	0.01639	0.01723	0.26694	0.12669	0.20603	0.01327	0.14617	0.03590	0.02027	0.01091	0.01350	0.00842	0.00600	0.00549	0.00175	0.00774	0.00470	0.00347	0.00758
25	0.36783	0.01572	0.01366	0.03783	0.01597	0.17713	0.04908	0.15243	0.04045	0.02413	0.01266	0.01374	0.04427	0.00635	0.00486	0.00175	0.00647	0.00450	0.00398	0.00718
26	0.01210	0.01230	0.02120	0.01762	0.05264	0.01406	0.24462	0.01477	0.01161	0.01650	0.05561	0.06391	0.05493	0.00929	0.01210	0.00224	0.33889	0.03557	0.00333	0.00671
27	0.01256	0.01164	0.06090	0.00955	0.01434	0.00888	0.00817	0.08257	0.01352	0.02024	0.03081	0.01724	0.01178	0.04339	0.00601	0.00136	0.00486	0.04374	0.00379	0.59465
28	0.00808	0.00586	0.00769	0.00805	0.00907	0.00564	0.00601	0.01004	0.01319	0.01798	0.29635	0.21904	0.08643	0.08373	0.08058	0.00312	0.00476	0.12393	0.00539	0.00506
29	0.00896	0.00681	0.00896	0.00955	0.03348	0.00728	0.00687	0.01228	0.09030	0.01577	0.02478	0.19116	0.08840	0.07460	0.31381	0.00522	0.00865	0.04327	0.04430	0.00554
30	0.04487	0.53719	0.04509	0.01237	0.03961	0.18465	0.03227	0.01874	0.01288	0.01466	0.00854	0.01001	0.00752	0.00523	0.00426	0.00137	0.00727	0.00346	0.00266	0.00736
31	0.09665	0.00834	0.00832	0.00741	0.00969	0.00894	0.00582	0.14809	0.05004	0.02500	0.01718	0.01903	0.01325	0.00673	0.00443	0.00150	0.00366	0.00521	0.55420	0.00651
32	0.01372	0.21399	0.36874	0.01559	0.02237	0.01603	0.13570	0.06911	0.01346	0.01861	0.01032	0.01223	0.00788	0.00532	0.00526	0.00165	0.00781	0.00445	0.00284	0.05492
33	0.01685	0.01196	0.01322	0.01153	0.01506	0.01325	0.00907	0.03038	0.59887	0.17571	0.02352	0.02131	0.01706	0.00775	0.00590	0.00194	0.00467	0.00643	0.00618	0.00935
34	0.01333	0.26661	0.46736	0.01386	0.02082	0.01630	0.01662	0.05245	0.01285	0.01797	0.01026	0.01187	0.00786	0.00548	0.00492	0.00163	0.00749	0.00403	0.04012	0.00816
35	0.00846	0.00564	0.00634	0.00634	0.00634	0.00564	0.00352	0.00846	0.00846	0.01128	0.01832	0.03805	0.02114	0.79563	0.02960	0.00564	0.00564	0.00846	0.00352	0.00352
36	0.01098	0.01034	0.01744	0.78165	0.04005	0.01292	0.01615	0.01486	0.01163	0.01486	0.01034	0.01550	0.00775	0.00581	0.00581	0.00194	0.00775	0.00517	0.00258	0.00646
37	0.00931	0.00724	0.01037	0.03551	0.01065	0.00745	0.08380	0.01016	0.00954	0.01290	0.05218	0.03389	0.02031	0.60735	0.02472	0.00478	0.04388	0.00811	0.00352	0.00432
38	0.00836	0.00604	0.00837	0.00837	0.00908	0.00674	0.00606	0.00976	0.00906	0.01278	0.01647	0.02777	0.01668	0.28716	0.53197	0.00814	0.01236	0.00695	0.00325	0.00465
39	0.01004	0.00507	0.00753	0.00753	0.00753	0.00507	0.00499	0.00761	0.00761	0.01015	0.01043	0.01849	0.01054	0.05118	0.02300	0.79785	0.00507	0.00519	0.00257	0.00257
40	0.00742	0.00542	0.00706	0.00822	0.00891	0.00505	0.00588	0.00877	0.01182	0.01549	0.04837	0.58323	0.12208	0.01737	0.00744	0.00235	0.00361	0.12125	0.00541	0.00485
41	0.01365	0.04385	0.04453	0.18002	0.18580	0.03577	0.22766	0.04031	0.01282	0.01746	0.01045	0.01437	0.00840	0.00611	0.00813	0.00195	0.13267	0.00552	0.00285	0.00766
42	0.04824	0.01526	0.01587	0.01273	0.01694	0.03993	0.01033	0.48584	0.20961	0.05974	0.01641	0.01589	0.01186	0.00714	0.00575	0.00180	0.00595	0.00548	0.00573	0.00949
43	0.01418	0.01412	0.02539	0.03255	0.58282	0.01418	0.15633	0.01781	0.01312	0.01868	0.01094	0.01456	0.00906	0.00537	0.00662	0.00181	0.04526	0.00550	0.00287	0.00881
44	0.00790	0.00557	0.00690	0.00754	0.00825	0.00521	0.00517	0.00901	0.01146	0.02624	0.08416	0.39435	0.14073	0.19373	0.01237	0.00302	0.00395	0.06472	0.00507	0.00466
45	0.01631	0.06951	0.22235	0.01670	0.05691	0.07206	0.16056	0.07846	0.06671	0.12415	0.01343	0.01458	0.00975	0.00584	0.00571	0.00174	0.00757	0.00515	0.00384	0.04868
46	0.01209	0.11495	0.68438	0.01584	0.02404	0.01455	0.02021	0.01831	0.01223	0.01789	0.01018	0.01195	0.00738	0.00546	0.00533	0.00178	0.00833	0.00417	0.00246	0.00847
47	0.01158	0.07347	0.15035	0.01103	0.01457	0.03475	0.04415	0.01687	0.13929	0.02973	0.06122	0.04788	0.14502	0.07014	0.00812	0.00217	0.02735	0.04145	0.06405	0.00681

[dist]
# distance from previous block
# <min> <max>
2	6

[block]
# block no. 9 follows, 40 sequences, length 30
# corresponding to MSA columns:
# 596-615,622-631
name=unknown_J
#
# <colnr> <probs for GDERKNQSTAVLIFYWHMCP>
#	G	D	E	R	K	N	Q	S	T	A	V	L	I	F	Y	W	H	M	C	P
0	0.05797	0.03658	0.01638	0.16356	0.17807	0.04070	0.04496	0.01646	0.03750	0.08101	0.05295	0.02429	0.14105	0.00811	0.00681	0.00189	0.05776	0.02282	0.00395	0.00719
1	0.07302	0.01540	0.04607	0.01376	0.05928	0.05569	0.01080	0.35530	0.19318	0.06318	0.04406	0.01665	0.01316	0.00707	0.00569	0.00180	0.00598	0.00552	0.00532	0.00906
2	0.14786	0.09271	0.06845	0.11253	0.28956	0.05537	0.01353	0.01792	0.01251	0.06333	0.01083	0.01337	0.00863	0.00666	0.02980	0.00193	0.00692	0.00451	0.00319	0.04039
3	0.01216	0.03118	0.03291	0.15127	0.14516	0.02906	0.01085	0.01615	0.08227	0.06716	0.09167	0.09642	0.09978	0.01044	0.03816	0.00220	0.03176	0.00765	0.03677	0.00698
4	0.02067	0.07776	0.01746	0.06068	0.01910	0.67707	0.01145	0.02233	0.01588	0.01423	0.00901	0.01071	0.00750	0.00591	0.00518	0.00151	0.01004	0.00379	0.00294	0.00677
5	0.01529	0.09148	0.04117	0.08086	0.15597	0.09099	0.03271	0.07125	0.04223	0.05567	0.01153	0.01335	0.00912	0.00537	0.00510	0.00143	0.00639	0.00441	0.00354	0.26215
6	0.00934	0.00719	0.00862	0.00933	0.05791	0.03563	0.00590	0.01056	0.01032	0.01410	0.06767	0.03220	0.06425	0.38536	0.20489	0.00541	0.00782	0.00770	0.05103	0.00475
7	0.01369	0.01164	0.01686	0.18889	0.24068	0.01155	0.01251	0.08697	0.01407	0.04785	0.01453	0.01688	0.05802	0.00596	0.00545	0.00155	0.00598	0.00519	0.00359	0.23815
8	0.00807	0.00567	0.00637	0.00642	0.00688	0.00544	0.00391	0.00856	0.00996	0.01300	0.06904	0.08693	0.15997	0.55976	0.02276	0.00454	0.00484	0.00976	0.00415	0.00396
9	0.01020	0.00948	0.06821	0.01191	0.08285	0.00781	0.05157	0.03914	0.01441	0.04796	0.27117	0.14860	0.15729	0.04380	0.00760	0.00208	0.00447	0.01006	0.00513	0.00625
10	0.10619	0.01988	0.01342	0.01049	0.01446	0.02478	0.04970	0.13526	0.01566	0.21322	0.02031	0.09979	0.07588	0.00801	0.00557	0.00168	0.00507	0.00663	0.00513	0.16885
11	0.00716	0.00522	0.00675	0.00780	0.00840	0.00481	0.00530	0.00837	0.01182	0.01567	0.09739	0.64949	0.11580	0.01730	0.00732	0.00227	0.00327	0.01556	0.00548	0.00481
12	0.01306	0.04394	0.04881	0.01405	0.07259	0.02519	0.13477	0.02782	0.03729	0.01903	0.01102	0.01308	0.00890	0.00474	0.00498	0.00123	0.00586	0.00432	0.00335	0.50597
13	0.01492	0.01322	0.01370	0.04463	0.04243	0.12985	0.00969	0.19270	0.06108	0.02055	0.01454	0.01968	0.01261	0.07367	0.19798	0.00395	0.06058	0.02615	0.04107	0.00700
14	0.01024	0.00855	0.01176	0.01134	0.05215	0.00922	0.05562	0.02644	0.07990	0.01664	0.08597	0.07540	0.11475	0.20085	0.07386	0.00349	0.10145	0.02888	0.02770	0.00576
15	0.01443	0.04663	0.13058	0.01123	0.01586	0.04260	0.01023	0.14484	0.05720	0.04652	0.03027	0.04532	0.01227	0.05863	0.00717	0.00175	0.02635	0.00519	0.00405	0.28888
16	0.01215	0.00593	0.00669	0.00635	0.00788	0.00585	0.00478	0.01435	0.01206	0.09842	0.01862	0.02199	0.01480	0.04251	0.05444	0.05188	0.00401	0.00562	0.60605	0.00563
17	0.01751	0.14189	0.04818	0.01378	0.03837	0.17389	0.03849	0.17559	0.23561	0.02253	0.02823	0.01536	0.01201	0.00663	0.00544	0.00169	0.00685	0.00511	0.00442	0.00842
18	0.01396	0.01272	0.04512	0.08601	0.09605	0.03484	0.09974	0.09649	0.09650	0.05218	0.08395	0.03140	0.04570	0.00691	0.00577	0.00167	0.00596	0.00615	0.02384	0.15504
19	0.03162	0.26032	0.24433	0.01327	0.01901	0.04441	0.07628	0.06410	0.01353	0.02995	0.04158	0.03577	0.01077	0.00595	0.00505	0.00157	0.00694	0.00473	0.00319	0.08763
20	0.03511	0.05402	0.01384	0.01106	0.01385	0.07790	0.05176	0.18116	0.07056	0.04628	0.02051	0.13365	0.06060	0.11025	0.03085	0.00255	0.00608	0.03493	0.02630	0.01874
21	0.00896	0.00693	0.00799	0.00809	0.00971	0.00673	0.00609	0.07305	0.04347	0.01752	0.03945	0.24850	0.32377	0.04525	0.05184	0.00269	0.00450	0.08474	0.00525	0.00548
22	0.01549	0.06201	0.16280	0.03134	0.01908	0.04244	0.09049	0.21474	0.12284	0.02382	0.01476	0.04039	0.01152	0.00686	0.00600	0.00179	0.02933	0.00562	0.09041	0.00825
23	0.02660	0.04004	0.19091	0.05632	0.09263	0.09052	0.03421	0.03690	0.04397	0.07896	0.06407	0.01992	0.03214	0.05377	0.00724	0.00199	0.02092	0.01676	0.08470	0.00742
24	0.01223	0.00728	0.00909	0.00861	0.01052	0.00688	0.00646	0.06178	0.03546	0.16126	0.15716	0.29439	0.12240	0.04206	0.00765	0.00219	0.00391	0.03848	0.00589	0.00632
25	0.00939	0.03114	0.01107	0.01033	0.01177	0.00704	0.07848	0.01122	0.01198	0.03964	0.02789	0.36636	0.04818	0.09761	0.00970	0.00269	0.00492	0.21034	0.00492	0.00533
26	0.02040	0.04644	0.01639	0.01265	0.01661	0.11764	0.05345	0.26307	0.01936	0.23188	0.03485	0.04608	0.02675	0.00798	0.00598	0.00181	0.00644	0.05819	0.00546	0.00855
27	0.04147	0.06330	0.01538	0.03733	0.12746	0.04323	0.02156	0.05641	0.09746	0.08415	0.04880	0.10486	0.01911	0.00957	0.00710	0.00200	0.06216	0.12509	0.00456	0.02902
28	0.02795	0.15248	0.19822	0.01235	0.01765	0.04196	0.05977	0.05987	0.02484	0.06728	0.01206	0.01380	0.00939	0.00796	0.05528	0.00199	0.00709	0.00443	0.05077	0.17486
29	0.01279	0.03104	0.06374	0.01385	0.11660	0.08215	0.00984	0.05651	0.01252	0.03958	0.01475	0.06198	0.01410	0.13935	0.14906	0.00368	0.02859	0.02690	0.00358	0.11939

[dist]
# distance from previous block
# <min> <max>
1	10

[block]
# block no. 10 follows, 40 sequences, length 35
# corresponding to MSA columns:
# 643-659,661-678
name=unknown_K
#
# <colnr> <probs for GDERKNQSTAVLIFYWHMCP>
#	G	D	E	R	K	N	Q	S	T	A	V	L	I	F	Y	W	H	M	C	P
0	0.07530	0.05340	0.26752	0.01383	0.05548	0.04669	0.03125	0.08613	0.02934	0.04598	0.04390	0.01397	0.01049	0.00572	0.00516	0.00156	0.00655	0.00451	0.00355	0.19967
1	0.00763	0.00559	0.00719	0.00764	0.00863	0.00514	0.00550	0.00948	0.01366	0.01854	0.33291	0.36963	0.12552	0.01513	0.00716	0.00211	0.00315	0.04447	0.00581	0.00509
2	0.01555	0.79913	0.03047	0.00995	0.01493	0.02301	0.00995	0.01741	0.01182	0.01368	0.00808	0.00933	0.00746	0.00498	0.00373	0.00124	0.00622	0.00311	0.00249	0.00746
3	0.83671	0.01125	0.00855	0.00765	0.01125	0.01305	0.00630	0.01709	0.00990	0.02609	0.00810	0.00945	0.00630	0.00540	0.00360	0.00180	0.00450	0.00315	0.00360	0.00630
4	0.00740	0.00537	0.00670	0.00756	0.00817	0.00500	0.00511	0.00847	0.01135	0.01488	0.06565	0.50422	0.14317	0.13900	0.01081	0.00280	0.00371	0.04085	0.00515	0.00462
5	0.00709	0.00506	0.00675	0.00810	0.00843	0.00472	0.00540	0.00810	0.01113	0.01484	0.03205	0.79184	0.03846	0.01822	0.00742	0.00236	0.00337	0.01653	0.00540	0.00472
6	0.00846	0.00564	0.00634	0.00634	0.00634	0.00564	0.00352	0.00846	0.00846	0.01128	0.01832	0.03805	0.02114	0.79563	0.02960	0.00564	0.00564	0.00846	0.00352	0.00352
7	0.00832	0.00618	0.00908	0.00908	0.01003	0.00713	0.00694	0.01022	0.00927	0.01331	0.01582	0.02417	0.01511	0.10917	0.70782	0.00902	0.01471	0.00642	0.00315	0.00505
8	0.01272	0.01272	0.01781	0.01527	0.01527	0.01781	0.01272	0.01399	0.00891	0.01399	0.00763	0.01272	0.00763	0.01018	0.01908	0.00254	0.78499	0.00509	0.00254	0.00636
9	0.01448	0.01336	0.02173	0.18465	0.53821	0.01406	0.01681	0.09061	0.01435	0.01995	0.01112	0.01457	0.00898	0.00549	0.00577	0.00177	0.00703	0.00518	0.00312	0.00872
10	0.03455	0.10628	0.19433	0.10999	0.15724	0.01471	0.22470	0.01741	0.01258	0.01764	0.01119	0.03799	0.00912	0.00574	0.00604	0.00183	0.02243	0.00553	0.00281	0.00789
11	0.13150	0.01223	0.01279	0.01088	0.01459	0.04292	0.00867	0.07048	0.34429	0.23428	0.02118	0.01957	0.03627	0.00742	0.00557	0.00187	0.00498	0.00587	0.00582	0.00882
12	0.01226	0.01225	0.01642	0.01415	0.01489	0.05413	0.04237	0.01380	0.00992	0.01442	0.01192	0.06472	0.03486	0.01326	0.08460	0.00300	0.54332	0.00612	0.00294	0.03067
13	0.00831	0.00623	0.00935	0.00935	0.01038	0.00727	0.00727	0.01038	0.00935	0.01350	0.01558	0.02285	0.01454	0.04361	0.77259	0.00935	0.01558	0.00623	0.00312	0.00519
14	0.01395	0.01256	0.04279	0.01137	0.01456	0.02656	0.00928	0.11663	0.42735	0.02400	0.09145	0.02635	0.09370	0.00899	0.00658	0.00195	0.03251	0.02559	0.00557	0.00825
15	0.01368	0.01139	0.01346	0.01121	0.04606	0.05387	0.03396	0.05395	0.01327	0.06971	0.01520	0.05623	0.04854	0.02521	0.00656	0.00146	0.05650	0.00532	0.02755	0.43688
16	0.83671	0.01125	0.00855	0.00765	0.01125	0.01305	0.00630	0.01709	0.00990	0.02609	0.00810	0.00945	0.00630	0.00540	0.00360	0.00180	0.00450	0.00315	0.00360	0.00630
17	0.01591	0.01364	0.05729	0.12391	0.04450	0.03860	0.01090	0.29940	0.03593	0.04308	0.06483	0.04371	0.03549	0.02771	0.00633	0.00181	0.00599	0.00601	0.03566	0.08932
18	0.01490	0.01251	0.01318	0.01171	0.01503	0.01439	0.00915	0.08355	0.66689	0.02515	0.02276	0.02111	0.01705	0.00778	0.00584	0.00193	0.00467	0.00643	0.03684	0.00911
19	0.01206	0.01034	0.01206	0.00861	0.01378	0.00775	0.00689	0.01464	0.01206	0.01895	0.01034	0.01206	0.00861	0.00431	0.00431	0.00086	0.00431	0.00345	0.00345	0.83118
20	0.00709	0.00506	0.00675	0.00810	0.00843	0.00472	0.00540	0.00810	0.01113	0.01484	0.03205	0.79184	0.03846	0.01822	0.00742	0.00236	0.00337	0.01653	0.00540	0.00472
21	0.00915	0.00615	0.00807	0.00747	0.00901	0.00565	0.00565	0.01187	0.01647	0.06154	0.71841	0.04222	0.05278	0.01165	0.00681	0.00183	0.00286	0.01028	0.00644	0.00571
22	0.53598	0.01109	0.00945	0.00861	0.01174	0.03388	0.00684	0.01871	0.14600	0.02457	0.08814	0.05557	0.01502	0.00719	0.00460	0.00185	0.00445	0.00523	0.00438	0.00668
23	0.01010	0.00505	0.00758	0.00758	0.00758	0.00505	0.00505	0.00758	0.00758	0.01010	0.01010	0.01768	0.01010	0.02020	0.02273	0.83081	0.00505	0.00505	0.00253	0.00253
24	0.00771	0.00560	0.00714	0.00816	0.00880	0.00531	0.00557	0.03952	0.01199	0.01584	0.03325	0.70425	0.09017	0.01748	0.00731	0.00231	0.00347	0.01573	0.00542	0.00496
25	0.01278	0.01201	0.02024	0.24136	0.48272	0.01274	0.01610	0.01610	0.01245	0.01727	0.01205	0.04981	0.01060	0.03239	0.02539	0.00213	0.00716	0.00581	0.00293	0.00796
26	0.01425	0.01036	0.01232	0.00901	0.01400	0.00816	0.00724	0.01738	0.04436	0.13003	0.01279	0.01362	0.00987	0.00489	0.00461	0.00105	0.00441	0.00394	0.00411	0.67362
27	0.03058	0.00694	0.00944	0.00911	0.00977	0.00816	0.00677	0.01037	0.00901	0.01317	0.01508	0.02549	0.01527	0.25258	0.43168	0.02770	0.10428	0.00662	0.00316	0.00482
28	0.00937	0.00669	0.00937	0.01071	0.01205	0.00669	0.00937	0.01205	0.01339	0.01740	0.03079	0.06560	0.03347	0.01606	0.00803	0.00268	0.00535	0.72021	0.00535	0.00535
29	0.00769	0.00572	0.00719	0.00752	0.00869	0.00522	0.00553	0.00963	0.01394	0.01872	0.33761	0.27778	0.19156	0.01472	0.00712	0.00208	0.00317	0.06517	0.00581	0.00512
30	0.03784	0.01233	0.04326	0.01008	0.01506	0.01050	0.00845	0.14006	0.07868	0.05925	0.01267	0.01353	0.00979	0.00529	0.00481	0.00122	0.00490	0.00416	0.00421	0.52392
31	0.01320	0.25438	0.48320	0.01407	0.02105	0.01594	0.01694	0.01812	0.01237	0.04262	0.03532	0.01273	0.00925	0.00573	0.00532	0.00168	0.02293	0.00423	0.00276	0.00816
32	0.00799	0.00635	0.00787	0.03427	0.03411	0.00581	0.00592	0.01025	0.01475	0.01950	0.39076	0.04746	0.34774	0.01278	0.00683	0.00191	0.00321	0.03139	0.00570	0.00539
33	0.00719	0.00518	0.00677	0.00801	0.00845	0.00483	0.00541	0.00825	0.01123	0.01485	0.03295	0.70472	0.07519	0.04406	0.00816	0.00246	0.00349	0.03875	0.00533	0.00471
34	0.61266	0.08138	0.01220	0.00988	0.03591	0.10556	0.00780	0.01777	0.01092	0.02294	0.00828	0.00983	0.00668	0.00560	0.00443	0.00174	0.03317	0.00335	0.00337	0.00655

[dist]
# distance from previous block
