[name]
unknown

[dist]
# distance from previous block
# <min> <max>
0	46

[block]
# block no. 0 follows, 54 sequences, length 48
# corresponding to MSA columns:
# 54-101
name=unknown_A
#
# <colnr> <probs for GDERKNQSTAVLIFYWHMCP>
#	G	D	E	R	K	N	Q	S	T	A	V	L	I	F	Y	W	H	M	C	P
0	0.00879	0.04144	0.00832	0.00698	0.00891	0.04330	0.00556	0.01081	0.01206	0.05959	0.39793	0.04680	0.06391	0.00871	0.00517	0.00144	0.00327	0.12123	0.00440	0.14139
1	0.01208	0.72401	0.02257	0.00795	0.01185	0.01695	0.00774	0.01365	0.00951	0.01147	0.00700	0.00827	0.00640	0.00544	0.04086	0.00129	0.00526	0.00266	0.00211	0.08294
2	0.00711	0.00611	0.05551	0.00743	0.00873	0.00490	0.00597	0.00851	0.00951	0.02567	0.02256	0.46855	0.04374	0.01255	0.00634	0.04294	0.00348	0.16930	0.00398	0.08709
3	0.00916	0.02187	0.70041	0.01241	0.01873	0.01012	0.01566	0.01414	0.01015	0.01504	0.04822	0.01280	0.04492	0.00503	0.00454	0.00146	0.00638	0.00400	0.00229	0.04269
4	0.00603	0.00448	0.00611	0.00747	0.04043	0.00424	0.00483	0.00699	0.00911	0.01216	0.02569	0.72143	0.06616	0.01515	0.04359	0.00214	0.00330	0.01246	0.00420	0.00401
5	0.01142	0.01125	0.05060	0.09277	0.58806	0.01101	0.01329	0.05152	0.05381	0.01573	0.00977	0.01287	0.00816	0.04305	0.00557	0.00158	0.00555	0.00436	0.00257	0.00707
6	0.01133	0.01120	0.02010	0.09888	0.60848	0.01125	0.14015	0.01436	0.01068	0.01505	0.00893	0.01192	0.00731	0.00421	0.00482	0.00145	0.00604	0.00442	0.00232	0.00709
7	0.02115	0.00802	0.01094	0.00839	0.01204	0.00693	0.00693	0.02298	0.01350	0.80815	0.01860	0.01605	0.01167	0.00584	0.00474	0.00146	0.00401	0.00474	0.00584	0.00802
8	0.00693	0.00458	0.00517	0.00515	0.00526	0.00456	0.00296	0.00714	0.00734	0.01003	0.05761	0.03053	0.01841	0.75472	0.02213	0.00426	0.00434	0.00684	0.03903	0.00301
9	0.08702	0.01064	0.01471	0.01225	0.05762	0.01107	0.15831	0.18432	0.19525	0.16163	0.02959	0.03340	0.01097	0.00564	0.00480	0.00152	0.00495	0.00499	0.00420	0.00712
10	0.00976	0.08194	0.72293	0.01349	0.03562	0.01152	0.03148	0.01487	0.00997	0.01467	0.00835	0.00987	0.00603	0.00443	0.00440	0.00146	0.00682	0.00347	0.00201	0.00690
11	0.00646	0.00498	0.00718	0.00772	0.00827	0.00496	0.03825	0.00760	0.00925	0.01240	0.02408	0.65173	0.02828	0.01373	0.00658	0.00194	0.04804	0.11032	0.00416	0.00408
12	0.01100	0.01218	0.02481	0.01894	0.06465	0.01236	0.59843	0.01436	0.01037	0.01441	0.00887	0.01221	0.00699	0.00480	0.00739	0.00167	0.16283	0.00522	0.00232	0.00619
13	0.01166	0.01069	0.10934	0.01148	0.01489	0.00890	0.19182	0.06225	0.08016	0.14958	0.08091	0.03584	0.09304	0.00720	0.00548	0.00162	0.02007	0.09493	0.00394	0.00622
14	0.01211	0.01222	0.01754	0.04331	0.63434	0.11428	0.01330	0.01467	0.01105	0.01475	0.00970	0.01397	0.00854	0.00487	0.00473	0.00143	0.00591	0.05386	0.00247	0.00696
15	0.02221	0.00665	0.01010	0.01144	0.11253	0.00655	0.05725	0.01081	0.02271	0.02335	0.10028	0.06823	0.06058	0.01067	0.00596	0.00190	0.00435	0.45543	0.00405	0.00495
16	0.00684	0.00547	0.00709	0.00650	0.00816	0.00485	0.05940	0.00859	0.02348	0.04141	0.17539	0.12998	0.47510	0.01101	0.00559	0.00161	0.00289	0.01779	0.00444	0.00441
17	0.01077	0.28597	0.46395	0.01129	0.01675	0.02991	0.01332	0.02834	0.03230	0.01397	0.00897	0.01148	0.00730	0.00483	0.00412	0.00136	0.00613	0.04045	0.00225	0.00655
18	0.01291	0.01115	0.01130	0.00990	0.01271	0.04952	0.00776	0.13637	0.64688	0.02080	0.01749	0.01625	0.01308	0.00622	0.00476	0.00155	0.00417	0.00507	0.00468	0.00745
19	0.01260	0.01162	0.01483	0.08022	0.08150	0.09247	0.13908	0.05835	0.35099	0.05745	0.04115	0.01517	0.01168	0.00556	0.00487	0.00152	0.00532	0.00498	0.00379	0.00685
20	0.01169	0.01250	0.06055	0.10189	0.16828	0.03616	0.42874	0.01563	0.04403	0.05817	0.01007	0.01263	0.00758	0.00435	0.00514	0.00153	0.00692	0.00494	0.00262	0.00659
21	0.01156	0.01156	0.01900	0.06376	0.59286	0.05479	0.10623	0.01440	0.01099	0.01517	0.04722	0.01280	0.00909	0.00450	0.00480	0.00143	0.00591	0.00451	0.00247	0.00697
22	0.00640	0.00467	0.00580	0.00628	0.00725	0.00425	0.00466	0.00775	0.01053	0.02915	0.14902	0.35346	0.26012	0.01274	0.00586	0.00178	0.00281	0.11883	0.00452	0.00412
23	0.01160	0.01184	0.01792	0.17012	0.40915	0.08904	0.10121	0.01492	0.05344	0.01438	0.00911	0.01189	0.00739	0.00468	0.00536	0.00148	0.05312	0.00430	0.00242	0.00661
24	0.00767	0.00600	0.00696	0.05138	0.00928	0.04416	0.00551	0.03447	0.01078	0.04099	0.10064	0.38242	0.17849	0.01192	0.00570	0.00175	0.00338	0.08981	0.00429	0.00441
25	0.01619	0.00753	0.00946	0.00771	0.01060	0.00690	0.00620	0.10511	0.01343	0.47626	0.02307	0.09792	0.14207	0.00764	0.00493	0.00150	0.00367	0.00634	0.04666	0.00679
26	0.01237	0.69410	0.06743	0.00964	0.01389	0.03134	0.08882	0.01435	0.00983	0.01172	0.00698	0.00824	0.00616	0.00407	0.00339	0.00110	0.00551	0.00290	0.00206	0.00612
27	0.03447	0.00680	0.03581	0.04733	0.01068	0.02000	0.04884	0.01033	0.03674	0.04491	0.14224	0.20626	0.15376	0.01062	0.00562	0.00175	0.00375	0.17119	0.00418	0.00472
28	0.01145	0.01342	0.05306	0.02029	0.11082	0.05067	0.63756	0.01521	0.01115	0.01496	0.00932	0.01230	0.00710	0.00406	0.00536	0.00155	0.00768	0.00522	0.00237	0.00646
29	0.00612	0.00489	0.00516	0.00514	0.00665	0.00428	0.00391	0.00778	0.02658	0.01395	0.12880	0.04217	0.61604	0.01119	0.00544	0.00157	0.00247	0.04225	0.06145	0.00415
30	0.03187	0.26426	0.40191	0.01114	0.01629	0.09838	0.01257	0.05833	0.01096	0.01454	0.03411	0.00995	0.00737	0.00462	0.00404	0.00131	0.00622	0.00334	0.00233	0.00647
31	0.09982	0.05546	0.01533	0.01202	0.04548	0.04887	0.20886	0.09422	0.10582	0.06012	0.12588	0.01751	0.01448	0.00590	0.00480	0.00149	0.00511	0.03951	0.03314	0.00617
32	0.00721	0.00511	0.00687	0.00729	0.00778	0.00530	0.00525	0.00822	0.00932	0.05089	0.07453	0.56681	0.02748	0.05445	0.00789	0.00203	0.09247	0.05273	0.00417	0.00420
33	0.01192	0.01169	0.01735	0.10468	0.58727	0.07787	0.01327	0.03423	0.04162	0.01523	0.00965	0.01300	0.00813	0.00470	0.00470	0.00143	0.00579	0.02792	0.00254	0.00700
34	0.01038	0.00974	0.01348	0.45537	0.11565	0.06945	0.01123	0.07140	0.04649	0.01479	0.09286	0.03500	0.01153	0.00563	0.00495	0.00152	0.01716	0.00485	0.00285	0.00571
35	0.12707	0.01012	0.03631	0.01003	0.03031	0.02221	0.08179	0.19400	0.15172	0.05163	0.09098	0.06142	0.03492	0.00664	0.00472	0.00152	0.00439	0.02838	0.04553	0.00633
36	0.01027	0.00889	0.01442	0.01959	0.45719	0.00863	0.04160	0.01261	0.01096	0.05810	0.06102	0.06793	0.14635	0.00704	0.00510	0.00153	0.00464	0.05456	0.00327	0.00630
37	0.01109	0.01210	0.04895	0.06405	0.18565	0.01162	0.45424	0.01494	0.04259	0.02603	0.01021	0.01300	0.01994	0.00460	0.00589	0.00158	0.05941	0.00509	0.00250	0.00650
38	0.00997	0.00933	0.01377	0.20880	0.13676	0.01156	0.01064	0.05381	0.00940	0.01318	0.01126	0.01476	0.07184	0.02410	0.04810	0.00208	0.33791	0.00473	0.00248	0.00550
39	0.01754	0.00945	0.01094	0.00880	0.01193	0.05228	0.00711	0.16492	0.06857	0.44374	0.03240	0.01642	0.03130	0.02239	0.05902	0.00190	0.00492	0.00485	0.02426	0.00725
40	0.01139	0.03491	0.28033	0.06077	0.10594	0.04138	0.11963	0.06268	0.04896	0.05830	0.01035	0.01230	0.01606	0.00692	0.05714	0.00190	0.05751	0.00426	0.00268	0.00659
41	0.00589	0.00424	0.00563	0.00650	0.00690	0.00400	0.00442	0.00688	0.00937	0.01261	0.09933	0.68924	0.04661	0.02750	0.04492	0.00218	0.00318	0.01238	0.00434	0.00390
42	0.01141	0.00936	0.01007	0.00906	0.01158	0.01055	0.00709	0.04764	0.62498	0.04381	0.07263	0.02124	0.05932	0.00710	0.00494	0.00160	0.00364	0.03216	0.00481	0.00700
43	0.07689	0.12879	0.17592	0.01225	0.05799	0.05343	0.10647	0.04288	0.03768	0.10299	0.01205	0.01365	0.05240	0.00556	0.00551	0.00149	0.08576	0.01899	0.00296	0.00635
44	0.02651	0.02755	0.05336	0.16207	0.20082	0.05437	0.08558	0.06542	0.07898	0.05540	0.04547	0.05323	0.02021	0.00572	0.00531	0.00152	0.04407	0.00500	0.00307	0.00636
45	0.06685	0.02011	0.61106	0.01187	0.01760	0.01011	0.01451	0.01450	0.01030	0.05359	0.09514	0.01285	0.01038	0.00519	0.00478	0.00150	0.02644	0.00405	0.00259	0.00658
46	0.00621	0.00504	0.00555	0.00557	0.00695	0.00456	0.00412	0.00835	0.06327	0.01425	0.18331	0.15539	0.49745	0.01155	0.00558	0.00162	0.00250	0.00988	0.00456	0.00428
47	0.04450	0.02820	0.03871	0.02395	0.19888	0.02531	0.00960	0.28861	0.08632	0.03793	0.06360	0.02794	0.01242	0.00613	0.00475	0.00148	0.00481	0.05776	0.03218	0.00692

[dist]
# distance from previous block
# <min> <max>
0	9

[block]
# block no. 1 follows, 54 sequences, length 43
# corresponding to MSA columns:
# 111-124,126-154
name=unknown_B
#
# <colnr> <probs for GDERKNQSTAVLIFYWHMCP>
#	G	D	E	R	K	N	Q	S	T	A	V	L	I	F	Y	W	H	M	C	P
0	0.05850	0.04723	0.06157	0.02404	0.03541	0.13785	0.04493	0.22447	0.13283	0.14074	0.01237	0.01290	0.00911	0.00543	0.00453	0.00142	0.00545	0.01705	0.00393	0.02023
1	0.00629	0.00443	0.00609	0.00682	0.00728	0.00419	0.01744	0.00724	0.00912	0.02815	0.04372	0.69564	0.02913	0.05252	0.04386	0.00227	0.00340	0.02420	0.00424	0.00395
2	0.04564	0.07911	0.02566	0.00858	0.04690	0.03059	0.00671	0.05853	0.02885	0.06563	0.06130	0.02455	0.01015	0.00457	0.00387	0.00099	0.00397	0.00364	0.00322	0.48754
3	0.05376	0.23874	0.20138	0.05091	0.04666	0.03872	0.01021	0.05977	0.03812	0.06318	0.02003	0.01113	0.00782	0.00467	0.00397	0.00125	0.00526	0.01678	0.00276	0.12489
4	0.09735	0.23262	0.23599	0.01100	0.02856	0.21236	0.01080	0.08146	0.02367	0.01504	0.00790	0.00901	0.00626	0.00457	0.00392	0.00129	0.00630	0.00314	0.00248	0.00628
5	0.01197	0.00949	0.01011	0.00897	0.01149	0.03152	0.00699	0.04621	0.55625	0.08311	0.13725	0.02017	0.03190	0.00687	0.00490	0.00155	0.00368	0.00575	0.00487	0.00696
6	0.01151	0.01162	0.01581	0.33418	0.32733	0.12378	0.01262	0.03589	0.01082	0.01389	0.00846	0.01147	0.00679	0.00458	0.00477	0.00143	0.01993	0.00398	0.00233	0.03882
7	0.00818	0.00625	0.00756	0.00762	0.00912	0.00641	0.00608	0.01276	0.19716	0.02885	0.20126	0.10604	0.12194	0.01060	0.00571	0.00178	0.00334	0.24959	0.00467	0.00508
8	0.00675	0.00499	0.00727	0.00727	0.00800	0.00573	0.00551	0.00822	0.00749	0.01072	0.01291	0.02009	0.01247	0.13707	0.71483	0.00719	0.01160	0.00528	0.00257	0.00404
9	0.01058	0.02028	0.58152	0.03708	0.01907	0.03311	0.05484	0.04590	0.01075	0.06641	0.01052	0.06991	0.00832	0.00535	0.00467	0.00152	0.00647	0.00443	0.00256	0.00673
10	0.31682	0.01146	0.01142	0.00907	0.01253	0.01274	0.00748	0.47048	0.01667	0.07357	0.01009	0.01032	0.00721	0.00522	0.00409	0.00143	0.00458	0.00368	0.00415	0.00700
11	0.00670	0.00481	0.00613	0.00587	0.00702	0.00439	0.00438	0.00869	0.01274	0.02977	0.64463	0.09024	0.13658	0.01021	0.00558	0.00153	0.00231	0.00898	0.00504	0.00440
12	0.82538	0.00906	0.00713	0.00631	0.00926	0.01040	0.00520	0.01431	0.00830	0.06041	0.00717	0.00808	0.00543	0.00445	0.00301	0.00146	0.00367	0.00266	0.00306	0.00525
13	0.00890	0.00838	0.01414	0.82296	0.03247	0.01048	0.01309	0.01205	0.00943	0.01205	0.00838	0.01257	0.00629	0.00471	0.00471	0.00157	0.00629	0.00419	0.00210	0.00524
14	0.00763	0.00531	0.00728	0.00828	0.00935	0.00530	0.00716	0.00977	0.01072	0.01432	0.02425	0.07422	0.02609	0.01249	0.00625	0.00208	0.00413	0.68994	0.07111	0.00433
15	0.00685	0.00459	0.00523	0.00523	0.00526	0.00462	0.00297	0.00691	0.00688	0.00921	0.01477	0.03040	0.01694	0.80468	0.05335	0.00468	0.00487	0.00679	0.00284	0.00291
16	0.00607	0.00456	0.00564	0.00596	0.00688	0.00413	0.00430	0.00750	0.01097	0.01457	0.29018	0.33917	0.23410	0.01228	0.00577	0.00170	0.00253	0.03499	0.00465	0.00409
17	0.00639	0.00481	0.00678	0.00775	0.03145	0.00470	0.02262	0.00747	0.00920	0.01244	0.03941	0.65601	0.02822	0.03577	0.02092	0.00206	0.02650	0.05438	0.01905	0.00406
18	0.01277	0.04874	0.03665	0.02574	0.03141	0.04192	0.22591	0.09657	0.34348	0.05651	0.01392	0.01429	0.01038	0.00536	0.00500	0.00153	0.01407	0.00495	0.00377	0.00703
19	0.01304	0.30029	0.09610	0.00946	0.02529	0.06961	0.00867	0.13913	0.04200	0.04030	0.00888	0.00970	0.00709	0.00442	0.00378	0.00111	0.00506	0.00320	0.00289	0.20998
20	0.00970	0.00779	0.01074	0.04351	0.21158	0.02546	0.00801	0.03377	0.03121	0.06815	0.17336	0.09881	0.13617	0.00822	0.00533	0.00153	0.01670	0.05767	0.00389	0.04839
21	0.06157	0.15998	0.13336	0.01081	0.05944	0.02354	0.04399	0.06487	0.05736	0.08438	0.00963	0.01064	0.00745	0.00462	0.00456	0.00124	0.04587	0.00352	0.00296	0.21022
22	0.05334	0.16715	0.24057	0.01035	0.01447	0.05057	0.03698	0.07222	0.14853	0.03565	0.05957	0.02651	0.03482	0.00573	0.00441	0.00143	0.00525	0.02280	0.00321	0.00645
23	0.00669	0.00510	0.00582	0.00572	0.00715	0.00457	0.00434	0.03263	0.01175	0.02993	0.25193	0.10468	0.44759	0.01128	0.00561	0.00161	0.00260	0.05204	0.00464	0.00432
24	0.01064	0.01026	0.01442	0.10826	0.23712	0.06701	0.06051	0.03738	0.07370	0.01480	0.06503	0.07022	0.04234	0.00672	0.00658	0.00160	0.13062	0.02451	0.01229	0.00598
25	0.03174	0.07867	0.24937	0.05418	0.08701	0.11565	0.08808	0.10166	0.08199	0.02739	0.01019	0.03511	0.00803	0.00505	0.00454	0.00144	0.00624	0.00419	0.00282	0.00664
26	0.06382	0.16185	0.05284	0.03799	0.02945	0.20153	0.15720	0.01488	0.03673	0.01352	0.03581	0.01284	0.02081	0.00629	0.02984	0.00162	0.08892	0.02579	0.00257	0.00572
27	0.00590	0.00426	0.00562	0.00662	0.00704	0.00397	0.00458	0.00688	0.00937	0.01241	0.04759	0.71228	0.06973	0.01436	0.00602	0.00191	0.00283	0.07035	0.00440	0.00389
28	0.01159	0.14459	0.08995	0.01638	0.24154	0.05244	0.12054	0.03614	0.02968	0.05336	0.02930	0.11800	0.01127	0.00593	0.00486	0.00145	0.01833	0.00534	0.00289	0.00640
29	0.01238	0.02734	0.21065	0.01442	0.18577	0.10672	0.01121	0.06682	0.10677	0.07990	0.01343	0.04643	0.04364	0.00566	0.00460	0.00144	0.00548	0.00467	0.04597	0.00671
30	0.01093	0.01110	0.04117	0.26808	0.46318	0.03564	0.04343	0.01430	0.03954	0.01440	0.00907	0.01205	0.00727	0.00446	0.00470	0.00146	0.00596	0.00423	0.00235	0.00667
31	0.01014	0.00969	0.01640	0.01291	0.02794	0.00975	0.31303	0.09825	0.07106	0.01633	0.05938	0.03570	0.17563	0.00796	0.02755	0.00178	0.05636	0.04084	0.00348	0.00579
32	0.01292	0.09923	0.15379	0.03775	0.29780	0.05243	0.04397	0.09386	0.01184	0.09366	0.01000	0.01221	0.00790	0.04598	0.00546	0.00154	0.00579	0.00409	0.00286	0.00691
33	0.06648	0.01165	0.09349	0.01369	0.18632	0.06430	0.02325	0.06423	0.19527	0.04410	0.04853	0.07722	0.06614	0.00661	0.00479	0.00152	0.00475	0.01755	0.00363	0.00648
34	0.01417	0.00684	0.00877	0.00774	0.02741	0.00654	0.00589	0.06245	0.03142	0.35601	0.04852	0.07966	0.01463	0.05691	0.07916	0.00216	0.00439	0.00560	0.17555	0.00617
35	0.01190	0.30083	0.28697	0.03742	0.01711	0.06621	0.09820	0.03550	0.04047	0.04038	0.01891	0.01028	0.00721	0.00452	0.00413	0.00132	0.00616	0.00357	0.00242	0.00648
36	0.04495	0.14930	0.45074	0.01433	0.12905	0.02454	0.03775	0.02816	0.02985	0.01507	0.02907	0.01066	0.00744	0.00456	0.00428	0.00140	0.00616	0.00364	0.00230	0.00674
37	0.01131	0.01067	0.04714	0.09692	0.55101	0.01022	0.03890	0.01412	0.01086	0.05921	0.04305	0.01530	0.03904	0.00509	0.00482	0.00146	0.00542	0.02582	0.00274	0.00690
38	0.03855	0.00508	0.00517	0.00508	0.00670	0.00448	0.00383	0.00774	0.03130	0.01389	0.12569	0.04215	0.67161	0.01127	0.00545	0.00158	0.00245	0.00940	0.00442	0.00416
39	0.03509	0.05180	0.06902	0.02277	0.54216	0.01127	0.03872	0.01548	0.09113	0.02819	0.04169	0.01290	0.00948	0.00468	0.00461	0.00142	0.00534	0.00437	0.00274	0.00715
40	0.01145	0.02148	0.23179	0.01234	0.04227	0.02334	0.11414	0.14444	0.17044	0.03128	0.04221	0.06110	0.04890	0.00624	0.00493	0.00154	0.00541	0.01647	0.00353	0.00672
41	0.00634	0.00535	0.04997	0.00650	0.00734	0.00435	0.00486	0.00760	0.00932	0.01291	0.05082	0.57953	0.08093	0.05374	0.00650	0.00190	0.00296	0.01118	0.09382	0.00405
42	0.00998	0.03518	0.63276	0.01282	0.01887	0.02565	0.04124	0.03318	0.07953	0.01574	0.04411	0.01179	0.00848	0.00488	0.00457	0.00149	0.00647	0.00393	0.00246	0.00686

[dist]
# distance from previous block
# <min> <max>
0	25

[block]
# block no. 2 follows, 54 sequences, length 24
# corresponding to MSA columns:
# 180-203
name=unknown_C
#
# <colnr> <probs for GDERKNQSTAVLIFYWHMCP>
#	G	D	E	R	K	N	Q	S	T	A	V	L	I	F	Y	W	H	M	C	P
0	0.13948	0.01415	0.08762	0.01498	0.16407	0.15792	0.12147	0.09910	0.05926	0.05418	0.03681	0.01182	0.00862	0.00489	0.00449	0.00143	0.00596	0.00412	0.00308	0.00653
1	0.01474	0.01630	0.06153	0.04347	0.20710	0.30707	0.01104	0.16546	0.03902	0.01645	0.00886	0.01046	0.00707	0.00512	0.00531	0.00140	0.06642	0.00377	0.00286	0.00657
2	0.01132	0.01089	0.01857	0.02737	0.74060	0.01082	0.03374	0.01406	0.01075	0.01525	0.01104	0.01356	0.05152	0.00462	0.00474	0.00142	0.00548	0.00455	0.00245	0.00725
3	0.03865	0.03286	0.11022	0.01347	0.09263	0.02130	0.12481	0.19006	0.17463	0.05764	0.04213	0.03055	0.01072	0.00563	0.00514	0.00151	0.03258	0.00483	0.00366	0.00700
4	0.00700	0.00517	0.00698	0.00696	0.00767	0.00573	0.00508	0.00890	0.05380	0.01131	0.03937	0.06718	0.01543	0.23707	0.49417	0.00595	0.00916	0.00610	0.00293	0.00404
5	0.00677	0.00434	0.00584	0.00662	0.00709	0.00404	0.00450	0.00753	0.00925	0.05614	0.05113	0.71102	0.02921	0.01420	0.00666	0.05224	0.00287	0.01221	0.00435	0.00398
6	0.00960	0.07147	0.59441	0.01336	0.01938	0.01101	0.11785	0.01430	0.01015	0.01465	0.02644	0.03926	0.02721	0.00502	0.00463	0.00149	0.00663	0.00430	0.00225	0.00660
7	0.05790	0.00963	0.01464	0.36633	0.24718	0.02813	0.03106	0.04100	0.05644	0.01491	0.01036	0.01482	0.00854	0.00520	0.00469	0.00153	0.00562	0.05132	0.02467	0.00605
8	0.01671	0.03026	0.01385	0.01188	0.05788	0.24477	0.00901	0.43807	0.06437	0.02234	0.01054	0.01105	0.00791	0.00536	0.00451	0.00135	0.00597	0.00393	0.03319	0.00706
9	0.00611	0.00448	0.00612	0.00676	0.00735	0.00418	0.01850	0.00733	0.00999	0.01345	0.16322	0.60441	0.05767	0.01348	0.00594	0.00184	0.00282	0.05784	0.00448	0.00402
10	0.01137	0.01087	0.01862	0.05776	0.72084	0.01093	0.03233	0.01418	0.01070	0.01521	0.00961	0.01363	0.00832	0.00462	0.00478	0.00145	0.00562	0.03954	0.00242	0.00721
11	0.01100	0.30881	0.45636	0.01182	0.01750	0.01386	0.05886	0.04569	0.01038	0.01419	0.00797	0.00933	0.00615	0.00434	0.00404	0.00133	0.00628	0.00330	0.00213	0.00665
12	0.01768	0.01155	0.01483	0.01121	0.01501	0.01197	0.10939	0.46557	0.01812	0.23462	0.01313	0.01291	0.00898	0.00548	0.00480	0.00144	0.00516	0.00455	0.02588	0.00771
13	0.00980	0.02233	0.68979	0.01463	0.09174	0.01102	0.01656	0.01549	0.05695	0.01526	0.00914	0.01057	0.00661	0.00457	0.00452	0.00149	0.00665	0.00366	0.00219	0.00704
14	0.01511	0.31091	0.08925	0.01113	0.04188	0.35166	0.00954	0.04783	0.01198	0.05915	0.00801	0.00897	0.00651	0.00460	0.00390	0.00120	0.00664	0.00308	0.00253	0.00613
15	0.06599	0.01899	0.02642	0.01128	0.01417	0.54615	0.00880	0.16794	0.01459	0.04107	0.00845	0.00931	0.00660	0.00496	0.00426	0.00126	0.00724	0.00330	0.00301	0.03622
16	0.00568	0.00436	0.00520	0.00588	0.00666	0.00389	0.00407	0.00664	0.00969	0.01231	0.03438	0.52836	0.32863	0.01368	0.00585	0.00179	0.00260	0.01207	0.00438	0.00389
17	0.00890	0.00838	0.01414	0.82296	0.03247	0.01048	0.01309	0.01205	0.00943	0.01205	0.00838	0.01257	0.00629	0.00471	0.00471	0.00157	0.00629	0.00419	0.00210	0.00524
18	0.00946	0.02439	0.80987	0.01344	0.02041	0.01095	0.01742	0.01493	0.00995	0.01493	0.00846	0.00995	0.00597	0.00448	0.00448	0.00149	0.00697	0.00348	0.00199	0.00697
19	0.00685	0.00489	0.00673	0.00782	0.00858	0.00478	0.00629	0.00847	0.01011	0.01327	0.02538	0.36893	0.02878	0.01373	0.00631	0.00207	0.00369	0.46482	0.00436	0.00413
20	0.00686	0.00509	0.00627	0.00606	0.00725	0.00474	0.00450	0.04400	0.01264	0.01729	0.51696	0.15968	0.16973	0.01065	0.00560	0.00157	0.00247	0.00933	0.00490	0.00444
21	0.01149	0.03612	0.01853	0.01435	0.04490	0.00979	0.37448	0.06909	0.02145	0.08843	0.02528	0.07678	0.01315	0.01673	0.00560	0.00166	0.00589	0.11748	0.04275	0.00604
22	0.01341	0.01144	0.02076	0.01559	0.04105	0.01110	0.43357	0.13414	0.01304	0.13611	0.04282	0.01365	0.00943	0.00488	0.00557	0.00151	0.03730	0.00514	0.00338	0.04611
23	0.00998	0.00947	0.01595	0.44321	0.36887	0.01053	0.01331	0.01289	0.01005	0.01354	0.01018	0.01349	0.03880	0.00478	0.00473	0.00150	0.00583	0.00443	0.00229	0.00616

[dist]
# distance from previous block
# <min> <max>
2	572

# created by:
# /home/cegg/simao/soft/augustus-3.2.1/scripts/msa2prfl.pl ./align_prep/EOG091G0X1V.fa
