[name]
unknown

[dist]
# distance from previous block
# <min> <max>
0	177

[block]
# block no. 0 follows, 49 sequences, length 20
# corresponding to MSA columns:
# 180-199
name=unknown_A
#
# <colnr> <probs for GDERKNQSTAVLIFYWHMCP>
#	G	D	E	R	K	N	Q	S	T	A	V	L	I	F	Y	W	H	M	C	P
0	0.13806	0.00988	0.01448	0.21047	0.26612	0.01041	0.01132	0.01515	0.01090	0.10251	0.01113	0.01515	0.00904	0.00546	0.00500	0.00156	0.02250	0.05050	0.00312	0.08724
1	0.02652	0.12060	0.13993	0.03939	0.01460	0.10737	0.03599	0.09381	0.03747	0.01579	0.01325	0.18076	0.01290	0.00803	0.00593	0.05171	0.01641	0.00601	0.00325	0.07029
2	0.06065	0.00928	0.00886	0.00871	0.03566	0.10881	0.00629	0.06039	0.11600	0.03231	0.13404	0.15412	0.12366	0.02635	0.00566	0.00168	0.00407	0.00761	0.09025	0.00558
3	0.01337	0.01279	0.11428	0.06112	0.03315	0.01165	0.10354	0.23510	0.07333	0.06675	0.10809	0.03282	0.03458	0.02585	0.00641	0.00172	0.04865	0.00570	0.00408	0.00704
4	0.00620	0.00445	0.00583	0.00691	0.00725	0.00414	0.00460	0.00706	0.00967	0.01283	0.02837	0.75984	0.06302	0.04489	0.00713	0.00214	0.00299	0.01397	0.00464	0.00408
5	0.01106	0.00933	0.01079	0.00776	0.01223	0.00733	0.00623	0.06269	0.01136	0.01749	0.00919	0.01059	0.00756	0.00390	0.00383	0.00080	0.00386	0.00310	0.00313	0.79777
6	0.00810	0.00608	0.00787	0.00789	0.00909	0.00599	0.02567	0.06643	0.01172	0.03173	0.08221	0.40271	0.17225	0.01316	0.00663	0.00193	0.03457	0.09649	0.00466	0.00481
7	0.01853	0.01322	0.01376	0.01089	0.01455	0.07289	0.00886	0.49081	0.08069	0.15321	0.05948	0.01478	0.01192	0.00635	0.00509	0.00153	0.00532	0.00490	0.00511	0.00812
8	0.00990	0.00935	0.01580	0.71746	0.12474	0.01133	0.01422	0.01323	0.01028	0.01335	0.00905	0.01337	0.00689	0.00499	0.00505	0.00166	0.00665	0.00450	0.00228	0.00590
9	0.00650	0.00514	0.00585	0.00567	0.00715	0.00449	0.00425	0.00827	0.01276	0.01660	0.37817	0.04383	0.45992	0.01171	0.00597	0.00166	0.00248	0.00999	0.00508	0.00449
10	0.01158	0.01139	0.01780	0.37382	0.41145	0.05823	0.01453	0.01465	0.01106	0.01469	0.00918	0.01274	0.00736	0.00479	0.00500	0.00157	0.00651	0.00443	0.00240	0.00683
11	0.01093	0.00874	0.01029	0.01047	0.05961	0.00954	0.00752	0.01956	0.43241	0.04859	0.09746	0.17179	0.02233	0.00919	0.00558	0.00179	0.00382	0.05868	0.00495	0.00676
12	0.00606	0.00507	0.00528	0.00534	0.00691	0.00429	0.00396	0.00738	0.01156	0.01401	0.09527	0.10622	0.68553	0.01288	0.00601	0.00173	0.00258	0.01086	0.00475	0.00429
13	0.00815	0.00582	0.00815	0.00931	0.01048	0.00582	0.00815	0.01048	0.01164	0.01513	0.02677	0.05704	0.02910	0.01397	0.00698	0.00233	0.00466	0.75671	0.00466	0.00466
14	0.01238	0.01187	0.02028	0.06702	0.75583	0.01198	0.01545	0.01540	0.01145	0.01635	0.00949	0.01256	0.00795	0.00453	0.00501	0.00151	0.00604	0.00450	0.00249	0.00790
15	0.01750	0.01313	0.01416	0.01128	0.01496	0.01459	0.00927	0.61032	0.14086	0.02916	0.01436	0.01597	0.01094	0.00668	0.00519	0.00160	0.00527	0.05144	0.00505	0.00826
16	0.01812	0.06404	0.01533	0.01117	0.01508	0.01544	0.00928	0.65110	0.07990	0.02949	0.01257	0.01257	0.00910	0.00602	0.00491	0.00150	0.00536	0.00453	0.02618	0.00833
17	0.01137	0.00924	0.01172	0.00865	0.01283	0.00752	0.05383	0.05805	0.01170	0.05332	0.04060	0.03192	0.01045	0.00480	0.00425	0.00099	0.00413	0.02156	0.00342	0.63967
18	0.01367	0.37961	0.22850	0.01152	0.01625	0.15929	0.03151	0.05121	0.01171	0.01412	0.00814	0.00956	0.00671	0.00535	0.01813	0.00144	0.02086	0.00333	0.00239	0.00669
19	0.01046	0.00669	0.00816	0.00738	0.00934	0.00646	0.00572	0.02644	0.12692	0.14328	0.38411	0.06312	0.14037	0.00977	0.00574	0.00166	0.00309	0.03005	0.00542	0.00582

[dist]
# distance from previous block
# <min> <max>
0	3

[block]
# block no. 1 follows, 49 sequences, length 29
# corresponding to MSA columns:
# 203-231
name=unknown_B
#
# <colnr> <probs for GDERKNQSTAVLIFYWHMCP>
#	G	D	E	R	K	N	Q	S	T	A	V	L	I	F	Y	W	H	M	C	P
0	0.01621	0.01417	0.01420	0.01163	0.01476	0.20494	0.07795	0.24071	0.08269	0.10397	0.07332	0.04176	0.03310	0.00666	0.00538	0.00154	0.02308	0.00535	0.02155	0.00702
1	0.00633	0.00512	0.00550	0.00542	0.00688	0.00442	0.00398	0.00775	0.01180	0.01477	0.20534	0.04516	0.57208	0.07420	0.00749	0.00193	0.00270	0.01009	0.00476	0.00428
2	0.23221	0.01431	0.01336	0.01093	0.01436	0.17362	0.06650	0.26651	0.07053	0.02250	0.01194	0.01257	0.03968	0.00569	0.00455	0.00151	0.00582	0.00423	0.00382	0.02538
3	0.01168	0.01276	0.02119	0.04151	0.02043	0.09729	0.42780	0.01529	0.03845	0.01586	0.06648	0.01726	0.07022	0.00561	0.00579	0.00157	0.02725	0.00584	0.00305	0.09467
4	0.01120	0.32780	0.44369	0.01161	0.01741	0.01435	0.01381	0.01519	0.01080	0.01478	0.06788	0.01178	0.00960	0.00505	0.00430	0.00140	0.00630	0.00376	0.00241	0.00689
5	0.05739	0.00981	0.01156	0.00909	0.01258	0.00969	0.00742	0.25566	0.01667	0.35151	0.09210	0.01825	0.04592	0.00667	0.00499	0.00151	0.00433	0.00533	0.03458	0.04496
6	0.00796	0.00585	0.00722	0.00753	0.00851	0.00583	0.00537	0.09149	0.04087	0.01621	0.12204	0.55337	0.06173	0.01414	0.02478	0.00205	0.00342	0.01197	0.00481	0.00484
7	0.00915	0.00632	0.00880	0.06899	0.01059	0.00668	0.03695	0.01087	0.04056	0.07582	0.04584	0.06028	0.01681	0.37297	0.19011	0.00453	0.02006	0.00673	0.00340	0.00454
8	0.00689	0.00505	0.00682	0.00816	0.03968	0.00482	0.00538	0.02319	0.01031	0.01384	0.06491	0.65879	0.03186	0.04250	0.00704	0.00211	0.00325	0.05642	0.00460	0.00439
9	0.00926	0.00703	0.00834	0.00784	0.00979	0.00700	0.00618	0.01418	0.20033	0.04024	0.24971	0.03447	0.13490	0.01015	0.00631	0.03652	0.00345	0.13907	0.00487	0.07037
10	0.08350	0.01003	0.01087	0.00927	0.01237	0.03113	0.00737	0.04691	0.37371	0.26466	0.01838	0.01703	0.01308	0.00635	0.00482	0.00160	0.00414	0.00510	0.07200	0.00769
11	0.01133	0.01067	0.01780	0.21246	0.52301	0.01125	0.01406	0.01468	0.04002	0.01557	0.01121	0.07467	0.00993	0.00559	0.00513	0.00160	0.00587	0.00530	0.00271	0.00715
12	0.01953	0.00878	0.01115	0.00876	0.01212	0.00821	0.00708	0.13530	0.01510	0.53929	0.05208	0.01866	0.01395	0.06880	0.00661	0.00179	0.00434	0.00534	0.05532	0.00778
13	0.01443	0.01070	0.01327	0.01174	0.04593	0.01160	0.06667	0.02517	0.54710	0.16584	0.01922	0.01790	0.01399	0.00645	0.00519	0.00168	0.00449	0.00557	0.00505	0.00803
14	0.01014	0.02616	0.79609	0.01441	0.02189	0.01174	0.01868	0.01601	0.01068	0.01601	0.00907	0.01068	0.00641	0.00480	0.00480	0.00160	0.00747	0.00374	0.00214	0.00747
15	0.03081	0.00500	0.00671	0.00761	0.00824	0.00482	0.01577	0.00816	0.01012	0.01376	0.04589	0.58412	0.03127	0.04255	0.00711	0.00218	0.00344	0.16358	0.00458	0.00427
16	0.00735	0.00490	0.00552	0.00552	0.00552	0.00490	0.00306	0.00735	0.00735	0.00980	0.01593	0.03309	0.01838	0.82229	0.02574	0.00490	0.00490	0.00735	0.00306	0.00306
17	0.00670	0.00512	0.00614	0.00595	0.00729	0.00457	0.00444	0.00863	0.01314	0.01764	0.49678	0.07232	0.31005	0.01143	0.00599	0.00165	0.00247	0.00989	0.00522	0.00457
18	0.01188	0.01347	0.08336	0.06833	0.14715	0.03232	0.38448	0.01570	0.02763	0.03779	0.03505	0.01466	0.02703	0.00528	0.00645	0.00169	0.07269	0.00545	0.00277	0.00681
19	0.00963	0.04383	0.01109	0.01036	0.05246	0.03883	0.00767	0.01126	0.02573	0.03257	0.01282	0.05219	0.01252	0.10049	0.31827	0.03660	0.17653	0.02965	0.01252	0.00500
20	0.00642	0.00461	0.00606	0.00710	0.00755	0.00433	0.00493	0.00745	0.00996	0.01320	0.04468	0.66236	0.06641	0.04708	0.00723	0.00217	0.00315	0.08652	0.00465	0.00414
21	0.02013	0.00900	0.01159	0.00910	0.01268	0.00837	0.00744	0.10543	0.06101	0.58626	0.09701	0.01884	0.01583	0.00669	0.00517	0.00157	0.00423	0.00548	0.00599	0.00818
22	0.03861	0.01241	0.10430	0.04824	0.22179	0.01125	0.13135	0.02529	0.18770	0.01734	0.03396	0.09495	0.01311	0.00655	0.00552	0.00168	0.02070	0.01478	0.00343	0.00704
23	0.02796	0.03917	0.31743	0.06410	0.01749	0.03635	0.05718	0.05362	0.01125	0.06075	0.03257	0.03707	0.02980	0.01238	0.16832	0.00293	0.00794	0.00493	0.01232	0.00644
24	0.04634	0.01063	0.01244	0.00973	0.01340	0.01077	0.00798	0.32508	0.04161	0.36401	0.06434	0.01726	0.03961	0.00662	0.00510	0.00156	0.00461	0.00525	0.00554	0.00810
25	0.00767	0.00612	0.00879	0.02867	0.00974	0.00730	0.00668	0.00912	0.00832	0.01187	0.01497	0.15053	0.01549	0.09083	0.47700	0.00586	0.12669	0.00687	0.00298	0.00451
26	0.03366	0.01416	0.13175	0.09127	0.41286	0.05940	0.07120	0.01585	0.03627	0.03164	0.01070	0.04917	0.00898	0.00525	0.00505	0.00157	0.00637	0.00488	0.00271	0.00728
27	0.02872	0.01248	0.04070	0.06903	0.13028	0.09951	0.07081	0.07702	0.04104	0.06229	0.05260	0.04148	0.03182	0.00704	0.00788	0.00174	0.19437	0.02138	0.00330	0.00649
28	0.32667	0.05306	0.05711	0.00928	0.01287	0.04687	0.00803	0.25546	0.06122	0.05421	0.03035	0.01180	0.00886	0.00552	0.00419	0.00151	0.00486	0.00390	0.03736	0.00687

[dist]
# distance from previous block
# <min> <max>
0	50

[block]
# block no. 2 follows, 49 sequences, length 15
# corresponding to MSA columns:
# 282-296
name=unknown_C
#
# <colnr> <probs for GDERKNQSTAVLIFYWHMCP>
#	G	D	E	R	K	N	Q	S	T	A	V	L	I	F	Y	W	H	M	C	P
0	0.09851	0.05181	0.04002	0.03199	0.34487	0.01248	0.01158	0.11145	0.12072	0.07681	0.01170	0.01295	0.00902	0.00526	0.00497	0.00153	0.02165	0.00440	0.00350	0.02478
1	0.01399	0.05470	0.05717	0.03184	0.25820	0.22706	0.05171	0.07908	0.01290	0.01581	0.01126	0.01478	0.03223	0.00687	0.03174	0.00175	0.04791	0.04137	0.00287	0.00675
2	0.01448	0.01333	0.12102	0.01365	0.10956	0.06322	0.04672	0.09617	0.16974	0.16384	0.02835	0.07564	0.01284	0.02285	0.00584	0.00170	0.02384	0.00562	0.00418	0.00741
3	0.00632	0.00457	0.00597	0.00681	0.00734	0.00423	0.00465	0.00747	0.01057	0.01418	0.15578	0.64186	0.08205	0.01474	0.00634	0.00196	0.00282	0.01328	0.00484	0.00423
4	0.01372	0.22540	0.16476	0.01181	0.05047	0.07036	0.01075	0.10471	0.22641	0.03947	0.01307	0.01328	0.02339	0.00559	0.00455	0.00146	0.00564	0.00427	0.00352	0.00738
5	0.00722	0.00542	0.00813	0.00813	0.00903	0.00632	0.00632	0.00903	0.00813	0.01174	0.01354	0.01987	0.01264	0.03792	0.80225	0.00813	0.01354	0.00542	0.00271	0.00451
6	0.03829	0.05478	0.03741	0.01887	0.31192	0.08599	0.03662	0.19295	0.06486	0.04461	0.01081	0.01221	0.00841	0.00510	0.00480	0.00145	0.00591	0.00430	0.00342	0.05732
7	0.03285	0.42409	0.02082	0.01050	0.01339	0.01663	0.03730	0.03883	0.01027	0.07046	0.00882	0.03630	0.00794	0.00624	0.00758	0.00153	0.24347	0.00394	0.00269	0.00634
8	0.00624	0.00455	0.00582	0.00672	0.00722	0.00419	0.00454	0.00723	0.01008	0.01332	0.07524	0.65494	0.12065	0.04495	0.00708	0.00209	0.00293	0.01338	0.00469	0.00413
9	0.02064	0.01025	0.01266	0.00981	0.01359	0.01008	0.00808	0.27037	0.01716	0.49740	0.01700	0.01570	0.01123	0.00805	0.05181	0.00193	0.00526	0.00493	0.00566	0.00836
10	0.01305	0.09828	0.29687	0.01675	0.13851	0.10809	0.10567	0.09079	0.01249	0.01663	0.00910	0.01104	0.00706	0.00503	0.00544	0.00154	0.04979	0.00408	0.00259	0.00720
11	0.00920	0.00645	0.00786	0.00738	0.00904	0.00653	0.00562	0.01350	0.15833	0.07527	0.32263	0.09490	0.11425	0.01334	0.10332	0.00245	0.00427	0.00819	0.03193	0.00553
12	0.01009	0.00608	0.00762	0.00682	0.00870	0.00557	0.00526	0.01280	0.05266	0.16194	0.47548	0.03497	0.17236	0.00985	0.00576	0.00161	0.00285	0.00850	0.00552	0.00555
13	0.01283	0.01860	0.24720	0.01657	0.02146	0.15407	0.32510	0.01669	0.01173	0.04034	0.00966	0.01211	0.00734	0.00590	0.02910	0.00181	0.05550	0.00470	0.00255	0.00675
14	0.09097	0.10573	0.19672	0.02906	0.11461	0.06605	0.06414	0.11476	0.10844	0.04619	0.01092	0.01199	0.00825	0.00517	0.00466	0.00152	0.00612	0.00416	0.00323	0.00731

[dist]
# distance from previous block
# <min> <max>
0	1

[block]
# block no. 3 follows, 49 sequences, length 8
# corresponding to MSA columns:
# 298-305
name=unknown_D
#
# <colnr> <probs for GDERKNQSTAVLIFYWHMCP>
#	G	D	E	R	K	N	Q	S	T	A	V	L	I	F	Y	W	H	M	C	P
0	0.01387	0.11753	0.10836	0.06591	0.05754	0.11665	0.09252	0.13676	0.12668	0.03343	0.01266	0.01433	0.02485	0.00566	0.00485	0.00151	0.00621	0.02031	0.03333	0.00703
1	0.04596	0.20838	0.33739	0.01293	0.05386	0.08849	0.01324	0.15168	0.01323	0.01783	0.00897	0.01019	0.00687	0.00494	0.00441	0.00143	0.00660	0.00360	0.00276	0.00724
2	0.01346	0.01358	0.05251	0.03036	0.05531	0.16882	0.06059	0.07232	0.25356	0.04389	0.03189	0.01722	0.01243	0.00969	0.09079	0.00229	0.00676	0.03466	0.02304	0.00682
3	0.00677	0.00478	0.00626	0.00713	0.00752	0.00465	0.00497	0.00774	0.00941	0.01254	0.02446	0.49582	0.02854	0.18561	0.05205	0.00301	0.00416	0.12635	0.00424	0.00399
4	0.05199	0.08695	0.23007	0.01519	0.05581	0.01274	0.22506	0.09722	0.01233	0.05905	0.01065	0.01379	0.00839	0.03128	0.00627	0.00172	0.04593	0.02559	0.00296	0.00701
5	0.00735	0.00490	0.00552	0.00552	0.00552	0.00490	0.00306	0.00735	0.00735	0.00980	0.01593	0.03309	0.01838	0.82229	0.02574	0.00490	0.00490	0.00735	0.00306	0.00306
6	0.00685	0.00510	0.00647	0.00739	0.00796	0.00502	0.00505	0.00917	0.09266	0.01379	0.02709	0.73298	0.03151	0.01488	0.00631	0.00202	0.00305	0.01344	0.00474	0.00453
7	0.01356	0.01092	0.07234	0.19146	0.05588	0.01062	0.09154	0.05140	0.06672	0.19888	0.01388	0.06652	0.01089	0.00774	0.03783	0.00197	0.08178	0.00549	0.00374	0.00685

[dist]
# distance from previous block
# <min> <max>
0	5

[block]
# block no. 4 follows, 49 sequences, length 24
# corresponding to MSA columns:
# 311-334
name=unknown_E
#
# <colnr> <probs for GDERKNQSTAVLIFYWHMCP>
#	G	D	E	R	K	N	Q	S	T	A	V	L	I	F	Y	W	H	M	C	P
0	0.01204	0.42475	0.28522	0.01239	0.01782	0.01593	0.12117	0.01547	0.01061	0.01389	0.00830	0.00999	0.00675	0.00513	0.01974	0.00148	0.00671	0.00357	0.00222	0.00683
1	0.00630	0.00524	0.00541	0.00540	0.00698	0.00454	0.00401	0.00781	0.02650	0.01380	0.07365	0.04677	0.67190	0.07135	0.00742	0.00195	0.00281	0.02926	0.00462	0.00428
2	0.00726	0.00511	0.00644	0.00676	0.00787	0.00466	0.00505	0.00886	0.01180	0.04482	0.24128	0.30237	0.21112	0.01304	0.00622	0.00186	0.00296	0.10295	0.00499	0.00456
3	0.01049	0.00899	0.01049	0.00749	0.01198	0.00674	0.00599	0.01273	0.01049	0.01648	0.00899	0.01049	0.00749	0.00374	0.00374	0.00075	0.00374	0.00300	0.00300	0.85320
4	0.01176	0.01191	0.04727	0.23244	0.32355	0.04107	0.06402	0.01470	0.01081	0.03202	0.00921	0.01245	0.00744	0.00515	0.00627	0.00159	0.09685	0.00443	0.00251	0.06455
5	0.01252	0.01196	0.02011	0.03010	0.75549	0.01204	0.01518	0.01603	0.04643	0.01673	0.01001	0.01280	0.00835	0.00461	0.00501	0.00151	0.00592	0.00456	0.00262	0.00801
6	0.00678	0.00541	0.00575	0.00577	0.00741	0.00483	0.00444	0.00888	0.04542	0.01497	0.09875	0.04517	0.58038	0.01197	0.00585	0.00172	0.00278	0.07419	0.06500	0.00453
7	0.01111	0.00966	0.01310	0.04259	0.25111	0.01034	0.00973	0.04752	0.29191	0.01803	0.04537	0.19364	0.01772	0.00815	0.00541	0.00171	0.00448	0.00729	0.00415	0.00697
8	0.01211	0.00626	0.00837	0.00745	0.00942	0.00573	0.00580	0.01410	0.01314	0.26864	0.34484	0.08635	0.05890	0.03381	0.07038	0.00226	0.00411	0.03708	0.00536	0.00587
9	0.01317	0.01112	0.01659	0.27016	0.28633	0.01233	0.01286	0.19068	0.01373	0.04296	0.01037	0.01317	0.00805	0.00676	0.04157	0.00189	0.03340	0.00457	0.00313	0.00717
10	0.01205	0.31863	0.26768	0.01598	0.14050	0.01502	0.13294	0.01564	0.01086	0.01459	0.00857	0.01048	0.00689	0.00449	0.00444	0.00141	0.00664	0.00383	0.00227	0.00709
11	0.00754	0.00562	0.00763	0.00752	0.00824	0.00637	0.00562	0.00891	0.00843	0.01207	0.01700	0.05872	0.06948	0.17813	0.45473	0.00591	0.06792	0.00643	0.05945	0.00429
12	0.00895	0.00847	0.03969	0.01593	0.25266	0.00773	0.08210	0.01089	0.01044	0.01426	0.02031	0.34706	0.07533	0.02942	0.01845	0.03515	0.00481	0.00919	0.00356	0.00561
13	0.01211	0.04881	0.30665	0.04682	0.25196	0.01168	0.04939	0.01709	0.07978	0.07403	0.01178	0.01461	0.00921	0.00537	0.00501	0.00160	0.00630	0.03733	0.00295	0.00751
14	0.00996	0.00845	0.01004	0.01143	0.10493	0.06492	0.00816	0.06580	0.04239	0.01582	0.02545	0.05485	0.16463	0.01220	0.03615	0.03585	0.00507	0.31439	0.00413	0.00537
15	0.00787	0.00569	0.00817	0.00815	0.00928	0.00535	0.05777	0.00936	0.01065	0.04799	0.07221	0.35026	0.10872	0.10865	0.00866	0.00234	0.00389	0.16596	0.00447	0.00454
16	0.04637	0.01481	0.23022	0.09967	0.25199	0.01085	0.01356	0.04990	0.01198	0.14545	0.01104	0.01255	0.00807	0.00495	0.00481	0.00151	0.00594	0.00421	0.00317	0.06895
17	0.03798	0.09098	0.22161	0.05797	0.22841	0.01145	0.08281	0.01499	0.01094	0.04023	0.01071	0.05662	0.00898	0.00526	0.00475	0.00148	0.00601	0.00468	0.03574	0.06839
18	0.04872	0.02566	0.15371	0.05462	0.23752	0.09656	0.06314	0.04531	0.01212	0.03763	0.04704	0.01585	0.04049	0.00564	0.00495	0.00151	0.00613	0.03213	0.00301	0.06829
19	0.09449	0.09260	0.23225	0.09058	0.09589	0.07316	0.03109	0.01511	0.01098	0.03894	0.03891	0.03712	0.00928	0.00522	0.00451	0.00143	0.00596	0.00419	0.00277	0.11552
20	0.03178	0.03804	0.30489	0.07668	0.02866	0.06592	0.01242	0.14859	0.01358	0.10444	0.02698	0.07125	0.04194	0.00642	0.00499	0.00159	0.00608	0.00515	0.00352	0.00706
21	0.08313	0.08822	0.14804	0.01358	0.12622	0.04108	0.01097	0.11237	0.03791	0.05830	0.01241	0.01366	0.05665	0.00597	0.00609	0.00154	0.10792	0.00436	0.00321	0.06835
22	0.11134	0.10087	0.19339	0.01090	0.04995	0.02443	0.01018	0.13177	0.03062	0.05574	0.06319	0.01768	0.06949	0.00636	0.00470	0.00150	0.00518	0.04096	0.00359	0.06817
23	0.08488	0.08939	0.22582	0.03037	0.15886	0.03841	0.06755	0.12512	0.01265	0.03135	0.01120	0.03342	0.02684	0.03616	0.00554	0.00166	0.00617	0.00457	0.00299	0.00703

[dist]
# distance from previous block
# <min> <max>
0	199

# created by:
# /home/cegg/simao/soft/augustus-3.2.1/scripts/msa2prfl.pl ./align_prep/EOG091G0Y96.fa
