[name]
unknown

[dist]
# distance from previous block
# <min> <max>
0	167

[block]
# block no. 0 follows, 40 sequences, length 8
# corresponding to MSA columns:
# 202-209
name=unknown_A
#
# <colnr> <probs for GDERKNQSTAVLIFYWHMCP>
#	G	D	E	R	K	N	Q	S	T	A	V	L	I	F	Y	W	H	M	C	P
0	0.01001	0.00809	0.01274	0.20576	0.02009	0.00869	0.05019	0.01311	0.01296	0.01683	0.02461	0.05029	0.02566	0.01288	0.00741	0.00245	0.00620	0.50171	0.00453	0.00577
1	0.01020	0.00885	0.01290	0.21490	0.01846	0.01108	0.01006	0.01200	0.00960	0.01340	0.01284	0.02227	0.01268	0.22307	0.17750	0.00464	0.21097	0.00624	0.00293	0.00539
2	0.34732	0.01247	0.01374	0.01375	0.12473	0.01348	0.00957	0.15804	0.08228	0.15146	0.01357	0.01391	0.00983	0.00620	0.00493	0.00179	0.00530	0.00462	0.00473	0.00829
3	0.00818	0.00550	0.00659	0.00696	0.00718	0.00547	0.00428	0.00871	0.00942	0.01287	0.02196	0.24315	0.02521	0.50133	0.06633	0.00476	0.00547	0.01040	0.04219	0.00404
4	0.71559	0.01200	0.00987	0.00850	0.01226	0.01379	0.00700	0.12457	0.01249	0.02766	0.00897	0.01012	0.00683	0.00563	0.00393	0.00179	0.00478	0.00346	0.00393	0.00683
5	0.01594	0.61199	0.02817	0.01424	0.12589	0.09000	0.01124	0.01801	0.01245	0.01452	0.00859	0.01019	0.00773	0.00510	0.00417	0.00134	0.00671	0.00348	0.00259	0.00766
6	0.01893	0.01075	0.01197	0.00981	0.01300	0.04821	0.00790	0.17392	0.01726	0.28158	0.04975	0.02043	0.03819	0.00753	0.00594	0.00169	0.03672	0.00586	0.23257	0.00802
7	0.01497	0.17545	0.06595	0.22962	0.09145	0.01540	0.07949	0.09064	0.01393	0.07721	0.01131	0.01385	0.00868	0.00583	0.00597	0.00171	0.04117	0.00482	0.00335	0.04921

[dist]
# distance from previous block
# <min> <max>
0	2

[block]
# block no. 1 follows, 40 sequences, length 18
# corresponding to MSA columns:
# 212-214,217-231
name=unknown_B
#
# <colnr> <probs for GDERKNQSTAVLIFYWHMCP>
#	G	D	E	R	K	N	Q	S	T	A	V	L	I	F	Y	W	H	M	C	P
0	0.01339	0.01750	0.17278	0.17737	0.13990	0.04361	0.25106	0.03835	0.02923	0.01818	0.01116	0.01456	0.00851	0.00559	0.00651	0.00189	0.03407	0.00552	0.00290	0.00791
1	0.01306	0.01106	0.01256	0.00945	0.01426	0.00953	0.00754	0.05949	0.14226	0.02092	0.01289	0.01386	0.01029	0.00509	0.00468	0.00111	0.00448	0.00410	0.00402	0.63936
2	0.01011	0.00934	0.00942	0.06950	0.01265	0.12580	0.00730	0.03058	0.01259	0.01556	0.04623	0.56784	0.03092	0.01487	0.00690	0.00216	0.00489	0.01318	0.00484	0.00533
3	0.01310	0.01011	0.01448	0.03135	0.16891	0.01020	0.02097	0.01608	0.03814	0.10667	0.11982	0.04120	0.07148	0.00995	0.03877	0.00211	0.10588	0.03790	0.00437	0.13850
4	0.04088	0.05966	0.43445	0.01389	0.02013	0.01239	0.04402	0.03887	0.04346	0.07542	0.14277	0.01863	0.01674	0.00685	0.00571	0.00181	0.00686	0.00563	0.00380	0.00804
5	0.01939	0.01698	0.01579	0.01313	0.01702	0.14918	0.01044	0.36861	0.27530	0.02845	0.01645	0.01603	0.01219	0.00712	0.00575	0.00178	0.00649	0.00544	0.00536	0.00910
6	0.01774	0.00867	0.01136	0.00904	0.01263	0.00740	0.00725	0.02021	0.01578	0.38880	0.26244	0.02623	0.02672	0.00824	0.00591	0.00164	0.00411	0.00697	0.00628	0.15259
7	0.01482	0.01554	0.17426	0.06398	0.16126	0.01210	0.09994	0.07677	0.04059	0.12854	0.07594	0.01958	0.04455	0.00824	0.03614	0.00213	0.00709	0.00611	0.00415	0.00827
8	0.15267	0.00626	0.00694	0.00771	0.00885	0.00621	0.00542	0.00971	0.01121	0.01694	0.03157	0.55241	0.13252	0.01548	0.00668	0.00221	0.00351	0.01359	0.00508	0.00503
9	0.00759	0.00577	0.00699	0.00700	0.00838	0.00517	0.00513	0.00963	0.01450	0.01939	0.40559	0.17881	0.27709	0.01391	0.00696	0.00197	0.00292	0.01214	0.00590	0.00517
10	0.01326	0.16391	0.56545	0.01533	0.02288	0.04169	0.03638	0.01877	0.01253	0.04383	0.01045	0.01205	0.00767	0.00549	0.00524	0.00173	0.00814	0.00419	0.00266	0.00836
11	0.15982	0.21434	0.16509	0.01472	0.08654	0.05908	0.03737	0.11387	0.02949	0.02075	0.01007	0.01170	0.00800	0.00578	0.00543	0.00168	0.04091	0.00414	0.00327	0.00792
12	0.00734	0.00591	0.00654	0.00639	0.00814	0.00511	0.00479	0.00926	0.01437	0.01835	0.30112	0.05161	0.51313	0.01374	0.00687	0.00192	0.00288	0.01166	0.00575	0.00511
13	0.00842	0.00572	0.00707	0.00699	0.00825	0.00532	0.00514	0.01080	0.01469	0.02121	0.46752	0.14962	0.09967	0.01213	0.00645	0.00183	0.00285	0.01063	0.15037	0.00532
14	0.01287	0.01148	0.01755	0.04515	0.04191	0.01302	0.13868	0.14080	0.01394	0.01937	0.03663	0.16829	0.01637	0.01326	0.08505	0.00286	0.20402	0.00795	0.00393	0.00688
15	0.15891	0.04580	0.04736	0.04881	0.06069	0.04374	0.29413	0.05919	0.10850	0.02094	0.01219	0.01450	0.00936	0.00586	0.00637	0.00189	0.04498	0.00549	0.00353	0.00777
16	0.01260	0.01469	0.07132	0.02066	0.02567	0.01314	0.53883	0.01708	0.01393	0.01925	0.14220	0.02024	0.01677	0.00638	0.00728	0.00195	0.03979	0.00728	0.00350	0.00741
17	0.00847	0.00676	0.00992	0.14464	0.01534	0.00692	0.02873	0.01057	0.01220	0.01590	0.05590	0.37051	0.10811	0.01460	0.00718	0.00228	0.00469	0.16711	0.00486	0.00530

[dist]
# distance from previous block
# <min> <max>
0	3

[block]
# block no. 2 follows, 40 sequences, length 9
# corresponding to MSA columns:
# 235-243
name=unknown_C
#
# <colnr> <probs for GDERKNQSTAVLIFYWHMCP>
#	G	D	E	R	K	N	Q	S	T	A	V	L	I	F	Y	W	H	M	C	P
0	0.00866	0.00576	0.00720	0.00754	0.00865	0.00532	0.00540	0.00999	0.01233	0.05413	0.13388	0.32401	0.19183	0.06318	0.03256	0.04587	0.00393	0.04116	0.03360	0.00501
1	0.05185	0.01349	0.01943	0.10266	0.02124	0.09520	0.21981	0.09594	0.01397	0.01899	0.04502	0.01684	0.01152	0.01160	0.10004	0.04496	0.06821	0.00578	0.03664	0.00682
2	0.01271	0.08486	0.23114	0.17194	0.09037	0.05340	0.16083	0.01708	0.01270	0.01696	0.01243	0.05195	0.01061	0.00650	0.00591	0.00187	0.00802	0.04025	0.00292	0.00754
3	0.05696	0.00987	0.01273	0.01008	0.01405	0.00906	0.00821	0.08575	0.01699	0.56159	0.09412	0.05867	0.01882	0.00810	0.00593	0.00182	0.00476	0.00666	0.00676	0.00906
4	0.01457	0.01001	0.06932	0.00965	0.01257	0.00852	0.00816	0.10258	0.04508	0.19291	0.10899	0.19425	0.05442	0.01059	0.00619	0.00191	0.00445	0.03336	0.10526	0.00722
5	0.01324	0.13018	0.38289	0.03939	0.14199	0.07882	0.01696	0.01769	0.01250	0.01701	0.01125	0.05906	0.00958	0.00639	0.00597	0.00177	0.03950	0.00502	0.00276	0.00800
6	0.04918	0.00832	0.01079	0.00972	0.01160	0.03267	0.04428	0.01331	0.01423	0.07024	0.34868	0.03720	0.09865	0.01374	0.06678	0.00257	0.06949	0.08731	0.00526	0.00597
7	0.02204	0.01099	0.01346	0.01059	0.01460	0.01073	0.00865	0.20518	0.05177	0.43545	0.08287	0.02055	0.01689	0.00755	0.00581	0.00177	0.00496	0.00610	0.06085	0.00919
8	0.01483	0.08686	0.12293	0.03429	0.01797	0.07775	0.08949	0.12076	0.07148	0.06799	0.04129	0.04205	0.05788	0.04836	0.00723	0.00206	0.00669	0.07826	0.00432	0.00752

[dist]
# distance from previous block
# <min> <max>
0	7

[block]
# block no. 3 follows, 40 sequences, length 40
# corresponding to MSA columns:
# 252-291
name=unknown_D
#
# <colnr> <probs for GDERKNQSTAVLIFYWHMCP>
#	G	D	E	R	K	N	Q	S	T	A	V	L	I	F	Y	W	H	M	C	P
0	0.19238	0.01515	0.01483	0.01180	0.01607	0.08203	0.00965	0.40330	0.02090	0.15786	0.01385	0.01372	0.00971	0.00660	0.00531	0.00174	0.00611	0.00478	0.00534	0.00886
1	0.01353	0.04099	0.01901	0.23013	0.27061	0.07660	0.02671	0.01707	0.03762	0.01714	0.01154	0.01474	0.02178	0.00578	0.00613	0.00167	0.04515	0.00491	0.00301	0.13588
2	0.01354	0.01131	0.01168	0.01158	0.07385	0.09925	0.00797	0.14053	0.06885	0.02242	0.23047	0.02696	0.02534	0.11520	0.00906	0.00223	0.00516	0.00714	0.11076	0.00670
3	0.00807	0.00655	0.00741	0.00708	0.00913	0.00566	0.00531	0.01030	0.03448	0.01765	0.17293	0.15468	0.39497	0.01324	0.00662	0.00187	0.00324	0.02624	0.00535	0.10921
4	0.08244	0.05142	0.04332	0.03970	0.10654	0.03531	0.01142	0.36003	0.10990	0.03865	0.01476	0.05481	0.01171	0.00713	0.00561	0.00179	0.00613	0.00565	0.00485	0.00882
5	0.10906	0.01188	0.03980	0.04899	0.01563	0.08388	0.07344	0.01685	0.02618	0.13167	0.09459	0.13303	0.06856	0.00905	0.00654	0.00185	0.04382	0.00758	0.00458	0.07299
6	0.01354	0.02189	0.44367	0.07412	0.08305	0.01262	0.04283	0.05587	0.01339	0.08548	0.01249	0.01454	0.00907	0.00756	0.04136	0.00216	0.00802	0.00486	0.04516	0.00832
7	0.01452	0.58013	0.19006	0.01174	0.01718	0.02060	0.01265	0.01741	0.01173	0.01474	0.00857	0.01019	0.00745	0.00543	0.00512	0.00146	0.05740	0.00350	0.00248	0.00764
8	0.00755	0.00552	0.00640	0.00684	0.00754	0.00512	0.00446	0.00839	0.01095	0.01409	0.05787	0.29603	0.23318	0.29209	0.01510	0.00339	0.00404	0.01229	0.00477	0.00438
9	0.00779	0.00886	0.11145	0.00854	0.01061	0.00608	0.00735	0.00992	0.01252	0.01656	0.11961	0.38412	0.24552	0.01472	0.00694	0.00211	0.00390	0.01291	0.00511	0.00540
10	0.00836	0.00574	0.00676	0.00676	0.00701	0.00584	0.00411	0.00873	0.00881	0.01181	0.01981	0.03666	0.05437	0.64910	0.13746	0.00601	0.00697	0.00831	0.00355	0.00383
11	0.00711	0.00522	0.00668	0.00776	0.00837	0.00479	0.00527	0.00827	0.01168	0.01538	0.07125	0.65621	0.13579	0.01744	0.00732	0.00228	0.00329	0.01566	0.00545	0.00479
12	0.00850	0.00616	0.00831	0.00952	0.01064	0.00598	0.00779	0.01060	0.01275	0.01653	0.03384	0.26592	0.10425	0.01653	0.00775	0.00252	0.00457	0.45731	0.00537	0.00514
13	0.01116	0.01051	0.01776	0.74368	0.07667	0.01297	0.01624	0.01501	0.01171	0.01507	0.01037	0.01545	0.00783	0.00578	0.00581	0.00193	0.00771	0.00517	0.00260	0.00660
14	0.01462	0.01506	0.02072	0.16474	0.42728	0.12386	0.01593	0.01759	0.01286	0.01692	0.01013	0.01382	0.00850	0.00605	0.00739	0.00184	0.10692	0.00496	0.00280	0.00799
15	0.01816	0.33666	0.02250	0.01374	0.04384	0.37521	0.01109	0.01986	0.01381	0.01416	0.00858	0.01036	0.00756	0.00593	0.00589	0.00150	0.07765	0.00366	0.00275	0.00709
16	0.01307	0.01209	0.01877	0.07877	0.42945	0.01163	0.01373	0.01611	0.01255	0.01835	0.01161	0.04999	0.01025	0.00572	0.00579	0.00154	0.02835	0.00519	0.00313	0.25392
17	0.01028	0.06806	0.01331	0.04395	0.09294	0.00923	0.04599	0.03562	0.01452	0.01960	0.32530	0.03514	0.17004	0.01073	0.00742	0.03002	0.03137	0.02543	0.00489	0.00616
18	0.01392	0.01326	0.02252	0.07089	0.68718	0.01336	0.01716	0.01736	0.01332	0.01901	0.04754	0.01587	0.01138	0.00554	0.00581	0.00174	0.00675	0.00544	0.00304	0.00889
19	0.00752	0.00548	0.00714	0.00811	0.00888	0.00510	0.00583	0.00902	0.01236	0.01640	0.13162	0.52165	0.11329	0.01673	0.00737	0.00229	0.00350	0.10726	0.00553	0.00493
20	0.01490	0.01237	0.02142	0.27236	0.21055	0.01327	0.14412	0.02862	0.01317	0.12971	0.01248	0.01566	0.00933	0.00607	0.00706	0.00191	0.07003	0.00557	0.00346	0.00795
21	0.01177	0.01031	0.01724	0.74157	0.03874	0.01269	0.01575	0.01556	0.01189	0.05376	0.01099	0.01573	0.00810	0.00589	0.00582	0.00193	0.00761	0.00520	0.00282	0.00664
22	0.00855	0.00565	0.00723	0.00794	0.00868	0.00530	0.00551	0.00969	0.01148	0.05370	0.05653	0.47021	0.08759	0.15696	0.01133	0.00290	0.00399	0.07670	0.00519	0.00487
23	0.00874	0.00689	0.01000	0.07793	0.01286	0.00713	0.04284	0.01077	0.01223	0.01679	0.16157	0.26841	0.07686	0.06513	0.06771	0.00291	0.04158	0.06133	0.04301	0.00530
24	0.01488	0.09175	0.02350	0.11179	0.40619	0.10037	0.09672	0.01877	0.04753	0.01769	0.01106	0.01407	0.00904	0.00542	0.00564	0.00172	0.00756	0.00507	0.00297	0.00830
25	0.00880	0.00688	0.00998	0.00970	0.01053	0.00825	0.00751	0.01059	0.00921	0.01334	0.01498	0.02318	0.01441	0.11071	0.62145	0.00826	0.09763	0.00632	0.00309	0.00516
26	0.00815	0.00637	0.00981	0.01001	0.01102	0.00604	0.07739	0.00974	0.01160	0.01543	0.02921	0.56928	0.03397	0.05472	0.00855	0.00253	0.00441	0.12165	0.00506	0.00506
27	0.01426	0.03283	0.10991	0.05785	0.19002	0.01269	0.18938	0.08245	0.01445	0.07728	0.05217	0.05446	0.02328	0.05391	0.00754	0.00208	0.00714	0.00658	0.00379	0.00795
28	0.01121	0.11853	0.01421	0.01355	0.14978	0.06234	0.00857	0.01293	0.01214	0.01567	0.10302	0.11037	0.10418	0.16699	0.04769	0.00291	0.02786	0.00812	0.00391	0.00601
29	0.01234	0.01105	0.01779	0.16746	0.32576	0.01163	0.03809	0.04041	0.04744	0.01834	0.01732	0.10039	0.01674	0.00879	0.00640	0.00203	0.00640	0.14034	0.00378	0.00751
30	0.01482	0.39918	0.16034	0.06115	0.10635	0.01781	0.03831	0.04325	0.01296	0.05306	0.01177	0.01331	0.03361	0.00566	0.00481	0.00155	0.00678	0.00434	0.00300	0.00795
31	0.01018	0.00692	0.00943	0.04825	0.01191	0.00688	0.02407	0.01229	0.02494	0.08065	0.05287	0.11751	0.13244	0.15373	0.10505	0.00371	0.00620	0.18272	0.00478	0.00547
32	0.08123	0.01067	0.01636	0.08558	0.39430	0.01087	0.01253	0.01467	0.01266	0.01853	0.08044	0.09108	0.08886	0.04899	0.00717	0.00204	0.00566	0.00733	0.00372	0.00731
33	0.01771	0.09096	0.02006	0.06175	0.21892	0.04130	0.03785	0.25955	0.07113	0.07386	0.01404	0.01650	0.01097	0.00654	0.00570	0.00176	0.00659	0.03151	0.00441	0.00889
34	0.01413	0.01361	0.01979	0.06941	0.34841	0.07356	0.07665	0.05678	0.07132	0.01940	0.05019	0.02037	0.01390	0.00863	0.04206	0.00221	0.02931	0.05858	0.00363	0.00803
35	0.01156	0.00851	0.01005	0.01095	0.08170	0.04606	0.00724	0.03734	0.02885	0.09516	0.08399	0.18959	0.17748	0.13136	0.01015	0.00256	0.00469	0.05171	0.00504	0.00602
36	0.01226	0.05922	0.01473	0.05233	0.07686	0.04515	0.06332	0.11374	0.01449	0.01940	0.07546	0.21401	0.03041	0.01338	0.07105	0.00258	0.02000	0.05219	0.04282	0.00660
37	0.01631	0.04284	0.05609	0.09603	0.30384	0.05381	0.08531	0.16081	0.01619	0.06464	0.01276	0.01626	0.01013	0.00614	0.00586	0.00179	0.00724	0.03157	0.00375	0.00863
38	0.12456	0.10806	0.01473	0.04843	0.01504	0.01269	0.04473	0.14672	0.09305	0.04666	0.03755	0.14924	0.08332	0.00954	0.00581	0.00190	0.00518	0.04089	0.00475	0.00716
39	0.01251	0.07336	0.01188	0.07782	0.01400	0.09737	0.00784	0.01494	0.03276	0.09157	0.11359	0.13348	0.16984	0.01056	0.00610	0.00182	0.00497	0.04133	0.03517	0.04910

[dist]
# distance from previous block
# <min> <max>
3	25

[block]
# block no. 4 follows, 40 sequences, length 7
# corresponding to MSA columns:
# 323-329
name=unknown_E
#
# <colnr> <probs for GDERKNQSTAVLIFYWHMCP>
#	G	D	E	R	K	N	Q	S	T	A	V	L	I	F	Y	W	H	M	C	P
0	0.01357	0.01143	0.01743	0.33022	0.14533	0.01216	0.04840	0.09340	0.01375	0.05484	0.01210	0.01653	0.00972	0.06424	0.00739	0.00199	0.00676	0.00528	0.00342	0.13205
1	0.01311	0.07133	0.02149	0.12501	0.22284	0.06400	0.16985	0.01688	0.04878	0.01723	0.03792	0.09829	0.01422	0.04502	0.00719	0.00203	0.00716	0.00688	0.00339	0.00738
2	0.06111	0.07656	0.01852	0.15011	0.22490	0.12367	0.03720	0.05201	0.01393	0.04204	0.04091	0.04666	0.04286	0.00667	0.00555	0.00171	0.00684	0.00564	0.00349	0.03963
3	0.05315	0.01149	0.03661	0.06772	0.03174	0.05415	0.00869	0.12913	0.05903	0.05688	0.06005	0.13858	0.05792	0.07149	0.00769	0.00205	0.00531	0.00749	0.00460	0.13622
4	0.01196	0.00722	0.00901	0.00866	0.01010	0.00744	0.00654	0.06183	0.01288	0.10883	0.03908	0.23601	0.02352	0.10059	0.05271	0.00282	0.05172	0.06585	0.17734	0.00591
5	0.05989	0.04830	0.03744	0.05851	0.01565	0.01021	0.11834	0.01265	0.01177	0.01648	0.05139	0.18310	0.11489	0.04576	0.04357	0.00260	0.09245	0.06705	0.00405	0.00590
6	0.01609	0.35820	0.08050	0.03728	0.10263	0.06858	0.06588	0.06521	0.04241	0.06656	0.01122	0.01280	0.00903	0.00688	0.03199	0.00182	0.00727	0.00438	0.00328	0.00800

[dist]
# distance from previous block
# <min> <max>
2	4

[block]
# block no. 5 follows, 40 sequences, length 6
# corresponding to MSA columns:
# 337-342
name=unknown_F
#
# <colnr> <probs for GDERKNQSTAVLIFYWHMCP>
#	G	D	E	R	K	N	Q	S	T	A	V	L	I	F	Y	W	H	M	C	P
0	0.00866	0.00955	0.07878	0.01047	0.01336	0.00735	0.12162	0.01125	0.01317	0.01686	0.08189	0.13661	0.39129	0.01273	0.00690	0.00205	0.00474	0.06218	0.00480	0.00574
1	0.01489	0.46996	0.12904	0.01564	0.08546	0.05091	0.12653	0.01802	0.01250	0.01560	0.00927	0.01123	0.00782	0.00510	0.00471	0.00149	0.00734	0.00407	0.00261	0.00780
2	0.01459	0.05815	0.29099	0.01514	0.02107	0.07019	0.11629	0.11535	0.01492	0.03786	0.04002	0.01408	0.01012	0.00591	0.00599	0.00167	0.03377	0.00487	0.00343	0.12558
3	0.01600	0.01373	0.05233	0.01290	0.01713	0.01354	0.07505	0.22813	0.24235	0.05124	0.01765	0.02057	0.01400	0.03295	0.00665	0.00191	0.00583	0.05327	0.00505	0.11972
4	0.35003	0.21303	0.06047	0.00929	0.01327	0.01521	0.00843	0.11393	0.01296	0.02257	0.01053	0.01303	0.00879	0.05827	0.00582	0.00188	0.00538	0.00402	0.06613	0.00697
5	0.01409	0.15727	0.44786	0.01440	0.02086	0.11678	0.01647	0.01874	0.01274	0.05103	0.01081	0.01269	0.00827	0.00846	0.06344	0.00226	0.00881	0.00424	0.00280	0.00795

[dist]
# distance from previous block
# <min> <max>
3	51

[block]
# block no. 6 follows, 40 sequences, length 38
# corresponding to MSA columns:
# 394-431
name=unknown_G
#
# <colnr> <probs for GDERKNQSTAVLIFYWHMCP>
#	G	D	E	R	K	N	Q	S	T	A	V	L	I	F	Y	W	H	M	C	P
0	0.00938	0.05421	0.02064	0.00809	0.00969	0.00774	0.00617	0.03825	0.02333	0.01779	0.25403	0.09691	0.10958	0.17093	0.09810	0.00345	0.02537	0.00915	0.00475	0.03245
1	0.01590	0.68983	0.02900	0.01210	0.06696	0.07544	0.01059	0.01785	0.01225	0.01409	0.00835	0.00976	0.00759	0.00506	0.00398	0.00130	0.00657	0.00330	0.00255	0.00753
2	0.01450	0.19649	0.24737	0.01327	0.01876	0.01459	0.06456	0.04306	0.01296	0.09015	0.01195	0.01442	0.00941	0.00612	0.00619	0.00165	0.06840	0.02395	0.03173	0.11046
3	0.00994	0.04576	0.05110	0.00835	0.01064	0.06112	0.00692	0.01237	0.01466	0.04351	0.36231	0.03899	0.23331	0.01362	0.05980	0.00234	0.00480	0.00938	0.00529	0.00581
4	0.06283	0.12011	0.02211	0.10785	0.45916	0.01500	0.01519	0.01691	0.01224	0.01772	0.01023	0.01369	0.00871	0.00685	0.03148	0.00200	0.06215	0.00480	0.00282	0.00817
5	0.01154	0.01148	0.01786	0.03561	0.05432	0.05647	0.19717	0.01474	0.04425	0.01652	0.04321	0.15224	0.06881	0.01378	0.09546	0.00293	0.12678	0.02658	0.00378	0.00647
6	0.01281	0.08562	0.35091	0.11489	0.08912	0.01377	0.06715	0.03322	0.06487	0.03943	0.01317	0.06587	0.01075	0.00654	0.00570	0.00184	0.00744	0.00561	0.00319	0.00808
7	0.01092	0.01017	0.01668	0.67339	0.03594	0.01274	0.01502	0.01434	0.01121	0.01454	0.01071	0.01691	0.00869	0.06206	0.00842	0.00224	0.06171	0.00540	0.00265	0.00625
8	0.01256	0.03398	0.01543	0.01474	0.08904	0.10136	0.11266	0.06040	0.01435	0.01870	0.07259	0.17121	0.02337	0.01076	0.00658	0.00203	0.00612	0.16737	0.06025	0.00650
9	0.00958	0.04023	0.15458	0.01120	0.01414	0.00868	0.08706	0.01258	0.02858	0.01648	0.09257	0.22066	0.08221	0.14679	0.01059	0.00267	0.00558	0.04565	0.00425	0.00590
10	0.01122	0.01058	0.01787	0.72972	0.09013	0.01298	0.01627	0.01507	0.01174	0.01515	0.01038	0.01543	0.00785	0.00577	0.00581	0.00192	0.00769	0.00517	0.00260	0.00665
11	0.02026	0.00880	0.01200	0.05561	0.01478	0.00791	0.00828	0.02240	0.01519	0.52079	0.02693	0.12157	0.08417	0.00961	0.00624	0.00194	0.00476	0.04394	0.00644	0.00837
12	0.01500	0.37961	0.33517	0.01304	0.01938	0.06269	0.01475	0.01891	0.01261	0.06578	0.01011	0.01133	0.00789	0.00541	0.00471	0.00155	0.00738	0.00383	0.00282	0.00805
13	0.01126	0.01273	0.11587	0.38471	0.09606	0.01173	0.04098	0.04189	0.01274	0.01696	0.01648	0.08081	0.04675	0.00810	0.00620	0.00201	0.00702	0.07750	0.00335	0.00686
14	0.01069	0.00942	0.01520	0.01342	0.04219	0.00925	0.17270	0.03284	0.01337	0.03675	0.03191	0.06315	0.24825	0.03319	0.00855	0.00227	0.05991	0.18620	0.00455	0.00616
15	0.01908	0.01347	0.01478	0.01216	0.01614	0.01484	0.00978	0.28945	0.37021	0.14505	0.02001	0.01857	0.01435	0.00745	0.00587	0.00186	0.00531	0.00597	0.00608	0.00956
16	0.01215	0.01295	0.08252	0.38037	0.08134	0.01277	0.12380	0.06707	0.03877	0.01789	0.01382	0.10468	0.01202	0.00719	0.00613	0.00195	0.00736	0.00671	0.00332	0.00718
17	0.05912	0.01198	0.01353	0.07972	0.05409	0.06286	0.00964	0.16255	0.07688	0.18987	0.04235	0.02428	0.10435	0.00903	0.02203	0.00200	0.00580	0.03992	0.02201	0.00797
18	0.00854	0.00613	0.00840	0.00970	0.01072	0.00598	0.00790	0.01062	0.01263	0.01650	0.03200	0.30801	0.05554	0.01675	0.00780	0.00255	0.00462	0.46511	0.00537	0.00513
19	0.01726	0.56574	0.02626	0.01080	0.01561	0.02105	0.01011	0.17506	0.05099	0.04352	0.01059	0.01127	0.00871	0.00562	0.00436	0.00141	0.00614	0.00383	0.00353	0.00815
20	0.09675	0.01428	0.14902	0.01405	0.08715	0.02249	0.04627	0.07437	0.07368	0.04991	0.06807	0.10097	0.01698	0.06065	0.00772	0.00210	0.02713	0.01979	0.00417	0.06444
21	0.01677	0.01602	0.11407	0.01746	0.10449	0.06532	0.16155	0.13148	0.06227	0.13844	0.07090	0.01839	0.01411	0.03395	0.00686	0.00195	0.00707	0.00604	0.00446	0.00841
22	0.04472	0.01510	0.07020	0.13402	0.12764	0.01445	0.35703	0.06074	0.06029	0.01969	0.01200	0.01525	0.00913	0.00558	0.00656	0.00192	0.02857	0.00593	0.00322	0.00798
23	0.00831	0.00623	0.00935	0.00935	0.01038	0.00727	0.00727	0.01038	0.00935	0.01350	0.01558	0.02285	0.01454	0.04361	0.77259	0.00935	0.01558	0.00623	0.00312	0.00519
24	0.01212	0.01131	0.08563	0.01199	0.05525	0.06139	0.00954	0.06513	0.03038	0.07573	0.05280	0.29728	0.05042	0.01275	0.00679	0.00214	0.00528	0.14254	0.00501	0.00652
25	0.01335	0.11028	0.49578	0.06617	0.11446	0.01422	0.01856	0.01867	0.01260	0.06752	0.01107	0.01292	0.00810	0.00555	0.00540	0.00176	0.00783	0.00443	0.00284	0.00850
26	0.00842	0.00578	0.00706	0.00706	0.00730	0.00603	0.00441	0.00891	0.00867	0.01180	0.01767	0.03444	0.01957	0.61699	0.20609	0.00652	0.00800	0.00793	0.00343	0.00392
27	0.01628	0.01226	0.01232	0.01057	0.01330	0.08891	0.00833	0.17951	0.14527	0.08846	0.05746	0.01975	0.01536	0.03064	0.02081	0.00197	0.05743	0.00581	0.20796	0.00761
28	0.01333	0.02200	0.36484	0.02270	0.26129	0.06269	0.06842	0.01883	0.04892	0.01852	0.01195	0.03885	0.00959	0.00593	0.00576	0.00181	0.00789	0.00523	0.00293	0.00853
29	0.02376	0.01107	0.01395	0.01094	0.01520	0.01055	0.00905	0.19193	0.01881	0.53026	0.02122	0.02122	0.01450	0.00766	0.00592	0.00183	0.00525	0.04823	0.02917	0.00950
30	0.01099	0.01027	0.01724	0.68277	0.08911	0.01250	0.01563	0.01467	0.01171	0.01515	0.01167	0.06165	0.00968	0.00651	0.00591	0.00195	0.00743	0.00585	0.00277	0.00655
31	0.01382	0.01219	0.02034	0.22001	0.09748	0.02700	0.21952	0.09658	0.01443	0.03557	0.01318	0.01652	0.01001	0.00585	0.00575	0.00177	0.00708	0.00570	0.16982	0.00737
32	0.01785	0.00963	0.01190	0.01022	0.01336	0.00950	0.00808	0.08557	0.15797	0.32717	0.10448	0.14912	0.02368	0.00994	0.00630	0.00195	0.00453	0.03408	0.00638	0.00827
33	0.03947	0.01615	0.01618	0.01274	0.01699	0.08051	0.01039	0.57760	0.03789	0.06065	0.01424	0.01442	0.01024	0.00687	0.00561	0.00171	0.00638	0.00512	0.05758	0.00925
34	0.00846	0.00564	0.00634	0.00634	0.00634	0.00564	0.00352	0.00846	0.00846	0.01128	0.01832	0.03805	0.02114	0.79563	0.02960	0.00564	0.00564	0.00846	0.00352	0.00352
35	0.06066	0.01090	0.01284	0.06328	0.06752	0.05827	0.00908	0.11080	0.03063	0.20231	0.11776	0.02458	0.04562	0.05742	0.06036	0.00256	0.00615	0.02964	0.02214	0.00749
36	0.01689	0.01632	0.01751	0.08905	0.20257	0.18954	0.01254	0.17264	0.01641	0.02115	0.01137	0.01371	0.00907	0.00618	0.00629	0.00166	0.05802	0.00473	0.06062	0.07374
37	0.14563	0.01348	0.01837	0.14172	0.38116	0.06682	0.01404	0.04470	0.01322	0.04093	0.01127	0.03480	0.00935	0.00582	0.00539	0.00174	0.00665	0.00502	0.00328	0.03662

[dist]
# distance from previous block
# <min> <max>
0	8

[block]
# block no. 7 follows, 40 sequences, length 11
# corresponding to MSA columns:
# 440-450
name=unknown_H
#
# <colnr> <probs for GDERKNQSTAVLIFYWHMCP>
#	G	D	E	R	K	N	Q	S	T	A	V	L	I	F	Y	W	H	M	C	P
0	0.06222	0.01702	0.09791	0.01513	0.04062	0.13062	0.10506	0.15894	0.03393	0.07871	0.08551	0.01661	0.01357	0.00721	0.00757	0.00187	0.10987	0.00558	0.00418	0.00787
1	0.01355	0.01295	0.02208	0.22065	0.58101	0.01359	0.01743	0.01711	0.01284	0.01797	0.01079	0.01467	0.00885	0.00534	0.00577	0.00178	0.00712	0.00518	0.00281	0.00853
2	0.00828	0.00561	0.00664	0.00697	0.00713	0.00555	0.00428	0.00865	0.00929	0.01236	0.02168	0.17457	0.02513	0.60006	0.02407	0.00484	0.00521	0.06180	0.00399	0.00387
3	0.04838	0.01277	0.09114	0.34836	0.16540	0.01238	0.03949	0.05895	0.01263	0.01775	0.01173	0.04635	0.00971	0.00732	0.00702	0.06517	0.00700	0.00552	0.02591	0.00703
4	0.03613	0.26444	0.23318	0.11165	0.06120	0.01649	0.05041	0.04979	0.06645	0.01785	0.01148	0.03606	0.00939	0.00595	0.00512	0.00169	0.00706	0.00475	0.00305	0.00789
5	0.00982	0.00510	0.00744	0.00750	0.00752	0.00508	0.00494	0.00767	0.00782	0.01043	0.01183	0.05687	0.01237	0.08279	0.02254	0.72392	0.00502	0.00588	0.00275	0.00271
6	0.00713	0.00541	0.00657	0.00731	0.00827	0.00486	0.00509	0.00846	0.01234	0.01596	0.11220	0.48157	0.27087	0.01647	0.00719	0.00218	0.00317	0.01457	0.00550	0.00486
7	0.07254	0.26814	0.01909	0.01117	0.01480	0.14505	0.04425	0.07608	0.01422	0.09268	0.01415	0.08266	0.01274	0.03082	0.00577	0.00174	0.00640	0.02907	0.05146	0.00717
8	0.01344	0.00978	0.01147	0.01141	0.07863	0.03664	0.00779	0.06076	0.10324	0.09186	0.01990	0.15793	0.03277	0.06641	0.00778	0.02188	0.00472	0.00750	0.10210	0.15399
9	0.08066	0.12355	0.05015	0.01315	0.07514	0.03003	0.03190	0.17033	0.08829	0.05291	0.01385	0.01463	0.03046	0.00598	0.00505	0.00151	0.00574	0.00469	0.00416	0.19783
10	0.10758	0.03638	0.07041	0.04698	0.17595	0.07161	0.01160	0.16972	0.01584	0.06032	0.01719	0.04157	0.08396	0.03431	0.00636	0.00188	0.00623	0.00587	0.00412	0.03214

[dist]
# distance from previous block
# <min> <max>
1	37

[block]
# block no. 8 follows, 40 sequences, length 34
# corresponding to MSA columns:
# 489-491,493-523
name=unknown_I
#
# <colnr> <probs for GDERKNQSTAVLIFYWHMCP>
#	G	D	E	R	K	N	Q	S	T	A	V	L	I	F	Y	W	H	M	C	P
0	0.00831	0.00645	0.00784	0.00754	0.00936	0.00557	0.00554	0.01020	0.01321	0.01808	0.23425	0.25921	0.18783	0.03030	0.00711	0.00195	0.00337	0.02977	0.00529	0.14881
1	0.01450	0.01371	0.01949	0.12811	0.33989	0.07945	0.06297	0.05256	0.08753	0.04121	0.01587	0.05924	0.04587	0.00688	0.00596	0.00182	0.00685	0.00627	0.00368	0.00814
2	0.00950	0.00765	0.00897	0.00772	0.01051	0.00633	0.00589	0.01150	0.01259	0.01765	0.12923	0.07467	0.18480	0.09741	0.00850	0.00199	0.00397	0.06402	0.00455	0.33253
3	0.01861	0.01865	0.01573	0.01337	0.01677	0.28137	0.01051	0.20552	0.18436	0.02257	0.01357	0.01423	0.01053	0.00690	0.00668	0.00171	0.07530	0.00486	0.00437	0.07437
4	0.03463	0.01433	0.07281	0.01726	0.13359	0.04839	0.10901	0.06643	0.16792	0.17313	0.04011	0.03046	0.01377	0.00775	0.02438	0.00204	0.02459	0.00604	0.00472	0.00863
5	0.01373	0.01320	0.04865	0.01170	0.01465	0.11823	0.05525	0.08837	0.07448	0.05429	0.11422	0.06949	0.11184	0.03249	0.00777	0.00200	0.05670	0.05568	0.00470	0.05257
6	0.07313	0.01026	0.01243	0.01011	0.01389	0.01005	0.00817	0.07129	0.14770	0.42990	0.09406	0.02153	0.01822	0.00764	0.00573	0.00181	0.00463	0.00621	0.04434	0.00890
7	0.00848	0.00614	0.00832	0.00882	0.00999	0.00599	0.02011	0.01037	0.01234	0.01655	0.09904	0.20891	0.12372	0.04801	0.08883	0.02791	0.00541	0.24232	0.04370	0.00505
8	0.01316	0.14886	0.41570	0.01384	0.01998	0.07530	0.01562	0.04017	0.07326	0.01837	0.05008	0.05077	0.02706	0.00679	0.00543	0.00175	0.00733	0.00531	0.00328	0.00795
9	0.00783	0.00613	0.00713	0.00707	0.00866	0.00559	0.00526	0.01045	0.04812	0.01903	0.32795	0.13640	0.34927	0.01373	0.00691	0.00197	0.00304	0.02434	0.00582	0.00532
10	0.00733	0.00527	0.00689	0.00801	0.00853	0.00493	0.00550	0.00850	0.01150	0.01526	0.06559	0.63709	0.07702	0.05572	0.00849	0.00250	0.00355	0.05823	0.00535	0.00475
11	0.13189	0.01321	0.01401	0.01109	0.01525	0.05401	0.00907	0.29813	0.01955	0.29980	0.01651	0.01579	0.01124	0.00678	0.00539	0.00173	0.00561	0.00511	0.05686	0.00896
12	0.00828	0.00610	0.00880	0.00886	0.00972	0.00693	0.00665	0.01001	0.00929	0.01323	0.01665	0.05676	0.01648	0.15183	0.63308	0.00852	0.01363	0.00698	0.00327	0.00493
13	0.00752	0.00545	0.00689	0.00774	0.00834	0.00519	0.00530	0.00858	0.01097	0.01441	0.03206	0.46956	0.12778	0.15608	0.05852	0.00334	0.00459	0.05817	0.00492	0.00461
14	0.06630	0.00996	0.01325	0.01021	0.01467	0.00877	0.00844	0.02778	0.01631	0.72681	0.02221	0.01928	0.01399	0.00711	0.00574	0.00180	0.00493	0.00571	0.00702	0.00972
15	0.00933	0.00765	0.01133	0.05275	0.03525	0.00930	0.00867	0.01128	0.00946	0.01367	0.01410	0.02164	0.01338	0.08603	0.54031	0.00740	0.13385	0.00611	0.00302	0.00545
16	0.01172	0.02792	0.67449	0.07296	0.02652	0.01352	0.05664	0.01817	0.01230	0.01817	0.01049	0.01268	0.00747	0.00552	0.00561	0.00185	0.00859	0.00449	0.00249	0.00840
17	0.03639	0.01148	0.01219	0.01090	0.01410	0.01294	0.00851	0.02812	0.59170	0.07788	0.02455	0.02284	0.05176	0.00802	0.00577	0.00191	0.00442	0.00662	0.06117	0.00872
18	0.00816	0.00611	0.00759	0.00719	0.00871	0.00562	0.00540	0.01104	0.03494	0.02205	0.61835	0.04501	0.17363	0.01227	0.00684	0.00186	0.00283	0.01071	0.00622	0.00549
19	0.06329	0.01038	0.01479	0.01126	0.01581	0.00921	0.06184	0.02710	0.01611	0.67422	0.02143	0.01901	0.01361	0.00694	0.00582	0.00181	0.00528	0.00580	0.00672	0.00958
20	0.01380	0.04033	0.13460	0.01960	0.02514	0.01371	0.44458	0.07070	0.01480	0.04216	0.08469	0.01920	0.01403	0.00623	0.00650	0.00191	0.00831	0.02827	0.00360	0.00785
21	0.00698	0.00569	0.00618	0.00650	0.00803	0.00489	0.00471	0.00839	0.01286	0.01581	0.08125	0.23756	0.54999	0.01547	0.00701	0.00206	0.00304	0.01325	0.00544	0.00489
22	0.00930	0.00659	0.00829	0.00774	0.00942	0.00625	0.00590	0.01293	0.06980	0.05086	0.60600	0.04241	0.10082	0.01173	0.00678	0.00187	0.00304	0.02808	0.00630	0.00588
23	0.01526	0.74285	0.08427	0.01044	0.01568	0.02231	0.01079	0.01749	0.01185	0.01403	0.00826	0.00954	0.00746	0.00502	0.00386	0.00129	0.00639	0.00320	0.00249	0.00755
24	0.00908	0.00591	0.00792	0.00853	0.00933	0.00584	0.00618	0.01042	0.01107	0.06082	0.02619	0.36685	0.02925	0.16570	0.12913	0.00406	0.00609	0.12781	0.00480	0.00500
25	0.02330	0.01102	0.01374	0.01068	0.01488	0.01055	0.00877	0.20185	0.01906	0.50437	0.06603	0.01991	0.01582	0.00742	0.00582	0.00177	0.00507	0.00597	0.04457	0.00942
26	0.00741	0.00534	0.00651	0.00730	0.00780	0.00499	0.00476	0.00823	0.01077	0.01406	0.03271	0.48153	0.14668	0.21867	0.01307	0.00315	0.00389	0.01378	0.00491	0.00444
27	0.00752	0.00579	0.00826	0.00887	0.00971	0.00537	0.04520	0.00886	0.01159	0.01524	0.03367	0.64396	0.11070	0.01705	0.00736	0.00231	0.00376	0.04458	0.00526	0.00494
28	0.00961	0.00692	0.00855	0.00791	0.00968	0.00670	0.00601	0.01399	0.10887	0.05115	0.59249	0.04057	0.09218	0.01138	0.00670	0.00185	0.00307	0.00995	0.00631	0.00609
29	0.01210	0.01156	0.01982	0.53161	0.25968	0.01325	0.03764	0.01588	0.01218	0.01623	0.01056	0.01517	0.00823	0.00559	0.00583	0.00187	0.00755	0.00522	0.00268	0.00734
30	0.01197	0.01217	0.02367	0.13416	0.11920	0.01218	0.34739	0.01564	0.01278	0.01729	0.01607	0.14675	0.01536	0.00821	0.00705	0.00206	0.02730	0.06019	0.00345	0.00708
31	0.01563	0.54123	0.14158	0.01239	0.01772	0.11584	0.05138	0.01837	0.01258	0.01475	0.00876	0.01027	0.00753	0.00518	0.00437	0.00141	0.00732	0.00358	0.00257	0.00757
32	0.10450	0.01316	0.01701	0.01429	0.03467	0.06403	0.13704	0.19973	0.01720	0.11791	0.01788	0.02717	0.01559	0.00863	0.00628	0.00201	0.00664	0.18357	0.00488	0.00779
33	0.02900	0.03613	0.04551	0.07798	0.21027	0.05624	0.04606	0.06971	0.11096	0.04436	0.03294	0.08940	0.04181	0.00965	0.04746	0.00224	0.00670	0.00674	0.02910	0.00775

[dist]
# distance from previous block
# <min> <max>
2	5

[block]
# block no. 9 follows, 40 sequences, length 6
# corresponding to MSA columns:
# 529-534
name=unknown_J
#
# <colnr> <probs for GDERKNQSTAVLIFYWHMCP>
#	G	D	E	R	K	N	Q	S	T	A	V	L	I	F	Y	W	H	M	C	P
0	0.05527	0.51139	0.11021	0.01107	0.01612	0.04754	0.01111	0.06678	0.01335	0.06196	0.01063	0.01300	0.00906	0.00583	0.00443	0.00148	0.00647	0.03338	0.00318	0.00773
1	0.01507	0.00995	0.01266	0.07708	0.01620	0.00831	0.00829	0.01770	0.01321	0.19454	0.01492	0.01838	0.01185	0.00604	0.00510	0.00132	0.00484	0.06025	0.00441	0.49988
2	0.00830	0.00595	0.00743	0.00781	0.00862	0.00585	0.00544	0.01020	0.05400	0.01572	0.13275	0.29280	0.10151	0.16949	0.05596	0.05901	0.00465	0.04484	0.00488	0.00478
3	0.12473	0.13416	0.04198	0.04854	0.03468	0.03086	0.03760	0.23355	0.04240	0.02419	0.01605	0.02005	0.04661	0.00739	0.00533	0.00176	0.00588	0.06781	0.06877	0.00766
4	0.01327	0.03462	0.01778	0.24490	0.12282	0.05910	0.04056	0.05753	0.01294	0.01747	0.01174	0.01776	0.01022	0.00694	0.00761	0.00183	0.11991	0.06076	0.00320	0.13904
5	0.01354	0.06363	0.03867	0.00997	0.01290	0.07054	0.02788	0.03335	0.05643	0.13217	0.12100	0.16358	0.08365	0.03390	0.03859	0.00221	0.00542	0.00846	0.00497	0.07915

[dist]
# distance from previous block
# <min> <max>
9	107

[block]
# block no. 10 follows, 40 sequences, length 21
# corresponding to MSA columns:
# 672-692
name=unknown_K
#
# <colnr> <probs for GDERKNQSTAVLIFYWHMCP>
#	G	D	E	R	K	N	Q	S	T	A	V	L	I	F	Y	W	H	M	C	P
0	0.20498	0.06207	0.01315	0.01071	0.03945	0.06192	0.00830	0.09466	0.03884	0.06527	0.01311	0.04612	0.01089	0.00841	0.04103	0.00199	0.06166	0.00489	0.09625	0.11632
1	0.15895	0.01270	0.01525	0.12009	0.08871	0.03536	0.02921	0.17637	0.06345	0.11060	0.03887	0.01537	0.01126	0.00626	0.00532	0.00171	0.00588	0.00501	0.00449	0.09513
2	0.10087	0.01054	0.03467	0.01339	0.10119	0.01028	0.04244	0.11519	0.04863	0.08311	0.14050	0.12744	0.04592	0.01016	0.00668	0.02428	0.00505	0.06751	0.00503	0.00714
3	0.05531	0.09407	0.15951	0.01115	0.01497	0.03043	0.01065	0.06850	0.09126	0.01976	0.09171	0.07890	0.03827	0.01255	0.08495	0.00263	0.00669	0.07952	0.00423	0.04495
4	0.01471	0.02970	0.21354	0.06133	0.01833	0.05477	0.02633	0.06278	0.08688	0.13835	0.12787	0.03977	0.01845	0.04963	0.00713	0.00201	0.00623	0.00632	0.00456	0.03131
5	0.11305	0.01176	0.03284	0.01176	0.01532	0.01167	0.08785	0.17612	0.01554	0.04427	0.07034	0.05640	0.05569	0.02947	0.03213	0.00213	0.05612	0.03915	0.00445	0.13393
6	0.03936	0.04765	0.01557	0.04590	0.01666	0.01271	0.05853	0.25038	0.06568	0.06966	0.09480	0.02177	0.03489	0.00908	0.03750	0.00202	0.00598	0.04514	0.00494	0.12176
7	0.05353	0.19904	0.02068	0.09969	0.12830	0.02595	0.07835	0.04888	0.11236	0.01869	0.01337	0.06819	0.01160	0.00646	0.00526	0.00165	0.00619	0.00553	0.00357	0.09272
8	0.01743	0.01181	0.08908	0.00995	0.01490	0.00847	0.00888	0.02031	0.01412	0.31748	0.04958	0.01694	0.01312	0.00602	0.00516	0.00140	0.00488	0.00488	0.03344	0.35216
9	0.00703	0.00562	0.00623	0.00665	0.00802	0.00489	0.00473	0.00834	0.01252	0.01551	0.06869	0.28904	0.48642	0.03956	0.00774	0.00220	0.00316	0.01346	0.00537	0.00482
10	0.01611	0.01547	0.05358	0.01733	0.02220	0.01547	0.29116	0.21558	0.24183	0.02519	0.01593	0.01692	0.01178	0.00640	0.00624	0.00190	0.00725	0.00623	0.00460	0.00884
11	0.01162	0.08990	0.01301	0.00860	0.01283	0.00900	0.00697	0.01455	0.03589	0.01925	0.14825	0.04320	0.01825	0.00633	0.00487	0.00116	0.00419	0.00523	0.00403	0.54286
12	0.05203	0.01689	0.11692	0.01314	0.01744	0.14129	0.04956	0.13343	0.01619	0.23769	0.01443	0.01502	0.01025	0.00713	0.00708	0.03039	0.06142	0.00499	0.03164	0.02305
13	0.01245	0.07949	0.35727	0.01546	0.01972	0.01625	0.01648	0.01625	0.01065	0.01597	0.00894	0.01227	0.00750	0.00768	0.01180	0.00213	0.37515	0.00458	0.00250	0.00745
14	0.00877	0.00700	0.00751	0.00698	0.00911	0.00642	0.00534	0.08617	0.01542	0.01952	0.20086	0.04889	0.53039	0.01331	0.00676	0.00191	0.00327	0.01116	0.00565	0.00556
15	0.01311	0.01310	0.01850	0.24682	0.07470	0.07038	0.09243	0.01812	0.12512	0.01688	0.01362	0.01822	0.02480	0.00762	0.00912	0.00207	0.18975	0.03516	0.00334	0.00714
16	0.01172	0.10596	0.61033	0.01482	0.02214	0.01364	0.01841	0.01726	0.01183	0.01718	0.01103	0.01470	0.00883	0.08892	0.00788	0.00218	0.00804	0.00462	0.00257	0.00794
17	0.07544	0.08972	0.01380	0.00982	0.01361	0.00978	0.00828	0.02276	0.01533	0.47376	0.10550	0.02559	0.01981	0.00833	0.00583	0.00184	0.00484	0.08138	0.00619	0.00842
18	0.00940	0.08770	0.01157	0.01131	0.08925	0.00819	0.00800	0.01149	0.01309	0.01702	0.11969	0.19746	0.18485	0.01344	0.00684	0.00211	0.00438	0.19348	0.00494	0.00577
19	0.01134	0.01292	0.09554	0.62363	0.03751	0.01317	0.09296	0.01562	0.01192	0.01562	0.01050	0.01519	0.00783	0.00569	0.00590	0.00193	0.00805	0.00526	0.00261	0.00682
20	0.01170	0.01092	0.01765	0.62433	0.11348	0.01317	0.01562	0.01681	0.08701	0.01626	0.01176	0.01602	0.00893	0.00596	0.00582	0.00192	0.00734	0.00531	0.00296	0.00703

[dist]
# distance from previous block
# <min> <max>
6	644

# created by:
# /home/cegg/simao/soft/augustus-3.2.1/scripts/msa2prfl.pl ./align_prep/EOG091G0NTZ.fa
