[name]
unknown

[dist]
# distance from previous block
# <min> <max>
0	52

[block]
# block no. 0 follows, 53 sequences, length 13
# corresponding to MSA columns:
# 52-64
name=unknown_A
#
# <colnr> <probs for GDERKNQSTAVLIFYWHMCP>
#	G	D	E	R	K	N	Q	S	T	A	V	L	I	F	Y	W	H	M	C	P
0	0.01220	0.01100	0.01675	0.15085	0.25066	0.06059	0.13934	0.08590	0.04183	0.06679	0.03415	0.05566	0.02841	0.00570	0.00502	0.00153	0.00582	0.01807	0.00315	0.00657
1	0.00684	0.00491	0.00593	0.00605	0.00720	0.00445	0.00439	0.00858	0.03206	0.04741	0.25304	0.29675	0.28079	0.01197	0.00574	0.00168	0.00259	0.01048	0.00474	0.00438
2	0.05341	0.00653	0.00861	0.04312	0.02808	0.00623	0.00593	0.01427	0.03565	0.29440	0.14310	0.10667	0.05013	0.07129	0.00815	0.10415	0.00374	0.00652	0.00449	0.00553
3	0.02812	0.01120	0.01496	0.43699	0.21373	0.12297	0.01240	0.01399	0.03126	0.01335	0.00972	0.01281	0.02793	0.00500	0.00496	0.00151	0.02656	0.00424	0.00238	0.00591
4	0.01075	0.01139	0.02319	0.01813	0.08116	0.01095	0.56539	0.01457	0.04199	0.01512	0.01122	0.04792	0.00935	0.04904	0.00664	0.00176	0.02342	0.00583	0.04602	0.00616
5	0.06356	0.00836	0.01090	0.00844	0.01201	0.00754	0.00695	0.06312	0.01386	0.69677	0.04518	0.01626	0.01246	0.00597	0.00474	0.00148	0.00405	0.00480	0.00568	0.00786
6	0.00888	0.00760	0.00983	0.13036	0.04159	0.06863	0.04337	0.02191	0.01007	0.03321	0.06250	0.26430	0.06046	0.05387	0.03676	0.04286	0.03861	0.03314	0.02738	0.00466
7	0.01113	0.06499	0.03702	0.11247	0.16170	0.06957	0.04907	0.05585	0.05521	0.05576	0.03492	0.16796	0.04326	0.02044	0.00571	0.00161	0.03773	0.00633	0.00331	0.00596
8	0.01247	0.00933	0.01012	0.00897	0.01166	0.01034	0.00702	0.02306	0.60062	0.11950	0.02170	0.02002	0.08084	0.00686	0.00487	0.00158	0.00365	0.00569	0.03444	0.00723
9	0.00694	0.00467	0.00540	0.00540	0.00547	0.00474	0.00313	0.00707	0.00701	0.00941	0.01489	0.03032	0.01696	0.77085	0.08493	0.00487	0.00526	0.00681	0.00287	0.00300
10	0.03916	0.07056	0.05705	0.16383	0.11279	0.01250	0.01045	0.29679	0.06699	0.08934	0.01145	0.02848	0.00862	0.00541	0.00462	0.00146	0.00531	0.00437	0.00369	0.00713
11	0.14475	0.05870	0.03046	0.12413	0.13446	0.07475	0.04597	0.11114	0.04264	0.03051	0.01022	0.05371	0.00872	0.02450	0.00583	0.03165	0.04028	0.00445	0.01711	0.00602
12	0.05681	0.00888	0.03020	0.08594	0.12311	0.03464	0.00793	0.07145	0.09220	0.06177	0.02700	0.12229	0.05534	0.05489	0.00601	0.00168	0.01823	0.00597	0.09883	0.03683

[dist]
# distance from previous block
# <min> <max>
5	25

[block]
# block no. 1 follows, 53 sequences, length 13
# corresponding to MSA columns:
# 91-103
name=unknown_B
#
# <colnr> <probs for GDERKNQSTAVLIFYWHMCP>
#	G	D	E	R	K	N	Q	S	T	A	V	L	I	F	Y	W	H	M	C	P
0	0.05332	0.04441	0.06514	0.03846	0.07552	0.46755	0.00967	0.09289	0.01318	0.01473	0.00911	0.04588	0.00777	0.00534	0.00436	0.00133	0.00706	0.00383	0.03451	0.00593
1	0.00709	0.00561	0.00718	0.03320	0.00854	0.03082	0.02816	0.00808	0.00901	0.01189	0.05027	0.41467	0.02453	0.22342	0.03483	0.00276	0.02802	0.06426	0.00375	0.00392
2	0.04411	0.04525	0.09705	0.01431	0.14040	0.08749	0.07208	0.18418	0.02434	0.15373	0.01135	0.03331	0.00862	0.00550	0.00536	0.00148	0.05638	0.00442	0.00356	0.00708
3	0.01178	0.03685	0.05066	0.04478	0.36523	0.03236	0.06257	0.01460	0.02701	0.10175	0.08019	0.04652	0.05035	0.00595	0.00508	0.00148	0.01812	0.01768	0.00324	0.02382
4	0.00594	0.00424	0.00568	0.00679	0.00712	0.00398	0.00464	0.00686	0.00927	0.01233	0.02628	0.78093	0.03136	0.01486	0.00613	0.00196	0.00287	0.06042	0.00443	0.00391
5	0.01056	0.00956	0.01555	0.21321	0.29448	0.01014	0.07909	0.06068	0.03427	0.02880	0.01441	0.03626	0.08206	0.00718	0.03607	0.00180	0.01767	0.03902	0.00293	0.00626
6	0.02701	0.02652	0.08476	0.12532	0.08174	0.03688	0.08276	0.16445	0.08713	0.08538	0.01350	0.05351	0.03894	0.00648	0.01800	0.00164	0.03694	0.00507	0.01734	0.00663
7	0.00749	0.00554	0.00820	0.00823	0.00930	0.00532	0.06909	0.00940	0.04468	0.04809	0.02442	0.54795	0.04756	0.01359	0.02897	0.00207	0.00379	0.10750	0.00430	0.00452
8	0.00858	0.00549	0.00708	0.00727	0.00852	0.00525	0.00556	0.01097	0.06632	0.10651	0.16039	0.33660	0.08048	0.01188	0.00585	0.00182	0.00320	0.15860	0.00477	0.00486
9	0.09835	0.20966	0.07275	0.01032	0.01399	0.16050	0.03844	0.15251	0.11760	0.06700	0.01036	0.01079	0.00792	0.00503	0.00414	0.00134	0.00565	0.00367	0.00332	0.00668
10	0.03703	0.01571	0.26490	0.05434	0.19914	0.03294	0.20033	0.01554	0.01076	0.07881	0.00959	0.01169	0.00715	0.00462	0.00524	0.00153	0.03695	0.00433	0.00256	0.00687
11	0.00629	0.00486	0.00577	0.00599	0.00707	0.00446	0.00432	0.00820	0.04490	0.01474	0.25160	0.30271	0.29732	0.01216	0.00576	0.00169	0.00255	0.01064	0.00469	0.00427
12	0.01112	0.00991	0.01363	0.28246	0.09871	0.01138	0.04475	0.05447	0.36512	0.01717	0.01386	0.01502	0.01047	0.00553	0.00482	0.00157	0.00506	0.00484	0.02338	0.00672

[dist]
# distance from previous block
# <min> <max>
0	1

[block]
# block no. 2 follows, 53 sequences, length 12
# corresponding to MSA columns:
# 105-116
name=unknown_C
#
# <colnr> <probs for GDERKNQSTAVLIFYWHMCP>
#	G	D	E	R	K	N	Q	S	T	A	V	L	I	F	Y	W	H	M	C	P
0	0.01745	0.00810	0.01063	0.00889	0.03682	0.00738	0.00693	0.08989	0.01354	0.52552	0.03570	0.05839	0.07034	0.00808	0.04158	0.00175	0.00438	0.00557	0.00522	0.04385
1	0.01295	0.06869	0.33707	0.10133	0.10121	0.03832	0.01312	0.09152	0.01208	0.14449	0.02779	0.01206	0.00826	0.00498	0.00458	0.00146	0.00600	0.00400	0.00306	0.00704
2	0.01304	0.79321	0.02446	0.00839	0.01240	0.05967	0.00823	0.01456	0.00991	0.01127	0.00668	0.00772	0.00613	0.00413	0.00313	0.00103	0.00529	0.00258	0.00207	0.00610
3	0.00631	0.00462	0.00579	0.00599	0.00681	0.00424	0.00422	0.00775	0.01114	0.01512	0.36868	0.30038	0.14652	0.08135	0.00737	0.00193	0.00265	0.01035	0.00467	0.00410
4	0.14705	0.01425	0.01335	0.03903	0.14885	0.28708	0.03344	0.04726	0.03798	0.03642	0.00939	0.03690	0.00793	0.00619	0.02503	0.00160	0.07390	0.00401	0.02437	0.00596
5	0.00603	0.00448	0.00536	0.00588	0.00654	0.00409	0.00397	0.00693	0.00959	0.01243	0.08709	0.42675	0.24160	0.14593	0.00889	0.00225	0.00294	0.01119	0.00425	0.00381
6	0.04848	0.30236	0.08197	0.03610	0.04740	0.07122	0.05276	0.11376	0.03099	0.09169	0.03170	0.01191	0.02827	0.00514	0.00443	0.00133	0.02699	0.00387	0.00308	0.00654
7	0.03245	0.05113	0.11610	0.08147	0.13860	0.00925	0.00958	0.06251	0.01085	0.04220	0.01074	0.04477	0.02587	0.00591	0.03165	0.00141	0.00504	0.00408	0.00288	0.31351
8	0.03420	0.05999	0.15887	0.20695	0.05757	0.06750	0.05611	0.12665	0.05843	0.07011	0.01049	0.02749	0.00798	0.00510	0.00460	0.00146	0.00595	0.00423	0.00304	0.03326
9	0.03734	0.00851	0.01084	0.07726	0.11945	0.07347	0.04891	0.03054	0.04194	0.04846	0.11522	0.17371	0.07228	0.07933	0.02057	0.00196	0.00469	0.02657	0.00368	0.00527
10	0.03059	0.02914	0.02833	0.00774	0.02260	0.00673	0.00589	0.07158	0.04379	0.11183	0.05742	0.26988	0.06876	0.09757	0.00724	0.00192	0.00369	0.04433	0.01564	0.07529
11	0.05960	0.14563	0.12957	0.09725	0.12080	0.04114	0.04392	0.08210	0.04140	0.09202	0.01087	0.04583	0.00886	0.00541	0.00468	0.00144	0.02286	0.01868	0.00305	0.02491

[dist]
# distance from previous block
# <min> <max>
1	31

[block]
# block no. 3 follows, 53 sequences, length 16
# corresponding to MSA columns:
# 149-163,166
name=unknown_D
#
# <colnr> <probs for GDERKNQSTAVLIFYWHMCP>
#	G	D	E	R	K	N	Q	S	T	A	V	L	I	F	Y	W	H	M	C	P
0	0.06251	0.02316	0.05051	0.09612	0.08282	0.03289	0.08223	0.07766	0.03972	0.06670	0.04856	0.03488	0.01139	0.11307	0.03540	0.00203	0.01881	0.00490	0.00320	0.11343
1	0.05255	0.06173	0.06786	0.12455	0.03315	0.05151	0.04914	0.10343	0.01185	0.05226	0.06811	0.01418	0.03117	0.03003	0.00514	0.00138	0.01841	0.00427	0.00316	0.21613
2	0.05821	0.06663	0.05606	0.02449	0.05108	0.16576	0.13239	0.05771	0.05710	0.02755	0.03010	0.01309	0.03169	0.00707	0.04820	0.00178	0.09369	0.00434	0.02588	0.04718
3	0.05119	0.04238	0.09581	0.08697	0.14118	0.06389	0.03304	0.01374	0.03072	0.05579	0.07747	0.06411	0.03107	0.00600	0.00532	0.00142	0.06006	0.00492	0.00305	0.13189
4	0.01770	0.00973	0.08362	0.00864	0.01278	0.00725	0.00768	0.01995	0.01248	0.55108	0.01553	0.01424	0.01021	0.00524	0.00449	0.00130	0.00422	0.00423	0.00485	0.20476
5	0.01097	0.00846	0.01002	0.00721	0.01141	0.00643	0.00579	0.01306	0.01026	0.08781	0.00944	0.01049	0.00751	0.00376	0.00366	0.00078	0.00359	0.00301	0.00311	0.78323
6	0.00853	0.00523	0.00680	0.00643	0.00780	0.00487	0.00502	0.01073	0.01287	0.09451	0.54684	0.03417	0.03627	0.00938	0.00543	0.00155	0.00269	0.10114	0.09490	0.00484
7	0.13253	0.00913	0.00946	0.00841	0.01095	0.01022	0.00659	0.07165	0.43893	0.06847	0.01743	0.04431	0.03398	0.00672	0.00486	0.02371	0.00368	0.00518	0.08715	0.00664
8	0.00827	0.00676	0.00798	0.00775	0.00878	0.07953	0.00589	0.00984	0.00887	0.03529	0.08579	0.02048	0.01499	0.10164	0.56889	0.00606	0.01044	0.00542	0.00293	0.00440
9	0.00654	0.00508	0.00609	0.00643	0.00779	0.00463	0.00521	0.00826	0.01131	0.01431	0.14859	0.04734	0.41524	0.01216	0.00599	0.00181	0.00310	0.28134	0.00454	0.00423
10	0.02978	0.16490	0.11559	0.01239	0.06796	0.05342	0.03276	0.04651	0.00990	0.04142	0.00784	0.01011	0.00666	0.00579	0.00812	0.00153	0.29341	0.00366	0.00245	0.08580
11	0.00595	0.00479	0.00530	0.00530	0.00667	0.00414	0.00393	0.00740	0.01142	0.01446	0.23976	0.11050	0.54011	0.01175	0.00568	0.00161	0.00241	0.01002	0.00465	0.00414
12	0.00787	0.00517	0.00637	0.00628	0.00696	0.00560	0.00449	0.02317	0.02724	0.01296	0.01476	0.07002	0.01440	0.24649	0.23315	0.03364	0.03468	0.00589	0.23685	0.00402
13	0.01042	0.14949	0.63653	0.01292	0.01930	0.04019	0.03787	0.01515	0.01019	0.01442	0.00827	0.00975	0.00610	0.00447	0.00434	0.00143	0.00684	0.00343	0.00205	0.00685
14	0.01411	0.22509	0.01546	0.01008	0.01281	0.25054	0.00830	0.08802	0.16608	0.01533	0.01044	0.01128	0.00844	0.00544	0.00507	0.00134	0.07712	0.00371	0.06512	0.00622
15	0.02502	0.23351	0.14398	0.03725	0.05459	0.04750	0.15311	0.10605	0.02391	0.03233	0.00892	0.01055	0.00701	0.00498	0.01498	0.00142	0.02782	0.00382	0.00266	0.06057

[dist]
# distance from previous block
# <min> <max>
0	24

[block]
# block no. 4 follows, 53 sequences, length 46
# corresponding to MSA columns:
# 191-236
name=unknown_E
#
# <colnr> <probs for GDERKNQSTAVLIFYWHMCP>
#	G	D	E	R	K	N	Q	S	T	A	V	L	I	F	Y	W	H	M	C	P
0	0.07176	0.17131	0.05332	0.09409	0.01357	0.04431	0.02995	0.06712	0.05622	0.04250	0.05202	0.03364	0.11658	0.02323	0.06924	0.00198	0.01894	0.00513	0.02944	0.00563
1	0.00732	0.00486	0.00569	0.00562	0.00627	0.00461	0.00368	0.00806	0.00916	0.04753	0.14413	0.08140	0.14809	0.46298	0.01594	0.00329	0.00377	0.03015	0.00378	0.00367
2	0.01544	0.01239	0.01237	0.01028	0.01346	0.08367	0.00821	0.33736	0.33883	0.07195	0.01580	0.01502	0.03094	0.00615	0.00480	0.00150	0.00480	0.00483	0.00467	0.00756
3	0.00688	0.00513	0.00660	0.00725	0.00840	0.00485	0.00596	0.00869	0.01108	0.01430	0.12126	0.12827	0.22745	0.01270	0.00620	0.00194	0.00348	0.41079	0.00451	0.00427
4	0.50568	0.01051	0.01000	0.00827	0.01146	0.04579	0.04131	0.15444	0.03067	0.10170	0.00951	0.01011	0.00696	0.00491	0.00371	0.00146	0.00438	0.00341	0.02960	0.00612
5	0.00627	0.00486	0.00572	0.00564	0.00695	0.00432	0.00425	0.00800	0.01207	0.01589	0.40048	0.07180	0.38123	0.01116	0.00570	0.00160	0.00244	0.04252	0.00482	0.00427
6	0.00695	0.00463	0.00521	0.00521	0.00521	0.00463	0.00290	0.00695	0.00695	0.00927	0.01506	0.03128	0.01738	0.83203	0.02433	0.00463	0.00463	0.00695	0.00290	0.00290
7	0.00618	0.00470	0.00570	0.00594	0.00700	0.00423	0.00436	0.00768	0.01128	0.01485	0.28873	0.26039	0.29648	0.01219	0.00582	0.00170	0.00257	0.05132	0.00471	0.00417
8	0.00606	0.00436	0.00577	0.00666	0.00714	0.00407	0.00464	0.00717	0.00987	0.01324	0.12421	0.65552	0.05534	0.01412	0.00606	0.00189	0.00280	0.06253	0.00454	0.00400
9	0.01066	0.03170	0.01728	0.34830	0.43463	0.01140	0.01374	0.01352	0.01016	0.01394	0.00861	0.01203	0.00699	0.00465	0.00520	0.00151	0.04271	0.00421	0.00225	0.00651
10	0.08868	0.08583	0.10958	0.05561	0.05072	0.04671	0.04650	0.16290	0.03507	0.04798	0.00935	0.01068	0.00720	0.00488	0.00493	0.00133	0.05782	0.00368	0.00308	0.16746
11	0.65797	0.06593	0.00947	0.00785	0.03427	0.09831	0.00618	0.01499	0.00913	0.04988	0.00728	0.00830	0.00568	0.00452	0.00324	0.00142	0.00440	0.00278	0.00294	0.00547
12	0.03457	0.00891	0.03693	0.02932	0.04220	0.00873	0.04240	0.12265	0.11246	0.18682	0.06495	0.02009	0.01440	0.04450	0.07037	0.00215	0.00505	0.06389	0.08321	0.00640
13	0.01248	0.01093	0.04430	0.20671	0.13145	0.01154	0.04532	0.19548	0.17964	0.03255	0.01234	0.01374	0.00925	0.00532	0.00472	0.00150	0.00522	0.00457	0.06607	0.00687
14	0.00620	0.00482	0.00573	0.00625	0.00739	0.00435	0.00480	0.00757	0.01055	0.01324	0.06029	0.24826	0.40270	0.01302	0.00598	0.00183	0.00296	0.18551	0.00445	0.00409
15	0.00991	0.00850	0.00991	0.00708	0.01133	0.00637	0.00566	0.01203	0.00991	0.01557	0.00850	0.00991	0.00708	0.00354	0.00354	0.00071	0.00354	0.00283	0.00283	0.86124
16	0.00601	0.00435	0.00573	0.00676	0.00721	0.00406	0.00473	0.00701	0.00946	0.01247	0.02773	0.69393	0.08328	0.01459	0.00612	0.00195	0.00292	0.09330	0.00443	0.00395
17	0.01046	0.01046	0.01464	0.01255	0.01255	0.01464	0.01046	0.01150	0.00732	0.01150	0.00627	0.01046	0.00627	0.00837	0.01569	0.00209	0.82328	0.00418	0.00209	0.00523
18	0.01340	0.73570	0.02364	0.00868	0.01257	0.11589	0.00831	0.01490	0.01018	0.01130	0.00674	0.00778	0.00614	0.00419	0.00322	0.00105	0.00554	0.00262	0.00210	0.00606
19	0.01046	0.01046	0.01464	0.01255	0.01255	0.01464	0.01046	0.01150	0.00732	0.01150	0.00627	0.01046	0.00627	0.00837	0.01569	0.00209	0.82328	0.00418	0.00209	0.00523
20	0.00984	0.00841	0.00983	0.00706	0.01123	0.00633	0.00564	0.01197	0.00999	0.01566	0.02648	0.01050	0.00794	0.00368	0.00359	0.00073	0.00351	0.00296	0.00289	0.84177
21	0.37958	0.02330	0.12438	0.03622	0.01398	0.06982	0.10160	0.02722	0.00975	0.01757	0.00964	0.04335	0.00831	0.00554	0.00447	0.00154	0.03305	0.04641	0.03871	0.00557
22	0.00770	0.00550	0.00770	0.00880	0.00990	0.00550	0.00770	0.00990	0.01100	0.01430	0.02531	0.05391	0.02751	0.01320	0.00660	0.00220	0.00440	0.77004	0.00440	0.00440
23	0.01019	0.00994	0.01171	0.01041	0.01110	0.08806	0.00832	0.01233	0.07348	0.01216	0.01130	0.01571	0.04460	0.08423	0.13285	0.00299	0.43092	0.00483	0.01985	0.00504
24	0.86579	0.00924	0.00702	0.00629	0.00924	0.01072	0.00518	0.01405	0.00813	0.02144	0.00666	0.00776	0.00518	0.00444	0.00296	0.00148	0.00370	0.00259	0.00296	0.00518
25	0.00621	0.00463	0.00576	0.00638	0.00720	0.00426	0.00466	0.00744	0.01020	0.01324	0.10615	0.39355	0.23077	0.05265	0.00689	0.00198	0.00297	0.12660	0.00444	0.00401
26	0.00616	0.00430	0.00547	0.00637	0.00688	0.00401	0.00439	0.00721	0.00946	0.01286	0.02728	0.65559	0.09788	0.01379	0.00583	0.00185	0.00275	0.04119	0.08278	0.00397
27	0.01142	0.01094	0.01866	0.14430	0.69043	0.01125	0.01447	0.01431	0.01069	0.01512	0.00892	0.01196	0.00740	0.00433	0.00474	0.00144	0.00578	0.00426	0.00233	0.00724
28	0.02644	0.00514	0.00644	0.00604	0.00730	0.00484	0.00455	0.00972	0.03167	0.02999	0.69350	0.03408	0.07044	0.00945	0.00546	0.00149	0.00235	0.00827	0.03821	0.00463
29	0.00592	0.00455	0.00542	0.00589	0.00682	0.00406	0.00419	0.00712	0.01047	0.01348	0.14243	0.40014	0.33349	0.01310	0.00587	0.00176	0.00259	0.02410	0.00455	0.00404
30	0.02967	0.00861	0.01020	0.00983	0.04591	0.07764	0.00730	0.07176	0.02531	0.09289	0.01305	0.09723	0.01207	0.03661	0.29543	0.03713	0.11538	0.00550	0.00322	0.00527
31	0.86579	0.00924	0.00702	0.00629	0.00924	0.01072	0.00518	0.01405	0.00813	0.02144	0.00666	0.00776	0.00518	0.00444	0.00296	0.00148	0.00370	0.00259	0.00296	0.00518
32	0.01216	0.05107	0.03494	0.03954	0.28163	0.01114	0.04026	0.08452	0.21700	0.05067	0.05997	0.01605	0.01239	0.00564	0.00476	0.00148	0.00481	0.02285	0.04208	0.00705
33	0.00735	0.00496	0.00645	0.00643	0.00755	0.00456	0.00483	0.00918	0.01215	0.05961	0.45965	0.20723	0.10350	0.01117	0.00578	0.00167	0.00267	0.07577	0.00498	0.00452
34	0.01127	0.01146	0.05265	0.29427	0.27288	0.07431	0.05290	0.03657	0.02411	0.02837	0.00996	0.01386	0.00809	0.00508	0.00500	0.00152	0.02248	0.03388	0.03507	0.00629
35	0.00610	0.00486	0.00548	0.00540	0.00680	0.00424	0.00407	0.00769	0.01177	0.01511	0.30835	0.06110	0.49764	0.01139	0.00568	0.00160	0.00243	0.03136	0.00472	0.00421
36	0.01290	0.07677	0.03607	0.16213	0.03456	0.10030	0.16854	0.11937	0.14693	0.04462	0.01198	0.01337	0.02261	0.00518	0.00476	0.00148	0.00604	0.00459	0.02126	0.00654
37	0.02669	0.01140	0.01144	0.00927	0.01225	0.06442	0.00747	0.45864	0.07126	0.02449	0.01257	0.01322	0.00939	0.00622	0.02064	0.00147	0.00477	0.00428	0.19880	0.03132
38	0.00689	0.00494	0.00671	0.00682	0.00737	0.00536	0.00492	0.00801	0.00783	0.01089	0.03172	0.05549	0.01637	0.31361	0.43229	0.00588	0.00875	0.05943	0.00293	0.00378
39	0.01545	0.23544	0.01641	0.01020	0.01366	0.13986	0.00857	0.31093	0.16743	0.02020	0.01109	0.01124	0.00854	0.00531	0.00426	0.00133	0.00546	0.00386	0.00370	0.00708
40	0.00935	0.00911	0.05849	0.15642	0.13851	0.00852	0.04267	0.01247	0.06733	0.02760	0.01554	0.13296	0.06613	0.05945	0.00658	0.00171	0.03644	0.02142	0.00311	0.12618
41	0.00878	0.04555	0.05539	0.01048	0.08292	0.05289	0.07104	0.01091	0.02460	0.03284	0.11537	0.29535	0.10600	0.01013	0.02175	0.00173	0.00433	0.00851	0.00377	0.03766
42	0.06116	0.19730	0.13853	0.00941	0.03280	0.03765	0.00868	0.04105	0.09410	0.05073	0.01201	0.04367	0.04092	0.00522	0.00404	0.00123	0.00471	0.00403	0.00306	0.20971
43	0.07215	0.05555	0.09800	0.06806	0.14091	0.08349	0.04381	0.05754	0.04237	0.07342	0.02748	0.08297	0.01056	0.00707	0.04091	0.00170	0.00567	0.00483	0.00313	0.08041
44	0.09900	0.06295	0.06643	0.09508	0.06316	0.04991	0.02514	0.11700	0.04374	0.06940	0.05712	0.02596	0.03007	0.00534	0.00432	0.00132	0.00480	0.00429	0.02003	0.15493
45	0.16536	0.12072	0.12945	0.05468	0.02977	0.01104	0.01908	0.09482	0.06632	0.10744	0.03131	0.02518	0.02273	0.01452	0.00480	0.02636	0.00477	0.00408	0.00336	0.06419

[dist]
# distance from previous block
# <min> <max>
2	30

[block]
# block no. 5 follows, 53 sequences, length 35
# corresponding to MSA columns:
# 268-302
name=unknown_F
#
# <colnr> <probs for GDERKNQSTAVLIFYWHMCP>
#	G	D	E	R	K	N	Q	S	T	A	V	L	I	F	Y	W	H	M	C	P
0	0.03861	0.00909	0.08720	0.05392	0.01187	0.00811	0.00735	0.11369	0.12553	0.02496	0.13981	0.19246	0.05853	0.02634	0.02725	0.00181	0.00414	0.00729	0.02225	0.03977
1	0.00769	0.00607	0.00820	0.12399	0.04151	0.00632	0.00645	0.01009	0.06539	0.03425	0.13903	0.25087	0.18649	0.01132	0.02861	0.02525	0.03090	0.00883	0.00402	0.00472
2	0.02369	0.02522	0.01106	0.10427	0.10231	0.00825	0.01875	0.05324	0.09272	0.03594	0.09525	0.08577	0.06526	0.03216	0.04443	0.00179	0.00457	0.01976	0.00357	0.17200
3	0.05565	0.00817	0.01040	0.00840	0.01132	0.00791	0.03202	0.11070	0.06518	0.38008	0.16865	0.04046	0.01810	0.00677	0.00486	0.00148	0.00382	0.00566	0.05348	0.00688
4	0.00915	0.00979	0.10595	0.12079	0.07874	0.03946	0.04159	0.01237	0.06257	0.04305	0.16040	0.11507	0.10375	0.02976	0.03226	0.00186	0.01748	0.00688	0.00360	0.00547
5	0.00934	0.00843	0.04608	0.11493	0.19561	0.00813	0.02527	0.03666	0.01049	0.03898	0.09071	0.19790	0.01762	0.05946	0.03904	0.00204	0.03758	0.02389	0.00334	0.03450
6	0.03292	0.04518	0.10329	0.15875	0.07338	0.08365	0.05971	0.05711	0.03312	0.01428	0.01050	0.02795	0.02356	0.06655	0.00786	0.00180	0.13787	0.01744	0.02032	0.02477
7	0.09525	0.05278	0.10061	0.05340	0.02934	0.03792	0.05964	0.17267	0.06271	0.07395	0.04042	0.01382	0.02979	0.00533	0.00443	0.00136	0.00502	0.01699	0.00353	0.14106
8	0.01109	0.14245	0.15277	0.10346	0.03397	0.01134	0.05494	0.10748	0.07495	0.01663	0.06128	0.01425	0.04645	0.00528	0.00442	0.00132	0.00513	0.00435	0.00308	0.14537
9	0.06726	0.00777	0.01040	0.07109	0.03969	0.02416	0.06484	0.07208	0.01235	0.10909	0.22107	0.05280	0.13964	0.00921	0.03761	0.00181	0.01762	0.03183	0.00420	0.00550
10	0.00955	0.05983	0.16181	0.00924	0.01201	0.02263	0.03375	0.07287	0.09831	0.01541	0.06679	0.09670	0.13466	0.07104	0.02007	0.01305	0.06380	0.00643	0.02651	0.00556
11	0.00842	0.00540	0.00686	0.00656	0.00778	0.00525	0.00485	0.04305	0.01129	0.08479	0.27047	0.16962	0.09238	0.09013	0.12765	0.00278	0.00444	0.00823	0.04542	0.00465
12	0.04762	0.10168	0.03054	0.05703	0.04587	0.05395	0.02396	0.20966	0.26175	0.03637	0.01278	0.01313	0.00969	0.00564	0.00496	0.00147	0.04061	0.00435	0.03193	0.00700
13	0.03094	0.07243	0.24530	0.01097	0.04071	0.03127	0.01061	0.13764	0.05777	0.11817	0.01170	0.01253	0.02562	0.02087	0.00513	0.00143	0.03300	0.00398	0.00335	0.12656
14	0.06642	0.10277	0.06838	0.01188	0.06514	0.15309	0.04026	0.17915	0.05199	0.16977	0.01115	0.01153	0.00814	0.00526	0.00481	0.00141	0.03427	0.00394	0.00366	0.00698
15	0.03419	0.29232	0.04609	0.00981	0.01358	0.02865	0.00878	0.33888	0.07721	0.05992	0.01075	0.01161	0.00834	0.00536	0.00436	0.00134	0.01835	0.01965	0.00368	0.00713
16	0.23996	0.11556	0.23966	0.00922	0.01374	0.01112	0.00955	0.07214	0.02518	0.02586	0.00881	0.03093	0.00707	0.00468	0.00381	0.00130	0.00490	0.00339	0.00279	0.17030
17	0.01330	0.00757	0.00911	0.00717	0.01027	0.00663	0.00574	0.05764	0.03479	0.24844	0.08954	0.01613	0.01342	0.00544	0.00418	0.00116	0.00341	0.00444	0.17279	0.28885
18	0.01016	0.00541	0.00649	0.00580	0.00736	0.00524	0.03511	0.02823	0.01088	0.10014	0.07430	0.02013	0.04124	0.03906	0.00470	0.00136	0.00282	0.00513	0.59149	0.00492
19	0.00777	0.00669	0.03935	0.03495	0.00958	0.00638	0.00610	0.01149	0.13220	0.01622	0.30605	0.17030	0.06217	0.04570	0.02183	0.00192	0.02614	0.06686	0.02339	0.00492
20	0.00588	0.00418	0.00553	0.00658	0.00684	0.00392	0.00436	0.00667	0.00903	0.01205	0.02574	0.78657	0.03086	0.05835	0.00707	0.00208	0.00287	0.01324	0.00436	0.00383
21	0.04721	0.01179	0.05956	0.06477	0.01509	0.03269	0.03973	0.14255	0.45332	0.05772	0.01558	0.01512	0.01150	0.00589	0.00476	0.00156	0.00469	0.00485	0.00431	0.00731
22	0.01101	0.00894	0.01047	0.00763	0.01168	0.00735	0.00615	0.07423	0.01096	0.04535	0.00904	0.01029	0.00731	0.00397	0.00410	0.00084	0.03147	0.00307	0.00307	0.73309
23	0.01112	0.08306	0.10703	0.07724	0.04551	0.02691	0.07828	0.09677	0.16634	0.01623	0.02336	0.07866	0.03671	0.03457	0.00669	0.00170	0.09483	0.00542	0.00329	0.00627
24	0.01148	0.11340	0.24258	0.14400	0.05211	0.02974	0.06789	0.09743	0.05302	0.04764	0.04961	0.02716	0.03252	0.00542	0.00465	0.00147	0.00584	0.00454	0.00296	0.00653
25	0.20706	0.18908	0.03657	0.20051	0.10823	0.01280	0.02439	0.03616	0.00977	0.03604	0.00808	0.01030	0.00651	0.00484	0.00487	0.00144	0.07295	0.00352	0.02097	0.00592
26	0.01785	0.02278	0.01354	0.01231	0.01478	0.81284	0.00924	0.01909	0.01354	0.01170	0.00739	0.00862	0.00616	0.00493	0.00431	0.00123	0.00862	0.00308	0.00246	0.00554
27	0.00616	0.00450	0.00582	0.00640	0.00693	0.00440	0.00440	0.00712	0.00891	0.01185	0.04192	0.45350	0.12715	0.12895	0.15557	0.00330	0.00480	0.01058	0.00390	0.00385
28	0.01048	0.01051	0.01494	0.01272	0.01282	0.01458	0.02746	0.01159	0.00741	0.01159	0.00635	0.01051	0.00630	0.00827	0.01546	0.00208	0.80538	0.00421	0.00210	0.00526
29	0.01107	0.06649	0.47984	0.01449	0.02042	0.01216	0.19667	0.09131	0.03267	0.01656	0.00930	0.01096	0.00678	0.00456	0.00475	0.00150	0.00692	0.00410	0.00246	0.00698
30	0.00570	0.00481	0.00493	0.00498	0.00650	0.00404	0.00370	0.00692	0.01089	0.01309	0.07277	0.08601	0.73502	0.01217	0.00567	0.00163	0.00243	0.01022	0.00447	0.00404
31	0.03454	0.13385	0.14734	0.04059	0.08292	0.01191	0.00992	0.10787	0.14650	0.03301	0.02677	0.06242	0.04610	0.00630	0.00526	0.00150	0.05965	0.00494	0.03208	0.00652
32	0.01740	0.00902	0.01129	0.00893	0.01216	0.00891	0.02290	0.14672	0.09899	0.42824	0.01627	0.01528	0.01108	0.00586	0.00501	0.00144	0.03391	0.00466	0.09915	0.04278
33	0.03607	0.00556	0.00743	0.00685	0.00825	0.00525	0.04662	0.00952	0.04068	0.01730	0.49798	0.13857	0.14144	0.01016	0.00558	0.00159	0.00276	0.00900	0.00480	0.00460
34	0.24099	0.35605	0.16613	0.00946	0.02873	0.04088	0.00939	0.07347	0.01048	0.01625	0.00745	0.00855	0.00604	0.00442	0.00352	0.00128	0.00524	0.00293	0.00251	0.00621

[dist]
# distance from previous block
# <min> <max>
2	3

[block]
# block no. 6 follows, 53 sequences, length 13
# corresponding to MSA columns:
# 307-319
name=unknown_G
#
# <colnr> <probs for GDERKNQSTAVLIFYWHMCP>
#	G	D	E	R	K	N	Q	S	T	A	V	L	I	F	Y	W	H	M	C	P
0	0.01930	0.00828	0.01077	0.00847	0.01187	0.00759	0.00692	0.06129	0.07639	0.63463	0.06360	0.01732	0.01380	0.00617	0.00482	0.00148	0.00395	0.00504	0.03055	0.00777
1	0.02128	0.00840	0.01125	0.00863	0.01233	0.00742	0.00713	0.06149	0.01412	0.76670	0.01849	0.01603	0.01165	0.00591	0.00481	0.00148	0.00413	0.00478	0.00586	0.00813
2	0.00695	0.00463	0.00521	0.00521	0.00521	0.00463	0.00290	0.00695	0.00695	0.00927	0.01506	0.03128	0.01738	0.83203	0.02433	0.00463	0.00463	0.00695	0.00290	0.00290
3	0.00609	0.00435	0.00561	0.00645	0.00683	0.00409	0.00435	0.00698	0.00928	0.01234	0.06902	0.61326	0.06628	0.11806	0.00839	0.00225	0.00303	0.04523	0.00429	0.00382
4	0.01278	0.83490	0.02505	0.00818	0.01227	0.01891	0.00818	0.01431	0.00971	0.01125	0.00664	0.00767	0.00613	0.00409	0.00307	0.00102	0.00511	0.00256	0.00204	0.00613
5	0.00586	0.00485	0.00514	0.00507	0.00659	0.00413	0.00380	0.00727	0.01140	0.01410	0.19170	0.04403	0.65624	0.01166	0.00565	0.00159	0.00239	0.00981	0.00460	0.00413
6	0.00582	0.00416	0.00555	0.00666	0.00693	0.00388	0.00444	0.00666	0.00915	0.01220	0.02634	0.82891	0.03161	0.01497	0.00610	0.00194	0.00277	0.01359	0.00444	0.00388
7	0.06824	0.00948	0.01166	0.00899	0.01268	0.00914	0.00743	0.20974	0.01552	0.57130	0.01636	0.01461	0.01055	0.00579	0.00470	0.00147	0.00434	0.00456	0.00547	0.00797
8	0.00991	0.00850	0.00991	0.00708	0.01133	0.00637	0.00566	0.01203	0.00991	0.01557	0.00850	0.00991	0.00708	0.00354	0.00354	0.00071	0.00354	0.00283	0.00283	0.86124
9	0.00991	0.00850	0.00991	0.00708	0.01133	0.00637	0.00566	0.01203	0.00991	0.01557	0.00850	0.00991	0.00708	0.00354	0.00354	0.00071	0.00354	0.00283	0.00283	0.86124
10	0.00683	0.00512	0.00768	0.00768	0.00853	0.00597	0.00597	0.00853	0.00768	0.01110	0.01280	0.01878	0.01195	0.03585	0.81308	0.00768	0.01280	0.00512	0.00256	0.00427
11	0.03656	0.45474	0.09552	0.00919	0.01277	0.08838	0.00884	0.05764	0.01068	0.03485	0.00863	0.01103	0.00757	0.03660	0.00511	0.00137	0.05339	0.02106	0.04005	0.00602
12	0.01318	0.01042	0.02954	0.00887	0.01226	0.05251	0.00726	0.14229	0.12868	0.12024	0.05006	0.01440	0.03039	0.00609	0.02076	0.00136	0.03957	0.00429	0.00393	0.30391

[dist]
# distance from previous block
# <min> <max>
0	8

[block]
# block no. 7 follows, 53 sequences, length 13
# corresponding to MSA columns:
# 328-340
name=unknown_H
#
# <colnr> <probs for GDERKNQSTAVLIFYWHMCP>
#	G	D	E	R	K	N	Q	S	T	A	V	L	I	F	Y	W	H	M	C	P
0	0.18390	0.02504	0.09576	0.01131	0.08129	0.04719	0.08794	0.04822	0.04522	0.04608	0.01322	0.09413	0.05380	0.00595	0.00441	0.00141	0.00482	0.00500	0.00320	0.14211
1	0.00960	0.00924	0.01427	0.67509	0.02963	0.04115	0.03590	0.01300	0.03596	0.01281	0.00885	0.01254	0.00672	0.00472	0.00469	0.00151	0.00620	0.00417	0.00229	0.07166
2	0.01178	0.29389	0.05869	0.07118	0.04804	0.03396	0.08712	0.04683	0.07089	0.04048	0.05600	0.04201	0.01055	0.00516	0.00421	0.00127	0.00516	0.00428	0.00293	0.10555
3	0.00875	0.00451	0.00470	0.00470	0.00580	0.00457	0.00354	0.01094	0.00984	0.01730	0.01538	0.01789	0.01223	0.00791	0.06600	0.00162	0.00305	0.00451	0.79232	0.00444
4	0.03586	0.01096	0.01303	0.06429	0.01397	0.08663	0.03496	0.05166	0.17993	0.01481	0.02605	0.01344	0.00951	0.00987	0.09216	0.00238	0.32710	0.00454	0.00300	0.00583
5	0.00686	0.00499	0.00700	0.00700	0.00762	0.00561	0.00513	0.00810	0.00748	0.01059	0.01342	0.02221	0.01344	0.25465	0.59632	0.00684	0.01056	0.00562	0.00265	0.00389
6	0.00687	0.00494	0.00679	0.00679	0.00733	0.00549	0.00486	0.00796	0.00742	0.01043	0.01362	0.02329	0.01391	0.32358	0.52803	0.00658	0.00985	0.00578	0.00268	0.00377
7	0.01062	0.01097	0.08068	0.26868	0.23504	0.01067	0.07989	0.03402	0.08002	0.03493	0.01180	0.04069	0.02976	0.02547	0.00563	0.00163	0.02538	0.00496	0.00277	0.00637
8	0.00990	0.04917	0.23168	0.01231	0.11481	0.00911	0.03380	0.03250	0.04297	0.05085	0.15930	0.09391	0.05098	0.00698	0.00528	0.00150	0.03207	0.00595	0.00341	0.05351
9	0.04208	0.02760	0.04946	0.00804	0.02640	0.02116	0.02276	0.03701	0.06952	0.08153	0.19754	0.24400	0.09576	0.02660	0.00567	0.00168	0.00351	0.00838	0.02608	0.00523
10	0.15279	0.01243	0.12548	0.05518	0.09933	0.04656	0.07151	0.05534	0.07016	0.07685	0.01139	0.03407	0.02601	0.00520	0.00463	0.00142	0.02350	0.00426	0.00315	0.12075
11	0.03440	0.14346	0.11856	0.02661	0.06296	0.04682	0.03228	0.07732	0.04402	0.05625	0.09842	0.06748	0.02971	0.00596	0.00444	0.00132	0.00478	0.00491	0.00333	0.13695
12	0.06922	0.07478	0.06345	0.01007	0.05002	0.07042	0.06513	0.07644	0.01198	0.04927	0.14472	0.07408	0.06597	0.00662	0.00478	0.00137	0.01562	0.00554	0.00354	0.13698

[dist]
# distance from previous block
# <min> <max>
0	26

[block]
# block no. 8 follows, 53 sequences, length 23
# corresponding to MSA columns:
# 369-386,404-408
name=unknown_I
#
# <colnr> <probs for GDERKNQSTAVLIFYWHMCP>
#	G	D	E	R	K	N	Q	S	T	A	V	L	I	F	Y	W	H	M	C	P
0	0.07196	0.13270	0.12413	0.07831	0.07588	0.12455	0.02595	0.08314	0.03929	0.01615	0.05950	0.01180	0.00932	0.00488	0.00421	0.00129	0.00555	0.00379	0.00286	0.12476
1	0.00917	0.01914	0.18517	0.06026	0.11609	0.00850	0.05189	0.02989	0.03823	0.03267	0.10180	0.15304	0.07124	0.02230	0.03288	0.00185	0.02513	0.01484	0.00334	0.02258
2	0.00773	0.00594	0.00800	0.05046	0.02438	0.00606	0.02245	0.03545	0.03722	0.01646	0.37263	0.09879	0.08140	0.05958	0.04961	0.00211	0.02788	0.05235	0.03681	0.00469
3	0.00885	0.00782	0.05367	0.13405	0.07593	0.00730	0.10522	0.01030	0.02591	0.01253	0.07703	0.04221	0.04635	0.02527	0.02634	0.29877	0.00510	0.00535	0.02758	0.00440
4	0.00595	0.00425	0.00567	0.00669	0.00705	0.00398	0.00456	0.00691	0.00947	0.01269	0.07176	0.75479	0.03226	0.01461	0.00609	0.00192	0.00280	0.04014	0.00448	0.00394
5	0.00892	0.01009	0.13310	0.09972	0.08200	0.00824	0.07491	0.03750	0.04148	0.02520	0.06298	0.21884	0.07660	0.00866	0.00564	0.00168	0.02896	0.04807	0.02188	0.00553
6	0.01033	0.01463	0.30109	0.14907	0.07444	0.01008	0.05586	0.04866	0.05134	0.03882	0.08379	0.01423	0.01099	0.00530	0.00494	0.00148	0.02485	0.00449	0.04500	0.05060
7	0.04588	0.00667	0.00705	0.02431	0.00901	0.00677	0.00522	0.01279	0.23120	0.01582	0.09748	0.03508	0.43971	0.00987	0.00532	0.00162	0.00300	0.03355	0.00451	0.00516
8	0.03064	0.05868	0.08603	0.03350	0.01440	0.09819	0.05553	0.10782	0.03974	0.01684	0.03182	0.01110	0.00825	0.00453	0.00430	0.00112	0.01854	0.00357	0.00300	0.37239
9	0.02739	0.01225	0.05923	0.03614	0.01638	0.07023	0.18857	0.16846	0.07947	0.10406	0.06148	0.01402	0.01080	0.00524	0.00479	0.00140	0.00556	0.00470	0.02078	0.10906
10	0.01076	0.00849	0.01010	0.00749	0.01142	0.00682	0.00604	0.01322	0.03648	0.07342	0.01012	0.01213	0.00834	0.00428	0.00414	0.00089	0.02807	0.02870	0.00316	0.71595
11	0.04129	0.11193	0.07510	0.05798	0.04158	0.02843	0.03182	0.18102	0.05092	0.05657	0.06704	0.04386	0.01123	0.00556	0.00461	0.00132	0.02089	0.00445	0.00349	0.16090
12	0.01191	0.35568	0.11808	0.00927	0.01262	0.02365	0.00885	0.09286	0.09455	0.01441	0.00969	0.03435	0.00837	0.00676	0.00645	0.11000	0.05345	0.00382	0.01928	0.00594
13	0.00688	0.00479	0.00599	0.00599	0.00630	0.00505	0.00389	0.00745	0.00726	0.00993	0.01502	0.02759	0.03170	0.56115	0.27565	0.00554	0.00720	0.00643	0.00282	0.00336
14	0.00829	0.00509	0.00745	0.00754	0.02697	0.00547	0.00530	0.04197	0.00760	0.01048	0.01011	0.01589	0.00962	0.02289	0.30964	0.48810	0.00742	0.00452	0.00238	0.00328
15	0.01165	0.00824	0.00787	0.00701	0.00896	0.06237	0.00545	0.15209	0.14045	0.01995	0.01493	0.01607	0.01149	0.00570	0.00391	0.00126	0.00346	0.00449	0.50895	0.00569
16	0.10352	0.47895	0.10568	0.02687	0.01303	0.04450	0.00875	0.01465	0.05857	0.01366	0.03275	0.01131	0.04301	0.00499	0.00387	0.00125	0.02266	0.00345	0.00253	0.00602
17	0.13584	0.01052	0.02673	0.00971	0.03512	0.03384	0.02252	0.19710	0.19169	0.05276	0.05534	0.01518	0.03781	0.00680	0.01862	0.02720	0.03328	0.00464	0.02357	0.06171
18	0.03621	0.01049	0.17568	0.00905	0.01217	0.00738	0.04263	0.03060	0.04195	0.19043	0.11874	0.12773	0.08024	0.03810	0.02533	0.03207	0.00457	0.00667	0.00407	0.00588
19	0.01094	0.09787	0.09934	0.01079	0.08415	0.00950	0.03122	0.03393	0.02969	0.04696	0.02835	0.02963	0.00914	0.00485	0.00466	0.00114	0.04513	0.02022	0.00292	0.39957
20	0.00725	0.00556	0.00795	0.00778	0.00887	0.00634	0.00606	0.00966	0.05389	0.01179	0.01302	0.01837	0.01191	0.03286	0.73390	0.00705	0.01191	0.00505	0.00271	0.03807
21	0.01030	0.03464	0.08889	0.04571	0.03594	0.06169	0.02252	0.01407	0.12220	0.03832	0.01379	0.15839	0.01293	0.03200	0.01788	0.00157	0.03675	0.00566	0.02038	0.22637
22	0.73142	0.01082	0.08560	0.00721	0.01055	0.01083	0.00654	0.01483	0.05481	0.02074	0.00760	0.00859	0.00582	0.00457	0.00323	0.00149	0.00403	0.00285	0.00298	0.00550

[dist]
# distance from previous block
# <min> <max>
1	33

# created by:
# /home/cegg/simao/soft/augustus-3.2.1/scripts/msa2prfl.pl ./align_prep/EOG091G0QE1.fa
