[name]
unknown

[dist]
# distance from previous block
# <min> <max>
0	23

[block]
# block no. 0 follows, 50 sequences, length 21
# corresponding to MSA columns:
# 23-43
name=unknown_A
#
# <colnr> <probs for GDERKNQSTAVLIFYWHMCP>
#	G	D	E	R	K	N	Q	S	T	A	V	L	I	F	Y	W	H	M	C	P
0	0.00915	0.02113	0.62691	0.01263	0.01846	0.00994	0.01542	0.01387	0.01031	0.01512	0.01296	0.18649	0.01210	0.00710	0.00509	0.00168	0.00640	0.00596	0.00265	0.00665
1	0.19356	0.00812	0.01020	0.23320	0.03224	0.03827	0.03308	0.01176	0.01005	0.03856	0.02977	0.25889	0.06606	0.00870	0.00507	0.00172	0.00463	0.00748	0.00349	0.00514
2	0.19446	0.02197	0.60793	0.01272	0.01910	0.01152	0.03459	0.01554	0.01011	0.01722	0.00854	0.01007	0.00615	0.00470	0.00441	0.00157	0.00663	0.00352	0.00233	0.00692
3	0.19668	0.00709	0.00827	0.00711	0.00950	0.00689	0.00564	0.01498	0.01294	0.25234	0.39086	0.02487	0.02765	0.00778	0.00501	0.00155	0.00324	0.00645	0.00517	0.00598
4	0.00603	0.00449	0.00562	0.00653	0.00712	0.00408	0.00444	0.00699	0.00994	0.01288	0.03247	0.65373	0.19758	0.01497	0.00626	0.00195	0.00281	0.01338	0.00463	0.00408
5	0.19425	0.00831	0.02523	0.22841	0.03674	0.00887	0.03817	0.03469	0.02073	0.06119	0.03114	0.22363	0.01517	0.00802	0.00497	0.00171	0.00467	0.01973	0.02889	0.00549
6	0.01648	0.01186	0.01305	0.01026	0.01363	0.01286	0.00837	0.58608	0.02111	0.05383	0.18126	0.01761	0.01697	0.00690	0.00518	0.00151	0.00476	0.00549	0.00513	0.00766
7	0.00614	0.00506	0.00540	0.00531	0.00689	0.00432	0.00399	0.00764	0.01196	0.01488	0.21118	0.04564	0.63015	0.01210	0.00589	0.00166	0.00249	0.01019	0.00481	0.00432
8	0.00715	0.00521	0.00737	0.00737	0.00804	0.00588	0.00543	0.00849	0.00782	0.01110	0.01394	0.02283	0.01387	0.23369	0.61070	0.00722	0.01123	0.00582	0.00276	0.00409
9	0.01268	0.20189	0.45672	0.01235	0.01829	0.01423	0.01427	0.18077	0.01324	0.01827	0.00915	0.01027	0.00680	0.00490	0.00445	0.00145	0.00650	0.00363	0.00274	0.00739
10	0.57899	0.03619	0.02165	0.00746	0.01081	0.01067	0.00629	0.05140	0.01064	0.19038	0.02853	0.01092	0.00808	0.00515	0.00369	0.00153	0.00408	0.00345	0.00385	0.00625
11	0.01218	0.64947	0.02220	0.00867	0.01226	0.01669	0.00842	0.01393	0.01042	0.01242	0.01115	0.01846	0.01123	0.00633	0.00400	0.00133	0.00517	0.16702	0.00267	0.00600
12	0.01169	0.14819	0.25029	0.00977	0.01393	0.04942	0.01011	0.04674	0.08582	0.04138	0.01230	0.03939	0.00982	0.00549	0.00424	0.00135	0.00512	0.00426	0.18730	0.06339
13	0.01367	0.01036	0.00982	0.03716	0.02647	0.16342	0.00683	0.09526	0.01386	0.13796	0.18231	0.01952	0.01812	0.00731	0.02150	0.00153	0.00472	0.00535	0.21886	0.00596
14	0.00725	0.00483	0.00544	0.00544	0.00544	0.00483	0.00302	0.00725	0.00725	0.00966	0.01571	0.03262	0.01812	0.82483	0.02537	0.00483	0.00483	0.00725	0.00302	0.00302
15	0.01154	0.01118	0.01831	0.29057	0.51947	0.03339	0.01466	0.01457	0.01097	0.01499	0.00916	0.01256	0.00744	0.00464	0.00494	0.00154	0.00625	0.00440	0.00239	0.00705
16	0.01020	0.05870	0.30733	0.01455	0.06841	0.04060	0.19698	0.01397	0.01112	0.01495	0.01807	0.01929	0.17713	0.00636	0.00539	0.00159	0.02047	0.00569	0.00280	0.00642
17	0.00634	0.00482	0.00591	0.00645	0.00739	0.00431	0.00456	0.00755	0.01056	0.01382	0.10618	0.48219	0.23857	0.01378	0.00610	0.00185	0.00282	0.03592	0.00465	0.03623
18	0.04257	0.08172	0.04574	0.01526	0.18375	0.10772	0.01065	0.33465	0.07045	0.02233	0.03055	0.01229	0.00920	0.00548	0.00473	0.00145	0.00581	0.00428	0.00377	0.00758
19	0.03362	0.26561	0.06358	0.00910	0.03272	0.01212	0.00804	0.09361	0.01173	0.02997	0.01006	0.01109	0.03204	0.00454	0.00385	0.00105	0.00465	0.00338	0.00296	0.36629
20	0.01280	0.01368	0.03178	0.01160	0.05621	0.24240	0.03123	0.01916	0.29214	0.01707	0.14183	0.06498	0.02939	0.00719	0.00513	0.00156	0.00541	0.00593	0.00408	0.00643

[dist]
# distance from previous block
# <min> <max>
0	2

[block]
# block no. 1 follows, 50 sequences, length 43
# corresponding to MSA columns:
# 46-88
name=unknown_B
#
# <colnr> <probs for GDERKNQSTAVLIFYWHMCP>
#	G	D	E	R	K	N	Q	S	T	A	V	L	I	F	Y	W	H	M	C	P
0	0.02598	0.04872	0.01222	0.04424	0.03845	0.01161	0.00801	0.21761	0.28491	0.05707	0.11185	0.01866	0.03345	0.00673	0.00494	0.00155	0.00428	0.00550	0.05704	0.00719
1	0.00778	0.00536	0.00636	0.00620	0.00655	0.00559	0.00392	0.04384	0.00815	0.01104	0.01509	0.02923	0.01662	0.64010	0.16910	0.00526	0.00644	0.00676	0.00305	0.00354
2	0.01199	0.01405	0.06507	0.02028	0.02539	0.01268	0.70729	0.04839	0.01220	0.01662	0.01011	0.01324	0.00754	0.00430	0.00579	0.00167	0.00823	0.00572	0.00261	0.00683
3	0.00705	0.00525	0.00756	0.00759	0.00841	0.00594	0.00575	0.00860	0.00814	0.01150	0.01573	0.04460	0.05032	0.11323	0.66825	0.00723	0.01171	0.00602	0.00285	0.00429
4	0.01113	0.01049	0.01756	0.27814	0.48124	0.01109	0.01408	0.01414	0.01087	0.01509	0.00991	0.01442	0.00836	0.00498	0.00497	0.00154	0.00599	0.03657	0.00250	0.04694
5	0.00667	0.00515	0.00650	0.00645	0.00757	0.00516	0.00482	0.00816	0.00994	0.01315	0.12637	0.03353	0.30264	0.10368	0.33260	0.00456	0.00713	0.00790	0.00378	0.00425
6	0.82236	0.00983	0.00767	0.00677	0.00990	0.01137	0.00558	0.04880	0.00915	0.02277	0.00717	0.00827	0.00554	0.00469	0.00317	0.00154	0.00393	0.00278	0.00317	0.00554
7	0.01176	0.21297	0.50350	0.01237	0.01834	0.06307	0.01463	0.02961	0.02659	0.03333	0.02509	0.01072	0.00754	0.00486	0.00440	0.00144	0.00671	0.00361	0.00242	0.00704
8	0.01322	0.25459	0.18747	0.01239	0.05049	0.10750	0.04807	0.09259	0.01205	0.03760	0.01008	0.07021	0.00886	0.00588	0.00537	0.00146	0.06830	0.00442	0.00280	0.00664
9	0.47050	0.22988	0.10530	0.00846	0.01232	0.07522	0.00808	0.01527	0.00960	0.01798	0.00723	0.00842	0.00585	0.00458	0.00342	0.00140	0.00506	0.00284	0.00268	0.00592
10	0.03223	0.44243	0.13442	0.01052	0.01481	0.04108	0.03207	0.11058	0.02883	0.04307	0.00868	0.00979	0.00707	0.00500	0.00475	0.00133	0.06040	0.00341	0.00274	0.00681
11	0.04366	0.01005	0.01106	0.00884	0.01223	0.05224	0.02532	0.13811	0.06882	0.01843	0.02798	0.05082	0.01133	0.03348	0.05418	0.00172	0.00501	0.02990	0.00358	0.39323
12	0.01211	0.01178	0.01938	0.09867	0.65362	0.03437	0.03026	0.01503	0.01124	0.01573	0.00965	0.01338	0.00821	0.00482	0.00522	0.00153	0.02235	0.02268	0.00249	0.00747
13	0.01954	0.01240	0.01392	0.01074	0.01464	0.01322	0.00885	0.54906	0.05516	0.22872	0.01433	0.01355	0.00978	0.00607	0.00500	0.00152	0.00509	0.00467	0.00530	0.00845
14	0.00724	0.00484	0.00548	0.00546	0.00550	0.00483	0.00308	0.00732	0.00747	0.01001	0.04127	0.03277	0.01907	0.79797	0.02473	0.00472	0.00475	0.00731	0.00310	0.00308
15	0.00658	0.00516	0.00609	0.00698	0.00751	0.03417	0.00475	0.00758	0.01011	0.01317	0.07110	0.68808	0.09083	0.01469	0.00623	0.00194	0.00306	0.01319	0.00460	0.00416
16	0.00634	0.00468	0.00585	0.00636	0.00711	0.00428	0.00442	0.00761	0.01090	0.01452	0.22100	0.44935	0.17340	0.05152	0.00704	0.00198	0.00278	0.01190	0.00477	0.00419
17	0.01047	0.13085	0.66375	0.01341	0.02005	0.01281	0.01679	0.01551	0.01035	0.01509	0.00858	0.01021	0.00633	0.00484	0.00503	0.00154	0.04154	0.00358	0.00211	0.00716
18	0.00630	0.00497	0.00558	0.00561	0.00690	0.00436	0.00408	0.00773	0.01164	0.01488	0.24144	0.13304	0.46320	0.05932	0.00707	0.00187	0.00265	0.01035	0.00476	0.00425
19	0.01466	0.01154	0.01432	0.01346	0.12882	0.01228	0.04810	0.41895	0.06438	0.02477	0.09707	0.01833	0.07895	0.00671	0.00517	0.00153	0.00496	0.00561	0.02297	0.00743
20	0.00866	0.00433	0.00649	0.00649	0.00649	0.00433	0.00433	0.00649	0.00649	0.00866	0.00866	0.01515	0.00866	0.01732	0.01948	0.85498	0.00433	0.00433	0.00216	0.00216
21	0.28991	0.01096	0.04545	0.00858	0.01221	0.03986	0.02368	0.03314	0.17910	0.01949	0.02906	0.01209	0.00931	0.00498	0.00400	0.00132	0.00427	0.00374	0.00350	0.26536
22	0.01154	0.06663	0.55817	0.01440	0.06814	0.04903	0.03757	0.01645	0.02448	0.06007	0.00964	0.01101	0.00700	0.00477	0.00466	0.00150	0.00688	0.00380	0.00248	0.04177
23	0.01409	0.09996	0.12292	0.03367	0.05929	0.18528	0.01054	0.08183	0.27686	0.03014	0.01273	0.01309	0.00976	0.00566	0.00492	0.00150	0.02274	0.00431	0.00355	0.00715
24	0.00712	0.00534	0.00801	0.00801	0.00890	0.00623	0.00623	0.00890	0.00801	0.01157	0.01335	0.01958	0.01246	0.03738	0.80507	0.00801	0.01335	0.00534	0.00267	0.00445
25	0.01034	0.00886	0.01034	0.00738	0.01181	0.00664	0.00591	0.01255	0.01034	0.01624	0.00886	0.01034	0.00738	0.00369	0.00369	0.00074	0.00369	0.00295	0.00295	0.85530
26	0.01370	0.14999	0.25724	0.01274	0.01745	0.15478	0.09171	0.08558	0.07124	0.05099	0.01051	0.01212	0.00812	0.00591	0.02336	0.00162	0.00696	0.01610	0.00295	0.00694
27	0.02791	0.04080	0.24627	0.01100	0.03060	0.01088	0.01074	0.07169	0.24662	0.10910	0.03583	0.01811	0.05896	0.00646	0.00493	0.00160	0.00503	0.02531	0.03091	0.00726
28	0.03704	0.00888	0.02775	0.02644	0.16119	0.00797	0.00836	0.04069	0.03066	0.23026	0.01835	0.14117	0.06578	0.00743	0.00504	0.00151	0.00429	0.02623	0.00425	0.14674
29	0.01034	0.00886	0.01034	0.00738	0.01181	0.00664	0.00591	0.01255	0.01034	0.01624	0.00886	0.01034	0.00738	0.00369	0.00369	0.00074	0.00369	0.00295	0.00295	0.85530
30	0.01207	0.07750	0.13011	0.01390	0.12218	0.06588	0.09365	0.05290	0.11093	0.05707	0.09655	0.01855	0.08400	0.00641	0.00526	0.00154	0.02202	0.00548	0.01728	0.00671
31	0.00620	0.00500	0.00541	0.00541	0.00680	0.00433	0.00395	0.00755	0.01146	0.01432	0.17924	0.09240	0.55848	0.06848	0.00726	0.00190	0.00268	0.01025	0.00467	0.00420
32	0.01874	0.02030	0.01442	0.01236	0.01543	0.52660	0.00958	0.28679	0.01741	0.01897	0.00921	0.01004	0.00715	0.00544	0.00467	0.00136	0.00775	0.00366	0.00342	0.00673
33	0.00713	0.00509	0.00699	0.00815	0.00890	0.00496	0.00646	0.00876	0.01058	0.01390	0.02689	0.40949	0.03066	0.01462	0.00664	0.00217	0.00381	0.41584	0.00461	0.00434
34	0.01430	0.51767	0.07541	0.01035	0.01433	0.22625	0.03082	0.01620	0.01135	0.01245	0.02634	0.00929	0.00741	0.00467	0.00379	0.00119	0.00645	0.00312	0.00234	0.00627
35	0.03583	0.00945	0.01126	0.00936	0.01265	0.00965	0.00749	0.04593	0.33500	0.40937	0.01968	0.04384	0.01395	0.00669	0.00504	0.00162	0.00410	0.00551	0.00556	0.00802
36	0.00724	0.00485	0.00553	0.00553	0.00557	0.00488	0.00314	0.00731	0.00728	0.00974	0.01562	0.03213	0.01791	0.79525	0.05466	0.00495	0.00515	0.00718	0.00301	0.00307
37	0.00716	0.00518	0.00718	0.00718	0.00778	0.00578	0.00519	0.00837	0.00776	0.01095	0.01411	0.02380	0.01429	0.29207	0.55289	0.00698	0.01060	0.00596	0.00278	0.00399
38	0.01862	0.02376	0.01413	0.01284	0.01541	0.80482	0.00963	0.01990	0.01413	0.01220	0.00770	0.00899	0.00642	0.00514	0.00449	0.00128	0.00899	0.00321	0.00257	0.00578
39	0.01463	0.03487	0.01713	0.12145	0.35352	0.34475	0.01258	0.01690	0.01231	0.01402	0.00855	0.01095	0.00708	0.00480	0.00472	0.00141	0.00729	0.00388	0.00247	0.00668
40	0.01203	0.04269	0.01547	0.12742	0.03485	0.09570	0.02469	0.02630	0.08020	0.02359	0.00865	0.01182	0.00749	0.00722	0.01121	0.00188	0.45595	0.00435	0.00260	0.00592
41	0.00633	0.00503	0.00563	0.00585	0.00713	0.00444	0.00424	0.02297	0.01135	0.01426	0.11648	0.27255	0.47984	0.01312	0.00601	0.00177	0.00268	0.01132	0.00472	0.00430
42	0.01442	0.01147	0.01164	0.00973	0.01247	0.08225	0.00772	0.39587	0.03370	0.04381	0.09905	0.11924	0.10059	0.00835	0.00558	0.00159	0.02433	0.00674	0.00470	0.00674

[dist]
# distance from previous block
# <min> <max>
0	36

[block]
# block no. 2 follows, 50 sequences, length 42
# corresponding to MSA columns:
# 125-166
name=unknown_C
#
# <colnr> <probs for GDERKNQSTAVLIFYWHMCP>
#	G	D	E	R	K	N	Q	S	T	A	V	L	I	F	Y	W	H	M	C	P
0	0.01381	0.01339	0.11766	0.04628	0.06406	0.03420	0.08775	0.22028	0.01438	0.07634	0.01122	0.04082	0.00878	0.00538	0.00508	0.00139	0.02707	0.00451	0.00355	0.20405
1	0.01545	0.15080	0.15158	0.04159	0.05608	0.06138	0.02674	0.12715	0.05011	0.19901	0.01235	0.02622	0.00909	0.00541	0.00460	0.00143	0.00564	0.00426	0.00375	0.04736
2	0.00811	0.00596	0.00778	0.00720	0.00867	0.00573	0.03022	0.01137	0.09237	0.04649	0.47940	0.13036	0.09880	0.03708	0.00646	0.00176	0.00294	0.00911	0.00512	0.00506
3	0.01232	0.01190	0.02057	0.03024	0.76518	0.01187	0.04357	0.01532	0.01137	0.01627	0.00940	0.01238	0.00788	0.00443	0.00497	0.00149	0.00601	0.00449	0.00247	0.00785
4	0.03200	0.14444	0.13909	0.01560	0.08558	0.10725	0.22914	0.10680	0.02888	0.01709	0.04062	0.01228	0.00888	0.00494	0.00485	0.00147	0.00684	0.00449	0.00287	0.00688
5	0.03035	0.04206	0.01616	0.04329	0.25303	0.03995	0.03368	0.21899	0.05078	0.12562	0.01241	0.04190	0.00973	0.00648	0.02231	0.00168	0.03534	0.00485	0.00383	0.00754
6	0.00612	0.00503	0.00539	0.00536	0.00689	0.00430	0.00400	0.00758	0.01181	0.01469	0.19191	0.07808	0.61700	0.01228	0.00591	0.00168	0.00251	0.01038	0.00479	0.00430
7	0.00880	0.00603	0.00825	0.00861	0.06434	0.00556	0.03250	0.01075	0.02178	0.09131	0.21498	0.23244	0.19515	0.01074	0.00568	0.00168	0.00319	0.00948	0.06360	0.00513
8	0.04787	0.16728	0.06947	0.01234	0.05959	0.08778	0.06947	0.21362	0.06437	0.12470	0.01185	0.02980	0.00902	0.00551	0.00462	0.00145	0.00578	0.00437	0.00378	0.00734
9	0.02223	0.00990	0.01574	0.10956	0.27027	0.01062	0.07144	0.02780	0.02577	0.09958	0.04304	0.05395	0.05205	0.03642	0.00761	0.00179	0.12678	0.00565	0.00325	0.00654
10	0.00647	0.00483	0.00605	0.00662	0.00742	0.00448	0.00467	0.00812	0.03245	0.01469	0.19614	0.48486	0.16155	0.01366	0.00615	0.00187	0.00278	0.02802	0.00482	0.00433
11	0.02765	0.01353	0.18314	0.01421	0.11787	0.05032	0.09737	0.08486	0.05093	0.04947	0.02878	0.17974	0.01485	0.00768	0.00533	0.00167	0.00561	0.04143	0.01904	0.00652
12	0.01179	0.06982	0.43703	0.01559	0.12911	0.03266	0.05832	0.03740	0.03341	0.06669	0.02781	0.03857	0.00909	0.00531	0.00484	0.00154	0.00653	0.00447	0.00278	0.00725
13	0.01108	0.02121	0.52662	0.01608	0.02258	0.01171	0.25249	0.01621	0.01107	0.04957	0.00976	0.01171	0.00696	0.00463	0.00510	0.00161	0.00755	0.00442	0.00241	0.00722
14	0.07512	0.00768	0.00960	0.00783	0.01069	0.00717	0.00631	0.06515	0.01408	0.42335	0.22569	0.02163	0.02099	0.00710	0.00499	0.00152	0.00363	0.00587	0.07469	0.00694
15	0.03901	0.07537	0.59281	0.01393	0.02045	0.03044	0.07799	0.06429	0.01144	0.01667	0.00901	0.01057	0.00653	0.00475	0.00469	0.00154	0.00712	0.00380	0.00237	0.00722
16	0.03137	0.05187	0.10546	0.01328	0.01722	0.03929	0.26137	0.03662	0.06838	0.13093	0.06805	0.06400	0.04486	0.00662	0.00537	0.00164	0.00593	0.03737	0.00375	0.00663
17	0.01104	0.01086	0.02530	0.00926	0.01068	0.21797	0.02858	0.02533	0.04245	0.01252	0.01385	0.13320	0.01390	0.06827	0.13322	0.16492	0.00691	0.03608	0.03108	0.00456
18	0.00607	0.00447	0.00570	0.00664	0.00716	0.00409	0.00450	0.00704	0.00995	0.01304	0.05267	0.68281	0.14757	0.01501	0.00628	0.00196	0.00282	0.01347	0.00465	0.00409
19	0.83952	0.01003	0.02643	0.00674	0.00993	0.01119	0.00571	0.01468	0.00853	0.02220	0.00699	0.00816	0.00542	0.00463	0.00312	0.00154	0.00394	0.00272	0.00306	0.00545
20	0.04791	0.04406	0.09099	0.00967	0.01283	0.01130	0.00853	0.18852	0.26978	0.02133	0.01633	0.03698	0.01334	0.00691	0.00483	0.00159	0.00449	0.07550	0.12817	0.00694
21	0.11089	0.00899	0.01108	0.00857	0.01235	0.00825	0.00705	0.08146	0.01387	0.55382	0.01649	0.01497	0.01079	0.00573	0.00463	0.00145	0.00420	0.00450	0.02594	0.09498
22	0.00793	0.00567	0.00791	0.00900	0.01012	0.00564	0.00780	0.01018	0.01151	0.01503	0.05486	0.08057	0.02951	0.01370	0.00683	0.00226	0.00445	0.70783	0.00462	0.00458
23	0.01170	0.00993	0.01072	0.00988	0.01245	0.01134	0.00778	0.02399	0.66737	0.02015	0.05175	0.02355	0.01799	0.00768	0.00531	0.00175	0.00395	0.09027	0.00503	0.00739
24	0.00714	0.00527	0.00767	0.00767	0.00844	0.00605	0.00581	0.00868	0.00791	0.01132	0.01366	0.02130	0.01321	0.14118	0.70230	0.00759	0.01223	0.00559	0.00272	0.00426
25	0.01362	0.01131	0.01196	0.01039	0.01343	0.01297	0.00818	0.16619	0.64304	0.02282	0.01874	0.01736	0.01396	0.00662	0.00506	0.00165	0.00423	0.00542	0.00506	0.00800
26	0.00605	0.00441	0.00571	0.00675	0.00718	0.00406	0.00454	0.00696	0.00972	0.01280	0.02977	0.74441	0.10864	0.01532	0.00632	0.00199	0.00286	0.01381	0.00463	0.00406
27	0.00706	0.00483	0.00541	0.00547	0.00565	0.00473	0.00317	0.00722	0.00777	0.01019	0.01974	0.07226	0.09592	0.70481	0.02251	0.00438	0.00451	0.00791	0.00326	0.00319
28	0.01046	0.10981	0.66742	0.01405	0.02093	0.01250	0.06640	0.01571	0.01056	0.01537	0.00881	0.01045	0.00640	0.00465	0.00465	0.00153	0.00722	0.00372	0.00213	0.00722
29	0.04055	0.00600	0.00751	0.00707	0.00797	0.00638	0.00511	0.10578	0.00956	0.01382	0.01191	0.04095	0.01131	0.10432	0.14320	0.36935	0.00572	0.00509	0.09452	0.00387
30	0.01379	0.00656	0.00857	0.00735	0.00974	0.00576	0.00576	0.01562	0.01325	0.37497	0.23770	0.11700	0.14431	0.00932	0.00554	0.00162	0.00331	0.00798	0.00557	0.00629
31	0.01246	0.01234	0.02040	0.05504	0.68661	0.04484	0.06425	0.01545	0.01145	0.01598	0.00934	0.01230	0.00777	0.00447	0.00498	0.00149	0.00623	0.00448	0.00247	0.00765
32	0.01077	0.21299	0.61860	0.01288	0.01952	0.01348	0.01611	0.01558	0.01043	0.01484	0.00847	0.00993	0.00633	0.00463	0.00438	0.00146	0.00689	0.00345	0.00211	0.00714
33	0.01494	0.01699	0.01565	0.06976	0.16427	0.37895	0.01130	0.04475	0.01208	0.01368	0.00798	0.01049	0.00682	0.00590	0.00752	0.00157	0.20478	0.00385	0.00252	0.00619
34	0.01133	0.00889	0.03291	0.03146	0.12567	0.00865	0.11638	0.04159	0.01109	0.12945	0.03162	0.23982	0.01695	0.06359	0.04365	0.00224	0.06723	0.00772	0.00378	0.00598
35	0.01218	0.25042	0.38911	0.01126	0.01660	0.02888	0.01277	0.01661	0.06606	0.08348	0.01137	0.01264	0.02724	0.03493	0.00512	0.00155	0.00609	0.00394	0.00279	0.00696
36	0.01090	0.13613	0.40078	0.02206	0.01887	0.01231	0.12885	0.02861	0.05497	0.02716	0.04392	0.04982	0.01037	0.00565	0.00505	0.00156	0.01940	0.01401	0.00274	0.00685
37	0.00620	0.00442	0.00572	0.00671	0.00701	0.00414	0.00442	0.00698	0.00934	0.01240	0.02689	0.70580	0.05630	0.10809	0.00852	0.00233	0.00310	0.01326	0.00444	0.00394
38	0.00789	0.00609	0.00746	0.00791	0.00926	0.00612	0.00630	0.01163	0.13622	0.01563	0.09569	0.19311	0.16801	0.01247	0.00622	0.00197	0.00359	0.29470	0.00476	0.00496
39	0.01437	0.01442	0.24450	0.01258	0.08184	0.02924	0.03626	0.10966	0.01353	0.22309	0.07690	0.04631	0.01305	0.00615	0.00497	0.00154	0.00539	0.00515	0.05379	0.00728
40	0.04154	0.11753	0.25498	0.02859	0.05454	0.20024	0.04018	0.02830	0.01178	0.06108	0.03594	0.04247	0.00998	0.02896	0.00524	0.00157	0.00666	0.02109	0.00286	0.00646
41	0.01112	0.01347	0.08866	0.01808	0.02210	0.01254	0.52245	0.01468	0.01079	0.01502	0.01088	0.04008	0.02738	0.00569	0.00781	0.00178	0.16274	0.00580	0.00254	0.00638

[dist]
# distance from previous block
# <min> <max>
5	39

[block]
# block no. 3 follows, 50 sequences, length 24
# corresponding to MSA columns:
# 208-231
name=unknown_D
#
# <colnr> <probs for GDERKNQSTAVLIFYWHMCP>
#	G	D	E	R	K	N	Q	S	T	A	V	L	I	F	Y	W	H	M	C	P
0	0.07486	0.01267	0.10705	0.02949	0.01438	0.04866	0.03588	0.20541	0.11943	0.07218	0.11778	0.01743	0.04673	0.00639	0.00490	0.00150	0.00493	0.00518	0.00422	0.07095
1	0.05922	0.01094	0.02968	0.01283	0.11820	0.02348	0.04391	0.21482	0.11114	0.11447	0.05977	0.07501	0.05183	0.00698	0.00536	0.00158	0.02427	0.00583	0.00436	0.02633
2	0.03398	0.05692	0.03062	0.01989	0.37984	0.04024	0.04360	0.09278	0.10032	0.04507	0.06825	0.04260	0.01240	0.00574	0.00495	0.00151	0.00539	0.00513	0.00343	0.00733
3	0.03338	0.01279	0.07458	0.04766	0.53963	0.05495	0.02770	0.01537	0.01156	0.04221	0.05562	0.01352	0.01003	0.00489	0.00488	0.00147	0.00587	0.00454	0.00277	0.03658
4	0.01236	0.01236	0.08137	0.04968	0.51034	0.01138	0.02790	0.06353	0.05641	0.03685	0.03818	0.01429	0.01005	0.00510	0.00496	0.00151	0.00567	0.01516	0.02217	0.02074
5	0.01048	0.13705	0.26482	0.01250	0.06474	0.02439	0.08563	0.01442	0.04118	0.01604	0.13932	0.01693	0.03189	0.00581	0.00478	0.00143	0.00557	0.01930	0.00305	0.10069
6	0.01199	0.01143	0.01921	0.08877	0.68679	0.01146	0.01460	0.01493	0.01118	0.01601	0.00930	0.01228	0.00777	0.00444	0.00486	0.00145	0.00584	0.00435	0.00248	0.06088
7	0.01215	0.01175	0.02033	0.07350	0.71942	0.01183	0.04718	0.01518	0.01129	0.01607	0.00938	0.01244	0.00781	0.00446	0.00498	0.00150	0.00607	0.00450	0.00246	0.00772
8	0.01016	0.04899	0.56964	0.01238	0.01836	0.01077	0.01489	0.05665	0.01137	0.01658	0.05945	0.07094	0.01099	0.00585	0.00482	0.00153	0.00631	0.00474	0.00272	0.06285
9	0.05922	0.01352	0.02275	0.01817	0.07161	0.08922	0.42748	0.01528	0.01080	0.01504	0.00879	0.01204	0.00711	0.00541	0.00802	0.00174	0.19999	0.00499	0.00247	0.00633
10	0.00621	0.00443	0.00594	0.00709	0.00744	0.00416	0.00486	0.00717	0.00967	0.01287	0.02740	0.76960	0.03268	0.01549	0.00640	0.00204	0.00301	0.06483	0.00462	0.00409
11	0.01517	0.01208	0.01283	0.01070	0.01402	0.01369	0.00856	0.34406	0.46264	0.02532	0.01677	0.01579	0.01236	0.00643	0.00504	0.00161	0.00460	0.00515	0.00504	0.00814
12	0.01234	0.01184	0.02023	0.03059	0.79373	0.01184	0.01530	0.01530	0.01135	0.01628	0.00938	0.01234	0.00790	0.00444	0.00493	0.00148	0.00592	0.00444	0.00247	0.00790
13	0.01999	0.00999	0.01423	0.01081	0.01477	0.00940	0.10295	0.12726	0.06055	0.54895	0.01745	0.01594	0.01138	0.00593	0.00512	0.00156	0.00491	0.00508	0.00549	0.00823
14	0.01243	0.01313	0.02829	0.02025	0.02521	0.01227	0.72742	0.01649	0.01192	0.06498	0.01069	0.01367	0.00786	0.00433	0.00583	0.00167	0.00814	0.00583	0.00275	0.00683
15	0.01234	0.01184	0.02023	0.03059	0.79373	0.01184	0.01530	0.01530	0.01135	0.01628	0.00938	0.01234	0.00790	0.00444	0.00493	0.00148	0.00592	0.00444	0.00247	0.00790
16	0.00970	0.00915	0.01546	0.73735	0.10762	0.01115	0.01398	0.01298	0.01010	0.01308	0.00891	0.01320	0.00677	0.00493	0.00498	0.00164	0.00657	0.00443	0.00224	0.00576
17	0.01111	0.01060	0.01802	0.35776	0.47613	0.01152	0.01469	0.01423	0.01077	0.01480	0.00916	0.01273	0.00737	0.00467	0.00496	0.00156	0.00622	0.00444	0.00236	0.00691
18	0.00874	0.00841	0.01571	0.01281	0.01540	0.00788	0.31845	0.01129	0.01109	0.01457	0.02360	0.23102	0.13391	0.01018	0.00620	0.00189	0.00541	0.15442	0.00376	0.00526
19	0.01330	0.00678	0.00858	0.00762	0.00928	0.02496	0.00568	0.01440	0.07609	0.26233	0.01670	0.02022	0.06019	0.07069	0.01254	0.35301	0.00431	0.02435	0.00398	0.00501
20	0.08512	0.49090	0.09511	0.00958	0.01368	0.13331	0.00926	0.05926	0.01139	0.01443	0.00783	0.00896	0.00663	0.00462	0.00364	0.00121	0.00585	0.00301	0.02983	0.00638
21	0.01041	0.01004	0.01749	0.53425	0.24849	0.01140	0.06944	0.01369	0.01049	0.01397	0.00909	0.01303	0.00706	0.00477	0.00503	0.00161	0.00657	0.00454	0.00231	0.00629
22	0.03382	0.00731	0.00853	0.00816	0.00998	0.00766	0.00621	0.01615	0.27457	0.09261	0.15507	0.21674	0.04758	0.03071	0.00612	0.00185	0.00347	0.06251	0.00499	0.00595
23	0.06791	0.56070	0.02104	0.00899	0.01257	0.14253	0.00816	0.01557	0.03856	0.01280	0.00864	0.04343	0.00810	0.02776	0.00421	0.00130	0.00565	0.00347	0.00250	0.00610

[dist]
# distance from previous block
# <min> <max>
0	1

[block]
# block no. 4 follows, 50 sequences, length 16
# corresponding to MSA columns:
# 234-249
name=unknown_E
#
# <colnr> <probs for GDERKNQSTAVLIFYWHMCP>
#	G	D	E	R	K	N	Q	S	T	A	V	L	I	F	Y	W	H	M	C	P
0	0.13877	0.02904	0.01227	0.01082	0.03480	0.21790	0.00832	0.12440	0.03925	0.01764	0.03806	0.04877	0.01013	0.00704	0.02021	0.00166	0.14783	0.00446	0.05887	0.02975
1	0.03645	0.01247	0.04477	0.09072	0.51675	0.04803	0.04302	0.01581	0.06030	0.01596	0.00971	0.01243	0.00797	0.00495	0.00565	0.00156	0.05911	0.00443	0.00261	0.00731
2	0.76075	0.04694	0.00911	0.00837	0.06607	0.01162	0.00625	0.01471	0.00876	0.02144	0.00711	0.00840	0.00562	0.00460	0.00322	0.00152	0.00407	0.00282	0.00300	0.00562
3	0.01093	0.12623	0.63559	0.01364	0.02029	0.05434	0.04117	0.01590	0.01070	0.01509	0.00866	0.01022	0.00637	0.00468	0.00457	0.00150	0.00723	0.00360	0.00215	0.00714
4	0.00902	0.00797	0.01291	0.29133	0.22348	0.00865	0.01086	0.01139	0.01031	0.01383	0.01622	0.27333	0.01698	0.00887	0.00555	0.00178	0.00511	0.06359	0.00322	0.00561
5	0.01111	0.00964	0.04879	0.00817	0.01260	0.00703	0.03131	0.01350	0.01073	0.07593	0.01142	0.01248	0.03960	0.00431	0.00400	0.00091	0.00401	0.00355	0.00321	0.68769
6	0.00941	0.00886	0.01495	0.81285	0.03433	0.01107	0.01384	0.01274	0.00997	0.01274	0.00886	0.01329	0.00664	0.00498	0.00498	0.00166	0.00664	0.00443	0.00221	0.00554
7	0.86003	0.00964	0.00733	0.00655	0.00964	0.01118	0.00540	0.01465	0.00848	0.02236	0.00694	0.00810	0.00540	0.00463	0.00308	0.00154	0.00386	0.00270	0.00308	0.00540
8	0.00870	0.00482	0.00708	0.00694	0.00697	0.00514	0.00478	0.00697	0.00665	0.00902	0.00897	0.01573	0.00903	0.05027	0.04664	0.73475	0.05834	0.00448	0.00222	0.00250
9	0.01601	0.41946	0.02003	0.01072	0.01412	0.41845	0.00909	0.01745	0.01216	0.01197	0.00732	0.00850	0.00641	0.00471	0.00386	0.00118	0.00719	0.00294	0.00235	0.00608
10	0.00866	0.00433	0.00649	0.00649	0.00649	0.00433	0.00433	0.00649	0.00649	0.00866	0.00866	0.01515	0.00866	0.01732	0.01948	0.85498	0.00433	0.00433	0.00216	0.00216
11	0.00704	0.00507	0.00644	0.00610	0.00732	0.00466	0.00457	0.00929	0.01372	0.01934	0.69345	0.03746	0.11298	0.01024	0.00579	0.00156	0.00237	0.00898	0.03898	0.00466
12	0.01333	0.82783	0.02612	0.00853	0.01279	0.01972	0.00853	0.01493	0.01013	0.01173	0.00693	0.00800	0.00640	0.00426	0.00320	0.00107	0.00533	0.00267	0.00213	0.00640
13	0.00675	0.00518	0.00623	0.00595	0.00736	0.00458	0.00445	0.00867	0.01285	0.01738	0.48531	0.07988	0.28495	0.01102	0.00583	0.00160	0.00248	0.00955	0.00508	0.03491
14	0.00644	0.00507	0.00581	0.00563	0.00707	0.00444	0.00422	0.00822	0.01266	0.01654	0.39961	0.04291	0.44068	0.01148	0.00589	0.00163	0.00244	0.00981	0.00503	0.00444
15	0.01224	0.01178	0.01991	0.02945	0.74261	0.01207	0.01501	0.01508	0.01111	0.01600	0.00919	0.01224	0.00781	0.00472	0.00568	0.00153	0.05896	0.00444	0.00245	0.00774

[dist]
# distance from previous block
# <min> <max>
0	1

[block]
# block no. 5 follows, 50 sequences, length 6
# corresponding to MSA columns:
# 251-256
name=unknown_F
#
# <colnr> <probs for GDERKNQSTAVLIFYWHMCP>
#	G	D	E	R	K	N	Q	S	T	A	V	L	I	F	Y	W	H	M	C	P
0	0.09919	0.00515	0.00639	0.00699	0.00777	0.00523	0.00496	0.00834	0.00969	0.01439	0.10613	0.52595	0.02838	0.01714	0.12735	0.00283	0.00453	0.01102	0.00426	0.00433
1	0.01749	0.01238	0.01370	0.01096	0.01451	0.01349	0.00913	0.61548	0.02107	0.07478	0.01462	0.01899	0.01178	0.00718	0.00528	0.00162	0.00527	0.11938	0.00500	0.00789
2	0.00998	0.00967	0.01768	0.04883	0.10028	0.00954	0.30410	0.01397	0.08648	0.01548	0.01721	0.19607	0.01704	0.00845	0.00592	0.00183	0.00585	0.12209	0.00352	0.00601
3	0.01226	0.09130	0.01932	0.01386	0.01764	0.01299	0.29150	0.04937	0.36515	0.01828	0.01605	0.01653	0.04084	0.00577	0.00522	0.00162	0.00573	0.00558	0.00382	0.00720
4	0.55629	0.01115	0.09472	0.00989	0.09600	0.01043	0.00775	0.01403	0.00938	0.01986	0.01175	0.01280	0.08252	0.00536	0.00376	0.00152	0.00433	0.00377	0.00306	0.04165
5	0.20736	0.00966	0.01038	0.05807	0.01285	0.02586	0.00730	0.16028	0.10629	0.11448	0.01472	0.13579	0.01272	0.00791	0.02488	0.00176	0.02055	0.00568	0.02093	0.04253

[dist]
# distance from previous block
# <min> <max>
0	35

# created by:
# /home/cegg/simao/soft/augustus-3.2.1/scripts/msa2prfl.pl ./align_prep/EOG091G0R0A.fa
