[name]
unknown

[dist]
# distance from previous block
# <min> <max>
0	120

[block]
# block no. 0 follows, 51 sequences, length 24
# corresponding to MSA columns:
# 120-135,138-145
name=unknown_A
#
# <colnr> <probs for GDERKNQSTAVLIFYWHMCP>
#	G	D	E	R	K	N	Q	S	T	A	V	L	I	F	Y	W	H	M	C	P
0	0.01002	0.00913	0.01416	0.45861	0.14072	0.00988	0.01162	0.02742	0.01029	0.01421	0.00904	0.01248	0.00717	0.00580	0.03603	0.00164	0.00599	0.00406	0.00246	0.20927
1	0.00717	0.00492	0.00630	0.00625	0.00733	0.00452	0.00457	0.00904	0.01247	0.04089	0.49527	0.22431	0.10288	0.01124	0.00579	0.00165	0.00251	0.00994	0.03840	0.00455
2	0.00696	0.00554	0.00790	0.19962	0.01340	0.00580	0.00658	0.00859	0.01019	0.01348	0.13466	0.40138	0.09731	0.05735	0.00689	0.00197	0.00373	0.01023	0.00403	0.00439
3	0.00667	0.00501	0.00618	0.00589	0.00717	0.00452	0.00441	0.00873	0.01324	0.01812	0.61047	0.03932	0.23093	0.01064	0.00580	0.00157	0.00236	0.00925	0.00520	0.00452
4	0.00705	0.00515	0.00729	0.00729	0.00796	0.00581	0.00539	0.00839	0.00772	0.01096	0.01372	0.02238	0.01362	0.22563	0.62086	0.00715	0.01116	0.00571	0.00272	0.00405
5	0.65835	0.00932	0.00902	0.19968	0.01532	0.01100	0.00731	0.01399	0.00871	0.01978	0.00729	0.00921	0.00562	0.00465	0.00349	0.00155	0.00446	0.00307	0.00284	0.00535
6	0.66140	0.00923	0.00822	0.00701	0.01023	0.01012	0.00578	0.01672	0.00973	0.20785	0.00984	0.01007	0.00696	0.00492	0.00350	0.00152	0.00389	0.00321	0.00377	0.00605
7	0.03205	0.01321	0.01590	0.21165	0.35025	0.20103	0.01236	0.01519	0.01153	0.01462	0.03964	0.01268	0.00877	0.00494	0.00472	0.00145	0.00642	0.00423	0.03294	0.00644
8	0.86201	0.00950	0.00722	0.00646	0.00950	0.01102	0.00532	0.01445	0.00836	0.02205	0.00684	0.00798	0.00532	0.00456	0.00304	0.00152	0.00380	0.00266	0.00304	0.00532
9	0.01969	0.00915	0.01344	0.01386	0.19981	0.00829	0.00910	0.02183	0.01338	0.61280	0.01696	0.01564	0.01112	0.00568	0.00492	0.00151	0.00458	0.00481	0.00521	0.00822
10	0.00594	0.00444	0.00553	0.00640	0.00701	0.00403	0.00436	0.00689	0.00984	0.01272	0.03251	0.63857	0.21452	0.01469	0.00616	0.00192	0.00276	0.01311	0.00456	0.00403
11	0.65904	0.01002	0.01026	0.01212	0.19749	0.01118	0.00765	0.01460	0.00904	0.02062	0.00742	0.00898	0.00591	0.00452	0.00348	0.00151	0.00429	0.00307	0.00290	0.00591
12	0.01660	0.01552	0.20217	0.04025	0.01690	0.01295	0.01126	0.44574	0.03305	0.13821	0.01224	0.01235	0.00847	0.00561	0.00486	0.00151	0.00568	0.00433	0.00431	0.00798
13	0.04953	0.01390	0.01401	0.04868	0.11297	0.24025	0.04562	0.08546	0.08552	0.18996	0.05577	0.01405	0.01103	0.00563	0.00480	0.00146	0.00600	0.00452	0.00390	0.00693
14	0.00909	0.00670	0.01061	0.00868	0.01075	0.00637	0.18876	0.01162	0.01082	0.01687	0.05352	0.06717	0.10174	0.00685	0.00453	0.00139	0.00378	0.00625	0.46951	0.00499
15	0.00710	0.00512	0.00634	0.00604	0.00699	0.00486	0.00429	0.00915	0.03403	0.01702	0.55411	0.03556	0.07098	0.20524	0.01036	0.00232	0.00295	0.00844	0.00478	0.00431
16	0.01324	0.02397	0.05681	0.04857	0.07061	0.06552	0.13315	0.23462	0.03760	0.04190	0.01202	0.01700	0.01040	0.20152	0.00979	0.00229	0.00605	0.00519	0.00345	0.00634
17	0.01000	0.00727	0.01083	0.01000	0.03383	0.00832	0.04713	0.01176	0.02035	0.10772	0.01319	0.04554	0.01210	0.10719	0.37392	0.00490	0.16217	0.00554	0.00308	0.00516
18	0.00784	0.00571	0.00659	0.00593	0.00700	0.00520	0.00379	0.00843	0.00796	0.01122	0.01416	0.05041	0.01563	0.58589	0.03941	0.00380	0.00465	0.00629	0.00300	0.20709
19	0.01306	0.01150	0.01751	0.20574	0.43511	0.01235	0.01338	0.19725	0.01372	0.01881	0.00974	0.01229	0.00764	0.00486	0.00489	0.00150	0.00590	0.00439	0.00297	0.00739
20	0.03029	0.03052	0.04692	0.01044	0.03680	0.04158	0.02435	0.26825	0.01563	0.22640	0.01246	0.01242	0.00880	0.00518	0.00453	0.00130	0.00492	0.00407	0.00431	0.21082
21	0.01298	0.01237	0.01575	0.10233	0.29106	0.13839	0.04373	0.01542	0.01134	0.06758	0.00942	0.01157	0.00754	0.00461	0.00493	0.00131	0.03299	0.00393	0.00277	0.21001
22	0.05206	0.04490	0.02485	0.01189	0.05211	0.41913	0.02980	0.05569	0.01272	0.01472	0.00848	0.02266	0.00714	0.00487	0.00441	0.00120	0.01780	0.00346	0.00277	0.20935
23	0.00908	0.00680	0.01223	0.01017	0.01147	0.00686	0.18963	0.00916	0.00791	0.01078	0.00977	0.01593	0.00921	0.06368	0.11216	0.46888	0.03539	0.00493	0.00233	0.00365

[dist]
# distance from previous block
# <min> <max>
0	8

[block]
# block no. 1 follows, 51 sequences, length 7
# corresponding to MSA columns:
# 164-170
name=unknown_B
#
# <colnr> <probs for GDERKNQSTAVLIFYWHMCP>
#	G	D	E	R	K	N	Q	S	T	A	V	L	I	F	Y	W	H	M	C	P
0	0.00873	0.00484	0.00717	0.00698	0.00698	0.00522	0.00484	0.00688	0.00650	0.00883	0.00835	0.01457	0.00835	0.01632	0.01893	0.78134	0.07633	0.00427	0.00214	0.00242
1	0.00696	0.00502	0.00657	0.00618	0.00734	0.00464	0.00464	0.00927	0.01391	0.01971	0.79405	0.03671	0.04637	0.01005	0.00580	0.00155	0.00232	0.00889	0.00541	0.00464
2	0.25045	0.00814	0.00900	0.00762	0.01051	0.00821	0.00612	0.01834	0.09478	0.33453	0.08004	0.05855	0.03930	0.00671	0.00451	0.00155	0.00368	0.00531	0.04604	0.00661
3	0.01721	0.01302	0.01315	0.01038	0.01379	0.06657	0.00845	0.61265	0.02055	0.02778	0.01216	0.01259	0.00887	0.00582	0.00466	0.00141	0.00517	0.00436	0.13380	0.00761
4	0.00764	0.00529	0.00611	0.00574	0.00741	0.00459	0.00436	0.00933	0.01243	0.08436	0.31472	0.04082	0.45721	0.01103	0.00573	0.00161	0.00258	0.00936	0.00500	0.00469
5	0.01331	0.70077	0.08786	0.00909	0.01352	0.01846	0.00927	0.07495	0.01105	0.01341	0.00738	0.00839	0.00646	0.00438	0.00341	0.00113	0.00543	0.00285	0.00232	0.00655
6	0.04847	0.00560	0.00687	0.00730	0.00825	0.00569	0.00542	0.00968	0.07150	0.01496	0.13676	0.41812	0.09723	0.01269	0.00633	0.00189	0.03313	0.10099	0.00455	0.00457

[dist]
# distance from previous block
# <min> <max>
0	25

[block]
# block no. 2 follows, 51 sequences, length 53
# corresponding to MSA columns:
# 196-248
name=unknown_C
#
# <colnr> <probs for GDERKNQSTAVLIFYWHMCP>
#	G	D	E	R	K	N	Q	S	T	A	V	L	I	F	Y	W	H	M	C	P
0	0.03018	0.00981	0.01187	0.01186	0.11569	0.04147	0.02743	0.16084	0.13473	0.10794	0.08721	0.04158	0.01608	0.14127	0.00838	0.00210	0.00477	0.03608	0.00424	0.00649
1	0.01402	0.01374	0.23629	0.01024	0.01499	0.02514	0.03367	0.04514	0.01229	0.25616	0.06740	0.01423	0.01125	0.00526	0.00461	0.00133	0.00506	0.00431	0.00387	0.22102
2	0.01807	0.02262	0.01378	0.01252	0.01505	0.76026	0.00945	0.04276	0.01413	0.01269	0.00825	0.01028	0.00702	0.00533	0.00451	0.00130	0.00863	0.02494	0.00266	0.00575
3	0.02971	0.19368	0.46684	0.01147	0.01717	0.02298	0.01350	0.03032	0.01086	0.03490	0.06067	0.01169	0.00914	0.00492	0.00432	0.00138	0.00609	0.00374	0.00254	0.06404
4	0.01244	0.05790	0.43765	0.01494	0.07294	0.04469	0.12488	0.03731	0.01152	0.11130	0.01051	0.02389	0.00770	0.00494	0.00483	0.00153	0.00679	0.00427	0.00278	0.00721
5	0.02205	0.00836	0.01140	0.00874	0.01254	0.00722	0.00722	0.02395	0.01407	0.80004	0.01939	0.01673	0.01216	0.00608	0.00494	0.00152	0.00418	0.00494	0.00608	0.00836
6	0.01429	0.61152	0.02272	0.00938	0.01323	0.09743	0.00873	0.11530	0.01200	0.01416	0.00754	0.00860	0.00658	0.00468	0.00401	0.00117	0.03668	0.00298	0.00252	0.00648
7	0.01761	0.00850	0.04394	0.00922	0.03222	0.00703	0.02462	0.01980	0.01363	0.55250	0.17447	0.04079	0.01909	0.00697	0.00515	0.00154	0.00404	0.00591	0.00557	0.00740
8	0.01841	0.02196	0.01405	0.01246	0.01520	0.68777	0.00947	0.13462	0.01531	0.01489	0.00823	0.00931	0.00664	0.00519	0.00450	0.00130	0.00834	0.00336	0.00289	0.00610
9	0.00633	0.00500	0.00570	0.00552	0.00696	0.00437	0.00414	0.00806	0.01243	0.01618	0.38626	0.04251	0.45636	0.01136	0.00580	0.00161	0.00241	0.00970	0.00495	0.00437
10	0.00674	0.00506	0.00611	0.00627	0.00723	0.00477	0.00444	0.00879	0.05378	0.01523	0.28781	0.28087	0.18448	0.09619	0.00788	0.00205	0.00286	0.01039	0.00471	0.00434
11	0.00678	0.00499	0.00635	0.00607	0.00725	0.00455	0.00453	0.00891	0.01341	0.01866	0.67519	0.06936	0.13457	0.01054	0.00582	0.00158	0.00236	0.00927	0.00528	0.00455
12	0.02255	0.14170	0.12175	0.01791	0.29307	0.06440	0.05045	0.05366	0.06881	0.03242	0.00980	0.01141	0.00782	0.00464	0.00448	0.00136	0.00584	0.00395	0.00278	0.08121
13	0.02960	0.01033	0.06412	0.08131	0.04976	0.02693	0.00861	0.11898	0.05515	0.05542	0.05669	0.04347	0.02312	0.02724	0.00555	0.00151	0.02089	0.08667	0.00368	0.23096
14	0.03561	0.15554	0.07863	0.01017	0.01375	0.06126	0.03241	0.22039	0.14556	0.07174	0.03324	0.05135	0.01132	0.00605	0.00456	0.00145	0.00508	0.00477	0.05011	0.00702
15	0.04185	0.25101	0.20136	0.01259	0.09312	0.05060	0.03471	0.05916	0.03151	0.09290	0.01134	0.04474	0.02664	0.00547	0.00460	0.00142	0.02294	0.00424	0.00298	0.00682
16	0.01737	0.11173	0.01522	0.01063	0.01430	0.10630	0.00881	0.48781	0.05199	0.06362	0.01150	0.01167	0.00845	0.00558	0.00458	0.00138	0.00552	0.00410	0.03020	0.02923
17	0.00807	0.00453	0.00619	0.00614	0.00635	0.00442	0.00401	0.00677	0.00700	0.00931	0.01275	0.04063	0.05430	0.18857	0.01896	0.58453	0.00422	0.00542	0.00253	0.02530
18	0.03675	0.04133	0.04583	0.01104	0.03023	0.01017	0.12398	0.03457	0.29967	0.03840	0.16466	0.05937	0.01943	0.00711	0.00519	0.00160	0.00448	0.02644	0.00427	0.03548
19	0.03339	0.08833	0.41003	0.03573	0.11224	0.06968	0.06274	0.04649	0.01136	0.05066	0.00967	0.03075	0.00748	0.00497	0.00465	0.00149	0.00668	0.00408	0.00256	0.00701
20	0.01160	0.01326	0.02900	0.02071	0.02568	0.01243	0.77879	0.01574	0.01160	0.01574	0.00994	0.01326	0.00746	0.00414	0.00580	0.00166	0.00829	0.00580	0.00249	0.00663
21	0.01324	0.01822	0.40504	0.01247	0.01732	0.04298	0.02806	0.07093	0.02507	0.15944	0.01094	0.01201	0.00782	0.00567	0.00645	0.00162	0.12869	0.00411	0.02279	0.00713
22	0.02742	0.23529	0.17220	0.01142	0.03155	0.06565	0.07155	0.11756	0.04972	0.07144	0.04116	0.03416	0.03906	0.00564	0.00451	0.00141	0.00572	0.00450	0.00325	0.00678
23	0.01366	0.04877	0.17474	0.01438	0.05770	0.02715	0.20896	0.06308	0.04836	0.17189	0.01229	0.03074	0.00929	0.02411	0.02116	0.00178	0.05658	0.00494	0.00340	0.00703
24	0.00675	0.00498	0.00631	0.00606	0.00724	0.00454	0.00451	0.00884	0.01330	0.01845	0.65246	0.08140	0.14557	0.01066	0.00582	0.00159	0.00237	0.00937	0.00525	0.00454
25	0.00878	0.00702	0.00917	0.00910	0.03010	0.00747	0.03688	0.05669	0.15446	0.01618	0.09767	0.39310	0.02495	0.01178	0.02597	0.00196	0.04852	0.02270	0.03216	0.00533
26	0.03814	0.04991	0.13782	0.01443	0.11340	0.03936	0.10332	0.19944	0.11687	0.09862	0.02158	0.02395	0.00964	0.00547	0.00487	0.00152	0.00577	0.00467	0.00375	0.00747
27	0.10336	0.10330	0.14275	0.02714	0.16832	0.04878	0.12407	0.02913	0.01145	0.16318	0.01057	0.01181	0.00779	0.00486	0.00482	0.00149	0.02285	0.00414	0.00313	0.00705
28	0.00667	0.00490	0.00626	0.00616	0.00723	0.00448	0.00453	0.00863	0.01288	0.01784	0.58776	0.16765	0.12437	0.01119	0.00588	0.00163	0.00242	0.00988	0.00518	0.00448
29	0.30106	0.06320	0.11549	0.01281	0.14467	0.01123	0.04070	0.06468	0.01134	0.16310	0.01039	0.01121	0.00756	0.00489	0.00415	0.00148	0.00501	0.00376	0.01644	0.00684
30	0.01311	0.09987	0.22730	0.01654	0.19997	0.07521	0.06363	0.11729	0.05204	0.04541	0.01112	0.02172	0.02468	0.00515	0.00472	0.00147	0.00624	0.00432	0.00297	0.00723
31	0.01115	0.00666	0.02090	0.00805	0.02916	0.00603	0.00597	0.04590	0.04252	0.21251	0.13959	0.32683	0.10307	0.01077	0.00565	0.00172	0.00337	0.00944	0.00501	0.00568
32	0.00600	0.00430	0.00571	0.00680	0.00712	0.00401	0.00455	0.00690	0.00954	0.01271	0.04377	0.79373	0.04617	0.01523	0.00625	0.00198	0.00283	0.01380	0.00458	0.00401
33	0.31471	0.11256	0.01615	0.01269	0.08299	0.12041	0.15188	0.04490	0.01095	0.04734	0.00874	0.02403	0.00706	0.00487	0.00438	0.00147	0.02197	0.00384	0.00290	0.00616
34	0.37983	0.16288	0.15997	0.00951	0.03861	0.02962	0.02305	0.01428	0.00987	0.01793	0.08847	0.01168	0.01007	0.00516	0.00405	0.00145	0.02116	0.00364	0.00287	0.00591
35	0.03234	0.08482	0.32215	0.02366	0.03573	0.07771	0.16026	0.06974	0.01204	0.01651	0.08999	0.01389	0.01103	0.02267	0.00528	0.00157	0.00661	0.00460	0.00279	0.00659
36	0.01142	0.01082	0.01811	0.13833	0.61737	0.01117	0.01403	0.01468	0.03947	0.01554	0.01055	0.05715	0.00924	0.00514	0.00495	0.00152	0.00570	0.00495	0.00261	0.00725
37	0.00642	0.00461	0.00601	0.00647	0.00711	0.00429	0.00449	0.00781	0.01109	0.01520	0.32635	0.46071	0.05235	0.05479	0.00704	0.00196	0.00273	0.01157	0.00481	0.00419
38	0.01403	0.63875	0.05827	0.00930	0.01350	0.06879	0.00903	0.11268	0.01193	0.01425	0.00760	0.00856	0.00657	0.00450	0.00353	0.00114	0.00559	0.00294	0.00249	0.00657
39	0.10156	0.00829	0.01056	0.00844	0.01181	0.00761	0.00686	0.05406	0.01343	0.61024	0.01864	0.09886	0.01343	0.00689	0.00489	0.00157	0.00406	0.00563	0.00558	0.00762
40	0.00793	0.00532	0.00629	0.00591	0.00754	0.00465	0.00448	0.00965	0.01247	0.09681	0.33500	0.07235	0.39145	0.01098	0.00573	0.00161	0.00261	0.00938	0.00505	0.00477
41	0.00621	0.00466	0.00545	0.00587	0.00664	0.00424	0.00398	0.00714	0.00992	0.01274	0.08720	0.35155	0.29277	0.16728	0.00962	0.00237	0.00305	0.01108	0.00432	0.00390
42	0.00910	0.00509	0.00496	0.00504	0.00614	0.02748	0.00372	0.01121	0.01032	0.01755	0.01693	0.10108	0.01447	0.00670	0.00376	0.00124	0.00254	0.00551	0.74263	0.00455
43	0.00686	0.00495	0.00648	0.00625	0.00732	0.00457	0.00463	0.00902	0.01345	0.01897	0.71502	0.11784	0.04494	0.01060	0.00585	0.00159	0.00237	0.00941	0.00532	0.00457
44	0.02089	0.00900	0.01330	0.01004	0.01396	0.00796	0.08678	0.04165	0.01403	0.70037	0.01823	0.01625	0.01159	0.00588	0.00503	0.00153	0.00463	0.00502	0.00568	0.00818
45	0.77508	0.01094	0.00791	0.00710	0.01009	0.09310	0.00575	0.01498	0.00894	0.02102	0.00692	0.00807	0.00543	0.00461	0.00318	0.00149	0.00432	0.00271	0.00299	0.00536
46	0.77424	0.00942	0.00753	0.00655	0.00972	0.01056	0.00537	0.01423	0.00855	0.02143	0.00704	0.00821	0.00552	0.00447	0.00310	0.00144	0.00378	0.00269	0.00303	0.09311
47	0.00950	0.00530	0.00734	0.00699	0.00744	0.00550	0.00489	0.08627	0.00821	0.01101	0.00913	0.01485	0.00872	0.01701	0.06108	0.72219	0.00487	0.00434	0.00245	0.00290
48	0.01887	0.00787	0.01080	0.00846	0.01173	0.00688	0.03024	0.02059	0.01304	0.63021	0.02118	0.02071	0.07650	0.09116	0.00711	0.00187	0.00423	0.00564	0.00553	0.00741
49	0.72837	0.01015	0.00920	0.00774	0.01098	0.01154	0.04825	0.09342	0.01006	0.02262	0.00752	0.00867	0.00575	0.00468	0.00339	0.00152	0.00421	0.00302	0.00320	0.00571
50	0.75411	0.00933	0.02543	0.00668	0.00953	0.01031	0.00554	0.01369	0.00852	0.02092	0.00897	0.09213	0.00814	0.00568	0.00341	0.00157	0.00378	0.00385	0.00318	0.00523
51	0.01730	0.01987	0.01375	0.01215	0.01480	0.55950	0.00932	0.12965	0.10992	0.01579	0.00967	0.01053	0.00769	0.00554	0.00511	0.00139	0.04483	0.00369	0.00316	0.00632
52	0.01965	0.00827	0.01088	0.00837	0.01207	0.00711	0.00687	0.03766	0.01364	0.64672	0.01974	0.01766	0.05460	0.00617	0.00483	0.00144	0.00403	0.00501	0.01974	0.09554

[dist]
# distance from previous block
# <min> <max>
0	1

[block]
# block no. 3 follows, 51 sequences, length 11
# corresponding to MSA columns:
# 250-260
name=unknown_D
#
# <colnr> <probs for GDERKNQSTAVLIFYWHMCP>
#	G	D	E	R	K	N	Q	S	T	A	V	L	I	F	Y	W	H	M	C	P
0	0.01738	0.01300	0.03343	0.01444	0.15927	0.08750	0.01016	0.29898	0.03797	0.20927	0.01258	0.01286	0.00899	0.00574	0.00554	0.00151	0.05488	0.00443	0.00428	0.00778
1	0.01299	0.05097	0.01973	0.02603	0.62141	0.01203	0.04906	0.06735	0.01206	0.04878	0.00974	0.01213	0.00790	0.00452	0.00481	0.00144	0.00578	0.00435	0.00275	0.02620
2	0.15129	0.46735	0.05853	0.00894	0.01291	0.05283	0.00846	0.11494	0.02678	0.03095	0.02284	0.00948	0.00744	0.00474	0.00362	0.00125	0.00521	0.00316	0.00283	0.00647
3	0.00663	0.00460	0.00573	0.00621	0.00643	0.00453	0.00394	0.00720	0.00837	0.01126	0.04303	0.37244	0.02459	0.39500	0.07455	0.00371	0.00449	0.01000	0.00371	0.00357
4	0.00978	0.00674	0.00804	0.00719	0.00895	0.00674	0.00551	0.14317	0.01348	0.07185	0.26170	0.05941	0.18351	0.07666	0.11237	0.00265	0.00465	0.00772	0.00461	0.00525
5	0.01327	0.01282	0.07200	0.02562	0.60424	0.01205	0.01420	0.12890	0.01299	0.04207	0.00990	0.01213	0.00790	0.00468	0.00486	0.00147	0.00582	0.00435	0.00289	0.00785
6	0.01703	0.01889	0.01404	0.01187	0.01503	0.51214	0.04141	0.12978	0.01462	0.04218	0.00888	0.00994	0.00701	0.00497	0.00446	0.00124	0.00740	0.00348	0.00306	0.13256
7	0.01377	0.00799	0.00912	0.00789	0.01025	0.00822	0.00618	0.16800	0.11989	0.18818	0.01810	0.13622	0.01494	0.00740	0.00469	0.00149	0.00362	0.00615	0.26141	0.00649
8	0.01226	0.57953	0.14870	0.00997	0.01404	0.01750	0.01032	0.01442	0.00968	0.01224	0.00709	0.00871	0.00631	0.00493	0.00532	0.00130	0.12619	0.00304	0.00210	0.00632
9	0.00715	0.00574	0.00877	0.18248	0.01396	0.00600	0.03425	0.00883	0.00982	0.01294	0.02237	0.52011	0.02546	0.01250	0.00603	0.00194	0.00406	0.10915	0.00397	0.00447
10	0.00808	0.00609	0.00888	0.12857	0.01358	0.00640	0.00864	0.01050	0.01119	0.01458	0.05343	0.04842	0.02576	0.01215	0.00647	0.00214	0.00474	0.62148	0.00421	0.00467

[dist]
# distance from previous block
# <min> <max>
0	1

[block]
# block no. 4 follows, 51 sequences, length 22
# corresponding to MSA columns:
# 262-269,272-276,278-286
name=unknown_E
#
# <colnr> <probs for GDERKNQSTAVLIFYWHMCP>
#	G	D	E	R	K	N	Q	S	T	A	V	L	I	F	Y	W	H	M	C	P
0	0.01054	0.00986	0.01674	0.10523	0.50694	0.00997	0.04830	0.01320	0.01100	0.01543	0.06950	0.13473	0.01415	0.00648	0.00519	0.00157	0.00532	0.00620	0.00294	0.00670
1	0.01169	0.01285	0.02634	0.01912	0.02377	0.01240	0.66425	0.01728	0.12690	0.01646	0.01144	0.01401	0.00858	0.00452	0.00568	0.00166	0.00763	0.00576	0.00286	0.00680
2	0.01866	0.01447	0.01469	0.01141	0.01524	0.07342	0.00935	0.72440	0.02243	0.02958	0.01149	0.01158	0.00821	0.00584	0.00488	0.00146	0.00566	0.00433	0.00474	0.00816
3	0.00755	0.00517	0.00647	0.00629	0.00751	0.00494	0.00485	0.01016	0.03472	0.01881	0.54165	0.03534	0.05633	0.00966	0.00548	0.00156	0.00260	0.08798	0.14826	0.00469
4	0.01041	0.00659	0.00801	0.00746	0.00819	0.04348	0.00531	0.12204	0.00934	0.01218	0.00951	0.03371	0.00905	0.01519	0.03126	0.65304	0.00479	0.00449	0.00263	0.00331
5	0.01398	0.01133	0.01213	0.01008	0.01341	0.01248	0.00803	0.25831	0.45721	0.02324	0.01610	0.01533	0.01201	0.00607	0.00481	0.00149	0.00433	0.00489	0.00472	0.11005
6	0.01868	0.01376	0.01475	0.01131	0.01524	0.01524	0.00934	0.78025	0.02311	0.03097	0.01180	0.01180	0.00836	0.00590	0.00492	0.00147	0.00541	0.00442	0.00492	0.00836
7	0.01015	0.00745	0.00883	0.00820	0.01004	0.00798	0.00631	0.07817	0.23626	0.06115	0.17487	0.14575	0.05128	0.01341	0.12465	0.00260	0.00488	0.02451	0.01761	0.00590
8	0.00582	0.00491	0.00505	0.00515	0.00668	0.00413	0.00381	0.00703	0.01103	0.01321	0.04764	0.12071	0.72261	0.01272	0.00585	0.00169	0.00252	0.01071	0.00456	0.00413
9	0.01797	0.01002	0.01170	0.00916	0.01264	0.01004	0.00750	0.33494	0.01731	0.34795	0.02069	0.01926	0.12684	0.00694	0.00503	0.00151	0.00440	0.00553	0.02291	0.00766
10	0.04088	0.00949	0.01117	0.00890	0.01230	0.00941	0.00725	0.21616	0.08919	0.38983	0.02166	0.01991	0.12751	0.00699	0.00502	0.00154	0.00421	0.00561	0.00537	0.00760
11	0.03093	0.01120	0.01429	0.01256	0.07175	0.03391	0.06545	0.25226	0.07583	0.08519	0.12774	0.01620	0.01426	0.00680	0.00716	0.00164	0.15660	0.00522	0.00411	0.00690
12	0.00683	0.00560	0.00704	0.00704	0.00788	0.00581	0.00524	0.00812	0.01057	0.01407	0.18132	0.30860	0.26720	0.01243	0.00750	0.00183	0.12377	0.01042	0.00437	0.00437
13	0.06006	0.00868	0.01138	0.00877	0.01254	0.00779	0.00724	0.06098	0.01425	0.72658	0.01844	0.01609	0.01167	0.00600	0.00485	0.00152	0.00423	0.00481	0.00589	0.00822
14	0.01809	0.01086	0.01251	0.00992	0.01345	0.01137	0.00808	0.34372	0.15504	0.29533	0.05696	0.01597	0.01285	0.00632	0.00499	0.00153	0.00455	0.00504	0.00536	0.00806
15	0.01218	0.01290	0.03388	0.05805	0.42166	0.09005	0.15659	0.01527	0.02855	0.01508	0.00979	0.03882	0.00837	0.00518	0.00595	0.00156	0.07178	0.00485	0.00254	0.00693
16	0.00918	0.00826	0.01153	0.01033	0.01062	0.01094	0.00829	0.01036	0.00766	0.01159	0.00974	0.01599	0.00968	0.11265	0.25386	0.00415	0.46291	0.00493	0.02257	0.00478
17	0.00619	0.00446	0.00608	0.00705	0.00745	0.00435	0.00488	0.00721	0.00923	0.01243	0.02499	0.68551	0.02939	0.01854	0.12536	0.00288	0.00442	0.03123	0.00427	0.00406
18	0.13808	0.01119	0.03040	0.06835	0.57109	0.01136	0.01311	0.01510	0.03877	0.01686	0.00977	0.01316	0.00823	0.00481	0.00466	0.00151	0.00549	0.02820	0.00266	0.00718
19	0.01246	0.22442	0.40081	0.01181	0.01741	0.03814	0.04230	0.03205	0.02962	0.09135	0.00968	0.01064	0.00718	0.00470	0.00431	0.00138	0.00625	0.00360	0.00267	0.04921
20	0.65340	0.04823	0.00908	0.00719	0.01040	0.03617	0.00596	0.03185	0.00977	0.13700	0.00883	0.00938	0.00648	0.00481	0.00341	0.00149	0.00412	0.00305	0.00347	0.00589
21	0.73723	0.00933	0.00784	0.00680	0.00996	0.01046	0.00560	0.01586	0.00921	0.13762	0.00871	0.00928	0.00634	0.00479	0.00332	0.00152	0.00386	0.00300	0.00349	0.00577

[dist]
# distance from previous block
# <min> <max>
0	1

[block]
# block no. 5 follows, 51 sequences, length 12
# corresponding to MSA columns:
# 288-299
name=unknown_F
#
# <colnr> <probs for GDERKNQSTAVLIFYWHMCP>
#	G	D	E	R	K	N	Q	S	T	A	V	L	I	F	Y	W	H	M	C	P
0	0.00872	0.00639	0.00758	0.00746	0.00873	0.00641	0.00547	0.16099	0.01281	0.01706	0.11675	0.42742	0.10800	0.04946	0.00677	0.00194	0.00340	0.03506	0.00466	0.00492
1	0.00676	0.00446	0.00545	0.00612	0.00678	0.00418	0.00424	0.00808	0.01009	0.01443	0.08119	0.51690	0.09668	0.01257	0.00556	0.00174	0.00265	0.01117	0.19677	0.00418
2	0.01195	0.00875	0.01031	0.00919	0.01152	0.00941	0.03060	0.09729	0.35463	0.09574	0.06786	0.20685	0.01975	0.00867	0.00531	0.00168	0.00382	0.00753	0.03245	0.00668
3	0.00618	0.00443	0.00587	0.00671	0.00717	0.00412	0.00458	0.00733	0.01030	0.01397	0.17952	0.66760	0.03526	0.01433	0.00618	0.00191	0.00275	0.01296	0.00473	0.00412
4	0.01303	0.00976	0.01101	0.00884	0.01245	0.00952	0.00703	0.06949	0.33004	0.11498	0.01486	0.01443	0.01111	0.00533	0.00444	0.00126	0.00392	0.00434	0.00429	0.34987
5	0.69208	0.00866	0.00736	0.00675	0.00936	0.01005	0.00549	0.01332	0.00827	0.01993	0.00810	0.01023	0.00671	0.01098	0.16299	0.00279	0.00566	0.00318	0.00296	0.00514
6	0.02010	0.00880	0.01135	0.00899	0.01259	0.00822	0.00733	0.02438	0.16784	0.64512	0.01951	0.01705	0.01273	0.00620	0.00495	0.00155	0.00412	0.00506	0.00587	0.00825
7	0.01214	0.01112	0.01857	0.19624	0.35616	0.03382	0.13192	0.03900	0.01153	0.06416	0.03177	0.02938	0.00923	0.00512	0.00538	0.00156	0.02832	0.00491	0.00281	0.00686
8	0.04456	0.01193	0.16789	0.00915	0.01383	0.00793	0.00880	0.01756	0.01166	0.31955	0.01281	0.01268	0.00889	0.00482	0.00433	0.00123	0.00458	0.00383	0.00398	0.32999
9	0.05019	0.00763	0.00953	0.00764	0.01068	0.00704	0.00621	0.05843	0.01327	0.51546	0.01760	0.01659	0.01183	0.00592	0.00445	0.00141	0.00371	0.00473	0.24048	0.00720
10	0.00643	0.00481	0.00663	0.00734	0.00790	0.00458	0.02749	0.00795	0.03885	0.01330	0.06497	0.73034	0.03181	0.01447	0.00619	0.00195	0.00302	0.01316	0.00456	0.00424
11	0.11138	0.09802	0.13144	0.00990	0.03423	0.01100	0.02081	0.10648	0.09026	0.12314	0.01258	0.01611	0.01046	0.16875	0.00884	0.00215	0.02988	0.00465	0.00356	0.00636

[dist]
# distance from previous block
# <min> <max>
1	4

[block]
# block no. 6 follows, 51 sequences, length 21
# corresponding to MSA columns:
# 309-329
name=unknown_G
#
# <colnr> <probs for GDERKNQSTAVLIFYWHMCP>
#	G	D	E	R	K	N	Q	S	T	A	V	L	I	F	Y	W	H	M	C	P
0	0.59968	0.00942	0.00956	0.19433	0.01540	0.01131	0.00766	0.01381	0.00864	0.01907	0.00725	0.00938	0.00569	0.00495	0.00447	0.00160	0.06646	0.00318	0.00277	0.00536
1	0.00935	0.00654	0.00967	0.19567	0.01571	0.00696	0.00906	0.01182	0.01115	0.07412	0.02122	0.04159	0.02156	0.01077	0.00611	0.00203	0.00490	0.50771	0.02902	0.00504
2	0.00765	0.00708	0.01107	0.00921	0.01149	0.00643	0.18368	0.03047	0.01155	0.01462	0.07408	0.13039	0.43699	0.01061	0.00587	0.00171	0.00401	0.03409	0.00413	0.00486
3	0.48394	0.00908	0.00881	0.00714	0.01065	0.00917	0.00585	0.01601	0.01001	0.18810	0.00998	0.01038	0.00725	0.00468	0.00359	0.00134	0.00385	0.00321	0.00367	0.20331
4	0.00972	0.00723	0.00948	0.00869	0.01027	0.00825	0.00688	0.18746	0.01142	0.01594	0.01285	0.01757	0.01138	0.02969	0.62186	0.00641	0.01137	0.00507	0.00316	0.00531
5	0.66517	0.01001	0.01017	0.01195	0.19181	0.01118	0.00758	0.01459	0.00902	0.02066	0.00740	0.00895	0.00589	0.00452	0.00346	0.00151	0.00427	0.00306	0.00290	0.00589
6	0.00727	0.00516	0.00660	0.00726	0.00800	0.00505	0.00560	0.00859	0.00987	0.01284	0.03879	0.12842	0.09604	0.26403	0.01223	0.00294	0.00420	0.36908	0.00407	0.00396
7	0.02049	0.00869	0.01123	0.00872	0.01231	0.00797	0.00717	0.10191	0.03215	0.64276	0.01835	0.01637	0.01186	0.00605	0.00483	0.00149	0.00416	0.00487	0.07055	0.00806
8	0.01096	0.01014	0.01685	0.02461	0.61383	0.01005	0.01266	0.01374	0.01182	0.01690	0.19101	0.01785	0.01672	0.00569	0.00508	0.00148	0.00502	0.00542	0.00312	0.00706
9	0.07616	0.00833	0.01068	0.00868	0.01176	0.00813	0.00708	0.10425	0.01325	0.47780	0.01623	0.01617	0.01130	0.01308	0.19076	0.00299	0.00637	0.00480	0.00494	0.00723
10	0.02107	0.00993	0.01237	0.00949	0.01333	0.00955	0.00784	0.24326	0.01669	0.57702	0.01719	0.01530	0.01106	0.00603	0.00493	0.00151	0.00454	0.00479	0.00574	0.00836
11	0.00714	0.00484	0.00628	0.00604	0.00701	0.00447	0.00441	0.00826	0.01174	0.01610	0.49416	0.03334	0.15619	0.01205	0.00890	0.19970	0.00280	0.00805	0.00452	0.00398
12	0.01101	0.01152	0.01935	0.01531	0.01684	0.01424	0.24765	0.01303	0.00878	0.01303	0.00753	0.01152	0.00676	0.00723	0.01294	0.00200	0.56845	0.00476	0.00225	0.00576
13	0.01118	0.01238	0.02593	0.01883	0.02297	0.01207	0.65012	0.01473	0.01089	0.01491	0.01005	0.01448	0.00817	0.06779	0.00820	0.00194	0.08085	0.00577	0.00249	0.00623
14	0.00618	0.00458	0.00568	0.00647	0.00711	0.00421	0.00451	0.00717	0.00980	0.01265	0.03138	0.52481	0.20758	0.07640	0.00763	0.00215	0.00304	0.07021	0.00444	0.00399
15	0.01001	0.00689	0.00749	0.00689	0.00888	0.00707	0.00531	0.01564	0.25437	0.07801	0.12238	0.02766	0.21109	0.00825	0.00492	0.00151	0.00299	0.00688	0.20799	0.00577
16	0.01127	0.01108	0.02000	0.24242	0.36440	0.01152	0.18778	0.03659	0.01134	0.01557	0.03398	0.01343	0.00860	0.00469	0.00512	0.00156	0.00647	0.00484	0.00254	0.00680
17	0.25718	0.01256	0.01262	0.00994	0.01362	0.01405	0.00820	0.56367	0.01894	0.02845	0.01040	0.01072	0.00750	0.00552	0.00439	0.00149	0.00495	0.00393	0.00439	0.00750
18	0.00595	0.00444	0.00553	0.00641	0.00701	0.00403	0.00437	0.00689	0.00982	0.01271	0.03234	0.64417	0.20902	0.01471	0.00616	0.00192	0.00277	0.01314	0.00456	0.00403
19	0.41747	0.00977	0.00997	0.00808	0.01154	0.01030	0.00667	0.14090	0.01283	0.30981	0.01226	0.01181	0.00833	0.00534	0.00404	0.00151	0.00420	0.00378	0.00446	0.00693
20	0.17989	0.03267	0.02812	0.19613	0.01744	0.07185	0.01865	0.06195	0.02331	0.20583	0.01164	0.01369	0.00865	0.00575	0.00537	0.00158	0.06720	0.02789	0.01599	0.00638

[dist]
# distance from previous block
# <min> <max>
0	2

[block]
# block no. 7 follows, 51 sequences, length 6
# corresponding to MSA columns:
# 332-337
name=unknown_H
#
# <colnr> <probs for GDERKNQSTAVLIFYWHMCP>
#	G	D	E	R	K	N	Q	S	T	A	V	L	I	F	Y	W	H	M	C	P
0	0.13504	0.15967	0.01434	0.01200	0.12842	0.19339	0.00824	0.07308	0.01161	0.03784	0.03400	0.01420	0.00986	0.14013	0.00754	0.00190	0.00577	0.00416	0.00296	0.00586
1	0.10941	0.01640	0.14319	0.01139	0.01560	0.11178	0.01037	0.47710	0.01827	0.02513	0.01025	0.01079	0.00743	0.00545	0.00461	0.00147	0.00596	0.00395	0.00395	0.00752
2	0.65503	0.00979	0.00882	0.00780	0.01032	0.01178	0.00641	0.01494	0.06973	0.02025	0.00782	0.00926	0.00627	0.00539	0.00535	0.00164	0.13769	0.00316	0.00305	0.00552
3	0.14691	0.00534	0.00618	0.00695	0.00786	0.00536	0.00505	0.00850	0.00956	0.01440	0.02481	0.55746	0.06705	0.01324	0.00578	0.00193	0.00319	0.10185	0.00431	0.00428
4	0.01019	0.00873	0.01019	0.00728	0.01165	0.00655	0.00582	0.01237	0.01019	0.01601	0.00873	0.01019	0.00728	0.00364	0.00364	0.00073	0.00364	0.00291	0.00291	0.85734
5	0.01539	0.04364	0.11358	0.01156	0.07206	0.02864	0.03363	0.14538	0.03741	0.24613	0.03415	0.03199	0.01059	0.00551	0.00468	0.00138	0.00500	0.00453	0.00414	0.15060

[dist]
# distance from previous block
# <min> <max>
0	1

[block]
# block no. 8 follows, 51 sequences, length 43
# corresponding to MSA columns:
# 339-365,370-379,402-407
name=unknown_I
#
# <colnr> <probs for GDERKNQSTAVLIFYWHMCP>
#	G	D	E	R	K	N	Q	S	T	A	V	L	I	F	Y	W	H	M	C	P
0	0.27443	0.12202	0.03288	0.03145	0.09422	0.22478	0.06848	0.01681	0.06457	0.01642	0.00853	0.00993	0.00686	0.00475	0.00404	0.00141	0.00605	0.00347	0.00277	0.00612
1	0.01856	0.01090	0.01264	0.00997	0.01352	0.01131	0.00812	0.39573	0.07446	0.30982	0.01622	0.07024	0.01190	0.00668	0.00503	0.00154	0.00467	0.00536	0.00532	0.00802
2	0.01215	0.00763	0.01007	0.09589	0.01311	0.00778	0.02745	0.07833	0.11354	0.19791	0.05630	0.26057	0.05506	0.03340	0.00603	0.00180	0.00407	0.00814	0.00468	0.00610
3	0.01653	0.00808	0.01029	0.00834	0.01129	0.00763	0.00671	0.09445	0.07279	0.43566	0.24715	0.02225	0.02209	0.00728	0.00520	0.00153	0.00373	0.00610	0.00569	0.00722
4	0.06728	0.00587	0.00707	0.00669	0.00816	0.00573	0.00505	0.01097	0.04967	0.07736	0.41256	0.15276	0.13226	0.01029	0.00582	0.00165	0.02204	0.00885	0.00496	0.00498
5	0.06256	0.00910	0.01109	0.00871	0.01219	0.00879	0.00714	0.15875	0.04498	0.51187	0.01706	0.01562	0.01128	0.00596	0.00469	0.00148	0.00418	0.00472	0.09203	0.00780
6	0.00609	0.00498	0.00540	0.00552	0.00692	0.00433	0.00405	0.00764	0.02629	0.01402	0.12954	0.17474	0.56816	0.01255	0.00587	0.00170	0.00256	0.01071	0.00467	0.00425
7	0.00754	0.00469	0.00629	0.00707	0.00771	0.00433	0.00489	0.00853	0.00989	0.08645	0.02634	0.73024	0.03050	0.01448	0.00616	0.00196	0.00302	0.03081	0.00470	0.00441
8	0.01078	0.00908	0.01051	0.00756	0.01189	0.00715	0.00607	0.06547	0.01108	0.01705	0.00895	0.01030	0.00735	0.00380	0.00373	0.00078	0.00376	0.00302	0.00305	0.79863
9	0.06673	0.00599	0.00676	0.00631	0.00783	0.02554	0.00479	0.01026	0.02605	0.04273	0.56064	0.03483	0.16377	0.00976	0.00553	0.00156	0.00270	0.00838	0.00505	0.00480
10	0.01243	0.01066	0.01123	0.01004	0.01286	0.01232	0.00783	0.04990	0.76364	0.02089	0.01974	0.01813	0.01479	0.00664	0.00500	0.00166	0.00394	0.00552	0.00500	0.00780
11	0.00599	0.00428	0.00570	0.00684	0.00713	0.00399	0.00456	0.00684	0.00941	0.01254	0.02709	0.82409	0.03250	0.01540	0.00627	0.00200	0.00285	0.01397	0.00456	0.00399
12	0.01314	0.83025	0.02575	0.00841	0.01261	0.01945	0.00841	0.01472	0.00999	0.01156	0.00683	0.00788	0.00631	0.00420	0.00315	0.00105	0.00526	0.00263	0.00210	0.00631
13	0.01222	0.01056	0.01111	0.01000	0.01278	0.01222	0.00778	0.02611	0.78776	0.02056	0.02000	0.01833	0.01500	0.00667	0.00500	0.00167	0.00389	0.00556	0.00500	0.00778
14	0.00998	0.00944	0.05363	0.00759	0.01192	0.00671	0.00643	0.01237	0.01042	0.01621	0.05506	0.01176	0.00953	0.00407	0.00382	0.00082	0.00376	0.00330	0.00301	0.76017
15	0.00956	0.00596	0.00830	0.00896	0.01040	0.00582	0.00777	0.01178	0.01169	0.10679	0.03996	0.05054	0.02674	0.01263	0.00655	0.00216	0.00444	0.66024	0.00472	0.00498
16	0.01836	0.02342	0.01393	0.01266	0.01519	0.80756	0.00950	0.01962	0.01393	0.01203	0.00760	0.00886	0.00633	0.00506	0.00443	0.00127	0.00886	0.00317	0.00253	0.00570
17	0.00928	0.00873	0.01474	0.81548	0.03385	0.01092	0.01365	0.01256	0.00983	0.01256	0.00873	0.01310	0.00655	0.00491	0.00491	0.00164	0.00655	0.00437	0.00218	0.00546
18	0.01276	0.01255	0.02011	0.02715	0.63207	0.06669	0.09271	0.01586	0.02473	0.03393	0.00962	0.01226	0.00787	0.00448	0.00494	0.00147	0.00623	0.00447	0.00257	0.00753
19	0.01136	0.00717	0.00851	0.00766	0.00887	0.02673	0.00559	0.16496	0.01100	0.06856	0.01270	0.02081	0.01215	0.20379	0.03653	0.33118	0.00497	0.04981	0.00333	0.00431
20	0.00792	0.00566	0.00792	0.00905	0.01018	0.00566	0.00792	0.01018	0.01131	0.01471	0.02602	0.05543	0.02828	0.01358	0.00679	0.00226	0.00453	0.76356	0.00453	0.00453
21	0.01129	0.00899	0.01066	0.00802	0.02833	0.00707	0.00625	0.04592	0.01099	0.06281	0.00950	0.01069	0.00762	0.00390	0.00380	0.00082	0.00379	0.00313	0.00317	0.75325
22	0.01376	0.24454	0.11049	0.01773	0.28879	0.19827	0.01215	0.03398	0.01167	0.01416	0.00820	0.00999	0.00687	0.00456	0.00427	0.00131	0.00653	0.00352	0.00238	0.00684
23	0.02205	0.00836	0.01140	0.00874	0.01254	0.00722	0.00722	0.02395	0.01407	0.80004	0.01939	0.01673	0.01216	0.00608	0.00494	0.00152	0.00418	0.00494	0.00608	0.00836
24	0.01350	0.77446	0.02493	0.00870	0.01279	0.07394	0.00848	0.01505	0.01026	0.01159	0.00688	0.00795	0.00631	0.00426	0.00324	0.00107	0.00550	0.00266	0.00213	0.00626
25	0.00832	0.00637	0.00778	0.00740	0.02004	0.00678	0.02424	0.01123	0.14119	0.01314	0.11771	0.02843	0.02009	0.49442	0.03600	0.00365	0.03844	0.00687	0.00358	0.00431
26	0.14368	0.01274	0.01318	0.01042	0.01408	0.01424	0.00855	0.57398	0.11424	0.02837	0.01206	0.01203	0.00872	0.00579	0.00465	0.00151	0.00498	0.00430	0.00465	0.00783
27	0.06515	0.01172	0.01336	0.01127	0.03946	0.01297	0.04911	0.35443	0.28531	0.03774	0.01452	0.01436	0.01071	0.00594	0.00480	0.00154	0.00476	0.00480	0.05036	0.00766
28	0.00854	0.00427	0.00640	0.00640	0.00640	0.00427	0.00427	0.00640	0.00640	0.00854	0.00854	0.01494	0.00854	0.01707	0.01921	0.85702	0.00427	0.00427	0.00213	0.00213
29	0.01222	0.01056	0.01111	0.01000	0.01278	0.01222	0.00778	0.02611	0.78776	0.02056	0.02000	0.01833	0.01500	0.00667	0.00500	0.00167	0.00389	0.00556	0.00500	0.00778
30	0.01102	0.00925	0.01063	0.00773	0.01201	0.00753	0.00621	0.08117	0.03893	0.01751	0.00941	0.01062	0.00765	0.00395	0.00380	0.00083	0.00381	0.00314	0.00316	0.75166
31	0.00636	0.00465	0.00602	0.00703	0.00746	0.00448	0.00475	0.00798	0.05532	0.01302	0.02667	0.77656	0.03147	0.01488	0.00620	0.00198	0.00291	0.01347	0.00459	0.00421
32	0.01179	0.13832	0.47393	0.01362	0.06444	0.01298	0.03066	0.09336	0.07032	0.03115	0.00991	0.01104	0.00734	0.00487	0.00454	0.00148	0.00641	0.00382	0.00269	0.00731
33	0.00759	0.00630	0.04360	0.00687	0.00761	0.00607	0.00498	0.00918	0.05315	0.01102	0.01464	0.02639	0.01541	0.50635	0.24159	0.00527	0.02083	0.00632	0.00294	0.00389
34	0.00652	0.00494	0.00601	0.00588	0.00711	0.00443	0.00436	0.00839	0.01270	0.01713	0.50167	0.10873	0.27171	0.01124	0.00584	0.00162	0.00242	0.00978	0.00508	0.00443
35	0.01936	0.00927	0.01159	0.00912	0.01265	0.00892	0.00745	0.15431	0.09260	0.53057	0.07616	0.01753	0.01435	0.00641	0.00501	0.00153	0.00423	0.00521	0.00572	0.00802
36	0.07681	0.10360	0.55797	0.01330	0.03880	0.02690	0.03943	0.06017	0.01105	0.01652	0.00866	0.01013	0.00637	0.00467	0.00444	0.00149	0.00671	0.00358	0.00235	0.00705
37	0.00812	0.00643	0.00786	0.00851	0.03074	0.00678	0.00597	0.01300	0.24004	0.01522	0.04217	0.49415	0.02620	0.01298	0.03061	0.00206	0.00360	0.03569	0.00459	0.00526
38	0.00696	0.00477	0.00565	0.00589	0.00613	0.00467	0.00369	0.00742	0.00832	0.01109	0.06508	0.16436	0.04663	0.56629	0.01899	0.00386	0.00422	0.05909	0.00353	0.00338
39	0.00800	0.05181	0.02695	0.00796	0.00871	0.00762	0.00616	0.00899	0.00849	0.01178	0.06126	0.14888	0.03807	0.19436	0.18005	0.05640	0.14583	0.02135	0.00311	0.00423
40	0.01343	0.20114	0.01928	0.07743	0.37963	0.14390	0.01197	0.03120	0.01164	0.03284	0.02801	0.01141	0.00818	0.00470	0.00443	0.00135	0.00612	0.00390	0.00256	0.00688
41	0.00854	0.00427	0.00640	0.00640	0.00640	0.00427	0.00427	0.00640	0.00640	0.00854	0.00854	0.01494	0.00854	0.01707	0.01921	0.85702	0.00427	0.00427	0.00213	0.00213
42	0.01285	0.00907	0.00987	0.00844	0.01117	0.00953	0.00668	0.19732	0.24247	0.11584	0.02641	0.04615	0.23314	0.00824	0.00517	0.00159	0.00380	0.00676	0.03877	0.00674

[dist]
# distance from previous block
# <min> <max>
2	4

[block]
# block no. 9 follows, 51 sequences, length 24
# corresponding to MSA columns:
# 413-436
name=unknown_J
#
# <colnr> <probs for GDERKNQSTAVLIFYWHMCP>
#	G	D	E	R	K	N	Q	S	T	A	V	L	I	F	Y	W	H	M	C	P
0	0.01182	0.06329	0.26761	0.01654	0.16934	0.02346	0.12872	0.11997	0.03084	0.01789	0.07304	0.03337	0.01108	0.00542	0.00496	0.00152	0.00621	0.00487	0.00300	0.00706
1	0.04095	0.21455	0.23522	0.04192	0.09010	0.17968	0.01209	0.07247	0.04224	0.01534	0.00871	0.01006	0.00689	0.00479	0.00426	0.00137	0.00658	0.00349	0.00257	0.00673
2	0.00939	0.00858	0.01401	0.70314	0.04627	0.01031	0.01262	0.01254	0.00990	0.01316	0.00912	0.01315	0.00694	0.00486	0.00475	0.00155	0.00612	0.00428	0.04616	0.06315
3	0.01039	0.00880	0.01024	0.00739	0.01164	0.00680	0.00591	0.03969	0.01077	0.01667	0.03399	0.01110	0.00857	0.00393	0.00375	0.00078	0.00366	0.00316	0.00306	0.79972
4	0.04469	0.06562	0.03638	0.01297	0.13826	0.07388	0.02512	0.13047	0.03297	0.27098	0.03171	0.01343	0.01000	0.00533	0.00461	0.00139	0.00512	0.00431	0.00415	0.08862
5	0.01828	0.01748	0.01427	0.01179	0.01512	0.33126	0.00934	0.44548	0.05115	0.02298	0.01046	0.01090	0.00782	0.00560	0.00473	0.00140	0.00672	0.00397	0.00397	0.00727
6	0.86201	0.00950	0.00722	0.00646	0.00950	0.01102	0.00532	0.01445	0.00836	0.02205	0.00684	0.00798	0.00532	0.00456	0.00304	0.00152	0.00380	0.00266	0.00304	0.00532
7	0.01776	0.03178	0.01444	0.01101	0.01479	0.01476	0.00906	0.64529	0.12515	0.04584	0.01295	0.01269	0.00928	0.00597	0.00489	0.00149	0.00517	0.00455	0.00489	0.00823
8	0.00599	0.00428	0.00570	0.00684	0.00713	0.00399	0.00456	0.00684	0.00941	0.01254	0.02709	0.82409	0.03250	0.01540	0.00627	0.00200	0.00285	0.01397	0.00456	0.00399
9	0.00657	0.00482	0.00597	0.00616	0.00719	0.00440	0.00452	0.00826	0.01187	0.01613	0.36423	0.24926	0.20335	0.01199	0.00588	0.00171	0.00259	0.04333	0.03740	0.00435
10	0.02882	0.01273	0.04053	0.02171	0.22762	0.01211	0.46390	0.03459	0.02304	0.04728	0.01014	0.01291	0.00777	0.00451	0.00570	0.00160	0.03012	0.00520	0.00270	0.00701
11	0.00618	0.00441	0.00582	0.00668	0.00709	0.00412	0.00451	0.00722	0.01000	0.01351	0.14311	0.67304	0.03403	0.04684	0.00694	0.00204	0.00285	0.01293	0.00463	0.00405
12	0.00721	0.00723	0.08604	0.00671	0.00866	0.00540	0.00579	0.02887	0.01260	0.01717	0.39930	0.07685	0.27113	0.01028	0.00561	0.00159	0.00297	0.00882	0.03295	0.00481
13	0.01195	0.01024	0.01091	0.00994	0.01261	0.01181	0.00779	0.02510	0.73841	0.02019	0.02038	0.02069	0.01585	0.00711	0.00511	0.00170	0.00393	0.05374	0.00497	0.00757
14	0.01262	0.01220	0.07289	0.01876	0.33757	0.05067	0.04193	0.05392	0.16642	0.07133	0.01480	0.07520	0.03732	0.00616	0.00504	0.00156	0.00533	0.00551	0.00353	0.00726
15	0.17400	0.32541	0.07631	0.01075	0.04868	0.13396	0.02807	0.03362	0.01075	0.05436	0.00800	0.00928	0.00656	0.00485	0.00453	0.00135	0.05740	0.00321	0.00263	0.00627
16	0.49623	0.01246	0.01067	0.00907	0.01206	0.15491	0.05565	0.10712	0.01128	0.02012	0.00829	0.01022	0.00670	0.03838	0.02730	0.00179	0.00550	0.00342	0.00313	0.00572
17	0.01237	0.01335	0.06999	0.04026	0.31704	0.15226	0.07452	0.01538	0.03403	0.04875	0.11294	0.01714	0.05866	0.00585	0.00503	0.00148	0.00592	0.00521	0.00316	0.00663
18	0.01301	0.01095	0.01156	0.01016	0.01308	0.01259	0.00797	0.11829	0.69430	0.02183	0.01900	0.01754	0.01419	0.00657	0.00499	0.00164	0.00407	0.00542	0.00499	0.00785
19	0.01170	0.06655	0.44961	0.01529	0.06916	0.02980	0.14418	0.06620	0.04852	0.03838	0.00991	0.01145	0.00726	0.00476	0.00482	0.00153	0.00690	0.00416	0.00261	0.00723
20	0.00907	0.05819	0.02708	0.00719	0.00858	0.00606	0.00547	0.01092	0.05104	0.10376	0.02400	0.44556	0.07965	0.02742	0.00643	0.03449	0.00336	0.02057	0.06625	0.00489
21	0.00881	0.00800	0.03924	0.00900	0.05051	0.00759	0.02796	0.02968	0.22146	0.01789	0.26894	0.06500	0.20785	0.00919	0.00550	0.00162	0.00340	0.00795	0.00469	0.00573
22	0.00993	0.00847	0.03894	0.00768	0.01043	0.04374	0.00619	0.03764	0.03142	0.06529	0.12736	0.15378	0.09683	0.00880	0.02455	0.00151	0.00394	0.02330	0.00400	0.29620
23	0.01564	0.04434	0.02516	0.00883	0.01181	0.04081	0.02407	0.03040	0.03281	0.38827	0.15128	0.07132	0.01850	0.00728	0.00547	0.00152	0.03524	0.02134	0.00497	0.06094

[dist]
# distance from previous block
# <min> <max>
0	17

# created by:
# /home/cegg/simao/soft/augustus-3.2.1/scripts/msa2prfl.pl ./align_prep/EOG091G0ILG.fa
