[name]
unknown

[dist]
# distance from previous block
# <min> <max>
14	100

[block]
# block no. 0 follows, 41 sequences, length 29
# corresponding to MSA columns:
# 169-172,191-215
name=unknown_A
#
# <colnr> <probs for GDERKNQSTAVLIFYWHMCP>
#	G	D	E	R	K	N	Q	S	T	A	V	L	I	F	Y	W	H	M	C	P
0	0.01403	0.01314	0.02133	0.12690	0.57851	0.01369	0.01635	0.04596	0.07766	0.01929	0.01189	0.01490	0.00963	0.00547	0.00569	0.00175	0.00668	0.00522	0.00316	0.00874
1	0.01192	0.00734	0.00861	0.00749	0.01010	0.00637	0.00576	0.03683	0.01409	0.17165	0.13017	0.06799	0.34473	0.05770	0.00760	0.00199	0.00370	0.00938	0.00551	0.09108
2	0.01690	0.02005	0.01429	0.10878	0.01821	0.49794	0.01031	0.01895	0.01561	0.01620	0.18759	0.01863	0.01847	0.00725	0.00560	0.00160	0.00817	0.00544	0.00369	0.00630
3	0.05861	0.00843	0.00862	0.00814	0.01056	0.00872	0.00623	0.01682	0.28117	0.01931	0.06125	0.06830	0.39902	0.01156	0.00625	0.00194	0.00359	0.00962	0.00542	0.00645
4	0.01298	0.01307	0.02433	0.32842	0.06161	0.01390	0.33063	0.06040	0.06182	0.01826	0.01187	0.01559	0.00891	0.00551	0.00617	0.00190	0.00819	0.00590	0.00311	0.00743
5	0.01260	0.01199	0.01915	0.36449	0.14752	0.01442	0.06239	0.05238	0.03914	0.01673	0.01038	0.01458	0.00836	0.00671	0.00888	0.00201	0.19302	0.00523	0.00288	0.00712
6	0.01192	0.01033	0.01400	0.11414	0.13492	0.00904	0.00951	0.01443	0.01168	0.01750	0.01037	0.01340	0.00874	0.01818	0.00610	0.04940	0.00515	0.00405	0.00314	0.53400
7	0.04530	0.01143	0.01875	0.39430	0.33273	0.01265	0.01553	0.01609	0.01223	0.04065	0.01246	0.01615	0.03581	0.00581	0.00565	0.00181	0.00690	0.00529	0.00294	0.00751
8	0.01306	0.00978	0.01276	0.01013	0.03130	0.00827	0.03959	0.01559	0.01295	0.11314	0.10018	0.01970	0.04482	0.00650	0.00579	0.00131	0.04383	0.02405	0.00423	0.48302
9	0.04440	0.03836	0.04038	0.00944	0.01267	0.00864	0.00803	0.05621	0.02264	0.01921	0.08024	0.09421	0.05832	0.00970	0.00607	0.00172	0.01868	0.18002	0.00442	0.28665
10	0.01271	0.01201	0.01597	0.01352	0.01444	0.01564	0.01119	0.07675	0.01096	0.01619	0.01315	0.01673	0.08133	0.00979	0.01549	0.00227	0.59130	0.00560	0.00312	0.06186
11	0.00822	0.00632	0.00805	0.03918	0.00958	0.00672	0.00577	0.00939	0.01022	0.01364	0.06283	0.10948	0.16502	0.29109	0.17408	0.00475	0.05799	0.00912	0.00396	0.00458
12	0.01066	0.01900	0.38047	0.01513	0.04934	0.01075	0.10968	0.01528	0.01259	0.01790	0.07197	0.10964	0.06697	0.00833	0.00610	0.00189	0.00683	0.04476	0.00349	0.03923
13	0.01223	0.01162	0.01974	0.46598	0.34749	0.01308	0.01660	0.01587	0.01211	0.01635	0.01042	0.01478	0.00824	0.00545	0.00569	0.00182	0.00727	0.00509	0.00266	0.00751
14	0.01939	0.06376	0.02162	0.09051	0.02217	0.01212	0.25002	0.05183	0.01506	0.36923	0.01644	0.01683	0.01110	0.00605	0.00594	0.00180	0.00684	0.00581	0.00491	0.00859
15	0.01120	0.01025	0.01645	0.13919	0.38788	0.01041	0.01287	0.01405	0.01288	0.01758	0.09418	0.10698	0.12518	0.00858	0.00611	0.00184	0.00558	0.00782	0.00376	0.00720
16	0.00786	0.00563	0.00758	0.00834	0.00914	0.00546	0.00620	0.00959	0.01228	0.01665	0.18760	0.37646	0.03757	0.06087	0.06696	0.00297	0.00463	0.16406	0.00524	0.00491
17	0.00936	0.00933	0.10358	0.01151	0.06805	0.00702	0.00913	0.01176	0.01235	0.04674	0.06245	0.35917	0.08065	0.01397	0.00695	0.00221	0.00466	0.17039	0.00487	0.00584
18	0.02061	0.07127	0.11626	0.01261	0.04590	0.01205	0.01108	0.08338	0.06520	0.42350	0.01773	0.01672	0.01196	0.00684	0.00641	0.00179	0.05687	0.00528	0.00546	0.00909
19	0.00928	0.00594	0.00756	0.00748	0.00885	0.00538	0.00543	0.01111	0.01381	0.09182	0.32839	0.27585	0.14896	0.04393	0.00768	0.00212	0.00324	0.01191	0.00581	0.00543
20	0.01412	0.01086	0.01174	0.01060	0.01354	0.01215	0.00827	0.04514	0.53721	0.07021	0.04071	0.05153	0.03206	0.00840	0.00579	0.00189	0.00432	0.02711	0.08602	0.00833
21	0.01294	0.01943	0.27946	0.03624	0.24520	0.04409	0.17305	0.01790	0.02842	0.01854	0.05997	0.01560	0.01137	0.00568	0.00587	0.00179	0.00782	0.00547	0.00299	0.00818
22	0.01066	0.00881	0.01153	0.03856	0.01360	0.00770	0.02354	0.01289	0.01086	0.01644	0.01173	0.01552	0.01026	0.01667	0.23638	0.04526	0.00784	0.00443	0.00320	0.49413
23	0.00926	0.00805	0.01128	0.06710	0.15848	0.00824	0.00859	0.01123	0.01192	0.01566	0.06877	0.05475	0.30088	0.09262	0.08501	0.00301	0.05430	0.02097	0.00410	0.00578
24	0.01078	0.00875	0.05866	0.00904	0.01167	0.00716	0.00737	0.01286	0.01098	0.08668	0.01763	0.16255	0.01734	0.09931	0.23936	0.00425	0.00786	0.00736	0.00394	0.21646
25	0.05365	0.01119	0.01335	0.04133	0.08326	0.05882	0.03660	0.01507	0.01242	0.03684	0.01559	0.04253	0.06993	0.00630	0.00502	0.00132	0.00513	0.03134	0.00364	0.45666
26	0.01373	0.07621	0.16040	0.04268	0.24354	0.03758	0.06758	0.07441	0.02480	0.01877	0.01122	0.01468	0.00932	0.05725	0.00709	0.00186	0.01830	0.00487	0.00311	0.11262
27	0.01228	0.15270	0.01711	0.02623	0.09147	0.01142	0.05206	0.01540	0.04212	0.01746	0.03140	0.05779	0.01262	0.00753	0.03465	0.00163	0.00561	0.03395	0.00346	0.37311
28	0.02359	0.01296	0.11481	0.03858	0.11166	0.03844	0.01090	0.04359	0.07962	0.09288	0.03989	0.15982	0.04712	0.03944	0.00764	0.00201	0.05672	0.00754	0.00427	0.06851

[dist]
# distance from previous block
# <min> <max>
0	8

[block]
# block no. 1 follows, 41 sequences, length 9
# corresponding to MSA columns:
# 224-232
name=unknown_B
#
# <colnr> <probs for GDERKNQSTAVLIFYWHMCP>
#	G	D	E	R	K	N	Q	S	T	A	V	L	I	F	Y	W	H	M	C	P
0	0.01568	0.01138	0.01256	0.01109	0.04684	0.08035	0.00831	0.08316	0.06292	0.17697	0.08531	0.04794	0.07029	0.01000	0.05569	0.00208	0.02253	0.00625	0.00489	0.18578
1	0.01335	0.11515	0.19680	0.01406	0.10763	0.01188	0.01200	0.04927	0.04046	0.08120	0.05918	0.09410	0.01502	0.03084	0.00608	0.00173	0.00581	0.00600	0.00384	0.13557
2	0.14082	0.01178	0.01420	0.17906	0.07760	0.06293	0.03248	0.07095	0.07780	0.06917	0.04503	0.09269	0.01394	0.00727	0.00545	0.00176	0.00583	0.00608	0.00408	0.08108
3	0.01305	0.00648	0.00695	0.00636	0.00824	0.00643	0.00492	0.05898	0.01339	0.10756	0.01881	0.02066	0.01431	0.00672	0.00430	0.00141	0.00314	0.00537	0.68684	0.00610
4	0.06443	0.05036	0.09461	0.01117	0.05336	0.03221	0.00903	0.09295	0.03155	0.05277	0.07368	0.13195	0.06546	0.09478	0.06468	0.00276	0.00603	0.02867	0.00432	0.03522
5	0.04370	0.05584	0.06566	0.06279	0.21220	0.04247	0.04421	0.01697	0.01320	0.10544	0.06029	0.03697	0.06301	0.00690	0.00554	0.00165	0.00589	0.02754	0.00387	0.12587
6	0.05415	0.06088	0.01397	0.08640	0.06479	0.03311	0.00919	0.11251	0.03176	0.05675	0.03881	0.04446	0.06611	0.00821	0.02355	0.00175	0.00548	0.05159	0.01827	0.21827
7	0.01169	0.01522	0.17460	0.15753	0.12525	0.03334	0.12406	0.01545	0.01232	0.01699	0.03603	0.06346	0.05731	0.00715	0.00656	0.01872	0.02994	0.00620	0.00314	0.08503
8	0.01404	0.05499	0.08633	0.05703	0.09151	0.03433	0.09302	0.09925	0.08169	0.06237	0.09310	0.01911	0.04163	0.00773	0.02840	0.00187	0.00635	0.00583	0.00413	0.11728

[dist]
# distance from previous block
# <min> <max>
0	10

[block]
# block no. 2 follows, 41 sequences, length 55
# corresponding to MSA columns:
# 247-279,281-302
name=unknown_C
#
# <colnr> <probs for GDERKNQSTAVLIFYWHMCP>
#	G	D	E	R	K	N	Q	S	T	A	V	L	I	F	Y	W	H	M	C	P
0	0.01392	0.05523	0.06380	0.09572	0.18734	0.02784	0.05632	0.04516	0.03737	0.08635	0.05710	0.06417	0.01370	0.00652	0.00551	0.00161	0.00598	0.00578	0.00382	0.16676
1	0.01441	0.06437	0.06440	0.01455	0.12130	0.02619	0.03614	0.13935	0.10759	0.06423	0.14374	0.04317	0.01956	0.02632	0.00631	0.00180	0.00548	0.02276	0.00466	0.07369
2	0.03161	0.07897	0.26591	0.03928	0.06979	0.03719	0.12810	0.01659	0.04101	0.01778	0.07760	0.01884	0.04436	0.04320	0.04053	0.00224	0.00746	0.00575	0.00326	0.03053
3	0.03486	0.01806	0.31797	0.01705	0.11525	0.01124	0.12614	0.01581	0.01302	0.01890	0.12699	0.03915	0.06474	0.00730	0.00595	0.00182	0.00677	0.02260	0.00350	0.03288
4	0.01171	0.19249	0.32459	0.01283	0.03188	0.01334	0.03401	0.01573	0.01248	0.01750	0.11948	0.05128	0.03144	0.00697	0.00569	0.00164	0.03028	0.00558	0.00328	0.07780
5	0.04656	0.07435	0.01660	0.01336	0.01658	0.43142	0.01050	0.17045	0.05262	0.01963	0.03221	0.01314	0.02087	0.00662	0.00598	0.00161	0.05198	0.00444	0.00375	0.00734
6	0.22470	0.03112	0.07522	0.01116	0.06988	0.01061	0.00890	0.04843	0.01225	0.05379	0.01105	0.03906	0.00913	0.00541	0.00449	0.00137	0.00496	0.00413	0.00362	0.37073
7	0.00778	0.00565	0.00794	0.00838	0.00911	0.00601	0.00609	0.00922	0.01004	0.01389	0.04800	0.28653	0.04490	0.07951	0.39947	0.02914	0.00956	0.00998	0.00401	0.00478
8	0.01263	0.07501	0.27879	0.06733	0.08740	0.04868	0.08090	0.01677	0.01325	0.06379	0.10099	0.02125	0.08137	0.00717	0.00579	0.00178	0.00684	0.01921	0.00357	0.00748
9	0.01179	0.05247	0.15267	0.30367	0.10572	0.01255	0.08378	0.01598	0.02914	0.03578	0.05258	0.05830	0.03267	0.00684	0.00607	0.00186	0.02171	0.00610	0.00319	0.00716
10	0.00725	0.00549	0.00642	0.00692	0.00788	0.00503	0.00478	0.00836	0.01140	0.01453	0.05711	0.31855	0.30801	0.15443	0.03774	0.00297	0.00400	0.02964	0.00493	0.00456
11	0.00728	0.00540	0.00700	0.00795	0.00874	0.00512	0.00571	0.00862	0.01137	0.01487	0.03459	0.51009	0.16672	0.01960	0.08458	0.00297	0.00464	0.08490	0.00508	0.00479
12	0.04164	0.01020	0.03009	0.09184	0.13891	0.00947	0.03078	0.02060	0.01407	0.37156	0.04725	0.08211	0.01590	0.04273	0.00686	0.00198	0.00543	0.00663	0.02384	0.00814
13	0.03930	0.01312	0.01871	0.35962	0.24328	0.06020	0.02721	0.10622	0.04262	0.01915	0.01116	0.01450	0.00864	0.00574	0.00562	0.00179	0.00720	0.00503	0.00320	0.00769
14	0.01205	0.11439	0.50041	0.01617	0.03961	0.01401	0.10226	0.01793	0.04509	0.01766	0.01206	0.06117	0.00982	0.00617	0.00552	0.00179	0.00779	0.00525	0.00281	0.00804
15	0.01061	0.00604	0.00765	0.00747	0.00893	0.00556	0.00547	0.01256	0.01353	0.12607	0.25542	0.27013	0.06803	0.03824	0.00708	0.00201	0.00330	0.01075	0.13545	0.00569
16	0.03156	0.02409	0.13089	0.21633	0.10255	0.01152	0.05628	0.03390	0.02337	0.05842	0.02695	0.10612	0.01352	0.03478	0.07012	0.00262	0.03999	0.00659	0.00343	0.00696
17	0.04102	0.07825	0.08280	0.01724	0.12757	0.22641	0.09465	0.02166	0.08304	0.12833	0.01349	0.01553	0.01044	0.00618	0.00551	0.00170	0.00758	0.02685	0.00381	0.00795
18	0.01065	0.04386	0.03169	0.03665	0.08044	0.03010	0.00809	0.01342	0.08554	0.02958	0.15657	0.09974	0.10512	0.01265	0.00968	0.17610	0.00470	0.05535	0.00438	0.00566
19	0.00798	0.00539	0.00643	0.00683	0.00700	0.00532	0.00416	0.00843	0.00925	0.01253	0.02202	0.26456	0.02552	0.51498	0.04603	0.00456	0.00510	0.01055	0.02944	0.00393
20	0.01508	0.09703	0.12266	0.11668	0.09044	0.13777	0.17562	0.07371	0.01430	0.04252	0.01277	0.03046	0.03331	0.00603	0.00567	0.00173	0.00796	0.00539	0.00322	0.00761
21	0.03930	0.15913	0.16021	0.01443	0.02989	0.13647	0.06501	0.11913	0.08997	0.01940	0.01113	0.01270	0.00880	0.00636	0.00684	0.00174	0.10374	0.00455	0.00339	0.00783
22	0.03721	0.01772	0.01524	0.01255	0.01623	0.23653	0.00999	0.40958	0.02124	0.04826	0.01296	0.01376	0.00969	0.00739	0.02368	0.00179	0.00724	0.00474	0.08597	0.00821
23	0.04018	0.01296	0.02101	0.17790	0.46463	0.03067	0.05990	0.03637	0.01278	0.01801	0.01086	0.01512	0.00909	0.03850	0.00697	0.00193	0.02696	0.00523	0.00290	0.00801
24	0.00847	0.00605	0.00836	0.00968	0.01067	0.00594	0.00792	0.01056	0.01243	0.01628	0.03070	0.30643	0.03454	0.01650	0.00770	0.00253	0.00462	0.49023	0.00528	0.00506
25	0.00795	0.00625	0.00704	0.00672	0.00850	0.00561	0.00507	0.04154	0.01484	0.01927	0.33085	0.06532	0.43418	0.01313	0.00672	0.00188	0.00298	0.01119	0.00572	0.00526
26	0.09451	0.00882	0.01111	0.00895	0.01255	0.00799	0.00727	0.02246	0.01523	0.50854	0.11272	0.02407	0.07276	0.00799	0.00564	0.00176	0.00428	0.00650	0.05860	0.00826
27	0.00789	0.00566	0.00691	0.00684	0.00775	0.00529	0.00470	0.00947	0.01297	0.01772	0.38442	0.12338	0.12377	0.24278	0.01334	0.00297	0.00362	0.01059	0.00525	0.00469
28	0.00930	0.00570	0.00695	0.00697	0.00795	0.00561	0.00491	0.01095	0.01152	0.04839	0.13772	0.16167	0.05095	0.19243	0.10611	0.00353	0.00509	0.00899	0.21032	0.00495
29	0.01298	0.01390	0.02525	0.01935	0.02210	0.01607	0.36009	0.01593	0.01102	0.01593	0.00944	0.01390	0.00807	0.00754	0.01305	0.00223	0.41767	0.00584	0.00269	0.00695
30	0.01338	0.03128	0.03742	0.06298	0.03636	0.21549	0.00921	0.06181	0.06252	0.01711	0.05275	0.19197	0.07066	0.02980	0.03529	0.00218	0.00660	0.02082	0.00416	0.03819
31	0.01869	0.05457	0.04234	0.01429	0.04546	0.47026	0.01099	0.10987	0.04929	0.01825	0.06718	0.01621	0.01277	0.00688	0.00546	0.00161	0.00840	0.03660	0.00372	0.00715
32	0.10689	0.03831	0.01441	0.01076	0.01516	0.03101	0.00884	0.28903	0.04222	0.17587	0.01417	0.01421	0.01018	0.00686	0.02071	0.00169	0.00559	0.00464	0.00504	0.18440
33	0.00934	0.00678	0.00781	0.00771	0.00931	0.00649	0.00577	0.05229	0.04523	0.03425	0.08856	0.15512	0.25289	0.13180	0.01005	0.00255	0.00398	0.10329	0.04184	0.02492
34	0.03604	0.04795	0.01759	0.01757	0.19108	0.08533	0.01166	0.30416	0.11873	0.02553	0.01417	0.04894	0.01142	0.00676	0.00555	0.00170	0.00628	0.00548	0.00451	0.03956
35	0.15672	0.03146	0.01402	0.01149	0.03586	0.02957	0.03900	0.14012	0.01582	0.28777	0.03619	0.05401	0.04496	0.00789	0.00614	0.00184	0.03967	0.03412	0.00531	0.00804
36	0.01337	0.18187	0.37374	0.08060	0.03730	0.05956	0.01565	0.01806	0.03490	0.04261	0.01066	0.01296	0.00832	0.02772	0.00617	0.00178	0.03322	0.00428	0.00280	0.03444
37	0.01366	0.44586	0.28313	0.04542	0.02030	0.01841	0.06854	0.01745	0.01191	0.01546	0.00911	0.01089	0.00742	0.00511	0.00459	0.00151	0.00724	0.00382	0.00247	0.00771
38	0.01043	0.00929	0.03490	0.07762	0.12349	0.00908	0.05946	0.04115	0.03378	0.01710	0.02291	0.15809	0.05841	0.04562	0.07593	0.00293	0.00655	0.20282	0.00423	0.00623
39	0.01033	0.00931	0.01094	0.06457	0.01302	0.06925	0.04506	0.01334	0.09196	0.01544	0.07270	0.17369	0.09678	0.21347	0.01321	0.00293	0.06510	0.00920	0.00424	0.00545
40	0.01222	0.07439	0.01669	0.06450	0.16745	0.06310	0.06123	0.03363	0.04468	0.01778	0.10855	0.14458	0.03404	0.00913	0.00682	0.00186	0.05354	0.04256	0.00398	0.03928
41	0.01237	0.00687	0.00873	0.00828	0.01020	0.00630	0.00622	0.01468	0.04636	0.20824	0.13737	0.26968	0.14032	0.05452	0.00786	0.00222	0.00382	0.04389	0.00583	0.00624
42	0.01259	0.01270	0.03951	0.30453	0.25924	0.07617	0.04436	0.01566	0.01206	0.01589	0.01129	0.01647	0.00953	0.06392	0.03136	0.02544	0.00755	0.00528	0.02949	0.00696
43	0.01339	0.01182	0.01328	0.05987	0.01483	0.12654	0.03321	0.03025	0.01325	0.09314	0.15078	0.02521	0.11220	0.02908	0.06764	0.00257	0.18545	0.00694	0.00421	0.00631
44	0.01238	0.04079	0.01751	0.19826	0.11714	0.01161	0.10156	0.01552	0.02803	0.07642	0.01755	0.11342	0.03567	0.00952	0.02065	0.00216	0.08178	0.08943	0.00377	0.00684
45	0.00735	0.00514	0.00652	0.00748	0.00772	0.00490	0.00479	0.00806	0.01021	0.01361	0.02773	0.58211	0.03304	0.23760	0.01344	0.00323	0.00394	0.01403	0.00479	0.00431
46	0.01195	0.01107	0.01660	0.18501	0.20148	0.02644	0.02853	0.04646	0.01206	0.01654	0.03069	0.08746	0.04216	0.04405	0.02805	0.00235	0.17219	0.02682	0.00332	0.00676
47	0.07767	0.04646	0.04583	0.10576	0.57818	0.01381	0.01630	0.01721	0.01252	0.01859	0.01035	0.01361	0.00857	0.00518	0.00541	0.00171	0.00672	0.00483	0.00283	0.00848
48	0.01453	0.01538	0.06190	0.01510	0.01777	0.12428	0.13265	0.07741	0.01305	0.04989	0.01434	0.01714	0.07104	0.01009	0.05338	0.00244	0.29356	0.00575	0.00336	0.00694
49	0.16708	0.18350	0.01884	0.01477	0.10456	0.30366	0.02421	0.07112	0.01441	0.03612	0.00945	0.01090	0.00770	0.00556	0.00470	0.00153	0.00753	0.00382	0.00323	0.00730
50	0.00802	0.00611	0.00758	0.00829	0.00978	0.00568	0.00680	0.01006	0.01311	0.01657	0.07851	0.11279	0.32485	0.01522	0.00734	0.00229	0.00405	0.35256	0.00534	0.00505
51	0.01415	0.06791	0.05094	0.03280	0.07042	0.07020	0.07690	0.07207	0.06540	0.07038	0.01644	0.09673	0.04648	0.05960	0.00990	0.00218	0.15979	0.00674	0.00386	0.00710
52	0.00779	0.00566	0.00737	0.00789	0.00888	0.00530	0.00587	0.00970	0.01335	0.01806	0.30154	0.30979	0.10148	0.03889	0.00782	0.00225	0.00346	0.13428	0.00561	0.00501
53	0.01286	0.01158	0.01867	0.09544	0.43497	0.01182	0.03621	0.06699	0.01408	0.01962	0.12327	0.02059	0.04876	0.00814	0.02842	0.02455	0.00634	0.00625	0.00363	0.00780
54	0.03445	0.03446	0.01227	0.03260	0.06129	0.00950	0.05542	0.06154	0.08320	0.01861	0.17378	0.02968	0.06614	0.22273	0.04216	0.00310	0.02310	0.00763	0.02235	0.00599

[dist]
# distance from previous block
# <min> <max>
0	1

[block]
# block no. 3 follows, 41 sequences, length 25
# corresponding to MSA columns:
# 304-328
name=unknown_D
#
# <colnr> <probs for GDERKNQSTAVLIFYWHMCP>
#	G	D	E	R	K	N	Q	S	T	A	V	L	I	F	Y	W	H	M	C	P
0	0.03804	0.00631	0.00822	0.02880	0.00946	0.00694	0.00591	0.00989	0.00950	0.01364	0.04424	0.04665	0.06356	0.27512	0.32136	0.04032	0.03524	0.00733	0.02488	0.00457
1	0.29784	0.01302	0.01161	0.00941	0.01348	0.10405	0.00750	0.09656	0.01329	0.02226	0.01038	0.03818	0.00871	0.00557	0.00438	0.00139	0.00524	0.00397	0.00371	0.32945
2	0.01751	0.01931	0.04517	0.04763	0.23298	0.31256	0.03413	0.13223	0.01643	0.01944	0.04010	0.03375	0.01086	0.00630	0.00558	0.00165	0.00802	0.00506	0.00350	0.00780
3	0.01532	0.01465	0.05897	0.06448	0.27366	0.04072	0.19352	0.10136	0.01468	0.07845	0.01263	0.03402	0.01001	0.00696	0.02715	0.00202	0.03383	0.00577	0.00354	0.00829
4	0.00815	0.00649	0.00739	0.00711	0.00888	0.00609	0.00534	0.01172	0.09526	0.01950	0.34919	0.07673	0.35165	0.01271	0.00667	0.00189	0.00301	0.01090	0.00578	0.00552
5	0.05472	0.00685	0.00842	0.00850	0.01027	0.00660	0.00667	0.01319	0.05085	0.10080	0.15035	0.21231	0.15221	0.01346	0.00682	0.00214	0.00390	0.18054	0.00559	0.00581
6	0.04685	0.01530	0.15531	0.29051	0.14602	0.04089	0.04449	0.05021	0.06673	0.01841	0.01235	0.01663	0.00979	0.00616	0.00564	0.00184	0.00719	0.03469	0.02348	0.00751
7	0.01388	0.04346	0.07394	0.08888	0.13258	0.01220	0.04286	0.14305	0.06457	0.04516	0.01727	0.05509	0.03442	0.00798	0.00592	0.00182	0.00605	0.11189	0.00419	0.09478
8	0.01869	0.00837	0.01092	0.00910	0.01201	0.00774	0.00709	0.02118	0.05102	0.44788	0.05002	0.02600	0.01793	0.17418	0.05502	0.00301	0.00544	0.03145	0.03529	0.00765
9	0.00767	0.00571	0.00701	0.00744	0.00839	0.00538	0.00519	0.00978	0.04590	0.01700	0.22232	0.38293	0.15399	0.08332	0.00890	0.00239	0.00334	0.01294	0.00543	0.00497
10	0.03899	0.04625	0.12945	0.01835	0.20040	0.03777	0.04331	0.13935	0.06468	0.14345	0.01480	0.03157	0.01147	0.00656	0.00564	0.00176	0.00646	0.03089	0.00429	0.02455
11	0.32419	0.26256	0.10122	0.03023	0.01601	0.08597	0.03544	0.05498	0.01223	0.01995	0.00877	0.01025	0.00708	0.00532	0.00422	0.00158	0.00629	0.00355	0.00308	0.00708
12	0.01768	0.01389	0.01453	0.01218	0.01594	0.03709	0.00971	0.28008	0.43792	0.06774	0.01948	0.01826	0.01428	0.00736	0.00576	0.00184	0.00533	0.00589	0.00577	0.00926
13	0.05707	0.01483	0.11485	0.16645	0.25319	0.05404	0.04673	0.01634	0.01232	0.01764	0.02959	0.01535	0.03339	0.00596	0.00624	0.00172	0.05309	0.00504	0.00297	0.09318
14	0.00843	0.00618	0.00867	0.04039	0.01017	0.00695	0.00639	0.00971	0.00904	0.01265	0.01632	0.06524	0.01677	0.25808	0.44101	0.03934	0.02968	0.00716	0.00324	0.00458
15	0.04011	0.09523	0.32950	0.08470	0.10972	0.01453	0.08162	0.11157	0.01408	0.02002	0.01170	0.01378	0.02349	0.00570	0.00542	0.00174	0.00745	0.00478	0.01672	0.00813
16	0.02001	0.01881	0.01449	0.01238	0.01593	0.38774	0.00958	0.05962	0.08017	0.17560	0.04478	0.01491	0.01187	0.00640	0.00533	0.00153	0.00743	0.00468	0.00440	0.10435
17	0.00763	0.00563	0.00725	0.00802	0.00903	0.00524	0.00602	0.00938	0.01274	0.01682	0.16843	0.37278	0.16145	0.01574	0.00724	0.00223	0.00356	0.17038	0.00548	0.00495
18	0.02835	0.00941	0.02536	0.03053	0.04407	0.04299	0.04210	0.09908	0.04454	0.04921	0.07827	0.42919	0.02799	0.01281	0.00661	0.00206	0.00472	0.01143	0.00504	0.00625
19	0.01285	0.08160	0.04646	0.03776	0.01575	0.01094	0.03543	0.05717	0.05644	0.01919	0.01121	0.01295	0.00910	0.00513	0.00521	0.00121	0.04038	0.00401	0.03559	0.50163
20	0.00709	0.00503	0.00660	0.00781	0.00811	0.00473	0.00514	0.00800	0.01072	0.01429	0.03032	0.72750	0.03631	0.08775	0.00925	0.00261	0.00352	0.01555	0.00514	0.00454
21	0.00889	0.00685	0.00765	0.00762	0.00819	0.03828	0.00517	0.00973	0.01017	0.01335	0.07971	0.06909	0.07477	0.46129	0.08870	0.00469	0.03397	0.06368	0.00394	0.00428
22	0.01121	0.05124	0.05417	0.01068	0.05206	0.06697	0.00820	0.04191	0.11832	0.01989	0.28356	0.05108	0.13647	0.04468	0.00741	0.00197	0.02041	0.00831	0.00499	0.00646
23	0.41152	0.01260	0.02593	0.00967	0.01336	0.04471	0.00798	0.17375	0.05454	0.10905	0.02955	0.04116	0.01090	0.00662	0.00469	0.00177	0.00508	0.00474	0.02491	0.00746
24	0.01453	0.01440	0.04259	0.10955	0.12375	0.08125	0.07593	0.13488	0.01424	0.01924	0.01128	0.01578	0.00955	0.00834	0.03677	0.00215	0.17718	0.03470	0.00335	0.07052

[dist]
# distance from previous block
# <min> <max>
0	3

[block]
# block no. 4 follows, 41 sequences, length 10
# corresponding to MSA columns:
# 332-341
name=unknown_E
#
# <colnr> <probs for GDERKNQSTAVLIFYWHMCP>
#	G	D	E	R	K	N	Q	S	T	A	V	L	I	F	Y	W	H	M	C	P
0	0.01655	0.01858	0.04976	0.01416	0.01760	0.29469	0.08984	0.05032	0.26330	0.01909	0.01481	0.01569	0.01151	0.00769	0.02899	0.00196	0.03305	0.00522	0.03956	0.00765
1	0.05043	0.00896	0.00910	0.00866	0.01061	0.08988	0.00665	0.01473	0.01354	0.13981	0.13757	0.12502	0.10278	0.07565	0.00807	0.00221	0.00463	0.10536	0.08038	0.00594
2	0.00777	0.00590	0.00730	0.00783	0.00890	0.00574	0.00571	0.00989	0.04691	0.01546	0.06801	0.32272	0.21314	0.07443	0.10428	0.00329	0.00507	0.07773	0.00497	0.00497
3	0.01027	0.00623	0.00757	0.00733	0.00906	0.00551	0.00539	0.01183	0.01325	0.14196	0.14833	0.24065	0.29668	0.05936	0.00803	0.00220	0.00346	0.01164	0.00565	0.00561
4	0.00861	0.00589	0.00708	0.00697	0.00762	0.00580	0.00462	0.00965	0.01117	0.03220	0.20187	0.12151	0.08365	0.39669	0.01801	0.00370	0.02958	0.00969	0.03122	0.00445
5	0.10883	0.01389	0.01445	0.01138	0.01537	0.01536	0.00934	0.55650	0.02281	0.03273	0.01384	0.01438	0.01008	0.00667	0.00523	0.00167	0.00555	0.00495	0.12827	0.00869
6	0.01325	0.01496	0.12520	0.05521	0.16882	0.01253	0.12453	0.05558	0.11579	0.01981	0.01294	0.01574	0.01028	0.00576	0.00585	0.00164	0.02390	0.02227	0.00351	0.19244
7	0.01286	0.24875	0.38606	0.01450	0.02125	0.01551	0.10237	0.01745	0.01209	0.01685	0.00974	0.01162	0.00758	0.00508	0.00495	0.00155	0.00746	0.00410	0.00259	0.09764
8	0.03649	0.06092	0.12014	0.01062	0.01481	0.01001	0.04275	0.01537	0.04913	0.04117	0.12408	0.09093	0.01825	0.00742	0.00591	0.00152	0.04068	0.00617	0.00398	0.29965
9	0.01513	0.07842	0.07816	0.11653	0.20818	0.17317	0.11817	0.04259	0.04559	0.01761	0.01113	0.01374	0.00883	0.00555	0.00548	0.00168	0.00782	0.00488	0.03965	0.00770

[dist]
# distance from previous block
# <min> <max>
0	1

[block]
# block no. 5 follows, 41 sequences, length 17
# corresponding to MSA columns:
# 345-361
name=unknown_F
#
# <colnr> <probs for GDERKNQSTAVLIFYWHMCP>
#	G	D	E	R	K	N	Q	S	T	A	V	L	I	F	Y	W	H	M	C	P
0	0.01136	0.00675	0.00850	0.00769	0.00975	0.00612	0.00589	0.01408	0.03919	0.16432	0.42534	0.07706	0.17843	0.01152	0.00656	0.00185	0.00324	0.00996	0.00620	0.00620
1	0.01645	0.01298	0.01951	0.07113	0.34178	0.02647	0.04831	0.11279	0.01479	0.13488	0.01261	0.01479	0.00965	0.00633	0.00707	0.01873	0.07059	0.00516	0.00384	0.05213
2	0.01422	0.02063	0.33277	0.02081	0.18064	0.01380	0.14611	0.11361	0.01461	0.04487	0.01145	0.01356	0.00847	0.00546	0.00573	0.00176	0.00778	0.00500	0.00321	0.03552
3	0.00949	0.00628	0.00831	0.00910	0.01029	0.00614	0.00713	0.01208	0.04774	0.06009	0.06648	0.35540	0.03333	0.01515	0.00719	0.00232	0.00416	0.29001	0.04382	0.00546
4	0.00734	0.00532	0.00675	0.00759	0.00823	0.00496	0.00523	0.00855	0.01157	0.01531	0.10783	0.50489	0.12287	0.10287	0.00962	0.00260	0.00356	0.05508	0.00521	0.00465
5	0.01417	0.01461	0.02075	0.22212	0.21615	0.12366	0.14438	0.04347	0.07089	0.01790	0.03068	0.03254	0.01080	0.00604	0.00588	0.00180	0.00766	0.00567	0.00326	0.00760
6	0.00965	0.00703	0.00788	0.00750	0.00940	0.00674	0.00562	0.04674	0.09381	0.05243	0.17817	0.13579	0.32393	0.03751	0.00720	0.00202	0.00341	0.01058	0.04880	0.00580
7	0.01090	0.00901	0.00926	0.00932	0.01079	0.08441	0.00671	0.01517	0.15888	0.05222	0.11292	0.41080	0.03093	0.04183	0.00745	0.00219	0.00434	0.01158	0.00530	0.00600
8	0.01285	0.01247	0.02182	0.31377	0.43338	0.01333	0.07636	0.01652	0.01247	0.01714	0.01060	0.01467	0.00849	0.00531	0.00577	0.00179	0.00734	0.00523	0.00273	0.00794
9	0.08971	0.01289	0.01873	0.17012	0.38222	0.03033	0.01440	0.08785	0.05572	0.02044	0.03565	0.01509	0.01045	0.00591	0.00585	0.00178	0.02621	0.00513	0.00340	0.00810
10	0.01149	0.00879	0.00993	0.00933	0.01134	0.02803	0.00710	0.07789	0.18962	0.04933	0.21587	0.17636	0.06995	0.03817	0.03044	0.00231	0.00445	0.04741	0.00560	0.00657
11	0.01367	0.01211	0.01361	0.01164	0.07573	0.05368	0.00842	0.08598	0.05413	0.02033	0.01120	0.01266	0.00907	0.00485	0.00464	0.00110	0.00501	0.00388	0.00367	0.59463
12	0.08129	0.04258	0.04240	0.01923	0.05362	0.01402	0.42175	0.04018	0.01284	0.04105	0.02516	0.01661	0.02212	0.04808	0.00871	0.00212	0.09155	0.00616	0.00322	0.00730
13	0.00836	0.00606	0.00773	0.00816	0.00907	0.00596	0.00605	0.00985	0.01202	0.03271	0.12898	0.29661	0.14452	0.11922	0.01068	0.00267	0.04263	0.13872	0.00509	0.00492
14	0.01094	0.04628	0.01168	0.00954	0.01168	0.05537	0.02254	0.03797	0.08719	0.02009	0.34078	0.05544	0.10755	0.01013	0.00749	0.00180	0.08656	0.00830	0.00505	0.06361
15	0.00719	0.00514	0.00686	0.00801	0.00849	0.00482	0.00550	0.00844	0.01160	0.01558	0.10663	0.68287	0.03926	0.01718	0.00727	0.00228	0.00335	0.04936	0.00541	0.00475
16	0.00736	0.00534	0.00704	0.00826	0.00890	0.00502	0.00594	0.00869	0.01153	0.01513	0.03346	0.60104	0.09621	0.01725	0.00737	0.00235	0.00364	0.14539	0.00530	0.00477

[dist]
# distance from previous block
# <min> <max>
0	2

[block]
# block no. 6 follows, 41 sequences, length 6
# corresponding to MSA columns:
# 364-369
name=unknown_G
#
# <colnr> <probs for GDERKNQSTAVLIFYWHMCP>
#	G	D	E	R	K	N	Q	S	T	A	V	L	I	F	Y	W	H	M	C	P
0	0.49312	0.01003	0.00962	0.00813	0.01171	0.01063	0.00666	0.01995	0.01208	0.26009	0.01373	0.01380	0.00962	0.00601	0.00429	0.00172	0.00438	0.00418	0.09302	0.00722
1	0.41052	0.00969	0.00969	0.00816	0.01171	0.00996	0.00666	0.01972	0.01259	0.29050	0.01870	0.01813	0.08132	0.00691	0.00467	0.00175	0.00432	0.00506	0.06268	0.00727
2	0.00932	0.00618	0.00758	0.04324	0.03543	0.00583	0.00578	0.01134	0.01282	0.05586	0.12158	0.19570	0.24214	0.01185	0.00606	0.00183	0.00336	0.01020	0.20846	0.00545
3	0.00835	0.00641	0.00748	0.00713	0.00864	0.00610	0.00523	0.01166	0.08434	0.01957	0.41105	0.04333	0.23530	0.10922	0.00942	0.00231	0.00328	0.01019	0.00564	0.00535
4	0.09374	0.35072	0.27020	0.01302	0.01870	0.06000	0.05530	0.01767	0.01184	0.01649	0.00895	0.01070	0.00728	0.00537	0.00512	0.00158	0.03939	0.00377	0.00260	0.00753
5	0.19923	0.33623	0.09892	0.01270	0.04430	0.14153	0.06159	0.01819	0.01218	0.01727	0.00869	0.01031	0.00724	0.00521	0.00435	0.00151	0.00694	0.00362	0.00281	0.00717

[dist]
# distance from previous block
# <min> <max>
0	1

[block]
# block no. 7 follows, 41 sequences, length 13
# corresponding to MSA columns:
# 371-383
name=unknown_H
#
# <colnr> <probs for GDERKNQSTAVLIFYWHMCP>
#	G	D	E	R	K	N	Q	S	T	A	V	L	I	F	Y	W	H	M	C	P
0	0.01283	0.01167	0.01766	0.23581	0.16437	0.01311	0.07367	0.02000	0.23234	0.03318	0.04064	0.04681	0.01373	0.00706	0.00666	0.00192	0.05063	0.00624	0.00392	0.00775
1	0.00730	0.00533	0.00655	0.00732	0.00797	0.00495	0.00496	0.00834	0.01116	0.01454	0.06101	0.46117	0.17273	0.15689	0.01111	0.00282	0.00369	0.04262	0.00501	0.00452
2	0.00741	0.00528	0.00706	0.00822	0.00875	0.00500	0.00581	0.00871	0.01149	0.01534	0.07551	0.61551	0.03748	0.04645	0.00817	0.00246	0.00364	0.11766	0.00529	0.00474
3	0.02078	0.06336	0.01754	0.01298	0.01734	0.07911	0.01069	0.59030	0.07841	0.03203	0.01369	0.01374	0.00996	0.00674	0.00556	0.00168	0.00648	0.00500	0.00531	0.00929
4	0.01178	0.01028	0.01632	0.31087	0.21116	0.01141	0.01320	0.02752	0.01252	0.03906	0.10114	0.04735	0.01532	0.00936	0.05618	0.00231	0.05121	0.00614	0.00342	0.04345
5	0.01779	0.11855	0.07718	0.01715	0.05379	0.24623	0.20751	0.10943	0.01579	0.06672	0.01113	0.01285	0.00851	0.00561	0.00555	0.00165	0.00847	0.00484	0.00343	0.00783
6	0.28298	0.12721	0.36527	0.01282	0.01879	0.01459	0.04374	0.01742	0.01120	0.01982	0.00916	0.01092	0.00698	0.00545	0.00507	0.00175	0.03273	0.00383	0.00281	0.00746
7	0.00864	0.00581	0.00729	0.00771	0.00878	0.00538	0.00560	0.01008	0.01220	0.05830	0.12216	0.31405	0.16605	0.12897	0.01030	0.00267	0.00385	0.11193	0.00526	0.00497
8	0.00983	0.04608	0.11648	0.01165	0.04148	0.02611	0.07654	0.01326	0.04072	0.01812	0.19462	0.14552	0.15349	0.01111	0.00650	0.00195	0.00502	0.07067	0.00466	0.00620
9	0.01546	0.11221	0.08497	0.10463	0.08858	0.17212	0.03438	0.04556	0.04742	0.06832	0.01217	0.01576	0.01003	0.00891	0.04525	0.04236	0.05006	0.03127	0.00335	0.00720
10	0.00814	0.00584	0.00820	0.00839	0.00917	0.00646	0.00618	0.00976	0.00945	0.01353	0.01823	0.13646	0.01869	0.14991	0.51660	0.00728	0.01152	0.00788	0.04350	0.00481
11	0.07114	0.01420	0.06130	0.01190	0.01660	0.01368	0.01030	0.38813	0.02102	0.30829	0.01649	0.01552	0.01103	0.00677	0.00559	0.00175	0.00578	0.00520	0.00590	0.00944
12	0.01483	0.06455	0.02394	0.09704	0.33658	0.04475	0.18494	0.04744	0.06236	0.04989	0.01207	0.01476	0.00945	0.00544	0.00579	0.00175	0.00739	0.00541	0.00329	0.00834

[dist]
# distance from previous block
# <min> <max>
0	1

[block]
# block no. 8 follows, 41 sequences, length 34
# corresponding to MSA columns:
# 385-389,393-405,409-424
name=unknown_I
#
# <colnr> <probs for GDERKNQSTAVLIFYWHMCP>
#	G	D	E	R	K	N	Q	S	T	A	V	L	I	F	Y	W	H	M	C	P
0	0.01262	0.01069	0.01253	0.00956	0.03364	0.00860	0.00738	0.06152	0.03270	0.01989	0.01076	0.01229	0.00881	0.00452	0.00441	0.00095	0.00444	0.00363	0.00359	0.73746
1	0.15014	0.20259	0.01847	0.01142	0.01575	0.08097	0.00972	0.35727	0.03584	0.02639	0.01114	0.01178	0.00854	0.00601	0.00480	0.00157	0.00619	0.00418	0.00430	0.03293
2	0.00795	0.00597	0.00765	0.00822	0.00926	0.00563	0.01722	0.04227	0.01257	0.01645	0.07461	0.50979	0.17075	0.01606	0.00714	0.00221	0.00360	0.07225	0.00534	0.00505
3	0.01441	0.12696	0.19066	0.01401	0.04206	0.03218	0.10192	0.03793	0.08931	0.10170	0.03013	0.01779	0.05306	0.00653	0.00576	0.00168	0.02410	0.01744	0.00384	0.08853
4	0.01453	0.01131	0.01304	0.01135	0.01409	0.07268	0.05073	0.06539	0.20965	0.12394	0.14320	0.08183	0.05356	0.00964	0.00685	0.00195	0.04087	0.06257	0.00541	0.00742
5	0.03997	0.00764	0.01016	0.00892	0.01145	0.00698	0.02624	0.01732	0.03122	0.30262	0.16446	0.21891	0.07749	0.01103	0.00629	0.00192	0.00397	0.00960	0.03682	0.00698
6	0.01181	0.01225	0.02376	0.28948	0.02977	0.01313	0.34793	0.01561	0.01205	0.01620	0.01230	0.07054	0.01048	0.00790	0.03609	0.00227	0.07205	0.00667	0.00291	0.00680
7	0.41960	0.01295	0.09011	0.00964	0.01382	0.01204	0.00870	0.11304	0.01370	0.17787	0.01312	0.03679	0.00972	0.00633	0.00461	0.00177	0.00507	0.00452	0.03909	0.00753
8	0.08402	0.01971	0.26798	0.01761	0.02358	0.04569	0.28384	0.07791	0.04774	0.03512	0.01222	0.01530	0.00927	0.00579	0.00587	0.00186	0.00811	0.02709	0.00331	0.00797
9	0.00792	0.00584	0.00738	0.00784	0.00877	0.00543	0.00537	0.00971	0.03756	0.01604	0.12955	0.51811	0.03514	0.09947	0.00926	0.00246	0.00359	0.01319	0.00511	0.07224
10	0.01086	0.00665	0.00847	0.00757	0.00961	0.00592	0.00578	0.01332	0.01513	0.12427	0.47317	0.08202	0.07355	0.01063	0.00626	0.00173	0.00317	0.00926	0.05932	0.07332
11	0.30819	0.01392	0.01669	0.01291	0.01729	0.03362	0.13955	0.27966	0.01730	0.09110	0.01195	0.01288	0.00862	0.00595	0.00513	0.00177	0.00621	0.00473	0.00450	0.00805
12	0.20376	0.00985	0.00984	0.00893	0.01155	0.04455	0.00699	0.04502	0.14496	0.08481	0.21866	0.07086	0.07686	0.00937	0.00572	0.00186	0.00422	0.03017	0.00531	0.00672
13	0.00829	0.00601	0.00761	0.00844	0.00925	0.00583	0.00595	0.06809	0.01247	0.01653	0.03121	0.65499	0.06829	0.01674	0.00718	0.00227	0.00366	0.05674	0.00534	0.00510
14	0.10727	0.07016	0.02957	0.01216	0.01582	0.20842	0.02622	0.12850	0.17941	0.10218	0.01531	0.03936	0.01205	0.00699	0.00534	0.00173	0.00656	0.02045	0.00457	0.00792
15	0.01469	0.01340	0.07514	0.03663	0.01608	0.06875	0.04609	0.23921	0.03316	0.05014	0.01930	0.20551	0.01881	0.02872	0.00709	0.00206	0.02204	0.07783	0.01812	0.00724
16	0.09276	0.01023	0.07218	0.02794	0.01367	0.00860	0.00870	0.05669	0.01414	0.21540	0.07954	0.12253	0.04469	0.00983	0.00600	0.00191	0.00480	0.12026	0.02705	0.06308
17	0.16536	0.01008	0.01129	0.00946	0.01309	0.00998	0.00763	0.04720	0.14704	0.23662	0.04775	0.04489	0.04971	0.00779	0.00540	0.00174	0.00449	0.04697	0.00536	0.12815
18	0.15374	0.01354	0.01559	0.11037	0.01925	0.04602	0.05190	0.31132	0.04830	0.11812	0.03068	0.01593	0.01109	0.00668	0.00548	0.00179	0.00617	0.02093	0.00486	0.00825
19	0.01395	0.01391	0.02055	0.08640	0.11450	0.08489	0.21126	0.07462	0.09584	0.01885	0.01442	0.09769	0.01267	0.00748	0.00741	0.00193	0.08709	0.00675	0.02236	0.00744
20	0.01059	0.00864	0.00963	0.00918	0.01124	0.00919	0.00685	0.01853	0.33828	0.01972	0.11777	0.17544	0.11041	0.07537	0.00822	0.00227	0.00399	0.02788	0.00545	0.03138
21	0.01316	0.00870	0.01092	0.02516	0.01216	0.00903	0.01710	0.10219	0.05461	0.12251	0.26577	0.02841	0.07429	0.01117	0.05055	0.00220	0.06336	0.00751	0.09414	0.02706
22	0.06695	0.01443	0.01959	0.02974	0.01972	0.03896	0.18451	0.32482	0.05358	0.09943	0.01416	0.03318	0.01061	0.00743	0.02221	0.00198	0.03975	0.00576	0.00471	0.00849
23	0.01101	0.04224	0.07760	0.01357	0.01655	0.06181	0.19100	0.03202	0.03522	0.01691	0.04029	0.34733	0.02365	0.01146	0.00667	0.00206	0.00611	0.05400	0.00425	0.00627
24	0.00736	0.00542	0.00704	0.00794	0.00871	0.00489	0.00540	0.00850	0.01108	0.01495	0.03053	0.71061	0.05587	0.01671	0.00704	0.00219	0.00338	0.01510	0.00515	0.07211
25	0.01570	0.01753	0.08584	0.03912	0.02255	0.13711	0.28171	0.15133	0.09159	0.02101	0.01364	0.05899	0.01105	0.00657	0.00629	0.00184	0.02025	0.00619	0.00380	0.00787
26	0.04785	0.01368	0.01622	0.10995	0.01907	0.10392	0.05963	0.16386	0.03037	0.13595	0.01313	0.01517	0.00994	0.00940	0.05921	0.00236	0.14178	0.00517	0.03578	0.00758
27	0.12236	0.01404	0.01764	0.04003	0.01727	0.09171	0.09433	0.04371	0.01116	0.01707	0.00867	0.01230	0.00761	0.00775	0.01215	0.00208	0.41166	0.00472	0.00291	0.06082
28	0.01367	0.01314	0.02268	0.07932	0.02339	0.01238	0.33943	0.11477	0.01457	0.02038	0.01208	0.04319	0.00976	0.00549	0.00580	0.00159	0.00719	0.00576	0.00348	0.25194
29	0.01554	0.01301	0.01863	0.11341	0.05147	0.09175	0.18922	0.08815	0.03836	0.13452	0.04981	0.10128	0.01569	0.02631	0.00674	0.00196	0.00693	0.02544	0.00435	0.00744
30	0.01364	0.03782	0.01924	0.14837	0.04022	0.10837	0.16579	0.06400	0.08013	0.01776	0.03372	0.01969	0.09611	0.00753	0.00786	0.00191	0.12102	0.00624	0.00357	0.00702
31	0.00713	0.00507	0.00670	0.00794	0.00828	0.00477	0.00532	0.00812	0.01086	0.01446	0.03063	0.72306	0.03659	0.06733	0.00870	0.00254	0.00352	0.03921	0.00519	0.00459
32	0.03367	0.00982	0.01100	0.00959	0.01229	0.01033	0.00749	0.18848	0.16793	0.06576	0.22912	0.09912	0.11114	0.01022	0.00623	0.00187	0.00416	0.00863	0.00584	0.00729
33	0.03744	0.01518	0.01512	0.08116	0.01806	0.21213	0.04879	0.13829	0.02850	0.20403	0.01748	0.05669	0.04363	0.00852	0.02611	0.00196	0.00714	0.02732	0.00473	0.00771

[dist]
# distance from previous block
# <min> <max>
0	3

[block]
# block no. 9 follows, 41 sequences, length 7
# corresponding to MSA columns:
# 428-434
name=unknown_J
#
# <colnr> <probs for GDERKNQSTAVLIFYWHMCP>
#	G	D	E	R	K	N	Q	S	T	A	V	L	I	F	Y	W	H	M	C	P
0	0.01187	0.01090	0.01406	0.01225	0.01433	0.08091	0.11658	0.10892	0.01423	0.01853	0.07359	0.32541	0.05764	0.01202	0.00784	0.00208	0.07883	0.02922	0.00459	0.00618
1	0.00708	0.00511	0.00652	0.00759	0.00804	0.00475	0.00504	0.00802	0.01089	0.01433	0.03267	0.65042	0.10418	0.09508	0.00941	0.00261	0.00350	0.01508	0.00513	0.00455
2	0.09059	0.21583	0.13672	0.04694	0.01906	0.04814	0.14546	0.01617	0.01168	0.01640	0.01267	0.01528	0.05134	0.00977	0.08256	0.00246	0.06409	0.00499	0.00288	0.00696
3	0.01483	0.01585	0.05669	0.01883	0.07566	0.13205	0.32332	0.04180	0.01459	0.06441	0.12472	0.01854	0.01559	0.00656	0.00692	0.00183	0.05029	0.00637	0.00372	0.00744
4	0.00882	0.00751	0.01054	0.08237	0.01315	0.00887	0.00821	0.01066	0.01027	0.01406	0.02362	0.10032	0.16668	0.02518	0.33431	0.00514	0.15337	0.00800	0.00358	0.00534
5	0.01306	0.00924	0.01021	0.00923	0.01156	0.07915	0.02595	0.04900	0.01502	0.15920	0.18809	0.14198	0.18922	0.01165	0.00653	0.00193	0.00449	0.06255	0.00559	0.00635
6	0.01445	0.01684	0.11352	0.16199	0.32490	0.09880	0.10177	0.06564	0.01395	0.01847	0.01067	0.01379	0.00839	0.00542	0.00572	0.00175	0.00784	0.00503	0.00294	0.00812

[dist]
# distance from previous block
# <min> <max>
0	26

# created by:
# /home/cegg/simao/soft/augustus-3.2.1/scripts/msa2prfl.pl ./align_prep/EOG091G0IXY.fa
