[name]
unknown

[dist]
# distance from previous block
# <min> <max>
3	328

[block]
# block no. 0 follows, 49 sequences, length 8
# corresponding to MSA columns:
# 328-335
name=unknown_A
#
# <colnr> <probs for GDERKNQSTAVLIFYWHMCP>
#	G	D	E	R	K	N	Q	S	T	A	V	L	I	F	Y	W	H	M	C	P
0	0.33549	0.08090	0.01082	0.00827	0.01127	0.09342	0.00672	0.07270	0.12502	0.06571	0.01447	0.01468	0.07136	0.00596	0.00410	0.00150	0.00452	0.00428	0.06257	0.00624
1	0.00720	0.00543	0.00670	0.00653	0.00778	0.00511	0.00483	0.00998	0.06354	0.01830	0.52014	0.14921	0.15373	0.01126	0.00598	0.00168	0.00260	0.00989	0.00529	0.00481
2	0.01268	0.51626	0.09637	0.01035	0.01472	0.05965	0.07203	0.01497	0.01054	0.01302	0.00814	0.00987	0.00709	0.00670	0.05921	0.00166	0.00649	0.00331	0.00232	0.07461
3	0.00941	0.00755	0.01107	0.01387	0.21656	0.00785	0.00822	0.07176	0.01066	0.01493	0.01622	0.21619	0.01681	0.09885	0.22888	0.00381	0.00709	0.00750	0.02723	0.00553
4	0.01354	0.01151	0.01433	0.01240	0.04501	0.05853	0.10193	0.14110	0.24733	0.07385	0.01813	0.08196	0.06667	0.00750	0.00642	0.00171	0.08047	0.00624	0.00430	0.00707
5	0.01242	0.01534	0.16847	0.02341	0.35121	0.01249	0.24759	0.07556	0.01245	0.01754	0.00986	0.01249	0.00765	0.00461	0.00527	0.00158	0.00702	0.00481	0.00265	0.00759
6	0.00677	0.00510	0.00628	0.00627	0.00750	0.00461	0.00470	0.00866	0.01282	0.01725	0.44653	0.13550	0.25161	0.01190	0.00609	0.00172	0.00263	0.05434	0.00517	0.00454
7	0.03811	0.02917	0.06371	0.05364	0.06445	0.00790	0.00785	0.01271	0.01036	0.01595	0.01060	0.07889	0.00961	0.00573	0.02116	0.00121	0.00449	0.00422	0.00299	0.55724

[dist]
# distance from previous block
# <min> <max>
0	1

[block]
# block no. 1 follows, 49 sequences, length 45
# corresponding to MSA columns:
# 337-381
name=unknown_B
#
# <colnr> <probs for GDERKNQSTAVLIFYWHMCP>
#	G	D	E	R	K	N	Q	S	T	A	V	L	I	F	Y	W	H	M	C	P
0	0.01664	0.00928	0.01145	0.00852	0.01272	0.00783	0.00695	0.08512	0.01342	0.36117	0.01410	0.01360	0.00981	0.00506	0.00445	0.00118	0.00415	0.00406	0.00462	0.40588
1	0.00639	0.00537	0.00572	0.00582	0.00731	0.00482	0.00431	0.00816	0.04418	0.01383	0.04516	0.17394	0.61505	0.01297	0.00623	0.00178	0.01891	0.01095	0.00467	0.00443
2	0.01385	0.03570	0.05235	0.01536	0.01846	0.26733	0.25053	0.01628	0.01151	0.01389	0.00839	0.01113	0.00696	0.00568	0.00788	0.00163	0.20471	0.00439	0.00249	0.05149
3	0.01220	0.01326	0.02681	0.01952	0.02393	0.01321	0.62157	0.05093	0.04428	0.01668	0.01036	0.01351	0.00793	0.00496	0.00706	0.00175	0.09676	0.00572	0.00274	0.00681
4	0.01205	0.01154	0.01968	0.15406	0.67138	0.01189	0.01529	0.01511	0.01129	0.01595	0.00943	0.01267	0.00781	0.00459	0.00501	0.00153	0.00612	0.00450	0.00246	0.00763
5	0.00987	0.00944	0.01607	0.69761	0.06796	0.01157	0.04683	0.01314	0.01013	0.01319	0.00894	0.01331	0.00683	0.00520	0.00571	0.00171	0.04991	0.00455	0.00227	0.00577
6	0.01036	0.00856	0.00930	0.00867	0.01090	0.00929	0.00672	0.06480	0.40265	0.01895	0.06827	0.11012	0.18431	0.00963	0.00561	0.00177	0.00364	0.05502	0.00499	0.00646
7	0.00658	0.00485	0.00616	0.00645	0.00736	0.00443	0.00460	0.00820	0.01204	0.01633	0.37289	0.35409	0.15152	0.01292	0.00616	0.00179	0.00263	0.01148	0.00509	0.00443
8	0.02074	0.00916	0.01179	0.00924	0.01294	0.00853	0.00756	0.08925	0.08949	0.61971	0.05263	0.01782	0.01399	0.00648	0.00513	0.00158	0.00430	0.00528	0.00602	0.00838
9	0.00741	0.00510	0.00612	0.00616	0.00633	0.00528	0.00385	0.00777	0.00769	0.01038	0.01624	0.05059	0.01831	0.65922	0.11867	0.00507	0.01959	0.03972	0.00311	0.00338
10	0.00633	0.00487	0.00574	0.00624	0.00725	0.00436	0.00447	0.00754	0.01084	0.01379	0.09464	0.35115	0.35764	0.04782	0.00705	0.00201	0.00292	0.05644	0.00469	0.00422
11	0.01889	0.02410	0.01433	0.01303	0.01563	0.80199	0.00977	0.02019	0.01433	0.01238	0.00782	0.00912	0.00651	0.00521	0.00456	0.00130	0.00912	0.00326	0.00261	0.00586
12	0.01147	0.01200	0.01825	0.01541	0.04972	0.06125	0.18164	0.01344	0.00928	0.01324	0.00821	0.01232	0.00742	0.00982	0.07797	0.00250	0.48304	0.00479	0.00237	0.00586
13	0.00734	0.00496	0.00582	0.00582	0.00593	0.00507	0.00344	0.00755	0.00744	0.01003	0.01565	0.03154	0.01771	0.73057	0.11654	0.00528	0.00591	0.00713	0.00302	0.00323
14	0.00674	0.00536	0.00609	0.00607	0.00748	0.00487	0.00449	0.00905	0.05567	0.01603	0.27514	0.15331	0.40715	0.01214	0.00599	0.00172	0.00264	0.01044	0.00499	0.00461
15	0.01063	0.00812	0.00913	0.00824	0.01045	0.00853	0.00642	0.08861	0.27675	0.05274	0.24936	0.04875	0.15495	0.00925	0.00561	0.00168	0.00345	0.03584	0.00520	0.00630
16	0.01372	0.01409	0.01495	0.08243	0.01611	0.19895	0.02935	0.11929	0.03190	0.01530	0.00874	0.01176	0.00750	0.00887	0.05795	0.00219	0.35369	0.00431	0.00281	0.00607
17	0.01337	0.01109	0.01183	0.01045	0.01339	0.01268	0.00826	0.14278	0.61954	0.02249	0.01961	0.01997	0.01514	0.00714	0.00524	0.00172	0.00428	0.04800	0.00510	0.00791
18	0.01043	0.00659	0.00811	0.00715	0.00900	0.00638	0.00554	0.08593	0.04092	0.10898	0.52771	0.03100	0.04767	0.00903	0.00556	0.00155	0.00297	0.00780	0.07202	0.00567
19	0.01433	0.05944	0.01764	0.15905	0.05378	0.13964	0.15525	0.14489	0.09832	0.04900	0.01156	0.01324	0.00873	0.00532	0.00498	0.00153	0.00654	0.00465	0.04522	0.00688
20	0.00726	0.00493	0.00584	0.00600	0.00614	0.00497	0.00366	0.00757	0.00780	0.01045	0.01733	0.10806	0.01983	0.65594	0.07985	0.00476	0.00534	0.03767	0.00326	0.00333
21	0.00631	0.00451	0.00603	0.00713	0.00751	0.00423	0.00488	0.00734	0.01000	0.01337	0.06265	0.74225	0.03387	0.01549	0.00646	0.00205	0.00300	0.05401	0.00473	0.00417
22	0.01889	0.02410	0.01433	0.01303	0.01563	0.80199	0.00977	0.02019	0.01433	0.01238	0.00782	0.00912	0.00651	0.00521	0.00456	0.00130	0.00912	0.00326	0.00261	0.00586
23	0.05697	0.03147	0.05971	0.32428	0.27369	0.06205	0.01359	0.03423	0.01097	0.01516	0.00885	0.01212	0.00709	0.00513	0.00567	0.00161	0.06411	0.00424	0.00246	0.00659
24	0.00724	0.00486	0.00555	0.00566	0.00568	0.00483	0.00322	0.00732	0.00757	0.01009	0.01705	0.10637	0.01979	0.74709	0.02394	0.00464	0.00472	0.00801	0.00322	0.00316
25	0.02039	0.01171	0.01358	0.01048	0.01442	0.01211	0.00863	0.42971	0.05182	0.34960	0.01576	0.01454	0.01052	0.00618	0.00507	0.00155	0.00497	0.00482	0.00556	0.00858
26	0.07962	0.00954	0.01241	0.09646	0.01521	0.01035	0.07971	0.13721	0.17125	0.07317	0.04867	0.14095	0.01552	0.00759	0.00536	0.00168	0.01864	0.00654	0.06359	0.00656
27	0.03498	0.04368	0.01106	0.00907	0.02939	0.02043	0.02790	0.18529	0.05927	0.06346	0.39095	0.02650	0.06064	0.00827	0.00543	0.00156	0.00383	0.00702	0.00502	0.00625
28	0.01064	0.00610	0.00591	0.00566	0.00711	0.04178	0.00430	0.01343	0.04426	0.05993	0.01638	0.01835	0.01274	0.00681	0.02583	0.00142	0.00315	0.00473	0.70635	0.00511
29	0.01071	0.13534	0.64694	0.01401	0.02092	0.01294	0.05992	0.01590	0.01069	0.01546	0.00886	0.01049	0.00649	0.00471	0.00466	0.00154	0.00725	0.00372	0.00216	0.00730
30	0.01170	0.01923	0.43490	0.05595	0.01983	0.01198	0.05742	0.13401	0.10568	0.01893	0.02749	0.02858	0.01011	0.00590	0.00510	0.00165	0.00649	0.03449	0.00319	0.00735
31	0.01144	0.01095	0.01884	0.23618	0.51930	0.01149	0.04735	0.01457	0.01130	0.01573	0.04696	0.01404	0.00957	0.00492	0.00511	0.00156	0.00614	0.00479	0.00259	0.00717
32	0.00694	0.00493	0.00627	0.00708	0.00752	0.00476	0.00473	0.04407	0.01008	0.01345	0.02566	0.68454	0.03042	0.11340	0.00873	0.00237	0.00330	0.01305	0.00451	0.00420
33	0.03980	0.01178	0.17660	0.01011	0.01353	0.00857	0.05446	0.09368	0.01264	0.16336	0.07243	0.10359	0.05619	0.10359	0.00780	0.00207	0.00507	0.05424	0.00418	0.00631
34	0.01408	0.16919	0.18306	0.01610	0.16960	0.09923	0.07313	0.03444	0.05124	0.10129	0.01051	0.01181	0.00804	0.00508	0.00505	0.00148	0.03230	0.00411	0.00297	0.00728
35	0.00753	0.00581	0.00742	0.00719	0.00832	0.01866	0.03784	0.00894	0.01038	0.01409	0.12813	0.23298	0.12895	0.17148	0.05970	0.00276	0.00430	0.04834	0.05197	0.04521
36	0.01338	0.11071	0.26897	0.01156	0.01603	0.04439	0.01171	0.23852	0.04983	0.03413	0.01291	0.12088	0.01126	0.00686	0.00523	0.00159	0.02590	0.00541	0.00358	0.00717
37	0.02540	0.02864	0.05485	0.07228	0.01303	0.07039	0.04154	0.01317	0.10046	0.03031	0.06640	0.24523	0.04550	0.04512	0.04970	0.00222	0.04491	0.00797	0.03747	0.00542
38	0.01085	0.01120	0.05212	0.34268	0.33954	0.01138	0.08884	0.01415	0.01086	0.01484	0.01024	0.05184	0.00862	0.00526	0.00518	0.00163	0.00647	0.00509	0.00249	0.00672
39	0.00638	0.00493	0.00588	0.00645	0.00751	0.00442	0.00474	0.00771	0.01101	0.01399	0.08978	0.34946	0.35385	0.01396	0.00628	0.00191	0.00294	0.09976	0.00475	0.00429
40	0.01151	0.01285	0.02753	0.08477	0.02620	0.01227	0.67365	0.01561	0.01190	0.01613	0.04765	0.01479	0.00953	0.00462	0.00589	0.00170	0.00808	0.00600	0.00268	0.00662
41	0.01231	0.04639	0.03367	0.27259	0.22542	0.04207	0.17966	0.08803	0.01234	0.01638	0.00955	0.01267	0.00743	0.00485	0.00527	0.00159	0.01555	0.00469	0.00266	0.00687
42	0.00666	0.00504	0.00620	0.00672	0.00770	0.00466	0.00490	0.00842	0.03232	0.01485	0.16844	0.38051	0.23586	0.01363	0.00626	0.00190	0.00293	0.08371	0.00486	0.00443
43	0.01103	0.09173	0.69429	0.01367	0.02071	0.01222	0.01731	0.01636	0.01083	0.05321	0.00943	0.01078	0.00671	0.00483	0.00469	0.00156	0.00715	0.00372	0.00234	0.00745
44	0.01710	0.05509	0.01182	0.00893	0.01222	0.00936	0.00728	0.07747	0.17595	0.40017	0.10335	0.02080	0.06354	0.00710	0.00514	0.00158	0.00408	0.00582	0.00553	0.00768

[dist]
# distance from previous block
# <min> <max>
0	2

[block]
# block no. 2 follows, 49 sequences, length 10
# corresponding to MSA columns:
# 384-393
name=unknown_C
#
# <colnr> <probs for GDERKNQSTAVLIFYWHMCP>
#	G	D	E	R	K	N	Q	S	T	A	V	L	I	F	Y	W	H	M	C	P
0	0.08153	0.01249	0.06482	0.01042	0.01415	0.01251	0.00894	0.33405	0.19701	0.13754	0.01516	0.01533	0.01102	0.00626	0.00490	0.00159	0.00487	0.02176	0.03776	0.00790
1	0.00737	0.10836	0.00879	0.00749	0.00843	0.00635	0.00561	0.00858	0.01019	0.01336	0.05733	0.59182	0.03012	0.01393	0.00609	0.00194	0.00343	0.10189	0.00441	0.00450
2	0.01374	0.01301	0.08411	0.01066	0.04063	0.15089	0.00868	0.16312	0.05687	0.08323	0.13007	0.08891	0.03079	0.00766	0.00518	0.00156	0.00518	0.03204	0.06717	0.00650
3	0.00607	0.00496	0.00537	0.00563	0.00698	0.00425	0.00408	0.00731	0.01122	0.01378	0.07908	0.22871	0.57818	0.01341	0.00609	0.00178	0.00264	0.01147	0.00473	0.00425
4	0.00662	0.00451	0.00574	0.00664	0.00715	0.00422	0.00452	0.00778	0.01010	0.01407	0.06684	0.65009	0.05816	0.01419	0.00604	0.00191	0.00282	0.01275	0.11162	0.00422
5	0.00996	0.09976	0.62268	0.01293	0.01920	0.01157	0.01596	0.01480	0.01051	0.01523	0.01125	0.11259	0.00983	0.00615	0.00486	0.00161	0.00670	0.00498	0.00246	0.00695
6	0.01991	0.00930	0.01151	0.00903	0.01258	0.00892	0.00739	0.17056	0.04738	0.51440	0.01800	0.01649	0.01192	0.00620	0.00489	0.00151	0.00429	0.00496	0.11266	0.00809
7	0.01208	0.01162	0.02014	0.09001	0.62940	0.01187	0.06678	0.01497	0.01116	0.01583	0.00941	0.01271	0.00787	0.00509	0.00592	0.02870	0.03192	0.00460	0.00247	0.00748
8	0.00665	0.00500	0.00687	0.00849	0.05968	0.00469	0.00538	0.00780	0.01024	0.01373	0.08314	0.66745	0.07283	0.01452	0.00630	0.00196	0.00308	0.01314	0.00461	0.00442
9	0.04689	0.07568	0.01559	0.04499	0.01581	0.02761	0.05984	0.38188	0.01794	0.21772	0.01331	0.01326	0.00926	0.00575	0.00486	0.00150	0.00540	0.00455	0.03024	0.00792

[dist]
# distance from previous block
# <min> <max>
0	17

[block]
# block no. 3 follows, 49 sequences, length 16
# corresponding to MSA columns:
# 411-426
name=unknown_D
#
# <colnr> <probs for GDERKNQSTAVLIFYWHMCP>
#	G	D	E	R	K	N	Q	S	T	A	V	L	I	F	Y	W	H	M	C	P
0	0.01787	0.01373	0.01589	0.01224	0.01623	0.01509	0.06948	0.62642	0.11192	0.02938	0.01298	0.01305	0.00933	0.00602	0.00514	0.00156	0.00561	0.00480	0.00487	0.00839
1	0.00648	0.00507	0.00545	0.00556	0.00704	0.00441	0.00418	0.00798	0.01159	0.01474	0.11912	0.10626	0.55875	0.01231	0.00587	0.00171	0.00265	0.04479	0.07169	0.00436
2	0.01187	0.07193	0.01343	0.01031	0.07396	0.00909	0.03703	0.08303	0.01226	0.04326	0.07122	0.01312	0.01091	0.00469	0.00423	0.00103	0.00431	0.00391	0.00338	0.51705
3	0.39259	0.08049	0.03172	0.00907	0.01225	0.01170	0.06711	0.07908	0.06309	0.04108	0.12677	0.01452	0.01328	0.00592	0.00462	0.00157	0.03088	0.00445	0.00369	0.00613
4	0.00835	0.00626	0.03501	0.00750	0.00870	0.00557	0.00567	0.06909	0.01156	0.04564	0.08164	0.52206	0.05839	0.01294	0.00596	0.00187	0.00331	0.03395	0.07167	0.00487
5	0.01138	0.20524	0.34759	0.04973	0.05274	0.05673	0.03705	0.01526	0.03373	0.01426	0.00981	0.01345	0.00833	0.06980	0.00663	0.00177	0.03536	0.02210	0.00243	0.00661
6	0.07972	0.24030	0.08483	0.01179	0.01576	0.20788	0.08203	0.12400	0.01317	0.01665	0.00850	0.00989	0.00687	0.00499	0.00470	0.00136	0.03540	0.00358	0.00283	0.04574
7	0.06230	0.03214	0.09501	0.00983	0.06524	0.07963	0.00780	0.01328	0.04472	0.06137	0.30440	0.06252	0.12483	0.00855	0.00534	0.00158	0.00420	0.00719	0.00434	0.00574
8	0.01210	0.04359	0.07982	0.03533	0.07033	0.04636	0.07429	0.03651	0.23614	0.05914	0.07717	0.03337	0.05374	0.00649	0.00532	0.00154	0.02370	0.00554	0.00393	0.09559
9	0.02303	0.04627	0.05650	0.01131	0.09143	0.00942	0.02803	0.06396	0.12993	0.09326	0.18841	0.04848	0.03608	0.04582	0.06947	0.00225	0.02378	0.00630	0.00425	0.02199
10	0.05053	0.08485	0.15563	0.01211	0.07222	0.02822	0.05039	0.07680	0.16172	0.05481	0.03184	0.01594	0.02979	0.07019	0.00638	0.00175	0.00536	0.00480	0.00355	0.08313
11	0.05720	0.08774	0.05111	0.02021	0.04911	0.01134	0.02742	0.12461	0.18930	0.08932	0.07661	0.01654	0.03827	0.00605	0.00472	0.00143	0.00457	0.00492	0.00418	0.13536
12	0.04488	0.03030	0.05599	0.02296	0.02743	0.01026	0.03251	0.18910	0.12077	0.05249	0.11059	0.04215	0.06690	0.00943	0.06811	0.00203	0.00523	0.00577	0.00426	0.09884
13	0.02231	0.08076	0.07522	0.02194	0.06304	0.05835	0.04938	0.09553	0.08601	0.10002	0.07053	0.01689	0.04819	0.00917	0.08413	0.00209	0.00604	0.00500	0.00377	0.10160
14	0.01334	0.10845	0.09772	0.03651	0.04063	0.04407	0.08407	0.13904	0.03647	0.09324	0.04960	0.02853	0.03840	0.07059	0.00654	0.00173	0.00555	0.02102	0.00367	0.08083
15	0.01325	0.07756	0.07144	0.05152	0.06112	0.14744	0.05129	0.08343	0.08263	0.05182	0.04316	0.09445	0.01242	0.00634	0.00485	0.00143	0.00570	0.00527	0.00351	0.13138

[dist]
# distance from previous block
# <min> <max>
5	44

[block]
# block no. 4 follows, 49 sequences, length 29
# corresponding to MSA columns:
# 471-499
name=unknown_E
#
# <colnr> <probs for GDERKNQSTAVLIFYWHMCP>
#	G	D	E	R	K	N	Q	S	T	A	V	L	I	F	Y	W	H	M	C	P
0	0.08982	0.06490	0.15898	0.01049	0.02830	0.01010	0.06367	0.08165	0.06824	0.07020	0.09959	0.07811	0.09097	0.00721	0.00500	0.00156	0.00484	0.00606	0.00388	0.05645
1	0.01255	0.04389	0.21642	0.02400	0.01763	0.03881	0.14073	0.08643	0.04741	0.07561	0.01213	0.07621	0.01002	0.00598	0.00563	0.00153	0.05011	0.00512	0.00327	0.12652
2	0.04410	0.08918	0.12418	0.02866	0.04434	0.08422	0.12297	0.08435	0.07268	0.11737	0.01200	0.01294	0.02018	0.00531	0.00513	0.00147	0.03141	0.00439	0.00344	0.09169
3	0.01255	0.01469	0.15385	0.03278	0.11024	0.11572	0.11290	0.04213	0.02745	0.06555	0.04939	0.05493	0.03860	0.00586	0.00500	0.00145	0.00606	0.00515	0.00324	0.14243
4	0.04374	0.09489	0.12468	0.00970	0.02715	0.01798	0.03142	0.04906	0.10933	0.04811	0.13207	0.03739	0.07696	0.00662	0.00478	0.00141	0.00451	0.00547	0.00382	0.17090
5	0.05477	0.03293	0.24409	0.01212	0.05747	0.01084	0.03922	0.11644	0.08915	0.04697	0.03962	0.03459	0.02473	0.00721	0.04247	0.00178	0.00585	0.00470	0.00344	0.13162
6	0.06291	0.08629	0.14178	0.00985	0.03097	0.02507	0.03683	0.02397	0.06646	0.12597	0.17558	0.02105	0.09001	0.00690	0.00493	0.00149	0.00458	0.00571	0.00407	0.07558
7	0.01292	0.02947	0.13182	0.01085	0.02329	0.05626	0.05647	0.15305	0.05770	0.07032	0.15594	0.01809	0.01627	0.00629	0.00500	0.00143	0.00513	0.02464	0.00402	0.16104
8	0.05488	0.01445	0.19511	0.01239	0.05448	0.02109	0.03970	0.14907	0.13315	0.13269	0.05737	0.01574	0.03191	0.00624	0.00564	0.00162	0.04946	0.00496	0.00406	0.01599
9	0.07412	0.06853	0.18420	0.01268	0.05535	0.01175	0.09683	0.12080	0.08973	0.07012	0.01189	0.04084	0.00929	0.00540	0.00472	0.00146	0.00561	0.00456	0.00346	0.12866
10	0.07772	0.08627	0.14161	0.03975	0.04332	0.18882	0.03020	0.08578	0.07347	0.04733	0.04788	0.01249	0.00972	0.00533	0.00455	0.00140	0.00616	0.00405	0.00326	0.09089
11	0.13536	0.00886	0.02821	0.00964	0.05528	0.00868	0.03361	0.08279	0.09604	0.09533	0.12399	0.07626	0.11352	0.05349	0.00630	0.00181	0.00410	0.02618	0.00441	0.03614
12	0.04984	0.00943	0.03910	0.01769	0.01297	0.04522	0.11817	0.04519	0.05834	0.01721	0.14515	0.07978	0.13223	0.00887	0.00558	0.00166	0.00464	0.11307	0.00410	0.09174
13	0.01338	0.02912	0.01209	0.05011	0.05569	0.04751	0.00810	0.06190	0.27158	0.11693	0.03237	0.01829	0.04018	0.02749	0.00541	0.00155	0.00456	0.02761	0.00431	0.17183
14	0.01073	0.00743	0.04164	0.00730	0.00968	0.02171	0.00594	0.01282	0.01299	0.17733	0.31777	0.08795	0.17223	0.00943	0.00554	0.00156	0.00333	0.00807	0.00505	0.08150
15	0.01707	0.01160	0.04060	0.01255	0.11968	0.07260	0.00905	0.15921	0.08422	0.27784	0.02970	0.01550	0.01146	0.00593	0.00485	0.00149	0.00496	0.00480	0.10922	0.00766
16	0.01337	0.10962	0.11660	0.06439	0.30924	0.03718	0.12541	0.11841	0.01305	0.03103	0.00973	0.01192	0.00763	0.00478	0.00491	0.00150	0.00653	0.00439	0.00283	0.00748
17	0.04962	0.64984	0.02371	0.00936	0.01302	0.06176	0.00886	0.01505	0.01012	0.01242	0.00703	0.00852	0.00647	0.00493	0.00490	0.00125	0.10167	0.00294	0.00223	0.00630
18	0.01153	0.00974	0.03891	0.00841	0.01274	0.00751	0.02626	0.05623	0.01171	0.06401	0.04359	0.01336	0.01006	0.00460	0.00417	0.00097	0.00410	0.02174	0.00342	0.64696
19	0.01051	0.07408	0.05978	0.47615	0.09142	0.01169	0.08637	0.01407	0.03069	0.02909	0.03056	0.04395	0.00931	0.00548	0.00506	0.00163	0.00641	0.00499	0.00262	0.00614
20	0.00708	0.00525	0.00725	0.00731	0.00810	0.00576	0.00541	0.00846	0.00839	0.01163	0.01832	0.06285	0.09017	0.17651	0.54649	0.00663	0.01041	0.00670	0.00306	0.00421
21	0.01685	0.06848	0.07367	0.06407	0.10374	0.01045	0.05441	0.10644	0.01388	0.34895	0.01546	0.05917	0.01154	0.00630	0.00509	0.00158	0.00529	0.02245	0.00450	0.00767
22	0.01089	0.01029	0.01710	0.31999	0.38521	0.01149	0.01393	0.01377	0.01062	0.01463	0.01039	0.04307	0.00913	0.00584	0.00611	0.00168	0.07284	0.03382	0.00254	0.00664
23	0.00728	0.00518	0.00693	0.00693	0.00741	0.00567	0.00482	0.00826	0.00777	0.01085	0.01464	0.02595	0.01528	0.39882	0.44497	0.00664	0.00957	0.00631	0.00287	0.00385
24	0.00696	0.00481	0.00580	0.00621	0.00648	0.00467	0.00394	0.00752	0.00881	0.01174	0.06355	0.28154	0.05214	0.45851	0.01703	0.00359	0.00405	0.04520	0.00384	0.00360
25	0.01259	0.04321	0.02018	0.08433	0.67893	0.01240	0.01493	0.04332	0.01182	0.01666	0.00948	0.01240	0.00788	0.00460	0.00494	0.00150	0.00602	0.00444	0.00257	0.00780
26	0.00807	0.00577	0.00806	0.00923	0.01036	0.00576	0.00802	0.01035	0.01157	0.01505	0.02681	0.08566	0.02927	0.01404	0.00696	0.00232	0.00459	0.72882	0.00466	0.00464
27	0.00681	0.00507	0.00672	0.00743	0.03502	0.00470	0.00504	0.00847	0.01196	0.01638	0.36800	0.38103	0.09894	0.01275	0.00615	0.00180	0.00277	0.01140	0.00501	0.00455
28	0.01258	0.01360	0.02368	0.07623	0.06754	0.07938	0.44511	0.05691	0.01202	0.01592	0.00980	0.01355	0.00783	0.00535	0.00721	0.00173	0.12288	0.01940	0.00266	0.00659

[dist]
# distance from previous block
# <min> <max>
0	1

[block]
# block no. 5 follows, 49 sequences, length 23
# corresponding to MSA columns:
# 501-523
name=unknown_F
#
# <colnr> <probs for GDERKNQSTAVLIFYWHMCP>
#	G	D	E	R	K	N	Q	S	T	A	V	L	I	F	Y	W	H	M	C	P
0	0.00739	0.00544	0.00726	0.00794	0.05938	0.00517	0.00510	0.00904	0.01182	0.01649	0.43868	0.16686	0.03623	0.18874	0.01031	0.00239	0.00327	0.00933	0.00467	0.00450
1	0.80393	0.01006	0.00793	0.00697	0.01016	0.01162	0.00574	0.06380	0.00958	0.02328	0.00737	0.00847	0.00568	0.00478	0.00325	0.00156	0.00402	0.00286	0.00325	0.00568
2	0.00708	0.00517	0.00666	0.00628	0.00751	0.00474	0.00471	0.00940	0.01414	0.01986	0.74124	0.03846	0.09481	0.01049	0.00596	0.00160	0.00240	0.00924	0.00551	0.00474
3	0.01137	0.01070	0.01188	0.00876	0.01310	0.08392	0.04703	0.01364	0.01093	0.01607	0.00894	0.01052	0.00741	0.00391	0.00394	0.00085	0.00452	0.00318	0.00293	0.72640
4	0.00976	0.00828	0.03685	0.01099	0.12181	0.03405	0.00737	0.01221	0.03022	0.06247	0.26621	0.20408	0.02689	0.00905	0.00544	0.00154	0.00380	0.00801	0.00434	0.13664
5	0.10452	0.01001	0.06937	0.01114	0.01458	0.00837	0.16297	0.01307	0.01089	0.03429	0.01553	0.10075	0.01522	0.00780	0.00530	0.00163	0.00516	0.19208	0.00351	0.21379
6	0.07744	0.00917	0.01320	0.01003	0.01401	0.00821	0.08123	0.02317	0.01384	0.66752	0.01815	0.01627	0.01158	0.00596	0.00504	0.00158	0.00468	0.00501	0.00569	0.00822
7	0.00663	0.00510	0.00606	0.00592	0.00726	0.00453	0.00440	0.00848	0.01292	0.01721	0.45005	0.09241	0.33743	0.01166	0.00600	0.00167	0.00249	0.01008	0.00517	0.00453
8	0.01315	0.01177	0.04160	0.13787	0.48107	0.01145	0.10257	0.01631	0.01169	0.10731	0.01073	0.01328	0.00827	0.00477	0.00513	0.00156	0.00625	0.00472	0.00290	0.00759
9	0.01162	0.02497	0.01245	0.01105	0.01315	0.22645	0.10730	0.01420	0.06155	0.03214	0.02041	0.24416	0.06934	0.00993	0.00575	0.00177	0.00574	0.11871	0.00386	0.00543
10	0.01229	0.01338	0.09548	0.02943	0.71644	0.01199	0.01582	0.01557	0.01143	0.01647	0.00947	0.01234	0.00785	0.00453	0.00499	0.00151	0.00615	0.00443	0.00247	0.00796
11	0.00786	0.00567	0.00777	0.00877	0.00992	0.00558	0.00751	0.01006	0.01170	0.01527	0.07724	0.09578	0.07186	0.01377	0.00684	0.00223	0.00430	0.62853	0.00472	0.00461
12	0.01107	0.01117	0.09754	0.09157	0.09244	0.00963	0.16818	0.05460	0.04916	0.06704	0.07891	0.02415	0.12823	0.00730	0.00554	0.00168	0.00554	0.06480	0.02506	0.00640
13	0.01306	0.00992	0.01485	0.01345	0.08949	0.00997	0.14839	0.18311	0.04414	0.10450	0.04438	0.14533	0.03605	0.03245	0.01700	0.00192	0.00536	0.07564	0.00431	0.00668
14	0.01096	0.05313	0.64034	0.01391	0.02031	0.01267	0.01697	0.06623	0.01125	0.01655	0.00897	0.01072	0.00658	0.00526	0.00590	0.00164	0.08512	0.00382	0.00234	0.00732
15	0.85801	0.00978	0.00743	0.00665	0.00978	0.01134	0.00548	0.01486	0.00861	0.02269	0.00704	0.00821	0.00548	0.00469	0.00313	0.00156	0.00391	0.00274	0.00313	0.00548
16	0.00653	0.00464	0.00609	0.00679	0.00724	0.00443	0.00459	0.00761	0.01013	0.01377	0.15856	0.54887	0.03311	0.11308	0.04750	0.00261	0.00359	0.01218	0.00455	0.00412
17	0.01429	0.62395	0.07569	0.00985	0.01406	0.16387	0.00953	0.01613	0.01105	0.01226	0.00731	0.00847	0.00649	0.00452	0.00359	0.00116	0.00623	0.00288	0.00224	0.00644
18	0.01109	0.00938	0.01080	0.00787	0.01225	0.00756	0.00630	0.05644	0.05216	0.01759	0.00978	0.01102	0.00797	0.00404	0.00389	0.00084	0.00386	0.00323	0.00323	0.76068
19	0.03543	0.30729	0.08346	0.02682	0.01527	0.11370	0.02551	0.22687	0.01485	0.07213	0.00993	0.01066	0.00764	0.00515	0.00426	0.00134	0.00599	0.00369	0.02285	0.00715
20	0.00634	0.00477	0.00596	0.00667	0.00745	0.00443	0.00473	0.00750	0.01028	0.01332	0.05704	0.47623	0.23536	0.03187	0.06133	0.00243	0.00367	0.05183	0.00455	0.00421
21	0.00613	0.00451	0.00576	0.00676	0.00726	0.00413	0.00457	0.00707	0.00995	0.01302	0.03126	0.70730	0.14295	0.01540	0.00638	0.00200	0.00288	0.01384	0.00469	0.00413
22	0.01234	0.41401	0.29559	0.01095	0.01599	0.07233	0.01203	0.03088	0.01095	0.01386	0.00931	0.06333	0.00831	0.00536	0.00414	0.00135	0.00624	0.00393	0.00241	0.00668

[dist]
# distance from previous block
# <min> <max>
0	46

# created by:
# /home/cegg/simao/soft/augustus-3.2.1/scripts/msa2prfl.pl ./align_prep/EOG091G0Y6M.fa
