[name]
unknown

[dist]
# distance from previous block
# <min> <max>
0	52

[block]
# block no. 0 follows, 54 sequences, length 24
# corresponding to MSA columns:
# 52-75
name=unknown_A
#
# <colnr> <probs for GDERKNQSTAVLIFYWHMCP>
#	G	D	E	R	K	N	Q	S	T	A	V	L	I	F	Y	W	H	M	C	P
0	0.00760	0.00543	0.00760	0.00868	0.00977	0.00543	0.00760	0.00977	0.01085	0.01411	0.02496	0.05319	0.02714	0.01303	0.00651	0.00217	0.00434	0.77315	0.00434	0.00434
1	0.01777	0.01231	0.01276	0.01017	0.01362	0.08591	0.00825	0.41317	0.13496	0.22050	0.01394	0.01318	0.00970	0.00574	0.00469	0.00144	0.00498	0.00442	0.00480	0.00770
2	0.00674	0.00505	0.00758	0.00758	0.00842	0.00589	0.00589	0.00842	0.00758	0.01095	0.01263	0.01852	0.01179	0.03536	0.81561	0.00758	0.01263	0.00505	0.00253	0.00421
3	0.01096	0.01391	0.10784	0.01921	0.02421	0.01182	0.70894	0.01509	0.01101	0.01509	0.00943	0.01244	0.00703	0.00403	0.00545	0.00158	0.00785	0.00535	0.00234	0.00642
4	0.00616	0.00467	0.00630	0.00710	0.00735	0.00481	0.00492	0.00700	0.00886	0.01197	0.02417	0.75573	0.02889	0.01417	0.00689	0.00193	0.07841	0.01255	0.00416	0.00395
5	0.00674	0.00505	0.00758	0.00758	0.00842	0.00589	0.00589	0.00842	0.00758	0.01095	0.01263	0.01852	0.01179	0.03536	0.81561	0.00758	0.01263	0.00505	0.00253	0.00421
6	0.00890	0.00838	0.01414	0.82296	0.03247	0.01048	0.01309	0.01205	0.00943	0.01205	0.00838	0.01257	0.00629	0.00471	0.00471	0.00157	0.00629	0.00419	0.00210	0.00524
7	0.01719	0.01990	0.01325	0.01183	0.01412	0.65908	0.00903	0.01844	0.01275	0.08477	0.00822	0.00938	0.00660	0.00530	0.00544	0.00132	0.09170	0.00330	0.00271	0.00567
8	0.01173	0.01013	0.01066	0.00960	0.01226	0.01173	0.00746	0.02505	0.79636	0.01972	0.01919	0.01759	0.01439	0.00640	0.00480	0.00160	0.00373	0.00533	0.00480	0.00746
9	0.01194	0.01023	0.01078	0.00964	0.01234	0.01183	0.00751	0.05101	0.77006	0.02006	0.01892	0.01738	0.01418	0.00637	0.00479	0.00159	0.00378	0.00529	0.00479	0.00748
10	0.00573	0.00415	0.00543	0.00645	0.00681	0.00384	0.00433	0.00658	0.00913	0.01208	0.02735	0.78205	0.07948	0.01459	0.00599	0.00189	0.00271	0.01319	0.00438	0.00384
11	0.86760	0.00912	0.00693	0.00620	0.00912	0.01058	0.00511	0.01386	0.00802	0.02115	0.00657	0.00766	0.00511	0.00438	0.00292	0.00146	0.00365	0.00255	0.00292	0.00511
12	0.01408	0.01651	0.01389	0.08659	0.01586	0.45455	0.06802	0.03053	0.03401	0.01315	0.08917	0.01247	0.01039	0.00577	0.00603	0.00143	0.11519	0.00413	0.00274	0.00547
13	0.01319	0.01042	0.01101	0.00942	0.01224	0.01180	0.00746	0.24126	0.49538	0.02235	0.01656	0.01580	0.01234	0.00609	0.00462	0.00150	0.00399	0.00493	0.09232	0.00731
14	0.00574	0.00410	0.00547	0.00657	0.00684	0.00383	0.00438	0.00657	0.00903	0.01204	0.02599	0.83122	0.03119	0.01477	0.00602	0.00191	0.00274	0.01340	0.00438	0.00383
15	0.01113	0.01272	0.02782	0.01987	0.02464	0.01192	0.78776	0.01510	0.01113	0.01510	0.00954	0.01272	0.00715	0.00397	0.00556	0.00159	0.00795	0.00556	0.00238	0.00636
16	0.01019	0.21351	0.62716	0.01219	0.01847	0.01274	0.01524	0.01474	0.00987	0.01404	0.00802	0.00940	0.00599	0.00438	0.00414	0.00138	0.00652	0.00326	0.00200	0.00675
17	0.01701	0.01206	0.01312	0.01035	0.01388	0.01326	0.00845	0.55769	0.17638	0.10736	0.01364	0.01306	0.00967	0.00583	0.00474	0.00146	0.00478	0.00451	0.00485	0.00791
18	0.00574	0.00410	0.00547	0.00657	0.00684	0.00383	0.00438	0.00657	0.00903	0.01204	0.02599	0.83122	0.03119	0.01477	0.00602	0.00191	0.00274	0.01340	0.00438	0.00383
19	0.01249	0.80687	0.05394	0.00827	0.01241	0.01837	0.00842	0.01415	0.00959	0.01124	0.00663	0.00765	0.00605	0.00405	0.00308	0.00103	0.00511	0.00256	0.00202	0.00608
20	0.00961	0.06498	0.77065	0.01317	0.01999	0.01134	0.01695	0.01489	0.00994	0.01474	0.00837	0.00984	0.00598	0.00446	0.00441	0.00147	0.00687	0.00344	0.00199	0.00692
21	0.00610	0.00436	0.00588	0.00698	0.00741	0.00414	0.00500	0.00719	0.00938	0.01244	0.02579	0.68007	0.03040	0.01443	0.00611	0.00196	0.00305	0.16100	0.00437	0.00393
22	0.00584	0.00483	0.00516	0.00529	0.00678	0.00415	0.00408	0.00717	0.01082	0.01311	0.07375	0.06403	0.67070	0.01204	0.00569	0.00166	0.00260	0.09385	0.00441	0.00403
23	0.09912	0.01317	0.09634	0.03283	0.02208	0.01154	0.57199	0.03486	0.01104	0.04649	0.00951	0.01204	0.00701	0.00419	0.00512	0.00156	0.00717	0.00497	0.00259	0.00637

[dist]
# distance from previous block
# <min> <max>
0	8

[block]
# block no. 1 follows, 54 sequences, length 35
# corresponding to MSA columns:
# 84-118
name=unknown_B
#
# <colnr> <probs for GDERKNQSTAVLIFYWHMCP>
#	G	D	E	R	K	N	Q	S	T	A	V	L	I	F	Y	W	H	M	C	P
0	0.03754	0.00796	0.01005	0.12233	0.01334	0.00908	0.00752	0.13798	0.11351	0.01641	0.03426	0.01744	0.01194	0.06126	0.31913	0.00408	0.02386	0.00502	0.04169	0.00559
1	0.63105	0.01036	0.01287	0.01017	0.01361	0.01115	0.21709	0.01446	0.00912	0.01984	0.00777	0.00958	0.00604	0.00453	0.00381	0.00157	0.00495	0.00350	0.00290	0.00565
2	0.01167	0.12807	0.02687	0.01803	0.02247	0.01319	0.63480	0.01503	0.01095	0.01471	0.00933	0.01239	0.00732	0.00446	0.00587	0.00160	0.04915	0.00518	0.00245	0.00645
3	0.00599	0.00504	0.00510	0.00513	0.00670	0.00422	0.00380	0.00706	0.01092	0.01308	0.04706	0.07665	0.76815	0.01227	0.00575	0.00167	0.00255	0.01018	0.00450	0.00418
4	0.01292	0.04420	0.01189	0.01002	0.01283	0.05802	0.00785	0.07969	0.66020	0.01997	0.01777	0.01671	0.01345	0.00641	0.00485	0.00161	0.00429	0.00513	0.00467	0.00752
5	0.01046	0.00914	0.01174	0.01060	0.12268	0.00732	0.02383	0.01258	0.01019	0.01572	0.00886	0.01064	0.00742	0.00387	0.00387	0.00089	0.00402	0.00318	0.00285	0.72014
6	0.02308	0.04568	0.04783	0.01928	0.13159	0.02774	0.51542	0.01602	0.04897	0.04752	0.01037	0.01299	0.00795	0.00456	0.00548	0.00160	0.01922	0.00515	0.00274	0.00678
7	0.00613	0.00450	0.00567	0.00659	0.00708	0.00410	0.00444	0.00690	0.00952	0.01251	0.02931	0.71698	0.13928	0.01457	0.00611	0.00194	0.00283	0.01299	0.00450	0.00406
8	0.07484	0.00837	0.01095	0.00851	0.01213	0.00739	0.00698	0.02261	0.01337	0.75412	0.01817	0.01602	0.01160	0.00599	0.00479	0.00153	0.00412	0.00472	0.00576	0.00802
9	0.00885	0.00744	0.00726	0.00747	0.00847	0.11799	0.00536	0.00992	0.01060	0.04463	0.09467	0.41365	0.09468	0.04814	0.00662	0.00189	0.01739	0.04050	0.04994	0.00453
10	0.01057	0.01022	0.01812	0.10875	0.41303	0.01016	0.17193	0.01319	0.01068	0.01476	0.01328	0.12839	0.04259	0.00625	0.00525	0.00161	0.00575	0.00612	0.00282	0.00654
11	0.00703	0.00511	0.00652	0.00615	0.00732	0.00467	0.00459	0.00909	0.01345	0.01896	0.76365	0.03607	0.07917	0.00997	0.00572	0.00156	0.00238	0.00869	0.00527	0.00463
12	0.00574	0.00410	0.00547	0.00657	0.00684	0.00383	0.00438	0.00657	0.00903	0.01204	0.02599	0.83122	0.03119	0.01477	0.00602	0.00191	0.00274	0.01340	0.00438	0.00383
13	0.00623	0.00476	0.00678	0.00783	0.04273	0.00445	0.02828	0.00736	0.00957	0.01285	0.08658	0.67604	0.06170	0.01346	0.00589	0.00184	0.00296	0.01224	0.00429	0.00412
14	0.01043	0.01144	0.02378	0.13087	0.02396	0.01134	0.58856	0.01393	0.01055	0.01428	0.01025	0.06463	0.00851	0.00499	0.00600	0.00163	0.05062	0.00579	0.00245	0.00598
15	0.00684	0.00464	0.00548	0.00548	0.00560	0.00476	0.00328	0.00708	0.00696	0.00939	0.01455	0.02913	0.01639	0.72263	0.13464	0.00499	0.00570	0.00660	0.00281	0.00305
16	0.01261	0.83713	0.02471	0.00807	0.01210	0.01866	0.00807	0.01412	0.00958	0.01109	0.00656	0.00756	0.00605	0.00403	0.00303	0.00101	0.00504	0.00252	0.00202	0.00605
17	0.01135	0.01134	0.04238	0.10173	0.71010	0.01113	0.01443	0.01426	0.01059	0.01508	0.00881	0.01170	0.00731	0.00426	0.00467	0.00142	0.00571	0.00418	0.00230	0.00725
18	0.01818	0.01080	0.01237	0.00965	0.01319	0.01130	0.00792	0.42280	0.09043	0.30199	0.01475	0.01377	0.01003	0.00578	0.00469	0.00144	0.00454	0.00453	0.03401	0.00785
19	0.00575	0.00481	0.00502	0.00505	0.00659	0.00409	0.00385	0.00705	0.01091	0.01319	0.09244	0.04517	0.71584	0.01186	0.00562	0.00162	0.00248	0.05022	0.00443	0.00403
20	0.05532	0.02059	0.01319	0.01170	0.01434	0.66779	0.00891	0.12627	0.01436	0.01451	0.00782	0.00886	0.00630	0.00495	0.00426	0.00125	0.00782	0.00318	0.00277	0.00581
21	0.01420	0.01359	0.01433	0.01246	0.04975	0.19617	0.10950	0.16012	0.27800	0.04436	0.01359	0.03611	0.01067	0.00583	0.00481	0.00148	0.00571	0.01866	0.00383	0.00683
22	0.02048	0.00841	0.01110	0.00858	0.01219	0.00759	0.00707	0.06360	0.05573	0.72491	0.01825	0.01588	0.01162	0.00586	0.00474	0.00146	0.00406	0.00475	0.00572	0.00799
23	0.00574	0.00410	0.00547	0.00657	0.00684	0.00383	0.00438	0.00657	0.00903	0.01204	0.02599	0.83122	0.03119	0.01477	0.00602	0.00191	0.00274	0.01340	0.00438	0.00383
24	0.01845	0.01011	0.01286	0.01188	0.12349	0.03123	0.00846	0.20318	0.01500	0.45474	0.01474	0.01382	0.00985	0.00543	0.00466	0.00140	0.00461	0.00441	0.00485	0.04681
25	0.01392	0.12913	0.01619	0.01160	0.01472	0.21151	0.13118	0.11773	0.18049	0.04203	0.02146	0.05543	0.01024	0.00570	0.00475	0.00141	0.01798	0.00469	0.00341	0.00642
26	0.00936	0.00891	0.01464	0.63672	0.10063	0.01110	0.01283	0.01217	0.00924	0.01226	0.00812	0.01217	0.00638	0.00516	0.00621	0.00162	0.12074	0.00418	0.00211	0.00543
27	0.12694	0.00539	0.00632	0.00597	0.00731	0.00527	0.00452	0.00945	0.01237	0.01881	0.64320	0.06326	0.05563	0.00916	0.00521	0.00150	0.00245	0.00792	0.00482	0.00451
28	0.01086	0.01036	0.01603	0.30750	0.39875	0.03270	0.01286	0.01521	0.12015	0.01471	0.01010	0.01273	0.00798	0.00471	0.00469	0.00148	0.00566	0.00432	0.00260	0.00662
29	0.01719	0.01547	0.01356	0.01150	0.03557	0.25998	0.00892	0.42209	0.09527	0.05724	0.01112	0.01129	0.00820	0.00546	0.00458	0.00137	0.00602	0.00400	0.00401	0.00716
30	0.01051	0.01074	0.01473	0.59889	0.13771	0.12307	0.01273	0.01333	0.01016	0.01244	0.00830	0.01188	0.00642	0.00466	0.00464	0.00150	0.00650	0.00403	0.00218	0.00558
31	0.00636	0.00466	0.00610	0.00662	0.00744	0.00440	0.00496	0.00789	0.01068	0.01435	0.24326	0.34840	0.11776	0.01364	0.04181	0.00206	0.00328	0.14770	0.00451	0.00413
32	0.01462	0.01385	0.01266	0.01078	0.01373	0.20272	0.03308	0.22207	0.37163	0.02013	0.01447	0.01409	0.02306	0.00585	0.00468	0.00146	0.00535	0.00459	0.00413	0.00704
33	0.00682	0.00456	0.00515	0.00519	0.00520	0.00455	0.00291	0.00685	0.00693	0.00923	0.01521	0.05640	0.01759	0.80814	0.02342	0.00449	0.00451	0.00707	0.00291	0.00289
34	0.01106	0.01042	0.01683	0.20491	0.52029	0.01111	0.01318	0.01540	0.12025	0.01525	0.01020	0.01270	0.00817	0.00462	0.00470	0.00147	0.00549	0.00436	0.00262	0.00697

[dist]
# distance from previous block
# <min> <max>
1	2

[block]
# block no. 2 follows, 54 sequences, length 24
# corresponding to MSA columns:
# 134-157
name=unknown_C
#
# <colnr> <probs for GDERKNQSTAVLIFYWHMCP>
#	G	D	E	R	K	N	Q	S	T	A	V	L	I	F	Y	W	H	M	C	P
0	0.01258	0.04544	0.01717	0.09397	0.41766	0.01265	0.01230	0.17800	0.01248	0.01736	0.00885	0.01131	0.00723	0.00515	0.00621	0.00150	0.12627	0.00413	0.00276	0.00698
1	0.00574	0.00410	0.00547	0.00657	0.00684	0.00383	0.00438	0.00657	0.00903	0.01204	0.02599	0.83122	0.03119	0.01477	0.00602	0.00191	0.00274	0.01340	0.00438	0.00383
2	0.01574	0.02008	0.07448	0.07043	0.08605	0.58326	0.01051	0.04574	0.01281	0.01284	0.00772	0.00931	0.00628	0.00485	0.00456	0.00130	0.02246	0.00332	0.00244	0.00583
3	0.01173	0.01013	0.01066	0.00960	0.01226	0.01173	0.00746	0.02505	0.79636	0.01972	0.01919	0.01759	0.01439	0.00640	0.00480	0.00160	0.00373	0.00533	0.00480	0.00746
4	0.00674	0.00502	0.00739	0.00739	0.00817	0.00579	0.00566	0.00830	0.00752	0.01081	0.01280	0.01946	0.01219	0.09605	0.75548	0.00735	0.01202	0.00519	0.00255	0.00411
5	0.00890	0.00838	0.01414	0.82296	0.03247	0.01048	0.01309	0.01205	0.00943	0.01205	0.00838	0.01257	0.00629	0.00471	0.00471	0.00157	0.00629	0.00419	0.00210	0.00524
6	0.00699	0.00460	0.00530	0.00530	0.00546	0.00467	0.00316	0.00731	0.00715	0.00994	0.01470	0.02876	0.01628	0.70076	0.09235	0.00457	0.00510	0.00651	0.06798	0.00309
7	0.00879	0.00439	0.00439	0.00439	0.00549	0.00439	0.00330	0.01099	0.00989	0.01758	0.01538	0.01758	0.01209	0.00549	0.00330	0.00110	0.00220	0.00439	0.86047	0.00439
8	0.01261	0.83713	0.02471	0.00807	0.01210	0.01866	0.00807	0.01412	0.00958	0.01109	0.00656	0.00756	0.00605	0.00403	0.00303	0.00101	0.00504	0.00252	0.00202	0.00605
9	0.01763	0.02182	0.01342	0.01206	0.01458	0.75932	0.00910	0.07274	0.01398	0.01281	0.00757	0.00870	0.00621	0.00491	0.00428	0.00123	0.00827	0.00312	0.00259	0.00564
10	0.00667	0.00482	0.00630	0.00593	0.00704	0.00445	0.00445	0.00890	0.01335	0.01891	0.80239	0.03522	0.04449	0.00964	0.00556	0.00148	0.00222	0.00853	0.00519	0.00445
11	0.00819	0.00410	0.00614	0.00614	0.00614	0.00410	0.00410	0.00614	0.00614	0.00819	0.00819	0.01433	0.00819	0.01638	0.01843	0.86282	0.00410	0.00410	0.00205	0.00205
12	0.01173	0.01013	0.01066	0.00960	0.01226	0.01173	0.00746	0.02505	0.79636	0.01972	0.01919	0.01759	0.01439	0.00640	0.00480	0.00160	0.00373	0.00533	0.00480	0.00746
13	0.00678	0.00445	0.00515	0.00539	0.00555	0.00439	0.00323	0.00716	0.00761	0.01053	0.01739	0.20817	0.01983	0.57832	0.01816	0.00367	0.00395	0.00810	0.07895	0.00321
14	0.00671	0.00492	0.00638	0.00671	0.00776	0.00463	0.00530	0.00856	0.01151	0.01543	0.33245	0.13206	0.14737	0.03215	0.00638	0.00185	0.00305	0.25789	0.00465	0.00424
15	0.00596	0.00426	0.00568	0.00654	0.00697	0.00398	0.00450	0.00704	0.00977	0.01320	0.14888	0.67848	0.03315	0.01390	0.00596	0.00186	0.00271	0.03871	0.00450	0.00395
16	0.01546	0.04247	0.07141	0.01476	0.11454	0.49821	0.07907	0.06283	0.03247	0.01383	0.00828	0.00974	0.00666	0.00473	0.00444	0.00131	0.00757	0.00355	0.00256	0.00612
17	0.01344	0.64940	0.05300	0.00906	0.01290	0.17112	0.00863	0.01505	0.01032	0.01133	0.00677	0.00784	0.00605	0.00421	0.00332	0.00107	0.00578	0.00266	0.00210	0.00597
18	0.00939	0.00542	0.00717	0.00639	0.00798	0.00491	0.00491	0.01154	0.01337	0.16678	0.65554	0.03163	0.03834	0.00893	0.00541	0.00148	0.00256	0.00782	0.00531	0.00512
19	0.00958	0.05729	0.77808	0.01322	0.02007	0.01126	0.01704	0.01490	0.00994	0.01478	0.00838	0.00986	0.00598	0.00446	0.00442	0.00147	0.00689	0.00345	0.00199	0.00693
20	0.00673	0.00453	0.00516	0.00526	0.00532	0.00449	0.00301	0.00683	0.00714	0.00949	0.01665	0.10192	0.03779	0.74160	0.02196	0.00426	0.00436	0.00751	0.00303	0.00297
21	0.00923	0.00871	0.01472	0.73042	0.12250	0.01056	0.01325	0.01233	0.00958	0.01244	0.00844	0.01247	0.00642	0.00465	0.00471	0.00155	0.00621	0.00419	0.00212	0.00550
22	0.00979	0.11066	0.72653	0.01287	0.01953	0.01177	0.01643	0.01485	0.00991	0.01452	0.00826	0.00970	0.00598	0.00443	0.00433	0.00144	0.00676	0.00338	0.00199	0.00687
23	0.04352	0.06905	0.00835	0.00666	0.00831	0.00691	0.00520	0.01194	0.13663	0.01819	0.54331	0.04570	0.06094	0.00867	0.00515	0.00148	0.00275	0.00747	0.00475	0.00505

[dist]
# distance from previous block
# <min> <max>
0	3

[block]
# block no. 3 follows, 54 sequences, length 21
# corresponding to MSA columns:
# 161-181
name=unknown_D
#
# <colnr> <probs for GDERKNQSTAVLIFYWHMCP>
#	G	D	E	R	K	N	Q	S	T	A	V	L	I	F	Y	W	H	M	C	P
0	0.01229	0.01154	0.01821	0.01414	0.01705	0.03516	0.29552	0.06554	0.19620	0.06461	0.01160	0.01328	0.00893	0.00583	0.00766	0.00168	0.20608	0.00495	0.00323	0.00651
1	0.01016	0.18065	0.57348	0.01228	0.01795	0.01281	0.01486	0.01440	0.00959	0.01381	0.00785	0.00953	0.00601	0.00479	0.00536	0.00146	0.09304	0.00337	0.00200	0.00660
2	0.00784	0.00599	0.00691	0.00678	0.00791	0.02836	0.00497	0.09054	0.01212	0.01624	0.29830	0.28202	0.09674	0.07290	0.00700	0.00187	0.00315	0.04133	0.00453	0.00450
3	0.01364	0.00653	0.00841	0.00714	0.00945	0.00595	0.00559	0.01605	0.05719	0.38337	0.22609	0.07504	0.07636	0.04331	0.00586	0.00163	0.00328	0.00674	0.04224	0.00614
4	0.01133	0.01112	0.01792	0.10264	0.57844	0.04438	0.06066	0.01448	0.03934	0.01494	0.01085	0.01381	0.03663	0.00477	0.00478	0.00145	0.00573	0.01728	0.00251	0.00692
5	0.04441	0.00518	0.00650	0.00631	0.00761	0.00490	0.00494	0.00951	0.01246	0.04057	0.55057	0.03673	0.10112	0.00993	0.00553	0.00159	0.00267	0.12467	0.02027	0.00452
6	0.04936	0.53560	0.07832	0.00918	0.01322	0.07786	0.00886	0.15160	0.01206	0.01512	0.00759	0.00848	0.00636	0.00443	0.00352	0.00115	0.00541	0.00294	0.00256	0.00638
7	0.01060	0.00974	0.01566	0.02235	0.56594	0.00979	0.01172	0.01417	0.07803	0.01652	0.18043	0.01724	0.01602	0.00556	0.00487	0.00144	0.00472	0.00523	0.00316	0.00682
8	0.00737	0.00576	0.00819	0.00944	0.12855	0.00544	0.00595	0.00960	0.01271	0.01795	0.63235	0.06593	0.05428	0.00908	0.00544	0.00149	0.00276	0.00811	0.00470	0.00487
9	0.01167	0.01120	0.01914	0.02894	0.80488	0.01120	0.01447	0.01447	0.01074	0.01540	0.00887	0.01167	0.00747	0.00420	0.00467	0.00140	0.00560	0.00420	0.00233	0.00747
10	0.00570	0.00468	0.00502	0.00515	0.00650	0.00400	0.00378	0.00693	0.01072	0.01319	0.11315	0.16416	0.61635	0.01216	0.00564	0.00163	0.00243	0.01035	0.00445	0.00400
11	0.00653	0.00471	0.00618	0.00603	0.00701	0.00435	0.00444	0.00854	0.01269	0.01786	0.68413	0.15647	0.04246	0.01042	0.00563	0.00155	0.00230	0.00927	0.00507	0.00435
12	0.01881	0.00743	0.01011	0.00811	0.01124	0.00646	0.00654	0.02048	0.01281	0.68688	0.01973	0.14022	0.01464	0.00720	0.00494	0.00153	0.00382	0.00606	0.00561	0.00739
13	0.00908	0.00568	0.00802	0.00680	0.00846	0.00554	0.12282	0.01155	0.01018	0.01724	0.03768	0.01736	0.01229	0.00538	0.00371	0.00118	0.00307	0.00469	0.70456	0.00470
14	0.01299	0.65934	0.02189	0.00840	0.01216	0.01711	0.00797	0.13170	0.01146	0.01399	0.00850	0.05983	0.00793	0.00496	0.00347	0.00113	0.00492	0.00347	0.00258	0.00621
15	0.81582	0.00905	0.00718	0.00633	0.00930	0.01035	0.00522	0.01442	0.00836	0.06930	0.00730	0.00817	0.00551	0.00447	0.00303	0.00146	0.00367	0.00269	0.00310	0.00528
16	0.01211	0.13757	0.01898	0.04233	0.56772	0.06155	0.01269	0.01529	0.06000	0.01470	0.00906	0.01124	0.00757	0.00437	0.00440	0.00135	0.00559	0.00394	0.00244	0.00708
17	0.09697	0.06465	0.01203	0.02425	0.01245	0.20723	0.00757	0.21639	0.11182	0.03724	0.01085	0.01202	0.02182	0.00706	0.00644	0.13259	0.00543	0.00390	0.00339	0.00589
18	0.04995	0.01103	0.06871	0.13393	0.04276	0.09248	0.02193	0.11785	0.11526	0.04495	0.10892	0.08526	0.04944	0.00704	0.00490	0.00153	0.00488	0.02950	0.00373	0.00594
19	0.22292	0.09911	0.04764	0.01008	0.01332	0.01065	0.15946	0.08998	0.01092	0.05545	0.04302	0.04744	0.03240	0.01884	0.05621	0.00187	0.02029	0.00465	0.02250	0.03325
20	0.07805	0.03559	0.06731	0.01866	0.02519	0.22138	0.02314	0.14782	0.04998	0.05897	0.01281	0.10241	0.02479	0.07026	0.00620	0.00168	0.01612	0.01572	0.00341	0.02051

[dist]
# distance from previous block
# <min> <max>
0	34

# created by:
# /home/cegg/simao/soft/augustus-3.2.1/scripts/msa2prfl.pl ./align_prep/EOG091G0X1Z.fa
