[name]
unknown

[dist]
# distance from previous block
# <min> <max>
0	101

[block]
# block no. 0 follows, 48 sequences, length 7
# corresponding to MSA columns:
# 324-330
name=unknown_A
#
# <colnr> <probs for GDERKNQSTAVLIFYWHMCP>
#	G	D	E	R	K	N	Q	S	T	A	V	L	I	F	Y	W	H	M	C	P
0	0.01297	0.32889	0.16055	0.01028	0.01447	0.01460	0.01026	0.18149	0.01364	0.01774	0.01392	0.08875	0.04311	0.00702	0.00468	0.00150	0.00550	0.06049	0.00337	0.00679
1	0.04231	0.50571	0.07110	0.08273	0.01615	0.06710	0.01006	0.10241	0.01215	0.01517	0.00808	0.00951	0.00682	0.00488	0.00422	0.00130	0.02770	0.00328	0.00260	0.00671
2	0.06825	0.07260	0.11602	0.00900	0.01213	0.03014	0.00822	0.18652	0.01416	0.02076	0.10563	0.09253	0.01657	0.00733	0.00477	0.00151	0.00451	0.02861	0.17372	0.02701
3	0.01140	0.00916	0.01116	0.00849	0.01229	0.00792	0.04152	0.10303	0.03767	0.04709	0.08782	0.01890	0.10862	0.00606	0.00465	0.00116	0.00400	0.00508	0.00392	0.47005
4	0.01808	0.01425	0.01459	0.01124	0.01532	0.06933	0.00918	0.59842	0.02132	0.02849	0.01151	0.01184	0.00840	0.00573	0.00489	0.00140	0.00561	0.00428	0.00463	0.14150
5	0.11890	0.01384	0.01447	0.01120	0.01520	0.01539	0.00925	0.68078	0.02230	0.03123	0.01170	0.01185	0.00835	0.00599	0.00490	0.00155	0.00545	0.00440	0.00490	0.00835
6	0.05206	0.20808	0.03864	0.00881	0.01312	0.01192	0.00772	0.08700	0.08211	0.06600	0.01062	0.01131	0.00839	0.00469	0.00402	0.00112	0.00456	0.00351	0.00342	0.37291

[dist]
# distance from previous block
# <min> <max>
12	23

[block]
# block no. 1 follows, 48 sequences, length 10
# corresponding to MSA columns:
# 355-364
name=unknown_B
#
# <colnr> <probs for GDERKNQSTAVLIFYWHMCP>
#	G	D	E	R	K	N	Q	S	T	A	V	L	I	F	Y	W	H	M	C	P
0	0.11286	0.06073	0.08679	0.01283	0.05174	0.16988	0.08375	0.05110	0.14052	0.09149	0.04523	0.01375	0.01065	0.00581	0.00533	0.00157	0.04085	0.00454	0.00363	0.00697
1	0.01444	0.68744	0.02475	0.00936	0.01339	0.08123	0.00893	0.01605	0.01082	0.04574	0.00774	0.00885	0.00686	0.00475	0.00410	0.00119	0.04239	0.00297	0.00241	0.00658
2	0.01198	0.41921	0.41523	0.01174	0.01775	0.01605	0.01394	0.01581	0.01063	0.01419	0.00818	0.00955	0.00654	0.00464	0.00409	0.00136	0.00655	0.00327	0.00218	0.00709
3	0.00709	0.00519	0.00666	0.00639	0.00759	0.00475	0.00475	0.00932	0.01397	0.01951	0.67196	0.08988	0.11164	0.01107	0.00609	0.00165	0.00247	0.00976	0.00551	0.00475
4	0.01444	0.01086	0.01181	0.01032	0.01342	0.01219	0.00811	0.05894	0.64243	0.12626	0.02043	0.01862	0.01496	0.00684	0.00521	0.00171	0.00417	0.00566	0.00537	0.00823
5	0.02033	0.01136	0.01498	0.01222	0.04793	0.08623	0.09673	0.05767	0.01443	0.52735	0.01656	0.01556	0.01093	0.00603	0.00565	0.00160	0.03614	0.00501	0.00518	0.00811
6	0.01165	0.01277	0.02564	0.11117	0.02514	0.01334	0.52999	0.01523	0.01105	0.01523	0.00951	0.01330	0.00747	0.00535	0.00810	0.00183	0.16865	0.00557	0.00249	0.00652
7	0.00625	0.00447	0.00595	0.00714	0.00744	0.00417	0.00476	0.00714	0.00982	0.01310	0.02828	0.81633	0.03394	0.01608	0.00655	0.00208	0.00298	0.01459	0.00476	0.00417
8	0.02006	0.00813	0.01109	0.00895	0.01238	0.00714	0.00741	0.02212	0.01434	0.64014	0.08162	0.02381	0.01748	0.00759	0.00545	0.00168	0.00425	0.09228	0.00611	0.00796
9	0.02077	0.00968	0.01166	0.00922	0.01278	0.06322	0.00749	0.05508	0.01506	0.61432	0.10778	0.01909	0.01625	0.00675	0.00522	0.00157	0.00454	0.00548	0.00596	0.00808

[dist]
# distance from previous block
# <min> <max>
1	13

[block]
# block no. 2 follows, 48 sequences, length 16
# corresponding to MSA columns:
# 383-398
name=unknown_C
#
# <colnr> <probs for GDERKNQSTAVLIFYWHMCP>
#	G	D	E	R	K	N	Q	S	T	A	V	L	I	F	Y	W	H	M	C	P
0	0.85592	0.00992	0.00754	0.00675	0.00992	0.01151	0.00556	0.01508	0.00873	0.02302	0.00714	0.00834	0.00556	0.00476	0.00318	0.00159	0.00397	0.00278	0.00318	0.00556
1	0.01080	0.00921	0.01057	0.00803	0.01208	0.00776	0.00636	0.01525	0.14683	0.01780	0.06038	0.01390	0.01161	0.00478	0.00419	0.00099	0.00376	0.00392	0.00359	0.64815
2	0.00709	0.00524	0.00661	0.00627	0.00756	0.00477	0.00470	0.00934	0.01411	0.01958	0.67659	0.03996	0.15740	0.01086	0.00605	0.00163	0.00245	0.00951	0.00552	0.00477
3	0.85592	0.00992	0.00754	0.00675	0.00992	0.01151	0.00556	0.01508	0.00873	0.02302	0.00714	0.00834	0.00556	0.00476	0.00318	0.00159	0.00397	0.00278	0.00318	0.00556
4	0.00753	0.00549	0.00725	0.00760	0.00882	0.00521	0.00617	0.00977	0.01297	0.01751	0.37448	0.07445	0.11045	0.01245	0.00650	0.00195	0.00341	0.31811	0.00515	0.00472
5	0.02302	0.00873	0.01191	0.00913	0.01310	0.00754	0.00754	0.02501	0.01469	0.79122	0.02024	0.01746	0.01270	0.00635	0.00516	0.00159	0.00437	0.00516	0.00635	0.00873
6	0.02302	0.00873	0.01191	0.00913	0.01310	0.00754	0.00754	0.02501	0.01469	0.79122	0.02024	0.01746	0.01270	0.00635	0.00516	0.00159	0.00437	0.00516	0.00635	0.00873
7	0.02302	0.00873	0.01191	0.00913	0.01310	0.00754	0.00754	0.02501	0.01469	0.79122	0.02024	0.01746	0.01270	0.00635	0.00516	0.00159	0.00437	0.00516	0.00635	0.00873
8	0.02204	0.00895	0.01188	0.00925	0.01312	0.00804	0.00760	0.02522	0.08759	0.71774	0.02030	0.01762	0.01298	0.00641	0.00517	0.00160	0.00434	0.00522	0.00624	0.00867
9	0.02302	0.00873	0.01191	0.00913	0.01310	0.00754	0.00754	0.02501	0.01469	0.79122	0.02024	0.01746	0.01270	0.00635	0.00516	0.00159	0.00437	0.00516	0.00635	0.00873
10	0.00639	0.00521	0.00564	0.00554	0.00713	0.00447	0.00415	0.00799	0.01246	0.01567	0.24922	0.04641	0.58722	0.01232	0.00606	0.00170	0.00255	0.01041	0.00500	0.00447
11	0.01864	0.00848	0.01067	0.00860	0.01186	0.02832	0.00694	0.02145	0.06283	0.54368	0.14332	0.02215	0.05285	0.00731	0.00529	0.00159	0.00404	0.00605	0.02823	0.00770
12	0.01604	0.01265	0.01345	0.01111	0.01459	0.01429	0.00891	0.38874	0.41158	0.02675	0.01672	0.01582	0.01229	0.00657	0.00518	0.00164	0.00483	0.00523	0.00518	0.00842
13	0.51088	0.01054	0.01003	0.00826	0.01179	0.01152	0.00681	0.16594	0.01305	0.19123	0.01100	0.01110	0.00773	0.00538	0.00399	0.00158	0.00439	0.00366	0.00425	0.00687
14	0.01232	0.01181	0.02015	0.12879	0.69332	0.01209	0.01556	0.01542	0.01150	0.01631	0.00958	0.01282	0.00797	0.00464	0.00509	0.00155	0.00619	0.00457	0.00251	0.00782
15	0.01228	0.01176	0.02007	0.14010	0.68235	0.01208	0.01554	0.01538	0.01148	0.01625	0.00958	0.01284	0.00795	0.00465	0.00509	0.00155	0.00620	0.00457	0.00250	0.00779

[dist]
# distance from previous block
# <min> <max>
0	1

[block]
# block no. 3 follows, 48 sequences, length 49
# corresponding to MSA columns:
# 400-404,409-451,457
name=unknown_D
#
# <colnr> <probs for GDERKNQSTAVLIFYWHMCP>
#	G	D	E	R	K	N	Q	S	T	A	V	L	I	F	Y	W	H	M	C	P
0	0.00992	0.00935	0.01571	0.69888	0.11791	0.01129	0.01413	0.01324	0.01046	0.01354	0.01038	0.01457	0.02882	0.00529	0.00515	0.00169	0.00664	0.00474	0.00238	0.00593
1	0.06354	0.01205	0.02003	0.03000	0.74077	0.01215	0.01513	0.01571	0.01151	0.01714	0.00950	0.01244	0.00797	0.00458	0.00496	0.00153	0.00597	0.00446	0.00258	0.00797
2	0.01001	0.00948	0.01582	0.70156	0.09018	0.01172	0.01418	0.01326	0.01022	0.01334	0.00902	0.01346	0.00693	0.00532	0.00583	0.00173	0.05523	0.00456	0.00230	0.00588
3	0.01109	0.00941	0.01164	0.00850	0.01272	0.00771	0.02912	0.01334	0.01060	0.03934	0.00931	0.01098	0.00769	0.00428	0.00488	0.00092	0.06416	0.00330	0.00307	0.73795
4	0.01094	0.01076	0.01496	0.01288	0.01288	0.01491	0.01062	0.01198	0.00783	0.01217	0.00744	0.01289	0.00763	0.06949	0.01753	0.00245	0.75017	0.00471	0.00231	0.00543
5	0.01493	0.01093	0.01346	0.01060	0.01391	0.01145	0.08220	0.37993	0.05182	0.07372	0.10825	0.02101	0.10533	0.00732	0.00533	0.00158	0.00480	0.00613	0.07008	0.00725
6	0.00746	0.00497	0.00560	0.00560	0.00560	0.00497	0.00311	0.00746	0.00746	0.00995	0.01617	0.03358	0.01865	0.81967	0.02612	0.00497	0.00497	0.00746	0.00311	0.00311
7	0.01029	0.02654	0.79309	0.01462	0.02221	0.01192	0.01896	0.01625	0.01083	0.01625	0.00921	0.01083	0.00650	0.00487	0.00487	0.00162	0.00758	0.00379	0.00217	0.00758
8	0.01447	0.01187	0.01256	0.01079	0.01399	0.01356	0.00853	0.21544	0.58744	0.02422	0.01872	0.01742	0.01391	0.00676	0.00520	0.00169	0.00446	0.00550	0.00520	0.00827
9	0.01888	0.06643	0.01519	0.01299	0.01572	0.75812	0.00985	0.02022	0.01432	0.01253	0.00789	0.00920	0.00661	0.00524	0.00456	0.00131	0.00906	0.00328	0.00262	0.00598
10	0.01064	0.00912	0.01064	0.00760	0.01216	0.00684	0.00608	0.01292	0.01064	0.01672	0.00912	0.01064	0.00760	0.00380	0.00380	0.00076	0.00380	0.00304	0.00304	0.85104
11	0.01951	0.01437	0.01540	0.01181	0.01591	0.01591	0.00975	0.77056	0.02412	0.03234	0.01232	0.01232	0.00873	0.00616	0.00513	0.00154	0.00565	0.00462	0.00513	0.00873
12	0.00643	0.00544	0.00601	0.05372	0.00873	0.00482	0.00464	0.00799	0.01195	0.01463	0.13793	0.04589	0.64959	0.01222	0.00601	0.00172	0.00283	0.01026	0.00472	0.00448
13	0.00969	0.00912	0.01539	0.80734	0.03534	0.01140	0.01425	0.01311	0.01026	0.01311	0.00912	0.01368	0.00684	0.00513	0.00513	0.00171	0.00684	0.00456	0.00228	0.00570
14	0.01246	0.01194	0.02039	0.09392	0.72714	0.01213	0.01563	0.01554	0.01157	0.01647	0.00961	0.01278	0.00802	0.00462	0.00508	0.00154	0.00616	0.00457	0.00252	0.00793
15	0.00969	0.00912	0.01539	0.80734	0.03534	0.01140	0.01425	0.01311	0.01026	0.01311	0.00912	0.01368	0.00684	0.00513	0.00513	0.00171	0.00684	0.00456	0.00228	0.00570
16	0.01171	0.01314	0.02804	0.02032	0.02494	0.01259	0.68263	0.01566	0.01175	0.01602	0.01127	0.06209	0.00931	0.00528	0.00666	0.00178	0.05096	0.00649	0.00271	0.00668
17	0.01293	0.01346	0.02891	0.02069	0.02579	0.01257	0.71219	0.01708	0.01230	0.07427	0.01112	0.01411	0.00815	0.00448	0.00599	0.00172	0.00833	0.00599	0.00288	0.00706
18	0.01481	0.01533	0.01254	0.01133	0.01415	0.26470	0.00870	0.02509	0.53365	0.01861	0.01673	0.01597	0.01276	0.00643	0.00503	0.00161	0.00572	0.00500	0.00440	0.00743
19	0.00969	0.00912	0.01539	0.80734	0.03534	0.01140	0.01425	0.01311	0.01026	0.01311	0.00912	0.01368	0.00684	0.00513	0.00513	0.00171	0.00684	0.00456	0.00228	0.00570
20	0.00625	0.00447	0.00595	0.00714	0.00744	0.00417	0.00476	0.00714	0.00982	0.01310	0.02828	0.81633	0.03394	0.01608	0.00655	0.00208	0.00298	0.01459	0.00476	0.00417
21	0.00649	0.00473	0.00615	0.00721	0.00765	0.00450	0.00487	0.00791	0.03884	0.01343	0.02866	0.76490	0.05420	0.01565	0.00649	0.00206	0.00301	0.01415	0.00478	0.00432
22	0.00969	0.00912	0.01539	0.80734	0.03534	0.01140	0.01425	0.01311	0.01026	0.01311	0.00912	0.01368	0.00684	0.00513	0.00513	0.00171	0.00684	0.00456	0.00228	0.00570
23	0.01275	0.01300	0.06129	0.03009	0.72721	0.01227	0.01576	0.03554	0.01196	0.01714	0.00970	0.01259	0.00806	0.00463	0.00507	0.00153	0.00616	0.00453	0.00259	0.00811
24	0.00625	0.00447	0.00595	0.00714	0.00744	0.00417	0.00476	0.00714	0.00982	0.01310	0.02828	0.81633	0.03394	0.01608	0.00655	0.00208	0.00298	0.01459	0.00476	0.00417
25	0.01064	0.01009	0.01710	0.56306	0.27222	0.01165	0.01472	0.01394	0.01071	0.01426	0.00929	0.01337	0.00725	0.00495	0.00511	0.00165	0.00661	0.00456	0.00236	0.00646
26	0.06802	0.01104	0.01706	0.01284	0.01692	0.03955	0.23026	0.06586	0.01405	0.40448	0.04024	0.03113	0.01192	0.00593	0.00534	0.00163	0.00577	0.00549	0.00480	0.00770
27	0.01138	0.00962	0.01024	0.00947	0.01194	0.01087	0.00726	0.02291	0.60620	0.01982	0.02421	0.11123	0.08225	0.00846	0.00540	0.00176	0.00377	0.00718	0.02877	0.00727
28	0.00628	0.00507	0.00562	0.00601	0.00734	0.00441	0.00444	0.00755	0.01123	0.01378	0.04413	0.24418	0.53886	0.01386	0.00626	0.00187	0.00285	0.06719	0.00476	0.00432
29	0.01246	0.56540	0.11938	0.00948	0.01371	0.01699	0.00961	0.01557	0.06751	0.01321	0.00929	0.01126	0.00820	0.03591	0.07123	0.00195	0.00632	0.00350	0.00250	0.00654
30	0.01029	0.02654	0.79309	0.01462	0.02221	0.01192	0.01896	0.01625	0.01083	0.01625	0.00921	0.01083	0.00650	0.00487	0.00487	0.00162	0.00758	0.00379	0.00217	0.00758
31	0.00737	0.00534	0.00745	0.00745	0.00809	0.00598	0.00542	0.00865	0.00801	0.01132	0.01447	0.02421	0.01459	0.27414	0.56609	0.00726	0.01110	0.00609	0.00286	0.00414
32	0.01557	0.01012	0.01145	0.00985	0.01303	0.01089	0.00779	0.02584	0.52181	0.25067	0.02186	0.01978	0.04380	0.00701	0.00523	0.00169	0.00410	0.00580	0.00554	0.00816
33	0.08314	0.01060	0.01090	0.00984	0.01270	0.01219	0.00767	0.02513	0.67096	0.02117	0.02147	0.01993	0.05785	0.00711	0.00510	0.00173	0.00397	0.00583	0.00502	0.00769
34	0.00969	0.00912	0.01539	0.80734	0.03534	0.01140	0.01425	0.01311	0.01026	0.01311	0.00912	0.01368	0.00684	0.00513	0.00513	0.00171	0.00684	0.00456	0.00228	0.00570
35	0.00720	0.00524	0.00677	0.00639	0.00763	0.00481	0.00479	0.00956	0.01438	0.02022	0.74642	0.03891	0.08718	0.01062	0.00605	0.00162	0.00243	0.00936	0.00560	0.00481
36	0.85592	0.00992	0.00754	0.00675	0.00992	0.01151	0.00556	0.01508	0.00873	0.02302	0.00714	0.00834	0.00556	0.00476	0.00318	0.00159	0.00397	0.00278	0.00318	0.00556
37	0.01216	0.01370	0.02948	0.02245	0.09066	0.01291	0.70582	0.01638	0.01207	0.01646	0.01032	0.01375	0.00781	0.00435	0.00597	0.00171	0.00844	0.00593	0.00259	0.00702
38	0.01211	0.01384	0.03028	0.02163	0.02682	0.01298	0.76903	0.01644	0.01211	0.01644	0.01038	0.01384	0.00779	0.00433	0.00606	0.00173	0.00865	0.00606	0.00260	0.00692
39	0.02302	0.00873	0.01191	0.00913	0.01310	0.00754	0.00754	0.02501	0.01469	0.79122	0.02024	0.01746	0.01270	0.00635	0.00516	0.00159	0.00437	0.00516	0.00635	0.00873
40	0.00704	0.00518	0.00598	0.00578	0.00720	0.00463	0.00434	0.00901	0.01301	0.01778	0.41471	0.04063	0.33465	0.01099	0.00579	0.00162	0.00249	0.00941	0.09512	0.00463
41	0.00717	0.00524	0.00673	0.00636	0.00761	0.00480	0.00477	0.00951	0.01431	0.02007	0.73025	0.03915	0.10344	0.01068	0.00605	0.00162	0.00243	0.00940	0.00558	0.00480
42	0.00653	0.00467	0.00625	0.00726	0.00774	0.00439	0.00507	0.00772	0.01051	0.01411	0.11126	0.66678	0.03515	0.01530	0.00654	0.00206	0.00306	0.07645	0.00486	0.00429
43	0.00872	0.00538	0.00623	0.00597	0.00733	0.00518	0.00449	0.01152	0.04632	0.03951	0.34970	0.05494	0.08332	0.00878	0.00503	0.00148	0.00256	0.00751	0.34104	0.00501
44	0.01309	0.00638	0.00767	0.00666	0.00894	0.00577	0.00524	0.01533	0.02738	0.27802	0.12645	0.02771	0.18684	0.00825	0.00501	0.00151	0.00314	0.00684	0.25367	0.00608
45	0.01524	0.01193	0.01273	0.01074	0.01404	0.01348	0.00855	0.27056	0.49213	0.04959	0.01798	0.01685	0.01325	0.00666	0.00516	0.00166	0.00456	0.00537	0.02125	0.00828
46	0.01064	0.00912	0.01064	0.00760	0.01216	0.00684	0.00608	0.01292	0.01064	0.01672	0.00912	0.01064	0.00760	0.00380	0.00380	0.00076	0.00380	0.00304	0.00304	0.85104
47	0.64417	0.01105	0.00953	0.00803	0.01144	0.01262	0.00662	0.20634	0.01263	0.02538	0.00845	0.00934	0.00636	0.00512	0.00367	0.00158	0.00439	0.00324	0.00367	0.00636
48	0.01252	0.01201	0.02050	0.07827	0.74230	0.01214	0.01566	0.01559	0.01160	0.01654	0.00962	0.01276	0.00805	0.00461	0.00508	0.00154	0.00614	0.00457	0.00252	0.00798

[dist]
# distance from previous block
# <min> <max>
0	3

[block]
# block no. 4 follows, 48 sequences, length 20
# corresponding to MSA columns:
# 461-480
name=unknown_E
#
# <colnr> <probs for GDERKNQSTAVLIFYWHMCP>
#	G	D	E	R	K	N	Q	S	T	A	V	L	I	F	Y	W	H	M	C	P
0	0.01122	0.00988	0.01107	0.00838	0.01243	0.04212	0.00675	0.04133	0.01126	0.01684	0.01018	0.01356	0.00890	0.00482	0.00468	0.00098	0.04095	0.04912	0.00317	0.69233
1	0.06794	0.05687	0.06618	0.01330	0.01654	0.46162	0.09538	0.06473	0.01361	0.01509	0.00938	0.04757	0.00808	0.00577	0.00523	0.00148	0.03791	0.00424	0.00286	0.00624
2	0.10859	0.03890	0.01261	0.00998	0.01337	0.16359	0.00799	0.10459	0.11068	0.14921	0.02776	0.01304	0.00994	0.00569	0.00509	0.00141	0.04275	0.00413	0.00404	0.16665
3	0.01524	0.01232	0.01213	0.01016	0.01294	0.12129	0.00806	0.31395	0.06678	0.07315	0.16628	0.05519	0.04728	0.00775	0.00576	0.00159	0.03575	0.00614	0.02126	0.00697
4	0.00742	0.00512	0.00635	0.00635	0.00661	0.00538	0.00405	0.00794	0.00768	0.01051	0.01548	0.02977	0.01700	0.59791	0.24562	0.00590	0.00746	0.00690	0.00301	0.00353
5	0.01229	0.01178	0.02010	0.13586	0.68647	0.01208	0.01555	0.01539	0.01149	0.01627	0.00958	0.01283	0.00795	0.00465	0.00509	0.00155	0.00620	0.00457	0.00250	0.00780
6	0.00754	0.00519	0.00661	0.00626	0.00746	0.00483	0.00469	0.00995	0.01407	0.02040	0.69315	0.03603	0.04420	0.00995	0.00576	0.00156	0.00242	0.00874	0.10633	0.00483
7	0.00746	0.00497	0.00560	0.00560	0.00560	0.00497	0.00311	0.00746	0.00746	0.00995	0.01617	0.03358	0.01865	0.81967	0.02612	0.00497	0.00497	0.00746	0.00311	0.00311
8	0.85592	0.00992	0.00754	0.00675	0.00992	0.01151	0.00556	0.01508	0.00873	0.02302	0.00714	0.00834	0.00556	0.00476	0.00318	0.00159	0.00397	0.00278	0.00318	0.00556
9	0.02257	0.00945	0.01235	0.00947	0.01346	0.00861	0.00782	0.12004	0.01589	0.69449	0.01923	0.01681	0.01219	0.00633	0.00516	0.00158	0.00453	0.00509	0.00620	0.00873
10	0.01626	0.01117	0.01828	0.01937	0.28933	0.01097	0.13204	0.06710	0.01343	0.27770	0.03655	0.01514	0.01078	0.00566	0.00596	0.00162	0.05148	0.00515	0.00407	0.00794
11	0.01064	0.00912	0.01064	0.00760	0.01216	0.00684	0.00608	0.01292	0.01064	0.01672	0.00912	0.01064	0.00760	0.00380	0.00380	0.00076	0.00380	0.00304	0.00304	0.85104
12	0.00625	0.00447	0.00595	0.00714	0.00744	0.00417	0.00476	0.00714	0.00982	0.01310	0.02828	0.81633	0.03394	0.01608	0.00655	0.00208	0.00298	0.01459	0.00476	0.00417
13	0.01051	0.07771	0.74384	0.01425	0.02163	0.01246	0.01830	0.01619	0.01081	0.01598	0.00907	0.01067	0.00651	0.00484	0.00477	0.00159	0.00745	0.00372	0.00217	0.00752
14	0.01664	0.30443	0.01871	0.01122	0.01466	0.36087	0.00932	0.10031	0.09007	0.01541	0.00941	0.01021	0.00773	0.00523	0.00427	0.00131	0.00702	0.00350	0.00301	0.00669
15	0.00713	0.00524	0.00668	0.00632	0.00759	0.00479	0.00474	0.00944	0.01422	0.01986	0.70663	0.03951	0.12719	0.01076	0.00605	0.00163	0.00244	0.00945	0.00555	0.00479
16	0.00778	0.00581	0.00710	0.00714	0.00845	0.00526	0.00541	0.00955	0.01343	0.01811	0.41975	0.11485	0.22938	0.01256	0.00654	0.00192	0.00311	0.11337	0.00544	0.00503
17	0.01043	0.00988	0.01673	0.61619	0.22070	0.01159	0.01462	0.01376	0.01061	0.01401	0.00925	0.01344	0.00716	0.00499	0.00512	0.00166	0.00666	0.00456	0.00234	0.00630
18	0.01781	0.04567	0.01625	0.01663	0.17833	0.49789	0.01100	0.09643	0.01480	0.04518	0.00919	0.01057	0.00738	0.00524	0.00475	0.00139	0.00791	0.00376	0.00300	0.00682
19	0.00852	0.00592	0.00762	0.05633	0.01001	0.00625	0.00596	0.07299	0.01101	0.01576	0.02091	0.33013	0.03928	0.01713	0.17283	0.00313	0.00563	0.03127	0.17444	0.00488

[dist]
# distance from previous block
# <min> <max>
0	1

[block]
# block no. 5 follows, 48 sequences, length 14
# corresponding to MSA columns:
# 482-495
name=unknown_F
#
# <colnr> <probs for GDERKNQSTAVLIFYWHMCP>
#	G	D	E	R	K	N	Q	S	T	A	V	L	I	F	Y	W	H	M	C	P
0	0.01120	0.01066	0.01812	0.41762	0.41324	0.01180	0.01500	0.01443	0.01097	0.01494	0.00939	0.01319	0.00749	0.00485	0.00510	0.00162	0.00647	0.00457	0.00241	0.00692
1	0.10718	0.01435	0.01373	0.01109	0.01456	0.16282	0.04468	0.35485	0.04067	0.03973	0.06698	0.01367	0.01116	0.00596	0.00482	0.00147	0.00580	0.00454	0.02886	0.05308
2	0.03616	0.00846	0.00887	0.00855	0.01038	0.08655	0.00686	0.06708	0.02761	0.06835	0.22397	0.07895	0.11060	0.01078	0.00601	0.00183	0.00426	0.22442	0.00486	0.00544
3	0.00648	0.00520	0.00581	0.00581	0.00730	0.00452	0.00437	0.00811	0.01237	0.01571	0.24975	0.08899	0.51446	0.01253	0.00613	0.00174	0.00265	0.03861	0.00500	0.00448
4	0.00735	0.00528	0.00719	0.00825	0.00910	0.00512	0.00657	0.00911	0.01118	0.01471	0.07021	0.35253	0.05684	0.01467	0.00679	0.00219	0.00385	0.39975	0.00479	0.00450
5	0.08454	0.20198	0.33487	0.01333	0.01902	0.01416	0.13822	0.08224	0.01194	0.01734	0.00903	0.01065	0.00688	0.00475	0.00456	0.00149	0.00669	0.00389	0.00262	0.03182
6	0.01189	0.34009	0.41202	0.01402	0.09590	0.01526	0.01461	0.01585	0.01076	0.01465	0.00843	0.00999	0.00670	0.00465	0.00427	0.00141	0.00660	0.00346	0.00222	0.00724
7	0.00625	0.00447	0.00595	0.00714	0.00744	0.00417	0.00476	0.00714	0.00982	0.01310	0.02828	0.81633	0.03394	0.01608	0.00655	0.00208	0.00298	0.01459	0.00476	0.00417
8	0.01080	0.14469	0.67939	0.01376	0.02087	0.01316	0.01745	0.01612	0.01077	0.01563	0.00890	0.01045	0.00651	0.00480	0.00464	0.00155	0.00727	0.00364	0.00217	0.00743
9	0.01799	0.01825	0.09335	0.01258	0.01614	0.31804	0.03332	0.18104	0.03942	0.14453	0.01140	0.01200	0.00837	0.00590	0.00579	0.00153	0.06516	0.00418	0.00378	0.00724
10	0.02164	0.00894	0.01187	0.00933	0.01311	0.00806	0.00772	0.06456	0.03892	0.68022	0.02024	0.01963	0.01357	0.00682	0.00527	0.00164	0.00445	0.04936	0.00615	0.00848
11	0.00625	0.00447	0.00595	0.00714	0.00744	0.00417	0.00476	0.00714	0.00982	0.01310	0.02828	0.81633	0.03394	0.01608	0.00655	0.00208	0.00298	0.01459	0.00476	0.00417
12	0.02152	0.00921	0.01327	0.01018	0.01394	0.00845	0.05282	0.02359	0.01404	0.68920	0.01868	0.01680	0.01198	0.00642	0.00606	0.00164	0.06280	0.00516	0.00583	0.00840
13	0.01234	0.01603	0.23212	0.07441	0.02364	0.01190	0.37892	0.01656	0.01163	0.09407	0.01132	0.03643	0.00857	0.00528	0.00608	0.00172	0.04362	0.00542	0.00288	0.00706

[dist]
# distance from previous block
# <min> <max>
8	27

[block]
# block no. 6 follows, 48 sequences, length 74
# corresponding to MSA columns:
# 532-605
name=unknown_G
#
# <colnr> <probs for GDERKNQSTAVLIFYWHMCP>
#	G	D	E	R	K	N	Q	S	T	A	V	L	I	F	Y	W	H	M	C	P
0	0.01011	0.00887	0.00842	0.00859	0.00985	0.13840	0.00623	0.06210	0.02590	0.04175	0.04421	0.49312	0.06434	0.01272	0.00605	0.00188	0.00432	0.04359	0.00452	0.00505
1	0.01229	0.01005	0.01288	0.01071	0.01248	0.01169	0.04142	0.22912	0.01284	0.01794	0.01154	0.01744	0.01069	0.17623	0.12697	0.00336	0.22554	0.00527	0.00338	0.04816
2	0.01057	0.06157	0.71958	0.01415	0.02136	0.01234	0.01796	0.01676	0.04917	0.01632	0.00970	0.01113	0.00696	0.00496	0.00482	0.00161	0.00731	0.00384	0.00232	0.00757
3	0.00625	0.00447	0.00595	0.00714	0.00744	0.00417	0.00476	0.00714	0.00982	0.01310	0.02828	0.81633	0.03394	0.01608	0.00655	0.00208	0.00298	0.01459	0.00476	0.00417
4	0.01064	0.00912	0.01064	0.00760	0.01216	0.00684	0.00608	0.01292	0.01064	0.01672	0.00912	0.01064	0.00760	0.00380	0.00380	0.00076	0.00380	0.00304	0.00304	0.85104
5	0.02892	0.00913	0.01060	0.00762	0.01213	0.00696	0.00610	0.01324	0.01069	0.03423	0.00933	0.01074	0.00767	0.00388	0.00382	0.00080	0.00382	0.00308	0.00312	0.81414
6	0.00628	0.00449	0.00598	0.00712	0.00745	0.00419	0.00477	0.00723	0.00997	0.01334	0.05243	0.79150	0.03440	0.01590	0.00653	0.00207	0.00296	0.01442	0.00479	0.00419
7	0.00939	0.00785	0.00835	0.00768	0.00969	0.03066	0.00588	0.04775	0.23379	0.01921	0.30109	0.03395	0.24483	0.00984	0.00573	0.00167	0.00328	0.00834	0.00516	0.00584
8	0.00614	0.00519	0.00533	0.00542	0.00707	0.00437	0.00408	0.00746	0.01161	0.01387	0.05011	0.08449	0.72732	0.01317	0.00612	0.00177	0.00268	0.03469	0.00476	0.00434
9	0.01352	0.77643	0.07147	0.00912	0.01370	0.01981	0.00937	0.01542	0.01045	0.01232	0.00725	0.00838	0.00658	0.00442	0.00338	0.00113	0.00561	0.00280	0.00219	0.00664
10	0.85592	0.00992	0.00754	0.00675	0.00992	0.01151	0.00556	0.01508	0.00873	0.02302	0.00714	0.00834	0.00556	0.00476	0.00318	0.00159	0.00397	0.00278	0.00318	0.00556
11	0.00606	0.00520	0.00520	0.00520	0.00693	0.00433	0.00390	0.00736	0.01170	0.01386	0.05198	0.04938	0.78558	0.01299	0.00606	0.00173	0.00260	0.01083	0.00476	0.00433
12	0.01064	0.00912	0.01064	0.00760	0.01216	0.00684	0.00608	0.01292	0.01064	0.01672	0.00912	0.01064	0.00760	0.00380	0.00380	0.00076	0.00380	0.00304	0.00304	0.85104
13	0.01104	0.00921	0.01012	0.00919	0.01156	0.01028	0.00709	0.02176	0.53900	0.02119	0.26034	0.02516	0.02593	0.00807	0.00548	0.00170	0.00355	0.00689	0.00535	0.00709
14	0.01386	0.01120	0.01322	0.00973	0.01416	0.01035	0.04204	0.28261	0.01550	0.02226	0.01032	0.01138	0.00801	0.00466	0.00438	0.00108	0.00468	0.00374	0.00376	0.51305
15	0.00714	0.00521	0.00672	0.00641	0.00761	0.00478	0.00478	0.00943	0.01414	0.01983	0.70579	0.07434	0.09282	0.01090	0.00608	0.00164	0.00246	0.00962	0.00555	0.00478
16	0.01219	0.41757	0.39777	0.01172	0.01761	0.03523	0.01374	0.01592	0.01072	0.01411	0.00816	0.00952	0.00654	0.00465	0.00409	0.00136	0.00659	0.00326	0.00219	0.00705
17	0.01270	0.01219	0.02083	0.03149	0.78767	0.01219	0.01575	0.01575	0.01168	0.01676	0.00965	0.01270	0.00813	0.00457	0.00508	0.00152	0.00610	0.00457	0.00254	0.00813
18	0.00827	0.00591	0.00827	0.00945	0.01063	0.00591	0.00827	0.01063	0.01181	0.01536	0.02717	0.05788	0.02953	0.01417	0.00709	0.00236	0.00472	0.75313	0.00472	0.00472
19	0.01276	0.01102	0.01160	0.01044	0.01334	0.01276	0.00812	0.02727	0.77840	0.02146	0.02088	0.01914	0.01566	0.00696	0.00522	0.00174	0.00406	0.00580	0.00522	0.00812
20	0.01211	0.01384	0.03028	0.02163	0.02682	0.01298	0.76903	0.01644	0.01211	0.01644	0.01038	0.01384	0.00779	0.00433	0.00606	0.00173	0.00865	0.00606	0.00260	0.00692
21	0.02302	0.00873	0.01191	0.00913	0.01310	0.00754	0.00754	0.02501	0.01469	0.79122	0.02024	0.01746	0.01270	0.00635	0.00516	0.00159	0.00437	0.00516	0.00635	0.00873
22	0.01211	0.01384	0.03028	0.02163	0.02682	0.01298	0.76903	0.01644	0.01211	0.01644	0.01038	0.01384	0.00779	0.00433	0.00606	0.00173	0.00865	0.00606	0.00260	0.00692
23	0.00625	0.00447	0.00595	0.00714	0.00744	0.00417	0.00476	0.00714	0.00982	0.01310	0.02828	0.81633	0.03394	0.01608	0.00655	0.00208	0.00298	0.01459	0.00476	0.00417
24	0.00969	0.00912	0.01539	0.80734	0.03534	0.01140	0.01425	0.01311	0.01026	0.01311	0.00912	0.01368	0.00684	0.00513	0.00513	0.00171	0.00684	0.00456	0.00228	0.00570
25	0.02152	0.00956	0.01181	0.00933	0.01306	0.04392	0.00760	0.02468	0.08746	0.66230	0.01965	0.01730	0.01272	0.00635	0.00510	0.00158	0.00451	0.00513	0.02798	0.00844
26	0.00746	0.00497	0.00560	0.00560	0.00560	0.00497	0.00311	0.00746	0.00746	0.00995	0.01617	0.03358	0.01865	0.81967	0.02612	0.00497	0.00497	0.00746	0.00311	0.00311
27	0.00606	0.00520	0.00520	0.00520	0.00693	0.00433	0.00390	0.00736	0.01170	0.01386	0.05198	0.04938	0.78558	0.01299	0.00606	0.00173	0.00260	0.01083	0.00476	0.00433
28	0.01064	0.00912	0.01064	0.00760	0.01216	0.00684	0.00608	0.01292	0.01064	0.01672	0.00912	0.01064	0.00760	0.00380	0.00380	0.00076	0.00380	0.00304	0.00304	0.85104
29	0.00803	0.01358	0.32566	0.01024	0.01364	0.00745	0.01073	0.01111	0.01049	0.01459	0.02184	0.38975	0.06621	0.01121	0.00588	0.00190	0.00495	0.06346	0.00371	0.00560
30	0.00827	0.00591	0.00827	0.00945	0.01063	0.00591	0.00827	0.01063	0.01181	0.01536	0.02717	0.05788	0.02953	0.01417	0.00709	0.00236	0.00472	0.75313	0.00472	0.00472
31	0.00625	0.00447	0.00595	0.00714	0.00744	0.00417	0.00476	0.00714	0.00982	0.01310	0.02828	0.81633	0.03394	0.01608	0.00655	0.00208	0.00298	0.01459	0.00476	0.00417
32	0.01255	0.01204	0.02056	0.07027	0.75007	0.01215	0.01567	0.01562	0.01161	0.01658	0.00962	0.01275	0.00806	0.00460	0.00508	0.00153	0.00613	0.00457	0.00253	0.00801
33	0.00734	0.00547	0.00813	0.00813	0.00901	0.00635	0.00627	0.00909	0.00821	0.01183	0.01385	0.02075	0.01308	0.07272	0.76545	0.00810	0.01336	0.00558	0.00276	0.00452
34	0.01959	0.01424	0.01532	0.01174	0.01585	0.01572	0.00970	0.75345	0.02391	0.04976	0.01250	0.01244	0.00882	0.00616	0.00513	0.00154	0.00562	0.00463	0.00516	0.00873
35	0.01256	0.01079	0.01145	0.01040	0.01322	0.01245	0.00813	0.02651	0.74353	0.02119	0.02117	0.02091	0.01629	0.00729	0.00531	0.00177	0.00409	0.03979	0.00520	0.00797
36	0.81732	0.00971	0.00751	0.00673	0.00982	0.01121	0.00552	0.01484	0.00900	0.02291	0.04252	0.00970	0.00751	0.00502	0.00331	0.00159	0.00390	0.00307	0.00329	0.00552
37	0.00969	0.00912	0.01539	0.80734	0.03534	0.01140	0.01425	0.01311	0.01026	0.01311	0.00912	0.01368	0.00684	0.00513	0.00513	0.00171	0.00684	0.00456	0.00228	0.00570
38	0.75683	0.01045	0.00847	0.00735	0.01063	0.01203	0.00605	0.10458	0.01056	0.02413	0.00776	0.00881	0.00593	0.00493	0.00341	0.00158	0.00417	0.00300	0.00341	0.00593
39	0.01270	0.01219	0.02083	0.03149	0.78767	0.01219	0.01575	0.01575	0.01168	0.01676	0.00965	0.01270	0.00813	0.00457	0.00508	0.00152	0.00610	0.00457	0.00254	0.00813
40	0.01064	0.00912	0.01064	0.00760	0.01216	0.00684	0.00608	0.01292	0.01064	0.01672	0.00912	0.01064	0.00760	0.00380	0.00380	0.00076	0.00380	0.00304	0.00304	0.85104
41	0.85592	0.00992	0.00754	0.00675	0.00992	0.01151	0.00556	0.01508	0.00873	0.02302	0.00714	0.00834	0.00556	0.00476	0.00318	0.00159	0.00397	0.00278	0.00318	0.00556
42	0.00891	0.00446	0.00668	0.00668	0.00668	0.00446	0.00446	0.00668	0.00668	0.00891	0.00891	0.01560	0.00891	0.01783	0.02005	0.85071	0.00446	0.00446	0.00223	0.00223
43	0.85592	0.00992	0.00754	0.00675	0.00992	0.01151	0.00556	0.01508	0.00873	0.02302	0.00714	0.00834	0.00556	0.00476	0.00318	0.00159	0.00397	0.00278	0.00318	0.00556
44	0.01149	0.01096	0.01865	0.34212	0.48646	0.01187	0.01515	0.01469	0.01111	0.01530	0.00944	0.01309	0.00761	0.00480	0.00510	0.00160	0.00639	0.00457	0.00244	0.00716
45	0.01040	0.10449	0.62281	0.01314	0.01977	0.01200	0.01631	0.01546	0.01092	0.01595	0.04355	0.03530	0.00920	0.00535	0.00477	0.00155	0.00684	0.00421	0.00244	0.04557
46	0.01843	0.01583	0.10728	0.01204	0.01648	0.04033	0.01072	0.61003	0.03616	0.06297	0.01232	0.01240	0.00870	0.00600	0.00509	0.00155	0.00591	0.00453	0.00476	0.00849
47	0.01122	0.00821	0.00855	0.00792	0.00999	0.00916	0.00605	0.02013	0.43064	0.01999	0.01898	0.01979	0.01478	0.04348	0.00550	0.00167	0.00342	0.00546	0.34854	0.00653
48	0.01066	0.01011	0.01714	0.55808	0.27705	0.01165	0.01473	0.01396	0.01072	0.01428	0.00929	0.01336	0.00725	0.00495	0.00511	0.00165	0.00660	0.00456	0.00236	0.00648
49	0.01064	0.00912	0.01064	0.00760	0.01216	0.00684	0.00608	0.01292	0.01064	0.01672	0.00912	0.01064	0.00760	0.00380	0.00380	0.00076	0.00380	0.00304	0.00304	0.85104
50	0.00929	0.00768	0.00829	0.00699	0.00969	0.04518	0.00538	0.01120	0.01211	0.04541	0.19743	0.06781	0.23287	0.00863	0.00516	0.00135	0.00341	0.00726	0.00429	0.31056
51	0.00891	0.00446	0.00668	0.00668	0.00668	0.00446	0.00446	0.00668	0.00668	0.00891	0.00891	0.01560	0.00891	0.01783	0.02005	0.85071	0.00446	0.00446	0.00223	0.00223
52	0.00891	0.00446	0.00668	0.00668	0.00668	0.00446	0.00446	0.00668	0.00668	0.00891	0.00891	0.01560	0.00891	0.01783	0.02005	0.85071	0.00446	0.00446	0.00223	0.00223
53	0.01064	0.00912	0.01064	0.00760	0.01216	0.00684	0.00608	0.01292	0.01064	0.01672	0.00912	0.01064	0.00760	0.00380	0.00380	0.00076	0.00380	0.00304	0.00304	0.85104
54	0.04956	0.08688	0.22548	0.01841	0.28042	0.01234	0.03317	0.09440	0.01277	0.04320	0.05051	0.01471	0.04497	0.00554	0.00491	0.00154	0.00597	0.00471	0.00309	0.00745
55	0.01259	0.56092	0.27886	0.01070	0.01614	0.01754	0.01213	0.01566	0.01056	0.01345	0.00782	0.00909	0.00656	0.00455	0.00381	0.00127	0.00618	0.00309	0.00219	0.00691
56	0.00630	0.00477	0.00582	0.00648	0.00731	0.00429	0.00451	0.00748	0.01089	0.01412	0.11525	0.50017	0.26497	0.01455	0.00635	0.00193	0.00280	0.01288	0.00486	0.00429
57	0.01064	0.00912	0.01064	0.00760	0.01216	0.00684	0.00608	0.01292	0.01064	0.01672	0.00912	0.01064	0.00760	0.00380	0.00380	0.00076	0.00380	0.00304	0.00304	0.85104
58	0.00891	0.00446	0.00668	0.00668	0.00668	0.00446	0.00446	0.00668	0.00668	0.00891	0.00891	0.01560	0.00891	0.01783	0.02005	0.85071	0.00446	0.00446	0.00223	0.00223
59	0.02248	0.00899	0.01283	0.00975	0.01378	0.00781	0.04560	0.02458	0.01456	0.75250	0.01975	0.01728	0.01246	0.00625	0.00520	0.00159	0.00458	0.00520	0.00616	0.00864
60	0.01917	0.02445	0.01454	0.01322	0.01586	0.79907	0.00991	0.02049	0.01454	0.01256	0.00793	0.00925	0.00661	0.00529	0.00463	0.00132	0.00925	0.00330	0.00264	0.00595
61	0.00726	0.00524	0.00686	0.00646	0.00767	0.00484	0.00484	0.00968	0.01452	0.02058	0.78496	0.03833	0.04841	0.01049	0.00605	0.00161	0.00242	0.00928	0.00565	0.00484
62	0.00969	0.00912	0.01539	0.80734	0.03534	0.01140	0.01425	0.01311	0.01026	0.01311	0.00912	0.01368	0.00684	0.00513	0.00513	0.00171	0.00684	0.00456	0.00228	0.00570
63	0.01570	0.01151	0.01299	0.01101	0.01412	0.01253	0.00925	0.51336	0.01996	0.02659	0.01734	0.02774	0.01577	0.00887	0.00579	0.00182	0.00533	0.25795	0.00499	0.00737
64	0.01372	0.82276	0.02689	0.00878	0.01317	0.02030	0.00878	0.01536	0.01043	0.01207	0.00713	0.00823	0.00658	0.00439	0.00329	0.00110	0.00549	0.00274	0.00219	0.00658
65	0.01409	0.00671	0.00891	0.00751	0.00990	0.00599	0.00593	0.01632	0.01441	0.34879	0.42080	0.02848	0.03144	0.00850	0.00555	0.00158	0.00325	0.00730	0.04805	0.00650
66	0.00969	0.00912	0.01539	0.80734	0.03534	0.01140	0.01425	0.01311	0.01026	0.01311	0.00912	0.01368	0.00684	0.00513	0.00513	0.00171	0.00684	0.00456	0.00228	0.00570
67	0.01608	0.01267	0.01347	0.01111	0.01461	0.01431	0.00892	0.39261	0.40765	0.02681	0.01667	0.01579	0.01225	0.00657	0.00518	0.00164	0.00484	0.00522	0.00518	0.00842
68	0.01073	0.12408	0.66420	0.01360	0.02065	0.01273	0.01714	0.01599	0.01077	0.01575	0.00895	0.01050	0.00656	0.00477	0.00463	0.00152	0.00716	0.00363	0.00221	0.04443
69	0.01146	0.29705	0.53278	0.01264	0.01914	0.01477	0.01550	0.01595	0.01069	0.01483	0.00850	0.00995	0.00653	0.00471	0.00434	0.00145	0.00687	0.00344	0.00218	0.00724
70	0.01174	0.16349	0.30568	0.01679	0.02270	0.01391	0.36130	0.01618	0.01135	0.01559	0.00937	0.01175	0.00710	0.00454	0.00513	0.00158	0.00770	0.00464	0.00237	0.00710
71	0.01270	0.01219	0.02083	0.03149	0.78767	0.01219	0.01575	0.01575	0.01168	0.01676	0.00965	0.01270	0.00813	0.00457	0.00508	0.00152	0.00610	0.00457	0.00254	0.00813
72	0.01266	0.01330	0.02800	0.04120	0.10651	0.01258	0.63320	0.01671	0.01215	0.05511	0.01077	0.01390	0.00804	0.00447	0.00589	0.00170	0.00812	0.00582	0.00277	0.00711
73	0.01146	0.01152	0.04396	0.32702	0.45591	0.01190	0.03476	0.01477	0.01112	0.01534	0.00945	0.01304	0.00757	0.00479	0.00512	0.00160	0.00649	0.00458	0.00243	0.00715

[dist]
# distance from previous block
# <min> <max>
0	8

[block]
# block no. 7 follows, 48 sequences, length 8
# corresponding to MSA columns:
# 634-641
name=unknown_H
#
# <colnr> <probs for GDERKNQSTAVLIFYWHMCP>
#	G	D	E	R	K	N	Q	S	T	A	V	L	I	F	Y	W	H	M	C	P
0	0.00737	0.00544	0.00702	0.00717	0.00846	0.00508	0.00574	0.00959	0.01323	0.01787	0.43152	0.04615	0.16397	0.01203	0.00637	0.00186	0.00316	0.23802	0.00522	0.00472
1	0.01590	0.01429	0.01268	0.01093	0.01365	0.21075	0.00847	0.37849	0.01791	0.02224	0.01544	0.22478	0.01488	0.00857	0.00538	0.00163	0.00585	0.00693	0.00441	0.00681
2	0.00821	0.00446	0.00649	0.00681	0.00689	0.00438	0.00454	0.00681	0.00752	0.01002	0.01405	0.22797	0.01555	0.01736	0.01647	0.62564	0.00406	0.00714	0.00290	0.00274
3	0.01269	0.01032	0.01086	0.00940	0.01229	0.01132	0.00741	0.20987	0.38440	0.02220	0.02697	0.02544	0.21811	0.00836	0.00542	0.00169	0.00407	0.00684	0.00508	0.00727
4	0.01271	0.01179	0.04321	0.01217	0.01433	0.04171	0.11832	0.20374	0.01284	0.01750	0.01131	0.01772	0.01054	0.22232	0.01389	0.00266	0.21850	0.00547	0.00327	0.00601
5	0.01459	0.00672	0.00905	0.00793	0.01023	0.00596	0.00612	0.01640	0.01336	0.39005	0.21567	0.23461	0.02736	0.00998	0.00575	0.00173	0.00351	0.00870	0.00575	0.00654
6	0.00651	0.00466	0.00618	0.00697	0.00750	0.00434	0.00478	0.00779	0.01101	0.01499	0.21954	0.61967	0.03760	0.01466	0.00642	0.00197	0.00284	0.01325	0.00499	0.00434
7	0.00964	0.00845	0.01200	0.39373	0.02245	0.00993	0.01023	0.01536	0.21387	0.01532	0.01708	0.21801	0.01603	0.00838	0.00551	0.00181	0.00513	0.00742	0.00369	0.00595

[dist]
# distance from previous block
# <min> <max>
0	1

[block]
# block no. 8 follows, 48 sequences, length 18
# corresponding to MSA columns:
# 643-660
name=unknown_I
#
# <colnr> <probs for GDERKNQSTAVLIFYWHMCP>
#	G	D	E	R	K	N	Q	S	T	A	V	L	I	F	Y	W	H	M	C	P
0	0.17677	0.00979	0.01363	0.06848	0.05291	0.01083	0.12838	0.01705	0.22073	0.01775	0.01335	0.01573	0.01073	0.01378	0.20443	0.00333	0.00750	0.00502	0.00344	0.00637
1	0.00647	0.00497	0.00558	0.00585	0.00685	0.00445	0.00403	0.00749	0.01059	0.01338	0.09098	0.23815	0.39376	0.17212	0.01013	0.00245	0.00315	0.01100	0.00450	0.00409
2	0.00937	0.00703	0.00812	0.00719	0.00910	0.00689	0.00557	0.15863	0.01570	0.02120	0.44899	0.03599	0.22580	0.01027	0.00587	0.00163	0.00310	0.00875	0.00533	0.00548
3	0.00876	0.00789	0.01183	0.03788	0.17671	0.02922	0.06200	0.01079	0.01058	0.01411	0.03894	0.17998	0.16164	0.01708	0.20516	0.00338	0.00696	0.00812	0.00351	0.00545
4	0.01389	0.01587	0.01128	0.01108	0.01289	0.44361	0.00849	0.01539	0.01293	0.01337	0.01676	0.18007	0.01774	0.00964	0.00562	0.00173	0.00688	0.19388	0.00358	0.00529
5	0.17589	0.00579	0.00532	0.00517	0.00675	0.00610	0.00397	0.01257	0.01036	0.01989	0.01485	0.01701	0.01166	0.00574	0.00351	0.00127	0.00270	0.00439	0.68210	0.00493
6	0.00681	0.00518	0.00707	0.00737	0.00829	0.00544	0.00550	0.00830	0.00932	0.01259	0.02491	0.22590	0.16999	0.02784	0.44429	0.00542	0.00885	0.00883	0.00365	0.00443
7	0.01243	0.01055	0.01517	0.03900	0.35677	0.01097	0.01116	0.17213	0.06816	0.01934	0.01567	0.21498	0.01524	0.00798	0.00547	0.00169	0.00509	0.00718	0.00382	0.00720
8	0.00820	0.00728	0.01114	0.00974	0.01119	0.00803	0.09869	0.00998	0.00947	0.01290	0.02201	0.02616	0.20575	0.07000	0.33779	0.00470	0.13204	0.00687	0.00318	0.00487
9	0.01485	0.01517	0.01536	0.01308	0.01455	0.21254	0.01061	0.16340	0.01273	0.01633	0.00813	0.01095	0.00709	0.00750	0.01147	0.00187	0.45093	0.00422	0.00291	0.00631
10	0.47874	0.01250	0.00899	0.00845	0.01093	0.20791	0.00650	0.01488	0.01041	0.01844	0.01150	0.16735	0.01140	0.00712	0.00420	0.00162	0.00510	0.00523	0.00335	0.00538
11	0.00959	0.00954	0.01713	0.45233	0.02762	0.01041	0.20182	0.01282	0.01101	0.01409	0.01786	0.02074	0.16011	0.00647	0.00555	0.00172	0.00646	0.00617	0.00285	0.00574
12	0.01151	0.05434	0.40896	0.01221	0.01729	0.01169	0.01354	0.16267	0.01278	0.01814	0.01087	0.01335	0.00853	0.01355	0.20443	0.00325	0.00866	0.00434	0.00290	0.00701
13	0.01160	0.56072	0.07597	0.00878	0.01237	0.01565	0.00849	0.01336	0.01030	0.01263	0.01259	0.21142	0.01345	0.00736	0.00422	0.00138	0.00501	0.00579	0.00284	0.00605
14	0.00676	0.00483	0.00654	0.00772	0.00824	0.00460	0.00564	0.00802	0.01032	0.01367	0.02800	0.62580	0.03283	0.01560	0.00668	0.00215	0.00342	0.20012	0.00475	0.00431
15	0.00715	0.00462	0.00572	0.00657	0.00717	0.00439	0.00456	0.00848	0.01018	0.01471	0.02607	0.56645	0.05153	0.01338	0.00581	0.00186	0.00288	0.03750	0.21663	0.00435
16	0.01022	0.06626	0.01090	0.00873	0.01124	0.03071	0.00685	0.01513	0.20313	0.01596	0.01748	0.17433	0.02875	0.01194	0.10154	0.00232	0.02739	0.03234	0.00388	0.22087
17	0.02789	0.04749	0.07247	0.02328	0.21669	0.01666	0.01539	0.02706	0.04467	0.30157	0.04885	0.04412	0.04449	0.01425	0.01043	0.00386	0.00921	0.00915	0.00845	0.01402

[dist]
# distance from previous block
# <min> <max>
0	2

[block]
# block no. 9 follows, 48 sequences, length 6
# corresponding to MSA columns:
# 663-668
name=unknown_J
#
# <colnr> <probs for GDERKNQSTAVLIFYWHMCP>
#	G	D	E	R	K	N	Q	S	T	A	V	L	I	F	Y	W	H	M	C	P
0	0.00885	0.00755	0.00673	0.00655	0.00708	0.10896	0.00408	0.00916	0.00882	0.01069	0.01873	0.03200	0.09506	0.63093	0.02126	0.00417	0.00529	0.00726	0.00322	0.00361
1	0.05959	0.04654	0.19179	0.01154	0.01555	0.24267	0.01075	0.10371	0.07581	0.08712	0.01427	0.05274	0.05322	0.00642	0.00489	0.00154	0.00651	0.00486	0.00359	0.00689
2	0.01281	0.30242	0.25192	0.01111	0.01584	0.04345	0.01168	0.11997	0.04366	0.01651	0.00993	0.01162	0.00805	0.00939	0.10846	0.00229	0.00730	0.00382	0.00281	0.00696
3	0.09899	0.23344	0.10268	0.01520	0.11804	0.05820	0.14692	0.05564	0.05208	0.01661	0.00928	0.01111	0.00749	0.00501	0.00516	0.00150	0.04887	0.00407	0.00275	0.00695
4	0.01202	0.22579	0.08541	0.01324	0.05929	0.01387	0.13875	0.05285	0.12981	0.01617	0.03979	0.01437	0.01074	0.00986	0.10954	0.00241	0.05146	0.00476	0.00309	0.00677
5	0.01163	0.19639	0.09206	0.00988	0.02951	0.01143	0.05244	0.06950	0.08592	0.04601	0.10656	0.02079	0.12574	0.00688	0.00481	0.00144	0.00466	0.00565	0.05132	0.06739

[dist]
# distance from previous block
# <min> <max>
7	200

[block]
# block no. 10 follows, 48 sequences, length 14
# corresponding to MSA columns:
# 934-947
name=unknown_K
#
# <colnr> <probs for GDERKNQSTAVLIFYWHMCP>
#	G	D	E	R	K	N	Q	S	T	A	V	L	I	F	Y	W	H	M	C	P
0	0.01685	0.01698	0.01587	0.01309	0.01651	0.28680	0.09725	0.23694	0.20799	0.02091	0.01271	0.01314	0.00962	0.00584	0.00509	0.00154	0.00685	0.00462	0.00400	0.00740
1	0.01917	0.02445	0.01454	0.01322	0.01586	0.79907	0.00991	0.02049	0.01454	0.01256	0.00793	0.00925	0.00661	0.00529	0.00463	0.00132	0.00925	0.00330	0.00264	0.00595
2	0.01234	0.00907	0.01081	0.00781	0.01229	0.00694	0.00628	0.01458	0.01120	0.12302	0.01065	0.01158	0.00830	0.00415	0.00399	0.00087	0.00388	0.00333	0.00349	0.73543
3	0.01372	0.82276	0.02689	0.00878	0.01317	0.02030	0.00878	0.01536	0.01043	0.01207	0.00713	0.00823	0.00658	0.00439	0.00329	0.00110	0.00549	0.00274	0.00219	0.00658
4	0.85592	0.00992	0.00754	0.00675	0.00992	0.01151	0.00556	0.01508	0.00873	0.02302	0.00714	0.00834	0.00556	0.00476	0.00318	0.00159	0.00397	0.00278	0.00318	0.00556
5	0.01381	0.01154	0.01219	0.01065	0.01374	0.01325	0.00837	0.14235	0.66162	0.02315	0.01956	0.01809	0.01459	0.00684	0.00521	0.00171	0.00431	0.00562	0.00521	0.00822
