[name]
unknown

[dist]
# distance from previous block
# <min> <max>
0	200

[block]
# block no. 0 follows, 51 sequences, length 63
# corresponding to MSA columns:
# 213-275
name=unknown_A
#
# <colnr> <probs for GDERKNQSTAVLIFYWHMCP>
#	G	D	E	R	K	N	Q	S	T	A	V	L	I	F	Y	W	H	M	C	P
0	0.15207	0.03615	0.06257	0.02630	0.03160	0.05842	0.00806	0.12316	0.17302	0.08982	0.03734	0.07188	0.02330	0.03494	0.03282	0.00189	0.00500	0.02109	0.00404	0.00651
1	0.01557	0.15267	0.02766	0.02603	0.10398	0.36161	0.04797	0.12262	0.01360	0.01524	0.00862	0.01030	0.00711	0.00645	0.04187	0.00164	0.02423	0.00366	0.00276	0.00640
2	0.05577	0.00597	0.00723	0.03640	0.00917	0.00614	0.00544	0.02704	0.10223	0.03351	0.12341	0.39888	0.05728	0.06791	0.02538	0.00215	0.00356	0.02325	0.00444	0.00480
3	0.65476	0.00976	0.03026	0.04447	0.01115	0.01070	0.00628	0.05317	0.03170	0.02163	0.07856	0.01136	0.00953	0.00520	0.00357	0.00153	0.00398	0.00350	0.00334	0.00554
4	0.00715	0.00476	0.00536	0.00536	0.00536	0.00476	0.00298	0.00715	0.00715	0.00953	0.01548	0.03216	0.01787	0.82729	0.02501	0.00476	0.00476	0.00715	0.00298	0.00298
5	0.00705	0.00515	0.00610	0.00629	0.00747	0.00474	0.00467	0.00867	0.03886	0.03263	0.12531	0.19458	0.33920	0.05950	0.00780	0.04980	0.00308	0.09033	0.00448	0.00427
6	0.01152	0.14436	0.01705	0.01218	0.01329	0.01550	0.03164	0.04802	0.00883	0.01288	0.00691	0.01039	0.00656	0.00752	0.01290	0.00189	0.60590	0.00404	0.00230	0.02632
7	0.26802	0.00870	0.01018	0.00808	0.01165	0.00834	0.00667	0.02117	0.01240	0.57222	0.01571	0.01417	0.01016	0.00564	0.00439	0.00152	0.00407	0.00427	0.00519	0.00747
8	0.00709	0.00474	0.00538	0.00543	0.00544	0.00473	0.00305	0.00713	0.00725	0.00967	0.01602	0.06885	0.01854	0.78968	0.02414	0.00464	0.00468	0.00746	0.00305	0.00302
9	0.00769	0.00549	0.00679	0.00647	0.00778	0.00520	0.00481	0.02636	0.05286	0.04216	0.50761	0.12985	0.13358	0.03349	0.00631	0.00171	0.00268	0.00924	0.00512	0.00481
10	0.04485	0.00914	0.01197	0.00971	0.03959	0.00841	0.00768	0.11130	0.01486	0.66204	0.01781	0.01575	0.01138	0.00596	0.00488	0.00151	0.00437	0.00480	0.00574	0.00826
11	0.01971	0.01211	0.01373	0.01052	0.01442	0.01279	0.00869	0.54887	0.02034	0.26626	0.01412	0.01331	0.00952	0.00596	0.00492	0.00149	0.00503	0.00458	0.00527	0.00836
12	0.00644	0.00478	0.00567	0.00606	0.00695	0.00436	0.00432	0.00740	0.01010	0.01288	0.08303	0.25946	0.31996	0.12761	0.00934	0.04186	0.00316	0.07843	0.00428	0.00391
13	0.01753	0.01305	0.01406	0.01107	0.01475	0.01446	0.00912	0.67170	0.09141	0.02918	0.01329	0.01469	0.01001	0.00637	0.00502	0.00153	0.00522	0.04453	0.00490	0.00810
14	0.00696	0.00505	0.00657	0.00627	0.00745	0.00467	0.00476	0.00924	0.01369	0.01924	0.73153	0.03796	0.07261	0.01030	0.00584	0.00158	0.00243	0.04390	0.00534	0.00461
15	0.00594	0.00498	0.00517	0.00512	0.00672	0.00421	0.00384	0.00731	0.01152	0.01403	0.13766	0.04604	0.70630	0.01216	0.00581	0.00165	0.00247	0.01020	0.00466	0.00421
16	0.00603	0.00491	0.00534	0.00540	0.00682	0.00422	0.00399	0.00743	0.01150	0.01436	0.18182	0.12987	0.57652	0.01233	0.00586	0.00168	0.00250	0.01049	0.00472	0.00422
17	0.00681	0.00492	0.00635	0.00618	0.00720	0.00455	0.00452	0.00881	0.01298	0.01817	0.64170	0.13004	0.07054	0.04716	0.00671	0.00175	0.00250	0.00946	0.00517	0.00447
18	0.01852	0.01304	0.01418	0.01098	0.01482	0.01430	0.00904	0.65725	0.07789	0.09954	0.01308	0.01272	0.00918	0.00597	0.00492	0.00149	0.00519	0.00455	0.00503	0.00832
19	0.00986	0.02542	0.80183	0.01401	0.02127	0.01141	0.01816	0.01556	0.01038	0.01556	0.00882	0.01038	0.00623	0.00467	0.00467	0.00156	0.00726	0.00363	0.00208	0.00726
20	0.00595	0.00441	0.00557	0.00649	0.00704	0.00402	0.00441	0.00688	0.00974	0.01268	0.03134	0.67860	0.17525	0.01484	0.00619	0.00193	0.00278	0.01330	0.00456	0.00402
21	0.86201	0.00950	0.00722	0.00646	0.00950	0.01102	0.00532	0.01445	0.00836	0.02205	0.00684	0.00798	0.00532	0.00456	0.00304	0.00152	0.00380	0.00266	0.00304	0.00532
22	0.01314	0.83025	0.02575	0.00841	0.01261	0.01945	0.00841	0.01472	0.00999	0.01156	0.00683	0.00788	0.00631	0.00420	0.00315	0.00105	0.00526	0.00263	0.00210	0.00631
23	0.01190	0.01141	0.01948	0.10095	0.72788	0.01161	0.01495	0.01485	0.01107	0.01574	0.00920	0.01225	0.00767	0.00443	0.00487	0.00148	0.00590	0.00438	0.00241	0.00757
24	0.01222	0.01056	0.01111	0.01000	0.01278	0.01222	0.00778	0.02611	0.78776	0.02056	0.02000	0.01833	0.01500	0.00667	0.00500	0.00167	0.00389	0.00556	0.00500	0.00778
25	0.00715	0.00476	0.00536	0.00536	0.00536	0.00476	0.00298	0.00715	0.00715	0.00953	0.01548	0.03216	0.01787	0.82729	0.02501	0.00476	0.00476	0.00715	0.00298	0.00298
26	0.00715	0.00476	0.00536	0.00536	0.00536	0.00476	0.00298	0.00715	0.00715	0.00953	0.01548	0.03216	0.01787	0.82729	0.02501	0.00476	0.00476	0.00715	0.00298	0.00298
27	0.00581	0.00498	0.00498	0.00498	0.00664	0.00415	0.00373	0.00705	0.01120	0.01328	0.04978	0.04729	0.79464	0.01245	0.00581	0.00166	0.00249	0.01037	0.00456	0.00415
28	0.02205	0.00836	0.01140	0.00874	0.01254	0.00722	0.00722	0.02395	0.01407	0.80004	0.01939	0.01673	0.01216	0.00608	0.00494	0.00152	0.00418	0.00494	0.00608	0.00836
29	0.02168	0.00825	0.01121	0.00862	0.01235	0.00715	0.00711	0.02359	0.01396	0.77740	0.01929	0.01677	0.01218	0.00607	0.00490	0.00151	0.00413	0.00493	0.03066	0.00825
30	0.00591	0.00498	0.00512	0.00509	0.00670	0.00419	0.00382	0.00725	0.01145	0.01386	0.11687	0.04634	0.72720	0.01223	0.00581	0.00165	0.00247	0.01024	0.00464	0.00419
31	0.00748	0.00533	0.00736	0.00845	0.00936	0.00527	0.00703	0.00936	0.01076	0.01407	0.02589	0.21947	0.02883	0.04179	0.00730	0.00229	0.00417	0.57695	0.00448	0.00436
32	0.02182	0.00873	0.01163	0.00892	0.01273	0.00776	0.00737	0.07479	0.01467	0.74834	0.01888	0.01640	0.01191	0.00607	0.00494	0.00152	0.00426	0.00491	0.00600	0.00836
33	0.00783	0.00560	0.00780	0.00879	0.00993	0.00556	0.00762	0.01010	0.01155	0.01516	0.09525	0.05375	0.02991	0.01326	0.00670	0.00220	0.00433	0.69554	0.00460	0.00454
34	0.01035	0.00979	0.01638	0.52348	0.29082	0.01122	0.01394	0.01386	0.03609	0.01400	0.00928	0.01296	0.00725	0.00479	0.00490	0.00158	0.00622	0.00441	0.00236	0.00632
35	0.00976	0.00900	0.01263	0.01116	0.01159	0.01205	0.00915	0.03628	0.00817	0.01232	0.00889	0.01367	0.00848	0.01804	0.28264	0.00407	0.51993	0.00463	0.00240	0.00514
36	0.01512	0.01316	0.01230	0.00961	0.01343	0.17756	0.00766	0.22260	0.01477	0.07938	0.01014	0.01085	0.00775	0.00474	0.00425	0.00110	0.00526	0.00353	0.00362	0.38317
37	0.00928	0.00873	0.01474	0.81548	0.03385	0.01092	0.01365	0.01256	0.00983	0.01256	0.00873	0.01310	0.00655	0.00491	0.00491	0.00164	0.00655	0.00437	0.00218	0.00546
38	0.00703	0.00524	0.00652	0.00712	0.00789	0.00514	0.00497	0.03516	0.07709	0.01450	0.09217	0.62404	0.06695	0.01373	0.00605	0.00190	0.00297	0.01232	0.00468	0.00453
39	0.01129	0.00868	0.00956	0.00858	0.01098	0.00941	0.00665	0.04740	0.44996	0.07755	0.15236	0.05141	0.11886	0.00818	0.00527	0.00164	0.00349	0.00691	0.00508	0.00674
40	0.00690	0.00502	0.00649	0.00612	0.00731	0.00461	0.00459	0.00916	0.01378	0.01939	0.75758	0.03723	0.08303	0.01016	0.00580	0.00155	0.00233	0.00896	0.00537	0.00461
41	0.00688	0.00465	0.00544	0.00569	0.00576	0.00459	0.00334	0.00708	0.00766	0.01021	0.01811	0.21114	0.02117	0.64380	0.02078	0.00414	0.00433	0.00869	0.00334	0.00321
42	0.13736	0.00780	0.00900	0.00788	0.01040	0.00778	0.00620	0.06545	0.09795	0.26960	0.08952	0.16008	0.07792	0.00852	0.00508	0.00164	0.00366	0.02283	0.00497	0.00637
43	0.86201	0.00950	0.00722	0.00646	0.00950	0.01102	0.00532	0.01445	0.00836	0.02205	0.00684	0.00798	0.00532	0.00456	0.00304	0.00152	0.00380	0.00266	0.00304	0.00532
44	0.02111	0.00880	0.01299	0.00982	0.01373	0.00769	0.07677	0.02321	0.01384	0.72935	0.01854	0.01641	0.01174	0.00591	0.00502	0.00153	0.00455	0.00502	0.00576	0.00821
45	0.00690	0.00523	0.00623	0.00668	0.00808	0.00474	0.00539	0.00850	0.01115	0.02866	0.03874	0.11114	0.43989	0.01297	0.00619	0.00190	0.00329	0.28537	0.00458	0.00435
46	0.08039	0.00850	0.00976	0.00853	0.01092	0.00878	0.00659	0.19953	0.08670	0.19309	0.01886	0.27002	0.01766	0.04969	0.00621	0.00183	0.00403	0.00765	0.00483	0.00642
47	0.02205	0.00836	0.01140	0.00874	0.01254	0.00722	0.00722	0.02395	0.01407	0.80004	0.01939	0.01673	0.01216	0.00608	0.00494	0.00152	0.00418	0.00494	0.00608	0.00836
48	0.00649	0.00509	0.00780	0.00809	0.00880	0.00475	0.07435	0.00764	0.00961	0.01283	0.02554	0.75100	0.03025	0.01438	0.00623	0.00197	0.00334	0.01323	0.00437	0.00423
49	0.26059	0.00875	0.00973	0.00799	0.01125	0.00879	0.00651	0.03732	0.09817	0.40103	0.05079	0.01662	0.04955	0.00618	0.00448	0.00154	0.00391	0.00478	0.00496	0.00706
50	0.00770	0.00488	0.00624	0.00657	0.00739	0.00449	0.00455	0.00880	0.01039	0.08430	0.14139	0.46913	0.09960	0.11075	0.00828	0.00219	0.00309	0.01126	0.00464	0.00437
51	0.00792	0.00566	0.00792	0.00905	0.01018	0.00566	0.00792	0.01018	0.01131	0.01471	0.02602	0.05543	0.02828	0.01358	0.00679	0.00226	0.00453	0.76356	0.00453	0.00453
52	0.01222	0.01056	0.01111	0.01000	0.01278	0.01222	0.00778	0.02611	0.78776	0.02056	0.02000	0.01833	0.01500	0.00667	0.00500	0.00167	0.00389	0.00556	0.00500	0.00778
53	0.00718	0.00487	0.00562	0.00549	0.00666	0.00450	0.00403	0.00904	0.01183	0.01695	0.35896	0.05905	0.21353	0.06482	0.00655	0.00171	0.00253	0.00827	0.20405	0.00438
54	0.00743	0.00466	0.00620	0.00697	0.00760	0.00429	0.00478	0.00839	0.00987	0.08354	0.02693	0.73276	0.04888	0.01449	0.00614	0.00194	0.00296	0.01307	0.00470	0.00439
55	0.01868	0.01376	0.01475	0.01131	0.01524	0.01524	0.00934	0.78025	0.02311	0.03097	0.01180	0.01180	0.00836	0.00590	0.00492	0.00147	0.00541	0.00442	0.00492	0.00836
56	0.01170	0.00605	0.00801	0.00693	0.00891	0.00544	0.00540	0.01389	0.01386	0.26165	0.53190	0.02999	0.03481	0.00870	0.00546	0.00153	0.00290	0.00754	0.02954	0.00579
57	0.02970	0.00531	0.00667	0.00662	0.00775	0.00498	0.00476	0.01051	0.01087	0.12951	0.18496	0.30706	0.05024	0.12588	0.00834	0.00215	0.00323	0.03239	0.06436	0.00472
58	0.00686	0.00468	0.00563	0.00598	0.00616	0.00459	0.00372	0.00729	0.00822	0.01099	0.04739	0.25132	0.02345	0.53329	0.01824	0.00376	0.00414	0.04731	0.00358	0.00339
59	0.86201	0.00950	0.00722	0.00646	0.00950	0.01102	0.00532	0.01445	0.00836	0.02205	0.00684	0.00798	0.00532	0.00456	0.00304	0.00152	0.00380	0.00266	0.00304	0.00532
60	0.00760	0.00524	0.00747	0.00759	0.00822	0.00573	0.00579	0.00840	0.00830	0.01143	0.03343	0.04157	0.03016	0.10276	0.35023	0.18845	0.03748	0.13334	0.00300	0.00382
61	0.01848	0.00758	0.01010	0.00803	0.01124	0.00658	0.00650	0.02029	0.01351	0.62137	0.08798	0.03682	0.09410	0.02711	0.00561	0.00162	0.00384	0.00604	0.00577	0.00741
62	0.01651	0.00918	0.01093	0.00915	0.01228	0.00942	0.00728	0.02400	0.37736	0.38557	0.04472	0.01858	0.01477	0.03028	0.00558	0.00168	0.00400	0.00542	0.00546	0.00781

[dist]
# distance from previous block
# <min> <max>
0	1

[block]
# block no. 1 follows, 51 sequences, length 28
# corresponding to MSA columns:
# 277-304
name=unknown_B
#
# <colnr> <probs for GDERKNQSTAVLIFYWHMCP>
#	G	D	E	R	K	N	Q	S	T	A	V	L	I	F	Y	W	H	M	C	P
0	0.01180	0.01063	0.01228	0.01097	0.03009	0.04415	0.05260	0.04242	0.50491	0.01922	0.11008	0.01954	0.01716	0.00706	0.00603	0.00167	0.06953	0.01833	0.00451	0.00702
1	0.00642	0.00491	0.00557	0.00554	0.00663	0.00443	0.00391	0.00768	0.01091	0.01412	0.23618	0.08766	0.37818	0.17927	0.02514	0.00241	0.00314	0.00944	0.00442	0.00403
2	0.00585	0.00498	0.00504	0.00502	0.00666	0.00417	0.00377	0.00713	0.01130	0.01351	0.07690	0.04691	0.76738	0.01236	0.00581	0.00166	0.00248	0.01032	0.00459	0.00417
3	0.01019	0.00873	0.01019	0.00728	0.01165	0.00655	0.00582	0.01237	0.01019	0.01601	0.00873	0.01019	0.00728	0.00364	0.00364	0.00073	0.00364	0.00291	0.00291	0.85734
4	0.00975	0.00909	0.01489	0.67996	0.09105	0.01087	0.01318	0.02643	0.01015	0.01334	0.00879	0.01280	0.00672	0.00488	0.00502	0.00158	0.01987	0.00428	0.00229	0.05506
5	0.01080	0.00683	0.00923	0.00958	0.09542	0.00658	0.00647	0.05765	0.02397	0.14527	0.25152	0.02658	0.14097	0.01183	0.07138	0.10486	0.00435	0.00681	0.00441	0.00547
6	0.00689	0.00513	0.00727	0.00727	0.00816	0.00561	0.00552	0.00856	0.00907	0.01277	0.13794	0.06755	0.06432	0.07113	0.55256	0.00607	0.00986	0.00669	0.00330	0.00432
7	0.01172	0.01005	0.01068	0.00975	0.01233	0.01156	0.00752	0.02457	0.72538	0.01992	0.02057	0.08292	0.01640	0.00737	0.00510	0.00169	0.00381	0.00623	0.00497	0.00747
8	0.00795	0.00650	0.00927	0.05523	0.01040	0.00799	0.00690	0.00930	0.00778	0.01119	0.01198	0.01974	0.01186	0.18664	0.44171	0.00572	0.17751	0.00539	0.00258	0.00437
9	0.00714	0.00518	0.00778	0.00778	0.00858	0.00599	0.00599	0.00858	0.00778	0.01118	0.01279	0.01895	0.01198	0.03526	0.74420	0.07640	0.01245	0.00518	0.00259	0.00421
10	0.04129	0.00526	0.00592	0.00574	0.00726	0.00470	0.00431	0.00876	0.01202	0.04607	0.30610	0.09518	0.41728	0.01125	0.00569	0.00163	0.00257	0.00958	0.00486	0.00452
11	0.01815	0.01325	0.01418	0.01093	0.01471	0.01465	0.00901	0.73747	0.02239	0.03027	0.01203	0.01216	0.00859	0.00589	0.00483	0.00146	0.00523	0.00443	0.05220	0.00815
12	0.01121	0.00909	0.00975	0.00872	0.01120	0.01002	0.00679	0.07626	0.48652	0.03476	0.12100	0.02434	0.13159	0.00784	0.00517	0.00162	0.00356	0.00655	0.02717	0.00683
13	0.12254	0.00774	0.00969	0.00792	0.01104	0.00706	0.00639	0.01937	0.01263	0.54456	0.03412	0.10737	0.07310	0.00747	0.00493	0.00158	0.00383	0.00613	0.00541	0.00712
14	0.00632	0.00435	0.00570	0.00675	0.00713	0.00410	0.00460	0.00734	0.00955	0.01309	0.02616	0.72996	0.03074	0.01455	0.00606	0.00194	0.00287	0.04203	0.07269	0.00406
15	0.00708	0.00474	0.00538	0.00544	0.00546	0.00472	0.00307	0.00713	0.00727	0.00970	0.01613	0.07623	0.01868	0.78211	0.02397	0.00461	0.00466	0.00753	0.00307	0.00303
16	0.01612	0.00706	0.00935	0.00764	0.01047	0.00616	0.00613	0.01802	0.01358	0.50075	0.20939	0.04554	0.11213	0.00801	0.00528	0.00155	0.00350	0.00675	0.00571	0.00687
17	0.00684	0.00500	0.00564	0.00570	0.00706	0.00435	0.00415	0.00809	0.01107	0.05324	0.11951	0.20857	0.48222	0.04773	0.00669	0.00185	0.00273	0.01057	0.00466	0.00433
18	0.00715	0.00476	0.00536	0.00536	0.00536	0.00476	0.00298	0.00715	0.00715	0.00953	0.01548	0.03216	0.01787	0.82729	0.02501	0.00476	0.00476	0.00715	0.00298	0.00298
19	0.86201	0.00950	0.00722	0.00646	0.00950	0.01102	0.00532	0.01445	0.00836	0.02205	0.00684	0.00798	0.00532	0.00456	0.00304	0.00152	0.00380	0.00266	0.00304	0.00532
20	0.00679	0.00467	0.00584	0.00640	0.00710	0.00427	0.00437	0.00778	0.01001	0.04457	0.08597	0.52071	0.16195	0.09583	0.00799	0.00216	0.00300	0.01193	0.00453	0.00414
21	0.01150	0.01100	0.01875	0.21079	0.62119	0.01150	0.01475	0.01450	0.01088	0.01525	0.00913	0.01238	0.00750	0.00450	0.00488	0.00150	0.00600	0.00438	0.00238	0.00725
22	0.00784	0.00560	0.00783	0.00896	0.01006	0.00559	0.00778	0.01004	0.01123	0.01462	0.02606	0.08717	0.02846	0.01365	0.00677	0.00225	0.00446	0.73261	0.00453	0.00450
23	0.00597	0.00435	0.00563	0.00665	0.00708	0.00401	0.00448	0.00686	0.00959	0.01262	0.02940	0.74481	0.11029	0.01509	0.00623	0.00196	0.00281	0.01360	0.00456	0.00401
24	0.00974	0.00894	0.01462	0.33735	0.23620	0.01041	0.01202	0.01228	0.00951	0.01313	0.00956	0.01393	0.00810	0.01196	0.17174	0.02045	0.08737	0.00455	0.00234	0.00580
25	0.01045	0.17067	0.66177	0.01300	0.01971	0.01286	0.01640	0.01541	0.01030	0.01484	0.00846	0.00993	0.00624	0.00459	0.00440	0.00147	0.00690	0.00345	0.00208	0.00709
26	0.72917	0.00906	0.00749	0.00661	0.00956	0.01022	0.00541	0.01476	0.00924	0.08142	0.07090	0.01095	0.00914	0.00512	0.00341	0.00152	0.00371	0.00333	0.00346	0.00550
27	0.00726	0.00516	0.00752	0.07193	0.00989	0.00567	0.00594	0.00839	0.00837	0.01168	0.01653	0.18127	0.04683	0.02473	0.39874	0.13080	0.00835	0.00697	0.03992	0.00406

[dist]
# distance from previous block
# <min> <max>
0	2

[block]
# block no. 2 follows, 51 sequences, length 10
# corresponding to MSA columns:
# 307-316
name=unknown_C
#
# <colnr> <probs for GDERKNQSTAVLIFYWHMCP>
#	G	D	E	R	K	N	Q	S	T	A	V	L	I	F	Y	W	H	M	C	P
0	0.01101	0.00948	0.02493	0.04334	0.14317	0.05477	0.00850	0.09504	0.02857	0.04221	0.01199	0.01829	0.01118	0.20531	0.17909	0.00367	0.09571	0.00518	0.00302	0.00555
1	0.00792	0.00566	0.00792	0.00905	0.01018	0.00566	0.00792	0.01018	0.01131	0.01471	0.02602	0.05543	0.02828	0.01358	0.00679	0.00226	0.00453	0.76356	0.00453	0.00453
2	0.01666	0.06874	0.01632	0.03568	0.09119	0.15581	0.04746	0.41933	0.06205	0.02304	0.01077	0.01153	0.00809	0.00542	0.00476	0.00143	0.00614	0.00421	0.00388	0.00750
3	0.03828	0.07828	0.04978	0.00788	0.01163	0.00800	0.00679	0.03119	0.01188	0.18097	0.15063	0.01606	0.01509	0.00547	0.00431	0.00115	0.00387	0.00444	0.00396	0.37034
4	0.03385	0.21710	0.05662	0.01449	0.15397	0.14691	0.05744	0.06476	0.17677	0.01623	0.01077	0.01172	0.00859	0.00503	0.00440	0.00139	0.00593	0.00400	0.00306	0.00695
5	0.10200	0.27390	0.47561	0.01146	0.01732	0.01387	0.01375	0.01518	0.01004	0.01501	0.00799	0.00934	0.00615	0.00451	0.00402	0.00140	0.00627	0.00322	0.00219	0.00676
6	0.36124	0.15548	0.01247	0.00792	0.01149	0.01143	0.00679	0.06492	0.01158	0.29659	0.01159	0.01130	0.00811	0.00512	0.00385	0.00143	0.00429	0.00357	0.00407	0.00676
7	0.16300	0.01150	0.02190	0.01648	0.03917	0.01115	0.51272	0.01515	0.01117	0.05265	0.05511	0.04587	0.01050	0.00509	0.00527	0.00163	0.00669	0.00567	0.00300	0.00628
8	0.01042	0.05847	0.62664	0.01305	0.01937	0.01191	0.01588	0.01740	0.14876	0.01627	0.01072	0.01168	0.00779	0.00500	0.00466	0.00155	0.00657	0.00393	0.00260	0.00731
9	0.01203	0.02238	0.66111	0.01307	0.01972	0.01067	0.01621	0.01706	0.01103	0.15523	0.01070	0.01151	0.00728	0.00492	0.00472	0.00155	0.00671	0.00386	0.00279	0.00746

[dist]
# distance from previous block
# <min> <max>
0	1

[block]
# block no. 3 follows, 51 sequences, length 11
# corresponding to MSA columns:
# 318-328
name=unknown_D
#
# <colnr> <probs for GDERKNQSTAVLIFYWHMCP>
#	G	D	E	R	K	N	Q	S	T	A	V	L	I	F	Y	W	H	M	C	P
0	0.00736	0.00586	0.00799	0.00811	0.00843	0.00675	0.00597	0.00835	0.00849	0.01183	0.01869	0.37187	0.02131	0.13451	0.16089	0.00354	0.16669	0.03563	0.00349	0.00421
1	0.01203	0.08721	0.52851	0.01415	0.07354	0.01284	0.01541	0.16698	0.01292	0.01833	0.00928	0.01058	0.00676	0.00485	0.00461	0.00149	0.00663	0.00376	0.00267	0.00744
2	0.01039	0.18408	0.61633	0.01259	0.01900	0.01273	0.01569	0.01514	0.01044	0.01494	0.03975	0.01093	0.00784	0.00479	0.00441	0.00146	0.00667	0.00364	0.00221	0.00697
3	0.00676	0.00488	0.00640	0.00631	0.00730	0.00451	0.00462	0.00879	0.01302	0.01829	0.64207	0.19273	0.04362	0.01111	0.00589	0.00163	0.00242	0.00989	0.00524	0.00451
4	0.01163	0.01655	0.23513	0.01826	0.02377	0.01235	0.52101	0.06927	0.01208	0.01676	0.00977	0.01238	0.00719	0.00441	0.00543	0.00162	0.00781	0.00512	0.00255	0.00692
5	0.01830	0.00970	0.01262	0.04805	0.07723	0.00962	0.00858	0.17060	0.08048	0.43789	0.01705	0.03614	0.01209	0.00638	0.00503	0.00156	0.00462	0.03095	0.00520	0.00790
6	0.01169	0.34765	0.41120	0.01148	0.01706	0.05148	0.01328	0.01598	0.05230	0.01406	0.00857	0.00973	0.00674	0.00461	0.00407	0.00135	0.00635	0.00331	0.00226	0.00683
7	0.00594	0.00444	0.00553	0.00640	0.00701	0.00403	0.00436	0.00689	0.00984	0.01272	0.03249	0.63918	0.21392	0.01469	0.00616	0.00192	0.00276	0.01311	0.00456	0.00403
8	0.18029	0.01032	0.01461	0.28343	0.26185	0.01136	0.01165	0.07579	0.01139	0.01760	0.01066	0.06917	0.00924	0.00590	0.00488	0.00168	0.00562	0.00491	0.00303	0.00660
9	0.01252	0.01170	0.01854	0.08712	0.53946	0.01208	0.04873	0.01751	0.16536	0.01722	0.01198	0.01434	0.00968	0.00527	0.00520	0.00164	0.00582	0.00487	0.00314	0.00785
10	0.01110	0.01367	0.17345	0.34704	0.29341	0.01166	0.04643	0.01458	0.01087	0.01507	0.00959	0.01307	0.00754	0.00506	0.00515	0.00167	0.00671	0.00448	0.00248	0.00698

[dist]
# distance from previous block
# <min> <max>
3	315

[block]
# block no. 4 follows, 51 sequences, length 37
# corresponding to MSA columns:
# 676-712
name=unknown_E
#
# <colnr> <probs for GDERKNQSTAVLIFYWHMCP>
#	G	D	E	R	K	N	Q	S	T	A	V	L	I	F	Y	W	H	M	C	P
0	0.02249	0.02606	0.01472	0.30964	0.20843	0.05127	0.02659	0.04701	0.07784	0.02763	0.01214	0.06691	0.02155	0.00577	0.00486	0.00154	0.00561	0.00509	0.03704	0.02783
1	0.06315	0.01024	0.01426	0.15923	0.23757	0.01114	0.01067	0.18702	0.03371	0.04235	0.01094	0.02753	0.00896	0.03178	0.07575	0.01969	0.01922	0.00461	0.00324	0.02892
2	0.01177	0.00728	0.00838	0.05128	0.01016	0.06247	0.00574	0.03175	0.01072	0.18211	0.07193	0.08044	0.08702	0.11935	0.01063	0.17584	0.00430	0.00630	0.03870	0.02383
3	0.00889	0.00740	0.03032	0.09645	0.03467	0.00762	0.02800	0.03606	0.06347	0.03534	0.03046	0.29564	0.01949	0.12923	0.00988	0.03214	0.07641	0.03773	0.00367	0.01711
4	0.12621	0.01050	0.01176	0.08780	0.04567	0.07262	0.00860	0.17348	0.01262	0.05114	0.02443	0.05966	0.02830	0.02497	0.06899	0.00220	0.11587	0.05129	0.00350	0.02039
5	0.00808	0.00509	0.00628	0.00623	0.00710	0.00483	0.00432	0.00891	0.00945	0.06606	0.08702	0.16740	0.11609	0.26674	0.06060	0.06349	0.00421	0.03427	0.04824	0.02558
6	0.00714	0.00560	0.00666	0.06336	0.00920	0.00548	0.00504	0.02374	0.06366	0.01449	0.12798	0.21958	0.30459	0.08782	0.00751	0.00199	0.00320	0.00969	0.02878	0.00450
7	0.03317	0.01175	0.01278	0.01017	0.01358	0.01264	0.00826	0.55452	0.04068	0.02633	0.01363	0.08527	0.01151	0.02512	0.00540	0.00156	0.00489	0.03582	0.00460	0.08833
8	0.01005	0.00957	0.04437	0.34253	0.07877	0.00933	0.01035	0.04009	0.04867	0.01508	0.01073	0.06955	0.00917	0.00532	0.00459	0.00135	0.00516	0.00461	0.00283	0.27786
9	0.06659	0.00531	0.00547	0.00534	0.00699	0.00474	0.00404	0.00804	0.01157	0.01525	0.20386	0.04228	0.58087	0.01138	0.00561	0.00163	0.00255	0.00951	0.00463	0.00433
10	0.00701	0.00468	0.00534	0.00553	0.00576	0.00458	0.00332	0.00739	0.00799	0.01088	0.01954	0.16468	0.06694	0.58397	0.01919	0.00386	0.00413	0.00830	0.06356	0.00333
11	0.00786	0.00509	0.00646	0.00673	0.00783	0.00465	0.00497	0.00924	0.01103	0.08636	0.15548	0.34858	0.17944	0.04911	0.00688	0.00197	0.00309	0.09593	0.00477	0.00454
12	0.01232	0.01312	0.04439	0.02005	0.05180	0.01201	0.68066	0.01629	0.01173	0.07121	0.01056	0.01340	0.00777	0.00430	0.00568	0.00164	0.00789	0.00564	0.00273	0.00681
13	0.02137	0.00945	0.01208	0.00926	0.01309	0.00884	0.00765	0.17617	0.01588	0.64525	0.01786	0.01573	0.01140	0.00605	0.00494	0.00151	0.00443	0.00484	0.00585	0.00836
14	0.00751	0.00482	0.00564	0.00574	0.00593	0.00473	0.00340	0.00773	0.00779	0.03975	0.01758	0.16432	0.02011	0.66033	0.02112	0.00418	0.00442	0.00821	0.00336	0.00335
15	0.01284	0.01056	0.01129	0.00984	0.01265	0.01197	0.00773	0.16126	0.56752	0.02236	0.09994	0.01908	0.01709	0.00688	0.00507	0.00162	0.00400	0.00570	0.00503	0.00755
16	0.00657	0.00469	0.00637	0.00751	0.00805	0.00449	0.00558	0.00785	0.00998	0.01320	0.02676	0.59176	0.03123	0.01485	0.00643	0.00208	0.00336	0.24053	0.00455	0.00415
17	0.01222	0.01056	0.01111	0.01000	0.01278	0.01222	0.00778	0.02611	0.78776	0.02056	0.02000	0.01833	0.01500	0.00667	0.00500	0.00167	0.00389	0.00556	0.00500	0.00778
18	0.00706	0.00473	0.00538	0.00546	0.00548	0.00471	0.00309	0.00712	0.00731	0.00974	0.01630	0.08816	0.01890	0.76988	0.02369	0.00457	0.00463	0.00763	0.00309	0.00305
19	0.00617	0.00440	0.00570	0.00658	0.00693	0.00412	0.00437	0.00703	0.00949	0.01267	0.07372	0.66565	0.05351	0.10490	0.00831	0.00227	0.00302	0.01280	0.00444	0.00392
20	0.02205	0.00836	0.01140	0.00874	0.01254	0.00722	0.00722	0.02395	0.01407	0.80004	0.01939	0.01673	0.01216	0.00608	0.00494	0.00152	0.00418	0.00494	0.00608	0.00836
21	0.00986	0.02542	0.80183	0.01401	0.02127	0.01141	0.01816	0.01556	0.01038	0.01556	0.00882	0.01038	0.00623	0.00467	0.00467	0.00156	0.00726	0.00363	0.00208	0.00726
22	0.00854	0.00427	0.00640	0.00640	0.00640	0.00427	0.00427	0.00640	0.00640	0.00854	0.00854	0.01494	0.00854	0.01707	0.01921	0.85702	0.00427	0.00427	0.00213	0.00213
23	0.86201	0.00950	0.00722	0.00646	0.00950	0.01102	0.00532	0.01445	0.00836	0.02205	0.00684	0.00798	0.00532	0.00456	0.00304	0.00152	0.00380	0.00266	0.00304	0.00532
24	0.01314	0.83025	0.02575	0.00841	0.01261	0.01945	0.00841	0.01472	0.00999	0.01156	0.00683	0.00788	0.00631	0.00420	0.00315	0.00105	0.00526	0.00263	0.00210	0.00631
25	0.00928	0.00873	0.01474	0.81548	0.03385	0.01092	0.01365	0.01256	0.00983	0.01256	0.00873	0.01310	0.00655	0.00491	0.00491	0.00164	0.00655	0.00437	0.00218	0.00546
26	0.01868	0.01376	0.01475	0.01131	0.01524	0.01524	0.00934	0.78025	0.02311	0.03097	0.01180	0.01180	0.00836	0.00590	0.00492	0.00147	0.00541	0.00442	0.00492	0.00836
27	0.01160	0.01326	0.02900	0.02071	0.02568	0.01243	0.77879	0.01574	0.01160	0.01574	0.00994	0.01326	0.00746	0.00414	0.00580	0.00166	0.00829	0.00580	0.00249	0.00663
28	0.00598	0.00449	0.00549	0.00627	0.00692	0.00407	0.00427	0.00691	0.00981	0.01262	0.03286	0.57893	0.24134	0.04710	0.00690	0.00201	0.00283	0.01271	0.00450	0.00399
29	0.01459	0.01001	0.01120	0.00972	0.01273	0.01098	0.00769	0.04495	0.56893	0.20289	0.01978	0.01865	0.01447	0.00667	0.00503	0.00164	0.00401	0.02296	0.00524	0.00785
30	0.01222	0.01056	0.01111	0.01000	0.01278	0.01222	0.00778	0.02611	0.78776	0.02056	0.02000	0.01833	0.01500	0.00667	0.00500	0.00167	0.00389	0.00556	0.00500	0.00778
31	0.00591	0.00498	0.00513	0.00509	0.00670	0.00419	0.00382	0.00726	0.01145	0.01387	0.11902	0.04631	0.72504	0.01222	0.00581	0.00165	0.00247	0.01023	0.00464	0.00419
32	0.00620	0.00494	0.00556	0.00551	0.00691	0.00430	0.00409	0.00777	0.01197	0.01536	0.29506	0.09861	0.49264	0.01186	0.00584	0.00165	0.00246	0.01013	0.00484	0.00430
33	0.00599	0.00428	0.00570	0.00684	0.00713	0.00399	0.00456	0.00684	0.00941	0.01254	0.02709	0.82409	0.03250	0.01540	0.00627	0.00200	0.00285	0.01397	0.00456	0.00399
34	0.06212	0.00891	0.01151	0.00887	0.01264	0.00813	0.00732	0.09204	0.01461	0.69294	0.01810	0.01586	0.01149	0.00599	0.00485	0.00152	0.00427	0.00479	0.00583	0.00822
35	0.02137	0.00882	0.01161	0.00897	0.01273	0.00799	0.00739	0.07418	0.05068	0.71278	0.01891	0.01647	0.01204	0.00610	0.00494	0.00152	0.00425	0.00494	0.00595	0.00834
36	0.01024	0.00934	0.01454	0.65090	0.02991	0.01136	0.02684	0.05829	0.11089	0.01470	0.01038	0.01370	0.00776	0.00518	0.00494	0.00163	0.00617	0.00455	0.00271	0.00595

[dist]
# distance from previous block
# <min> <max>
8	53

[block]
# block no. 5 follows, 51 sequences, length 34
# corresponding to MSA columns:
# 766-799
name=unknown_F
#
# <colnr> <probs for GDERKNQSTAVLIFYWHMCP>
#	G	D	E	R	K	N	Q	S	T	A	V	L	I	F	Y	W	H	M	C	P
0	0.86201	0.00950	0.00722	0.00646	0.00950	0.01102	0.00532	0.01445	0.00836	0.02205	0.00684	0.00798	0.00532	0.00456	0.00304	0.00152	0.00380	0.00266	0.00304	0.00532
1	0.69170	0.00927	0.00807	0.00692	0.01012	0.01025	0.00571	0.01637	0.00952	0.17979	0.00939	0.00976	0.00671	0.00487	0.00343	0.00152	0.00388	0.00312	0.00366	0.00594
2	0.00821	0.00674	0.00736	0.00702	0.00879	0.00686	0.00529	0.02533	0.24736	0.01677	0.17098	0.11854	0.31503	0.02596	0.00596	0.00173	0.00301	0.00887	0.00482	0.00537
3	0.00651	0.00473	0.00588	0.00626	0.00717	0.00427	0.00444	0.00789	0.01117	0.02940	0.24559	0.40776	0.21482	0.01304	0.00601	0.00178	0.00264	0.01154	0.00483	0.00429
4	0.86201	0.00950	0.00722	0.00646	0.00950	0.01102	0.00532	0.01445	0.00836	0.02205	0.00684	0.00798	0.00532	0.00456	0.00304	0.00152	0.00380	0.00266	0.00304	0.00532
5	0.01075	0.01075	0.01505	0.01290	0.01290	0.01505	0.01075	0.01183	0.00753	0.01183	0.00645	0.01075	0.00645	0.00860	0.01613	0.00215	0.81830	0.00430	0.00215	0.00538
6	0.07487	0.00852	0.00976	0.00796	0.01083	0.00857	0.00646	0.20047	0.01454	0.30160	0.01585	0.01688	0.01150	0.02732	0.00496	0.00151	0.00395	0.02606	0.24156	0.00685
7	0.00683	0.00468	0.00589	0.00650	0.00724	0.00427	0.00449	0.00785	0.01006	0.04877	0.06676	0.54679	0.17098	0.06336	0.00725	0.00206	0.00296	0.02449	0.00458	0.00420
8	0.00916	0.00458	0.00458	0.00458	0.00573	0.00458	0.00344	0.01145	0.01031	0.01832	0.01603	0.01832	0.01260	0.00573	0.00344	0.00115	0.00229	0.00458	0.85457	0.00458
9	0.01222	0.01056	0.01111	0.01000	0.01278	0.01222	0.00778	0.02611	0.78776	0.02056	0.02000	0.01833	0.01500	0.00667	0.00500	0.00167	0.00389	0.00556	0.00500	0.00778
10	0.60866	0.00910	0.00818	0.00716	0.01005	0.01012	0.02733	0.05335	0.03222	0.04988	0.01353	0.05034	0.09143	0.00607	0.00378	0.00156	0.00384	0.00435	0.00352	0.00551
11	0.00604	0.00437	0.00572	0.00675	0.00717	0.00406	0.00458	0.00699	0.00969	0.01283	0.04848	0.73384	0.08486	0.01502	0.00624	0.00197	0.00285	0.02993	0.00458	0.00403
12	0.04426	0.00839	0.01129	0.00868	0.01246	0.00732	0.00717	0.02370	0.01391	0.77947	0.01906	0.01650	0.01198	0.00604	0.00489	0.00152	0.00417	0.00488	0.00600	0.00828
13	0.00696	0.00502	0.00657	0.00618	0.00734	0.00464	0.00464	0.00927	0.01391	0.01971	0.79405	0.03671	0.04637	0.01005	0.00580	0.00155	0.00232	0.00889	0.00541	0.00464
14	0.00598	0.00482	0.00534	0.00561	0.00688	0.00418	0.00409	0.00724	0.01099	0.01365	0.10454	0.23679	0.53316	0.01299	0.00594	0.00174	0.00260	0.02468	0.00463	0.00416
15	0.77249	0.00938	0.00767	0.00671	0.00983	0.01062	0.00552	0.01546	0.00897	0.10496	0.00818	0.00891	0.00605	0.00472	0.00324	0.00152	0.00384	0.00290	0.00337	0.00565
16	0.86201	0.00950	0.00722	0.00646	0.00950	0.01102	0.00532	0.01445	0.00836	0.02205	0.00684	0.00798	0.00532	0.00456	0.00304	0.00152	0.00380	0.00266	0.00304	0.00532
17	0.00951	0.00902	0.01490	0.71146	0.04957	0.01138	0.01337	0.01254	0.00961	0.01256	0.00850	0.01283	0.00657	0.00529	0.00611	0.00169	0.09305	0.00436	0.00219	0.00550
18	0.00895	0.00562	0.00732	0.00772	0.00909	0.00536	0.00636	0.01076	0.01109	0.09783	0.02792	0.09736	0.15155	0.06426	0.01992	0.00226	0.00408	0.40960	0.04821	0.00474
19	0.00632	0.00504	0.00571	0.00576	0.00720	0.00443	0.00443	0.00793	0.01184	0.01501	0.23150	0.06749	0.50554	0.01205	0.00592	0.00170	0.00267	0.09038	0.00477	0.00431
20	0.02190	0.00861	0.01156	0.00886	0.01267	0.00759	0.00732	0.05842	0.01448	0.76499	0.01904	0.01650	0.01199	0.00607	0.00494	0.00152	0.00424	0.00492	0.00603	0.00836
21	0.01212	0.01310	0.02806	0.02008	0.02499	0.01232	0.73408	0.03427	0.01196	0.04288	0.01031	0.01334	0.00764	0.00425	0.00575	0.00165	0.00808	0.00574	0.00267	0.00673
22	0.01083	0.01022	0.01712	0.22165	0.48328	0.01107	0.01355	0.01362	0.01031	0.01447	0.00939	0.01308	0.00789	0.00819	0.09103	0.00223	0.04851	0.00447	0.00238	0.00672
23	0.00581	0.00498	0.00498	0.00498	0.00664	0.00415	0.00373	0.00705	0.01120	0.01328	0.04978	0.04729	0.79464	0.01245	0.00581	0.00166	0.00249	0.01037	0.00456	0.00415
24	0.01778	0.01323	0.01426	0.01088	0.01486	0.01431	0.00897	0.69842	0.02173	0.02938	0.01147	0.01163	0.00824	0.00566	0.00478	0.00140	0.00522	0.00426	0.00470	0.09884
25	0.00721	0.00510	0.00652	0.00612	0.00740	0.00465	0.00461	0.00941	0.01363	0.03841	0.69731	0.03731	0.12344	0.01020	0.00578	0.00156	0.00238	0.00894	0.00534	0.00468
26	0.00949	0.00895	0.01512	0.75848	0.08921	0.01097	0.01375	0.01274	0.00993	0.01281	0.00877	0.01303	0.00664	0.00487	0.00491	0.00162	0.00650	0.00437	0.00220	0.00563
27	0.01247	0.01037	0.01109	0.00976	0.01251	0.01179	0.00764	0.11913	0.60915	0.02178	0.10146	0.01947	0.01751	0.00693	0.00507	0.00163	0.00391	0.00577	0.00503	0.00752
28	0.06529	0.00525	0.00649	0.00625	0.00745	0.00499	0.00466	0.00932	0.01299	0.01896	0.64226	0.11889	0.05840	0.01029	0.00566	0.00159	0.00248	0.00904	0.00514	0.00460
29	0.01214	0.01064	0.01192	0.01153	0.06638	0.01233	0.00843	0.02463	0.69460	0.01980	0.01857	0.01752	0.01407	0.00661	0.00556	0.00168	0.04583	0.00541	0.00468	0.00766
30	0.00608	0.00470	0.00540	0.00580	0.00675	0.00418	0.00403	0.00713	0.01032	0.01308	0.08880	0.33780	0.38101	0.09237	0.00784	0.00208	0.00283	0.01131	0.00447	0.00401
31	0.00602	0.00497	0.00518	0.00514	0.00663	0.00424	0.00378	0.00730	0.01122	0.01372	0.12876	0.04510	0.65977	0.06790	0.00712	0.00186	0.00263	0.00999	0.00455	0.00412
32	0.80354	0.00920	0.00718	0.00644	0.00936	0.01059	0.00528	0.01409	0.00874	0.02189	0.06067	0.00995	0.00813	0.00494	0.00323	0.00152	0.00370	0.00309	0.00320	0.00528
33	0.71396	0.00902	0.00756	0.00673	0.00967	0.01014	0.00547	0.01494	0.00904	0.10431	0.00956	0.06472	0.00791	0.00546	0.00346	0.00155	0.00378	0.00368	0.00347	0.00556

[dist]
# distance from previous block
# <min> <max>
0	1

[block]
# block no. 6 follows, 51 sequences, length 13
# corresponding to MSA columns:
# 801-803,810-819
name=unknown_G
#
# <colnr> <probs for GDERKNQSTAVLIFYWHMCP>
#	G	D	E	R	K	N	Q	S	T	A	V	L	I	F	Y	W	H	M	C	P
0	0.00857	0.00767	0.00747	0.00708	0.00835	0.12137	0.00524	0.01046	0.01307	0.01716	0.54309	0.05420	0.07605	0.07313	0.00713	0.00179	0.00353	0.02530	0.00472	0.00462
1	0.00715	0.00476	0.00536	0.00536	0.00536	0.00476	0.00298	0.00715	0.00715	0.00953	0.01548	0.03216	0.01787	0.82729	0.02501	0.00476	0.00476	0.00715	0.00298	0.00298
2	0.00699	0.00551	0.00774	0.00995	0.12184	0.00522	0.00598	0.00822	0.00994	0.01323	0.04781	0.53152	0.12265	0.05501	0.00697	0.00201	0.00336	0.02732	0.00419	0.00454
3	0.10321	0.00643	0.00761	0.00684	0.00888	0.00602	0.00522	0.01386	0.01126	0.27219	0.07486	0.15350	0.13505	0.09271	0.00712	0.00194	0.00349	0.02152	0.06273	0.00558
4	0.00875	0.00722	0.00815	0.00953	0.12117	0.06811	0.00524	0.00927	0.00826	0.01067	0.01396	0.02744	0.01550	0.64379	0.02048	0.00401	0.00524	0.00643	0.00286	0.00389
5	0.02156	0.00915	0.01189	0.00912	0.01294	0.00839	0.00753	0.13391	0.01538	0.68822	0.01828	0.01601	0.01161	0.00606	0.00494	0.00151	0.00436	0.00487	0.00591	0.00836
6	0.00700	0.00491	0.00608	0.00609	0.00706	0.00450	0.00432	0.00848	0.01153	0.03821	0.36562	0.21869	0.16735	0.11780	0.00838	0.00209	0.00284	0.00997	0.00477	0.00430
7	0.03563	0.00999	0.01127	0.00936	0.01216	0.01083	0.00742	0.28989	0.19477	0.13562	0.05522	0.01752	0.01340	0.07300	0.07451	0.02724	0.00525	0.00523	0.00466	0.00703
8	0.01919	0.00860	0.01109	0.00886	0.01217	0.00799	0.00716	0.13799	0.01478	0.56705	0.01934	0.13335	0.01454	0.00741	0.00513	0.00158	0.00418	0.00617	0.00568	0.00773
9	0.00729	0.00551	0.00671	0.00722	0.00800	0.00560	0.00500	0.01053	0.14981	0.01425	0.08294	0.54499	0.02903	0.08941	0.00776	0.00216	0.00318	0.01143	0.00456	0.00463
10	0.00791	0.00510	0.00585	0.00578	0.00648	0.00488	0.00374	0.00882	0.02643	0.06155	0.04225	0.13058	0.15283	0.46285	0.01632	0.00339	0.00392	0.00830	0.03917	0.00386
11	0.00850	0.00644	0.00814	0.00761	0.00911	0.00658	0.02787	0.05021	0.08818	0.03788	0.11243	0.11280	0.21310	0.07096	0.12441	0.03262	0.02550	0.04859	0.00417	0.00489
12	0.24406	0.17922	0.01503	0.02939	0.11158	0.04496	0.00852	0.18387	0.02538	0.01979	0.00881	0.01007	0.00703	0.00545	0.02136	0.00148	0.00517	0.00344	0.00316	0.07225

[dist]
# distance from previous block
# <min> <max>
0	23

# created by:
# /home/cegg/simao/soft/augustus-3.2.1/scripts/msa2prfl.pl ./align_prep/EOG091G0LRI.fa
