[name]
unknown

[dist]
# distance from previous block
# <min> <max>
0	39

[block]
# block no. 0 follows, 55 sequences, length 166
# corresponding to MSA columns:
# 161-326
name=unknown_A
#
# <colnr> <probs for GDERKNQSTAVLIFYWHMCP>
#	G	D	E	R	K	N	Q	S	T	A	V	L	I	F	Y	W	H	M	C	P
0	0.01727	0.01063	0.01210	0.00961	0.01303	0.01125	0.00783	0.35605	0.20451	0.28379	0.01538	0.01418	0.01060	0.00582	0.00468	0.00145	0.00439	0.00461	0.00504	0.00778
1	0.08219	0.00862	0.01085	0.00842	0.01196	0.00807	0.00694	0.10799	0.03417	0.64537	0.01670	0.01475	0.01071	0.00565	0.00455	0.00144	0.00405	0.00448	0.00540	0.00769
2	0.01190	0.01016	0.01070	0.00953	0.01222	0.01172	0.00744	0.06598	0.75729	0.01999	0.01852	0.01702	0.01386	0.00627	0.00473	0.00157	0.00376	0.00520	0.00473	0.00739
3	0.00567	0.00405	0.00540	0.00648	0.00675	0.00378	0.00432	0.00648	0.00891	0.01188	0.02564	0.83347	0.03077	0.01457	0.00594	0.00189	0.00270	0.01323	0.00432	0.00378
4	0.01005	0.00961	0.01648	0.45232	0.37481	0.01069	0.03340	0.01302	0.00992	0.01343	0.00851	0.01201	0.00674	0.00441	0.00465	0.00148	0.00595	0.00417	0.00218	0.00617
5	0.00965	0.00827	0.00965	0.00689	0.01102	0.00620	0.00551	0.01171	0.00965	0.01516	0.00827	0.00965	0.00689	0.00345	0.00345	0.00069	0.00345	0.00276	0.00276	0.86494
6	0.00665	0.00498	0.00748	0.00748	0.00831	0.00582	0.00582	0.00831	0.00748	0.01080	0.01246	0.01828	0.01163	0.03489	0.81807	0.00748	0.01246	0.00498	0.00249	0.00415
7	0.00567	0.00405	0.00540	0.00648	0.00675	0.00378	0.00432	0.00648	0.00891	0.01188	0.02564	0.83347	0.03077	0.01457	0.00594	0.00189	0.00270	0.01323	0.00432	0.00378
8	0.01474	0.04134	0.01252	0.01090	0.03349	0.30301	0.00828	0.10402	0.35316	0.05074	0.01318	0.01292	0.01001	0.00553	0.00447	0.00139	0.00564	0.00419	0.00377	0.00669
9	0.02087	0.00792	0.01080	0.00828	0.01188	0.00684	0.00684	0.02267	0.01332	0.81071	0.01835	0.01583	0.01152	0.00576	0.00468	0.00144	0.00396	0.00468	0.00576	0.00792
10	0.00655	0.00475	0.00617	0.00582	0.00693	0.00437	0.00436	0.00871	0.01309	0.01846	0.78064	0.03507	0.06841	0.00958	0.00549	0.00147	0.00220	0.00846	0.00510	0.00437
11	0.00879	0.00827	0.01395	0.82532	0.03204	0.01034	0.01292	0.01189	0.00930	0.01189	0.00827	0.01240	0.00620	0.00465	0.00465	0.00155	0.00620	0.00413	0.00207	0.00517
12	0.01442	0.01053	0.01339	0.11412	0.01528	0.07563	0.02787	0.08384	0.01110	0.25001	0.01062	0.01214	0.00789	0.00640	0.00874	0.00166	0.32248	0.00422	0.00341	0.00624
13	0.01220	0.01031	0.01088	0.00960	0.01234	0.01187	0.00752	0.10405	0.71873	0.02048	0.01813	0.01672	0.01355	0.00624	0.00473	0.00156	0.00383	0.00515	0.00473	0.00742
14	0.00570	0.00407	0.00542	0.00646	0.00675	0.00380	0.00432	0.00655	0.00905	0.01210	0.05106	0.80742	0.03120	0.01441	0.00592	0.00188	0.00268	0.01307	0.00434	0.00380
15	0.01194	0.01260	0.05415	0.01234	0.01565	0.09824	0.19491	0.02123	0.48788	0.01727	0.01488	0.01488	0.01121	0.00549	0.00484	0.00153	0.00534	0.00498	0.00378	0.00687
16	0.02080	0.00804	0.01087	0.00833	0.01194	0.00702	0.00688	0.04069	0.01352	0.79241	0.01819	0.01573	0.01143	0.00575	0.00468	0.00144	0.00399	0.00467	0.00573	0.00792
17	0.04799	0.00825	0.01085	0.00835	0.01193	0.00739	0.00690	0.06689	0.01364	0.74008	0.01756	0.01530	0.01110	0.00570	0.00462	0.00144	0.00401	0.00458	0.00560	0.00782
18	0.00692	0.00495	0.00677	0.00778	0.00861	0.00486	0.00637	0.00860	0.01008	0.01316	0.02517	0.26750	0.04747	0.03981	0.00682	0.00213	0.00380	0.52088	0.00425	0.00409
19	0.00896	0.00462	0.00465	0.00454	0.00571	0.00466	0.00343	0.03598	0.01015	0.01773	0.01505	0.01715	0.01179	0.00543	0.00330	0.00109	0.00226	0.00433	0.83473	0.00445
20	0.00577	0.00414	0.00549	0.00646	0.00683	0.00386	0.00439	0.00670	0.00924	0.01234	0.07140	0.75044	0.04718	0.01418	0.00592	0.00186	0.00270	0.03292	0.00436	0.00383
21	0.01020	0.15549	0.56460	0.01307	0.01910	0.01223	0.10930	0.02638	0.02173	0.01442	0.00837	0.00990	0.00620	0.00433	0.00432	0.00141	0.00661	0.00357	0.00210	0.00668
22	0.01679	0.06760	0.01389	0.01173	0.01415	0.71141	0.00898	0.04276	0.01298	0.01193	0.00723	0.00850	0.00606	0.00492	0.00463	0.00123	0.04423	0.00305	0.00243	0.00549
23	0.00677	0.00451	0.00507	0.00507	0.00507	0.00451	0.00282	0.00677	0.00677	0.00902	0.01466	0.03044	0.01691	0.83650	0.02368	0.00451	0.00451	0.00677	0.00282	0.00282
24	0.01621	0.07914	0.03091	0.01050	0.01421	0.05376	0.02916	0.59401	0.01890	0.02504	0.01041	0.01108	0.00774	0.02340	0.00486	0.00139	0.00527	0.00399	0.00407	0.05597
25	0.01768	0.01303	0.01396	0.01070	0.01443	0.01443	0.00884	0.79197	0.02187	0.02932	0.01117	0.01117	0.00791	0.00558	0.00465	0.00140	0.00512	0.00419	0.00465	0.00791
26	0.01098	0.01255	0.02745	0.01961	0.02431	0.01176	0.79059	0.01490	0.01098	0.01490	0.00941	0.01255	0.00706	0.00392	0.00549	0.00157	0.00784	0.00549	0.00235	0.00627
27	0.00660	0.02278	0.00646	0.00578	0.00699	0.00465	0.00438	0.00868	0.01283	0.01788	0.71163	0.03517	0.11960	0.00962	0.00543	0.00146	0.00227	0.00843	0.00497	0.00438
28	0.00653	0.00475	0.00615	0.00580	0.00692	0.00437	0.00435	0.00868	0.01304	0.01836	0.76806	0.03524	0.08105	0.00962	0.00549	0.00147	0.00220	0.00848	0.00508	0.00437
29	0.00933	0.02406	0.81240	0.01326	0.02014	0.01080	0.01719	0.01473	0.00982	0.01473	0.00835	0.00982	0.00589	0.00442	0.00442	0.00147	0.00688	0.00344	0.00196	0.00688
30	0.00919	0.00868	0.01468	0.70787	0.14635	0.01044	0.01312	0.01224	0.00949	0.01237	0.00834	0.01227	0.00637	0.00458	0.00464	0.00153	0.00610	0.00414	0.00210	0.00549
31	0.01002	0.00995	0.01395	0.01200	0.01204	0.01388	0.00999	0.01107	0.00714	0.01118	0.00639	0.01054	0.00635	0.00932	0.05067	0.00228	0.79203	0.00411	0.00206	0.00505
32	0.01660	0.02091	0.01268	0.01154	0.01388	0.75408	0.00866	0.01807	0.02935	0.01178	0.02932	0.01042	0.03276	0.00517	0.00428	0.00123	0.00794	0.00340	0.00258	0.00536
33	0.01151	0.01105	0.01888	0.02855	0.80748	0.01105	0.01428	0.01428	0.01059	0.01520	0.00875	0.01151	0.00737	0.00415	0.00461	0.00138	0.00553	0.00415	0.00230	0.00737
34	0.00965	0.00827	0.00965	0.00689	0.01102	0.00620	0.00551	0.01171	0.00965	0.01516	0.00827	0.00965	0.00689	0.00345	0.00345	0.00069	0.00345	0.00276	0.00276	0.86494
35	0.00933	0.02406	0.81240	0.01326	0.02014	0.01080	0.01719	0.01473	0.00982	0.01473	0.00835	0.00982	0.00589	0.00442	0.00442	0.00147	0.00688	0.00344	0.00196	0.00688
36	0.00653	0.00475	0.00614	0.00579	0.00692	0.00437	0.00435	0.00867	0.01304	0.01834	0.76616	0.03526	0.08296	0.00963	0.00549	0.00147	0.00220	0.00849	0.00508	0.00437
37	0.00933	0.02406	0.81240	0.01326	0.02014	0.01080	0.01719	0.01473	0.00982	0.01473	0.00835	0.00982	0.00589	0.00442	0.00442	0.00147	0.00688	0.00344	0.00196	0.00688
38	0.00668	0.00492	0.00626	0.00590	0.00708	0.00459	0.00443	0.00917	0.03864	0.01829	0.73108	0.03482	0.09147	0.00955	0.00546	0.00147	0.00225	0.00840	0.00506	0.00446
39	0.02935	0.00849	0.01411	0.59134	0.14557	0.00997	0.03233	0.01223	0.00958	0.01305	0.00928	0.01380	0.00739	0.00487	0.00461	0.00152	0.00579	0.03037	0.05090	0.00545
40	0.06369	0.01132	0.01215	0.00974	0.01308	0.01246	0.00792	0.46011	0.21292	0.10447	0.01450	0.01386	0.03063	0.00587	0.00460	0.00145	0.00449	0.00456	0.00468	0.00751
41	0.03058	0.01333	0.01382	0.01068	0.01434	0.04565	0.00879	0.75007	0.02132	0.02849	0.01094	0.01101	0.00779	0.00553	0.00461	0.00139	0.00522	0.00412	0.00454	0.00777
42	0.01151	0.01105	0.01888	0.02855	0.80748	0.01105	0.01428	0.01428	0.01059	0.01520	0.00875	0.01151	0.00737	0.00415	0.00461	0.00138	0.00553	0.00415	0.00230	0.00737
43	0.00933	0.02406	0.81240	0.01326	0.02014	0.01080	0.01719	0.01473	0.00982	0.01473	0.00835	0.00982	0.00589	0.00442	0.00442	0.00147	0.00688	0.00344	0.00196	0.00688
44	0.00567	0.00405	0.00540	0.00648	0.00675	0.00378	0.00432	0.00648	0.00891	0.01188	0.02564	0.83347	0.03077	0.01457	0.00594	0.00189	0.00270	0.01323	0.00432	0.00378
45	0.00572	0.00411	0.00544	0.00640	0.00675	0.00382	0.00431	0.00662	0.00920	0.01231	0.07434	0.76848	0.04683	0.01421	0.00590	0.00186	0.00266	0.01286	0.00437	0.00382
46	0.00567	0.00405	0.00540	0.00648	0.00675	0.00378	0.00432	0.00648	0.00891	0.01188	0.02564	0.83347	0.03077	0.01457	0.00594	0.00189	0.00270	0.01323	0.00432	0.00378
47	0.01191	0.01188	0.01577	0.03200	0.01630	0.09313	0.23659	0.03530	0.43944	0.01718	0.01513	0.01536	0.02699	0.00552	0.00491	0.00153	0.00544	0.00514	0.00373	0.00673
48	0.00965	0.00827	0.00965	0.00689	0.01102	0.00620	0.00551	0.01171	0.00965	0.01516	0.00827	0.00965	0.00689	0.00345	0.00345	0.00069	0.00345	0.00276	0.00276	0.86494
49	0.00637	0.00472	0.00593	0.00569	0.00683	0.00429	0.00424	0.00833	0.01257	0.01736	0.64673	0.06900	0.17051	0.01010	0.00551	0.00150	0.00224	0.00884	0.00495	0.00429
50	0.00681	0.00514	0.00619	0.00608	0.00729	0.00492	0.00453	0.00966	0.08676	0.01649	0.43640	0.14914	0.18000	0.01029	0.00543	0.00156	0.00248	0.02408	0.03226	0.00450
51	0.00563	0.00472	0.00490	0.00485	0.00636	0.00398	0.00364	0.00693	0.01092	0.01331	0.13914	0.04356	0.71313	0.01151	0.00550	0.00156	0.00234	0.00965	0.00442	0.00398
52	0.01787	0.01273	0.01378	0.01056	0.01428	0.01399	0.00873	0.74746	0.02138	0.07453	0.01158	0.01144	0.00812	0.00559	0.00466	0.00140	0.00505	0.00422	0.00472	0.00791
53	0.00883	0.00836	0.01423	0.80902	0.03188	0.01036	0.02866	0.01195	0.00934	0.01195	0.00829	0.01241	0.00622	0.00464	0.00467	0.00155	0.00623	0.00416	0.00207	0.00519
54	0.01738	0.02217	0.01318	0.01199	0.01438	0.81783	0.00899	0.01858	0.01318	0.01139	0.00719	0.00839	0.00599	0.00479	0.00419	0.00120	0.00839	0.00300	0.00240	0.00539
55	0.01062	0.14251	0.60093	0.01207	0.01809	0.01150	0.03109	0.01507	0.01013	0.07353	0.02749	0.01056	0.00724	0.00456	0.00427	0.00140	0.00629	0.00355	0.00233	0.00675
56	0.01182	0.01187	0.01784	0.10609	0.65283	0.08994	0.01363	0.01446	0.01072	0.01450	0.00855	0.01130	0.00712	0.00426	0.00457	0.00138	0.00587	0.00403	0.00229	0.00696
57	0.00933	0.02406	0.81240	0.01326	0.02014	0.01080	0.01719	0.01473	0.00982	0.01473	0.00835	0.00982	0.00589	0.00442	0.00442	0.00147	0.00688	0.00344	0.00196	0.00688
58	0.01116	0.01069	0.01823	0.13337	0.70547	0.01096	0.01410	0.01396	0.01042	0.01476	0.00869	0.01163	0.00722	0.00421	0.00461	0.00140	0.00562	0.00414	0.00227	0.00708
59	0.00655	0.00475	0.00618	0.00582	0.00693	0.00438	0.00437	0.00872	0.01310	0.01849	0.78389	0.03503	0.06515	0.00957	0.00549	0.00147	0.00220	0.00845	0.00510	0.00438
60	0.00572	0.00407	0.00538	0.00642	0.00667	0.00381	0.00425	0.00649	0.00881	0.01175	0.02516	0.79805	0.03016	0.05083	0.00672	0.00200	0.00278	0.01294	0.00425	0.00374
61	0.00555	0.00471	0.00478	0.00476	0.00631	0.00395	0.00357	0.00677	0.01072	0.01284	0.08048	0.04433	0.77208	0.01168	0.00550	0.00157	0.00235	0.00976	0.00436	0.00395
62	0.00933	0.02406	0.81240	0.01326	0.02014	0.01080	0.01719	0.01473	0.00982	0.01473	0.00835	0.00982	0.00589	0.00442	0.00442	0.00147	0.00688	0.00344	0.00196	0.00688
63	0.50078	0.01008	0.00927	0.00772	0.01087	0.01128	0.00631	0.21629	0.09016	0.03601	0.00923	0.00972	0.00691	0.00482	0.00358	0.00140	0.00400	0.00327	0.00356	0.05474
64	0.01768	0.01303	0.01396	0.01070	0.01443	0.01443	0.00884	0.79197	0.02187	0.02932	0.01117	0.01117	0.00791	0.00558	0.00465	0.00140	0.00512	0.00419	0.00465	0.00791
65	0.00577	0.00472	0.00509	0.00500	0.00645	0.00404	0.00375	0.00720	0.01125	0.01410	0.23745	0.04226	0.61432	0.01121	0.00550	0.00154	0.00232	0.00947	0.00452	0.00404
66	0.01738	0.02217	0.01318	0.01199	0.01438	0.81783	0.00899	0.01858	0.01318	0.01139	0.00719	0.00839	0.00599	0.00479	0.00419	0.00120	0.00839	0.00300	0.00240	0.00539
67	0.01775	0.01292	0.01389	0.01065	0.01437	0.01426	0.00880	0.77535	0.02169	0.04620	0.01132	0.01127	0.00799	0.00559	0.00465	0.00140	0.00509	0.00420	0.00468	0.00791
68	0.00641	0.00471	0.00606	0.00620	0.00721	0.00436	0.00471	0.00823	0.01175	0.01602	0.46148	0.17858	0.13597	0.01116	0.00570	0.00165	0.00260	0.11822	0.00476	0.00421
69	0.00879	0.00827	0.01395	0.82532	0.03204	0.01034	0.01292	0.01189	0.00930	0.01189	0.00827	0.01240	0.00620	0.00465	0.00465	0.00155	0.00620	0.00413	0.00207	0.00517
70	0.00602	0.00473	0.00544	0.00526	0.00660	0.00415	0.00395	0.00769	0.01184	0.01550	0.41156	0.03995	0.43933	0.01069	0.00549	0.00152	0.00228	0.00914	0.00471	0.00415
71	0.01768	0.01327	0.01394	0.01074	0.01443	0.03522	0.00885	0.77196	0.02165	0.02886	0.01107	0.01110	0.00786	0.00556	0.00464	0.00139	0.00520	0.00416	0.00460	0.00785
72	0.00550	0.00471	0.00471	0.00471	0.00628	0.00393	0.00353	0.00668	0.01060	0.01257	0.04713	0.04477	0.80560	0.01178	0.00550	0.00157	0.00236	0.00982	0.00432	0.00393
73	0.03598	0.00838	0.01087	0.00852	0.01197	0.00772	0.00704	0.09607	0.03921	0.65968	0.01773	0.01689	0.01180	0.00604	0.00472	0.00147	0.00407	0.03863	0.00550	0.00768
74	0.00638	0.00475	0.00594	0.00564	0.00683	0.00430	0.00423	0.00839	0.01269	0.01752	0.66376	0.03662	0.18588	0.00993	0.00549	0.00148	0.00222	0.00868	0.00497	0.00430
75	0.01151	0.01105	0.01888	0.02855	0.80748	0.01105	0.01428	0.01428	0.01059	0.01520	0.00875	0.01151	0.00737	0.00415	0.00461	0.00138	0.00553	0.00415	0.00230	0.00737
76	0.01098	0.01255	0.02745	0.01961	0.02431	0.01176	0.79059	0.01490	0.01098	0.01490	0.00941	0.01255	0.00706	0.00392	0.00549	0.00157	0.00784	0.00549	0.00235	0.00627
77	0.01973	0.00766	0.01043	0.00808	0.01148	0.00664	0.00664	0.02156	0.01330	0.74731	0.08132	0.01735	0.01411	0.00606	0.00474	0.00144	0.00382	0.00498	0.00571	0.00763
78	0.01244	0.83930	0.02438	0.00796	0.01194	0.01841	0.00796	0.01393	0.00945	0.01095	0.00647	0.00746	0.00597	0.00398	0.00299	0.00100	0.00498	0.00249	0.00199	0.00597
79	0.01001	0.20095	0.64142	0.01211	0.01836	0.01245	0.01519	0.01456	0.00974	0.01391	0.00794	0.00931	0.00591	0.00432	0.00411	0.00137	0.00646	0.00323	0.00197	0.00668
80	0.00552	0.00462	0.00481	0.00496	0.00635	0.00391	0.00365	0.00665	0.01036	0.01247	0.04410	0.15602	0.69631	0.01218	0.00556	0.00162	0.00240	0.01030	0.00432	0.00391
81	0.00933	0.02406	0.81240	0.01326	0.02014	0.01080	0.01719	0.01473	0.00982	0.01473	0.00835	0.00982	0.00589	0.00442	0.00442	0.00147	0.00688	0.00344	0.00196	0.00688
82	0.01100	0.01057	0.01799	0.16745	0.62225	0.01101	0.03388	0.01405	0.02698	0.01464	0.00886	0.01180	0.00728	0.00434	0.00480	0.00143	0.01826	0.00420	0.00231	0.00692
83	0.00550	0.00470	0.00473	0.00476	0.00630	0.00392	0.00355	0.00667	0.01056	0.01255	0.04659	0.06435	0.78636	0.01185	0.00551	0.00158	0.00236	0.00990	0.00432	0.00392
84	0.00567	0.00405	0.00540	0.00648	0.00675	0.00378	0.00432	0.00648	0.00891	0.01188	0.02564	0.83347	0.03077	0.01457	0.00594	0.00189	0.00270	0.01323	0.00432	0.00378
85	0.00867	0.00434	0.00434	0.00434	0.00542	0.00434	0.00325	0.01084	0.00976	0.01734	0.01518	0.01734	0.01192	0.00542	0.00325	0.00108	0.00217	0.00434	0.86233	0.00434
86	0.01046	0.01041	0.01549	0.01558	0.16721	0.01356	0.03113	0.01189	0.00790	0.01207	0.00671	0.01050	0.00638	0.00726	0.01294	0.00190	0.64683	0.00412	0.00210	0.00556
87	0.01179	0.01157	0.01862	0.02778	0.77045	0.04873	0.01403	0.01448	0.01071	0.01502	0.00868	0.01137	0.00730	0.00418	0.00459	0.00137	0.00566	0.00409	0.00231	0.00728
88	0.00677	0.00451	0.00507	0.00507	0.00507	0.00451	0.00282	0.00677	0.00677	0.00902	0.01466	0.03044	0.01691	0.83650	0.02368	0.00451	0.00451	0.00677	0.00282	0.00282
89	0.00847	0.00646	0.00822	0.00878	0.01022	0.00683	0.00746	0.01323	0.19838	0.01524	0.02328	0.04412	0.02378	0.01129	0.00602	0.00201	0.00414	0.59266	0.00439	0.00502
90	0.02697	0.00828	0.01380	0.80802	0.03155	0.01034	0.01275	0.01192	0.00927	0.01208	0.00823	0.01230	0.00618	0.00464	0.00461	0.00155	0.00615	0.00410	0.00208	0.00517
91	0.00677	0.00451	0.00507	0.00507	0.00507	0.00451	0.00282	0.00677	0.00677	0.00902	0.01466	0.03044	0.01691	0.83650	0.02368	0.00451	0.00451	0.00677	0.00282	0.00282
92	0.00750	0.00535	0.00750	0.00857	0.00964	0.00535	0.00750	0.00964	0.01071	0.01392	0.02463	0.05248	0.02677	0.01285	0.00643	0.00214	0.00428	0.77617	0.00428	0.00428
93	0.00769	0.00557	0.00764	0.00861	0.00975	0.00565	0.00749	0.01034	0.04752	0.01418	0.02437	0.05084	0.02619	0.01255	0.00635	0.00212	0.00426	0.74017	0.00430	0.00443
94	0.00751	0.00548	0.00779	0.05473	0.01081	0.00559	0.00770	0.00966	0.01057	0.01374	0.02374	0.07523	0.02574	0.01244	0.00631	0.00210	0.00434	0.70803	0.00416	0.00432
95	0.00879	0.00827	0.01395	0.82532	0.03204	0.01034	0.01292	0.01189	0.00930	0.01189	0.00827	0.01240	0.00620	0.00465	0.00465	0.00155	0.00620	0.00413	0.00207	0.00517
96	0.02072	0.00817	0.01095	0.00840	0.01200	0.00721	0.00694	0.06039	0.01373	0.77239	0.01800	0.01561	0.01134	0.00575	0.00468	0.00144	0.00402	0.00465	0.00570	0.00792
97	0.00941	0.04491	0.79225	0.01312	0.01993	0.01100	0.01695	0.01471	0.00981	0.01464	0.00830	0.00976	0.00590	0.00441	0.00438	0.00146	0.00683	0.00341	0.00197	0.00685
98	0.01669	0.02024	0.01335	0.01190	0.01417	0.67253	0.00909	0.08097	0.01329	0.01283	0.00741	0.00879	0.00616	0.00519	0.00533	0.00130	0.08944	0.00320	0.00255	0.00557
99	0.00677	0.00451	0.00507	0.00507	0.00507	0.00451	0.00282	0.00677	0.00677	0.00902	0.01466	0.03044	0.01691	0.83650	0.02368	0.00451	0.00451	0.00677	0.00282	0.00282
100	0.00653	0.00488	0.00553	0.00556	0.00646	0.00460	0.00392	0.00789	0.03492	0.01248	0.14073	0.03788	0.29631	0.31983	0.01237	0.00271	0.00338	0.08643	0.00388	0.00373
101	0.00585	0.00473	0.00520	0.00508	0.00650	0.00408	0.00381	0.00736	0.01144	0.01455	0.29427	0.04150	0.55721	0.01104	0.00549	0.00154	0.00230	0.00936	0.00458	0.00408
102	0.00570	0.00407	0.00543	0.00651	0.00680	0.00381	0.00437	0.00653	0.00894	0.01191	0.02562	0.81978	0.03070	0.01454	0.00595	0.00189	0.00273	0.02660	0.00432	0.00379
103	0.00879	0.00827	0.01395	0.82532	0.03204	0.01034	0.01292	0.01189	0.00930	0.01189	0.00827	0.01240	0.00620	0.00465	0.00465	0.00155	0.00620	0.00413	0.00207	0.00517
104	0.00879	0.00827	0.01395	0.82532	0.03204	0.01034	0.01292	0.01189	0.00930	0.01189	0.00827	0.01240	0.00620	0.00465	0.00465	0.00155	0.00620	0.00413	0.00207	0.00517
105	0.01138	0.01089	0.01855	0.02796	0.78646	0.01088	0.01402	0.01413	0.01066	0.01529	0.02967	0.01212	0.00833	0.00429	0.00463	0.00138	0.00544	0.00426	0.00238	0.00729
106	0.01021	0.00835	0.00977	0.00702	0.01112	0.00639	0.00563	0.02751	0.01002	0.04433	0.00869	0.00990	0.00708	0.00357	0.00351	0.00073	0.00350	0.00285	0.00290	0.81691
107	0.00629	0.00485	0.00576	0.00551	0.00681	0.00437	0.00414	0.00834	0.02884	0.01644	0.51048	0.03806	0.32260	0.01028	0.00548	0.00151	0.00229	0.00886	0.00482	0.00428
108	0.00997	0.14006	0.59380	0.01334	0.07950	0.01168	0.01500	0.01442	0.00982	0.01424	0.00810	0.00960	0.00607	0.00428	0.00417	0.00135	0.00631	0.00332	0.00204	0.05293
109	0.85565	0.00924	0.01969	0.00623	0.00917	0.01044	0.00523	0.01369	0.00795	0.02077	0.00651	0.00759	0.00505	0.00432	0.00290	0.00144	0.00365	0.00253	0.00286	0.00507
110	0.00665	0.00498	0.00748	0.00748	0.00831	0.00582	0.00582	0.00831	0.00748	0.01080	0.01246	0.01828	0.01163	0.03489	0.81807	0.00748	0.01246	0.00498	0.00249	0.00415
111	0.01250	0.77609	0.02357	0.00828	0.01203	0.04430	0.00809	0.01396	0.00947	0.01097	0.00648	0.00761	0.00598	0.00419	0.00357	0.00105	0.04138	0.00257	0.00201	0.00591
112	0.00553	0.00471	0.00475	0.00474	0.00630	0.00394	0.00356	0.00673	0.01067	0.01272	0.06651	0.04452	0.78612	0.01172	0.00550	0.00157	0.00235	0.00978	0.00434	0.00394
113	0.01768	0.01303	0.01396	0.01070	0.01443	0.01443	0.00884	0.79197	0.02187	0.02932	0.01117	0.01117	0.00791	0.00558	0.00465	0.00140	0.00512	0.00419	0.00465	0.00791
114	0.00677	0.00451	0.00507	0.00507	0.00507	0.00451	0.00282	0.00677	0.00677	0.00902	0.01466	0.03044	0.01691	0.83650	0.02368	0.00451	0.00451	0.00677	0.00282	0.00282
115	0.00567	0.00405	0.00540	0.00648	0.00675	0.00378	0.00432	0.00648	0.00891	0.01188	0.02564	0.83347	0.03077	0.01457	0.00594	0.00189	0.00270	0.01323	0.00432	0.00378
116	0.00550	0.00471	0.00471	0.00471	0.00628	0.00393	0.00353	0.00668	0.01060	0.01257	0.04713	0.04477	0.80560	0.01178	0.00550	0.00157	0.00236	0.00982	0.00432	0.00393
117	0.01177	0.01009	0.01063	0.00951	0.01217	0.01166	0.00741	0.04930	0.77418	0.01978	0.01869	0.01716	0.01400	0.00629	0.00473	0.00157	0.00373	0.00523	0.00473	0.00738
118	0.01738	0.02217	0.01318	0.01199	0.01438	0.81783	0.00899	0.01858	0.01318	0.01139	0.00719	0.00839	0.00599	0.00479	0.00419	0.00120	0.00839	0.00300	0.00240	0.00539
119	0.00688	0.00489	0.00537	0.00530	0.00571	0.00487	0.00322	0.00790	0.05823	0.01023	0.01989	0.03179	0.13706	0.65737	0.01969	0.00387	0.00413	0.00713	0.00317	0.00328
120	0.01018	0.01018	0.01425	0.01221	0.01221	0.01425	0.01018	0.01120	0.00712	0.01120	0.00611	0.01018	0.00611	0.00814	0.01527	0.00204	0.82799	0.00407	0.00204	0.00509
121	0.01128	0.00933	0.01001	0.00895	0.01145	0.01057	0.00697	0.04748	0.64883	0.03828	0.10056	0.01979	0.04234	0.00678	0.00483	0.00156	0.00354	0.00568	0.00478	0.00698
122	0.00933	0.02406	0.81240	0.01326	0.02014	0.01080	0.01719	0.01473	0.00982	0.01473	0.00835	0.00982	0.00589	0.00442	0.00442	0.00147	0.00688	0.00344	0.00196	0.00688
123	0.01160	0.01221	0.02610	0.01871	0.02331	0.01146	0.72705	0.01557	0.02627	0.06423	0.01015	0.01284	0.00747	0.00408	0.00543	0.00156	0.00752	0.00544	0.00261	0.00640
124	0.00750	0.00535	0.00750	0.00857	0.00964	0.00535	0.00750	0.00964	0.01071	0.01392	0.02463	0.05248	0.02677	0.01285	0.00643	0.00214	0.00428	0.77617	0.00428	0.00428
125	0.00663	0.00491	0.00715	0.00717	0.00789	0.00561	0.00543	0.00808	0.00743	0.01062	0.01306	0.04073	0.01274	0.12708	0.70522	0.00699	0.01129	0.00540	0.00258	0.00399
126	0.01151	0.01105	0.01888	0.02855	0.80748	0.01105	0.01428	0.01428	0.01059	0.01520	0.00875	0.01151	0.00737	0.00415	0.00461	0.00138	0.00553	0.00415	0.00230	0.00737
127	0.01024	0.01025	0.01466	0.01289	0.03793	0.01410	0.02610	0.01137	0.00731	0.01140	0.00626	0.01027	0.00617	0.00793	0.01473	0.00201	0.78505	0.00410	0.00205	0.00519
128	0.01151	0.01105	0.01888	0.02855	0.80748	0.01105	0.01428	0.01428	0.01059	0.01520	0.00875	0.01151	0.00737	0.00415	0.00461	0.00138	0.00553	0.00415	0.00230	0.00737
129	0.00565	0.00413	0.00531	0.00625	0.00669	0.00380	0.00422	0.00650	0.00912	0.01196	0.02836	0.73351	0.12897	0.01422	0.00588	0.00185	0.00266	0.01279	0.00432	0.00380
130	0.00658	0.00476	0.00622	0.00585	0.00695	0.00439	0.00439	0.00878	0.01317	0.01866	0.80503	0.03475	0.04390	0.00951	0.00549	0.00146	0.00219	0.00841	0.00512	0.00439
131	0.01244	0.83930	0.02438	0.00796	0.01194	0.01841	0.00796	0.01393	0.00945	0.01095	0.00647	0.00746	0.00597	0.00398	0.00299	0.00100	0.00498	0.00249	0.00199	0.00597
132	0.00677	0.00451	0.00507	0.00507	0.00507	0.00451	0.00282	0.00677	0.00677	0.00902	0.01466	0.03044	0.01691	0.83650	0.02368	0.00451	0.00451	0.00677	0.00282	0.00282
133	0.00644	0.00473	0.00603	0.00575	0.00687	0.00432	0.00430	0.00848	0.01276	0.01780	0.70036	0.06185	0.12311	0.00991	0.00550	0.00149	0.00223	0.00872	0.00501	0.00432
134	0.00551	0.00468	0.00474	0.00479	0.00630	0.00392	0.00357	0.00667	0.01053	0.01254	0.04621	0.07848	0.77248	0.01190	0.00552	0.00158	0.00237	0.00996	0.00432	0.00392
135	0.01072	0.01055	0.01426	0.01204	0.01288	0.04958	0.06205	0.05636	0.04699	0.01284	0.00788	0.01141	0.00717	0.00995	0.08740	0.00241	0.57344	0.00427	0.00239	0.00537
136	0.00676	0.00453	0.00515	0.00515	0.00518	0.00455	0.00292	0.00682	0.00679	0.00908	0.01459	0.03005	0.01674	0.81036	0.04959	0.00461	0.00477	0.00671	0.00281	0.00286
137	0.00750	0.00535	0.00750	0.00857	0.00964	0.00535	0.00750	0.00964	0.01071	0.01392	0.02463	0.05248	0.02677	0.01285	0.00643	0.00214	0.00428	0.77617	0.00428	0.00428
138	0.00933	0.02406	0.81240	0.01326	0.02014	0.01080	0.01719	0.01473	0.00982	0.01473	0.00835	0.00982	0.00589	0.00442	0.00442	0.00147	0.00688	0.00344	0.00196	0.00688
139	0.00933	0.02406	0.81240	0.01326	0.02014	0.01080	0.01719	0.01473	0.00982	0.01473	0.00835	0.00982	0.00589	0.00442	0.00442	0.00147	0.00688	0.00344	0.00196	0.00688
140	0.00553	0.00471	0.00475	0.00474	0.00630	0.00394	0.00356	0.00673	0.01067	0.01272	0.06609	0.04452	0.78654	0.01173	0.00550	0.00157	0.00235	0.00978	0.00434	0.00394
141	0.01244	0.83930	0.02438	0.00796	0.01194	0.01841	0.00796	0.01393	0.00945	0.01095	0.00647	0.00746	0.00597	0.00398	0.00299	0.00100	0.00498	0.00249	0.00199	0.00597
142	0.01117	0.01070	0.01826	0.12954	0.70921	0.01096	0.01411	0.01397	0.01043	0.01478	0.00869	0.01163	0.00722	0.00421	0.00461	0.00140	0.00561	0.00414	0.00227	0.00709
143	0.00933	0.02406	0.81240	0.01326	0.02014	0.01080	0.01719	0.01473	0.00982	0.01473	0.00835	0.00982	0.00589	0.00442	0.00442	0.00147	0.00688	0.00344	0.00196	0.00688
144	0.00553	0.00471	0.00476	0.00475	0.00630	0.00394	0.00356	0.00674	0.01068	0.01276	0.07092	0.04446	0.78168	0.01171	0.00550	0.00157	0.00235	0.00977	0.00435	0.00394
145	0.01767	0.01333	0.01394	0.01075	0.01443	0.04063	0.00885	0.76675	0.02159	0.02873	0.01104	0.01108	0.00785	0.00556	0.00464	0.00139	0.00523	0.00415	0.00458	0.00783
146	0.00970	0.02354	0.78660	0.01310	0.01987	0.01068	0.01686	0.01499	0.00993	0.04035	0.00867	0.01002	0.00607	0.00446	0.00443	0.00147	0.00678	0.00348	0.00209	0.00691
147	0.00745	0.00532	0.00744	0.00852	0.00957	0.00532	0.00742	0.00956	0.01066	0.01387	0.02466	0.07201	0.02687	0.01289	0.00641	0.00214	0.00424	0.75709	0.00428	0.00427
148	0.01151	0.01105	0.01888	0.02855	0.80748	0.01105	0.01428	0.01428	0.01059	0.01520	0.00875	0.01151	0.00737	0.00415	0.00461	0.00138	0.00553	0.00415	0.00230	0.00737
149	0.00566	0.00406	0.00538	0.00644	0.00674	0.00378	0.00430	0.00648	0.00894	0.01189	0.02608	0.81743	0.04652	0.01452	0.00593	0.00188	0.00269	0.01316	0.00432	0.00378
150	0.01909	0.01051	0.01237	0.00951	0.01315	0.01072	0.00785	0.40611	0.03418	0.40458	0.01479	0.01354	0.00978	0.00568	0.00467	0.00142	0.00453	0.00445	0.00519	0.00790
151	0.00675	0.00476	0.00630	0.00626	0.00727	0.00444	0.00474	0.00873	0.01229	0.02874	0.59714	0.15373	0.03970	0.01055	0.00564	0.00160	0.00251	0.08958	0.00492	0.00434
152	0.01738	0.02217	0.01318	0.01199	0.01438	0.81783	0.00899	0.01858	0.01318	0.01139	0.00719	0.00839	0.00599	0.00479	0.00419	0.00120	0.00839	0.00300	0.00240	0.00539
153	0.02040	0.00868	0.01127	0.00864	0.01226	0.00797	0.00714	0.13723	0.01459	0.69435	0.01728	0.01514	0.01098	0.00573	0.00467	0.00143	0.00413	0.00461	0.00559	0.00792
154	0.00879	0.00827	0.01395	0.82532	0.03204	0.01034	0.01292	0.01189	0.00930	0.01189	0.00827	0.01240	0.00620	0.00465	0.00465	0.00155	0.00620	0.00413	0.00207	0.00517
155	0.02087	0.00792	0.01080	0.00828	0.01188	0.00684	0.00684	0.02267	0.01332	0.81071	0.01835	0.01583	0.01152	0.00576	0.00468	0.00144	0.00396	0.00468	0.00576	0.00792
156	0.00879	0.00827	0.01395	0.82532	0.03204	0.01034	0.01292	0.01189	0.00930	0.01189	0.00827	0.01240	0.00620	0.00465	0.00465	0.00155	0.00620	0.00413	0.00207	0.00517
157	0.00621	0.00530	0.00541	0.00528	0.00695	0.00479	0.00399	0.00875	0.09773	0.01355	0.07184	0.04138	0.69028	0.01109	0.00541	0.00157	0.00250	0.00926	0.00440	0.00432
158	0.00926	0.00571	0.00632	0.00574	0.00720	0.00578	0.00442	0.12078	0.01260	0.01947	0.27651	0.02224	0.02196	0.00680	0.00419	0.00125	0.00259	0.00567	0.45663	0.00486
159	0.02032	0.00880	0.01134	0.00870	0.01232	0.00815	0.00718	0.15533	0.01479	0.67596	0.01711	0.01503	0.01089	0.00573	0.00467	0.00143	0.00416	0.00459	0.00557	0.00792
160	0.00933	0.02406	0.81240	0.01326	0.02014	0.01080	0.01719	0.01473	0.00982	0.01473	0.00835	0.00982	0.00589	0.00442	0.00442	0.00147	0.00688	0.00344	0.00196	0.00688
161	0.00933	0.02406	0.81240	0.01326	0.02014	0.01080	0.01719	0.01473	0.00982	0.01473	0.00835	0.00982	0.00589	0.00442	0.00442	0.00147	0.00688	0.00344	0.00196	0.00688
162	0.00675	0.00450	0.00508	0.00510	0.00510	0.00450	0.00284	0.00676	0.00680	0.00906	0.01483	0.04293	0.01713	0.82373	0.02340	0.00447	0.00448	0.00687	0.00284	0.00283
163	0.00567	0.00405	0.00540	0.00648	0.00675	0.00378	0.00432	0.00648	0.00891	0.01188	0.02564	0.83347	0.03077	0.01457	0.00594	0.00189	0.00270	0.01323	0.00432	0.00378
164	0.01146	0.01100	0.01879	0.04428	0.79218	0.01104	0.01425	0.01423	0.01057	0.01513	0.00874	0.01153	0.00735	0.00416	0.00461	0.00139	0.00554	0.00414	0.00230	0.00733
165	0.01198	0.01331	0.01406	0.45016	0.08023	0.28624	0.01154	0.01431	0.01061	0.01192	0.00783	0.01086	0.00621	0.00484	0.00502	0.00144	0.04811	0.00374	0.00219	0.00540

[dist]
# distance from previous block
# <min> <max>
0	40

# created by:
# /home/cegg/simao/soft/augustus-3.2.1/scripts/msa2prfl.pl ./align_prep/EOG091G0OI8.fa
