[name]
unknown

[dist]
# distance from previous block
# <min> <max>
8	107

[block]
# block no. 0 follows, 42 sequences, length 7
# corresponding to MSA columns:
# 123-129
name=unknown_A
#
# <colnr> <probs for GDERKNQSTAVLIFYWHMCP>
#	G	D	E	R	K	N	Q	S	T	A	V	L	I	F	Y	W	H	M	C	P
0	0.01290	0.01041	0.01321	0.13211	0.10666	0.04478	0.00950	0.08370	0.01400	0.07306	0.09906	0.08653	0.05706	0.03323	0.00630	0.00170	0.00522	0.00658	0.00418	0.19980
1	0.02720	0.01168	0.03848	0.01307	0.04145	0.05163	0.12107	0.12938	0.04598	0.05075	0.05743	0.15292	0.05372	0.03144	0.08184	0.00264	0.03846	0.00780	0.00430	0.03875
2	0.00866	0.00699	0.00757	0.00694	0.00920	0.00624	0.00529	0.07789	0.01417	0.01813	0.12392	0.10308	0.48798	0.01256	0.00636	0.00180	0.00330	0.01057	0.00519	0.08417
3	0.01442	0.01099	0.01459	0.12381	0.05645	0.04166	0.05585	0.04592	0.01321	0.14302	0.01378	0.07165	0.01132	0.00608	0.00517	0.00141	0.00548	0.00527	0.00397	0.35593
4	0.77420	0.01044	0.00810	0.00730	0.01050	0.01204	0.00588	0.01586	0.00946	0.02408	0.00864	0.01139	0.00726	0.07001	0.00553	0.00204	0.00444	0.00346	0.00348	0.00588
5	0.01425	0.01124	0.01194	0.01061	0.01369	0.01267	0.00829	0.06772	0.57654	0.05763	0.02357	0.02209	0.05251	0.00777	0.00560	0.00183	0.00432	0.00642	0.08288	0.00843
6	0.01116	0.01036	0.01664	0.40417	0.22348	0.01180	0.01397	0.01499	0.05226	0.01595	0.01539	0.09018	0.05403	0.00733	0.00627	0.00188	0.03365	0.00649	0.00316	0.00685

[dist]
# distance from previous block
# <min> <max>
0	2

[block]
# block no. 1 follows, 42 sequences, length 6
# corresponding to MSA columns:
# 132-137
name=unknown_B
#
# <colnr> <probs for GDERKNQSTAVLIFYWHMCP>
#	G	D	E	R	K	N	Q	S	T	A	V	L	I	F	Y	W	H	M	C	P
0	0.01046	0.00760	0.00910	0.00818	0.01059	0.00685	0.00621	0.05856	0.04467	0.06370	0.16235	0.23478	0.13049	0.01127	0.00611	0.00174	0.00367	0.02882	0.00513	0.18972
1	0.01253	0.01175	0.01943	0.11599	0.11773	0.01288	0.18629	0.08360	0.05339	0.01837	0.05745	0.04969	0.01350	0.03732	0.06571	0.00259	0.12486	0.00641	0.00348	0.00704
2	0.05687	0.02241	0.01580	0.01514	0.06813	0.53959	0.01092	0.05533	0.09984	0.01670	0.01057	0.01184	0.00855	0.00613	0.00568	0.00158	0.04039	0.00412	0.00335	0.00706
3	0.25967	0.01525	0.01355	0.01215	0.05543	0.18941	0.00916	0.15142	0.01585	0.20790	0.01274	0.01288	0.00907	0.00605	0.00488	0.00166	0.00625	0.00429	0.00455	0.00783
4	0.01257	0.01447	0.08108	0.01908	0.02399	0.01286	0.48359	0.04547	0.08820	0.01875	0.01694	0.08415	0.05736	0.00682	0.00646	0.00192	0.00784	0.00748	0.00355	0.00742
5	0.00994	0.00821	0.06077	0.00891	0.01085	0.00680	0.00704	0.03777	0.06715	0.07481	0.06700	0.48001	0.06158	0.01357	0.00654	0.00203	0.00392	0.01205	0.00515	0.05590

[dist]
# distance from previous block
# <min> <max>
0	1

[block]
# block no. 2 follows, 42 sequences, length 13
# corresponding to MSA columns:
# 139-151
name=unknown_C
#
# <colnr> <probs for GDERKNQSTAVLIFYWHMCP>
#	G	D	E	R	K	N	Q	S	T	A	V	L	I	F	Y	W	H	M	C	P
0	0.00760	0.00616	0.00708	0.00774	0.00865	0.03737	0.00546	0.00891	0.01156	0.01488	0.07892	0.47485	0.19079	0.01870	0.09086	0.00287	0.00471	0.01316	0.00495	0.00479
1	0.00905	0.00705	0.00839	0.00802	0.00969	0.00709	0.00601	0.01432	0.17923	0.02111	0.44563	0.13316	0.10601	0.01166	0.00651	0.00188	0.00315	0.01021	0.00588	0.00597
2	0.02091	0.01552	0.01662	0.01285	0.01727	0.01723	0.01058	0.70149	0.07411	0.03469	0.01412	0.01400	0.01007	0.00681	0.00564	0.00170	0.00608	0.00515	0.00564	0.00953
3	0.01679	0.01265	0.01357	0.01132	0.01476	0.01409	0.00899	0.33717	0.31682	0.04867	0.01863	0.04649	0.01450	0.04080	0.00658	0.00193	0.00510	0.00614	0.05639	0.00860
4	0.84197	0.01088	0.00827	0.00740	0.01088	0.01262	0.00609	0.01654	0.00958	0.02525	0.00784	0.00914	0.00609	0.00522	0.00348	0.00174	0.00435	0.00305	0.00348	0.00609
5	0.01030	0.00911	0.00856	0.00812	0.00993	0.11492	0.00607	0.04098	0.01473	0.04030	0.29275	0.13886	0.26004	0.01203	0.00642	0.00183	0.00406	0.01020	0.00530	0.00551
6	0.01387	0.01079	0.01245	0.00936	0.01386	0.00953	0.00753	0.10482	0.07971	0.06699	0.01248	0.01345	0.00975	0.00518	0.00496	0.00115	0.02585	0.00405	0.02701	0.56722
7	0.02044	0.01422	0.01563	0.01227	0.01647	0.01556	0.01005	0.54600	0.11653	0.12039	0.01578	0.01543	0.01121	0.00816	0.03339	0.00199	0.00613	0.00533	0.00571	0.00932
8	0.00705	0.00505	0.00653	0.00764	0.00805	0.00473	0.00513	0.00801	0.01071	0.01416	0.03114	0.65904	0.07588	0.09296	0.00924	0.00258	0.00352	0.03904	0.00505	0.00449
9	0.01505	0.80561	0.02949	0.00963	0.01444	0.02227	0.00963	0.01685	0.01143	0.01324	0.00782	0.00903	0.00722	0.00481	0.00361	0.00120	0.00602	0.00301	0.00241	0.00722
10	0.01348	0.01145	0.01538	0.01269	0.01508	0.06011	0.11734	0.10507	0.06206	0.06266	0.08419	0.02016	0.01543	0.06533	0.14525	0.00338	0.14113	0.00616	0.03695	0.00669
11	0.00802	0.00579	0.00699	0.00703	0.00828	0.00532	0.00507	0.01001	0.02993	0.03719	0.29429	0.20556	0.23212	0.09216	0.00893	0.00230	0.00327	0.02729	0.00544	0.00501
12	0.00698	0.00536	0.00623	0.00673	0.00777	0.00479	0.00467	0.00820	0.01184	0.01510	0.10161	0.35562	0.34351	0.08437	0.00879	0.00236	0.00323	0.01310	0.00515	0.00461

[dist]
# distance from previous block
# <min> <max>
0	29

[block]
# block no. 3 follows, 42 sequences, length 11
# corresponding to MSA columns:
# 181-191
name=unknown_D
#
# <colnr> <probs for GDERKNQSTAVLIFYWHMCP>
#	G	D	E	R	K	N	Q	S	T	A	V	L	I	F	Y	W	H	M	C	P
0	0.73838	0.01068	0.00869	0.00777	0.01108	0.01235	0.00636	0.04599	0.01022	0.02465	0.00868	0.01041	0.00691	0.00839	0.06871	0.00235	0.00533	0.00338	0.00353	0.00615
1	0.78229	0.01048	0.00805	0.00725	0.01057	0.01209	0.00594	0.01630	0.00974	0.02494	0.00859	0.00999	0.00669	0.00532	0.00352	0.00171	0.00423	0.00321	0.06305	0.00603
2	0.00715	0.00519	0.00665	0.00757	0.00818	0.00482	0.00522	0.00835	0.01140	0.01509	0.09869	0.55943	0.11278	0.07058	0.00859	0.00243	0.00343	0.05465	0.00518	0.00461
3	0.01493	0.01006	0.01208	0.00890	0.01358	0.00813	0.00718	0.05814	0.01362	0.17844	0.04471	0.01464	0.01148	0.00521	0.00467	0.00111	0.00435	0.00421	0.00435	0.58021
4	0.00798	0.00599	0.00729	0.00718	0.00860	0.00554	0.00535	0.03730	0.01458	0.01962	0.41039	0.17257	0.22889	0.01318	0.00673	0.00191	0.00302	0.03295	0.00573	0.00520
5	0.84197	0.01088	0.00827	0.00740	0.01088	0.01262	0.00609	0.01654	0.00958	0.02525	0.00784	0.00914	0.00609	0.00522	0.00348	0.00174	0.00435	0.00305	0.00348	0.00609
6	0.01814	0.01347	0.01456	0.01198	0.01583	0.01501	0.00963	0.34074	0.37854	0.09142	0.01878	0.01760	0.01361	0.00720	0.00568	0.00180	0.00523	0.00574	0.00579	0.00925
7	0.00732	0.00575	0.00665	0.00684	0.00822	0.00520	0.00496	0.00949	0.04205	0.01712	0.22347	0.24845	0.36574	0.01422	0.00675	0.00197	0.00298	0.01234	0.00548	0.00500
8	0.00830	0.00574	0.00692	0.00747	0.00846	0.00551	0.00542	0.03596	0.01200	0.01644	0.05470	0.35865	0.14246	0.08719	0.00863	0.00238	0.00365	0.10394	0.12131	0.00487
9	0.03963	0.00556	0.00706	0.00777	0.00867	0.00524	0.00547	0.00987	0.01172	0.05901	0.10247	0.57326	0.06160	0.01537	0.00678	0.00214	0.00335	0.03485	0.03513	0.00504
10	0.00775	0.00572	0.00664	0.00663	0.00818	0.00501	0.00488	0.00947	0.01347	0.04529	0.25113	0.17988	0.40808	0.01380	0.00670	0.00193	0.00294	0.01189	0.00556	0.00506

[dist]
# distance from previous block
# <min> <max>
0	15

[block]
# block no. 4 follows, 42 sequences, length 50
# corresponding to MSA columns:
# 207-256
name=unknown_E
#
# <colnr> <probs for GDERKNQSTAVLIFYWHMCP>
#	G	D	E	R	K	N	Q	S	T	A	V	L	I	F	Y	W	H	M	C	P
0	0.04198	0.02844	0.74481	0.01572	0.02386	0.01305	0.02025	0.01777	0.01180	0.01810	0.01002	0.01178	0.00709	0.00534	0.00528	0.00178	0.00817	0.00412	0.00242	0.00823
1	0.01129	0.02911	0.77306	0.01604	0.02436	0.01307	0.02079	0.01782	0.01188	0.01782	0.01010	0.01188	0.00713	0.00535	0.00535	0.00178	0.00832	0.00416	0.00238	0.00832
2	0.01505	0.80561	0.02949	0.00963	0.01444	0.02227	0.00963	0.01685	0.01143	0.01324	0.00782	0.00903	0.00722	0.00481	0.00361	0.00120	0.00602	0.00301	0.00241	0.00722
3	0.01255	0.07289	0.03565	0.14124	0.22936	0.01123	0.04325	0.03187	0.02962	0.07918	0.09426	0.07080	0.10877	0.00793	0.00582	0.00177	0.00562	0.00704	0.00397	0.00721
4	0.03813	0.00739	0.00907	0.00874	0.00977	0.02594	0.00643	0.06486	0.01042	0.01472	0.01638	0.09203	0.01678	0.23720	0.38113	0.00628	0.03903	0.00720	0.00350	0.00501
5	0.40755	0.05926	0.04267	0.01060	0.01444	0.10367	0.06652	0.04738	0.01266	0.11273	0.04384	0.01422	0.01042	0.00608	0.00461	0.00171	0.00577	0.02503	0.00393	0.00691
6	0.02961	0.04200	0.01324	0.03095	0.01443	0.12189	0.00867	0.22465	0.17055	0.02277	0.07176	0.04186	0.09235	0.06179	0.00728	0.00201	0.00566	0.02634	0.00485	0.00733
7	0.00831	0.00637	0.00932	0.00918	0.01005	0.00753	0.00709	0.01012	0.00896	0.01293	0.01481	0.02260	0.01414	0.09614	0.67887	0.00838	0.06111	0.00612	0.00301	0.00497
8	0.06906	0.01341	0.01477	0.01156	0.01575	0.01437	0.00949	0.46131	0.07685	0.19965	0.01603	0.01537	0.01110	0.00677	0.00545	0.00171	0.00550	0.00519	0.03750	0.00915
9	0.01391	0.04923	0.05098	0.21456	0.30434	0.08158	0.07031	0.06088	0.01327	0.01752	0.01028	0.01357	0.00825	0.00560	0.00595	0.01409	0.02099	0.00483	0.00288	0.03698
10	0.00831	0.00603	0.00811	0.00812	0.00947	0.00552	0.03389	0.01010	0.01286	0.04673	0.20149	0.30582	0.19558	0.03584	0.00751	0.00217	0.00360	0.08836	0.00537	0.00512
11	0.00728	0.00533	0.00681	0.00773	0.00850	0.00496	0.00554	0.00863	0.01167	0.01530	0.08857	0.48997	0.15025	0.05088	0.00809	0.00237	0.00352	0.11472	0.00521	0.00469
12	0.04678	0.00698	0.00838	0.00840	0.00975	0.00703	0.00608	0.05302	0.07722	0.07200	0.09959	0.36980	0.02984	0.12548	0.00972	0.00257	0.00405	0.05253	0.00518	0.00560
13	0.01396	0.03825	0.02305	0.03376	0.74348	0.01365	0.01703	0.01726	0.01277	0.01822	0.01050	0.01377	0.00886	0.00501	0.00551	0.00166	0.00666	0.00495	0.00277	0.00886
14	0.00836	0.00650	0.00966	0.00947	0.01040	0.00780	0.00743	0.01031	0.00901	0.01310	0.01450	0.02137	0.01357	0.03978	0.72285	0.00855	0.07330	0.00595	0.00297	0.00511
15	0.00817	0.00553	0.00651	0.00651	0.00664	0.00566	0.00387	0.00842	0.00829	0.01119	0.01739	0.03494	0.01964	0.70491	0.12484	0.00592	0.00669	0.00791	0.00336	0.00362
16	0.00766	0.00553	0.00702	0.00787	0.00872	0.00521	0.00569	0.02546	0.01209	0.01611	0.08671	0.50756	0.12735	0.01584	0.00700	0.00219	0.00346	0.10840	0.03525	0.00487
17	0.02492	0.01011	0.01339	0.01027	0.01463	0.00906	0.00848	0.08962	0.01700	0.70756	0.02145	0.01867	0.01355	0.00695	0.00566	0.00174	0.00491	0.00561	0.00685	0.00958
18	0.01129	0.02911	0.77306	0.01604	0.02436	0.01307	0.02079	0.01782	0.01188	0.01782	0.01010	0.01188	0.00713	0.00535	0.00535	0.00178	0.00832	0.00416	0.00238	0.00832
19	0.79402	0.01081	0.00855	0.00755	0.01109	0.01237	0.00622	0.01718	0.00996	0.06904	0.00868	0.00973	0.00655	0.00533	0.00361	0.00174	0.00438	0.00320	0.00369	0.00630
20	0.01023	0.00634	0.00763	0.00699	0.00904	0.00554	0.00535	0.01224	0.01450	0.14297	0.31993	0.06134	0.35243	0.01208	0.00649	0.00183	0.00311	0.01030	0.00588	0.00576
21	0.01041	0.00803	0.06439	0.00851	0.01076	0.00634	0.00730	0.01303	0.01450	0.11771	0.36337	0.08425	0.13117	0.01180	0.00663	0.00194	0.00381	0.12441	0.00568	0.00596
22	0.01575	0.01430	0.01306	0.01112	0.01399	0.20746	0.05763	0.16047	0.10229	0.02195	0.03234	0.01761	0.02991	0.00669	0.00507	0.00155	0.00592	0.00528	0.27063	0.00699
23	0.37179	0.01515	0.03499	0.04446	0.14151	0.15506	0.02910	0.06854	0.01289	0.04760	0.00957	0.01131	0.00747	0.00557	0.00490	0.00170	0.02391	0.00395	0.00342	0.00711
24	0.01285	0.04811	0.02040	0.01603	0.01728	0.03909	0.13451	0.01470	0.00973	0.01428	0.00811	0.01258	0.00757	0.00866	0.01546	0.00228	0.60428	0.00509	0.00254	0.00645
25	0.03052	0.06033	0.10482	0.01133	0.01538	0.01310	0.01014	0.23575	0.07901	0.07142	0.04218	0.01658	0.01224	0.05875	0.04164	0.00219	0.05726	0.00513	0.00434	0.12793
26	0.00793	0.00643	0.00724	0.00783	0.00882	0.03646	0.00550	0.01005	0.05309	0.01608	0.13119	0.49282	0.16518	0.01520	0.00685	0.00210	0.00345	0.01347	0.00529	0.00502
27	0.00845	0.00561	0.00698	0.00726	0.00773	0.00560	0.00478	0.00926	0.00996	0.03958	0.05055	0.30516	0.04084	0.35258	0.06490	0.00398	0.02452	0.01068	0.03719	0.00437
28	0.00772	0.00566	0.00709	0.00737	0.00839	0.00528	0.00524	0.03044	0.01336	0.01810	0.31349	0.36844	0.13121	0.04212	0.00762	0.00214	0.00314	0.01268	0.00554	0.00498
29	0.11249	0.01015	0.01282	0.00994	0.01421	0.00939	0.00821	0.07724	0.01614	0.63909	0.02005	0.01768	0.01278	0.00676	0.00542	0.00174	0.00484	0.00534	0.00650	0.00920
30	0.04155	0.05040	0.01678	0.01245	0.01679	0.04330	0.01030	0.64511	0.02450	0.03273	0.01456	0.01459	0.03721	0.00688	0.00550	0.00167	0.00615	0.00513	0.00532	0.00910
31	0.09792	0.00952	0.01393	0.06728	0.04212	0.00937	0.09353	0.04707	0.01338	0.27822	0.01905	0.14399	0.01650	0.05538	0.03840	0.00239	0.00583	0.03396	0.00492	0.00724
32	0.04838	0.45140	0.10792	0.04831	0.08131	0.06724	0.04387	0.06352	0.01284	0.01636	0.00898	0.01065	0.00753	0.00513	0.00441	0.00144	0.00675	0.00372	0.00274	0.00752
33	0.01371	0.17088	0.21355	0.01282	0.03546	0.07820	0.02870	0.06206	0.11946	0.03586	0.06693	0.03478	0.04064	0.02869	0.00637	0.00179	0.03343	0.00547	0.00369	0.00751
34	0.01507	0.23864	0.09739	0.01541	0.08332	0.14751	0.07842	0.05389	0.05727	0.01647	0.01130	0.01316	0.03000	0.00626	0.00678	0.00166	0.11251	0.00455	0.00300	0.00739
35	0.03437	0.01073	0.01200	0.00898	0.01354	0.02861	0.00719	0.07576	0.03940	0.07832	0.03824	0.01387	0.01078	0.00509	0.00455	0.00109	0.00447	0.00404	0.02005	0.58893
36	0.04083	0.12346	0.15908	0.01359	0.04758	0.05188	0.08688	0.08173	0.08570	0.07578	0.06051	0.06986	0.01424	0.00848	0.03028	0.02618	0.00661	0.00590	0.00392	0.00750
37	0.01391	0.18908	0.10960	0.01664	0.08516	0.06014	0.18875	0.04779	0.11794	0.01778	0.01278	0.04598	0.01064	0.00734	0.03238	0.00195	0.02571	0.00546	0.00330	0.00767
38	0.00759	0.00579	0.00670	0.00717	0.00823	0.00543	0.00511	0.00938	0.04408	0.01467	0.03739	0.26718	0.29648	0.16740	0.01114	0.00278	0.00380	0.09012	0.00489	0.00467
39	0.00798	0.00603	0.00733	0.00770	0.00893	0.00571	0.00566	0.03522	0.04001	0.01748	0.18312	0.35296	0.21151	0.01469	0.00689	0.00208	0.00335	0.07278	0.00545	0.00514
40	0.01487	0.01718	0.11520	0.07497	0.24492	0.10874	0.16305	0.10511	0.04581	0.01974	0.02883	0.01443	0.00977	0.00561	0.00574	0.00173	0.00769	0.00525	0.00328	0.00809
41	0.06591	0.13347	0.33811	0.03890	0.09903	0.07403	0.08025	0.01864	0.04237	0.04345	0.01062	0.01238	0.00805	0.00537	0.00513	0.00168	0.00752	0.00436	0.00287	0.00789
42	0.00685	0.00493	0.00650	0.00776	0.00814	0.00458	0.00519	0.00784	0.01085	0.01440	0.03192	0.77261	0.06257	0.01751	0.00716	0.00227	0.00325	0.01585	0.00522	0.00458
43	0.01167	0.01000	0.01167	0.00834	0.01334	0.00750	0.00667	0.01417	0.01167	0.01834	0.01000	0.01167	0.00834	0.00417	0.00417	0.00083	0.00417	0.00333	0.00333	0.83663
44	0.08440	0.06203	0.02609	0.03529	0.09588	0.01128	0.02783	0.08602	0.07354	0.29461	0.07040	0.04960	0.01551	0.00837	0.03231	0.00199	0.00553	0.00595	0.00516	0.00819
45	0.01179	0.00907	0.01076	0.00809	0.01231	0.00705	0.00642	0.01420	0.01267	0.07393	0.11783	0.01953	0.07093	0.00613	0.00480	0.00111	0.00391	0.00508	0.00413	0.60026
46	0.00796	0.03744	0.00799	0.00762	0.02766	0.00589	0.00540	0.00984	0.01334	0.01805	0.32600	0.21297	0.20986	0.04010	0.00726	0.00200	0.00317	0.01119	0.04117	0.00511
47	0.01302	0.08982	0.05945	0.01220	0.05270	0.07580	0.04083	0.06410	0.13844	0.03714	0.03685	0.15845	0.04371	0.00985	0.03543	0.00199	0.01739	0.00718	0.00420	0.10146
48	0.04549	0.33314	0.13962	0.03864	0.03544	0.05861	0.01093	0.04600	0.05063	0.03603	0.10444	0.03102	0.01461	0.02676	0.00541	0.00163	0.00603	0.00494	0.00344	0.00717
49	0.04853	0.33218	0.06240	0.01240	0.04258	0.01668	0.07134	0.10787	0.10888	0.04826	0.04490	0.01393	0.01123	0.00580	0.00478	0.00151	0.00591	0.00456	0.00371	0.05257

[dist]
# distance from previous block
# <min> <max>
3	17

[block]
# block no. 5 follows, 42 sequences, length 20
# corresponding to MSA columns:
# 274-293
name=unknown_F
#
# <colnr> <probs for GDERKNQSTAVLIFYWHMCP>
#	G	D	E	R	K	N	Q	S	T	A	V	L	I	F	Y	W	H	M	C	P
0	0.06890	0.09333	0.06385	0.02667	0.04384	0.07658	0.05913	0.12025	0.04073	0.04120	0.03351	0.05878	0.03419	0.00722	0.00557	0.00163	0.02106	0.05370	0.00393	0.14594
1	0.05954	0.15363	0.19106	0.01277	0.03436	0.04516	0.06960	0.04402	0.08228	0.08559	0.01421	0.03336	0.03267	0.03858	0.00604	0.00176	0.00632	0.00506	0.00362	0.08035
2	0.08065	0.03529	0.04330	0.01421	0.09848	0.06871	0.02803	0.24670	0.07666	0.08159	0.03242	0.01631	0.01165	0.01904	0.00594	0.00171	0.02039	0.02750	0.00448	0.08694
3	0.04968	0.16001	0.09397	0.03641	0.06188	0.15557	0.08881	0.11036	0.05606	0.03107	0.01082	0.01230	0.00849	0.00546	0.00500	0.00152	0.00709	0.00431	0.00337	0.09782
4	0.04015	0.27880	0.26272	0.01231	0.01752	0.12042	0.01295	0.05119	0.01306	0.03550	0.03124	0.01410	0.05233	0.00614	0.00520	0.00157	0.03000	0.00437	0.00302	0.00739
5	0.08238	0.11914	0.19742	0.01612	0.11592	0.09849	0.06475	0.07525	0.09241	0.03396	0.01147	0.01282	0.00884	0.00556	0.00508	0.00163	0.00695	0.00444	0.00335	0.04401
6	0.00845	0.00604	0.00836	0.00966	0.01068	0.00594	0.00799	0.01059	0.01235	0.01615	0.03014	0.26900	0.03374	0.01613	0.00761	0.00251	0.00465	0.52982	0.00519	0.00501
7	0.01380	0.01330	0.02131	0.14154	0.55231	0.03585	0.03835	0.03361	0.06059	0.01835	0.01132	0.01446	0.00919	0.00532	0.00561	0.00172	0.00684	0.00511	0.00300	0.00843
8	0.00665	0.00570	0.00570	0.00570	0.00760	0.00475	0.00428	0.00808	0.01283	0.01520	0.05701	0.05416	0.76483	0.01425	0.00665	0.00190	0.00285	0.01188	0.00523	0.00475
9	0.02525	0.00958	0.01306	0.01001	0.01437	0.00827	0.00827	0.02743	0.01611	0.77102	0.02220	0.01915	0.01393	0.00697	0.00566	0.00174	0.00479	0.00566	0.00697	0.00958
10	0.00954	0.00497	0.00715	0.00715	0.00715	0.00497	0.00467	0.00746	0.00746	0.00995	0.01096	0.02006	0.01137	0.13658	0.02299	0.71204	0.00497	0.00538	0.00259	0.00259
11	0.01063	0.01000	0.01688	0.78870	0.03876	0.01250	0.01563	0.01438	0.01125	0.01438	0.01000	0.01500	0.00750	0.00563	0.00563	0.00188	0.00750	0.00500	0.00250	0.00625
12	0.00804	0.00603	0.00904	0.00904	0.01005	0.00703	0.00703	0.01005	0.00904	0.01306	0.01507	0.02211	0.01407	0.04221	0.77992	0.00904	0.01507	0.00603	0.00301	0.00502
13	0.01391	0.01909	0.16656	0.06663	0.05464	0.12538	0.43454	0.01839	0.01327	0.01717	0.01064	0.01378	0.00804	0.00507	0.00607	0.00180	0.00915	0.00558	0.00274	0.00754
14	0.05562	0.11207	0.01797	0.01542	0.09121	0.41469	0.03762	0.06017	0.01456	0.01610	0.01055	0.06427	0.00958	0.00662	0.00585	0.00160	0.05132	0.00477	0.00314	0.00688
15	0.00905	0.00794	0.00928	0.00979	0.01083	0.08419	0.04232	0.01058	0.01186	0.01498	0.02756	0.53311	0.03182	0.01539	0.00706	0.00224	0.00465	0.15746	0.00486	0.00504
16	0.05638	0.01087	0.01397	0.13040	0.06494	0.01035	0.02868	0.07971	0.06101	0.01971	0.01131	0.01347	0.00905	0.00652	0.03639	0.00160	0.00563	0.00422	0.00351	0.43227
17	0.01310	0.04381	0.03548	0.03492	0.19133	0.01142	0.09532	0.06371	0.11179	0.06113	0.08915	0.08151	0.05597	0.00787	0.00590	0.00177	0.00557	0.02758	0.00430	0.05837
18	0.01058	0.03380	0.05283	0.01084	0.03265	0.00817	0.08805	0.03107	0.03159	0.06084	0.34998	0.05884	0.07085	0.02699	0.00690	0.00195	0.00453	0.09083	0.02252	0.00618
19	0.01362	0.16549	0.21802	0.01674	0.04160	0.07744	0.23762	0.01909	0.09237	0.01751	0.03930	0.01437	0.01041	0.00557	0.00549	0.00169	0.00773	0.00514	0.00308	0.00771

[dist]
# distance from previous block
# <min> <max>
2	9

[block]
# block no. 6 follows, 42 sequences, length 20
# corresponding to MSA columns:
# 304-323
name=unknown_G
#
# <colnr> <probs for GDERKNQSTAVLIFYWHMCP>
#	G	D	E	R	K	N	Q	S	T	A	V	L	I	F	Y	W	H	M	C	P
0	0.01631	0.02728	0.05492	0.07226	0.01883	0.03916	0.08068	0.28016	0.15569	0.05916	0.01566	0.01706	0.02783	0.03859	0.02182	0.00204	0.02426	0.00558	0.00460	0.03810
1	0.03848	0.01394	0.01845	0.19013	0.16858	0.09072	0.08610	0.17177	0.03501	0.03576	0.03086	0.01637	0.04331	0.00638	0.00604	0.00177	0.02950	0.00546	0.00370	0.00767
2	0.00764	0.00544	0.00648	0.00673	0.00726	0.00529	0.00434	0.00839	0.00996	0.01314	0.06723	0.19796	0.14311	0.40425	0.08456	0.00434	0.00527	0.01033	0.00419	0.00411
3	0.71480	0.05529	0.01024	0.00816	0.01173	0.05219	0.00676	0.05301	0.01083	0.02452	0.00816	0.00940	0.00639	0.00531	0.00368	0.00169	0.00483	0.00317	0.00350	0.00635
4	0.01268	0.01298	0.01663	0.04477	0.01559	0.07392	0.01198	0.01410	0.00964	0.01405	0.04587	0.01376	0.00969	0.00946	0.01636	0.00233	0.66225	0.00510	0.00269	0.00614
5	0.05418	0.04946	0.01218	0.03555	0.01275	0.09139	0.00825	0.03448	0.01125	0.07170	0.01697	0.02137	0.08108	0.07138	0.28818	0.00468	0.11985	0.00591	0.00350	0.00589
6	0.00812	0.00571	0.00744	0.00744	0.00788	0.00616	0.00503	0.00902	0.00857	0.01187	0.01654	0.03025	0.01761	0.46281	0.36415	0.00706	0.00975	0.00722	0.00323	0.00413
7	0.01561	0.73196	0.02821	0.01009	0.01472	0.09390	0.00975	0.01738	0.01186	0.01329	0.00791	0.00913	0.00722	0.00491	0.00375	0.00123	0.00641	0.00307	0.00245	0.00716
8	0.00830	0.00583	0.00724	0.00776	0.00865	0.00562	0.00536	0.01059	0.06896	0.04227	0.11121	0.49048	0.09204	0.09711	0.00915	0.00248	0.00354	0.01312	0.00524	0.00506
9	0.12706	0.01344	0.01411	0.01165	0.01543	0.01503	0.00955	0.42632	0.18122	0.02977	0.01634	0.01928	0.01292	0.00758	0.00557	0.00183	0.00548	0.07357	0.00532	0.00855
10	0.01274	0.01456	0.13212	0.09599	0.44936	0.01235	0.03672	0.04011	0.01294	0.01837	0.01446	0.01712	0.06579	0.00594	0.00558	0.00171	0.00658	0.00546	0.04401	0.00807
11	0.01316	0.01133	0.01624	0.12214	0.12822	0.01227	0.07376	0.05570	0.20447	0.04899	0.06182	0.03579	0.01481	0.04521	0.00781	0.00198	0.06598	0.00611	0.00413	0.07009
12	0.00834	0.00616	0.00820	0.00914	0.01046	0.00603	0.00766	0.01052	0.01246	0.01603	0.03414	0.11801	0.17558	0.01747	0.06571	0.00292	0.00531	0.47579	0.00503	0.00504
13	0.01496	0.26402	0.17773	0.01110	0.01662	0.01467	0.01121	0.11420	0.01394	0.07565	0.01073	0.01169	0.00832	0.00517	0.00455	0.00133	0.00593	0.00381	0.00342	0.23095
14	0.01472	0.05302	0.05460	0.05614	0.10344	0.04971	0.05450	0.15412	0.03197	0.07200	0.06674	0.04904	0.01506	0.00739	0.00584	0.01269	0.00593	0.06010	0.00421	0.12878
15	0.01311	0.08978	0.38466	0.03065	0.01985	0.08161	0.02629	0.05256	0.05368	0.03539	0.01388	0.03853	0.03712	0.00650	0.00533	0.00168	0.00713	0.02878	0.00323	0.07022
16	0.01084	0.07723	0.08685	0.03847	0.09914	0.00990	0.02688	0.01487	0.09254	0.03892	0.04636	0.20061	0.05457	0.03154	0.00689	0.00211	0.00521	0.14621	0.00437	0.00650
17	0.00787	0.00616	0.00789	0.03736	0.01012	0.00602	0.02257	0.01037	0.06763	0.01564	0.06401	0.41284	0.19722	0.04912	0.03555	0.00248	0.00404	0.01251	0.02551	0.00509
18	0.01335	0.11727	0.17480	0.03891	0.08333	0.03135	0.15385	0.10013	0.04947	0.01949	0.08232	0.02904	0.01345	0.00798	0.04116	0.00206	0.02529	0.00564	0.00349	0.00762
19	0.03657	0.08062	0.01751	0.03347	0.18352	0.10762	0.01123	0.15948	0.06926	0.12166	0.01312	0.01461	0.01013	0.03075	0.00643	0.00174	0.03462	0.00482	0.00414	0.05869

[dist]
# distance from previous block
# <min> <max>
0	1

[block]
# block no. 7 follows, 42 sequences, length 10
# corresponding to MSA columns:
# 325-334
name=unknown_H
#
# <colnr> <probs for GDERKNQSTAVLIFYWHMCP>
#	G	D	E	R	K	N	Q	S	T	A	V	L	I	F	Y	W	H	M	C	P
0	0.04536	0.25637	0.05463	0.04705	0.20417	0.17705	0.03413	0.04095	0.01334	0.03893	0.00966	0.01154	0.00796	0.00524	0.00478	0.00148	0.00716	0.00402	0.00292	0.03325
1	0.00903	0.00683	0.00774	0.00743	0.00917	0.00672	0.00552	0.01285	0.13808	0.01728	0.10903	0.09949	0.26242	0.04723	0.05776	0.06338	0.00422	0.00905	0.08197	0.04478
2	0.01388	0.01175	0.01425	0.03799	0.09565	0.04694	0.01022	0.07134	0.23182	0.05550	0.05737	0.04008	0.01502	0.00951	0.04188	0.00223	0.17302	0.00602	0.05807	0.00749
3	0.05380	0.00867	0.01062	0.02630	0.03377	0.03245	0.03351	0.06052	0.10570	0.03182	0.10702	0.15770	0.02235	0.09606	0.15849	0.00363	0.00672	0.00815	0.03671	0.00601
4	0.00962	0.00540	0.00690	0.00679	0.00723	0.00527	0.00443	0.00917	0.00911	0.04496	0.05217	0.05492	0.04549	0.30066	0.02043	0.33265	0.00467	0.00705	0.06946	0.00362
5	0.08027	0.10932	0.07114	0.01351	0.08759	0.11886	0.03944	0.05613	0.04196	0.01705	0.01167	0.01571	0.01025	0.07626	0.14708	0.00322	0.03233	0.00481	0.00317	0.06020
6	0.13969	0.05615	0.04984	0.01032	0.04367	0.07524	0.02678	0.04083	0.01203	0.03346	0.02061	0.22343	0.08991	0.07791	0.00751	0.00209	0.00510	0.00817	0.00403	0.07324
7	0.05355	0.07569	0.08941	0.01313	0.07007	0.10800	0.05115	0.08643	0.05050	0.01959	0.04527	0.05265	0.01278	0.00658	0.00532	0.00154	0.01855	0.02243	0.06138	0.15597
8	0.01425	0.10425	0.23717	0.03428	0.07319	0.12407	0.05268	0.10080	0.04414	0.01912	0.05894	0.04822	0.01230	0.00642	0.00536	0.00164	0.00709	0.00522	0.00343	0.04742
9	0.04504	0.04939	0.18313	0.01336	0.08046	0.07326	0.02333	0.04645	0.06942	0.01787	0.01905	0.15154	0.07803	0.00972	0.02787	0.00203	0.04190	0.00717	0.05413	0.00685

[dist]
# distance from previous block
# <min> <max>
2	109

[block]
# block no. 8 follows, 42 sequences, length 18
# corresponding to MSA columns:
# 450-467
name=unknown_I
#
# <colnr> <probs for GDERKNQSTAVLIFYWHMCP>
#	G	D	E	R	K	N	Q	S	T	A	V	L	I	F	Y	W	H	M	C	P
0	0.00911	0.00678	0.00928	0.00911	0.01035	0.00771	0.00706	0.04243	0.05676	0.01495	0.01657	0.02488	0.01551	0.09023	0.58068	0.00745	0.01244	0.04444	0.02890	0.00536
1	0.03310	0.01118	0.01353	0.02228	0.06710	0.07494	0.06045	0.12255	0.07782	0.04800	0.07635	0.15788	0.05574	0.01103	0.02182	0.04624	0.03900	0.04977	0.00455	0.00666
2	0.04082	0.11417	0.03259	0.08411	0.12749	0.14461	0.04021	0.19442	0.03632	0.07156	0.01225	0.03212	0.00971	0.00713	0.02680	0.00184	0.00718	0.00490	0.00386	0.00791
3	0.00740	0.00549	0.00758	0.00941	0.05554	0.00519	0.00591	0.00856	0.01103	0.01485	0.06207	0.68688	0.03553	0.04619	0.00787	0.00234	0.00353	0.01476	0.00505	0.00483
4	0.00799	0.00521	0.00683	0.00775	0.00825	0.00487	0.00517	0.00892	0.01075	0.05402	0.02896	0.66595	0.03398	0.11114	0.00968	0.00264	0.00361	0.01451	0.00510	0.00470
5	0.05192	0.07493	0.06949	0.03768	0.23431	0.14410	0.08270	0.05535	0.05810	0.01856	0.01175	0.02664	0.00960	0.00586	0.00557	0.00165	0.02721	0.00492	0.07204	0.00761
6	0.01469	0.03732	0.15183	0.03529	0.09252	0.03594	0.01141	0.14188	0.12268	0.09197	0.01683	0.04806	0.03301	0.08078	0.02463	0.00224	0.00617	0.00595	0.03904	0.00776
7	0.00761	0.00584	0.00633	0.00617	0.00802	0.00498	0.00464	0.00926	0.01343	0.04585	0.17689	0.07390	0.59012	0.01360	0.00663	0.00188	0.00291	0.01147	0.00546	0.00503
8	0.03065	0.01391	0.08935	0.07873	0.17468	0.01270	0.26258	0.03305	0.01263	0.06496	0.01212	0.01586	0.00957	0.04132	0.00775	0.00198	0.06509	0.00564	0.05991	0.00751
9	0.01521	0.04516	0.16649	0.08685	0.13344	0.04775	0.10258	0.21811	0.06232	0.02236	0.01258	0.03919	0.00987	0.00618	0.00565	0.00175	0.00716	0.00537	0.00372	0.00828
10	0.01166	0.06067	0.07095	0.03186	0.11501	0.02702	0.02887	0.02902	0.14870	0.04198	0.15600	0.11387	0.07356	0.03901	0.00677	0.00194	0.00494	0.00790	0.02338	0.00691
11	0.00864	0.00587	0.00682	0.00683	0.00849	0.00510	0.00502	0.01015	0.01292	0.08897	0.12032	0.24714	0.42485	0.01416	0.00669	0.00197	0.00313	0.01219	0.00549	0.00523
12	0.03590	0.05850	0.14236	0.09944	0.17682	0.01395	0.06861	0.14803	0.04333	0.02034	0.01324	0.01562	0.03839	0.00849	0.05588	0.00223	0.04237	0.00522	0.00341	0.00785
13	0.01509	0.06883	0.21957	0.06398	0.16333	0.04447	0.06403	0.08572	0.03376	0.09883	0.01177	0.01363	0.00884	0.00601	0.00661	0.00178	0.07735	0.00481	0.00340	0.00819
14	0.20146	0.04415	0.19439	0.01300	0.04831	0.03367	0.04954	0.09871	0.05976	0.06122	0.02732	0.01355	0.00960	0.00641	0.00605	0.02731	0.04118	0.00452	0.02546	0.03438
15	0.27537	0.03276	0.09235	0.01567	0.10880	0.09873	0.13060	0.05558	0.01289	0.06750	0.01157	0.01324	0.02822	0.00575	0.00536	0.00174	0.02851	0.00460	0.00344	0.00734
16	0.00931	0.00620	0.00759	0.00725	0.00798	0.00628	0.00481	0.01008	0.00925	0.04653	0.01770	0.08621	0.01898	0.48744	0.12773	0.00497	0.03475	0.00778	0.04289	0.05626
17	0.04939	0.21495	0.01912	0.04942	0.14349	0.05274	0.01067	0.18618	0.04395	0.02024	0.03276	0.01488	0.01072	0.05169	0.02403	0.03711	0.02285	0.00476	0.00360	0.00746

[dist]
# distance from previous block
# <min> <max>
0	50

[block]
# block no. 9 follows, 42 sequences, length 19
# corresponding to MSA columns:
# 518-536
name=unknown_J
#
# <colnr> <probs for GDERKNQSTAVLIFYWHMCP>
#	G	D	E	R	K	N	Q	S	T	A	V	L	I	F	Y	W	H	M	C	P
0	0.03421	0.08375	0.03273	0.03238	0.24662	0.05799	0.09294	0.11114	0.01437	0.01981	0.04890	0.03153	0.01202	0.00716	0.02699	0.00183	0.02623	0.02036	0.02360	0.07541
1	0.01281	0.01312	0.05657	0.27979	0.24524	0.03282	0.09020	0.05278	0.05646	0.01785	0.01201	0.04430	0.00983	0.00591	0.00568	0.00176	0.00701	0.00552	0.00311	0.04723
2	0.01957	0.02270	0.01722	0.01701	0.11567	0.53081	0.03004	0.10663	0.05594	0.01753	0.01033	0.01174	0.00830	0.00588	0.00528	0.00154	0.00892	0.00420	0.00335	0.00734
3	0.00795	0.00581	0.00667	0.00666	0.00832	0.00507	0.00498	0.00964	0.01333	0.05404	0.19401	0.15743	0.45374	0.01386	0.00671	0.00194	0.00305	0.03618	0.00551	0.00509
4	0.00732	0.00512	0.00657	0.00757	0.00819	0.00478	0.00526	0.00865	0.01146	0.01565	0.08468	0.59980	0.08229	0.01601	0.00688	0.00216	0.00324	0.04960	0.07005	0.00472
5	0.01076	0.01014	0.01712	0.75780	0.06860	0.01254	0.01570	0.01450	0.01132	0.01454	0.01003	0.01496	0.00756	0.00560	0.00562	0.00187	0.00747	0.00500	0.00251	0.00636
6	0.00774	0.00606	0.00642	0.00628	0.00821	0.00526	0.00472	0.00981	0.04096	0.04473	0.10619	0.08397	0.62250	0.01367	0.00660	0.00190	0.00299	0.01149	0.00538	0.00512
7	0.26438	0.00907	0.00957	0.00806	0.01118	0.00924	0.00647	0.06939	0.01363	0.25689	0.05361	0.01954	0.05063	0.03416	0.00557	0.00179	0.00418	0.00537	0.16021	0.00707
8	0.00693	0.00548	0.00624	0.00653	0.00789	0.00479	0.00472	0.00843	0.01276	0.01619	0.16681	0.26297	0.44085	0.01475	0.00680	0.00199	0.00294	0.01276	0.00539	0.00479
9	0.01453	0.01332	0.01818	0.02841	0.04307	0.04485	0.12040	0.15637	0.07209	0.02016	0.01150	0.01426	0.00935	0.00740	0.01028	0.00194	0.29513	0.00521	0.06361	0.04994
10	0.15765	0.01513	0.01499	0.01183	0.01596	0.05448	0.00970	0.56368	0.02259	0.03216	0.01250	0.01288	0.00905	0.00645	0.00518	0.00167	0.00596	0.00466	0.03480	0.00868
11	0.00710	0.00515	0.00664	0.00768	0.00826	0.00479	0.00531	0.00825	0.01121	0.01477	0.06050	0.60315	0.11377	0.05440	0.00817	0.00240	0.00344	0.06522	0.00517	0.00461
12	0.73651	0.01071	0.00889	0.00774	0.01133	0.01206	0.00638	0.01795	0.01042	0.12155	0.00969	0.01043	0.00711	0.00545	0.00376	0.00174	0.00441	0.00338	0.00393	0.00654
13	0.02139	0.01576	0.01689	0.01295	0.01745	0.01745	0.01070	0.74835	0.02646	0.03547	0.01351	0.01351	0.00957	0.00676	0.00563	0.00169	0.00619	0.00507	0.00563	0.00957
14	0.01197	0.00964	0.01178	0.06644	0.01494	0.00774	0.00736	0.01451	0.01200	0.05646	0.03041	0.02869	0.02388	0.00524	0.00458	0.00106	0.00439	0.01865	0.00363	0.66661
15	0.00862	0.00623	0.00911	0.00913	0.01014	0.00602	0.05503	0.01003	0.01126	0.05218	0.05422	0.51773	0.05639	0.07298	0.03538	0.00268	0.02601	0.04691	0.00490	0.00506
16	0.00978	0.00489	0.00733	0.00733	0.00733	0.00489	0.00489	0.00733	0.00733	0.00978	0.00978	0.01711	0.00978	0.01955	0.02199	0.83627	0.00489	0.00489	0.00244	0.00244
17	0.25971	0.05645	0.01260	0.01014	0.01297	0.06237	0.06119	0.09306	0.04065	0.02090	0.03247	0.11284	0.01451	0.01191	0.09595	0.00263	0.00641	0.03060	0.05627	0.00636
18	0.06679	0.26786	0.18766	0.01137	0.01625	0.08972	0.01140	0.09163	0.01364	0.08213	0.01121	0.01302	0.00892	0.04362	0.00573	0.00168	0.00652	0.00412	0.04057	0.02618

[dist]
# distance from previous block
# <min> <max>
2	16

[block]
# block no. 10 follows, 42 sequences, length 30
# corresponding to MSA columns:
# 553-568,570-583
name=unknown_K
#
# <colnr> <probs for GDERKNQSTAVLIFYWHMCP>
#	G	D	E	R	K	N	Q	S	T	A	V	L	I	F	Y	W	H	M	C	P
0	0.00699	0.00506	0.00645	0.00745	0.00794	0.00469	0.00498	0.00799	0.01096	0.01446	0.05893	0.63071	0.11171	0.08258	0.00890	0.00249	0.00338	0.01471	0.00511	0.00452
1	0.01128	0.03021	0.00995	0.00867	0.01110	0.00857	0.00657	0.03333	0.21000	0.06691	0.04988	0.21632	0.12813	0.04280	0.00685	0.00195	0.00392	0.00912	0.03487	0.10957
2	0.01376	0.01178	0.01893	0.16516	0.34110	0.01259	0.05454	0.01834	0.09631	0.08291	0.01411	0.03950	0.01170	0.00669	0.00662	0.00186	0.05603	0.03654	0.00358	0.00795
3	0.00860	0.00597	0.00670	0.00665	0.00693	0.00612	0.00395	0.00995	0.06982	0.01211	0.01878	0.07126	0.02098	0.70014	0.02575	0.00502	0.00527	0.00840	0.00369	0.00392
4	0.00709	0.00514	0.00667	0.00775	0.00832	0.00478	0.00537	0.00827	0.01127	0.01489	0.06545	0.62516	0.10080	0.03895	0.00776	0.00234	0.00340	0.06676	0.00521	0.00463
5	0.00902	0.00730	0.00986	0.00962	0.01063	0.00855	0.00739	0.01227	0.09434	0.01481	0.03993	0.15813	0.03940	0.04912	0.39563	0.00571	0.11099	0.00800	0.00380	0.00549
6	0.04158	0.00852	0.01111	0.00998	0.03464	0.00832	0.04167	0.10019	0.01459	0.19680	0.08038	0.10486	0.07762	0.04610	0.04276	0.00229	0.00496	0.04247	0.12433	0.00681
7	0.00700	0.00496	0.00649	0.00765	0.00795	0.00467	0.00503	0.00787	0.01050	0.01400	0.02960	0.71715	0.03543	0.10147	0.00948	0.00262	0.00350	0.01516	0.00503	0.00445
8	0.01142	0.01073	0.01812	0.56459	0.22531	0.01250	0.01580	0.01502	0.01172	0.01551	0.01091	0.01659	0.00882	0.00585	0.00569	0.00185	0.00720	0.03280	0.00268	0.00690
9	0.14807	0.01051	0.01203	0.00982	0.01327	0.01093	0.00799	0.15720	0.07183	0.29863	0.07170	0.01833	0.01481	0.00817	0.02914	0.00196	0.03322	0.00548	0.06884	0.00808
10	0.00790	0.00557	0.00700	0.00773	0.00854	0.00523	0.00533	0.03685	0.01185	0.03352	0.05647	0.60697	0.12872	0.04043	0.00766	0.00228	0.00341	0.01438	0.00526	0.00489
11	0.00821	0.00580	0.00732	0.00782	0.00889	0.00547	0.00564	0.01049	0.05071	0.04419	0.18312	0.44223	0.12927	0.01494	0.00691	0.00211	0.00331	0.05288	0.00551	0.00518
12	0.01075	0.01017	0.01690	0.73306	0.03704	0.01284	0.01539	0.01432	0.01106	0.01432	0.00981	0.01481	0.00749	0.00593	0.00655	0.00192	0.06389	0.00500	0.00250	0.00624
13	0.06017	0.08235	0.05395	0.01339	0.03403	0.23330	0.03165	0.21263	0.15126	0.02223	0.01304	0.01418	0.01017	0.00726	0.02496	0.00183	0.00732	0.01427	0.00412	0.00791
14	0.01975	0.01488	0.05427	0.01230	0.01666	0.01533	0.01045	0.50432	0.13210	0.10580	0.01578	0.01539	0.01119	0.00683	0.00557	0.00172	0.00577	0.00528	0.03738	0.00924
15	0.01050	0.00953	0.00963	0.00950	0.01057	0.12480	0.00693	0.04581	0.01164	0.01481	0.05228	0.27273	0.02251	0.12366	0.20429	0.00423	0.04817	0.00924	0.00400	0.00518
16	0.02275	0.01186	0.01432	0.01118	0.01542	0.01186	0.00923	0.29398	0.05196	0.43881	0.01929	0.01875	0.01313	0.00723	0.00573	0.00176	0.00531	0.03171	0.00635	0.00939
17	0.01075	0.00696	0.00871	0.00784	0.00973	0.00667	0.00601	0.05120	0.05618	0.09867	0.55512	0.05264	0.06059	0.01064	0.00637	0.00177	0.00317	0.00926	0.03158	0.00612
18	0.05256	0.00704	0.00827	0.00714	0.00960	0.00663	0.00564	0.01802	0.01353	0.28106	0.07971	0.02153	0.01702	0.00704	0.00473	0.00152	0.00345	0.00569	0.44303	0.00679
19	0.00808	0.00569	0.00709	0.00750	0.00851	0.00531	0.00549	0.00959	0.01217	0.03452	0.16703	0.24570	0.17279	0.14834	0.01069	0.00270	0.00381	0.13511	0.00513	0.00477
20	0.00708	0.00564	0.00635	0.00642	0.00797	0.00492	0.00477	0.00880	0.01342	0.01709	0.24043	0.13635	0.47650	0.01394	0.00673	0.00193	0.00290	0.02838	0.00548	0.00489
21	0.01400	0.01209	0.01273	0.01145	0.01463	0.01400	0.00891	0.02990	0.75695	0.02354	0.02291	0.02100	0.01718	0.00764	0.00573	0.00191	0.00445	0.00636	0.00573	0.00891
22	0.00785	0.00599	0.00730	0.00741	0.00884	0.00558	0.00564	0.01050	0.04692	0.01866	0.33633	0.15434	0.24605	0.01348	0.00682	0.00199	0.00320	0.10227	0.00564	0.00519
23	0.01167	0.01000	0.01167	0.00834	0.01334	0.00750	0.00667	0.01417	0.01167	0.01834	0.01000	0.01167	0.00834	0.00417	0.00417	0.00083	0.00417	0.00333	0.00333	0.83663
24	0.02951	0.01155	0.03542	0.04553	0.01537	0.01191	0.00931	0.15607	0.24619	0.09458	0.08133	0.04460	0.01825	0.00824	0.00625	0.00182	0.03268	0.06589	0.00520	0.08031
25	0.04185	0.01237	0.03547	0.01386	0.01493	0.03677	0.05515	0.03360	0.01016	0.01511	0.01317	0.05092	0.07072	0.01042	0.03003	0.00241	0.53788	0.00599	0.00298	0.00619
26	0.00836	0.00657	0.00728	0.00804	0.00878	0.04905	0.00552	0.03143	0.01172	0.01541	0.04926	0.60162	0.06735	0.05066	0.00777	0.00228	0.00377	0.01373	0.04655	0.00484
27	0.00899	0.00619	0.00770	0.00816	0.04162	0.00601	0.00524	0.01017	0.02366	0.05237	0.05398	0.11420	0.17755	0.33244	0.09871	0.02934	0.00560	0.00920	0.00420	0.00468
28	0.01472	0.09612	0.14795	0.04912	0.02309	0.08443	0.29317	0.01961	0.07304	0.07939	0.01211	0.01419	0.00909	0.00570	0.00648	0.00179	0.05370	0.00532	0.00327	0.00771
29	0.06648	0.16194	0.07342	0.01550	0.11368	0.20994	0.03755	0.04431	0.01331	0.06529	0.01081	0.01252	0.02269	0.00607	0.00638	0.00162	0.09362	0.00428	0.00316	0.03743

[dist]
# distance from previous block
# <min> <max>
2	8

[block]
# block no. 11 follows, 42 sequences, length 19
# corresponding to MSA columns:
# 592-610
name=unknown_L
#
# <colnr> <probs for GDERKNQSTAVLIFYWHMCP>
#	G	D	E	R	K	N	Q	S	T	A	V	L	I	F	Y	W	H	M	C	P
0	0.00916	0.00685	0.00859	0.00907	0.03937	0.00666	0.00662	0.04791	0.04192	0.03153	0.19758	0.15021	0.20227	0.05201	0.03530	0.00245	0.00425	0.13748	0.00524	0.00552
1	0.14294	0.08079	0.05208	0.09255	0.12238	0.03957	0.03577	0.12473	0.02414	0.05449	0.01408	0.05245	0.04807	0.00678	0.00581	0.00172	0.04500	0.00535	0.00372	0.04759
2	0.01119	0.01077	0.01749	0.58235	0.10326	0.03106	0.04365	0.01465	0.01161	0.01512	0.03628	0.03624	0.01001	0.00627	0.00637	0.00188	0.04708	0.00550	0.00275	0.00648
3	0.00839	0.00586	0.00683	0.00695	0.00827	0.00551	0.00512	0.03943	0.01329	0.01845	0.19804	0.23264	0.21751	0.02721	0.00671	0.00195	0.00315	0.03921	0.15038	0.00510
4	0.01052	0.01434	0.21511	0.32611	0.02552	0.01119	0.01390	0.01579	0.09887	0.01646	0.03540	0.05918	0.08574	0.00793	0.00641	0.03472	0.00647	0.00629	0.00334	0.00671
5	0.01404	0.04322	0.01895	0.11175	0.12222	0.18055	0.09006	0.01663	0.02436	0.01494	0.00986	0.01366	0.00850	0.01012	0.08275	0.00258	0.22141	0.00491	0.00275	0.00675
6	0.01003	0.00776	0.01026	0.00975	0.01148	0.00775	0.05244	0.12009	0.04352	0.01917	0.09372	0.38572	0.09708	0.01374	0.00683	0.00211	0.00426	0.09323	0.00524	0.00582
7	0.01535	0.01011	0.01121	0.00925	0.01207	0.01062	0.00735	0.32455	0.01898	0.07635	0.16838	0.02372	0.04241	0.04772	0.00663	0.00182	0.00443	0.00653	0.19525	0.00727
8	0.01505	0.80561	0.02949	0.00963	0.01444	0.02227	0.00963	0.01685	0.01143	0.01324	0.00782	0.00903	0.00722	0.00481	0.00361	0.00120	0.00602	0.00301	0.00241	0.00722
9	0.01125	0.00945	0.00967	0.00902	0.01113	0.06628	0.00694	0.04829	0.20077	0.03105	0.13245	0.03270	0.17585	0.05359	0.09914	0.00287	0.00564	0.04390	0.04372	0.00631
10	0.04224	0.00847	0.01041	0.00881	0.01153	0.00819	0.00703	0.12376	0.01699	0.23302	0.35389	0.03071	0.04488	0.00937	0.00606	0.00177	0.00393	0.03623	0.03557	0.00713
11	0.00788	0.00579	0.00675	0.00672	0.00825	0.00513	0.00500	0.00962	0.01339	0.04294	0.25132	0.12596	0.38735	0.05308	0.00783	0.00211	0.00315	0.04726	0.00547	0.00501
12	0.23874	0.05249	0.07493	0.16102	0.06932	0.01316	0.06274	0.06786	0.03697	0.09292	0.01190	0.04000	0.00934	0.00621	0.00559	0.00180	0.03920	0.00491	0.00364	0.00726
13	0.00704	0.00509	0.00669	0.00787	0.00840	0.00475	0.00546	0.00821	0.01120	0.01480	0.04988	0.67456	0.08580	0.01710	0.00718	0.00227	0.00337	0.07042	0.00524	0.00465
14	0.01197	0.08848	0.58880	0.01758	0.07614	0.01394	0.09074	0.01773	0.01205	0.01752	0.01008	0.01212	0.00740	0.00522	0.00535	0.00174	0.00813	0.00437	0.00245	0.00820
15	0.02146	0.01488	0.01625	0.01254	0.01696	0.01624	0.01033	0.63121	0.06179	0.11777	0.01496	0.01452	0.01044	0.00682	0.00564	0.00171	0.00595	0.00520	0.00579	0.00954
16	0.00806	0.00543	0.00629	0.00641	0.00648	0.00544	0.00372	0.00823	0.00845	0.01131	0.01884	0.10557	0.02173	0.70076	0.05640	0.00531	0.00564	0.00881	0.00356	0.00358
17	0.01821	0.04918	0.03617	0.07069	0.03394	0.05346	0.00922	0.09119	0.01587	0.34538	0.10058	0.02415	0.08666	0.00803	0.00578	0.00175	0.00526	0.03106	0.00550	0.00793
18	0.55943	0.13525	0.04343	0.00948	0.03824	0.05288	0.00793	0.02962	0.01087	0.03811	0.00872	0.01002	0.00689	0.00528	0.00382	0.00163	0.00514	0.00333	0.02334	0.00659

[dist]
# distance from previous block
# <min> <max>
0	4

[block]
# block no. 12 follows, 42 sequences, length 27
# corresponding to MSA columns:
# 615-624,627-643
name=unknown_M
#
# <colnr> <probs for GDERKNQSTAVLIFYWHMCP>
#	G	D	E	R	K	N	Q	S	T	A	V	L	I	F	Y	W	H	M	C	P
0	0.04396	0.04637	0.53006	0.02983	0.07797	0.05414	0.03359	0.01758	0.01207	0.01779	0.00993	0.01186	0.00737	0.00521	0.00516	0.00166	0.00772	0.00412	0.00257	0.08102
1	0.01509	0.01287	0.01428	0.01329	0.06191	0.07768	0.02847	0.05531	0.37999	0.08873	0.04501	0.02067	0.05853	0.00790	0.00716	0.00189	0.09195	0.00622	0.00496	0.00810
