[name]
unknown

[dist]
# distance from previous block
# <min> <max>
8	96

[block]
# block no. 0 follows, 51 sequences, length 39
# corresponding to MSA columns:
# 141-179
name=unknown_A
#
# <colnr> <probs for GDERKNQSTAVLIFYWHMCP>
#	G	D	E	R	K	N	Q	S	T	A	V	L	I	F	Y	W	H	M	C	P
0	0.03270	0.03129	0.03378	0.01211	0.07609	0.02945	0.08816	0.18304	0.09316	0.04783	0.04546	0.15408	0.02832	0.02655	0.00614	0.00167	0.04551	0.00645	0.00393	0.05427
1	0.01232	0.01051	0.03316	0.13408	0.06157	0.04283	0.05381	0.12989	0.10031	0.06871	0.02832	0.05370	0.03634	0.03315	0.00637	0.03117	0.02965	0.00518	0.00359	0.12535
2	0.01296	0.01109	0.03400	0.12872	0.10176	0.05156	0.10183	0.13321	0.03405	0.10004	0.02367	0.08011	0.01114	0.00786	0.04212	0.00190	0.07527	0.01636	0.00349	0.02886
3	0.02863	0.03079	0.02597	0.09833	0.03118	0.03859	0.12663	0.17401	0.01353	0.09398	0.05096	0.07090	0.03190	0.00670	0.00594	0.00158	0.06922	0.02648	0.01554	0.05915
4	0.07577	0.07794	0.02706	0.07147	0.04670	0.01047	0.06956	0.08511	0.03335	0.18376	0.05523	0.03661	0.01195	0.01609	0.05497	0.00196	0.06467	0.01551	0.02769	0.03412
5	0.04126	0.03326	0.08379	0.04444	0.02894	0.03761	0.04879	0.26268	0.06721	0.12151	0.03470	0.06115	0.01155	0.00735	0.02584	0.00175	0.05782	0.01921	0.00408	0.00705
6	0.13302	0.06245	0.03284	0.01193	0.09100	0.03249	0.04041	0.19305	0.06654	0.17573	0.01286	0.03556	0.00985	0.00585	0.00489	0.00150	0.02569	0.02209	0.00408	0.03818
7	0.14346	0.04630	0.01352	0.01222	0.11092	0.01206	0.02300	0.24174	0.06289	0.06189	0.01167	0.01480	0.00958	0.03974	0.00629	0.00166	0.06888	0.04548	0.00375	0.07016
8	0.18671	0.01022	0.01356	0.04922	0.18806	0.01152	0.02808	0.10900	0.01140	0.07216	0.01149	0.03051	0.02691	0.02720	0.00736	0.00176	0.16248	0.04273	0.00326	0.00636
9	0.02755	0.27539	0.01691	0.01128	0.08076	0.14376	0.00874	0.07462	0.01245	0.14413	0.03040	0.04987	0.01085	0.00607	0.00476	0.00139	0.03186	0.04429	0.00342	0.02149
10	0.04205	0.01007	0.01266	0.01064	0.01235	0.05440	0.00873	0.03684	0.01052	0.25584	0.02213	0.01365	0.00938	0.01025	0.09223	0.00242	0.36501	0.00452	0.00360	0.02272
11	0.09499	0.01145	0.01193	0.02986	0.01336	0.05493	0.00792	0.35381	0.10832	0.10451	0.12922	0.01627	0.01473	0.00639	0.00484	0.00150	0.00468	0.00501	0.00471	0.02156
12	0.03910	0.01088	0.01358	0.06815	0.25759	0.10071	0.02729	0.06802	0.08480	0.01619	0.01504	0.18983	0.02575	0.00754	0.00513	0.00159	0.00520	0.02636	0.00343	0.03382
13	0.00873	0.00817	0.01019	0.00972	0.01006	0.05253	0.00749	0.00972	0.00891	0.01224	0.01802	0.39171	0.05274	0.01175	0.01045	0.00201	0.35847	0.00901	0.00340	0.00469
14	0.00854	0.00427	0.00640	0.00640	0.00640	0.00427	0.00427	0.00640	0.00640	0.00854	0.00854	0.01494	0.00854	0.01707	0.01921	0.85702	0.00427	0.00427	0.00213	0.00213
15	0.01158	0.01092	0.01201	0.04013	0.11469	0.11127	0.02667	0.03032	0.30994	0.01764	0.14018	0.02162	0.03702	0.02952	0.00568	0.00166	0.00476	0.04400	0.00412	0.02627
16	0.08313	0.00809	0.00933	0.00826	0.01075	0.02673	0.00668	0.10757	0.03858	0.25040	0.07595	0.09645	0.11262	0.00904	0.00536	0.00170	0.00401	0.13414	0.00495	0.00624
17	0.00982	0.05216	0.73180	0.01348	0.02029	0.01140	0.01717	0.01516	0.01023	0.01520	0.00899	0.01077	0.00656	0.00640	0.04830	0.00188	0.00751	0.00369	0.00211	0.00707
18	0.00969	0.00915	0.01547	0.70481	0.14135	0.01103	0.01385	0.01291	0.01002	0.01305	0.00881	0.01297	0.00672	0.00484	0.00491	0.00161	0.00645	0.00437	0.00222	0.00579
19	0.04686	0.00618	0.00786	0.00703	0.00902	0.00564	0.00543	0.01353	0.01242	0.26665	0.26779	0.13875	0.11827	0.03038	0.02700	0.00187	0.00345	0.02104	0.00516	0.00566
20	0.05390	0.00540	0.00669	0.00665	0.00777	0.00524	0.00490	0.00991	0.04443	0.03683	0.42899	0.22154	0.04776	0.03940	0.00674	0.02309	0.00286	0.03843	0.00487	0.00461
21	0.04589	0.01170	0.01314	0.01024	0.01389	0.01250	0.00842	0.50904	0.03695	0.20877	0.03503	0.01396	0.01050	0.00730	0.03794	0.00176	0.00527	0.00467	0.00505	0.00798
22	0.01102	0.00603	0.00777	0.00701	0.00880	0.00554	0.00533	0.01327	0.04985	0.22333	0.33638	0.13822	0.09695	0.03053	0.00654	0.03129	0.00310	0.00831	0.00520	0.00551
23	0.24889	0.00790	0.00851	0.00740	0.00995	0.00805	0.00588	0.09431	0.01241	0.21421	0.10287	0.11856	0.07942	0.00784	0.00471	0.00158	0.00363	0.01822	0.03964	0.00602
24	0.00638	0.00456	0.00600	0.00700	0.00745	0.00432	0.00494	0.00740	0.00961	0.01268	0.02696	0.60865	0.06229	0.07791	0.00779	0.00224	0.00325	0.13214	0.00443	0.00400
25	0.00689	0.00475	0.00612	0.00671	0.00751	0.00432	0.00471	0.00808	0.01041	0.04604	0.12062	0.57126	0.11671	0.01373	0.00606	0.00186	0.00287	0.03292	0.00469	0.02373
26	0.44475	0.00857	0.00838	0.00704	0.01010	0.00880	0.00566	0.02826	0.01034	0.17659	0.04963	0.04441	0.02842	0.03232	0.00457	0.00154	0.00378	0.00424	0.00387	0.11872
27	0.00861	0.00546	0.00697	0.00710	0.00831	0.00509	0.00527	0.04133	0.01165	0.10240	0.16187	0.40538	0.11993	0.01253	0.00598	0.00183	0.00312	0.07744	0.00489	0.00484
28	0.03429	0.00514	0.00605	0.00621	0.00736	0.00475	0.00448	0.00874	0.02386	0.04579	0.18365	0.28431	0.26842	0.06628	0.00711	0.00195	0.00290	0.02965	0.00464	0.00439
29	0.01084	0.00871	0.01026	0.00736	0.01169	0.00659	0.00590	0.01300	0.01040	0.05866	0.00931	0.01055	0.00754	0.00377	0.00371	0.00077	0.00367	0.00302	0.00308	0.81116
30	0.11097	0.00722	0.00880	0.00772	0.01010	0.00688	0.00600	0.04085	0.03151	0.35266	0.04407	0.20738	0.04802	0.06259	0.00647	0.00188	0.00379	0.03188	0.00498	0.00623
31	0.21115	0.00835	0.00969	0.00781	0.01110	0.00807	0.00639	0.03874	0.03180	0.48795	0.01675	0.01554	0.02916	0.00586	0.00438	0.00149	0.00389	0.00452	0.09016	0.00718
32	0.00652	0.00476	0.00608	0.00645	0.00704	0.00475	0.00445	0.00749	0.00887	0.01183	0.04427	0.29805	0.13623	0.21733	0.20891	0.00407	0.00580	0.00950	0.00372	0.00388
33	0.00940	0.00564	0.00696	0.00683	0.00829	0.00524	0.00515	0.01121	0.03783	0.14560	0.07899	0.20267	0.21077	0.10045	0.02055	0.00219	0.00355	0.10151	0.03226	0.00492
34	0.00905	0.00612	0.00731	0.00701	0.00824	0.02069	0.00520	0.02364	0.07075	0.07140	0.09301	0.06927	0.07635	0.18487	0.20510	0.00378	0.00602	0.03696	0.09049	0.00475
35	0.01046	0.02695	0.05818	0.00986	0.01436	0.00821	0.12347	0.01309	0.01034	0.01574	0.00882	0.01063	0.00720	0.00392	0.00436	0.00096	0.02684	0.00342	0.00276	0.64041
36	0.24262	0.01434	0.01084	0.00944	0.01220	0.28129	0.00739	0.17967	0.01382	0.03887	0.01025	0.03706	0.00825	0.00555	0.00411	0.00139	0.00566	0.00387	0.10733	0.00604
37	0.01196	0.01118	0.04591	0.01275	0.13453	0.06603	0.06723	0.04987	0.03106	0.05791	0.03765	0.01432	0.02799	0.00496	0.00446	0.00118	0.00491	0.02399	0.01588	0.37623
38	0.01254	0.00791	0.06669	0.00771	0.01031	0.00630	0.00653	0.01513	0.04983	0.29500	0.19442	0.09369	0.15431	0.03895	0.00613	0.00173	0.00361	0.01804	0.00507	0.00611

[dist]
# distance from previous block
# <min> <max>
0	1

[block]
# block no. 1 follows, 51 sequences, length 27
# corresponding to MSA columns:
# 181-207
name=unknown_B
#
# <colnr> <probs for GDERKNQSTAVLIFYWHMCP>
#	G	D	E	R	K	N	Q	S	T	A	V	L	I	F	Y	W	H	M	C	P
0	0.02137	0.00515	0.00640	0.00680	0.00762	0.00501	0.00497	0.00887	0.03905	0.01437	0.18475	0.26872	0.08825	0.16542	0.00965	0.00243	0.00344	0.14911	0.00442	0.00421
1	0.01316	0.75891	0.06545	0.00885	0.01316	0.04806	0.00895	0.01494	0.01015	0.01179	0.00696	0.00805	0.00630	0.00426	0.00328	0.00109	0.00549	0.00270	0.00212	0.00633
2	0.05072	0.03095	0.00983	0.00861	0.01034	0.06994	0.00675	0.10093	0.08036	0.03816	0.06655	0.02118	0.02767	0.10203	0.28385	0.00409	0.03459	0.04453	0.00354	0.00536
3	0.01193	0.00745	0.00884	0.00794	0.00997	0.00738	0.00607	0.19987	0.01411	0.15169	0.07624	0.32097	0.12074	0.01057	0.00557	0.00170	0.00361	0.00912	0.02035	0.00588
4	0.00684	0.00515	0.00636	0.00702	0.00781	0.00502	0.00499	0.00917	0.08669	0.01380	0.06446	0.51978	0.11857	0.04996	0.00695	0.00205	0.00311	0.07329	0.00457	0.00441
5	0.01995	0.00864	0.01114	0.00870	0.01228	0.00788	0.00713	0.09099	0.04467	0.63181	0.02137	0.01900	0.07995	0.00664	0.00502	0.00153	0.00413	0.00539	0.00580	0.00797
6	0.01031	0.00626	0.00749	0.00680	0.00866	0.00587	0.00514	0.01327	0.10082	0.17795	0.22073	0.08934	0.23498	0.08130	0.00725	0.00190	0.00318	0.00830	0.00500	0.00544
7	0.02867	0.00795	0.00947	0.00832	0.01066	0.00801	0.00645	0.14610	0.11155	0.22864	0.07184	0.24955	0.03498	0.00914	0.00530	0.00165	0.00372	0.00783	0.04369	0.00648
8	0.00807	0.00596	0.00701	0.00681	0.00823	0.00575	0.00504	0.08245	0.05049	0.03391	0.24148	0.27933	0.22341	0.01166	0.00581	0.00171	0.00294	0.01016	0.00488	0.00490
9	0.02676	0.00787	0.00885	0.00798	0.01016	0.00828	0.00613	0.01701	0.35875	0.01937	0.31607	0.05560	0.04800	0.00814	0.00522	0.00155	0.00319	0.00699	0.00491	0.07917
10	0.04776	0.00593	0.00755	0.00762	0.00896	0.00580	0.00585	0.01086	0.02357	0.11711	0.05659	0.36840	0.09304	0.01205	0.00634	0.00187	0.04165	0.14302	0.00456	0.03144
11	0.01075	0.01075	0.01505	0.01290	0.01290	0.01505	0.01075	0.01183	0.00753	0.01183	0.00645	0.01075	0.00645	0.00860	0.01613	0.00215	0.81830	0.00430	0.00215	0.00538
12	0.19036	0.01123	0.01154	0.00969	0.01259	0.07925	0.05509	0.21287	0.13975	0.03495	0.07078	0.04988	0.05886	0.01933	0.00507	0.00161	0.00476	0.02178	0.00417	0.00644
13	0.00977	0.00929	0.01355	0.01197	0.02706	0.01224	0.04413	0.01107	0.00783	0.01181	0.00875	0.01435	0.00862	0.08031	0.17582	0.00349	0.53772	0.00480	0.00234	0.00509
14	0.00862	0.00458	0.00655	0.00650	0.00663	0.00466	0.00435	0.00734	0.04191	0.00914	0.00950	0.01618	0.00942	0.06775	0.01893	0.76440	0.00428	0.00451	0.00232	0.00244
15	0.82794	0.00947	0.00752	0.03879	0.01048	0.01102	0.00565	0.01437	0.00842	0.02167	0.00692	0.00819	0.00537	0.00458	0.00312	0.00153	0.00391	0.00273	0.00301	0.00533
16	0.00656	0.00473	0.00587	0.00643	0.00723	0.00439	0.00464	0.00789	0.01056	0.01414	0.14738	0.37997	0.17493	0.06365	0.00719	0.00202	0.00298	0.09676	0.04855	0.00415
17	0.13535	0.05030	0.45660	0.01361	0.08022	0.03661	0.02772	0.08076	0.01138	0.03449	0.00904	0.01051	0.00667	0.00537	0.01994	0.00163	0.00653	0.00366	0.00261	0.00699
18	0.11019	0.01058	0.01565	0.01177	0.01577	0.01029	0.18956	0.14633	0.02885	0.38822	0.01455	0.01417	0.00973	0.00544	0.00493	0.00155	0.00531	0.00482	0.00469	0.00761
19	0.00681	0.00511	0.00608	0.00599	0.00740	0.00456	0.00460	0.00863	0.01242	0.03067	0.37040	0.05520	0.36937	0.01144	0.00589	0.00167	0.00265	0.08168	0.00496	0.00447
20	0.00808	0.00517	0.00646	0.00630	0.00761	0.00470	0.00471	0.00987	0.01221	0.08486	0.36614	0.17452	0.17142	0.02426	0.00601	0.00170	0.00273	0.03869	0.05985	0.00473
21	0.07046	0.00782	0.00913	0.00920	0.06262	0.00824	0.00652	0.01624	0.28141	0.05562	0.27301	0.07305	0.08993	0.00843	0.00525	0.00161	0.00334	0.00722	0.00481	0.00608
22	0.01292	0.77752	0.07659	0.00878	0.01318	0.01892	0.00905	0.01477	0.01001	0.01182	0.00696	0.00805	0.00630	0.00423	0.00325	0.00108	0.00539	0.00269	0.00210	0.00637
23	0.00702	0.00527	0.00790	0.00790	0.00878	0.00614	0.00614	0.00878	0.00790	0.01141	0.01316	0.01931	0.01229	0.03686	0.80782	0.00790	0.01316	0.00527	0.00263	0.00439
24	0.00818	0.00529	0.00684	0.00655	0.00788	0.00485	0.00498	0.01016	0.01286	0.08658	0.50548	0.10366	0.10888	0.03766	0.00648	0.00176	0.00280	0.06915	0.00517	0.00480
25	0.00976	0.00973	0.04366	0.45628	0.02445	0.01126	0.01183	0.01226	0.00919	0.01276	0.00814	0.01211	0.00667	0.00610	0.00811	0.02993	0.21470	0.00415	0.00226	0.10666
26	0.23393	0.00936	0.02227	0.05465	0.11878	0.00897	0.00767	0.05320	0.01091	0.06015	0.06135	0.05044	0.01084	0.00529	0.00413	0.00129	0.00419	0.00423	0.00334	0.27498

[dist]
# distance from previous block
# <min> <max>
0	6

[block]
# block no. 2 follows, 51 sequences, length 40
# corresponding to MSA columns:
# 214-253
name=unknown_C
#
# <colnr> <probs for GDERKNQSTAVLIFYWHMCP>
#	G	D	E	R	K	N	Q	S	T	A	V	L	I	F	Y	W	H	M	C	P
0	0.04324	0.00605	0.00757	0.00813	0.05486	0.00578	0.01577	0.04560	0.01116	0.03541	0.11211	0.26368	0.22236	0.08031	0.00736	0.00200	0.00342	0.05582	0.00434	0.01504
1	0.01027	0.00844	0.01046	0.00811	0.01157	0.01505	0.05019	0.03768	0.06019	0.04810	0.09117	0.06194	0.08889	0.00616	0.00451	0.00114	0.00377	0.00528	0.00370	0.47338
2	0.03788	0.01154	0.01719	0.04389	0.58252	0.06139	0.01290	0.01452	0.01118	0.01570	0.01172	0.01479	0.05213	0.00508	0.00480	0.00143	0.00560	0.02415	0.00266	0.06892
3	0.01840	0.00517	0.00652	0.00646	0.00771	0.00472	0.00481	0.00948	0.01189	0.08031	0.33117	0.22557	0.18333	0.01179	0.00627	0.02839	0.00282	0.04565	0.00492	0.00462
4	0.01753	0.00851	0.01058	0.00860	0.01172	0.00817	0.00692	0.11116	0.10303	0.46278	0.04848	0.07861	0.03925	0.00715	0.00502	0.00155	0.00397	0.00592	0.05356	0.00749
5	0.01032	0.01000	0.01270	0.04791	0.17647	0.10478	0.03298	0.01224	0.01072	0.01392	0.05878	0.09407	0.05698	0.04613	0.00818	0.00193	0.13597	0.15717	0.00329	0.00546
6	0.27086	0.00791	0.00851	0.00737	0.01005	0.00800	0.00593	0.04065	0.03600	0.22877	0.06692	0.02201	0.09827	0.05200	0.03072	0.00194	0.00411	0.06009	0.00438	0.03550
7	0.18152	0.00784	0.00866	0.00755	0.01004	0.00791	0.00591	0.06550	0.08238	0.21302	0.07476	0.10810	0.08376	0.06086	0.00613	0.00179	0.00374	0.02323	0.01468	0.03260
8	0.00710	0.00527	0.00629	0.00677	0.00744	0.03099	0.00471	0.00833	0.03047	0.01390	0.17706	0.46573	0.07576	0.01354	0.00740	0.09548	0.00309	0.01088	0.02570	0.00409
9	0.00847	0.00586	0.00784	0.00768	0.00877	0.00629	0.00585	0.04006	0.02692	0.06069	0.03680	0.12081	0.06409	0.12129	0.37711	0.00498	0.02677	0.06147	0.00356	0.00467
10	0.07461	0.00660	0.00779	0.00739	0.00918	0.00655	0.00561	0.02571	0.11926	0.14274	0.17255	0.25939	0.09883	0.01036	0.00550	0.00172	0.00324	0.03249	0.00492	0.00554
11	0.00740	0.00495	0.00616	0.00654	0.00743	0.00458	0.00458	0.00875	0.02580	0.06517	0.10668	0.44000	0.16448	0.09621	0.00795	0.00214	0.00308	0.02916	0.00459	0.00436
12	0.01735	0.01285	0.01376	0.01077	0.01441	0.01424	0.00883	0.65308	0.10075	0.02912	0.03109	0.01332	0.01010	0.00607	0.00488	0.00148	0.00505	0.00465	0.04014	0.00805
13	0.01246	0.00642	0.00787	0.00689	0.00912	0.00579	0.00535	0.01467	0.05013	0.30057	0.11535	0.07703	0.24560	0.05328	0.00639	0.00176	0.00331	0.01775	0.05439	0.00587
14	0.01116	0.00618	0.00788	0.00731	0.00901	0.00584	0.00555	0.02558	0.05853	0.21255	0.22068	0.19617	0.04648	0.07564	0.00715	0.00194	0.00339	0.05888	0.03455	0.00553
15	0.03983	0.01013	0.01093	0.00965	0.01253	0.01136	0.00760	0.05462	0.60450	0.10999	0.02010	0.01927	0.03399	0.00683	0.00500	0.00165	0.00396	0.02540	0.00504	0.00762
16	0.00653	0.00449	0.00565	0.00637	0.00666	0.00430	0.00416	0.00730	0.00904	0.01227	0.05291	0.51887	0.02801	0.24160	0.01139	0.00272	0.00339	0.03119	0.03937	0.00377
17	0.32253	0.00853	0.00907	0.00752	0.01053	0.00871	0.00607	0.06172	0.02969	0.31943	0.06525	0.01634	0.03598	0.04547	0.00525	0.00167	0.00390	0.00462	0.03121	0.00650
18	0.72907	0.00908	0.00743	0.00671	0.00954	0.01034	0.00542	0.03458	0.00906	0.04838	0.00933	0.08579	0.00822	0.00568	0.00346	0.00156	0.00377	0.00386	0.00334	0.00538
19	0.00599	0.00428	0.00570	0.00684	0.00713	0.00399	0.00456	0.00684	0.00941	0.01254	0.02709	0.82409	0.03250	0.01540	0.00627	0.00200	0.00285	0.01397	0.00456	0.00399
20	0.00775	0.00477	0.00568	0.00595	0.00675	0.00463	0.00418	0.00907	0.00963	0.03800	0.04239	0.25498	0.08823	0.16032	0.06489	0.00262	0.00381	0.03295	0.24922	0.00419
21	0.00900	0.05432	0.00997	0.00891	0.03565	0.04061	0.01910	0.01083	0.00937	0.06025	0.08722	0.01961	0.01480	0.04193	0.54870	0.00586	0.01047	0.00536	0.00307	0.00494
22	0.00671	0.00464	0.00563	0.00600	0.00622	0.00457	0.00374	0.00717	0.00817	0.01092	0.03292	0.29541	0.04597	0.47385	0.06325	0.00388	0.00451	0.00943	0.00357	0.00346
23	0.01471	0.01683	0.01142	0.01038	0.01278	0.48025	0.00785	0.03783	0.10215	0.03266	0.03592	0.01936	0.18358	0.00704	0.00486	0.00142	0.00653	0.00524	0.00348	0.00570
24	0.00772	0.00618	0.00828	0.00797	0.00886	0.03137	0.02655	0.00942	0.02263	0.01202	0.04688	0.06822	0.02614	0.15473	0.48451	0.00586	0.03966	0.00619	0.02245	0.00435
25	0.01570	0.01764	0.01344	0.01215	0.02462	0.46396	0.01854	0.05230	0.12500	0.03467	0.01050	0.01248	0.00867	0.00756	0.04661	0.00181	0.10386	0.02130	0.00309	0.00609
26	0.11492	0.61905	0.02188	0.00878	0.01261	0.12931	0.00819	0.01537	0.01035	0.01288	0.00694	0.00803	0.00619	0.00437	0.00332	0.00114	0.00559	0.00271	0.00227	0.00610
27	0.00735	0.00563	0.00657	0.00596	0.00772	0.00495	0.00453	0.02673	0.01262	0.01738	0.40217	0.03544	0.28038	0.00974	0.00540	0.00146	0.00260	0.00833	0.04897	0.10606
28	0.86201	0.00950	0.00722	0.00646	0.00950	0.01102	0.00532	0.01445	0.00836	0.02205	0.00684	0.00798	0.00532	0.00456	0.00304	0.00152	0.00380	0.00266	0.00304	0.00532
29	0.00636	0.00483	0.00545	0.00570	0.00684	0.00431	0.00413	0.00766	0.01078	0.01393	0.12290	0.20966	0.41219	0.07081	0.00719	0.00194	0.00279	0.04462	0.05379	0.00413
30	0.10973	0.00768	0.00860	0.00825	0.05475	0.00800	0.00601	0.09852	0.09206	0.11661	0.09794	0.01784	0.01482	0.00613	0.00423	0.00138	0.00341	0.00494	0.33305	0.00606
31	0.08172	0.01453	0.06171	0.10479	0.36736	0.17459	0.03454	0.06001	0.01197	0.01610	0.00875	0.01113	0.00707	0.00476	0.00486	0.00147	0.02122	0.00399	0.00260	0.00684
32	0.05599	0.00823	0.01062	0.05517	0.01283	0.00786	0.00718	0.06004	0.05676	0.49411	0.05103	0.04123	0.03175	0.05199	0.00611	0.00175	0.00424	0.03057	0.00527	0.00723
33	0.00762	0.00611	0.00651	0.00620	0.00753	0.05107	0.00456	0.00931	0.01241	0.03451	0.42153	0.05664	0.26413	0.08149	0.00738	0.00185	0.00302	0.00888	0.00477	0.00448
34	0.01414	0.01057	0.03870	0.16206	0.23991	0.03932	0.02320	0.08707	0.01256	0.20128	0.02452	0.05023	0.01058	0.00635	0.00565	0.04041	0.00545	0.01744	0.00363	0.00692
35	0.00980	0.03488	0.02302	0.12751	0.09440	0.07562	0.07845	0.01244	0.02572	0.01418	0.01806	0.12148	0.01866	0.00952	0.00581	0.00187	0.00551	0.31419	0.00354	0.00537
36	0.06160	0.00506	0.00591	0.00618	0.00706	0.00481	0.00426	0.00832	0.01003	0.03841	0.14021	0.34563	0.16192	0.16686	0.00942	0.00235	0.00317	0.01030	0.00434	0.00414
37	0.00919	0.00462	0.00677	0.00666	0.00696	0.00458	0.00461	0.00769	0.00713	0.05479	0.01031	0.01751	0.01004	0.04688	0.04544	0.71113	0.00460	0.03590	0.00251	0.00270
38	0.01510	0.05896	0.01631	0.08068	0.21371	0.03218	0.04562	0.21661	0.06796	0.13768	0.03790	0.01375	0.01010	0.00552	0.00514	0.00150	0.02529	0.00464	0.00386	0.00748
39	0.00831	0.02806	0.03566	0.00875	0.05173	0.08854	0.00627	0.02244	0.02167	0.01402	0.09429	0.37390	0.18124	0.01169	0.00571	0.00174	0.00383	0.03319	0.00418	0.00477

[dist]
# distance from previous block
# <min> <max>
0	17

# created by:
# /home/cegg/simao/soft/augustus-3.2.1/scripts/msa2prfl.pl ./align_prep/EOG091G0RHX.fa
