[name]
unknown

[dist]
# distance from previous block
# <min> <max>
0	306

[block]
# block no. 0 follows, 48 sequences, length 69
# corresponding to MSA columns:
# 364-408,411-434
name=unknown_A
#
# <colnr> <probs for GDERKNQSTAVLIFYWHMCP>
#	G	D	E	R	K	N	Q	S	T	A	V	L	I	F	Y	W	H	M	C	P
0	0.00827	0.00591	0.00827	0.00945	0.01063	0.00591	0.00827	0.01063	0.01181	0.01536	0.02717	0.05788	0.02953	0.01417	0.00709	0.00236	0.00472	0.75313	0.00472	0.00472
1	0.00891	0.00446	0.00668	0.00668	0.00668	0.00446	0.00446	0.00668	0.00668	0.00891	0.00891	0.01560	0.00891	0.01783	0.02005	0.85071	0.00446	0.00446	0.00223	0.00223
2	0.01309	0.67761	0.16657	0.00985	0.01482	0.01877	0.01064	0.01553	0.01050	0.01283	0.00751	0.00871	0.00657	0.00448	0.00358	0.00119	0.00587	0.00293	0.00219	0.00677
3	0.00661	0.00469	0.00618	0.00718	0.00757	0.00445	0.00494	0.00763	0.01000	0.01335	0.06205	0.62977	0.03266	0.09580	0.00853	0.00238	0.00332	0.08413	0.00464	0.00415
4	0.37128	0.03677	0.18565	0.01222	0.06868	0.19157	0.03488	0.01667	0.01088	0.01822	0.00806	0.00958	0.00628	0.00487	0.00411	0.00152	0.00631	0.00335	0.00274	0.00634
5	0.01151	0.01208	0.02047	0.01613	0.01782	0.01482	0.25843	0.01368	0.00925	0.01368	0.00792	0.01208	0.00708	0.00746	0.01332	0.00208	0.54879	0.00500	0.00236	0.00604
6	0.00956	0.00478	0.00478	0.00478	0.00598	0.00478	0.00359	0.01196	0.01076	0.01913	0.01674	0.01913	0.01315	0.00598	0.00359	0.00120	0.00239	0.00478	0.84816	0.00478
7	0.01372	0.82276	0.02689	0.00878	0.01317	0.02030	0.00878	0.01536	0.01043	0.01207	0.00713	0.00823	0.00658	0.00439	0.00329	0.00110	0.00549	0.00274	0.00219	0.00658
8	0.01101	0.00911	0.01068	0.00765	0.01219	0.00686	0.00612	0.01328	0.01076	0.03990	0.00945	0.01084	0.00775	0.00388	0.00384	0.00078	0.00382	0.00310	0.00314	0.82583
9	0.01231	0.01183	0.01932	0.15967	0.60727	0.02579	0.01499	0.01600	0.05236	0.01633	0.01013	0.01315	0.00829	0.00480	0.00509	0.00156	0.00617	0.00461	0.00264	0.00768
10	0.01177	0.01124	0.01914	0.27159	0.55485	0.01195	0.01528	0.01493	0.01124	0.01563	0.00949	0.01300	0.00773	0.00474	0.00510	0.00158	0.00633	0.00457	0.00246	0.00738
11	0.00956	0.00478	0.00478	0.00478	0.00598	0.00478	0.00359	0.01196	0.01076	0.01913	0.01674	0.01913	0.01315	0.00598	0.00359	0.00120	0.00239	0.00478	0.84816	0.00478
12	0.01634	0.01280	0.01362	0.01117	0.01471	0.01443	0.00899	0.42150	0.37834	0.02723	0.01634	0.01552	0.01198	0.00654	0.00517	0.00163	0.00490	0.00517	0.00517	0.00844
13	0.85592	0.00992	0.00754	0.00675	0.00992	0.01151	0.00556	0.01508	0.00873	0.02302	0.00714	0.00834	0.00556	0.00476	0.00318	0.00159	0.00397	0.00278	0.00318	0.00556
14	0.00976	0.00919	0.01551	0.78957	0.05258	0.01142	0.01428	0.01317	0.01029	0.01319	0.00913	0.01366	0.00687	0.00512	0.00513	0.00171	0.00682	0.00456	0.00229	0.00576
15	0.01246	0.01195	0.02039	0.09363	0.72742	0.01213	0.01563	0.01554	0.01157	0.01647	0.00961	0.01278	0.00802	0.00462	0.00508	0.00154	0.00616	0.00457	0.00252	0.00793
16	0.00625	0.00447	0.00595	0.00714	0.00744	0.00417	0.00476	0.00714	0.00982	0.01310	0.02828	0.81633	0.03394	0.01608	0.00655	0.00208	0.00298	0.01459	0.00476	0.00417
17	0.04711	0.00932	0.02586	0.00953	0.01289	0.00865	0.04289	0.13911	0.01531	0.39623	0.11834	0.05394	0.04162	0.00753	0.00535	0.00163	0.00442	0.03017	0.02262	0.00748
18	0.00969	0.00912	0.01539	0.80734	0.03534	0.01140	0.01425	0.01311	0.01026	0.01311	0.00912	0.01368	0.00684	0.00513	0.00513	0.00171	0.00684	0.00456	0.00228	0.00570
19	0.00938	0.00823	0.01225	0.01426	0.17729	0.00928	0.02244	0.01087	0.00963	0.01354	0.01667	0.24188	0.01843	0.12267	0.01161	0.00243	0.21021	0.08022	0.00337	0.00534
20	0.73677	0.01150	0.02689	0.02281	0.02712	0.07399	0.00659	0.01552	0.00933	0.02172	0.00734	0.00866	0.00574	0.00481	0.00341	0.00157	0.00457	0.00291	0.00308	0.00569
21	0.00653	0.00468	0.00618	0.00716	0.00760	0.00445	0.00494	0.00757	0.00996	0.01327	0.05127	0.63701	0.05654	0.06655	0.03702	0.00248	0.00359	0.06439	0.00461	0.00418
22	0.00676	0.00513	0.00623	0.00622	0.00747	0.00461	0.00461	0.00860	0.01289	0.01725	0.42626	0.15490	0.27940	0.01217	0.00615	0.00174	0.00261	0.02719	0.00522	0.00458
23	0.01128	0.01155	0.05748	0.38870	0.34830	0.01191	0.03605	0.02749	0.02901	0.01541	0.00971	0.01323	0.00762	0.00492	0.00512	0.00163	0.00653	0.00460	0.00251	0.00695
24	0.02682	0.01355	0.07508	0.01035	0.01363	0.15055	0.03282	0.05086	0.27676	0.01822	0.01743	0.03595	0.07021	0.00653	0.00486	0.00149	0.00518	0.00526	0.07174	0.11271
25	0.00625	0.00448	0.00593	0.00710	0.00743	0.00417	0.00474	0.00715	0.00987	0.01312	0.02888	0.79694	0.05293	0.01600	0.00654	0.00207	0.00297	0.01449	0.00476	0.00417
26	0.01092	0.01019	0.01677	0.50724	0.26035	0.01151	0.01413	0.03512	0.01110	0.01495	0.00937	0.01318	0.00732	0.00492	0.00504	0.00160	0.00642	0.00448	0.00248	0.05291
27	0.00631	0.00463	0.00593	0.00683	0.00739	0.00424	0.00466	0.00738	0.01046	0.01382	0.09394	0.65104	0.13410	0.01521	0.00644	0.00200	0.00288	0.01365	0.00484	0.00424
28	0.43454	0.01382	0.01230	0.04173	0.06620	0.17807	0.04011	0.10371	0.01211	0.02052	0.00828	0.00980	0.00649	0.00514	0.00441	0.00155	0.02832	0.00348	0.00316	0.00624
29	0.01302	0.01316	0.02641	0.02005	0.06474	0.01284	0.57644	0.04074	0.05022	0.06449	0.01131	0.01406	0.00846	0.00492	0.00651	0.00174	0.05496	0.00577	0.00301	0.00713
30	0.01038	0.00988	0.01636	0.58547	0.16142	0.01202	0.01417	0.01347	0.01023	0.01365	0.00894	0.01324	0.00705	0.00547	0.00644	0.00174	0.09710	0.00455	0.00232	0.00610
31	0.00746	0.00497	0.00560	0.00560	0.00560	0.00497	0.00311	0.00746	0.00746	0.00995	0.01617	0.03358	0.01865	0.81967	0.02612	0.00497	0.00497	0.00746	0.00311	0.00311
32	0.20142	0.01470	0.01212	0.05239	0.01460	0.26834	0.02121	0.05916	0.01234	0.03244	0.00871	0.01012	0.00695	0.00476	0.00414	0.00126	0.00599	0.00333	0.00307	0.26294
33	0.85592	0.00992	0.00754	0.00675	0.00992	0.01151	0.00556	0.01508	0.00873	0.02302	0.00714	0.00834	0.00556	0.00476	0.00318	0.00159	0.00397	0.00278	0.00318	0.00556
34	0.00633	0.00478	0.00585	0.00648	0.00732	0.00430	0.00452	0.00754	0.01099	0.01430	0.13346	0.48691	0.25979	0.01443	0.00634	0.00192	0.00279	0.01278	0.00488	0.00430
35	0.00783	0.00575	0.00693	0.00651	0.00803	0.00539	0.00492	0.01091	0.07196	0.03737	0.52914	0.03847	0.20958	0.01059	0.00592	0.00164	0.00263	0.00917	0.02219	0.00507
36	0.00634	0.00447	0.00592	0.00708	0.00740	0.00418	0.00473	0.00728	0.00985	0.01327	0.02796	0.79427	0.03336	0.01580	0.00647	0.00206	0.00296	0.01432	0.02810	0.00418
37	0.01688	0.01268	0.01363	0.01110	0.01469	0.01415	0.00896	0.42130	0.33772	0.06826	0.01631	0.01544	0.01183	0.00650	0.00517	0.00163	0.00492	0.00514	0.00523	0.00847
38	0.01064	0.00912	0.01064	0.00760	0.01216	0.00684	0.00608	0.01292	0.01064	0.01672	0.00912	0.01064	0.00760	0.00380	0.00380	0.00076	0.00380	0.00304	0.00304	0.85104
39	0.01061	0.03325	0.00968	0.00841	0.01040	0.00727	0.03017	0.04539	0.08428	0.11065	0.24333	0.06577	0.10017	0.05344	0.00705	0.00197	0.00389	0.16356	0.00502	0.00571
40	0.58942	0.00954	0.00894	0.00751	0.01094	0.01024	0.00619	0.01826	0.01064	0.26882	0.01134	0.01126	0.00784	0.00527	0.00381	0.00159	0.00410	0.00354	0.00419	0.00657
41	0.01267	0.01334	0.13632	0.01221	0.03047	0.04024	0.10013	0.05856	0.29896	0.07600	0.13364	0.01971	0.03108	0.00677	0.00537	0.00166	0.00522	0.00591	0.00442	0.00732
42	0.01224	0.01381	0.08446	0.12192	0.40873	0.07165	0.10023	0.01540	0.01138	0.01550	0.00990	0.03813	0.00841	0.00536	0.00598	0.00163	0.06065	0.00489	0.00254	0.00718
43	0.00891	0.00498	0.00574	0.00574	0.00683	0.00523	0.00434	0.01110	0.01001	0.01698	0.01592	0.01973	0.01319	0.03266	0.21916	0.00318	0.00552	0.00503	0.60107	0.00469
44	0.00729	0.00523	0.00653	0.00629	0.00751	0.00476	0.00463	0.00926	0.01330	0.03309	0.54267	0.09846	0.17516	0.05440	0.00714	0.00185	0.00267	0.00978	0.00530	0.00468
45	0.01930	0.01382	0.01495	0.01156	0.01558	0.01520	0.00951	0.67819	0.07081	0.07827	0.01334	0.01306	0.00940	0.00622	0.00514	0.00156	0.00547	0.00473	0.00521	0.00869
46	0.01096	0.00923	0.01156	0.01010	0.08990	0.00736	0.00715	0.01330	0.01079	0.03388	0.01000	0.01243	0.00846	0.00527	0.02885	0.00113	0.00438	0.02137	0.00310	0.70080
47	0.01631	0.02969	0.19572	0.01199	0.03054	0.03833	0.06052	0.10903	0.06008	0.29651	0.03061	0.07148	0.01241	0.00655	0.00521	0.00162	0.00562	0.00550	0.00451	0.00776
48	0.01372	0.82276	0.02689	0.00878	0.01317	0.02030	0.00878	0.01536	0.01043	0.01207	0.00713	0.00823	0.00658	0.00439	0.00329	0.00110	0.00549	0.00274	0.00219	0.00658
49	0.01071	0.00956	0.01580	0.46818	0.23639	0.01088	0.01339	0.01402	0.02850	0.03928	0.01115	0.05677	0.00933	0.00735	0.04575	0.00201	0.00664	0.00519	0.00271	0.00638
50	0.01318	0.17377	0.27854	0.02741	0.01849	0.05593	0.09536	0.10692	0.04945	0.03548	0.01000	0.01135	0.00761	0.00503	0.00490	0.00146	0.02255	0.00401	0.00292	0.07564
51	0.00634	0.00507	0.00567	0.00582	0.00718	0.00440	0.00425	0.00778	0.01189	0.01505	0.19275	0.19584	0.49371	0.01310	0.00616	0.00178	0.00264	0.01125	0.00494	0.00440
52	0.00734	0.00531	0.00645	0.00633	0.00773	0.00476	0.00478	0.00923	0.01302	0.04255	0.40486	0.10636	0.29910	0.01187	0.00612	0.00173	0.00271	0.04976	0.00524	0.00473
53	0.04373	0.05088	0.09711	0.02693	0.02749	0.00982	0.07951	0.10961	0.01392	0.30206	0.05169	0.13427	0.01514	0.00741	0.00530	0.00165	0.00509	0.00640	0.00469	0.00731
54	0.01350	0.10827	0.18316	0.04453	0.10801	0.05401	0.17410	0.11375	0.04806	0.04497	0.01053	0.01240	0.00804	0.00577	0.02017	0.00170	0.03414	0.00455	0.00301	0.00733
55	0.02608	0.01098	0.01351	0.03463	0.10677	0.05588	0.00951	0.18005	0.01263	0.03025	0.01161	0.05429	0.01074	0.09743	0.08913	0.00277	0.22387	0.00536	0.01830	0.00622
56	0.85592	0.00992	0.00754	0.00675	0.00992	0.01151	0.00556	0.01508	0.00873	0.02302	0.00714	0.00834	0.00556	0.00476	0.00318	0.00159	0.00397	0.00278	0.00318	0.00556
57	0.00817	0.00528	0.00652	0.00644	0.00775	0.00480	0.00477	0.01001	0.01256	0.07180	0.33595	0.20179	0.18485	0.01150	0.00588	0.00171	0.00275	0.02477	0.08783	0.00486
58	0.02221	0.00871	0.01165	0.00899	0.01282	0.00767	0.00741	0.04869	0.01479	0.72620	0.01980	0.01738	0.01259	0.00633	0.00508	0.00157	0.00431	0.00512	0.05016	0.00853
59	0.00723	0.00522	0.00683	0.00647	0.00766	0.00482	0.00484	0.00961	0.01440	0.02037	0.76460	0.05926	0.04802	0.01064	0.00607	0.00163	0.00244	0.00942	0.00562	0.00482
60	0.00674	0.00522	0.00614	0.00591	0.00735	0.00462	0.00443	0.00867	0.01329	0.01765	0.46577	0.04314	0.36943	0.01158	0.00606	0.00167	0.00250	0.00995	0.00526	0.00462
61	0.01372	0.82276	0.02689	0.00878	0.01317	0.02030	0.00878	0.01536	0.01043	0.01207	0.00713	0.00823	0.00658	0.00439	0.00329	0.00110	0.00549	0.00274	0.00219	0.00658
62	0.00956	0.00478	0.00478	0.00478	0.00598	0.00478	0.00359	0.01196	0.01076	0.01913	0.01674	0.01913	0.01315	0.00598	0.00359	0.00120	0.00239	0.00478	0.84816	0.00478
63	0.01951	0.01437	0.01540	0.01181	0.01591	0.01591	0.00975	0.77056	0.02412	0.03234	0.01232	0.01232	0.00873	0.00616	0.00513	0.00154	0.00565	0.00462	0.00513	0.00873
64	0.00891	0.00446	0.00668	0.00668	0.00668	0.00446	0.00446	0.00668	0.00668	0.00891	0.00891	0.01560	0.00891	0.01783	0.02005	0.85071	0.00446	0.00446	0.00223	0.00223
65	0.02274	0.00989	0.01210	0.00943	0.01330	0.06579	0.00772	0.02467	0.01468	0.73392	0.01934	0.01686	0.01225	0.00627	0.00512	0.00157	0.00473	0.00502	0.00608	0.00853
66	0.01140	0.01164	0.05964	0.29863	0.46065	0.01165	0.01503	0.01456	0.01098	0.01521	0.00942	0.01303	0.00762	0.00521	0.00558	0.02935	0.00638	0.00452	0.00242	0.00706
67	0.00714	0.00489	0.00613	0.00678	0.00763	0.00441	0.00472	0.00823	0.01066	0.05499	0.05798	0.57360	0.20451	0.01467	0.00635	0.00196	0.00295	0.01305	0.00488	0.00447
68	0.01288	0.34893	0.28627	0.01297	0.06533	0.03746	0.03046	0.07384	0.01177	0.01560	0.00854	0.01003	0.00688	0.00486	0.00464	0.00139	0.03229	0.00352	0.00248	0.02987

[dist]
# distance from previous block
# <min> <max>
0	2

[block]
# block no. 1 follows, 48 sequences, length 8
# corresponding to MSA columns:
# 437-444
name=unknown_B
#
# <colnr> <probs for GDERKNQSTAVLIFYWHMCP>
#	G	D	E	R	K	N	Q	S	T	A	V	L	I	F	Y	W	H	M	C	P
0	0.01183	0.12538	0.47298	0.01547	0.04585	0.01350	0.15321	0.07254	0.01203	0.01696	0.00940	0.01122	0.00696	0.00480	0.00491	0.00157	0.00732	0.00415	0.00248	0.00744
1	0.01295	0.01510	0.13856	0.01128	0.01481	0.12263	0.00994	0.02352	0.50276	0.01932	0.06095	0.01750	0.01478	0.00659	0.00513	0.00166	0.00527	0.00532	0.00439	0.00754
2	0.01012	0.00881	0.01081	0.00849	0.01171	0.00791	0.00673	0.01202	0.01007	0.01550	0.01142	0.12392	0.01116	0.00637	0.00630	0.00119	0.13456	0.00490	0.00315	0.59487
3	0.00891	0.00633	0.00742	0.00706	0.00792	0.00661	0.00482	0.11489	0.01044	0.01400	0.01864	0.12303	0.05993	0.43841	0.14521	0.00450	0.00612	0.00778	0.00362	0.00433
4	0.23942	0.03722	0.04074	0.14046	0.04676	0.10499	0.02454	0.12997	0.07159	0.07130	0.01047	0.01181	0.00786	0.00551	0.00496	0.00159	0.03656	0.00403	0.00349	0.00674
5	0.01419	0.01298	0.01658	0.16633	0.27711	0.13871	0.03845	0.04844	0.01257	0.09302	0.01039	0.01253	0.00804	0.00492	0.00488	0.00143	0.00632	0.00426	0.00307	0.12578
6	0.00728	0.00546	0.00697	0.00779	0.00900	0.00515	0.00638	0.00908	0.01146	0.01454	0.03486	0.17700	0.25914	0.01412	0.00669	0.00213	0.00380	0.40989	0.00474	0.00452
7	0.01086	0.01030	0.01722	0.37247	0.39502	0.01124	0.01417	0.01394	0.01106	0.01492	0.01267	0.01595	0.06735	0.00547	0.00518	0.00162	0.00616	0.00505	0.00260	0.00676

[dist]
# distance from previous block
# <min> <max>
0	4

[block]
# block no. 2 follows, 48 sequences, length 38
# corresponding to MSA columns:
# 449-486
name=unknown_C
#
# <colnr> <probs for GDERKNQSTAVLIFYWHMCP>
#	G	D	E	R	K	N	Q	S	T	A	V	L	I	F	Y	W	H	M	C	P
0	0.35680	0.01020	0.00984	0.00824	0.01142	0.01116	0.00664	0.17779	0.10522	0.07320	0.01213	0.01310	0.00922	0.03035	0.00475	0.00161	0.00422	0.00405	0.09109	0.05899
1	0.13707	0.01224	0.01293	0.02725	0.01437	0.07531	0.03606	0.21965	0.06866	0.07686	0.01120	0.01193	0.00842	0.00530	0.00483	0.00136	0.02906	0.00398	0.00392	0.23957
2	0.01214	0.01288	0.01563	0.01335	0.01418	0.13875	0.05934	0.01353	0.00922	0.01256	0.00795	0.01231	0.00755	0.02804	0.07947	0.00262	0.54793	0.00455	0.00239	0.00561
3	0.06354	0.00866	0.00976	0.00780	0.01122	0.02231	0.00608	0.05311	0.01155	0.06735	0.03727	0.15768	0.01398	0.00665	0.00450	0.00119	0.00383	0.00557	0.02298	0.48497
4	0.00969	0.00912	0.01539	0.80734	0.03534	0.01140	0.01425	0.01311	0.01026	0.01311	0.00912	0.01368	0.00684	0.00513	0.00513	0.00171	0.00684	0.00456	0.00228	0.00570
5	0.00625	0.00447	0.00595	0.00714	0.00744	0.00417	0.00476	0.00714	0.00982	0.01310	0.02828	0.81633	0.03394	0.01608	0.00655	0.00208	0.00298	0.01459	0.00476	0.00417
6	0.00625	0.00447	0.00595	0.00714	0.00744	0.00417	0.00476	0.00714	0.00982	0.01310	0.02828	0.81633	0.03394	0.01608	0.00655	0.00208	0.00298	0.01459	0.00476	0.00417
7	0.01064	0.00912	0.01064	0.00760	0.01216	0.00684	0.00608	0.01292	0.01064	0.01672	0.00912	0.01064	0.00760	0.00380	0.00380	0.00076	0.00380	0.00304	0.00304	0.85104
8	0.00754	0.00545	0.00742	0.00735	0.00786	0.00610	0.00524	0.00855	0.00789	0.01109	0.01435	0.02498	0.01481	0.34050	0.45596	0.02643	0.03543	0.00620	0.00286	0.00399
9	0.00638	0.00456	0.00610	0.00729	0.00765	0.00428	0.00499	0.00737	0.00995	0.01324	0.02821	0.76739	0.03365	0.01595	0.00658	0.00210	0.00309	0.06224	0.00476	0.00420
10	0.00707	0.00515	0.00665	0.00647	0.00760	0.00473	0.00478	0.00924	0.01378	0.01927	0.64919	0.13489	0.08935	0.01132	0.00611	0.00168	0.00250	0.01002	0.00549	0.00473
11	0.02302	0.00873	0.01191	0.00913	0.01310	0.00754	0.00754	0.02501	0.01469	0.79122	0.02024	0.01746	0.01270	0.00635	0.00516	0.00159	0.00437	0.00516	0.00635	0.00873
12	0.02234	0.00909	0.01204	0.00931	0.01323	0.00816	0.00766	0.05606	0.05473	0.71977	0.01995	0.01734	0.01269	0.00637	0.00516	0.00159	0.00440	0.00517	0.00624	0.00870
13	0.01917	0.02445	0.01454	0.01322	0.01586	0.79907	0.00991	0.02049	0.01454	0.01256	0.00793	0.00925	0.00661	0.00529	0.00463	0.00132	0.00925	0.00330	0.00264	0.00595
14	0.01064	0.00912	0.01064	0.00760	0.01216	0.00684	0.00608	0.01292	0.01064	0.01672	0.00912	0.01064	0.00760	0.00380	0.00380	0.00076	0.00380	0.00304	0.00304	0.85104
15	0.00665	0.00522	0.00601	0.00582	0.00729	0.00458	0.00436	0.00850	0.01308	0.01716	0.41188	0.04395	0.42362	0.01176	0.00606	0.00167	0.00251	0.01007	0.00520	0.00458
16	0.01848	0.02315	0.01521	0.01516	0.09768	0.71566	0.01053	0.01999	0.01424	0.01300	0.00811	0.00962	0.00677	0.00521	0.00467	0.00134	0.00892	0.00344	0.00263	0.00618
17	0.00733	0.00550	0.00825	0.00825	0.00916	0.00641	0.00641	0.00916	0.00825	0.01191	0.01374	0.02016	0.01283	0.03848	0.79934	0.00825	0.01374	0.00550	0.00275	0.00458
18	0.85592	0.00992	0.00754	0.00675	0.00992	0.01151	0.00556	0.01508	0.00873	0.02302	0.00714	0.00834	0.00556	0.00476	0.00318	0.00159	0.00397	0.00278	0.00318	0.00556
19	0.01160	0.01143	0.01768	0.42193	0.35813	0.06256	0.01462	0.01472	0.01115	0.01465	0.00927	0.01297	0.00738	0.00490	0.00508	0.00160	0.00668	0.00448	0.00242	0.00676
20	0.01064	0.00912	0.01064	0.00760	0.01216	0.00684	0.00608	0.01292	0.01064	0.01672	0.00912	0.01064	0.00760	0.00380	0.00380	0.00076	0.00380	0.00304	0.00304	0.85104
21	0.00930	0.00492	0.00533	0.02173	0.00681	0.00501	0.00400	0.01147	0.01048	0.01805	0.03581	0.01992	0.01395	0.03405	0.04802	0.02699	0.00324	0.00501	0.71124	0.00466
22	0.01215	0.01330	0.07190	0.06704	0.37401	0.01256	0.23866	0.01669	0.07742	0.01666	0.01066	0.01347	0.00844	0.00493	0.00585	0.00165	0.03931	0.00506	0.00274	0.00750
23	0.00625	0.00447	0.00595	0.00714	0.00744	0.00417	0.00476	0.00714	0.00982	0.01310	0.02828	0.81633	0.03394	0.01608	0.00655	0.00208	0.00298	0.01459	0.00476	0.00417
24	0.01929	0.01426	0.01528	0.01176	0.01583	0.01581	0.00970	0.74649	0.04855	0.03199	0.01260	0.01254	0.00895	0.00619	0.00514	0.00155	0.00559	0.00466	0.00514	0.00871
25	0.00956	0.00478	0.00478	0.00478	0.00598	0.00478	0.00359	0.01196	0.01076	0.01913	0.01674	0.01913	0.01315	0.00598	0.00359	0.00120	0.00239	0.00478	0.84816	0.00478
26	0.00813	0.00544	0.00714	0.00660	0.00796	0.00499	0.00499	0.01052	0.01453	0.06280	0.74306	0.03719	0.04646	0.01026	0.00600	0.00161	0.00253	0.00905	0.00569	0.00505
27	0.01029	0.02654	0.79309	0.01462	0.02221	0.01192	0.01896	0.01625	0.01083	0.01625	0.00921	0.01083	0.00650	0.00487	0.00487	0.00162	0.00758	0.00379	0.00217	0.00758
28	0.02302	0.00873	0.01191	0.00913	0.01310	0.00754	0.00754	0.02501	0.01469	0.79122	0.02024	0.01746	0.01270	0.00635	0.00516	0.00159	0.00437	0.00516	0.00635	0.00873
29	0.00674	0.00493	0.00593	0.00630	0.00691	0.00474	0.00420	0.00754	0.00929	0.01208	0.02809	0.27906	0.20349	0.28667	0.10738	0.00370	0.00484	0.01024	0.00397	0.00390
30	0.04854	0.00877	0.01177	0.00906	0.01300	0.00766	0.00748	0.02470	0.01450	0.76768	0.01984	0.01718	0.01248	0.00630	0.00510	0.00159	0.00435	0.00509	0.00625	0.00863
31	0.02302	0.00873	0.01191	0.00913	0.01310	0.00754	0.00754	0.02501	0.01469	0.79122	0.02024	0.01746	0.01270	0.00635	0.00516	0.00159	0.00437	0.00516	0.00635	0.00873
32	0.05063	0.00960	0.01104	0.00948	0.01254	0.01010	0.00752	0.04924	0.37445	0.27490	0.05234	0.05400	0.03147	0.00744	0.00526	0.00170	0.00408	0.02092	0.00548	0.00779
33	0.00716	0.00493	0.00611	0.00669	0.00697	0.00483	0.00443	0.00781	0.00891	0.01182	0.02197	0.30924	0.02554	0.42392	0.01656	0.00359	0.00424	0.11764	0.00392	0.00371
34	0.00804	0.00559	0.00729	0.00717	0.00810	0.00624	0.00547	0.00979	0.00919	0.01393	0.01811	0.03935	0.08520	0.07882	0.39377	0.00502	0.06002	0.00606	0.22825	0.00457
35	0.00623	0.00515	0.00549	0.00572	0.00723	0.00441	0.00429	0.00755	0.01147	0.01386	0.04742	0.14570	0.64294	0.01346	0.00619	0.00182	0.00278	0.05919	0.00476	0.00434
36	0.00995	0.00762	0.00869	0.00805	0.01002	0.00805	0.00618	0.01705	0.31876	0.04354	0.32840	0.05615	0.08279	0.00918	0.00562	0.00168	0.00321	0.02382	0.04503	0.00621
37	0.85592	0.00992	0.00754	0.00675	0.00992	0.01151	0.00556	0.01508	0.00873	0.02302	0.00714	0.00834	0.00556	0.00476	0.00318	0.00159	0.00397	0.00278	0.00318	0.00556

[dist]
# distance from previous block
# <min> <max>
0	1

[block]
# block no. 3 follows, 48 sequences, length 33
# corresponding to MSA columns:
# 488-520
name=unknown_D
#
# <colnr> <probs for GDERKNQSTAVLIFYWHMCP>
#	G	D	E	R	K	N	Q	S	T	A	V	L	I	F	Y	W	H	M	C	P
0	0.00760	0.00579	0.02217	0.00701	0.00747	0.00593	0.00490	0.00839	0.00801	0.01103	0.01586	0.06254	0.01732	0.49240	0.24093	0.00551	0.03875	0.03151	0.00308	0.00380
1	0.01195	0.06169	0.09297	0.17564	0.20005	0.03002	0.05095	0.06804	0.03077	0.01688	0.02901	0.01275	0.00868	0.00486	0.00476	0.00140	0.00590	0.00425	0.00287	0.18657
2	0.06031	0.36886	0.23872	0.04216	0.04793	0.04430	0.02673	0.08808	0.01198	0.01613	0.00848	0.00989	0.00680	0.00478	0.00415	0.00138	0.00628	0.00345	0.00256	0.00702
3	0.00839	0.06210	0.25024	0.00924	0.01229	0.00805	0.00924	0.01131	0.03136	0.01423	0.06307	0.23364	0.09319	0.12656	0.04218	0.00249	0.00526	0.00823	0.00354	0.00540
4	0.14319	0.00907	0.01138	0.00886	0.01272	0.00836	0.00732	0.04545	0.01410	0.65803	0.01812	0.01600	0.01155	0.00612	0.00487	0.00159	0.00435	0.00480	0.00586	0.00827
5	0.01204	0.05266	0.25431	0.06746	0.06134	0.09260	0.05696	0.06313	0.07419	0.02927	0.09027	0.04204	0.02402	0.00650	0.00562	0.00163	0.03805	0.01782	0.00329	0.00681
6	0.04128	0.00720	0.00912	0.06862	0.02878	0.03679	0.02351	0.00974	0.00971	0.01308	0.04630	0.14652	0.14176	0.11823	0.03476	0.11151	0.08844	0.05672	0.00350	0.00442
7	0.00701	0.00499	0.00683	0.00728	0.00786	0.00523	0.00519	0.00829	0.00908	0.01273	0.04511	0.33628	0.02304	0.12312	0.33222	0.00490	0.00757	0.00942	0.03958	0.00425
8	0.00634	0.00453	0.00606	0.00725	0.00758	0.00424	0.00492	0.00730	0.00991	0.01320	0.02823	0.78280	0.03374	0.01599	0.00657	0.00210	0.00305	0.04724	0.00476	0.00419
9	0.17809	0.04324	0.04440	0.12022	0.08840	0.07035	0.05224	0.24858	0.01503	0.05021	0.01069	0.01310	0.00826	0.00560	0.00475	0.00158	0.00594	0.02863	0.00362	0.00710
10	0.01236	0.01179	0.01985	0.08927	0.68718	0.01183	0.01510	0.01539	0.01152	0.01648	0.00958	0.01266	0.00800	0.00457	0.00501	0.00150	0.00602	0.00449	0.00255	0.05486
11	0.00746	0.00497	0.00560	0.00560	0.00560	0.00497	0.00311	0.00746	0.00746	0.00995	0.01617	0.03358	0.01865	0.81967	0.02612	0.00497	0.00497	0.00746	0.00311	0.00311
12	0.01478	0.01271	0.01848	0.06774	0.46953	0.01339	0.01347	0.26514	0.03681	0.02183	0.01081	0.01281	0.00846	0.00519	0.00510	0.00155	0.00593	0.00462	0.00346	0.00819
13	0.00891	0.00446	0.00668	0.00668	0.00668	0.00446	0.00446	0.00668	0.00668	0.00891	0.00891	0.01560	0.00891	0.01783	0.02005	0.85071	0.00446	0.00446	0.00223	0.00223
14	0.85592	0.00992	0.00754	0.00675	0.00992	0.01151	0.00556	0.01508	0.00873	0.02302	0.00714	0.00834	0.00556	0.00476	0.00318	0.00159	0.00397	0.00278	0.00318	0.00556
15	0.08655	0.01123	0.01620	0.01841	0.26902	0.01355	0.01182	0.01410	0.03262	0.01521	0.00863	0.02574	0.00787	0.00702	0.01072	0.00187	0.40411	0.00453	0.00259	0.03823
16	0.19128	0.01313	0.01260	0.01023	0.01372	0.08888	0.00829	0.38368	0.06062	0.09417	0.06400	0.01379	0.01128	0.00614	0.00475	0.00155	0.00523	0.00454	0.00464	0.00751
17	0.00746	0.00497	0.00560	0.00560	0.00560	0.00497	0.00311	0.00746	0.00746	0.00995	0.01617	0.03358	0.01865	0.81967	0.02612	0.00497	0.00497	0.00746	0.00311	0.00311
18	0.00701	0.00540	0.00666	0.00698	0.00783	0.00533	0.00497	0.00847	0.02829	0.01379	0.06967	0.40151	0.20457	0.06881	0.04857	0.00243	0.04865	0.01121	0.02764	0.02218
19	0.01212	0.16512	0.41576	0.01361	0.05358	0.01384	0.03023	0.09492	0.06391	0.01755	0.03526	0.01214	0.00884	0.00537	0.00516	0.00155	0.03669	0.00411	0.00283	0.00741
20	0.00641	0.00463	0.00608	0.00704	0.00754	0.00430	0.00484	0.00753	0.01048	0.01399	0.10752	0.66845	0.07725	0.01527	0.00649	0.00202	0.00296	0.03808	0.00485	0.00426
21	0.01917	0.02445	0.01454	0.01322	0.01586	0.79907	0.00991	0.02049	0.01454	0.01256	0.00793	0.00925	0.00661	0.00529	0.00463	0.00132	0.00925	0.00330	0.00264	0.00595
22	0.05576	0.03273	0.07812	0.14064	0.29236	0.01248	0.12995	0.09604	0.01274	0.07021	0.01041	0.01281	0.00794	0.00501	0.00530	0.00160	0.02079	0.00465	0.00303	0.00742
23	0.01152	0.12822	0.43093	0.01330	0.03725	0.05839	0.04561	0.01742	0.11712	0.01653	0.06619	0.01368	0.01088	0.00549	0.00484	0.00155	0.00655	0.00441	0.00290	0.00722
24	0.00701	0.00502	0.00643	0.00698	0.00787	0.00453	0.00489	0.00827	0.01082	0.03092	0.12950	0.56185	0.10676	0.01411	0.00626	0.00191	0.00298	0.02740	0.00482	0.05167
25	0.00634	0.00453	0.00605	0.00724	0.00758	0.00424	0.00491	0.00729	0.00991	0.01319	0.02823	0.78412	0.03375	0.01599	0.00657	0.00210	0.00305	0.04595	0.00476	0.00419
26	0.01247	0.31332	0.36355	0.01354	0.05704	0.05398	0.05614	0.03605	0.02251	0.01509	0.00873	0.01023	0.00688	0.00474	0.00438	0.00142	0.00679	0.00360	0.00237	0.00717
27	0.02727	0.02451	0.01485	0.23748	0.20524	0.01027	0.03592	0.06794	0.02444	0.10338	0.03353	0.08043	0.07081	0.00708	0.00536	0.00168	0.00544	0.03410	0.00362	0.00665
28	0.00742	0.00547	0.00811	0.00811	0.00904	0.00635	0.00630	0.00927	0.00835	0.01220	0.01386	0.02012	0.01284	0.03720	0.76792	0.00797	0.01330	0.00547	0.03613	0.00459
29	0.02153	0.01020	0.04270	0.04122	0.01471	0.00900	0.00855	0.12509	0.01564	0.62785	0.01831	0.01636	0.01169	0.00622	0.00514	0.00159	0.00476	0.00501	0.00586	0.00857
30	0.09598	0.03094	0.08225	0.01215	0.06837	0.03794	0.07151	0.07011	0.01373	0.39588	0.03159	0.04233	0.01163	0.00611	0.00502	0.00159	0.00528	0.00510	0.00474	0.00776
31	0.01087	0.00575	0.00596	0.00557	0.00711	0.00585	0.00427	0.06802	0.02609	0.04997	0.01663	0.01857	0.01286	0.00602	0.00379	0.00125	0.00274	0.00480	0.73861	0.00528
32	0.08973	0.03222	0.05760	0.02892	0.26684	0.02880	0.09093	0.16515	0.05615	0.03488	0.01162	0.01339	0.02859	0.00563	0.00588	0.00162	0.06653	0.00470	0.00334	0.00747

[dist]
# distance from previous block
# <min> <max>
0	1

[block]
# block no. 4 follows, 48 sequences, length 18
# corresponding to MSA columns:
# 522-539
name=unknown_E
#
# <colnr> <probs for GDERKNQSTAVLIFYWHMCP>
#	G	D	E	R	K	N	Q	S	T	A	V	L	I	F	Y	W	H	M	C	P
0	0.07848	0.21588	0.01591	0.01009	0.01349	0.13202	0.00841	0.17409	0.21229	0.02000	0.01247	0.01273	0.00971	0.00568	0.00438	0.00143	0.00541	0.00413	0.05627	0.00714
1	0.11160	0.05440	0.13508	0.04255	0.01668	0.01318	0.04298	0.34025	0.01655	0.06894	0.01130	0.01274	0.00841	0.00558	0.00475	0.00150	0.00566	0.02117	0.00396	0.08272
2	0.01410	0.06781	0.32106	0.01476	0.12362	0.01141	0.03324	0.06170	0.04933	0.18581	0.03569	0.03624	0.01068	0.00576	0.00501	0.00159	0.00601	0.00480	0.00363	0.00774
3	0.01234	0.11388	0.52866	0.01376	0.02021	0.01325	0.05920	0.10300	0.02908	0.04528	0.01004	0.01130	0.00726	0.00503	0.00481	0.00156	0.00699	0.00399	0.00275	0.00761
4	0.00713	0.00536	0.00662	0.00642	0.00770	0.00495	0.00477	0.00960	0.04022	0.01858	0.54324	0.11703	0.18649	0.01140	0.00607	0.00169	0.00257	0.00998	0.00538	0.00479
5	0.00670	0.00510	0.00655	0.04598	0.00878	0.00477	0.00507	0.00829	0.01174	0.01564	0.27339	0.36589	0.19699	0.01310	0.00622	0.00184	0.00291	0.01160	0.00492	0.00449
6	0.01435	0.01507	0.18142	0.09919	0.12146	0.05581	0.11820	0.09635	0.03387	0.15324	0.01403	0.01515	0.04693	0.00566	0.00522	0.00161	0.00645	0.00499	0.00357	0.00745
7	0.01233	0.00744	0.04671	0.00758	0.01001	0.00613	0.00629	0.01497	0.02987	0.25309	0.41429	0.03004	0.08099	0.00883	0.00559	0.00160	0.00331	0.00757	0.04718	0.00618
8	0.01150	0.01812	0.28732	0.01927	0.02526	0.01262	0.51628	0.01637	0.01168	0.01637	0.00999	0.01283	0.00735	0.00451	0.00566	0.00169	0.00829	0.00529	0.00245	0.00714
9	0.03319	0.04136	0.11789	0.01998	0.25976	0.18269	0.14874	0.01813	0.06699	0.04700	0.01045	0.01234	0.00815	0.00496	0.00505	0.00154	0.00715	0.00448	0.00287	0.00729
10	0.03372	0.14495	0.24396	0.01820	0.22919	0.08206	0.07050	0.06939	0.01239	0.03566	0.00942	0.01123	0.00735	0.00483	0.00473	0.00149	0.00677	0.00403	0.00268	0.00744
11	0.00783	0.00553	0.00761	0.00748	0.00791	0.00623	0.00535	0.00845	0.00775	0.01087	0.01342	0.02334	0.01380	0.28817	0.38980	0.12611	0.05782	0.00593	0.00276	0.00383
12	0.00636	0.00469	0.00598	0.00696	0.00757	0.00431	0.00485	0.00742	0.01028	0.01338	0.03233	0.63128	0.16433	0.01541	0.00650	0.00204	0.00303	0.06427	0.00476	0.00423
13	0.01446	0.06138	0.28656	0.01398	0.08364	0.07193	0.05260	0.03531	0.08916	0.18284	0.01412	0.03145	0.02792	0.00581	0.00501	0.00158	0.00622	0.00479	0.00364	0.00759
14	0.01368	0.05066	0.12783	0.04784	0.15240	0.05611	0.08746	0.13515	0.08042	0.06898	0.03252	0.06247	0.01140	0.00619	0.00537	0.00160	0.02138	0.00534	0.02590	0.00731
15	0.04702	0.01042	0.11462	0.02962	0.02788	0.03095	0.00825	0.01703	0.04726	0.26547	0.08424	0.13253	0.01736	0.00765	0.00507	0.00159	0.00438	0.00643	0.10930	0.03292
16	0.03621	0.03602	0.22744	0.11258	0.06370	0.01155	0.24231	0.03238	0.01131	0.03035	0.01004	0.01299	0.00775	0.02156	0.03665	0.00188	0.00729	0.00466	0.00263	0.09071
17	0.01252	0.04658	0.25569	0.01580	0.12407	0.01130	0.13317	0.03952	0.04155	0.10492	0.05622	0.03109	0.03820	0.00596	0.00566	0.00162	0.03774	0.00525	0.00333	0.02980

[dist]
# distance from previous block
# <min> <max>
8	32

[block]
# block no. 5 follows, 48 sequences, length 6
# corresponding to MSA columns:
# 573-578
name=unknown_F
#
# <colnr> <probs for GDERKNQSTAVLIFYWHMCP>
#	G	D	E	R	K	N	Q	S	T	A	V	L	I	F	Y	W	H	M	C	P
0	0.14156	0.04656	0.09379	0.15240	0.01685	0.03808	0.00910	0.03786	0.01072	0.01669	0.01052	0.07694	0.00932	0.00662	0.03095	0.00157	0.00536	0.00443	0.00298	0.28772
1	0.07618	0.11284	0.07257	0.01097	0.06960	0.01044	0.04246	0.09511	0.03157	0.06065	0.01625	0.15142	0.05356	0.00747	0.00488	0.00151	0.00471	0.02517	0.02883	0.12380
2	0.01482	0.10698	0.09008	0.01132	0.06096	0.01186	0.00948	0.22779	0.05998	0.13351	0.03854	0.04166	0.06906	0.00700	0.00506	0.00154	0.00502	0.04496	0.00436	0.05603
3	0.08928	0.08533	0.15571	0.04579	0.06341	0.11091	0.05275	0.14747	0.03171	0.06181	0.05453	0.01415	0.01058	0.04790	0.00589	0.00170	0.00620	0.00452	0.00344	0.00692
4	0.01477	0.22710	0.08088	0.01063	0.01421	0.07204	0.00954	0.21892	0.06752	0.06190	0.01237	0.07118	0.01052	0.00843	0.05363	0.00192	0.04883	0.00485	0.00368	0.00707
5	0.01347	0.15686	0.12485	0.01135	0.04172	0.10125	0.00994	0.19520	0.05475	0.01909	0.07018	0.12376	0.01519	0.00750	0.00505	0.00157	0.00560	0.03210	0.00380	0.00678

[dist]
# distance from previous block
# <min> <max>
0	136

# created by:
# /home/cegg/simao/soft/augustus-3.2.1/scripts/msa2prfl.pl ./align_prep/EOG091G0KRB.fa
