[name]
unknown

[dist]
# distance from previous block
# <min> <max>
0	52

[block]
# block no. 0 follows, 49 sequences, length 12
# corresponding to MSA columns:
# 263-271,280-282
name=unknown_A
#
# <colnr> <probs for GDERKNQSTAVLIFYWHMCP>
#	G	D	E	R	K	N	Q	S	T	A	V	L	I	F	Y	W	H	M	C	P
0	0.00888	0.00635	0.00820	0.00874	0.00993	0.00646	0.00715	0.08770	0.01206	0.01586	0.02411	0.16426	0.02634	0.11277	0.00901	0.00252	0.00452	0.47585	0.00451	0.00478
1	0.01196	0.01037	0.09069	0.00828	0.01274	0.00717	0.00736	0.01450	0.01129	0.13358	0.04000	0.01425	0.04584	0.00488	0.00424	0.00103	0.00411	0.00396	0.00357	0.57018
2	0.03570	0.01005	0.01437	0.27252	0.02115	0.03061	0.09820	0.07502	0.13729	0.12825	0.02804	0.05937	0.03888	0.00645	0.00521	0.00166	0.00555	0.00570	0.01934	0.00664
3	0.13591	0.00664	0.00820	0.00806	0.00948	0.00762	0.00623	0.01190	0.10340	0.01466	0.01490	0.09977	0.01403	0.02684	0.50250	0.00573	0.00984	0.00597	0.00327	0.00505
4	0.01267	0.06186	0.46486	0.01350	0.01882	0.13203	0.01499	0.09369	0.01219	0.01641	0.00880	0.01051	0.00668	0.00547	0.00617	0.00160	0.10641	0.00378	0.00252	0.00706
5	0.00734	0.00513	0.00680	0.08883	0.00997	0.00519	0.00555	0.00875	0.00989	0.01381	0.04233	0.42142	0.03932	0.11198	0.00826	0.00224	0.00360	0.07364	0.13163	0.00429
6	0.01368	0.00849	0.00991	0.00799	0.01114	0.00785	0.00639	0.15899	0.01401	0.19365	0.02151	0.04935	0.15136	0.02159	0.02078	0.00158	0.00410	0.02390	0.06963	0.20410
7	0.00703	0.00480	0.00591	0.00638	0.00708	0.00454	0.00446	0.00836	0.01057	0.01472	0.16607	0.34753	0.09412	0.13470	0.00890	0.00228	0.00313	0.05669	0.10852	0.00419
8	0.00900	0.00658	0.00739	0.00691	0.00850	0.00641	0.00512	0.12392	0.02799	0.03773	0.12465	0.14936	0.29483	0.13854	0.00899	0.00223	0.00354	0.02869	0.00465	0.00497
9	0.00735	0.00482	0.00604	0.00663	0.00729	0.00463	0.00457	0.00883	0.02507	0.03223	0.08153	0.49888	0.04902	0.07305	0.03681	0.00229	0.00339	0.01121	0.13198	0.00437
10	0.01150	0.01013	0.01566	0.35307	0.25960	0.01127	0.01268	0.12760	0.01255	0.01687	0.01194	0.11196	0.01069	0.00637	0.00521	0.00165	0.00587	0.00572	0.00305	0.00661
11	0.13945	0.01040	0.09066	0.00970	0.02648	0.02415	0.04551	0.02737	0.10855	0.14010	0.08684	0.11790	0.08605	0.00800	0.00547	0.00167	0.03172	0.00663	0.02704	0.00630

[dist]
# distance from previous block
# <min> <max>
4	13

[block]
# block no. 1 follows, 49 sequences, length 17
# corresponding to MSA columns:
# 297-313
name=unknown_B
#
# <colnr> <probs for GDERKNQSTAVLIFYWHMCP>
#	G	D	E	R	K	N	Q	S	T	A	V	L	I	F	Y	W	H	M	C	P
0	0.06401	0.06382	0.44697	0.01496	0.05443	0.01233	0.13700	0.01519	0.01037	0.01566	0.00916	0.01201	0.00720	0.04289	0.00673	0.00179	0.07204	0.00423	0.00233	0.00685
1	0.00804	0.00629	0.00747	0.00778	0.00892	0.00657	0.00562	0.01249	0.20839	0.01506	0.04125	0.40959	0.08338	0.06522	0.05641	0.00250	0.00402	0.04127	0.00460	0.00512
2	0.01312	0.00990	0.07475	0.01255	0.15280	0.00845	0.00889	0.08581	0.03752	0.19947	0.21960	0.02461	0.11543	0.00769	0.00539	0.00158	0.00426	0.00658	0.00473	0.00686
3	0.01641	0.05011	0.08782	0.01122	0.03760	0.07834	0.00946	0.20813	0.18469	0.19102	0.02905	0.01615	0.04447	0.00633	0.00499	0.00155	0.00525	0.00499	0.00464	0.00777
4	0.01330	0.00807	0.00948	0.00822	0.01072	0.00819	0.00650	0.07529	0.20755	0.20424	0.20502	0.02558	0.07078	0.00799	0.00527	0.00160	0.00357	0.03042	0.09145	0.00674
5	0.00728	0.00530	0.00665	0.00732	0.00807	0.00512	0.00513	0.06901	0.01111	0.01470	0.04265	0.65493	0.09130	0.01465	0.00631	0.00198	0.00316	0.03608	0.00474	0.00451
6	0.01180	0.01147	0.01983	0.19928	0.47335	0.01198	0.10802	0.01587	0.06792	0.01603	0.01030	0.01333	0.00824	0.00477	0.00515	0.00158	0.00633	0.00477	0.00265	0.00734
7	0.01011	0.00982	0.01590	0.70079	0.03275	0.03501	0.06135	0.01397	0.04499	0.01348	0.00955	0.01360	0.00718	0.00509	0.00510	0.00168	0.00680	0.00460	0.00241	0.00581
8	0.01294	0.01051	0.01097	0.00954	0.01243	0.04733	0.00746	0.06872	0.46764	0.07383	0.10749	0.02049	0.04639	0.00706	0.00512	0.00158	0.00410	0.00585	0.00496	0.07559
9	0.08084	0.00798	0.00980	0.00799	0.01100	0.00751	0.00645	0.06213	0.03799	0.42806	0.15325	0.02163	0.05823	0.00716	0.00501	0.00155	0.00375	0.00586	0.07668	0.00713
10	0.03027	0.02896	0.26457	0.01417	0.05372	0.13433	0.09894	0.10200	0.05132	0.05070	0.02444	0.03450	0.00998	0.00604	0.00556	0.00162	0.04027	0.03844	0.00319	0.00699
11	0.04574	0.01174	0.02298	0.03541	0.01366	0.10804	0.00818	0.18559	0.13950	0.19614	0.01547	0.05116	0.01184	0.00942	0.07879	0.00216	0.00593	0.00515	0.04591	0.00718
12	0.00624	0.00496	0.00560	0.00580	0.00708	0.00432	0.00421	0.00763	0.01161	0.01471	0.18207	0.22723	0.47456	0.01306	0.00609	0.00177	0.00262	0.01126	0.00486	0.00432
13	0.00720	0.00514	0.00625	0.00664	0.00726	0.00503	0.00464	0.00835	0.02869	0.01234	0.03727	0.19956	0.13104	0.32857	0.04405	0.02616	0.00438	0.12961	0.00394	0.00389
14	0.04577	0.18218	0.21726	0.01410	0.06520	0.10805	0.11760	0.07695	0.09498	0.01685	0.01010	0.01139	0.00782	0.00498	0.00462	0.00147	0.00665	0.00407	0.00287	0.00709
15	0.02524	0.01150	0.05231	0.26224	0.20502	0.01167	0.09477	0.07434	0.05951	0.11446	0.01149	0.01370	0.00851	0.00526	0.00542	0.00163	0.02779	0.00475	0.00324	0.00714
16	0.68470	0.01162	0.04294	0.00822	0.01166	0.04735	0.03527	0.07637	0.01030	0.02244	0.00769	0.00888	0.00590	0.00482	0.00353	0.00156	0.00460	0.00307	0.00320	0.00588

[dist]
# distance from previous block
# <min> <max>
0	4

[block]
# block no. 2 follows, 49 sequences, length 11
# corresponding to MSA columns:
# 319-329
name=unknown_C
#
# <colnr> <probs for GDERKNQSTAVLIFYWHMCP>
#	G	D	E	R	K	N	Q	S	T	A	V	L	I	F	Y	W	H	M	C	P
0	0.52643	0.01083	0.00920	0.00788	0.01109	0.09365	0.00638	0.01788	0.01080	0.22225	0.01077	0.01097	0.00764	0.00519	0.00380	0.00153	0.00452	0.00346	0.02942	0.00631
1	0.00866	0.00570	0.00732	0.00672	0.00819	0.00518	0.02702	0.01028	0.01204	0.09792	0.30753	0.07182	0.22251	0.15656	0.00947	0.00225	0.00335	0.02789	0.00482	0.00477
2	0.00633	0.00492	0.00576	0.00600	0.00716	0.00435	0.00433	0.00777	0.01169	0.01512	0.23174	0.27353	0.37704	0.01308	0.00611	0.00178	0.00263	0.01138	0.00492	0.00435
3	0.00982	0.00921	0.01524	0.73847	0.06772	0.01133	0.01383	0.01368	0.04560	0.01346	0.00954	0.01369	0.00720	0.00511	0.00506	0.00168	0.00658	0.00455	0.00239	0.00583
4	0.04287	0.04172	0.04063	0.05636	0.32872	0.10510	0.10663	0.07281	0.03499	0.01740	0.01045	0.01277	0.00833	0.00493	0.00479	0.00148	0.00619	0.00445	0.09234	0.00704
5	0.00805	0.00521	0.00632	0.00651	0.00772	0.00467	0.00468	0.00924	0.01093	0.09591	0.07288	0.34600	0.28730	0.07724	0.00766	0.00209	0.00313	0.03507	0.00477	0.00461
6	0.01053	0.14893	0.49629	0.01271	0.01840	0.03866	0.05200	0.01483	0.01083	0.01508	0.04062	0.09679	0.01093	0.00609	0.00483	0.00156	0.00658	0.00500	0.00258	0.00677
7	0.01859	0.02027	0.01396	0.01229	0.01501	0.57941	0.00943	0.09542	0.01481	0.09689	0.00970	0.01075	0.00759	0.00676	0.03468	0.00164	0.03951	0.00370	0.00323	0.00636
8	0.00676	0.00470	0.00631	0.00734	0.00785	0.00448	0.00528	0.00793	0.01017	0.01370	0.05766	0.59423	0.03176	0.01498	0.00684	0.02827	0.00325	0.15038	0.03391	0.00420
9	0.85801	0.00978	0.00743	0.00665	0.00978	0.01134	0.00548	0.01486	0.00861	0.02269	0.00704	0.00821	0.00548	0.00469	0.00313	0.00156	0.00391	0.00274	0.00313	0.00548
10	0.01271	0.07011	0.19659	0.01283	0.06225	0.03766	0.04704	0.16670	0.16896	0.01954	0.04055	0.06628	0.01275	0.02591	0.00577	0.00169	0.02010	0.02164	0.00374	0.00718

[dist]
# distance from previous block
# <min> <max>
0	1

[block]
# block no. 3 follows, 49 sequences, length 8
# corresponding to MSA columns:
# 331-338
name=unknown_D
#
# <colnr> <probs for GDERKNQSTAVLIFYWHMCP>
#	G	D	E	R	K	N	Q	S	T	A	V	L	I	F	Y	W	H	M	C	P
0	0.01273	0.01184	0.01617	0.30640	0.18617	0.12850	0.07458	0.01546	0.01168	0.08839	0.01269	0.04547	0.03560	0.00592	0.00519	0.00161	0.00651	0.02568	0.00300	0.00641
1	0.01300	0.12019	0.10354	0.09996	0.03552	0.05433	0.08604	0.04947	0.02997	0.11169	0.03798	0.04655	0.01082	0.00564	0.00474	0.00141	0.00563	0.01968	0.00336	0.16047
2	0.00743	0.00567	0.00699	0.00772	0.00858	0.00573	0.00552	0.01079	0.14482	0.01456	0.02742	0.58769	0.05956	0.01400	0.00625	0.00200	0.00324	0.07240	0.00477	0.00484
3	0.01149	0.00932	0.01109	0.00836	0.01226	0.00811	0.00672	0.01476	0.08395	0.06440	0.01056	0.01175	0.00848	0.00464	0.00509	0.00102	0.07476	0.00351	0.00333	0.64640
4	0.00816	0.00617	0.00900	0.07845	0.01106	0.00737	0.00692	0.00955	0.00822	0.01194	0.01228	0.01877	0.01151	0.08378	0.46013	0.08851	0.09932	0.00522	0.05924	0.00441
5	0.08516	0.01013	0.01610	0.13833	0.47767	0.01052	0.01255	0.01375	0.01101	0.01629	0.04908	0.09135	0.03441	0.00620	0.00506	0.00160	0.00537	0.00569	0.00294	0.00681
6	0.01006	0.00684	0.00871	0.00808	0.01020	0.00651	0.03618	0.01354	0.10873	0.12710	0.11222	0.03991	0.29386	0.01081	0.00598	0.00182	0.00370	0.18515	0.00497	0.00560
7	0.01449	0.01172	0.03431	0.04937	0.18385	0.01228	0.01026	0.36073	0.03205	0.02337	0.04137	0.01640	0.01142	0.03926	0.00616	0.00168	0.02742	0.03184	0.08468	0.00734

[dist]
# distance from previous block
# <min> <max>
0	2

[block]
# block no. 4 follows, 49 sequences, length 46
# corresponding to MSA columns:
# 341-361,371-395
name=unknown_E
#
# <colnr> <probs for GDERKNQSTAVLIFYWHMCP>
#	G	D	E	R	K	N	Q	S	T	A	V	L	I	F	Y	W	H	M	C	P
0	0.01585	0.03575	0.05163	0.02586	0.15860	0.09863	0.00959	0.11630	0.01445	0.24577	0.08525	0.01896	0.08774	0.00663	0.00510	0.00152	0.00521	0.00545	0.00440	0.00727
1	0.01262	0.01365	0.05840	0.01330	0.01445	0.10173	0.02430	0.08120	0.01013	0.01423	0.00745	0.01097	0.00680	0.00790	0.01341	0.00201	0.59467	0.00430	0.00251	0.00597
2	0.39254	0.06391	0.01250	0.05981	0.03655	0.13079	0.03023	0.10318	0.06235	0.05170	0.00943	0.01046	0.00720	0.00511	0.00404	0.00151	0.00537	0.00356	0.00338	0.00637
3	0.01020	0.01145	0.09388	0.04718	0.09372	0.04343	0.14861	0.03766	0.02956	0.01568	0.08704	0.10739	0.09238	0.00930	0.03678	0.00200	0.08768	0.03668	0.00341	0.00597
4	0.03242	0.00776	0.01049	0.16067	0.03531	0.02912	0.03655	0.01281	0.09566	0.03855	0.21603	0.02512	0.09727	0.01039	0.03739	0.10551	0.01573	0.02408	0.00390	0.00524
5	0.01101	0.01132	0.06267	0.01220	0.01316	0.03973	0.02296	0.01263	0.00887	0.04230	0.05121	0.01413	0.01001	0.02783	0.10180	0.00279	0.54232	0.00482	0.00264	0.00560
6	0.01188	0.05038	0.03206	0.26231	0.15407	0.02364	0.01141	0.10199	0.16626	0.01718	0.01265	0.01521	0.02018	0.02933	0.05536	0.00210	0.01909	0.00484	0.00327	0.00678
7	0.01064	0.03360	0.28430	0.19148	0.04433	0.01217	0.14995	0.01547	0.06934	0.01508	0.01014	0.01333	0.00792	0.03609	0.00697	0.00182	0.08357	0.00466	0.00252	0.00663
8	0.51060	0.00938	0.00921	0.00767	0.01109	0.00991	0.00631	0.01901	0.03995	0.31409	0.01243	0.01201	0.00851	0.00537	0.00394	0.00157	0.00406	0.00374	0.00439	0.00675
9	0.15277	0.01476	0.01341	0.09213	0.01620	0.20897	0.00941	0.24985	0.06797	0.03769	0.01017	0.01137	0.00776	0.00584	0.00568	0.00157	0.08001	0.00401	0.00363	0.00679
10	0.00791	0.00587	0.00858	0.00835	0.00921	0.00691	0.00648	0.00956	0.00822	0.03244	0.01338	0.02000	0.01257	0.08389	0.67739	0.00734	0.06904	0.00546	0.00279	0.00460
11	0.00731	0.00495	0.00573	0.00573	0.00585	0.00501	0.00336	0.00749	0.00753	0.01007	0.01668	0.03238	0.03868	0.73317	0.09180	0.00509	0.00558	0.00728	0.00308	0.00322
12	0.00817	0.00666	0.00732	0.02333	0.00909	0.05493	0.00559	0.02279	0.05523	0.02843	0.14561	0.36994	0.15046	0.02962	0.00648	0.00192	0.00354	0.06147	0.00467	0.00476
13	0.00676	0.00506	0.00612	0.00631	0.00726	0.00479	0.00454	0.00804	0.01049	0.01373	0.15362	0.15362	0.26482	0.17762	0.10025	0.00315	0.00444	0.06097	0.00428	0.00414
14	0.01288	0.27674	0.15409	0.02701	0.08991	0.10699	0.03312	0.02771	0.03140	0.02621	0.00904	0.01103	0.00752	0.00666	0.03963	0.00173	0.09678	0.00377	0.03120	0.00658
15	0.00781	0.00508	0.00600	0.00600	0.00628	0.00507	0.00370	0.00815	0.00799	0.03653	0.01754	0.06546	0.03399	0.66427	0.07147	0.00471	0.00528	0.03788	0.00331	0.00347
16	0.01205	0.40979	0.11390	0.00989	0.01335	0.07278	0.00954	0.02886	0.01024	0.01279	0.00946	0.01218	0.02038	0.03452	0.13984	0.00257	0.07563	0.00377	0.00241	0.00606
17	0.12011	0.00823	0.00964	0.00813	0.01105	0.00808	0.00655	0.06477	0.08409	0.35338	0.05692	0.05788	0.06724	0.00747	0.00495	0.00160	0.00387	0.03625	0.08281	0.00696
18	0.06686	0.01038	0.01183	0.00983	0.05961	0.04075	0.00736	0.10558	0.01284	0.15165	0.01110	0.01176	0.00835	0.00462	0.00420	0.00110	0.00442	0.00362	0.00376	0.47038
19	0.01171	0.01026	0.05961	0.00846	0.01269	0.00802	0.00719	0.07138	0.06719	0.06295	0.04068	0.03963	0.01075	0.00501	0.00426	0.00105	0.00409	0.00409	0.00359	0.56739
20	0.01579	0.07406	0.04582	0.02343	0.12116	0.08920	0.04042	0.26991	0.12325	0.06869	0.01208	0.01278	0.00910	0.00570	0.00539	0.00152	0.04219	0.00446	0.00392	0.03113
21	0.01267	0.02246	0.08635	0.01393	0.16088	0.00987	0.05483	0.12231	0.03088	0.12308	0.04936	0.05575	0.17411	0.00765	0.00579	0.00163	0.03761	0.00648	0.01756	0.00682
22	0.00735	0.00614	0.00667	0.00687	0.00798	0.05418	0.00503	0.00893	0.01199	0.01556	0.28267	0.27817	0.21311	0.01305	0.02341	0.00192	0.00336	0.04431	0.00481	0.00451
23	0.05383	0.07414	0.17062	0.09100	0.12438	0.01209	0.05359	0.11584	0.05512	0.09200	0.01117	0.02120	0.00845	0.00523	0.00492	0.00150	0.01866	0.00432	0.00331	0.07863
24	0.06396	0.24323	0.03450	0.03439	0.09862	0.05189	0.04472	0.12064	0.08699	0.01737	0.01101	0.04479	0.00949	0.03323	0.01889	0.00161	0.00557	0.00440	0.00319	0.07152
25	0.00640	0.00473	0.00604	0.00692	0.00759	0.00440	0.00492	0.00755	0.01023	0.01334	0.04656	0.55126	0.16887	0.02838	0.02807	0.00222	0.00335	0.09035	0.00463	0.00420
26	0.01035	0.03080	0.06021	0.12448	0.13539	0.07183	0.00975	0.02465	0.01149	0.04174	0.09649	0.21563	0.01997	0.00909	0.00586	0.00173	0.02742	0.07691	0.00367	0.02254
27	0.01308	0.36430	0.23900	0.01280	0.08410	0.09471	0.01216	0.03689	0.01144	0.03058	0.00940	0.01231	0.00803	0.00518	0.00426	0.00138	0.00635	0.04467	0.00253	0.00684
28	0.01051	0.06421	0.38390	0.01398	0.06548	0.01212	0.04891	0.03048	0.01033	0.01505	0.04448	0.01391	0.00954	0.05980	0.03910	0.00215	0.16249	0.00452	0.00249	0.00655
29	0.00747	0.00495	0.00646	0.00687	0.00745	0.00503	0.00481	0.00860	0.00904	0.03087	0.02030	0.31851	0.02226	0.20419	0.20674	0.00412	0.00604	0.03739	0.08475	0.00415
30	0.20052	0.05318	0.04332	0.08507	0.15509	0.08517	0.02586	0.10355	0.06168	0.02826	0.01109	0.03393	0.00928	0.00646	0.02206	0.00171	0.01459	0.03254	0.02004	0.00660
31	0.00940	0.00869	0.01457	0.63164	0.07218	0.01039	0.03213	0.01245	0.01017	0.01319	0.01133	0.07242	0.01000	0.03340	0.00594	0.00183	0.00633	0.03581	0.00257	0.00555
32	0.01322	0.72082	0.05627	0.00901	0.01321	0.04541	0.00897	0.01501	0.01031	0.01207	0.00750	0.00889	0.00682	0.00622	0.04718	0.00150	0.00606	0.00291	0.00221	0.00640
33	0.00810	0.05147	0.02986	0.00672	0.00874	0.00644	0.00544	0.05452	0.02336	0.01791	0.37890	0.05243	0.28271	0.01022	0.00564	0.00157	0.00302	0.00869	0.00484	0.03941
34	0.01403	0.75336	0.02549	0.00892	0.01322	0.01962	0.00874	0.08246	0.01147	0.01367	0.00748	0.00847	0.00668	0.00448	0.00341	0.00112	0.00542	0.00287	0.00242	0.00668
35	0.00658	0.00517	0.00597	0.00590	0.00734	0.00456	0.00447	0.00836	0.01263	0.01643	0.35011	0.06016	0.42947	0.01192	0.00604	0.00170	0.00261	0.05105	0.00505	0.00449
36	0.00736	0.00529	0.00618	0.00612	0.00763	0.00465	0.00464	0.00899	0.01223	0.05822	0.23808	0.12442	0.42697	0.01219	0.00604	0.00174	0.00278	0.05681	0.00501	0.00465
37	0.00984	0.00929	0.01569	0.73362	0.10907	0.01131	0.01419	0.01318	0.01025	0.01327	0.00904	0.01339	0.00687	0.00500	0.00505	0.00167	0.00667	0.00450	0.00227	0.00585
38	0.02537	0.01057	0.01407	0.13760	0.07415	0.02400	0.05889	0.16752	0.01356	0.06217	0.03352	0.02994	0.00969	0.00532	0.00501	0.00134	0.02752	0.00446	0.02114	0.27415
39	0.03467	0.01115	0.01352	0.18429	0.06681	0.05682	0.02640	0.13193	0.22099	0.06227	0.01610	0.01756	0.05898	0.00705	0.01799	0.00176	0.04065	0.02018	0.00395	0.00694
40	0.00726	0.00566	0.00627	0.00596	0.00748	0.00518	0.00442	0.05566	0.01268	0.01633	0.25576	0.05869	0.44463	0.08247	0.00765	0.00195	0.00291	0.00965	0.00482	0.00457
41	0.00806	0.00567	0.00718	0.00706	0.00802	0.00580	0.00506	0.04363	0.03132	0.03532	0.15877	0.17701	0.07244	0.20294	0.20456	0.00403	0.00603	0.00849	0.00407	0.00453
42	0.01320	0.01153	0.01784	0.13888	0.48919	0.02826	0.01357	0.07843	0.03489	0.06554	0.01101	0.03463	0.00899	0.00532	0.00535	0.00157	0.02640	0.00482	0.00304	0.00754
43	0.01208	0.01023	0.01491	0.02535	0.22891	0.03196	0.07431	0.08333	0.02067	0.06578	0.05974	0.10504	0.04718	0.00740	0.00636	0.00163	0.08055	0.03105	0.02064	0.07290
44	0.01233	0.13243	0.22354	0.06211	0.06687	0.08760	0.12637	0.03590	0.01184	0.04762	0.05274	0.03965	0.01029	0.00538	0.00482	0.00146	0.00649	0.00465	0.00286	0.06504
45	0.04630	0.09076	0.18637	0.01240	0.08434	0.04092	0.04181	0.07893	0.09343	0.04345	0.03384	0.07515	0.04839	0.00640	0.00480	0.00150	0.00533	0.00530	0.03172	0.06884

[dist]
# distance from previous block
# <min> <max>
4	13

[block]
# block no. 5 follows, 49 sequences, length 9
# corresponding to MSA columns:
# 437-445
name=unknown_F
#
# <colnr> <probs for GDERKNQSTAVLIFYWHMCP>
#	G	D	E	R	K	N	Q	S	T	A	V	L	I	F	Y	W	H	M	C	P
0	0.09739	0.03196	0.35454	0.01214	0.04351	0.01041	0.06167	0.02664	0.04735	0.04397	0.01274	0.01389	0.05471	0.00528	0.00458	0.00146	0.00573	0.00429	0.04028	0.12745
1	0.00921	0.00473	0.00479	0.00479	0.00585	0.00473	0.00349	0.01133	0.01027	0.01793	0.01644	0.02031	0.01351	0.08922	0.00580	0.00156	0.00262	0.00498	0.76387	0.00454
2	0.06453	0.12417	0.04072	0.04925	0.03207	0.01102	0.00803	0.03380	0.23108	0.14283	0.01503	0.01611	0.01150	0.00644	0.00516	0.03741	0.00443	0.02528	0.09403	0.04711
3	0.29139	0.00795	0.00883	0.00784	0.01011	0.00828	0.03788	0.05141	0.03411	0.12612	0.05125	0.17602	0.05485	0.08329	0.00709	0.02304	0.00402	0.00682	0.00416	0.00554
4	0.08239	0.06108	0.09059	0.00882	0.01162	0.00933	0.00781	0.06738	0.01127	0.06260	0.04625	0.09783	0.10398	0.06160	0.00756	0.00181	0.09250	0.04386	0.00367	0.12805
5	0.03567	0.05678	0.32716	0.04641	0.04839	0.00966	0.01168	0.04582	0.01135	0.01589	0.05749	0.04066	0.17633	0.00970	0.06284	0.00209	0.00604	0.02666	0.00320	0.00617
6	0.01144	0.03065	0.25337	0.01347	0.05004	0.01063	0.13164	0.06634	0.03362	0.05115	0.06402	0.05592	0.01242	0.00620	0.00568	0.00156	0.04613	0.03087	0.00325	0.12158
7	0.03425	0.03520	0.09041	0.01029	0.06021	0.07453	0.00831	0.03265	0.04312	0.04538	0.15643	0.10445	0.06080	0.02130	0.00570	0.00168	0.00462	0.11684	0.00404	0.08981
8	0.01239	0.06083	0.01421	0.01349	0.13543	0.10085	0.05347	0.09200	0.01260	0.04920	0.01588	0.14742	0.04082	0.00797	0.00573	0.00159	0.04057	0.08276	0.00361	0.10916

[dist]
# distance from previous block
# <min> <max>
0	66

# created by:
# /home/cegg/simao/soft/augustus-3.2.1/scripts/msa2prfl.pl ./align_prep/EOG091G0W0U.fa
