[name]
unknown

[dist]
# distance from previous block
# <min> <max>
0	111

[block]
# block no. 0 follows, 48 sequences, length 59
# corresponding to MSA columns:
# 200-240,242-259
name=unknown_A
#
# <colnr> <probs for GDERKNQSTAVLIFYWHMCP>
#	G	D	E	R	K	N	Q	S	T	A	V	L	I	F	Y	W	H	M	C	P
0	0.01075	0.04476	0.11327	0.01295	0.11249	0.00988	0.02987	0.06760	0.02662	0.03395	0.05241	0.20155	0.01695	0.00862	0.00661	0.00169	0.09132	0.04587	0.00361	0.10924
1	0.03200	0.15276	0.21070	0.01232	0.01691	0.06478	0.08530	0.16467	0.06057	0.04851	0.01297	0.05271	0.02522	0.00622	0.00493	0.00156	0.00623	0.03100	0.00346	0.00717
2	0.01106	0.08754	0.49194	0.01445	0.03839	0.01214	0.11144	0.01606	0.03164	0.03480	0.01082	0.04502	0.00852	0.00545	0.00519	0.00161	0.02464	0.00460	0.03754	0.00717
3	0.01177	0.00712	0.00872	0.00799	0.01003	0.00700	0.00610	0.01619	0.17906	0.19185	0.20568	0.17531	0.09517	0.01033	0.00620	0.02730	0.00343	0.01922	0.00535	0.00618
4	0.01137	0.01023	0.01745	0.28108	0.27414	0.01086	0.10214	0.03557	0.01168	0.04760	0.03410	0.01782	0.05446	0.00718	0.03823	0.00193	0.00653	0.02797	0.00298	0.00667
5	0.01279	0.02936	0.35938	0.04819	0.12168	0.12359	0.03462	0.04300	0.01198	0.06252	0.01073	0.01368	0.00845	0.04235	0.02524	0.00188	0.00722	0.01696	0.01931	0.00705
6	0.00774	0.00575	0.00681	0.00682	0.00825	0.00537	0.00515	0.04438	0.03141	0.03362	0.21646	0.21410	0.30560	0.01257	0.00617	0.00182	0.00304	0.07506	0.00504	0.00484
7	0.00790	0.00467	0.00619	0.00635	0.00652	0.00457	0.00409	0.00710	0.00786	0.01042	0.03810	0.13957	0.05967	0.24756	0.01866	0.41320	0.00423	0.00728	0.00309	0.00295
8	0.07408	0.01032	0.01599	0.32199	0.24756	0.03305	0.05447	0.01500	0.01108	0.06855	0.01080	0.02510	0.00849	0.00574	0.01787	0.00171	0.00616	0.00469	0.06078	0.00658
9	0.01574	0.01374	0.01600	0.14035	0.11515	0.15494	0.07128	0.18373	0.07750	0.10298	0.01266	0.02776	0.00973	0.00588	0.00515	0.00158	0.00641	0.01742	0.01471	0.00728
10	0.02122	0.00887	0.01164	0.00907	0.01278	0.00803	0.00744	0.07561	0.03534	0.65170	0.06239	0.01837	0.01451	0.00657	0.00516	0.00158	0.00428	0.00536	0.03170	0.00838
11	0.01341	0.69652	0.05464	0.00990	0.01430	0.01917	0.05249	0.01589	0.04227	0.01287	0.00796	0.00916	0.00703	0.00461	0.00387	0.00120	0.02257	0.00313	0.00234	0.00668
12	0.01902	0.00775	0.01016	0.00810	0.01139	0.00677	0.00659	0.02101	0.01392	0.58633	0.06119	0.02166	0.08590	0.00713	0.00510	0.00155	0.00386	0.00584	0.10907	0.00765
13	0.00719	0.00524	0.00675	0.00638	0.00762	0.00481	0.00478	0.00954	0.01434	0.02015	0.73846	0.03903	0.09518	0.01065	0.00605	0.00162	0.00243	0.00938	0.00559	0.00481
14	0.00982	0.00529	0.00534	0.00524	0.00658	0.00543	0.00395	0.01320	0.07306	0.01932	0.01707	0.01913	0.01336	0.00606	0.00372	0.00124	0.00253	0.00487	0.77975	0.00505
15	0.00746	0.00497	0.00560	0.00560	0.00560	0.00497	0.00311	0.00746	0.00746	0.00995	0.01617	0.03358	0.01865	0.81967	0.02612	0.00497	0.00497	0.00746	0.00311	0.00311
16	0.01372	0.82276	0.02689	0.00878	0.01317	0.02030	0.00878	0.01536	0.01043	0.01207	0.00713	0.00823	0.00658	0.00439	0.00329	0.00110	0.00549	0.00274	0.00219	0.00658
17	0.00722	0.00524	0.00680	0.00641	0.00764	0.00482	0.00481	0.00959	0.01442	0.02032	0.75717	0.03875	0.07636	0.01058	0.00605	0.00162	0.00243	0.00934	0.00561	0.00482
18	0.01372	0.82276	0.02689	0.00878	0.01317	0.02030	0.00878	0.01536	0.01043	0.01207	0.00713	0.00823	0.00658	0.00439	0.00329	0.00110	0.00549	0.00274	0.00219	0.00658
19	0.01951	0.01437	0.01540	0.01181	0.01591	0.01591	0.00975	0.77056	0.02412	0.03234	0.01232	0.01232	0.00873	0.00616	0.00513	0.00154	0.00565	0.00462	0.00513	0.00873
20	0.01276	0.01102	0.01160	0.01044	0.01334	0.01276	0.00812	0.02727	0.77840	0.02146	0.02088	0.01914	0.01566	0.00696	0.00522	0.00174	0.00406	0.00580	0.00522	0.00812
21	0.00709	0.00514	0.00668	0.00650	0.00761	0.00474	0.00480	0.00928	0.01383	0.01938	0.66233	0.13718	0.07362	0.01129	0.00612	0.00168	0.00250	0.01001	0.00550	0.00474
22	0.00690	0.00508	0.00512	0.00515	0.00672	0.00443	0.00385	0.00845	0.01142	0.01510	0.04295	0.06276	0.58150	0.01141	0.00549	0.00161	0.00256	0.00949	0.20557	0.00443
23	0.01077	0.00997	0.01657	0.22371	0.09881	0.01065	0.18098	0.01607	0.14926	0.01662	0.03601	0.02129	0.03373	0.00660	0.00549	0.00173	0.00589	0.08454	0.06488	0.00642
24	0.03942	0.25009	0.49416	0.01231	0.01844	0.01408	0.01477	0.03829	0.01101	0.01565	0.00944	0.04340	0.00770	0.00524	0.00445	0.00149	0.00662	0.00393	0.00240	0.00713
25	0.01029	0.02654	0.79309	0.01462	0.02221	0.01192	0.01896	0.01625	0.01083	0.01625	0.00921	0.01083	0.00650	0.00487	0.00487	0.00162	0.00758	0.00379	0.00217	0.00758
26	0.67134	0.00997	0.00870	0.00742	0.01078	0.01110	0.00612	0.05899	0.01058	0.15063	0.00960	0.01007	0.00692	0.00510	0.00361	0.00159	0.00413	0.00328	0.00381	0.00626
27	0.00613	0.00514	0.00534	0.00548	0.00706	0.00435	0.00408	0.00742	0.01152	0.01382	0.04911	0.12444	0.69517	0.01332	0.00613	0.00178	0.00268	0.02792	0.00476	0.00432
28	0.01372	0.82276	0.02689	0.00878	0.01317	0.02030	0.00878	0.01536	0.01043	0.01207	0.00713	0.00823	0.00658	0.00439	0.00329	0.00110	0.00549	0.00274	0.00219	0.00658
29	0.01116	0.05085	0.67097	0.04739	0.04257	0.01194	0.01770	0.01657	0.01103	0.05935	0.00976	0.01129	0.00691	0.00494	0.00485	0.00161	0.00726	0.00389	0.00242	0.00755
30	0.00630	0.00450	0.00601	0.00720	0.00752	0.00421	0.00485	0.00723	0.00987	0.01315	0.02825	0.79784	0.03383	0.01603	0.00656	0.00209	0.00302	0.03259	0.00476	0.00418
31	0.06962	0.00880	0.01166	0.00900	0.01292	0.00776	0.00743	0.02445	0.01435	0.74824	0.01951	0.01695	0.01230	0.00626	0.00505	0.00159	0.00434	0.00503	0.00617	0.00855
32	0.03499	0.12043	0.07006	0.04183	0.45867	0.05975	0.04109	0.03020	0.01151	0.01580	0.00960	0.01305	0.00830	0.05639	0.00613	0.00170	0.00628	0.00440	0.00258	0.00728
33	0.00748	0.00521	0.00640	0.03266	0.00728	0.00541	0.00411	0.00802	0.00804	0.01088	0.04794	0.03117	0.03104	0.61783	0.15114	0.00521	0.00633	0.00717	0.00315	0.00353
34	0.00994	0.00513	0.00563	0.02939	0.00741	0.00512	0.00430	0.01230	0.01107	0.05224	0.04640	0.04180	0.01532	0.00665	0.00398	0.00130	0.00270	0.02789	0.70645	0.00497
35	0.80805	0.01082	0.03536	0.00716	0.01048	0.02855	0.00612	0.01524	0.00893	0.02256	0.00723	0.00844	0.00561	0.00478	0.00327	0.00158	0.00421	0.00283	0.00313	0.00564
36	0.00981	0.00851	0.01324	0.05194	0.33729	0.00848	0.00996	0.01291	0.04184	0.01826	0.35375	0.06927	0.02761	0.00795	0.00560	0.00161	0.00425	0.00726	0.00413	0.00635
37	0.67543	0.03142	0.10912	0.00796	0.01178	0.01153	0.00748	0.01586	0.00941	0.06966	0.00822	0.00922	0.00615	0.00487	0.00352	0.00158	0.00449	0.00306	0.00322	0.00604
38	0.01444	0.31878	0.19486	0.01419	0.12800	0.10772	0.01223	0.08390	0.01262	0.05570	0.00919	0.01042	0.00730	0.00489	0.00432	0.00137	0.00645	0.00360	0.00277	0.00726
39	0.01419	0.04792	0.45629	0.01370	0.03805	0.01096	0.07292	0.01862	0.01208	0.23631	0.02260	0.01326	0.00896	0.00530	0.00501	0.00160	0.00657	0.00441	0.00344	0.00780
40	0.00720	0.00524	0.00678	0.00639	0.00763	0.00482	0.00479	0.00957	0.01438	0.02024	0.74814	0.03888	0.08544	0.01062	0.00605	0.00162	0.00243	0.00936	0.00560	0.00482
41	0.01790	0.01102	0.04642	0.02401	0.14384	0.01023	0.03017	0.12918	0.08569	0.37266	0.01781	0.01775	0.03880	0.00637	0.00524	0.00161	0.00504	0.02306	0.00501	0.00819
42	0.01379	0.07613	0.34314	0.11180	0.06573	0.12144	0.04611	0.01766	0.01192	0.12930	0.01057	0.01199	0.00763	0.00511	0.00486	0.00155	0.00706	0.00409	0.00291	0.00723
43	0.00730	0.00501	0.00683	0.00770	0.00837	0.00482	0.00583	0.00840	0.01047	0.01385	0.07902	0.38426	0.06146	0.01517	0.00838	0.10958	0.00367	0.25123	0.00449	0.00416
44	0.01300	0.01209	0.05608	0.01076	0.01399	0.01289	0.00883	0.06823	0.69272	0.02178	0.01974	0.01829	0.01476	0.00680	0.00520	0.00172	0.00435	0.00562	0.00504	0.00812
45	0.01272	0.01331	0.07541	0.20077	0.26387	0.11564	0.04142	0.01643	0.05560	0.05350	0.05415	0.01470	0.01063	0.00543	0.00505	0.00156	0.00632	0.00477	0.04184	0.00688
46	0.01078	0.01424	0.20103	0.20426	0.22389	0.03167	0.05566	0.01493	0.04297	0.01568	0.03541	0.06155	0.01157	0.00625	0.00532	0.00169	0.00640	0.04707	0.00285	0.00679
47	0.02232	0.00875	0.01184	0.00904	0.01305	0.00750	0.00746	0.02432	0.01446	0.74735	0.01961	0.01708	0.01241	0.00621	0.00508	0.00154	0.00433	0.00504	0.00616	0.05644
48	0.00824	0.00601	0.00854	0.05451	0.01185	0.00612	0.00841	0.01058	0.01161	0.01510	0.02621	0.09781	0.02849	0.01377	0.00695	0.00231	0.00475	0.66941	0.00459	0.00475
49	0.42762	0.01159	0.01299	0.07377	0.04921	0.05605	0.10550	0.08448	0.07143	0.02113	0.00973	0.01127	0.00744	0.00510	0.00421	0.00159	0.00529	0.00392	0.03134	0.00634
50	0.78264	0.03434	0.00857	0.05215	0.01146	0.01177	0.00615	0.01498	0.00887	0.02213	0.00726	0.00863	0.00566	0.00477	0.00329	0.00158	0.00418	0.00288	0.00310	0.00560
51	0.16922	0.08276	0.01412	0.01046	0.01389	0.11383	0.00860	0.27623	0.07838	0.12060	0.01177	0.01201	0.00866	0.00589	0.00523	0.00155	0.05107	0.00412	0.00421	0.00739
52	0.00751	0.00557	0.00719	0.00771	0.00892	0.00533	0.00621	0.00984	0.03288	0.01631	0.22426	0.15046	0.15828	0.01310	0.00653	0.00202	0.00354	0.32463	0.00499	0.00471
53	0.01438	0.05727	0.01312	0.01023	0.01371	0.06423	0.00818	0.14530	0.40538	0.05052	0.01588	0.01529	0.01197	0.00603	0.00482	0.00148	0.00471	0.00479	0.00455	0.14815
54	0.00758	0.00524	0.00632	0.05118	0.00751	0.00543	0.00396	0.00789	0.00767	0.01026	0.01561	0.03157	0.01760	0.72236	0.07559	0.00500	0.00565	0.00717	0.00304	0.00335
55	0.03984	0.01244	0.05110	0.26131	0.18626	0.01241	0.28609	0.05794	0.01198	0.01660	0.00980	0.01317	0.00750	0.00476	0.00538	0.00166	0.00720	0.00502	0.00263	0.00688
56	0.01230	0.11512	0.34689	0.05896	0.05894	0.01247	0.12088	0.01728	0.06531	0.08031	0.01087	0.01232	0.00801	0.00495	0.00486	0.00153	0.00664	0.00428	0.00287	0.05520
57	0.02201	0.01035	0.01291	0.00990	0.01390	0.00994	0.00817	0.23859	0.01739	0.57382	0.01797	0.01599	0.01156	0.00630	0.00515	0.00157	0.00473	0.00501	0.00600	0.00873
58	0.00635	0.00455	0.00597	0.00698	0.00736	0.00424	0.00467	0.00731	0.01005	0.01342	0.07136	0.71683	0.05690	0.04871	0.00731	0.00217	0.00302	0.01388	0.00475	0.00417

[dist]
# distance from previous block
# <min> <max>
0	2

[block]
# block no. 1 follows, 48 sequences, length 18
# corresponding to MSA columns:
# 262-279
name=unknown_B
#
# <colnr> <probs for GDERKNQSTAVLIFYWHMCP>
#	G	D	E	R	K	N	Q	S	T	A	V	L	I	F	Y	W	H	M	C	P
0	0.01097	0.00908	0.01505	0.73041	0.03320	0.01103	0.01360	0.01426	0.01069	0.08810	0.01019	0.01404	0.00740	0.00525	0.00513	0.00170	0.00660	0.00462	0.00267	0.00599
1	0.00635	0.00454	0.00604	0.00708	0.00746	0.00423	0.00477	0.00739	0.01028	0.01382	0.10120	0.74135	0.03533	0.01554	0.00650	0.00204	0.00292	0.01408	0.00485	0.00423
2	0.07300	0.14896	0.08856	0.04378	0.05901	0.17319	0.05830	0.10216	0.08734	0.10145	0.01123	0.01200	0.00846	0.00533	0.00464	0.00148	0.00639	0.00410	0.00346	0.00717
3	0.00681	0.00509	0.00575	0.00604	0.00736	0.00441	0.00435	0.00803	0.01124	0.04403	0.05878	0.30786	0.48453	0.01373	0.00619	0.00184	0.00279	0.01185	0.00485	0.00446
4	0.00746	0.00701	0.00626	0.00617	0.00781	0.08097	0.00455	0.00876	0.01188	0.01396	0.09076	0.08623	0.59444	0.04273	0.00671	0.00183	0.00334	0.01009	0.00455	0.00446
5	0.01171	0.01184	0.02003	0.26556	0.27684	0.04480	0.18383	0.01502	0.01136	0.01538	0.00953	0.01292	0.00754	0.00464	0.00517	0.00155	0.00681	0.00470	0.00252	0.08825
6	0.01055	0.00876	0.01016	0.00737	0.01165	0.00667	0.00587	0.01284	0.01065	0.01692	0.00975	0.01134	0.00806	0.00398	0.00378	0.00080	0.00368	0.00318	0.07288	0.78111
7	0.01771	0.04405	0.01579	0.03011	0.01615	0.04510	0.03079	0.55718	0.10760	0.02782	0.01255	0.01285	0.00920	0.00621	0.00561	0.00158	0.04216	0.00467	0.00467	0.00821
8	0.01030	0.00899	0.01510	0.26285	0.07791	0.00981	0.12775	0.01363	0.05297	0.04601	0.03072	0.12041	0.01487	0.02547	0.03327	0.01413	0.04257	0.08401	0.00334	0.00587
9	0.01254	0.14588	0.22339	0.05625	0.10549	0.04966	0.13828	0.07691	0.03909	0.01673	0.02853	0.01323	0.00891	0.00539	0.00549	0.00158	0.04320	0.01956	0.00280	0.00710
10	0.01145	0.03700	0.02367	0.01805	0.05526	0.01203	0.48617	0.01607	0.08501	0.01646	0.03551	0.04967	0.03087	0.00628	0.00642	0.00178	0.04352	0.05494	0.00318	0.00665
11	0.00678	0.00514	0.00626	0.00627	0.00751	0.00463	0.00466	0.00864	0.01288	0.01724	0.42206	0.15257	0.27543	0.01219	0.00616	0.00174	0.00264	0.03740	0.00521	0.00458
12	0.01200	0.05601	0.06723	0.19671	0.12280	0.14811	0.15655	0.01490	0.01166	0.01450	0.03562	0.09105	0.02466	0.00630	0.00547	0.00163	0.02002	0.00571	0.00281	0.00626
13	0.01307	0.11016	0.18141	0.06109	0.28865	0.01350	0.07168	0.10385	0.06262	0.03011	0.01050	0.01238	0.00815	0.00499	0.00492	0.00154	0.00636	0.00440	0.00295	0.00769
14	0.00700	0.00483	0.00593	0.00637	0.00657	0.00476	0.00398	0.00751	0.00858	0.01152	0.04049	0.32407	0.02473	0.44882	0.06862	0.00402	0.00474	0.01003	0.00377	0.00364
15	0.00720	0.00514	0.00616	0.00632	0.00756	0.00455	0.00458	0.00868	0.01195	0.05053	0.22841	0.29054	0.32355	0.01305	0.00618	0.00181	0.00275	0.01138	0.00506	0.00461
16	0.01412	0.03172	0.17316	0.08558	0.11436	0.05055	0.06862	0.13481	0.15151	0.08980	0.01316	0.02788	0.00987	0.00573	0.00512	0.00161	0.00615	0.00488	0.00371	0.00765
17	0.03284	0.21455	0.18892	0.01392	0.09637	0.02908	0.06613	0.11780	0.09396	0.04728	0.01193	0.01370	0.02006	0.00551	0.00471	0.00151	0.00604	0.02502	0.00326	0.00740

[dist]
# distance from previous block
# <min> <max>
0	4

[block]
# block no. 2 follows, 48 sequences, length 10
# corresponding to MSA columns:
# 284-293
name=unknown_C
#
# <colnr> <probs for GDERKNQSTAVLIFYWHMCP>
#	G	D	E	R	K	N	Q	S	T	A	V	L	I	F	Y	W	H	M	C	P
0	0.01179	0.01294	0.04297	0.12034	0.07693	0.12409	0.05277	0.01374	0.00998	0.01320	0.01082	0.01456	0.05387	0.02979	0.02524	0.00209	0.37164	0.00488	0.00253	0.00584
1	0.01110	0.11213	0.01367	0.00844	0.01301	0.00884	0.04423	0.01340	0.01069	0.01612	0.00893	0.01049	0.00748	0.00390	0.00385	0.00085	0.00425	0.00315	0.00291	0.70254
2	0.01214	0.00984	0.01050	0.00828	0.01172	0.05512	0.00647	0.13333	0.01315	0.04568	0.04561	0.07492	0.04583	0.04621	0.00560	0.00134	0.00428	0.00510	0.03171	0.43316
3	0.01204	0.01164	0.05600	0.11841	0.11949	0.01164	0.18746	0.01759	0.16945	0.06842	0.06047	0.01746	0.04203	0.00628	0.00648	0.00173	0.07720	0.00569	0.00355	0.00698
4	0.00633	0.00458	0.00592	0.00690	0.00734	0.00424	0.00463	0.00728	0.01008	0.01335	0.06132	0.69157	0.09425	0.04713	0.00726	0.00215	0.00300	0.01378	0.00474	0.00417
5	0.01531	0.01229	0.01304	0.01096	0.01432	0.01395	0.00874	0.30862	0.49288	0.02558	0.01764	0.01656	0.01304	0.00666	0.00519	0.00166	0.00466	0.00535	0.00519	0.00835
6	0.01213	0.01011	0.04336	0.03529	0.05997	0.00802	0.00774	0.01550	0.06719	0.09539	0.01114	0.01218	0.00867	0.00442	0.00420	0.00103	0.00426	0.00363	0.00344	0.59232
7	0.49778	0.01209	0.01081	0.10596	0.01450	0.11556	0.00810	0.04615	0.01020	0.01942	0.00765	0.00965	0.00614	0.00549	0.00548	0.00165	0.11129	0.00336	0.00295	0.00576
8	0.00674	0.00518	0.00605	0.00590	0.00721	0.00461	0.00433	0.00848	0.01270	0.01680	0.40046	0.07043	0.35397	0.06558	0.00741	0.00190	0.00269	0.01000	0.00508	0.00449
9	0.01225	0.01254	0.07427	0.18761	0.42063	0.01205	0.05835	0.08686	0.01268	0.01762	0.04801	0.01406	0.00977	0.00514	0.00519	0.00159	0.00628	0.00484	0.00286	0.00741

[dist]
# distance from previous block
# <min> <max>
0	21

[block]
# block no. 3 follows, 48 sequences, length 24
# corresponding to MSA columns:
# 315-338
name=unknown_D
#
# <colnr> <probs for GDERKNQSTAVLIFYWHMCP>
#	G	D	E	R	K	N	Q	S	T	A	V	L	I	F	Y	W	H	M	C	P
0	0.01203	0.15904	0.46539	0.07566	0.03934	0.05842	0.02995	0.03514	0.03100	0.03480	0.00946	0.01104	0.00705	0.00494	0.00466	0.00152	0.00703	0.00381	0.00248	0.00724
1	0.00640	0.00454	0.00596	0.00698	0.00729	0.00427	0.00463	0.00728	0.00983	0.01315	0.05985	0.71615	0.03326	0.08426	0.00819	0.00231	0.00312	0.01375	0.00466	0.00411
2	0.00695	0.00526	0.00643	0.00621	0.00757	0.00473	0.00470	0.00904	0.01358	0.01839	0.53897	0.04237	0.26411	0.01137	0.00610	0.00168	0.00257	0.03992	0.00535	0.00469
3	0.04730	0.19464	0.12602	0.04736	0.08106	0.10150	0.04871	0.16499	0.03353	0.04121	0.01100	0.01221	0.02301	0.00532	0.00455	0.00144	0.00618	0.00411	0.03873	0.00712
4	0.01139	0.01062	0.07059	0.20452	0.09129	0.01062	0.05759	0.02551	0.11192	0.07843	0.07571	0.06371	0.03130	0.00778	0.02473	0.00189	0.08809	0.00593	0.02190	0.00650
5	0.00625	0.00447	0.00595	0.00714	0.00744	0.00417	0.00476	0.00714	0.00982	0.01310	0.02828	0.81633	0.03394	0.01608	0.00655	0.00208	0.00298	0.01459	0.00476	0.00417
6	0.01164	0.01215	0.02141	0.05739	0.11411	0.01412	0.27654	0.01423	0.00993	0.01435	0.00848	0.01244	0.00728	0.00663	0.01106	0.00195	0.39246	0.00505	0.00241	0.00638
7	0.01293	0.04842	0.26545	0.03149	0.10775	0.01224	0.15740	0.13261	0.01330	0.06492	0.01284	0.01497	0.04556	0.03793	0.00621	0.00175	0.01875	0.00499	0.00317	0.00733
8	0.01110	0.01226	0.07533	0.55183	0.02941	0.09160	0.03205	0.04685	0.01129	0.01419	0.00986	0.04485	0.00797	0.00572	0.00555	0.00169	0.03514	0.00481	0.00254	0.00597
9	0.30216	0.04244	0.03334	0.02670	0.11383	0.30469	0.00944	0.08154	0.01272	0.01843	0.00829	0.00973	0.00663	0.00505	0.00421	0.00146	0.00654	0.00342	0.00299	0.00639
10	0.00945	0.00723	0.01019	0.01226	0.18707	0.00693	0.00743	0.01236	0.04623	0.05645	0.40006	0.03132	0.13821	0.00893	0.00564	0.00160	0.00345	0.00787	0.04145	0.00585
11	0.01289	0.09908	0.09560	0.01758	0.14377	0.04653	0.27490	0.04660	0.01226	0.04493	0.02490	0.01264	0.00852	0.00465	0.00502	0.00144	0.00670	0.00465	0.00287	0.13446
12	0.00806	0.00665	0.00964	0.00823	0.01017	0.00617	0.08974	0.01118	0.05398	0.01911	0.52957	0.03498	0.13938	0.00969	0.00592	0.00162	0.00328	0.00870	0.00506	0.03889
13	0.00738	0.00529	0.00719	0.00719	0.00774	0.00584	0.00510	0.00848	0.00793	0.01113	0.01471	0.02551	0.01515	0.35003	0.49097	0.00694	0.01025	0.00628	0.00289	0.00399
14	0.00629	0.00450	0.00599	0.00712	0.00745	0.00419	0.00477	0.00725	0.01001	0.01340	0.05896	0.78478	0.03452	0.01585	0.00653	0.00206	0.00295	0.01437	0.00480	0.00419
15	0.00661	0.00519	0.00578	0.00565	0.00702	0.00457	0.00412	0.00813	0.01215	0.01561	0.28637	0.04403	0.46075	0.10169	0.00829	0.00205	0.00280	0.00995	0.00487	0.00436
16	0.01839	0.01395	0.01580	0.01392	0.10142	0.01533	0.01033	0.64763	0.06249	0.03004	0.01247	0.01272	0.00903	0.00603	0.00513	0.00155	0.00561	0.00468	0.00485	0.00863
17	0.76235	0.01017	0.00902	0.00949	0.09623	0.01159	0.00669	0.01516	0.00906	0.02233	0.00742	0.00882	0.00584	0.00474	0.00339	0.00158	0.00421	0.00298	0.00310	0.00584
18	0.71899	0.01177	0.00873	0.00773	0.01090	0.09914	0.00626	0.05549	0.01019	0.02235	0.00750	0.00865	0.00584	0.00489	0.00344	0.00156	0.00464	0.00293	0.00322	0.00577
19	0.00738	0.00503	0.00604	0.00619	0.00637	0.00511	0.00384	0.00776	0.00794	0.01067	0.01739	0.09864	0.01976	0.63073	0.10945	0.00498	0.00577	0.04026	0.00328	0.00343
20	0.01073	0.06596	0.04936	0.35550	0.09790	0.01219	0.14275	0.01414	0.02359	0.01478	0.05469	0.01461	0.00986	0.00560	0.00622	0.00168	0.07957	0.00496	0.02969	0.00623
21	0.07710	0.01065	0.04637	0.04232	0.01416	0.01055	0.09200	0.23825	0.04544	0.05596	0.01352	0.01488	0.01009	0.00568	0.00454	0.00145	0.00476	0.00469	0.28187	0.02572
22	0.00767	0.00708	0.00657	0.00682	0.00810	0.09250	0.00489	0.00884	0.01137	0.01363	0.06775	0.31012	0.38995	0.03263	0.00656	0.00188	0.00352	0.01115	0.00452	0.00445
23	0.00859	0.00622	0.00655	0.00613	0.00804	0.03024	0.00467	0.01018	0.01265	0.10133	0.18399	0.04249	0.53714	0.01154	0.00592	0.00168	0.00297	0.00967	0.00504	0.00497

[dist]
# distance from previous block
# <min> <max>
0	4

[block]
# block no. 4 follows, 48 sequences, length 11
# corresponding to MSA columns:
# 343-353
name=unknown_E
#
# <colnr> <probs for GDERKNQSTAVLIFYWHMCP>
#	G	D	E	R	K	N	Q	S	T	A	V	L	I	F	Y	W	H	M	C	P
0	0.03255	0.07091	0.39642	0.01254	0.01788	0.05011	0.03280	0.07092	0.13221	0.06602	0.01286	0.06019	0.01012	0.00602	0.00494	0.00162	0.00631	0.00483	0.00333	0.00741
1	0.01172	0.00997	0.01254	0.00976	0.01276	0.01011	0.00798	0.03834	0.01036	0.05314	0.00897	0.01122	0.00760	0.00572	0.00823	0.00132	0.27097	0.00367	0.00301	0.50263
2	0.00750	0.00538	0.00645	0.00609	0.00762	0.00477	0.00460	0.00947	0.01345	0.05198	0.47179	0.04162	0.32791	0.01126	0.00602	0.00166	0.00257	0.00969	0.00534	0.00482
3	0.02159	0.00873	0.01156	0.00903	0.01279	0.00783	0.00741	0.02459	0.07538	0.69447	0.02013	0.01767	0.01296	0.00638	0.00509	0.00158	0.00425	0.00519	0.04485	0.00850
4	0.01373	0.08109	0.06168	0.03926	0.09044	0.16272	0.06415	0.09560	0.11743	0.04303	0.01313	0.06135	0.01118	0.01009	0.09890	0.00235	0.00726	0.01638	0.00346	0.00677
5	0.01120	0.01390	0.17630	0.09548	0.05513	0.07263	0.14030	0.05037	0.01187	0.04003	0.03258	0.03763	0.09585	0.10270	0.00784	0.00204	0.00634	0.02361	0.01805	0.00613
6	0.00636	0.00459	0.00603	0.00698	0.00745	0.00425	0.00473	0.00745	0.01046	0.01402	0.11876	0.69002	0.06934	0.01528	0.00647	0.00201	0.00289	0.01379	0.00487	0.00425
7	0.11080	0.03787	0.09346	0.07630	0.04434	0.38873	0.02879	0.03953	0.10343	0.01597	0.00982	0.01112	0.00771	0.00533	0.00463	0.00148	0.00737	0.00382	0.00298	0.00650
8	0.00622	0.00512	0.00547	0.00557	0.00707	0.00437	0.00410	0.00759	0.01178	0.01450	0.12914	0.13880	0.61634	0.01309	0.00612	0.00176	0.00262	0.01110	0.00486	0.00437
9	0.01068	0.01033	0.07282	0.00825	0.01263	0.00748	0.00715	0.05258	0.01182	0.01796	0.10097	0.01402	0.01239	0.00480	0.00422	0.00097	0.00404	0.00392	0.00339	0.63959
10	0.01031	0.00807	0.01187	0.14650	0.09844	0.00841	0.04259	0.01374	0.09777	0.07981	0.01968	0.27530	0.05069	0.02710	0.02369	0.00199	0.02641	0.00833	0.00396	0.04531

[dist]
# distance from previous block
# <min> <max>
0	2

[block]
# block no. 5 follows, 48 sequences, length 41
# corresponding to MSA columns:
# 356-368,379-406
name=unknown_F
#
# <colnr> <probs for GDERKNQSTAVLIFYWHMCP>
#	G	D	E	R	K	N	Q	S	T	A	V	L	I	F	Y	W	H	M	C	P
0	0.01283	0.12080	0.21906	0.01409	0.10813	0.01273	0.05857	0.09670	0.11092	0.05767	0.01416	0.01508	0.05231	0.00587	0.00525	0.00156	0.03273	0.00477	0.04946	0.00733
1	0.01623	0.01964	0.01449	0.07333	0.01650	0.54122	0.01031	0.01770	0.01255	0.01252	0.00811	0.01058	0.00700	0.00785	0.05137	0.00192	0.16661	0.00376	0.00254	0.00579
2	0.00676	0.00506	0.00627	0.00631	0.00744	0.00457	0.00460	0.00858	0.01283	0.01736	0.44699	0.21017	0.21964	0.01230	0.00616	0.00174	0.00258	0.01080	0.00525	0.00457
3	0.00801	0.00583	0.00752	0.02189	0.00848	0.00632	0.00528	0.05089	0.00913	0.01247	0.01746	0.02702	0.07426	0.33484	0.38168	0.00599	0.00893	0.00660	0.00317	0.00425
4	0.06627	0.00872	0.01204	0.00929	0.01303	0.00780	0.04952	0.02278	0.01386	0.63490	0.01866	0.01692	0.01208	0.00612	0.00496	0.00156	0.00440	0.00505	0.08396	0.00809
5	0.01919	0.02389	0.01459	0.01314	0.01587	0.75542	0.00991	0.06230	0.01507	0.01366	0.00818	0.00942	0.00673	0.00534	0.00465	0.00133	0.00905	0.00338	0.00278	0.00610
6	0.01147	0.01096	0.04528	0.45839	0.22740	0.01156	0.08743	0.01489	0.01107	0.05789	0.01000	0.01355	0.00758	0.00497	0.00520	0.00165	0.00671	0.00471	0.00260	0.00668
7	0.00631	0.00458	0.00598	0.00707	0.00752	0.00425	0.00483	0.00730	0.01005	0.01325	0.03016	0.72531	0.09461	0.01575	0.00653	0.00207	0.00301	0.04245	0.00476	0.00420
8	0.01026	0.00911	0.01477	0.02130	0.45755	0.00907	0.01132	0.01249	0.01084	0.01513	0.01609	0.20553	0.01688	0.06947	0.03230	0.00219	0.00541	0.07054	0.00329	0.00643
9	0.00762	0.00619	0.04956	0.00616	0.00661	0.00540	0.00407	0.00799	0.00767	0.01035	0.01572	0.03198	0.01783	0.75510	0.04389	0.00487	0.00533	0.00721	0.00305	0.00339
10	0.00941	0.08968	0.01070	0.00864	0.00999	0.07051	0.00675	0.03715	0.00951	0.01257	0.01342	0.06335	0.01317	0.11218	0.47764	0.00587	0.03597	0.00570	0.00290	0.00489
11	0.00825	0.03588	0.05195	0.00814	0.03546	0.00705	0.00587	0.00932	0.00821	0.01148	0.01418	0.02586	0.01499	0.46185	0.21023	0.00508	0.04842	0.00628	0.02733	0.00419
12	0.03530	0.09255	0.05880	0.01235	0.01558	0.48275	0.03668	0.04510	0.06903	0.05785	0.01055	0.04145	0.00873	0.00576	0.00470	0.00142	0.00768	0.00413	0.00314	0.00646
13	0.85592	0.00992	0.00754	0.00675	0.00992	0.01151	0.00556	0.01508	0.00873	0.02302	0.00714	0.00834	0.00556	0.00476	0.00318	0.00159	0.00397	0.00278	0.00318	0.00556
14	0.05498	0.13320	0.52032	0.03674	0.04724	0.03468	0.01571	0.07062	0.01174	0.01701	0.00902	0.01056	0.00669	0.00490	0.00460	0.00154	0.00694	0.00369	0.00247	0.00735
15	0.00743	0.00561	0.00832	0.00827	0.00913	0.00658	0.00641	0.00917	0.00821	0.01185	0.01367	0.02044	0.01290	0.06656	0.75245	0.00798	0.03217	0.00555	0.00275	0.00455
16	0.02091	0.04127	0.08318	0.00948	0.01371	0.00831	0.00850	0.02322	0.01407	0.66356	0.01987	0.01764	0.03932	0.00638	0.00509	0.00158	0.00464	0.00514	0.00576	0.00839
17	0.77825	0.01017	0.00817	0.00714	0.01040	0.01168	0.00588	0.06375	0.00989	0.04585	0.00785	0.00885	0.00597	0.00490	0.00336	0.00158	0.00409	0.00297	0.00339	0.00585
18	0.00738	0.00503	0.00578	0.00578	0.00594	0.00505	0.00340	0.00759	0.00774	0.01030	0.01781	0.03337	0.05743	0.71907	0.08384	0.00506	0.00552	0.00748	0.00317	0.00328
19	0.01343	0.75658	0.09058	0.00927	0.01392	0.01961	0.00963	0.01544	0.01046	0.01242	0.00731	0.00845	0.00658	0.00443	0.00342	0.00114	0.00566	0.00283	0.00219	0.00667
20	0.01047	0.03978	0.48902	0.01357	0.05994	0.01137	0.01471	0.01720	0.15632	0.01683	0.01525	0.05989	0.06070	0.00640	0.00508	0.00166	0.00620	0.00525	0.00308	0.00729
21	0.01563	0.12397	0.05980	0.01265	0.05687	0.26315	0.01002	0.12224	0.23911	0.01824	0.01261	0.01329	0.00990	0.00582	0.00476	0.00148	0.00643	0.01311	0.00367	0.00724
22	0.01253	0.01520	0.16444	0.01788	0.02307	0.01200	0.48847	0.05730	0.01278	0.06435	0.05064	0.01482	0.01011	0.00500	0.00568	0.00167	0.00756	0.00565	0.02377	0.00709
23	0.01050	0.00846	0.01003	0.00757	0.01150	0.00652	0.00595	0.01261	0.01079	0.04385	0.03612	0.08126	0.01186	0.02166	0.00465	0.00104	0.00374	0.01561	0.00341	0.69287
24	0.01224	0.01045	0.01118	0.01018	0.01291	0.01199	0.00796	0.02547	0.69782	0.02109	0.06030	0.02222	0.01809	0.00753	0.00536	0.00177	0.00401	0.04645	0.00522	0.00777
25	0.01967	0.01138	0.01305	0.01012	0.01387	0.01181	0.00832	0.42994	0.01941	0.29508	0.01555	0.01484	0.01058	0.00621	0.00498	0.00152	0.00485	0.00483	0.09569	0.00831
26	0.01106	0.01636	0.28272	0.32146	0.07066	0.03479	0.07898	0.05699	0.01156	0.01573	0.01025	0.01313	0.02291	0.00526	0.00542	0.00167	0.02729	0.00452	0.00250	0.00673
27	0.01843	0.06022	0.01685	0.01238	0.01641	0.08603	0.06115	0.58527	0.04686	0.02799	0.01179	0.01215	0.00858	0.00589	0.00505	0.00152	0.00611	0.00453	0.00458	0.00822
28	0.78128	0.05439	0.00883	0.00708	0.01031	0.03937	0.00588	0.01529	0.00903	0.02207	0.00717	0.00836	0.00565	0.00476	0.00323	0.00155	0.00424	0.00279	0.00310	0.00563
29	0.85592	0.00992	0.00754	0.00675	0.00992	0.01151	0.00556	0.01508	0.00873	0.02302	0.00714	0.00834	0.00556	0.00476	0.00318	0.00159	0.00397	0.00278	0.00318	0.00556
30	0.01270	0.01219	0.02083	0.03149	0.78767	0.01219	0.01575	0.01575	0.01168	0.01676	0.00965	0.01270	0.00813	0.00457	0.00508	0.00152	0.00610	0.00457	0.00254	0.00813
31	0.38838	0.01013	0.01074	0.00974	0.06642	0.02408	0.00728	0.06038	0.01200	0.27089	0.01204	0.01205	0.00843	0.00526	0.00414	0.00150	0.00442	0.00381	0.00425	0.08407
32	0.00983	0.04695	0.23559	0.18166	0.16425	0.01034	0.03404	0.01335	0.01109	0.01524	0.06052	0.09737	0.08435	0.00704	0.00528	0.00166	0.00587	0.00617	0.00298	0.00643
33	0.00991	0.00585	0.00760	0.00681	0.00855	0.00527	0.00523	0.01216	0.01431	0.15459	0.58868	0.03563	0.10526	0.00998	0.00590	0.00162	0.00278	0.00869	0.00570	0.00548
34	0.00718	0.00541	0.00597	0.00584	0.00755	0.00466	0.00448	0.00877	0.01235	0.05085	0.18046	0.04641	0.57585	0.01231	0.00608	0.00174	0.00277	0.05170	0.00499	0.00465
35	0.06524	0.03265	0.12914	0.13203	0.18194	0.03673	0.06044	0.09263	0.02718	0.13703	0.01177	0.02376	0.00878	0.00542	0.00508	0.00159	0.01475	0.00461	0.02186	0.00736
36	0.00924	0.05395	0.03286	0.07008	0.05501	0.00951	0.10794	0.01129	0.01005	0.01364	0.03424	0.13330	0.07621	0.08339	0.09909	0.00287	0.12170	0.06709	0.00326	0.00530
37	0.00620	0.00466	0.00575	0.00662	0.00730	0.00421	0.00453	0.00720	0.01033	0.01330	0.03466	0.61002	0.23613	0.01525	0.00642	0.00199	0.00288	0.01358	0.00476	0.00421
38	0.01153	0.01101	0.01845	0.11896	0.59131	0.01116	0.02732	0.01443	0.01153	0.01598	0.01475	0.01730	0.10253	0.00566	0.00522	0.00157	0.00580	0.00536	0.00278	0.00736
39	0.01196	0.03223	0.35052	0.05724	0.22936	0.02846	0.10720	0.06879	0.01222	0.01722	0.01011	0.01314	0.00790	0.00508	0.00513	0.00161	0.00706	0.02466	0.00261	0.00751
40	0.01224	0.01325	0.09575	0.04844	0.40873	0.02234	0.13400	0.01593	0.03741	0.03744	0.02837	0.02618	0.00959	0.00536	0.00601	0.00163	0.06021	0.00503	0.02468	0.00740

[dist]
# distance from previous block
# <min> <max>
3	12

[block]
# block no. 6 follows, 48 sequences, length 47
# corresponding to MSA columns:
# 419-439,464-489
name=unknown_G
#
# <colnr> <probs for GDERKNQSTAVLIFYWHMCP>
#	G	D	E	R	K	N	Q	S	T	A	V	L	I	F	Y	W	H	M	C	P
0	0.00675	0.00517	0.00620	0.00612	0.00743	0.00461	0.00455	0.00863	0.01302	0.01737	0.43686	0.11482	0.31271	0.01198	0.00612	0.00171	0.00258	0.02355	0.00523	0.00459
1	0.00835	0.00587	0.00723	0.00673	0.00829	0.00552	0.00510	0.01149	0.07459	0.06142	0.55083	0.05403	0.15990	0.01050	0.00595	0.00165	0.00270	0.00914	0.00549	0.00522
2	0.00840	0.00641	0.00880	0.00944	0.01039	0.00692	0.00799	0.01035	0.01097	0.01450	0.02505	0.08978	0.05654	0.05912	0.00931	0.00246	0.10481	0.54974	0.00433	0.00470
3	0.00627	0.00521	0.00549	0.00542	0.00706	0.00442	0.00406	0.00777	0.01219	0.01503	0.17953	0.04746	0.65730	0.01256	0.00606	0.00171	0.00257	0.01056	0.00492	0.00442
4	0.85592	0.00992	0.00754	0.00675	0.00992	0.01151	0.00556	0.01508	0.00873	0.02302	0.00714	0.00834	0.00556	0.00476	0.00318	0.00159	0.00397	0.00278	0.00318	0.00556
5	0.01372	0.82276	0.02689	0.00878	0.01317	0.02030	0.00878	0.01536	0.01043	0.01207	0.00713	0.00823	0.00658	0.00439	0.00329	0.00110	0.00549	0.00274	0.00219	0.00658
6	0.85592	0.00992	0.00754	0.00675	0.00992	0.01151	0.00556	0.01508	0.00873	0.02302	0.00714	0.00834	0.00556	0.00476	0.00318	0.00159	0.00397	0.00278	0.00318	0.00556
7	0.01806	0.00785	0.01057	0.00882	0.01192	0.00702	0.00729	0.03547	0.01429	0.52856	0.11541	0.02767	0.03865	0.00837	0.00562	0.00173	0.00417	0.13515	0.00592	0.00746
8	0.01238	0.01069	0.01124	0.01015	0.01298	0.01229	0.00788	0.02614	0.73505	0.02103	0.02264	0.02085	0.05919	0.00730	0.00527	0.00174	0.00398	0.00609	0.00520	0.00791
9	0.01372	0.82276	0.02689	0.00878	0.01317	0.02030	0.00878	0.01536	0.01043	0.01207	0.00713	0.00823	0.00658	0.00439	0.00329	0.00110	0.00549	0.00274	0.00219	0.00658
10	0.00752	0.00511	0.00695	0.00800	0.00873	0.00488	0.00606	0.00895	0.01067	0.04055	0.02762	0.52888	0.03170	0.01509	0.00669	0.00216	0.00362	0.26750	0.00480	0.00452
11	0.01092	0.02532	0.73288	0.01461	0.02195	0.01176	0.04332	0.01665	0.01105	0.05089	0.00974	0.01123	0.00682	0.00492	0.00493	0.00163	0.00747	0.00393	0.00237	0.00761
12	0.02194	0.00910	0.01197	0.00932	0.01319	0.00826	0.00765	0.04413	0.08904	0.69727	0.02010	0.01750	0.01289	0.00641	0.00517	0.00160	0.00437	0.00521	0.00621	0.00867
13	0.01216	0.00791	0.00836	0.00719	0.00931	0.00829	0.00563	0.25238	0.01517	0.02249	0.06347	0.02166	0.08901	0.04326	0.00547	0.00155	0.00356	0.00570	0.41151	0.00592
14	0.01150	0.00963	0.01110	0.00801	0.01252	0.00772	0.00644	0.08645	0.01195	0.01824	0.00943	0.01080	0.00771	0.00403	0.00393	0.00084	0.00398	0.00319	0.00324	0.76930
15	0.01071	0.00899	0.01056	0.00778	0.01198	0.00714	0.00621	0.04636	0.01126	0.01730	0.04095	0.01237	0.00960	0.00614	0.04893	0.00125	0.00439	0.00350	0.00322	0.73135
16	0.05509	0.00864	0.01153	0.00893	0.01275	0.00759	0.00735	0.02400	0.01445	0.72984	0.05071	0.01795	0.01387	0.00646	0.00512	0.00159	0.00427	0.00523	0.00620	0.00845
17	0.01477	0.56268	0.02299	0.04544	0.01480	0.12919	0.00932	0.08656	0.02756	0.01427	0.00808	0.00929	0.00698	0.00488	0.00410	0.00124	0.02541	0.00318	0.00260	0.00666
18	0.07956	0.00838	0.01018	0.00850	0.01146	0.03687	0.00679	0.01961	0.01289	0.48910	0.03063	0.08693	0.02597	0.03482	0.05910	0.00218	0.00492	0.02342	0.04154	0.00717
19	0.00745	0.00498	0.00564	0.00563	0.00567	0.00497	0.00317	0.00755	0.00773	0.01035	0.04503	0.03376	0.01977	0.78929	0.02536	0.00485	0.00488	0.00753	0.00320	0.00317
20	0.00612	0.00520	0.00527	0.00525	0.00696	0.00435	0.00394	0.00747	0.01182	0.01416	0.08436	0.04889	0.75302	0.01288	0.00606	0.00173	0.00259	0.01076	0.00480	0.00435
21	0.85592	0.00992	0.00754	0.00675	0.00992	0.01151	0.00556	0.01508	0.00873	0.02302	0.00714	0.00834	0.00556	0.00476	0.00318	0.00159	0.00397	0.00278	0.00318	0.00556
22	0.00742	0.00515	0.00650	0.00650	0.00681	0.00546	0.00423	0.00804	0.00773	0.01062	0.01534	0.02901	0.01667	0.55390	0.28918	0.00609	0.00796	0.00679	0.00299	0.00361
23	0.85592	0.00992	0.00754	0.00675	0.00992	0.01151	0.00556	0.01508	0.00873	0.02302	0.00714	0.00834	0.00556	0.00476	0.00318	0.00159	0.00397	0.00278	0.00318	0.00556
24	0.85592	0.00992	0.00754	0.00675	0.00992	0.01151	0.00556	0.01508	0.00873	0.02302	0.00714	0.00834	0.00556	0.00476	0.00318	0.00159	0.00397	0.00278	0.00318	0.00556
25	0.01917	0.02445	0.01454	0.01322	0.01586	0.79907	0.00991	0.02049	0.01454	0.01256	0.00793	0.00925	0.00661	0.00529	0.00463	0.00132	0.00925	0.00330	0.00264	0.00595
26	0.00878	0.00652	0.00984	0.00906	0.04445	0.00604	0.07432	0.01136	0.01414	0.06191	0.62576	0.03404	0.05425	0.00949	0.00596	0.00162	0.00326	0.00858	0.00526	0.00538
27	0.00683	0.00527	0.00626	0.00619	0.00754	0.00476	0.00462	0.00890	0.02779	0.01714	0.39517	0.12313	0.32680	0.01204	0.00612	0.00173	0.00263	0.02727	0.00519	0.00464
28	0.00969	0.00912	0.01539	0.80734	0.03534	0.01140	0.01425	0.01311	0.01026	0.01311	0.00912	0.01368	0.00684	0.00513	0.00513	0.00171	0.00684	0.00456	0.00228	0.00570
29	0.01158	0.10306	0.35271	0.01505	0.08002	0.01233	0.13148	0.04104	0.04029	0.01669	0.00974	0.01151	0.00743	0.00466	0.00476	0.00144	0.00661	0.00408	0.00262	0.14291
30	0.01323	0.01731	0.19143	0.04426	0.12670	0.11991	0.22712	0.08934	0.03012	0.01746	0.02876	0.01282	0.00858	0.00511	0.00550	0.00159	0.02455	0.00475	0.00287	0.02859
31	0.00726	0.00524	0.00686	0.00646	0.00767	0.00484	0.00484	0.00968	0.01452	0.02058	0.78496	0.03833	0.04841	0.01049	0.00605	0.00161	0.00242	0.00928	0.00565	0.00484
32	0.01196	0.01210	0.04024	0.11332	0.53498	0.01208	0.10337	0.01515	0.01127	0.01594	0.00973	0.01315	0.00805	0.00619	0.03883	0.00188	0.03703	0.00476	0.00251	0.00746
33	0.01384	0.07692	0.28941	0.03302	0.12013	0.05961	0.08517	0.07348	0.02918	0.11672	0.01185	0.01438	0.00904	0.00552	0.00505	0.00159	0.00666	0.03771	0.00323	0.00750
34	0.08333	0.01251	0.01565	0.26234	0.21253	0.15024	0.04261	0.01542	0.01143	0.04964	0.01087	0.07474	0.00942	0.00594	0.00524	0.00162	0.02214	0.00506	0.00287	0.00640
35	0.02103	0.01015	0.01248	0.00967	0.01349	0.00986	0.00795	0.23339	0.03565	0.51608	0.01784	0.01616	0.01168	0.00629	0.00506	0.00156	0.00461	0.00500	0.05358	0.00849
36	0.01381	0.01155	0.01639	0.01756	0.24982	0.03727	0.08613	0.15428	0.05574	0.07501	0.02435	0.10270	0.01224	0.00650	0.00549	0.00156	0.02378	0.00581	0.00378	0.09625
37	0.00876	0.00492	0.00734	0.00724	0.00738	0.00527	0.00507	0.00733	0.00699	0.00954	0.00958	0.01613	0.00944	0.02072	0.14397	0.67877	0.04187	0.00462	0.00231	0.00275
38	0.00738	0.00530	0.00722	0.00722	0.00779	0.00586	0.00514	0.00851	0.00794	0.01115	0.01468	0.02534	0.01508	0.34004	0.50086	0.00698	0.01036	0.00626	0.00289	0.00401
39	0.00728	0.00532	0.00646	0.00612	0.00757	0.00475	0.00461	0.00933	0.01363	0.03799	0.53266	0.04131	0.28174	0.01118	0.00603	0.00165	0.00253	0.00967	0.00539	0.00478
40	0.01226	0.01117	0.04425	0.01064	0.01338	0.02707	0.00879	0.06477	0.52119	0.02017	0.02005	0.02428	0.01661	0.00875	0.02385	0.00198	0.03146	0.12715	0.00480	0.00737
41	0.01491	0.53677	0.02278	0.01013	0.01389	0.07743	0.00928	0.15053	0.01293	0.01576	0.00808	0.00934	0.00698	0.00524	0.00508	0.00131	0.08668	0.00330	0.00276	0.00682
42	0.00747	0.00501	0.00576	0.00587	0.00595	0.00500	0.00346	0.00764	0.00779	0.01036	0.01719	0.05936	0.01977	0.74752	0.02439	0.00473	0.00490	0.05133	0.00326	0.00324
43	0.07934	0.09469	0.07657	0.06246	0.09014	0.12506	0.12483	0.11193	0.01374	0.12342	0.04172	0.01315	0.00962	0.00537	0.00488	0.00152	0.00643	0.00451	0.00350	0.00712
44	0.01135	0.19420	0.50558	0.01387	0.02026	0.01386	0.09471	0.01670	0.05428	0.01567	0.00955	0.01106	0.00717	0.00483	0.00468	0.00153	0.00705	0.00392	0.00239	0.00733
45	0.00637	0.00457	0.00607	0.00721	0.00760	0.00427	0.00492	0.00738	0.01006	0.01339	0.04546	0.74690	0.04841	0.01580	0.00656	0.00208	0.00304	0.05092	0.00478	0.00421
46	0.00727	0.00617	0.02304	0.00782	0.00932	0.00547	0.04857	0.02498	0.01159	0.01502	0.10910	0.28724	0.28134	0.01372	0.02643	0.00207	0.00376	0.10776	0.00463	0.00469

[dist]
# distance from previous block
# <min> <max>
0	44

# created by:
# /home/cegg/simao/soft/augustus-3.2.1/scripts/msa2prfl.pl ./align_prep/EOG091G0JBZ.fa
