[name]
unknown

[dist]
# distance from previous block
# <min> <max>
0	49

[block]
# block no. 0 follows, 52 sequences, length 26
# corresponding to MSA columns:
# 56-81
name=unknown_A
#
# <colnr> <probs for GDERKNQSTAVLIFYWHMCP>
#	G	D	E	R	K	N	Q	S	T	A	V	L	I	F	Y	W	H	M	C	P
0	0.01414	0.00932	0.01078	0.00931	0.01216	0.00984	0.00754	0.14605	0.30624	0.19038	0.05763	0.02335	0.03215	0.00753	0.00519	0.00164	0.00413	0.11805	0.00504	0.02956
1	0.06997	0.01747	0.01182	0.01057	0.01317	0.50266	0.00805	0.05192	0.07382	0.05089	0.01435	0.01467	0.10608	0.00604	0.00452	0.00135	0.00675	0.00429	0.00325	0.02836
2	0.03442	0.02578	0.01168	0.00861	0.01227	0.00896	0.04668	0.19247	0.02710	0.01909	0.05237	0.01431	0.03041	0.05744	0.00550	0.00130	0.00425	0.00417	0.00351	0.43967
3	0.01606	0.01163	0.01245	0.00979	0.01305	0.01272	0.00793	0.58860	0.04865	0.02686	0.01261	0.01392	0.00958	0.05828	0.00590	0.00161	0.00481	0.00456	0.11109	0.02991
4	0.01277	0.01083	0.01705	0.01335	0.01682	0.01124	0.27937	0.02082	0.37146	0.11586	0.01616	0.04868	0.01235	0.00602	0.00549	0.00165	0.02304	0.00580	0.00412	0.00714
5	0.00676	0.00485	0.00606	0.00672	0.00725	0.00468	0.00453	0.05157	0.00987	0.01308	0.02557	0.63971	0.06867	0.11625	0.00839	0.00226	0.00317	0.01221	0.00432	0.00407
6	0.00737	0.00590	0.00906	0.00877	0.00985	0.00566	0.10197	0.05270	0.01037	0.01387	0.02370	0.65818	0.02749	0.01321	0.00606	0.00190	0.00367	0.03149	0.00426	0.00452
7	0.01101	0.00912	0.01052	0.00787	0.01181	0.00783	0.00631	0.10909	0.05651	0.01760	0.00991	0.01128	0.00806	0.00613	0.05526	0.00131	0.00442	0.00336	0.00322	0.64938
8	0.00730	0.00566	0.00713	0.05405	0.00953	0.00589	0.00555	0.01067	0.15665	0.01374	0.02389	0.59492	0.02674	0.04592	0.00662	0.00200	0.00329	0.01139	0.00438	0.00468
9	0.00986	0.02420	0.75455	0.01483	0.07060	0.01127	0.01771	0.01532	0.01028	0.01538	0.00872	0.01034	0.00624	0.00459	0.00462	0.00153	0.00707	0.00363	0.00207	0.00719
10	0.00605	0.00428	0.00558	0.00656	0.00681	0.00403	0.00430	0.00679	0.00900	0.01200	0.02528	0.72723	0.03025	0.11694	0.00849	0.00231	0.00305	0.01294	0.00430	0.00381
11	0.00675	0.00495	0.00633	0.00599	0.00717	0.00453	0.00449	0.00894	0.01347	0.01884	0.72711	0.03717	0.11589	0.01013	0.00572	0.00153	0.00230	0.00890	0.00526	0.00453
12	0.01296	0.83261	0.02539	0.00829	0.01244	0.01917	0.00829	0.01451	0.00985	0.01140	0.00674	0.00777	0.00622	0.00415	0.00311	0.00104	0.00518	0.00259	0.00207	0.00622
13	0.01199	0.01151	0.01967	0.02974	0.79946	0.01151	0.01487	0.01487	0.01103	0.01583	0.00912	0.01199	0.00768	0.00432	0.00480	0.00144	0.00576	0.00432	0.00240	0.00768
14	0.00903	0.00452	0.00452	0.00452	0.00565	0.00452	0.00339	0.01129	0.01016	0.01807	0.01581	0.01807	0.01242	0.00565	0.00339	0.00113	0.00226	0.00452	0.85659	0.00452
15	0.00573	0.00491	0.00491	0.00491	0.00655	0.00409	0.00368	0.00695	0.01105	0.01309	0.04909	0.04664	0.79750	0.01227	0.00573	0.00164	0.00245	0.01023	0.00450	0.00409
16	0.86392	0.00937	0.00712	0.00637	0.00937	0.01087	0.00525	0.01425	0.00825	0.02174	0.00675	0.00787	0.00525	0.00450	0.00300	0.00150	0.00375	0.00262	0.00300	0.00525
17	0.01738	0.01295	0.01398	0.01065	0.01459	0.01396	0.00878	0.68697	0.02119	0.02870	0.01126	0.01144	0.00811	0.00554	0.00469	0.00136	0.00511	0.00418	0.00460	0.11457
18	0.00960	0.00907	0.01534	0.69471	0.15324	0.01088	0.01368	0.01277	0.00990	0.01292	0.00869	0.01278	0.00665	0.00476	0.00484	0.00159	0.00635	0.00431	0.00219	0.00574
19	0.00587	0.00491	0.00511	0.00506	0.00663	0.00415	0.00379	0.00723	0.01138	0.01388	0.14252	0.04533	0.70358	0.01198	0.00573	0.00162	0.00243	0.01004	0.00460	0.00415
20	0.01060	0.01060	0.01484	0.01272	0.01272	0.01484	0.01060	0.01166	0.00742	0.01166	0.00636	0.01060	0.00636	0.00848	0.01590	0.00212	0.82082	0.00424	0.00212	0.00530
21	0.00573	0.00491	0.00491	0.00491	0.00655	0.00409	0.00368	0.00695	0.01105	0.01309	0.04909	0.04664	0.79750	0.01227	0.00573	0.00164	0.00245	0.01023	0.00450	0.00409
22	0.00628	0.00491	0.00569	0.00553	0.00690	0.00432	0.00414	0.00802	0.01230	0.01616	0.41248	0.06117	0.41237	0.01119	0.00573	0.00159	0.00238	0.00960	0.00491	0.00432
23	0.00781	0.00558	0.00781	0.00892	0.01004	0.00558	0.00781	0.01004	0.01116	0.01450	0.02566	0.05466	0.02789	0.01339	0.00669	0.00223	0.00446	0.76685	0.00446	0.00446
24	0.01199	0.01151	0.01967	0.02974	0.79946	0.01151	0.01487	0.01487	0.01103	0.01583	0.00912	0.01199	0.00768	0.00432	0.00480	0.00144	0.00576	0.00432	0.00240	0.00768
25	0.01688	0.01806	0.01333	0.01160	0.01448	0.44586	0.00896	0.20617	0.18272	0.01820	0.01112	0.01145	0.00856	0.00553	0.00461	0.00138	0.00686	0.00393	0.00359	0.00670

[dist]
# distance from previous block
# <min> <max>
0	1

[block]
# block no. 1 follows, 52 sequences, length 37
# corresponding to MSA columns:
# 83-95,102-125
name=unknown_B
#
# <colnr> <probs for GDERKNQSTAVLIFYWHMCP>
#	G	D	E	R	K	N	Q	S	T	A	V	L	I	F	Y	W	H	M	C	P
0	0.01274	0.77850	0.07761	0.00866	0.01301	0.01864	0.00894	0.01457	0.00987	0.01167	0.00687	0.00794	0.00621	0.00418	0.00321	0.00107	0.00532	0.00266	0.00207	0.00628
1	0.01358	0.01240	0.01968	0.05278	0.69705	0.01210	0.01472	0.01569	0.01234	0.01751	0.01398	0.01732	0.06349	0.00633	0.00579	0.00186	0.00625	0.00542	0.00329	0.00841
2	0.00972	0.02507	0.80458	0.01381	0.02097	0.01125	0.01790	0.01535	0.01023	0.01535	0.00870	0.01023	0.00614	0.00460	0.00460	0.00153	0.00716	0.00358	0.00205	0.00716
3	0.00594	0.00497	0.00521	0.00530	0.00687	0.00423	0.00407	0.00728	0.01112	0.01338	0.06635	0.04708	0.70996	0.01231	0.00581	0.00169	0.00263	0.07714	0.00452	0.00414
4	0.00718	0.00519	0.00670	0.00623	0.00745	0.00486	0.00470	0.03033	0.01397	0.01974	0.77541	0.03553	0.04470	0.00980	0.00569	0.00152	0.00237	0.00864	0.00532	0.00467
5	0.86392	0.00937	0.00712	0.00637	0.00937	0.01087	0.00525	0.01425	0.00825	0.02174	0.00675	0.00787	0.00525	0.00450	0.00300	0.00150	0.00375	0.00262	0.00300	0.00525
6	0.01205	0.01041	0.01096	0.00986	0.01260	0.01205	0.00767	0.02575	0.79071	0.02027	0.01972	0.01808	0.01479	0.00657	0.00493	0.00164	0.00384	0.00548	0.00493	0.00767
7	0.00600	0.00426	0.00559	0.00663	0.00688	0.00400	0.00437	0.00677	0.00909	0.01212	0.02575	0.76019	0.03085	0.08316	0.00773	0.00220	0.00297	0.01321	0.00437	0.00385
8	0.00669	0.00515	0.00787	0.00868	0.04305	0.00486	0.05891	0.00769	0.00935	0.01253	0.02379	0.69125	0.02801	0.01402	0.00677	0.04737	0.00339	0.01229	0.00414	0.00418
9	0.86392	0.00937	0.00712	0.00637	0.00937	0.01087	0.00525	0.01425	0.00825	0.02174	0.00675	0.00787	0.00525	0.00450	0.00300	0.00150	0.00375	0.00262	0.00300	0.00525
10	0.00705	0.00470	0.00529	0.00529	0.00529	0.00470	0.00294	0.00705	0.00705	0.00940	0.01527	0.03171	0.01762	0.82969	0.02467	0.00470	0.00470	0.00705	0.00294	0.00294
11	0.01296	0.83261	0.02539	0.00829	0.01244	0.01917	0.00829	0.01451	0.00985	0.01140	0.00674	0.00777	0.00622	0.00415	0.00311	0.00104	0.00518	0.00259	0.00207	0.00622
12	0.01296	0.83261	0.02539	0.00829	0.01244	0.01917	0.00829	0.01451	0.00985	0.01140	0.00674	0.00777	0.00622	0.00415	0.00311	0.00104	0.00518	0.00259	0.00207	0.00622
13	0.00704	0.00472	0.00542	0.00542	0.00546	0.00477	0.00310	0.00713	0.00709	0.00949	0.01515	0.03104	0.01733	0.78762	0.06633	0.00486	0.00514	0.00695	0.00292	0.00301
14	0.00686	0.00495	0.00648	0.00610	0.00724	0.00457	0.00457	0.00914	0.01372	0.01943	0.79691	0.03620	0.04572	0.00991	0.00572	0.00152	0.00229	0.00876	0.00533	0.00457
15	0.01788	0.02185	0.01384	0.01238	0.01491	0.71472	0.00939	0.08501	0.01430	0.01347	0.00781	0.00905	0.00642	0.00518	0.00480	0.00130	0.03591	0.00327	0.00269	0.00583
16	0.00737	0.00539	0.00720	0.00795	0.00914	0.00522	0.00676	0.00946	0.01149	0.01497	0.13519	0.05094	0.14339	0.01274	0.00642	0.00205	0.00387	0.55143	0.00459	0.00442
17	0.00650	0.00471	0.00628	0.02235	0.00767	0.00443	0.00472	0.00820	0.01177	0.01632	0.45652	0.36911	0.03918	0.01203	0.00590	0.00171	0.00259	0.01079	0.00492	0.00432
18	0.00643	0.00485	0.00684	0.00873	0.07541	0.00459	0.00539	0.00745	0.00943	0.01267	0.02519	0.75624	0.02995	0.01424	0.00607	0.00192	0.00307	0.01296	0.00432	0.00426
19	0.01074	0.09811	0.66570	0.01320	0.01968	0.08092	0.01630	0.01562	0.01050	0.01469	0.00841	0.00988	0.00615	0.00460	0.00445	0.00146	0.00712	0.00345	0.00209	0.00694
20	0.01232	0.73378	0.05021	0.00829	0.01228	0.01765	0.00830	0.01408	0.01019	0.01223	0.07499	0.01031	0.00963	0.00466	0.00339	0.00110	0.00500	0.00316	0.00235	0.00611
21	0.00687	0.00493	0.00637	0.00603	0.00707	0.00458	0.00443	0.00896	0.01314	0.01857	0.72946	0.03581	0.04330	0.08065	0.00735	0.00180	0.00249	0.00862	0.00513	0.00443
22	0.01140	0.00952	0.01012	0.00906	0.01149	0.01076	0.00697	0.07270	0.58542	0.01954	0.05977	0.02147	0.06359	0.07806	0.00672	0.00189	0.00385	0.00599	0.00475	0.00693
23	0.00966	0.02329	0.73555	0.01301	0.01965	0.01067	0.01665	0.01500	0.01023	0.01558	0.00931	0.01091	0.00668	0.00469	0.00450	0.00150	0.00674	0.00366	0.07579	0.00693
24	0.00868	0.00614	0.00750	0.00701	0.00791	0.00666	0.00498	0.11841	0.00964	0.01332	0.01393	0.02387	0.01414	0.40136	0.30750	0.00527	0.00774	0.00592	0.02579	0.00424
25	0.00931	0.02283	0.71900	0.01306	0.01948	0.01047	0.01647	0.01443	0.01013	0.01503	0.01063	0.09768	0.00891	0.00574	0.00477	0.00158	0.00670	0.00467	0.00231	0.00682
26	0.01418	0.01236	0.01149	0.09617	0.01461	0.19161	0.00812	0.15570	0.15070	0.10971	0.01988	0.01956	0.16129	0.00692	0.00493	0.00150	0.00527	0.00546	0.00411	0.00644
27	0.01145	0.00974	0.01032	0.00928	0.01178	0.01108	0.00710	0.02329	0.68035	0.01896	0.01887	0.01927	0.01484	0.09465	0.00700	0.00194	0.00392	0.00556	0.00465	0.03597
28	0.01157	0.00859	0.01013	0.00766	0.01144	0.00710	0.00608	0.08855	0.01159	0.09352	0.01187	0.09830	0.01042	0.00528	0.00412	0.00100	0.00373	0.00438	0.00354	0.60112
29	0.01080	0.05963	0.68542	0.01328	0.01996	0.01201	0.01655	0.09758	0.01156	0.01680	0.00892	0.01027	0.00637	0.00471	0.00456	0.00150	0.00688	0.00362	0.00235	0.00724
30	0.77212	0.00892	0.00719	0.00652	0.00929	0.01036	0.00533	0.01365	0.00820	0.02062	0.00742	0.00907	0.00598	0.00791	0.08950	0.00217	0.00474	0.00290	0.00296	0.00515
31	0.00913	0.00848	0.01418	0.63938	0.11972	0.01012	0.01266	0.01207	0.00980	0.01278	0.01061	0.09997	0.00934	0.00589	0.00498	0.00163	0.00599	0.00532	0.00243	0.00550
32	0.00960	0.00907	0.01534	0.69482	0.15313	0.01088	0.01368	0.01277	0.00990	0.01292	0.00869	0.01278	0.00665	0.00476	0.00484	0.00159	0.00635	0.00431	0.00219	0.00574
33	0.00642	0.00488	0.00534	0.00522	0.00666	0.00428	0.00392	0.00808	0.01175	0.01553	0.27052	0.04044	0.48721	0.01085	0.00547	0.00155	0.00238	0.00918	0.09603	0.00428
34	0.01156	0.00983	0.01048	0.00956	0.01207	0.01126	0.00737	0.04294	0.68751	0.01969	0.02027	0.10452	0.01648	0.00748	0.00506	0.00167	0.00376	0.00634	0.00488	0.00728
35	0.01163	0.01112	0.01881	0.13042	0.68291	0.01143	0.01452	0.01481	0.02896	0.01549	0.00930	0.01225	0.00769	0.00444	0.00481	0.00147	0.00580	0.00434	0.00243	0.00738
36	0.00752	0.00564	0.00710	0.00748	0.00821	0.00579	0.00533	0.09024	0.01071	0.01431	0.02505	0.64844	0.06853	0.01362	0.00661	0.00190	0.05263	0.01200	0.00439	0.00449

[dist]
# distance from previous block
# <min> <max>
0	3

[block]
# block no. 2 follows, 52 sequences, length 20
# corresponding to MSA columns:
# 129-148
name=unknown_C
#
# <colnr> <probs for GDERKNQSTAVLIFYWHMCP>
#	G	D	E	R	K	N	Q	S	T	A	V	L	I	F	Y	W	H	M	C	P
0	0.01274	0.77896	0.07715	0.00866	0.01300	0.01865	0.00893	0.01457	0.00987	0.01166	0.00687	0.00794	0.00621	0.00418	0.00321	0.00107	0.00531	0.00266	0.00207	0.00628
1	0.01358	0.01326	0.02362	0.03913	0.03649	0.02776	0.50437	0.24259	0.01478	0.01982	0.01026	0.01254	0.00758	0.00464	0.00540	0.00157	0.00725	0.00521	0.00315	0.00701
2	0.00612	0.00485	0.00502	0.00502	0.00617	0.00427	0.00346	0.00698	0.00986	0.01200	0.03909	0.04222	0.56683	0.25405	0.01133	0.00254	0.00312	0.00929	0.00404	0.00375
3	0.25969	0.00574	0.00607	0.00664	0.00772	0.00599	0.00472	0.00897	0.00897	0.01514	0.02081	0.58439	0.02412	0.01202	0.00524	0.00183	0.00309	0.01048	0.00405	0.00432
4	0.00771	0.00638	0.00978	0.01355	0.24141	0.00618	0.00757	0.00915	0.00980	0.01339	0.02151	0.58561	0.02484	0.01197	0.00577	0.00181	0.00368	0.01098	0.00388	0.00504
5	0.01480	0.01780	0.01197	0.01110	0.01311	0.57238	0.00839	0.01619	0.01197	0.01168	0.00911	0.01179	0.00798	0.01427	0.24280	0.00318	0.00999	0.00373	0.00253	0.00524
6	0.61384	0.01061	0.00932	0.00779	0.01104	0.01210	0.00642	0.24172	0.01255	0.02434	0.00819	0.00899	0.00613	0.00489	0.00355	0.00149	0.00422	0.00314	0.00355	0.00613
7	0.01783	0.02218	0.01363	0.01232	0.01487	0.74579	0.00928	0.04511	0.05098	0.01288	0.00821	0.00928	0.00672	0.00510	0.00441	0.00127	0.00839	0.00327	0.00269	0.00580
8	0.01820	0.02008	0.01399	0.01206	0.01500	0.55817	0.00931	0.26151	0.01660	0.01778	0.00880	0.00966	0.00688	0.00525	0.00452	0.00131	0.00766	0.00351	0.00324	0.00645
9	0.00573	0.00491	0.00491	0.00491	0.00655	0.00409	0.00368	0.00695	0.01105	0.01309	0.04909	0.04664	0.79750	0.01227	0.00573	0.00164	0.00245	0.01023	0.00450	0.00409
10	0.01023	0.00858	0.00938	0.00894	0.01095	0.00965	0.00673	0.02013	0.55958	0.01793	0.02179	0.25720	0.01990	0.00912	0.00530	0.00174	0.00353	0.00793	0.00480	0.00657
11	0.01193	0.00637	0.00883	0.00884	0.01073	0.00603	0.00761	0.01406	0.01196	0.24767	0.02372	0.04337	0.02319	0.01120	0.00616	0.00201	0.00436	0.54147	0.00492	0.00558
12	0.02168	0.00460	0.00556	0.00623	0.00704	0.00420	0.00438	0.00719	0.01009	0.01322	0.07606	0.51130	0.25859	0.01377	0.00598	0.00185	0.00275	0.03693	0.00452	0.00406
13	0.01071	0.00798	0.00902	0.00765	0.00985	0.00816	0.00603	0.28106	0.01640	0.02213	0.37808	0.02955	0.17588	0.00892	0.00541	0.00152	0.00339	0.00749	0.00500	0.00577
14	0.01253	0.01008	0.01138	0.00835	0.01253	0.00899	0.00677	0.24028	0.01382	0.02015	0.00951	0.01052	0.00749	0.00425	0.00396	0.00094	0.00410	0.00331	0.00346	0.60759
15	0.61482	0.00904	0.00834	0.00704	0.01026	0.00976	0.00580	0.01702	0.00991	0.25277	0.01041	0.01042	0.00724	0.00494	0.00355	0.00150	0.00386	0.00329	0.00389	0.00614
16	0.51804	0.01430	0.24361	0.00903	0.01329	0.01127	0.00934	0.05662	0.05344	0.02024	0.00831	0.00934	0.00621	0.00472	0.00368	0.00152	0.00485	0.00316	0.00292	0.00611
17	0.01070	0.13760	0.35750	0.01430	0.01962	0.01223	0.25050	0.03817	0.01078	0.01494	0.01005	0.05717	0.00839	0.03041	0.00544	0.00161	0.00681	0.00480	0.00243	0.00655
18	0.27023	0.03185	0.00733	0.00702	0.00872	0.00704	0.00554	0.01051	0.00959	0.03454	0.02084	0.27891	0.08746	0.01088	0.02062	0.00189	0.00371	0.15445	0.00392	0.02497
19	0.00910	0.03268	0.00943	0.00748	0.01024	0.00656	0.00582	0.01079	0.00978	0.02977	0.01451	0.25301	0.01519	0.00766	0.00515	0.00124	0.04921	0.02973	0.00340	0.48926

[dist]
# distance from previous block
# <min> <max>
0	48

# created by:
# /home/cegg/simao/soft/augustus-3.2.1/scripts/msa2prfl.pl ./align_prep/EOG091G10CG.fa
