[name]
unknown

[dist]
# distance from previous block
# <min> <max>
0	96

[block]
# block no. 0 follows, 40 sequences, length 21
# corresponding to MSA columns:
# 101-121
name=unknown_A
#
# <colnr> <probs for GDERKNQSTAVLIFYWHMCP>
#	G	D	E	R	K	N	Q	S	T	A	V	L	I	F	Y	W	H	M	C	P
0	0.01272	0.01174	0.01952	0.10950	0.51632	0.01194	0.01512	0.01606	0.01363	0.01922	0.14061	0.02202	0.01812	0.00694	0.00606	0.00181	0.00620	0.04081	0.00358	0.00809
1	0.01239	0.01146	0.01829	0.26592	0.36552	0.01220	0.01466	0.05031	0.01342	0.01797	0.01918	0.02191	0.13798	0.00712	0.00597	0.00184	0.00647	0.00640	0.00336	0.00763
2	0.01498	0.01349	0.02120	0.19442	0.47450	0.01435	0.01630	0.14196	0.01533	0.02115	0.01133	0.01456	0.00901	0.00563	0.00578	0.00178	0.00700	0.00519	0.00332	0.00873
3	0.56405	0.01043	0.00981	0.09841	0.01445	0.01193	0.00750	0.04495	0.01194	0.02472	0.13786	0.01621	0.01500	0.00663	0.00451	0.00182	0.00465	0.00474	0.00405	0.00632
4	0.00751	0.00552	0.00733	0.00795	0.00877	0.00534	0.00565	0.00910	0.01210	0.01642	0.17903	0.43938	0.10340	0.02100	0.13945	0.00342	0.00531	0.01314	0.00521	0.00498
5	0.02141	0.01625	0.01704	0.01328	0.01777	0.03762	0.01089	0.65715	0.09208	0.03495	0.01471	0.01457	0.01053	0.00704	0.00581	0.00176	0.00635	0.00532	0.00575	0.00974
6	0.02870	0.00854	0.01064	0.00947	0.01198	0.00841	0.00725	0.01988	0.14087	0.28468	0.09380	0.20120	0.05221	0.06322	0.00827	0.00224	0.02606	0.00920	0.00599	0.00741
7	0.01362	0.41717	0.39553	0.01324	0.02001	0.01829	0.01568	0.01791	0.01205	0.01603	0.00925	0.01079	0.00741	0.00525	0.00462	0.00154	0.00740	0.00370	0.00247	0.00802
8	0.01214	0.02727	0.63732	0.01988	0.15201	0.01356	0.02086	0.01832	0.01244	0.01852	0.01052	0.01264	0.00769	0.00547	0.00556	0.00182	0.00830	0.00445	0.00253	0.00870
9	0.01566	0.01622	0.02237	0.03212	0.63127	0.14486	0.01670	0.01878	0.01380	0.01817	0.01060	0.01372	0.00891	0.00532	0.00567	0.00169	0.00753	0.00493	0.00290	0.00878
10	0.01137	0.01008	0.01720	0.52322	0.12483	0.01175	0.04359	0.01413	0.01122	0.01471	0.01043	0.01575	0.00839	0.00818	0.00877	0.14512	0.00726	0.00522	0.00263	0.00618
11	0.01398	0.01236	0.04842	0.01338	0.03264	0.01257	0.09762	0.13166	0.23990	0.05122	0.03176	0.02292	0.07421	0.01419	0.13894	0.00322	0.02928	0.01906	0.00475	0.00791
12	0.01116	0.01045	0.01758	0.65938	0.11842	0.01260	0.01579	0.01485	0.01178	0.01532	0.01151	0.05486	0.00948	0.00637	0.00589	0.00194	0.00744	0.00575	0.00276	0.00668
13	0.00859	0.00622	0.00836	0.00921	0.01045	0.00600	0.00755	0.01093	0.01370	0.01817	0.19039	0.16895	0.09513	0.01538	0.00760	0.00239	0.00430	0.40582	0.00559	0.00525
14	0.00933	0.00738	0.00986	0.01013	0.01157	0.00751	0.04173	0.01386	0.15235	0.01744	0.02992	0.42112	0.05107	0.01503	0.00724	0.00233	0.00436	0.17654	0.00537	0.00588
15	0.04714	0.07791	0.41692	0.01653	0.02262	0.01526	0.12170	0.04687	0.01238	0.01841	0.01002	0.01259	0.00769	0.00625	0.00787	0.00193	0.14248	0.00471	0.00273	0.00798
16	0.00713	0.00573	0.00631	0.00655	0.00802	0.00504	0.00472	0.00850	0.01251	0.01549	0.07769	0.19757	0.51161	0.06406	0.04020	0.00257	0.00371	0.01255	0.00523	0.00482
17	0.00838	0.00572	0.00688	0.00692	0.00711	0.00589	0.00423	0.00878	0.00870	0.01178	0.01832	0.06118	0.02059	0.63915	0.15721	0.00617	0.00728	0.00835	0.00352	0.00385
18	0.00982	0.00788	0.01035	0.00960	0.01006	0.00946	0.00709	0.02338	0.02277	0.01372	0.04741	0.02740	0.01732	0.34664	0.21334	0.00550	0.20288	0.00705	0.00338	0.00495
19	0.01220	0.08158	0.63035	0.01752	0.05710	0.01426	0.07118	0.01834	0.01239	0.01813	0.01039	0.01241	0.00756	0.00543	0.00551	0.00180	0.00844	0.00444	0.00251	0.00849
20	0.01510	0.01354	0.01988	0.08683	0.43371	0.01443	0.01482	0.11120	0.18815	0.02214	0.01427	0.01615	0.01119	0.00610	0.00581	0.00180	0.00637	0.00552	0.00394	0.00908

[dist]
# distance from previous block
# <min> <max>
0	4

[block]
# block no. 1 follows, 40 sequences, length 72
# corresponding to MSA columns:
# 126-174,181-190,192-204
name=unknown_B
#
# <colnr> <probs for GDERKNQSTAVLIFYWHMCP>
#	G	D	E	R	K	N	Q	S	T	A	V	L	I	F	Y	W	H	M	C	P
0	0.01502	0.01535	0.02258	0.05037	0.59475	0.11023	0.04881	0.01824	0.01358	0.01816	0.01127	0.03439	0.00971	0.00563	0.00579	0.00173	0.00742	0.00537	0.00296	0.00865
1	0.02961	0.41989	0.34260	0.01290	0.01930	0.03740	0.01481	0.01827	0.02814	0.01618	0.00945	0.01089	0.00762	0.00531	0.00458	0.00153	0.00727	0.00371	0.00258	0.00794
2	0.00837	0.00575	0.00688	0.00671	0.00722	0.00558	0.00426	0.00939	0.01144	0.01576	0.29329	0.04006	0.03371	0.50360	0.02113	0.00422	0.00456	0.00922	0.00460	0.00426
3	0.00841	0.00581	0.00721	0.00721	0.00752	0.00611	0.00461	0.00902	0.00871	0.01192	0.01752	0.03364	0.01922	0.57717	0.24543	0.00671	0.00852	0.00781	0.00340	0.00401
4	0.01384	0.01482	0.02871	0.02119	0.02620	0.01480	0.53780	0.02119	0.18030	0.01970	0.01427	0.01691	0.01079	0.00583	0.00724	0.00199	0.04604	0.00671	0.00360	0.00808
5	0.00713	0.00510	0.00679	0.00807	0.00844	0.00475	0.00540	0.00821	0.01135	0.01519	0.06131	0.76160	0.03912	0.01796	0.00740	0.00234	0.00335	0.01629	0.00544	0.00475
6	0.01439	0.01382	0.02360	0.03569	0.75936	0.01382	0.01785	0.01785	0.01324	0.01900	0.01094	0.01439	0.00921	0.00518	0.00576	0.00173	0.00691	0.00518	0.00288	0.00921
7	0.01314	0.32173	0.48675	0.01406	0.02128	0.01711	0.01711	0.01804	0.01210	0.01662	0.00954	0.01116	0.00740	0.00532	0.00484	0.00161	0.00769	0.00385	0.00247	0.00817
8	0.00725	0.00543	0.00675	0.00757	0.00846	0.00493	0.00532	0.00863	0.01232	0.01607	0.11583	0.49807	0.22045	0.01658	0.00725	0.00222	0.00328	0.04322	0.00550	0.00488
9	0.01166	0.03008	0.76550	0.01657	0.02517	0.01351	0.02149	0.01842	0.01228	0.01842	0.01044	0.01228	0.00737	0.00552	0.00552	0.00184	0.00859	0.00430	0.00246	0.00859
10	0.01449	0.01412	0.02260	0.07628	0.66270	0.04349	0.01718	0.01836	0.03984	0.01877	0.01129	0.01457	0.00937	0.00535	0.00575	0.00174	0.00701	0.00517	0.00298	0.00896
11	0.00767	0.00635	0.00681	0.00692	0.00875	0.00574	0.00522	0.01035	0.06854	0.01668	0.08041	0.13049	0.55355	0.01454	0.00693	0.00204	0.00325	0.05499	0.00548	0.00526
12	0.04790	0.00944	0.01250	0.00977	0.01390	0.00829	0.00802	0.02596	0.01611	0.65372	0.05022	0.02184	0.04472	0.00759	0.00578	0.00179	0.00468	0.00617	0.04236	0.00924
13	0.01398	0.01136	0.01422	0.01041	0.01533	0.00970	0.05739	0.12545	0.01489	0.04762	0.05091	0.01452	0.01147	0.00526	0.00490	0.00115	0.00494	0.00441	0.00406	0.57804
14	0.01431	0.01379	0.02356	0.04673	0.68511	0.01387	0.04965	0.01835	0.04253	0.01912	0.01147	0.01476	0.00951	0.00529	0.00581	0.00175	0.00696	0.00531	0.00300	0.00910
15	0.01214	0.06728	0.58538	0.01583	0.02322	0.01369	0.05588	0.04103	0.04041	0.01878	0.01244	0.05139	0.00994	0.00642	0.00566	0.00186	0.00799	0.01941	0.00292	0.00831
16	0.01413	0.01318	0.02224	0.03342	0.70271	0.01318	0.01681	0.01752	0.01316	0.01920	0.01154	0.01494	0.00964	0.00530	0.00563	0.00170	0.00659	0.00520	0.06498	0.00893
17	0.80323	0.01145	0.00891	0.00788	0.01153	0.01325	0.00649	0.04680	0.01061	0.02652	0.00834	0.00963	0.00645	0.00546	0.00369	0.00180	0.00458	0.00323	0.00369	0.00645
18	0.00707	0.00585	0.00619	0.00620	0.00800	0.00498	0.00462	0.00869	0.01358	0.01670	0.15208	0.09322	0.62372	0.01453	0.00690	0.00197	0.00294	0.01226	0.00554	0.00498
19	0.01147	0.00963	0.01052	0.05020	0.01327	0.03215	0.00762	0.01969	0.32179	0.03689	0.22975	0.03398	0.17901	0.01021	0.00634	0.00191	0.00410	0.00865	0.00571	0.00710
20	0.01586	0.01139	0.05355	0.01134	0.01534	0.00988	0.06365	0.11955	0.04568	0.19630	0.08645	0.07255	0.05192	0.00858	0.00604	0.00176	0.00523	0.06495	0.00530	0.15468
21	0.01203	0.01205	0.02272	0.01811	0.02189	0.03366	0.39333	0.01585	0.01366	0.01795	0.02012	0.03767	0.01972	0.00989	0.00733	0.00226	0.00785	0.32320	0.00401	0.00671
22	0.02148	0.01428	0.01590	0.01234	0.01667	0.01533	0.01013	0.54507	0.03969	0.15790	0.07683	0.01753	0.01452	0.00744	0.00591	0.00177	0.00582	0.00580	0.00610	0.00951
23	0.00819	0.00594	0.00772	0.00727	0.00866	0.00547	0.00546	0.01090	0.01637	0.02310	0.73576	0.04381	0.07554	0.01197	0.00686	0.00183	0.00275	0.01057	0.00637	0.00547
24	0.01439	0.01382	0.02360	0.03569	0.75936	0.01382	0.01785	0.01785	0.01324	0.01900	0.01094	0.01439	0.00921	0.00518	0.00576	0.00173	0.00691	0.00518	0.00288	0.00921
25	0.09323	0.41764	0.32031	0.01236	0.01864	0.01827	0.01418	0.01778	0.01181	0.01676	0.00902	0.01051	0.00731	0.00523	0.00443	0.00153	0.00700	0.00359	0.00258	0.00780
26	0.00784	0.00593	0.00723	0.00691	0.00845	0.00532	0.00518	0.01022	0.01554	0.02114	0.55629	0.04703	0.25622	0.01270	0.00686	0.00187	0.00280	0.01102	0.00611	0.00532
27	0.00715	0.00519	0.00676	0.00788	0.00841	0.00479	0.00533	0.00832	0.01167	0.01552	0.08603	0.68304	0.09344	0.01750	0.00734	0.00229	0.00330	0.01578	0.00547	0.00479
28	0.01350	0.01510	0.03246	0.02417	0.05838	0.01421	0.66794	0.01822	0.01369	0.01857	0.01282	0.01848	0.01025	0.00555	0.00689	0.00199	0.00943	0.04751	0.00308	0.00776
29	0.13576	0.01653	0.08720	0.01229	0.01686	0.07744	0.01077	0.36953	0.04565	0.11743	0.01561	0.01554	0.03993	0.00691	0.00548	0.00176	0.00630	0.00513	0.00510	0.00877
30	0.00709	0.00506	0.00675	0.00810	0.00843	0.00472	0.00540	0.00810	0.01113	0.01484	0.03205	0.79184	0.03846	0.01822	0.00742	0.00236	0.00337	0.01653	0.00540	0.00472
31	0.00823	0.00594	0.00777	0.00732	0.00869	0.00549	0.00549	0.01097	0.01646	0.02332	0.75629	0.04344	0.05487	0.01189	0.00686	0.00183	0.00274	0.01052	0.00640	0.00549
32	0.01562	0.71037	0.02874	0.01039	0.01499	0.06489	0.01004	0.01745	0.01193	0.01372	0.00832	0.00985	0.00765	0.00619	0.02415	0.00151	0.03104	0.00329	0.00253	0.00733
33	0.01553	0.68364	0.09829	0.01085	0.01605	0.06457	0.01110	0.01784	0.01212	0.01415	0.00836	0.00967	0.00746	0.00508	0.00398	0.00131	0.00668	0.00326	0.00251	0.00753
34	0.59373	0.05226	0.01149	0.00940	0.01290	0.15221	0.00763	0.01862	0.01145	0.05389	0.00887	0.01015	0.00694	0.00568	0.00438	0.00174	0.02509	0.00342	0.00356	0.00659
35	0.00806	0.00611	0.00890	0.00959	0.01058	0.00581	0.04526	0.00977	0.01199	0.01580	0.03183	0.51581	0.06760	0.01676	0.00754	0.00241	0.00425	0.21163	0.00526	0.00507
36	0.00823	0.00594	0.00777	0.00732	0.00869	0.00549	0.00549	0.01097	0.01646	0.02332	0.75629	0.04344	0.05487	0.01189	0.00686	0.00183	0.00274	0.01052	0.00640	0.00549
37	0.01523	0.47382	0.11501	0.01391	0.04373	0.09000	0.08310	0.01795	0.01232	0.01498	0.00887	0.01084	0.00766	0.00553	0.00562	0.00152	0.06589	0.00390	0.00259	0.00754
38	0.01721	0.01281	0.01401	0.01149	0.01506	0.01418	0.02727	0.35600	0.23695	0.02933	0.01785	0.01795	0.01327	0.00715	0.00550	0.00173	0.00516	0.00571	0.18268	0.00867
39	0.04729	0.37047	0.40832	0.01327	0.02005	0.01770	0.01574	0.01792	0.01197	0.01663	0.00930	0.01085	0.00737	0.00528	0.00465	0.00157	0.00737	0.00372	0.00252	0.00800
40	0.01320	0.01260	0.02145	0.29675	0.50763	0.01350	0.01725	0.01680	0.01268	0.01755	0.01073	0.01478	0.00870	0.00540	0.00578	0.00180	0.00720	0.00518	0.00278	0.00825
41	0.00706	0.00590	0.00615	0.00609	0.00797	0.00499	0.00457	0.00871	0.01370	0.01676	0.15475	0.05424	0.66050	0.01434	0.00687	0.00195	0.00292	0.01203	0.00554	0.00499
42	0.79056	0.01153	0.00905	0.00797	0.01163	0.01333	0.00657	0.05805	0.01088	0.02669	0.00843	0.00970	0.00650	0.00549	0.00372	0.00180	0.00461	0.00327	0.00372	0.00650
43	0.06239	0.01309	0.01364	0.01187	0.01541	0.01501	0.00936	0.15461	0.58031	0.02659	0.02108	0.01964	0.01572	0.00759	0.00577	0.00192	0.00491	0.00615	0.00577	0.00916
44	0.02228	0.01600	0.01728	0.01324	0.01789	0.01761	0.01094	0.70818	0.02686	0.06911	0.01436	0.01422	0.01009	0.00699	0.00582	0.00175	0.00633	0.00526	0.00588	0.00989
45	0.01376	0.01450	0.01240	0.01099	0.01340	0.26393	0.04634	0.05092	0.04597	0.01879	0.24555	0.03033	0.14477	0.05400	0.00752	0.00196	0.00616	0.00780	0.00470	0.00619
46	0.00831	0.00621	0.00925	0.00925	0.01026	0.00722	0.00715	0.01032	0.00932	0.01343	0.01566	0.02332	0.01474	0.06712	0.74937	0.00923	0.01527	0.00630	0.00313	0.00514
47	0.00839	0.00588	0.00759	0.00759	0.00802	0.00631	0.00508	0.00926	0.00883	0.01220	0.01718	0.03174	0.01840	0.48362	0.33786	0.00718	0.00976	0.00753	0.00335	0.00422
48	0.01010	0.00505	0.00758	0.00758	0.00758	0.00505	0.00505	0.00758	0.00758	0.01010	0.01010	0.01768	0.01010	0.02020	0.02273	0.83081	0.00505	0.00505	0.00253	0.00253
49	0.02322	0.01219	0.01490	0.04315	0.01693	0.01228	0.00972	0.25738	0.08057	0.43711	0.01959	0.01789	0.01295	0.00713	0.00584	0.00180	0.00550	0.00568	0.00646	0.00970
50	0.00844	0.00570	0.00666	0.00666	0.00677	0.00581	0.00392	0.00866	0.00855	0.01151	0.01803	0.03645	0.02045	0.71636	0.10791	0.00603	0.00669	0.00822	0.00348	0.00370
51	0.01277	0.01076	0.01244	0.00895	0.01408	0.00848	0.00719	0.06597	0.01314	0.02020	0.01059	0.01219	0.00870	0.00450	0.00441	0.00092	0.00445	0.00357	0.00361	0.77307
52	0.21414	0.01476	0.01515	0.01187	0.01627	0.01636	0.00980	0.53207	0.02267	0.07264	0.01306	0.01321	0.00928	0.00662	0.00530	0.00176	0.00587	0.00478	0.00537	0.00904
53	0.01367	0.01796	0.21088	0.02937	0.50887	0.01381	0.05318	0.01856	0.04274	0.01905	0.01137	0.01422	0.00907	0.00536	0.00576	0.00178	0.00738	0.00510	0.00290	0.00899
54	0.03857	0.01236	0.05721	0.07239	0.12045	0.03682	0.01114	0.03800	0.05708	0.43472	0.04790	0.01869	0.01408	0.00686	0.00579	0.00180	0.00574	0.00570	0.00563	0.00907
55	0.01017	0.00824	0.01111	0.09692	0.09879	0.00843	0.00861	0.08547	0.03239	0.01857	0.08191	0.30481	0.16033	0.01326	0.01988	0.00218	0.00472	0.02315	0.00489	0.00617
56	0.01473	0.01497	0.01804	0.07873	0.11943	0.15778	0.07289	0.01753	0.03805	0.04683	0.01410	0.01676	0.06436	0.00761	0.00953	0.00192	0.22876	0.00549	0.00330	0.06917
57	0.01963	0.05026	0.01592	0.03979	0.05856	0.09026	0.05681	0.02370	0.10437	0.35954	0.03377	0.08938	0.01585	0.00784	0.00591	0.00183	0.00588	0.00666	0.00551	0.00851
58	0.01116	0.01021	0.01649	0.40863	0.20388	0.01151	0.01397	0.01494	0.04252	0.01664	0.04889	0.12056	0.04060	0.00796	0.00610	0.00194	0.00645	0.00721	0.00343	0.00690
59	0.01332	0.01806	0.21723	0.06013	0.36660	0.03591	0.09653	0.01816	0.04268	0.01849	0.01235	0.05173	0.01033	0.00603	0.00589	0.00183	0.00755	0.00570	0.00301	0.00849
60	0.01375	0.01227	0.04243	0.37236	0.13271	0.01296	0.12954	0.01776	0.03167	0.10249	0.01274	0.03134	0.00975	0.00625	0.00667	0.00193	0.04670	0.00575	0.00335	0.00755
61	0.01396	0.01354	0.06349	0.14198	0.44231	0.01290	0.07038	0.01802	0.03605	0.05789	0.01279	0.03575	0.01039	0.00587	0.00582	0.00180	0.00691	0.00564	0.03606	0.00843
62	0.00811	0.00663	0.00725	0.00784	0.00892	0.03542	0.00550	0.01005	0.04765	0.01570	0.06563	0.43425	0.24063	0.05713	0.00827	0.00235	0.00372	0.02464	0.00527	0.00505
63	0.04428	0.14000	0.30567	0.01625	0.06907	0.01494	0.10347	0.05793	0.04276	0.08145	0.01304	0.01448	0.02742	0.00607	0.00600	0.00178	0.03876	0.00495	0.00338	0.00831
64	0.01339	0.16695	0.39957	0.01639	0.05774	0.01512	0.10435	0.03457	0.05144	0.03861	0.04052	0.01420	0.01030	0.00578	0.00545	0.00174	0.00764	0.00486	0.00308	0.00830
65	0.00953	0.00687	0.00870	0.00953	0.02959	0.00687	0.00653	0.04456	0.09825	0.04342	0.07043	0.57794	0.03410	0.01543	0.00705	0.00222	0.00376	0.01386	0.00553	0.00582
66	0.07757	0.02049	0.21295	0.04990	0.15819	0.14204	0.09328	0.10879	0.04554	0.02078	0.01123	0.01325	0.00856	0.00575	0.00558	0.00177	0.00795	0.00480	0.00333	0.00824
67	0.03597	0.05349	0.05024	0.02169	0.28446	0.07811	0.06763	0.16039	0.06057	0.09690	0.02604	0.01512	0.01077	0.00607	0.00569	0.00174	0.00690	0.00526	0.00412	0.00886
68	0.01525	0.03635	0.10156	0.04737	0.19624	0.07086	0.32289	0.01977	0.03563	0.07835	0.01235	0.01500	0.00931	0.00542	0.00613	0.00183	0.00836	0.00574	0.00329	0.00831
69	0.00818	0.00672	0.02031	0.00815	0.00933	0.00642	0.00598	0.01079	0.07028	0.01648	0.11631	0.35883	0.19461	0.06916	0.03993	0.00268	0.03287	0.01253	0.00518	0.00527
70	0.03956	0.11990	0.09499	0.01337	0.06464	0.04360	0.06007	0.12263	0.05528	0.09843	0.07460	0.09593	0.01671	0.00780	0.00561	0.00175	0.00586	0.00655	0.06494	0.00777
71	0.01334	0.06739	0.40702	0.01651	0.06355	0.04992	0.09568	0.03991	0.03996	0.05174	0.01582	0.03167	0.06864	0.00661	0.00575	0.00182	0.00766	0.00558	0.00329	0.00814

[dist]
# distance from previous block
# <min> <max>
0	2

[block]
# block no. 2 follows, 40 sequences, length 12
# corresponding to MSA columns:
# 207-213,217-221
name=unknown_C
#
# <colnr> <probs for GDERKNQSTAVLIFYWHMCP>
#	G	D	E	R	K	N	Q	S	T	A	V	L	I	F	Y	W	H	M	C	P
0	0.01353	0.04847	0.13398	0.07814	0.20488	0.01319	0.18067	0.01866	0.08182	0.05490	0.01492	0.01925	0.02950	0.04978	0.00733	0.00207	0.00733	0.03010	0.00347	0.00801
1	0.01372	0.01278	0.02116	0.16146	0.55090	0.01329	0.01642	0.05215	0.01352	0.01888	0.01233	0.06430	0.01086	0.00621	0.00588	0.00180	0.00680	0.00591	0.00313	0.00848
2	0.01013	0.01026	0.05936	0.06553	0.19160	0.00932	0.06555	0.01257	0.01200	0.01622	0.02496	0.26674	0.12942	0.05655	0.00846	0.00226	0.03857	0.01006	0.00403	0.00640
3	0.01560	0.05350	0.11530	0.04980	0.25297	0.03899	0.05378	0.08286	0.02613	0.12308	0.02872	0.04552	0.04801	0.00714	0.00590	0.00182	0.00662	0.03183	0.00406	0.00838
4	0.07055	0.02900	0.04788	0.06353	0.14649	0.16227	0.01172	0.11636	0.06721	0.14333	0.03117	0.05839	0.01266	0.00704	0.00563	0.00177	0.00673	0.00566	0.00444	0.00818
5	0.00992	0.00701	0.00883	0.00940	0.03345	0.00695	0.00654	0.04519	0.08420	0.05499	0.11814	0.43364	0.07954	0.01531	0.03299	0.00237	0.00411	0.01251	0.02900	0.00593
6	0.04241	0.05031	0.16180	0.05755	0.12410	0.05956	0.23786	0.05260	0.03863	0.04776	0.01312	0.06401	0.01079	0.00633	0.00599	0.00185	0.00786	0.00609	0.00339	0.00799
7	0.01459	0.13427	0.18168	0.04708	0.23523	0.01508	0.12792	0.07928	0.01408	0.03941	0.01129	0.01367	0.00878	0.00543	0.00551	0.00170	0.00737	0.00493	0.02438	0.02833
8	0.04480	0.08628	0.09985	0.04782	0.09160	0.04975	0.04315	0.22730	0.08928	0.08907	0.01495	0.04070	0.01182	0.00700	0.00567	0.00179	0.00657	0.02953	0.00450	0.00858
9	0.00839	0.00629	0.00757	0.00798	0.03402	0.00570	0.00559	0.01065	0.03314	0.03880	0.24478	0.18640	0.33882	0.01365	0.00680	0.00197	0.00320	0.01182	0.02899	0.00545
10	0.04874	0.07934	0.28519	0.03583	0.12543	0.03423	0.06498	0.03620	0.04183	0.07750	0.04013	0.01860	0.04819	0.00671	0.00568	0.00181	0.00703	0.03090	0.00359	0.00810
11	0.03152	0.04330	0.13226	0.05076	0.31993	0.06939	0.07766	0.05410	0.04504	0.04053	0.02747	0.04466	0.01117	0.00627	0.00600	0.00179	0.02080	0.00560	0.00338	0.00836

[dist]
# distance from previous block
# <min> <max>
0	10

[block]
# block no. 3 follows, 40 sequences, length 36
# corresponding to MSA columns:
# 232-240,247-273
name=unknown_D
#
# <colnr> <probs for GDERKNQSTAVLIFYWHMCP>
#	G	D	E	R	K	N	Q	S	T	A	V	L	I	F	Y	W	H	M	C	P
0	0.01769	0.01469	0.17601	0.01254	0.04025	0.01100	0.01151	0.11607	0.05092	0.28796	0.05346	0.06601	0.07266	0.00831	0.00644	0.00188	0.03197	0.00674	0.00535	0.00856
1	0.03901	0.01582	0.08758	0.08458	0.43021	0.06809	0.05725	0.04143	0.03667	0.06618	0.01192	0.01449	0.00932	0.00558	0.00572	0.00176	0.00726	0.00512	0.00331	0.00867
2	0.01214	0.01340	0.13212	0.01016	0.01324	0.11439	0.00919	0.03611	0.01514	0.06540	0.27821	0.06546	0.11877	0.01013	0.00625	0.00183	0.00518	0.03835	0.04807	0.00645
3	0.50191	0.06708	0.01132	0.00896	0.01232	0.08346	0.00726	0.05274	0.02989	0.05843	0.01210	0.08252	0.01056	0.00687	0.00440	0.00177	0.00513	0.00482	0.03179	0.00666
4	0.06234	0.01119	0.01861	0.49145	0.19948	0.01283	0.05051	0.01554	0.01197	0.01667	0.01144	0.05176	0.00950	0.00619	0.00579	0.00190	0.00725	0.00567	0.00286	0.00706
5	0.07986	0.15274	0.35023	0.01657	0.06450	0.03787	0.12937	0.01789	0.01248	0.01829	0.03413	0.01330	0.00927	0.00564	0.00559	0.00175	0.02399	0.00467	0.01397	0.00789
6	0.02659	0.38523	0.22518	0.01394	0.06361	0.07511	0.03466	0.01769	0.01251	0.01608	0.02790	0.03270	0.00959	0.00572	0.00474	0.00152	0.00709	0.00427	0.00277	0.03311
7	0.01724	0.01442	0.01611	0.01327	0.01685	0.05545	0.05469	0.31243	0.26788	0.02692	0.01729	0.01918	0.01353	0.03414	0.03197	0.00226	0.04343	0.02904	0.00519	0.00869
8	0.06485	0.12561	0.42617	0.01554	0.04950	0.04723	0.05089	0.05439	0.03352	0.06380	0.01129	0.01267	0.00829	0.00566	0.00528	0.00174	0.00767	0.00440	0.00313	0.00837
9	0.03363	0.09473	0.36038	0.05491	0.09182	0.07109	0.09133	0.03291	0.08010	0.01863	0.01150	0.01340	0.00869	0.00567	0.00551	0.00178	0.00794	0.00473	0.00300	0.00825
10	0.01156	0.01043	0.01631	0.58819	0.05582	0.01253	0.01453	0.05073	0.06005	0.01685	0.01495	0.02079	0.04570	0.00704	0.00601	0.00197	0.00708	0.04945	0.00327	0.00674
11	0.04184	0.06490	0.15328	0.06362	0.10096	0.03387	0.04625	0.15297	0.11604	0.10369	0.03474	0.01724	0.01226	0.00668	0.00570	0.00181	0.00660	0.02458	0.00437	0.00860
12	0.01535	0.03613	0.20935	0.02808	0.16715	0.04570	0.03641	0.06603	0.09542	0.11757	0.03823	0.01886	0.02637	0.00681	0.00576	0.00181	0.00661	0.03092	0.03899	0.00847
13	0.00842	0.00617	0.00785	0.00868	0.03327	0.00577	0.00595	0.01068	0.04505	0.03925	0.17726	0.40732	0.18087	0.01506	0.00705	0.00213	0.00341	0.02480	0.00559	0.00541
14	0.00899	0.00604	0.00751	0.00808	0.00908	0.00572	0.00560	0.02079	0.04683	0.06541	0.03317	0.54197	0.12559	0.07545	0.00884	0.00250	0.00370	0.01403	0.00541	0.00529
15	0.01598	0.01683	0.15628	0.04929	0.30563	0.03780	0.12300	0.05016	0.01417	0.13190	0.01274	0.01487	0.00949	0.00578	0.00627	0.00182	0.03032	0.00532	0.00357	0.00878
16	0.01277	0.12429	0.46176	0.01784	0.12186	0.03485	0.03545	0.01832	0.03616	0.01809	0.03439	0.01513	0.01028	0.00600	0.00548	0.00177	0.00773	0.02667	0.00287	0.00829
17	0.00777	0.00619	0.00736	0.02874	0.00955	0.02959	0.00575	0.00917	0.01226	0.01591	0.11677	0.51883	0.16434	0.01661	0.02056	0.00232	0.00379	0.01421	0.00532	0.00496
18	0.02834	0.04295	0.17437	0.01690	0.10165	0.12623	0.08823	0.11783	0.06312	0.11801	0.04603	0.02491	0.01209	0.00647	0.00575	0.00177	0.00734	0.00542	0.00415	0.00845
19	0.01514	0.13069	0.19208	0.06352	0.11091	0.03462	0.07884	0.07728	0.05027	0.09882	0.05639	0.01713	0.03607	0.00645	0.00562	0.00175	0.00688	0.00546	0.00384	0.00824
20	0.04342	0.00662	0.00901	0.02456	0.08538	0.00651	0.00700	0.02792	0.01184	0.01651	0.05136	0.61159	0.03316	0.02709	0.00733	0.00228	0.00394	0.01402	0.00503	0.00541
21	0.01301	0.01504	0.12161	0.19026	0.27351	0.01337	0.13498	0.04193	0.05423	0.01860	0.01293	0.06074	0.01080	0.00630	0.00603	0.00188	0.00744	0.00608	0.00319	0.00806
22	0.03489	0.05635	0.20943	0.04907	0.15467	0.03819	0.09764	0.09479	0.03745	0.07772	0.01492	0.01752	0.04311	0.00655	0.00603	0.00183	0.02091	0.02692	0.00369	0.00832
23	0.01290	0.06468	0.30661	0.06946	0.15467	0.01327	0.12609	0.01789	0.03441	0.04944	0.01468	0.05415	0.04280	0.00652	0.00586	0.00184	0.00751	0.00592	0.00319	0.00811
24	0.01360	0.01769	0.16754	0.14747	0.20153	0.13563	0.06004	0.01730	0.01304	0.01714	0.03030	0.04769	0.01100	0.00742	0.02609	0.00200	0.03318	0.00552	0.03832	0.00750
25	0.03929	0.10850	0.30502	0.01939	0.19254	0.06477	0.04856	0.01837	0.03165	0.03600	0.02250	0.02613	0.03096	0.00614	0.00579	0.00176	0.02642	0.00502	0.00304	0.00817
26	0.01382	0.04128	0.16914	0.06166	0.11780	0.06129	0.19953	0.04258	0.04883	0.05017	0.04024	0.01932	0.08070	0.00673	0.00629	0.00185	0.02116	0.00621	0.00356	0.00785
27	0.00714	0.00525	0.00676	0.00789	0.00850	0.00487	0.00541	0.00829	0.01143	0.01499	0.03525	0.65290	0.13597	0.01837	0.02797	0.00250	0.00369	0.03271	0.00534	0.00478
28	0.01421	0.03778	0.06880	0.05246	0.26095	0.02651	0.05011	0.05465	0.15010	0.06557	0.01890	0.06416	0.05873	0.00762	0.00597	0.00186	0.00612	0.02856	0.01868	0.00826
29	0.01710	0.06129	0.04981	0.05032	0.22074	0.05670	0.01197	0.07838	0.04441	0.20268	0.07355	0.05845	0.03415	0.00742	0.00583	0.00177	0.00597	0.00632	0.00471	0.00842
30	0.01249	0.04737	0.40945	0.06703	0.09452	0.01394	0.21382	0.01800	0.01273	0.01813	0.01132	0.01496	0.00867	0.00561	0.00594	0.00187	0.00855	0.02469	0.00271	0.00819
31	0.00805	0.00746	0.04475	0.00981	0.04195	0.00625	0.03854	0.00998	0.01241	0.01643	0.11472	0.37089	0.21809	0.01645	0.05396	0.00256	0.00462	0.01267	0.00502	0.00539
32	0.07333	0.07480	0.28036	0.04320	0.09687	0.01351	0.13199	0.01931	0.05651	0.08607	0.03541	0.01662	0.01125	0.00617	0.00568	0.00184	0.00728	0.02811	0.00351	0.00817
33	0.01410	0.01374	0.02266	0.05502	0.59386	0.03530	0.06272	0.01784	0.03128	0.01884	0.03546	0.01680	0.01136	0.00586	0.00616	0.00179	0.02137	0.02403	0.00312	0.00870
34	0.00972	0.00667	0.00922	0.00898	0.01012	0.00736	0.00674	0.04262	0.01044	0.05065	0.01735	0.07209	0.01693	0.16843	0.52676	0.00758	0.01220	0.00718	0.00364	0.00531
35	0.01428	0.01325	0.02096	0.19576	0.28845	0.03781	0.11952	0.11529	0.01513	0.02064	0.05732	0.01674	0.01190	0.00603	0.00592	0.00179	0.00713	0.00572	0.03834	0.00802

[dist]
# distance from previous block
# <min> <max>
0	2

[block]
# block no. 4 follows, 40 sequences, length 11
# corresponding to MSA columns:
# 276-286
name=unknown_E
#
# <colnr> <probs for GDERKNQSTAVLIFYWHMCP>
#	G	D	E	R	K	N	Q	S	T	A	V	L	I	F	Y	W	H	M	C	P
0	0.13219	0.25532	0.29870	0.01602	0.10203	0.01642	0.06902	0.01788	0.01201	0.01818	0.00955	0.01147	0.00756	0.00526	0.00483	0.00165	0.00719	0.00407	0.00271	0.00794
1	0.01357	0.00950	0.00946	0.00850	0.01074	0.06848	0.00661	0.11752	0.05491	0.06276	0.06344	0.02374	0.07533	0.01185	0.09036	0.00244	0.00552	0.00628	0.35246	0.00654
2	0.01650	0.60727	0.07034	0.01129	0.01610	0.16558	0.01086	0.01858	0.01273	0.01406	0.00839	0.00972	0.00746	0.00520	0.00412	0.00133	0.00717	0.00330	0.00258	0.00739
3	0.01300	0.01107	0.01410	0.01039	0.01522	0.00938	0.06207	0.09517	0.01366	0.02046	0.01126	0.01340	0.00924	0.00779	0.06607	0.00172	0.00585	0.00412	0.00364	0.61237
4	0.03386	0.13638	0.37350	0.01971	0.18358	0.07163	0.05100	0.01868	0.01283	0.03225	0.01035	0.01242	0.00797	0.00541	0.00532	0.00171	0.00791	0.00440	0.00274	0.00836
5	0.01043	0.00971	0.07014	0.05113	0.01315	0.00866	0.00816	0.06857	0.11473	0.02201	0.37993	0.07525	0.06711	0.04895	0.02444	0.00223	0.00447	0.00901	0.00546	0.00645
6	0.00851	0.00678	0.00908	0.01062	0.09220	0.00637	0.00702	0.01064	0.01360	0.01812	0.24371	0.14263	0.24343	0.03457	0.04429	0.00248	0.00433	0.09082	0.00524	0.00556
7	0.01462	0.08450	0.40972	0.01980	0.18785	0.04016	0.03788	0.01950	0.01314	0.10203	0.01176	0.01340	0.00863	0.00559	0.00550	0.00176	0.00772	0.00463	0.00312	0.00870
8	0.05243	0.01809	0.28815	0.05470	0.14188	0.01208	0.13519	0.01753	0.01268	0.05692	0.01338	0.05694	0.01076	0.00629	0.00566	0.00182	0.00716	0.00572	0.09476	0.00786
9	0.00946	0.00718	0.01007	0.01249	0.11739	0.00683	0.00834	0.01153	0.01291	0.04063	0.05790	0.25880	0.17285	0.01443	0.00720	0.00226	0.00445	0.23438	0.00511	0.00579
10	0.01457	0.07748	0.05797	0.19922	0.16105	0.13891	0.03082	0.01795	0.03884	0.06806	0.02879	0.10105	0.01314	0.00726	0.00573	0.00178	0.00708	0.00620	0.00354	0.02053

[dist]
# distance from previous block
# <min> <max>
0	2

[block]
# block no. 5 follows, 40 sequences, length 17
# corresponding to MSA columns:
# 289-305
name=unknown_F
#
# <colnr> <probs for GDERKNQSTAVLIFYWHMCP>
#	G	D	E	R	K	N	Q	S	T	A	V	L	I	F	Y	W	H	M	C	P
0	0.01577	0.01473	0.01229	0.01154	0.03273	0.25121	0.00853	0.03922	0.13011	0.10565	0.08220	0.10558	0.14696	0.00969	0.00608	0.00182	0.00606	0.00785	0.00495	0.00702
1	0.01402	0.02606	0.07325	0.02215	0.27710	0.04256	0.15566	0.06599	0.04332	0.04061	0.06794	0.02036	0.08020	0.00676	0.00604	0.00177	0.00680	0.00638	0.00379	0.03921
2	0.01223	0.07895	0.01317	0.01171	0.08484	0.03817	0.02680	0.01604	0.08937	0.08481	0.28461	0.03336	0.11357	0.05013	0.00744	0.00201	0.00459	0.03625	0.00521	0.00673
3	0.01876	0.00871	0.01142	0.00959	0.01280	0.00805	0.00764	0.06609	0.01524	0.43308	0.02680	0.12697	0.10349	0.01427	0.10605	0.00287	0.00598	0.00803	0.00613	0.00801
4	0.01379	0.01307	0.02161	0.06117	0.61941	0.01345	0.01640	0.01776	0.05366	0.01871	0.01269	0.05882	0.01122	0.00628	0.00637	0.00182	0.03598	0.00590	0.00317	0.00874
5	0.01429	0.27917	0.37390	0.01484	0.02147	0.05443	0.08113	0.06512	0.01344	0.01786	0.00994	0.01164	0.00770	0.00541	0.00506	0.00163	0.00788	0.00417	0.00275	0.00815
6	0.06602	0.01138	0.06334	0.01062	0.01524	0.00931	0.00927	0.04915	0.01634	0.62773	0.04582	0.01937	0.01473	0.00715	0.00574	0.00180	0.00514	0.00574	0.00663	0.00948
7	0.01890	0.00865	0.01135	0.00931	0.01263	0.00782	0.00746	0.02220	0.06440	0.45032	0.25774	0.02885	0.05649	0.00903	0.00621	0.00183	0.00415	0.00763	0.00679	0.00825
8	0.02181	0.05627	0.01686	0.01437	0.01763	0.64960	0.01098	0.05947	0.01685	0.06943	0.01021	0.01129	0.00811	0.00609	0.00526	0.00152	0.00971	0.00395	0.00342	0.00716
9	0.01132	0.01061	0.01743	0.57847	0.11950	0.01252	0.03029	0.01566	0.04992	0.01617	0.03295	0.01857	0.04946	0.00646	0.00592	0.00191	0.00715	0.00579	0.00304	0.00684
10	0.01028	0.00556	0.00826	0.00809	0.00809	0.00590	0.00556	0.00800	0.00766	0.01036	0.00994	0.01735	0.00994	0.01953	0.02248	0.77556	0.05708	0.00505	0.00253	0.00278
11	0.01416	0.01223	0.01286	0.01160	0.01483	0.01408	0.00901	0.03000	0.71952	0.02398	0.02507	0.02306	0.04722	0.00816	0.00596	0.00197	0.00454	0.00680	0.00590	0.00903
12	0.13030	0.64985	0.06467	0.00996	0.01493	0.02113	0.01002	0.01742	0.01157	0.01566	0.00821	0.00949	0.00729	0.00506	0.00380	0.00135	0.00610	0.00318	0.00264	0.00736
13	0.07957	0.02499	0.01525	0.01399	0.01684	0.66544	0.01048	0.02175	0.01564	0.01513	0.01049	0.06337	0.00950	0.00678	0.00527	0.00158	0.00957	0.00457	0.00320	0.00657
14	0.00796	0.00631	0.00680	0.00679	0.00859	0.00575	0.00511	0.01076	0.06655	0.01770	0.13971	0.10538	0.48653	0.01364	0.00669	0.00196	0.00313	0.03401	0.06132	0.00533
15	0.00952	0.00668	0.00760	0.00731	0.00784	0.00698	0.00459	0.04621	0.05965	0.01359	0.01825	0.03452	0.01982	0.64194	0.08749	0.00550	0.00642	0.00799	0.00377	0.00436
16	0.07723	0.01296	0.01260	0.01061	0.01395	0.10329	0.00840	0.20606	0.08190	0.16811	0.02278	0.02435	0.11704	0.06169	0.00738	0.00206	0.00565	0.02849	0.02767	0.00780

[dist]
# distance from previous block
# <min> <max>
1	3

[block]
# block no. 6 follows, 40 sequences, length 11
# corresponding to MSA columns:
# 309-319
name=unknown_G
#
# <colnr> <probs for GDERKNQSTAVLIFYWHMCP>
#	G	D	E	R	K	N	Q	S	T	A	V	L	I	F	Y	W	H	M	C	P
0	0.01447	0.01201	0.02000	0.08245	0.44600	0.01182	0.06691	0.01761	0.01359	0.11348	0.01962	0.02144	0.12095	0.00689	0.00602	0.00180	0.00634	0.00644	0.00379	0.00836
1	0.01956	0.01565	0.01688	0.01353	0.01719	0.04686	0.01107	0.49984	0.12294	0.03050	0.01410	0.01469	0.01052	0.00757	0.00791	0.00189	0.12965	0.00534	0.00520	0.00911
2	0.00954	0.00542	0.00813	0.00813	0.00846	0.00575	0.00575	0.00846	0.00813	0.01117	0.01183	0.01930	0.01150	0.02758	0.25894	0.57204	0.00837	0.00542	0.00271	0.00337
3	0.11734	0.00695	0.00741	0.00710	0.00907	0.00693	0.00545	0.01481	0.03599	0.10211	0.06111	0.12411	0.08879	0.00944	0.00522	0.00173	0.00344	0.02995	0.35705	0.00601
4	0.01231	0.01140	0.01751	0.04738	0.44430	0.04030	0.01336	0.01523	0.01362	0.01883	0.14466	0.12138	0.02204	0.00862	0.00626	0.00187	0.00582	0.04356	0.00394	0.00761
5	0.01615	0.06506	0.11476	0.12355	0.14512	0.27552	0.04225	0.02104	0.10806	0.01708	0.01162	0.01362	0.00916	0.00592	0.00551	0.00170	0.00825	0.00470	0.00319	0.00775
6	0.01309	0.01118	0.01761	0.11405	0.43839	0.01160	0.01361	0.01717	0.05622	0.01951	0.01368	0.01682	0.01100	0.00582	0.00534	0.00167	0.00580	0.00532	0.21420	0.00792
7	0.01016	0.00691	0.00776	0.00741	0.00813	0.00709	0.00476	0.10228	0.01143	0.01557	0.01956	0.13054	0.02156	0.55005	0.02226	0.00448	0.00528	0.00890	0.05125	0.00460
8	0.10336	0.12396	0.01529	0.01131	0.01418	0.18630	0.05134	0.07678	0.01400	0.03158	0.01673	0.21372	0.01707	0.02793	0.00618	0.00189	0.00630	0.02984	0.02860	0.02362
9	0.00941	0.00723	0.00868	0.00944	0.05935	0.00725	0.00624	0.01274	0.10588	0.01655	0.08060	0.05431	0.19570	0.25754	0.03804	0.00336	0.00485	0.06981	0.04760	0.00543
10	0.01373	0.13475	0.33890	0.11225	0.02327	0.01475	0.03707	0.11918	0.01427	0.01992	0.01060	0.01257	0.00799	0.00551	0.00523	0.00163	0.00732	0.00434	0.00309	0.11364

[dist]
# distance from previous block
# <min> <max>
0	1

[block]
# block no. 7 follows, 40 sequences, length 8
# corresponding to MSA columns:
# 321-328
name=unknown_H
#
# <colnr> <probs for GDERKNQSTAVLIFYWHMCP>
#	G	D	E	R	K	N	Q	S	T	A	V	L	I	F	Y	W	H	M	C	P
0	0.10041	0.04287	0.23684	0.04686	0.10158	0.07275	0.04835	0.20977	0.01665	0.05336	0.01156	0.01303	0.00850	0.00593	0.00544	0.00176	0.00736	0.00466	0.00377	0.00853
1	0.01220	0.03118	0.08925	0.06973	0.08449	0.03475	0.03204	0.03177	0.05085	0.04765	0.09628	0.08553	0.05850	0.00811	0.00567	0.00168	0.00527	0.02261	0.09387	0.13857
2	0.00820	0.00599	0.00723	0.00728	0.00866	0.00530	0.00523	0.00907	0.01164	0.01517	0.07549	0.22655	0.27855	0.05732	0.01058	0.13453	0.00376	0.04368	0.00471	0.08106
3	0.01947	0.21815	0.07057	0.01262	0.01679	0.29699	0.01095	0.08798	0.01565	0.13604	0.01191	0.01280	0.00918	0.00804	0.04685	0.00196	0.00829	0.00423	0.00377	0.00776
4	0.01286	0.01224	0.02003	0.08278	0.38364	0.01322	0.06592	0.01661	0.05273	0.01833	0.08134	0.05913	0.01509	0.00748	0.00817	0.00195	0.13071	0.00647	0.00343	0.00786
5	0.01528	0.01463	0.03934	0.01685	0.02056	0.08840	0.27395	0.05797	0.05344	0.09330	0.08274	0.02062	0.01520	0.00764	0.00848	0.00201	0.13177	0.04623	0.00407	0.00755
6	0.00824	0.00555	0.00641	0.00662	0.00668	0.00549	0.00382	0.00840	0.00888	0.01185	0.02051	0.15841	0.02391	0.67150	0.02606	0.00511	0.00528	0.00975	0.00382	0.00372
7	0.29217	0.01595	0.06941	0.05733	0.05166	0.13859	0.06113	0.13280	0.01458	0.02272	0.01209	0.08408	0.01052	0.00693	0.00517	0.00181	0.00665	0.00537	0.00380	0.00722

[dist]
# distance from previous block
# <min> <max>
0	1

[block]
# block no. 8 follows, 40 sequences, length 8
# corresponding to MSA columns:
# 330-337
name=unknown_I
#
# <colnr> <probs for GDERKNQSTAVLIFYWHMCP>
#	G	D	E	R	K	N	Q	S	T	A	V	L	I	F	Y	W	H	M	C	P
0	0.01246	0.05332	0.01306	0.00886	0.01379	0.00888	0.00717	0.04478	0.01264	0.01923	0.01128	0.04504	0.00987	0.00504	0.00447	0.00098	0.00446	0.00406	0.00357	0.71702
1	0.01735	0.07808	0.26477	0.01384	0.01959	0.13744	0.01393	0.22849	0.01749	0.05964	0.01167	0.01262	0.00859	0.00595	0.00533	0.00162	0.00750	0.00439	0.00385	0.08786
2	0.01592	0.49560	0.18251	0.01196	0.01764	0.02011	0.01257	0.14867	0.01473	0.01884	0.00964	0.01079	0.00788	0.00545	0.00449	0.00146	0.00675	0.00374	0.00308	0.00814
3	0.13556	0.00805	0.00875	0.00849	0.00997	0.00848	0.00608	0.12811	0.01290	0.01917	0.02155	0.30301	0.02384	0.23530	0.01291	0.00312	0.00476	0.03982	0.00466	0.00548
4	0.14714	0.52023	0.05326	0.00930	0.01345	0.01838	0.00886	0.01605	0.01102	0.01552	0.00973	0.01382	0.00934	0.12472	0.00770	0.00202	0.00595	0.00397	0.00282	0.00672
5	0.14440	0.00856	0.01044	0.00968	0.01168	0.00983	0.00768	0.12188	0.01216	0.01904	0.01412	0.01933	0.01250	0.03189	0.53215	0.00697	0.01240	0.00558	0.00360	0.00608
6	0.01066	0.01025	0.00968	0.00950	0.03345	0.12989	0.00689	0.01256	0.01376	0.01719	0.14364	0.15508	0.23982	0.01163	0.00633	0.00179	0.00466	0.04795	0.00479	0.13047
7	0.27217	0.20218	0.23514	0.01168	0.01700	0.08004	0.01220	0.05372	0.01264	0.02040	0.02994	0.01150	0.00851	0.00565	0.00453	0.00165	0.00665	0.00383	0.00314	0.00743

[dist]
# distance from previous block
# <min> <max>
0	14

# created by:
# /home/cegg/simao/soft/augustus-3.2.1/scripts/msa2prfl.pl ./align_prep/EOG091G0Q02.fa
