[name]
unknown

[dist]
# distance from previous block
# <min> <max>
0	73

[block]
# block no. 0 follows, 52 sequences, length 30
# corresponding to MSA columns:
# 91-120
name=unknown_A
#
# <colnr> <probs for GDERKNQSTAVLIFYWHMCP>
#	G	D	E	R	K	N	Q	S	T	A	V	L	I	F	Y	W	H	M	C	P
0	0.03707	0.08588	0.04108	0.16354	0.24584	0.03840	0.01103	0.06917	0.02131	0.07190	0.01217	0.01632	0.03461	0.03559	0.00575	0.00162	0.02851	0.05268	0.00302	0.02450
1	0.11272	0.15115	0.08514	0.04232	0.16565	0.02477	0.00976	0.08307	0.04676	0.06539	0.01054	0.04301	0.00876	0.00517	0.00422	0.00134	0.00498	0.01568	0.00310	0.11646
2	0.10813	0.10124	0.12803	0.11721	0.25066	0.04315	0.01161	0.04591	0.01113	0.05021	0.04953	0.02468	0.02817	0.00521	0.00447	0.00145	0.00549	0.00431	0.00284	0.00655
3	0.03049	0.09726	0.11928	0.10996	0.39172	0.03702	0.01302	0.01534	0.04602	0.03705	0.00939	0.01154	0.00751	0.00453	0.00450	0.00140	0.00576	0.00396	0.00255	0.05169
4	0.01051	0.12879	0.46075	0.03061	0.01711	0.04012	0.01317	0.03510	0.01080	0.03227	0.04305	0.03623	0.04478	0.02009	0.00485	0.00148	0.00603	0.00432	0.00261	0.05733
5	0.02667	0.11874	0.19366	0.01419	0.15136	0.04780	0.04525	0.07117	0.02363	0.10096	0.00990	0.01113	0.00753	0.00474	0.00474	0.00134	0.03221	0.00379	0.00296	0.12825
6	0.04453	0.09423	0.14428	0.05772	0.26368	0.02494	0.16627	0.01508	0.01071	0.04719	0.00912	0.01138	0.00716	0.00447	0.00490	0.00143	0.02570	0.00416	0.00250	0.06054
7	0.02823	0.01124	0.06391	0.07549	0.34583	0.03206	0.01113	0.01497	0.07635	0.03327	0.03010	0.03032	0.00946	0.00482	0.00451	0.00131	0.00506	0.00428	0.00290	0.21474
8	0.00848	0.00706	0.00958	0.09707	0.08067	0.00638	0.00684	0.01053	0.01068	0.01538	0.17794	0.20861	0.02108	0.00785	0.00489	0.00134	0.00363	0.00696	0.00365	0.31138
9	0.00700	0.00540	0.00642	0.00599	0.00746	0.00485	0.00440	0.00894	0.03100	0.01573	0.35130	0.07768	0.23354	0.09775	0.02993	0.00201	0.00309	0.00843	0.00447	0.09460
10	0.00718	0.00509	0.00627	0.00602	0.00736	0.00464	0.00454	0.00899	0.01218	0.05189	0.42395	0.06641	0.26911	0.03027	0.05595	0.00205	0.00320	0.02555	0.00484	0.00452
11	0.01164	0.00768	0.00989	0.00781	0.01085	0.00666	0.03086	0.01354	0.01127	0.19482	0.09319	0.05672	0.13404	0.00691	0.00536	0.00129	0.05411	0.00569	0.00408	0.33361
12	0.01107	0.01047	0.01776	0.22208	0.50848	0.01099	0.04495	0.03461	0.01093	0.01515	0.01018	0.06267	0.00889	0.00515	0.00493	0.00152	0.00584	0.00496	0.00254	0.00685
13	0.01561	0.01542	0.01339	0.01248	0.07094	0.27291	0.00913	0.21252	0.28879	0.01978	0.01294	0.01298	0.00985	0.00571	0.00472	0.00145	0.00595	0.00435	0.00393	0.00714
14	0.01629	0.00795	0.00991	0.00798	0.01115	0.00726	0.00641	0.03783	0.10599	0.44440	0.03835	0.04435	0.06053	0.00653	0.00472	0.00142	0.00371	0.00538	0.07761	0.10222
15	0.01551	0.00828	0.01075	0.00970	0.06002	0.00808	0.00724	0.09512	0.09147	0.37227	0.12151	0.02030	0.05647	0.00992	0.08853	0.00217	0.00491	0.00567	0.00504	0.00705
16	0.09561	0.50749	0.22805	0.01003	0.01489	0.01601	0.04121	0.01474	0.00985	0.01361	0.00737	0.00864	0.00615	0.00430	0.00359	0.00124	0.00568	0.00298	0.00217	0.00638
17	0.00782	0.00996	0.18936	0.03848	0.01246	0.00660	0.05604	0.01032	0.01050	0.03696	0.12637	0.34604	0.09105	0.01093	0.02269	0.00186	0.00442	0.00919	0.00384	0.00511
18	0.01144	0.01307	0.02859	0.02042	0.02533	0.01225	0.78186	0.01552	0.01144	0.01552	0.00980	0.01307	0.00735	0.00408	0.00572	0.00163	0.00817	0.00572	0.00245	0.00654
19	0.00984	0.00931	0.01578	0.62753	0.21853	0.01095	0.01380	0.01298	0.01001	0.01322	0.00873	0.01270	0.00675	0.00472	0.00483	0.00157	0.00629	0.00431	0.00221	0.00594
20	0.00741	0.00493	0.00667	0.03006	0.00862	0.00476	0.00545	0.00866	0.00982	0.06425	0.02561	0.51403	0.07033	0.03858	0.05643	0.00239	0.00392	0.12939	0.00436	0.00434
21	0.01164	0.01148	0.02024	0.07880	0.58802	0.01180	0.12103	0.01458	0.01076	0.01528	0.00899	0.01211	0.00746	0.00460	0.00569	0.00152	0.06191	0.00451	0.00237	0.00721
22	0.00595	0.00433	0.00567	0.00663	0.00706	0.00405	0.00450	0.00690	0.00946	0.01254	0.04570	0.71415	0.09167	0.01569	0.03888	0.00217	0.00319	0.01303	0.00444	0.00398
23	0.01000	0.07259	0.66239	0.01304	0.01942	0.03701	0.02868	0.01493	0.01040	0.01488	0.01067	0.01291	0.03772	0.00516	0.00463	0.00152	0.00684	0.02811	0.00224	0.00684
24	0.01107	0.01057	0.01800	0.28619	0.55024	0.01127	0.01441	0.01406	0.01060	0.01471	0.00895	0.01230	0.00728	0.00449	0.00481	0.00150	0.00599	0.00431	0.00232	0.00693
25	0.00590	0.00422	0.00562	0.00675	0.00703	0.00394	0.00450	0.00675	0.00928	0.01237	0.02671	0.82653	0.03205	0.01518	0.00619	0.00197	0.00281	0.01378	0.00450	0.00394
26	0.00775	0.00553	0.00774	0.00885	0.00994	0.00552	0.00770	0.00993	0.01109	0.01443	0.02569	0.07980	0.02802	0.01345	0.00668	0.00222	0.00441	0.74232	0.00446	0.00445
27	0.01220	0.01164	0.06265	0.22124	0.45388	0.03319	0.03232	0.01521	0.01100	0.08579	0.00984	0.01246	0.00763	0.00463	0.00482	0.00149	0.00601	0.00432	0.00265	0.00705
28	0.01757	0.10616	0.01493	0.01205	0.01472	0.72907	0.00925	0.01885	0.01333	0.01181	0.00741	0.00864	0.00624	0.00491	0.00424	0.00123	0.00837	0.00307	0.00245	0.00568
29	0.00999	0.00822	0.00966	0.00706	0.01098	0.00629	0.00558	0.01205	0.01020	0.03304	0.05346	0.01264	0.00992	0.04141	0.00469	0.00096	0.00358	0.00344	0.00308	0.75374

[dist]
# distance from previous block
# <min> <max>
0	10

[block]
# block no. 1 follows, 52 sequences, length 14
# corresponding to MSA columns:
# 131-144
name=unknown_B
#
# <colnr> <probs for GDERKNQSTAVLIFYWHMCP>
#	G	D	E	R	K	N	Q	S	T	A	V	L	I	F	Y	W	H	M	C	P
0	0.01193	0.57675	0.27227	0.01004	0.01514	0.01667	0.01134	0.01478	0.00997	0.01265	0.00736	0.00855	0.00619	0.00429	0.00358	0.00119	0.00581	0.00290	0.00206	0.00652
1	0.01169	0.01120	0.01911	0.11531	0.71631	0.01143	0.01472	0.01460	0.01089	0.01546	0.00906	0.01209	0.00754	0.00438	0.00480	0.00146	0.00583	0.00432	0.00237	0.00743
2	0.01079	0.01019	0.07151	0.00838	0.01223	0.04256	0.01853	0.01388	0.06341	0.06291	0.03414	0.06985	0.01127	0.00534	0.00423	0.00108	0.00414	0.02535	0.00334	0.52685
3	0.00906	0.00547	0.00700	0.00632	0.00795	0.00491	0.00484	0.01112	0.01334	0.14312	0.56003	0.03464	0.15408	0.00964	0.00558	0.00154	0.00260	0.00837	0.00531	0.00508
4	0.00856	0.00810	0.05490	0.02135	0.01071	0.00694	0.02175	0.01047	0.01009	0.02655	0.09072	0.06491	0.16132	0.06112	0.04259	0.00189	0.09279	0.03320	0.00343	0.26861
5	0.00581	0.00484	0.00507	0.00516	0.00663	0.00410	0.00381	0.00706	0.01103	0.01339	0.09010	0.12166	0.67987	0.01242	0.00577	0.00166	0.00248	0.01049	0.00455	0.00410
6	0.01058	0.00860	0.01010	0.00724	0.01152	0.00649	0.00581	0.01272	0.01022	0.05168	0.00909	0.01034	0.00740	0.00370	0.00365	0.00075	0.00361	0.00296	0.00301	0.82051
7	0.01100	0.18535	0.56580	0.01352	0.06905	0.01269	0.01535	0.01548	0.01035	0.04643	0.00875	0.01011	0.00649	0.00455	0.00433	0.00143	0.00655	0.00348	0.00223	0.00705
8	0.03575	0.00936	0.03067	0.33766	0.18381	0.00994	0.02783	0.02798	0.04516	0.01527	0.08727	0.01714	0.01222	0.00576	0.00512	0.00154	0.02245	0.04867	0.00291	0.07347
9	0.01135	0.01051	0.01235	0.04656	0.15498	0.08678	0.00845	0.06595	0.01141	0.01589	0.01121	0.05430	0.02338	0.00542	0.00469	0.00118	0.02733	0.04221	0.00302	0.40302
10	0.01210	0.01189	0.01802	0.10775	0.50363	0.07311	0.06258	0.04541	0.01164	0.01585	0.03658	0.01263	0.00874	0.00462	0.00479	0.00142	0.00595	0.00439	0.00261	0.05628
11	0.04565	0.15820	0.47077	0.01270	0.04397	0.04485	0.03146	0.06179	0.01125	0.04815	0.02331	0.01060	0.00729	0.00474	0.00436	0.00143	0.00641	0.00363	0.00252	0.00693
12	0.01008	0.03550	0.01326	0.16750	0.27853	0.00874	0.00984	0.01145	0.03617	0.01238	0.00903	0.01322	0.00791	0.00921	0.01007	0.32614	0.00516	0.00422	0.00233	0.02923
13	0.06459	0.09662	0.01550	0.01495	0.21329	0.14443	0.00984	0.13700	0.06742	0.17264	0.01156	0.01204	0.00858	0.00514	0.00448	0.00140	0.00556	0.00404	0.00368	0.00725

[dist]
# distance from previous block
# <min> <max>
2	3

[block]
# block no. 2 follows, 52 sequences, length 11
# corresponding to MSA columns:
# 151-161
name=unknown_C
#
# <colnr> <probs for GDERKNQSTAVLIFYWHMCP>
#	G	D	E	R	K	N	Q	S	T	A	V	L	I	F	Y	W	H	M	C	P
0	0.01343	0.11237	0.07542	0.03010	0.06854	0.01021	0.02395	0.08654	0.03494	0.18405	0.05647	0.06614	0.01207	0.00597	0.00506	0.00137	0.04317	0.00483	0.00377	0.16163
1	0.01192	0.00770	0.00938	0.00732	0.01063	0.00643	0.00582	0.01467	0.05777	0.19337	0.17467	0.01919	0.05722	0.00604	0.00450	0.00116	0.00340	0.00506	0.00428	0.39946
2	0.01062	0.00875	0.01059	0.00838	0.05156	0.00674	0.00626	0.01280	0.01025	0.04757	0.00906	0.01041	0.00740	0.00372	0.00370	0.00079	0.00372	0.00303	0.00297	0.78167
3	0.01123	0.20177	0.53461	0.01221	0.01824	0.01334	0.01464	0.07625	0.04615	0.01590	0.00899	0.01015	0.00671	0.00469	0.00431	0.00142	0.00643	0.00351	0.00240	0.00706
4	0.00705	0.00470	0.00529	0.00529	0.00529	0.00470	0.00294	0.00705	0.00705	0.00940	0.01527	0.03171	0.01762	0.82969	0.02467	0.00470	0.00470	0.00705	0.00294	0.00294
5	0.00749	0.00605	0.00756	0.00801	0.06911	0.03143	0.00543	0.00967	0.01319	0.01816	0.62163	0.03464	0.13002	0.00959	0.00560	0.00152	0.00279	0.00841	0.00491	0.00479
6	0.00915	0.00861	0.01453	0.81804	0.03338	0.01077	0.01346	0.01238	0.00969	0.01238	0.00861	0.01292	0.00646	0.00484	0.00484	0.00161	0.00646	0.00431	0.00215	0.00538
7	0.01456	0.23338	0.06693	0.01055	0.01338	0.42294	0.00884	0.01600	0.01143	0.01164	0.00834	0.01159	0.00770	0.11099	0.00701	0.00168	0.03154	0.00355	0.00240	0.00552
8	0.00679	0.00497	0.00648	0.00615	0.00730	0.00466	0.00463	0.00896	0.01308	0.01839	0.68745	0.03554	0.09177	0.01212	0.06839	0.00202	0.00313	0.00858	0.00507	0.00452
9	0.00785	0.00548	0.00770	0.00874	0.00978	0.00548	0.00756	0.00978	0.01082	0.01408	0.02445	0.05186	0.02652	0.01363	0.00755	0.06238	0.00444	0.71331	0.00430	0.00430
10	0.86392	0.00937	0.00712	0.00637	0.00937	0.01087	0.00525	0.01425	0.00825	0.02174	0.00675	0.00787	0.00525	0.00450	0.00300	0.00150	0.00375	0.00262	0.00300	0.00525

[dist]
# distance from previous block
# <min> <max>
0	1

[block]
# block no. 3 follows, 52 sequences, length 84
# corresponding to MSA columns:
# 163-196,200-207,209-250
name=unknown_D
#
# <colnr> <probs for GDERKNQSTAVLIFYWHMCP>
#	G	D	E	R	K	N	Q	S	T	A	V	L	I	F	Y	W	H	M	C	P
0	0.01842	0.01357	0.01454	0.01115	0.01503	0.01503	0.00921	0.78330	0.02278	0.03054	0.01163	0.01163	0.00824	0.00582	0.00485	0.00145	0.00533	0.00436	0.00485	0.00824
1	0.01842	0.01357	0.01454	0.01115	0.01503	0.01503	0.00921	0.78330	0.02278	0.03054	0.01163	0.01163	0.00824	0.00582	0.00485	0.00145	0.00533	0.00436	0.00485	0.00824
2	0.02174	0.00825	0.01125	0.00862	0.01237	0.00712	0.00712	0.02362	0.01387	0.80282	0.01912	0.01649	0.01200	0.00600	0.00487	0.00150	0.00412	0.00487	0.00600	0.00825
3	0.86392	0.00937	0.00712	0.00637	0.00937	0.01087	0.00525	0.01425	0.00825	0.02174	0.00675	0.00787	0.00525	0.00450	0.00300	0.00150	0.00375	0.00262	0.00300	0.00525
4	0.02174	0.00825	0.01125	0.00862	0.01237	0.00712	0.00712	0.02362	0.01387	0.80282	0.01912	0.01649	0.01200	0.00600	0.00487	0.00150	0.00412	0.00487	0.00600	0.00825
5	0.86392	0.00937	0.00712	0.00637	0.00937	0.01087	0.00525	0.01425	0.00825	0.02174	0.00675	0.00787	0.00525	0.00450	0.00300	0.00150	0.00375	0.00262	0.00300	0.00525
6	0.01842	0.01357	0.01454	0.01115	0.01503	0.01503	0.00921	0.78330	0.02278	0.03054	0.01163	0.01163	0.00824	0.00582	0.00485	0.00145	0.00533	0.00436	0.00485	0.00824
7	0.82676	0.01005	0.04182	0.00670	0.00988	0.01089	0.00580	0.01429	0.00833	0.02146	0.00683	0.00797	0.00529	0.00450	0.00307	0.00150	0.00390	0.00267	0.00296	0.00533
8	0.00972	0.05486	0.74027	0.01327	0.02005	0.01126	0.01696	0.01505	0.01037	0.01537	0.04291	0.01127	0.00786	0.00482	0.00460	0.00152	0.00687	0.00377	0.00219	0.00701
9	0.00705	0.00470	0.00529	0.00529	0.00529	0.00470	0.00294	0.00705	0.00705	0.00940	0.01527	0.03171	0.01762	0.82969	0.02467	0.00470	0.00470	0.00705	0.00294	0.00294
10	0.01060	0.01060	0.01484	0.01272	0.01272	0.01484	0.01060	0.01166	0.00742	0.01166	0.00636	0.01060	0.00636	0.00848	0.01590	0.00212	0.82082	0.00424	0.00212	0.00530
11	0.00686	0.00495	0.00648	0.00610	0.00724	0.00457	0.00457	0.00914	0.01372	0.01943	0.79691	0.03620	0.04572	0.00991	0.00572	0.00152	0.00229	0.00876	0.00533	0.00457
12	0.00692	0.00519	0.00779	0.00779	0.00865	0.00606	0.00606	0.00865	0.00779	0.01125	0.01298	0.01904	0.01211	0.03634	0.81049	0.00779	0.01298	0.00519	0.00260	0.00433
13	0.00915	0.00861	0.01453	0.81804	0.03338	0.01077	0.01346	0.01238	0.00969	0.01238	0.00861	0.01292	0.00646	0.00484	0.00484	0.00161	0.00646	0.00431	0.00215	0.00538
14	0.13745	0.01044	0.01410	0.01195	0.01267	0.01395	0.03756	0.01251	0.00786	0.03489	0.00689	0.01045	0.00639	0.00766	0.01332	0.00199	0.64806	0.00407	0.00237	0.00542
15	0.00658	0.00485	0.00616	0.00685	0.00751	0.00469	0.00476	0.03457	0.03133	0.01350	0.05658	0.63503	0.09943	0.01522	0.04641	0.00219	0.00339	0.01228	0.00446	0.00425
16	0.00915	0.00861	0.01453	0.81804	0.03338	0.01077	0.01346	0.01238	0.00969	0.01238	0.00861	0.01292	0.00646	0.00484	0.00484	0.00161	0.00646	0.00431	0.00215	0.00538
17	0.00925	0.00872	0.01472	0.78959	0.06103	0.01079	0.01351	0.01247	0.00974	0.01251	0.00863	0.01289	0.00650	0.00483	0.00484	0.00161	0.00643	0.00431	0.00216	0.00547
18	0.01025	0.00969	0.01641	0.45002	0.35570	0.01088	0.01373	0.01327	0.01017	0.01379	0.00902	0.01280	0.00722	0.00599	0.03987	0.00181	0.00645	0.00435	0.00228	0.00631
19	0.00972	0.02507	0.80458	0.01381	0.02097	0.01125	0.01790	0.01535	0.01023	0.01535	0.00870	0.01023	0.00614	0.00460	0.00460	0.00153	0.00716	0.00358	0.00205	0.00716
20	0.00836	0.00705	0.00848	0.00825	0.00935	0.07516	0.00636	0.04318	0.00897	0.01213	0.01286	0.03908	0.01209	0.05058	0.66700	0.00673	0.01182	0.00525	0.00274	0.00456
21	0.01664	0.01058	0.01557	0.01189	0.01550	0.08128	0.21783	0.03155	0.01298	0.40384	0.04483	0.01802	0.04603	0.02732	0.00568	0.00162	0.00555	0.02178	0.00449	0.00701
22	0.00915	0.00861	0.01453	0.81804	0.03338	0.01077	0.01346	0.01238	0.00969	0.01238	0.00861	0.01292	0.00646	0.00484	0.00484	0.00161	0.00646	0.00431	0.00215	0.00538
23	0.01108	0.01275	0.04376	0.01939	0.02404	0.01170	0.71033	0.01501	0.01133	0.01537	0.01094	0.04290	0.00893	0.00482	0.00575	0.00167	0.00783	0.03343	0.00259	0.00638
24	0.01209	0.22502	0.10355	0.06218	0.43509	0.01334	0.01305	0.01519	0.03029	0.03365	0.00894	0.01103	0.00736	0.00443	0.00435	0.00136	0.00571	0.00384	0.00242	0.00714
25	0.00768	0.00581	0.00747	0.00726	0.00767	0.02257	0.01947	0.00828	0.00780	0.01058	0.01472	0.08651	0.01608	0.39620	0.18992	0.06338	0.07446	0.04757	0.00292	0.00366
26	0.00681	0.00566	0.00618	0.00665	0.00793	0.03509	0.00519	0.00825	0.01086	0.01331	0.03696	0.18774	0.41544	0.01283	0.00603	0.00185	0.00332	0.22128	0.00441	0.00422
27	0.01203	0.26087	0.14901	0.05051	0.08928	0.04442	0.26121	0.03731	0.02428	0.01452	0.00873	0.01080	0.00692	0.00437	0.00455	0.00140	0.00669	0.00411	0.00237	0.00663
28	0.01143	0.01716	0.39667	0.10451	0.09059	0.02688	0.05509	0.01604	0.04900	0.10820	0.03055	0.01353	0.02409	0.00603	0.02789	0.00172	0.00648	0.00438	0.00287	0.00689
29	0.01041	0.01071	0.06741	0.04864	0.33866	0.00998	0.10893	0.01405	0.06014	0.01560	0.04800	0.04491	0.01430	0.00694	0.00566	0.00168	0.02670	0.15769	0.00313	0.00647
30	0.16235	0.01077	0.03432	0.00928	0.01298	0.01072	0.00782	0.26628	0.06366	0.35125	0.01436	0.01339	0.00965	0.00568	0.00454	0.00149	0.00452	0.00433	0.00494	0.00767
31	0.01034	0.04841	0.43340	0.06806	0.17094	0.01126	0.01485	0.01437	0.01026	0.03109	0.04060	0.02674	0.00883	0.01920	0.00591	0.00161	0.07072	0.00426	0.00240	0.00675
32	0.01197	0.01186	0.04056	0.12980	0.58682	0.03156	0.05909	0.02708	0.01117	0.03026	0.00927	0.01213	0.00751	0.00445	0.00484	0.00147	0.00606	0.00436	0.00247	0.00727
33	0.01099	0.11193	0.42399	0.01527	0.04291	0.01248	0.22631	0.01535	0.01052	0.03629	0.00897	0.01097	0.00670	0.00461	0.00525	0.00153	0.04266	0.00414	0.00228	0.00685
34	0.01184	0.06256	0.10586	0.12774	0.22910	0.08250	0.05212	0.06873	0.05822	0.03183	0.01232	0.08662	0.02322	0.00602	0.00488	0.00152	0.00585	0.01953	0.00298	0.00656
35	0.00807	0.00666	0.02873	0.02429	0.07260	0.01945	0.03925	0.03615	0.01040	0.04268	0.02354	0.55854	0.05685	0.01237	0.00587	0.00184	0.00373	0.03998	0.00417	0.00482
36	0.01282	0.63002	0.11779	0.03061	0.01455	0.07838	0.03077	0.01495	0.01023	0.01205	0.00716	0.00842	0.00625	0.00428	0.00350	0.00114	0.00581	0.00288	0.00211	0.00627
37	0.01225	0.22940	0.34026	0.06050	0.01804	0.06003	0.06547	0.01576	0.01076	0.09529	0.00999	0.03146	0.00787	0.00504	0.00440	0.00142	0.00630	0.01647	0.00262	0.00666
38	0.01146	0.16236	0.55013	0.02597	0.01879	0.01227	0.02894	0.01617	0.02944	0.08706	0.00960	0.01067	0.00693	0.00470	0.00440	0.00145	0.00647	0.00363	0.00249	0.00707
39	0.00694	0.00496	0.00669	0.00672	0.00721	0.00543	0.00472	0.00793	0.00754	0.01053	0.01440	0.05242	0.01507	0.36121	0.45990	0.00632	0.00923	0.00625	0.00280	0.00374
40	0.01043	0.01124	0.04024	0.08950	0.07575	0.01198	0.32218	0.01319	0.00991	0.01385	0.01127	0.04638	0.04012	0.00653	0.00865	0.00179	0.25130	0.02729	0.00253	0.00590
41	0.01135	0.06485	0.13103	0.16971	0.23948	0.03663	0.09299	0.01467	0.02754	0.05748	0.01116	0.04140	0.00947	0.00569	0.00515	0.01569	0.00607	0.05038	0.00273	0.00651
42	0.01150	0.01101	0.01877	0.16715	0.66593	0.01138	0.01463	0.01444	0.01080	0.01523	0.00903	0.01216	0.00746	0.00441	0.00481	0.00147	0.00588	0.00432	0.00236	0.00728
43	0.00621	0.00474	0.00630	0.00666	0.00750	0.00432	0.02663	0.00749	0.01051	0.01392	0.17430	0.50574	0.18107	0.01332	0.00600	0.00181	0.00280	0.01193	0.00460	0.00416
44	0.02946	0.07811	0.56236	0.01300	0.03586	0.01134	0.03701	0.04463	0.01099	0.06949	0.01072	0.01309	0.01935	0.00519	0.00464	0.00153	0.00648	0.03715	0.00261	0.00700
45	0.01158	0.08598	0.37135	0.08557	0.07710	0.02745	0.14883	0.04231	0.01117	0.06412	0.00979	0.01211	0.00733	0.00477	0.00477	0.00151	0.00674	0.01809	0.00255	0.00688
46	0.01697	0.04969	0.01396	0.01271	0.04861	0.68846	0.00929	0.01875	0.04143	0.01237	0.00956	0.01062	0.03666	0.00527	0.00442	0.00128	0.00807	0.00351	0.00264	0.00574
47	0.01161	0.01076	0.01896	0.24151	0.46236	0.01120	0.10619	0.01468	0.01085	0.05120	0.00952	0.01258	0.00751	0.00451	0.00492	0.00151	0.00616	0.00451	0.00250	0.00694
48	0.01095	0.01029	0.04657	0.22502	0.26278	0.01018	0.12012	0.01420	0.03159	0.06880	0.03343	0.04217	0.05150	0.00588	0.00530	0.00159	0.01921	0.03104	0.00296	0.00641
49	0.01350	0.02242	0.07292	0.01141	0.09229	0.00798	0.06470	0.02803	0.06225	0.29182	0.02104	0.16228	0.09947	0.00801	0.00524	0.00162	0.00443	0.01950	0.00447	0.00664
50	0.02004	0.00970	0.07594	0.00903	0.01296	0.00772	0.00797	0.03705	0.04076	0.67682	0.01806	0.01599	0.01155	0.00589	0.00482	0.00150	0.00434	0.00477	0.02706	0.00804
51	0.00996	0.10062	0.71371	0.01312	0.01987	0.01185	0.01671	0.01513	0.01027	0.01507	0.02584	0.01057	0.00702	0.00468	0.00449	0.00149	0.00687	0.00360	0.00212	0.00702
52	0.01033	0.11463	0.62182	0.01381	0.03882	0.01224	0.06129	0.01565	0.03992	0.01511	0.00897	0.01046	0.00659	0.00459	0.00452	0.00149	0.00684	0.00368	0.00219	0.00705
53	0.01056	0.00964	0.01668	0.36399	0.28038	0.01038	0.09331	0.01352	0.01061	0.04765	0.02452	0.03996	0.04683	0.00540	0.00502	0.00156	0.00594	0.00513	0.00267	0.00626
54	0.01242	0.01033	0.01097	0.00981	0.01259	0.01187	0.00765	0.02567	0.76121	0.04999	0.01970	0.01802	0.01469	0.00655	0.00493	0.00164	0.00385	0.00546	0.00497	0.00769
55	0.02152	0.00881	0.01144	0.00882	0.01254	0.02646	0.00726	0.05412	0.01423	0.75297	0.01854	0.01611	0.01171	0.00597	0.00486	0.00149	0.00428	0.00481	0.00587	0.00818
56	0.01199	0.01151	0.01967	0.02974	0.79946	0.01151	0.01487	0.01487	0.01103	0.01583	0.00912	0.01199	0.00768	0.00432	0.00480	0.00144	0.00576	0.00432	0.00240	0.00768
57	0.01116	0.01066	0.01816	0.26123	0.57450	0.01129	0.01446	0.01414	0.01064	0.01482	0.00897	0.01227	0.00732	0.00447	0.00481	0.00149	0.00596	0.00431	0.00233	0.00700
58	0.00922	0.00869	0.01466	0.79852	0.05235	0.01079	0.01349	0.01244	0.00972	0.01247	0.00863	0.01290	0.00649	0.00483	0.00484	0.00161	0.00644	0.00431	0.00216	0.00544
59	0.01770	0.01039	0.04229	0.03257	0.17508	0.05365	0.04056	0.01996	0.01275	0.48357	0.01575	0.05009	0.01113	0.00584	0.00491	0.00150	0.00499	0.00502	0.00462	0.00762
60	0.01199	0.01151	0.01967	0.02974	0.79946	0.01151	0.01487	0.01487	0.01103	0.01583	0.00912	0.01199	0.00768	0.00432	0.00480	0.00144	0.00576	0.00432	0.00240	0.00768
61	0.00956	0.00883	0.01454	0.78277	0.03257	0.01095	0.01327	0.04608	0.01026	0.01318	0.00875	0.01286	0.00654	0.00489	0.00485	0.00161	0.00641	0.00431	0.00227	0.00551
62	0.00815	0.02265	0.07422	0.04720	0.04276	0.00752	0.20866	0.01042	0.01003	0.01356	0.01915	0.46088	0.02113	0.01042	0.00579	0.00180	0.00487	0.02211	0.00356	0.00511
63	0.01156	0.01090	0.01846	0.11197	0.68378	0.01113	0.01422	0.01445	0.01085	0.01556	0.00935	0.01236	0.00775	0.00443	0.00474	0.00144	0.00568	0.00433	0.03971	0.00730
64	0.01004	0.00925	0.01546	0.07521	0.49701	0.00928	0.03033	0.01244	0.01063	0.01489	0.04793	0.21672	0.01534	0.00731	0.00521	0.00159	0.00497	0.00691	0.00304	0.00643
65	0.01199	0.01151	0.01967	0.02974	0.79946	0.01151	0.01487	0.01487	0.01103	0.01583	0.00912	0.01199	0.00768	0.00432	0.00480	0.00144	0.00576	0.00432	0.00240	0.00768
66	0.01126	0.02893	0.18826	0.02748	0.06408	0.01086	0.41011	0.01508	0.01111	0.07002	0.01202	0.07383	0.01009	0.00556	0.00539	0.00163	0.00692	0.03799	0.00283	0.00655
67	0.02588	0.01250	0.01698	0.08418	0.49345	0.13663	0.02548	0.01465	0.01105	0.01461	0.01008	0.06357	0.00916	0.00549	0.00533	0.00150	0.04171	0.01846	0.00256	0.00672
68	0.01155	0.01016	0.01612	0.03178	0.32650	0.04446	0.12365	0.02835	0.03365	0.06697	0.01442	0.08319	0.01357	0.02786	0.00605	0.01362	0.00559	0.13284	0.00328	0.00641
69	0.01057	0.01089	0.05158	0.02184	0.44727	0.02961	0.11834	0.01325	0.01077	0.01491	0.01338	0.17979	0.01328	0.00688	0.00526	0.00160	0.00557	0.03574	0.00290	0.00656
70	0.02433	0.05549	0.05623	0.02604	0.14132	0.07074	0.10230	0.01415	0.03905	0.09415	0.03824	0.13932	0.04979	0.00796	0.00544	0.00165	0.01703	0.10716	0.00358	0.00601
71	0.01572	0.01051	0.01444	0.03173	0.29000	0.06955	0.02127	0.01793	0.01203	0.31676	0.01373	0.01430	0.02475	0.00543	0.00531	0.00145	0.04884	0.00452	0.04116	0.04056
72	0.05931	0.01067	0.02772	0.07888	0.53645	0.02500	0.02690	0.01390	0.01063	0.02950	0.01174	0.04358	0.04315	0.04121	0.00565	0.00162	0.00545	0.00492	0.00268	0.02106
73	0.03765	0.01107	0.04591	0.06248	0.53085	0.03313	0.02626	0.01374	0.01078	0.01543	0.04479	0.06992	0.01108	0.03042	0.00544	0.00157	0.00545	0.00511	0.00270	0.03622
74	0.04119	0.04077	0.03504	0.10654	0.23843	0.04066	0.04822	0.05834	0.02485	0.11294	0.01481	0.10175	0.03388	0.00689	0.00506	0.00159	0.00525	0.07387	0.00346	0.00646
75	0.04204	0.04809	0.03783	0.02197	0.48669	0.08149	0.03052	0.01533	0.04950	0.01555	0.00954	0.02636	0.00808	0.00470	0.00477	0.00138	0.02159	0.00418	0.00261	0.08778
76	0.02583	0.03953	0.07994	0.01689	0.27874	0.05831	0.05890	0.05755	0.07114	0.02879	0.02560	0.11726	0.01212	0.01637	0.00510	0.00151	0.00530	0.01678	0.00316	0.08117
77	0.06693	0.07900	0.27207	0.04146	0.19522	0.02484	0.03670	0.05325	0.04251	0.01624	0.02215	0.06068	0.02404	0.00545	0.00458	0.00147	0.00571	0.00459	0.00274	0.04036
78	0.06144	0.06468	0.06490	0.01479	0.13940	0.06228	0.14690	0.10232	0.06043	0.13133	0.01169	0.02943	0.00900	0.00656	0.04014	0.00175	0.01962	0.00460	0.00341	0.02531
79	0.04421	0.06523	0.10916	0.01455	0.16649	0.12001	0.05658	0.04294	0.07993	0.17049	0.02304	0.02833	0.00977	0.00668	0.03989	0.00173	0.00608	0.00447	0.00347	0.00696
80	0.02474	0.06824	0.18392	0.01702	0.26513	0.07390	0.02509	0.08721	0.08090	0.04412	0.01197	0.01315	0.04244	0.00514	0.00462	0.00143	0.00577	0.00429	0.00300	0.03792
81	0.08765	0.04008	0.20022	0.01358	0.11038	0.07449	0.07541	0.06418	0.09254	0.01690	0.02282	0.04920	0.02292	0.00578	0.00486	0.00150	0.01943	0.03117	0.00306	0.06383
82	0.02857	0.06881	0.17785	0.01378	0.12701	0.04479	0.05574	0.12818	0.06958	0.07901	0.04777	0.02827	0.01024	0.00541	0.00492	0.00143	0.02590	0.00446	0.00335	0.07493
83	0.03854	0.11520	0.27235	0.01281	0.09584	0.06606	0.01173	0.12485	0.01254	0.06382	0.05719	0.04789	0.01054	0.00571	0.00487	0.00146	0.02908	0.00446	0.01829	0.00676

[dist]
# distance from previous block
# <min> <max>
0	216

# created by:
# /home/cegg/simao/soft/augustus-3.2.1/scripts/msa2prfl.pl ./align_prep/EOG091G0ZLQ.fa
