[name]
unknown

[dist]
# distance from previous block
# <min> <max>
0	53

[block]
# block no. 0 follows, 38 sequences, length 69
# corresponding to MSA columns:
# 74-142
name=unknown_A
#
# <colnr> <probs for GDERKNQSTAVLIFYWHMCP>
#	G	D	E	R	K	N	Q	S	T	A	V	L	I	F	Y	W	H	M	C	P
0	0.01378	0.01542	0.03328	0.02403	0.02973	0.01447	0.66894	0.01866	0.01429	0.01939	0.04044	0.01969	0.01208	0.00588	0.00716	0.00206	0.00966	0.03986	0.00329	0.00790
1	0.00739	0.00553	0.00690	0.00795	0.00876	0.00503	0.00554	0.00864	0.01217	0.01570	0.03987	0.57227	0.21243	0.01786	0.00757	0.00236	0.00348	0.05000	0.00558	0.00497
2	0.01640	0.75479	0.03081	0.01055	0.01559	0.06009	0.01036	0.01831	0.01246	0.01418	0.00841	0.00971	0.00772	0.00520	0.00394	0.00130	0.00665	0.00325	0.00260	0.00768
3	0.02662	0.01083	0.01433	0.01098	0.01565	0.00972	0.00907	0.09222	0.01821	0.69092	0.02290	0.01993	0.01447	0.00743	0.00605	0.00186	0.00525	0.00599	0.00732	0.01024
4	0.04751	0.00689	0.00844	0.00888	0.03686	0.00660	0.00611	0.01199	0.03878	0.05653	0.21441	0.22750	0.18281	0.08424	0.03284	0.00265	0.00416	0.01154	0.00553	0.00571
5	0.01248	0.05321	0.40688	0.01716	0.02360	0.01371	0.17470	0.03990	0.01294	0.01850	0.01256	0.03982	0.01034	0.04759	0.06729	0.00274	0.02980	0.00580	0.00297	0.00799
6	0.00740	0.00526	0.00696	0.00829	0.00863	0.00493	0.00549	0.00839	0.01139	0.01519	0.03250	0.75010	0.03896	0.05454	0.00874	0.00260	0.00360	0.01671	0.00549	0.00483
7	0.01791	0.57407	0.02739	0.01178	0.01634	0.23539	0.01067	0.01973	0.01360	0.01432	0.00863	0.00999	0.00773	0.00545	0.00431	0.00136	0.00769	0.00340	0.00272	0.00751
8	0.08329	0.07202	0.04148	0.05386	0.23211	0.12745	0.04163	0.09632	0.08994	0.05567	0.04020	0.01563	0.01173	0.00636	0.00566	0.00178	0.00710	0.00525	0.00399	0.00853
9	0.01720	0.09095	0.43373	0.01480	0.02192	0.01326	0.04161	0.02221	0.01414	0.25098	0.01471	0.01501	0.00998	0.00619	0.00571	0.00184	0.00753	0.00494	0.00411	0.00919
10	0.00755	0.00575	0.00654	0.00702	0.00834	0.00509	0.00501	0.00908	0.01309	0.01690	0.10048	0.32294	0.38877	0.01583	0.00714	0.00213	0.00318	0.01374	0.05633	0.00509
11	0.01097	0.01450	0.22313	0.01168	0.01528	0.01013	0.01144	0.01620	0.10830	0.03991	0.08837	0.09690	0.04914	0.08020	0.16426	0.00391	0.03680	0.00773	0.00419	0.00694
12	0.04476	0.05266	0.07833	0.14711	0.15402	0.09058	0.25182	0.01835	0.01335	0.01790	0.01106	0.01478	0.00877	0.00711	0.03422	0.00218	0.03665	0.00558	0.00294	0.00783
13	0.00868	0.00612	0.00764	0.00797	0.00922	0.00565	0.00579	0.01034	0.01353	0.05371	0.18597	0.36434	0.22850	0.01574	0.00761	0.00221	0.02002	0.03574	0.00582	0.00542
14	0.00785	0.00572	0.00703	0.00753	0.00834	0.00530	0.00514	0.00920	0.01259	0.01674	0.18756	0.35147	0.16108	0.15979	0.01173	0.00289	0.00375	0.02597	0.00544	0.00487
15	0.01200	0.01024	0.01760	0.20480	0.22630	0.01076	0.07963	0.01410	0.01191	0.01617	0.04056	0.05753	0.01382	0.01081	0.01067	0.20590	0.00674	0.04082	0.00321	0.00642
16	0.01932	0.09303	0.08655	0.05276	0.05628	0.11594	0.05743	0.28031	0.08087	0.07837	0.01389	0.01467	0.01024	0.00656	0.00578	0.00178	0.00742	0.00517	0.00460	0.00904
17	0.01452	0.01648	0.03097	0.05231	0.08236	0.08048	0.55185	0.01896	0.01431	0.01860	0.01419	0.01769	0.04523	0.00572	0.00683	0.00197	0.00956	0.00690	0.00315	0.00792
18	0.01057	0.00672	0.00827	0.00830	0.00945	0.00654	0.00580	0.01286	0.07069	0.08748	0.08914	0.26579	0.07496	0.23442	0.01444	0.03385	0.00450	0.04553	0.00523	0.00545
19	0.01586	0.04136	0.01706	0.05908	0.01840	0.13350	0.09006	0.13189	0.13854	0.04368	0.01783	0.11699	0.01612	0.03915	0.02848	0.00235	0.04497	0.03249	0.00456	0.00765
20	0.01643	0.02115	0.21953	0.06090	0.02421	0.12562	0.17497	0.12913	0.05162	0.04862	0.01256	0.01460	0.00932	0.00634	0.00677	0.00191	0.04753	0.00539	0.01498	0.00843
21	0.01477	0.00991	0.00975	0.00867	0.01124	0.07444	0.00672	0.08685	0.05126	0.13298	0.05758	0.05731	0.17685	0.00953	0.00574	0.00175	0.00441	0.00775	0.26554	0.00693
22	0.03475	0.00757	0.00849	0.00811	0.00947	0.00770	0.00562	0.07369	0.06480	0.03947	0.05348	0.15447	0.13393	0.32890	0.04022	0.00385	0.00519	0.01000	0.00484	0.00546
23	0.01413	0.01394	0.02411	0.16995	0.23909	0.01508	0.20351	0.04541	0.08394	0.01933	0.01241	0.01597	0.00982	0.00637	0.00793	0.00202	0.09947	0.00595	0.00331	0.00828
24	0.12342	0.01041	0.03465	0.01050	0.01233	0.04773	0.00844	0.02410	0.01124	0.08170	0.03327	0.04958	0.01491	0.11793	0.25300	0.00497	0.13071	0.00637	0.01856	0.00618
25	0.03406	0.00695	0.00844	0.00831	0.00930	0.00689	0.02654	0.06399	0.01196	0.01632	0.02697	0.30807	0.09045	0.31735	0.01625	0.00363	0.00482	0.01160	0.02312	0.00498
26	0.07709	0.01330	0.04492	0.03543	0.22362	0.01200	0.03295	0.08105	0.04153	0.06923	0.01242	0.01421	0.00969	0.00547	0.00528	0.00150	0.00589	0.00467	0.00390	0.30584
27	0.01255	0.00991	0.01160	0.00880	0.01327	0.00790	0.00697	0.04314	0.01379	0.05436	0.07943	0.04795	0.08217	0.00688	0.00518	0.00122	0.00427	0.00570	0.00436	0.58056
28	0.52723	0.01312	0.03339	0.03724	0.01452	0.05955	0.03316	0.07184	0.01270	0.04442	0.03329	0.01397	0.03236	0.00701	0.00545	0.04002	0.00556	0.00439	0.00396	0.00681
29	0.00935	0.00724	0.00952	0.01097	0.07890	0.00721	0.00697	0.03767	0.03980	0.01737	0.10556	0.34324	0.10731	0.13001	0.04790	0.00310	0.01503	0.01215	0.00505	0.00566
30	0.00829	0.00648	0.00885	0.00923	0.01006	0.00648	0.03232	0.01017	0.03882	0.01594	0.05624	0.54196	0.09076	0.06128	0.03330	0.00279	0.04215	0.01441	0.00522	0.00525
31	0.01840	0.08905	0.01668	0.01337	0.06123	0.10202	0.03667	0.10812	0.12594	0.19392	0.07168	0.04609	0.07414	0.00825	0.00601	0.00182	0.00600	0.00676	0.00538	0.00848
32	0.01382	0.01318	0.01902	0.20724	0.29808	0.04989	0.01453	0.04227	0.01338	0.01842	0.01275	0.01611	0.03827	0.00632	0.00695	0.00176	0.07463	0.00527	0.00319	0.14490
33	0.00898	0.00588	0.00737	0.00739	0.00817	0.00571	0.00504	0.00919	0.01043	0.02663	0.05189	0.08617	0.19232	0.23084	0.11616	0.20432	0.00610	0.00911	0.00409	0.00423
34	0.05117	0.02319	0.41285	0.04399	0.02546	0.01443	0.18280	0.06966	0.01382	0.02034	0.01196	0.04258	0.00934	0.00641	0.00674	0.00198	0.04621	0.00562	0.00309	0.00836
35	0.01316	0.01131	0.01249	0.00926	0.01425	0.04493	0.00733	0.01569	0.01280	0.04125	0.01206	0.04844	0.01046	0.00530	0.00470	0.00102	0.00474	0.00428	0.00375	0.72279
36	0.01207	0.03112	0.75741	0.01715	0.02604	0.01397	0.02223	0.01905	0.01270	0.01905	0.01080	0.01270	0.00762	0.00572	0.00572	0.00191	0.00889	0.00445	0.00254	0.00889
37	0.00746	0.00579	0.00680	0.00723	0.00851	0.00512	0.00516	0.00906	0.01354	0.01744	0.18320	0.32522	0.35193	0.01601	0.00732	0.00216	0.00317	0.01398	0.00579	0.00512
38	0.05674	0.24254	0.11363	0.03601	0.18423	0.16333	0.04061	0.06363	0.01452	0.01842	0.01008	0.01213	0.00828	0.00564	0.00516	0.00163	0.00785	0.00431	0.00305	0.00821
39	0.01883	0.00899	0.01181	0.01015	0.01304	0.00857	0.00789	0.02189	0.07476	0.40949	0.04983	0.20384	0.02264	0.06116	0.00874	0.00231	0.04248	0.00904	0.00638	0.00814
40	0.04029	0.00674	0.00791	0.00809	0.00926	0.00657	0.00563	0.06008	0.01293	0.04502	0.06998	0.38683	0.11284	0.15748	0.01135	0.00287	0.00413	0.01258	0.03404	0.00538
41	0.00770	0.00570	0.00721	0.00805	0.00887	0.00531	0.00557	0.00952	0.03247	0.01714	0.15031	0.54923	0.13660	0.01703	0.00747	0.00229	0.00336	0.01524	0.00576	0.00516
42	0.01433	0.01453	0.02276	0.15988	0.24144	0.09891	0.19400	0.01740	0.01315	0.01722	0.01127	0.01552	0.00919	0.00731	0.00830	0.08878	0.02550	0.00562	0.02744	0.00745
43	0.01145	0.00846	0.00970	0.00930	0.01106	0.00874	0.00682	0.16379	0.06534	0.02093	0.03945	0.35018	0.11586	0.08349	0.03506	0.00273	0.00479	0.01177	0.03480	0.00631
44	0.01262	0.00669	0.00868	0.00845	0.01002	0.00608	0.00604	0.01384	0.01289	0.20100	0.06561	0.36198	0.09132	0.12226	0.01097	0.03354	0.00422	0.01204	0.00572	0.00603
45	0.00747	0.00564	0.00691	0.00758	0.00860	0.00508	0.00531	0.00896	0.01309	0.01711	0.16318	0.44981	0.24608	0.01669	0.00742	0.00223	0.00325	0.01478	0.00576	0.00508
46	0.01061	0.00589	0.00833	0.00824	0.00857	0.00602	0.00564	0.04350	0.00930	0.01248	0.01325	0.08467	0.01366	0.05033	0.06757	0.63313	0.00584	0.00646	0.00311	0.00339
47	0.01356	0.01313	0.01769	0.19810	0.24729	0.09910	0.03929	0.05093	0.01405	0.01811	0.06085	0.07335	0.04264	0.07631	0.00835	0.00224	0.00708	0.00697	0.00363	0.00731
48	0.08249	0.00907	0.00856	0.00843	0.00940	0.09602	0.00572	0.01172	0.01083	0.01490	0.06344	0.12104	0.02225	0.38675	0.12004	0.00484	0.00724	0.00851	0.00395	0.00480
49	0.02009	0.01541	0.01651	0.01310	0.01757	0.01700	0.01065	0.49836	0.21899	0.03334	0.01691	0.01648	0.01234	0.00730	0.00595	0.00181	0.00598	0.00567	0.00589	0.06062
50	0.00835	0.00600	0.00727	0.00742	0.00885	0.00535	0.00539	0.01018	0.01425	0.04507	0.27390	0.27120	0.28456	0.01509	0.00724	0.00210	0.00319	0.01320	0.00599	0.00540
51	0.14240	0.01082	0.07444	0.10218	0.06914	0.01027	0.03160	0.01461	0.01136	0.04447	0.01620	0.04462	0.04196	0.06960	0.20832	0.00422	0.02525	0.00621	0.06586	0.00646
52	0.04661	0.01410	0.01807	0.07948	0.21999	0.01558	0.01296	0.24536	0.18797	0.02622	0.01537	0.01714	0.01193	0.03139	0.00712	0.00202	0.02910	0.00574	0.00469	0.00914
53	0.09611	0.04391	0.01878	0.07752	0.11885	0.18156	0.06143	0.10723	0.06049	0.03665	0.03837	0.01492	0.01091	0.00691	0.00735	0.00188	0.10027	0.00517	0.00380	0.00789
54	0.06933	0.05500	0.05285	0.01567	0.11574	0.17603	0.01141	0.19882	0.01724	0.04835	0.01300	0.01551	0.01045	0.03189	0.09053	0.00269	0.00833	0.00502	0.05412	0.00801
55	0.02357	0.01274	0.01548	0.05911	0.01791	0.01297	0.01016	0.31420	0.02119	0.38056	0.01893	0.01783	0.01259	0.00724	0.00594	0.00182	0.00580	0.00573	0.04644	0.00979
56	0.01476	0.01258	0.01334	0.01206	0.01532	0.01446	0.00934	0.05452	0.67051	0.02499	0.02468	0.06947	0.01941	0.00879	0.00621	0.00206	0.00475	0.00739	0.00608	0.00926
57	0.00890	0.00601	0.00713	0.00693	0.00752	0.00580	0.00440	0.00989	0.01167	0.02730	0.25069	0.04148	0.05813	0.50434	0.02199	0.00439	0.00478	0.00952	0.00471	0.00444
58	0.78092	0.01196	0.00941	0.00828	0.01207	0.01382	0.00682	0.06195	0.01136	0.02767	0.00875	0.01006	0.00675	0.00569	0.00387	0.00186	0.00478	0.00339	0.00387	0.00675
59	0.01409	0.01591	0.03376	0.02438	0.02985	0.01554	0.65627	0.01878	0.01369	0.01878	0.01174	0.01591	0.00900	0.00563	0.00839	0.00209	0.08832	0.00691	0.00300	0.00796
60	0.01604	0.01531	0.04101	0.07244	0.15086	0.01484	0.38475	0.10168	0.04694	0.07465	0.01353	0.01629	0.01004	0.00574	0.00657	0.00195	0.00848	0.00636	0.00379	0.00873
61	0.00769	0.00560	0.00731	0.00847	0.00919	0.00523	0.00605	0.00911	0.01233	0.01624	0.06997	0.57345	0.11460	0.01785	0.00768	0.00242	0.00370	0.11245	0.00563	0.00503
62	0.00737	0.00527	0.00703	0.00843	0.00880	0.00493	0.00566	0.00845	0.01156	0.01541	0.03313	0.77088	0.03969	0.01880	0.00769	0.00245	0.00353	0.03043	0.00558	0.00490
63	0.13112	0.07426	0.01588	0.01254	0.01583	0.27598	0.00997	0.17163	0.01743	0.04541	0.07671	0.05270	0.01422	0.00771	0.00633	0.00178	0.05317	0.00549	0.00431	0.00752
64	0.00728	0.00571	0.00660	0.00725	0.00849	0.00503	0.00514	0.00863	0.01277	0.01601	0.05991	0.39134	0.39917	0.01686	0.00739	0.00223	0.00329	0.02629	0.00560	0.00501
65	0.01574	0.01477	0.06781	0.13400	0.27486	0.01452	0.11081	0.08261	0.06461	0.08399	0.01331	0.01594	0.01015	0.00635	0.00713	0.00194	0.06323	0.00569	0.00376	0.00879
66	0.00861	0.00638	0.00932	0.00932	0.01027	0.00733	0.00709	0.01052	0.00956	0.01371	0.01643	0.02540	0.01581	0.12849	0.68242	0.00924	0.01496	0.00670	0.00327	0.00518
67	0.04868	0.08342	0.08008	0.07165	0.20256	0.01519	0.03607	0.20659	0.02711	0.04564	0.01555	0.04576	0.03894	0.00738	0.00622	0.00188	0.02406	0.03042	0.00417	0.00862
68	0.10707	0.09099	0.09143	0.01571	0.08293	0.34251	0.01234	0.10096	0.01625	0.04162	0.01050	0.01192	0.00829	0.00600	0.00523	0.00163	0.00838	0.00416	0.00353	0.03855

[dist]
# distance from previous block
# <min> <max>
2	13

[block]
# block no. 1 follows, 38 sequences, length 25
# corresponding to MSA columns:
# 176-200
name=unknown_B
#
# <colnr> <probs for GDERKNQSTAVLIFYWHMCP>
#	G	D	E	R	K	N	Q	S	T	A	V	L	I	F	Y	W	H	M	C	P
0	0.04497	0.01710	0.01818	0.13721	0.09127	0.20919	0.05150	0.13081	0.02609	0.10351	0.01248	0.01434	0.00941	0.00644	0.00645	0.00177	0.04756	0.00498	0.00403	0.06271
1	0.01394	0.01404	0.02426	0.09922	0.33919	0.04094	0.21553	0.01829	0.05163	0.01859	0.01356	0.05291	0.01178	0.05028	0.00774	0.00214	0.00784	0.00661	0.00330	0.00822
2	0.01415	0.01011	0.01526	0.04734	0.26864	0.01001	0.01130	0.06474	0.01425	0.12172	0.05091	0.25240	0.02156	0.01116	0.00761	0.05184	0.00544	0.00927	0.00473	0.00757
3	0.01022	0.00758	0.01134	0.03523	0.11124	0.00739	0.03418	0.01208	0.01270	0.04977	0.12737	0.26964	0.08874	0.03198	0.07680	0.05944	0.00558	0.01074	0.03204	0.00594
4	0.02547	0.00670	0.00875	0.00860	0.01004	0.00629	0.00620	0.03262	0.01247	0.16050	0.02654	0.36299	0.06617	0.01576	0.01040	0.17610	0.00422	0.01110	0.04339	0.00567
5	0.01035	0.00791	0.01088	0.01040	0.01112	0.00933	0.00791	0.01173	0.01043	0.05321	0.02059	0.21366	0.04490	0.12072	0.23410	0.00498	0.19889	0.00929	0.00402	0.00558
6	0.01613	0.00826	0.01081	0.00954	0.01199	0.00799	0.00735	0.06062	0.01401	0.29051	0.02402	0.10907	0.05768	0.13994	0.17499	0.00428	0.00744	0.03277	0.00548	0.00714
7	0.00997	0.00617	0.00755	0.00765	0.00902	0.00561	0.00544	0.01153	0.01320	0.09665	0.13681	0.31457	0.19110	0.08976	0.00928	0.00247	0.00366	0.01247	0.06153	0.00555
8	0.00974	0.00622	0.00752	0.00785	0.00896	0.00592	0.00548	0.03587	0.01249	0.06145	0.03179	0.39641	0.13014	0.11411	0.03228	0.00284	0.00422	0.01258	0.10875	0.00537
9	0.06028	0.01180	0.01212	0.01084	0.01389	0.04313	0.00838	0.07572	0.37253	0.04506	0.06799	0.08440	0.06467	0.03830	0.00705	0.00210	0.00487	0.02019	0.00561	0.05108
10	0.01080	0.00862	0.00905	0.00828	0.01032	0.04977	0.00624	0.06853	0.04829	0.04155	0.34049	0.04249	0.25330	0.06551	0.00847	0.00218	0.00400	0.01015	0.00586	0.00608
11	0.45416	0.00951	0.00864	0.00812	0.01085	0.01040	0.00633	0.04826	0.01224	0.04743	0.05119	0.18268	0.06478	0.00958	0.00515	0.00197	0.00422	0.00751	0.05070	0.00628
12	0.15185	0.01001	0.03512	0.00941	0.01252	0.00914	0.00751	0.06320	0.04363	0.04835	0.01964	0.23308	0.02007	0.05408	0.00721	0.00206	0.00470	0.05076	0.00467	0.21300
13	0.04107	0.11761	0.02162	0.11567	0.28144	0.01441	0.05399	0.06171	0.02408	0.06933	0.01191	0.01432	0.00941	0.00555	0.00546	0.00163	0.00663	0.00489	0.00353	0.13573
14	0.00923	0.00603	0.00904	0.00904	0.00975	0.00674	0.00674	0.00975	0.00904	0.01277	0.01418	0.02181	0.01347	0.03686	0.51193	0.28774	0.01240	0.00603	0.00301	0.00443
15	0.00876	0.00606	0.00757	0.00805	0.00909	0.00567	0.00562	0.01076	0.04029	0.04975	0.15619	0.44537	0.13434	0.07228	0.00904	0.00250	0.00361	0.01397	0.00572	0.00537
16	0.03767	0.04522	0.14048	0.19548	0.24148	0.01510	0.08490	0.06064	0.01351	0.01917	0.01084	0.01439	0.00857	0.00614	0.00721	0.00194	0.08077	0.00523	0.00300	0.00825
17	0.01458	0.15036	0.39300	0.01642	0.04514	0.04145	0.06035	0.09073	0.05251	0.02009	0.01137	0.01314	0.00863	0.00614	0.00634	0.00183	0.05144	0.00468	0.00315	0.00865
18	0.01197	0.01125	0.01733	0.48019	0.16321	0.04535	0.01487	0.01515	0.01225	0.01582	0.01322	0.09096	0.01195	0.03714	0.00762	0.02792	0.00738	0.00655	0.00306	0.00679
19	0.04609	0.03722	0.05890	0.01119	0.04073	0.01075	0.00893	0.18645	0.01638	0.11544	0.02241	0.16633	0.07502	0.01188	0.03257	0.05200	0.00549	0.00812	0.08671	0.00739
20	0.01263	0.01436	0.16262	0.05347	0.01818	0.01201	0.06694	0.05857	0.01340	0.06732	0.09064	0.07271	0.06743	0.02686	0.08517	0.00294	0.15624	0.00734	0.00404	0.00715
21	0.03812	0.26558	0.07128	0.08547	0.03819	0.06682	0.03760	0.06067	0.05701	0.01719	0.01294	0.04572	0.01192	0.11157	0.03139	0.00249	0.02994	0.00552	0.00338	0.00719
22	0.01084	0.00979	0.05630	0.17027	0.01809	0.00929	0.00968	0.08514	0.04785	0.01907	0.09203	0.28322	0.06591	0.01249	0.00767	0.04845	0.00519	0.01025	0.00472	0.03374
23	0.08051	0.01061	0.01199	0.01275	0.10206	0.05837	0.00824	0.10673	0.01418	0.07173	0.04089	0.20372	0.02100	0.18715	0.01175	0.00283	0.00558	0.00880	0.00466	0.03646
24	0.01497	0.01181	0.01337	0.12197	0.01809	0.06285	0.00958	0.09268	0.16616	0.09543	0.01976	0.12819	0.02998	0.03440	0.03447	0.00225	0.00607	0.00733	0.00490	0.12574

[dist]
# distance from previous block
# <min> <max>
1	19

[block]
# block no. 2 follows, 38 sequences, length 47
# corresponding to MSA columns:
# 220-266
name=unknown_C
#
# <colnr> <probs for GDERKNQSTAVLIFYWHMCP>
#	G	D	E	R	K	N	Q	S	T	A	V	L	I	F	Y	W	H	M	C	P
0	0.05488	0.07348	0.12350	0.06850	0.04297	0.01435	0.09998	0.11867	0.09065	0.02196	0.06558	0.01900	0.04393	0.00813	0.01883	0.01529	0.06257	0.00600	0.02836	0.02336
1	0.06172	0.01149	0.01674	0.13283	0.24891	0.01263	0.01269	0.07206	0.02755	0.04183	0.04391	0.04705	0.06518	0.02989	0.00939	0.05575	0.09266	0.00650	0.00378	0.00744
2	0.03507	0.00706	0.00866	0.00837	0.01006	0.00680	0.00617	0.01388	0.06363	0.10920	0.22062	0.21348	0.12096	0.08680	0.04707	0.00281	0.00447	0.02305	0.00577	0.00606
3	0.01447	0.01413	0.04897	0.11278	0.27947	0.04106	0.10691	0.04957	0.03863	0.04838	0.01591	0.01877	0.06792	0.00749	0.00808	0.02881	0.08092	0.00614	0.00352	0.00809
4	0.07375	0.01520	0.03771	0.09827	0.16098	0.11819	0.09064	0.09016	0.06869	0.02028	0.01440	0.01727	0.03548	0.01158	0.10587	0.00289	0.02146	0.00567	0.00367	0.00781
5	0.01302	0.00747	0.00917	0.00856	0.01044	0.00734	0.00635	0.01623	0.08638	0.16741	0.07367	0.13154	0.08127	0.16482	0.08294	0.00346	0.00551	0.02794	0.09009	0.00641
6	0.00982	0.00717	0.00842	0.00840	0.01014	0.00685	0.00629	0.06182	0.05465	0.04713	0.13409	0.28408	0.26308	0.01485	0.00720	0.00217	0.00375	0.05830	0.00585	0.00593
7	0.01651	0.07945	0.13963	0.10157	0.04799	0.12802	0.09118	0.12491	0.09075	0.05071	0.01385	0.01700	0.01093	0.03511	0.00680	0.00199	0.00786	0.02361	0.00391	0.00824
8	0.04473	0.00829	0.01205	0.06185	0.06729	0.00891	0.04408	0.01226	0.03215	0.02742	0.03507	0.09795	0.07867	0.10961	0.08526	0.19021	0.06740	0.00776	0.00370	0.00535
9	0.09436	0.00708	0.00791	0.00768	0.00968	0.00667	0.00575	0.01266	0.03609	0.08566	0.19116	0.19801	0.28832	0.01346	0.00675	0.00206	0.00350	0.01148	0.00580	0.00591
10	0.02989	0.08725	0.30067	0.01317	0.01838	0.01361	0.01397	0.09863	0.03689	0.08212	0.07997	0.03188	0.02450	0.03277	0.02178	0.00216	0.06596	0.00581	0.03250	0.00809
11	0.21306	0.01657	0.01286	0.02499	0.03872	0.26382	0.00913	0.06492	0.07371	0.02066	0.04292	0.05112	0.07059	0.03886	0.00651	0.00200	0.00685	0.03160	0.00420	0.00690
12	0.07531	0.00831	0.00963	0.00873	0.01096	0.00822	0.00655	0.08967	0.02979	0.16293	0.10138	0.19597	0.06936	0.10701	0.00926	0.00245	0.00437	0.00945	0.08396	0.00670
13	0.01226	0.00737	0.00987	0.00914	0.01111	0.00687	0.03304	0.01473	0.04764	0.16833	0.12367	0.27103	0.13350	0.07805	0.04237	0.00276	0.00473	0.01141	0.00577	0.00637
14	0.01377	0.01282	0.01945	0.06264	0.39493	0.03646	0.03938	0.05281	0.06126	0.01995	0.06108	0.12640	0.01715	0.00829	0.00700	0.00196	0.04501	0.00748	0.00390	0.00825
15	0.00955	0.00615	0.00755	0.00768	0.00910	0.00553	0.00552	0.01117	0.01356	0.08853	0.16842	0.32633	0.22973	0.05068	0.00822	0.00230	0.00350	0.01303	0.02787	0.00556
16	0.14564	0.00805	0.00927	0.00879	0.01086	0.00800	0.00649	0.05444	0.01321	0.17554	0.02410	0.34663	0.02464	0.09124	0.00878	0.00249	0.00440	0.01054	0.04039	0.00649
17	0.10396	0.04917	0.09889	0.01467	0.04754	0.20149	0.01228	0.31060	0.04861	0.03877	0.01235	0.01314	0.00922	0.00652	0.00552	0.00175	0.00763	0.00469	0.00446	0.00875
18	0.00859	0.00580	0.00718	0.00768	0.00849	0.00537	0.00518	0.00971	0.01204	0.04821	0.10465	0.41347	0.13854	0.18186	0.01237	0.00303	0.00393	0.01358	0.00535	0.00496
19	0.00737	0.00572	0.00666	0.00722	0.00843	0.00507	0.00509	0.00877	0.01295	0.01647	0.10928	0.36970	0.36548	0.03338	0.00787	0.00228	0.00328	0.01435	0.00564	0.00502
20	0.02123	0.02615	0.01629	0.01484	0.01781	0.66222	0.01112	0.02389	0.07853	0.01540	0.01066	0.01221	0.00879	0.00710	0.00639	0.04282	0.01005	0.00419	0.00333	0.00697
21	0.00942	0.00658	0.00764	0.00769	0.00819	0.00673	0.00490	0.03904	0.04683	0.01431	0.02185	0.16397	0.02454	0.54071	0.04276	0.00490	0.00567	0.03550	0.00425	0.00453
22	0.00913	0.00604	0.00750	0.00810	0.00883	0.00578	0.00544	0.03592	0.01193	0.04643	0.02989	0.51163	0.06439	0.17701	0.01216	0.00304	0.00411	0.01389	0.03368	0.00508
23	0.00994	0.00778	0.01092	0.13973	0.09370	0.00776	0.00857	0.01216	0.01338	0.04988	0.15241	0.15913	0.22280	0.07470	0.00874	0.00234	0.00468	0.01047	0.00491	0.00601
24	0.00875	0.00583	0.00656	0.00656	0.00656	0.00583	0.00365	0.00875	0.00875	0.01166	0.01895	0.03937	0.02187	0.78858	0.03062	0.00583	0.00583	0.00875	0.00365	0.00365
25	0.00739	0.00535	0.00701	0.00830	0.00881	0.00497	0.00565	0.00853	0.01175	0.01551	0.03511	0.70796	0.09054	0.01851	0.00766	0.00242	0.00353	0.04047	0.00558	0.00492
26	0.01342	0.01379	0.02393	0.22484	0.15922	0.03813	0.23309	0.01751	0.03648	0.01750	0.01220	0.04745	0.01026	0.00686	0.00834	0.00207	0.11781	0.00636	0.00308	0.00764
27	0.05040	0.01399	0.04794	0.24801	0.12935	0.04840	0.07546	0.10613	0.11030	0.02094	0.01433	0.05464	0.01170	0.00825	0.03246	0.00221	0.00755	0.00613	0.00384	0.00798
28	0.83108	0.01163	0.00884	0.00791	0.01163	0.01350	0.00651	0.01768	0.01024	0.02699	0.00838	0.00977	0.00651	0.00558	0.00372	0.00186	0.00465	0.00326	0.00372	0.00651
29	0.04745	0.01245	0.01700	0.22510	0.16610	0.05044	0.04101	0.06367	0.12785	0.02034	0.06541	0.05077	0.04094	0.00900	0.03487	0.00223	0.00694	0.00663	0.00407	0.00773
30	0.01201	0.00988	0.01594	0.03509	0.10973	0.01049	0.11438	0.04360	0.01182	0.04877	0.01545	0.03787	0.01457	0.19045	0.24665	0.00522	0.06112	0.00694	0.00355	0.00645
31	0.01512	0.01108	0.01425	0.01031	0.01558	0.00880	0.05233	0.03110	0.01364	0.13892	0.01296	0.01404	0.00992	0.00503	0.00491	0.00114	0.00496	0.00422	0.00421	0.62749
32	0.01606	0.01348	0.01568	0.10097	0.04328	0.04289	0.03579	0.14008	0.39075	0.05198	0.04142	0.04794	0.01664	0.00798	0.00618	0.00197	0.00584	0.00673	0.00543	0.00891
33	0.00763	0.00550	0.00711	0.00803	0.00859	0.00520	0.00542	0.00882	0.01179	0.01577	0.09795	0.55468	0.08476	0.09848	0.04785	0.00308	0.00427	0.01485	0.00536	0.00487
34	0.04391	0.00855	0.00970	0.00908	0.01126	0.00878	0.00682	0.04033	0.20092	0.05739	0.21547	0.16990	0.12083	0.04623	0.00772	0.00220	0.00394	0.01024	0.00590	0.02083
35	0.01268	0.17581	0.50261	0.01516	0.02204	0.01577	0.01811	0.01788	0.01211	0.01736	0.01048	0.01294	0.00820	0.00887	0.06198	0.00241	0.07035	0.00442	0.00260	0.00822
36	0.01155	0.00943	0.01495	0.47304	0.06575	0.01109	0.01293	0.01466	0.01170	0.04617	0.01353	0.02049	0.01145	0.11471	0.08465	0.00322	0.00800	0.00596	0.06034	0.00636
37	0.00896	0.00594	0.00723	0.00760	0.00885	0.00537	0.00538	0.01049	0.01309	0.06478	0.12541	0.38065	0.22654	0.04601	0.00806	0.00230	0.00345	0.01349	0.05102	0.00537
38	0.00843	0.00573	0.00746	0.00845	0.00911	0.00541	0.00574	0.01004	0.03333	0.04526	0.06058	0.66278	0.04959	0.04693	0.00841	0.00251	0.00365	0.01573	0.00564	0.00522
39	0.61933	0.01250	0.01156	0.11110	0.05896	0.04384	0.00890	0.03870	0.01148	0.02486	0.00907	0.01108	0.00705	0.00570	0.00429	0.00186	0.00555	0.00374	0.00358	0.00684
40	0.00805	0.00584	0.00688	0.00731	0.00856	0.00518	0.00516	0.00927	0.01273	0.03771	0.08555	0.34206	0.35075	0.04374	0.00878	0.03473	0.00346	0.01371	0.00552	0.00504
41	0.01510	0.08741	0.10443	0.21624	0.08678	0.06144	0.09054	0.06352	0.06855	0.06785	0.01295	0.01566	0.00989	0.00816	0.04421	0.00226	0.02807	0.00536	0.00355	0.00804
42	0.01694	0.01279	0.01572	0.01275	0.01633	0.04999	0.06087	0.18987	0.04627	0.12319	0.04572	0.04936	0.01561	0.01075	0.05683	0.00237	0.07776	0.05758	0.00496	0.13434
43	0.01079	0.01008	0.05430	0.07572	0.04514	0.00912	0.06679	0.06537	0.04326	0.02274	0.40433	0.03551	0.11176	0.01033	0.00677	0.00192	0.00474	0.00917	0.00546	0.00670
44	0.01511	0.01108	0.01217	0.01028	0.01284	0.03475	0.00775	0.26910	0.01683	0.04976	0.01677	0.05459	0.01580	0.26272	0.11905	0.00414	0.00747	0.00693	0.00463	0.06823
45	0.01435	0.06280	0.01364	0.01045	0.01368	0.01208	0.03627	0.22988	0.10175	0.02456	0.02738	0.10961	0.16842	0.00993	0.00606	0.00184	0.00489	0.00826	0.10992	0.03424
46	0.01525	0.11648	0.04594	0.21266	0.15508	0.01512	0.02573	0.07514	0.12433	0.07565	0.04442	0.01716	0.01253	0.00669	0.00624	0.00186	0.03179	0.00557	0.00402	0.00836

[dist]
# distance from previous block
# <min> <max>
0	2

[block]
# block no. 3 follows, 38 sequences, length 9
# corresponding to MSA columns:
# 269-277
name=unknown_D
#
# <colnr> <probs for GDERKNQSTAVLIFYWHMCP>
#	G	D	E	R	K	N	Q	S	T	A	V	L	I	F	Y	W	H	M	C	P
0	0.09316	0.01576	0.02159	0.01686	0.02102	0.13115	0.27466	0.02206	0.14363	0.07738	0.07140	0.01830	0.01440	0.00685	0.00687	0.00195	0.04447	0.00630	0.00426	0.00794
1	0.15275	0.02946	0.01837	0.16979	0.10224	0.09504	0.11406	0.05945	0.01450	0.08959	0.04555	0.01808	0.05233	0.00672	0.00578	0.00187	0.00709	0.00576	0.00395	0.00763
2	0.01210	0.01148	0.07894	0.14291	0.01919	0.00945	0.03302	0.04687	0.01430	0.05772	0.12271	0.02740	0.11233	0.00834	0.00601	0.00170	0.00544	0.04825	0.00442	0.23743
3	0.01177	0.07974	0.01865	0.66977	0.03749	0.01392	0.01554	0.01554	0.01207	0.01560	0.01091	0.01578	0.00835	0.00598	0.00574	0.00191	0.00763	0.00517	0.04173	0.00672
4	0.01514	0.14489	0.12212	0.01536	0.02000	0.08029	0.16249	0.08296	0.06317	0.03682	0.01525	0.08348	0.03233	0.00760	0.00692	0.00187	0.06292	0.00641	0.00376	0.03623
5	0.00900	0.00701	0.00794	0.00764	0.00924	0.00681	0.00553	0.01289	0.11709	0.01941	0.28432	0.07210	0.25574	0.14583	0.01101	0.00265	0.00371	0.01072	0.00569	0.00566
6	0.51475	0.12492	0.06722	0.00985	0.01420	0.04807	0.00888	0.05803	0.04283	0.04981	0.01013	0.01117	0.00781	0.00582	0.00427	0.00177	0.00561	0.00373	0.00380	0.00734
7	0.01072	0.00696	0.00888	0.00849	0.00950	0.00733	0.00596	0.05136	0.01093	0.06772	0.01878	0.07068	0.01920	0.37877	0.29162	0.00653	0.00942	0.00798	0.00400	0.00518
8	0.01702	0.01990	0.23631	0.01966	0.14906	0.01560	0.07719	0.24670	0.05706	0.05724	0.01337	0.01481	0.00981	0.00644	0.00646	0.00189	0.03255	0.00536	0.00417	0.00938

[dist]
# distance from previous block
# <min> <max>
0	1

[block]
# block no. 4 follows, 38 sequences, length 13
# corresponding to MSA columns:
# 279-291
name=unknown_E
#
# <colnr> <probs for GDERKNQSTAVLIFYWHMCP>
#	G	D	E	R	K	N	Q	S	T	A	V	L	I	F	Y	W	H	M	C	P
0	0.00907	0.00627	0.00870	0.00981	0.01080	0.00615	0.00791	0.01090	0.01293	0.01709	0.08546	0.24496	0.03538	0.01726	0.00949	0.08003	0.00478	0.41257	0.00536	0.00511
1	0.01839	0.03982	0.01545	0.01331	0.01673	0.27276	0.01036	0.06986	0.37923	0.05170	0.01839	0.01880	0.01424	0.00755	0.00587	0.00185	0.00705	0.02506	0.00502	0.00856
2	0.01136	0.01069	0.01804	0.77412	0.04143	0.01337	0.01671	0.01537	0.01203	0.01537	0.01069	0.01604	0.00802	0.00601	0.00601	0.00200	0.00802	0.00535	0.00267	0.00668
3	0.01207	0.03112	0.75741	0.01715	0.02604	0.01397	0.02223	0.01905	0.01270	0.01905	0.01080	0.01270	0.00762	0.00572	0.00572	0.00191	0.00889	0.00445	0.00254	0.00889
4	0.00732	0.00529	0.00692	0.00823	0.00869	0.00490	0.00552	0.00839	0.01166	0.01542	0.03497	0.73722	0.08605	0.01861	0.00764	0.00242	0.00346	0.01681	0.00558	0.00490
5	0.00736	0.00540	0.00691	0.00803	0.00866	0.00495	0.00545	0.00855	0.01208	0.01590	0.07123	0.64993	0.13740	0.01804	0.00757	0.00236	0.00340	0.01620	0.00563	0.00495
6	0.01045	0.00522	0.00784	0.00784	0.00784	0.00522	0.00522	0.00784	0.00784	0.01045	0.01045	0.01829	0.01045	0.02090	0.02351	0.82497	0.00522	0.00522	0.00261	0.00261
7	0.07602	0.01437	0.01698	0.01460	0.01572	0.09212	0.01199	0.01774	0.04955	0.07282	0.01017	0.01373	0.00887	0.00936	0.01534	0.00238	0.54275	0.00512	0.00331	0.00705
8	0.69716	0.01361	0.01027	0.00905	0.01279	0.08457	0.00735	0.06928	0.01217	0.02662	0.00890	0.01021	0.00690	0.00576	0.00405	0.00183	0.00538	0.00347	0.00383	0.00682
9	0.00849	0.00572	0.00664	0.00689	0.00696	0.00566	0.00400	0.00868	0.00926	0.01234	0.02156	0.17626	0.02516	0.64720	0.02641	0.00521	0.00540	0.01028	0.00400	0.00387
10	0.01505	0.00776	0.00984	0.00901	0.01178	0.00687	0.00733	0.01712	0.01492	0.29037	0.03933	0.08485	0.28319	0.01284	0.00701	0.00215	0.00438	0.16285	0.00626	0.00708
11	0.01205	0.07355	0.61603	0.01615	0.02401	0.01382	0.04696	0.01827	0.01314	0.01925	0.08010	0.01569	0.01231	0.00628	0.00579	0.00187	0.00822	0.00508	0.00295	0.00849
12	0.00868	0.00646	0.00823	0.07978	0.01135	0.00656	0.00611	0.01049	0.03911	0.01540	0.09939	0.26407	0.08367	0.29769	0.01577	0.00355	0.00478	0.02931	0.00472	0.00489

[dist]
# distance from previous block
# <min> <max>
0	2

[block]
# block no. 5 follows, 38 sequences, length 22
# corresponding to MSA columns:
# 294-315
name=unknown_F
#
# <colnr> <probs for GDERKNQSTAVLIFYWHMCP>
#	G	D	E	R	K	N	Q	S	T	A	V	L	I	F	Y	W	H	M	C	P
0	0.00924	0.00683	0.00790	0.00775	0.00862	0.00706	0.00525	0.01172	0.08282	0.01561	0.08653	0.10351	0.12390	0.37950	0.05561	0.00422	0.03317	0.00964	0.03615	0.00496
1	0.07770	0.00807	0.00916	0.00898	0.01074	0.00834	0.00666	0.07507	0.10661	0.02135	0.18152	0.29587	0.08371	0.04599	0.00783	0.00230	0.00401	0.03418	0.00567	0.00622
2	0.00744	0.00541	0.00682	0.00789	0.00858	0.00496	0.00538	0.00866	0.01206	0.01594	0.05587	0.62238	0.15691	0.01773	0.00747	0.00233	0.00338	0.01587	0.02997	0.00496
3	0.01320	0.01112	0.01287	0.00926	0.01457	0.00877	0.00743	0.06536	0.01358	0.02089	0.01096	0.01261	0.00900	0.00465	0.00456	0.00096	0.00461	0.00369	0.00374	0.76818
4	0.00774	0.00558	0.00729	0.00845	0.00908	0.00524	0.00596	0.00907	0.01207	0.01594	0.06222	0.57293	0.09137	0.05422	0.00877	0.00259	0.00381	0.10717	0.00553	0.00496
5	0.00759	0.00608	0.00678	0.00668	0.00844	0.00527	0.00498	0.00954	0.01473	0.01886	0.29032	0.08405	0.48667	0.01440	0.00713	0.00200	0.00300	0.01227	0.00593	0.00527
6	0.02211	0.07246	0.01788	0.01520	0.01842	0.72196	0.01155	0.02368	0.01677	0.01469	0.00925	0.01078	0.00775	0.00614	0.00533	0.00153	0.01060	0.00384	0.00307	0.00702
7	0.00938	0.00701	0.00878	0.00873	0.00991	0.00744	0.00645	0.01271	0.09507	0.01632	0.10242	0.03794	0.07945	0.24666	0.24044	0.00548	0.00821	0.08774	0.00449	0.00538
8	0.01267	0.01250	0.01924	0.23751	0.02450	0.04310	0.11356	0.01500	0.01092	0.01500	0.01028	0.01647	0.00922	0.06343	0.01439	0.04807	0.31918	0.00574	0.00279	0.00641
9	0.07120	0.01180	0.01766	0.19187	0.30690	0.02900	0.01385	0.04008	0.01338	0.05734	0.04051	0.01755	0.01199	0.01104	0.10116	0.00282	0.00790	0.00557	0.04055	0.00784
10	0.00748	0.00554	0.00691	0.00784	0.00868	0.00504	0.00546	0.00866	0.01222	0.01581	0.06253	0.52952	0.21929	0.01771	0.00801	0.02686	0.00348	0.03853	0.00553	0.00491
11	0.01423	0.01384	0.02458	0.06664	0.55819	0.01381	0.11983	0.01797	0.01371	0.01928	0.01300	0.01925	0.01135	0.00622	0.00631	0.00191	0.00749	0.06035	0.00317	0.00889
12	0.01546	0.01277	0.01820	0.33725	0.06979	0.06066	0.06376	0.07956	0.03341	0.11480	0.03038	0.05321	0.01211	0.00735	0.00718	0.00200	0.06427	0.00619	0.00397	0.00769
13	0.02648	0.01000	0.01408	0.17306	0.13713	0.01075	0.01083	0.05943	0.09018	0.06934	0.07596	0.08447	0.04657	0.06689	0.04036	0.02908	0.00614	0.00748	0.03461	0.00716
14	0.00969	0.00657	0.00815	0.00820	0.00958	0.00620	0.00611	0.03853	0.01387	0.05210	0.18724	0.19621	0.18181	0.09441	0.01064	0.04975	0.00407	0.10594	0.00553	0.00538
15	0.05289	0.01409	0.01570	0.15673	0.08362	0.08635	0.01158	0.20806	0.15005	0.02400	0.01642	0.08390	0.01387	0.03011	0.00668	0.00202	0.00652	0.00653	0.02274	0.00814
16	0.01821	0.01501	0.01807	0.18292	0.09150	0.09363	0.03980	0.23499	0.06907	0.09643	0.01425	0.01656	0.01075	0.03564	0.00740	0.00203	0.03511	0.00557	0.00452	0.00854
17	0.00961	0.00680	0.00909	0.00896	0.00987	0.00685	0.02749	0.03672	0.03995	0.01577	0.07058	0.28018	0.09374	0.10370	0.01421	0.19811	0.03028	0.02868	0.00459	0.00482
18	0.00984	0.00704	0.00805	0.03620	0.00993	0.03366	0.00584	0.02583	0.02981	0.01612	0.05775	0.24617	0.05373	0.20223	0.01416	0.08744	0.00469	0.03295	0.11367	0.00488
19	0.01179	0.00977	0.01331	0.12114	0.12606	0.01024	0.01008	0.07820	0.09013	0.01936	0.04558	0.19094	0.06156	0.07278	0.04020	0.00262	0.00586	0.02498	0.00453	0.06090
20	0.10975	0.03916	0.01225	0.06581	0.01472	0.02692	0.00790	0.09749	0.01346	0.02018	0.01618	0.11766	0.03382	0.08721	0.06106	0.00256	0.00600	0.00658	0.00406	0.25723
21	0.06459	0.01235	0.06970	0.06635	0.16862	0.01168	0.01190	0.09597	0.01464	0.06473	0.04911	0.10276	0.08693	0.02022	0.00765	0.00208	0.06350	0.05679	0.00442	0.02603

[dist]
# distance from previous block
# <min> <max>
5	17

[block]
# block no. 6 follows, 38 sequences, length 57
# corresponding to MSA columns:
# 333-353,355,356,359-392
name=unknown_G
#
# <colnr> <probs for GDERKNQSTAVLIFYWHMCP>
#	G	D	E	R	K	N	Q	S	T	A	V	L	I	F	Y	W	H	M	C	P
0	0.03171	0.05506	0.04301	0.06062	0.11313	0.17878	0.05697	0.08825	0.03664	0.06860	0.04481	0.07101	0.04193	0.03483	0.00723	0.00196	0.03070	0.00644	0.00410	0.02420
1	0.01340	0.01043	0.03193	0.08933	0.01625	0.00996	0.00899	0.07875	0.12907	0.07947	0.12843	0.05872	0.06772	0.00900	0.00609	0.00179	0.00486	0.05069	0.04140	0.16371
2	0.04264	0.01387	0.13859	0.05364	0.09384	0.01137	0.04831	0.10370	0.08192	0.02145	0.07533	0.18371	0.08611	0.01017	0.00647	0.00203	0.00581	0.00890	0.00463	0.00752
3	0.02531	0.00948	0.06332	0.01049	0.01302	0.00795	0.02770	0.03136	0.03019	0.14387	0.06820	0.20056	0.02690	0.09007	0.03522	0.00282	0.00556	0.16579	0.00532	0.03687
4	0.05237	0.01575	0.08810	0.03927	0.01729	0.09570	0.01095	0.04993	0.37385	0.07867	0.06142	0.02066	0.03020	0.00787	0.00638	0.00195	0.02958	0.00623	0.00521	0.00863
5	0.09220	0.03898	0.04145	0.03147	0.06747	0.02842	0.02309	0.09385	0.03567	0.10920	0.04432	0.13510	0.09360	0.01054	0.01896	0.00212	0.06788	0.03026	0.00481	0.03062
6	0.10243	0.06398	0.01456	0.02960	0.03999	0.20750	0.00939	0.10080	0.03581	0.07625	0.01433	0.05802	0.01216	0.03515	0.00737	0.02385	0.04554	0.00551	0.11054	0.00720
7	0.01661	0.01372	0.01739	0.04842	0.21300	0.01505	0.01246	0.14058	0.37149	0.05773	0.01879	0.01880	0.01414	0.00715	0.00605	0.00193	0.00584	0.00610	0.00519	0.00956
8	0.01203	0.01785	0.28799	0.06247	0.13448	0.01165	0.04766	0.01746	0.07312	0.04027	0.04476	0.13564	0.07119	0.00882	0.00633	0.00200	0.00671	0.00776	0.00391	0.00791
9	0.01121	0.00561	0.00561	0.00561	0.00701	0.00561	0.00421	0.01402	0.01262	0.02243	0.01962	0.02243	0.01542	0.00701	0.00421	0.00140	0.00280	0.00561	0.82198	0.00561
10	0.06166	0.01247	0.04473	0.01120	0.01572	0.01152	0.00948	0.17303	0.07607	0.37284	0.06106	0.01941	0.01547	0.00735	0.00583	0.00179	0.00531	0.00587	0.02279	0.06639
11	0.00838	0.00651	0.00912	0.00899	0.01009	0.00657	0.03354	0.01017	0.01223	0.01667	0.16886	0.26976	0.11505	0.08353	0.18336	0.00421	0.03130	0.01152	0.00490	0.00525
12	0.01121	0.00561	0.00561	0.00561	0.00701	0.00561	0.00421	0.01402	0.01262	0.02243	0.01962	0.02243	0.01542	0.00701	0.00421	0.00140	0.00280	0.00561	0.82198	0.00561
13	0.40007	0.06993	0.05418	0.08470	0.04795	0.11417	0.01038	0.09409	0.03704	0.02373	0.01013	0.01177	0.00786	0.00593	0.00469	0.00179	0.00646	0.00403	0.00368	0.00742
14	0.01266	0.08307	0.53295	0.01868	0.06972	0.01457	0.11845	0.01859	0.01289	0.01863	0.01162	0.04017	0.00908	0.00602	0.00585	0.00189	0.00859	0.00522	0.00275	0.00860
15	0.01203	0.03614	0.01261	0.16690	0.03789	0.03347	0.00900	0.04306	0.06273	0.01607	0.07120	0.02068	0.03282	0.03723	0.01338	0.31568	0.00582	0.00589	0.00353	0.06388
16	0.01224	0.01042	0.01221	0.00883	0.01394	0.00788	0.00704	0.01492	0.01274	0.01987	0.05446	0.01440	0.01175	0.00492	0.00461	0.00095	0.00436	0.00400	0.00375	0.77669
17	0.01175	0.00952	0.01026	0.00939	0.01200	0.01006	0.00720	0.04289	0.33405	0.03689	0.15063	0.03744	0.25334	0.03836	0.00744	0.00214	0.00402	0.00931	0.00597	0.00735
18	0.00910	0.00756	0.00838	0.00929	0.01042	0.06027	0.00704	0.01081	0.01309	0.01650	0.05962	0.39157	0.14199	0.01654	0.00759	0.00239	0.00452	0.21261	0.00543	0.00528
19	0.01247	0.01069	0.01247	0.00891	0.01426	0.00802	0.00713	0.01515	0.01247	0.01960	0.01069	0.01247	0.00891	0.00446	0.00446	0.00089	0.00446	0.00356	0.00356	0.82536
20	0.01315	0.01301	0.02005	0.07897	0.01974	0.01671	0.11205	0.03978	0.01107	0.01631	0.03302	0.01532	0.01002	0.01078	0.04685	0.00274	0.52485	0.00576	0.00296	0.00685
21	0.01421	0.04272	0.05187	0.01509	0.01788	0.01584	0.11031	0.07835	0.20078	0.01988	0.01531	0.01773	0.03223	0.01005	0.03308	0.03886	0.26807	0.00606	0.00396	0.00774
22	0.01189	0.00718	0.00892	0.00873	0.01102	0.00645	0.00717	0.01405	0.01460	0.16032	0.07775	0.05334	0.33382	0.01405	0.00730	0.00224	0.00427	0.24467	0.00598	0.00626
23	0.69961	0.05563	0.04399	0.00888	0.01292	0.03829	0.00774	0.03982	0.01123	0.02588	0.00870	0.01007	0.00678	0.00564	0.00394	0.00182	0.00520	0.00339	0.00366	0.00681
24	0.01121	0.00561	0.00561	0.00561	0.00701	0.00561	0.00421	0.01402	0.01262	0.02243	0.01962	0.02243	0.01542	0.00701	0.00421	0.00140	0.00280	0.00561	0.82198	0.00561
25	0.13747	0.01543	0.10885	0.05243	0.05887	0.01404	0.10349	0.17153	0.05569	0.04791	0.04617	0.02782	0.02567	0.00690	0.00637	0.00186	0.04094	0.00568	0.00427	0.06862
26	0.01316	0.01316	0.01843	0.01579	0.01579	0.01843	0.01316	0.01448	0.00921	0.01448	0.00790	0.01316	0.00790	0.01053	0.01974	0.00263	0.77757	0.00526	0.00263	0.00658
27	0.00907	0.00657	0.00787	0.00746	0.00926	0.00600	0.00562	0.01204	0.04802	0.05163	0.43954	0.07272	0.27563	0.01309	0.00703	0.00196	0.00311	0.01130	0.00626	0.00582
28	0.00871	0.00596	0.00723	0.00723	0.00746	0.00620	0.00448	0.00918	0.00895	0.01216	0.01834	0.03597	0.02040	0.62808	0.18911	0.00666	0.00805	0.00825	0.00355	0.00402
29	0.01121	0.00561	0.00561	0.00561	0.00701	0.00561	0.00421	0.01402	0.01262	0.02243	0.01962	0.02243	0.01542	0.00701	0.00421	0.00140	0.00280	0.00561	0.82198	0.00561
30	0.00860	0.00642	0.00955	0.00955	0.01059	0.00746	0.00738	0.01067	0.00963	0.01388	0.01622	0.02422	0.01529	0.07263	0.73757	0.00953	0.01573	0.00653	0.00324	0.00531
31	0.00851	0.00629	0.00914	0.00921	0.01017	0.00709	0.00697	0.01045	0.01015	0.01446	0.05935	0.08080	0.01974	0.10014	0.60902	0.00840	0.01364	0.00765	0.00362	0.00522
32	0.01121	0.00561	0.00561	0.00561	0.00701	0.00561	0.00421	0.01402	0.01262	0.02243	0.01962	0.02243	0.01542	0.00701	0.00421	0.00140	0.00280	0.00561	0.82198	0.00561
33	0.00766	0.00582	0.00675	0.00723	0.00857	0.00511	0.00515	0.00910	0.01312	0.02973	0.10073	0.35739	0.38940	0.01637	0.00733	0.00219	0.00325	0.01427	0.00570	0.00514
34	0.01716	0.01604	0.05537	0.05220	0.35848	0.05816	0.10488	0.13386	0.04883	0.07607	0.01325	0.01544	0.01014	0.00599	0.00608	0.00184	0.00750	0.00557	0.00391	0.00924
35	0.16295	0.01288	0.01457	0.01137	0.01592	0.01320	0.00939	0.28215	0.02004	0.37024	0.01773	0.01646	0.01177	0.00705	0.00564	0.00184	0.00558	0.00534	0.00629	0.00960
36	0.01959	0.02219	0.01782	0.01537	0.01832	0.44174	0.05812	0.11650	0.03985	0.01858	0.01170	0.04685	0.01008	0.00750	0.00770	0.00182	0.11589	0.00519	0.01779	0.00739
37	0.01056	0.00832	0.01222	0.06861	0.03495	0.00848	0.07878	0.04898	0.02921	0.03360	0.07510	0.15344	0.08687	0.20262	0.10571	0.00391	0.00684	0.00948	0.01650	0.00582
38	0.01163	0.01077	0.07544	0.01201	0.04167	0.00955	0.02748	0.05864	0.16120	0.04559	0.02845	0.30286	0.07676	0.01307	0.00700	0.00223	0.00499	0.09828	0.00535	0.00703
39	0.01981	0.00935	0.01191	0.00983	0.01316	0.00872	0.00776	0.04847	0.07753	0.42683	0.10549	0.02894	0.05379	0.11660	0.00968	0.00246	0.00491	0.02986	0.00652	0.00838
40	0.01487	0.64030	0.02727	0.01021	0.01471	0.02075	0.00986	0.01738	0.03754	0.01492	0.01335	0.01722	0.04345	0.00810	0.03336	0.00178	0.00652	0.05791	0.00308	0.00741
41	0.01542	0.07261	0.04265	0.01161	0.04500	0.01115	0.00948	0.14588	0.01680	0.11980	0.10045	0.02890	0.07048	0.00895	0.00607	0.00177	0.00526	0.11297	0.00516	0.16961
42	0.14135	0.03598	0.09496	0.03994	0.06061	0.05775	0.03036	0.10123	0.01381	0.04603	0.01365	0.01861	0.01163	0.03450	0.20473	0.00396	0.00926	0.03437	0.00376	0.04351
43	0.00865	0.00589	0.00704	0.00711	0.00729	0.00603	0.00432	0.00902	0.00903	0.01219	0.01926	0.07520	0.02178	0.63923	0.13801	0.00623	0.00723	0.00884	0.00368	0.00396
44	0.01571	0.01794	0.18774	0.01594	0.05253	0.03726	0.10352	0.09974	0.27342	0.06281	0.01737	0.01778	0.01281	0.00683	0.00600	0.00191	0.00679	0.00589	0.04900	0.00902
45	0.01121	0.00561	0.00561	0.00561	0.00701	0.00561	0.00421	0.01402	0.01262	0.02243	0.01962	0.02243	0.01542	0.00701	0.00421	0.00140	0.00280	0.00561	0.82198	0.00561
46	0.01328	0.01212	0.01265	0.00969	0.01438	0.07392	0.00763	0.01717	0.07918	0.02001	0.06505	0.01558	0.01312	0.00551	0.00488	0.00112	0.00492	0.00441	0.00398	0.62140
47	0.01439	0.03987	0.08836	0.05075	0.25718	0.03077	0.03040	0.01811	0.04118	0.12168	0.09027	0.05850	0.11605	0.00841	0.00624	0.00188	0.00600	0.00739	0.00447	0.00812
48	0.01121	0.00561	0.00561	0.00561	0.00701	0.00561	0.00421	0.01402	0.01262	0.02243	0.01962	0.02243	0.01542	0.00701	0.00421	0.00140	0.00280	0.00561	0.82198	0.00561
