[name]
unknown

[dist]
# distance from previous block
# <min> <max>
0	82

[block]
# block no. 0 follows, 52 sequences, length 7
# corresponding to MSA columns:
# 83-89
name=unknown_A
#
# <colnr> <probs for GDERKNQSTAVLIFYWHMCP>
#	G	D	E	R	K	N	Q	S	T	A	V	L	I	F	Y	W	H	M	C	P
0	0.00748	0.00535	0.00744	0.00855	0.00953	0.00530	0.00725	0.00948	0.01084	0.01414	0.02584	0.18606	0.02860	0.01369	0.00661	0.00219	0.00418	0.63865	0.00447	0.00437
1	0.00950	0.02152	0.66869	0.01254	0.01848	0.01005	0.01557	0.01381	0.00956	0.01417	0.00865	0.01100	0.00653	0.00669	0.00704	0.14750	0.00666	0.00369	0.00206	0.00630
2	0.08010	0.01151	0.05487	0.19300	0.23516	0.03328	0.08844	0.08071	0.05896	0.07884	0.01093	0.03393	0.00853	0.00514	0.00479	0.00153	0.00579	0.00462	0.00308	0.00678
3	0.01417	0.03332	0.03917	0.03348	0.03400	0.12348	0.09338	0.12254	0.23895	0.09147	0.02793	0.01392	0.01050	0.00562	0.00516	0.00147	0.03398	0.00461	0.00387	0.06901
4	0.00615	0.00443	0.00566	0.00652	0.00709	0.00410	0.00454	0.00724	0.00986	0.01316	0.06963	0.61677	0.12689	0.01409	0.00603	0.00189	0.00281	0.05299	0.03612	0.00404
5	0.01029	0.19473	0.29733	0.01413	0.14900	0.01186	0.03841	0.01362	0.01037	0.01426	0.04003	0.03893	0.04936	0.00692	0.03163	0.00169	0.02320	0.04525	0.00258	0.00641
6	0.03261	0.01308	0.07137	0.08128	0.26302	0.06365	0.15376	0.05592	0.03274	0.01548	0.00892	0.01172	0.00725	0.00532	0.00701	0.00162	0.16165	0.00443	0.00254	0.00664

[dist]
# distance from previous block
# <min> <max>
0	1

[block]
# block no. 1 follows, 52 sequences, length 7
# corresponding to MSA columns:
# 91-97
name=unknown_B
#
# <colnr> <probs for GDERKNQSTAVLIFYWHMCP>
#	G	D	E	R	K	N	Q	S	T	A	V	L	I	F	Y	W	H	M	C	P
0	0.00974	0.00770	0.01073	0.05654	0.05228	0.00852	0.04918	0.04130	0.06763	0.04790	0.19568	0.08605	0.06539	0.00818	0.00706	0.00163	0.15163	0.00664	0.12078	0.00544
1	0.00694	0.00522	0.00657	0.00726	0.00811	0.00514	0.00533	0.00954	0.09465	0.01415	0.08473	0.49638	0.08646	0.01335	0.00606	0.00192	0.00313	0.13597	0.00460	0.00449
2	0.01209	0.29544	0.26265	0.01239	0.05669	0.06499	0.07281	0.01569	0.04350	0.05053	0.00930	0.01083	0.00739	0.00668	0.05782	0.00177	0.00670	0.00367	0.00248	0.00660
3	0.01203	0.19473	0.38893	0.01316	0.05355	0.08243	0.07002	0.04148	0.01127	0.04539	0.03764	0.01110	0.00807	0.00478	0.00441	0.00140	0.00653	0.00379	0.00251	0.00679
4	0.00904	0.00666	0.00803	0.06112	0.01055	0.00681	0.00603	0.01355	0.19067	0.07418	0.19685	0.09452	0.20068	0.03717	0.00616	0.00177	0.00337	0.06276	0.00468	0.00539
5	0.01105	0.00836	0.00987	0.04076	0.04004	0.05208	0.00783	0.13260	0.04217	0.06389	0.03693	0.09636	0.04964	0.02257	0.02418	0.00200	0.02178	0.29693	0.03541	0.00555
6	0.04704	0.08474	0.08352	0.05872	0.14937	0.10727	0.12552	0.18995	0.03518	0.05795	0.01003	0.01146	0.00759	0.00489	0.00468	0.00144	0.00627	0.00418	0.00317	0.00704

[dist]
# distance from previous block
# <min> <max>
6	7

[block]
# block no. 2 follows, 52 sequences, length 13
# corresponding to MSA columns:
# 105-117
name=unknown_C
#
# <colnr> <probs for GDERKNQSTAVLIFYWHMCP>
#	G	D	E	R	K	N	Q	S	T	A	V	L	I	F	Y	W	H	M	C	P
0	0.00770	0.00571	0.00687	0.00696	0.00813	0.00554	0.00513	0.10403	0.01217	0.01614	0.16729	0.40270	0.16854	0.01245	0.00588	0.00178	0.00305	0.05058	0.00469	0.00464
1	0.00854	0.00553	0.00704	0.00841	0.10504	0.00540	0.00524	0.01033	0.01007	0.03034	0.05267	0.13814	0.08141	0.09702	0.02550	0.00192	0.00339	0.02442	0.37490	0.00469
2	0.01763	0.00974	0.01156	0.00937	0.01274	0.00995	0.00757	0.15225	0.26317	0.39857	0.04198	0.01679	0.01329	0.00627	0.00491	0.00154	0.00418	0.00510	0.00544	0.00795
3	0.01405	0.61954	0.04998	0.00927	0.01332	0.09951	0.00885	0.11071	0.01187	0.01397	0.00749	0.00844	0.00647	0.00446	0.00351	0.00113	0.00563	0.00290	0.00246	0.00644
4	0.05879	0.03649	0.04289	0.09085	0.12756	0.11117	0.07798	0.12101	0.01282	0.13918	0.01086	0.01301	0.00832	0.00542	0.00546	0.00149	0.06235	0.02517	0.00335	0.04582
5	0.01218	0.07181	0.02227	0.01642	0.04432	0.03673	0.43758	0.05518	0.01175	0.05804	0.01179	0.01761	0.01002	0.00582	0.00629	0.00167	0.07135	0.09985	0.00296	0.00635
6	0.86392	0.00937	0.00712	0.00637	0.00937	0.01087	0.00525	0.01425	0.00825	0.02174	0.00675	0.00787	0.00525	0.00450	0.00300	0.00150	0.00375	0.00262	0.00300	0.00525
7	0.00659	0.00492	0.00658	0.00737	0.00772	0.00504	0.00527	0.00756	0.00921	0.01236	0.02417	0.60927	0.02849	0.07391	0.00835	0.00221	0.06648	0.10627	0.00420	0.00403
8	0.01128	0.00875	0.00792	0.00685	0.00910	0.11086	0.00530	0.08254	0.03636	0.01789	0.01381	0.01534	0.02810	0.00535	0.00379	0.00112	0.00370	0.00416	0.45390	0.17388
9	0.00616	0.00443	0.00570	0.00644	0.00688	0.00419	0.00433	0.00707	0.00937	0.01251	0.08237	0.57566	0.08286	0.11703	0.04890	0.00255	0.00350	0.01190	0.00427	0.00389
10	0.50788	0.00877	0.00906	0.00762	0.01059	0.00934	0.06205	0.03610	0.01010	0.12316	0.01587	0.04087	0.12886	0.00623	0.00402	0.00154	0.00394	0.00471	0.00368	0.00561
11	0.11952	0.00797	0.02499	0.00753	0.01005	0.00786	0.00615	0.06420	0.08900	0.23878	0.15510	0.01884	0.01705	0.00652	0.00478	0.00146	0.02598	0.00520	0.18273	0.00628
12	0.01248	0.00977	0.01591	0.30190	0.36334	0.01040	0.01266	0.01561	0.03327	0.14005	0.01100	0.01336	0.00826	0.00487	0.00480	0.00151	0.00560	0.00444	0.02390	0.00688

[dist]
# distance from previous block
# <min> <max>
3	4

[block]
# block no. 3 follows, 52 sequences, length 20
# corresponding to MSA columns:
# 122-141
name=unknown_D
#
# <colnr> <probs for GDERKNQSTAVLIFYWHMCP>
#	G	D	E	R	K	N	Q	S	T	A	V	L	I	F	Y	W	H	M	C	P
0	0.01252	0.19337	0.05133	0.01036	0.05675	0.02776	0.04046	0.16589	0.05893	0.03402	0.08473	0.03391	0.02159	0.00558	0.00433	0.00127	0.00468	0.00451	0.04034	0.14768
1	0.03168	0.10739	0.29856	0.03360	0.08959	0.11786	0.06811	0.07993	0.01191	0.06648	0.00959	0.01157	0.00742	0.03944	0.00536	0.00157	0.00655	0.00393	0.00272	0.00675
2	0.04863	0.01071	0.01193	0.01004	0.01225	0.06075	0.00811	0.24557	0.04901	0.12489	0.04445	0.08821	0.01262	0.00752	0.00733	0.00166	0.18582	0.02105	0.04294	0.00650
3	0.10564	0.01006	0.01183	0.00921	0.01289	0.01008	0.00759	0.25619	0.04000	0.46232	0.01559	0.01418	0.01025	0.00581	0.00468	0.00149	0.00445	0.00451	0.00531	0.00792
4	0.86392	0.00937	0.00712	0.00637	0.00937	0.01087	0.00525	0.01425	0.00825	0.02174	0.00675	0.00787	0.00525	0.00450	0.00300	0.00150	0.00375	0.00262	0.00300	0.00525
5	0.00833	0.00593	0.00712	0.00667	0.00810	0.00568	0.00498	0.07757	0.01238	0.04966	0.28974	0.16665	0.18506	0.08158	0.00746	0.00189	0.01758	0.02748	0.00465	0.03147
6	0.05807	0.00519	0.00583	0.00585	0.00726	0.00476	0.00446	0.00831	0.01157	0.01565	0.27709	0.10797	0.38731	0.01140	0.00568	0.00167	0.00267	0.07029	0.00467	0.00433
7	0.01549	0.01015	0.01227	0.01000	0.01316	0.01066	0.04237	0.25624	0.20868	0.20715	0.09678	0.01956	0.01574	0.00685	0.00511	0.00157	0.00444	0.05130	0.00506	0.00742
8	0.03849	0.00921	0.01113	0.02870	0.01230	0.04441	0.02746	0.14963	0.01455	0.33187	0.16874	0.01936	0.03777	0.00683	0.00542	0.00151	0.03949	0.00552	0.04081	0.00682
9	0.00611	0.00459	0.00563	0.00631	0.00709	0.00419	0.00449	0.00722	0.01007	0.01296	0.06777	0.46084	0.25624	0.04819	0.00685	0.00199	0.00291	0.07809	0.00447	0.00401
10	0.01827	0.00857	0.01072	0.00849	0.01173	0.00811	0.00693	0.15915	0.01459	0.49178	0.01725	0.01796	0.01218	0.04510	0.00570	0.00162	0.00419	0.03771	0.09004	0.02994
11	0.01135	0.13001	0.27591	0.06520	0.06361	0.02899	0.24212	0.04298	0.03173	0.01515	0.00905	0.01124	0.00693	0.00465	0.00524	0.00151	0.04097	0.00426	0.00239	0.00671
12	0.01144	0.03709	0.08243	0.01580	0.05178	0.01044	0.41059	0.04877	0.01151	0.08021	0.01349	0.15583	0.01212	0.00717	0.02674	0.00180	0.00662	0.00667	0.00317	0.00633
13	0.05391	0.00846	0.01092	0.00852	0.01199	0.00774	0.00699	0.09054	0.01444	0.62567	0.09326	0.01762	0.01465	0.00630	0.00488	0.00150	0.00404	0.00511	0.00571	0.00777
14	0.05129	0.01198	0.07275	0.04757	0.08565	0.09873	0.00911	0.10601	0.04769	0.33901	0.01409	0.01386	0.00972	0.00549	0.00461	0.00145	0.00510	0.00436	0.06425	0.00728
15	0.01233	0.01142	0.01916	0.03325	0.46942	0.01166	0.13744	0.09982	0.02548	0.03013	0.01074	0.05930	0.00921	0.00534	0.00554	0.00154	0.04299	0.00512	0.00289	0.00721
16	0.00617	0.00460	0.00578	0.00666	0.00723	0.00434	0.00454	0.00767	0.04642	0.01284	0.02929	0.68706	0.13064	0.01440	0.00607	0.00191	0.00281	0.01292	0.00452	0.00413
17	0.01127	0.13461	0.25999	0.04794	0.01635	0.03364	0.03546	0.04827	0.22082	0.01629	0.02894	0.01319	0.00980	0.00676	0.04097	0.00176	0.03309	0.00425	0.00309	0.03349
18	0.01108	0.00907	0.01112	0.04797	0.06684	0.00826	0.00739	0.10913	0.06637	0.02926	0.01263	0.05421	0.02126	0.00562	0.00438	0.00116	0.00413	0.06023	0.00346	0.46643
19	0.08905	0.28295	0.06847	0.04097	0.03492	0.14245	0.04172	0.15799	0.04832	0.01691	0.00873	0.00987	0.00699	0.00490	0.00435	0.00133	0.02716	0.00348	0.00289	0.00653

[dist]
# distance from previous block
# <min> <max>
1	5

[block]
# block no. 4 follows, 52 sequences, length 11
# corresponding to MSA columns:
# 147-157
name=unknown_E
#
# <colnr> <probs for GDERKNQSTAVLIFYWHMCP>
#	G	D	E	R	K	N	Q	S	T	A	V	L	I	F	Y	W	H	M	C	P
0	0.01223	0.05757	0.01159	0.00921	0.03917	0.02937	0.02134	0.10360	0.12783	0.09892	0.06168	0.06057	0.07082	0.00648	0.00488	0.00133	0.02556	0.00530	0.03718	0.21537
1	0.01069	0.00878	0.01071	0.00866	0.06108	0.00681	0.00638	0.01288	0.01028	0.05091	0.00911	0.01046	0.00742	0.00374	0.00372	0.00080	0.00375	0.00305	0.00298	0.76777
2	0.00821	0.00651	0.00745	0.00701	0.00868	0.00660	0.00534	0.03944	0.19859	0.01806	0.35268	0.08344	0.20370	0.00990	0.00555	0.00162	0.00288	0.02410	0.00496	0.00529
3	0.00612	0.00489	0.00548	0.00540	0.00680	0.00425	0.00402	0.00769	0.01186	0.01520	0.30136	0.08172	0.50488	0.01162	0.00575	0.00161	0.00242	0.00991	0.00478	0.00425
4	0.00995	0.00701	0.00865	0.04779	0.02300	0.00738	0.02463	0.13165	0.04611	0.01915	0.18817	0.03617	0.05426	0.00858	0.03302	0.00168	0.01907	0.05252	0.27585	0.00536
5	0.00613	0.00442	0.00569	0.00644	0.00689	0.00416	0.00434	0.00708	0.00951	0.01270	0.09515	0.58770	0.08607	0.10018	0.03751	0.00240	0.00331	0.01206	0.00434	0.00391
6	0.01036	0.05645	0.57441	0.01380	0.01982	0.06018	0.10347	0.01507	0.01038	0.01468	0.00899	0.01102	0.00674	0.00693	0.06521	0.00198	0.00773	0.00388	0.00216	0.00674
7	0.01685	0.01384	0.01343	0.01088	0.01400	0.14066	0.00874	0.46378	0.08281	0.06614	0.03152	0.01323	0.00982	0.03494	0.00617	0.00160	0.05547	0.00448	0.00432	0.00732
8	0.09751	0.41534	0.13811	0.00917	0.01316	0.04462	0.00916	0.06164	0.04405	0.01510	0.05795	0.01126	0.00940	0.00659	0.04721	0.00161	0.00566	0.00352	0.00270	0.00622
9	0.07564	0.06096	0.01314	0.01130	0.04808	0.31785	0.00848	0.10106	0.17876	0.07163	0.01165	0.01239	0.00907	0.02719	0.00512	0.00149	0.01805	0.00401	0.01764	0.00652
10	0.25619	0.01021	0.01336	0.18678	0.21363	0.03108	0.03828	0.07136	0.04075	0.01787	0.00987	0.04615	0.00818	0.00519	0.00434	0.00152	0.00515	0.00431	0.02962	0.00618

[dist]
# distance from previous block
# <min> <max>
0	7

[block]
# block no. 5 follows, 52 sequences, length 6
# corresponding to MSA columns:
# 165-170
name=unknown_F
#
# <colnr> <probs for GDERKNQSTAVLIFYWHMCP>
#	G	D	E	R	K	N	Q	S	T	A	V	L	I	F	Y	W	H	M	C	P
0	0.01350	0.08038	0.01671	0.05428	0.05147	0.25052	0.16590	0.10889	0.05134	0.01556	0.01301	0.10018	0.04436	0.00629	0.00493	0.00148	0.00652	0.00544	0.00314	0.00611
1	0.00720	0.00469	0.00534	0.00539	0.00652	0.00435	0.00396	0.00903	0.01128	0.01653	0.25485	0.14760	0.19954	0.00976	0.00500	0.00148	0.00239	0.00839	0.29232	0.00435
2	0.00727	0.00542	0.00672	0.00705	0.00806	0.00534	0.00523	0.04774	0.04847	0.01478	0.12698	0.36143	0.13915	0.04418	0.05184	0.00228	0.00372	0.10537	0.00448	0.00449
3	0.00608	0.00499	0.00540	0.00547	0.00700	0.00430	0.00423	0.00753	0.01136	0.01396	0.13061	0.04633	0.63037	0.01213	0.00583	0.00169	0.00265	0.09132	0.00459	0.00418
4	0.03618	0.01069	0.01809	0.11961	0.13004	0.01156	0.24572	0.05173	0.09469	0.01600	0.05050	0.03584	0.01081	0.02946	0.00719	0.00175	0.11554	0.00536	0.00297	0.00628
5	0.05158	0.01145	0.03999	0.29628	0.22887	0.03829	0.08351	0.09131	0.08072	0.01659	0.01002	0.01256	0.00770	0.00487	0.00481	0.00154	0.00606	0.00441	0.00281	0.00663

[dist]
# distance from previous block
# <min> <max>
0	6

[block]
# block no. 6 follows, 52 sequences, length 10
# corresponding to MSA columns:
# 177-186
name=unknown_G
#
# <colnr> <probs for GDERKNQSTAVLIFYWHMCP>
#	G	D	E	R	K	N	Q	S	T	A	V	L	I	F	Y	W	H	M	C	P
0	0.29823	0.17920	0.10382	0.00965	0.01340	0.08954	0.05962	0.03060	0.08980	0.04812	0.03088	0.01077	0.00819	0.00490	0.00389	0.00141	0.00521	0.00356	0.00303	0.00618
1	0.13955	0.08719	0.13715	0.03211	0.11222	0.06735	0.05579	0.06139	0.10751	0.03062	0.01050	0.01279	0.00848	0.03550	0.00528	0.00156	0.01894	0.01825	0.00301	0.05482
2	0.00788	0.00562	0.00670	0.00634	0.00780	0.00528	0.00480	0.04159	0.01222	0.06747	0.28477	0.14323	0.33567	0.01107	0.00607	0.00165	0.03291	0.00941	0.00480	0.00472
3	0.01148	0.00984	0.01197	0.01019	0.01294	0.01085	0.08588	0.06653	0.52301	0.01990	0.08740	0.02001	0.05019	0.00677	0.00503	0.00159	0.00409	0.00588	0.04945	0.00700
4	0.16897	0.00760	0.02330	0.00750	0.00987	0.00731	0.00604	0.01413	0.10686	0.12149	0.14118	0.13096	0.06046	0.00839	0.00492	0.00158	0.00350	0.07905	0.00439	0.09248
5	0.09885	0.00976	0.09115	0.00870	0.01249	0.00766	0.00781	0.02055	0.01295	0.57627	0.08885	0.01686	0.01388	0.00608	0.00475	0.00151	0.00423	0.00489	0.00525	0.00751
6	0.00676	0.00579	0.00797	0.00707	0.00885	0.00517	0.08336	0.00864	0.01179	0.01522	0.26477	0.03966	0.44365	0.01145	0.02811	0.00180	0.00335	0.03760	0.00448	0.00450
7	0.00834	0.00735	0.01111	0.12652	0.01355	0.00885	0.05222	0.01005	0.00864	0.01214	0.06240	0.01992	0.05374	0.12101	0.26263	0.00406	0.20448	0.00559	0.00273	0.00467
8	0.04855	0.01098	0.01784	0.17947	0.57140	0.01155	0.01385	0.05986	0.01135	0.01629	0.00907	0.01197	0.00737	0.00452	0.00473	0.00148	0.00578	0.00425	0.00252	0.00716
9	0.01120	0.11694	0.03049	0.03989	0.01353	0.11537	0.09058	0.04508	0.13745	0.02880	0.09846	0.05824	0.11333	0.00766	0.00508	0.00155	0.00503	0.07175	0.00375	0.00583

[dist]
# distance from previous block
# <min> <max>
0	34

# created by:
# /home/cegg/simao/soft/augustus-3.2.1/scripts/msa2prfl.pl ./align_prep/EOG091G18B1.fa
