[name]
unknown

[dist]
# distance from previous block
# <min> <max>
0	22

[block]
# block no. 0 follows, 57 sequences, length 53
# corresponding to MSA columns:
# 22-74
name=unknown_A
#
# <colnr> <probs for GDERKNQSTAVLIFYWHMCP>
#	G	D	E	R	K	N	Q	S	T	A	V	L	I	F	Y	W	H	M	C	P
0	0.05931	0.04218	0.04202	0.05311	0.01648	0.05433	0.24613	0.16170	0.01206	0.05822	0.01883	0.01253	0.00807	0.00731	0.07491	0.00191	0.04652	0.01881	0.00297	0.06263
1	0.07699	0.00947	0.01030	0.07859	0.03816	0.07408	0.00697	0.12521	0.05116	0.08116	0.12331	0.01443	0.02376	0.00521	0.00414	0.00118	0.00415	0.00419	0.00353	0.26402
2	0.05784	0.00992	0.01616	0.09375	0.61460	0.01015	0.01243	0.01339	0.02484	0.01474	0.00964	0.04312	0.00852	0.00476	0.00448	0.00140	0.00512	0.02911	0.00244	0.02358
3	0.01277	0.01189	0.01249	0.01077	0.02749	0.14338	0.03596	0.22468	0.14200	0.01783	0.07942	0.04429	0.02059	0.00661	0.00690	0.00153	0.18699	0.00482	0.00353	0.00607
4	0.00901	0.05185	0.00779	0.00659	0.00825	0.02514	0.00507	0.02605	0.07499	0.11942	0.17549	0.18920	0.20615	0.02967	0.02161	0.00171	0.00326	0.02955	0.00434	0.00487
5	0.00996	0.00833	0.00968	0.00705	0.01092	0.00671	0.00566	0.07871	0.01034	0.01579	0.00845	0.00984	0.00697	0.00467	0.03389	0.00098	0.00382	0.00288	0.00283	0.76251
6	0.01055	0.00996	0.01639	0.16246	0.58073	0.01043	0.01275	0.01409	0.07782	0.01449	0.00990	0.04254	0.00840	0.00468	0.00455	0.00141	0.00524	0.00446	0.00248	0.00668
7	0.01229	0.81296	0.02334	0.00790	0.01172	0.04781	0.00779	0.01374	0.00934	0.01068	0.00633	0.00730	0.00582	0.00391	0.00295	0.00098	0.00497	0.00244	0.00195	0.00579
8	0.13965	0.00758	0.00931	0.00739	0.01045	0.00702	0.00601	0.04292	0.01207	0.53244	0.08391	0.01668	0.03457	0.03166	0.00492	0.00147	0.00365	0.00468	0.00489	0.03872
9	0.01075	0.01111	0.04606	0.08596	0.02143	0.01043	0.54990	0.01403	0.01038	0.07455	0.01083	0.07824	0.00891	0.00503	0.00562	0.00156	0.04100	0.00566	0.00265	0.00592
10	0.00751	0.00627	0.00684	0.00647	0.00769	0.07439	0.00492	0.00988	0.03664	0.01732	0.67143	0.03216	0.03775	0.00897	0.00527	0.00145	0.00282	0.05308	0.00470	0.00444
11	0.00643	0.00490	0.00609	0.00656	0.00779	0.00456	0.00543	0.00816	0.01068	0.01360	0.12760	0.04609	0.33516	0.01172	0.00579	0.00179	0.00319	0.38613	0.00428	0.00405
12	0.01116	0.00771	0.05362	0.00974	0.07888	0.00669	0.02222	0.03485	0.04621	0.21577	0.07436	0.03089	0.13781	0.00860	0.00524	0.00163	0.00398	0.24064	0.00430	0.00567
13	0.06342	0.01092	0.01498	0.01250	0.08285	0.03578	0.14938	0.27574	0.01480	0.27495	0.01223	0.01232	0.00842	0.00499	0.00457	0.00140	0.00515	0.00433	0.00412	0.00715
14	0.00556	0.00461	0.00489	0.00499	0.00640	0.00394	0.00379	0.00682	0.01042	0.01267	0.09107	0.07646	0.67700	0.01152	0.00543	0.00157	0.00243	0.06230	0.00425	0.00387
15	0.00597	0.00426	0.00577	0.00682	0.00728	0.00407	0.00499	0.00708	0.00912	0.01207	0.02473	0.63968	0.02899	0.01377	0.00590	0.00190	0.00302	0.20657	0.00420	0.00380
16	0.01092	0.01057	0.01795	0.07722	0.67056	0.01101	0.03715	0.01352	0.00996	0.01426	0.00829	0.01119	0.00699	0.00439	0.00540	0.00142	0.07610	0.00407	0.00221	0.00682
17	0.01092	0.51845	0.33827	0.00980	0.01479	0.01499	0.01132	0.01388	0.00935	0.01212	0.00703	0.00818	0.00579	0.00405	0.00346	0.00115	0.00558	0.00279	0.00193	0.00616
18	0.00686	0.00491	0.00678	0.00775	0.00864	0.00483	0.00647	0.00866	0.01015	0.01330	0.05533	0.21725	0.03944	0.01273	0.00611	0.00200	0.00374	0.57677	0.00421	0.00407
19	0.77661	0.00904	0.00741	0.07644	0.01082	0.03140	0.00566	0.01330	0.00796	0.01934	0.00648	0.00779	0.00503	0.00425	0.00299	0.00141	0.00384	0.00260	0.00272	0.00493
20	0.00593	0.00464	0.00519	0.00508	0.00646	0.00402	0.00382	0.00740	0.01112	0.02496	0.28822	0.05782	0.52670	0.01077	0.00536	0.00151	0.00230	0.02020	0.00447	0.00402
21	0.01245	0.01011	0.02911	0.00960	0.01240	0.03245	0.05103	0.09779	0.46266	0.10958	0.04441	0.01732	0.05620	0.00625	0.00495	0.00150	0.02578	0.00518	0.00439	0.00683
22	0.01089	0.36105	0.38417	0.01194	0.08374	0.01377	0.01241	0.04974	0.01002	0.01351	0.00753	0.00882	0.00598	0.00416	0.00375	0.00123	0.00574	0.00306	0.00207	0.00642
23	0.00657	0.00497	0.00737	0.00731	0.00807	0.00583	0.00566	0.00811	0.00724	0.01046	0.01206	0.01807	0.01139	0.06645	0.76800	0.00702	0.03407	0.00490	0.00243	0.00402
24	0.00941	0.10978	0.73372	0.01237	0.01877	0.01130	0.01580	0.01427	0.00953	0.01396	0.00794	0.00932	0.00575	0.00426	0.00416	0.00139	0.00650	0.00325	0.00192	0.00660
25	0.00959	0.00828	0.01004	0.00718	0.01122	0.00637	0.03086	0.02717	0.00968	0.01503	0.00815	0.00952	0.00674	0.00341	0.00344	0.00071	0.00353	0.00280	0.00271	0.82357
26	0.11016	0.00953	0.01401	0.50427	0.19263	0.05479	0.02662	0.01269	0.00941	0.01331	0.00791	0.01114	0.00615	0.00438	0.00431	0.00144	0.00575	0.00381	0.00218	0.00550
27	0.00705	0.00519	0.00648	0.00607	0.00733	0.00500	0.00458	0.01022	0.09426	0.02886	0.67540	0.04741	0.06658	0.00906	0.00527	0.00145	0.00233	0.00797	0.00492	0.00459
28	0.00570	0.00452	0.00513	0.00515	0.00638	0.00395	0.00380	0.00711	0.01090	0.01400	0.28031	0.13933	0.47542	0.01113	0.00541	0.00154	0.00229	0.00955	0.00445	0.00395
29	0.01451	0.05193	0.01239	0.01065	0.01276	0.56674	0.00817	0.01672	0.07963	0.01217	0.05291	0.01216	0.04827	0.00562	0.00513	0.00129	0.07715	0.00379	0.00272	0.00529
30	0.01037	0.01153	0.02455	0.01788	0.02197	0.01103	0.69609	0.01393	0.01052	0.01428	0.01030	0.01545	0.00848	0.00473	0.00582	0.00159	0.04156	0.07159	0.00244	0.00590
31	0.00632	0.00458	0.00613	0.00709	0.00782	0.00439	0.00556	0.00773	0.00962	0.01254	0.02631	0.41068	0.09483	0.01320	0.00596	0.00193	0.00331	0.36389	0.00419	0.00392
32	0.00617	0.00457	0.00585	0.00666	0.00724	0.00447	0.00469	0.00813	0.07592	0.01257	0.04915	0.66109	0.04667	0.01317	0.00570	0.00181	0.00281	0.07502	0.00426	0.00404
33	0.00931	0.08241	0.76021	0.01254	0.01904	0.01106	0.01610	0.01429	0.00954	0.01408	0.00800	0.00940	0.00575	0.00427	0.00420	0.00140	0.00656	0.00328	0.00192	0.00663
34	0.00653	0.00437	0.00496	0.00502	0.00503	0.00435	0.00283	0.00657	0.00670	0.00894	0.01486	0.07395	0.01721	0.79545	0.02212	0.00425	0.00430	0.00693	0.00283	0.00280
35	0.01247	0.00845	0.00942	0.00820	0.01071	0.00913	0.00646	0.07281	0.43865	0.16532	0.06782	0.01881	0.04716	0.00641	0.00456	0.00145	0.00346	0.01542	0.08662	0.00667
36	0.00678	0.00523	0.00754	0.00736	0.00801	0.00618	0.00564	0.00816	0.00730	0.01052	0.03062	0.01893	0.01223	0.12831	0.63833	0.00634	0.08100	0.00507	0.00249	0.00397
37	0.00875	0.00825	0.01394	0.77120	0.08835	0.01012	0.01268	0.01175	0.00915	0.01181	0.00809	0.01202	0.00612	0.00449	0.00453	0.00150	0.00599	0.00403	0.00203	0.00519
38	0.00647	0.00485	0.00728	0.00728	0.00809	0.00566	0.00566	0.00809	0.00728	0.01052	0.01214	0.01780	0.01133	0.03398	0.82279	0.00728	0.01214	0.00485	0.00243	0.00405
39	0.03438	0.00492	0.00606	0.00564	0.00697	0.00451	0.00428	0.00906	0.01224	0.05906	0.61092	0.03373	0.17270	0.00929	0.00522	0.00144	0.00230	0.00806	0.00482	0.00440
40	0.01095	0.00917	0.00983	0.00887	0.01123	0.01044	0.00687	0.07792	0.63609	0.01898	0.06184	0.08747	0.01635	0.00695	0.00475	0.00154	0.00353	0.00588	0.00459	0.00675
41	0.01239	0.09082	0.06033	0.00862	0.01128	0.16040	0.00726	0.13083	0.21049	0.01729	0.01248	0.01304	0.00962	0.00521	0.00394	0.00126	0.00456	0.00396	0.23023	0.00596
42	0.00640	0.00537	0.00569	0.00552	0.00694	0.02927	0.00418	0.00844	0.04623	0.01463	0.31215	0.03815	0.45617	0.01029	0.00531	0.00150	0.00253	0.03261	0.00444	0.00419
43	0.00557	0.00401	0.00523	0.00615	0.00650	0.00373	0.00412	0.00638	0.00880	0.01167	0.04391	0.74811	0.07443	0.04032	0.00630	0.00189	0.00265	0.01238	0.00418	0.00367
44	0.01066	0.45051	0.40401	0.01023	0.01546	0.01438	0.01206	0.01394	0.00938	0.01243	0.00718	0.00837	0.00578	0.00408	0.00358	0.00119	0.00573	0.00287	0.00193	0.00624
45	0.01180	0.68941	0.14709	0.00868	0.01295	0.04246	0.00919	0.01383	0.00938	0.01125	0.00661	0.00766	0.00580	0.00397	0.00316	0.00105	0.00524	0.00258	0.00195	0.00593
46	0.04011	0.00813	0.01067	0.00820	0.01170	0.00733	0.00677	0.08350	0.01351	0.73438	0.01705	0.01487	0.01079	0.00556	0.00451	0.00140	0.00394	0.00447	0.00546	0.00765
47	0.01007	0.00964	0.01651	0.37110	0.46140	0.01048	0.02971	0.01292	0.00979	0.01342	0.00834	0.01161	0.00668	0.00424	0.00452	0.00142	0.00571	0.00406	0.00215	0.00624
48	0.00776	0.00553	0.00640	0.00611	0.00751	0.02948	0.00465	0.00981	0.03678	0.08243	0.39545	0.10496	0.22515	0.00987	0.00531	0.00152	0.00270	0.04941	0.00464	0.00452
49	0.00651	0.00471	0.00655	0.00655	0.00710	0.00526	0.00475	0.00762	0.00706	0.00997	0.01281	0.02153	0.01295	0.28803	0.57097	0.00637	0.00970	0.00540	0.00253	0.00364
50	0.01859	0.00998	0.01182	0.00909	0.01259	0.01008	0.00750	0.38689	0.01681	0.42624	0.01451	0.01332	0.00957	0.00552	0.00451	0.00137	0.00435	0.00432	0.02531	0.00763
51	0.01479	0.01691	0.12541	0.01108	0.01440	0.33257	0.02432	0.20554	0.13215	0.04345	0.01061	0.02974	0.00822	0.00526	0.00438	0.00134	0.00624	0.00392	0.00329	0.00639
52	0.01021	0.01044	0.01315	0.01140	0.01164	0.08116	0.00935	0.01122	0.00744	0.01083	0.00664	0.01083	0.00657	0.03567	0.05851	0.00228	0.69171	0.00401	0.00206	0.00486

[dist]
# distance from previous block
# <min> <max>
0	3

[block]
# block no. 1 follows, 57 sequences, length 21
# corresponding to MSA columns:
# 78-98
name=unknown_B
#
# <colnr> <probs for GDERKNQSTAVLIFYWHMCP>
#	G	D	E	R	K	N	Q	S	T	A	V	L	I	F	Y	W	H	M	C	P
0	0.16418	0.01128	0.01509	0.08744	0.47816	0.08267	0.01137	0.07010	0.01076	0.01617	0.00813	0.01031	0.00660	0.00426	0.00416	0.00135	0.00532	0.00366	0.00250	0.00647
1	0.01090	0.01044	0.01782	0.12374	0.71905	0.01068	0.01375	0.01363	0.01017	0.01442	0.00847	0.01132	0.00704	0.00410	0.00449	0.00137	0.00546	0.00404	0.00222	0.00692
2	0.01236	0.01145	0.04969	0.05132	0.55100	0.02264	0.01248	0.13401	0.03703	0.04774	0.00949	0.01140	0.00750	0.00441	0.00447	0.00135	0.00530	0.00403	0.00278	0.01954
3	0.08449	0.05434	0.08224	0.00950	0.03875	0.11512	0.00778	0.13481	0.18733	0.05736	0.07562	0.01585	0.03711	0.07328	0.00583	0.00162	0.00471	0.00460	0.00361	0.00604
4	0.00573	0.00458	0.00514	0.00517	0.00647	0.00399	0.00389	0.00715	0.01086	0.01380	0.24346	0.10241	0.51583	0.01115	0.00542	0.00155	0.00236	0.04268	0.00441	0.00395
5	0.01230	0.71492	0.07997	0.00846	0.01241	0.08544	0.00849	0.01401	0.00954	0.01096	0.00649	0.00751	0.00581	0.00397	0.00311	0.00102	0.00526	0.00253	0.00197	0.00583
6	0.03243	0.00740	0.05500	0.00747	0.00936	0.02492	0.00600	0.06328	0.06412	0.16509	0.14808	0.34000	0.03916	0.00957	0.00511	0.00158	0.00338	0.00835	0.00443	0.00527
7	0.01183	0.60231	0.19649	0.00908	0.01356	0.01602	0.00978	0.07211	0.01019	0.01280	0.00704	0.00804	0.00594	0.00409	0.00333	0.00110	0.00526	0.00275	0.00213	0.00615
8	0.01211	0.84348	0.02374	0.00775	0.01163	0.01793	0.00775	0.01357	0.00921	0.01066	0.00630	0.00727	0.00582	0.00388	0.00291	0.00097	0.00485	0.00242	0.00194	0.00582
9	0.00640	0.00482	0.00595	0.00571	0.00688	0.00449	0.00426	0.00878	0.04909	0.01676	0.59071	0.08712	0.17246	0.00982	0.00534	0.00148	0.00226	0.00859	0.00479	0.00429
10	0.01012	0.00988	0.01577	0.42327	0.34089	0.04396	0.03733	0.01329	0.03674	0.01319	0.00858	0.01174	0.00678	0.00437	0.00452	0.00143	0.00583	0.00406	0.00222	0.00600
11	0.00551	0.00399	0.00521	0.00620	0.00654	0.00369	0.00416	0.00632	0.00878	0.01161	0.02634	0.78605	0.08084	0.01402	0.00576	0.00182	0.00261	0.01267	0.00421	0.00369
12	0.02008	0.00811	0.01076	0.00825	0.01176	0.00725	0.00682	0.08363	0.01363	0.75314	0.01732	0.01506	0.01094	0.00560	0.00455	0.00140	0.00395	0.00452	0.00552	0.00771
13	0.00746	0.00536	0.00620	0.00584	0.00737	0.00499	0.00442	0.02659	0.07701	0.06755	0.31146	0.08954	0.34930	0.00992	0.00525	0.00150	0.00253	0.00849	0.00462	0.00459
14	0.01042	0.01134	0.05663	0.05126	0.06554	0.02027	0.44970	0.05293	0.05566	0.01499	0.01170	0.04431	0.01011	0.00555	0.00553	0.00159	0.03235	0.09142	0.00277	0.00595
15	0.00833	0.00631	0.00803	0.00793	0.00909	0.03179	0.03595	0.05737	0.01047	0.01463	0.05483	0.17985	0.02066	0.01061	0.02805	0.00186	0.05910	0.28753	0.16313	0.00447
16	0.01036	0.01067	0.02932	0.19461	0.13355	0.04521	0.29298	0.05334	0.05987	0.01466	0.03681	0.04823	0.03897	0.00516	0.00491	0.00148	0.00601	0.00522	0.00271	0.00590
17	0.00844	0.00617	0.00795	0.00784	0.00915	0.00627	0.03327	0.08114	0.11763	0.04947	0.04178	0.44522	0.03699	0.01119	0.00549	0.00175	0.00340	0.11770	0.00430	0.00486
18	0.01125	0.60899	0.25065	0.00923	0.01391	0.01581	0.01032	0.01379	0.00931	0.01172	0.00682	0.00793	0.00579	0.00400	0.00331	0.00110	0.00538	0.00269	0.00193	0.00607
19	0.01112	0.01090	0.01690	0.14138	0.24393	0.04938	0.14988	0.07600	0.06226	0.01467	0.00899	0.01168	0.00727	0.00583	0.02858	0.00168	0.14659	0.00430	0.00252	0.00615
20	0.07484	0.01167	0.01214	0.03747	0.01353	0.06578	0.00805	0.48600	0.06260	0.11679	0.03029	0.01326	0.00952	0.00566	0.00447	0.00140	0.00483	0.03037	0.00431	0.00703

[dist]
# distance from previous block
# <min> <max>
0	45

[block]
# block no. 2 follows, 57 sequences, length 50
# corresponding to MSA columns:
# 144-162,178-208
name=unknown_C
#
# <colnr> <probs for GDERKNQSTAVLIFYWHMCP>
#	G	D	E	R	K	N	Q	S	T	A	V	L	I	F	Y	W	H	M	C	P
0	0.00655	0.00439	0.00502	0.00506	0.00509	0.00440	0.00288	0.00662	0.00668	0.00893	0.01460	0.05821	0.01681	0.78861	0.04484	0.00438	0.00455	0.00677	0.00279	0.00282
1	0.01148	0.00969	0.01025	0.00919	0.01178	0.01116	0.00716	0.02403	0.78603	0.03735	0.01843	0.01687	0.01377	0.00614	0.00461	0.00153	0.00359	0.00511	0.00463	0.00718
2	0.06599	0.01301	0.01157	0.02203	0.01287	0.19836	0.00781	0.29845	0.19318	0.05574	0.01217	0.01284	0.00923	0.00550	0.00433	0.00137	0.00514	0.02258	0.04125	0.00658
3	0.10135	0.00813	0.00910	0.00663	0.01053	0.00648	0.00532	0.01161	0.00922	0.01536	0.00787	0.00918	0.00652	0.00345	0.00330	0.00075	0.00337	0.00266	0.00270	0.77647
4	0.00926	0.00790	0.00925	0.00670	0.01059	0.00595	0.00533	0.01122	0.00937	0.01465	0.00867	0.03951	0.00756	0.00375	0.00344	0.00071	0.00333	0.00306	0.00274	0.83701
5	0.01045	0.00884	0.03906	0.00722	0.01129	0.00667	0.00603	0.05433	0.01025	0.06303	0.00879	0.00984	0.00700	0.00364	0.00352	0.00078	0.00359	0.00289	0.00293	0.73983
6	0.00866	0.00816	0.01378	0.79857	0.06169	0.01009	0.01264	0.01167	0.00911	0.01170	0.00807	0.01205	0.00608	0.00451	0.00453	0.00150	0.00601	0.00403	0.00202	0.00512
7	0.01102	0.52770	0.26426	0.00965	0.01408	0.01535	0.01066	0.01359	0.00914	0.01180	0.00683	0.00818	0.00580	0.00433	0.00429	0.00119	0.07134	0.00283	0.00193	0.00601
8	0.00846	0.00516	0.00631	0.00597	0.00711	0.00482	0.00427	0.03544	0.01041	0.12310	0.21560	0.15212	0.13756	0.23457	0.01009	0.00231	0.00322	0.02499	0.00420	0.00429
9	0.00590	0.00428	0.00563	0.00653	0.00701	0.00408	0.00460	0.00723	0.02995	0.01234	0.06691	0.67049	0.04881	0.01348	0.00577	0.00183	0.00278	0.09427	0.00425	0.00386
10	0.00738	0.00478	0.00622	0.00673	0.00761	0.00451	0.00499	0.02750	0.00987	0.07805	0.04661	0.49524	0.09518	0.03162	0.00609	0.00186	0.00307	0.15416	0.00431	0.00421
11	0.00989	0.19496	0.58668	0.01302	0.08110	0.01210	0.01463	0.01415	0.00955	0.01361	0.00778	0.00921	0.00587	0.00419	0.00403	0.00133	0.00620	0.00321	0.00194	0.00655
12	0.00606	0.00454	0.00525	0.00524	0.00643	0.00405	0.00391	0.00766	0.01107	0.01484	0.33313	0.11015	0.36415	0.01043	0.00525	0.00150	0.00230	0.02915	0.07088	0.00402
13	0.02011	0.00807	0.01074	0.00823	0.01174	0.00719	0.00680	0.07748	0.01357	0.75939	0.01738	0.01510	0.01097	0.00560	0.00456	0.00140	0.00394	0.00452	0.00553	0.00771
14	0.00907	0.03958	0.04906	0.69414	0.08001	0.02899	0.01259	0.01207	0.00926	0.01186	0.00800	0.01165	0.00609	0.00447	0.00445	0.00147	0.00603	0.00391	0.00203	0.00528
15	0.01158	0.01218	0.11527	0.01248	0.01607	0.06248	0.26556	0.07438	0.11646	0.09003	0.11704	0.02822	0.03145	0.00564	0.00507	0.00147	0.01968	0.00530	0.00345	0.00619
16	0.01067	0.01021	0.01741	0.19181	0.65274	0.01062	0.01364	0.01343	0.01006	0.01414	0.00843	0.01139	0.00695	0.00414	0.00450	0.00138	0.00552	0.00404	0.00220	0.00674
17	0.01694	0.02133	0.01286	0.01164	0.01401	0.79810	0.00875	0.04167	0.01310	0.01162	0.00712	0.00825	0.00589	0.00469	0.00410	0.00117	0.00808	0.00295	0.00240	0.00533
18	0.02334	0.01221	0.01396	0.03392	0.01468	0.13061	0.11016	0.31395	0.05486	0.15389	0.02875	0.01247	0.00902	0.00593	0.02351	0.00152	0.02539	0.00430	0.02081	0.00672
19	0.00964	0.00828	0.01000	0.00882	0.01097	0.03229	0.07033	0.04163	0.31825	0.03668	0.08637	0.04418	0.17779	0.00812	0.00540	0.00159	0.03128	0.08853	0.00418	0.00568
20	0.01039	0.00978	0.09604	0.00785	0.01213	0.00673	0.02924	0.01278	0.00978	0.08733	0.00898	0.01004	0.00702	0.00367	0.00362	0.00084	0.00388	0.00300	0.00286	0.67403
21	0.00600	0.00429	0.00560	0.00663	0.00693	0.00397	0.00442	0.00667	0.00897	0.01201	0.02531	0.83261	0.03024	0.01443	0.00597	0.00192	0.00279	0.01297	0.00435	0.00393
22	0.00940	0.00805	0.00940	0.00671	0.01074	0.00604	0.00537	0.01141	0.00940	0.01477	0.00805	0.00940	0.00671	0.00336	0.00336	0.00067	0.00336	0.00268	0.00268	0.86845
23	0.00680	0.00530	0.00714	0.00701	0.00815	0.00490	0.04401	0.02502	0.02748	0.01259	0.03357	0.49412	0.06807	0.08944	0.00704	0.00190	0.00325	0.04666	0.00382	0.10373
24	0.00561	0.00451	0.00500	0.00506	0.00632	0.00390	0.00373	0.00692	0.01065	0.01344	0.20904	0.14832	0.53888	0.01136	0.00541	0.00155	0.00231	0.00971	0.00438	0.00390
25	0.01079	0.01009	0.01689	0.05590	0.63144	0.01012	0.03468	0.03379	0.01055	0.01490	0.01022	0.01547	0.00914	0.00497	0.00467	0.00142	0.00528	0.08690	0.00251	0.03028
26	0.01060	0.03153	0.03412	0.00872	0.01276	0.02980	0.09035	0.07075	0.03096	0.02829	0.00873	0.01001	0.00698	0.00374	0.00374	0.00089	0.00421	0.00318	0.00283	0.60779
27	0.01076	0.00967	0.01207	0.03253	0.05606	0.05444	0.00860	0.15020	0.03657	0.01437	0.00920	0.01285	0.00819	0.04266	0.19558	0.00306	0.33087	0.00427	0.00268	0.00537
28	0.03152	0.00799	0.00811	0.00702	0.00905	0.05206	0.00549	0.18813	0.08948	0.07200	0.09918	0.01751	0.03129	0.02916	0.01673	0.00144	0.00359	0.00480	0.31991	0.00554
29	0.75811	0.09764	0.00858	0.00621	0.00914	0.01090	0.00526	0.01358	0.00801	0.04074	0.00662	0.00757	0.00517	0.00421	0.00286	0.00136	0.00366	0.00251	0.00279	0.00508
30	0.00749	0.00552	0.00660	0.00609	0.00796	0.00458	0.00450	0.00878	0.00956	0.06103	0.02497	0.34721	0.22026	0.00985	0.00490	0.00140	0.00283	0.00859	0.00385	0.25402
31	0.00963	0.00969	0.01379	0.68055	0.07392	0.09672	0.01220	0.01239	0.00949	0.01170	0.00793	0.01157	0.00608	0.00458	0.00468	0.00147	0.02244	0.00391	0.00206	0.00518
32	0.00552	0.00394	0.00526	0.00631	0.00657	0.00368	0.00421	0.00631	0.00868	0.01157	0.02498	0.83779	0.02997	0.01420	0.00578	0.00184	0.00263	0.01288	0.00421	0.00368
33	0.00940	0.00805	0.00940	0.00671	0.01074	0.00604	0.00537	0.01141	0.00940	0.01477	0.00805	0.00940	0.00671	0.00336	0.00336	0.00067	0.00336	0.00268	0.00268	0.86845
34	0.00958	0.00865	0.01186	0.00847	0.01258	0.00681	0.11785	0.01185	0.00958	0.01473	0.00821	0.00980	0.00673	0.00342	0.00364	0.00079	0.00397	0.00306	0.00263	0.74578
35	0.01195	0.79962	0.06619	0.00803	0.01206	0.01753	0.00823	0.01361	0.00923	0.01086	0.00640	0.00739	0.00581	0.00390	0.00298	0.00099	0.00494	0.00247	0.00194	0.00586
36	0.00861	0.00961	0.09899	0.72502	0.02941	0.00999	0.01282	0.01185	0.00912	0.01199	0.00821	0.01192	0.00613	0.00452	0.00448	0.00149	0.00603	0.00396	0.02066	0.00519
37	0.00683	0.00530	0.00765	0.00745	0.00809	0.00632	0.00573	0.00819	0.00716	0.01035	0.01179	0.01846	0.01142	0.12919	0.64607	0.00641	0.09222	0.00498	0.00242	0.00398
38	0.00917	0.00501	0.00510	0.00483	0.00612	0.00516	0.00369	0.06743	0.03673	0.01780	0.01462	0.01646	0.01141	0.00532	0.00331	0.00109	0.00237	0.00424	0.77555	0.00457
39	0.00577	0.00415	0.00547	0.00632	0.00672	0.00392	0.00431	0.00693	0.02287	0.01240	0.10829	0.70736	0.03074	0.02718	0.00601	0.00184	0.00266	0.02901	0.00427	0.00380
40	0.01274	0.01041	0.01039	0.00900	0.01148	0.08861	0.00704	0.20844	0.33646	0.06117	0.10018	0.07629	0.01564	0.00671	0.00467	0.00145	0.00413	0.00550	0.02317	0.00652
41	0.08564	0.00992	0.01107	0.00859	0.01207	0.04992	0.00703	0.23664	0.01449	0.40706	0.01341	0.01251	0.00899	0.00516	0.00426	0.00130	0.00431	0.00398	0.00461	0.09904
42	0.01105	0.00730	0.00845	0.00695	0.00949	0.02535	0.02679	0.03497	0.12176	0.13008	0.08955	0.01599	0.01328	0.00531	0.00394	0.00114	0.00324	0.00440	0.26504	0.21592
43	0.01609	0.02179	0.09852	0.01181	0.01461	0.73607	0.00961	0.01770	0.01249	0.01144	0.00712	0.00832	0.00583	0.00463	0.00411	0.00120	0.00801	0.00296	0.00229	0.00541
44	0.00679	0.00518	0.00742	0.00713	0.00825	0.00565	0.00552	0.00839	0.00748	0.01090	0.01179	0.01738	0.01104	0.06264	0.70388	0.00646	0.01090	0.00469	0.00247	0.09606
45	0.01004	0.00970	0.03305	0.33191	0.30691	0.01065	0.04031	0.01299	0.03350	0.03144	0.00945	0.01243	0.02606	0.00498	0.00583	0.00151	0.10673	0.00423	0.00231	0.00597
46	0.00691	0.00589	0.00611	0.00683	0.00739	0.09097	0.00472	0.00786	0.00936	0.01202	0.05682	0.67182	0.02727	0.01264	0.00551	0.00173	0.00321	0.02641	0.03264	0.00390
47	0.01007	0.01114	0.10170	0.25008	0.48041	0.01031	0.01349	0.01311	0.00998	0.01397	0.03700	0.01209	0.00798	0.00439	0.00451	0.00140	0.00559	0.00411	0.00224	0.00642
48	0.05813	0.01054	0.01160	0.00945	0.01230	0.08596	0.03722	0.22939	0.09767	0.17198	0.01213	0.01282	0.00903	0.00923	0.11674	0.00217	0.04269	0.00415	0.00385	0.06294
49	0.01153	0.09737	0.01125	0.00914	0.05883	0.07446	0.02863	0.05929	0.06941	0.14434	0.08273	0.15530	0.06817	0.00807	0.02893	0.00155	0.00428	0.00613	0.02353	0.05706

[dist]
# distance from previous block
# <min> <max>
0	365

# created by:
# /home/cegg/simao/soft/augustus-3.2.1/scripts/msa2prfl.pl ./align_prep/EOG091G0RPE.fa
