[name]
unknown

[dist]
# distance from previous block
# <min> <max>
2	489

[block]
# block no. 0 follows, 45 sequences, length 15
# corresponding to MSA columns:
# 738-752
name=unknown_A
#
# <colnr> <probs for GDERKNQSTAVLIFYWHMCP>
#	G	D	E	R	K	N	Q	S	T	A	V	L	I	F	Y	W	H	M	C	P
0	0.07599	0.05551	0.10288	0.02914	0.14271	0.06628	0.10641	0.04841	0.01261	0.08903	0.01305	0.08764	0.01135	0.00638	0.00518	0.00159	0.00611	0.02480	0.00349	0.11144
1	0.08449	0.07563	0.09163	0.05131	0.26635	0.02526	0.01241	0.07626	0.05878	0.03349	0.05255	0.03575	0.02617	0.00642	0.00625	0.00169	0.07968	0.00512	0.00336	0.00740
2	0.09105	0.11907	0.11282	0.01464	0.12340	0.16309	0.05844	0.01754	0.03805	0.06794	0.04097	0.04212	0.01097	0.02703	0.00545	0.00162	0.00648	0.00475	0.00326	0.05131
3	0.03679	0.02711	0.07342	0.01895	0.25110	0.10260	0.03759	0.08347	0.05190	0.08505	0.02816	0.01567	0.01060	0.00651	0.00701	0.00174	0.11544	0.03580	0.00351	0.00759
4	0.01250	0.00912	0.01135	0.02400	0.05534	0.02535	0.02840	0.05389	0.04820	0.12054	0.14224	0.02334	0.08393	0.08173	0.00726	0.00175	0.00440	0.00612	0.00441	0.25613
5	0.06455	0.17836	0.07390	0.01074	0.01471	0.03670	0.00948	0.09068	0.34529	0.09749	0.01585	0.01523	0.01184	0.00624	0.00486	0.00162	0.00517	0.00481	0.00448	0.00802
6	0.03941	0.00931	0.03978	0.00951	0.01273	0.00837	0.00787	0.02136	0.09016	0.45573	0.09115	0.11990	0.01920	0.00842	0.00614	0.00178	0.03857	0.00697	0.00581	0.00782
7	0.03353	0.21684	0.13086	0.01140	0.01543	0.04063	0.05558	0.04901	0.01252	0.15316	0.01421	0.01967	0.01207	0.01000	0.07835	0.00231	0.02853	0.10518	0.00369	0.00703
8	0.01755	0.42706	0.04098	0.00980	0.01412	0.04441	0.00902	0.02075	0.08288	0.26467	0.01336	0.01294	0.00986	0.00556	0.00436	0.00140	0.00542	0.00404	0.00403	0.00777
9	0.00685	0.00522	0.00705	0.08071	0.01043	0.00508	0.00579	0.00808	0.01056	0.01380	0.03076	0.64138	0.12366	0.01536	0.00665	0.00210	0.00344	0.01380	0.00474	0.00453
10	0.00781	0.00520	0.00585	0.00585	0.00585	0.00520	0.00325	0.00781	0.00781	0.01041	0.01691	0.03513	0.01952	0.81135	0.02732	0.00520	0.00520	0.00781	0.00325	0.00325
11	0.84927	0.01038	0.00789	0.00706	0.01038	0.01204	0.00581	0.01578	0.00914	0.02408	0.00747	0.00872	0.00581	0.00498	0.00332	0.00166	0.00415	0.00291	0.00332	0.00581
12	0.14869	0.40938	0.21551	0.08371	0.01778	0.01665	0.01187	0.01604	0.01071	0.01570	0.00821	0.00985	0.00672	0.00486	0.00402	0.00143	0.00617	0.00333	0.00246	0.00689
13	0.02087	0.21758	0.04907	0.00986	0.01423	0.04166	0.00882	0.02300	0.01404	0.52210	0.01667	0.01516	0.01112	0.00601	0.00486	0.00152	0.00521	0.00461	0.00519	0.00839
14	0.01366	0.47349	0.05383	0.00945	0.01326	0.01617	0.00882	0.11047	0.01311	0.04222	0.06260	0.13400	0.01465	0.00721	0.00454	0.00144	0.00520	0.00560	0.00349	0.00679

[dist]
# distance from previous block
# <min> <max>
0	1

[block]
# block no. 1 follows, 45 sequences, length 10
# corresponding to MSA columns:
# 754-763
name=unknown_B
#
# <colnr> <probs for GDERKNQSTAVLIFYWHMCP>
#	G	D	E	R	K	N	Q	S	T	A	V	L	I	F	Y	W	H	M	C	P
0	0.01337	0.62270	0.06246	0.16019	0.01866	0.01904	0.01079	0.01567	0.01089	0.01305	0.00796	0.00983	0.00694	0.00476	0.00389	0.00130	0.00612	0.00329	0.00231	0.00676
1	0.00656	0.00527	0.00588	0.00625	0.00760	0.00458	0.00457	0.00792	0.01187	0.01472	0.08414	0.25515	0.50650	0.01438	0.00653	0.00193	0.00291	0.04368	0.00503	0.00453
2	0.02111	0.01391	0.01541	0.01182	0.01608	0.01497	0.00976	0.61985	0.02335	0.17662	0.01447	0.01392	0.00992	0.00648	0.00538	0.00162	0.00565	0.00494	0.00561	0.00913
3	0.01706	0.05791	0.03516	0.01581	0.16129	0.01500	0.01120	0.45446	0.07184	0.02699	0.01377	0.04556	0.01109	0.00674	0.00538	0.00165	0.00578	0.03023	0.00459	0.00849
4	0.08153	0.45651	0.10167	0.01081	0.01475	0.01834	0.01058	0.06961	0.01134	0.01561	0.00800	0.00981	0.00699	0.00573	0.00645	0.00151	0.15781	0.00348	0.00261	0.00688
5	0.01339	0.15062	0.38344	0.01524	0.02147	0.03761	0.15746	0.12512	0.01366	0.01866	0.00995	0.01167	0.00741	0.00512	0.00510	0.00161	0.00755	0.00435	0.00282	0.00776
6	0.03888	0.27048	0.29765	0.01249	0.05613	0.01394	0.01280	0.01563	0.01084	0.04896	0.01032	0.01266	0.00844	0.01170	0.15444	0.00284	0.00812	0.00403	0.00264	0.00702
7	0.19031	0.06599	0.14338	0.01371	0.13999	0.03785	0.01060	0.04901	0.01202	0.10917	0.01439	0.16386	0.01324	0.00748	0.00502	0.00171	0.00538	0.00615	0.00375	0.00697
8	0.07991	0.13522	0.33075	0.04992	0.06250	0.01218	0.01300	0.03735	0.01183	0.04153	0.01817	0.01895	0.15395	0.00672	0.00499	0.00163	0.00601	0.00528	0.00314	0.00697
9	0.06736	0.21026	0.03805	0.05309	0.18065	0.01461	0.22187	0.03318	0.02813	0.04324	0.01012	0.01237	0.00806	0.00482	0.00495	0.00152	0.00664	0.00457	0.00289	0.05363

[dist]
# distance from previous block
# <min> <max>
9	69

[block]
# block no. 2 follows, 45 sequences, length 32
# corresponding to MSA columns:
# 836-867
name=unknown_C
#
# <colnr> <probs for GDERKNQSTAVLIFYWHMCP>
#	G	D	E	R	K	N	Q	S	T	A	V	L	I	F	Y	W	H	M	C	P
0	0.06519	0.09203	0.27901	0.18027	0.02152	0.01195	0.03293	0.03984	0.01188	0.06042	0.06549	0.01459	0.01078	0.01827	0.00555	0.01483	0.00635	0.00457	0.00306	0.06147
1	0.03363	0.16910	0.11931	0.12881	0.03796	0.11160	0.01075	0.01634	0.01207	0.08628	0.04843	0.01463	0.03033	0.01671	0.02347	0.00164	0.00633	0.00439	0.00320	0.12501
2	0.23884	0.09728	0.19788	0.08642	0.01685	0.01241	0.01077	0.09578	0.01250	0.02027	0.07544	0.01505	0.04573	0.00601	0.00461	0.00159	0.00549	0.00452	0.00338	0.04919
3	0.02510	0.15029	0.17773	0.02863	0.01562	0.06709	0.02241	0.03572	0.09421	0.01679	0.03234	0.08801	0.01509	0.00778	0.00525	0.00166	0.00579	0.11463	0.00357	0.09229
4	0.03139	0.12403	0.29214	0.05973	0.11943	0.03019	0.03725	0.03334	0.03654	0.04812	0.01029	0.01197	0.00788	0.00499	0.00478	0.00148	0.00649	0.00404	0.00287	0.13306
5	0.07021	0.11784	0.29888	0.02648	0.07928	0.07082	0.13886	0.01723	0.01186	0.04912	0.00984	0.01170	0.00747	0.00493	0.00492	0.00155	0.00718	0.00420	0.00273	0.06491
6	0.03032	0.21746	0.36861	0.01653	0.13982	0.01447	0.06469	0.01677	0.01150	0.03345	0.00946	0.01127	0.00734	0.00488	0.00474	0.00152	0.00694	0.00397	0.00252	0.03373
7	0.05916	0.01886	0.33767	0.13515	0.11243	0.03275	0.14545	0.01630	0.01149	0.01685	0.00968	0.01236	0.00729	0.00504	0.00546	0.00168	0.02255	0.00450	0.00252	0.04281
8	0.01167	0.08339	0.33709	0.04271	0.03725	0.02495	0.10758	0.01587	0.01150	0.02769	0.01086	0.01275	0.02750	0.00506	0.00515	0.00146	0.02258	0.00425	0.00270	0.20798
9	0.01111	0.02051	0.45987	0.01435	0.05624	0.01108	0.05828	0.01643	0.04357	0.01751	0.03035	0.01268	0.00880	0.00502	0.00495	0.00148	0.00665	0.00419	0.00277	0.21416
10	0.01180	0.04313	0.45315	0.04193	0.02018	0.01162	0.03277	0.01784	0.09367	0.04984	0.01140	0.01264	0.00838	0.00517	0.00493	0.00153	0.00658	0.00416	0.00299	0.16629
11	0.01149	0.02162	0.53528	0.01300	0.01954	0.01084	0.01554	0.01690	0.03955	0.06914	0.04468	0.01500	0.04209	0.00574	0.00509	0.00159	0.00660	0.00459	0.00307	0.11865
12	0.01138	0.01483	0.22617	0.01066	0.01618	0.00916	0.03346	0.01512	0.02638	0.03184	0.01002	0.01162	0.00789	0.00454	0.00471	0.00115	0.02220	0.00363	0.00301	0.53606
13	0.00908	0.00998	0.13598	0.00825	0.01131	0.00680	0.00767	0.01173	0.01281	0.05635	0.24574	0.05385	0.26604	0.00987	0.00610	0.00165	0.02466	0.00826	0.00459	0.10927
14	0.01111	0.01267	0.13935	0.00951	0.01482	0.00818	0.02629	0.01418	0.01120	0.01740	0.00959	0.01124	0.00776	0.00417	0.00422	0.00097	0.00475	0.00338	0.00302	0.68618
15	0.10184	0.02588	0.69929	0.01440	0.02184	0.01242	0.01831	0.01687	0.01109	0.01777	0.00940	0.01105	0.00669	0.00509	0.00491	0.00170	0.00752	0.00385	0.00238	0.00770
16	0.01261	0.01079	0.01150	0.01055	0.01329	0.01237	0.00811	0.02624	0.68585	0.02150	0.02269	0.10560	0.01846	0.00832	0.00561	0.00186	0.00413	0.00707	0.00541	0.00805
17	0.01126	0.01014	0.01601	0.66245	0.06110	0.01226	0.01415	0.09470	0.01241	0.01606	0.01120	0.01518	0.02926	0.00570	0.00539	0.00176	0.00687	0.00496	0.00279	0.00636
18	0.00634	0.00544	0.00544	0.00544	0.00725	0.00453	0.00408	0.00770	0.01224	0.01450	0.05438	0.05166	0.77569	0.01359	0.00634	0.00181	0.00272	0.01133	0.00498	0.00453
19	0.01402	0.42248	0.31888	0.01159	0.01743	0.01639	0.01317	0.01753	0.01156	0.09784	0.00979	0.01071	0.00755	0.00501	0.00430	0.00142	0.00646	0.00357	0.00276	0.00754
20	0.00764	0.00578	0.00743	0.00701	0.00824	0.00557	0.00530	0.00992	0.01435	0.02006	0.63279	0.06490	0.12665	0.01137	0.00693	0.00175	0.04386	0.00981	0.00559	0.00503
21	0.01127	0.06007	0.69093	0.01476	0.02216	0.02996	0.01853	0.01771	0.05435	0.01704	0.01021	0.01168	0.00735	0.00521	0.00504	0.00168	0.00767	0.00403	0.00246	0.00788
22	0.00653	0.00535	0.00577	0.00601	0.00753	0.00460	0.00446	0.00791	0.01205	0.01474	0.07984	0.17275	0.59482	0.01405	0.00647	0.00189	0.00287	0.04278	0.00502	0.00454
23	0.01113	0.00954	0.01113	0.00795	0.01272	0.00716	0.00636	0.01352	0.01113	0.01749	0.00954	0.01113	0.00795	0.00398	0.00398	0.00080	0.00398	0.00318	0.00318	0.84417
24	0.01146	0.01075	0.01816	0.32589	0.40849	0.01178	0.01481	0.01466	0.01126	0.01551	0.01035	0.01453	0.00852	0.00885	0.09042	0.00243	0.00755	0.00488	0.00258	0.00712
25	0.00728	0.00536	0.00584	0.00576	0.00730	0.00475	0.00431	0.00913	0.01280	0.01724	0.23692	0.06258	0.44048	0.01177	0.00593	0.00170	0.00264	0.00996	0.14350	0.00475
26	0.01483	0.01325	0.01397	0.09718	0.03400	0.14095	0.04112	0.22931	0.11015	0.02193	0.12737	0.01918	0.01635	0.00757	0.00614	0.03727	0.00591	0.02492	0.03163	0.00699
27	0.01319	0.00972	0.01075	0.00977	0.01242	0.01074	0.00773	0.05022	0.46166	0.08107	0.06438	0.02517	0.01907	0.00810	0.00550	0.00179	0.00409	0.08595	0.11114	0.00755
28	0.01587	0.58471	0.05684	0.01019	0.01471	0.08199	0.00977	0.09792	0.01308	0.05880	0.00899	0.00983	0.00749	0.00501	0.00395	0.00127	0.00610	0.00332	0.00291	0.00725
29	0.00659	0.00471	0.00628	0.00744	0.00780	0.00440	0.00499	0.00761	0.01053	0.01411	0.06810	0.76818	0.03629	0.01652	0.00682	0.00215	0.00308	0.01497	0.00503	0.00440
30	0.84927	0.01038	0.00789	0.00706	0.01038	0.01204	0.00581	0.01578	0.00914	0.02408	0.00747	0.00872	0.00581	0.00498	0.00332	0.00166	0.00415	0.00291	0.00332	0.00581
31	0.01458	0.01402	0.01828	0.24231	0.33072	0.12068	0.01409	0.14645	0.01449	0.01870	0.01018	0.01301	0.00801	0.00534	0.00527	0.00162	0.00697	0.00460	0.00307	0.00758

[dist]
# distance from previous block
# <min> <max>
0	4

[block]
# block no. 3 follows, 45 sequences, length 58
# corresponding to MSA columns:
# 872-886,901-914,916-931,937-949
name=unknown_D
#
# <colnr> <probs for GDERKNQSTAVLIFYWHMCP>
#	G	D	E	R	K	N	Q	S	T	A	V	L	I	F	Y	W	H	M	C	P
0	0.01228	0.39385	0.40308	0.01209	0.01824	0.01627	0.01430	0.01623	0.01117	0.01487	0.01024	0.01153	0.03472	0.00517	0.00437	0.00145	0.00672	0.00372	0.00238	0.00732
1	0.00693	0.00543	0.00719	0.00750	0.00856	0.00493	0.03543	0.00829	0.01135	0.01470	0.09423	0.44883	0.24934	0.03370	0.00715	0.00210	0.00332	0.04151	0.00492	0.00458
2	0.01068	0.01010	0.01375	0.01222	0.01270	0.02899	0.00998	0.01264	0.03851	0.01315	0.01000	0.01501	0.00945	0.01909	0.26357	0.00431	0.50249	0.00506	0.00265	0.00564
3	0.00780	0.00522	0.00596	0.00596	0.00599	0.00526	0.00338	0.00787	0.00784	0.01048	0.01682	0.03462	0.01929	0.78339	0.05498	0.00533	0.00554	0.00773	0.00324	0.00331
4	0.00814	0.00598	0.00746	0.00691	0.00839	0.00561	0.00523	0.04899	0.01541	0.02144	0.66041	0.03988	0.12381	0.01101	0.00628	0.00170	0.00273	0.00962	0.00578	0.00522
5	0.01329	0.01275	0.02179	0.03295	0.77787	0.01275	0.01647	0.01647	0.01222	0.01754	0.01010	0.01329	0.00850	0.00478	0.00531	0.00159	0.00638	0.00478	0.00266	0.00850
6	0.00660	0.00471	0.00629	0.00754	0.00788	0.00441	0.00508	0.00757	0.01033	0.01377	0.02955	0.78746	0.03538	0.01676	0.00687	0.00219	0.00316	0.03508	0.00498	0.00438
7	0.01113	0.00954	0.01113	0.00795	0.01272	0.00716	0.00636	0.01352	0.01113	0.01749	0.00954	0.01113	0.00795	0.00398	0.00398	0.00080	0.00398	0.00318	0.00318	0.84417
8	0.02005	0.02558	0.01521	0.01383	0.01659	0.78980	0.01037	0.02143	0.01521	0.01314	0.00830	0.00968	0.00691	0.00553	0.00484	0.00138	0.00968	0.00346	0.00277	0.00622
9	0.00781	0.00520	0.00585	0.00585	0.00585	0.00520	0.00325	0.00781	0.00781	0.01041	0.01691	0.03513	0.01952	0.81135	0.02732	0.00520	0.00520	0.00781	0.00325	0.00325
10	0.00654	0.00467	0.00623	0.00747	0.00779	0.00436	0.00498	0.00747	0.01028	0.01370	0.02959	0.80785	0.03550	0.01682	0.00685	0.00218	0.00311	0.01526	0.00498	0.00436
11	0.02041	0.01504	0.01611	0.01235	0.01665	0.01665	0.01020	0.75997	0.02524	0.03383	0.01289	0.01289	0.00913	0.00644	0.00537	0.00161	0.00591	0.00483	0.00537	0.00913
12	0.00750	0.00541	0.00709	0.00682	0.00800	0.00500	0.00506	0.00989	0.01475	0.02081	0.70705	0.11012	0.04927	0.01151	0.00638	0.00173	0.00259	0.01021	0.00582	0.00500
13	0.01128	0.16841	0.61611	0.01385	0.02091	0.01374	0.01732	0.01655	0.01141	0.01640	0.04033	0.01201	0.00860	0.00525	0.00485	0.00160	0.00732	0.00400	0.00242	0.00763
14	0.01271	0.01095	0.01184	0.01006	0.01360	0.01155	0.00788	0.02416	0.54792	0.02101	0.01827	0.01744	0.01393	0.00632	0.00503	0.00152	0.00417	0.00523	0.00480	0.25162
15	0.01049	0.00992	0.01664	0.69642	0.10396	0.01219	0.01492	0.01394	0.01077	0.01403	0.00949	0.01411	0.00727	0.00548	0.00586	0.00179	0.03935	0.00477	0.00241	0.00619
16	0.01113	0.00954	0.01113	0.00795	0.01272	0.00716	0.00636	0.01352	0.01113	0.01749	0.00954	0.01113	0.00795	0.00398	0.00398	0.00080	0.00398	0.00318	0.00318	0.84417
17	0.00778	0.00531	0.00637	0.00637	0.00655	0.00548	0.00390	0.00814	0.00796	0.01079	0.01644	0.03252	0.01838	0.66789	0.16923	0.00584	0.00691	0.00742	0.00318	0.00354
18	0.01448	0.75938	0.05069	0.00949	0.01418	0.02079	0.00955	0.04515	0.01148	0.01359	0.00774	0.00886	0.00697	0.00468	0.00357	0.00118	0.00581	0.00298	0.00242	0.00701
19	0.01232	0.01056	0.01254	0.00997	0.03599	0.03707	0.02077	0.03906	0.02759	0.04753	0.04113	0.01295	0.01000	0.00512	0.00561	0.00112	0.07988	0.00390	0.00343	0.58348
20	0.01384	0.09440	0.29883	0.01672	0.02261	0.08110	0.28087	0.04068	0.01282	0.07170	0.01068	0.01261	0.00784	0.00504	0.00539	0.00165	0.00798	0.00480	0.00288	0.00756
21	0.01122	0.00939	0.01045	0.00980	0.01184	0.03150	0.00747	0.02019	0.43400	0.01789	0.01901	0.06152	0.01607	0.04892	0.21687	0.04925	0.00710	0.00638	0.00442	0.00669
22	0.00767	0.00575	0.00863	0.00863	0.00959	0.00671	0.00671	0.00959	0.00863	0.01246	0.01438	0.02109	0.01342	0.04026	0.79008	0.00863	0.01438	0.00575	0.00288	0.00479
23	0.01077	0.02777	0.78354	0.01530	0.02323	0.01247	0.01983	0.01700	0.01133	0.01700	0.00963	0.01133	0.00680	0.00510	0.00510	0.00170	0.00793	0.00397	0.00227	0.00793
24	0.01435	0.81458	0.02813	0.00918	0.01378	0.02124	0.00918	0.01607	0.01091	0.01263	0.00746	0.00861	0.00689	0.00459	0.00344	0.00115	0.00574	0.00287	0.00230	0.00689
25	0.01095	0.06881	0.74413	0.01498	0.02274	0.01292	0.01928	0.01695	0.01131	0.01677	0.00952	0.01119	0.00680	0.00507	0.00501	0.00167	0.00782	0.00391	0.00227	0.00788
26	0.00687	0.00536	0.00575	0.00574	0.00697	0.00476	0.00398	0.00799	0.01132	0.01414	0.12087	0.06395	0.47852	0.22655	0.01196	0.00271	0.00337	0.01031	0.00462	0.00424
27	0.01312	0.54463	0.28731	0.01128	0.01702	0.01823	0.01284	0.01639	0.01105	0.01413	0.00821	0.00954	0.00686	0.00477	0.00401	0.00134	0.00649	0.00325	0.00229	0.00725
28	0.01219	0.34085	0.48295	0.01287	0.01947	0.01596	0.01560	0.01663	0.01116	0.01526	0.00877	0.01025	0.00684	0.00490	0.00444	0.00148	0.00706	0.00353	0.00228	0.00752
29	0.01151	0.19024	0.62755	0.01404	0.02128	0.01428	0.01763	0.01681	0.01125	0.01610	0.00918	0.01077	0.00682	0.00500	0.00476	0.00159	0.00748	0.00374	0.00227	0.00772
30	0.01091	0.05849	0.75405	0.01506	0.02286	0.01281	0.01942	0.01696	0.01132	0.01683	0.00955	0.01123	0.00680	0.00508	0.00504	0.00168	0.00785	0.00392	0.00227	0.00789
31	0.01084	0.00885	0.01009	0.00972	0.01193	0.00970	0.00778	0.01995	0.41057	0.02019	0.14154	0.03560	0.06516	0.01020	0.00616	0.00197	0.00409	0.20348	0.00537	0.00681
32	0.00674	0.00482	0.00646	0.00771	0.00811	0.00453	0.00534	0.00783	0.01048	0.01393	0.02947	0.73599	0.03506	0.01663	0.00691	0.00221	0.00329	0.08512	0.00498	0.00442
33	0.01435	0.81458	0.02813	0.00918	0.01378	0.02124	0.00918	0.01607	0.01091	0.01263	0.00746	0.00861	0.00689	0.00459	0.00344	0.00115	0.00574	0.00287	0.00230	0.00689
34	0.01077	0.02777	0.78354	0.01530	0.02323	0.01247	0.01983	0.01700	0.01133	0.01700	0.00963	0.01133	0.00680	0.00510	0.00510	0.00170	0.00793	0.00397	0.00227	0.00793
35	0.01077	0.02777	0.78354	0.01530	0.02323	0.01247	0.01983	0.01700	0.01133	0.01700	0.00963	0.01133	0.00680	0.00510	0.00510	0.00170	0.00793	0.00397	0.00227	0.00793
36	0.84927	0.01038	0.00789	0.00706	0.01038	0.01204	0.00581	0.01578	0.00914	0.02408	0.00747	0.00872	0.00581	0.00498	0.00332	0.00166	0.00415	0.00291	0.00332	0.00581
37	0.01014	0.00954	0.01610	0.79845	0.03697	0.01193	0.01491	0.01371	0.01073	0.01371	0.00954	0.01431	0.00716	0.00537	0.00537	0.00179	0.00716	0.00477	0.00239	0.00596
38	0.01942	0.01062	0.01539	0.01197	0.01603	0.01024	0.12608	0.02538	0.21609	0.45852	0.01973	0.01814	0.01331	0.00648	0.00556	0.00173	0.00519	0.00572	0.00571	0.00867
39	0.01014	0.00954	0.01610	0.79845	0.03697	0.01193	0.01491	0.01371	0.01073	0.01371	0.00954	0.01431	0.00716	0.00537	0.00537	0.00179	0.00716	0.00477	0.00239	0.00596
40	0.00652	0.00475	0.00615	0.00728	0.00773	0.00438	0.00490	0.00750	0.01047	0.01378	0.03197	0.73513	0.10668	0.01651	0.00680	0.00214	0.00308	0.01488	0.00498	0.00438
41	0.01329	0.01275	0.02179	0.03295	0.77787	0.01275	0.01647	0.01647	0.01222	0.01754	0.01010	0.01329	0.00850	0.00478	0.00531	0.00159	0.00638	0.00478	0.00266	0.00850
42	0.00654	0.00467	0.00623	0.00747	0.00779	0.00436	0.00498	0.00747	0.01028	0.01370	0.02959	0.80785	0.03550	0.01682	0.00685	0.00218	0.00311	0.01526	0.00498	0.00436
43	0.01316	0.01263	0.02156	0.06319	0.74860	0.01272	0.01641	0.01637	0.01216	0.01739	0.01008	0.01333	0.00845	0.00481	0.00532	0.00160	0.00641	0.00478	0.00265	0.00840
44	0.00760	0.00549	0.00718	0.00675	0.00802	0.00506	0.00506	0.01013	0.01519	0.02153	0.77503	0.04010	0.05065	0.01097	0.00633	0.00169	0.00253	0.00971	0.00591	0.00506
45	0.04631	0.02582	0.67772	0.01468	0.02207	0.01285	0.01833	0.08840	0.01258	0.01891	0.00986	0.01137	0.00698	0.00522	0.00505	0.00169	0.00758	0.00401	0.00261	0.00796
46	0.02005	0.02558	0.01521	0.01383	0.01659	0.78980	0.01037	0.02143	0.01521	0.01314	0.00830	0.00968	0.00691	0.00553	0.00484	0.00138	0.00968	0.00346	0.00277	0.00622
47	0.01335	0.01153	0.01214	0.01092	0.01396	0.01335	0.00850	0.02852	0.76817	0.02245	0.02185	0.02003	0.01639	0.00728	0.00546	0.00182	0.00425	0.00607	0.00546	0.00850
48	0.00650	0.00544	0.00574	0.00580	0.00748	0.00468	0.00436	0.00792	0.01208	0.01462	0.07276	0.08044	0.67320	0.01494	0.04361	0.00216	0.00333	0.02549	0.00491	0.00456
49	0.01080	0.00952	0.01593	0.76098	0.03587	0.01173	0.01457	0.01431	0.01095	0.05018	0.01009	0.01450	0.00745	0.00543	0.00537	0.00178	0.00703	0.00480	0.00259	0.00611
50	0.00952	0.00499	0.00724	0.00718	0.00732	0.00507	0.00484	0.00802	0.04314	0.00995	0.00992	0.01649	0.00966	0.01811	0.02024	0.80384	0.00464	0.00473	0.00248	0.00262
51	0.01114	0.00987	0.01654	0.67837	0.11582	0.01182	0.01474	0.01460	0.01111	0.05059	0.01015	0.01439	0.00759	0.00536	0.00536	0.00176	0.00695	0.00480	0.00262	0.00639
52	0.01129	0.04725	0.27330	0.03250	0.07772	0.04218	0.01248	0.03935	0.07815	0.03009	0.05219	0.02096	0.04890	0.01110	0.10101	0.00255	0.00713	0.06176	0.04319	0.00688
53	0.05558	0.01059	0.05598	0.18421	0.08232	0.04158	0.01029	0.01596	0.09005	0.09144	0.11551	0.03556	0.03916	0.03102	0.07791	0.00247	0.04403	0.00599	0.00386	0.00649
54	0.00996	0.00871	0.01218	0.17291	0.17112	0.03696	0.00961	0.01238	0.03373	0.01422	0.03049	0.02783	0.07609	0.21530	0.07289	0.00321	0.00642	0.07710	0.00332	0.00556
55	0.03055	0.52893	0.02268	0.01052	0.03696	0.12835	0.00915	0.02974	0.02565	0.03650	0.00984	0.04809	0.00902	0.00732	0.04502	0.00168	0.00656	0.00392	0.00279	0.00673
56	0.01346	0.12846	0.27042	0.06838	0.21360	0.10037	0.03784	0.05570	0.01266	0.01680	0.00951	0.01164	0.00747	0.00504	0.00494	0.00154	0.00721	0.00412	0.00263	0.02821
57	0.01269	0.23515	0.39634	0.01512	0.08461	0.08151	0.04543	0.01681	0.01165	0.01545	0.00963	0.03484	0.00790	0.00531	0.00476	0.00154	0.00726	0.00414	0.00245	0.00742

[dist]
# distance from previous block
# <min> <max>
0	8

[block]
# block no. 4 follows, 45 sequences, length 34
# corresponding to MSA columns:
# 958-977,982-995
name=unknown_E
#
# <colnr> <probs for GDERKNQSTAVLIFYWHMCP>
#	G	D	E	R	K	N	Q	S	T	A	V	L	I	F	Y	W	H	M	C	P
0	0.77056	0.08619	0.00980	0.00726	0.01070	0.01291	0.00613	0.01581	0.00930	0.02300	0.00747	0.00871	0.00591	0.00495	0.00333	0.00161	0.00430	0.00290	0.00323	0.00591
1	0.01767	0.11828	0.05524	0.03195	0.11828	0.50907	0.01156	0.03388	0.02965	0.01445	0.00889	0.01048	0.00736	0.00535	0.00478	0.00142	0.00845	0.00369	0.00277	0.00679
2	0.03222	0.04293	0.31285	0.01110	0.01589	0.00981	0.01194	0.02811	0.04657	0.08066	0.09474	0.02360	0.05988	0.02322	0.00582	0.00175	0.00560	0.09060	0.00381	0.09890
3	0.00822	0.00780	0.06473	0.02179	0.03118	0.00625	0.00647	0.02600	0.03608	0.03052	0.31352	0.05806	0.33001	0.02762	0.00658	0.00182	0.00342	0.00952	0.00503	0.00538
4	0.01212	0.01168	0.02023	0.30821	0.47376	0.01250	0.05272	0.01552	0.01171	0.01614	0.00993	0.01371	0.00800	0.00498	0.00538	0.00168	0.00679	0.00486	0.00256	0.00753
5	0.01105	0.04136	0.62636	0.01606	0.02330	0.01258	0.12956	0.01679	0.01156	0.01690	0.01048	0.01359	0.00791	0.00537	0.00534	0.00173	0.00794	0.03198	0.00243	0.00770
6	0.02006	0.01487	0.01592	0.01228	0.01652	0.01649	0.01012	0.72437	0.06140	0.03328	0.01332	0.01324	0.00948	0.00648	0.00537	0.00162	0.00583	0.00489	0.00537	0.00910
7	0.02005	0.02558	0.01521	0.01383	0.01659	0.78980	0.01037	0.02143	0.01521	0.01314	0.00830	0.00968	0.00691	0.00553	0.00484	0.00138	0.00968	0.00346	0.00277	0.00622
8	0.02297	0.00923	0.01224	0.00948	0.01347	0.00824	0.00780	0.05313	0.03766	0.69554	0.02071	0.01820	0.01324	0.00664	0.00532	0.00164	0.00451	0.00538	0.04566	0.00892
9	0.01014	0.00954	0.01610	0.79845	0.03697	0.01193	0.01491	0.01371	0.01073	0.01371	0.00954	0.01431	0.00716	0.00537	0.00537	0.00179	0.00716	0.00477	0.00239	0.00596
10	0.00720	0.00539	0.00616	0.00635	0.00735	0.00500	0.00448	0.00829	0.01078	0.01371	0.08652	0.10107	0.32789	0.27587	0.03094	0.00316	0.00405	0.08718	0.00443	0.00419
11	0.00748	0.00548	0.00702	0.00663	0.00795	0.00502	0.00498	0.00991	0.01493	0.02089	0.71020	0.04114	0.11588	0.01121	0.00633	0.00170	0.00255	0.00985	0.00583	0.00502
12	0.01175	0.01119	0.01902	0.40541	0.41738	0.01235	0.01571	0.01513	0.01150	0.01568	0.00983	0.01378	0.00785	0.00507	0.00534	0.00169	0.00676	0.00478	0.00252	0.00727
13	0.00932	0.00466	0.00699	0.00699	0.00699	0.00466	0.00466	0.00699	0.00699	0.00932	0.00932	0.01632	0.00932	0.01865	0.02098	0.84382	0.00466	0.00466	0.00233	0.00233
14	0.02041	0.01504	0.01611	0.01235	0.01665	0.01665	0.01020	0.75997	0.02524	0.03383	0.01289	0.01289	0.00913	0.00644	0.00537	0.00161	0.00591	0.00483	0.00537	0.00913
15	0.01435	0.81458	0.02813	0.00918	0.01378	0.02124	0.00918	0.01607	0.01091	0.01263	0.00746	0.00861	0.00689	0.00459	0.00344	0.00115	0.00574	0.00287	0.00230	0.00689
16	0.81816	0.01056	0.00820	0.00726	0.01062	0.01221	0.00598	0.04371	0.00974	0.02445	0.00768	0.00888	0.00594	0.00504	0.00340	0.00166	0.00422	0.00298	0.00340	0.00594
17	0.02041	0.01504	0.01611	0.01235	0.01665	0.01665	0.01020	0.75997	0.02524	0.03383	0.01289	0.01289	0.00913	0.00644	0.00537	0.00161	0.00591	0.00483	0.00537	0.00913
18	0.00791	0.00566	0.00783	0.00904	0.00995	0.00558	0.00736	0.00985	0.01155	0.01517	0.02842	0.31123	0.03196	0.01621	0.02901	0.00254	0.00459	0.47648	0.00490	0.00474
19	0.02012	0.01489	0.01595	0.01229	0.01654	0.01651	0.01013	0.73049	0.05518	0.03337	0.01325	0.01318	0.00942	0.00648	0.00537	0.00162	0.00584	0.00488	0.00537	0.00910
20	0.00664	0.00474	0.00634	0.00759	0.00794	0.00445	0.00515	0.00765	0.01037	0.01381	0.02953	0.77284	0.03529	0.01672	0.00688	0.00219	0.00320	0.04930	0.00498	0.00439
21	0.01125	0.01108	0.01548	0.01347	0.01350	0.01530	0.01111	0.01241	0.00841	0.01299	0.00917	0.08679	0.00973	0.01009	0.01660	0.00233	0.72626	0.00569	0.00260	0.00573
22	0.00664	0.00475	0.00632	0.00741	0.00781	0.00443	0.00499	0.00772	0.01074	0.01444	0.09986	0.73547	0.03693	0.01627	0.00680	0.00213	0.00306	0.01474	0.00507	0.00443
23	0.84927	0.01038	0.00789	0.00706	0.01038	0.01204	0.00581	0.01578	0.00914	0.02408	0.00747	0.00872	0.00581	0.00498	0.00332	0.00166	0.00415	0.00291	0.00332	0.00581
24	0.02046	0.03736	0.01567	0.01263	0.01628	0.34021	0.01003	0.36386	0.01977	0.09515	0.01162	0.01195	0.00854	0.00604	0.00511	0.00151	0.00736	0.00426	0.00433	0.00786
25	0.01077	0.02777	0.78354	0.01530	0.02323	0.01247	0.01983	0.01700	0.01133	0.01700	0.00963	0.01133	0.00680	0.00510	0.00510	0.00170	0.00793	0.00397	0.00227	0.00793
26	0.00709	0.00570	0.00635	0.00615	0.00781	0.00508	0.00462	0.00944	0.04380	0.01742	0.31960	0.04611	0.47693	0.01237	0.00630	0.00177	0.00271	0.01052	0.00535	0.00489
27	0.00781	0.00520	0.00585	0.00585	0.00585	0.00520	0.00325	0.00781	0.00781	0.01041	0.01691	0.03513	0.01952	0.81135	0.02732	0.00520	0.00520	0.00781	0.00325	0.00325
28	0.01435	0.81458	0.02813	0.00918	0.01378	0.02124	0.00918	0.01607	0.01091	0.01263	0.00746	0.00861	0.00689	0.00459	0.00344	0.00115	0.00574	0.00287	0.00230	0.00689
29	0.00791	0.00558	0.00715	0.00670	0.00810	0.00509	0.00505	0.01032	0.01492	0.04078	0.68735	0.04062	0.11802	0.01111	0.00631	0.00170	0.00260	0.00975	0.00584	0.00512
30	0.00853	0.00711	0.01140	0.01033	0.01157	0.00819	0.07788	0.01053	0.00893	0.01285	0.01348	0.02025	0.01261	0.07014	0.60852	0.00724	0.08675	0.00580	0.00283	0.00505
31	0.01282	0.01223	0.02063	0.14714	0.64248	0.01265	0.01599	0.01644	0.03594	0.01712	0.01039	0.01365	0.00855	0.00495	0.00533	0.00163	0.00643	0.00482	0.00271	0.00812
32	0.01533	0.01207	0.02250	0.01683	0.02117	0.01161	0.40725	0.01994	0.08439	0.21457	0.01579	0.01949	0.01199	0.00632	0.00652	0.00184	0.03686	0.06375	0.00415	0.00762
33	0.01166	0.00993	0.01193	0.08282	0.01528	0.00835	0.00746	0.05980	0.03159	0.01827	0.01007	0.01177	0.00817	0.00434	0.00423	0.00097	0.00440	0.00351	0.00330	0.69216

[dist]
# distance from previous block
# <min> <max>
2	9

[block]
# block no. 5 follows, 45 sequences, length 72
# corresponding to MSA columns:
# 1006-1036,1062-1102
name=unknown_F
#
# <colnr> <probs for GDERKNQSTAVLIFYWHMCP>
#	G	D	E	R	K	N	Q	S	T	A	V	L	I	F	Y	W	H	M	C	P
0	0.82586	0.01081	0.00810	0.00725	0.01056	0.03400	0.00594	0.01594	0.00931	0.02377	0.00750	0.00875	0.00584	0.00500	0.00336	0.00165	0.00431	0.00292	0.00331	0.00582
1	0.01409	0.75680	0.08361	0.00963	0.01447	0.02060	0.00997	0.01614	0.01094	0.01295	0.00762	0.00881	0.00688	0.00463	0.00357	0.00119	0.00590	0.00295	0.00229	0.00697
2	0.01150	0.01142	0.01671	0.01406	0.01446	0.01533	0.06589	0.01282	0.00851	0.01303	0.00812	0.01383	0.00813	0.07353	0.01757	0.00254	0.67929	0.00507	0.00245	0.00576
3	0.02005	0.02558	0.01521	0.01383	0.01659	0.78980	0.01037	0.02143	0.01521	0.01314	0.00830	0.00968	0.00691	0.00553	0.00484	0.00138	0.00968	0.00346	0.00277	0.00622
4	0.01174	0.01174	0.01644	0.01409	0.01409	0.01644	0.01174	0.01292	0.00822	0.01292	0.00705	0.01174	0.00705	0.00940	0.01762	0.00235	0.80153	0.00470	0.00235	0.00587
5	0.00659	0.00473	0.00627	0.00748	0.00786	0.00441	0.00505	0.00757	0.01038	0.01378	0.03018	0.76994	0.05408	0.01669	0.00685	0.00218	0.00315	0.03344	0.00498	0.00438
6	0.00779	0.00527	0.00621	0.00621	0.00634	0.00540	0.00370	0.00804	0.00791	0.01067	0.01659	0.03332	0.01873	0.71199	0.12561	0.00565	0.00639	0.00754	0.00320	0.00345
7	0.00661	0.00545	0.00580	0.00571	0.00741	0.00464	0.00429	0.00821	0.01286	0.01597	0.20543	0.04924	0.62371	0.01305	0.00634	0.00179	0.00268	0.01099	0.00518	0.00464
8	0.01043	0.01011	0.01791	0.70832	0.03593	0.01212	0.10128	0.01412	0.01096	0.01412	0.00969	0.01433	0.00727	0.00527	0.00548	0.00179	0.00738	0.00495	0.00242	0.00611
9	0.01267	0.01448	0.03167	0.02262	0.02805	0.01357	0.75837	0.01719	0.01267	0.01719	0.01086	0.01448	0.00814	0.00452	0.00633	0.00181	0.00905	0.00633	0.00271	0.00724
10	0.84927	0.01038	0.00789	0.00706	0.01038	0.01204	0.00581	0.01578	0.00914	0.02408	0.00747	0.00872	0.00581	0.00498	0.00332	0.00166	0.00415	0.00291	0.00332	0.00581
11	0.01335	0.01153	0.01214	0.01092	0.01396	0.01335	0.00850	0.02852	0.76817	0.02245	0.02185	0.02003	0.01639	0.00728	0.00546	0.00182	0.00425	0.00607	0.00546	0.00850
12	0.84927	0.01038	0.00789	0.00706	0.01038	0.01204	0.00581	0.01578	0.00914	0.02408	0.00747	0.00872	0.00581	0.00498	0.00332	0.00166	0.00415	0.00291	0.00332	0.00581
13	0.00654	0.00467	0.00623	0.00747	0.00779	0.00436	0.00498	0.00747	0.01028	0.01370	0.02959	0.80785	0.03550	0.01682	0.00685	0.00218	0.00311	0.01526	0.00498	0.00436
14	0.01267	0.01448	0.03167	0.02262	0.02805	0.01357	0.75837	0.01719	0.01267	0.01719	0.01086	0.01448	0.00814	0.00452	0.00633	0.00181	0.00905	0.00633	0.00271	0.00724
15	0.78867	0.01029	0.00823	0.00724	0.01062	0.01174	0.00597	0.01654	0.00959	0.07972	0.00848	0.00942	0.00636	0.00510	0.00347	0.00166	0.00418	0.00309	0.00357	0.00606
16	0.01267	0.01448	0.03167	0.02262	0.02805	0.01357	0.75837	0.01719	0.01267	0.01719	0.01086	0.01448	0.00814	0.00452	0.00633	0.00181	0.00905	0.00633	0.00271	0.00724
17	0.02352	0.01004	0.01302	0.00998	0.01415	0.00923	0.00824	0.13830	0.01687	0.66732	0.01991	0.01745	0.01265	0.00661	0.00539	0.00165	0.00477	0.00531	0.00645	0.00913
18	0.00753	0.00547	0.00709	0.00672	0.00799	0.00503	0.00503	0.00998	0.01497	0.02108	0.73080	0.05812	0.07762	0.01121	0.00634	0.00170	0.00255	0.00990	0.00585	0.00503
19	0.00781	0.00520	0.00585	0.00585	0.00585	0.00520	0.00325	0.00781	0.00781	0.01041	0.01691	0.03513	0.01952	0.81135	0.02732	0.00520	0.00520	0.00781	0.00325	0.00325
20	0.01152	0.01096	0.01860	0.46149	0.36310	0.01229	0.01560	0.01493	0.01139	0.01540	0.00979	0.01386	0.00775	0.00511	0.00534	0.00170	0.00681	0.00478	0.00250	0.00708
21	0.01324	0.01231	0.04581	0.01273	0.07046	0.01327	0.00957	0.02715	0.68031	0.02186	0.02046	0.01916	0.01540	0.00701	0.00544	0.00180	0.00456	0.00588	0.00512	0.00847
22	0.01329	0.01275	0.02179	0.03295	0.77787	0.01275	0.01647	0.01647	0.01222	0.01754	0.01010	0.01329	0.00850	0.00478	0.00531	0.00159	0.00638	0.00478	0.00266	0.00850
23	0.00654	0.00467	0.00623	0.00747	0.00779	0.00436	0.00498	0.00747	0.01028	0.01370	0.02959	0.80785	0.03550	0.01682	0.00685	0.00218	0.00311	0.01526	0.00498	0.00436
24	0.01439	0.01157	0.01231	0.01070	0.01389	0.01304	0.00843	0.14629	0.56302	0.05233	0.02275	0.02112	0.07085	0.00759	0.00551	0.00178	0.00442	0.00623	0.00546	0.00833
25	0.00781	0.00520	0.00585	0.00585	0.00585	0.00520	0.00325	0.00781	0.00781	0.01041	0.01691	0.03513	0.01952	0.81135	0.02732	0.00520	0.00520	0.00781	0.00325	0.00325
26	0.01014	0.00954	0.01610	0.79845	0.03697	0.01193	0.01491	0.01371	0.01073	0.01371	0.00954	0.01431	0.00716	0.00537	0.00537	0.00179	0.00716	0.00477	0.00239	0.00596
27	0.01113	0.00954	0.01113	0.00795	0.01272	0.00716	0.00636	0.01352	0.01113	0.01749	0.00954	0.01113	0.00795	0.00398	0.00398	0.00080	0.00398	0.00318	0.00318	0.84417
28	0.01174	0.01174	0.01644	0.01409	0.01409	0.01644	0.01174	0.01292	0.00822	0.01292	0.00705	0.01174	0.00705	0.00940	0.01762	0.00235	0.80153	0.00470	0.00235	0.00587
29	0.02041	0.01504	0.01611	0.01235	0.01665	0.01665	0.01020	0.75997	0.02524	0.03383	0.01289	0.01289	0.00913	0.00644	0.00537	0.00161	0.00591	0.00483	0.00537	0.00913
30	0.01335	0.01153	0.01214	0.01092	0.01396	0.01335	0.00850	0.02852	0.76817	0.02245	0.02185	0.02003	0.01639	0.00728	0.00546	0.00182	0.00425	0.00607	0.00546	0.00850
31	0.01392	0.37726	0.35633	0.01190	0.01790	0.01586	0.01369	0.01765	0.01161	0.10387	0.01000	0.01092	0.00759	0.00505	0.00439	0.00145	0.00656	0.00364	0.00279	0.00761
32	0.02041	0.01504	0.01611	0.01235	0.01665	0.01665	0.01020	0.75997	0.02524	0.03383	0.01289	0.01289	0.00913	0.00644	0.00537	0.00161	0.00591	0.00483	0.00537	0.00913
33	0.01327	0.00747	0.01084	0.00892	0.01080	0.00699	0.09237	0.01442	0.01065	0.24340	0.01749	0.02765	0.01632	0.47532	0.01828	0.00374	0.00546	0.00691	0.00421	0.00549
34	0.01335	0.01153	0.01214	0.01092	0.01396	0.01335	0.00850	0.02852	0.76817	0.02245	0.02185	0.02003	0.01639	0.00728	0.00546	0.00182	0.00425	0.00607	0.00546	0.00850
35	0.01174	0.01174	0.01644	0.01409	0.01409	0.01644	0.01174	0.01292	0.00822	0.01292	0.00705	0.01174	0.00705	0.00940	0.01762	0.00235	0.80153	0.00470	0.00235	0.00587
36	0.01093	0.01044	0.01793	0.59970	0.20214	0.01217	0.04186	0.01446	0.01114	0.01469	0.00971	0.01409	0.00749	0.00521	0.00539	0.00175	0.00705	0.00483	0.00246	0.00658
37	0.01329	0.01275	0.02179	0.03295	0.77787	0.01275	0.01647	0.01647	0.01222	0.01754	0.01010	0.01329	0.00850	0.00478	0.00531	0.00159	0.00638	0.00478	0.00266	0.00850
38	0.00865	0.00618	0.00865	0.00989	0.01112	0.00618	0.00865	0.01112	0.01236	0.01606	0.02842	0.06055	0.03089	0.01483	0.00741	0.00247	0.00494	0.74174	0.00494	0.00494
39	0.01311	0.01129	0.01193	0.01080	0.01374	0.01303	0.00837	0.02777	0.74105	0.02214	0.02212	0.04822	0.01707	0.00762	0.00551	0.00183	0.00421	0.00640	0.00544	0.00835
40	0.00741	0.00543	0.00745	0.00895	0.03265	0.00520	0.00647	0.00892	0.01107	0.01460	0.02950	0.51948	0.05969	0.01570	0.00696	0.00224	0.00378	0.24493	0.00490	0.00468
41	0.02041	0.01504	0.01611	0.01235	0.01665	0.01665	0.01020	0.75997	0.02524	0.03383	0.01289	0.01289	0.00913	0.00644	0.00537	0.00161	0.00591	0.00483	0.00537	0.00913
42	0.00655	0.00478	0.00616	0.00722	0.00773	0.00440	0.00488	0.00757	0.01064	0.01401	0.05325	0.69859	0.12191	0.01628	0.00678	0.00212	0.00305	0.01465	0.00501	0.00440
43	0.02408	0.00914	0.01246	0.00955	0.01370	0.00789	0.00789	0.02616	0.01536	0.78158	0.02118	0.01827	0.01329	0.00664	0.00540	0.00166	0.00457	0.00540	0.00664	0.00914
44	0.05381	0.75212	0.05054	0.00927	0.01391	0.02053	0.00935	0.01609	0.01084	0.01331	0.00753	0.00870	0.00683	0.00463	0.00349	0.00119	0.00573	0.00291	0.00234	0.00687
45	0.01014	0.00954	0.01610	0.79845	0.03697	0.01193	0.01491	0.01371	0.01073	0.01371	0.00954	0.01431	0.00716	0.00537	0.00537	0.00179	0.00716	0.00477	0.00239	0.00596
46	0.01695	0.01176	0.01246	0.01015	0.01338	0.03197	0.00829	0.45806	0.01993	0.06032	0.01548	0.01841	0.01207	0.00700	0.00508	0.00158	0.00498	0.05899	0.22549	0.00766
47	0.01533	0.01384	0.02212	0.01656	0.02102	0.01427	0.34633	0.28930	0.12493	0.02386	0.01397	0.04859	0.01085	0.00614	0.00588	0.00175	0.00696	0.00613	0.00417	0.00798
48	0.01329	0.01275	0.02179	0.03295	0.77787	0.01275	0.01647	0.01647	0.01222	0.01754	0.01010	0.01329	0.00850	0.00478	0.00531	0.00159	0.00638	0.00478	0.00266	0.00850
49	0.01526	0.01093	0.01209	0.01053	0.01373	0.01208	0.00828	0.04685	0.57814	0.16165	0.05390	0.02038	0.01710	0.00730	0.00549	0.00178	0.00428	0.00607	0.00570	0.00848
50	0.01655	0.01477	0.02299	0.01695	0.02170	0.03733	0.35477	0.34926	0.03568	0.04003	0.01212	0.01376	0.00884	0.00551	0.00577	0.00168	0.00736	0.00549	0.00405	0.02538
51	0.39115	0.01147	0.01497	0.01989	0.38659	0.01215	0.01116	0.01673	0.01101	0.06544	0.00957	0.01152	0.00757	0.00498	0.00442	0.00163	0.00527	0.00397	0.00319	0.00733
52	0.00643	0.00544	0.00555	0.00553	0.00730	0.00457	0.00414	0.00787	0.01243	0.01497	0.10255	0.05089	0.72722	0.01342	0.00634	0.00180	0.00271	0.01122	0.00505	0.00457
53	0.01223	0.01167	0.01988	0.29021	0.52887	0.01248	0.01595	0.01555	0.01172	0.01625	0.00991	0.01363	0.00805	0.00498	0.00533	0.00166	0.00664	0.00478	0.00257	0.00765
54	0.00701	0.00554	0.00636	0.00637	0.00794	0.00489	0.00492	0.00886	0.01318	0.01689	0.27812	0.04905	0.46103	0.01291	0.00646	0.00185	0.00292	0.09567	0.00527	0.00475
55	0.00674	0.00486	0.00642	0.00760	0.00808	0.00455	0.00529	0.00784	0.01058	0.01397	0.03075	0.69617	0.07323	0.01646	0.00688	0.00219	0.00327	0.08571	0.00498	0.00443
56	0.06014	0.01154	0.01260	0.00968	0.01396	0.01123	0.00781	0.23899	0.13376	0.02351	0.01235	0.01292	0.00951	0.00529	0.00459	0.00125	0.00460	0.00411	0.00420	0.41795
57	0.01284	0.01059	0.01842	0.01467	0.01800	0.02955	0.29704	0.01626	0.03496	0.12927	0.05774	0.04578	0.04668	0.00877	0.00690	0.00198	0.03940	0.20031	0.00424	0.00660
58	0.01355	0.00741	0.00949	0.00813	0.01052	0.00697	0.00638	0.04465	0.07092	0.25475	0.46020	0.03092	0.03513	0.00921	0.00595	0.00169	0.00341	0.00794	0.00608	0.00672
59	0.78769	0.01166	0.06485	0.00766	0.01132	0.01207	0.00684	0.01587	0.00930	0.02356	0.00763	0.00891	0.00589	0.00499	0.00345	0.00166	0.00443	0.00298	0.00324	0.00597
60	0.01208	0.00955	0.01513	0.25153	0.14423	0.01027	0.06421	0.03580	0.04173	0.09679	0.03152	0.07939	0.02877	0.06782	0.00771	0.00209	0.02717	0.06398	0.00368	0.00654
61	0.01490	0.73798	0.02687	0.00964	0.01405	0.09585	0.00930	0.01659	0.01132	0.01268	0.00754	0.00871	0.00689	0.00468	0.00358	0.00117	0.00612	0.00293	0.00234	0.00682
62	0.01113	0.00954	0.01113	0.00795	0.01272	0.00716	0.00636	0.01352	0.01113	0.01749	0.00954	0.01113	0.00795	0.00398	0.00398	0.00080	0.00398	0.00318	0.00318	0.84417
63	0.01221	0.30142	0.46135	0.01283	0.01923	0.01560	0.01526	0.01755	0.06837	0.01588	0.00980	0.01104	0.00756	0.00509	0.00455	0.00152	0.00689	0.00374	0.00252	0.00761
64	0.01894	0.01163	0.01654	0.03551	0.01726	0.01170	0.14054	0.22423	0.05697	0.31499	0.01625	0.01607	0.01112	0.00625	0.00572	0.00167	0.02306	0.00539	0.05781	0.00834
65	0.01432	0.17652	0.02376	0.01592	0.01943	0.18631	0.28242	0.01684	0.01191	0.01439	0.00907	0.01232	0.00774	0.02845	0.00813	0.00178	0.15679	0.00474	0.00259	0.00658
66	0.01035	0.00976	0.01649	0.74621	0.08753	0.01198	0.01501	0.01390	0.01084	0.01398	0.00958	0.01424	0.00725	0.00533	0.00536	0.00178	0.00710	0.00477	0.00240	0.00614
67	0.11761	0.01208	0.01414	0.01572	0.20089	0.07211	0.01005	0.13605	0.10744	0.04163	0.01283	0.03264	0.01066	0.02947	0.09571	0.02379	0.02791	0.00500	0.00373	0.03053
68	0.01087	0.02284	0.57257	0.01427	0.02073	0.01202	0.04335	0.01786	0.11763	0.01736	0.01219	0.03081	0.00932	0.00830	0.06456	0.00225	0.00784	0.00473	0.00284	0.00767
69	0.01060	0.00968	0.01176	0.03365	0.06812	0.11209	0.05111	0.01300	0.01253	0.01559	0.02302	0.10735	0.02455	0.01220	0.00676	0.00218	0.00582	0.47022	0.00430	0.00548
70	0.00640	0.00523	0.00565	0.00600	0.00740	0.00448	0.00433	0.00764	0.01170	0.01428	0.04759	0.25877	0.57297	0.01448	0.00648	0.00191	0.00283	0.01241	0.00498	0.00448
71	0.01313	0.01259	0.02150	0.07137	0.74068	0.01271	0.01640	0.01634	0.01215	0.01735	0.01007	0.01334	0.00844	0.00481	0.00532	0.00160	0.00642	0.00478	0.00264	0.00838

[dist]
# distance from previous block
# <min> <max>
1	1

[block]
# block no. 6 follows, 45 sequences, length 19
# corresponding to MSA columns:
# 1131-1149
name=unknown_G
#
# <colnr> <probs for GDERKNQSTAVLIFYWHMCP>
#	G	D	E	R	K	N	Q	S	T	A	V	L	I	F	Y	W	H	M	C	P
0	0.01077	0.02777	0.78354	0.01530	0.02323	0.01247	0.01983	0.01700	0.01133	0.01700	0.00963	0.01133	0.00680	0.00510	0.00510	0.00170	0.00793	0.00397	0.00227	0.00793
1	0.01096	0.07078	0.74225	0.01497	0.02272	0.01295	0.01925	0.01695	0.01131	0.01676	0.00951	0.01118	0.00680	0.00507	0.00501	0.00167	0.00781	0.00391	0.00227	0.00788
2	0.01137	0.06295	0.66832	0.01444	0.02165	0.01231	0.01815	0.01699	0.01155	0.04905	0.01115	0.01447	0.00853	0.00573	0.00517	0.00172	0.00751	0.04858	0.00261	0.00775
3	0.01231	0.01256	0.06536	0.32308	0.40839	0.01263	0.01574	0.05544	0.01230	0.01692	0.01001	0.01354	0.00792	0.00511	0.00532	0.00168	0.00674	0.00473	0.00268	0.00753
4	0.00663	0.00471	0.00620	0.00736	0.00765	0.00442	0.00487	0.00750	0.01011	0.01348	0.02872	0.75528	0.03442	0.07087	0.00824	0.00239	0.00326	0.01475	0.00487	0.00428
5	0.01046	0.01003	0.01743	0.70879	0.07206	0.01208	0.06556	0.01408	0.01094	0.01414	0.00966	0.01427	0.00729	0.00528	0.00543	0.00178	0.00725	0.00488	0.00242	0.00617
6	0.01691	0.01080	0.01801	0.01501	0.06937	0.01020	0.21815	0.08246	0.01474	0.30836	0.03746	0.02387	0.01501	0.00736	0.00600	0.00183	0.00606	0.12575	0.00487	0.00777
7	0.07687	0.01123	0.01350	0.01063	0.01453	0.01145	0.03105	0.22748	0.12274	0.37152	0.01761	0.01676	0.01209	0.03026	0.00593	0.00178	0.00502	0.00527	0.00568	0.00859
8	0.00849	0.00644	0.00793	0.00829	0.00983	0.00629	0.00675	0.04209	0.05439	0.01730	0.13492	0.11172	0.22336	0.01339	0.00676	0.00210	0.00390	0.32573	0.00513	0.00518
9	0.01014	0.00954	0.01610	0.79845	0.03697	0.01193	0.01491	0.01371	0.01073	0.01371	0.00954	0.01431	0.00716	0.00537	0.00537	0.00179	0.00716	0.00477	0.00239	0.00596
10	0.01317	0.01002	0.01448	0.34046	0.04121	0.04299	0.05111	0.06064	0.01336	0.14039	0.11883	0.04351	0.01597	0.00694	0.00558	0.00171	0.00589	0.02810	0.00397	0.04167
11	0.01201	0.04317	0.36004	0.10875	0.13956	0.01313	0.18086	0.04796	0.01227	0.01733	0.01004	0.01265	0.00750	0.00500	0.00540	0.00170	0.00770	0.00471	0.00257	0.00766
12	0.02868	0.01376	0.01612	0.01463	0.11095	0.06040	0.03711	0.38012	0.01841	0.02512	0.05723	0.01407	0.01100	0.00637	0.00644	0.00159	0.08419	0.00486	0.00423	0.10473
