[name]
unknown

[dist]
# distance from previous block
# <min> <max>
0	112

[block]
# block no. 0 follows, 50 sequences, length 6
# corresponding to MSA columns:
# 135-140
name=unknown_A
#
# <colnr> <probs for GDERKNQSTAVLIFYWHMCP>
#	G	D	E	R	K	N	Q	S	T	A	V	L	I	F	Y	W	H	M	C	P
0	0.00763	0.00554	0.00752	0.00854	0.00968	0.00543	0.00728	0.00970	0.01130	0.01457	0.02909	0.11998	0.11172	0.01380	0.00673	0.00221	0.00422	0.61595	0.00460	0.00450
1	0.00712	0.00534	0.00801	0.00801	0.00890	0.00623	0.00623	0.00890	0.00801	0.01157	0.01335	0.01958	0.01246	0.03738	0.80507	0.00801	0.01335	0.00534	0.00267	0.00445
2	0.01282	0.07765	0.02124	0.13034	0.36735	0.01266	0.17977	0.07692	0.01224	0.04664	0.00987	0.01251	0.00775	0.00464	0.00502	0.00152	0.00641	0.00464	0.00276	0.00727
3	0.52861	0.01299	0.09546	0.01031	0.07523	0.07696	0.00835	0.07172	0.01077	0.05769	0.00839	0.00948	0.00634	0.00484	0.00376	0.00152	0.00496	0.00323	0.00317	0.00622
4	0.01168	0.00974	0.01265	0.01006	0.03648	0.00902	0.05663	0.07717	0.04693	0.05149	0.03232	0.03314	0.00975	0.00522	0.00560	0.00118	0.09216	0.00414	0.00335	0.49128
5	0.20808	0.07873	0.01353	0.01050	0.01341	0.17914	0.06567	0.05047	0.08851	0.06603	0.01181	0.03271	0.01011	0.00627	0.00522	0.00156	0.05444	0.06790	0.00343	0.03246

[dist]
# distance from previous block
# <min> <max>
0	2

[block]
# block no. 1 follows, 50 sequences, length 21
# corresponding to MSA columns:
# 143-163
name=unknown_B
#
# <colnr> <probs for GDERKNQSTAVLIFYWHMCP>
#	G	D	E	R	K	N	Q	S	T	A	V	L	I	F	Y	W	H	M	C	P
0	0.00718	0.00640	0.04891	0.00660	0.00827	0.00526	0.00537	0.00994	0.04230	0.01849	0.57166	0.03726	0.19312	0.01026	0.00579	0.00160	0.00271	0.00890	0.00512	0.00487
1	0.01697	0.15409	0.03572	0.01273	0.01608	0.49061	0.07829	0.11033	0.01430	0.01487	0.00834	0.00962	0.00677	0.00500	0.00447	0.00132	0.00787	0.00353	0.00277	0.00633
2	0.01034	0.01014	0.01635	0.59131	0.07964	0.03822	0.08163	0.01420	0.05520	0.01368	0.00955	0.01332	0.00729	0.00511	0.00543	0.00166	0.03396	0.00459	0.00243	0.00594
3	0.01081	0.22233	0.60959	0.01282	0.01942	0.01357	0.01599	0.01557	0.01043	0.01479	0.00845	0.00990	0.00633	0.00462	0.00436	0.00145	0.00687	0.00343	0.00211	0.00713
4	0.01081	0.22078	0.61110	0.01283	0.01944	0.01356	0.01601	0.01558	0.01043	0.01480	0.00846	0.00991	0.00633	0.00462	0.00436	0.00145	0.00687	0.00344	0.00211	0.00713
5	0.00712	0.00534	0.00801	0.00801	0.00890	0.00623	0.00623	0.00890	0.00801	0.01157	0.01335	0.01958	0.01246	0.03738	0.80507	0.00801	0.01335	0.00534	0.00267	0.00445
6	0.00607	0.00434	0.00578	0.00694	0.00723	0.00405	0.00463	0.00694	0.00954	0.01272	0.02747	0.82157	0.03297	0.01562	0.00636	0.00202	0.00289	0.01417	0.00463	0.00405
7	0.00674	0.00496	0.00641	0.00739	0.00795	0.00485	0.00518	0.00876	0.07022	0.01355	0.02682	0.69169	0.03121	0.01476	0.00631	0.00202	0.00312	0.07901	0.00466	0.00440
8	0.86003	0.00964	0.00733	0.00655	0.00964	0.01118	0.00540	0.01465	0.00848	0.02236	0.00694	0.00810	0.00540	0.00463	0.00308	0.00154	0.00386	0.00270	0.00308	0.00540
9	0.01035	0.00982	0.01665	0.56173	0.27811	0.01132	0.01431	0.01356	0.01041	0.01387	0.00903	0.01298	0.00705	0.00481	0.00497	0.00160	0.00641	0.00443	0.00230	0.00629
10	0.01452	0.01000	0.01302	0.03961	0.15655	0.02512	0.00862	0.06534	0.03721	0.21585	0.01224	0.01283	0.00901	0.00478	0.00444	0.00120	0.00457	0.00399	0.00385	0.35724
11	0.00627	0.00506	0.00558	0.00545	0.00697	0.00437	0.00409	0.00789	0.01226	0.01560	0.29273	0.04446	0.54815	0.01183	0.00589	0.00165	0.00247	0.01003	0.00491	0.00437
12	0.01333	0.82783	0.02612	0.00853	0.01279	0.01972	0.00853	0.01493	0.01013	0.01173	0.00693	0.00800	0.00640	0.00426	0.00320	0.00107	0.00533	0.00267	0.00213	0.00640
13	0.01234	0.01184	0.02023	0.03059	0.79373	0.01184	0.01530	0.01530	0.01135	0.01628	0.00938	0.01234	0.00790	0.00444	0.00493	0.00148	0.00592	0.00444	0.00247	0.00790
14	0.01417	0.01148	0.01485	0.01278	0.05646	0.07977	0.12720	0.14643	0.14646	0.12286	0.01383	0.01563	0.01071	0.03289	0.14752	0.00280	0.02827	0.00508	0.00390	0.00690
15	0.00786	0.00550	0.00641	0.00615	0.00713	0.00530	0.00424	0.04938	0.01085	0.03504	0.19185	0.08968	0.18962	0.32477	0.04220	0.00311	0.00399	0.00853	0.00419	0.00420
16	0.01039	0.17810	0.34943	0.01108	0.01564	0.01185	0.03270	0.01524	0.10823	0.01470	0.01263	0.05320	0.01136	0.10527	0.00720	0.00195	0.00589	0.04589	0.00286	0.00639
17	0.01034	0.09000	0.20793	0.04052	0.01836	0.01130	0.22185	0.01420	0.03558	0.01525	0.07071	0.04434	0.01225	0.00770	0.04868	0.00194	0.05988	0.03292	0.00284	0.05340
18	0.04126	0.00990	0.03981	0.01419	0.15709	0.04580	0.10444	0.05405	0.05494	0.03577	0.03888	0.18598	0.04381	0.03579	0.03317	0.00205	0.00541	0.08799	0.00371	0.00596
19	0.01219	0.11064	0.03476	0.01241	0.05932	0.11415	0.13054	0.03186	0.05796	0.07117	0.05483	0.09171	0.01557	0.02653	0.05756	0.00210	0.00627	0.10085	0.00356	0.00604
20	0.03472	0.04881	0.26131	0.03211	0.10106	0.05725	0.11576	0.01583	0.01139	0.12411	0.03387	0.06015	0.03980	0.02236	0.00560	0.00164	0.01904	0.00524	0.00317	0.00677

[dist]
# distance from previous block
# <min> <max>
3	58

[block]
# block no. 2 follows, 50 sequences, length 10
# corresponding to MSA columns:
# 222-231
name=unknown_C
#
# <colnr> <probs for GDERKNQSTAVLIFYWHMCP>
#	G	D	E	R	K	N	Q	S	T	A	V	L	I	F	Y	W	H	M	C	P
0	0.13843	0.06411	0.05158	0.09502	0.02864	0.01165	0.00895	0.11337	0.08916	0.04831	0.05924	0.08737	0.01305	0.00884	0.04866	0.00204	0.11623	0.00543	0.00364	0.00628
1	0.12106	0.21838	0.18235	0.12778	0.01858	0.11606	0.05348	0.01643	0.04360	0.04518	0.00916	0.01081	0.00714	0.00493	0.00432	0.00146	0.00637	0.00367	0.00269	0.00653
2	0.12780	0.05464	0.01052	0.00844	0.01071	0.09481	0.05646	0.09520	0.01260	0.01861	0.11361	0.10543	0.07043	0.00760	0.00471	0.00151	0.00431	0.00622	0.19084	0.00554
3	0.04086	0.00592	0.00707	0.00722	0.00846	0.00573	0.00531	0.05963	0.03090	0.03783	0.16734	0.38809	0.14616	0.01263	0.00603	0.00187	0.00318	0.05602	0.00486	0.00489
4	0.10036	0.00904	0.01059	0.00896	0.06552	0.00747	0.00651	0.01289	0.01058	0.01731	0.06028	0.01227	0.01000	0.00440	0.00394	0.00097	0.00384	0.00349	0.00317	0.64839
5	0.34585	0.05133	0.01171	0.01072	0.09858	0.02814	0.00759	0.13349	0.09123	0.02086	0.01039	0.01252	0.00853	0.06444	0.00558	0.00171	0.00465	0.00390	0.00350	0.08528
6	0.01725	0.01139	0.01421	0.12054	0.01744	0.01175	0.03801	0.36215	0.01734	0.21017	0.01310	0.01346	0.00916	0.00565	0.00494	0.00147	0.00529	0.00452	0.00459	0.11758
7	0.00817	0.00636	0.00712	0.00701	0.00865	0.00609	0.00536	0.09670	0.04251	0.01632	0.07445	0.20407	0.39424	0.01236	0.00604	0.00183	0.00328	0.08969	0.00479	0.00498
8	0.10516	0.00626	0.00789	0.16391	0.01240	0.00678	0.00615	0.00944	0.00881	0.01289	0.01674	0.19846	0.01843	0.34408	0.01362	0.00310	0.00470	0.05358	0.00338	0.00421
9	0.01411	0.09014	0.01665	0.06113	0.06307	0.06746	0.14794	0.12223	0.09095	0.13106	0.01539	0.04815	0.05377	0.04828	0.00610	0.00171	0.00571	0.00552	0.00382	0.00681

[dist]
# distance from previous block
# <min> <max>
2	9

[block]
# block no. 3 follows, 50 sequences, length 28
# corresponding to MSA columns:
# 241-268
name=unknown_D
#
# <colnr> <probs for GDERKNQSTAVLIFYWHMCP>
#	G	D	E	R	K	N	Q	S	T	A	V	L	I	F	Y	W	H	M	C	P
0	0.01371	0.01140	0.02108	0.01564	0.01975	0.02600	0.43917	0.01788	0.07648	0.18579	0.04367	0.06158	0.01216	0.00573	0.00558	0.00164	0.00649	0.00615	0.00377	0.02633
1	0.00820	0.00643	0.00814	0.00759	0.00893	0.02169	0.02824	0.05824	0.04173	0.01844	0.46235	0.21497	0.05484	0.01080	0.00612	0.00169	0.02207	0.00952	0.00500	0.00499
2	0.01333	0.82783	0.02612	0.00853	0.01279	0.01972	0.00853	0.01493	0.01013	0.01173	0.00693	0.00800	0.00640	0.00426	0.00320	0.00107	0.00533	0.00267	0.00213	0.00640
3	0.00682	0.00508	0.00650	0.00725	0.00825	0.00475	0.00567	0.00842	0.01105	0.01429	0.09461	0.29390	0.21458	0.01379	0.00640	0.00200	0.00338	0.28423	0.00468	0.00434
4	0.01756	0.00956	0.04296	0.01093	0.01468	0.00815	0.14267	0.03490	0.01344	0.49550	0.05170	0.06276	0.03728	0.00685	0.00534	0.00162	0.00492	0.02652	0.00515	0.00750
5	0.01381	0.01071	0.01370	0.36641	0.04829	0.07734	0.01094	0.11863	0.06782	0.14837	0.01303	0.03933	0.01008	0.00608	0.00506	0.00162	0.00588	0.03264	0.00365	0.00661
6	0.01234	0.01184	0.02023	0.03059	0.79373	0.01184	0.01530	0.01530	0.01135	0.01628	0.00938	0.01234	0.00790	0.00444	0.00493	0.00148	0.00592	0.00444	0.00247	0.00790
7	0.00663	0.00557	0.02538	0.00654	0.00786	0.00478	0.00507	0.00843	0.02661	0.01463	0.15856	0.23921	0.34373	0.02758	0.00643	0.00188	0.00302	0.09899	0.00468	0.00442
8	0.01015	0.01004	0.01849	0.38723	0.09586	0.01103	0.22365	0.01340	0.01060	0.01410	0.01137	0.04700	0.00992	0.00605	0.00596	0.00174	0.04337	0.07148	0.00262	0.00593
9	0.01011	0.05216	0.77359	0.01402	0.02128	0.01184	0.01809	0.01576	0.01051	0.01565	0.00888	0.01044	0.00632	0.00472	0.00469	0.00156	0.00730	0.00365	0.00211	0.00733
10	0.01333	0.82783	0.02612	0.00853	0.01279	0.01972	0.00853	0.01493	0.01013	0.01173	0.00693	0.00800	0.00640	0.00426	0.00320	0.00107	0.00533	0.00267	0.00213	0.00640
11	0.01141	0.00961	0.01107	0.00813	0.01259	0.00728	0.00638	0.01330	0.01101	0.01721	0.00994	0.01182	0.00840	0.00442	0.00417	0.00095	0.00407	0.00332	0.00332	0.84159
12	0.00607	0.00434	0.00578	0.00694	0.00723	0.00405	0.00463	0.00694	0.00954	0.01272	0.02747	0.82157	0.03297	0.01562	0.00636	0.00202	0.00289	0.01417	0.00463	0.00405
13	0.00856	0.00661	0.03084	0.00786	0.00871	0.00615	0.00577	0.02389	0.00984	0.01339	0.04742	0.15300	0.03904	0.34105	0.15536	0.00438	0.00632	0.12329	0.00393	0.00458
14	0.01121	0.00842	0.08136	0.00819	0.01049	0.03579	0.00700	0.01310	0.01169	0.20849	0.05908	0.24271	0.15906	0.02343	0.00606	0.00183	0.00401	0.09773	0.00471	0.00563
15	0.00601	0.00508	0.00521	0.00524	0.00689	0.00428	0.00397	0.00734	0.01146	0.01373	0.07405	0.04792	0.73903	0.01259	0.00593	0.00170	0.00260	0.03808	0.00466	0.00424
16	0.01090	0.01038	0.01764	0.41502	0.42054	0.01147	0.01458	0.01404	0.01067	0.01454	0.00912	0.01280	0.00728	0.00471	0.00496	0.00157	0.00628	0.00444	0.00234	0.00674
17	0.01146	0.01223	0.06462	0.06770	0.47786	0.01134	0.17917	0.01477	0.01141	0.01609	0.05168	0.03791	0.01050	0.00507	0.00522	0.00156	0.00630	0.00524	0.00267	0.00720
18	0.01049	0.01015	0.01773	0.46721	0.28036	0.01130	0.08250	0.01372	0.01061	0.01420	0.01015	0.01384	0.02620	0.00492	0.00507	0.00160	0.00647	0.00471	0.00238	0.00638
19	0.01122	0.02408	0.72139	0.01368	0.02070	0.01116	0.01732	0.01662	0.01089	0.09280	0.01000	0.01116	0.00691	0.00488	0.00476	0.00157	0.00706	0.00381	0.00251	0.00748
20	0.00920	0.05277	0.34381	0.05663	0.03759	0.00950	0.02502	0.01348	0.05206	0.01526	0.05291	0.07039	0.09384	0.00860	0.02359	0.00185	0.00577	0.11838	0.00323	0.00613
21	0.01097	0.04233	0.66400	0.01492	0.06221	0.01158	0.04799	0.01623	0.01082	0.05971	0.00957	0.01104	0.00679	0.00477	0.00477	0.00156	0.00711	0.00386	0.00237	0.00741
22	0.01487	0.01145	0.01522	0.08851	0.23110	0.03545	0.02935	0.17672	0.13440	0.12926	0.01310	0.01392	0.00969	0.00542	0.00489	0.00149	0.00531	0.00464	0.02233	0.05289
23	0.01139	0.01041	0.01803	0.34415	0.37069	0.01117	0.07305	0.01449	0.01091	0.05008	0.01018	0.03507	0.00825	0.00502	0.00507	0.00159	0.00625	0.00484	0.00260	0.00677
24	0.01307	0.01168	0.05844	0.27870	0.28754	0.03230	0.03710	0.06697	0.03886	0.11056	0.01096	0.01325	0.00818	0.00504	0.00498	0.00156	0.00609	0.00452	0.00308	0.00712
25	0.02815	0.03603	0.31371	0.09179	0.10541	0.01157	0.21742	0.03048	0.01127	0.05981	0.01056	0.04239	0.00821	0.00508	0.00510	0.00160	0.00692	0.00486	0.00266	0.00698
26	0.05184	0.00496	0.00590	0.00631	0.00721	0.00465	0.00443	0.00796	0.01073	0.01482	0.19925	0.40678	0.18383	0.05924	0.00707	0.00199	0.00286	0.01130	0.00464	0.00424
27	0.00627	0.00458	0.00625	0.03713	0.00833	0.00443	0.00505	0.00732	0.00963	0.01289	0.04914	0.73140	0.03148	0.01604	0.04245	0.00227	0.00349	0.01325	0.00447	0.00414

[dist]
# distance from previous block
# <min> <max>
0	2

[block]
# block no. 4 follows, 50 sequences, length 19
# corresponding to MSA columns:
# 271-289
name=unknown_E
#
# <colnr> <probs for GDERKNQSTAVLIFYWHMCP>
#	G	D	E	R	K	N	Q	S	T	A	V	L	I	F	Y	W	H	M	C	P
0	0.01006	0.00848	0.01006	0.00760	0.01163	0.00654	0.00616	0.01228	0.01047	0.01608	0.01096	0.01585	0.00994	0.00490	0.00407	0.00093	0.00380	0.09390	0.00315	0.75312
1	0.00709	0.00529	0.00709	0.00753	0.04388	0.00492	0.00522	0.00915	0.01296	0.01805	0.56004	0.17528	0.08214	0.01111	0.00595	0.00167	0.00268	0.03013	0.00513	0.00471
2	0.01163	0.01120	0.01924	0.06758	0.50816	0.01116	0.12635	0.04957	0.01190	0.01641	0.01451	0.01682	0.10194	0.00549	0.00520	0.00154	0.00590	0.00539	0.00284	0.00718
3	0.00757	0.00615	0.00990	0.06232	0.01221	0.00605	0.09886	0.00943	0.01042	0.01378	0.02383	0.43999	0.02689	0.01299	0.00637	0.00204	0.00431	0.23805	0.00420	0.00463
4	0.01195	0.01171	0.02077	0.11354	0.61990	0.01185	0.10646	0.01510	0.01125	0.01586	0.00941	0.01257	0.00772	0.00447	0.00505	0.00152	0.00630	0.00461	0.00245	0.00750
5	0.01144	0.01308	0.10150	0.11946	0.39696	0.01180	0.19407	0.01495	0.01110	0.01558	0.00990	0.01388	0.00813	0.00489	0.00550	0.00160	0.02789	0.02868	0.00247	0.00711
6	0.00610	0.00459	0.00567	0.00651	0.00722	0.00416	0.00453	0.00714	0.01012	0.01302	0.03377	0.57740	0.24166	0.01472	0.00625	0.00194	0.00286	0.04359	0.00463	0.00411
7	0.01202	0.01175	0.02085	0.09811	0.20824	0.01236	0.29006	0.01693	0.12930	0.04179	0.01128	0.01379	0.00877	0.00529	0.00657	0.00168	0.09611	0.00516	0.00295	0.00699
8	0.01251	0.01750	0.32476	0.08679	0.10105	0.04561	0.09422	0.10720	0.01252	0.06334	0.01065	0.01364	0.00818	0.00548	0.00556	0.00162	0.04426	0.03510	0.00291	0.00712
9	0.00857	0.00675	0.00825	0.00861	0.00955	0.04323	0.00681	0.01005	0.01056	0.04620	0.02561	0.31441	0.10096	0.01298	0.00755	0.00205	0.10140	0.26747	0.00429	0.00468
10	0.00872	0.00726	0.00731	0.00775	0.00870	0.10066	0.00543	0.00974	0.01107	0.04709	0.08815	0.54776	0.10408	0.01341	0.00614	0.00191	0.00373	0.01176	0.00463	0.00471
11	0.01350	0.08388	0.06295	0.10693	0.27217	0.03092	0.11599	0.11808	0.03648	0.05544	0.02737	0.03263	0.00972	0.00547	0.00512	0.00158	0.00621	0.00492	0.00323	0.00739
12	0.03050	0.01220	0.07309	0.02767	0.30658	0.03983	0.09046	0.04421	0.07034	0.07704	0.02410	0.01934	0.01209	0.05711	0.00676	0.00189	0.01664	0.07959	0.00344	0.00712
13	0.01318	0.07577	0.15332	0.07044	0.08355	0.09030	0.11095	0.10678	0.13119	0.01747	0.01147	0.01378	0.00913	0.04051	0.00651	0.00177	0.04893	0.00466	0.00321	0.00708
14	0.01186	0.01232	0.11228	0.06321	0.12770	0.02579	0.09051	0.15974	0.05052	0.01845	0.02793	0.19542	0.01539	0.00821	0.00586	0.00177	0.02485	0.03772	0.00376	0.00671
15	0.05867	0.08663	0.16925	0.01509	0.15899	0.13207	0.02984	0.09221	0.04498	0.06410	0.03283	0.03862	0.01075	0.00607	0.00492	0.00158	0.00621	0.03672	0.00336	0.00711
16	0.03823	0.05916	0.10173	0.03078	0.30335	0.01070	0.08780	0.03177	0.01127	0.01626	0.03581	0.07627	0.02574	0.04078	0.00588	0.00166	0.00562	0.00540	0.00299	0.10882
17	0.01370	0.02715	0.04587	0.03733	0.46448	0.06545	0.01281	0.09476	0.01293	0.06152	0.01239	0.04821	0.03378	0.00580	0.00531	0.00156	0.02126	0.00502	0.00321	0.02744
18	0.04063	0.16455	0.13584	0.04000	0.33469	0.01312	0.02873	0.05127	0.02290	0.03009	0.01117	0.02605	0.03389	0.00538	0.00499	0.00152	0.02402	0.00444	0.00282	0.02389

[dist]
# distance from previous block
# <min> <max>
26	386

[block]
# block no. 5 follows, 50 sequences, length 34
# corresponding to MSA columns:
# 785-818
name=unknown_F
#
# <colnr> <probs for GDERKNQSTAVLIFYWHMCP>
#	G	D	E	R	K	N	Q	S	T	A	V	L	I	F	Y	W	H	M	C	P
0	0.02644	0.01020	0.01531	0.18334	0.11615	0.02450	0.12394	0.06908	0.07037	0.01710	0.08693	0.01560	0.01212	0.02393	0.01575	0.00158	0.00557	0.00492	0.00322	0.17395
1	0.04499	0.03447	0.01403	0.11057	0.11463	0.03304	0.06441	0.08592	0.01123	0.01589	0.06148	0.04470	0.01120	0.00864	0.04155	0.09594	0.09101	0.00490	0.00299	0.10844
2	0.07523	0.02237	0.01422	0.25127	0.08632	0.04824	0.06165	0.04005	0.04016	0.06944	0.04813	0.02352	0.01032	0.03156	0.03438	0.00189	0.06611	0.00474	0.00309	0.06732
3	0.01394	0.06906	0.04595	0.08149	0.11471	0.07088	0.06583	0.20223	0.06369	0.03977	0.01064	0.01235	0.00830	0.02048	0.00541	0.00146	0.03029	0.00423	0.00338	0.13591
4	0.11642	0.03675	0.04355	0.06638	0.12940	0.10266	0.00956	0.07636	0.08309	0.08118	0.03034	0.04370	0.01027	0.02075	0.00580	0.00157	0.06338	0.00458	0.00344	0.07082
5	0.03532	0.01190	0.09412	0.08139	0.16510	0.02891	0.05678	0.07590	0.03520	0.02845	0.04396	0.01478	0.01025	0.00960	0.10024	0.00236	0.12305	0.01933	0.00296	0.06039
6	0.04211	0.01137	0.01452	0.17818	0.14777	0.02998	0.02418	0.21834	0.15933	0.03873	0.01230	0.01359	0.00926	0.00545	0.00483	0.00152	0.00537	0.00456	0.02731	0.05132
7	0.03625	0.01110	0.01774	0.21637	0.32320	0.02579	0.10042	0.08714	0.01223	0.01699	0.03436	0.01464	0.00940	0.00517	0.00504	0.00155	0.00609	0.02997	0.00286	0.04370
8	0.07626	0.02744	0.07211	0.11830	0.39935	0.01164	0.04675	0.05562	0.01142	0.03069	0.00929	0.01183	0.00743	0.00469	0.00500	0.00147	0.02729	0.00417	0.00269	0.07655
9	0.00724	0.03613	0.00716	0.00733	0.00814	0.00510	0.00536	0.00841	0.01001	0.03387	0.02618	0.57711	0.05208	0.03860	0.00679	0.00206	0.00337	0.13561	0.00448	0.02498
10	0.03875	0.10667	0.01495	0.01053	0.01424	0.01478	0.00874	0.45193	0.21788	0.02572	0.01331	0.01307	0.00986	0.00588	0.00471	0.00148	0.00497	0.00448	0.00457	0.03348
11	0.01358	0.04029	0.38835	0.03518	0.03058	0.04963	0.07446	0.03123	0.02563	0.18531	0.01150	0.01227	0.00804	0.00500	0.00478	0.00149	0.00639	0.00413	0.00322	0.06895
12	0.01154	0.10629	0.54962	0.01521	0.10409	0.03363	0.02753	0.04494	0.01128	0.03797	0.00918	0.01070	0.00677	0.00475	0.00463	0.00150	0.00690	0.00375	0.00239	0.00735
13	0.01039	0.09957	0.68977	0.01401	0.02098	0.01238	0.05444	0.01571	0.01055	0.01542	0.00881	0.01043	0.00638	0.00467	0.00465	0.00154	0.00723	0.00370	0.00213	0.00725
14	0.00883	0.00759	0.01196	0.09966	0.27785	0.00768	0.00966	0.01090	0.01059	0.01438	0.03335	0.32332	0.04157	0.01028	0.00578	0.00182	0.00453	0.11101	0.00365	0.00560
15	0.01156	0.02273	0.64395	0.01448	0.04421	0.01116	0.05915	0.01674	0.01104	0.10383	0.01023	0.01147	0.00711	0.00486	0.00484	0.00158	0.00703	0.00398	0.00260	0.00747
16	0.01315	0.01168	0.07205	0.26660	0.22951	0.02813	0.09846	0.01676	0.04086	0.15652	0.01150	0.01363	0.00841	0.00502	0.00505	0.00158	0.00621	0.00467	0.00314	0.00705
17	0.01062	0.01016	0.01756	0.41099	0.33869	0.01118	0.05999	0.01377	0.01066	0.01441	0.01001	0.03277	0.00837	0.00518	0.00510	0.00161	0.00632	0.02365	0.00245	0.00650
18	0.00825	0.00731	0.01175	0.53328	0.02492	0.00864	0.01062	0.01073	0.00987	0.01275	0.01595	0.27214	0.03684	0.00859	0.00545	0.00178	0.00533	0.00771	0.00305	0.00503
19	0.01172	0.01098	0.03975	0.29313	0.18143	0.02435	0.20392	0.01492	0.01114	0.08558	0.01150	0.06833	0.00942	0.00551	0.00528	0.00163	0.00652	0.00547	0.00287	0.00653
20	0.01158	0.02211	0.62736	0.01353	0.02005	0.01082	0.05542	0.01657	0.01095	0.11660	0.01065	0.01235	0.00761	0.03607	0.00561	0.00170	0.00692	0.00410	0.00269	0.00731
21	0.00803	0.00574	0.00803	0.00918	0.01033	0.00574	0.00803	0.01033	0.01147	0.01492	0.02639	0.05622	0.02869	0.01377	0.00688	0.00229	0.00459	0.76018	0.00459	0.00459
22	0.00793	0.00601	0.00889	0.00928	0.01063	0.00587	0.05320	0.01020	0.01159	0.01522	0.09598	0.10735	0.06222	0.01296	0.00665	0.00215	0.00440	0.56026	0.00455	0.00467
23	0.03201	0.16971	0.25317	0.01255	0.01749	0.03565	0.13333	0.08655	0.02937	0.12179	0.03356	0.03265	0.00955	0.00535	0.00473	0.00149	0.00619	0.00452	0.00325	0.00710
24	0.01692	0.11405	0.01444	0.01123	0.01376	0.53208	0.00866	0.01816	0.01275	0.08317	0.00948	0.01208	0.00816	0.08925	0.00693	0.00168	0.03477	0.00376	0.00288	0.00580
25	0.09844	0.00859	0.01118	0.00866	0.01244	0.00768	0.00715	0.02342	0.01374	0.72681	0.01851	0.01616	0.01171	0.00603	0.00484	0.00154	0.00421	0.00480	0.00589	0.00820
26	0.01419	0.02979	0.03937	0.10603	0.25938	0.02880	0.08435	0.10591	0.04968	0.15349	0.06841	0.01518	0.01163	0.00550	0.00507	0.00154	0.00564	0.00498	0.00371	0.00737
27	0.00979	0.00849	0.11142	0.00908	0.01088	0.00654	0.07938	0.03523	0.00885	0.04159	0.03731	0.03483	0.03395	0.01323	0.01408	0.52877	0.00499	0.00500	0.00268	0.00391
28	0.00939	0.00881	0.01469	0.75566	0.03263	0.01102	0.01343	0.01260	0.01002	0.01295	0.03478	0.01399	0.00798	0.00530	0.00545	0.00168	0.03722	0.00458	0.00232	0.00551
29	0.01179	0.38542	0.33659	0.01243	0.06960	0.03055	0.01291	0.01548	0.02918	0.01390	0.00846	0.00997	0.00688	0.00565	0.03067	0.00155	0.00650	0.00337	0.00224	0.00685
30	0.01130	0.06245	0.34778	0.01772	0.25846	0.03790	0.01435	0.01569	0.04619	0.03804	0.06004	0.01467	0.04292	0.00543	0.00485	0.00152	0.00610	0.00459	0.00280	0.00718
31	0.01056	0.11607	0.50643	0.01411	0.02019	0.01230	0.14457	0.01559	0.03407	0.01555	0.03575	0.03363	0.00887	0.00512	0.00484	0.00155	0.00691	0.00445	0.00245	0.00698
32	0.00941	0.00886	0.01495	0.81285	0.03433	0.01107	0.01384	0.01274	0.00997	0.01274	0.00886	0.01329	0.00664	0.00498	0.00498	0.00166	0.00664	0.00443	0.00221	0.00554
33	0.08852	0.01363	0.22562	0.01201	0.08406	0.03578	0.03345	0.05307	0.05169	0.08858	0.13057	0.05225	0.06613	0.00715	0.00527	0.01479	0.00510	0.02211	0.00374	0.00647

[dist]
# distance from previous block
# <min> <max>
0	2

[block]
# block no. 6 follows, 50 sequences, length 13
# corresponding to MSA columns:
# 821-833
name=unknown_G
#
# <colnr> <probs for GDERKNQSTAVLIFYWHMCP>
#	G	D	E	R	K	N	Q	S	T	A	V	L	I	F	Y	W	H	M	C	P
0	0.03003	0.02585	0.09081	0.15705	0.20674	0.12407	0.14019	0.06342	0.01228	0.04100	0.03599	0.01284	0.00867	0.00507	0.00525	0.00154	0.02509	0.00455	0.00279	0.00676
1	0.01451	0.01496	0.01260	0.14325	0.04287	0.34811	0.00914	0.07081	0.04820	0.05979	0.02923	0.01601	0.04339	0.09239	0.03198	0.00201	0.00702	0.00469	0.00321	0.00584
2	0.00690	0.00503	0.00662	0.00656	0.00762	0.00476	0.00491	0.00893	0.01269	0.01769	0.54691	0.14669	0.08108	0.01361	0.07637	0.00223	0.00349	0.03831	0.00504	0.00456
3	0.01370	0.03966	0.03290	0.19652	0.24944	0.08923	0.07044	0.01658	0.02511	0.14383	0.01168	0.01368	0.02463	0.00532	0.00550	0.00156	0.04564	0.00459	0.00310	0.00691
4	0.01206	0.01118	0.05602	0.24581	0.26534	0.01129	0.07670	0.05007	0.01148	0.08420	0.01234	0.01485	0.05100	0.00560	0.00598	0.00163	0.06984	0.00490	0.00292	0.00678
5	0.00914	0.00815	0.01285	0.01106	0.01221	0.00985	0.10815	0.01103	0.00863	0.01294	0.01132	0.03765	0.01045	0.02021	0.34784	0.00449	0.27629	0.00527	0.07739	0.00508
6	0.01109	0.01161	0.11446	0.35455	0.17412	0.01091	0.01299	0.01603	0.12408	0.06128	0.01221	0.05397	0.00975	0.00571	0.00503	0.00163	0.00587	0.00503	0.00302	0.00667
7	0.01229	0.04475	0.27771	0.03927	0.21680	0.01046	0.04416	0.03389	0.01165	0.12965	0.03808	0.08487	0.02214	0.00611	0.00503	0.00157	0.00582	0.00535	0.00325	0.00716
8	0.01206	0.07186	0.40920	0.08387	0.03098	0.02609	0.08845	0.06673	0.01187	0.08927	0.01202	0.02693	0.03779	0.00538	0.00488	0.00156	0.00660	0.00452	0.00288	0.00706
9	0.01246	0.23301	0.33131	0.01218	0.05503	0.02911	0.02744	0.01630	0.03383	0.10713	0.05129	0.01277	0.00982	0.00655	0.03977	0.00172	0.00634	0.00405	0.00292	0.00697
10	0.01369	0.08789	0.29550	0.04628	0.14210	0.01169	0.03783	0.07492	0.01231	0.16872	0.01235	0.01327	0.03105	0.00534	0.00506	0.00153	0.02540	0.00435	0.00327	0.00744
11	0.05580	0.01243	0.07315	0.18458	0.24925	0.06145	0.08707	0.03213	0.07954	0.05495	0.01228	0.03140	0.03319	0.00542	0.00498	0.00158	0.00607	0.00489	0.00301	0.00683
12	0.01028	0.06626	0.71133	0.01434	0.02140	0.01206	0.06507	0.01575	0.01058	0.01559	0.00891	0.01058	0.00640	0.00468	0.00473	0.00156	0.00733	0.00377	0.00213	0.00728

[dist]
# distance from previous block
# <min> <max>
2	14

[block]
# block no. 7 follows, 50 sequences, length 12
# corresponding to MSA columns:
# 848-859
name=unknown_H
#
# <colnr> <probs for GDERKNQSTAVLIFYWHMCP>
#	G	D	E	R	K	N	Q	S	T	A	V	L	I	F	Y	W	H	M	C	P
0	0.09743	0.10296	0.11266	0.01148	0.07034	0.07655	0.00957	0.11839	0.07789	0.08040	0.04087	0.03875	0.01057	0.00687	0.03220	0.00168	0.03426	0.00443	0.00352	0.06918
1	0.02502	0.03560	0.01254	0.18302	0.21465	0.00879	0.00947	0.01140	0.00948	0.01334	0.01254	0.07973	0.01215	0.14486	0.15795	0.00329	0.00683	0.00570	0.03282	0.02080
2	0.01303	0.35090	0.12120	0.01172	0.07441	0.12092	0.01020	0.04809	0.01126	0.01410	0.00868	0.03998	0.00771	0.00512	0.00462	0.00127	0.04661	0.00364	0.00253	0.10402
3	0.17890	0.07783	0.06056	0.10992	0.17478	0.01130	0.07780	0.01668	0.03767	0.14837	0.01076	0.01215	0.00799	0.00486	0.00446	0.00148	0.00539	0.00410	0.00325	0.05173
4	0.16297	0.20388	0.10771	0.06655	0.14913	0.01373	0.03323	0.09620	0.02753	0.06186	0.00932	0.01077	0.00726	0.00491	0.00450	0.00145	0.02542	0.00373	0.00296	0.00689
5	0.00792	0.00538	0.00605	0.00589	0.00616	0.00545	0.00351	0.05529	0.00838	0.01118	0.01609	0.07270	0.01830	0.73128	0.02310	0.00448	0.00477	0.00744	0.00323	0.00341
6	0.00787	0.00587	0.00747	0.03467	0.00912	0.00600	0.00569	0.00914	0.01044	0.06176	0.06468	0.30510	0.27763	0.03370	0.00777	0.00195	0.09992	0.04225	0.00434	0.00462
7	0.08866	0.01228	0.05120	0.18934	0.13286	0.09370	0.04584	0.03801	0.03849	0.01507	0.01045	0.01329	0.03679	0.00715	0.03554	0.00191	0.17618	0.00447	0.00267	0.00610
8	0.01281	0.03676	0.03247	0.11733	0.31981	0.16529	0.06102	0.03880	0.01183	0.01510	0.00998	0.05741	0.00874	0.00531	0.00502	0.00145	0.01862	0.00466	0.00268	0.07493
9	0.00938	0.01117	0.13520	0.01310	0.01633	0.00872	0.25746	0.01237	0.01091	0.03301	0.01961	0.20561	0.07397	0.00927	0.00632	0.00186	0.03356	0.13297	0.00351	0.00568
10	0.01085	0.00819	0.01261	0.03903	0.25643	0.00808	0.03518	0.01362	0.05506	0.10496	0.05038	0.21891	0.03720	0.03673	0.00630	0.00186	0.00457	0.08990	0.00399	0.00617
11	0.01042	0.00751	0.01037	0.13181	0.05837	0.00802	0.00799	0.10347	0.01232	0.08601	0.10881	0.31020	0.02268	0.01025	0.00632	0.00180	0.05018	0.04359	0.00428	0.00561

[dist]
# distance from previous block
# <min> <max>
1	7

[block]
# block no. 8 follows, 50 sequences, length 26
# corresponding to MSA columns:
# 870-895
name=unknown_I
#
# <colnr> <probs for GDERKNQSTAVLIFYWHMCP>
#	G	D	E	R	K	N	Q	S	T	A	V	L	I	F	Y	W	H	M	C	P
0	0.01365	0.03183	0.01489	0.05079	0.06102	0.06271	0.08807	0.16356	0.25904	0.04577	0.04561	0.01574	0.02666	0.00607	0.00544	0.00155	0.03654	0.00507	0.00407	0.06192
1	0.19027	0.06585	0.08873	0.01105	0.05510	0.05909	0.00921	0.23364	0.06774	0.13446	0.01199	0.03155	0.00897	0.00566	0.00447	0.00151	0.00520	0.00424	0.00403	0.00726
2	0.01682	0.01290	0.01376	0.01104	0.01465	0.01446	0.00896	0.53301	0.27101	0.02798	0.01467	0.01412	0.01067	0.00624	0.00501	0.00156	0.00498	0.00486	0.00501	0.00829
3	0.00673	0.00495	0.00632	0.00637	0.00741	0.00453	0.00469	0.00862	0.01267	0.01740	0.50382	0.21185	0.13551	0.01181	0.00602	0.00171	0.00257	0.03735	0.00516	0.00449
4	0.07137	0.02196	0.61084	0.01288	0.01936	0.01117	0.01572	0.04812	0.01139	0.11667	0.01030	0.01124	0.00711	0.00496	0.00467	0.00157	0.00664	0.00382	0.00281	0.00742
5	0.09487	0.34386	0.01838	0.01013	0.02971	0.06958	0.00871	0.24137	0.01441	0.05740	0.00995	0.01185	0.00817	0.00547	0.00441	0.00136	0.02518	0.03486	0.00341	0.00691
6	0.01006	0.00921	0.01495	0.75835	0.03305	0.01137	0.01355	0.06472	0.01088	0.01401	0.00907	0.01320	0.00677	0.00505	0.00498	0.00165	0.00657	0.00443	0.00240	0.00574
7	0.00612	0.00501	0.00541	0.00541	0.00690	0.00429	0.00402	0.00757	0.01176	0.01465	0.18926	0.09862	0.59893	0.01237	0.00592	0.00168	0.00252	0.01048	0.00479	0.00429
8	0.01186	0.01142	0.01910	0.11012	0.62292	0.01216	0.01463	0.01464	0.01077	0.01541	0.00899	0.01227	0.00761	0.00500	0.00628	0.00158	0.10103	0.00443	0.00241	0.00736
9	0.01571	0.01070	0.01425	0.34355	0.02272	0.01194	0.01084	0.30230	0.01593	0.18392	0.01229	0.01356	0.00852	0.00561	0.00499	0.00157	0.00571	0.00457	0.00408	0.00726
10	0.01745	0.02163	0.01493	0.01501	0.10977	0.66676	0.01039	0.01893	0.01344	0.01268	0.00785	0.00950	0.00661	0.00524	0.00518	0.00136	0.05132	0.00342	0.00254	0.00602
11	0.00702	0.00592	0.00764	0.10118	0.03891	0.00587	0.00617	0.00868	0.01102	0.01400	0.10421	0.16040	0.40267	0.01160	0.00632	0.00178	0.03703	0.06074	0.00424	0.00459
12	0.01430	0.01667	0.01448	0.01270	0.01422	0.39747	0.04143	0.01564	0.01097	0.01216	0.00802	0.01135	0.00729	0.03275	0.06769	0.00223	0.30864	0.00402	0.00244	0.00552
13	0.06462	0.01711	0.01337	0.01145	0.01447	0.35525	0.00896	0.27723	0.10985	0.02032	0.01092	0.01166	0.00843	0.00724	0.04562	0.00176	0.00712	0.00402	0.00373	0.00686
14	0.00631	0.00513	0.00591	0.00638	0.03090	0.00449	0.00445	0.00773	0.01146	0.01447	0.16492	0.19174	0.50337	0.01255	0.00595	0.00172	0.00267	0.01078	0.00470	0.00437
15	0.01176	0.01345	0.02941	0.02101	0.02605	0.01261	0.77563	0.01597	0.01176	0.01597	0.01008	0.01345	0.00756	0.00420	0.00588	0.00168	0.00840	0.00588	0.00252	0.00672
16	0.00941	0.00886	0.01495	0.81285	0.03433	0.01107	0.01384	0.01274	0.00997	0.01274	0.00886	0.01329	0.00664	0.00498	0.00498	0.00166	0.00664	0.00443	0.00221	0.00554
17	0.01542	0.03744	0.01346	0.01078	0.01405	0.04074	0.00868	0.36306	0.35806	0.02466	0.01554	0.03148	0.01178	0.00651	0.00525	0.00159	0.02373	0.00509	0.00478	0.00790
18	0.14537	0.01267	0.03993	0.01467	0.18935	0.07253	0.00998	0.20397	0.03600	0.07059	0.03311	0.01223	0.00900	0.00549	0.00534	0.00149	0.06041	0.00415	0.00360	0.07013
19	0.12610	0.01017	0.01216	0.19260	0.03004	0.06196	0.00907	0.10516	0.01277	0.22008	0.05564	0.01579	0.01127	0.02311	0.02454	0.00182	0.05561	0.02160	0.00397	0.00653
20	0.01906	0.11696	0.04002	0.01003	0.01384	0.01195	0.00870	0.24149	0.01586	0.39643	0.01458	0.01375	0.00988	0.00599	0.00549	0.00151	0.05712	0.00447	0.00491	0.00798
21	0.00755	0.00551	0.00779	0.00917	0.03523	0.00549	0.00718	0.00943	0.01068	0.01411	0.02525	0.27077	0.02812	0.01559	0.06095	0.00258	0.00474	0.47091	0.00440	0.00454
22	0.01349	0.27627	0.28653	0.01192	0.01654	0.20312	0.01237	0.04472	0.01154	0.01398	0.00797	0.00944	0.00646	0.00500	0.00499	0.00139	0.06201	0.00333	0.00234	0.00660
23	0.01407	0.05266	0.08367	0.04350	0.32656	0.05484	0.04223	0.19800	0.06825	0.03548	0.01152	0.01299	0.02322	0.00522	0.00489	0.00150	0.00596	0.00451	0.00332	0.00763
24	0.01613	0.01835	0.01344	0.01231	0.03757	0.49492	0.00909	0.10640	0.01351	0.01424	0.00914	0.01267	0.00821	0.10984	0.00859	0.00187	0.10105	0.00404	0.00286	0.00577
25	0.00724	0.00486	0.00559	0.00570	0.00577	0.00485	0.00335	0.00740	0.00757	0.01007	0.01676	0.06634	0.01929	0.74859	0.02361	0.00458	0.00474	0.04739	0.00317	0.00315

[dist]
# distance from previous block
# <min> <max>
0	4

# created by:
# /home/cegg/simao/soft/augustus-3.2.1/scripts/msa2prfl.pl ./align_prep/EOG091G0Z7J.fa
