[name]
unknown

[dist]
# distance from previous block
# <min> <max>
0	180

[block]
# block no. 0 follows, 56 sequences, length 8
# corresponding to MSA columns:
# 180-187
name=unknown_A
#
# <colnr> <probs for GDERKNQSTAVLIFYWHMCP>
#	G	D	E	R	K	N	Q	S	T	A	V	L	I	F	Y	W	H	M	C	P
0	0.00740	0.00528	0.00740	0.00845	0.00951	0.00528	0.00740	0.00951	0.01057	0.01374	0.02431	0.05179	0.02642	0.01268	0.00634	0.00211	0.00423	0.77912	0.00423	0.00423
1	0.01654	0.02073	0.01360	0.01354	0.09749	0.73552	0.00942	0.01789	0.01274	0.01163	0.00726	0.00860	0.00606	0.00466	0.00418	0.00120	0.00798	0.00308	0.00236	0.00553
2	0.00867	0.00816	0.01377	0.82762	0.03162	0.01020	0.01275	0.01173	0.00918	0.01173	0.00816	0.01224	0.00612	0.00459	0.00459	0.00153	0.00612	0.00408	0.00204	0.00510
3	0.00587	0.00429	0.00539	0.00615	0.00670	0.00399	0.00430	0.00678	0.00905	0.01175	0.02778	0.52857	0.16544	0.10140	0.00770	0.00211	0.00296	0.09196	0.00410	0.00371
4	0.00668	0.00445	0.00501	0.00501	0.00501	0.00445	0.00278	0.00668	0.00668	0.00890	0.01447	0.03004	0.01669	0.83866	0.02337	0.00445	0.00445	0.00668	0.00278	0.00278
5	0.87108	0.00888	0.00675	0.00604	0.00888	0.01030	0.00497	0.01350	0.00781	0.02060	0.00639	0.00746	0.00497	0.00426	0.00284	0.00142	0.00355	0.00249	0.00284	0.00497
6	0.01036	0.00952	0.01528	0.45930	0.29420	0.01080	0.01267	0.07160	0.04479	0.01445	0.00899	0.01206	0.00698	0.00456	0.00458	0.00146	0.00571	0.00414	0.00242	0.00613
7	0.35781	0.00919	0.00983	0.00852	0.04655	0.00959	0.00660	0.15568	0.01228	0.26919	0.03730	0.01177	0.00890	0.00506	0.00389	0.00139	0.00397	0.00372	0.00408	0.03469

[dist]
# distance from previous block
# <min> <max>
1	3

[block]
# block no. 1 follows, 56 sequences, length 147
# corresponding to MSA columns:
# 191-337
name=unknown_B
#
# <colnr> <probs for GDERKNQSTAVLIFYWHMCP>
#	G	D	E	R	K	N	Q	S	T	A	V	L	I	F	Y	W	H	M	C	P
0	0.01144	0.01115	0.01850	0.03667	0.70625	0.02929	0.05313	0.01465	0.04624	0.01505	0.00908	0.01162	0.00752	0.00420	0.00459	0.00138	0.00556	0.00418	0.00238	0.00715
1	0.04777	0.12048	0.41871	0.01172	0.01694	0.01085	0.10125	0.01566	0.02503	0.14430	0.03790	0.01158	0.00829	0.00467	0.00433	0.00140	0.00584	0.00387	0.00279	0.00662
2	0.00998	0.00815	0.00957	0.00686	0.01091	0.00615	0.00549	0.01200	0.00967	0.04777	0.00857	0.00977	0.00699	0.00349	0.00345	0.00071	0.00342	0.00280	0.00284	0.83142
3	0.15078	0.00973	0.08026	0.00747	0.01152	0.00746	0.00660	0.03226	0.00995	0.10461	0.00905	0.00991	0.00695	0.00393	0.00356	0.00097	0.00382	0.00299	0.00304	0.53513
4	0.00981	0.00815	0.00955	0.00684	0.01090	0.00614	0.00547	0.01184	0.00961	0.03553	0.00842	0.00968	0.00692	0.00346	0.00343	0.00070	0.00341	0.00277	0.00280	0.84459
5	0.01637	0.05916	0.01351	0.01097	0.01384	0.44862	0.00860	0.25258	0.10165	0.01742	0.00951	0.01003	0.00737	0.00509	0.00427	0.00127	0.00663	0.00353	0.00327	0.00631
6	0.00579	0.00428	0.00546	0.00633	0.00694	0.00395	0.00451	0.00682	0.00933	0.01210	0.02914	0.58817	0.17536	0.01365	0.00584	0.00184	0.00280	0.10959	0.00426	0.00382
7	0.01401	0.04043	0.01202	0.01009	0.01285	0.21850	0.00791	0.13967	0.44043	0.03388	0.01415	0.01359	0.01069	0.00565	0.00447	0.00141	0.00508	0.00436	0.00400	0.00682
8	0.01221	0.82433	0.04058	0.00796	0.01195	0.01801	0.00805	0.01376	0.00934	0.01088	0.00642	0.00741	0.00589	0.00394	0.00298	0.00099	0.00495	0.00247	0.00196	0.00591
9	0.00828	0.00435	0.00451	0.00451	0.00560	0.00430	0.00341	0.01039	0.00993	0.01698	0.07529	0.02011	0.03801	0.00603	0.00352	0.00114	0.00220	0.02527	0.75189	0.00427
10	0.00545	0.00465	0.00468	0.00468	0.00622	0.00389	0.00351	0.00664	0.01052	0.01254	0.06395	0.04396	0.79063	0.01158	0.00543	0.00155	0.00232	0.00966	0.00428	0.00389
11	0.22521	0.01011	0.01082	0.00924	0.04063	0.02900	0.00720	0.25130	0.08619	0.24376	0.01278	0.03380	0.00921	0.00549	0.00420	0.00142	0.00426	0.00417	0.00433	0.00688
12	0.32299	0.01298	0.01023	0.00969	0.04919	0.24786	0.00717	0.09712	0.10931	0.01765	0.01006	0.06843	0.00858	0.00549	0.00393	0.00139	0.00513	0.00396	0.00318	0.00567
13	0.00676	0.00504	0.00633	0.00598	0.00717	0.00479	0.00449	0.00960	0.06890	0.01792	0.68397	0.05458	0.08816	0.00943	0.00537	0.00147	0.00229	0.00829	0.00496	0.00450
14	0.01221	0.82508	0.03986	0.00796	0.01194	0.01802	0.00804	0.01376	0.00934	0.01088	0.00642	0.00741	0.00589	0.00394	0.00297	0.00099	0.00495	0.00247	0.00196	0.00591
15	0.10936	0.04372	0.05130	0.01033	0.01403	0.01261	0.06145	0.44472	0.08635	0.10356	0.01148	0.01152	0.00818	0.00523	0.00439	0.00140	0.00491	0.00408	0.00414	0.00722
16	0.00881	0.00830	0.01402	0.78593	0.07222	0.01024	0.01282	0.01185	0.00925	0.01190	0.00818	0.01219	0.00618	0.00456	0.00459	0.00152	0.00609	0.00408	0.00205	0.00521
17	0.15130	0.00823	0.01003	0.00792	0.01127	0.00781	0.00651	0.05508	0.05424	0.59433	0.01670	0.01493	0.02961	0.00563	0.00436	0.00143	0.00385	0.00442	0.00511	0.00725
18	0.02559	0.15654	0.60727	0.01189	0.01781	0.04564	0.01454	0.01488	0.02360	0.03031	0.00824	0.00946	0.00607	0.00436	0.00410	0.00137	0.00637	0.00326	0.00210	0.00658
19	0.07137	0.01372	0.01296	0.01034	0.01371	0.13920	0.00838	0.56501	0.05474	0.04959	0.01069	0.01079	0.00773	0.00535	0.00442	0.00136	0.00536	0.00391	0.00417	0.00722
20	0.00676	0.00484	0.00547	0.00536	0.00684	0.00418	0.00404	0.00814	0.01095	0.07057	0.17577	0.11469	0.52384	0.01109	0.00543	0.00157	0.00249	0.02922	0.00450	0.00423
21	0.01076	0.43839	0.41385	0.01043	0.01577	0.01447	0.01234	0.01414	0.00951	0.01264	0.00730	0.00851	0.00585	0.00414	0.00364	0.00121	0.00583	0.00292	0.00195	0.00633
22	0.04341	0.01170	0.08145	0.08206	0.59707	0.01087	0.05413	0.01427	0.03357	0.01505	0.00882	0.01137	0.00717	0.00421	0.00452	0.00140	0.00560	0.00407	0.00232	0.00694
23	0.01136	0.01091	0.01863	0.02818	0.81002	0.01091	0.01409	0.01409	0.01045	0.01500	0.00864	0.01136	0.00727	0.00409	0.00455	0.00136	0.00545	0.00409	0.00227	0.00727
24	0.00568	0.00474	0.00496	0.00489	0.00639	0.00407	0.00367	0.00718	0.02422	0.01336	0.15299	0.04233	0.68723	0.01122	0.00541	0.00154	0.00233	0.00942	0.00438	0.00400
25	0.05540	0.01144	0.01467	0.02430	0.02708	0.05758	0.13933	0.30552	0.05142	0.24714	0.01258	0.01254	0.00869	0.00518	0.00463	0.00142	0.00525	0.00439	0.00424	0.00719
26	0.01004	0.00919	0.01450	0.46777	0.24798	0.02430	0.01220	0.03072	0.04995	0.02962	0.01040	0.01417	0.02441	0.00499	0.00465	0.00149	0.00563	0.02961	0.00249	0.00589
27	0.00559	0.00401	0.00531	0.00635	0.00665	0.00373	0.00424	0.00640	0.00883	0.01174	0.02582	0.81653	0.04916	0.01432	0.00585	0.00186	0.00266	0.01297	0.00426	0.00373
28	0.01177	0.70655	0.15449	0.00872	0.01312	0.01693	0.00936	0.01388	0.00939	0.01142	0.00669	0.00775	0.00588	0.00400	0.00318	0.00106	0.00522	0.00261	0.00196	0.00604
29	0.04244	0.00976	0.01168	0.02192	0.03318	0.10054	0.05562	0.02853	0.06754	0.48852	0.04375	0.03073	0.03281	0.00584	0.00463	0.00142	0.00457	0.00484	0.00470	0.00695
30	0.00938	0.06843	0.77166	0.01280	0.01943	0.01107	0.01646	0.01450	0.00967	0.01433	0.00814	0.00957	0.00582	0.00434	0.00428	0.00143	0.00668	0.00334	0.00194	0.00674
31	0.00559	0.00400	0.00533	0.00639	0.00666	0.00373	0.00426	0.00639	0.00879	0.01172	0.02530	0.83566	0.03036	0.01438	0.00586	0.00186	0.00266	0.01305	0.00426	0.00373
32	0.02472	0.00728	0.01131	0.22219	0.21157	0.00763	0.00916	0.01124	0.01033	0.06093	0.13484	0.16668	0.04853	0.00769	0.00502	0.00156	0.00432	0.04629	0.00338	0.00534
33	0.01136	0.01091	0.01863	0.02818	0.81002	0.01091	0.01409	0.01409	0.01045	0.01500	0.00864	0.01136	0.00727	0.00409	0.00455	0.00136	0.00545	0.00409	0.00227	0.00727
34	0.00669	0.00494	0.00718	0.00715	0.00789	0.00572	0.00547	0.00818	0.00737	0.01069	0.01247	0.01897	0.01187	0.10664	0.70988	0.00683	0.02510	0.00505	0.02791	0.00400
35	0.01079	0.01032	0.01760	0.19860	0.64408	0.01076	0.01380	0.01359	0.01018	0.01430	0.00853	0.01155	0.00703	0.00420	0.00455	0.00140	0.00560	0.00409	0.00222	0.00681
36	0.01205	0.62087	0.13434	0.01026	0.06990	0.06194	0.00964	0.01414	0.00967	0.01165	0.00684	0.00803	0.00598	0.00405	0.00333	0.00109	0.00540	0.00273	0.00200	0.00608
37	0.01084	0.01238	0.02709	0.01935	0.02399	0.01161	0.79334	0.01471	0.01084	0.01471	0.00929	0.01238	0.00697	0.00387	0.00542	0.00155	0.00774	0.00542	0.00232	0.00619
38	0.00715	0.00515	0.00709	0.00809	0.00912	0.00509	0.00695	0.00912	0.01043	0.01351	0.02562	0.10953	0.07021	0.01275	0.00625	0.00206	0.00401	0.67947	0.00423	0.00417
39	0.03618	0.01106	0.07218	0.01930	0.43750	0.01014	0.01145	0.09325	0.03933	0.17123	0.04491	0.01310	0.00972	0.00486	0.00455	0.00139	0.00496	0.00432	0.00335	0.00721
40	0.01104	0.01058	0.01806	0.12288	0.71781	0.01082	0.01393	0.01381	0.01030	0.01461	0.00858	0.01147	0.00714	0.00415	0.00455	0.00138	0.00553	0.00409	0.00224	0.00701
41	0.00727	0.00519	0.00725	0.00831	0.00931	0.00517	0.00717	0.00929	0.01044	0.01360	0.02438	0.10761	0.02670	0.01280	0.00631	0.00210	0.00412	0.72456	0.00423	0.00419
42	0.00882	0.00846	0.01472	0.77006	0.03108	0.01030	0.06834	0.01194	0.00930	0.01194	0.00824	0.01225	0.00618	0.00454	0.00465	0.00153	0.00624	0.00418	0.00206	0.00518
43	0.01030	0.31081	0.50595	0.01101	0.01668	0.01313	0.01332	0.01415	0.00956	0.01324	0.00758	0.00887	0.00588	0.00417	0.00383	0.00126	0.00600	0.00304	0.00198	0.03926
44	0.87108	0.00888	0.00675	0.00604	0.00888	0.01030	0.00497	0.01350	0.00781	0.02060	0.00639	0.00746	0.00497	0.00426	0.00284	0.00142	0.00355	0.00249	0.00284	0.00497
45	0.00967	0.00825	0.00960	0.00687	0.01094	0.00627	0.00550	0.02597	0.00974	0.01522	0.00821	0.00955	0.00682	0.00344	0.00342	0.00069	0.00343	0.00275	0.00275	0.85091
46	0.05057	0.00947	0.01151	0.00886	0.01242	0.00927	0.00732	0.26897	0.01565	0.53360	0.01542	0.01386	0.00999	0.00558	0.00454	0.00141	0.00426	0.00438	0.00523	0.00771
47	0.01136	0.01091	0.01863	0.02818	0.81002	0.01091	0.01409	0.01409	0.01045	0.01500	0.00864	0.01136	0.00727	0.00409	0.00455	0.00136	0.00545	0.00409	0.00227	0.00727
48	0.01693	0.02146	0.01322	0.01245	0.04454	0.78937	0.00907	0.01817	0.01291	0.01138	0.00716	0.00840	0.00597	0.00471	0.00416	0.00119	0.00817	0.00300	0.00236	0.00540
49	0.02795	0.00766	0.00950	0.00850	0.01088	0.00766	0.00700	0.14402	0.07949	0.27311	0.01972	0.10599	0.02680	0.00872	0.00524	0.00168	0.00402	0.24111	0.00477	0.00618
50	0.00640	0.00466	0.00602	0.00574	0.00681	0.00428	0.00428	0.00844	0.01266	0.01776	0.72856	0.07179	0.08591	0.00974	0.00544	0.00147	0.00220	0.00860	0.00497	0.00428
51	0.01131	0.01107	0.01956	0.02721	0.72407	0.01098	0.09929	0.01416	0.01050	0.01497	0.00871	0.01147	0.00724	0.00407	0.00464	0.00138	0.00570	0.00424	0.00228	0.00715
52	0.01234	0.01216	0.02443	0.01762	0.02204	0.04181	0.66194	0.01583	0.01122	0.11760	0.01034	0.01265	0.00749	0.00414	0.00527	0.00152	0.00727	0.00522	0.00276	0.00637
53	0.01116	0.01070	0.01827	0.08746	0.75230	0.01086	0.01399	0.01391	0.01036	0.01476	0.00860	0.01143	0.00719	0.00413	0.00455	0.00138	0.00550	0.00409	0.00226	0.00711
54	0.02060	0.00781	0.01065	0.00817	0.01172	0.00675	0.00675	0.02237	0.01314	0.81320	0.01811	0.01563	0.01136	0.00568	0.00462	0.00142	0.00391	0.00462	0.00568	0.00781
55	0.00646	0.00461	0.00632	0.00738	0.00803	0.00448	0.00577	0.00789	0.00964	0.01269	0.02483	0.45925	0.02847	0.01357	0.00609	0.00198	0.00341	0.38091	0.00425	0.00397
56	0.00867	0.00816	0.01377	0.82762	0.03162	0.01020	0.01275	0.01173	0.00918	0.01173	0.00816	0.01224	0.00612	0.00459	0.00459	0.00153	0.00612	0.00408	0.00204	0.00510
57	0.00632	0.00467	0.00590	0.00563	0.00676	0.00425	0.00421	0.00830	0.01252	0.01737	0.67718	0.05638	0.15378	0.00984	0.00543	0.00147	0.00220	0.00863	0.00492	0.00425
58	0.00559	0.00400	0.00533	0.00639	0.00666	0.00373	0.00426	0.00639	0.00879	0.01172	0.02530	0.83566	0.03036	0.01438	0.00586	0.00186	0.00266	0.01305	0.00426	0.00373
59	0.01117	0.01071	0.01829	0.08511	0.75458	0.01086	0.01399	0.01392	0.01036	0.01477	0.00860	0.01143	0.00719	0.00413	0.00455	0.00138	0.00550	0.00409	0.00226	0.00712
60	0.01084	0.01238	0.02709	0.01935	0.02399	0.01161	0.79334	0.01471	0.01084	0.01471	0.00929	0.01238	0.00697	0.00387	0.00542	0.00155	0.00774	0.00542	0.00232	0.00619
61	0.01075	0.01028	0.01753	0.21037	0.63262	0.01075	0.01378	0.01355	0.01016	0.01425	0.00853	0.01156	0.00701	0.00420	0.00456	0.00140	0.00561	0.00409	0.00222	0.00678
62	0.01042	0.00985	0.01666	0.20464	0.57945	0.01028	0.01310	0.01318	0.01035	0.01451	0.06543	0.01319	0.00958	0.00458	0.00462	0.00141	0.00537	0.00439	0.00242	0.00658
63	0.00852	0.00619	0.00929	0.00931	0.01087	0.00611	0.07346	0.01118	0.04269	0.05709	0.02298	0.04495	0.04098	0.01128	0.00608	0.00199	0.00444	0.62373	0.00416	0.00470
64	0.00656	0.00492	0.00738	0.00738	0.00820	0.00574	0.00574	0.00820	0.00738	0.01066	0.01230	0.01804	0.01148	0.03443	0.82046	0.00738	0.01230	0.00492	0.00246	0.00410
65	0.00921	0.02375	0.81487	0.01309	0.01987	0.01066	0.01696	0.01454	0.00969	0.01454	0.00824	0.00969	0.00582	0.00436	0.00436	0.00145	0.00678	0.00339	0.00194	0.00678
66	0.11198	0.01379	0.08973	0.01462	0.01875	0.09015	0.39493	0.12422	0.06571	0.01732	0.00953	0.01131	0.00713	0.00443	0.00474	0.00147	0.00657	0.00447	0.00283	0.00632
67	0.01084	0.01238	0.02709	0.01935	0.02399	0.01161	0.79334	0.01471	0.01084	0.01471	0.00929	0.01238	0.00697	0.00387	0.00542	0.00155	0.00774	0.00542	0.00232	0.00619
68	0.02095	0.00701	0.01062	0.42622	0.02023	0.00793	0.00902	0.04372	0.01065	0.08279	0.15761	0.15277	0.01742	0.00721	0.00493	0.00155	0.00456	0.00636	0.00339	0.00508
69	0.07890	0.52996	0.26059	0.00929	0.01399	0.01529	0.01037	0.01397	0.00932	0.01270	0.00694	0.00807	0.00580	0.00408	0.00336	0.00116	0.00537	0.00274	0.00203	0.00609
70	0.03311	0.01858	0.01570	0.01301	0.01598	0.55626	0.16721	0.07035	0.01305	0.04257	0.00819	0.00955	0.00643	0.00464	0.00442	0.00128	0.00770	0.00359	0.00264	0.00575
71	0.00574	0.00410	0.00550	0.00656	0.00689	0.00386	0.00452	0.00665	0.00894	0.01189	0.02522	0.77143	0.03004	0.01424	0.00590	0.00188	0.00279	0.07582	0.00426	0.00377
72	0.02800	0.00795	0.01158	0.40916	0.02106	0.00903	0.00993	0.08812	0.04185	0.11438	0.01381	0.04199	0.01202	0.00679	0.00495	0.00163	0.00512	0.16371	0.00336	0.00557
73	0.06566	0.01440	0.07839	0.01604	0.02025	0.14049	0.49420	0.05964	0.02314	0.02947	0.00908	0.01128	0.00682	0.00423	0.00491	0.00146	0.00722	0.00461	0.00256	0.00616
74	0.01084	0.01238	0.02709	0.01935	0.02399	0.01161	0.79334	0.01471	0.01084	0.01471	0.00929	0.01238	0.00697	0.00387	0.00542	0.00155	0.00774	0.00542	0.00232	0.00619
75	0.01801	0.01196	0.01322	0.01014	0.01379	0.01290	0.00837	0.65688	0.02008	0.16889	0.01229	0.01184	0.00844	0.00554	0.00460	0.00139	0.00485	0.00422	0.00479	0.00781
76	0.00668	0.00445	0.00501	0.00501	0.00501	0.00445	0.00278	0.00668	0.00668	0.00890	0.01447	0.03004	0.01669	0.83866	0.02337	0.00445	0.00445	0.00668	0.00278	0.00278
77	0.01715	0.02188	0.01301	0.01183	0.01419	0.82022	0.00887	0.01833	0.01301	0.01124	0.00710	0.00828	0.00591	0.00473	0.00414	0.00118	0.00828	0.00296	0.00237	0.00532
78	0.00720	0.00516	0.00716	0.00820	0.00920	0.00512	0.00705	0.00918	0.01042	0.01354	0.02490	0.11697	0.04466	0.01280	0.00628	0.00208	0.00405	0.69762	0.00423	0.00418
79	0.07059	0.02269	0.75732	0.01258	0.01909	0.01064	0.01611	0.01446	0.00956	0.01497	0.00811	0.00953	0.00576	0.00435	0.00425	0.00145	0.00655	0.00333	0.00200	0.00666
80	0.01068	0.01208	0.02614	0.07691	0.02454	0.01151	0.73775	0.01449	0.01072	0.01449	0.00921	0.01237	0.00691	0.00392	0.00536	0.00155	0.00762	0.00532	0.00230	0.00611
81	0.01977	0.00818	0.01142	0.00874	0.01231	0.00727	0.04105	0.03622	0.04326	0.73384	0.01762	0.01546	0.01121	0.00562	0.00465	0.00143	0.00408	0.00466	0.00548	0.00772
82	0.01655	0.02064	0.01309	0.06989	0.01544	0.73876	0.00914	0.04077	0.01299	0.01179	0.00729	0.00864	0.00598	0.00474	0.00419	0.00121	0.00803	0.00307	0.00241	0.00538
83	0.00700	0.06433	0.00778	0.00663	0.00740	0.00620	0.00491	0.00809	0.00728	0.01009	0.01259	0.02125	0.01280	0.29838	0.49848	0.00595	0.00917	0.00532	0.00253	0.00379
84	0.01757	0.00931	0.01098	0.00886	0.01212	0.03011	0.00717	0.10729	0.23734	0.48171	0.01721	0.01536	0.01158	0.00579	0.00462	0.00145	0.00407	0.00468	0.00519	0.00759
85	0.00913	0.00724	0.00785	0.00714	0.00896	0.02433	0.00557	0.01388	0.24183	0.07056	0.06987	0.02844	0.34783	0.00871	0.00590	0.00155	0.07974	0.00700	0.04916	0.00532
86	0.01097	0.01239	0.02682	0.01917	0.02379	0.01166	0.77717	0.03079	0.01106	0.01500	0.00932	0.01236	0.00698	0.00390	0.00540	0.00154	0.00768	0.00539	0.00237	0.00623
87	0.01444	0.01064	0.01217	0.01001	0.01312	0.01169	0.03853	0.29829	0.37556	0.11145	0.01572	0.01583	0.01167	0.00605	0.00473	0.00150	0.00435	0.03226	0.00465	0.00737
88	0.00568	0.00410	0.00540	0.00638	0.00676	0.00382	0.00436	0.00658	0.00903	0.01197	0.04069	0.74433	0.07225	0.01407	0.00585	0.00185	0.00270	0.04614	0.00427	0.00377
89	0.01130	0.01084	0.01852	0.04750	0.79120	0.01089	0.01406	0.01403	0.01042	0.01492	0.00862	0.01138	0.00724	0.00410	0.00455	0.00137	0.00547	0.00409	0.00227	0.00722
90	0.01227	0.84142	0.02406	0.00786	0.01178	0.01817	0.00786	0.01375	0.00933	0.01080	0.00638	0.00736	0.00589	0.00393	0.00295	0.00098	0.00491	0.00245	0.00196	0.00589
91	0.01142	0.00986	0.01038	0.00934	0.01194	0.01142	0.00727	0.02440	0.80172	0.01920	0.01869	0.01713	0.01401	0.00623	0.00467	0.00156	0.00363	0.00519	0.00467	0.00727
92	0.01101	0.01121	0.02042	0.02311	0.45624	0.01160	0.24297	0.01381	0.01004	0.01431	0.00843	0.01146	0.00699	0.00463	0.00641	0.00152	0.13252	0.00447	0.00225	0.00661
93	0.01412	0.00971	0.01091	0.00919	0.01202	0.04077	0.02472	0.09443	0.39458	0.22642	0.04898	0.01738	0.04659	0.00629	0.00492	0.00149	0.02054	0.00515	0.00473	0.00706
94	0.01123	0.00966	0.01022	0.00921	0.01174	0.01115	0.00715	0.02380	0.77165	0.01917	0.04876	0.01778	0.01513	0.00635	0.00470	0.00155	0.00358	0.00531	0.00469	0.00715
95	0.00646	0.00470	0.00608	0.00576	0.00687	0.00432	0.00434	0.00857	0.01283	0.01804	0.75693	0.03507	0.08095	0.00955	0.00543	0.00146	0.00221	0.02111	0.00500	0.00431
96	0.04426	0.28581	0.14930	0.00943	0.03370	0.02523	0.03941	0.06017	0.01126	0.09137	0.15705	0.03334	0.03015	0.00569	0.00417	0.00130	0.00466	0.00455	0.00320	0.00597
97	0.02028	0.00774	0.01055	0.00811	0.01161	0.00669	0.00669	0.02207	0.01314	0.79540	0.03579	0.01604	0.01208	0.00577	0.00463	0.00142	0.00387	0.00470	0.00567	0.00774
98	0.00726	0.00524	0.00720	0.00818	0.00928	0.00518	0.00712	0.00930	0.01056	0.01364	0.02589	0.05124	0.08209	0.01261	0.00628	0.00207	0.00409	0.72432	0.00423	0.00420
99	0.01130	0.01090	0.01878	0.04115	0.77633	0.01091	0.03472	0.01407	0.01044	0.01494	0.00865	0.01140	0.00724	0.00409	0.00457	0.00137	0.00553	0.00413	0.00227	0.00721
100	0.00983	0.20726	0.02256	0.00726	0.00946	0.00883	0.00606	0.01286	0.11628	0.09950	0.10930	0.19530	0.11676	0.00870	0.00477	0.00149	0.00352	0.05098	0.00397	0.00532
101	0.87108	0.00888	0.00675	0.00604	0.00888	0.01030	0.00497	0.01350	0.00781	0.02060	0.00639	0.00746	0.00497	0.00426	0.00284	0.00142	0.00355	0.00249	0.00284	0.00497
102	0.00800	0.00499	0.00666	0.00651	0.00772	0.00462	0.00501	0.00988	0.01195	0.10269	0.47916	0.17135	0.03529	0.01030	0.00553	0.00161	0.00273	0.11652	0.00487	0.00459
103	0.01147	0.01095	0.01853	0.02739	0.76942	0.01099	0.02556	0.02872	0.02463	0.01533	0.00887	0.01147	0.00740	0.00415	0.00456	0.00137	0.00545	0.00413	0.00236	0.00727
104	0.01110	0.04763	0.44742	0.01396	0.01953	0.01158	0.21077	0.11879	0.02956	0.03255	0.00924	0.01075	0.00667	0.00444	0.00462	0.00145	0.00660	0.00403	0.00253	0.00677
105	0.00733	0.00521	0.00719	0.00815	0.00912	0.00521	0.00699	0.00926	0.01023	0.01331	0.02344	0.04988	0.02557	0.08527	0.00784	0.00232	0.00425	0.71123	0.00410	0.00410
106	0.01119	0.01126	0.01990	0.08293	0.57529	0.02933	0.17376	0.01414	0.01050	0.01462	0.00870	0.01156	0.00710	0.00410	0.00472	0.00141	0.00603	0.00434	0.00227	0.00685
107	0.01114	0.01192	0.07493	0.08704	0.63681	0.03172	0.03693	0.01425	0.02416	0.01468	0.00873	0.01136	0.00715	0.00420	0.00455	0.00139	0.00571	0.00407	0.00228	0.00699
108	0.01305	0.01837	0.54346	0.01143	0.01712	0.00934	0.01352	0.01718	0.01086	0.28407	0.01157	0.01170	0.00769	0.00481	0.00445	0.00144	0.00581	0.00381	0.00320	0.00713
109	0.00699	0.00527	0.00705	0.00683	0.00719	0.00607	0.00488	0.00783	0.00703	0.00991	0.01258	0.02254	0.01322	0.39189	0.37525	0.00548	0.09822	0.00561	0.00255	0.00361
110	0.01136	0.01091	0.01863	0.02818	0.81002	0.01091	0.01409	0.01409	0.01045	0.01500	0.00864	0.01136	0.00727	0.00409	0.00455	0.00136	0.00545	0.00409	0.00227	0.00727
111	0.01223	0.03759	0.02827	0.02238	0.47274	0.15229	0.14306	0.01479	0.01077	0.01399	0.00829	0.01080	0.00687	0.00434	0.00503	0.00138	0.04224	0.00406	0.00227	0.00661
112	0.00594	0.00466	0.00537	0.00522	0.00652	0.00409	0.00390	0.00757	0.01163	0.01523	0.40597	0.05535	0.43093	0.01062	0.00543	0.00151	0.00226	0.00910	0.00464	0.00409
113	0.01520	0.05169	0.01501	0.03245	0.23247	0.54993	0.01034	0.01685	0.01208	0.01226	0.00751	0.00917	0.00629	0.00452	0.00421	0.00123	0.00733	0.00327	0.00232	0.00588
114	0.00557	0.00460	0.00491	0.00506	0.00643	0.00394	0.00378	0.00678	0.01037	0.01262	0.07293	0.13551	0.65385	0.01190	0.00552	0.00161	0.00244	0.04399	0.00429	0.00389
115	0.07347	0.68061	0.07934	0.00831	0.01229	0.05865	0.00836	0.01402	0.00944	0.01179	0.00655	0.00759	0.00582	0.00402	0.00310	0.00106	0.00512	0.00255	0.00205	0.00586
116	0.01119	0.17126	0.19636	0.01530	0.04453	0.01286	0.37699	0.06635	0.01090	0.01479	0.00851	0.01066	0.00655	0.00422	0.00491	0.00142	0.03025	0.00425	0.00231	0.00637
117	0.00545	0.00465	0.00469	0.00468	0.00622	0.00389	0.00351	0.00664	0.01053	0.01256	0.06667	0.04392	0.78789	0.01157	0.00543	0.00155	0.00232	0.00965	0.00428	0.00389
118	0.00944	0.08429	0.75632	0.01270	0.01927	0.01122	0.01629	0.01448	0.00967	0.01426	0.00810	0.00952	0.00582	0.00433	0.00426	0.00142	0.00665	0.00332	0.00194	0.00672
119	0.01323	0.72184	0.02229	0.00817	0.01196	0.07628	0.00785	0.01470	0.00987	0.06798	0.00727	0.00802	0.00628	0.00411	0.00315	0.00103	0.00509	0.00265	0.00226	0.00599
120	0.00578	0.00436	0.00537	0.00595	0.00674	0.00395	0.00426	0.00694	0.00992	0.01288	0.12877	0.45524	0.25639	0.01285	0.00571	0.00174	0.00261	0.06232	0.00436	0.00388
121	0.01105	0.01268	0.02631	0.01893	0.02340	0.04089	0.74896	0.01476	0.01084	0.01451	0.00914	0.01219	0.00691	0.00399	0.00557	0.00154	0.02458	0.00530	0.00232	0.00614
122	0.01227	0.84142	0.02406	0.00786	0.01178	0.01817	0.00786	0.01375	0.00933	0.01080	0.00638	0.00736	0.00589	0.00393	0.00295	0.00098	0.00491	0.00245	0.00196	0.00589
123	0.01115	0.37587	0.17891	0.01312	0.01787	0.01428	0.30012	0.01426	0.00996	0.01297	0.00782	0.00967	0.00627	0.00399	0.00414	0.00128	0.00632	0.00373	0.00209	0.00618
124	0.00649	0.00463	0.00635	0.00741	0.00807	0.00450	0.00581	0.00794	0.00967	0.01272	0.02481	0.44750	0.02841	0.01354	0.00610	0.00199	0.00344	0.39239	0.00424	0.00398
125	0.01454	0.01603	0.41429	0.01074	0.01590	0.00908	0.01195	0.04354	0.03258	0.36597	0.01294	0.01254	0.00854	0.00503	0.00449	0.00144	0.00538	0.00400	0.00374	0.00728
126	0.01221	0.78227	0.02367	0.00930	0.06863	0.01765	0.00830	0.01377	0.00941	0.01110	0.00654	0.00765	0.00599	0.00394	0.00306	0.00101	0.00495	0.00257	0.00199	0.00599
127	0.00714	0.00510	0.00711	0.00817	0.00911	0.00507	0.00696	0.00907	0.01032	0.01346	0.02445	0.16187	0.02698	0.01292	0.00627	0.00208	0.00401	0.67154	0.00423	0.00416
128	0.00659	0.00487	0.00630	0.00713	0.00790	0.00479	0.00543	0.00866	0.06280	0.01290	0.02585	0.44873	0.08310	0.02743	0.00621	0.00195	0.00326	0.26771	0.00425	0.00413
129	0.00927	0.10839	0.67399	0.01206	0.01808	0.01096	0.01510	0.01388	0.00959	0.01394	0.00926	0.06827	0.00757	0.00503	0.00432	0.00143	0.00629	0.00398	0.00211	0.00647
130	0.01063	0.20853	0.09924	0.01449	0.01869	0.01227	0.42352	0.02380	0.01043	0.01378	0.01045	0.03366	0.00916	0.00511	0.00483	0.00147	0.00646	0.08507	0.00247	0.00594
131	0.02017	0.00895	0.01103	0.00855	0.01205	0.04977	0.00702	0.08384	0.01381	0.70874	0.01697	0.01488	0.01080	0.00562	0.00459	0.00140	0.00423	0.00449	0.00542	0.00768
132	0.04307	0.32995	0.08414	0.01038	0.01384	0.36871	0.02949	0.04832	0.01147	0.01249	0.00712	0.00825	0.00597	0.00439	0.00372	0.00116	0.00658	0.00290	0.00229	0.00577
133	0.00957	0.12036	0.72143	0.01247	0.01891	0.01155	0.01589	0.01445	0.00965	0.01410	0.00802	0.00942	0.00582	0.00431	0.00419	0.00140	0.00656	0.00328	0.00194	0.00668
134	0.00615	0.00468	0.00566	0.00541	0.00665	0.00418	0.00406	0.00799	0.01218	0.01647	0.56158	0.03749	0.29055	0.01011	0.00542	0.00148	0.00222	0.00875	0.00480	0.00418
135	0.01084	0.01238	0.02709	0.01935	0.02399	0.01161	0.79334	0.01471	0.01084	0.01471	0.00929	0.01238	0.00697	0.00387	0.00542	0.00155	0.00774	0.00542	0.00232	0.00619
136	0.00950	0.10104	0.74012	0.01259	0.01911	0.01137	0.01610	0.01446	0.00966	0.01419	0.00806	0.00947	0.00582	0.00432	0.00423	0.00141	0.00661	0.00330	0.00194	0.00670
137	0.01779	0.00808	0.01034	0.00817	0.01137	0.00754	0.00666	0.09536	0.07759	0.57544	0.09470	0.01786	0.03511	0.00622	0.00472	0.00143	0.00379	0.00511	0.00540	0.00733
138	0.00588	0.00420	0.00566	0.00672	0.00712	0.00398	0.00476	0.00689	0.00907	0.01204	0.02514	0.71011	0.02973	0.01411	0.00594	0.00190	0.00291	0.13575	0.00426	0.00381
139	0.62078	0.01005	0.00881	0.00736	0.01045	0.01145	0.00607	0.24256	0.01185	0.02304	0.00775	0.00850	0.00580	0.00463	0.00335	0.00141	0.00399	0.00297	0.00335	0.00580
140	0.00867	0.00816	0.01377	0.82762	0.03162	0.01020	0.01275	0.01173	0.00918	0.01173	0.00816	0.01224	0.00612	0.00459	0.00459	0.00153	0.00612	0.00408	0.00204	0.00510
141	0.01553	0.01240	0.01389	0.06906	0.01561	0.04632	0.04892	0.54636	0.14230	0.02473	0.01177	0.01203	0.00854	0.00544	0.00463	0.00142	0.00517	0.00431	0.00422	0.00735
142	0.00656	0.00492	0.00738	0.00738	0.00820	0.00574	0.00574	0.00820	0.00738	0.01066	0.01230	0.01804	0.01148	0.03443	0.82046	0.00738	0.01230	0.00492	0.00246	0.00410
143	0.70238	0.01056	0.00800	0.00703	0.00989	0.09857	0.00569	0.06981	0.00945	0.03423	0.00701	0.00795	0.00539	0.00443	0.00314	0.00139	0.00418	0.00269	0.00296	0.00526
144	0.00891	0.00704	0.00849	0.00868	0.01033	0.00763	0.00719	0.01527	0.32124	0.01598	0.04523	0.05335	0.02213	0.01009	0.00565	0.00187	0.00390	0.43717	0.00443	0.00541
145	0.00952	0.00816	0.00952	0.00680	0.01088	0.00612	0.00544	0.01156	0.00952	0.01496	0.00816	0.00952	0.00680	0.00340	0.00340	0.00068	0.00340	0.00272	0.00272	0.86672
146	0.01010	0.26053	0.58586	0.01157	0.01753	0.01283	0.01433	0.01431	0.00959	0.01346	0.00770	0.00902	0.00584	0.00424	0.00395	0.00132	0.00624	0.00312	0.00195	0.00653

[dist]
# distance from previous block
# <min> <max>
0	1

[block]
# block no. 2 follows, 56 sequences, length 20
# corresponding to MSA columns:
# 339-358
name=unknown_C
#
# <colnr> <probs for GDERKNQSTAVLIFYWHMCP>
#	G	D	E	R	K	N	Q	S	T	A	V	L	I	F	Y	W	H	M	C	P
0	0.00593	0.00460	0.00544	0.00568	0.00681	0.00411	0.00427	0.00736	0.01075	0.01385	0.22201	0.20161	0.38402	0.01176	0.00561	0.00165	0.00256	0.09354	0.00445	0.00399
1	0.01218	0.75117	0.02257	0.00802	0.01180	0.01743	0.00779	0.01490	0.09533	0.01171	0.00772	0.00842	0.00677	0.00418	0.00313	0.00104	0.00477	0.00275	0.00226	0.00604
2	0.01049	0.36454	0.48527	0.01091	0.01650	0.01379	0.01317	0.01421	0.00954	0.01298	0.00747	0.00872	0.00585	0.00418	0.00377	0.00126	0.00600	0.00300	0.00195	0.00641
3	0.01277	0.63066	0.12771	0.00868	0.01295	0.01606	0.00901	0.04470	0.01017	0.07943	0.00779	0.00851	0.00642	0.00419	0.00334	0.00110	0.00508	0.00283	0.00237	0.00625
4	0.01048	0.36226	0.48748	0.01092	0.01652	0.01377	0.01319	0.01421	0.00954	0.01299	0.00747	0.00873	0.00585	0.00418	0.00378	0.00126	0.00601	0.00300	0.00195	0.00642
5	0.00559	0.00400	0.00533	0.00639	0.00666	0.00373	0.00426	0.00639	0.00879	0.01172	0.02530	0.83566	0.03036	0.01438	0.00586	0.00186	0.00266	0.01305	0.00426	0.00373
6	0.01144	0.08857	0.51185	0.01334	0.06411	0.02685	0.07801	0.01561	0.01034	0.12352	0.00952	0.01060	0.00676	0.00446	0.00437	0.00141	0.00626	0.00368	0.00251	0.00680
7	0.02060	0.00781	0.01065	0.00817	0.01172	0.00675	0.00675	0.02237	0.01314	0.81320	0.01811	0.01563	0.01136	0.00568	0.00462	0.00142	0.00391	0.00462	0.00568	0.00781
8	0.00987	0.02282	0.76824	0.01280	0.01940	0.01044	0.01637	0.01499	0.00989	0.06085	0.00881	0.01004	0.00614	0.00444	0.00438	0.00145	0.00662	0.00346	0.00216	0.00684
9	0.00559	0.00400	0.00533	0.00639	0.00666	0.00373	0.00426	0.00639	0.00879	0.01172	0.02530	0.83566	0.03036	0.01438	0.00586	0.00186	0.00266	0.01305	0.00426	0.00373
10	0.07706	0.50428	0.15779	0.00880	0.01304	0.04246	0.00911	0.01511	0.00989	0.11329	0.00821	0.00885	0.00650	0.00428	0.00344	0.00116	0.00512	0.00291	0.00251	0.00620
11	0.01936	0.00954	0.09794	0.00870	0.01260	0.00717	0.00786	0.02152	0.01277	0.72652	0.01704	0.01498	0.01076	0.00554	0.00459	0.00142	0.00422	0.00448	0.00528	0.00770
12	0.00559	0.00400	0.00533	0.00639	0.00666	0.00373	0.00426	0.00639	0.00879	0.01172	0.02530	0.83566	0.03036	0.01438	0.00586	0.00186	0.00266	0.01305	0.00426	0.00373
13	0.77840	0.01029	0.00743	0.00667	0.00946	0.09820	0.00540	0.01402	0.00838	0.01958	0.00647	0.00755	0.00507	0.00431	0.00298	0.00139	0.00406	0.00254	0.00279	0.00501
14	0.01227	0.84142	0.02406	0.00786	0.01178	0.01817	0.00786	0.01375	0.00933	0.01080	0.00638	0.00736	0.00589	0.00393	0.00295	0.00098	0.00491	0.00245	0.00196	0.00589
15	0.00980	0.18262	0.66122	0.01207	0.01830	0.01212	0.01519	0.01439	0.00962	0.01381	0.00788	0.00924	0.00583	0.00428	0.00409	0.00136	0.00642	0.00321	0.00194	0.00661
16	0.00578	0.00439	0.00537	0.00608	0.00688	0.00398	0.00442	0.00687	0.00959	0.01222	0.03232	0.46510	0.29188	0.01323	0.00578	0.00179	0.00276	0.11347	0.00426	0.00384
17	0.03742	0.00704	0.00905	0.00763	0.01008	0.00652	0.00595	0.08061	0.01213	0.46585	0.01881	0.22610	0.01615	0.06687	0.00622	0.00175	0.00371	0.00683	0.00495	0.00634
18	0.02698	0.00540	0.02766	0.00678	0.00795	0.00469	0.00509	0.00961	0.00964	0.14334	0.02429	0.51282	0.08427	0.05180	0.00639	0.00189	0.00315	0.05940	0.00433	0.00450
19	0.01227	0.84142	0.02406	0.00786	0.01178	0.01817	0.00786	0.01375	0.00933	0.01080	0.00638	0.00736	0.00589	0.00393	0.00295	0.00098	0.00491	0.00245	0.00196	0.00589

[dist]
# distance from previous block
# <min> <max>
8	11

[block]
# block no. 3 follows, 56 sequences, length 11
# corresponding to MSA columns:
# 370-380
name=unknown_D
#
# <colnr> <probs for GDERKNQSTAVLIFYWHMCP>
#	G	D	E	R	K	N	Q	S	T	A	V	L	I	F	Y	W	H	M	C	P
0	0.01682	0.00746	0.00966	0.00782	0.01078	0.00679	0.00630	0.05112	0.06559	0.56459	0.05809	0.08589	0.07393	0.00705	0.00482	0.00148	0.00363	0.00588	0.00532	0.00698
1	0.00952	0.00816	0.00952	0.00680	0.01088	0.00612	0.00544	0.01156	0.00952	0.01496	0.00816	0.00952	0.00680	0.00340	0.00340	0.00068	0.00340	0.00272	0.00272	0.86672
2	0.03568	0.01420	0.13550	0.01030	0.01416	0.12999	0.00930	0.29077	0.04617	0.24954	0.01226	0.01190	0.00843	0.00527	0.00446	0.00138	0.00537	0.00399	0.00414	0.00720
3	0.01174	0.00602	0.00766	0.00654	0.00878	0.00521	0.00512	0.01342	0.01196	0.31934	0.22935	0.08776	0.20090	0.00850	0.00503	0.00145	0.00298	0.00724	0.00492	0.05607
4	0.01043	0.00813	0.00961	0.00691	0.01095	0.00617	0.00555	0.01245	0.00982	0.08050	0.00898	0.01002	0.00717	0.00359	0.00350	0.00074	0.00344	0.00288	0.00296	0.79620
5	0.03484	0.18364	0.17334	0.01075	0.04194	0.07346	0.00988	0.19712	0.17977	0.01810	0.02721	0.01150	0.00884	0.00505	0.00416	0.00134	0.00522	0.00382	0.00327	0.00675
6	0.19072	0.08582	0.01408	0.05303	0.25770	0.06528	0.00939	0.12303	0.06079	0.05773	0.03442	0.01128	0.00836	0.00475	0.00407	0.00136	0.00488	0.00377	0.00309	0.00645
7	0.01019	0.07665	0.34823	0.01170	0.07905	0.03116	0.01147	0.05680	0.04866	0.05054	0.10520	0.05813	0.02875	0.00631	0.00465	0.00147	0.00520	0.05656	0.00310	0.00618
8	0.00911	0.00781	0.00904	0.00659	0.01042	0.00590	0.00525	0.01107	0.00961	0.01471	0.01196	0.01295	0.08621	0.00422	0.00360	0.00077	0.00329	0.00341	0.00287	0.78122
9	0.45964	0.01042	0.05658	0.00955	0.05566	0.01066	0.06564	0.10868	0.09852	0.01984	0.01039	0.04029	0.02650	0.00514	0.00380	0.00146	0.00428	0.00389	0.00322	0.00582
10	0.08548	0.24829	0.09952	0.00940	0.01336	0.01164	0.06679	0.07194	0.02671	0.29113	0.02602	0.01178	0.00875	0.00486	0.00404	0.00131	0.00479	0.00380	0.00364	0.00673

[dist]
# distance from previous block
# <min> <max>
2	10

[block]
# block no. 4 follows, 56 sequences, length 16
# corresponding to MSA columns:
# 391-406
name=unknown_E
#
# <colnr> <probs for GDERKNQSTAVLIFYWHMCP>
#	G	D	E	R	K	N	Q	S	T	A	V	L	I	F	Y	W	H	M	C	P
0	0.01150	0.01122	0.04235	0.05257	0.55932	0.01080	0.13655	0.02900	0.02980	0.04498	0.02169	0.01215	0.00802	0.00430	0.00470	0.00141	0.00572	0.00439	0.00253	0.00700
1	0.06802	0.45328	0.07052	0.00774	0.01103	0.01325	0.00742	0.06891	0.01109	0.01500	0.21568	0.01481	0.01572	0.00552	0.00380	0.00119	0.00424	0.00417	0.00302	0.00562
2	0.49489	0.03161	0.08363	0.22114	0.01614	0.03427	0.00836	0.01360	0.03190	0.01717	0.00741	0.00922	0.00567	0.00442	0.00353	0.00144	0.00469	0.00308	0.00257	0.00527
3	0.00991	0.00550	0.00696	0.00613	0.00797	0.00485	0.00476	0.01174	0.01242	0.22412	0.41833	0.03181	0.21938	0.00896	0.00521	0.00146	0.00266	0.00768	0.00503	0.00513
4	0.00853	0.00724	0.07604	0.00768	0.03169	0.00557	0.01647	0.00995	0.00896	0.08360	0.01651	0.27634	0.01760	0.22509	0.00970	0.00223	0.00391	0.02596	0.00344	0.16351
5	0.00707	0.00536	0.00662	0.00652	0.00764	0.00534	0.00480	0.01066	0.14146	0.01680	0.47411	0.24035	0.03513	0.01017	0.00541	0.00157	0.00254	0.00903	0.00478	0.00466
6	0.01082	0.62327	0.01909	0.00711	0.01002	0.01459	0.00653	0.01190	0.00864	0.01031	0.00849	0.01328	0.00871	0.22150	0.00827	0.00189	0.00479	0.00356	0.00218	0.00508
7	0.00822	0.01877	0.60369	0.01089	0.01631	0.00889	0.01345	0.01247	0.00989	0.01398	0.01821	0.01868	0.21494	0.00626	0.00464	0.00148	0.00562	0.00503	0.00254	0.00603
8	0.00658	0.00441	0.00504	0.00513	0.00516	0.00438	0.00292	0.00665	0.00687	0.00916	0.01546	0.10414	0.01795	0.76285	0.02176	0.00421	0.00429	0.00726	0.00292	0.00287
9	0.57037	0.00982	0.00894	0.00741	0.01054	0.01100	0.00611	0.21793	0.01189	0.09567	0.00868	0.00914	0.00630	0.00472	0.00346	0.00141	0.00398	0.00311	0.00356	0.00597
10	0.00583	0.00418	0.00554	0.00623	0.00671	0.00389	0.00428	0.00698	0.00989	0.01346	0.22920	0.62679	0.03374	0.01308	0.00574	0.00175	0.00253	0.01181	0.00447	0.00389
11	0.00986	0.00926	0.01410	0.01007	0.01430	0.00755	0.21080	0.01238	0.00986	0.01489	0.00845	0.01027	0.00684	0.00352	0.00393	0.00091	0.00453	0.00342	0.00262	0.64243
12	0.01254	0.09089	0.04314	0.01750	0.17801	0.22258	0.31267	0.01524	0.01122	0.01361	0.03351	0.01126	0.00777	0.00433	0.00465	0.00136	0.00696	0.00427	0.00237	0.00611
13	0.23131	0.00569	0.00561	0.00553	0.00716	0.00565	0.00423	0.00878	0.00996	0.01544	0.15308	0.13627	0.35248	0.00974	0.00484	0.00156	0.00272	0.03170	0.00402	0.00423
14	0.01089	0.00945	0.01302	0.01327	0.22003	0.02893	0.05117	0.01317	0.01013	0.05927	0.00887	0.01047	0.00716	0.00377	0.00390	0.00096	0.00433	0.00334	0.00274	0.52517
15	0.23812	0.01086	0.08589	0.03545	0.03902	0.02183	0.08876	0.05550	0.09392	0.24694	0.01187	0.01206	0.00833	0.00502	0.00448	0.00146	0.02622	0.00399	0.00373	0.00654

[dist]
# distance from previous block
# <min> <max>
0	14

# created by:
# /home/cegg/simao/soft/augustus-3.2.1/scripts/msa2prfl.pl ./align_prep/EOG091G0LIN.fa
