[name]
unknown

[dist]
# distance from previous block
# <min> <max>
2	83

[block]
# block no. 0 follows, 43 sequences, length 36
# corresponding to MSA columns:
# 118-153
name=unknown_A
#
# <colnr> <probs for GDERKNQSTAVLIFYWHMCP>
#	G	D	E	R	K	N	Q	S	T	A	V	L	I	F	Y	W	H	M	C	P
0	0.04160	0.11418	0.08115	0.00988	0.01471	0.07139	0.00880	0.05676	0.02153	0.07617	0.01088	0.01978	0.00868	0.00497	0.00442	0.00117	0.00531	0.00375	0.00350	0.44136
1	0.04655	0.14826	0.28918	0.07201	0.01935	0.04489	0.01332	0.07274	0.03098	0.11750	0.02163	0.04824	0.01023	0.00615	0.00505	0.00163	0.00654	0.00478	0.00353	0.03745
2	0.00828	0.00583	0.00764	0.00791	0.00909	0.00563	0.00598	0.01054	0.03229	0.04261	0.25804	0.25921	0.10945	0.01703	0.09503	0.00282	0.00464	0.10759	0.00525	0.00515
3	0.05632	0.04739	0.05512	0.10357	0.16362	0.04936	0.17132	0.01827	0.02962	0.14899	0.04461	0.06149	0.01261	0.00637	0.00565	0.00175	0.00663	0.00597	0.00378	0.00757
4	0.01912	0.01313	0.09235	0.04648	0.01683	0.04927	0.04167	0.12569	0.06218	0.36155	0.04079	0.01945	0.01380	0.04146	0.00662	0.00190	0.00580	0.02821	0.00533	0.00835
5	0.00692	0.00499	0.00655	0.00750	0.00805	0.00463	0.00512	0.00817	0.01152	0.01550	0.15303	0.64585	0.06918	0.01622	0.00696	0.00215	0.00310	0.01463	0.00530	0.00463
6	0.01311	0.02193	0.53252	0.01350	0.01996	0.01090	0.01609	0.01812	0.01249	0.15376	0.03929	0.07479	0.01221	0.00671	0.00546	0.00177	0.00683	0.00548	0.02714	0.00794
7	0.04440	0.01255	0.04997	0.07505	0.08189	0.04127	0.13519	0.09324	0.04895	0.25264	0.04125	0.03438	0.05011	0.00677	0.00573	0.00176	0.00613	0.00603	0.00469	0.00800
8	0.01089	0.01059	0.01883	0.67070	0.06007	0.01255	0.10866	0.01470	0.01138	0.01473	0.01003	0.01475	0.00756	0.00541	0.00566	0.00184	0.00761	0.00513	0.00251	0.00640
9	0.01267	0.01377	0.02975	0.02149	0.02644	0.01295	0.66479	0.01653	0.01240	0.01681	0.01102	0.01516	0.00854	0.00635	0.00828	0.09827	0.00882	0.00634	0.00276	0.00689
10	0.01229	0.23288	0.42585	0.01303	0.01915	0.01413	0.03786	0.01669	0.01204	0.04928	0.06660	0.05289	0.01217	0.00622	0.00504	0.00163	0.00681	0.00495	0.00297	0.00753
11	0.04656	0.14646	0.17817	0.04358	0.24876	0.08529	0.04710	0.01801	0.01271	0.07806	0.03760	0.01347	0.00977	0.00544	0.00509	0.00160	0.00689	0.00454	0.00308	0.00784
12	0.00714	0.00580	0.00637	0.00650	0.00809	0.00519	0.00480	0.00934	0.04991	0.01612	0.13433	0.18218	0.50432	0.01399	0.00661	0.00193	0.00297	0.02422	0.00528	0.00492
13	0.00702	0.00499	0.00660	0.00778	0.00815	0.00471	0.00531	0.00804	0.01058	0.01407	0.02943	0.68406	0.03499	0.07759	0.00873	0.00251	0.00353	0.07245	0.00500	0.00446
14	0.03222	0.05230	0.01955	0.15987	0.34986	0.05090	0.06296	0.01782	0.04390	0.09259	0.02949	0.04129	0.01102	0.00592	0.00549	0.00170	0.00651	0.00543	0.00338	0.00780
15	0.01261	0.08794	0.11676	0.16851	0.15790	0.01412	0.32839	0.01680	0.01228	0.01667	0.01034	0.01375	0.00799	0.00496	0.00574	0.00175	0.00804	0.00533	0.00263	0.00750
16	0.00677	0.00494	0.00638	0.00745	0.00798	0.00455	0.00504	0.00786	0.01104	0.01458	0.06519	0.68845	0.11592	0.01673	0.00699	0.00219	0.00314	0.01506	0.00518	0.00455
17	0.01362	0.01291	0.13210	0.11316	0.07641	0.04177	0.06399	0.04069	0.01234	0.15552	0.01466	0.05580	0.01214	0.05886	0.15843	0.00337	0.01766	0.00588	0.00369	0.00701
18	0.04272	0.10219	0.41691	0.01455	0.04484	0.01382	0.05208	0.13644	0.01416	0.02029	0.04909	0.04564	0.01099	0.00619	0.00528	0.00170	0.00700	0.00501	0.00324	0.00788
19	0.00684	0.00488	0.00653	0.00782	0.00818	0.00458	0.00530	0.00787	0.01069	0.01424	0.03047	0.77093	0.03643	0.01727	0.00709	0.00226	0.00329	0.04567	0.00514	0.00452
20	0.01328	0.01499	0.11829	0.10888	0.47008	0.01347	0.07297	0.05329	0.01285	0.01820	0.01036	0.01356	0.00834	0.00532	0.00611	0.00173	0.04231	0.00495	0.00279	0.00823
21	0.01670	0.01334	0.09175	0.01478	0.12246	0.02869	0.03375	0.18495	0.07435	0.19312	0.05557	0.05385	0.04002	0.00767	0.00579	0.00178	0.00566	0.04259	0.00496	0.00824
22	0.01424	0.10124	0.11546	0.01723	0.09005	0.01255	0.27120	0.01822	0.03067	0.13823	0.08645	0.01739	0.01368	0.00743	0.03941	0.00203	0.00730	0.00585	0.00373	0.00765
23	0.00756	0.00557	0.00714	0.00740	0.00857	0.00515	0.00559	0.00963	0.01368	0.01854	0.39331	0.21375	0.15150	0.01363	0.00681	0.00199	0.00313	0.11646	0.00560	0.00497
24	0.06819	0.19872	0.14958	0.01302	0.05399	0.04628	0.07060	0.04666	0.02983	0.10897	0.06816	0.03639	0.01426	0.00691	0.00523	0.00168	0.00615	0.06422	0.00380	0.00735
25	0.22453	0.04439	0.07888	0.03062	0.08231	0.06293	0.09823	0.08760	0.02676	0.10521	0.01310	0.07337	0.01074	0.00646	0.00506	0.00172	0.00600	0.00534	0.02946	0.00729
26	0.00736	0.00554	0.00676	0.00752	0.00842	0.00523	0.00537	0.00919	0.04467	0.01475	0.03516	0.44551	0.20925	0.07629	0.00856	0.00241	0.00355	0.09473	0.00502	0.00471
27	0.01550	0.01166	0.01542	0.30031	0.10804	0.05070	0.01202	0.12955	0.07824	0.14010	0.01397	0.01578	0.01016	0.00609	0.00539	0.00171	0.00619	0.00510	0.06644	0.00762
28	0.04862	0.09945	0.05222	0.01795	0.23309	0.02928	0.04324	0.10027	0.12292	0.09911	0.03846	0.01691	0.04431	0.00640	0.00561	0.00168	0.02289	0.00536	0.00407	0.00814
29	0.09949	0.03757	0.07613	0.01253	0.04667	0.02741	0.07015	0.10249	0.15729	0.08467	0.03549	0.03385	0.04042	0.03957	0.00660	0.00201	0.00560	0.11018	0.00454	0.00735
30	0.00715	0.00547	0.00695	0.00749	0.00830	0.00527	0.00532	0.00851	0.01167	0.01550	0.15067	0.46461	0.18914	0.01625	0.03508	0.00234	0.03727	0.01318	0.00510	0.00473
31	0.12267	0.05357	0.04837	0.10184	0.20103	0.05195	0.12169	0.05146	0.10980	0.03747	0.01213	0.02727	0.00962	0.00579	0.00554	0.00174	0.02192	0.00509	0.00342	0.00763
32	0.01170	0.01078	0.01316	0.04135	0.01471	0.06933	0.09060	0.03423	0.22655	0.01880	0.09640	0.15270	0.06949	0.00933	0.00656	0.00184	0.04435	0.00808	0.03867	0.04136
33	0.05258	0.08623	0.01418	0.01039	0.01383	0.15733	0.00840	0.11362	0.05944	0.04866	0.01178	0.01308	0.00935	0.00586	0.00558	0.00140	0.06615	0.00413	0.10323	0.21481
34	0.03647	0.26244	0.03611	0.01297	0.10084	0.05447	0.05514	0.04095	0.01270	0.11512	0.02755	0.01941	0.04425	0.08623	0.00724	0.00193	0.00587	0.03762	0.03570	0.00698
35	0.05778	0.05440	0.10959	0.01603	0.13800	0.09807	0.09580	0.01914	0.01330	0.19800	0.03695	0.01741	0.01192	0.04067	0.00638	0.00182	0.00655	0.03106	0.00395	0.04321

[dist]
# distance from previous block
# <min> <max>
0	30

[block]
# block no. 1 follows, 43 sequences, length 9
# corresponding to MSA columns:
# 190-198
name=unknown_B
#
# <colnr> <probs for GDERKNQSTAVLIFYWHMCP>
#	G	D	E	R	K	N	Q	S	T	A	V	L	I	F	Y	W	H	M	C	P
0	0.21011	0.01068	0.04341	0.05700	0.05823	0.01010	0.04832	0.07279	0.01296	0.11715	0.04578	0.07433	0.03510	0.00684	0.00496	0.00162	0.00489	0.00561	0.05964	0.12047
1	0.05784	0.07716	0.03900	0.01385	0.13756	0.11872	0.00958	0.08155	0.01354	0.01806	0.05359	0.12438	0.09555	0.00826	0.00588	0.00164	0.03690	0.00671	0.00379	0.09644
2	0.05436	0.08383	0.10417	0.05532	0.03899	0.10127	0.13542	0.06984	0.01336	0.05215	0.03368	0.15949	0.01448	0.00767	0.00557	0.00172	0.00652	0.00676	0.00366	0.05175
3	0.07973	0.01275	0.12917	0.01263	0.09225	0.05319	0.01008	0.06265	0.01258	0.07090	0.01806	0.13172	0.05920	0.03059	0.09584	0.00266	0.00662	0.03976	0.00389	0.07573
4	0.20313	0.04515	0.03720	0.01051	0.05403	0.08765	0.00809	0.07202	0.03634	0.05028	0.03422	0.01593	0.05274	0.04610	0.00576	0.00162	0.00521	0.00456	0.00375	0.22572
5	0.13901	0.00937	0.03180	0.01017	0.04667	0.00863	0.05095	0.05457	0.01352	0.12862	0.15582	0.06362	0.11431	0.00933	0.02911	0.00189	0.00466	0.00699	0.03087	0.09010
6	0.06020	0.00908	0.01004	0.04088	0.03403	0.06362	0.00736	0.06843	0.07043	0.04865	0.06740	0.31501	0.04531	0.01439	0.08356	0.00259	0.00554	0.00948	0.00460	0.03938
7	0.01224	0.05351	0.01568	0.09343	0.05392	0.04922	0.10904	0.01462	0.01221	0.09177	0.07349	0.10728	0.09624	0.01051	0.05095	0.00221	0.09125	0.00728	0.00389	0.05127
8	0.06022	0.47737	0.08355	0.01181	0.05120	0.11955	0.01061	0.05846	0.01255	0.01556	0.00880	0.01039	0.00759	0.00690	0.04333	0.00173	0.00704	0.00349	0.00271	0.00714

[dist]
# distance from previous block
# <min> <max>
0	1

[block]
# block no. 2 follows, 43 sequences, length 23
# corresponding to MSA columns:
# 200-222
name=unknown_C
#
# <colnr> <probs for GDERKNQSTAVLIFYWHMCP>
#	G	D	E	R	K	N	Q	S	T	A	V	L	I	F	Y	W	H	M	C	P
0	0.00862	0.00573	0.00686	0.00679	0.00812	0.00515	0.00484	0.01006	0.01246	0.07869	0.20370	0.20687	0.27276	0.13236	0.00982	0.00244	0.00339	0.01113	0.00523	0.00496
1	0.00881	0.00639	0.00782	0.00719	0.00880	0.00608	0.00547	0.06707	0.01598	0.02233	0.60288	0.03969	0.12538	0.01106	0.00635	0.00173	0.00290	0.00962	0.03896	0.00548
2	0.00691	0.00558	0.00615	0.00610	0.00773	0.00482	0.00454	0.00863	0.01335	0.01692	0.25115	0.09142	0.53036	0.01346	0.00657	0.00186	0.00277	0.01145	0.00541	0.00482
3	0.06475	0.02131	0.01460	0.01300	0.01595	0.51921	0.00996	0.12232	0.05743	0.01761	0.01053	0.01208	0.00856	0.00925	0.07765	0.00220	0.00927	0.00410	0.00342	0.00681
4	0.07761	0.00908	0.01154	0.00918	0.01283	0.00831	0.00748	0.06294	0.01580	0.52727	0.14180	0.02301	0.05270	0.00776	0.00562	0.00172	0.00434	0.00635	0.00635	0.00830
5	0.01921	0.08657	0.01780	0.01478	0.07441	0.30271	0.01111	0.31043	0.01869	0.02231	0.01042	0.01164	0.00817	0.00621	0.00603	0.00158	0.06198	0.00427	0.00384	0.00782
6	0.01204	0.01005	0.01161	0.00859	0.01312	0.00825	0.00686	0.07084	0.04624	0.01988	0.06870	0.01432	0.01206	0.00500	0.00447	0.00100	0.00415	0.00406	0.00377	0.67498
7	0.06200	0.05150	0.07240	0.03042	0.09090	0.15599	0.06742	0.10178	0.09764	0.09914	0.01498	0.07603	0.01260	0.00714	0.00550	0.00173	0.00659	0.03457	0.00410	0.00758
8	0.01417	0.01494	0.08326	0.12891	0.03649	0.12490	0.16936	0.09407	0.02214	0.05952	0.03530	0.04350	0.01180	0.06972	0.03561	0.00231	0.03778	0.00586	0.00348	0.00691
9	0.01058	0.00907	0.01112	0.00837	0.01254	0.00706	0.03177	0.01294	0.01187	0.01779	0.06374	0.06124	0.08437	0.00625	0.00474	0.00109	0.00402	0.00531	0.00372	0.63241
10	0.01261	0.01026	0.01192	0.00860	0.01346	0.00815	0.00691	0.07081	0.01273	0.04180	0.01046	0.01184	0.00846	0.00438	0.00426	0.00091	0.00427	0.00348	0.00356	0.75111
11	0.00769	0.00552	0.00755	0.00789	0.00874	0.00589	0.00581	0.00929	0.00980	0.01384	0.02254	0.23164	0.07799	0.07260	0.41675	0.00582	0.00937	0.00903	0.06751	0.00473
12	0.03934	0.01265	0.01371	0.01095	0.01453	0.01378	0.00881	0.46405	0.09763	0.09014	0.03681	0.01756	0.01287	0.06982	0.00719	0.00196	0.00534	0.00551	0.06903	0.00834
13	0.00759	0.00578	0.00716	0.00762	0.00874	0.00533	0.00535	0.00971	0.05301	0.01588	0.10889	0.53087	0.12042	0.01477	0.00665	0.00202	0.00324	0.01319	0.00513	0.06868
14	0.00879	0.00797	0.06410	0.00860	0.00985	0.03670	0.00663	0.03514	0.01155	0.02797	0.08581	0.51453	0.03042	0.05074	0.00880	0.06643	0.00414	0.01220	0.00467	0.00495
15	0.03820	0.00713	0.00910	0.00802	0.01045	0.00643	0.00622	0.01526	0.01364	0.25683	0.20491	0.14126	0.13047	0.01288	0.06555	0.00232	0.00446	0.00877	0.00559	0.05252
16	0.00692	0.00503	0.00656	0.00768	0.00823	0.00467	0.00533	0.00808	0.01109	0.01462	0.05428	0.65875	0.10350	0.01673	0.00705	0.00222	0.00329	0.06624	0.00517	0.00458
17	0.07729	0.01174	0.01952	0.03261	0.20834	0.01248	0.18051	0.01652	0.01182	0.09791	0.04172	0.01635	0.01117	0.04334	0.02729	0.00219	0.15523	0.00558	0.02117	0.00722
18	0.04589	0.01475	0.09367	0.18096	0.23145	0.09178	0.04722	0.07447	0.01327	0.04303	0.01202	0.07362	0.01031	0.00650	0.00601	0.00177	0.03715	0.00555	0.00321	0.00740
19	0.00830	0.00556	0.00757	0.00801	0.00896	0.00511	0.02286	0.00965	0.01171	0.06757	0.10969	0.56991	0.08895	0.02750	0.00719	0.00217	0.00343	0.02560	0.00528	0.00499
20	0.00785	0.00483	0.00664	0.00745	0.00770	0.00463	0.00498	0.00774	0.00951	0.01287	0.02304	0.50866	0.02671	0.01757	0.01183	0.28270	0.00372	0.01167	0.03606	0.00382
21	0.12024	0.01108	0.01605	0.06912	0.26079	0.01157	0.07713	0.10057	0.03483	0.02133	0.05519	0.01713	0.03124	0.00609	0.00514	0.00165	0.00548	0.00536	0.14272	0.00730
22	0.01414	0.22536	0.20947	0.01628	0.07761	0.09028	0.14316	0.01814	0.04086	0.03868	0.01012	0.01211	0.00803	0.00551	0.00604	0.00164	0.06780	0.00443	0.00278	0.00755

[dist]
# distance from previous block
# <min> <max>
5	8

[block]
# block no. 3 follows, 43 sequences, length 12
# corresponding to MSA columns:
# 255-266
name=unknown_D
#
# <colnr> <probs for GDERKNQSTAVLIFYWHMCP>
#	G	D	E	R	K	N	Q	S	T	A	V	L	I	F	Y	W	H	M	C	P
0	0.01523	0.01441	0.10211	0.06741	0.17119	0.03466	0.05646	0.12696	0.11947	0.10721	0.01590	0.01697	0.04985	0.00671	0.00662	0.00179	0.06936	0.00551	0.00407	0.00813
1	0.01100	0.00823	0.00915	0.00819	0.01027	0.02555	0.00623	0.07409	0.14353	0.03404	0.28852	0.02931	0.05827	0.07401	0.04200	0.00225	0.00426	0.00747	0.10898	0.05462
2	0.01054	0.00965	0.01327	0.01173	0.01195	0.01274	0.00936	0.01174	0.00903	0.01351	0.07084	0.01998	0.01398	0.15848	0.10860	0.00366	0.49666	0.00597	0.00295	0.00537
3	0.01027	0.00860	0.01079	0.03250	0.03851	0.00919	0.03220	0.01748	0.28985	0.01959	0.19374	0.11131	0.10300	0.01271	0.06835	0.00245	0.00487	0.02284	0.00513	0.00660
4	0.01295	0.01350	0.01684	0.01451	0.01479	0.09137	0.01198	0.01418	0.00918	0.01335	0.00740	0.01191	0.00726	0.00931	0.01690	0.00233	0.71897	0.00472	0.00247	0.00609
5	0.02105	0.01551	0.01662	0.01274	0.01717	0.01717	0.01053	0.75235	0.02604	0.03490	0.01330	0.01330	0.00942	0.00665	0.00554	0.00166	0.00609	0.00499	0.00554	0.00942
6	0.01858	0.01357	0.01453	0.01161	0.01546	0.01503	0.00944	0.50687	0.17996	0.05200	0.01596	0.01573	0.01159	0.00682	0.00540	0.00167	0.00535	0.00529	0.08626	0.00887
7	0.00813	0.00596	0.00755	0.00754	0.00882	0.00582	0.00572	0.01099	0.05246	0.01881	0.37836	0.12272	0.11110	0.03758	0.08260	0.00267	0.00430	0.08143	0.04225	0.00518
8	0.09612	0.07694	0.02761	0.01424	0.11573	0.06089	0.03475	0.18774	0.06377	0.05121	0.03056	0.03806	0.03205	0.00660	0.00591	0.00162	0.05474	0.00512	0.00403	0.09229
9	0.17248	0.10175	0.05162	0.01456	0.12171	0.06959	0.03266	0.22643	0.03474	0.10624	0.01185	0.01260	0.00879	0.00577	0.00490	0.00162	0.00608	0.00439	0.00413	0.00809
10	0.01027	0.00848	0.03739	0.00923	0.03080	0.04134	0.00705	0.01227	0.01320	0.07773	0.29362	0.17077	0.11559	0.01141	0.00759	0.02263	0.06707	0.00935	0.00497	0.04925
11	0.07978	0.00930	0.01012	0.00827	0.01173	0.02965	0.00648	0.04001	0.05506	0.09255	0.08021	0.08317	0.10169	0.00762	0.00506	0.00141	0.00404	0.00627	0.02681	0.34076

[dist]
# distance from previous block
# <min> <max>
9	18

[block]
# block no. 4 follows, 43 sequences, length 14
# corresponding to MSA columns:
# 288-301
name=unknown_E
#
# <colnr> <probs for GDERKNQSTAVLIFYWHMCP>
#	G	D	E	R	K	N	Q	S	T	A	V	L	I	F	Y	W	H	M	C	P
0	0.03552	0.04674	0.05093	0.34654	0.02465	0.05241	0.03437	0.03900	0.11403	0.03261	0.01268	0.01540	0.00972	0.00698	0.03075	0.00191	0.00658	0.00488	0.08137	0.05295
1	0.06410	0.01532	0.05051	0.11600	0.05769	0.13592	0.03679	0.17661	0.08307	0.05024	0.01200	0.01431	0.00937	0.00659	0.00694	0.00177	0.10589	0.01819	0.00379	0.03490
2	0.01245	0.09972	0.09147	0.12017	0.07187	0.08473	0.11456	0.03592	0.01286	0.04137	0.09300	0.10918	0.01677	0.02947	0.03187	0.00207	0.00682	0.01552	0.00354	0.00663
3	0.01231	0.01049	0.01321	0.01095	0.01366	0.07407	0.08368	0.05275	0.01230	0.06620	0.04897	0.12040	0.01580	0.06194	0.12602	0.00294	0.06644	0.00663	0.00381	0.19742
4	0.09913	0.10701	0.01919	0.04537	0.08049	0.06428	0.17643	0.12871	0.01459	0.02024	0.08971	0.07970	0.03732	0.00712	0.00552	0.00171	0.00629	0.00636	0.00381	0.00702
5	0.00707	0.00545	0.00648	0.00703	0.00823	0.00490	0.00520	0.00855	0.01214	0.01544	0.10467	0.29991	0.35361	0.03126	0.00730	0.00214	0.00328	0.10746	0.00518	0.00469
6	0.15311	0.05679	0.03138	0.01308	0.11095	0.12351	0.00933	0.09726	0.01399	0.01980	0.08601	0.11762	0.03292	0.00891	0.00555	0.00181	0.00559	0.10174	0.00411	0.00652
7	0.00794	0.00659	0.00978	0.00883	0.01035	0.00607	0.10239	0.00963	0.01190	0.01568	0.16343	0.24855	0.21473	0.14632	0.01033	0.00254	0.00417	0.01122	0.00470	0.00487
8	0.01400	0.01129	0.01287	0.08767	0.03699	0.01288	0.00926	0.15258	0.38978	0.02332	0.01939	0.01941	0.03895	0.00724	0.00579	0.00177	0.02901	0.00586	0.11401	0.00793
9	0.00698	0.00498	0.00656	0.00752	0.00798	0.00465	0.00507	0.00815	0.01127	0.01523	0.14435	0.64772	0.03828	0.05349	0.00798	0.00232	0.00322	0.01449	0.00521	0.00456
10	0.00714	0.00566	0.00622	0.00630	0.00780	0.00501	0.00470	0.00863	0.01241	0.01545	0.13425	0.05056	0.50825	0.11760	0.00950	0.00238	0.00335	0.08515	0.00502	0.00461
11	0.00901	0.00501	0.00691	0.00688	0.00714	0.00489	0.00458	0.00757	0.00832	0.01098	0.05523	0.02441	0.09119	0.12137	0.02016	0.59966	0.00456	0.00622	0.00300	0.00291
12	0.01280	0.01194	0.01935	0.02821	0.59310	0.01209	0.01460	0.01706	0.08919	0.01810	0.01430	0.11776	0.01326	0.00683	0.00571	0.00175	0.00591	0.00649	0.00335	0.00821
13	0.01742	0.21799	0.06076	0.01480	0.08530	0.31795	0.03893	0.11525	0.01516	0.01721	0.00937	0.01083	0.00766	0.00538	0.00478	0.00142	0.00777	0.00385	0.00306	0.04510

[dist]
# distance from previous block
# <min> <max>
4	16

[block]
# block no. 5 follows, 43 sequences, length 18
# corresponding to MSA columns:
# 330-347
name=unknown_F
#
# <colnr> <probs for GDERKNQSTAVLIFYWHMCP>
#	G	D	E	R	K	N	Q	S	T	A	V	L	I	F	Y	W	H	M	C	P
0	0.01350	0.01030	0.01347	0.09627	0.01692	0.00969	0.04417	0.01846	0.14561	0.11796	0.01389	0.01503	0.01060	0.00682	0.03501	0.00164	0.02393	0.00459	0.00403	0.39812
1	0.00821	0.00663	0.00691	0.00652	0.00852	0.00605	0.00493	0.08717	0.01399	0.01728	0.08533	0.07247	0.60395	0.03843	0.00714	0.00197	0.00324	0.01091	0.00518	0.00516
2	0.05094	0.01559	0.26275	0.03878	0.09681	0.01040	0.06195	0.01519	0.04008	0.01742	0.03540	0.05461	0.03130	0.03726	0.08745	0.00254	0.00716	0.00561	0.03338	0.09539
3	0.75699	0.01122	0.00904	0.00786	0.01140	0.01293	0.00648	0.09449	0.01119	0.02592	0.00831	0.00945	0.00636	0.00530	0.00365	0.00171	0.00448	0.00321	0.00365	0.00636
4	0.01133	0.08728	0.63779	0.09778	0.02472	0.01351	0.01907	0.01710	0.01159	0.01683	0.00975	0.01180	0.00706	0.00525	0.00516	0.00172	0.00792	0.00409	0.00235	0.00789
5	0.18957	0.00801	0.00881	0.00777	0.01030	0.00803	0.00611	0.03072	0.06606	0.15058	0.32175	0.03011	0.12256	0.00922	0.00563	0.00176	0.00355	0.00761	0.00549	0.00637
6	0.02027	0.10869	0.01697	0.01354	0.01667	0.66423	0.01045	0.02177	0.01523	0.05083	0.00912	0.01030	0.00745	0.00566	0.00487	0.00142	0.00930	0.00360	0.00300	0.00664
7	0.09593	0.00612	0.00624	0.00611	0.00785	0.00565	0.00452	0.00925	0.01234	0.01682	0.16478	0.06540	0.48438	0.08118	0.00810	0.00215	0.00316	0.01028	0.00496	0.00479
8	0.01368	0.00666	0.00888	0.00837	0.01034	0.00593	0.00623	0.01520	0.01298	0.30373	0.06726	0.42273	0.06939	0.01286	0.00644	0.00200	0.00373	0.01135	0.00584	0.00642
9	0.01046	0.00984	0.01661	0.79205	0.03814	0.01230	0.01538	0.01415	0.01107	0.01415	0.00984	0.01477	0.00738	0.00554	0.00554	0.00185	0.00738	0.00492	0.00246	0.00615
10	0.00789	0.00569	0.00786	0.00794	0.00858	0.00629	0.00571	0.00919	0.00874	0.01227	0.01659	0.07319	0.01717	0.27782	0.50164	0.00740	0.01119	0.00718	0.00322	0.00442
11	0.00679	0.00490	0.00643	0.00757	0.00802	0.00454	0.00510	0.00786	0.01095	0.01457	0.06742	0.72589	0.07571	0.01689	0.00702	0.00220	0.00316	0.01526	0.00519	0.00454
12	0.14988	0.00978	0.01084	0.04983	0.01296	0.01046	0.00730	0.19086	0.03913	0.15109	0.01537	0.01969	0.01261	0.17409	0.03884	0.00270	0.00540	0.00549	0.08682	0.00682
13	0.01215	0.01051	0.01608	0.60639	0.05220	0.01264	0.01399	0.12641	0.01342	0.01780	0.01088	0.01487	0.00814	0.00575	0.00544	0.00178	0.00688	0.00495	0.05309	0.00666
14	0.00839	0.00610	0.00757	0.00810	0.00903	0.00606	0.00570	0.05465	0.06808	0.01727	0.11763	0.57579	0.03460	0.01485	0.00669	0.00209	0.00338	0.01331	0.03548	0.00522
15	0.18214	0.00653	0.00686	0.00716	0.00850	0.00664	0.00508	0.01045	0.03622	0.01681	0.06358	0.35941	0.14983	0.10570	0.00861	0.00240	0.00363	0.01091	0.00464	0.00489
16	0.17732	0.17787	0.10100	0.00983	0.01416	0.04225	0.00909	0.05614	0.03780	0.09122	0.01254	0.08175	0.01078	0.00632	0.00455	0.00149	0.00530	0.00478	0.00371	0.15209
17	0.03248	0.04037	0.04063	0.01325	0.06170	0.06574	0.10185	0.14575	0.03822	0.06825	0.01272	0.04609	0.01030	0.00625	0.01548	0.00152	0.00598	0.00495	0.02353	0.26494

[dist]
# distance from previous block
# <min> <max>
11	20

[block]
# block no. 6 follows, 43 sequences, length 7
# corresponding to MSA columns:
# 378-384
name=unknown_G
#
# <colnr> <probs for GDERKNQSTAVLIFYWHMCP>
#	G	D	E	R	K	N	Q	S	T	A	V	L	I	F	Y	W	H	M	C	P
0	0.07876	0.01500	0.07227	0.01244	0.03875	0.08525	0.01022	0.33147	0.01775	0.07320	0.01314	0.04941	0.01084	0.06770	0.00805	0.00199	0.06815	0.00532	0.00438	0.03592
1	0.01010	0.00558	0.00745	0.00720	0.00817	0.00520	0.00510	0.01000	0.01066	0.09318	0.13988	0.10885	0.13406	0.05524	0.01413	0.36474	0.00402	0.00804	0.00420	0.00419
2	0.00701	0.00508	0.00662	0.00739	0.00806	0.00469	0.00510	0.00841	0.01199	0.01620	0.21533	0.56500	0.08732	0.01564	0.00690	0.00210	0.00304	0.01406	0.00538	0.00469
3	0.01481	0.80869	0.02902	0.00948	0.01421	0.02191	0.00948	0.01658	0.01125	0.01303	0.00770	0.00888	0.00711	0.00474	0.00355	0.00118	0.00592	0.00296	0.00237	0.00711
4	0.01236	0.00962	0.01104	0.01005	0.01239	0.03949	0.02872	0.12604	0.17047	0.06092	0.06665	0.17663	0.10666	0.01328	0.06539	0.00247	0.00537	0.07062	0.00512	0.00669
5	0.01682	0.00800	0.00967	0.00810	0.01098	0.00757	0.00646	0.05102	0.07137	0.34298	0.07188	0.02315	0.06749	0.00755	0.00516	0.00160	0.00379	0.00617	0.27282	0.00741
6	0.01094	0.01107	0.04275	0.01134	0.01316	0.09233	0.06487	0.04954	0.01183	0.01544	0.04381	0.11751	0.10330	0.05639	0.15877	0.00350	0.14318	0.04091	0.00368	0.00569

[dist]
# distance from previous block
# <min> <max>
6	8

[block]
# block no. 7 follows, 43 sequences, length 12
# corresponding to MSA columns:
# 394-404,412
name=unknown_H
#
# <colnr> <probs for GDERKNQSTAVLIFYWHMCP>
#	G	D	E	R	K	N	Q	S	T	A	V	L	I	F	Y	W	H	M	C	P
0	0.01396	0.01267	0.01995	0.20075	0.47328	0.01353	0.01542	0.11459	0.04625	0.01966	0.01119	0.01419	0.00890	0.00541	0.00551	0.00170	0.00660	0.00500	0.00317	0.00827
1	0.01358	0.11023	0.33739	0.01437	0.05350	0.05900	0.07161	0.03831	0.04346	0.09137	0.01681	0.01752	0.09605	0.00646	0.00536	0.00169	0.00688	0.00529	0.00342	0.00770
2	0.01151	0.01248	0.08427	0.30648	0.27183	0.01191	0.08397	0.01509	0.01190	0.01633	0.05618	0.01717	0.01143	0.05793	0.00713	0.00200	0.00695	0.00552	0.00285	0.00707
3	0.03702	0.04552	0.01738	0.01513	0.10088	0.14346	0.13064	0.02035	0.01417	0.28431	0.04685	0.09035	0.01445	0.00713	0.00567	0.00171	0.00640	0.00629	0.00459	0.00770
4	0.09194	0.01297	0.05001	0.01305	0.06691	0.03517	0.05063	0.19864	0.01704	0.35595	0.01586	0.01526	0.01070	0.00621	0.00534	0.00167	0.00569	0.00501	0.00529	0.03666
5	0.03009	0.00655	0.00775	0.00769	0.00932	0.00638	0.00583	0.03038	0.07189	0.04669	0.17739	0.20238	0.24643	0.01495	0.05889	0.00243	0.00414	0.06014	0.00525	0.00545
6	0.00795	0.00762	0.05801	0.07539	0.01198	0.00650	0.00707	0.01068	0.05676	0.01580	0.09672	0.29778	0.24117	0.04322	0.00736	0.00214	0.00396	0.03992	0.00477	0.00523
7	0.01323	0.01433	0.08331	0.33935	0.16202	0.08721	0.04621	0.09371	0.01367	0.01781	0.04712	0.01493	0.01002	0.00589	0.00588	0.00175	0.02827	0.00504	0.00306	0.00718
8	0.03456	0.00994	0.01162	0.01187	0.09414	0.03294	0.00808	0.15499	0.09574	0.09096	0.07314	0.16994	0.11389	0.06358	0.00748	0.00207	0.00468	0.00846	0.00500	0.00691
9	0.00859	0.00565	0.00702	0.00751	0.00867	0.00514	0.00547	0.00990	0.01167	0.07992	0.03562	0.39541	0.22962	0.06887	0.00830	0.00235	0.00360	0.09656	0.00516	0.00496
10	0.04327	0.14235	0.01696	0.01328	0.06460	0.37392	0.00988	0.06387	0.01474	0.13271	0.01146	0.01336	0.00923	0.05963	0.00644	0.00174	0.00761	0.00424	0.00360	0.00710
11	0.03472	0.04938	0.04205	0.01704	0.21619	0.03065	0.01132	0.21595	0.07097	0.15279	0.02585	0.03805	0.03481	0.00668	0.00542	0.00167	0.00566	0.00554	0.02679	0.00846

[dist]
# distance from previous block
# <min> <max>
7	15

[block]
# block no. 8 follows, 43 sequences, length 19
# corresponding to MSA columns:
# 447-465
name=unknown_I
#
# <colnr> <probs for GDERKNQSTAVLIFYWHMCP>
#	G	D	E	R	K	N	Q	S	T	A	V	L	I	F	Y	W	H	M	C	P
0	0.05126	0.12496	0.06978	0.01504	0.11330	0.16860	0.04480	0.16285	0.01552	0.06051	0.01129	0.03558	0.00913	0.00581	0.00500	0.00150	0.00677	0.00453	0.00361	0.09015
1	0.08111	0.13920	0.25610	0.03235	0.09695	0.07603	0.04939	0.08117	0.04359	0.01861	0.01230	0.01389	0.03995	0.00682	0.02830	0.00185	0.00718	0.00455	0.00309	0.00757
2	0.00822	0.00593	0.00747	0.00750	0.00881	0.00542	0.00544	0.00976	0.01167	0.03308	0.15685	0.28758	0.11275	0.11500	0.05392	0.00276	0.00428	0.06760	0.00480	0.09113
3	0.05241	0.06176	0.01598	0.01204	0.01607	0.04834	0.00986	0.47455	0.20090	0.02949	0.01477	0.01450	0.01085	0.00664	0.00534	0.00168	0.00576	0.00503	0.00518	0.00886
4	0.00813	0.00598	0.00702	0.00694	0.00846	0.00545	0.00512	0.04201	0.01373	0.03913	0.25801	0.22346	0.32921	0.01348	0.00659	0.00191	0.00304	0.01168	0.00549	0.00514
5	0.05424	0.00855	0.01116	0.00891	0.01247	0.00760	0.00724	0.02266	0.01520	0.56471	0.12783	0.02307	0.04809	0.00767	0.00556	0.00170	0.00420	0.00631	0.05458	0.00826
6	0.01481	0.80869	0.02902	0.00948	0.01421	0.02191	0.00948	0.01658	0.01125	0.01303	0.00770	0.00888	0.00711	0.00474	0.00355	0.00118	0.00592	0.00296	0.00237	0.00711
7	0.00713	0.00578	0.00635	0.00634	0.00798	0.00513	0.00470	0.00930	0.04204	0.01677	0.20746	0.12742	0.50691	0.01353	0.00656	0.00188	0.00287	0.01154	0.00537	0.00494
8	0.07970	0.00824	0.01039	0.00853	0.01163	0.00759	0.00685	0.04095	0.01535	0.40957	0.25473	0.02604	0.04628	0.00830	0.00567	0.00171	0.00392	0.00691	0.04009	0.00755
9	0.01219	0.00688	0.00865	0.00795	0.00984	0.00656	0.00605	0.04353	0.04726	0.17311	0.28606	0.17355	0.03229	0.03659	0.00678	0.00192	0.00352	0.02874	0.10232	0.00619
10	0.00999	0.00613	0.00852	0.00824	0.00883	0.00664	0.00592	0.02348	0.05217	0.03045	0.02933	0.05217	0.01342	0.06208	0.16208	0.46324	0.04444	0.00587	0.00311	0.00392
11	0.01809	0.01209	0.01300	0.01033	0.01382	0.01309	0.00842	0.49129	0.02117	0.07321	0.01520	0.01580	0.01108	0.00660	0.00505	0.00155	0.00497	0.00507	0.25201	0.00816
12	0.05390	0.00910	0.01089	0.00907	0.01216	0.00898	0.00724	0.10613	0.09692	0.31934	0.14798	0.05464	0.02083	0.00798	0.00550	0.00170	0.00413	0.00660	0.10918	0.00775
13	0.00753	0.00531	0.00654	0.00704	0.00792	0.00484	0.00485	0.00876	0.01166	0.03772	0.13854	0.42786	0.19724	0.09672	0.00901	0.00240	0.00331	0.01295	0.00514	0.00467
14	0.01206	0.01176	0.01926	0.07006	0.37215	0.04514	0.12834	0.01500	0.01238	0.01696	0.03771	0.14814	0.03518	0.00761	0.00613	0.00180	0.01997	0.00728	0.02583	0.00723
15	0.01261	0.01377	0.02665	0.17125	0.02855	0.04462	0.50356	0.01726	0.04389	0.01682	0.01152	0.01534	0.00882	0.00712	0.05091	0.00225	0.00909	0.00605	0.00287	0.00708
16	0.01248	0.01024	0.03401	0.01016	0.01271	0.04187	0.03650	0.10284	0.17771	0.06161	0.08381	0.11392	0.08447	0.03513	0.03907	0.00227	0.00516	0.07479	0.05452	0.00674
17	0.30610	0.08147	0.03186	0.01361	0.11684	0.01295	0.08213	0.06910	0.05001	0.05048	0.01070	0.01265	0.00850	0.02926	0.00523	0.00168	0.00548	0.00422	0.00353	0.10420
18	0.10249	0.01241	0.05713	0.03702	0.03449	0.07234	0.06409	0.10451	0.04623	0.09893	0.03357	0.16213	0.03200	0.00811	0.00549	0.00170	0.00548	0.00689	0.00433	0.11065

[dist]
# distance from previous block
# <min> <max>
0	3

[block]
# block no. 9 follows, 43 sequences, length 18
# corresponding to MSA columns:
# 469,470,515-530
name=unknown_J
#
# <colnr> <probs for GDERKNQSTAVLIFYWHMCP>
#	G	D	E	R	K	N	Q	S	T	A	V	L	I	F	Y	W	H	M	C	P
0	0.05729	0.02567	0.01870	0.01961	0.24273	0.12120	0.10210	0.10192	0.09349	0.09808	0.02414	0.01498	0.01061	0.00722	0.03617	0.00196	0.00706	0.00514	0.00389	0.00806
1	0.12350	0.20386	0.09166	0.04373	0.13705	0.01520	0.01145	0.12411	0.08260	0.09875	0.01206	0.01290	0.00914	0.00565	0.00477	0.00159	0.00585	0.00433	0.00378	0.00802
2	0.00980	0.00605	0.00772	0.00767	0.00913	0.00558	0.00562	0.01189	0.03635	0.12422	0.21196	0.35019	0.14226	0.01429	0.02867	0.00217	0.00359	0.01174	0.00557	0.00555
3	0.01388	0.01296	0.01282	0.01010	0.01425	0.12199	0.02202	0.09884	0.10974	0.01971	0.01475	0.01547	0.05957	0.00572	0.00480	0.00123	0.00523	0.00451	0.00389	0.44851
4	0.05900	0.01193	0.01478	0.04131	0.03833	0.05447	0.07196	0.09784	0.09195	0.13663	0.07263	0.01642	0.01331	0.00636	0.00608	0.00157	0.05761	0.00515	0.00438	0.19827
5	0.01881	0.02084	0.04514	0.01541	0.06863	0.45014	0.05992	0.03328	0.10743	0.09662	0.01210	0.01298	0.00927	0.00599	0.00550	0.00159	0.02090	0.00446	0.00362	0.00736
6	0.00743	0.00542	0.00714	0.00759	0.00854	0.00513	0.00558	0.00927	0.01276	0.01739	0.30887	0.33705	0.09516	0.01624	0.05821	0.00250	0.00391	0.08161	0.00535	0.00487
7	0.03940	0.01416	0.05060	0.03988	0.18627	0.07004	0.21523	0.08629	0.03307	0.06326	0.04359	0.04444	0.03748	0.00652	0.00642	0.00178	0.04429	0.00607	0.00362	0.00760
8	0.01440	0.01487	0.07220	0.17362	0.40602	0.09196	0.01531	0.05193	0.04285	0.04762	0.01115	0.01385	0.00876	0.00541	0.00544	0.00168	0.00701	0.00481	0.00308	0.00804
9	0.00947	0.00487	0.00717	0.00722	0.00732	0.00489	0.00487	0.00755	0.00758	0.01033	0.01096	0.04832	0.01102	0.01954	0.04960	0.74265	0.00505	0.00530	0.03359	0.00269
10	0.00839	0.00635	0.00928	0.06760	0.01202	0.00662	0.03245	0.01015	0.01072	0.01431	0.05015	0.13773	0.07278	0.11392	0.19577	0.04272	0.00727	0.19294	0.00403	0.00479
11	0.07767	0.09785	0.12656	0.05368	0.30172	0.04967	0.15793	0.03896	0.01267	0.01808	0.00999	0.01267	0.00796	0.00503	0.00528	0.00166	0.00727	0.00472	0.00279	0.00786
12	0.02967	0.01068	0.01471	0.22358	0.10975	0.01188	0.01120	0.18217	0.03681	0.08804	0.04246	0.06850	0.01340	0.04038	0.06569	0.00248	0.03122	0.00609	0.00408	0.00723
13	0.01046	0.00557	0.00628	0.00618	0.00764	0.00533	0.00467	0.01277	0.01238	0.07618	0.10583	0.10833	0.07121	0.00897	0.00493	0.00155	0.00291	0.03195	0.51146	0.00538
14	0.03002	0.08328	0.26603	0.02676	0.07811	0.07202	0.06016	0.18206	0.01577	0.09160	0.03439	0.01361	0.00976	0.00583	0.00530	0.00166	0.00705	0.00469	0.00371	0.00820
15	0.01696	0.04032	0.10995	0.01562	0.10789	0.21062	0.05974	0.12122	0.01534	0.11512	0.01315	0.07083	0.01079	0.00649	0.00539	0.00160	0.00710	0.00530	0.00384	0.06272
16	0.01082	0.03167	0.01036	0.00919	0.01092	0.02520	0.02195	0.07899	0.09926	0.03802	0.10296	0.23100	0.07512	0.04159	0.05896	0.00250	0.04987	0.02757	0.06810	0.00597
17	0.08763	0.03163	0.04541	0.00883	0.01125	0.00831	0.02899	0.03019	0.06410	0.15565	0.07897	0.15380	0.03681	0.19698	0.01097	0.00265	0.00469	0.00795	0.00466	0.03054

[dist]
# distance from previous block
# <min> <max>
0	131

# created by:
# /home/cegg/simao/soft/augustus-3.2.1/scripts/msa2prfl.pl ./align_prep/EOG091G0Q05.fa
