[name]
unknown

[dist]
# distance from previous block
# <min> <max>
1	130

[block]
# block no. 0 follows, 55 sequences, length 39
# corresponding to MSA columns:
# 225-263
name=unknown_A
#
# <colnr> <probs for GDERKNQSTAVLIFYWHMCP>
#	G	D	E	R	K	N	Q	S	T	A	V	L	I	F	Y	W	H	M	C	P
0	0.01037	0.00834	0.03180	0.02303	0.01061	0.03333	0.00637	0.03900	0.08047	0.06230	0.04850	0.10288	0.08729	0.08915	0.04508	0.00212	0.02418	0.05558	0.04992	0.18968
1	0.01049	0.00827	0.00948	0.00939	0.08396	0.04485	0.00615	0.02660	0.06542	0.05655	0.01585	0.04780	0.06601	0.26644	0.05233	0.00270	0.00495	0.00568	0.00349	0.21360
2	0.01058	0.00875	0.00990	0.00904	0.04774	0.05157	0.00662	0.04869	0.04183	0.03397	0.11522	0.10034	0.02756	0.02018	0.02466	0.00159	0.00429	0.07794	0.00386	0.35571
3	0.01249	0.25708	0.01490	0.00876	0.01206	0.06964	0.02581	0.01595	0.14597	0.05786	0.04354	0.03117	0.03812	0.00576	0.00428	0.00130	0.00458	0.00434	0.04359	0.20282
4	0.18863	0.02107	0.15866	0.08780	0.07065	0.00921	0.00942	0.03226	0.01102	0.18815	0.03575	0.11126	0.04213	0.00690	0.00481	0.00166	0.00483	0.00546	0.00382	0.00650
5	0.01344	0.16087	0.08822	0.05715	0.03294	0.14105	0.15133	0.06424	0.04858	0.05791	0.03613	0.01340	0.00956	0.03721	0.00547	0.00158	0.00626	0.00435	0.00312	0.06720
6	0.05206	0.08119	0.11791	0.03965	0.09346	0.02218	0.00963	0.04839	0.38119	0.01787	0.01490	0.04301	0.01210	0.03820	0.00558	0.00176	0.00489	0.00504	0.00387	0.00713
7	0.02239	0.06197	0.03002	0.05301	0.01358	0.06084	0.00780	0.23197	0.05028	0.04024	0.01238	0.08151	0.01081	0.03441	0.04325	0.00178	0.00527	0.00482	0.00375	0.22990
8	0.05577	0.03735	0.03635	0.01217	0.08117	0.17827	0.01897	0.18531	0.08538	0.12131	0.01181	0.01278	0.00905	0.00673	0.03294	0.00171	0.03522	0.00417	0.00384	0.06971
9	0.01068	0.00823	0.01244	0.09293	0.13092	0.00831	0.07981	0.02271	0.06778	0.09444	0.06014	0.27181	0.01935	0.00932	0.00607	0.00183	0.03627	0.05695	0.00403	0.00598
10	0.00943	0.00770	0.01072	0.18289	0.10090	0.00802	0.01988	0.08690	0.04166	0.01570	0.08175	0.32491	0.06975	0.00987	0.00564	0.00180	0.00435	0.00858	0.00398	0.00557
11	0.00865	0.00611	0.00822	0.00968	0.13063	0.00596	0.00554	0.00850	0.00813	0.01100	0.01545	0.02482	0.07989	0.37570	0.05539	0.22835	0.00503	0.00607	0.00294	0.00396
12	0.16060	0.20869	0.01578	0.05690	0.10504	0.25930	0.00909	0.01619	0.01115	0.06344	0.00877	0.01051	0.00727	0.00567	0.01783	0.00154	0.02965	0.00345	0.00285	0.00626
13	0.63862	0.03911	0.05224	0.00865	0.04776	0.06766	0.00688	0.02581	0.00945	0.01981	0.00927	0.01064	0.03695	0.00523	0.00366	0.00157	0.00453	0.00329	0.00312	0.00576
14	0.00900	0.00768	0.01062	0.06891	0.21294	0.00755	0.00806	0.01156	0.06604	0.01592	0.20566	0.05235	0.24365	0.00901	0.00569	0.00169	0.01431	0.03952	0.00411	0.00573
15	0.01173	0.00961	0.01346	0.07848	0.27008	0.00881	0.00946	0.01437	0.05132	0.07184	0.02643	0.02572	0.02223	0.00524	0.00461	0.00132	0.00465	0.01848	0.00328	0.34888
16	0.00838	0.00651	0.00719	0.00707	0.00771	0.04928	0.00479	0.00946	0.04511	0.01167	0.05850	0.05719	0.01739	0.43548	0.24831	0.00490	0.00706	0.00657	0.00327	0.00416
17	0.01276	0.12294	0.19892	0.05301	0.17871	0.10906	0.03693	0.05797	0.01196	0.05523	0.05419	0.01457	0.04675	0.00569	0.00478	0.00152	0.00601	0.00448	0.01772	0.00681
18	0.01195	0.23526	0.27988	0.01209	0.02924	0.03538	0.09879	0.01479	0.01069	0.05817	0.04670	0.03560	0.00976	0.00558	0.00516	0.00150	0.04968	0.00428	0.00281	0.05268
19	0.00759	0.00621	0.00668	0.00711	0.00804	0.04955	0.00497	0.00898	0.04720	0.01396	0.11892	0.48994	0.18634	0.01295	0.00600	0.00188	0.00325	0.01121	0.00460	0.00461
20	0.14396	0.00907	0.01003	0.00762	0.01141	0.00772	0.00604	0.01282	0.00990	0.03159	0.00897	0.01067	0.00749	0.00441	0.00426	0.00104	0.03774	0.00311	0.00310	0.66905
21	0.00712	0.00593	0.00712	0.00661	0.00829	0.00521	0.04753	0.00871	0.03406	0.01482	0.18390	0.08334	0.54644	0.01140	0.00586	0.00173	0.00301	0.00958	0.00465	0.00470
22	0.01182	0.00575	0.00720	0.00634	0.00830	0.00515	0.00492	0.01352	0.01161	0.29903	0.16597	0.09243	0.14174	0.03816	0.00552	0.00156	0.00300	0.01878	0.15373	0.00546
23	0.01183	0.02821	0.01381	0.01183	0.01254	0.21462	0.00961	0.01294	0.00870	0.01122	0.00672	0.01011	0.00637	0.00865	0.05494	0.00210	0.56471	0.00382	0.00215	0.00513
24	0.00581	0.00473	0.00515	0.00504	0.00648	0.00406	0.00378	0.00729	0.01135	0.01433	0.26699	0.04186	0.58463	0.01112	0.00549	0.00154	0.00231	0.00941	0.00455	0.00406
25	0.01067	0.01053	0.01643	0.19194	0.39995	0.05282	0.05398	0.01309	0.00981	0.01339	0.00895	0.03252	0.00789	0.04390	0.00695	0.00166	0.11258	0.00449	0.00230	0.00615
26	0.01649	0.00763	0.00979	0.00781	0.01071	0.00708	0.00633	0.11465	0.01417	0.48644	0.20321	0.01980	0.01874	0.00661	0.00479	0.00142	0.00360	0.00548	0.04836	0.00690
27	0.01503	0.01198	0.01232	0.01015	0.01333	0.05047	0.00814	0.39616	0.36647	0.04332	0.01461	0.01390	0.01070	0.00587	0.00467	0.00147	0.00460	0.00462	0.00461	0.00755
28	0.00887	0.00715	0.00995	0.02002	0.06965	0.00760	0.02904	0.06825	0.00920	0.01307	0.01173	0.03292	0.01141	0.14839	0.24847	0.04399	0.08656	0.04401	0.00278	0.12692
29	0.01738	0.02217	0.01318	0.01199	0.01438	0.81783	0.00899	0.01858	0.01318	0.01139	0.00719	0.00839	0.00599	0.00479	0.00419	0.00120	0.00839	0.00300	0.00240	0.00539
30	0.01738	0.02217	0.01318	0.01199	0.01438	0.81783	0.00899	0.01858	0.01318	0.01139	0.00719	0.00839	0.00599	0.00479	0.00419	0.00120	0.00839	0.00300	0.00240	0.00539
31	0.01116	0.00963	0.01012	0.00914	0.01170	0.01105	0.00710	0.02348	0.74503	0.01899	0.02087	0.01924	0.06845	0.00669	0.00479	0.00158	0.00359	0.00557	0.00471	0.00713
32	0.00719	0.00670	0.00863	0.00776	0.00887	0.00747	0.03583	0.00840	0.00942	0.01218	0.03145	0.08057	0.47591	0.01050	0.00860	0.00174	0.26283	0.00805	0.00352	0.00437
33	0.00675	0.00479	0.00551	0.00554	0.00678	0.00427	0.00409	0.00805	0.01054	0.05060	0.15632	0.14352	0.40386	0.08560	0.00714	0.00187	0.00276	0.05577	0.03215	0.00410
34	0.01319	0.01106	0.01506	0.01189	0.01512	0.02099	0.18365	0.25555	0.25636	0.04439	0.02594	0.03851	0.01152	0.00601	0.00518	0.00153	0.02477	0.02717	0.02519	0.00692
35	0.00639	0.00454	0.00565	0.00580	0.00660	0.00423	0.00413	0.00784	0.01075	0.01482	0.36024	0.23446	0.12031	0.11753	0.00787	0.00198	0.00271	0.03566	0.04452	0.00398
36	0.01268	0.00925	0.01021	0.00888	0.01149	0.01020	0.00696	0.09221	0.51382	0.12381	0.10240	0.01873	0.01649	0.02345	0.00517	0.00158	0.00369	0.00544	0.01653	0.00703
37	0.01369	0.55384	0.03870	0.00940	0.01320	0.12198	0.03374	0.12476	0.02787	0.01399	0.00762	0.00853	0.00645	0.00437	0.00353	0.00112	0.00555	0.00297	0.00249	0.00623
38	0.01391	0.04611	0.01207	0.02405	0.03291	0.02713	0.00765	0.21102	0.05508	0.16814	0.01203	0.01413	0.00949	0.08241	0.03228	0.00189	0.13340	0.00437	0.03685	0.07507

[dist]
# distance from previous block
# <min> <max>
6	11

[block]
# block no. 1 follows, 55 sequences, length 30
# corresponding to MSA columns:
# 277-306
name=unknown_B
#
# <colnr> <probs for GDERKNQSTAVLIFYWHMCP>
#	G	D	E	R	K	N	Q	S	T	A	V	L	I	F	Y	W	H	M	C	P
0	0.00862	0.00704	0.01062	0.22030	0.05315	0.00756	0.05917	0.06072	0.03700	0.01319	0.04190	0.13355	0.12508	0.02131	0.00798	0.16208	0.01656	0.00650	0.00309	0.00458
1	0.01238	0.01008	0.03303	0.22715	0.04613	0.01113	0.00958	0.18538	0.22184	0.07879	0.01346	0.06361	0.01063	0.00615	0.00531	0.00155	0.04842	0.00502	0.00376	0.00659
2	0.01675	0.01261	0.01377	0.01127	0.04544	0.01397	0.00889	0.67438	0.10948	0.02765	0.01195	0.01188	0.00860	0.00561	0.00466	0.00142	0.00497	0.00431	0.00457	0.00783
3	0.06199	0.00587	0.00678	0.00591	0.00773	0.00584	0.03519	0.05099	0.01079	0.13063	0.01469	0.01606	0.01107	0.00535	0.00359	0.00119	0.00287	0.00432	0.61401	0.00514
4	0.86937	0.00900	0.00684	0.00612	0.00900	0.01044	0.00504	0.01368	0.00792	0.02087	0.00648	0.00756	0.00504	0.00432	0.00288	0.00144	0.00360	0.00252	0.00288	0.00504
5	0.01012	0.00810	0.01054	0.01063	0.09024	0.00850	0.05147	0.01648	0.31963	0.06462	0.05793	0.05073	0.12477	0.02643	0.02477	0.00181	0.00411	0.09433	0.01875	0.00604
6	0.00940	0.03963	0.63105	0.01192	0.01767	0.00984	0.01471	0.01399	0.01015	0.04361	0.03255	0.01622	0.04803	0.00572	0.00466	0.00153	0.00615	0.07423	0.00251	0.00645
7	0.86937	0.00900	0.00684	0.00612	0.00900	0.01044	0.00504	0.01368	0.00792	0.02087	0.00648	0.00756	0.00504	0.00432	0.00288	0.00144	0.00360	0.00252	0.00288	0.00504
8	0.00675	0.00458	0.00543	0.00543	0.00555	0.00470	0.00326	0.00699	0.00687	0.00928	0.01433	0.02865	0.01613	0.71821	0.14091	0.00495	0.00568	0.00650	0.00277	0.00302
9	0.01077	0.01036	0.01784	0.24137	0.57479	0.01088	0.03898	0.01366	0.01026	0.01430	0.00864	0.01179	0.00705	0.00427	0.00465	0.00143	0.00578	0.00419	0.00224	0.00674
10	0.14845	0.01879	0.01219	0.01100	0.01330	0.60327	0.00841	0.01748	0.03993	0.01313	0.00742	0.00872	0.00615	0.00503	0.00485	0.00131	0.06959	0.00308	0.00253	0.00539
11	0.01594	0.00867	0.01039	0.00851	0.01153	0.00872	0.00685	0.11137	0.23651	0.38823	0.08867	0.01826	0.03728	0.00639	0.00476	0.00147	0.00378	0.00526	0.02015	0.00727
12	0.01056	0.01008	0.01716	0.30734	0.53616	0.01080	0.01380	0.01344	0.01014	0.01404	0.00858	0.01183	0.00696	0.00432	0.00462	0.00144	0.00576	0.00414	0.00222	0.00660
13	0.01151	0.01105	0.01888	0.02855	0.80748	0.01105	0.01428	0.01428	0.01059	0.01520	0.00875	0.01151	0.00737	0.00415	0.00461	0.00138	0.00553	0.00415	0.00230	0.00737
14	0.49673	0.01099	0.00987	0.00869	0.03948	0.06733	0.00678	0.22278	0.01246	0.07360	0.00863	0.00926	0.00638	0.00478	0.00362	0.00141	0.00443	0.00320	0.00349	0.00610
15	0.01186	0.01014	0.01068	0.00953	0.01221	0.01171	0.00743	0.06127	0.76205	0.01993	0.01856	0.01706	0.01390	0.00628	0.00473	0.00157	0.00375	0.00521	0.00473	0.00739
16	0.08759	0.01359	0.01110	0.00923	0.01241	0.29320	0.00721	0.05631	0.08976	0.11198	0.01016	0.01062	0.00775	0.00467	0.00400	0.00115	0.00537	0.00337	0.00330	0.25725
17	0.00599	0.00470	0.00547	0.00545	0.00663	0.00429	0.00401	0.00736	0.01047	0.01352	0.21958	0.09146	0.42502	0.06997	0.10283	0.00246	0.00368	0.00894	0.00419	0.00398
18	0.02087	0.00792	0.01080	0.00828	0.01188	0.00684	0.00684	0.02267	0.01332	0.81071	0.01835	0.01583	0.01152	0.00576	0.00468	0.00144	0.00396	0.00468	0.00576	0.00792
19	0.02087	0.00792	0.01080	0.00828	0.01188	0.00684	0.00684	0.02267	0.01332	0.81071	0.01835	0.01583	0.01152	0.00576	0.00468	0.00144	0.00396	0.00468	0.00576	0.00792
20	0.01123	0.01284	0.05010	0.01872	0.02327	0.01195	0.70117	0.05271	0.01134	0.01547	0.00935	0.01231	0.00703	0.00417	0.00577	0.00157	0.03692	0.00531	0.00244	0.00633
21	0.01439	0.00843	0.01060	0.00897	0.01175	0.00857	0.03508	0.04450	0.30065	0.32092	0.07135	0.05986	0.01639	0.00706	0.00496	0.00157	0.00388	0.05912	0.00501	0.00697
22	0.01684	0.00880	0.01068	0.00874	0.01190	0.00883	0.00704	0.05957	0.29836	0.45862	0.04627	0.01684	0.01347	0.00608	0.00473	0.00149	0.00385	0.00500	0.00531	0.00759
23	0.34667	0.00833	0.00928	0.00745	0.01077	0.00822	0.00615	0.01922	0.01124	0.50743	0.01379	0.01266	0.00903	0.00521	0.00399	0.00144	0.00382	0.00385	0.00465	0.00681
24	0.00713	0.00762	0.06405	0.00738	0.00932	0.04512	0.05710	0.00911	0.03255	0.01297	0.04480	0.14622	0.44362	0.03013	0.00603	0.00170	0.01661	0.05022	0.00388	0.00446
25	0.01648	0.06898	0.01379	0.01013	0.01361	0.03856	0.03660	0.36875	0.17679	0.18696	0.01372	0.01310	0.00971	0.00557	0.00457	0.00141	0.00478	0.00440	0.00456	0.00752
26	0.01273	0.00602	0.00756	0.00651	0.00859	0.00534	0.00498	0.01413	0.01126	0.36318	0.07917	0.08367	0.18273	0.12448	0.00756	0.00191	0.00336	0.00690	0.06435	0.00557
27	0.16993	0.00931	0.01071	0.00840	0.01182	0.00934	0.00692	0.21692	0.01444	0.44778	0.01432	0.01322	0.00946	0.00545	0.00431	0.00142	0.00414	0.00416	0.03066	0.00730
28	0.03967	0.01065	0.06082	0.04256	0.14994	0.03637	0.02930	0.11686	0.16143	0.15399	0.06578	0.03296	0.01293	0.00684	0.02764	0.00166	0.00493	0.03496	0.00396	0.00678
29	0.01076	0.00999	0.01621	0.14553	0.55388	0.02274	0.01253	0.02551	0.01082	0.02654	0.06883	0.02743	0.03864	0.00511	0.00473	0.00143	0.00524	0.00479	0.00267	0.00662

[dist]
# distance from previous block
# <min> <max>
0	1

[block]
# block no. 2 follows, 55 sequences, length 56
# corresponding to MSA columns:
# 308-353,355-364
name=unknown_C
#
# <colnr> <probs for GDERKNQSTAVLIFYWHMCP>
#	G	D	E	R	K	N	Q	S	T	A	V	L	I	F	Y	W	H	M	C	P
0	0.01838	0.00739	0.00993	0.00783	0.01104	0.00640	0.00642	0.02017	0.01304	0.67575	0.07577	0.02020	0.07727	0.00664	0.00484	0.00147	0.00371	0.02091	0.00557	0.00728
1	0.00852	0.00739	0.03352	0.10244	0.09315	0.00708	0.07103	0.02065	0.06003	0.04793	0.07088	0.20943	0.13820	0.03632	0.03483	0.00192	0.00443	0.03224	0.01488	0.00511
2	0.13117	0.15423	0.21940	0.05975	0.11371	0.04077	0.03860	0.04674	0.02085	0.06905	0.03384	0.03459	0.00849	0.00492	0.00414	0.00138	0.00540	0.00391	0.00274	0.00631
3	0.01062	0.00962	0.01399	0.11626	0.31197	0.06672	0.05560	0.03914	0.01055	0.04619	0.03789	0.11622	0.02584	0.08530	0.02239	0.00189	0.01529	0.00578	0.00293	0.00582
4	0.81766	0.00909	0.00718	0.00633	0.00925	0.01046	0.00521	0.03882	0.00852	0.04392	0.00697	0.00791	0.00532	0.00440	0.00299	0.00144	0.00366	0.00263	0.00302	0.00521
5	0.00635	0.00462	0.00579	0.00591	0.00677	0.00433	0.00428	0.00765	0.01043	0.01402	0.30474	0.17330	0.18545	0.11039	0.05356	0.03445	0.00336	0.05647	0.00424	0.00390
6	0.02385	0.04792	0.01512	0.16963	0.32640	0.03281	0.01111	0.07789	0.14517	0.03250	0.01200	0.03574	0.02891	0.00530	0.00472	0.00145	0.01518	0.00461	0.00303	0.00665
7	0.01169	0.03760	0.05991	0.01116	0.06602	0.08838	0.03692	0.02555	0.25778	0.07449	0.05677	0.01700	0.01277	0.07487	0.03215	0.00197	0.10237	0.02292	0.00355	0.00613
8	0.00698	0.00486	0.00616	0.00580	0.00705	0.00440	0.00436	0.00897	0.01266	0.05002	0.63664	0.06088	0.15403	0.00985	0.00547	0.00149	0.00231	0.00862	0.00500	0.00445
9	0.04900	0.00828	0.01349	0.68431	0.08190	0.01003	0.01213	0.01195	0.00956	0.01293	0.05577	0.01345	0.00848	0.00489	0.00462	0.00153	0.00580	0.00432	0.00230	0.00526
10	0.00785	0.00500	0.00647	0.00606	0.00737	0.00454	0.00456	0.00977	0.01252	0.09782	0.57908	0.11534	0.10606	0.00985	0.00545	0.00151	0.00244	0.00865	0.00503	0.00464
11	0.00914	0.00787	0.01067	0.18798	0.11108	0.05200	0.01987	0.01228	0.07226	0.03557	0.20132	0.04519	0.04156	0.01025	0.09790	0.00219	0.00534	0.04146	0.03082	0.00526
12	0.00641	0.00472	0.00599	0.00573	0.00686	0.00431	0.00428	0.00842	0.01268	0.01763	0.67910	0.06481	0.14177	0.00999	0.00550	0.00149	0.00223	0.00877	0.00499	0.00431
13	0.01072	0.01041	0.01838	0.18229	0.50147	0.01071	0.11868	0.02380	0.01046	0.01454	0.00957	0.05019	0.00820	0.00472	0.00480	0.00146	0.00584	0.00475	0.00239	0.00663
14	0.86937	0.00900	0.00684	0.00612	0.00900	0.01044	0.00504	0.01368	0.00792	0.02087	0.00648	0.00756	0.00504	0.00432	0.00288	0.00144	0.00360	0.00252	0.00288	0.00504
15	0.00655	0.00508	0.00609	0.00628	0.00741	0.00463	0.00443	0.00833	0.05653	0.01294	0.05412	0.45336	0.18095	0.05712	0.00646	0.00180	0.00287	0.01852	0.00411	0.10242
16	0.86937	0.00900	0.00684	0.00612	0.00900	0.01044	0.00504	0.01368	0.00792	0.02087	0.00648	0.00756	0.00504	0.00432	0.00288	0.00144	0.00360	0.00252	0.00288	0.00504
17	0.01158	0.00960	0.01100	0.00811	0.01209	0.06178	0.04188	0.04969	0.01084	0.08450	0.00926	0.01030	0.00729	0.00386	0.00375	0.00086	0.00410	0.00313	0.00306	0.65333
18	0.86937	0.00900	0.00684	0.00612	0.00900	0.01044	0.00504	0.01368	0.00792	0.02087	0.00648	0.00756	0.00504	0.00432	0.00288	0.00144	0.00360	0.00252	0.00288	0.00504
19	0.00895	0.00843	0.01425	0.77777	0.07832	0.01038	0.01300	0.01203	0.00938	0.01208	0.00830	0.01235	0.00627	0.00462	0.00465	0.00154	0.00616	0.00414	0.00208	0.00530
20	0.00783	0.05765	0.10195	0.00982	0.03308	0.00700	0.08364	0.01004	0.02140	0.01309	0.01957	0.33194	0.02147	0.01906	0.00609	0.02235	0.00439	0.22129	0.00359	0.00475
21	0.04682	0.01068	0.01217	0.00932	0.01301	0.01090	0.00767	0.42067	0.02910	0.27556	0.01308	0.01245	0.00894	0.00536	0.00446	0.00133	0.00449	0.00414	0.00473	0.10511
22	0.01960	0.00896	0.01129	0.00870	0.01225	0.00845	0.00717	0.19626	0.01516	0.60506	0.01776	0.01582	0.03930	0.00594	0.00470	0.00143	0.00416	0.00475	0.00546	0.00777
23	0.00617	0.00497	0.00597	0.05463	0.00849	0.00458	0.00492	0.00771	0.01070	0.01344	0.13360	0.12000	0.46046	0.01152	0.00564	0.00168	0.00291	0.13422	0.00428	0.00410
24	0.01117	0.01065	0.01762	0.11722	0.60688	0.01109	0.03300	0.01502	0.08964	0.01518	0.00970	0.01221	0.00789	0.00448	0.00481	0.00144	0.01814	0.00429	0.00252	0.00705
25	0.69350	0.00945	0.00884	0.00744	0.01050	0.01064	0.05233	0.06434	0.03744	0.05787	0.00795	0.00882	0.00597	0.00451	0.00330	0.00145	0.00397	0.00300	0.00316	0.00551
26	0.00578	0.00428	0.00533	0.00608	0.00666	0.00392	0.00418	0.00672	0.00935	0.01217	0.05757	0.57108	0.19219	0.05881	0.00682	0.00196	0.00276	0.03628	0.00426	0.00380
27	0.01132	0.01386	0.14585	0.01615	0.09810	0.04915	0.31292	0.03184	0.16006	0.02738	0.01140	0.01308	0.02052	0.00498	0.00566	0.00155	0.06196	0.00480	0.00284	0.00659
28	0.03887	0.00687	0.00827	0.00868	0.00997	0.06942	0.03202	0.01032	0.01090	0.01428	0.09601	0.10774	0.02568	0.01145	0.00597	0.00194	0.00437	0.52871	0.00411	0.00443
29	0.41610	0.00921	0.00935	0.00765	0.01088	0.00978	0.00629	0.12075	0.05389	0.29593	0.01189	0.01143	0.00816	0.00509	0.00384	0.00144	0.00393	0.00364	0.00421	0.00654
30	0.84023	0.00945	0.00705	0.00632	0.00918	0.03805	0.00517	0.01384	0.00810	0.02055	0.00650	0.00759	0.00507	0.00433	0.00292	0.00143	0.00376	0.00254	0.00286	0.00505
31	0.00601	0.00443	0.00559	0.00619	0.00683	0.00412	0.00432	0.00732	0.02320	0.01316	0.15693	0.51285	0.13876	0.05151	0.00663	0.00190	0.00273	0.03919	0.00439	0.00393
32	0.01294	0.09803	0.26088	0.01425	0.10101	0.26439	0.08123	0.04349	0.05471	0.01416	0.00862	0.01003	0.00672	0.00457	0.00435	0.00134	0.00687	0.00359	0.00242	0.00639
33	0.00609	0.00477	0.00554	0.00543	0.00677	0.00421	0.00413	0.00778	0.01176	0.01536	0.38466	0.04071	0.42243	0.01083	0.00554	0.00155	0.00239	0.05120	0.00468	0.00415
34	0.00788	0.00539	0.00659	0.00618	0.00770	0.00502	0.00477	0.01053	0.06555	0.08154	0.45539	0.03555	0.22491	0.00974	0.00543	0.00154	0.00260	0.05406	0.00490	0.00476
35	0.01625	0.01311	0.06731	0.01054	0.01421	0.01340	0.00908	0.67547	0.01996	0.02685	0.01161	0.01342	0.00885	0.04454	0.00559	0.00157	0.00518	0.03120	0.00437	0.00748
36	0.00561	0.00467	0.00490	0.00494	0.00638	0.00396	0.00367	0.00687	0.01074	0.01311	0.11918	0.09643	0.68003	0.01175	0.00553	0.00158	0.00236	0.00991	0.00440	0.00396
37	0.01105	0.00971	0.01143	0.04876	0.06055	0.01099	0.03514	0.02201	0.63444	0.01844	0.04642	0.01811	0.03954	0.00631	0.00480	0.00156	0.00396	0.00541	0.00438	0.00701
38	0.01230	0.80207	0.06037	0.00820	0.01231	0.01806	0.00838	0.01397	0.00947	0.01112	0.00655	0.00757	0.00597	0.00400	0.00305	0.00102	0.00506	0.00253	0.00199	0.00601
39	0.04382	0.04221	0.02708	0.09186	0.01406	0.32029	0.00821	0.08704	0.07413	0.01559	0.17526	0.01559	0.01487	0.01791	0.00514	0.00142	0.03204	0.00459	0.00331	0.00554
40	0.01168	0.01005	0.01058	0.00949	0.01214	0.01162	0.00739	0.03859	0.78503	0.01964	0.01879	0.01725	0.01409	0.00630	0.00473	0.00157	0.00371	0.00524	0.00473	0.00737
41	0.00962	0.00849	0.01104	0.12225	0.06700	0.00749	0.00736	0.01180	0.00951	0.01444	0.00846	0.02309	0.00716	0.00409	0.00436	0.00095	0.04829	0.00327	0.00262	0.62871
42	0.00718	0.00492	0.00613	0.00596	0.00718	0.00450	0.00445	0.00897	0.01954	0.06392	0.40758	0.13337	0.21071	0.04094	0.02744	0.00183	0.00283	0.03346	0.00470	0.00439
43	0.01218	0.00962	0.01085	0.00819	0.01186	0.00901	0.00663	0.29102	0.01405	0.02005	0.03159	0.01236	0.03387	0.00607	0.04120	0.00130	0.00439	0.00374	0.00354	0.46847
44	0.00954	0.00828	0.03387	0.00966	0.01013	0.01885	0.00786	0.00997	0.00764	0.03965	0.04555	0.04013	0.03047	0.02038	0.02971	0.22618	0.44062	0.00474	0.00246	0.00430
45	0.03833	0.03060	0.01237	0.01131	0.03607	0.61189	0.00836	0.05287	0.04126	0.01346	0.00864	0.00982	0.00701	0.00491	0.00410	0.00122	0.00717	0.00328	0.09180	0.00553
46	0.54032	0.00859	0.00781	0.00640	0.00965	0.00879	0.00522	0.01340	0.00875	0.05508	0.00782	0.00886	0.00610	0.00415	0.00315	0.00120	0.00353	0.00274	0.02776	0.27067
47	0.01014	0.00817	0.00854	0.00700	0.00965	0.07195	0.03195	0.01340	0.09319	0.01616	0.01207	0.01349	0.00958	0.00465	0.00364	0.00101	0.00352	0.00376	0.34203	0.33610
48	0.00906	0.00855	0.01445	0.74525	0.10997	0.01041	0.01306	0.01213	0.00943	0.01222	0.00832	0.01231	0.00632	0.00460	0.00465	0.00153	0.00613	0.00414	0.00209	0.00539
49	0.01044	0.00824	0.00973	0.00699	0.01109	0.00625	0.00561	0.01249	0.00991	0.07143	0.00898	0.01008	0.00722	0.00361	0.00353	0.00074	0.00348	0.00289	0.00297	0.80432
50	0.00921	0.00855	0.01369	0.60378	0.10543	0.00969	0.01177	0.01209	0.00949	0.01278	0.00832	0.01184	0.00644	0.00439	0.00444	0.00138	0.00566	0.00390	0.00221	0.15496
51	0.01136	0.01090	0.01861	0.07224	0.76497	0.01101	0.01420	0.01415	0.01052	0.01502	0.00872	0.01156	0.00731	0.00417	0.00461	0.00139	0.00556	0.00414	0.00229	0.00725
52	0.01398	0.00918	0.01548	0.20142	0.06276	0.00897	0.18398	0.01687	0.02775	0.31077	0.03582	0.01424	0.00975	0.00497	0.00479	0.00144	0.00534	0.00470	0.00371	0.06408
53	0.00919	0.00864	0.01465	0.61777	0.16853	0.01014	0.02877	0.01219	0.00980	0.01294	0.05593	0.01358	0.00868	0.00484	0.00471	0.00152	0.00588	0.00442	0.00230	0.00554
54	0.00918	0.00846	0.01370	0.63464	0.11079	0.01006	0.01210	0.04094	0.02007	0.01302	0.01124	0.03127	0.05470	0.00529	0.00472	0.00154	0.00576	0.00468	0.00240	0.00543
55	0.00665	0.00556	0.02374	0.00870	0.09156	0.00498	0.00573	0.00824	0.01779	0.01370	0.15457	0.41387	0.15818	0.01179	0.00564	0.00172	0.00305	0.05590	0.00419	0.00441

[dist]
# distance from previous block
# <min> <max>
0	8

# created by:
# /home/cegg/simao/soft/augustus-3.2.1/scripts/msa2prfl.pl ./align_prep/EOG091G0MCM.fa
