[name]
unknown

[dist]
# distance from previous block
# <min> <max>
0	94

[block]
# block no. 0 follows, 54 sequences, length 11
# corresponding to MSA columns:
# 136-146
name=unknown_A
#
# <colnr> <probs for GDERKNQSTAVLIFYWHMCP>
#	G	D	E	R	K	N	Q	S	T	A	V	L	I	F	Y	W	H	M	C	P
0	0.03636	0.02955	0.00749	0.00709	0.00792	0.02298	0.00527	0.00868	0.00827	0.01153	0.01592	0.13552	0.01723	0.26186	0.23431	0.00420	0.03614	0.11197	0.00311	0.03460
1	0.00632	0.00480	0.00680	0.00875	0.08464	0.00455	0.00536	0.00734	0.00919	0.01236	0.02432	0.75132	0.02887	0.01374	0.00589	0.00186	0.00301	0.01251	0.00418	0.00418
2	0.01118	0.05840	0.01133	0.00764	0.01175	0.00829	0.00625	0.13012	0.01165	0.01729	0.00872	0.00988	0.00709	0.00385	0.00365	0.00083	0.00384	0.00300	0.00304	0.68221
3	0.00953	0.23510	0.12164	0.05478	0.05882	0.03896	0.00857	0.01146	0.00973	0.01259	0.02832	0.17824	0.06051	0.00803	0.00534	0.05031	0.00468	0.04713	0.00289	0.05336
4	0.01100	0.23224	0.53889	0.01183	0.01777	0.01325	0.01428	0.08210	0.01092	0.01523	0.00822	0.00946	0.00617	0.00447	0.00413	0.00136	0.00632	0.00330	0.00223	0.00682
5	0.00684	0.00463	0.00545	0.00545	0.00556	0.00474	0.00324	0.00705	0.00695	0.00937	0.01458	0.02930	0.01647	0.73353	0.12384	0.00495	0.00559	0.00663	0.00282	0.00303
6	0.00598	0.00461	0.00561	0.00600	0.00699	0.00423	0.00439	0.00727	0.01019	0.01316	0.12634	0.31542	0.33075	0.01475	0.07627	0.00225	0.00349	0.05398	0.00431	0.00402
7	0.01021	0.23722	0.26786	0.06036	0.02849	0.01225	0.07870	0.02723	0.04467	0.01400	0.05675	0.01427	0.05652	0.02097	0.02677	0.00162	0.02910	0.00435	0.00257	0.00609
8	0.00879	0.00439	0.00439	0.00439	0.00549	0.00439	0.00330	0.01099	0.00989	0.01758	0.01538	0.01758	0.01209	0.00549	0.00330	0.00110	0.00220	0.00439	0.86047	0.00439
9	0.01127	0.26150	0.30580	0.01240	0.06850	0.03907	0.06864	0.07416	0.01115	0.01486	0.03678	0.03498	0.03127	0.00508	0.00426	0.00135	0.00587	0.00408	0.00252	0.00646
10	0.01171	0.22430	0.40003	0.01166	0.04193	0.04088	0.02879	0.01525	0.01035	0.09349	0.00959	0.03792	0.00754	0.00480	0.00417	0.00134	0.00592	0.00373	0.00253	0.04405

[dist]
# distance from previous block
# <min> <max>
0	1

[block]
# block no. 1 follows, 54 sequences, length 12
# corresponding to MSA columns:
# 148-159
name=unknown_B
#
# <colnr> <probs for GDERKNQSTAVLIFYWHMCP>
#	G	D	E	R	K	N	Q	S	T	A	V	L	I	F	Y	W	H	M	C	P
0	0.04125	0.00817	0.00943	0.00693	0.01086	0.00631	0.00550	0.01165	0.00967	0.01539	0.00929	0.05547	0.00826	0.00415	0.00361	0.00079	0.00346	0.00338	0.00289	0.78354
1	0.00761	0.00761	0.05616	0.00946	0.03387	0.00639	0.14869	0.01010	0.02287	0.01546	0.29718	0.07261	0.20170	0.05240	0.00650	0.00174	0.00393	0.03686	0.00403	0.00485
2	0.01371	0.66473	0.02247	0.00870	0.01263	0.04716	0.00826	0.14838	0.01190	0.01433	0.00741	0.00825	0.00639	0.00435	0.00336	0.00109	0.00519	0.00284	0.00250	0.00637
3	0.00836	0.00782	0.01055	0.00962	0.00997	0.01000	0.00768	0.00937	0.00828	0.01176	0.01829	0.21992	0.15023	0.01051	0.01142	0.00194	0.47920	0.00743	0.00304	0.00462
4	0.05268	0.18488	0.04460	0.07087	0.33975	0.03547	0.01092	0.01460	0.01066	0.09014	0.05324	0.02457	0.01003	0.00508	0.00450	0.00137	0.01780	0.01943	0.00283	0.00657
5	0.56728	0.16399	0.02944	0.00757	0.01070	0.06138	0.03339	0.01394	0.00884	0.01792	0.00765	0.04609	0.00664	0.00481	0.00329	0.00139	0.00439	0.00321	0.00275	0.00533
6	0.01675	0.16341	0.01532	0.01144	0.01415	0.67753	0.00893	0.01801	0.01271	0.01146	0.00716	0.00834	0.00607	0.00472	0.00404	0.00118	0.00790	0.00295	0.00236	0.00557
7	0.02963	0.02558	0.10161	0.08513	0.16500	0.03850	0.01039	0.05846	0.19134	0.12367	0.03121	0.01455	0.02616	0.00640	0.02595	0.00167	0.04980	0.00459	0.00355	0.00683
8	0.01346	0.01262	0.01153	0.01018	0.01293	0.15109	0.00792	0.11219	0.57153	0.01946	0.01622	0.01530	0.01222	0.00605	0.00469	0.00151	0.00473	0.00481	0.00438	0.00718
9	0.01844	0.00860	0.01115	0.00942	0.04192	0.00816	0.00731	0.05797	0.14907	0.57579	0.01828	0.04655	0.01255	0.00620	0.00480	0.00150	0.00403	0.00513	0.00542	0.00775
10	0.01060	0.00989	0.01589	0.23191	0.22718	0.01064	0.12452	0.05068	0.14661	0.01534	0.01252	0.01561	0.03671	0.06413	0.00624	0.00174	0.00560	0.00498	0.00292	0.00629
11	0.01132	0.22837	0.28919	0.04392	0.04093	0.02829	0.19150	0.02851	0.01062	0.04159	0.02439	0.01153	0.00765	0.00457	0.00443	0.00139	0.00639	0.01654	0.00239	0.00647

[dist]
# distance from previous block
# <min> <max>
1	2

[block]
# block no. 2 follows, 54 sequences, length 41
# corresponding to MSA columns:
# 162-167,176-210
name=unknown_C
#
# <colnr> <probs for GDERKNQSTAVLIFYWHMCP>
#	G	D	E	R	K	N	Q	S	T	A	V	L	I	F	Y	W	H	M	C	P
0	0.04429	0.00658	0.00892	0.00928	0.05538	0.00661	0.04527	0.03390	0.11164	0.07135	0.04238	0.44700	0.02339	0.01095	0.00553	0.00177	0.00359	0.06271	0.00429	0.00516
1	0.73075	0.00895	0.00768	0.02423	0.05365	0.01019	0.00573	0.01358	0.02184	0.02007	0.00967	0.01065	0.05824	0.00491	0.00326	0.00147	0.00373	0.00322	0.00300	0.00521
2	0.06504	0.00711	0.00967	0.02694	0.02417	0.00882	0.00721	0.01010	0.02769	0.01216	0.02192	0.04443	0.01165	0.09155	0.34106	0.00445	0.24754	0.03126	0.00265	0.00459
3	0.81061	0.00885	0.00697	0.00629	0.00907	0.01027	0.00516	0.01350	0.00799	0.02048	0.00697	0.00838	0.00555	0.00643	0.05672	0.00186	0.00424	0.00272	0.00289	0.00505
4	0.00879	0.00439	0.00439	0.00439	0.00549	0.00439	0.00330	0.01099	0.00989	0.01758	0.01538	0.01758	0.01209	0.00549	0.00330	0.00110	0.00220	0.00439	0.86047	0.00439
5	0.00807	0.00665	0.00737	0.00730	0.02450	0.05899	0.00526	0.04720	0.05502	0.01690	0.42939	0.19102	0.08844	0.01016	0.00570	0.01693	0.00308	0.00870	0.00463	0.00471
6	0.05507	0.01120	0.03589	0.05715	0.64593	0.01124	0.01345	0.01499	0.06246	0.01575	0.00935	0.01182	0.00770	0.00447	0.00482	0.00144	0.02339	0.00417	0.00250	0.00720
7	0.00698	0.00457	0.00552	0.00557	0.00568	0.00464	0.00339	0.00698	0.00700	0.00939	0.01449	0.04512	0.01634	0.64505	0.08685	0.09379	0.00513	0.02775	0.00282	0.00294
8	0.86760	0.00912	0.00693	0.00620	0.00912	0.01058	0.00511	0.01386	0.00802	0.02115	0.00657	0.00766	0.00511	0.00438	0.00292	0.00146	0.00365	0.00255	0.00292	0.00511
9	0.74442	0.00965	0.00786	0.02733	0.01029	0.02929	0.00571	0.06553	0.00928	0.04512	0.00731	0.00830	0.00555	0.00453	0.00317	0.00145	0.00394	0.00278	0.00309	0.00540
10	0.01122	0.01272	0.12344	0.01408	0.01800	0.02880	0.33594	0.14734	0.03035	0.01745	0.06827	0.03338	0.03012	0.00778	0.06011	0.00197	0.00676	0.04285	0.00318	0.00625
11	0.01244	0.00872	0.01278	0.28510	0.13684	0.02548	0.01005	0.01590	0.08982	0.20233	0.03624	0.01488	0.01022	0.00818	0.07477	0.02196	0.01995	0.00462	0.00343	0.00627
12	0.00710	0.00589	0.02926	0.00810	0.00913	0.00638	0.02554	0.00874	0.00765	0.01103	0.01209	0.01793	0.01129	0.04643	0.70255	0.03911	0.04005	0.00499	0.00248	0.00426
13	0.05609	0.10676	0.43988	0.01435	0.10111	0.04032	0.07504	0.08471	0.01121	0.01613	0.00850	0.01005	0.00637	0.00448	0.00436	0.00142	0.00642	0.00363	0.00237	0.00682
14	0.01176	0.56033	0.25845	0.01015	0.03056	0.01612	0.01100	0.03121	0.00999	0.01273	0.00727	0.00844	0.00610	0.00421	0.00353	0.00117	0.00563	0.00288	0.00207	0.00640
15	0.00667	0.00482	0.00630	0.00593	0.00704	0.00445	0.00445	0.00890	0.01335	0.01891	0.80239	0.03522	0.04449	0.00964	0.00556	0.00148	0.00222	0.00853	0.00519	0.00445
16	0.03660	0.07224	0.58890	0.01333	0.01938	0.07681	0.08609	0.02735	0.01045	0.01486	0.00834	0.00990	0.00610	0.00445	0.00443	0.00145	0.00694	0.00356	0.00214	0.00669
17	0.01061	0.01050	0.01424	0.16005	0.22279	0.07884	0.01090	0.01309	0.04691	0.01312	0.02573	0.03457	0.02701	0.03852	0.00876	0.00178	0.25225	0.02204	0.00255	0.00573
18	0.04739	0.01016	0.01089	0.00945	0.01234	0.01145	0.00746	0.09944	0.60490	0.10542	0.01785	0.01641	0.01311	0.00618	0.00471	0.00156	0.00390	0.00505	0.00483	0.00748
19	0.01340	0.01183	0.04890	0.15190	0.24326	0.05829	0.06669	0.17796	0.01332	0.09224	0.01090	0.01386	0.00852	0.00517	0.00478	0.00146	0.00576	0.04002	0.00323	0.02851
20	0.00719	0.00536	0.00704	0.02443	0.02636	0.00515	0.00505	0.02367	0.03911	0.01875	0.70978	0.05047	0.04086	0.00934	0.00549	0.00149	0.00251	0.00826	0.00502	0.00469
21	0.01000	0.01092	0.07808	0.08680	0.01568	0.09606	0.17337	0.04103	0.06092	0.01411	0.06141	0.05595	0.08680	0.02155	0.06023	0.07574	0.00610	0.03694	0.00308	0.00524
22	0.00879	0.00439	0.00439	0.00439	0.00549	0.00439	0.00330	0.01099	0.00989	0.01758	0.01538	0.01758	0.01209	0.00549	0.00330	0.00110	0.00220	0.00439	0.86047	0.00439
23	0.01084	0.01022	0.05088	0.14423	0.13255	0.01085	0.00986	0.06459	0.32070	0.01707	0.05136	0.01753	0.01284	0.02945	0.01553	0.00175	0.05069	0.03892	0.00362	0.00654
24	0.01175	0.00595	0.00790	0.00677	0.00879	0.00531	0.00530	0.01380	0.01333	0.29704	0.50515	0.02874	0.05389	0.00836	0.00527	0.00148	0.00286	0.00723	0.00540	0.00570
25	0.00585	0.00415	0.00544	0.00643	0.00668	0.00390	0.00423	0.00659	0.00882	0.01176	0.02494	0.75557	0.02986	0.09223	0.00772	0.00217	0.00291	0.01279	0.00423	0.00374
26	0.01183	0.36402	0.09925	0.00965	0.02508	0.05721	0.05687	0.02633	0.02787	0.02985	0.00843	0.02321	0.00714	0.00428	0.00370	0.00107	0.00512	0.00325	0.00249	0.23336
27	0.45382	0.25977	0.01356	0.01836	0.03226	0.10691	0.00690	0.01440	0.00919	0.01646	0.00681	0.00809	0.00569	0.00482	0.01490	0.00139	0.01592	0.00272	0.00255	0.00549
28	0.00565	0.00478	0.00488	0.00485	0.00641	0.00401	0.00364	0.00691	0.01092	0.01315	0.09772	0.04470	0.75276	0.01179	0.00557	0.00158	0.00238	0.00986	0.00443	0.00401
29	0.00981	0.07164	0.69082	0.01395	0.04058	0.01148	0.06778	0.01488	0.01003	0.01473	0.00843	0.01004	0.00609	0.00441	0.00447	0.00147	0.00688	0.00358	0.00203	0.00689
30	0.00879	0.00439	0.00439	0.00439	0.00549	0.00439	0.00330	0.01099	0.00989	0.01758	0.01538	0.01758	0.01209	0.00549	0.00330	0.00110	0.00220	0.00439	0.86047	0.00439
31	0.01120	0.02403	0.02678	0.03640	0.01042	0.00748	0.00668	0.02271	0.00932	0.20971	0.01346	0.01815	0.01149	0.14292	0.30860	0.00424	0.09682	0.00500	0.02934	0.00525
32	0.78547	0.01006	0.03285	0.00676	0.00983	0.02722	0.00575	0.04824	0.00882	0.02114	0.00685	0.00791	0.00528	0.00445	0.00307	0.00145	0.00392	0.00267	0.00296	0.00530
33	0.01259	0.04835	0.09819	0.02344	0.01384	0.22631	0.02060	0.07692	0.02990	0.01528	0.00893	0.02389	0.00732	0.00448	0.00401	0.00107	0.00551	0.00337	0.01527	0.36072
34	0.00937	0.00888	0.01504	0.68524	0.12818	0.01063	0.03327	0.01271	0.02687	0.01271	0.00871	0.01257	0.00663	0.00467	0.00473	0.00155	0.00619	0.00425	0.00219	0.00559
35	0.01241	0.01252	0.11579	0.05365	0.03663	0.02172	0.00946	0.17337	0.44389	0.02035	0.02960	0.01549	0.02192	0.00596	0.00475	0.00154	0.00464	0.00487	0.00418	0.00727
36	0.00686	0.00457	0.00514	0.00514	0.00514	0.00457	0.00286	0.00686	0.00686	0.00914	0.01486	0.03086	0.01714	0.83430	0.02400	0.00457	0.00457	0.00686	0.00286	0.00286
37	0.02570	0.00583	0.00796	0.02862	0.05694	0.01696	0.03709	0.00843	0.00945	0.01280	0.04884	0.43839	0.10548	0.06852	0.03205	0.00212	0.02040	0.03610	0.00382	0.03451
38	0.02953	0.00949	0.01517	0.52461	0.22793	0.01098	0.01284	0.06612	0.03124	0.01452	0.00895	0.01228	0.00689	0.00468	0.00466	0.00152	0.00591	0.00419	0.00242	0.00605
39	0.22689	0.27229	0.20162	0.02837	0.06585	0.01261	0.00972	0.01384	0.00940	0.03139	0.00881	0.06501	0.00775	0.00501	0.00374	0.00134	0.00499	0.00370	0.00252	0.02517
40	0.42942	0.01427	0.02840	0.03147	0.06374	0.28677	0.00771	0.04013	0.01061	0.01723	0.00725	0.00856	0.00578	0.00456	0.00364	0.00135	0.00563	0.00295	0.00272	0.02782

[dist]
# distance from previous block
# <min> <max>
0	1

[block]
# block no. 3 follows, 54 sequences, length 12
# corresponding to MSA columns:
# 212-223
name=unknown_D
#
# <colnr> <probs for GDERKNQSTAVLIFYWHMCP>
#	G	D	E	R	K	N	Q	S	T	A	V	L	I	F	Y	W	H	M	C	P
0	0.00717	0.00592	0.02864	0.03121	0.07728	0.00541	0.00527	0.00859	0.01004	0.01368	0.27765	0.03114	0.13111	0.30943	0.03546	0.00279	0.00394	0.00737	0.00373	0.00416
1	0.01041	0.00836	0.00984	0.00706	0.01122	0.00632	0.00566	0.01249	0.00999	0.05977	0.00895	0.01013	0.00725	0.00362	0.00356	0.00074	0.00352	0.00290	0.00296	0.81522
2	0.00879	0.00439	0.00439	0.00439	0.00549	0.00439	0.00330	0.01099	0.00989	0.01758	0.01538	0.01758	0.01209	0.00549	0.00330	0.00110	0.00220	0.00439	0.86047	0.00439
3	0.00608	0.00474	0.00553	0.00553	0.00678	0.00419	0.00412	0.00767	0.01158	0.01511	0.33951	0.12479	0.40191	0.01137	0.00564	0.00160	0.00242	0.03255	0.00469	0.00416
4	0.01093	0.01044	0.01779	0.24272	0.59693	0.01101	0.01410	0.01382	0.01038	0.01450	0.00874	0.01191	0.00715	0.00434	0.00468	0.00145	0.00579	0.00420	0.00227	0.00687
5	0.00689	0.00522	0.00764	0.00756	0.00830	0.00612	0.00581	0.00840	0.00750	0.01081	0.01256	0.01925	0.01202	0.10233	0.71642	0.00710	0.04422	0.00517	0.00254	0.00413
6	0.03962	0.01283	0.08263	0.01274	0.06073	0.01267	0.11217	0.29930	0.27587	0.02213	0.01317	0.01338	0.00973	0.00546	0.00478	0.00151	0.00520	0.00466	0.00401	0.00741
7	0.52793	0.15441	0.04606	0.00775	0.01112	0.05254	0.00686	0.11652	0.01051	0.01979	0.00731	0.00827	0.00574	0.00452	0.00331	0.00136	0.00448	0.00284	0.00293	0.00575
8	0.00999	0.00990	0.01554	0.01262	0.01385	0.01221	0.15929	0.03186	0.00932	0.01361	0.11377	0.01554	0.04445	0.00769	0.01156	0.00186	0.50366	0.00523	0.00270	0.00532
9	0.00825	0.11560	0.01058	0.00819	0.00937	0.00848	0.00656	0.00964	0.00805	0.01130	0.01179	0.01760	0.01122	0.07463	0.59001	0.00611	0.08050	0.00487	0.00258	0.00468
10	0.00792	0.00576	0.00730	0.00858	0.11103	0.00570	0.00459	0.00818	0.00765	0.01038	0.01444	0.02876	0.01619	0.71972	0.02150	0.00421	0.00485	0.00662	0.00293	0.00369
11	0.00988	0.00665	0.00752	0.00687	0.00886	0.00637	0.00522	0.01373	0.16751	0.10702	0.12570	0.10928	0.21839	0.00894	0.00510	0.00155	0.00306	0.00749	0.11774	0.06312

[dist]
# distance from previous block
# <min> <max>
0	34

[block]
# block no. 4 follows, 54 sequences, length 55
# corresponding to MSA columns:
# 258-312
name=unknown_E
#
# <colnr> <probs for GDERKNQSTAVLIFYWHMCP>
#	G	D	E	R	K	N	Q	S	T	A	V	L	I	F	Y	W	H	M	C	P
0	0.01323	0.01123	0.01159	0.01034	0.01312	0.03137	0.00795	0.07963	0.66825	0.02093	0.01972	0.03134	0.02821	0.00723	0.00529	0.00178	0.00432	0.00572	0.00505	0.02371
1	0.01241	0.01052	0.01102	0.01000	0.01265	0.01174	0.00766	0.02425	0.72259	0.02019	0.02237	0.02121	0.07565	0.00757	0.00536	0.00181	0.00404	0.00604	0.00513	0.00777
2	0.00703	0.00504	0.00635	0.00732	0.00773	0.00460	0.00487	0.00751	0.00978	0.01312	0.02702	0.78175	0.04727	0.03573	0.00694	0.00218	0.00321	0.01338	0.00471	0.00445
3	0.00705	0.00530	0.00627	0.00695	0.00779	0.00471	0.00485	0.00774	0.01044	0.01351	0.03364	0.52823	0.27417	0.01439	0.00639	0.00204	0.00315	0.05409	0.00475	0.00455
4	0.00799	0.00588	0.00811	0.00806	0.00889	0.00643	0.00600	0.00911	0.00828	0.01187	0.01404	0.02166	0.01354	0.14266	0.69509	0.00728	0.01180	0.00566	0.00298	0.00466
5	0.01896	0.01395	0.01489	0.01160	0.01542	0.01517	0.00942	0.77569	0.02270	0.03053	0.01246	0.01293	0.00912	0.00643	0.00522	0.00163	0.00558	0.00463	0.00508	0.00858
6	0.00738	0.00557	0.00613	0.00618	0.00723	0.00496	0.00426	0.00806	0.01068	0.01379	0.14447	0.12922	0.38115	0.21982	0.01077	0.00259	0.00343	0.02542	0.00448	0.00439
7	0.00617	0.00430	0.00541	0.00613	0.00633	0.00412	0.00394	0.00675	0.00833	0.01109	0.02214	0.53661	0.02626	0.29639	0.01221	0.00283	0.00341	0.03022	0.00385	0.00351
8	0.00574	0.00410	0.00547	0.00657	0.00684	0.00383	0.00438	0.00657	0.00903	0.01204	0.02599	0.83122	0.03119	0.01477	0.00602	0.00191	0.00274	0.01340	0.00438	0.00383
9	0.86760	0.00912	0.00693	0.00620	0.00912	0.01058	0.00511	0.01386	0.00802	0.02115	0.00657	0.00766	0.00511	0.00438	0.00292	0.00146	0.00365	0.00255	0.00292	0.00511
10	0.00721	0.00450	0.00500	0.00508	0.00535	0.00447	0.00307	0.00778	0.00771	0.01129	0.01583	0.08900	0.01706	0.58260	0.01790	0.00358	0.00389	0.00680	0.19861	0.00328
11	0.00612	0.00426	0.00536	0.00608	0.00626	0.00408	0.00386	0.00666	0.00829	0.01105	0.02221	0.55941	0.02642	0.29309	0.01212	0.00282	0.00336	0.01118	0.00386	0.00350
12	0.86760	0.00912	0.00693	0.00620	0.00912	0.01058	0.00511	0.01386	0.00802	0.02115	0.00657	0.00766	0.00511	0.00438	0.00292	0.00146	0.00365	0.00255	0.00292	0.00511
13	0.00711	0.00514	0.00692	0.00734	0.00846	0.00495	0.00608	0.00925	0.01188	0.01603	0.34922	0.04532	0.07407	0.01156	0.00607	0.00186	0.00336	0.41630	0.00470	0.00437
14	0.01261	0.83713	0.02471	0.00807	0.01210	0.01866	0.00807	0.01412	0.00958	0.01109	0.00656	0.00756	0.00605	0.00403	0.00303	0.00101	0.00504	0.00252	0.00202	0.00605
15	0.00890	0.00838	0.01414	0.82296	0.03247	0.01048	0.01309	0.01205	0.00943	0.01205	0.00838	0.01257	0.00629	0.00471	0.00471	0.00157	0.00629	0.00419	0.00210	0.00524
16	0.00686	0.00457	0.00514	0.00514	0.00514	0.00457	0.00286	0.00686	0.00686	0.00914	0.01486	0.03086	0.01714	0.83430	0.02400	0.00457	0.00457	0.00686	0.00286	0.00286
17	0.00966	0.00524	0.00533	0.00501	0.00637	0.00537	0.00384	0.08541	0.01106	0.01874	0.01499	0.01698	0.01170	0.00551	0.00343	0.00113	0.00248	0.00438	0.77862	0.00474
18	0.00582	0.00416	0.00555	0.00665	0.00695	0.00389	0.00450	0.00669	0.00910	0.01212	0.02595	0.80076	0.03103	0.01470	0.00604	0.00192	0.00280	0.04314	0.00438	0.00385
19	0.77541	0.01014	0.00760	0.00676	0.00967	0.06837	0.00550	0.02982	0.00878	0.03387	0.00691	0.00793	0.00534	0.00446	0.00308	0.00144	0.00403	0.00266	0.00297	0.00524
20	0.01038	0.01092	0.01954	0.01516	0.01723	0.01273	0.33646	0.01270	0.00889	0.01289	0.00809	0.01195	0.00702	0.00853	0.07247	0.00229	0.42013	0.00480	0.00223	0.00559
21	0.01131	0.00948	0.01001	0.00905	0.01154	0.01088	0.00703	0.02335	0.70560	0.01953	0.04956	0.01828	0.01539	0.00645	0.00471	0.00156	0.00356	0.00538	0.07021	0.00711
22	0.76838	0.00873	0.00685	0.00609	0.00892	0.00994	0.00499	0.01356	0.00824	0.02065	0.00731	0.00850	0.00571	0.00443	0.00297	0.00140	0.00353	0.00270	0.06846	0.03864
23	0.01074	0.00910	0.00983	0.00906	0.01137	0.01035	0.00702	0.02188	0.64890	0.01886	0.07616	0.08245	0.01834	0.00753	0.00501	0.00164	0.00357	0.03655	0.00478	0.00685
24	0.13620	0.00817	0.01040	0.00809	0.01164	0.00743	0.00668	0.02174	0.01275	0.70118	0.01697	0.01491	0.01078	0.00564	0.00449	0.00146	0.00396	0.00444	0.00544	0.00763
25	0.00668	0.00481	0.00626	0.00591	0.00698	0.00445	0.00440	0.00883	0.01313	0.01859	0.77657	0.03508	0.04359	0.03668	0.00617	0.00158	0.00230	0.00847	0.00511	0.00440
26	0.74117	0.00877	0.00728	0.00655	0.00939	0.00993	0.00542	0.01426	0.00865	0.08080	0.00881	0.01157	0.00719	0.00511	0.00332	0.00151	0.00373	0.05804	0.00324	0.00527
27	0.01167	0.01120	0.01914	0.02894	0.80488	0.01120	0.01447	0.01447	0.01074	0.01540	0.00887	0.01167	0.00747	0.00420	0.00467	0.00140	0.00560	0.00420	0.00233	0.00747
28	0.00574	0.00410	0.00547	0.00657	0.00684	0.00383	0.00438	0.00657	0.00903	0.01204	0.02599	0.83122	0.03119	0.01477	0.00602	0.00191	0.00274	0.01340	0.00438	0.00383
29	0.00574	0.00410	0.00547	0.00657	0.00684	0.00383	0.00438	0.00657	0.00903	0.01204	0.02599	0.83122	0.03119	0.01477	0.00602	0.00191	0.00274	0.01340	0.00438	0.00383
30	0.01217	0.01035	0.01091	0.00969	0.01243	0.01194	0.00757	0.07991	0.74079	0.02044	0.01863	0.01714	0.01394	0.00634	0.00479	0.00159	0.00384	0.00525	0.00479	0.00750
31	0.00585	0.00420	0.00557	0.00659	0.00696	0.00392	0.00450	0.00678	0.00927	0.01233	0.04600	0.74999	0.05664	0.01447	0.00601	0.00191	0.00278	0.04796	0.00440	0.00387
32	0.86760	0.00912	0.00693	0.00620	0.00912	0.01058	0.00511	0.01386	0.00802	0.02115	0.00657	0.00766	0.00511	0.00438	0.00292	0.00146	0.00365	0.00255	0.00292	0.00511
33	0.86760	0.00912	0.00693	0.00620	0.00912	0.01058	0.00511	0.01386	0.00802	0.02115	0.00657	0.00766	0.00511	0.00438	0.00292	0.00146	0.00365	0.00255	0.00292	0.00511
34	0.00605	0.00439	0.00572	0.00631	0.00694	0.00406	0.00442	0.00735	0.01047	0.01417	0.25699	0.52280	0.08761	0.01302	0.00587	0.00177	0.00260	0.03080	0.00462	0.00404
35	0.86760	0.00912	0.00693	0.00620	0.00912	0.01058	0.00511	0.01386	0.00802	0.02115	0.00657	0.00766	0.00511	0.00438	0.00292	0.00146	0.00365	0.00255	0.00292	0.00511
36	0.00593	0.00474	0.00531	0.00527	0.00662	0.00412	0.00391	0.00743	0.01145	0.01464	0.28521	0.09857	0.50733	0.01142	0.00560	0.00158	0.00236	0.00975	0.00464	0.00412
37	0.00819	0.00410	0.00614	0.00614	0.00614	0.00410	0.00410	0.00614	0.00614	0.00819	0.00819	0.01433	0.00819	0.01638	0.01843	0.86282	0.00410	0.00410	0.00205	0.00205
38	0.00819	0.00410	0.00614	0.00614	0.00614	0.00410	0.00410	0.00614	0.00614	0.00819	0.00819	0.01433	0.00819	0.01638	0.01843	0.86282	0.00410	0.00410	0.00205	0.00205
39	0.00619	0.00476	0.00532	0.00533	0.00641	0.00428	0.00382	0.00735	0.01031	0.01313	0.18037	0.05932	0.42085	0.19923	0.00984	0.00229	0.00297	0.05024	0.00418	0.00383
40	0.00656	0.00481	0.00612	0.00579	0.00694	0.00440	0.00433	0.00863	0.01294	0.01806	0.70624	0.03623	0.12564	0.02549	0.00591	0.00155	0.00229	0.00865	0.00506	0.00437
41	0.01261	0.83713	0.02471	0.00807	0.01210	0.01866	0.00807	0.01412	0.00958	0.01109	0.00656	0.00756	0.00605	0.00403	0.00303	0.00101	0.00504	0.00252	0.00202	0.00605
42	0.00588	0.00462	0.00532	0.00551	0.00665	0.00406	0.00399	0.00724	0.01095	0.01407	0.22633	0.24189	0.42252	0.01210	0.00568	0.00165	0.00244	0.01048	0.00458	0.00406
43	0.00586	0.00474	0.00520	0.00519	0.00657	0.00409	0.00385	0.00728	0.01127	0.01422	0.23308	0.09928	0.55974	0.01157	0.00560	0.00159	0.00237	0.00985	0.00458	0.00409
44	0.00582	0.00414	0.00545	0.00646	0.00672	0.00388	0.00427	0.00659	0.00887	0.01183	0.02519	0.77376	0.03018	0.07360	0.00731	0.00211	0.00287	0.01293	0.00427	0.00376
45	0.00574	0.00410	0.00547	0.00657	0.00684	0.00383	0.00438	0.00657	0.00903	0.01204	0.02599	0.83122	0.03119	0.01477	0.00602	0.00191	0.00274	0.01340	0.00438	0.00383
46	0.00769	0.00504	0.00599	0.00569	0.00717	0.00446	0.00428	0.00936	0.01184	0.09224	0.33176	0.09721	0.33347	0.01034	0.00540	0.00154	0.00250	0.00887	0.05062	0.00456
47	0.01161	0.00994	0.01054	0.00953	0.01212	0.01146	0.00742	0.03836	0.74681	0.01961	0.01933	0.03764	0.01494	0.00672	0.00486	0.00162	0.00375	0.02164	0.00478	0.00732
48	0.54363	0.01295	0.00896	0.00813	0.01075	0.25847	0.00640	0.01500	0.00964	0.01746	0.00722	0.00870	0.00588	0.00675	0.06167	0.00182	0.00579	0.00288	0.00274	0.00515
49	0.34343	0.04089	0.04705	0.03200	0.01295	0.19209	0.00783	0.21790	0.01307	0.02009	0.00831	0.00960	0.00648	0.02462	0.00431	0.00146	0.00543	0.00329	0.00318	0.00601
50	0.00574	0.00410	0.00547	0.00657	0.00684	0.00383	0.00438	0.00657	0.00903	0.01204	0.02599	0.83122	0.03119	0.01477	0.00602	0.00191	0.00274	0.01340	0.00438	0.00383
51	0.02147	0.00808	0.01113	0.02735	0.02331	0.02742	0.09567	0.06855	0.12754	0.01616	0.07646	0.13590	0.02107	0.00967	0.00607	0.00182	0.03678	0.27613	0.00405	0.00537
52	0.00962	0.00821	0.00961	0.00697	0.01100	0.00619	0.00554	0.01166	0.00975	0.01523	0.00908	0.04227	0.00794	0.00394	0.00359	0.00075	0.00346	0.00321	0.00286	0.82913
53	0.01284	0.09803	0.42730	0.01152	0.01686	0.01206	0.01291	0.21729	0.01354	0.08523	0.04128	0.01159	0.00852	0.00506	0.00447	0.00142	0.00588	0.00389	0.00315	0.00714
54	0.07795	0.77385	0.02335	0.00793	0.01187	0.01804	0.00784	0.01410	0.00946	0.01186	0.00656	0.00757	0.00598	0.00406	0.00302	0.00104	0.00494	0.00252	0.00209	0.00598

[dist]
# distance from previous block
# <min> <max>
6	8

# created by:
# /home/cegg/simao/soft/augustus-3.2.1/scripts/msa2prfl.pl ./align_prep/EOG091G0UE6.fa
