[name]
unknown

[dist]
# distance from previous block
# <min> <max>
0	25

[block]
# block no. 0 follows, 51 sequences, length 50
# corresponding to MSA columns:
# 53-85,88-104
name=unknown_A
#
# <colnr> <probs for GDERKNQSTAVLIFYWHMCP>
#	G	D	E	R	K	N	Q	S	T	A	V	L	I	F	Y	W	H	M	C	P
0	0.00964	0.02583	0.00919	0.02452	0.02226	0.10751	0.02925	0.06290	0.03879	0.03220	0.12545	0.15275	0.28029	0.01008	0.00551	0.00162	0.00406	0.03438	0.00426	0.01949
1	0.07241	0.10287	0.03461	0.13475	0.09348	0.09875	0.08356	0.10922	0.03985	0.06186	0.01079	0.05451	0.00888	0.00541	0.00459	0.00143	0.00580	0.00453	0.00316	0.06952
2	0.01202	0.04616	0.28741	0.02721	0.13128	0.06299	0.12587	0.08360	0.01211	0.04400	0.01125	0.06608	0.00947	0.00566	0.00497	0.00154	0.00648	0.02764	0.00288	0.03139
3	0.01299	0.01135	0.01783	0.04272	0.57968	0.01141	0.01316	0.07838	0.05503	0.05671	0.01051	0.01259	0.00839	0.00468	0.00480	0.00143	0.00548	0.00438	0.00299	0.06552
4	0.00814	0.00642	0.00730	0.00665	0.00850	0.00616	0.00509	0.06298	0.10278	0.01815	0.35392	0.05078	0.28057	0.00993	0.00555	0.00156	0.00284	0.00847	0.00491	0.04929
5	0.00918	0.01101	0.16875	0.03586	0.08365	0.00829	0.09018	0.02125	0.05672	0.03894	0.03670	0.28908	0.02970	0.02360	0.06047	0.00220	0.01712	0.00802	0.00350	0.00576
6	0.06981	0.06804	0.14632	0.13626	0.17954	0.06456	0.19483	0.04572	0.01137	0.02484	0.00905	0.01153	0.00699	0.00457	0.00480	0.00151	0.00674	0.00429	0.00252	0.00671
7	0.00679	0.00512	0.00702	0.00706	0.00796	0.00554	0.00531	0.00826	0.00860	0.01182	0.04344	0.06175	0.14139	0.11318	0.53676	0.00611	0.00978	0.00679	0.00315	0.00419
8	0.00998	0.04923	0.72400	0.01338	0.02035	0.01133	0.01702	0.01532	0.01035	0.01547	0.00875	0.01029	0.00630	0.00458	0.00455	0.00148	0.00695	0.00355	0.00213	0.06498
9	0.01434	0.02557	0.06850	0.07601	0.05836	0.07672	0.02066	0.08116	0.17918	0.19644	0.09943	0.01758	0.03315	0.00640	0.00523	0.00155	0.02312	0.00523	0.00434	0.00704
10	0.00728	0.00504	0.00573	0.00556	0.00593	0.00487	0.00329	0.00752	0.00754	0.01018	0.01627	0.05024	0.04007	0.71432	0.03582	0.00439	0.00472	0.00709	0.00305	0.06110
11	0.00644	0.00621	0.05969	0.00634	0.00790	0.00474	0.00512	0.00814	0.01132	0.01480	0.22883	0.22347	0.35629	0.03046	0.00627	0.00177	0.00291	0.01031	0.00457	0.00442
12	0.01658	0.04501	0.09430	0.01299	0.01626	0.54028	0.06254	0.09208	0.01395	0.01452	0.00833	0.00974	0.00667	0.00513	0.00490	0.00136	0.03249	0.00355	0.01315	0.00617
13	0.01296	0.43791	0.23561	0.01158	0.04356	0.06582	0.03401	0.08028	0.01154	0.01461	0.00802	0.00927	0.00655	0.00453	0.00393	0.00127	0.00615	0.00324	0.00238	0.00676
14	0.00824	0.00661	0.00864	0.07399	0.05167	0.00690	0.00640	0.01207	0.12220	0.01763	0.42742	0.03000	0.09255	0.04744	0.02328	0.00187	0.02796	0.00755	0.02236	0.00521
15	0.00599	0.00428	0.00570	0.00684	0.00713	0.00399	0.00456	0.00684	0.00941	0.01254	0.02709	0.82409	0.03250	0.01540	0.00627	0.00200	0.00285	0.01397	0.00456	0.00399
16	0.01189	0.01062	0.01832	0.17158	0.49130	0.01089	0.08289	0.01489	0.01106	0.05625	0.01020	0.01309	0.00808	0.00464	0.00487	0.00149	0.00586	0.00455	0.06047	0.00706
17	0.04573	0.01524	0.30404	0.18925	0.07848	0.01074	0.03336	0.09195	0.01162	0.04261	0.03958	0.03820	0.00954	0.00757	0.05938	0.00200	0.00668	0.00462	0.00284	0.00656
18	0.01261	0.67911	0.04847	0.00977	0.03577	0.01754	0.05253	0.01425	0.00988	0.01185	0.00726	0.00887	0.00656	0.00509	0.00449	0.05926	0.00544	0.00300	0.00213	0.00611
19	0.00627	0.00458	0.00601	0.00687	0.00743	0.00417	0.00465	0.00722	0.00946	0.01278	0.02584	0.76880	0.03079	0.01460	0.00609	0.00191	0.00290	0.01322	0.00445	0.06196
20	0.01289	0.01141	0.06470	0.19468	0.28112	0.02565	0.09154	0.05534	0.01188	0.13309	0.01190	0.06290	0.00956	0.00551	0.00505	0.00156	0.00594	0.00513	0.00317	0.00697
21	0.01183	0.06573	0.10914	0.07391	0.30808	0.05382	0.04895	0.03676	0.02854	0.04953	0.03552	0.04468	0.04681	0.00600	0.00537	0.00154	0.03625	0.02782	0.00296	0.00676
22	0.00706	0.00529	0.00656	0.00662	0.00768	0.00518	0.00485	0.00959	0.06738	0.01622	0.33121	0.26340	0.13629	0.01284	0.04685	0.00202	0.01664	0.00988	0.03986	0.00461
23	0.00922	0.01308	0.27036	0.01091	0.01407	0.00895	0.05396	0.02527	0.02902	0.04126	0.04551	0.20352	0.02721	0.03564	0.09509	0.00252	0.09854	0.00693	0.00320	0.00573
24	0.02475	0.06463	0.26909	0.02972	0.18410	0.05258	0.06822	0.02833	0.04933	0.07123	0.03427	0.03893	0.01018	0.00563	0.00513	0.00155	0.02574	0.02673	0.00294	0.00695
25	0.01218	0.04085	0.08735	0.06390	0.14593	0.06513	0.15218	0.04850	0.02648	0.07408	0.01357	0.03492	0.06432	0.00667	0.02272	0.00172	0.08943	0.00517	0.03845	0.00646
26	0.00778	0.00677	0.01070	0.37836	0.02007	0.00766	0.03153	0.00991	0.00977	0.01271	0.01914	0.33551	0.07051	0.01027	0.01871	0.00190	0.01706	0.02350	0.00334	0.00479
27	0.03177	0.40213	0.22040	0.01233	0.06697	0.06753	0.05768	0.03775	0.01091	0.01406	0.00847	0.01077	0.00717	0.00473	0.00405	0.00132	0.00617	0.02682	0.00235	0.00661
28	0.03711	0.05418	0.14176	0.06088	0.32301	0.03415	0.08108	0.01546	0.02307	0.08105	0.02970	0.05080	0.00979	0.00541	0.00521	0.00153	0.03110	0.00484	0.00288	0.00699
29	0.00784	0.00639	0.00859	0.02468	0.12840	0.00620	0.00641	0.03232	0.02420	0.01592	0.23400	0.10077	0.26402	0.01259	0.08282	0.00221	0.00419	0.00838	0.02502	0.00506
30	0.01203	0.01285	0.01149	0.01033	0.01203	0.29248	0.03917	0.03088	0.02704	0.01371	0.10728	0.01717	0.02941	0.02859	0.22081	0.00325	0.09154	0.00499	0.02974	0.00521
31	0.11508	0.02488	0.31393	0.02608	0.08379	0.02407	0.01226	0.09333	0.06922	0.13976	0.01142	0.01211	0.00816	0.00523	0.00480	0.00154	0.02382	0.00403	0.01925	0.00724
32	0.01145	0.12795	0.35991	0.01846	0.23250	0.04094	0.11029	0.01548	0.01082	0.01506	0.00877	0.01083	0.00682	0.00448	0.00465	0.00146	0.00679	0.00395	0.00224	0.00714
33	0.00733	0.00582	0.00702	0.00677	0.00832	0.00556	0.02147	0.02427	0.04566	0.03193	0.09857	0.12436	0.43413	0.01356	0.06294	0.00218	0.02774	0.06329	0.00444	0.00464
34	0.04125	0.00962	0.01249	0.08078	0.04248	0.00986	0.03068	0.20707	0.05320	0.29622	0.01656	0.04462	0.01303	0.02308	0.00556	0.00169	0.00485	0.09495	0.00479	0.00722
35	0.01083	0.16888	0.49900	0.01406	0.03677	0.02261	0.11293	0.01527	0.01046	0.01474	0.01713	0.01061	0.00688	0.00471	0.00496	0.00149	0.03574	0.00382	0.00219	0.00691
36	0.00711	0.00501	0.00724	0.00734	0.00798	0.00556	0.00543	0.00817	0.00791	0.01117	0.03077	0.09251	0.01495	0.11198	0.54895	0.10478	0.01013	0.00620	0.00284	0.00396
37	0.00767	0.00686	0.05813	0.00732	0.00878	0.02343	0.00582	0.01000	0.04966	0.04302	0.21970	0.36061	0.13303	0.01192	0.00585	0.00177	0.00324	0.03376	0.00464	0.00478
38	0.01099	0.04269	0.10528	0.01839	0.02315	0.01184	0.60671	0.01491	0.01123	0.01530	0.01121	0.08352	0.00948	0.00518	0.00563	0.00165	0.00760	0.00618	0.00261	0.00645
39	0.00636	0.00484	0.00713	0.00765	0.00825	0.00452	0.05115	0.00746	0.00970	0.01299	0.05314	0.74749	0.03149	0.01453	0.00623	0.00196	0.00316	0.01330	0.00447	0.00417
40	0.01135	0.01219	0.07251	0.13621	0.51348	0.01143	0.11627	0.01461	0.01095	0.01539	0.00975	0.03569	0.00818	0.00476	0.00502	0.00153	0.00627	0.00479	0.00244	0.00716
41	0.02777	0.03207	0.06817	0.04701	0.05169	0.28422	0.06087	0.15279	0.08096	0.01713	0.01187	0.02764	0.03942	0.00591	0.00544	0.00149	0.05550	0.00447	0.01910	0.00648
42	0.01081	0.00797	0.00902	0.00826	0.01027	0.01986	0.00642	0.08392	0.24413	0.07539	0.17682	0.06978	0.08536	0.06882	0.02264	0.00203	0.00395	0.08374	0.00482	0.00598
43	0.00618	0.00503	0.00550	0.00566	0.00703	0.00445	0.00414	0.00790	0.03852	0.01400	0.11601	0.20822	0.53478	0.01263	0.00588	0.00172	0.00260	0.01081	0.00466	0.00429
44	0.01127	0.01711	0.34278	0.05755	0.10191	0.01129	0.21753	0.01648	0.07429	0.05579	0.01136	0.01315	0.01969	0.00488	0.00503	0.00158	0.00675	0.00467	0.01985	0.00705
45	0.04307	0.01186	0.01236	0.15628	0.02600	0.14459	0.03129	0.13248	0.18503	0.03702	0.07708	0.04088	0.04192	0.03190	0.00558	0.00165	0.00541	0.00538	0.00386	0.00634
46	0.00667	0.00501	0.00607	0.02610	0.00798	0.00464	0.00478	0.00817	0.02803	0.02802	0.06804	0.36738	0.30755	0.04663	0.00680	0.00196	0.00303	0.06434	0.00451	0.00428
47	0.01114	0.05486	0.07965	0.05686	0.14675	0.07013	0.26602	0.02582	0.03403	0.01505	0.01489	0.06537	0.09235	0.00598	0.00519	0.00154	0.00631	0.00581	0.00289	0.03938
48	0.03684	0.19777	0.33016	0.05449	0.07882	0.08024	0.02575	0.01501	0.02837	0.01460	0.04238	0.04079	0.02407	0.00537	0.00445	0.00144	0.00619	0.00423	0.00253	0.00653
49	0.08737	0.03148	0.03607	0.01160	0.06031	0.09962	0.08666	0.08441	0.09144	0.10631	0.07502	0.02987	0.02906	0.08319	0.00737	0.00187	0.04892	0.01939	0.00377	0.00626

[dist]
# distance from previous block
# <min> <max>
1	14

[block]
# block no. 1 follows, 51 sequences, length 21
# corresponding to MSA columns:
# 119-127,133-136,145-152
name=unknown_B
#
# <colnr> <probs for GDERKNQSTAVLIFYWHMCP>
#	G	D	E	R	K	N	Q	S	T	A	V	L	I	F	Y	W	H	M	C	P
0	0.33986	0.08709	0.27631	0.00972	0.01448	0.01152	0.02303	0.03365	0.03229	0.01830	0.00828	0.00952	0.00634	0.00454	0.00382	0.00140	0.00519	0.00319	0.00271	0.10876
1	0.00673	0.00475	0.00615	0.00675	0.00717	0.00472	0.00468	0.00765	0.00889	0.01191	0.03832	0.35598	0.03854	0.26580	0.11269	0.00360	0.00492	0.10311	0.00385	0.00381
2	0.01193	0.06200	0.01791	0.09071	0.50187	0.06676	0.02448	0.02546	0.02969	0.01548	0.05488	0.01370	0.01013	0.00654	0.04627	0.00178	0.00623	0.00454	0.00268	0.00698
3	0.01154	0.00921	0.01009	0.00921	0.01164	0.01023	0.00721	0.06704	0.50886	0.04925	0.06706	0.07940	0.06654	0.00826	0.00531	0.00171	0.00379	0.06176	0.00497	0.00693
4	0.01160	0.04459	0.03764	0.08108	0.21069	0.01110	0.34574	0.01481	0.01121	0.06341	0.01216	0.08997	0.01060	0.00570	0.00539	0.00162	0.00655	0.02663	0.00290	0.00662
5	0.00699	0.00511	0.00662	0.00650	0.00770	0.00474	0.00504	0.00920	0.01326	0.01835	0.60816	0.04052	0.11516	0.01080	0.00595	0.00166	0.00266	0.12180	0.00520	0.00457
6	0.06297	0.58820	0.02158	0.00894	0.01281	0.15234	0.00824	0.01537	0.01058	0.01256	0.00710	0.00822	0.00632	0.00433	0.00340	0.00109	0.00567	0.00274	0.00229	0.06526
7	0.00607	0.00465	0.00560	0.00626	0.00714	0.00417	0.00446	0.00720	0.01033	0.01317	0.05876	0.46372	0.31630	0.01402	0.00612	0.00187	0.00280	0.05867	0.00459	0.00410
8	0.76888	0.09954	0.00926	0.00668	0.00984	0.01195	0.00566	0.01448	0.00854	0.02090	0.00684	0.00797	0.00543	0.00452	0.00305	0.00147	0.00396	0.00266	0.00294	0.00543
9	0.10619	0.02309	0.00720	0.00628	0.00811	0.03535	0.01923	0.06167	0.06790	0.01930	0.01443	0.01612	0.01125	0.00559	0.00367	0.00126	0.00318	0.00436	0.58057	0.00525
10	0.16560	0.05595	0.01340	0.01124	0.01403	0.52770	0.00873	0.10116	0.01362	0.01582	0.00786	0.00903	0.00638	0.00511	0.00446	0.00134	0.02655	0.00322	0.00285	0.00594
11	0.00724	0.00511	0.00598	0.00587	0.00644	0.00502	0.00384	0.00858	0.04077	0.01310	0.22393	0.03468	0.07835	0.49364	0.01717	0.00349	0.00392	0.03526	0.00387	0.00374
12	0.00811	0.00591	0.00747	0.00711	0.00769	0.00657	0.00499	0.06169	0.00854	0.01181	0.01389	0.02497	0.01458	0.44391	0.29934	0.00549	0.05487	0.00613	0.00294	0.00399
13	0.00901	0.00557	0.00728	0.00713	0.00863	0.00519	0.00576	0.01117	0.01272	0.10765	0.36989	0.03979	0.09854	0.01059	0.00586	0.00174	0.00320	0.23169	0.05359	0.00499
14	0.01254	0.05798	0.14617	0.03936	0.07025	0.08694	0.36788	0.07879	0.01216	0.01610	0.00925	0.01177	0.00711	0.00477	0.00584	0.00158	0.05750	0.00471	0.00257	0.00673
15	0.16546	0.00856	0.01051	0.00833	0.01186	0.00805	0.00684	0.02194	0.05304	0.60035	0.04275	0.01596	0.01226	0.00598	0.00465	0.00153	0.00404	0.00471	0.00548	0.00769
16	0.01161	0.01476	0.17425	0.11644	0.18142	0.11734	0.07183	0.02920	0.02253	0.02834	0.05931	0.02816	0.02672	0.02555	0.00620	0.00164	0.06226	0.00483	0.01122	0.00639
17	0.00819	0.00572	0.00703	0.00650	0.00804	0.00540	0.00494	0.01135	0.08251	0.06771	0.56055	0.03547	0.15795	0.00987	0.00567	0.00157	0.00260	0.00857	0.00528	0.00507
18	0.01198	0.17863	0.16246	0.03175	0.03605	0.01158	0.00962	0.08240	0.08385	0.04258	0.03389	0.01181	0.00904	0.00476	0.00415	0.00120	0.00494	0.00369	0.00311	0.27251
19	0.01314	0.59794	0.08321	0.03225	0.06709	0.05680	0.03322	0.04286	0.01081	0.01305	0.00751	0.00885	0.00652	0.00437	0.00364	0.00118	0.00576	0.00306	0.00226	0.00651
20	0.01173	0.00908	0.05848	0.00851	0.01159	0.00793	0.00718	0.04386	0.16004	0.14442	0.09374	0.03986	0.04692	0.01054	0.10709	0.00222	0.00510	0.02578	0.00421	0.20173

[dist]
# distance from previous block
# <min> <max>
0	1

[block]
# block no. 2 follows, 51 sequences, length 63
# corresponding to MSA columns:
# 154-216
name=unknown_C
#
# <colnr> <probs for GDERKNQSTAVLIFYWHMCP>
#	G	D	E	R	K	N	Q	S	T	A	V	L	I	F	Y	W	H	M	C	P
0	0.01676	0.08062	0.08525	0.02838	0.01607	0.09941	0.02811	0.50072	0.05584	0.02481	0.01097	0.01142	0.00805	0.00554	0.00473	0.00144	0.00595	0.00416	0.00408	0.00768
1	0.01135	0.01023	0.01504	0.20237	0.24339	0.01146	0.02488	0.07243	0.14934	0.01665	0.03876	0.01528	0.01060	0.02110	0.02248	0.00179	0.08075	0.01613	0.00315	0.03280
2	0.00627	0.00510	0.00558	0.00560	0.00705	0.00451	0.00415	0.00812	0.03902	0.01466	0.18659	0.13638	0.53533	0.01214	0.00583	0.00168	0.00255	0.01035	0.00474	0.00435
3	0.00720	0.00496	0.00605	0.00639	0.00693	0.00495	0.00429	0.03718	0.00924	0.01272	0.02161	0.35261	0.06198	0.26729	0.09954	0.00339	0.00460	0.00957	0.07555	0.00395
4	0.00684	0.00497	0.00647	0.00634	0.00743	0.00460	0.00475	0.00895	0.01316	0.01836	0.63521	0.12287	0.08067	0.01092	0.00590	0.00164	0.00250	0.04864	0.00523	0.00454
5	0.01623	0.22034	0.01592	0.01021	0.02473	0.18964	0.02436	0.07824	0.01282	0.20868	0.01195	0.04289	0.00939	0.00578	0.00500	0.00137	0.05328	0.00421	0.05834	0.00662
6	0.00642	0.00491	0.00589	0.00584	0.00706	0.00438	0.00430	0.00816	0.01234	0.01646	0.42620	0.14522	0.31179	0.01162	0.00586	0.00165	0.00245	0.01009	0.00499	0.00438
7	0.86201	0.00950	0.00722	0.00646	0.00950	0.01102	0.00532	0.01445	0.00836	0.02205	0.00684	0.00798	0.00532	0.00456	0.00304	0.00152	0.00380	0.00266	0.00304	0.00532
8	0.00758	0.00535	0.00751	0.00878	0.07041	0.00541	0.00572	0.00889	0.00915	0.03515	0.01989	0.37012	0.02184	0.11422	0.20945	0.00370	0.00596	0.03184	0.05458	0.00445
9	0.64541	0.04351	0.03713	0.00873	0.04678	0.12047	0.00691	0.01523	0.00939	0.01977	0.00712	0.00837	0.00564	0.00461	0.00338	0.00147	0.00476	0.00284	0.00287	0.00559
10	0.00805	0.00629	0.00756	0.00716	0.00769	0.02494	0.00517	0.00906	0.00889	0.01258	0.10311	0.06233	0.07135	0.31616	0.10188	0.00352	0.14587	0.00682	0.08749	0.00408
11	0.00705	0.00496	0.00647	0.00651	0.00690	0.00533	0.00440	0.00784	0.00755	0.01045	0.01489	0.05466	0.01597	0.45645	0.36312	0.00602	0.00833	0.00657	0.00288	0.00362
12	0.00718	0.00490	0.00632	0.00659	0.00750	0.00456	0.00474	0.00897	0.02434	0.04356	0.33942	0.38768	0.07036	0.01229	0.00592	0.00176	0.00270	0.02631	0.03041	0.00451
13	0.00994	0.04682	0.66766	0.01334	0.01996	0.01112	0.04629	0.01502	0.01028	0.01525	0.00905	0.01124	0.00679	0.03609	0.00538	0.00162	0.00692	0.00378	0.00218	0.06128
14	0.00696	0.00483	0.00614	0.00675	0.00713	0.00477	0.00471	0.00780	0.00884	0.01172	0.02147	0.28403	0.02467	0.36202	0.03875	0.00342	0.00437	0.18411	0.00382	0.00369
15	0.03945	0.09229	0.01304	0.00984	0.01305	0.02837	0.00794	0.14795	0.50042	0.02100	0.01604	0.01525	0.01213	0.00602	0.00465	0.00151	0.00435	0.00479	0.00447	0.05744
16	0.00796	0.02215	0.00799	0.03847	0.00933	0.00643	0.00590	0.00951	0.02746	0.04872	0.04553	0.37556	0.11224	0.04446	0.07023	0.00244	0.09402	0.03285	0.03417	0.00460
17	0.02574	0.20644	0.24274	0.03605	0.06866	0.05217	0.01130	0.03850	0.03123	0.06031	0.00936	0.01064	0.00729	0.00467	0.00437	0.00129	0.02226	0.00350	0.01980	0.14368
18	0.01018	0.10412	0.72594	0.01346	0.02042	0.01220	0.01720	0.01548	0.01034	0.01517	0.00862	0.01013	0.00623	0.00462	0.00452	0.00151	0.00707	0.00353	0.00208	0.00717
19	0.02205	0.00836	0.01140	0.00874	0.01254	0.00722	0.00722	0.02395	0.01407	0.80004	0.01939	0.01673	0.01216	0.00608	0.00494	0.00152	0.00418	0.00494	0.00608	0.00836
20	0.00761	0.03541	0.03083	0.00751	0.00851	0.02473	0.00560	0.05220	0.01053	0.01402	0.04763	0.60169	0.06326	0.01315	0.00617	0.00186	0.02666	0.01162	0.02648	0.00454
21	0.01148	0.03491	0.03150	0.12900	0.39511	0.02703	0.01175	0.01447	0.04132	0.05857	0.05197	0.01644	0.07125	0.00585	0.00534	0.01942	0.01692	0.00497	0.00301	0.04969
22	0.00714	0.00498	0.00614	0.00610	0.00638	0.00517	0.00392	0.00773	0.00806	0.01106	0.09511	0.06020	0.02014	0.55869	0.15760	0.00482	0.02286	0.00720	0.00321	0.00348
23	0.00825	0.00562	0.00632	0.00605	0.00774	0.00508	0.00456	0.03692	0.03121	0.08764	0.11681	0.15399	0.44468	0.01131	0.00562	0.00165	0.00281	0.00961	0.04931	0.00483
24	0.03006	0.29347	0.33290	0.01223	0.04402	0.10306	0.02649	0.01632	0.06065	0.01425	0.00869	0.00995	0.00689	0.00472	0.00431	0.00137	0.01808	0.00342	0.00236	0.00674
25	0.01018	0.00855	0.01346	0.13815	0.30072	0.00870	0.02932	0.01295	0.03420	0.05608	0.13385	0.04784	0.09390	0.04834	0.00628	0.00175	0.00480	0.04133	0.00351	0.00609
26	0.01051	0.00996	0.01673	0.48099	0.33872	0.01125	0.01408	0.01391	0.02976	0.01416	0.00922	0.01286	0.00726	0.00474	0.00490	0.00157	0.00620	0.00440	0.00235	0.00645
27	0.00871	0.00818	0.04004	0.00771	0.00981	0.04756	0.02906	0.06876	0.08435	0.01678	0.19463	0.07427	0.33060	0.01018	0.00562	0.00165	0.00362	0.04874	0.00454	0.00519
28	0.01299	0.01340	0.09652	0.07079	0.33761	0.06348	0.03549	0.14081	0.03892	0.03446	0.02712	0.03989	0.00951	0.00546	0.00524	0.00151	0.03044	0.00472	0.01210	0.01954
29	0.00891	0.01887	0.01024	0.05564	0.01160	0.00742	0.06839	0.05003	0.01108	0.05538	0.11750	0.22617	0.14217	0.02968	0.07416	0.00234	0.08154	0.01986	0.00400	0.00503
30	0.00610	0.00444	0.00567	0.00653	0.00699	0.00413	0.00439	0.00700	0.00955	0.01259	0.05053	0.63660	0.11965	0.07279	0.02645	0.00228	0.00317	0.01272	0.00443	0.00397
31	0.03485	0.03046	0.18407	0.01378	0.09025	0.11857	0.06630	0.06723	0.27524	0.01775	0.01283	0.01357	0.00980	0.00663	0.03557	0.00178	0.00625	0.00452	0.00342	0.00712
32	0.05047	0.04540	0.16135	0.10238	0.26087	0.05370	0.08719	0.04030	0.02250	0.04730	0.01053	0.05956	0.00882	0.00539	0.00508	0.00154	0.02327	0.00477	0.00275	0.00682
33	0.01037	0.05835	0.12351	0.06139	0.15502	0.01086	0.21594	0.02964	0.02621	0.01489	0.01359	0.11099	0.03928	0.01672	0.03324	0.00190	0.04140	0.02757	0.00286	0.00626
34	0.01286	0.00802	0.00928	0.00791	0.01037	0.00800	0.00629	0.20422	0.04917	0.16795	0.15754	0.06949	0.16924	0.00870	0.00529	0.00157	0.00364	0.03347	0.06071	0.00627
35	0.01316	0.30807	0.26439	0.01406	0.14224	0.08222	0.01252	0.01625	0.01099	0.08067	0.00897	0.01019	0.00702	0.00461	0.00416	0.00133	0.00619	0.00347	0.00252	0.00697
36	0.01060	0.01055	0.05339	0.06892	0.15617	0.06512	0.01804	0.05946	0.04055	0.02659	0.20419	0.02192	0.10663	0.00760	0.00686	0.00162	0.12614	0.00609	0.00362	0.00594
37	0.00652	0.03006	0.02916	0.00699	0.00777	0.00500	0.00511	0.00766	0.00941	0.01257	0.04875	0.55959	0.08043	0.06140	0.10265	0.00277	0.00434	0.01152	0.00413	0.00418
38	0.02952	0.01051	0.03441	0.33620	0.05002	0.01176	0.04000	0.12293	0.22213	0.01807	0.02645	0.01465	0.01001	0.00565	0.00513	0.00161	0.02206	0.00478	0.02750	0.00662
39	0.01304	0.15363	0.12107	0.05345	0.30351	0.07967	0.03895	0.08339	0.04546	0.03127	0.01033	0.01202	0.02322	0.00488	0.00458	0.00142	0.00607	0.00411	0.00277	0.00714
40	0.01192	0.27287	0.20587	0.01421	0.13772	0.03609	0.06981	0.04964	0.03049	0.02859	0.01072	0.09092	0.00961	0.00564	0.00448	0.00142	0.00587	0.00471	0.00270	0.00671
41	0.03486	0.01005	0.01142	0.00906	0.01236	0.01032	0.00742	0.36243	0.01730	0.26264	0.01819	0.01801	0.08110	0.00665	0.00484	0.00149	0.00437	0.02018	0.09989	0.00742
42	0.03039	0.00790	0.01019	0.00831	0.01128	0.00730	0.00673	0.09514	0.01445	0.47423	0.16683	0.06242	0.03724	0.00770	0.00523	0.00158	0.00385	0.03645	0.00562	0.00714
43	0.01263	0.04596	0.11930	0.06178	0.35859	0.10020	0.05812	0.06416	0.03535	0.01607	0.02514	0.01209	0.00824	0.00504	0.00550	0.00151	0.05631	0.00429	0.00265	0.00707
44	0.00840	0.00715	0.00825	0.00867	0.07151	0.00719	0.00598	0.01366	0.23823	0.01679	0.17369	0.03411	0.36795	0.00968	0.00550	0.00162	0.00313	0.00822	0.00468	0.00559
45	0.01213	0.01213	0.01834	0.18913	0.57037	0.08316	0.01429	0.01497	0.01116	0.01498	0.00899	0.01206	0.00740	0.00455	0.00484	0.00148	0.00626	0.00427	0.00239	0.00712
46	0.03941	0.00857	0.01118	0.00884	0.01236	0.00785	0.00729	0.07582	0.03816	0.63401	0.04639	0.01903	0.01391	0.00660	0.00503	0.00156	0.00420	0.04606	0.00579	0.00794
47	0.01239	0.05200	0.03961	0.08811	0.05245	0.17570	0.04853	0.01421	0.00995	0.03531	0.00866	0.01267	0.00771	0.00852	0.05651	0.00212	0.33995	0.02739	0.00247	0.00573
48	0.00593	0.00502	0.00515	0.00522	0.00685	0.00424	0.00398	0.00724	0.01121	0.01336	0.04837	0.04778	0.74915	0.01251	0.00587	0.00170	0.00261	0.05509	0.00456	0.00417
49	0.01158	0.01117	0.01898	0.16362	0.56455	0.01174	0.05326	0.01497	0.04059	0.01544	0.00949	0.01256	0.00778	0.00471	0.00538	0.00154	0.03844	0.00449	0.00248	0.00723
50	0.00654	0.00477	0.00626	0.00712	0.00785	0.00448	0.00531	0.00793	0.01051	0.01386	0.10492	0.47389	0.11424	0.01410	0.00630	0.00198	0.00317	0.19792	0.00464	0.00420
51	0.03427	0.00583	0.00726	0.00696	0.00840	0.00565	0.00527	0.01164	0.07318	0.09277	0.38087	0.15577	0.07782	0.03946	0.02249	0.00191	0.00320	0.05720	0.00499	0.00507
52	0.00633	0.00521	0.02911	0.00752	0.00819	0.00452	0.02845	0.00748	0.00960	0.01282	0.02637	0.73654	0.04289	0.01464	0.00622	0.00198	0.00320	0.04031	0.00443	0.00419
53	0.05287	0.01390	0.29576	0.01088	0.01435	0.02945	0.06123	0.01200	0.01005	0.01440	0.01732	0.18882	0.06760	0.05124	0.00706	0.00193	0.05660	0.08583	0.00316	0.00556
54	0.49274	0.00931	0.00859	0.00741	0.01032	0.03228	0.00601	0.06078	0.03100	0.15821	0.04644	0.01246	0.00958	0.00720	0.05170	0.00188	0.00453	0.00378	0.03977	0.00599
55	0.00601	0.00458	0.00554	0.00623	0.00705	0.00411	0.00437	0.00708	0.01022	0.01307	0.05671	0.50626	0.30095	0.01415	0.00611	0.00187	0.00276	0.03426	0.00459	0.00408
56	0.12312	0.03425	0.05405	0.29102	0.04922	0.01134	0.08068	0.11822	0.01186	0.05669	0.00999	0.02844	0.00772	0.00520	0.00492	0.00153	0.02875	0.00434	0.02247	0.05620
57	0.01048	0.12656	0.59038	0.01380	0.02005	0.01274	0.08139	0.01525	0.01026	0.01485	0.00852	0.01032	0.00635	0.00480	0.00524	0.00154	0.05466	0.00373	0.00212	0.00698
58	0.00686	0.00540	0.00768	0.03180	0.02754	0.00514	0.04402	0.02509	0.01039	0.01375	0.07266	0.56747	0.12315	0.01335	0.00607	0.00188	0.00331	0.02563	0.00439	0.00442
59	0.01243	0.01471	0.08686	0.01897	0.04720	0.05889	0.56929	0.07467	0.03539	0.01683	0.01013	0.01278	0.00760	0.00445	0.00551	0.00161	0.00781	0.00532	0.00271	0.00683
60	0.39052	0.02020	0.01136	0.07523	0.09740	0.17380	0.00832	0.06620	0.03816	0.01856	0.00907	0.02433	0.00753	0.00571	0.01616	0.00159	0.00554	0.02136	0.00304	0.00591
61	0.06480	0.03086	0.00747	0.00718	0.00829	0.03350	0.02671	0.02056	0.01019	0.01387	0.06796	0.45837	0.13608	0.06468	0.00698	0.00200	0.00347	0.02846	0.00421	0.00436
62	0.04452	0.08153	0.04905	0.02941	0.12437	0.08251	0.07969	0.11902	0.01951	0.03538	0.03536	0.01648	0.05358	0.03580	0.04157	0.00183	0.02398	0.03154	0.00322	0.09164

[dist]
# distance from previous block
# <min> <max>
0	134

# created by:
# /home/cegg/simao/soft/augustus-3.2.1/scripts/msa2prfl.pl ./align_prep/EOG091G0UOM.fa
