[name]
unknown

[dist]
# distance from previous block
# <min> <max>
0	82

[block]
# block no. 0 follows, 51 sequences, length 13
# corresponding to MSA columns:
# 100-112
name=unknown_A
#
# <colnr> <probs for GDERKNQSTAVLIFYWHMCP>
#	G	D	E	R	K	N	Q	S	T	A	V	L	I	F	Y	W	H	M	C	P
0	0.12392	0.03787	0.01312	0.01190	0.08995	0.03700	0.05837	0.12611	0.01327	0.18594	0.05730	0.02183	0.01430	0.00720	0.00548	0.00166	0.03585	0.14814	0.00419	0.00660
1	0.15400	0.03475	0.04954	0.01182	0.11338	0.06303	0.03767	0.09561	0.01255	0.10215	0.09921	0.01544	0.01265	0.00562	0.00449	0.00138	0.00482	0.02999	0.00365	0.14821
2	0.14774	0.01131	0.01492	0.01771	0.32348	0.02943	0.02867	0.13368	0.09894	0.04627	0.04348	0.01316	0.00996	0.00526	0.00485	0.00149	0.02273	0.00440	0.00346	0.03908
3	0.21109	0.01188	0.03350	0.01799	0.29593	0.03748	0.11731	0.07143	0.04771	0.05227	0.00981	0.01155	0.00762	0.00467	0.00450	0.00147	0.00553	0.00413	0.00306	0.05107
4	0.16796	0.04019	0.01466	0.01270	0.09459	0.06363	0.07687	0.26609	0.08327	0.09074	0.03470	0.01270	0.00952	0.00544	0.00460	0.00149	0.00530	0.00436	0.00398	0.00720
5	0.06052	0.01182	0.01573	0.04933	0.35062	0.03854	0.01132	0.23669	0.05122	0.06691	0.01177	0.05267	0.00955	0.00563	0.00485	0.00151	0.00539	0.00482	0.00362	0.00750
6	0.16055	0.01059	0.01429	0.07722	0.32603	0.04024	0.01058	0.04923	0.02948	0.14710	0.03681	0.01401	0.00985	0.00525	0.00459	0.00149	0.00511	0.02182	0.00345	0.03232
7	0.00808	0.00694	0.01181	0.00984	0.01125	0.00665	0.21248	0.00939	0.00887	0.01190	0.01668	0.21098	0.01846	0.41684	0.01548	0.00328	0.00527	0.00837	0.00321	0.00420
8	0.01260	0.01156	0.01624	0.01300	0.01647	0.01253	0.21575	0.08713	0.51383	0.02014	0.01660	0.01641	0.01241	0.00592	0.00521	0.00165	0.00520	0.00553	0.00432	0.00752
9	0.01342	0.01173	0.01764	0.16127	0.45372	0.01251	0.01329	0.22091	0.01417	0.01947	0.00984	0.01223	0.00772	0.00488	0.00489	0.00149	0.00585	0.00439	0.00306	0.00754
10	0.00996	0.02473	0.75806	0.01439	0.02152	0.01147	0.06124	0.01557	0.01044	0.01557	0.00888	0.01054	0.00629	0.00464	0.00473	0.00156	0.00732	0.00375	0.00210	0.00723
11	0.01007	0.07844	0.75070	0.01364	0.02070	0.01194	0.01751	0.01551	0.01035	0.01530	0.00869	0.01021	0.00623	0.00464	0.00457	0.00152	0.00713	0.00357	0.00208	0.00720
12	0.01068	0.22820	0.60629	0.01260	0.01909	0.01344	0.01570	0.01535	0.01028	0.01455	0.00832	0.00975	0.00625	0.00455	0.00429	0.00143	0.00676	0.00338	0.00208	0.00702

[dist]
# distance from previous block
# <min> <max>
0	1

[block]
# block no. 1 follows, 51 sequences, length 90
# corresponding to MSA columns:
# 114-164,168-176,196-225
name=unknown_B
#
# <colnr> <probs for GDERKNQSTAVLIFYWHMCP>
#	G	D	E	R	K	N	Q	S	T	A	V	L	I	F	Y	W	H	M	C	P
0	0.00599	0.00428	0.00570	0.00684	0.00713	0.00399	0.00456	0.00684	0.00941	0.01254	0.02709	0.82409	0.03250	0.01540	0.00627	0.00200	0.00285	0.01397	0.00456	0.00399
1	0.00599	0.00428	0.00570	0.00684	0.00713	0.00399	0.00456	0.00684	0.00941	0.01254	0.02709	0.82409	0.03250	0.01540	0.00627	0.00200	0.00285	0.01397	0.00456	0.00399
2	0.01160	0.01326	0.02900	0.02071	0.02568	0.01243	0.77879	0.01574	0.01160	0.01574	0.00994	0.01326	0.00746	0.00414	0.00580	0.00166	0.00829	0.00580	0.00249	0.00663
3	0.01299	0.75392	0.02605	0.00956	0.01383	0.01879	0.08038	0.01481	0.01014	0.01195	0.00712	0.00839	0.00641	0.00420	0.00340	0.00111	0.00554	0.00292	0.00214	0.00634
4	0.00715	0.00476	0.00536	0.00536	0.00536	0.00476	0.00298	0.00715	0.00715	0.00953	0.01548	0.03216	0.01787	0.82729	0.02501	0.00476	0.00476	0.00715	0.00298	0.00298
5	0.08163	0.01392	0.01415	0.01101	0.01481	0.05403	0.00905	0.68554	0.02155	0.02937	0.01122	0.01137	0.00803	0.00576	0.00475	0.00147	0.00546	0.00423	0.00466	0.00800
6	0.01013	0.01011	0.01466	0.74048	0.03210	0.08535	0.01326	0.01322	0.01021	0.01251	0.00863	0.01271	0.00653	0.00493	0.00487	0.00160	0.00677	0.00425	0.00222	0.00548
7	0.01771	0.12394	0.01540	0.01213	0.01487	0.70938	0.00936	0.01901	0.01344	0.01197	0.00750	0.00874	0.00633	0.00496	0.00427	0.00124	0.00841	0.00310	0.00248	0.00577
8	0.00668	0.00481	0.00633	0.00637	0.00728	0.00446	0.00462	0.00859	0.01265	0.01769	0.57848	0.25801	0.04247	0.01155	0.00593	0.00167	0.00247	0.01032	0.00517	0.00446
9	0.01808	0.01347	0.01441	0.01118	0.01501	0.01496	0.00919	0.70979	0.09455	0.03000	0.01256	0.01241	0.00898	0.00597	0.00492	0.00149	0.00527	0.00453	0.00492	0.00830
10	0.01506	0.00974	0.01147	0.06975	0.01428	0.01057	0.00804	0.02443	0.48884	0.26261	0.01897	0.01744	0.01349	0.00635	0.00498	0.00162	0.00418	0.00528	0.00513	0.00779
11	0.05383	0.01129	0.01883	0.10236	0.68653	0.01157	0.01447	0.01481	0.01092	0.01602	0.00908	0.01204	0.00755	0.00444	0.00478	0.00148	0.00580	0.00429	0.00244	0.00745
12	0.01865	0.01467	0.01467	0.01143	0.01524	0.08927	0.00935	0.70919	0.02225	0.02920	0.01141	0.01152	0.00817	0.00582	0.00487	0.00146	0.00573	0.00431	0.00469	0.00811
13	0.01828	0.01457	0.01446	0.01137	0.01509	0.09580	0.00927	0.65965	0.06587	0.02845	0.01184	0.01187	0.00853	0.00586	0.00487	0.00146	0.00567	0.00436	0.00468	0.00805
14	0.01982	0.00789	0.01074	0.00850	0.01190	0.00688	0.00700	0.02178	0.01391	0.68232	0.09811	0.02066	0.01642	0.00685	0.00512	0.00156	0.00401	0.04278	0.00594	0.00780
15	0.00656	0.00492	0.00615	0.00700	0.00762	0.00477	0.00480	0.00866	0.08226	0.01335	0.02812	0.69081	0.08777	0.01436	0.00612	0.00194	0.00292	0.01292	0.00460	0.00436
16	0.00714	0.00478	0.00544	0.00544	0.00546	0.00481	0.00307	0.00720	0.00717	0.00959	0.01541	0.03176	0.01769	0.80305	0.04903	0.00486	0.00502	0.00709	0.00297	0.00302
17	0.00703	0.00521	0.00763	0.00763	0.00842	0.00600	0.00581	0.00861	0.00782	0.01121	0.01340	0.02064	0.01287	0.11915	0.72632	0.00757	0.01229	0.00546	0.00267	0.00424
18	0.77569	0.00928	0.00737	0.00657	0.00950	0.01066	0.00538	0.03447	0.00917	0.02211	0.06575	0.01023	0.00847	0.00501	0.00330	0.00152	0.00373	0.00317	0.00327	0.00535
19	0.01798	0.02148	0.01391	0.01245	0.01489	0.68787	0.00947	0.03944	0.01370	0.05140	0.00820	0.00947	0.00668	0.00540	0.00534	0.00135	0.06897	0.00337	0.00274	0.00588
20	0.02188	0.00863	0.01157	0.00887	0.01268	0.00762	0.00733	0.06127	0.01451	0.76209	0.01901	0.01648	0.01198	0.00607	0.00494	0.00152	0.00424	0.00492	0.00602	0.00836
21	0.00817	0.00498	0.00600	0.00606	0.00656	0.00476	0.00383	0.00863	0.00858	0.08436	0.02047	0.24513	0.05507	0.49598	0.01724	0.00358	0.00409	0.00892	0.00376	0.00381
22	0.00596	0.00498	0.00508	0.00511	0.00663	0.00423	0.00379	0.00714	0.01090	0.01303	0.04660	0.04638	0.71672	0.07331	0.00727	0.00191	0.00271	0.02972	0.00444	0.00407
23	0.00716	0.00529	0.00672	0.00631	0.00758	0.00499	0.00475	0.01000	0.05197	0.01944	0.72030	0.03631	0.08056	0.00999	0.00576	0.00156	0.00240	0.00879	0.00535	0.00477
24	0.01905	0.01318	0.01438	0.01103	0.01495	0.01437	0.00911	0.69774	0.02212	0.11487	0.01263	0.01234	0.00877	0.00592	0.00492	0.00148	0.00527	0.00448	0.00504	0.00836
25	0.02009	0.00802	0.01071	0.00837	0.01190	0.00697	0.00686	0.02214	0.02699	0.69924	0.03614	0.01997	0.08593	0.00676	0.00504	0.00154	0.00399	0.00553	0.00591	0.00789
26	0.00603	0.00487	0.00537	0.00550	0.00684	0.00420	0.00403	0.00739	0.01135	0.01423	0.17069	0.17713	0.54009	0.01254	0.00588	0.00170	0.00252	0.01073	0.00471	0.00420
27	0.01019	0.00873	0.01019	0.00728	0.01165	0.00655	0.00582	0.01237	0.01019	0.01601	0.00873	0.01019	0.00728	0.00364	0.00364	0.00073	0.00364	0.00291	0.00291	0.85734
28	0.00582	0.00493	0.00503	0.00512	0.00667	0.00414	0.00380	0.00704	0.01107	0.01322	0.04809	0.10529	0.73774	0.01267	0.00584	0.00168	0.00252	0.01064	0.00456	0.00414
29	0.00854	0.00427	0.00640	0.00640	0.00640	0.00427	0.00427	0.00640	0.00640	0.00854	0.00854	0.01494	0.00854	0.01707	0.01921	0.85702	0.00427	0.00427	0.00213	0.00213
30	0.00599	0.00428	0.00570	0.00684	0.00713	0.00399	0.00456	0.00684	0.00941	0.01254	0.02709	0.82409	0.03250	0.01540	0.00627	0.00200	0.00285	0.01397	0.00456	0.00399
31	0.00712	0.00486	0.00587	0.00587	0.00604	0.00504	0.00361	0.00747	0.00730	0.00990	0.01502	0.02960	0.01675	0.66978	0.18100	0.00539	0.00644	0.00677	0.00291	0.00326
32	0.00913	0.00579	0.00710	0.00701	0.00728	0.06442	0.00483	0.00761	0.00710	0.00907	0.00890	0.01489	0.00872	0.01802	0.09178	0.71380	0.00544	0.00428	0.00221	0.00261
33	0.00928	0.00873	0.01474	0.81548	0.03385	0.01092	0.01365	0.01256	0.00983	0.01256	0.00873	0.01310	0.00655	0.00491	0.00491	0.00164	0.00655	0.00437	0.00218	0.00546
34	0.00599	0.00499	0.00524	0.00517	0.00675	0.00423	0.00388	0.00741	0.01164	0.01432	0.17067	0.04557	0.67311	0.01206	0.00581	0.00164	0.00246	0.01013	0.00470	0.00423
35	0.01035	0.00957	0.01447	0.01222	0.01268	0.01246	0.08110	0.01101	0.00766	0.01148	0.00723	0.01190	0.00700	0.01003	0.01583	0.18835	0.56527	0.00443	0.00218	0.00479
36	0.01127	0.01079	0.01745	0.01408	0.01652	0.06743	0.28470	0.01371	0.01075	0.06231	0.01437	0.10378	0.01393	0.00823	0.00813	0.00188	0.18328	0.14841	0.00323	0.00573
37	0.00693	0.00520	0.00663	0.00743	0.00856	0.00490	0.00605	0.00863	0.01093	0.01388	0.03328	0.19566	0.25674	0.01358	0.00640	0.00203	0.00361	0.40069	0.00454	0.00431
38	0.01239	0.64632	0.20311	0.00969	0.01459	0.01761	0.01064	0.01491	0.01007	0.01248	0.00729	0.00845	0.00629	0.00431	0.00350	0.00117	0.00571	0.00286	0.00210	0.00653
39	0.00625	0.00456	0.00593	0.00680	0.00740	0.00424	0.00482	0.00743	0.01023	0.01353	0.10379	0.58863	0.11428	0.01438	0.00623	0.00194	0.00293	0.08786	0.00464	0.00412
40	0.00762	0.00558	0.00746	0.00723	0.00828	0.00566	0.02002	0.05573	0.01090	0.01492	0.21645	0.18181	0.08526	0.08408	0.20595	0.04695	0.00575	0.02191	0.00403	0.00442
41	0.01497	0.07355	0.01867	0.01315	0.01729	0.01328	0.22528	0.34994	0.05992	0.04854	0.01169	0.01339	0.00885	0.00531	0.00497	0.00146	0.00589	0.02366	0.00387	0.08632
42	0.01860	0.01615	0.01454	0.01164	0.01523	0.21117	0.00938	0.59216	0.02084	0.02629	0.01076	0.01107	0.00786	0.00569	0.00480	0.00142	0.00626	0.00411	0.00433	0.00770
43	0.02680	0.00706	0.00914	0.00794	0.01032	0.00648	0.00613	0.05751	0.02284	0.41019	0.04282	0.27472	0.04878	0.03775	0.00609	0.00179	0.00372	0.00814	0.00530	0.00648
44	0.00696	0.00508	0.00586	0.00569	0.00710	0.00447	0.00421	0.00852	0.01196	0.04829	0.30389	0.09164	0.41753	0.04871	0.00667	0.00178	0.00263	0.00971	0.00485	0.00443
45	0.00792	0.00561	0.00687	0.00711	0.00787	0.00560	0.00489	0.08659	0.03423	0.01414	0.03876	0.50332	0.02546	0.14982	0.00997	0.05492	0.00355	0.01070	0.00419	0.01847
46	0.00712	0.00487	0.00591	0.00591	0.00610	0.00506	0.00367	0.00750	0.00731	0.00994	0.01498	0.02936	0.01665	0.65509	0.19556	0.00545	0.00659	0.00674	0.00290	0.00328
47	0.01228	0.00742	0.00892	0.00765	0.00994	0.00729	0.00601	0.11194	0.09585	0.19357	0.32432	0.04740	0.10330	0.00852	0.00535	0.00155	0.00332	0.00723	0.03194	0.00620
48	0.00883	0.00540	0.00676	0.00639	0.00793	0.00480	0.00479	0.01056	0.01246	0.13753	0.35136	0.17368	0.22872	0.01098	0.00575	0.00165	0.00274	0.00954	0.00515	0.00498
49	0.08283	0.00551	0.00679	0.00689	0.00810	0.00540	0.00540	0.00960	0.01199	0.01739	0.41098	0.09876	0.05789	0.05404	0.00685	0.00193	0.00318	0.19721	0.00476	0.00452
50	0.01301	0.01095	0.01155	0.01016	0.01308	0.01259	0.00797	0.11744	0.69516	0.02182	0.01901	0.01754	0.01420	0.00657	0.00499	0.00164	0.00407	0.00542	0.00499	0.00785
51	0.11339	0.00637	0.00752	0.00718	0.00892	0.00616	0.00536	0.04929	0.01123	0.19024	0.04083	0.38959	0.09380	0.02449	0.00573	0.00180	0.00336	0.00941	0.01998	0.00536
52	0.03879	0.00578	0.00726	0.00663	0.00829	0.00529	0.00498	0.01192	0.01239	0.18656	0.36206	0.12979	0.11862	0.07095	0.00701	0.00185	0.00304	0.00849	0.00509	0.00521
53	0.01805	0.01295	0.01391	0.01075	0.01447	0.01426	0.00885	0.70522	0.02194	0.04808	0.01229	0.01240	0.00876	0.00589	0.00481	0.00145	0.00515	0.00445	0.06825	0.00808
54	0.01287	0.01030	0.01107	0.00989	0.01271	0.01172	0.00774	0.02564	0.71458	0.07864	0.02008	0.01895	0.01505	0.00676	0.00503	0.00167	0.00392	0.02056	0.00507	0.00776
55	0.00715	0.00517	0.00770	0.00770	0.00847	0.00594	0.00589	0.00853	0.00775	0.01111	0.01285	0.01934	0.01214	0.05945	0.71801	0.07864	0.01216	0.00524	0.00260	0.00416
56	0.02452	0.00466	0.00604	0.00684	0.00736	0.00438	0.00462	0.00803	0.00949	0.05878	0.02535	0.70085	0.02966	0.07524	0.00753	0.00216	0.00309	0.01270	0.00450	0.00420
57	0.00666	0.00483	0.00633	0.00668	0.00756	0.00450	0.00494	0.00840	0.01188	0.01626	0.39520	0.31762	0.07877	0.01247	0.00608	0.00179	0.00277	0.09791	0.00496	0.00437
58	0.02188	0.00863	0.01157	0.00887	0.01268	0.00762	0.00733	0.06127	0.01451	0.76209	0.01901	0.01648	0.01198	0.00607	0.00494	0.00152	0.00424	0.00492	0.00602	0.00836
59	0.00718	0.00504	0.00637	0.00696	0.00744	0.00503	0.00497	0.00841	0.02698	0.01207	0.02147	0.24147	0.02434	0.34879	0.03627	0.00336	0.00442	0.22176	0.00386	0.00382
60	0.02205	0.00836	0.01140	0.00874	0.01254	0.00722	0.00722	0.02395	0.01407	0.80004	0.01939	0.01673	0.01216	0.00608	0.00494	0.00152	0.00418	0.00494	0.00608	0.00836
61	0.00702	0.00527	0.00790	0.00790	0.00878	0.00614	0.00614	0.00878	0.00790	0.01141	0.01316	0.01931	0.01229	0.03686	0.80782	0.00790	0.01316	0.00527	0.00263	0.00439
62	0.01245	0.01072	0.01800	0.20175	0.55477	0.01109	0.01403	0.01535	0.01116	0.08853	0.01008	0.01280	0.00792	0.00466	0.00488	0.00150	0.00584	0.00443	0.00272	0.00732
63	0.01752	0.02184	0.01402	0.08764	0.01694	0.71573	0.00988	0.03567	0.01374	0.01249	0.00779	0.00932	0.00640	0.00507	0.00449	0.00131	0.00857	0.00331	0.00255	0.00573
64	0.01012	0.00891	0.00907	0.00831	0.01035	0.06799	0.00636	0.01753	0.36495	0.01906	0.33076	0.02705	0.08268	0.00831	0.00533	0.00159	0.00353	0.00705	0.00495	0.00611
65	0.01211	0.01182	0.02079	0.02928	0.72461	0.01175	0.08643	0.01514	0.01123	0.01603	0.00931	0.01226	0.00775	0.00436	0.00495	0.00148	0.00607	0.00451	0.00244	0.00768
66	0.00714	0.00479	0.00550	0.00550	0.00555	0.00484	0.00315	0.00724	0.00719	0.00963	0.01536	0.03145	0.01756	0.78351	0.06838	0.00494	0.00523	0.00704	0.00296	0.00306
67	0.00857	0.00866	0.06951	0.00921	0.01159	0.02149	0.10903	0.01274	0.11016	0.01837	0.46536	0.02960	0.08846	0.00852	0.00559	0.00158	0.00381	0.00767	0.00461	0.00547
68	0.00662	0.00492	0.00625	0.00715	0.00772	0.00481	0.00493	0.00874	0.08223	0.01337	0.02700	0.70770	0.05107	0.01445	0.00615	0.00196	0.00298	0.03298	0.00460	0.00436
69	0.01216	0.01168	0.01995	0.03016	0.79664	0.01168	0.01508	0.01508	0.01119	0.01605	0.00924	0.01216	0.00778	0.00438	0.00487	0.00146	0.00584	0.00438	0.00243	0.00778
70	0.01075	0.01075	0.01505	0.01290	0.01290	0.01505	0.01075	0.01183	0.00753	0.01183	0.00645	0.01075	0.00645	0.00860	0.01613	0.00215	0.81830	0.00430	0.00215	0.00538
71	0.01184	0.01132	0.01929	0.07782	0.72795	0.01148	0.01475	0.01475	0.01101	0.01571	0.00932	0.01242	0.00783	0.00531	0.02709	0.00165	0.00608	0.00440	0.00242	0.00755
72	0.00634	0.00493	0.00577	0.00570	0.00700	0.00436	0.00422	0.00804	0.01226	0.01612	0.38479	0.11507	0.38449	0.01163	0.00585	0.00164	0.00245	0.01004	0.00495	0.00436
73	0.02205	0.00836	0.01140	0.00874	0.01254	0.00722	0.00722	0.02395	0.01407	0.80004	0.01939	0.01673	0.01216	0.00608	0.00494	0.00152	0.00418	0.00494	0.00608	0.00836
74	0.02894	0.00918	0.01626	0.01249	0.01545	0.02897	0.33569	0.01220	0.01230	0.01692	0.30422	0.04993	0.10201	0.00753	0.00567	0.00159	0.00514	0.00745	0.00386	0.02419
75	0.01178	0.01128	0.01925	0.13462	0.69518	0.01158	0.01489	0.01475	0.01101	0.01559	0.00918	0.01229	0.00762	0.00445	0.00487	0.00148	0.00593	0.00438	0.00240	0.00747
76	0.00928	0.00873	0.01474	0.81548	0.03385	0.01092	0.01365	0.01256	0.00983	0.01256	0.00873	0.01310	0.00655	0.00491	0.00491	0.00164	0.00655	0.00437	0.00218	0.00546
77	0.03189	0.02415	0.72314	0.01362	0.02052	0.01169	0.01718	0.07263	0.01128	0.01688	0.00899	0.01042	0.00636	0.00476	0.00465	0.00155	0.00704	0.00367	0.00231	0.00730
78	0.01228	0.52730	0.21040	0.01089	0.01582	0.01634	0.08264	0.01509	0.01028	0.03006	0.00800	0.00941	0.00664	0.00502	0.02025	0.00138	0.00616	0.00327	0.00223	0.00657
79	0.10801	0.00848	0.01098	0.00851	0.01223	0.00761	0.00703	0.02298	0.01348	0.72043	0.01810	0.01583	0.01146	0.00593	0.00475	0.00152	0.00414	0.00471	0.00577	0.00805
80	0.00678	0.00502	0.00633	0.00600	0.00723	0.00456	0.00450	0.00894	0.01350	0.01873	0.68108	0.03832	0.15994	0.01041	0.00580	0.00156	0.00234	0.00911	0.00528	0.00456
81	0.01601	0.01264	0.01245	0.01049	0.01369	0.10660	0.00832	0.22592	0.38706	0.12843	0.01626	0.01525	0.01182	0.00619	0.00490	0.00155	0.00492	0.00489	0.00483	0.00777
82	0.01096	0.00942	0.01572	0.53399	0.23164	0.01074	0.01343	0.01402	0.01053	0.07231	0.01000	0.01394	0.00771	0.00503	0.00494	0.00159	0.00615	0.01903	0.00258	0.00627
83	0.00993	0.04431	0.78361	0.01388	0.02107	0.01160	0.01793	0.01554	0.01037	0.01547	0.00877	0.01032	0.00623	0.00466	0.00463	0.00154	0.00722	0.00361	0.00208	0.00724
84	0.00708	0.00517	0.00681	0.00721	0.00831	0.00489	0.00576	0.00910	0.01214	0.01634	0.34105	0.13619	0.11542	0.01223	0.00622	0.00188	0.00322	0.29162	0.00489	0.00447
85	0.01523	0.01283	0.01203	0.01049	0.01341	0.15752	0.00830	0.14875	0.37145	0.11032	0.01674	0.01810	0.01297	0.00669	0.00501	0.00159	0.00513	0.06150	0.00462	0.00732
86	0.01175	0.00934	0.01524	0.39872	0.18341	0.01024	0.04983	0.05109	0.01133	0.11449	0.01212	0.08908	0.01007	0.00594	0.00508	0.00161	0.00579	0.00541	0.00310	0.00636
87	0.01141	0.01260	0.09304	0.02573	0.56975	0.01117	0.10864	0.01459	0.01103	0.01571	0.01063	0.07332	0.00946	0.00521	0.00507	0.00153	0.00605	0.00521	0.00257	0.00731
88	0.00635	0.00454	0.00590	0.00683	0.00727	0.00429	0.00474	0.00733	0.00958	0.01267	0.04464	0.59177	0.07019	0.10206	0.00831	0.00230	0.00322	0.09963	0.00441	0.00397
89	0.15907	0.01104	0.01226	0.00955	0.01329	0.01155	0.00789	0.37125	0.01729	0.31694	0.01382	0.01301	0.00928	0.00575	0.00462	0.00150	0.00468	0.00433	0.00504	0.00786

[dist]
# distance from previous block
# <min> <max>
1	4

[block]
# block no. 2 follows, 51 sequences, length 11
# corresponding to MSA columns:
# 243,244,247-255
name=unknown_C
#
# <colnr> <probs for GDERKNQSTAVLIFYWHMCP>
#	G	D	E	R	K	N	Q	S	T	A	V	L	I	F	Y	W	H	M	C	P
0	0.01135	0.04443	0.01865	0.26106	0.53929	0.01177	0.01438	0.01432	0.01074	0.01484	0.00899	0.01226	0.00736	0.00453	0.00481	0.00150	0.00602	0.00430	0.00235	0.00704
1	0.01186	0.01218	0.05900	0.07979	0.70859	0.01161	0.01514	0.01494	0.01106	0.01581	0.00919	0.01213	0.00763	0.00443	0.00486	0.00148	0.00596	0.00434	0.00240	0.00761
2	0.00765	0.00552	0.00755	0.00838	0.00954	0.00542	0.00718	0.00987	0.01172	0.01542	0.14858	0.05204	0.07200	0.01296	0.00658	0.00212	0.00407	0.60422	0.00467	0.00452
3	0.01752	0.01319	0.01410	0.01107	0.01480	0.01470	0.00906	0.64511	0.16013	0.02910	0.01327	0.01297	0.00955	0.00604	0.00493	0.00151	0.00514	0.00463	0.00493	0.00825
4	0.01082	0.01069	0.01630	0.51454	0.26962	0.06756	0.01380	0.01384	0.01054	0.01361	0.00881	0.01251	0.00692	0.00476	0.00486	0.00156	0.00649	0.00429	0.00229	0.00620
5	0.01219	0.06346	0.02083	0.02825	0.70332	0.01221	0.05805	0.01510	0.01114	0.01575	0.00913	0.01195	0.00767	0.00435	0.00481	0.00144	0.00594	0.00435	0.00241	0.00763
6	0.00986	0.02542	0.80183	0.01401	0.02127	0.01141	0.01816	0.01556	0.01038	0.01556	0.00882	0.01038	0.00623	0.00467	0.00467	0.00156	0.00726	0.00363	0.00208	0.00726
7	0.01181	0.01131	0.01931	0.12688	0.70269	0.01158	0.01491	0.01477	0.01102	0.01562	0.00918	0.01228	0.00763	0.00444	0.00487	0.00148	0.00593	0.00438	0.00240	0.00750
8	0.01319	0.69418	0.10104	0.00926	0.01364	0.07446	0.00944	0.01515	0.01030	0.01199	0.00708	0.00820	0.00630	0.00431	0.00339	0.00112	0.00571	0.00276	0.00213	0.00636
9	0.00986	0.02542	0.80183	0.01401	0.02127	0.01141	0.01816	0.01556	0.01038	0.01556	0.00882	0.01038	0.00623	0.00467	0.00467	0.00156	0.00726	0.00363	0.00208	0.00726
10	0.00928	0.00873	0.01474	0.81548	0.03385	0.01092	0.01365	0.01256	0.00983	0.01256	0.00873	0.01310	0.00655	0.00491	0.00491	0.00164	0.00655	0.00437	0.00218	0.00546

[dist]
# distance from previous block
# <min> <max>
0	13

[block]
# block no. 3 follows, 51 sequences, length 50
# corresponding to MSA columns:
# 278-280,298-344
name=unknown_D
#
# <colnr> <probs for GDERKNQSTAVLIFYWHMCP>
#	G	D	E	R	K	N	Q	S	T	A	V	L	I	F	Y	W	H	M	C	P
0	0.00599	0.00499	0.00523	0.00517	0.00675	0.00423	0.00388	0.00741	0.01164	0.01431	0.16976	0.04559	0.67402	0.01206	0.00581	0.00164	0.00246	0.01013	0.00470	0.00423
1	0.00599	0.00428	0.00570	0.00684	0.00713	0.00399	0.00456	0.00684	0.00941	0.01254	0.02709	0.82409	0.03250	0.01540	0.00627	0.00200	0.00285	0.01397	0.00456	0.00399
2	0.00858	0.00429	0.00627	0.00627	0.00635	0.00429	0.00421	0.00678	0.00670	0.00927	0.00910	0.01519	0.00884	0.01622	0.01802	0.79270	0.00412	0.00429	0.06620	0.00232
3	0.01163	0.01113	0.01898	0.17529	0.65568	0.01154	0.01482	0.01462	0.01094	0.01541	0.00915	0.01234	0.00756	0.00448	0.00487	0.00149	0.00597	0.00438	0.00239	0.00735
4	0.01216	0.01168	0.01995	0.03016	0.79664	0.01168	0.01508	0.01508	0.01119	0.01605	0.00924	0.01216	0.00778	0.00438	0.00487	0.00146	0.00584	0.00438	0.00243	0.00778
5	0.01795	0.02283	0.01364	0.01241	0.01492	0.78177	0.00931	0.01922	0.01384	0.01207	0.00895	0.01010	0.03164	0.00530	0.00448	0.00128	0.00866	0.00340	0.00260	0.00565
6	0.01003	0.06722	0.76153	0.01372	0.02082	0.01183	0.01765	0.01552	0.01036	0.01536	0.00872	0.01025	0.00623	0.00464	0.00459	0.00153	0.00716	0.00358	0.00208	0.00721
7	0.00683	0.00502	0.00639	0.00605	0.00726	0.00458	0.00454	0.00903	0.01361	0.01900	0.71244	0.03787	0.12841	0.01031	0.00580	0.00156	0.00234	0.00905	0.00532	0.00458
8	0.02188	0.00863	0.01157	0.00887	0.01268	0.00761	0.00733	0.06075	0.01451	0.76262	0.01902	0.01649	0.01198	0.00607	0.00494	0.00152	0.00424	0.00492	0.00603	0.00836
9	0.01249	0.63881	0.15139	0.01024	0.01499	0.01762	0.06788	0.01493	0.01017	0.01252	0.00739	0.00869	0.00638	0.00427	0.00360	0.00118	0.00581	0.00303	0.00213	0.00649
10	0.00868	0.00555	0.00798	0.00769	0.00878	0.00610	0.00589	0.01025	0.00849	0.09765	0.01412	0.02055	0.01293	0.12713	0.62704	0.00683	0.01118	0.00545	0.00305	0.00466
11	0.00986	0.02542	0.80183	0.01401	0.02127	0.01141	0.01816	0.01556	0.01038	0.01556	0.00882	0.01038	0.00623	0.00467	0.00467	0.00156	0.00726	0.00363	0.00208	0.00726
12	0.02159	0.00910	0.01186	0.00909	0.01291	0.00832	0.00751	0.12758	0.01530	0.69467	0.01835	0.01605	0.01164	0.00606	0.00494	0.00151	0.00435	0.00487	0.00592	0.00836
13	0.01175	0.01002	0.01076	0.00990	0.01249	0.01150	0.00779	0.02437	0.70263	0.01992	0.02066	0.02240	0.01646	0.00742	0.00520	0.00173	0.00396	0.08866	0.00495	0.00742
14	0.01187	0.01069	0.01322	0.01127	0.01403	0.01221	0.09244	0.02336	0.61912	0.01935	0.04279	0.01780	0.01454	0.00664	0.00595	0.00170	0.06553	0.00560	0.00452	0.00737
15	0.00697	0.00476	0.00573	0.00589	0.00604	0.00484	0.00360	0.00731	0.00755	0.01018	0.01676	0.13765	0.01913	0.61600	0.12295	0.00479	0.00558	0.00783	0.00315	0.00330
16	0.01905	0.01317	0.01438	0.01103	0.01494	0.01436	0.00911	0.69733	0.02211	0.11529	0.01263	0.01234	0.00877	0.00592	0.00492	0.00148	0.00527	0.00448	0.00504	0.00836
17	0.00593	0.00498	0.00515	0.00511	0.00671	0.00420	0.00383	0.00730	0.01150	0.01398	0.13139	0.04613	0.71260	0.01218	0.00581	0.00165	0.00247	0.01021	0.00466	0.00420
18	0.00715	0.00476	0.00536	0.00536	0.00536	0.00476	0.00298	0.00715	0.00715	0.00953	0.01548	0.03216	0.01787	0.82729	0.02501	0.00476	0.00476	0.00715	0.00298	0.00298
19	0.00702	0.00527	0.00790	0.00790	0.00878	0.00614	0.00614	0.00878	0.00790	0.01141	0.01316	0.01931	0.01229	0.03686	0.80782	0.00790	0.01316	0.00527	0.00263	0.00439
20	0.01768	0.02201	0.01362	0.01237	0.01493	0.72036	0.00931	0.02033	0.09877	0.01296	0.00896	0.00990	0.00728	0.00524	0.00449	0.00131	0.00832	0.00343	0.00280	0.00593
21	0.01836	0.02342	0.01393	0.01266	0.01519	0.80756	0.00950	0.01962	0.01393	0.01203	0.00760	0.00886	0.00633	0.00506	0.00443	0.00127	0.00886	0.00317	0.00253	0.00570
22	0.01917	0.01009	0.01212	0.00961	0.01322	0.01016	0.00784	0.20097	0.18116	0.45428	0.01775	0.01592	0.01188	0.00616	0.00495	0.00154	0.00441	0.00495	0.00558	0.00824
23	0.00611	0.00438	0.00576	0.00669	0.00709	0.00408	0.00450	0.00708	0.00981	0.01314	0.09853	0.70946	0.05200	0.03792	0.00675	0.00202	0.00285	0.01322	0.00460	0.00403
24	0.00713	0.00482	0.00563	0.00563	0.00573	0.00491	0.00332	0.00732	0.00723	0.00973	0.01523	0.03078	0.01727	0.74231	0.10918	0.00510	0.00567	0.00694	0.00294	0.00313
25	0.00603	0.00431	0.00574	0.00681	0.00714	0.00402	0.00457	0.00696	0.00963	0.01289	0.06440	0.78577	0.03318	0.01514	0.00625	0.00197	0.00283	0.01372	0.00460	0.00402
26	0.01468	0.00759	0.00948	0.00789	0.01058	0.00715	0.00628	0.07475	0.08234	0.35667	0.24076	0.03650	0.10784	0.00806	0.00530	0.00156	0.00352	0.00679	0.00552	0.00674
27	0.00606	0.00454	0.00558	0.00626	0.00697	0.00411	0.00431	0.00712	0.01020	0.01327	0.10008	0.53202	0.22865	0.03839	0.00667	0.00195	0.00277	0.01240	0.00459	0.00406
28	0.00693	0.00518	0.00648	0.00636	0.00751	0.00487	0.00469	0.00948	0.05307	0.01780	0.53884	0.17294	0.12526	0.01106	0.00584	0.00164	0.00251	0.00976	0.00515	0.00463
29	0.00591	0.00498	0.00512	0.00509	0.00670	0.00419	0.00382	0.00726	0.01145	0.01386	0.11768	0.04633	0.72638	0.01223	0.00581	0.00165	0.00247	0.01024	0.00464	0.00419
30	0.00671	0.00477	0.00570	0.00580	0.00637	0.00451	0.00380	0.00764	0.00986	0.01325	0.22798	0.18145	0.12545	0.35901	0.01406	0.00301	0.00348	0.00927	0.00411	0.00375
31	0.03211	0.00897	0.01061	0.00868	0.01163	0.00896	0.00693	0.22893	0.05260	0.32255	0.03917	0.10483	0.05998	0.03596	0.00575	0.00167	0.00415	0.00623	0.04317	0.00711
32	0.08206	0.01344	0.01418	0.01094	0.01481	0.01492	0.00904	0.72270	0.02200	0.03030	0.01143	0.01151	0.00813	0.00580	0.00478	0.00148	0.00529	0.00429	0.00478	0.00813
33	0.00715	0.00476	0.00536	0.00536	0.00536	0.00476	0.00298	0.00715	0.00715	0.00953	0.01548	0.03216	0.01787	0.82729	0.02501	0.00476	0.00476	0.00715	0.00298	0.00298
34	0.00707	0.00507	0.00693	0.00693	0.00747	0.00562	0.00494	0.00815	0.00761	0.01069	0.01405	0.02420	0.01441	0.33813	0.50945	0.00670	0.00996	0.00598	0.00276	0.00385
35	0.00621	0.00461	0.00561	0.00613	0.00684	0.00421	0.00420	0.00727	0.01024	0.01341	0.14074	0.43396	0.22031	0.10293	0.00815	0.00215	0.00290	0.01161	0.00451	0.00401
36	0.00622	0.00438	0.00563	0.00654	0.00677	0.00415	0.00424	0.00690	0.00895	0.01193	0.02471	0.66193	0.02951	0.18164	0.01011	0.00256	0.00324	0.01257	0.00424	0.00378
37	0.01126	0.01073	0.01815	0.26294	0.54984	0.01132	0.01442	0.01426	0.01076	0.01501	0.00908	0.01239	0.00740	0.00452	0.00485	0.00149	0.00599	0.00434	0.00237	0.02888
38	0.07039	0.01621	0.01398	0.01154	0.01486	0.27943	0.03367	0.35162	0.09529	0.04895	0.01111	0.01145	0.00826	0.00556	0.00467	0.00143	0.00636	0.00407	0.00397	0.00716
39	0.00768	0.00535	0.00637	0.00637	0.00685	0.00548	0.00421	0.05252	0.00880	0.01177	0.01807	0.11885	0.04397	0.52544	0.10583	0.00435	0.00542	0.05559	0.00338	0.00369
40	0.01692	0.01465	0.01310	0.01099	0.01421	0.20997	0.00869	0.28648	0.25661	0.09609	0.01402	0.01356	0.01027	0.00595	0.00482	0.00149	0.00568	0.00451	0.00446	0.00752
41	0.01008	0.00862	0.01008	0.00727	0.01153	0.00649	0.00579	0.01223	0.01017	0.01592	0.00920	0.03097	0.00792	0.00394	0.00371	0.00076	0.00362	0.00319	0.00295	0.83555
42	0.07759	0.00884	0.01017	0.00900	0.01166	0.00930	0.00723	0.09414	0.25457	0.19547	0.01893	0.07559	0.01600	0.02850	0.02112	0.00189	0.00432	0.12221	0.00484	0.02864
43	0.00752	0.00542	0.00679	0.00635	0.00770	0.00489	0.00467	0.00931	0.01189	0.03050	0.44557	0.09338	0.07266	0.13223	0.00850	0.00201	0.00302	0.04508	0.00463	0.09787
44	0.01687	0.02104	0.01314	0.01204	0.01435	0.70247	0.00906	0.01820	0.01314	0.01195	0.00833	0.01023	0.00711	0.00923	0.10978	0.00214	0.00943	0.00344	0.00255	0.00553
45	0.00744	0.00572	0.00820	0.00782	0.00915	0.00620	0.00610	0.00925	0.00820	0.01201	0.01258	0.01811	0.01163	0.03250	0.70236	0.00696	0.01191	0.00496	0.00267	0.11624
46	0.00693	0.00559	0.00592	0.00576	0.00723	0.00521	0.00419	0.02385	0.08000	0.01422	0.10307	0.06295	0.50845	0.13469	0.00863	0.00213	0.00301	0.00932	0.00444	0.00441
47	0.00662	0.00489	0.00605	0.00648	0.00718	0.00472	0.00450	0.00811	0.03673	0.01321	0.11368	0.36771	0.14894	0.15383	0.07025	0.00281	0.00393	0.03204	0.00426	0.00409
48	0.04069	0.01319	0.01412	0.05011	0.01563	0.03064	0.00923	0.65540	0.04616	0.02872	0.03881	0.01277	0.00968	0.00597	0.00489	0.00149	0.00533	0.00454	0.00470	0.00793
49	0.00754	0.00647	0.00683	0.00691	0.00825	0.06571	0.00535	0.00928	0.01198	0.01524	0.26166	0.10409	0.28411	0.01245	0.03372	0.00195	0.00369	0.14571	0.00459	0.00448

[dist]
# distance from previous block
# <min> <max>
0	29

# created by:
# /home/cegg/simao/soft/augustus-3.2.1/scripts/msa2prfl.pl ./align_prep/EOG091G0QS4.fa
