[name]
unknown

[dist]
# distance from previous block
# <min> <max>
7	60

[block]
# block no. 0 follows, 47 sequences, length 14
# corresponding to MSA columns:
# 79-92
name=unknown_A
#
# <colnr> <probs for GDERKNQSTAVLIFYWHMCP>
#	G	D	E	R	K	N	Q	S	T	A	V	L	I	F	Y	W	H	M	C	P
0	0.05940	0.01318	0.11346	0.07092	0.08443	0.08379	0.03571	0.08536	0.07526	0.10813	0.02525	0.09662	0.01254	0.00672	0.00504	0.00160	0.00552	0.00562	0.07331	0.03816
1	0.05462	0.01220	0.14786	0.08103	0.01587	0.00994	0.02110	0.14348	0.04272	0.12626	0.06156	0.08587	0.04606	0.00963	0.06345	0.00214	0.00579	0.00601	0.02722	0.03719
2	0.03906	0.03550	0.09354	0.09504	0.07339	0.03776	0.03101	0.12347	0.09150	0.13726	0.01648	0.04860	0.06496	0.00747	0.02388	0.00179	0.02911	0.00549	0.00404	0.04068
3	0.01279	0.05407	0.05948	0.04334	0.01524	0.02845	0.09537	0.07020	0.14264	0.10147	0.05312	0.09251	0.03812	0.03950	0.00607	0.00169	0.00510	0.00619	0.00413	0.13052
4	0.03687	0.03801	0.01288	0.01139	0.07127	0.04159	0.03120	0.09174	0.10917	0.16055	0.02036	0.07111	0.10931	0.00785	0.00596	0.00164	0.05103	0.03661	0.00445	0.08700
5	0.05735	0.01106	0.09118	0.06976	0.04774	0.00982	0.06315	0.01974	0.17117	0.21917	0.06023	0.01767	0.01366	0.00757	0.03751	0.00191	0.00533	0.00532	0.08335	0.00729
6	0.01152	0.15355	0.37656	0.01173	0.01693	0.01240	0.01302	0.04878	0.09052	0.03894	0.03615	0.07210	0.01158	0.00792	0.04572	0.00192	0.00648	0.00500	0.00314	0.03604
7	0.01462	0.05559	0.01688	0.01540	0.14491	0.03946	0.09829	0.13903	0.19009	0.09233	0.01529	0.06002	0.02267	0.00655	0.00576	0.00164	0.03840	0.00563	0.00414	0.03330
8	0.01434	0.01312	0.01667	0.23126	0.18091	0.10945	0.04565	0.17515	0.03801	0.04515	0.01244	0.01456	0.04033	0.00586	0.00563	0.00163	0.03444	0.00487	0.00338	0.00715
9	0.01191	0.00936	0.01114	0.00838	0.01237	0.00797	0.00669	0.01495	0.06710	0.07935	0.01113	0.01282	0.00906	0.03218	0.00572	0.00116	0.05704	0.00372	0.00347	0.63450
10	0.01377	0.01029	0.01137	0.01012	0.01303	0.01145	0.00796	0.02553	0.59498	0.12189	0.06951	0.02211	0.01820	0.00752	0.00542	0.00176	0.00409	0.03757	0.00546	0.00797
11	0.00771	0.00543	0.00669	0.00643	0.00784	0.00489	0.00483	0.00970	0.01347	0.05079	0.47467	0.08146	0.24160	0.03177	0.00667	0.00180	0.00275	0.03127	0.00539	0.00486
12	0.01104	0.06109	0.01650	0.56092	0.11742	0.01224	0.01339	0.06897	0.01148	0.01497	0.00977	0.01410	0.00774	0.02987	0.02826	0.00195	0.00682	0.00463	0.00259	0.00624
13	0.01308	0.01092	0.01623	0.08573	0.27024	0.01067	0.05904	0.06324	0.08973	0.07639	0.04387	0.01463	0.01084	0.00521	0.00498	0.00142	0.00533	0.00473	0.00354	0.21016

[dist]
# distance from previous block
# <min> <max>
1	4

[block]
# block no. 1 follows, 47 sequences, length 16
# corresponding to MSA columns:
# 97-112
name=unknown_B
#
# <colnr> <probs for GDERKNQSTAVLIFYWHMCP>
#	G	D	E	R	K	N	Q	S	T	A	V	L	I	F	Y	W	H	M	C	P
0	0.01446	0.04308	0.21398	0.06890	0.07250	0.04383	0.02796	0.07857	0.01312	0.17623	0.02792	0.02936	0.00987	0.00550	0.00489	0.00146	0.00585	0.00451	0.00366	0.15435
1	0.01016	0.03442	0.10062	0.00928	0.04116	0.00752	0.00777	0.01375	0.07553	0.08310	0.25804	0.10538	0.08857	0.00912	0.00556	0.00163	0.00390	0.03821	0.03118	0.07511
2	0.01298	0.06810	0.06431	0.07134	0.10068	0.01066	0.10596	0.01802	0.14544	0.14318	0.16264	0.04145	0.01857	0.00685	0.00541	0.00164	0.00517	0.00616	0.00429	0.00711
3	0.01078	0.01124	0.05713	0.30201	0.05520	0.03301	0.09132	0.01549	0.11649	0.01598	0.10631	0.03132	0.01399	0.00671	0.00696	0.00178	0.10908	0.00565	0.00324	0.00632
4	0.05050	0.01489	0.11852	0.01735	0.15101	0.05732	0.17353	0.12855	0.08554	0.08857	0.01253	0.03425	0.00963	0.00573	0.00563	0.00166	0.02839	0.00515	0.00361	0.00765
5	0.01333	0.01392	0.05686	0.11736	0.06557	0.06534	0.37564	0.03287	0.05875	0.07095	0.01124	0.01388	0.00844	0.00529	0.00650	0.00173	0.06690	0.00536	0.00303	0.00704
6	0.00637	0.00462	0.00596	0.00702	0.00745	0.00427	0.00470	0.00728	0.01006	0.01326	0.03048	0.71942	0.10148	0.04194	0.00725	0.00218	0.00305	0.01423	0.00478	0.00421
7	0.01384	0.01172	0.06184	0.01418	0.15390	0.01143	0.01011	0.24504	0.11779	0.05200	0.13231	0.02095	0.01744	0.00819	0.03035	0.00186	0.00526	0.05095	0.03337	0.00747
8	0.02829	0.41929	0.19088	0.04147	0.01643	0.03587	0.02567	0.01734	0.01155	0.13955	0.02342	0.01134	0.00842	0.00505	0.00421	0.00137	0.00599	0.00368	0.00301	0.00717
9	0.00760	0.00522	0.00638	0.00645	0.00674	0.00536	0.00417	0.00819	0.00832	0.01127	0.04860	0.03372	0.01997	0.59517	0.15440	0.00528	0.00643	0.05983	0.00332	0.00360
10	0.85377	0.01007	0.00765	0.00685	0.01007	0.01168	0.00564	0.01531	0.00886	0.02336	0.00725	0.00846	0.00564	0.00483	0.00322	0.00161	0.00403	0.00282	0.00322	0.00564
11	0.01111	0.04807	0.19021	0.14019	0.18373	0.06830	0.09145	0.01452	0.01150	0.01534	0.03724	0.11279	0.03964	0.00674	0.00536	0.00167	0.00649	0.00607	0.00291	0.00665
12	0.00745	0.00552	0.00807	0.00807	0.00890	0.00635	0.00614	0.00911	0.00828	0.01187	0.01422	0.02196	0.01367	0.12489	0.71140	0.00800	0.01297	0.00580	0.00283	0.00448
13	0.00801	0.00542	0.00685	0.00658	0.00794	0.00497	0.00499	0.01022	0.01378	0.05119	0.53868	0.08064	0.13612	0.01100	0.00603	0.00169	0.00270	0.04319	0.05503	0.00497
14	0.05613	0.00933	0.01176	0.00925	0.01294	0.00875	0.00756	0.13120	0.01560	0.56976	0.01909	0.05924	0.01317	0.00686	0.00515	0.00161	0.00444	0.00555	0.04430	0.00830
15	0.01309	0.14554	0.46693	0.01440	0.05156	0.01287	0.07613	0.01763	0.01163	0.12690	0.01075	0.01188	0.00769	0.00503	0.00485	0.00157	0.00692	0.00410	0.00287	0.00768

[dist]
# distance from previous block
# <min> <max>
0	1

[block]
# block no. 2 follows, 47 sequences, length 60
# corresponding to MSA columns:
# 114-173
name=unknown_C
#
# <colnr> <probs for GDERKNQSTAVLIFYWHMCP>
#	G	D	E	R	K	N	Q	S	T	A	V	L	I	F	Y	W	H	M	C	P
0	0.00669	0.00483	0.00641	0.00755	0.00809	0.00455	0.00541	0.00788	0.01043	0.01374	0.02989	0.63738	0.07674	0.01580	0.00671	0.00214	0.00331	0.14327	0.00483	0.00434
1	0.01080	0.00926	0.01080	0.00771	0.01234	0.00694	0.00617	0.01311	0.01080	0.01697	0.00926	0.01080	0.00771	0.00386	0.00386	0.00077	0.00386	0.00309	0.00309	0.84882
2	0.01255	0.01203	0.02052	0.11784	0.70127	0.01228	0.01581	0.01568	0.01170	0.01660	0.00974	0.01300	0.00810	0.00470	0.00516	0.00157	0.00627	0.00464	0.00255	0.00798
3	0.00751	0.00546	0.00785	0.00785	0.00858	0.00619	0.00586	0.00892	0.00818	0.01165	0.01425	0.02276	0.01397	0.17746	0.63744	0.03091	0.01210	0.00591	0.00284	0.00432
4	0.00714	0.00527	0.00667	0.00641	0.00766	0.00480	0.00477	0.00935	0.01406	0.01948	0.63540	0.08510	0.15187	0.01133	0.00617	0.00168	0.00251	0.00995	0.00555	0.00480
5	0.01223	0.01449	0.05682	0.02170	0.02706	0.01313	0.73994	0.01667	0.01225	0.01667	0.01049	0.01394	0.00786	0.00441	0.00610	0.00175	0.00874	0.00607	0.00262	0.00705
6	0.06120	0.01261	0.02251	0.04133	0.40166	0.01273	0.25176	0.05097	0.01219	0.01768	0.01026	0.02908	0.00846	0.00508	0.00588	0.00166	0.03946	0.00521	0.00278	0.00750
7	0.00829	0.00554	0.00715	0.00662	0.00807	0.00505	0.00501	0.01063	0.01453	0.06890	0.67634	0.03844	0.10441	0.01058	0.00609	0.00165	0.00260	0.00928	0.00571	0.00512
8	0.01246	0.01567	0.09720	0.04501	0.02643	0.05812	0.63215	0.01680	0.01226	0.01633	0.01025	0.01350	0.00769	0.00452	0.00593	0.00172	0.00866	0.00573	0.00259	0.00699
9	0.00685	0.00515	0.00639	0.00665	0.00776	0.00468	0.00492	0.00859	0.01247	0.01662	0.32705	0.25685	0.23279	0.01316	0.00637	0.00186	0.00284	0.06926	0.00518	0.00458
10	0.01447	0.01124	0.02807	0.01107	0.01436	0.01194	0.05381	0.10916	0.46275	0.11880	0.06644	0.02036	0.01654	0.00714	0.00544	0.00173	0.00461	0.02885	0.00522	0.00799
11	0.03029	0.01017	0.04788	0.01018	0.03003	0.03366	0.02172	0.09532	0.02900	0.21604	0.01540	0.06156	0.01208	0.00761	0.01825	0.00174	0.13577	0.00538	0.21115	0.00677
12	0.47468	0.00919	0.00834	0.03484	0.01073	0.02755	0.00606	0.01493	0.10140	0.01924	0.01143	0.02691	0.01016	0.13224	0.09067	0.00287	0.00544	0.00445	0.00340	0.00547
13	0.03455	0.51428	0.02236	0.01044	0.01428	0.26894	0.00925	0.04787	0.01245	0.01349	0.00771	0.00886	0.00676	0.00483	0.00385	0.00122	0.00677	0.00305	0.00252	0.00654
14	0.01045	0.02694	0.79000	0.01484	0.02254	0.01209	0.01924	0.01649	0.01099	0.01649	0.00935	0.01099	0.00660	0.00495	0.00495	0.00165	0.00770	0.00385	0.00220	0.00770
15	0.00634	0.00453	0.00604	0.00725	0.00755	0.00423	0.00483	0.00725	0.00997	0.01329	0.02870	0.81358	0.03444	0.01632	0.00665	0.00211	0.00302	0.01480	0.00483	0.00423
16	0.01053	0.02633	0.75444	0.01518	0.02276	0.01214	0.05419	0.01650	0.01106	0.01650	0.00940	0.01114	0.00666	0.00492	0.00500	0.00165	0.00775	0.00396	0.00222	0.00766
17	0.00680	0.00516	0.00627	0.00629	0.00751	0.00462	0.00460	0.00861	0.01295	0.01734	0.41375	0.18871	0.27342	0.01250	0.00624	0.00177	0.00262	0.01092	0.00529	0.00462
18	0.00747	0.00497	0.00642	0.00737	0.00804	0.00481	0.00546	0.00897	0.01054	0.01476	0.02595	0.45935	0.02915	0.04673	0.00709	0.00215	0.00345	0.19700	0.14587	0.00443
19	0.00652	0.00529	0.00579	0.00566	0.00726	0.00455	0.00425	0.00819	0.01274	0.01614	0.27462	0.04670	0.55923	0.01242	0.00615	0.00172	0.00258	0.01051	0.00511	0.00455
20	0.01603	0.06032	0.01404	0.01075	0.01294	0.01190	0.00895	0.07824	0.01235	0.29017	0.04477	0.01549	0.01147	0.00932	0.05499	0.00220	0.29857	0.00497	0.03550	0.00702
21	0.01103	0.00939	0.01092	0.00782	0.01244	0.00718	0.00627	0.03237	0.01115	0.01737	0.00934	0.01084	0.00774	0.00392	0.00389	0.00079	0.00390	0.00313	0.00314	0.82736
22	0.01185	0.33089	0.46907	0.01283	0.01919	0.01540	0.04300	0.01615	0.01088	0.01487	0.00858	0.01009	0.00668	0.00474	0.00438	0.00145	0.00692	0.00353	0.00223	0.00728
23	0.76995	0.00981	0.00794	0.00705	0.01022	0.01123	0.00579	0.01563	0.00919	0.06693	0.00830	0.00950	0.00637	0.00638	0.03707	0.00190	0.00447	0.00308	0.00339	0.00578
24	0.00674	0.00526	0.00611	0.00599	0.00742	0.00463	0.00446	0.00857	0.01312	0.01724	0.39528	0.08880	0.39339	0.01217	0.00618	0.00172	0.00257	0.01047	0.00526	0.00463
25	0.00663	0.00522	0.00607	0.00609	0.00746	0.00466	0.00451	0.00828	0.01232	0.01596	0.27209	0.13640	0.42071	0.01433	0.05363	0.00216	0.00331	0.01064	0.00499	0.00455
26	0.01101	0.00993	0.01358	0.00970	0.01442	0.00781	0.11224	0.01361	0.01101	0.01693	0.00943	0.01125	0.00774	0.00393	0.00418	0.00091	0.00454	0.00351	0.00302	0.73125
27	0.00835	0.00639	0.00780	0.00734	0.00889	0.00636	0.00561	0.01292	0.14921	0.02050	0.58077	0.03682	0.07677	0.01029	0.00604	0.00170	0.00286	0.04035	0.00557	0.00547
28	0.00661	0.00482	0.00626	0.00724	0.00786	0.00448	0.00512	0.00782	0.01070	0.01409	0.07664	0.59676	0.12128	0.01540	0.00662	0.00208	0.00314	0.09387	0.00488	0.00435
29	0.01463	0.01211	0.01552	0.01249	0.01593	0.04160	0.13826	0.17705	0.30451	0.08099	0.01819	0.01821	0.05631	0.00824	0.04313	0.00202	0.02276	0.00579	0.00461	0.00768
30	0.00757	0.00505	0.00568	0.00568	0.00568	0.00505	0.00316	0.00757	0.00757	0.01010	0.01641	0.03408	0.01893	0.81698	0.02651	0.00505	0.00505	0.00757	0.00316	0.00316
31	0.00657	0.00469	0.00630	0.00750	0.00790	0.00442	0.00522	0.00763	0.01019	0.01354	0.02858	0.73172	0.03396	0.01611	0.00671	0.00215	0.00321	0.09448	0.00483	0.00429
32	0.01158	0.01104	0.01867	0.36014	0.42326	0.01207	0.03072	0.01526	0.03748	0.01559	0.00997	0.01356	0.00795	0.00496	0.00520	0.00164	0.00649	0.00471	0.00256	0.00717
33	0.01410	0.64648	0.04533	0.00943	0.01353	0.11050	0.00905	0.01589	0.01102	0.01269	0.00799	0.00938	0.00715	0.00582	0.03081	0.00141	0.00625	0.00305	0.03363	0.00650
34	0.01221	0.01275	0.01583	0.01365	0.01392	0.09505	0.01126	0.01337	0.00866	0.01255	0.00696	0.01119	0.00682	0.00873	0.01583	0.00218	0.72653	0.00444	0.00232	0.00573
35	0.01268	0.01156	0.01604	0.01332	0.01544	0.01396	0.11235	0.01999	0.33023	0.04995	0.01394	0.01539	0.01103	0.00750	0.01016	0.00196	0.32828	0.00536	0.00377	0.00708
36	0.01701	0.02096	0.01489	0.01331	0.01575	0.60544	0.05834	0.01853	0.01368	0.01311	0.01054	0.08544	0.00995	0.00677	0.00578	0.00152	0.05653	0.02365	0.00291	0.00588
37	0.02168	0.00910	0.01183	0.00924	0.01304	0.00831	0.00758	0.06781	0.06280	0.64971	0.01990	0.01763	0.01287	0.00645	0.00514	0.00159	0.00437	0.00522	0.05715	0.00858
38	0.01194	0.01382	0.05959	0.02033	0.02535	0.01244	0.67358	0.01620	0.01211	0.01677	0.01125	0.03093	0.00873	0.00476	0.00596	0.00173	0.00823	0.00616	0.05326	0.00686
39	0.00757	0.00508	0.00583	0.00583	0.00588	0.00513	0.00334	0.00767	0.00762	0.01021	0.01627	0.03333	0.01861	0.77413	0.06891	0.00523	0.00554	0.00746	0.00314	0.00324
40	0.06451	0.01184	0.07033	0.07195	0.19730	0.01136	0.03697	0.03209	0.21100	0.15221	0.02750	0.01687	0.04000	0.00620	0.00547	0.00168	0.02566	0.00526	0.00412	0.00769
41	0.01882	0.01789	0.01606	0.01304	0.01650	0.28462	0.04543	0.42965	0.01957	0.02393	0.01054	0.01144	0.00795	0.00603	0.00579	0.00154	0.05524	0.00429	0.00404	0.00761
42	0.00668	0.00473	0.00606	0.00707	0.00764	0.00441	0.00493	0.00782	0.01037	0.01391	0.03043	0.63168	0.11082	0.01523	0.00645	0.00204	0.00307	0.06701	0.05530	0.00433
43	0.01503	0.00852	0.01030	0.00857	0.01139	0.00829	0.00690	0.17651	0.02994	0.25955	0.22848	0.02819	0.11454	0.00872	0.00564	0.00166	0.00393	0.04179	0.02510	0.00697
44	0.01367	0.77120	0.02594	0.00867	0.01293	0.01966	0.00859	0.01539	0.01060	0.01268	0.00782	0.00902	0.00708	0.00455	0.00336	0.00112	0.00538	0.00291	0.05285	0.00657
45	0.00632	0.00501	0.00569	0.00609	0.00728	0.00438	0.00435	0.00759	0.01143	0.01436	0.10470	0.32355	0.45265	0.01410	0.00633	0.00188	0.00276	0.01223	0.00491	0.00438
46	0.06073	0.01027	0.01135	0.00982	0.01299	0.01120	0.00776	0.02579	0.50768	0.21839	0.02011	0.01840	0.01447	0.00675	0.00510	0.00170	0.00413	0.00551	0.03973	0.00812
47	0.25869	0.00893	0.01038	0.00833	0.01192	0.00860	0.00684	0.02144	0.01305	0.51399	0.04902	0.01604	0.01238	0.00615	0.00465	0.00160	0.00417	0.00471	0.03145	0.00765
48	0.00732	0.00541	0.00689	0.00678	0.00809	0.00498	0.00525	0.00959	0.01389	0.01904	0.55760	0.04352	0.16438	0.01159	0.00629	0.00176	0.00282	0.11454	0.00546	0.00481
49	0.01392	0.82012	0.02729	0.00891	0.01337	0.02061	0.00891	0.01559	0.01058	0.01225	0.00724	0.00835	0.00668	0.00446	0.00334	0.00111	0.00557	0.00278	0.00223	0.00668
50	0.00724	0.00527	0.00660	0.00630	0.00752	0.00481	0.00465	0.00918	0.01357	0.01868	0.58501	0.03961	0.17616	0.04430	0.00764	0.04146	0.00269	0.00939	0.00531	0.00463
51	0.01080	0.00926	0.01080	0.00771	0.01234	0.00694	0.00617	0.01311	0.01080	0.01697	0.00926	0.01080	0.00771	0.00386	0.00386	0.00077	0.00386	0.00309	0.00309	0.84882
52	0.01721	0.01335	0.01405	0.01239	0.05908	0.07181	0.00938	0.33156	0.27943	0.09929	0.01584	0.01528	0.01154	0.00639	0.00518	0.00161	0.00530	0.00505	0.01790	0.00834
53	0.01009	0.00952	0.01609	0.73926	0.09906	0.01164	0.01459	0.01353	0.01054	0.01362	0.00930	0.01380	0.00705	0.00516	0.00520	0.00172	0.00688	0.00463	0.00234	0.00599
54	0.01164	0.01594	0.23275	0.01780	0.13663	0.01129	0.23972	0.01634	0.04966	0.03045	0.03475	0.01444	0.00973	0.00504	0.00527	0.00155	0.00674	0.01849	0.00291	0.13885
55	0.01154	0.01190	0.01010	0.00965	0.01109	0.26887	0.00726	0.01309	0.01053	0.01244	0.01234	0.01797	0.01147	0.09718	0.42939	0.00543	0.01113	0.00499	0.03864	0.00498
56	0.00983	0.00926	0.01562	0.80447	0.03587	0.01157	0.01446	0.01331	0.01041	0.01331	0.00926	0.01388	0.00694	0.00521	0.00521	0.00174	0.00694	0.00463	0.00231	0.00579
57	0.00757	0.00505	0.00568	0.00568	0.00568	0.00505	0.00316	0.00757	0.00757	0.01010	0.01641	0.03408	0.01893	0.81698	0.02651	0.00505	0.00505	0.00757	0.00316	0.00316
58	0.01045	0.02694	0.79000	0.01484	0.02254	0.01209	0.01924	0.01649	0.01099	0.01649	0.00935	0.01099	0.00660	0.00495	0.00495	0.00165	0.00770	0.00385	0.00220	0.00770
59	0.00671	0.00523	0.00613	0.00616	0.00750	0.00460	0.00451	0.00837	0.01249	0.01638	0.30414	0.19420	0.36284	0.01272	0.00620	0.00177	0.00267	0.01102	0.00512	0.02126

[dist]
# distance from previous block
# <min> <max>
0	12

[block]
# block no. 3 follows, 47 sequences, length 6
# corresponding to MSA columns:
# 186-191
name=unknown_D
#
# <colnr> <probs for GDERKNQSTAVLIFYWHMCP>
#	G	D	E	R	K	N	Q	S	T	A	V	L	I	F	Y	W	H	M	C	P
0	0.01123	0.00840	0.00937	0.00800	0.01029	0.00855	0.00625	0.26262	0.01691	0.02259	0.29892	0.03271	0.22271	0.04972	0.00684	0.00181	0.00373	0.00815	0.00520	0.00601
1	0.00748	0.00540	0.00747	0.00747	0.00809	0.00602	0.00539	0.00872	0.00810	0.01142	0.01477	0.02502	0.01500	0.29947	0.53864	0.00726	0.01097	0.00625	0.00291	0.00415
2	0.01640	0.01917	0.01603	0.01386	0.01586	0.44900	0.04958	0.06129	0.01293	0.01405	0.00803	0.01048	0.00694	0.00662	0.00895	0.00169	0.27630	0.00398	0.00269	0.00614
3	0.00639	0.00468	0.00590	0.00684	0.00735	0.00431	0.00459	0.00731	0.01012	0.01322	0.03176	0.64246	0.15282	0.06645	0.00782	0.00224	0.00309	0.01374	0.00473	0.00419
4	0.00671	0.00488	0.00682	0.00763	0.00814	0.00499	0.00539	0.00794	0.00943	0.01289	0.02376	0.54808	0.02727	0.02393	0.27100	0.00421	0.00668	0.01172	0.00415	0.00437
5	0.01570	0.01139	0.01230	0.00987	0.01264	0.01243	0.00764	0.51286	0.01882	0.02521	0.01381	0.01973	0.01223	0.27765	0.01234	0.00273	0.00550	0.00565	0.00452	0.00695

[dist]
# distance from previous block
# <min> <max>
0	47

[block]
# block no. 4 follows, 47 sequences, length 122
# corresponding to MSA columns:
# 239-260,263-275,278-317,345-391
name=unknown_E
#
# <colnr> <probs for GDERKNQSTAVLIFYWHMCP>
#	G	D	E	R	K	N	Q	S	T	A	V	L	I	F	Y	W	H	M	C	P
0	0.00772	0.00562	0.00691	0.00780	0.00841	0.00509	0.00524	0.00836	0.01108	0.01474	0.06097	0.65459	0.12044	0.04520	0.00778	0.00238	0.00348	0.01410	0.00519	0.00491
1	0.01041	0.00939	0.01524	0.70258	0.03296	0.01151	0.01369	0.01413	0.03803	0.03527	0.00992	0.01401	0.00745	0.00540	0.00557	0.00172	0.03346	0.00464	0.00256	0.03207
2	0.00740	0.00533	0.00700	0.00700	0.00760	0.00574	0.00490	0.00844	0.00829	0.01139	0.01781	0.02839	0.07148	0.36682	0.41266	0.00648	0.00935	0.00682	0.00309	0.00400
3	0.07732	0.02300	0.01542	0.01358	0.01649	0.68425	0.06470	0.02011	0.01417	0.01377	0.00817	0.00966	0.00672	0.00526	0.00470	0.00139	0.00897	0.00352	0.00272	0.00608
4	0.01692	0.01415	0.06956	0.01226	0.01632	0.01423	0.05923	0.50476	0.11241	0.04421	0.01456	0.07171	0.01144	0.00687	0.00537	0.00165	0.00565	0.00562	0.00484	0.00824
5	0.00995	0.00941	0.01564	0.74695	0.03425	0.01189	0.01424	0.01325	0.01024	0.01325	0.00908	0.01370	0.00693	0.00549	0.00607	0.00178	0.06516	0.00462	0.00231	0.00578
6	0.00691	0.00576	0.00612	0.00613	0.00789	0.00518	0.00473	0.00934	0.06546	0.01516	0.09188	0.04810	0.61444	0.01272	0.00619	0.00181	0.00293	0.07960	0.00492	0.00473
7	0.00983	0.00926	0.01562	0.80447	0.03587	0.01157	0.01446	0.01331	0.01041	0.01331	0.00926	0.01388	0.00694	0.00521	0.00521	0.00174	0.00694	0.00463	0.00231	0.00579
8	0.00768	0.00580	0.00788	0.00838	0.06423	0.00540	0.00568	0.01007	0.01420	0.01999	0.66267	0.07317	0.07386	0.01057	0.00609	0.00166	0.00276	0.00938	0.00543	0.00510
9	0.01241	0.01181	0.02007	0.07818	0.69869	0.01194	0.01539	0.01544	0.01171	0.01664	0.01071	0.03837	0.00942	0.00523	0.00525	0.00159	0.00611	0.02044	0.00268	0.00790
10	0.01278	0.01092	0.01148	0.01028	0.01319	0.01248	0.00801	0.06112	0.68414	0.02174	0.02308	0.02133	0.07131	0.00747	0.00536	0.00176	0.00409	0.00620	0.00526	0.00799
11	0.00744	0.00558	0.00837	0.00837	0.00930	0.00651	0.00651	0.00930	0.00837	0.01209	0.01395	0.02046	0.01302	0.03906	0.79635	0.00837	0.01395	0.00558	0.00279	0.00465
12	0.01336	0.01090	0.01207	0.06825	0.01515	0.01253	0.00866	0.02649	0.67311	0.06791	0.02029	0.01892	0.01506	0.00689	0.00529	0.00175	0.00435	0.00576	0.00515	0.00810
13	0.01392	0.82012	0.02729	0.00891	0.01337	0.02061	0.00891	0.01559	0.01058	0.01225	0.00724	0.00835	0.00668	0.00446	0.00334	0.00111	0.00557	0.00278	0.00223	0.00668
14	0.01070	0.08462	0.73453	0.01441	0.02187	0.01271	0.01849	0.01643	0.01096	0.01618	0.00919	0.01080	0.00660	0.00491	0.00483	0.00161	0.00754	0.00377	0.00220	0.00762
15	0.00732	0.00526	0.00674	0.00760	0.00818	0.00510	0.00520	0.06251	0.01103	0.01471	0.02752	0.75532	0.03258	0.01558	0.00654	0.00207	0.00322	0.01407	0.00486	0.00457
16	0.01344	0.01143	0.01205	0.01070	0.01373	0.01318	0.00836	0.07986	0.72211	0.02256	0.02058	0.01894	0.01540	0.00701	0.00529	0.00175	0.00423	0.00580	0.00529	0.00829
17	0.03708	0.00896	0.01039	0.00762	0.01195	0.00695	0.00610	0.01361	0.01110	0.06975	0.01313	0.01406	0.06434	0.00474	0.00410	0.00093	0.00381	0.00380	0.00345	0.70413
18	0.00754	0.00571	0.00675	0.00679	0.00808	0.00533	0.00495	0.06328	0.01292	0.01702	0.23964	0.30591	0.27066	0.01306	0.00625	0.00183	0.00294	0.01141	0.00511	0.00480
19	0.01354	0.54025	0.12643	0.01068	0.01527	0.01805	0.03770	0.07010	0.01153	0.01467	0.00807	0.00952	0.00692	0.00495	0.00477	0.00131	0.06203	0.00332	0.00249	0.03840
20	0.01925	0.01455	0.01673	0.01271	0.01695	0.01593	0.06486	0.71256	0.02360	0.03165	0.01236	0.01262	0.00879	0.00612	0.00528	0.00158	0.00595	0.00479	0.00502	0.00872
21	0.01530	0.00833	0.01005	0.00839	0.01108	0.00831	0.00674	0.09115	0.07045	0.30252	0.04986	0.02438	0.16894	0.00811	0.00607	0.00164	0.06220	0.00642	0.13313	0.00694
22	0.01003	0.00883	0.03656	0.00811	0.00987	0.08548	0.00645	0.04205	0.07249	0.01805	0.27320	0.02509	0.02465	0.04004	0.16797	0.00303	0.00603	0.00652	0.15015	0.00542
23	0.04357	0.04311	0.24023	0.01170	0.03932	0.01181	0.01127	0.24165	0.02669	0.02142	0.01217	0.07062	0.01016	0.02455	0.00532	0.00156	0.00560	0.00488	0.03311	0.14126
24	0.00690	0.00517	0.00640	0.00638	0.00757	0.00467	0.00468	0.00882	0.01323	0.01795	0.47813	0.17832	0.21819	0.01224	0.00623	0.00175	0.00260	0.01074	0.00536	0.00467
25	0.00861	0.00669	0.00880	0.00823	0.00840	0.00800	0.00591	0.00906	0.00776	0.01099	0.01306	0.02472	0.01417	0.42144	0.15973	0.06396	0.20741	0.00625	0.00281	0.00399
26	0.01256	0.01386	0.10627	0.03413	0.34776	0.06934	0.05849	0.01539	0.01130	0.04433	0.01112	0.01526	0.02065	0.06460	0.00799	0.00187	0.09346	0.01702	0.00279	0.05181
27	0.26091	0.00891	0.01012	0.00822	0.01153	0.00877	0.00664	0.04875	0.01298	0.42766	0.06936	0.01752	0.01362	0.06521	0.00626	0.00186	0.00427	0.00498	0.00518	0.00724
28	0.02076	0.00892	0.01154	0.00912	0.01270	0.00818	0.00742	0.10765	0.01536	0.59191	0.01997	0.07513	0.01403	0.00711	0.00522	0.00161	0.00434	0.00584	0.06493	0.00824
29	0.01797	0.11300	0.01551	0.01235	0.01503	0.65116	0.00943	0.01925	0.01376	0.01250	0.00857	0.01107	0.00759	0.06429	0.00613	0.00159	0.00864	0.00360	0.00267	0.00590
30	0.00905	0.00452	0.00678	0.00678	0.00678	0.00452	0.00452	0.00678	0.00678	0.00905	0.00905	0.01583	0.00905	0.01809	0.02035	0.84848	0.00452	0.00452	0.00226	0.00226
31	0.00832	0.00579	0.00841	0.00822	0.00909	0.00661	0.00627	0.00969	0.00842	0.04169	0.01385	0.02101	0.01308	0.10939	0.61083	0.06637	0.03987	0.00565	0.00291	0.00454
32	0.01113	0.02604	0.73368	0.01463	0.02207	0.01239	0.01856	0.07108	0.01198	0.01768	0.00958	0.01110	0.00676	0.00504	0.00497	0.00164	0.00755	0.00391	0.00242	0.00778
33	0.00990	0.00926	0.01527	0.74652	0.03416	0.01123	0.01386	0.01329	0.01044	0.01357	0.00926	0.01366	0.00700	0.00511	0.00511	0.00167	0.00672	0.00452	0.00237	0.06710
34	0.01047	0.02565	0.73333	0.01432	0.02180	0.01172	0.01829	0.01625	0.01098	0.01653	0.00934	0.01098	0.00668	0.00487	0.00487	0.00159	0.00742	0.00379	0.00226	0.06887
35	0.00680	0.00530	0.00618	0.00596	0.00743	0.00467	0.00447	0.00873	0.01340	0.01771	0.44237	0.04412	0.39049	0.01183	0.00615	0.00169	0.00254	0.01015	0.00532	0.00467
36	0.00891	0.00462	0.00692	0.00692	0.00700	0.00470	0.00470	0.00700	0.00692	0.00931	0.00947	0.01623	0.00939	0.01992	0.08809	0.77515	0.00535	0.00462	0.00231	0.00247
37	0.01392	0.82012	0.02729	0.00891	0.01337	0.02061	0.00891	0.01559	0.01058	0.01225	0.00724	0.00835	0.00668	0.00446	0.00334	0.00111	0.00557	0.00278	0.00223	0.00668
38	0.00839	0.00599	0.00839	0.00959	0.01079	0.00599	0.00839	0.01079	0.01199	0.01558	0.02757	0.05874	0.02997	0.01439	0.00719	0.00240	0.00480	0.74945	0.00480	0.00480
39	0.00751	0.00532	0.00705	0.00705	0.00752	0.00579	0.00486	0.00845	0.00798	0.01111	0.01516	0.02716	0.01593	0.42196	0.41743	0.00673	0.00957	0.00656	0.00297	0.00391
40	0.85377	0.01007	0.00765	0.00685	0.01007	0.01168	0.00564	0.01531	0.00886	0.02336	0.00725	0.00846	0.00564	0.00483	0.00322	0.00161	0.00403	0.00282	0.00322	0.00564
41	0.00721	0.00532	0.00674	0.00639	0.00768	0.00485	0.00479	0.00953	0.01437	0.02001	0.68824	0.04034	0.14319	0.01097	0.00614	0.00165	0.00248	0.00962	0.00562	0.00485
42	0.00751	0.00518	0.00640	0.00644	0.00676	0.00533	0.00415	0.00815	0.00843	0.01151	0.07017	0.06033	0.02066	0.55368	0.18099	0.00532	0.00660	0.02538	0.00336	0.00366
43	0.00757	0.00505	0.00568	0.00568	0.00568	0.00505	0.00316	0.00757	0.00757	0.01010	0.01641	0.03408	0.01893	0.81698	0.02651	0.00505	0.00505	0.00757	0.00316	0.00316
44	0.03416	0.00953	0.01311	0.02893	0.03554	0.00934	0.04875	0.06657	0.07859	0.46161	0.01848	0.07368	0.01362	0.03187	0.00665	0.00181	0.04857	0.00595	0.00536	0.00789
45	0.06533	0.07024	0.01519	0.01280	0.01543	0.65150	0.00984	0.01960	0.01370	0.01330	0.00787	0.00942	0.00666	0.00554	0.00540	0.00141	0.06471	0.00337	0.00266	0.00603
46	0.01168	0.01188	0.01591	0.01366	0.01376	0.04407	0.01135	0.01283	0.00822	0.01254	0.00688	0.01132	0.00683	0.00898	0.01664	0.00224	0.77868	0.00451	0.00229	0.00571
47	0.01112	0.00945	0.01097	0.00787	0.01248	0.00727	0.00631	0.04029	0.01129	0.01754	0.00937	0.01086	0.00775	0.00394	0.00391	0.00080	0.00392	0.00314	0.00316	0.81854
48	0.01392	0.82012	0.02729	0.00891	0.01337	0.02061	0.00891	0.01559	0.01058	0.01225	0.00724	0.00835	0.00668	0.00446	0.00334	0.00111	0.00557	0.00278	0.00223	0.00668
49	0.00634	0.00453	0.00604	0.00725	0.00755	0.00423	0.00483	0.00725	0.00997	0.01329	0.02870	0.81358	0.03444	0.01632	0.00665	0.00211	0.00302	0.01480	0.00483	0.00423
50	0.00983	0.00926	0.01562	0.80447	0.03587	0.01157	0.01446	0.01331	0.01041	0.01331	0.00926	0.01388	0.00694	0.00521	0.00521	0.00174	0.00694	0.00463	0.00231	0.00579
51	0.00983	0.00926	0.01562	0.80447	0.03587	0.01157	0.01446	0.01331	0.01041	0.01331	0.00926	0.01388	0.00694	0.00521	0.00521	0.00174	0.00694	0.00463	0.00231	0.00579
52	0.00615	0.00528	0.00528	0.00528	0.00703	0.00440	0.00396	0.00747	0.01187	0.01407	0.05276	0.05012	0.78238	0.01319	0.00615	0.00176	0.00264	0.01099	0.00484	0.00440
53	0.00634	0.00453	0.00604	0.00725	0.00755	0.00423	0.00483	0.00725	0.00997	0.01329	0.02870	0.81358	0.03444	0.01632	0.00665	0.00211	0.00302	0.01480	0.00483	0.00423
54	0.01295	0.01119	0.01178	0.01060	0.01354	0.01295	0.00824	0.02767	0.77509	0.02178	0.02120	0.01943	0.01590	0.00707	0.00530	0.00177	0.00412	0.00589	0.00530	0.00824
55	0.01392	0.82012	0.02729	0.00891	0.01337	0.02061	0.00891	0.01559	0.01058	0.01225	0.00724	0.00835	0.00668	0.00446	0.00334	0.00111	0.00557	0.00278	0.00223	0.00668
56	0.00744	0.00558	0.00837	0.00837	0.00930	0.00651	0.00651	0.00930	0.00837	0.01209	0.01395	0.02046	0.01302	0.03906	0.79635	0.00837	0.01395	0.00558	0.00279	0.00465
57	0.85377	0.01007	0.00765	0.00685	0.01007	0.01168	0.00564	0.01531	0.00886	0.02336	0.00725	0.00846	0.00564	0.00483	0.00322	0.00161	0.00403	0.00282	0.00322	0.00564
58	0.00757	0.00505	0.00568	0.00568	0.00568	0.00505	0.00316	0.00757	0.00757	0.01010	0.01641	0.03408	0.01893	0.81698	0.02651	0.00505	0.00505	0.00757	0.00316	0.00316
59	0.01086	0.06535	0.67052	0.01450	0.02161	0.01262	0.04409	0.01724	0.06449	0.01666	0.01011	0.01156	0.00730	0.00505	0.00493	0.00163	0.00738	0.00402	0.00243	0.00766
60	0.85377	0.01007	0.00765	0.00685	0.01007	0.01168	0.00564	0.01531	0.00886	0.02336	0.00725	0.00846	0.00564	0.00483	0.00322	0.00161	0.00403	0.00282	0.00322	0.00564
61	0.01182	0.01213	0.01560	0.01347	0.01369	0.07021	0.01113	0.01300	0.00846	0.01253	0.00717	0.01157	0.00704	0.00990	0.04352	0.00243	0.72381	0.00451	0.00232	0.00568
62	0.01080	0.00926	0.01080	0.00771	0.01234	0.00694	0.00617	0.01311	0.01080	0.01697	0.00926	0.01080	0.00771	0.00386	0.00386	0.00077	0.00386	0.00309	0.00309	0.84882
63	0.00805	0.00628	0.00948	0.00850	0.00937	0.00610	0.11360	0.00896	0.00891	0.01191	0.01846	0.18569	0.02087	0.50790	0.01884	0.00388	0.00518	0.04055	0.00348	0.00399
64	0.00983	0.00926	0.01562	0.80447	0.03587	0.01157	0.01446	0.01331	0.01041	0.01331	0.00926	0.01388	0.00694	0.00521	0.00521	0.00174	0.00694	0.00463	0.00231	0.00579
65	0.01264	0.01212	0.02069	0.09443	0.72396	0.01231	0.01586	0.01577	0.01174	0.01671	0.00975	0.01297	0.00814	0.00469	0.00516	0.00156	0.00625	0.00464	0.00256	0.00805
66	0.01392	0.82012	0.02729	0.00891	0.01337	0.02061	0.00891	0.01559	0.01058	0.01225	0.00724	0.00835	0.00668	0.00446	0.00334	0.00111	0.00557	0.00278	0.00223	0.00668
67	0.00757	0.00505	0.00568	0.00568	0.00568	0.00505	0.00316	0.00757	0.00757	0.01010	0.01641	0.03408	0.01893	0.81698	0.02651	0.00505	0.00505	0.00757	0.00316	0.00316
68	0.01080	0.00926	0.01080	0.00771	0.01234	0.00694	0.00617	0.01311	0.01080	0.01697	0.00926	0.01080	0.00771	0.00386	0.00386	0.00077	0.00386	0.00309	0.00309	0.84882
69	0.00634	0.00453	0.00604	0.00725	0.00755	0.00423	0.00483	0.00725	0.00997	0.01329	0.02870	0.81358	0.03444	0.01632	0.00665	0.00211	0.00302	0.01480	0.00483	0.00423
70	0.01808	0.01362	0.01460	0.01153	0.01536	0.01514	0.00941	0.60349	0.16149	0.03035	0.04285	0.01476	0.01165	0.00656	0.00526	0.00160	0.00531	0.00508	0.00525	0.00860
71	0.85377	0.01007	0.00765	0.00685	0.01007	0.01168	0.00564	0.01531	0.00886	0.02336	0.00725	0.00846	0.00564	0.00483	0.00322	0.00161	0.00403	0.00282	0.00322	0.00564
72	0.00746	0.00551	0.00803	0.00803	0.00884	0.00633	0.00609	0.00908	0.00827	0.01184	0.01426	0.02217	0.01376	0.13677	0.69964	0.00795	0.01283	0.00583	0.00284	0.00446
73	0.00812	0.00619	0.00766	0.00719	0.00868	0.00616	0.00545	0.01227	0.12508	0.02005	0.57962	0.03545	0.08225	0.01215	0.05856	0.00211	0.00347	0.00873	0.00542	0.00535
74	0.01045	0.02694	0.79000	0.01484	0.02254	0.01209	0.01924	0.01649	0.01099	0.01649	0.00935	0.01099	0.00660	0.00495	0.00495	0.00165	0.00770	0.00385	0.00220	0.00770
75	0.00706	0.00511	0.00666	0.00669	0.00769	0.00471	0.00486	0.00906	0.01338	0.01864	0.55666	0.24190	0.07363	0.01223	0.00627	0.00177	0.00261	0.01089	0.00546	0.00471
76	0.00983	0.00926	0.01562	0.80447	0.03587	0.01157	0.01446	0.01331	0.01041	0.01331	0.00926	0.01388	0.00694	0.00521	0.00521	0.00174	0.00694	0.00463	0.00231	0.00579
77	0.00744	0.00558	0.00837	0.00837	0.00930	0.00651	0.00651	0.00930	0.00837	0.01209	0.01395	0.02046	0.01302	0.03906	0.79635	0.00837	0.01395	0.00558	0.00279	0.00465
78	0.01392	0.82012	0.02729	0.00891	0.01337	0.02061	0.00891	0.01559	0.01058	0.01225	0.00724	0.00835	0.00668	0.00446	0.00334	0.00111	0.00557	0.00278	0.00223	0.00668
79	0.01404	0.76474	0.05015	0.00921	0.01375	0.02017	0.00926	0.04467	0.01113	0.01318	0.00751	0.00859	0.00676	0.00454	0.00346	0.00115	0.00564	0.00289	0.00234	0.00680
80	0.01108	0.04364	0.73982	0.01447	0.02194	0.01209	0.01852	0.01685	0.01115	0.04951	0.00978	0.01123	0.00687	0.00500	0.00492	0.00164	0.00751	0.00388	0.00238	0.00772
81	0.00949	0.00747	0.01119	0.02593	0.22187	0.00732	0.00833	0.01215	0.03394	0.04668	0.33952	0.17477	0.03093	0.01075	0.03438	0.00195	0.00419	0.00865	0.00455	0.00595
82	0.01258	0.01254	0.04212	0.09126	0.70535	0.01230	0.01596	0.01579	0.01172	0.01671	0.00974	0.01291	0.00810	0.00469	0.00515	0.00156	0.00629	0.00462	0.00255	0.00804
83	0.01005	0.00947	0.01601	0.75041	0.08825	0.01163	0.01457	0.01349	0.01051	0.01357	0.00929	0.01381	0.00703	0.00517	0.00520	0.00172	0.00689	0.00463	0.00233	0.00596
84	0.00720	0.00527	0.00656	0.00630	0.00758	0.00480	0.00470	0.00940	0.01392	0.01936	0.59934	0.07010	0.17457	0.01115	0.00608	0.00166	0.00251	0.00974	0.03497	0.00480
85	0.00737	0.00532	0.00696	0.00655	0.00778	0.00491	0.00491	0.00983	0.01474	0.02088	0.78175	0.03890	0.04914	0.01065	0.00614	0.00164	0.00246	0.00942	0.00573	0.00491
86	0.01378	0.00718	0.00987	0.03032	0.01131	0.00676	0.03559	0.03285	0.01345	0.28775	0.22094	0.02517	0.06255	0.01116	0.08841	0.00229	0.00480	0.00663	0.12277	0.00643
87	0.01058	0.05759	0.76052	0.01461	0.02218	0.01242	0.01884	0.01646	0.01098	0.01633	0.00926	0.01089	0.00660	0.00493	0.00489	0.00163	0.00761	0.00381	0.00220	0.00766
88	0.01080	0.00926	0.01080	0.00771	0.01234	0.00694	0.00617	0.01311	0.01080	0.01697	0.00926	0.01080	0.00771	0.00386	0.00386	0.00077	0.00386	0.00309	0.00309	0.84882
89	0.00682	0.00496	0.00644	0.00680	0.00763	0.00457	0.00482	0.00850	0.01237	0.01697	0.39070	0.39729	0.08592	0.01342	0.00638	0.00187	0.00273	0.01200	0.00526	0.00457
90	0.01048	0.02667	0.77421	0.01499	0.02264	0.01212	0.03476	0.01650	0.01102	0.01650	0.00937	0.01106	0.00662	0.00494	0.00497	0.00165	0.00772	0.00390	0.00221	0.00768
91	0.00665	0.00476	0.00642	0.00752	0.00794	0.00458	0.00525	0.00774	0.01000	0.01336	0.02728	0.66820	0.03217	0.03577	0.06241	0.00265	0.00400	0.08437	0.00465	0.00429
92	0.02039	0.01040	0.01261	0.00994	0.01376	0.01028	0.00812	0.19816	0.12673	0.47230	0.01997	0.01796	0.04115	0.00674	0.00527	0.00163	0.00462	0.00542	0.00593	0.00860
93	0.01229	0.01405	0.03073	0.02195	0.02722	0.01317	0.76558	0.01668	0.01229	0.01668	0.01054	0.01405	0.00790	0.00439	0.00615	0.00176	0.00878	0.00615	0.00263	0.00702
94	0.01045	0.02694	0.79000	0.01484	0.02254	0.01209	0.01924	0.01649	0.01099	0.01649	0.00935	0.01099	0.00660	0.00495	0.00495	0.00165	0.00770	0.00385	0.00220	0.00770
95	0.00768	0.00513	0.00608	0.00616	0.00630	0.00518	0.00378	0.00787	0.00790	0.01056	0.01676	0.03429	0.01897	0.68319	0.07219	0.03660	0.00556	0.05925	0.00321	0.00333
96	0.00983	0.00926	0.01562	0.80447	0.03587	0.01157	0.01446	0.01331	0.01041	0.01331	0.00926	0.01388	0.00694	0.00521	0.00521	0.00174	0.00694	0.00463	0.00231	0.00579
97	0.01315	0.01252	0.01967	0.14773	0.58779	0.04182	0.01510	0.06832	0.01263	0.01739	0.00984	0.01288	0.00803	0.00487	0.00515	0.00157	0.00639	0.00459	0.00273	0.00783
98	0.00757	0.00505	0.00568	0.00568	0.00568	0.00505	0.00316	0.00757	0.00757	0.01010	0.01641	0.03408	0.01893	0.81698	0.02651	0.00505	0.00505	0.00757	0.00316	0.00316
99	0.01273	0.51681	0.26494	0.01167	0.01719	0.01744	0.06508	0.01595	0.01083	0.01388	0.00813	0.00957	0.00674	0.00460	0.00404	0.00133	0.00646	0.00335	0.00225	0.00702
100	0.00642	0.00460	0.00620	0.00733	0.00767	0.00438	0.00495	0.00739	0.00986	0.01321	0.02770	0.75969	0.03299	0.01786	0.06031	0.00254	0.00376	0.01418	0.00470	0.00426
101	0.01725	0.01908	0.12980	0.01344	0.03552	0.27042	0.04039	0.27543	0.06696	0.04673	0.02792	0.01252	0.00923	0.00581	0.00506	0.00153	0.00713	0.00438	0.00383	0.00755
102	0.03667	0.01255	0.01381	0.01096	0.01474	0.01363	0.00894	0.45722	0.16861	0.15519	0.04236	0.01556	0.01224	0.00657	0.00522	0.00161	0.00505	0.00514	0.00541	0.00853
103	0.01080	0.00926	0.01080	0.00771	0.01234	0.00694	0.00617	0.01311	0.01080	0.01697	0.00926	0.01080	0.00771	0.00386	0.00386	0.00077	0.00386	0.00309	0.00309	0.84882
104	0.00899	0.00456	0.00684	0.00684	0.00687	0.00459	0.00459	0.00687	0.00684	0.00915	0.00922	0.01599	0.00918	0.01883	0.04754	0.81906	0.00485	0.00456	0.00228	0.00235
105	0.01112	0.02650	0.72033	0.01509	0.03737	0.06696	0.01853	0.01678	0.01128	0.01624	0.00926	0.01092	0.00664	0.00497	0.00493	0.00163	0.00778	0.00383	0.00224	0.00759
106	0.01527	0.01118	0.01960	0.01470	0.01876	0.01076	0.32986	0.07005	0.07920	0.23439	0.06923	0.01764	0.01333	0.00819	0.06105	0.00216	0.00687	0.00596	0.00434	0.00745
107	0.00756	0.00509	0.00587	0.00587	0.00593	0.00515	0.00339	0.00769	0.00763	0.01024	0.01624	0.03313	0.01852	0.76255	0.08038	0.00528	0.00567	0.00743	0.00313	0.00326
108	0.01094	0.00947	0.01152	0.00941	0.06638	0.00732	0.00686	0.01331	0.01087	0.01697	0.00929	0.01094	0.00775	0.00391	0.00395	0.00083	0.00402	0.00319	0.00305	0.79000
109	0.01982	0.01732	0.01442	0.01347	0.08040	0.39118	0.00974	0.07580	0.01512	0.26349	0.02357	0.01306	0.00959	0.00587	0.00524	0.00149	0.02475	0.00428	0.00410	0.00731
110	0.00839	0.00662	0.00870	0.00820	0.00843	0.00788	0.00590	0.00912	0.00791	0.01121	0.01385	0.04065	0.01501	0.42557	0.21324	0.00518	0.19060	0.00653	0.00290	0.00412
111	0.01021	0.00960	0.01565	0.70428	0.03311	0.01213	0.01404	0.02954	0.01046	0.01365	0.00907	0.01359	0.00697	0.00564	0.00645	0.00179	0.09097	0.00462	0.00237	0.00584
112	0.01339	0.09052	0.25933	0.01672	0.13860	0.10355	0.11627	0.04902	0.02723	0.05443	0.01085	0.04076	0.00869	0.00536	0.00502	0.00154	0.00696	0.00464	0.00291	0.04422
113	0.10203	0.01179	0.07480	0.01067	0.03761	0.03901	0.03692	0.08047	0.06938	0.26070	0.05157	0.03057	0.01224	0.00596	0.00485	0.00148	0.00491	0.00484	0.00453	0.15570
114	0.08943	0.03652	0.05722	0.01080	0.07247	0.07690	0.00833	0.06043	0.01212	0.06875	0.04042	0.02678	0.01023	0.00748	0.05979	0.00171	0.00559	0.00410	0.00341	0.34753
115	0.04270	0.04302	0.30215	0.04291	0.01786	0.11048	0.02376	0.03001	0.01235	0.15592	0.02571	0.01252	0.00878	0.00520	0.00473	0.00144	0.00635	0.00403	0.00334	0.14674
116	0.04567	0.01024	0.01246	0.01158	0.08323	0.03901	0.03699	0.11837	0.11509	0.18903	0.04850	0.08014	0.04173	0.00709	0.00512	0.00156	0.00462	0.00598	0.06361	0.07998
117	0.04589	0.01061	0.09973	0.00925	0.01286	0.00824	0.02027	0.07193	0.05348	0.13009	0.03408	0.19465	0.03249	0.00792	0.00510	0.00150	0.00438	0.00675	0.00424	0.24654
118	0.01191	0.05755	0.24494	0.08809	0.25479	0.01131	0.03546	0.01576	0.02315	0.06855	0.03005	0.05801	0.02893	0.00587	0.00511	0.00159	0.00614	0.00516	0.00300	0.04462
119	0.03029	0.05709	0.20232	0.01065	0.05476	0.00908	0.00970	0.04236	0.04930	0.03138	0.07053	0.15401	0.12658	0.00841	0.00525	0.00159	0.00471	0.00710	0.00377	0.12110
120	0.01214	0.04406	0.27184	0.01130	0.02876	0.02830	0.03928	0.01623	0.04433	0.12759	0.18336	0.03168	0.01802	0.00653	0.00514	0.00152	0.00533	0.00550	0.00391	0.11520
121	0.05882	0.08870	0.09495	0.01149	0.06158	0.01032	0.06183	0.03963	0.07138	0.15025	0.01554	0.09081	0.04051	0.00647	0.00487	0.00147	0.00497	0.00548	0.00390	0.17702

[dist]
# distance from previous block
# <min> <max>
2	13

# created by:
# /home/cegg/simao/soft/augustus-3.2.1/scripts/msa2prfl.pl ./align_prep/EOG091G0AFP.fa
