[name]
unknown

[dist]
# distance from previous block
# <min> <max>
1	61

[block]
# block no. 0 follows, 48 sequences, length 60
# corresponding to MSA columns:
# 75-87,89-119,149-164
name=unknown_A
#
# <colnr> <probs for GDERKNQSTAVLIFYWHMCP>
#	G	D	E	R	K	N	Q	S	T	A	V	L	I	F	Y	W	H	M	C	P
0	0.07926	0.01006	0.12913	0.02818	0.02633	0.00799	0.00801	0.07309	0.04444	0.04085	0.11535	0.17495	0.10425	0.05908	0.03736	0.00218	0.00467	0.02407	0.02509	0.00567
1	0.07961	0.01066	0.01572	0.30191	0.05331	0.03383	0.09868	0.06002	0.03431	0.05944	0.06029	0.01458	0.01030	0.00599	0.00664	0.00170	0.11280	0.00488	0.00313	0.03220
2	0.00857	0.00657	0.00725	0.00775	0.04075	0.05261	0.00516	0.00967	0.02878	0.03277	0.08029	0.19557	0.21824	0.11382	0.01033	0.11970	0.00384	0.00893	0.04504	0.00437
3	0.01013	0.00593	0.00780	0.00785	0.03212	0.00541	0.00554	0.01189	0.02104	0.16829	0.23860	0.29671	0.10962	0.04629	0.00687	0.00192	0.00325	0.01016	0.00519	0.00539
4	0.07101	0.00639	0.00850	0.03921	0.03004	0.00633	0.04074	0.01112	0.04269	0.07083	0.05450	0.39737	0.07399	0.07113	0.00727	0.00208	0.00376	0.01015	0.04786	0.00504
5	0.08790	0.00933	0.01043	0.07239	0.03140	0.05064	0.00721	0.10394	0.03709	0.16772	0.01722	0.10612	0.05311	0.09733	0.00728	0.00192	0.00466	0.00611	0.04000	0.08821
6	0.05197	0.00661	0.00848	0.03289	0.03797	0.00650	0.02898	0.05531	0.02300	0.02932	0.16522	0.24647	0.19093	0.03542	0.00656	0.00191	0.00362	0.05912	0.00462	0.00508
7	0.03392	0.00754	0.00907	0.00805	0.01036	0.00730	0.00633	0.13247	0.01417	0.21852	0.09413	0.18597	0.12658	0.01003	0.00562	0.00173	0.00376	0.05892	0.05927	0.00626
8	0.01183	0.00986	0.01249	0.08910	0.07843	0.04333	0.04141	0.16898	0.05945	0.02783	0.01913	0.07447	0.08385	0.07973	0.03845	0.00232	0.02939	0.11983	0.00398	0.00614
9	0.04256	0.01018	0.01556	0.14075	0.24570	0.01106	0.05688	0.12639	0.01198	0.01682	0.01055	0.05451	0.00928	0.00820	0.00869	0.15685	0.05977	0.00509	0.00295	0.00622
10	0.01026	0.00705	0.00786	0.00720	0.00882	0.00719	0.00538	0.18090	0.01384	0.01949	0.13049	0.15441	0.10836	0.11667	0.00807	0.00205	0.00362	0.01855	0.18447	0.00531
11	0.08291	0.00497	0.00676	0.00677	0.00709	0.00512	0.00463	0.00752	0.00710	0.01049	0.01006	0.06300	0.01024	0.01721	0.04166	0.69973	0.00461	0.00495	0.00248	0.00271
12	0.10577	0.00842	0.01128	0.07511	0.08011	0.00829	0.00821	0.03924	0.01268	0.34716	0.04629	0.07283	0.04469	0.00944	0.05274	0.00208	0.00507	0.05886	0.00480	0.00695
13	0.04005	0.00659	0.00835	0.00868	0.04892	0.00662	0.00603	0.06565	0.03324	0.06998	0.12324	0.26085	0.09280	0.05320	0.10688	0.02598	0.00486	0.00900	0.02383	0.00525
14	0.01399	0.00857	0.00939	0.00792	0.01032	0.00899	0.00625	0.26629	0.03875	0.09922	0.04397	0.05218	0.01411	0.04116	0.00548	0.00158	0.00386	0.00549	0.35599	0.00649
15	0.26842	0.00988	0.01098	0.16579	0.01622	0.01118	0.00829	0.12747	0.13651	0.06732	0.06096	0.04471	0.03903	0.00653	0.00469	0.00165	0.00464	0.00513	0.00407	0.00652
16	0.01600	0.00772	0.00976	0.00804	0.01107	0.00687	0.00641	0.03480	0.05252	0.42579	0.09331	0.07516	0.16988	0.00853	0.00544	0.00161	0.00374	0.00714	0.00562	0.05056
17	0.01541	0.01019	0.03835	0.00956	0.01264	0.01012	0.00793	0.22608	0.13669	0.19960	0.09419	0.04264	0.01661	0.00937	0.05761	0.00205	0.00503	0.02885	0.06969	0.00737
18	0.06222	0.00534	0.00652	0.00687	0.00782	0.00507	0.00480	0.00935	0.01068	0.07094	0.13379	0.46235	0.08828	0.09176	0.00803	0.00220	0.00323	0.01142	0.00474	0.00459
19	0.00725	0.00476	0.00615	0.00690	0.00745	0.00445	0.00466	0.00824	0.01011	0.04675	0.06034	0.62065	0.05466	0.08962	0.00816	0.00227	0.00316	0.01279	0.03730	0.00432
20	0.03509	0.00743	0.00878	0.00767	0.01001	0.00702	0.00589	0.09853	0.03709	0.16778	0.14003	0.16898	0.13924	0.04006	0.00626	0.00175	0.00360	0.00814	0.02593	0.08075
21	0.00902	0.00509	0.00593	0.00601	0.00708	0.00482	0.00427	0.01060	0.01074	0.07641	0.07242	0.24510	0.08506	0.10396	0.00750	0.00198	0.00303	0.00862	0.32766	0.00469
22	0.00719	0.00522	0.00594	0.00609	0.00680	0.00506	0.00401	0.00850	0.04230	0.01261	0.04825	0.17387	0.20974	0.36499	0.04836	0.00346	0.00422	0.00936	0.03005	0.00397
23	0.00694	0.00516	0.00643	0.00689	0.00777	0.00487	0.00492	0.00889	0.04381	0.01539	0.21891	0.39160	0.14406	0.05633	0.00737	0.00207	0.00304	0.05615	0.00491	0.00450
24	0.00846	0.00640	0.00727	0.00718	0.00859	0.00640	0.00518	0.02053	0.17051	0.03863	0.11530	0.24055	0.21580	0.11516	0.00854	0.00222	0.00337	0.00994	0.00480	0.00515
25	0.00749	0.00546	0.00745	0.00739	0.00793	0.00613	0.00529	0.00861	0.00794	0.01118	0.01447	0.02502	0.01488	0.33559	0.48198	0.00683	0.03325	0.00622	0.00287	0.00405
26	0.00869	0.00632	0.00842	0.00799	0.00846	0.01904	0.00594	0.00853	0.00818	0.01106	0.02722	0.02190	0.12612	0.06661	0.14714	0.35400	0.15208	0.00582	0.00280	0.00370
27	0.00764	0.00508	0.00642	0.00671	0.00742	0.00488	0.00465	0.00876	0.01018	0.04579	0.12687	0.30557	0.08376	0.22238	0.07115	0.00317	0.00432	0.04294	0.02804	0.00426
28	0.00756	0.00627	0.03116	0.00810	0.00926	0.00655	0.00639	0.00985	0.04152	0.01243	0.01676	0.04245	0.05999	0.09840	0.61097	0.00696	0.01149	0.00617	0.00304	0.00468
29	0.76283	0.01042	0.00842	0.00731	0.01059	0.01200	0.00602	0.09916	0.01045	0.02406	0.00772	0.00878	0.00591	0.00492	0.00339	0.00158	0.00416	0.00298	0.00339	0.00591
30	0.65605	0.03447	0.00937	0.00762	0.01087	0.01227	0.00627	0.14327	0.01135	0.02378	0.00837	0.00998	0.00663	0.03647	0.00440	0.00170	0.00434	0.00327	0.00348	0.00603
31	0.00692	0.00506	0.00617	0.00632	0.00715	0.00484	0.00441	0.00795	0.01013	0.01333	0.13711	0.15856	0.23371	0.20520	0.12081	0.03983	0.00483	0.01951	0.00412	0.00404
32	0.00807	0.00577	0.00690	0.00707	0.00814	0.00558	0.00504	0.04885	0.04798	0.03739	0.10859	0.34955	0.16357	0.12804	0.00904	0.00234	0.00345	0.04522	0.00471	0.00470
33	0.01624	0.00819	0.01028	0.00869	0.01150	0.00778	0.00680	0.07301	0.10463	0.39031	0.04835	0.17675	0.04112	0.04305	0.00635	0.00183	0.00404	0.00741	0.00553	0.02816
34	0.00727	0.00512	0.00617	0.00651	0.00697	0.00494	0.00420	0.03012	0.00964	0.01289	0.07074	0.37051	0.05913	0.35386	0.01467	0.00322	0.00386	0.01064	0.00411	0.01544
35	0.08374	0.00612	0.00733	0.00715	0.00864	0.00590	0.00523	0.01207	0.04098	0.13887	0.15675	0.31381	0.07827	0.07569	0.00736	0.00206	0.00337	0.01713	0.02429	0.00523
36	0.00724	0.00497	0.00640	0.00717	0.00783	0.00468	0.00495	0.00869	0.03307	0.04377	0.06757	0.62063	0.07750	0.04936	0.00726	0.00214	0.00315	0.03434	0.00481	0.00448
37	0.00645	0.00483	0.00574	0.00636	0.00710	0.00441	0.00435	0.00739	0.01013	0.01293	0.03396	0.42225	0.27262	0.13991	0.00945	0.00243	0.00323	0.03790	0.00451	0.00408
38	0.03409	0.00532	0.00606	0.00618	0.00700	0.00530	0.00419	0.01034	0.03943	0.04289	0.06164	0.23281	0.02208	0.26112	0.01159	0.00267	0.00353	0.00842	0.23094	0.00440
39	0.04142	0.00645	0.00752	0.00694	0.00842	0.00632	0.00498	0.05741	0.03492	0.14075	0.09082	0.15099	0.07143	0.25205	0.01156	0.00265	0.00389	0.00794	0.08836	0.00516
40	0.09256	0.00976	0.01114	0.00894	0.01234	0.00982	0.00728	0.22237	0.05547	0.32335	0.04393	0.02009	0.11009	0.00714	0.00505	0.00158	0.00429	0.00566	0.04155	0.00757
41	0.02949	0.00710	0.00829	0.00765	0.00979	0.00687	0.00595	0.05296	0.11015	0.15721	0.10630	0.15109	0.25424	0.01079	0.00582	0.00178	0.00348	0.05996	0.00518	0.00591
42	0.01427	0.00899	0.01049	0.00911	0.01161	0.00933	0.00708	0.18205	0.16338	0.18560	0.04696	0.14614	0.03398	0.09907	0.00786	0.00210	0.00435	0.04565	0.00512	0.00685
43	0.61336	0.00965	0.00871	0.04850	0.01168	0.01090	0.00635	0.04819	0.03673	0.09327	0.01020	0.03997	0.00820	0.03046	0.00444	0.00172	0.00422	0.00384	0.00363	0.00596
44	0.03346	0.00557	0.00617	0.00619	0.00769	0.00506	0.00455	0.00932	0.03399	0.05454	0.09703	0.18264	0.43716	0.06532	0.00733	0.00200	0.00304	0.02954	0.00477	0.00465
45	0.00664	0.00469	0.00596	0.00666	0.00703	0.00444	0.00437	0.00753	0.00990	0.01329	0.11645	0.52382	0.05275	0.19876	0.01094	0.00268	0.00336	0.01222	0.00449	0.00401
46	0.00734	0.00547	0.00813	0.00813	0.00901	0.00635	0.00627	0.00909	0.00821	0.01183	0.01385	0.02074	0.01308	0.07240	0.76577	0.00810	0.01336	0.00558	0.00276	0.00452
47	0.01290	0.01327	0.01777	0.04195	0.16869	0.13378	0.13393	0.06048	0.04119	0.01543	0.00993	0.01321	0.00840	0.01016	0.10845	0.00256	0.19386	0.00477	0.00277	0.00653
48	0.03771	0.00681	0.00848	0.03540	0.01029	0.00657	0.00590	0.01459	0.06616	0.23860	0.06482	0.13089	0.11958	0.16999	0.03307	0.00258	0.00431	0.03371	0.00478	0.00574
49	0.08079	0.01531	0.16259	0.01830	0.02354	0.01225	0.53385	0.01606	0.01154	0.01708	0.01023	0.01313	0.00765	0.00454	0.00548	0.00167	0.00776	0.00532	0.04609	0.00682
50	0.01372	0.82276	0.02689	0.00878	0.01317	0.02030	0.00878	0.01536	0.01043	0.01207	0.00713	0.00823	0.00658	0.00439	0.00329	0.00110	0.00549	0.00274	0.00219	0.00658
51	0.04745	0.01048	0.01234	0.01063	0.01276	0.12258	0.11378	0.06774	0.05225	0.02453	0.18278	0.12300	0.02227	0.06063	0.02727	0.02159	0.02612	0.05217	0.00406	0.00556
52	0.00641	0.00453	0.00591	0.00694	0.00720	0.00427	0.00455	0.00719	0.00952	0.01269	0.02671	0.71502	0.03196	0.12008	0.00908	0.00246	0.00324	0.01366	0.00455	0.00403
53	0.00630	0.00450	0.00600	0.00711	0.00745	0.00420	0.00477	0.00727	0.01005	0.01346	0.06499	0.77858	0.03464	0.01580	0.00653	0.00206	0.00295	0.01433	0.00481	0.00420
54	0.00736	0.00540	0.00774	0.00774	0.00848	0.00614	0.00578	0.00884	0.00810	0.01154	0.01421	0.02272	0.01394	0.18750	0.65185	0.00762	0.01207	0.00587	0.00282	0.00430
55	0.00940	0.00843	0.01165	0.06079	0.01222	0.03021	0.04003	0.01064	0.00833	0.01178	0.01140	0.01996	0.01163	0.25130	0.19405	0.00431	0.29087	0.00562	0.00264	0.00472
56	0.01064	0.00912	0.01064	0.00760	0.01216	0.00684	0.00608	0.01292	0.01064	0.01672	0.00912	0.01064	0.00760	0.00380	0.00380	0.00076	0.00380	0.00304	0.00304	0.85104
57	0.01321	0.41965	0.29282	0.02527	0.01709	0.12519	0.01259	0.01635	0.01114	0.01362	0.00800	0.00938	0.00656	0.00470	0.00406	0.00132	0.00677	0.00322	0.00225	0.00683
58	0.01012	0.06462	0.01827	0.01356	0.01661	0.03696	0.32936	0.02861	0.01195	0.01563	0.08482	0.21073	0.08877	0.00889	0.00596	0.00177	0.00581	0.03813	0.00368	0.00575
59	0.06120	0.00917	0.01045	0.00755	0.01203	0.00712	0.00605	0.01305	0.01053	0.01710	0.00900	0.01050	0.00748	0.00386	0.00376	0.00081	0.00381	0.00302	0.00305	0.80047

[dist]
# distance from previous block
# <min> <max>
0	1

[block]
# block no. 1 follows, 48 sequences, length 9
# corresponding to MSA columns:
# 168-176
name=unknown_B
#
# <colnr> <probs for GDERKNQSTAVLIFYWHMCP>
#	G	D	E	R	K	N	Q	S	T	A	V	L	I	F	Y	W	H	M	C	P
0	0.01344	0.05119	0.04083	0.01161	0.01410	0.15317	0.04867	0.17202	0.06115	0.01796	0.01507	0.11343	0.01449	0.00968	0.03562	0.00202	0.09960	0.11584	0.00379	0.00632
1	0.01853	0.01400	0.01544	0.01200	0.01563	0.01589	0.00993	0.68140	0.02221	0.02999	0.01166	0.01219	0.00849	0.00649	0.00651	0.00162	0.10026	0.00460	0.00479	0.00836
2	0.01008	0.00936	0.01491	0.70743	0.03258	0.01157	0.01348	0.01488	0.10657	0.01416	0.01059	0.01436	0.00795	0.00536	0.00514	0.00171	0.00649	0.00472	0.00265	0.00600
3	0.00895	0.00642	0.00771	0.00753	0.00903	0.00634	0.00563	0.05822	0.10297	0.05406	0.24312	0.28196	0.13731	0.01186	0.00605	0.00182	0.00319	0.03732	0.00516	0.00536
4	0.00788	0.00554	0.00713	0.00697	0.00750	0.00612	0.00493	0.00901	0.00850	0.01239	0.05230	0.02596	0.01665	0.35640	0.29729	0.00536	0.05724	0.00635	0.10242	0.00407
5	0.00714	0.00524	0.00669	0.00633	0.00759	0.00479	0.00475	0.00945	0.01424	0.01990	0.71168	0.03943	0.12211	0.01074	0.00605	0.00163	0.00244	0.00943	0.00556	0.00479
6	0.01108	0.10387	0.04865	0.03293	0.01530	0.00975	0.12462	0.04081	0.01125	0.01624	0.01104	0.08810	0.01000	0.00529	0.00448	0.00117	0.00498	0.00471	0.00306	0.45266
7	0.01130	0.00964	0.04933	0.00995	0.01251	0.03563	0.07081	0.15824	0.01463	0.05635	0.18113	0.14871	0.08262	0.00989	0.00590	0.00176	0.00458	0.10919	0.00467	0.02316
8	0.01219	0.00907	0.01080	0.00779	0.01228	0.00693	0.00626	0.01444	0.01115	0.11382	0.01051	0.01150	0.00824	0.00412	0.00397	0.00086	0.00387	0.00331	0.00346	0.74543

[dist]
# distance from previous block
# <min> <max>
5	7

[block]
# block no. 2 follows, 48 sequences, length 23
# corresponding to MSA columns:
# 185-194,200-212
name=unknown_C
#
# <colnr> <probs for GDERKNQSTAVLIFYWHMCP>
#	G	D	E	R	K	N	Q	S	T	A	V	L	I	F	Y	W	H	M	C	P
0	0.01047	0.06489	0.66095	0.01458	0.02159	0.01215	0.08171	0.01590	0.01095	0.01597	0.01075	0.01235	0.03485	0.00510	0.00494	0.00161	0.00739	0.00419	0.00230	0.00736
1	0.01793	0.05955	0.01490	0.01218	0.01533	0.43067	0.00952	0.21337	0.14211	0.01906	0.01114	0.01161	0.00864	0.00574	0.00479	0.00144	0.00729	0.00402	0.00368	0.00705
2	0.00700	0.00558	0.00687	0.00673	0.00785	0.00544	0.00503	0.00867	0.01220	0.01632	0.34027	0.17623	0.29200	0.01219	0.00703	0.00179	0.06892	0.01034	0.00491	0.00461
3	0.00972	0.00823	0.01051	0.00990	0.03462	0.04303	0.04522	0.05254	0.04802	0.01345	0.01448	0.05683	0.01477	0.29844	0.18881	0.00436	0.10850	0.03051	0.00319	0.00488
4	0.00757	0.00598	0.00648	0.00639	0.00810	0.00557	0.00477	0.01069	0.11533	0.03774	0.09222	0.15765	0.49822	0.01228	0.00600	0.00177	0.00289	0.01044	0.00493	0.00498
5	0.01088	0.01030	0.01719	0.35381	0.32445	0.01137	0.03558	0.01395	0.01105	0.01524	0.06359	0.01479	0.01030	0.00543	0.00580	0.00163	0.05029	0.00488	0.00265	0.03682
6	0.04082	0.01148	0.01222	0.01050	0.01371	0.01298	0.00831	0.16854	0.55994	0.07473	0.01878	0.01740	0.01383	0.00670	0.00514	0.00169	0.00438	0.00544	0.00522	0.00820
7	0.06620	0.01032	0.01517	0.13919	0.22728	0.01049	0.04592	0.10138	0.01303	0.15033	0.01384	0.06501	0.02591	0.00614	0.00508	0.00157	0.00538	0.01922	0.00375	0.07478
8	0.01372	0.82276	0.02689	0.00878	0.01317	0.02030	0.00878	0.01536	0.01043	0.01207	0.00713	0.00823	0.00658	0.00439	0.00329	0.00110	0.00549	0.00274	0.00219	0.00658
9	0.62072	0.05868	0.01035	0.00912	0.06096	0.06046	0.00685	0.04475	0.01005	0.03948	0.00792	0.00927	0.00625	0.00528	0.00406	0.02903	0.00461	0.00311	0.00316	0.00590
10	0.00809	0.00628	0.00754	0.00714	0.00869	0.00626	0.00542	0.01248	0.15225	0.01923	0.48609	0.06001	0.14040	0.01131	0.03083	0.00189	0.00316	0.02230	0.00532	0.00534
11	0.01068	0.00957	0.03689	0.20846	0.14867	0.01006	0.01080	0.07093	0.11962	0.01693	0.01682	0.14041	0.01602	0.00842	0.00575	0.00181	0.01669	0.11750	0.02764	0.00633
12	0.00623	0.00477	0.00572	0.00640	0.00726	0.00426	0.00445	0.00733	0.01070	0.01369	0.06867	0.50358	0.30907	0.01472	0.00635	0.00194	0.00282	0.01299	0.00480	0.00426
13	0.01490	0.01656	0.01524	0.01325	0.01457	0.31762	0.01061	0.07183	0.01164	0.01391	0.00761	0.01055	0.00683	0.00735	0.01126	0.00184	0.44179	0.00404	0.00261	0.00597
14	0.05515	0.00673	0.00875	0.00831	0.01031	0.00633	0.00658	0.03042	0.01238	0.27615	0.06195	0.27351	0.02426	0.01116	0.00592	0.00190	0.00389	0.16946	0.02081	0.00603
15	0.00703	0.00514	0.00601	0.00594	0.00673	0.00493	0.00400	0.00803	0.00999	0.01317	0.16582	0.03727	0.23194	0.36719	0.10176	0.00384	0.00482	0.00849	0.00398	0.00392
16	0.00712	0.00475	0.00615	0.00675	0.00699	0.00466	0.00444	0.00746	0.00870	0.01162	0.02123	0.38851	0.02469	0.27770	0.05137	0.10812	0.00439	0.04789	0.00382	0.00363
17	0.00631	0.00503	0.00565	0.00587	0.00717	0.00438	0.00426	0.00769	0.01172	0.01478	0.16659	0.22952	0.48634	0.01331	0.00618	0.00180	0.00266	0.01147	0.00491	0.00438
18	0.01135	0.01034	0.01593	0.35437	0.23008	0.01156	0.01277	0.06482	0.03936	0.01612	0.02647	0.02897	0.00909	0.00558	0.00586	0.00160	0.06245	0.00476	0.00283	0.08567
19	0.01075	0.01132	0.02270	0.05395	0.02150	0.01156	0.47118	0.01407	0.01064	0.01473	0.01081	0.01533	0.00896	0.02645	0.18663	0.00331	0.09168	0.00572	0.00259	0.00614
20	0.01216	0.06888	0.01203	0.00866	0.01241	0.00960	0.00695	0.05986	0.19802	0.05683	0.01406	0.07562	0.01185	0.00583	0.00447	0.00121	0.00406	0.00478	0.00393	0.42880
21	0.33526	0.05397	0.12032	0.01149	0.07168	0.04035	0.02918	0.07644	0.05268	0.05818	0.00964	0.01081	0.00736	0.00519	0.00472	0.00154	0.04257	0.00368	0.00328	0.06168
22	0.04140	0.33081	0.14287	0.00968	0.01400	0.03856	0.00955	0.06982	0.01169	0.03279	0.03745	0.01326	0.00970	0.04586	0.00539	0.00146	0.01778	0.02316	0.00292	0.14189

[dist]
# distance from previous block
# <min> <max>
0	36

[block]
# block no. 3 follows, 48 sequences, length 92
# corresponding to MSA columns:
# 249-340
name=unknown_D
#
# <colnr> <probs for GDERKNQSTAVLIFYWHMCP>
#	G	D	E	R	K	N	Q	S	T	A	V	L	I	F	Y	W	H	M	C	P
0	0.05447	0.01120	0.02882	0.05277	0.12040	0.05632	0.08103	0.07320	0.01233	0.08112	0.01432	0.06158	0.01287	0.06517	0.16791	0.00342	0.04703	0.02756	0.00375	0.02475
1	0.01814	0.01021	0.01240	0.01045	0.03691	0.00978	0.00802	0.21261	0.01728	0.32048	0.18337	0.02176	0.02005	0.00776	0.00571	0.00174	0.00462	0.00614	0.04343	0.04913
2	0.01217	0.00991	0.01161	0.00870	0.01300	0.00787	0.00684	0.01403	0.01136	0.04405	0.01073	0.01280	0.00901	0.00586	0.02729	0.00128	0.03319	0.00364	0.00352	0.75315
3	0.01390	0.01181	0.01240	0.01121	0.01417	0.01335	0.00860	0.02782	0.76491	0.02244	0.02185	0.02062	0.01663	0.00771	0.00572	0.00195	0.00447	0.00616	0.00558	0.00869
4	0.00772	0.00602	0.00665	0.00672	0.00815	0.00523	0.00486	0.00882	0.01253	0.01606	0.19070	0.15410	0.46591	0.04943	0.00753	0.00213	0.00323	0.03396	0.00523	0.00500
5	0.00660	0.00494	0.00614	0.00656	0.00751	0.00448	0.00471	0.00812	0.01181	0.01570	0.27020	0.36414	0.21555	0.01353	0.00630	0.00186	0.00278	0.03959	0.00504	0.00444
6	0.00731	0.00524	0.00698	0.00701	0.00756	0.00568	0.00491	0.00834	0.00809	0.01120	0.01652	0.04971	0.04332	0.35947	0.42901	0.00649	0.00942	0.00676	0.00303	0.00395
7	0.00699	0.00481	0.00571	0.00612	0.00629	0.00467	0.00371	0.00735	0.00844	0.01119	0.02171	0.30592	0.05257	0.51059	0.01857	0.00385	0.00419	0.01006	0.00375	0.00352
8	0.01123	0.01123	0.01572	0.01347	0.01347	0.01572	0.01123	0.01235	0.00786	0.01235	0.00674	0.01123	0.00674	0.00898	0.01684	0.00225	0.81028	0.00449	0.00225	0.00561
9	0.85592	0.00992	0.00754	0.00675	0.00992	0.01151	0.00556	0.01508	0.00873	0.02302	0.00714	0.00834	0.00556	0.00476	0.00318	0.00159	0.00397	0.00278	0.00318	0.00556
10	0.01917	0.02445	0.01454	0.01322	0.01586	0.79907	0.00991	0.02049	0.01454	0.01256	0.00793	0.00925	0.00661	0.00529	0.00463	0.00132	0.00925	0.00330	0.00264	0.00595
11	0.02302	0.00873	0.01191	0.00913	0.01310	0.00754	0.00754	0.02501	0.01469	0.79122	0.02024	0.01746	0.01270	0.00635	0.00516	0.00159	0.00437	0.00516	0.00635	0.00873
12	0.85592	0.00992	0.00754	0.00675	0.00992	0.01151	0.00556	0.01508	0.00873	0.02302	0.00714	0.00834	0.00556	0.00476	0.00318	0.00159	0.00397	0.00278	0.00318	0.00556
13	0.01917	0.02445	0.01454	0.01322	0.01586	0.79907	0.00991	0.02049	0.01454	0.01256	0.00793	0.00925	0.00661	0.00529	0.00463	0.00132	0.00925	0.00330	0.00264	0.00595
14	0.00685	0.00539	0.00631	0.00664	0.00811	0.00485	0.00531	0.00858	0.01200	0.01504	0.12764	0.07274	0.45879	0.01314	0.00638	0.00191	0.00321	0.22777	0.00485	0.00450
15	0.85592	0.00992	0.00754	0.00675	0.00992	0.01151	0.00556	0.01508	0.00873	0.02302	0.00714	0.00834	0.00556	0.00476	0.00318	0.00159	0.00397	0.00278	0.00318	0.00556
16	0.03751	0.01204	0.01584	0.01350	0.01391	0.06160	0.03426	0.01304	0.00841	0.01281	0.00693	0.01110	0.00672	0.00849	0.01537	0.00215	0.71390	0.00442	0.00231	0.00567
17	0.00969	0.00912	0.01539	0.80734	0.03534	0.01140	0.01425	0.01311	0.01026	0.01311	0.00912	0.01368	0.00684	0.00513	0.00513	0.00171	0.00684	0.00456	0.00228	0.00570
18	0.00651	0.00469	0.00624	0.00720	0.00771	0.00442	0.00502	0.00769	0.01043	0.01399	0.10489	0.64250	0.05658	0.01597	0.03030	0.00223	0.00335	0.06121	0.00479	0.00429
19	0.01092	0.01063	0.03269	0.01271	0.04484	0.00916	0.21517	0.03673	0.01129	0.01650	0.01174	0.04101	0.03261	0.00690	0.05048	0.00164	0.02925	0.00480	0.00302	0.41790
20	0.01848	0.02331	0.01424	0.01294	0.01540	0.74446	0.00970	0.01974	0.01406	0.01245	0.00820	0.01022	0.00706	0.03578	0.00582	0.00149	0.03465	0.00350	0.00265	0.00583
21	0.01634	0.00719	0.00947	0.00783	0.01062	0.00636	0.00629	0.01846	0.01406	0.45514	0.22657	0.02579	0.05971	0.00795	0.00535	0.00159	0.00359	0.02603	0.08466	0.00701
22	0.03532	0.00768	0.01096	0.05491	0.06509	0.00809	0.05155	0.08062	0.02896	0.04553	0.08157	0.29528	0.02118	0.02861	0.06313	0.05700	0.04646	0.00864	0.00401	0.00542
23	0.43140	0.03398	0.06273	0.00799	0.01063	0.00975	0.00681	0.03903	0.01003	0.04660	0.01432	0.23313	0.01456	0.00837	0.00486	0.00175	0.02684	0.02795	0.00371	0.00554
24	0.00715	0.00514	0.00667	0.00757	0.00828	0.00494	0.00571	0.00848	0.01038	0.01353	0.02833	0.35109	0.10141	0.13401	0.00959	0.00258	0.00387	0.28253	0.00450	0.00423
25	0.00736	0.00566	0.00842	0.00838	0.00918	0.00621	0.03298	0.00886	0.00877	0.01227	0.01762	0.22832	0.01873	0.09986	0.46024	0.00585	0.03373	0.01979	0.00331	0.00446
26	0.01100	0.01094	0.01420	0.03675	0.06111	0.09654	0.08465	0.01388	0.06085	0.01594	0.22360	0.04233	0.01987	0.00885	0.02626	0.00195	0.25567	0.00624	0.00355	0.00582
27	0.01432	0.01496	0.01318	0.01212	0.03722	0.29031	0.00917	0.09375	0.10657	0.01575	0.03325	0.01430	0.01040	0.03017	0.11767	0.02348	0.14944	0.00459	0.00324	0.00613
28	0.00768	0.00516	0.00633	0.00694	0.00774	0.00497	0.00484	0.03097	0.03524	0.03019	0.04978	0.56507	0.07344	0.01345	0.00595	0.00188	0.00299	0.01199	0.13074	0.00464
29	0.23471	0.02753	0.01752	0.07174	0.24342	0.02986	0.13075	0.02986	0.01056	0.01754	0.00858	0.01140	0.00704	0.00536	0.00654	0.00169	0.13232	0.00426	0.00270	0.00664
30	0.01111	0.00565	0.00673	0.00611	0.00778	0.00529	0.00467	0.01332	0.01252	0.15780	0.25043	0.02605	0.04764	0.03552	0.00546	0.00154	0.00285	0.00649	0.38761	0.00544
31	0.01900	0.02417	0.01457	0.01322	0.01581	0.78242	0.00994	0.02032	0.01440	0.01255	0.00791	0.00930	0.00661	0.00537	0.00489	0.00134	0.02628	0.00333	0.00264	0.00594
32	0.00662	0.00505	0.00608	0.00617	0.00736	0.00451	0.00450	0.00830	0.01247	0.01654	0.35819	0.21851	0.30187	0.01263	0.00617	0.00176	0.00261	0.01102	0.00514	0.00451
33	0.00651	0.00469	0.00619	0.00705	0.00759	0.00437	0.00488	0.00776	0.01084	0.01463	0.17290	0.61885	0.05722	0.01486	0.00646	0.00200	0.00293	0.04102	0.00493	0.00432
34	0.00700	0.00500	0.00681	0.00800	0.00862	0.00481	0.00606	0.00843	0.01056	0.01393	0.02787	0.53630	0.03231	0.01537	0.00675	0.00219	0.00362	0.28727	0.00475	0.00437
35	0.00696	0.00509	0.00658	0.00667	0.00768	0.00465	0.00481	0.00881	0.01269	0.01762	0.47260	0.30360	0.07467	0.01232	0.00616	0.00176	0.00266	0.01098	0.00523	0.02847
36	0.01151	0.31021	0.52012	0.01254	0.01899	0.01490	0.01533	0.01593	0.01069	0.01476	0.00847	0.00991	0.00653	0.00470	0.00431	0.00144	0.00684	0.00342	0.00218	0.00723
37	0.00733	0.00550	0.00825	0.00825	0.00916	0.00641	0.00641	0.00916	0.00825	0.01191	0.01374	0.02016	0.01283	0.03848	0.79934	0.00825	0.01374	0.00550	0.00275	0.00458
38	0.00969	0.00912	0.01539	0.80734	0.03534	0.01140	0.01425	0.01311	0.01026	0.01311	0.00912	0.01368	0.00684	0.00513	0.00513	0.00171	0.00684	0.00456	0.00228	0.00570
39	0.85592	0.00992	0.00754	0.00675	0.00992	0.01151	0.00556	0.01508	0.00873	0.02302	0.00714	0.00834	0.00556	0.00476	0.00318	0.00159	0.00397	0.00278	0.00318	0.00556
40	0.00734	0.00546	0.00804	0.00804	0.00888	0.00630	0.00615	0.00903	0.00818	0.01175	0.01394	0.02123	0.01329	0.10076	0.73769	0.00799	0.01304	0.00565	0.00278	0.00446
41	0.85592	0.00992	0.00754	0.00675	0.00992	0.01151	0.00556	0.01508	0.00873	0.02302	0.00714	0.00834	0.00556	0.00476	0.00318	0.00159	0.00397	0.00278	0.00318	0.00556
42	0.00937	0.00818	0.01297	0.10163	0.29706	0.00853	0.01018	0.01129	0.01040	0.01432	0.01764	0.34020	0.01926	0.02866	0.00710	0.01893	0.04459	0.03041	0.00347	0.00581
43	0.01951	0.01437	0.01540	0.01181	0.01591	0.01591	0.00975	0.77056	0.02412	0.03234	0.01232	0.01232	0.00873	0.00616	0.00513	0.00154	0.00565	0.00462	0.00513	0.00873
44	0.04196	0.10301	0.37478	0.01529	0.03955	0.03723	0.18971	0.04027	0.07840	0.01695	0.01028	0.01194	0.00768	0.00492	0.00496	0.00159	0.00713	0.00438	0.00269	0.00730
45	0.85592	0.00992	0.00754	0.00675	0.00992	0.01151	0.00556	0.01508	0.00873	0.02302	0.00714	0.00834	0.00556	0.00476	0.00318	0.00159	0.00397	0.00278	0.00318	0.00556
46	0.01282	0.03871	0.20526	0.01246	0.06168	0.03606	0.01121	0.16015	0.17144	0.03692	0.09049	0.01776	0.05172	0.00739	0.02165	0.00177	0.04590	0.00535	0.00397	0.00730
47	0.01266	0.00906	0.01085	0.00785	0.01231	0.00695	0.00632	0.01489	0.01130	0.14328	0.01094	0.01176	0.00843	0.00422	0.00402	0.00090	0.00389	0.00339	0.00358	0.71340
48	0.03502	0.01406	0.01499	0.01162	0.01562	0.01561	0.00956	0.70508	0.07563	0.03141	0.01281	0.01271	0.00914	0.00619	0.00510	0.00155	0.00551	0.00467	0.00510	0.00862
49	0.01029	0.02654	0.79309	0.01462	0.02221	0.01192	0.01896	0.01625	0.01083	0.01625	0.00921	0.01083	0.00650	0.00487	0.00487	0.00162	0.00758	0.00379	0.00217	0.00758
50	0.03331	0.09221	0.33957	0.07296	0.09414	0.06760	0.10253	0.09575	0.01256	0.01727	0.00944	0.01144	0.00714	0.00538	0.01578	0.00165	0.00723	0.00414	0.00264	0.00725
51	0.83040	0.01006	0.00778	0.00690	0.01011	0.01164	0.00568	0.03813	0.00920	0.02331	0.00730	0.00846	0.00565	0.00481	0.00324	0.00159	0.00402	0.00283	0.00324	0.00565
52	0.00640	0.00456	0.00588	0.00686	0.00718	0.00428	0.00451	0.00720	0.00959	0.01271	0.02765	0.68157	0.06265	0.12211	0.00911	0.00245	0.00323	0.01349	0.00454	0.00403
53	0.00780	0.00595	0.00874	0.00904	0.03812	0.00678	0.00663	0.02302	0.00891	0.01275	0.04594	0.03921	0.01473	0.07597	0.64830	0.00717	0.02735	0.00590	0.00296	0.00473
54	0.00876	0.00643	0.00868	0.02387	0.03491	0.00633	0.03020	0.03408	0.06621	0.05173	0.02747	0.38609	0.10952	0.03169	0.00676	0.00206	0.00389	0.15153	0.00465	0.00515
55	0.01372	0.82276	0.02689	0.00878	0.01317	0.02030	0.00878	0.01536	0.01043	0.01207	0.00713	0.00823	0.00658	0.00439	0.00329	0.00110	0.00549	0.00274	0.00219	0.00658
56	0.04761	0.01012	0.01261	0.00970	0.01367	0.00966	0.00801	0.20277	0.01676	0.58651	0.01795	0.01596	0.01153	0.00626	0.00509	0.00158	0.00466	0.00496	0.00596	0.00863
57	0.01118	0.01539	0.23088	0.29519	0.05682	0.01191	0.24542	0.01550	0.01119	0.04278	0.00994	0.01305	0.00729	0.00484	0.00534	0.00168	0.00748	0.00483	0.00250	0.00678
58	0.02126	0.00913	0.01180	0.00925	0.01302	0.00844	0.00758	0.06323	0.09724	0.64177	0.01978	0.01744	0.01283	0.00639	0.00511	0.00159	0.00433	0.00519	0.03610	0.00853
59	0.18139	0.00867	0.00995	0.00829	0.01130	0.00870	0.00667	0.06258	0.09696	0.31968	0.20892	0.02078	0.02034	0.00713	0.00500	0.00161	0.00384	0.00576	0.00536	0.00707
60	0.00654	0.00485	0.00609	0.00685	0.00761	0.00446	0.00488	0.00778	0.01077	0.01406	0.10041	0.48319	0.19497	0.03942	0.00706	0.00208	0.00308	0.08682	0.00479	0.00429
61	0.01355	0.63889	0.11285	0.01019	0.01473	0.06657	0.03002	0.01572	0.01069	0.01270	0.00749	0.00882	0.00661	0.00463	0.00402	0.00122	0.02939	0.00303	0.00223	0.00664
62	0.00753	0.00567	0.00804	0.00795	0.00861	0.00655	0.00595	0.00893	0.00811	0.01157	0.01429	0.04553	0.01431	0.19591	0.57668	0.00708	0.05403	0.00611	0.00285	0.00432
63	0.00647	0.00475	0.00606	0.00671	0.00742	0.00435	0.00466	0.00778	0.01120	0.01498	0.21140	0.52318	0.14353	0.01431	0.00636	0.00192	0.00279	0.01280	0.00497	0.00435
64	0.00921	0.00677	0.00882	0.03838	0.01063	0.00733	0.00706	0.05753	0.02595	0.03742	0.02256	0.16727	0.07090	0.11576	0.05936	0.00282	0.08101	0.23639	0.02989	0.00495
65	0.05718	0.04286	0.01506	0.01324	0.08676	0.03885	0.05257	0.25411	0.32425	0.02340	0.01511	0.02937	0.01156	0.00625	0.00506	0.00162	0.00520	0.00515	0.00449	0.00791
66	0.00971	0.00913	0.01518	0.74256	0.03341	0.01147	0.01384	0.01298	0.01024	0.01326	0.02935	0.01419	0.00793	0.00548	0.00580	0.00174	0.05101	0.00468	0.00237	0.00567
67	0.01368	0.03786	0.01444	0.05711	0.01561	0.12621	0.04275	0.13893	0.07035	0.01803	0.01000	0.01168	0.00805	0.00550	0.00628	0.00136	0.12108	0.00396	0.00328	0.29384
68	0.03321	0.71225	0.06803	0.00905	0.01349	0.01886	0.00917	0.01555	0.01049	0.03741	0.00784	0.00899	0.00692	0.00538	0.02433	0.00134	0.00575	0.00295	0.00236	0.00663
69	0.00628	0.00493	0.00563	0.00602	0.00715	0.00434	0.00427	0.00750	0.01116	0.01409	0.10815	0.32393	0.42911	0.03494	0.00676	0.00193	0.00278	0.01195	0.00480	0.00429
70	0.01596	0.49432	0.02181	0.01061	0.01428	0.34071	0.00925	0.01747	0.01212	0.01227	0.00746	0.00865	0.00659	0.00476	0.00384	0.00119	0.00704	0.00297	0.00238	0.00632
71	0.01251	0.01138	0.01711	0.05855	0.32285	0.01288	0.02640	0.03445	0.08825	0.04497	0.01030	0.01300	0.00854	0.00625	0.00865	0.00173	0.25304	0.00462	0.00295	0.06155
72	0.03434	0.03725	0.01525	0.02934	0.14288	0.05955	0.02768	0.23353	0.30632	0.03814	0.01465	0.01474	0.01102	0.00601	0.00505	0.00160	0.00535	0.00493	0.00437	0.00800
73	0.01153	0.01547	0.21535	0.05073	0.39821	0.01173	0.13200	0.01542	0.01143	0.01629	0.01088	0.03977	0.00924	0.00535	0.00530	0.00164	0.00674	0.03285	0.00260	0.00747
74	0.00629	0.00513	0.00557	0.00567	0.00716	0.00441	0.00421	0.00772	0.01189	0.01476	0.15368	0.13605	0.58115	0.01301	0.00614	0.00177	0.00265	0.02346	0.00489	0.00439
75	0.00657	0.00514	0.00569	0.00565	0.00693	0.00454	0.00405	0.00793	0.01166	0.01487	0.22265	0.08057	0.45847	0.13196	0.00905	0.00220	0.00293	0.01013	0.00473	0.00427
76	0.00665	0.00486	0.00624	0.00665	0.00748	0.00446	0.00470	0.00821	0.01195	0.01624	0.34089	0.41582	0.11992	0.01346	0.00629	0.00185	0.00271	0.01201	0.00513	0.00446
77	0.00746	0.00497	0.00560	0.00560	0.00560	0.00497	0.00311	0.00746	0.00746	0.00995	0.01617	0.03358	0.01865	0.81967	0.02612	0.00497	0.00497	0.00746	0.00311	0.00311
78	0.85592	0.00992	0.00754	0.00675	0.00992	0.01151	0.00556	0.01508	0.00873	0.02302	0.00714	0.00834	0.00556	0.00476	0.00318	0.00159	0.00397	0.00278	0.00318	0.00556
79	0.00969	0.00912	0.01539	0.80734	0.03534	0.01140	0.01425	0.01311	0.01026	0.01311	0.00912	0.01368	0.00684	0.00513	0.00513	0.00171	0.00684	0.00456	0.00228	0.00570
80	0.01951	0.01437	0.01540	0.01181	0.01591	0.01591	0.00975	0.77056	0.02412	0.03234	0.01232	0.01232	0.00873	0.00616	0.00513	0.00154	0.00565	0.00462	0.00513	0.00873
81	0.00625	0.00447	0.00595	0.00714	0.00744	0.00417	0.00476	0.00714	0.00982	0.01310	0.02828	0.81633	0.03394	0.01608	0.00655	0.00208	0.00298	0.01459	0.00476	0.00417
82	0.85592	0.00992	0.00754	0.00675	0.00992	0.01151	0.00556	0.01508	0.00873	0.02302	0.00714	0.00834	0.00556	0.00476	0.00318	0.00159	0.00397	0.00278	0.00318	0.00556
83	0.85592	0.00992	0.00754	0.00675	0.00992	0.01151	0.00556	0.01508	0.00873	0.02302	0.00714	0.00834	0.00556	0.00476	0.00318	0.00159	0.00397	0.00278	0.00318	0.00556
84	0.05148	0.00894	0.01186	0.00913	0.01307	0.00792	0.00754	0.04630	0.01476	0.74286	0.01956	0.01700	0.01234	0.00629	0.00509	0.00159	0.00439	0.00506	0.00621	0.00862
85	0.00720	0.00524	0.00678	0.00639	0.00763	0.00482	0.00479	0.00957	0.01438	0.02024	0.74822	0.03888	0.08537	0.01062	0.00605	0.00162	0.00243	0.00936	0.00560	0.00482
86	0.05254	0.00872	0.01144	0.00895	0.01265	0.00784	0.00734	0.04051	0.03796	0.66535	0.07566	0.01859	0.01505	0.00661	0.00515	0.00159	0.00423	0.00538	0.00612	0.00831
87	0.00680	0.00531	0.00571	0.00555	0.00725	0.00452	0.00418	0.00833	0.01231	0.03843	0.18794	0.04636	0.62471	0.01233	0.00603	0.00171	0.00262	0.01037	0.00498	0.00456
88	0.01301	0.43236	0.02232	0.07651	0.01619	0.07818	0.07271	0.01478	0.01022	0.01252	0.00760	0.01007	0.00681	0.00588	0.00712	0.02694	0.17472	0.00363	0.00228	0.00616
89	0.00745	0.00490	0.00640	0.00702	0.00779	0.00449	0.00488	0.00865	0.01093	0.06382	0.13382	0.59659	0.09505	0.01444	0.00635	0.00196	0.00296	0.01295	0.00499	0.00456
90	0.02128	0.00843	0.01139	0.00897	0.01260	0.00739	0.00731	0.02353	0.03431	0.70164	0.04083	0.06863	0.01506	0.00709	0.00527	0.00162	0.00422	0.00588	0.00620	0.00833
91	0.01865	0.01168	0.01309	0.01029	0.01396	0.01238	0.00842	0.43865	0.08907	0.21803	0.01627	0.01557	0.02707	0.00641	0.00504	0.00155	0.00485	0.00501	0.07579	0.00825

[dist]
# distance from previous block
# <min> <max>
2	6

[block]
# block no. 4 follows, 48 sequences, length 21
# corresponding to MSA columns:
# 347-367
name=unknown_E
#
# <colnr> <probs for GDERKNQSTAVLIFYWHMCP>
#	G	D	E	R	K	N	Q	S	T	A	V	L	I	F	Y	W	H	M	C	P
0	0.19344	0.01226	0.03012	0.01018	0.02803	0.04408	0.00826	0.27530	0.07982	0.15010	0.01256	0.01254	0.00901	0.00559	0.00455	0.00147	0.00493	0.00416	0.00446	0.10915
1	0.04784	0.05956	0.04761	0.03147	0.04021	0.03843	0.12552	0.14136	0.03803	0.05690	0.07286	0.01530	0.01168	0.00673	0.00795	0.00172	0.19898	0.02151	0.00349	0.03285
2	0.01182	0.01102	0.01741	0.33004	0.26354	0.05482	0.07413	0.01482	0.01108	0.04880	0.01019	0.01378	0.00808	0.00735	0.05939	0.00208	0.03200	0.00471	0.01833	0.00660
3	0.00670	0.00538	0.00610	0.00602	0.00759	0.00460	0.00443	0.00821	0.01177	0.01521	0.18262	0.19851	0.43203	0.01240	0.00598	0.00170	0.00274	0.01066	0.00479	0.07257
4	0.01434	0.00791	0.01057	0.04480	0.04350	0.00800	0.00752	0.11108	0.01259	0.23646	0.01622	0.04677	0.01386	0.04708	0.00989	0.18385	0.03080	0.10146	0.04736	0.00596
5	0.15701	0.00829	0.00938	0.00774	0.01072	0.00823	0.00626	0.07948	0.03898	0.34516	0.04035	0.01668	0.01252	0.00612	0.00443	0.00148	0.00380	0.00477	0.23158	0.00700
6	0.00762	0.00511	0.00638	0.00685	0.00784	0.00469	0.00487	0.00915	0.02486	0.06254	0.10858	0.48139	0.17959	0.01377	0.00621	0.00191	0.00297	0.02861	0.03239	0.00465
7	0.00657	0.00528	0.00591	0.00608	0.00761	0.00463	0.00472	0.00816	0.01202	0.01497	0.14688	0.07940	0.54228	0.01295	0.00624	0.00182	0.00291	0.12223	0.00488	0.00445
8	0.00690	0.00508	0.00646	0.00643	0.00753	0.00464	0.00470	0.00887	0.01320	0.01819	0.53652	0.19746	0.14109	0.01195	0.00615	0.00172	0.00256	0.01056	0.00535	0.00464
9	0.01029	0.02654	0.79309	0.01462	0.02221	0.01192	0.01896	0.01625	0.01083	0.01625	0.00921	0.01083	0.00650	0.00487	0.00487	0.00162	0.00758	0.00379	0.00217	0.00758
10	0.01917	0.02445	0.01454	0.01322	0.01586	0.79907	0.00991	0.02049	0.01454	0.01256	0.00793	0.00925	0.00661	0.00529	0.00463	0.00132	0.00925	0.00330	0.00264	0.00595
11	0.01345	0.01136	0.01199	0.01058	0.01360	0.01308	0.00829	0.10311	0.70143	0.02257	0.02001	0.01845	0.01496	0.00688	0.00521	0.00172	0.00422	0.00568	0.00521	0.00818
12	0.00746	0.00497	0.00560	0.00560	0.00560	0.00497	0.00311	0.00746	0.00746	0.00995	0.01617	0.03358	0.01865	0.81967	0.02612	0.00497	0.00497	0.00746	0.00311	0.00311
13	0.01142	0.00956	0.01037	0.00969	0.01201	0.01080	0.00737	0.04634	0.56963	0.01981	0.02238	0.21030	0.01983	0.00912	0.00554	0.00182	0.00385	0.00787	0.00511	0.00719
14	0.01948	0.01518	0.01533	0.01192	0.01591	0.07897	0.00977	0.71017	0.02335	0.03074	0.01197	0.01207	0.00856	0.00609	0.00509	0.00152	0.00594	0.00451	0.00493	0.00850
15	0.00611	0.00515	0.00529	0.00536	0.00698	0.00434	0.00398	0.00742	0.01166	0.01401	0.07149	0.09765	0.71684	0.01312	0.00609	0.00175	0.00262	0.01102	0.00479	0.00434
16	0.01068	0.00949	0.01254	0.07308	0.01516	0.00768	0.06588	0.01321	0.01072	0.01641	0.00922	0.01113	0.00755	0.00395	0.00408	0.00091	0.00442	0.00340	0.00294	0.71755
17	0.01344	0.41454	0.10022	0.01048	0.01399	0.01630	0.01009	0.05167	0.01085	0.07651	0.00945	0.03670	0.00828	0.00702	0.02974	0.00169	0.17565	0.00397	0.00278	0.00662
18	0.00793	0.00588	0.00772	0.00862	0.00991	0.00577	0.00732	0.01044	0.03738	0.01519	0.03140	0.09175	0.16315	0.01382	0.00682	0.00222	0.00424	0.56094	0.00475	0.00474
19	0.21789	0.00912	0.01087	0.00863	0.01237	0.00872	0.00710	0.02279	0.05022	0.57381	0.01720	0.01540	0.01117	0.00601	0.00470	0.00160	0.00426	0.00463	0.00555	0.00796
20	0.04787	0.01329	0.05101	0.11035	0.23574	0.01282	0.01233	0.17407	0.05297	0.12539	0.08822	0.01927	0.01510	0.00759	0.00619	0.00204	0.00619	0.00587	0.00485	0.00883

[dist]
# distance from previous block
# <min> <max>
5	50

[block]
# block no. 5 follows, 48 sequences, length 26
# corresponding to MSA columns:
# 419-444
name=unknown_F
#
# <colnr> <probs for GDERKNQSTAVLIFYWHMCP>
#	G	D	E	R	K	N	Q	S	T	A	V	L	I	F	Y	W	H	M	C	P
0	0.00739	0.00533	0.00667	0.00715	0.00826	0.00497	0.00538	0.00931	0.03332	0.03706	0.15913	0.33089	0.20608	0.01357	0.00637	0.00195	0.00318	0.14436	0.00496	0.00466
1	0.01218	0.05457	0.04443	0.32918	0.19170	0.11219	0.10621	0.01543	0.02331	0.01439	0.00922	0.01254	0.00731	0.00508	0.00557	0.00161	0.04158	0.00449	0.00246	0.00655
2	0.00796	0.00582	0.00839	0.00872	0.03269	0.00661	0.00635	0.00924	0.00852	0.01231	0.01478	0.09821	0.01477	0.07773	0.45862	0.08488	0.06269	0.02465	0.05265	0.00442
3	0.00656	0.00470	0.00590	0.00662	0.00728	0.00433	0.00455	0.00777	0.01071	0.01444	0.13183	0.54398	0.14164	0.03322	0.00672	0.00199	0.00287	0.01267	0.04793	0.00429
4	0.01064	0.00912	0.01064	0.00760	0.01216	0.00684	0.00608	0.01292	0.01064	0.01672	0.00912	0.01064	0.00760	0.00380	0.00380	0.00076	0.00380	0.00304	0.00304	0.85104
5	0.00804	0.00664	0.00899	0.06104	0.03481	0.03092	0.03854	0.01031	0.04990	0.01453	0.09886	0.42316	0.02795	0.04973	0.04106	0.00236	0.00447	0.07952	0.00432	0.00485
6	0.00791	0.00476	0.00591	0.00603	0.00636	0.00467	0.00389	0.00784	0.00849	0.01187	0.05865	0.12182	0.05509	0.31015	0.01728	0.25106	0.00403	0.00738	0.10348	0.00333
7	0.00858	0.00486	0.00547	0.00571	0.00659	0.00470	0.00399	0.01018	0.01027	0.03785	0.03668	0.23880	0.05000	0.12122	0.00768	0.00200	0.00297	0.00814	0.42982	0.00448
8	0.00762	0.00592	0.00809	0.00785	0.00857	0.00678	0.00590	0.00896	0.00855	0.01198	0.04084	0.02544	0.08657	0.20046	0.45730	0.00614	0.08919	0.00643	0.00305	0.00435
9	0.01232	0.01180	0.02014	0.12938	0.69274	0.01209	0.01556	0.01541	0.01150	0.01630	0.00958	0.01282	0.00797	0.00464	0.00509	0.00155	0.00619	0.00457	0.00251	0.00782
10	0.01919	0.02376	0.01460	0.01312	0.01587	0.74474	0.00990	0.07252	0.01521	0.01393	0.00824	0.00947	0.00676	0.00535	0.00466	0.00134	0.00900	0.00340	0.00282	0.00614
11	0.01274	0.01281	0.02141	0.02815	0.60491	0.05224	0.12843	0.01587	0.01200	0.01664	0.03830	0.01364	0.00949	0.00479	0.00524	0.00155	0.00651	0.00490	0.00267	0.00771
12	0.00744	0.00508	0.00613	0.00613	0.00631	0.00526	0.00377	0.00780	0.00762	0.01034	0.01568	0.03087	0.01748	0.66229	0.18190	0.00563	0.00674	0.00707	0.00304	0.00341
13	0.00982	0.02656	0.00958	0.03928	0.01117	0.02699	0.02623	0.04899	0.01135	0.07615	0.02236	0.43180	0.04546	0.01169	0.00620	0.00181	0.02918	0.05887	0.00436	0.10213
14	0.01913	0.01462	0.01516	0.01179	0.01577	0.04870	0.00967	0.69885	0.06446	0.03092	0.01260	0.01256	0.00901	0.00617	0.00512	0.00154	0.00571	0.00463	0.00503	0.00858
15	0.00919	0.03317	0.03944	0.01048	0.07448	0.03194	0.03992	0.06384	0.01197	0.01599	0.14056	0.12737	0.13919	0.03389	0.17849	0.00320	0.00640	0.03116	0.00394	0.00540
16	0.01240	0.13188	0.08218	0.19852	0.09389	0.04895	0.03470	0.11937	0.03047	0.01621	0.01032	0.04023	0.00872	0.00806	0.04671	0.04332	0.06010	0.00464	0.00288	0.00646
17	0.01268	0.01160	0.01983	0.10650	0.58556	0.01182	0.05893	0.01568	0.01161	0.05574	0.01118	0.01400	0.02802	0.00505	0.00551	0.00158	0.02942	0.00485	0.00276	0.00767
18	0.00707	0.00536	0.00611	0.00599	0.00759	0.00469	0.00459	0.00881	0.01266	0.03846	0.27451	0.04565	0.48494	0.01211	0.00610	0.00174	0.00274	0.06115	0.00508	0.00464
19	0.04091	0.01221	0.03780	0.07146	0.07676	0.03646	0.10561	0.24773	0.07003	0.07609	0.05565	0.04682	0.01304	0.00683	0.00587	0.00169	0.04025	0.04341	0.00415	0.00726
20	0.01249	0.01183	0.03667	0.10463	0.15968	0.01269	0.14774	0.14973	0.01265	0.01756	0.01068	0.03724	0.00932	0.07326	0.00933	0.00202	0.16395	0.00531	0.00304	0.02019
21	0.00752	0.00500	0.00591	0.00592	0.00707	0.00464	0.00435	0.00951	0.01237	0.01797	0.35044	0.15226	0.15767	0.01056	0.00548	0.00159	0.00253	0.00916	0.22540	0.00464
22	0.01255	0.01152	0.04906	0.28106	0.10734	0.01224	0.05950	0.14985	0.13434	0.03476	0.03122	0.04560	0.01091	0.00617	0.00562	0.00169	0.03065	0.00534	0.00355	0.00702
23	0.00933	0.00644	0.00860	0.03042	0.01017	0.00642	0.02495	0.01224	0.05144	0.07444	0.35883	0.03607	0.09093	0.01010	0.00634	0.00176	0.03734	0.14049	0.07837	0.00533
24	0.01117	0.00910	0.01069	0.00767	0.01220	0.00687	0.00614	0.01344	0.01081	0.04994	0.00960	0.01093	0.00782	0.00391	0.00386	0.00080	0.00382	0.00313	0.00318	0.81491
25	0.01343	0.01062	0.01139	0.00980	0.01262	0.01180	0.00772	0.23971	0.37667	0.02320	0.07011	0.02233	0.07041	0.05230	0.00647	0.00186	0.00435	0.02552	0.02231	0.00739

[dist]
# distance from previous block
# <min> <max>
0	1

[block]
# block no. 6 follows, 48 sequences, length 59
# corresponding to MSA columns:
# 447-505
name=unknown_G
#
# <colnr> <probs for GDERKNQSTAVLIFYWHMCP>
#	G	D	E	R	K	N	Q	S	T	A	V	L	I	F	Y	W	H	M	C	P
0	0.00637	0.00455	0.00607	0.00717	0.00754	0.00425	0.00486	0.00739	0.01015	0.01359	0.07175	0.75052	0.03465	0.01570	0.00654	0.00206	0.00299	0.03481	0.00481	0.00422
1	0.00745	0.00499	0.00567	0.00564	0.00571	0.00497	0.00321	0.00759	0.00786	0.01055	0.05953	0.03385	0.02033	0.77403	0.02498	0.00478	0.00483	0.00756	0.00325	0.00321
2	0.00644	0.00511	0.00579	0.00592	0.00729	0.00447	0.00438	0.00797	0.01207	0.01537	0.22034	0.16831	0.47191	0.01292	0.00617	0.00178	0.00268	0.03169	0.00497	0.00444
