[name]
unknown

[dist]
# distance from previous block
# <min> <max>
6	188

[block]
# block no. 0 follows, 42 sequences, length 16
# corresponding to MSA columns:
# 197-212
name=unknown_A
#
# <colnr> <probs for GDERKNQSTAVLIFYWHMCP>
#	G	D	E	R	K	N	Q	S	T	A	V	L	I	F	Y	W	H	M	C	P
0	0.01446	0.01033	0.05975	0.01055	0.01362	0.00920	0.06192	0.06090	0.12785	0.20176	0.06347	0.12549	0.03544	0.11944	0.02329	0.00247	0.00524	0.00776	0.02120	0.02584
1	0.03182	0.01026	0.06628	0.00974	0.01262	0.00919	0.00809	0.11483	0.11114	0.17042	0.12425	0.20227	0.02414	0.03449	0.00672	0.00198	0.00446	0.00859	0.04151	0.00719
2	0.03045	0.00682	0.00854	0.05969	0.01133	0.00639	0.00618	0.02470	0.01214	0.09842	0.07441	0.30369	0.13506	0.08475	0.00828	0.00221	0.00397	0.01042	0.02532	0.08724
3	0.04940	0.00966	0.06588	0.01043	0.05874	0.00841	0.00799	0.07458	0.05853	0.10741	0.21351	0.13500	0.10365	0.04433	0.00705	0.00199	0.00427	0.00870	0.02387	0.00660
4	0.03472	0.06387	0.01448	0.01330	0.11559	0.03849	0.00921	0.12813	0.06830	0.21828	0.06447	0.12706	0.01783	0.04089	0.00664	0.00191	0.00517	0.00702	0.00510	0.01956
5	0.21975	0.00973	0.00961	0.00857	0.01130	0.05708	0.00670	0.01773	0.10086	0.15703	0.19489	0.06691	0.10030	0.00892	0.00550	0.00179	0.00420	0.00722	0.00525	0.00668
6	0.01357	0.07041	0.11660	0.01121	0.02630	0.05042	0.03976	0.04718	0.01408	0.15015	0.19442	0.09337	0.04968	0.01092	0.05279	0.00222	0.03793	0.00738	0.00468	0.00693
7	0.08687	0.01208	0.06087	0.06796	0.01634	0.04144	0.04345	0.14889	0.01520	0.22857	0.01684	0.10425	0.01380	0.04341	0.00714	0.01612	0.02243	0.00638	0.04043	0.00753
8	0.22296	0.08369	0.03245	0.00959	0.01351	0.03141	0.00817	0.20518	0.01576	0.14142	0.01401	0.01440	0.02577	0.00615	0.00463	0.00157	0.00504	0.00447	0.10022	0.05958
9	0.29544	0.17230	0.01629	0.01067	0.01451	0.15607	0.03496	0.11778	0.01425	0.07639	0.03703	0.01203	0.00935	0.00579	0.00448	0.00158	0.00616	0.00400	0.00378	0.00715
10	0.06783	0.08159	0.32836	0.12901	0.06991	0.01360	0.07063	0.07971	0.01332	0.01937	0.06539	0.01466	0.01092	0.00584	0.00536	0.00174	0.00714	0.00488	0.00309	0.00765
11	0.00749	0.00526	0.00638	0.00690	0.00728	0.00501	0.00439	0.00821	0.01020	0.01356	0.08099	0.36498	0.08454	0.35029	0.01622	0.00357	0.00412	0.01195	0.00452	0.00414
12	0.01343	0.01180	0.02679	0.01054	0.01341	0.06726	0.02671	0.16286	0.21348	0.02230	0.14027	0.02538	0.08081	0.06877	0.05915	0.00250	0.00577	0.00694	0.00496	0.03689
13	0.00730	0.00567	0.00651	0.00639	0.00786	0.00502	0.00468	0.00912	0.01371	0.01792	0.34479	0.07858	0.39194	0.06581	0.00813	0.00210	0.00296	0.01110	0.00550	0.00488
14	0.00913	0.00619	0.00779	0.00820	0.00938	0.00597	0.00589	0.01202	0.08851	0.07191	0.12275	0.48983	0.08856	0.01475	0.00683	0.00212	0.00345	0.03570	0.00552	0.00551
15	0.07408	0.03032	0.01796	0.14784	0.04050	0.04751	0.08915	0.09799	0.01217	0.01760	0.00967	0.01354	0.00818	0.00973	0.06405	0.00253	0.30247	0.00498	0.00301	0.00674

[dist]
# distance from previous block
# <min> <max>
0	2

[block]
# block no. 1 follows, 42 sequences, length 7
# corresponding to MSA columns:
# 217-223
name=unknown_B
#
# <colnr> <probs for GDERKNQSTAVLIFYWHMCP>
#	G	D	E	R	K	N	Q	S	T	A	V	L	I	F	Y	W	H	M	C	P
0	0.05481	0.28519	0.04590	0.01481	0.10681	0.12217	0.09195	0.01735	0.01296	0.04416	0.09390	0.01479	0.01293	0.00596	0.00530	0.00152	0.02957	0.00474	0.00324	0.03195
1	0.01609	0.04475	0.01361	0.01065	0.01361	0.01272	0.00867	0.35082	0.01788	0.07553	0.01466	0.01732	0.01166	0.03968	0.19773	0.00359	0.04081	0.00537	0.09731	0.00754
2	0.00833	0.00639	0.00784	0.00730	0.00908	0.00576	0.00546	0.01117	0.04613	0.02016	0.46487	0.12594	0.14481	0.01161	0.00639	0.00175	0.00300	0.01015	0.00561	0.09826
3	0.01346	0.01301	0.06687	0.01420	0.10748	0.05882	0.02807	0.18611	0.05865	0.02151	0.09235	0.10212	0.11120	0.00936	0.00708	0.00188	0.06964	0.02646	0.00451	0.00722
4	0.00812	0.00553	0.00663	0.00678	0.00698	0.00562	0.00421	0.00853	0.00869	0.01168	0.01895	0.09074	0.02151	0.62396	0.11013	0.00550	0.00636	0.04274	0.00358	0.00376
5	0.01387	0.04222	0.01881	0.14586	0.21205	0.07698	0.08043	0.10010	0.05487	0.01922	0.07871	0.05089	0.01403	0.00694	0.00661	0.00179	0.05954	0.00599	0.00361	0.00747
6	0.28443	0.10029	0.12558	0.01398	0.11812	0.04978	0.02944	0.07887	0.03308	0.02147	0.03213	0.01223	0.00901	0.00549	0.00459	0.00161	0.00592	0.00408	0.00338	0.06652

[dist]
# distance from previous block
# <min> <max>
0	2

[block]
# block no. 2 follows, 42 sequences, length 54
# corresponding to MSA columns:
# 226-279
name=unknown_C
#
# <colnr> <probs for GDERKNQSTAVLIFYWHMCP>
#	G	D	E	R	K	N	Q	S	T	A	V	L	I	F	Y	W	H	M	C	P
0	0.01624	0.05476	0.05133	0.02826	0.02634	0.16173	0.09188	0.10428	0.07636	0.09862	0.06344	0.01728	0.04205	0.00735	0.00771	0.00181	0.13349	0.00557	0.00406	0.00745
1	0.14666	0.13477	0.13709	0.01279	0.05306	0.12735	0.03968	0.06181	0.01207	0.01716	0.00931	0.01211	0.00781	0.00825	0.00852	0.16138	0.03678	0.00410	0.00289	0.00640
2	0.01502	0.04497	0.11564	0.06260	0.14949	0.01226	0.03733	0.11499	0.04282	0.10265	0.01231	0.01375	0.00928	0.00553	0.00550	0.00151	0.02582	0.00458	0.00378	0.22016
3	0.00691	0.00531	0.00633	0.00693	0.00798	0.00473	0.00487	0.00826	0.01217	0.01566	0.12840	0.42365	0.31737	0.01561	0.00691	0.00208	0.00303	0.01373	0.00534	0.00473
4	0.01399	0.13530	0.12173	0.03367	0.10629	0.04213	0.04399	0.09037	0.01360	0.03726	0.01100	0.03386	0.00908	0.00536	0.00486	0.00137	0.00606	0.00438	0.00331	0.28240
5	0.16362	0.01451	0.11212	0.01349	0.01813	0.01284	0.15245	0.20284	0.01602	0.13931	0.03675	0.01582	0.01097	0.00686	0.00622	0.03917	0.00636	0.02027	0.00437	0.00787
6	0.03415	0.05532	0.17313	0.04909	0.02017	0.03551	0.06836	0.36856	0.01867	0.02557	0.01137	0.01286	0.00844	0.00643	0.00679	0.00178	0.08656	0.00481	0.00403	0.00841
7	0.01225	0.08014	0.11416	0.15508	0.07605	0.01180	0.05995	0.07003	0.05220	0.04695	0.01662	0.11381	0.03300	0.01034	0.05976	0.00233	0.00680	0.03629	0.03545	0.00699
8	0.00713	0.00546	0.00654	0.00682	0.00803	0.00487	0.00490	0.00880	0.01315	0.01725	0.27089	0.28771	0.30921	0.01447	0.00682	0.00198	0.00292	0.01266	0.00553	0.00487
9	0.12737	0.01222	0.01557	0.01684	0.23319	0.01192	0.01056	0.16169	0.01489	0.06370	0.01124	0.01276	0.00875	0.00522	0.00485	0.00142	0.00536	0.00425	0.00385	0.27434
10	0.01425	0.42283	0.27450	0.01294	0.05149	0.01747	0.01353	0.03845	0.01229	0.04951	0.00959	0.01088	0.00768	0.00513	0.00445	0.00144	0.00669	0.00367	0.00275	0.04047
11	0.00805	0.00616	0.00779	0.04214	0.00992	0.00588	0.00579	0.01099	0.04767	0.02022	0.50504	0.09920	0.17612	0.01208	0.00661	0.00185	0.00307	0.02030	0.00575	0.00535
12	0.00960	0.00595	0.00748	0.00736	0.00852	0.00562	0.00518	0.01090	0.01166	0.10294	0.14287	0.21267	0.13356	0.21586	0.09095	0.00358	0.00505	0.01031	0.00489	0.00505
13	0.04870	0.01157	0.01350	0.01092	0.01461	0.01203	0.00883	0.30562	0.07646	0.27934	0.01865	0.08650	0.01429	0.01029	0.05975	0.00229	0.00588	0.00634	0.00579	0.00864
14	0.05419	0.00911	0.01117	0.00960	0.01249	0.00890	0.00750	0.14429	0.03664	0.31344	0.06789	0.25711	0.02241	0.01040	0.00608	0.00190	0.00441	0.00889	0.00597	0.00761
15	0.01849	0.01119	0.01300	0.01071	0.01416	0.01162	0.00855	0.28495	0.11911	0.24079	0.04883	0.13892	0.01791	0.00880	0.00589	0.00182	0.00489	0.00730	0.02463	0.00845
16	0.00883	0.00717	0.00835	0.00917	0.00995	0.05660	0.00691	0.01033	0.01148	0.01496	0.02672	0.42979	0.03049	0.05127	0.03285	0.00265	0.04002	0.20986	0.02767	0.00492
17	0.80461	0.01065	0.00824	0.00739	0.01077	0.01230	0.00606	0.01628	0.00986	0.02513	0.04172	0.01062	0.00820	0.00551	0.00362	0.00174	0.00428	0.00337	0.00360	0.00606
18	0.00896	0.00733	0.00851	0.00840	0.00918	0.05997	0.02896	0.00999	0.00990	0.01283	0.02045	0.17393	0.04268	0.35318	0.18382	0.00502	0.00751	0.04120	0.00374	0.00444
19	0.01822	0.01451	0.01553	0.01256	0.01656	0.05050	0.03295	0.38050	0.29333	0.05353	0.01686	0.01629	0.01233	0.00690	0.00563	0.00174	0.00573	0.00549	0.00542	0.03542
20	0.04265	0.00758	0.00885	0.00794	0.01012	0.00738	0.00609	0.04638	0.10755	0.04075	0.43242	0.05899	0.11659	0.01037	0.00616	0.00174	0.00331	0.00892	0.00567	0.07053
21	0.01472	0.05287	0.17447	0.02749	0.14260	0.10563	0.08341	0.08666	0.05980	0.04598	0.01184	0.01443	0.00942	0.03263	0.03707	0.00212	0.05912	0.00493	0.00332	0.03149
22	0.07119	0.02553	0.22632	0.01829	0.14935	0.01345	0.12742	0.12618	0.01405	0.02048	0.01380	0.05926	0.04335	0.00679	0.00651	0.00184	0.05919	0.00580	0.00338	0.00782
23	0.08217	0.32007	0.05990	0.06993	0.01680	0.03740	0.01011	0.10782	0.07100	0.07251	0.01138	0.01241	0.00894	0.00647	0.02407	0.00166	0.00613	0.00404	0.00358	0.07361
24	0.04404	0.09444	0.04309	0.01063	0.01350	0.04659	0.03659	0.16424	0.06602	0.04786	0.05022	0.26411	0.04261	0.01059	0.00600	0.00189	0.00513	0.04085	0.00477	0.00682
25	0.05491	0.09733	0.06571	0.01483	0.09299	0.08086	0.05887	0.21793	0.05374	0.07171	0.01289	0.01389	0.02305	0.00609	0.00572	0.00161	0.03732	0.00475	0.00404	0.08176
26	0.00991	0.03640	0.00815	0.00737	0.00756	0.00560	0.00501	0.00774	0.00753	0.00996	0.01006	0.01770	0.01017	0.05496	0.02158	0.76523	0.00496	0.00497	0.00249	0.00268
27	0.01581	0.15211	0.01914	0.06345	0.14946	0.07542	0.03154	0.16408	0.04419	0.04198	0.01121	0.01273	0.00886	0.00540	0.00495	0.00143	0.00620	0.00432	0.00363	0.18410
28	0.80971	0.01108	0.00861	0.00762	0.01114	0.01281	0.00628	0.04532	0.01024	0.02565	0.00806	0.00931	0.00623	0.00528	0.00357	0.00174	0.00443	0.00313	0.00357	0.00623
29	0.00698	0.00515	0.00656	0.00757	0.00825	0.00473	0.00526	0.00818	0.01143	0.01495	0.06342	0.60647	0.16073	0.01672	0.00710	0.00222	0.00327	0.05110	0.00526	0.00466
30	0.09827	0.01118	0.03301	0.11256	0.02738	0.01171	0.04676	0.14774	0.12116	0.12907	0.03199	0.07417	0.01403	0.01173	0.10140	0.00273	0.00677	0.00621	0.00461	0.00754
31	0.02964	0.00778	0.00938	0.00824	0.01046	0.00760	0.00641	0.08021	0.02552	0.15510	0.27976	0.07094	0.20239	0.03606	0.00756	0.00196	0.03987	0.00906	0.00569	0.00634
32	0.36675	0.04175	0.03090	0.01097	0.05816	0.10278	0.00829	0.05428	0.09163	0.02103	0.01299	0.04802	0.03083	0.00938	0.05607	0.03502	0.00608	0.00480	0.00371	0.00657
33	0.01790	0.37707	0.02199	0.01179	0.01587	0.30076	0.01008	0.11276	0.01504	0.01654	0.00899	0.01015	0.00759	0.00540	0.00444	0.00134	0.00748	0.00352	0.00305	0.04827
34	0.00938	0.00768	0.00915	0.00786	0.01083	0.00614	0.00588	0.01121	0.01148	0.01656	0.02284	0.29937	0.10372	0.01014	0.00553	0.00148	0.00370	0.00885	0.00423	0.44400
35	0.00803	0.00545	0.00612	0.00618	0.00631	0.00538	0.00354	0.00816	0.00859	0.01133	0.02082	0.06751	0.06990	0.72014	0.02637	0.00510	0.00520	0.00873	0.00360	0.00354
36	0.01569	0.01679	0.04932	0.12543	0.14277	0.19491	0.12971	0.07851	0.01404	0.04619	0.01067	0.02266	0.00858	0.00627	0.00739	0.00181	0.11364	0.00506	0.00315	0.00741
37	0.00995	0.00864	0.01309	0.34247	0.05715	0.01015	0.01116	0.01332	0.06036	0.01496	0.01711	0.17260	0.01715	0.07267	0.04780	0.00268	0.05791	0.06142	0.00355	0.00586
38	0.01508	0.01005	0.01213	0.00884	0.01368	0.00793	0.00714	0.03572	0.01308	0.19435	0.01294	0.01346	0.00967	0.00489	0.00455	0.00107	0.00436	0.00392	0.00424	0.62290
39	0.01255	0.01609	0.19150	0.20096	0.29481	0.03944	0.02464	0.04508	0.01317	0.01821	0.07888	0.01613	0.01216	0.00592	0.00563	0.00175	0.00702	0.00526	0.00305	0.00776
40	0.07874	0.01003	0.01227	0.00975	0.01356	0.03033	0.00787	0.04768	0.04419	0.56935	0.04733	0.02010	0.01505	0.05913	0.00704	0.00198	0.00491	0.00576	0.00626	0.00867
41	0.01288	0.01248	0.01051	0.00981	0.01180	0.21641	0.00729	0.01684	0.13076	0.04457	0.25078	0.10756	0.07240	0.06182	0.00754	0.00201	0.00530	0.00822	0.00492	0.00612
42	0.00888	0.00592	0.00755	0.00712	0.00857	0.00540	0.00529	0.01112	0.01487	0.06887	0.55452	0.09114	0.12229	0.05401	0.00778	0.00201	0.00300	0.01034	0.00593	0.00538
43	0.01137	0.00820	0.03037	0.00913	0.01112	0.00773	0.00716	0.10394	0.07068	0.09041	0.13073	0.33306	0.07878	0.01294	0.00662	0.00205	0.00404	0.06988	0.00553	0.00626
44	0.00926	0.00604	0.00734	0.00693	0.00856	0.00540	0.00513	0.01115	0.01399	0.09508	0.35708	0.09525	0.26538	0.07812	0.00841	0.00215	0.00321	0.01048	0.00568	0.00536
45	0.01657	0.01116	0.01237	0.01050	0.01349	0.06091	0.00838	0.14280	0.15352	0.20544	0.19876	0.02499	0.02329	0.00946	0.02777	0.00201	0.03135	0.03367	0.00573	0.00782
46	0.00821	0.00582	0.00713	0.00680	0.00825	0.00525	0.00502	0.01030	0.01445	0.04591	0.48302	0.07153	0.22962	0.06410	0.00807	0.00206	0.00299	0.01053	0.00576	0.00517
47	0.01346	0.26723	0.20260	0.10874	0.08864	0.01600	0.03813	0.06730	0.07566	0.01791	0.04543	0.01392	0.01054	0.00573	0.00501	0.00161	0.00665	0.00458	0.00313	0.00775
48	0.68030	0.04214	0.00975	0.00812	0.01154	0.01288	0.00676	0.04937	0.04498	0.02460	0.01022	0.01344	0.00853	0.00606	0.00397	0.00178	0.00456	0.05089	0.00375	0.00636
49	0.00945	0.00767	0.04333	0.00790	0.01004	0.00646	0.00634	0.01285	0.06620	0.05912	0.43972	0.08762	0.12505	0.03079	0.00689	0.00186	0.00338	0.00949	0.00559	0.06025
50	0.05463	0.24621	0.09558	0.03444	0.10433	0.05760	0.05982	0.11673	0.05912	0.04681	0.01106	0.01238	0.00869	0.00544	0.00485	0.00152	0.00649	0.00428	0.00342	0.06662
51	0.03675	0.09193	0.07371	0.01759	0.16495	0.10892	0.06909	0.14836	0.08122	0.04688	0.01367	0.01503	0.03898	0.00641	0.00631	0.00172	0.06162	0.00508	0.00374	0.00802
52	0.05905	0.09300	0.00963	0.00800	0.00938	0.00758	0.00587	0.01117	0.03830	0.05011	0.05118	0.49160	0.06327	0.06571	0.00781	0.00227	0.00385	0.01208	0.00482	0.00530
53	0.10801	0.14561	0.01574	0.03594	0.07054	0.04239	0.00898	0.06941	0.05453	0.09191	0.02999	0.03531	0.04447	0.00649	0.00535	0.00151	0.03614	0.01193	0.00393	0.18182

[dist]
# distance from previous block
# <min> <max>
4	21

[block]
# block no. 3 follows, 42 sequences, length 8
# corresponding to MSA columns:
# 301-308
name=unknown_D
#
# <colnr> <probs for GDERKNQSTAVLIFYWHMCP>
#	G	D	E	R	K	N	Q	S	T	A	V	L	I	F	Y	W	H	M	C	P
0	0.01616	0.01363	0.01522	0.13539	0.03996	0.07280	0.01084	0.32560	0.10598	0.02445	0.03426	0.01749	0.03856	0.02842	0.04464	0.00223	0.05642	0.00559	0.00448	0.00785
1	0.00809	0.00583	0.00801	0.00801	0.00866	0.00647	0.00575	0.00939	0.00874	0.01230	0.01602	0.02733	0.01634	0.31203	0.51320	0.00777	0.01166	0.00679	0.00316	0.00445
2	0.01183	0.08492	0.11392	0.06027	0.05789	0.01012	0.00990	0.01487	0.01168	0.01743	0.01052	0.03707	0.00898	0.00495	0.00454	0.00115	0.00520	0.00402	0.00310	0.52761
3	0.00751	0.00558	0.00705	0.00765	0.00853	0.00529	0.00536	0.00978	0.05339	0.01702	0.21826	0.49709	0.10597	0.01523	0.00692	0.00210	0.00314	0.01362	0.00550	0.00501
4	0.04243	0.08130	0.19442	0.01443	0.06243	0.09799	0.09491	0.01800	0.11846	0.01781	0.05756	0.05630	0.06245	0.00904	0.04626	0.00213	0.00712	0.00612	0.00360	0.00723
5	0.16943	0.01802	0.12694	0.01343	0.05272	0.23111	0.04708	0.01999	0.11545	0.04079	0.09882	0.01609	0.01402	0.00648	0.00521	0.00169	0.00679	0.00500	0.00381	0.00715
6	0.06069	0.37771	0.02095	0.01046	0.01482	0.10619	0.00923	0.09872	0.05281	0.10534	0.01121	0.01170	0.00882	0.00550	0.00440	0.00138	0.00603	0.00382	0.00366	0.08656
7	0.05077	0.05990	0.25203	0.01137	0.01585	0.04309	0.01161	0.11453	0.01538	0.06915	0.24655	0.04739	0.02315	0.00794	0.00567	0.00173	0.00565	0.00650	0.00446	0.00727

[dist]
# distance from previous block
# <min> <max>
7	32

[block]
# block no. 4 follows, 42 sequences, length 10
# corresponding to MSA columns:
# 346-355
name=unknown_E
#
# <colnr> <probs for GDERKNQSTAVLIFYWHMCP>
#	G	D	E	R	K	N	Q	S	T	A	V	L	I	F	Y	W	H	M	C	P
0	0.01110	0.00941	0.01141	0.03929	0.09255	0.04503	0.00838	0.07603	0.12540	0.01967	0.18251	0.28020	0.02896	0.01134	0.00674	0.00195	0.02866	0.00990	0.00500	0.00646
1	0.01073	0.00743	0.00909	0.00888	0.01060	0.00746	0.00676	0.07471	0.10601	0.07254	0.19110	0.29657	0.06775	0.01299	0.00669	0.00205	0.00383	0.09305	0.00565	0.00612
2	0.00864	0.00573	0.00733	0.00740	0.00860	0.00529	0.00534	0.01035	0.01300	0.07063	0.28532	0.29389	0.14346	0.05654	0.04971	0.00254	0.00386	0.01172	0.00547	0.00517
3	0.01399	0.18880	0.09169	0.28294	0.02677	0.06265	0.13419	0.10205	0.01375	0.01747	0.01009	0.01296	0.00780	0.00542	0.00529	0.00168	0.00759	0.00468	0.00292	0.00728
4	0.00848	0.00622	0.00724	0.00730	0.00877	0.00577	0.00543	0.04753	0.01313	0.03625	0.12421	0.20099	0.32941	0.08963	0.00890	0.00236	0.00362	0.08447	0.00523	0.00507
5	0.01684	0.29135	0.07275	0.01087	0.01517	0.07715	0.00993	0.16830	0.04892	0.11159	0.01556	0.01586	0.06156	0.00754	0.02805	0.00175	0.00628	0.00480	0.02794	0.00780
6	0.01192	0.00755	0.01006	0.01030	0.06267	0.00689	0.00712	0.04095	0.01311	0.14497	0.10358	0.33329	0.02736	0.03757	0.00703	0.00200	0.00409	0.04744	0.00516	0.11694
7	0.15529	0.16136	0.01808	0.01262	0.05486	0.06229	0.04937	0.23011	0.03691	0.13470	0.01322	0.01358	0.02189	0.00606	0.00494	0.00162	0.00599	0.00458	0.00440	0.00813
8	0.08063	0.16314	0.25277	0.01400	0.01924	0.20570	0.07327	0.06878	0.01365	0.01765	0.00967	0.01145	0.00761	0.00666	0.03134	0.00184	0.00823	0.00406	0.00288	0.00741
9	0.13007	0.08095	0.21698	0.03767	0.04423	0.06603	0.09444	0.07781	0.03886	0.01967	0.01365	0.01634	0.04977	0.00624	0.00521	0.00169	0.00678	0.03193	0.00334	0.05833

[dist]
# distance from previous block
# <min> <max>
21	82

[block]
# block no. 5 follows, 42 sequences, length 19
# corresponding to MSA columns:
# 446-464
name=unknown_F
#
# <colnr> <probs for GDERKNQSTAVLIFYWHMCP>
#	G	D	E	R	K	N	Q	S	T	A	V	L	I	F	Y	W	H	M	C	P
0	0.01489	0.04186	0.01650	0.04398	0.11609	0.24192	0.06945	0.05131	0.01427	0.04169	0.11651	0.07404	0.03423	0.02626	0.00732	0.00183	0.07096	0.00640	0.00376	0.00674
1	0.01367	0.18286	0.33645	0.07138	0.11116	0.01524	0.05085	0.07305	0.03953	0.03931	0.01079	0.01257	0.00819	0.00542	0.00514	0.00166	0.00725	0.00439	0.00295	0.00813
2	0.05597	0.01698	0.28265	0.01196	0.01716	0.01126	0.01244	0.13187	0.04051	0.16903	0.14517	0.01899	0.01720	0.00699	0.00556	0.00173	0.00583	0.00563	0.00465	0.03845
3	0.01505	0.80561	0.02949	0.00963	0.01444	0.02227	0.00963	0.01685	0.01143	0.01324	0.00782	0.00903	0.00722	0.00481	0.00361	0.00120	0.00602	0.00301	0.00241	0.00722
4	0.01208	0.00903	0.01381	0.16491	0.16937	0.00937	0.02700	0.04858	0.01264	0.10139	0.03844	0.20809	0.04577	0.04969	0.06194	0.00259	0.00614	0.00838	0.00415	0.00664
5	0.01245	0.08648	0.01783	0.04672	0.09623	0.01080	0.17062	0.01595	0.06878	0.09467	0.02123	0.21272	0.07067	0.04034	0.00702	0.00203	0.00574	0.00867	0.00421	0.00683
6	0.00803	0.00539	0.00618	0.00634	0.00638	0.00535	0.00363	0.00814	0.00849	0.01132	0.01932	0.12761	0.02246	0.70872	0.02609	0.00508	0.00519	0.00912	0.00363	0.00355
7	0.00734	0.00532	0.00677	0.00765	0.00832	0.00499	0.00540	0.00856	0.01130	0.01484	0.07312	0.47461	0.12865	0.10955	0.00971	0.00262	0.00369	0.10792	0.00506	0.00458
8	0.05010	0.09919	0.09818	0.04999	0.04251	0.04888	0.07110	0.22017	0.01677	0.16939	0.01420	0.04945	0.01083	0.00746	0.02517	0.00189	0.00667	0.00536	0.00444	0.00823
9	0.01212	0.02687	0.66679	0.01650	0.02438	0.01296	0.09012	0.01828	0.01221	0.05255	0.01078	0.01253	0.00758	0.00536	0.00549	0.00179	0.00827	0.00447	0.00263	0.00831
10	0.00730	0.00552	0.00681	0.00737	0.00845	0.00509	0.00542	0.00886	0.01222	0.01589	0.14017	0.31976	0.26007	0.04176	0.04252	0.00254	0.00388	0.09640	0.00520	0.00478
11	0.04442	0.01296	0.03899	0.01653	0.02077	0.01250	0.34962	0.08469	0.06426	0.12968	0.01485	0.01933	0.01182	0.09128	0.00905	0.00227	0.03802	0.02738	0.00402	0.00754
12	0.00906	0.00689	0.00899	0.00861	0.01012	0.00689	0.02693	0.04195	0.06627	0.01906	0.30507	0.11358	0.09074	0.08036	0.08223	0.00295	0.00494	0.10467	0.00521	0.00549
13	0.00736	0.00542	0.00682	0.00775	0.00855	0.00505	0.00562	0.00866	0.01139	0.01472	0.03494	0.43825	0.18330	0.08415	0.00904	0.00254	0.00374	0.15301	0.00506	0.00463
14	0.04969	0.04721	0.01747	0.11217	0.06250	0.22631	0.06293	0.11669	0.01429	0.01782	0.01119	0.06799	0.00997	0.00775	0.01846	0.00192	0.14005	0.00537	0.00331	0.00691
15	0.09780	0.24252	0.10378	0.01279	0.06902	0.08113	0.01099	0.10416	0.01461	0.19448	0.01236	0.01268	0.00906	0.00574	0.00477	0.00156	0.00625	0.00419	0.00401	0.00811
16	0.01047	0.00704	0.00792	0.00734	0.00955	0.00645	0.00560	0.06385	0.04110	0.11498	0.08821	0.14047	0.45014	0.01281	0.00648	0.00191	0.00344	0.01082	0.00556	0.00588
17	0.01810	0.00976	0.01223	0.01091	0.05013	0.00944	0.00819	0.12856	0.08348	0.35177	0.05050	0.11556	0.10788	0.00919	0.00599	0.00183	0.00457	0.00773	0.00601	0.00817
18	0.01559	0.28324	0.12948	0.04642	0.13702	0.05747	0.04818	0.07242	0.03842	0.07960	0.01098	0.01247	0.00862	0.00558	0.00534	0.00158	0.03206	0.00432	0.00324	0.00798

[dist]
# distance from previous block
# <min> <max>
1	7

[block]
# block no. 6 follows, 42 sequences, length 7
# corresponding to MSA columns:
# 472-478
name=unknown_G
#
# <colnr> <probs for GDERKNQSTAVLIFYWHMCP>
#	G	D	E	R	K	N	Q	S	T	A	V	L	I	F	Y	W	H	M	C	P
0	0.01065	0.00770	0.01024	0.01101	0.08887	0.00724	0.00737	0.06165	0.01359	0.06942	0.15818	0.27941	0.08066	0.01296	0.03701	0.00215	0.00442	0.03641	0.00500	0.09607
1	0.01657	0.01187	0.01553	0.01554	0.13675	0.06295	0.06005	0.07640	0.10742	0.21053	0.01929	0.04498	0.03519	0.02772	0.02536	0.00214	0.03448	0.08445	0.00485	0.00792
2	0.06001	0.04301	0.04756	0.10628	0.19337	0.09531	0.01205	0.03671	0.02721	0.12133	0.01376	0.09518	0.01193	0.00730	0.00669	0.00179	0.08054	0.00585	0.00372	0.03039
3	0.01506	0.33835	0.15197	0.01169	0.01624	0.12524	0.01142	0.11515	0.01445	0.01781	0.05220	0.05283	0.01252	0.00674	0.00490	0.00155	0.00668	0.03454	0.00336	0.00731
4	0.15231	0.05668	0.01516	0.01212	0.03756	0.09467	0.05383	0.13273	0.06530	0.10142	0.09383	0.01645	0.01408	0.00739	0.01865	0.00182	0.06608	0.00518	0.00436	0.05041
5	0.10001	0.01057	0.01408	0.01401	0.13422	0.01045	0.05872	0.12120	0.04174	0.09527	0.10403	0.08537	0.08114	0.00803	0.00564	0.00170	0.00495	0.00694	0.00464	0.09728
6	0.01266	0.01058	0.01199	0.00899	0.01357	0.00906	0.00718	0.09494	0.08670	0.02052	0.01443	0.01530	0.05405	0.00539	0.00463	0.00110	0.00434	0.00432	0.00393	0.61634

[dist]
# distance from previous block
# <min> <max>
0	1

[block]
# block no. 7 follows, 42 sequences, length 12
# corresponding to MSA columns:
# 480-491
name=unknown_H
#
# <colnr> <probs for GDERKNQSTAVLIFYWHMCP>
#	G	D	E	R	K	N	Q	S	T	A	V	L	I	F	Y	W	H	M	C	P
0	0.01065	0.00892	0.00873	0.00844	0.00995	0.10918	0.00613	0.01316	0.05735	0.05804	0.28147	0.20451	0.09966	0.08793	0.00856	0.00221	0.00430	0.01009	0.00520	0.00552
1	0.00792	0.00575	0.00775	0.00779	0.00856	0.00612	0.00560	0.00938	0.00998	0.01389	0.11394	0.08591	0.05563	0.23716	0.39224	0.00636	0.00955	0.00811	0.00378	0.00459
2	0.01345	0.01020	0.01183	0.01038	0.01209	0.04230	0.00802	0.17942	0.07607	0.03487	0.06482	0.07256	0.05521	0.01238	0.01251	0.24031	0.12698	0.00650	0.00414	0.00595
3	0.00946	0.00745	0.00833	0.00869	0.02625	0.04785	0.00597	0.05800	0.01207	0.01575	0.09405	0.24788	0.07257	0.25177	0.04364	0.00336	0.00511	0.07238	0.00453	0.00490
4	0.01183	0.01360	0.14430	0.04729	0.16410	0.04491	0.01159	0.06716	0.07962	0.01986	0.20299	0.07613	0.02304	0.06005	0.00742	0.00202	0.00560	0.00718	0.00423	0.00708
5	0.00809	0.00650	0.00911	0.19934	0.01547	0.00678	0.00749	0.01008	0.01203	0.01586	0.17735	0.26907	0.14479	0.08248	0.00851	0.00230	0.00431	0.01078	0.00459	0.00506
6	0.03936	0.01204	0.03301	0.09817	0.01703	0.04623	0.00974	0.23194	0.10049	0.12708	0.06915	0.11330	0.01813	0.00877	0.00593	0.00186	0.00548	0.04938	0.00517	0.00771
7	0.31271	0.01342	0.01336	0.01070	0.01477	0.01493	0.00881	0.40407	0.05358	0.08346	0.01255	0.01271	0.00900	0.00627	0.00487	0.00172	0.00536	0.00445	0.00497	0.00831
8	0.00835	0.00548	0.00715	0.00767	0.00854	0.00511	0.00535	0.00970	0.01184	0.06487	0.14585	0.49468	0.08733	0.06305	0.04501	0.00265	0.00393	0.01318	0.00528	0.00498
9	0.01333	0.11480	0.24139	0.09548	0.16346	0.08981	0.01561	0.01686	0.01169	0.01579	0.00923	0.01215	0.00758	0.00618	0.00777	0.00180	0.16265	0.00437	0.00254	0.00749
10	0.07285	0.01430	0.14539	0.04787	0.05517	0.01132	0.04356	0.14036	0.01518	0.19394	0.01488	0.04082	0.01143	0.00657	0.00541	0.00167	0.00590	0.03711	0.00445	0.13179
11	0.00730	0.00549	0.00678	0.00711	0.00827	0.00497	0.00519	0.00906	0.01324	0.01758	0.29372	0.29401	0.24203	0.01446	0.00688	0.00202	0.00303	0.04839	0.00556	0.00491

[dist]
# distance from previous block
# <min> <max>
3	8

[block]
# block no. 8 follows, 42 sequences, length 40
# corresponding to MSA columns:
# 500-539
name=unknown_I
#
# <colnr> <probs for GDERKNQSTAVLIFYWHMCP>
#	G	D	E	R	K	N	Q	S	T	A	V	L	I	F	Y	W	H	M	C	P
0	0.01275	0.06131	0.17210	0.01371	0.01833	0.04784	0.15950	0.03629	0.09584	0.04983	0.10942	0.08281	0.01733	0.00725	0.00575	0.00171	0.00632	0.00656	0.00396	0.09138
1	0.01735	0.01257	0.02309	0.01929	0.11962	0.01178	0.33709	0.02152	0.05157	0.27718	0.03915	0.01751	0.01227	0.00590	0.00612	0.00181	0.00704	0.00619	0.00450	0.00844
2	0.01327	0.00781	0.00996	0.02843	0.01154	0.00754	0.00674	0.03712	0.06951	0.19668	0.22117	0.04592	0.02609	0.13594	0.07778	0.00295	0.00524	0.02446	0.00526	0.06657
3	0.01360	0.03607	0.06414	0.13630	0.23473	0.06820	0.05808	0.04986	0.06888	0.04787	0.01522	0.07378	0.03687	0.00725	0.00638	0.00183	0.04375	0.02611	0.00354	0.00754
4	0.01381	0.31289	0.35373	0.06943	0.02115	0.01610	0.04438	0.01798	0.01206	0.07523	0.01026	0.01176	0.00778	0.00527	0.00480	0.00158	0.00718	0.00401	0.00278	0.00783
5	0.06160	0.00964	0.01285	0.00990	0.01421	0.00847	0.00817	0.02694	0.01582	0.73782	0.02156	0.01871	0.01358	0.00689	0.00556	0.00174	0.00477	0.00554	0.00681	0.00942
6	0.01349	0.01075	0.01334	0.01544	0.19598	0.05662	0.00952	0.10724	0.06513	0.08513	0.08808	0.15104	0.10609	0.04774	0.00716	0.00200	0.00510	0.00828	0.00472	0.00714
7	0.01434	0.05034	0.03995	0.13383	0.17703	0.06252	0.25384	0.06564	0.06564	0.04120	0.03239	0.01537	0.01033	0.00559	0.00585	0.00176	0.00760	0.00560	0.00335	0.00781
8	0.00697	0.00529	0.00644	0.00716	0.00813	0.00476	0.00506	0.00830	0.01199	0.01548	0.10674	0.46063	0.27563	0.01589	0.00698	0.00212	0.00314	0.03924	0.00531	0.00472
9	0.00704	0.00501	0.00663	0.00776	0.00816	0.00470	0.00522	0.00812	0.01105	0.01482	0.08045	0.69765	0.03745	0.05274	0.00813	0.00240	0.00336	0.02952	0.00521	0.00458
10	0.03371	0.01419	0.01527	0.05041	0.04051	0.10951	0.02825	0.27350	0.09514	0.14455	0.06520	0.03800	0.01411	0.00733	0.00627	0.00176	0.04324	0.00574	0.00504	0.00824
11	0.01682	0.20814	0.17928	0.01273	0.01756	0.11978	0.01233	0.18676	0.06203	0.06621	0.01222	0.01297	0.01952	0.00618	0.00564	0.00162	0.04404	0.00439	0.00373	0.00806
12	0.01587	0.00847	0.01083	0.04026	0.01279	0.00822	0.00737	0.06955	0.07434	0.29972	0.19691	0.08365	0.03428	0.08602	0.00828	0.00218	0.00441	0.02370	0.00588	0.00727
13	0.03560	0.00580	0.00699	0.00731	0.00854	0.00536	0.00532	0.00979	0.01244	0.04677	0.17385	0.31120	0.22144	0.06140	0.00808	0.00226	0.00341	0.06415	0.00531	0.00498
14	0.07494	0.01534	0.03260	0.04849	0.09741	0.14369	0.22151	0.08261	0.01409	0.03932	0.01255	0.05691	0.02248	0.00632	0.00621	0.00172	0.04204	0.00569	0.00343	0.07267
15	0.01377	0.06444	0.07997	0.09113	0.36347	0.04828	0.03259	0.01824	0.08279	0.04275	0.05187	0.01565	0.01167	0.00605	0.00627	0.00174	0.05276	0.00521	0.00329	0.00805
16	0.00992	0.00596	0.00741	0.00738	0.00853	0.00551	0.00516	0.01110	0.01172	0.11738	0.11444	0.26181	0.12697	0.23685	0.01294	0.00301	0.00404	0.03974	0.00506	0.00506
17	0.04160	0.01312	0.01456	0.05220	0.03504	0.12427	0.04987	0.06391	0.18236	0.22538	0.01774	0.06448	0.01370	0.00904	0.04264	0.00215	0.02902	0.00604	0.00493	0.00796
18	0.10509	0.23335	0.09491	0.01523	0.11794	0.06440	0.07049	0.07452	0.06792	0.08855	0.01162	0.01269	0.00895	0.00555	0.00486	0.00159	0.00648	0.00437	0.00354	0.00794
19	0.04492	0.13021	0.13710	0.06855	0.05129	0.02784	0.01150	0.07877	0.01485	0.33792	0.03286	0.01558	0.01138	0.00622	0.00524	0.00167	0.00596	0.00489	0.00474	0.00849
20	0.01009	0.00653	0.00817	0.00811	0.00923	0.00647	0.00593	0.05557	0.01217	0.07107	0.10637	0.16994	0.04653	0.27491	0.05751	0.00362	0.00519	0.13276	0.00476	0.00508
21	0.01267	0.05264	0.07079	0.01355	0.06234	0.04683	0.12933	0.05647	0.04851	0.07189	0.11814	0.02439	0.06057	0.07911	0.10952	0.00303	0.00732	0.02206	0.00408	0.00676
22	0.04386	0.07744	0.07393	0.02009	0.23960	0.11397	0.06381	0.23929	0.01700	0.02261	0.01087	0.01269	0.00849	0.00576	0.00568	0.00166	0.02656	0.00468	0.00362	0.00838
23	0.01283	0.00754	0.00980	0.00913	0.01098	0.00747	0.00709	0.05875	0.01390	0.19406	0.13470	0.25994	0.08175	0.02550	0.00785	0.00212	0.06100	0.08372	0.00556	0.00633
24	0.00972	0.00779	0.00970	0.00916	0.01064	0.04256	0.00700	0.05566	0.01051	0.01460	0.01462	0.02192	0.01378	0.11993	0.55816	0.00726	0.01245	0.00591	0.00324	0.06539
25	0.16001	0.24090	0.01986	0.07109	0.14258	0.12417	0.01113	0.11130	0.01381	0.01921	0.00929	0.01114	0.00764	0.00552	0.00500	0.00156	0.03132	0.00391	0.00315	0.00741
26	0.44687	0.10988	0.01370	0.01002	0.01367	0.18930	0.00822	0.11547	0.01350	0.02256	0.00879	0.00994	0.00696	0.00551	0.00415	0.00160	0.00612	0.00344	0.00351	0.00679
27	0.01533	0.09930	0.08799	0.13227	0.05672	0.24706	0.06598	0.06464	0.01435	0.03767	0.05753	0.07096	0.01274	0.00681	0.00547	0.00167	0.00758	0.00555	0.00339	0.00698
28	0.01489	0.00720	0.00957	0.00828	0.01064	0.00645	0.00637	0.01698	0.01490	0.32509	0.33125	0.11210	0.03314	0.06755	0.00789	0.00208	0.00379	0.00881	0.00620	0.00683
29	0.00765	0.00555	0.00716	0.00754	0.00851	0.00518	0.00552	0.00951	0.01324	0.01802	0.34582	0.28346	0.10017	0.06228	0.00828	0.00226	0.00333	0.09609	0.00552	0.00490
30	0.00790	0.00581	0.00738	0.00721	0.00857	0.00536	0.00551	0.01029	0.01490	0.02050	0.55794	0.04594	0.15175	0.03848	0.00749	0.00200	0.00305	0.08889	0.00585	0.00515
31	0.07028	0.02965	0.30434	0.01316	0.01852	0.03243	0.07503	0.05280	0.06955	0.13634	0.03899	0.05337	0.06665	0.00716	0.00560	0.00180	0.00644	0.00597	0.00407	0.00782
32	0.01041	0.00782	0.01059	0.00939	0.01144	0.00774	0.05982	0.04759	0.12012	0.05675	0.39400	0.15850	0.06067	0.01112	0.00651	0.00188	0.00377	0.00994	0.00571	0.00624
33	0.00849	0.00772	0.06267	0.00780	0.00963	0.00623	0.00629	0.01140	0.05841	0.03455	0.29023	0.17597	0.19464	0.09006	0.00873	0.00226	0.00365	0.01063	0.00525	0.00540
34	0.01461	0.01249	0.05866	0.01120	0.01467	0.01285	0.00927	0.06127	0.55113	0.08102	0.05502	0.02090	0.01746	0.00753	0.00565	0.00184	0.00463	0.00623	0.04496	0.00862
35	0.01340	0.01219	0.01232	0.04856	0.05977	0.14110	0.00887	0.14012	0.07817	0.02149	0.24402	0.10521	0.03500	0.00959	0.00613	0.00181	0.00536	0.04523	0.00495	0.00672
36	0.05345	0.31516	0.15328	0.02640	0.20892	0.06533	0.01344	0.01838	0.06590	0.01671	0.01009	0.01178	0.00831	0.00525	0.00468	0.00152	0.00667	0.00403	0.00282	0.00786
37	0.07683	0.01234	0.04159	0.02346	0.01458	0.04178	0.00882	0.23239	0.08454	0.15841	0.12891	0.02010	0.03757	0.00781	0.00606	0.02798	0.00512	0.00589	0.00527	0.06056
38	0.04474	0.03483	0.04810	0.03055	0.06853	0.04621	0.00935	0.21527	0.03697	0.10171	0.04976	0.02073	0.01428	0.19641	0.01173	0.00263	0.05073	0.00590	0.00438	0.00718
39	0.07974	0.13400	0.11535	0.01479	0.08297	0.07157	0.04632	0.03522	0.06586	0.06315	0.01131	0.03493	0.00944	0.00684	0.00798	0.00181	0.18027	0.00481	0.00329	0.03038

[dist]
# distance from previous block
# <min> <max>
7	110

[block]
# block no. 9 follows, 42 sequences, length 45
# corresponding to MSA columns:
# 664-708
name=unknown_J
#
# <colnr> <probs for GDERKNQSTAVLIFYWHMCP>
#	G	D	E	R	K	N	Q	S	T	A	V	L	I	F	Y	W	H	M	C	P
0	0.08816	0.15260	0.05728	0.01178	0.03637	0.19025	0.03563	0.03565	0.03430	0.08402	0.11226	0.06409	0.01614	0.00706	0.00514	0.00158	0.00623	0.00555	0.00394	0.05197
1	0.01408	0.08149	0.10522	0.01315	0.07225	0.01237	0.04612	0.06163	0.20044	0.06927	0.01443	0.01556	0.01120	0.03135	0.00585	0.00162	0.00553	0.00486	0.00405	0.22952
2	0.16052	0.07650	0.12615	0.01259	0.07775	0.01181	0.03798	0.07448	0.03095	0.07596	0.03964	0.06761	0.01237	0.02980	0.00566	0.00170	0.00550	0.00527	0.00382	0.14391
3	0.07152	0.03974	0.05355	0.01409	0.08541	0.16007	0.01075	0.28318	0.06515	0.02424	0.03634	0.01683	0.04049	0.00684	0.00538	0.00165	0.00650	0.02829	0.00434	0.04565
4	0.01266	0.09809	0.01553	0.03805	0.11261	0.05905	0.03276	0.03756	0.08741	0.01848	0.09735	0.03917	0.04213	0.02328	0.00563	0.00150	0.00523	0.00555	0.00383	0.26412
5	0.04752	0.00687	0.00883	0.03623	0.01089	0.00719	0.00666	0.05286	0.01172	0.06549	0.04494	0.19060	0.11697	0.06810	0.27069	0.00460	0.00786	0.03216	0.00436	0.00546
6	0.08515	0.04573	0.01511	0.02967	0.01649	0.57433	0.01009	0.04685	0.04154	0.01555	0.00938	0.01110	0.00777	0.00672	0.00607	0.05629	0.00882	0.00382	0.00309	0.00643
7	0.00883	0.03149	0.03643	0.07462	0.01236	0.05717	0.00728	0.01056	0.01185	0.01541	0.09942	0.47435	0.05461	0.02429	0.00689	0.00209	0.00438	0.03526	0.00468	0.02803
8	0.03713	0.03884	0.01398	0.01026	0.01465	0.00991	0.00852	0.11181	0.01693	0.62274	0.02007	0.01774	0.01288	0.00675	0.00550	0.00169	0.00497	0.00538	0.00648	0.03376
9	0.01134	0.05968	0.03255	0.01357	0.13334	0.01033	0.00942	0.03622	0.07341	0.01709	0.03133	0.03080	0.01258	0.01800	0.26390	0.00396	0.02944	0.00524	0.00340	0.20438
10	0.04298	0.06366	0.11314	0.07484	0.14959	0.05793	0.04247	0.06847	0.06742	0.04074	0.03819	0.06003	0.01361	0.03058	0.04385	0.00220	0.00679	0.03854	0.00366	0.04132
11	0.00819	0.00622	0.00933	0.05085	0.01142	0.00726	0.00733	0.01020	0.00912	0.01304	0.01492	0.02239	0.01401	0.07477	0.70414	0.00850	0.01423	0.00607	0.00301	0.00502
12	0.03888	0.10517	0.01761	0.01300	0.01686	0.24162	0.03392	0.29177	0.14407	0.02381	0.01285	0.01324	0.00979	0.00631	0.00524	0.00161	0.00711	0.00464	0.00435	0.00816
13	0.01520	0.12589	0.08501	0.01129	0.03510	0.01228	0.02745	0.18097	0.01507	0.12863	0.01671	0.05587	0.04572	0.10067	0.07975	0.00275	0.00662	0.00599	0.00428	0.04475
14	0.01525	0.39160	0.11831	0.01183	0.01607	0.21322	0.01128	0.01765	0.01269	0.01432	0.01076	0.01559	0.00995	0.00738	0.02744	0.00173	0.01861	0.07659	0.00283	0.00690
15	0.00806	0.00596	0.00869	0.00869	0.00957	0.00684	0.00659	0.00982	0.00894	0.01280	0.01540	0.02390	0.01485	0.13478	0.68842	0.00861	0.01390	0.00629	0.00306	0.00483
16	0.01746	0.01107	0.01314	0.00976	0.01447	0.00977	0.00795	0.16962	0.01596	0.23158	0.01413	0.01414	0.01015	0.00548	0.00489	0.00126	0.00476	0.00434	0.00482	0.43525
17	0.01182	0.00745	0.00921	0.00811	0.01029	0.00714	0.00629	0.06624	0.06508	0.13624	0.49290	0.03616	0.09949	0.01045	0.00636	0.00178	0.00336	0.00902	0.00616	0.00645
18	0.00725	0.00579	0.00653	0.00654	0.00822	0.00507	0.00503	0.00912	0.01368	0.01737	0.24635	0.05180	0.49857	0.01364	0.00676	0.00193	0.00303	0.08288	0.00548	0.00495
19	0.00939	0.00575	0.00663	0.00641	0.00672	0.00565	0.00375	0.00954	0.00874	0.06450	0.01805	0.03558	0.02000	0.74615	0.02702	0.00519	0.00541	0.00801	0.00366	0.00384
20	0.02069	0.02467	0.01585	0.01422	0.01701	0.67526	0.01080	0.02217	0.01544	0.06345	0.00949	0.01089	0.00770	0.00616	0.00606	0.00154	0.06491	0.00385	0.00314	0.00670
21	0.00697	0.00579	0.00616	0.00636	0.00815	0.00498	0.00493	0.00855	0.01280	0.01540	0.05289	0.07042	0.65330	0.01449	0.00681	0.00200	0.00317	0.10681	0.00522	0.00480
22	0.00962	0.00661	0.00774	0.00722	0.00903	0.00611	0.00546	0.05891	0.01436	0.07165	0.26112	0.07006	0.32150	0.06634	0.00849	0.02504	0.00348	0.03637	0.00547	0.00543
23	0.00691	0.00498	0.00645	0.00759	0.00801	0.00463	0.00506	0.00787	0.01078	0.01424	0.03214	0.70509	0.08762	0.05960	0.00830	0.00243	0.00335	0.01529	0.00513	0.00452
24	0.00967	0.00492	0.00725	0.00725	0.00725	0.00492	0.00479	0.00739	0.00739	0.00985	0.01030	0.01840	0.01048	0.07092	0.02243	0.78174	0.00492	0.00510	0.00251	0.00251
25	0.00841	0.00617	0.00711	0.00724	0.00803	0.00618	0.00484	0.01083	0.09313	0.01456	0.07867	0.18700	0.11472	0.38027	0.01692	0.00365	0.00440	0.03876	0.00450	0.00461
26	0.18324	0.00901	0.01007	0.00995	0.01228	0.00969	0.00844	0.12182	0.05423	0.02172	0.02299	0.04142	0.04250	0.01146	0.00634	0.00220	0.00500	0.39802	0.02340	0.00621
27	0.00735	0.00564	0.00673	0.00664	0.00808	0.00502	0.00491	0.00936	0.01421	0.01891	0.41876	0.12766	0.31998	0.01320	0.00670	0.00187	0.00279	0.01144	0.00573	0.00502
28	0.10810	0.00798	0.00911	0.00824	0.01054	0.00746	0.00621	0.01517	0.03247	0.17723	0.25153	0.07872	0.18435	0.06698	0.00804	0.00226	0.00399	0.00910	0.00588	0.00662
29	0.00756	0.00529	0.00647	0.00707	0.00759	0.00500	0.00471	0.00816	0.01020	0.01326	0.02966	0.34478	0.15004	0.25800	0.01476	0.06201	0.00409	0.05272	0.00447	0.00413
30	0.05558	0.00806	0.00988	0.00855	0.01122	0.00765	0.00662	0.01878	0.09642	0.30577	0.17445	0.09292	0.09922	0.06979	0.00773	0.00211	0.00403	0.00819	0.00592	0.00711
31	0.00737	0.00525	0.00624	0.00680	0.00724	0.00496	0.00433	0.00802	0.01003	0.01307	0.02962	0.36701	0.14477	0.34098	0.01596	0.00353	0.00410	0.01212	0.00448	0.00412
32	0.10276	0.01166	0.01357	0.01071	0.01488	0.01183	0.00878	0.21870	0.10753	0.41203	0.01857	0.01689	0.01239	0.00682	0.00545	0.00175	0.00508	0.00533	0.00612	0.00915
33	0.00769	0.00562	0.00727	0.00765	0.00857	0.00534	0.00543	0.01011	0.04703	0.01854	0.36613	0.41705	0.04358	0.01437	0.00687	0.00203	0.00304	0.01290	0.00569	0.00511
34	0.00740	0.00574	0.00697	0.00722	0.00840	0.00556	0.00523	0.00920	0.03200	0.01478	0.07318	0.22100	0.30753	0.08489	0.18064	0.00386	0.00592	0.01102	0.00465	0.00480
35	0.01873	0.00823	0.01089	0.00884	0.01210	0.00725	0.00710	0.03160	0.01565	0.48239	0.20623	0.02802	0.09662	0.00913	0.00645	0.02500	0.00410	0.00734	0.00646	0.00787
36	0.00793	0.00680	0.00694	0.00671	0.00882	0.00635	0.00509	0.01186	0.14044	0.01677	0.06395	0.04826	0.62381	0.01307	0.00649	0.00190	0.00312	0.01090	0.00533	0.00547
37	0.01840	0.01193	0.01322	0.01050	0.01405	0.01270	0.00854	0.43977	0.02127	0.12504	0.09659	0.01870	0.01573	0.00726	0.00543	0.00163	0.00497	0.00573	0.16023	0.00830
38	0.00826	0.00583	0.00785	0.00792	0.00911	0.00595	0.00598	0.00973	0.01075	0.03854	0.07125	0.13069	0.19699	0.02726	0.35499	0.06630	0.00864	0.02497	0.00414	0.00488
39	0.15415	0.01254	0.01172	0.01006	0.01316	0.15091	0.00788	0.07189	0.03879	0.26067	0.09323	0.07346	0.01709	0.03475	0.02343	0.00202	0.00572	0.00612	0.00510	0.00733
40	0.00708	0.00547	0.00653	0.00727	0.00842	0.00492	0.00536	0.00849	0.01198	0.01508	0.04215	0.36943	0.35319	0.01586	0.00704	0.00216	0.00336	0.11624	0.00522	0.00474
41	0.05963	0.00745	0.00978	0.00864	0.01040	0.00736	0.00649	0.07948	0.01163	0.20937	0.01392	0.01854	0.01144	0.01425	0.01481	0.47165	0.00496	0.03093	0.00405	0.00522
42	0.01535	0.17736	0.04215	0.01217	0.01522	0.25951	0.07138	0.03549	0.04756	0.03280	0.01192	0.01716	0.01097	0.17267	0.03154	0.00255	0.02963	0.00504	0.00317	0.00637
43	0.00894	0.00642	0.00890	0.01006	0.01138	0.00637	0.00874	0.01151	0.01311	0.01711	0.07002	0.06208	0.05301	0.01529	0.00768	0.00253	0.00498	0.67145	0.00524	0.00518
44	0.01484	0.76384	0.06949	0.00997	0.01498	0.02177	0.01023	0.01690	0.01146	0.01349	0.00795	0.00918	0.00722	0.00484	0.00370	0.00123	0.00614	0.00307	0.00241	0.00728

[dist]
# distance from previous block
# <min> <max>
2	3

[block]
# block no. 10 follows, 42 sequences, length 15
# corresponding to MSA columns:
# 712-722,724-727
name=unknown_K
#
# <colnr> <probs for GDERKNQSTAVLIFYWHMCP>
#	G	D	E	R	K	N	Q	S	T	A	V	L	I	F	Y	W	H	M	C	P
0	0.01505	0.80561	0.02949	0.00963	0.01444	0.02227	0.00963	0.01685	0.01143	0.01324	0.00782	0.00903	0.00722	0.00481	0.00361	0.00120	0.00602	0.00301	0.00241	0.00722
1	0.07942	0.01525	0.01609	0.01249	0.01686	0.01695	0.01029	0.66386	0.05824	0.03420	0.01353	0.01354	0.00967	0.00669	0.00548	0.00170	0.00598	0.00498	0.00548	0.00929
2	0.00675	0.00571	0.00584	0.00581	0.00766	0.00479	0.00436	0.00828	0.01307	0.01578	0.11266	0.05321	0.70882	0.01404	0.00665	0.00189	0.00284	0.01174	0.00530	0.00479
3	0.00674	0.00570	0.00583	0.00580	0.00766	0.00479	0.00435	0.00826	0.01305	0.01573	0.10730	0.05330	0.71421	0.01406	0.00665	0.00189	0.00284	0.01176	0.00529	0.00479
4	0.00804	0.00603	0.00904	0.00904	0.01005	0.00703	0.00703	0.01005	0.00904	0.01306	0.01507	0.02211	0.01407	0.04221	0.77992	0.00904	0.01507	0.00603	0.00301	0.00502
5	0.01063	0.01000	0.01688	0.78870	0.03876	0.01250	0.01563	0.01438	0.01125	0.01438	0.01000	0.01500	0.00750	0.00563	0.00563	0.00188	0.00750	0.00500	0.00250	0.00625
6	0.00907	0.00648	0.00907	0.01036	0.01166	0.00648	0.00907	0.01166	0.01296	0.01684	0.02980	0.06348	0.03239	0.01555	0.00777	0.00259	0.00518	0.72924	0.00518	0.00518
7	0.01400	0.01209	0.01273	0.01145	0.01463	0.01400	0.00891	0.02990	0.75695	0.02354	0.02291	0.02100	0.01718	0.00764	0.00573	0.00191	0.00445	0.00636	0.00573	0.00891
8	0.06775	0.01937	0.01571	0.01310	0.01683	0.30467	0.01036	0.37576	0.07901	0.02575	0.01211	0.01258	0.00909	0.00638	0.00530	0.00162	0.00744	0.00451	0.00448	0.00817
9	0.01513	0.01508	0.02529	0.01892	0.02370	0.07243	0.44469	0.05835	0.18204	0.06303	0.01451	0.01625	0.01075	0.00571	0.00621	0.00185	0.00797	0.00621	0.00388	0.00802
