[name]
unknown

[dist]
# distance from previous block
# <min> <max>
0	27

[block]
# block no. 0 follows, 52 sequences, length 23
# corresponding to MSA columns:
# 54-76
name=unknown_A
#
# <colnr> <probs for GDERKNQSTAVLIFYWHMCP>
#	G	D	E	R	K	N	Q	S	T	A	V	L	I	F	Y	W	H	M	C	P
0	0.01202	0.01056	0.01194	0.01045	0.01331	0.01206	0.05078	0.02518	0.74732	0.02001	0.01917	0.01780	0.01438	0.00644	0.00497	0.00164	0.00408	0.00549	0.00479	0.00761
1	0.01192	0.01146	0.01940	0.02880	0.75565	0.01170	0.01463	0.01469	0.01083	0.01560	0.00896	0.01192	0.00760	0.00455	0.00542	0.00148	0.05114	0.00431	0.00238	0.00754
2	0.86392	0.00937	0.00712	0.00637	0.00937	0.01087	0.00525	0.01425	0.00825	0.02174	0.00675	0.00787	0.00525	0.00450	0.00300	0.00150	0.00375	0.00262	0.00300	0.00525
3	0.01205	0.01041	0.01096	0.00986	0.01260	0.01205	0.00767	0.02575	0.79071	0.02027	0.01972	0.01808	0.01479	0.00657	0.00493	0.00164	0.00384	0.00548	0.00493	0.00767
4	0.01715	0.01266	0.01358	0.01058	0.01407	0.01399	0.00859	0.68236	0.05471	0.02824	0.01230	0.01368	0.00935	0.07812	0.00659	0.00175	0.00521	0.00465	0.00468	0.00775
5	0.01842	0.01357	0.01454	0.01115	0.01503	0.01503	0.00921	0.78330	0.02278	0.03054	0.01163	0.01163	0.00824	0.00582	0.00485	0.00145	0.00533	0.00436	0.00485	0.00824
6	0.00705	0.00470	0.00529	0.00529	0.00529	0.00470	0.00294	0.00705	0.00705	0.00940	0.01527	0.03171	0.01762	0.82969	0.02467	0.00470	0.00470	0.00705	0.00294	0.00294
7	0.86392	0.00937	0.00712	0.00637	0.00937	0.01087	0.00525	0.01425	0.00825	0.02174	0.00675	0.00787	0.00525	0.00450	0.00300	0.00150	0.00375	0.00262	0.00300	0.00525
8	0.01160	0.01111	0.01896	0.13859	0.69369	0.01141	0.01468	0.01453	0.01085	0.01536	0.00905	0.01212	0.00751	0.00439	0.00480	0.00146	0.00585	0.00432	0.00236	0.00736
9	0.00915	0.00861	0.01453	0.81804	0.03338	0.01077	0.01346	0.01238	0.00969	0.01238	0.00861	0.01292	0.00646	0.00484	0.00484	0.00161	0.00646	0.00431	0.00215	0.00538
10	0.01032	0.01033	0.01472	0.45227	0.04272	0.06295	0.01218	0.01262	0.00914	0.01217	0.00773	0.01178	0.00644	0.00618	0.00888	0.00177	0.30601	0.00421	0.00217	0.00542
11	0.01657	0.04096	0.01392	0.01204	0.01468	0.63272	0.03832	0.03488	0.08175	0.01318	0.01081	0.01167	0.04692	0.00546	0.00452	0.00132	0.00781	0.00380	0.00285	0.00583
12	0.01187	0.01143	0.01925	0.02825	0.73045	0.01181	0.01450	0.01459	0.01072	0.01547	0.00887	0.01187	0.00756	0.00468	0.00577	0.00150	0.07725	0.00431	0.00237	0.00747
13	0.01182	0.01004	0.01069	0.00958	0.01222	0.01150	0.00745	0.05056	0.69592	0.02055	0.08762	0.01945	0.01728	0.00684	0.00500	0.00163	0.00375	0.00573	0.00496	0.00742
14	0.01060	0.01060	0.01484	0.01272	0.01272	0.01484	0.01060	0.01166	0.00742	0.01166	0.00636	0.01060	0.00636	0.00848	0.01590	0.00212	0.82082	0.00424	0.00212	0.00530
15	0.01239	0.01018	0.01088	0.00968	0.01242	0.01161	0.00755	0.05368	0.69378	0.04939	0.05853	0.01869	0.01600	0.00669	0.00497	0.00163	0.00382	0.00558	0.00499	0.00756
16	0.00643	0.00487	0.02355	0.00698	0.00759	0.00426	0.00499	0.00749	0.00957	0.03011	0.02706	0.71776	0.06402	0.01453	0.00613	0.00195	0.00300	0.05112	0.00448	0.00414
17	0.00903	0.00452	0.00452	0.00452	0.00565	0.00452	0.00339	0.01129	0.01016	0.01807	0.01581	0.01807	0.01242	0.00565	0.00339	0.00113	0.00226	0.00452	0.85659	0.00452
18	0.00882	0.00808	0.01337	0.70030	0.02959	0.00987	0.01217	0.01191	0.01027	0.01340	0.12293	0.01630	0.01215	0.00558	0.00497	0.00160	0.00585	0.00495	0.00261	0.00527
19	0.00915	0.00861	0.01453	0.81804	0.03338	0.01077	0.01346	0.01238	0.00969	0.01238	0.00861	0.01292	0.00646	0.00484	0.00484	0.00161	0.00646	0.00431	0.00215	0.00538
20	0.00903	0.00452	0.00452	0.00452	0.00565	0.00452	0.00339	0.01129	0.01016	0.01807	0.01581	0.01807	0.01242	0.00565	0.00339	0.00113	0.00226	0.00452	0.85659	0.00452
21	0.86392	0.00937	0.00712	0.00637	0.00937	0.01087	0.00525	0.01425	0.00825	0.02174	0.00675	0.00787	0.00525	0.00450	0.00300	0.00150	0.00375	0.00262	0.00300	0.00525
22	0.03008	0.01076	0.01468	0.47948	0.08550	0.04653	0.01199	0.21409	0.01344	0.03339	0.00956	0.01230	0.00709	0.00508	0.00478	0.00154	0.00611	0.00425	0.00298	0.00637

[dist]
# distance from previous block
# <min> <max>
0	1

[block]
# block no. 1 follows, 52 sequences, length 35
# corresponding to MSA columns:
# 78-99,131-143
name=unknown_B
#
# <colnr> <probs for GDERKNQSTAVLIFYWHMCP>
#	G	D	E	R	K	N	Q	S	T	A	V	L	I	F	Y	W	H	M	C	P
0	0.05701	0.01132	0.01292	0.01029	0.02985	0.01186	0.00829	0.46120	0.01859	0.28065	0.01393	0.01326	0.00945	0.00578	0.00473	0.00146	0.00478	0.00445	0.03221	0.00798
1	0.00694	0.00513	0.00745	0.00745	0.00820	0.00587	0.00563	0.00844	0.00769	0.01100	0.01329	0.02075	0.01286	0.14382	0.70403	0.00737	0.01186	0.00544	0.00264	0.00414
2	0.01060	0.01060	0.01484	0.01272	0.01272	0.01484	0.01060	0.01166	0.00742	0.01166	0.00636	0.01060	0.00636	0.00848	0.01590	0.00212	0.82082	0.00424	0.00212	0.00530
3	0.00639	0.00477	0.00542	0.00575	0.00695	0.00414	0.00412	0.00750	0.01048	0.04217	0.03946	0.34218	0.47714	0.01315	0.00587	0.00176	0.00265	0.01138	0.00456	0.00419
4	0.01144	0.01307	0.02859	0.02042	0.02533	0.01225	0.78186	0.01552	0.01144	0.01552	0.00980	0.01307	0.00735	0.00408	0.00572	0.00163	0.00817	0.00572	0.00245	0.00654
5	0.01241	0.01165	0.01934	0.02855	0.74897	0.01174	0.01451	0.06433	0.01179	0.01678	0.00928	0.01197	0.00771	0.00441	0.00480	0.00144	0.00573	0.00432	0.00256	0.00771
6	0.01609	0.01241	0.01530	0.01550	0.20482	0.01343	0.01048	0.51955	0.01874	0.03880	0.01195	0.01455	0.00940	0.00599	0.00516	0.00151	0.02085	0.05344	0.00420	0.00781
7	0.01144	0.01041	0.01487	0.12074	0.20599	0.01138	0.07791	0.04278	0.36254	0.01761	0.01501	0.06315	0.01216	0.00607	0.00503	0.00160	0.00501	0.00552	0.00371	0.00707
8	0.00903	0.00452	0.00452	0.00452	0.00565	0.00452	0.00339	0.01129	0.01016	0.01807	0.01581	0.01807	0.01242	0.00565	0.00339	0.00113	0.00226	0.00452	0.85659	0.00452
9	0.23924	0.00995	0.01105	0.00871	0.01230	0.01018	0.00719	0.22197	0.01477	0.39617	0.01393	0.01297	0.00925	0.00556	0.00438	0.00149	0.00435	0.00416	0.00492	0.00747
10	0.07414	0.01200	0.02047	0.06180	0.20584	0.01219	0.31823	0.17083	0.01328	0.01901	0.00994	0.01232	0.00759	0.00462	0.00500	0.00152	0.00640	0.00477	0.03311	0.00693
11	0.00903	0.00452	0.00452	0.00452	0.00565	0.00452	0.00339	0.01129	0.01016	0.01807	0.01581	0.01807	0.01242	0.00565	0.00339	0.00113	0.00226	0.00452	0.85659	0.00452
12	0.78868	0.00927	0.00749	0.00657	0.00964	0.01054	0.00542	0.01508	0.00875	0.09153	0.00785	0.00864	0.00585	0.00463	0.00317	0.00150	0.00378	0.00283	0.00327	0.00552
13	0.00693	0.00515	0.00755	0.00755	0.00834	0.00593	0.00576	0.00850	0.00772	0.01107	0.01320	0.02023	0.01263	0.11126	0.73628	0.00750	0.01220	0.00537	0.00263	0.00420
14	0.01005	0.00861	0.01005	0.00718	0.01148	0.00646	0.00574	0.01220	0.01005	0.01579	0.00861	0.01005	0.00718	0.00359	0.00359	0.00072	0.00359	0.00287	0.00287	0.85932
15	0.01812	0.04113	0.07271	0.02278	0.01442	0.05453	0.02261	0.25949	0.01577	0.35744	0.01408	0.01362	0.00957	0.00685	0.03495	0.00171	0.02344	0.00444	0.00468	0.00766
16	0.01522	0.01000	0.01509	0.04567	0.36883	0.00954	0.01074	0.05935	0.01245	0.27789	0.01263	0.01340	0.00913	0.00492	0.00467	0.00138	0.00491	0.00435	0.01975	0.10007
17	0.01089	0.01039	0.01768	0.33530	0.50251	0.01122	0.01432	0.01391	0.01051	0.01449	0.00892	0.01235	0.00720	0.00452	0.00482	0.00151	0.00603	0.00431	0.00230	0.00679
18	0.00881	0.00753	0.01117	0.04362	0.25848	0.00758	0.00893	0.01176	0.07455	0.01462	0.02214	0.23429	0.10352	0.01001	0.00565	0.00178	0.00425	0.16194	0.00378	0.00560
19	0.00915	0.00861	0.01453	0.81804	0.03338	0.01077	0.01346	0.01238	0.00969	0.01238	0.00861	0.01292	0.00646	0.00484	0.00484	0.00161	0.00646	0.00431	0.00215	0.00538
20	0.01370	0.01185	0.01669	0.06571	0.33430	0.01332	0.01204	0.27133	0.01416	0.01972	0.00938	0.01165	0.00753	0.00569	0.00705	0.00159	0.16959	0.00432	0.00315	0.00725
21	0.00695	0.00508	0.00724	0.00724	0.00792	0.00576	0.00538	0.00830	0.00763	0.01085	0.01348	0.02180	0.01331	0.20900	0.63947	0.00712	0.01118	0.00560	0.00267	0.00402
22	0.01755	0.02275	0.04217	0.01254	0.01512	0.75476	0.00971	0.01895	0.01339	0.01198	0.00750	0.00886	0.00624	0.00510	0.00477	0.00129	0.03603	0.00318	0.00247	0.00566
23	0.00842	0.00421	0.00631	0.00631	0.00631	0.00421	0.00421	0.00631	0.00631	0.00842	0.00842	0.01473	0.00842	0.01684	0.01894	0.85901	0.00421	0.00421	0.00210	0.00210
24	0.05657	0.01304	0.01400	0.01077	0.01460	0.01433	0.00890	0.69990	0.02156	0.07986	0.01190	0.01178	0.00835	0.00577	0.00477	0.00146	0.00518	0.00432	0.00484	0.00811
25	0.01100	0.01190	0.24813	0.03633	0.01345	0.00734	0.00949	0.01405	0.01197	0.19260	0.18989	0.02592	0.15146	0.00785	0.00522	0.00158	0.00445	0.04706	0.00420	0.00612
26	0.01199	0.01151	0.01967	0.02974	0.79946	0.01151	0.01487	0.01487	0.01103	0.01583	0.00912	0.01199	0.00768	0.00432	0.00480	0.00144	0.00576	0.00432	0.00240	0.00768
27	0.05542	0.00843	0.01106	0.00861	0.01226	0.00759	0.00708	0.02337	0.06364	0.72063	0.01865	0.01625	0.01190	0.00597	0.00480	0.00151	0.00409	0.00482	0.00581	0.00809
28	0.01128	0.01083	0.01876	0.04494	0.65036	0.01079	0.06582	0.01405	0.01086	0.01539	0.01090	0.09328	0.01006	0.00540	0.00500	0.00151	0.00564	0.00536	0.00261	0.00717
29	0.03805	0.00873	0.01430	0.75453	0.03164	0.01095	0.01305	0.01241	0.00954	0.01267	0.00845	0.01265	0.00641	0.00500	0.00528	0.00163	0.04291	0.00425	0.00218	0.00538
30	0.00915	0.00861	0.01453	0.81804	0.03338	0.01077	0.01346	0.01238	0.00969	0.01238	0.00861	0.01292	0.00646	0.00484	0.00484	0.00161	0.00646	0.00431	0.00215	0.00538
31	0.01292	0.01348	0.01605	0.21001	0.33321	0.20191	0.01229	0.04544	0.03520	0.01477	0.00900	0.01150	0.00725	0.00469	0.00465	0.00140	0.00644	0.00399	0.00256	0.05323
32	0.01270	0.00977	0.01067	0.00950	0.01222	0.01097	0.00745	0.02425	0.64736	0.10320	0.06230	0.01976	0.01650	0.00686	0.00501	0.00164	0.00380	0.02352	0.00506	0.00749
33	0.01241	0.01067	0.01389	0.01146	0.01468	0.01162	0.13694	0.02345	0.59044	0.06211	0.01764	0.01687	0.01313	0.00602	0.00501	0.00160	0.00457	0.00539	0.00450	0.03759
34	0.81769	0.00960	0.00753	0.00663	0.00968	0.01110	0.00546	0.05630	0.00904	0.02222	0.00701	0.00808	0.00541	0.00457	0.00310	0.00150	0.00384	0.00272	0.00310	0.00541

[dist]
# distance from previous block
# <min> <max>
0	1

[block]
# block no. 2 follows, 52 sequences, length 29
# corresponding to MSA columns:
# 145-173
name=unknown_C
#
# <colnr> <probs for GDERKNQSTAVLIFYWHMCP>
#	G	D	E	R	K	N	Q	S	T	A	V	L	I	F	Y	W	H	M	C	P
0	0.01338	0.01098	0.01166	0.01005	0.01301	0.01252	0.00794	0.20103	0.58970	0.02263	0.04069	0.01712	0.01418	0.00650	0.00493	0.00160	0.00414	0.00532	0.00492	0.00771
1	0.86392	0.00937	0.00712	0.00637	0.00937	0.01087	0.00525	0.01425	0.00825	0.02174	0.00675	0.00787	0.00525	0.00450	0.00300	0.00150	0.00375	0.00262	0.00300	0.00525
2	0.00877	0.00820	0.01346	0.72767	0.03039	0.01002	0.01237	0.01178	0.00984	0.01246	0.01311	0.01667	0.09438	0.00567	0.00494	0.00162	0.00601	0.00496	0.00241	0.00524
3	0.00921	0.00572	0.00781	0.00838	0.00976	0.00554	0.00715	0.01130	0.01139	0.10226	0.04799	0.08697	0.05231	0.01220	0.00627	0.00205	0.00412	0.56477	0.03994	0.00485
4	0.00943	0.01066	0.10274	0.66880	0.09017	0.01088	0.01406	0.01290	0.00985	0.01297	0.00866	0.01255	0.00652	0.00478	0.00481	0.00159	0.00648	0.00423	0.00216	0.00576
5	0.01044	0.01047	0.01264	0.01122	0.01178	0.10073	0.00909	0.01191	0.02243	0.01169	0.00861	0.01312	0.00821	0.03059	0.22100	0.00354	0.49067	0.00444	0.00235	0.00508
6	0.00640	0.00436	0.00567	0.00667	0.00712	0.00413	0.00464	0.00752	0.00953	0.01317	0.02541	0.67508	0.02954	0.01398	0.00591	0.00190	0.00288	0.07283	0.09921	0.00404
7	0.01185	0.01331	0.10651	0.05696	0.65704	0.03909	0.01497	0.01499	0.01099	0.01551	0.00899	0.01172	0.00741	0.00439	0.00476	0.00145	0.00604	0.00419	0.00235	0.00746
8	0.00882	0.04186	0.01100	0.04871	0.19696	0.03988	0.02060	0.01102	0.03561	0.01455	0.16219	0.06351	0.21598	0.09966	0.00740	0.00188	0.00416	0.00727	0.00367	0.00525
9	0.00842	0.00531	0.00675	0.00622	0.00773	0.00477	0.00472	0.01042	0.01310	0.11274	0.54286	0.06755	0.17070	0.01006	0.00563	0.00156	0.00256	0.00875	0.00524	0.00491
10	0.00818	0.00697	0.01096	0.24547	0.01650	0.00781	0.06476	0.00994	0.00868	0.01179	0.01295	0.11613	0.01306	0.18526	0.15735	0.02360	0.05183	0.00623	0.00273	0.03980
11	0.00965	0.00912	0.01544	0.67931	0.16820	0.01090	0.01371	0.01282	0.00993	0.01299	0.00870	0.01276	0.00667	0.00475	0.00484	0.00158	0.00634	0.00431	0.00220	0.00579
12	0.10462	0.00917	0.01454	0.60062	0.15433	0.01090	0.01277	0.01299	0.00975	0.01398	0.00849	0.01221	0.00652	0.00472	0.00463	0.00157	0.00605	0.00412	0.00229	0.00574
13	0.00965	0.00723	0.00682	0.00644	0.00707	0.10227	0.00408	0.00997	0.00845	0.07831	0.01466	0.02762	0.01576	0.65878	0.02050	0.00400	0.00514	0.00638	0.00315	0.00372
14	0.00999	0.02313	0.01542	0.40796	0.24777	0.01046	0.03396	0.01341	0.04554	0.01403	0.01165	0.03976	0.01029	0.00597	0.00507	0.00163	0.00584	0.08939	0.00268	0.00605
15	0.01669	0.02061	0.01335	0.01186	0.01443	0.66652	0.00900	0.01804	0.01292	0.01232	0.00756	0.00901	0.00636	0.00503	0.00495	0.00124	0.05566	0.00316	0.00252	0.10878
16	0.70642	0.00982	0.00784	0.00677	0.00993	0.04329	0.00552	0.01442	0.00882	0.03854	0.00729	0.00837	0.00568	0.00444	0.00317	0.00139	0.00394	0.00273	0.00303	0.10856
17	0.00760	0.00550	0.00704	0.00830	0.10135	0.00549	0.00444	0.00798	0.00762	0.01029	0.01499	0.06144	0.01700	0.69703	0.02152	0.00419	0.00475	0.00699	0.00293	0.00355
18	0.00910	0.00846	0.01425	0.65240	0.07409	0.01010	0.03379	0.01222	0.01030	0.01352	0.10395	0.01568	0.01130	0.00541	0.00497	0.00159	0.00596	0.00489	0.00256	0.00545
19	0.00998	0.12176	0.67438	0.01280	0.01932	0.01191	0.01614	0.01497	0.01034	0.01505	0.04404	0.01111	0.00794	0.00479	0.00447	0.00147	0.00670	0.00370	0.00220	0.00693
20	0.76072	0.00928	0.00748	0.00647	0.00963	0.01034	0.00531	0.01400	0.00846	0.02102	0.00697	0.00814	0.00548	0.00439	0.00307	0.00140	0.00373	0.00265	0.00298	0.10848
21	0.19716	0.00924	0.01101	0.01009	0.04859	0.01008	0.07612	0.04754	0.29155	0.01830	0.03285	0.08322	0.01378	0.10598	0.00705	0.00197	0.00434	0.00568	0.00386	0.02161
22	0.01141	0.00924	0.01373	0.02905	0.20020	0.00890	0.08358	0.02669	0.13040	0.09018	0.08302	0.10576	0.01509	0.00639	0.00493	0.00143	0.00451	0.00586	0.00374	0.16589
23	0.01408	0.00916	0.01352	0.02846	0.10745	0.00805	0.09368	0.01680	0.03527	0.27271	0.04884	0.01482	0.02407	0.00506	0.00459	0.00126	0.00452	0.00451	0.00397	0.28919
24	0.01137	0.00969	0.01467	0.03523	0.42870	0.00925	0.01066	0.04032	0.02262	0.06186	0.02949	0.03897	0.10476	0.00574	0.00476	0.00136	0.00471	0.00517	0.00317	0.15750
25	0.01436	0.01011	0.01351	0.01393	0.21436	0.00932	0.00895	0.14350	0.01321	0.18144	0.01142	0.01215	0.00848	0.00465	0.00437	0.00119	0.00455	0.00391	0.00373	0.32287
26	0.01230	0.01083	0.01905	0.20627	0.40873	0.01112	0.13828	0.03012	0.01129	0.08975	0.01011	0.01280	0.00777	0.00459	0.00497	0.00152	0.00615	0.00460	0.00274	0.00703
27	0.01165	0.01036	0.01645	0.15762	0.43721	0.03378	0.04194	0.01489	0.04291	0.06528	0.10755	0.01562	0.01268	0.00531	0.00495	0.00149	0.00545	0.00497	0.00305	0.00683
28	0.01382	0.00928	0.01281	0.06030	0.11945	0.04126	0.04174	0.02710	0.05269	0.25630	0.17856	0.01854	0.01709	0.00664	0.00625	0.00155	0.09522	0.00545	0.00426	0.03170

[dist]
# distance from previous block
# <min> <max>
0	26

# created by:
# /home/cegg/simao/soft/augustus-3.2.1/scripts/msa2prfl.pl ./align_prep/EOG091G10FG.fa
