[name]
unknown

[dist]
# distance from previous block
# <min> <max>
0	22

[block]
# block no. 0 follows, 48 sequences, length 23
# corresponding to MSA columns:
# 24-46
name=unknown_A
#
# <colnr> <probs for GDERKNQSTAVLIFYWHMCP>
#	G	D	E	R	K	N	Q	S	T	A	V	L	I	F	Y	W	H	M	C	P
0	0.11771	0.18929	0.07952	0.00988	0.01376	0.02902	0.00899	0.17250	0.11461	0.11743	0.01473	0.01633	0.04068	0.00633	0.00462	0.00154	0.00510	0.04663	0.00409	0.00725
1	0.01270	0.48849	0.07674	0.00893	0.01315	0.01569	0.00869	0.09101	0.01202	0.01514	0.01382	0.02750	0.10220	0.00579	0.00404	0.00124	0.00509	0.00422	0.00293	0.09062
2	0.11354	0.01713	0.34436	0.01376	0.01890	0.01090	0.20082	0.01522	0.02486	0.03118	0.05333	0.01536	0.01055	0.08700	0.00716	0.00197	0.00668	0.00495	0.00283	0.01953
3	0.01006	0.00949	0.01605	0.71288	0.12694	0.01150	0.01443	0.01343	0.01043	0.01355	0.00918	0.01356	0.00700	0.00506	0.00512	0.00169	0.00675	0.00456	0.00231	0.00600
4	0.01917	0.02445	0.01454	0.01322	0.01586	0.79907	0.00991	0.02049	0.01454	0.01256	0.00793	0.00925	0.00661	0.00529	0.00463	0.00132	0.00925	0.00330	0.00264	0.00595
5	0.00746	0.00497	0.00560	0.00560	0.00560	0.00497	0.00311	0.00746	0.00746	0.00995	0.01617	0.03358	0.01865	0.81967	0.02612	0.00497	0.00497	0.00746	0.00311	0.00311
6	0.00969	0.00912	0.01539	0.80734	0.03534	0.01140	0.01425	0.01311	0.01026	0.01311	0.00912	0.01368	0.00684	0.00513	0.00513	0.00171	0.00684	0.00456	0.00228	0.00570
7	0.01776	0.01333	0.01504	0.01187	0.01566	0.01464	0.03790	0.62809	0.06088	0.02948	0.01418	0.01730	0.01114	0.00694	0.00537	0.00164	0.00559	0.07998	0.00500	0.00823
8	0.01326	0.00837	0.01048	0.00899	0.01134	0.00865	0.01956	0.16388	0.05584	0.17899	0.10611	0.10261	0.08640	0.03507	0.13804	0.00287	0.03119	0.00711	0.00480	0.00645
9	0.00733	0.00550	0.00825	0.00825	0.00916	0.00641	0.00641	0.00916	0.00825	0.01191	0.01374	0.02016	0.01283	0.03848	0.79934	0.00825	0.01374	0.00550	0.00275	0.00458
10	0.00727	0.00544	0.00812	0.00819	0.00907	0.00629	0.00632	0.00905	0.00833	0.01198	0.01455	0.06425	0.01400	0.03724	0.75544	0.00791	0.01315	0.00600	0.00286	0.00456
11	0.01089	0.06656	0.71833	0.01420	0.02146	0.01253	0.01802	0.05084	0.01142	0.01678	0.00925	0.01077	0.00661	0.00491	0.00481	0.00159	0.00739	0.00378	0.00230	0.00758
12	0.01257	0.01213	0.02051	0.04827	0.59718	0.01232	0.09051	0.01715	0.10504	0.01721	0.01108	0.01362	0.00898	0.00485	0.00520	0.00158	0.00612	0.00487	0.00287	0.00794
13	0.00722	0.00504	0.00647	0.00653	0.00743	0.00473	0.00471	0.00909	0.01255	0.01773	0.47984	0.21033	0.03990	0.08307	0.00782	0.00201	0.00284	0.03345	0.05471	0.00453
14	0.80633	0.01015	0.00888	0.00762	0.01092	0.01160	0.05043	0.01516	0.00893	0.02263	0.00733	0.00866	0.00569	0.00474	0.00334	0.00160	0.00424	0.00297	0.00314	0.00564
15	0.00736	0.00494	0.00547	0.00559	0.00605	0.00476	0.00346	0.00796	0.00880	0.01202	0.02337	0.11313	0.14616	0.50760	0.01812	0.00369	0.00407	0.00841	0.10542	0.00362
16	0.05371	0.01035	0.01515	0.57378	0.10873	0.05755	0.01313	0.01382	0.01052	0.01409	0.00905	0.01299	0.00704	0.00571	0.02031	0.00175	0.02080	0.00434	0.00242	0.04475
17	0.35308	0.01474	0.10653	0.01006	0.01397	0.09198	0.00902	0.27211	0.01502	0.02422	0.03831	0.01121	0.00846	0.00552	0.00430	0.00155	0.00545	0.00382	0.00376	0.00689
18	0.00865	0.00758	0.00770	0.00721	0.00862	0.10151	0.00541	0.01087	0.01437	0.01923	0.64976	0.03540	0.08415	0.01000	0.00588	0.00158	0.00326	0.00864	0.00523	0.00495
19	0.01065	0.10578	0.68013	0.01371	0.02084	0.01253	0.01734	0.01601	0.01078	0.01585	0.00900	0.01056	0.00656	0.00478	0.00467	0.00153	0.00720	0.00365	0.00221	0.04621
20	0.01077	0.02352	0.62238	0.01738	0.11587	0.01206	0.09397	0.01621	0.01107	0.01633	0.00938	0.01136	0.00683	0.00478	0.00502	0.00162	0.00751	0.00411	0.00226	0.00758
21	0.01277	0.01164	0.01896	0.09705	0.50227	0.01199	0.05840	0.10693	0.01311	0.01817	0.01173	0.01735	0.01021	0.00577	0.00535	0.00164	0.00612	0.07992	0.00305	0.00757
22	0.01166	0.01110	0.01850	0.08824	0.63448	0.01117	0.01419	0.01452	0.01157	0.01613	0.01476	0.01724	0.10269	0.00564	0.00520	0.00156	0.00573	0.00533	0.00279	0.00748

[dist]
# distance from previous block
# <min> <max>
0	1

[block]
# block no. 1 follows, 48 sequences, length 8
# corresponding to MSA columns:
# 48-55
name=unknown_B
#
# <colnr> <probs for GDERKNQSTAVLIFYWHMCP>
#	G	D	E	R	K	N	Q	S	T	A	V	L	I	F	Y	W	H	M	C	P
0	0.01863	0.01387	0.01743	0.01312	0.01738	0.01484	0.12666	0.59884	0.02157	0.08632	0.01261	0.01294	0.00888	0.00589	0.00528	0.00157	0.00601	0.00488	0.00483	0.00845
1	0.00629	0.00454	0.00596	0.00701	0.00743	0.00421	0.00472	0.00728	0.01015	0.01351	0.06727	0.73914	0.07221	0.01564	0.00650	0.00204	0.00293	0.01413	0.00481	0.00421
2	0.01157	0.02624	0.68088	0.01442	0.02129	0.12537	0.01765	0.01686	0.01137	0.01572	0.00902	0.01061	0.00652	0.00493	0.00484	0.00158	0.00782	0.00372	0.00224	0.00735
3	0.00954	0.00966	0.00983	0.01106	0.12151	0.12893	0.00731	0.01114	0.01185	0.01404	0.03443	0.03551	0.45603	0.01036	0.00656	0.00171	0.06430	0.04705	0.00393	0.00524
4	0.00715	0.00595	0.00967	0.00928	0.01040	0.00553	0.12256	0.00859	0.01027	0.01365	0.02670	0.65427	0.06746	0.01411	0.00645	0.00201	0.00383	0.01308	0.00443	0.00460
5	0.00644	0.00458	0.00604	0.00714	0.00746	0.00432	0.00481	0.00734	0.00974	0.01297	0.02731	0.71930	0.03256	0.07670	0.00805	0.00232	0.00322	0.05093	0.00464	0.00412
6	0.01231	0.01212	0.02165	0.10760	0.60283	0.01223	0.12417	0.01558	0.01160	0.01635	0.00970	0.01296	0.00795	0.00459	0.00523	0.00157	0.00654	0.00478	0.00252	0.00771
7	0.01387	0.39835	0.31221	0.01103	0.01655	0.01519	0.01241	0.01718	0.01124	0.13378	0.00993	0.01063	0.00750	0.00487	0.00417	0.00137	0.00610	0.00351	0.00283	0.00729

[dist]
# distance from previous block
# <min> <max>
0	1

[block]
# block no. 2 follows, 48 sequences, length 37
# corresponding to MSA columns:
# 57-93
name=unknown_C
#
# <colnr> <probs for GDERKNQSTAVLIFYWHMCP>
#	G	D	E	R	K	N	Q	S	T	A	V	L	I	F	Y	W	H	M	C	P
0	0.01421	0.25465	0.02129	0.08287	0.23719	0.18958	0.06910	0.02749	0.01195	0.01423	0.00850	0.01074	0.00718	0.00484	0.00482	0.00140	0.02679	0.00386	0.00247	0.00684
1	0.01049	0.00956	0.04637	0.08924	0.01495	0.00789	0.04639	0.02589	0.02377	0.04656	0.01596	0.06502	0.09981	0.00614	0.00495	0.00124	0.02438	0.00518	0.00339	0.45283
2	0.00689	0.00521	0.00701	0.09965	0.01049	0.00514	0.00563	0.00805	0.01024	0.01339	0.08304	0.46002	0.15346	0.05243	0.00793	0.04780	0.00350	0.01153	0.00432	0.00427
3	0.01431	0.54545	0.06198	0.00994	0.01394	0.14736	0.00937	0.05841	0.01174	0.01350	0.00814	0.00963	0.00716	0.00713	0.06125	0.00170	0.00682	0.00319	0.00247	0.00651
4	0.00897	0.00837	0.04564	0.04079	0.18736	0.00790	0.00862	0.01177	0.04946	0.01622	0.16143	0.19013	0.13124	0.00972	0.00634	0.00173	0.05298	0.00843	0.04715	0.00574
5	0.01287	0.05263	0.22877	0.01137	0.01583	0.01079	0.06549	0.15268	0.04827	0.09683	0.08761	0.07001	0.05942	0.00696	0.00520	0.00158	0.00542	0.00587	0.00399	0.05840
6	0.01252	0.01200	0.02050	0.07863	0.74196	0.01214	0.01566	0.01559	0.01160	0.01654	0.00962	0.01276	0.00805	0.00461	0.00508	0.00154	0.00614	0.00457	0.00252	0.00798
7	0.00624	0.00452	0.00590	0.00700	0.00740	0.00418	0.00470	0.00716	0.00996	0.01315	0.03002	0.75993	0.08920	0.01585	0.00651	0.00206	0.00295	0.01431	0.00476	0.00418
8	0.01296	0.01046	0.01614	0.04062	0.42534	0.01060	0.03695	0.07755	0.04374	0.06934	0.01308	0.01621	0.02155	0.06416	0.00647	0.00176	0.00534	0.00504	0.11543	0.00725
9	0.01260	0.01230	0.02299	0.01720	0.02135	0.01223	0.47782	0.01894	0.19510	0.06441	0.01429	0.05622	0.01127	0.00583	0.00617	0.00176	0.03252	0.00633	0.00355	0.00714
10	0.00746	0.00497	0.00560	0.00560	0.00560	0.00497	0.00311	0.00746	0.00746	0.00995	0.01617	0.03358	0.01865	0.81967	0.02612	0.00497	0.00497	0.00746	0.00311	0.00311
11	0.01155	0.00699	0.00736	0.00664	0.00847	0.00730	0.00514	0.16675	0.03964	0.03116	0.01763	0.07602	0.03068	0.00694	0.00425	0.00137	0.00318	0.00563	0.55761	0.00570
12	0.00949	0.00796	0.01357	0.01267	0.06922	0.00757	0.18863	0.04111	0.01149	0.04978	0.02277	0.41947	0.06056	0.01135	0.00621	0.00191	0.00480	0.05173	0.00417	0.00553
13	0.01083	0.01030	0.01550	0.58323	0.07648	0.05488	0.03886	0.05942	0.01146	0.01458	0.01071	0.07133	0.00901	0.00593	0.00523	0.00169	0.00664	0.00527	0.00268	0.00598
14	0.00815	0.00624	0.00654	0.00646	0.00676	0.05343	0.00402	0.00851	0.00801	0.01040	0.01530	0.03008	0.01705	0.65282	0.14099	0.00524	0.00655	0.00691	0.00303	0.00350
15	0.02846	0.01090	0.01192	0.00970	0.01330	0.01125	0.00771	0.18830	0.32085	0.04889	0.01554	0.04206	0.01212	0.00612	0.00480	0.00141	0.00431	0.00496	0.00456	0.25283
16	0.00692	0.00500	0.00657	0.00682	0.00772	0.00464	0.00497	0.00877	0.01264	0.01748	0.45861	0.31664	0.06046	0.01273	0.00628	0.00182	0.00274	0.04934	0.00526	0.00458
17	0.01075	0.00922	0.01069	0.00775	0.01222	0.00714	0.00618	0.01365	0.04985	0.01696	0.00972	0.01107	0.00801	0.00396	0.00387	0.00081	0.00381	0.00318	0.00315	0.80800
18	0.07565	0.01152	0.01285	0.01083	0.03533	0.07100	0.02694	0.21855	0.07607	0.29667	0.02855	0.04794	0.01264	0.00675	0.00510	0.00161	0.00507	0.02901	0.02017	0.00775
19	0.01041	0.00753	0.00859	0.00861	0.02363	0.05016	0.00673	0.05086	0.03410	0.09978	0.11923	0.12537	0.19441	0.01158	0.00615	0.00189	0.00406	0.22657	0.00490	0.00545
20	0.00916	0.00833	0.01128	0.01033	0.01125	0.05297	0.03322	0.01087	0.00862	0.01221	0.01147	0.01700	0.01072	0.02778	0.52403	0.00607	0.22192	0.00513	0.00261	0.00500
21	0.00969	0.00912	0.01539	0.80734	0.03534	0.01140	0.01425	0.01311	0.01026	0.01311	0.00912	0.01368	0.00684	0.00513	0.00513	0.00171	0.00684	0.00456	0.00228	0.00570
22	0.05121	0.01338	0.01181	0.01093	0.05222	0.22116	0.00812	0.15872	0.04306	0.06457	0.05073	0.03989	0.10264	0.00731	0.00504	0.00151	0.00555	0.04605	0.03738	0.06871
23	0.00818	0.00714	0.04346	0.06685	0.02592	0.00695	0.00703	0.05270	0.01058	0.01449	0.07652	0.38682	0.02428	0.08757	0.10693	0.00299	0.05290	0.00986	0.00396	0.00486
24	0.00716	0.00523	0.00677	0.00696	0.00791	0.00497	0.00504	0.00955	0.04677	0.01770	0.45066	0.32751	0.04110	0.01250	0.00623	0.00181	0.00276	0.02936	0.00528	0.00473
25	0.00880	0.00453	0.00680	0.00680	0.00686	0.00460	0.00460	0.00686	0.00680	0.00913	0.00926	0.01593	0.00920	0.01932	0.07639	0.78980	0.00513	0.00453	0.00227	0.00240
26	0.01377	0.01248	0.01851	0.02627	0.60342	0.07185	0.01377	0.04145	0.01242	0.06002	0.01071	0.01315	0.00865	0.00488	0.00494	0.00149	0.00596	0.00452	0.06398	0.00777
27	0.00717	0.00530	0.00633	0.00639	0.00755	0.00485	0.00460	0.02961	0.01222	0.02577	0.27747	0.25295	0.26542	0.06166	0.00737	0.00198	0.00290	0.01091	0.00498	0.00455
28	0.00749	0.00493	0.00631	0.00694	0.00778	0.00447	0.00483	0.00861	0.01073	0.06989	0.07335	0.59437	0.15190	0.01458	0.00634	0.00197	0.00299	0.01302	0.00493	0.00456
29	0.00640	0.00456	0.00607	0.00722	0.00756	0.00429	0.00490	0.00735	0.00986	0.01312	0.02783	0.74940	0.03321	0.04155	0.00720	0.00219	0.00314	0.05526	0.00471	0.00416
30	0.64461	0.09263	0.01081	0.00875	0.04557	0.09687	0.00680	0.01572	0.00966	0.02053	0.00734	0.00862	0.00589	0.00477	0.00343	0.00151	0.00478	0.00291	0.00299	0.00582
31	0.00772	0.00544	0.00648	0.00610	0.00769	0.00479	0.00461	0.00965	0.01336	0.06461	0.43478	0.04164	0.35170	0.01128	0.00600	0.00166	0.00261	0.00967	0.00532	0.00487
32	0.00716	0.00549	0.00677	0.00723	0.00825	0.00538	0.00525	0.00980	0.08667	0.01497	0.11866	0.40962	0.16974	0.01548	0.06362	0.00239	0.00382	0.05023	0.00476	0.00473
33	0.01099	0.00920	0.01064	0.00769	0.01211	0.00716	0.00615	0.04594	0.01123	0.01748	0.00952	0.01101	0.00784	0.00398	0.00385	0.00081	0.00383	0.00317	0.03237	0.78502
34	0.01028	0.00709	0.00890	0.05743	0.01134	0.00659	0.00630	0.04219	0.03132	0.09447	0.18600	0.14199	0.08695	0.00903	0.00547	0.00154	0.01200	0.04559	0.05584	0.17968
35	0.01074	0.01037	0.01339	0.01168	0.01262	0.07903	0.05212	0.03085	0.00925	0.01302	0.01003	0.01520	0.00942	0.05357	0.25809	0.00408	0.37284	0.00493	0.02341	0.00534
36	0.02124	0.03428	0.04286	0.01600	0.16211	0.01185	0.12681	0.14505	0.07086	0.03042	0.06801	0.01887	0.02672	0.00768	0.03167	0.00187	0.07041	0.05932	0.00366	0.05031

[dist]
# distance from previous block
# <min> <max>
0	2

[block]
# block no. 3 follows, 48 sequences, length 29
# corresponding to MSA columns:
# 96-124
name=unknown_D
#
# <colnr> <probs for GDERKNQSTAVLIFYWHMCP>
#	G	D	E	R	K	N	Q	S	T	A	V	L	I	F	Y	W	H	M	C	P
0	0.01321	0.24134	0.36395	0.01344	0.06490	0.07980	0.01385	0.07691	0.04072	0.03314	0.00948	0.01067	0.00728	0.00497	0.00447	0.00145	0.00670	0.00368	0.00268	0.00734
1	0.01823	0.01393	0.01397	0.01108	0.01473	0.08394	0.00900	0.55932	0.05810	0.06490	0.01445	0.01440	0.03816	0.00637	0.00504	0.00152	0.00552	0.00483	0.05444	0.00806
2	0.01090	0.01128	0.04320	0.08326	0.03240	0.01356	0.10478	0.01353	0.04537	0.01401	0.03203	0.04021	0.01007	0.00810	0.01220	0.00204	0.47714	0.02427	0.01573	0.00591
3	0.04004	0.15508	0.18566	0.01400	0.12782	0.01252	0.03791	0.05441	0.08696	0.16027	0.02325	0.01317	0.00957	0.00528	0.00468	0.00147	0.00562	0.00429	0.00358	0.05444
4	0.00758	0.00546	0.00746	0.00741	0.01746	0.00548	0.04048	0.00822	0.00843	0.01140	0.03219	0.16865	0.02035	0.47351	0.11915	0.03402	0.00586	0.01979	0.00337	0.00376
5	0.00720	0.00550	0.00728	0.00670	0.00812	0.00500	0.02784	0.00949	0.01397	0.01930	0.63559	0.03948	0.17380	0.01073	0.00605	0.00164	0.00264	0.00945	0.00540	0.00482
6	0.04265	0.00676	0.00888	0.06890	0.01197	0.00703	0.00754	0.03177	0.07466	0.06326	0.02258	0.10212	0.06238	0.01244	0.00817	0.12032	0.00451	0.33471	0.00429	0.00505
7	0.07363	0.08207	0.14612	0.04713	0.12046	0.09895	0.13060	0.04012	0.02388	0.06685	0.01267	0.06176	0.02142	0.00619	0.00508	0.00162	0.00646	0.04506	0.00316	0.00679
8	0.01043	0.01126	0.04496	0.01642	0.02007	0.01064	0.46424	0.01386	0.01101	0.01532	0.05519	0.01710	0.01157	0.02898	0.20660	0.00343	0.03253	0.00599	0.01430	0.00609
9	0.00997	0.00949	0.01620	0.72314	0.07517	0.01158	0.04023	0.01335	0.01035	0.01341	0.00915	0.01359	0.00694	0.00515	0.00539	0.00171	0.02241	0.00461	0.00230	0.00587
10	0.01181	0.01238	0.08153	0.14619	0.26750	0.03407	0.08597	0.01712	0.14800	0.03657	0.04006	0.01638	0.03694	0.00690	0.03473	0.00188	0.00631	0.00525	0.00324	0.00715
11	0.01325	0.13297	0.35510	0.01324	0.01885	0.01213	0.13000	0.03964	0.01219	0.14804	0.03994	0.01441	0.03643	0.00549	0.00497	0.00156	0.00649	0.00469	0.00325	0.00736
12	0.01079	0.01388	0.14381	0.01763	0.04505	0.01102	0.45722	0.01486	0.01211	0.01670	0.09992	0.03148	0.02995	0.00623	0.00593	0.00175	0.00719	0.06482	0.00311	0.00656
13	0.00737	0.00532	0.00736	0.00736	0.00797	0.00593	0.00531	0.00860	0.00798	0.01126	0.01455	0.02463	0.01477	0.29894	0.54154	0.00716	0.01082	0.00615	0.00287	0.00409
14	0.05308	0.08673	0.14424	0.02688	0.04986	0.11150	0.13479	0.08371	0.01992	0.01629	0.01151	0.07135	0.01043	0.05268	0.00729	0.01874	0.05788	0.02422	0.01255	0.00635
15	0.01389	0.69689	0.05095	0.01000	0.01442	0.07262	0.05228	0.01580	0.01081	0.01249	0.00744	0.00870	0.00665	0.00446	0.00359	0.00117	0.00599	0.00300	0.00225	0.00659
16	0.00792	0.00531	0.00681	0.00723	0.00818	0.00498	0.00516	0.03706	0.01165	0.05934	0.15929	0.52244	0.09395	0.01389	0.00631	0.00194	0.00308	0.03569	0.00502	0.00474
17	0.00949	0.00835	0.01266	0.09030	0.08602	0.00915	0.08240	0.02788	0.10022	0.01504	0.04407	0.26644	0.01910	0.06261	0.05590	0.00246	0.09019	0.00837	0.00370	0.00564
18	0.03311	0.01286	0.12532	0.16130	0.06323	0.01287	0.09727	0.01425	0.00983	0.05140	0.00917	0.01266	0.00749	0.00756	0.03457	0.00208	0.31461	0.00461	0.01950	0.00629
19	0.04008	0.00886	0.01153	0.00906	0.01271	0.00808	0.00746	0.08663	0.01513	0.62244	0.05599	0.01926	0.01450	0.00675	0.00517	0.00160	0.00433	0.03097	0.03124	0.00822
20	0.00669	0.00493	0.00630	0.00710	0.00773	0.00468	0.00489	0.00846	0.04734	0.01455	0.13082	0.63029	0.07762	0.01471	0.00639	0.00198	0.00293	0.01324	0.00490	0.00446
21	0.01214	0.06935	0.07967	0.04813	0.19274	0.07411	0.13385	0.04198	0.12178	0.01668	0.03482	0.06171	0.06253	0.00646	0.00548	0.00162	0.02092	0.00580	0.00331	0.00693
22	0.00888	0.04816	0.00855	0.00748	0.02837	0.00646	0.00552	0.02316	0.05503	0.06322	0.42670	0.09009	0.15936	0.03839	0.00651	0.00176	0.00308	0.00889	0.00511	0.00529
23	0.00802	0.00579	0.00754	0.00827	0.00947	0.00567	0.00669	0.01059	0.05517	0.03090	0.07386	0.23406	0.11945	0.01371	0.00663	0.00213	0.00388	0.38849	0.00485	0.00483
24	0.04107	0.01251	0.04144	0.44083	0.16490	0.10842	0.06374	0.01485	0.01105	0.01433	0.00901	0.01262	0.00705	0.00510	0.00542	0.00164	0.03289	0.00442	0.00242	0.00630
25	0.00856	0.00676	0.00871	0.06473	0.03713	0.03373	0.03414	0.00993	0.01004	0.03903	0.06200	0.10062	0.15047	0.26884	0.10936	0.00357	0.00576	0.03839	0.00369	0.00453
26	0.03156	0.00727	0.00785	0.00716	0.00917	0.04396	0.00549	0.01333	0.08483	0.12456	0.30965	0.05171	0.26340	0.01008	0.00572	0.00165	0.00328	0.00853	0.00521	0.00559
27	0.02794	0.20876	0.05464	0.05061	0.01590	0.09309	0.03813	0.14601	0.20832	0.01860	0.01225	0.01352	0.00973	0.00599	0.00549	0.00155	0.06057	0.01814	0.00359	0.00717
28	0.01364	0.21909	0.17570	0.02209	0.04809	0.03856	0.01091	0.06947	0.03146	0.10666	0.01227	0.01412	0.03483	0.00585	0.00546	0.00146	0.06767	0.02760	0.00324	0.09181

[dist]
# distance from previous block
# <min> <max>
3	17

[block]
# block no. 4 follows, 48 sequences, length 18
# corresponding to MSA columns:
# 154-171
name=unknown_E
#
# <colnr> <probs for GDERKNQSTAVLIFYWHMCP>
#	G	D	E	R	K	N	Q	S	T	A	V	L	I	F	Y	W	H	M	C	P
0	0.01110	0.05004	0.26237	0.10538	0.11017	0.02748	0.17115	0.01572	0.05937	0.01580	0.03348	0.04813	0.01004	0.00590	0.00594	0.01612	0.03704	0.00518	0.00273	0.00686
1	0.00916	0.00800	0.01074	0.06068	0.07523	0.04803	0.06337	0.01208	0.05273	0.02925	0.29294	0.10895	0.14247	0.00984	0.00590	0.00172	0.00415	0.05478	0.00451	0.00546
2	0.00829	0.00568	0.00741	0.00744	0.00793	0.00606	0.00522	0.00913	0.00882	0.05238	0.01884	0.22916	0.02083	0.33755	0.14726	0.00426	0.07090	0.04500	0.00365	0.00420
3	0.00690	0.00523	0.00724	0.00764	0.00823	0.00522	0.02241	0.00814	0.01032	0.01407	0.14060	0.54066	0.04585	0.05198	0.05874	0.00253	0.04321	0.01212	0.00452	0.00438
4	0.01229	0.00916	0.03395	0.21308	0.09396	0.00940	0.02731	0.04574	0.06350	0.15628	0.01735	0.11228	0.04912	0.01045	0.07621	0.00232	0.02503	0.03221	0.00389	0.00647
5	0.00937	0.00602	0.00820	0.00897	0.01038	0.00590	0.00775	0.01166	0.01196	0.07358	0.02697	0.05208	0.05687	0.01303	0.00668	0.00221	0.00447	0.62099	0.05792	0.00501
6	0.00827	0.00534	0.00756	0.00745	0.00784	0.00585	0.00539	0.00801	0.00771	0.01056	0.01378	0.02170	0.05222	0.11529	0.24347	0.38664	0.05954	0.02728	0.00269	0.00341
7	0.05213	0.00762	0.01328	0.01145	0.01329	0.00738	0.22455	0.01036	0.01037	0.01455	0.02149	0.52315	0.02425	0.01193	0.00650	0.00196	0.02543	0.01126	0.00399	0.00507
8	0.00641	0.00454	0.00586	0.00688	0.00726	0.00424	0.00458	0.00731	0.00979	0.01311	0.02834	0.70664	0.06908	0.06620	0.00767	0.00222	0.00307	0.01367	0.02897	0.00413
9	0.03811	0.02252	0.60112	0.08745	0.02273	0.01164	0.06276	0.01649	0.01103	0.06495	0.00990	0.01161	0.00697	0.00495	0.00493	0.00164	0.00726	0.00405	0.00250	0.00738
10	0.02698	0.01499	0.08229	0.03401	0.09386	0.13398	0.08196	0.17761	0.14912	0.02893	0.01286	0.01488	0.02039	0.05521	0.00700	0.00182	0.04838	0.00491	0.00365	0.00718
11	0.43044	0.01225	0.03864	0.09190	0.06580	0.08685	0.11828	0.01528	0.01018	0.01874	0.00878	0.02959	0.00719	0.00603	0.02594	0.00179	0.01943	0.00401	0.00289	0.00598
12	0.01162	0.01194	0.05845	0.21300	0.18720	0.08415	0.07712	0.01552	0.07269	0.03395	0.03458	0.06196	0.02550	0.00658	0.00533	0.00167	0.00612	0.05089	0.03525	0.00650
13	0.00781	0.00508	0.00677	0.03309	0.00880	0.00479	0.00531	0.00891	0.01028	0.07366	0.02758	0.61408	0.06918	0.05640	0.00741	0.00218	0.00337	0.04603	0.00472	0.00455
14	0.01207	0.00998	0.01320	0.01445	0.20196	0.02732	0.00914	0.11126	0.01233	0.03837	0.01283	0.11928	0.01203	0.00800	0.02340	0.04305	0.05915	0.01697	0.02055	0.23466
15	0.00923	0.00895	0.05148	0.19602	0.01638	0.02647	0.03754	0.04471	0.01052	0.01393	0.03731	0.10940	0.11443	0.16775	0.03331	0.00257	0.07720	0.00711	0.00329	0.03240
16	0.08962	0.16312	0.07210	0.08056	0.04979	0.16485	0.00939	0.09015	0.01257	0.01666	0.01243	0.05495	0.04912	0.00601	0.00444	0.00141	0.00581	0.00455	0.05975	0.05270
17	0.02667	0.02929	0.02508	0.05010	0.05411	0.07435	0.04324	0.08779	0.08932	0.01678	0.04126	0.07277	0.02803	0.00950	0.04139	0.05001	0.09834	0.05793	0.00353	0.10049

[dist]
# distance from previous block
# <min> <max>
9	15

[block]
# block no. 5 follows, 48 sequences, length 12
# corresponding to MSA columns:
# 187-192,195-200
name=unknown_F
#
# <colnr> <probs for GDERKNQSTAVLIFYWHMCP>
#	G	D	E	R	K	N	Q	S	T	A	V	L	I	F	Y	W	H	M	C	P
0	0.01655	0.05611	0.05453	0.04520	0.09936	0.03923	0.00944	0.15858	0.01481	0.27985	0.04208	0.09756	0.01353	0.00688	0.00512	0.00156	0.00507	0.00572	0.00462	0.04420
1	0.00647	0.00523	0.00568	0.00584	0.00731	0.00457	0.00441	0.00784	0.01151	0.01411	0.08647	0.08043	0.58178	0.06548	0.00750	0.00202	0.00299	0.09134	0.00470	0.00432
2	0.04371	0.00930	0.01122	0.00908	0.01242	0.00912	0.00734	0.14591	0.10487	0.41284	0.06031	0.05277	0.05350	0.00728	0.00520	0.00161	0.00421	0.00595	0.03554	0.00781
3	0.01238	0.10971	0.19487	0.16679	0.17493	0.04579	0.07315	0.03458	0.06922	0.03979	0.01032	0.01248	0.00794	0.00509	0.00513	0.00157	0.02198	0.00435	0.00275	0.00717
4	0.04299	0.00895	0.01011	0.00866	0.01137	0.00932	0.00684	0.13556	0.21562	0.16907	0.15470	0.04804	0.08766	0.00801	0.00528	0.00163	0.00381	0.00665	0.05872	0.00700
5	0.00751	0.00540	0.00688	0.00760	0.00847	0.00529	0.00577	0.00963	0.04787	0.01471	0.07649	0.32299	0.08626	0.09041	0.00832	0.00234	0.00368	0.24582	0.04004	0.00452
6	0.00985	0.03138	0.13905	0.00879	0.01108	0.00743	0.00785	0.08668	0.01151	0.05145	0.04152	0.28562	0.05331	0.05079	0.00848	0.10666	0.00446	0.04564	0.03319	0.00525
7	0.05920	0.09098	0.22873	0.01484	0.06224	0.11804	0.13654	0.05759	0.01163	0.01591	0.00917	0.01212	0.00753	0.04601	0.00737	0.00179	0.10675	0.00431	0.00260	0.00668
8	0.00796	0.00658	0.00718	0.00732	0.00859	0.04001	0.00556	0.02737	0.03318	0.01500	0.07405	0.24544	0.30290	0.01256	0.00661	0.00187	0.04363	0.09824	0.05121	0.00473
9	0.00859	0.00591	0.00678	0.00652	0.00762	0.00590	0.00460	0.03390	0.07464	0.03058	0.17857	0.06668	0.11201	0.27985	0.03023	0.00289	0.00390	0.02840	0.10781	0.00463
10	0.01229	0.41195	0.30237	0.01159	0.01703	0.03559	0.04907	0.01601	0.03226	0.01438	0.02353	0.01043	0.00771	0.00476	0.00415	0.00134	0.00634	0.00352	0.00239	0.03330
11	0.08356	0.24857	0.08887	0.04348	0.01457	0.17467	0.00933	0.06112	0.04290	0.03957	0.06321	0.01420	0.04256	0.00742	0.04404	0.00174	0.00639	0.00425	0.00316	0.00637

[dist]
# distance from previous block
# <min> <max>
1	7

[block]
# block no. 6 follows, 48 sequences, length 14
# corresponding to MSA columns:
# 208-221
name=unknown_G
#
# <colnr> <probs for GDERKNQSTAVLIFYWHMCP>
#	G	D	E	R	K	N	Q	S	T	A	V	L	I	F	Y	W	H	M	C	P
0	0.00877	0.00711	0.04118	0.00753	0.00939	0.00633	0.00614	0.01267	0.11246	0.05440	0.43114	0.03682	0.13368	0.03270	0.00651	0.00181	0.00325	0.07744	0.00521	0.00544
1	0.01253	0.54605	0.29317	0.01081	0.01631	0.01739	0.01232	0.01567	0.01057	0.01352	0.00785	0.00914	0.00656	0.00456	0.00384	0.00128	0.00622	0.00311	0.00219	0.00693
2	0.01199	0.00756	0.00907	0.00791	0.01028	0.00749	0.03291	0.06776	0.13221	0.14323	0.09152	0.02826	0.18075	0.00844	0.00520	0.00160	0.00358	0.04500	0.19904	0.00619
3	0.00735	0.00542	0.00787	0.00787	0.00865	0.00621	0.00594	0.00892	0.00813	0.01163	0.01409	0.02208	0.01366	0.15045	0.68851	0.00778	0.01249	0.00578	0.00280	0.00437
4	0.00862	0.00451	0.00653	0.00659	0.00661	0.00450	0.00433	0.00679	0.00693	0.00924	0.01068	0.05858	0.01123	0.10291	0.02000	0.71735	0.00444	0.00530	0.00245	0.00242
5	0.00670	0.00497	0.00586	0.00637	0.00745	0.00450	0.00467	0.00813	0.01117	0.01465	0.09477	0.32437	0.32580	0.01348	0.00614	0.00187	0.00291	0.08171	0.07009	0.00438
6	0.01520	0.00942	0.01087	0.00897	0.01179	0.00960	0.00708	0.28852	0.04056	0.19607	0.09732	0.09520	0.10550	0.07129	0.00709	0.00190	0.00435	0.00707	0.00523	0.00697
7	0.01219	0.01057	0.01578	0.17008	0.35219	0.02438	0.01214	0.08646	0.06121	0.03884	0.06943	0.07756	0.01360	0.00640	0.00525	0.00161	0.00547	0.00577	0.02400	0.00707
8	0.30494	0.01334	0.12048	0.04072	0.04052	0.12041	0.00863	0.05208	0.01130	0.01936	0.01068	0.01328	0.00854	0.00549	0.00407	0.00150	0.00517	0.02735	0.18620	0.00596
9	0.00728	0.00496	0.00573	0.00593	0.00611	0.00488	0.00357	0.00755	0.00816	0.01077	0.01999	0.13077	0.06123	0.64506	0.02187	0.00434	0.00460	0.04037	0.00347	0.00337
10	0.00810	0.00616	0.00771	0.00747	0.00830	0.00669	0.00538	0.01073	0.09338	0.01423	0.16807	0.08197	0.04294	0.27606	0.17459	0.00414	0.05497	0.02063	0.00389	0.00458
11	0.01521	0.14554	0.04840	0.04813	0.11410	0.24787	0.04241	0.01775	0.03952	0.10372	0.02965	0.04933	0.01015	0.00604	0.00559	0.00151	0.06060	0.00461	0.00318	0.00669
12	0.00998	0.00848	0.01469	0.01199	0.01439	0.00841	0.23869	0.01285	0.03952	0.05566	0.04337	0.10161	0.07614	0.07583	0.11547	0.00294	0.03863	0.07744	0.04838	0.00554
13	0.00896	0.00706	0.00968	0.00850	0.01009	0.00700	0.08038	0.08007	0.05349	0.01714	0.24149	0.15195	0.08669	0.18909	0.02325	0.00255	0.00426	0.00882	0.00447	0.00505

[dist]
# distance from previous block
# <min> <max>
0	2

[block]
# block no. 7 follows, 48 sequences, length 6
# corresponding to MSA columns:
# 224-229
name=unknown_H
#
# <colnr> <probs for GDERKNQSTAVLIFYWHMCP>
#	G	D	E	R	K	N	Q	S	T	A	V	L	I	F	Y	W	H	M	C	P
0	0.01293	0.04813	0.13576	0.03899	0.15337	0.11787	0.07745	0.08268	0.05643	0.03731	0.05006	0.06318	0.03791	0.00690	0.00604	0.03386	0.02561	0.00546	0.00330	0.00677
1	0.03872	0.03941	0.11133	0.10855	0.36131	0.04197	0.01366	0.04473	0.05388	0.05635	0.01127	0.01477	0.00920	0.00557	0.00543	0.00162	0.03331	0.03852	0.00301	0.00739
2	0.00794	0.00584	0.00746	0.00794	0.04012	0.00596	0.00538	0.02562	0.00963	0.01282	0.05573	0.07385	0.13312	0.31460	0.11242	0.05032	0.02969	0.09378	0.00364	0.00415
3	0.06186	0.01125	0.08296	0.10806	0.09762	0.01077	0.13442	0.06577	0.05045	0.01678	0.01353	0.05224	0.03989	0.01096	0.12027	0.00263	0.05935	0.00554	0.04934	0.00630
4	0.03715	0.21651	0.14406	0.03637	0.11155	0.04594	0.07287	0.09175	0.03141	0.05407	0.01084	0.04676	0.00895	0.00540	0.00459	0.00144	0.00598	0.00444	0.01970	0.05021
5	0.06138	0.08268	0.24660	0.01174	0.01628	0.02965	0.04307	0.23769	0.03002	0.03651	0.05780	0.01386	0.01060	0.02292	0.00569	0.00163	0.03608	0.00453	0.04405	0.00723

[dist]
# distance from previous block
# <min> <max>
0	1

[block]
# block no. 8 follows, 48 sequences, length 9
# corresponding to MSA columns:
# 231-239
name=unknown_I
#
# <colnr> <probs for GDERKNQSTAVLIFYWHMCP>
#	G	D	E	R	K	N	Q	S	T	A	V	L	I	F	Y	W	H	M	C	P
0	0.00941	0.00745	0.00841	0.00854	0.03724	0.04990	0.00613	0.01220	0.08353	0.04953	0.16440	0.16550	0.15242	0.06885	0.00791	0.00200	0.05383	0.04574	0.06182	0.00521
1	0.09896	0.01051	0.05490	0.01076	0.06336	0.00903	0.05848	0.08237	0.03589	0.05831	0.11106	0.04429	0.01420	0.00579	0.00465	0.00131	0.00449	0.00491	0.00377	0.32297
2	0.01215	0.04822	0.06933	0.07221	0.33447	0.05201	0.11181	0.04134	0.03429	0.01644	0.05071	0.01578	0.05238	0.00580	0.00599	0.00161	0.06028	0.00518	0.00292	0.00708
3	0.00652	0.00468	0.00613	0.00719	0.00763	0.00440	0.00498	0.00753	0.00998	0.01317	0.02861	0.65085	0.07060	0.06570	0.00780	0.00227	0.00326	0.08986	0.00466	0.00417
4	0.00976	0.00841	0.01128	0.01109	0.09731	0.02181	0.04964	0.04968	0.03782	0.01783	0.23282	0.08920	0.10927	0.00854	0.00587	0.00154	0.03320	0.02999	0.00421	0.17075
5	0.01151	0.09055	0.39622	0.01752	0.19193	0.03955	0.05662	0.03698	0.01146	0.01604	0.01086	0.01291	0.03287	0.00675	0.04496	0.00189	0.00727	0.00432	0.00249	0.00730
6	0.01276	0.00916	0.06175	0.01171	0.10695	0.00818	0.02612	0.06049	0.02517	0.19082	0.03226	0.17465	0.05628	0.01088	0.06793	0.00220	0.03572	0.00717	0.09332	0.00648
7	0.01133	0.00811	0.00936	0.00876	0.01067	0.00870	0.00661	0.04104	0.33382	0.08641	0.08195	0.15970	0.02178	0.09507	0.00846	0.03903	0.00398	0.05407	0.00489	0.00627
8	0.03486	0.01428	0.19343	0.03001	0.17348	0.05023	0.07812	0.08003	0.01203	0.01686	0.01315	0.10270	0.01217	0.00909	0.05064	0.02812	0.01880	0.05404	0.02135	0.00659

[dist]
# distance from previous block
# <min> <max>
0	2

[block]
# block no. 9 follows, 48 sequences, length 19
# corresponding to MSA columns:
# 242-260
name=unknown_J
#
# <colnr> <probs for GDERKNQSTAVLIFYWHMCP>
#	G	D	E	R	K	N	Q	S	T	A	V	L	I	F	Y	W	H	M	C	P
0	0.01257	0.01127	0.01607	0.01382	0.05135	0.04652	0.16164	0.12105	0.10788	0.04368	0.01478	0.12926	0.01364	0.02943	0.02977	0.00210	0.15459	0.03032	0.00373	0.00654
1	0.00845	0.00688	0.00982	0.06312	0.12586	0.00722	0.00757	0.02404	0.04211	0.01422	0.05677	0.13653	0.11703	0.09343	0.23454	0.00392	0.00703	0.03264	0.00361	0.00519
2	0.00775	0.00699	0.05859	0.00897	0.04332	0.00588	0.00650	0.06358	0.01108	0.01489	0.02588	0.64350	0.05520	0.01401	0.00626	0.00198	0.00360	0.01259	0.00452	0.00490
3	0.01268	0.02095	0.40265	0.01555	0.10122	0.12926	0.05699	0.10105	0.01311	0.01739	0.01284	0.01416	0.06813	0.00565	0.00505	0.00157	0.00712	0.00457	0.00284	0.00723
4	0.01091	0.10477	0.01799	0.11454	0.27899	0.01135	0.10588	0.01433	0.06127	0.01553	0.04574	0.12425	0.05862	0.00702	0.00530	0.00163	0.00553	0.00652	0.00320	0.00662
5	0.07252	0.09563	0.60459	0.01403	0.04853	0.01282	0.01655	0.04925	0.01126	0.01709	0.00903	0.01055	0.00660	0.00487	0.00463	0.00157	0.00699	0.00369	0.00239	0.00742
6	0.01397	0.68808	0.10443	0.00940	0.01409	0.01861	0.00974	0.01608	0.01075	0.06330	0.00820	0.00910	0.00697	0.00457	0.00358	0.00118	0.00563	0.00301	0.00246	0.00683
7	0.12748	0.01282	0.04321	0.06938	0.04750	0.09517	0.05290	0.21630	0.03676	0.02093	0.03572	0.06360	0.02789	0.00641	0.00489	0.00152	0.00555	0.02329	0.00376	0.10493
8	0.03946	0.04316	0.13252	0.19839	0.12660	0.01073	0.03017	0.04816	0.06228	0.11166	0.04396	0.03173	0.07298	0.00631	0.00509	0.00162	0.00557	0.00537	0.01736	0.00686
9	0.00625	0.00447	0.00595	0.00714	0.00744	0.00417	0.00476	0.00714	0.00982	0.01310	0.02828	0.81633	0.03394	0.01608	0.00655	0.00208	0.00298	0.01459	0.00476	0.00417
10	0.00809	0.00631	0.00819	0.05991	0.01021	0.02365	0.00614	0.04043	0.00957	0.01296	0.03002	0.25717	0.01988	0.18192	0.26778	0.00459	0.03673	0.00845	0.00351	0.00448
11	0.01504	0.07367	0.04773	0.03426	0.13896	0.20309	0.03087	0.09611	0.12819	0.06987	0.01407	0.01609	0.03515	0.00612	0.00495	0.00153	0.00619	0.03617	0.03487	0.00708
12	0.01027	0.00987	0.01413	0.01231	0.01259	0.01326	0.03151	0.01151	0.00815	0.01237	0.00962	0.07173	0.00994	0.04398	0.11128	0.00305	0.60106	0.00550	0.00253	0.00532
13	0.00641	0.00456	0.00600	0.00706	0.00738	0.00428	0.00472	0.00732	0.00984	0.01315	0.05146	0.71945	0.03320	0.07424	0.00797	0.00228	0.00314	0.02875	0.00467	0.00412
14	0.02885	0.04496	0.17686	0.06507	0.19521	0.03108	0.01224	0.08994	0.04409	0.01733	0.04890	0.04342	0.07896	0.00782	0.03346	0.00187	0.06445	0.00544	0.00321	0.00684
15	0.01406	0.05218	0.14155	0.04855	0.15521	0.09272	0.04521	0.12714	0.12989	0.06410	0.01371	0.03741	0.02359	0.00611	0.00511	0.00160	0.00612	0.02468	0.00363	0.00745
16	0.00997	0.00791	0.00949	0.00999	0.07155	0.02810	0.00709	0.06740	0.06707	0.01688	0.03604	0.14549	0.13321	0.02643	0.00718	0.00183	0.09785	0.08196	0.16905	0.00551
17	0.24153	0.16499	0.08089	0.02824	0.07898	0.07439	0.05664	0.10975	0.01228	0.03950	0.00917	0.01064	0.00719	0.00509	0.00453	0.00148	0.02889	0.00370	0.03541	0.00670
18	0.10706	0.00742	0.00886	0.00780	0.01024	0.00710	0.00610	0.05885	0.02515	0.28509	0.11985	0.18385	0.09558	0.00943	0.00541	0.00171	0.00364	0.02112	0.02937	0.00635

[dist]
# distance from previous block
# <min> <max>
1	5

[block]
# block no. 10 follows, 48 sequences, length 19
# corresponding to MSA columns:
# 266-275,278-286
name=unknown_K
#
# <colnr> <probs for GDERKNQSTAVLIFYWHMCP>
#	G	D	E	R	K	N	Q	S	T	A	V	L	I	F	Y	W	H	M	C	P
0	0.00693	0.00622	0.03894	0.00776	0.00900	0.00529	0.03669	0.00891	0.04724	0.01394	0.03175	0.54001	0.19993	0.01401	0.00629	0.00196	0.00336	0.01253	0.00459	0.00465
1	0.01001	0.00834	0.00973	0.00733	0.01124	0.00640	0.00576	0.01214	0.01062	0.01640	0.01292	0.08434	0.04173	0.00537	0.00413	0.00094	0.00361	0.00447	0.04325	0.70130
2	0.00706	0.00490	0.00645	0.00695	0.00742	0.00504	0.00479	0.00814	0.00891	0.01249	0.02060	0.35768	0.02301	0.19990	0.23832	0.00443	0.00647	0.00970	0.06364	0.00410
3	0.01307	0.28709	0.16357	0.05182	0.10796	0.06382	0.07283	0.04827	0.05742	0.03233	0.01070	0.02777	0.02112	0.00529	0.00471	0.00145	0.01672	0.00424	0.00278	0.00703
4	0.01208	0.04024	0.01467	0.16482	0.12390	0.08172	0.05851	0.10085	0.06894	0.03215	0.01568	0.16004	0.03017	0.00851	0.02421	0.00184	0.00589	0.03511	0.00360	0.01706
5	0.00891	0.00446	0.00668	0.00668	0.00668	0.00446	0.00446	0.00668	0.00668	0.00891	0.00891	0.01560	0.00891	0.01783	0.02005	0.85071	0.00446	0.00446	0.00223	0.00223
6	0.00738	0.00506	0.00613	0.00618	0.00638	0.00522	0.00383	0.00778	0.00772	0.01047	0.01620	0.06405	0.01816	0.63209	0.17732	0.00550	0.00661	0.00738	0.00311	0.00344
7	0.09068	0.03285	0.02955	0.09331	0.06395	0.06247	0.09715	0.02890	0.01128	0.01645	0.08141	0.02024	0.05063	0.06544	0.04068	0.00206	0.01833	0.03603	0.08719	0.07142
8	0.01434	0.01219	0.06996	0.14720	0.06968	0.01210	0.06372	0.22367	0.14790	0.08167	0.01379	0.01484	0.01010	0.00580	0.00504	0.00159	0.00553	0.00491	0.08850	0.00747
9	0.04828	0.00507	0.00516	0.00518	0.00640	0.00510	0.00384	0.01123	0.01047	0.01798	0.01945	0.05933	0.07412	0.04132	0.03374	0.00171	0.00303	0.00576	0.63816	0.00468
10	0.00757	0.00495	0.00578	0.00578	0.00582	0.00499	0.00334	0.00747	0.00743	0.00994	0.01551	0.03167	0.01767	0.72743	0.05517	0.07093	0.00527	0.00715	0.00303	0.00310
11	0.02081	0.00962	0.01145	0.00918	0.01266	0.06901	0.00741	0.04309	0.01440	0.61889	0.01948	0.07342	0.01365	0.00694	0.00514	0.00158	0.00459	0.00565	0.04501	0.00801
12	0.59430	0.05669	0.02951	0.00806	0.01150	0.10424	0.00677	0.04305	0.01027	0.02087	0.00763	0.00882	0.00603	0.00478	0.00351	0.00146	0.00481	0.00295	0.00309	0.07164
13	0.00902	0.00749	0.06278	0.00717	0.00912	0.00632	0.00592	0.02157	0.08685	0.05445	0.28674	0.05198	0.15105	0.07308	0.02584	0.00202	0.00358	0.00784	0.12184	0.00534
14	0.00633	0.00472	0.00571	0.00646	0.00711	0.00430	0.00436	0.00724	0.01007	0.01296	0.03329	0.52812	0.23247	0.10145	0.00852	0.00230	0.00309	0.01282	0.00459	0.00410
15	0.01391	0.02569	0.01255	0.01028	0.03335	0.12600	0.00797	0.11231	0.05920	0.06440	0.01110	0.01244	0.00880	0.00616	0.02389	0.00143	0.08532	0.00393	0.06081	0.32047
16	0.01125	0.20360	0.30709	0.01292	0.07619	0.04454	0.03127	0.01525	0.04799	0.02514	0.06363	0.10121	0.02583	0.00659	0.00485	0.00154	0.00594	0.00542	0.00299	0.00674
17	0.07437	0.01086	0.01224	0.00996	0.01341	0.01130	0.02529	0.27188	0.16564	0.08071	0.01558	0.09258	0.01296	0.00697	0.00500	0.00153	0.00459	0.02655	0.00463	0.15395
18	0.05756	0.01307	0.06894	0.01098	0.01492	0.01288	0.00952	0.40736	0.05004	0.21867	0.03566	0.01427	0.01072	0.00634	0.00562	0.00160	0.04381	0.00478	0.00502	0.00822

[dist]
# distance from previous block
# <min> <max>
2	8

[block]
# block no. 11 follows, 48 sequences, length 29
# corresponding to MSA columns:
# 296,325-333,431-449
name=unknown_L
#
# <colnr> <probs for GDERKNQSTAVLIFYWHMCP>
#	G	D	E	R	K	N	Q	S	T	A	V	L	I	F	Y	W	H	M	C	P
0	0.01215	0.01163	0.01983	0.17312	0.65033	0.01205	0.01547	0.01527	0.01142	0.01610	0.00955	0.01288	0.00789	0.00467	0.00509	0.00156	0.00623	0.00457	0.00249	0.00768
1	0.00690	0.00520	0.00645	0.00670	0.00789	0.00475	0.00511	0.00872	0.01244	0.01649	0.31942	0.18389	0.25245	0.01279	0.00631	0.00185	0.00294	0.13004	0.00509	0.00456
2	0.01106	0.00684	0.00772	0.00691	0.00905	0.00654	0.00539	0.09271	0.04520	0.13133	0.11463	0.06167	0.29368	0.00964	0.00539	0.00161	0.00324	0.02310	0.15858	0.00574
3	0.43344	0.01090	0.01121	0.01081	0.09384	0.01198	0.00780	0.21251	0.01386	0.07087	0.06890	0.01268	0.01036	0.00564	0.00423	0.00157	0.00454	0.00409	0.00400	0.00679
4	0.85592	0.00992	0.00754	0.00675	0.00992	0.01151	0.00556	0.01508	0.00873	0.02302	0.00714	0.00834	0.00556	0.00476	0.00318	0.00159	0.00397	0.00278	0.00318	0.00556
5	0.01883	0.01209	0.01337	0.01040	0.01409	0.01293	0.00854	0.53562	0.02065	0.16792	0.01434	0.01415	0.01003	0.00617	0.00493	0.00150	0.00499	0.00474	0.11651	0.00821
6	0.00977	0.00695	0.00916	0.04918	0.04143	0.00739	0.03150	0.05075	0.07009	0.01617	0.01685	0.02026	0.07114	0.03697	0.15922	0.09275	0.02172	0.00547	0.25634	0.02689
7	0.05636	0.01024	0.01623	0.09407	0.40203	0.01056	0.04034	0.04235	0.01182	0.04892	0.04491	0.10158	0.03344	0.00693	0.00564	0.00168	0.02722	0.03546	0.00330	0.00692
8	0.00651	0.00536	0.00568	0.00558	0.00718	0.00468	0.00415	0.00832	0.03331	0.01508	0.17623	0.04601	0.60673	0.04417	0.00683	0.00184	0.00270	0.01029	0.00486	0.00448
9	0.00643	0.00464	0.00610	0.00694	0.00747	0.00430	0.00475	0.00763	0.01078	0.01453	0.17148	0.64133	0.06476	0.01491	0.00644	0.00198	0.00286	0.01345	0.00493	0.00430
10	0.09776	0.00622	0.00711	0.00650	0.00830	0.00589	0.00498	0.02993	0.01345	0.04148	0.48522	0.03499	0.18637	0.00989	0.00561	0.00160	0.00281	0.00842	0.00512	0.03836
11	0.00783	0.00513	0.00627	0.00630	0.00661	0.00520	0.00396	0.00828	0.00808	0.03648	0.01720	0.11376	0.01914	0.58260	0.14713	0.00508	0.00615	0.00783	0.00333	0.00364
12	0.00736	0.00552	0.00688	0.00677	0.00798	0.00525	0.00498	0.01028	0.07057	0.01852	0.50807	0.19359	0.11168	0.01158	0.00609	0.00173	0.00267	0.01022	0.00536	0.00490
13	0.02901	0.00840	0.01043	0.00850	0.01145	0.00798	0.00671	0.09928	0.05074	0.44457	0.01959	0.03532	0.03589	0.13615	0.00846	0.00213	0.00440	0.02059	0.05312	0.00726
14	0.00754	0.00542	0.00675	0.00658	0.00789	0.00499	0.00491	0.00990	0.03586	0.03992	0.49139	0.14024	0.17924	0.01154	0.00609	0.00172	0.00268	0.02712	0.00536	0.00486
15	0.01282	0.03327	0.24617	0.02359	0.01492	0.09287	0.01068	0.08309	0.01382	0.11863	0.21904	0.02094	0.01975	0.02815	0.00578	0.00167	0.00550	0.02483	0.01783	0.00664
16	0.09662	0.00581	0.00627	0.00657	0.00803	0.00558	0.00492	0.00937	0.04552	0.01530	0.06105	0.26885	0.35885	0.01277	0.00595	0.00187	0.00310	0.07429	0.00464	0.00463
17	0.00755	0.00530	0.00717	0.09157	0.01048	0.00520	0.00571	0.00897	0.01065	0.04506	0.10599	0.50059	0.08647	0.04225	0.00684	0.00202	0.00340	0.01166	0.03853	0.00458
18	0.00941	0.00816	0.01215	0.05116	0.08335	0.00830	0.10298	0.04356	0.13409	0.01647	0.06195	0.32025	0.08458	0.01058	0.00597	0.00185	0.00443	0.03065	0.00430	0.00583
19	0.05459	0.03363	0.01172	0.00996	0.01237	0.03388	0.00784	0.08942	0.40299	0.05001	0.01633	0.01819	0.01308	0.04087	0.00838	0.09174	0.06470	0.02910	0.00436	0.00685
20	0.00771	0.00584	0.00777	0.03729	0.00931	0.00600	0.02672	0.00984	0.06069	0.01383	0.10258	0.24694	0.06011	0.22551	0.09542	0.00338	0.01417	0.04336	0.01907	0.00446
21	0.10101	0.01066	0.01651	0.39145	0.30082	0.01200	0.01356	0.06496	0.01154	0.01675	0.00932	0.01267	0.00729	0.00496	0.00491	0.00162	0.00619	0.00438	0.00266	0.00676
22	0.01001	0.04151	0.01394	0.37468	0.10392	0.02817	0.01119	0.03385	0.01088	0.01403	0.01713	0.03457	0.13016	0.04003	0.00716	0.00187	0.07475	0.04348	0.00297	0.00569
23	0.02981	0.01066	0.01494	0.14146	0.14377	0.06198	0.09099	0.05552	0.04098	0.06585	0.05598	0.05434	0.03324	0.00672	0.00564	0.00161	0.03336	0.04614	0.04212	0.06488
24	0.00741	0.00547	0.00715	0.09132	0.01057	0.00524	0.00571	0.00898	0.01132	0.04544	0.14310	0.35525	0.24513	0.01281	0.00614	0.00186	0.00328	0.02445	0.00469	0.00467
25	0.00770	0.00602	0.00860	0.09400	0.06379	0.00609	0.00739	0.00961	0.02301	0.01405	0.02577	0.40273	0.07322	0.03002	0.00680	0.00211	0.00409	0.20587	0.00431	0.00479
26	0.11394	0.01193	0.03543	0.10999	0.14352	0.05361	0.03306	0.12085	0.11730	0.15896	0.01365	0.01547	0.01026	0.00592	0.00498	0.00163	0.00552	0.03250	0.00406	0.00743
27	0.01213	0.00777	0.00960	0.00892	0.02983	0.00807	0.02826	0.14301	0.03923	0.09159	0.01904	0.15483	0.02668	0.00866	0.00555	0.00164	0.03629	0.07656	0.28634	0.00600
28	0.01299	0.08270	0.06683	0.03114	0.16913	0.21868	0.01017	0.02812	0.07131	0.01561	0.06436	0.11800	0.01424	0.00689	0.00496	0.00150	0.00596	0.00569	0.03129	0.04041

[dist]
# distance from previous block
# <min> <max>
0	2

[block]
# block no. 12 follows, 48 sequences, length 9
# corresponding to MSA columns:
# 452-460
name=unknown_M
#
# <colnr> <probs for GDERKNQSTAVLIFYWHMCP>
#	G	D	E	R	K	N	Q	S	T	A	V	L	I	F	Y	W	H	M	C	P
0	0.01148	0.05089	0.01110	0.00916	0.03947	0.00806	0.03657	0.05704	0.06310	0.11342	0.08107	0.08820	0.13758	0.00971	0.04390	0.00183	0.00444	0.03643	0.04777	0.14878
1	0.01276	0.23940	0.28789	0.01216	0.06144	0.03973	0.01211	0.01668	0.04901	0.09982	0.07796	0.04572	0.01245	0.00593	0.00466	0.00148	0.00583	0.00468	0.00322	0.00706
