[name]
unknown

[dist]
# distance from previous block
# <min> <max>
0	247

[block]
# block no. 0 follows, 47 sequences, length 32
# corresponding to MSA columns:
# 260-266,270-294
name=unknown_A
#
# <colnr> <probs for GDERKNQSTAVLIFYWHMCP>
#	G	D	E	R	K	N	Q	S	T	A	V	L	I	F	Y	W	H	M	C	P
0	0.00839	0.00599	0.00839	0.00959	0.01079	0.00599	0.00839	0.01079	0.01199	0.01558	0.02757	0.05874	0.02997	0.01439	0.00719	0.00240	0.00480	0.74945	0.00480	0.00480
1	0.85377	0.01007	0.00765	0.00685	0.01007	0.01168	0.00564	0.01531	0.00886	0.02336	0.00725	0.00846	0.00564	0.00483	0.00322	0.00161	0.00403	0.00282	0.00322	0.00564
2	0.00634	0.00453	0.00604	0.00725	0.00755	0.00423	0.00483	0.00725	0.00997	0.01329	0.02870	0.81358	0.03444	0.01632	0.00665	0.00211	0.00302	0.01480	0.00483	0.00423
3	0.00971	0.00485	0.00485	0.00485	0.00607	0.00485	0.00364	0.01213	0.01092	0.01942	0.01699	0.01942	0.01335	0.00607	0.00364	0.00121	0.00243	0.00485	0.84589	0.00485
4	0.01275	0.01223	0.02089	0.06698	0.75057	0.01234	0.01591	0.01586	0.01179	0.01685	0.00977	0.01293	0.00819	0.00467	0.00516	0.00156	0.00622	0.00464	0.00257	0.00814
5	0.00971	0.00485	0.00485	0.00485	0.00607	0.00485	0.00364	0.01213	0.01092	0.01942	0.01699	0.01942	0.01335	0.00607	0.00364	0.00121	0.00243	0.00485	0.84589	0.00485
6	0.01080	0.00926	0.01080	0.00771	0.01234	0.00694	0.00617	0.01311	0.01080	0.01697	0.00926	0.01080	0.00771	0.00386	0.00386	0.00077	0.00386	0.00309	0.00309	0.84882
7	0.01289	0.01237	0.02114	0.03196	0.78450	0.01237	0.01598	0.01598	0.01186	0.01701	0.00980	0.01289	0.00825	0.00464	0.00516	0.00155	0.00619	0.00464	0.00258	0.00825
8	0.01071	0.01015	0.01720	0.58290	0.25058	0.01180	0.01490	0.01407	0.01083	0.01437	0.00941	0.01360	0.00732	0.00504	0.00519	0.00168	0.00673	0.00463	0.00239	0.00649
9	0.01223	0.01154	0.01917	0.18124	0.47434	0.01208	0.06265	0.04787	0.05519	0.01705	0.01199	0.03213	0.02836	0.00541	0.00530	0.00163	0.00621	0.00519	0.00290	0.00752
10	0.00737	0.00532	0.00696	0.00655	0.00778	0.00491	0.00491	0.00983	0.01474	0.02088	0.78175	0.03890	0.04914	0.01065	0.00614	0.00164	0.00246	0.00942	0.00573	0.00491
11	0.01334	0.01138	0.01199	0.01068	0.01369	0.01313	0.00834	0.06943	0.73270	0.02241	0.02070	0.01904	0.01550	0.00702	0.00529	0.00175	0.00421	0.00582	0.00529	0.00828
12	0.01865	0.02313	0.01439	0.01307	0.01578	0.69899	0.00984	0.02165	0.10902	0.01387	0.00968	0.01064	0.00785	0.00558	0.00477	0.00139	0.00874	0.00367	0.00301	0.00631
13	0.00904	0.00884	0.01721	0.01390	0.01645	0.00827	0.34901	0.01152	0.01102	0.01483	0.02048	0.45186	0.02244	0.01092	0.00642	0.00195	0.00563	0.01089	0.00384	0.00549
14	0.00757	0.00505	0.00568	0.00568	0.00568	0.00505	0.00316	0.00757	0.00757	0.01010	0.01641	0.03408	0.01893	0.81698	0.02651	0.00505	0.00505	0.00757	0.00316	0.00316
15	0.00971	0.00485	0.00485	0.00485	0.00607	0.00485	0.00364	0.01213	0.01092	0.01942	0.01699	0.01942	0.01335	0.00607	0.00364	0.00121	0.00243	0.00485	0.84589	0.00485
16	0.00756	0.00510	0.00593	0.00593	0.00602	0.00518	0.00347	0.00773	0.00765	0.01028	0.01618	0.03281	0.01838	0.74445	0.09829	0.00536	0.00588	0.00739	0.00312	0.00329
17	0.01063	0.08705	0.67561	0.01442	0.03978	0.01243	0.01769	0.01610	0.01116	0.01638	0.04517	0.01214	0.00863	0.00517	0.00488	0.00160	0.00725	0.00404	0.00238	0.00750
18	0.01139	0.01139	0.01595	0.01367	0.01367	0.01595	0.01139	0.01253	0.00798	0.01253	0.00684	0.01139	0.00684	0.00911	0.01709	0.00228	0.80745	0.00456	0.00228	0.00570
19	0.00993	0.00920	0.01521	0.75694	0.03434	0.01144	0.01397	0.01375	0.03568	0.01375	0.00986	0.01421	0.00741	0.00529	0.00517	0.00172	0.00673	0.00468	0.02489	0.00584
20	0.00737	0.00532	0.00696	0.00655	0.00778	0.00491	0.00491	0.00983	0.01474	0.02088	0.78175	0.03890	0.04914	0.01065	0.00614	0.00164	0.00246	0.00942	0.00573	0.00491
21	0.01882	0.02351	0.01432	0.01303	0.01568	0.73050	0.00979	0.02095	0.05759	0.01344	0.00903	0.01023	0.00741	0.00548	0.00470	0.00136	0.00891	0.00354	0.02559	0.00613
22	0.00737	0.00532	0.00696	0.00655	0.00778	0.00491	0.00491	0.00983	0.01474	0.02088	0.78175	0.03890	0.04914	0.01065	0.00614	0.00164	0.00246	0.00942	0.00573	0.00491
23	0.00971	0.00485	0.00485	0.00485	0.00607	0.00485	0.00364	0.01213	0.01092	0.01942	0.01699	0.01942	0.01335	0.00607	0.00364	0.00121	0.00243	0.00485	0.84589	0.00485
24	0.01045	0.02694	0.79000	0.01484	0.02254	0.01209	0.01924	0.01649	0.01099	0.01649	0.00935	0.01099	0.00660	0.00495	0.00495	0.00165	0.00770	0.00385	0.00220	0.00770
25	0.01340	0.05146	0.01545	0.01274	0.01390	0.17475	0.01040	0.07091	0.01077	0.01405	0.00824	0.01184	0.00758	0.01092	0.09130	0.00259	0.46679	0.00434	0.00263	0.00595
26	0.00971	0.00485	0.00485	0.00485	0.00607	0.00485	0.00364	0.01213	0.01092	0.01942	0.01699	0.01942	0.01335	0.00607	0.00364	0.00121	0.00243	0.00485	0.84589	0.00485
27	0.00757	0.00549	0.00738	0.00849	0.00936	0.00538	0.00672	0.00965	0.03323	0.01472	0.02848	0.38883	0.04944	0.01499	0.00687	0.00224	0.00395	0.38773	0.00483	0.00464
28	0.00728	0.00532	0.00684	0.00646	0.00772	0.00488	0.00484	0.00965	0.01453	0.02038	0.72770	0.03973	0.10350	0.01083	0.00614	0.00165	0.00247	0.00953	0.00567	0.00488
29	0.01587	0.03408	0.04926	0.04801	0.01580	0.01198	0.05487	0.21183	0.21586	0.17643	0.05321	0.01867	0.05672	0.00683	0.00533	0.00165	0.00505	0.00568	0.00497	0.00790
30	0.01833	0.08496	0.01677	0.03041	0.03911	0.58457	0.04541	0.09180	0.01508	0.01496	0.00861	0.01002	0.00702	0.00531	0.00473	0.00138	0.00857	0.00363	0.00288	0.00646
31	0.01139	0.01139	0.01595	0.01367	0.01367	0.01595	0.01139	0.01253	0.00798	0.01253	0.00684	0.01139	0.00684	0.00911	0.01709	0.00228	0.80745	0.00456	0.00228	0.00570

[dist]
# distance from previous block
# <min> <max>
0	3

[block]
# block no. 1 follows, 47 sequences, length 27
# corresponding to MSA columns:
# 361-363,369-392
name=unknown_B
#
# <colnr> <probs for GDERKNQSTAVLIFYWHMCP>
#	G	D	E	R	K	N	Q	S	T	A	V	L	I	F	Y	W	H	M	C	P
0	0.00962	0.00761	0.00809	0.00720	0.00947	0.00748	0.00561	0.16814	0.06434	0.01943	0.14199	0.03872	0.47051	0.01099	0.00590	0.00170	0.00336	0.00913	0.00507	0.00565
1	0.00823	0.00714	0.01169	0.00959	0.01174	0.00657	0.16402	0.01092	0.01382	0.01902	0.51538	0.03531	0.14603	0.00970	0.00614	0.00168	0.00381	0.00896	0.00495	0.00528
2	0.01122	0.01194	0.02444	0.03621	0.06780	0.01144	0.52445	0.01502	0.01262	0.01739	0.17181	0.01910	0.01650	0.00586	0.00637	0.00173	0.02958	0.00666	0.00326	0.00659
3	0.04518	0.01433	0.01853	0.01390	0.01827	0.01538	0.16796	0.58573	0.02143	0.02914	0.01192	0.01270	0.00855	0.00582	0.00534	0.00160	0.00631	0.00493	0.00461	0.00837
4	0.01003	0.00747	0.00989	0.00913	0.01073	0.00853	0.00722	0.16795	0.01174	0.01643	0.01365	0.01879	0.01215	0.03219	0.63072	0.00694	0.01223	0.00539	0.00330	0.00553
5	0.00664	0.00478	0.00613	0.00685	0.00751	0.00441	0.00473	0.00796	0.01117	0.01514	0.18821	0.55750	0.10558	0.01453	0.00641	0.00196	0.00285	0.01303	0.03022	0.00441
6	0.01376	0.01391	0.02488	0.03269	0.02315	0.04463	0.49971	0.17326	0.01465	0.01953	0.01168	0.05603	0.00942	0.00561	0.00624	0.00173	0.03256	0.00611	0.00328	0.00716
7	0.00973	0.00652	0.01180	0.00996	0.01106	0.00633	0.16385	0.00886	0.00794	0.01064	0.00936	0.01546	0.00881	0.01522	0.01738	0.67123	0.00541	0.00486	0.00234	0.00326
8	0.00728	0.00552	0.00704	0.00735	0.00856	0.00480	0.00511	0.00848	0.01014	0.01406	0.02463	0.64552	0.02885	0.01371	0.00606	0.00183	0.00320	0.01235	0.00447	0.18104
9	0.01169	0.01234	0.02418	0.22589	0.15657	0.01281	0.39271	0.01541	0.01144	0.01558	0.00983	0.01363	0.00764	0.00497	0.00648	0.00175	0.06236	0.00539	0.00252	0.00682
10	0.01392	0.82012	0.02729	0.00891	0.01337	0.02061	0.00891	0.01559	0.01058	0.01225	0.00724	0.00835	0.00668	0.00446	0.00334	0.00111	0.00557	0.00278	0.00223	0.00668
11	0.01792	0.01370	0.01484	0.01178	0.01547	0.01547	0.00963	0.57214	0.18074	0.02943	0.01402	0.01389	0.01022	0.00657	0.00586	0.00164	0.04809	0.00493	0.00507	0.00856
12	0.01327	0.65037	0.02384	0.00866	0.01315	0.01775	0.00834	0.01507	0.01063	0.01324	0.00766	0.00887	0.00690	0.00433	0.00345	0.00104	0.00521	0.00285	0.00241	0.18298
13	0.00840	0.00672	0.00958	0.00911	0.00980	0.00830	0.00715	0.01002	0.00838	0.01247	0.01279	0.01938	0.01213	0.08132	0.53874	0.00648	0.17884	0.00545	0.05015	0.00478
14	0.01678	0.16275	0.06328	0.01269	0.04068	0.49132	0.01018	0.05285	0.01403	0.01428	0.03637	0.01223	0.03992	0.00570	0.00462	0.00136	0.00783	0.00390	0.00288	0.00635
15	0.01266	0.01023	0.01169	0.00856	0.01305	0.00872	0.00690	0.14455	0.03469	0.03469	0.01037	0.01147	0.00824	0.00441	0.00416	0.00095	0.00420	0.00348	0.00358	0.66339
16	0.01440	0.01402	0.01211	0.01085	0.03459	0.23789	0.01976	0.22108	0.04327	0.01983	0.09256	0.04713	0.19419	0.00828	0.00543	0.00158	0.00569	0.00658	0.00432	0.00642
17	0.00971	0.00485	0.00485	0.00485	0.00607	0.00485	0.00364	0.01213	0.01092	0.01942	0.01699	0.01942	0.01335	0.00607	0.00364	0.00121	0.00243	0.00485	0.84589	0.00485
18	0.01187	0.01155	0.11048	0.11472	0.03826	0.01053	0.02863	0.09492	0.19897	0.02966	0.01564	0.05007	0.01261	0.00666	0.00519	0.00162	0.01995	0.02762	0.18020	0.03084
19	0.00662	0.00475	0.00619	0.00695	0.00748	0.00443	0.00473	0.00782	0.01090	0.01473	0.18649	0.58086	0.06251	0.06037	0.00765	0.00217	0.00300	0.01314	0.00493	0.00432
20	0.01182	0.00689	0.00711	0.00635	0.00818	0.00722	0.00495	0.17019	0.01376	0.02222	0.01605	0.01797	0.01241	0.00611	0.00397	0.00129	0.00312	0.00482	0.66990	0.00569
21	0.14454	0.20376	0.01675	0.05165	0.03680	0.18228	0.02495	0.15175	0.05263	0.04035	0.01069	0.01211	0.01812	0.00554	0.00440	0.00145	0.00614	0.01470	0.01456	0.00684
22	0.06038	0.03383	0.05847	0.02680	0.17803	0.06817	0.04932	0.07723	0.10036	0.01854	0.03504	0.01605	0.06860	0.00577	0.00486	0.00143	0.00538	0.00486	0.00348	0.18340
23	0.02766	0.07632	0.13873	0.01174	0.03487	0.06059	0.01050	0.09453	0.04892	0.04288	0.03897	0.04549	0.01049	0.00656	0.00729	0.00157	0.17338	0.00463	0.00328	0.16158
24	0.01003	0.00561	0.00765	0.03658	0.00978	0.00521	0.00577	0.01127	0.01102	0.17550	0.02629	0.61798	0.02893	0.01385	0.00630	0.00200	0.00346	0.01243	0.00508	0.00526
25	0.03677	0.06904	0.09386	0.01078	0.02806	0.05928	0.00942	0.17055	0.03945	0.34061	0.04112	0.03582	0.02869	0.00653	0.00508	0.00157	0.00529	0.00515	0.00496	0.00798
26	0.02749	0.11864	0.11952	0.01231	0.01650	0.09301	0.06883	0.28818	0.02499	0.06205	0.02224	0.03847	0.00966	0.00698	0.02746	0.00173	0.03244	0.00472	0.00382	0.02097

[dist]
# distance from previous block
# <min> <max>
0	3

[block]
# block no. 2 follows, 47 sequences, length 27
# corresponding to MSA columns:
# 398-418,420-425
name=unknown_C
#
# <colnr> <probs for GDERKNQSTAVLIFYWHMCP>
#	G	D	E	R	K	N	Q	S	T	A	V	L	I	F	Y	W	H	M	C	P
0	0.35157	0.04249	0.15411	0.08987	0.06077	0.01178	0.07969	0.02742	0.01057	0.04717	0.00900	0.01080	0.00682	0.00483	0.00427	0.00155	0.00562	0.00373	0.00296	0.07498
1	0.01262	0.51114	0.22042	0.01027	0.01558	0.01664	0.01120	0.01550	0.01072	0.01395	0.00804	0.00935	0.00680	0.00450	0.00382	0.00121	0.00589	0.00310	0.00233	0.11692
2	0.01145	0.00700	0.00768	0.00702	0.00895	0.00730	0.00542	0.03282	0.19734	0.08293	0.13832	0.02219	0.01945	0.00706	0.00460	0.00145	0.00308	0.00585	0.42399	0.00610
3	0.00815	0.00575	0.00698	0.00657	0.00809	0.00535	0.00496	0.01101	0.05662	0.04986	0.51213	0.05296	0.19515	0.01071	0.00597	0.00166	0.00268	0.00929	0.04097	0.00514
4	0.01064	0.00969	0.01562	0.74011	0.03427	0.01194	0.01409	0.07452	0.01156	0.01489	0.00952	0.01377	0.00710	0.00529	0.00521	0.00172	0.00684	0.00463	0.00255	0.00603
5	0.00634	0.00453	0.00604	0.00725	0.00755	0.00423	0.00483	0.00725	0.00997	0.01329	0.02870	0.81358	0.03444	0.01632	0.00665	0.00211	0.00302	0.01480	0.00483	0.00423
6	0.00930	0.00727	0.00819	0.00767	0.00952	0.00754	0.00582	0.03400	0.24844	0.01972	0.30431	0.09105	0.14933	0.00994	0.00573	0.00170	0.00312	0.00855	0.06290	0.00590
7	0.00943	0.00483	0.00495	0.00505	0.00619	0.00480	0.00374	0.01174	0.01084	0.01892	0.01794	0.08391	0.01506	0.00690	0.00388	0.00129	0.00248	0.00566	0.77759	0.00480
8	0.00816	0.00643	0.00917	0.00891	0.00994	0.00768	0.00698	0.01101	0.07061	0.01291	0.01405	0.01975	0.01283	0.03441	0.67875	0.00742	0.06748	0.00553	0.00296	0.00501
9	0.01289	0.49010	0.02266	0.01085	0.01349	0.01871	0.00992	0.01434	0.00952	0.01237	0.00708	0.00959	0.00675	0.00636	0.00895	0.00159	0.33279	0.00351	0.00225	0.00628
10	0.00701	0.00507	0.00664	0.00690	0.00781	0.00470	0.00501	0.00886	0.01280	0.01767	0.45069	0.31850	0.06921	0.01294	0.00637	0.00185	0.00277	0.04523	0.00533	0.00464
11	0.00758	0.00514	0.00610	0.00614	0.00629	0.00526	0.00374	0.00789	0.00780	0.01051	0.01642	0.03307	0.01851	0.69424	0.12396	0.00539	0.00617	0.02922	0.00316	0.00339
12	0.01139	0.01139	0.01595	0.01367	0.01367	0.01595	0.01139	0.01253	0.00798	0.01253	0.00684	0.01139	0.00684	0.00911	0.01709	0.00228	0.80745	0.00456	0.00228	0.00570
13	0.00885	0.00483	0.00712	0.00739	0.02725	0.00476	0.00485	0.00734	0.00789	0.01061	0.08420	0.03655	0.03482	0.01686	0.01791	0.70361	0.00428	0.00540	0.00273	0.00277
14	0.01766	0.04770	0.07403	0.03643	0.09386	0.01259	0.01039	0.33843	0.01778	0.20221	0.03416	0.03182	0.01099	0.00616	0.00511	0.00155	0.00543	0.00494	0.00470	0.04404
15	0.00971	0.00485	0.00485	0.00485	0.00607	0.00485	0.00364	0.01213	0.01092	0.01942	0.01699	0.01942	0.01335	0.00607	0.00364	0.00121	0.00243	0.00485	0.84589	0.00485
16	0.00688	0.00473	0.00618	0.00713	0.00764	0.00438	0.00482	0.00786	0.01029	0.03558	0.04886	0.70592	0.07838	0.03587	0.00706	0.00214	0.00308	0.01398	0.00486	0.00436
17	0.01621	0.35895	0.08394	0.01165	0.01543	0.38854	0.01036	0.01807	0.01254	0.01284	0.00779	0.00913	0.00669	0.00503	0.00442	0.00129	0.02504	0.00318	0.00244	0.00644
18	0.07199	0.09080	0.20181	0.03543	0.07093	0.09154	0.10881	0.03850	0.03403	0.12767	0.02401	0.01276	0.00881	0.00551	0.00565	0.00161	0.05521	0.00442	0.00325	0.00724
19	0.00876	0.00729	0.01052	0.15765	0.02728	0.00866	0.00841	0.01167	0.07128	0.01333	0.01521	0.10713	0.01490	0.08762	0.30980	0.00466	0.09160	0.03589	0.00318	0.00516
20	0.01855	0.00913	0.02823	0.01004	0.01358	0.00801	0.08485	0.04733	0.01409	0.50055	0.07083	0.03710	0.01544	0.05227	0.00650	0.00180	0.00472	0.00589	0.06343	0.00768
21	0.03344	0.01098	0.01711	0.31931	0.04160	0.03998	0.14686	0.05975	0.03716	0.18314	0.01287	0.03540	0.00950	0.00581	0.00562	0.00170	0.02394	0.00525	0.00363	0.00694
22	0.01485	0.03576	0.05332	0.06474	0.14323	0.06624	0.25994	0.18420	0.01490	0.06168	0.01125	0.02669	0.00865	0.00541	0.00572	0.00164	0.02569	0.00518	0.00339	0.00753
23	0.00773	0.00510	0.00707	0.00769	0.00836	0.00477	0.02265	0.00878	0.01021	0.06624	0.02676	0.68355	0.03107	0.05281	0.02849	0.00237	0.00364	0.01337	0.00476	0.00457
24	0.01095	0.00939	0.01087	0.00791	0.01242	0.00735	0.00631	0.01411	0.06313	0.01730	0.01007	0.01139	0.00827	0.00408	0.00396	0.00084	0.00387	0.00328	0.00324	0.79127
25	0.08524	0.00993	0.05927	0.07842	0.03245	0.00863	0.03183	0.06167	0.01246	0.18787	0.01681	0.11361	0.03427	0.00747	0.00514	0.00158	0.00476	0.06617	0.00422	0.17820
26	0.01632	0.01849	0.01433	0.01270	0.01519	0.42953	0.02612	0.05258	0.20679	0.01592	0.01167	0.01276	0.00937	0.00733	0.03157	0.00180	0.10316	0.00433	0.00341	0.00665

[dist]
# distance from previous block
# <min> <max>
0	3

[block]
# block no. 3 follows, 47 sequences, length 9
# corresponding to MSA columns:
# 429-437
name=unknown_D
#
# <colnr> <probs for GDERKNQSTAVLIFYWHMCP>
#	G	D	E	R	K	N	Q	S	T	A	V	L	I	F	Y	W	H	M	C	P
0	0.01211	0.01086	0.01444	0.01378	0.09352	0.01203	0.09590	0.02267	0.50313	0.01937	0.01780	0.01828	0.01380	0.01093	0.11477	0.00266	0.00623	0.00575	0.00437	0.00761
1	0.01999	0.01089	0.01214	0.00988	0.01328	0.08943	0.00790	0.15086	0.01587	0.47072	0.01900	0.12602	0.01454	0.00767	0.00537	0.00164	0.00497	0.00627	0.00562	0.00793
2	0.01298	0.01016	0.01170	0.00853	0.01305	0.00857	0.00689	0.14429	0.01337	0.05776	0.01038	0.01144	0.00817	0.00440	0.00416	0.00095	0.00421	0.00347	0.00362	0.66191
3	0.05694	0.03374	0.05869	0.06237	0.01590	0.01085	0.00929	0.21124	0.01643	0.44622	0.01617	0.01510	0.01062	0.00610	0.00507	0.00160	0.00513	0.00480	0.00536	0.00839
4	0.55574	0.01456	0.11748	0.00924	0.01311	0.10241	0.00847	0.09314	0.01144	0.02216	0.00817	0.00933	0.00622	0.00506	0.00383	0.00158	0.00533	0.00321	0.00322	0.00630
5	0.00787	0.00626	0.00905	0.00889	0.00956	0.00751	0.00687	0.00942	0.00850	0.01225	0.01504	0.12931	0.01530	0.05979	0.54586	0.00650	0.12752	0.00678	0.00301	0.00469
6	0.01130	0.01037	0.01537	0.03819	0.12190	0.01081	0.14914	0.03424	0.29171	0.01895	0.10810	0.04013	0.09599	0.00755	0.00568	0.00173	0.00504	0.02246	0.00432	0.00702
7	0.00971	0.00485	0.00485	0.00485	0.00607	0.00485	0.00364	0.01213	0.01092	0.01942	0.01699	0.01942	0.01335	0.00607	0.00364	0.00121	0.00243	0.00485	0.84589	0.00485
8	0.01080	0.00926	0.01080	0.00771	0.01234	0.00694	0.00617	0.01311	0.01080	0.01697	0.00926	0.01080	0.00771	0.00386	0.00386	0.00077	0.00386	0.00309	0.00309	0.84882

[dist]
# distance from previous block
# <min> <max>
1	3

[block]
# block no. 4 follows, 47 sequences, length 44
# corresponding to MSA columns:
# 442-476,478-486
name=unknown_E
#
# <colnr> <probs for GDERKNQSTAVLIFYWHMCP>
#	G	D	E	R	K	N	Q	S	T	A	V	L	I	F	Y	W	H	M	C	P
0	0.00971	0.00485	0.00485	0.00485	0.00607	0.00485	0.00364	0.01213	0.01092	0.01942	0.01699	0.01942	0.01335	0.00607	0.00364	0.00121	0.00243	0.00485	0.84589	0.00485
1	0.08054	0.04799	0.05567	0.04523	0.16573	0.12113	0.14533	0.14775	0.03958	0.02958	0.01072	0.03364	0.00865	0.00563	0.00559	0.00161	0.04033	0.00480	0.00326	0.00724
2	0.19054	0.07529	0.04727	0.01077	0.02293	0.06266	0.06394	0.07303	0.14043	0.05217	0.12035	0.01630	0.01464	0.00653	0.00572	0.00164	0.06793	0.00501	0.01619	0.00667
3	0.17436	0.01169	0.11762	0.05524	0.05088	0.00952	0.00879	0.07749	0.01171	0.02926	0.01096	0.02291	0.00879	0.00518	0.00421	0.00133	0.00467	0.01523	0.12485	0.25532
4	0.00654	0.00519	0.00589	0.00601	0.00740	0.00454	0.00445	0.00810	0.01228	0.01564	0.22488	0.16546	0.46770	0.01309	0.00626	0.00180	0.00272	0.03247	0.00505	0.00451
5	0.00740	0.00508	0.00563	0.00563	0.00584	0.00497	0.00325	0.00756	0.00809	0.01058	0.02081	0.03602	0.11148	0.71955	0.02404	0.00465	0.00476	0.00799	0.00336	0.00331
6	0.01080	0.00926	0.01080	0.00771	0.01234	0.00694	0.00617	0.01311	0.01080	0.01697	0.00926	0.01080	0.00771	0.00386	0.00386	0.00077	0.00386	0.00309	0.00309	0.84882
7	0.01378	0.02267	0.02479	0.07254	0.01642	0.03890	0.08154	0.08227	0.02929	0.12293	0.01139	0.01255	0.00859	0.00473	0.00456	0.00119	0.00511	0.00401	0.00363	0.43910
8	0.03954	0.07620	0.05201	0.02060	0.01485	0.05060	0.01946	0.25899	0.05305	0.12153	0.03125	0.01313	0.00993	0.00551	0.00468	0.00135	0.00522	0.00425	0.00423	0.21360
9	0.01853	0.02316	0.01530	0.01483	0.07384	0.69536	0.01058	0.01999	0.01418	0.01306	0.00812	0.00976	0.00683	0.00551	0.00539	0.00141	0.05180	0.00352	0.00265	0.00619
10	0.00777	0.00552	0.00798	0.00824	0.00923	0.00519	0.04182	0.00942	0.01153	0.04367	0.18060	0.47552	0.03471	0.01394	0.00655	0.00202	0.00350	0.12306	0.00496	0.00476
11	0.01235	0.00667	0.00869	0.00748	0.00964	0.00609	0.00585	0.04187	0.01505	0.24005	0.51295	0.03225	0.06091	0.00937	0.00585	0.00163	0.00315	0.00810	0.00589	0.00617
12	0.11412	0.01408	0.01473	0.01140	0.01546	0.01564	0.00942	0.68210	0.02272	0.03175	0.01191	0.01205	0.00849	0.00609	0.00498	0.00157	0.00554	0.00448	0.00498	0.00849
13	0.01090	0.00940	0.01129	0.00887	0.04922	0.00720	0.00664	0.01325	0.01085	0.01697	0.00928	0.01090	0.00774	0.00389	0.00392	0.00081	0.00397	0.00316	0.00306	0.80867
14	0.00718	0.00532	0.00670	0.00636	0.00767	0.00483	0.00477	0.00947	0.01430	0.01984	0.66972	0.04062	0.16182	0.01104	0.00614	0.00166	0.00248	0.00966	0.00559	0.00483
15	0.02081	0.00858	0.01142	0.00893	0.01257	0.00759	0.00731	0.05410	0.01518	0.64311	0.10575	0.02104	0.04487	0.00715	0.00537	0.00162	0.00420	0.00589	0.00626	0.00826
16	0.01478	0.55476	0.12081	0.00996	0.01468	0.03433	0.01012	0.07263	0.01218	0.08587	0.00988	0.01056	0.02001	0.00500	0.00393	0.00128	0.00578	0.00343	0.00289	0.00712
17	0.02482	0.00936	0.04086	0.01136	0.06050	0.02518	0.09677	0.02588	0.08759	0.14528	0.34225	0.02733	0.04412	0.00819	0.00575	0.00167	0.00439	0.02725	0.00496	0.00651
18	0.00633	0.00461	0.00596	0.00705	0.00750	0.00425	0.00474	0.00727	0.01017	0.01337	0.03117	0.73525	0.11118	0.01599	0.00660	0.00208	0.00298	0.01441	0.00483	0.00425
19	0.01068	0.01012	0.01723	0.53469	0.25160	0.01159	0.03063	0.01403	0.01103	0.01473	0.03768	0.01451	0.00888	0.00522	0.00525	0.00168	0.00660	0.00484	0.00252	0.00649
20	0.02510	0.01883	0.37113	0.01517	0.07508	0.04445	0.11195	0.06635	0.07545	0.01787	0.03607	0.05785	0.04888	0.00631	0.00531	0.00168	0.00666	0.00549	0.00315	0.00724
21	0.01095	0.00931	0.01541	0.06183	0.35623	0.00924	0.06336	0.01322	0.01143	0.04801	0.09351	0.07255	0.06858	0.04340	0.03883	0.06221	0.00564	0.00652	0.00337	0.00640
22	0.00634	0.00453	0.00604	0.00725	0.00755	0.00423	0.00483	0.00725	0.00997	0.01329	0.02870	0.81358	0.03444	0.01632	0.00665	0.00211	0.00302	0.01480	0.00483	0.00423
23	0.06401	0.01144	0.01389	0.07378	0.05710	0.01196	0.00938	0.34303	0.01800	0.28642	0.01524	0.04778	0.01095	0.00650	0.00517	0.00162	0.00520	0.00519	0.00514	0.00822
24	0.19337	0.01320	0.05382	0.09457	0.05492	0.07520	0.13467	0.07389	0.16893	0.05706	0.01248	0.02470	0.00950	0.00564	0.00492	0.00166	0.00598	0.00479	0.00366	0.00705
25	0.00931	0.00609	0.00808	0.02858	0.00952	0.00592	0.00577	0.01229	0.05088	0.09652	0.57036	0.03330	0.03912	0.01278	0.08596	0.00233	0.00402	0.00831	0.00539	0.00547
26	0.01814	0.02147	0.01556	0.01344	0.01638	0.59483	0.06888	0.09263	0.01499	0.01494	0.00877	0.01044	0.00716	0.00602	0.00567	0.04666	0.00858	0.00376	0.00292	0.02877
27	0.00905	0.00452	0.00678	0.00678	0.00678	0.00452	0.00452	0.00678	0.00678	0.00905	0.00905	0.01583	0.00905	0.01809	0.02035	0.84848	0.00452	0.00452	0.00226	0.00226
28	0.18187	0.00909	0.01124	0.00880	0.01268	0.00842	0.00727	0.02346	0.01375	0.64213	0.01801	0.01596	0.01151	0.00614	0.00485	0.00161	0.00435	0.00478	0.00583	0.00825
29	0.01104	0.00938	0.01561	0.70465	0.07041	0.01130	0.01400	0.01438	0.01084	0.07423	0.01017	0.01414	0.00747	0.00528	0.00521	0.00172	0.00671	0.00468	0.00265	0.00615
30	0.01990	0.01286	0.07456	0.01023	0.01409	0.13610	0.00879	0.05422	0.02642	0.48729	0.05499	0.01800	0.04525	0.00663	0.00521	0.00158	0.00538	0.00525	0.00532	0.00793
31	0.66537	0.07473	0.07060	0.00773	0.01139	0.01207	0.00703	0.01572	0.00957	0.05464	0.02719	0.00980	0.00719	0.00503	0.00353	0.00158	0.00441	0.00316	0.00326	0.00600
32	0.00686	0.00535	0.00781	0.07029	0.01059	0.00520	0.03812	0.00814	0.01020	0.01348	0.02759	0.67890	0.06814	0.01478	0.00649	0.00205	0.00356	0.01345	0.00454	0.00448
33	0.73873	0.01017	0.02727	0.01911	0.01074	0.01117	0.00611	0.01565	0.00934	0.06068	0.00846	0.00959	0.00641	0.00498	0.00342	0.00160	0.00411	0.00309	0.04359	0.00581
34	0.00755	0.00523	0.00721	0.06986	0.01018	0.00512	0.00584	0.00880	0.01032	0.05166	0.02730	0.62297	0.06650	0.01571	0.03956	0.00231	0.00388	0.03074	0.00463	0.00462
35	0.01150	0.07381	0.05372	0.00835	0.01283	0.00870	0.00715	0.04362	0.02772	0.03094	0.01005	0.01215	0.00844	0.04439	0.00510	0.00112	0.00435	0.00349	0.00317	0.62941
36	0.07455	0.00655	0.00720	0.00775	0.00875	0.04462	0.00546	0.01053	0.05145	0.04736	0.06179	0.59729	0.02963	0.01369	0.00613	0.00197	0.00351	0.01216	0.00474	0.00487
37	0.00870	0.00911	0.08750	0.00784	0.00996	0.06756	0.00657	0.01072	0.02808	0.05180	0.04684	0.27600	0.34536	0.01219	0.00600	0.00182	0.00392	0.01042	0.00450	0.00512
38	0.01311	0.15824	0.22361	0.02830	0.01625	0.01308	0.02320	0.21148	0.01420	0.01936	0.01189	0.03850	0.01036	0.06959	0.00651	0.00177	0.00594	0.04432	0.00338	0.08690
39	0.05612	0.10979	0.40263	0.02929	0.05680	0.01229	0.07314	0.04660	0.01140	0.01667	0.02169	0.05162	0.01987	0.02422	0.02656	0.00185	0.00683	0.00476	0.00271	0.02517
40	0.01267	0.16288	0.25522	0.04160	0.04185	0.01282	0.07123	0.11082	0.01325	0.04714	0.08866	0.01419	0.01175	0.00551	0.00482	0.00146	0.00603	0.00454	0.00324	0.09030
41	0.01138	0.01301	0.12785	0.11434	0.07580	0.04859	0.10150	0.05258	0.08442	0.02799	0.08608	0.06021	0.03338	0.00835	0.04499	0.00199	0.03949	0.00588	0.00345	0.05872
42	0.10708	0.02476	0.22140	0.01085	0.02986	0.01024	0.01046	0.08071	0.07759	0.07012	0.10107	0.09788	0.01671	0.00761	0.00551	0.00169	0.02816	0.04139	0.00397	0.05294
43	0.01264	0.07108	0.07290	0.02072	0.04686	0.01094	0.07973	0.14128	0.10056	0.05405	0.05403	0.06710	0.05525	0.05017	0.00630	0.00171	0.00513	0.01598	0.00400	0.12957

[dist]
# distance from previous block
# <min> <max>
17	129

[block]
# block no. 5 follows, 47 sequences, length 24
# corresponding to MSA columns:
# 671-689,692-696
name=unknown_F
#
# <colnr> <probs for GDERKNQSTAVLIFYWHMCP>
#	G	D	E	R	K	N	Q	S	T	A	V	L	I	F	Y	W	H	M	C	P
0	0.01146	0.00968	0.01420	0.08116	0.18000	0.00944	0.07028	0.07591	0.05360	0.04449	0.03702	0.11269	0.07627	0.04122	0.00620	0.00169	0.00502	0.00654	0.00371	0.15943
1	0.10771	0.22712	0.02725	0.00834	0.01167	0.08888	0.00713	0.05200	0.01206	0.01650	0.07815	0.05673	0.13332	0.00702	0.00449	0.00136	0.00470	0.00541	0.00350	0.14667
2	0.12678	0.03325	0.02081	0.02573	0.01215	0.00972	0.02525	0.11555	0.13644	0.04839	0.07502	0.12589	0.07623	0.02209	0.00577	0.00182	0.00431	0.09552	0.00456	0.03473
3	0.08200	0.05528	0.01481	0.01181	0.03250	0.05000	0.08127	0.24941	0.04862	0.03586	0.07646	0.12368	0.01563	0.00794	0.00636	0.00172	0.07486	0.02076	0.00421	0.00683
4	0.05718	0.08745	0.01153	0.10112	0.01313	0.00973	0.02668	0.08083	0.05807	0.03084	0.06242	0.04476	0.16467	0.16233	0.02262	0.00241	0.03478	0.00680	0.01717	0.00549
5	0.01335	0.68963	0.02455	0.00894	0.01309	0.01876	0.00862	0.01588	0.05854	0.01302	0.00860	0.00987	0.00768	0.00669	0.05140	0.00158	0.00592	0.00316	0.00249	0.03821
6	0.01080	0.09166	0.05629	0.10647	0.01506	0.01297	0.01000	0.03767	0.00948	0.01361	0.01061	0.06323	0.01047	0.11166	0.01305	0.00232	0.36420	0.00538	0.04950	0.00556
7	0.04549	0.69640	0.07390	0.00937	0.01397	0.01950	0.00949	0.05621	0.01129	0.01405	0.00766	0.00875	0.00676	0.00460	0.00354	0.00119	0.00565	0.00296	0.00242	0.00682
8	0.01145	0.28339	0.40173	0.01215	0.03726	0.01386	0.01369	0.01537	0.01123	0.03000	0.05348	0.01506	0.05152	0.00578	0.00462	0.00149	0.00627	0.02195	0.00270	0.00700
9	0.01590	0.48493	0.02175	0.01058	0.01421	0.32328	0.00919	0.01739	0.01212	0.01238	0.00783	0.00953	0.00706	0.02903	0.00456	0.00132	0.00705	0.00315	0.00243	0.00633
10	0.01289	0.01237	0.02114	0.03196	0.78450	0.01237	0.01598	0.01598	0.01186	0.01701	0.00980	0.01289	0.00825	0.00464	0.00516	0.00155	0.00619	0.00464	0.00258	0.00825
11	0.00744	0.00558	0.00837	0.00837	0.00930	0.00651	0.00651	0.00930	0.00837	0.01209	0.01395	0.02046	0.01302	0.03906	0.79635	0.00837	0.01395	0.00558	0.00279	0.00465
12	0.01230	0.01167	0.02059	0.22969	0.48328	0.01213	0.10225	0.01562	0.01161	0.03615	0.01002	0.01341	0.00799	0.00480	0.00529	0.00162	0.00664	0.00483	0.00262	0.00749
13	0.00995	0.00949	0.01634	0.76696	0.03545	0.01165	0.05047	0.01347	0.01050	0.01347	0.00932	0.01389	0.00699	0.00517	0.00525	0.00174	0.00703	0.00470	0.00233	0.00584
14	0.01071	0.01015	0.01720	0.58385	0.24967	0.01180	0.01490	0.01407	0.01083	0.01436	0.00941	0.01360	0.00732	0.00504	0.00519	0.00168	0.00673	0.00463	0.00239	0.00649
15	0.03313	0.01251	0.01294	0.01006	0.01414	0.05907	0.00810	0.30236	0.12284	0.02355	0.01204	0.01252	0.00918	0.00533	0.00461	0.00126	0.00494	0.00410	0.00418	0.34313
16	0.01852	0.00893	0.01143	0.00884	0.01274	0.00776	0.00718	0.02172	0.07852	0.49371	0.06583	0.01758	0.01421	0.00615	0.00498	0.00143	0.00415	0.00505	0.00551	0.20575
17	0.02943	0.00631	0.00834	0.00824	0.02296	0.00607	0.03549	0.05232	0.01176	0.04973	0.12709	0.27649	0.14091	0.07653	0.00881	0.06196	0.00381	0.06435	0.00456	0.00484
18	0.10627	0.06557	0.39030	0.01263	0.01810	0.06580	0.04404	0.09514	0.01262	0.05521	0.01238	0.01343	0.05398	0.00573	0.00513	0.00161	0.02746	0.00434	0.00305	0.00720
19	0.06011	0.00550	0.00705	0.00692	0.00760	0.00557	0.00485	0.04874	0.00904	0.01283	0.04224	0.10289	0.07756	0.01539	0.01481	0.53358	0.00410	0.00623	0.03159	0.00339
20	0.00835	0.00528	0.00653	0.00679	0.00729	0.00511	0.00453	0.00905	0.00934	0.06076	0.03980	0.23489	0.02455	0.44701	0.01732	0.00369	0.00440	0.09724	0.00405	0.00403
21	0.03319	0.01118	0.01485	0.05817	0.17339	0.01178	0.01038	0.23775	0.03401	0.22290	0.01490	0.07742	0.01169	0.00688	0.00603	0.00168	0.05569	0.00560	0.00458	0.00792
22	0.01054	0.01035	0.01827	0.57583	0.06401	0.01217	0.13811	0.01428	0.02922	0.01418	0.00963	0.01385	0.00737	0.00533	0.00608	0.00176	0.05552	0.00491	0.00245	0.00615
23	0.00854	0.00483	0.00700	0.03383	0.00810	0.00481	0.00507	0.00737	0.00800	0.01054	0.03034	0.09981	0.06558	0.01680	0.01653	0.61645	0.00430	0.04629	0.00290	0.00291

[dist]
# distance from previous block
# <min> <max>
7	13

[block]
# block no. 6 follows, 47 sequences, length 30
# corresponding to MSA columns:
# 718-745,747,748
name=unknown_G
#
# <colnr> <probs for GDERKNQSTAVLIFYWHMCP>
#	G	D	E	R	K	N	Q	S	T	A	V	L	I	F	Y	W	H	M	C	P
0	0.07539	0.20707	0.01855	0.12856	0.05496	0.01478	0.06997	0.17831	0.10955	0.05078	0.01140	0.01258	0.00872	0.00537	0.00465	0.00150	0.00570	0.00432	0.00358	0.03425
1	0.12909	0.01094	0.01258	0.06883	0.01523	0.02869	0.03102	0.16876	0.07532	0.13741	0.01272	0.02968	0.00959	0.00553	0.00462	0.00139	0.00486	0.00438	0.00417	0.24518
2	0.24263	0.03156	0.01260	0.15894	0.08133	0.14553	0.00937	0.08129	0.01221	0.04189	0.01191	0.11336	0.01088	0.00676	0.00475	0.00164	0.00575	0.01805	0.00339	0.00617
3	0.07903	0.04372	0.01322	0.06456	0.01489	0.01187	0.00846	0.26186	0.06174	0.11023	0.06165	0.03778	0.01229	0.00637	0.00545	0.00150	0.04432	0.00491	0.00440	0.15175
4	0.00932	0.00775	0.00986	0.04583	0.03202	0.02585	0.04121	0.05103	0.04845	0.01563	0.05579	0.22230	0.11065	0.08748	0.03561	0.02179	0.00462	0.02998	0.00402	0.14082
5	0.00904	0.00683	0.00949	0.05046	0.06549	0.00720	0.00715	0.03694	0.04110	0.01437	0.04279	0.12703	0.05175	0.03419	0.21610	0.12630	0.02637	0.04507	0.02722	0.05511
6	0.01160	0.01150	0.02078	0.32019	0.34265	0.01230	0.15795	0.01504	0.01132	0.01546	0.00967	0.01345	0.00766	0.00490	0.00561	0.00167	0.02382	0.00492	0.00248	0.00704
7	0.01036	0.00979	0.01657	0.67113	0.16508	0.01171	0.01472	0.01377	0.01066	0.01395	0.00935	0.01371	0.00717	0.00511	0.00520	0.00170	0.00681	0.00463	0.00236	0.00621
8	0.01026	0.00740	0.00900	0.03611	0.01069	0.03376	0.00654	0.01378	0.13684	0.07963	0.04997	0.02468	0.06724	0.12142	0.28425	0.06425	0.00784	0.02717	0.00382	0.00533
9	0.05895	0.00651	0.00817	0.00747	0.00909	0.00634	0.00555	0.01378	0.06514	0.19179	0.10552	0.08539	0.05197	0.07515	0.01108	0.22819	0.00397	0.02223	0.03855	0.00517
10	0.00820	0.00580	0.00709	0.00726	0.00853	0.00553	0.00555	0.01048	0.05181	0.04681	0.17005	0.12931	0.20221	0.12929	0.00932	0.00240	0.00366	0.18708	0.00484	0.00477
11	0.00747	0.00519	0.00641	0.00686	0.00791	0.00471	0.00497	0.00879	0.01129	0.05249	0.10988	0.37857	0.24400	0.05201	0.00737	0.00211	0.00318	0.07730	0.00492	0.00457
12	0.06510	0.00630	0.00751	0.00738	0.00883	0.00614	0.00539	0.02496	0.06008	0.11143	0.13684	0.31884	0.09818	0.09139	0.00799	0.00218	0.00350	0.02777	0.00493	0.00525
13	0.07422	0.00556	0.00639	0.00660	0.00769	0.00536	0.00472	0.00912	0.02554	0.01589	0.20994	0.26139	0.18326	0.12052	0.00881	0.00229	0.00325	0.04024	0.00470	0.00449
14	0.06172	0.00660	0.00756	0.00728	0.00897	0.00642	0.00549	0.07116	0.03144	0.07737	0.13205	0.22041	0.22823	0.05793	0.00715	0.00202	0.00348	0.05453	0.00492	0.00526
15	0.39852	0.00778	0.00727	0.00676	0.00902	0.00830	0.00524	0.03006	0.01085	0.05999	0.11859	0.11270	0.11171	0.04448	0.00558	0.00182	0.00356	0.00656	0.04591	0.00532
16	0.03546	0.00541	0.00633	0.00643	0.00770	0.00498	0.00470	0.00937	0.01170	0.05027	0.19180	0.23002	0.25966	0.06825	0.00745	0.00203	0.00306	0.03958	0.05114	0.00466
17	0.00807	0.00530	0.00643	0.00670	0.00786	0.00476	0.00478	0.00924	0.01107	0.08544	0.06043	0.36458	0.27973	0.08606	0.00814	0.00221	0.00325	0.03643	0.00486	0.00466
18	0.30659	0.00903	0.00985	0.00819	0.01141	0.00915	0.00660	0.04686	0.04327	0.35539	0.06232	0.04948	0.01372	0.03943	0.00552	0.00178	0.00417	0.00516	0.00500	0.00706
19	0.00721	0.00502	0.00587	0.00604	0.00638	0.00489	0.00374	0.00772	0.00892	0.01184	0.07662	0.16293	0.09869	0.52567	0.04322	0.00410	0.00457	0.00916	0.00377	0.00362
20	0.00719	0.00514	0.00631	0.00663	0.00739	0.00488	0.00461	0.00872	0.02503	0.01510	0.22179	0.27995	0.11636	0.18897	0.01072	0.00258	0.00338	0.05096	0.03000	0.00431
21	0.03362	0.00843	0.00947	0.00878	0.01101	0.00908	0.00680	0.01940	0.37333	0.07603	0.17737	0.09244	0.05349	0.00906	0.00559	0.00176	0.00362	0.04992	0.04408	0.00671
22	0.00660	0.00490	0.00594	0.00655	0.00729	0.00448	0.00450	0.00767	0.01064	0.01383	0.10089	0.43006	0.22614	0.11520	0.00898	0.00236	0.00317	0.03188	0.00470	0.00421
23	0.00698	0.00548	0.00613	0.00618	0.00760	0.00499	0.00455	0.00917	0.05125	0.01579	0.19222	0.14981	0.42638	0.03990	0.00681	0.00189	0.00285	0.02708	0.03028	0.00466
24	0.00815	0.00552	0.00709	0.00708	0.00843	0.00526	0.00535	0.00983	0.01152	0.07538	0.17295	0.18327	0.23975	0.01853	0.18043	0.00328	0.00541	0.04321	0.00468	0.00489
25	0.00737	0.00531	0.00617	0.00635	0.00752	0.00481	0.00449	0.00887	0.02883	0.04570	0.12153	0.27636	0.33644	0.10574	0.00858	0.00222	0.00312	0.01123	0.00482	0.00453
26	0.03815	0.00626	0.00789	0.00823	0.00941	0.00629	0.00656	0.03953	0.01120	0.06103	0.02256	0.08228	0.02399	0.22976	0.01193	0.00295	0.00468	0.38874	0.03382	0.00475
27	0.01797	0.01225	0.01365	0.04106	0.01534	0.03366	0.00909	0.40232	0.13028	0.17129	0.01589	0.03977	0.01186	0.00812	0.03714	0.00191	0.00562	0.01942	0.00516	0.00819
28	0.01070	0.00962	0.03531	0.29080	0.19595	0.01027	0.03299	0.02771	0.04545	0.01413	0.01122	0.02839	0.02652	0.00857	0.00914	0.19160	0.03821	0.00500	0.00266	0.00575
29	0.00776	0.03595	0.00719	0.00701	0.00791	0.00521	0.00493	0.00893	0.01086	0.05603	0.12444	0.50341	0.10700	0.07842	0.00792	0.00219	0.00325	0.01219	0.00480	0.00459

[dist]
# distance from previous block
# <min> <max>
8	47

# created by:
# /home/cegg/simao/soft/augustus-3.2.1/scripts/msa2prfl.pl ./align_prep/EOG091G0CGO.fa
