[name]
unknown

[dist]
# distance from previous block
# <min> <max>
0	279

[block]
# block no. 0 follows, 39 sequences, length 15
# corresponding to MSA columns:
# 303-317
name=unknown_A
#
# <colnr> <probs for GDERKNQSTAVLIFYWHMCP>
#	G	D	E	R	K	N	Q	S	T	A	V	L	I	F	Y	W	H	M	C	P
0	0.01069	0.00629	0.00842	0.00856	0.00993	0.00578	0.00631	0.01255	0.01391	0.13245	0.23662	0.40281	0.03972	0.01480	0.00718	0.00218	0.00365	0.06621	0.00606	0.00588
1	0.00966	0.00777	0.01023	0.00992	0.01106	0.03686	0.00766	0.03642	0.01034	0.01444	0.01537	0.02306	0.01450	0.09208	0.62874	0.00836	0.04850	0.00631	0.00326	0.00544
2	0.01136	0.01256	0.12388	0.09507	0.16085	0.01014	0.03256	0.01567	0.06255	0.04338	0.11174	0.05025	0.17008	0.00963	0.00646	0.00198	0.00569	0.06455	0.00440	0.00720
3	0.01396	0.01595	0.03490	0.02493	0.03091	0.01496	0.73380	0.01894	0.01396	0.01894	0.01196	0.01595	0.00897	0.00499	0.00698	0.00199	0.00997	0.00698	0.00299	0.00798
4	0.01117	0.01051	0.01774	0.77795	0.04073	0.01314	0.01642	0.01511	0.01182	0.01511	0.01051	0.01577	0.00788	0.00591	0.00591	0.00197	0.00788	0.00526	0.00263	0.00657
5	0.00905	0.00718	0.01050	0.01016	0.01103	0.00874	0.00795	0.01096	0.00940	0.01369	0.01490	0.02259	0.01417	0.07487	0.63479	0.00841	0.11686	0.00629	0.00311	0.00536
6	0.01504	0.01570	0.12601	0.01855	0.06403	0.02897	0.29331	0.05687	0.03311	0.10221	0.03202	0.01707	0.01140	0.00839	0.04119	0.03212	0.04530	0.00608	0.04468	0.00795
7	0.01586	0.00900	0.01155	0.04670	0.04587	0.00905	0.00781	0.02007	0.13924	0.25968	0.03968	0.02724	0.03563	0.24413	0.05940	0.00350	0.00595	0.00711	0.00525	0.00729
8	0.01090	0.00715	0.00894	0.00812	0.01011	0.00679	0.00622	0.01493	0.08981	0.10419	0.54231	0.04034	0.10412	0.01139	0.00677	0.00188	0.00324	0.00991	0.00647	0.00641
9	0.01270	0.00993	0.04733	0.04555	0.10606	0.00886	0.02667	0.05750	0.03638	0.12185	0.15025	0.09709	0.20283	0.01086	0.00660	0.00197	0.00479	0.04040	0.00531	0.00708
10	0.01542	0.36084	0.06114	0.05707	0.06978	0.10224	0.09751	0.03858	0.03201	0.01658	0.01078	0.02904	0.00924	0.00595	0.00547	0.00159	0.03526	0.00463	0.03926	0.00760
11	0.00800	0.00576	0.00676	0.00700	0.00811	0.00541	0.00493	0.00952	0.01221	0.01649	0.12796	0.20230	0.25617	0.13758	0.07974	0.00327	0.00463	0.01131	0.08797	0.00489
12	0.00765	0.00559	0.00719	0.00770	0.00862	0.00513	0.00543	0.00942	0.01369	0.01861	0.32116	0.42078	0.11589	0.01562	0.00727	0.00215	0.00313	0.01396	0.00590	0.00513
13	0.02843	0.06581	0.16475	0.12003	0.14132	0.06676	0.09507	0.03957	0.09585	0.01880	0.01446	0.07860	0.01251	0.00716	0.00595	0.00189	0.00736	0.02422	0.00351	0.00793
14	0.01448	0.21249	0.13057	0.06982	0.15857	0.05237	0.07954	0.03984	0.08911	0.01804	0.01233	0.04171	0.01036	0.00636	0.00604	0.00176	0.03998	0.00526	0.00324	0.00813

[dist]
# distance from previous block
# <min> <max>
0	4

[block]
# block no. 1 follows, 39 sequences, length 22
# corresponding to MSA columns:
# 322-337,339-344
name=unknown_B
#
# <colnr> <probs for GDERKNQSTAVLIFYWHMCP>
#	G	D	E	R	K	N	Q	S	T	A	V	L	I	F	Y	W	H	M	C	P
0	0.19333	0.08137	0.01588	0.03276	0.03793	0.07211	0.05294	0.01715	0.03992	0.05378	0.01145	0.01488	0.00974	0.03926	0.10297	0.00291	0.13538	0.00479	0.00344	0.07802
1	0.01434	0.01500	0.10018	0.04198	0.36117	0.01314	0.11912	0.06511	0.03113	0.04855	0.01432	0.05637	0.02539	0.00754	0.02847	0.00205	0.00738	0.00619	0.00353	0.03903
2	0.01045	0.00775	0.00937	0.00820	0.01099	0.00642	0.00619	0.01242	0.01280	0.05894	0.10335	0.21173	0.11914	0.04979	0.00727	0.00186	0.00395	0.03690	0.00485	0.31761
3	0.01397	0.03473	0.15263	0.12907	0.39554	0.04887	0.03358	0.01864	0.05123	0.01838	0.01136	0.01446	0.00910	0.00579	0.00631	0.00184	0.03786	0.00510	0.00296	0.00858
4	0.01538	0.01459	0.02278	0.08066	0.61741	0.04350	0.01718	0.08045	0.01473	0.02042	0.01128	0.01452	0.00927	0.00550	0.00584	0.00176	0.00718	0.00522	0.00317	0.00915
5	0.00853	0.00608	0.00760	0.00730	0.00883	0.00549	0.00544	0.01090	0.01565	0.04306	0.53237	0.10628	0.19435	0.01306	0.00699	0.00193	0.00295	0.01141	0.00625	0.00553
6	0.01191	0.00680	0.00884	0.00801	0.01003	0.00610	0.00611	0.01431	0.01599	0.17503	0.47056	0.10461	0.11442	0.01194	0.00681	0.00191	0.00333	0.01041	0.00649	0.00639
7	0.01500	0.63876	0.18086	0.01150	0.01732	0.02142	0.01253	0.01792	0.01211	0.01490	0.00871	0.01010	0.00757	0.00517	0.00417	0.00139	0.00682	0.00341	0.00252	0.00783
8	0.00807	0.00566	0.00681	0.00731	0.00771	0.00549	0.00472	0.00875	0.01020	0.01343	0.02738	0.27286	0.09532	0.41258	0.04519	0.00432	0.00510	0.05043	0.00444	0.00425
9	0.83394	0.01144	0.00869	0.00778	0.01144	0.01327	0.00640	0.01738	0.01006	0.02653	0.00823	0.00961	0.00640	0.00549	0.00366	0.00183	0.00457	0.00320	0.00366	0.00640
10	0.01095	0.00582	0.00618	0.00609	0.00740	0.00607	0.00463	0.01362	0.01213	0.02132	0.01869	0.02178	0.01487	0.00904	0.04597	0.00186	0.03146	0.00554	0.75105	0.00553
11	0.07555	0.01247	0.01492	0.01170	0.01582	0.02700	0.00965	0.21285	0.01864	0.44114	0.01829	0.01707	0.01215	0.00739	0.00699	0.00188	0.07533	0.00550	0.00621	0.00944
12	0.02968	0.25525	0.47979	0.01449	0.02166	0.04782	0.01731	0.01895	0.03274	0.01745	0.01017	0.01173	0.00780	0.00554	0.00504	0.00168	0.00791	0.00403	0.00265	0.00829
13	0.06912	0.00653	0.00753	0.00793	0.00924	0.00661	0.00600	0.01286	0.04174	0.03612	0.05155	0.22437	0.02635	0.08151	0.00826	0.00237	0.00397	0.14536	0.24710	0.00548
14	0.15778	0.01447	0.01675	0.11259	0.18338	0.08292	0.01226	0.17505	0.06330	0.06239	0.01258	0.01433	0.00957	0.00635	0.00589	0.00182	0.03322	0.00492	0.02214	0.00828
15	0.00802	0.00552	0.00680	0.00749	0.00771	0.00537	0.00476	0.00863	0.01009	0.01343	0.02561	0.37895	0.03012	0.40198	0.01876	0.00407	0.00468	0.04925	0.00454	0.00423
16	0.00911	0.00603	0.00737	0.00772	0.00858	0.00569	0.00520	0.02900	0.01187	0.05741	0.06570	0.39813	0.12080	0.22374	0.01335	0.00317	0.00413	0.01287	0.00514	0.00498
17	0.01252	0.01091	0.01720	0.12244	0.15263	0.01160	0.10361	0.07810	0.05430	0.01908	0.07955	0.08202	0.05000	0.02751	0.00936	0.08235	0.05045	0.02547	0.00397	0.00693
18	0.01038	0.00853	0.01258	0.10992	0.12009	0.00944	0.00986	0.04081	0.03185	0.01616	0.01867	0.14055	0.03284	0.08746	0.26629	0.00491	0.03477	0.03500	0.00376	0.00615
19	0.00769	0.00549	0.00719	0.00838	0.00890	0.00521	0.00587	0.00889	0.01148	0.01516	0.03201	0.57666	0.06304	0.09558	0.00988	0.00277	0.00395	0.12177	0.00529	0.00479
20	0.01370	0.01309	0.02209	0.14565	0.60800	0.01343	0.01715	0.01717	0.01322	0.01851	0.01367	0.01709	0.04929	0.00589	0.00592	0.00180	0.00694	0.00566	0.00302	0.00871
21	0.03155	0.08322	0.04472	0.11913	0.05624	0.09750	0.04778	0.04969	0.03196	0.01639	0.02903	0.02179	0.03032	0.20122	0.05913	0.00320	0.03417	0.00606	0.00341	0.03348

[dist]
# distance from previous block
# <min> <max>
2	4

[block]
# block no. 2 follows, 39 sequences, length 24
# corresponding to MSA columns:
# 349-372
name=unknown_C
#
# <colnr> <probs for GDERKNQSTAVLIFYWHMCP>
#	G	D	E	R	K	N	Q	S	T	A	V	L	I	F	Y	W	H	M	C	P
0	0.24824	0.03325	0.11314	0.04478	0.01539	0.03073	0.00979	0.12830	0.03587	0.05790	0.01317	0.01568	0.01031	0.05108	0.00672	0.00199	0.03251	0.00478	0.13909	0.00728
1	0.00804	0.00693	0.00704	0.00696	0.00871	0.03939	0.00516	0.00983	0.01429	0.01783	0.23353	0.11016	0.48292	0.01412	0.00696	0.00197	0.00332	0.01198	0.00564	0.00521
2	0.01414	0.02298	0.42240	0.07568	0.13640	0.01408	0.08283	0.09070	0.01445	0.05367	0.01173	0.01388	0.00851	0.00576	0.00584	0.00186	0.00814	0.00497	0.00317	0.00880
3	0.01116	0.01527	0.22225	0.07778	0.07700	0.01123	0.04007	0.04669	0.01341	0.01901	0.14557	0.17114	0.02260	0.00983	0.00780	0.00205	0.08774	0.00830	0.00402	0.00707
4	0.00823	0.00582	0.00700	0.00741	0.00871	0.00516	0.00529	0.00971	0.01307	0.05374	0.12899	0.38470	0.30887	0.01585	0.00719	0.00216	0.00327	0.01390	0.00570	0.00523
5	0.03687	0.00807	0.00915	0.00871	0.01063	0.04099	0.00655	0.03019	0.04139	0.14010	0.17980	0.23395	0.08891	0.03363	0.02505	0.00227	0.00437	0.03296	0.06010	0.00631
6	0.44457	0.01136	0.08152	0.00874	0.01203	0.01055	0.00769	0.01603	0.01117	0.06956	0.01515	0.12526	0.01412	0.04600	0.00602	0.00209	0.00477	0.03059	0.07637	0.00639
7	0.00806	0.00587	0.00758	0.00749	0.00873	0.00540	0.00549	0.01043	0.01551	0.02158	0.57102	0.18277	0.10102	0.01348	0.00708	0.00197	0.00292	0.01195	0.00625	0.00540
8	0.01581	0.79572	0.03099	0.01012	0.01518	0.02340	0.01012	0.01771	0.01202	0.01391	0.00822	0.00949	0.00759	0.00506	0.00379	0.00126	0.00632	0.00316	0.00253	0.00759
9	0.00762	0.00644	0.00699	0.00731	0.03032	0.00565	0.00521	0.00982	0.03955	0.01707	0.12094	0.08030	0.61345	0.01431	0.00694	0.00199	0.00317	0.01206	0.00553	0.00532
10	0.01610	0.57491	0.08367	0.01165	0.01664	0.10629	0.03772	0.03284	0.01300	0.01532	0.00920	0.01067	0.00798	0.00533	0.00428	0.00138	0.00700	0.00360	0.03483	0.00758
11	0.07155	0.05019	0.21216	0.12465	0.08220	0.01305	0.01378	0.09245	0.05807	0.06575	0.01354	0.04442	0.01064	0.00644	0.00544	0.00175	0.00652	0.00522	0.03964	0.08253
12	0.01580	0.20140	0.10692	0.03273	0.01660	0.13130	0.01101	0.09150	0.01494	0.07480	0.04812	0.05169	0.09028	0.00793	0.00634	0.00172	0.05617	0.00592	0.00396	0.03087
13	0.01068	0.00804	0.01027	0.01101	0.07564	0.00782	0.00748	0.04075	0.09659	0.05264	0.23003	0.21597	0.12892	0.01241	0.00677	0.00200	0.00394	0.03516	0.00562	0.03826
14	0.00756	0.00545	0.00723	0.00848	0.00908	0.00512	0.00602	0.00891	0.01192	0.01578	0.05712	0.63034	0.07010	0.01785	0.00759	0.00241	0.00368	0.11491	0.00552	0.00493
15	0.01303	0.08170	0.19243	0.21315	0.17269	0.04632	0.01586	0.03183	0.05177	0.01769	0.01316	0.06428	0.01137	0.00697	0.00606	0.00189	0.02204	0.02676	0.00318	0.00781
16	0.01479	0.04987	0.13287	0.13974	0.08567	0.10041	0.03271	0.08753	0.09819	0.04075	0.01479	0.01691	0.03088	0.00834	0.03272	0.03164	0.00735	0.00535	0.06177	0.00771
17	0.01513	0.01491	0.01572	0.07945	0.15825	0.20142	0.01155	0.06765	0.01402	0.03893	0.01498	0.01871	0.05221	0.04103	0.14649	0.00333	0.06763	0.00564	0.02589	0.00706
18	0.04119	0.01051	0.02940	0.06186	0.16579	0.01045	0.03101	0.09864	0.03151	0.04649	0.08302	0.10908	0.05523	0.01079	0.00672	0.00212	0.00564	0.18854	0.00480	0.00719
19	0.04372	0.11493	0.03579	0.03998	0.01503	0.07441	0.02969	0.03603	0.03343	0.03787	0.01325	0.01796	0.02297	0.06772	0.18666	0.00390	0.16508	0.00542	0.03179	0.02437
20	0.04014	0.01210	0.04337	0.24303	0.16674	0.02920	0.01283	0.08342	0.07434	0.04757	0.01888	0.09524	0.07389	0.02570	0.00660	0.00202	0.00632	0.00708	0.00402	0.00752
21	0.03392	0.00683	0.00833	0.00838	0.00994	0.00654	0.00607	0.01345	0.07713	0.10693	0.13425	0.38714	0.12590	0.03727	0.00762	0.00225	0.00369	0.01258	0.00579	0.00598
22	0.01828	0.01456	0.08091	0.05332	0.08429	0.05306	0.09689	0.14239	0.03109	0.21586	0.01693	0.01786	0.03166	0.00842	0.03907	0.00216	0.02919	0.00579	0.04967	0.00859
23	0.01261	0.01057	0.01221	0.00888	0.01392	0.00832	0.00710	0.03840	0.03363	0.02011	0.01136	0.01298	0.00931	0.00467	0.00447	0.00096	0.00439	0.00373	0.03543	0.74695

[dist]
# distance from previous block
# <min> <max>
5	9

[block]
# block no. 3 follows, 39 sequences, length 74
# corresponding to MSA columns:
# 382-400,402-404,407-458
name=unknown_D
#
# <colnr> <probs for GDERKNQSTAVLIFYWHMCP>
#	G	D	E	R	K	N	Q	S	T	A	V	L	I	F	Y	W	H	M	C	P
0	0.03336	0.01150	0.01596	0.15779	0.19057	0.01106	0.01148	0.05673	0.03185	0.01952	0.01180	0.02799	0.00994	0.03162	0.00603	0.00157	0.00580	0.00481	0.00345	0.35716
1	0.04726	0.02803	0.01722	0.58051	0.03432	0.04005	0.01463	0.07439	0.03314	0.03125	0.01122	0.01520	0.00841	0.00601	0.00571	0.00188	0.00744	0.00507	0.00316	0.03510
2	0.03167	0.14292	0.20494	0.01416	0.03184	0.04744	0.07611	0.09519	0.05694	0.05998	0.03747	0.01472	0.01092	0.00717	0.02650	0.00189	0.03437	0.00490	0.00369	0.09717
3	0.04842	0.03551	0.01706	0.14836	0.06407	0.14284	0.06423	0.07146	0.08827	0.03904	0.05557	0.06626	0.01431	0.00935	0.04012	0.00225	0.07542	0.00625	0.00392	0.00731
4	0.01438	0.02632	0.01502	0.01233	0.07062	0.02502	0.02844	0.13199	0.03497	0.02209	0.01203	0.01445	0.00988	0.00535	0.00496	0.00121	0.00526	0.02250	0.00393	0.53926
5	0.00735	0.00522	0.00691	0.00821	0.00856	0.00491	0.00549	0.00836	0.01123	0.01496	0.03177	0.72626	0.03798	0.06222	0.00884	0.00260	0.00362	0.03538	0.00538	0.00475
6	0.01431	0.04140	0.04744	0.05627	0.08380	0.07548	0.01100	0.03997	0.36074	0.02169	0.09720	0.02090	0.01822	0.00782	0.00672	0.00191	0.05357	0.00630	0.02702	0.00824
7	0.00787	0.00602	0.00719	0.00693	0.00849	0.00541	0.00516	0.01008	0.01511	0.02024	0.45614	0.04820	0.31134	0.03752	0.02635	0.00222	0.00327	0.01118	0.00596	0.00530
8	0.01460	0.04171	0.20839	0.09312	0.04547	0.09709	0.07715	0.06520	0.20778	0.02022	0.01440	0.01593	0.01095	0.00782	0.03293	0.00215	0.02761	0.00538	0.00379	0.00830
9	0.00750	0.00553	0.00701	0.00765	0.00855	0.00505	0.00535	0.00909	0.01319	0.01765	0.23844	0.46247	0.15844	0.01615	0.00730	0.00219	0.00318	0.01440	0.00578	0.00505
10	0.00891	0.00636	0.00878	0.00905	0.00982	0.00692	0.00670	0.02942	0.01061	0.01477	0.02112	0.24516	0.02273	0.09173	0.32099	0.06950	0.03595	0.05125	0.02524	0.00498
11	0.01389	0.01535	0.11905	0.04432	0.07264	0.03968	0.24812	0.01768	0.01293	0.06136	0.03392	0.01661	0.01107	0.00671	0.00835	0.00195	0.14341	0.00587	0.11957	0.00752
12	0.83394	0.01144	0.00869	0.00778	0.01144	0.01327	0.00640	0.01738	0.01006	0.02653	0.00823	0.00961	0.00640	0.00549	0.00366	0.00183	0.00457	0.00320	0.00366	0.00640
13	0.02208	0.01888	0.01719	0.01375	0.01802	0.18663	0.01109	0.55598	0.02491	0.03173	0.01320	0.01362	0.00965	0.00687	0.00574	0.00171	0.00734	0.00499	0.02741	0.00921
14	0.00954	0.00633	0.00800	0.00746	0.00918	0.00570	0.00564	0.01201	0.01600	0.08103	0.54776	0.07094	0.17312	0.01244	0.00692	0.00190	0.00303	0.01084	0.00636	0.00581
15	0.01908	0.03117	0.01310	0.01059	0.01419	0.02772	0.00851	0.04816	0.24071	0.33748	0.10938	0.02457	0.03579	0.00832	0.00603	0.00187	0.00477	0.01992	0.02977	0.00886
16	0.01382	0.23536	0.28227	0.01680	0.05368	0.01696	0.14699	0.03697	0.03374	0.01787	0.02541	0.01338	0.00923	0.00594	0.00648	0.00178	0.06748	0.00483	0.00289	0.00812
17	0.01412	0.01334	0.05405	0.11313	0.14869	0.07079	0.01184	0.07935	0.01371	0.04036	0.01210	0.01530	0.00986	0.01032	0.08592	0.02595	0.04827	0.00488	0.04920	0.17883
18	0.01600	0.61865	0.07594	0.01100	0.01591	0.05378	0.01090	0.04019	0.01290	0.03466	0.03047	0.01127	0.00924	0.00565	0.00473	0.00141	0.03303	0.00369	0.00290	0.00768
19	0.01359	0.03793	0.16792	0.01466	0.12082	0.01086	0.01192	0.06263	0.01390	0.06962	0.07374	0.01720	0.01362	0.02910	0.04999	0.00205	0.00645	0.00510	0.00383	0.27507
20	0.01308	0.01230	0.06055	0.37532	0.04659	0.04475	0.04809	0.08370	0.01375	0.03542	0.01294	0.01683	0.00996	0.00924	0.06724	0.00244	0.00781	0.00537	0.12764	0.00700
21	0.00829	0.00607	0.00771	0.00865	0.00936	0.00600	0.00608	0.01080	0.07408	0.01611	0.05287	0.54037	0.03544	0.09747	0.00981	0.00273	0.00398	0.09367	0.00536	0.00516
22	0.01030	0.03856	0.11739	0.07664	0.12523	0.01028	0.02998	0.01303	0.01208	0.01655	0.04841	0.27037	0.09173	0.01241	0.02972	0.00231	0.07469	0.00976	0.00401	0.00655
23	0.45207	0.15033	0.01466	0.03540	0.01440	0.14504	0.00848	0.01867	0.01188	0.04748	0.00923	0.01073	0.00740	0.00578	0.00463	0.00170	0.03007	0.00358	0.02169	0.00681
24	0.01164	0.00758	0.00874	0.00806	0.00960	0.00777	0.00573	0.03899	0.12358	0.07998	0.12697	0.03274	0.05556	0.30978	0.05639	0.00372	0.00522	0.00799	0.09408	0.00587
25	0.01582	0.69389	0.08934	0.01093	0.01618	0.06139	0.01114	0.01810	0.01230	0.01433	0.00846	0.00979	0.00758	0.00516	0.00402	0.00133	0.00675	0.00329	0.00255	0.00764
26	0.01686	0.00766	0.01022	0.00915	0.01165	0.00686	0.00700	0.01868	0.01433	0.37321	0.07220	0.27974	0.02633	0.05170	0.00777	0.00223	0.00431	0.03093	0.04180	0.00737
27	0.00810	0.00601	0.00755	0.00721	0.00868	0.00546	0.00539	0.01062	0.01603	0.02215	0.61324	0.06755	0.17457	0.01277	0.00699	0.00190	0.00284	0.01117	0.00631	0.00546
28	0.01123	0.00933	0.00999	0.00914	0.01173	0.00981	0.00705	0.05563	0.31846	0.02205	0.16343	0.03803	0.28811	0.01118	0.00653	0.00197	0.00384	0.00940	0.00591	0.00717
29	0.12574	0.00801	0.00874	0.00766	0.01032	0.00797	0.00612	0.04823	0.01396	0.21648	0.01909	0.02114	0.01431	0.00716	0.00476	0.00162	0.00385	0.03057	0.43727	0.00701
30	0.00719	0.00588	0.00637	0.00658	0.00826	0.00505	0.00486	0.00875	0.01339	0.01647	0.10788	0.17210	0.56790	0.01535	0.00711	0.00207	0.00311	0.03107	0.00557	0.00502
31	0.01186	0.03059	0.76153	0.01686	0.02560	0.01373	0.02185	0.01873	0.01249	0.01873	0.01061	0.01249	0.00749	0.00562	0.00562	0.00187	0.00874	0.00437	0.00250	0.00874
32	0.00742	0.00539	0.00703	0.00811	0.00875	0.00500	0.00563	0.00875	0.01215	0.01614	0.10398	0.61652	0.10106	0.01749	0.00748	0.00233	0.00344	0.05283	0.00559	0.00493
33	0.00703	0.00599	0.00605	0.00603	0.00801	0.00501	0.00453	0.00857	0.01358	0.01621	0.08083	0.05653	0.73181	0.01489	0.00699	0.00199	0.00299	0.01243	0.00552	0.00501
34	0.01186	0.03059	0.76153	0.01686	0.02560	0.01373	0.02185	0.01873	0.01249	0.01873	0.01061	0.01249	0.00749	0.00562	0.00562	0.00187	0.00874	0.00437	0.00250	0.00874
35	0.01294	0.01294	0.01811	0.01553	0.01553	0.01811	0.01294	0.01423	0.00906	0.01423	0.00776	0.01294	0.00776	0.01035	0.01941	0.00259	0.78134	0.00518	0.00259	0.00647
36	0.00741	0.00530	0.00708	0.00832	0.00879	0.00497	0.00571	0.00866	0.01185	0.01587	0.08590	0.69493	0.04008	0.01793	0.00754	0.00238	0.00349	0.05333	0.00556	0.00489
37	0.01147	0.14118	0.13990	0.01228	0.01558	0.01305	0.04324	0.01525	0.05664	0.01615	0.03996	0.05840	0.01401	0.01947	0.25024	0.00431	0.10937	0.00602	0.00330	0.03018
38	0.01359	0.08373	0.09363	0.01164	0.03690	0.02919	0.03433	0.06196	0.01364	0.06413	0.01528	0.13251	0.01425	0.00748	0.00539	0.00149	0.00550	0.02470	0.00400	0.34667
39	0.03022	0.30689	0.17777	0.01417	0.07625	0.03716	0.02722	0.04250	0.01281	0.03731	0.01000	0.01191	0.00823	0.00595	0.00597	0.02273	0.04773	0.00403	0.00298	0.11816
40	0.01230	0.17572	0.20480	0.01119	0.01571	0.01290	0.01133	0.01812	0.13132	0.03703	0.23733	0.02429	0.04350	0.00809	0.00572	0.00174	0.00543	0.00662	0.00450	0.03235
41	0.00754	0.00534	0.00704	0.00800	0.00859	0.00498	0.00547	0.00897	0.01246	0.01704	0.17953	0.61643	0.04192	0.01691	0.00734	0.00226	0.00328	0.01527	0.02663	0.00498
42	0.03772	0.14546	0.27967	0.01532	0.08847	0.01398	0.03483	0.04230	0.05232	0.14859	0.01646	0.03628	0.04980	0.00677	0.00554	0.00178	0.00674	0.00548	0.00396	0.00853
43	0.03746	0.03514	0.07295	0.11711	0.25422	0.10553	0.02713	0.01957	0.01400	0.15330	0.01507	0.06076	0.01255	0.00714	0.00592	0.00185	0.00704	0.04111	0.00395	0.00819
44	0.00819	0.00571	0.00707	0.00759	0.00807	0.00552	0.00508	0.00918	0.01111	0.01487	0.11366	0.27549	0.05503	0.35081	0.01725	0.00379	0.00455	0.08778	0.00479	0.00445
45	0.01290	0.01134	0.03210	0.02678	0.01490	0.00932	0.00796	0.08193	0.06068	0.02108	0.03424	0.01675	0.05660	0.00579	0.00492	0.00118	0.00466	0.00468	0.00404	0.58817
46	0.01234	0.03145	0.29265	0.03305	0.01807	0.03075	0.03205	0.03739	0.03019	0.06354	0.03705	0.03930	0.01368	0.11001	0.14819	0.00377	0.04984	0.00604	0.00348	0.00715
47	0.01631	0.01608	0.01303	0.01166	0.01418	0.29779	0.00893	0.03603	0.09850	0.08084	0.27889	0.02494	0.02673	0.00877	0.00667	0.00178	0.03996	0.00687	0.00502	0.00700
48	0.00755	0.00591	0.00684	0.00681	0.00839	0.00520	0.00503	0.00950	0.01450	0.01888	0.32592	0.13638	0.39945	0.01426	0.00705	0.00199	0.00297	0.01229	0.00589	0.00520
49	0.00855	0.00571	0.00646	0.00651	0.00652	0.00570	0.00365	0.00859	0.00869	0.01159	0.01910	0.06366	0.02209	0.76641	0.02935	0.00562	0.00566	0.00887	0.00365	0.00362
50	0.78540	0.01215	0.00920	0.00818	0.01185	0.03988	0.00670	0.03536	0.01074	0.02638	0.00841	0.00976	0.00654	0.00555	0.00377	0.00182	0.00484	0.00328	0.00369	0.00651
51	0.00893	0.00742	0.03546	0.00901	0.01002	0.00726	0.03212	0.01030	0.00971	0.01336	0.01914	0.05771	0.04166	0.37714	0.27552	0.00629	0.03214	0.03852	0.00356	0.00474
52	0.00806	0.00616	0.00751	0.00817	0.00961	0.00567	0.00648	0.00997	0.01329	0.01683	0.08830	0.16443	0.32962	0.03696	0.00812	0.00241	0.00399	0.26382	0.00549	0.00513
53	0.01715	0.01422	0.02150	0.15625	0.21074	0.04862	0.13857	0.13953	0.05270	0.12083	0.01386	0.01592	0.01021	0.00609	0.00607	0.00185	0.00738	0.00567	0.00413	0.00872
54	0.01226	0.01051	0.01226	0.00876	0.01401	0.00788	0.00701	0.01489	0.01226	0.01927	0.01051	0.01226	0.00876	0.00438	0.00438	0.00088	0.00438	0.00350	0.00350	0.82832
55	0.06619	0.03312	0.03743	0.04706	0.32702	0.01268	0.03216	0.09353	0.04095	0.08462	0.06870	0.04257	0.03113	0.00734	0.00628	0.02349	0.00603	0.00615	0.02523	0.00833
56	0.01098	0.00754	0.00894	0.00871	0.01060	0.02367	0.00671	0.01444	0.08370	0.10150	0.23675	0.17677	0.16876	0.01327	0.00699	0.00210	0.00389	0.10250	0.00597	0.00620
57	0.01502	0.00754	0.00989	0.00845	0.01109	0.00668	0.00663	0.01749	0.01648	0.29803	0.40959	0.03647	0.11091	0.01060	0.00659	0.00186	0.00365	0.00910	0.00671	0.00720
58	0.00757	0.00599	0.00687	0.00674	0.00842	0.00529	0.00504	0.00956	0.01449	0.01878	0.31768	0.07593	0.44013	0.01506	0.03411	0.00223	0.00339	0.01174	0.00579	0.00522
59	0.00791	0.00584	0.00663	0.00664	0.00762	0.00538	0.00445	0.00907	0.01214	0.01580	0.18632	0.10193	0.27529	0.31120	0.01585	0.00342	0.00403	0.01095	0.00498	0.00456
60	0.01858	0.01462	0.01555	0.01282	0.01685	0.01652	0.01030	0.38182	0.38790	0.03097	0.01916	0.01815	0.01407	0.00756	0.00597	0.00189	0.00559	0.00601	0.00597	0.00971
61	0.01471	0.01270	0.01337	0.01203	0.01538	0.01471	0.00936	0.03142	0.74459	0.02474	0.02407	0.02206	0.01805	0.00802	0.00602	0.00201	0.00468	0.00669	0.00602	0.00936
62	0.01226	0.01051	0.01226	0.00876	0.01401	0.00788	0.00701	0.01489	0.01226	0.01927	0.01051	0.01226	0.00876	0.00438	0.00438	0.00088	0.00438	0.00350	0.00350	0.82832
63	0.02209	0.02819	0.01676	0.01524	0.01828	0.76843	0.01143	0.02361	0.01676	0.01447	0.00914	0.01066	0.00762	0.00609	0.00533	0.00152	0.01066	0.00381	0.00305	0.00686
64	0.06480	0.01222	0.03601	0.01117	0.01537	0.01176	0.00938	0.25012	0.01955	0.35752	0.09733	0.02018	0.01697	0.00922	0.03893	0.00215	0.00581	0.00608	0.00627	0.00914
65	0.01321	0.29109	0.51280	0.01456	0.02205	0.01702	0.01786	0.01838	0.01233	0.01709	0.00980	0.01146	0.00752	0.00543	0.00500	0.00167	0.00792	0.00396	0.00251	0.00835
66	0.00859	0.00579	0.00672	0.00672	0.00681	0.00588	0.00392	0.00877	0.00868	0.01166	0.01839	0.03735	0.02091	0.72682	0.09465	0.00606	0.00662	0.00840	0.00355	0.00373
67	0.02209	0.02819	0.01676	0.01524	0.01828	0.76843	0.01143	0.02361	0.01676	0.01447	0.00914	0.01066	0.00762	0.00609	0.00533	0.00152	0.01066	0.00381	0.00305	0.00686
68	0.01101	0.00959	0.03859	0.00986	0.01322	0.00801	0.06102	0.03930	0.03492	0.03538	0.36492	0.02941	0.04839	0.00942	0.02129	0.00174	0.00449	0.00766	0.00512	0.24668
69	0.00724	0.00520	0.00687	0.00814	0.00857	0.00483	0.00546	0.00833	0.01156	0.01539	0.05603	0.74235	0.06169	0.01822	0.00751	0.00237	0.00340	0.01649	0.00552	0.00483
70	0.00823	0.00558	0.00656	0.00693	0.00702	0.00548	0.00409	0.00850	0.00933	0.01244	0.02238	0.23981	0.02623	0.58461	0.02405	0.00484	0.00512	0.01080	0.00409	0.00391
71	0.04029	0.06258	0.01672	0.01530	0.15302	0.06161	0.02454	0.06477	0.07886	0.02051	0.01179	0.01341	0.00956	0.00525	0.00495	0.00132	0.00569	0.00429	0.00368	0.40187
72	0.29043	0.03526	0.01417	0.10458	0.05266	0.21537	0.01002	0.07078	0.04160	0.04110	0.01084	0.01328	0.00872	0.03996	0.00596	0.00189	0.00696	0.00431	0.00365	0.02844
73	0.00899	0.00778	0.04085	0.03474	0.02436	0.03019	0.00703	0.01065	0.01192	0.01598	0.11149	0.31843	0.03186	0.19574	0.01249	0.00305	0.00480	0.10126	0.02330	0.00509

[dist]
# distance from previous block
# <min> <max>
0	6

[block]
# block no. 4 follows, 39 sequences, length 27
# corresponding to MSA columns:
# 465-484,494-500
name=unknown_E
#
# <colnr> <probs for GDERKNQSTAVLIFYWHMCP>
#	G	D	E	R	K	N	Q	S	T	A	V	L	I	F	Y	W	H	M	C	P
0	0.53204	0.04418	0.01134	0.02869	0.06383	0.01298	0.00785	0.03956	0.06579	0.02448	0.05497	0.05142	0.02886	0.00692	0.00457	0.00185	0.00477	0.00501	0.00407	0.00684
1	0.00836	0.00569	0.00681	0.00714	0.00732	0.00568	0.00440	0.00878	0.00939	0.01255	0.02176	0.18567	0.02514	0.57097	0.06155	0.00514	0.00577	0.03989	0.00401	0.00398
2	0.01117	0.01051	0.01774	0.77795	0.04073	0.01314	0.01642	0.01511	0.01182	0.01511	0.01051	0.01577	0.00788	0.00591	0.00591	0.00197	0.00788	0.00526	0.00263	0.00657
3	0.01389	0.07208	0.01890	0.08315	0.01802	0.09154	0.01289	0.01549	0.01028	0.01431	0.00818	0.01271	0.00775	0.00915	0.01567	0.00233	0.57955	0.00490	0.00263	0.00660
4	0.01408	0.05593	0.03162	0.01100	0.03042	0.03490	0.02843	0.08010	0.04123	0.07191	0.01406	0.05538	0.01219	0.03138	0.05587	0.09209	0.04099	0.00544	0.03854	0.25444
5	0.01574	0.76494	0.03114	0.01070	0.01580	0.02307	0.03869	0.01776	0.01209	0.01411	0.00837	0.00974	0.00764	0.00506	0.00392	0.00129	0.00647	0.00331	0.00255	0.00760
6	0.01294	0.01294	0.01811	0.01553	0.01553	0.01811	0.01294	0.01423	0.00906	0.01423	0.00776	0.01294	0.00776	0.01035	0.01941	0.00259	0.78134	0.00518	0.00259	0.00647
7	0.01382	0.01302	0.02193	0.09329	0.63097	0.01324	0.01671	0.01705	0.01290	0.01828	0.01174	0.01688	0.01033	0.07556	0.00802	0.00213	0.00698	0.00557	0.00296	0.00863
8	0.00860	0.00573	0.00645	0.00645	0.00645	0.00573	0.00358	0.00860	0.00860	0.01147	0.01863	0.03870	0.02150	0.79217	0.03010	0.00573	0.00573	0.00860	0.00358	0.00358
9	0.01186	0.03059	0.76153	0.01686	0.02560	0.01373	0.02185	0.01873	0.01249	0.01873	0.01061	0.01249	0.00749	0.00562	0.00562	0.00187	0.00874	0.00437	0.00250	0.00874
10	0.01027	0.00514	0.00770	0.00770	0.00770	0.00514	0.00514	0.00770	0.00770	0.01027	0.01027	0.01798	0.01027	0.02054	0.02311	0.82794	0.00514	0.00514	0.00257	0.00257
11	0.01831	0.04118	0.01583	0.01294	0.01674	0.12370	0.01029	0.25712	0.38601	0.02697	0.01825	0.01750	0.01365	0.00736	0.00582	0.00184	0.00618	0.00572	0.00545	0.00917
12	0.01160	0.01110	0.01923	0.67630	0.09567	0.01332	0.05851	0.01557	0.01208	0.01566	0.01064	0.01569	0.00806	0.00581	0.00597	0.00196	0.00794	0.00536	0.00267	0.00687
13	0.01719	0.05507	0.15353	0.03407	0.13570	0.03697	0.06224	0.08232	0.03887	0.20443	0.03795	0.02075	0.04431	0.00725	0.00600	0.00186	0.00666	0.04153	0.00461	0.00867
14	0.01268	0.02486	0.47728	0.02001	0.02767	0.01421	0.30035	0.01881	0.01306	0.01881	0.01114	0.01384	0.00807	0.00537	0.00615	0.00192	0.00922	0.00539	0.00269	0.00844
15	0.00859	0.00576	0.00661	0.00661	0.00666	0.00582	0.00378	0.00870	0.00865	0.01158	0.01849	0.03791	0.02116	0.75400	0.06780	0.00593	0.00625	0.00848	0.00356	0.00367
16	0.01368	0.01652	0.10874	0.04099	0.10625	0.01468	0.44572	0.03927	0.01345	0.01868	0.01167	0.01607	0.00928	0.03884	0.00874	0.00216	0.07804	0.00633	0.00300	0.00792
17	0.01720	0.24936	0.05903	0.01343	0.04908	0.09417	0.03428	0.12498	0.16934	0.07102	0.03239	0.03471	0.01269	0.00678	0.00533	0.00168	0.00648	0.00527	0.00433	0.00844
18	0.01027	0.00514	0.00770	0.00770	0.00770	0.00514	0.00514	0.00770	0.00770	0.01027	0.01027	0.01798	0.01027	0.02054	0.02311	0.82794	0.00514	0.00514	0.00257	0.00257
19	0.02147	0.00925	0.01165	0.00940	0.01305	0.00857	0.00761	0.04602	0.06845	0.49039	0.02205	0.02060	0.01489	0.00725	0.00547	0.00172	0.00445	0.00587	0.22304	0.00881
20	0.01356	0.01433	0.06659	0.03318	0.01620	0.14321	0.06999	0.11560	0.04629	0.01903	0.02041	0.33138	0.02144	0.01151	0.00726	0.00207	0.04679	0.00989	0.00450	0.00677
21	0.05456	0.17467	0.11144	0.08500	0.11591	0.23420	0.01340	0.05174	0.01424	0.03775	0.01023	0.01237	0.00828	0.00680	0.02413	0.00184	0.02839	0.00427	0.00309	0.00770
22	0.01067	0.00678	0.00803	0.00742	0.00958	0.00600	0.00566	0.01308	0.03494	0.13369	0.26650	0.08346	0.36606	0.01289	0.00683	0.00195	0.00332	0.01098	0.00610	0.00607
23	0.01507	0.00835	0.03359	0.00838	0.01114	0.00731	0.00683	0.01857	0.06255	0.24999	0.17968	0.04913	0.09002	0.00918	0.00581	0.00176	0.00383	0.00770	0.22388	0.00723
24	0.04433	0.05417	0.03508	0.18371	0.08964	0.07298	0.08336	0.06457	0.04089	0.03433	0.07122	0.09404	0.01635	0.00799	0.00630	0.00189	0.02523	0.02260	0.04416	0.00717
25	0.01216	0.03163	0.10737	0.32814	0.12385	0.01279	0.05328	0.03371	0.05041	0.01783	0.01371	0.07481	0.01162	0.00704	0.00630	0.00192	0.03172	0.00617	0.06823	0.00730
26	0.00863	0.00640	0.00904	0.00896	0.00972	0.00734	0.00665	0.01020	0.00927	0.01319	0.01626	0.02666	0.01619	0.22500	0.56502	0.00836	0.03811	0.00685	0.00325	0.00491

[dist]
# distance from previous block
# <min> <max>
0	1

[block]
# block no. 5 follows, 39 sequences, length 15
# corresponding to MSA columns:
# 502-516
name=unknown_F
#
# <colnr> <probs for GDERKNQSTAVLIFYWHMCP>
#	G	D	E	R	K	N	Q	S	T	A	V	L	I	F	Y	W	H	M	C	P
0	0.28536	0.11554	0.07571	0.01251	0.01654	0.20546	0.05381	0.05037	0.04359	0.02034	0.00997	0.01170	0.00803	0.00701	0.02620	0.00194	0.04127	0.00408	0.00337	0.00720
1	0.00845	0.00634	0.00950	0.00950	0.01056	0.00739	0.00739	0.01056	0.00950	0.01373	0.01584	0.02323	0.01478	0.04435	0.76873	0.00950	0.01584	0.00634	0.00317	0.00528
2	0.01446	0.01429	0.09799	0.08572	0.06189	0.02900	0.04169	0.17734	0.14211	0.03684	0.05900	0.02565	0.11042	0.00865	0.00660	0.00196	0.02618	0.04741	0.00478	0.00803
3	0.00987	0.00636	0.00830	0.00764	0.00921	0.00584	0.00572	0.01246	0.01629	0.08318	0.65048	0.04189	0.05047	0.05643	0.00822	0.00208	0.00314	0.01019	0.00641	0.00583
4	0.01471	0.02069	0.33874	0.03908	0.04648	0.01399	0.07286	0.13076	0.13165	0.05706	0.01445	0.01576	0.01058	0.00789	0.03748	0.00219	0.00774	0.00533	0.02379	0.00878
5	0.00862	0.00597	0.00683	0.00687	0.00728	0.00599	0.00423	0.00955	0.03136	0.01296	0.02316	0.08124	0.08799	0.57720	0.07750	0.00523	0.00595	0.00911	0.02884	0.00413
6	0.01426	0.11386	0.03836	0.01382	0.06008	0.01541	0.02933	0.06909	0.33522	0.02092	0.01852	0.02084	0.03283	0.03525	0.03148	0.00233	0.10588	0.02977	0.00455	0.00819
7	0.83394	0.01144	0.00869	0.00778	0.01144	0.01327	0.00640	0.01738	0.01006	0.02653	0.00823	0.00961	0.00640	0.00549	0.00366	0.00183	0.00457	0.00320	0.00366	0.00640
8	0.00784	0.00593	0.00724	0.00710	0.00856	0.00533	0.00525	0.01007	0.01521	0.02053	0.47323	0.12772	0.25715	0.01362	0.00704	0.00196	0.00292	0.01187	0.00610	0.00533
9	0.72619	0.01066	0.00828	0.00748	0.01084	0.01225	0.00611	0.01691	0.01037	0.02595	0.00968	0.01124	0.00755	0.00567	0.00372	0.00177	0.00434	0.00350	0.11120	0.00629
10	0.01518	0.08557	0.08948	0.02801	0.10202	0.13528	0.09592	0.05716	0.03877	0.04776	0.04497	0.05670	0.03908	0.00703	0.00611	0.00169	0.03023	0.00590	0.00375	0.10941
11	0.27567	0.01057	0.01114	0.00877	0.01315	0.00985	0.00710	0.01866	0.03866	0.16570	0.01527	0.01556	0.04715	0.00597	0.00465	0.00146	0.00451	0.00445	0.00449	0.33724
12	0.01303	0.01056	0.01330	0.00962	0.01471	0.00819	0.04383	0.01577	0.01283	0.06394	0.04422	0.01434	0.01121	0.00493	0.00472	0.00103	0.00463	0.00415	0.00384	0.70116
13	0.09526	0.06475	0.11477	0.05460	0.06034	0.06524	0.02701	0.06072	0.03586	0.12369	0.01264	0.01385	0.00947	0.00583	0.00544	0.00157	0.02464	0.00448	0.01876	0.20108
14	0.46071	0.06629	0.09449	0.01237	0.04053	0.07288	0.06014	0.04153	0.01186	0.02266	0.00908	0.01099	0.00719	0.00588	0.00551	0.00184	0.06172	0.00391	0.00334	0.00710

[dist]
# distance from previous block
# <min> <max>
1	4

[block]
# block no. 6 follows, 39 sequences, length 20
# corresponding to MSA columns:
# 521-540
name=unknown_G
#
# <colnr> <probs for GDERKNQSTAVLIFYWHMCP>
#	G	D	E	R	K	N	Q	S	T	A	V	L	I	F	Y	W	H	M	C	P
0	0.01717	0.08912	0.01925	0.03795	0.12399	0.18376	0.03072	0.12308	0.01524	0.05604	0.01301	0.03924	0.03422	0.00770	0.00874	0.00189	0.18208	0.00542	0.00366	0.00772
1	0.00797	0.00603	0.00788	0.00847	0.03064	0.00567	0.00591	0.00995	0.01373	0.01865	0.32012	0.26903	0.16708	0.01747	0.08099	0.00279	0.00441	0.01228	0.00559	0.00532
2	0.83394	0.01144	0.00869	0.00778	0.01144	0.01327	0.00640	0.01738	0.01006	0.02653	0.00823	0.00961	0.00640	0.00549	0.00366	0.00183	0.00457	0.00320	0.00366	0.00640
3	0.01159	0.00779	0.00896	0.03277	0.01027	0.03198	0.00619	0.03256	0.01136	0.05681	0.01703	0.02558	0.01573	0.25558	0.11924	0.00398	0.06171	0.00646	0.25725	0.02715
4	0.01110	0.00596	0.00623	0.00608	0.00755	0.00598	0.00457	0.04064	0.01333	0.02253	0.08376	0.04952	0.01933	0.00775	0.00457	0.00147	0.00292	0.00634	0.69471	0.00567
5	0.01865	0.01466	0.01559	0.01283	0.01688	0.01655	0.01031	0.38806	0.38155	0.03109	0.01907	0.01808	0.01400	0.00756	0.00597	0.00189	0.00561	0.00600	0.00597	0.00971
6	0.01396	0.01595	0.03490	0.02493	0.03091	0.01496	0.73380	0.01894	0.01396	0.01894	0.01196	0.01595	0.00897	0.00499	0.00698	0.00199	0.00997	0.00698	0.00299	0.00798
7	0.00836	0.00648	0.00770	0.00818	0.00980	0.00604	0.00649	0.03404	0.01354	0.01700	0.04416	0.16829	0.37850	0.01661	0.03202	0.00251	0.00434	0.22524	0.00542	0.00528
8	0.21035	0.01038	0.01258	0.00990	0.01426	0.00973	0.00817	0.02622	0.01536	0.59253	0.01989	0.01773	0.01276	0.00690	0.00543	0.00183	0.00493	0.00532	0.00649	0.00923
9	0.00835	0.00635	0.00775	0.00758	0.00912	0.00593	0.00569	0.01146	0.05565	0.02101	0.46179	0.11228	0.20984	0.01326	0.00702	0.00198	0.00311	0.04012	0.00612	0.00558
10	0.00860	0.00573	0.00645	0.00645	0.00645	0.00573	0.00358	0.00860	0.00860	0.01147	0.01863	0.03870	0.02150	0.79217	0.03010	0.00573	0.00573	0.00860	0.00358	0.00358
11	0.01193	0.01053	0.03356	0.10746	0.03918	0.03933	0.07145	0.01543	0.06552	0.06961	0.14959	0.07407	0.14418	0.01133	0.02899	0.02856	0.07981	0.00833	0.00458	0.00657
12	0.01313	0.01180	0.01866	0.47563	0.18767	0.03773	0.03384	0.03657	0.01290	0.04686	0.01191	0.03862	0.00956	0.00670	0.00651	0.02845	0.00747	0.00563	0.00308	0.00727
13	0.01545	0.07311	0.04170	0.04085	0.20729	0.18896	0.03229	0.07346	0.05846	0.01909	0.04744	0.08088	0.05451	0.00773	0.00582	0.00176	0.00698	0.00646	0.03012	0.00767
14	0.10226	0.17011	0.03668	0.02868	0.05300	0.03017	0.03094	0.12390	0.01418	0.03700	0.01408	0.05677	0.02718	0.04789	0.03756	0.00216	0.03946	0.00548	0.06630	0.07620
15	0.08207	0.10321	0.07526	0.01068	0.01428	0.05385	0.00934	0.08290	0.04756	0.05303	0.05528	0.06200	0.01607	0.05913	0.05998	0.00250	0.02913	0.05135	0.00416	0.12821
16	0.03204	0.01189	0.03089	0.10505	0.17992	0.05131	0.05583	0.05205	0.01368	0.06220	0.03592	0.14720	0.07827	0.00995	0.02678	0.00211	0.03792	0.00784	0.00407	0.05509
17	0.04718	0.09093	0.13003	0.03016	0.06883	0.09223	0.04421	0.12336	0.10077	0.07589	0.05094	0.05085	0.01381	0.00707	0.00562	0.00176	0.00662	0.00574	0.02279	0.03121
18	0.09784	0.10037	0.06108	0.06278	0.01823	0.08504	0.08434	0.09049	0.02990	0.08002	0.06614	0.03968	0.03840	0.00743	0.00564	0.00176	0.00643	0.04383	0.00423	0.07637
19	0.07278	0.04600	0.14031	0.03077	0.04731	0.01175	0.06956	0.10046	0.05037	0.07016	0.03512	0.09116	0.07850	0.00863	0.00597	0.00188	0.00595	0.05064	0.02176	0.06092

[dist]
# distance from previous block
# <min> <max>
2	190

[block]
# block no. 7 follows, 39 sequences, length 15
# corresponding to MSA columns:
# 755-763,766-771
name=unknown_H
#
# <colnr> <probs for GDERKNQSTAVLIFYWHMCP>
#	G	D	E	R	K	N	Q	S	T	A	V	L	I	F	Y	W	H	M	C	P
0	0.05020	0.04673	0.10358	0.01444	0.08137	0.03391	0.07749	0.03780	0.11746	0.10042	0.01711	0.06104	0.02997	0.00827	0.00694	0.05801	0.00605	0.02963	0.02350	0.09609
1	0.07751	0.07150	0.13274	0.04589	0.17229	0.04663	0.04186	0.06559	0.03780	0.03755	0.05035	0.03569	0.02472	0.00659	0.00587	0.00172	0.02934	0.00542	0.02478	0.08614
2	0.12681	0.01494	0.10176	0.04731	0.01686	0.08633	0.04259	0.07821	0.08619	0.03793	0.01550	0.03453	0.02951	0.03748	0.00793	0.00206	0.09034	0.04113	0.07440	0.02819
3	0.01211	0.03144	0.06503	0.01189	0.03827	0.03231	0.05713	0.11081	0.05243	0.02134	0.19008	0.17465	0.02695	0.03774	0.04086	0.00233	0.00567	0.00885	0.00488	0.07525
4	0.00884	0.00679	0.00990	0.04794	0.01171	0.00798	0.00755	0.01068	0.00946	0.01348	0.01558	0.02466	0.01509	0.15306	0.58142	0.00821	0.05277	0.00656	0.00317	0.00515
5	0.01606	0.01633	0.09066	0.08514	0.30699	0.07757	0.03217	0.06146	0.11155	0.04658	0.01529	0.05576	0.01280	0.00786	0.00697	0.03028	0.00731	0.00622	0.00409	0.00893
6	0.01142	0.01084	0.06499	0.01256	0.05143	0.00956	0.04526	0.01671	0.17968	0.01997	0.09394	0.33328	0.06065	0.01296	0.00714	0.00226	0.00495	0.01132	0.00547	0.04561
7	0.00795	0.00587	0.00703	0.00699	0.00842	0.00529	0.00515	0.01010	0.01474	0.02006	0.39713	0.14897	0.26435	0.01354	0.00689	0.00195	0.00294	0.01177	0.05559	0.00529
8	0.05652	0.01038	0.05082	0.09774	0.07239	0.01003	0.00994	0.05727	0.01295	0.19530	0.01657	0.03930	0.01393	0.13401	0.17465	0.00412	0.02631	0.00629	0.00434	0.00714
9	0.01519	0.04535	0.20129	0.05250	0.05264	0.01492	0.04944	0.13563	0.22750	0.05062	0.04009	0.01722	0.01303	0.00704	0.00664	0.00192	0.05008	0.00568	0.00443	0.00879
10	0.01064	0.00817	0.03505	0.00892	0.01100	0.00777	0.00721	0.03512	0.06630	0.07201	0.28680	0.03445	0.13763	0.01895	0.18684	0.00370	0.02647	0.00865	0.02806	0.00627
11	0.01399	0.19451	0.13053	0.01250	0.04729	0.10712	0.01110	0.07980	0.02924	0.01974	0.19384	0.02274	0.07060	0.00809	0.00612	0.00171	0.03331	0.00631	0.00414	0.00730
12	0.00875	0.00663	0.00951	0.00935	0.01017	0.00776	0.00708	0.01045	0.00932	0.01338	0.01582	0.02523	0.01550	0.16880	0.59843	0.00845	0.06046	0.00665	0.00320	0.00507
13	0.01204	0.01027	0.01210	0.00880	0.01381	0.00785	0.00703	0.01464	0.01210	0.01894	0.01082	0.01291	0.00911	0.00673	0.04933	0.00138	0.00505	0.00367	0.00348	0.77992
14	0.06494	0.01164	0.03749	0.01215	0.05731	0.01190	0.00927	0.26766	0.01740	0.07206	0.07276	0.02249	0.04332	0.09032	0.17869	0.00390	0.00800	0.00641	0.00478	0.00754

[dist]
# distance from previous block
# <min> <max>
1	4

[block]
# block no. 8 follows, 39 sequences, length 23
# corresponding to MSA columns:
# 776-783,785-799
name=unknown_I
#
# <colnr> <probs for GDERKNQSTAVLIFYWHMCP>
#	G	D	E	R	K	N	Q	S	T	A	V	L	I	F	Y	W	H	M	C	P
0	0.01618	0.04928	0.22143	0.02929	0.07044	0.15978	0.01386	0.08780	0.15909	0.05171	0.04417	0.01588	0.01229	0.00657	0.00565	0.00176	0.00733	0.00513	0.00405	0.03831
1	0.01312	0.01328	0.01744	0.32321	0.22949	0.12568	0.01421	0.01616	0.01324	0.01657	0.04530	0.09322	0.03925	0.00757	0.00605	0.00188	0.00724	0.00666	0.00332	0.00712
2	0.01546	0.03986	0.01370	0.01104	0.01426	0.06142	0.00880	0.27615	0.11799	0.02475	0.06183	0.02402	0.10828	0.03865	0.12389	0.00308	0.00720	0.00673	0.00502	0.03786
3	0.01182	0.13216	0.08360	0.08668	0.10123	0.01132	0.01047	0.03722	0.01229	0.03627	0.01771	0.23042	0.01842	0.08621	0.02444	0.00237	0.00592	0.00827	0.00384	0.07936
4	0.01356	0.14950	0.28901	0.09266	0.08757	0.04203	0.14656	0.01857	0.03637	0.01750	0.01075	0.01339	0.00833	0.00573	0.00626	0.00182	0.04461	0.00490	0.00278	0.00810
5	0.05618	0.09443	0.21191	0.10139	0.07549	0.06783	0.14620	0.04686	0.01339	0.01853	0.01295	0.03962	0.02736	0.02826	0.00636	0.00192	0.00776	0.00557	0.03039	0.00763
6	0.01477	0.01151	0.01856	0.15135	0.29831	0.01171	0.06257	0.01889	0.05868	0.13292	0.08710	0.02123	0.05000	0.00700	0.00608	0.00185	0.00621	0.00644	0.02660	0.00823
7	0.00803	0.00584	0.00708	0.00746	0.00876	0.00523	0.00542	0.00970	0.01347	0.03896	0.19302	0.32357	0.29202	0.01551	0.00721	0.00214	0.00327	0.04233	0.00576	0.00521
8	0.00930	0.00726	0.01006	0.06588	0.03828	0.00726	0.02672	0.04375	0.03129	0.01897	0.23193	0.27999	0.10580	0.01494	0.03920	0.02385	0.00462	0.02990	0.00527	0.00574
9	0.07076	0.24352	0.07211	0.01353	0.03692	0.21952	0.03059	0.09278	0.03401	0.05708	0.01082	0.01215	0.00866	0.00615	0.00573	0.00162	0.05109	0.00420	0.02098	0.00777
10	0.01231	0.09897	0.51430	0.01516	0.02210	0.01332	0.05897	0.01769	0.01285	0.04544	0.05726	0.07874	0.01336	0.00705	0.00577	0.00186	0.00765	0.00587	0.00319	0.00812
11	0.01258	0.00692	0.00885	0.00796	0.01014	0.00618	0.00611	0.01489	0.01565	0.20157	0.37627	0.10366	0.15382	0.01176	0.00668	0.00190	0.00342	0.01016	0.03495	0.00651
12	0.04004	0.01111	0.08745	0.04732	0.03657	0.00954	0.06674	0.09995	0.03797	0.02001	0.06560	0.25587	0.12727	0.03133	0.00715	0.00213	0.00519	0.01018	0.03201	0.00657
13	0.01000	0.00936	0.06658	0.02704	0.01313	0.00891	0.03134	0.05623	0.01130	0.01599	0.01743	0.02396	0.05367	0.09219	0.47161	0.00681	0.03322	0.00652	0.01862	0.02611
14	0.01258	0.01425	0.12344	0.08670	0.06307	0.03889	0.13105	0.02983	0.07699	0.03315	0.01338	0.01744	0.01099	0.01654	0.19605	0.04790	0.07157	0.00576	0.00329	0.00713
15	0.01240	0.00699	0.00871	0.00818	0.01044	0.00618	0.00639	0.01435	0.01453	0.20406	0.14386	0.14934	0.28953	0.01328	0.00693	0.00207	0.00380	0.08650	0.00609	0.00637
16	0.01368	0.06530	0.16653	0.14892	0.02263	0.11876	0.07021	0.05075	0.04360	0.01719	0.01227	0.03506	0.01036	0.03815	0.08627	0.00277	0.05945	0.00542	0.00316	0.02953
17	0.01386	0.03113	0.01848	0.14378	0.10752	0.01307	0.11443	0.13494	0.04925	0.03778	0.01749	0.08376	0.05262	0.01030	0.03974	0.02975	0.05897	0.03164	0.00403	0.00745
18	0.00826	0.00613	0.00731	0.00781	0.00883	0.00589	0.00549	0.02799	0.03873	0.01614	0.05313	0.37139	0.20240	0.12578	0.03505	0.00295	0.00424	0.04476	0.02265	0.00505
