[name]
unknown

[dist]
# distance from previous block
# <min> <max>
0	14

[block]
# block no. 0 follows, 44 sequences, length 15
# corresponding to MSA columns:
# 14-28
name=unknown_A
#
# <colnr> <probs for GDERKNQSTAVLIFYWHMCP>
#	G	D	E	R	K	N	Q	S	T	A	V	L	I	F	Y	W	H	M	C	P
0	0.00915	0.00692	0.00969	0.01053	0.01164	0.00747	0.00915	0.01150	0.01207	0.01595	0.02638	0.05581	0.02860	0.01443	0.00872	0.00250	0.09602	0.65364	0.00472	0.00513
1	0.01966	0.01416	0.01544	0.01182	0.01619	0.01516	0.00972	0.60542	0.04482	0.07752	0.01348	0.01343	0.00961	0.00629	0.00530	0.00155	0.00564	0.00479	0.00528	0.10473
2	0.01358	0.01291	0.06535	0.21021	0.21675	0.01262	0.12610	0.10190	0.05977	0.06256	0.03899	0.01623	0.02649	0.00584	0.00563	0.00173	0.00667	0.00548	0.00350	0.00768
3	0.01807	0.00833	0.01095	0.00930	0.03045	0.00749	0.00723	0.02100	0.05960	0.47318	0.17799	0.02695	0.10831	0.00845	0.00579	0.00172	0.00403	0.00709	0.00623	0.00785
4	0.01405	0.01178	0.01307	0.01233	0.06047	0.01332	0.00908	0.12248	0.56389	0.02395	0.07781	0.02053	0.01786	0.00742	0.00559	0.00180	0.00453	0.00620	0.00540	0.00845
5	0.01266	0.01225	0.02130	0.22145	0.54693	0.01280	0.06089	0.01608	0.01207	0.01683	0.01016	0.01382	0.00827	0.00499	0.00547	0.00168	0.00684	0.00495	0.00263	0.00792
6	0.01042	0.00977	0.01639	0.54380	0.15283	0.01130	0.03524	0.01373	0.01140	0.01496	0.03771	0.05741	0.04934	0.00653	0.00563	0.00180	0.00660	0.00594	0.00286	0.00633
7	0.01349	0.01295	0.02213	0.03346	0.77440	0.01295	0.01673	0.01673	0.01241	0.01781	0.01025	0.01349	0.00864	0.00486	0.00540	0.00162	0.00648	0.00486	0.00270	0.00864
8	0.01117	0.01088	0.01522	0.01324	0.01344	0.01493	0.01095	0.01247	0.00857	0.01312	0.01004	0.01478	0.03843	0.01380	0.11771	0.00320	0.66456	0.00518	0.00256	0.00577
9	0.00755	0.00548	0.00711	0.00689	0.00809	0.00504	0.00510	0.00989	0.01475	0.02069	0.66034	0.12879	0.07598	0.01192	0.00649	0.00178	0.00265	0.01057	0.00586	0.00504
10	0.00908	0.00733	0.01007	0.13126	0.05268	0.00785	0.00817	0.01234	0.07810	0.01643	0.16271	0.11716	0.07864	0.11301	0.00950	0.00242	0.03016	0.14322	0.00443	0.00543
11	0.01315	0.01428	0.04697	0.16564	0.34871	0.06838	0.22939	0.01682	0.01246	0.01668	0.01023	0.01371	0.00812	0.00495	0.00567	0.00171	0.00769	0.00519	0.00266	0.00762
12	0.06179	0.02635	0.68823	0.01512	0.02270	0.01281	0.03768	0.04257	0.01190	0.01829	0.00980	0.01149	0.00696	0.00520	0.00511	0.00172	0.00778	0.00406	0.00249	0.00795
13	0.00927	0.00663	0.00901	0.00840	0.01016	0.00622	0.04403	0.02724	0.02932	0.06464	0.32341	0.10614	0.16422	0.03446	0.00717	0.00202	0.00372	0.13314	0.00538	0.00544
14	0.00958	0.04906	0.04988	0.00989	0.01187	0.00792	0.05383	0.07662	0.01273	0.01699	0.02593	0.33486	0.07184	0.01298	0.00652	0.00208	0.00461	0.19945	0.03782	0.00554

[dist]
# distance from previous block
# <min> <max>
0	3

[block]
# block no. 1 follows, 44 sequences, length 28
# corresponding to MSA columns:
# 32-44,66,67,69-81
name=unknown_B
#
# <colnr> <probs for GDERKNQSTAVLIFYWHMCP>
#	G	D	E	R	K	N	Q	S	T	A	V	L	I	F	Y	W	H	M	C	P
0	0.04637	0.45101	0.13684	0.01211	0.04234	0.07531	0.04289	0.07125	0.01260	0.01614	0.00871	0.01009	0.00727	0.00494	0.00421	0.00135	0.00650	0.00350	0.00270	0.04388
1	0.00932	0.08392	0.01035	0.00853	0.00946	0.04220	0.00641	0.01023	0.00937	0.01238	0.01657	0.15657	0.01796	0.20894	0.21185	0.06937	0.06819	0.04048	0.00332	0.00459
2	0.01176	0.07348	0.13212	0.06741	0.03791	0.02885	0.06766	0.10379	0.03482	0.03343	0.18201	0.02602	0.08976	0.04315	0.00671	0.00188	0.00555	0.04290	0.00416	0.00663
3	0.00925	0.00800	0.02663	0.00859	0.01071	0.01923	0.01929	0.03100	0.11481	0.01744	0.10968	0.29759	0.12325	0.01172	0.00612	0.00182	0.00382	0.04660	0.00483	0.12962
4	0.01106	0.00942	0.01100	0.00815	0.01262	0.00729	0.00644	0.01383	0.03705	0.01767	0.01151	0.06595	0.01028	0.00505	0.00429	0.00094	0.00399	0.00417	0.00343	0.75585
5	0.08051	0.01337	0.09821	0.01413	0.11622	0.01235	0.01086	0.11431	0.25864	0.16903	0.01709	0.01785	0.01270	0.00669	0.00537	0.00176	0.00530	0.03235	0.00484	0.00843
6	0.06854	0.17465	0.31664	0.01190	0.03776	0.01278	0.01264	0.01635	0.03407	0.03352	0.01176	0.01296	0.04025	0.00528	0.00455	0.00142	0.00601	0.00400	0.00291	0.19201
7	0.11806	0.14073	0.01781	0.03382	0.01680	0.33919	0.06370	0.09919	0.04882	0.01762	0.00949	0.01097	0.00767	0.00572	0.00541	0.00154	0.04949	0.00394	0.00318	0.00685
8	0.01256	0.01582	0.10583	0.05713	0.02841	0.01360	0.64816	0.01728	0.01264	0.01728	0.01085	0.01438	0.00809	0.00469	0.00626	0.00183	0.00899	0.00612	0.00270	0.00736
9	0.01388	0.03806	0.09485	0.03210	0.14246	0.01279	0.25026	0.06817	0.12020	0.07774	0.02527	0.01708	0.01137	0.02524	0.02845	0.00204	0.00713	0.02141	0.00368	0.00781
10	0.00662	0.00547	0.00581	0.00585	0.00750	0.00466	0.00434	0.00812	0.01265	0.01557	0.14386	0.10914	0.62414	0.01372	0.00648	0.00185	0.00277	0.01161	0.00518	0.00466
11	0.01008	0.00610	0.00808	0.00742	0.00909	0.00558	0.00571	0.01255	0.01521	0.12711	0.61639	0.05542	0.04488	0.01084	0.00636	0.00176	0.00299	0.04268	0.00604	0.00570
12	0.01205	0.01172	0.02066	0.36194	0.37879	0.01268	0.09207	0.01559	0.01181	0.01610	0.01009	0.01407	0.00801	0.00509	0.00553	0.00173	0.00710	0.00501	0.00259	0.00739
13	0.00725	0.00553	0.00667	0.00644	0.00788	0.00494	0.00481	0.00937	0.01425	0.01920	0.50614	0.07296	0.29023	0.01225	0.00645	0.00178	0.00266	0.01062	0.00565	0.00494
14	0.00772	0.00700	0.04205	0.03205	0.01068	0.00604	0.04077	0.01020	0.04663	0.01628	0.17179	0.39676	0.16421	0.01349	0.00656	0.00199	0.00365	0.01206	0.00495	0.00513
15	0.24238	0.04081	0.04580	0.09773	0.04486	0.01135	0.02940	0.09680	0.01355	0.23778	0.01350	0.01409	0.00949	0.00582	0.00470	0.00165	0.00517	0.00448	0.07320	0.00745
16	0.19094	0.01406	0.01393	0.01117	0.01511	0.05356	0.00911	0.44378	0.09306	0.08297	0.01320	0.01315	0.00948	0.00629	0.00501	0.00166	0.00556	0.00460	0.00499	0.00837
17	0.01170	0.01070	0.01539	0.45838	0.11505	0.04664	0.01277	0.05162	0.01224	0.01649	0.03329	0.01482	0.00934	0.00548	0.00517	0.00160	0.00639	0.00474	0.05097	0.11724
18	0.84691	0.01054	0.00801	0.00717	0.01054	0.01223	0.00590	0.01603	0.00928	0.02446	0.00759	0.00886	0.00590	0.00506	0.00337	0.00169	0.00422	0.00295	0.00337	0.00590
19	0.02038	0.02545	0.01550	0.01397	0.01686	0.74794	0.01053	0.05859	0.01596	0.01440	0.00866	0.00999	0.00714	0.00566	0.00494	0.00142	0.00964	0.00358	0.00294	0.00647
20	0.01947	0.02455	0.01497	0.01367	0.01635	0.73113	0.01027	0.02091	0.01497	0.01329	0.00887	0.01065	0.00749	0.00812	0.06046	0.00193	0.01017	0.00368	0.00282	0.00622
21	0.00664	0.00474	0.00633	0.00759	0.00791	0.00443	0.00506	0.00759	0.01044	0.01392	0.03005	0.80485	0.03606	0.01708	0.00696	0.00221	0.00316	0.01550	0.00506	0.00443
22	0.01164	0.01146	0.01593	0.01372	0.01372	0.01589	0.01131	0.01275	0.00832	0.01294	0.00787	0.01361	0.00806	0.06629	0.01859	0.00259	0.74209	0.00500	0.00245	0.00577
23	0.01076	0.02633	0.71174	0.01546	0.03905	0.01216	0.01915	0.01670	0.01151	0.01711	0.01112	0.04662	0.00878	0.00592	0.00532	0.00176	0.00774	0.02244	0.00249	0.00784
24	0.01116	0.00645	0.00836	0.00743	0.00939	0.00586	0.00573	0.01381	0.03007	0.17604	0.55172	0.03663	0.09491	0.01036	0.00622	0.00172	0.00304	0.00901	0.00608	0.00602
25	0.01107	0.01667	0.32986	0.04595	0.01830	0.01027	0.06245	0.04809	0.05528	0.04950	0.15844	0.04146	0.05718	0.00798	0.00584	0.00181	0.00602	0.06288	0.00394	0.00702
26	0.02722	0.09895	0.08730	0.01108	0.01482	0.03037	0.00971	0.11429	0.39656	0.03850	0.05287	0.02003	0.03959	0.00729	0.00536	0.00173	0.00506	0.02645	0.00480	0.00801
27	0.03653	0.01086	0.04706	0.01065	0.04722	0.00923	0.00855	0.11473	0.01533	0.33922	0.08335	0.01726	0.01431	0.00624	0.00514	0.00146	0.00470	0.00509	0.00518	0.21789

[dist]
# distance from previous block
# <min> <max>
0	80

[block]
# block no. 2 follows, 44 sequences, length 55
# corresponding to MSA columns:
# 164-218
name=unknown_C
#
# <colnr> <probs for GDERKNQSTAVLIFYWHMCP>
#	G	D	E	R	K	N	Q	S	T	A	V	L	I	F	Y	W	H	M	C	P
0	0.54317	0.09350	0.12096	0.01015	0.02627	0.01339	0.05397	0.03824	0.01063	0.03539	0.00856	0.00994	0.00658	0.00508	0.00396	0.00165	0.00532	0.00344	0.00319	0.00661
1	0.01241	0.06579	0.44339	0.01664	0.08666	0.01321	0.10247	0.09859	0.01350	0.01919	0.05428	0.02737	0.01054	0.00575	0.00538	0.00170	0.00730	0.00495	0.00300	0.00787
2	0.01223	0.01251	0.04757	0.29920	0.17500	0.05108	0.08138	0.03206	0.11791	0.01732	0.06554	0.01655	0.01208	0.00607	0.00594	0.00177	0.02997	0.00543	0.00327	0.00714
3	0.00784	0.00542	0.00656	0.00656	0.00685	0.00560	0.00412	0.00833	0.00829	0.01120	0.01811	0.03315	0.04829	0.60479	0.19708	0.00593	0.00727	0.00760	0.00329	0.00371
4	0.00664	0.00477	0.00630	0.00752	0.00789	0.00443	0.00503	0.00760	0.01051	0.01395	0.03094	0.77834	0.06199	0.01696	0.00694	0.00220	0.00315	0.01536	0.00506	0.00443
5	0.01158	0.00658	0.00859	0.00760	0.00958	0.00601	0.00586	0.03183	0.01548	0.18501	0.54843	0.06132	0.05948	0.01035	0.00622	0.00173	0.00313	0.00902	0.00609	0.00610
6	0.01975	0.01464	0.01565	0.01211	0.01630	0.01613	0.00997	0.69803	0.04035	0.03299	0.01570	0.01550	0.05322	0.00698	0.00551	0.00165	0.00578	0.00531	0.00543	0.00899
7	0.00870	0.00621	0.00868	0.00994	0.01116	0.00620	0.00863	0.01114	0.01246	0.01622	0.02891	0.09203	0.03157	0.01514	0.00751	0.00250	0.00494	0.70804	0.00502	0.00500
8	0.01130	0.00969	0.01130	0.00807	0.01292	0.00727	0.00646	0.01373	0.01130	0.01776	0.00969	0.01130	0.00807	0.00404	0.00404	0.00081	0.00404	0.00323	0.00323	0.84173
9	0.03244	0.01272	0.01333	0.06899	0.01596	0.09726	0.03299	0.15965	0.30763	0.02297	0.15706	0.02077	0.01949	0.00746	0.00560	0.00173	0.00528	0.00617	0.00495	0.00756
10	0.01308	0.01253	0.02137	0.13298	0.67814	0.01284	0.01652	0.01637	0.01222	0.01730	0.01018	0.01363	0.00846	0.00493	0.00540	0.00164	0.00658	0.00486	0.00266	0.00830
11	0.00791	0.00534	0.00622	0.00622	0.00632	0.00544	0.00365	0.00811	0.00801	0.01078	0.01692	0.03427	0.01921	0.73254	0.10277	0.00563	0.00621	0.00772	0.00327	0.00346
12	0.01030	0.00969	0.01635	0.79530	0.03755	0.01211	0.01514	0.01393	0.01090	0.01393	0.00969	0.01453	0.00727	0.00545	0.00545	0.00182	0.00727	0.00484	0.00242	0.00606
13	0.01313	0.01303	0.02073	0.19950	0.52841	0.05727	0.04194	0.01636	0.01220	0.01660	0.01000	0.01353	0.00820	0.00511	0.00565	0.00167	0.02138	0.00483	0.00264	0.00784
14	0.01951	0.02293	0.01522	0.01351	0.01643	0.60395	0.01030	0.11762	0.05960	0.01683	0.02839	0.01166	0.00895	0.00607	0.00537	0.00149	0.02792	0.00403	0.00338	0.00680
15	0.00714	0.00552	0.00646	0.00633	0.00779	0.00490	0.00472	0.00904	0.01360	0.01790	0.38453	0.07566	0.36945	0.03835	0.00717	0.00192	0.00282	0.02646	0.00544	0.00481
16	0.00947	0.00473	0.00710	0.00710	0.00710	0.00473	0.00473	0.00710	0.00710	0.00947	0.00947	0.01657	0.00947	0.01894	0.02131	0.84138	0.00473	0.00473	0.00237	0.00237
17	0.00694	0.00554	0.00622	0.00605	0.00767	0.00482	0.00454	0.00880	0.01361	0.01754	0.33755	0.04784	0.48811	0.01276	0.00644	0.00179	0.00269	0.01086	0.00543	0.00482
18	0.01326	0.01271	0.02170	0.08961	0.72009	0.01289	0.01661	0.01652	0.01230	0.01752	0.01021	0.01357	0.00853	0.00490	0.00540	0.00163	0.00653	0.00486	0.00268	0.00845
19	0.01050	0.00990	0.01672	0.74609	0.08514	0.01217	0.01524	0.01411	0.01100	0.01418	0.00973	0.01447	0.00736	0.00541	0.00545	0.00180	0.00722	0.00485	0.00244	0.00622
20	0.84691	0.01054	0.00801	0.00717	0.01054	0.01223	0.00590	0.01603	0.00928	0.02446	0.00759	0.00886	0.00590	0.00506	0.00337	0.00169	0.00422	0.00295	0.00337	0.00590
21	0.01485	0.77566	0.02799	0.00951	0.01412	0.03701	0.00938	0.03505	0.01153	0.01338	0.00774	0.00888	0.00705	0.00473	0.00358	0.00118	0.00592	0.00298	0.00242	0.00704
22	0.00801	0.00573	0.00730	0.00713	0.00784	0.00587	0.00485	0.00902	0.00904	0.01263	0.07194	0.05717	0.01999	0.42006	0.27663	0.00581	0.00804	0.00737	0.00343	0.05212
23	0.00736	0.00546	0.00686	0.00672	0.00798	0.00496	0.00496	0.00952	0.01428	0.01961	0.55236	0.13879	0.17629	0.01236	0.00650	0.00180	0.00268	0.01086	0.00572	0.00496
24	0.00679	0.00516	0.00626	0.00687	0.00785	0.00463	0.00487	0.00815	0.01186	0.01539	0.14500	0.42947	0.27949	0.01510	0.00673	0.00203	0.00299	0.03158	0.00520	0.00460
25	0.00812	0.00588	0.00729	0.00689	0.00839	0.00545	0.00518	0.01095	0.04554	0.03910	0.57709	0.06386	0.17270	0.01152	0.00639	0.00176	0.00274	0.01005	0.00581	0.00527
26	0.01213	0.25102	0.45874	0.01366	0.02016	0.01513	0.05711	0.01744	0.05471	0.01626	0.01108	0.01243	0.02685	0.00534	0.00482	0.00158	0.00713	0.00415	0.00259	0.00766
27	0.01188	0.01057	0.05550	0.03182	0.01400	0.00790	0.00756	0.04018	0.01164	0.04212	0.01018	0.01210	0.00830	0.00542	0.00551	0.06289	0.00450	0.00357	0.00328	0.65107
28	0.00644	0.00552	0.00552	0.00552	0.00736	0.00460	0.00414	0.00782	0.01243	0.01473	0.05523	0.05247	0.77218	0.01381	0.00644	0.00184	0.00276	0.01151	0.00506	0.00460
29	0.01278	0.05683	0.32579	0.04022	0.03296	0.01099	0.03281	0.03236	0.04966	0.10512	0.05432	0.01609	0.04231	0.00592	0.00511	0.00154	0.00605	0.00484	0.00354	0.16075
30	0.01114	0.07317	0.73702	0.01518	0.02304	0.01317	0.01952	0.01721	0.01149	0.01701	0.00966	0.01135	0.00691	0.00515	0.00508	0.00169	0.00793	0.00396	0.00230	0.00800
31	0.84691	0.01054	0.00801	0.00717	0.01054	0.01223	0.00590	0.01603	0.00928	0.02446	0.00759	0.00886	0.00590	0.00506	0.00337	0.00169	0.00422	0.00295	0.00337	0.00590
32	0.02969	0.43111	0.23165	0.01218	0.04333	0.09461	0.01239	0.01681	0.01188	0.01498	0.04934	0.01150	0.00940	0.00526	0.00432	0.00140	0.00666	0.00372	0.00260	0.00716
33	0.01336	0.01282	0.02189	0.06475	0.74413	0.01292	0.01667	0.01662	0.01235	0.01765	0.01023	0.01354	0.00858	0.00488	0.00540	0.00163	0.00651	0.00486	0.00269	0.00853
34	0.00772	0.00557	0.00729	0.00686	0.00814	0.00514	0.00514	0.01029	0.01543	0.02186	0.77152	0.04072	0.05144	0.01115	0.00643	0.00171	0.00257	0.00986	0.00600	0.00514
35	0.01327	0.01285	0.02229	0.07842	0.69301	0.01294	0.05362	0.01660	0.01235	0.01756	0.01026	0.01362	0.00854	0.00488	0.00545	0.00164	0.00666	0.00494	0.00269	0.00842
36	0.23372	0.00960	0.01147	0.00906	0.01306	0.00909	0.00748	0.02389	0.01399	0.58640	0.01797	0.01609	0.01156	0.00632	0.00495	0.00169	0.00453	0.00484	0.00589	0.00842
37	0.01093	0.02820	0.78016	0.01554	0.02360	0.01266	0.02014	0.01727	0.01151	0.01727	0.00978	0.01151	0.00691	0.00518	0.00518	0.00173	0.00806	0.00403	0.00230	0.00806
38	0.00659	0.00557	0.00573	0.00582	0.00762	0.00471	0.00444	0.00805	0.01243	0.01483	0.05352	0.05305	0.72426	0.01389	0.00651	0.00188	0.00291	0.05848	0.00506	0.00463
39	0.01177	0.00793	0.00924	0.00805	0.01023	0.00797	0.00628	0.16856	0.03935	0.06864	0.37813	0.05198	0.09484	0.00963	0.00585	0.00167	0.00350	0.00818	0.10189	0.00629
40	0.01329	0.01218	0.05953	0.19916	0.18610	0.04192	0.02998	0.12420	0.01351	0.05697	0.03933	0.01844	0.01190	0.14294	0.00953	0.00232	0.02282	0.00553	0.00345	0.00691
41	0.00695	0.00568	0.00619	0.00596	0.00776	0.00484	0.00449	0.00868	0.01317	0.01670	0.24057	0.04795	0.55707	0.01277	0.00635	0.00177	0.00276	0.01078	0.00524	0.03433
42	0.00680	0.00493	0.00649	0.00756	0.00808	0.00463	0.00521	0.00794	0.01080	0.01434	0.06063	0.66552	0.08673	0.01738	0.03457	0.00241	0.00359	0.04289	0.00502	0.00451
43	0.01119	0.03557	0.01075	0.00975	0.01167	0.08623	0.00756	0.01737	0.25334	0.01673	0.01834	0.09386	0.01645	0.02016	0.28377	0.00427	0.00838	0.03136	0.05699	0.00627
44	0.03616	0.01181	0.01747	0.17997	0.35156	0.03106	0.01315	0.05591	0.01288	0.08158	0.01102	0.01352	0.00859	0.00511	0.00512	0.00152	0.00607	0.00455	0.00324	0.14972
45	0.03159	0.35698	0.20706	0.01592	0.13600	0.02975	0.08145	0.03635	0.01196	0.01595	0.00947	0.02730	0.00799	0.00514	0.00461	0.00148	0.00676	0.00413	0.00259	0.00751
46	0.01246	0.01182	0.01836	0.05989	0.01797	0.02838	0.15328	0.04333	0.01076	0.04216	0.01089	0.01712	0.00988	0.01051	0.06280	0.00260	0.41931	0.05918	0.00297	0.00635
47	0.00729	0.00620	0.00763	0.00737	0.02426	0.00547	0.03999	0.00935	0.02643	0.01654	0.20147	0.07353	0.52953	0.01263	0.00642	0.00182	0.00314	0.01083	0.00511	0.00499
48	0.01297	0.01393	0.06737	0.22078	0.43829	0.05729	0.05242	0.02708	0.01229	0.01669	0.01000	0.01345	0.00806	0.00517	0.00565	0.00169	0.02171	0.00480	0.00265	0.00772
49	0.01240	0.01166	0.11431	0.01087	0.01357	0.03659	0.04084	0.10401	0.01249	0.09080	0.04110	0.05858	0.01426	0.09738	0.21742	0.02108	0.06550	0.00611	0.02474	0.00628
50	0.00697	0.00513	0.00657	0.00725	0.00788	0.00498	0.00499	0.00804	0.01015	0.01341	0.02985	0.44929	0.15009	0.12161	0.14372	0.00367	0.00534	0.01222	0.00447	0.00439
51	0.01270	0.01312	0.04775	0.20180	0.33518	0.03231	0.14519	0.04031	0.04211	0.01727	0.01230	0.01539	0.03553	0.00553	0.00582	0.00173	0.02011	0.00536	0.00291	0.00757
52	0.01367	0.03501	0.19255	0.03782	0.33265	0.01222	0.08827	0.04955	0.01301	0.09174	0.01389	0.04205	0.04093	0.00595	0.00551	0.00169	0.00664	0.00548	0.00329	0.00807
53	0.04698	0.06248	0.26432	0.01374	0.01859	0.13860	0.11124	0.04320	0.05607	0.06325	0.01326	0.08620	0.01110	0.00656	0.00530	0.00168	0.00705	0.00551	0.03766	0.00723
54	0.49240	0.01383	0.03245	0.03104	0.08080	0.13798	0.03506	0.04318	0.01146	0.03754	0.00900	0.01107	0.00720	0.03112	0.00492	0.00176	0.00579	0.00369	0.00329	0.00643

[dist]
# distance from previous block
# <min> <max>
0	2

[block]
# block no. 3 follows, 44 sequences, length 10
# corresponding to MSA columns:
# 221-230
name=unknown_D
#
# <colnr> <probs for GDERKNQSTAVLIFYWHMCP>
#	G	D	E	R	K	N	Q	S	T	A	V	L	I	F	Y	W	H	M	C	P
0	0.01140	0.00885	0.03044	0.02820	0.06402	0.00806	0.02660	0.01276	0.01335	0.04433	0.16572	0.23018	0.09400	0.03135	0.10268	0.00323	0.02064	0.03660	0.06092	0.00667
1	0.01196	0.00661	0.00892	0.00881	0.00906	0.00626	0.00586	0.00903	0.00878	0.01196	0.01191	0.01974	0.01172	0.02003	0.02172	0.80957	0.00556	0.00551	0.00322	0.00377
2	0.01323	0.01096	0.01238	0.00949	0.01409	0.00843	0.00729	0.01481	0.01293	0.01963	0.01670	0.01881	0.08715	0.00668	0.00536	0.00139	0.00476	0.00490	0.00424	0.72678
3	0.01663	0.08434	0.17492	0.04019	0.18165	0.05213	0.03100	0.12898	0.01581	0.06275	0.03725	0.04098	0.02717	0.00760	0.00623	0.00202	0.00711	0.00577	0.00431	0.07316
4	0.16049	0.13168	0.22057	0.05333	0.07224	0.01334	0.05681	0.01826	0.05736	0.10932	0.03066	0.01326	0.00949	0.00562	0.00512	0.00166	0.02553	0.00439	0.00338	0.00748
5	0.00852	0.04357	0.08479	0.00710	0.00816	0.00675	0.00533	0.00933	0.00872	0.01178	0.04498	0.03224	0.01917	0.66123	0.02358	0.00461	0.00548	0.00739	0.00326	0.00402
6	0.05944	0.18282	0.07280	0.01107	0.01491	0.10981	0.03302	0.13910	0.08412	0.06780	0.04536	0.06797	0.01322	0.00689	0.00499	0.00157	0.00586	0.02248	0.02129	0.03548
7	0.09562	0.18713	0.16604	0.03560	0.09688	0.01411	0.02658	0.01810	0.13979	0.03547	0.04917	0.03474	0.01229	0.00644	0.00551	0.00167	0.04270	0.02139	0.00344	0.00733
8	0.09437	0.09464	0.05984	0.05259	0.16941	0.11057	0.01082	0.12668	0.01439	0.02001	0.08198	0.01553	0.03100	0.00605	0.00493	0.00152	0.00593	0.00479	0.02830	0.06665
9	0.05390	0.13140	0.12024	0.08144	0.10296	0.04338	0.05101	0.07605	0.01350	0.09990	0.09167	0.01572	0.01298	0.00609	0.00545	0.00160	0.02958	0.00494	0.02069	0.03749

[dist]
# distance from previous block
# <min> <max>
1	56

[block]
# block no. 4 follows, 44 sequences, length 23
# corresponding to MSA columns:
# 291-313
name=unknown_E
#
# <colnr> <probs for GDERKNQSTAVLIFYWHMCP>
#	G	D	E	R	K	N	Q	S	T	A	V	L	I	F	Y	W	H	M	C	P
0	0.08350	0.24720	0.26685	0.01156	0.01662	0.04164	0.01232	0.08004	0.05758	0.01796	0.01289	0.01633	0.03499	0.02341	0.00526	0.00168	0.00632	0.05343	0.00318	0.00723
1	0.04131	0.34487	0.25550	0.03817	0.03810	0.04532	0.01274	0.04597	0.01231	0.06632	0.02923	0.02844	0.00924	0.00554	0.00454	0.00149	0.00647	0.00409	0.00295	0.00741
2	0.03159	0.40233	0.19509	0.01126	0.01646	0.01755	0.01171	0.17116	0.03038	0.01886	0.01141	0.01224	0.03752	0.00560	0.00445	0.00144	0.00619	0.00399	0.00317	0.00763
3	0.05911	0.49168	0.12640	0.00971	0.01405	0.01650	0.00978	0.01567	0.01102	0.05579	0.01127	0.08193	0.01070	0.05897	0.00574	0.00166	0.00571	0.00465	0.00293	0.00674
4	0.00792	0.03879	0.05835	0.00886	0.01049	0.00662	0.05547	0.00996	0.03553	0.01451	0.02942	0.47650	0.14410	0.06736	0.00795	0.00225	0.00409	0.01224	0.00452	0.00504
5	0.03416	0.00686	0.02908	0.00694	0.00806	0.00633	0.00481	0.01043	0.05914	0.01370	0.06183	0.06775	0.07133	0.49913	0.01919	0.00390	0.00476	0.02628	0.00381	0.06252
6	0.09121	0.00718	0.00911	0.04218	0.02995	0.00702	0.02219	0.01276	0.03884	0.04021	0.47930	0.03050	0.03533	0.00893	0.00566	0.00162	0.00339	0.00774	0.06014	0.06673
7	0.02037	0.02598	0.01545	0.01404	0.01685	0.78652	0.01053	0.02177	0.01545	0.01334	0.00843	0.00983	0.00702	0.00562	0.00492	0.00140	0.00983	0.00351	0.00281	0.00632
8	0.01334	0.04239	0.01344	0.03006	0.06548	0.01230	0.00895	0.02403	0.48827	0.04554	0.01849	0.01882	0.01432	0.00668	0.00524	0.00164	0.00457	0.02630	0.00477	0.15536
9	0.02039	0.02526	0.01551	0.01394	0.01686	0.73480	0.01052	0.07112	0.01613	0.01475	0.00874	0.01005	0.00717	0.00568	0.00495	0.00142	0.00957	0.00361	0.00299	0.00652
10	0.01153	0.01000	0.01651	0.65202	0.08431	0.01214	0.01461	0.01491	0.01118	0.06454	0.01038	0.01460	0.00776	0.00571	0.00609	0.00182	0.04785	0.00488	0.00272	0.00644
11	0.01090	0.00900	0.01362	0.27889	0.11486	0.00918	0.02747	0.01374	0.01191	0.05173	0.08054	0.08178	0.04323	0.00716	0.00542	0.00161	0.00530	0.02593	0.03864	0.16909
12	0.01296	0.02683	0.04306	0.01163	0.01499	0.06889	0.10720	0.08112	0.05512	0.05929	0.07352	0.06514	0.05632	0.02427	0.01676	0.00178	0.06639	0.02284	0.01888	0.17302
13	0.01222	0.02150	0.02780	0.00975	0.01240	0.03779	0.06157	0.01509	0.04734	0.14881	0.13809	0.06204	0.12952	0.01277	0.09307	0.00252	0.03372	0.04532	0.02192	0.06676
14	0.01361	0.04898	0.09295	0.05112	0.03201	0.08138	0.03436	0.09533	0.08886	0.07609	0.07638	0.03103	0.04584	0.03663	0.06905	0.00241	0.08803	0.00578	0.00395	0.02620
15	0.01147	0.07902	0.17375	0.03238	0.01557	0.03480	0.04432	0.07374	0.07916	0.01721	0.01701	0.03917	0.06932	0.06102	0.11481	0.00288	0.02067	0.04071	0.02082	0.05215
16	0.01317	0.14332	0.16256	0.01122	0.01515	0.05676	0.02729	0.15395	0.03421	0.01875	0.03120	0.03415	0.03351	0.06288	0.08469	0.00254	0.02521	0.02086	0.02908	0.03949
17	0.01390	0.07719	0.21116	0.05865	0.01882	0.01357	0.06137	0.20603	0.05254	0.04142	0.03207	0.03322	0.02422	0.00884	0.05915	0.00218	0.05025	0.00521	0.00371	0.02649
18	0.01660	0.21767	0.15637	0.01184	0.01673	0.03395	0.01143	0.31263	0.06605	0.05803	0.01346	0.01375	0.03589	0.00612	0.00494	0.00155	0.00613	0.00456	0.00409	0.00820
19	0.01655	0.18108	0.20313	0.01230	0.01748	0.01600	0.01221	0.31014	0.09550	0.06519	0.01256	0.01287	0.00923	0.00593	0.00500	0.00159	0.00621	0.00445	0.00413	0.00844
20	0.03400	0.18205	0.14884	0.01275	0.04370	0.01616	0.01172	0.36416	0.01821	0.06592	0.01241	0.01296	0.02479	0.00606	0.00524	0.00158	0.02252	0.00447	0.00413	0.00833
21	0.01610	0.24370	0.16392	0.01272	0.01776	0.05879	0.06077	0.29234	0.01699	0.02209	0.01201	0.01288	0.03499	0.00583	0.00492	0.00153	0.00664	0.00444	0.00364	0.00795
22	0.03202	0.12793	0.16247	0.01218	0.01694	0.01571	0.01157	0.39849	0.07987	0.02586	0.01325	0.05590	0.01050	0.00664	0.00518	0.00164	0.00604	0.00511	0.00437	0.00834

[dist]
# distance from previous block
# <min> <max>
0	70

# created by:
# /home/cegg/simao/soft/augustus-3.2.1/scripts/msa2prfl.pl ./align_prep/EOG091G0TN4.fa
