[name]
unknown

[dist]
# distance from previous block
# <min> <max>
0	44

[block]
# block no. 0 follows, 54 sequences, length 18
# corresponding to MSA columns:
# 51-68
name=unknown_A
#
# <colnr> <probs for GDERKNQSTAVLIFYWHMCP>
#	G	D	E	R	K	N	Q	S	T	A	V	L	I	F	Y	W	H	M	C	P
0	0.09931	0.06021	0.40753	0.01247	0.03127	0.01085	0.09707	0.06948	0.01089	0.01634	0.01100	0.01658	0.00940	0.00577	0.00469	0.00157	0.00608	0.12046	0.00269	0.00635
1	0.01191	0.01078	0.01710	0.22984	0.48683	0.01154	0.01328	0.13144	0.01214	0.01672	0.00912	0.01185	0.00725	0.00455	0.00469	0.00145	0.00571	0.00420	0.00263	0.00698
2	0.00868	0.00799	0.01334	0.66821	0.05896	0.00981	0.01206	0.01159	0.00920	0.01201	0.00904	0.01344	0.00717	0.00935	0.12780	0.00248	0.00722	0.00432	0.00217	0.00517
3	0.00755	0.00689	0.00667	0.00741	0.00801	0.12701	0.00510	0.00843	0.00969	0.01196	0.02315	0.70634	0.02737	0.01327	0.00575	0.00181	0.00361	0.01183	0.00408	0.00408
4	0.00574	0.00465	0.00509	0.00527	0.00654	0.00401	0.00384	0.00698	0.01072	0.01333	0.13328	0.19875	0.56089	0.01222	0.00566	0.00164	0.00244	0.01046	0.00447	0.00401
5	0.00651	0.00481	0.00608	0.00577	0.00695	0.00438	0.00432	0.00859	0.01297	0.01802	0.69382	0.03668	0.15361	0.00997	0.00556	0.00150	0.00225	0.00873	0.00507	0.00438
6	0.00597	0.00476	0.00535	0.00527	0.00663	0.00414	0.00393	0.00751	0.01158	0.01488	0.31312	0.07973	0.49795	0.01127	0.00559	0.00157	0.00235	0.00962	0.00467	0.00414
7	0.00574	0.00414	0.00544	0.00648	0.00682	0.00384	0.00434	0.00658	0.00911	0.01207	0.02705	0.79295	0.06877	0.01463	0.00600	0.00190	0.00272	0.01324	0.00438	0.00384
8	0.01136	0.04032	0.62311	0.01291	0.01893	0.13327	0.01539	0.04590	0.01102	0.03312	0.00859	0.00988	0.00620	0.00461	0.00443	0.00144	0.00702	0.00345	0.00225	0.00679
9	0.36857	0.01185	0.02278	0.05600	0.07913	0.17665	0.04869	0.02705	0.01067	0.01756	0.12807	0.01299	0.01172	0.00528	0.00404	0.00142	0.00505	0.00399	0.00305	0.00543
10	0.01855	0.00767	0.01038	0.00825	0.01142	0.00698	0.00676	0.04749	0.01281	0.64029	0.01736	0.01629	0.01157	0.01030	0.12779	0.00238	0.00532	0.00476	0.02627	0.00736
11	0.01466	0.01438	0.01780	0.01374	0.01727	0.18603	0.26372	0.27012	0.05856	0.01941	0.01037	0.01179	0.00782	0.00503	0.00510	0.00144	0.02693	0.00448	0.04471	0.00665
12	0.00571	0.00422	0.00535	0.00625	0.00676	0.00386	0.00424	0.00660	0.00933	0.01216	0.02977	0.69480	0.16516	0.01428	0.00594	0.00186	0.00268	0.01280	0.00438	0.00386
13	0.00946	0.02439	0.80987	0.01344	0.02041	0.01095	0.01742	0.01493	0.00995	0.01493	0.00846	0.00995	0.00597	0.00448	0.00448	0.00149	0.00697	0.00348	0.00199	0.00697
14	0.01340	0.00991	0.01092	0.00922	0.01201	0.01089	0.00732	0.23742	0.37781	0.08859	0.15163	0.01873	0.01754	0.00670	0.00490	0.00152	0.00391	0.00553	0.00493	0.00715
15	0.00720	0.00495	0.00638	0.00595	0.00720	0.00452	0.00449	0.00933	0.01315	0.05205	0.70973	0.03520	0.10266	0.00966	0.00553	0.00149	0.00231	0.00848	0.00515	0.00456
16	0.01086	0.01001	0.01650	0.06307	0.62573	0.00996	0.01255	0.01341	0.01075	0.03549	0.01500	0.01694	0.12827	0.00544	0.00481	0.00144	0.00511	0.00509	0.00272	0.00685
17	0.00820	0.00640	0.00697	0.00644	0.00791	0.05680	0.00487	0.02943	0.03291	0.04991	0.52731	0.03319	0.17797	0.00953	0.00562	0.01611	0.00287	0.00802	0.00482	0.00470

[dist]
# distance from previous block
# <min> <max>
0	13

[block]
# block no. 1 follows, 54 sequences, length 12
# corresponding to MSA columns:
# 82-93
name=unknown_B
#
# <colnr> <probs for GDERKNQSTAVLIFYWHMCP>
#	G	D	E	R	K	N	Q	S	T	A	V	L	I	F	Y	W	H	M	C	P
0	0.01306	0.03608	0.01782	0.08009	0.48243	0.19917	0.04826	0.04052	0.01161	0.01460	0.00851	0.01092	0.00702	0.00442	0.00457	0.00137	0.00641	0.00395	0.00241	0.00677
1	0.05667	0.02652	0.06390	0.03153	0.02440	0.11396	0.01831	0.18292	0.16170	0.03410	0.04831	0.01710	0.01221	0.17799	0.00859	0.00209	0.00516	0.00489	0.00364	0.00599
2	0.00703	0.00499	0.00604	0.00594	0.00605	0.00534	0.00374	0.00731	0.00704	0.00960	0.01447	0.05895	0.01637	0.65984	0.11037	0.00464	0.05954	0.00673	0.00283	0.00320
3	0.00951	0.04309	0.58402	0.18199	0.02289	0.01111	0.05418	0.01432	0.00989	0.01423	0.00844	0.01057	0.00610	0.00449	0.00454	0.00150	0.00682	0.00371	0.00203	0.00655
4	0.00698	0.00558	0.00831	0.01122	0.17283	0.00536	0.00648	0.00821	0.00938	0.01274	0.02243	0.66075	0.02625	0.01257	0.00574	0.00181	0.00333	0.01149	0.00395	0.00459
5	0.00607	0.00430	0.00549	0.00631	0.00663	0.00408	0.00421	0.00681	0.00875	0.01158	0.02451	0.58877	0.05974	0.18502	0.00977	0.00247	0.00319	0.05456	0.00406	0.00366
6	0.01736	0.02158	0.01327	0.01198	0.01447	0.75000	0.00903	0.04713	0.04899	0.01257	0.00797	0.00902	0.00652	0.00496	0.00429	0.00124	0.00817	0.00318	0.00262	0.00565
7	0.01085	0.00558	0.00640	0.00581	0.00721	0.00560	0.00440	0.08784	0.01069	0.09896	0.01382	0.01613	0.01083	0.00781	0.00673	0.18041	0.00308	0.00435	0.50887	0.00464
8	0.01350	0.61216	0.07429	0.00900	0.01317	0.01731	0.00887	0.17538	0.01222	0.01522	0.00767	0.00850	0.00645	0.00440	0.00347	0.00113	0.00520	0.00294	0.00258	0.00652
9	0.01049	0.41595	0.01893	0.10912	0.09745	0.01333	0.06617	0.01245	0.01004	0.01230	0.01581	0.01685	0.17207	0.00577	0.00412	0.00128	0.00491	0.00467	0.00258	0.00569
10	0.00960	0.00912	0.01251	0.01087	0.01087	0.01239	0.00876	0.01041	0.00715	0.01089	0.00799	0.01459	0.00847	0.18007	0.01725	0.00258	0.65488	0.00469	0.00223	0.00468
11	0.02627	0.01119	0.01257	0.01471	0.25007	0.17580	0.02214	0.01496	0.02404	0.14753	0.06048	0.06513	0.14146	0.00681	0.00486	0.00144	0.00505	0.00576	0.00360	0.00615

[dist]
# distance from previous block
# <min> <max>
0	1

[block]
# block no. 2 follows, 54 sequences, length 11
# corresponding to MSA columns:
# 95-105
name=unknown_C
#
# <colnr> <probs for GDERKNQSTAVLIFYWHMCP>
#	G	D	E	R	K	N	Q	S	T	A	V	L	I	F	Y	W	H	M	C	P
0	0.18856	0.01360	0.01282	0.01109	0.03885	0.19997	0.04896	0.20080	0.10127	0.06502	0.01017	0.01091	0.00770	0.00536	0.00507	0.00146	0.06459	0.00383	0.00350	0.00646
1	0.00668	0.00573	0.00798	0.00744	0.00886	0.00541	0.08109	0.00813	0.01014	0.01285	0.04817	0.20151	0.39110	0.05211	0.00713	0.00189	0.04149	0.09404	0.00401	0.00423
2	0.03233	0.00531	0.00674	0.00705	0.00818	0.00502	0.00522	0.03765	0.01044	0.11818	0.02579	0.50589	0.09624	0.01251	0.00574	0.00183	0.00318	0.10354	0.00454	0.00465
3	0.01008	0.00894	0.01406	0.20309	0.36146	0.00945	0.01109	0.01362	0.08637	0.03642	0.05044	0.09912	0.06297	0.00639	0.00493	0.00153	0.00488	0.00582	0.00308	0.00624
4	0.01170	0.01156	0.01817	0.12422	0.66215	0.06101	0.01397	0.01445	0.01074	0.01476	0.00871	0.01158	0.00724	0.00430	0.00465	0.00141	0.00586	0.00413	0.00231	0.00707
5	0.01392	0.01360	0.01200	0.01037	0.01228	0.26147	0.00805	0.23777	0.01350	0.01643	0.01036	0.04594	0.00948	0.11854	0.05880	0.00228	0.14176	0.00461	0.00317	0.00566
6	0.36881	0.03809	0.01272	0.01358	0.19487	0.23495	0.02689	0.03307	0.01058	0.01691	0.00748	0.00902	0.00606	0.00448	0.00380	0.00137	0.00563	0.00318	0.00265	0.00588
7	0.01020	0.01020	0.01488	0.61505	0.15679	0.08836	0.01293	0.01310	0.01002	0.01255	0.00835	0.01203	0.00646	0.00464	0.00466	0.00151	0.00639	0.00408	0.00217	0.00562
8	0.01333	0.54078	0.13011	0.00959	0.01381	0.11576	0.00957	0.09373	0.01138	0.01357	0.00739	0.00839	0.00624	0.00436	0.00355	0.00114	0.00575	0.00289	0.00234	0.00630
9	0.00986	0.00843	0.01019	0.00784	0.01124	0.04381	0.05409	0.01186	0.01018	0.05129	0.02933	0.01612	0.11131	0.00798	0.08249	0.00161	0.00474	0.00432	0.00312	0.52020
10	0.42646	0.00906	0.00892	0.00758	0.01043	0.00987	0.00613	0.17218	0.01200	0.15061	0.02916	0.09030	0.01038	0.00698	0.02959	0.00169	0.00418	0.00452	0.00394	0.00601

[dist]
# distance from previous block
# <min> <max>
2	12

[block]
# block no. 3 follows, 54 sequences, length 14
# corresponding to MSA columns:
# 118-131
name=unknown_D
#
# <colnr> <probs for GDERKNQSTAVLIFYWHMCP>
#	G	D	E	R	K	N	Q	S	T	A	V	L	I	F	Y	W	H	M	C	P
0	0.01123	0.53781	0.01741	0.00675	0.00973	0.01353	0.00635	0.01299	0.00969	0.01342	0.00973	0.01116	0.00822	0.00456	0.00312	0.00104	0.00402	0.00319	0.31058	0.00546
1	0.00990	0.01114	0.00786	0.00743	0.00932	0.29563	0.00557	0.01110	0.01169	0.01231	0.03322	0.03212	0.51653	0.00940	0.00510	0.00146	0.00459	0.00747	0.00368	0.00451
2	0.00991	0.00747	0.00813	0.00738	0.00959	0.00775	0.00571	0.01665	0.35953	0.09311	0.10843	0.02921	0.30062	0.00866	0.00515	0.00157	0.00312	0.00726	0.00479	0.00596
3	0.00903	0.00842	0.01197	0.01065	0.01096	0.01137	0.00873	0.01029	0.00735	0.01120	0.00850	0.01327	0.00820	0.01800	0.30308	0.00405	0.53342	0.00446	0.00223	0.00482
4	0.31898	0.01142	0.02031	0.01496	0.01906	0.01144	0.50644	0.01466	0.01001	0.01728	0.00847	0.01090	0.00642	0.00412	0.00461	0.00154	0.00640	0.00448	0.00258	0.00591
5	0.01043	0.00598	0.00615	0.00555	0.00713	0.00623	0.00431	0.15062	0.01209	0.01976	0.01465	0.01646	0.01136	0.00552	0.00355	0.00116	0.00273	0.00437	0.70691	0.00504
6	0.00583	0.00416	0.00557	0.00666	0.00697	0.00390	0.00452	0.00671	0.00911	0.01213	0.02594	0.79660	0.03100	0.01469	0.00604	0.00193	0.00281	0.04721	0.00438	0.00385
7	0.00585	0.00418	0.00559	0.00669	0.00701	0.00392	0.00456	0.00675	0.00913	0.01216	0.02593	0.78653	0.03095	0.01467	0.00605	0.00193	0.00283	0.05704	0.00437	0.00386
8	0.00693	0.00495	0.00683	0.00792	0.00872	0.00485	0.00644	0.00862	0.01020	0.01336	0.02533	0.33284	0.02859	0.01365	0.00633	0.00208	0.00376	0.50006	0.00435	0.00416
9	0.01012	0.00738	0.00859	0.00810	0.00964	0.00771	0.00602	0.28786	0.01375	0.01839	0.02072	0.53651	0.02286	0.01150	0.00555	0.00174	0.00362	0.01011	0.00450	0.00534
10	0.00643	0.00484	0.00591	0.00649	0.00748	0.00450	0.00502	0.00776	0.01004	0.01269	0.03229	0.20009	0.30574	0.09979	0.00793	0.00217	0.00335	0.26932	0.00420	0.00395
11	0.01047	0.53796	0.01809	0.00730	0.01028	0.01355	0.00677	0.01224	0.01093	0.01390	0.29261	0.01750	0.01987	0.00605	0.00394	0.00118	0.00403	0.00468	0.00316	0.00548
12	0.32333	0.01174	0.01155	0.00918	0.01264	0.01317	0.00758	0.51048	0.01708	0.02664	0.00961	0.01000	0.00697	0.00520	0.00407	0.00143	0.00463	0.00364	0.00407	0.00697
13	0.00868	0.00718	0.00899	0.00720	0.01018	0.00614	0.00570	0.01063	0.00899	0.01378	0.00991	0.01292	0.00871	0.01495	0.29540	0.00317	0.00678	0.00361	0.00270	0.55439

[dist]
# distance from previous block
# <min> <max>
0	3

[block]
# block no. 4 follows, 54 sequences, length 7
# corresponding to MSA columns:
# 135-141
name=unknown_E
#
# <colnr> <probs for GDERKNQSTAVLIFYWHMCP>
#	G	D	E	R	K	N	Q	S	T	A	V	L	I	F	Y	W	H	M	C	P
0	0.00619	0.00429	0.00534	0.00599	0.00615	0.00413	0.00376	0.00668	0.00815	0.01086	0.02148	0.50726	0.02550	0.34648	0.01330	0.00299	0.00348	0.01075	0.00376	0.00344
1	0.01281	0.01504	0.01017	0.00989	0.01144	0.48689	0.00719	0.01386	0.01161	0.01174	0.01486	0.34151	0.01624	0.00887	0.00497	0.00150	0.00617	0.00723	0.00322	0.00480
2	0.00901	0.00692	0.01047	0.44840	0.06361	0.00805	0.00920	0.01175	0.00969	0.01447	0.01124	0.01455	0.00870	0.00500	0.00414	0.00137	0.00459	0.00427	0.34955	0.00502
3	0.01492	0.00644	0.00873	0.00765	0.00993	0.00568	0.00590	0.01634	0.01169	0.48591	0.02159	0.34600	0.01957	0.00945	0.00526	0.00164	0.00350	0.00825	0.00525	0.00633
4	0.39998	0.00745	0.00672	0.00597	0.00826	0.00816	0.00479	0.07355	0.01023	0.07054	0.01127	0.01249	0.00858	0.00502	0.00333	0.00131	0.00320	0.00357	0.35035	0.00523
5	0.00709	0.00573	0.00721	0.00829	0.06929	0.03936	0.00539	0.00865	0.01109	0.01506	0.33812	0.41014	0.03365	0.01145	0.00565	0.00167	0.00300	0.01027	0.00446	0.00443
6	0.01198	0.00569	0.00769	0.00730	0.00894	0.00508	0.00541	0.01321	0.01084	0.33427	0.02300	0.50127	0.02329	0.01115	0.00550	0.00173	0.00325	0.00990	0.00497	0.00553

[dist]
# distance from previous block
# <min> <max>
0	1

[block]
# block no. 5 follows, 54 sequences, length 28
# corresponding to MSA columns:
# 143-170
name=unknown_F
#
# <colnr> <probs for GDERKNQSTAVLIFYWHMCP>
#	G	D	E	R	K	N	Q	S	T	A	V	L	I	F	Y	W	H	M	C	P
0	0.01102	0.01249	0.02719	0.01952	0.02418	0.01172	0.76331	0.01494	0.01112	0.01507	0.01002	0.01399	0.00778	0.00426	0.00559	0.00161	0.00784	0.02962	0.00245	0.00630
1	0.00663	0.00482	0.00625	0.00589	0.00702	0.00443	0.00442	0.00882	0.01325	0.01869	0.77575	0.03558	0.07127	0.00972	0.00556	0.00149	0.00223	0.00858	0.00516	0.00443
2	0.00675	0.00499	0.00729	0.00729	0.00803	0.00574	0.00553	0.00823	0.00749	0.01073	0.01289	0.01999	0.01242	0.13024	0.72160	0.00722	0.01167	0.00527	0.00257	0.00405
3	0.00583	0.00473	0.00517	0.00518	0.00656	0.00407	0.00384	0.00722	0.01118	0.01404	0.21223	0.10774	0.57242	0.01167	0.00561	0.00159	0.00238	0.00992	0.00456	0.00407
4	0.01024	0.01050	0.03203	0.08406	0.05283	0.01386	0.01092	0.01164	0.00764	0.01168	0.00656	0.01057	0.00626	0.00766	0.01377	0.00198	0.69629	0.00412	0.00208	0.00532
5	0.01194	0.01023	0.01078	0.00964	0.01234	0.01183	0.00751	0.05096	0.77012	0.02006	0.01892	0.01738	0.01418	0.00637	0.00479	0.00159	0.00378	0.00529	0.00479	0.00748
6	0.01139	0.02034	0.55242	0.01368	0.03263	0.03009	0.09621	0.06096	0.02569	0.08183	0.00972	0.01097	0.00688	0.00472	0.00485	0.00150	0.02263	0.00390	0.00258	0.00700
7	0.01203	0.01206	0.01736	0.12908	0.54946	0.10054	0.01326	0.02979	0.02795	0.01473	0.00878	0.01150	0.00726	0.00459	0.00510	0.00144	0.04170	0.00409	0.00240	0.00687
8	0.01743	0.02213	0.01353	0.01265	0.03829	0.79124	0.00927	0.01870	0.01328	0.01166	0.00734	0.00860	0.00612	0.00484	0.00426	0.00122	0.00842	0.00307	0.00243	0.00553
9	0.00882	0.00531	0.00692	0.00624	0.00777	0.00480	0.00478	0.01092	0.01321	0.13937	0.63655	0.03290	0.08554	0.00920	0.00544	0.00149	0.00251	0.00803	0.00524	0.00497
10	0.00574	0.00410	0.00547	0.00657	0.00684	0.00383	0.00438	0.00657	0.00903	0.01204	0.02599	0.83122	0.03119	0.01477	0.00602	0.00191	0.00274	0.01340	0.00438	0.00383
11	0.00561	0.00478	0.00483	0.00481	0.00639	0.00400	0.00361	0.00684	0.01083	0.01294	0.07268	0.04504	0.77793	0.01187	0.00557	0.00159	0.00238	0.00990	0.00441	0.00400
12	0.00954	0.02384	0.77319	0.01374	0.02061	0.01100	0.05354	0.01494	0.01001	0.01494	0.00851	0.01008	0.00603	0.00446	0.00453	0.00150	0.00701	0.00358	0.00201	0.00694
13	0.00592	0.00479	0.00526	0.00515	0.00658	0.00413	0.00386	0.00745	0.01158	0.01471	0.28856	0.04214	0.56095	0.01121	0.00557	0.00156	0.00234	0.00950	0.00464	0.00413
14	0.01731	0.04493	0.01375	0.01198	0.01445	0.73559	0.00910	0.05463	0.01352	0.01237	0.00743	0.00865	0.00617	0.00496	0.00451	0.00124	0.02819	0.00311	0.00252	0.00559
15	0.00978	0.00838	0.00978	0.00698	0.01117	0.00629	0.00559	0.01187	0.00978	0.01536	0.00838	0.00978	0.00698	0.00349	0.00349	0.00070	0.00349	0.00279	0.00279	0.86312
16	0.01110	0.01265	0.02741	0.01964	0.02427	0.01200	0.76405	0.01499	0.01101	0.01499	0.00944	0.01265	0.00712	0.00411	0.00587	0.00160	0.03288	0.00552	0.00237	0.00632
17	0.01173	0.01013	0.01066	0.00960	0.01226	0.01173	0.00746	0.02505	0.79636	0.01972	0.01919	0.01759	0.01439	0.00640	0.00480	0.00160	0.00373	0.00533	0.00480	0.00746
18	0.00890	0.00838	0.01414	0.82296	0.03247	0.01048	0.01309	0.01205	0.00943	0.01205	0.00838	0.01257	0.00629	0.00471	0.00471	0.00157	0.00629	0.00419	0.00210	0.00524
19	0.00557	0.00478	0.00478	0.00478	0.00637	0.00398	0.00358	0.00677	0.01075	0.01274	0.04776	0.04538	0.80297	0.01194	0.00557	0.00159	0.00239	0.00995	0.00438	0.00398
20	0.00978	0.00838	0.00978	0.00698	0.01117	0.00629	0.00559	0.01187	0.00978	0.01536	0.00838	0.00978	0.00698	0.00349	0.00349	0.00070	0.00349	0.00279	0.00279	0.86312
21	0.00890	0.00838	0.01414	0.82296	0.03247	0.01048	0.01309	0.01205	0.00943	0.01205	0.00838	0.01257	0.00629	0.00471	0.00471	0.00157	0.00629	0.00419	0.00210	0.00524
22	0.01173	0.01013	0.01066	0.00960	0.01226	0.01173	0.00746	0.02505	0.79636	0.01972	0.01919	0.01759	0.01439	0.00640	0.00480	0.00160	0.00373	0.00533	0.00480	0.00746
23	0.00685	0.00459	0.00526	0.00526	0.00530	0.00463	0.00300	0.00693	0.00689	0.00923	0.01475	0.03028	0.01689	0.79680	0.06115	0.00471	0.00495	0.00677	0.00284	0.00292
24	0.01261	0.27458	0.03673	0.03471	0.38434	0.06499	0.01133	0.03499	0.02582	0.03617	0.00853	0.01030	0.00712	0.00431	0.00408	0.00125	0.00549	0.00357	0.00245	0.03664
25	0.00890	0.00838	0.01414	0.82296	0.03247	0.01048	0.01309	0.01205	0.00943	0.01205	0.00838	0.01257	0.00629	0.00471	0.00471	0.00157	0.00629	0.00419	0.00210	0.00524
26	0.00686	0.00457	0.00514	0.00514	0.00514	0.00457	0.00286	0.00686	0.00686	0.00914	0.01486	0.03086	0.01714	0.83430	0.02400	0.00457	0.00457	0.00686	0.00286	0.00286
27	0.01549	0.00717	0.00859	0.00702	0.00960	0.00687	0.00566	0.11860	0.01311	0.37076	0.01628	0.01608	0.01137	0.00567	0.00413	0.00130	0.00340	0.00453	0.36792	0.00649

[dist]
# distance from previous block
# <min> <max>
0	3

[block]
# block no. 6 follows, 54 sequences, length 17
# corresponding to MSA columns:
# 174-190
name=unknown_G
#
# <colnr> <probs for GDERKNQSTAVLIFYWHMCP>
#	G	D	E	R	K	N	Q	S	T	A	V	L	I	F	Y	W	H	M	C	P
0	0.21256	0.00585	0.00645	0.00600	0.00754	0.00591	0.00461	0.01008	0.01207	0.01945	0.61207	0.02863	0.03507	0.00838	0.00493	0.00148	0.00256	0.00710	0.00465	0.00461
1	0.00984	0.01066	0.02248	0.01669	0.02038	0.00999	0.60041	0.01306	0.01063	0.01437	0.01347	0.20846	0.01290	0.00656	0.00567	0.00167	0.00670	0.00744	0.00286	0.00575
2	0.00739	0.20332	0.01007	0.00692	0.00810	0.00738	0.00526	0.00837	0.00916	0.01181	0.02134	0.63424	0.02517	0.01220	0.00530	0.00170	0.00329	0.01080	0.00381	0.00436
3	0.00598	0.00433	0.00597	0.00681	0.00722	0.00432	0.00474	0.00701	0.00868	0.01178	0.02279	0.63686	0.02655	0.01970	0.19963	0.00327	0.00510	0.01141	0.00393	0.00392
4	0.01018	0.02812	0.01465	0.20612	0.01738	0.03975	0.03324	0.01179	0.00811	0.01155	0.00713	0.01146	0.00658	0.03324	0.01224	0.00196	0.53501	0.00420	0.00212	0.00517
5	0.01036	0.00960	0.01614	0.06091	0.57834	0.00990	0.01236	0.01291	0.00992	0.01418	0.00975	0.01335	0.00845	0.01168	0.19861	0.00289	0.00731	0.00440	0.00237	0.00659
6	0.00661	0.00454	0.00558	0.00593	0.00614	0.00454	0.00379	0.00709	0.00772	0.01034	0.01815	0.23682	0.02092	0.50682	0.08426	0.00399	0.00476	0.05537	0.00331	0.00331
7	0.04791	0.01159	0.01308	0.01052	0.03332	0.03986	0.02737	0.44529	0.04266	0.23567	0.01322	0.01278	0.00911	0.00557	0.00463	0.00142	0.00488	0.00435	0.02912	0.00765
8	0.00749	0.00607	0.00680	0.00640	0.00805	0.00602	0.00486	0.01200	0.19968	0.01690	0.34601	0.03463	0.30774	0.00968	0.00538	0.00155	0.00264	0.00827	0.00481	0.00500
9	0.00997	0.00951	0.01586	0.48143	0.29185	0.01108	0.01331	0.01280	0.00967	0.01312	0.00835	0.01206	0.00668	0.00486	0.00567	0.00156	0.07989	0.00419	0.00217	0.00598
10	0.04629	0.00768	0.00994	0.00791	0.01094	0.00703	0.00643	0.07644	0.01392	0.53454	0.20509	0.02000	0.01902	0.00668	0.00487	0.00146	0.00366	0.00554	0.00550	0.00707
11	0.03958	0.00984	0.03870	0.00868	0.01163	0.05678	0.00718	0.18555	0.05010	0.29287	0.20332	0.04245	0.01869	0.00684	0.00488	0.00146	0.00415	0.00561	0.00493	0.00675
12	0.01163	0.49543	0.08455	0.00895	0.01246	0.03704	0.00882	0.06280	0.01083	0.01333	0.01144	0.01894	0.01121	0.00635	0.00412	0.00136	0.00514	0.18702	0.00275	0.00583
13	0.44471	0.00876	0.00807	0.00699	0.00938	0.00978	0.00541	0.14866	0.04683	0.04652	0.01037	0.01459	0.00915	0.20322	0.00842	0.00220	0.00415	0.00408	0.00340	0.00529
14	0.01158	0.02625	0.01049	0.00848	0.01133	0.09467	0.00660	0.18333	0.03875	0.01733	0.01341	0.20665	0.01312	0.00699	0.00466	0.00126	0.01660	0.00578	0.00360	0.31913
15	0.00913	0.00770	0.01254	0.03209	0.08021	0.00785	0.13920	0.01205	0.04686	0.03859	0.11657	0.05066	0.04378	0.00931	0.00645	0.00183	0.05802	0.31809	0.00381	0.00527
16	0.01129	0.20802	0.01915	0.10056	0.48743	0.01248	0.01224	0.01373	0.01027	0.01389	0.00935	0.04105	0.00844	0.00485	0.00438	0.00136	0.00540	0.02704	0.00237	0.00669

[dist]
# distance from previous block
# <min> <max>
3	42

[block]
# block no. 7 follows, 54 sequences, length 9
# corresponding to MSA columns:
# 235-243
name=unknown_H
#
# <colnr> <probs for GDERKNQSTAVLIFYWHMCP>
#	G	D	E	R	K	N	Q	S	T	A	V	L	I	F	Y	W	H	M	C	P
0	0.00571	0.00482	0.00497	0.00505	0.00660	0.00408	0.00386	0.00697	0.01075	0.01283	0.04619	0.04592	0.74945	0.01202	0.00564	0.00163	0.00252	0.06260	0.00438	0.00401
1	0.13581	0.01070	0.01651	0.11363	0.55547	0.01124	0.01263	0.06059	0.01088	0.01672	0.00863	0.01117	0.00703	0.00437	0.00442	0.00143	0.00537	0.00396	0.00253	0.00691
2	0.05965	0.01912	0.01189	0.01103	0.01317	0.65630	0.00822	0.01679	0.01246	0.01211	0.00996	0.12772	0.00966	0.00627	0.00444	0.00133	0.00742	0.00451	0.00274	0.00521
3	0.00978	0.00838	0.00978	0.00698	0.01117	0.00629	0.00559	0.01187	0.00978	0.01536	0.00838	0.00978	0.00698	0.00349	0.00349	0.00070	0.00349	0.00279	0.00279	0.86312
4	0.00619	0.00477	0.00566	0.00550	0.00677	0.00423	0.00410	0.00794	0.01212	0.01614	0.46673	0.07417	0.34708	0.01078	0.00559	0.00155	0.00231	0.00931	0.00483	0.00423
5	0.01490	0.01259	0.03980	0.01074	0.01416	0.03742	0.03216	0.40536	0.33648	0.02416	0.01425	0.01379	0.01046	0.00585	0.00475	0.00149	0.00484	0.00467	0.00452	0.00763
6	0.01224	0.51080	0.04303	0.00902	0.01267	0.08773	0.05463	0.06894	0.01110	0.01305	0.01317	0.01378	0.12177	0.00538	0.00382	0.00119	0.00521	0.00398	0.00261	0.00588
7	0.01031	0.01004	0.01459	0.01439	0.12690	0.01331	0.01054	0.01151	0.00771	0.01181	0.00688	0.01094	0.00664	0.00891	0.04230	0.03239	0.64920	0.00417	0.00212	0.00535
8	0.00681	0.00507	0.00620	0.00677	0.00738	0.00511	0.00460	0.00937	0.12299	0.01297	0.05122	0.56662	0.02716	0.13430	0.00848	0.00225	0.00313	0.01109	0.00424	0.00424

[dist]
# distance from previous block
# <min> <max>
0	56

[block]
# block no. 8 follows, 54 sequences, length 7
# corresponding to MSA columns:
# 300-306
name=unknown_I
#
# <colnr> <probs for GDERKNQSTAVLIFYWHMCP>
#	G	D	E	R	K	N	Q	S	T	A	V	L	I	F	Y	W	H	M	C	P
0	0.01016	0.00873	0.00995	0.00750	0.01139	0.00736	0.00596	0.01448	0.16511	0.01623	0.01052	0.01132	0.00845	0.00407	0.00375	0.00088	0.00354	0.00329	0.00319	0.69415
1	0.00937	0.00708	0.00825	0.00691	0.00932	0.03075	0.00534	0.01218	0.06346	0.07446	0.38644	0.04870	0.02631	0.00716	0.00475	0.00124	0.00308	0.00616	0.00432	0.28471
2	0.69763	0.00822	0.00658	0.00599	0.00833	0.00939	0.00466	0.01248	0.00779	0.01878	0.00820	0.01224	0.00748	0.16826	0.00708	0.00207	0.00383	0.00340	0.00291	0.00466
3	0.03897	0.00490	0.00494	0.00478	0.00606	0.00495	0.00363	0.03765	0.01048	0.01802	0.06187	0.01905	0.04236	0.00594	0.00355	0.00116	0.00236	0.00477	0.72002	0.00453
4	0.01018	0.00977	0.03653	0.12525	0.39809	0.00940	0.03625	0.01313	0.02755	0.01499	0.05110	0.03700	0.01180	0.00565	0.00481	0.00144	0.00512	0.08272	0.00281	0.11641
5	0.01246	0.01115	0.01735	0.15258	0.52508	0.01176	0.01316	0.16706	0.01278	0.01769	0.00927	0.01175	0.00739	0.00457	0.00468	0.00143	0.00563	0.00421	0.00277	0.00722
6	0.00617	0.00482	0.00594	0.00606	0.00715	0.00470	0.00454	0.00748	0.00940	0.01212	0.05895	0.10392	0.36767	0.07519	0.27195	0.00380	0.00598	0.03646	0.00370	0.00400

[dist]
# distance from previous block
# <min> <max>
0	17

[block]
# block no. 9 follows, 54 sequences, length 7
# corresponding to MSA columns:
# 324-330
name=unknown_J
#
# <colnr> <probs for GDERKNQSTAVLIFYWHMCP>
#	G	D	E	R	K	N	Q	S	T	A	V	L	I	F	Y	W	H	M	C	P
0	0.31022	0.00837	0.00878	0.00752	0.01024	0.00883	0.00612	0.11100	0.05232	0.20965	0.08369	0.04507	0.01368	0.00642	0.00426	0.00150	0.00374	0.05312	0.04935	0.00610
1	0.01101	0.00817	0.00945	0.00900	0.01113	0.00894	0.00727	0.01910	0.43666	0.08749	0.02084	0.02965	0.01843	0.04342	0.00616	0.00190	0.00399	0.25641	0.00466	0.00630
2	0.01689	0.01269	0.01357	0.01064	0.01423	0.01414	0.00871	0.66143	0.15158	0.02805	0.01264	0.01237	0.00908	0.00578	0.00473	0.00145	0.00494	0.00443	0.00473	0.00793
3	0.00687	0.00456	0.00528	0.00535	0.00547	0.00460	0.00316	0.00714	0.00719	0.00985	0.01545	0.08000	0.01745	0.69191	0.07108	0.00442	0.00484	0.00704	0.04527	0.00308
4	0.03585	0.01286	0.01530	0.01248	0.04225	0.06803	0.09058	0.43328	0.05066	0.05118	0.01050	0.01149	0.00784	0.00578	0.00635	0.00153	0.12877	0.00431	0.00384	0.00713
5	0.06111	0.00835	0.01026	0.00813	0.01127	0.00798	0.00663	0.15725	0.01452	0.46980	0.11488	0.01848	0.04955	0.00646	0.00473	0.00145	0.00385	0.00523	0.03294	0.00714
6	0.08476	0.08257	0.18065	0.01538	0.22640	0.07467	0.02781	0.08524	0.04822	0.01662	0.00894	0.01043	0.00704	0.00446	0.00420	0.00131	0.00557	0.00360	0.00268	0.10946

[dist]
# distance from previous block
# <min> <max>
3	4

[block]
# block no. 10 follows, 54 sequences, length 7
# corresponding to MSA columns:
# 335-341
name=unknown_K
#
# <colnr> <probs for GDERKNQSTAVLIFYWHMCP>
#	G	D	E	R	K	N	Q	S	T	A	V	L	I	F	Y	W	H	M	C	P
0	0.01417	0.23801	0.01615	0.03085	0.11437	0.25076	0.00888	0.05065	0.01159	0.06893	0.00911	0.01049	0.00739	0.00491	0.00457	0.00125	0.05208	0.00346	0.09633	0.00604
1	0.00978	0.00705	0.00843	0.00674	0.00962	0.00589	0.00531	0.04095	0.01146	0.07765	0.20610	0.04272	0.05438	0.00631	0.00436	0.00111	0.00315	0.02353	0.05955	0.41590
2	0.01080	0.00959	0.01397	0.57600	0.07623	0.04219	0.01196	0.06830	0.08509	0.04553	0.01000	0.01288	0.00745	0.00496	0.00470	0.00153	0.00592	0.00428	0.00271	0.00590
3	0.01265	0.24353	0.25450	0.01286	0.11362	0.01357	0.01167	0.13302	0.09422	0.05250	0.01000	0.01079	0.00763	0.00476	0.00418	0.00135	0.00552	0.00367	0.00292	0.00704
4	0.00596	0.00441	0.00558	0.00621	0.00691	0.00404	0.00438	0.00716	0.01020	0.01349	0.16963	0.50777	0.17818	0.01324	0.00587	0.00179	0.00265	0.04402	0.00452	0.00399
5	0.00762	0.00530	0.00690	0.00638	0.00785	0.00480	0.00494	0.00982	0.01283	0.05138	0.63107	0.03403	0.03840	0.00930	0.00545	0.00148	0.00260	0.08017	0.00494	0.07473
6	0.00977	0.00840	0.01022	0.00905	0.07571	0.00710	0.00642	0.01315	0.10457	0.01556	0.01147	0.09253	0.01032	0.00502	0.00400	0.00099	0.00362	0.00427	0.00315	0.60469

[dist]
# distance from previous block
# <min> <max>
1	14

[block]
# block no. 11 follows, 54 sequences, length 15
# corresponding to MSA columns:
# 356-370
name=unknown_L
#
# <colnr> <probs for GDERKNQSTAVLIFYWHMCP>
#	G	D	E	R	K	N	Q	S	T	A	V	L	I	F	Y	W	H	M	C	P
0	0.09512	0.16534	0.42951	0.06227	0.05947	0.01208	0.03754	0.01495	0.00995	0.06045	0.00857	0.00999	0.00637	0.00445	0.00414	0.00140	0.00604	0.00344	0.00235	0.00658
1	0.01047	0.00852	0.00996	0.00716	0.01132	0.00658	0.00575	0.03758	0.01032	0.04562	0.00886	0.01006	0.00719	0.00365	0.00358	0.00075	0.00357	0.00291	0.00297	0.80317
2	0.00796	0.00527	0.00608	0.00568	0.00736	0.00464	0.00433	0.00978	0.02889	0.11045	0.24619	0.06436	0.44251	0.01042	0.00542	0.00155	0.00258	0.00884	0.02305	0.00467
3	0.01164	0.00629	0.00813	0.00705	0.00907	0.00587	0.00550	0.01471	0.08447	0.26576	0.46521	0.04887	0.03113	0.00829	0.00525	0.00150	0.00293	0.00718	0.00533	0.00583
4	0.00627	0.00462	0.00544	0.00558	0.00637	0.00427	0.00384	0.00733	0.00996	0.01307	0.20789	0.18352	0.24662	0.23989	0.01079	0.00247	0.00307	0.03110	0.00414	0.00376
5	0.00675	0.00499	0.00632	0.00596	0.00716	0.00465	0.00448	0.00925	0.03861	0.01844	0.71682	0.03546	0.10392	0.00972	0.00554	0.00150	0.00229	0.00854	0.00511	0.00451
6	0.00622	0.00480	0.00568	0.00546	0.00677	0.00426	0.00409	0.00803	0.01228	0.01638	0.49342	0.03938	0.35504	0.01058	0.00557	0.00153	0.00229	0.00911	0.00486	0.00426
7	0.86760	0.00912	0.00693	0.00620	0.00912	0.01058	0.00511	0.01386	0.00802	0.02115	0.00657	0.00766	0.00511	0.00438	0.00292	0.00146	0.00365	0.00255	0.00292	0.00511
8	0.07320	0.00809	0.01070	0.00825	0.01186	0.00715	0.00682	0.02242	0.01316	0.75976	0.01786	0.01553	0.01127	0.00575	0.00463	0.00146	0.00399	0.00461	0.00566	0.00784
9	0.00711	0.00501	0.00642	0.00701	0.00770	0.00494	0.00543	0.00838	0.00939	0.01227	0.04353	0.07500	0.06886	0.31221	0.01278	0.00298	0.00419	0.39920	0.00383	0.00376
10	0.02084	0.00853	0.01125	0.00863	0.01229	0.00768	0.00713	0.09758	0.01434	0.73236	0.01789	0.01559	0.01132	0.00582	0.00474	0.00145	0.00413	0.00469	0.00573	0.00802
11	0.01009	0.01001	0.01439	0.13952	0.01553	0.01382	0.01075	0.01146	0.00757	0.01146	0.00653	0.01067	0.00620	0.00770	0.01379	0.00199	0.69714	0.00414	0.00207	0.00517
12	0.86760	0.00912	0.00693	0.00620	0.00912	0.01058	0.00511	0.01386	0.00802	0.02115	0.00657	0.00766	0.00511	0.00438	0.00292	0.00146	0.00365	0.00255	0.00292	0.00511
13	0.01464	0.01158	0.01640	0.01618	0.21260	0.03869	0.12017	0.26899	0.01491	0.11964	0.04844	0.01411	0.01020	0.00554	0.00545	0.00149	0.04833	0.02174	0.00373	0.00716
14	0.02731	0.00485	0.00600	0.00591	0.00705	0.00445	0.00436	0.00853	0.01194	0.03515	0.48346	0.18703	0.17490	0.01081	0.00557	0.00158	0.00243	0.00947	0.00485	0.00435

[dist]
# distance from previous block
# <min> <max>
0	8

[block]
# block no. 12 follows, 54 sequences, length 36
# corresponding to MSA columns:
# 379-391,414-429,452-458
name=unknown_M
#
# <colnr> <probs for GDERKNQSTAVLIFYWHMCP>
#	G	D	E	R	K	N	Q	S	T	A	V	L	I	F	Y	W	H	M	C	P
0	0.01435	0.16052	0.10851	0.01361	0.14013	0.28985	0.01038	0.10663	0.01287	0.03951	0.03857	0.01130	0.02393	0.00501	0.00427	0.00129	0.00638	0.00372	0.00281	0.00637
1	0.00877	0.00655	0.02495	0.00683	0.00886	0.00574	0.00538	0.03506	0.05843	0.07153	0.44988	0.09727	0.04439	0.00843	0.00511	0.00140	0.00288	0.00735	0.00465	0.14653
2	0.01256	0.67751	0.11760	0.00888	0.01318	0.04337	0.00918	0.01480	0.02684	0.02902	0.00734	0.00828	0.00634	0.00420	0.00331	0.00110	0.00534	0.00276	0.00217	0.00621
3	0.00674	0.00502	0.00743	0.00743	0.00822	0.00581	0.00571	0.00833	0.00753	0.01084	0.01276	0.01927	0.01211	0.08349	0.76792	0.00740	0.01214	0.00516	0.00255	0.00413
4	0.03980	0.00899	0.00975	0.00861	0.01116	0.00987	0.00676	0.07446	0.47765	0.08961	0.10539	0.02171	0.08928	0.00719	0.00491	0.00157	0.00358	0.01811	0.00482	0.00678
5	0.00946	0.02439	0.80987	0.01344	0.02041	0.01095	0.01742	0.01493	0.00995	0.01493	0.00846	0.00995	0.00597	0.00448	0.00448	0.00149	0.00697	0.00348	0.00199	0.00697
6	0.11049	0.26622	0.20353	0.05851	0.21769	0.01339	0.02347	0.03081	0.01007	0.01476	0.00784	0.00961	0.00636	0.00429	0.00394	0.00132	0.00559	0.00335	0.00226	0.00652
7	0.01163	0.04602	0.11021	0.00964	0.01256	0.04963	0.00852	0.12382	0.30259	0.03322	0.04369	0.07092	0.01489	0.00751	0.00532	0.02819	0.00455	0.08669	0.02399	0.00643
8	0.00638	0.00487	0.00577	0.00563	0.00677	0.00450	0.00411	0.00814	0.02614	0.01501	0.36813	0.06301	0.29956	0.10568	0.05357	0.00223	0.00318	0.00873	0.00446	0.00413
9	0.01833	0.01256	0.01375	0.01054	0.01430	0.01367	0.00871	0.69395	0.02109	0.12645	0.01223	0.01191	0.00847	0.00568	0.00472	0.00142	0.00504	0.00431	0.00486	0.00802
10	0.00566	0.00474	0.00485	0.00488	0.00634	0.00401	0.00360	0.00680	0.01055	0.01266	0.05986	0.07462	0.72259	0.04998	0.00644	0.00174	0.00250	0.00991	0.00432	0.00393
11	0.01792	0.01321	0.01415	0.01085	0.01462	0.01462	0.00896	0.78916	0.02217	0.02972	0.01132	0.01132	0.00802	0.00566	0.00472	0.00142	0.00519	0.00425	0.00472	0.00802
12	0.05755	0.02028	0.07705	0.01248	0.01562	0.56998	0.07455	0.09116	0.01349	0.01430	0.00792	0.00920	0.00629	0.00481	0.00436	0.00130	0.00779	0.00337	0.00263	0.00588
13	0.00674	0.00505	0.00758	0.00758	0.00842	0.00589	0.00589	0.00842	0.00758	0.01095	0.01263	0.01852	0.01179	0.03536	0.81561	0.00758	0.01263	0.00505	0.00253	0.00421
14	0.00978	0.00838	0.00978	0.00698	0.01117	0.00629	0.00559	0.01187	0.00978	0.01536	0.00838	0.00978	0.00698	0.00349	0.00349	0.00070	0.00349	0.00279	0.00279	0.86312
15	0.00574	0.00410	0.00547	0.00657	0.00684	0.00383	0.00438	0.00657	0.00903	0.01204	0.02599	0.83122	0.03119	0.01477	0.00602	0.00191	0.00274	0.01340	0.00438	0.00383
16	0.01792	0.01321	0.01415	0.01085	0.01462	0.01462	0.00896	0.78916	0.02217	0.02972	0.01132	0.01132	0.00802	0.00566	0.00472	0.00142	0.00519	0.00425	0.00472	0.00802
17	0.16461	0.00821	0.01026	0.00802	0.01154	0.00755	0.00662	0.02143	0.01257	0.67477	0.01656	0.01463	0.01056	0.00559	0.00443	0.00146	0.00395	0.00437	0.00534	0.00753
18	0.02115	0.00802	0.01094	0.00839	0.01204	0.00693	0.00693	0.02298	0.01350	0.80815	0.01860	0.01605	0.01167	0.00584	0.00474	0.00146	0.00401	0.00474	0.00584	0.00802
19	0.00575	0.00418	0.00544	0.00641	0.00681	0.00386	0.00431	0.00664	0.00927	0.01227	0.04730	0.74795	0.09360	0.01441	0.00597	0.00188	0.00269	0.01300	0.00440	0.00386
20	0.01330	0.00961	0.01060	0.00928	0.01209	0.01067	0.00729	0.02427	0.63487	0.16223	0.03905	0.01776	0.01467	0.00638	0.00481	0.00157	0.00374	0.00531	0.00500	0.00749
21	0.00871	0.00441	0.00447	0.00445	0.00555	0.00440	0.00334	0.01091	0.01002	0.01763	0.04448	0.01823	0.01328	0.00565	0.00338	0.00111	0.00220	0.00455	0.82885	0.00440
22	0.01786	0.00941	0.01128	0.00903	0.01238	0.00948	0.00733	0.16827	0.20623	0.44392	0.01727	0.01558	0.01166	0.00593	0.00471	0.00147	0.00411	0.00478	0.03152	0.00778
23	0.01167	0.01120	0.01914	0.02894	0.80488	0.01120	0.01447	0.01447	0.01074	0.01540	0.00887	0.01167	0.00747	0.00420	0.00467	0.00140	0.00560	0.00420	0.00233	0.00747
24	0.00594	0.00444	0.00552	0.00621	0.00693	0.00405	0.00440	0.00704	0.00987	0.01282	0.08875	0.50049	0.22301	0.03011	0.00628	0.00188	0.00277	0.07114	0.00440	0.00393
25	0.00914	0.00509	0.00515	0.00502	0.00631	0.00528	0.00380	0.01268	0.10469	0.01784	0.01584	0.01758	0.01236	0.00560	0.00348	0.00116	0.00238	0.00451	0.75733	0.00476
26	0.04898	0.01260	0.01301	0.01041	0.01384	0.03879	0.00846	0.55200	0.20716	0.02642	0.01290	0.01260	0.00938	0.00576	0.00465	0.00145	0.00488	0.00440	0.00460	0.00769
27	0.09303	0.00812	0.01060	0.00820	0.01179	0.00724	0.00678	0.02220	0.01303	0.74132	0.01758	0.01534	0.01111	0.00571	0.00459	0.00146	0.00398	0.00456	0.00559	0.00778
28	0.00686	0.00457	0.00514	0.00514	0.00514	0.00457	0.00286	0.00686	0.00686	0.00914	0.01486	0.03086	0.01714	0.83430	0.02400	0.00457	0.00457	0.00686	0.00286	0.00286
29	0.00946	0.02439	0.80987	0.01344	0.02041	0.01095	0.01742	0.01493	0.00995	0.01493	0.00846	0.00995	0.00597	0.00448	0.00448	0.00149	0.00697	0.00348	0.00199	0.00697
30	0.00960	0.06516	0.73940	0.04418	0.02045	0.01132	0.01678	0.01478	0.00992	0.01463	0.00836	0.00993	0.00599	0.00447	0.00441	0.00147	0.00684	0.00346	0.00200	0.00686
31	0.04467	0.00756	0.05042	0.04083	0.09828	0.00670	0.01941	0.02374	0.02809	0.10287	0.45932	0.02666	0.04563	0.00784	0.00516	0.00149	0.00345	0.01792	0.00448	0.00549
32	0.00821	0.00411	0.00607	0.00607	0.00612	0.00411	0.00406	0.00634	0.00630	0.00858	0.00849	0.01447	0.00835	0.01593	0.01781	0.82746	0.00402	0.00411	0.03727	0.00214
33	0.64425	0.02879	0.04144	0.00804	0.02786	0.12214	0.00658	0.04642	0.00951	0.01959	0.00699	0.00810	0.00547	0.00449	0.00328	0.00141	0.00459	0.00276	0.00286	0.00542
34	0.00634	0.00480	0.00578	0.00554	0.00676	0.00431	0.00412	0.00816	0.01228	0.01660	0.53717	0.03818	0.27747	0.04419	0.00632	0.00164	0.00237	0.00890	0.00484	0.00424
35	0.00733	0.00564	0.00771	0.00756	0.02024	0.00557	0.03697	0.00928	0.03653	0.03931	0.26926	0.29895	0.14524	0.01114	0.00632	0.00170	0.05665	0.02562	0.00443	0.00455

[dist]
# distance from previous block
# <min> <max>
0	116

# created by:
# /home/cegg/simao/soft/augustus-3.2.1/scripts/msa2prfl.pl ./align_prep/EOG091G0PXB.fa
