[name]
unknown

[dist]
# distance from previous block
# <min> <max>
0	27

[block]
# block no. 0 follows, 50 sequences, length 70
# corresponding to MSA columns:
# 31-100
name=unknown_A
#
# <colnr> <probs for GDERKNQSTAVLIFYWHMCP>
#	G	D	E	R	K	N	Q	S	T	A	V	L	I	F	Y	W	H	M	C	P
0	0.01257	0.01175	0.01024	0.01014	0.01199	0.25184	0.00813	0.01531	0.07262	0.07600	0.01945	0.10037	0.01952	0.01064	0.02305	0.00198	0.00591	0.32892	0.00409	0.00547
1	0.01403	0.01163	0.01359	0.03161	0.12446	0.02698	0.00960	0.25290	0.32114	0.02241	0.01572	0.01802	0.01251	0.00663	0.00529	0.00163	0.01671	0.06386	0.00444	0.02684
2	0.14236	0.01237	0.01343	0.01107	0.01355	0.12438	0.05438	0.14790	0.01319	0.13212	0.07696	0.01368	0.01106	0.00661	0.00754	0.00166	0.20299	0.00455	0.00374	0.00647
3	0.03868	0.00740	0.01073	0.31369	0.01869	0.00839	0.00894	0.01072	0.00974	0.02510	0.01710	0.26999	0.05724	0.00915	0.00645	0.00175	0.08501	0.02019	0.00329	0.07772
4	0.29583	0.00774	0.00794	0.00727	0.00883	0.00881	0.00547	0.05184	0.03960	0.01658	0.04825	0.03829	0.04089	0.24528	0.08621	0.00317	0.07445	0.00543	0.00333	0.00478
5	0.01032	0.00881	0.01117	0.01250	0.13893	0.02683	0.02506	0.06796	0.21977	0.01732	0.04098	0.21453	0.08410	0.00967	0.00564	0.00177	0.00425	0.08982	0.00434	0.00620
6	0.01191	0.01087	0.01303	0.01303	0.17334	0.07643	0.01978	0.02694	0.04180	0.03564	0.01004	0.02813	0.00839	0.00445	0.00421	0.00105	0.00471	0.00374	0.00305	0.50946
7	0.08365	0.01264	0.01368	0.01086	0.03071	0.01361	0.00871	0.57798	0.02003	0.07044	0.01176	0.01226	0.00855	0.02378	0.00518	0.00151	0.00513	0.00431	0.00463	0.08056
8	0.33468	0.02171	0.01073	0.26149	0.01781	0.03841	0.00831	0.03126	0.02730	0.04293	0.00936	0.01260	0.00761	0.06883	0.00568	0.00175	0.00504	0.00384	0.01242	0.07823
9	0.00821	0.00650	0.00640	0.00629	0.00659	0.07341	0.00387	0.00848	0.00790	0.01005	0.01482	0.02946	0.01663	0.68610	0.09149	0.00481	0.00593	0.00674	0.00295	0.00338
10	0.00811	0.00702	0.00749	0.00739	0.00886	0.07317	0.00529	0.00948	0.01071	0.01429	0.11587	0.47092	0.05042	0.01159	0.00560	0.00164	0.00350	0.01025	0.00422	0.17419
11	0.03340	0.01019	0.01621	0.32721	0.21358	0.01113	0.07018	0.01705	0.12484	0.10864	0.01200	0.01416	0.00893	0.00518	0.00501	0.00161	0.00585	0.00475	0.00321	0.00690
12	0.01784	0.01247	0.07399	0.01039	0.01414	0.05696	0.00898	0.29512	0.05370	0.29202	0.03093	0.01491	0.01100	0.00871	0.07343	0.00207	0.00594	0.00476	0.00485	0.00778
13	0.07552	0.00894	0.07596	0.00751	0.01054	0.02376	0.00647	0.01190	0.01207	0.03466	0.35856	0.02294	0.03860	0.00699	0.00479	0.00129	0.00353	0.00588	0.00411	0.28597
14	0.02131	0.00464	0.00590	0.00679	0.00720	0.00443	0.00453	0.01783	0.00961	0.01299	0.04018	0.68605	0.04730	0.09619	0.00817	0.00227	0.00312	0.01297	0.00446	0.00405
15	0.07908	0.01278	0.01866	0.07720	0.03497	0.11147	0.25565	0.01486	0.01034	0.03580	0.00878	0.01196	0.00720	0.00649	0.02255	0.00187	0.25881	0.00462	0.02090	0.00600
16	0.01726	0.02132	0.01312	0.01202	0.01430	0.70397	0.00896	0.01824	0.01333	0.01193	0.00909	0.02523	0.02447	0.00654	0.00584	0.07436	0.00834	0.00367	0.00262	0.00540
17	0.78750	0.00983	0.00843	0.00861	0.07673	0.01124	0.00625	0.01471	0.00873	0.02184	0.00715	0.00846	0.00561	0.00461	0.00324	0.00154	0.00403	0.00285	0.00303	0.00561
18	0.00680	0.00510	0.00621	0.00635	0.00742	0.00473	0.00466	0.00868	0.03044	0.01573	0.31743	0.19196	0.22213	0.08174	0.00770	0.00202	0.00292	0.06877	0.00482	0.00438
19	0.79338	0.00923	0.00721	0.00658	0.00945	0.01063	0.00534	0.01405	0.00857	0.02161	0.00854	0.07159	0.00755	0.00548	0.00334	0.00158	0.00378	0.00359	0.00321	0.00529
20	0.00960	0.00922	0.01608	0.75104	0.03368	0.01119	0.07330	0.01299	0.01011	0.01299	0.00895	0.01330	0.00672	0.00492	0.00505	0.00166	0.00678	0.00454	0.00224	0.00563
21	0.00750	0.00587	0.00860	0.00838	0.00914	0.00706	0.00653	0.00912	0.00794	0.01152	0.01279	0.01938	0.01216	0.07403	0.68780	0.00727	0.09245	0.00534	0.00264	0.00448
22	0.00685	0.00507	0.00640	0.00617	0.00739	0.00462	0.00463	0.00897	0.01343	0.01854	0.62493	0.07188	0.16383	0.01088	0.00592	0.00162	0.00245	0.02651	0.00530	0.00460
23	0.05363	0.00630	0.00806	0.04917	0.00987	0.00622	0.07257	0.01230	0.01043	0.01802	0.01414	0.01653	0.01110	0.00536	0.00377	0.00121	0.00330	0.00448	0.60810	0.08544
24	0.01233	0.01349	0.02828	0.02026	0.02522	0.01283	0.71583	0.07537	0.01268	0.01717	0.01023	0.01333	0.00763	0.00434	0.00581	0.00167	0.00818	0.00577	0.00271	0.00686
25	0.00614	0.00439	0.00586	0.00702	0.00734	0.00411	0.00475	0.00706	0.00961	0.01280	0.02743	0.79448	0.03282	0.01555	0.00638	0.00203	0.00295	0.04058	0.00463	0.00407
26	0.01277	0.01255	0.02511	0.02310	0.26824	0.01195	0.47476	0.01640	0.01183	0.07704	0.01061	0.01337	0.00804	0.00443	0.00551	0.00161	0.00729	0.00536	0.00279	0.00723
27	0.00941	0.00886	0.01495	0.81285	0.03433	0.01107	0.01384	0.01274	0.00997	0.01274	0.00886	0.01329	0.00664	0.00498	0.00498	0.00166	0.00664	0.00443	0.00221	0.00554
28	0.00629	0.00479	0.00578	0.00611	0.00712	0.00429	0.00436	0.00771	0.01146	0.01504	0.25185	0.33632	0.29472	0.01306	0.00607	0.00178	0.00261	0.01147	0.00487	0.00429
29	0.01358	0.01128	0.01282	0.01080	0.01391	0.01266	0.04865	0.20120	0.51870	0.02302	0.06418	0.01789	0.01514	0.00665	0.00514	0.00164	0.00445	0.00558	0.00494	0.00777
30	0.00645	0.00463	0.00558	0.00614	0.00658	0.00434	0.00398	0.00714	0.00922	0.01206	0.04861	0.42551	0.14809	0.27387	0.01236	0.00286	0.00344	0.01124	0.00414	0.00376
31	0.01210	0.01141	0.01579	0.04101	0.44896	0.07838	0.01173	0.07997	0.03424	0.01719	0.08300	0.08642	0.04510	0.00653	0.00515	0.00154	0.00539	0.00587	0.00330	0.00694
32	0.00714	0.00487	0.00583	0.00588	0.00608	0.00493	0.00360	0.00756	0.00796	0.01079	0.06946	0.08380	0.02046	0.62806	0.10910	0.00477	0.00548	0.00762	0.00326	0.00336
33	0.01273	0.00796	0.00831	0.00707	0.00924	0.00849	0.00561	0.28383	0.01507	0.02315	0.01473	0.01623	0.01125	0.00587	0.00402	0.00128	0.00345	0.00459	0.55112	0.00601
34	0.01189	0.01129	0.01842	0.09556	0.56192	0.01156	0.03494	0.01576	0.07725	0.01624	0.01017	0.01281	0.00833	0.00474	0.00519	0.00149	0.02703	0.00447	0.00270	0.06827
35	0.01524	0.09956	0.03349	0.03346	0.06031	0.13480	0.03669	0.26294	0.07753	0.05331	0.02149	0.01285	0.00923	0.00842	0.07383	0.00204	0.04971	0.00437	0.00366	0.00704
36	0.08692	0.01219	0.01308	0.05748	0.01435	0.11784	0.00909	0.16668	0.03050	0.14217	0.01124	0.03511	0.00903	0.02459	0.02288	0.00189	0.23021	0.00458	0.00366	0.00652
37	0.54463	0.01064	0.01038	0.00848	0.01190	0.05652	0.07106	0.03633	0.01014	0.05447	0.02721	0.01010	0.00731	0.00473	0.00369	0.00143	0.00454	0.00334	0.00324	0.11986
38	0.11899	0.12828	0.01555	0.01084	0.03178	0.05306	0.02725	0.42192	0.01757	0.07823	0.01107	0.02528	0.00835	0.00559	0.00450	0.00143	0.00535	0.00416	0.00415	0.02668
39	0.01913	0.01367	0.01478	0.01133	0.01531	0.01503	0.00936	0.73732	0.02295	0.07189	0.01237	0.01223	0.00868	0.00599	0.00499	0.00150	0.00542	0.00452	0.00505	0.00848
40	0.00961	0.00918	0.01475	0.61650	0.08080	0.03560	0.03973	0.01259	0.01021	0.01307	0.01100	0.10432	0.00972	0.00612	0.00515	0.00168	0.00631	0.00554	0.00253	0.00558
41	0.77144	0.00923	0.00729	0.00653	0.00939	0.01058	0.00526	0.01433	0.00854	0.04175	0.00796	0.01024	0.00657	0.06868	0.00487	0.00180	0.00394	0.00311	0.00316	0.00529
42	0.01163	0.00630	0.00838	0.00793	0.00981	0.00587	0.00636	0.01402	0.04005	0.23602	0.22398	0.14440	0.05221	0.01067	0.00593	0.00182	0.00359	0.19998	0.00529	0.00574
43	0.00941	0.00886	0.01495	0.81285	0.03433	0.01107	0.01384	0.01274	0.00997	0.01274	0.00886	0.01329	0.00664	0.00498	0.00498	0.00166	0.00664	0.00443	0.00221	0.00554
44	0.02710	0.30736	0.35349	0.01177	0.01701	0.04554	0.05311	0.03189	0.01062	0.01432	0.00865	0.01048	0.00697	0.00738	0.07270	0.00194	0.00717	0.00356	0.00228	0.00666
45	0.00722	0.00495	0.00601	0.00601	0.00621	0.00514	0.00374	0.00762	0.00742	0.01009	0.01518	0.02971	0.01686	0.64898	0.19949	0.00554	0.00673	0.00682	0.00294	0.00334
46	0.00614	0.00499	0.00545	0.00548	0.00692	0.00429	0.00405	0.00759	0.01174	0.01471	0.19762	0.12079	0.56799	0.01242	0.00593	0.00169	0.00253	0.01057	0.00480	0.00429
47	0.01028	0.09441	0.73287	0.01372	0.02082	0.01227	0.01757	0.01571	0.01049	0.01544	0.00877	0.01031	0.00632	0.00470	0.00460	0.00153	0.00719	0.00360	0.00211	0.00728
48	0.01316	0.02744	0.18322	0.06482	0.07012	0.16590	0.07631	0.12569	0.03601	0.01644	0.01027	0.01394	0.00859	0.07567	0.00763	0.00186	0.07542	0.01811	0.00290	0.00650
49	0.11074	0.23822	0.26134	0.01232	0.06488	0.04503	0.01200	0.01545	0.01015	0.05609	0.00836	0.01001	0.00669	0.00525	0.00583	0.00150	0.12356	0.00349	0.00249	0.00663
50	0.00882	0.00524	0.00681	0.00688	0.00808	0.00473	0.00498	0.01025	0.01156	0.13636	0.21166	0.42676	0.11350	0.01253	0.00599	0.00180	0.00293	0.01113	0.00507	0.00491
51	0.00802	0.00762	0.07526	0.00800	0.00982	0.02368	0.02778	0.01040	0.02459	0.04066	0.29578	0.21323	0.12379	0.01121	0.00594	0.00177	0.00359	0.09925	0.00466	0.00496
52	0.01332	0.65544	0.06728	0.01119	0.08048	0.06139	0.02361	0.01530	0.01050	0.01244	0.00735	0.00866	0.00654	0.00435	0.00355	0.00115	0.00575	0.00296	0.00219	0.00655
53	0.00714	0.00486	0.00581	0.00590	0.00604	0.00496	0.00358	0.00745	0.00753	0.01016	0.01631	0.09245	0.01852	0.65614	0.12838	0.00504	0.00582	0.00753	0.00310	0.00329
54	0.01984	0.00832	0.01100	0.00866	0.01213	0.00750	0.00707	0.04155	0.05911	0.63695	0.10287	0.01915	0.01617	0.00663	0.00509	0.00155	0.00402	0.00546	0.01895	0.00798
55	0.01142	0.01107	0.03091	0.37937	0.35397	0.03953	0.02447	0.01475	0.02839	0.03351	0.00954	0.01286	0.00750	0.00486	0.00511	0.00157	0.01749	0.00444	0.00250	0.00672
56	0.01370	0.09298	0.10853	0.10340	0.12049	0.09299	0.17473	0.08957	0.02546	0.08116	0.01031	0.01227	0.00782	0.00558	0.02017	0.00164	0.02479	0.00445	0.00298	0.00695
57	0.01642	0.01984	0.01339	0.01211	0.01413	0.60262	0.00925	0.01777	0.01270	0.01265	0.00835	0.01031	0.00710	0.00661	0.02817	0.00159	0.12896	0.00355	0.06885	0.00560
58	0.01034	0.00886	0.01034	0.00738	0.01181	0.00664	0.00591	0.01255	0.01034	0.01624	0.00886	0.01034	0.00738	0.00369	0.00369	0.00074	0.00369	0.00295	0.00295	0.85530
59	0.58558	0.05367	0.01129	0.00866	0.01205	0.01218	0.07207	0.08581	0.07090	0.03473	0.00892	0.00987	0.00680	0.00489	0.00369	0.00154	0.00449	0.00340	0.00337	0.00609
60	0.00901	0.00634	0.00760	0.00696	0.00871	0.00618	0.00532	0.01321	0.14875	0.07979	0.48156	0.03404	0.15361	0.00965	0.00567	0.00161	0.00280	0.00834	0.00534	0.00548
61	0.00944	0.00616	0.00781	0.00695	0.00860	0.00586	0.00535	0.07642	0.01492	0.09021	0.65571	0.03327	0.04064	0.00947	0.00573	0.00156	0.00279	0.00827	0.00550	0.00536
62	0.00679	0.00501	0.00632	0.00614	0.00728	0.00457	0.00453	0.00879	0.01313	0.01812	0.59317	0.11287	0.15526	0.02807	0.00633	0.00170	0.00248	0.00969	0.00523	0.00453
63	0.00712	0.00534	0.00801	0.00801	0.00890	0.00623	0.00623	0.00890	0.00801	0.01157	0.01335	0.01958	0.01246	0.03738	0.80507	0.00801	0.01335	0.00534	0.00267	0.00445
64	0.00676	0.00487	0.00617	0.00628	0.00717	0.00451	0.00449	0.00842	0.01198	0.01651	0.43337	0.24307	0.10808	0.08153	0.00765	0.00198	0.00276	0.02190	0.01816	0.00434
65	0.01377	0.04288	0.01981	0.02212	0.38968	0.10013	0.13357	0.11125	0.07140	0.01777	0.01031	0.01239	0.00823	0.00491	0.00518	0.00151	0.02009	0.00456	0.00298	0.00745
66	0.01116	0.00948	0.01222	0.00878	0.01323	0.00759	0.07197	0.04928	0.01118	0.03632	0.00938	0.01084	0.00757	0.00390	0.00397	0.00087	0.00419	0.00333	0.00309	0.72164
67	0.01004	0.02394	0.01700	0.56981	0.12128	0.01147	0.09013	0.01322	0.01020	0.01343	0.00940	0.03425	0.00757	0.00527	0.00558	0.00166	0.04270	0.00480	0.00234	0.00591
68	0.01192	0.02701	0.01481	0.43053	0.07762	0.12911	0.02298	0.07579	0.01178	0.01479	0.00913	0.01251	0.00723	0.02546	0.00524	0.00154	0.00645	0.00413	0.00262	0.10936
69	0.12856	0.03185	0.03095	0.01015	0.01131	0.05400	0.00848	0.02374	0.00909	0.01520	0.00931	0.03024	0.00829	0.00726	0.01019	0.00177	0.41987	0.00429	0.18008	0.00538

[dist]
# distance from previous block
# <min> <max>
0	2

[block]
# block no. 1 follows, 50 sequences, length 40
# corresponding to MSA columns:
# 103-111,133-140,144-166
name=unknown_B
#
# <colnr> <probs for GDERKNQSTAVLIFYWHMCP>
#	G	D	E	R	K	N	Q	S	T	A	V	L	I	F	Y	W	H	M	C	P
0	0.05379	0.00939	0.01439	0.53208	0.08380	0.02236	0.02438	0.02340	0.02132	0.04067	0.01073	0.01411	0.03236	0.00547	0.00559	0.00164	0.05759	0.00456	0.02257	0.01980
1	0.08192	0.08107	0.01252	0.00920	0.01229	0.03620	0.00755	0.21663	0.11480	0.08444	0.09800	0.01783	0.05935	0.00670	0.00529	0.00148	0.04446	0.01768	0.00431	0.08826
2	0.01211	0.00918	0.01078	0.00781	0.01215	0.00732	0.00629	0.06663	0.01163	0.09383	0.01013	0.01110	0.00794	0.00409	0.00391	0.00087	0.00387	0.00326	0.00341	0.71369
3	0.00902	0.00723	0.01036	0.14373	0.14100	0.00752	0.00806	0.03647	0.03862	0.01742	0.28890	0.05747	0.07464	0.00892	0.03193	0.00177	0.00420	0.00693	0.10026	0.00552
4	0.00642	0.00486	0.00596	0.00644	0.00744	0.00441	0.00473	0.00785	0.01124	0.01464	0.18643	0.33736	0.27848	0.01338	0.00617	0.00185	0.00285	0.09041	0.00479	0.00429
5	0.01020	0.03510	0.01030	0.02315	0.09401	0.02108	0.00693	0.11977	0.03965	0.03235	0.44386	0.04113	0.04227	0.02229	0.00574	0.00158	0.00359	0.00726	0.03394	0.00578
6	0.10286	0.00848	0.01099	0.00856	0.01224	0.00761	0.00705	0.02285	0.01370	0.69551	0.04497	0.01680	0.01286	0.00616	0.00486	0.00154	0.00414	0.00493	0.00585	0.00805
7	0.01043	0.02568	0.75972	0.01414	0.02126	0.05127	0.01798	0.01599	0.01070	0.01561	0.00888	0.01045	0.00632	0.00476	0.00472	0.00156	0.00745	0.00366	0.00213	0.00729
8	0.00712	0.00532	0.00793	0.00793	0.00879	0.00619	0.00613	0.00885	0.00799	0.01151	0.01342	0.01998	0.01264	0.06171	0.78099	0.00791	0.01309	0.00540	0.00268	0.00441
9	0.00632	0.00447	0.00586	0.00693	0.00736	0.00419	0.00477	0.00735	0.00977	0.01312	0.02780	0.71224	0.05943	0.01500	0.00627	0.00200	0.00297	0.06219	0.03785	0.00411
10	0.04431	0.02289	0.01395	0.01266	0.01515	0.75400	0.00954	0.01948	0.01373	0.01251	0.00764	0.00903	0.00639	0.00524	0.00485	0.00132	0.03575	0.00323	0.00257	0.00576
11	0.86003	0.00964	0.00733	0.00655	0.00964	0.01118	0.00540	0.01465	0.00848	0.02236	0.00694	0.00810	0.00540	0.00463	0.00308	0.00154	0.00386	0.00270	0.00308	0.00540
12	0.04035	0.13946	0.21671	0.06481	0.04856	0.08876	0.08835	0.02954	0.05136	0.10315	0.01023	0.01166	0.00771	0.00527	0.00558	0.00153	0.07315	0.00407	0.00291	0.00686
13	0.00997	0.08145	0.01355	0.20644	0.16275	0.00991	0.00964	0.03630	0.08054	0.01701	0.27001	0.02210	0.04621	0.00697	0.00515	0.00154	0.00457	0.00609	0.00375	0.00603
14	0.01080	0.04168	0.17291	0.18354	0.08588	0.03848	0.14556	0.01460	0.04505	0.01454	0.03753	0.01387	0.00909	0.03768	0.00752	0.00180	0.12585	0.00475	0.00255	0.00630
15	0.03491	0.03089	0.23515	0.00948	0.01236	0.00840	0.00934	0.03721	0.06065	0.01360	0.01249	0.01600	0.04815	0.01542	0.16247	0.26219	0.01893	0.00465	0.00268	0.00503
16	0.00731	0.00997	0.19170	0.03433	0.01161	0.00632	0.00819	0.00981	0.01101	0.01449	0.08862	0.17908	0.31036	0.01101	0.00578	0.00177	0.00406	0.08553	0.00402	0.00504
17	0.02442	0.01287	0.03100	0.03962	0.02433	0.12529	0.01937	0.32297	0.01629	0.06881	0.02381	0.05176	0.03266	0.03303	0.01889	0.00165	0.01880	0.00495	0.03492	0.09458
18	0.00853	0.00515	0.00569	0.00557	0.00692	0.00490	0.00417	0.01081	0.03452	0.04760	0.15083	0.07188	0.18989	0.03539	0.00544	0.00156	0.00266	0.02349	0.38028	0.00472
19	0.02678	0.06574	0.01610	0.14858	0.03081	0.07754	0.09460	0.01629	0.09046	0.09267	0.01046	0.01256	0.00821	0.00591	0.00748	0.00161	0.19808	0.00437	0.00305	0.08871
20	0.05317	0.07120	0.03169	0.06575	0.14880	0.36515	0.01040	0.10403	0.01358	0.01601	0.00886	0.01051	0.00715	0.00499	0.00445	0.00134	0.00696	0.00364	0.03502	0.03728
21	0.01046	0.03570	0.01306	0.01503	0.23672	0.05019	0.03106	0.03403	0.01012	0.02467	0.01327	0.03447	0.01331	0.22814	0.10535	0.00325	0.05740	0.07528	0.00297	0.00551
22	0.01569	0.05402	0.01403	0.01130	0.04016	0.08768	0.00882	0.33256	0.26135	0.03442	0.01372	0.01354	0.01026	0.00583	0.00477	0.00146	0.00517	0.00452	0.00441	0.07629
23	0.03982	0.01053	0.03732	0.26654	0.12132	0.01114	0.04498	0.13157	0.01308	0.13908	0.07051	0.01497	0.01103	0.00584	0.00578	0.00162	0.05966	0.00486	0.00357	0.00678
24	0.01056	0.13686	0.49988	0.01340	0.01941	0.01228	0.10957	0.03127	0.01091	0.01536	0.01152	0.03771	0.04668	0.00535	0.00476	0.00152	0.00673	0.00449	0.00244	0.01933
25	0.01168	0.16914	0.50903	0.01363	0.01985	0.03742	0.10041	0.01620	0.01089	0.05406	0.00920	0.01067	0.00677	0.00467	0.00459	0.00149	0.00701	0.00380	0.00237	0.00713
26	0.00615	0.00503	0.00543	0.00538	0.00691	0.00431	0.00402	0.00764	0.01190	0.01486	0.21135	0.07370	0.60160	0.01220	0.00591	0.00167	0.00250	0.01032	0.00482	0.00431
27	0.01218	0.00834	0.01147	0.05387	0.04028	0.02118	0.07951	0.08958	0.04061	0.15557	0.10825	0.05967	0.14274	0.02240	0.00662	0.04437	0.02129	0.01707	0.05904	0.00597
28	0.01216	0.07964	0.06582	0.05283	0.43084	0.01271	0.19676	0.02857	0.04235	0.01611	0.00978	0.01242	0.00786	0.00452	0.00502	0.00152	0.00649	0.00465	0.00257	0.00739
29	0.00803	0.00510	0.02512	0.00704	0.00735	0.00488	0.00502	0.00712	0.00750	0.01011	0.01396	0.20301	0.02861	0.01726	0.05453	0.55232	0.03051	0.00676	0.00281	0.00298
30	0.00705	0.00504	0.00626	0.00659	0.00772	0.00458	0.00493	0.00860	0.01155	0.04130	0.21449	0.28810	0.25384	0.01292	0.00613	0.00184	0.00292	0.10680	0.00488	0.00447
31	0.02611	0.06969	0.31139	0.02882	0.01931	0.12483	0.14739	0.05912	0.10259	0.01641	0.01021	0.01172	0.00772	0.00513	0.00529	0.00156	0.03876	0.00424	0.00277	0.00695
32	0.00904	0.00778	0.01123	0.05383	0.20648	0.02492	0.00852	0.03509	0.01075	0.01479	0.10577	0.29791	0.02167	0.03889	0.07600	0.00240	0.05733	0.00849	0.00365	0.00543
33	0.00808	0.00506	0.00682	0.00746	0.00828	0.00478	0.00546	0.00936	0.01042	0.08786	0.06340	0.52334	0.02982	0.04265	0.03185	0.00229	0.00368	0.14014	0.00469	0.00457
34	0.01239	0.00938	0.01392	0.22755	0.21983	0.01006	0.01084	0.04120	0.12726	0.12816	0.05331	0.08047	0.01339	0.00644	0.00511	0.00161	0.00507	0.00571	0.02146	0.00684
35	0.04030	0.07028	0.01345	0.01130	0.03783	0.18406	0.03201	0.03611	0.43937	0.01771	0.01495	0.01510	0.01164	0.02027	0.00558	0.02897	0.00539	0.00475	0.00397	0.00696
36	0.01160	0.01307	0.07283	0.13864	0.03778	0.01214	0.48750	0.06447	0.04024	0.01667	0.02296	0.01502	0.00896	0.00496	0.00560	0.00167	0.00747	0.02896	0.00281	0.00666
37	0.01807	0.01460	0.01547	0.01204	0.01581	0.10410	0.06064	0.59681	0.02084	0.04341	0.01161	0.01233	0.00851	0.02053	0.02050	0.00167	0.00619	0.00451	0.00449	0.00788
38	0.70797	0.04187	0.00919	0.00819	0.04701	0.01170	0.00633	0.02804	0.02508	0.02121	0.00753	0.00889	0.00599	0.00543	0.01859	0.00167	0.03364	0.00298	0.00305	0.00565
39	0.08773	0.06594	0.01069	0.12959	0.01362	0.10807	0.00744	0.03348	0.01066	0.03770	0.04295	0.27487	0.03361	0.03705	0.04353	0.00207	0.03225	0.00755	0.00353	0.01769

[dist]
# distance from previous block
# <min> <max>
1	3

[block]
# block no. 2 follows, 50 sequences, length 37
# corresponding to MSA columns:
# 171-207
name=unknown_C
#
# <colnr> <probs for GDERKNQSTAVLIFYWHMCP>
#	G	D	E	R	K	N	Q	S	T	A	V	L	I	F	Y	W	H	M	C	P
0	0.04099	0.05450	0.06479	0.00831	0.01094	0.06230	0.02426	0.11332	0.05286	0.03088	0.18216	0.05291	0.24900	0.02405	0.00567	0.00163	0.00415	0.00734	0.00431	0.00565
1	0.00848	0.00858	0.08195	0.00850	0.01078	0.02168	0.05859	0.03936	0.05547	0.02998	0.11014	0.13029	0.27583	0.05259	0.02047	0.00201	0.00422	0.07167	0.00425	0.00516
2	0.00961	0.00906	0.01531	0.75987	0.08576	0.01113	0.01394	0.01291	0.01006	0.01298	0.00889	0.01322	0.00673	0.00495	0.00498	0.00165	0.00660	0.00443	0.00223	0.00570
3	0.00626	0.00471	0.00583	0.00649	0.00724	0.00439	0.00455	0.00731	0.00985	0.01272	0.03199	0.45488	0.24522	0.06727	0.07711	0.00264	0.00388	0.03921	0.00435	0.00408
4	0.00887	0.00818	0.01325	0.62576	0.02830	0.01001	0.01197	0.01165	0.00987	0.01274	0.01340	0.11816	0.05300	0.00695	0.00578	0.00173	0.04645	0.00600	0.00265	0.00527
5	0.01252	0.04674	0.02053	0.02809	0.67956	0.01224	0.05274	0.04309	0.01176	0.01660	0.00970	0.01297	0.00821	0.00464	0.00494	0.00149	0.00598	0.01787	0.00259	0.00774
6	0.00929	0.00786	0.00904	0.00833	0.01048	0.05366	0.00659	0.01165	0.04864	0.01438	0.01655	0.12023	0.01689	0.03720	0.12165	0.02213	0.02020	0.18524	0.00355	0.27643
7	0.00984	0.00738	0.01153	0.00971	0.01112	0.00759	0.13760	0.08917	0.00978	0.01318	0.01256	0.03453	0.02254	0.18776	0.06617	0.29291	0.03530	0.03423	0.00291	0.00421
8	0.01130	0.01021	0.01428	0.01231	0.01262	0.01385	0.01018	0.01246	0.00819	0.06519	0.00872	0.05222	0.00847	0.00992	0.04322	0.00234	0.69143	0.00493	0.00259	0.00555
9	0.01268	0.01085	0.01143	0.01020	0.01307	0.01253	0.00796	0.05854	0.75222	0.02130	0.01993	0.01831	0.01493	0.00673	0.00507	0.00168	0.00401	0.00559	0.00507	0.00791
10	0.01383	0.55518	0.11522	0.00986	0.01424	0.07648	0.00984	0.10502	0.01199	0.01456	0.00799	0.00914	0.00679	0.00545	0.02468	0.00138	0.00607	0.00311	0.00251	0.00666
11	0.01370	0.01264	0.01202	0.01038	0.01243	0.17606	0.00814	0.21271	0.08168	0.01886	0.10825	0.01778	0.01451	0.07494	0.04329	0.00214	0.13038	0.01695	0.02698	0.00615
12	0.01003	0.00860	0.00998	0.00722	0.01147	0.00648	0.00576	0.01219	0.01041	0.01605	0.01168	0.01288	0.06050	0.00430	0.00384	0.00080	0.00361	0.00347	0.00307	0.79766
13	0.01847	0.01373	0.01469	0.01137	0.01528	0.01524	0.00936	0.72286	0.07846	0.03065	0.01257	0.01245	0.00896	0.00604	0.00499	0.00151	0.00537	0.00457	0.00499	0.00843
14	0.00617	0.00518	0.00538	0.00531	0.00696	0.00445	0.00399	0.00785	0.02887	0.01440	0.13785	0.04604	0.68594	0.01220	0.00587	0.00167	0.00254	0.01023	0.00474	0.00435
15	0.01176	0.01345	0.02941	0.02101	0.02605	0.01261	0.77563	0.01597	0.01176	0.01597	0.01008	0.01345	0.00756	0.00420	0.00588	0.00168	0.00840	0.00588	0.00252	0.00672
16	0.86003	0.00964	0.00733	0.00655	0.00964	0.01118	0.00540	0.01465	0.00848	0.02236	0.00694	0.00810	0.00540	0.00463	0.00308	0.00154	0.00386	0.00270	0.00308	0.00540
17	0.01093	0.00954	0.01535	0.01161	0.01525	0.00865	0.23701	0.01502	0.09811	0.06427	0.15762	0.03693	0.03194	0.00599	0.00509	0.00138	0.00488	0.00579	0.00380	0.26086
18	0.00866	0.00433	0.00649	0.00649	0.00649	0.00433	0.00433	0.00649	0.00649	0.00866	0.00866	0.01515	0.00866	0.01732	0.01948	0.85498	0.00433	0.00433	0.00216	0.00216
19	0.01322	0.01284	0.01312	0.01151	0.01350	0.12791	0.00916	0.06505	0.39125	0.01751	0.01378	0.01447	0.01090	0.00708	0.00843	0.00177	0.25296	0.00483	0.00382	0.00687
20	0.01034	0.00886	0.01034	0.00738	0.01181	0.00664	0.00591	0.01255	0.01034	0.01624	0.00886	0.01034	0.00738	0.00369	0.00369	0.00074	0.00369	0.00295	0.00295	0.85530
21	0.00760	0.00490	0.00584	0.00585	0.00600	0.00492	0.00353	0.00766	0.00753	0.02471	0.01575	0.05680	0.01772	0.66570	0.07026	0.06239	0.00523	0.02131	0.00308	0.00321
22	0.01105	0.00936	0.01009	0.00930	0.01169	0.01056	0.00717	0.02226	0.60526	0.01973	0.09550	0.08160	0.05395	0.00814	0.00532	0.00172	0.00367	0.02153	0.00505	0.00708
23	0.01389	0.01601	0.01203	0.01102	0.01247	0.43278	0.00827	0.01494	0.01117	0.01174	0.01033	0.06164	0.01029	0.14025	0.06431	0.00251	0.15371	0.00486	0.00270	0.00508
24	0.01084	0.01034	0.01777	0.36319	0.39986	0.01125	0.04966	0.01389	0.01060	0.01447	0.00946	0.01366	0.00778	0.03969	0.00587	0.00171	0.00630	0.00462	0.00239	0.00663
25	0.01271	0.15017	0.02851	0.02225	0.01309	0.08050	0.00750	0.06162	0.01158	0.05985	0.00994	0.01108	0.02231	0.00460	0.00440	0.00104	0.03559	0.00337	0.00306	0.45682
26	0.01152	0.00990	0.02546	0.02380	0.01277	0.00902	0.00704	0.08642	0.21458	0.01877	0.01277	0.03017	0.01021	0.00507	0.00427	0.00113	0.00399	0.00413	0.02989	0.47910
27	0.06426	0.03288	0.15338	0.01142	0.04876	0.04529	0.01007	0.20640	0.06783	0.08505	0.07248	0.01683	0.02768	0.02069	0.02454	0.01733	0.05326	0.03108	0.00389	0.00688
28	0.02677	0.00883	0.07534	0.00865	0.02335	0.06313	0.00687	0.03490	0.03902	0.07185	0.02210	0.33995	0.08579	0.03942	0.00752	0.07373	0.00425	0.04816	0.00405	0.01632
29	0.10733	0.04486	0.02842	0.02327	0.01472	0.54583	0.02711	0.01856	0.06211	0.01405	0.01062	0.01166	0.04623	0.00556	0.00465	0.00139	0.02117	0.00377	0.00285	0.00586
30	0.07624	0.00755	0.00821	0.02857	0.00995	0.05818	0.01881	0.01186	0.06902	0.04074	0.24331	0.21183	0.11050	0.00982	0.00540	0.00161	0.00354	0.00848	0.00447	0.07193
31	0.01301	0.01116	0.11418	0.02454	0.04280	0.00925	0.07100	0.04391	0.18140	0.18751	0.10918	0.07442	0.03896	0.00705	0.00521	0.00159	0.00467	0.00616	0.00447	0.04952
32	0.08256	0.07011	0.20227	0.09215	0.10529	0.04380	0.06454	0.07545	0.11545	0.03590	0.01238	0.03809	0.02943	0.00561	0.00476	0.00156	0.00590	0.00468	0.00315	0.00691
33	0.00782	0.00637	0.03129	0.00666	0.00799	0.00560	0.00477	0.00919	0.02899	0.01240	0.04493	0.12010	0.04149	0.39324	0.10206	0.00371	0.00522	0.00709	0.00332	0.15773
34	0.03340	0.00971	0.03592	0.10236	0.01510	0.02486	0.04053	0.02623	0.01044	0.03604	0.00961	0.01222	0.00798	0.03587	0.04519	0.00152	0.02045	0.00366	0.00291	0.52601
35	0.02785	0.18290	0.05959	0.02383	0.07592	0.11129	0.03767	0.15992	0.03679	0.04425	0.01334	0.06788	0.04887	0.00627	0.00489	0.00144	0.02711	0.00491	0.04664	0.01862
36	0.01169	0.05979	0.22841	0.09268	0.14510	0.02833	0.07978	0.03245	0.02430	0.07726	0.05355	0.05240	0.01119	0.02296	0.00535	0.00158	0.00596	0.00498	0.00303	0.05921

[dist]
# distance from previous block
# <min> <max>
0	115

# created by:
# /home/cegg/simao/soft/augustus-3.2.1/scripts/msa2prfl.pl ./align_prep/EOG091G0PD3.fa
