[name]
unknown

[dist]
# distance from previous block
# <min> <max>
0	80

[block]
# block no. 0 follows, 49 sequences, length 6
# corresponding to MSA columns:
# 81-86
name=unknown_A
#
# <colnr> <probs for GDERKNQSTAVLIFYWHMCP>
#	G	D	E	R	K	N	Q	S	T	A	V	L	I	F	Y	W	H	M	C	P
0	0.01922	0.01416	0.01518	0.01163	0.01568	0.01568	0.00961	0.77388	0.02378	0.03187	0.01214	0.01214	0.00860	0.00607	0.00506	0.00152	0.00556	0.00455	0.00506	0.00860
1	0.12804	0.01164	0.01297	0.01007	0.01395	0.01222	0.00831	0.41237	0.01855	0.29947	0.01424	0.01342	0.00958	0.00596	0.00482	0.00154	0.00491	0.00451	0.00523	0.00820
2	0.01324	0.01119	0.01181	0.01042	0.01340	0.01289	0.00816	0.10146	0.70594	0.02222	0.01974	0.01819	0.01475	0.00678	0.00514	0.00170	0.00416	0.00560	0.00514	0.00806
3	0.01853	0.01747	0.01422	0.01190	0.01522	0.33070	0.00937	0.34534	0.10490	0.06516	0.01179	0.01197	0.00875	0.00582	0.00487	0.00146	0.00675	0.00419	0.00415	0.00743
4	0.00716	0.00517	0.00676	0.00636	0.00755	0.00477	0.00477	0.00954	0.01431	0.02028	0.78808	0.03777	0.04771	0.01034	0.00596	0.00159	0.00239	0.00914	0.00557	0.00477
5	0.85801	0.00978	0.00743	0.00665	0.00978	0.01134	0.00548	0.01486	0.00861	0.02269	0.00704	0.00821	0.00548	0.00469	0.00313	0.00156	0.00391	0.00274	0.00313	0.00548

[dist]
# distance from previous block
# <min> <max>
0	2

[block]
# block no. 1 follows, 49 sequences, length 8
# corresponding to MSA columns:
# 89-96
name=unknown_B
#
# <colnr> <probs for GDERKNQSTAVLIFYWHMCP>
#	G	D	E	R	K	N	Q	S	T	A	V	L	I	F	Y	W	H	M	C	P
0	0.36834	0.01101	0.01222	0.15993	0.08594	0.01255	0.00915	0.20917	0.05110	0.02259	0.00959	0.01111	0.00723	0.00520	0.00425	0.00158	0.00505	0.00383	0.00350	0.00665
1	0.01346	0.01010	0.01496	0.49922	0.06801	0.01159	0.01232	0.16244	0.01346	0.12860	0.01120	0.01370	0.00800	0.00540	0.00506	0.00163	0.00612	0.00459	0.00338	0.00675
2	0.01829	0.01257	0.01390	0.01072	0.01470	0.01333	0.00880	0.52940	0.07946	0.13853	0.01358	0.01321	0.00957	0.00591	0.00493	0.00146	0.00507	0.00456	0.00502	0.09698
3	0.08911	0.00954	0.01090	0.00809	0.01232	0.00820	0.00655	0.09450	0.01234	0.14201	0.01088	0.01152	0.00822	0.00447	0.00404	0.00103	0.00404	0.00347	0.00374	0.55501
4	0.09786	0.01217	0.01367	0.06113	0.07387	0.04893	0.00930	0.32365	0.09272	0.19535	0.01362	0.01352	0.00959	0.00584	0.00486	0.00155	0.00524	0.00455	0.00467	0.00789
5	0.15003	0.01108	0.01562	0.06171	0.37630	0.01155	0.01155	0.11019	0.04121	0.11888	0.01172	0.01411	0.00914	0.00538	0.00479	0.00157	0.00532	0.02877	0.00355	0.00752
6	0.05638	0.00942	0.01232	0.01188	0.11464	0.00911	0.00839	0.09915	0.07317	0.39112	0.04111	0.04965	0.03132	0.00684	0.00512	0.00159	0.00446	0.03444	0.00513	0.03474
7	0.20673	0.00886	0.01004	0.00966	0.07060	0.00928	0.00701	0.13627	0.05566	0.09923	0.26249	0.02266	0.05151	0.00748	0.00498	0.00159	0.00386	0.02107	0.00468	0.00633

[dist]
# distance from previous block
# <min> <max>
4	14

[block]
# block no. 2 follows, 49 sequences, length 13
# corresponding to MSA columns:
# 111-115,126-133
name=unknown_C
#
# <colnr> <probs for GDERKNQSTAVLIFYWHMCP>
#	G	D	E	R	K	N	Q	S	T	A	V	L	I	F	Y	W	H	M	C	P
0	0.67307	0.01024	0.00883	0.00751	0.01083	0.01155	0.00619	0.11410	0.01111	0.09431	0.00888	0.00954	0.00652	0.00502	0.00356	0.00156	0.00416	0.00319	0.00366	0.00617
1	0.30899	0.01213	0.01191	0.00970	0.01324	0.01369	0.00793	0.39378	0.13715	0.02701	0.01169	0.01183	0.00859	0.00572	0.00440	0.00156	0.00475	0.00411	0.00440	0.00742
2	0.05466	0.01141	0.01227	0.01053	0.01350	0.06203	0.04734	0.08678	0.47345	0.06717	0.09003	0.01857	0.01627	0.00674	0.00512	0.00164	0.00456	0.00562	0.00485	0.00747
3	0.00826	0.00534	0.00695	0.00662	0.00794	0.00487	0.00493	0.01031	0.01344	0.08494	0.56126	0.15948	0.08426	0.01099	0.00597	0.00167	0.00265	0.00971	0.00544	0.00497
4	0.01019	0.00964	0.01632	0.64228	0.19769	0.01140	0.01436	0.01348	0.01041	0.01370	0.00910	0.01327	0.00701	0.00494	0.00504	0.00165	0.00658	0.00450	0.00230	0.00613
5	0.01235	0.01426	0.02892	0.02082	0.02579	0.05968	0.72706	0.01644	0.01208	0.01597	0.01009	0.01337	0.00760	0.00432	0.00588	0.00168	0.00856	0.00581	0.00256	0.00676
6	0.00955	0.00899	0.01517	0.81013	0.03483	0.01123	0.01404	0.01292	0.01011	0.01292	0.00899	0.01348	0.00674	0.00506	0.00506	0.00169	0.00674	0.00449	0.00225	0.00562
7	0.01252	0.01201	0.02053	0.03104	0.79074	0.01201	0.01552	0.01552	0.01151	0.01652	0.00951	0.01252	0.00801	0.00451	0.00501	0.00150	0.00601	0.00451	0.00250	0.00801
8	0.01607	0.01156	0.01185	0.00990	0.01321	0.09713	0.00783	0.08758	0.31457	0.22542	0.04985	0.01670	0.01363	0.00627	0.00494	0.00151	0.00468	0.00504	0.00494	0.09731
9	0.08663	0.00984	0.01087	0.00928	0.01246	0.01048	0.00735	0.02344	0.44483	0.19780	0.05426	0.01782	0.01481	0.00646	0.00489	0.00159	0.00397	0.00527	0.00508	0.07288
10	0.16620	0.01131	0.01191	0.00967	0.01317	0.01227	0.00783	0.30610	0.19147	0.10967	0.04779	0.01455	0.01167	0.00607	0.00470	0.00153	0.00452	0.00466	0.00476	0.06014
11	0.07470	0.01135	0.01219	0.00992	0.01330	0.01243	0.00803	0.35347	0.21971	0.12650	0.01545	0.01495	0.01112	0.00619	0.00480	0.00155	0.00456	0.00482	0.08710	0.00785
12	0.20610	0.01098	0.01129	0.00946	0.01283	0.01212	0.00760	0.17970	0.32954	0.09822	0.01502	0.01441	0.01101	0.00597	0.00459	0.00157	0.00432	0.00458	0.00466	0.05604

[dist]
# distance from previous block
# <min> <max>
5	11

[block]
# block no. 3 follows, 49 sequences, length 49
# corresponding to MSA columns:
# 145-157,159-168,174-199
name=unknown_D
#
# <colnr> <probs for GDERKNQSTAVLIFYWHMCP>
#	G	D	E	R	K	N	Q	S	T	A	V	L	I	F	Y	W	H	M	C	P
0	0.31682	0.01023	0.01011	0.00875	0.01190	0.01140	0.00700	0.05945	0.34405	0.10771	0.02939	0.01464	0.01157	0.00595	0.00439	0.00160	0.00404	0.00451	0.00449	0.03200
1	0.46234	0.01144	0.01063	0.00871	0.01222	0.03548	0.00716	0.25657	0.01432	0.12266	0.01031	0.01062	0.00738	0.00534	0.00403	0.00154	0.00464	0.00362	0.00412	0.00687
2	0.12485	0.00953	0.01124	0.00913	0.01267	0.00953	0.00741	0.04990	0.21134	0.47220	0.01822	0.01633	0.01225	0.00621	0.00485	0.00160	0.00422	0.00493	0.00554	0.00806
3	0.50735	0.01179	0.01039	0.00867	0.01207	0.04998	0.00709	0.24607	0.04291	0.04762	0.00952	0.01012	0.00706	0.00526	0.00392	0.00154	0.00467	0.00349	0.00386	0.00663
4	0.07545	0.01162	0.01266	0.01024	0.01384	0.01259	0.00829	0.32140	0.26152	0.16662	0.01579	0.01488	0.01124	0.00618	0.00491	0.00157	0.00466	0.00484	0.00510	0.03659
5	0.56169	0.02331	0.00981	0.00797	0.01134	0.01077	0.03195	0.04282	0.03947	0.18676	0.02551	0.01141	0.00835	0.00524	0.00384	0.00157	0.00420	0.00364	0.00395	0.00639
6	0.71882	0.01040	0.00819	0.00734	0.01042	0.03809	0.00595	0.01662	0.11027	0.02214	0.00884	0.00964	0.00682	0.00500	0.00344	0.00158	0.00410	0.00315	0.00338	0.00582
7	0.00960	0.00692	0.00907	0.00962	0.01116	0.00711	0.00834	0.11069	0.01323	0.01733	0.02485	0.05115	0.02641	0.01293	0.00673	0.00222	0.00478	0.65798	0.00471	0.00517
8	0.00878	0.00439	0.00659	0.00659	0.00659	0.00439	0.00439	0.00659	0.00659	0.00878	0.00878	0.01537	0.00878	0.01757	0.01976	0.85288	0.00439	0.00439	0.00220	0.00220
9	0.00995	0.00940	0.01589	0.70500	0.13684	0.01134	0.01424	0.01327	0.01030	0.01341	0.00906	0.01335	0.00691	0.00498	0.00505	0.00166	0.00664	0.00450	0.00228	0.00594
10	0.00735	0.00490	0.00552	0.00552	0.00552	0.00490	0.00306	0.00735	0.00735	0.00980	0.01593	0.03309	0.01838	0.82229	0.02574	0.00490	0.00490	0.00735	0.00306	0.00306
11	0.00724	0.00535	0.00778	0.00778	0.00857	0.00613	0.00589	0.00881	0.00803	0.01148	0.01386	0.02160	0.01340	0.14088	0.70032	0.00770	0.01241	0.00567	0.00276	0.00432
12	0.01258	0.01086	0.01143	0.01029	0.01315	0.01258	0.00800	0.02687	0.78161	0.02115	0.02058	0.01887	0.01544	0.00686	0.00515	0.00172	0.00400	0.00572	0.00515	0.00800
13	0.01181	0.42006	0.41676	0.01157	0.01750	0.01582	0.01374	0.01558	0.01048	0.01398	0.00807	0.00941	0.00645	0.00457	0.00404	0.00135	0.00646	0.00323	0.00215	0.00699
14	0.01352	0.82533	0.02650	0.00865	0.01298	0.02001	0.00865	0.01514	0.01027	0.01190	0.00703	0.00811	0.00649	0.00433	0.00324	0.00108	0.00541	0.00270	0.00216	0.00649
15	0.01922	0.01416	0.01518	0.01163	0.01568	0.01568	0.00961	0.77388	0.02378	0.03187	0.01214	0.01214	0.00860	0.00607	0.00506	0.00152	0.00556	0.00455	0.00506	0.00860
16	0.01049	0.00899	0.01049	0.00749	0.01198	0.00674	0.00599	0.01273	0.01049	0.01648	0.00899	0.01049	0.00749	0.00374	0.00374	0.00075	0.00374	0.00300	0.00300	0.85320
17	0.85801	0.00978	0.00743	0.00665	0.00978	0.01134	0.00548	0.01486	0.00861	0.02269	0.00704	0.00821	0.00548	0.00469	0.00313	0.00156	0.00391	0.00274	0.00313	0.00548
18	0.00632	0.00493	0.00552	0.00575	0.00685	0.00437	0.00404	0.00746	0.01084	0.01367	0.11777	0.22576	0.43376	0.11952	0.00868	0.00220	0.00294	0.01094	0.00457	0.00413
19	0.01239	0.01189	0.02030	0.06331	0.75943	0.01198	0.01546	0.01541	0.01146	0.01637	0.00949	0.01256	0.00796	0.00453	0.00501	0.00151	0.00604	0.00451	0.00249	0.00791
20	0.00713	0.00517	0.00672	0.00633	0.00754	0.00476	0.00475	0.00948	0.01424	0.02010	0.76850	0.03806	0.06740	0.01040	0.00596	0.00159	0.00239	0.00919	0.00554	0.00476
21	0.74671	0.01193	0.11096	0.00767	0.01137	0.01140	0.00721	0.01502	0.00888	0.02181	0.00731	0.00854	0.00560	0.00471	0.00335	0.00157	0.00438	0.00287	0.00300	0.00574
22	0.01049	0.00899	0.01049	0.00749	0.01198	0.00674	0.00599	0.01273	0.01049	0.01648	0.00899	0.01049	0.00749	0.00374	0.00374	0.00075	0.00374	0.00300	0.00300	0.85320
23	0.00716	0.00517	0.00676	0.00636	0.00755	0.00477	0.00477	0.00954	0.01431	0.02028	0.78808	0.03777	0.04771	0.01034	0.00596	0.00159	0.00239	0.00914	0.00557	0.00477
24	0.01049	0.00899	0.01049	0.00749	0.01198	0.00674	0.00599	0.01273	0.01049	0.01648	0.00899	0.01049	0.00749	0.00374	0.00374	0.00075	0.00374	0.00300	0.00300	0.85320
25	0.00716	0.00517	0.00676	0.00636	0.00755	0.00477	0.00477	0.00954	0.01431	0.02028	0.78808	0.03777	0.04771	0.01034	0.00596	0.00159	0.00239	0.00914	0.00557	0.00477
26	0.00616	0.00440	0.00587	0.00704	0.00733	0.00411	0.00469	0.00704	0.00968	0.01291	0.02787	0.81899	0.03344	0.01584	0.00645	0.00205	0.00293	0.01438	0.00469	0.00411
27	0.00716	0.00517	0.00676	0.00636	0.00755	0.00477	0.00477	0.00954	0.01431	0.02028	0.78808	0.03777	0.04771	0.01034	0.00596	0.00159	0.00239	0.00914	0.00557	0.00477
28	0.00815	0.00582	0.00815	0.00931	0.01048	0.00582	0.00815	0.01048	0.01164	0.01513	0.02677	0.05704	0.02910	0.01397	0.00698	0.00233	0.00466	0.75671	0.00466	0.00466
29	0.01922	0.01416	0.01518	0.01163	0.01568	0.01568	0.00961	0.77388	0.02378	0.03187	0.01214	0.01214	0.00860	0.00607	0.00506	0.00152	0.00556	0.00455	0.00506	0.00860
30	0.00614	0.00450	0.00577	0.00679	0.00727	0.00413	0.00458	0.00707	0.00992	0.01301	0.03094	0.71787	0.13258	0.01544	0.00639	0.00201	0.00288	0.01389	0.00469	0.00413
31	0.00616	0.00452	0.00574	0.00671	0.00721	0.00415	0.00452	0.00708	0.00991	0.01295	0.03118	0.68028	0.14979	0.03554	0.00686	0.00207	0.00293	0.01363	0.00465	0.00411
32	0.00734	0.00497	0.00586	0.00586	0.00598	0.00509	0.00349	0.00757	0.00746	0.01006	0.01562	0.03136	0.01763	0.71933	0.12767	0.00533	0.00604	0.00710	0.00302	0.00325
33	0.00598	0.00512	0.00512	0.00512	0.00683	0.00427	0.00384	0.00726	0.01153	0.01366	0.05123	0.04866	0.78869	0.01281	0.00598	0.00171	0.00256	0.01067	0.00470	0.00427
34	0.02065	0.00815	0.01108	0.00865	0.01221	0.00708	0.00708	0.02266	0.01445	0.69265	0.12078	0.01991	0.01714	0.00679	0.00520	0.00157	0.00405	0.00562	0.00617	0.00810
35	0.01968	0.01343	0.01472	0.01129	0.01532	0.01460	0.00933	0.67553	0.02255	0.13194	0.01317	0.01281	0.00911	0.00609	0.00506	0.00152	0.00540	0.00462	0.00522	0.00860
36	0.00700	0.00516	0.00654	0.00620	0.00746	0.00471	0.00465	0.00924	0.01395	0.01941	0.69135	0.03920	0.14498	0.01066	0.00597	0.00161	0.00241	0.00935	0.00545	0.00471
37	0.00735	0.00490	0.00552	0.00552	0.00552	0.00490	0.00306	0.00735	0.00735	0.00980	0.01593	0.03309	0.01838	0.82229	0.02574	0.00490	0.00490	0.00735	0.00306	0.00306
38	0.00777	0.00555	0.00771	0.00887	0.00987	0.00549	0.00748	0.00981	0.01126	0.01470	0.02699	0.20383	0.02994	0.01433	0.00688	0.00228	0.00432	0.61370	0.00466	0.00455
39	0.00616	0.00440	0.00587	0.00704	0.00733	0.00411	0.00469	0.00704	0.00968	0.01291	0.02787	0.81899	0.03344	0.01584	0.00645	0.00205	0.00293	0.01438	0.00469	0.00411
40	0.01106	0.01106	0.01549	0.01328	0.01328	0.01549	0.01106	0.01217	0.00774	0.01217	0.00664	0.01106	0.00664	0.00885	0.01659	0.00221	0.81303	0.00443	0.00221	0.00553
41	0.00600	0.00503	0.00522	0.00537	0.00690	0.00425	0.00395	0.00723	0.01128	0.01356	0.04816	0.14978	0.68955	0.01321	0.00604	0.00175	0.00261	0.01116	0.00470	0.00425
42	0.00878	0.00439	0.00659	0.00659	0.00659	0.00439	0.00439	0.00659	0.00659	0.00878	0.00878	0.01537	0.00878	0.01757	0.01976	0.85288	0.00439	0.00439	0.00220	0.00220
43	0.80617	0.05984	0.00860	0.00677	0.00998	0.01188	0.00567	0.01488	0.00871	0.02203	0.00704	0.00821	0.00554	0.00467	0.00314	0.00154	0.00400	0.00274	0.00307	0.00554
44	0.01293	0.01215	0.02020	0.02985	0.74316	0.01224	0.01516	0.06207	0.01227	0.01746	0.00967	0.01249	0.00805	0.00460	0.00501	0.00150	0.00598	0.00451	0.00266	0.00805
45	0.00756	0.00573	0.00824	0.00817	0.00916	0.00666	0.00631	0.01007	0.05558	0.01225	0.01406	0.02026	0.01301	0.06314	0.72646	0.00762	0.01266	0.00550	0.00287	0.00468
46	0.01436	0.01177	0.01208	0.01052	0.01358	0.04950	0.00826	0.12448	0.59924	0.06961	0.01884	0.01743	0.01394	0.00664	0.00510	0.00166	0.00446	0.00541	0.00508	0.00802
47	0.00951	0.00886	0.01484	0.73385	0.05929	0.01086	0.01353	0.01280	0.01042	0.01350	0.05683	0.01494	0.00930	0.00536	0.00511	0.00167	0.00645	0.00478	0.00246	0.00565
48	0.17310	0.03194	0.01421	0.01078	0.01467	0.02796	0.03430	0.51657	0.01935	0.09159	0.01159	0.01174	0.00823	0.00572	0.00469	0.00152	0.00532	0.00425	0.00461	0.00787

[dist]
# distance from previous block
# <min> <max>
0	41

# created by:
# /home/cegg/simao/soft/augustus-3.2.1/scripts/msa2prfl.pl ./align_prep/EOG091G17J4.fa
