[name]
unknown

[dist]
# distance from previous block
# <min> <max>
0	34

[block]
# block no. 0 follows, 50 sequences, length 19
# corresponding to MSA columns:
# 34-52
name=unknown_A
#
# <colnr> <probs for GDERKNQSTAVLIFYWHMCP>
#	G	D	E	R	K	N	Q	S	T	A	V	L	I	F	Y	W	H	M	C	P
0	0.00793	0.00562	0.00771	0.00871	0.00972	0.00562	0.00741	0.00994	0.01095	0.01426	0.02506	0.05328	0.02737	0.11501	0.00919	0.00261	0.00462	0.66620	0.00439	0.00439
1	0.11731	0.06748	0.21490	0.01675	0.02207	0.01263	0.44556	0.01569	0.01095	0.01645	0.00921	0.01172	0.00691	0.00439	0.00508	0.00160	0.00739	0.00474	0.00246	0.00669
2	0.01568	0.03402	0.01503	0.10582	0.11423	0.24177	0.01026	0.25825	0.01568	0.01940	0.00953	0.01100	0.00741	0.00509	0.00463	0.00134	0.00645	0.00386	0.00332	0.11722
3	0.00745	0.00511	0.00670	0.00693	0.00783	0.00484	0.00517	0.00916	0.01176	0.03643	0.36285	0.21109	0.03598	0.11363	0.00858	0.00221	0.00325	0.15175	0.00484	0.00443
4	0.00695	0.00583	0.00743	0.11150	0.04675	0.00557	0.00583	0.00873	0.01154	0.01473	0.19894	0.07658	0.43102	0.03899	0.00642	0.00177	0.00328	0.00919	0.00434	0.00461
5	0.01782	0.01978	0.01447	0.01252	0.01515	0.51297	0.00974	0.21185	0.01575	0.01707	0.00866	0.00997	0.00696	0.00576	0.00598	0.00144	0.10087	0.00367	0.00314	0.00643
6	0.01365	0.01051	0.01298	0.11196	0.08287	0.01174	0.00930	0.25585	0.20701	0.06021	0.01417	0.01601	0.01103	0.04778	0.10985	0.00257	0.00621	0.00503	0.00411	0.00714
7	0.00666	0.00500	0.00618	0.00606	0.00725	0.00451	0.00448	0.00858	0.01293	0.01759	0.52610	0.13000	0.22357	0.01140	0.00594	0.00165	0.00246	0.00997	0.00518	0.00451
8	0.01232	0.01177	0.01949	0.02750	0.65692	0.01195	0.04941	0.01678	0.11181	0.01686	0.01083	0.01320	0.00883	0.00473	0.00500	0.00152	0.00578	0.00466	0.00281	0.00784
9	0.49362	0.01135	0.01523	0.01172	0.01553	0.01213	0.25074	0.10276	0.01125	0.02137	0.00852	0.01024	0.00644	0.00465	0.00419	0.00158	0.00549	0.00392	0.00312	0.00617
10	0.01392	0.01291	0.01438	0.01593	0.21615	0.10377	0.01021	0.11652	0.40041	0.01999	0.01497	0.01504	0.01146	0.00588	0.00496	0.00157	0.00523	0.00490	0.00410	0.00772
11	0.01959	0.00818	0.01070	0.00845	0.01196	0.00724	0.00690	0.02220	0.06260	0.64631	0.02371	0.02110	0.11374	0.00705	0.00513	0.00157	0.00400	0.00577	0.00590	0.00789
12	0.00638	0.00479	0.00625	0.02498	0.00796	0.00460	0.00490	0.00755	0.01032	0.01374	0.12857	0.58430	0.12824	0.01412	0.00646	0.00192	0.02350	0.01258	0.00462	0.00422
13	0.33740	0.01503	0.17887	0.01000	0.01423	0.07860	0.00960	0.17420	0.01315	0.11108	0.00994	0.01051	0.00711	0.00515	0.00417	0.00152	0.00542	0.00359	0.00358	0.00684
14	0.00964	0.00617	0.00776	0.00700	0.00869	0.00592	0.00534	0.01319	0.10248	0.12057	0.56393	0.03249	0.05092	0.03601	0.00631	0.00169	0.00286	0.00807	0.00543	0.00550
15	0.02236	0.00848	0.01157	0.00887	0.01272	0.00733	0.00733	0.02429	0.01427	0.79719	0.01966	0.01697	0.01234	0.00617	0.00501	0.00154	0.00424	0.00501	0.00617	0.00848
16	0.13572	0.07403	0.44237	0.01437	0.02033	0.01231	0.20126	0.01561	0.01050	0.01653	0.00879	0.01071	0.00649	0.00456	0.00467	0.00156	0.00697	0.00401	0.00235	0.00685
17	0.00868	0.00957	0.10969	0.03706	0.03454	0.00866	0.08296	0.01074	0.00861	0.01227	0.01193	0.01958	0.01155	0.22123	0.28151	0.00465	0.11377	0.00548	0.00259	0.00494
18	0.00613	0.00439	0.00574	0.00679	0.00712	0.00410	0.00451	0.00696	0.00948	0.01258	0.02762	0.75261	0.05805	0.05918	0.00737	0.00216	0.00298	0.01367	0.00454	0.00400

[dist]
# distance from previous block
# <min> <max>
0	5

[block]
# block no. 1 follows, 50 sequences, length 30
# corresponding to MSA columns:
# 58-87
name=unknown_B
#
# <colnr> <probs for GDERKNQSTAVLIFYWHMCP>
#	G	D	E	R	K	N	Q	S	T	A	V	L	I	F	Y	W	H	M	C	P
0	0.01194	0.01020	0.01080	0.00976	0.01237	0.01173	0.00752	0.02487	0.71668	0.02021	0.04552	0.01998	0.01643	0.05167	0.00621	0.00186	0.00394	0.00584	0.00497	0.00752
1	0.01017	0.00864	0.01007	0.00728	0.01146	0.00655	0.00575	0.01226	0.01017	0.01588	0.00923	0.01156	0.00797	0.04865	0.00488	0.00096	0.00375	0.00319	0.00296	0.80863
2	0.00687	0.00509	0.00641	0.00608	0.00734	0.00463	0.00456	0.00906	0.01368	0.01897	0.67581	0.03890	0.16296	0.01057	0.00588	0.00159	0.00238	0.00925	0.00535	0.00463
3	0.00607	0.00434	0.00578	0.00694	0.00723	0.00405	0.00463	0.00694	0.00954	0.01272	0.02747	0.82157	0.03297	0.01562	0.00636	0.00202	0.00289	0.01417	0.00463	0.00405
4	0.01210	0.01167	0.01999	0.08612	0.66468	0.01185	0.05652	0.01560	0.04278	0.01619	0.00982	0.01272	0.00808	0.00456	0.00500	0.00151	0.00603	0.00457	0.00256	0.00766
5	0.01106	0.04753	0.69964	0.01379	0.02063	0.06510	0.01720	0.01631	0.01087	0.04013	0.00914	0.01055	0.00651	0.00479	0.00469	0.00154	0.00732	0.00366	0.00227	0.00727
6	0.01895	0.01396	0.01496	0.01147	0.01546	0.01546	0.00947	0.77711	0.02344	0.03141	0.01197	0.01197	0.00848	0.00598	0.00499	0.00150	0.00548	0.00449	0.00499	0.00848
7	0.01234	0.01184	0.02023	0.03059	0.79373	0.01184	0.01530	0.01530	0.01135	0.01628	0.00938	0.01234	0.00790	0.00444	0.00493	0.00148	0.00592	0.00444	0.00247	0.00790
8	0.00725	0.00483	0.00544	0.00544	0.00544	0.00483	0.00302	0.00725	0.00725	0.00966	0.01571	0.03262	0.01812	0.82483	0.02537	0.00483	0.00483	0.00725	0.00302	0.00302
9	0.01124	0.01086	0.01878	0.30642	0.46473	0.01169	0.05795	0.01436	0.01080	0.01492	0.00917	0.01271	0.00741	0.00471	0.00525	0.00157	0.02360	0.00452	0.00237	0.00694
10	0.01000	0.02578	0.79900	0.01421	0.02157	0.01158	0.01842	0.01579	0.01052	0.01579	0.00895	0.01052	0.00631	0.00474	0.00474	0.00158	0.00737	0.00368	0.00210	0.00737
11	0.01332	0.01116	0.01179	0.01033	0.01331	0.01283	0.00811	0.13162	0.67810	0.02233	0.01912	0.01767	0.01427	0.00665	0.00506	0.00166	0.00416	0.00547	0.00506	0.00797
12	0.86003	0.00964	0.00733	0.00655	0.00964	0.01118	0.00540	0.01465	0.00848	0.02236	0.00694	0.00810	0.00540	0.00463	0.00308	0.00154	0.00386	0.00270	0.00308	0.00540
13	0.00729	0.00541	0.00736	0.06512	0.00960	0.00524	0.00559	0.00971	0.01363	0.01912	0.68272	0.03677	0.04286	0.01005	0.00588	0.00162	0.00281	0.05928	0.00519	0.00476
14	0.00596	0.00477	0.00534	0.00579	0.00693	0.00415	0.00412	0.00707	0.01064	0.01317	0.04142	0.35275	0.49278	0.01380	0.00608	0.00182	0.00267	0.01196	0.00463	0.00415
15	0.01240	0.01071	0.01127	0.01014	0.01296	0.01240	0.00789	0.02649	0.78473	0.02085	0.02029	0.01860	0.01522	0.00676	0.00507	0.00169	0.00394	0.00564	0.00507	0.00789
16	0.01034	0.00886	0.01034	0.00738	0.01181	0.00664	0.00591	0.01255	0.01034	0.01624	0.00886	0.01034	0.00738	0.00369	0.00369	0.00074	0.00369	0.00295	0.00295	0.85530
17	0.01033	0.10516	0.72251	0.01364	0.02070	0.01238	0.01744	0.01570	0.01048	0.01538	0.00875	0.01027	0.00632	0.00469	0.00458	0.00153	0.00716	0.00358	0.00211	0.00727
18	0.01000	0.02578	0.79900	0.01421	0.02157	0.01158	0.01842	0.01579	0.01052	0.01579	0.00895	0.01052	0.00631	0.00474	0.00474	0.00158	0.00737	0.00368	0.00210	0.00737
19	0.00725	0.00483	0.00544	0.00544	0.00544	0.00483	0.00302	0.00725	0.00725	0.00966	0.01571	0.03262	0.01812	0.82483	0.02537	0.00483	0.00483	0.00725	0.00302	0.00302
20	0.00694	0.00505	0.00652	0.00623	0.00739	0.00464	0.00465	0.00915	0.01371	0.01923	0.70831	0.07821	0.09006	0.01061	0.00590	0.00160	0.00239	0.00937	0.00539	0.00464
21	0.02038	0.00819	0.01122	0.00918	0.03397	0.00714	0.00724	0.02232	0.01400	0.69093	0.06713	0.03655	0.03468	0.00674	0.00512	0.00156	0.00410	0.00558	0.00595	0.00803
22	0.02236	0.00848	0.01157	0.00887	0.01272	0.00733	0.00733	0.02429	0.01427	0.79719	0.01966	0.01697	0.01234	0.00617	0.00501	0.00154	0.00424	0.00501	0.00617	0.00848
23	0.86003	0.00964	0.00733	0.00655	0.00964	0.01118	0.00540	0.01465	0.00848	0.02236	0.00694	0.00810	0.00540	0.00463	0.00308	0.00154	0.00386	0.00270	0.00308	0.00540
24	0.01304	0.75999	0.09149	0.00901	0.01354	0.01903	0.00937	0.01500	0.01016	0.01207	0.00710	0.00821	0.00639	0.00430	0.00333	0.00111	0.00550	0.00275	0.00213	0.00648
25	0.01104	0.01122	0.01601	0.01349	0.01391	0.03198	0.06227	0.01236	0.00806	0.01226	0.00698	0.01125	0.00676	0.00906	0.03506	0.00227	0.72383	0.00446	0.00222	0.00552
26	0.00607	0.00437	0.00575	0.00686	0.00721	0.00406	0.00459	0.00695	0.00962	0.01275	0.02841	0.79006	0.06387	0.01549	0.00634	0.00201	0.00288	0.01402	0.00463	0.00406
27	0.00719	0.00532	0.00674	0.00634	0.00762	0.00498	0.00477	0.00995	0.04562	0.01955	0.70553	0.03725	0.09987	0.01023	0.00585	0.00158	0.00243	0.00898	0.00541	0.00480
28	0.01038	0.01009	0.01406	0.01219	0.01225	0.01390	0.01002	0.01144	0.00763	0.01180	0.00767	0.01307	0.00778	0.07000	0.07014	0.00277	0.70270	0.00464	0.00227	0.00521
29	0.01063	0.01075	0.01601	0.01334	0.01399	0.01418	0.09086	0.01206	0.00834	0.01252	0.01011	0.01387	0.06374	0.00853	0.01449	0.00209	0.67162	0.00497	0.00239	0.00550

[dist]
# distance from previous block
# <min> <max>
0	40

[block]
# block no. 2 follows, 50 sequences, length 29
# corresponding to MSA columns:
# 128-156
name=unknown_C
#
# <colnr> <probs for GDERKNQSTAVLIFYWHMCP>
#	G	D	E	R	K	N	Q	S	T	A	V	L	I	F	Y	W	H	M	C	P
0	0.00965	0.00499	0.00503	0.00490	0.00616	0.00505	0.00371	0.03995	0.01093	0.01906	0.01610	0.01834	0.01262	0.00581	0.00354	0.00117	0.00244	0.00464	0.82113	0.00479
1	0.01034	0.00886	0.01034	0.00738	0.01181	0.00664	0.00591	0.01255	0.01034	0.01624	0.00886	0.01034	0.00738	0.00369	0.00369	0.00074	0.00369	0.00295	0.00295	0.85530
2	0.01240	0.01071	0.01127	0.01014	0.01296	0.01240	0.00789	0.02649	0.78473	0.02085	0.02029	0.01860	0.01522	0.00676	0.00507	0.00169	0.00394	0.00564	0.00507	0.00789
3	0.00866	0.00433	0.00649	0.00649	0.00649	0.00433	0.00433	0.00649	0.00649	0.00866	0.00866	0.01515	0.00866	0.01732	0.01948	0.85498	0.00433	0.00433	0.00216	0.00216
4	0.01206	0.01320	0.02740	0.02151	0.11318	0.01270	0.63695	0.04299	0.01200	0.01643	0.00996	0.01319	0.00760	0.00444	0.00607	0.00167	0.03356	0.00562	0.00259	0.00688
5	0.00866	0.00433	0.00649	0.00649	0.00649	0.00433	0.00433	0.00649	0.00649	0.00866	0.00866	0.01515	0.00866	0.01732	0.01948	0.85498	0.00433	0.00433	0.00216	0.00216
6	0.03606	0.00975	0.04346	0.00934	0.01316	0.00857	0.00798	0.11513	0.03294	0.59378	0.03477	0.01785	0.01290	0.00644	0.00505	0.00157	0.00448	0.03290	0.00570	0.00814
7	0.01479	0.01076	0.01271	0.01202	0.09259	0.01156	0.00870	0.22702	0.29747	0.12006	0.08232	0.01862	0.01528	0.00671	0.00513	0.00159	0.00448	0.03022	0.00490	0.02307
8	0.83376	0.00948	0.00728	0.00657	0.00957	0.01096	0.00537	0.01441	0.00852	0.02207	0.00757	0.03312	0.00625	0.00497	0.00319	0.00156	0.00383	0.00305	0.00313	0.00536
9	0.01154	0.39862	0.43972	0.01157	0.01749	0.01536	0.01382	0.01539	0.01034	0.01390	0.00801	0.00935	0.00635	0.00452	0.00402	0.00134	0.00642	0.00321	0.00212	0.00692
10	0.03494	0.12430	0.57279	0.01262	0.01892	0.01241	0.01534	0.06172	0.01147	0.04811	0.03660	0.01142	0.00810	0.00500	0.00456	0.00151	0.00660	0.00382	0.00259	0.00721
11	0.03206	0.08516	0.02994	0.00978	0.01301	0.02532	0.00810	0.35218	0.08099	0.11990	0.02955	0.14563	0.03129	0.00764	0.00504	0.00157	0.00471	0.00620	0.00469	0.00723
12	0.03852	0.01109	0.01848	0.18727	0.59376	0.01152	0.01443	0.01468	0.01095	0.01576	0.00918	0.01234	0.00755	0.00454	0.00485	0.00150	0.00594	0.00434	0.00245	0.03085
13	0.00955	0.00640	0.00778	0.03939	0.00975	0.00616	0.00562	0.02683	0.09308	0.11433	0.32332	0.04857	0.23889	0.00982	0.00563	0.00163	0.00309	0.02580	0.01890	0.00546
14	0.01215	0.01165	0.01989	0.08052	0.74527	0.01179	0.01520	0.01513	0.01126	0.01606	0.00934	0.01240	0.00782	0.00448	0.00494	0.00149	0.00597	0.00444	0.00245	0.00774
15	0.01507	0.01033	0.01190	0.00899	0.01307	0.00963	0.00730	0.22511	0.07459	0.16500	0.01259	0.01265	0.00920	0.00501	0.00440	0.00117	0.00430	0.00396	0.00427	0.40145
16	0.00713	0.00531	0.00786	0.00786	0.00869	0.00615	0.00604	0.00880	0.00796	0.01146	0.01349	0.02037	0.01280	0.08491	0.75801	0.00782	0.01284	0.00546	0.00269	0.00436
17	0.00607	0.00434	0.00578	0.00694	0.00723	0.00405	0.00463	0.00694	0.00954	0.01272	0.02747	0.82157	0.03297	0.01562	0.00636	0.00202	0.00289	0.01417	0.00463	0.00405
18	0.01034	0.00886	0.01034	0.00738	0.01181	0.00664	0.00591	0.01255	0.01034	0.01624	0.00886	0.01034	0.00738	0.00369	0.00369	0.00074	0.00369	0.00295	0.00295	0.85530
19	0.01304	0.01188	0.01593	0.08333	0.36862	0.08051	0.01159	0.04420	0.07858	0.05801	0.01062	0.01250	0.00844	0.00484	0.00490	0.00138	0.02072	0.00419	0.00305	0.16367
20	0.11268	0.54461	0.11060	0.00977	0.02983	0.07882	0.00950	0.01562	0.02558	0.01375	0.00753	0.00867	0.00648	0.00448	0.00353	0.00122	0.00566	0.00292	0.00234	0.00640
21	0.01234	0.01184	0.02023	0.03059	0.79373	0.01184	0.01530	0.01530	0.01135	0.01628	0.00938	0.01234	0.00790	0.00444	0.00493	0.00148	0.00592	0.00444	0.00247	0.00790
22	0.01176	0.01345	0.02941	0.02101	0.02605	0.01261	0.77563	0.01597	0.01176	0.01597	0.01008	0.01345	0.00756	0.00420	0.00588	0.00168	0.00840	0.00588	0.00252	0.00672
23	0.00724	0.00486	0.00558	0.00558	0.00563	0.00491	0.00320	0.00734	0.00729	0.00977	0.01558	0.03190	0.01781	0.78139	0.06838	0.00501	0.00530	0.00714	0.00300	0.00310
24	0.00606	0.00438	0.00574	0.00683	0.00720	0.00406	0.00458	0.00695	0.00965	0.01277	0.02886	0.77488	0.07876	0.01544	0.00633	0.00200	0.00287	0.01395	0.00463	0.00406
25	0.00651	0.00496	0.00607	0.00636	0.00747	0.00452	0.00474	0.00810	0.01159	0.01522	0.25329	0.23864	0.29097	0.01360	0.03243	0.00200	0.00312	0.08125	0.00481	0.00435
26	0.01240	0.01071	0.01127	0.01014	0.01296	0.01240	0.00789	0.02649	0.78473	0.02085	0.02029	0.01860	0.01522	0.00676	0.00507	0.00169	0.00394	0.00564	0.00507	0.00789
27	0.01029	0.00976	0.01654	0.57757	0.26273	0.01131	0.01428	0.01351	0.01038	0.01380	0.00901	0.01300	0.00702	0.00482	0.00497	0.00161	0.00643	0.00443	0.00229	0.00625
28	0.01837	0.02302	0.01439	0.01352	0.04684	0.75218	0.00986	0.03949	0.01426	0.01287	0.00788	0.00920	0.00653	0.00513	0.00453	0.00130	0.00877	0.00329	0.00263	0.00593

[dist]
# distance from previous block
# <min> <max>
0	1

[block]
# block no. 3 follows, 50 sequences, length 14
# corresponding to MSA columns:
# 158-171
name=unknown_D
#
# <colnr> <probs for GDERKNQSTAVLIFYWHMCP>
#	G	D	E	R	K	N	Q	S	T	A	V	L	I	F	Y	W	H	M	C	P
0	0.00705	0.00510	0.00666	0.00627	0.00745	0.00470	0.00470	0.00941	0.01411	0.01999	0.79110	0.03723	0.04703	0.01019	0.00588	0.00157	0.00235	0.00901	0.00549	0.00470
1	0.01034	0.00886	0.01034	0.00738	0.01181	0.00664	0.00591	0.01255	0.01034	0.01624	0.00886	0.01034	0.00738	0.00369	0.00369	0.00074	0.00369	0.00295	0.00295	0.85530
2	0.00929	0.00465	0.00465	0.00465	0.00581	0.00465	0.00348	0.01161	0.01045	0.01858	0.01626	0.01858	0.01278	0.00581	0.00348	0.00116	0.00232	0.00465	0.85250	0.00465
3	0.00864	0.00664	0.00897	0.03350	0.01048	0.00749	0.00669	0.07203	0.06790	0.01406	0.01397	0.04454	0.01280	0.05438	0.57272	0.00623	0.01080	0.00551	0.00311	0.03953
4	0.01087	0.01035	0.01758	0.42330	0.41249	0.01146	0.01457	0.01401	0.01066	0.01450	0.00912	0.01281	0.00727	0.00471	0.00496	0.00157	0.00628	0.00444	0.00234	0.00671
5	0.00941	0.00886	0.01495	0.81285	0.03433	0.01107	0.01384	0.01274	0.00997	0.01274	0.00886	0.01329	0.00664	0.00498	0.00498	0.00166	0.00664	0.00443	0.00221	0.00554
6	0.00892	0.00472	0.00498	0.00491	0.00608	0.00466	0.00368	0.01125	0.01105	0.01881	0.14373	0.02165	0.01841	0.00653	0.00388	0.00123	0.00233	0.00536	0.71316	0.00466
7	0.01198	0.01258	0.06995	0.05244	0.65781	0.01208	0.01510	0.01499	0.01096	0.01580	0.00911	0.01213	0.00765	0.00482	0.00584	0.00155	0.07084	0.00439	0.00241	0.00759
8	0.01171	0.01328	0.02848	0.02048	0.02519	0.01278	0.72499	0.01570	0.01149	0.01570	0.00985	0.01328	0.00750	0.00450	0.00658	0.00171	0.06187	0.00578	0.00250	0.00664
9	0.00762	0.00555	0.00747	0.00835	0.00954	0.00541	0.00712	0.00974	0.01161	0.01507	0.09125	0.07863	0.12596	0.01340	0.00666	0.00215	0.00409	0.58116	0.00467	0.00453
10	0.01126	0.15678	0.60911	0.01305	0.01964	0.01323	0.01607	0.07657	0.01149	0.01637	0.00886	0.01022	0.00650	0.00476	0.00450	0.00149	0.00688	0.00358	0.00234	0.00730
11	0.00886	0.00670	0.00889	0.00834	0.00963	0.00762	0.00648	0.10090	0.04586	0.01491	0.07572	0.02066	0.01509	0.07935	0.54050	0.00609	0.03041	0.00564	0.00329	0.00504
12	0.01221	0.03554	0.01306	0.01035	0.01260	0.01106	0.08086	0.22236	0.06425	0.02042	0.11718	0.08143	0.01622	0.00756	0.00689	0.00163	0.13783	0.00602	0.13629	0.00625
13	0.12681	0.29027	0.15522	0.01278	0.11596	0.03080	0.04563	0.01532	0.03970	0.01549	0.00912	0.01161	0.00771	0.00483	0.00407	0.00135	0.00557	0.03060	0.00259	0.07455

[dist]
# distance from previous block
# <min> <max>
7	11

[block]
# block no. 4 follows, 50 sequences, length 13
# corresponding to MSA columns:
# 184-196
name=unknown_E
#
# <colnr> <probs for GDERKNQSTAVLIFYWHMCP>
#	G	D	E	R	K	N	Q	S	T	A	V	L	I	F	Y	W	H	M	C	P
0	0.02849	0.42304	0.17881	0.00960	0.01383	0.04138	0.00992	0.04165	0.01138	0.01493	0.13236	0.01346	0.01293	0.00547	0.00432	0.00130	0.02121	0.00401	0.00282	0.02910
1	0.04438	0.50902	0.14562	0.00954	0.01408	0.01644	0.00983	0.09831	0.01179	0.05350	0.00879	0.00970	0.00712	0.00469	0.00373	0.00124	0.00544	0.00322	0.03676	0.00677
2	0.46823	0.03195	0.18305	0.00906	0.01339	0.01073	0.03620	0.01543	0.00972	0.07660	0.00864	0.00972	0.00643	0.00464	0.00376	0.00146	0.00483	0.00323	0.00304	0.09991
3	0.01180	0.53649	0.24258	0.00986	0.01479	0.01620	0.01094	0.01455	0.01034	0.01301	0.01094	0.01187	0.06839	0.00506	0.00384	0.00126	0.00568	0.00357	0.00232	0.00650
4	0.63216	0.14147	0.04936	0.00763	0.01108	0.06131	0.00679	0.01507	0.00919	0.01973	0.00708	0.00825	0.00566	0.00461	0.00327	0.00145	0.00458	0.00277	0.00285	0.00568
5	0.86003	0.00964	0.00733	0.00655	0.00964	0.01118	0.00540	0.01465	0.00848	0.02236	0.00694	0.00810	0.00540	0.00463	0.00308	0.00154	0.00386	0.00270	0.00308	0.00540
6	0.00866	0.00433	0.00649	0.00649	0.00649	0.00433	0.00433	0.00649	0.00649	0.00866	0.00866	0.01515	0.00866	0.01732	0.01948	0.85498	0.00433	0.00433	0.00216	0.00216
7	0.00696	0.00509	0.00654	0.00617	0.00739	0.00466	0.00463	0.00923	0.01389	0.01947	0.73261	0.03808	0.10584	0.01038	0.00588	0.00158	0.00237	0.00913	0.00542	0.00466
8	0.01264	0.56866	0.14822	0.00970	0.01423	0.01725	0.01002	0.01690	0.13344	0.01383	0.00938	0.01009	0.00779	0.00474	0.00374	0.00125	0.00544	0.00330	0.00260	0.00679
9	0.01216	0.01074	0.01191	0.01061	0.01298	0.01285	0.00837	0.02418	0.66109	0.01944	0.01810	0.01737	0.01384	0.00707	0.00687	0.00177	0.13310	0.00543	0.00461	0.00750
10	0.01001	0.01211	0.13826	0.01200	0.01326	0.01273	0.01085	0.01182	0.00810	0.01233	0.00852	0.01384	0.00824	0.08967	0.09778	0.00295	0.52517	0.00463	0.00230	0.00542
11	0.01121	0.01107	0.01595	0.01324	0.01439	0.01420	0.09143	0.01474	0.13182	0.01399	0.00919	0.01238	0.00806	0.00774	0.01297	0.00199	0.56993	0.00467	0.00271	0.03831
12	0.05319	0.14171	0.01271	0.00983	0.03217	0.22009	0.00752	0.01373	0.03978	0.01279	0.01220	0.06973	0.01197	0.09874	0.18732	0.00328	0.02988	0.03523	0.00289	0.00524

[dist]
# distance from previous block
# <min> <max>
2	11

[block]
# block no. 5 follows, 50 sequences, length 15
# corresponding to MSA columns:
# 208-222
name=unknown_F
#
# <colnr> <probs for GDERKNQSTAVLIFYWHMCP>
#	G	D	E	R	K	N	Q	S	T	A	V	L	I	F	Y	W	H	M	C	P
0	0.06344	0.00717	0.05591	0.00746	0.00921	0.00621	0.00600	0.01166	0.08791	0.05918	0.25003	0.28471	0.09756	0.01096	0.00567	0.00175	0.00324	0.02201	0.00475	0.00518
1	0.06650	0.15681	0.15167	0.01132	0.01552	0.08876	0.06704	0.05729	0.20693	0.11088	0.01273	0.01288	0.00945	0.00539	0.00456	0.00149	0.00570	0.00425	0.00362	0.00720
2	0.03343	0.21786	0.43729	0.01219	0.01805	0.01341	0.04153	0.06336	0.01159	0.09313	0.00969	0.01068	0.00709	0.00482	0.00441	0.00145	0.00640	0.00367	0.00273	0.00724
3	0.01603	0.06515	0.04466	0.05087	0.24152	0.10344	0.04687	0.02862	0.02966	0.26630	0.02408	0.01386	0.00981	0.00528	0.00481	0.00147	0.00569	0.00450	0.02995	0.00742
4	0.00928	0.08702	0.00898	0.00671	0.00855	0.00684	0.00525	0.01189	0.06031	0.09167	0.41118	0.03275	0.16184	0.06792	0.00688	0.00178	0.00313	0.00792	0.00487	0.00522
5	0.01503	0.01133	0.03954	0.08582	0.10956	0.03103	0.11674	0.17198	0.07009	0.17316	0.01356	0.01449	0.00977	0.00547	0.00491	0.00151	0.00545	0.00482	0.10846	0.00728
6	0.01006	0.06156	0.63251	0.01293	0.01946	0.01110	0.01603	0.01507	0.01055	0.01558	0.00997	0.01334	0.00787	0.00519	0.00470	0.00152	0.00673	0.05256	0.00235	0.09091
7	0.00717	0.00531	0.00693	0.00783	0.00893	0.00507	0.00643	0.00896	0.01107	0.01416	0.03189	0.20592	0.19694	0.01388	0.00656	0.00211	0.00380	0.44803	0.00461	0.00440
8	0.01469	0.01229	0.01303	0.01221	0.07623	0.06370	0.00894	0.19745	0.46771	0.05339	0.01667	0.01589	0.01240	0.00627	0.00500	0.00160	0.00479	0.00510	0.00473	0.00791
9	0.00853	0.00546	0.00692	0.00727	0.00832	0.00515	0.00520	0.05632	0.01118	0.09164	0.04215	0.58229	0.10336	0.01365	0.00610	0.00191	0.00318	0.03174	0.00482	0.00480
10	0.01127	0.26976	0.36935	0.01191	0.04292	0.01359	0.01281	0.04900	0.06105	0.01526	0.01104	0.09052	0.00970	0.00584	0.00446	0.00146	0.00594	0.00459	0.00269	0.00684
11	0.05125	0.11172	0.17452	0.01347	0.06314	0.15297	0.08677	0.17429	0.02586	0.03823	0.00961	0.01083	0.00732	0.00494	0.00457	0.00141	0.00655	0.00389	0.00309	0.05557
12	0.01366	0.11589	0.11587	0.03537	0.30710	0.04408	0.05387	0.10590	0.06628	0.06479	0.01077	0.01229	0.00833	0.00495	0.00472	0.00146	0.00595	0.00428	0.01694	0.00750
13	0.02818	0.18081	0.08002	0.03195	0.19770	0.01265	0.13014	0.07049	0.03524	0.01661	0.05539	0.03466	0.02335	0.00528	0.00469	0.00141	0.00565	0.00474	0.00295	0.07809
14	0.05961	0.08803	0.10703	0.01968	0.04472	0.12078	0.05870	0.08745	0.06875	0.04032	0.03714	0.06132	0.10416	0.00701	0.00491	0.00152	0.00547	0.03826	0.00355	0.04159

[dist]
# distance from previous block
# <min> <max>
6	40

[block]
# block no. 6 follows, 50 sequences, length 13
# corresponding to MSA columns:
# 263-275
name=unknown_G
#
# <colnr> <probs for GDERKNQSTAVLIFYWHMCP>
#	G	D	E	R	K	N	Q	S	T	A	V	L	I	F	Y	W	H	M	C	P
0	0.01362	0.40610	0.15140	0.01291	0.13659	0.01467	0.01092	0.01622	0.01095	0.11719	0.00945	0.01043	0.00746	0.00459	0.00400	0.00126	0.00552	0.00344	0.00277	0.06054
1	0.01150	0.33316	0.13870	0.11523	0.01584	0.01325	0.00979	0.06640	0.01118	0.03752	0.01517	0.01635	0.12997	0.00674	0.00530	0.05515	0.00529	0.00459	0.00285	0.00603
2	0.06526	0.41869	0.11669	0.01218	0.13536	0.01478	0.01002	0.03430	0.01078	0.01437	0.01345	0.01438	0.11038	0.00552	0.00406	0.00132	0.00522	0.00416	0.00265	0.00645
3	0.06646	0.39007	0.27244	0.01070	0.01584	0.01589	0.01167	0.13465	0.01224	0.01679	0.00837	0.00944	0.00663	0.00471	0.00397	0.00133	0.00592	0.00328	0.00263	0.00697
4	0.39836	0.09841	0.20483	0.00940	0.01384	0.01154	0.02888	0.01664	0.01023	0.15230	0.00969	0.01034	0.00697	0.00487	0.00390	0.00151	0.00505	0.00341	0.00326	0.00655
5	0.01021	0.05043	0.46446	0.01149	0.01675	0.01037	0.01324	0.01599	0.11352	0.04151	0.13509	0.01749	0.04793	0.00620	0.00493	0.00156	0.00566	0.00506	0.00328	0.02481
6	0.01658	0.00721	0.00945	0.00779	0.01066	0.00630	0.00618	0.01843	0.01274	0.48287	0.05292	0.14370	0.01678	0.00760	0.00497	0.00151	0.00366	0.00643	0.11750	0.06675
7	0.01302	0.00892	0.08864	0.11511	0.01478	0.00730	0.00886	0.01557	0.01225	0.28088	0.08479	0.05963	0.06339	0.00868	0.00556	0.00176	0.00461	0.17942	0.02055	0.00628
8	0.12490	0.49571	0.02016	0.00918	0.01235	0.07246	0.00838	0.01452	0.00999	0.01360	0.04442	0.00993	0.00823	0.00536	0.00547	0.00134	0.13227	0.00328	0.00246	0.00599
9	0.00791	0.00593	0.00859	0.11502	0.01301	0.00618	0.00827	0.01011	0.01097	0.01428	0.02424	0.17051	0.02644	0.01290	0.00655	0.00217	0.00460	0.54340	0.00428	0.00463
10	0.01184	0.24246	0.40741	0.01120	0.01701	0.01274	0.01296	0.01564	0.01065	0.06976	0.00913	0.01025	0.00693	0.00454	0.00417	0.00130	0.00601	0.00338	0.00253	0.14008
11	0.01277	0.13275	0.37627	0.01451	0.12015	0.03555	0.02813	0.01661	0.01133	0.13141	0.01153	0.01459	0.00903	0.00548	0.00475	0.00153	0.00630	0.05713	0.00296	0.00721
12	0.00774	0.00556	0.00734	0.00718	0.00787	0.00613	0.00514	0.04499	0.00845	0.01178	0.01420	0.02428	0.01447	0.34195	0.46375	0.00646	0.00966	0.00604	0.00292	0.00409

[dist]
# distance from previous block
# <min> <max>
0	3

[block]
# block no. 7 follows, 50 sequences, length 7
# corresponding to MSA columns:
# 279-285
name=unknown_H
#
# <colnr> <probs for GDERKNQSTAVLIFYWHMCP>
#	G	D	E	R	K	N	Q	S	T	A	V	L	I	F	Y	W	H	M	C	P
0	0.57322	0.15938	0.01180	0.00791	0.01113	0.13928	0.00664	0.01554	0.00968	0.01883	0.00706	0.00822	0.00574	0.00464	0.00333	0.00142	0.00494	0.00277	0.00283	0.00564
1	0.00773	0.00586	0.00789	0.00873	0.05335	0.00544	0.00621	0.00944	0.01082	0.01487	0.14475	0.28095	0.02835	0.07534	0.00751	0.00206	0.00369	0.21509	0.00430	0.10764
2	0.00977	0.13778	0.05691	0.00789	0.00999	0.00759	0.00649	0.01128	0.01033	0.10812	0.02070	0.48308	0.02266	0.01109	0.00539	0.00169	0.00377	0.00973	0.00414	0.07161
3	0.01128	0.25477	0.21835	0.00999	0.01446	0.01170	0.03370	0.01431	0.01114	0.05963	0.10517	0.01701	0.01357	0.00586	0.00447	0.00135	0.00521	0.06312	0.00310	0.14181
4	0.03398	0.16706	0.20168	0.01050	0.01454	0.04102	0.02564	0.13701	0.09058	0.03855	0.11707	0.05900	0.01507	0.00658	0.00478	0.00151	0.00528	0.01974	0.00366	0.00673
5	0.03571	0.24166	0.11197	0.00929	0.01283	0.03145	0.05006	0.01493	0.01229	0.14264	0.26400	0.01958	0.02058	0.00658	0.00473	0.00142	0.00466	0.00542	0.00393	0.00628
6	0.01323	0.38478	0.10326	0.00938	0.01326	0.03775	0.03988	0.01558	0.01183	0.13930	0.16907	0.01591	0.01566	0.00585	0.00435	0.00133	0.00501	0.00459	0.00349	0.00648

[dist]
# distance from previous block
# <min> <max>
7	38

[block]
# block no. 8 follows, 50 sequences, length 64
# corresponding to MSA columns:
# 324-367,376-395
name=unknown_I
#
# <colnr> <probs for GDERKNQSTAVLIFYWHMCP>
#	G	D	E	R	K	N	Q	S	T	A	V	L	I	F	Y	W	H	M	C	P
0	0.21098	0.13383	0.18181	0.01018	0.01458	0.01258	0.03719	0.13184	0.06440	0.07171	0.02469	0.02433	0.00871	0.00526	0.00424	0.00146	0.00521	0.00395	0.00341	0.04963
1	0.16009	0.12787	0.36077	0.01110	0.01631	0.01255	0.02528	0.07493	0.07405	0.01795	0.01099	0.01192	0.03545	0.00515	0.00431	0.00148	0.00576	0.00385	0.00287	0.03732
2	0.26878	0.41091	0.05392	0.00868	0.01268	0.01608	0.00819	0.14055	0.01185	0.01836	0.00786	0.00880	0.00644	0.00468	0.00353	0.00130	0.00501	0.00302	0.00289	0.00648
3	0.17283	0.05323	0.22387	0.01031	0.01481	0.03968	0.01032	0.15313	0.01361	0.19567	0.05684	0.01316	0.01026	0.00557	0.00452	0.00151	0.00534	0.00419	0.00393	0.00719
4	0.00612	0.00506	0.00537	0.00529	0.00687	0.00431	0.00397	0.00760	0.01190	0.01474	0.19579	0.04586	0.64562	0.01215	0.00589	0.00166	0.00249	0.01022	0.00480	0.00431
5	0.00615	0.00466	0.00568	0.00628	0.00711	0.00419	0.00438	0.00734	0.01072	0.01395	0.13972	0.47934	0.26451	0.01396	0.00615	0.00186	0.00271	0.01235	0.00475	0.00419
6	0.01148	0.01213	0.02303	0.12533	0.06470	0.01311	0.41975	0.03728	0.01082	0.01502	0.00906	0.01269	0.00723	0.00550	0.00829	0.00179	0.20877	0.00519	0.00247	0.00636
7	0.01240	0.01071	0.01127	0.01014	0.01296	0.01240	0.00789	0.02649	0.78473	0.02085	0.02029	0.01860	0.01522	0.00676	0.00507	0.00169	0.00394	0.00564	0.00507	0.00789
8	0.00941	0.00886	0.01495	0.81285	0.03433	0.01107	0.01384	0.01274	0.00997	0.01274	0.00886	0.01329	0.00664	0.00498	0.00498	0.00166	0.00664	0.00443	0.00221	0.00554
9	0.01240	0.01071	0.01127	0.01014	0.01296	0.01240	0.00789	0.02649	0.78473	0.02085	0.02029	0.01860	0.01522	0.00676	0.00507	0.00169	0.00394	0.00564	0.00507	0.00789
10	0.00712	0.00534	0.00801	0.00801	0.00890	0.00623	0.00623	0.00890	0.00801	0.01157	0.01335	0.01958	0.01246	0.03738	0.80507	0.00801	0.01335	0.00534	0.00267	0.00445
11	0.01333	0.82783	0.02612	0.00853	0.01279	0.01972	0.00853	0.01493	0.01013	0.01173	0.00693	0.00800	0.00640	0.00426	0.00320	0.00107	0.00533	0.00267	0.00213	0.00640
12	0.00613	0.00438	0.00585	0.00700	0.00732	0.00410	0.00472	0.00703	0.00960	0.01279	0.02744	0.80026	0.03285	0.01556	0.00638	0.00203	0.00294	0.03495	0.00463	0.00406
13	0.01096	0.01128	0.01238	0.01117	0.01198	0.16055	0.00895	0.01235	0.00899	0.01188	0.00927	0.01374	0.00870	0.01859	0.30427	0.00416	0.36871	0.00451	0.00243	0.00515
14	0.00589	0.00505	0.00505	0.00505	0.00673	0.00421	0.00379	0.00715	0.01136	0.01347	0.05049	0.04797	0.79171	0.01262	0.00589	0.00168	0.00252	0.01052	0.00463	0.00421
15	0.01223	0.01045	0.01108	0.00995	0.01270	0.01202	0.00774	0.04085	0.72506	0.02102	0.06424	0.01953	0.01690	0.00694	0.00512	0.00168	0.00389	0.00581	0.00509	0.00772
16	0.00712	0.00534	0.00801	0.00801	0.00890	0.00623	0.00623	0.00890	0.00801	0.01157	0.01335	0.01958	0.01246	0.03738	0.80507	0.00801	0.01335	0.00534	0.00267	0.00445
17	0.01363	0.78180	0.02543	0.00878	0.01294	0.06466	0.00859	0.01521	0.01036	0.01175	0.00697	0.00805	0.00640	0.00431	0.00327	0.00108	0.00554	0.00270	0.00216	0.00636
18	0.01277	0.01263	0.01949	0.02863	0.71194	0.06665	0.01464	0.01602	0.03929	0.01617	0.00965	0.01233	0.00806	0.00457	0.00491	0.00147	0.00606	0.00440	0.00257	0.00775
19	0.00712	0.00534	0.00801	0.00801	0.00890	0.00623	0.00623	0.00890	0.00801	0.01157	0.01335	0.01958	0.01246	0.03738	0.80507	0.00801	0.01335	0.00534	0.00267	0.00445
20	0.00712	0.00534	0.00801	0.00801	0.00890	0.00623	0.00623	0.00890	0.00801	0.01157	0.01335	0.01958	0.01246	0.03738	0.80507	0.00801	0.01335	0.00534	0.00267	0.00445
21	0.01160	0.01313	0.02841	0.07572	0.02662	0.01250	0.72299	0.01574	0.01164	0.01574	0.01000	0.01343	0.00750	0.00426	0.00582	0.00168	0.00828	0.00578	0.00250	0.00664
22	0.01240	0.01071	0.01127	0.01014	0.01296	0.01240	0.00789	0.02649	0.78473	0.02085	0.02029	0.01860	0.01522	0.00676	0.00507	0.00169	0.00394	0.00564	0.00507	0.00789
23	0.01034	0.00886	0.01034	0.00738	0.01181	0.00664	0.00591	0.01255	0.01034	0.01624	0.00886	0.01034	0.00738	0.00369	0.00369	0.00074	0.00369	0.00295	0.00295	0.85530
24	0.00950	0.00898	0.01497	0.76707	0.03311	0.01131	0.01367	0.01269	0.00983	0.01269	0.00873	0.01315	0.00664	0.00520	0.00563	0.00169	0.05296	0.00443	0.00221	0.00553
25	0.00614	0.00441	0.00584	0.00695	0.00732	0.00411	0.00472	0.00707	0.00968	0.01283	0.02826	0.76621	0.06018	0.01544	0.00636	0.00202	0.00294	0.04081	0.00463	0.00407
26	0.00858	0.00436	0.00643	0.00643	0.00643	0.00436	0.00425	0.00654	0.00654	0.00872	0.00906	0.01615	0.00920	0.06354	0.01982	0.80631	0.00436	0.00450	0.00221	0.00221
27	0.00624	0.00445	0.00589	0.00681	0.00720	0.00416	0.00459	0.00728	0.01008	0.01360	0.12898	0.69335	0.03440	0.03910	0.00687	0.00205	0.00288	0.01328	0.00469	0.00411
28	0.00847	0.00608	0.00693	0.00653	0.00749	0.00629	0.00449	0.07503	0.05869	0.01408	0.07964	0.03006	0.11005	0.41950	0.10612	0.00393	0.00523	0.00711	0.04000	0.00430
29	0.86003	0.00964	0.00733	0.00655	0.00964	0.01118	0.00540	0.01465	0.00848	0.02236	0.00694	0.00810	0.00540	0.00463	0.00308	0.00154	0.00386	0.00270	0.00308	0.00540
30	0.00725	0.00553	0.00825	0.00818	0.00904	0.00653	0.00639	0.00900	0.00800	0.01159	0.01312	0.01929	0.01226	0.03642	0.77855	0.00781	0.04033	0.00531	0.00265	0.00448
31	0.01408	0.71317	0.02441	0.00914	0.01317	0.13167	0.00869	0.01564	0.01070	0.01179	0.00704	0.00814	0.00640	0.00439	0.00338	0.00110	0.00585	0.00274	0.00219	0.00631
32	0.01000	0.02578	0.79900	0.01421	0.02157	0.01158	0.01842	0.01579	0.01052	0.01579	0.00895	0.01052	0.00631	0.00474	0.00474	0.00158	0.00737	0.00368	0.00210	0.00737
33	0.01533	0.07938	0.04365	0.01527	0.07833	0.44189	0.15128	0.01743	0.01255	0.01331	0.00891	0.03931	0.00770	0.00540	0.00539	0.00144	0.05052	0.00423	0.00256	0.00614
34	0.04302	0.00928	0.01503	0.65427	0.04461	0.01164	0.02593	0.01282	0.00967	0.01314	0.00853	0.01277	0.00662	0.00541	0.00634	0.00172	0.10698	0.00438	0.00225	0.00558
35	0.01183	0.01219	0.02302	0.08086	0.38288	0.01228	0.31296	0.01543	0.02652	0.01578	0.00969	0.01289	0.00775	0.00465	0.00591	0.00161	0.04909	0.00502	0.00251	0.00714
36	0.01017	0.00856	0.01064	0.00791	0.01183	0.00676	0.03342	0.01236	0.01058	0.03066	0.05498	0.06171	0.01130	0.00495	0.00431	0.00094	0.01853	0.00415	0.00323	0.69302
37	0.00607	0.00434	0.00578	0.00694	0.00723	0.00405	0.00463	0.00694	0.00954	0.01272	0.02747	0.82157	0.03297	0.01562	0.00636	0.00202	0.00289	0.01417	0.00463	0.00405
38	0.01392	0.01238	0.01227	0.01107	0.03369	0.08693	0.00844	0.14305	0.56033	0.02157	0.03034	0.01681	0.01367	0.00648	0.00501	0.00161	0.00468	0.00525	0.00476	0.00773
39	0.00707	0.00593	0.03757	0.00656	0.00804	0.00496	0.00527	0.00942	0.01352	0.01880	0.63648	0.03832	0.13642	0.01043	0.00588	0.00161	0.00267	0.04112	0.00521	0.00474
40	0.01157	0.26022	0.51050	0.01256	0.01878	0.01382	0.04235	0.01590	0.01061	0.04803	0.00885	0.01016	0.00664	0.00464	0.00434	0.00143	0.00667	0.00352	0.00230	0.00711
41	0.01178	0.01701	0.26667	0.01732	0.02247	0.02489	0.40680	0.02946	0.01130	0.04609	0.00974	0.01232	0.00725	0.00495	0.00651	0.00168	0.08939	0.00494	0.00254	0.00688
42	0.00829	0.00607	0.00819	0.00916	0.01040	0.00619	0.00787	0.01145	0.07236	0.01529	0.02596	0.08655	0.02781	0.01330	0.00672	0.00224	0.00447	0.66823	0.00463	0.00483
43	0.00713	0.00532	0.00790	0.00790	0.00875	0.00617	0.00609	0.00883	0.00798	0.01149	0.01345	0.02014	0.01270	0.07107	0.77172	0.00787	0.01299	0.00542	0.00269	0.00439
44	0.01022	0.04258	0.71646	0.01466	0.02176	0.01184	0.08248	0.01578	0.01062	0.01571	0.00900	0.01072	0.00642	0.00468	0.00480	0.00158	0.00741	0.00385	0.00214	0.00729
45	0.01333	0.82783	0.02612	0.00853	0.01279	0.01972	0.00853	0.01493	0.01013	0.01173	0.00693	0.00800	0.00640	0.00426	0.00320	0.00107	0.00533	0.00267	0.00213	0.00640
46	0.00662	0.00507	0.00593	0.00577	0.00705	0.00454	0.00427	0.00831	0.01229	0.01623	0.39469	0.04178	0.35150	0.08402	0.00765	0.00193	0.00271	0.03040	0.00489	0.00435
47	0.01895	0.01396	0.01496	0.01147	0.01546	0.01546	0.00947	0.77711	0.02344	0.03141	0.01197	0.01197	0.00848	0.00598	0.00499	0.00150	0.00548	0.00449	0.00499	0.00848
48	0.01183	0.01328	0.02844	0.02202	0.10709	0.01252	0.69537	0.01590	0.01172	0.01600	0.01001	0.01333	0.00760	0.00423	0.00578	0.00166	0.00814	0.00573	0.00252	0.00685
49	0.01333	0.82783	0.02612	0.00853	0.01279	0.01972	0.00853	0.01493	0.01013	0.01173	0.00693	0.00800	0.00640	0.00426	0.00320	0.00107	0.00533	0.00267	0.00213	0.00640
50	0.01095	0.01105	0.01444	0.01254	0.01278	0.05951	0.01034	0.01212	0.00804	0.01196	0.00733	0.01171	0.00716	0.01154	0.09894	0.00275	0.68483	0.00440	0.00225	0.00537
51	0.01725	0.00733	0.00991	0.00803	0.01097	0.00643	0.00645	0.01926	0.01404	0.53947	0.24527	0.05441	0.02328	0.00771	0.00532	0.00157	0.00364	0.00654	0.00591	0.00721
52	0.01205	0.01161	0.01842	0.02663	0.63574	0.04247	0.01406	0.01476	0.01126	0.01573	0.01094	0.01676	0.00995	0.00570	0.00578	0.00160	0.05237	0.08417	0.00268	0.00732
53	0.01224	0.01174	0.02005	0.05690	0.76820	0.01182	0.01525	0.01521	0.01130	0.01616	0.00936	0.01237	0.00785	0.00446	0.00494	0.00149	0.00595	0.00444	0.00246	0.00782
54	0.01240	0.01071	0.01127	0.01014	0.01296	0.01240	0.00789	0.02649	0.78473	0.02085	0.02029	0.01860	0.01522	0.00676	0.00507	0.00169	0.00394	0.00564	0.00507	0.00789
55	0.00702	0.00509	0.00662	0.00624	0.00743	0.00469	0.00468	0.00935	0.01404	0.01982	0.77194	0.03751	0.06630	0.01025	0.00588	0.00157	0.00236	0.00905	0.00546	0.00469
56	0.01240	0.01071	0.01127	0.01014	0.01296	0.01240	0.00789	0.02649	0.78473	0.02085	0.02029	0.01860	0.01522	0.00676	0.00507	0.00169	0.00394	0.00564	0.00507	0.00789
57	0.00742	0.00560	0.00719	0.00789	0.00921	0.00543	0.00665	0.00960	0.02588	0.01440	0.03278	0.05093	0.25714	0.01464	0.05224	0.00243	0.00446	0.47707	0.00450	0.00453
58	0.01008	0.04502	0.78046	0.01407	0.02136	0.01177	0.01818	0.01576	0.01051	0.01569	0.00890	0.01046	0.00632	0.00472	0.00470	0.00157	0.00732	0.00366	0.00211	0.00734
59	0.01696	0.01378	0.01317	0.01105	0.01418	0.21075	0.03844	0.11748	0.23809	0.20713	0.02771	0.01494	0.01148	0.00668	0.02029	0.00165	0.01957	0.00477	0.00451	0.00737
60	0.01091	0.01091	0.01527	0.01309	0.01309	0.01527	0.01091	0.01200	0.00763	0.01200	0.00654	0.01091	0.00654	0.00872	0.01636	0.00218	0.81570	0.00436	0.00218	0.00545
61	0.01034	0.00886	0.01034	0.00738	0.01181	0.00664	0.00591	0.01255	0.01034	0.01624	0.00886	0.01034	0.00738	0.00369	0.00369	0.00074	0.00369	0.00295	0.00295	0.85530
62	0.01127	0.01153	0.01504	0.01296	0.01313	0.06088	0.01073	0.01239	0.00802	0.01200	0.00676	0.01098	0.00666	0.00913	0.03263	0.00225	0.75165	0.00432	0.00221	0.00545
63	0.00608	0.00446	0.00572	0.00672	0.00722	0.00410	0.00457	0.00703	0.00983	0.01287	0.03066	0.69978	0.13853	0.01517	0.00631	0.00198	0.00287	0.02739	0.00463	0.00408

[dist]
# distance from previous block
# <min> <max>
2	3

[block]
# block no. 9 follows, 50 sequences, length 8
# corresponding to MSA columns:
# 399-406
name=unknown_J
#
# <colnr> <probs for GDERKNQSTAVLIFYWHMCP>
#	G	D	E	R	K	N	Q	S	T	A	V	L	I	F	Y	W	H	M	C	P
0	0.01363	0.01076	0.01213	0.08312	0.03543	0.06449	0.00795	0.14624	0.04207	0.10301	0.01142	0.03331	0.00895	0.00502	0.00439	0.00117	0.00475	0.00403	0.00367	0.40448
1	0.00805	0.00601	0.00884	0.03809	0.01140	0.00602	0.03535	0.01039	0.01153	0.01514	0.08105	0.08750	0.02868	0.01294	0.00668	0.00218	0.00456	0.61639	0.00450	0.00468
2	0.01728	0.00706	0.00920	0.00761	0.01039	0.00629	0.00607	0.01918	0.01279	0.51573	0.01973	0.11023	0.01483	0.00717	0.00479	0.00150	0.00362	0.00598	0.21350	0.00703
3	0.01934	0.01333	0.01457	0.01117	0.01514	0.01452	0.00923	0.69022	0.02238	0.11980	0.01286	0.01254	0.00892	0.00600	0.00499	0.00150	0.00534	0.00455	0.00512	0.00848
4	0.00692	0.00509	0.00648	0.00613	0.00736	0.00465	0.00460	0.00915	0.01380	0.01924	0.70642	0.03846	0.13218	0.01047	0.00588	0.00158	0.00237	0.00919	0.00539	0.00465
5	0.01091	0.01091	0.01527	0.01309	0.01309	0.01527	0.01091	0.01200	0.00763	0.01200	0.00654	0.01091	0.00654	0.00872	0.01636	0.00218	0.81570	0.00436	0.00218	0.00545
6	0.01034	0.00886	0.01034	0.00738	0.01181	0.00664	0.00591	0.01255	0.01034	0.01624	0.00886	0.01034	0.00738	0.00369	0.00369	0.00074	0.00369	0.00295	0.00295	0.85530
7	0.07108	0.00501	0.00484	0.00478	0.00609	0.00512	0.00362	0.01184	0.01031	0.01886	0.01558	0.01782	0.01224	0.00572	0.00346	0.00119	0.00243	0.00450	0.79081	0.00470

[dist]
# distance from previous block
# <min> <max>
0	4

[block]
# block no. 10 follows, 50 sequences, length 49
# corresponding to MSA columns:
# 411,420-467
name=unknown_K
#
# <colnr> <probs for GDERKNQSTAVLIFYWHMCP>
#	G	D	E	R	K	N	Q	S	T	A	V	L	I	F	Y	W	H	M	C	P
0	0.01004	0.00950	0.01608	0.64581	0.19649	0.01124	0.01415	0.01328	0.01026	0.01349	0.00897	0.01309	0.00691	0.00487	0.00497	0.00162	0.00649	0.00443	0.00227	0.00604
1	0.01091	0.01091	0.01527	0.01309	0.01309	0.01527	0.01091	0.01200	0.00763	0.01200	0.00654	0.01091	0.00654	0.00872	0.01636	0.00218	0.81570	0.00436	0.00218	0.00545
2	0.02201	0.00905	0.01192	0.00914	0.01301	0.00817	0.00755	0.10280	0.01522	0.71732	0.01886	0.01644	0.01194	0.00615	0.00501	0.00154	0.00437	0.00496	0.00605	0.00848
3	0.01107	0.28373	0.55044	0.01238	0.01875	0.01420	0.01524	0.01551	0.01040	0.01448	0.00830	0.00971	0.00634	0.00458	0.00424	0.00141	0.00671	0.00336	0.00211	0.00705
4	0.00680	0.00497	0.00638	0.00627	0.00735	0.00456	0.00461	0.00882	0.01316	0.01828	0.60694	0.16026	0.11050	0.01125	0.00596	0.00165	0.00245	0.00995	0.00528	0.00456
5	0.00803	0.00574	0.00803	0.00918	0.01033	0.00574	0.00803	0.01033	0.01147	0.01492	0.02639	0.05622	0.02869	0.01377	0.00688	0.00229	0.00459	0.76018	0.00459	0.00459
6	0.01234	0.01184	0.02023	0.03059	0.79373	0.01184	0.01530	0.01530	0.01135	0.01628	0.00938	0.01234	0.00790	0.00444	0.00493	0.00148	0.00592	0.00444	0.00247	0.00790
7	0.01248	0.01165	0.01926	0.07242	0.68321	0.01187	0.01456	0.06408	0.01196	0.01691	0.00966	0.01283	0.00810	0.02330	0.00541	0.00157	0.00591	0.00451	0.00263	0.00769
8	0.00606	0.00502	0.00510	0.00510	0.00657	0.00429	0.00369	0.00717	0.01084	0.01298	0.04607	0.04602	0.69337	0.11587	0.00837	0.00208	0.00282	0.01010	0.00442	0.00406
9	0.00606	0.00502	0.00533	0.00553	0.00703	0.00430	0.00416	0.00735	0.01118	0.01349	0.04645	0.12921	0.66048	0.01301	0.00601	0.00176	0.00270	0.06209	0.00463	0.00422
10	0.01126	0.01954	0.40739	0.01717	0.02330	0.01225	0.36364	0.05497	0.01175	0.01667	0.00962	0.01193	0.00700	0.00456	0.00527	0.00162	0.00774	0.00473	0.00244	0.00713
11	0.01173	0.01016	0.01055	0.00965	0.01224	0.03144	0.00756	0.04501	0.60216	0.01971	0.02334	0.02413	0.09682	0.00785	0.00528	0.00172	0.00402	0.06448	0.00492	0.00721
12	0.00865	0.00545	0.00717	0.00654	0.00800	0.00498	0.00498	0.01096	0.01413	0.10104	0.71065	0.03512	0.04341	0.00977	0.00579	0.00157	0.00255	0.00860	0.00556	0.00510
13	0.01475	0.01332	0.22682	0.01085	0.01511	0.00927	0.03162	0.02001	0.14991	0.30711	0.03996	0.02071	0.01405	0.00686	0.00522	0.00167	0.00514	0.09563	0.00455	0.00745
14	0.01037	0.11673	0.71136	0.01356	0.02058	0.01250	0.01730	0.01569	0.01048	0.01533	0.00872	0.01024	0.00632	0.00468	0.00456	0.00152	0.00714	0.00357	0.00211	0.00726
15	0.74164	0.07449	0.00928	0.00701	0.01025	0.01212	0.00590	0.06141	0.00953	0.02208	0.00725	0.00833	0.00567	0.00468	0.00321	0.00150	0.00407	0.00281	0.00313	0.00567
