[name]
unknown

[dist]
# distance from previous block
# <min> <max>
7	97

[block]
# block no. 0 follows, 45 sequences, length 47
# corresponding to MSA columns:
# 136-147,151-185
name=unknown_A
#
# <colnr> <probs for GDERKNQSTAVLIFYWHMCP>
#	G	D	E	R	K	N	Q	S	T	A	V	L	I	F	Y	W	H	M	C	P
0	0.07599	0.08137	0.11498	0.01090	0.01447	0.06846	0.04372	0.05785	0.02492	0.01776	0.01595	0.02727	0.01529	0.00873	0.01826	0.00184	0.00586	0.23908	0.03261	0.12469
1	0.04295	0.01205	0.07210	0.03596	0.16206	0.04752	0.03657	0.04126	0.06321	0.28349	0.04878	0.01943	0.01376	0.06200	0.00693	0.00193	0.00561	0.03207	0.00456	0.00775
2	0.05076	0.17799	0.03861	0.01407	0.12174	0.06739	0.04147	0.16847	0.01501	0.13685	0.03136	0.07442	0.01182	0.00658	0.00523	0.00158	0.01973	0.00529	0.00403	0.00761
3	0.05270	0.01001	0.01341	0.20237	0.01925	0.01009	0.03640	0.09205	0.01266	0.06191	0.03012	0.04980	0.01094	0.00612	0.00557	0.00146	0.04550	0.02608	0.00356	0.31000
4	0.04606	0.01408	0.01767	0.11683	0.30721	0.08310	0.01292	0.25407	0.05719	0.02237	0.01130	0.01316	0.00872	0.00559	0.00523	0.00162	0.00642	0.00468	0.00367	0.00809
5	0.09554	0.33476	0.16575	0.01227	0.03496	0.06356	0.07113	0.08403	0.01256	0.01725	0.00915	0.02114	0.00755	0.00509	0.00435	0.00142	0.00642	0.00380	0.00282	0.04645
6	0.01063	0.01015	0.01590	0.55737	0.07465	0.03434	0.03241	0.01356	0.01047	0.01363	0.00999	0.01577	0.00838	0.07976	0.00865	0.00214	0.08876	0.00504	0.00250	0.00589
7	0.00690	0.00495	0.00632	0.00708	0.00760	0.00464	0.00479	0.00799	0.01077	0.01439	0.12728	0.52488	0.08580	0.12792	0.00965	0.00253	0.00336	0.03396	0.00486	0.00432
8	0.00715	0.00524	0.00651	0.00697	0.00781	0.00489	0.00486	0.00878	0.03591	0.01552	0.19977	0.40335	0.16555	0.05299	0.00825	0.04162	0.00312	0.01217	0.00500	0.00453
9	0.05438	0.13538	0.31665	0.01476	0.07564	0.05170	0.04759	0.08089	0.06062	0.04891	0.01060	0.01201	0.00804	0.00557	0.00565	0.00164	0.05506	0.00421	0.00304	0.00767
10	0.01010	0.00749	0.00824	0.00785	0.00974	0.02740	0.00609	0.10058	0.04804	0.05009	0.13466	0.15426	0.26031	0.01178	0.00615	0.00185	0.00369	0.09077	0.05529	0.00561
11	0.00654	0.00467	0.00623	0.00747	0.00779	0.00436	0.00498	0.00747	0.01028	0.01370	0.02959	0.80785	0.03550	0.01682	0.00685	0.00218	0.00311	0.01526	0.00498	0.00436
12	0.01435	0.81458	0.02813	0.00918	0.01378	0.02124	0.00918	0.01607	0.01091	0.01263	0.00746	0.00861	0.00689	0.00459	0.00344	0.00115	0.00574	0.00287	0.00230	0.00689
13	0.01300	0.06148	0.14079	0.04261	0.06415	0.01331	0.33468	0.07064	0.01299	0.05198	0.02754	0.01588	0.04967	0.00589	0.00668	0.00176	0.07086	0.00568	0.00313	0.00728
14	0.00673	0.00507	0.00622	0.00674	0.00769	0.00457	0.00475	0.00815	0.01196	0.01572	0.20764	0.41942	0.24670	0.01457	0.00659	0.00196	0.00287	0.01288	0.00520	0.00457
15	0.05080	0.16346	0.58308	0.01416	0.02119	0.01402	0.04921	0.01679	0.01121	0.01658	0.00921	0.01087	0.00683	0.00498	0.00478	0.00161	0.00742	0.00383	0.00234	0.00762
16	0.01235	0.00916	0.01283	0.12142	0.15032	0.00966	0.00983	0.10313	0.05494	0.09037	0.06367	0.18075	0.04145	0.00931	0.00614	0.00184	0.02395	0.06078	0.03141	0.00670
17	0.01057	0.01089	0.05310	0.50516	0.08365	0.01262	0.01414	0.01362	0.01032	0.01398	0.00997	0.04951	0.00850	0.00668	0.00799	0.00191	0.17354	0.00519	0.00251	0.00615
18	0.00760	0.00549	0.00718	0.00675	0.00802	0.00506	0.00506	0.01013	0.01519	0.02153	0.77503	0.04010	0.05065	0.01097	0.00633	0.00169	0.00253	0.00971	0.00591	0.00506
19	0.01149	0.05383	0.70566	0.01505	0.02264	0.01261	0.03862	0.01735	0.01152	0.04837	0.01007	0.01161	0.00711	0.00513	0.00509	0.00168	0.00775	0.00405	0.00246	0.00793
20	0.01417	0.01139	0.04873	0.11222	0.23934	0.01079	0.09341	0.06602	0.03253	0.15976	0.06790	0.06549	0.04038	0.00681	0.00564	0.00171	0.00582	0.00626	0.00405	0.00757
21	0.00688	0.00491	0.00639	0.00745	0.00788	0.00464	0.00511	0.00788	0.01029	0.01361	0.02914	0.61588	0.06524	0.10434	0.00915	0.00253	0.00351	0.08608	0.00479	0.00430
22	0.01014	0.00954	0.01610	0.79845	0.03697	0.01193	0.01491	0.01371	0.01073	0.01371	0.00954	0.01431	0.00716	0.00537	0.00537	0.00179	0.00716	0.00477	0.00239	0.00596
23	0.01185	0.09523	0.28763	0.12208	0.28909	0.01307	0.03736	0.01591	0.01141	0.01606	0.00992	0.01326	0.00804	0.03977	0.00604	0.00178	0.00699	0.00448	0.00248	0.00756
24	0.01513	0.33813	0.14286	0.01155	0.01582	0.04946	0.03015	0.01861	0.06778	0.13811	0.01115	0.01206	0.00866	0.00588	0.00620	0.00156	0.11220	0.00405	0.00326	0.00738
25	0.04497	0.00888	0.01169	0.00925	0.01301	0.00795	0.00754	0.02419	0.05188	0.64469	0.05307	0.04716	0.03591	0.00734	0.00546	0.00169	0.00436	0.00604	0.00636	0.00855
26	0.01340	0.00901	0.01232	0.04647	0.05048	0.00907	0.06023	0.12314	0.07905	0.15261	0.10270	0.17780	0.06450	0.00964	0.00614	0.01434	0.00459	0.02878	0.02893	0.00680
27	0.05285	0.01069	0.01489	0.18465	0.13865	0.03020	0.02654	0.10102	0.01400	0.23937	0.01597	0.05728	0.03198	0.00693	0.00580	0.00174	0.02868	0.02694	0.00433	0.00751
28	0.00704	0.00518	0.00669	0.00753	0.00837	0.00482	0.00556	0.00854	0.01159	0.01524	0.12488	0.45018	0.15353	0.01521	0.00682	0.00212	0.00333	0.15369	0.00509	0.00459
29	0.01113	0.05258	0.63232	0.01605	0.02337	0.01281	0.12718	0.01688	0.01153	0.01686	0.01011	0.01267	0.00747	0.00519	0.00527	0.00171	0.00796	0.01879	0.00239	0.00774
30	0.01210	0.12389	0.41186	0.01544	0.02151	0.01336	0.18330	0.01671	0.01160	0.05202	0.01112	0.05357	0.00892	0.00574	0.00572	0.00170	0.03624	0.00504	0.00272	0.00744
31	0.01152	0.06620	0.57207	0.01894	0.19245	0.01300	0.01851	0.01683	0.01151	0.01689	0.00962	0.01163	0.00719	0.00500	0.00506	0.00165	0.00747	0.00409	0.00236	0.00801
32	0.01235	0.01179	0.02009	0.26158	0.55659	0.01251	0.01601	0.01565	0.01178	0.01640	0.00993	0.01359	0.00810	0.00496	0.00533	0.00165	0.00661	0.00478	0.00258	0.00774
33	0.01327	0.47597	0.22835	0.01189	0.05183	0.01713	0.01207	0.01682	0.04511	0.03402	0.00955	0.01141	0.00805	0.03816	0.00510	0.00153	0.00624	0.00367	0.00260	0.00722
34	0.04508	0.01205	0.07590	0.04659	0.05065	0.03620	0.00930	0.18560	0.09097	0.09348	0.05253	0.01993	0.06246	0.06668	0.02695	0.00211	0.04200	0.00572	0.06872	0.00709
35	0.00669	0.00486	0.00633	0.00734	0.00789	0.00450	0.00506	0.00784	0.01090	0.01444	0.08528	0.65267	0.10371	0.01602	0.00679	0.00212	0.00311	0.04495	0.00505	0.00445
36	0.00794	0.00600	0.00700	0.00784	0.00852	0.04250	0.00548	0.00907	0.01096	0.03626	0.05565	0.60101	0.06203	0.05063	0.00762	0.00225	0.00366	0.06608	0.00488	0.00461
37	0.01475	0.04920	0.20892	0.01209	0.01656	0.04768	0.01172	0.14257	0.24439	0.09319	0.01666	0.01952	0.01308	0.00708	0.00543	0.00176	0.00586	0.07709	0.00445	0.00800
38	0.01423	0.01070	0.01260	0.04940	0.03521	0.01176	0.00940	0.21126	0.26444	0.06432	0.02048	0.04233	0.01788	0.00905	0.00597	0.00193	0.00506	0.20132	0.00513	0.00756
39	0.00659	0.00500	0.00610	0.00694	0.00779	0.00451	0.00488	0.00775	0.01103	0.01409	0.03766	0.51947	0.27813	0.01565	0.00672	0.00208	0.00308	0.05310	0.00498	0.00445
40	0.01361	0.45385	0.02510	0.04206	0.06648	0.05270	0.11917	0.01584	0.01121	0.01397	0.03012	0.01133	0.00846	0.00547	0.00604	0.00148	0.10979	0.00403	0.00252	0.00680
41	0.01557	0.04960	0.01466	0.01158	0.01494	0.03326	0.05837	0.22913	0.27657	0.09117	0.01859	0.09583	0.01541	0.00793	0.00561	0.00177	0.00519	0.04180	0.00507	0.00794
42	0.00714	0.00545	0.00656	0.00691	0.00804	0.00505	0.00500	0.00921	0.04329	0.01617	0.21244	0.31716	0.25672	0.03392	0.00706	0.00203	0.00304	0.04487	0.00518	0.00475
43	0.03526	0.01183	0.02202	0.29525	0.22026	0.01241	0.25548	0.01548	0.01177	0.01621	0.01090	0.01603	0.00885	0.00536	0.00570	0.00177	0.00739	0.03836	0.00270	0.00697
44	0.03261	0.05740	0.06646	0.04204	0.01748	0.38886	0.04462	0.08389	0.08313	0.01639	0.00997	0.01159	0.00802	0.00613	0.00658	0.00161	0.10914	0.00415	0.00312	0.00681
45	0.03243	0.05534	0.01615	0.01327	0.05170	0.20610	0.01027	0.40690	0.04981	0.04955	0.01216	0.01347	0.00931	0.00635	0.00545	0.00158	0.02485	0.02291	0.00439	0.00802
46	0.01228	0.17676	0.26322	0.01654	0.10875	0.05043	0.14530	0.01593	0.01138	0.01537	0.01044	0.04550	0.00907	0.04444	0.00684	0.00181	0.05131	0.00493	0.00258	0.00710

[dist]
# distance from previous block
# <min> <max>
0	1

[block]
# block no. 1 follows, 45 sequences, length 6
# corresponding to MSA columns:
# 187-192
name=unknown_B
#
# <colnr> <probs for GDERKNQSTAVLIFYWHMCP>
#	G	D	E	R	K	N	Q	S	T	A	V	L	I	F	Y	W	H	M	C	P
0	0.00809	0.00652	0.00751	0.00822	0.00925	0.04219	0.00616	0.01035	0.05389	0.01538	0.08689	0.41542	0.11639	0.01451	0.00671	0.00211	0.00381	0.17676	0.00497	0.00488
1	0.04961	0.10444	0.03671	0.17563	0.02035	0.04568	0.12978	0.06066	0.05305	0.05897	0.07528	0.03364	0.01343	0.02736	0.00642	0.00178	0.04079	0.02927	0.00353	0.03364
2	0.06143	0.12324	0.08052	0.01169	0.01481	0.16490	0.05954	0.07382	0.07044	0.01703	0.05281	0.01554	0.01167	0.05905	0.06237	0.00232	0.07789	0.00482	0.02962	0.00648
3	0.00702	0.00511	0.00625	0.00697	0.00791	0.00469	0.00506	0.00845	0.01140	0.01510	0.08192	0.42227	0.23184	0.01464	0.00653	0.00202	0.00313	0.09152	0.06361	0.00456
4	0.03926	0.07555	0.05614	0.01148	0.01543	0.09148	0.04388	0.29961	0.07729	0.02363	0.03754	0.01581	0.01145	0.00631	0.00503	0.00152	0.00581	0.03666	0.04688	0.09925
5	0.04410	0.17436	0.33370	0.01298	0.01863	0.04711	0.05431	0.08372	0.01275	0.06335	0.01001	0.01137	0.00755	0.00530	0.00527	0.00154	0.04081	0.00396	0.00296	0.06621

[dist]
# distance from previous block
# <min> <max>
1	6

[block]
# block no. 2 follows, 45 sequences, length 47
# corresponding to MSA columns:
# 222-268
name=unknown_C
#
# <colnr> <probs for GDERKNQSTAVLIFYWHMCP>
#	G	D	E	R	K	N	Q	S	T	A	V	L	I	F	Y	W	H	M	C	P
0	0.01166	0.22324	0.59587	0.01378	0.02088	0.01465	0.01719	0.01677	0.01123	0.01591	0.00909	0.01066	0.00682	0.00497	0.00469	0.00156	0.00739	0.00369	0.00227	0.00767
1	0.01149	0.01055	0.01727	0.43301	0.16951	0.01185	0.07055	0.08149	0.01270	0.01687	0.04640	0.01713	0.04734	0.00673	0.02327	0.00189	0.00678	0.00546	0.00303	0.00669
2	0.03543	0.22373	0.51722	0.01320	0.01990	0.01458	0.01598	0.03827	0.01174	0.04986	0.00962	0.01092	0.00714	0.00507	0.00466	0.00156	0.00707	0.00375	0.00258	0.00770
3	0.01175	0.24383	0.57610	0.01362	0.02064	0.01488	0.01691	0.01675	0.01122	0.01580	0.00904	0.01059	0.00682	0.00496	0.00465	0.00155	0.00733	0.00367	0.00227	0.00765
4	0.00692	0.00538	0.00634	0.00667	0.00790	0.00485	0.00488	0.00874	0.02795	0.01597	0.19540	0.27962	0.34633	0.01396	0.00653	0.00193	0.00294	0.04781	0.00519	0.00469
5	0.08016	0.01436	0.09112	0.03413	0.04897	0.13746	0.08455	0.11331	0.06324	0.01859	0.01636	0.14076	0.04740	0.03173	0.00639	0.00185	0.02375	0.01933	0.01996	0.00658
6	0.00969	0.04271	0.01118	0.19260	0.03289	0.03042	0.02265	0.01161	0.01103	0.04842	0.03958	0.27470	0.09756	0.04970	0.00745	0.00202	0.04307	0.00903	0.05834	0.00535
7	0.01026	0.00851	0.01061	0.01001	0.01172	0.01005	0.00788	0.01737	0.30808	0.01659	0.01739	0.02171	0.01488	0.02378	0.38714	0.00519	0.07002	0.03853	0.00395	0.00634
8	0.01729	0.00798	0.01031	0.00863	0.01164	0.00721	0.00684	0.03805	0.05181	0.45265	0.09898	0.13283	0.11348	0.00934	0.00581	0.00176	0.00396	0.00791	0.00605	0.00749
9	0.01472	0.32853	0.24213	0.01323	0.03010	0.13571	0.07771	0.01797	0.01218	0.06796	0.00951	0.01081	0.00745	0.00502	0.00455	0.00144	0.00720	0.00378	0.00270	0.00730
10	0.01013	0.00946	0.01579	0.71225	0.05507	0.01170	0.01442	0.01353	0.01074	0.01386	0.01057	0.03698	0.00863	0.00604	0.00580	0.00183	0.02870	0.02601	0.00253	0.00596
11	0.00667	0.00496	0.00622	0.00694	0.00771	0.00451	0.00481	0.00794	0.01146	0.01511	0.15342	0.53147	0.18870	0.01523	0.00667	0.00203	0.00294	0.01357	0.00513	0.00451
12	0.01133	0.00926	0.00945	0.00919	0.01095	0.10079	0.00714	0.09029	0.04867	0.05085	0.12893	0.21465	0.07775	0.01232	0.02363	0.00207	0.00479	0.15468	0.02753	0.00573
13	0.26651	0.08873	0.01297	0.04383	0.01386	0.07174	0.02817	0.11096	0.06525	0.10049	0.01309	0.01584	0.01039	0.00625	0.00454	0.00162	0.00516	0.05116	0.08264	0.00681
14	0.01028	0.00963	0.01593	0.76417	0.03597	0.01199	0.01463	0.01436	0.04370	0.01410	0.01008	0.01456	0.00756	0.00545	0.00537	0.00179	0.00703	0.00483	0.00252	0.00607
15	0.01144	0.00713	0.00774	0.00736	0.00920	0.00754	0.00557	0.01739	0.23192	0.07001	0.02066	0.12707	0.01745	0.00802	0.00478	0.00157	0.00323	0.00673	0.42898	0.00621
16	0.01078	0.00810	0.01207	0.01072	0.01270	0.00796	0.12011	0.11876	0.02778	0.06766	0.02363	0.49182	0.02566	0.01258	0.00645	0.00201	0.00457	0.02597	0.00481	0.00589
17	0.01393	0.01102	0.01186	0.01053	0.01355	0.01248	0.00823	0.04815	0.64146	0.07435	0.05682	0.02064	0.01751	0.00736	0.00545	0.00178	0.00419	0.00613	0.02622	0.00831
18	0.00746	0.00548	0.00699	0.00661	0.00794	0.00501	0.00496	0.00986	0.01487	0.02076	0.69632	0.04136	0.12985	0.01126	0.00633	0.00170	0.00255	0.00988	0.00581	0.00501
19	0.01313	0.26566	0.37940	0.05064	0.03598	0.08650	0.04766	0.01718	0.01170	0.03296	0.00918	0.01083	0.00710	0.00500	0.00465	0.00151	0.00733	0.00378	0.00246	0.00737
20	0.00703	0.00538	0.00645	0.00636	0.00772	0.00480	0.00470	0.00897	0.01360	0.01814	0.43437	0.12712	0.31083	0.01255	0.00639	0.00179	0.00266	0.01089	0.00548	0.00480
21	0.05252	0.05206	0.05132	0.03154	0.12308	0.05225	0.02861	0.22933	0.03142	0.08948	0.01473	0.12144	0.01291	0.00744	0.00566	0.00168	0.02712	0.01672	0.02087	0.02982
22	0.00735	0.00542	0.00689	0.00673	0.00798	0.00496	0.00502	0.00958	0.01425	0.01969	0.58666	0.11451	0.14759	0.01198	0.00641	0.00177	0.00268	0.02996	0.00567	0.00492
23	0.04328	0.04063	0.15102	0.16440	0.17005	0.07226	0.03639	0.05633	0.05645	0.01719	0.01324	0.04663	0.04342	0.00634	0.00576	0.00170	0.04059	0.00524	0.02202	0.00706
24	0.01190	0.01010	0.01075	0.00978	0.01240	0.01137	0.00752	0.02389	0.59180	0.02106	0.09434	0.02556	0.09102	0.04599	0.00665	0.00197	0.00399	0.00698	0.00535	0.00756
25	0.00970	0.06726	0.05438	0.00978	0.01305	0.00868	0.11804	0.04467	0.03381	0.01759	0.16472	0.03137	0.28754	0.00903	0.00571	0.00161	0.00445	0.00789	0.00429	0.10643
26	0.01014	0.00954	0.01610	0.79845	0.03697	0.01193	0.01491	0.01371	0.01073	0.01371	0.00954	0.01431	0.00716	0.00537	0.00537	0.00179	0.00716	0.00477	0.00239	0.00596
27	0.01671	0.41979	0.02153	0.01117	0.01499	0.28857	0.00962	0.07354	0.07065	0.01511	0.00924	0.01016	0.00778	0.00526	0.00423	0.00131	0.00702	0.00346	0.00293	0.00694
28	0.04970	0.08383	0.11824	0.04903	0.03372	0.02995	0.16848	0.07061	0.01226	0.02830	0.00969	0.01198	0.00767	0.00524	0.00621	0.00150	0.08995	0.00433	0.00296	0.21635
29	0.01335	0.01252	0.08313	0.04789	0.01858	0.01128	0.20442	0.11237	0.06262	0.09525	0.05101	0.04323	0.07224	0.00727	0.00644	0.00176	0.05020	0.03852	0.00406	0.06388
30	0.01267	0.01448	0.03167	0.02262	0.02805	0.01357	0.75837	0.01719	0.01267	0.01719	0.01086	0.01448	0.00814	0.00452	0.00633	0.00181	0.00905	0.00633	0.00271	0.00724
31	0.01120	0.04357	0.58116	0.01583	0.02287	0.01258	0.14312	0.03479	0.01193	0.01722	0.01206	0.01381	0.04470	0.00544	0.00533	0.00171	0.00776	0.00472	0.00255	0.00765
32	0.01298	0.34120	0.38418	0.01264	0.01875	0.01602	0.03631	0.03469	0.04530	0.03789	0.00975	0.01096	0.00754	0.00505	0.00450	0.00148	0.00678	0.00375	0.00263	0.00758
33	0.02232	0.01116	0.01360	0.01046	0.01456	0.01098	0.00860	0.29060	0.01873	0.49118	0.01807	0.01677	0.01195	0.02790	0.00597	0.00174	0.00507	0.00526	0.00609	0.00898
34	0.00653	0.00471	0.00619	0.00737	0.00776	0.00437	0.00494	0.00749	0.01037	0.01374	0.03080	0.77085	0.07172	0.01666	0.00683	0.00216	0.00309	0.01507	0.00498	0.00437
35	0.03464	0.03576	0.01772	0.10003	0.05658	0.04858	0.11281	0.07488	0.01117	0.01573	0.00993	0.03713	0.00903	0.04112	0.04546	0.00240	0.33262	0.00527	0.00284	0.00631
36	0.01194	0.01255	0.02405	0.12376	0.17398	0.02395	0.38477	0.01552	0.01199	0.01635	0.03197	0.07143	0.01109	0.00605	0.00671	0.00181	0.05581	0.00641	0.00289	0.00696
37	0.01139	0.00637	0.00814	0.00719	0.00926	0.00565	0.00557	0.01359	0.01468	0.20594	0.45512	0.03694	0.17803	0.01041	0.00611	0.00171	0.00306	0.00896	0.00591	0.00596
38	0.01785	0.05861	0.01518	0.01347	0.03936	0.53954	0.01009	0.03886	0.14178	0.01545	0.01176	0.01424	0.00987	0.00627	0.00504	0.00151	0.00814	0.04288	0.00337	0.00671
39	0.10771	0.01114	0.01424	0.14728	0.09890	0.04954	0.04034	0.09138	0.08527	0.09625	0.05175	0.05317	0.01395	0.00736	0.00616	0.00180	0.05408	0.05868	0.00404	0.00697
40	0.00711	0.00543	0.01728	0.00744	0.00827	0.00495	0.00546	0.00845	0.01075	0.01423	0.04594	0.44677	0.15008	0.07161	0.04795	0.00265	0.00405	0.10830	0.02880	0.00449
41	0.00657	0.00544	0.00580	0.00601	0.00765	0.00467	0.00457	0.00800	0.01209	0.01458	0.05001	0.11331	0.64803	0.01397	0.00648	0.00190	0.00295	0.07844	0.00498	0.00456
42	0.01389	0.69330	0.06282	0.03458	0.01538	0.02010	0.03211	0.01594	0.01085	0.01302	0.00771	0.00923	0.00694	0.00485	0.00430	0.00127	0.04138	0.00316	0.00231	0.00687
43	0.03701	0.08742	0.33229	0.03467	0.01953	0.03495	0.05596	0.20965	0.01517	0.04132	0.02407	0.01459	0.00953	0.00667	0.02150	0.00180	0.00704	0.03564	0.00345	0.00775
44	0.00686	0.00515	0.00641	0.00714	0.00807	0.00470	0.00519	0.00827	0.01160	0.01507	0.11854	0.42914	0.23627	0.01506	0.00672	0.00206	0.00316	0.10095	0.00508	0.00455
45	0.00960	0.00771	0.04336	0.00820	0.01042	0.00659	0.04142	0.04870	0.03009	0.07488	0.40237	0.07673	0.19748	0.01067	0.00617	0.00174	0.00350	0.00931	0.00537	0.00571
46	0.01238	0.03700	0.06860	0.01460	0.13523	0.07278	0.07828	0.08138	0.04613	0.05008	0.15479	0.08149	0.07093	0.00851	0.00584	0.00175	0.00549	0.06375	0.00424	0.00674

[dist]
# distance from previous block
# <min> <max>
0	2

[block]
# block no. 3 follows, 45 sequences, length 21
# corresponding to MSA columns:
# 271-273,338-355
name=unknown_D
#
# <colnr> <probs for GDERKNQSTAVLIFYWHMCP>
#	G	D	E	R	K	N	Q	S	T	A	V	L	I	F	Y	W	H	M	C	P
0	0.01056	0.00987	0.01473	0.23090	0.16248	0.04985	0.06160	0.03059	0.01151	0.01509	0.01682	0.21945	0.03107	0.03857	0.00714	0.00201	0.03456	0.04375	0.00342	0.00603
1	0.09599	0.22881	0.08179	0.01202	0.03515	0.07536	0.07368	0.12325	0.06444	0.06988	0.04009	0.05380	0.01139	0.00619	0.00479	0.00155	0.00597	0.00490	0.00368	0.00727
2	0.01550	0.65679	0.02559	0.01005	0.01434	0.14473	0.00942	0.04563	0.01215	0.01353	0.00781	0.00895	0.00698	0.00481	0.00374	0.00120	0.00638	0.00304	0.00249	0.00687
3	0.01048	0.00756	0.00925	0.00809	0.01081	0.00643	0.00620	0.03002	0.02861	0.07359	0.02061	0.25881	0.05821	0.01007	0.00603	0.03217	0.00385	0.06579	0.00429	0.34913
4	0.07633	0.04937	0.22192	0.06496	0.01765	0.01078	0.08322	0.06791	0.02483	0.08799	0.12048	0.02061	0.08817	0.02001	0.00571	0.00173	0.00573	0.00589	0.00386	0.02285
5	0.18961	0.04889	0.04289	0.01227	0.05393	0.09751	0.08676	0.13897	0.01410	0.07012	0.04128	0.09045	0.03101	0.00702	0.00507	0.00165	0.00573	0.01964	0.00395	0.03916
6	0.08003	0.01206	0.01309	0.01126	0.04219	0.05968	0.00870	0.18141	0.19470	0.28563	0.01724	0.01618	0.01203	0.00648	0.00516	0.00165	0.00506	0.00510	0.03396	0.00840
7	0.01122	0.01092	0.04442	0.40534	0.20991	0.01194	0.01398	0.05228	0.01169	0.01586	0.02717	0.05531	0.01019	0.00761	0.03695	0.00205	0.05825	0.00543	0.00283	0.00666
8	0.03803	0.06440	0.06876	0.08453	0.10821	0.01242	0.14272	0.10780	0.04209	0.11029	0.04310	0.07390	0.01287	0.00685	0.00615	0.00175	0.04702	0.01792	0.00385	0.00736
9	0.01116	0.01074	0.01819	0.45181	0.17024	0.01237	0.08998	0.01521	0.05663	0.01526	0.01104	0.04141	0.00902	0.00594	0.00630	0.00181	0.05813	0.00536	0.00274	0.00666
10	0.00934	0.00514	0.00599	0.00623	0.00731	0.00494	0.00450	0.01129	0.01147	0.05714	0.08664	0.28965	0.02429	0.01027	0.00511	0.00163	0.00282	0.00892	0.44233	0.00500
11	0.01081	0.01056	0.07408	0.03388	0.09455	0.00926	0.16954	0.02589	0.01237	0.05863	0.06471	0.14177	0.07371	0.00981	0.00676	0.00197	0.03569	0.15569	0.00403	0.00628
12	0.03766	0.01112	0.02673	0.01133	0.01480	0.01113	0.06835	0.25275	0.07962	0.21966	0.01873	0.10828	0.01568	0.02765	0.00628	0.00188	0.00525	0.07004	0.00526	0.00779
13	0.00755	0.00535	0.00726	0.00759	0.00819	0.00572	0.00542	0.00881	0.00902	0.01265	0.01907	0.21243	0.02057	0.21545	0.37347	0.00585	0.00884	0.02733	0.03509	0.00434
14	0.00811	0.00633	0.00881	0.00925	0.00992	0.00702	0.00726	0.00975	0.01056	0.01446	0.06265	0.32046	0.02741	0.01858	0.13204	0.00328	0.12101	0.21396	0.00431	0.00485
15	0.08650	0.02007	0.01425	0.03486	0.01618	0.49891	0.00968	0.08702	0.01552	0.15173	0.01095	0.01154	0.00816	0.00576	0.00488	0.00149	0.00793	0.00392	0.00372	0.00696
16	0.02353	0.01002	0.01301	0.00997	0.01415	0.00921	0.00824	0.13651	0.01685	0.66913	0.01993	0.01746	0.01266	0.00661	0.00539	0.00165	0.00477	0.00531	0.00645	0.00913
17	0.01001	0.00500	0.00500	0.00500	0.00625	0.00500	0.00375	0.01251	0.01126	0.02001	0.01751	0.02001	0.01376	0.00625	0.00375	0.00125	0.00250	0.00500	0.84115	0.00500
18	0.01515	0.01045	0.01198	0.01062	0.04145	0.01110	0.00805	0.31496	0.10478	0.09240	0.09435	0.12903	0.03330	0.00851	0.00554	0.00169	0.00449	0.00710	0.08757	0.00747
19	0.06198	0.03629	0.01489	0.01131	0.01540	0.01474	0.00931	0.49064	0.12181	0.11476	0.01446	0.01404	0.01029	0.00635	0.00517	0.00160	0.00536	0.00484	0.00525	0.04150
20	0.05658	0.13149	0.25167	0.03638	0.01941	0.02641	0.11870	0.09109	0.03063	0.05916	0.01043	0.01235	0.00797	0.00662	0.02666	0.00188	0.09770	0.00445	0.00305	0.00738

[dist]
# distance from previous block
# <min> <max>
2	26

[block]
# block no. 4 follows, 45 sequences, length 34
# corresponding to MSA columns:
# 382-415
name=unknown_E
#
# <colnr> <probs for GDERKNQSTAVLIFYWHMCP>
#	G	D	E	R	K	N	Q	S	T	A	V	L	I	F	Y	W	H	M	C	P
0	0.50976	0.04344	0.00903	0.00747	0.01023	0.01054	0.00602	0.04385	0.01095	0.05626	0.11145	0.04266	0.01495	0.06201	0.02002	0.00205	0.00434	0.02524	0.00394	0.00578
1	0.02790	0.00917	0.01095	0.00887	0.01180	0.02595	0.00711	0.01412	0.01151	0.12007	0.05043	0.04160	0.11895	0.00806	0.02128	0.00159	0.14379	0.00560	0.02713	0.33411
2	0.01154	0.00870	0.02690	0.00843	0.01115	0.00817	0.00680	0.09996	0.12674	0.08286	0.21810	0.05423	0.16203	0.00937	0.00574	0.00166	0.00376	0.03571	0.02032	0.09781
3	0.01435	0.81458	0.02813	0.00918	0.01378	0.02124	0.00918	0.01607	0.01091	0.01263	0.00746	0.00861	0.00689	0.00459	0.00344	0.00115	0.00574	0.00287	0.00230	0.00689
4	0.01352	0.05775	0.02405	0.04016	0.32701	0.01327	0.27351	0.01681	0.01212	0.06856	0.01116	0.03182	0.00908	0.00547	0.00660	0.00173	0.07128	0.00549	0.00295	0.00766
5	0.03984	0.01256	0.01725	0.11692	0.39961	0.08332	0.01313	0.01717	0.10004	0.01756	0.07498	0.01651	0.02522	0.00605	0.00580	0.00167	0.03639	0.00526	0.00328	0.00745
6	0.00781	0.00520	0.00585	0.00585	0.00585	0.00520	0.00325	0.00781	0.00781	0.01041	0.01691	0.03513	0.01952	0.81135	0.02732	0.00520	0.00520	0.00781	0.00325	0.00325
7	0.01170	0.02127	0.41590	0.01888	0.02559	0.01301	0.38095	0.01709	0.01199	0.01709	0.01023	0.01287	0.00746	0.00482	0.00570	0.00175	0.00848	0.00512	0.00249	0.00759
8	0.12494	0.01331	0.08973	0.01083	0.01469	0.03952	0.00956	0.21578	0.11507	0.18722	0.01584	0.03146	0.01203	0.00697	0.00545	0.00172	0.02318	0.04676	0.02804	0.00788
9	0.01469	0.00787	0.00971	0.00839	0.01105	0.00746	0.00668	0.04578	0.07723	0.30772	0.09790	0.07621	0.20644	0.00982	0.00619	0.00179	0.02595	0.04119	0.03104	0.00689
10	0.00704	0.00522	0.00661	0.00707	0.00807	0.00479	0.00517	0.00872	0.01245	0.01663	0.27735	0.34240	0.18279	0.01411	0.00664	0.00198	0.00302	0.07998	0.00528	0.00468
11	0.00654	0.00504	0.00586	0.00648	0.00742	0.00449	0.00447	0.00760	0.01096	0.01382	0.03946	0.42797	0.35483	0.06945	0.00802	0.00223	0.00309	0.01305	0.00487	0.00436
12	0.50710	0.01359	0.14677	0.00930	0.01339	0.01198	0.00887	0.10627	0.01183	0.05563	0.01060	0.06444	0.00873	0.00606	0.00422	0.00170	0.00498	0.00428	0.00364	0.00664
13	0.01001	0.00500	0.00500	0.00500	0.00625	0.00500	0.00375	0.01251	0.01126	0.02001	0.01751	0.02001	0.01376	0.00625	0.00375	0.00125	0.00250	0.00500	0.84115	0.00500
14	0.01810	0.01139	0.01257	0.01059	0.01409	0.04656	0.00842	0.05850	0.41155	0.31576	0.02059	0.01858	0.01445	0.00692	0.00541	0.00173	0.00469	0.00564	0.00579	0.00867
15	0.00992	0.00595	0.00767	0.00759	0.00914	0.00527	0.00554	0.01140	0.01200	0.14305	0.11494	0.43878	0.11171	0.01319	0.00631	0.00191	0.00334	0.02469	0.00524	0.06237
16	0.01315	0.55167	0.28055	0.01123	0.01694	0.01831	0.01274	0.01638	0.01105	0.01409	0.00819	0.00952	0.00686	0.00476	0.00400	0.00133	0.00647	0.00324	0.00229	0.00724
17	0.01435	0.81458	0.02813	0.00918	0.01378	0.02124	0.00918	0.01607	0.01091	0.01263	0.00746	0.00861	0.00689	0.00459	0.00344	0.00115	0.00574	0.00287	0.00230	0.00689
18	0.01250	0.01414	0.03062	0.07538	0.02866	0.01346	0.70782	0.01696	0.01254	0.01696	0.01077	0.01447	0.00808	0.00458	0.00627	0.00181	0.00892	0.00623	0.00269	0.00715
19	0.01329	0.01275	0.02179	0.03295	0.77787	0.01275	0.01647	0.01647	0.01222	0.01754	0.01010	0.01329	0.00850	0.00478	0.00531	0.00159	0.00638	0.00478	0.00266	0.00850
20	0.01187	0.01138	0.01744	0.28795	0.34704	0.04881	0.01420	0.01522	0.03258	0.01572	0.01218	0.04316	0.01087	0.00651	0.00606	0.00178	0.04045	0.06688	0.00290	0.00699
21	0.00696	0.00566	0.00618	0.00605	0.00773	0.00501	0.00454	0.00915	0.04181	0.01669	0.24784	0.06594	0.53201	0.01272	0.00632	0.00179	0.00274	0.01079	0.00525	0.00482
22	0.01232	0.01203	0.02126	0.25073	0.48300	0.01261	0.09813	0.01576	0.01185	0.01641	0.01002	0.01371	0.00808	0.00492	0.00544	0.00167	0.00690	0.00495	0.00259	0.00764
23	0.01220	0.01172	0.02021	0.29242	0.49983	0.01250	0.04222	0.01556	0.01173	0.01623	0.00994	0.01368	0.00803	0.00497	0.00537	0.00167	0.00674	0.00483	0.00257	0.00760
24	0.01031	0.00972	0.01642	0.75552	0.07852	0.01197	0.01500	0.01387	0.01082	0.01393	0.00957	0.01425	0.00723	0.00533	0.00536	0.00178	0.00711	0.00477	0.00240	0.00611
25	0.00654	0.00467	0.00623	0.00747	0.00779	0.00436	0.00498	0.00747	0.01028	0.01370	0.02959	0.80785	0.03550	0.01682	0.00685	0.00218	0.00311	0.01526	0.00498	0.00436
26	0.03900	0.04341	0.32090	0.01738	0.02288	0.01382	0.29783	0.03453	0.01165	0.01699	0.00967	0.01246	0.00737	0.00552	0.00728	0.00182	0.12273	0.00492	0.00256	0.00730
27	0.35585	0.04471	0.05438	0.00924	0.01287	0.01244	0.00794	0.08600	0.20728	0.10155	0.01365	0.01364	0.01006	0.00592	0.00439	0.00166	0.00458	0.00430	0.04225	0.00727
28	0.00657	0.00479	0.00625	0.00733	0.00781	0.00447	0.00497	0.00758	0.01039	0.01373	0.03130	0.70431	0.10433	0.01748	0.03896	0.00241	0.00354	0.01450	0.00490	0.00439
29	0.00791	0.00563	0.00763	0.00906	0.05158	0.00529	0.00614	0.00933	0.01123	0.04182	0.06398	0.49545	0.10725	0.03427	0.00722	0.00219	0.00360	0.12064	0.00491	0.00487
30	0.06909	0.18500	0.09701	0.20420	0.05974	0.10669	0.06356	0.09095	0.03145	0.03036	0.00978	0.01191	0.00761	0.00526	0.00480	0.00156	0.00689	0.00417	0.00294	0.00703
31	0.01232	0.01211	0.01115	0.01040	0.01230	0.20797	0.00802	0.05730	0.11527	0.01557	0.04499	0.01835	0.01345	0.02379	0.40630	0.00517	0.01083	0.00532	0.00347	0.00592
32	0.00690	0.00528	0.00637	0.00681	0.00788	0.00488	0.00496	0.00827	0.01130	0.01454	0.10127	0.27871	0.31328	0.07277	0.07132	0.00275	0.00412	0.06935	0.00477	0.00449
33	0.02896	0.29539	0.17826	0.01146	0.01613	0.08385	0.03380	0.11050	0.01355	0.07641	0.01260	0.03960	0.03078	0.02018	0.00511	0.00157	0.00635	0.02494	0.00334	0.00723

[dist]
# distance from previous block
# <min> <max>
0	29

# created by:
# /home/cegg/simao/soft/augustus-3.2.1/scripts/msa2prfl.pl ./align_prep/EOG091G0G1G.fa
