[name]
unknown

[dist]
# distance from previous block
# <min> <max>
0	323

[block]
# block no. 0 follows, 40 sequences, length 28
# corresponding to MSA columns:
# 623-631,646-660,676-679
name=unknown_A
#
# <colnr> <probs for GDERKNQSTAVLIFYWHMCP>
#	G	D	E	R	K	N	Q	S	T	A	V	L	I	F	Y	W	H	M	C	P
0	0.00833	0.00596	0.00772	0.00742	0.00864	0.00558	0.00552	0.01077	0.01541	0.02165	0.63166	0.04424	0.04991	0.09648	0.00938	0.00229	0.00322	0.05453	0.00603	0.00527
1	0.01459	0.00731	0.00960	0.00873	0.01086	0.00670	0.00656	0.01681	0.03649	0.28569	0.17843	0.23534	0.03062	0.09622	0.00909	0.00240	0.00414	0.02758	0.00607	0.00677
2	0.01292	0.23351	0.44002	0.01364	0.02056	0.01550	0.01605	0.01852	0.05804	0.01757	0.01062	0.01205	0.00817	0.00539	0.00494	0.00158	0.00725	0.00403	0.00279	0.09684
3	0.01326	0.01362	0.06613	0.06388	0.49058	0.01289	0.01530	0.01860	0.11927	0.01918	0.01788	0.01984	0.09072	0.00665	0.00589	0.00181	0.00630	0.00609	0.00355	0.00858
4	0.01679	0.01057	0.01207	0.01043	0.01364	0.01117	0.00810	0.02632	0.40661	0.24114	0.02507	0.02503	0.06320	0.09287	0.00850	0.00232	0.00471	0.00692	0.00601	0.00853
5	0.01376	0.01344	0.02388	0.05051	0.59484	0.01335	0.11614	0.01727	0.01314	0.01859	0.01235	0.06306	0.01095	0.00597	0.00601	0.00180	0.00711	0.00612	0.00304	0.00868
6	0.01829	0.01639	0.01832	0.01734	0.12423	0.11415	0.01253	0.33842	0.01870	0.02482	0.01110	0.01323	0.00885	0.00750	0.00949	0.00194	0.22724	0.00500	0.00411	0.00839
7	0.02211	0.01629	0.01745	0.01338	0.01803	0.01803	0.01105	0.73997	0.02734	0.03665	0.01396	0.01396	0.00989	0.00698	0.00582	0.00175	0.00640	0.00524	0.00582	0.00989
8	0.00830	0.00599	0.00787	0.00752	0.00889	0.00556	0.00572	0.01104	0.01628	0.02297	0.71369	0.04474	0.05361	0.01213	0.00693	0.00188	0.00290	0.05219	0.00634	0.00548
9	0.01436	0.38090	0.34360	0.01365	0.02003	0.08281	0.03682	0.01838	0.01247	0.01590	0.00928	0.01088	0.00746	0.00529	0.00472	0.00154	0.00771	0.00378	0.00253	0.00790
10	0.01766	0.01361	0.01482	0.01247	0.01617	0.01518	0.01018	0.39260	0.27189	0.02966	0.01971	0.02406	0.01598	0.00860	0.00617	0.00196	0.00563	0.10888	0.00578	0.00900
11	0.00894	0.00645	0.00876	0.00956	0.01095	0.00628	0.00809	0.01157	0.01418	0.01884	0.22028	0.05932	0.07901	0.01491	0.00766	0.00242	0.00455	0.49723	0.00563	0.00536
12	0.00731	0.00601	0.00650	0.00667	0.00851	0.00520	0.00519	0.00903	0.01345	0.01637	0.09341	0.05666	0.61376	0.01476	0.00704	0.00206	0.00328	0.11435	0.00545	0.00501
13	0.01557	0.01304	0.01377	0.01206	0.01554	0.01498	0.00947	0.13323	0.64472	0.02610	0.02227	0.02058	0.01662	0.00776	0.00590	0.00194	0.00486	0.00638	0.00590	0.00930
14	0.01483	0.01241	0.01316	0.01179	0.01511	0.01428	0.00918	0.03082	0.72565	0.04774	0.02365	0.02164	0.01765	0.00787	0.00591	0.00197	0.00461	0.00655	0.00596	0.00923
15	0.00717	0.00512	0.00684	0.00819	0.00857	0.00480	0.00554	0.00824	0.01122	0.01494	0.03201	0.76531	0.03828	0.01814	0.00744	0.00237	0.00345	0.04224	0.00540	0.00475
16	0.01555	0.79913	0.03047	0.00995	0.01493	0.02301	0.00995	0.01741	0.01182	0.01368	0.00808	0.00933	0.00746	0.00498	0.00373	0.00124	0.00622	0.00311	0.00249	0.00746
17	0.01206	0.01034	0.01206	0.00861	0.01378	0.00775	0.00689	0.01464	0.01206	0.01895	0.01034	0.01206	0.00861	0.00431	0.00431	0.00086	0.00431	0.00345	0.00345	0.83118
18	0.53504	0.01226	0.01579	0.01233	0.01662	0.01299	0.19726	0.01870	0.01162	0.10348	0.01065	0.01219	0.00783	0.00546	0.00469	0.00184	0.00593	0.00441	0.00381	0.00709
19	0.00904	0.00646	0.00899	0.01033	0.01153	0.00641	0.00880	0.01148	0.01306	0.01703	0.03097	0.17041	0.03419	0.01638	0.00794	0.00263	0.00507	0.61866	0.00536	0.00526
20	0.01774	0.01393	0.09774	0.12816	0.20077	0.01244	0.01354	0.12482	0.04291	0.23044	0.04788	0.01733	0.01268	0.00653	0.00583	0.00181	0.00632	0.00557	0.00469	0.00888
21	0.01488	0.10291	0.30564	0.01224	0.01858	0.01199	0.01324	0.03537	0.01324	0.14434	0.01235	0.01320	0.00901	0.00540	0.00501	0.00146	0.00633	0.00419	0.00365	0.26699
22	0.01015	0.00919	0.00950	0.00925	0.01051	0.11708	0.00688	0.01184	0.01118	0.01432	0.08544	0.02782	0.07497	0.14967	0.41879	0.00639	0.01117	0.00707	0.00363	0.00516
23	0.00789	0.00719	0.01012	0.00889	0.01119	0.00630	0.11046	0.00979	0.01302	0.01601	0.04827	0.15535	0.54630	0.01381	0.00695	0.00202	0.00400	0.01210	0.00504	0.00531
24	0.01387	0.01444	0.01759	0.24544	0.24639	0.17903	0.01394	0.01677	0.01276	0.01572	0.01119	0.01543	0.00939	0.01266	0.14766	0.00315	0.00955	0.00506	0.00286	0.00712
25	0.01849	0.01414	0.01628	0.01475	0.09616	0.01540	0.01079	0.48465	0.09793	0.03157	0.12176	0.01905	0.01711	0.00759	0.00597	0.00178	0.00574	0.00613	0.00560	0.00911
26	0.68482	0.12503	0.01200	0.00815	0.01199	0.01449	0.00697	0.03222	0.01067	0.03966	0.00852	0.00973	0.00671	0.00541	0.00371	0.00172	0.00479	0.00324	0.00356	0.00661
27	0.63053	0.01410	0.01246	0.01052	0.01428	0.12280	0.08577	0.01814	0.01126	0.02358	0.00862	0.01027	0.00674	0.00543	0.00419	0.00177	0.00593	0.00363	0.00344	0.00653

[dist]
# distance from previous block
# <min> <max>
0	1

[block]
# block no. 1 follows, 40 sequences, length 14
# corresponding to MSA columns:
# 681-694
name=unknown_B
#
# <colnr> <probs for GDERKNQSTAVLIFYWHMCP>
#	G	D	E	R	K	N	Q	S	T	A	V	L	I	F	Y	W	H	M	C	P
0	0.01630	0.47721	0.12446	0.01075	0.01616	0.01763	0.01092	0.01897	0.01268	0.13473	0.01104	0.01172	0.00869	0.00533	0.00438	0.00137	0.00611	0.00375	0.00335	0.10446
1	0.00797	0.00608	0.00739	0.00759	0.00894	0.00568	0.00561	0.01065	0.05239	0.01884	0.30614	0.24459	0.22689	0.01432	0.00703	0.00206	0.00321	0.05349	0.00579	0.00532
2	0.01515	0.40805	0.20414	0.01227	0.01752	0.12075	0.01267	0.05255	0.01333	0.01626	0.02740	0.03345	0.00973	0.00694	0.02592	0.00172	0.00748	0.00422	0.00290	0.00757
3	0.00736	0.00578	0.00666	0.00671	0.00823	0.00507	0.00493	0.00919	0.01400	0.01814	0.28939	0.16664	0.40853	0.01432	0.00695	0.00198	0.00294	0.01235	0.00574	0.00507
4	0.00823	0.00596	0.00719	0.00701	0.00857	0.00530	0.00520	0.01030	0.01472	0.04482	0.40152	0.13456	0.29839	0.01347	0.00690	0.00194	0.00296	0.01168	0.00596	0.00534
5	0.00808	0.00582	0.00763	0.00742	0.00865	0.00538	0.00547	0.01058	0.01574	0.02217	0.65805	0.14496	0.05264	0.01275	0.00694	0.00190	0.00283	0.01133	0.00627	0.00538
6	0.02039	0.01181	0.01380	0.01137	0.01534	0.01232	0.00914	0.11283	0.34753	0.34556	0.02222	0.01997	0.01538	0.00748	0.00588	0.00187	0.00496	0.00610	0.00646	0.00958
7	0.02116	0.01466	0.01601	0.01255	0.01689	0.01602	0.01028	0.53638	0.12346	0.11958	0.01650	0.01595	0.01165	0.00712	0.00578	0.00177	0.00586	0.00550	0.03323	0.00965
8	0.05441	0.31368	0.14311	0.10214	0.01960	0.14304	0.01232	0.01904	0.07558	0.01643	0.02668	0.01353	0.02613	0.00596	0.00483	0.00158	0.00713	0.00431	0.00307	0.00740
9	0.01492	0.15452	0.02491	0.02967	0.56205	0.05192	0.04480	0.01806	0.01316	0.01781	0.01037	0.01335	0.00880	0.00517	0.00542	0.00164	0.00707	0.00481	0.00282	0.00873
10	0.10885	0.11700	0.46904	0.01385	0.02089	0.01384	0.03355	0.01763	0.01195	0.01882	0.00990	0.01164	0.00746	0.00526	0.00495	0.00163	0.00728	0.00397	0.00274	0.11975
11	0.01230	0.08063	0.01118	0.00867	0.01090	0.04129	0.00688	0.01449	0.01441	0.14278	0.29917	0.09174	0.10306	0.01482	0.09608	0.00272	0.00542	0.03171	0.00543	0.00631
12	0.01535	0.01266	0.01989	0.06003	0.51599	0.03647	0.01485	0.01851	0.01412	0.12015	0.09976	0.01845	0.01514	0.00629	0.00588	0.00175	0.00631	0.00585	0.00387	0.00867
13	0.00800	0.00594	0.00745	0.00707	0.00855	0.00539	0.00531	0.01053	0.01592	0.02203	0.63772	0.04557	0.17425	0.01237	0.00686	0.00185	0.00278	0.01082	0.00623	0.00539

[dist]
# distance from previous block
# <min> <max>
0	1

[block]
# block no. 2 follows, 40 sequences, length 22
# corresponding to MSA columns:
# 698-713,723-727,730
name=unknown_C
#
# <colnr> <probs for GDERKNQSTAVLIFYWHMCP>
#	G	D	E	R	K	N	Q	S	T	A	V	L	I	F	Y	W	H	M	C	P
0	0.11487	0.03820	0.10755	0.04792	0.01952	0.01366	0.09698	0.22196	0.01760	0.24236	0.01489	0.01508	0.01020	0.00633	0.00560	0.00180	0.00647	0.00519	0.00498	0.00885
1	0.04252	0.01041	0.01328	0.01007	0.01470	0.00904	0.00826	0.06729	0.01607	0.53253	0.01917	0.01743	0.01261	0.00648	0.00544	0.00158	0.00488	0.00520	0.00617	0.19686
2	0.00789	0.00593	0.00730	0.00696	0.00848	0.00534	0.00522	0.01032	0.01566	0.02142	0.58189	0.04657	0.23045	0.01260	0.00686	0.00186	0.00279	0.01096	0.00615	0.00534
3	0.01119	0.01062	0.01749	0.69127	0.03713	0.01350	0.01575	0.01476	0.01131	0.01476	0.01002	0.01518	0.00774	0.00633	0.00738	0.00201	0.09942	0.00516	0.00258	0.00645
4	0.01413	0.42050	0.34525	0.01328	0.01982	0.01824	0.03871	0.01820	0.01222	0.03794	0.00965	0.01111	0.00767	0.00527	0.00467	0.00154	0.00732	0.00382	0.00263	0.00803
5	0.14451	0.01085	0.01324	0.01031	0.01469	0.01033	0.00851	0.11062	0.01692	0.56954	0.01971	0.01759	0.01268	0.00691	0.00551	0.00179	0.00505	0.00538	0.00651	0.00937
6	0.00846	0.00564	0.00634	0.00634	0.00634	0.00564	0.00352	0.00846	0.00846	0.01128	0.01832	0.03805	0.02114	0.79563	0.02960	0.00564	0.00564	0.00846	0.00352	0.00352
7	0.01356	0.01498	0.03153	0.09421	0.11724	0.01444	0.58806	0.01819	0.01348	0.01833	0.01154	0.01552	0.00877	0.00502	0.00664	0.00193	0.00928	0.00651	0.00290	0.00788
8	0.03987	0.05506	0.28980	0.01748	0.10110	0.04249	0.09283	0.10357	0.14001	0.02140	0.01360	0.03356	0.01053	0.00629	0.00569	0.00183	0.00732	0.00536	0.00366	0.00855
9	0.00831	0.00618	0.00778	0.00738	0.00889	0.00576	0.00558	0.01139	0.04149	0.02234	0.63361	0.04463	0.13466	0.01217	0.00685	0.00187	0.00289	0.02643	0.00624	0.00555
10	0.00846	0.00564	0.00634	0.00634	0.00634	0.00564	0.00352	0.00846	0.00846	0.01128	0.01832	0.03805	0.02114	0.79563	0.02960	0.00564	0.00564	0.00846	0.00352	0.00352
11	0.66450	0.01236	0.07701	0.00865	0.01240	0.01241	0.00778	0.01642	0.01005	0.02391	0.00919	0.01128	0.00737	0.00992	0.09446	0.00269	0.00617	0.00362	0.00344	0.00637
12	0.01124	0.01010	0.01513	0.06825	0.29856	0.03784	0.01197	0.01375	0.01222	0.01659	0.01912	0.20961	0.02004	0.01453	0.09718	0.00293	0.02389	0.10642	0.00383	0.00680
13	0.02609	0.00990	0.01350	0.01035	0.01484	0.00855	0.00855	0.02834	0.01664	0.76338	0.02294	0.01979	0.01439	0.00720	0.00585	0.00180	0.00495	0.00585	0.00720	0.00990
14	0.01242	0.01031	0.01126	0.01045	0.01299	0.01152	0.00806	0.02391	0.50003	0.02206	0.11206	0.03102	0.05575	0.08051	0.00839	0.00235	0.00447	0.06903	0.00569	0.00773
15	0.00812	0.00594	0.00762	0.00720	0.00862	0.00544	0.00540	0.01076	0.01620	0.02269	0.69891	0.04447	0.11264	0.01212	0.00686	0.00184	0.00276	0.01066	0.00632	0.00544
16	0.01422	0.01249	0.03200	0.08277	0.03740	0.01353	0.02796	0.13111	0.41776	0.02403	0.05653	0.02355	0.08468	0.00817	0.00603	0.00192	0.00521	0.00687	0.00533	0.00844
17	0.66544	0.01111	0.00945	0.00837	0.01176	0.01281	0.00684	0.08159	0.01141	0.02556	0.00951	0.01143	0.00759	0.01005	0.09449	0.00268	0.00598	0.00370	0.00374	0.00649
18	0.01051	0.01587	0.27507	0.01323	0.01774	0.00996	0.11360	0.01513	0.03978	0.01839	0.07877	0.09870	0.07911	0.01130	0.05726	0.00243	0.00692	0.05107	0.07826	0.00688
19	0.03487	0.04491	0.05837	0.01219	0.04358	0.01175	0.02909	0.18181	0.01725	0.29194	0.02854	0.01586	0.01165	0.00624	0.00540	0.00156	0.00555	0.00502	0.00525	0.18917
20	0.22074	0.01048	0.01127	0.00961	0.01278	0.01104	0.00770	0.20172	0.01678	0.15162	0.12410	0.11175	0.02055	0.00895	0.00563	0.00187	0.00465	0.03028	0.03101	0.00747
21	0.01298	0.06540	0.16688	0.02035	0.06207	0.03383	0.41367	0.01756	0.01355	0.01849	0.07908	0.04231	0.01358	0.00613	0.00634	0.00187	0.00838	0.00663	0.00321	0.00769

[dist]
# distance from previous block
# <min> <max>
1	3

[block]
# block no. 3 follows, 40 sequences, length 13
# corresponding to MSA columns:
# 734-746
name=unknown_D
#
# <colnr> <probs for GDERKNQSTAVLIFYWHMCP>
#	G	D	E	R	K	N	Q	S	T	A	V	L	I	F	Y	W	H	M	C	P
0	0.08599	0.01879	0.01436	0.01242	0.01582	0.35791	0.00963	0.11125	0.07840	0.12300	0.07869	0.01601	0.01372	0.00686	0.00543	0.00164	0.00737	0.00500	0.00453	0.03318
1	0.00974	0.00736	0.00825	0.00784	0.01001	0.00707	0.00608	0.01429	0.14585	0.05984	0.19438	0.04591	0.38603	0.01259	0.00672	0.00198	0.00348	0.06067	0.00580	0.00610
2	0.02448	0.00995	0.01333	0.01015	0.01472	0.00846	0.00836	0.02677	0.01612	0.67786	0.02149	0.01890	0.01373	0.00687	0.00567	0.00169	0.00487	0.00557	0.00677	0.10425
3	0.01489	0.01182	0.09831	0.00976	0.01457	0.00826	0.00876	0.01790	0.01389	0.20358	0.12822	0.01882	0.01702	0.00633	0.00522	0.00135	0.00472	0.00522	0.00471	0.40664
4	0.01327	0.01445	0.02963	0.02171	0.02684	0.01386	0.59459	0.01918	0.09797	0.01897	0.01479	0.07981	0.01227	0.00633	0.00680	0.00199	0.00868	0.00762	0.00348	0.00774
5	0.01183	0.01007	0.01180	0.00854	0.01348	0.00762	0.00681	0.01442	0.01232	0.01921	0.05499	0.01394	0.01138	0.00476	0.00446	0.00092	0.00421	0.00387	0.00362	0.78175
6	0.00842	0.00793	0.06996	0.00798	0.00998	0.00611	0.00673	0.01140	0.01589	0.02237	0.64531	0.04177	0.10093	0.01157	0.00675	0.00184	0.00324	0.01013	0.00601	0.00570
7	0.83671	0.01125	0.00855	0.00765	0.01125	0.01305	0.00630	0.01709	0.00990	0.02609	0.00810	0.00945	0.00630	0.00540	0.00360	0.00180	0.00450	0.00315	0.00360	0.00630
8	0.00858	0.00590	0.00767	0.00767	0.00827	0.00638	0.00532	0.00977	0.00918	0.01317	0.01709	0.02961	0.01755	0.37978	0.37467	0.00702	0.01004	0.00717	0.07071	0.00446
9	0.02159	0.10326	0.08568	0.01124	0.01600	0.01212	0.01015	0.11094	0.06944	0.44177	0.04497	0.01817	0.01408	0.00698	0.00561	0.00175	0.00550	0.00553	0.00593	0.00929
10	0.02416	0.01139	0.06679	0.01068	0.01533	0.00916	0.00936	0.05738	0.01658	0.64348	0.02148	0.01910	0.01373	0.00705	0.00574	0.00178	0.00516	0.00569	0.04640	0.00959
11	0.69422	0.01202	0.04695	0.00843	0.01239	0.01251	0.00734	0.01857	0.01086	0.11785	0.01007	0.01088	0.00736	0.00563	0.00398	0.00180	0.00476	0.00354	0.00399	0.00686
12	0.00789	0.00556	0.00738	0.00801	0.00885	0.00532	0.00580	0.00973	0.01291	0.01794	0.25535	0.41174	0.04043	0.01714	0.05656	0.00262	0.00409	0.07095	0.04661	0.00508

[dist]
# distance from previous block
# <min> <max>
0	14

[block]
# block no. 4 follows, 40 sequences, length 13
# corresponding to MSA columns:
# 761-773
name=unknown_E
#
# <colnr> <probs for GDERKNQSTAVLIFYWHMCP>
#	G	D	E	R	K	N	Q	S	T	A	V	L	I	F	Y	W	H	M	C	P
0	0.01562	0.01348	0.02378	0.06205	0.51827	0.01326	0.13206	0.01917	0.01368	0.11278	0.01256	0.01533	0.00974	0.00542	0.00595	0.00178	0.00716	0.00553	0.00342	0.00896
1	0.45282	0.01061	0.01089	0.00893	0.01295	0.01092	0.00736	0.02242	0.01309	0.37525	0.01513	0.01435	0.01013	0.00625	0.00466	0.00180	0.00471	0.00443	0.00530	0.00800
2	0.02587	0.01025	0.01371	0.01051	0.01502	0.00907	0.00869	0.06754	0.01723	0.72335	0.02245	0.01947	0.01415	0.00719	0.00585	0.00180	0.00503	0.00581	0.00712	0.00990
3	0.01288	0.06443	0.37019	0.04806	0.14693	0.01439	0.22389	0.01821	0.01280	0.01819	0.01076	0.01354	0.00810	0.00527	0.00586	0.00183	0.00850	0.00514	0.00267	0.00835
4	0.01229	0.08851	0.48475	0.01692	0.02369	0.01448	0.13665	0.01768	0.01226	0.01765	0.01129	0.01540	0.00899	0.00631	0.00683	0.00191	0.07175	0.04192	0.00270	0.00803
5	0.01112	0.01030	0.01723	0.65107	0.09686	0.01244	0.01568	0.01485	0.01192	0.01543	0.01222	0.01990	0.01018	0.00668	0.00601	0.00199	0.00747	0.06923	0.00286	0.00659
6	0.00706	0.00593	0.00615	0.00618	0.00808	0.00502	0.00469	0.00865	0.01344	0.01621	0.09686	0.05568	0.68628	0.01463	0.00692	0.00199	0.00304	0.04278	0.00545	0.00496
7	0.01782	0.16263	0.06303	0.01464	0.05640	0.10304	0.10393	0.06489	0.08500	0.18225	0.01536	0.05767	0.01209	0.00689	0.00595	0.00174	0.02838	0.00570	0.00435	0.00825
8	0.07573	0.01490	0.01446	0.08098	0.01731	0.15914	0.01018	0.25474	0.01733	0.04376	0.01467	0.01675	0.04641	0.01249	0.11777	0.00288	0.06073	0.00530	0.02705	0.00743
9	0.00941	0.00637	0.00795	0.00827	0.00957	0.00607	0.00596	0.01226	0.07878	0.07502	0.14468	0.44203	0.12612	0.01499	0.00702	0.00216	0.00350	0.02841	0.00574	0.00568
10	0.01118	0.01061	0.01842	0.57247	0.10054	0.01244	0.07484	0.01486	0.01180	0.01547	0.01186	0.05389	0.00985	0.00834	0.04764	0.00234	0.00806	0.00592	0.00281	0.00667
11	0.01523	0.08439	0.03821	0.28054	0.08202	0.07328	0.07319	0.13617	0.01501	0.05604	0.01220	0.04686	0.00986	0.00662	0.00638	0.00183	0.04553	0.00551	0.00353	0.00760
12	0.04674	0.05714	0.05314	0.01310	0.03437	0.11407	0.07602	0.08454	0.15872	0.06750	0.16294	0.02189	0.03862	0.00786	0.00639	0.00181	0.03628	0.00646	0.00476	0.00766

[dist]
# distance from previous block
# <min> <max>
3	5

[block]
# block no. 5 follows, 40 sequences, length 58
# corresponding to MSA columns:
# 779,780,788-843
name=unknown_F
#
# <colnr> <probs for GDERKNQSTAVLIFYWHMCP>
#	G	D	E	R	K	N	Q	S	T	A	V	L	I	F	Y	W	H	M	C	P
0	0.01430	0.19872	0.26326	0.01463	0.04082	0.08945	0.08287	0.01816	0.01274	0.03714	0.01014	0.01199	0.00800	0.00534	0.00540	0.00153	0.02935	0.00416	0.00287	0.14911
1	0.05985	0.15554	0.08517	0.03157	0.23871	0.08981	0.04480	0.05070	0.01345	0.05062	0.01046	0.01267	0.00848	0.00570	0.00604	0.00164	0.05851	0.00446	0.00316	0.06864
2	0.01190	0.01192	0.02333	0.01871	0.07343	0.01110	0.41085	0.01556	0.01386	0.03949	0.11125	0.07699	0.13775	0.00831	0.00679	0.00195	0.00707	0.00868	0.00404	0.00703
3	0.01179	0.00954	0.01125	0.00863	0.01281	0.00780	0.00681	0.01547	0.06994	0.03997	0.17285	0.01979	0.01946	0.00630	0.00502	0.00118	0.00401	0.00528	0.00437	0.56773
4	0.01107	0.00675	0.00867	0.00809	0.00994	0.00633	0.00617	0.01399	0.04687	0.13440	0.39566	0.12519	0.10311	0.01362	0.04653	0.00231	0.00398	0.02782	0.02333	0.00617
5	0.00795	0.00585	0.00745	0.00723	0.00856	0.00534	0.00535	0.01037	0.01554	0.02156	0.60045	0.12194	0.13501	0.01287	0.00692	0.00190	0.00283	0.01134	0.00618	0.00534
6	0.14947	0.01297	0.01450	0.01129	0.01572	0.01349	0.00932	0.34530	0.02039	0.32408	0.01663	0.01558	0.01113	0.00682	0.00549	0.00178	0.00553	0.00516	0.00602	0.00934
7	0.00847	0.00626	0.00785	0.00753	0.00906	0.00582	0.00575	0.03113	0.01595	0.02194	0.56287	0.06302	0.15755	0.01261	0.00693	0.00192	0.00307	0.06062	0.00614	0.00550
8	0.01227	0.02890	0.70308	0.01666	0.02497	0.01378	0.04398	0.05596	0.01311	0.01937	0.01066	0.01247	0.00754	0.00558	0.00558	0.00184	0.00852	0.00443	0.00265	0.00864
9	0.18888	0.02248	0.06698	0.01298	0.01657	0.46560	0.01057	0.07443	0.01547	0.01873	0.01187	0.01302	0.04640	0.00636	0.00505	0.00163	0.00842	0.00422	0.00342	0.00692
10	0.00846	0.00564	0.00634	0.00634	0.00634	0.00564	0.00352	0.00846	0.00846	0.01128	0.01832	0.03805	0.02114	0.79563	0.02960	0.00564	0.00564	0.00846	0.00352	0.00352
11	0.00713	0.00569	0.00639	0.00666	0.00812	0.00495	0.00482	0.00867	0.01319	0.01662	0.15531	0.24001	0.47159	0.01519	0.00701	0.00204	0.00302	0.01309	0.00555	0.00495
12	0.01711	0.00941	0.03226	0.01036	0.01349	0.00852	0.03990	0.02027	0.04851	0.35699	0.25824	0.06945	0.02813	0.00937	0.00702	0.00190	0.04708	0.00794	0.00622	0.00784
13	0.01179	0.02934	0.73187	0.01744	0.05845	0.01352	0.02132	0.01839	0.01232	0.01844	0.01046	0.01237	0.00745	0.00551	0.00554	0.00184	0.00852	0.00434	0.00247	0.00862
14	0.00980	0.00609	0.00796	0.00823	0.00948	0.00553	0.00589	0.01130	0.01258	0.10222	0.12840	0.47776	0.05911	0.05052	0.00804	0.00231	0.00368	0.04397	0.00557	0.04154
15	0.13163	0.00829	0.04211	0.00817	0.00992	0.00780	0.00622	0.01301	0.09727	0.01815	0.11485	0.22832	0.09893	0.17684	0.01113	0.00279	0.00428	0.00998	0.00479	0.00551
16	0.05889	0.04887	0.08229	0.01121	0.01658	0.01078	0.07269	0.07910	0.01362	0.05312	0.01111	0.01263	0.00871	0.00492	0.00477	0.00123	0.00548	0.00405	0.00365	0.49632
17	0.11568	0.58516	0.11566	0.01063	0.01581	0.04515	0.01093	0.01768	0.01179	0.01579	0.00840	0.00974	0.00731	0.00513	0.00398	0.00139	0.00643	0.00328	0.00264	0.00743
18	0.01501	0.01467	0.02180	0.18846	0.42308	0.08101	0.06396	0.08667	0.01456	0.01936	0.01098	0.01433	0.00879	0.00554	0.00580	0.00177	0.00755	0.00517	0.00311	0.00839
19	0.01010	0.00505	0.00758	0.00758	0.00758	0.00505	0.00505	0.00758	0.00758	0.01010	0.01010	0.01768	0.01010	0.02020	0.02273	0.83081	0.00505	0.00505	0.00253	0.00253
20	0.00841	0.00581	0.00720	0.00720	0.00749	0.00610	0.00459	0.00901	0.00871	0.01191	0.01754	0.03372	0.01926	0.58128	0.24137	0.00669	0.00847	0.00782	0.00341	0.00400
21	0.01462	0.46939	0.29215	0.01256	0.01880	0.01926	0.01415	0.06853	0.01307	0.01699	0.00934	0.01071	0.00760	0.00531	0.00452	0.00149	0.00708	0.00368	0.00271	0.00804
22	0.00928	0.00620	0.00757	0.00777	0.00941	0.00555	0.00595	0.01103	0.01339	0.08711	0.11427	0.23543	0.32253	0.01481	0.00710	0.00215	0.00361	0.12574	0.00566	0.00546
23	0.43723	0.01251	0.01111	0.00943	0.01306	0.04606	0.00765	0.18686	0.05334	0.06046	0.01503	0.01545	0.06126	0.00672	0.00466	0.00177	0.00504	0.00470	0.04030	0.00734
24	0.01084	0.00578	0.00659	0.00642	0.00787	0.00556	0.00480	0.01336	0.01333	0.06779	0.18677	0.10225	0.02620	0.00908	0.00514	0.00159	0.00292	0.00769	0.51038	0.00565
25	0.00723	0.00534	0.00676	0.00759	0.00837	0.00488	0.00524	0.00859	0.01234	0.01632	0.15011	0.54638	0.16630	0.01662	0.00724	0.00221	0.00320	0.01485	0.00556	0.00488
26	0.00875	0.00644	0.00789	0.00766	0.00911	0.00615	0.00574	0.01057	0.01373	0.05672	0.26865	0.18978	0.30448	0.01380	0.00778	0.00203	0.05801	0.01170	0.00561	0.00542
27	0.00720	0.00518	0.00683	0.00801	0.00849	0.00482	0.00544	0.00838	0.01162	0.01551	0.08308	0.69981	0.06631	0.01761	0.00737	0.00232	0.00335	0.02842	0.00547	0.00479
28	0.01499	0.07263	0.28606	0.01733	0.08700	0.03627	0.11446	0.18377	0.03661	0.02194	0.01217	0.01504	0.00952	0.05810	0.00727	0.00203	0.00769	0.00519	0.00352	0.00840
29	0.01537	0.72204	0.03085	0.01138	0.01645	0.02219	0.08161	0.01753	0.01200	0.01417	0.00845	0.00995	0.00760	0.00497	0.00404	0.00131	0.00657	0.00348	0.00253	0.00750
30	0.04714	0.00974	0.01188	0.00899	0.01338	0.00794	0.03025	0.01398	0.01190	0.01859	0.03363	0.01640	0.04936	0.00949	0.08995	0.00196	0.00563	0.00450	0.00358	0.61171
31	0.09768	0.00985	0.01257	0.01194	0.07807	0.00979	0.04084	0.08869	0.06614	0.17465	0.13513	0.05279	0.14589	0.01001	0.02511	0.00204	0.00492	0.00770	0.01874	0.00746
32	0.01335	0.01303	0.01667	0.13147	0.12510	0.10377	0.03193	0.04762	0.01233	0.02778	0.01385	0.15527	0.01380	0.00987	0.02000	0.00220	0.24467	0.00712	0.00341	0.00677
33	0.37566	0.05749	0.04043	0.03435	0.10410	0.19475	0.06369	0.03515	0.01276	0.02093	0.00918	0.01108	0.00733	0.00551	0.00466	0.00171	0.00695	0.00394	0.00325	0.00708
34	0.00854	0.00615	0.00688	0.00662	0.00856	0.00529	0.00499	0.01032	0.01411	0.06989	0.21061	0.08399	0.51575	0.01372	0.00682	0.00194	0.00306	0.01162	0.00575	0.00538
35	0.01458	0.01702	0.16100	0.06049	0.03053	0.09605	0.02767	0.13731	0.07480	0.02050	0.01369	0.06603	0.01156	0.00786	0.00819	0.00193	0.15510	0.00577	0.08238	0.00754
36	0.00752	0.00560	0.00723	0.00802	0.00856	0.00545	0.00551	0.00868	0.01156	0.01546	0.10332	0.56721	0.10027	0.07155	0.00939	0.00251	0.03762	0.01450	0.00524	0.00480
37	0.01272	0.02068	0.32156	0.04005	0.07442	0.01462	0.27138	0.01766	0.01230	0.01773	0.01049	0.01377	0.00805	0.00603	0.00817	0.00199	0.13234	0.00540	0.00267	0.00796
38	0.01503	0.01159	0.01238	0.01108	0.01413	0.04126	0.00866	0.03499	0.48771	0.11007	0.12002	0.04279	0.02278	0.00877	0.00611	0.00195	0.00464	0.03160	0.00599	0.00847
39	0.00856	0.00621	0.00837	0.00796	0.00853	0.00621	0.04447	0.00937	0.00969	0.01315	0.06807	0.12130	0.02389	0.52284	0.11232	0.00525	0.00659	0.00916	0.00385	0.00422
40	0.05255	0.01362	0.01428	0.01213	0.01586	0.01551	0.00965	0.25032	0.49288	0.02823	0.01998	0.01876	0.01481	0.00750	0.00579	0.00189	0.00516	0.00601	0.00579	0.00929
41	0.01363	0.01633	0.06716	0.02415	0.03016	0.01465	0.70604	0.01862	0.01366	0.01862	0.01171	0.01553	0.00876	0.00493	0.00680	0.00196	0.00975	0.00675	0.00292	0.00788
42	0.06340	0.00929	0.01186	0.01005	0.01362	0.00845	0.00831	0.05209	0.01506	0.37719	0.02240	0.07535	0.01878	0.00939	0.00611	0.00191	0.00490	0.16830	0.00591	0.11764
43	0.01440	0.01147	0.01241	0.01109	0.01419	0.01284	0.00862	0.06424	0.55485	0.06449	0.07654	0.05761	0.05387	0.00884	0.00608	0.00196	0.00446	0.00743	0.00597	0.00863
44	0.01184	0.01264	0.10633	0.04991	0.01650	0.00869	0.00930	0.01501	0.01212	0.01860	0.01123	0.01458	0.00949	0.00505	0.00470	0.00112	0.00507	0.03468	0.00336	0.64977
45	0.00765	0.00587	0.00700	0.00683	0.00836	0.00522	0.00508	0.00980	0.01491	0.01992	0.44798	0.09635	0.31725	0.01336	0.00690	0.00191	0.00286	0.01156	0.00596	0.00522
46	0.05838	0.01035	0.01199	0.00871	0.01374	0.00811	0.00701	0.01599	0.01235	0.08540	0.01133	0.01260	0.00900	0.00462	0.00440	0.00100	0.00437	0.00364	0.00379	0.71321
47	0.01594	0.01028	0.01266	0.01214	0.06561	0.01045	0.00869	0.19557	0.09084	0.17109	0.02343	0.28542	0.03348	0.01094	0.00637	0.00198	0.00482	0.00947	0.00570	0.02513
48	0.01466	0.05847	0.35221	0.01611	0.02252	0.04605	0.15680	0.01936	0.01312	0.11556	0.01202	0.01371	0.00871	0.00571	0.00622	0.00176	0.04279	0.00488	0.00329	0.08603
49	0.01045	0.00684	0.00901	0.00844	0.00989	0.00705	0.00641	0.01209	0.01193	0.10434	0.13913	0.05215	0.16467	0.11187	0.24181	0.02798	0.05737	0.00842	0.00460	0.00554
50	0.00800	0.00594	0.00745	0.00707	0.00855	0.00539	0.00530	0.01053	0.01591	0.02202	0.63725	0.04558	0.17472	0.01237	0.00686	0.00185	0.00278	0.01082	0.00623	0.00539
51	0.01596	0.01317	0.06556	0.01439	0.01847	0.03307	0.18387	0.04593	0.20206	0.18462	0.02042	0.14147	0.01696	0.00843	0.00632	0.00196	0.00621	0.00780	0.00510	0.00823
52	0.01500	0.01363	0.07327	0.06857	0.11325	0.01219	0.27805	0.04211	0.04919	0.14166	0.01665	0.10004	0.01392	0.00735	0.00642	0.00195	0.00727	0.02728	0.00414	0.00804
53	0.02327	0.00929	0.01251	0.00995	0.01398	0.00806	0.00816	0.02543	0.01606	0.64907	0.02630	0.05106	0.07193	0.00853	0.00607	0.00187	0.00476	0.03764	0.00692	0.00915
54	0.01398	0.01561	0.08177	0.11397	0.08232	0.01401	0.51079	0.01864	0.01350	0.05890	0.01205	0.01556	0.00893	0.00520	0.00651	0.00192	0.00900	0.00631	0.00309	0.00794
55	0.01752	0.14148	0.23658	0.03313	0.02024	0.07630	0.06455	0.13325	0.03831	0.15451	0.01335	0.01400	0.00957	0.00606	0.00542	0.00171	0.00725	0.00478	0.01342	0.00858
56	0.01509	0.13311	0.03326	0.05835	0.03591	0.01224	0.09491	0.11964	0.01491	0.13753	0.01885	0.20144	0.01766	0.01971	0.00629	0.00192	0.00577	0.02571	0.04030	0.00740
57	0.01446	0.01249	0.01315	0.01183	0.01512	0.01446	0.00920	0.03090	0.74885	0.02433	0.02367	0.02170	0.01775	0.00789	0.00592	0.00197	0.00460	0.00657	0.00592	0.00920

[dist]
# distance from previous block
# <min> <max>
5	7

[block]
# block no. 6 follows, 40 sequences, length 14
# corresponding to MSA columns:
# 851-864
name=unknown_G
#
# <colnr> <probs for GDERKNQSTAVLIFYWHMCP>
#	G	D	E	R	K	N	Q	S	T	A	V	L	I	F	Y	W	H	M	C	P
0	0.01206	0.06244	0.03606	0.01148	0.04505	0.00897	0.08292	0.06949	0.01049	0.01402	0.01050	0.01629	0.00965	0.01540	0.01715	0.55967	0.00592	0.00510	0.00285	0.00449
1	0.01933	0.04832	0.01561	0.01194	0.01590	0.01516	0.00973	0.43472	0.14051	0.10439	0.01783	0.07889	0.01401	0.00796	0.00581	0.00180	0.00557	0.00634	0.03709	0.00908
2	0.83671	0.01125	0.00855	0.00765	0.01125	0.01305	0.00630	0.01709	0.00990	0.02609	0.00810	0.00945	0.00630	0.00540	0.00360	0.00180	0.00450	0.00315	0.00360	0.00630
3	0.00737	0.00524	0.00691	0.00797	0.00832	0.00506	0.00530	0.00834	0.01062	0.01425	0.02883	0.62622	0.03413	0.12489	0.07433	0.00339	0.00470	0.01459	0.00496	0.00460
4	0.04514	0.01176	0.01424	0.01228	0.04921	0.03080	0.02235	0.23730	0.01850	0.32337	0.02078	0.14060	0.02954	0.00880	0.00604	0.00187	0.00540	0.00733	0.00597	0.00872
5	0.00847	0.00619	0.00779	0.00736	0.00870	0.00586	0.00541	0.01148	0.04657	0.02192	0.62822	0.04245	0.07552	0.08800	0.00903	0.00221	0.00311	0.01021	0.00606	0.00543
6	0.01486	0.01278	0.01383	0.01222	0.01534	0.01499	0.00962	0.07942	0.63815	0.02436	0.02169	0.02043	0.01638	0.00801	0.00698	0.00200	0.06793	0.00636	0.00564	0.00902
7	0.00781	0.00580	0.00677	0.00670	0.00819	0.00519	0.00496	0.00989	0.01438	0.01945	0.35999	0.11926	0.31939	0.01319	0.00670	0.00189	0.00288	0.01137	0.07104	0.00519
8	0.75792	0.01111	0.00903	0.00791	0.01160	0.01261	0.00652	0.01819	0.01055	0.09775	0.00954	0.01045	0.00708	0.00557	0.00382	0.00180	0.00454	0.00341	0.00395	0.00665
9	0.01622	0.02168	0.35380	0.01606	0.02238	0.01481	0.10691	0.23171	0.01708	0.08392	0.01251	0.01383	0.00888	0.00625	0.00650	0.00186	0.04777	0.00506	0.00390	0.00887
10	0.00883	0.00600	0.00744	0.00732	0.00883	0.00538	0.00540	0.01083	0.01447	0.06959	0.36579	0.20908	0.23193	0.01370	0.00692	0.00198	0.00308	0.01198	0.00597	0.00547
11	0.00921	0.00625	0.00797	0.00850	0.00998	0.00577	0.00673	0.01114	0.01328	0.06774	0.09575	0.23225	0.22862	0.01529	0.00733	0.00228	0.00400	0.25692	0.00559	0.00540
12	0.12259	0.01649	0.26842	0.05161	0.01857	0.01067	0.01275	0.02086	0.01350	0.30386	0.01702	0.09072	0.01296	0.00740	0.00560	0.00188	0.00612	0.00598	0.00471	0.00831
13	0.12081	0.04427	0.09903	0.16780	0.13029	0.05714	0.03936	0.05303	0.07314	0.11055	0.01282	0.01452	0.00950	0.00592	0.00537	0.00176	0.00669	0.00485	0.00379	0.03937

[dist]
# distance from previous block
# <min> <max>
0	2

[block]
# block no. 7 follows, 40 sequences, length 34
# corresponding to MSA columns:
# 867-900
name=unknown_H
#
# <colnr> <probs for GDERKNQSTAVLIFYWHMCP>
#	G	D	E	R	K	N	Q	S	T	A	V	L	I	F	Y	W	H	M	C	P
0	0.01046	0.07723	0.01168	0.00907	0.01158	0.00824	0.02488	0.04839	0.01243	0.02671	0.04169	0.38014	0.02445	0.03482	0.02501	0.00205	0.00455	0.01017	0.00451	0.23193
1	0.14258	0.01666	0.01748	0.08242	0.03818	0.24348	0.11509	0.01799	0.01261	0.01726	0.00993	0.01306	0.00823	0.00755	0.02752	0.00205	0.16276	0.00470	0.05379	0.00667
2	0.00931	0.07645	0.01032	0.00801	0.00989	0.00822	0.00632	0.01269	0.07046	0.02060	0.46196	0.03967	0.18174	0.01144	0.00713	0.00185	0.04279	0.00963	0.00563	0.00587
3	0.10932	0.01403	0.01363	0.01105	0.01486	0.09820	0.00886	0.22191	0.07777	0.02406	0.01615	0.01683	0.07502	0.00699	0.00613	0.00159	0.05904	0.00510	0.00440	0.21507
4	0.01307	0.08146	0.01959	0.23118	0.04503	0.03579	0.05798	0.01548	0.01079	0.03603	0.00950	0.01390	0.00818	0.00886	0.03551	0.00236	0.36076	0.00507	0.00275	0.00674
5	0.14929	0.01365	0.01291	0.01128	0.01464	0.07865	0.00887	0.14475	0.38372	0.02528	0.05043	0.01890	0.02777	0.00776	0.00593	0.02164	0.00529	0.00579	0.00521	0.00824
6	0.01418	0.47320	0.25341	0.01409	0.04654	0.01911	0.07323	0.01783	0.01216	0.01572	0.00920	0.01093	0.00761	0.00514	0.00461	0.00150	0.00726	0.00385	0.00253	0.00790
7	0.01010	0.00505	0.00758	0.00758	0.00758	0.00505	0.00505	0.00758	0.00758	0.01010	0.01010	0.01768	0.01010	0.02020	0.02273	0.83081	0.00505	0.00505	0.00253	0.00253
8	0.01280	0.01313	0.02088	0.06422	0.01962	0.01693	0.14865	0.01491	0.00998	0.01491	0.00857	0.01345	0.00786	0.00892	0.01598	0.00240	0.59208	0.00543	0.00262	0.00664
9	0.04522	0.01418	0.14351	0.05796	0.09858	0.01204	0.08759	0.06937	0.01359	0.07358	0.06100	0.05394	0.04902	0.02934	0.02835	0.00229	0.09610	0.05304	0.00393	0.00737
10	0.02103	0.01135	0.07870	0.01067	0.01489	0.00912	0.00935	0.05045	0.05641	0.50748	0.09636	0.06113	0.01939	0.00824	0.00604	0.00185	0.00501	0.01709	0.00646	0.00897
11	0.00860	0.00594	0.00738	0.00780	0.00855	0.00579	0.00533	0.03273	0.01134	0.03400	0.04963	0.37629	0.09386	0.23004	0.07120	0.00370	0.00505	0.03316	0.00480	0.00479
12	0.10607	0.01152	0.01179	0.01068	0.01365	0.01324	0.00821	0.02682	0.57713	0.02329	0.02130	0.02176	0.01667	0.07677	0.00768	0.00226	0.00462	0.00632	0.03197	0.00826
13	0.77507	0.01163	0.00922	0.00808	0.01176	0.01342	0.00666	0.07179	0.01122	0.02689	0.00854	0.00979	0.00657	0.00552	0.00377	0.00180	0.00464	0.00331	0.00377	0.00657
14	0.00852	0.00608	0.00793	0.00829	0.00961	0.00577	0.00661	0.01098	0.01448	0.01988	0.35476	0.11651	0.10431	0.01382	0.00716	0.00215	0.00368	0.24670	0.04743	0.00532
15	0.10699	0.01587	0.01626	0.01283	0.01706	0.04663	0.01052	0.57165	0.06295	0.03318	0.01344	0.01372	0.00976	0.00694	0.00605	0.00178	0.03476	0.00502	0.00536	0.00922
16	0.01100	0.05864	0.01780	0.64377	0.03544	0.01287	0.03616	0.01453	0.01166	0.01490	0.01215	0.08333	0.01046	0.00683	0.00586	0.00193	0.00733	0.00609	0.00284	0.00641
17	0.01331	0.01153	0.01864	0.51103	0.08718	0.01363	0.05575	0.07091	0.01312	0.06308	0.01127	0.01534	0.00848	0.00627	0.00704	0.00195	0.07581	0.00530	0.00315	0.00720
18	0.01330	0.18389	0.31983	0.01838	0.02514	0.01596	0.30645	0.01829	0.01276	0.01752	0.01048	0.01303	0.00797	0.00516	0.00569	0.00177	0.00859	0.00508	0.00266	0.00806
19	0.00965	0.00731	0.00889	0.00928	0.01109	0.00718	0.00770	0.07119	0.03719	0.01851	0.03814	0.10169	0.25977	0.01477	0.00738	0.00233	0.00453	0.37229	0.00543	0.00567
20	0.00708	0.00569	0.00631	0.00659	0.00809	0.00493	0.00478	0.00858	0.01309	0.01634	0.12982	0.23354	0.50428	0.01526	0.00700	0.00205	0.00303	0.01311	0.00551	0.00493
21	0.01184	0.00791	0.01128	0.01030	0.01225	0.00807	0.05927	0.01564	0.10975	0.12794	0.04619	0.23912	0.02298	0.07177	0.21312	0.00426	0.00763	0.00944	0.00486	0.00639
22	0.03361	0.01031	0.01186	0.01040	0.01305	0.01087	0.02642	0.28108	0.06396	0.02476	0.06281	0.23884	0.10505	0.01153	0.00643	0.00199	0.00473	0.03730	0.03787	0.00714
23	0.02575	0.00997	0.01349	0.01039	0.01485	0.00872	0.00857	0.02841	0.03793	0.74190	0.02296	0.01985	0.01449	0.00722	0.00585	0.00180	0.00494	0.00587	0.00716	0.00988
24	0.05336	0.00984	0.01281	0.01019	0.01427	0.00897	0.00829	0.02673	0.08047	0.61592	0.04562	0.05391	0.01670	0.00782	0.00587	0.00184	0.00476	0.00642	0.00685	0.00934
25	0.01360	0.01250	0.02032	0.15114	0.39307	0.01312	0.06682	0.08034	0.04603	0.01962	0.02749	0.03686	0.03001	0.00860	0.05320	0.00228	0.00738	0.00600	0.00343	0.00818
26	0.01889	0.01082	0.01284	0.01063	0.01426	0.01098	0.00856	0.13562	0.21108	0.31169	0.10703	0.02525	0.06033	0.00852	0.00609	0.00187	0.00473	0.02557	0.00641	0.00882
27	0.00712	0.00526	0.00667	0.00768	0.00835	0.00480	0.00524	0.00832	0.01183	0.01554	0.08334	0.62119	0.15889	0.01723	0.00729	0.00226	0.00326	0.01544	0.00546	0.00480
28	0.02609	0.00990	0.01350	0.01035	0.01484	0.00855	0.00855	0.02834	0.01664	0.76338	0.02294	0.01979	0.01439	0.00720	0.00585	0.00180	0.00495	0.00585	0.00720	0.00990
29	0.55717	0.03487	0.01052	0.00902	0.01235	0.06256	0.00728	0.01921	0.13117	0.02363	0.01132	0.01262	0.00896	0.00898	0.06744	0.00241	0.00587	0.00400	0.00387	0.00674
30	0.01025	0.03252	0.07729	0.01083	0.01322	0.00861	0.04564	0.07499	0.04156	0.01834	0.02878	0.29508	0.09757	0.01376	0.00704	0.00224	0.00505	0.20615	0.00498	0.00611
31	0.00831	0.00623	0.00935	0.00935	0.01038	0.00727	0.00727	0.01038	0.00935	0.01350	0.01558	0.02285	0.01454	0.04361	0.77259	0.00935	0.01558	0.00623	0.00312	0.00519
32	0.01303	0.01241	0.02126	0.21792	0.49847	0.01300	0.04447	0.01644	0.01263	0.01755	0.01195	0.04924	0.01045	0.02873	0.00658	0.00193	0.00704	0.00583	0.00294	0.00812
33	0.01550	0.01620	0.02337	0.10272	0.13715	0.15426	0.26634	0.06740	0.01471	0.03633	0.03032	0.03337	0.01053	0.00611	0.00657	0.00181	0.03661	0.00587	0.00335	0.03149

[dist]
# distance from previous block
# <min> <max>
0	40

# created by:
# /home/cegg/simao/soft/augustus-3.2.1/scripts/msa2prfl.pl ./align_prep/EOG091G0FSK.fa
